01/01/2020,ARR,IL,AGL,CE,Towers with Radar,0,1,9,0,10,0,0,59,0,59,0,1,68,0,69,47,0,47,116
01/02/2020,ARR,IL,AGL,CE,Towers with Radar,0,0,2,0,2,0,0,71,0,71,0,0,73,0,73,185,0,185,258
01/03/2020,ARR,IL,AGL,CE,Towers with Radar,0,6,19,0,25,0,0,13,0,13,0,6,32,0,38,127,0,127,165
01/04/2020,ARR,IL,AGL,CE,Towers with Radar,0,1,4,0,5,0,0,24,0,24,0,1,28,0,29,157,0,157,186
01/05/2020,ARR,IL,AGL,CE,Towers with Radar,0,2,12,0,14,0,0,21,0,21,0,2,33,0,35,47,0,47,82
01/06/2020,ARR,IL,AGL,CE,Towers with Radar,0,0,16,0,16,0,0,89,0,89,0,0,105,0,105,194,0,194,299
01/07/2020,ARR,IL,AGL,CE,Towers with Radar,0,1,17,0,18,0,0,63,0,63,0,1,80,0,81,152,0,152,233
01/08/2020,ARR,IL,AGL,CE,Towers with Radar,0,3,9,0,12,0,0,74,0,74,0,3,83,0,86,193,0,193,279
01/09/2020,ARR,IL,AGL,CE,Towers with Radar,0,0,5,0,5,0,0,2,0,2,0,0,7,0,7,4,0,4,11
01/10/2020,ARR,IL,AGL,CE,Towers with Radar,0,0,7,0,7,0,0,0,0,0,0,0,7,0,7,0,0,0,7
01/11/2020,ARR,IL,AGL,CE,Towers with Radar,0,0,1,0,1,0,0,0,0,0,0,0,1,0,1,0,0,0,1
01/12/2020,ARR,IL,AGL,CE,Towers with Radar,0,2,7,0,9,0,0,17,0,17,0,2,24,0,26,74,0,74,100
01/13/2020,ARR,IL,AGL,CE,Towers with Radar,0,1,9,0,10,0,0,16,2,18,0,1,25,2,28,52,0,52,80
01/14/2020,ARR,IL,AGL,CE,Towers with Radar,0,0,16,0,16,0,0,22,0,22,0,0,38,0,38,97,0,97,135
01/15/2020,ARR,IL,AGL,CE,Towers with Radar,0,2,2,0,4,0,0,0,0,0,0,2,2,0,4,0,0,0,4
01/16/2020,ARR,IL,AGL,CE,Towers with Radar,0,2,19,0,21,0,0,82,0,82,0,2,101,0,103,135,0,135,238
01/17/2020,ARR,IL,AGL,CE,Towers with Radar,0,0,9,0,9,0,0,30,0,30,0,0,39,0,39,105,0,105,144
01/18/2020,ARR,IL,AGL,CE,Towers with Radar,0,0,2,0,2,0,0,0,0,0,0,0,2,0,2,0,0,0,2
01/19/2020,ARR,IL,AGL,CE,Towers with Radar,0,0,7,0,7,0,0,25,0,25,0,0,32,0,32,68,0,68,100
01/20/2020,ARR,IL,AGL,CE,Towers with Radar,0,0,15,0,15,0,0,89,0,89,0,0,104,0,104,132,0,132,236
01/21/2020,ARR,IL,AGL,CE,Towers with Radar,0,1,22,0,23,0,0,83,0,83,0,1,105,0,106,210,0,210,316
01/22/2020,ARR,IL,AGL,CE,Towers with Radar,0,5,11,0,16,0,0,81,0,81,0,5,92,0,97,163,0,163,260
01/23/2020,ARR,IL,AGL,CE,Towers with Radar,0,2,9,0,11,0,0,0,0,0,0,2,9,0,11,0,0,0,11
01/24/2020,ARR,IL,AGL,CE,Towers with Radar,0,2,6,0,8,0,0,0,0,0,0,2,6,0,8,0,0,0,8
01/25/2020,ARR,IL,AGL,CE,Towers with Radar,0,2,4,0,6,0,0,0,0,0,0,2,4,0,6,0,0,0,6
01/26/2020,ARR,IL,AGL,CE,Towers with Radar,0,0,11,0,11,0,0,0,0,0,0,0,11,0,11,0,0,0,11
01/27/2020,ARR,IL,AGL,CE,Towers with Radar,0,0,9,0,9,0,0,3,0,3,0,0,12,0,12,76,0,76,88
01/28/2020,ARR,IL,AGL,CE,Towers with Radar,0,1,5,0,6,0,0,0,0,0,0,1,5,0,6,40,0,40,46
01/29/2020,ARR,IL,AGL,CE,Towers with Radar,0,0,13,0,13,0,0,10,0,10,0,0,23,0,23,130,0,130,153
01/30/2020,ARR,IL,AGL,CE,Towers with Radar,0,1,21,0,22,0,0,46,0,46,0,1,67,0,68,149,0,149,217
01/31/2020,ARR,IL,AGL,CE,Towers with Radar,0,1,7,0,8,0,0,2,0,2,0,1,9,0,10,64,0,64,74
02/01/2020,ARR,IL,AGL,CE,Towers with Radar,0,0,7,0,7,0,0,2,0,2,0,0,9,0,9,36,0,36,45
02/02/2020,ARR,IL,AGL,CE,Towers with Radar,0,0,11,0,11,0,0,76,0,76,0,0,87,0,87,135,0,135,222
02/03/2020,ARR,IL,AGL,CE,Towers with Radar,0,0,19,0,19,0,0,120,0,120,0,0,139,0,139,194,0,194,333
02/04/2020,ARR,IL,AGL,CE,Towers with Radar,0,4,11,0,15,0,0,21,0,21,0,4,32,0,36,30,0,30,66
02/05/2020,ARR,IL,AGL,CE,Towers with Radar,0,4,12,0,16,0,0,52,0,52,0,4,64,0,68,109,0,109,177
02/06/2020,ARR,IL,AGL,CE,Towers with Radar,0,1,11,0,12,0,0,10,0,10,0,1,21,0,22,64,0,64,86
02/07/2020,ARR,IL,AGL,CE,Towers with Radar,0,1,17,0,18,0,0,83,0,83,0,1,100,0,101,218,0,218,319
02/08/2020,ARR,IL,AGL,CE,Towers with Radar,0,4,13,0,17,0,0,102,0,102,0,4,115,0,119,198,0,198,317
02/09/2020,ARR,IL,AGL,CE,Towers with Radar,0,4,6,0,10,0,0,3,0,3,0,4,9,0,13,8,0,8,21
02/10/2020,ARR,IL,AGL,CE,Towers with Radar,0,0,11,0,11,0,0,21,0,21,0,0,32,0,32,93,0,93,125
02/11/2020,ARR,IL,AGL,CE,Towers with Radar,0,3,13,0,16,0,0,93,0,93,0,3,106,0,109,178,0,178,287
02/12/2020,ARR,IL,AGL,CE,Towers with Radar,0,5,8,0,13,0,0,39,0,39,0,5,47,0,52,108,0,108,160
02/13/2020,ARR,IL,AGL,CE,Towers with Radar,0,0,7,0,7,0,0,0,0,0,0,0,7,0,7,0,0,0,7
02/14/2020,ARR,IL,AGL,CE,Towers with Radar,0,0,16,0,16,0,0,65,0,65,0,0,81,0,81,125,0,125,206
02/15/2020,ARR,IL,AGL,CE,Towers with Radar,0,1,8,0,9,0,0,8,0,8,0,1,16,0,17,17,0,17,34
02/16/2020,ARR,IL,AGL,CE,Towers with Radar,0,2,8,0,10,0,0,105,0,105,0,2,113,0,115,204,0,204,319
02/17/2020,ARR,IL,AGL,CE,Towers with Radar,0,0,21,0,21,0,0,9,0,9,0,0,30,0,30,18,0,18,48
02/18/2020,ARR,IL,AGL,CE,Towers with Radar,0,0,11,0,11,0,0,41,0,41,0,0,52,0,52,62,0,62,114
02/19/2020,ARR,IL,AGL,CE,Towers with Radar,0,0,17,0,17,0,0,70,0,70,0,0,87,0,87,153,0,153,240
02/20/2020,ARR,IL,AGL,CE,Towers with Radar,0,1,13,0,14,0,0,69,0,69,0,1,82,0,83,174,0,174,257
02/21/2020,ARR,IL,AGL,CE,Towers with Radar,0,1,20,0,21,0,1,103,0,104,0,2,123,0,125,104,0,104,229
02/22/2020,ARR,IL,AGL,CE,Towers with Radar,0,2,10,0,12,0,0,132,0,132,0,2,142,0,144,183,0,183,327
02/23/2020,ARR,IL,AGL,CE,Towers with Radar,0,1,14,0,15,0,0,139,0,139,0,1,153,0,154,150,0,150,304
02/24/2020,ARR,IL,AGL,CE,Towers with Radar,0,2,21,0,23,0,0,39,0,39,0,2,60,0,62,74,0,74,136
02/25/2020,ARR,IL,AGL,CE,Towers with Radar,0,0,9,0,9,0,0,0,0,0,0,0,9,0,9,0,0,0,9
02/26/2020,ARR,IL,AGL,CE,Towers with Radar,0,3,10,0,13,0,0,3,0,3,0,3,13,0,16,22,0,22,38
02/27/2020,ARR,IL,AGL,CE,Towers with Radar,0,1,11,0,12,0,0,46,0,46,0,1,57,0,58,168,0,168,226
02/28/2020,ARR,IL,AGL,CE,Towers with Radar,0,1,14,0,15,0,0,54,0,54,0,1,68,0,69,112,0,112,181
02/29/2020,ARR,IL,AGL,CE,Towers with Radar,0,0,13,0,13,0,0,118,0,118,0,0,131,0,131,190,0,190,321
03/01/2020,ARR,IL,AGL,CE,Towers with Radar,0,0,11,0,11,0,0,36,0,36,0,0,47,0,47,77,0,77,124
03/02/2020,ARR,IL,AGL,CE,Towers with Radar,0,2,12,0,14,0,0,66,0,66,0,2,78,0,80,188,0,188,268
03/03/2020,ARR,IL,AGL,CE,Towers with Radar,0,4,15,0,19,0,0,36,0,36,0,4,51,0,55,98,0,98,153
03/04/2020,ARR,IL,AGL,CE,Towers with Radar,0,1,18,0,19,0,0,67,0,67,0,1,85,0,86,180,0,180,266
03/05/2020,ARR,IL,AGL,CE,Towers with Radar,0,2,9,0,11,0,0,16,0,16,0,2,25,0,27,14,0,14,41
03/06/2020,ARR,IL,AGL,CE,Towers with Radar,0,1,7,0,8,0,0,18,0,18,0,1,25,0,26,72,0,72,98
03/07/2020,ARR,IL,AGL,CE,Towers with Radar,0,0,9,0,9,0,0,96,0,96,0,0,105,0,105,144,0,144,249
03/08/2020,ARR,IL,AGL,CE,Towers with Radar,0,3,16,0,19,0,0,41,0,41,0,3,57,0,60,60,0,60,120
03/09/2020,ARR,IL,AGL,CE,Towers with Radar,0,1,21,0,22,0,0,1,0,1,0,1,22,0,23,0,0,0,23
03/10/2020,ARR,IL,AGL,CE,Towers with Radar,0,0,18,0,18,0,0,38,0,38,0,0,56,0,56,145,0,145,201
03/11/2020,ARR,IL,AGL,CE,Towers with Radar,0,3,26,0,29,0,0,3,0,3,0,3,29,0,32,24,0,24,56
03/12/2020,ARR,IL,AGL,CE,Towers with Radar,0,0,35,0,35,0,0,6,0,6,0,0,41,0,41,23,0,23,64
03/13/2020,ARR,IL,AGL,CE,Towers with Radar,0,0,17,0,17,0,1,66,0,67,0,1,83,0,84,58,0,58,142
03/14/2020,ARR,IL,AGL,CE,Towers with Radar,0,0,12,0,12,0,0,27,0,27,0,0,39,0,39,29,0,29,68
03/15/2020,ARR,IL,AGL,CE,Towers with Radar,0,1,18,0,19,0,0,84,0,84,0,1,102,0,103,149,0,149,252
03/16/2020,ARR,IL,AGL,CE,Towers with Radar,0,6,14,0,20,0,0,4,0,4,0,6,18,0,24,12,0,12,36
03/17/2020,ARR,IL,AGL,CE,Towers with Radar,0,0,18,0,18,0,0,147,0,147,0,0,165,0,165,269,0,269,434
03/18/2020,ARR,IL,AGL,CE,Towers with Radar,0,2,18,0,20,0,0,14,0,14,0,2,32,0,34,83,0,83,117
03/19/2020,ARR,IL,AGL,CE,Towers with Radar,0,0,11,0,11,0,0,0,0,0,0,0,11,0,11,0,0,0,11
03/20/2020,ARR,IL,AGL,CE,Towers with Radar,0,5,11,0,16,0,0,22,0,22,0,5,33,0,38,30,0,30,68
03/21/2020,ARR,IL,AGL,CE,Towers with Radar,0,2,11,0,13,0,0,98,0,98,0,2,109,0,111,132,0,132,243
03/22/2020,ARR,IL,AGL,CE,Towers with Radar,0,1,10,0,11,0,0,37,0,37,0,1,47,0,48,136,0,136,184
03/23/2020,ARR,IL,AGL,CE,Towers with Radar,0,4,11,0,15,0,0,7,0,7,0,4,18,0,22,38,0,38,60
03/24/2020,ARR,IL,AGL,CE,Towers with Radar,0,0,9,0,9,0,0,24,0,24,0,0,33,0,33,63,0,63,96
03/25/2020,ARR,IL,AGL,CE,Towers with Radar,0,1,14,0,15,0,0,16,0,16,0,1,30,0,31,44,0,44,75
03/26/2020,ARR,IL,AGL,CE,Towers with Radar,0,1,10,0,11,0,0,5,0,5,0,1,15,0,16,2,0,2,18
03/27/2020,ARR,IL,AGL,CE,Towers with Radar,0,2,11,0,13,0,0,9,0,9,0,2,20,0,22,67,0,67,89
03/28/2020,ARR,IL,AGL,CE,Towers with Radar,0,2,7,0,9,0,0,0,0,0,0,2,7,0,9,0,0,0,9
03/29/2020,ARR,IL,AGL,CE,Towers with Radar,0,2,3,0,5,0,0,2,0,2,0,2,5,0,7,0,0,0,7
03/30/2020,ARR,IL,AGL,CE,Towers with Radar,0,0,8,0,8,0,0,78,0,78,0,0,86,0,86,182,0,182,268
03/31/2020,ARR,IL,AGL,CE,Towers with Radar,0,3,5,0,8,0,0,30,0,30,0,3,35,0,38,135,0,135,173
04/01/2020,ARR,IL,AGL,CE,Towers with Radar,0,2,8,0,10,0,0,65,0,65,0,2,73,0,75,105,0,105,180
04/02/2020,ARR,IL,AGL,CE,Towers with Radar,0,3,5,0,8,0,0,50,0,50,0,3,55,0,58,116,0,116,174
04/03/2020,ARR,IL,AGL,CE,Towers with Radar,0,1,7,0,8,0,0,64,0,64,0,1,71,0,72,104,0,104,176
04/04/2020,ARR,IL,AGL,CE,Towers with Radar,0,0,10,0,10,0,0,23,0,23,0,0,33,0,33,92,0,92,125
04/05/2020,ARR,IL,AGL,CE,Towers with Radar,0,1,11,0,12,0,0,108,0,108,0,1,119,0,120,160,0,160,280
04/06/2020,ARR,IL,AGL,CE,Towers with Radar,0,0,3,0,3,0,0,39,0,39,0,0,42,0,42,58,0,58,100
04/07/2020,ARR,IL,AGL,CE,Towers with Radar,0,2,1,0,3,0,0,38,0,38,0,2,39,0,41,108,0,108,149
04/08/2020,ARR,IL,AGL,CE,Towers with Radar,0,0,9,0,9,0,0,36,0,36,0,0,45,0,45,81,0,81,126
04/09/2020,ARR,IL,AGL,CE,Towers with Radar,0,0,5,0,5,0,0,13,0,13,0,0,18,0,18,7,0,7,25
04/10/2020,ARR,IL,AGL,CE,Towers with Radar,0,0,10,0,10,0,0,90,0,90,0,0,100,0,100,153,0,153,253
04/11/2020,ARR,IL,AGL,CE,Towers with Radar,0,0,3,0,3,0,0,57,0,57,0,0,60,0,60,122,0,122,182
04/12/2020,ARR,IL,AGL,CE,Towers with Radar,0,0,0,0,0,0,1,22,0,23,0,1,22,0,23,67,0,67,90
04/13/2020,ARR,IL,AGL,CE,Towers with Radar,0,0,3,0,3,0,0,3,0,3,0,0,6,0,6,4,0,4,10
04/14/2020,ARR,IL,AGL,CE,Towers with Radar,0,2,1,0,3,0,0,45,0,45,0,2,46,0,48,50,0,50,98
04/15/2020,ARR,IL,AGL,CE,Towers with Radar,0,1,3,0,4,0,0,36,0,36,0,1,39,0,40,156,0,156,196
04/16/2020,ARR,IL,AGL,CE,Towers with Radar,0,0,3,0,3,0,0,92,0,92,0,0,95,0,95,133,0,133,228
04/17/2020,ARR,IL,AGL,CE,Towers with Radar,0,4,9,0,13,0,0,20,0,20,0,4,29,0,33,38,0,38,71
04/18/2020,ARR,IL,AGL,CE,Towers with Radar,0,1,7,0,8,0,0,51,0,51,0,1,58,0,59,49,0,49,108
04/19/2020,ARR,IL,AGL,CE,Towers with Radar,0,0,6,0,6,0,0,100,0,100,0,0,106,0,106,190,0,190,296
04/20/2020,ARR,IL,AGL,CE,Towers with Radar,0,0,7,0,7,0,0,53,0,53,0,0,60,0,60,34,0,34,94
04/21/2020,ARR,IL,AGL,CE,Towers with Radar,0,0,6,0,6,0,0,58,0,58,0,0,64,0,64,156,0,156,220
04/22/2020,ARR,IL,AGL,CE,Towers with Radar,0,0,8,0,8,0,0,52,0,52,0,0,60,0,60,193,0,193,253
04/23/2020,ARR,IL,AGL,CE,Towers with Radar,0,2,23,0,25,0,0,10,0,10,0,2,33,0,35,116,0,116,151
04/24/2020,ARR,IL,AGL,CE,Towers with Radar,0,0,13,0,13,0,0,12,0,12,0,0,25,0,25,132,0,132,157
04/25/2020,ARR,IL,AGL,CE,Towers with Radar,0,0,23,0,23,0,0,6,0,6,0,0,29,0,29,10,0,10,39
04/26/2020,ARR,IL,AGL,CE,Towers with Radar,0,2,12,0,14,0,0,142,0,142,0,2,154,0,156,208,0,208,364
04/27/2020,ARR,IL,AGL,CE,Towers with Radar,0,0,7,0,7,0,0,46,0,46,0,0,53,0,53,24,0,24,77
04/28/2020,ARR,IL,AGL,CE,Towers with Radar,0,0,6,0,6,0,0,58,0,58,0,0,64,0,64,80,0,80,144
04/29/2020,ARR,IL,AGL,CE,Towers with Radar,0,0,19,0,19,0,0,0,0,0,0,0,19,0,19,0,0,0,19
04/30/2020,ARR,IL,AGL,CE,Towers with Radar,0,0,6,0,6,0,0,29,0,29,0,0,35,0,35,52,0,52,87
05/01/2020,ARR,IL,AGL,CE,Towers with Radar,0,0,11,0,11,0,0,116,0,116,0,0,127,0,127,240,0,240,367
05/02/2020,ARR,IL,AGL,CE,Towers with Radar,0,4,11,0,15,0,0,87,0,87,0,4,98,0,102,216,0,216,318
05/03/2020,ARR,IL,AGL,CE,Towers with Radar,0,2,17,0,19,0,0,124,0,124,0,2,141,0,143,88,0,88,231
05/04/2020,ARR,IL,AGL,CE,Towers with Radar,0,0,10,0,10,0,0,73,0,73,0,0,83,0,83,106,0,106,189
05/05/2020,ARR,IL,AGL,CE,Towers with Radar,0,2,8,0,10,0,0,8,0,8,0,2,16,0,18,0,0,0,18
05/06/2020,ARR,IL,AGL,CE,Towers with Radar,0,4,12,0,16,0,0,118,0,118,0,4,130,0,134,138,0,138,272
05/07/2020,ARR,IL,AGL,CE,Towers with Radar,0,1,20,0,21,0,0,114,0,114,0,1,134,0,135,81,0,81,216
05/08/2020,ARR,IL,AGL,CE,Towers with Radar,0,0,7,0,7,0,0,50,0,50,0,0,57,0,57,46,0,46,103
05/09/2020,ARR,IL,AGL,CE,Towers with Radar,0,2,10,0,12,0,0,143,0,143,0,2,153,0,155,126,0,126,281
05/10/2020,ARR,IL,AGL,CE,Towers with Radar,0,0,8,0,8,0,0,3,0,3,0,0,11,0,11,16,0,16,27
05/11/2020,ARR,IL,AGL,CE,Towers with Radar,0,1,12,0,13,0,0,94,0,94,0,1,106,0,107,82,0,82,189
05/12/2020,ARR,IL,AGL,CE,Towers with Radar,0,1,17,0,18,0,0,118,0,118,0,1,135,0,136,174,0,174,310
05/13/2020,ARR,IL,AGL,CE,Towers with Radar,0,1,7,0,8,0,0,77,0,77,0,1,84,0,85,107,0,107,192
05/14/2020,ARR,IL,AGL,CE,Towers with Radar,0,0,6,0,6,0,0,3,0,3,0,0,9,0,9,0,0,0,9
05/15/2020,ARR,IL,AGL,CE,Towers with Radar,0,1,19,0,20,0,0,59,0,59,0,1,78,0,79,83,0,83,162
05/16/2020,ARR,IL,AGL,CE,Towers with Radar,0,1,8,0,9,0,0,116,0,116,0,1,124,0,125,155,0,155,280
05/17/2020,ARR,IL,AGL,CE,Towers with Radar,0,0,2,0,2,0,0,0,0,0,0,0,2,0,2,0,0,0,2
05/18/2020,ARR,IL,AGL,CE,Towers with Radar,0,4,15,0,19,0,0,14,0,14,0,4,29,0,33,24,0,24,57
05/19/2020,ARR,IL,AGL,CE,Towers with Radar,0,0,25,0,25,0,0,0,0,0,0,0,25,0,25,0,0,0,25
05/20/2020,ARR,IL,AGL,CE,Towers with Radar,0,1,15,0,16,0,0,99,0,99,0,1,114,0,115,191,0,191,306
05/21/2020,ARR,IL,AGL,CE,Towers with Radar,0,2,13,0,15,0,0,89,0,89,0,2,102,0,104,275,0,275,379
05/22/2020,ARR,IL,AGL,CE,Towers with Radar,0,1,24,0,25,0,0,65,0,65,0,1,89,0,90,139,0,139,229
05/23/2020,ARR,IL,AGL,CE,Towers with Radar,0,2,6,0,8,0,0,63,0,63,0,2,69,0,71,120,0,120,191
05/24/2020,ARR,IL,AGL,CE,Towers with Radar,0,1,17,0,18,0,0,91,0,91,0,1,108,0,109,160,0,160,269
05/25/2020,ARR,IL,AGL,CE,Towers with Radar,0,0,11,0,11,0,0,47,0,47,0,0,58,0,58,132,0,132,190
05/26/2020,ARR,IL,AGL,CE,Towers with Radar,0,1,13,0,14,0,0,66,0,66,0,1,79,0,80,138,0,138,218
05/27/2020,ARR,IL,AGL,CE,Towers with Radar,0,5,9,0,14,0,0,84,0,84,0,5,93,0,98,134,0,134,232
05/28/2020,ARR,IL,AGL,CE,Towers with Radar,0,4,23,0,27,0,0,25,0,25,0,4,48,0,52,51,0,51,103
05/29/2020,ARR,IL,AGL,CE,Towers with Radar,0,3,10,0,13,0,0,127,0,127,0,3,137,0,140,130,0,130,270
05/30/2020,ARR,IL,AGL,CE,Towers with Radar,0,3,9,0,12,0,0,126,0,126,0,3,135,0,138,152,0,152,290
05/31/2020,ARR,IL,AGL,CE,Towers with Radar,0,2,21,0,23,0,0,118,0,118,0,2,139,0,141,161,0,161,302
06/01/2020,ARR,IL,AGL,CE,Towers with Radar,0,0,12,0,12,0,0,43,0,43,0,0,55,0,55,35,0,35,90
06/02/2020,ARR,IL,AGL,CE,Towers with Radar,0,0,14,0,14,0,0,60,0,60,0,0,74,0,74,138,0,138,212
06/03/2020,ARR,IL,AGL,CE,Towers with Radar,0,1,11,0,12,0,0,58,0,58,0,1,69,0,70,50,0,50,120
06/04/2020,ARR,IL,AGL,CE,Towers with Radar,0,1,11,0,12,0,0,94,0,94,0,1,105,0,106,162,0,162,268
06/05/2020,ARR,IL,AGL,CE,Towers with Radar,0,0,16,0,16,0,0,83,0,83,0,0,99,0,99,164,0,164,263
06/06/2020,ARR,IL,AGL,CE,Towers with Radar,0,1,8,0,9,0,0,83,0,83,0,1,91,0,92,130,0,130,222
06/07/2020,ARR,IL,AGL,CE,Towers with Radar,0,1,14,0,15,0,0,119,0,119,0,1,133,0,134,92,0,92,226
06/08/2020,ARR,IL,AGL,CE,Towers with Radar,0,1,8,0,9,0,0,73,0,73,0,1,81,0,82,152,0,152,234
06/09/2020,ARR,IL,AGL,CE,Towers with Radar,0,1,9,0,10,0,0,31,0,31,0,1,40,0,41,34,0,34,75
06/10/2020,ARR,IL,AGL,CE,Towers with Radar,0,3,10,0,13,0,0,24,0,24,0,3,34,0,37,108,0,108,145
06/11/2020,ARR,IL,AGL,CE,Towers with Radar,0,2,15,0,17,0,0,109,0,109,0,2,124,0,126,140,0,140,266
06/12/2020,ARR,IL,AGL,CE,Towers with Radar,0,1,13,0,14,0,0,126,0,126,0,1,139,0,140,214,0,214,354
06/13/2020,ARR,IL,AGL,CE,Towers with Radar,0,1,9,0,10,0,0,109,0,109,0,1,118,0,119,82,0,82,201
06/14/2020,ARR,IL,AGL,CE,Towers with Radar,0,0,12,0,12,0,0,103,0,103,0,0,115,0,115,125,0,125,240
06/15/2020,ARR,IL,AGL,CE,Towers with Radar,0,2,18,0,20,0,0,94,0,94,0,2,112,0,114,211,0,211,325
06/16/2020,ARR,IL,AGL,CE,Towers with Radar,0,0,12,0,12,0,0,122,0,122,0,0,134,0,134,232,0,232,366
06/17/2020,ARR,IL,AGL,CE,Towers with Radar,0,2,11,0,13,0,0,84,0,84,0,2,95,0,97,144,0,144,241
06/18/2020,ARR,IL,AGL,CE,Towers with Radar,0,1,14,0,15,0,0,78,0,78,0,1,92,0,93,79,0,79,172
06/19/2020,ARR,IL,AGL,CE,Towers with Radar,0,1,17,2,20,0,0,86,0,86,0,1,103,2,106,145,0,145,251
06/20/2020,ARR,IL,AGL,CE,Towers with Radar,0,0,14,0,14,0,0,42,0,42,0,0,56,0,56,46,0,46,102
06/21/2020,ARR,IL,AGL,CE,Towers with Radar,0,1,8,0,9,0,0,68,0,68,0,1,76,0,77,105,0,105,182
06/22/2020,ARR,IL,AGL,CE,Towers with Radar,0,1,12,0,13,0,0,23,0,23,0,1,35,0,36,54,0,54,90
06/23/2020,ARR,IL,AGL,CE,Towers with Radar,0,0,14,0,14,0,0,69,0,69,0,0,83,0,83,146,0,146,229
06/24/2020,ARR,IL,AGL,CE,Towers with Radar,0,2,18,0,20,0,0,89,0,89,0,2,107,0,109,186,0,186,295
06/25/2020,ARR,IL,AGL,CE,Towers with Radar,0,1,15,0,16,0,0,120,0,120,0,1,135,0,136,108,0,108,244
06/26/2020,ARR,IL,AGL,CE,Towers with Radar,0,1,17,0,18,0,0,7,0,7,0,1,24,0,25,18,0,18,43
06/27/2020,ARR,IL,AGL,CE,Towers with Radar,0,1,13,0,14,0,0,76,0,76,0,1,89,0,90,54,0,54,144
06/28/2020,ARR,IL,AGL,CE,Towers with Radar,0,2,13,0,15,0,0,64,0,64,0,2,77,0,79,138,0,138,217
06/29/2020,ARR,IL,AGL,CE,Towers with Radar,0,1,12,0,13,0,0,34,0,34,0,1,46,0,47,80,0,80,127
06/30/2020,ARR,IL,AGL,CE,Towers with Radar,0,0,15,1,16,0,0,80,0,80,0,0,95,1,96,116,0,116,212
07/01/2020,ARR,IL,AGL,CE,Towers with Radar,0,3,14,0,17,0,0,82,0,82,0,3,96,0,99,94,0,94,193
07/02/2020,ARR,IL,AGL,CE,Towers with Radar,0,1,11,0,12,0,0,89,0,89,0,1,100,0,101,124,0,124,225
07/03/2020,ARR,IL,AGL,CE,Towers with Radar,0,1,8,0,9,0,0,89,0,89,0,1,97,0,98,155,0,155,253
07/04/2020,ARR,IL,AGL,CE,Towers with Radar,0,1,8,0,9,0,0,62,0,62,0,1,70,0,71,18,0,18,89
07/05/2020,ARR,IL,AGL,CE,Towers with Radar,0,1,15,0,16,0,0,68,0,68,0,1,83,0,84,132,0,132,216
07/06/2020,ARR,IL,AGL,CE,Towers with Radar,0,2,18,0,20,0,0,113,0,113,0,2,131,0,133,81,0,81,214
07/07/2020,ARR,IL,AGL,CE,Towers with Radar,0,3,13,0,16,0,0,118,0,118,0,3,131,0,134,148,0,148,282
07/08/2020,ARR,IL,AGL,CE,Towers with Radar,0,1,16,0,17,0,0,107,0,107,0,1,123,0,124,170,0,170,294
07/09/2020,ARR,IL,AGL,CE,Towers with Radar,0,4,23,0,27,0,0,73,0,73,0,4,96,0,100,173,0,173,273
07/10/2020,ARR,IL,AGL,CE,Towers with Radar,0,2,13,0,15,0,0,73,0,73,0,2,86,0,88,126,0,126,214
07/11/2020,ARR,IL,AGL,CE,Towers with Radar,0,1,10,0,11,0,0,82,0,82,0,1,92,0,93,130,0,130,223
07/12/2020,ARR,IL,AGL,CE,Towers with Radar,0,3,26,0,29,0,0,80,0,80,0,3,106,0,109,94,0,94,203
07/13/2020,ARR,IL,AGL,CE,Towers with Radar,0,2,8,0,10,0,0,160,0,160,0,2,168,0,170,221,0,221,391
07/14/2020,ARR,IL,AGL,CE,Towers with Radar,0,3,18,0,21,0,0,121,2,123,0,3,139,2,144,177,0,177,321
07/15/2020,ARR,IL,AGL,CE,Towers with Radar,0,0,21,1,22,0,0,64,2,66,0,0,85,3,88,127,0,127,215
07/16/2020,ARR,IL,AGL,CE,Towers with Radar,0,7,23,2,32,0,0,81,0,81,0,7,104,2,113,116,0,116,229
07/17/2020,ARR,IL,AGL,CE,Towers with Radar,0,3,22,2,27,0,0,123,0,123,0,3,145,2,150,112,0,112,262
07/18/2020,ARR,IL,AGL,CE,Towers with Radar,0,4,7,1,12,0,1,74,0,75,0,5,81,1,87,64,6,70,157
07/19/2020,ARR,IL,AGL,CE,Towers with Radar,0,4,17,0,21,0,0,47,0,47,0,4,64,0,68,38,0,38,106
07/20/2020,ARR,IL,AGL,CE,Towers with Radar,0,1,16,0,17,0,0,136,0,136,0,1,152,0,153,183,0,183,336
07/21/2020,ARR,IL,AGL,CE,Towers with Radar,0,6,9,0,15,0,0,48,0,48,0,6,57,0,63,140,0,140,203
07/22/2020,ARR,IL,AGL,CE,Towers with Radar,0,2,20,0,22,0,0,68,0,68,0,2,88,0,90,190,0,190,280
07/23/2020,ARR,IL,AGL,CE,Towers with Radar,0,1,5,0,6,0,0,133,0,133,0,1,138,0,139,182,0,182,321
07/24/2020,ARR,IL,AGL,CE,Towers with Radar,0,2,19,0,21,0,0,144,0,144,0,2,163,0,165,148,0,148,313
07/25/2020,ARR,IL,AGL,CE,Towers with Radar,0,1,13,0,14,0,0,101,0,101,0,1,114,0,115,154,0,154,269
07/26/2020,ARR,IL,AGL,CE,Towers with Radar,0,1,16,0,17,0,0,70,0,70,0,1,86,0,87,46,0,46,133
07/27/2020,ARR,IL,AGL,CE,Towers with Radar,0,4,26,0,30,0,1,42,0,43,0,5,68,0,73,156,0,156,229
07/28/2020,ARR,IL,AGL,CE,Towers with Radar,0,0,14,0,14,0,0,131,1,132,0,0,145,1,146,189,0,189,335
07/29/2020,ARR,IL,AGL,CE,Towers with Radar,0,1,14,0,15,0,0,98,0,98,0,1,112,0,113,178,0,178,291
07/30/2020,ARR,IL,AGL,CE,Towers with Radar,0,0,17,0,17,0,0,76,0,76,0,0,93,0,93,94,0,94,187
07/31/2020,ARR,IL,AGL,CE,Towers with Radar,0,2,21,0,23,0,0,124,0,124,0,2,145,0,147,213,0,213,360
08/01/2020,ARR,IL,AGL,CE,Towers with Radar,0,3,7,0,10,0,0,65,0,65,0,3,72,0,75,215,0,215,290
08/02/2020,ARR,IL,AGL,CE,Towers with Radar,0,3,13,0,16,0,0,89,0,89,0,3,102,0,105,162,0,162,267
08/03/2020,ARR,IL,AGL,CE,Towers with Radar,0,2,28,0,30,0,0,11,0,11,0,2,39,0,41,18,0,18,59
08/04/2020,ARR,IL,AGL,CE,Towers with Radar,0,3,9,0,12,0,0,93,0,93,0,3,102,0,105,213,0,213,318
08/05/2020,ARR,IL,AGL,CE,Towers with Radar,0,1,12,0,13,0,0,108,0,108,0,1,120,0,121,145,0,145,266
08/06/2020,ARR,IL,AGL,CE,Towers with Radar,0,2,11,0,13,0,0,137,0,137,0,2,148,0,150,264,0,264,414
08/07/2020,ARR,IL,AGL,CE,Towers with Radar,0,1,20,0,21,0,0,134,0,134,0,1,154,0,155,150,0,150,305
08/08/2020,ARR,IL,AGL,CE,Towers with Radar,0,1,12,0,13,0,0,85,0,85,0,1,97,0,98,70,0,70,168
08/09/2020,ARR,IL,AGL,CE,Towers with Radar,0,5,13,0,18,0,0,61,0,61,0,5,74,0,79,134,0,134,213
08/10/2020,ARR,IL,AGL,CE,Towers with Radar,0,5,12,0,17,0,0,8,0,8,0,5,20,0,25,46,0,46,71
08/11/2020,ARR,IL,AGL,CE,Towers with Radar,0,0,13,0,13,0,0,93,0,93,0,0,106,0,106,273,0,273,379
08/12/2020,ARR,IL,AGL,CE,Towers with Radar,0,6,13,1,20,0,0,115,0,115,0,6,128,1,135,104,0,104,239
08/13/2020,ARR,IL,AGL,CE,Towers with Radar,0,5,15,0,20,0,0,135,0,135,0,5,150,0,155,209,0,209,364
08/14/2020,ARR,IL,AGL,CE,Towers with Radar,0,4,15,1,20,0,0,133,2,135,0,4,148,3,155,236,0,236,391
08/15/2020,ARR,IL,AGL,CE,Towers with Radar,0,3,13,0,16,0,0,90,0,90,0,3,103,0,106,116,0,116,222
08/16/2020,ARR,IL,AGL,CE,Towers with Radar,0,2,11,0,13,0,0,105,0,105,0,2,116,0,118,156,0,156,274
08/17/2020,ARR,IL,AGL,CE,Towers with Radar,0,4,13,0,17,0,0,116,1,117,0,4,129,1,134,247,0,247,381
08/18/2020,ARR,IL,AGL,CE,Towers with Radar,0,3,33,0,36,0,0,121,0,121,0,3,154,0,157,124,0,124,281
08/19/2020,ARR,IL,AGL,CE,Towers with Radar,0,0,15,0,15,0,0,140,0,140,0,0,155,0,155,180,0,180,335
08/20/2020,ARR,IL,AGL,CE,Towers with Radar,0,2,17,0,19,0,0,130,0,130,0,2,147,0,149,219,0,219,368
08/21/2020,ARR,IL,AGL,CE,Towers with Radar,0,2,15,0,17,0,0,122,0,122,0,2,137,0,139,127,0,127,266
08/22/2020,ARR,IL,AGL,CE,Towers with Radar,0,1,16,0,17,0,0,126,0,126,0,1,142,0,143,152,0,152,295
08/23/2020,ARR,IL,AGL,CE,Towers with Radar,0,2,15,0,17,0,0,81,0,81,0,2,96,0,98,174,0,174,272
08/24/2020,ARR,IL,AGL,CE,Towers with Radar,0,3,12,0,15,0,0,103,0,103,0,3,115,0,118,189,0,189,307
08/25/2020,ARR,IL,AGL,CE,Towers with Radar,0,2,13,0,15,0,0,93,0,93,0,2,106,0,108,121,0,121,229
08/26/2020,ARR,IL,AGL,CE,Towers with Radar,0,4,10,0,14,0,0,81,0,81,0,4,91,0,95,209,0,209,304
08/27/2020,ARR,IL,AGL,CE,Towers with Radar,0,1,20,0,21,0,0,90,0,90,0,1,110,0,111,192,0,192,303
08/28/2020,ARR,IL,AGL,CE,Towers with Radar,0,5,16,0,21,0,0,43,0,43,0,5,59,0,64,97,0,97,161
08/29/2020,ARR,IL,AGL,CE,Towers with Radar,0,0,20,0,20,0,0,77,0,77,0,0,97,0,97,145,0,145,242
08/30/2020,ARR,IL,AGL,CE,Towers with Radar,0,1,14,0,15,0,0,116,0,116,0,1,130,0,131,134,0,134,265
08/31/2020,ARR,IL,AGL,CE,Towers with Radar,0,3,13,0,16,0,0,79,0,79,0,3,92,0,95,213,0,213,308
09/01/2020,ARR,IL,AGL,CE,Towers with Radar,0,0,28,0,28,0,0,15,0,15,0,0,43,0,43,84,0,84,127
09/02/2020,ARR,IL,AGL,CE,Towers with Radar,0,2,19,0,21,4,0,110,0,114,4,2,129,0,135,193,0,193,328
09/03/2020,ARR,IL,AGL,CE,Towers with Radar,0,1,18,0,19,0,0,56,0,56,0,1,74,0,75,66,0,66,141
09/04/2020,ARR,IL,AGL,CE,Towers with Radar,0,4,23,0,27,0,0,136,0,136,0,4,159,0,163,258,0,258,421
09/05/2020,ARR,IL,AGL,CE,Towers with Radar,0,0,17,0,17,0,0,119,0,119,0,0,136,0,136,174,0,174,310
09/06/2020,ARR,IL,AGL,CE,Towers with Radar,0,1,11,0,12,0,0,4,0,4,0,1,15,0,16,18,0,18,34
09/07/2020,ARR,IL,AGL,CE,Towers with Radar,0,1,21,0,22,0,0,101,0,101,0,1,122,0,123,122,0,122,245
09/08/2020,ARR,IL,AGL,CE,Towers with Radar,0,3,26,0,29,0,0,0,0,0,0,3,26,0,29,8,0,8,37
09/09/2020,ARR,IL,AGL,CE,Towers with Radar,0,8,35,0,43,0,0,0,0,0,0,8,35,0,43,0,0,0,43
09/10/2020,ARR,IL,AGL,CE,Towers with Radar,0,2,40,8,50,0,0,12,0,12,0,2,52,8,62,46,0,46,108
09/11/2020,ARR,IL,AGL,CE,Towers with Radar,0,3,63,0,66,0,0,1,0,1,0,3,64,0,67,2,0,2,69
09/12/2020,ARR,IL,AGL,CE,Towers with Radar,0,0,12,0,12,0,0,0,0,0,0,0,12,0,12,0,0,0,12
09/13/2020,ARR,IL,AGL,CE,Towers with Radar,0,5,20,0,25,0,0,131,0,131,0,5,151,0,156,160,0,160,316
09/14/2020,ARR,IL,AGL,CE,Towers with Radar,0,3,22,2,27,0,0,78,0,78,0,3,100,2,105,154,0,154,259
09/15/2020,ARR,IL,AGL,CE,Towers with Radar,0,4,16,0,20,0,0,144,0,144,0,4,160,0,164,215,0,215,379
09/16/2020,ARR,IL,AGL,CE,Towers with Radar,0,4,13,0,17,0,0,105,0,105,0,4,118,0,122,252,0,252,374
09/17/2020,ARR,IL,AGL,CE,Towers with Radar,0,6,23,0,29,0,0,103,0,103,0,6,126,0,132,179,0,179,311
09/18/2020,ARR,IL,AGL,CE,Towers with Radar,0,0,15,0,15,0,0,91,0,91,0,0,106,0,106,196,0,196,302
09/19/2020,ARR,IL,AGL,CE,Towers with Radar,0,1,22,0,23,0,0,126,0,126,0,1,148,0,149,271,0,271,420
09/20/2020,ARR,IL,AGL,CE,Towers with Radar,0,2,16,0,18,0,0,113,0,113,0,2,129,0,131,76,0,76,207
09/21/2020,ARR,IL,AGL,CE,Towers with Radar,0,3,15,0,18,0,0,58,0,58,0,3,73,0,76,174,0,174,250
09/22/2020,ARR,IL,AGL,CE,Towers with Radar,0,3,22,0,25,0,0,79,0,79,0,3,101,0,104,220,0,220,324
09/23/2020,ARR,IL,AGL,CE,Towers with Radar,0,1,26,0,27,0,0,97,0,97,0,1,123,0,124,225,0,225,349
09/24/2020,ARR,IL,AGL,CE,Towers with Radar,0,2,17,0,19,0,2,120,0,122,0,4,137,0,141,218,0,218,359
09/25/2020,ARR,IL,AGL,CE,Towers with Radar,0,4,14,0,18,0,2,106,0,108,0,6,120,0,126,177,0,177,303
09/26/2020,ARR,IL,AGL,CE,Towers with Radar,0,6,22,0,28,0,0,30,0,30,0,6,52,0,58,30,0,30,88
09/27/2020,ARR,IL,AGL,CE,Towers with Radar,0,6,16,0,22,0,0,91,0,91,0,6,107,0,113,120,0,120,233
09/28/2020,ARR,IL,AGL,CE,Towers with Radar,0,0,16,0,16,0,0,13,0,13,0,0,29,0,29,38,0,38,67
09/29/2020,ARR,IL,AGL,CE,Towers with Radar,0,0,24,2,26,0,0,45,0,45,0,0,69,2,71,172,0,172,243
09/30/2020,ARR,IL,AGL,CE,Towers with Radar,0,0,17,0,17,0,0,22,0,22,0,0,39,0,39,44,0,44,83
10/01/2020,ARR,IL,AGL,CE,Towers with Radar,0,1,21,0,22,0,0,53,0,53,0,1,74,0,75,146,0,146,221
10/02/2020,ARR,IL,AGL,CE,Towers with Radar,0,0,24,0,24,0,0,131,0,131,0,0,155,0,155,166,0,166,321
10/03/2020,ARR,IL,AGL,CE,Towers with Radar,0,3,12,1,16,0,0,72,1,73,0,3,84,2,89,192,0,192,281
10/04/2020,ARR,IL,AGL,CE,Towers with Radar,0,3,20,0,23,0,0,43,0,43,0,3,63,0,66,114,0,114,180
10/05/2020,ARR,IL,AGL,CE,Towers with Radar,0,2,14,0,16,0,0,73,0,73,0,2,87,0,89,113,0,113,202
10/06/2020,ARR,IL,AGL,CE,Towers with Radar,0,5,13,0,18,0,0,95,0,95,0,5,108,0,113,214,0,214,327
10/07/2020,ARR,IL,AGL,CE,Towers with Radar,0,3,23,0,26,0,0,104,0,104,0,3,127,0,130,152,0,152,282
10/08/2020,ARR,IL,AGL,CE,Towers with Radar,0,3,28,0,31,0,5,140,0,145,0,8,168,0,176,173,0,173,349
10/09/2020,ARR,IL,AGL,CE,Towers with Radar,0,3,16,1,20,0,0,39,0,39,0,3,55,1,59,50,0,50,109
10/10/2020,ARR,IL,AGL,CE,Towers with Radar,0,1,20,0,21,0,0,113,0,113,0,1,133,0,134,193,0,193,327
10/11/2020,ARR,IL,AGL,CE,Towers with Radar,0,0,32,0,32,0,2,75,2,79,0,2,107,2,111,102,0,102,213
10/12/2020,ARR,IL,AGL,CE,Towers with Radar,0,2,20,0,22,0,0,3,0,3,0,2,23,0,25,6,0,6,31
10/13/2020,ARR,IL,AGL,CE,Towers with Radar,0,3,14,0,17,0,2,74,0,76,0,5,88,0,93,153,0,153,246
10/14/2020,ARR,IL,AGL,CE,Towers with Radar,0,9,9,0,18,0,0,38,0,38,0,9,47,0,56,62,0,62,118
10/15/2020,ARR,IL,AGL,CE,Towers with Radar,0,1,18,0,19,0,0,72,0,72,0,1,90,0,91,184,0,184,275
10/16/2020,ARR,IL,AGL,CE,Towers with Radar,0,3,19,0,22,0,0,87,0,87,0,3,106,0,109,176,0,176,285
10/17/2020,ARR,IL,AGL,CE,Towers with Radar,0,1,10,0,11,0,0,9,0,9,0,1,19,0,20,72,0,72,92
10/18/2020,ARR,IL,AGL,CE,Towers with Radar,0,2,12,0,14,0,0,11,0,11,0,2,23,0,25,76,0,76,101
10/19/2020,ARR,IL,AGL,CE,Towers with Radar,0,0,19,0,19,0,0,59,0,59,0,0,78,0,78,158,0,158,236
10/20/2020,ARR,IL,AGL,CE,Towers with Radar,0,3,37,0,40,0,0,47,0,47,0,3,84,0,87,113,0,113,200
10/21/2020,ARR,IL,AGL,CE,Towers with Radar,0,3,37,0,40,0,0,70,0,70,0,3,107,0,110,139,0,139,249
10/22/2020,ARR,IL,AGL,CE,Towers with Radar,0,0,28,0,28,0,0,27,0,27,0,0,55,0,55,52,0,52,107
10/23/2020,ARR,IL,AGL,CE,Towers with Radar,0,1,15,0,16,0,0,3,0,3,0,1,18,0,19,6,0,6,25
10/24/2020,ARR,IL,AGL,CE,Towers with Radar,0,3,23,0,26,0,2,169,0,171,0,5,192,0,197,210,0,210,407
10/25/2020,ARR,IL,AGL,CE,Towers with Radar,0,4,13,0,17,0,0,66,0,66,0,4,79,0,83,179,0,179,262
10/26/2020,ARR,IL,AGL,CE,Towers with Radar,0,1,6,0,7,0,0,18,0,18,0,1,24,0,25,76,0,76,101
10/27/2020,ARR,IL,AGL,CE,Towers with Radar,0,3,16,0,19,0,0,51,0,51,0,3,67,0,70,232,0,232,302
10/28/2020,ARR,IL,AGL,CE,Towers with Radar,0,1,13,0,14,0,0,143,0,143,0,1,156,0,157,184,0,184,341
10/29/2020,ARR,IL,AGL,CE,Towers with Radar,0,3,19,0,22,0,0,32,0,32,0,3,51,0,54,77,0,77,131
10/30/2020,ARR,IL,AGL,CE,Towers with Radar,0,5,17,0,22,0,0,133,0,133,0,5,150,0,155,176,0,176,331
10/31/2020,ARR,IL,AGL,CE,Towers with Radar,0,1,10,0,11,0,0,50,0,50,0,1,60,0,61,34,0,34,95
11/01/2020,ARR,IL,AGL,CE,Towers with Radar,0,1,9,0,10,0,0,1,0,1,0,1,10,0,11,0,0,0,11
11/02/2020,ARR,IL,AGL,CE,Towers with Radar,0,2,20,0,22,0,0,73,0,73,0,2,93,0,95,78,0,78,173
11/03/2020,ARR,IL,AGL,CE,Towers with Radar,0,2,11,0,13,0,0,98,0,98,0,2,109,0,111,221,0,221,332
11/04/2020,ARR,IL,AGL,CE,Towers with Radar,0,1,15,0,16,0,1,89,0,90,0,2,104,0,106,92,0,92,198
11/05/2020,ARR,IL,AGL,CE,Towers with Radar,0,4,10,0,14,0,0,147,0,147,0,4,157,0,161,378,0,378,539
11/06/2020,ARR,IL,AGL,CE,Towers with Radar,0,4,12,0,16,0,0,122,0,122,0,4,134,0,138,208,0,208,346
11/07/2020,ARR,IL,AGL,CE,Towers with Radar,0,5,15,0,20,0,0,118,0,118,0,5,133,0,138,114,0,114,252
11/08/2020,ARR,IL,AGL,CE,Towers with Radar,0,3,12,1,16,0,0,87,0,87,0,3,99,1,103,84,0,84,187
11/09/2020,ARR,IL,AGL,CE,Towers with Radar,0,4,14,0,18,0,0,36,0,36,0,4,50,0,54,77,0,77,131
11/10/2020,ARR,IL,AGL,CE,Towers with Radar,0,0,7,0,7,0,0,6,0,6,0,0,13,0,13,0,0,0,13
11/11/2020,ARR,IL,AGL,CE,Towers with Radar,0,3,13,0,16,0,0,76,0,76,0,3,89,0,92,320,0,320,412
11/12/2020,ARR,IL,AGL,CE,Towers with Radar,0,1,19,0,20,0,0,102,0,102,0,1,121,0,122,201,0,201,323
11/13/2020,ARR,IL,AGL,CE,Towers with Radar,0,4,24,0,28,0,0,98,0,98,0,4,122,0,126,241,0,241,367
11/14/2020,ARR,IL,AGL,CE,Towers with Radar,0,0,13,0,13,0,0,51,0,51,0,0,64,0,64,88,0,88,152
11/15/2020,ARR,IL,AGL,CE,Towers with Radar,0,5,6,0,11,0,0,2,0,2,0,5,8,0,13,0,0,0,13
11/16/2020,ARR,IL,AGL,CE,Towers with Radar,0,0,11,0,11,0,2,70,0,72,0,2,81,0,83,154,0,154,237
11/17/2020,ARR,IL,AGL,CE,Towers with Radar,0,0,11,0,11,0,0,93,0,93,0,0,104,0,104,167,0,167,271
11/18/2020,ARR,IL,AGL,CE,Towers with Radar,0,0,16,1,17,0,0,62,0,62,0,0,78,1,79,95,0,95,174
11/19/2020,ARR,IL,AGL,CE,Towers with Radar,0,2,7,0,9,0,0,21,0,21,0,2,28,0,30,6,0,6,36
11/20/2020,ARR,IL,AGL,CE,Towers with Radar,0,5,19,0,24,0,0,157,0,157,0,5,176,0,181,180,0,180,361
11/21/2020,ARR,IL,AGL,CE,Towers with Radar,0,2,10,0,12,0,0,122,0,122,0,2,132,0,134,186,0,186,320
11/22/2020,ARR,IL,AGL,CE,Towers with Radar,0,4,29,0,33,0,0,54,0,54,0,4,83,0,87,140,0,140,227
11/23/2020,ARR,IL,AGL,CE,Towers with Radar,0,3,21,0,24,0,0,108,0,108,0,3,129,0,132,123,0,123,255
11/24/2020,ARR,IL,AGL,CE,Towers with Radar,0,1,8,0,9,0,0,0,0,0,0,1,8,0,9,0,0,0,9
11/25/2020,ARR,IL,AGL,CE,Towers with Radar,0,3,13,0,16,0,0,0,0,0,0,3,13,0,16,0,0,0,16
11/26/2020,ARR,IL,AGL,CE,Towers with Radar,0,2,5,0,7,0,0,3,0,3,0,2,8,0,10,0,0,0,10
11/27/2020,ARR,IL,AGL,CE,Towers with Radar,0,1,9,0,10,0,0,47,0,47,0,1,56,0,57,58,0,58,115
11/28/2020,ARR,IL,AGL,CE,Towers with Radar,0,0,19,0,19,0,0,156,0,156,0,0,175,0,175,172,0,172,347
11/29/2020,ARR,IL,AGL,CE,Towers with Radar,0,5,12,0,17,0,0,101,0,101,0,5,113,0,118,176,0,176,294
11/30/2020,ARR,IL,AGL,CE,Towers with Radar,0,1,8,0,9,0,0,13,0,13,0,1,21,0,22,26,0,26,48
12/01/2020,ARR,IL,AGL,CE,Towers with Radar,0,1,19,1,21,0,0,63,0,63,0,1,82,1,84,194,0,194,278
12/02/2020,ARR,IL,AGL,CE,Towers with Radar,0,2,27,1,30,0,0,115,0,115,0,2,142,1,145,191,0,191,336
12/03/2020,ARR,IL,AGL,CE,Towers with Radar,0,2,11,0,13,0,0,88,0,88,0,2,99,0,101,140,0,140,241
12/04/2020,ARR,IL,AGL,CE,Towers with Radar,0,1,15,0,16,0,0,104,0,104,0,1,119,0,120,195,0,195,315
12/05/2020,ARR,IL,AGL,CE,Towers with Radar,0,2,10,0,12,0,0,110,0,110,0,2,120,0,122,252,0,252,374
12/06/2020,ARR,IL,AGL,CE,Towers with Radar,0,2,8,0,10,0,0,46,0,46,0,2,54,0,56,162,0,162,218
12/07/2020,ARR,IL,AGL,CE,Towers with Radar,0,0,13,0,13,0,0,58,0,58,0,0,71,0,71,158,0,158,229
12/08/2020,ARR,IL,AGL,CE,Towers with Radar,0,3,6,0,9,0,0,10,0,10,0,3,16,0,19,52,0,52,71
12/09/2020,ARR,IL,AGL,CE,Towers with Radar,0,4,19,0,23,0,0,155,0,155,0,4,174,0,178,184,0,184,362
12/10/2020,ARR,IL,AGL,CE,Towers with Radar,1,5,34,0,40,0,0,137,0,137,1,5,171,0,177,181,0,181,358
12/11/2020,ARR,IL,AGL,CE,Towers with Radar,0,1,14,0,15,0,0,3,0,3,0,1,17,0,18,40,0,40,58
12/12/2020,ARR,IL,AGL,CE,Towers with Radar,0,2,3,0,5,0,0,2,0,2,0,2,5,0,7,0,0,0,7
12/13/2020,ARR,IL,AGL,CE,Towers with Radar,0,0,13,0,13,0,0,84,0,84,0,0,97,0,97,246,0,246,343
12/14/2020,ARR,IL,AGL,CE,Towers with Radar,0,2,9,0,11,0,0,101,0,101,0,2,110,0,112,143,0,143,255
12/15/2020,ARR,IL,AGL,CE,Towers with Radar,0,3,12,0,15,0,0,99,0,99,0,3,111,0,114,95,0,95,209
12/16/2020,ARR,IL,AGL,CE,Towers with Radar,0,2,7,0,9,0,0,22,0,22,0,2,29,0,31,146,0,146,177
12/17/2020,ARR,IL,AGL,CE,Towers with Radar,0,2,11,0,13,0,0,77,0,77,0,2,88,0,90,195,0,195,285
12/18/2020,ARR,IL,AGL,CE,Towers with Radar,0,4,10,0,14,0,0,87,0,87,0,4,97,0,101,92,0,92,193
12/19/2020,ARR,IL,AGL,CE,Towers with Radar,0,4,2,0,6,0,0,21,0,21,0,4,23,0,27,106,0,106,133
12/20/2020,ARR,IL,AGL,CE,Towers with Radar,0,2,29,0,31,0,0,79,0,79,0,2,108,0,110,164,0,164,274
12/21/2020,ARR,IL,AGL,CE,Towers with Radar,0,5,16,0,21,0,0,42,0,42,0,5,58,0,63,112,0,112,175
12/22/2020,ARR,IL,AGL,CE,Towers with Radar,0,1,22,0,23,0,0,120,0,120,0,1,142,0,143,243,0,243,386
12/23/2020,ARR,IL,AGL,CE,Towers with Radar,0,7,8,0,15,0,0,3,0,3,0,7,11,0,18,0,0,0,18
12/24/2020,ARR,IL,AGL,CE,Towers with Radar,0,0,6,0,6,0,0,1,0,1,0,0,7,0,7,0,0,0,7
12/25/2020,ARR,IL,AGL,CE,Towers with Radar,0,3,6,0,9,0,0,5,0,5,0,3,11,0,14,0,0,0,14
12/26/2020,ARR,IL,AGL,CE,Towers with Radar,0,6,28,0,34,0,0,133,0,133,0,6,161,0,167,114,0,114,281
12/27/2020,ARR,IL,AGL,CE,Towers with Radar,0,7,20,0,27,0,0,65,0,65,0,7,85,0,92,88,0,88,180
12/28/2020,ARR,IL,AGL,CE,Towers with Radar,0,2,20,0,22,0,0,71,0,71,0,2,91,0,93,185,0,185,278
12/29/2020,ARR,IL,AGL,CE,Towers with Radar,0,4,14,0,18,0,0,43,0,43,0,4,57,0,61,124,0,124,185
12/30/2020,ARR,IL,AGL,CE,Towers with Radar,0,3,6,0,9,0,0,4,0,4,0,3,10,0,13,0,0,0,13
12/31/2020,ARR,IL,AGL,CE,Towers with Radar,0,0,5,0,5,0,0,23,0,23,0,0,28,0,28,74,0,74,102
01/01/2021,ARR,IL,AGL,CE,Towers with Radar,0,0,1,0,1,0,0,0,0,0,0,0,1,0,1,0,0,0,1
01/02/2021,ARR,IL,AGL,CE,Towers with Radar,0,3,5,0,8,0,0,0,0,0,0,3,5,0,8,0,0,0,8
01/03/2021,ARR,IL,AGL,CE,Towers with Radar,0,4,22,0,26,0,0,0,0,0,0,4,22,0,26,0,0,0,26
01/04/2021,ARR,IL,AGL,CE,Towers with Radar,0,8,6,0,14,0,0,0,0,0,0,8,6,0,14,0,0,0,14
01/05/2021,ARR,IL,AGL,CE,Towers with Radar,0,0,5,0,5,0,0,0,0,0,0,0,5,0,5,0,0,0,5
01/06/2021,ARR,IL,AGL,CE,Towers with Radar,0,1,17,0,18,0,0,5,0,5,0,1,22,0,23,18,0,18,41
01/07/2021,ARR,IL,AGL,CE,Towers with Radar,0,6,21,0,27,0,0,41,0,41,0,6,62,0,68,168,0,168,236
01/08/2021,ARR,IL,AGL,CE,Towers with Radar,0,2,7,0,9,0,0,14,0,14,0,2,21,0,23,98,0,98,121
01/09/2021,ARR,IL,AGL,CE,Towers with Radar,0,0,20,0,20,0,0,95,0,95,0,0,115,0,115,252,0,252,367
01/10/2021,ARR,IL,AGL,CE,Towers with Radar,0,2,21,0,23,0,0,31,0,31,0,2,52,0,54,256,0,256,310
01/11/2021,ARR,IL,AGL,CE,Towers with Radar,0,0,17,0,17,0,0,6,0,6,0,0,23,0,23,0,0,0,23
01/12/2021,ARR,IL,AGL,CE,Towers with Radar,0,0,31,0,31,0,0,98,0,98,0,0,129,0,129,140,0,140,269
01/13/2021,ARR,IL,AGL,CE,Towers with Radar,0,0,16,0,16,0,2,103,0,105,0,2,119,0,121,282,0,282,403
01/14/2021,ARR,IL,AGL,CE,Towers with Radar,0,1,11,2,14,0,0,21,0,21,0,1,32,2,35,146,0,146,181
01/15/2021,ARR,IL,AGL,CE,Towers with Radar,0,0,11,0,11,0,0,4,0,4,0,0,15,0,15,18,0,18,33
01/16/2021,ARR,IL,AGL,CE,Towers with Radar,0,0,5,0,5,0,0,2,0,2,0,0,7,0,7,20,0,20,27
01/17/2021,ARR,IL,AGL,CE,Towers with Radar,0,1,7,0,8,0,0,0,0,0,0,1,7,0,8,0,0,0,8
01/18/2021,ARR,IL,AGL,CE,Towers with Radar,0,1,13,0,14,0,0,28,0,28,0,1,41,0,42,270,0,270,312
01/19/2021,ARR,IL,AGL,CE,Towers with Radar,0,0,9,0,9,0,0,22,0,22,0,0,31,0,31,72,0,72,103
01/20/2021,ARR,IL,AGL,CE,Towers with Radar,0,0,9,0,9,0,0,76,1,77,0,0,85,1,86,142,0,142,228
01/21/2021,ARR,IL,AGL,CE,Towers with Radar,0,1,20,1,22,0,2,91,0,93,0,3,111,1,115,194,0,194,309
01/22/2021,ARR,IL,AGL,CE,Towers with Radar,0,3,19,0,22,0,0,114,0,114,0,3,133,0,136,253,0,253,389
01/23/2021,ARR,IL,AGL,CE,Towers with Radar,0,4,21,0,25,0,0,108,0,108,0,4,129,0,133,176,0,176,309
01/24/2021,ARR,IL,AGL,CE,Towers with Radar,0,0,11,0,11,0,0,14,0,14,0,0,25,0,25,60,0,60,85
01/25/2021,ARR,IL,AGL,CE,Towers with Radar,0,1,2,0,3,0,0,4,0,4,0,1,6,0,7,0,0,0,7
01/26/2021,ARR,IL,AGL,CE,Towers with Radar,0,0,9,0,9,0,0,0,0,0,0,0,9,0,9,0,0,0,9
01/27/2021,ARR,IL,AGL,CE,Towers with Radar,0,0,14,0,14,0,0,58,0,58,0,0,72,0,72,97,0,97,169
01/28/2021,ARR,IL,AGL,CE,Towers with Radar,0,4,20,0,24,0,6,86,0,92,0,10,106,0,116,158,0,158,274
01/29/2021,ARR,IL,AGL,CE,Towers with Radar,0,0,14,0,14,0,2,95,0,97,0,2,109,0,111,150,0,150,261
01/30/2021,ARR,IL,AGL,CE,Towers with Radar,0,0,7,0,7,0,0,34,0,34,0,0,41,0,41,14,0,14,55
01/31/2021,ARR,IL,AGL,CE,Towers with Radar,0,0,3,0,3,0,0,0,0,0,0,0,3,0,3,0,0,0,3
02/01/2021,ARR,IL,AGL,CE,Towers with Radar,0,2,26,0,28,0,0,56,0,56,0,2,82,0,84,93,0,93,177
02/02/2021,ARR,IL,AGL,CE,Towers with Radar,0,2,18,0,20,0,0,97,0,97,0,2,115,0,117,171,0,171,288
02/03/2021,ARR,IL,AGL,CE,Towers with Radar,0,4,20,0,24,0,0,94,0,94,0,4,114,0,118,319,0,319,437
02/04/2021,ARR,IL,AGL,CE,Towers with Radar,0,5,6,0,11,0,0,1,0,1,0,5,7,0,12,0,0,0,12
02/05/2021,ARR,IL,AGL,CE,Towers with Radar,0,0,10,0,10,0,0,12,0,12,0,0,22,0,22,8,0,8,30
02/06/2021,ARR,IL,AGL,CE,Towers with Radar,0,2,11,0,13,0,0,21,0,21,0,2,32,0,34,6,0,6,40
02/07/2021,ARR,IL,AGL,CE,Towers with Radar,0,0,2,0,2,0,0,4,0,4,0,0,6,0,6,2,0,2,8
02/08/2021,ARR,IL,AGL,CE,Towers with Radar,0,3,9,0,12,0,0,2,0,2,0,3,11,0,14,0,0,0,14
02/09/2021,ARR,IL,AGL,CE,Towers with Radar,0,0,11,0,11,0,0,51,0,51,0,0,62,0,62,24,2,26,88
02/10/2021,ARR,IL,AGL,CE,Towers with Radar,0,0,14,0,14,0,0,14,0,14,0,0,28,0,28,26,0,26,54
02/11/2021,ARR,IL,AGL,CE,Towers with Radar,0,0,19,0,19,0,0,17,0,17,0,0,36,0,36,48,0,48,84
02/12/2021,ARR,IL,AGL,CE,Towers with Radar,0,4,16,0,20,0,0,59,0,59,0,4,75,0,79,98,0,98,177
02/13/2021,ARR,IL,AGL,CE,Towers with Radar,0,0,4,0,4,0,0,0,0,0,0,0,4,0,4,0,0,0,4
02/14/2021,ARR,IL,AGL,CE,Towers with Radar,0,2,5,0,7,0,0,7,0,7,0,2,12,0,14,4,0,4,18
02/15/2021,ARR,IL,AGL,CE,Towers with Radar,0,0,3,0,3,0,0,7,0,7,0,0,10,0,10,0,0,0,10
02/16/2021,ARR,IL,AGL,CE,Towers with Radar,0,1,10,0,11,0,0,29,0,29,0,1,39,0,40,29,0,29,69
02/17/2021,ARR,IL,AGL,CE,Towers with Radar,0,1,12,0,13,0,0,41,0,41,0,1,53,0,54,52,0,52,106
02/18/2021,ARR,IL,AGL,CE,Towers with Radar,0,3,6,0,9,0,0,19,0,19,0,3,25,0,28,65,0,65,93
02/19/2021,ARR,IL,AGL,CE,Towers with Radar,0,2,22,0,24,0,0,41,0,41,0,2,63,0,65,184,0,184,249
02/20/2021,ARR,IL,AGL,CE,Towers with Radar,0,3,19,0,22,0,0,94,0,94,0,3,113,0,116,182,0,182,298
02/21/2021,ARR,IL,AGL,CE,Towers with Radar,0,6,13,0,19,0,0,23,0,23,0,6,36,0,42,76,0,76,118
02/22/2021,ARR,IL,AGL,CE,Towers with Radar,0,2,12,0,14,0,0,8,0,8,0,2,20,0,22,20,0,20,42
02/23/2021,ARR,IL,AGL,CE,Towers with Radar,0,1,14,0,15,0,1,81,0,82,0,2,95,0,97,192,0,192,289
02/24/2021,ARR,IL,AGL,CE,Towers with Radar,0,4,20,0,24,0,1,69,0,70,0,5,89,0,94,170,0,170,264
02/25/2021,ARR,IL,AGL,CE,Towers with Radar,0,3,16,0,19,0,2,91,0,93,0,5,107,0,112,261,0,261,373
02/26/2021,ARR,IL,AGL,CE,Towers with Radar,1,4,17,0,22,0,2,82,0,84,1,6,99,0,106,232,0,232,338
02/27/2021,ARR,IL,AGL,CE,Towers with Radar,0,2,31,0,33,0,0,109,0,109,0,2,140,0,142,192,0,192,334
02/28/2021,ARR,IL,AGL,CE,Towers with Radar,0,3,12,0,15,0,0,1,0,1,0,3,13,0,16,16,0,16,32
03/01/2021,ARR,IL,AGL,CE,Towers with Radar,0,3,17,0,20,0,2,62,0,64,0,5,79,0,84,126,0,126,210
03/02/2021,ARR,IL,AGL,CE,Towers with Radar,0,3,20,0,23,0,0,68,0,68,0,3,88,0,91,67,0,67,158
03/03/2021,ARR,IL,AGL,CE,Towers with Radar,0,12,18,1,31,0,6,101,0,107,0,18,119,1,138,188,0,188,326
03/04/2021,ARR,IL,AGL,CE,Towers with Radar,0,2,18,0,20,0,4,87,0,91,0,6,105,0,111,140,0,140,251
03/05/2021,ARR,IL,AGL,CE,Towers with Radar,0,4,24,0,28,0,11,119,0,130,0,15,143,0,158,196,0,196,354
03/06/2021,ARR,IL,AGL,CE,Towers with Radar,0,2,15,0,17,0,2,150,0,152,0,4,165,0,169,234,0,234,403
03/07/2021,ARR,IL,AGL,CE,Towers with Radar,0,3,17,0,20,0,0,97,0,97,0,3,114,0,117,110,0,110,227
03/08/2021,ARR,IL,AGL,CE,Towers with Radar,0,4,16,0,20,0,0,67,0,67,0,4,83,0,87,73,0,73,160
03/09/2021,ARR,IL,AGL,CE,Towers with Radar,0,2,16,1,19,0,0,76,1,77,0,2,92,2,96,116,0,116,212
03/10/2021,ARR,IL,AGL,CE,Towers with Radar,0,3,10,0,13,0,0,18,0,18,0,3,28,0,31,6,0,6,37
03/11/2021,ARR,IL,AGL,CE,Towers with Radar,0,5,23,0,28,0,2,26,0,28,0,7,49,0,56,126,0,126,182
03/12/2021,ARR,IL,AGL,CE,Towers with Radar,0,0,18,0,18,0,0,114,0,114,0,0,132,0,132,204,0,204,336
03/13/2021,ARR,IL,AGL,CE,Towers with Radar,0,0,9,0,9,0,0,152,0,152,0,0,161,0,161,246,0,246,407
03/14/2021,ARR,IL,AGL,CE,Towers with Radar,0,2,20,0,22,0,0,50,0,50,0,2,70,0,72,72,0,72,144
03/15/2021,ARR,IL,AGL,CE,Towers with Radar,0,4,8,0,12,0,0,2,0,2,0,4,10,0,14,18,0,18,32
03/16/2021,ARR,IL,AGL,CE,Towers with Radar,0,2,21,0,23,0,0,1,0,1,0,2,22,0,24,62,0,62,86
03/17/2021,ARR,IL,AGL,CE,Towers with Radar,0,4,27,0,31,0,0,0,0,0,0,4,27,0,31,0,0,0,31
03/18/2021,ARR,IL,AGL,CE,Towers with Radar,0,0,2,0,2,0,0,2,0,2,0,0,4,0,4,0,2,2,6
03/19/2021,ARR,IL,AGL,CE,Towers with Radar,0,4,24,0,28,0,0,166,0,166,0,4,190,0,194,196,0,196,390
03/20/2021,ARR,IL,AGL,CE,Towers with Radar,0,4,23,0,27,0,0,109,0,109,0,4,132,0,136,294,0,294,430
03/21/2021,ARR,IL,AGL,CE,Towers with Radar,0,2,21,0,23,0,0,124,0,124,0,2,145,0,147,181,0,181,328
03/22/2021,ARR,IL,AGL,CE,Towers with Radar,0,0,10,0,10,0,0,76,0,76,0,0,86,0,86,120,0,120,206
03/23/2021,ARR,IL,AGL,CE,Towers with Radar,0,3,8,0,11,0,0,28,0,28,0,3,36,0,39,80,0,80,119
03/24/2021,ARR,IL,AGL,CE,Towers with Radar,0,5,23,0,28,0,0,12,0,12,0,5,35,0,40,37,0,37,77
03/25/2021,ARR,IL,AGL,CE,Towers with Radar,0,5,34,0,39,0,0,14,0,14,0,5,48,0,53,80,0,80,133
03/26/2021,ARR,IL,AGL,CE,Towers with Radar,0,1,19,0,20,0,0,19,0,19,0,1,38,0,39,246,0,246,285
03/27/2021,ARR,IL,AGL,CE,Towers with Radar,0,7,14,0,21,0,0,28,0,28,0,7,42,0,49,112,0,112,161
03/28/2021,ARR,IL,AGL,CE,Towers with Radar,0,4,7,0,11,0,0,14,0,14,0,4,21,0,25,6,0,6,31
03/29/2021,ARR,IL,AGL,CE,Towers with Radar,0,1,10,0,11,0,0,51,0,51,0,1,61,0,62,32,0,32,94
03/30/2021,ARR,IL,AGL,CE,Towers with Radar,0,1,14,0,15,0,0,36,1,37,0,1,50,1,52,21,0,21,73
03/31/2021,ARR,IL,AGL,CE,Towers with Radar,0,2,19,0,21,0,0,47,0,47,0,2,66,0,68,40,0,40,108
04/01/2021,ARR,IL,AGL,CE,Towers with Radar,0,6,17,0,23,0,0,92,0,92,0,6,109,0,115,178,0,178,293
04/02/2021,ARR,IL,AGL,CE,Towers with Radar,0,1,15,0,16,0,0,137,0,137,0,1,152,0,153,218,0,218,371
04/03/2021,ARR,IL,AGL,CE,Towers with Radar,0,1,17,0,18,0,0,61,0,61,0,1,78,0,79,16,0,16,95
04/04/2021,ARR,IL,AGL,CE,Towers with Radar,0,3,23,0,26,0,2,106,0,108,0,5,129,0,134,124,0,124,258
04/05/2021,ARR,IL,AGL,CE,Towers with Radar,0,7,26,0,33,0,0,71,0,71,0,7,97,0,104,84,0,84,188
04/06/2021,ARR,IL,AGL,CE,Towers with Radar,0,3,12,0,15,0,0,81,0,81,0,3,93,0,96,111,0,111,207
04/07/2021,ARR,IL,AGL,CE,Towers with Radar,0,2,15,0,17,0,0,75,2,77,0,2,90,2,94,132,0,132,226
04/08/2021,ARR,IL,AGL,CE,Towers with Radar,0,1,28,1,30,0,0,8,0,8,0,1,36,1,38,46,0,46,84
04/09/2021,ARR,IL,AGL,CE,Towers with Radar,0,1,27,0,28,0,0,27,0,27,0,1,54,0,55,80,0,80,135
04/10/2021,ARR,IL,AGL,CE,Towers with Radar,0,3,17,0,20,0,0,6,0,6,0,3,23,0,26,10,0,10,36
04/11/2021,ARR,IL,AGL,CE,Towers with Radar,0,4,27,0,31,0,0,11,0,11,0,4,38,0,42,114,0,114,156
04/12/2021,ARR,IL,AGL,CE,Towers with Radar,0,1,21,0,22,0,0,77,0,77,0,1,98,0,99,156,0,156,255
04/13/2021,ARR,IL,AGL,CE,Towers with Radar,0,1,14,0,15,0,0,69,1,70,0,1,83,1,85,163,0,163,248
04/14/2021,ARR,IL,AGL,CE,Towers with Radar,0,5,20,0,25,0,0,90,0,90,0,5,110,0,115,156,0,156,271
04/15/2021,ARR,IL,AGL,CE,Towers with Radar,0,1,24,0,25,0,0,96,2,98,0,1,120,2,123,161,0,161,284
04/16/2021,ARR,IL,AGL,CE,Towers with Radar,0,3,15,0,18,0,0,138,0,138,0,3,153,0,156,241,0,241,397
04/17/2021,ARR,IL,AGL,CE,Towers with Radar,0,3,20,0,23,0,0,105,0,105,0,3,125,0,128,84,0,84,212
04/18/2021,ARR,IL,AGL,CE,Towers with Radar,0,5,24,0,29,0,0,78,0,78,0,5,102,0,107,176,0,176,283
04/19/2021,ARR,IL,AGL,CE,Towers with Radar,0,4,26,0,30,0,0,14,0,14,0,4,40,0,44,88,0,88,132
04/20/2021,ARR,IL,AGL,CE,Towers with Radar,0,2,8,0,10,0,0,9,0,9,0,2,17,0,19,16,0,16,35
04/21/2021,ARR,IL,AGL,CE,Towers with Radar,0,1,18,0,19,0,0,52,0,52,0,1,70,0,71,178,0,178,249
04/22/2021,ARR,IL,AGL,CE,Towers with Radar,0,3,17,0,20,0,0,108,0,108,0,3,125,0,128,204,0,204,332
04/23/2021,ARR,IL,AGL,CE,Towers with Radar,0,5,27,0,32,0,0,93,0,93,0,5,120,0,125,168,0,168,293
04/24/2021,ARR,IL,AGL,CE,Towers with Radar,0,0,8,0,8,0,0,65,0,65,0,0,73,0,73,182,0,182,255
04/25/2021,ARR,IL,AGL,CE,Towers with Radar,0,1,15,0,16,0,1,107,0,108,0,2,122,0,124,142,0,142,266
04/26/2021,ARR,IL,AGL,CE,Towers with Radar,0,3,17,0,20,0,0,33,0,33,0,3,50,0,53,46,0,46,99
04/27/2021,ARR,IL,AGL,CE,Towers with Radar,0,3,16,0,19,0,0,62,0,62,0,3,78,0,81,79,0,79,160
04/28/2021,ARR,IL,AGL,CE,Towers with Radar,0,3,33,0,36,0,0,24,0,24,0,3,57,0,60,157,0,157,217
04/29/2021,ARR,IL,AGL,CE,Towers with Radar,0,8,33,0,41,0,0,46,0,46,0,8,79,0,87,69,0,69,156
04/30/2021,ARR,IL,AGL,CE,Towers with Radar,0,1,19,0,20,0,1,134,0,135,0,2,153,0,155,117,0,117,272
05/01/2021,ARR,IL,AGL,CE,Towers with Radar,0,3,6,0,9,0,0,12,0,12,0,3,18,0,21,26,0,26,47
05/02/2021,ARR,IL,AGL,CE,Towers with Radar,0,5,17,0,22,0,0,32,0,32,0,5,49,0,54,28,0,28,82
05/03/2021,ARR,IL,AGL,CE,Towers with Radar,0,1,30,0,31,0,0,17,0,17,0,1,47,0,48,116,0,116,164
05/04/2021,ARR,IL,AGL,CE,Towers with Radar,0,5,41,0,46,0,0,35,0,35,0,5,76,0,81,134,0,134,215
05/05/2021,ARR,IL,AGL,CE,Towers with Radar,0,4,32,0,36,0,0,145,0,145,0,4,177,0,181,207,0,207,388
05/06/2021,ARR,IL,AGL,CE,Towers with Radar,0,5,35,0,40,0,0,46,0,46,0,5,81,0,86,158,0,158,244
05/07/2021,ARR,IL,AGL,CE,Towers with Radar,0,1,24,0,25,0,0,104,0,104,0,1,128,0,129,194,0,194,323
05/08/2021,ARR,IL,AGL,CE,Towers with Radar,0,0,23,0,23,0,2,146,0,148,0,2,169,0,171,146,0,146,317
05/09/2021,ARR,IL,AGL,CE,Towers with Radar,0,2,5,0,7,0,0,9,0,9,0,2,14,0,16,0,0,0,16
05/10/2021,ARR,IL,AGL,CE,Towers with Radar,0,2,23,0,25,0,0,82,0,82,0,2,105,0,107,223,0,223,330
05/11/2021,ARR,IL,AGL,CE,Towers with Radar,0,5,23,0,28,0,1,127,0,128,0,6,150,0,156,145,0,145,301
05/12/2021,ARR,IL,AGL,CE,Towers with Radar,0,1,27,0,28,0,0,117,0,117,0,1,144,0,145,232,0,232,377
05/13/2021,ARR,IL,AGL,CE,Towers with Radar,0,6,21,1,28,0,1,126,0,127,0,7,147,1,155,222,0,222,377
05/14/2021,ARR,IL,AGL,CE,Towers with Radar,0,1,16,0,17,0,3,114,0,117,0,4,130,0,134,188,0,188,322
05/15/2021,ARR,IL,AGL,CE,Towers with Radar,0,4,20,0,24,0,0,17,2,19,0,4,37,2,43,78,0,78,121
05/16/2021,ARR,IL,AGL,CE,Towers with Radar,0,5,19,0,24,0,3,96,0,99,0,8,115,0,123,164,0,164,287
05/17/2021,ARR,IL,AGL,CE,Towers with Radar,0,1,19,0,20,0,2,42,1,45,0,3,61,1,65,199,0,199,264
05/18/2021,ARR,IL,AGL,CE,Towers with Radar,0,2,29,0,31,0,0,31,0,31,0,2,60,0,62,104,0,104,166
05/19/2021,ARR,IL,AGL,CE,Towers with Radar,0,3,12,0,15,0,0,35,0,35,0,3,47,0,50,89,0,89,139
05/20/2021,ARR,IL,AGL,CE,Towers with Radar,0,7,28,0,35,0,0,72,0,72,0,7,100,0,107,91,0,91,198
05/21/2021,ARR,IL,AGL,CE,Towers with Radar,0,3,16,0,19,0,1,88,0,89,0,4,104,0,108,122,0,122,230
05/22/2021,ARR,IL,AGL,CE,Towers with Radar,0,9,17,2,28,0,1,123,0,124,0,10,140,2,152,158,0,158,310
05/23/2021,ARR,IL,AGL,CE,Towers with Radar,0,3,17,0,20,0,0,43,0,43,0,3,60,0,63,72,0,72,135
05/24/2021,ARR,IL,AGL,CE,Towers with Radar,0,3,15,0,18,0,1,96,0,97,0,4,111,0,115,116,0,116,231
05/25/2021,ARR,IL,AGL,CE,Towers with Radar,0,5,21,0,26,0,0,27,0,27,0,5,48,0,53,37,0,37,90
05/26/2021,ARR,IL,AGL,CE,Towers with Radar,0,3,26,0,29,0,0,104,0,104,0,3,130,0,133,56,0,56,189
05/27/2021,ARR,IL,AGL,CE,Towers with Radar,0,2,19,0,21,0,0,38,0,38,0,2,57,0,59,91,0,91,150
05/28/2021,ARR,IL,AGL,CE,Towers with Radar,0,1,12,0,13,0,0,1,0,1,0,1,13,0,14,0,0,0,14
05/29/2021,ARR,IL,AGL,CE,Towers with Radar,0,2,24,0,26,0,0,81,0,81,0,2,105,0,107,88,0,88,195
05/30/2021,ARR,IL,AGL,CE,Towers with Radar,0,6,16,0,22,0,0,117,0,117,0,6,133,0,139,146,0,146,285
05/31/2021,ARR,IL,AGL,CE,Towers with Radar,0,5,20,0,25,0,2,97,0,99,0,7,117,0,124,92,0,92,216
06/01/2021,ARR,IL,AGL,CE,Towers with Radar,0,5,18,0,23,0,5,110,0,115,0,10,128,0,138,200,0,200,338
06/02/2021,ARR,IL,AGL,CE,Towers with Radar,0,4,15,0,19,0,1,116,1,118,0,5,131,1,137,199,0,199,336
06/03/2021,ARR,IL,AGL,CE,Towers with Radar,0,8,22,0,30,0,3,117,0,120,0,11,139,0,150,265,0,265,415
06/04/2021,ARR,IL,AGL,CE,Towers with Radar,0,3,11,0,14,0,0,85,0,85,0,3,96,0,99,136,0,136,235
06/05/2021,ARR,IL,AGL,CE,Towers with Radar,0,1,13,0,14,0,1,101,0,102,0,2,114,0,116,90,0,90,206
06/06/2021,ARR,IL,AGL,CE,Towers with Radar,0,1,8,0,9,0,0,94,2,96,0,1,102,2,105,94,0,94,199
06/07/2021,ARR,IL,AGL,CE,Towers with Radar,0,3,26,0,29,0,0,13,0,13,0,3,39,0,42,124,0,124,166
06/08/2021,ARR,IL,AGL,CE,Towers with Radar,0,6,21,0,27,0,0,81,0,81,0,6,102,0,108,287,0,287,395
06/09/2021,ARR,IL,AGL,CE,Towers with Radar,0,7,23,0,30,0,0,107,0,107,0,7,130,0,137,149,0,149,286
06/10/2021,ARR,IL,AGL,CE,Towers with Radar,0,3,22,1,26,0,1,112,0,113,0,4,134,1,139,159,0,159,298
06/11/2021,ARR,IL,AGL,CE,Towers with Radar,0,3,21,0,24,0,0,68,0,68,0,3,89,0,92,146,0,146,238
06/12/2021,ARR,IL,AGL,CE,Towers with Radar,0,4,10,0,14,0,1,78,0,79,0,5,88,0,93,66,0,66,159
06/13/2021,ARR,IL,AGL,CE,Towers with Radar,0,0,19,0,19,0,0,124,0,124,0,0,143,0,143,138,0,138,281
06/14/2021,ARR,IL,AGL,CE,Towers with Radar,0,10,16,0,26,0,1,115,0,116,0,11,131,0,142,202,0,202,344
06/15/2021,ARR,IL,AGL,CE,Towers with Radar,0,4,25,0,29,0,1,124,0,125,0,5,149,0,154,314,0,314,468
06/16/2021,ARR,IL,AGL,CE,Towers with Radar,0,6,31,0,37,0,1,119,0,120,0,7,150,0,157,181,0,181,338
06/17/2021,ARR,IL,AGL,CE,Towers with Radar,0,3,17,0,20,0,0,99,0,99,0,3,116,0,119,182,0,182,301
06/18/2021,ARR,IL,AGL,CE,Towers with Radar,0,3,24,0,27,0,0,83,0,83,0,3,107,0,110,204,0,204,314
06/19/2021,ARR,IL,AGL,CE,Towers with Radar,0,5,16,0,21,0,0,66,0,66,0,5,82,0,87,126,0,126,213
06/20/2021,ARR,IL,AGL,CE,Towers with Radar,0,2,28,0,30,0,0,14,0,14,0,2,42,0,44,8,0,8,52
06/21/2021,ARR,IL,AGL,CE,Towers with Radar,0,1,20,0,21,0,0,65,0,65,0,1,85,0,86,162,0,162,248
06/22/2021,ARR,IL,AGL,CE,Towers with Radar,0,5,32,0,37,0,0,126,0,126,0,5,158,0,163,310,0,310,473
06/23/2021,ARR,IL,AGL,CE,Towers with Radar,0,5,29,0,34,0,0,48,0,48,0,5,77,0,82,82,0,82,164
06/24/2021,ARR,IL,AGL,CE,Towers with Radar,0,2,18,0,20,0,0,39,0,39,0,2,57,0,59,103,0,103,162
06/25/2021,ARR,IL,AGL,CE,Towers with Radar,0,2,15,0,17,0,0,12,0,12,0,2,27,0,29,74,0,74,103
06/26/2021,ARR,IL,AGL,CE,Towers with Radar,0,3,8,0,11,0,0,2,0,2,0,3,10,0,13,2,0,2,15
06/27/2021,ARR,IL,AGL,CE,Towers with Radar,0,3,17,0,20,0,0,73,0,73,0,3,90,0,93,50,0,50,143
06/28/2021,ARR,IL,AGL,CE,Towers with Radar,0,2,10,0,12,0,0,9,0,9,0,2,19,0,21,26,0,26,47
06/29/2021,ARR,IL,AGL,CE,Towers with Radar,0,2,24,0,26,0,0,22,0,22,0,2,46,0,48,106,0,106,154
06/30/2021,ARR,IL,AGL,CE,Towers with Radar,0,5,21,0,26,0,0,56,0,56,0,5,77,0,82,341,0,341,423
07/01/2021,ARR,IL,AGL,CE,Towers with Radar,0,10,37,0,47,0,0,138,0,138,0,10,175,0,185,163,0,163,348
07/02/2021,ARR,IL,AGL,CE,Towers with Radar,0,3,18,0,21,0,0,149,0,149,0,3,167,0,170,204,0,204,374
07/03/2021,ARR,IL,AGL,CE,Towers with Radar,0,3,8,0,11,0,1,108,0,109,0,4,116,0,120,102,0,102,222
07/04/2021,ARR,IL,AGL,CE,Towers with Radar,0,0,11,0,11,0,0,42,0,42,0,0,53,0,53,68,0,68,121
07/05/2021,ARR,IL,AGL,CE,Towers with Radar,0,3,27,0,30,0,0,83,0,83,0,3,110,0,113,130,0,130,243
07/06/2021,ARR,IL,AGL,CE,Towers with Radar,0,6,22,0,28,0,0,101,0,101,0,6,123,0,129,234,0,234,363
07/07/2021,ARR,IL,AGL,CE,Towers with Radar,0,2,9,0,11,0,0,15,0,15,0,2,24,0,26,80,0,80,106
07/08/2021,ARR,IL,AGL,CE,Towers with Radar,0,5,39,0,44,0,0,20,0,20,0,5,59,0,64,161,0,161,225
07/09/2021,ARR,IL,AGL,CE,Towers with Radar,0,2,24,0,26,0,3,141,0,144,0,5,165,0,170,252,0,252,422
07/10/2021,ARR,IL,AGL,CE,Towers with Radar,0,5,15,0,20,0,0,62,0,62,0,5,77,0,82,162,0,162,244
07/11/2021,ARR,IL,AGL,CE,Towers with Radar,0,7,15,0,22,0,1,14,0,15,0,8,29,0,37,28,0,28,65
07/12/2021,ARR,IL,AGL,CE,Towers with Radar,0,3,44,0,47,0,0,10,0,10,0,3,54,0,57,113,0,113,170
07/13/2021,ARR,IL,AGL,CE,Towers with Radar,0,2,20,0,22,0,0,47,0,47,0,2,67,0,69,222,0,222,291
07/14/2021,ARR,IL,AGL,CE,Towers with Radar,0,3,14,0,17,0,0,96,0,96,0,3,110,0,113,315,0,315,428
07/15/2021,ARR,IL,AGL,CE,Towers with Radar,0,6,18,0,24,0,0,27,0,27,0,6,45,0,51,111,0,111,162
07/16/2021,ARR,IL,AGL,CE,Towers with Radar,0,4,37,0,41,0,0,37,0,37,0,4,74,0,78,217,0,217,295
07/17/2021,ARR,IL,AGL,CE,Towers with Radar,0,3,8,0,11,0,0,123,0,123,0,3,131,0,134,172,0,172,306
07/18/2021,ARR,IL,AGL,CE,Towers with Radar,0,1,27,0,28,0,1,203,0,204,0,2,230,0,232,118,0,118,350
07/19/2021,ARR,IL,AGL,CE,Towers with Radar,0,10,19,0,29,0,1,131,0,132,0,11,150,0,161,252,0,252,413
07/20/2021,ARR,IL,AGL,CE,Towers with Radar,0,1,16,0,17,0,1,142,0,143,0,2,158,0,160,234,0,234,394
07/21/2021,ARR,IL,AGL,CE,Towers with Radar,0,1,38,0,39,0,0,49,0,49,0,1,87,0,88,202,0,202,290
07/22/2021,ARR,IL,AGL,CE,Towers with Radar,0,5,26,1,32,0,0,85,0,85,0,5,111,1,117,196,0,196,313
07/23/2021,ARR,IL,AGL,CE,Towers with Radar,0,4,18,0,22,0,0,121,0,121,0,4,139,0,143,246,0,246,389
07/24/2021,ARR,IL,AGL,CE,Towers with Radar,0,2,11,0,13,0,0,74,0,74,0,2,85,0,87,66,0,66,153
07/25/2021,ARR,IL,AGL,CE,Towers with Radar,0,4,18,0,22,0,3,103,0,106,0,7,121,0,128,164,0,164,292
07/26/2021,ARR,IL,AGL,CE,Towers with Radar,0,6,23,0,29,0,3,111,0,114,0,9,134,0,143,198,0,198,341
07/27/2021,ARR,IL,AGL,CE,Towers with Radar,0,2,21,0,23,0,2,114,0,116,0,4,135,0,139,160,0,160,299
07/28/2021,ARR,IL,AGL,CE,Towers with Radar,0,5,20,0,25,0,0,116,0,116,0,5,136,0,141,248,0,248,389
07/29/2021,ARR,IL,AGL,CE,Towers with Radar,0,3,20,0,23,0,0,70,0,70,0,3,90,0,93,137,0,137,230
07/30/2021,ARR,IL,AGL,CE,Towers with Radar,0,2,26,0,28,0,0,108,0,108,0,2,134,0,136,172,0,172,308
07/31/2021,ARR,IL,AGL,CE,Towers with Radar,0,5,8,0,13,0,2,98,0,100,0,7,106,0,113,142,0,142,255
08/01/2021,ARR,IL,AGL,CE,Towers with Radar,0,2,15,0,17,0,1,101,0,102,0,3,116,0,119,78,0,78,197
08/02/2021,ARR,IL,AGL,CE,Towers with Radar,0,6,23,0,29,0,2,125,0,127,0,8,148,0,156,144,0,144,300
08/03/2021,ARR,IL,AGL,CE,Towers with Radar,0,7,20,0,27,0,1,123,0,124,0,8,143,0,151,237,0,237,388
08/04/2021,ARR,IL,AGL,CE,Towers with Radar,0,4,22,0,26,0,2,126,0,128,0,6,148,0,154,282,0,282,436
08/05/2021,ARR,IL,AGL,CE,Towers with Radar,0,3,13,0,16,0,1,119,0,120,0,4,132,0,136,122,0,122,258
08/06/2021,ARR,IL,AGL,CE,Towers with Radar,0,4,18,0,22,0,0,57,0,57,0,4,75,0,79,108,0,108,187
08/07/2021,ARR,IL,AGL,CE,Towers with Radar,0,3,20,0,23,0,1,105,0,106,0,4,125,0,129,172,0,172,301
08/08/2021,ARR,IL,AGL,CE,Towers with Radar,0,2,23,0,25,0,1,55,0,56,0,3,78,0,81,70,0,70,151
08/09/2021,ARR,IL,AGL,CE,Towers with Radar,0,7,16,0,23,0,0,7,0,7,0,7,23,0,30,8,0,8,38
08/10/2021,ARR,IL,AGL,CE,Towers with Radar,0,3,25,0,28,0,0,33,0,33,0,3,58,0,61,136,0,136,197
08/11/2021,ARR,IL,AGL,CE,Towers with Radar,0,8,26,0,34,0,0,16,0,16,0,8,42,0,50,16,0,16,66
08/12/2021,ARR,IL,AGL,CE,Towers with Radar,0,5,27,0,32,0,0,71,0,71,0,5,98,0,103,100,0,100,203
08/13/2021,ARR,IL,AGL,CE,Towers with Radar,0,3,26,0,29,0,1,141,0,142,0,4,167,0,171,112,0,112,283
08/14/2021,ARR,IL,AGL,CE,Towers with Radar,0,2,6,0,8,0,1,124,0,125,0,3,130,0,133,154,0,154,287
08/15/2021,ARR,IL,AGL,CE,Towers with Radar,0,5,27,0,32,0,1,201,0,202,0,6,228,0,234,76,0,76,310
08/16/2021,ARR,IL,AGL,CE,Towers with Radar,0,3,20,0,23,0,3,103,0,106,0,6,123,0,129,158,0,158,287
08/17/2021,ARR,IL,AGL,CE,Towers with Radar,0,0,25,0,25,0,0,92,0,92,0,0,117,0,117,134,0,134,251
08/18/2021,ARR,IL,AGL,CE,Towers with Radar,0,4,19,0,23,0,0,75,0,75,0,4,94,0,98,228,0,228,326
08/19/2021,ARR,IL,AGL,CE,Towers with Radar,0,8,27,0,35,0,0,114,0,114,0,8,141,0,149,178,0,178,327
08/20/2021,ARR,IL,AGL,CE,Towers with Radar,0,3,38,0,41,0,5,92,0,97,0,8,130,0,138,210,0,210,348
08/21/2021,ARR,IL,AGL,CE,Towers with Radar,0,2,8,0,10,0,1,48,0,49,0,3,56,0,59,86,0,86,145
08/22/2021,ARR,IL,AGL,CE,Towers with Radar,0,4,21,0,25,0,3,128,1,132,0,7,149,1,157,173,0,173,330
08/23/2021,ARR,IL,AGL,CE,Towers with Radar,0,1,28,0,29,0,0,61,0,61,0,1,89,0,90,168,0,168,258
08/24/2021,ARR,IL,AGL,CE,Towers with Radar,0,5,10,0,15,0,3,74,0,77,0,8,84,0,92,148,0,148,240
08/25/2021,ARR,IL,AGL,CE,Towers with Radar,0,8,14,0,22,0,1,103,0,104,0,9,117,0,126,190,0,190,316
08/26/2021,ARR,IL,AGL,CE,Towers with Radar,0,2,19,0,21,0,0,98,0,98,0,2,117,0,119,172,0,172,291
08/27/2021,ARR,IL,AGL,CE,Towers with Radar,0,6,16,0,22,0,0,120,0,120,0,6,136,0,142,134,0,134,276
08/28/2021,ARR,IL,AGL,CE,Towers with Radar,0,2,13,0,15,0,1,92,0,93,0,3,105,0,108,90,0,90,198
08/29/2021,ARR,IL,AGL,CE,Towers with Radar,0,10,16,0,26,0,0,46,0,46,0,10,62,0,72,102,0,102,174
08/30/2021,ARR,IL,AGL,CE,Towers with Radar,0,4,17,0,21,0,3,128,0,131,0,7,145,0,152,125,0,125,277
08/31/2021,ARR,IL,AGL,CE,Towers with Radar,0,7,27,0,34,0,2,97,0,99,0,9,124,0,133,204,0,204,337
09/01/2021,ARR,IL,AGL,CE,Towers with Radar,0,3,26,0,29,0,0,93,0,93,0,3,119,0,122,171,0,171,293
09/02/2021,ARR,IL,AGL,CE,Towers with Radar,0,9,44,0,53,0,4,116,0,120,0,13,160,0,173,136,0,136,309
09/03/2021,ARR,IL,AGL,CE,Towers with Radar,0,8,20,0,28,0,2,74,0,76,0,10,94,0,104,162,0,162,266
09/04/2021,ARR,IL,AGL,CE,Towers with Radar,0,2,12,0,14,0,0,45,0,45,0,2,57,0,59,100,0,100,159
09/05/2021,ARR,IL,AGL,CE,Towers with Radar,0,6,25,0,31,0,1,98,0,99,0,7,123,0,130,168,0,168,298
09/06/2021,ARR,IL,AGL,CE,Towers with Radar,0,9,25,0,34,0,1,106,0,107,0,10,131,0,141,86,0,86,227
09/07/2021,ARR,IL,AGL,CE,Towers with Radar,0,3,19,0,22,0,2,40,0,42,0,5,59,0,64,46,0,46,110
09/08/2021,ARR,IL,AGL,CE,Towers with Radar,0,2,13,0,15,0,0,89,0,89,0,2,102,0,104,124,0,124,228
09/09/2021,ARR,IL,AGL,CE,Towers with Radar,0,4,25,0,29,0,3,119,0,122,0,7,144,0,151,160,0,160,311
09/10/2021,ARR,IL,AGL,CE,Towers with Radar,0,7,14,1,22,0,0,114,0,114,0,7,128,1,136,146,0,146,282
09/11/2021,ARR,IL,AGL,CE,Towers with Radar,0,0,17,0,17,0,0,114,0,114,0,0,131,0,131,118,0,118,249
09/12/2021,ARR,IL,AGL,CE,Towers with Radar,0,4,19,1,24,0,1,82,0,83,0,5,101,1,107,108,0,108,215
09/13/2021,ARR,IL,AGL,CE,Towers with Radar,0,4,17,0,21,0,4,81,0,85,0,8,98,0,106,178,0,178,284
09/14/2021,ARR,IL,AGL,CE,Towers with Radar,0,0,24,0,24,0,0,41,0,41,0,0,65,0,65,119,0,119,184
09/15/2021,ARR,IL,AGL,CE,Towers with Radar,0,3,21,0,24,0,1,131,0,132,0,4,152,0,156,204,0,204,360
09/16/2021,ARR,IL,AGL,CE,Towers with Radar,0,5,13,0,18,0,3,120,0,123,0,8,133,0,141,160,0,160,301
09/17/2021,ARR,IL,AGL,CE,Towers with Radar,0,6,14,0,20,0,1,100,0,101,0,7,114,0,121,173,0,173,294
09/18/2021,ARR,IL,AGL,CE,Towers with Radar,0,3,15,0,18,0,5,122,0,127,0,8,137,0,145,218,0,218,363
09/19/2021,ARR,IL,AGL,CE,Towers with Radar,0,7,23,0,30,0,3,168,9,180,0,10,191,9,210,60,4,64,274
09/20/2021,ARR,IL,AGL,CE,Towers with Radar,0,0,24,0,24,0,0,11,0,11,0,0,35,0,35,45,0,45,80
09/21/2021,ARR,IL,AGL,CE,Towers with Radar,0,2,23,0,25,0,0,38,0,38,0,2,61,0,63,95,0,95,158
09/22/2021,ARR,IL,AGL,CE,Towers with Radar,0,2,22,0,24,0,0,40,0,40,0,2,62,0,64,84,0,84,148
09/23/2021,ARR,IL,AGL,CE,Towers with Radar,0,3,19,0,22,0,0,84,0,84,0,3,103,0,106,85,0,85,191
09/24/2021,ARR,IL,AGL,CE,Towers with Radar,0,9,22,0,31,0,0,59,0,59,0,9,81,0,90,62,0,62,152
09/25/2021,ARR,IL,AGL,CE,Towers with Radar,0,3,19,0,22,0,0,95,0,95,0,3,114,0,117,106,0,106,223
09/26/2021,ARR,IL,AGL,CE,Towers with Radar,0,5,19,0,24,0,1,78,0,79,0,6,97,0,103,50,0,50,153
09/27/2021,ARR,IL,AGL,CE,Towers with Radar,0,5,6,0,11,0,4,114,0,118,0,9,120,0,129,130,0,130,259
09/28/2021,ARR,IL,AGL,CE,Towers with Radar,0,3,27,0,30,0,0,135,0,135,0,3,162,0,165,66,0,66,231
09/29/2021,ARR,IL,AGL,CE,Towers with Radar,0,1,26,0,27,0,1,123,0,124,0,2,149,0,151,90,0,90,241
09/30/2021,ARR,IL,AGL,CE,Towers with Radar,0,1,30,0,31,0,7,116,0,123,0,8,146,0,154,148,0,148,302
10/01/2021,ARR,IL,AGL,CE,Towers with Radar,0,0,14,0,14,0,2,115,0,117,0,2,129,0,131,140,0,140,271
10/02/2021,ARR,IL,AGL,CE,Towers with Radar,0,2,7,0,9,0,0,17,0,17,0,2,24,0,26,30,0,30,56
10/03/2021,ARR,IL,AGL,CE,Towers with Radar,0,5,18,0,23,0,0,6,0,6,0,5,24,0,29,28,0,28,57
10/04/2021,ARR,IL,AGL,CE,Towers with Radar,0,5,39,0,44,0,0,16,0,16,0,5,55,0,60,68,0,68,128
10/05/2021,ARR,IL,AGL,CE,Towers with Radar,0,3,63,0,66,0,0,15,0,15,0,3,78,0,81,158,0,158,239
10/06/2021,ARR,IL,AGL,CE,Towers with Radar,0,12,51,1,64,0,0,4,0,4,0,12,55,1,68,28,0,28,96
10/07/2021,ARR,IL,AGL,CE,Towers with Radar,0,5,31,0,36,0,0,2,0,2,0,5,33,0,38,24,0,24,62
10/08/2021,ARR,IL,AGL,CE,Towers with Radar,0,4,35,1,40,0,0,21,0,21,0,4,56,1,61,72,0,72,133
10/09/2021,ARR,IL,AGL,CE,Towers with Radar,0,4,15,0,19,0,1,132,0,133,0,5,147,0,152,88,0,88,240
10/10/2021,ARR,IL,AGL,CE,Towers with Radar,0,1,14,0,15,0,0,65,0,65,0,1,79,0,80,104,0,104,184
10/11/2021,ARR,IL,AGL,CE,Towers with Radar,0,1,23,0,24,0,0,25,0,25,0,1,48,0,49,40,0,40,89
10/12/2021,ARR,IL,AGL,CE,Towers with Radar,0,4,51,0,55,0,0,29,0,29,0,4,80,0,84,60,0,60,144
10/13/2021,ARR,IL,AGL,CE,Towers with Radar,0,4,24,0,28,0,0,38,0,38,0,4,62,0,66,36,0,36,102
10/14/2021,ARR,IL,AGL,CE,Towers with Radar,0,5,24,0,29,0,0,99,0,99,0,5,123,0,128,176,0,176,304
10/15/2021,ARR,IL,AGL,CE,Towers with Radar,0,4,15,0,19,0,0,115,0,115,0,4,130,0,134,212,0,212,346
10/16/2021,ARR,IL,AGL,CE,Towers with Radar,0,1,10,0,11,0,1,119,0,120,0,2,129,0,131,106,0,106,237
10/17/2021,ARR,IL,AGL,CE,Towers with Radar,0,5,15,0,20,0,2,159,0,161,0,7,174,0,181,138,0,138,319
10/18/2021,ARR,IL,AGL,CE,Towers with Radar,0,2,17,0,19,0,0,128,0,128,0,2,145,0,147,187,0,187,334
10/19/2021,ARR,IL,AGL,CE,Towers with Radar,0,0,19,0,19,0,1,94,0,95,0,1,113,0,114,174,0,174,288
10/20/2021,ARR,IL,AGL,CE,Towers with Radar,0,0,27,0,27,0,0,98,0,98,0,0,125,0,125,154,0,154,279
10/21/2021,ARR,IL,AGL,CE,Towers with Radar,0,5,33,0,38,0,0,11,0,11,0,5,44,0,49,118,0,118,167
10/22/2021,ARR,IL,AGL,CE,Towers with Radar,0,2,24,0,26,0,1,89,0,90,0,3,113,0,116,206,0,206,322
10/23/2021,ARR,IL,AGL,CE,Towers with Radar,0,2,26,0,28,0,2,125,0,127,0,4,151,0,155,200,0,200,355
10/24/2021,ARR,IL,AGL,CE,Towers with Radar,0,2,16,0,18,0,0,8,0,8,0,2,24,0,26,38,0,38,64
10/25/2021,ARR,IL,AGL,CE,Towers with Radar,0,2,16,0,18,0,0,6,0,6,0,2,22,0,24,0,0,0,24
10/26/2021,ARR,IL,AGL,CE,Towers with Radar,0,2,38,0,40,0,0,138,0,138,0,2,176,0,178,210,0,210,388
10/27/2021,ARR,IL,AGL,CE,Towers with Radar,0,3,24,0,27,0,3,124,0,127,0,6,148,0,154,190,0,190,344
10/28/2021,ARR,IL,AGL,CE,Towers with Radar,0,1,35,0,36,0,0,2,0,2,0,1,37,0,38,12,0,12,50
10/29/2021,ARR,IL,AGL,CE,Towers with Radar,0,1,15,0,16,0,0,1,0,1,0,1,16,0,17,0,0,0,17
10/30/2021,ARR,IL,AGL,CE,Towers with Radar,0,3,27,0,30,0,0,62,0,62,0,3,89,0,92,248,0,248,340
10/31/2021,ARR,IL,AGL,CE,Towers with Radar,0,3,16,0,19,0,0,51,0,51,0,3,67,0,70,104,0,104,174
11/01/2021,ARR,IL,AGL,CE,Towers with Radar,0,5,18,1,24,0,1,104,0,105,0,6,122,1,129,72,0,72,201
11/02/2021,ARR,IL,AGL,CE,Towers with Radar,0,1,14,1,16,0,2,108,0,110,0,3,122,1,126,191,0,191,317
11/03/2021,ARR,IL,AGL,CE,Towers with Radar,0,1,23,0,24,0,2,122,0,124,0,3,145,0,148,182,0,182,330
11/04/2021,ARR,IL,AGL,CE,Towers with Radar,0,6,16,0,22,0,0,108,0,108,0,6,124,0,130,93,0,93,223
11/05/2021,ARR,IL,AGL,CE,Towers with Radar,0,7,15,0,22,0,1,111,0,112,0,8,126,0,134,128,0,128,262
11/06/2021,ARR,IL,AGL,CE,Towers with Radar,0,2,18,0,20,0,0,113,0,113,0,2,131,0,133,132,0,132,265
11/07/2021,ARR,IL,AGL,CE,Towers with Radar,0,7,13,0,20,0,1,99,0,100,0,8,112,0,120,78,0,78,198
11/08/2021,ARR,IL,AGL,CE,Towers with Radar,0,6,14,0,20,0,2,74,0,76,0,8,88,0,96,118,0,118,214
11/09/2021,ARR,IL,AGL,CE,Towers with Radar,0,2,19,0,21,0,1,84,0,85,0,3,103,0,106,109,0,109,215
11/10/2021,ARR,IL,AGL,CE,Towers with Radar,0,5,33,0,38,0,0,42,0,42,0,5,75,0,80,222,0,222,302
11/11/2021,ARR,IL,AGL,CE,Towers with Radar,0,5,14,0,19,0,0,11,0,11,0,5,25,0,30,42,0,42,72
11/12/2021,ARR,IL,AGL,CE,Towers with Radar,0,6,13,0,19,0,0,6,0,6,0,6,19,0,25,29,0,29,54
11/13/2021,ARR,IL,AGL,CE,Towers with Radar,0,3,10,0,13,0,0,37,1,38,0,3,47,1,51,194,0,194,245
11/14/2021,ARR,IL,AGL,CE,Towers with Radar,0,3,10,0,13,0,0,5,0,5,0,3,15,0,18,26,0,26,44
11/15/2021,ARR,IL,AGL,CE,Towers with Radar,0,1,24,0,25,0,0,59,0,59,0,1,83,0,84,135,0,135,219
11/16/2021,ARR,IL,AGL,CE,Towers with Radar,0,4,18,0,22,0,0,133,0,133,0,4,151,0,155,182,0,182,337
11/17/2021,ARR,IL,AGL,CE,Towers with Radar,0,3,26,0,29,0,0,12,0,12,0,3,38,0,41,100,0,100,141
11/18/2021,ARR,IL,AGL,CE,Towers with Radar,0,2,12,0,14,0,0,20,0,20,0,2,32,0,34,40,0,40,74
11/19/2021,ARR,IL,AGL,CE,Towers with Radar,0,12,25,0,37,0,0,102,0,102,0,12,127,0,139,132,0,132,271
11/20/2021,ARR,IL,AGL,CE,Towers with Radar,0,2,13,0,15,0,0,115,0,115,0,2,128,0,130,130,0,130,260
11/21/2021,ARR,IL,AGL,CE,Towers with Radar,0,2,7,0,9,0,0,48,0,48,0,2,55,0,57,92,0,92,149
11/22/2021,ARR,IL,AGL,CE,Towers with Radar,0,6,18,0,24,0,0,99,0,99,0,6,117,0,123,176,0,176,299
11/23/2021,ARR,IL,AGL,CE,Towers with Radar,0,5,27,0,32,0,0,114,0,114,0,5,141,0,146,64,0,64,210
11/24/2021,ARR,IL,AGL,CE,Towers with Radar,0,4,21,0,25,0,1,25,0,26,0,5,46,0,51,62,0,62,113
11/25/2021,ARR,IL,AGL,CE,Towers with Radar,0,1,5,0,6,0,0,6,0,6,0,1,11,0,12,32,0,32,44
11/26/2021,ARR,IL,AGL,CE,Towers with Radar,0,2,18,0,20,0,0,76,0,76,0,2,94,0,96,160,0,160,256
11/27/2021,ARR,IL,AGL,CE,Towers with Radar,0,2,11,0,13,0,0,64,0,64,0,2,75,0,77,100,0,100,177
11/28/2021,ARR,IL,AGL,CE,Towers with Radar,0,7,14,0,21,0,0,52,0,52,0,7,66,0,73,108,0,108,181
11/29/2021,ARR,IL,AGL,CE,Towers with Radar,0,4,15,0,19,0,0,57,0,57,0,4,72,0,76,96,0,96,172
11/30/2021,ARR,IL,AGL,CE,Towers with Radar,0,3,19,0,22,0,0,123,0,123,0,3,142,0,145,175,0,175,320
12/01/2021,ARR,IL,AGL,CE,Towers with Radar,0,4,22,1,27,0,0,29,0,29,0,4,51,1,56,104,0,104,160
12/02/2021,ARR,IL,AGL,CE,Towers with Radar,0,1,13,1,15,0,0,99,0,99,0,1,112,1,114,110,0,110,224
12/03/2021,ARR,IL,AGL,CE,Towers with Radar,0,2,23,0,25,0,0,128,0,128,0,2,151,0,153,184,0,184,337
12/04/2021,ARR,IL,AGL,CE,Towers with Radar,0,4,12,0,16,0,0,116,0,116,0,4,128,0,132,140,0,140,272
12/05/2021,ARR,IL,AGL,CE,Towers with Radar,0,0,7,0,7,0,0,0,0,0,0,0,7,0,7,0,0,0,7
12/06/2021,ARR,IL,AGL,CE,Towers with Radar,0,0,27,0,27,0,0,8,0,8,0,0,35,0,35,2,0,2,37
12/07/2021,ARR,IL,AGL,CE,Towers with Radar,0,2,13,0,15,0,2,67,0,69,0,4,80,0,84,174,0,174,258
12/08/2021,ARR,IL,AGL,CE,Towers with Radar,0,6,26,0,32,0,0,95,0,95,0,6,121,0,127,168,0,168,295
12/09/2021,ARR,IL,AGL,CE,Towers with Radar,0,5,21,0,26,0,0,61,0,61,0,5,82,0,87,134,0,134,221
12/10/2021,ARR,IL,AGL,CE,Towers with Radar,0,4,17,0,21,0,0,35,0,35,0,4,52,0,56,120,0,120,176
12/11/2021,ARR,IL,AGL,CE,Towers with Radar,0,3,7,0,10,0,0,5,0,5,0,3,12,0,15,0,0,0,15
12/12/2021,ARR,IL,AGL,CE,Towers with Radar,0,2,10,0,12,0,0,67,0,67,0,2,77,0,79,104,0,104,183
12/13/2021,ARR,IL,AGL,CE,Towers with Radar,0,6,22,0,28,0,0,86,0,86,0,6,108,0,114,224,0,224,338
12/14/2021,ARR,IL,AGL,CE,Towers with Radar,0,2,29,0,31,0,0,107,0,107,0,2,136,0,138,136,0,136,274
12/15/2021,ARR,IL,AGL,CE,Towers with Radar,0,3,13,0,16,0,0,2,0,2,0,3,15,0,18,0,0,0,18
12/16/2021,ARR,IL,AGL,CE,Towers with Radar,0,6,7,0,13,0,0,22,0,22,0,6,29,0,35,58,0,58,93
12/17/2021,ARR,IL,AGL,CE,Towers with Radar,0,3,27,0,30,0,0,87,0,87,0,3,114,0,117,200,0,200,317
12/18/2021,ARR,IL,AGL,CE,Towers with Radar,0,5,8,0,13,0,0,22,0,22,0,5,30,0,35,130,0,130,165
12/19/2021,ARR,IL,AGL,CE,Towers with Radar,0,1,23,0,24,0,0,102,0,102,0,1,125,0,126,258,0,258,384
12/20/2021,ARR,IL,AGL,CE,Towers with Radar,0,1,13,0,14,0,0,60,0,60,0,1,73,0,74,76,0,76,150
12/21/2021,ARR,IL,AGL,CE,Towers with Radar,0,2,15,0,17,0,0,76,0,76,0,2,91,0,93,114,0,114,207
12/22/2021,ARR,IL,AGL,CE,Towers with Radar,0,3,25,0,28,0,0,99,0,99,0,3,124,0,127,113,0,113,240
12/23/2021,ARR,IL,AGL,CE,Towers with Radar,0,9,11,0,20,0,0,80,0,80,0,9,91,0,100,124,0,124,224
12/24/2021,ARR,IL,AGL,CE,Towers with Radar,2,4,10,0,16,0,0,0,0,0,2,4,10,0,16,0,0,0,16
12/25/2021,ARR,IL,AGL,CE,Towers with Radar,0,4,3,0,7,0,0,21,0,21,0,4,24,0,28,34,0,34,62
12/26/2021,ARR,IL,AGL,CE,Towers with Radar,0,2,13,0,15,0,0,40,0,40,0,2,53,0,55,48,0,48,103
12/27/2021,ARR,IL,AGL,CE,Towers with Radar,0,3,30,0,33,0,0,7,0,7,0,3,37,0,40,8,0,8,48
12/28/2021,ARR,IL,AGL,CE,Towers with Radar,0,1,4,0,5,0,0,9,0,9,0,1,13,0,14,6,0,6,20
12/29/2021,ARR,IL,AGL,CE,Towers with Radar,0,1,14,0,15,0,0,44,0,44,0,1,58,0,59,152,0,152,211
12/30/2021,ARR,IL,AGL,CE,Towers with Radar,0,1,10,0,11,0,0,14,0,14,0,1,24,0,25,214,0,214,239
12/31/2021,ARR,IL,AGL,CE,Towers with Radar,0,5,7,0,12,0,0,1,0,1,0,5,8,0,13,0,0,0,13
01/01/2022,ARR,IL,AGL,CE,Towers with Radar,0,3,4,0,7,0,0,0,0,0,0,3,4,0,7,0,0,0,7
01/02/2022,ARR,IL,AGL,CE,Towers with Radar,0,8,19,0,27,0,0,18,0,18,0,8,37,0,45,78,0,78,123
01/03/2022,ARR,IL,AGL,CE,Towers with Radar,0,3,19,0,22,0,0,81,0,81,0,3,100,0,103,70,0,70,173
01/04/2022,ARR,IL,AGL,CE,Towers with Radar,0,5,18,0,23,0,0,60,0,60,0,5,78,0,83,102,0,102,185
01/05/2022,ARR,IL,AGL,CE,Towers with Radar,0,1,13,0,14,0,0,1,0,1,0,1,14,0,15,0,0,0,15
01/06/2022,ARR,IL,AGL,CE,Towers with Radar,0,0,7,0,7,0,0,26,0,26,0,0,33,0,33,60,0,60,93
01/07/2022,ARR,IL,AGL,CE,Towers with Radar,0,7,18,0,25,0,0,59,0,59,0,7,77,0,84,38,0,38,122
01/08/2022,ARR,IL,AGL,CE,Towers with Radar,0,1,6,0,7,0,0,35,0,35,0,1,41,0,42,84,0,84,126
01/09/2022,ARR,IL,AGL,CE,Towers with Radar,0,1,0,0,1,0,0,1,0,1,0,1,1,0,2,0,0,0,2
01/10/2022,ARR,IL,AGL,CE,Towers with Radar,0,2,3,0,5,0,0,3,0,3,0,2,6,0,8,0,0,0,8
01/11/2022,ARR,IL,AGL,CE,Towers with Radar,0,0,14,0,14,0,0,23,0,23,0,0,37,0,37,0,0,0,37
01/12/2022,ARR,IL,AGL,CE,Towers with Radar,0,1,21,0,22,0,0,109,1,110,0,1,130,1,132,128,0,128,260
01/13/2022,ARR,IL,AGL,CE,Towers with Radar,0,1,10,0,11,0,0,50,0,50,0,1,60,0,61,164,0,164,225
01/14/2022,ARR,IL,AGL,CE,Towers with Radar,0,6,13,0,19,0,0,5,0,5,0,6,18,0,24,95,0,95,119
01/15/2022,ARR,IL,AGL,CE,Towers with Radar,0,0,8,0,8,0,0,23,0,23,0,0,31,0,31,164,0,164,195
01/16/2022,ARR,IL,AGL,CE,Towers with Radar,0,0,8,0,8,0,2,76,0,78,0,2,84,0,86,142,0,142,228
01/17/2022,ARR,IL,AGL,CE,Towers with Radar,0,2,16,0,18,0,0,20,0,20,0,2,36,0,38,176,0,176,214
01/18/2022,ARR,IL,AGL,CE,Towers with Radar,0,2,20,0,22,0,0,62,0,62,0,2,82,0,84,100,0,100,184
01/19/2022,ARR,IL,AGL,CE,Towers with Radar,0,3,19,0,22,0,0,33,0,33,0,3,52,0,55,82,0,82,137
01/20/2022,ARR,IL,AGL,CE,Towers with Radar,0,2,22,0,24,0,0,85,0,85,0,2,107,0,109,178,0,178,287
01/21/2022,ARR,IL,AGL,CE,Towers with Radar,0,1,16,0,17,0,2,118,0,120,0,3,134,0,137,242,0,242,379
01/22/2022,ARR,IL,AGL,CE,Towers with Radar,0,1,9,0,10,0,0,41,0,41,0,1,50,0,51,40,0,40,91
01/23/2022,ARR,IL,AGL,CE,Towers with Radar,0,2,13,0,15,0,0,39,0,39,0,2,52,0,54,186,0,186,240
01/24/2022,ARR,IL,AGL,CE,Towers with Radar,0,1,8,0,9,0,0,5,0,5,0,1,13,0,14,0,0,0,14
01/25/2022,ARR,IL,AGL,CE,Towers with Radar,0,2,11,0,13,0,0,69,0,69,0,2,80,0,82,54,0,54,136
01/26/2022,ARR,IL,AGL,CE,Towers with Radar,0,2,8,0,10,0,1,21,0,22,0,3,29,0,32,36,0,36,68
01/27/2022,ARR,IL,AGL,CE,Towers with Radar,0,4,18,0,22,0,0,46,0,46,0,4,64,0,68,200,0,200,268
01/28/2022,ARR,IL,AGL,CE,Towers with Radar,0,3,18,0,21,0,0,71,0,71,0,3,89,0,92,84,0,84,176
01/29/2022,ARR,IL,AGL,CE,Towers with Radar,0,0,10,0,10,0,0,92,0,92,0,0,102,0,102,84,0,84,186
01/30/2022,ARR,IL,AGL,CE,Towers with Radar,0,2,16,0,18,0,0,77,0,77,0,2,93,0,95,124,0,124,219
01/31/2022,ARR,IL,AGL,CE,Towers with Radar,0,3,34,0,37,0,0,72,0,72,0,3,106,0,109,83,0,83,192
02/01/2022,ARR,IL,AGL,CE,Towers with Radar,0,7,9,0,16,0,0,20,0,20,0,7,29,0,36,62,0,62,98
02/02/2022,ARR,IL,AGL,CE,Towers with Radar,0,1,3,0,4,0,0,0,0,0,0,1,3,0,4,0,0,0,4
02/03/2022,ARR,IL,AGL,CE,Towers with Radar,0,3,9,0,12,0,0,2,0,2,0,3,11,0,14,0,0,0,14
02/04/2022,ARR,IL,AGL,CE,Towers with Radar,0,2,9,0,11,0,0,56,0,56,0,2,65,0,67,106,0,106,173
02/05/2022,ARR,IL,AGL,CE,Towers with Radar,0,1,22,0,23,0,0,70,0,70,0,1,92,0,93,76,0,76,169
02/06/2022,ARR,IL,AGL,CE,Towers with Radar,0,1,17,0,18,0,0,83,0,83,0,1,100,0,101,180,0,180,281
02/07/2022,ARR,IL,AGL,CE,Towers with Radar,0,3,11,0,14,0,2,45,0,47,0,5,56,0,61,85,0,85,146
02/08/2022,ARR,IL,AGL,CE,Towers with Radar,0,1,23,0,24,0,0,86,0,86,0,1,109,0,110,146,0,146,256
02/09/2022,ARR,IL,AGL,CE,Towers with Radar,0,3,17,0,20,0,0,47,0,47,0,3,64,0,67,116,0,116,183
02/10/2022,ARR,IL,AGL,CE,Towers with Radar,0,6,6,0,12,0,0,14,0,14,0,6,20,0,26,178,0,178,204
02/11/2022,ARR,IL,AGL,CE,Towers with Radar,0,1,8,0,9,0,0,21,0,21,0,1,29,0,30,70,0,70,100
02/12/2022,ARR,IL,AGL,CE,Towers with Radar,0,0,11,0,11,0,0,76,0,76,0,0,87,0,87,282,0,282,369
02/13/2022,ARR,IL,AGL,CE,Towers with Radar,0,4,18,0,22,0,0,46,0,46,0,4,64,0,68,86,0,86,154
02/14/2022,ARR,IL,AGL,CE,Towers with Radar,0,0,19,0,19,0,0,82,0,82,0,0,101,0,101,132,0,132,233
02/15/2022,ARR,IL,AGL,CE,Towers with Radar,0,6,19,0,25,0,0,96,0,96,0,6,115,0,121,54,0,54,175
02/16/2022,ARR,IL,AGL,CE,Towers with Radar,0,2,10,0,12,0,0,0,0,0,0,2,10,0,12,0,0,0,12
02/17/2022,ARR,IL,AGL,CE,Towers with Radar,0,1,10,0,11,0,0,0,0,0,0,1,10,0,11,0,0,0,11
02/18/2022,ARR,IL,AGL,CE,Towers with Radar,0,0,18,0,18,0,0,46,0,46,0,0,64,0,64,59,0,59,123
02/19/2022,ARR,IL,AGL,CE,Towers with Radar,0,1,11,0,12,0,0,84,0,84,0,1,95,0,96,196,0,196,292
02/20/2022,ARR,IL,AGL,CE,Towers with Radar,0,2,7,0,9,0,0,9,0,9,0,2,16,0,18,6,0,6,24
02/21/2022,ARR,IL,AGL,CE,Towers with Radar,0,1,30,0,31,0,0,40,0,40,0,1,70,0,71,158,0,158,229
02/22/2022,ARR,IL,AGL,CE,Towers with Radar,0,4,8,0,12,0,0,0,0,0,0,4,8,0,12,0,0,0,12
02/23/2022,ARR,IL,AGL,CE,Towers with Radar,0,4,15,0,19,0,0,79,0,79,0,4,94,0,98,188,0,188,286
02/24/2022,ARR,IL,AGL,CE,Towers with Radar,0,4,7,0,11,0,0,17,0,17,0,4,24,0,28,28,0,28,56
02/25/2022,ARR,IL,AGL,CE,Towers with Radar,0,0,17,0,17,0,0,73,0,73,0,0,90,0,90,133,0,133,223
02/26/2022,ARR,IL,AGL,CE,Towers with Radar,0,5,14,0,19,0,0,110,0,110,0,5,124,0,129,104,0,104,233
02/27/2022,ARR,IL,AGL,CE,Towers with Radar,0,2,13,0,15,0,0,98,0,98,0,2,111,0,113,126,0,126,239
02/28/2022,ARR,IL,AGL,CE,Towers with Radar,0,1,21,0,22,0,2,84,0,86,0,3,105,0,108,150,0,150,258
03/01/2022,ARR,IL,AGL,CE,Towers with Radar,0,4,21,1,26,0,0,119,0,119,0,4,140,1,145,174,0,174,319
03/02/2022,ARR,IL,AGL,CE,Towers with Radar,0,5,21,0,26,0,0,93,0,93,0,5,114,0,119,243,0,243,362
03/03/2022,ARR,IL,AGL,CE,Towers with Radar,0,1,24,0,25,0,0,74,0,74,0,1,98,0,99,130,0,130,229
03/04/2022,ARR,IL,AGL,CE,Towers with Radar,0,2,17,0,19,0,6,111,0,117,0,8,128,0,136,145,0,145,281
03/05/2022,ARR,IL,AGL,CE,Towers with Radar,0,5,6,0,11,0,0,52,0,52,0,5,58,0,63,58,0,58,121
03/06/2022,ARR,IL,AGL,CE,Towers with Radar,0,3,16,0,19,0,0,24,0,24,0,3,40,0,43,38,0,38,81
03/07/2022,ARR,IL,AGL,CE,Towers with Radar,0,4,9,0,13,0,0,2,0,2,0,4,11,0,15,28,0,28,43
03/08/2022,ARR,IL,AGL,CE,Towers with Radar,0,3,15,0,18,0,2,97,0,99,0,5,112,0,117,216,0,216,333
03/09/2022,ARR,IL,AGL,CE,Towers with Radar,0,2,14,0,16,0,0,98,0,98,0,2,112,0,114,202,0,202,316
03/10/2022,ARR,IL,AGL,CE,Towers with Radar,0,4,17,0,21,0,0,20,0,20,0,4,37,0,41,64,0,64,105
03/11/2022,ARR,IL,AGL,CE,Towers with Radar,0,6,14,0,20,0,0,43,0,43,0,6,57,0,63,97,0,97,160
03/12/2022,ARR,IL,AGL,CE,Towers with Radar,0,2,9,0,11,0,0,65,0,65,0,2,74,0,76,112,0,112,188
03/13/2022,ARR,IL,AGL,CE,Towers with Radar,0,2,19,0,21,0,0,98,0,98,0,2,117,0,119,116,0,116,235
03/14/2022,ARR,IL,AGL,CE,Towers with Radar,0,3,9,0,12,0,0,102,0,102,0,3,111,0,114,143,0,143,257
03/15/2022,ARR,IL,AGL,CE,Towers with Radar,0,2,23,0,25,0,0,101,0,101,0,2,124,0,126,203,0,203,329
03/16/2022,ARR,IL,AGL,CE,Towers with Radar,0,2,20,0,22,0,0,78,0,78,0,2,98,0,100,116,0,116,216
03/17/2022,ARR,IL,AGL,CE,Towers with Radar,0,6,19,0,25,0,0,72,0,72,0,6,91,0,97,206,0,206,303
03/18/2022,ARR,IL,AGL,CE,Towers with Radar,0,2,14,0,16,0,0,3,0,3,0,2,17,0,19,28,0,28,47
03/19/2022,ARR,IL,AGL,CE,Towers with Radar,0,5,8,0,13,0,0,2,0,2,0,5,10,0,15,28,0,28,43
03/20/2022,ARR,IL,AGL,CE,Towers with Radar,0,0,22,0,22,0,0,162,0,162,0,0,184,0,184,202,0,202,386
03/21/2022,ARR,IL,AGL,CE,Towers with Radar,0,2,21,0,23,0,2,93,0,95,0,4,114,0,118,161,0,161,279
03/22/2022,ARR,IL,AGL,CE,Towers with Radar,0,0,17,0,17,0,0,4,0,4,0,0,21,0,21,20,0,20,41
03/23/2022,ARR,IL,AGL,CE,Towers with Radar,0,1,31,0,32,0,0,0,0,0,0,1,31,0,32,0,0,0,32
03/24/2022,ARR,IL,AGL,CE,Towers with Radar,0,1,9,0,10,0,0,0,0,0,0,1,9,0,10,0,0,0,10
03/25/2022,ARR,IL,AGL,CE,Towers with Radar,0,7,24,0,31,0,0,11,0,11,0,7,35,0,42,34,0,34,76
03/26/2022,ARR,IL,AGL,CE,Towers with Radar,0,1,10,0,11,0,0,30,0,30,0,1,40,0,41,80,0,80,121
03/27/2022,ARR,IL,AGL,CE,Towers with Radar,0,1,15,0,16,0,0,113,0,113,0,1,128,0,129,148,0,148,277
03/28/2022,ARR,IL,AGL,CE,Towers with Radar,0,1,24,0,25,0,1,129,0,130,0,2,153,0,155,162,0,162,317
03/29/2022,ARR,IL,AGL,CE,Towers with Radar,0,2,26,0,28,0,0,60,0,60,0,2,86,0,88,98,0,98,186
03/30/2022,ARR,IL,AGL,CE,Towers with Radar,0,4,17,0,21,0,0,4,0,4,0,4,21,0,25,22,0,22,47
03/31/2022,ARR,IL,AGL,CE,Towers with Radar,0,5,7,0,12,0,0,5,0,5,0,5,12,0,17,16,0,16,33
04/01/2022,ARR,IL,AGL,CE,Towers with Radar,0,2,22,0,24,0,2,127,0,129,0,4,149,0,153,194,0,194,347
04/02/2022,ARR,IL,AGL,CE,Towers with Radar,0,3,14,0,17,0,0,19,0,19,0,3,33,0,36,44,0,44,80
04/03/2022,ARR,IL,AGL,CE,Towers with Radar,0,4,28,0,32,0,0,80,0,80,0,4,108,0,112,110,0,110,222
04/04/2022,ARR,IL,AGL,CE,Towers with Radar,0,1,15,0,16,0,0,19,0,19,0,1,34,0,35,238,0,238,273
04/05/2022,ARR,IL,AGL,CE,Towers with Radar,0,2,14,0,16,0,0,61,0,61,0,2,75,0,77,168,0,168,245
04/06/2022,ARR,IL,AGL,CE,Towers with Radar,0,0,14,0,14,0,0,29,0,29,0,0,43,0,43,26,0,26,69
04/07/2022,ARR,IL,AGL,CE,Towers with Radar,0,1,13,0,14,0,0,17,0,17,0,1,30,0,31,44,0,44,75
04/08/2022,ARR,IL,AGL,CE,Towers with Radar,0,2,14,0,16,0,0,7,0,7,0,2,21,0,23,24,0,24,47
04/09/2022,ARR,IL,AGL,CE,Towers with Radar,0,0,19,0,19,0,0,95,0,95,0,0,114,0,114,240,0,240,354
04/10/2022,ARR,IL,AGL,CE,Towers with Radar,0,3,15,0,18,0,0,66,0,66,0,3,81,0,84,98,0,98,182
04/11/2022,ARR,IL,AGL,CE,Towers with Radar,0,1,14,0,15,0,0,115,0,115,0,1,129,0,130,163,0,163,293
04/12/2022,ARR,IL,AGL,CE,Towers with Radar,0,3,15,0,18,0,0,82,0,82,0,3,97,0,100,171,0,171,271
04/13/2022,ARR,IL,AGL,CE,Towers with Radar,0,3,12,0,15,0,0,0,0,0,0,3,12,0,15,38,0,38,53
04/14/2022,ARR,IL,AGL,CE,Towers with Radar,0,3,21,0,24,0,0,15,0,15,0,3,36,0,39,4,0,4,43
04/15/2022,ARR,IL,AGL,CE,Towers with Radar,0,5,14,0,19,0,0,70,0,70,0,5,84,0,89,136,0,136,225
04/16/2022,ARR,IL,AGL,CE,Towers with Radar,0,0,12,0,12,0,0,110,0,110,0,0,122,0,122,136,0,136,258
04/17/2022,ARR,IL,AGL,CE,Towers with Radar,0,4,14,0,18,0,2,48,0,50,0,6,62,0,68,104,0,104,172
04/18/2022,ARR,IL,AGL,CE,Towers with Radar,0,8,14,0,22,0,0,0,0,0,0,8,14,0,22,0,0,0,22
04/19/2022,ARR,IL,AGL,CE,Towers with Radar,0,8,16,0,24,0,0,100,0,100,0,8,116,0,124,189,0,189,313
04/20/2022,ARR,IL,AGL,CE,Towers with Radar,0,5,16,0,21,0,0,19,0,19,0,5,35,0,40,68,0,68,108
04/21/2022,ARR,IL,AGL,CE,Towers with Radar,0,3,27,0,30,0,0,93,0,93,0,3,120,0,123,162,0,162,285
04/22/2022,ARR,IL,AGL,CE,Towers with Radar,0,2,15,0,17,0,0,12,0,12,0,2,27,0,29,84,0,84,113
04/23/2022,ARR,IL,AGL,CE,Towers with Radar,0,1,4,0,5,0,0,22,0,22,0,1,26,0,27,0,0,0,27
04/24/2022,ARR,IL,AGL,CE,Towers with Radar,0,3,19,0,22,0,0,9,0,9,0,3,28,0,31,24,0,24,55
04/25/2022,ARR,IL,AGL,CE,Towers with Radar,0,4,14,0,18,0,0,64,0,64,0,4,78,0,82,165,0,165,247
04/26/2022,ARR,IL,AGL,CE,Towers with Radar,0,1,18,0,19,0,0,77,0,77,0,1,95,0,96,88,0,88,184
04/27/2022,ARR,IL,AGL,CE,Towers with Radar,0,4,28,0,32,0,0,110,0,110,0,4,138,0,142,119,0,119,261
04/28/2022,ARR,IL,AGL,CE,Towers with Radar,0,1,26,0,27,0,0,45,0,45,0,1,71,0,72,96,0,96,168
04/29/2022,ARR,IL,AGL,CE,Towers with Radar,0,3,34,0,37,0,0,88,0,88,0,3,122,0,125,158,0,158,283
04/30/2022,ARR,IL,AGL,CE,Towers with Radar,0,5,9,0,14,0,0,9,0,9,0,5,18,0,23,2,0,2,25
05/01/2022,ARR,IL,AGL,CE,Towers with Radar,0,0,17,0,17,0,0,17,0,17,0,0,34,0,34,76,0,76,110
05/02/2022,ARR,IL,AGL,CE,Towers with Radar,0,3,27,0,30,0,0,72,0,72,0,3,99,0,102,244,0,244,346
05/03/2022,ARR,IL,AGL,CE,Towers with Radar,0,2,23,0,25,0,0,0,0,0,0,2,23,0,25,0,0,0,25
05/04/2022,ARR,IL,AGL,CE,Towers with Radar,0,1,29,0,30,0,0,107,0,107,0,1,136,0,137,210,0,210,347
05/05/2022,ARR,IL,AGL,CE,Towers with Radar,0,4,32,0,36,0,0,28,0,28,0,4,60,0,64,78,0,78,142
05/06/2022,ARR,IL,AGL,CE,Towers with Radar,0,2,28,0,30,0,0,4,0,4,0,2,32,0,34,0,0,0,34
05/07/2022,ARR,IL,AGL,CE,Towers with Radar,0,3,20,0,23,0,0,168,0,168,0,3,188,0,191,165,0,165,356
05/08/2022,ARR,IL,AGL,CE,Towers with Radar,0,1,11,0,12,0,0,58,0,58,0,1,69,0,70,74,0,74,144
05/09/2022,ARR,IL,AGL,CE,Towers with Radar,0,0,19,0,19,0,0,17,0,17,0,0,36,0,36,12,0,12,48
05/10/2022,ARR,IL,AGL,CE,Towers with Radar,0,2,23,0,25,0,0,105,0,105,0,2,128,0,130,187,0,187,317
05/11/2022,ARR,IL,AGL,CE,Towers with Radar,0,1,18,0,19,0,0,48,0,48,0,1,66,0,67,76,0,76,143
05/12/2022,ARR,IL,AGL,CE,Towers with Radar,0,3,20,0,23,0,0,112,0,112,0,3,132,0,135,125,0,125,260
05/13/2022,ARR,IL,AGL,CE,Towers with Radar,0,3,19,0,22,0,0,102,0,102,0,3,121,0,124,178,0,178,302
05/14/2022,ARR,IL,AGL,CE,Towers with Radar,0,1,7,0,8,0,0,78,0,78,0,1,85,0,86,172,0,172,258
05/15/2022,ARR,IL,AGL,CE,Towers with Radar,0,2,23,0,25,0,0,57,0,57,0,2,80,0,82,70,0,70,152
05/16/2022,ARR,IL,AGL,CE,Towers with Radar,0,1,24,0,25,0,0,70,0,70,0,1,94,0,95,116,0,116,211
05/17/2022,ARR,IL,AGL,CE,Towers with Radar,0,0,20,0,20,0,0,94,0,94,0,0,114,0,114,180,0,180,294
05/18/2022,ARR,IL,AGL,CE,Towers with Radar,0,2,25,0,27,0,0,4,0,4,0,2,29,0,31,8,0,8,39
05/19/2022,ARR,IL,AGL,CE,Towers with Radar,0,3,18,0,21,0,0,89,0,89,0,3,107,0,110,152,0,152,262
05/20/2022,ARR,IL,AGL,CE,Towers with Radar,0,4,14,0,18,0,0,21,0,21,0,4,35,0,39,6,0,6,45
05/21/2022,ARR,IL,AGL,CE,Towers with Radar,0,0,17,0,17,0,0,27,0,27,0,0,44,0,44,136,0,136,180
05/22/2022,ARR,IL,AGL,CE,Towers with Radar,0,1,21,0,22,0,0,159,0,159,0,1,180,0,181,84,0,84,265
05/23/2022,ARR,IL,AGL,CE,Towers with Radar,0,2,18,0,20,0,0,146,0,146,0,2,164,0,166,118,0,118,284
05/24/2022,ARR,IL,AGL,CE,Towers with Radar,0,3,26,0,29,0,0,108,0,108,0,3,134,0,137,157,0,157,294
05/25/2022,ARR,IL,AGL,CE,Towers with Radar,0,0,12,0,12,0,0,2,0,2,0,0,14,0,14,0,0,0,14
05/26/2022,ARR,IL,AGL,CE,Towers with Radar,0,4,35,0,39,0,0,12,0,12,0,4,47,0,51,96,0,96,147
05/27/2022,ARR,IL,AGL,CE,Towers with Radar,0,5,35,0,40,0,0,20,0,20,0,5,55,0,60,104,0,104,164
05/28/2022,ARR,IL,AGL,CE,Towers with Radar,0,3,16,0,19,0,0,101,0,101,0,3,117,0,120,134,0,134,254
05/29/2022,ARR,IL,AGL,CE,Towers with Radar,0,3,3,0,6,0,0,37,0,37,0,3,40,0,43,93,0,93,136
05/30/2022,ARR,IL,AGL,CE,Towers with Radar,0,2,13,0,15,0,0,40,0,40,0,2,53,0,55,38,0,38,93
05/31/2022,ARR,IL,AGL,CE,Towers with Radar,0,0,15,0,15,0,0,34,0,34,0,0,49,0,49,30,0,30,79
06/01/2022,ARR,IL,AGL,CE,Towers with Radar,0,1,30,0,31,0,0,111,0,111,0,1,141,0,142,216,0,216,358
06/02/2022,ARR,IL,AGL,CE,Towers with Radar,0,2,13,0,15,0,2,124,0,126,0,4,137,0,141,205,0,205,346
06/03/2022,ARR,IL,AGL,CE,Towers with Radar,0,2,22,0,24,0,2,109,0,111,0,4,131,0,135,126,0,126,261
06/04/2022,ARR,IL,AGL,CE,Towers with Radar,0,0,10,1,11,0,0,100,0,100,0,0,110,1,111,268,0,268,379
06/05/2022,ARR,IL,AGL,CE,Towers with Radar,0,1,13,0,14,0,3,92,0,95,0,4,105,0,109,154,0,154,263
06/06/2022,ARR,IL,AGL,CE,Towers with Radar,0,2,17,0,19,0,0,6,0,6,0,2,23,0,25,8,0,8,33
06/07/2022,ARR,IL,AGL,CE,Towers with Radar,0,2,28,0,30,0,0,99,0,99,0,2,127,0,129,224,0,224,353
06/08/2022,ARR,IL,AGL,CE,Towers with Radar,0,2,28,0,30,0,0,15,0,15,0,2,43,0,45,60,0,60,105
06/09/2022,ARR,IL,AGL,CE,Towers with Radar,0,3,32,0,35,0,1,107,0,108,0,4,139,0,143,214,0,214,357
06/10/2022,ARR,IL,AGL,CE,Towers with Radar,0,4,26,0,30,0,2,70,0,72,0,6,96,0,102,144,0,144,246
06/11/2022,ARR,IL,AGL,CE,Towers with Radar,0,3,28,0,31,0,0,43,0,43,0,3,71,0,74,120,0,120,194
06/12/2022,ARR,IL,AGL,CE,Towers with Radar,0,5,31,0,36,0,0,34,0,34,0,5,65,0,70,94,0,94,164
06/13/2022,ARR,IL,AGL,CE,Towers with Radar,0,8,26,0,34,0,0,63,0,63,0,8,89,0,97,210,0,210,307
06/14/2022,ARR,IL,AGL,CE,Towers with Radar,0,12,22,0,34,0,4,89,0,93,0,16,111,0,127,70,0,70,197
06/15/2022,ARR,IL,AGL,CE,Towers with Radar,0,1,27,0,28,0,0,52,0,52,0,1,79,0,80,122,0,122,202
06/16/2022,ARR,IL,AGL,CE,Towers with Radar,0,7,24,0,31,0,0,72,0,72,0,7,96,0,103,40,0,40,143
06/17/2022,ARR,IL,AGL,CE,Towers with Radar,0,5,28,0,33,0,0,124,0,124,0,5,152,0,157,262,0,262,419
06/18/2022,ARR,IL,AGL,CE,Towers with Radar,0,0,16,0,16,0,4,106,0,110,0,4,122,0,126,152,0,152,278
06/19/2022,ARR,IL,AGL,CE,Towers with Radar,0,1,24,0,25,0,4,93,0,97,0,5,117,0,122,114,0,114,236
06/20/2022,ARR,IL,AGL,CE,Towers with Radar,0,2,18,0,20,0,3,101,0,104,0,5,119,0,124,165,0,165,289
06/21/2022,ARR,IL,AGL,CE,Towers with Radar,0,6,13,0,19,0,2,61,0,63,0,8,74,0,82,50,0,50,132
06/22/2022,ARR,IL,AGL,CE,Towers with Radar,0,5,28,0,33,0,0,96,0,96,0,5,124,0,129,151,0,151,280
06/23/2022,ARR,IL,AGL,CE,Towers with Radar,0,4,33,0,37,0,2,101,0,103,0,6,134,0,140,192,0,192,332
06/24/2022,ARR,IL,AGL,CE,Towers with Radar,0,4,11,2,17,0,0,55,0,55,0,4,66,2,72,130,0,130,202
06/25/2022,ARR,IL,AGL,CE,Towers with Radar,0,2,9,0,11,0,0,25,0,25,0,2,34,0,36,43,0,43,79
06/26/2022,ARR,IL,AGL,CE,Towers with Radar,0,4,21,0,25,0,0,148,0,148,0,4,169,0,173,88,0,88,261
06/27/2022,ARR,IL,AGL,CE,Towers with Radar,0,5,22,0,27,0,0,125,0,125,0,5,147,0,152,229,0,229,381
06/28/2022,ARR,IL,AGL,CE,Towers with Radar,0,7,28,0,35,0,0,115,4,119,0,7,143,4,154,199,2,201,355
06/29/2022,ARR,IL,AGL,CE,Towers with Radar,0,5,38,0,43,0,0,94,0,94,0,5,132,0,137,264,0,264,401
06/30/2022,ARR,IL,AGL,CE,Towers with Radar,0,5,18,0,23,0,0,82,0,82,0,5,100,0,105,78,0,78,183
07/01/2022,ARR,IL,AGL,CE,Towers with Radar,0,2,27,0,29,0,0,56,0,56,0,2,83,0,85,188,0,188,273
07/02/2022,ARR,IL,AGL,CE,Towers with Radar,0,2,9,0,11,0,0,99,0,99,0,2,108,0,110,178,0,178,288
07/03/2022,ARR,IL,AGL,CE,Towers with Radar,0,3,14,0,17,0,1,100,0,101,0,4,114,0,118,132,0,132,250
07/04/2022,ARR,IL,AGL,CE,Towers with Radar,0,1,11,0,12,0,1,34,0,35,0,2,45,0,47,48,0,48,95
07/05/2022,ARR,IL,AGL,CE,Towers with Radar,0,2,21,0,23,0,0,51,0,51,0,2,72,0,74,114,0,114,188
07/06/2022,ARR,IL,AGL,CE,Towers with Radar,0,4,41,0,45,0,0,29,0,29,0,4,70,0,74,166,0,166,240
07/07/2022,ARR,IL,AGL,CE,Towers with Radar,0,3,29,0,32,0,0,73,0,73,0,3,102,0,105,234,0,234,339
07/08/2022,ARR,IL,AGL,CE,Towers with Radar,0,1,22,0,23,0,0,14,0,14,0,1,36,0,37,22,0,22,59
07/09/2022,ARR,IL,AGL,CE,Towers with Radar,0,1,9,0,10,0,0,122,0,122,0,1,131,0,132,122,0,122,254
07/10/2022,ARR,IL,AGL,CE,Towers with Radar,0,2,18,1,21,0,0,99,0,99,0,2,117,1,120,124,0,124,244
07/11/2022,ARR,IL,AGL,CE,Towers with Radar,0,1,18,0,19,0,0,45,0,45,0,1,63,0,64,207,0,207,271
07/12/2022,ARR,IL,AGL,CE,Towers with Radar,0,3,24,0,27,0,2,113,0,115,0,5,137,0,142,202,0,202,344
07/13/2022,ARR,IL,AGL,CE,Towers with Radar,0,0,42,0,42,0,1,144,0,145,0,1,186,0,187,216,0,216,403
07/14/2022,ARR,IL,AGL,CE,Towers with Radar,0,6,30,0,36,0,0,129,0,129,0,6,159,0,165,212,0,212,377
07/15/2022,ARR,IL,AGL,CE,Towers with Radar,0,4,15,0,19,0,0,0,0,0,0,4,15,0,19,30,0,30,49
07/16/2022,ARR,IL,AGL,CE,Towers with Radar,0,7,25,0,32,0,0,10,0,10,0,7,35,0,42,188,0,188,230
07/17/2022,ARR,IL,AGL,CE,Towers with Radar,0,2,31,0,33,0,0,17,0,17,0,2,48,0,50,96,0,96,146
07/18/2022,ARR,IL,AGL,CE,Towers with Radar,0,5,21,0,26,0,0,117,0,117,0,5,138,0,143,232,0,232,375
07/19/2022,ARR,IL,AGL,CE,Towers with Radar,0,1,17,0,18,0,0,114,0,114,0,1,131,0,132,238,0,238,370
07/20/2022,ARR,IL,AGL,CE,Towers with Radar,0,2,14,0,16,0,0,71,0,71,0,2,85,0,87,108,0,108,195
07/21/2022,ARR,IL,AGL,CE,Towers with Radar,0,6,17,1,24,0,0,126,0,126,0,6,143,1,150,264,0,264,414
07/22/2022,ARR,IL,AGL,CE,Towers with Radar,0,4,21,0,25,0,3,123,0,126,0,7,144,0,151,181,0,181,332
07/23/2022,ARR,IL,AGL,CE,Towers with Radar,0,2,9,0,11,0,0,32,0,32,0,2,41,0,43,72,0,72,115
07/24/2022,ARR,IL,AGL,CE,Towers with Radar,0,4,23,0,27,0,0,49,0,49,0,4,72,0,76,252,0,252,328
07/25/2022,ARR,IL,AGL,CE,Towers with Radar,0,4,21,0,25,0,0,110,0,110,0,4,131,0,135,265,0,265,400
07/26/2022,ARR,IL,AGL,CE,Towers with Radar,0,3,16,0,19,0,0,97,0,97,0,3,113,0,116,230,0,230,346
07/27/2022,ARR,IL,AGL,CE,Towers with Radar,0,8,20,0,28,0,0,28,0,28,0,8,48,0,56,90,0,90,146
07/28/2022,ARR,IL,AGL,CE,Towers with Radar,0,8,20,0,28,0,0,88,0,88,0,8,108,0,116,144,0,144,260
07/29/2022,ARR,IL,AGL,CE,Towers with Radar,0,2,13,0,15,0,0,107,0,107,0,2,120,0,122,216,0,216,338
07/30/2022,ARR,IL,AGL,CE,Towers with Radar,0,0,18,0,18,0,0,89,0,89,0,0,107,0,107,197,0,197,304
07/31/2022,ARR,IL,AGL,CE,Towers with Radar,0,3,18,0,21,0,0,95,0,95,0,3,113,0,116,92,0,92,208
08/01/2022,ARR,IL,AGL,CE,Towers with Radar,0,5,20,0,25,0,0,75,0,75,0,5,95,0,100,154,0,154,254
08/02/2022,ARR,IL,AGL,CE,Towers with Radar,0,5,17,0,22,0,0,124,0,124,0,5,141,0,146,191,0,191,337
08/03/2022,ARR,IL,AGL,CE,Towers with Radar,0,6,22,0,28,0,0,33,0,33,0,6,55,0,61,54,0,54,115
08/04/2022,ARR,IL,AGL,CE,Towers with Radar,0,4,38,0,42,0,0,32,0,32,0,4,70,0,74,230,0,230,304
08/05/2022,ARR,IL,AGL,CE,Towers with Radar,0,4,15,0,19,0,0,97,0,97,0,4,112,0,116,152,0,152,268
08/06/2022,ARR,IL,AGL,CE,Towers with Radar,0,2,21,0,23,0,1,61,0,62,0,3,82,0,85,180,0,180,265
08/07/2022,ARR,IL,AGL,CE,Towers with Radar,0,6,16,0,22,0,0,5,0,5,0,6,21,0,27,28,0,28,55
08/08/2022,ARR,IL,AGL,CE,Towers with Radar,0,5,30,0,35,0,0,4,0,4,0,5,34,0,39,6,0,6,45
08/09/2022,ARR,IL,AGL,CE,Towers with Radar,0,8,29,0,37,0,4,115,0,119,0,12,144,0,156,177,0,177,333
08/10/2022,ARR,IL,AGL,CE,Towers with Radar,0,4,38,0,42,0,7,115,0,122,0,11,153,0,164,242,0,242,406
08/11/2022,ARR,IL,AGL,CE,Towers with Radar,0,4,17,0,21,0,0,118,0,118,0,4,135,0,139,246,0,246,385
08/12/2022,ARR,IL,AGL,CE,Towers with Radar,0,3,23,1,27,0,0,97,0,97,0,3,120,1,124,250,0,250,374
08/13/2022,ARR,IL,AGL,CE,Towers with Radar,0,0,6,0,6,0,0,60,0,60,0,0,66,0,66,80,0,80,146
08/14/2022,ARR,IL,AGL,CE,Towers with Radar,0,1,35,1,37,0,0,25,0,25,0,1,60,1,62,205,0,205,267
08/15/2022,ARR,IL,AGL,CE,Towers with Radar,0,5,27,0,32,0,2,71,0,73,0,7,98,0,105,217,0,217,322
08/16/2022,ARR,IL,AGL,CE,Towers with Radar,0,0,24,0,24,0,4,116,0,120,0,4,140,0,144,120,0,120,264
08/17/2022,ARR,IL,AGL,CE,Towers with Radar,0,2,21,0,23,0,2,131,0,133,0,4,152,0,156,157,0,157,313
08/18/2022,ARR,IL,AGL,CE,Towers with Radar,0,4,15,0,19,0,1,125,0,126,0,5,140,0,145,155,0,155,300
08/19/2022,ARR,IL,AGL,CE,Towers with Radar,0,2,34,0,36,0,1,79,0,80,0,3,113,0,116,172,0,172,288
08/20/2022,ARR,IL,AGL,CE,Towers with Radar,0,1,10,0,11,0,0,0,0,0,0,1,10,0,11,32,0,32,43
08/21/2022,ARR,IL,AGL,CE,Towers with Radar,0,7,30,0,37,0,0,110,0,110,0,7,140,0,147,148,0,148,295
08/22/2022,ARR,IL,AGL,CE,Towers with Radar,0,8,20,0,28,0,1,107,0,108,0,9,127,0,136,212,0,212,348
08/23/2022,ARR,IL,AGL,CE,Towers with Radar,0,3,21,0,24,0,1,106,0,107,0,4,127,0,131,239,0,239,370
08/24/2022,ARR,IL,AGL,CE,Towers with Radar,0,1,19,0,20,0,1,111,0,112,0,2,130,0,132,190,0,190,322
08/25/2022,ARR,IL,AGL,CE,Towers with Radar,0,3,24,0,27,0,0,29,0,29,0,3,53,0,56,111,0,111,167
08/26/2022,ARR,IL,AGL,CE,Towers with Radar,0,2,27,0,29,0,1,80,0,81,0,3,107,0,110,291,0,291,401
08/27/2022,ARR,IL,AGL,CE,Towers with Radar,0,2,9,0,11,0,0,125,0,125,0,2,134,0,136,116,0,116,252
08/28/2022,ARR,IL,AGL,CE,Towers with Radar,0,1,16,0,17,0,0,47,0,47,0,1,63,0,64,136,0,136,200
08/29/2022,ARR,IL,AGL,CE,Towers with Radar,0,0,16,0,16,0,0,25,0,25,0,0,41,0,41,54,0,54,95
08/30/2022,ARR,IL,AGL,CE,Towers with Radar,0,4,18,0,22,0,0,90,0,90,0,4,108,0,112,97,0,97,209
08/31/2022,ARR,IL,AGL,CE,Towers with Radar,0,3,22,0,25,0,0,123,0,123,0,3,145,0,148,149,0,149,297
09/01/2022,ARR,IL,AGL,CE,Towers with Radar,0,0,23,0,23,0,0,121,0,121,0,0,144,0,144,121,0,121,265
09/02/2022,ARR,IL,AGL,CE,Towers with Radar,0,1,25,0,26,0,1,108,0,109,0,2,133,0,135,132,0,132,267
09/03/2022,ARR,IL,AGL,CE,Towers with Radar,0,4,5,0,9,0,2,74,0,76,0,6,79,0,85,219,0,219,304
09/04/2022,ARR,IL,AGL,CE,Towers with Radar,0,0,12,0,12,0,0,11,0,11,0,0,23,0,23,68,0,68,91
09/05/2022,ARR,IL,AGL,CE,Towers with Radar,0,4,28,0,32,0,0,33,0,33,0,4,61,0,65,70,0,70,135
09/06/2022,ARR,IL,AGL,CE,Towers with Radar,0,4,20,2,26,0,0,94,0,94,0,4,114,2,120,110,0,110,230
09/07/2022,ARR,IL,AGL,CE,Towers with Radar,0,1,24,0,25,0,1,114,0,115,0,2,138,0,140,118,0,118,258
09/08/2022,ARR,IL,AGL,CE,Towers with Radar,0,6,17,0,23,0,2,100,0,102,0,8,117,0,125,138,0,138,263
09/09/2022,ARR,IL,AGL,CE,Towers with Radar,0,2,26,1,29,0,2,98,0,100,0,4,124,1,129,212,0,212,341
09/10/2022,ARR,IL,AGL,CE,Towers with Radar,0,5,12,0,17,0,2,114,0,116,0,7,126,0,133,162,0,162,295
09/11/2022,ARR,IL,AGL,CE,Towers with Radar,0,1,21,1,23,0,0,1,0,1,0,1,22,1,24,0,0,0,24
09/12/2022,ARR,IL,AGL,CE,Towers with Radar,0,6,35,0,41,0,0,1,0,1,0,6,36,0,42,32,0,32,74
09/13/2022,ARR,IL,AGL,CE,Towers with Radar,0,16,21,0,37,0,1,117,0,118,0,17,138,0,155,162,0,162,317
09/14/2022,ARR,IL,AGL,CE,Towers with Radar,0,7,23,0,30,0,1,112,0,113,0,8,135,0,143,110,0,110,253
09/15/2022,ARR,IL,AGL,CE,Towers with Radar,0,6,34,0,40,0,0,113,0,113,0,6,147,0,153,97,0,97,250
09/16/2022,ARR,IL,AGL,CE,Towers with Radar,0,8,19,0,27,0,1,107,0,108,0,9,126,0,135,130,0,130,265
09/17/2022,ARR,IL,AGL,CE,Towers with Radar,0,3,20,1,24,0,1,104,0,105,0,4,124,1,129,40,0,40,169
09/18/2022,ARR,IL,AGL,CE,Towers with Radar,0,31,27,0,58,0,0,151,0,151,0,31,178,0,209,60,0,60,269
09/19/2022,ARR,IL,AGL,CE,Towers with Radar,0,4,21,0,25,0,1,105,0,106,0,5,126,0,131,163,0,163,294
09/20/2022,ARR,IL,AGL,CE,Towers with Radar,0,6,15,0,21,0,2,77,0,79,0,8,92,0,100,68,0,68,168
09/21/2022,ARR,IL,AGL,CE,Towers with Radar,0,11,30,0,41,0,1,89,0,90,0,12,119,0,131,128,0,128,259
09/22/2022,ARR,IL,AGL,CE,Towers with Radar,0,1,22,0,23,0,0,105,0,105,0,1,127,0,128,183,0,183,311
09/23/2022,ARR,IL,AGL,CE,Towers with Radar,0,3,30,0,33,0,0,99,0,99,0,3,129,0,132,234,0,234,366
09/24/2022,ARR,IL,AGL,CE,Towers with Radar,0,1,19,0,20,0,0,62,0,62,0,1,81,0,82,172,0,172,254
09/25/2022,ARR,IL,AGL,CE,Towers with Radar,0,1,14,0,15,0,0,30,0,30,0,1,44,0,45,82,0,82,127
09/26/2022,ARR,IL,AGL,CE,Towers with Radar,0,3,23,0,26,0,0,69,0,69,0,3,92,0,95,108,0,108,203
09/27/2022,ARR,IL,AGL,CE,Towers with Radar,0,2,25,0,27,0,2,70,0,72,0,4,95,0,99,142,0,142,241
09/28/2022,ARR,IL,AGL,CE,Towers with Radar,0,1,16,0,17,0,1,118,0,119,0,2,134,0,136,158,0,158,294
09/29/2022,ARR,IL,AGL,CE,Towers with Radar,0,4,19,0,23,0,5,108,0,113,0,9,127,0,136,239,0,239,375
09/30/2022,ARR,IL,AGL,CE,Towers with Radar,0,0,24,0,24,0,9,93,0,102,0,9,117,0,126,185,0,185,311
10/01/2022,ARR,IL,AGL,CE,Towers with Radar,0,0,14,0,14,0,2,119,0,121,0,2,133,0,135,170,0,170,305
10/02/2022,ARR,IL,AGL,CE,Towers with Radar,0,0,21,0,21,0,0,71,0,71,0,0,92,0,92,158,0,158,250
10/03/2022,ARR,IL,AGL,CE,Towers with Radar,0,3,16,0,19,0,3,81,0,84,0,6,97,0,103,135,0,135,238
10/04/2022,ARR,IL,AGL,CE,Towers with Radar,0,3,13,0,16,0,3,88,0,91,0,6,101,0,107,148,0,148,255
10/05/2022,ARR,IL,AGL,CE,Towers with Radar,0,0,25,0,25,0,0,77,0,77,0,0,102,0,102,171,0,171,273
10/06/2022,ARR,IL,AGL,CE,Towers with Radar,0,3,20,0,23,0,0,62,0,62,0,3,82,0,85,157,0,157,242
10/07/2022,ARR,IL,AGL,CE,Towers with Radar,0,1,14,1,16,0,1,84,0,85,0,2,98,1,101,125,0,125,226
10/08/2022,ARR,IL,AGL,CE,Towers with Radar,0,3,5,0,8,0,0,104,0,104,0,3,109,0,112,140,0,140,252
10/09/2022,ARR,IL,AGL,CE,Towers with Radar,0,1,18,1,20,0,0,96,0,96,0,1,114,1,116,88,0,88,204
10/10/2022,ARR,IL,AGL,CE,Towers with Radar,0,3,16,0,19,0,0,86,0,86,0,3,102,0,105,188,0,188,293
10/11/2022,ARR,IL,AGL,CE,Towers with Radar,0,5,19,0,24,0,0,30,0,30,0,5,49,0,54,44,0,44,98
10/12/2022,ARR,IL,AGL,CE,Towers with Radar,0,3,18,0,21,0,0,19,0,19,0,3,37,0,40,97,0,97,137
10/13/2022,ARR,IL,AGL,CE,Towers with Radar,0,6,26,0,32,0,0,51,0,51,0,6,77,0,83,69,0,69,152
10/14/2022,ARR,IL,AGL,CE,Towers with Radar,0,2,12,0,14,0,0,72,0,72,0,2,84,0,86,39,0,39,125
10/15/2022,ARR,IL,AGL,CE,Towers with Radar,0,0,16,0,16,0,2,92,0,94,0,2,108,0,110,164,0,164,274
10/16/2022,ARR,IL,AGL,CE,Towers with Radar,0,4,11,0,15,0,1,108,0,109,0,5,119,0,124,111,0,111,235
10/17/2022,ARR,IL,AGL,CE,Towers with Radar,0,2,20,0,22,0,0,14,0,14,0,2,34,0,36,10,0,10,46
10/18/2022,ARR,IL,AGL,CE,Towers with Radar,0,3,16,0,19,0,0,36,0,36,0,3,52,0,55,54,0,54,109
10/19/2022,ARR,IL,AGL,CE,Towers with Radar,0,1,23,0,24,0,1,112,0,113,0,2,135,0,137,192,0,192,329
10/20/2022,ARR,IL,AGL,CE,Towers with Radar,0,2,18,0,20,0,0,98,0,98,0,2,116,0,118,336,0,336,454
10/21/2022,ARR,IL,AGL,CE,Towers with Radar,0,2,19,0,21,0,0,87,0,87,0,2,106,0,108,146,0,146,254
10/22/2022,ARR,IL,AGL,CE,Towers with Radar,0,0,6,0,6,0,0,96,0,96,0,0,102,0,102,150,0,150,252
10/23/2022,ARR,IL,AGL,CE,Towers with Radar,0,2,12,2,16,0,0,32,0,32,0,2,44,2,48,44,0,44,92
10/24/2022,ARR,IL,AGL,CE,Towers with Radar,0,3,15,0,18,0,0,19,0,19,0,3,34,0,37,40,0,40,77
10/25/2022,ARR,IL,AGL,CE,Towers with Radar,0,3,26,0,29,0,0,0,0,0,0,3,26,0,29,0,0,0,29
10/26/2022,ARR,IL,AGL,CE,Towers with Radar,0,1,15,0,16,0,0,111,0,111,0,1,126,0,127,230,0,230,357
10/27/2022,ARR,IL,AGL,CE,Towers with Radar,0,2,26,1,29,0,0,126,1,127,0,2,152,2,156,199,0,199,355
10/28/2022,ARR,IL,AGL,CE,Towers with Radar,0,3,31,0,34,0,0,90,0,90,0,3,121,0,124,222,0,222,346
10/29/2022,ARR,IL,AGL,CE,Towers with Radar,0,1,16,0,17,0,0,135,0,135,0,1,151,0,152,174,0,174,326
10/30/2022,ARR,IL,AGL,CE,Towers with Radar,0,0,15,0,15,0,0,96,0,96,0,0,111,0,111,178,0,178,289
10/31/2022,ARR,IL,AGL,CE,Towers with Radar,0,1,13,0,14,0,0,3,0,3,0,1,16,0,17,0,0,0,17
11/01/2022,ARR,IL,AGL,CE,Towers with Radar,0,7,18,0,25,0,0,132,1,133,0,7,150,1,158,152,0,152,310
11/02/2022,ARR,IL,AGL,CE,Towers with Radar,0,3,19,0,22,0,0,93,0,93,0,3,112,0,115,240,0,240,355
11/03/2022,ARR,IL,AGL,CE,Towers with Radar,0,4,21,0,25,0,0,67,0,67,0,4,88,0,92,92,0,92,184
11/04/2022,ARR,IL,AGL,CE,Towers with Radar,0,3,15,0,18,0,0,31,0,31,0,3,46,0,49,50,0,50,99
11/05/2022,ARR,IL,AGL,CE,Towers with Radar,0,2,4,0,6,0,0,0,0,0,0,2,4,0,6,0,0,0,6
11/06/2022,ARR,IL,AGL,CE,Towers with Radar,0,5,18,0,23,0,0,86,0,86,0,5,104,0,109,182,0,182,291
11/07/2022,ARR,IL,AGL,CE,Towers with Radar,0,1,10,0,11,0,0,105,0,105,0,1,115,0,116,173,0,173,289
11/08/2022,ARR,IL,AGL,CE,Towers with Radar,0,2,22,0,24,0,0,112,0,112,0,2,134,0,136,213,0,213,349
11/09/2022,ARR,IL,AGL,CE,Towers with Radar,0,4,12,0,16,0,2,83,0,85,0,6,95,0,101,136,0,136,237
11/10/2022,ARR,IL,AGL,CE,Towers with Radar,0,2,13,0,15,0,0,56,0,56,0,2,69,0,71,59,0,59,130
11/11/2022,ARR,IL,AGL,CE,Towers with Radar,0,4,20,0,24,0,0,73,0,73,0,4,93,0,97,173,0,173,270
11/12/2022,ARR,IL,AGL,CE,Towers with Radar,0,1,5,0,6,0,0,33,0,33,0,1,38,0,39,112,0,112,151
11/13/2022,ARR,IL,AGL,CE,Towers with Radar,0,3,15,0,18,0,0,104,0,104,0,3,119,0,122,214,0,214,336
11/14/2022,ARR,IL,AGL,CE,Towers with Radar,0,7,29,0,36,0,0,85,0,85,0,7,114,0,121,176,0,176,297
11/15/2022,ARR,IL,AGL,CE,Towers with Radar,0,4,12,0,16,0,0,0,0,0,0,4,12,0,16,0,0,0,16
11/16/2022,ARR,IL,AGL,CE,Towers with Radar,0,2,11,0,13,0,0,1,0,1,0,2,12,0,14,0,0,0,14
11/17/2022,ARR,IL,AGL,CE,Towers with Radar,0,2,13,0,15,0,0,19,0,19,0,2,32,0,34,150,0,150,184
11/18/2022,ARR,IL,AGL,CE,Towers with Radar,0,3,13,0,16,0,0,3,0,3,0,3,16,0,19,18,0,18,37
11/19/2022,ARR,IL,AGL,CE,Towers with Radar,0,7,9,0,16,0,0,16,0,16,0,7,25,0,32,8,0,8,40
11/20/2022,ARR,IL,AGL,CE,Towers with Radar,0,3,22,0,25,0,0,82,0,82,0,3,104,0,107,184,0,184,291
11/21/2022,ARR,IL,AGL,CE,Towers with Radar,0,5,20,0,25,0,0,92,0,92,0,5,112,0,117,186,0,186,303
11/22/2022,ARR,IL,AGL,CE,Towers with Radar,0,4,18,0,22,0,0,133,0,133,0,4,151,0,155,166,0,166,321
11/23/2022,ARR,IL,AGL,CE,Towers with Radar,0,4,18,0,22,0,0,113,0,113,0,4,131,0,135,214,0,214,349
11/24/2022,ARR,IL,AGL,CE,Towers with Radar,0,0,1,0,1,0,0,6,0,6,0,0,7,0,7,0,0,0,7
11/25/2022,ARR,IL,AGL,CE,Towers with Radar,0,1,10,0,11,0,0,106,0,106,0,1,116,0,117,93,0,93,210
11/26/2022,ARR,IL,AGL,CE,Towers with Radar,0,2,19,0,21,0,0,82,0,82,0,2,101,0,103,114,0,114,217
11/27/2022,ARR,IL,AGL,CE,Towers with Radar,0,4,24,0,28,0,0,6,0,6,0,4,30,0,34,118,0,118,152
11/28/2022,ARR,IL,AGL,CE,Towers with Radar,0,5,21,0,26,0,0,69,0,69,0,5,90,0,95,160,0,160,255
11/29/2022,ARR,IL,AGL,CE,Towers with Radar,0,0,25,0,25,0,0,3,0,3,0,0,28,0,28,0,0,0,28
11/30/2022,ARR,IL,AGL,CE,Towers with Radar,0,1,16,0,17,0,0,2,0,2,0,1,18,0,19,0,0,0,19
12/01/2022,ARR,IL,AGL,CE,Towers with Radar,0,5,11,0,16,0,0,104,0,104,0,5,115,0,120,197,0,197,317
12/02/2022,ARR,IL,AGL,CE,Towers with Radar,0,7,14,0,21,0,0,13,0,13,0,7,27,0,34,56,0,56,90
12/03/2022,ARR,IL,AGL,CE,Towers with Radar,0,0,15,0,15,0,2,62,0,64,0,2,77,0,79,110,0,110,189
12/04/2022,ARR,IL,AGL,CE,Towers with Radar,0,6,21,0,27,0,0,90,0,90,0,6,111,0,117,112,0,112,229
12/05/2022,ARR,IL,AGL,CE,Towers with Radar,0,4,12,0,16,0,0,70,0,70,0,4,82,0,86,98,0,98,184
12/06/2022,ARR,IL,AGL,CE,Towers with Radar,0,0,10,2,12,0,0,11,0,11,0,0,21,2,23,169,0,169,192
12/07/2022,ARR,IL,AGL,CE,Towers with Radar,0,4,26,0,30,0,0,22,0,22,0,4,48,0,52,203,0,203,255
12/08/2022,ARR,IL,AGL,CE,Towers with Radar,0,4,12,0,16,0,0,69,0,69,0,4,81,0,85,137,0,137,222
12/09/2022,ARR,IL,AGL,CE,Towers with Radar,0,3,10,0,13,0,0,0,0,0,0,3,10,0,13,0,0,0,13
12/10/2022,ARR,IL,AGL,CE,Towers with Radar,0,2,8,0,10,0,0,1,0,1,0,2,9,0,11,0,0,0,11
12/11/2022,ARR,IL,AGL,CE,Towers with Radar,0,3,6,0,9,0,1,34,0,35,0,4,40,0,44,292,0,292,336
12/12/2022,ARR,IL,AGL,CE,Towers with Radar,2,2,16,0,20,0,0,38,0,38,2,2,54,0,58,130,0,130,188
12/13/2022,ARR,IL,AGL,CE,Towers with Radar,0,2,21,0,23,0,0,59,1,60,0,2,80,1,83,165,0,165,248
12/14/2022,ARR,IL,AGL,CE,Towers with Radar,0,0,26,0,26,0,0,0,0,0,0,0,26,0,26,0,0,0,26
12/15/2022,ARR,IL,AGL,CE,Towers with Radar,0,2,11,0,13,0,0,9,0,9,0,2,20,0,22,125,0,125,147
12/16/2022,ARR,IL,AGL,CE,Towers with Radar,0,2,16,0,18,0,0,0,0,0,0,2,16,0,18,0,0,0,18
12/17/2022,ARR,IL,AGL,CE,Towers with Radar,0,4,7,0,11,0,0,8,0,8,0,4,15,0,19,90,0,90,109
12/18/2022,ARR,IL,AGL,CE,Towers with Radar,0,2,22,0,24,0,0,40,0,40,0,2,62,0,64,162,0,162,226
12/19/2022,ARR,IL,AGL,CE,Towers with Radar,0,2,14,0,16,0,0,89,0,89,0,2,103,0,105,160,0,160,265
12/20/2022,ARR,IL,AGL,CE,Towers with Radar,0,1,19,0,20,0,0,38,0,38,0,1,57,0,58,222,0,222,280
12/21/2022,ARR,IL,AGL,CE,Towers with Radar,0,4,15,0,19,0,0,15,0,15,0,4,30,0,34,184,0,184,218
12/22/2022,ARR,IL,AGL,CE,Towers with Radar,0,0,2,0,2,0,0,0,0,0,0,0,2,0,2,0,0,0,2
12/23/2022,ARR,IL,AGL,CE,Towers with Radar,0,1,3,0,4,0,0,0,0,0,0,1,3,0,4,0,0,0,4
12/24/2022,ARR,IL,AGL,CE,Towers with Radar,0,2,1,0,3,0,0,0,0,0,0,2,1,0,3,0,0,0,3
12/25/2022,ARR,IL,AGL,CE,Towers with Radar,0,4,1,0,5,0,0,3,0,3,0,4,4,0,8,0,0,0,8
12/26/2022,ARR,IL,AGL,CE,Towers with Radar,0,3,8,0,11,0,0,12,0,12,0,3,20,0,23,4,0,4,27
12/27/2022,ARR,IL,AGL,CE,Towers with Radar,0,4,10,0,14,0,0,81,0,81,0,4,91,0,95,74,0,74,169
12/28/2022,ARR,IL,AGL,CE,Towers with Radar,0,4,12,0,16,0,0,31,0,31,0,4,43,0,47,36,0,36,83
12/29/2022,ARR,IL,AGL,CE,Towers with Radar,0,5,16,0,21,0,0,5,0,5,0,5,21,0,26,28,0,28,54
12/30/2022,ARR,IL,AGL,CE,Towers with Radar,0,4,19,0,23,0,0,8,0,8,0,4,27,0,31,68,0,68,99
12/31/2022,ARR,IL,AGL,CE,Towers with Radar,0,0,5,0,5,0,0,70,0,70,0,0,75,0,75,176,0,176,251
01/01/2023,ARR,IL,AGL,CE,Towers with Radar,0,1,15,0,16,0,0,0,0,0,0,1,15,0,16,0,0,0,16
01/02/2023,ARR,IL,AGL,CE,Towers with Radar,0,3,13,0,16,0,0,31,0,31,0,3,44,0,47,52,0,52,99
01/03/2023,ARR,IL,AGL,CE,Towers with Radar,0,2,12,0,14,0,0,0,0,0,0,2,12,0,14,0,0,0,14
01/04/2023,ARR,IL,AGL,CE,Towers with Radar,0,6,10,0,16,0,0,7,0,7,0,6,17,0,23,90,0,90,113
01/05/2023,ARR,IL,AGL,CE,Towers with Radar,0,1,13,0,14,0,0,2,0,2,0,1,15,0,16,0,0,0,16
01/06/2023,ARR,IL,AGL,CE,Towers with Radar,0,1,17,0,18,0,0,14,0,14,0,1,31,0,32,68,0,68,100
01/07/2023,ARR,IL,AGL,CE,Towers with Radar,0,0,11,0,11,0,0,1,0,1,0,0,12,0,12,86,0,86,98
01/08/2023,ARR,IL,AGL,CE,Towers with Radar,0,1,16,0,17,0,0,8,0,8,0,1,24,0,25,132,0,132,157
01/09/2023,ARR,IL,AGL,CE,Towers with Radar,0,4,20,0,24,0,0,114,0,114,0,4,134,0,138,138,0,138,276
01/10/2023,ARR,IL,AGL,CE,Towers with Radar,0,0,18,0,18,0,0,120,0,120,0,0,138,0,138,166,0,166,304
01/11/2023,ARR,IL,AGL,CE,Towers with Radar,0,0,33,0,33,0,0,73,0,73,0,0,106,0,106,116,0,116,222
01/12/2023,ARR,IL,AGL,CE,Towers with Radar,0,1,13,0,14,0,0,2,0,2,0,1,15,0,16,24,0,24,40
01/13/2023,ARR,IL,AGL,CE,Towers with Radar,0,2,19,0,21,0,0,21,0,21,0,2,40,0,42,76,0,76,118
01/14/2023,ARR,IL,AGL,CE,Towers with Radar,0,0,20,1,21,0,0,56,0,56,0,0,76,1,77,276,0,276,353
01/15/2023,ARR,IL,AGL,CE,Towers with Radar,0,2,13,0,15,0,1,85,0,86,0,3,98,0,101,110,0,110,211
01/16/2023,ARR,IL,AGL,CE,Towers with Radar,0,1,21,0,22,0,0,0,0,0,0,1,21,0,22,6,0,6,28
01/17/2023,ARR,IL,AGL,CE,Towers with Radar,0,1,6,0,7,0,0,2,0,2,0,1,8,0,9,46,0,46,55
01/18/2023,ARR,IL,AGL,CE,Towers with Radar,0,0,9,0,9,0,0,22,0,22,0,0,31,0,31,190,0,190,221
01/19/2023,ARR,IL,AGL,CE,Towers with Radar,0,1,10,0,11,0,0,0,0,0,0,1,10,0,11,0,0,0,11
01/20/2023,ARR,IL,AGL,CE,Towers with Radar,0,2,15,0,17,0,0,25,0,25,0,2,40,0,42,70,0,70,112
01/21/2023,ARR,IL,AGL,CE,Towers with Radar,0,1,8,0,9,0,0,0,0,0,0,1,8,0,9,38,0,38,47
01/22/2023,ARR,IL,AGL,CE,Towers with Radar,0,2,7,0,9,0,0,0,0,0,0,2,7,0,9,0,0,0,9
01/23/2023,ARR,IL,AGL,CE,Towers with Radar,0,0,18,0,18,0,0,5,0,5,0,0,23,0,23,128,0,128,151
01/24/2023,ARR,IL,AGL,CE,Towers with Radar,0,5,23,0,28,0,0,61,0,61,0,5,84,0,89,156,0,156,245
01/25/2023,ARR,IL,AGL,CE,Towers with Radar,0,3,5,0,8,0,0,0,0,0,0,3,5,0,8,0,0,0,8
01/26/2023,ARR,IL,AGL,CE,Towers with Radar,0,2,9,0,11,0,0,2,0,2,0,2,11,0,13,60,0,60,73
01/27/2023,ARR,IL,AGL,CE,Towers with Radar,0,4,10,0,14,0,0,5,0,5,0,4,15,0,19,6,0,6,25
01/28/2023,ARR,IL,AGL,CE,Towers with Radar,0,1,5,0,6,0,0,11,0,11,0,1,16,0,17,40,0,40,57
01/29/2023,ARR,IL,AGL,CE,Towers with Radar,0,1,10,0,11,0,0,15,0,15,0,1,25,0,26,92,0,92,118
01/30/2023,ARR,IL,AGL,CE,Towers with Radar,0,3,20,0,23,0,0,74,0,74,0,3,94,0,97,56,0,56,153
01/31/2023,ARR,IL,AGL,CE,Towers with Radar,0,4,14,0,18,0,2,65,0,67,0,6,79,0,85,52,0,52,137
02/01/2023,ARR,IL,AGL,CE,Towers with Radar,0,2,18,0,20,0,0,80,0,80,0,2,98,0,100,214,0,214,314
02/02/2023,ARR,IL,AGL,CE,Towers with Radar,0,2,13,0,15,0,0,81,0,81,0,2,94,0,96,136,0,136,232
02/03/2023,ARR,IL,AGL,CE,Towers with Radar,0,0,7,0,7,0,0,53,0,53,0,0,60,0,60,92,0,92,152
02/04/2023,ARR,IL,AGL,CE,Towers with Radar,0,0,9,0,9,0,0,54,0,54,0,0,63,0,63,127,0,127,190
02/05/2023,ARR,IL,AGL,CE,Towers with Radar,0,3,18,0,21,0,0,84,0,84,0,3,102,0,105,108,0,108,213
02/06/2023,ARR,IL,AGL,CE,Towers with Radar,0,2,20,0,22,0,0,108,0,108,0,2,128,0,130,98,0,98,228
02/07/2023,ARR,IL,AGL,CE,Towers with Radar,0,4,12,0,16,0,0,19,0,19,0,4,31,0,35,98,0,98,133
02/08/2023,ARR,IL,AGL,CE,Towers with Radar,0,0,21,0,21,0,0,103,0,103,0,0,124,0,124,132,0,132,256
02/09/2023,ARR,IL,AGL,CE,Towers with Radar,0,1,6,0,7,0,0,0,0,0,0,1,6,0,7,0,0,0,7
02/10/2023,ARR,IL,AGL,CE,Towers with Radar,0,4,12,0,16,0,0,72,0,72,0,4,84,0,88,147,0,147,235
02/11/2023,ARR,IL,AGL,CE,Towers with Radar,0,1,9,0,10,0,0,115,0,115,0,1,124,0,125,190,0,190,315
02/12/2023,ARR,IL,AGL,CE,Towers with Radar,0,2,9,0,11,0,0,110,0,110,0,2,119,0,121,178,0,178,299
02/13/2023,ARR,IL,AGL,CE,Towers with Radar,0,1,16,0,17,0,0,84,0,84,0,1,100,0,101,158,0,158,259
02/14/2023,ARR,IL,AGL,CE,Towers with Radar,0,1,13,0,14,0,0,20,0,20,0,1,33,0,34,42,0,42,76
02/15/2023,ARR,IL,AGL,CE,Towers with Radar,0,2,18,0,20,0,0,7,0,7,0,2,25,0,27,42,0,42,69
02/16/2023,ARR,IL,AGL,CE,Towers with Radar,0,0,9,0,9,0,0,0,0,0,0,0,9,0,9,0,0,0,9
02/17/2023,ARR,IL,AGL,CE,Towers with Radar,0,4,19,0,23,0,0,83,0,83,0,4,102,0,106,185,0,185,291
02/18/2023,ARR,IL,AGL,CE,Towers with Radar,0,4,14,0,18,0,0,99,0,99,0,4,113,0,117,114,0,114,231
02/19/2023,ARR,IL,AGL,CE,Towers with Radar,0,0,8,0,8,0,0,41,0,41,0,0,49,0,49,106,0,106,155
02/20/2023,ARR,IL,AGL,CE,Towers with Radar,0,4,29,0,33,0,0,123,0,123,0,4,152,0,156,146,0,146,302
02/21/2023,ARR,IL,AGL,CE,Towers with Radar,0,0,16,0,16,0,0,45,0,45,0,0,61,0,61,76,0,76,137
02/22/2023,ARR,IL,AGL,CE,Towers with Radar,0,0,5,0,5,0,0,0,0,0,0,0,5,0,5,0,0,0,5
02/23/2023,ARR,IL,AGL,CE,Towers with Radar,0,7,12,0,19,0,0,1,0,1,0,7,13,0,20,0,0,0,20
02/24/2023,ARR,IL,AGL,CE,Towers with Radar,0,1,12,0,13,0,0,77,0,77,0,1,89,0,90,173,0,173,263
02/25/2023,ARR,IL,AGL,CE,Towers with Radar,0,0,10,0,10,0,0,57,0,57,0,0,67,0,67,120,0,120,187
02/26/2023,ARR,IL,AGL,CE,Towers with Radar,0,1,24,0,25,0,0,179,0,179,0,1,203,0,204,48,0,48,252
02/27/2023,ARR,IL,AGL,CE,Towers with Radar,0,2,9,0,11,0,0,2,0,2,0,2,11,0,13,52,0,52,65
02/28/2023,ARR,IL,AGL,CE,Towers with Radar,0,6,20,0,26,0,0,85,0,85,0,6,105,0,111,68,0,68,179
03/01/2023,ARR,IL,AGL,CE,Towers with Radar,0,7,31,1,39,0,0,61,0,61,0,7,92,1,100,68,0,68,168
03/02/2023,ARR,IL,AGL,CE,Towers with Radar,0,1,10,0,11,0,0,38,0,38,0,1,48,0,49,116,0,116,165
03/03/2023,ARR,IL,AGL,CE,Towers with Radar,0,1,5,0,6,0,0,2,0,2,0,1,7,0,8,14,0,14,22
03/04/2023,ARR,IL,AGL,CE,Towers with Radar,0,1,17,0,18,0,0,57,0,57,0,1,74,0,75,150,0,150,225
03/05/2023,ARR,IL,AGL,CE,Towers with Radar,0,1,22,0,23,0,2,88,0,90,0,3,110,0,113,204,0,204,317
03/06/2023,ARR,IL,AGL,CE,Towers with Radar,0,0,13,0,13,0,0,17,0,17,0,0,30,0,30,114,0,114,144
03/07/2023,ARR,IL,AGL,CE,Towers with Radar,0,0,24,0,24,0,0,57,0,57,0,0,81,0,81,96,0,96,177
03/08/2023,ARR,IL,AGL,CE,Towers with Radar,0,2,26,0,28,0,0,87,0,87,0,2,113,0,115,177,0,177,292
03/09/2023,ARR,IL,AGL,CE,Towers with Radar,0,1,8,0,9,0,0,24,0,24,0,1,32,0,33,78,0,78,111
03/10/2023,ARR,IL,AGL,CE,Towers with Radar,0,1,4,0,5,0,0,3,0,3,0,1,7,0,8,72,0,72,80
03/11/2023,ARR,IL,AGL,CE,Towers with Radar,0,1,4,0,5,0,0,48,0,48,0,1,52,0,53,182,0,182,235
03/12/2023,ARR,IL,AGL,CE,Towers with Radar,0,0,6,0,6,0,0,1,0,1,0,0,7,0,7,0,0,0,7
03/13/2023,ARR,IL,AGL,CE,Towers with Radar,0,2,6,0,8,0,0,18,0,18,0,2,24,0,26,93,0,93,119
03/14/2023,ARR,IL,AGL,CE,Towers with Radar,0,0,22,0,22,0,2,123,0,125,0,2,145,0,147,140,0,140,287
03/15/2023,ARR,IL,AGL,CE,Towers with Radar,0,5,24,0,29,0,0,78,0,78,0,5,102,0,107,58,0,58,165
03/16/2023,ARR,IL,AGL,CE,Towers with Radar,0,2,13,0,15,0,0,15,0,15,0,2,28,0,30,0,0,0,30
03/17/2023,ARR,IL,AGL,CE,Towers with Radar,0,3,9,0,12,0,0,14,0,14,0,3,23,0,26,25,0,25,51
03/18/2023,ARR,IL,AGL,CE,Towers with Radar,0,0,8,0,8,0,0,3,0,3,0,0,11,0,11,0,0,0,11
03/19/2023,ARR,IL,AGL,CE,Towers with Radar,0,3,18,0,21,0,0,102,0,102,0,3,120,0,123,106,0,106,229
03/20/2023,ARR,IL,AGL,CE,Towers with Radar,0,3,11,0,14,0,0,26,0,26,0,3,37,0,40,14,0,14,54
03/21/2023,ARR,IL,AGL,CE,Towers with Radar,0,7,18,0,25,0,0,86,0,86,0,7,104,0,111,127,0,127,238
03/22/2023,ARR,IL,AGL,CE,Towers with Radar,0,4,15,0,19,0,0,0,0,0,0,4,15,0,19,52,0,52,71
03/23/2023,ARR,IL,AGL,CE,Towers with Radar,0,5,10,0,15,0,0,13,0,13,0,5,23,0,28,92,0,92,120
03/24/2023,ARR,IL,AGL,CE,Towers with Radar,0,4,10,0,14,0,0,75,0,75,0,4,85,0,89,236,0,236,325
03/25/2023,ARR,IL,AGL,CE,Towers with Radar,0,6,11,0,17,0,0,8,0,8,0,6,19,0,25,20,0,20,45
03/26/2023,ARR,IL,AGL,CE,Towers with Radar,0,2,18,0,20,0,0,54,0,54,0,2,72,0,74,120,0,120,194
03/27/2023,ARR,IL,AGL,CE,Towers with Radar,0,2,12,0,14,0,0,86,0,86,0,2,98,0,100,126,0,126,226
03/28/2023,ARR,IL,AGL,CE,Towers with Radar,0,3,12,0,15,0,0,112,0,112,0,3,124,0,127,238,0,238,365
03/29/2023,ARR,IL,AGL,CE,Towers with Radar,0,2,10,0,12,0,0,59,0,59,0,2,69,0,71,84,0,84,155
03/30/2023,ARR,IL,AGL,CE,Towers with Radar,0,1,18,0,19,0,0,76,0,76,0,1,94,0,95,142,0,142,237
03/31/2023,ARR,IL,AGL,CE,Towers with Radar,0,1,6,0,7,0,0,3,0,3,0,1,9,0,10,0,0,0,10
04/01/2023,ARR,IL,AGL,CE,Towers with Radar,0,4,6,0,10,0,0,5,0,5,0,4,11,0,15,0,0,0,15
04/02/2023,ARR,IL,AGL,CE,Towers with Radar,0,0,23,0,23,0,0,65,0,65,0,0,88,0,88,118,0,118,206
04/03/2023,ARR,IL,AGL,CE,Towers with Radar,0,3,12,0,15,0,0,62,0,62,0,3,74,0,77,108,0,108,185
04/04/2023,ARR,IL,AGL,CE,Towers with Radar,0,2,4,0,6,0,0,0,0,0,0,2,4,0,6,0,0,0,6
04/05/2023,ARR,IL,AGL,CE,Towers with Radar,0,2,12,0,14,0,0,5,0,5,0,2,17,0,19,30,0,30,49
04/06/2023,ARR,IL,AGL,CE,Towers with Radar,0,5,25,0,30,0,0,98,0,98,0,5,123,0,128,310,0,310,438
04/07/2023,ARR,IL,AGL,CE,Towers with Radar,0,1,5,0,6,0,0,154,0,154,0,1,159,0,160,242,0,242,402
04/08/2023,ARR,IL,AGL,CE,Towers with Radar,0,3,8,0,11,0,0,110,0,110,0,3,118,0,121,244,0,244,365
04/09/2023,ARR,IL,AGL,CE,Towers with Radar,0,2,10,0,12,0,0,71,0,71,0,2,81,0,83,126,0,126,209
04/10/2023,ARR,IL,AGL,CE,Towers with Radar,0,1,27,0,28,0,0,82,0,82,0,1,109,0,110,174,0,174,284
04/11/2023,ARR,IL,AGL,CE,Towers with Radar,0,5,15,0,20,0,0,115,0,115,0,5,130,0,135,139,0,139,274
04/12/2023,ARR,IL,AGL,CE,Towers with Radar,0,2,22,0,24,0,0,41,0,41,0,2,63,0,65,80,0,80,145
04/13/2023,ARR,IL,AGL,CE,Towers with Radar,0,4,35,0,39,0,0,124,0,124,0,4,159,0,163,132,0,132,295
04/14/2023,ARR,IL,AGL,CE,Towers with Radar,0,0,12,0,12,0,0,112,0,112,0,0,124,0,124,170,0,170,294
04/15/2023,ARR,IL,AGL,CE,Towers with Radar,0,3,17,0,20,0,2,68,0,70,0,5,85,0,90,144,0,144,234
04/16/2023,ARR,IL,AGL,CE,Towers with Radar,0,0,6,0,6,0,0,1,0,1,0,0,7,0,7,0,0,0,7
04/17/2023,ARR,IL,AGL,CE,Towers with Radar,0,0,13,0,13,0,0,2,0,2,0,0,15,0,15,0,0,0,15
04/18/2023,ARR,IL,AGL,CE,Towers with Radar,0,5,36,0,41,0,0,108,0,108,0,5,144,0,149,143,0,143,292
04/19/2023,ARR,IL,AGL,CE,Towers with Radar,0,7,18,0,25,0,4,59,0,63,0,11,77,0,88,88,0,88,176
04/20/2023,ARR,IL,AGL,CE,Towers with Radar,0,4,14,0,18,0,0,6,0,6,0,4,20,0,24,4,0,4,28
04/21/2023,ARR,IL,AGL,CE,Towers with Radar,0,7,9,0,16,0,1,67,0,68,0,8,76,0,84,108,0,108,192
04/22/2023,ARR,IL,AGL,CE,Towers with Radar,0,0,11,0,11,0,0,22,0,22,0,0,33,0,33,166,0,166,199
04/23/2023,ARR,IL,AGL,CE,Towers with Radar,0,7,11,0,18,0,0,36,0,36,0,7,47,0,54,272,0,272,326
04/24/2023,ARR,IL,AGL,CE,Towers with Radar,0,5,15,0,20,0,2,97,0,99,0,7,112,0,119,170,0,170,289
04/25/2023,ARR,IL,AGL,CE,Towers with Radar,0,6,10,0,16,0,0,15,0,15,0,6,25,0,31,84,0,84,115
04/26/2023,ARR,IL,AGL,CE,Towers with Radar,0,3,15,0,18,0,1,133,0,134,0,4,148,0,152,154,0,154,306
04/27/2023,ARR,IL,AGL,CE,Towers with Radar,0,2,11,0,13,0,0,101,0,101,0,2,112,0,114,100,0,100,214
04/28/2023,ARR,IL,AGL,CE,Towers with Radar,0,3,20,0,23,0,0,106,0,106,0,3,126,0,129,164,0,164,293
04/29/2023,ARR,IL,AGL,CE,Towers with Radar,0,1,16,0,17,0,0,32,0,32,0,1,48,0,49,58,0,58,107
04/30/2023,ARR,IL,AGL,CE,Towers with Radar,0,3,11,0,14,0,0,8,0,8,0,3,19,0,22,4,0,4,26
05/01/2023,ARR,IL,AGL,CE,Towers with Radar,0,2,13,0,15,0,0,2,0,2,0,2,15,0,17,0,0,0,17
05/02/2023,ARR,IL,AGL,CE,Towers with Radar,0,0,23,0,23,0,3,31,0,34,0,3,54,0,57,14,0,14,71
05/03/2023,ARR,IL,AGL,CE,Towers with Radar,0,3,18,0,21,0,0,106,0,106,0,3,124,0,127,142,0,142,269
05/04/2023,ARR,IL,AGL,CE,Towers with Radar,0,0,22,0,22,0,1,106,0,107,0,1,128,0,129,206,0,206,335
05/05/2023,ARR,IL,AGL,CE,Towers with Radar,0,4,14,0,18,0,0,70,0,70,0,4,84,0,88,127,0,127,215
05/06/2023,ARR,IL,AGL,CE,Towers with Radar,0,5,16,0,21,0,0,22,0,22,0,5,38,0,43,162,0,162,205
05/07/2023,ARR,IL,AGL,CE,Towers with Radar,0,0,13,0,13,0,0,47,0,47,0,0,60,0,60,140,0,140,200
05/08/2023,ARR,IL,AGL,CE,Towers with Radar,0,2,18,0,20,0,0,0,0,0,0,2,18,0,20,0,0,0,20
05/09/2023,ARR,IL,AGL,CE,Towers with Radar,0,7,23,0,30,0,0,125,0,125,0,7,148,0,155,208,0,208,363
05/10/2023,ARR,IL,AGL,CE,Towers with Radar,0,5,16,0,21,0,2,149,0,151,0,7,165,0,172,138,0,138,310
05/11/2023,ARR,IL,AGL,CE,Towers with Radar,0,4,21,0,25,0,0,139,0,139,0,4,160,0,164,135,0,135,299
05/12/2023,ARR,IL,AGL,CE,Towers with Radar,0,2,15,0,17,0,0,4,0,4,0,2,19,0,21,66,0,66,87
05/13/2023,ARR,IL,AGL,CE,Towers with Radar,0,1,34,0,35,0,0,20,0,20,0,1,54,0,55,128,0,128,183
05/14/2023,ARR,IL,AGL,CE,Towers with Radar,0,4,6,0,10,0,0,10,0,10,0,4,16,0,20,14,0,14,34
05/15/2023,ARR,IL,AGL,CE,Towers with Radar,0,2,32,0,34,0,0,122,0,122,0,2,154,0,156,144,0,144,300
05/16/2023,ARR,IL,AGL,CE,Towers with Radar,0,0,12,0,12,0,2,121,0,123,0,2,133,0,135,164,0,164,299
05/17/2023,ARR,IL,AGL,CE,Towers with Radar,0,1,23,0,24,0,4,122,0,126,0,5,145,0,150,278,0,278,428
05/18/2023,ARR,IL,AGL,CE,Towers with Radar,0,5,15,0,20,0,2,108,0,110,0,7,123,0,130,268,0,268,398
05/19/2023,ARR,IL,AGL,CE,Towers with Radar,0,5,18,0,23,0,0,21,0,21,0,5,39,0,44,238,0,238,282
05/20/2023,ARR,IL,AGL,CE,Towers with Radar,0,5,12,0,17,0,1,114,0,115,0,6,126,0,132,206,0,206,338
05/21/2023,ARR,IL,AGL,CE,Towers with Radar,0,4,15,0,19,0,2,158,0,160,0,6,173,0,179,196,0,196,375
05/22/2023,ARR,IL,AGL,CE,Towers with Radar,0,4,8,0,12,0,4,103,0,107,0,8,111,0,119,240,0,240,359
05/23/2023,ARR,IL,AGL,CE,Towers with Radar,0,0,12,0,12,0,0,123,0,123,0,0,135,0,135,182,0,182,317
05/24/2023,ARR,IL,AGL,CE,Towers with Radar,0,4,19,0,23,0,0,91,0,91,0,4,110,0,114,137,0,137,251
05/25/2023,ARR,IL,AGL,CE,Towers with Radar,0,10,25,0,35,0,4,90,0,94,0,14,115,0,129,140,0,140,269
05/26/2023,ARR,IL,AGL,CE,Towers with Radar,0,5,7,0,12,0,5,94,0,99,0,10,101,0,111,144,0,144,255
05/27/2023,ARR,IL,AGL,CE,Towers with Radar,0,1,7,0,8,0,3,99,0,102,0,4,106,0,110,200,0,200,310
05/28/2023,ARR,IL,AGL,CE,Towers with Radar,0,0,10,0,10,0,1,76,2,79,0,1,86,2,89,162,0,162,251
05/29/2023,ARR,IL,AGL,CE,Towers with Radar,0,4,17,0,21,0,2,100,0,102,0,6,117,0,123,190,0,190,313
05/30/2023,ARR,IL,AGL,CE,Towers with Radar,0,6,18,0,24,0,0,94,0,94,0,6,112,0,118,136,0,136,254
05/31/2023,ARR,IL,AGL,CE,Towers with Radar,0,2,25,0,27,0,0,64,0,64,0,2,89,0,91,222,0,222,313
06/01/2023,ARR,IL,AGL,CE,Towers with Radar,0,2,24,0,26,0,0,59,0,59,0,2,83,0,85,114,0,114,199
06/02/2023,ARR,IL,AGL,CE,Towers with Radar,0,1,16,0,17,0,2,76,0,78,0,3,92,0,95,216,0,216,311
06/03/2023,ARR,IL,AGL,CE,Towers with Radar,0,1,14,0,15,0,2,72,0,74,0,3,86,0,89,96,0,96,185
06/04/2023,ARR,IL,AGL,CE,Towers with Radar,0,4,11,0,15,0,2,59,0,61,0,6,70,0,76,120,0,120,196
06/05/2023,ARR,IL,AGL,CE,Towers with Radar,0,4,13,0,17,0,3,96,0,99,0,7,109,0,116,194,0,194,310
06/06/2023,ARR,IL,AGL,CE,Towers with Radar,0,3,13,0,16,0,0,69,0,69,0,3,82,0,85,191,0,191,276
06/07/2023,ARR,IL,AGL,CE,Towers with Radar,0,4,20,0,24,0,0,101,0,101,0,4,121,0,125,167,0,167,292
06/08/2023,ARR,IL,AGL,CE,Towers with Radar,0,9,25,1,35,0,0,93,0,93,0,9,118,1,128,212,0,212,340
06/09/2023,ARR,IL,AGL,CE,Towers with Radar,0,3,15,0,18,0,0,125,0,125,0,3,140,0,143,173,0,173,316
06/10/2023,ARR,IL,AGL,CE,Towers with Radar,0,4,15,0,19,0,6,90,0,96,0,10,105,0,115,128,0,128,243
06/11/2023,ARR,IL,AGL,CE,Towers with Radar,0,7,13,0,20,0,0,2,0,2,0,7,15,0,22,10,0,10,32
06/12/2023,ARR,IL,AGL,CE,Towers with Radar,0,2,12,0,14,0,1,93,0,94,0,3,105,0,108,218,0,218,326
06/13/2023,ARR,IL,AGL,CE,Towers with Radar,0,7,22,0,29,0,0,30,0,30,0,7,52,0,59,118,0,118,177
06/14/2023,ARR,IL,AGL,CE,Towers with Radar,0,0,22,0,22,0,0,80,0,80,0,0,102,0,102,272,0,272,374
06/15/2023,ARR,IL,AGL,CE,Towers with Radar,0,4,36,0,40,0,0,26,0,26,0,4,62,0,66,54,0,54,120
06/16/2023,ARR,IL,AGL,CE,Towers with Radar,0,4,24,0,28,0,0,55,0,55,0,4,79,0,83,116,0,116,199
06/17/2023,ARR,IL,AGL,CE,Towers with Radar,0,1,16,0,17,0,0,105,0,105,0,1,121,0,122,222,0,222,344
06/18/2023,ARR,IL,AGL,CE,Towers with Radar,0,2,5,0,7,0,0,78,0,78,0,2,83,0,85,110,0,110,195
06/19/2023,ARR,IL,AGL,CE,Towers with Radar,0,6,9,0,15,0,0,110,0,110,0,6,119,0,125,150,0,150,275
06/20/2023,ARR,IL,AGL,CE,Towers with Radar,0,2,21,0,23,0,0,99,0,99,0,2,120,0,122,126,0,126,248
06/21/2023,ARR,IL,AGL,CE,Towers with Radar,0,6,19,0,25,0,0,129,0,129,0,6,148,0,154,172,0,172,326
06/22/2023,ARR,IL,AGL,CE,Towers with Radar,0,4,27,0,31,0,1,108,0,109,0,5,135,0,140,194,0,194,334
06/23/2023,ARR,IL,AGL,CE,Towers with Radar,0,1,24,0,25,0,0,99,0,99,0,1,123,0,124,245,0,245,369
06/24/2023,ARR,IL,AGL,CE,Towers with Radar,0,0,8,0,8,0,0,90,0,90,0,0,98,0,98,200,0,200,298
06/25/2023,ARR,IL,AGL,CE,Towers with Radar,0,2,16,0,18,0,0,29,0,29,0,2,45,0,47,30,0,30,77
06/26/2023,ARR,IL,AGL,CE,Towers with Radar,0,1,10,0,11,0,0,17,0,17,0,1,27,0,28,76,0,76,104
06/27/2023,ARR,IL,AGL,CE,Towers with Radar,0,1,30,0,31,0,0,5,0,5,0,1,35,0,36,44,0,44,80
06/28/2023,ARR,IL,AGL,CE,Towers with Radar,0,4,42,0,46,0,0,2,0,2,0,4,44,0,48,12,0,12,60
06/29/2023,ARR,IL,AGL,CE,Towers with Radar,0,4,12,0,16,0,0,13,0,13,0,4,25,0,29,74,0,74,103
06/30/2023,ARR,IL,AGL,CE,Towers with Radar,3,0,38,0,41,0,0,60,0,60,3,0,98,0,101,164,0,164,265
07/01/2023,ARR,IL,AGL,CE,Towers with Radar,0,3,14,0,17,0,3,42,0,45,0,6,56,0,62,178,0,178,240
07/02/2023,ARR,IL,AGL,CE,Towers with Radar,0,3,15,0,18,0,0,6,0,6,0,3,21,0,24,16,0,16,40
07/03/2023,ARR,IL,AGL,CE,Towers with Radar,0,0,17,0,17,0,0,128,0,128,0,0,145,0,145,262,0,262,407
07/04/2023,ARR,IL,AGL,CE,Towers with Radar,0,0,2,0,2,0,2,78,0,80,0,2,80,0,82,152,0,152,234
07/05/2023,ARR,IL,AGL,CE,Towers with Radar,0,3,12,0,15,0,2,48,0,50,0,5,60,0,65,156,0,156,221
07/06/2023,ARR,IL,AGL,CE,Towers with Radar,0,2,19,0,21,0,4,101,0,105,0,6,120,0,126,232,0,232,358
07/07/2023,ARR,IL,AGL,CE,Towers with Radar,0,1,20,0,21,0,0,105,0,105,0,1,125,0,126,164,0,164,290
07/08/2023,ARR,IL,AGL,CE,Towers with Radar,0,3,10,2,15,0,0,72,0,72,0,3,82,2,87,118,0,118,205
07/09/2023,ARR,IL,AGL,CE,Towers with Radar,0,0,12,0,12,0,1,114,0,115,0,1,126,0,127,218,0,218,345
07/10/2023,ARR,IL,AGL,CE,Towers with Radar,0,4,23,0,27,0,2,120,0,122,0,6,143,0,149,192,0,192,341
07/11/2023,ARR,IL,AGL,CE,Towers with Radar,0,8,10,0,18,0,2,69,0,71,0,10,79,0,89,202,0,202,291
07/12/2023,ARR,IL,AGL,CE,Towers with Radar,0,1,17,0,18,0,0,6,0,6,0,1,23,0,24,22,0,22,46
07/13/2023,ARR,IL,AGL,CE,Towers with Radar,0,2,26,0,28,0,0,42,0,42,0,2,68,0,70,160,0,160,230
07/14/2023,ARR,IL,AGL,CE,Towers with Radar,0,1,15,0,16,0,0,71,1,72,0,1,86,1,88,148,0,148,236
07/15/2023,ARR,IL,AGL,CE,Towers with Radar,0,1,6,0,7,0,2,67,0,69,0,3,73,0,76,306,0,306,382
07/16/2023,ARR,IL,AGL,CE,Towers with Radar,0,2,30,0,32,0,0,40,0,40,0,2,70,0,72,224,0,224,296
07/17/2023,ARR,IL,AGL,CE,Towers with Radar,0,6,30,0,36,0,2,119,0,121,0,8,149,0,157,176,0,176,333
07/18/2023,ARR,IL,AGL,CE,Towers with Radar,0,3,22,0,25,0,2,132,0,134,0,5,154,0,159,186,0,186,345
07/19/2023,ARR,IL,AGL,CE,Towers with Radar,0,4,20,0,24,0,2,142,0,144,0,6,162,0,168,230,0,230,398
07/20/2023,ARR,IL,AGL,CE,Towers with Radar,0,0,32,0,32,0,0,99,1,100,0,0,131,1,132,212,0,212,344
07/21/2023,ARR,IL,AGL,CE,Towers with Radar,0,4,22,0,26,0,0,120,0,120,0,4,142,0,146,156,0,156,302
07/22/2023,ARR,IL,AGL,CE,Towers with Radar,0,1,18,0,19,0,0,123,0,123,0,1,141,0,142,200,0,200,342
07/23/2023,ARR,IL,AGL,CE,Towers with Radar,0,3,17,0,20,0,0,79,0,79,0,3,96,0,99,192,0,192,291
07/24/2023,ARR,IL,AGL,CE,Towers with Radar,0,0,20,0,20,0,2,65,0,67,0,2,85,0,87,102,0,102,189
07/25/2023,ARR,IL,AGL,CE,Towers with Radar,0,4,17,1,22,0,0,60,0,60,0,4,77,1,82,80,0,80,162
07/26/2023,ARR,IL,AGL,CE,Towers with Radar,0,2,12,0,14,0,0,41,0,41,0,2,53,0,55,110,0,110,165
07/27/2023,ARR,IL,AGL,CE,Towers with Radar,0,5,19,0,24,0,0,94,0,94,0,5,113,0,118,126,0,126,244
07/28/2023,ARR,IL,AGL,CE,Towers with Radar,0,6,16,0,22,0,0,77,0,77,0,6,93,0,99,153,0,153,252
07/29/2023,ARR,IL,AGL,CE,Towers with Radar,0,2,13,0,15,0,0,53,0,53,0,2,66,0,68,142,0,142,210
07/30/2023,ARR,IL,AGL,CE,Towers with Radar,0,3,11,0,14,0,0,64,0,64,0,3,75,0,78,80,0,80,158
07/31/2023,ARR,IL,AGL,CE,Towers with Radar,0,7,18,0,25,0,1,99,0,100,0,8,117,0,125,206,0,206,331
08/01/2023,ARR,IL,AGL,CE,Towers with Radar,0,6,14,0,20,0,1,127,0,128,0,7,141,0,148,177,0,177,325
08/02/2023,ARR,IL,AGL,CE,Towers with Radar,0,4,17,0,21,0,0,112,0,112,0,4,129,0,133,224,0,224,357
08/03/2023,ARR,IL,AGL,CE,Towers with Radar,0,2,31,0,33,0,0,70,0,70,0,2,101,0,103,166,0,166,269
08/04/2023,ARR,IL,AGL,CE,Towers with Radar,0,4,16,0,20,0,5,115,0,120,0,9,131,0,140,230,0,230,370
08/05/2023,ARR,IL,AGL,CE,Towers with Radar,1,2,30,0,33,0,0,21,0,21,1,2,51,0,54,42,0,42,96
08/06/2023,ARR,IL,AGL,CE,Towers with Radar,0,1,15,0,16,0,0,38,0,38,0,1,53,0,54,86,0,86,140
08/07/2023,ARR,IL,AGL,CE,Towers with Radar,0,3,20,0,23,0,5,70,0,75,0,8,90,0,98,138,0,138,236
08/08/2023,ARR,IL,AGL,CE,Towers with Radar,0,2,12,0,14,0,2,90,0,92,0,4,102,0,106,140,0,140,246
08/09/2023,ARR,IL,AGL,CE,Towers with Radar,0,0,24,0,24,0,0,50,0,50,0,0,74,0,74,174,0,174,248
08/10/2023,ARR,IL,AGL,CE,Towers with Radar,0,0,37,0,37,0,0,60,0,60,0,0,97,0,97,140,0,140,237
08/11/2023,ARR,IL,AGL,CE,Towers with Radar,0,2,11,0,13,0,2,44,0,46,0,4,55,0,59,68,0,68,127
08/12/2023,ARR,IL,AGL,CE,Towers with Radar,0,4,10,0,14,0,2,110,0,112,0,6,120,0,126,166,0,166,292
08/13/2023,ARR,IL,AGL,CE,Towers with Radar,0,1,16,0,17,0,0,76,0,76,0,1,92,0,93,124,0,124,217
08/14/2023,ARR,IL,AGL,CE,Towers with Radar,0,4,23,0,27,0,0,1,0,1,0,4,24,0,28,0,0,0,28
08/15/2023,ARR,IL,AGL,CE,Towers with Radar,0,4,19,0,23,0,4,83,0,87,0,8,102,0,110,138,0,138,248
08/16/2023,ARR,IL,AGL,CE,Towers with Radar,0,0,16,0,16,0,0,120,0,120,0,0,136,0,136,118,0,118,254
08/17/2023,ARR,IL,AGL,CE,Towers with Radar,0,5,18,2,25,0,0,45,0,45,0,5,63,2,70,78,0,78,148
08/18/2023,ARR,IL,AGL,CE,Towers with Radar,0,0,12,1,13,0,0,125,0,125,0,0,137,1,138,188,0,188,326
08/19/2023,ARR,IL,AGL,CE,Towers with Radar,0,3,9,0,12,0,0,76,0,76,0,3,85,0,88,100,0,100,188
08/20/2023,ARR,IL,AGL,CE,Towers with Radar,0,0,16,1,17,0,2,96,0,98,0,2,112,1,115,100,0,100,215
08/21/2023,ARR,IL,AGL,CE,Towers with Radar,0,0,25,0,25,0,2,101,0,103,0,2,126,0,128,148,0,148,276
08/22/2023,ARR,IL,AGL,CE,Towers with Radar,0,2,30,0,32,0,0,63,0,63,0,2,93,0,95,126,0,126,221
08/23/2023,ARR,IL,AGL,CE,Towers with Radar,0,4,13,0,17,0,0,32,0,32,0,4,45,0,49,84,0,84,133
08/24/2023,ARR,IL,AGL,CE,Towers with Radar,0,1,28,0,29,0,0,39,0,39,0,1,67,0,68,40,0,40,108
08/25/2023,ARR,IL,AGL,CE,Towers with Radar,0,1,29,0,30,0,0,74,0,74,0,1,103,0,104,208,0,208,312
08/26/2023,ARR,IL,AGL,CE,Towers with Radar,0,0,16,0,16,0,0,31,0,31,0,0,47,0,47,46,0,46,93
08/27/2023,ARR,IL,AGL,CE,Towers with Radar,0,3,28,0,31,0,0,206,0,206,0,3,234,0,237,100,0,100,337
08/28/2023,ARR,IL,AGL,CE,Towers with Radar,0,1,20,0,21,0,1,93,0,94,0,2,113,0,115,198,0,198,313
08/29/2023,ARR,IL,AGL,CE,Towers with Radar,0,2,42,0,44,0,2,79,0,81,0,4,121,0,125,110,0,110,235
08/30/2023,ARR,IL,AGL,CE,Towers with Radar,0,0,18,0,18,0,0,113,0,113,0,0,131,0,131,211,0,211,342
08/31/2023,ARR,IL,AGL,CE,Towers with Radar,0,3,18,0,21,1,0,102,0,103,1,3,120,0,124,163,0,163,287
01/01/2020,ARR,IL,AGL,CE,Towers with Radar,0,1,9,0,10,0,0,59,0,59,0,1,68,0,69,47,0,47,116
01/02/2020,ARR,IL,AGL,CE,Towers with Radar,0,0,2,0,2,0,0,71,0,71,0,0,73,0,73,185,0,185,258
01/03/2020,ARR,IL,AGL,CE,Towers with Radar,0,6,19,0,25,0,0,13,0,13,0,6,32,0,38,127,0,127,165
01/04/2020,ARR,IL,AGL,CE,Towers with Radar,0,1,4,0,5,0,0,24,0,24,0,1,28,0,29,157,0,157,186
01/05/2020,ARR,IL,AGL,CE,Towers with Radar,0,2,12,0,14,0,0,21,0,21,0,2,33,0,35,47,0,47,82
01/06/2020,ARR,IL,AGL,CE,Towers with Radar,0,0,16,0,16,0,0,89,0,89,0,0,105,0,105,194,0,194,299
01/07/2020,ARR,IL,AGL,CE,Towers with Radar,0,1,17,0,18,0,0,63,0,63,0,1,80,0,81,152,0,152,233
01/08/2020,ARR,IL,AGL,CE,Towers with Radar,0,3,9,0,12,0,0,74,0,74,0,3,83,0,86,193,0,193,279
01/09/2020,ARR,IL,AGL,CE,Towers with Radar,0,0,5,0,5,0,0,2,0,2,0,0,7,0,7,4,0,4,11
01/10/2020,ARR,IL,AGL,CE,Towers with Radar,0,0,7,0,7,0,0,0,0,0,0,0,7,0,7,0,0,0,7
01/11/2020,ARR,IL,AGL,CE,Towers with Radar,0,0,1,0,1,0,0,0,0,0,0,0,1,0,1,0,0,0,1
01/12/2020,ARR,IL,AGL,CE,Towers with Radar,0,2,7,0,9,0,0,17,0,17,0,2,24,0,26,74,0,74,100
01/13/2020,ARR,IL,AGL,CE,Towers with Radar,0,1,9,0,10,0,0,16,2,18,0,1,25,2,28,52,0,52,80
01/14/2020,ARR,IL,AGL,CE,Towers with Radar,0,0,16,0,16,0,0,22,0,22,0,0,38,0,38,97,0,97,135
01/15/2020,ARR,IL,AGL,CE,Towers with Radar,0,2,2,0,4,0,0,0,0,0,0,2,2,0,4,0,0,0,4
01/16/2020,ARR,IL,AGL,CE,Towers with Radar,0,2,19,0,21,0,0,82,0,82,0,2,101,0,103,135,0,135,238
01/17/2020,ARR,IL,AGL,CE,Towers with Radar,0,0,9,0,9,0,0,30,0,30,0,0,39,0,39,105,0,105,144
01/18/2020,ARR,IL,AGL,CE,Towers with Radar,0,0,2,0,2,0,0,0,0,0,0,0,2,0,2,0,0,0,2
01/19/2020,ARR,IL,AGL,CE,Towers with Radar,0,0,7,0,7,0,0,25,0,25,0,0,32,0,32,68,0,68,100
01/20/2020,ARR,IL,AGL,CE,Towers with Radar,0,0,15,0,15,0,0,89,0,89,0,0,104,0,104,132,0,132,236
01/21/2020,ARR,IL,AGL,CE,Towers with Radar,0,1,22,0,23,0,0,83,0,83,0,1,105,0,106,210,0,210,316
01/22/2020,ARR,IL,AGL,CE,Towers with Radar,0,5,11,0,16,0,0,81,0,81,0,5,92,0,97,163,0,163,260
01/23/2020,ARR,IL,AGL,CE,Towers with Radar,0,2,9,0,11,0,0,0,0,0,0,2,9,0,11,0,0,0,11
01/24/2020,ARR,IL,AGL,CE,Towers with Radar,0,2,6,0,8,0,0,0,0,0,0,2,6,0,8,0,0,0,8
01/25/2020,ARR,IL,AGL,CE,Towers with Radar,0,2,4,0,6,0,0,0,0,0,0,2,4,0,6,0,0,0,6
01/26/2020,ARR,IL,AGL,CE,Towers with Radar,0,0,11,0,11,0,0,0,0,0,0,0,11,0,11,0,0,0,11
01/27/2020,ARR,IL,AGL,CE,Towers with Radar,0,0,9,0,9,0,0,3,0,3,0,0,12,0,12,76,0,76,88
01/28/2020,ARR,IL,AGL,CE,Towers with Radar,0,1,5,0,6,0,0,0,0,0,0,1,5,0,6,40,0,40,46
01/29/2020,ARR,IL,AGL,CE,Towers with Radar,0,0,13,0,13,0,0,10,0,10,0,0,23,0,23,130,0,130,153
01/30/2020,ARR,IL,AGL,CE,Towers with Radar,0,1,21,0,22,0,0,46,0,46,0,1,67,0,68,149,0,149,217
01/31/2020,ARR,IL,AGL,CE,Towers with Radar,0,1,7,0,8,0,0,2,0,2,0,1,9,0,10,64,0,64,74
02/01/2020,ARR,IL,AGL,CE,Towers with Radar,0,0,7,0,7,0,0,2,0,2,0,0,9,0,9,36,0,36,45
02/02/2020,ARR,IL,AGL,CE,Towers with Radar,0,0,11,0,11,0,0,76,0,76,0,0,87,0,87,135,0,135,222
02/03/2020,ARR,IL,AGL,CE,Towers with Radar,0,0,19,0,19,0,0,120,0,120,0,0,139,0,139,194,0,194,333
02/04/2020,ARR,IL,AGL,CE,Towers with Radar,0,4,11,0,15,0,0,21,0,21,0,4,32,0,36,30,0,30,66
02/05/2020,ARR,IL,AGL,CE,Towers with Radar,0,4,12,0,16,0,0,52,0,52,0,4,64,0,68,109,0,109,177
02/06/2020,ARR,IL,AGL,CE,Towers with Radar,0,1,11,0,12,0,0,10,0,10,0,1,21,0,22,64,0,64,86
02/07/2020,ARR,IL,AGL,CE,Towers with Radar,0,1,17,0,18,0,0,83,0,83,0,1,100,0,101,218,0,218,319
02/08/2020,ARR,IL,AGL,CE,Towers with Radar,0,4,13,0,17,0,0,102,0,102,0,4,115,0,119,198,0,198,317
02/09/2020,ARR,IL,AGL,CE,Towers with Radar,0,4,6,0,10,0,0,3,0,3,0,4,9,0,13,8,0,8,21
02/10/2020,ARR,IL,AGL,CE,Towers with Radar,0,0,11,0,11,0,0,21,0,21,0,0,32,0,32,93,0,93,125
02/11/2020,ARR,IL,AGL,CE,Towers with Radar,0,3,13,0,16,0,0,93,0,93,0,3,106,0,109,178,0,178,287
02/12/2020,ARR,IL,AGL,CE,Towers with Radar,0,5,8,0,13,0,0,39,0,39,0,5,47,0,52,108,0,108,160
02/13/2020,ARR,IL,AGL,CE,Towers with Radar,0,0,7,0,7,0,0,0,0,0,0,0,7,0,7,0,0,0,7
02/14/2020,ARR,IL,AGL,CE,Towers with Radar,0,0,16,0,16,0,0,65,0,65,0,0,81,0,81,125,0,125,206
02/15/2020,ARR,IL,AGL,CE,Towers with Radar,0,1,8,0,9,0,0,8,0,8,0,1,16,0,17,17,0,17,34
02/16/2020,ARR,IL,AGL,CE,Towers with Radar,0,2,8,0,10,0,0,105,0,105,0,2,113,0,115,204,0,204,319
02/17/2020,ARR,IL,AGL,CE,Towers with Radar,0,0,21,0,21,0,0,9,0,9,0,0,30,0,30,18,0,18,48
02/18/2020,ARR,IL,AGL,CE,Towers with Radar,0,0,11,0,11,0,0,41,0,41,0,0,52,0,52,62,0,62,114
02/19/2020,ARR,IL,AGL,CE,Towers with Radar,0,0,17,0,17,0,0,70,0,70,0,0,87,0,87,153,0,153,240
02/20/2020,ARR,IL,AGL,CE,Towers with Radar,0,1,13,0,14,0,0,69,0,69,0,1,82,0,83,174,0,174,257
02/21/2020,ARR,IL,AGL,CE,Towers with Radar,0,1,20,0,21,0,1,103,0,104,0,2,123,0,125,104,0,104,229
02/22/2020,ARR,IL,AGL,CE,Towers with Radar,0,2,10,0,12,0,0,132,0,132,0,2,142,0,144,183,0,183,327
02/23/2020,ARR,IL,AGL,CE,Towers with Radar,0,1,14,0,15,0,0,139,0,139,0,1,153,0,154,150,0,150,304
02/24/2020,ARR,IL,AGL,CE,Towers with Radar,0,2,21,0,23,0,0,39,0,39,0,2,60,0,62,74,0,74,136
02/25/2020,ARR,IL,AGL,CE,Towers with Radar,0,0,9,0,9,0,0,0,0,0,0,0,9,0,9,0,0,0,9
02/26/2020,ARR,IL,AGL,CE,Towers with Radar,0,3,10,0,13,0,0,3,0,3,0,3,13,0,16,22,0,22,38
02/27/2020,ARR,IL,AGL,CE,Towers with Radar,0,1,11,0,12,0,0,46,0,46,0,1,57,0,58,168,0,168,226
02/28/2020,ARR,IL,AGL,CE,Towers with Radar,0,1,14,0,15,0,0,54,0,54,0,1,68,0,69,112,0,112,181
02/29/2020,ARR,IL,AGL,CE,Towers with Radar,0,0,13,0,13,0,0,118,0,118,0,0,131,0,131,190,0,190,321
03/01/2020,ARR,IL,AGL,CE,Towers with Radar,0,0,11,0,11,0,0,36,0,36,0,0,47,0,47,77,0,77,124
03/02/2020,ARR,IL,AGL,CE,Towers with Radar,0,2,12,0,14,0,0,66,0,66,0,2,78,0,80,188,0,188,268
03/03/2020,ARR,IL,AGL,CE,Towers with Radar,0,4,15,0,19,0,0,36,0,36,0,4,51,0,55,98,0,98,153
03/04/2020,ARR,IL,AGL,CE,Towers with Radar,0,1,18,0,19,0,0,67,0,67,0,1,85,0,86,180,0,180,266
03/05/2020,ARR,IL,AGL,CE,Towers with Radar,0,2,9,0,11,0,0,16,0,16,0,2,25,0,27,14,0,14,41
03/06/2020,ARR,IL,AGL,CE,Towers with Radar,0,1,7,0,8,0,0,18,0,18,0,1,25,0,26,72,0,72,98
03/07/2020,ARR,IL,AGL,CE,Towers with Radar,0,0,9,0,9,0,0,96,0,96,0,0,105,0,105,144,0,144,249
03/08/2020,ARR,IL,AGL,CE,Towers with Radar,0,3,16,0,19,0,0,41,0,41,0,3,57,0,60,60,0,60,120
03/09/2020,ARR,IL,AGL,CE,Towers with Radar,0,1,21,0,22,0,0,1,0,1,0,1,22,0,23,0,0,0,23
03/10/2020,ARR,IL,AGL,CE,Towers with Radar,0,0,18,0,18,0,0,38,0,38,0,0,56,0,56,145,0,145,201
03/11/2020,ARR,IL,AGL,CE,Towers with Radar,0,3,26,0,29,0,0,3,0,3,0,3,29,0,32,24,0,24,56
03/12/2020,ARR,IL,AGL,CE,Towers with Radar,0,0,35,0,35,0,0,6,0,6,0,0,41,0,41,23,0,23,64
03/13/2020,ARR,IL,AGL,CE,Towers with Radar,0,0,17,0,17,0,1,66,0,67,0,1,83,0,84,58,0,58,142
03/14/2020,ARR,IL,AGL,CE,Towers with Radar,0,0,12,0,12,0,0,27,0,27,0,0,39,0,39,29,0,29,68
03/15/2020,ARR,IL,AGL,CE,Towers with Radar,0,1,18,0,19,0,0,84,0,84,0,1,102,0,103,149,0,149,252
03/16/2020,ARR,IL,AGL,CE,Towers with Radar,0,6,14,0,20,0,0,4,0,4,0,6,18,0,24,12,0,12,36
03/17/2020,ARR,IL,AGL,CE,Towers with Radar,0,0,18,0,18,0,0,147,0,147,0,0,165,0,165,269,0,269,434
03/18/2020,ARR,IL,AGL,CE,Towers with Radar,0,2,18,0,20,0,0,14,0,14,0,2,32,0,34,83,0,83,117
03/19/2020,ARR,IL,AGL,CE,Towers with Radar,0,0,11,0,11,0,0,0,0,0,0,0,11,0,11,0,0,0,11
03/20/2020,ARR,IL,AGL,CE,Towers with Radar,0,5,11,0,16,0,0,22,0,22,0,5,33,0,38,30,0,30,68
03/21/2020,ARR,IL,AGL,CE,Towers with Radar,0,2,11,0,13,0,0,98,0,98,0,2,109,0,111,132,0,132,243
03/22/2020,ARR,IL,AGL,CE,Towers with Radar,0,1,10,0,11,0,0,37,0,37,0,1,47,0,48,136,0,136,184
03/23/2020,ARR,IL,AGL,CE,Towers with Radar,0,4,11,0,15,0,0,7,0,7,0,4,18,0,22,38,0,38,60
03/24/2020,ARR,IL,AGL,CE,Towers with Radar,0,0,9,0,9,0,0,24,0,24,0,0,33,0,33,63,0,63,96
03/25/2020,ARR,IL,AGL,CE,Towers with Radar,0,1,14,0,15,0,0,16,0,16,0,1,30,0,31,44,0,44,75
03/26/2020,ARR,IL,AGL,CE,Towers with Radar,0,1,10,0,11,0,0,5,0,5,0,1,15,0,16,2,0,2,18
03/27/2020,ARR,IL,AGL,CE,Towers with Radar,0,2,11,0,13,0,0,9,0,9,0,2,20,0,22,67,0,67,89
03/28/2020,ARR,IL,AGL,CE,Towers with Radar,0,2,7,0,9,0,0,0,0,0,0,2,7,0,9,0,0,0,9
03/29/2020,ARR,IL,AGL,CE,Towers with Radar,0,2,3,0,5,0,0,2,0,2,0,2,5,0,7,0,0,0,7
03/30/2020,ARR,IL,AGL,CE,Towers with Radar,0,0,8,0,8,0,0,78,0,78,0,0,86,0,86,182,0,182,268
03/31/2020,ARR,IL,AGL,CE,Towers with Radar,0,3,5,0,8,0,0,30,0,30,0,3,35,0,38,135,0,135,173
04/01/2020,ARR,IL,AGL,CE,Towers with Radar,0,2,8,0,10,0,0,65,0,65,0,2,73,0,75,105,0,105,180
04/02/2020,ARR,IL,AGL,CE,Towers with Radar,0,3,5,0,8,0,0,50,0,50,0,3,55,0,58,116,0,116,174
04/03/2020,ARR,IL,AGL,CE,Towers with Radar,0,1,7,0,8,0,0,64,0,64,0,1,71,0,72,104,0,104,176
04/04/2020,ARR,IL,AGL,CE,Towers with Radar,0,0,10,0,10,0,0,23,0,23,0,0,33,0,33,92,0,92,125
04/05/2020,ARR,IL,AGL,CE,Towers with Radar,0,1,11,0,12,0,0,108,0,108,0,1,119,0,120,160,0,160,280
04/06/2020,ARR,IL,AGL,CE,Towers with Radar,0,0,3,0,3,0,0,39,0,39,0,0,42,0,42,58,0,58,100
04/07/2020,ARR,IL,AGL,CE,Towers with Radar,0,2,1,0,3,0,0,38,0,38,0,2,39,0,41,108,0,108,149
04/08/2020,ARR,IL,AGL,CE,Towers with Radar,0,0,9,0,9,0,0,36,0,36,0,0,45,0,45,81,0,81,126
04/09/2020,ARR,IL,AGL,CE,Towers with Radar,0,0,5,0,5,0,0,13,0,13,0,0,18,0,18,7,0,7,25
04/10/2020,ARR,IL,AGL,CE,Towers with Radar,0,0,10,0,10,0,0,90,0,90,0,0,100,0,100,153,0,153,253
04/11/2020,ARR,IL,AGL,CE,Towers with Radar,0,0,3,0,3,0,0,57,0,57,0,0,60,0,60,122,0,122,182
04/12/2020,ARR,IL,AGL,CE,Towers with Radar,0,0,0,0,0,0,1,22,0,23,0,1,22,0,23,67,0,67,90
04/13/2020,ARR,IL,AGL,CE,Towers with Radar,0,0,3,0,3,0,0,3,0,3,0,0,6,0,6,4,0,4,10
04/14/2020,ARR,IL,AGL,CE,Towers with Radar,0,2,1,0,3,0,0,45,0,45,0,2,46,0,48,50,0,50,98
04/15/2020,ARR,IL,AGL,CE,Towers with Radar,0,1,3,0,4,0,0,36,0,36,0,1,39,0,40,156,0,156,196
04/16/2020,ARR,IL,AGL,CE,Towers with Radar,0,0,3,0,3,0,0,92,0,92,0,0,95,0,95,133,0,133,228
04/17/2020,ARR,IL,AGL,CE,Towers with Radar,0,4,9,0,13,0,0,20,0,20,0,4,29,0,33,38,0,38,71
04/18/2020,ARR,IL,AGL,CE,Towers with Radar,0,1,7,0,8,0,0,51,0,51,0,1,58,0,59,49,0,49,108
04/19/2020,ARR,IL,AGL,CE,Towers with Radar,0,0,6,0,6,0,0,100,0,100,0,0,106,0,106,190,0,190,296
04/20/2020,ARR,IL,AGL,CE,Towers with Radar,0,0,7,0,7,0,0,53,0,53,0,0,60,0,60,34,0,34,94
04/21/2020,ARR,IL,AGL,CE,Towers with Radar,0,0,6,0,6,0,0,58,0,58,0,0,64,0,64,156,0,156,220
04/22/2020,ARR,IL,AGL,CE,Towers with Radar,0,0,8,0,8,0,0,52,0,52,0,0,60,0,60,193,0,193,253
04/23/2020,ARR,IL,AGL,CE,Towers with Radar,0,2,23,0,25,0,0,10,0,10,0,2,33,0,35,116,0,116,151
04/24/2020,ARR,IL,AGL,CE,Towers with Radar,0,0,13,0,13,0,0,12,0,12,0,0,25,0,25,132,0,132,157
04/25/2020,ARR,IL,AGL,CE,Towers with Radar,0,0,23,0,23,0,0,6,0,6,0,0,29,0,29,10,0,10,39
04/26/2020,ARR,IL,AGL,CE,Towers with Radar,0,2,12,0,14,0,0,142,0,142,0,2,154,0,156,208,0,208,364
04/27/2020,ARR,IL,AGL,CE,Towers with Radar,0,0,7,0,7,0,0,46,0,46,0,0,53,0,53,24,0,24,77
04/28/2020,ARR,IL,AGL,CE,Towers with Radar,0,0,6,0,6,0,0,58,0,58,0,0,64,0,64,80,0,80,144
04/29/2020,ARR,IL,AGL,CE,Towers with Radar,0,0,19,0,19,0,0,0,0,0,0,0,19,0,19,0,0,0,19
04/30/2020,ARR,IL,AGL,CE,Towers with Radar,0,0,6,0,6,0,0,29,0,29,0,0,35,0,35,52,0,52,87
05/01/2020,ARR,IL,AGL,CE,Towers with Radar,0,0,11,0,11,0,0,116,0,116,0,0,127,0,127,240,0,240,367
05/02/2020,ARR,IL,AGL,CE,Towers with Radar,0,4,11,0,15,0,0,87,0,87,0,4,98,0,102,216,0,216,318
05/03/2020,ARR,IL,AGL,CE,Towers with Radar,0,2,17,0,19,0,0,124,0,124,0,2,141,0,143,88,0,88,231
05/04/2020,ARR,IL,AGL,CE,Towers with Radar,0,0,10,0,10,0,0,73,0,73,0,0,83,0,83,106,0,106,189
05/05/2020,ARR,IL,AGL,CE,Towers with Radar,0,2,8,0,10,0,0,8,0,8,0,2,16,0,18,0,0,0,18
05/06/2020,ARR,IL,AGL,CE,Towers with Radar,0,4,12,0,16,0,0,118,0,118,0,4,130,0,134,138,0,138,272
05/07/2020,ARR,IL,AGL,CE,Towers with Radar,0,1,20,0,21,0,0,114,0,114,0,1,134,0,135,81,0,81,216
05/08/2020,ARR,IL,AGL,CE,Towers with Radar,0,0,7,0,7,0,0,50,0,50,0,0,57,0,57,46,0,46,103
05/09/2020,ARR,IL,AGL,CE,Towers with Radar,0,2,10,0,12,0,0,143,0,143,0,2,153,0,155,126,0,126,281
05/10/2020,ARR,IL,AGL,CE,Towers with Radar,0,0,8,0,8,0,0,3,0,3,0,0,11,0,11,16,0,16,27
05/11/2020,ARR,IL,AGL,CE,Towers with Radar,0,1,12,0,13,0,0,94,0,94,0,1,106,0,107,82,0,82,189
05/12/2020,ARR,IL,AGL,CE,Towers with Radar,0,1,17,0,18,0,0,118,0,118,0,1,135,0,136,174,0,174,310
05/13/2020,ARR,IL,AGL,CE,Towers with Radar,0,1,7,0,8,0,0,77,0,77,0,1,84,0,85,107,0,107,192
05/14/2020,ARR,IL,AGL,CE,Towers with Radar,0,0,6,0,6,0,0,3,0,3,0,0,9,0,9,0,0,0,9
05/15/2020,ARR,IL,AGL,CE,Towers with Radar,0,1,19,0,20,0,0,59,0,59,0,1,78,0,79,83,0,83,162
05/16/2020,ARR,IL,AGL,CE,Towers with Radar,0,1,8,0,9,0,0,116,0,116,0,1,124,0,125,155,0,155,280
05/17/2020,ARR,IL,AGL,CE,Towers with Radar,0,0,2,0,2,0,0,0,0,0,0,0,2,0,2,0,0,0,2
05/18/2020,ARR,IL,AGL,CE,Towers with Radar,0,4,15,0,19,0,0,14,0,14,0,4,29,0,33,24,0,24,57
05/19/2020,ARR,IL,AGL,CE,Towers with Radar,0,0,25,0,25,0,0,0,0,0,0,0,25,0,25,0,0,0,25
05/20/2020,ARR,IL,AGL,CE,Towers with Radar,0,1,15,0,16,0,0,99,0,99,0,1,114,0,115,191,0,191,306
05/21/2020,ARR,IL,AGL,CE,Towers with Radar,0,2,13,0,15,0,0,89,0,89,0,2,102,0,104,275,0,275,379
05/22/2020,ARR,IL,AGL,CE,Towers with Radar,0,1,24,0,25,0,0,65,0,65,0,1,89,0,90,139,0,139,229
05/23/2020,ARR,IL,AGL,CE,Towers with Radar,0,2,6,0,8,0,0,63,0,63,0,2,69,0,71,120,0,120,191
05/24/2020,ARR,IL,AGL,CE,Towers with Radar,0,1,17,0,18,0,0,91,0,91,0,1,108,0,109,160,0,160,269
05/25/2020,ARR,IL,AGL,CE,Towers with Radar,0,0,11,0,11,0,0,47,0,47,0,0,58,0,58,132,0,132,190
05/26/2020,ARR,IL,AGL,CE,Towers with Radar,0,1,13,0,14,0,0,66,0,66,0,1,79,0,80,138,0,138,218
05/27/2020,ARR,IL,AGL,CE,Towers with Radar,0,5,9,0,14,0,0,84,0,84,0,5,93,0,98,134,0,134,232
05/28/2020,ARR,IL,AGL,CE,Towers with Radar,0,4,23,0,27,0,0,25,0,25,0,4,48,0,52,51,0,51,103
05/29/2020,ARR,IL,AGL,CE,Towers with Radar,0,3,10,0,13,0,0,127,0,127,0,3,137,0,140,130,0,130,270
05/30/2020,ARR,IL,AGL,CE,Towers with Radar,0,3,9,0,12,0,0,126,0,126,0,3,135,0,138,152,0,152,290
05/31/2020,ARR,IL,AGL,CE,Towers with Radar,0,2,21,0,23,0,0,118,0,118,0,2,139,0,141,161,0,161,302
06/01/2020,ARR,IL,AGL,CE,Towers with Radar,0,0,12,0,12,0,0,43,0,43,0,0,55,0,55,35,0,35,90
06/02/2020,ARR,IL,AGL,CE,Towers with Radar,0,0,14,0,14,0,0,60,0,60,0,0,74,0,74,138,0,138,212
06/03/2020,ARR,IL,AGL,CE,Towers with Radar,0,1,11,0,12,0,0,58,0,58,0,1,69,0,70,50,0,50,120
06/04/2020,ARR,IL,AGL,CE,Towers with Radar,0,1,11,0,12,0,0,94,0,94,0,1,105,0,106,162,0,162,268
06/05/2020,ARR,IL,AGL,CE,Towers with Radar,0,0,16,0,16,0,0,83,0,83,0,0,99,0,99,164,0,164,263
06/06/2020,ARR,IL,AGL,CE,Towers with Radar,0,1,8,0,9,0,0,83,0,83,0,1,91,0,92,130,0,130,222
06/07/2020,ARR,IL,AGL,CE,Towers with Radar,0,1,14,0,15,0,0,119,0,119,0,1,133,0,134,92,0,92,226
06/08/2020,ARR,IL,AGL,CE,Towers with Radar,0,1,8,0,9,0,0,73,0,73,0,1,81,0,82,152,0,152,234
06/09/2020,ARR,IL,AGL,CE,Towers with Radar,0,1,9,0,10,0,0,31,0,31,0,1,40,0,41,34,0,34,75
06/10/2020,ARR,IL,AGL,CE,Towers with Radar,0,3,10,0,13,0,0,24,0,24,0,3,34,0,37,108,0,108,145
06/11/2020,ARR,IL,AGL,CE,Towers with Radar,0,2,15,0,17,0,0,109,0,109,0,2,124,0,126,140,0,140,266
06/12/2020,ARR,IL,AGL,CE,Towers with Radar,0,1,13,0,14,0,0,126,0,126,0,1,139,0,140,214,0,214,354
06/13/2020,ARR,IL,AGL,CE,Towers with Radar,0,1,9,0,10,0,0,109,0,109,0,1,118,0,119,82,0,82,201
06/14/2020,ARR,IL,AGL,CE,Towers with Radar,0,0,12,0,12,0,0,103,0,103,0,0,115,0,115,125,0,125,240
06/15/2020,ARR,IL,AGL,CE,Towers with Radar,0,2,18,0,20,0,0,94,0,94,0,2,112,0,114,211,0,211,325
06/16/2020,ARR,IL,AGL,CE,Towers with Radar,0,0,12,0,12,0,0,122,0,122,0,0,134,0,134,232,0,232,366
06/17/2020,ARR,IL,AGL,CE,Towers with Radar,0,2,11,0,13,0,0,84,0,84,0,2,95,0,97,144,0,144,241
06/18/2020,ARR,IL,AGL,CE,Towers with Radar,0,1,14,0,15,0,0,78,0,78,0,1,92,0,93,79,0,79,172
06/19/2020,ARR,IL,AGL,CE,Towers with Radar,0,1,17,2,20,0,0,86,0,86,0,1,103,2,106,145,0,145,251
06/20/2020,ARR,IL,AGL,CE,Towers with Radar,0,0,14,0,14,0,0,42,0,42,0,0,56,0,56,46,0,46,102
06/21/2020,ARR,IL,AGL,CE,Towers with Radar,0,1,8,0,9,0,0,68,0,68,0,1,76,0,77,105,0,105,182
06/22/2020,ARR,IL,AGL,CE,Towers with Radar,0,1,12,0,13,0,0,23,0,23,0,1,35,0,36,54,0,54,90
06/23/2020,ARR,IL,AGL,CE,Towers with Radar,0,0,14,0,14,0,0,69,0,69,0,0,83,0,83,146,0,146,229
06/24/2020,ARR,IL,AGL,CE,Towers with Radar,0,2,18,0,20,0,0,89,0,89,0,2,107,0,109,186,0,186,295
06/25/2020,ARR,IL,AGL,CE,Towers with Radar,0,1,15,0,16,0,0,120,0,120,0,1,135,0,136,108,0,108,244
06/26/2020,ARR,IL,AGL,CE,Towers with Radar,0,1,17,0,18,0,0,7,0,7,0,1,24,0,25,18,0,18,43
06/27/2020,ARR,IL,AGL,CE,Towers with Radar,0,1,13,0,14,0,0,76,0,76,0,1,89,0,90,54,0,54,144
06/28/2020,ARR,IL,AGL,CE,Towers with Radar,0,2,13,0,15,0,0,64,0,64,0,2,77,0,79,138,0,138,217
06/29/2020,ARR,IL,AGL,CE,Towers with Radar,0,1,12,0,13,0,0,34,0,34,0,1,46,0,47,80,0,80,127
06/30/2020,ARR,IL,AGL,CE,Towers with Radar,0,0,15,1,16,0,0,80,0,80,0,0,95,1,96,116,0,116,212
07/01/2020,ARR,IL,AGL,CE,Towers with Radar,0,3,14,0,17,0,0,82,0,82,0,3,96,0,99,94,0,94,193
07/02/2020,ARR,IL,AGL,CE,Towers with Radar,0,1,11,0,12,0,0,89,0,89,0,1,100,0,101,124,0,124,225
07/03/2020,ARR,IL,AGL,CE,Towers with Radar,0,1,8,0,9,0,0,89,0,89,0,1,97,0,98,155,0,155,253
07/04/2020,ARR,IL,AGL,CE,Towers with Radar,0,1,8,0,9,0,0,62,0,62,0,1,70,0,71,18,0,18,89
07/05/2020,ARR,IL,AGL,CE,Towers with Radar,0,1,15,0,16,0,0,68,0,68,0,1,83,0,84,132,0,132,216
07/06/2020,ARR,IL,AGL,CE,Towers with Radar,0,2,18,0,20,0,0,113,0,113,0,2,131,0,133,81,0,81,214
07/07/2020,ARR,IL,AGL,CE,Towers with Radar,0,3,13,0,16,0,0,118,0,118,0,3,131,0,134,148,0,148,282
07/08/2020,ARR,IL,AGL,CE,Towers with Radar,0,1,16,0,17,0,0,107,0,107,0,1,123,0,124,170,0,170,294
07/09/2020,ARR,IL,AGL,CE,Towers with Radar,0,4,23,0,27,0,0,73,0,73,0,4,96,0,100,173,0,173,273
07/10/2020,ARR,IL,AGL,CE,Towers with Radar,0,2,13,0,15,0,0,73,0,73,0,2,86,0,88,126,0,126,214
07/11/2020,ARR,IL,AGL,CE,Towers with Radar,0,1,10,0,11,0,0,82,0,82,0,1,92,0,93,130,0,130,223
07/12/2020,ARR,IL,AGL,CE,Towers with Radar,0,3,26,0,29,0,0,80,0,80,0,3,106,0,109,94,0,94,203
07/13/2020,ARR,IL,AGL,CE,Towers with Radar,0,2,8,0,10,0,0,160,0,160,0,2,168,0,170,221,0,221,391
07/14/2020,ARR,IL,AGL,CE,Towers with Radar,0,3,18,0,21,0,0,121,2,123,0,3,139,2,144,177,0,177,321
07/15/2020,ARR,IL,AGL,CE,Towers with Radar,0,0,21,1,22,0,0,64,2,66,0,0,85,3,88,127,0,127,215
07/16/2020,ARR,IL,AGL,CE,Towers with Radar,0,7,23,2,32,0,0,81,0,81,0,7,104,2,113,116,0,116,229
07/17/2020,ARR,IL,AGL,CE,Towers with Radar,0,3,22,2,27,0,0,123,0,123,0,3,145,2,150,112,0,112,262
07/18/2020,ARR,IL,AGL,CE,Towers with Radar,0,4,7,1,12,0,1,74,0,75,0,5,81,1,87,64,6,70,157
07/19/2020,ARR,IL,AGL,CE,Towers with Radar,0,4,17,0,21,0,0,47,0,47,0,4,64,0,68,38,0,38,106
07/20/2020,ARR,IL,AGL,CE,Towers with Radar,0,1,16,0,17,0,0,136,0,136,0,1,152,0,153,183,0,183,336
07/21/2020,ARR,IL,AGL,CE,Towers with Radar,0,6,9,0,15,0,0,48,0,48,0,6,57,0,63,140,0,140,203
07/22/2020,ARR,IL,AGL,CE,Towers with Radar,0,2,20,0,22,0,0,68,0,68,0,2,88,0,90,190,0,190,280
07/23/2020,ARR,IL,AGL,CE,Towers with Radar,0,1,5,0,6,0,0,133,0,133,0,1,138,0,139,182,0,182,321
07/24/2020,ARR,IL,AGL,CE,Towers with Radar,0,2,19,0,21,0,0,144,0,144,0,2,163,0,165,148,0,148,313
07/25/2020,ARR,IL,AGL,CE,Towers with Radar,0,1,13,0,14,0,0,101,0,101,0,1,114,0,115,154,0,154,269
07/26/2020,ARR,IL,AGL,CE,Towers with Radar,0,1,16,0,17,0,0,70,0,70,0,1,86,0,87,46,0,46,133
07/27/2020,ARR,IL,AGL,CE,Towers with Radar,0,4,26,0,30,0,1,42,0,43,0,5,68,0,73,156,0,156,229
07/28/2020,ARR,IL,AGL,CE,Towers with Radar,0,0,14,0,14,0,0,131,1,132,0,0,145,1,146,189,0,189,335
07/29/2020,ARR,IL,AGL,CE,Towers with Radar,0,1,14,0,15,0,0,98,0,98,0,1,112,0,113,178,0,178,291
07/30/2020,ARR,IL,AGL,CE,Towers with Radar,0,0,17,0,17,0,0,76,0,76,0,0,93,0,93,94,0,94,187
07/31/2020,ARR,IL,AGL,CE,Towers with Radar,0,2,21,0,23,0,0,124,0,124,0,2,145,0,147,213,0,213,360
08/01/2020,ARR,IL,AGL,CE,Towers with Radar,0,3,7,0,10,0,0,65,0,65,0,3,72,0,75,215,0,215,290
08/02/2020,ARR,IL,AGL,CE,Towers with Radar,0,3,13,0,16,0,0,89,0,89,0,3,102,0,105,162,0,162,267
08/03/2020,ARR,IL,AGL,CE,Towers with Radar,0,2,28,0,30,0,0,11,0,11,0,2,39,0,41,18,0,18,59
08/04/2020,ARR,IL,AGL,CE,Towers with Radar,0,3,9,0,12,0,0,93,0,93,0,3,102,0,105,213,0,213,318
08/05/2020,ARR,IL,AGL,CE,Towers with Radar,0,1,12,0,13,0,0,108,0,108,0,1,120,0,121,145,0,145,266
08/06/2020,ARR,IL,AGL,CE,Towers with Radar,0,2,11,0,13,0,0,137,0,137,0,2,148,0,150,264,0,264,414
08/07/2020,ARR,IL,AGL,CE,Towers with Radar,0,1,20,0,21,0,0,134,0,134,0,1,154,0,155,150,0,150,305
08/08/2020,ARR,IL,AGL,CE,Towers with Radar,0,1,12,0,13,0,0,85,0,85,0,1,97,0,98,70,0,70,168
08/09/2020,ARR,IL,AGL,CE,Towers with Radar,0,5,13,0,18,0,0,61,0,61,0,5,74,0,79,134,0,134,213
08/10/2020,ARR,IL,AGL,CE,Towers with Radar,0,5,12,0,17,0,0,8,0,8,0,5,20,0,25,46,0,46,71
08/11/2020,ARR,IL,AGL,CE,Towers with Radar,0,0,13,0,13,0,0,93,0,93,0,0,106,0,106,273,0,273,379
08/12/2020,ARR,IL,AGL,CE,Towers with Radar,0,6,13,1,20,0,0,115,0,115,0,6,128,1,135,104,0,104,239
08/13/2020,ARR,IL,AGL,CE,Towers with Radar,0,5,15,0,20,0,0,135,0,135,0,5,150,0,155,209,0,209,364
08/14/2020,ARR,IL,AGL,CE,Towers with Radar,0,4,15,1,20,0,0,133,2,135,0,4,148,3,155,236,0,236,391
08/15/2020,ARR,IL,AGL,CE,Towers with Radar,0,3,13,0,16,0,0,90,0,90,0,3,103,0,106,116,0,116,222
08/16/2020,ARR,IL,AGL,CE,Towers with Radar,0,2,11,0,13,0,0,105,0,105,0,2,116,0,118,156,0,156,274
08/17/2020,ARR,IL,AGL,CE,Towers with Radar,0,4,13,0,17,0,0,116,1,117,0,4,129,1,134,247,0,247,381
08/18/2020,ARR,IL,AGL,CE,Towers with Radar,0,3,33,0,36,0,0,121,0,121,0,3,154,0,157,124,0,124,281
08/19/2020,ARR,IL,AGL,CE,Towers with Radar,0,0,15,0,15,0,0,140,0,140,0,0,155,0,155,180,0,180,335
08/20/2020,ARR,IL,AGL,CE,Towers with Radar,0,2,17,0,19,0,0,130,0,130,0,2,147,0,149,219,0,219,368
08/21/2020,ARR,IL,AGL,CE,Towers with Radar,0,2,15,0,17,0,0,122,0,122,0,2,137,0,139,127,0,127,266
08/22/2020,ARR,IL,AGL,CE,Towers with Radar,0,1,16,0,17,0,0,126,0,126,0,1,142,0,143,152,0,152,295
08/23/2020,ARR,IL,AGL,CE,Towers with Radar,0,2,15,0,17,0,0,81,0,81,0,2,96,0,98,174,0,174,272
08/24/2020,ARR,IL,AGL,CE,Towers with Radar,0,3,12,0,15,0,0,103,0,103,0,3,115,0,118,189,0,189,307
08/25/2020,ARR,IL,AGL,CE,Towers with Radar,0,2,13,0,15,0,0,93,0,93,0,2,106,0,108,121,0,121,229
08/26/2020,ARR,IL,AGL,CE,Towers with Radar,0,4,10,0,14,0,0,81,0,81,0,4,91,0,95,209,0,209,304
08/27/2020,ARR,IL,AGL,CE,Towers with Radar,0,1,20,0,21,0,0,90,0,90,0,1,110,0,111,192,0,192,303
08/28/2020,ARR,IL,AGL,CE,Towers with Radar,0,5,16,0,21,0,0,43,0,43,0,5,59,0,64,97,0,97,161
08/29/2020,ARR,IL,AGL,CE,Towers with Radar,0,0,20,0,20,0,0,77,0,77,0,0,97,0,97,145,0,145,242
08/30/2020,ARR,IL,AGL,CE,Towers with Radar,0,1,14,0,15,0,0,116,0,116,0,1,130,0,131,134,0,134,265
08/31/2020,ARR,IL,AGL,CE,Towers with Radar,0,3,13,0,16,0,0,79,0,79,0,3,92,0,95,213,0,213,308
09/01/2020,ARR,IL,AGL,CE,Towers with Radar,0,0,28,0,28,0,0,15,0,15,0,0,43,0,43,84,0,84,127
09/02/2020,ARR,IL,AGL,CE,Towers with Radar,0,2,19,0,21,4,0,110,0,114,4,2,129,0,135,193,0,193,328
09/03/2020,ARR,IL,AGL,CE,Towers with Radar,0,1,18,0,19,0,0,56,0,56,0,1,74,0,75,66,0,66,141
09/04/2020,ARR,IL,AGL,CE,Towers with Radar,0,4,23,0,27,0,0,136,0,136,0,4,159,0,163,258,0,258,421
09/05/2020,ARR,IL,AGL,CE,Towers with Radar,0,0,17,0,17,0,0,119,0,119,0,0,136,0,136,174,0,174,310
09/06/2020,ARR,IL,AGL,CE,Towers with Radar,0,1,11,0,12,0,0,4,0,4,0,1,15,0,16,18,0,18,34
09/07/2020,ARR,IL,AGL,CE,Towers with Radar,0,1,21,0,22,0,0,101,0,101,0,1,122,0,123,122,0,122,245
09/08/2020,ARR,IL,AGL,CE,Towers with Radar,0,3,26,0,29,0,0,0,0,0,0,3,26,0,29,8,0,8,37
09/09/2020,ARR,IL,AGL,CE,Towers with Radar,0,8,35,0,43,0,0,0,0,0,0,8,35,0,43,0,0,0,43
09/10/2020,ARR,IL,AGL,CE,Towers with Radar,0,2,40,8,50,0,0,12,0,12,0,2,52,8,62,46,0,46,108
09/11/2020,ARR,IL,AGL,CE,Towers with Radar,0,3,63,0,66,0,0,1,0,1,0,3,64,0,67,2,0,2,69
09/12/2020,ARR,IL,AGL,CE,Towers with Radar,0,0,12,0,12,0,0,0,0,0,0,0,12,0,12,0,0,0,12
09/13/2020,ARR,IL,AGL,CE,Towers with Radar,0,5,20,0,25,0,0,131,0,131,0,5,151,0,156,160,0,160,316
09/14/2020,ARR,IL,AGL,CE,Towers with Radar,0,3,22,2,27,0,0,78,0,78,0,3,100,2,105,154,0,154,259
09/15/2020,ARR,IL,AGL,CE,Towers with Radar,0,4,16,0,20,0,0,144,0,144,0,4,160,0,164,215,0,215,379
09/16/2020,ARR,IL,AGL,CE,Towers with Radar,0,4,13,0,17,0,0,105,0,105,0,4,118,0,122,252,0,252,374
09/17/2020,ARR,IL,AGL,CE,Towers with Radar,0,6,23,0,29,0,0,103,0,103,0,6,126,0,132,179,0,179,311
09/18/2020,ARR,IL,AGL,CE,Towers with Radar,0,0,15,0,15,0,0,91,0,91,0,0,106,0,106,196,0,196,302
09/19/2020,ARR,IL,AGL,CE,Towers with Radar,0,1,22,0,23,0,0,126,0,126,0,1,148,0,149,271,0,271,420
09/20/2020,ARR,IL,AGL,CE,Towers with Radar,0,2,16,0,18,0,0,113,0,113,0,2,129,0,131,76,0,76,207
09/21/2020,ARR,IL,AGL,CE,Towers with Radar,0,3,15,0,18,0,0,58,0,58,0,3,73,0,76,174,0,174,250
09/22/2020,ARR,IL,AGL,CE,Towers with Radar,0,3,22,0,25,0,0,79,0,79,0,3,101,0,104,220,0,220,324
09/23/2020,ARR,IL,AGL,CE,Towers with Radar,0,1,26,0,27,0,0,97,0,97,0,1,123,0,124,225,0,225,349
09/24/2020,ARR,IL,AGL,CE,Towers with Radar,0,2,17,0,19,0,2,120,0,122,0,4,137,0,141,218,0,218,359
09/25/2020,ARR,IL,AGL,CE,Towers with Radar,0,4,14,0,18,0,2,106,0,108,0,6,120,0,126,177,0,177,303
09/26/2020,ARR,IL,AGL,CE,Towers with Radar,0,6,22,0,28,0,0,30,0,30,0,6,52,0,58,30,0,30,88
09/27/2020,ARR,IL,AGL,CE,Towers with Radar,0,6,16,0,22,0,0,91,0,91,0,6,107,0,113,120,0,120,233
09/28/2020,ARR,IL,AGL,CE,Towers with Radar,0,0,16,0,16,0,0,13,0,13,0,0,29,0,29,38,0,38,67
09/29/2020,ARR,IL,AGL,CE,Towers with Radar,0,0,24,2,26,0,0,45,0,45,0,0,69,2,71,172,0,172,243
09/30/2020,ARR,IL,AGL,CE,Towers with Radar,0,0,17,0,17,0,0,22,0,22,0,0,39,0,39,44,0,44,83
10/01/2020,ARR,IL,AGL,CE,Towers with Radar,0,1,21,0,22,0,0,53,0,53,0,1,74,0,75,146,0,146,221
10/02/2020,ARR,IL,AGL,CE,Towers with Radar,0,0,24,0,24,0,0,131,0,131,0,0,155,0,155,166,0,166,321
10/03/2020,ARR,IL,AGL,CE,Towers with Radar,0,3,12,1,16,0,0,72,1,73,0,3,84,2,89,192,0,192,281
10/04/2020,ARR,IL,AGL,CE,Towers with Radar,0,3,20,0,23,0,0,43,0,43,0,3,63,0,66,114,0,114,180
10/05/2020,ARR,IL,AGL,CE,Towers with Radar,0,2,14,0,16,0,0,73,0,73,0,2,87,0,89,113,0,113,202
10/06/2020,ARR,IL,AGL,CE,Towers with Radar,0,5,13,0,18,0,0,95,0,95,0,5,108,0,113,214,0,214,327
10/07/2020,ARR,IL,AGL,CE,Towers with Radar,0,3,23,0,26,0,0,104,0,104,0,3,127,0,130,152,0,152,282
10/08/2020,ARR,IL,AGL,CE,Towers with Radar,0,3,28,0,31,0,5,140,0,145,0,8,168,0,176,173,0,173,349
10/09/2020,ARR,IL,AGL,CE,Towers with Radar,0,3,16,1,20,0,0,39,0,39,0,3,55,1,59,50,0,50,109
10/10/2020,ARR,IL,AGL,CE,Towers with Radar,0,1,20,0,21,0,0,113,0,113,0,1,133,0,134,193,0,193,327
10/11/2020,ARR,IL,AGL,CE,Towers with Radar,0,0,32,0,32,0,2,75,2,79,0,2,107,2,111,102,0,102,213
10/12/2020,ARR,IL,AGL,CE,Towers with Radar,0,2,20,0,22,0,0,3,0,3,0,2,23,0,25,6,0,6,31
10/13/2020,ARR,IL,AGL,CE,Towers with Radar,0,3,14,0,17,0,2,74,0,76,0,5,88,0,93,153,0,153,246
10/14/2020,ARR,IL,AGL,CE,Towers with Radar,0,9,9,0,18,0,0,38,0,38,0,9,47,0,56,62,0,62,118
10/15/2020,ARR,IL,AGL,CE,Towers with Radar,0,1,18,0,19,0,0,72,0,72,0,1,90,0,91,184,0,184,275
10/16/2020,ARR,IL,AGL,CE,Towers with Radar,0,3,19,0,22,0,0,87,0,87,0,3,106,0,109,176,0,176,285
10/17/2020,ARR,IL,AGL,CE,Towers with Radar,0,1,10,0,11,0,0,9,0,9,0,1,19,0,20,72,0,72,92
10/18/2020,ARR,IL,AGL,CE,Towers with Radar,0,2,12,0,14,0,0,11,0,11,0,2,23,0,25,76,0,76,101
10/19/2020,ARR,IL,AGL,CE,Towers with Radar,0,0,19,0,19,0,0,59,0,59,0,0,78,0,78,158,0,158,236
10/20/2020,ARR,IL,AGL,CE,Towers with Radar,0,3,37,0,40,0,0,47,0,47,0,3,84,0,87,113,0,113,200
10/21/2020,ARR,IL,AGL,CE,Towers with Radar,0,3,37,0,40,0,0,70,0,70,0,3,107,0,110,139,0,139,249
10/22/2020,ARR,IL,AGL,CE,Towers with Radar,0,0,28,0,28,0,0,27,0,27,0,0,55,0,55,52,0,52,107
10/23/2020,ARR,IL,AGL,CE,Towers with Radar,0,1,15,0,16,0,0,3,0,3,0,1,18,0,19,6,0,6,25
10/24/2020,ARR,IL,AGL,CE,Towers with Radar,0,3,23,0,26,0,2,169,0,171,0,5,192,0,197,210,0,210,407
10/25/2020,ARR,IL,AGL,CE,Towers with Radar,0,4,13,0,17,0,0,66,0,66,0,4,79,0,83,179,0,179,262
10/26/2020,ARR,IL,AGL,CE,Towers with Radar,0,1,6,0,7,0,0,18,0,18,0,1,24,0,25,76,0,76,101
10/27/2020,ARR,IL,AGL,CE,Towers with Radar,0,3,16,0,19,0,0,51,0,51,0,3,67,0,70,232,0,232,302
10/28/2020,ARR,IL,AGL,CE,Towers with Radar,0,1,13,0,14,0,0,143,0,143,0,1,156,0,157,184,0,184,341
10/29/2020,ARR,IL,AGL,CE,Towers with Radar,0,3,19,0,22,0,0,32,0,32,0,3,51,0,54,77,0,77,131
10/30/2020,ARR,IL,AGL,CE,Towers with Radar,0,5,17,0,22,0,0,133,0,133,0,5,150,0,155,176,0,176,331
10/31/2020,ARR,IL,AGL,CE,Towers with Radar,0,1,10,0,11,0,0,50,0,50,0,1,60,0,61,34,0,34,95
11/01/2020,ARR,IL,AGL,CE,Towers with Radar,0,1,9,0,10,0,0,1,0,1,0,1,10,0,11,0,0,0,11
11/02/2020,ARR,IL,AGL,CE,Towers with Radar,0,2,20,0,22,0,0,73,0,73,0,2,93,0,95,78,0,78,173
11/03/2020,ARR,IL,AGL,CE,Towers with Radar,0,2,11,0,13,0,0,98,0,98,0,2,109,0,111,221,0,221,332
11/04/2020,ARR,IL,AGL,CE,Towers with Radar,0,1,15,0,16,0,1,89,0,90,0,2,104,0,106,92,0,92,198
11/05/2020,ARR,IL,AGL,CE,Towers with Radar,0,4,10,0,14,0,0,147,0,147,0,4,157,0,161,378,0,378,539
11/06/2020,ARR,IL,AGL,CE,Towers with Radar,0,4,12,0,16,0,0,122,0,122,0,4,134,0,138,208,0,208,346
11/07/2020,ARR,IL,AGL,CE,Towers with Radar,0,5,15,0,20,0,0,118,0,118,0,5,133,0,138,114,0,114,252
11/08/2020,ARR,IL,AGL,CE,Towers with Radar,0,3,12,1,16,0,0,87,0,87,0,3,99,1,103,84,0,84,187
11/09/2020,ARR,IL,AGL,CE,Towers with Radar,0,4,14,0,18,0,0,36,0,36,0,4,50,0,54,77,0,77,131
11/10/2020,ARR,IL,AGL,CE,Towers with Radar,0,0,7,0,7,0,0,6,0,6,0,0,13,0,13,0,0,0,13
11/11/2020,ARR,IL,AGL,CE,Towers with Radar,0,3,13,0,16,0,0,76,0,76,0,3,89,0,92,320,0,320,412
11/12/2020,ARR,IL,AGL,CE,Towers with Radar,0,1,19,0,20,0,0,102,0,102,0,1,121,0,122,201,0,201,323
11/13/2020,ARR,IL,AGL,CE,Towers with Radar,0,4,24,0,28,0,0,98,0,98,0,4,122,0,126,241,0,241,367
11/14/2020,ARR,IL,AGL,CE,Towers with Radar,0,0,13,0,13,0,0,51,0,51,0,0,64,0,64,88,0,88,152
11/15/2020,ARR,IL,AGL,CE,Towers with Radar,0,5,6,0,11,0,0,2,0,2,0,5,8,0,13,0,0,0,13
11/16/2020,ARR,IL,AGL,CE,Towers with Radar,0,0,11,0,11,0,2,70,0,72,0,2,81,0,83,154,0,154,237
11/17/2020,ARR,IL,AGL,CE,Towers with Radar,0,0,11,0,11,0,0,93,0,93,0,0,104,0,104,167,0,167,271
11/18/2020,ARR,IL,AGL,CE,Towers with Radar,0,0,16,1,17,0,0,62,0,62,0,0,78,1,79,95,0,95,174
11/19/2020,ARR,IL,AGL,CE,Towers with Radar,0,2,7,0,9,0,0,21,0,21,0,2,28,0,30,6,0,6,36
11/20/2020,ARR,IL,AGL,CE,Towers with Radar,0,5,19,0,24,0,0,157,0,157,0,5,176,0,181,180,0,180,361
11/21/2020,ARR,IL,AGL,CE,Towers with Radar,0,2,10,0,12,0,0,122,0,122,0,2,132,0,134,186,0,186,320
11/22/2020,ARR,IL,AGL,CE,Towers with Radar,0,4,29,0,33,0,0,54,0,54,0,4,83,0,87,140,0,140,227
11/23/2020,ARR,IL,AGL,CE,Towers with Radar,0,3,21,0,24,0,0,108,0,108,0,3,129,0,132,123,0,123,255
11/24/2020,ARR,IL,AGL,CE,Towers with Radar,0,1,8,0,9,0,0,0,0,0,0,1,8,0,9,0,0,0,9
11/25/2020,ARR,IL,AGL,CE,Towers with Radar,0,3,13,0,16,0,0,0,0,0,0,3,13,0,16,0,0,0,16
11/26/2020,ARR,IL,AGL,CE,Towers with Radar,0,2,5,0,7,0,0,3,0,3,0,2,8,0,10,0,0,0,10
11/27/2020,ARR,IL,AGL,CE,Towers with Radar,0,1,9,0,10,0,0,47,0,47,0,1,56,0,57,58,0,58,115
11/28/2020,ARR,IL,AGL,CE,Towers with Radar,0,0,19,0,19,0,0,156,0,156,0,0,175,0,175,172,0,172,347
11/29/2020,ARR,IL,AGL,CE,Towers with Radar,0,5,12,0,17,0,0,101,0,101,0,5,113,0,118,176,0,176,294
11/30/2020,ARR,IL,AGL,CE,Towers with Radar,0,1,8,0,9,0,0,13,0,13,0,1,21,0,22,26,0,26,48
12/01/2020,ARR,IL,AGL,CE,Towers with Radar,0,1,19,1,21,0,0,63,0,63,0,1,82,1,84,194,0,194,278
12/02/2020,ARR,IL,AGL,CE,Towers with Radar,0,2,27,1,30,0,0,115,0,115,0,2,142,1,145,191,0,191,336
12/03/2020,ARR,IL,AGL,CE,Towers with Radar,0,2,11,0,13,0,0,88,0,88,0,2,99,0,101,140,0,140,241
12/04/2020,ARR,IL,AGL,CE,Towers with Radar,0,1,15,0,16,0,0,104,0,104,0,1,119,0,120,195,0,195,315
12/05/2020,ARR,IL,AGL,CE,Towers with Radar,0,2,10,0,12,0,0,110,0,110,0,2,120,0,122,252,0,252,374
12/06/2020,ARR,IL,AGL,CE,Towers with Radar,0,2,8,0,10,0,0,46,0,46,0,2,54,0,56,162,0,162,218
12/07/2020,ARR,IL,AGL,CE,Towers with Radar,0,0,13,0,13,0,0,58,0,58,0,0,71,0,71,158,0,158,229
12/08/2020,ARR,IL,AGL,CE,Towers with Radar,0,3,6,0,9,0,0,10,0,10,0,3,16,0,19,52,0,52,71
12/09/2020,ARR,IL,AGL,CE,Towers with Radar,0,4,19,0,23,0,0,155,0,155,0,4,174,0,178,184,0,184,362
12/10/2020,ARR,IL,AGL,CE,Towers with Radar,1,5,34,0,40,0,0,137,0,137,1,5,171,0,177,181,0,181,358
12/11/2020,ARR,IL,AGL,CE,Towers with Radar,0,1,14,0,15,0,0,3,0,3,0,1,17,0,18,40,0,40,58
12/12/2020,ARR,IL,AGL,CE,Towers with Radar,0,2,3,0,5,0,0,2,0,2,0,2,5,0,7,0,0,0,7
12/13/2020,ARR,IL,AGL,CE,Towers with Radar,0,0,13,0,13,0,0,84,0,84,0,0,97,0,97,246,0,246,343
12/14/2020,ARR,IL,AGL,CE,Towers with Radar,0,2,9,0,11,0,0,101,0,101,0,2,110,0,112,143,0,143,255
12/15/2020,ARR,IL,AGL,CE,Towers with Radar,0,3,12,0,15,0,0,99,0,99,0,3,111,0,114,95,0,95,209
12/16/2020,ARR,IL,AGL,CE,Towers with Radar,0,2,7,0,9,0,0,22,0,22,0,2,29,0,31,146,0,146,177
12/17/2020,ARR,IL,AGL,CE,Towers with Radar,0,2,11,0,13,0,0,77,0,77,0,2,88,0,90,195,0,195,285
12/18/2020,ARR,IL,AGL,CE,Towers with Radar,0,4,10,0,14,0,0,87,0,87,0,4,97,0,101,92,0,92,193
12/19/2020,ARR,IL,AGL,CE,Towers with Radar,0,4,2,0,6,0,0,21,0,21,0,4,23,0,27,106,0,106,133
12/20/2020,ARR,IL,AGL,CE,Towers with Radar,0,2,29,0,31,0,0,79,0,79,0,2,108,0,110,164,0,164,274
12/21/2020,ARR,IL,AGL,CE,Towers with Radar,0,5,16,0,21,0,0,42,0,42,0,5,58,0,63,112,0,112,175
12/22/2020,ARR,IL,AGL,CE,Towers with Radar,0,1,22,0,23,0,0,120,0,120,0,1,142,0,143,243,0,243,386
12/23/2020,ARR,IL,AGL,CE,Towers with Radar,0,7,8,0,15,0,0,3,0,3,0,7,11,0,18,0,0,0,18
12/24/2020,ARR,IL,AGL,CE,Towers with Radar,0,0,6,0,6,0,0,1,0,1,0,0,7,0,7,0,0,0,7
12/25/2020,ARR,IL,AGL,CE,Towers with Radar,0,3,6,0,9,0,0,5,0,5,0,3,11,0,14,0,0,0,14
12/26/2020,ARR,IL,AGL,CE,Towers with Radar,0,6,28,0,34,0,0,133,0,133,0,6,161,0,167,114,0,114,281
12/27/2020,ARR,IL,AGL,CE,Towers with Radar,0,7,20,0,27,0,0,65,0,65,0,7,85,0,92,88,0,88,180
12/28/2020,ARR,IL,AGL,CE,Towers with Radar,0,2,20,0,22,0,0,71,0,71,0,2,91,0,93,185,0,185,278
12/29/2020,ARR,IL,AGL,CE,Towers with Radar,0,4,14,0,18,0,0,43,0,43,0,4,57,0,61,124,0,124,185
12/30/2020,ARR,IL,AGL,CE,Towers with Radar,0,3,6,0,9,0,0,4,0,4,0,3,10,0,13,0,0,0,13
12/31/2020,ARR,IL,AGL,CE,Towers with Radar,0,0,5,0,5,0,0,23,0,23,0,0,28,0,28,74,0,74,102
01/01/2021,ARR,IL,AGL,CE,Towers with Radar,0,0,1,0,1,0,0,0,0,0,0,0,1,0,1,0,0,0,1
01/02/2021,ARR,IL,AGL,CE,Towers with Radar,0,3,5,0,8,0,0,0,0,0,0,3,5,0,8,0,0,0,8
01/03/2021,ARR,IL,AGL,CE,Towers with Radar,0,4,22,0,26,0,0,0,0,0,0,4,22,0,26,0,0,0,26
01/04/2021,ARR,IL,AGL,CE,Towers with Radar,0,8,6,0,14,0,0,0,0,0,0,8,6,0,14,0,0,0,14
01/05/2021,ARR,IL,AGL,CE,Towers with Radar,0,0,5,0,5,0,0,0,0,0,0,0,5,0,5,0,0,0,5
01/06/2021,ARR,IL,AGL,CE,Towers with Radar,0,1,17,0,18,0,0,5,0,5,0,1,22,0,23,18,0,18,41
01/07/2021,ARR,IL,AGL,CE,Towers with Radar,0,6,21,0,27,0,0,41,0,41,0,6,62,0,68,168,0,168,236
01/08/2021,ARR,IL,AGL,CE,Towers with Radar,0,2,7,0,9,0,0,14,0,14,0,2,21,0,23,98,0,98,121
01/09/2021,ARR,IL,AGL,CE,Towers with Radar,0,0,20,0,20,0,0,95,0,95,0,0,115,0,115,252,0,252,367
01/10/2021,ARR,IL,AGL,CE,Towers with Radar,0,2,21,0,23,0,0,31,0,31,0,2,52,0,54,256,0,256,310
01/11/2021,ARR,IL,AGL,CE,Towers with Radar,0,0,17,0,17,0,0,6,0,6,0,0,23,0,23,0,0,0,23
01/12/2021,ARR,IL,AGL,CE,Towers with Radar,0,0,31,0,31,0,0,98,0,98,0,0,129,0,129,140,0,140,269
01/13/2021,ARR,IL,AGL,CE,Towers with Radar,0,0,16,0,16,0,2,103,0,105,0,2,119,0,121,282,0,282,403
01/14/2021,ARR,IL,AGL,CE,Towers with Radar,0,1,11,2,14,0,0,21,0,21,0,1,32,2,35,146,0,146,181
01/15/2021,ARR,IL,AGL,CE,Towers with Radar,0,0,11,0,11,0,0,4,0,4,0,0,15,0,15,18,0,18,33
01/16/2021,ARR,IL,AGL,CE,Towers with Radar,0,0,5,0,5,0,0,2,0,2,0,0,7,0,7,20,0,20,27
01/17/2021,ARR,IL,AGL,CE,Towers with Radar,0,1,7,0,8,0,0,0,0,0,0,1,7,0,8,0,0,0,8
01/18/2021,ARR,IL,AGL,CE,Towers with Radar,0,1,13,0,14,0,0,28,0,28,0,1,41,0,42,270,0,270,312
01/19/2021,ARR,IL,AGL,CE,Towers with Radar,0,0,9,0,9,0,0,22,0,22,0,0,31,0,31,72,0,72,103
01/20/2021,ARR,IL,AGL,CE,Towers with Radar,0,0,9,0,9,0,0,76,1,77,0,0,85,1,86,142,0,142,228
01/21/2021,ARR,IL,AGL,CE,Towers with Radar,0,1,20,1,22,0,2,91,0,93,0,3,111,1,115,194,0,194,309
01/22/2021,ARR,IL,AGL,CE,Towers with Radar,0,3,19,0,22,0,0,114,0,114,0,3,133,0,136,253,0,253,389
01/23/2021,ARR,IL,AGL,CE,Towers with Radar,0,4,21,0,25,0,0,108,0,108,0,4,129,0,133,176,0,176,309
01/24/2021,ARR,IL,AGL,CE,Towers with Radar,0,0,11,0,11,0,0,14,0,14,0,0,25,0,25,60,0,60,85
01/25/2021,ARR,IL,AGL,CE,Towers with Radar,0,1,2,0,3,0,0,4,0,4,0,1,6,0,7,0,0,0,7
01/26/2021,ARR,IL,AGL,CE,Towers with Radar,0,0,9,0,9,0,0,0,0,0,0,0,9,0,9,0,0,0,9
01/27/2021,ARR,IL,AGL,CE,Towers with Radar,0,0,14,0,14,0,0,58,0,58,0,0,72,0,72,97,0,97,169
01/28/2021,ARR,IL,AGL,CE,Towers with Radar,0,4,20,0,24,0,6,86,0,92,0,10,106,0,116,158,0,158,274
01/29/2021,ARR,IL,AGL,CE,Towers with Radar,0,0,14,0,14,0,2,95,0,97,0,2,109,0,111,150,0,150,261
01/30/2021,ARR,IL,AGL,CE,Towers with Radar,0,0,7,0,7,0,0,34,0,34,0,0,41,0,41,14,0,14,55
01/31/2021,ARR,IL,AGL,CE,Towers with Radar,0,0,3,0,3,0,0,0,0,0,0,0,3,0,3,0,0,0,3
02/01/2021,ARR,IL,AGL,CE,Towers with Radar,0,2,26,0,28,0,0,56,0,56,0,2,82,0,84,93,0,93,177
02/02/2021,ARR,IL,AGL,CE,Towers with Radar,0,2,18,0,20,0,0,97,0,97,0,2,115,0,117,171,0,171,288
02/03/2021,ARR,IL,AGL,CE,Towers with Radar,0,4,20,0,24,0,0,94,0,94,0,4,114,0,118,319,0,319,437
02/04/2021,ARR,IL,AGL,CE,Towers with Radar,0,5,6,0,11,0,0,1,0,1,0,5,7,0,12,0,0,0,12
02/05/2021,ARR,IL,AGL,CE,Towers with Radar,0,0,10,0,10,0,0,12,0,12,0,0,22,0,22,8,0,8,30
02/06/2021,ARR,IL,AGL,CE,Towers with Radar,0,2,11,0,13,0,0,21,0,21,0,2,32,0,34,6,0,6,40
02/07/2021,ARR,IL,AGL,CE,Towers with Radar,0,0,2,0,2,0,0,4,0,4,0,0,6,0,6,2,0,2,8
02/08/2021,ARR,IL,AGL,CE,Towers with Radar,0,3,9,0,12,0,0,2,0,2,0,3,11,0,14,0,0,0,14
02/09/2021,ARR,IL,AGL,CE,Towers with Radar,0,0,11,0,11,0,0,51,0,51,0,0,62,0,62,24,2,26,88
02/10/2021,ARR,IL,AGL,CE,Towers with Radar,0,0,14,0,14,0,0,14,0,14,0,0,28,0,28,26,0,26,54
02/11/2021,ARR,IL,AGL,CE,Towers with Radar,0,0,19,0,19,0,0,17,0,17,0,0,36,0,36,48,0,48,84
02/12/2021,ARR,IL,AGL,CE,Towers with Radar,0,4,16,0,20,0,0,59,0,59,0,4,75,0,79,98,0,98,177
02/13/2021,ARR,IL,AGL,CE,Towers with Radar,0,0,4,0,4,0,0,0,0,0,0,0,4,0,4,0,0,0,4
02/14/2021,ARR,IL,AGL,CE,Towers with Radar,0,2,5,0,7,0,0,7,0,7,0,2,12,0,14,4,0,4,18
02/15/2021,ARR,IL,AGL,CE,Towers with Radar,0,0,3,0,3,0,0,7,0,7,0,0,10,0,10,0,0,0,10
02/16/2021,ARR,IL,AGL,CE,Towers with Radar,0,1,10,0,11,0,0,29,0,29,0,1,39,0,40,29,0,29,69
02/17/2021,ARR,IL,AGL,CE,Towers with Radar,0,1,12,0,13,0,0,41,0,41,0,1,53,0,54,52,0,52,106
02/18/2021,ARR,IL,AGL,CE,Towers with Radar,0,3,6,0,9,0,0,19,0,19,0,3,25,0,28,65,0,65,93
02/19/2021,ARR,IL,AGL,CE,Towers with Radar,0,2,22,0,24,0,0,41,0,41,0,2,63,0,65,184,0,184,249
02/20/2021,ARR,IL,AGL,CE,Towers with Radar,0,3,19,0,22,0,0,94,0,94,0,3,113,0,116,182,0,182,298
02/21/2021,ARR,IL,AGL,CE,Towers with Radar,0,6,13,0,19,0,0,23,0,23,0,6,36,0,42,76,0,76,118
02/22/2021,ARR,IL,AGL,CE,Towers with Radar,0,2,12,0,14,0,0,8,0,8,0,2,20,0,22,20,0,20,42
02/23/2021,ARR,IL,AGL,CE,Towers with Radar,0,1,14,0,15,0,1,81,0,82,0,2,95,0,97,192,0,192,289
02/24/2021,ARR,IL,AGL,CE,Towers with Radar,0,4,20,0,24,0,1,69,0,70,0,5,89,0,94,170,0,170,264
02/25/2021,ARR,IL,AGL,CE,Towers with Radar,0,3,16,0,19,0,2,91,0,93,0,5,107,0,112,261,0,261,373
02/26/2021,ARR,IL,AGL,CE,Towers with Radar,1,4,17,0,22,0,2,82,0,84,1,6,99,0,106,232,0,232,338
02/27/2021,ARR,IL,AGL,CE,Towers with Radar,0,2,31,0,33,0,0,109,0,109,0,2,140,0,142,192,0,192,334
02/28/2021,ARR,IL,AGL,CE,Towers with Radar,0,3,12,0,15,0,0,1,0,1,0,3,13,0,16,16,0,16,32
03/01/2021,ARR,IL,AGL,CE,Towers with Radar,0,3,17,0,20,0,2,62,0,64,0,5,79,0,84,126,0,126,210
03/02/2021,ARR,IL,AGL,CE,Towers with Radar,0,3,20,0,23,0,0,68,0,68,0,3,88,0,91,67,0,67,158
03/03/2021,ARR,IL,AGL,CE,Towers with Radar,0,12,18,1,31,0,6,101,0,107,0,18,119,1,138,188,0,188,326
03/04/2021,ARR,IL,AGL,CE,Towers with Radar,0,2,18,0,20,0,4,87,0,91,0,6,105,0,111,140,0,140,251
03/05/2021,ARR,IL,AGL,CE,Towers with Radar,0,4,24,0,28,0,11,119,0,130,0,15,143,0,158,196,0,196,354
03/06/2021,ARR,IL,AGL,CE,Towers with Radar,0,2,15,0,17,0,2,150,0,152,0,4,165,0,169,234,0,234,403
03/07/2021,ARR,IL,AGL,CE,Towers with Radar,0,3,17,0,20,0,0,97,0,97,0,3,114,0,117,110,0,110,227
03/08/2021,ARR,IL,AGL,CE,Towers with Radar,0,4,16,0,20,0,0,67,0,67,0,4,83,0,87,73,0,73,160
03/09/2021,ARR,IL,AGL,CE,Towers with Radar,0,2,16,1,19,0,0,76,1,77,0,2,92,2,96,116,0,116,212
03/10/2021,ARR,IL,AGL,CE,Towers with Radar,0,3,10,0,13,0,0,18,0,18,0,3,28,0,31,6,0,6,37
03/11/2021,ARR,IL,AGL,CE,Towers with Radar,0,5,23,0,28,0,2,26,0,28,0,7,49,0,56,126,0,126,182
03/12/2021,ARR,IL,AGL,CE,Towers with Radar,0,0,18,0,18,0,0,114,0,114,0,0,132,0,132,204,0,204,336
03/13/2021,ARR,IL,AGL,CE,Towers with Radar,0,0,9,0,9,0,0,152,0,152,0,0,161,0,161,246,0,246,407
03/14/2021,ARR,IL,AGL,CE,Towers with Radar,0,2,20,0,22,0,0,50,0,50,0,2,70,0,72,72,0,72,144
03/15/2021,ARR,IL,AGL,CE,Towers with Radar,0,4,8,0,12,0,0,2,0,2,0,4,10,0,14,18,0,18,32
03/16/2021,ARR,IL,AGL,CE,Towers with Radar,0,2,21,0,23,0,0,1,0,1,0,2,22,0,24,62,0,62,86
03/17/2021,ARR,IL,AGL,CE,Towers with Radar,0,4,27,0,31,0,0,0,0,0,0,4,27,0,31,0,0,0,31
03/18/2021,ARR,IL,AGL,CE,Towers with Radar,0,0,2,0,2,0,0,2,0,2,0,0,4,0,4,0,2,2,6
03/19/2021,ARR,IL,AGL,CE,Towers with Radar,0,4,24,0,28,0,0,166,0,166,0,4,190,0,194,196,0,196,390
03/20/2021,ARR,IL,AGL,CE,Towers with Radar,0,4,23,0,27,0,0,109,0,109,0,4,132,0,136,294,0,294,430
03/21/2021,ARR,IL,AGL,CE,Towers with Radar,0,2,21,0,23,0,0,124,0,124,0,2,145,0,147,181,0,181,328
03/22/2021,ARR,IL,AGL,CE,Towers with Radar,0,0,10,0,10,0,0,76,0,76,0,0,86,0,86,120,0,120,206
03/23/2021,ARR,IL,AGL,CE,Towers with Radar,0,3,8,0,11,0,0,28,0,28,0,3,36,0,39,80,0,80,119
03/24/2021,ARR,IL,AGL,CE,Towers with Radar,0,5,23,0,28,0,0,12,0,12,0,5,35,0,40,37,0,37,77
03/25/2021,ARR,IL,AGL,CE,Towers with Radar,0,5,34,0,39,0,0,14,0,14,0,5,48,0,53,80,0,80,133
03/26/2021,ARR,IL,AGL,CE,Towers with Radar,0,1,19,0,20,0,0,19,0,19,0,1,38,0,39,246,0,246,285
03/27/2021,ARR,IL,AGL,CE,Towers with Radar,0,7,14,0,21,0,0,28,0,28,0,7,42,0,49,112,0,112,161
03/28/2021,ARR,IL,AGL,CE,Towers with Radar,0,4,7,0,11,0,0,14,0,14,0,4,21,0,25,6,0,6,31
03/29/2021,ARR,IL,AGL,CE,Towers with Radar,0,1,10,0,11,0,0,51,0,51,0,1,61,0,62,32,0,32,94
03/30/2021,ARR,IL,AGL,CE,Towers with Radar,0,1,14,0,15,0,0,36,1,37,0,1,50,1,52,21,0,21,73
03/31/2021,ARR,IL,AGL,CE,Towers with Radar,0,2,19,0,21,0,0,47,0,47,0,2,66,0,68,40,0,40,108
04/01/2021,ARR,IL,AGL,CE,Towers with Radar,0,6,17,0,23,0,0,92,0,92,0,6,109,0,115,178,0,178,293
04/02/2021,ARR,IL,AGL,CE,Towers with Radar,0,1,15,0,16,0,0,137,0,137,0,1,152,0,153,218,0,218,371
04/03/2021,ARR,IL,AGL,CE,Towers with Radar,0,1,17,0,18,0,0,61,0,61,0,1,78,0,79,16,0,16,95
04/04/2021,ARR,IL,AGL,CE,Towers with Radar,0,3,23,0,26,0,2,106,0,108,0,5,129,0,134,124,0,124,258
04/05/2021,ARR,IL,AGL,CE,Towers with Radar,0,7,26,0,33,0,0,71,0,71,0,7,97,0,104,84,0,84,188
04/06/2021,ARR,IL,AGL,CE,Towers with Radar,0,3,12,0,15,0,0,81,0,81,0,3,93,0,96,111,0,111,207
04/07/2021,ARR,IL,AGL,CE,Towers with Radar,0,2,15,0,17,0,0,75,2,77,0,2,90,2,94,132,0,132,226
04/08/2021,ARR,IL,AGL,CE,Towers with Radar,0,1,28,1,30,0,0,8,0,8,0,1,36,1,38,46,0,46,84
04/09/2021,ARR,IL,AGL,CE,Towers with Radar,0,1,27,0,28,0,0,27,0,27,0,1,54,0,55,80,0,80,135
04/10/2021,ARR,IL,AGL,CE,Towers with Radar,0,3,17,0,20,0,0,6,0,6,0,3,23,0,26,10,0,10,36
04/11/2021,ARR,IL,AGL,CE,Towers with Radar,0,4,27,0,31,0,0,11,0,11,0,4,38,0,42,114,0,114,156
04/12/2021,ARR,IL,AGL,CE,Towers with Radar,0,1,21,0,22,0,0,77,0,77,0,1,98,0,99,156,0,156,255
04/13/2021,ARR,IL,AGL,CE,Towers with Radar,0,1,14,0,15,0,0,69,1,70,0,1,83,1,85,163,0,163,248
04/14/2021,ARR,IL,AGL,CE,Towers with Radar,0,5,20,0,25,0,0,90,0,90,0,5,110,0,115,156,0,156,271
04/15/2021,ARR,IL,AGL,CE,Towers with Radar,0,1,24,0,25,0,0,96,2,98,0,1,120,2,123,161,0,161,284
04/16/2021,ARR,IL,AGL,CE,Towers with Radar,0,3,15,0,18,0,0,138,0,138,0,3,153,0,156,241,0,241,397
04/17/2021,ARR,IL,AGL,CE,Towers with Radar,0,3,20,0,23,0,0,105,0,105,0,3,125,0,128,84,0,84,212
04/18/2021,ARR,IL,AGL,CE,Towers with Radar,0,5,24,0,29,0,0,78,0,78,0,5,102,0,107,176,0,176,283
04/19/2021,ARR,IL,AGL,CE,Towers with Radar,0,4,26,0,30,0,0,14,0,14,0,4,40,0,44,88,0,88,132
04/20/2021,ARR,IL,AGL,CE,Towers with Radar,0,2,8,0,10,0,0,9,0,9,0,2,17,0,19,16,0,16,35
04/21/2021,ARR,IL,AGL,CE,Towers with Radar,0,1,18,0,19,0,0,52,0,52,0,1,70,0,71,178,0,178,249
04/22/2021,ARR,IL,AGL,CE,Towers with Radar,0,3,17,0,20,0,0,108,0,108,0,3,125,0,128,204,0,204,332
04/23/2021,ARR,IL,AGL,CE,Towers with Radar,0,5,27,0,32,0,0,93,0,93,0,5,120,0,125,168,0,168,293
04/24/2021,ARR,IL,AGL,CE,Towers with Radar,0,0,8,0,8,0,0,65,0,65,0,0,73,0,73,182,0,182,255
04/25/2021,ARR,IL,AGL,CE,Towers with Radar,0,1,15,0,16,0,1,107,0,108,0,2,122,0,124,142,0,142,266
04/26/2021,ARR,IL,AGL,CE,Towers with Radar,0,3,17,0,20,0,0,33,0,33,0,3,50,0,53,46,0,46,99
04/27/2021,ARR,IL,AGL,CE,Towers with Radar,0,3,16,0,19,0,0,62,0,62,0,3,78,0,81,79,0,79,160
04/28/2021,ARR,IL,AGL,CE,Towers with Radar,0,3,33,0,36,0,0,24,0,24,0,3,57,0,60,157,0,157,217
04/29/2021,ARR,IL,AGL,CE,Towers with Radar,0,8,33,0,41,0,0,46,0,46,0,8,79,0,87,69,0,69,156
04/30/2021,ARR,IL,AGL,CE,Towers with Radar,0,1,19,0,20,0,1,134,0,135,0,2,153,0,155,117,0,117,272
05/01/2021,ARR,IL,AGL,CE,Towers with Radar,0,3,6,0,9,0,0,12,0,12,0,3,18,0,21,26,0,26,47
05/02/2021,ARR,IL,AGL,CE,Towers with Radar,0,5,17,0,22,0,0,32,0,32,0,5,49,0,54,28,0,28,82
05/03/2021,ARR,IL,AGL,CE,Towers with Radar,0,1,30,0,31,0,0,17,0,17,0,1,47,0,48,116,0,116,164
05/04/2021,ARR,IL,AGL,CE,Towers with Radar,0,5,41,0,46,0,0,35,0,35,0,5,76,0,81,134,0,134,215
05/05/2021,ARR,IL,AGL,CE,Towers with Radar,0,4,32,0,36,0,0,145,0,145,0,4,177,0,181,207,0,207,388
05/06/2021,ARR,IL,AGL,CE,Towers with Radar,0,5,35,0,40,0,0,46,0,46,0,5,81,0,86,158,0,158,244
05/07/2021,ARR,IL,AGL,CE,Towers with Radar,0,1,24,0,25,0,0,104,0,104,0,1,128,0,129,194,0,194,323
05/08/2021,ARR,IL,AGL,CE,Towers with Radar,0,0,23,0,23,0,2,146,0,148,0,2,169,0,171,146,0,146,317
05/09/2021,ARR,IL,AGL,CE,Towers with Radar,0,2,5,0,7,0,0,9,0,9,0,2,14,0,16,0,0,0,16
05/10/2021,ARR,IL,AGL,CE,Towers with Radar,0,2,23,0,25,0,0,82,0,82,0,2,105,0,107,223,0,223,330
05/11/2021,ARR,IL,AGL,CE,Towers with Radar,0,5,23,0,28,0,1,127,0,128,0,6,150,0,156,145,0,145,301
05/12/2021,ARR,IL,AGL,CE,Towers with Radar,0,1,27,0,28,0,0,117,0,117,0,1,144,0,145,232,0,232,377
05/13/2021,ARR,IL,AGL,CE,Towers with Radar,0,6,21,1,28,0,1,126,0,127,0,7,147,1,155,222,0,222,377
05/14/2021,ARR,IL,AGL,CE,Towers with Radar,0,1,16,0,17,0,3,114,0,117,0,4,130,0,134,188,0,188,322
05/15/2021,ARR,IL,AGL,CE,Towers with Radar,0,4,20,0,24,0,0,17,2,19,0,4,37,2,43,78,0,78,121
05/16/2021,ARR,IL,AGL,CE,Towers with Radar,0,5,19,0,24,0,3,96,0,99,0,8,115,0,123,164,0,164,287
05/17/2021,ARR,IL,AGL,CE,Towers with Radar,0,1,19,0,20,0,2,42,1,45,0,3,61,1,65,199,0,199,264
05/18/2021,ARR,IL,AGL,CE,Towers with Radar,0,2,29,0,31,0,0,31,0,31,0,2,60,0,62,104,0,104,166
05/19/2021,ARR,IL,AGL,CE,Towers with Radar,0,3,12,0,15,0,0,35,0,35,0,3,47,0,50,89,0,89,139
05/20/2021,ARR,IL,AGL,CE,Towers with Radar,0,7,28,0,35,0,0,72,0,72,0,7,100,0,107,91,0,91,198
05/21/2021,ARR,IL,AGL,CE,Towers with Radar,0,3,16,0,19,0,1,88,0,89,0,4,104,0,108,122,0,122,230
05/22/2021,ARR,IL,AGL,CE,Towers with Radar,0,9,17,2,28,0,1,123,0,124,0,10,140,2,152,158,0,158,310
05/23/2021,ARR,IL,AGL,CE,Towers with Radar,0,3,17,0,20,0,0,43,0,43,0,3,60,0,63,72,0,72,135
05/24/2021,ARR,IL,AGL,CE,Towers with Radar,0,3,15,0,18,0,1,96,0,97,0,4,111,0,115,116,0,116,231
05/25/2021,ARR,IL,AGL,CE,Towers with Radar,0,5,21,0,26,0,0,27,0,27,0,5,48,0,53,37,0,37,90
05/26/2021,ARR,IL,AGL,CE,Towers with Radar,0,3,26,0,29,0,0,104,0,104,0,3,130,0,133,56,0,56,189
05/27/2021,ARR,IL,AGL,CE,Towers with Radar,0,2,19,0,21,0,0,38,0,38,0,2,57,0,59,91,0,91,150
05/28/2021,ARR,IL,AGL,CE,Towers with Radar,0,1,12,0,13,0,0,1,0,1,0,1,13,0,14,0,0,0,14
05/29/2021,ARR,IL,AGL,CE,Towers with Radar,0,2,24,0,26,0,0,81,0,81,0,2,105,0,107,88,0,88,195
05/30/2021,ARR,IL,AGL,CE,Towers with Radar,0,6,16,0,22,0,0,117,0,117,0,6,133,0,139,146,0,146,285
05/31/2021,ARR,IL,AGL,CE,Towers with Radar,0,5,20,0,25,0,2,97,0,99,0,7,117,0,124,92,0,92,216
06/01/2021,ARR,IL,AGL,CE,Towers with Radar,0,5,18,0,23,0,5,110,0,115,0,10,128,0,138,200,0,200,338
06/02/2021,ARR,IL,AGL,CE,Towers with Radar,0,4,15,0,19,0,1,116,1,118,0,5,131,1,137,199,0,199,336
06/03/2021,ARR,IL,AGL,CE,Towers with Radar,0,8,22,0,30,0,3,117,0,120,0,11,139,0,150,265,0,265,415
06/04/2021,ARR,IL,AGL,CE,Towers with Radar,0,3,11,0,14,0,0,85,0,85,0,3,96,0,99,136,0,136,235
06/05/2021,ARR,IL,AGL,CE,Towers with Radar,0,1,13,0,14,0,1,101,0,102,0,2,114,0,116,90,0,90,206
06/06/2021,ARR,IL,AGL,CE,Towers with Radar,0,1,8,0,9,0,0,94,2,96,0,1,102,2,105,94,0,94,199
06/07/2021,ARR,IL,AGL,CE,Towers with Radar,0,3,26,0,29,0,0,13,0,13,0,3,39,0,42,124,0,124,166
06/08/2021,ARR,IL,AGL,CE,Towers with Radar,0,6,21,0,27,0,0,81,0,81,0,6,102,0,108,287,0,287,395
06/09/2021,ARR,IL,AGL,CE,Towers with Radar,0,7,23,0,30,0,0,107,0,107,0,7,130,0,137,149,0,149,286
06/10/2021,ARR,IL,AGL,CE,Towers with Radar,0,3,22,1,26,0,1,112,0,113,0,4,134,1,139,159,0,159,298
06/11/2021,ARR,IL,AGL,CE,Towers with Radar,0,3,21,0,24,0,0,68,0,68,0,3,89,0,92,146,0,146,238
06/12/2021,ARR,IL,AGL,CE,Towers with Radar,0,4,10,0,14,0,1,78,0,79,0,5,88,0,93,66,0,66,159
06/13/2021,ARR,IL,AGL,CE,Towers with Radar,0,0,19,0,19,0,0,124,0,124,0,0,143,0,143,138,0,138,281
06/14/2021,ARR,IL,AGL,CE,Towers with Radar,0,10,16,0,26,0,1,115,0,116,0,11,131,0,142,202,0,202,344
06/15/2021,ARR,IL,AGL,CE,Towers with Radar,0,4,25,0,29,0,1,124,0,125,0,5,149,0,154,314,0,314,468
06/16/2021,ARR,IL,AGL,CE,Towers with Radar,0,6,31,0,37,0,1,119,0,120,0,7,150,0,157,181,0,181,338
06/17/2021,ARR,IL,AGL,CE,Towers with Radar,0,3,17,0,20,0,0,99,0,99,0,3,116,0,119,182,0,182,301
06/18/2021,ARR,IL,AGL,CE,Towers with Radar,0,3,24,0,27,0,0,83,0,83,0,3,107,0,110,204,0,204,314
06/19/2021,ARR,IL,AGL,CE,Towers with Radar,0,5,16,0,21,0,0,66,0,66,0,5,82,0,87,126,0,126,213
06/20/2021,ARR,IL,AGL,CE,Towers with Radar,0,2,28,0,30,0,0,14,0,14,0,2,42,0,44,8,0,8,52
06/21/2021,ARR,IL,AGL,CE,Towers with Radar,0,1,20,0,21,0,0,65,0,65,0,1,85,0,86,162,0,162,248
06/22/2021,ARR,IL,AGL,CE,Towers with Radar,0,5,32,0,37,0,0,126,0,126,0,5,158,0,163,310,0,310,473
06/23/2021,ARR,IL,AGL,CE,Towers with Radar,0,5,29,0,34,0,0,48,0,48,0,5,77,0,82,82,0,82,164
06/24/2021,ARR,IL,AGL,CE,Towers with Radar,0,2,18,0,20,0,0,39,0,39,0,2,57,0,59,103,0,103,162
06/25/2021,ARR,IL,AGL,CE,Towers with Radar,0,2,15,0,17,0,0,12,0,12,0,2,27,0,29,74,0,74,103
06/26/2021,ARR,IL,AGL,CE,Towers with Radar,0,3,8,0,11,0,0,2,0,2,0,3,10,0,13,2,0,2,15
06/27/2021,ARR,IL,AGL,CE,Towers with Radar,0,3,17,0,20,0,0,73,0,73,0,3,90,0,93,50,0,50,143
06/28/2021,ARR,IL,AGL,CE,Towers with Radar,0,2,10,0,12,0,0,9,0,9,0,2,19,0,21,26,0,26,47
06/29/2021,ARR,IL,AGL,CE,Towers with Radar,0,2,24,0,26,0,0,22,0,22,0,2,46,0,48,106,0,106,154
06/30/2021,ARR,IL,AGL,CE,Towers with Radar,0,5,21,0,26,0,0,56,0,56,0,5,77,0,82,341,0,341,423
07/01/2021,ARR,IL,AGL,CE,Towers with Radar,0,10,37,0,47,0,0,138,0,138,0,10,175,0,185,163,0,163,348
07/02/2021,ARR,IL,AGL,CE,Towers with Radar,0,3,18,0,21,0,0,149,0,149,0,3,167,0,170,204,0,204,374
07/03/2021,ARR,IL,AGL,CE,Towers with Radar,0,3,8,0,11,0,1,108,0,109,0,4,116,0,120,102,0,102,222
07/04/2021,ARR,IL,AGL,CE,Towers with Radar,0,0,11,0,11,0,0,42,0,42,0,0,53,0,53,68,0,68,121
07/05/2021,ARR,IL,AGL,CE,Towers with Radar,0,3,27,0,30,0,0,83,0,83,0,3,110,0,113,130,0,130,243
07/06/2021,ARR,IL,AGL,CE,Towers with Radar,0,6,22,0,28,0,0,101,0,101,0,6,123,0,129,234,0,234,363
07/07/2021,ARR,IL,AGL,CE,Towers with Radar,0,2,9,0,11,0,0,15,0,15,0,2,24,0,26,80,0,80,106
07/08/2021,ARR,IL,AGL,CE,Towers with Radar,0,5,39,0,44,0,0,20,0,20,0,5,59,0,64,161,0,161,225
07/09/2021,ARR,IL,AGL,CE,Towers with Radar,0,2,24,0,26,0,3,141,0,144,0,5,165,0,170,252,0,252,422
07/10/2021,ARR,IL,AGL,CE,Towers with Radar,0,5,15,0,20,0,0,62,0,62,0,5,77,0,82,162,0,162,244
07/11/2021,ARR,IL,AGL,CE,Towers with Radar,0,7,15,0,22,0,1,14,0,15,0,8,29,0,37,28,0,28,65
07/12/2021,ARR,IL,AGL,CE,Towers with Radar,0,3,44,0,47,0,0,10,0,10,0,3,54,0,57,113,0,113,170
07/13/2021,ARR,IL,AGL,CE,Towers with Radar,0,2,20,0,22,0,0,47,0,47,0,2,67,0,69,222,0,222,291
07/14/2021,ARR,IL,AGL,CE,Towers with Radar,0,3,14,0,17,0,0,96,0,96,0,3,110,0,113,315,0,315,428
07/15/2021,ARR,IL,AGL,CE,Towers with Radar,0,6,18,0,24,0,0,27,0,27,0,6,45,0,51,111,0,111,162
07/16/2021,ARR,IL,AGL,CE,Towers with Radar,0,4,37,0,41,0,0,37,0,37,0,4,74,0,78,217,0,217,295
07/17/2021,ARR,IL,AGL,CE,Towers with Radar,0,3,8,0,11,0,0,123,0,123,0,3,131,0,134,172,0,172,306
07/18/2021,ARR,IL,AGL,CE,Towers with Radar,0,1,27,0,28,0,1,203,0,204,0,2,230,0,232,118,0,118,350
07/19/2021,ARR,IL,AGL,CE,Towers with Radar,0,10,19,0,29,0,1,131,0,132,0,11,150,0,161,252,0,252,413
07/20/2021,ARR,IL,AGL,CE,Towers with Radar,0,1,16,0,17,0,1,142,0,143,0,2,158,0,160,234,0,234,394
07/21/2021,ARR,IL,AGL,CE,Towers with Radar,0,1,38,0,39,0,0,49,0,49,0,1,87,0,88,202,0,202,290
07/22/2021,ARR,IL,AGL,CE,Towers with Radar,0,5,26,1,32,0,0,85,0,85,0,5,111,1,117,196,0,196,313
07/23/2021,ARR,IL,AGL,CE,Towers with Radar,0,4,18,0,22,0,0,121,0,121,0,4,139,0,143,246,0,246,389
07/24/2021,ARR,IL,AGL,CE,Towers with Radar,0,2,11,0,13,0,0,74,0,74,0,2,85,0,87,66,0,66,153
07/25/2021,ARR,IL,AGL,CE,Towers with Radar,0,4,18,0,22,0,3,103,0,106,0,7,121,0,128,164,0,164,292
07/26/2021,ARR,IL,AGL,CE,Towers with Radar,0,6,23,0,29,0,3,111,0,114,0,9,134,0,143,198,0,198,341
07/27/2021,ARR,IL,AGL,CE,Towers with Radar,0,2,21,0,23,0,2,114,0,116,0,4,135,0,139,160,0,160,299
07/28/2021,ARR,IL,AGL,CE,Towers with Radar,0,5,20,0,25,0,0,116,0,116,0,5,136,0,141,248,0,248,389
07/29/2021,ARR,IL,AGL,CE,Towers with Radar,0,3,20,0,23,0,0,70,0,70,0,3,90,0,93,137,0,137,230
07/30/2021,ARR,IL,AGL,CE,Towers with Radar,0,2,26,0,28,0,0,108,0,108,0,2,134,0,136,172,0,172,308
07/31/2021,ARR,IL,AGL,CE,Towers with Radar,0,5,8,0,13,0,2,98,0,100,0,7,106,0,113,142,0,142,255
08/01/2021,ARR,IL,AGL,CE,Towers with Radar,0,2,15,0,17,0,1,101,0,102,0,3,116,0,119,78,0,78,197
08/02/2021,ARR,IL,AGL,CE,Towers with Radar,0,6,23,0,29,0,2,125,0,127,0,8,148,0,156,144,0,144,300
08/03/2021,ARR,IL,AGL,CE,Towers with Radar,0,7,20,0,27,0,1,123,0,124,0,8,143,0,151,237,0,237,388
08/04/2021,ARR,IL,AGL,CE,Towers with Radar,0,4,22,0,26,0,2,126,0,128,0,6,148,0,154,282,0,282,436
08/05/2021,ARR,IL,AGL,CE,Towers with Radar,0,3,13,0,16,0,1,119,0,120,0,4,132,0,136,122,0,122,258
08/06/2021,ARR,IL,AGL,CE,Towers with Radar,0,4,18,0,22,0,0,57,0,57,0,4,75,0,79,108,0,108,187
08/07/2021,ARR,IL,AGL,CE,Towers with Radar,0,3,20,0,23,0,1,105,0,106,0,4,125,0,129,172,0,172,301
08/08/2021,ARR,IL,AGL,CE,Towers with Radar,0,2,23,0,25,0,1,55,0,56,0,3,78,0,81,70,0,70,151
08/09/2021,ARR,IL,AGL,CE,Towers with Radar,0,7,16,0,23,0,0,7,0,7,0,7,23,0,30,8,0,8,38
08/10/2021,ARR,IL,AGL,CE,Towers with Radar,0,3,25,0,28,0,0,33,0,33,0,3,58,0,61,136,0,136,197
08/11/2021,ARR,IL,AGL,CE,Towers with Radar,0,8,26,0,34,0,0,16,0,16,0,8,42,0,50,16,0,16,66
08/12/2021,ARR,IL,AGL,CE,Towers with Radar,0,5,27,0,32,0,0,71,0,71,0,5,98,0,103,100,0,100,203
08/13/2021,ARR,IL,AGL,CE,Towers with Radar,0,3,26,0,29,0,1,141,0,142,0,4,167,0,171,112,0,112,283
08/14/2021,ARR,IL,AGL,CE,Towers with Radar,0,2,6,0,8,0,1,124,0,125,0,3,130,0,133,154,0,154,287
08/15/2021,ARR,IL,AGL,CE,Towers with Radar,0,5,27,0,32,0,1,201,0,202,0,6,228,0,234,76,0,76,310
08/16/2021,ARR,IL,AGL,CE,Towers with Radar,0,3,20,0,23,0,3,103,0,106,0,6,123,0,129,158,0,158,287
08/17/2021,ARR,IL,AGL,CE,Towers with Radar,0,0,25,0,25,0,0,92,0,92,0,0,117,0,117,134,0,134,251
08/18/2021,ARR,IL,AGL,CE,Towers with Radar,0,4,19,0,23,0,0,75,0,75,0,4,94,0,98,228,0,228,326
08/19/2021,ARR,IL,AGL,CE,Towers with Radar,0,8,27,0,35,0,0,114,0,114,0,8,141,0,149,178,0,178,327
08/20/2021,ARR,IL,AGL,CE,Towers with Radar,0,3,38,0,41,0,5,92,0,97,0,8,130,0,138,210,0,210,348
08/21/2021,ARR,IL,AGL,CE,Towers with Radar,0,2,8,0,10,0,1,48,0,49,0,3,56,0,59,86,0,86,145
08/22/2021,ARR,IL,AGL,CE,Towers with Radar,0,4,21,0,25,0,3,128,1,132,0,7,149,1,157,173,0,173,330
08/23/2021,ARR,IL,AGL,CE,Towers with Radar,0,1,28,0,29,0,0,61,0,61,0,1,89,0,90,168,0,168,258
08/24/2021,ARR,IL,AGL,CE,Towers with Radar,0,5,10,0,15,0,3,74,0,77,0,8,84,0,92,148,0,148,240
08/25/2021,ARR,IL,AGL,CE,Towers with Radar,0,8,14,0,22,0,1,103,0,104,0,9,117,0,126,190,0,190,316
08/26/2021,ARR,IL,AGL,CE,Towers with Radar,0,2,19,0,21,0,0,98,0,98,0,2,117,0,119,172,0,172,291
08/27/2021,ARR,IL,AGL,CE,Towers with Radar,0,6,16,0,22,0,0,120,0,120,0,6,136,0,142,134,0,134,276
08/28/2021,ARR,IL,AGL,CE,Towers with Radar,0,2,13,0,15,0,1,92,0,93,0,3,105,0,108,90,0,90,198
08/29/2021,ARR,IL,AGL,CE,Towers with Radar,0,10,16,0,26,0,0,46,0,46,0,10,62,0,72,102,0,102,174
08/30/2021,ARR,IL,AGL,CE,Towers with Radar,0,4,17,0,21,0,3,128,0,131,0,7,145,0,152,125,0,125,277
08/31/2021,ARR,IL,AGL,CE,Towers with Radar,0,7,27,0,34,0,2,97,0,99,0,9,124,0,133,204,0,204,337
09/01/2021,ARR,IL,AGL,CE,Towers with Radar,0,3,26,0,29,0,0,93,0,93,0,3,119,0,122,171,0,171,293
09/02/2021,ARR,IL,AGL,CE,Towers with Radar,0,9,44,0,53,0,4,116,0,120,0,13,160,0,173,136,0,136,309
09/03/2021,ARR,IL,AGL,CE,Towers with Radar,0,8,20,0,28,0,2,74,0,76,0,10,94,0,104,162,0,162,266
09/04/2021,ARR,IL,AGL,CE,Towers with Radar,0,2,12,0,14,0,0,45,0,45,0,2,57,0,59,100,0,100,159
09/05/2021,ARR,IL,AGL,CE,Towers with Radar,0,6,25,0,31,0,1,98,0,99,0,7,123,0,130,168,0,168,298
09/06/2021,ARR,IL,AGL,CE,Towers with Radar,0,9,25,0,34,0,1,106,0,107,0,10,131,0,141,86,0,86,227
09/07/2021,ARR,IL,AGL,CE,Towers with Radar,0,3,19,0,22,0,2,40,0,42,0,5,59,0,64,46,0,46,110
09/08/2021,ARR,IL,AGL,CE,Towers with Radar,0,2,13,0,15,0,0,89,0,89,0,2,102,0,104,124,0,124,228
09/09/2021,ARR,IL,AGL,CE,Towers with Radar,0,4,25,0,29,0,3,119,0,122,0,7,144,0,151,160,0,160,311
09/10/2021,ARR,IL,AGL,CE,Towers with Radar,0,7,14,1,22,0,0,114,0,114,0,7,128,1,136,146,0,146,282
09/11/2021,ARR,IL,AGL,CE,Towers with Radar,0,0,17,0,17,0,0,114,0,114,0,0,131,0,131,118,0,118,249
09/12/2021,ARR,IL,AGL,CE,Towers with Radar,0,4,19,1,24,0,1,82,0,83,0,5,101,1,107,108,0,108,215
09/13/2021,ARR,IL,AGL,CE,Towers with Radar,0,4,17,0,21,0,4,81,0,85,0,8,98,0,106,178,0,178,284
09/14/2021,ARR,IL,AGL,CE,Towers with Radar,0,0,24,0,24,0,0,41,0,41,0,0,65,0,65,119,0,119,184
09/15/2021,ARR,IL,AGL,CE,Towers with Radar,0,3,21,0,24,0,1,131,0,132,0,4,152,0,156,204,0,204,360
09/16/2021,ARR,IL,AGL,CE,Towers with Radar,0,5,13,0,18,0,3,120,0,123,0,8,133,0,141,160,0,160,301
09/17/2021,ARR,IL,AGL,CE,Towers with Radar,0,6,14,0,20,0,1,100,0,101,0,7,114,0,121,173,0,173,294
09/18/2021,ARR,IL,AGL,CE,Towers with Radar,0,3,15,0,18,0,5,122,0,127,0,8,137,0,145,218,0,218,363
09/19/2021,ARR,IL,AGL,CE,Towers with Radar,0,7,23,0,30,0,3,168,9,180,0,10,191,9,210,60,4,64,274
09/20/2021,ARR,IL,AGL,CE,Towers with Radar,0,0,24,0,24,0,0,11,0,11,0,0,35,0,35,45,0,45,80
09/21/2021,ARR,IL,AGL,CE,Towers with Radar,0,2,23,0,25,0,0,38,0,38,0,2,61,0,63,95,0,95,158
09/22/2021,ARR,IL,AGL,CE,Towers with Radar,0,2,22,0,24,0,0,40,0,40,0,2,62,0,64,84,0,84,148
09/23/2021,ARR,IL,AGL,CE,Towers with Radar,0,3,19,0,22,0,0,84,0,84,0,3,103,0,106,85,0,85,191
09/24/2021,ARR,IL,AGL,CE,Towers with Radar,0,9,22,0,31,0,0,59,0,59,0,9,81,0,90,62,0,62,152
09/25/2021,ARR,IL,AGL,CE,Towers with Radar,0,3,19,0,22,0,0,95,0,95,0,3,114,0,117,106,0,106,223
09/26/2021,ARR,IL,AGL,CE,Towers with Radar,0,5,19,0,24,0,1,78,0,79,0,6,97,0,103,50,0,50,153
09/27/2021,ARR,IL,AGL,CE,Towers with Radar,0,5,6,0,11,0,4,114,0,118,0,9,120,0,129,130,0,130,259
09/28/2021,ARR,IL,AGL,CE,Towers with Radar,0,3,27,0,30,0,0,135,0,135,0,3,162,0,165,66,0,66,231
09/29/2021,ARR,IL,AGL,CE,Towers with Radar,0,1,26,0,27,0,1,123,0,124,0,2,149,0,151,90,0,90,241
09/30/2021,ARR,IL,AGL,CE,Towers with Radar,0,1,30,0,31,0,7,116,0,123,0,8,146,0,154,148,0,148,302
10/01/2021,ARR,IL,AGL,CE,Towers with Radar,0,0,14,0,14,0,2,115,0,117,0,2,129,0,131,140,0,140,271
10/02/2021,ARR,IL,AGL,CE,Towers with Radar,0,2,7,0,9,0,0,17,0,17,0,2,24,0,26,30,0,30,56
10/03/2021,ARR,IL,AGL,CE,Towers with Radar,0,5,18,0,23,0,0,6,0,6,0,5,24,0,29,28,0,28,57
10/04/2021,ARR,IL,AGL,CE,Towers with Radar,0,5,39,0,44,0,0,16,0,16,0,5,55,0,60,68,0,68,128
10/05/2021,ARR,IL,AGL,CE,Towers with Radar,0,3,63,0,66,0,0,15,0,15,0,3,78,0,81,158,0,158,239
10/06/2021,ARR,IL,AGL,CE,Towers with Radar,0,12,51,1,64,0,0,4,0,4,0,12,55,1,68,28,0,28,96
10/07/2021,ARR,IL,AGL,CE,Towers with Radar,0,5,31,0,36,0,0,2,0,2,0,5,33,0,38,24,0,24,62
10/08/2021,ARR,IL,AGL,CE,Towers with Radar,0,4,35,1,40,0,0,21,0,21,0,4,56,1,61,72,0,72,133
10/09/2021,ARR,IL,AGL,CE,Towers with Radar,0,4,15,0,19,0,1,132,0,133,0,5,147,0,152,88,0,88,240
10/10/2021,ARR,IL,AGL,CE,Towers with Radar,0,1,14,0,15,0,0,65,0,65,0,1,79,0,80,104,0,104,184
10/11/2021,ARR,IL,AGL,CE,Towers with Radar,0,1,23,0,24,0,0,25,0,25,0,1,48,0,49,40,0,40,89
10/12/2021,ARR,IL,AGL,CE,Towers with Radar,0,4,51,0,55,0,0,29,0,29,0,4,80,0,84,60,0,60,144
10/13/2021,ARR,IL,AGL,CE,Towers with Radar,0,4,24,0,28,0,0,38,0,38,0,4,62,0,66,36,0,36,102
10/14/2021,ARR,IL,AGL,CE,Towers with Radar,0,5,24,0,29,0,0,99,0,99,0,5,123,0,128,176,0,176,304
10/15/2021,ARR,IL,AGL,CE,Towers with Radar,0,4,15,0,19,0,0,115,0,115,0,4,130,0,134,212,0,212,346
10/16/2021,ARR,IL,AGL,CE,Towers with Radar,0,1,10,0,11,0,1,119,0,120,0,2,129,0,131,106,0,106,237
10/17/2021,ARR,IL,AGL,CE,Towers with Radar,0,5,15,0,20,0,2,159,0,161,0,7,174,0,181,138,0,138,319
10/18/2021,ARR,IL,AGL,CE,Towers with Radar,0,2,17,0,19,0,0,128,0,128,0,2,145,0,147,187,0,187,334
10/19/2021,ARR,IL,AGL,CE,Towers with Radar,0,0,19,0,19,0,1,94,0,95,0,1,113,0,114,174,0,174,288
10/20/2021,ARR,IL,AGL,CE,Towers with Radar,0,0,27,0,27,0,0,98,0,98,0,0,125,0,125,154,0,154,279
10/21/2021,ARR,IL,AGL,CE,Towers with Radar,0,5,33,0,38,0,0,11,0,11,0,5,44,0,49,118,0,118,167
10/22/2021,ARR,IL,AGL,CE,Towers with Radar,0,2,24,0,26,0,1,89,0,90,0,3,113,0,116,206,0,206,322
10/23/2021,ARR,IL,AGL,CE,Towers with Radar,0,2,26,0,28,0,2,125,0,127,0,4,151,0,155,200,0,200,355
10/24/2021,ARR,IL,AGL,CE,Towers with Radar,0,2,16,0,18,0,0,8,0,8,0,2,24,0,26,38,0,38,64
10/25/2021,ARR,IL,AGL,CE,Towers with Radar,0,2,16,0,18,0,0,6,0,6,0,2,22,0,24,0,0,0,24
10/26/2021,ARR,IL,AGL,CE,Towers with Radar,0,2,38,0,40,0,0,138,0,138,0,2,176,0,178,210,0,210,388
10/27/2021,ARR,IL,AGL,CE,Towers with Radar,0,3,24,0,27,0,3,124,0,127,0,6,148,0,154,190,0,190,344
10/28/2021,ARR,IL,AGL,CE,Towers with Radar,0,1,35,0,36,0,0,2,0,2,0,1,37,0,38,12,0,12,50
10/29/2021,ARR,IL,AGL,CE,Towers with Radar,0,1,15,0,16,0,0,1,0,1,0,1,16,0,17,0,0,0,17
10/30/2021,ARR,IL,AGL,CE,Towers with Radar,0,3,27,0,30,0,0,62,0,62,0,3,89,0,92,248,0,248,340
10/31/2021,ARR,IL,AGL,CE,Towers with Radar,0,3,16,0,19,0,0,51,0,51,0,3,67,0,70,104,0,104,174
11/01/2021,ARR,IL,AGL,CE,Towers with Radar,0,5,18,1,24,0,1,104,0,105,0,6,122,1,129,72,0,72,201
11/02/2021,ARR,IL,AGL,CE,Towers with Radar,0,1,14,1,16,0,2,108,0,110,0,3,122,1,126,191,0,191,317
11/03/2021,ARR,IL,AGL,CE,Towers with Radar,0,1,23,0,24,0,2,122,0,124,0,3,145,0,148,182,0,182,330
11/04/2021,ARR,IL,AGL,CE,Towers with Radar,0,6,16,0,22,0,0,108,0,108,0,6,124,0,130,93,0,93,223
11/05/2021,ARR,IL,AGL,CE,Towers with Radar,0,7,15,0,22,0,1,111,0,112,0,8,126,0,134,128,0,128,262
11/06/2021,ARR,IL,AGL,CE,Towers with Radar,0,2,18,0,20,0,0,113,0,113,0,2,131,0,133,132,0,132,265
11/07/2021,ARR,IL,AGL,CE,Towers with Radar,0,7,13,0,20,0,1,99,0,100,0,8,112,0,120,78,0,78,198
11/08/2021,ARR,IL,AGL,CE,Towers with Radar,0,6,14,0,20,0,2,74,0,76,0,8,88,0,96,118,0,118,214
11/09/2021,ARR,IL,AGL,CE,Towers with Radar,0,2,19,0,21,0,1,84,0,85,0,3,103,0,106,109,0,109,215
11/10/2021,ARR,IL,AGL,CE,Towers with Radar,0,5,33,0,38,0,0,42,0,42,0,5,75,0,80,222,0,222,302
11/11/2021,ARR,IL,AGL,CE,Towers with Radar,0,5,14,0,19,0,0,11,0,11,0,5,25,0,30,42,0,42,72
11/12/2021,ARR,IL,AGL,CE,Towers with Radar,0,6,13,0,19,0,0,6,0,6,0,6,19,0,25,29,0,29,54
11/13/2021,ARR,IL,AGL,CE,Towers with Radar,0,3,10,0,13,0,0,37,1,38,0,3,47,1,51,194,0,194,245
11/14/2021,ARR,IL,AGL,CE,Towers with Radar,0,3,10,0,13,0,0,5,0,5,0,3,15,0,18,26,0,26,44
11/15/2021,ARR,IL,AGL,CE,Towers with Radar,0,1,24,0,25,0,0,59,0,59,0,1,83,0,84,135,0,135,219
11/16/2021,ARR,IL,AGL,CE,Towers with Radar,0,4,18,0,22,0,0,133,0,133,0,4,151,0,155,182,0,182,337
11/17/2021,ARR,IL,AGL,CE,Towers with Radar,0,3,26,0,29,0,0,12,0,12,0,3,38,0,41,100,0,100,141
11/18/2021,ARR,IL,AGL,CE,Towers with Radar,0,2,12,0,14,0,0,20,0,20,0,2,32,0,34,40,0,40,74
11/19/2021,ARR,IL,AGL,CE,Towers with Radar,0,12,25,0,37,0,0,102,0,102,0,12,127,0,139,132,0,132,271
11/20/2021,ARR,IL,AGL,CE,Towers with Radar,0,2,13,0,15,0,0,115,0,115,0,2,128,0,130,130,0,130,260
11/21/2021,ARR,IL,AGL,CE,Towers with Radar,0,2,7,0,9,0,0,48,0,48,0,2,55,0,57,92,0,92,149
11/22/2021,ARR,IL,AGL,CE,Towers with Radar,0,6,18,0,24,0,0,99,0,99,0,6,117,0,123,176,0,176,299
11/23/2021,ARR,IL,AGL,CE,Towers with Radar,0,5,27,0,32,0,0,114,0,114,0,5,141,0,146,64,0,64,210
11/24/2021,ARR,IL,AGL,CE,Towers with Radar,0,4,21,0,25,0,1,25,0,26,0,5,46,0,51,62,0,62,113
11/25/2021,ARR,IL,AGL,CE,Towers with Radar,0,1,5,0,6,0,0,6,0,6,0,1,11,0,12,32,0,32,44
11/26/2021,ARR,IL,AGL,CE,Towers with Radar,0,2,18,0,20,0,0,76,0,76,0,2,94,0,96,160,0,160,256
11/27/2021,ARR,IL,AGL,CE,Towers with Radar,0,2,11,0,13,0,0,64,0,64,0,2,75,0,77,100,0,100,177
11/28/2021,ARR,IL,AGL,CE,Towers with Radar,0,7,14,0,21,0,0,52,0,52,0,7,66,0,73,108,0,108,181
11/29/2021,ARR,IL,AGL,CE,Towers with Radar,0,4,15,0,19,0,0,57,0,57,0,4,72,0,76,96,0,96,172
11/30/2021,ARR,IL,AGL,CE,Towers with Radar,0,3,19,0,22,0,0,123,0,123,0,3,142,0,145,175,0,175,320
12/01/2021,ARR,IL,AGL,CE,Towers with Radar,0,4,22,1,27,0,0,29,0,29,0,4,51,1,56,104,0,104,160
12/02/2021,ARR,IL,AGL,CE,Towers with Radar,0,1,13,1,15,0,0,99,0,99,0,1,112,1,114,110,0,110,224
12/03/2021,ARR,IL,AGL,CE,Towers with Radar,0,2,23,0,25,0,0,128,0,128,0,2,151,0,153,184,0,184,337
12/04/2021,ARR,IL,AGL,CE,Towers with Radar,0,4,12,0,16,0,0,116,0,116,0,4,128,0,132,140,0,140,272
12/05/2021,ARR,IL,AGL,CE,Towers with Radar,0,0,7,0,7,0,0,0,0,0,0,0,7,0,7,0,0,0,7
12/06/2021,ARR,IL,AGL,CE,Towers with Radar,0,0,27,0,27,0,0,8,0,8,0,0,35,0,35,2,0,2,37
12/07/2021,ARR,IL,AGL,CE,Towers with Radar,0,2,13,0,15,0,2,67,0,69,0,4,80,0,84,174,0,174,258
12/08/2021,ARR,IL,AGL,CE,Towers with Radar,0,6,26,0,32,0,0,95,0,95,0,6,121,0,127,168,0,168,295
12/09/2021,ARR,IL,AGL,CE,Towers with Radar,0,5,21,0,26,0,0,61,0,61,0,5,82,0,87,134,0,134,221
12/10/2021,ARR,IL,AGL,CE,Towers with Radar,0,4,17,0,21,0,0,35,0,35,0,4,52,0,56,120,0,120,176
12/11/2021,ARR,IL,AGL,CE,Towers with Radar,0,3,7,0,10,0,0,5,0,5,0,3,12,0,15,0,0,0,15
12/12/2021,ARR,IL,AGL,CE,Towers with Radar,0,2,10,0,12,0,0,67,0,67,0,2,77,0,79,104,0,104,183
12/13/2021,ARR,IL,AGL,CE,Towers with Radar,0,6,22,0,28,0,0,86,0,86,0,6,108,0,114,224,0,224,338
12/14/2021,ARR,IL,AGL,CE,Towers with Radar,0,2,29,0,31,0,0,107,0,107,0,2,136,0,138,136,0,136,274
12/15/2021,ARR,IL,AGL,CE,Towers with Radar,0,3,13,0,16,0,0,2,0,2,0,3,15,0,18,0,0,0,18
12/16/2021,ARR,IL,AGL,CE,Towers with Radar,0,6,7,0,13,0,0,22,0,22,0,6,29,0,35,58,0,58,93
12/17/2021,ARR,IL,AGL,CE,Towers with Radar,0,3,27,0,30,0,0,87,0,87,0,3,114,0,117,200,0,200,317
12/18/2021,ARR,IL,AGL,CE,Towers with Radar,0,5,8,0,13,0,0,22,0,22,0,5,30,0,35,130,0,130,165
12/19/2021,ARR,IL,AGL,CE,Towers with Radar,0,1,23,0,24,0,0,102,0,102,0,1,125,0,126,258,0,258,384
12/20/2021,ARR,IL,AGL,CE,Towers with Radar,0,1,13,0,14,0,0,60,0,60,0,1,73,0,74,76,0,76,150
12/21/2021,ARR,IL,AGL,CE,Towers with Radar,0,2,15,0,17,0,0,76,0,76,0,2,91,0,93,114,0,114,207
12/22/2021,ARR,IL,AGL,CE,Towers with Radar,0,3,25,0,28,0,0,99,0,99,0,3,124,0,127,113,0,113,240
12/23/2021,ARR,IL,AGL,CE,Towers with Radar,0,9,11,0,20,0,0,80,0,80,0,9,91,0,100,124,0,124,224
12/24/2021,ARR,IL,AGL,CE,Towers with Radar,2,4,10,0,16,0,0,0,0,0,2,4,10,0,16,0,0,0,16
12/25/2021,ARR,IL,AGL,CE,Towers with Radar,0,4,3,0,7,0,0,21,0,21,0,4,24,0,28,34,0,34,62
12/26/2021,ARR,IL,AGL,CE,Towers with Radar,0,2,13,0,15,0,0,40,0,40,0,2,53,0,55,48,0,48,103
12/27/2021,ARR,IL,AGL,CE,Towers with Radar,0,3,30,0,33,0,0,7,0,7,0,3,37,0,40,8,0,8,48
12/28/2021,ARR,IL,AGL,CE,Towers with Radar,0,1,4,0,5,0,0,9,0,9,0,1,13,0,14,6,0,6,20
12/29/2021,ARR,IL,AGL,CE,Towers with Radar,0,1,14,0,15,0,0,44,0,44,0,1,58,0,59,152,0,152,211
12/30/2021,ARR,IL,AGL,CE,Towers with Radar,0,1,10,0,11,0,0,14,0,14,0,1,24,0,25,214,0,214,239
12/31/2021,ARR,IL,AGL,CE,Towers with Radar,0,5,7,0,12,0,0,1,0,1,0,5,8,0,13,0,0,0,13
01/01/2022,ARR,IL,AGL,CE,Towers with Radar,0,3,4,0,7,0,0,0,0,0,0,3,4,0,7,0,0,0,7
01/02/2022,ARR,IL,AGL,CE,Towers with Radar,0,8,19,0,27,0,0,18,0,18,0,8,37,0,45,78,0,78,123
01/03/2022,ARR,IL,AGL,CE,Towers with Radar,0,3,19,0,22,0,0,81,0,81,0,3,100,0,103,70,0,70,173
01/04/2022,ARR,IL,AGL,CE,Towers with Radar,0,5,18,0,23,0,0,60,0,60,0,5,78,0,83,102,0,102,185
01/05/2022,ARR,IL,AGL,CE,Towers with Radar,0,1,13,0,14,0,0,1,0,1,0,1,14,0,15,0,0,0,15
01/06/2022,ARR,IL,AGL,CE,Towers with Radar,0,0,7,0,7,0,0,26,0,26,0,0,33,0,33,60,0,60,93
01/07/2022,ARR,IL,AGL,CE,Towers with Radar,0,7,18,0,25,0,0,59,0,59,0,7,77,0,84,38,0,38,122
01/08/2022,ARR,IL,AGL,CE,Towers with Radar,0,1,6,0,7,0,0,35,0,35,0,1,41,0,42,84,0,84,126
01/09/2022,ARR,IL,AGL,CE,Towers with Radar,0,1,0,0,1,0,0,1,0,1,0,1,1,0,2,0,0,0,2
01/10/2022,ARR,IL,AGL,CE,Towers with Radar,0,2,3,0,5,0,0,3,0,3,0,2,6,0,8,0,0,0,8
01/11/2022,ARR,IL,AGL,CE,Towers with Radar,0,0,14,0,14,0,0,23,0,23,0,0,37,0,37,0,0,0,37
01/12/2022,ARR,IL,AGL,CE,Towers with Radar,0,1,21,0,22,0,0,109,1,110,0,1,130,1,132,128,0,128,260
01/13/2022,ARR,IL,AGL,CE,Towers with Radar,0,1,10,0,11,0,0,50,0,50,0,1,60,0,61,164,0,164,225
01/14/2022,ARR,IL,AGL,CE,Towers with Radar,0,6,13,0,19,0,0,5,0,5,0,6,18,0,24,95,0,95,119
01/15/2022,ARR,IL,AGL,CE,Towers with Radar,0,0,8,0,8,0,0,23,0,23,0,0,31,0,31,164,0,164,195
01/16/2022,ARR,IL,AGL,CE,Towers with Radar,0,0,8,0,8,0,2,76,0,78,0,2,84,0,86,142,0,142,228
01/17/2022,ARR,IL,AGL,CE,Towers with Radar,0,2,16,0,18,0,0,20,0,20,0,2,36,0,38,176,0,176,214
01/18/2022,ARR,IL,AGL,CE,Towers with Radar,0,2,20,0,22,0,0,62,0,62,0,2,82,0,84,100,0,100,184
01/19/2022,ARR,IL,AGL,CE,Towers with Radar,0,3,19,0,22,0,0,33,0,33,0,3,52,0,55,82,0,82,137
01/20/2022,ARR,IL,AGL,CE,Towers with Radar,0,2,22,0,24,0,0,85,0,85,0,2,107,0,109,178,0,178,287
01/21/2022,ARR,IL,AGL,CE,Towers with Radar,0,1,16,0,17,0,2,118,0,120,0,3,134,0,137,242,0,242,379
01/22/2022,ARR,IL,AGL,CE,Towers with Radar,0,1,9,0,10,0,0,41,0,41,0,1,50,0,51,40,0,40,91
01/23/2022,ARR,IL,AGL,CE,Towers with Radar,0,2,13,0,15,0,0,39,0,39,0,2,52,0,54,186,0,186,240
01/24/2022,ARR,IL,AGL,CE,Towers with Radar,0,1,8,0,9,0,0,5,0,5,0,1,13,0,14,0,0,0,14
01/25/2022,ARR,IL,AGL,CE,Towers with Radar,0,2,11,0,13,0,0,69,0,69,0,2,80,0,82,54,0,54,136
01/26/2022,ARR,IL,AGL,CE,Towers with Radar,0,2,8,0,10,0,1,21,0,22,0,3,29,0,32,36,0,36,68
01/27/2022,ARR,IL,AGL,CE,Towers with Radar,0,4,18,0,22,0,0,46,0,46,0,4,64,0,68,200,0,200,268
01/28/2022,ARR,IL,AGL,CE,Towers with Radar,0,3,18,0,21,0,0,71,0,71,0,3,89,0,92,84,0,84,176
01/29/2022,ARR,IL,AGL,CE,Towers with Radar,0,0,10,0,10,0,0,92,0,92,0,0,102,0,102,84,0,84,186
01/30/2022,ARR,IL,AGL,CE,Towers with Radar,0,2,16,0,18,0,0,77,0,77,0,2,93,0,95,124,0,124,219
01/31/2022,ARR,IL,AGL,CE,Towers with Radar,0,3,34,0,37,0,0,72,0,72,0,3,106,0,109,83,0,83,192
02/01/2022,ARR,IL,AGL,CE,Towers with Radar,0,7,9,0,16,0,0,20,0,20,0,7,29,0,36,62,0,62,98
02/02/2022,ARR,IL,AGL,CE,Towers with Radar,0,1,3,0,4,0,0,0,0,0,0,1,3,0,4,0,0,0,4
02/03/2022,ARR,IL,AGL,CE,Towers with Radar,0,3,9,0,12,0,0,2,0,2,0,3,11,0,14,0,0,0,14
02/04/2022,ARR,IL,AGL,CE,Towers with Radar,0,2,9,0,11,0,0,56,0,56,0,2,65,0,67,106,0,106,173
02/05/2022,ARR,IL,AGL,CE,Towers with Radar,0,1,22,0,23,0,0,70,0,70,0,1,92,0,93,76,0,76,169
02/06/2022,ARR,IL,AGL,CE,Towers with Radar,0,1,17,0,18,0,0,83,0,83,0,1,100,0,101,180,0,180,281
02/07/2022,ARR,IL,AGL,CE,Towers with Radar,0,3,11,0,14,0,2,45,0,47,0,5,56,0,61,85,0,85,146
02/08/2022,ARR,IL,AGL,CE,Towers with Radar,0,1,23,0,24,0,0,86,0,86,0,1,109,0,110,146,0,146,256
02/09/2022,ARR,IL,AGL,CE,Towers with Radar,0,3,17,0,20,0,0,47,0,47,0,3,64,0,67,116,0,116,183
02/10/2022,ARR,IL,AGL,CE,Towers with Radar,0,6,6,0,12,0,0,14,0,14,0,6,20,0,26,178,0,178,204
02/11/2022,ARR,IL,AGL,CE,Towers with Radar,0,1,8,0,9,0,0,21,0,21,0,1,29,0,30,70,0,70,100
02/12/2022,ARR,IL,AGL,CE,Towers with Radar,0,0,11,0,11,0,0,76,0,76,0,0,87,0,87,282,0,282,369
02/13/2022,ARR,IL,AGL,CE,Towers with Radar,0,4,18,0,22,0,0,46,0,46,0,4,64,0,68,86,0,86,154
02/14/2022,ARR,IL,AGL,CE,Towers with Radar,0,0,19,0,19,0,0,82,0,82,0,0,101,0,101,132,0,132,233
02/15/2022,ARR,IL,AGL,CE,Towers with Radar,0,6,19,0,25,0,0,96,0,96,0,6,115,0,121,54,0,54,175
02/16/2022,ARR,IL,AGL,CE,Towers with Radar,0,2,10,0,12,0,0,0,0,0,0,2,10,0,12,0,0,0,12
02/17/2022,ARR,IL,AGL,CE,Towers with Radar,0,1,10,0,11,0,0,0,0,0,0,1,10,0,11,0,0,0,11
02/18/2022,ARR,IL,AGL,CE,Towers with Radar,0,0,18,0,18,0,0,46,0,46,0,0,64,0,64,59,0,59,123
02/19/2022,ARR,IL,AGL,CE,Towers with Radar,0,1,11,0,12,0,0,84,0,84,0,1,95,0,96,196,0,196,292
02/20/2022,ARR,IL,AGL,CE,Towers with Radar,0,2,7,0,9,0,0,9,0,9,0,2,16,0,18,6,0,6,24
02/21/2022,ARR,IL,AGL,CE,Towers with Radar,0,1,30,0,31,0,0,40,0,40,0,1,70,0,71,158,0,158,229
02/22/2022,ARR,IL,AGL,CE,Towers with Radar,0,4,8,0,12,0,0,0,0,0,0,4,8,0,12,0,0,0,12
02/23/2022,ARR,IL,AGL,CE,Towers with Radar,0,4,15,0,19,0,0,79,0,79,0,4,94,0,98,188,0,188,286
02/24/2022,ARR,IL,AGL,CE,Towers with Radar,0,4,7,0,11,0,0,17,0,17,0,4,24,0,28,28,0,28,56
02/25/2022,ARR,IL,AGL,CE,Towers with Radar,0,0,17,0,17,0,0,73,0,73,0,0,90,0,90,133,0,133,223
02/26/2022,ARR,IL,AGL,CE,Towers with Radar,0,5,14,0,19,0,0,110,0,110,0,5,124,0,129,104,0,104,233
02/27/2022,ARR,IL,AGL,CE,Towers with Radar,0,2,13,0,15,0,0,98,0,98,0,2,111,0,113,126,0,126,239
02/28/2022,ARR,IL,AGL,CE,Towers with Radar,0,1,21,0,22,0,2,84,0,86,0,3,105,0,108,150,0,150,258
03/01/2022,ARR,IL,AGL,CE,Towers with Radar,0,4,21,1,26,0,0,119,0,119,0,4,140,1,145,174,0,174,319
03/02/2022,ARR,IL,AGL,CE,Towers with Radar,0,5,21,0,26,0,0,93,0,93,0,5,114,0,119,243,0,243,362
03/03/2022,ARR,IL,AGL,CE,Towers with Radar,0,1,24,0,25,0,0,74,0,74,0,1,98,0,99,130,0,130,229
03/04/2022,ARR,IL,AGL,CE,Towers with Radar,0,2,17,0,19,0,6,111,0,117,0,8,128,0,136,145,0,145,281
03/05/2022,ARR,IL,AGL,CE,Towers with Radar,0,5,6,0,11,0,0,52,0,52,0,5,58,0,63,58,0,58,121
03/06/2022,ARR,IL,AGL,CE,Towers with Radar,0,3,16,0,19,0,0,24,0,24,0,3,40,0,43,38,0,38,81
03/07/2022,ARR,IL,AGL,CE,Towers with Radar,0,4,9,0,13,0,0,2,0,2,0,4,11,0,15,28,0,28,43
03/08/2022,ARR,IL,AGL,CE,Towers with Radar,0,3,15,0,18,0,2,97,0,99,0,5,112,0,117,216,0,216,333
03/09/2022,ARR,IL,AGL,CE,Towers with Radar,0,2,14,0,16,0,0,98,0,98,0,2,112,0,114,202,0,202,316
03/10/2022,ARR,IL,AGL,CE,Towers with Radar,0,4,17,0,21,0,0,20,0,20,0,4,37,0,41,64,0,64,105
03/11/2022,ARR,IL,AGL,CE,Towers with Radar,0,6,14,0,20,0,0,43,0,43,0,6,57,0,63,97,0,97,160
03/12/2022,ARR,IL,AGL,CE,Towers with Radar,0,2,9,0,11,0,0,65,0,65,0,2,74,0,76,112,0,112,188
03/13/2022,ARR,IL,AGL,CE,Towers with Radar,0,2,19,0,21,0,0,98,0,98,0,2,117,0,119,116,0,116,235
03/14/2022,ARR,IL,AGL,CE,Towers with Radar,0,3,9,0,12,0,0,102,0,102,0,3,111,0,114,143,0,143,257
03/15/2022,ARR,IL,AGL,CE,Towers with Radar,0,2,23,0,25,0,0,101,0,101,0,2,124,0,126,203,0,203,329
03/16/2022,ARR,IL,AGL,CE,Towers with Radar,0,2,20,0,22,0,0,78,0,78,0,2,98,0,100,116,0,116,216
03/17/2022,ARR,IL,AGL,CE,Towers with Radar,0,6,19,0,25,0,0,72,0,72,0,6,91,0,97,206,0,206,303
03/18/2022,ARR,IL,AGL,CE,Towers with Radar,0,2,14,0,16,0,0,3,0,3,0,2,17,0,19,28,0,28,47
03/19/2022,ARR,IL,AGL,CE,Towers with Radar,0,5,8,0,13,0,0,2,0,2,0,5,10,0,15,28,0,28,43
03/20/2022,ARR,IL,AGL,CE,Towers with Radar,0,0,22,0,22,0,0,162,0,162,0,0,184,0,184,202,0,202,386
03/21/2022,ARR,IL,AGL,CE,Towers with Radar,0,2,21,0,23,0,2,93,0,95,0,4,114,0,118,161,0,161,279
03/22/2022,ARR,IL,AGL,CE,Towers with Radar,0,0,17,0,17,0,0,4,0,4,0,0,21,0,21,20,0,20,41
03/23/2022,ARR,IL,AGL,CE,Towers with Radar,0,1,31,0,32,0,0,0,0,0,0,1,31,0,32,0,0,0,32
03/24/2022,ARR,IL,AGL,CE,Towers with Radar,0,1,9,0,10,0,0,0,0,0,0,1,9,0,10,0,0,0,10
03/25/2022,ARR,IL,AGL,CE,Towers with Radar,0,7,24,0,31,0,0,11,0,11,0,7,35,0,42,34,0,34,76
03/26/2022,ARR,IL,AGL,CE,Towers with Radar,0,1,10,0,11,0,0,30,0,30,0,1,40,0,41,80,0,80,121
03/27/2022,ARR,IL,AGL,CE,Towers with Radar,0,1,15,0,16,0,0,113,0,113,0,1,128,0,129,148,0,148,277
03/28/2022,ARR,IL,AGL,CE,Towers with Radar,0,1,24,0,25,0,1,129,0,130,0,2,153,0,155,162,0,162,317
03/29/2022,ARR,IL,AGL,CE,Towers with Radar,0,2,26,0,28,0,0,60,0,60,0,2,86,0,88,98,0,98,186
03/30/2022,ARR,IL,AGL,CE,Towers with Radar,0,4,17,0,21,0,0,4,0,4,0,4,21,0,25,22,0,22,47
03/31/2022,ARR,IL,AGL,CE,Towers with Radar,0,5,7,0,12,0,0,5,0,5,0,5,12,0,17,16,0,16,33
04/01/2022,ARR,IL,AGL,CE,Towers with Radar,0,2,22,0,24,0,2,127,0,129,0,4,149,0,153,194,0,194,347
04/02/2022,ARR,IL,AGL,CE,Towers with Radar,0,3,14,0,17,0,0,19,0,19,0,3,33,0,36,44,0,44,80
04/03/2022,ARR,IL,AGL,CE,Towers with Radar,0,4,28,0,32,0,0,80,0,80,0,4,108,0,112,110,0,110,222
04/04/2022,ARR,IL,AGL,CE,Towers with Radar,0,1,15,0,16,0,0,19,0,19,0,1,34,0,35,238,0,238,273
04/05/2022,ARR,IL,AGL,CE,Towers with Radar,0,2,14,0,16,0,0,61,0,61,0,2,75,0,77,168,0,168,245
04/06/2022,ARR,IL,AGL,CE,Towers with Radar,0,0,14,0,14,0,0,29,0,29,0,0,43,0,43,26,0,26,69
04/07/2022,ARR,IL,AGL,CE,Towers with Radar,0,1,13,0,14,0,0,17,0,17,0,1,30,0,31,44,0,44,75
04/08/2022,ARR,IL,AGL,CE,Towers with Radar,0,2,14,0,16,0,0,7,0,7,0,2,21,0,23,24,0,24,47
04/09/2022,ARR,IL,AGL,CE,Towers with Radar,0,0,19,0,19,0,0,95,0,95,0,0,114,0,114,240,0,240,354
04/10/2022,ARR,IL,AGL,CE,Towers with Radar,0,3,15,0,18,0,0,66,0,66,0,3,81,0,84,98,0,98,182
04/11/2022,ARR,IL,AGL,CE,Towers with Radar,0,1,14,0,15,0,0,115,0,115,0,1,129,0,130,163,0,163,293
04/12/2022,ARR,IL,AGL,CE,Towers with Radar,0,3,15,0,18,0,0,82,0,82,0,3,97,0,100,171,0,171,271
04/13/2022,ARR,IL,AGL,CE,Towers with Radar,0,3,12,0,15,0,0,0,0,0,0,3,12,0,15,38,0,38,53
04/14/2022,ARR,IL,AGL,CE,Towers with Radar,0,3,21,0,24,0,0,15,0,15,0,3,36,0,39,4,0,4,43
04/15/2022,ARR,IL,AGL,CE,Towers with Radar,0,5,14,0,19,0,0,70,0,70,0,5,84,0,89,136,0,136,225
04/16/2022,ARR,IL,AGL,CE,Towers with Radar,0,0,12,0,12,0,0,110,0,110,0,0,122,0,122,136,0,136,258
04/17/2022,ARR,IL,AGL,CE,Towers with Radar,0,4,14,0,18,0,2,48,0,50,0,6,62,0,68,104,0,104,172
04/18/2022,ARR,IL,AGL,CE,Towers with Radar,0,8,14,0,22,0,0,0,0,0,0,8,14,0,22,0,0,0,22
04/19/2022,ARR,IL,AGL,CE,Towers with Radar,0,8,16,0,24,0,0,100,0,100,0,8,116,0,124,189,0,189,313
04/20/2022,ARR,IL,AGL,CE,Towers with Radar,0,5,16,0,21,0,0,19,0,19,0,5,35,0,40,68,0,68,108
04/21/2022,ARR,IL,AGL,CE,Towers with Radar,0,3,27,0,30,0,0,93,0,93,0,3,120,0,123,162,0,162,285
04/22/2022,ARR,IL,AGL,CE,Towers with Radar,0,2,15,0,17,0,0,12,0,12,0,2,27,0,29,84,0,84,113
04/23/2022,ARR,IL,AGL,CE,Towers with Radar,0,1,4,0,5,0,0,22,0,22,0,1,26,0,27,0,0,0,27
04/24/2022,ARR,IL,AGL,CE,Towers with Radar,0,3,19,0,22,0,0,9,0,9,0,3,28,0,31,24,0,24,55
04/25/2022,ARR,IL,AGL,CE,Towers with Radar,0,4,14,0,18,0,0,64,0,64,0,4,78,0,82,165,0,165,247
04/26/2022,ARR,IL,AGL,CE,Towers with Radar,0,1,18,0,19,0,0,77,0,77,0,1,95,0,96,88,0,88,184
04/27/2022,ARR,IL,AGL,CE,Towers with Radar,0,4,28,0,32,0,0,110,0,110,0,4,138,0,142,119,0,119,261
04/28/2022,ARR,IL,AGL,CE,Towers with Radar,0,1,26,0,27,0,0,45,0,45,0,1,71,0,72,96,0,96,168
04/29/2022,ARR,IL,AGL,CE,Towers with Radar,0,3,34,0,37,0,0,88,0,88,0,3,122,0,125,158,0,158,283
04/30/2022,ARR,IL,AGL,CE,Towers with Radar,0,5,9,0,14,0,0,9,0,9,0,5,18,0,23,2,0,2,25
05/01/2022,ARR,IL,AGL,CE,Towers with Radar,0,0,17,0,17,0,0,17,0,17,0,0,34,0,34,76,0,76,110
05/02/2022,ARR,IL,AGL,CE,Towers with Radar,0,3,27,0,30,0,0,72,0,72,0,3,99,0,102,244,0,244,346
05/03/2022,ARR,IL,AGL,CE,Towers with Radar,0,2,23,0,25,0,0,0,0,0,0,2,23,0,25,0,0,0,25
05/04/2022,ARR,IL,AGL,CE,Towers with Radar,0,1,29,0,30,0,0,107,0,107,0,1,136,0,137,210,0,210,347
05/05/2022,ARR,IL,AGL,CE,Towers with Radar,0,4,32,0,36,0,0,28,0,28,0,4,60,0,64,78,0,78,142
05/06/2022,ARR,IL,AGL,CE,Towers with Radar,0,2,28,0,30,0,0,4,0,4,0,2,32,0,34,0,0,0,34
05/07/2022,ARR,IL,AGL,CE,Towers with Radar,0,3,20,0,23,0,0,168,0,168,0,3,188,0,191,165,0,165,356
05/08/2022,ARR,IL,AGL,CE,Towers with Radar,0,1,11,0,12,0,0,58,0,58,0,1,69,0,70,74,0,74,144
05/09/2022,ARR,IL,AGL,CE,Towers with Radar,0,0,19,0,19,0,0,17,0,17,0,0,36,0,36,12,0,12,48
05/10/2022,ARR,IL,AGL,CE,Towers with Radar,0,2,23,0,25,0,0,105,0,105,0,2,128,0,130,187,0,187,317
05/11/2022,ARR,IL,AGL,CE,Towers with Radar,0,1,18,0,19,0,0,48,0,48,0,1,66,0,67,76,0,76,143
05/12/2022,ARR,IL,AGL,CE,Towers with Radar,0,3,20,0,23,0,0,112,0,112,0,3,132,0,135,125,0,125,260
05/13/2022,ARR,IL,AGL,CE,Towers with Radar,0,3,19,0,22,0,0,102,0,102,0,3,121,0,124,178,0,178,302
05/14/2022,ARR,IL,AGL,CE,Towers with Radar,0,1,7,0,8,0,0,78,0,78,0,1,85,0,86,172,0,172,258
05/15/2022,ARR,IL,AGL,CE,Towers with Radar,0,2,23,0,25,0,0,57,0,57,0,2,80,0,82,70,0,70,152
05/16/2022,ARR,IL,AGL,CE,Towers with Radar,0,1,24,0,25,0,0,70,0,70,0,1,94,0,95,116,0,116,211
05/17/2022,ARR,IL,AGL,CE,Towers with Radar,0,0,20,0,20,0,0,94,0,94,0,0,114,0,114,180,0,180,294
05/18/2022,ARR,IL,AGL,CE,Towers with Radar,0,2,25,0,27,0,0,4,0,4,0,2,29,0,31,8,0,8,39
05/19/2022,ARR,IL,AGL,CE,Towers with Radar,0,3,18,0,21,0,0,89,0,89,0,3,107,0,110,152,0,152,262
05/20/2022,ARR,IL,AGL,CE,Towers with Radar,0,4,14,0,18,0,0,21,0,21,0,4,35,0,39,6,0,6,45
05/21/2022,ARR,IL,AGL,CE,Towers with Radar,0,0,17,0,17,0,0,27,0,27,0,0,44,0,44,136,0,136,180
05/22/2022,ARR,IL,AGL,CE,Towers with Radar,0,1,21,0,22,0,0,159,0,159,0,1,180,0,181,84,0,84,265
05/23/2022,ARR,IL,AGL,CE,Towers with Radar,0,2,18,0,20,0,0,146,0,146,0,2,164,0,166,118,0,118,284
05/24/2022,ARR,IL,AGL,CE,Towers with Radar,0,3,26,0,29,0,0,108,0,108,0,3,134,0,137,157,0,157,294
05/25/2022,ARR,IL,AGL,CE,Towers with Radar,0,0,12,0,12,0,0,2,0,2,0,0,14,0,14,0,0,0,14
05/26/2022,ARR,IL,AGL,CE,Towers with Radar,0,4,35,0,39,0,0,12,0,12,0,4,47,0,51,96,0,96,147
05/27/2022,ARR,IL,AGL,CE,Towers with Radar,0,5,35,0,40,0,0,20,0,20,0,5,55,0,60,104,0,104,164
05/28/2022,ARR,IL,AGL,CE,Towers with Radar,0,3,16,0,19,0,0,101,0,101,0,3,117,0,120,134,0,134,254
05/29/2022,ARR,IL,AGL,CE,Towers with Radar,0,3,3,0,6,0,0,37,0,37,0,3,40,0,43,93,0,93,136
05/30/2022,ARR,IL,AGL,CE,Towers with Radar,0,2,13,0,15,0,0,40,0,40,0,2,53,0,55,38,0,38,93
05/31/2022,ARR,IL,AGL,CE,Towers with Radar,0,0,15,0,15,0,0,34,0,34,0,0,49,0,49,30,0,30,79
06/01/2022,ARR,IL,AGL,CE,Towers with Radar,0,1,30,0,31,0,0,111,0,111,0,1,141,0,142,216,0,216,358
06/02/2022,ARR,IL,AGL,CE,Towers with Radar,0,2,13,0,15,0,2,124,0,126,0,4,137,0,141,205,0,205,346
06/03/2022,ARR,IL,AGL,CE,Towers with Radar,0,2,22,0,24,0,2,109,0,111,0,4,131,0,135,126,0,126,261
06/04/2022,ARR,IL,AGL,CE,Towers with Radar,0,0,10,1,11,0,0,100,0,100,0,0,110,1,111,268,0,268,379
06/05/2022,ARR,IL,AGL,CE,Towers with Radar,0,1,13,0,14,0,3,92,0,95,0,4,105,0,109,154,0,154,263
06/06/2022,ARR,IL,AGL,CE,Towers with Radar,0,2,17,0,19,0,0,6,0,6,0,2,23,0,25,8,0,8,33
06/07/2022,ARR,IL,AGL,CE,Towers with Radar,0,2,28,0,30,0,0,99,0,99,0,2,127,0,129,224,0,224,353
06/08/2022,ARR,IL,AGL,CE,Towers with Radar,0,2,28,0,30,0,0,15,0,15,0,2,43,0,45,60,0,60,105
06/09/2022,ARR,IL,AGL,CE,Towers with Radar,0,3,32,0,35,0,1,107,0,108,0,4,139,0,143,214,0,214,357
06/10/2022,ARR,IL,AGL,CE,Towers with Radar,0,4,26,0,30,0,2,70,0,72,0,6,96,0,102,144,0,144,246
06/11/2022,ARR,IL,AGL,CE,Towers with Radar,0,3,28,0,31,0,0,43,0,43,0,3,71,0,74,120,0,120,194
06/12/2022,ARR,IL,AGL,CE,Towers with Radar,0,5,31,0,36,0,0,34,0,34,0,5,65,0,70,94,0,94,164
06/13/2022,ARR,IL,AGL,CE,Towers with Radar,0,8,26,0,34,0,0,63,0,63,0,8,89,0,97,210,0,210,307
06/14/2022,ARR,IL,AGL,CE,Towers with Radar,0,12,22,0,34,0,4,89,0,93,0,16,111,0,127,70,0,70,197
06/15/2022,ARR,IL,AGL,CE,Towers with Radar,0,1,27,0,28,0,0,52,0,52,0,1,79,0,80,122,0,122,202
06/16/2022,ARR,IL,AGL,CE,Towers with Radar,0,7,24,0,31,0,0,72,0,72,0,7,96,0,103,40,0,40,143
06/17/2022,ARR,IL,AGL,CE,Towers with Radar,0,5,28,0,33,0,0,124,0,124,0,5,152,0,157,262,0,262,419
06/18/2022,ARR,IL,AGL,CE,Towers with Radar,0,0,16,0,16,0,4,106,0,110,0,4,122,0,126,152,0,152,278
06/19/2022,ARR,IL,AGL,CE,Towers with Radar,0,1,24,0,25,0,4,93,0,97,0,5,117,0,122,114,0,114,236
06/20/2022,ARR,IL,AGL,CE,Towers with Radar,0,2,18,0,20,0,3,101,0,104,0,5,119,0,124,165,0,165,289
06/21/2022,ARR,IL,AGL,CE,Towers with Radar,0,6,13,0,19,0,2,61,0,63,0,8,74,0,82,50,0,50,132
06/22/2022,ARR,IL,AGL,CE,Towers with Radar,0,5,28,0,33,0,0,96,0,96,0,5,124,0,129,151,0,151,280
06/23/2022,ARR,IL,AGL,CE,Towers with Radar,0,4,33,0,37,0,2,101,0,103,0,6,134,0,140,192,0,192,332
06/24/2022,ARR,IL,AGL,CE,Towers with Radar,0,4,11,2,17,0,0,55,0,55,0,4,66,2,72,130,0,130,202
06/25/2022,ARR,IL,AGL,CE,Towers with Radar,0,2,9,0,11,0,0,25,0,25,0,2,34,0,36,43,0,43,79
06/26/2022,ARR,IL,AGL,CE,Towers with Radar,0,4,21,0,25,0,0,148,0,148,0,4,169,0,173,88,0,88,261
06/27/2022,ARR,IL,AGL,CE,Towers with Radar,0,5,22,0,27,0,0,125,0,125,0,5,147,0,152,229,0,229,381
06/28/2022,ARR,IL,AGL,CE,Towers with Radar,0,7,28,0,35,0,0,115,4,119,0,7,143,4,154,199,2,201,355
06/29/2022,ARR,IL,AGL,CE,Towers with Radar,0,5,38,0,43,0,0,94,0,94,0,5,132,0,137,264,0,264,401
06/30/2022,ARR,IL,AGL,CE,Towers with Radar,0,5,18,0,23,0,0,82,0,82,0,5,100,0,105,78,0,78,183
07/01/2022,ARR,IL,AGL,CE,Towers with Radar,0,2,27,0,29,0,0,56,0,56,0,2,83,0,85,188,0,188,273
07/02/2022,ARR,IL,AGL,CE,Towers with Radar,0,2,9,0,11,0,0,99,0,99,0,2,108,0,110,178,0,178,288
07/03/2022,ARR,IL,AGL,CE,Towers with Radar,0,3,14,0,17,0,1,100,0,101,0,4,114,0,118,132,0,132,250
07/04/2022,ARR,IL,AGL,CE,Towers with Radar,0,1,11,0,12,0,1,34,0,35,0,2,45,0,47,48,0,48,95
07/05/2022,ARR,IL,AGL,CE,Towers with Radar,0,2,21,0,23,0,0,51,0,51,0,2,72,0,74,114,0,114,188
07/06/2022,ARR,IL,AGL,CE,Towers with Radar,0,4,41,0,45,0,0,29,0,29,0,4,70,0,74,166,0,166,240
07/07/2022,ARR,IL,AGL,CE,Towers with Radar,0,3,29,0,32,0,0,73,0,73,0,3,102,0,105,234,0,234,339
07/08/2022,ARR,IL,AGL,CE,Towers with Radar,0,1,22,0,23,0,0,14,0,14,0,1,36,0,37,22,0,22,59
07/09/2022,ARR,IL,AGL,CE,Towers with Radar,0,1,9,0,10,0,0,122,0,122,0,1,131,0,132,122,0,122,254
07/10/2022,ARR,IL,AGL,CE,Towers with Radar,0,2,18,1,21,0,0,99,0,99,0,2,117,1,120,124,0,124,244
07/11/2022,ARR,IL,AGL,CE,Towers with Radar,0,1,18,0,19,0,0,45,0,45,0,1,63,0,64,207,0,207,271
07/12/2022,ARR,IL,AGL,CE,Towers with Radar,0,3,24,0,27,0,2,113,0,115,0,5,137,0,142,202,0,202,344
07/13/2022,ARR,IL,AGL,CE,Towers with Radar,0,0,42,0,42,0,1,144,0,145,0,1,186,0,187,216,0,216,403
07/14/2022,ARR,IL,AGL,CE,Towers with Radar,0,6,30,0,36,0,0,129,0,129,0,6,159,0,165,212,0,212,377
07/15/2022,ARR,IL,AGL,CE,Towers with Radar,0,4,15,0,19,0,0,0,0,0,0,4,15,0,19,30,0,30,49
07/16/2022,ARR,IL,AGL,CE,Towers with Radar,0,7,25,0,32,0,0,10,0,10,0,7,35,0,42,188,0,188,230
07/17/2022,ARR,IL,AGL,CE,Towers with Radar,0,2,31,0,33,0,0,17,0,17,0,2,48,0,50,96,0,96,146
07/18/2022,ARR,IL,AGL,CE,Towers with Radar,0,5,21,0,26,0,0,117,0,117,0,5,138,0,143,232,0,232,375
07/19/2022,ARR,IL,AGL,CE,Towers with Radar,0,1,17,0,18,0,0,114,0,114,0,1,131,0,132,238,0,238,370
07/20/2022,ARR,IL,AGL,CE,Towers with Radar,0,2,14,0,16,0,0,71,0,71,0,2,85,0,87,108,0,108,195
07/21/2022,ARR,IL,AGL,CE,Towers with Radar,0,6,17,1,24,0,0,126,0,126,0,6,143,1,150,264,0,264,414
07/22/2022,ARR,IL,AGL,CE,Towers with Radar,0,4,21,0,25,0,3,123,0,126,0,7,144,0,151,181,0,181,332
07/23/2022,ARR,IL,AGL,CE,Towers with Radar,0,2,9,0,11,0,0,32,0,32,0,2,41,0,43,72,0,72,115
07/24/2022,ARR,IL,AGL,CE,Towers with Radar,0,4,23,0,27,0,0,49,0,49,0,4,72,0,76,252,0,252,328
07/25/2022,ARR,IL,AGL,CE,Towers with Radar,0,4,21,0,25,0,0,110,0,110,0,4,131,0,135,265,0,265,400
07/26/2022,ARR,IL,AGL,CE,Towers with Radar,0,3,16,0,19,0,0,97,0,97,0,3,113,0,116,230,0,230,346
07/27/2022,ARR,IL,AGL,CE,Towers with Radar,0,8,20,0,28,0,0,28,0,28,0,8,48,0,56,90,0,90,146
07/28/2022,ARR,IL,AGL,CE,Towers with Radar,0,8,20,0,28,0,0,88,0,88,0,8,108,0,116,144,0,144,260
07/29/2022,ARR,IL,AGL,CE,Towers with Radar,0,2,13,0,15,0,0,107,0,107,0,2,120,0,122,216,0,216,338
07/30/2022,ARR,IL,AGL,CE,Towers with Radar,0,0,18,0,18,0,0,89,0,89,0,0,107,0,107,197,0,197,304
07/31/2022,ARR,IL,AGL,CE,Towers with Radar,0,3,18,0,21,0,0,95,0,95,0,3,113,0,116,92,0,92,208
08/01/2022,ARR,IL,AGL,CE,Towers with Radar,0,5,20,0,25,0,0,75,0,75,0,5,95,0,100,154,0,154,254
08/02/2022,ARR,IL,AGL,CE,Towers with Radar,0,5,17,0,22,0,0,124,0,124,0,5,141,0,146,191,0,191,337
08/03/2022,ARR,IL,AGL,CE,Towers with Radar,0,6,22,0,28,0,0,33,0,33,0,6,55,0,61,54,0,54,115
08/04/2022,ARR,IL,AGL,CE,Towers with Radar,0,4,38,0,42,0,0,32,0,32,0,4,70,0,74,230,0,230,304
08/05/2022,ARR,IL,AGL,CE,Towers with Radar,0,4,15,0,19,0,0,97,0,97,0,4,112,0,116,152,0,152,268
08/06/2022,ARR,IL,AGL,CE,Towers with Radar,0,2,21,0,23,0,1,61,0,62,0,3,82,0,85,180,0,180,265
08/07/2022,ARR,IL,AGL,CE,Towers with Radar,0,6,16,0,22,0,0,5,0,5,0,6,21,0,27,28,0,28,55
08/08/2022,ARR,IL,AGL,CE,Towers with Radar,0,5,30,0,35,0,0,4,0,4,0,5,34,0,39,6,0,6,45
08/09/2022,ARR,IL,AGL,CE,Towers with Radar,0,8,29,0,37,0,4,115,0,119,0,12,144,0,156,177,0,177,333
08/10/2022,ARR,IL,AGL,CE,Towers with Radar,0,4,38,0,42,0,7,115,0,122,0,11,153,0,164,242,0,242,406
08/11/2022,ARR,IL,AGL,CE,Towers with Radar,0,4,17,0,21,0,0,118,0,118,0,4,135,0,139,246,0,246,385
08/12/2022,ARR,IL,AGL,CE,Towers with Radar,0,3,23,1,27,0,0,97,0,97,0,3,120,1,124,250,0,250,374
08/13/2022,ARR,IL,AGL,CE,Towers with Radar,0,0,6,0,6,0,0,60,0,60,0,0,66,0,66,80,0,80,146
08/14/2022,ARR,IL,AGL,CE,Towers with Radar,0,1,35,1,37,0,0,25,0,25,0,1,60,1,62,205,0,205,267
08/15/2022,ARR,IL,AGL,CE,Towers with Radar,0,5,27,0,32,0,2,71,0,73,0,7,98,0,105,217,0,217,322
08/16/2022,ARR,IL,AGL,CE,Towers with Radar,0,0,24,0,24,0,4,116,0,120,0,4,140,0,144,120,0,120,264
08/17/2022,ARR,IL,AGL,CE,Towers with Radar,0,2,21,0,23,0,2,131,0,133,0,4,152,0,156,157,0,157,313
08/18/2022,ARR,IL,AGL,CE,Towers with Radar,0,4,15,0,19,0,1,125,0,126,0,5,140,0,145,155,0,155,300
08/19/2022,ARR,IL,AGL,CE,Towers with Radar,0,2,34,0,36,0,1,79,0,80,0,3,113,0,116,172,0,172,288
08/20/2022,ARR,IL,AGL,CE,Towers with Radar,0,1,10,0,11,0,0,0,0,0,0,1,10,0,11,32,0,32,43
08/21/2022,ARR,IL,AGL,CE,Towers with Radar,0,7,30,0,37,0,0,110,0,110,0,7,140,0,147,148,0,148,295
08/22/2022,ARR,IL,AGL,CE,Towers with Radar,0,8,20,0,28,0,1,107,0,108,0,9,127,0,136,212,0,212,348
08/23/2022,ARR,IL,AGL,CE,Towers with Radar,0,3,21,0,24,0,1,106,0,107,0,4,127,0,131,239,0,239,370
08/24/2022,ARR,IL,AGL,CE,Towers with Radar,0,1,19,0,20,0,1,111,0,112,0,2,130,0,132,190,0,190,322
08/25/2022,ARR,IL,AGL,CE,Towers with Radar,0,3,24,0,27,0,0,29,0,29,0,3,53,0,56,111,0,111,167
08/26/2022,ARR,IL,AGL,CE,Towers with Radar,0,2,27,0,29,0,1,80,0,81,0,3,107,0,110,291,0,291,401
08/27/2022,ARR,IL,AGL,CE,Towers with Radar,0,2,9,0,11,0,0,125,0,125,0,2,134,0,136,116,0,116,252
08/28/2022,ARR,IL,AGL,CE,Towers with Radar,0,1,16,0,17,0,0,47,0,47,0,1,63,0,64,136,0,136,200
08/29/2022,ARR,IL,AGL,CE,Towers with Radar,0,0,16,0,16,0,0,25,0,25,0,0,41,0,41,54,0,54,95
08/30/2022,ARR,IL,AGL,CE,Towers with Radar,0,4,18,0,22,0,0,90,0,90,0,4,108,0,112,97,0,97,209
08/31/2022,ARR,IL,AGL,CE,Towers with Radar,0,3,22,0,25,0,0,123,0,123,0,3,145,0,148,149,0,149,297
09/01/2022,ARR,IL,AGL,CE,Towers with Radar,0,0,23,0,23,0,0,121,0,121,0,0,144,0,144,121,0,121,265
09/02/2022,ARR,IL,AGL,CE,Towers with Radar,0,1,25,0,26,0,1,108,0,109,0,2,133,0,135,132,0,132,267
09/03/2022,ARR,IL,AGL,CE,Towers with Radar,0,4,5,0,9,0,2,74,0,76,0,6,79,0,85,219,0,219,304
09/04/2022,ARR,IL,AGL,CE,Towers with Radar,0,0,12,0,12,0,0,11,0,11,0,0,23,0,23,68,0,68,91
09/05/2022,ARR,IL,AGL,CE,Towers with Radar,0,4,28,0,32,0,0,33,0,33,0,4,61,0,65,70,0,70,135
09/06/2022,ARR,IL,AGL,CE,Towers with Radar,0,4,20,2,26,0,0,94,0,94,0,4,114,2,120,110,0,110,230
09/07/2022,ARR,IL,AGL,CE,Towers with Radar,0,1,24,0,25,0,1,114,0,115,0,2,138,0,140,118,0,118,258
09/08/2022,ARR,IL,AGL,CE,Towers with Radar,0,6,17,0,23,0,2,100,0,102,0,8,117,0,125,138,0,138,263
09/09/2022,ARR,IL,AGL,CE,Towers with Radar,0,2,26,1,29,0,2,98,0,100,0,4,124,1,129,212,0,212,341
09/10/2022,ARR,IL,AGL,CE,Towers with Radar,0,5,12,0,17,0,2,114,0,116,0,7,126,0,133,162,0,162,295
09/11/2022,ARR,IL,AGL,CE,Towers with Radar,0,1,21,1,23,0,0,1,0,1,0,1,22,1,24,0,0,0,24
09/12/2022,ARR,IL,AGL,CE,Towers with Radar,0,6,35,0,41,0,0,1,0,1,0,6,36,0,42,32,0,32,74
09/13/2022,ARR,IL,AGL,CE,Towers with Radar,0,16,21,0,37,0,1,117,0,118,0,17,138,0,155,162,0,162,317
09/14/2022,ARR,IL,AGL,CE,Towers with Radar,0,7,23,0,30,0,1,112,0,113,0,8,135,0,143,110,0,110,253
09/15/2022,ARR,IL,AGL,CE,Towers with Radar,0,6,34,0,40,0,0,113,0,113,0,6,147,0,153,97,0,97,250
09/16/2022,ARR,IL,AGL,CE,Towers with Radar,0,8,19,0,27,0,1,107,0,108,0,9,126,0,135,130,0,130,265
09/17/2022,ARR,IL,AGL,CE,Towers with Radar,0,3,20,1,24,0,1,104,0,105,0,4,124,1,129,40,0,40,169
09/18/2022,ARR,IL,AGL,CE,Towers with Radar,0,31,27,0,58,0,0,151,0,151,0,31,178,0,209,60,0,60,269
09/19/2022,ARR,IL,AGL,CE,Towers with Radar,0,4,21,0,25,0,1,105,0,106,0,5,126,0,131,163,0,163,294
09/20/2022,ARR,IL,AGL,CE,Towers with Radar,0,6,15,0,21,0,2,77,0,79,0,8,92,0,100,68,0,68,168
09/21/2022,ARR,IL,AGL,CE,Towers with Radar,0,11,30,0,41,0,1,89,0,90,0,12,119,0,131,128,0,128,259
09/22/2022,ARR,IL,AGL,CE,Towers with Radar,0,1,22,0,23,0,0,105,0,105,0,1,127,0,128,183,0,183,311
09/23/2022,ARR,IL,AGL,CE,Towers with Radar,0,3,30,0,33,0,0,99,0,99,0,3,129,0,132,234,0,234,366
09/24/2022,ARR,IL,AGL,CE,Towers with Radar,0,1,19,0,20,0,0,62,0,62,0,1,81,0,82,172,0,172,254
09/25/2022,ARR,IL,AGL,CE,Towers with Radar,0,1,14,0,15,0,0,30,0,30,0,1,44,0,45,82,0,82,127
09/26/2022,ARR,IL,AGL,CE,Towers with Radar,0,3,23,0,26,0,0,69,0,69,0,3,92,0,95,108,0,108,203
09/27/2022,ARR,IL,AGL,CE,Towers with Radar,0,2,25,0,27,0,2,70,0,72,0,4,95,0,99,142,0,142,241
09/28/2022,ARR,IL,AGL,CE,Towers with Radar,0,1,16,0,17,0,1,118,0,119,0,2,134,0,136,158,0,158,294
09/29/2022,ARR,IL,AGL,CE,Towers with Radar,0,4,19,0,23,0,5,108,0,113,0,9,127,0,136,239,0,239,375
09/30/2022,ARR,IL,AGL,CE,Towers with Radar,0,0,24,0,24,0,9,93,0,102,0,9,117,0,126,185,0,185,311
10/01/2022,ARR,IL,AGL,CE,Towers with Radar,0,0,14,0,14,0,2,119,0,121,0,2,133,0,135,170,0,170,305
10/02/2022,ARR,IL,AGL,CE,Towers with Radar,0,0,21,0,21,0,0,71,0,71,0,0,92,0,92,158,0,158,250
10/03/2022,ARR,IL,AGL,CE,Towers with Radar,0,3,16,0,19,0,3,81,0,84,0,6,97,0,103,135,0,135,238
10/04/2022,ARR,IL,AGL,CE,Towers with Radar,0,3,13,0,16,0,3,88,0,91,0,6,101,0,107,148,0,148,255
10/05/2022,ARR,IL,AGL,CE,Towers with Radar,0,0,25,0,25,0,0,77,0,77,0,0,102,0,102,171,0,171,273
10/06/2022,ARR,IL,AGL,CE,Towers with Radar,0,3,20,0,23,0,0,62,0,62,0,3,82,0,85,157,0,157,242
10/07/2022,ARR,IL,AGL,CE,Towers with Radar,0,1,14,1,16,0,1,84,0,85,0,2,98,1,101,125,0,125,226
10/08/2022,ARR,IL,AGL,CE,Towers with Radar,0,3,5,0,8,0,0,104,0,104,0,3,109,0,112,140,0,140,252
10/09/2022,ARR,IL,AGL,CE,Towers with Radar,0,1,18,1,20,0,0,96,0,96,0,1,114,1,116,88,0,88,204
10/10/2022,ARR,IL,AGL,CE,Towers with Radar,0,3,16,0,19,0,0,86,0,86,0,3,102,0,105,188,0,188,293
10/11/2022,ARR,IL,AGL,CE,Towers with Radar,0,5,19,0,24,0,0,30,0,30,0,5,49,0,54,44,0,44,98
10/12/2022,ARR,IL,AGL,CE,Towers with Radar,0,3,18,0,21,0,0,19,0,19,0,3,37,0,40,97,0,97,137
10/13/2022,ARR,IL,AGL,CE,Towers with Radar,0,6,26,0,32,0,0,51,0,51,0,6,77,0,83,69,0,69,152
10/14/2022,ARR,IL,AGL,CE,Towers with Radar,0,2,12,0,14,0,0,72,0,72,0,2,84,0,86,39,0,39,125
10/15/2022,ARR,IL,AGL,CE,Towers with Radar,0,0,16,0,16,0,2,92,0,94,0,2,108,0,110,164,0,164,274
10/16/2022,ARR,IL,AGL,CE,Towers with Radar,0,4,11,0,15,0,1,108,0,109,0,5,119,0,124,111,0,111,235
10/17/2022,ARR,IL,AGL,CE,Towers with Radar,0,2,20,0,22,0,0,14,0,14,0,2,34,0,36,10,0,10,46
10/18/2022,ARR,IL,AGL,CE,Towers with Radar,0,3,16,0,19,0,0,36,0,36,0,3,52,0,55,54,0,54,109
10/19/2022,ARR,IL,AGL,CE,Towers with Radar,0,1,23,0,24,0,1,112,0,113,0,2,135,0,137,192,0,192,329
10/20/2022,ARR,IL,AGL,CE,Towers with Radar,0,2,18,0,20,0,0,98,0,98,0,2,116,0,118,336,0,336,454
10/21/2022,ARR,IL,AGL,CE,Towers with Radar,0,2,19,0,21,0,0,87,0,87,0,2,106,0,108,146,0,146,254
10/22/2022,ARR,IL,AGL,CE,Towers with Radar,0,0,6,0,6,0,0,96,0,96,0,0,102,0,102,150,0,150,252
10/23/2022,ARR,IL,AGL,CE,Towers with Radar,0,2,12,2,16,0,0,32,0,32,0,2,44,2,48,44,0,44,92
10/24/2022,ARR,IL,AGL,CE,Towers with Radar,0,3,15,0,18,0,0,19,0,19,0,3,34,0,37,40,0,40,77
10/25/2022,ARR,IL,AGL,CE,Towers with Radar,0,3,26,0,29,0,0,0,0,0,0,3,26,0,29,0,0,0,29
10/26/2022,ARR,IL,AGL,CE,Towers with Radar,0,1,15,0,16,0,0,111,0,111,0,1,126,0,127,230,0,230,357
10/27/2022,ARR,IL,AGL,CE,Towers with Radar,0,2,26,1,29,0,0,126,1,127,0,2,152,2,156,199,0,199,355
10/28/2022,ARR,IL,AGL,CE,Towers with Radar,0,3,31,0,34,0,0,90,0,90,0,3,121,0,124,222,0,222,346
10/29/2022,ARR,IL,AGL,CE,Towers with Radar,0,1,16,0,17,0,0,135,0,135,0,1,151,0,152,174,0,174,326
10/30/2022,ARR,IL,AGL,CE,Towers with Radar,0,0,15,0,15,0,0,96,0,96,0,0,111,0,111,178,0,178,289
10/31/2022,ARR,IL,AGL,CE,Towers with Radar,0,1,13,0,14,0,0,3,0,3,0,1,16,0,17,0,0,0,17
11/01/2022,ARR,IL,AGL,CE,Towers with Radar,0,7,18,0,25,0,0,132,1,133,0,7,150,1,158,152,0,152,310
11/02/2022,ARR,IL,AGL,CE,Towers with Radar,0,3,19,0,22,0,0,93,0,93,0,3,112,0,115,240,0,240,355
11/03/2022,ARR,IL,AGL,CE,Towers with Radar,0,4,21,0,25,0,0,67,0,67,0,4,88,0,92,92,0,92,184
11/04/2022,ARR,IL,AGL,CE,Towers with Radar,0,3,15,0,18,0,0,31,0,31,0,3,46,0,49,50,0,50,99
11/05/2022,ARR,IL,AGL,CE,Towers with Radar,0,2,4,0,6,0,0,0,0,0,0,2,4,0,6,0,0,0,6
11/06/2022,ARR,IL,AGL,CE,Towers with Radar,0,5,18,0,23,0,0,86,0,86,0,5,104,0,109,182,0,182,291
11/07/2022,ARR,IL,AGL,CE,Towers with Radar,0,1,10,0,11,0,0,105,0,105,0,1,115,0,116,173,0,173,289
11/08/2022,ARR,IL,AGL,CE,Towers with Radar,0,2,22,0,24,0,0,112,0,112,0,2,134,0,136,213,0,213,349
11/09/2022,ARR,IL,AGL,CE,Towers with Radar,0,4,12,0,16,0,2,83,0,85,0,6,95,0,101,136,0,136,237
11/10/2022,ARR,IL,AGL,CE,Towers with Radar,0,2,13,0,15,0,0,56,0,56,0,2,69,0,71,59,0,59,130
11/11/2022,ARR,IL,AGL,CE,Towers with Radar,0,4,20,0,24,0,0,73,0,73,0,4,93,0,97,173,0,173,270
11/12/2022,ARR,IL,AGL,CE,Towers with Radar,0,1,5,0,6,0,0,33,0,33,0,1,38,0,39,112,0,112,151
11/13/2022,ARR,IL,AGL,CE,Towers with Radar,0,3,15,0,18,0,0,104,0,104,0,3,119,0,122,214,0,214,336
11/14/2022,ARR,IL,AGL,CE,Towers with Radar,0,7,29,0,36,0,0,85,0,85,0,7,114,0,121,176,0,176,297
11/15/2022,ARR,IL,AGL,CE,Towers with Radar,0,4,12,0,16,0,0,0,0,0,0,4,12,0,16,0,0,0,16
11/16/2022,ARR,IL,AGL,CE,Towers with Radar,0,2,11,0,13,0,0,1,0,1,0,2,12,0,14,0,0,0,14
11/17/2022,ARR,IL,AGL,CE,Towers with Radar,0,2,13,0,15,0,0,19,0,19,0,2,32,0,34,150,0,150,184
11/18/2022,ARR,IL,AGL,CE,Towers with Radar,0,3,13,0,16,0,0,3,0,3,0,3,16,0,19,18,0,18,37
11/19/2022,ARR,IL,AGL,CE,Towers with Radar,0,7,9,0,16,0,0,16,0,16,0,7,25,0,32,8,0,8,40
11/20/2022,ARR,IL,AGL,CE,Towers with Radar,0,3,22,0,25,0,0,82,0,82,0,3,104,0,107,184,0,184,291
11/21/2022,ARR,IL,AGL,CE,Towers with Radar,0,5,20,0,25,0,0,92,0,92,0,5,112,0,117,186,0,186,303
11/22/2022,ARR,IL,AGL,CE,Towers with Radar,0,4,18,0,22,0,0,133,0,133,0,4,151,0,155,166,0,166,321
11/23/2022,ARR,IL,AGL,CE,Towers with Radar,0,4,18,0,22,0,0,113,0,113,0,4,131,0,135,214,0,214,349
11/24/2022,ARR,IL,AGL,CE,Towers with Radar,0,0,1,0,1,0,0,6,0,6,0,0,7,0,7,0,0,0,7
11/25/2022,ARR,IL,AGL,CE,Towers with Radar,0,1,10,0,11,0,0,106,0,106,0,1,116,0,117,93,0,93,210
11/26/2022,ARR,IL,AGL,CE,Towers with Radar,0,2,19,0,21,0,0,82,0,82,0,2,101,0,103,114,0,114,217
11/27/2022,ARR,IL,AGL,CE,Towers with Radar,0,4,24,0,28,0,0,6,0,6,0,4,30,0,34,118,0,118,152
11/28/2022,ARR,IL,AGL,CE,Towers with Radar,0,5,21,0,26,0,0,69,0,69,0,5,90,0,95,160,0,160,255
11/29/2022,ARR,IL,AGL,CE,Towers with Radar,0,0,25,0,25,0,0,3,0,3,0,0,28,0,28,0,0,0,28
11/30/2022,ARR,IL,AGL,CE,Towers with Radar,0,1,16,0,17,0,0,2,0,2,0,1,18,0,19,0,0,0,19
12/01/2022,ARR,IL,AGL,CE,Towers with Radar,0,5,11,0,16,0,0,104,0,104,0,5,115,0,120,197,0,197,317
12/02/2022,ARR,IL,AGL,CE,Towers with Radar,0,7,14,0,21,0,0,13,0,13,0,7,27,0,34,56,0,56,90
12/03/2022,ARR,IL,AGL,CE,Towers with Radar,0,0,15,0,15,0,2,62,0,64,0,2,77,0,79,110,0,110,189
12/04/2022,ARR,IL,AGL,CE,Towers with Radar,0,6,21,0,27,0,0,90,0,90,0,6,111,0,117,112,0,112,229
12/05/2022,ARR,IL,AGL,CE,Towers with Radar,0,4,12,0,16,0,0,70,0,70,0,4,82,0,86,98,0,98,184
12/06/2022,ARR,IL,AGL,CE,Towers with Radar,0,0,10,2,12,0,0,11,0,11,0,0,21,2,23,169,0,169,192
12/07/2022,ARR,IL,AGL,CE,Towers with Radar,0,4,26,0,30,0,0,22,0,22,0,4,48,0,52,203,0,203,255
12/08/2022,ARR,IL,AGL,CE,Towers with Radar,0,4,12,0,16,0,0,69,0,69,0,4,81,0,85,137,0,137,222
12/09/2022,ARR,IL,AGL,CE,Towers with Radar,0,3,10,0,13,0,0,0,0,0,0,3,10,0,13,0,0,0,13
12/10/2022,ARR,IL,AGL,CE,Towers with Radar,0,2,8,0,10,0,0,1,0,1,0,2,9,0,11,0,0,0,11
12/11/2022,ARR,IL,AGL,CE,Towers with Radar,0,3,6,0,9,0,1,34,0,35,0,4,40,0,44,292,0,292,336
12/12/2022,ARR,IL,AGL,CE,Towers with Radar,2,2,16,0,20,0,0,38,0,38,2,2,54,0,58,130,0,130,188
12/13/2022,ARR,IL,AGL,CE,Towers with Radar,0,2,21,0,23,0,0,59,1,60,0,2,80,1,83,165,0,165,248
12/14/2022,ARR,IL,AGL,CE,Towers with Radar,0,0,26,0,26,0,0,0,0,0,0,0,26,0,26,0,0,0,26
12/15/2022,ARR,IL,AGL,CE,Towers with Radar,0,2,11,0,13,0,0,9,0,9,0,2,20,0,22,125,0,125,147
12/16/2022,ARR,IL,AGL,CE,Towers with Radar,0,2,16,0,18,0,0,0,0,0,0,2,16,0,18,0,0,0,18
12/17/2022,ARR,IL,AGL,CE,Towers with Radar,0,4,7,0,11,0,0,8,0,8,0,4,15,0,19,90,0,90,109
12/18/2022,ARR,IL,AGL,CE,Towers with Radar,0,2,22,0,24,0,0,40,0,40,0,2,62,0,64,162,0,162,226
12/19/2022,ARR,IL,AGL,CE,Towers with Radar,0,2,14,0,16,0,0,89,0,89,0,2,103,0,105,160,0,160,265
12/20/2022,ARR,IL,AGL,CE,Towers with Radar,0,1,19,0,20,0,0,38,0,38,0,1,57,0,58,222,0,222,280
12/21/2022,ARR,IL,AGL,CE,Towers with Radar,0,4,15,0,19,0,0,15,0,15,0,4,30,0,34,184,0,184,218
12/22/2022,ARR,IL,AGL,CE,Towers with Radar,0,0,2,0,2,0,0,0,0,0,0,0,2,0,2,0,0,0,2
12/23/2022,ARR,IL,AGL,CE,Towers with Radar,0,1,3,0,4,0,0,0,0,0,0,1,3,0,4,0,0,0,4
12/24/2022,ARR,IL,AGL,CE,Towers with Radar,0,2,1,0,3,0,0,0,0,0,0,2,1,0,3,0,0,0,3
12/25/2022,ARR,IL,AGL,CE,Towers with Radar,0,4,1,0,5,0,0,3,0,3,0,4,4,0,8,0,0,0,8
12/26/2022,ARR,IL,AGL,CE,Towers with Radar,0,3,8,0,11,0,0,12,0,12,0,3,20,0,23,4,0,4,27
12/27/2022,ARR,IL,AGL,CE,Towers with Radar,0,4,10,0,14,0,0,81,0,81,0,4,91,0,95,74,0,74,169
12/28/2022,ARR,IL,AGL,CE,Towers with Radar,0,4,12,0,16,0,0,31,0,31,0,4,43,0,47,36,0,36,83
12/29/2022,ARR,IL,AGL,CE,Towers with Radar,0,5,16,0,21,0,0,5,0,5,0,5,21,0,26,28,0,28,54
12/30/2022,ARR,IL,AGL,CE,Towers with Radar,0,4,19,0,23,0,0,8,0,8,0,4,27,0,31,68,0,68,99
12/31/2022,ARR,IL,AGL,CE,Towers with Radar,0,0,5,0,5,0,0,70,0,70,0,0,75,0,75,176,0,176,251
01/01/2023,ARR,IL,AGL,CE,Towers with Radar,0,1,15,0,16,0,0,0,0,0,0,1,15,0,16,0,0,0,16
01/02/2023,ARR,IL,AGL,CE,Towers with Radar,0,3,13,0,16,0,0,31,0,31,0,3,44,0,47,52,0,52,99
01/03/2023,ARR,IL,AGL,CE,Towers with Radar,0,2,12,0,14,0,0,0,0,0,0,2,12,0,14,0,0,0,14
01/04/2023,ARR,IL,AGL,CE,Towers with Radar,0,6,10,0,16,0,0,7,0,7,0,6,17,0,23,90,0,90,113
01/05/2023,ARR,IL,AGL,CE,Towers with Radar,0,1,13,0,14,0,0,2,0,2,0,1,15,0,16,0,0,0,16
01/06/2023,ARR,IL,AGL,CE,Towers with Radar,0,1,17,0,18,0,0,14,0,14,0,1,31,0,32,68,0,68,100
01/07/2023,ARR,IL,AGL,CE,Towers with Radar,0,0,11,0,11,0,0,1,0,1,0,0,12,0,12,86,0,86,98
01/08/2023,ARR,IL,AGL,CE,Towers with Radar,0,1,16,0,17,0,0,8,0,8,0,1,24,0,25,132,0,132,157
01/09/2023,ARR,IL,AGL,CE,Towers with Radar,0,4,20,0,24,0,0,114,0,114,0,4,134,0,138,138,0,138,276
01/10/2023,ARR,IL,AGL,CE,Towers with Radar,0,0,18,0,18,0,0,120,0,120,0,0,138,0,138,166,0,166,304
01/11/2023,ARR,IL,AGL,CE,Towers with Radar,0,0,33,0,33,0,0,73,0,73,0,0,106,0,106,116,0,116,222
01/12/2023,ARR,IL,AGL,CE,Towers with Radar,0,1,13,0,14,0,0,2,0,2,0,1,15,0,16,24,0,24,40
01/13/2023,ARR,IL,AGL,CE,Towers with Radar,0,2,19,0,21,0,0,21,0,21,0,2,40,0,42,76,0,76,118
01/14/2023,ARR,IL,AGL,CE,Towers with Radar,0,0,20,1,21,0,0,56,0,56,0,0,76,1,77,276,0,276,353
01/15/2023,ARR,IL,AGL,CE,Towers with Radar,0,2,13,0,15,0,1,85,0,86,0,3,98,0,101,110,0,110,211
01/16/2023,ARR,IL,AGL,CE,Towers with Radar,0,1,21,0,22,0,0,0,0,0,0,1,21,0,22,6,0,6,28
01/17/2023,ARR,IL,AGL,CE,Towers with Radar,0,1,6,0,7,0,0,2,0,2,0,1,8,0,9,46,0,46,55
01/18/2023,ARR,IL,AGL,CE,Towers with Radar,0,0,9,0,9,0,0,22,0,22,0,0,31,0,31,190,0,190,221
01/19/2023,ARR,IL,AGL,CE,Towers with Radar,0,1,10,0,11,0,0,0,0,0,0,1,10,0,11,0,0,0,11
01/20/2023,ARR,IL,AGL,CE,Towers with Radar,0,2,15,0,17,0,0,25,0,25,0,2,40,0,42,70,0,70,112
01/21/2023,ARR,IL,AGL,CE,Towers with Radar,0,1,8,0,9,0,0,0,0,0,0,1,8,0,9,38,0,38,47
01/22/2023,ARR,IL,AGL,CE,Towers with Radar,0,2,7,0,9,0,0,0,0,0,0,2,7,0,9,0,0,0,9
01/23/2023,ARR,IL,AGL,CE,Towers with Radar,0,0,18,0,18,0,0,5,0,5,0,0,23,0,23,128,0,128,151
01/24/2023,ARR,IL,AGL,CE,Towers with Radar,0,5,23,0,28,0,0,61,0,61,0,5,84,0,89,156,0,156,245
01/25/2023,ARR,IL,AGL,CE,Towers with Radar,0,3,5,0,8,0,0,0,0,0,0,3,5,0,8,0,0,0,8
01/26/2023,ARR,IL,AGL,CE,Towers with Radar,0,2,9,0,11,0,0,2,0,2,0,2,11,0,13,60,0,60,73
01/27/2023,ARR,IL,AGL,CE,Towers with Radar,0,4,10,0,14,0,0,5,0,5,0,4,15,0,19,6,0,6,25
01/28/2023,ARR,IL,AGL,CE,Towers with Radar,0,1,5,0,6,0,0,11,0,11,0,1,16,0,17,40,0,40,57
01/29/2023,ARR,IL,AGL,CE,Towers with Radar,0,1,10,0,11,0,0,15,0,15,0,1,25,0,26,92,0,92,118
01/30/2023,ARR,IL,AGL,CE,Towers with Radar,0,3,20,0,23,0,0,74,0,74,0,3,94,0,97,56,0,56,153
01/31/2023,ARR,IL,AGL,CE,Towers with Radar,0,4,14,0,18,0,2,65,0,67,0,6,79,0,85,52,0,52,137
02/01/2023,ARR,IL,AGL,CE,Towers with Radar,0,2,18,0,20,0,0,80,0,80,0,2,98,0,100,214,0,214,314
02/02/2023,ARR,IL,AGL,CE,Towers with Radar,0,2,13,0,15,0,0,81,0,81,0,2,94,0,96,136,0,136,232
02/03/2023,ARR,IL,AGL,CE,Towers with Radar,0,0,7,0,7,0,0,53,0,53,0,0,60,0,60,92,0,92,152
02/04/2023,ARR,IL,AGL,CE,Towers with Radar,0,0,9,0,9,0,0,54,0,54,0,0,63,0,63,127,0,127,190
02/05/2023,ARR,IL,AGL,CE,Towers with Radar,0,3,18,0,21,0,0,84,0,84,0,3,102,0,105,108,0,108,213
02/06/2023,ARR,IL,AGL,CE,Towers with Radar,0,2,20,0,22,0,0,108,0,108,0,2,128,0,130,98,0,98,228
02/07/2023,ARR,IL,AGL,CE,Towers with Radar,0,4,12,0,16,0,0,19,0,19,0,4,31,0,35,98,0,98,133
02/08/2023,ARR,IL,AGL,CE,Towers with Radar,0,0,21,0,21,0,0,103,0,103,0,0,124,0,124,132,0,132,256
02/09/2023,ARR,IL,AGL,CE,Towers with Radar,0,1,6,0,7,0,0,0,0,0,0,1,6,0,7,0,0,0,7
02/10/2023,ARR,IL,AGL,CE,Towers with Radar,0,4,12,0,16,0,0,72,0,72,0,4,84,0,88,147,0,147,235
02/11/2023,ARR,IL,AGL,CE,Towers with Radar,0,1,9,0,10,0,0,115,0,115,0,1,124,0,125,190,0,190,315
02/12/2023,ARR,IL,AGL,CE,Towers with Radar,0,2,9,0,11,0,0,110,0,110,0,2,119,0,121,178,0,178,299
02/13/2023,ARR,IL,AGL,CE,Towers with Radar,0,1,16,0,17,0,0,84,0,84,0,1,100,0,101,158,0,158,259
02/14/2023,ARR,IL,AGL,CE,Towers with Radar,0,1,13,0,14,0,0,20,0,20,0,1,33,0,34,42,0,42,76
02/15/2023,ARR,IL,AGL,CE,Towers with Radar,0,2,18,0,20,0,0,7,0,7,0,2,25,0,27,42,0,42,69
02/16/2023,ARR,IL,AGL,CE,Towers with Radar,0,0,9,0,9,0,0,0,0,0,0,0,9,0,9,0,0,0,9
02/17/2023,ARR,IL,AGL,CE,Towers with Radar,0,4,19,0,23,0,0,83,0,83,0,4,102,0,106,185,0,185,291
02/18/2023,ARR,IL,AGL,CE,Towers with Radar,0,4,14,0,18,0,0,99,0,99,0,4,113,0,117,114,0,114,231
02/19/2023,ARR,IL,AGL,CE,Towers with Radar,0,0,8,0,8,0,0,41,0,41,0,0,49,0,49,106,0,106,155
02/20/2023,ARR,IL,AGL,CE,Towers with Radar,0,4,29,0,33,0,0,123,0,123,0,4,152,0,156,146,0,146,302
02/21/2023,ARR,IL,AGL,CE,Towers with Radar,0,0,16,0,16,0,0,45,0,45,0,0,61,0,61,76,0,76,137
02/22/2023,ARR,IL,AGL,CE,Towers with Radar,0,0,5,0,5,0,0,0,0,0,0,0,5,0,5,0,0,0,5
02/23/2023,ARR,IL,AGL,CE,Towers with Radar,0,7,12,0,19,0,0,1,0,1,0,7,13,0,20,0,0,0,20
02/24/2023,ARR,IL,AGL,CE,Towers with Radar,0,1,12,0,13,0,0,77,0,77,0,1,89,0,90,173,0,173,263
02/25/2023,ARR,IL,AGL,CE,Towers with Radar,0,0,10,0,10,0,0,57,0,57,0,0,67,0,67,120,0,120,187
02/26/2023,ARR,IL,AGL,CE,Towers with Radar,0,1,24,0,25,0,0,179,0,179,0,1,203,0,204,48,0,48,252
02/27/2023,ARR,IL,AGL,CE,Towers with Radar,0,2,9,0,11,0,0,2,0,2,0,2,11,0,13,52,0,52,65
02/28/2023,ARR,IL,AGL,CE,Towers with Radar,0,6,20,0,26,0,0,85,0,85,0,6,105,0,111,68,0,68,179
03/01/2023,ARR,IL,AGL,CE,Towers with Radar,0,7,31,1,39,0,0,61,0,61,0,7,92,1,100,68,0,68,168
03/02/2023,ARR,IL,AGL,CE,Towers with Radar,0,1,10,0,11,0,0,38,0,38,0,1,48,0,49,116,0,116,165
03/03/2023,ARR,IL,AGL,CE,Towers with Radar,0,1,5,0,6,0,0,2,0,2,0,1,7,0,8,14,0,14,22
03/04/2023,ARR,IL,AGL,CE,Towers with Radar,0,1,17,0,18,0,0,57,0,57,0,1,74,0,75,150,0,150,225
03/05/2023,ARR,IL,AGL,CE,Towers with Radar,0,1,22,0,23,0,2,88,0,90,0,3,110,0,113,204,0,204,317
03/06/2023,ARR,IL,AGL,CE,Towers with Radar,0,0,13,0,13,0,0,17,0,17,0,0,30,0,30,114,0,114,144
03/07/2023,ARR,IL,AGL,CE,Towers with Radar,0,0,24,0,24,0,0,57,0,57,0,0,81,0,81,96,0,96,177
03/08/2023,ARR,IL,AGL,CE,Towers with Radar,0,2,26,0,28,0,0,87,0,87,0,2,113,0,115,177,0,177,292
03/09/2023,ARR,IL,AGL,CE,Towers with Radar,0,1,8,0,9,0,0,24,0,24,0,1,32,0,33,78,0,78,111
03/10/2023,ARR,IL,AGL,CE,Towers with Radar,0,1,4,0,5,0,0,3,0,3,0,1,7,0,8,72,0,72,80
03/11/2023,ARR,IL,AGL,CE,Towers with Radar,0,1,4,0,5,0,0,48,0,48,0,1,52,0,53,182,0,182,235
03/12/2023,ARR,IL,AGL,CE,Towers with Radar,0,0,6,0,6,0,0,1,0,1,0,0,7,0,7,0,0,0,7
03/13/2023,ARR,IL,AGL,CE,Towers with Radar,0,2,6,0,8,0,0,18,0,18,0,2,24,0,26,93,0,93,119
03/14/2023,ARR,IL,AGL,CE,Towers with Radar,0,0,22,0,22,0,2,123,0,125,0,2,145,0,147,140,0,140,287
03/15/2023,ARR,IL,AGL,CE,Towers with Radar,0,5,24,0,29,0,0,78,0,78,0,5,102,0,107,58,0,58,165
03/16/2023,ARR,IL,AGL,CE,Towers with Radar,0,2,13,0,15,0,0,15,0,15,0,2,28,0,30,0,0,0,30
03/17/2023,ARR,IL,AGL,CE,Towers with Radar,0,3,9,0,12,0,0,14,0,14,0,3,23,0,26,25,0,25,51
03/18/2023,ARR,IL,AGL,CE,Towers with Radar,0,0,8,0,8,0,0,3,0,3,0,0,11,0,11,0,0,0,11
03/19/2023,ARR,IL,AGL,CE,Towers with Radar,0,3,18,0,21,0,0,102,0,102,0,3,120,0,123,106,0,106,229
03/20/2023,ARR,IL,AGL,CE,Towers with Radar,0,3,11,0,14,0,0,26,0,26,0,3,37,0,40,14,0,14,54
03/21/2023,ARR,IL,AGL,CE,Towers with Radar,0,7,18,0,25,0,0,86,0,86,0,7,104,0,111,127,0,127,238
03/22/2023,ARR,IL,AGL,CE,Towers with Radar,0,4,15,0,19,0,0,0,0,0,0,4,15,0,19,52,0,52,71
03/23/2023,ARR,IL,AGL,CE,Towers with Radar,0,5,10,0,15,0,0,13,0,13,0,5,23,0,28,92,0,92,120
03/24/2023,ARR,IL,AGL,CE,Towers with Radar,0,4,10,0,14,0,0,75,0,75,0,4,85,0,89,236,0,236,325
03/25/2023,ARR,IL,AGL,CE,Towers with Radar,0,6,11,0,17,0,0,8,0,8,0,6,19,0,25,20,0,20,45
03/26/2023,ARR,IL,AGL,CE,Towers with Radar,0,2,18,0,20,0,0,54,0,54,0,2,72,0,74,120,0,120,194
03/27/2023,ARR,IL,AGL,CE,Towers with Radar,0,2,12,0,14,0,0,86,0,86,0,2,98,0,100,126,0,126,226
03/28/2023,ARR,IL,AGL,CE,Towers with Radar,0,3,12,0,15,0,0,112,0,112,0,3,124,0,127,238,0,238,365
03/29/2023,ARR,IL,AGL,CE,Towers with Radar,0,2,10,0,12,0,0,59,0,59,0,2,69,0,71,84,0,84,155
03/30/2023,ARR,IL,AGL,CE,Towers with Radar,0,1,18,0,19,0,0,76,0,76,0,1,94,0,95,142,0,142,237
03/31/2023,ARR,IL,AGL,CE,Towers with Radar,0,1,6,0,7,0,0,3,0,3,0,1,9,0,10,0,0,0,10
04/01/2023,ARR,IL,AGL,CE,Towers with Radar,0,4,6,0,10,0,0,5,0,5,0,4,11,0,15,0,0,0,15
04/02/2023,ARR,IL,AGL,CE,Towers with Radar,0,0,23,0,23,0,0,65,0,65,0,0,88,0,88,118,0,118,206
04/03/2023,ARR,IL,AGL,CE,Towers with Radar,0,3,12,0,15,0,0,62,0,62,0,3,74,0,77,108,0,108,185
04/04/2023,ARR,IL,AGL,CE,Towers with Radar,0,2,4,0,6,0,0,0,0,0,0,2,4,0,6,0,0,0,6
04/05/2023,ARR,IL,AGL,CE,Towers with Radar,0,2,12,0,14,0,0,5,0,5,0,2,17,0,19,30,0,30,49
04/06/2023,ARR,IL,AGL,CE,Towers with Radar,0,5,25,0,30,0,0,98,0,98,0,5,123,0,128,310,0,310,438
04/07/2023,ARR,IL,AGL,CE,Towers with Radar,0,1,5,0,6,0,0,154,0,154,0,1,159,0,160,242,0,242,402
04/08/2023,ARR,IL,AGL,CE,Towers with Radar,0,3,8,0,11,0,0,110,0,110,0,3,118,0,121,244,0,244,365
04/09/2023,ARR,IL,AGL,CE,Towers with Radar,0,2,10,0,12,0,0,71,0,71,0,2,81,0,83,126,0,126,209
04/10/2023,ARR,IL,AGL,CE,Towers with Radar,0,1,27,0,28,0,0,82,0,82,0,1,109,0,110,174,0,174,284
04/11/2023,ARR,IL,AGL,CE,Towers with Radar,0,5,15,0,20,0,0,115,0,115,0,5,130,0,135,139,0,139,274
04/12/2023,ARR,IL,AGL,CE,Towers with Radar,0,2,22,0,24,0,0,41,0,41,0,2,63,0,65,80,0,80,145
04/13/2023,ARR,IL,AGL,CE,Towers with Radar,0,4,35,0,39,0,0,124,0,124,0,4,159,0,163,132,0,132,295
04/14/2023,ARR,IL,AGL,CE,Towers with Radar,0,0,12,0,12,0,0,112,0,112,0,0,124,0,124,170,0,170,294
04/15/2023,ARR,IL,AGL,CE,Towers with Radar,0,3,17,0,20,0,2,68,0,70,0,5,85,0,90,144,0,144,234
04/16/2023,ARR,IL,AGL,CE,Towers with Radar,0,0,6,0,6,0,0,1,0,1,0,0,7,0,7,0,0,0,7
04/17/2023,ARR,IL,AGL,CE,Towers with Radar,0,0,13,0,13,0,0,2,0,2,0,0,15,0,15,0,0,0,15
04/18/2023,ARR,IL,AGL,CE,Towers with Radar,0,5,36,0,41,0,0,108,0,108,0,5,144,0,149,143,0,143,292
04/19/2023,ARR,IL,AGL,CE,Towers with Radar,0,7,18,0,25,0,4,59,0,63,0,11,77,0,88,88,0,88,176
04/20/2023,ARR,IL,AGL,CE,Towers with Radar,0,4,14,0,18,0,0,6,0,6,0,4,20,0,24,4,0,4,28
04/21/2023,ARR,IL,AGL,CE,Towers with Radar,0,7,9,0,16,0,1,67,0,68,0,8,76,0,84,108,0,108,192
04/22/2023,ARR,IL,AGL,CE,Towers with Radar,0,0,11,0,11,0,0,22,0,22,0,0,33,0,33,166,0,166,199
04/23/2023,ARR,IL,AGL,CE,Towers with Radar,0,7,11,0,18,0,0,36,0,36,0,7,47,0,54,272,0,272,326
04/24/2023,ARR,IL,AGL,CE,Towers with Radar,0,5,15,0,20,0,2,97,0,99,0,7,112,0,119,170,0,170,289
04/25/2023,ARR,IL,AGL,CE,Towers with Radar,0,6,10,0,16,0,0,15,0,15,0,6,25,0,31,84,0,84,115
04/26/2023,ARR,IL,AGL,CE,Towers with Radar,0,3,15,0,18,0,1,133,0,134,0,4,148,0,152,154,0,154,306
04/27/2023,ARR,IL,AGL,CE,Towers with Radar,0,2,11,0,13,0,0,101,0,101,0,2,112,0,114,100,0,100,214
04/28/2023,ARR,IL,AGL,CE,Towers with Radar,0,3,20,0,23,0,0,106,0,106,0,3,126,0,129,164,0,164,293
04/29/2023,ARR,IL,AGL,CE,Towers with Radar,0,1,16,0,17,0,0,32,0,32,0,1,48,0,49,58,0,58,107
04/30/2023,ARR,IL,AGL,CE,Towers with Radar,0,3,11,0,14,0,0,8,0,8,0,3,19,0,22,4,0,4,26
05/01/2023,ARR,IL,AGL,CE,Towers with Radar,0,2,13,0,15,0,0,2,0,2,0,2,15,0,17,0,0,0,17
05/02/2023,ARR,IL,AGL,CE,Towers with Radar,0,0,23,0,23,0,3,31,0,34,0,3,54,0,57,14,0,14,71
05/03/2023,ARR,IL,AGL,CE,Towers with Radar,0,3,18,0,21,0,0,106,0,106,0,3,124,0,127,142,0,142,269
05/04/2023,ARR,IL,AGL,CE,Towers with Radar,0,0,22,0,22,0,1,106,0,107,0,1,128,0,129,206,0,206,335
05/05/2023,ARR,IL,AGL,CE,Towers with Radar,0,4,14,0,18,0,0,70,0,70,0,4,84,0,88,127,0,127,215
05/06/2023,ARR,IL,AGL,CE,Towers with Radar,0,5,16,0,21,0,0,22,0,22,0,5,38,0,43,162,0,162,205
05/07/2023,ARR,IL,AGL,CE,Towers with Radar,0,0,13,0,13,0,0,47,0,47,0,0,60,0,60,140,0,140,200
05/08/2023,ARR,IL,AGL,CE,Towers with Radar,0,2,18,0,20,0,0,0,0,0,0,2,18,0,20,0,0,0,20
05/09/2023,ARR,IL,AGL,CE,Towers with Radar,0,7,23,0,30,0,0,125,0,125,0,7,148,0,155,208,0,208,363
05/10/2023,ARR,IL,AGL,CE,Towers with Radar,0,5,16,0,21,0,2,149,0,151,0,7,165,0,172,138,0,138,310
05/11/2023,ARR,IL,AGL,CE,Towers with Radar,0,4,21,0,25,0,0,139,0,139,0,4,160,0,164,135,0,135,299
05/12/2023,ARR,IL,AGL,CE,Towers with Radar,0,2,15,0,17,0,0,4,0,4,0,2,19,0,21,66,0,66,87
05/13/2023,ARR,IL,AGL,CE,Towers with Radar,0,1,34,0,35,0,0,20,0,20,0,1,54,0,55,128,0,128,183
05/14/2023,ARR,IL,AGL,CE,Towers with Radar,0,4,6,0,10,0,0,10,0,10,0,4,16,0,20,14,0,14,34
05/15/2023,ARR,IL,AGL,CE,Towers with Radar,0,2,32,0,34,0,0,122,0,122,0,2,154,0,156,144,0,144,300
05/16/2023,ARR,IL,AGL,CE,Towers with Radar,0,0,12,0,12,0,2,121,0,123,0,2,133,0,135,164,0,164,299
05/17/2023,ARR,IL,AGL,CE,Towers with Radar,0,1,23,0,24,0,4,122,0,126,0,5,145,0,150,278,0,278,428
05/18/2023,ARR,IL,AGL,CE,Towers with Radar,0,5,15,0,20,0,2,108,0,110,0,7,123,0,130,268,0,268,398
05/19/2023,ARR,IL,AGL,CE,Towers with Radar,0,5,18,0,23,0,0,21,0,21,0,5,39,0,44,238,0,238,282
05/20/2023,ARR,IL,AGL,CE,Towers with Radar,0,5,12,0,17,0,1,114,0,115,0,6,126,0,132,206,0,206,338
05/21/2023,ARR,IL,AGL,CE,Towers with Radar,0,4,15,0,19,0,2,158,0,160,0,6,173,0,179,196,0,196,375
05/22/2023,ARR,IL,AGL,CE,Towers with Radar,0,4,8,0,12,0,4,103,0,107,0,8,111,0,119,240,0,240,359
05/23/2023,ARR,IL,AGL,CE,Towers with Radar,0,0,12,0,12,0,0,123,0,123,0,0,135,0,135,182,0,182,317
05/24/2023,ARR,IL,AGL,CE,Towers with Radar,0,4,19,0,23,0,0,91,0,91,0,4,110,0,114,137,0,137,251
05/25/2023,ARR,IL,AGL,CE,Towers with Radar,0,10,25,0,35,0,4,90,0,94,0,14,115,0,129,140,0,140,269
05/26/2023,ARR,IL,AGL,CE,Towers with Radar,0,5,7,0,12,0,5,94,0,99,0,10,101,0,111,144,0,144,255
05/27/2023,ARR,IL,AGL,CE,Towers with Radar,0,1,7,0,8,0,3,99,0,102,0,4,106,0,110,200,0,200,310
05/28/2023,ARR,IL,AGL,CE,Towers with Radar,0,0,10,0,10,0,1,76,2,79,0,1,86,2,89,162,0,162,251
05/29/2023,ARR,IL,AGL,CE,Towers with Radar,0,4,17,0,21,0,2,100,0,102,0,6,117,0,123,190,0,190,313
05/30/2023,ARR,IL,AGL,CE,Towers with Radar,0,6,18,0,24,0,0,94,0,94,0,6,112,0,118,136,0,136,254
05/31/2023,ARR,IL,AGL,CE,Towers with Radar,0,2,25,0,27,0,0,64,0,64,0,2,89,0,91,222,0,222,313
06/01/2023,ARR,IL,AGL,CE,Towers with Radar,0,2,24,0,26,0,0,59,0,59,0,2,83,0,85,114,0,114,199
06/02/2023,ARR,IL,AGL,CE,Towers with Radar,0,1,16,0,17,0,2,76,0,78,0,3,92,0,95,216,0,216,311
06/03/2023,ARR,IL,AGL,CE,Towers with Radar,0,1,14,0,15,0,2,72,0,74,0,3,86,0,89,96,0,96,185
06/04/2023,ARR,IL,AGL,CE,Towers with Radar,0,4,11,0,15,0,2,59,0,61,0,6,70,0,76,120,0,120,196
06/05/2023,ARR,IL,AGL,CE,Towers with Radar,0,4,13,0,17,0,3,96,0,99,0,7,109,0,116,194,0,194,310
06/06/2023,ARR,IL,AGL,CE,Towers with Radar,0,3,13,0,16,0,0,69,0,69,0,3,82,0,85,191,0,191,276
06/07/2023,ARR,IL,AGL,CE,Towers with Radar,0,4,20,0,24,0,0,101,0,101,0,4,121,0,125,167,0,167,292
06/08/2023,ARR,IL,AGL,CE,Towers with Radar,0,9,25,1,35,0,0,93,0,93,0,9,118,1,128,212,0,212,340
06/09/2023,ARR,IL,AGL,CE,Towers with Radar,0,3,15,0,18,0,0,125,0,125,0,3,140,0,143,173,0,173,316
06/10/2023,ARR,IL,AGL,CE,Towers with Radar,0,4,15,0,19,0,6,90,0,96,0,10,105,0,115,128,0,128,243
06/11/2023,ARR,IL,AGL,CE,Towers with Radar,0,7,13,0,20,0,0,2,0,2,0,7,15,0,22,10,0,10,32
06/12/2023,ARR,IL,AGL,CE,Towers with Radar,0,2,12,0,14,0,1,93,0,94,0,3,105,0,108,218,0,218,326
06/13/2023,ARR,IL,AGL,CE,Towers with Radar,0,7,22,0,29,0,0,30,0,30,0,7,52,0,59,118,0,118,177
06/14/2023,ARR,IL,AGL,CE,Towers with Radar,0,0,22,0,22,0,0,80,0,80,0,0,102,0,102,272,0,272,374
06/15/2023,ARR,IL,AGL,CE,Towers with Radar,0,4,36,0,40,0,0,26,0,26,0,4,62,0,66,54,0,54,120
06/16/2023,ARR,IL,AGL,CE,Towers with Radar,0,4,24,0,28,0,0,55,0,55,0,4,79,0,83,116,0,116,199
06/17/2023,ARR,IL,AGL,CE,Towers with Radar,0,1,16,0,17,0,0,105,0,105,0,1,121,0,122,222,0,222,344
06/18/2023,ARR,IL,AGL,CE,Towers with Radar,0,2,5,0,7,0,0,78,0,78,0,2,83,0,85,110,0,110,195
06/19/2023,ARR,IL,AGL,CE,Towers with Radar,0,6,9,0,15,0,0,110,0,110,0,6,119,0,125,150,0,150,275
06/20/2023,ARR,IL,AGL,CE,Towers with Radar,0,2,21,0,23,0,0,99,0,99,0,2,120,0,122,126,0,126,248
06/21/2023,ARR,IL,AGL,CE,Towers with Radar,0,6,19,0,25,0,0,129,0,129,0,6,148,0,154,172,0,172,326
06/22/2023,ARR,IL,AGL,CE,Towers with Radar,0,4,27,0,31,0,1,108,0,109,0,5,135,0,140,194,0,194,334
06/23/2023,ARR,IL,AGL,CE,Towers with Radar,0,1,24,0,25,0,0,99,0,99,0,1,123,0,124,245,0,245,369
06/24/2023,ARR,IL,AGL,CE,Towers with Radar,0,0,8,0,8,0,0,90,0,90,0,0,98,0,98,200,0,200,298
06/25/2023,ARR,IL,AGL,CE,Towers with Radar,0,2,16,0,18,0,0,29,0,29,0,2,45,0,47,30,0,30,77
06/26/2023,ARR,IL,AGL,CE,Towers with Radar,0,1,10,0,11,0,0,17,0,17,0,1,27,0,28,76,0,76,104
06/27/2023,ARR,IL,AGL,CE,Towers with Radar,0,1,30,0,31,0,0,5,0,5,0,1,35,0,36,44,0,44,80
06/28/2023,ARR,IL,AGL,CE,Towers with Radar,0,4,42,0,46,0,0,2,0,2,0,4,44,0,48,12,0,12,60
06/29/2023,ARR,IL,AGL,CE,Towers with Radar,0,4,12,0,16,0,0,13,0,13,0,4,25,0,29,74,0,74,103
06/30/2023,ARR,IL,AGL,CE,Towers with Radar,3,0,38,0,41,0,0,60,0,60,3,0,98,0,101,164,0,164,265
07/01/2023,ARR,IL,AGL,CE,Towers with Radar,0,3,14,0,17,0,3,42,0,45,0,6,56,0,62,178,0,178,240
07/02/2023,ARR,IL,AGL,CE,Towers with Radar,0,3,15,0,18,0,0,6,0,6,0,3,21,0,24,16,0,16,40
07/03/2023,ARR,IL,AGL,CE,Towers with Radar,0,0,17,0,17,0,0,128,0,128,0,0,145,0,145,262,0,262,407
07/04/2023,ARR,IL,AGL,CE,Towers with Radar,0,0,2,0,2,0,2,78,0,80,0,2,80,0,82,152,0,152,234
07/05/2023,ARR,IL,AGL,CE,Towers with Radar,0,3,12,0,15,0,2,48,0,50,0,5,60,0,65,156,0,156,221
07/06/2023,ARR,IL,AGL,CE,Towers with Radar,0,2,19,0,21,0,4,101,0,105,0,6,120,0,126,232,0,232,358
07/07/2023,ARR,IL,AGL,CE,Towers with Radar,0,1,20,0,21,0,0,105,0,105,0,1,125,0,126,164,0,164,290
07/08/2023,ARR,IL,AGL,CE,Towers with Radar,0,3,10,2,15,0,0,72,0,72,0,3,82,2,87,118,0,118,205
07/09/2023,ARR,IL,AGL,CE,Towers with Radar,0,0,12,0,12,0,1,114,0,115,0,1,126,0,127,218,0,218,345
07/10/2023,ARR,IL,AGL,CE,Towers with Radar,0,4,23,0,27,0,2,120,0,122,0,6,143,0,149,192,0,192,341
07/11/2023,ARR,IL,AGL,CE,Towers with Radar,0,8,10,0,18,0,2,69,0,71,0,10,79,0,89,202,0,202,291
07/12/2023,ARR,IL,AGL,CE,Towers with Radar,0,1,17,0,18,0,0,6,0,6,0,1,23,0,24,22,0,22,46
07/13/2023,ARR,IL,AGL,CE,Towers with Radar,0,2,26,0,28,0,0,42,0,42,0,2,68,0,70,160,0,160,230
07/14/2023,ARR,IL,AGL,CE,Towers with Radar,0,1,15,0,16,0,0,71,1,72,0,1,86,1,88,148,0,148,236
07/15/2023,ARR,IL,AGL,CE,Towers with Radar,0,1,6,0,7,0,2,67,0,69,0,3,73,0,76,306,0,306,382
07/16/2023,ARR,IL,AGL,CE,Towers with Radar,0,2,30,0,32,0,0,40,0,40,0,2,70,0,72,224,0,224,296
07/17/2023,ARR,IL,AGL,CE,Towers with Radar,0,6,30,0,36,0,2,119,0,121,0,8,149,0,157,176,0,176,333
07/18/2023,ARR,IL,AGL,CE,Towers with Radar,0,3,22,0,25,0,2,132,0,134,0,5,154,0,159,186,0,186,345
07/19/2023,ARR,IL,AGL,CE,Towers with Radar,0,4,20,0,24,0,2,142,0,144,0,6,162,0,168,230,0,230,398
07/20/2023,ARR,IL,AGL,CE,Towers with Radar,0,0,32,0,32,0,0,99,1,100,0,0,131,1,132,212,0,212,344
07/21/2023,ARR,IL,AGL,CE,Towers with Radar,0,4,22,0,26,0,0,120,0,120,0,4,142,0,146,156,0,156,302
07/22/2023,ARR,IL,AGL,CE,Towers with Radar,0,1,18,0,19,0,0,123,0,123,0,1,141,0,142,200,0,200,342
07/23/2023,ARR,IL,AGL,CE,Towers with Radar,0,3,17,0,20,0,0,79,0,79,0,3,96,0,99,192,0,192,291
07/24/2023,ARR,IL,AGL,CE,Towers with Radar,0,0,20,0,20,0,2,65,0,67,0,2,85,0,87,102,0,102,189
07/25/2023,ARR,IL,AGL,CE,Towers with Radar,0,4,17,1,22,0,0,60,0,60,0,4,77,1,82,80,0,80,162
07/26/2023,ARR,IL,AGL,CE,Towers with Radar,0,2,12,0,14,0,0,41,0,41,0,2,53,0,55,110,0,110,165
07/27/2023,ARR,IL,AGL,CE,Towers with Radar,0,5,19,0,24,0,0,94,0,94,0,5,113,0,118,126,0,126,244
07/28/2023,ARR,IL,AGL,CE,Towers with Radar,0,6,16,0,22,0,0,77,0,77,0,6,93,0,99,153,0,153,252
07/29/2023,ARR,IL,AGL,CE,Towers with Radar,0,2,13,0,15,0,0,53,0,53,0,2,66,0,68,142,0,142,210
07/30/2023,ARR,IL,AGL,CE,Towers with Radar,0,3,11,0,14,0,0,64,0,64,0,3,75,0,78,80,0,80,158
07/31/2023,ARR,IL,AGL,CE,Towers with Radar,0,7,18,0,25,0,1,99,0,100,0,8,117,0,125,206,0,206,331
08/01/2023,ARR,IL,AGL,CE,Towers with Radar,0,6,14,0,20,0,1,127,0,128,0,7,141,0,148,177,0,177,325
08/02/2023,ARR,IL,AGL,CE,Towers with Radar,0,4,17,0,21,0,0,112,0,112,0,4,129,0,133,224,0,224,357
08/03/2023,ARR,IL,AGL,CE,Towers with Radar,0,2,31,0,33,0,0,70,0,70,0,2,101,0,103,166,0,166,269
08/04/2023,ARR,IL,AGL,CE,Towers with Radar,0,4,16,0,20,0,5,115,0,120,0,9,131,0,140,230,0,230,370
08/05/2023,ARR,IL,AGL,CE,Towers with Radar,1,2,30,0,33,0,0,21,0,21,1,2,51,0,54,42,0,42,96
08/06/2023,ARR,IL,AGL,CE,Towers with Radar,0,1,15,0,16,0,0,38,0,38,0,1,53,0,54,86,0,86,140
08/07/2023,ARR,IL,AGL,CE,Towers with Radar,0,3,20,0,23,0,5,70,0,75,0,8,90,0,98,138,0,138,236
08/08/2023,ARR,IL,AGL,CE,Towers with Radar,0,2,12,0,14,0,2,90,0,92,0,4,102,0,106,140,0,140,246
08/09/2023,ARR,IL,AGL,CE,Towers with Radar,0,0,24,0,24,0,0,50,0,50,0,0,74,0,74,174,0,174,248
08/10/2023,ARR,IL,AGL,CE,Towers with Radar,0,0,37,0,37,0,0,60,0,60,0,0,97,0,97,140,0,140,237
08/11/2023,ARR,IL,AGL,CE,Towers with Radar,0,2,11,0,13,0,2,44,0,46,0,4,55,0,59,68,0,68,127
08/12/2023,ARR,IL,AGL,CE,Towers with Radar,0,4,10,0,14,0,2,110,0,112,0,6,120,0,126,166,0,166,292
08/13/2023,ARR,IL,AGL,CE,Towers with Radar,0,1,16,0,17,0,0,76,0,76,0,1,92,0,93,124,0,124,217
08/14/2023,ARR,IL,AGL,CE,Towers with Radar,0,4,23,0,27,0,0,1,0,1,0,4,24,0,28,0,0,0,28
08/15/2023,ARR,IL,AGL,CE,Towers with Radar,0,4,19,0,23,0,4,83,0,87,0,8,102,0,110,138,0,138,248
08/16/2023,ARR,IL,AGL,CE,Towers with Radar,0,0,16,0,16,0,0,120,0,120,0,0,136,0,136,118,0,118,254
08/17/2023,ARR,IL,AGL,CE,Towers with Radar,0,5,18,2,25,0,0,45,0,45,0,5,63,2,70,78,0,78,148
08/18/2023,ARR,IL,AGL,CE,Towers with Radar,0,0,12,1,13,0,0,125,0,125,0,0,137,1,138,188,0,188,326
08/19/2023,ARR,IL,AGL,CE,Towers with Radar,0,3,9,0,12,0,0,76,0,76,0,3,85,0,88,100,0,100,188
08/20/2023,ARR,IL,AGL,CE,Towers with Radar,0,0,16,1,17,0,2,96,0,98,0,2,112,1,115,100,0,100,215
08/21/2023,ARR,IL,AGL,CE,Towers with Radar,0,0,25,0,25,0,2,101,0,103,0,2,126,0,128,148,0,148,276
08/22/2023,ARR,IL,AGL,CE,Towers with Radar,0,2,30,0,32,0,0,63,0,63,0,2,93,0,95,126,0,126,221
08/23/2023,ARR,IL,AGL,CE,Towers with Radar,0,4,13,0,17,0,0,32,0,32,0,4,45,0,49,84,0,84,133
08/24/2023,ARR,IL,AGL,CE,Towers with Radar,0,1,28,0,29,0,0,39,0,39,0,1,67,0,68,40,0,40,108
08/25/2023,ARR,IL,AGL,CE,Towers with Radar,0,1,29,0,30,0,0,74,0,74,0,1,103,0,104,208,0,208,312
08/26/2023,ARR,IL,AGL,CE,Towers with Radar,0,0,16,0,16,0,0,31,0,31,0,0,47,0,47,46,0,46,93
08/27/2023,ARR,IL,AGL,CE,Towers with Radar,0,3,28,0,31,0,0,206,0,206,0,3,234,0,237,100,0,100,337
08/28/2023,ARR,IL,AGL,CE,Towers with Radar,0,1,20,0,21,0,1,93,0,94,0,2,113,0,115,198,0,198,313
08/29/2023,ARR,IL,AGL,CE,Towers with Radar,0,2,42,0,44,0,2,79,0,81,0,4,121,0,125,110,0,110,235
08/30/2023,ARR,IL,AGL,CE,Towers with Radar,0,0,18,0,18,0,0,113,0,113,0,0,131,0,131,211,0,211,342
08/31/2023,ARR,IL,AGL,CE,Towers with Radar,0,3,18,0,21,1,0,102,0,103,1,3,120,0,124,163,0,163,287
