01/01/2020,ASE,CO,ANM,WE,Combined TRACON& Tower with Radar,18,43,39,0,100,0,0,1,0,1,18,43,40,0,101,1,0,1,102
01/02/2020,ASE,CO,ANM,WE,Combined TRACON& Tower with Radar,62,41,65,0,168,0,0,3,0,3,62,41,68,0,171,8,0,8,179
01/03/2020,ASE,CO,ANM,WE,Combined TRACON& Tower with Radar,55,103,73,0,231,0,0,6,0,6,55,103,79,0,237,2,0,2,239
01/04/2020,ASE,CO,ANM,WE,Combined TRACON& Tower with Radar,67,104,122,0,293,0,0,5,0,5,67,104,127,0,298,7,0,7,305
01/05/2020,ASE,CO,ANM,WE,Combined TRACON& Tower with Radar,65,113,104,0,282,0,0,9,0,9,65,113,113,0,291,9,0,9,300
01/06/2020,ASE,CO,ANM,WE,Combined TRACON& Tower with Radar,53,50,69,0,172,0,0,4,0,4,53,50,73,0,176,3,0,3,179
01/07/2020,ASE,CO,ANM,WE,Combined TRACON& Tower with Radar,52,27,46,2,127,0,0,10,0,10,52,27,56,2,137,9,0,9,146
01/08/2020,ASE,CO,ANM,WE,Combined TRACON& Tower with Radar,53,26,29,0,108,0,0,1,0,1,53,26,30,0,109,6,0,6,115
01/09/2020,ASE,CO,ANM,WE,Combined TRACON& Tower with Radar,51,16,28,0,95,0,0,1,0,1,51,16,29,0,96,0,0,0,96
01/10/2020,ASE,CO,ANM,WE,Combined TRACON& Tower with Radar,46,19,30,0,95,0,0,1,0,1,46,19,31,0,96,0,0,0,96
01/11/2020,ASE,CO,ANM,WE,Combined TRACON& Tower with Radar,32,25,28,0,85,0,0,2,0,2,32,25,30,0,87,18,0,18,105
01/12/2020,ASE,CO,ANM,WE,Combined TRACON& Tower with Radar,51,30,42,2,125,0,0,0,0,0,51,30,42,2,125,3,0,3,128
01/13/2020,ASE,CO,ANM,WE,Combined TRACON& Tower with Radar,45,7,8,0,60,0,0,0,0,0,45,7,8,0,60,0,0,0,60
01/14/2020,ASE,CO,ANM,WE,Combined TRACON& Tower with Radar,52,12,21,0,85,0,0,3,0,3,52,12,24,0,88,1,0,1,89
01/15/2020,ASE,CO,ANM,WE,Combined TRACON& Tower with Radar,52,43,27,0,122,0,0,14,0,14,52,43,41,0,136,13,0,13,149
01/16/2020,ASE,CO,ANM,WE,Combined TRACON& Tower with Radar,54,42,49,0,145,0,0,3,0,3,54,42,52,0,148,4,0,4,152
01/17/2020,ASE,CO,ANM,WE,Combined TRACON& Tower with Radar,14,6,13,0,33,0,0,0,0,0,14,6,13,0,33,0,0,0,33
01/18/2020,ASE,CO,ANM,WE,Combined TRACON& Tower with Radar,47,30,33,0,110,0,0,2,0,2,47,30,35,0,112,23,0,23,135
01/19/2020,ASE,CO,ANM,WE,Combined TRACON& Tower with Radar,53,35,43,0,131,0,0,8,0,8,53,35,51,0,139,14,0,14,153
01/20/2020,ASE,CO,ANM,WE,Combined TRACON& Tower with Radar,52,75,88,0,215,0,0,7,0,7,52,75,95,0,222,8,0,8,230
01/21/2020,ASE,CO,ANM,WE,Combined TRACON& Tower with Radar,40,5,19,0,64,0,0,0,0,0,40,5,19,0,64,0,0,0,64
01/22/2020,ASE,CO,ANM,WE,Combined TRACON& Tower with Radar,49,4,21,0,74,0,0,1,0,1,49,4,22,0,75,0,0,0,75
01/23/2020,ASE,CO,ANM,WE,Combined TRACON& Tower with Radar,52,7,25,0,84,0,0,1,0,1,52,7,26,0,85,0,0,0,85
01/24/2020,ASE,CO,ANM,WE,Combined TRACON& Tower with Radar,51,24,56,0,131,0,0,7,0,7,51,24,63,0,138,12,0,12,150
01/25/2020,ASE,CO,ANM,WE,Combined TRACON& Tower with Radar,55,19,27,0,101,0,0,1,0,1,55,19,28,0,102,4,0,4,106
01/26/2020,ASE,CO,ANM,WE,Combined TRACON& Tower with Radar,53,63,70,0,186,0,0,11,0,11,53,63,81,0,197,19,0,19,216
01/27/2020,ASE,CO,ANM,WE,Combined TRACON& Tower with Radar,36,6,12,0,54,0,0,0,0,0,36,6,12,0,54,0,0,0,54
01/28/2020,ASE,CO,ANM,WE,Combined TRACON& Tower with Radar,56,18,34,0,108,0,0,5,2,7,56,18,39,2,115,17,0,17,132
01/29/2020,ASE,CO,ANM,WE,Combined TRACON& Tower with Radar,52,24,22,0,98,0,0,1,0,1,52,24,23,0,99,12,0,12,111
01/30/2020,ASE,CO,ANM,WE,Combined TRACON& Tower with Radar,50,32,25,0,107,0,0,1,0,1,50,32,26,0,108,0,0,0,108
01/31/2020,ASE,CO,ANM,WE,Combined TRACON& Tower with Radar,51,41,34,0,126,0,1,6,0,7,51,42,40,0,133,10,0,10,143
02/01/2020,ASE,CO,ANM,WE,Combined TRACON& Tower with Radar,52,39,32,2,125,0,0,7,0,7,52,39,39,2,132,25,0,25,157
02/02/2020,ASE,CO,ANM,WE,Combined TRACON& Tower with Radar,52,50,39,0,141,0,0,5,0,5,52,50,44,0,146,9,0,9,155
02/03/2020,ASE,CO,ANM,WE,Combined TRACON& Tower with Radar,37,8,27,0,72,0,0,0,0,0,37,8,27,0,72,0,0,0,72
02/04/2020,ASE,CO,ANM,WE,Combined TRACON& Tower with Radar,51,17,10,0,78,0,0,1,0,1,51,17,11,0,79,1,0,1,80
02/05/2020,ASE,CO,ANM,WE,Combined TRACON& Tower with Radar,51,26,30,0,107,0,0,2,0,2,51,26,32,0,109,3,0,3,112
02/06/2020,ASE,CO,ANM,WE,Combined TRACON& Tower with Radar,8,2,6,0,16,0,0,0,0,0,8,2,6,0,16,0,0,0,16
02/07/2020,ASE,CO,ANM,WE,Combined TRACON& Tower with Radar,8,1,7,0,16,0,0,0,0,0,8,1,7,0,16,0,0,0,16
02/08/2020,ASE,CO,ANM,WE,Combined TRACON& Tower with Radar,56,48,58,0,162,0,0,11,0,11,56,48,69,0,173,6,0,6,179
02/09/2020,ASE,CO,ANM,WE,Combined TRACON& Tower with Radar,52,5,10,0,67,0,0,0,0,0,52,5,10,0,67,0,0,0,67
02/10/2020,ASE,CO,ANM,WE,Combined TRACON& Tower with Radar,42,10,20,0,72,0,0,0,0,0,42,10,20,0,72,5,0,5,77
02/11/2020,ASE,CO,ANM,WE,Combined TRACON& Tower with Radar,50,20,37,0,107,0,0,10,1,11,50,20,47,1,118,13,1,14,132
02/12/2020,ASE,CO,ANM,WE,Combined TRACON& Tower with Radar,50,28,50,2,130,0,0,1,0,1,50,28,51,2,131,4,0,4,135
02/13/2020,ASE,CO,ANM,WE,Combined TRACON& Tower with Radar,53,81,97,0,231,0,0,3,0,3,53,81,100,0,234,1,0,1,235
02/14/2020,ASE,CO,ANM,WE,Combined TRACON& Tower with Radar,60,58,99,0,217,0,0,9,0,9,60,58,108,0,226,11,0,11,237
02/15/2020,ASE,CO,ANM,WE,Combined TRACON& Tower with Radar,69,65,55,0,189,0,0,5,0,5,69,65,60,0,194,0,0,0,194
02/16/2020,ASE,CO,ANM,WE,Combined TRACON& Tower with Radar,60,28,24,0,112,0,0,0,0,0,60,28,24,0,112,0,0,0,112
02/17/2020,ASE,CO,ANM,WE,Combined TRACON& Tower with Radar,56,48,124,0,228,0,0,1,0,1,56,48,125,0,229,4,0,4,233
02/18/2020,ASE,CO,ANM,WE,Combined TRACON& Tower with Radar,57,98,67,0,222,0,0,6,0,6,57,98,73,0,228,0,0,0,228
02/19/2020,ASE,CO,ANM,WE,Combined TRACON& Tower with Radar,57,42,51,0,150,0,0,5,0,5,57,42,56,0,155,29,0,29,184
02/20/2020,ASE,CO,ANM,WE,Combined TRACON& Tower with Radar,57,48,57,0,162,0,0,16,0,16,57,48,73,0,178,32,0,32,210
02/21/2020,ASE,CO,ANM,WE,Combined TRACON& Tower with Radar,57,56,48,0,161,0,0,8,2,10,57,56,56,2,171,15,1,16,187
02/22/2020,ASE,CO,ANM,WE,Combined TRACON& Tower with Radar,68,53,74,0,195,0,0,5,0,5,68,53,79,0,200,15,0,15,215
02/23/2020,ASE,CO,ANM,WE,Combined TRACON& Tower with Radar,43,12,31,0,86,0,0,0,0,0,43,12,31,0,86,0,0,0,86
02/24/2020,ASE,CO,ANM,WE,Combined TRACON& Tower with Radar,49,7,25,0,81,0,0,1,0,1,49,7,26,0,82,0,0,0,82
02/25/2020,ASE,CO,ANM,WE,Combined TRACON& Tower with Radar,56,7,18,0,81,0,0,2,0,2,56,7,20,0,83,2,0,2,85
02/26/2020,ASE,CO,ANM,WE,Combined TRACON& Tower with Radar,57,33,36,0,126,0,0,6,0,6,57,33,42,0,132,9,0,9,141
02/27/2020,ASE,CO,ANM,WE,Combined TRACON& Tower with Radar,58,51,37,0,146,0,0,5,0,5,58,51,42,0,151,5,0,5,156
02/28/2020,ASE,CO,ANM,WE,Combined TRACON& Tower with Radar,58,49,40,0,147,0,1,2,0,3,58,50,42,0,150,20,0,20,170
02/29/2020,ASE,CO,ANM,WE,Combined TRACON& Tower with Radar,69,64,56,0,189,0,0,2,0,2,69,64,58,0,191,29,0,29,220
03/01/2020,ASE,CO,ANM,WE,Combined TRACON& Tower with Radar,56,56,74,0,186,0,0,2,0,2,56,56,76,0,188,20,0,20,208
03/02/2020,ASE,CO,ANM,WE,Combined TRACON& Tower with Radar,69,9,32,0,110,0,0,0,0,0,69,9,32,0,110,0,0,0,110
03/03/2020,ASE,CO,ANM,WE,Combined TRACON& Tower with Radar,63,24,36,0,123,0,0,7,0,7,63,24,43,0,130,39,0,39,169
03/04/2020,ASE,CO,ANM,WE,Combined TRACON& Tower with Radar,58,20,30,0,108,0,0,15,1,16,58,20,45,1,124,21,2,23,147
03/05/2020,ASE,CO,ANM,WE,Combined TRACON& Tower with Radar,59,41,38,0,138,0,0,7,0,7,59,41,45,0,145,27,0,27,172
03/06/2020,ASE,CO,ANM,WE,Combined TRACON& Tower with Radar,59,46,47,0,152,0,0,6,0,6,59,46,53,0,158,19,0,19,177
03/07/2020,ASE,CO,ANM,WE,Combined TRACON& Tower with Radar,70,59,51,0,180,0,0,11,0,11,70,59,62,0,191,13,0,13,204
03/08/2020,ASE,CO,ANM,WE,Combined TRACON& Tower with Radar,57,63,75,0,195,0,0,0,0,0,57,63,75,0,195,13,0,13,208
03/09/2020,ASE,CO,ANM,WE,Combined TRACON& Tower with Radar,61,33,53,0,147,0,0,6,0,6,61,33,59,0,153,6,0,6,159
03/10/2020,ASE,CO,ANM,WE,Combined TRACON& Tower with Radar,57,27,33,0,117,0,0,2,0,2,57,27,35,0,119,2,0,2,121
03/11/2020,ASE,CO,ANM,WE,Combined TRACON& Tower with Radar,58,31,26,0,115,0,0,2,0,2,58,31,28,0,117,32,0,32,149
03/12/2020,ASE,CO,ANM,WE,Combined TRACON& Tower with Radar,59,52,55,0,166,0,0,1,0,1,59,52,56,0,167,18,0,18,185
03/13/2020,ASE,CO,ANM,WE,Combined TRACON& Tower with Radar,59,23,45,0,127,0,0,0,0,0,59,23,45,0,127,12,0,12,139
03/14/2020,ASE,CO,ANM,WE,Combined TRACON& Tower with Radar,71,55,77,0,203,0,0,2,0,2,71,55,79,0,205,10,0,10,215
03/15/2020,ASE,CO,ANM,WE,Combined TRACON& Tower with Radar,57,53,58,0,168,0,0,7,0,7,57,53,65,0,175,32,0,32,207
03/16/2020,ASE,CO,ANM,WE,Combined TRACON& Tower with Radar,59,51,41,0,151,0,0,12,0,12,59,51,53,0,163,11,0,11,174
03/17/2020,ASE,CO,ANM,WE,Combined TRACON& Tower with Radar,58,27,18,0,103,0,0,0,0,0,58,27,18,0,103,6,0,6,109
03/18/2020,ASE,CO,ANM,WE,Combined TRACON& Tower with Radar,52,13,15,0,80,0,0,0,0,0,52,13,15,0,80,4,1,5,85
03/19/2020,ASE,CO,ANM,WE,Combined TRACON& Tower with Radar,16,1,0,0,17,0,0,0,0,0,16,1,0,0,17,0,0,0,17
03/20/2020,ASE,CO,ANM,WE,Combined TRACON& Tower with Radar,48,2,11,0,61,0,0,0,0,0,48,2,11,0,61,17,0,17,78
03/21/2020,ASE,CO,ANM,WE,Combined TRACON& Tower with Radar,15,12,3,0,30,0,0,0,0,0,15,12,3,0,30,11,0,11,41
03/22/2020,ASE,CO,ANM,WE,Combined TRACON& Tower with Radar,8,11,5,0,24,0,0,4,0,4,8,11,9,0,28,8,0,8,36
03/23/2020,ASE,CO,ANM,WE,Combined TRACON& Tower with Radar,8,1,1,0,10,0,0,0,0,0,8,1,1,0,10,9,0,9,19
03/24/2020,ASE,CO,ANM,WE,Combined TRACON& Tower with Radar,5,5,5,0,15,0,0,1,0,1,5,5,6,0,16,12,0,12,28
03/25/2020,ASE,CO,ANM,WE,Combined TRACON& Tower with Radar,8,2,7,0,17,0,0,3,0,3,8,2,10,0,20,1,0,1,21
03/26/2020,ASE,CO,ANM,WE,Combined TRACON& Tower with Radar,8,3,0,0,11,0,0,0,0,0,8,3,0,0,11,0,0,0,11
03/27/2020,ASE,CO,ANM,WE,Combined TRACON& Tower with Radar,4,2,2,0,8,0,0,1,0,1,4,2,3,0,9,0,0,0,9
03/28/2020,ASE,CO,ANM,WE,Combined TRACON& Tower with Radar,14,2,5,0,21,0,0,1,0,1,14,2,6,0,22,1,0,1,23
03/29/2020,ASE,CO,ANM,WE,Combined TRACON& Tower with Radar,7,5,3,0,15,0,0,0,0,0,7,5,3,0,15,4,0,4,19
03/30/2020,ASE,CO,ANM,WE,Combined TRACON& Tower with Radar,4,1,2,0,7,0,0,0,0,0,4,1,2,0,7,0,0,0,7
03/31/2020,ASE,CO,ANM,WE,Combined TRACON& Tower with Radar,5,0,2,0,7,0,0,4,0,4,5,0,6,0,11,20,0,20,31
04/01/2020,ASE,CO,ANM,WE,Combined TRACON& Tower with Radar,5,2,1,0,8,0,0,2,0,2,5,2,3,0,10,5,0,5,15
04/02/2020,ASE,CO,ANM,WE,Combined TRACON& Tower with Radar,3,0,0,0,3,0,0,0,0,0,3,0,0,0,3,0,0,0,3
04/03/2020,ASE,CO,ANM,WE,Combined TRACON& Tower with Radar,6,4,1,0,11,0,0,0,0,0,6,4,1,0,11,6,0,6,17
04/04/2020,ASE,CO,ANM,WE,Combined TRACON& Tower with Radar,4,4,0,0,8,0,0,2,0,2,4,4,2,0,10,39,0,39,49
04/05/2020,ASE,CO,ANM,WE,Combined TRACON& Tower with Radar,5,0,7,0,12,0,0,1,0,1,5,0,8,0,13,7,0,7,20
04/06/2020,ASE,CO,ANM,WE,Combined TRACON& Tower with Radar,4,2,2,0,8,0,0,0,2,2,4,2,2,2,10,6,0,6,16
04/07/2020,ASE,CO,ANM,WE,Combined TRACON& Tower with Radar,5,4,0,0,9,0,0,2,0,2,5,4,2,0,11,8,0,8,19
04/08/2020,ASE,CO,ANM,WE,Combined TRACON& Tower with Radar,6,2,2,0,10,2,0,6,0,8,8,2,8,0,18,4,0,4,22
04/09/2020,ASE,CO,ANM,WE,Combined TRACON& Tower with Radar,5,0,3,0,8,0,0,4,0,4,5,0,7,0,12,4,0,4,16
04/10/2020,ASE,CO,ANM,WE,Combined TRACON& Tower with Radar,4,1,4,0,9,0,0,2,0,2,4,1,6,0,11,1,0,1,12
04/11/2020,ASE,CO,ANM,WE,Combined TRACON& Tower with Radar,5,9,3,0,17,0,0,5,0,5,5,9,8,0,22,2,0,2,24
04/12/2020,ASE,CO,ANM,WE,Combined TRACON& Tower with Radar,2,0,0,0,2,0,0,0,0,0,2,0,0,0,2,0,0,0,2
04/13/2020,ASE,CO,ANM,WE,Combined TRACON& Tower with Radar,5,2,1,0,8,0,0,0,0,0,5,2,1,0,8,0,0,0,8
04/14/2020,ASE,CO,ANM,WE,Combined TRACON& Tower with Radar,3,4,4,0,11,0,0,0,0,0,3,4,4,0,11,0,0,0,11
04/15/2020,ASE,CO,ANM,WE,Combined TRACON& Tower with Radar,5,1,0,0,6,0,0,1,0,1,5,1,1,0,7,0,0,0,7
04/16/2020,ASE,CO,ANM,WE,Combined TRACON& Tower with Radar,0,0,1,0,1,0,0,0,0,0,0,0,1,0,1,0,0,0,1
04/17/2020,ASE,CO,ANM,WE,Combined TRACON& Tower with Radar,5,2,3,0,10,0,0,7,0,7,5,2,10,0,17,12,0,12,29
04/18/2020,ASE,CO,ANM,WE,Combined TRACON& Tower with Radar,3,2,0,0,5,0,0,2,0,2,3,2,2,0,7,2,0,2,9
04/19/2020,ASE,CO,ANM,WE,Combined TRACON& Tower with Radar,3,10,0,0,13,0,0,0,0,0,3,10,0,0,13,1,0,1,14
04/20/2020,ASE,CO,ANM,WE,Combined TRACON& Tower with Radar,2,4,4,0,10,0,0,0,0,0,2,4,4,0,10,3,0,3,13
04/21/2020,ASE,CO,ANM,WE,Combined TRACON& Tower with Radar,5,2,3,0,10,0,0,0,0,0,5,2,3,0,10,2,0,2,12
04/22/2020,ASE,CO,ANM,WE,Combined TRACON& Tower with Radar,3,2,5,0,10,0,0,9,1,10,3,2,14,1,20,8,0,8,28
04/23/2020,ASE,CO,ANM,WE,Combined TRACON& Tower with Radar,3,4,0,0,7,0,0,0,0,0,3,4,0,0,7,0,0,0,7
04/24/2020,ASE,CO,ANM,WE,Combined TRACON& Tower with Radar,3,2,4,0,9,0,0,1,0,1,3,2,5,0,10,0,0,0,10
04/25/2020,ASE,CO,ANM,WE,Combined TRACON& Tower with Radar,5,9,6,0,20,0,0,0,0,0,5,9,6,0,20,3,0,3,23
04/26/2020,ASE,CO,ANM,WE,Combined TRACON& Tower with Radar,4,9,5,0,18,0,0,1,0,1,4,9,6,0,19,8,0,8,27
04/27/2020,ASE,CO,ANM,WE,Combined TRACON& Tower with Radar,5,1,6,0,12,0,0,9,0,9,5,1,15,0,21,11,1,12,33
04/28/2020,ASE,CO,ANM,WE,Combined TRACON& Tower with Radar,3,0,9,0,12,0,0,4,0,4,3,0,13,0,16,10,0,10,26
04/29/2020,ASE,CO,ANM,WE,Combined TRACON& Tower with Radar,5,1,2,0,8,0,0,8,0,8,5,1,10,0,16,12,0,12,28
04/30/2020,ASE,CO,ANM,WE,Combined TRACON& Tower with Radar,5,5,3,0,13,0,0,1,0,1,5,5,4,0,14,33,0,33,47
05/01/2020,ASE,CO,ANM,WE,Combined TRACON& Tower with Radar,4,6,14,0,24,0,0,3,1,4,4,6,17,1,28,3,0,3,31
05/02/2020,ASE,CO,ANM,WE,Combined TRACON& Tower with Radar,3,10,4,0,17,0,0,1,0,1,3,10,5,0,18,1,0,1,19
05/03/2020,ASE,CO,ANM,WE,Combined TRACON& Tower with Radar,4,6,8,0,18,0,0,2,0,2,4,6,10,0,20,9,0,9,29
05/04/2020,ASE,CO,ANM,WE,Combined TRACON& Tower with Radar,4,5,8,0,17,0,0,0,0,0,4,5,8,0,17,1,0,1,18
05/05/2020,ASE,CO,ANM,WE,Combined TRACON& Tower with Radar,2,1,8,0,11,0,0,7,0,7,2,1,15,0,18,13,0,13,31
05/06/2020,ASE,CO,ANM,WE,Combined TRACON& Tower with Radar,4,9,9,0,22,0,0,6,0,6,4,9,15,0,28,3,4,7,35
05/07/2020,ASE,CO,ANM,WE,Combined TRACON& Tower with Radar,7,2,11,0,20,0,0,4,0,4,7,2,15,0,24,20,0,20,44
05/08/2020,ASE,CO,ANM,WE,Combined TRACON& Tower with Radar,8,14,14,0,36,0,0,2,1,3,8,14,16,1,39,7,0,7,46
05/09/2020,ASE,CO,ANM,WE,Combined TRACON& Tower with Radar,6,7,13,0,26,0,0,8,0,8,6,7,21,0,34,14,0,14,48
05/10/2020,ASE,CO,ANM,WE,Combined TRACON& Tower with Radar,8,13,9,0,30,0,0,4,0,4,8,13,13,0,34,11,0,11,45
05/11/2020,ASE,CO,ANM,WE,Combined TRACON& Tower with Radar,4,3,9,0,16,0,0,0,0,0,4,3,9,0,16,0,0,0,16
05/12/2020,ASE,CO,ANM,WE,Combined TRACON& Tower with Radar,6,11,6,0,23,0,0,5,0,5,6,11,11,0,28,5,0,5,33
05/13/2020,ASE,CO,ANM,WE,Combined TRACON& Tower with Radar,2,8,11,0,21,0,0,1,1,2,2,8,12,1,23,11,4,15,38
05/14/2020,ASE,CO,ANM,WE,Combined TRACON& Tower with Radar,8,12,9,0,29,0,0,1,0,1,8,12,10,0,30,16,0,16,46
05/15/2020,ASE,CO,ANM,WE,Combined TRACON& Tower with Radar,8,14,15,0,37,0,0,7,0,7,8,14,22,0,44,16,0,16,60
05/16/2020,ASE,CO,ANM,WE,Combined TRACON& Tower with Radar,8,15,17,0,40,0,0,8,0,8,8,15,25,0,48,14,0,14,62
05/17/2020,ASE,CO,ANM,WE,Combined TRACON& Tower with Radar,6,17,15,0,38,0,0,1,0,1,6,17,16,0,39,0,0,0,39
05/18/2020,ASE,CO,ANM,WE,Combined TRACON& Tower with Radar,8,14,10,0,32,0,0,1,0,1,8,14,11,0,33,3,0,3,36
05/19/2020,ASE,CO,ANM,WE,Combined TRACON& Tower with Radar,4,3,6,0,13,0,0,6,0,6,4,3,12,0,19,24,0,24,43
05/20/2020,ASE,CO,ANM,WE,Combined TRACON& Tower with Radar,2,12,2,0,16,0,0,0,0,0,2,12,2,0,16,7,0,7,23
05/21/2020,ASE,CO,ANM,WE,Combined TRACON& Tower with Radar,8,14,23,0,45,0,0,8,0,8,8,14,31,0,53,24,0,24,77
05/22/2020,ASE,CO,ANM,WE,Combined TRACON& Tower with Radar,8,15,33,2,58,0,1,9,0,10,8,16,42,2,68,18,0,18,86
05/23/2020,ASE,CO,ANM,WE,Combined TRACON& Tower with Radar,6,20,22,0,48,0,0,8,0,8,6,20,30,0,56,8,0,8,64
05/24/2020,ASE,CO,ANM,WE,Combined TRACON& Tower with Radar,8,6,9,0,23,0,0,2,0,2,8,6,11,0,25,1,0,1,26
05/25/2020,ASE,CO,ANM,WE,Combined TRACON& Tower with Radar,8,11,28,0,47,0,0,7,0,7,8,11,35,0,54,14,0,14,68
05/26/2020,ASE,CO,ANM,WE,Combined TRACON& Tower with Radar,4,7,15,0,26,0,0,8,0,8,4,7,23,0,34,13,0,13,47
05/27/2020,ASE,CO,ANM,WE,Combined TRACON& Tower with Radar,3,22,19,0,44,0,0,4,0,4,3,22,23,0,48,7,0,7,55
05/28/2020,ASE,CO,ANM,WE,Combined TRACON& Tower with Radar,8,26,18,0,52,0,0,1,0,1,8,26,19,0,53,14,0,14,67
05/29/2020,ASE,CO,ANM,WE,Combined TRACON& Tower with Radar,8,32,36,0,76,0,0,8,0,8,8,32,44,0,84,8,0,8,92
05/30/2020,ASE,CO,ANM,WE,Combined TRACON& Tower with Radar,6,36,30,0,72,0,0,3,0,3,6,36,33,0,75,7,0,7,82
05/31/2020,ASE,CO,ANM,WE,Combined TRACON& Tower with Radar,8,35,28,0,71,0,0,0,0,0,8,35,28,0,71,6,0,6,77
06/01/2020,ASE,CO,ANM,WE,Combined TRACON& Tower with Radar,8,32,20,0,60,0,0,7,0,7,8,32,27,0,67,4,0,4,71
06/02/2020,ASE,CO,ANM,WE,Combined TRACON& Tower with Radar,2,23,22,0,47,0,0,5,0,5,2,23,27,0,52,15,0,15,67
06/03/2020,ASE,CO,ANM,WE,Combined TRACON& Tower with Radar,4,32,19,0,55,0,0,11,1,12,4,32,30,1,67,18,0,18,85
06/04/2020,ASE,CO,ANM,WE,Combined TRACON& Tower with Radar,8,31,17,0,56,0,0,1,0,1,8,31,18,0,57,2,0,2,59
06/05/2020,ASE,CO,ANM,WE,Combined TRACON& Tower with Radar,8,21,40,0,69,0,0,3,0,3,8,21,43,0,72,4,0,4,76
06/06/2020,ASE,CO,ANM,WE,Combined TRACON& Tower with Radar,6,16,23,0,45,0,0,0,0,0,6,16,23,0,45,1,0,1,46
06/07/2020,ASE,CO,ANM,WE,Combined TRACON& Tower with Radar,8,24,31,0,63,0,0,2,0,2,8,24,33,0,65,17,0,17,82
06/08/2020,ASE,CO,ANM,WE,Combined TRACON& Tower with Radar,8,21,26,0,55,0,0,3,0,3,8,21,29,0,58,3,0,3,61
06/09/2020,ASE,CO,ANM,WE,Combined TRACON& Tower with Radar,8,14,25,0,47,0,0,0,0,0,8,14,25,0,47,0,0,0,47
06/10/2020,ASE,CO,ANM,WE,Combined TRACON& Tower with Radar,8,38,28,0,74,0,0,14,0,14,8,38,42,0,88,22,0,22,110
06/11/2020,ASE,CO,ANM,WE,Combined TRACON& Tower with Radar,4,23,23,1,51,0,0,9,0,9,4,23,32,1,60,17,2,19,79
06/12/2020,ASE,CO,ANM,WE,Combined TRACON& Tower with Radar,8,48,47,0,103,0,0,4,0,4,8,48,51,0,107,18,0,18,125
06/13/2020,ASE,CO,ANM,WE,Combined TRACON& Tower with Radar,6,37,45,0,88,0,0,8,0,8,6,37,53,0,96,9,0,9,105
06/14/2020,ASE,CO,ANM,WE,Combined TRACON& Tower with Radar,8,33,60,0,101,0,0,4,0,4,8,33,64,0,105,6,0,6,111
06/15/2020,ASE,CO,ANM,WE,Combined TRACON& Tower with Radar,8,41,52,0,101,0,0,9,0,9,8,41,61,0,110,11,0,11,121
06/16/2020,ASE,CO,ANM,WE,Combined TRACON& Tower with Radar,8,24,35,0,67,0,0,1,0,1,8,24,36,0,68,8,0,8,76
06/17/2020,ASE,CO,ANM,WE,Combined TRACON& Tower with Radar,8,28,38,0,74,0,0,6,0,6,8,28,44,0,80,9,2,11,91
06/18/2020,ASE,CO,ANM,WE,Combined TRACON& Tower with Radar,6,53,56,0,115,0,0,6,1,7,6,53,62,1,122,10,0,10,132
06/19/2020,ASE,CO,ANM,WE,Combined TRACON& Tower with Radar,8,38,61,0,107,0,0,2,0,2,8,38,63,0,109,10,0,10,119
06/20/2020,ASE,CO,ANM,WE,Combined TRACON& Tower with Radar,6,52,60,0,118,0,0,7,0,7,6,52,67,0,125,12,0,12,137
06/21/2020,ASE,CO,ANM,WE,Combined TRACON& Tower with Radar,7,63,67,0,137,0,0,7,0,7,7,63,74,0,144,13,0,13,157
06/22/2020,ASE,CO,ANM,WE,Combined TRACON& Tower with Radar,8,40,81,0,129,0,0,7,0,7,8,40,88,0,136,10,0,10,146
06/23/2020,ASE,CO,ANM,WE,Combined TRACON& Tower with Radar,8,35,57,1,101,0,0,6,1,7,8,35,63,2,108,17,0,17,125
06/24/2020,ASE,CO,ANM,WE,Combined TRACON& Tower with Radar,8,36,51,0,95,0,1,2,2,5,8,37,53,2,100,11,0,11,111
06/25/2020,ASE,CO,ANM,WE,Combined TRACON& Tower with Radar,6,30,48,0,84,0,0,8,2,10,6,30,56,2,94,5,0,5,99
06/26/2020,ASE,CO,ANM,WE,Combined TRACON& Tower with Radar,7,61,56,0,124,0,0,6,0,6,7,61,62,0,130,4,0,4,134
06/27/2020,ASE,CO,ANM,WE,Combined TRACON& Tower with Radar,6,53,56,0,115,0,0,8,0,8,6,53,64,0,123,10,0,10,133
06/28/2020,ASE,CO,ANM,WE,Combined TRACON& Tower with Radar,8,59,92,0,159,0,0,4,0,4,8,59,96,0,163,7,0,7,170
06/29/2020,ASE,CO,ANM,WE,Combined TRACON& Tower with Radar,8,49,66,0,123,0,0,3,0,3,8,49,69,0,126,8,0,8,134
06/30/2020,ASE,CO,ANM,WE,Combined TRACON& Tower with Radar,8,64,79,0,151,0,0,12,0,12,8,64,91,0,163,10,0,10,173
07/01/2020,ASE,CO,ANM,WE,Combined TRACON& Tower with Radar,9,57,106,0,172,0,0,17,3,20,9,57,123,3,192,15,2,17,209
07/02/2020,ASE,CO,ANM,WE,Combined TRACON& Tower with Radar,8,63,120,0,191,0,0,8,0,8,8,63,128,0,199,17,0,17,216
07/03/2020,ASE,CO,ANM,WE,Combined TRACON& Tower with Radar,10,53,66,0,129,0,0,13,0,13,10,53,79,0,142,11,0,11,153
07/04/2020,ASE,CO,ANM,WE,Combined TRACON& Tower with Radar,7,33,27,0,67,0,0,1,0,1,7,33,28,0,68,7,0,7,75
07/05/2020,ASE,CO,ANM,WE,Combined TRACON& Tower with Radar,10,65,93,0,168,0,1,5,0,6,10,66,98,0,174,14,0,14,188
07/06/2020,ASE,CO,ANM,WE,Combined TRACON& Tower with Radar,13,53,98,0,164,0,0,5,0,5,13,53,103,0,169,11,0,11,180
07/07/2020,ASE,CO,ANM,WE,Combined TRACON& Tower with Radar,14,35,72,0,121,0,0,7,0,7,14,35,79,0,128,19,0,19,147
07/08/2020,ASE,CO,ANM,WE,Combined TRACON& Tower with Radar,14,60,67,0,141,0,0,12,1,13,14,60,79,1,154,9,0,9,163
07/09/2020,ASE,CO,ANM,WE,Combined TRACON& Tower with Radar,14,51,67,0,132,0,0,9,0,9,14,51,76,0,141,6,1,7,148
07/10/2020,ASE,CO,ANM,WE,Combined TRACON& Tower with Radar,14,76,82,0,172,0,0,5,0,5,14,76,87,0,177,19,0,19,196
07/11/2020,ASE,CO,ANM,WE,Combined TRACON& Tower with Radar,16,45,83,0,144,0,0,5,0,5,16,45,88,0,149,11,0,11,160
07/12/2020,ASE,CO,ANM,WE,Combined TRACON& Tower with Radar,14,63,85,0,162,0,0,3,0,3,14,63,88,0,165,3,0,3,168
07/13/2020,ASE,CO,ANM,WE,Combined TRACON& Tower with Radar,14,67,67,0,148,0,0,3,0,3,14,67,70,0,151,1,0,1,152
07/14/2020,ASE,CO,ANM,WE,Combined TRACON& Tower with Radar,12,38,66,0,116,0,0,5,0,5,12,38,71,0,121,24,0,24,145
07/15/2020,ASE,CO,ANM,WE,Combined TRACON& Tower with Radar,14,50,57,0,121,0,0,12,1,13,14,50,69,1,134,17,0,17,151
07/16/2020,ASE,CO,ANM,WE,Combined TRACON& Tower with Radar,13,60,73,0,146,0,0,3,0,3,13,60,76,0,149,19,0,19,168
07/17/2020,ASE,CO,ANM,WE,Combined TRACON& Tower with Radar,14,57,80,0,151,0,0,7,0,7,14,57,87,0,158,11,0,11,169
07/18/2020,ASE,CO,ANM,WE,Combined TRACON& Tower with Radar,16,84,75,0,175,0,0,13,0,13,16,84,88,0,188,25,0,25,213
07/19/2020,ASE,CO,ANM,WE,Combined TRACON& Tower with Radar,14,89,74,0,177,0,0,11,0,11,14,89,85,0,188,13,0,13,201
07/20/2020,ASE,CO,ANM,WE,Combined TRACON& Tower with Radar,15,44,77,0,136,0,0,5,0,5,15,44,82,0,141,13,0,13,154
07/21/2020,ASE,CO,ANM,WE,Combined TRACON& Tower with Radar,12,53,57,0,122,0,0,7,0,7,12,53,64,0,129,7,0,7,136
07/22/2020,ASE,CO,ANM,WE,Combined TRACON& Tower with Radar,14,59,35,0,108,0,0,7,1,8,14,59,42,1,116,10,0,10,126
07/23/2020,ASE,CO,ANM,WE,Combined TRACON& Tower with Radar,14,52,80,0,146,0,0,14,2,16,14,52,94,2,162,13,0,13,175
07/24/2020,ASE,CO,ANM,WE,Combined TRACON& Tower with Radar,14,73,68,0,155,0,0,1,0,1,14,73,69,0,156,9,0,9,165
07/25/2020,ASE,CO,ANM,WE,Combined TRACON& Tower with Radar,16,83,75,0,174,0,0,4,0,4,16,83,79,0,178,10,0,10,188
07/26/2020,ASE,CO,ANM,WE,Combined TRACON& Tower with Radar,15,88,95,0,198,0,0,8,0,8,15,88,103,0,206,16,0,16,222
07/27/2020,ASE,CO,ANM,WE,Combined TRACON& Tower with Radar,14,62,68,0,144,0,0,7,0,7,14,62,75,0,151,11,0,11,162
07/28/2020,ASE,CO,ANM,WE,Combined TRACON& Tower with Radar,12,50,43,0,105,0,1,4,0,5,12,51,47,0,110,5,0,5,115
07/29/2020,ASE,CO,ANM,WE,Combined TRACON& Tower with Radar,17,31,69,0,117,0,0,13,0,13,17,31,82,0,130,18,0,18,148
07/30/2020,ASE,CO,ANM,WE,Combined TRACON& Tower with Radar,14,48,74,0,136,0,0,9,0,9,14,48,83,0,145,20,0,20,165
07/31/2020,ASE,CO,ANM,WE,Combined TRACON& Tower with Radar,14,80,133,0,227,0,0,10,0,10,14,80,143,0,237,27,0,27,264
08/01/2020,ASE,CO,ANM,WE,Combined TRACON& Tower with Radar,16,81,95,2,194,0,1,14,2,17,16,82,109,4,211,22,0,22,233
08/02/2020,ASE,CO,ANM,WE,Combined TRACON& Tower with Radar,14,74,105,2,195,0,0,8,0,8,14,74,113,2,203,14,0,14,217
08/03/2020,ASE,CO,ANM,WE,Combined TRACON& Tower with Radar,16,54,98,0,168,0,0,2,0,2,16,54,100,0,170,17,6,23,193
08/04/2020,ASE,CO,ANM,WE,Combined TRACON& Tower with Radar,16,44,66,0,126,0,0,14,0,14,16,44,80,0,140,14,0,14,154
08/05/2020,ASE,CO,ANM,WE,Combined TRACON& Tower with Radar,16,66,74,0,156,0,0,3,0,3,16,66,77,0,159,13,4,17,176
08/06/2020,ASE,CO,ANM,WE,Combined TRACON& Tower with Radar,14,57,71,0,142,0,0,3,0,3,14,57,74,0,145,13,2,15,160
08/07/2020,ASE,CO,ANM,WE,Combined TRACON& Tower with Radar,16,81,89,0,186,0,0,9,0,9,16,81,98,0,195,22,1,23,218
08/08/2020,ASE,CO,ANM,WE,Combined TRACON& Tower with Radar,18,59,102,1,180,0,0,13,1,14,18,59,115,2,194,24,0,24,218
08/09/2020,ASE,CO,ANM,WE,Combined TRACON& Tower with Radar,16,73,115,0,204,0,0,6,0,6,16,73,121,0,210,22,0,22,232
08/10/2020,ASE,CO,ANM,WE,Combined TRACON& Tower with Radar,16,46,74,4,140,0,1,13,0,14,16,47,87,4,154,19,0,19,173
08/11/2020,ASE,CO,ANM,WE,Combined TRACON& Tower with Radar,16,52,39,0,107,0,0,9,1,10,16,52,48,1,117,16,2,18,135
08/12/2020,ASE,CO,ANM,WE,Combined TRACON& Tower with Radar,16,55,67,0,138,0,0,10,0,10,16,55,77,0,148,13,1,14,162
08/13/2020,ASE,CO,ANM,WE,Combined TRACON& Tower with Radar,14,69,97,0,180,0,0,17,0,17,14,69,114,0,197,28,0,28,225
08/14/2020,ASE,CO,ANM,WE,Combined TRACON& Tower with Radar,16,52,68,2,138,0,0,10,0,10,16,52,78,2,148,34,0,34,182
08/15/2020,ASE,CO,ANM,WE,Combined TRACON& Tower with Radar,17,107,75,0,199,0,1,9,0,10,17,108,84,0,209,9,0,9,218
08/16/2020,ASE,CO,ANM,WE,Combined TRACON& Tower with Radar,16,104,123,0,243,0,0,12,0,12,16,104,135,0,255,19,0,19,274
08/17/2020,ASE,CO,ANM,WE,Combined TRACON& Tower with Radar,16,60,88,0,164,0,0,5,0,5,16,60,93,0,169,10,0,10,179
08/18/2020,ASE,CO,ANM,WE,Combined TRACON& Tower with Radar,14,41,62,0,117,0,0,6,0,6,14,41,68,0,123,11,0,11,134
08/19/2020,ASE,CO,ANM,WE,Combined TRACON& Tower with Radar,16,46,48,0,110,0,0,7,0,7,16,46,55,0,117,33,0,33,150
08/20/2020,ASE,CO,ANM,WE,Combined TRACON& Tower with Radar,16,57,68,0,141,0,0,9,0,9,16,57,77,0,150,20,0,20,170
08/21/2020,ASE,CO,ANM,WE,Combined TRACON& Tower with Radar,18,55,71,0,144,0,0,9,3,12,18,55,80,3,156,17,0,17,173
08/22/2020,ASE,CO,ANM,WE,Combined TRACON& Tower with Radar,18,73,85,0,176,0,0,5,0,5,18,73,90,0,181,15,0,15,196
08/23/2020,ASE,CO,ANM,WE,Combined TRACON& Tower with Radar,18,69,97,0,184,0,0,10,0,10,18,69,107,0,194,26,0,26,220
08/24/2020,ASE,CO,ANM,WE,Combined TRACON& Tower with Radar,16,50,56,0,122,0,0,9,0,9,16,50,65,0,131,20,0,20,151
08/25/2020,ASE,CO,ANM,WE,Combined TRACON& Tower with Radar,14,35,55,4,108,0,0,13,0,13,14,35,68,4,121,54,0,54,175
08/26/2020,ASE,CO,ANM,WE,Combined TRACON& Tower with Radar,16,38,57,2,113,0,0,8,0,8,16,38,65,2,121,14,0,14,135
08/27/2020,ASE,CO,ANM,WE,Combined TRACON& Tower with Radar,16,50,67,2,135,0,0,6,0,6,16,50,73,2,141,25,0,25,166
08/28/2020,ASE,CO,ANM,WE,Combined TRACON& Tower with Radar,18,49,69,2,138,0,0,11,0,11,18,49,80,2,149,16,0,16,165
08/29/2020,ASE,CO,ANM,WE,Combined TRACON& Tower with Radar,17,72,62,0,151,0,0,3,0,3,17,72,65,0,154,1,0,1,155
08/30/2020,ASE,CO,ANM,WE,Combined TRACON& Tower with Radar,18,63,68,0,149,0,0,7,0,7,18,63,75,0,156,11,0,11,167
08/31/2020,ASE,CO,ANM,WE,Combined TRACON& Tower with Radar,16,47,59,0,122,0,0,1,0,1,16,47,60,0,123,38,0,38,161
09/01/2020,ASE,CO,ANM,WE,Combined TRACON& Tower with Radar,13,46,64,0,123,0,0,7,0,7,13,46,71,0,130,30,0,30,160
09/02/2020,ASE,CO,ANM,WE,Combined TRACON& Tower with Radar,15,46,41,2,104,0,0,8,0,8,15,46,49,2,112,42,1,43,155
09/03/2020,ASE,CO,ANM,WE,Combined TRACON& Tower with Radar,19,65,77,0,161,0,0,7,2,9,19,65,84,2,170,21,1,22,192
09/04/2020,ASE,CO,ANM,WE,Combined TRACON& Tower with Radar,23,83,63,0,169,0,0,9,0,9,23,83,72,0,178,21,0,21,199
09/05/2020,ASE,CO,ANM,WE,Combined TRACON& Tower with Radar,14,42,55,0,111,0,0,11,0,11,14,42,66,0,122,25,0,25,147
09/06/2020,ASE,CO,ANM,WE,Combined TRACON& Tower with Radar,16,35,33,0,84,0,0,8,0,8,16,35,41,0,92,28,0,28,120
09/07/2020,ASE,CO,ANM,WE,Combined TRACON& Tower with Radar,27,71,134,0,232,0,0,5,0,5,27,71,139,0,237,11,0,11,248
09/08/2020,ASE,CO,ANM,WE,Combined TRACON& Tower with Radar,2,9,12,0,23,0,0,0,0,0,2,9,12,0,23,0,0,0,23
09/09/2020,ASE,CO,ANM,WE,Combined TRACON& Tower with Radar,15,50,82,0,147,0,0,2,0,2,15,50,84,0,149,35,0,35,184
09/10/2020,ASE,CO,ANM,WE,Combined TRACON& Tower with Radar,13,50,37,0,100,0,0,0,0,0,13,50,37,0,100,17,0,17,117
09/11/2020,ASE,CO,ANM,WE,Combined TRACON& Tower with Radar,15,51,68,0,134,0,0,5,0,5,15,51,73,0,139,13,0,13,152
09/12/2020,ASE,CO,ANM,WE,Combined TRACON& Tower with Radar,19,102,61,0,182,0,0,17,0,17,19,102,78,0,199,36,1,37,236
09/13/2020,ASE,CO,ANM,WE,Combined TRACON& Tower with Radar,20,79,84,0,183,0,0,14,1,15,20,79,98,1,198,40,2,42,240
09/14/2020,ASE,CO,ANM,WE,Combined TRACON& Tower with Radar,0,0,0,0,0,0,0,0,0,0,0,0,0,0,0,0,0,0,0
09/15/2020,ASE,CO,ANM,WE,Combined TRACON& Tower with Radar,0,0,0,0,0,0,0,1,0,1,0,0,1,0,1,4,12,16,17
09/16/2020,ASE,CO,ANM,WE,Combined TRACON& Tower with Radar,0,0,0,4,4,0,0,0,0,0,0,0,0,4,4,0,0,0,4
09/17/2020,ASE,CO,ANM,WE,Combined TRACON& Tower with Radar,0,0,0,6,6,0,0,0,0,0,0,0,0,6,6,0,0,0,6
09/18/2020,ASE,CO,ANM,WE,Combined TRACON& Tower with Radar,17,83,89,0,189,0,1,11,0,12,17,84,100,0,201,19,1,20,221
09/19/2020,ASE,CO,ANM,WE,Combined TRACON& Tower with Radar,17,72,64,0,153,0,0,12,0,12,17,72,76,0,165,39,0,39,204
09/20/2020,ASE,CO,ANM,WE,Combined TRACON& Tower with Radar,17,72,95,2,186,0,0,4,0,4,17,72,99,2,190,18,0,18,208
09/21/2020,ASE,CO,ANM,WE,Combined TRACON& Tower with Radar,12,55,57,0,124,0,0,7,0,7,12,55,64,0,131,11,0,11,142
09/22/2020,ASE,CO,ANM,WE,Combined TRACON& Tower with Radar,14,48,25,0,87,0,0,8,0,8,14,48,33,0,95,12,2,14,109
09/23/2020,ASE,CO,ANM,WE,Combined TRACON& Tower with Radar,15,57,57,0,129,0,0,11,0,11,15,57,68,0,140,25,0,25,165
09/24/2020,ASE,CO,ANM,WE,Combined TRACON& Tower with Radar,15,64,81,0,160,0,0,4,3,7,15,64,85,3,167,18,0,18,185
09/25/2020,ASE,CO,ANM,WE,Combined TRACON& Tower with Radar,15,66,69,0,150,0,0,10,0,10,15,66,79,0,160,34,0,34,194
09/26/2020,ASE,CO,ANM,WE,Combined TRACON& Tower with Radar,19,59,54,2,134,0,1,7,0,8,19,60,61,2,142,23,0,23,165
09/27/2020,ASE,CO,ANM,WE,Combined TRACON& Tower with Radar,17,48,80,0,145,0,0,11,0,11,17,48,91,0,156,19,0,19,175
09/28/2020,ASE,CO,ANM,WE,Combined TRACON& Tower with Radar,13,60,57,0,130,0,0,6,1,7,13,60,63,1,137,12,0,12,149
09/29/2020,ASE,CO,ANM,WE,Combined TRACON& Tower with Radar,9,51,61,0,121,0,0,6,1,7,9,51,67,1,128,27,0,27,155
09/30/2020,ASE,CO,ANM,WE,Combined TRACON& Tower with Radar,11,56,57,0,124,0,0,10,0,10,11,56,67,0,134,5,0,5,139
10/01/2020,ASE,CO,ANM,WE,Combined TRACON& Tower with Radar,13,62,58,0,133,0,1,12,4,17,13,63,70,4,150,15,4,19,169
10/02/2020,ASE,CO,ANM,WE,Combined TRACON& Tower with Radar,15,54,55,0,124,0,0,4,4,8,15,54,59,4,132,25,0,25,157
10/03/2020,ASE,CO,ANM,WE,Combined TRACON& Tower with Radar,16,53,66,0,135,0,0,8,7,15,16,53,74,7,150,41,1,42,192
10/04/2020,ASE,CO,ANM,WE,Combined TRACON& Tower with Radar,17,70,78,0,165,0,0,11,11,22,17,70,89,11,187,21,0,21,208
10/05/2020,ASE,CO,ANM,WE,Combined TRACON& Tower with Radar,13,56,43,0,112,0,0,9,4,13,13,56,52,4,125,26,1,27,152
10/06/2020,ASE,CO,ANM,WE,Combined TRACON& Tower with Radar,11,42,29,0,82,0,1,6,8,15,11,43,35,8,97,35,0,35,132
10/07/2020,ASE,CO,ANM,WE,Combined TRACON& Tower with Radar,15,48,37,0,100,0,0,10,9,19,15,48,47,9,119,73,0,73,192
10/08/2020,ASE,CO,ANM,WE,Combined TRACON& Tower with Radar,15,37,52,0,104,0,0,9,5,14,15,37,61,5,118,20,2,22,140
10/09/2020,ASE,CO,ANM,WE,Combined TRACON& Tower with Radar,15,49,64,0,128,0,0,10,6,16,15,49,74,6,144,57,4,61,205
10/10/2020,ASE,CO,ANM,WE,Combined TRACON& Tower with Radar,17,47,45,0,109,0,0,13,9,22,17,47,58,9,131,36,0,36,167
10/11/2020,ASE,CO,ANM,WE,Combined TRACON& Tower with Radar,15,32,47,0,94,0,0,2,0,2,15,32,49,0,96,10,0,10,106
10/12/2020,ASE,CO,ANM,WE,Combined TRACON& Tower with Radar,15,60,55,0,130,0,0,3,4,7,15,60,58,4,137,16,0,16,153
10/13/2020,ASE,CO,ANM,WE,Combined TRACON& Tower with Radar,13,41,32,0,86,0,0,10,7,17,13,41,42,7,103,12,0,12,115
10/14/2020,ASE,CO,ANM,WE,Combined TRACON& Tower with Radar,16,21,25,0,62,0,0,5,2,7,16,21,30,2,69,4,0,4,73
10/15/2020,ASE,CO,ANM,WE,Combined TRACON& Tower with Radar,17,44,56,0,117,0,1,6,2,9,17,45,62,2,126,24,0,24,150
10/16/2020,ASE,CO,ANM,WE,Combined TRACON& Tower with Radar,15,33,49,0,97,0,0,6,6,12,15,33,55,6,109,26,0,26,135
10/17/2020,ASE,CO,ANM,WE,Combined TRACON& Tower with Radar,21,31,36,0,88,0,0,8,1,9,21,31,44,1,97,11,0,11,108
10/18/2020,ASE,CO,ANM,WE,Combined TRACON& Tower with Radar,19,38,50,0,107,0,0,5,2,7,19,38,55,2,114,4,0,4,118
10/19/2020,ASE,CO,ANM,WE,Combined TRACON& Tower with Radar,15,36,31,0,82,0,0,4,2,6,15,36,35,2,88,27,0,27,115
10/20/2020,ASE,CO,ANM,WE,Combined TRACON& Tower with Radar,13,33,30,0,76,0,0,0,10,10,13,33,30,10,86,48,0,48,134
10/21/2020,ASE,CO,ANM,WE,Combined TRACON& Tower with Radar,15,18,28,0,61,0,0,2,5,7,15,18,30,5,68,23,0,23,91
10/22/2020,ASE,CO,ANM,WE,Combined TRACON& Tower with Radar,19,29,23,0,71,0,0,2,0,2,19,29,25,0,73,16,0,16,89
10/23/2020,ASE,CO,ANM,WE,Combined TRACON& Tower with Radar,14,18,28,3,63,0,0,9,2,11,14,18,37,5,74,43,0,43,117
10/24/2020,ASE,CO,ANM,WE,Combined TRACON& Tower with Radar,17,26,24,0,67,0,0,2,4,6,17,26,26,4,73,13,0,13,86
10/25/2020,ASE,CO,ANM,WE,Combined TRACON& Tower with Radar,10,9,24,0,43,0,0,0,0,0,10,9,24,0,43,0,0,0,43
10/26/2020,ASE,CO,ANM,WE,Combined TRACON& Tower with Radar,3,5,3,0,11,0,0,0,0,0,3,5,3,0,11,17,0,17,28
10/27/2020,ASE,CO,ANM,WE,Combined TRACON& Tower with Radar,13,19,28,0,60,0,0,3,5,8,13,19,31,5,68,45,0,45,113
10/28/2020,ASE,CO,ANM,WE,Combined TRACON& Tower with Radar,17,16,38,0,71,0,0,3,3,6,17,16,41,3,77,28,0,28,105
10/29/2020,ASE,CO,ANM,WE,Combined TRACON& Tower with Radar,15,25,21,0,61,0,0,8,4,12,15,25,29,4,73,15,0,15,88
10/30/2020,ASE,CO,ANM,WE,Combined TRACON& Tower with Radar,15,23,42,2,82,0,0,7,6,13,15,23,49,8,95,43,0,43,138
10/31/2020,ASE,CO,ANM,WE,Combined TRACON& Tower with Radar,15,22,25,0,62,0,0,9,6,15,15,22,34,6,77,17,0,17,94
11/01/2020,ASE,CO,ANM,WE,Combined TRACON& Tower with Radar,13,23,27,0,63,0,0,5,5,10,13,23,32,5,73,14,0,14,87
11/02/2020,ASE,CO,ANM,WE,Combined TRACON& Tower with Radar,14,15,18,0,47,0,0,7,13,20,14,15,25,13,67,37,0,37,104
11/03/2020,ASE,CO,ANM,WE,Combined TRACON& Tower with Radar,11,13,14,0,38,0,0,5,5,10,11,13,19,5,48,36,0,36,84
11/04/2020,ASE,CO,ANM,WE,Combined TRACON& Tower with Radar,33,9,9,0,51,0,0,3,8,11,33,9,12,8,62,40,0,40,102
11/05/2020,ASE,CO,ANM,WE,Combined TRACON& Tower with Radar,15,17,16,0,48,0,0,12,2,14,15,17,28,2,62,43,0,43,105
11/06/2020,ASE,CO,ANM,WE,Combined TRACON& Tower with Radar,15,22,29,0,66,0,0,2,6,8,15,22,31,6,74,9,0,9,83
11/07/2020,ASE,CO,ANM,WE,Combined TRACON& Tower with Radar,15,10,16,0,41,0,0,0,0,0,15,10,16,0,41,8,0,8,49
11/08/2020,ASE,CO,ANM,WE,Combined TRACON& Tower with Radar,15,12,24,0,51,0,0,2,2,4,15,12,26,2,55,9,0,9,64
11/09/2020,ASE,CO,ANM,WE,Combined TRACON& Tower with Radar,15,2,13,0,30,0,0,0,0,0,15,2,13,0,30,0,0,0,30
11/10/2020,ASE,CO,ANM,WE,Combined TRACON& Tower with Radar,11,7,22,0,40,0,0,0,2,2,11,7,22,2,42,22,0,22,64
11/11/2020,ASE,CO,ANM,WE,Combined TRACON& Tower with Radar,16,9,20,0,45,0,0,3,2,5,16,9,23,2,50,24,0,24,74
11/12/2020,ASE,CO,ANM,WE,Combined TRACON& Tower with Radar,15,16,24,0,55,0,0,1,0,1,15,16,25,0,56,22,0,22,78
11/13/2020,ASE,CO,ANM,WE,Combined TRACON& Tower with Radar,16,14,23,9,62,0,0,3,2,5,16,14,26,11,67,12,0,12,79
11/14/2020,ASE,CO,ANM,WE,Combined TRACON& Tower with Radar,10,0,4,0,14,0,0,0,0,0,10,0,4,0,14,0,0,0,14
11/15/2020,ASE,CO,ANM,WE,Combined TRACON& Tower with Radar,15,26,20,0,61,0,0,6,2,8,15,26,26,2,69,36,0,36,105
11/16/2020,ASE,CO,ANM,WE,Combined TRACON& Tower with Radar,16,17,21,0,54,0,0,4,6,10,16,17,25,6,64,6,0,6,70
11/17/2020,ASE,CO,ANM,WE,Combined TRACON& Tower with Radar,11,11,11,0,33,0,0,3,2,5,11,11,14,2,38,9,0,9,47
11/18/2020,ASE,CO,ANM,WE,Combined TRACON& Tower with Radar,15,12,24,2,53,0,0,3,4,7,15,12,27,6,60,6,0,6,66
11/19/2020,ASE,CO,ANM,WE,Combined TRACON& Tower with Radar,19,6,19,0,44,0,0,7,0,7,19,6,26,0,51,5,0,5,56
11/20/2020,ASE,CO,ANM,WE,Combined TRACON& Tower with Radar,17,26,31,0,74,0,0,6,0,6,17,26,37,0,80,6,0,6,86
11/21/2020,ASE,CO,ANM,WE,Combined TRACON& Tower with Radar,20,32,30,0,82,0,0,2,0,2,20,32,32,0,84,0,0,0,84
11/22/2020,ASE,CO,ANM,WE,Combined TRACON& Tower with Radar,17,36,39,0,92,0,0,10,0,10,17,36,49,0,102,6,0,6,108
11/23/2020,ASE,CO,ANM,WE,Combined TRACON& Tower with Radar,11,16,17,0,44,0,0,0,2,2,11,16,17,2,46,6,0,6,52
11/24/2020,ASE,CO,ANM,WE,Combined TRACON& Tower with Radar,15,12,35,0,62,0,0,4,0,4,15,12,39,0,66,20,0,20,86
11/25/2020,ASE,CO,ANM,WE,Combined TRACON& Tower with Radar,18,28,48,0,94,0,0,11,0,11,18,28,59,0,105,18,0,18,123
11/26/2020,ASE,CO,ANM,WE,Combined TRACON& Tower with Radar,6,10,3,0,19,0,0,0,1,1,6,10,3,1,20,8,0,8,28
11/27/2020,ASE,CO,ANM,WE,Combined TRACON& Tower with Radar,13,11,15,0,39,0,0,2,8,10,13,11,17,8,49,42,0,42,91
11/28/2020,ASE,CO,ANM,WE,Combined TRACON& Tower with Radar,22,28,43,0,93,0,0,11,5,16,22,28,54,5,109,39,0,39,148
11/29/2020,ASE,CO,ANM,WE,Combined TRACON& Tower with Radar,21,69,81,0,171,0,0,14,3,17,21,69,95,3,188,17,0,17,205
11/30/2020,ASE,CO,ANM,WE,Combined TRACON& Tower with Radar,18,26,27,0,71,0,0,7,6,13,18,26,34,6,84,16,0,16,100
12/01/2020,ASE,CO,ANM,WE,Combined TRACON& Tower with Radar,25,7,17,0,49,0,0,1,0,1,25,7,18,0,50,2,0,2,52
12/02/2020,ASE,CO,ANM,WE,Combined TRACON& Tower with Radar,25,25,29,0,79,0,0,3,2,5,25,25,32,2,84,52,0,52,136
12/03/2020,ASE,CO,ANM,WE,Combined TRACON& Tower with Radar,25,26,25,0,76,0,0,9,3,12,25,26,34,3,88,9,0,9,97
12/04/2020,ASE,CO,ANM,WE,Combined TRACON& Tower with Radar,29,21,25,0,75,0,0,6,12,18,29,21,31,12,93,25,0,25,118
12/05/2020,ASE,CO,ANM,WE,Combined TRACON& Tower with Radar,25,39,27,0,91,0,0,6,13,19,25,39,33,13,110,41,0,41,151
12/06/2020,ASE,CO,ANM,WE,Combined TRACON& Tower with Radar,31,33,39,0,103,0,0,8,12,20,31,33,47,12,123,26,0,26,149
12/07/2020,ASE,CO,ANM,WE,Combined TRACON& Tower with Radar,27,24,36,0,87,0,0,5,4,9,27,24,41,4,96,5,0,5,101
12/08/2020,ASE,CO,ANM,WE,Combined TRACON& Tower with Radar,20,19,29,0,68,0,0,9,6,15,20,19,38,6,83,57,0,57,140
12/09/2020,ASE,CO,ANM,WE,Combined TRACON& Tower with Radar,25,23,30,0,78,0,0,14,2,16,25,23,44,2,94,30,0,30,124
12/10/2020,ASE,CO,ANM,WE,Combined TRACON& Tower with Radar,28,29,35,0,92,0,0,5,2,7,28,29,40,2,99,12,0,12,111
12/11/2020,ASE,CO,ANM,WE,Combined TRACON& Tower with Radar,29,4,7,0,40,0,0,0,0,0,29,4,7,0,40,11,0,11,51
12/12/2020,ASE,CO,ANM,WE,Combined TRACON& Tower with Radar,3,5,9,0,17,0,0,0,0,0,3,5,9,0,17,14,0,14,31
12/13/2020,ASE,CO,ANM,WE,Combined TRACON& Tower with Radar,27,40,36,0,103,0,0,5,2,7,27,40,41,2,110,9,0,9,119
12/14/2020,ASE,CO,ANM,WE,Combined TRACON& Tower with Radar,24,17,8,0,49,0,0,0,2,2,24,17,8,2,51,7,0,7,58
12/15/2020,ASE,CO,ANM,WE,Combined TRACON& Tower with Radar,22,33,28,0,83,0,0,0,0,0,22,33,28,0,83,15,0,15,98
12/16/2020,ASE,CO,ANM,WE,Combined TRACON& Tower with Radar,26,39,25,0,90,0,0,1,0,1,26,39,26,0,91,1,0,1,92
12/17/2020,ASE,CO,ANM,WE,Combined TRACON& Tower with Radar,45,53,46,0,144,0,0,1,3,4,45,53,47,3,148,10,0,10,158
12/18/2020,ASE,CO,ANM,WE,Combined TRACON& Tower with Radar,50,24,52,0,126,0,0,0,0,0,50,24,52,0,126,0,0,0,126
12/19/2020,ASE,CO,ANM,WE,Combined TRACON& Tower with Radar,51,81,92,0,224,0,0,10,2,12,51,81,102,2,236,5,0,5,241
12/20/2020,ASE,CO,ANM,WE,Combined TRACON& Tower with Radar,51,82,69,0,202,0,0,3,2,5,51,82,72,2,207,5,0,5,212
12/21/2020,ASE,CO,ANM,WE,Combined TRACON& Tower with Radar,50,43,52,0,145,0,0,8,3,11,50,43,60,3,156,33,0,33,189
12/22/2020,ASE,CO,ANM,WE,Combined TRACON& Tower with Radar,44,46,55,0,145,0,0,2,0,2,44,46,57,0,147,6,0,6,153
12/23/2020,ASE,CO,ANM,WE,Combined TRACON& Tower with Radar,52,31,47,0,130,0,0,2,0,2,52,31,49,0,132,1,0,1,133
12/24/2020,ASE,CO,ANM,WE,Combined TRACON& Tower with Radar,36,31,49,0,116,0,0,4,1,5,36,31,53,1,121,10,0,10,131
12/25/2020,ASE,CO,ANM,WE,Combined TRACON& Tower with Radar,32,55,23,0,110,0,0,1,4,5,32,55,24,4,115,4,0,4,119
12/26/2020,ASE,CO,ANM,WE,Combined TRACON& Tower with Radar,51,77,111,0,239,0,1,11,2,14,51,78,122,2,253,15,0,15,268
12/27/2020,ASE,CO,ANM,WE,Combined TRACON& Tower with Radar,50,78,114,0,242,0,0,7,0,7,50,78,121,0,249,18,0,18,267
12/28/2020,ASE,CO,ANM,WE,Combined TRACON& Tower with Radar,49,37,29,0,115,0,0,0,0,0,49,37,29,0,115,0,0,0,115
12/29/2020,ASE,CO,ANM,WE,Combined TRACON& Tower with Radar,45,18,42,0,105,0,0,1,0,1,45,18,43,0,106,0,0,0,106
12/30/2020,ASE,CO,ANM,WE,Combined TRACON& Tower with Radar,50,78,100,0,228,0,0,14,3,17,50,78,114,3,245,24,0,24,269
12/31/2020,ASE,CO,ANM,WE,Combined TRACON& Tower with Radar,35,35,30,0,100,0,0,3,2,5,35,35,33,2,105,6,1,7,112
01/01/2021,ASE,CO,ANM,WE,Combined TRACON& Tower with Radar,43,59,51,0,153,0,0,3,1,4,43,59,54,1,157,9,0,9,166
01/02/2021,ASE,CO,ANM,WE,Combined TRACON& Tower with Radar,52,112,111,0,275,0,0,2,0,2,52,112,113,0,277,5,0,5,282
01/03/2021,ASE,CO,ANM,WE,Combined TRACON& Tower with Radar,52,121,113,0,286,0,0,2,0,2,52,121,115,0,288,0,0,0,288
01/04/2021,ASE,CO,ANM,WE,Combined TRACON& Tower with Radar,51,91,114,2,258,0,1,8,2,11,51,92,122,4,269,9,0,9,278
01/05/2021,ASE,CO,ANM,WE,Combined TRACON& Tower with Radar,45,13,27,0,85,0,0,0,0,0,45,13,27,0,85,0,0,0,85
01/06/2021,ASE,CO,ANM,WE,Combined TRACON& Tower with Radar,36,56,48,0,140,0,0,2,2,4,36,56,50,2,144,21,0,21,165
01/07/2021,ASE,CO,ANM,WE,Combined TRACON& Tower with Radar,32,42,35,0,109,0,0,5,5,10,32,42,40,5,119,40,0,40,159
01/08/2021,ASE,CO,ANM,WE,Combined TRACON& Tower with Radar,40,40,63,0,143,0,0,7,11,18,40,40,70,11,161,29,0,29,190
01/09/2021,ASE,CO,ANM,WE,Combined TRACON& Tower with Radar,42,62,38,0,142,0,0,1,4,5,42,62,39,4,147,6,0,6,153
01/10/2021,ASE,CO,ANM,WE,Combined TRACON& Tower with Radar,42,44,67,0,153,0,0,6,4,10,42,44,73,4,163,13,0,13,176
01/11/2021,ASE,CO,ANM,WE,Combined TRACON& Tower with Radar,35,46,39,0,120,0,0,5,2,7,35,46,44,2,127,10,0,10,137
01/12/2021,ASE,CO,ANM,WE,Combined TRACON& Tower with Radar,33,25,17,0,75,0,0,8,1,9,33,25,25,1,84,14,0,14,98
01/13/2021,ASE,CO,ANM,WE,Combined TRACON& Tower with Radar,35,51,27,0,113,0,0,3,0,3,35,51,30,0,116,2,0,2,118
01/14/2021,ASE,CO,ANM,WE,Combined TRACON& Tower with Radar,31,21,31,0,83,0,0,3,0,3,31,21,34,0,86,2,0,2,88
01/15/2021,ASE,CO,ANM,WE,Combined TRACON& Tower with Radar,40,38,63,0,141,0,0,1,2,3,40,38,64,2,144,9,0,9,153
01/16/2021,ASE,CO,ANM,WE,Combined TRACON& Tower with Radar,43,30,20,0,93,0,0,0,2,2,43,30,20,2,95,7,0,7,102
01/17/2021,ASE,CO,ANM,WE,Combined TRACON& Tower with Radar,45,47,52,0,144,0,0,0,2,2,45,47,52,2,146,41,0,41,187
01/18/2021,ASE,CO,ANM,WE,Combined TRACON& Tower with Radar,37,44,54,0,135,0,0,2,2,4,37,44,56,2,139,6,0,6,145
01/19/2021,ASE,CO,ANM,WE,Combined TRACON& Tower with Radar,31,27,36,0,94,0,0,4,6,10,31,27,40,6,104,21,0,21,125
01/20/2021,ASE,CO,ANM,WE,Combined TRACON& Tower with Radar,35,43,23,0,101,0,0,7,2,9,35,43,30,2,110,15,0,15,125
01/21/2021,ASE,CO,ANM,WE,Combined TRACON& Tower with Radar,32,25,31,0,88,0,0,3,2,5,32,25,34,2,93,0,0,0,93
01/22/2021,ASE,CO,ANM,WE,Combined TRACON& Tower with Radar,39,47,34,0,120,0,0,0,0,0,39,47,34,0,120,33,0,33,153
01/23/2021,ASE,CO,ANM,WE,Combined TRACON& Tower with Radar,47,17,21,0,85,0,0,1,2,3,47,17,22,2,88,10,0,10,98
01/24/2021,ASE,CO,ANM,WE,Combined TRACON& Tower with Radar,45,26,26,0,97,0,0,1,0,1,45,26,27,0,98,0,0,0,98
01/25/2021,ASE,CO,ANM,WE,Combined TRACON& Tower with Radar,37,14,33,0,84,0,0,1,2,3,37,14,34,2,87,6,0,6,93
01/26/2021,ASE,CO,ANM,WE,Combined TRACON& Tower with Radar,30,19,9,0,58,0,0,0,0,0,30,19,9,0,58,0,0,0,58
01/27/2021,ASE,CO,ANM,WE,Combined TRACON& Tower with Radar,35,46,31,2,114,0,1,8,4,13,35,47,39,6,127,28,0,28,155
01/28/2021,ASE,CO,ANM,WE,Combined TRACON& Tower with Radar,34,28,54,0,116,0,0,6,3,9,34,28,60,3,125,35,0,35,160
01/29/2021,ASE,CO,ANM,WE,Combined TRACON& Tower with Radar,40,33,38,0,111,0,0,3,5,8,40,33,41,5,119,15,0,15,134
01/30/2021,ASE,CO,ANM,WE,Combined TRACON& Tower with Radar,41,16,15,0,72,0,0,0,0,0,41,16,15,0,72,24,0,24,96
01/31/2021,ASE,CO,ANM,WE,Combined TRACON& Tower with Radar,40,58,63,0,161,0,0,12,3,15,40,58,75,3,176,22,0,22,198
02/01/2021,ASE,CO,ANM,WE,Combined TRACON& Tower with Radar,35,25,29,0,89,0,0,1,4,5,35,25,30,4,94,31,1,32,126
02/02/2021,ASE,CO,ANM,WE,Combined TRACON& Tower with Radar,30,20,35,0,85,0,0,7,10,17,30,20,42,10,102,36,0,36,138
02/03/2021,ASE,CO,ANM,WE,Combined TRACON& Tower with Radar,28,6,9,0,43,0,0,0,0,0,28,6,9,0,43,0,0,0,43
02/04/2021,ASE,CO,ANM,WE,Combined TRACON& Tower with Radar,31,37,44,0,112,0,0,2,0,2,31,37,46,0,114,17,0,17,131
02/05/2021,ASE,CO,ANM,WE,Combined TRACON& Tower with Radar,26,4,13,0,43,0,0,1,0,1,26,4,14,0,44,0,0,0,44
02/06/2021,ASE,CO,ANM,WE,Combined TRACON& Tower with Radar,45,51,56,0,152,0,0,3,1,4,45,51,59,1,156,10,0,10,166
02/07/2021,ASE,CO,ANM,WE,Combined TRACON& Tower with Radar,43,33,48,0,124,0,0,1,4,5,43,33,49,4,129,6,0,6,135
02/08/2021,ASE,CO,ANM,WE,Combined TRACON& Tower with Radar,38,23,44,0,105,0,0,3,0,3,38,23,47,0,108,4,0,4,112
02/09/2021,ASE,CO,ANM,WE,Combined TRACON& Tower with Radar,31,27,18,0,76,0,0,1,0,1,31,27,19,0,77,24,0,24,101
02/10/2021,ASE,CO,ANM,WE,Combined TRACON& Tower with Radar,41,15,22,0,78,0,0,0,0,0,41,15,22,0,78,0,0,0,78
02/11/2021,ASE,CO,ANM,WE,Combined TRACON& Tower with Radar,42,65,101,0,208,0,0,8,5,13,42,65,109,5,221,27,0,27,248
02/12/2021,ASE,CO,ANM,WE,Combined TRACON& Tower with Radar,43,35,37,0,115,0,0,0,0,0,43,35,37,0,115,31,0,31,146
02/13/2021,ASE,CO,ANM,WE,Combined TRACON& Tower with Radar,39,60,40,0,139,0,0,0,2,2,39,60,40,2,141,8,0,8,149
02/14/2021,ASE,CO,ANM,WE,Combined TRACON& Tower with Radar,36,40,38,0,114,0,0,1,2,3,36,40,39,2,117,10,0,10,127
02/15/2021,ASE,CO,ANM,WE,Combined TRACON& Tower with Radar,33,35,82,0,150,0,0,2,0,2,33,35,84,0,152,6,0,6,158
02/16/2021,ASE,CO,ANM,WE,Combined TRACON& Tower with Radar,27,19,35,0,81,0,0,0,0,0,27,19,35,0,81,16,0,16,97
02/17/2021,ASE,CO,ANM,WE,Combined TRACON& Tower with Radar,33,65,36,0,134,0,0,1,2,3,33,65,37,2,137,14,0,14,151
02/18/2021,ASE,CO,ANM,WE,Combined TRACON& Tower with Radar,36,53,82,0,171,0,0,3,6,9,36,53,85,6,180,27,0,27,207
02/19/2021,ASE,CO,ANM,WE,Combined TRACON& Tower with Radar,44,61,50,0,155,0,0,2,2,4,44,61,52,2,159,6,0,6,165
02/20/2021,ASE,CO,ANM,WE,Combined TRACON& Tower with Radar,38,54,63,0,155,0,0,1,0,1,38,54,64,0,156,9,0,9,165
02/21/2021,ASE,CO,ANM,WE,Combined TRACON& Tower with Radar,53,67,92,0,212,0,0,4,0,4,53,67,96,0,216,2,0,2,218
02/22/2021,ASE,CO,ANM,WE,Combined TRACON& Tower with Radar,42,56,51,0,149,0,0,5,6,11,42,56,56,6,160,18,0,18,178
02/23/2021,ASE,CO,ANM,WE,Combined TRACON& Tower with Radar,37,31,26,0,94,0,0,5,3,8,37,31,31,3,102,37,0,37,139
02/24/2021,ASE,CO,ANM,WE,Combined TRACON& Tower with Radar,41,31,53,0,125,0,0,2,5,7,41,31,55,5,132,13,0,13,145
02/25/2021,ASE,CO,ANM,WE,Combined TRACON& Tower with Radar,44,53,47,0,144,0,0,4,3,7,44,53,51,3,151,9,0,9,160
02/26/2021,ASE,CO,ANM,WE,Combined TRACON& Tower with Radar,48,34,58,0,140,0,0,3,3,6,48,34,61,3,146,7,0,7,153
02/27/2021,ASE,CO,ANM,WE,Combined TRACON& Tower with Radar,18,4,7,0,29,0,0,0,0,0,18,4,7,0,29,0,0,0,29
02/28/2021,ASE,CO,ANM,WE,Combined TRACON& Tower with Radar,38,71,73,0,182,0,0,8,3,11,38,71,81,3,193,12,0,12,205
03/01/2021,ASE,CO,ANM,WE,Combined TRACON& Tower with Radar,42,42,55,0,139,0,0,7,4,11,42,42,62,4,150,28,0,28,178
03/02/2021,ASE,CO,ANM,WE,Combined TRACON& Tower with Radar,40,44,39,0,123,0,0,8,6,14,40,44,47,6,137,31,0,31,168
03/03/2021,ASE,CO,ANM,WE,Combined TRACON& Tower with Radar,41,44,65,0,150,0,0,10,8,18,41,44,75,8,168,23,0,23,191
03/04/2021,ASE,CO,ANM,WE,Combined TRACON& Tower with Radar,32,19,21,0,72,0,0,0,0,0,32,19,21,0,72,9,0,9,81
03/05/2021,ASE,CO,ANM,WE,Combined TRACON& Tower with Radar,52,52,67,0,171,0,0,10,13,23,52,52,77,13,194,25,4,29,223
03/06/2021,ASE,CO,ANM,WE,Combined TRACON& Tower with Radar,49,78,79,0,206,0,0,13,4,17,49,78,92,4,223,35,0,35,258
03/07/2021,ASE,CO,ANM,WE,Combined TRACON& Tower with Radar,55,74,90,0,219,0,0,10,2,12,55,74,100,2,231,11,0,11,242
03/08/2021,ASE,CO,ANM,WE,Combined TRACON& Tower with Radar,48,44,50,0,142,0,0,2,5,7,48,44,52,5,149,17,0,17,166
03/09/2021,ASE,CO,ANM,WE,Combined TRACON& Tower with Radar,43,27,43,0,113,0,0,6,1,7,43,27,49,1,120,21,0,21,141
03/10/2021,ASE,CO,ANM,WE,Combined TRACON& Tower with Radar,50,33,33,0,116,0,0,0,0,0,50,33,33,0,116,0,0,0,116
03/11/2021,ASE,CO,ANM,WE,Combined TRACON& Tower with Radar,49,67,62,0,178,0,0,4,0,4,49,67,66,0,182,5,0,5,187
03/12/2021,ASE,CO,ANM,WE,Combined TRACON& Tower with Radar,46,76,130,0,252,0,0,8,1,9,46,76,138,1,261,29,0,29,290
03/13/2021,ASE,CO,ANM,WE,Combined TRACON& Tower with Radar,39,29,33,0,101,0,0,0,2,2,39,29,33,2,103,4,0,4,107
03/14/2021,ASE,CO,ANM,WE,Combined TRACON& Tower with Radar,12,4,15,0,31,0,0,0,0,0,12,4,15,0,31,0,0,0,31
03/15/2021,ASE,CO,ANM,WE,Combined TRACON& Tower with Radar,33,77,94,0,204,0,0,3,0,3,33,77,97,0,207,3,0,3,210
03/16/2021,ASE,CO,ANM,WE,Combined TRACON& Tower with Radar,40,37,33,0,110,0,0,0,0,0,40,37,33,0,110,38,0,38,148
03/17/2021,ASE,CO,ANM,WE,Combined TRACON& Tower with Radar,42,68,54,0,164,0,0,2,1,3,42,68,56,1,167,4,0,4,171
03/18/2021,ASE,CO,ANM,WE,Combined TRACON& Tower with Radar,47,70,72,0,189,0,0,6,8,14,47,70,78,8,203,33,0,33,236
03/19/2021,ASE,CO,ANM,WE,Combined TRACON& Tower with Radar,52,109,83,0,244,0,0,11,5,16,52,109,94,5,260,28,0,28,288
03/20/2021,ASE,CO,ANM,WE,Combined TRACON& Tower with Radar,43,78,103,0,224,0,1,9,0,10,43,79,112,0,234,17,0,17,251
03/21/2021,ASE,CO,ANM,WE,Combined TRACON& Tower with Radar,53,77,80,0,210,0,0,2,0,2,53,77,82,0,212,2,0,2,214
03/22/2021,ASE,CO,ANM,WE,Combined TRACON& Tower with Radar,48,32,49,0,129,0,0,1,2,3,48,32,50,2,132,39,0,39,171
03/23/2021,ASE,CO,ANM,WE,Combined TRACON& Tower with Radar,42,38,46,0,126,0,0,0,0,0,42,38,46,0,126,6,0,6,132
03/24/2021,ASE,CO,ANM,WE,Combined TRACON& Tower with Radar,45,59,52,0,156,0,0,0,6,6,45,59,52,6,162,16,0,16,178
03/25/2021,ASE,CO,ANM,WE,Combined TRACON& Tower with Radar,51,80,73,0,204,0,0,0,0,0,51,80,73,0,204,18,0,18,222
03/26/2021,ASE,CO,ANM,WE,Combined TRACON& Tower with Radar,56,58,66,0,180,0,0,0,0,0,56,58,66,0,180,0,0,0,180
03/27/2021,ASE,CO,ANM,WE,Combined TRACON& Tower with Radar,51,105,82,0,238,0,0,8,4,12,51,105,90,4,250,26,1,27,277
03/28/2021,ASE,CO,ANM,WE,Combined TRACON& Tower with Radar,40,98,78,0,216,0,2,9,4,15,40,100,87,4,231,16,0,16,247
03/29/2021,ASE,CO,ANM,WE,Combined TRACON& Tower with Radar,28,59,70,0,157,0,0,6,0,6,28,59,76,0,163,8,0,8,171
03/30/2021,ASE,CO,ANM,WE,Combined TRACON& Tower with Radar,28,35,36,0,99,0,0,0,2,2,28,35,36,2,101,0,0,0,101
03/31/2021,ASE,CO,ANM,WE,Combined TRACON& Tower with Radar,30,53,46,0,129,0,0,6,3,9,30,53,52,3,138,8,2,10,148
04/01/2021,ASE,CO,ANM,WE,Combined TRACON& Tower with Radar,30,50,70,0,150,0,0,8,2,10,30,50,78,2,160,26,0,26,186
04/02/2021,ASE,CO,ANM,WE,Combined TRACON& Tower with Radar,22,64,64,0,150,0,0,7,3,10,22,64,71,3,160,16,0,16,176
04/03/2021,ASE,CO,ANM,WE,Combined TRACON& Tower with Radar,39,106,70,1,216,0,0,19,4,23,39,106,89,5,239,14,0,14,253
04/04/2021,ASE,CO,ANM,WE,Combined TRACON& Tower with Radar,37,74,60,0,171,0,0,12,0,12,37,74,72,0,183,27,0,27,210
04/05/2021,ASE,CO,ANM,WE,Combined TRACON& Tower with Radar,23,54,64,0,141,0,0,5,3,8,23,54,69,3,149,8,0,8,157
04/06/2021,ASE,CO,ANM,WE,Combined TRACON& Tower with Radar,16,28,37,0,81,0,0,3,4,7,16,28,40,4,88,5,1,6,94
04/07/2021,ASE,CO,ANM,WE,Combined TRACON& Tower with Radar,13,31,23,0,67,0,0,7,6,13,13,31,30,6,80,11,2,13,93
04/08/2021,ASE,CO,ANM,WE,Combined TRACON& Tower with Radar,13,29,26,0,68,0,0,5,0,5,13,29,31,0,73,6,0,6,79
04/09/2021,ASE,CO,ANM,WE,Combined TRACON& Tower with Radar,14,22,34,0,70,0,0,3,2,5,14,22,37,2,75,24,0,24,99
04/10/2021,ASE,CO,ANM,WE,Combined TRACON& Tower with Radar,19,27,29,0,75,0,0,11,4,15,19,27,40,4,90,44,0,44,134
04/11/2021,ASE,CO,ANM,WE,Combined TRACON& Tower with Radar,16,42,32,0,90,0,1,2,3,6,16,43,34,3,96,4,0,4,100
04/12/2021,ASE,CO,ANM,WE,Combined TRACON& Tower with Radar,14,31,37,0,82,0,0,7,4,11,14,31,44,4,93,18,0,18,111
04/13/2021,ASE,CO,ANM,WE,Combined TRACON& Tower with Radar,14,21,22,0,57,0,0,2,0,2,14,21,24,0,59,6,0,6,65
04/14/2021,ASE,CO,ANM,WE,Combined TRACON& Tower with Radar,11,22,26,0,59,0,0,2,4,6,11,22,28,4,65,11,0,11,76
04/15/2021,ASE,CO,ANM,WE,Combined TRACON& Tower with Radar,11,28,22,0,61,0,0,1,0,1,11,28,23,0,62,3,0,3,65
04/16/2021,ASE,CO,ANM,WE,Combined TRACON& Tower with Radar,11,12,24,0,47,0,0,0,0,0,11,12,24,0,47,3,0,3,50
04/17/2021,ASE,CO,ANM,WE,Combined TRACON& Tower with Radar,12,15,12,0,39,0,0,1,2,3,12,15,13,2,42,5,0,5,47
04/18/2021,ASE,CO,ANM,WE,Combined TRACON& Tower with Radar,12,38,38,0,88,0,0,5,2,7,12,38,43,2,95,10,0,10,105
04/19/2021,ASE,CO,ANM,WE,Combined TRACON& Tower with Radar,10,16,25,0,51,0,0,3,2,5,10,16,28,2,56,4,0,4,60
04/20/2021,ASE,CO,ANM,WE,Combined TRACON& Tower with Radar,13,16,18,0,47,0,0,1,4,5,13,16,19,4,52,38,0,38,90
04/21/2021,ASE,CO,ANM,WE,Combined TRACON& Tower with Radar,13,14,18,0,45,0,0,1,0,1,13,14,19,0,46,6,0,6,52
04/22/2021,ASE,CO,ANM,WE,Combined TRACON& Tower with Radar,16,13,20,0,49,0,0,0,0,0,16,13,20,0,49,0,0,0,49
04/23/2021,ASE,CO,ANM,WE,Combined TRACON& Tower with Radar,12,16,21,0,49,0,0,2,0,2,12,16,23,0,51,11,0,11,62
04/24/2021,ASE,CO,ANM,WE,Combined TRACON& Tower with Radar,11,12,18,0,41,0,0,4,0,4,11,12,22,0,45,4,0,4,49
04/25/2021,ASE,CO,ANM,WE,Combined TRACON& Tower with Radar,11,8,15,0,34,0,0,5,3,8,11,8,20,3,42,9,0,9,51
04/26/2021,ASE,CO,ANM,WE,Combined TRACON& Tower with Radar,12,6,19,0,37,0,0,3,0,3,12,6,22,0,40,3,0,3,43
04/27/2021,ASE,CO,ANM,WE,Combined TRACON& Tower with Radar,13,6,20,0,39,0,0,0,1,1,13,6,20,1,40,0,0,0,40
04/28/2021,ASE,CO,ANM,WE,Combined TRACON& Tower with Radar,11,16,29,0,56,0,0,4,1,5,11,16,33,1,61,10,0,10,71
04/29/2021,ASE,CO,ANM,WE,Combined TRACON& Tower with Radar,11,18,27,0,56,0,0,4,5,9,11,18,31,5,65,12,0,12,77
04/30/2021,ASE,CO,ANM,WE,Combined TRACON& Tower with Radar,12,14,17,0,43,0,0,7,5,12,12,14,24,5,55,25,4,29,84
05/01/2021,ASE,CO,ANM,WE,Combined TRACON& Tower with Radar,11,22,12,0,45,0,0,6,0,6,11,22,18,0,51,35,0,35,86
05/02/2021,ASE,CO,ANM,WE,Combined TRACON& Tower with Radar,11,19,15,0,45,0,0,5,0,5,11,19,20,0,50,23,0,23,73
05/03/2021,ASE,CO,ANM,WE,Combined TRACON& Tower with Radar,11,9,10,0,30,0,0,0,0,0,11,9,10,0,30,0,0,0,30
05/04/2021,ASE,CO,ANM,WE,Combined TRACON& Tower with Radar,11,19,18,0,48,0,0,4,2,6,11,19,22,2,54,13,0,13,67
05/05/2021,ASE,CO,ANM,WE,Combined TRACON& Tower with Radar,11,15,23,0,49,0,0,9,6,15,11,15,32,6,64,19,0,19,83
05/06/2021,ASE,CO,ANM,WE,Combined TRACON& Tower with Radar,9,25,26,0,60,0,0,15,8,23,9,25,41,8,83,40,0,40,123
05/07/2021,ASE,CO,ANM,WE,Combined TRACON& Tower with Radar,9,11,22,0,42,0,0,17,4,21,9,11,39,4,63,15,0,15,78
05/08/2021,ASE,CO,ANM,WE,Combined TRACON& Tower with Radar,9,14,6,0,29,0,0,4,2,6,9,14,10,2,35,4,2,6,41
05/09/2021,ASE,CO,ANM,WE,Combined TRACON& Tower with Radar,11,20,22,0,53,0,0,1,0,1,11,20,23,0,54,3,0,3,57
05/10/2021,ASE,CO,ANM,WE,Combined TRACON& Tower with Radar,10,7,7,0,24,0,0,0,0,0,10,7,7,0,24,0,0,0,24
05/11/2021,ASE,CO,ANM,WE,Combined TRACON& Tower with Radar,11,6,11,0,28,0,0,1,1,2,11,6,12,1,30,8,0,8,38
05/12/2021,ASE,CO,ANM,WE,Combined TRACON& Tower with Radar,9,23,25,0,57,0,0,6,7,13,9,23,31,7,70,47,0,47,117
05/13/2021,ASE,CO,ANM,WE,Combined TRACON& Tower with Radar,9,12,17,0,38,0,0,2,3,5,9,12,19,3,43,2,16,18,61
05/14/2021,ASE,CO,ANM,WE,Combined TRACON& Tower with Radar,9,12,29,0,50,0,0,7,14,21,9,12,36,14,71,47,8,55,126
05/15/2021,ASE,CO,ANM,WE,Combined TRACON& Tower with Radar,9,26,22,0,57,0,0,4,3,7,9,26,26,3,64,12,0,12,76
05/16/2021,ASE,CO,ANM,WE,Combined TRACON& Tower with Radar,7,16,28,0,51,0,0,4,0,4,7,16,32,0,55,9,0,9,64
05/17/2021,ASE,CO,ANM,WE,Combined TRACON& Tower with Radar,11,21,18,0,50,0,0,13,4,17,11,21,31,4,67,0,0,0,67
05/18/2021,ASE,CO,ANM,WE,Combined TRACON& Tower with Radar,0,0,0,0,0,0,0,0,0,0,0,0,0,0,0,0,0,0,0
05/19/2021,ASE,CO,ANM,WE,Combined TRACON& Tower with Radar,0,0,0,0,0,0,0,0,1,1,0,0,0,1,1,4,1,5,6
05/20/2021,ASE,CO,ANM,WE,Combined TRACON& Tower with Radar,0,0,0,0,0,0,0,0,0,0,0,0,0,0,0,0,0,0,0
05/21/2021,ASE,CO,ANM,WE,Combined TRACON& Tower with Radar,0,0,0,0,0,0,0,0,0,0,0,0,0,0,0,0,0,0,0
05/22/2021,ASE,CO,ANM,WE,Combined TRACON& Tower with Radar,0,0,0,0,0,0,0,0,0,0,0,0,0,0,0,2,0,2,2
05/23/2021,ASE,CO,ANM,WE,Combined TRACON& Tower with Radar,0,0,0,0,0,0,0,0,0,0,0,0,0,0,0,0,0,0,0
05/24/2021,ASE,CO,ANM,WE,Combined TRACON& Tower with Radar,11,24,20,0,55,0,0,12,4,16,11,24,32,4,71,16,0,16,87
05/25/2021,ASE,CO,ANM,WE,Combined TRACON& Tower with Radar,9,27,27,2,65,0,0,6,4,10,9,27,33,6,75,61,0,61,136
05/26/2021,ASE,CO,ANM,WE,Combined TRACON& Tower with Radar,11,31,26,0,68,0,0,10,6,16,11,31,36,6,84,12,0,12,96
05/27/2021,ASE,CO,ANM,WE,Combined TRACON& Tower with Radar,15,32,39,0,86,0,0,8,2,10,15,32,47,2,96,15,0,15,111
05/28/2021,ASE,CO,ANM,WE,Combined TRACON& Tower with Radar,15,27,48,0,90,0,0,5,0,5,15,27,53,0,95,17,0,17,112
05/29/2021,ASE,CO,ANM,WE,Combined TRACON& Tower with Radar,18,36,41,0,95,0,0,7,0,7,18,36,48,0,102,23,0,23,125
05/30/2021,ASE,CO,ANM,WE,Combined TRACON& Tower with Radar,13,20,29,0,62,0,1,2,0,3,13,21,31,0,65,4,0,4,69
05/31/2021,ASE,CO,ANM,WE,Combined TRACON& Tower with Radar,15,29,41,0,85,0,0,0,5,5,15,29,41,5,90,15,0,15,105
06/01/2021,ASE,CO,ANM,WE,Combined TRACON& Tower with Radar,9,32,38,0,79,0,0,10,2,12,9,32,48,2,91,52,0,52,143
06/02/2021,ASE,CO,ANM,WE,Combined TRACON& Tower with Radar,10,39,25,1,75,0,2,7,0,9,10,41,32,1,84,10,0,10,94
06/03/2021,ASE,CO,ANM,WE,Combined TRACON& Tower with Radar,34,30,29,0,93,0,0,3,2,5,34,30,32,2,98,6,0,6,104
06/04/2021,ASE,CO,ANM,WE,Combined TRACON& Tower with Radar,26,16,33,0,75,0,0,3,2,5,26,16,36,2,80,19,0,19,99
06/05/2021,ASE,CO,ANM,WE,Combined TRACON& Tower with Radar,42,31,41,0,114,0,0,1,0,1,42,31,42,0,115,13,0,13,128
06/06/2021,ASE,CO,ANM,WE,Combined TRACON& Tower with Radar,37,52,56,0,145,0,1,8,2,11,37,53,64,2,156,17,0,17,173
06/07/2021,ASE,CO,ANM,WE,Combined TRACON& Tower with Radar,36,33,27,0,96,0,0,6,2,8,36,33,33,2,104,17,0,17,121
06/08/2021,ASE,CO,ANM,WE,Combined TRACON& Tower with Radar,39,47,44,0,130,0,0,9,0,9,39,47,53,0,139,15,0,15,154
06/09/2021,ASE,CO,ANM,WE,Combined TRACON& Tower with Radar,40,32,18,0,90,0,0,5,8,13,40,32,23,8,103,24,3,27,130
06/10/2021,ASE,CO,ANM,WE,Combined TRACON& Tower with Radar,37,26,51,0,114,0,0,5,0,5,37,26,56,0,119,11,0,11,130
06/11/2021,ASE,CO,ANM,WE,Combined TRACON& Tower with Radar,41,42,49,0,132,0,0,10,0,10,41,42,59,0,142,30,0,30,172
06/12/2021,ASE,CO,ANM,WE,Combined TRACON& Tower with Radar,41,54,63,0,158,0,0,6,1,7,41,54,69,1,165,35,0,35,200
06/13/2021,ASE,CO,ANM,WE,Combined TRACON& Tower with Radar,40,51,76,0,167,0,0,6,2,8,40,51,82,2,175,34,0,34,209
06/14/2021,ASE,CO,ANM,WE,Combined TRACON& Tower with Radar,34,33,46,0,113,0,0,11,4,15,34,33,57,4,128,36,0,36,164
06/15/2021,ASE,CO,ANM,WE,Combined TRACON& Tower with Radar,41,50,48,0,139,0,0,4,9,13,41,50,52,9,152,33,0,33,185
06/16/2021,ASE,CO,ANM,WE,Combined TRACON& Tower with Radar,43,45,59,0,147,0,0,10,4,14,43,45,69,4,161,37,0,37,198
06/17/2021,ASE,CO,ANM,WE,Combined TRACON& Tower with Radar,40,54,49,0,143,0,0,9,2,11,40,54,58,2,154,11,0,11,165
06/18/2021,ASE,CO,ANM,WE,Combined TRACON& Tower with Radar,39,58,68,0,165,0,0,13,4,17,39,58,81,4,182,16,0,16,198
06/19/2021,ASE,CO,ANM,WE,Combined TRACON& Tower with Radar,40,50,53,0,143,0,0,2,3,5,40,50,55,3,148,21,2,23,171
06/20/2021,ASE,CO,ANM,WE,Combined TRACON& Tower with Radar,38,49,66,0,153,0,0,8,6,14,38,49,74,6,167,23,0,23,190
06/21/2021,ASE,CO,ANM,WE,Combined TRACON& Tower with Radar,39,33,62,0,134,0,0,9,9,18,39,33,71,9,152,19,0,19,171
06/22/2021,ASE,CO,ANM,WE,Combined TRACON& Tower with Radar,41,29,54,0,124,0,0,8,1,9,41,29,62,1,133,25,0,25,158
06/23/2021,ASE,CO,ANM,WE,Combined TRACON& Tower with Radar,39,68,68,0,175,0,0,6,4,10,39,68,74,4,185,20,0,20,205
06/24/2021,ASE,CO,ANM,WE,Combined TRACON& Tower with Radar,34,53,74,0,161,0,0,7,0,7,34,53,81,0,168,15,0,15,183
06/25/2021,ASE,CO,ANM,WE,Combined TRACON& Tower with Radar,38,55,73,0,166,0,0,4,2,6,38,55,77,2,172,14,0,14,186
06/26/2021,ASE,CO,ANM,WE,Combined TRACON& Tower with Radar,39,51,70,0,160,0,0,4,0,4,39,51,74,0,164,10,0,10,174
06/27/2021,ASE,CO,ANM,WE,Combined TRACON& Tower with Radar,37,70,86,0,193,0,0,5,2,7,37,70,91,2,200,20,1,21,221
06/28/2021,ASE,CO,ANM,WE,Combined TRACON& Tower with Radar,37,54,71,0,162,0,0,4,3,7,37,54,75,3,169,24,0,24,193
06/29/2021,ASE,CO,ANM,WE,Combined TRACON& Tower with Radar,40,47,43,0,130,0,0,4,1,5,40,47,47,1,135,18,0,18,153
06/30/2021,ASE,CO,ANM,WE,Combined TRACON& Tower with Radar,38,80,85,0,203,0,0,4,1,5,38,80,89,1,208,10,0,10,218
07/01/2021,ASE,CO,ANM,WE,Combined TRACON& Tower with Radar,27,104,96,0,227,0,0,6,0,6,27,104,102,0,233,15,0,15,248
07/02/2021,ASE,CO,ANM,WE,Combined TRACON& Tower with Radar,38,88,69,0,195,0,1,9,0,10,38,89,78,0,205,13,0,13,218
07/03/2021,ASE,CO,ANM,WE,Combined TRACON& Tower with Radar,31,75,47,0,153,0,0,6,0,6,31,75,53,0,159,20,0,20,179
07/04/2021,ASE,CO,ANM,WE,Combined TRACON& Tower with Radar,37,35,46,0,118,0,0,3,1,4,37,35,49,1,122,23,0,23,145
07/05/2021,ASE,CO,ANM,WE,Combined TRACON& Tower with Radar,38,97,86,0,221,0,0,7,0,7,38,97,93,0,228,9,0,9,237
07/06/2021,ASE,CO,ANM,WE,Combined TRACON& Tower with Radar,37,86,83,0,206,0,0,6,0,6,37,86,89,0,212,27,6,33,245
07/07/2021,ASE,CO,ANM,WE,Combined TRACON& Tower with Radar,39,71,51,0,161,0,0,17,8,25,39,71,68,8,186,40,1,41,227
07/08/2021,ASE,CO,ANM,WE,Combined TRACON& Tower with Radar,40,66,92,0,198,0,0,7,3,10,40,66,99,3,208,16,0,16,224
07/09/2021,ASE,CO,ANM,WE,Combined TRACON& Tower with Radar,41,75,79,0,195,0,0,12,2,14,41,75,91,2,209,46,0,46,255
07/10/2021,ASE,CO,ANM,WE,Combined TRACON& Tower with Radar,48,85,77,0,210,0,0,10,1,11,48,85,87,1,221,17,0,17,238
07/11/2021,ASE,CO,ANM,WE,Combined TRACON& Tower with Radar,40,94,94,0,228,0,0,14,1,15,40,94,108,1,243,21,0,21,264
07/12/2021,ASE,CO,ANM,WE,Combined TRACON& Tower with Radar,39,62,89,0,190,0,0,8,5,13,39,62,97,5,203,16,0,16,219
07/13/2021,ASE,CO,ANM,WE,Combined TRACON& Tower with Radar,37,46,62,0,145,0,0,3,5,8,37,46,65,5,153,16,0,16,169
07/14/2021,ASE,CO,ANM,WE,Combined TRACON& Tower with Radar,39,68,69,1,177,0,1,4,1,6,39,69,73,2,183,11,0,11,194
07/15/2021,ASE,CO,ANM,WE,Combined TRACON& Tower with Radar,42,91,75,0,208,0,0,5,9,14,42,91,80,9,222,29,0,29,251
07/16/2021,ASE,CO,ANM,WE,Combined TRACON& Tower with Radar,40,85,70,0,195,0,0,2,1,3,40,85,72,1,198,13,0,13,211
07/17/2021,ASE,CO,ANM,WE,Combined TRACON& Tower with Radar,45,80,67,0,192,0,0,11,3,14,45,80,78,3,206,32,0,32,238
07/18/2021,ASE,CO,ANM,WE,Combined TRACON& Tower with Radar,38,115,117,0,270,0,0,11,4,15,38,115,128,4,285,25,0,25,310
07/19/2021,ASE,CO,ANM,WE,Combined TRACON& Tower with Radar,39,55,95,0,189,0,0,10,6,16,39,55,105,6,205,35,0,35,240
07/20/2021,ASE,CO,ANM,WE,Combined TRACON& Tower with Radar,40,53,98,0,191,0,0,4,3,7,40,53,102,3,198,16,0,16,214
07/21/2021,ASE,CO,ANM,WE,Combined TRACON& Tower with Radar,38,72,88,0,198,0,0,11,5,16,38,72,99,5,214,38,0,38,252
07/22/2021,ASE,CO,ANM,WE,Combined TRACON& Tower with Radar,36,75,92,0,203,0,0,9,2,11,36,75,101,2,214,13,0,13,227
07/23/2021,ASE,CO,ANM,WE,Combined TRACON& Tower with Radar,38,80,88,0,206,0,0,7,0,7,38,80,95,0,213,27,0,27,240
07/24/2021,ASE,CO,ANM,WE,Combined TRACON& Tower with Radar,43,81,57,0,181,0,0,4,1,5,43,81,61,1,186,14,0,14,200
07/25/2021,ASE,CO,ANM,WE,Combined TRACON& Tower with Radar,36,86,113,0,235,0,0,3,1,4,36,86,116,1,239,15,0,15,254
07/26/2021,ASE,CO,ANM,WE,Combined TRACON& Tower with Radar,40,83,65,0,188,0,0,9,4,13,40,83,74,4,201,15,0,15,216
07/27/2021,ASE,CO,ANM,WE,Combined TRACON& Tower with Radar,40,53,64,0,157,0,0,15,5,20,40,53,79,5,177,23,0,23,200
07/28/2021,ASE,CO,ANM,WE,Combined TRACON& Tower with Radar,40,77,83,0,200,0,0,7,0,7,40,77,90,0,207,16,0,16,223
07/29/2021,ASE,CO,ANM,WE,Combined TRACON& Tower with Radar,41,73,71,0,185,0,0,15,0,15,41,73,86,0,200,21,4,25,225
07/30/2021,ASE,CO,ANM,WE,Combined TRACON& Tower with Radar,38,75,74,0,187,0,0,15,0,15,38,75,89,0,202,16,0,16,218
07/31/2021,ASE,CO,ANM,WE,Combined TRACON& Tower with Radar,41,93,98,0,232,0,0,4,4,8,41,93,102,4,240,7,0,7,247
08/01/2021,ASE,CO,ANM,WE,Combined TRACON& Tower with Radar,31,113,108,0,252,0,0,3,1,4,31,113,111,1,256,10,0,10,266
08/02/2021,ASE,CO,ANM,WE,Combined TRACON& Tower with Radar,30,81,69,0,180,0,0,1,0,1,30,81,70,0,181,14,0,14,195
08/03/2021,ASE,CO,ANM,WE,Combined TRACON& Tower with Radar,39,65,57,0,161,0,0,1,4,5,39,65,58,4,166,34,0,34,200
08/04/2021,ASE,CO,ANM,WE,Combined TRACON& Tower with Radar,41,69,86,0,196,0,0,10,5,15,41,69,96,5,211,48,5,53,264
08/05/2021,ASE,CO,ANM,WE,Combined TRACON& Tower with Radar,41,90,87,0,218,0,1,14,4,19,41,91,101,4,237,37,6,43,280
08/06/2021,ASE,CO,ANM,WE,Combined TRACON& Tower with Radar,39,85,90,0,214,0,0,10,4,14,39,85,100,4,228,22,2,24,252
08/07/2021,ASE,CO,ANM,WE,Combined TRACON& Tower with Radar,40,55,62,0,157,0,0,11,2,13,40,55,73,2,170,15,0,15,185
08/08/2021,ASE,CO,ANM,WE,Combined TRACON& Tower with Radar,32,74,83,0,189,0,1,5,1,7,32,75,88,1,196,7,0,7,203
08/09/2021,ASE,CO,ANM,WE,Combined TRACON& Tower with Radar,37,61,110,0,208,0,1,7,6,14,37,62,117,6,222,31,2,33,255
08/10/2021,ASE,CO,ANM,WE,Combined TRACON& Tower with Radar,41,40,62,0,143,0,0,5,0,5,41,40,67,0,148,36,0,36,184
08/11/2021,ASE,CO,ANM,WE,Combined TRACON& Tower with Radar,39,57,65,0,161,0,1,15,2,18,39,58,80,2,179,46,0,46,225
08/12/2021,ASE,CO,ANM,WE,Combined TRACON& Tower with Radar,40,67,100,0,207,0,0,4,6,10,40,67,104,6,217,25,0,25,242
08/13/2021,ASE,CO,ANM,WE,Combined TRACON& Tower with Radar,37,65,92,0,194,0,1,5,5,11,37,66,97,5,205,17,0,17,222
08/14/2021,ASE,CO,ANM,WE,Combined TRACON& Tower with Radar,39,77,76,0,192,0,0,3,3,6,39,77,79,3,198,33,0,33,231
08/15/2021,ASE,CO,ANM,WE,Combined TRACON& Tower with Radar,37,84,126,0,247,0,1,6,2,9,37,85,132,2,256,10,0,10,266
08/16/2021,ASE,CO,ANM,WE,Combined TRACON& Tower with Radar,39,63,83,0,185,0,0,6,2,8,39,63,89,2,193,19,0,19,212
08/17/2021,ASE,CO,ANM,WE,Combined TRACON& Tower with Radar,31,62,63,0,156,0,0,15,4,19,31,62,78,4,175,52,0,52,227
08/18/2021,ASE,CO,ANM,WE,Combined TRACON& Tower with Radar,30,59,56,0,145,0,0,4,0,4,30,59,60,0,149,31,0,31,180
08/19/2021,ASE,CO,ANM,WE,Combined TRACON& Tower with Radar,32,52,62,0,146,0,0,1,0,1,32,52,63,0,147,1,0,1,148
08/20/2021,ASE,CO,ANM,WE,Combined TRACON& Tower with Radar,33,52,95,0,180,0,0,8,0,8,33,52,103,0,188,15,0,15,203
08/21/2021,ASE,CO,ANM,WE,Combined TRACON& Tower with Radar,35,67,67,0,169,0,0,6,0,6,35,67,73,0,175,21,1,22,197
08/22/2021,ASE,CO,ANM,WE,Combined TRACON& Tower with Radar,37,75,79,0,191,0,0,7,2,9,37,75,86,2,200,15,0,15,215
08/23/2021,ASE,CO,ANM,WE,Combined TRACON& Tower with Radar,36,70,82,0,188,0,1,12,2,15,36,71,94,2,203,14,0,14,217
08/24/2021,ASE,CO,ANM,WE,Combined TRACON& Tower with Radar,35,41,60,0,136,0,0,6,2,8,35,41,66,2,144,23,0,23,167
08/25/2021,ASE,CO,ANM,WE,Combined TRACON& Tower with Radar,31,73,39,0,143,0,0,10,5,15,31,73,49,5,158,13,0,13,171
08/26/2021,ASE,CO,ANM,WE,Combined TRACON& Tower with Radar,36,53,68,2,159,0,0,3,0,3,36,53,71,2,162,4,0,4,166
08/27/2021,ASE,CO,ANM,WE,Combined TRACON& Tower with Radar,36,56,60,1,153,0,1,8,2,11,36,57,68,3,164,19,4,23,187
08/28/2021,ASE,CO,ANM,WE,Combined TRACON& Tower with Radar,36,45,50,0,131,0,0,11,1,12,36,45,61,1,143,18,0,18,161
08/29/2021,ASE,CO,ANM,WE,Combined TRACON& Tower with Radar,36,68,79,0,183,0,0,16,2,18,36,68,95,2,201,21,0,21,222
08/30/2021,ASE,CO,ANM,WE,Combined TRACON& Tower with Radar,38,41,64,2,145,0,0,9,2,11,38,41,73,4,156,22,0,22,178
08/31/2021,ASE,CO,ANM,WE,Combined TRACON& Tower with Radar,33,57,66,0,156,0,0,2,5,7,33,57,68,5,163,19,1,20,183
09/01/2021,ASE,CO,ANM,WE,Combined TRACON& Tower with Radar,31,49,78,0,158,0,0,2,0,2,31,49,80,0,160,7,1,8,168
09/02/2021,ASE,CO,ANM,WE,Combined TRACON& Tower with Radar,37,64,89,0,190,0,0,7,0,7,37,64,96,0,197,5,0,5,202
09/03/2021,ASE,CO,ANM,WE,Combined TRACON& Tower with Radar,33,64,91,1,189,0,0,4,1,5,33,64,95,2,194,30,0,30,224
09/04/2021,ASE,CO,ANM,WE,Combined TRACON& Tower with Radar,35,49,41,0,125,0,0,5,1,6,35,49,46,1,131,9,0,9,140
09/05/2021,ASE,CO,ANM,WE,Combined TRACON& Tower with Radar,31,65,63,0,159,0,0,8,0,8,31,65,71,0,167,26,0,26,193
09/06/2021,ASE,CO,ANM,WE,Combined TRACON& Tower with Radar,36,81,136,0,253,0,0,18,4,22,36,81,154,4,275,17,0,17,292
09/07/2021,ASE,CO,ANM,WE,Combined TRACON& Tower with Radar,30,78,83,0,191,0,0,11,2,13,30,78,94,2,204,16,0,16,220
09/08/2021,ASE,CO,ANM,WE,Combined TRACON& Tower with Radar,22,47,45,0,114,0,0,13,2,15,22,47,58,2,129,15,0,15,144
09/09/2021,ASE,CO,ANM,WE,Combined TRACON& Tower with Radar,24,87,60,0,171,0,0,8,3,11,24,87,68,3,182,12,2,14,196
09/10/2021,ASE,CO,ANM,WE,Combined TRACON& Tower with Radar,28,53,60,0,141,0,0,16,2,18,28,53,76,2,159,21,0,21,180
09/11/2021,ASE,CO,ANM,WE,Combined TRACON& Tower with Radar,28,59,41,2,130,0,0,13,0,13,28,59,54,2,143,16,0,16,159
09/12/2021,ASE,CO,ANM,WE,Combined TRACON& Tower with Radar,30,64,107,0,201,0,0,4,2,6,30,64,111,2,207,28,0,28,235
09/13/2021,ASE,CO,ANM,WE,Combined TRACON& Tower with Radar,25,52,56,0,133,0,0,9,2,11,25,52,65,2,144,19,0,19,163
09/14/2021,ASE,CO,ANM,WE,Combined TRACON& Tower with Radar,25,46,40,0,111,0,0,3,4,7,25,46,43,4,118,12,1,13,131
09/15/2021,ASE,CO,ANM,WE,Combined TRACON& Tower with Radar,23,29,59,2,113,0,0,10,0,10,23,29,69,2,123,38,0,38,161
09/16/2021,ASE,CO,ANM,WE,Combined TRACON& Tower with Radar,25,75,80,0,180,0,1,8,2,11,25,76,88,2,191,10,0,10,201
09/17/2021,ASE,CO,ANM,WE,Combined TRACON& Tower with Radar,26,44,47,0,117,0,1,12,4,17,26,45,59,4,134,30,0,30,164
09/18/2021,ASE,CO,ANM,WE,Combined TRACON& Tower with Radar,27,40,41,0,108,0,0,17,2,19,27,40,58,2,127,15,8,23,150
09/19/2021,ASE,CO,ANM,WE,Combined TRACON& Tower with Radar,30,76,73,0,179,0,1,12,0,13,30,77,85,0,192,11,0,11,203
09/20/2021,ASE,CO,ANM,WE,Combined TRACON& Tower with Radar,25,55,65,0,145,0,0,5,0,5,25,55,70,0,150,26,3,29,179
09/21/2021,ASE,CO,ANM,WE,Combined TRACON& Tower with Radar,22,30,61,0,113,0,0,7,1,8,22,30,68,1,121,38,0,38,159
09/22/2021,ASE,CO,ANM,WE,Combined TRACON& Tower with Radar,22,39,55,2,118,0,0,17,2,19,22,39,72,4,137,29,0,29,166
09/23/2021,ASE,CO,ANM,WE,Combined TRACON& Tower with Radar,25,57,76,0,158,0,0,16,0,16,25,57,92,0,174,54,0,54,228
09/24/2021,ASE,CO,ANM,WE,Combined TRACON& Tower with Radar,26,62,79,0,167,0,1,15,0,16,26,63,94,0,183,21,3,24,207
09/25/2021,ASE,CO,ANM,WE,Combined TRACON& Tower with Radar,29,36,47,0,112,0,0,14,1,15,29,36,61,1,127,17,0,17,144
09/26/2021,ASE,CO,ANM,WE,Combined TRACON& Tower with Radar,28,42,89,0,159,0,0,13,2,15,28,42,102,2,174,30,0,30,204
09/27/2021,ASE,CO,ANM,WE,Combined TRACON& Tower with Radar,25,58,82,0,165,0,0,9,2,11,25,58,91,2,176,12,0,12,188
09/28/2021,ASE,CO,ANM,WE,Combined TRACON& Tower with Radar,18,37,45,0,100,0,0,5,4,9,18,37,50,4,109,41,0,41,150
09/29/2021,ASE,CO,ANM,WE,Combined TRACON& Tower with Radar,1,32,41,0,74,0,0,0,0,0,1,32,41,0,74,17,0,17,91
09/30/2021,ASE,CO,ANM,WE,Combined TRACON& Tower with Radar,13,39,68,0,120,0,0,5,0,5,13,39,73,0,125,7,0,7,132
10/01/2021,ASE,CO,ANM,WE,Combined TRACON& Tower with Radar,20,47,53,0,120,0,0,2,0,2,20,47,55,0,122,6,0,6,128
10/02/2021,ASE,CO,ANM,WE,Combined TRACON& Tower with Radar,24,48,53,0,125,0,0,8,2,10,24,48,61,2,135,38,0,38,173
10/03/2021,ASE,CO,ANM,WE,Combined TRACON& Tower with Radar,27,59,79,0,165,0,0,15,2,17,27,59,94,2,182,16,0,16,198
10/04/2021,ASE,CO,ANM,WE,Combined TRACON& Tower with Radar,22,61,57,0,140,0,0,8,1,9,22,61,65,1,149,22,8,30,179
10/05/2021,ASE,CO,ANM,WE,Combined TRACON& Tower with Radar,20,37,45,0,102,0,0,13,2,15,20,37,58,2,117,13,0,13,130
10/06/2021,ASE,CO,ANM,WE,Combined TRACON& Tower with Radar,17,40,38,0,95,0,0,4,3,7,17,40,42,3,102,16,10,26,128
10/07/2021,ASE,CO,ANM,WE,Combined TRACON& Tower with Radar,15,51,60,0,126,0,0,15,0,15,15,51,75,0,141,16,0,16,157
10/08/2021,ASE,CO,ANM,WE,Combined TRACON& Tower with Radar,14,36,63,0,113,0,1,3,0,4,14,37,66,0,117,5,0,5,122
10/09/2021,ASE,CO,ANM,WE,Combined TRACON& Tower with Radar,14,20,33,0,67,0,0,0,0,0,14,20,33,0,67,20,0,20,87
10/10/2021,ASE,CO,ANM,WE,Combined TRACON& Tower with Radar,14,45,43,0,102,0,0,2,0,2,14,45,45,0,104,20,0,20,124
10/11/2021,ASE,CO,ANM,WE,Combined TRACON& Tower with Radar,15,46,78,0,139,0,0,5,0,5,15,46,83,0,144,5,0,5,149
10/12/2021,ASE,CO,ANM,WE,Combined TRACON& Tower with Radar,10,17,33,0,60,0,0,0,0,0,10,17,33,0,60,5,0,5,65
10/13/2021,ASE,CO,ANM,WE,Combined TRACON& Tower with Radar,11,16,37,0,64,0,0,0,0,0,11,16,37,0,64,4,1,5,69
10/14/2021,ASE,CO,ANM,WE,Combined TRACON& Tower with Radar,16,25,15,0,56,0,0,0,0,0,16,25,15,0,56,0,0,0,56
10/15/2021,ASE,CO,ANM,WE,Combined TRACON& Tower with Radar,16,47,39,0,102,0,2,4,0,6,16,49,43,0,108,14,0,14,122
10/16/2021,ASE,CO,ANM,WE,Combined TRACON& Tower with Radar,14,43,24,0,81,0,0,6,0,6,14,43,30,0,87,15,0,15,102
10/17/2021,ASE,CO,ANM,WE,Combined TRACON& Tower with Radar,14,45,58,0,117,0,0,14,0,14,14,45,72,0,131,29,0,29,160
10/18/2021,ASE,CO,ANM,WE,Combined TRACON& Tower with Radar,14,30,27,0,71,0,0,7,0,7,14,30,34,0,78,6,0,6,84
10/19/2021,ASE,CO,ANM,WE,Combined TRACON& Tower with Radar,12,13,33,0,58,0,0,1,0,1,12,13,34,0,59,25,0,25,84
10/20/2021,ASE,CO,ANM,WE,Combined TRACON& Tower with Radar,12,56,29,2,99,0,0,11,1,12,12,56,40,3,111,25,1,26,137
10/21/2021,ASE,CO,ANM,WE,Combined TRACON& Tower with Radar,9,35,25,0,69,0,0,5,0,5,9,35,30,0,74,8,0,8,82
10/22/2021,ASE,CO,ANM,WE,Combined TRACON& Tower with Radar,13,28,30,0,71,0,0,7,0,7,13,28,37,0,78,22,0,22,100
10/23/2021,ASE,CO,ANM,WE,Combined TRACON& Tower with Radar,12,21,21,0,54,0,0,2,0,2,12,21,23,0,56,0,0,0,56
10/24/2021,ASE,CO,ANM,WE,Combined TRACON& Tower with Radar,14,35,35,0,84,0,0,4,0,4,14,35,39,0,88,10,0,10,98
10/25/2021,ASE,CO,ANM,WE,Combined TRACON& Tower with Radar,14,27,36,0,77,0,0,4,0,4,14,27,40,0,81,5,0,5,86
10/26/2021,ASE,CO,ANM,WE,Combined TRACON& Tower with Radar,16,6,5,0,27,0,0,0,0,0,16,6,5,0,27,0,0,0,27
10/27/2021,ASE,CO,ANM,WE,Combined TRACON& Tower with Radar,12,10,25,0,47,0,0,6,0,6,12,10,31,0,53,0,0,0,53
10/28/2021,ASE,CO,ANM,WE,Combined TRACON& Tower with Radar,14,17,31,0,62,0,0,2,0,2,14,17,33,0,64,30,0,30,94
10/29/2021,ASE,CO,ANM,WE,Combined TRACON& Tower with Radar,13,24,27,0,64,0,0,11,0,11,13,24,38,0,75,13,0,13,88
10/30/2021,ASE,CO,ANM,WE,Combined TRACON& Tower with Radar,14,15,23,0,52,0,0,10,0,10,14,15,33,0,62,33,0,33,95
10/31/2021,ASE,CO,ANM,WE,Combined TRACON& Tower with Radar,10,32,30,0,72,0,0,2,0,2,10,32,32,0,74,10,0,10,84
11/01/2021,ASE,CO,ANM,WE,Combined TRACON& Tower with Radar,11,16,29,0,56,0,0,2,0,2,11,16,31,0,58,25,0,25,83
11/02/2021,ASE,CO,ANM,WE,Combined TRACON& Tower with Radar,13,0,9,0,22,0,0,0,0,0,13,0,9,0,22,0,0,0,22
11/03/2021,ASE,CO,ANM,WE,Combined TRACON& Tower with Radar,11,12,27,0,50,0,0,1,0,1,11,12,28,0,51,0,0,0,51
11/04/2021,ASE,CO,ANM,WE,Combined TRACON& Tower with Radar,12,22,25,0,59,0,0,11,0,11,12,22,36,0,70,12,0,12,82
11/05/2021,ASE,CO,ANM,WE,Combined TRACON& Tower with Radar,11,18,28,1,58,0,0,8,3,11,11,18,36,4,69,21,0,21,90
11/06/2021,ASE,CO,ANM,WE,Combined TRACON& Tower with Radar,12,21,25,0,58,0,0,6,0,6,12,21,31,0,64,25,0,25,89
11/07/2021,ASE,CO,ANM,WE,Combined TRACON& Tower with Radar,12,16,39,0,67,0,0,12,0,12,12,16,51,0,79,26,1,27,106
11/08/2021,ASE,CO,ANM,WE,Combined TRACON& Tower with Radar,11,11,27,2,51,0,0,2,2,4,11,11,29,4,55,12,1,13,68
11/09/2021,ASE,CO,ANM,WE,Combined TRACON& Tower with Radar,12,10,11,0,33,0,0,8,0,8,12,10,19,0,41,5,1,6,47
11/10/2021,ASE,CO,ANM,WE,Combined TRACON& Tower with Radar,11,5,20,0,36,0,0,3,0,3,11,5,23,0,39,3,0,3,42
11/11/2021,ASE,CO,ANM,WE,Combined TRACON& Tower with Radar,12,10,25,0,47,0,0,3,0,3,12,10,28,0,50,23,0,23,73
11/12/2021,ASE,CO,ANM,WE,Combined TRACON& Tower with Radar,12,6,16,0,34,0,0,3,0,3,12,6,19,0,37,32,0,32,69
11/13/2021,ASE,CO,ANM,WE,Combined TRACON& Tower with Radar,12,10,21,0,43,0,0,2,0,2,12,10,23,0,45,17,0,17,62
11/14/2021,ASE,CO,ANM,WE,Combined TRACON& Tower with Radar,12,17,18,0,47,0,0,5,2,7,12,17,23,2,54,43,2,45,99
11/15/2021,ASE,CO,ANM,WE,Combined TRACON& Tower with Radar,11,17,25,0,53,0,1,5,0,6,11,18,30,0,59,11,0,11,70
11/16/2021,ASE,CO,ANM,WE,Combined TRACON& Tower with Radar,11,15,11,0,37,0,0,4,2,6,11,15,15,2,43,14,2,16,59
11/17/2021,ASE,CO,ANM,WE,Combined TRACON& Tower with Radar,12,5,20,0,37,0,0,1,0,1,12,5,21,0,38,10,0,10,48
11/18/2021,ASE,CO,ANM,WE,Combined TRACON& Tower with Radar,12,15,22,1,50,0,0,8,2,10,12,15,30,3,60,12,2,14,74
11/19/2021,ASE,CO,ANM,WE,Combined TRACON& Tower with Radar,12,30,32,0,74,0,0,2,0,2,12,30,34,0,76,42,0,42,118
11/20/2021,ASE,CO,ANM,WE,Combined TRACON& Tower with Radar,16,15,15,0,46,0,0,1,0,1,16,15,16,0,47,4,0,4,51
11/21/2021,ASE,CO,ANM,WE,Combined TRACON& Tower with Radar,11,31,33,0,75,0,1,13,0,14,11,32,46,0,89,31,0,31,120
11/22/2021,ASE,CO,ANM,WE,Combined TRACON& Tower with Radar,12,22,28,0,62,0,0,7,1,8,12,22,35,1,70,25,4,29,99
11/23/2021,ASE,CO,ANM,WE,Combined TRACON& Tower with Radar,14,29,44,0,87,0,0,3,0,3,14,29,47,0,90,10,0,10,100
11/24/2021,ASE,CO,ANM,WE,Combined TRACON& Tower with Radar,16,12,37,2,67,0,0,1,0,1,16,12,38,2,68,1,0,1,69
11/25/2021,ASE,CO,ANM,WE,Combined TRACON& Tower with Radar,2,2,5,0,9,0,1,0,2,3,2,3,5,2,12,27,0,27,39
11/26/2021,ASE,CO,ANM,WE,Combined TRACON& Tower with Radar,10,14,26,0,50,0,0,7,2,9,10,14,33,2,59,24,0,24,83
11/27/2021,ASE,CO,ANM,WE,Combined TRACON& Tower with Radar,14,25,35,0,74,0,0,7,2,9,14,25,42,2,83,22,0,22,105
11/28/2021,ASE,CO,ANM,WE,Combined TRACON& Tower with Radar,12,63,72,0,147,0,0,14,2,16,12,63,86,2,163,20,0,20,183
11/29/2021,ASE,CO,ANM,WE,Combined TRACON& Tower with Radar,12,32,54,0,98,0,0,7,2,9,12,32,61,2,107,5,0,5,112
11/30/2021,ASE,CO,ANM,WE,Combined TRACON& Tower with Radar,12,19,38,0,69,0,0,6,3,9,12,19,44,3,78,10,0,10,88
12/01/2021,ASE,CO,ANM,WE,Combined TRACON& Tower with Radar,10,24,33,0,67,0,0,12,2,14,10,24,45,2,81,17,0,17,98
12/02/2021,ASE,CO,ANM,WE,Combined TRACON& Tower with Radar,13,19,23,0,55,0,0,9,0,9,13,19,32,0,64,16,0,16,80
12/03/2021,ASE,CO,ANM,WE,Combined TRACON& Tower with Radar,12,35,31,2,80,0,0,11,2,13,12,35,42,4,93,30,3,33,126
12/04/2021,ASE,CO,ANM,WE,Combined TRACON& Tower with Radar,12,19,33,0,64,0,0,9,0,9,12,19,42,0,73,16,2,18,91
12/05/2021,ASE,CO,ANM,WE,Combined TRACON& Tower with Radar,11,33,35,0,79,0,0,5,2,7,11,33,40,2,86,15,0,15,101
12/06/2021,ASE,CO,ANM,WE,Combined TRACON& Tower with Radar,11,16,28,0,55,0,0,4,0,4,11,16,32,0,59,3,0,3,62
12/07/2021,ASE,CO,ANM,WE,Combined TRACON& Tower with Radar,11,7,14,2,34,0,0,1,0,1,11,7,15,2,35,3,1,4,39
12/08/2021,ASE,CO,ANM,WE,Combined TRACON& Tower with Radar,12,28,54,0,94,0,0,1,0,1,12,28,55,0,95,6,0,6,101
12/09/2021,ASE,CO,ANM,WE,Combined TRACON& Tower with Radar,11,11,15,0,37,0,0,0,0,0,11,11,15,0,37,0,0,0,37
12/10/2021,ASE,CO,ANM,WE,Combined TRACON& Tower with Radar,2,0,11,0,13,0,0,0,0,0,2,0,11,0,13,0,0,0,13
12/11/2021,ASE,CO,ANM,WE,Combined TRACON& Tower with Radar,12,48,36,0,96,0,2,7,0,9,12,50,43,0,105,11,0,11,116
12/12/2021,ASE,CO,ANM,WE,Combined TRACON& Tower with Radar,12,52,54,0,118,0,0,1,0,1,12,52,55,0,119,31,0,31,150
12/13/2021,ASE,CO,ANM,WE,Combined TRACON& Tower with Radar,10,31,58,2,101,0,0,6,2,8,10,31,64,4,109,26,0,26,135
12/14/2021,ASE,CO,ANM,WE,Combined TRACON& Tower with Radar,12,21,37,0,70,0,0,3,0,3,12,21,40,0,73,8,0,8,81
12/15/2021,ASE,CO,ANM,WE,Combined TRACON& Tower with Radar,10,9,10,0,29,0,0,0,0,0,10,9,10,0,29,0,0,0,29
12/16/2021,ASE,CO,ANM,WE,Combined TRACON& Tower with Radar,49,73,63,0,185,0,0,6,0,6,49,73,69,0,191,15,2,17,208
12/17/2021,ASE,CO,ANM,WE,Combined TRACON& Tower with Radar,58,31,61,0,150,0,0,0,0,0,58,31,61,0,150,2,0,2,152
12/18/2021,ASE,CO,ANM,WE,Combined TRACON& Tower with Radar,56,83,94,0,233,0,0,6,2,8,56,83,100,2,241,10,0,10,251
12/19/2021,ASE,CO,ANM,WE,Combined TRACON& Tower with Radar,56,82,94,1,233,0,0,16,0,16,56,82,110,1,249,16,0,16,265
12/20/2021,ASE,CO,ANM,WE,Combined TRACON& Tower with Radar,67,79,83,0,229,0,0,3,0,3,67,79,86,0,232,4,0,4,236
12/21/2021,ASE,CO,ANM,WE,Combined TRACON& Tower with Radar,66,78,74,0,218,0,0,7,2,9,66,78,81,2,227,11,0,11,238
12/22/2021,ASE,CO,ANM,WE,Combined TRACON& Tower with Radar,66,73,114,0,253,0,0,3,1,4,66,73,117,1,257,12,1,13,270
12/23/2021,ASE,CO,ANM,WE,Combined TRACON& Tower with Radar,60,61,70,0,191,0,0,0,0,0,60,61,70,0,191,0,0,0,191
12/24/2021,ASE,CO,ANM,WE,Combined TRACON& Tower with Radar,11,3,3,0,17,0,0,0,0,0,11,3,3,0,17,0,0,0,17
12/25/2021,ASE,CO,ANM,WE,Combined TRACON& Tower with Radar,50,110,52,0,212,0,0,0,0,0,50,110,52,0,212,3,0,3,215
12/26/2021,ASE,CO,ANM,WE,Combined TRACON& Tower with Radar,7,16,22,0,45,0,0,0,0,0,7,16,22,0,45,0,0,0,45
12/27/2021,ASE,CO,ANM,WE,Combined TRACON& Tower with Radar,22,30,68,0,120,0,0,0,0,0,22,30,68,0,120,1,0,1,121
12/28/2021,ASE,CO,ANM,WE,Combined TRACON& Tower with Radar,20,24,34,0,78,0,0,0,0,0,20,24,34,0,78,0,0,0,78
12/29/2021,ASE,CO,ANM,WE,Combined TRACON& Tower with Radar,39,16,62,0,117,0,0,0,0,0,39,16,62,0,117,0,0,0,117
12/30/2021,ASE,CO,ANM,WE,Combined TRACON& Tower with Radar,45,54,56,0,155,0,0,0,0,0,45,54,56,0,155,0,0,0,155
12/31/2021,ASE,CO,ANM,WE,Combined TRACON& Tower with Radar,9,2,4,0,15,0,0,0,0,0,9,2,4,0,15,0,0,0,15
01/01/2022,ASE,CO,ANM,WE,Combined TRACON& Tower with Radar,32,14,17,0,63,0,0,0,0,0,32,14,17,0,63,0,0,0,63
01/02/2022,ASE,CO,ANM,WE,Combined TRACON& Tower with Radar,39,85,142,0,266,0,2,12,0,14,39,87,154,0,280,5,0,5,285
01/03/2022,ASE,CO,ANM,WE,Combined TRACON& Tower with Radar,38,96,115,0,249,0,0,5,0,5,38,96,120,0,254,7,0,7,261
01/04/2022,ASE,CO,ANM,WE,Combined TRACON& Tower with Radar,40,116,114,0,270,0,0,0,0,0,40,116,114,0,270,2,0,2,272
01/05/2022,ASE,CO,ANM,WE,Combined TRACON& Tower with Radar,40,21,26,0,87,0,0,0,0,0,40,21,26,0,87,0,0,0,87
01/06/2022,ASE,CO,ANM,WE,Combined TRACON& Tower with Radar,40,21,31,0,92,0,0,0,0,0,40,21,31,0,92,0,0,0,92
01/07/2022,ASE,CO,ANM,WE,Combined TRACON& Tower with Radar,48,69,84,0,201,0,0,9,0,9,48,69,93,0,210,22,0,22,232
01/08/2022,ASE,CO,ANM,WE,Combined TRACON& Tower with Radar,21,3,3,0,27,0,0,0,0,0,21,3,3,0,27,0,0,0,27
01/09/2022,ASE,CO,ANM,WE,Combined TRACON& Tower with Radar,48,101,96,0,245,0,1,7,0,8,48,102,103,0,253,13,0,13,266
01/10/2022,ASE,CO,ANM,WE,Combined TRACON& Tower with Radar,53,50,74,2,179,0,0,8,0,8,53,50,82,2,187,20,2,22,209
01/11/2022,ASE,CO,ANM,WE,Combined TRACON& Tower with Radar,53,29,49,0,131,0,0,11,2,13,53,29,60,2,144,7,2,9,153
01/12/2022,ASE,CO,ANM,WE,Combined TRACON& Tower with Radar,55,42,46,0,143,0,0,6,0,6,55,42,52,0,149,10,6,16,165
01/13/2022,ASE,CO,ANM,WE,Combined TRACON& Tower with Radar,53,69,71,0,193,0,0,9,1,10,53,69,80,1,203,12,0,12,215
01/14/2022,ASE,CO,ANM,WE,Combined TRACON& Tower with Radar,53,38,55,2,148,0,0,0,0,0,53,38,55,2,148,0,0,0,148
01/15/2022,ASE,CO,ANM,WE,Combined TRACON& Tower with Radar,55,54,42,0,151,0,0,11,0,11,55,54,53,0,162,25,0,25,187
01/16/2022,ASE,CO,ANM,WE,Combined TRACON& Tower with Radar,52,39,40,0,131,0,0,6,0,6,52,39,46,0,137,17,0,17,154
01/17/2022,ASE,CO,ANM,WE,Combined TRACON& Tower with Radar,52,107,114,2,275,0,1,10,0,11,52,108,124,2,286,15,0,15,301
01/18/2022,ASE,CO,ANM,WE,Combined TRACON& Tower with Radar,53,55,51,0,159,0,0,5,2,7,53,55,56,2,166,4,0,4,170
01/19/2022,ASE,CO,ANM,WE,Combined TRACON& Tower with Radar,51,37,33,0,121,0,0,2,0,2,51,37,35,0,123,8,0,8,131
01/20/2022,ASE,CO,ANM,WE,Combined TRACON& Tower with Radar,51,39,69,0,159,0,0,5,2,7,51,39,74,2,166,3,2,5,171
01/21/2022,ASE,CO,ANM,WE,Combined TRACON& Tower with Radar,30,6,17,0,53,0,0,0,0,0,30,6,17,0,53,0,0,0,53
01/22/2022,ASE,CO,ANM,WE,Combined TRACON& Tower with Radar,55,51,50,0,156,0,1,10,0,11,55,52,60,0,167,25,2,27,194
01/23/2022,ASE,CO,ANM,WE,Combined TRACON& Tower with Radar,53,66,102,0,221,0,1,10,0,11,53,67,112,0,232,17,0,17,249
01/24/2022,ASE,CO,ANM,WE,Combined TRACON& Tower with Radar,47,54,61,0,162,0,0,7,1,8,47,54,68,1,170,11,1,12,182
01/25/2022,ASE,CO,ANM,WE,Combined TRACON& Tower with Radar,44,3,18,0,65,0,0,0,0,0,44,3,18,0,65,0,0,0,65
01/26/2022,ASE,CO,ANM,WE,Combined TRACON& Tower with Radar,53,44,48,0,145,0,0,8,2,10,53,44,56,2,155,13,0,13,168
01/27/2022,ASE,CO,ANM,WE,Combined TRACON& Tower with Radar,46,13,34,0,93,0,0,0,0,0,46,13,34,0,93,0,0,0,93
01/28/2022,ASE,CO,ANM,WE,Combined TRACON& Tower with Radar,52,49,55,0,156,0,0,6,0,6,52,49,61,0,162,16,0,16,178
01/29/2022,ASE,CO,ANM,WE,Combined TRACON& Tower with Radar,54,45,38,0,137,0,0,6,0,6,54,45,44,0,143,14,0,14,157
01/30/2022,ASE,CO,ANM,WE,Combined TRACON& Tower with Radar,53,71,67,0,191,0,0,9,0,9,53,71,76,0,200,6,0,6,206
01/31/2022,ASE,CO,ANM,WE,Combined TRACON& Tower with Radar,51,37,50,0,138,0,0,8,2,10,51,37,58,2,148,15,0,15,163
02/01/2022,ASE,CO,ANM,WE,Combined TRACON& Tower with Radar,52,28,24,0,104,0,0,4,0,4,52,28,28,0,108,6,0,6,114
02/02/2022,ASE,CO,ANM,WE,Combined TRACON& Tower with Radar,33,7,13,0,53,0,0,0,0,0,33,7,13,0,53,0,0,0,53
02/03/2022,ASE,CO,ANM,WE,Combined TRACON& Tower with Radar,46,58,68,0,172,0,0,7,0,7,46,58,75,0,179,9,0,9,188
02/04/2022,ASE,CO,ANM,WE,Combined TRACON& Tower with Radar,52,48,57,0,157,0,0,6,0,6,52,48,63,0,163,11,0,11,174
02/05/2022,ASE,CO,ANM,WE,Combined TRACON& Tower with Radar,56,35,51,0,142,0,0,7,0,7,56,35,58,0,149,27,1,28,177
02/06/2022,ASE,CO,ANM,WE,Combined TRACON& Tower with Radar,55,55,81,0,191,0,0,2,0,2,55,55,83,0,193,9,0,9,202
02/07/2022,ASE,CO,ANM,WE,Combined TRACON& Tower with Radar,52,39,65,0,156,0,0,5,0,5,52,39,70,0,161,17,0,17,178
02/08/2022,ASE,CO,ANM,WE,Combined TRACON& Tower with Radar,54,45,47,0,146,0,0,7,2,9,54,45,54,2,155,7,0,7,162
02/09/2022,ASE,CO,ANM,WE,Combined TRACON& Tower with Radar,51,55,52,1,159,0,0,1,1,2,51,55,53,2,161,29,2,31,192
02/10/2022,ASE,CO,ANM,WE,Combined TRACON& Tower with Radar,54,57,59,0,170,0,0,11,0,11,54,57,70,0,181,18,0,18,199
02/11/2022,ASE,CO,ANM,WE,Combined TRACON& Tower with Radar,53,42,40,0,135,0,0,5,0,5,53,42,45,0,140,7,0,7,147
02/12/2022,ASE,CO,ANM,WE,Combined TRACON& Tower with Radar,60,68,76,0,204,0,0,11,0,11,60,68,87,0,215,15,0,15,230
02/13/2022,ASE,CO,ANM,WE,Combined TRACON& Tower with Radar,59,70,54,0,183,0,0,11,0,11,59,70,65,0,194,11,2,13,207
02/14/2022,ASE,CO,ANM,WE,Combined TRACON& Tower with Radar,56,63,56,0,175,0,0,5,0,5,56,63,61,0,180,10,0,10,190
02/15/2022,ASE,CO,ANM,WE,Combined TRACON& Tower with Radar,55,50,60,0,165,0,0,6,0,6,55,50,66,0,171,4,0,4,175
02/16/2022,ASE,CO,ANM,WE,Combined TRACON& Tower with Radar,37,26,27,0,90,0,0,0,0,0,37,26,27,0,90,0,0,0,90
02/17/2022,ASE,CO,ANM,WE,Combined TRACON& Tower with Radar,40,105,100,0,245,0,0,9,0,9,40,105,109,0,254,4,0,4,258
02/18/2022,ASE,CO,ANM,WE,Combined TRACON& Tower with Radar,53,96,115,0,264,0,1,8,0,9,53,97,123,0,273,4,1,5,278
02/19/2022,ASE,CO,ANM,WE,Combined TRACON& Tower with Radar,59,100,101,0,260,0,0,12,0,12,59,100,113,0,272,12,0,12,284
02/20/2022,ASE,CO,ANM,WE,Combined TRACON& Tower with Radar,55,74,87,0,216,0,0,10,0,10,55,74,97,0,226,3,0,3,229
02/21/2022,ASE,CO,ANM,WE,Combined TRACON& Tower with Radar,10,33,51,0,94,0,0,1,0,1,10,33,52,0,95,3,0,3,98
02/22/2022,ASE,CO,ANM,WE,Combined TRACON& Tower with Radar,40,19,41,0,100,0,0,0,0,0,40,19,41,0,100,1,0,1,101
02/23/2022,ASE,CO,ANM,WE,Combined TRACON& Tower with Radar,20,7,8,0,35,0,0,0,0,0,20,7,8,0,35,2,0,2,37
02/24/2022,ASE,CO,ANM,WE,Combined TRACON& Tower with Radar,30,21,37,0,88,0,0,2,0,2,30,21,39,0,90,0,0,0,90
02/25/2022,ASE,CO,ANM,WE,Combined TRACON& Tower with Radar,55,56,68,0,179,0,0,1,0,1,55,56,69,0,180,0,0,0,180
02/26/2022,ASE,CO,ANM,WE,Combined TRACON& Tower with Radar,53,83,99,0,235,0,0,10,0,10,53,83,109,0,245,9,4,13,258
02/27/2022,ASE,CO,ANM,WE,Combined TRACON& Tower with Radar,58,98,92,0,248,0,1,14,0,15,58,99,106,0,263,3,0,3,266
02/28/2022,ASE,CO,ANM,WE,Combined TRACON& Tower with Radar,53,64,70,2,189,0,0,13,0,13,53,64,83,2,202,12,0,12,214
03/01/2022,ASE,CO,ANM,WE,Combined TRACON& Tower with Radar,56,37,51,0,144,0,0,1,0,1,56,37,52,0,145,7,0,7,152
03/02/2022,ASE,CO,ANM,WE,Combined TRACON& Tower with Radar,54,51,72,0,177,0,0,13,0,13,54,51,85,0,190,17,0,17,207
03/03/2022,ASE,CO,ANM,WE,Combined TRACON& Tower with Radar,53,58,77,0,188,0,0,7,0,7,53,58,84,0,195,7,3,10,205
03/04/2022,ASE,CO,ANM,WE,Combined TRACON& Tower with Radar,55,44,82,0,181,0,0,2,0,2,55,44,84,0,183,8,0,8,191
03/05/2022,ASE,CO,ANM,WE,Combined TRACON& Tower with Radar,60,25,58,0,143,0,0,0,0,0,60,25,58,0,143,2,0,2,145
03/06/2022,ASE,CO,ANM,WE,Combined TRACON& Tower with Radar,58,34,87,0,179,0,0,0,0,0,58,34,87,0,179,0,0,0,179
03/07/2022,ASE,CO,ANM,WE,Combined TRACON& Tower with Radar,49,17,26,0,92,0,0,0,0,0,49,17,26,0,92,0,0,0,92
03/08/2022,ASE,CO,ANM,WE,Combined TRACON& Tower with Radar,52,54,66,0,172,0,0,9,1,10,52,54,75,1,182,5,1,6,188
03/09/2022,ASE,CO,ANM,WE,Combined TRACON& Tower with Radar,41,25,31,0,97,0,0,0,0,0,41,25,31,0,97,0,0,0,97
03/10/2022,ASE,CO,ANM,WE,Combined TRACON& Tower with Radar,45,30,65,0,140,0,0,1,1,2,45,30,66,1,142,4,8,12,154
03/11/2022,ASE,CO,ANM,WE,Combined TRACON& Tower with Radar,56,82,112,0,250,0,0,6,0,6,56,82,118,0,256,17,0,17,273
03/12/2022,ASE,CO,ANM,WE,Combined TRACON& Tower with Radar,64,111,116,0,291,0,1,4,0,5,64,112,120,0,296,13,0,13,309
03/13/2022,ASE,CO,ANM,WE,Combined TRACON& Tower with Radar,55,87,124,0,266,0,0,4,0,4,55,87,128,0,270,14,0,14,284
03/14/2022,ASE,CO,ANM,WE,Combined TRACON& Tower with Radar,58,63,70,0,191,0,0,3,0,3,58,63,73,0,194,5,0,5,199
03/15/2022,ASE,CO,ANM,WE,Combined TRACON& Tower with Radar,59,48,86,0,193,0,0,8,0,8,59,48,94,0,201,24,0,24,225
03/16/2022,ASE,CO,ANM,WE,Combined TRACON& Tower with Radar,54,44,68,0,166,0,0,4,0,4,54,44,72,0,170,7,0,7,177
03/17/2022,ASE,CO,ANM,WE,Combined TRACON& Tower with Radar,54,24,49,0,127,0,0,1,0,1,54,24,50,0,128,3,0,3,131
03/18/2022,ASE,CO,ANM,WE,Combined TRACON& Tower with Radar,57,82,121,0,260,0,1,7,0,8,57,83,128,0,268,16,0,16,284
03/19/2022,ASE,CO,ANM,WE,Combined TRACON& Tower with Radar,62,111,119,0,292,0,1,16,0,17,62,112,135,0,309,16,0,16,325
03/20/2022,ASE,CO,ANM,WE,Combined TRACON& Tower with Radar,58,77,110,0,245,0,0,7,0,7,58,77,117,0,252,8,0,8,260
03/21/2022,ASE,CO,ANM,WE,Combined TRACON& Tower with Radar,55,11,14,0,80,0,0,0,0,0,55,11,14,0,80,0,0,0,80
03/22/2022,ASE,CO,ANM,WE,Combined TRACON& Tower with Radar,57,37,52,0,146,0,0,0,0,0,57,37,52,0,146,0,0,0,146
03/23/2022,ASE,CO,ANM,WE,Combined TRACON& Tower with Radar,58,40,65,0,163,0,0,3,0,3,58,40,68,0,166,11,0,11,177
03/24/2022,ASE,CO,ANM,WE,Combined TRACON& Tower with Radar,58,52,68,2,180,0,0,6,0,6,58,52,74,2,186,23,0,23,209
03/25/2022,ASE,CO,ANM,WE,Combined TRACON& Tower with Radar,59,67,78,0,204,0,1,8,0,9,59,68,86,0,213,10,0,10,223
03/26/2022,ASE,CO,ANM,WE,Combined TRACON& Tower with Radar,67,98,97,0,262,0,0,6,0,6,67,98,103,0,268,27,0,27,295
03/27/2022,ASE,CO,ANM,WE,Combined TRACON& Tower with Radar,35,94,87,0,216,0,0,5,0,5,35,94,92,0,221,15,0,15,236
03/28/2022,ASE,CO,ANM,WE,Combined TRACON& Tower with Radar,37,50,56,0,143,0,0,3,0,3,37,50,59,0,146,10,0,10,156
03/29/2022,ASE,CO,ANM,WE,Combined TRACON& Tower with Radar,37,10,25,0,72,0,0,0,0,0,37,10,25,0,72,0,0,0,72
03/30/2022,ASE,CO,ANM,WE,Combined TRACON& Tower with Radar,27,7,15,0,49,0,0,0,0,0,27,7,15,0,49,2,0,2,51
03/31/2022,ASE,CO,ANM,WE,Combined TRACON& Tower with Radar,36,45,56,0,137,0,0,2,2,4,36,45,58,2,141,34,0,34,175
04/01/2022,ASE,CO,ANM,WE,Combined TRACON& Tower with Radar,37,41,41,0,119,0,0,0,0,0,37,41,41,0,119,0,0,0,119
04/02/2022,ASE,CO,ANM,WE,Combined TRACON& Tower with Radar,50,57,49,0,156,0,0,3,0,3,50,57,52,0,159,8,0,8,167
04/03/2022,ASE,CO,ANM,WE,Combined TRACON& Tower with Radar,33,44,27,0,104,0,0,0,0,0,33,44,27,0,104,3,0,3,107
04/04/2022,ASE,CO,ANM,WE,Combined TRACON& Tower with Radar,27,44,40,0,111,0,0,6,0,6,27,44,46,0,117,17,0,17,134
04/05/2022,ASE,CO,ANM,WE,Combined TRACON& Tower with Radar,5,7,6,0,18,0,0,0,0,0,5,7,6,0,18,0,0,0,18
04/06/2022,ASE,CO,ANM,WE,Combined TRACON& Tower with Radar,11,5,33,0,49,0,0,7,0,7,11,5,40,0,56,7,0,7,63
04/07/2022,ASE,CO,ANM,WE,Combined TRACON& Tower with Radar,12,21,22,0,55,0,0,4,0,4,12,21,26,0,59,28,0,28,87
04/08/2022,ASE,CO,ANM,WE,Combined TRACON& Tower with Radar,14,47,48,0,109,0,0,22,1,23,14,47,70,1,132,47,0,47,179
04/09/2022,ASE,CO,ANM,WE,Combined TRACON& Tower with Radar,14,66,27,0,107,0,1,5,0,6,14,67,32,0,113,36,0,36,149
04/10/2022,ASE,CO,ANM,WE,Combined TRACON& Tower with Radar,9,19,39,0,67,0,0,4,0,4,9,19,43,0,71,2,0,2,73
04/11/2022,ASE,CO,ANM,WE,Combined TRACON& Tower with Radar,7,9,22,0,38,0,0,1,0,1,7,9,23,0,39,1,0,1,40
04/12/2022,ASE,CO,ANM,WE,Combined TRACON& Tower with Radar,1,2,3,0,6,0,0,0,0,0,1,2,3,0,6,0,0,0,6
04/13/2022,ASE,CO,ANM,WE,Combined TRACON& Tower with Radar,5,2,9,0,16,0,0,0,0,0,5,2,9,0,16,0,0,0,16
04/14/2022,ASE,CO,ANM,WE,Combined TRACON& Tower with Radar,14,18,44,0,76,0,0,3,0,3,14,18,47,0,79,6,0,6,85
04/15/2022,ASE,CO,ANM,WE,Combined TRACON& Tower with Radar,14,28,26,0,68,0,0,3,2,5,14,28,29,2,73,4,2,6,79
04/16/2022,ASE,CO,ANM,WE,Combined TRACON& Tower with Radar,14,14,15,0,43,0,0,5,0,5,14,14,20,0,48,30,0,30,78
04/17/2022,ASE,CO,ANM,WE,Combined TRACON& Tower with Radar,14,16,17,0,47,0,0,0,0,0,14,16,17,0,47,2,0,2,49
04/18/2022,ASE,CO,ANM,WE,Combined TRACON& Tower with Radar,14,22,25,0,61,0,0,4,0,4,14,22,29,0,65,9,0,9,74
04/19/2022,ASE,CO,ANM,WE,Combined TRACON& Tower with Radar,14,10,13,0,37,0,0,3,0,3,14,10,16,0,40,4,0,4,44
04/20/2022,ASE,CO,ANM,WE,Combined TRACON& Tower with Radar,14,16,16,0,46,0,0,3,0,3,14,16,19,0,49,3,0,3,52
04/21/2022,ASE,CO,ANM,WE,Combined TRACON& Tower with Radar,14,11,17,0,42,0,0,3,0,3,14,11,20,0,45,8,2,10,55
04/22/2022,ASE,CO,ANM,WE,Combined TRACON& Tower with Radar,11,1,13,0,25,0,0,1,0,1,11,1,14,0,26,1,0,1,27
04/23/2022,ASE,CO,ANM,WE,Combined TRACON& Tower with Radar,11,2,6,0,19,0,0,0,0,0,11,2,6,0,19,0,0,0,19
04/24/2022,ASE,CO,ANM,WE,Combined TRACON& Tower with Radar,13,10,15,0,38,0,0,0,0,0,13,10,15,0,38,24,0,24,62
04/25/2022,ASE,CO,ANM,WE,Combined TRACON& Tower with Radar,12,23,20,0,55,0,0,3,0,3,12,23,23,0,58,14,0,14,72
04/26/2022,ASE,CO,ANM,WE,Combined TRACON& Tower with Radar,13,18,20,0,51,0,0,4,0,4,13,18,24,0,55,0,0,0,55
04/27/2022,ASE,CO,ANM,WE,Combined TRACON& Tower with Radar,13,20,16,0,49,0,0,7,0,7,13,20,23,0,56,15,0,15,71
04/28/2022,ASE,CO,ANM,WE,Combined TRACON& Tower with Radar,14,13,7,2,36,0,0,7,0,7,14,13,14,2,43,17,0,17,60
04/29/2022,ASE,CO,ANM,WE,Combined TRACON& Tower with Radar,7,4,10,0,21,0,0,1,0,1,7,4,11,0,22,2,0,2,24
04/30/2022,ASE,CO,ANM,WE,Combined TRACON& Tower with Radar,13,16,8,0,37,0,0,5,0,5,13,16,13,0,42,45,4,49,91
05/01/2022,ASE,CO,ANM,WE,Combined TRACON& Tower with Radar,11,12,14,0,37,0,0,1,0,1,11,12,15,0,38,4,0,4,42
05/02/2022,ASE,CO,ANM,WE,Combined TRACON& Tower with Radar,0,0,0,0,0,0,0,0,0,0,0,0,0,0,0,0,0,0,0
05/03/2022,ASE,CO,ANM,WE,Combined TRACON& Tower with Radar,0,0,0,0,0,0,0,0,0,0,0,0,0,0,0,0,0,0,0
05/04/2022,ASE,CO,ANM,WE,Combined TRACON& Tower with Radar,0,0,0,0,0,0,0,0,0,0,0,0,0,0,0,0,0,0,0
05/05/2022,ASE,CO,ANM,WE,Combined TRACON& Tower with Radar,0,0,0,0,0,0,0,0,0,0,0,0,0,0,0,0,0,0,0
05/06/2022,ASE,CO,ANM,WE,Combined TRACON& Tower with Radar,0,0,0,0,0,0,0,0,0,0,0,0,0,0,0,0,0,0,0
05/07/2022,ASE,CO,ANM,WE,Combined TRACON& Tower with Radar,0,0,0,0,0,0,0,0,0,0,0,0,0,0,0,0,0,0,0
05/08/2022,ASE,CO,ANM,WE,Combined TRACON& Tower with Radar,0,0,0,0,0,0,0,0,0,0,0,0,0,0,0,0,0,0,0
05/09/2022,ASE,CO,ANM,WE,Combined TRACON& Tower with Radar,0,0,0,0,0,0,0,0,0,0,0,0,0,0,0,0,0,0,0
05/10/2022,ASE,CO,ANM,WE,Combined TRACON& Tower with Radar,0,0,0,0,0,0,0,0,0,0,0,0,0,0,0,0,0,0,0
05/11/2022,ASE,CO,ANM,WE,Combined TRACON& Tower with Radar,0,0,0,0,0,0,0,0,0,0,0,0,0,0,0,0,0,0,0
05/12/2022,ASE,CO,ANM,WE,Combined TRACON& Tower with Radar,0,0,0,0,0,0,0,0,0,0,0,0,0,0,0,0,0,0,0
05/13/2022,ASE,CO,ANM,WE,Combined TRACON& Tower with Radar,0,0,0,0,0,0,0,0,0,0,0,0,0,0,0,5,0,5,5
05/14/2022,ASE,CO,ANM,WE,Combined TRACON& Tower with Radar,0,0,0,0,0,0,0,0,0,0,0,0,0,0,0,2,0,2,2
05/15/2022,ASE,CO,ANM,WE,Combined TRACON& Tower with Radar,0,0,0,0,0,0,0,4,0,4,0,0,4,0,4,10,0,10,14
05/16/2022,ASE,CO,ANM,WE,Combined TRACON& Tower with Radar,12,29,19,0,60,0,0,5,0,5,12,29,24,0,65,0,0,0,65
05/17/2022,ASE,CO,ANM,WE,Combined TRACON& Tower with Radar,14,10,12,0,36,0,0,4,0,4,14,10,16,0,40,1,0,1,41
05/18/2022,ASE,CO,ANM,WE,Combined TRACON& Tower with Radar,14,12,18,0,44,0,0,2,0,2,14,12,20,0,46,4,2,6,52
05/19/2022,ASE,CO,ANM,WE,Combined TRACON& Tower with Radar,8,14,25,0,47,0,0,2,0,2,8,14,27,0,49,2,0,2,51
05/20/2022,ASE,CO,ANM,WE,Combined TRACON& Tower with Radar,1,0,4,0,5,0,0,0,0,0,1,0,4,0,5,0,0,0,5
05/21/2022,ASE,CO,ANM,WE,Combined TRACON& Tower with Radar,13,16,9,0,38,0,0,1,1,2,13,16,10,1,40,5,0,5,45
05/22/2022,ASE,CO,ANM,WE,Combined TRACON& Tower with Radar,13,15,34,0,62,0,0,5,0,5,13,15,39,0,67,0,0,0,67
05/23/2022,ASE,CO,ANM,WE,Combined TRACON& Tower with Radar,16,11,15,0,42,0,0,4,0,4,16,11,19,0,46,15,0,15,61
05/24/2022,ASE,CO,ANM,WE,Combined TRACON& Tower with Radar,9,16,23,0,48,0,0,1,0,1,9,16,24,0,49,27,0,27,76
05/25/2022,ASE,CO,ANM,WE,Combined TRACON& Tower with Radar,13,21,17,0,51,0,0,8,0,8,13,21,25,0,59,13,0,13,72
05/26/2022,ASE,CO,ANM,WE,Combined TRACON& Tower with Radar,16,19,28,0,63,0,0,10,0,10,16,19,38,0,73,31,0,31,104
05/27/2022,ASE,CO,ANM,WE,Combined TRACON& Tower with Radar,15,25,39,0,79,0,0,3,1,4,15,25,42,1,83,10,0,10,93
05/28/2022,ASE,CO,ANM,WE,Combined TRACON& Tower with Radar,14,11,22,0,47,0,0,2,0,2,14,11,24,0,49,13,0,13,62
05/29/2022,ASE,CO,ANM,WE,Combined TRACON& Tower with Radar,5,9,14,0,28,0,0,0,0,0,5,9,14,0,28,2,0,2,30
05/30/2022,ASE,CO,ANM,WE,Combined TRACON& Tower with Radar,2,6,15,0,23,0,0,1,0,1,2,6,16,0,24,1,0,1,25
05/31/2022,ASE,CO,ANM,WE,Combined TRACON& Tower with Radar,14,34,41,0,89,0,0,7,0,7,14,34,48,0,96,28,0,28,124
06/01/2022,ASE,CO,ANM,WE,Combined TRACON& Tower with Radar,14,22,35,0,71,0,0,3,0,3,14,22,38,0,74,18,0,18,92
06/02/2022,ASE,CO,ANM,WE,Combined TRACON& Tower with Radar,16,32,31,0,79,0,0,16,0,16,16,32,47,0,95,20,1,21,116
06/03/2022,ASE,CO,ANM,WE,Combined TRACON& Tower with Radar,28,40,38,0,106,0,0,4,0,4,28,40,42,0,110,15,0,15,125
06/04/2022,ASE,CO,ANM,WE,Combined TRACON& Tower with Radar,34,29,38,0,101,0,0,5,0,5,34,29,43,0,106,42,0,42,148
06/05/2022,ASE,CO,ANM,WE,Combined TRACON& Tower with Radar,34,52,51,0,137,0,0,5,0,5,34,52,56,0,142,18,0,18,160
06/06/2022,ASE,CO,ANM,WE,Combined TRACON& Tower with Radar,35,25,40,0,100,0,0,1,0,1,35,25,41,0,101,28,0,28,129
06/07/2022,ASE,CO,ANM,WE,Combined TRACON& Tower with Radar,30,14,24,2,70,0,0,13,0,13,30,14,37,2,83,25,7,32,115
06/08/2022,ASE,CO,ANM,WE,Combined TRACON& Tower with Radar,33,29,47,0,109,0,0,11,0,11,33,29,58,0,120,37,0,37,157
06/09/2022,ASE,CO,ANM,WE,Combined TRACON& Tower with Radar,33,28,41,3,105,0,2,5,0,7,33,30,46,3,112,21,5,26,138
06/10/2022,ASE,CO,ANM,WE,Combined TRACON& Tower with Radar,33,21,53,0,107,0,0,6,0,6,33,21,59,0,113,42,0,42,155
06/11/2022,ASE,CO,ANM,WE,Combined TRACON& Tower with Radar,34,35,26,0,95,0,0,7,0,7,34,35,33,0,102,12,1,13,115
06/12/2022,ASE,CO,ANM,WE,Combined TRACON& Tower with Radar,29,45,66,0,140,0,2,7,0,9,29,47,73,0,149,17,4,21,170
06/13/2022,ASE,CO,ANM,WE,Combined TRACON& Tower with Radar,33,14,36,0,83,0,0,2,0,2,33,14,38,0,85,10,0,10,95
06/14/2022,ASE,CO,ANM,WE,Combined TRACON& Tower with Radar,34,19,31,0,84,0,1,6,0,7,34,20,37,0,91,24,0,24,115
06/15/2022,ASE,CO,ANM,WE,Combined TRACON& Tower with Radar,35,39,57,2,133,0,0,8,0,8,35,39,65,2,141,35,4,39,180
06/16/2022,ASE,CO,ANM,WE,Combined TRACON& Tower with Radar,34,60,72,0,166,0,1,12,0,13,34,61,84,0,179,35,2,37,216
06/17/2022,ASE,CO,ANM,WE,Combined TRACON& Tower with Radar,32,34,36,0,102,0,0,10,0,10,32,34,46,0,112,8,0,8,120
06/18/2022,ASE,CO,ANM,WE,Combined TRACON& Tower with Radar,33,45,39,0,117,0,0,5,0,5,33,45,44,0,122,17,1,18,140
06/19/2022,ASE,CO,ANM,WE,Combined TRACON& Tower with Radar,26,42,77,0,145,0,0,4,0,4,26,42,81,0,149,2,0,2,151
06/20/2022,ASE,CO,ANM,WE,Combined TRACON& Tower with Radar,33,47,56,0,136,0,0,5,0,5,33,47,61,0,141,18,0,18,159
06/21/2022,ASE,CO,ANM,WE,Combined TRACON& Tower with Radar,32,40,37,0,109,0,0,13,2,15,32,40,50,2,124,15,4,19,143
06/22/2022,ASE,CO,ANM,WE,Combined TRACON& Tower with Radar,33,57,38,0,128,0,0,9,0,9,33,57,47,0,137,53,2,55,192
06/23/2022,ASE,CO,ANM,WE,Combined TRACON& Tower with Radar,33,50,60,0,143,0,0,6,0,6,33,50,66,0,149,7,0,7,156
06/24/2022,ASE,CO,ANM,WE,Combined TRACON& Tower with Radar,34,56,83,0,173,0,0,6,0,6,34,56,89,0,179,26,0,26,205
06/25/2022,ASE,CO,ANM,WE,Combined TRACON& Tower with Radar,30,58,39,0,127,0,0,8,0,8,30,58,47,0,135,19,0,19,154
06/26/2022,ASE,CO,ANM,WE,Combined TRACON& Tower with Radar,26,43,83,1,153,0,0,6,0,6,26,43,89,1,159,5,0,5,164
06/27/2022,ASE,CO,ANM,WE,Combined TRACON& Tower with Radar,31,69,58,0,158,0,0,9,0,9,31,69,67,0,167,26,0,26,193
06/28/2022,ASE,CO,ANM,WE,Combined TRACON& Tower with Radar,30,34,45,0,109,0,0,6,0,6,30,34,51,0,115,17,0,17,132
06/29/2022,ASE,CO,ANM,WE,Combined TRACON& Tower with Radar,32,76,61,0,169,0,0,6,1,7,32,76,67,1,176,18,2,20,196
06/30/2022,ASE,CO,ANM,WE,Combined TRACON& Tower with Radar,32,79,73,0,184,0,0,1,0,1,32,79,74,0,185,19,0,19,204
07/01/2022,ASE,CO,ANM,WE,Combined TRACON& Tower with Radar,32,82,127,0,241,0,2,7,0,9,32,84,134,0,250,24,0,24,274
07/02/2022,ASE,CO,ANM,WE,Combined TRACON& Tower with Radar,33,93,88,0,214,0,0,16,0,16,33,93,104,0,230,35,0,35,265
07/03/2022,ASE,CO,ANM,WE,Combined TRACON& Tower with Radar,32,61,79,0,172,0,0,6,0,6,32,61,85,0,178,28,0,28,206
07/04/2022,ASE,CO,ANM,WE,Combined TRACON& Tower with Radar,34,35,29,0,98,0,0,4,0,4,34,35,33,0,102,9,0,9,111
07/05/2022,ASE,CO,ANM,WE,Combined TRACON& Tower with Radar,33,57,105,0,195,0,0,7,0,7,33,57,112,0,202,5,0,5,207
07/06/2022,ASE,CO,ANM,WE,Combined TRACON& Tower with Radar,31,47,70,3,151,0,0,8,1,9,31,47,78,4,160,16,4,20,180
07/07/2022,ASE,CO,ANM,WE,Combined TRACON& Tower with Radar,31,53,73,0,157,0,1,17,0,18,31,54,90,0,175,24,0,24,199
07/08/2022,ASE,CO,ANM,WE,Combined TRACON& Tower with Radar,33,50,83,0,166,0,6,10,2,18,33,56,93,2,184,19,0,19,203
07/09/2022,ASE,CO,ANM,WE,Combined TRACON& Tower with Radar,34,57,64,0,155,0,1,9,0,10,34,58,73,0,165,19,0,19,184
07/10/2022,ASE,CO,ANM,WE,Combined TRACON& Tower with Radar,28,97,101,0,226,0,0,10,0,10,28,97,111,0,236,11,0,11,247
07/11/2022,ASE,CO,ANM,WE,Combined TRACON& Tower with Radar,33,63,67,0,163,0,0,3,0,3,33,63,70,0,166,8,0,8,174
07/12/2022,ASE,CO,ANM,WE,Combined TRACON& Tower with Radar,32,37,39,0,108,0,1,8,0,9,32,38,47,0,117,35,0,35,152
07/13/2022,ASE,CO,ANM,WE,Combined TRACON& Tower with Radar,31,39,57,0,127,0,0,1,4,5,31,39,58,4,132,5,0,5,137
07/14/2022,ASE,CO,ANM,WE,Combined TRACON& Tower with Radar,30,53,67,0,150,0,0,4,0,4,30,53,71,0,154,4,0,4,158
07/15/2022,ASE,CO,ANM,WE,Combined TRACON& Tower with Radar,33,73,79,0,185,0,1,7,3,11,33,74,86,3,196,6,0,6,202
07/16/2022,ASE,CO,ANM,WE,Combined TRACON& Tower with Radar,33,61,58,0,152,0,0,9,0,9,33,61,67,0,161,21,0,21,182
07/17/2022,ASE,CO,ANM,WE,Combined TRACON& Tower with Radar,33,85,86,0,204,0,0,9,0,9,33,85,95,0,213,22,0,22,235
07/18/2022,ASE,CO,ANM,WE,Combined TRACON& Tower with Radar,35,50,64,0,149,0,0,1,0,1,35,50,65,0,150,39,0,39,189
07/19/2022,ASE,CO,ANM,WE,Combined TRACON& Tower with Radar,33,51,68,7,159,0,0,10,0,10,33,51,78,7,169,20,0,20,189
07/20/2022,ASE,CO,ANM,WE,Combined TRACON& Tower with Radar,29,63,76,8,176,0,0,9,0,9,29,63,85,8,185,22,0,22,207
07/21/2022,ASE,CO,ANM,WE,Combined TRACON& Tower with Radar,32,60,66,2,160,0,2,14,1,17,32,62,80,3,177,42,0,42,219
07/22/2022,ASE,CO,ANM,WE,Combined TRACON& Tower with Radar,34,60,72,6,172,0,0,8,0,8,34,60,80,6,180,16,0,16,196
07/23/2022,ASE,CO,ANM,WE,Combined TRACON& Tower with Radar,34,66,68,1,169,0,0,7,0,7,34,66,75,1,176,4,0,4,180
07/24/2022,ASE,CO,ANM,WE,Combined TRACON& Tower with Radar,26,69,114,1,210,0,0,6,0,6,26,69,120,1,216,4,0,4,220
07/25/2022,ASE,CO,ANM,WE,Combined TRACON& Tower with Radar,31,48,75,0,154,0,0,4,0,4,31,48,79,0,158,6,0,6,164
07/26/2022,ASE,CO,ANM,WE,Combined TRACON& Tower with Radar,33,57,58,1,149,0,0,7,0,7,33,57,65,1,156,14,0,14,170
07/27/2022,ASE,CO,ANM,WE,Combined TRACON& Tower with Radar,33,60,59,0,152,0,0,5,1,6,33,60,64,1,158,19,1,20,178
07/28/2022,ASE,CO,ANM,WE,Combined TRACON& Tower with Radar,32,63,92,0,187,0,0,3,0,3,32,63,95,0,190,2,0,2,192
07/29/2022,ASE,CO,ANM,WE,Combined TRACON& Tower with Radar,30,57,76,0,163,0,0,7,0,7,30,57,83,0,170,12,0,12,182
07/30/2022,ASE,CO,ANM,WE,Combined TRACON& Tower with Radar,35,49,91,0,175,0,0,9,0,9,35,49,100,0,184,10,0,10,194
07/31/2022,ASE,CO,ANM,WE,Combined TRACON& Tower with Radar,32,107,105,0,244,0,0,11,0,11,32,107,116,0,255,17,0,17,272
08/01/2022,ASE,CO,ANM,WE,Combined TRACON& Tower with Radar,33,77,86,0,196,0,0,6,0,6,33,77,92,0,202,9,0,9,211
08/02/2022,ASE,CO,ANM,WE,Combined TRACON& Tower with Radar,31,53,54,0,138,0,0,8,0,8,31,53,62,0,146,14,0,14,160
08/03/2022,ASE,CO,ANM,WE,Combined TRACON& Tower with Radar,29,67,72,0,168,0,0,11,0,11,29,67,83,0,179,21,0,21,200
08/04/2022,ASE,CO,ANM,WE,Combined TRACON& Tower with Radar,33,68,82,0,183,0,0,8,0,8,33,68,90,0,191,7,0,7,198
08/05/2022,ASE,CO,ANM,WE,Combined TRACON& Tower with Radar,32,51,73,0,156,0,0,7,0,7,32,51,80,0,163,13,0,13,176
08/06/2022,ASE,CO,ANM,WE,Combined TRACON& Tower with Radar,32,89,67,0,188,0,0,14,0,14,32,89,81,0,202,19,0,19,221
08/07/2022,ASE,CO,ANM,WE,Combined TRACON& Tower with Radar,33,93,104,0,230,0,0,12,0,12,33,93,116,0,242,12,0,12,254
08/08/2022,ASE,CO,ANM,WE,Combined TRACON& Tower with Radar,33,58,70,2,163,0,0,5,0,5,33,58,75,2,168,15,0,15,183
08/09/2022,ASE,CO,ANM,WE,Combined TRACON& Tower with Radar,32,69,41,0,142,0,1,10,0,11,32,70,51,0,153,22,2,24,177
08/10/2022,ASE,CO,ANM,WE,Combined TRACON& Tower with Radar,32,65,80,2,179,0,0,11,0,11,32,65,91,2,190,12,0,12,202
08/11/2022,ASE,CO,ANM,WE,Combined TRACON& Tower with Radar,31,84,63,2,180,0,0,10,0,10,31,84,73,2,190,32,1,33,223
08/12/2022,ASE,CO,ANM,WE,Combined TRACON& Tower with Radar,34,81,89,0,204,0,0,11,0,11,34,81,100,0,215,33,0,33,248
08/13/2022,ASE,CO,ANM,WE,Combined TRACON& Tower with Radar,35,63,78,0,176,0,0,5,0,5,35,63,83,0,181,9,3,12,193
08/14/2022,ASE,CO,ANM,WE,Combined TRACON& Tower with Radar,27,131,86,0,244,0,0,11,0,11,27,131,97,0,255,44,1,45,300
08/15/2022,ASE,CO,ANM,WE,Combined TRACON& Tower with Radar,22,57,63,0,142,0,0,4,0,4,22,57,67,0,146,15,0,15,161
08/16/2022,ASE,CO,ANM,WE,Combined TRACON& Tower with Radar,31,65,58,0,154,0,0,2,0,2,31,65,60,0,156,6,0,6,162
08/17/2022,ASE,CO,ANM,WE,Combined TRACON& Tower with Radar,31,53,73,0,157,0,0,6,0,6,31,53,79,0,163,9,0,9,172
08/18/2022,ASE,CO,ANM,WE,Combined TRACON& Tower with Radar,33,72,67,0,172,0,0,8,0,8,33,72,75,0,180,19,0,19,199
08/19/2022,ASE,CO,ANM,WE,Combined TRACON& Tower with Radar,33,81,68,0,182,0,0,11,0,11,33,81,79,0,193,35,0,35,228
08/20/2022,ASE,CO,ANM,WE,Combined TRACON& Tower with Radar,33,64,45,0,142,0,0,2,0,2,33,64,47,0,144,3,1,4,148
08/21/2022,ASE,CO,ANM,WE,Combined TRACON& Tower with Radar,27,75,93,0,195,0,0,2,0,2,27,75,95,0,197,3,0,3,200
08/22/2022,ASE,CO,ANM,WE,Combined TRACON& Tower with Radar,31,59,47,0,137,0,0,3,0,3,31,59,50,0,140,15,0,15,155
08/23/2022,ASE,CO,ANM,WE,Combined TRACON& Tower with Radar,34,55,26,0,115,0,0,8,0,8,34,55,34,0,123,18,0,18,141
08/24/2022,ASE,CO,ANM,WE,Combined TRACON& Tower with Radar,33,51,28,0,112,0,0,7,0,7,33,51,35,0,119,30,0,30,149
08/25/2022,ASE,CO,ANM,WE,Combined TRACON& Tower with Radar,32,82,52,0,166,0,0,3,0,3,32,82,55,0,169,11,0,11,180
08/26/2022,ASE,CO,ANM,WE,Combined TRACON& Tower with Radar,33,67,57,0,157,0,0,1,0,1,33,67,58,0,158,40,0,40,198
08/27/2022,ASE,CO,ANM,WE,Combined TRACON& Tower with Radar,36,55,46,0,137,0,0,7,0,7,36,55,53,0,144,34,1,35,179
08/28/2022,ASE,CO,ANM,WE,Combined TRACON& Tower with Radar,33,74,62,0,169,0,0,10,0,10,33,74,72,0,179,13,0,13,192
08/29/2022,ASE,CO,ANM,WE,Combined TRACON& Tower with Radar,34,52,61,0,147,0,0,12,0,12,34,52,73,0,159,21,0,21,180
08/30/2022,ASE,CO,ANM,WE,Combined TRACON& Tower with Radar,33,57,48,0,138,0,0,4,0,4,33,57,52,0,142,46,1,47,189
08/31/2022,ASE,CO,ANM,WE,Combined TRACON& Tower with Radar,30,55,65,0,150,0,1,10,0,11,30,56,75,0,161,15,6,21,182
09/01/2022,ASE,CO,ANM,WE,Combined TRACON& Tower with Radar,33,68,65,0,166,0,0,10,0,10,33,68,75,0,176,17,0,17,193
09/02/2022,ASE,CO,ANM,WE,Combined TRACON& Tower with Radar,31,72,130,0,233,0,1,7,2,10,31,73,137,2,243,59,0,59,302
09/03/2022,ASE,CO,ANM,WE,Combined TRACON& Tower with Radar,33,57,33,2,125,0,2,9,0,11,33,59,42,2,136,31,0,31,167
09/04/2022,ASE,CO,ANM,WE,Combined TRACON& Tower with Radar,28,57,50,0,135,0,0,6,0,6,28,57,56,0,141,10,5,15,156
09/05/2022,ASE,CO,ANM,WE,Combined TRACON& Tower with Radar,27,102,133,0,262,0,0,5,0,5,27,102,138,0,267,0,0,0,267
09/06/2022,ASE,CO,ANM,WE,Combined TRACON& Tower with Radar,27,74,84,0,185,0,0,4,0,4,27,74,88,0,189,43,0,43,232
09/07/2022,ASE,CO,ANM,WE,Combined TRACON& Tower with Radar,27,62,39,0,128,0,0,14,0,14,27,62,53,0,142,31,0,31,173
09/08/2022,ASE,CO,ANM,WE,Combined TRACON& Tower with Radar,30,38,36,0,104,0,0,5,2,7,30,38,41,2,111,36,0,36,147
09/09/2022,ASE,CO,ANM,WE,Combined TRACON& Tower with Radar,32,19,45,0,96,0,0,2,2,4,32,19,47,2,100,8,0,8,108
09/10/2022,ASE,CO,ANM,WE,Combined TRACON& Tower with Radar,33,30,18,1,82,0,0,4,0,4,33,30,22,1,86,26,0,26,112
09/11/2022,ASE,CO,ANM,WE,Combined TRACON& Tower with Radar,31,52,52,2,137,0,0,12,1,13,31,52,64,3,150,20,0,20,170
09/12/2022,ASE,CO,ANM,WE,Combined TRACON& Tower with Radar,28,40,41,0,109,0,0,3,0,3,28,40,44,0,112,33,0,33,145
09/13/2022,ASE,CO,ANM,WE,Combined TRACON& Tower with Radar,25,32,41,0,98,0,0,6,0,6,25,32,47,0,104,26,0,26,130
09/14/2022,ASE,CO,ANM,WE,Combined TRACON& Tower with Radar,26,37,35,0,98,0,0,0,3,3,26,37,35,3,101,21,2,23,124
09/15/2022,ASE,CO,ANM,WE,Combined TRACON& Tower with Radar,30,49,45,0,124,0,0,4,0,4,30,49,49,0,128,23,0,23,151
09/16/2022,ASE,CO,ANM,WE,Combined TRACON& Tower with Radar,30,36,44,0,110,0,0,6,0,6,30,36,50,0,116,41,0,41,157
09/17/2022,ASE,CO,ANM,WE,Combined TRACON& Tower with Radar,32,35,29,0,96,0,0,2,0,2,32,35,31,0,98,47,0,47,145
09/18/2022,ASE,CO,ANM,WE,Combined TRACON& Tower with Radar,32,45,48,0,125,0,0,5,0,5,32,45,53,0,130,15,0,15,145
09/19/2022,ASE,CO,ANM,WE,Combined TRACON& Tower with Radar,28,49,63,0,140,0,1,1,2,4,28,50,64,2,144,64,3,67,211
09/20/2022,ASE,CO,ANM,WE,Combined TRACON& Tower with Radar,27,34,40,2,103,0,0,5,1,6,27,34,45,3,109,78,3,81,190
09/21/2022,ASE,CO,ANM,WE,Combined TRACON& Tower with Radar,27,31,31,0,89,0,0,0,0,0,27,31,31,0,89,25,0,25,114
09/22/2022,ASE,CO,ANM,WE,Combined TRACON& Tower with Radar,28,54,74,0,156,0,0,1,0,1,28,54,75,0,157,18,0,18,175
09/23/2022,ASE,CO,ANM,WE,Combined TRACON& Tower with Radar,26,44,82,2,154,0,0,12,0,12,26,44,94,2,166,43,0,43,209
09/24/2022,ASE,CO,ANM,WE,Combined TRACON& Tower with Radar,33,84,52,0,169,0,0,6,1,7,33,84,58,1,176,20,0,20,196
09/25/2022,ASE,CO,ANM,WE,Combined TRACON& Tower with Radar,30,84,91,0,205,0,1,7,0,8,30,85,98,0,213,44,0,44,257
09/26/2022,ASE,CO,ANM,WE,Combined TRACON& Tower with Radar,28,53,51,0,132,0,0,5,0,5,28,53,56,0,137,38,0,38,175
09/27/2022,ASE,CO,ANM,WE,Combined TRACON& Tower with Radar,27,47,38,0,112,0,0,6,0,6,27,47,44,0,118,31,12,43,161
09/28/2022,ASE,CO,ANM,WE,Combined TRACON& Tower with Radar,27,38,31,0,96,0,0,2,0,2,27,38,33,0,98,2,0,2,100
09/29/2022,ASE,CO,ANM,WE,Combined TRACON& Tower with Radar,29,68,57,0,154,0,0,3,0,3,29,68,60,0,157,13,0,13,170
09/30/2022,ASE,CO,ANM,WE,Combined TRACON& Tower with Radar,25,57,47,0,129,0,0,0,0,0,25,57,47,0,129,15,1,16,145
10/01/2022,ASE,CO,ANM,WE,Combined TRACON& Tower with Radar,23,43,38,0,104,0,0,2,0,2,23,43,40,0,106,49,0,49,155
10/02/2022,ASE,CO,ANM,WE,Combined TRACON& Tower with Radar,25,78,59,0,162,0,0,1,0,1,25,78,60,0,163,4,0,4,167
10/03/2022,ASE,CO,ANM,WE,Combined TRACON& Tower with Radar,25,41,35,0,101,0,0,2,0,2,25,41,37,0,103,10,0,10,113
10/04/2022,ASE,CO,ANM,WE,Combined TRACON& Tower with Radar,24,32,30,0,86,0,0,10,0,10,24,32,40,0,96,14,0,14,110
10/05/2022,ASE,CO,ANM,WE,Combined TRACON& Tower with Radar,25,35,33,0,93,0,0,5,0,5,25,35,38,0,98,26,2,28,126
10/06/2022,ASE,CO,ANM,WE,Combined TRACON& Tower with Radar,19,37,52,0,108,0,0,13,0,13,19,37,65,0,121,41,1,42,163
10/07/2022,ASE,CO,ANM,WE,Combined TRACON& Tower with Radar,19,52,52,0,123,0,0,5,0,5,19,52,57,0,128,27,0,27,155
10/08/2022,ASE,CO,ANM,WE,Combined TRACON& Tower with Radar,19,35,29,0,83,0,0,4,0,4,19,35,33,0,87,34,0,34,121
10/09/2022,ASE,CO,ANM,WE,Combined TRACON& Tower with Radar,19,40,38,0,97,0,0,10,0,10,19,40,48,0,107,29,0,29,136
10/10/2022,ASE,CO,ANM,WE,Combined TRACON& Tower with Radar,19,47,49,0,115,0,0,10,0,10,19,47,59,0,125,37,1,38,163
10/11/2022,ASE,CO,ANM,WE,Combined TRACON& Tower with Radar,16,25,30,4,75,0,0,7,0,7,16,25,37,4,82,7,0,7,89
10/12/2022,ASE,CO,ANM,WE,Combined TRACON& Tower with Radar,19,24,46,0,89,0,0,7,0,7,19,24,53,0,96,4,0,4,100
10/13/2022,ASE,CO,ANM,WE,Combined TRACON& Tower with Radar,18,25,39,0,82,0,0,12,1,13,18,25,51,1,95,13,2,15,110
10/14/2022,ASE,CO,ANM,WE,Combined TRACON& Tower with Radar,18,31,36,0,85,0,0,10,0,10,18,31,46,0,95,30,1,31,126
10/15/2022,ASE,CO,ANM,WE,Combined TRACON& Tower with Radar,19,22,25,2,68,0,0,12,1,13,19,22,37,3,81,39,1,40,121
10/16/2022,ASE,CO,ANM,WE,Combined TRACON& Tower with Radar,18,38,40,0,96,0,0,6,0,6,18,38,46,0,102,16,0,16,118
10/17/2022,ASE,CO,ANM,WE,Combined TRACON& Tower with Radar,19,31,24,1,75,0,0,6,1,7,19,31,30,2,82,20,0,20,102
10/18/2022,ASE,CO,ANM,WE,Combined TRACON& Tower with Radar,17,21,17,0,55,0,0,9,0,9,17,21,26,0,64,13,0,13,77
10/19/2022,ASE,CO,ANM,WE,Combined TRACON& Tower with Radar,19,29,29,0,77,0,0,6,1,7,19,29,35,1,84,33,0,33,117
10/20/2022,ASE,CO,ANM,WE,Combined TRACON& Tower with Radar,19,41,32,0,92,0,0,5,1,6,19,41,37,1,98,16,2,18,116
10/21/2022,ASE,CO,ANM,WE,Combined TRACON& Tower with Radar,21,18,28,0,67,0,0,4,0,4,21,18,32,0,71,25,0,25,96
10/22/2022,ASE,CO,ANM,WE,Combined TRACON& Tower with Radar,18,13,10,0,41,0,0,1,0,1,18,13,11,0,42,9,0,9,51
10/23/2022,ASE,CO,ANM,WE,Combined TRACON& Tower with Radar,3,3,5,0,11,0,0,0,0,0,3,3,5,0,11,0,0,0,11
10/24/2022,ASE,CO,ANM,WE,Combined TRACON& Tower with Radar,2,12,21,0,35,0,0,0,0,0,2,12,21,0,35,0,0,0,35
10/25/2022,ASE,CO,ANM,WE,Combined TRACON& Tower with Radar,19,13,22,0,54,0,0,3,0,3,19,13,25,0,57,32,0,32,89
10/26/2022,ASE,CO,ANM,WE,Combined TRACON& Tower with Radar,13,11,8,0,32,0,0,0,0,0,13,11,8,0,32,0,0,0,32
10/27/2022,ASE,CO,ANM,WE,Combined TRACON& Tower with Radar,20,3,11,0,34,0,0,0,0,0,20,3,11,0,34,0,2,2,36
10/28/2022,ASE,CO,ANM,WE,Combined TRACON& Tower with Radar,18,27,21,2,68,0,0,14,0,14,18,27,35,2,82,40,0,40,122
10/29/2022,ASE,CO,ANM,WE,Combined TRACON& Tower with Radar,18,11,8,0,37,0,0,5,2,7,18,11,13,2,44,38,0,38,82
10/30/2022,ASE,CO,ANM,WE,Combined TRACON& Tower with Radar,17,25,9,0,51,0,0,8,0,8,17,25,17,0,59,64,0,64,123
10/31/2022,ASE,CO,ANM,WE,Combined TRACON& Tower with Radar,16,16,18,0,50,0,0,7,0,7,16,16,25,0,57,44,0,44,101
11/01/2022,ASE,CO,ANM,WE,Combined TRACON& Tower with Radar,16,10,14,0,40,0,0,10,0,10,16,10,24,0,50,12,2,14,64
11/02/2022,ASE,CO,ANM,WE,Combined TRACON& Tower with Radar,16,8,22,0,46,0,0,0,0,0,16,8,22,0,46,3,0,3,49
11/03/2022,ASE,CO,ANM,WE,Combined TRACON& Tower with Radar,9,5,3,0,17,0,0,0,0,0,9,5,3,0,17,0,0,0,17
11/04/2022,ASE,CO,ANM,WE,Combined TRACON& Tower with Radar,14,4,20,0,38,0,0,0,0,0,14,4,20,0,38,2,0,2,40
11/05/2022,ASE,CO,ANM,WE,Combined TRACON& Tower with Radar,14,13,12,0,39,0,0,0,0,0,14,13,12,0,39,0,0,0,39
11/06/2022,ASE,CO,ANM,WE,Combined TRACON& Tower with Radar,14,17,17,0,48,0,0,2,0,2,14,17,19,0,50,5,0,5,55
11/07/2022,ASE,CO,ANM,WE,Combined TRACON& Tower with Radar,14,16,10,0,40,0,0,3,2,5,14,16,13,2,45,6,3,9,54
11/08/2022,ASE,CO,ANM,WE,Combined TRACON& Tower with Radar,15,9,8,4,36,0,0,0,0,0,15,9,8,4,36,4,0,4,40
11/09/2022,ASE,CO,ANM,WE,Combined TRACON& Tower with Radar,3,2,4,0,9,0,0,0,0,0,3,2,4,0,9,0,0,0,9
11/10/2022,ASE,CO,ANM,WE,Combined TRACON& Tower with Radar,14,16,20,0,50,0,0,1,0,1,14,16,21,0,51,27,0,27,78
11/11/2022,ASE,CO,ANM,WE,Combined TRACON& Tower with Radar,15,25,22,0,62,0,0,1,0,1,15,25,23,0,63,12,0,12,75
11/12/2022,ASE,CO,ANM,WE,Combined TRACON& Tower with Radar,14,18,13,0,45,0,1,8,0,9,14,19,21,0,54,36,0,36,90
11/13/2022,ASE,CO,ANM,WE,Combined TRACON& Tower with Radar,13,26,12,0,51,0,0,4,1,5,13,26,16,1,56,64,0,64,120
11/14/2022,ASE,CO,ANM,WE,Combined TRACON& Tower with Radar,14,8,12,0,34,0,0,0,0,0,14,8,12,0,34,14,0,14,48
11/15/2022,ASE,CO,ANM,WE,Combined TRACON& Tower with Radar,13,17,9,0,39,0,0,7,0,7,13,17,16,0,46,15,0,15,61
11/16/2022,ASE,CO,ANM,WE,Combined TRACON& Tower with Radar,14,18,21,2,55,0,0,2,1,3,14,18,23,3,58,44,2,46,104
11/17/2022,ASE,CO,ANM,WE,Combined TRACON& Tower with Radar,15,27,17,0,59,0,0,2,0,2,15,27,19,0,61,47,0,47,108
11/18/2022,ASE,CO,ANM,WE,Combined TRACON& Tower with Radar,15,35,34,2,86,0,0,3,0,3,15,35,37,2,89,9,0,9,98
11/19/2022,ASE,CO,ANM,WE,Combined TRACON& Tower with Radar,16,37,19,0,72,0,0,4,3,7,16,37,23,3,79,21,3,24,103
11/20/2022,ASE,CO,ANM,WE,Combined TRACON& Tower with Radar,16,30,27,0,73,0,0,6,0,6,16,30,33,0,79,12,0,12,91
11/21/2022,ASE,CO,ANM,WE,Combined TRACON& Tower with Radar,16,18,25,0,59,0,0,5,0,5,16,18,30,0,64,38,0,38,102
11/22/2022,ASE,CO,ANM,WE,Combined TRACON& Tower with Radar,16,25,29,0,70,0,0,5,0,5,16,25,34,0,75,47,0,47,122
11/23/2022,ASE,CO,ANM,WE,Combined TRACON& Tower with Radar,16,20,37,0,73,0,0,3,0,3,16,20,40,0,76,4,0,4,80
11/24/2022,ASE,CO,ANM,WE,Combined TRACON& Tower with Radar,7,9,4,0,20,0,0,0,0,0,7,9,4,0,20,3,0,3,23
11/25/2022,ASE,CO,ANM,WE,Combined TRACON& Tower with Radar,17,21,21,0,59,0,0,8,0,8,17,21,29,0,67,20,0,20,87
11/26/2022,ASE,CO,ANM,WE,Combined TRACON& Tower with Radar,16,37,16,0,69,0,0,3,0,3,16,37,19,0,72,33,0,33,105
11/27/2022,ASE,CO,ANM,WE,Combined TRACON& Tower with Radar,15,51,61,0,127,0,0,2,0,2,15,51,63,0,129,0,0,0,129
11/28/2022,ASE,CO,ANM,WE,Combined TRACON& Tower with Radar,16,24,21,0,61,0,0,0,0,0,16,24,21,0,61,0,0,0,61
11/29/2022,ASE,CO,ANM,WE,Combined TRACON& Tower with Radar,11,2,2,0,15,0,0,0,0,0,11,2,2,0,15,0,0,0,15
11/30/2022,ASE,CO,ANM,WE,Combined TRACON& Tower with Radar,21,12,18,0,51,0,0,5,2,7,21,12,23,2,58,13,6,19,77
12/01/2022,ASE,CO,ANM,WE,Combined TRACON& Tower with Radar,21,14,15,0,50,0,0,8,0,8,21,14,23,0,58,8,0,8,66
12/02/2022,ASE,CO,ANM,WE,Combined TRACON& Tower with Radar,12,0,5,0,17,0,0,1,0,1,12,0,6,0,18,0,0,0,18
12/03/2022,ASE,CO,ANM,WE,Combined TRACON& Tower with Radar,21,7,10,0,38,0,0,1,0,1,21,7,11,0,39,0,0,0,39
12/04/2022,ASE,CO,ANM,WE,Combined TRACON& Tower with Radar,21,22,35,0,78,0,1,6,0,7,21,23,41,0,85,3,0,3,88
12/05/2022,ASE,CO,ANM,WE,Combined TRACON& Tower with Radar,21,21,17,0,59,0,0,0,0,0,21,21,17,0,59,1,0,1,60
12/06/2022,ASE,CO,ANM,WE,Combined TRACON& Tower with Radar,8,0,8,0,16,0,0,0,0,0,8,0,8,0,16,0,0,0,16
12/07/2022,ASE,CO,ANM,WE,Combined TRACON& Tower with Radar,19,15,20,0,54,0,1,1,0,2,19,16,21,0,56,18,0,18,74
12/08/2022,ASE,CO,ANM,WE,Combined TRACON& Tower with Radar,20,22,20,2,64,0,0,2,0,2,20,22,22,2,66,19,0,19,85
12/09/2022,ASE,CO,ANM,WE,Combined TRACON& Tower with Radar,21,27,31,0,79,0,0,8,0,8,21,27,39,0,87,13,0,13,100
12/10/2022,ASE,CO,ANM,WE,Combined TRACON& Tower with Radar,20,35,18,0,73,0,0,4,2,6,20,35,22,2,79,17,2,19,98
12/11/2022,ASE,CO,ANM,WE,Combined TRACON& Tower with Radar,20,29,37,0,86,0,0,8,0,8,20,29,45,0,94,38,0,38,132
12/12/2022,ASE,CO,ANM,WE,Combined TRACON& Tower with Radar,20,31,15,0,66,0,0,0,0,0,20,31,15,0,66,0,0,0,66
12/13/2022,ASE,CO,ANM,WE,Combined TRACON& Tower with Radar,0,2,3,0,5,0,0,0,0,0,0,2,3,0,5,0,0,0,5
12/14/2022,ASE,CO,ANM,WE,Combined TRACON& Tower with Radar,18,17,27,0,62,0,0,0,0,0,18,17,27,0,62,0,0,0,62
12/15/2022,ASE,CO,ANM,WE,Combined TRACON& Tower with Radar,37,12,16,0,65,0,0,1,0,1,37,12,17,0,66,0,0,0,66
12/16/2022,ASE,CO,ANM,WE,Combined TRACON& Tower with Radar,55,85,67,0,207,0,0,10,0,10,55,85,77,0,217,5,0,5,222
12/17/2022,ASE,CO,ANM,WE,Combined TRACON& Tower with Radar,63,100,64,0,227,0,0,8,0,8,63,100,72,0,235,38,0,38,273
12/18/2022,ASE,CO,ANM,WE,Combined TRACON& Tower with Radar,66,73,86,0,225,0,1,12,0,13,66,74,98,0,238,22,0,22,260
12/19/2022,ASE,CO,ANM,WE,Combined TRACON& Tower with Radar,66,77,60,0,203,0,0,4,0,4,66,77,64,0,207,12,0,12,219
12/20/2022,ASE,CO,ANM,WE,Combined TRACON& Tower with Radar,65,61,73,2,201,0,0,5,0,5,65,61,78,2,206,6,0,6,212
12/21/2022,ASE,CO,ANM,WE,Combined TRACON& Tower with Radar,63,52,41,0,156,0,0,1,0,1,63,52,42,0,157,3,0,3,160
12/22/2022,ASE,CO,ANM,WE,Combined TRACON& Tower with Radar,47,31,51,0,129,0,0,2,0,2,47,31,53,0,131,1,0,1,132
12/23/2022,ASE,CO,ANM,WE,Combined TRACON& Tower with Radar,50,109,79,1,239,0,0,2,1,3,50,109,81,2,242,9,0,9,251
12/24/2022,ASE,CO,ANM,WE,Combined TRACON& Tower with Radar,54,33,20,0,107,0,0,3,0,3,54,33,23,0,110,0,0,0,110
12/25/2022,ASE,CO,ANM,WE,Combined TRACON& Tower with Radar,57,81,28,0,166,0,0,0,0,0,57,81,28,0,166,1,0,1,167
12/26/2022,ASE,CO,ANM,WE,Combined TRACON& Tower with Radar,60,76,126,0,262,0,2,4,0,6,60,78,130,0,268,8,0,8,276
12/27/2022,ASE,CO,ANM,WE,Combined TRACON& Tower with Radar,66,80,106,0,252,0,0,3,0,3,66,80,109,0,255,1,0,1,256
12/28/2022,ASE,CO,ANM,WE,Combined TRACON& Tower with Radar,1,8,22,0,31,0,0,0,0,0,1,8,22,0,31,0,0,0,31
12/29/2022,ASE,CO,ANM,WE,Combined TRACON& Tower with Radar,53,28,39,0,120,0,0,2,0,2,53,28,41,0,122,0,0,0,122
12/30/2022,ASE,CO,ANM,WE,Combined TRACON& Tower with Radar,62,84,53,0,199,0,0,0,0,0,62,84,53,0,199,0,0,0,199
12/31/2022,ASE,CO,ANM,WE,Combined TRACON& Tower with Radar,57,26,21,0,104,0,0,0,0,0,57,26,21,0,104,0,0,0,104
01/01/2023,ASE,CO,ANM,WE,Combined TRACON& Tower with Radar,36,64,87,0,187,0,0,0,0,0,36,64,87,0,187,0,0,0,187
01/02/2023,ASE,CO,ANM,WE,Combined TRACON& Tower with Radar,49,51,111,0,211,0,0,1,0,1,49,51,112,0,212,0,0,0,212
01/03/2023,ASE,CO,ANM,WE,Combined TRACON& Tower with Radar,39,10,19,2,70,0,0,0,0,0,39,10,19,2,70,0,0,0,70
01/04/2023,ASE,CO,ANM,WE,Combined TRACON& Tower with Radar,61,45,48,0,154,0,1,0,0,1,61,46,48,0,155,2,0,2,157
01/05/2023,ASE,CO,ANM,WE,Combined TRACON& Tower with Radar,59,58,63,0,180,0,0,3,0,3,59,58,66,0,183,12,0,12,195
01/06/2023,ASE,CO,ANM,WE,Combined TRACON& Tower with Radar,51,10,11,0,72,0,0,0,0,0,51,10,11,0,72,0,0,0,72
01/07/2023,ASE,CO,ANM,WE,Combined TRACON& Tower with Radar,49,64,72,2,187,0,0,5,0,5,49,64,77,2,192,6,0,6,198
01/08/2023,ASE,CO,ANM,WE,Combined TRACON& Tower with Radar,61,71,77,0,209,0,0,1,0,1,61,71,78,0,210,8,0,8,218
01/09/2023,ASE,CO,ANM,WE,Combined TRACON& Tower with Radar,59,47,57,0,163,0,0,7,0,7,59,47,64,0,170,3,0,3,173
01/10/2023,ASE,CO,ANM,WE,Combined TRACON& Tower with Radar,53,22,13,0,88,0,0,1,0,1,53,22,14,0,89,14,0,14,103
01/11/2023,ASE,CO,ANM,WE,Combined TRACON& Tower with Radar,45,3,4,0,52,0,0,0,0,0,45,3,4,0,52,0,0,0,52
01/12/2023,ASE,CO,ANM,WE,Combined TRACON& Tower with Radar,54,69,48,0,171,0,0,8,2,10,54,69,56,2,181,31,0,31,212
01/13/2023,ASE,CO,ANM,WE,Combined TRACON& Tower with Radar,53,69,69,0,191,0,0,6,2,8,53,69,75,2,199,19,0,19,218
01/14/2023,ASE,CO,ANM,WE,Combined TRACON& Tower with Radar,53,60,50,0,163,0,0,2,0,2,53,60,52,0,165,7,0,7,172
01/15/2023,ASE,CO,ANM,WE,Combined TRACON& Tower with Radar,51,21,37,0,109,0,0,0,0,0,51,21,37,0,109,0,0,0,109
01/16/2023,ASE,CO,ANM,WE,Combined TRACON& Tower with Radar,51,94,59,0,204,0,0,2,0,2,51,94,61,0,206,0,0,0,206
01/17/2023,ASE,CO,ANM,WE,Combined TRACON& Tower with Radar,41,17,26,0,84,0,0,0,0,0,41,17,26,0,84,0,0,0,84
01/18/2023,ASE,CO,ANM,WE,Combined TRACON& Tower with Radar,17,1,5,0,23,0,0,0,0,0,17,1,5,0,23,0,0,0,23
01/19/2023,ASE,CO,ANM,WE,Combined TRACON& Tower with Radar,47,35,45,0,127,0,0,4,0,4,47,35,49,0,131,24,0,24,155
01/20/2023,ASE,CO,ANM,WE,Combined TRACON& Tower with Radar,53,48,34,0,135,0,0,2,0,2,53,48,36,0,137,2,0,2,139
01/21/2023,ASE,CO,ANM,WE,Combined TRACON& Tower with Radar,53,28,34,0,115,0,0,2,0,2,53,28,36,0,117,0,0,0,117
01/22/2023,ASE,CO,ANM,WE,Combined TRACON& Tower with Radar,54,56,51,0,161,0,0,7,0,7,54,56,58,0,168,7,0,7,175
01/23/2023,ASE,CO,ANM,WE,Combined TRACON& Tower with Radar,54,27,35,0,116,0,0,4,0,4,54,27,39,0,120,5,0,5,125
01/24/2023,ASE,CO,ANM,WE,Combined TRACON& Tower with Radar,49,33,32,0,114,0,0,0,0,0,49,33,32,0,114,0,0,0,114
01/25/2023,ASE,CO,ANM,WE,Combined TRACON& Tower with Radar,49,14,31,0,94,0,0,0,0,0,49,14,31,0,94,0,0,0,94
01/26/2023,ASE,CO,ANM,WE,Combined TRACON& Tower with Radar,51,70,57,0,178,0,0,4,0,4,51,70,61,0,182,37,0,37,219
01/27/2023,ASE,CO,ANM,WE,Combined TRACON& Tower with Radar,36,25,41,0,102,0,0,0,0,0,36,25,41,0,102,0,0,0,102
01/28/2023,ASE,CO,ANM,WE,Combined TRACON& Tower with Radar,33,7,23,0,63,0,0,0,0,0,33,7,23,0,63,0,0,0,63
01/29/2023,ASE,CO,ANM,WE,Combined TRACON& Tower with Radar,52,68,71,0,191,0,0,1,0,1,52,68,72,0,192,1,1,2,194
01/30/2023,ASE,CO,ANM,WE,Combined TRACON& Tower with Radar,6,10,22,0,38,0,0,0,0,0,6,10,22,0,38,0,0,0,38
01/31/2023,ASE,CO,ANM,WE,Combined TRACON& Tower with Radar,52,50,43,0,145,0,0,13,0,13,52,50,56,0,158,15,0,15,173
02/01/2023,ASE,CO,ANM,WE,Combined TRACON& Tower with Radar,49,56,34,0,139,0,0,8,0,8,49,56,42,0,147,12,1,13,160
02/02/2023,ASE,CO,ANM,WE,Combined TRACON& Tower with Radar,56,59,43,0,158,0,0,8,0,8,56,59,51,0,166,17,0,17,183
02/03/2023,ASE,CO,ANM,WE,Combined TRACON& Tower with Radar,58,45,38,0,141,0,0,4,0,4,58,45,42,0,145,16,0,16,161
02/04/2023,ASE,CO,ANM,WE,Combined TRACON& Tower with Radar,57,44,36,0,137,0,0,12,0,12,57,44,48,0,149,11,0,11,160
02/05/2023,ASE,CO,ANM,WE,Combined TRACON& Tower with Radar,61,58,49,0,168,0,0,6,0,6,61,58,55,0,174,13,0,13,187
02/06/2023,ASE,CO,ANM,WE,Combined TRACON& Tower with Radar,55,16,39,0,110,0,0,1,0,1,55,16,40,0,111,0,0,0,111
02/07/2023,ASE,CO,ANM,WE,Combined TRACON& Tower with Radar,57,37,28,0,122,0,0,6,0,6,57,37,34,0,128,12,0,12,140
02/08/2023,ASE,CO,ANM,WE,Combined TRACON& Tower with Radar,58,47,38,0,143,0,0,4,0,4,58,47,42,0,147,14,1,15,162
02/09/2023,ASE,CO,ANM,WE,Combined TRACON& Tower with Radar,59,46,37,2,144,0,0,2,0,2,59,46,39,2,146,4,0,4,150
02/10/2023,ASE,CO,ANM,WE,Combined TRACON& Tower with Radar,57,66,51,2,176,0,0,8,0,8,57,66,59,2,184,23,0,23,207
02/11/2023,ASE,CO,ANM,WE,Combined TRACON& Tower with Radar,58,51,39,2,150,0,0,1,0,1,58,51,40,2,151,4,0,4,155
02/12/2023,ASE,CO,ANM,WE,Combined TRACON& Tower with Radar,60,65,85,0,210,0,0,5,0,5,60,65,90,0,215,13,0,13,228
02/13/2023,ASE,CO,ANM,WE,Combined TRACON& Tower with Radar,59,75,56,0,190,0,0,5,0,5,59,75,61,0,195,5,0,5,200
02/14/2023,ASE,CO,ANM,WE,Combined TRACON& Tower with Radar,19,2,6,0,27,0,0,0,0,0,19,2,6,0,27,0,0,0,27
02/15/2023,ASE,CO,ANM,WE,Combined TRACON& Tower with Radar,15,18,15,0,48,0,0,0,0,0,15,18,15,0,48,2,0,2,50
02/16/2023,ASE,CO,ANM,WE,Combined TRACON& Tower with Radar,49,96,97,0,242,0,1,10,0,11,49,97,107,0,253,5,2,7,260
02/17/2023,ASE,CO,ANM,WE,Combined TRACON& Tower with Radar,60,99,83,0,242,0,4,4,0,8,60,103,87,0,250,8,0,8,258
02/18/2023,ASE,CO,ANM,WE,Combined TRACON& Tower with Radar,60,104,82,0,246,0,0,1,0,1,60,104,83,0,247,8,0,8,255
02/19/2023,ASE,CO,ANM,WE,Combined TRACON& Tower with Radar,61,27,34,0,122,0,0,4,0,4,61,27,38,0,126,2,0,2,128
02/20/2023,ASE,CO,ANM,WE,Combined TRACON& Tower with Radar,50,55,87,0,192,0,0,2,0,2,50,55,89,0,194,0,0,0,194
02/21/2023,ASE,CO,ANM,WE,Combined TRACON& Tower with Radar,59,91,71,0,221,0,0,3,0,3,59,91,74,0,224,4,1,5,229
02/22/2023,ASE,CO,ANM,WE,Combined TRACON& Tower with Radar,6,1,4,0,11,0,0,0,0,0,6,1,4,0,11,0,0,0,11
02/23/2023,ASE,CO,ANM,WE,Combined TRACON& Tower with Radar,48,65,59,0,172,0,0,0,0,0,48,65,59,0,172,0,0,0,172
02/24/2023,ASE,CO,ANM,WE,Combined TRACON& Tower with Radar,50,35,66,0,151,0,0,3,0,3,50,35,69,0,154,0,0,0,154
02/25/2023,ASE,CO,ANM,WE,Combined TRACON& Tower with Radar,54,119,90,0,263,0,1,7,0,8,54,120,97,0,271,8,0,8,279
02/26/2023,ASE,CO,ANM,WE,Combined TRACON& Tower with Radar,57,57,62,0,176,0,0,0,0,0,57,57,62,0,176,0,0,0,176
02/27/2023,ASE,CO,ANM,WE,Combined TRACON& Tower with Radar,57,53,47,0,157,0,0,2,0,2,57,53,49,0,159,10,0,10,169
02/28/2023,ASE,CO,ANM,WE,Combined TRACON& Tower with Radar,48,5,22,0,75,0,0,0,0,0,48,5,22,0,75,0,0,0,75
03/01/2023,ASE,CO,ANM,WE,Combined TRACON& Tower with Radar,60,21,43,0,124,0,0,0,0,0,60,21,43,0,124,0,0,0,124
03/02/2023,ASE,CO,ANM,WE,Combined TRACON& Tower with Radar,59,65,64,0,188,0,0,3,0,3,59,65,67,0,191,17,0,17,208
03/03/2023,ASE,CO,ANM,WE,Combined TRACON& Tower with Radar,34,28,19,0,81,0,0,4,0,4,34,28,23,0,85,4,0,4,89
03/04/2023,ASE,CO,ANM,WE,Combined TRACON& Tower with Radar,62,78,61,0,201,0,0,4,0,4,62,78,65,0,205,8,0,8,213
03/05/2023,ASE,CO,ANM,WE,Combined TRACON& Tower with Radar,60,40,67,0,167,0,0,0,0,0,60,40,67,0,167,4,0,4,171
03/06/2023,ASE,CO,ANM,WE,Combined TRACON& Tower with Radar,63,33,47,0,143,0,0,4,0,4,63,33,51,0,147,2,0,2,149
03/07/2023,ASE,CO,ANM,WE,Combined TRACON& Tower with Radar,61,31,44,0,136,0,0,1,0,1,61,31,45,0,137,3,0,3,140
03/08/2023,ASE,CO,ANM,WE,Combined TRACON& Tower with Radar,66,45,57,0,168,0,0,4,0,4,66,45,61,0,172,12,0,12,184
03/09/2023,ASE,CO,ANM,WE,Combined TRACON& Tower with Radar,61,54,59,0,174,0,0,7,1,8,61,54,66,1,182,20,1,21,203
03/10/2023,ASE,CO,ANM,WE,Combined TRACON& Tower with Radar,36,33,31,0,100,0,0,0,0,0,36,33,31,0,100,0,0,0,100
03/11/2023,ASE,CO,ANM,WE,Combined TRACON& Tower with Radar,63,53,51,0,167,0,0,1,0,1,63,53,52,0,168,2,0,2,170
03/12/2023,ASE,CO,ANM,WE,Combined TRACON& Tower with Radar,50,26,44,0,120,0,0,0,0,0,50,26,44,0,120,0,0,0,120
03/13/2023,ASE,CO,ANM,WE,Combined TRACON& Tower with Radar,59,63,50,0,172,0,0,1,0,1,59,63,51,0,173,11,0,11,184
03/14/2023,ASE,CO,ANM,WE,Combined TRACON& Tower with Radar,59,50,57,0,166,0,0,4,2,6,59,50,61,2,172,19,0,19,191
03/15/2023,ASE,CO,ANM,WE,Combined TRACON& Tower with Radar,63,18,19,0,100,0,0,0,0,0,63,18,19,0,100,0,0,0,100
03/16/2023,ASE,CO,ANM,WE,Combined TRACON& Tower with Radar,59,17,22,0,98,0,0,0,0,0,59,17,22,0,98,0,0,0,98
03/17/2023,ASE,CO,ANM,WE,Combined TRACON& Tower with Radar,60,93,84,0,237,0,0,4,0,4,60,93,88,0,241,33,0,33,274
03/18/2023,ASE,CO,ANM,WE,Combined TRACON& Tower with Radar,63,107,83,0,253,0,0,12,0,12,63,107,95,0,265,25,0,25,290
03/19/2023,ASE,CO,ANM,WE,Combined TRACON& Tower with Radar,64,101,90,0,255,0,2,2,0,4,64,103,92,0,259,32,0,32,291
03/20/2023,ASE,CO,ANM,WE,Combined TRACON& Tower with Radar,62,48,33,0,143,0,0,0,0,0,62,48,33,0,143,0,0,0,143
03/21/2023,ASE,CO,ANM,WE,Combined TRACON& Tower with Radar,62,39,15,0,116,0,0,1,0,1,62,39,16,0,117,1,0,1,118
03/22/2023,ASE,CO,ANM,WE,Combined TRACON& Tower with Radar,18,1,4,0,23,0,0,0,0,0,18,1,4,0,23,0,0,0,23
03/23/2023,ASE,CO,ANM,WE,Combined TRACON& Tower with Radar,55,55,61,0,171,0,0,2,0,2,55,55,63,0,173,3,0,3,176
03/24/2023,ASE,CO,ANM,WE,Combined TRACON& Tower with Radar,60,87,44,0,191,0,0,2,0,2,60,87,46,0,193,2,0,2,195
03/25/2023,ASE,CO,ANM,WE,Combined TRACON& Tower with Radar,56,40,48,0,144,0,0,0,0,0,56,40,48,0,144,0,0,0,144
03/26/2023,ASE,CO,ANM,WE,Combined TRACON& Tower with Radar,44,67,74,0,185,0,0,3,0,3,44,67,77,0,188,7,0,7,195
03/27/2023,ASE,CO,ANM,WE,Combined TRACON& Tower with Radar,42,17,23,1,83,0,0,1,0,1,42,17,24,1,84,2,0,2,86
03/28/2023,ASE,CO,ANM,WE,Combined TRACON& Tower with Radar,43,41,34,0,118,0,0,3,0,3,43,41,37,0,121,26,0,26,147
03/29/2023,ASE,CO,ANM,WE,Combined TRACON& Tower with Radar,43,28,24,0,95,0,0,1,2,3,43,28,25,2,98,2,0,2,100
03/30/2023,ASE,CO,ANM,WE,Combined TRACON& Tower with Radar,19,10,15,0,44,0,0,0,0,0,19,10,15,0,44,0,0,0,44
03/31/2023,ASE,CO,ANM,WE,Combined TRACON& Tower with Radar,49,10,10,0,69,0,0,0,0,0,49,10,10,0,69,0,0,0,69
04/01/2023,ASE,CO,ANM,WE,Combined TRACON& Tower with Radar,56,88,37,0,181,0,0,5,0,5,56,88,42,0,186,14,0,14,200
04/02/2023,ASE,CO,ANM,WE,Combined TRACON& Tower with Radar,24,50,19,0,93,0,0,5,0,5,24,50,24,0,98,13,0,13,111
04/03/2023,ASE,CO,ANM,WE,Combined TRACON& Tower with Radar,25,11,17,0,53,0,0,3,0,3,25,11,20,0,56,0,0,0,56
04/04/2023,ASE,CO,ANM,WE,Combined TRACON& Tower with Radar,14,5,10,0,29,0,0,0,0,0,14,5,10,0,29,0,0,0,29
04/05/2023,ASE,CO,ANM,WE,Combined TRACON& Tower with Radar,18,16,20,0,54,0,0,0,0,0,18,16,20,0,54,0,0,0,54
04/06/2023,ASE,CO,ANM,WE,Combined TRACON& Tower with Radar,15,61,42,0,118,0,0,11,0,11,15,61,53,0,129,22,0,22,151
04/07/2023,ASE,CO,ANM,WE,Combined TRACON& Tower with Radar,15,40,34,2,91,0,0,4,0,4,15,40,38,2,95,23,0,23,118
04/08/2023,ASE,CO,ANM,WE,Combined TRACON& Tower with Radar,15,37,41,0,93,0,0,0,0,0,15,37,41,0,93,45,0,45,138
04/09/2023,ASE,CO,ANM,WE,Combined TRACON& Tower with Radar,15,45,26,0,86,0,0,4,0,4,15,45,30,0,90,45,0,45,135
04/10/2023,ASE,CO,ANM,WE,Combined TRACON& Tower with Radar,15,30,46,0,91,0,0,8,0,8,15,30,54,0,99,49,0,49,148
04/11/2023,ASE,CO,ANM,WE,Combined TRACON& Tower with Radar,15,33,23,0,71,0,0,12,0,12,15,33,35,0,83,36,0,36,119
04/12/2023,ASE,CO,ANM,WE,Combined TRACON& Tower with Radar,15,20,16,0,51,0,0,6,0,6,15,20,22,0,57,3,0,3,60
04/13/2023,ASE,CO,ANM,WE,Combined TRACON& Tower with Radar,14,13,22,0,49,0,0,3,1,4,14,13,25,1,53,3,4,7,60
04/14/2023,ASE,CO,ANM,WE,Combined TRACON& Tower with Radar,7,10,10,0,27,0,0,0,0,0,7,10,10,0,27,0,0,0,27
04/15/2023,ASE,CO,ANM,WE,Combined TRACON& Tower with Radar,15,30,14,0,59,0,0,1,0,1,15,30,15,0,60,10,2,12,72
04/16/2023,ASE,CO,ANM,WE,Combined TRACON& Tower with Radar,15,41,42,0,98,0,0,3,0,3,15,41,45,0,101,39,0,39,140
04/17/2023,ASE,CO,ANM,WE,Combined TRACON& Tower with Radar,17,24,25,0,66,0,0,1,0,1,17,24,26,0,67,10,0,10,77
04/18/2023,ASE,CO,ANM,WE,Combined TRACON& Tower with Radar,15,11,15,0,41,0,0,2,0,2,15,11,17,0,43,3,0,3,46
04/19/2023,ASE,CO,ANM,WE,Combined TRACON& Tower with Radar,6,8,6,0,20,0,0,0,0,0,6,8,6,0,20,0,0,0,20
04/20/2023,ASE,CO,ANM,WE,Combined TRACON& Tower with Radar,13,19,9,0,41,0,0,1,1,2,13,19,10,1,43,3,1,4,47
04/21/2023,ASE,CO,ANM,WE,Combined TRACON& Tower with Radar,12,21,15,0,48,0,0,5,0,5,12,21,20,0,53,11,0,11,64
04/22/2023,ASE,CO,ANM,WE,Combined TRACON& Tower with Radar,13,9,11,0,33,0,0,0,0,0,13,9,11,0,33,0,0,0,33
04/23/2023,ASE,CO,ANM,WE,Combined TRACON& Tower with Radar,15,19,7,0,41,0,0,2,0,2,15,19,9,0,43,27,0,27,70
04/24/2023,ASE,CO,ANM,WE,Combined TRACON& Tower with Radar,15,9,22,0,46,0,0,3,0,3,15,9,25,0,49,26,0,26,75
04/25/2023,ASE,CO,ANM,WE,Combined TRACON& Tower with Radar,10,2,5,0,17,0,0,0,0,0,10,2,5,0,17,0,0,0,17
04/26/2023,ASE,CO,ANM,WE,Combined TRACON& Tower with Radar,15,15,8,0,38,0,0,1,0,1,15,15,9,0,39,3,0,3,42
04/27/2023,ASE,CO,ANM,WE,Combined TRACON& Tower with Radar,15,10,9,0,34,0,0,2,0,2,15,10,11,0,36,4,0,4,40
04/28/2023,ASE,CO,ANM,WE,Combined TRACON& Tower with Radar,15,5,8,0,28,0,0,2,0,2,15,5,10,0,30,9,0,9,39
04/29/2023,ASE,CO,ANM,WE,Combined TRACON& Tower with Radar,15,10,7,0,32,0,0,5,0,5,15,10,12,0,37,35,0,35,72
04/30/2023,ASE,CO,ANM,WE,Combined TRACON& Tower with Radar,15,11,15,0,41,0,0,7,0,7,15,11,22,0,48,17,0,17,65
05/01/2023,ASE,CO,ANM,WE,Combined TRACON& Tower with Radar,15,10,10,0,35,0,0,6,0,6,15,10,16,0,41,27,0,27,68
05/02/2023,ASE,CO,ANM,WE,Combined TRACON& Tower with Radar,15,9,18,0,42,0,0,1,0,1,15,9,19,0,43,16,0,16,59
05/03/2023,ASE,CO,ANM,WE,Combined TRACON& Tower with Radar,15,14,12,0,41,0,0,6,0,6,15,14,18,0,47,17,0,17,64
05/04/2023,ASE,CO,ANM,WE,Combined TRACON& Tower with Radar,17,11,13,0,41,0,0,2,0,2,17,11,15,0,43,8,0,8,51
05/05/2023,ASE,CO,ANM,WE,Combined TRACON& Tower with Radar,11,8,7,0,26,0,0,4,3,7,11,8,11,3,33,14,6,20,53
05/06/2023,ASE,CO,ANM,WE,Combined TRACON& Tower with Radar,14,14,12,0,40,0,0,3,0,3,14,14,15,0,43,8,2,10,53
05/07/2023,ASE,CO,ANM,WE,Combined TRACON& Tower with Radar,14,6,6,0,26,0,0,2,0,2,14,6,8,0,28,48,0,48,76
05/08/2023,ASE,CO,ANM,WE,Combined TRACON& Tower with Radar,14,21,17,0,52,0,0,9,0,9,14,21,26,0,61,37,0,37,98
05/09/2023,ASE,CO,ANM,WE,Combined TRACON& Tower with Radar,13,16,9,0,38,0,0,5,0,5,13,16,14,0,43,16,0,16,59
05/10/2023,ASE,CO,ANM,WE,Combined TRACON& Tower with Radar,0,0,1,0,1,0,0,3,0,3,0,0,4,0,4,0,0,0,4
05/11/2023,ASE,CO,ANM,WE,Combined TRACON& Tower with Radar,0,0,0,0,0,0,0,0,0,0,0,0,0,0,0,0,0,0,0
05/12/2023,ASE,CO,ANM,WE,Combined TRACON& Tower with Radar,0,0,0,0,0,0,0,0,0,0,0,0,0,0,0,0,0,0,0
05/13/2023,ASE,CO,ANM,WE,Combined TRACON& Tower with Radar,0,0,0,0,0,0,0,0,0,0,0,0,0,0,0,0,0,0,0
05/14/2023,ASE,CO,ANM,WE,Combined TRACON& Tower with Radar,0,0,0,0,0,0,0,0,0,0,0,0,0,0,0,0,0,0,0
05/15/2023,ASE,CO,ANM,WE,Combined TRACON& Tower with Radar,0,0,0,0,0,0,0,0,0,0,0,0,0,0,0,0,0,0,0
05/16/2023,ASE,CO,ANM,WE,Combined TRACON& Tower with Radar,0,0,0,0,0,0,0,0,0,0,0,0,0,0,0,0,0,0,0
05/17/2023,ASE,CO,ANM,WE,Combined TRACON& Tower with Radar,0,0,0,2,2,0,0,0,0,0,0,0,0,2,2,0,0,0,2
05/18/2023,ASE,CO,ANM,WE,Combined TRACON& Tower with Radar,0,0,0,0,0,0,0,0,0,0,0,0,0,0,0,0,0,0,0
05/19/2023,ASE,CO,ANM,WE,Combined TRACON& Tower with Radar,0,0,0,0,0,0,0,0,0,0,0,0,0,0,0,0,0,0,0
05/20/2023,ASE,CO,ANM,WE,Combined TRACON& Tower with Radar,0,0,0,0,0,0,0,0,0,0,0,0,0,0,0,0,0,0,0
05/21/2023,ASE,CO,ANM,WE,Combined TRACON& Tower with Radar,0,0,0,0,0,0,0,0,0,0,0,0,0,0,0,0,0,0,0
05/22/2023,ASE,CO,ANM,WE,Combined TRACON& Tower with Radar,0,0,0,0,0,0,0,0,0,0,0,0,0,0,0,0,0,0,0
05/23/2023,ASE,CO,ANM,WE,Combined TRACON& Tower with Radar,0,0,0,0,0,0,0,2,0,2,0,0,2,0,2,0,0,0,2
05/24/2023,ASE,CO,ANM,WE,Combined TRACON& Tower with Radar,0,0,1,0,1,0,0,1,0,1,0,0,2,0,2,0,0,0,2
05/25/2023,ASE,CO,ANM,WE,Combined TRACON& Tower with Radar,10,36,27,0,73,0,0,7,0,7,10,36,34,0,80,5,0,5,85
05/26/2023,ASE,CO,ANM,WE,Combined TRACON& Tower with Radar,12,50,36,0,98,0,0,8,0,8,12,50,44,0,106,8,0,8,114
05/27/2023,ASE,CO,ANM,WE,Combined TRACON& Tower with Radar,10,20,10,0,40,0,0,5,0,5,10,20,15,0,45,4,0,4,49
05/28/2023,ASE,CO,ANM,WE,Combined TRACON& Tower with Radar,14,24,23,0,61,0,0,4,0,4,14,24,27,0,65,4,0,4,69
05/29/2023,ASE,CO,ANM,WE,Combined TRACON& Tower with Radar,14,35,30,0,79,0,0,5,0,5,14,35,35,0,84,8,0,8,92
05/30/2023,ASE,CO,ANM,WE,Combined TRACON& Tower with Radar,15,23,27,0,65,0,0,2,0,2,15,23,29,0,67,10,4,14,81
05/31/2023,ASE,CO,ANM,WE,Combined TRACON& Tower with Radar,10,17,19,0,46,0,0,6,2,8,10,17,25,2,54,15,0,15,69
06/01/2023,ASE,CO,ANM,WE,Combined TRACON& Tower with Radar,23,31,34,0,88,0,0,6,0,6,23,31,40,0,94,10,0,10,104
06/02/2023,ASE,CO,ANM,WE,Combined TRACON& Tower with Radar,2,13,11,0,26,0,0,0,0,0,2,13,11,0,26,17,0,17,43
06/03/2023,ASE,CO,ANM,WE,Combined TRACON& Tower with Radar,34,31,22,0,87,0,0,3,0,3,34,31,25,0,90,1,0,1,91
06/04/2023,ASE,CO,ANM,WE,Combined TRACON& Tower with Radar,35,45,36,0,116,0,0,3,0,3,35,45,39,0,119,6,0,6,125
06/05/2023,ASE,CO,ANM,WE,Combined TRACON& Tower with Radar,33,31,21,0,85,0,0,3,0,3,33,31,24,0,88,11,2,13,101
06/06/2023,ASE,CO,ANM,WE,Combined TRACON& Tower with Radar,29,28,23,0,80,0,0,5,0,5,29,28,28,0,85,7,0,7,92
06/07/2023,ASE,CO,ANM,WE,Combined TRACON& Tower with Radar,35,25,21,0,81,0,0,4,0,4,35,25,25,0,85,7,0,7,92
06/08/2023,ASE,CO,ANM,WE,Combined TRACON& Tower with Radar,32,59,23,0,114,0,0,2,0,2,32,59,25,0,116,20,0,20,136
06/09/2023,ASE,CO,ANM,WE,Combined TRACON& Tower with Radar,34,42,37,0,113,0,0,7,0,7,34,42,44,0,120,13,0,13,133
06/10/2023,ASE,CO,ANM,WE,Combined TRACON& Tower with Radar,37,31,25,0,93,0,1,6,0,7,37,32,31,0,100,11,0,11,111
06/11/2023,ASE,CO,ANM,WE,Combined TRACON& Tower with Radar,32,45,42,0,119,0,0,10,0,10,32,45,52,0,129,18,0,18,147
06/12/2023,ASE,CO,ANM,WE,Combined TRACON& Tower with Radar,29,33,27,0,89,0,0,1,0,1,29,33,28,0,90,5,0,5,95
06/13/2023,ASE,CO,ANM,WE,Combined TRACON& Tower with Radar,33,28,34,0,95,0,0,2,0,2,33,28,36,0,97,8,3,11,108
06/14/2023,ASE,CO,ANM,WE,Combined TRACON& Tower with Radar,33,46,26,2,107,0,0,6,0,6,33,46,32,2,113,17,2,19,132
06/15/2023,ASE,CO,ANM,WE,Combined TRACON& Tower with Radar,31,53,42,0,126,0,1,3,0,4,31,54,45,0,130,8,0,8,138
06/16/2023,ASE,CO,ANM,WE,Combined TRACON& Tower with Radar,32,44,41,0,117,0,0,3,0,3,32,44,44,0,120,20,0,20,140
06/17/2023,ASE,CO,ANM,WE,Combined TRACON& Tower with Radar,36,54,31,0,121,0,0,1,0,1,36,54,32,0,122,15,0,15,137
06/18/2023,ASE,CO,ANM,WE,Combined TRACON& Tower with Radar,32,69,58,0,159,0,0,3,0,3,32,69,61,0,162,19,0,19,181
06/19/2023,ASE,CO,ANM,WE,Combined TRACON& Tower with Radar,33,47,45,0,125,0,0,8,0,8,33,47,53,0,133,11,0,11,144
06/20/2023,ASE,CO,ANM,WE,Combined TRACON& Tower with Radar,36,51,38,2,127,0,0,4,2,6,36,51,42,4,133,4,0,4,137
06/21/2023,ASE,CO,ANM,WE,Combined TRACON& Tower with Radar,32,49,52,0,133,0,0,5,0,5,32,49,57,0,138,38,0,38,176
06/22/2023,ASE,CO,ANM,WE,Combined TRACON& Tower with Radar,33,46,52,0,131,0,0,3,0,3,33,46,55,0,134,0,0,0,134
06/23/2023,ASE,CO,ANM,WE,Combined TRACON& Tower with Radar,33,56,49,1,139,0,0,8,2,10,33,56,57,3,149,17,0,17,166
06/24/2023,ASE,CO,ANM,WE,Combined TRACON& Tower with Radar,39,61,38,0,138,0,0,14,1,15,39,61,52,1,153,25,0,25,178
06/25/2023,ASE,CO,ANM,WE,Combined TRACON& Tower with Radar,34,81,56,0,171,0,0,11,0,11,34,81,67,0,182,44,0,44,226
06/26/2023,ASE,CO,ANM,WE,Combined TRACON& Tower with Radar,39,39,58,1,137,0,0,5,0,5,39,39,63,1,142,15,1,16,158
06/27/2023,ASE,CO,ANM,WE,Combined TRACON& Tower with Radar,39,23,50,1,113,0,0,2,0,2,39,23,52,1,115,6,2,8,123
06/28/2023,ASE,CO,ANM,WE,Combined TRACON& Tower with Radar,34,61,42,0,137,0,0,10,0,10,34,61,52,0,147,18,0,18,165
06/29/2023,ASE,CO,ANM,WE,Combined TRACON& Tower with Radar,29,77,59,0,165,0,0,3,1,4,29,77,62,1,169,14,0,14,183
06/30/2023,ASE,CO,ANM,WE,Combined TRACON& Tower with Radar,34,63,106,0,203,0,0,5,0,5,34,63,111,0,208,8,0,8,216
07/01/2023,ASE,CO,ANM,WE,Combined TRACON& Tower with Radar,33,110,78,0,221,0,0,3,0,3,33,110,81,0,224,14,0,14,238
07/02/2023,ASE,CO,ANM,WE,Combined TRACON& Tower with Radar,32,68,71,0,171,0,0,3,0,3,32,68,74,0,174,18,0,18,192
07/03/2023,ASE,CO,ANM,WE,Combined TRACON& Tower with Radar,33,29,52,0,114,0,0,5,0,5,33,29,57,0,119,27,0,27,146
07/04/2023,ASE,CO,ANM,WE,Combined TRACON& Tower with Radar,30,38,21,0,89,0,0,4,0,4,30,38,25,0,93,15,0,15,108
07/05/2023,ASE,CO,ANM,WE,Combined TRACON& Tower with Radar,33,66,57,0,156,0,0,6,0,6,33,66,63,0,162,15,0,15,177
07/06/2023,ASE,CO,ANM,WE,Combined TRACON& Tower with Radar,30,59,78,2,169,0,0,8,0,8,30,59,86,2,177,28,1,29,206
07/07/2023,ASE,CO,ANM,WE,Combined TRACON& Tower with Radar,33,72,63,0,168,0,0,12,0,12,33,72,75,0,180,43,0,43,223
07/08/2023,ASE,CO,ANM,WE,Combined TRACON& Tower with Radar,39,68,71,0,178,0,0,2,0,2,39,68,73,0,180,23,0,23,203
07/09/2023,ASE,CO,ANM,WE,Combined TRACON& Tower with Radar,34,64,83,0,181,0,0,8,0,8,34,64,91,0,189,9,0,9,198
07/10/2023,ASE,CO,ANM,WE,Combined TRACON& Tower with Radar,37,54,54,0,145,0,0,6,0,6,37,54,60,0,151,15,0,15,166
07/11/2023,ASE,CO,ANM,WE,Combined TRACON& Tower with Radar,36,41,51,0,128,0,0,3,0,3,36,41,54,0,131,16,0,16,147
07/12/2023,ASE,CO,ANM,WE,Combined TRACON& Tower with Radar,36,40,53,0,129,0,0,4,0,4,36,40,57,0,133,25,1,26,159
07/13/2023,ASE,CO,ANM,WE,Combined TRACON& Tower with Radar,36,37,65,0,138,0,1,11,2,14,36,38,76,2,152,40,1,41,193
07/14/2023,ASE,CO,ANM,WE,Combined TRACON& Tower with Radar,37,57,40,0,134,0,0,8,5,13,37,57,48,5,147,32,4,36,183
07/15/2023,ASE,CO,ANM,WE,Combined TRACON& Tower with Radar,39,70,63,0,172,0,0,10,0,10,39,70,73,0,182,22,0,22,204
07/16/2023,ASE,CO,ANM,WE,Combined TRACON& Tower with Radar,32,70,65,0,167,0,0,11,0,11,32,70,76,0,178,33,0,33,211
07/17/2023,ASE,CO,ANM,WE,Combined TRACON& Tower with Radar,34,56,54,0,144,0,0,5,0,5,34,56,59,0,149,11,0,11,160
07/18/2023,ASE,CO,ANM,WE,Combined TRACON& Tower with Radar,36,51,40,1,128,0,0,5,0,5,36,51,45,1,133,33,0,33,166
07/19/2023,ASE,CO,ANM,WE,Combined TRACON& Tower with Radar,37,55,50,3,145,0,0,1,1,2,37,55,51,4,147,6,0,6,153
07/20/2023,ASE,CO,ANM,WE,Combined TRACON& Tower with Radar,37,45,53,5,140,0,0,5,0,5,37,45,58,5,145,14,0,14,159
07/21/2023,ASE,CO,ANM,WE,Combined TRACON& Tower with Radar,39,60,69,5,173,0,0,7,0,7,39,60,76,5,180,13,0,13,193
07/22/2023,ASE,CO,ANM,WE,Combined TRACON& Tower with Radar,40,57,39,1,137,0,0,4,0,4,40,57,43,1,141,10,0,10,151
07/23/2023,ASE,CO,ANM,WE,Combined TRACON& Tower with Radar,38,83,96,1,218,0,0,9,1,10,38,83,105,2,228,10,0,10,238
07/24/2023,ASE,CO,ANM,WE,Combined TRACON& Tower with Radar,24,47,55,0,126,0,0,3,0,3,24,47,58,0,129,3,0,3,132
07/25/2023,ASE,CO,ANM,WE,Combined TRACON& Tower with Radar,38,47,53,0,138,0,1,9,1,11,38,48,62,1,149,6,3,9,158
07/26/2023,ASE,CO,ANM,WE,Combined TRACON& Tower with Radar,39,84,72,0,195,0,0,12,1,13,39,84,84,1,208,21,3,24,232
07/27/2023,ASE,CO,ANM,WE,Combined TRACON& Tower with Radar,36,59,47,0,142,0,0,4,0,4,36,59,51,0,146,5,0,5,151
07/28/2023,ASE,CO,ANM,WE,Combined TRACON& Tower with Radar,40,56,57,0,153,0,0,7,0,7,40,56,64,0,160,10,2,12,172
07/29/2023,ASE,CO,ANM,WE,Combined TRACON& Tower with Radar,36,76,56,0,168,0,0,11,3,14,36,76,67,3,182,10,2,12,194
07/30/2023,ASE,CO,ANM,WE,Combined TRACON& Tower with Radar,36,89,89,0,214,0,0,5,0,5,36,89,94,0,219,4,0,4,223
07/31/2023,ASE,CO,ANM,WE,Combined TRACON& Tower with Radar,39,97,61,0,197,0,0,8,0,8,39,97,69,0,205,20,0,20,225
08/01/2023,ASE,CO,ANM,WE,Combined TRACON& Tower with Radar,34,77,62,0,173,0,0,4,0,4,34,77,66,0,177,12,1,13,190
08/02/2023,ASE,CO,ANM,WE,Combined TRACON& Tower with Radar,39,67,80,0,186,0,0,5,0,5,39,67,85,0,191,33,1,34,225
08/03/2023,ASE,CO,ANM,WE,Combined TRACON& Tower with Radar,38,39,73,0,150,0,0,2,1,3,38,39,75,1,153,31,0,31,184
08/04/2023,ASE,CO,ANM,WE,Combined TRACON& Tower with Radar,39,86,58,2,185,0,0,4,2,6,39,86,62,4,191,19,0,19,210
08/05/2023,ASE,CO,ANM,WE,Combined TRACON& Tower with Radar,39,81,63,1,184,0,0,4,1,5,39,81,67,2,189,27,0,27,216
08/06/2023,ASE,CO,ANM,WE,Combined TRACON& Tower with Radar,35,97,79,5,216,0,0,9,0,9,35,97,88,5,225,13,0,13,238
08/07/2023,ASE,CO,ANM,WE,Combined TRACON& Tower with Radar,37,69,80,0,186,0,0,7,0,7,37,69,87,0,193,19,0,19,212
08/08/2023,ASE,CO,ANM,WE,Combined TRACON& Tower with Radar,39,34,69,0,142,0,0,2,0,2,39,34,71,0,144,13,0,13,157
08/09/2023,ASE,CO,ANM,WE,Combined TRACON& Tower with Radar,37,66,59,0,162,0,0,7,0,7,37,66,66,0,169,22,1,23,192
08/10/2023,ASE,CO,ANM,WE,Combined TRACON& Tower with Radar,37,67,58,0,162,0,0,6,0,6,37,67,64,0,168,27,1,28,196
08/11/2023,ASE,CO,ANM,WE,Combined TRACON& Tower with Radar,38,72,56,0,166,0,0,12,2,14,38,72,68,2,180,21,0,21,201
08/12/2023,ASE,CO,ANM,WE,Combined TRACON& Tower with Radar,37,86,48,0,171,0,1,4,0,5,37,87,52,0,176,14,0,14,190
08/13/2023,ASE,CO,ANM,WE,Combined TRACON& Tower with Radar,40,82,79,0,201,0,0,13,0,13,40,82,92,0,214,23,0,23,237
08/14/2023,ASE,CO,ANM,WE,Combined TRACON& Tower with Radar,37,68,49,0,154,0,0,8,0,8,37,68,57,0,162,23,1,24,186
08/15/2023,ASE,CO,ANM,WE,Combined TRACON& Tower with Radar,37,49,49,0,135,0,0,8,0,8,37,49,57,0,143,20,0,20,163
08/16/2023,ASE,CO,ANM,WE,Combined TRACON& Tower with Radar,38,41,47,0,126,0,0,4,0,4,38,41,51,0,130,18,0,18,148
08/17/2023,ASE,CO,ANM,WE,Combined TRACON& Tower with Radar,37,68,64,0,169,0,0,6,0,6,37,68,70,0,175,14,0,14,189
08/18/2023,ASE,CO,ANM,WE,Combined TRACON& Tower with Radar,32,56,46,0,134,0,0,6,0,6,32,56,52,0,140,39,0,39,179
08/19/2023,ASE,CO,ANM,WE,Combined TRACON& Tower with Radar,38,87,39,0,164,0,0,7,0,7,38,87,46,0,171,6,0,6,177
08/20/2023,ASE,CO,ANM,WE,Combined TRACON& Tower with Radar,33,61,58,0,152,0,0,8,0,8,33,61,66,0,160,16,0,16,176
08/21/2023,ASE,CO,ANM,WE,Combined TRACON& Tower with Radar,33,46,41,0,120,0,0,7,0,7,33,46,48,0,127,4,0,4,131
08/22/2023,ASE,CO,ANM,WE,Combined TRACON& Tower with Radar,39,57,40,0,136,0,0,6,0,6,39,57,46,0,142,16,3,19,161
08/23/2023,ASE,CO,ANM,WE,Combined TRACON& Tower with Radar,38,37,42,0,117,0,0,4,0,4,38,37,46,0,121,37,0,37,158
08/24/2023,ASE,CO,ANM,WE,Combined TRACON& Tower with Radar,34,56,46,0,136,0,0,3,0,3,34,56,49,0,139,17,0,17,156
08/25/2023,ASE,CO,ANM,WE,Combined TRACON& Tower with Radar,34,45,49,0,128,0,0,4,0,4,34,45,53,0,132,1,0,1,133
08/26/2023,ASE,CO,ANM,WE,Combined TRACON& Tower with Radar,40,51,40,0,131,0,2,5,0,7,40,53,45,0,138,23,0,23,161
08/27/2023,ASE,CO,ANM,WE,Combined TRACON& Tower with Radar,33,52,58,0,143,0,0,6,0,6,33,52,64,0,149,11,0,11,160
08/28/2023,ASE,CO,ANM,WE,Combined TRACON& Tower with Radar,37,41,41,0,119,0,1,5,0,6,37,42,46,0,125,10,0,10,135
08/29/2023,ASE,CO,ANM,WE,Combined TRACON& Tower with Radar,36,38,47,0,121,0,0,2,0,2,36,38,49,0,123,33,0,33,156
08/30/2023,ASE,CO,ANM,WE,Combined TRACON& Tower with Radar,40,50,63,2,155,0,0,5,0,5,40,50,68,2,160,35,0,35,195
08/31/2023,ASE,CO,ANM,WE,Combined TRACON& Tower with Radar,36,88,86,2,212,0,1,9,0,10,36,89,95,2,222,16,0,16,238
01/01/2020,ASE,CO,ANM,WE,Combined TRACON& Tower with Radar,18,43,39,0,100,0,0,1,0,1,18,43,40,0,101,1,0,1,102
01/02/2020,ASE,CO,ANM,WE,Combined TRACON& Tower with Radar,62,41,65,0,168,0,0,3,0,3,62,41,68,0,171,8,0,8,179
01/03/2020,ASE,CO,ANM,WE,Combined TRACON& Tower with Radar,55,103,73,0,231,0,0,6,0,6,55,103,79,0,237,2,0,2,239
01/04/2020,ASE,CO,ANM,WE,Combined TRACON& Tower with Radar,67,104,122,0,293,0,0,5,0,5,67,104,127,0,298,7,0,7,305
01/05/2020,ASE,CO,ANM,WE,Combined TRACON& Tower with Radar,65,113,104,0,282,0,0,9,0,9,65,113,113,0,291,9,0,9,300
01/06/2020,ASE,CO,ANM,WE,Combined TRACON& Tower with Radar,53,50,69,0,172,0,0,4,0,4,53,50,73,0,176,3,0,3,179
01/07/2020,ASE,CO,ANM,WE,Combined TRACON& Tower with Radar,52,27,46,2,127,0,0,10,0,10,52,27,56,2,137,9,0,9,146
01/08/2020,ASE,CO,ANM,WE,Combined TRACON& Tower with Radar,53,26,29,0,108,0,0,1,0,1,53,26,30,0,109,6,0,6,115
01/09/2020,ASE,CO,ANM,WE,Combined TRACON& Tower with Radar,51,16,28,0,95,0,0,1,0,1,51,16,29,0,96,0,0,0,96
01/10/2020,ASE,CO,ANM,WE,Combined TRACON& Tower with Radar,46,19,30,0,95,0,0,1,0,1,46,19,31,0,96,0,0,0,96
01/11/2020,ASE,CO,ANM,WE,Combined TRACON& Tower with Radar,32,25,28,0,85,0,0,2,0,2,32,25,30,0,87,18,0,18,105
01/12/2020,ASE,CO,ANM,WE,Combined TRACON& Tower with Radar,51,30,42,2,125,0,0,0,0,0,51,30,42,2,125,3,0,3,128
01/13/2020,ASE,CO,ANM,WE,Combined TRACON& Tower with Radar,45,7,8,0,60,0,0,0,0,0,45,7,8,0,60,0,0,0,60
01/14/2020,ASE,CO,ANM,WE,Combined TRACON& Tower with Radar,52,12,21,0,85,0,0,3,0,3,52,12,24,0,88,1,0,1,89
01/15/2020,ASE,CO,ANM,WE,Combined TRACON& Tower with Radar,52,43,27,0,122,0,0,14,0,14,52,43,41,0,136,13,0,13,149
01/16/2020,ASE,CO,ANM,WE,Combined TRACON& Tower with Radar,54,42,49,0,145,0,0,3,0,3,54,42,52,0,148,4,0,4,152
01/17/2020,ASE,CO,ANM,WE,Combined TRACON& Tower with Radar,14,6,13,0,33,0,0,0,0,0,14,6,13,0,33,0,0,0,33
01/18/2020,ASE,CO,ANM,WE,Combined TRACON& Tower with Radar,47,30,33,0,110,0,0,2,0,2,47,30,35,0,112,23,0,23,135
01/19/2020,ASE,CO,ANM,WE,Combined TRACON& Tower with Radar,53,35,43,0,131,0,0,8,0,8,53,35,51,0,139,14,0,14,153
01/20/2020,ASE,CO,ANM,WE,Combined TRACON& Tower with Radar,52,75,88,0,215,0,0,7,0,7,52,75,95,0,222,8,0,8,230
01/21/2020,ASE,CO,ANM,WE,Combined TRACON& Tower with Radar,40,5,19,0,64,0,0,0,0,0,40,5,19,0,64,0,0,0,64
01/22/2020,ASE,CO,ANM,WE,Combined TRACON& Tower with Radar,49,4,21,0,74,0,0,1,0,1,49,4,22,0,75,0,0,0,75
01/23/2020,ASE,CO,ANM,WE,Combined TRACON& Tower with Radar,52,7,25,0,84,0,0,1,0,1,52,7,26,0,85,0,0,0,85
01/24/2020,ASE,CO,ANM,WE,Combined TRACON& Tower with Radar,51,24,56,0,131,0,0,7,0,7,51,24,63,0,138,12,0,12,150
01/25/2020,ASE,CO,ANM,WE,Combined TRACON& Tower with Radar,55,19,27,0,101,0,0,1,0,1,55,19,28,0,102,4,0,4,106
01/26/2020,ASE,CO,ANM,WE,Combined TRACON& Tower with Radar,53,63,70,0,186,0,0,11,0,11,53,63,81,0,197,19,0,19,216
01/27/2020,ASE,CO,ANM,WE,Combined TRACON& Tower with Radar,36,6,12,0,54,0,0,0,0,0,36,6,12,0,54,0,0,0,54
01/28/2020,ASE,CO,ANM,WE,Combined TRACON& Tower with Radar,56,18,34,0,108,0,0,5,2,7,56,18,39,2,115,17,0,17,132
01/29/2020,ASE,CO,ANM,WE,Combined TRACON& Tower with Radar,52,24,22,0,98,0,0,1,0,1,52,24,23,0,99,12,0,12,111
01/30/2020,ASE,CO,ANM,WE,Combined TRACON& Tower with Radar,50,32,25,0,107,0,0,1,0,1,50,32,26,0,108,0,0,0,108
01/31/2020,ASE,CO,ANM,WE,Combined TRACON& Tower with Radar,51,41,34,0,126,0,1,6,0,7,51,42,40,0,133,10,0,10,143
02/01/2020,ASE,CO,ANM,WE,Combined TRACON& Tower with Radar,52,39,32,2,125,0,0,7,0,7,52,39,39,2,132,25,0,25,157
02/02/2020,ASE,CO,ANM,WE,Combined TRACON& Tower with Radar,52,50,39,0,141,0,0,5,0,5,52,50,44,0,146,9,0,9,155
02/03/2020,ASE,CO,ANM,WE,Combined TRACON& Tower with Radar,37,8,27,0,72,0,0,0,0,0,37,8,27,0,72,0,0,0,72
02/04/2020,ASE,CO,ANM,WE,Combined TRACON& Tower with Radar,51,17,10,0,78,0,0,1,0,1,51,17,11,0,79,1,0,1,80
02/05/2020,ASE,CO,ANM,WE,Combined TRACON& Tower with Radar,51,26,30,0,107,0,0,2,0,2,51,26,32,0,109,3,0,3,112
02/06/2020,ASE,CO,ANM,WE,Combined TRACON& Tower with Radar,8,2,6,0,16,0,0,0,0,0,8,2,6,0,16,0,0,0,16
02/07/2020,ASE,CO,ANM,WE,Combined TRACON& Tower with Radar,8,1,7,0,16,0,0,0,0,0,8,1,7,0,16,0,0,0,16
02/08/2020,ASE,CO,ANM,WE,Combined TRACON& Tower with Radar,56,48,58,0,162,0,0,11,0,11,56,48,69,0,173,6,0,6,179
02/09/2020,ASE,CO,ANM,WE,Combined TRACON& Tower with Radar,52,5,10,0,67,0,0,0,0,0,52,5,10,0,67,0,0,0,67
02/10/2020,ASE,CO,ANM,WE,Combined TRACON& Tower with Radar,42,10,20,0,72,0,0,0,0,0,42,10,20,0,72,5,0,5,77
02/11/2020,ASE,CO,ANM,WE,Combined TRACON& Tower with Radar,50,20,37,0,107,0,0,10,1,11,50,20,47,1,118,13,1,14,132
02/12/2020,ASE,CO,ANM,WE,Combined TRACON& Tower with Radar,50,28,50,2,130,0,0,1,0,1,50,28,51,2,131,4,0,4,135
02/13/2020,ASE,CO,ANM,WE,Combined TRACON& Tower with Radar,53,81,97,0,231,0,0,3,0,3,53,81,100,0,234,1,0,1,235
02/14/2020,ASE,CO,ANM,WE,Combined TRACON& Tower with Radar,60,58,99,0,217,0,0,9,0,9,60,58,108,0,226,11,0,11,237
02/15/2020,ASE,CO,ANM,WE,Combined TRACON& Tower with Radar,69,65,55,0,189,0,0,5,0,5,69,65,60,0,194,0,0,0,194
02/16/2020,ASE,CO,ANM,WE,Combined TRACON& Tower with Radar,60,28,24,0,112,0,0,0,0,0,60,28,24,0,112,0,0,0,112
02/17/2020,ASE,CO,ANM,WE,Combined TRACON& Tower with Radar,56,48,124,0,228,0,0,1,0,1,56,48,125,0,229,4,0,4,233
02/18/2020,ASE,CO,ANM,WE,Combined TRACON& Tower with Radar,57,98,67,0,222,0,0,6,0,6,57,98,73,0,228,0,0,0,228
02/19/2020,ASE,CO,ANM,WE,Combined TRACON& Tower with Radar,57,42,51,0,150,0,0,5,0,5,57,42,56,0,155,29,0,29,184
02/20/2020,ASE,CO,ANM,WE,Combined TRACON& Tower with Radar,57,48,57,0,162,0,0,16,0,16,57,48,73,0,178,32,0,32,210
02/21/2020,ASE,CO,ANM,WE,Combined TRACON& Tower with Radar,57,56,48,0,161,0,0,8,2,10,57,56,56,2,171,15,1,16,187
02/22/2020,ASE,CO,ANM,WE,Combined TRACON& Tower with Radar,68,53,74,0,195,0,0,5,0,5,68,53,79,0,200,15,0,15,215
02/23/2020,ASE,CO,ANM,WE,Combined TRACON& Tower with Radar,43,12,31,0,86,0,0,0,0,0,43,12,31,0,86,0,0,0,86
02/24/2020,ASE,CO,ANM,WE,Combined TRACON& Tower with Radar,49,7,25,0,81,0,0,1,0,1,49,7,26,0,82,0,0,0,82
02/25/2020,ASE,CO,ANM,WE,Combined TRACON& Tower with Radar,56,7,18,0,81,0,0,2,0,2,56,7,20,0,83,2,0,2,85
02/26/2020,ASE,CO,ANM,WE,Combined TRACON& Tower with Radar,57,33,36,0,126,0,0,6,0,6,57,33,42,0,132,9,0,9,141
02/27/2020,ASE,CO,ANM,WE,Combined TRACON& Tower with Radar,58,51,37,0,146,0,0,5,0,5,58,51,42,0,151,5,0,5,156
02/28/2020,ASE,CO,ANM,WE,Combined TRACON& Tower with Radar,58,49,40,0,147,0,1,2,0,3,58,50,42,0,150,20,0,20,170
02/29/2020,ASE,CO,ANM,WE,Combined TRACON& Tower with Radar,69,64,56,0,189,0,0,2,0,2,69,64,58,0,191,29,0,29,220
03/01/2020,ASE,CO,ANM,WE,Combined TRACON& Tower with Radar,56,56,74,0,186,0,0,2,0,2,56,56,76,0,188,20,0,20,208
03/02/2020,ASE,CO,ANM,WE,Combined TRACON& Tower with Radar,69,9,32,0,110,0,0,0,0,0,69,9,32,0,110,0,0,0,110
03/03/2020,ASE,CO,ANM,WE,Combined TRACON& Tower with Radar,63,24,36,0,123,0,0,7,0,7,63,24,43,0,130,39,0,39,169
03/04/2020,ASE,CO,ANM,WE,Combined TRACON& Tower with Radar,58,20,30,0,108,0,0,15,1,16,58,20,45,1,124,21,2,23,147
03/05/2020,ASE,CO,ANM,WE,Combined TRACON& Tower with Radar,59,41,38,0,138,0,0,7,0,7,59,41,45,0,145,27,0,27,172
03/06/2020,ASE,CO,ANM,WE,Combined TRACON& Tower with Radar,59,46,47,0,152,0,0,6,0,6,59,46,53,0,158,19,0,19,177
03/07/2020,ASE,CO,ANM,WE,Combined TRACON& Tower with Radar,70,59,51,0,180,0,0,11,0,11,70,59,62,0,191,13,0,13,204
03/08/2020,ASE,CO,ANM,WE,Combined TRACON& Tower with Radar,57,63,75,0,195,0,0,0,0,0,57,63,75,0,195,13,0,13,208
03/09/2020,ASE,CO,ANM,WE,Combined TRACON& Tower with Radar,61,33,53,0,147,0,0,6,0,6,61,33,59,0,153,6,0,6,159
03/10/2020,ASE,CO,ANM,WE,Combined TRACON& Tower with Radar,57,27,33,0,117,0,0,2,0,2,57,27,35,0,119,2,0,2,121
03/11/2020,ASE,CO,ANM,WE,Combined TRACON& Tower with Radar,58,31,26,0,115,0,0,2,0,2,58,31,28,0,117,32,0,32,149
03/12/2020,ASE,CO,ANM,WE,Combined TRACON& Tower with Radar,59,52,55,0,166,0,0,1,0,1,59,52,56,0,167,18,0,18,185
03/13/2020,ASE,CO,ANM,WE,Combined TRACON& Tower with Radar,59,23,45,0,127,0,0,0,0,0,59,23,45,0,127,12,0,12,139
03/14/2020,ASE,CO,ANM,WE,Combined TRACON& Tower with Radar,71,55,77,0,203,0,0,2,0,2,71,55,79,0,205,10,0,10,215
03/15/2020,ASE,CO,ANM,WE,Combined TRACON& Tower with Radar,57,53,58,0,168,0,0,7,0,7,57,53,65,0,175,32,0,32,207
03/16/2020,ASE,CO,ANM,WE,Combined TRACON& Tower with Radar,59,51,41,0,151,0,0,12,0,12,59,51,53,0,163,11,0,11,174
03/17/2020,ASE,CO,ANM,WE,Combined TRACON& Tower with Radar,58,27,18,0,103,0,0,0,0,0,58,27,18,0,103,6,0,6,109
03/18/2020,ASE,CO,ANM,WE,Combined TRACON& Tower with Radar,52,13,15,0,80,0,0,0,0,0,52,13,15,0,80,4,1,5,85
03/19/2020,ASE,CO,ANM,WE,Combined TRACON& Tower with Radar,16,1,0,0,17,0,0,0,0,0,16,1,0,0,17,0,0,0,17
03/20/2020,ASE,CO,ANM,WE,Combined TRACON& Tower with Radar,48,2,11,0,61,0,0,0,0,0,48,2,11,0,61,17,0,17,78
03/21/2020,ASE,CO,ANM,WE,Combined TRACON& Tower with Radar,15,12,3,0,30,0,0,0,0,0,15,12,3,0,30,11,0,11,41
03/22/2020,ASE,CO,ANM,WE,Combined TRACON& Tower with Radar,8,11,5,0,24,0,0,4,0,4,8,11,9,0,28,8,0,8,36
03/23/2020,ASE,CO,ANM,WE,Combined TRACON& Tower with Radar,8,1,1,0,10,0,0,0,0,0,8,1,1,0,10,9,0,9,19
03/24/2020,ASE,CO,ANM,WE,Combined TRACON& Tower with Radar,5,5,5,0,15,0,0,1,0,1,5,5,6,0,16,12,0,12,28
03/25/2020,ASE,CO,ANM,WE,Combined TRACON& Tower with Radar,8,2,7,0,17,0,0,3,0,3,8,2,10,0,20,1,0,1,21
03/26/2020,ASE,CO,ANM,WE,Combined TRACON& Tower with Radar,8,3,0,0,11,0,0,0,0,0,8,3,0,0,11,0,0,0,11
03/27/2020,ASE,CO,ANM,WE,Combined TRACON& Tower with Radar,4,2,2,0,8,0,0,1,0,1,4,2,3,0,9,0,0,0,9
03/28/2020,ASE,CO,ANM,WE,Combined TRACON& Tower with Radar,14,2,5,0,21,0,0,1,0,1,14,2,6,0,22,1,0,1,23
03/29/2020,ASE,CO,ANM,WE,Combined TRACON& Tower with Radar,7,5,3,0,15,0,0,0,0,0,7,5,3,0,15,4,0,4,19
03/30/2020,ASE,CO,ANM,WE,Combined TRACON& Tower with Radar,4,1,2,0,7,0,0,0,0,0,4,1,2,0,7,0,0,0,7
03/31/2020,ASE,CO,ANM,WE,Combined TRACON& Tower with Radar,5,0,2,0,7,0,0,4,0,4,5,0,6,0,11,20,0,20,31
04/01/2020,ASE,CO,ANM,WE,Combined TRACON& Tower with Radar,5,2,1,0,8,0,0,2,0,2,5,2,3,0,10,5,0,5,15
04/02/2020,ASE,CO,ANM,WE,Combined TRACON& Tower with Radar,3,0,0,0,3,0,0,0,0,0,3,0,0,0,3,0,0,0,3
04/03/2020,ASE,CO,ANM,WE,Combined TRACON& Tower with Radar,6,4,1,0,11,0,0,0,0,0,6,4,1,0,11,6,0,6,17
04/04/2020,ASE,CO,ANM,WE,Combined TRACON& Tower with Radar,4,4,0,0,8,0,0,2,0,2,4,4,2,0,10,39,0,39,49
04/05/2020,ASE,CO,ANM,WE,Combined TRACON& Tower with Radar,5,0,7,0,12,0,0,1,0,1,5,0,8,0,13,7,0,7,20
04/06/2020,ASE,CO,ANM,WE,Combined TRACON& Tower with Radar,4,2,2,0,8,0,0,0,2,2,4,2,2,2,10,6,0,6,16
04/07/2020,ASE,CO,ANM,WE,Combined TRACON& Tower with Radar,5,4,0,0,9,0,0,2,0,2,5,4,2,0,11,8,0,8,19
04/08/2020,ASE,CO,ANM,WE,Combined TRACON& Tower with Radar,6,2,2,0,10,2,0,6,0,8,8,2,8,0,18,4,0,4,22
04/09/2020,ASE,CO,ANM,WE,Combined TRACON& Tower with Radar,5,0,3,0,8,0,0,4,0,4,5,0,7,0,12,4,0,4,16
04/10/2020,ASE,CO,ANM,WE,Combined TRACON& Tower with Radar,4,1,4,0,9,0,0,2,0,2,4,1,6,0,11,1,0,1,12
04/11/2020,ASE,CO,ANM,WE,Combined TRACON& Tower with Radar,5,9,3,0,17,0,0,5,0,5,5,9,8,0,22,2,0,2,24
04/12/2020,ASE,CO,ANM,WE,Combined TRACON& Tower with Radar,2,0,0,0,2,0,0,0,0,0,2,0,0,0,2,0,0,0,2
04/13/2020,ASE,CO,ANM,WE,Combined TRACON& Tower with Radar,5,2,1,0,8,0,0,0,0,0,5,2,1,0,8,0,0,0,8
04/14/2020,ASE,CO,ANM,WE,Combined TRACON& Tower with Radar,3,4,4,0,11,0,0,0,0,0,3,4,4,0,11,0,0,0,11
04/15/2020,ASE,CO,ANM,WE,Combined TRACON& Tower with Radar,5,1,0,0,6,0,0,1,0,1,5,1,1,0,7,0,0,0,7
04/16/2020,ASE,CO,ANM,WE,Combined TRACON& Tower with Radar,0,0,1,0,1,0,0,0,0,0,0,0,1,0,1,0,0,0,1
04/17/2020,ASE,CO,ANM,WE,Combined TRACON& Tower with Radar,5,2,3,0,10,0,0,7,0,7,5,2,10,0,17,12,0,12,29
04/18/2020,ASE,CO,ANM,WE,Combined TRACON& Tower with Radar,3,2,0,0,5,0,0,2,0,2,3,2,2,0,7,2,0,2,9
04/19/2020,ASE,CO,ANM,WE,Combined TRACON& Tower with Radar,3,10,0,0,13,0,0,0,0,0,3,10,0,0,13,1,0,1,14
04/20/2020,ASE,CO,ANM,WE,Combined TRACON& Tower with Radar,2,4,4,0,10,0,0,0,0,0,2,4,4,0,10,3,0,3,13
04/21/2020,ASE,CO,ANM,WE,Combined TRACON& Tower with Radar,5,2,3,0,10,0,0,0,0,0,5,2,3,0,10,2,0,2,12
04/22/2020,ASE,CO,ANM,WE,Combined TRACON& Tower with Radar,3,2,5,0,10,0,0,9,1,10,3,2,14,1,20,8,0,8,28
04/23/2020,ASE,CO,ANM,WE,Combined TRACON& Tower with Radar,3,4,0,0,7,0,0,0,0,0,3,4,0,0,7,0,0,0,7
04/24/2020,ASE,CO,ANM,WE,Combined TRACON& Tower with Radar,3,2,4,0,9,0,0,1,0,1,3,2,5,0,10,0,0,0,10
04/25/2020,ASE,CO,ANM,WE,Combined TRACON& Tower with Radar,5,9,6,0,20,0,0,0,0,0,5,9,6,0,20,3,0,3,23
04/26/2020,ASE,CO,ANM,WE,Combined TRACON& Tower with Radar,4,9,5,0,18,0,0,1,0,1,4,9,6,0,19,8,0,8,27
04/27/2020,ASE,CO,ANM,WE,Combined TRACON& Tower with Radar,5,1,6,0,12,0,0,9,0,9,5,1,15,0,21,11,1,12,33
04/28/2020,ASE,CO,ANM,WE,Combined TRACON& Tower with Radar,3,0,9,0,12,0,0,4,0,4,3,0,13,0,16,10,0,10,26
04/29/2020,ASE,CO,ANM,WE,Combined TRACON& Tower with Radar,5,1,2,0,8,0,0,8,0,8,5,1,10,0,16,12,0,12,28
04/30/2020,ASE,CO,ANM,WE,Combined TRACON& Tower with Radar,5,5,3,0,13,0,0,1,0,1,5,5,4,0,14,33,0,33,47
05/01/2020,ASE,CO,ANM,WE,Combined TRACON& Tower with Radar,4,6,14,0,24,0,0,3,1,4,4,6,17,1,28,3,0,3,31
05/02/2020,ASE,CO,ANM,WE,Combined TRACON& Tower with Radar,3,10,4,0,17,0,0,1,0,1,3,10,5,0,18,1,0,1,19
05/03/2020,ASE,CO,ANM,WE,Combined TRACON& Tower with Radar,4,6,8,0,18,0,0,2,0,2,4,6,10,0,20,9,0,9,29
05/04/2020,ASE,CO,ANM,WE,Combined TRACON& Tower with Radar,4,5,8,0,17,0,0,0,0,0,4,5,8,0,17,1,0,1,18
05/05/2020,ASE,CO,ANM,WE,Combined TRACON& Tower with Radar,2,1,8,0,11,0,0,7,0,7,2,1,15,0,18,13,0,13,31
05/06/2020,ASE,CO,ANM,WE,Combined TRACON& Tower with Radar,4,9,9,0,22,0,0,6,0,6,4,9,15,0,28,3,4,7,35
05/07/2020,ASE,CO,ANM,WE,Combined TRACON& Tower with Radar,7,2,11,0,20,0,0,4,0,4,7,2,15,0,24,20,0,20,44
05/08/2020,ASE,CO,ANM,WE,Combined TRACON& Tower with Radar,8,14,14,0,36,0,0,2,1,3,8,14,16,1,39,7,0,7,46
05/09/2020,ASE,CO,ANM,WE,Combined TRACON& Tower with Radar,6,7,13,0,26,0,0,8,0,8,6,7,21,0,34,14,0,14,48
05/10/2020,ASE,CO,ANM,WE,Combined TRACON& Tower with Radar,8,13,9,0,30,0,0,4,0,4,8,13,13,0,34,11,0,11,45
05/11/2020,ASE,CO,ANM,WE,Combined TRACON& Tower with Radar,4,3,9,0,16,0,0,0,0,0,4,3,9,0,16,0,0,0,16
05/12/2020,ASE,CO,ANM,WE,Combined TRACON& Tower with Radar,6,11,6,0,23,0,0,5,0,5,6,11,11,0,28,5,0,5,33
05/13/2020,ASE,CO,ANM,WE,Combined TRACON& Tower with Radar,2,8,11,0,21,0,0,1,1,2,2,8,12,1,23,11,4,15,38
05/14/2020,ASE,CO,ANM,WE,Combined TRACON& Tower with Radar,8,12,9,0,29,0,0,1,0,1,8,12,10,0,30,16,0,16,46
05/15/2020,ASE,CO,ANM,WE,Combined TRACON& Tower with Radar,8,14,15,0,37,0,0,7,0,7,8,14,22,0,44,16,0,16,60
05/16/2020,ASE,CO,ANM,WE,Combined TRACON& Tower with Radar,8,15,17,0,40,0,0,8,0,8,8,15,25,0,48,14,0,14,62
05/17/2020,ASE,CO,ANM,WE,Combined TRACON& Tower with Radar,6,17,15,0,38,0,0,1,0,1,6,17,16,0,39,0,0,0,39
05/18/2020,ASE,CO,ANM,WE,Combined TRACON& Tower with Radar,8,14,10,0,32,0,0,1,0,1,8,14,11,0,33,3,0,3,36
05/19/2020,ASE,CO,ANM,WE,Combined TRACON& Tower with Radar,4,3,6,0,13,0,0,6,0,6,4,3,12,0,19,24,0,24,43
05/20/2020,ASE,CO,ANM,WE,Combined TRACON& Tower with Radar,2,12,2,0,16,0,0,0,0,0,2,12,2,0,16,7,0,7,23
05/21/2020,ASE,CO,ANM,WE,Combined TRACON& Tower with Radar,8,14,23,0,45,0,0,8,0,8,8,14,31,0,53,24,0,24,77
05/22/2020,ASE,CO,ANM,WE,Combined TRACON& Tower with Radar,8,15,33,2,58,0,1,9,0,10,8,16,42,2,68,18,0,18,86
05/23/2020,ASE,CO,ANM,WE,Combined TRACON& Tower with Radar,6,20,22,0,48,0,0,8,0,8,6,20,30,0,56,8,0,8,64
05/24/2020,ASE,CO,ANM,WE,Combined TRACON& Tower with Radar,8,6,9,0,23,0,0,2,0,2,8,6,11,0,25,1,0,1,26
05/25/2020,ASE,CO,ANM,WE,Combined TRACON& Tower with Radar,8,11,28,0,47,0,0,7,0,7,8,11,35,0,54,14,0,14,68
05/26/2020,ASE,CO,ANM,WE,Combined TRACON& Tower with Radar,4,7,15,0,26,0,0,8,0,8,4,7,23,0,34,13,0,13,47
05/27/2020,ASE,CO,ANM,WE,Combined TRACON& Tower with Radar,3,22,19,0,44,0,0,4,0,4,3,22,23,0,48,7,0,7,55
05/28/2020,ASE,CO,ANM,WE,Combined TRACON& Tower with Radar,8,26,18,0,52,0,0,1,0,1,8,26,19,0,53,14,0,14,67
05/29/2020,ASE,CO,ANM,WE,Combined TRACON& Tower with Radar,8,32,36,0,76,0,0,8,0,8,8,32,44,0,84,8,0,8,92
05/30/2020,ASE,CO,ANM,WE,Combined TRACON& Tower with Radar,6,36,30,0,72,0,0,3,0,3,6,36,33,0,75,7,0,7,82
05/31/2020,ASE,CO,ANM,WE,Combined TRACON& Tower with Radar,8,35,28,0,71,0,0,0,0,0,8,35,28,0,71,6,0,6,77
06/01/2020,ASE,CO,ANM,WE,Combined TRACON& Tower with Radar,8,32,20,0,60,0,0,7,0,7,8,32,27,0,67,4,0,4,71
06/02/2020,ASE,CO,ANM,WE,Combined TRACON& Tower with Radar,2,23,22,0,47,0,0,5,0,5,2,23,27,0,52,15,0,15,67
06/03/2020,ASE,CO,ANM,WE,Combined TRACON& Tower with Radar,4,32,19,0,55,0,0,11,1,12,4,32,30,1,67,18,0,18,85
06/04/2020,ASE,CO,ANM,WE,Combined TRACON& Tower with Radar,8,31,17,0,56,0,0,1,0,1,8,31,18,0,57,2,0,2,59
06/05/2020,ASE,CO,ANM,WE,Combined TRACON& Tower with Radar,8,21,40,0,69,0,0,3,0,3,8,21,43,0,72,4,0,4,76
06/06/2020,ASE,CO,ANM,WE,Combined TRACON& Tower with Radar,6,16,23,0,45,0,0,0,0,0,6,16,23,0,45,1,0,1,46
06/07/2020,ASE,CO,ANM,WE,Combined TRACON& Tower with Radar,8,24,31,0,63,0,0,2,0,2,8,24,33,0,65,17,0,17,82
06/08/2020,ASE,CO,ANM,WE,Combined TRACON& Tower with Radar,8,21,26,0,55,0,0,3,0,3,8,21,29,0,58,3,0,3,61
06/09/2020,ASE,CO,ANM,WE,Combined TRACON& Tower with Radar,8,14,25,0,47,0,0,0,0,0,8,14,25,0,47,0,0,0,47
06/10/2020,ASE,CO,ANM,WE,Combined TRACON& Tower with Radar,8,38,28,0,74,0,0,14,0,14,8,38,42,0,88,22,0,22,110
06/11/2020,ASE,CO,ANM,WE,Combined TRACON& Tower with Radar,4,23,23,1,51,0,0,9,0,9,4,23,32,1,60,17,2,19,79
06/12/2020,ASE,CO,ANM,WE,Combined TRACON& Tower with Radar,8,48,47,0,103,0,0,4,0,4,8,48,51,0,107,18,0,18,125
06/13/2020,ASE,CO,ANM,WE,Combined TRACON& Tower with Radar,6,37,45,0,88,0,0,8,0,8,6,37,53,0,96,9,0,9,105
06/14/2020,ASE,CO,ANM,WE,Combined TRACON& Tower with Radar,8,33,60,0,101,0,0,4,0,4,8,33,64,0,105,6,0,6,111
06/15/2020,ASE,CO,ANM,WE,Combined TRACON& Tower with Radar,8,41,52,0,101,0,0,9,0,9,8,41,61,0,110,11,0,11,121
06/16/2020,ASE,CO,ANM,WE,Combined TRACON& Tower with Radar,8,24,35,0,67,0,0,1,0,1,8,24,36,0,68,8,0,8,76
06/17/2020,ASE,CO,ANM,WE,Combined TRACON& Tower with Radar,8,28,38,0,74,0,0,6,0,6,8,28,44,0,80,9,2,11,91
06/18/2020,ASE,CO,ANM,WE,Combined TRACON& Tower with Radar,6,53,56,0,115,0,0,6,1,7,6,53,62,1,122,10,0,10,132
06/19/2020,ASE,CO,ANM,WE,Combined TRACON& Tower with Radar,8,38,61,0,107,0,0,2,0,2,8,38,63,0,109,10,0,10,119
06/20/2020,ASE,CO,ANM,WE,Combined TRACON& Tower with Radar,6,52,60,0,118,0,0,7,0,7,6,52,67,0,125,12,0,12,137
06/21/2020,ASE,CO,ANM,WE,Combined TRACON& Tower with Radar,7,63,67,0,137,0,0,7,0,7,7,63,74,0,144,13,0,13,157
06/22/2020,ASE,CO,ANM,WE,Combined TRACON& Tower with Radar,8,40,81,0,129,0,0,7,0,7,8,40,88,0,136,10,0,10,146
06/23/2020,ASE,CO,ANM,WE,Combined TRACON& Tower with Radar,8,35,57,1,101,0,0,6,1,7,8,35,63,2,108,17,0,17,125
06/24/2020,ASE,CO,ANM,WE,Combined TRACON& Tower with Radar,8,36,51,0,95,0,1,2,2,5,8,37,53,2,100,11,0,11,111
06/25/2020,ASE,CO,ANM,WE,Combined TRACON& Tower with Radar,6,30,48,0,84,0,0,8,2,10,6,30,56,2,94,5,0,5,99
06/26/2020,ASE,CO,ANM,WE,Combined TRACON& Tower with Radar,7,61,56,0,124,0,0,6,0,6,7,61,62,0,130,4,0,4,134
06/27/2020,ASE,CO,ANM,WE,Combined TRACON& Tower with Radar,6,53,56,0,115,0,0,8,0,8,6,53,64,0,123,10,0,10,133
06/28/2020,ASE,CO,ANM,WE,Combined TRACON& Tower with Radar,8,59,92,0,159,0,0,4,0,4,8,59,96,0,163,7,0,7,170
06/29/2020,ASE,CO,ANM,WE,Combined TRACON& Tower with Radar,8,49,66,0,123,0,0,3,0,3,8,49,69,0,126,8,0,8,134
06/30/2020,ASE,CO,ANM,WE,Combined TRACON& Tower with Radar,8,64,79,0,151,0,0,12,0,12,8,64,91,0,163,10,0,10,173
07/01/2020,ASE,CO,ANM,WE,Combined TRACON& Tower with Radar,9,57,106,0,172,0,0,17,3,20,9,57,123,3,192,15,2,17,209
07/02/2020,ASE,CO,ANM,WE,Combined TRACON& Tower with Radar,8,63,120,0,191,0,0,8,0,8,8,63,128,0,199,17,0,17,216
07/03/2020,ASE,CO,ANM,WE,Combined TRACON& Tower with Radar,10,53,66,0,129,0,0,13,0,13,10,53,79,0,142,11,0,11,153
07/04/2020,ASE,CO,ANM,WE,Combined TRACON& Tower with Radar,7,33,27,0,67,0,0,1,0,1,7,33,28,0,68,7,0,7,75
07/05/2020,ASE,CO,ANM,WE,Combined TRACON& Tower with Radar,10,65,93,0,168,0,1,5,0,6,10,66,98,0,174,14,0,14,188
07/06/2020,ASE,CO,ANM,WE,Combined TRACON& Tower with Radar,13,53,98,0,164,0,0,5,0,5,13,53,103,0,169,11,0,11,180
07/07/2020,ASE,CO,ANM,WE,Combined TRACON& Tower with Radar,14,35,72,0,121,0,0,7,0,7,14,35,79,0,128,19,0,19,147
07/08/2020,ASE,CO,ANM,WE,Combined TRACON& Tower with Radar,14,60,67,0,141,0,0,12,1,13,14,60,79,1,154,9,0,9,163
07/09/2020,ASE,CO,ANM,WE,Combined TRACON& Tower with Radar,14,51,67,0,132,0,0,9,0,9,14,51,76,0,141,6,1,7,148
07/10/2020,ASE,CO,ANM,WE,Combined TRACON& Tower with Radar,14,76,82,0,172,0,0,5,0,5,14,76,87,0,177,19,0,19,196
07/11/2020,ASE,CO,ANM,WE,Combined TRACON& Tower with Radar,16,45,83,0,144,0,0,5,0,5,16,45,88,0,149,11,0,11,160
07/12/2020,ASE,CO,ANM,WE,Combined TRACON& Tower with Radar,14,63,85,0,162,0,0,3,0,3,14,63,88,0,165,3,0,3,168
07/13/2020,ASE,CO,ANM,WE,Combined TRACON& Tower with Radar,14,67,67,0,148,0,0,3,0,3,14,67,70,0,151,1,0,1,152
07/14/2020,ASE,CO,ANM,WE,Combined TRACON& Tower with Radar,12,38,66,0,116,0,0,5,0,5,12,38,71,0,121,24,0,24,145
07/15/2020,ASE,CO,ANM,WE,Combined TRACON& Tower with Radar,14,50,57,0,121,0,0,12,1,13,14,50,69,1,134,17,0,17,151
07/16/2020,ASE,CO,ANM,WE,Combined TRACON& Tower with Radar,13,60,73,0,146,0,0,3,0,3,13,60,76,0,149,19,0,19,168
07/17/2020,ASE,CO,ANM,WE,Combined TRACON& Tower with Radar,14,57,80,0,151,0,0,7,0,7,14,57,87,0,158,11,0,11,169
07/18/2020,ASE,CO,ANM,WE,Combined TRACON& Tower with Radar,16,84,75,0,175,0,0,13,0,13,16,84,88,0,188,25,0,25,213
07/19/2020,ASE,CO,ANM,WE,Combined TRACON& Tower with Radar,14,89,74,0,177,0,0,11,0,11,14,89,85,0,188,13,0,13,201
07/20/2020,ASE,CO,ANM,WE,Combined TRACON& Tower with Radar,15,44,77,0,136,0,0,5,0,5,15,44,82,0,141,13,0,13,154
07/21/2020,ASE,CO,ANM,WE,Combined TRACON& Tower with Radar,12,53,57,0,122,0,0,7,0,7,12,53,64,0,129,7,0,7,136
07/22/2020,ASE,CO,ANM,WE,Combined TRACON& Tower with Radar,14,59,35,0,108,0,0,7,1,8,14,59,42,1,116,10,0,10,126
07/23/2020,ASE,CO,ANM,WE,Combined TRACON& Tower with Radar,14,52,80,0,146,0,0,14,2,16,14,52,94,2,162,13,0,13,175
07/24/2020,ASE,CO,ANM,WE,Combined TRACON& Tower with Radar,14,73,68,0,155,0,0,1,0,1,14,73,69,0,156,9,0,9,165
07/25/2020,ASE,CO,ANM,WE,Combined TRACON& Tower with Radar,16,83,75,0,174,0,0,4,0,4,16,83,79,0,178,10,0,10,188
07/26/2020,ASE,CO,ANM,WE,Combined TRACON& Tower with Radar,15,88,95,0,198,0,0,8,0,8,15,88,103,0,206,16,0,16,222
07/27/2020,ASE,CO,ANM,WE,Combined TRACON& Tower with Radar,14,62,68,0,144,0,0,7,0,7,14,62,75,0,151,11,0,11,162
07/28/2020,ASE,CO,ANM,WE,Combined TRACON& Tower with Radar,12,50,43,0,105,0,1,4,0,5,12,51,47,0,110,5,0,5,115
07/29/2020,ASE,CO,ANM,WE,Combined TRACON& Tower with Radar,17,31,69,0,117,0,0,13,0,13,17,31,82,0,130,18,0,18,148
07/30/2020,ASE,CO,ANM,WE,Combined TRACON& Tower with Radar,14,48,74,0,136,0,0,9,0,9,14,48,83,0,145,20,0,20,165
07/31/2020,ASE,CO,ANM,WE,Combined TRACON& Tower with Radar,14,80,133,0,227,0,0,10,0,10,14,80,143,0,237,27,0,27,264
08/01/2020,ASE,CO,ANM,WE,Combined TRACON& Tower with Radar,16,81,95,2,194,0,1,14,2,17,16,82,109,4,211,22,0,22,233
08/02/2020,ASE,CO,ANM,WE,Combined TRACON& Tower with Radar,14,74,105,2,195,0,0,8,0,8,14,74,113,2,203,14,0,14,217
08/03/2020,ASE,CO,ANM,WE,Combined TRACON& Tower with Radar,16,54,98,0,168,0,0,2,0,2,16,54,100,0,170,17,6,23,193
08/04/2020,ASE,CO,ANM,WE,Combined TRACON& Tower with Radar,16,44,66,0,126,0,0,14,0,14,16,44,80,0,140,14,0,14,154
08/05/2020,ASE,CO,ANM,WE,Combined TRACON& Tower with Radar,16,66,74,0,156,0,0,3,0,3,16,66,77,0,159,13,4,17,176
08/06/2020,ASE,CO,ANM,WE,Combined TRACON& Tower with Radar,14,57,71,0,142,0,0,3,0,3,14,57,74,0,145,13,2,15,160
08/07/2020,ASE,CO,ANM,WE,Combined TRACON& Tower with Radar,16,81,89,0,186,0,0,9,0,9,16,81,98,0,195,22,1,23,218
08/08/2020,ASE,CO,ANM,WE,Combined TRACON& Tower with Radar,18,59,102,1,180,0,0,13,1,14,18,59,115,2,194,24,0,24,218
08/09/2020,ASE,CO,ANM,WE,Combined TRACON& Tower with Radar,16,73,115,0,204,0,0,6,0,6,16,73,121,0,210,22,0,22,232
08/10/2020,ASE,CO,ANM,WE,Combined TRACON& Tower with Radar,16,46,74,4,140,0,1,13,0,14,16,47,87,4,154,19,0,19,173
08/11/2020,ASE,CO,ANM,WE,Combined TRACON& Tower with Radar,16,52,39,0,107,0,0,9,1,10,16,52,48,1,117,16,2,18,135
08/12/2020,ASE,CO,ANM,WE,Combined TRACON& Tower with Radar,16,55,67,0,138,0,0,10,0,10,16,55,77,0,148,13,1,14,162
08/13/2020,ASE,CO,ANM,WE,Combined TRACON& Tower with Radar,14,69,97,0,180,0,0,17,0,17,14,69,114,0,197,28,0,28,225
08/14/2020,ASE,CO,ANM,WE,Combined TRACON& Tower with Radar,16,52,68,2,138,0,0,10,0,10,16,52,78,2,148,34,0,34,182
08/15/2020,ASE,CO,ANM,WE,Combined TRACON& Tower with Radar,17,107,75,0,199,0,1,9,0,10,17,108,84,0,209,9,0,9,218
08/16/2020,ASE,CO,ANM,WE,Combined TRACON& Tower with Radar,16,104,123,0,243,0,0,12,0,12,16,104,135,0,255,19,0,19,274
08/17/2020,ASE,CO,ANM,WE,Combined TRACON& Tower with Radar,16,60,88,0,164,0,0,5,0,5,16,60,93,0,169,10,0,10,179
08/18/2020,ASE,CO,ANM,WE,Combined TRACON& Tower with Radar,14,41,62,0,117,0,0,6,0,6,14,41,68,0,123,11,0,11,134
08/19/2020,ASE,CO,ANM,WE,Combined TRACON& Tower with Radar,16,46,48,0,110,0,0,7,0,7,16,46,55,0,117,33,0,33,150
08/20/2020,ASE,CO,ANM,WE,Combined TRACON& Tower with Radar,16,57,68,0,141,0,0,9,0,9,16,57,77,0,150,20,0,20,170
08/21/2020,ASE,CO,ANM,WE,Combined TRACON& Tower with Radar,18,55,71,0,144,0,0,9,3,12,18,55,80,3,156,17,0,17,173
08/22/2020,ASE,CO,ANM,WE,Combined TRACON& Tower with Radar,18,73,85,0,176,0,0,5,0,5,18,73,90,0,181,15,0,15,196
08/23/2020,ASE,CO,ANM,WE,Combined TRACON& Tower with Radar,18,69,97,0,184,0,0,10,0,10,18,69,107,0,194,26,0,26,220
08/24/2020,ASE,CO,ANM,WE,Combined TRACON& Tower with Radar,16,50,56,0,122,0,0,9,0,9,16,50,65,0,131,20,0,20,151
08/25/2020,ASE,CO,ANM,WE,Combined TRACON& Tower with Radar,14,35,55,4,108,0,0,13,0,13,14,35,68,4,121,54,0,54,175
08/26/2020,ASE,CO,ANM,WE,Combined TRACON& Tower with Radar,16,38,57,2,113,0,0,8,0,8,16,38,65,2,121,14,0,14,135
08/27/2020,ASE,CO,ANM,WE,Combined TRACON& Tower with Radar,16,50,67,2,135,0,0,6,0,6,16,50,73,2,141,25,0,25,166
08/28/2020,ASE,CO,ANM,WE,Combined TRACON& Tower with Radar,18,49,69,2,138,0,0,11,0,11,18,49,80,2,149,16,0,16,165
08/29/2020,ASE,CO,ANM,WE,Combined TRACON& Tower with Radar,17,72,62,0,151,0,0,3,0,3,17,72,65,0,154,1,0,1,155
08/30/2020,ASE,CO,ANM,WE,Combined TRACON& Tower with Radar,18,63,68,0,149,0,0,7,0,7,18,63,75,0,156,11,0,11,167
08/31/2020,ASE,CO,ANM,WE,Combined TRACON& Tower with Radar,16,47,59,0,122,0,0,1,0,1,16,47,60,0,123,38,0,38,161
09/01/2020,ASE,CO,ANM,WE,Combined TRACON& Tower with Radar,13,46,64,0,123,0,0,7,0,7,13,46,71,0,130,30,0,30,160
09/02/2020,ASE,CO,ANM,WE,Combined TRACON& Tower with Radar,15,46,41,2,104,0,0,8,0,8,15,46,49,2,112,42,1,43,155
09/03/2020,ASE,CO,ANM,WE,Combined TRACON& Tower with Radar,19,65,77,0,161,0,0,7,2,9,19,65,84,2,170,21,1,22,192
09/04/2020,ASE,CO,ANM,WE,Combined TRACON& Tower with Radar,23,83,63,0,169,0,0,9,0,9,23,83,72,0,178,21,0,21,199
09/05/2020,ASE,CO,ANM,WE,Combined TRACON& Tower with Radar,14,42,55,0,111,0,0,11,0,11,14,42,66,0,122,25,0,25,147
09/06/2020,ASE,CO,ANM,WE,Combined TRACON& Tower with Radar,16,35,33,0,84,0,0,8,0,8,16,35,41,0,92,28,0,28,120
09/07/2020,ASE,CO,ANM,WE,Combined TRACON& Tower with Radar,27,71,134,0,232,0,0,5,0,5,27,71,139,0,237,11,0,11,248
09/08/2020,ASE,CO,ANM,WE,Combined TRACON& Tower with Radar,2,9,12,0,23,0,0,0,0,0,2,9,12,0,23,0,0,0,23
09/09/2020,ASE,CO,ANM,WE,Combined TRACON& Tower with Radar,15,50,82,0,147,0,0,2,0,2,15,50,84,0,149,35,0,35,184
09/10/2020,ASE,CO,ANM,WE,Combined TRACON& Tower with Radar,13,50,37,0,100,0,0,0,0,0,13,50,37,0,100,17,0,17,117
09/11/2020,ASE,CO,ANM,WE,Combined TRACON& Tower with Radar,15,51,68,0,134,0,0,5,0,5,15,51,73,0,139,13,0,13,152
09/12/2020,ASE,CO,ANM,WE,Combined TRACON& Tower with Radar,19,102,61,0,182,0,0,17,0,17,19,102,78,0,199,36,1,37,236
09/13/2020,ASE,CO,ANM,WE,Combined TRACON& Tower with Radar,20,79,84,0,183,0,0,14,1,15,20,79,98,1,198,40,2,42,240
09/14/2020,ASE,CO,ANM,WE,Combined TRACON& Tower with Radar,0,0,0,0,0,0,0,0,0,0,0,0,0,0,0,0,0,0,0
09/15/2020,ASE,CO,ANM,WE,Combined TRACON& Tower with Radar,0,0,0,0,0,0,0,1,0,1,0,0,1,0,1,4,12,16,17
09/16/2020,ASE,CO,ANM,WE,Combined TRACON& Tower with Radar,0,0,0,4,4,0,0,0,0,0,0,0,0,4,4,0,0,0,4
09/17/2020,ASE,CO,ANM,WE,Combined TRACON& Tower with Radar,0,0,0,6,6,0,0,0,0,0,0,0,0,6,6,0,0,0,6
09/18/2020,ASE,CO,ANM,WE,Combined TRACON& Tower with Radar,17,83,89,0,189,0,1,11,0,12,17,84,100,0,201,19,1,20,221
09/19/2020,ASE,CO,ANM,WE,Combined TRACON& Tower with Radar,17,72,64,0,153,0,0,12,0,12,17,72,76,0,165,39,0,39,204
09/20/2020,ASE,CO,ANM,WE,Combined TRACON& Tower with Radar,17,72,95,2,186,0,0,4,0,4,17,72,99,2,190,18,0,18,208
09/21/2020,ASE,CO,ANM,WE,Combined TRACON& Tower with Radar,12,55,57,0,124,0,0,7,0,7,12,55,64,0,131,11,0,11,142
09/22/2020,ASE,CO,ANM,WE,Combined TRACON& Tower with Radar,14,48,25,0,87,0,0,8,0,8,14,48,33,0,95,12,2,14,109
09/23/2020,ASE,CO,ANM,WE,Combined TRACON& Tower with Radar,15,57,57,0,129,0,0,11,0,11,15,57,68,0,140,25,0,25,165
09/24/2020,ASE,CO,ANM,WE,Combined TRACON& Tower with Radar,15,64,81,0,160,0,0,4,3,7,15,64,85,3,167,18,0,18,185
09/25/2020,ASE,CO,ANM,WE,Combined TRACON& Tower with Radar,15,66,69,0,150,0,0,10,0,10,15,66,79,0,160,34,0,34,194
09/26/2020,ASE,CO,ANM,WE,Combined TRACON& Tower with Radar,19,59,54,2,134,0,1,7,0,8,19,60,61,2,142,23,0,23,165
09/27/2020,ASE,CO,ANM,WE,Combined TRACON& Tower with Radar,17,48,80,0,145,0,0,11,0,11,17,48,91,0,156,19,0,19,175
09/28/2020,ASE,CO,ANM,WE,Combined TRACON& Tower with Radar,13,60,57,0,130,0,0,6,1,7,13,60,63,1,137,12,0,12,149
09/29/2020,ASE,CO,ANM,WE,Combined TRACON& Tower with Radar,9,51,61,0,121,0,0,6,1,7,9,51,67,1,128,27,0,27,155
09/30/2020,ASE,CO,ANM,WE,Combined TRACON& Tower with Radar,11,56,57,0,124,0,0,10,0,10,11,56,67,0,134,5,0,5,139
10/01/2020,ASE,CO,ANM,WE,Combined TRACON& Tower with Radar,13,62,58,0,133,0,1,12,4,17,13,63,70,4,150,15,4,19,169
10/02/2020,ASE,CO,ANM,WE,Combined TRACON& Tower with Radar,15,54,55,0,124,0,0,4,4,8,15,54,59,4,132,25,0,25,157
10/03/2020,ASE,CO,ANM,WE,Combined TRACON& Tower with Radar,16,53,66,0,135,0,0,8,7,15,16,53,74,7,150,41,1,42,192
10/04/2020,ASE,CO,ANM,WE,Combined TRACON& Tower with Radar,17,70,78,0,165,0,0,11,11,22,17,70,89,11,187,21,0,21,208
10/05/2020,ASE,CO,ANM,WE,Combined TRACON& Tower with Radar,13,56,43,0,112,0,0,9,4,13,13,56,52,4,125,26,1,27,152
10/06/2020,ASE,CO,ANM,WE,Combined TRACON& Tower with Radar,11,42,29,0,82,0,1,6,8,15,11,43,35,8,97,35,0,35,132
10/07/2020,ASE,CO,ANM,WE,Combined TRACON& Tower with Radar,15,48,37,0,100,0,0,10,9,19,15,48,47,9,119,73,0,73,192
10/08/2020,ASE,CO,ANM,WE,Combined TRACON& Tower with Radar,15,37,52,0,104,0,0,9,5,14,15,37,61,5,118,20,2,22,140
10/09/2020,ASE,CO,ANM,WE,Combined TRACON& Tower with Radar,15,49,64,0,128,0,0,10,6,16,15,49,74,6,144,57,4,61,205
10/10/2020,ASE,CO,ANM,WE,Combined TRACON& Tower with Radar,17,47,45,0,109,0,0,13,9,22,17,47,58,9,131,36,0,36,167
10/11/2020,ASE,CO,ANM,WE,Combined TRACON& Tower with Radar,15,32,47,0,94,0,0,2,0,2,15,32,49,0,96,10,0,10,106
10/12/2020,ASE,CO,ANM,WE,Combined TRACON& Tower with Radar,15,60,55,0,130,0,0,3,4,7,15,60,58,4,137,16,0,16,153
10/13/2020,ASE,CO,ANM,WE,Combined TRACON& Tower with Radar,13,41,32,0,86,0,0,10,7,17,13,41,42,7,103,12,0,12,115
10/14/2020,ASE,CO,ANM,WE,Combined TRACON& Tower with Radar,16,21,25,0,62,0,0,5,2,7,16,21,30,2,69,4,0,4,73
10/15/2020,ASE,CO,ANM,WE,Combined TRACON& Tower with Radar,17,44,56,0,117,0,1,6,2,9,17,45,62,2,126,24,0,24,150
10/16/2020,ASE,CO,ANM,WE,Combined TRACON& Tower with Radar,15,33,49,0,97,0,0,6,6,12,15,33,55,6,109,26,0,26,135
10/17/2020,ASE,CO,ANM,WE,Combined TRACON& Tower with Radar,21,31,36,0,88,0,0,8,1,9,21,31,44,1,97,11,0,11,108
10/18/2020,ASE,CO,ANM,WE,Combined TRACON& Tower with Radar,19,38,50,0,107,0,0,5,2,7,19,38,55,2,114,4,0,4,118
10/19/2020,ASE,CO,ANM,WE,Combined TRACON& Tower with Radar,15,36,31,0,82,0,0,4,2,6,15,36,35,2,88,27,0,27,115
10/20/2020,ASE,CO,ANM,WE,Combined TRACON& Tower with Radar,13,33,30,0,76,0,0,0,10,10,13,33,30,10,86,48,0,48,134
10/21/2020,ASE,CO,ANM,WE,Combined TRACON& Tower with Radar,15,18,28,0,61,0,0,2,5,7,15,18,30,5,68,23,0,23,91
10/22/2020,ASE,CO,ANM,WE,Combined TRACON& Tower with Radar,19,29,23,0,71,0,0,2,0,2,19,29,25,0,73,16,0,16,89
10/23/2020,ASE,CO,ANM,WE,Combined TRACON& Tower with Radar,14,18,28,3,63,0,0,9,2,11,14,18,37,5,74,43,0,43,117
10/24/2020,ASE,CO,ANM,WE,Combined TRACON& Tower with Radar,17,26,24,0,67,0,0,2,4,6,17,26,26,4,73,13,0,13,86
10/25/2020,ASE,CO,ANM,WE,Combined TRACON& Tower with Radar,10,9,24,0,43,0,0,0,0,0,10,9,24,0,43,0,0,0,43
10/26/2020,ASE,CO,ANM,WE,Combined TRACON& Tower with Radar,3,5,3,0,11,0,0,0,0,0,3,5,3,0,11,17,0,17,28
10/27/2020,ASE,CO,ANM,WE,Combined TRACON& Tower with Radar,13,19,28,0,60,0,0,3,5,8,13,19,31,5,68,45,0,45,113
10/28/2020,ASE,CO,ANM,WE,Combined TRACON& Tower with Radar,17,16,38,0,71,0,0,3,3,6,17,16,41,3,77,28,0,28,105
10/29/2020,ASE,CO,ANM,WE,Combined TRACON& Tower with Radar,15,25,21,0,61,0,0,8,4,12,15,25,29,4,73,15,0,15,88
10/30/2020,ASE,CO,ANM,WE,Combined TRACON& Tower with Radar,15,23,42,2,82,0,0,7,6,13,15,23,49,8,95,43,0,43,138
10/31/2020,ASE,CO,ANM,WE,Combined TRACON& Tower with Radar,15,22,25,0,62,0,0,9,6,15,15,22,34,6,77,17,0,17,94
11/01/2020,ASE,CO,ANM,WE,Combined TRACON& Tower with Radar,13,23,27,0,63,0,0,5,5,10,13,23,32,5,73,14,0,14,87
11/02/2020,ASE,CO,ANM,WE,Combined TRACON& Tower with Radar,14,15,18,0,47,0,0,7,13,20,14,15,25,13,67,37,0,37,104
11/03/2020,ASE,CO,ANM,WE,Combined TRACON& Tower with Radar,11,13,14,0,38,0,0,5,5,10,11,13,19,5,48,36,0,36,84
11/04/2020,ASE,CO,ANM,WE,Combined TRACON& Tower with Radar,33,9,9,0,51,0,0,3,8,11,33,9,12,8,62,40,0,40,102
11/05/2020,ASE,CO,ANM,WE,Combined TRACON& Tower with Radar,15,17,16,0,48,0,0,12,2,14,15,17,28,2,62,43,0,43,105
11/06/2020,ASE,CO,ANM,WE,Combined TRACON& Tower with Radar,15,22,29,0,66,0,0,2,6,8,15,22,31,6,74,9,0,9,83
11/07/2020,ASE,CO,ANM,WE,Combined TRACON& Tower with Radar,15,10,16,0,41,0,0,0,0,0,15,10,16,0,41,8,0,8,49
11/08/2020,ASE,CO,ANM,WE,Combined TRACON& Tower with Radar,15,12,24,0,51,0,0,2,2,4,15,12,26,2,55,9,0,9,64
11/09/2020,ASE,CO,ANM,WE,Combined TRACON& Tower with Radar,15,2,13,0,30,0,0,0,0,0,15,2,13,0,30,0,0,0,30
11/10/2020,ASE,CO,ANM,WE,Combined TRACON& Tower with Radar,11,7,22,0,40,0,0,0,2,2,11,7,22,2,42,22,0,22,64
11/11/2020,ASE,CO,ANM,WE,Combined TRACON& Tower with Radar,16,9,20,0,45,0,0,3,2,5,16,9,23,2,50,24,0,24,74
11/12/2020,ASE,CO,ANM,WE,Combined TRACON& Tower with Radar,15,16,24,0,55,0,0,1,0,1,15,16,25,0,56,22,0,22,78
11/13/2020,ASE,CO,ANM,WE,Combined TRACON& Tower with Radar,16,14,23,9,62,0,0,3,2,5,16,14,26,11,67,12,0,12,79
11/14/2020,ASE,CO,ANM,WE,Combined TRACON& Tower with Radar,10,0,4,0,14,0,0,0,0,0,10,0,4,0,14,0,0,0,14
11/15/2020,ASE,CO,ANM,WE,Combined TRACON& Tower with Radar,15,26,20,0,61,0,0,6,2,8,15,26,26,2,69,36,0,36,105
11/16/2020,ASE,CO,ANM,WE,Combined TRACON& Tower with Radar,16,17,21,0,54,0,0,4,6,10,16,17,25,6,64,6,0,6,70
11/17/2020,ASE,CO,ANM,WE,Combined TRACON& Tower with Radar,11,11,11,0,33,0,0,3,2,5,11,11,14,2,38,9,0,9,47
11/18/2020,ASE,CO,ANM,WE,Combined TRACON& Tower with Radar,15,12,24,2,53,0,0,3,4,7,15,12,27,6,60,6,0,6,66
11/19/2020,ASE,CO,ANM,WE,Combined TRACON& Tower with Radar,19,6,19,0,44,0,0,7,0,7,19,6,26,0,51,5,0,5,56
11/20/2020,ASE,CO,ANM,WE,Combined TRACON& Tower with Radar,17,26,31,0,74,0,0,6,0,6,17,26,37,0,80,6,0,6,86
11/21/2020,ASE,CO,ANM,WE,Combined TRACON& Tower with Radar,20,32,30,0,82,0,0,2,0,2,20,32,32,0,84,0,0,0,84
11/22/2020,ASE,CO,ANM,WE,Combined TRACON& Tower with Radar,17,36,39,0,92,0,0,10,0,10,17,36,49,0,102,6,0,6,108
11/23/2020,ASE,CO,ANM,WE,Combined TRACON& Tower with Radar,11,16,17,0,44,0,0,0,2,2,11,16,17,2,46,6,0,6,52
11/24/2020,ASE,CO,ANM,WE,Combined TRACON& Tower with Radar,15,12,35,0,62,0,0,4,0,4,15,12,39,0,66,20,0,20,86
11/25/2020,ASE,CO,ANM,WE,Combined TRACON& Tower with Radar,18,28,48,0,94,0,0,11,0,11,18,28,59,0,105,18,0,18,123
11/26/2020,ASE,CO,ANM,WE,Combined TRACON& Tower with Radar,6,10,3,0,19,0,0,0,1,1,6,10,3,1,20,8,0,8,28
11/27/2020,ASE,CO,ANM,WE,Combined TRACON& Tower with Radar,13,11,15,0,39,0,0,2,8,10,13,11,17,8,49,42,0,42,91
11/28/2020,ASE,CO,ANM,WE,Combined TRACON& Tower with Radar,22,28,43,0,93,0,0,11,5,16,22,28,54,5,109,39,0,39,148
11/29/2020,ASE,CO,ANM,WE,Combined TRACON& Tower with Radar,21,69,81,0,171,0,0,14,3,17,21,69,95,3,188,17,0,17,205
11/30/2020,ASE,CO,ANM,WE,Combined TRACON& Tower with Radar,18,26,27,0,71,0,0,7,6,13,18,26,34,6,84,16,0,16,100
12/01/2020,ASE,CO,ANM,WE,Combined TRACON& Tower with Radar,25,7,17,0,49,0,0,1,0,1,25,7,18,0,50,2,0,2,52
12/02/2020,ASE,CO,ANM,WE,Combined TRACON& Tower with Radar,25,25,29,0,79,0,0,3,2,5,25,25,32,2,84,52,0,52,136
12/03/2020,ASE,CO,ANM,WE,Combined TRACON& Tower with Radar,25,26,25,0,76,0,0,9,3,12,25,26,34,3,88,9,0,9,97
12/04/2020,ASE,CO,ANM,WE,Combined TRACON& Tower with Radar,29,21,25,0,75,0,0,6,12,18,29,21,31,12,93,25,0,25,118
12/05/2020,ASE,CO,ANM,WE,Combined TRACON& Tower with Radar,25,39,27,0,91,0,0,6,13,19,25,39,33,13,110,41,0,41,151
12/06/2020,ASE,CO,ANM,WE,Combined TRACON& Tower with Radar,31,33,39,0,103,0,0,8,12,20,31,33,47,12,123,26,0,26,149
12/07/2020,ASE,CO,ANM,WE,Combined TRACON& Tower with Radar,27,24,36,0,87,0,0,5,4,9,27,24,41,4,96,5,0,5,101
12/08/2020,ASE,CO,ANM,WE,Combined TRACON& Tower with Radar,20,19,29,0,68,0,0,9,6,15,20,19,38,6,83,57,0,57,140
12/09/2020,ASE,CO,ANM,WE,Combined TRACON& Tower with Radar,25,23,30,0,78,0,0,14,2,16,25,23,44,2,94,30,0,30,124
12/10/2020,ASE,CO,ANM,WE,Combined TRACON& Tower with Radar,28,29,35,0,92,0,0,5,2,7,28,29,40,2,99,12,0,12,111
12/11/2020,ASE,CO,ANM,WE,Combined TRACON& Tower with Radar,29,4,7,0,40,0,0,0,0,0,29,4,7,0,40,11,0,11,51
12/12/2020,ASE,CO,ANM,WE,Combined TRACON& Tower with Radar,3,5,9,0,17,0,0,0,0,0,3,5,9,0,17,14,0,14,31
12/13/2020,ASE,CO,ANM,WE,Combined TRACON& Tower with Radar,27,40,36,0,103,0,0,5,2,7,27,40,41,2,110,9,0,9,119
12/14/2020,ASE,CO,ANM,WE,Combined TRACON& Tower with Radar,24,17,8,0,49,0,0,0,2,2,24,17,8,2,51,7,0,7,58
12/15/2020,ASE,CO,ANM,WE,Combined TRACON& Tower with Radar,22,33,28,0,83,0,0,0,0,0,22,33,28,0,83,15,0,15,98
12/16/2020,ASE,CO,ANM,WE,Combined TRACON& Tower with Radar,26,39,25,0,90,0,0,1,0,1,26,39,26,0,91,1,0,1,92
12/17/2020,ASE,CO,ANM,WE,Combined TRACON& Tower with Radar,45,53,46,0,144,0,0,1,3,4,45,53,47,3,148,10,0,10,158
12/18/2020,ASE,CO,ANM,WE,Combined TRACON& Tower with Radar,50,24,52,0,126,0,0,0,0,0,50,24,52,0,126,0,0,0,126
12/19/2020,ASE,CO,ANM,WE,Combined TRACON& Tower with Radar,51,81,92,0,224,0,0,10,2,12,51,81,102,2,236,5,0,5,241
12/20/2020,ASE,CO,ANM,WE,Combined TRACON& Tower with Radar,51,82,69,0,202,0,0,3,2,5,51,82,72,2,207,5,0,5,212
12/21/2020,ASE,CO,ANM,WE,Combined TRACON& Tower with Radar,50,43,52,0,145,0,0,8,3,11,50,43,60,3,156,33,0,33,189
12/22/2020,ASE,CO,ANM,WE,Combined TRACON& Tower with Radar,44,46,55,0,145,0,0,2,0,2,44,46,57,0,147,6,0,6,153
12/23/2020,ASE,CO,ANM,WE,Combined TRACON& Tower with Radar,52,31,47,0,130,0,0,2,0,2,52,31,49,0,132,1,0,1,133
12/24/2020,ASE,CO,ANM,WE,Combined TRACON& Tower with Radar,36,31,49,0,116,0,0,4,1,5,36,31,53,1,121,10,0,10,131
12/25/2020,ASE,CO,ANM,WE,Combined TRACON& Tower with Radar,32,55,23,0,110,0,0,1,4,5,32,55,24,4,115,4,0,4,119
12/26/2020,ASE,CO,ANM,WE,Combined TRACON& Tower with Radar,51,77,111,0,239,0,1,11,2,14,51,78,122,2,253,15,0,15,268
12/27/2020,ASE,CO,ANM,WE,Combined TRACON& Tower with Radar,50,78,114,0,242,0,0,7,0,7,50,78,121,0,249,18,0,18,267
12/28/2020,ASE,CO,ANM,WE,Combined TRACON& Tower with Radar,49,37,29,0,115,0,0,0,0,0,49,37,29,0,115,0,0,0,115
12/29/2020,ASE,CO,ANM,WE,Combined TRACON& Tower with Radar,45,18,42,0,105,0,0,1,0,1,45,18,43,0,106,0,0,0,106
12/30/2020,ASE,CO,ANM,WE,Combined TRACON& Tower with Radar,50,78,100,0,228,0,0,14,3,17,50,78,114,3,245,24,0,24,269
12/31/2020,ASE,CO,ANM,WE,Combined TRACON& Tower with Radar,35,35,30,0,100,0,0,3,2,5,35,35,33,2,105,6,1,7,112
01/01/2021,ASE,CO,ANM,WE,Combined TRACON& Tower with Radar,43,59,51,0,153,0,0,3,1,4,43,59,54,1,157,9,0,9,166
01/02/2021,ASE,CO,ANM,WE,Combined TRACON& Tower with Radar,52,112,111,0,275,0,0,2,0,2,52,112,113,0,277,5,0,5,282
01/03/2021,ASE,CO,ANM,WE,Combined TRACON& Tower with Radar,52,121,113,0,286,0,0,2,0,2,52,121,115,0,288,0,0,0,288
01/04/2021,ASE,CO,ANM,WE,Combined TRACON& Tower with Radar,51,91,114,2,258,0,1,8,2,11,51,92,122,4,269,9,0,9,278
01/05/2021,ASE,CO,ANM,WE,Combined TRACON& Tower with Radar,45,13,27,0,85,0,0,0,0,0,45,13,27,0,85,0,0,0,85
01/06/2021,ASE,CO,ANM,WE,Combined TRACON& Tower with Radar,36,56,48,0,140,0,0,2,2,4,36,56,50,2,144,21,0,21,165
01/07/2021,ASE,CO,ANM,WE,Combined TRACON& Tower with Radar,32,42,35,0,109,0,0,5,5,10,32,42,40,5,119,40,0,40,159
01/08/2021,ASE,CO,ANM,WE,Combined TRACON& Tower with Radar,40,40,63,0,143,0,0,7,11,18,40,40,70,11,161,29,0,29,190
01/09/2021,ASE,CO,ANM,WE,Combined TRACON& Tower with Radar,42,62,38,0,142,0,0,1,4,5,42,62,39,4,147,6,0,6,153
01/10/2021,ASE,CO,ANM,WE,Combined TRACON& Tower with Radar,42,44,67,0,153,0,0,6,4,10,42,44,73,4,163,13,0,13,176
01/11/2021,ASE,CO,ANM,WE,Combined TRACON& Tower with Radar,35,46,39,0,120,0,0,5,2,7,35,46,44,2,127,10,0,10,137
01/12/2021,ASE,CO,ANM,WE,Combined TRACON& Tower with Radar,33,25,17,0,75,0,0,8,1,9,33,25,25,1,84,14,0,14,98
01/13/2021,ASE,CO,ANM,WE,Combined TRACON& Tower with Radar,35,51,27,0,113,0,0,3,0,3,35,51,30,0,116,2,0,2,118
01/14/2021,ASE,CO,ANM,WE,Combined TRACON& Tower with Radar,31,21,31,0,83,0,0,3,0,3,31,21,34,0,86,2,0,2,88
01/15/2021,ASE,CO,ANM,WE,Combined TRACON& Tower with Radar,40,38,63,0,141,0,0,1,2,3,40,38,64,2,144,9,0,9,153
01/16/2021,ASE,CO,ANM,WE,Combined TRACON& Tower with Radar,43,30,20,0,93,0,0,0,2,2,43,30,20,2,95,7,0,7,102
01/17/2021,ASE,CO,ANM,WE,Combined TRACON& Tower with Radar,45,47,52,0,144,0,0,0,2,2,45,47,52,2,146,41,0,41,187
01/18/2021,ASE,CO,ANM,WE,Combined TRACON& Tower with Radar,37,44,54,0,135,0,0,2,2,4,37,44,56,2,139,6,0,6,145
01/19/2021,ASE,CO,ANM,WE,Combined TRACON& Tower with Radar,31,27,36,0,94,0,0,4,6,10,31,27,40,6,104,21,0,21,125
01/20/2021,ASE,CO,ANM,WE,Combined TRACON& Tower with Radar,35,43,23,0,101,0,0,7,2,9,35,43,30,2,110,15,0,15,125
01/21/2021,ASE,CO,ANM,WE,Combined TRACON& Tower with Radar,32,25,31,0,88,0,0,3,2,5,32,25,34,2,93,0,0,0,93
01/22/2021,ASE,CO,ANM,WE,Combined TRACON& Tower with Radar,39,47,34,0,120,0,0,0,0,0,39,47,34,0,120,33,0,33,153
01/23/2021,ASE,CO,ANM,WE,Combined TRACON& Tower with Radar,47,17,21,0,85,0,0,1,2,3,47,17,22,2,88,10,0,10,98
01/24/2021,ASE,CO,ANM,WE,Combined TRACON& Tower with Radar,45,26,26,0,97,0,0,1,0,1,45,26,27,0,98,0,0,0,98
01/25/2021,ASE,CO,ANM,WE,Combined TRACON& Tower with Radar,37,14,33,0,84,0,0,1,2,3,37,14,34,2,87,6,0,6,93
01/26/2021,ASE,CO,ANM,WE,Combined TRACON& Tower with Radar,30,19,9,0,58,0,0,0,0,0,30,19,9,0,58,0,0,0,58
01/27/2021,ASE,CO,ANM,WE,Combined TRACON& Tower with Radar,35,46,31,2,114,0,1,8,4,13,35,47,39,6,127,28,0,28,155
01/28/2021,ASE,CO,ANM,WE,Combined TRACON& Tower with Radar,34,28,54,0,116,0,0,6,3,9,34,28,60,3,125,35,0,35,160
01/29/2021,ASE,CO,ANM,WE,Combined TRACON& Tower with Radar,40,33,38,0,111,0,0,3,5,8,40,33,41,5,119,15,0,15,134
01/30/2021,ASE,CO,ANM,WE,Combined TRACON& Tower with Radar,41,16,15,0,72,0,0,0,0,0,41,16,15,0,72,24,0,24,96
01/31/2021,ASE,CO,ANM,WE,Combined TRACON& Tower with Radar,40,58,63,0,161,0,0,12,3,15,40,58,75,3,176,22,0,22,198
02/01/2021,ASE,CO,ANM,WE,Combined TRACON& Tower with Radar,35,25,29,0,89,0,0,1,4,5,35,25,30,4,94,31,1,32,126
02/02/2021,ASE,CO,ANM,WE,Combined TRACON& Tower with Radar,30,20,35,0,85,0,0,7,10,17,30,20,42,10,102,36,0,36,138
02/03/2021,ASE,CO,ANM,WE,Combined TRACON& Tower with Radar,28,6,9,0,43,0,0,0,0,0,28,6,9,0,43,0,0,0,43
02/04/2021,ASE,CO,ANM,WE,Combined TRACON& Tower with Radar,31,37,44,0,112,0,0,2,0,2,31,37,46,0,114,17,0,17,131
02/05/2021,ASE,CO,ANM,WE,Combined TRACON& Tower with Radar,26,4,13,0,43,0,0,1,0,1,26,4,14,0,44,0,0,0,44
02/06/2021,ASE,CO,ANM,WE,Combined TRACON& Tower with Radar,45,51,56,0,152,0,0,3,1,4,45,51,59,1,156,10,0,10,166
02/07/2021,ASE,CO,ANM,WE,Combined TRACON& Tower with Radar,43,33,48,0,124,0,0,1,4,5,43,33,49,4,129,6,0,6,135
02/08/2021,ASE,CO,ANM,WE,Combined TRACON& Tower with Radar,38,23,44,0,105,0,0,3,0,3,38,23,47,0,108,4,0,4,112
02/09/2021,ASE,CO,ANM,WE,Combined TRACON& Tower with Radar,31,27,18,0,76,0,0,1,0,1,31,27,19,0,77,24,0,24,101
02/10/2021,ASE,CO,ANM,WE,Combined TRACON& Tower with Radar,41,15,22,0,78,0,0,0,0,0,41,15,22,0,78,0,0,0,78
02/11/2021,ASE,CO,ANM,WE,Combined TRACON& Tower with Radar,42,65,101,0,208,0,0,8,5,13,42,65,109,5,221,27,0,27,248
02/12/2021,ASE,CO,ANM,WE,Combined TRACON& Tower with Radar,43,35,37,0,115,0,0,0,0,0,43,35,37,0,115,31,0,31,146
02/13/2021,ASE,CO,ANM,WE,Combined TRACON& Tower with Radar,39,60,40,0,139,0,0,0,2,2,39,60,40,2,141,8,0,8,149
02/14/2021,ASE,CO,ANM,WE,Combined TRACON& Tower with Radar,36,40,38,0,114,0,0,1,2,3,36,40,39,2,117,10,0,10,127
02/15/2021,ASE,CO,ANM,WE,Combined TRACON& Tower with Radar,33,35,82,0,150,0,0,2,0,2,33,35,84,0,152,6,0,6,158
02/16/2021,ASE,CO,ANM,WE,Combined TRACON& Tower with Radar,27,19,35,0,81,0,0,0,0,0,27,19,35,0,81,16,0,16,97
02/17/2021,ASE,CO,ANM,WE,Combined TRACON& Tower with Radar,33,65,36,0,134,0,0,1,2,3,33,65,37,2,137,14,0,14,151
02/18/2021,ASE,CO,ANM,WE,Combined TRACON& Tower with Radar,36,53,82,0,171,0,0,3,6,9,36,53,85,6,180,27,0,27,207
02/19/2021,ASE,CO,ANM,WE,Combined TRACON& Tower with Radar,44,61,50,0,155,0,0,2,2,4,44,61,52,2,159,6,0,6,165
02/20/2021,ASE,CO,ANM,WE,Combined TRACON& Tower with Radar,38,54,63,0,155,0,0,1,0,1,38,54,64,0,156,9,0,9,165
02/21/2021,ASE,CO,ANM,WE,Combined TRACON& Tower with Radar,53,67,92,0,212,0,0,4,0,4,53,67,96,0,216,2,0,2,218
02/22/2021,ASE,CO,ANM,WE,Combined TRACON& Tower with Radar,42,56,51,0,149,0,0,5,6,11,42,56,56,6,160,18,0,18,178
02/23/2021,ASE,CO,ANM,WE,Combined TRACON& Tower with Radar,37,31,26,0,94,0,0,5,3,8,37,31,31,3,102,37,0,37,139
02/24/2021,ASE,CO,ANM,WE,Combined TRACON& Tower with Radar,41,31,53,0,125,0,0,2,5,7,41,31,55,5,132,13,0,13,145
02/25/2021,ASE,CO,ANM,WE,Combined TRACON& Tower with Radar,44,53,47,0,144,0,0,4,3,7,44,53,51,3,151,9,0,9,160
02/26/2021,ASE,CO,ANM,WE,Combined TRACON& Tower with Radar,48,34,58,0,140,0,0,3,3,6,48,34,61,3,146,7,0,7,153
02/27/2021,ASE,CO,ANM,WE,Combined TRACON& Tower with Radar,18,4,7,0,29,0,0,0,0,0,18,4,7,0,29,0,0,0,29
02/28/2021,ASE,CO,ANM,WE,Combined TRACON& Tower with Radar,38,71,73,0,182,0,0,8,3,11,38,71,81,3,193,12,0,12,205
03/01/2021,ASE,CO,ANM,WE,Combined TRACON& Tower with Radar,42,42,55,0,139,0,0,7,4,11,42,42,62,4,150,28,0,28,178
03/02/2021,ASE,CO,ANM,WE,Combined TRACON& Tower with Radar,40,44,39,0,123,0,0,8,6,14,40,44,47,6,137,31,0,31,168
03/03/2021,ASE,CO,ANM,WE,Combined TRACON& Tower with Radar,41,44,65,0,150,0,0,10,8,18,41,44,75,8,168,23,0,23,191
03/04/2021,ASE,CO,ANM,WE,Combined TRACON& Tower with Radar,32,19,21,0,72,0,0,0,0,0,32,19,21,0,72,9,0,9,81
03/05/2021,ASE,CO,ANM,WE,Combined TRACON& Tower with Radar,52,52,67,0,171,0,0,10,13,23,52,52,77,13,194,25,4,29,223
03/06/2021,ASE,CO,ANM,WE,Combined TRACON& Tower with Radar,49,78,79,0,206,0,0,13,4,17,49,78,92,4,223,35,0,35,258
03/07/2021,ASE,CO,ANM,WE,Combined TRACON& Tower with Radar,55,74,90,0,219,0,0,10,2,12,55,74,100,2,231,11,0,11,242
03/08/2021,ASE,CO,ANM,WE,Combined TRACON& Tower with Radar,48,44,50,0,142,0,0,2,5,7,48,44,52,5,149,17,0,17,166
03/09/2021,ASE,CO,ANM,WE,Combined TRACON& Tower with Radar,43,27,43,0,113,0,0,6,1,7,43,27,49,1,120,21,0,21,141
03/10/2021,ASE,CO,ANM,WE,Combined TRACON& Tower with Radar,50,33,33,0,116,0,0,0,0,0,50,33,33,0,116,0,0,0,116
03/11/2021,ASE,CO,ANM,WE,Combined TRACON& Tower with Radar,49,67,62,0,178,0,0,4,0,4,49,67,66,0,182,5,0,5,187
03/12/2021,ASE,CO,ANM,WE,Combined TRACON& Tower with Radar,46,76,130,0,252,0,0,8,1,9,46,76,138,1,261,29,0,29,290
03/13/2021,ASE,CO,ANM,WE,Combined TRACON& Tower with Radar,39,29,33,0,101,0,0,0,2,2,39,29,33,2,103,4,0,4,107
03/14/2021,ASE,CO,ANM,WE,Combined TRACON& Tower with Radar,12,4,15,0,31,0,0,0,0,0,12,4,15,0,31,0,0,0,31
03/15/2021,ASE,CO,ANM,WE,Combined TRACON& Tower with Radar,33,77,94,0,204,0,0,3,0,3,33,77,97,0,207,3,0,3,210
03/16/2021,ASE,CO,ANM,WE,Combined TRACON& Tower with Radar,40,37,33,0,110,0,0,0,0,0,40,37,33,0,110,38,0,38,148
03/17/2021,ASE,CO,ANM,WE,Combined TRACON& Tower with Radar,42,68,54,0,164,0,0,2,1,3,42,68,56,1,167,4,0,4,171
03/18/2021,ASE,CO,ANM,WE,Combined TRACON& Tower with Radar,47,70,72,0,189,0,0,6,8,14,47,70,78,8,203,33,0,33,236
03/19/2021,ASE,CO,ANM,WE,Combined TRACON& Tower with Radar,52,109,83,0,244,0,0,11,5,16,52,109,94,5,260,28,0,28,288
03/20/2021,ASE,CO,ANM,WE,Combined TRACON& Tower with Radar,43,78,103,0,224,0,1,9,0,10,43,79,112,0,234,17,0,17,251
03/21/2021,ASE,CO,ANM,WE,Combined TRACON& Tower with Radar,53,77,80,0,210,0,0,2,0,2,53,77,82,0,212,2,0,2,214
03/22/2021,ASE,CO,ANM,WE,Combined TRACON& Tower with Radar,48,32,49,0,129,0,0,1,2,3,48,32,50,2,132,39,0,39,171
03/23/2021,ASE,CO,ANM,WE,Combined TRACON& Tower with Radar,42,38,46,0,126,0,0,0,0,0,42,38,46,0,126,6,0,6,132
03/24/2021,ASE,CO,ANM,WE,Combined TRACON& Tower with Radar,45,59,52,0,156,0,0,0,6,6,45,59,52,6,162,16,0,16,178
03/25/2021,ASE,CO,ANM,WE,Combined TRACON& Tower with Radar,51,80,73,0,204,0,0,0,0,0,51,80,73,0,204,18,0,18,222
03/26/2021,ASE,CO,ANM,WE,Combined TRACON& Tower with Radar,56,58,66,0,180,0,0,0,0,0,56,58,66,0,180,0,0,0,180
03/27/2021,ASE,CO,ANM,WE,Combined TRACON& Tower with Radar,51,105,82,0,238,0,0,8,4,12,51,105,90,4,250,26,1,27,277
03/28/2021,ASE,CO,ANM,WE,Combined TRACON& Tower with Radar,40,98,78,0,216,0,2,9,4,15,40,100,87,4,231,16,0,16,247
03/29/2021,ASE,CO,ANM,WE,Combined TRACON& Tower with Radar,28,59,70,0,157,0,0,6,0,6,28,59,76,0,163,8,0,8,171
03/30/2021,ASE,CO,ANM,WE,Combined TRACON& Tower with Radar,28,35,36,0,99,0,0,0,2,2,28,35,36,2,101,0,0,0,101
03/31/2021,ASE,CO,ANM,WE,Combined TRACON& Tower with Radar,30,53,46,0,129,0,0,6,3,9,30,53,52,3,138,8,2,10,148
04/01/2021,ASE,CO,ANM,WE,Combined TRACON& Tower with Radar,30,50,70,0,150,0,0,8,2,10,30,50,78,2,160,26,0,26,186
04/02/2021,ASE,CO,ANM,WE,Combined TRACON& Tower with Radar,22,64,64,0,150,0,0,7,3,10,22,64,71,3,160,16,0,16,176
04/03/2021,ASE,CO,ANM,WE,Combined TRACON& Tower with Radar,39,106,70,1,216,0,0,19,4,23,39,106,89,5,239,14,0,14,253
04/04/2021,ASE,CO,ANM,WE,Combined TRACON& Tower with Radar,37,74,60,0,171,0,0,12,0,12,37,74,72,0,183,27,0,27,210
04/05/2021,ASE,CO,ANM,WE,Combined TRACON& Tower with Radar,23,54,64,0,141,0,0,5,3,8,23,54,69,3,149,8,0,8,157
04/06/2021,ASE,CO,ANM,WE,Combined TRACON& Tower with Radar,16,28,37,0,81,0,0,3,4,7,16,28,40,4,88,5,1,6,94
04/07/2021,ASE,CO,ANM,WE,Combined TRACON& Tower with Radar,13,31,23,0,67,0,0,7,6,13,13,31,30,6,80,11,2,13,93
04/08/2021,ASE,CO,ANM,WE,Combined TRACON& Tower with Radar,13,29,26,0,68,0,0,5,0,5,13,29,31,0,73,6,0,6,79
04/09/2021,ASE,CO,ANM,WE,Combined TRACON& Tower with Radar,14,22,34,0,70,0,0,3,2,5,14,22,37,2,75,24,0,24,99
04/10/2021,ASE,CO,ANM,WE,Combined TRACON& Tower with Radar,19,27,29,0,75,0,0,11,4,15,19,27,40,4,90,44,0,44,134
04/11/2021,ASE,CO,ANM,WE,Combined TRACON& Tower with Radar,16,42,32,0,90,0,1,2,3,6,16,43,34,3,96,4,0,4,100
04/12/2021,ASE,CO,ANM,WE,Combined TRACON& Tower with Radar,14,31,37,0,82,0,0,7,4,11,14,31,44,4,93,18,0,18,111
04/13/2021,ASE,CO,ANM,WE,Combined TRACON& Tower with Radar,14,21,22,0,57,0,0,2,0,2,14,21,24,0,59,6,0,6,65
04/14/2021,ASE,CO,ANM,WE,Combined TRACON& Tower with Radar,11,22,26,0,59,0,0,2,4,6,11,22,28,4,65,11,0,11,76
04/15/2021,ASE,CO,ANM,WE,Combined TRACON& Tower with Radar,11,28,22,0,61,0,0,1,0,1,11,28,23,0,62,3,0,3,65
04/16/2021,ASE,CO,ANM,WE,Combined TRACON& Tower with Radar,11,12,24,0,47,0,0,0,0,0,11,12,24,0,47,3,0,3,50
04/17/2021,ASE,CO,ANM,WE,Combined TRACON& Tower with Radar,12,15,12,0,39,0,0,1,2,3,12,15,13,2,42,5,0,5,47
04/18/2021,ASE,CO,ANM,WE,Combined TRACON& Tower with Radar,12,38,38,0,88,0,0,5,2,7,12,38,43,2,95,10,0,10,105
04/19/2021,ASE,CO,ANM,WE,Combined TRACON& Tower with Radar,10,16,25,0,51,0,0,3,2,5,10,16,28,2,56,4,0,4,60
04/20/2021,ASE,CO,ANM,WE,Combined TRACON& Tower with Radar,13,16,18,0,47,0,0,1,4,5,13,16,19,4,52,38,0,38,90
04/21/2021,ASE,CO,ANM,WE,Combined TRACON& Tower with Radar,13,14,18,0,45,0,0,1,0,1,13,14,19,0,46,6,0,6,52
04/22/2021,ASE,CO,ANM,WE,Combined TRACON& Tower with Radar,16,13,20,0,49,0,0,0,0,0,16,13,20,0,49,0,0,0,49
04/23/2021,ASE,CO,ANM,WE,Combined TRACON& Tower with Radar,12,16,21,0,49,0,0,2,0,2,12,16,23,0,51,11,0,11,62
04/24/2021,ASE,CO,ANM,WE,Combined TRACON& Tower with Radar,11,12,18,0,41,0,0,4,0,4,11,12,22,0,45,4,0,4,49
04/25/2021,ASE,CO,ANM,WE,Combined TRACON& Tower with Radar,11,8,15,0,34,0,0,5,3,8,11,8,20,3,42,9,0,9,51
04/26/2021,ASE,CO,ANM,WE,Combined TRACON& Tower with Radar,12,6,19,0,37,0,0,3,0,3,12,6,22,0,40,3,0,3,43
04/27/2021,ASE,CO,ANM,WE,Combined TRACON& Tower with Radar,13,6,20,0,39,0,0,0,1,1,13,6,20,1,40,0,0,0,40
04/28/2021,ASE,CO,ANM,WE,Combined TRACON& Tower with Radar,11,16,29,0,56,0,0,4,1,5,11,16,33,1,61,10,0,10,71
04/29/2021,ASE,CO,ANM,WE,Combined TRACON& Tower with Radar,11,18,27,0,56,0,0,4,5,9,11,18,31,5,65,12,0,12,77
04/30/2021,ASE,CO,ANM,WE,Combined TRACON& Tower with Radar,12,14,17,0,43,0,0,7,5,12,12,14,24,5,55,25,4,29,84
05/01/2021,ASE,CO,ANM,WE,Combined TRACON& Tower with Radar,11,22,12,0,45,0,0,6,0,6,11,22,18,0,51,35,0,35,86
05/02/2021,ASE,CO,ANM,WE,Combined TRACON& Tower with Radar,11,19,15,0,45,0,0,5,0,5,11,19,20,0,50,23,0,23,73
05/03/2021,ASE,CO,ANM,WE,Combined TRACON& Tower with Radar,11,9,10,0,30,0,0,0,0,0,11,9,10,0,30,0,0,0,30
05/04/2021,ASE,CO,ANM,WE,Combined TRACON& Tower with Radar,11,19,18,0,48,0,0,4,2,6,11,19,22,2,54,13,0,13,67
05/05/2021,ASE,CO,ANM,WE,Combined TRACON& Tower with Radar,11,15,23,0,49,0,0,9,6,15,11,15,32,6,64,19,0,19,83
05/06/2021,ASE,CO,ANM,WE,Combined TRACON& Tower with Radar,9,25,26,0,60,0,0,15,8,23,9,25,41,8,83,40,0,40,123
05/07/2021,ASE,CO,ANM,WE,Combined TRACON& Tower with Radar,9,11,22,0,42,0,0,17,4,21,9,11,39,4,63,15,0,15,78
05/08/2021,ASE,CO,ANM,WE,Combined TRACON& Tower with Radar,9,14,6,0,29,0,0,4,2,6,9,14,10,2,35,4,2,6,41
05/09/2021,ASE,CO,ANM,WE,Combined TRACON& Tower with Radar,11,20,22,0,53,0,0,1,0,1,11,20,23,0,54,3,0,3,57
05/10/2021,ASE,CO,ANM,WE,Combined TRACON& Tower with Radar,10,7,7,0,24,0,0,0,0,0,10,7,7,0,24,0,0,0,24
05/11/2021,ASE,CO,ANM,WE,Combined TRACON& Tower with Radar,11,6,11,0,28,0,0,1,1,2,11,6,12,1,30,8,0,8,38
05/12/2021,ASE,CO,ANM,WE,Combined TRACON& Tower with Radar,9,23,25,0,57,0,0,6,7,13,9,23,31,7,70,47,0,47,117
05/13/2021,ASE,CO,ANM,WE,Combined TRACON& Tower with Radar,9,12,17,0,38,0,0,2,3,5,9,12,19,3,43,2,16,18,61
05/14/2021,ASE,CO,ANM,WE,Combined TRACON& Tower with Radar,9,12,29,0,50,0,0,7,14,21,9,12,36,14,71,47,8,55,126
05/15/2021,ASE,CO,ANM,WE,Combined TRACON& Tower with Radar,9,26,22,0,57,0,0,4,3,7,9,26,26,3,64,12,0,12,76
05/16/2021,ASE,CO,ANM,WE,Combined TRACON& Tower with Radar,7,16,28,0,51,0,0,4,0,4,7,16,32,0,55,9,0,9,64
05/17/2021,ASE,CO,ANM,WE,Combined TRACON& Tower with Radar,11,21,18,0,50,0,0,13,4,17,11,21,31,4,67,0,0,0,67
05/18/2021,ASE,CO,ANM,WE,Combined TRACON& Tower with Radar,0,0,0,0,0,0,0,0,0,0,0,0,0,0,0,0,0,0,0
05/19/2021,ASE,CO,ANM,WE,Combined TRACON& Tower with Radar,0,0,0,0,0,0,0,0,1,1,0,0,0,1,1,4,1,5,6
05/20/2021,ASE,CO,ANM,WE,Combined TRACON& Tower with Radar,0,0,0,0,0,0,0,0,0,0,0,0,0,0,0,0,0,0,0
05/21/2021,ASE,CO,ANM,WE,Combined TRACON& Tower with Radar,0,0,0,0,0,0,0,0,0,0,0,0,0,0,0,0,0,0,0
05/22/2021,ASE,CO,ANM,WE,Combined TRACON& Tower with Radar,0,0,0,0,0,0,0,0,0,0,0,0,0,0,0,2,0,2,2
05/23/2021,ASE,CO,ANM,WE,Combined TRACON& Tower with Radar,0,0,0,0,0,0,0,0,0,0,0,0,0,0,0,0,0,0,0
05/24/2021,ASE,CO,ANM,WE,Combined TRACON& Tower with Radar,11,24,20,0,55,0,0,12,4,16,11,24,32,4,71,16,0,16,87
05/25/2021,ASE,CO,ANM,WE,Combined TRACON& Tower with Radar,9,27,27,2,65,0,0,6,4,10,9,27,33,6,75,61,0,61,136
05/26/2021,ASE,CO,ANM,WE,Combined TRACON& Tower with Radar,11,31,26,0,68,0,0,10,6,16,11,31,36,6,84,12,0,12,96
05/27/2021,ASE,CO,ANM,WE,Combined TRACON& Tower with Radar,15,32,39,0,86,0,0,8,2,10,15,32,47,2,96,15,0,15,111
05/28/2021,ASE,CO,ANM,WE,Combined TRACON& Tower with Radar,15,27,48,0,90,0,0,5,0,5,15,27,53,0,95,17,0,17,112
05/29/2021,ASE,CO,ANM,WE,Combined TRACON& Tower with Radar,18,36,41,0,95,0,0,7,0,7,18,36,48,0,102,23,0,23,125
05/30/2021,ASE,CO,ANM,WE,Combined TRACON& Tower with Radar,13,20,29,0,62,0,1,2,0,3,13,21,31,0,65,4,0,4,69
05/31/2021,ASE,CO,ANM,WE,Combined TRACON& Tower with Radar,15,29,41,0,85,0,0,0,5,5,15,29,41,5,90,15,0,15,105
06/01/2021,ASE,CO,ANM,WE,Combined TRACON& Tower with Radar,9,32,38,0,79,0,0,10,2,12,9,32,48,2,91,52,0,52,143
06/02/2021,ASE,CO,ANM,WE,Combined TRACON& Tower with Radar,10,39,25,1,75,0,2,7,0,9,10,41,32,1,84,10,0,10,94
06/03/2021,ASE,CO,ANM,WE,Combined TRACON& Tower with Radar,34,30,29,0,93,0,0,3,2,5,34,30,32,2,98,6,0,6,104
06/04/2021,ASE,CO,ANM,WE,Combined TRACON& Tower with Radar,26,16,33,0,75,0,0,3,2,5,26,16,36,2,80,19,0,19,99
06/05/2021,ASE,CO,ANM,WE,Combined TRACON& Tower with Radar,42,31,41,0,114,0,0,1,0,1,42,31,42,0,115,13,0,13,128
06/06/2021,ASE,CO,ANM,WE,Combined TRACON& Tower with Radar,37,52,56,0,145,0,1,8,2,11,37,53,64,2,156,17,0,17,173
06/07/2021,ASE,CO,ANM,WE,Combined TRACON& Tower with Radar,36,33,27,0,96,0,0,6,2,8,36,33,33,2,104,17,0,17,121
06/08/2021,ASE,CO,ANM,WE,Combined TRACON& Tower with Radar,39,47,44,0,130,0,0,9,0,9,39,47,53,0,139,15,0,15,154
06/09/2021,ASE,CO,ANM,WE,Combined TRACON& Tower with Radar,40,32,18,0,90,0,0,5,8,13,40,32,23,8,103,24,3,27,130
06/10/2021,ASE,CO,ANM,WE,Combined TRACON& Tower with Radar,37,26,51,0,114,0,0,5,0,5,37,26,56,0,119,11,0,11,130
06/11/2021,ASE,CO,ANM,WE,Combined TRACON& Tower with Radar,41,42,49,0,132,0,0,10,0,10,41,42,59,0,142,30,0,30,172
06/12/2021,ASE,CO,ANM,WE,Combined TRACON& Tower with Radar,41,54,63,0,158,0,0,6,1,7,41,54,69,1,165,35,0,35,200
06/13/2021,ASE,CO,ANM,WE,Combined TRACON& Tower with Radar,40,51,76,0,167,0,0,6,2,8,40,51,82,2,175,34,0,34,209
06/14/2021,ASE,CO,ANM,WE,Combined TRACON& Tower with Radar,34,33,46,0,113,0,0,11,4,15,34,33,57,4,128,36,0,36,164
06/15/2021,ASE,CO,ANM,WE,Combined TRACON& Tower with Radar,41,50,48,0,139,0,0,4,9,13,41,50,52,9,152,33,0,33,185
06/16/2021,ASE,CO,ANM,WE,Combined TRACON& Tower with Radar,43,45,59,0,147,0,0,10,4,14,43,45,69,4,161,37,0,37,198
06/17/2021,ASE,CO,ANM,WE,Combined TRACON& Tower with Radar,40,54,49,0,143,0,0,9,2,11,40,54,58,2,154,11,0,11,165
06/18/2021,ASE,CO,ANM,WE,Combined TRACON& Tower with Radar,39,58,68,0,165,0,0,13,4,17,39,58,81,4,182,16,0,16,198
06/19/2021,ASE,CO,ANM,WE,Combined TRACON& Tower with Radar,40,50,53,0,143,0,0,2,3,5,40,50,55,3,148,21,2,23,171
06/20/2021,ASE,CO,ANM,WE,Combined TRACON& Tower with Radar,38,49,66,0,153,0,0,8,6,14,38,49,74,6,167,23,0,23,190
06/21/2021,ASE,CO,ANM,WE,Combined TRACON& Tower with Radar,39,33,62,0,134,0,0,9,9,18,39,33,71,9,152,19,0,19,171
06/22/2021,ASE,CO,ANM,WE,Combined TRACON& Tower with Radar,41,29,54,0,124,0,0,8,1,9,41,29,62,1,133,25,0,25,158
06/23/2021,ASE,CO,ANM,WE,Combined TRACON& Tower with Radar,39,68,68,0,175,0,0,6,4,10,39,68,74,4,185,20,0,20,205
06/24/2021,ASE,CO,ANM,WE,Combined TRACON& Tower with Radar,34,53,74,0,161,0,0,7,0,7,34,53,81,0,168,15,0,15,183
06/25/2021,ASE,CO,ANM,WE,Combined TRACON& Tower with Radar,38,55,73,0,166,0,0,4,2,6,38,55,77,2,172,14,0,14,186
06/26/2021,ASE,CO,ANM,WE,Combined TRACON& Tower with Radar,39,51,70,0,160,0,0,4,0,4,39,51,74,0,164,10,0,10,174
06/27/2021,ASE,CO,ANM,WE,Combined TRACON& Tower with Radar,37,70,86,0,193,0,0,5,2,7,37,70,91,2,200,20,1,21,221
06/28/2021,ASE,CO,ANM,WE,Combined TRACON& Tower with Radar,37,54,71,0,162,0,0,4,3,7,37,54,75,3,169,24,0,24,193
06/29/2021,ASE,CO,ANM,WE,Combined TRACON& Tower with Radar,40,47,43,0,130,0,0,4,1,5,40,47,47,1,135,18,0,18,153
06/30/2021,ASE,CO,ANM,WE,Combined TRACON& Tower with Radar,38,80,85,0,203,0,0,4,1,5,38,80,89,1,208,10,0,10,218
07/01/2021,ASE,CO,ANM,WE,Combined TRACON& Tower with Radar,27,104,96,0,227,0,0,6,0,6,27,104,102,0,233,15,0,15,248
07/02/2021,ASE,CO,ANM,WE,Combined TRACON& Tower with Radar,38,88,69,0,195,0,1,9,0,10,38,89,78,0,205,13,0,13,218
07/03/2021,ASE,CO,ANM,WE,Combined TRACON& Tower with Radar,31,75,47,0,153,0,0,6,0,6,31,75,53,0,159,20,0,20,179
07/04/2021,ASE,CO,ANM,WE,Combined TRACON& Tower with Radar,37,35,46,0,118,0,0,3,1,4,37,35,49,1,122,23,0,23,145
07/05/2021,ASE,CO,ANM,WE,Combined TRACON& Tower with Radar,38,97,86,0,221,0,0,7,0,7,38,97,93,0,228,9,0,9,237
07/06/2021,ASE,CO,ANM,WE,Combined TRACON& Tower with Radar,37,86,83,0,206,0,0,6,0,6,37,86,89,0,212,27,6,33,245
07/07/2021,ASE,CO,ANM,WE,Combined TRACON& Tower with Radar,39,71,51,0,161,0,0,17,8,25,39,71,68,8,186,40,1,41,227
07/08/2021,ASE,CO,ANM,WE,Combined TRACON& Tower with Radar,40,66,92,0,198,0,0,7,3,10,40,66,99,3,208,16,0,16,224
07/09/2021,ASE,CO,ANM,WE,Combined TRACON& Tower with Radar,41,75,79,0,195,0,0,12,2,14,41,75,91,2,209,46,0,46,255
07/10/2021,ASE,CO,ANM,WE,Combined TRACON& Tower with Radar,48,85,77,0,210,0,0,10,1,11,48,85,87,1,221,17,0,17,238
07/11/2021,ASE,CO,ANM,WE,Combined TRACON& Tower with Radar,40,94,94,0,228,0,0,14,1,15,40,94,108,1,243,21,0,21,264
07/12/2021,ASE,CO,ANM,WE,Combined TRACON& Tower with Radar,39,62,89,0,190,0,0,8,5,13,39,62,97,5,203,16,0,16,219
07/13/2021,ASE,CO,ANM,WE,Combined TRACON& Tower with Radar,37,46,62,0,145,0,0,3,5,8,37,46,65,5,153,16,0,16,169
07/14/2021,ASE,CO,ANM,WE,Combined TRACON& Tower with Radar,39,68,69,1,177,0,1,4,1,6,39,69,73,2,183,11,0,11,194
07/15/2021,ASE,CO,ANM,WE,Combined TRACON& Tower with Radar,42,91,75,0,208,0,0,5,9,14,42,91,80,9,222,29,0,29,251
07/16/2021,ASE,CO,ANM,WE,Combined TRACON& Tower with Radar,40,85,70,0,195,0,0,2,1,3,40,85,72,1,198,13,0,13,211
07/17/2021,ASE,CO,ANM,WE,Combined TRACON& Tower with Radar,45,80,67,0,192,0,0,11,3,14,45,80,78,3,206,32,0,32,238
07/18/2021,ASE,CO,ANM,WE,Combined TRACON& Tower with Radar,38,115,117,0,270,0,0,11,4,15,38,115,128,4,285,25,0,25,310
07/19/2021,ASE,CO,ANM,WE,Combined TRACON& Tower with Radar,39,55,95,0,189,0,0,10,6,16,39,55,105,6,205,35,0,35,240
07/20/2021,ASE,CO,ANM,WE,Combined TRACON& Tower with Radar,40,53,98,0,191,0,0,4,3,7,40,53,102,3,198,16,0,16,214
07/21/2021,ASE,CO,ANM,WE,Combined TRACON& Tower with Radar,38,72,88,0,198,0,0,11,5,16,38,72,99,5,214,38,0,38,252
07/22/2021,ASE,CO,ANM,WE,Combined TRACON& Tower with Radar,36,75,92,0,203,0,0,9,2,11,36,75,101,2,214,13,0,13,227
07/23/2021,ASE,CO,ANM,WE,Combined TRACON& Tower with Radar,38,80,88,0,206,0,0,7,0,7,38,80,95,0,213,27,0,27,240
07/24/2021,ASE,CO,ANM,WE,Combined TRACON& Tower with Radar,43,81,57,0,181,0,0,4,1,5,43,81,61,1,186,14,0,14,200
07/25/2021,ASE,CO,ANM,WE,Combined TRACON& Tower with Radar,36,86,113,0,235,0,0,3,1,4,36,86,116,1,239,15,0,15,254
07/26/2021,ASE,CO,ANM,WE,Combined TRACON& Tower with Radar,40,83,65,0,188,0,0,9,4,13,40,83,74,4,201,15,0,15,216
07/27/2021,ASE,CO,ANM,WE,Combined TRACON& Tower with Radar,40,53,64,0,157,0,0,15,5,20,40,53,79,5,177,23,0,23,200
07/28/2021,ASE,CO,ANM,WE,Combined TRACON& Tower with Radar,40,77,83,0,200,0,0,7,0,7,40,77,90,0,207,16,0,16,223
07/29/2021,ASE,CO,ANM,WE,Combined TRACON& Tower with Radar,41,73,71,0,185,0,0,15,0,15,41,73,86,0,200,21,4,25,225
07/30/2021,ASE,CO,ANM,WE,Combined TRACON& Tower with Radar,38,75,74,0,187,0,0,15,0,15,38,75,89,0,202,16,0,16,218
07/31/2021,ASE,CO,ANM,WE,Combined TRACON& Tower with Radar,41,93,98,0,232,0,0,4,4,8,41,93,102,4,240,7,0,7,247
08/01/2021,ASE,CO,ANM,WE,Combined TRACON& Tower with Radar,31,113,108,0,252,0,0,3,1,4,31,113,111,1,256,10,0,10,266
08/02/2021,ASE,CO,ANM,WE,Combined TRACON& Tower with Radar,30,81,69,0,180,0,0,1,0,1,30,81,70,0,181,14,0,14,195
08/03/2021,ASE,CO,ANM,WE,Combined TRACON& Tower with Radar,39,65,57,0,161,0,0,1,4,5,39,65,58,4,166,34,0,34,200
08/04/2021,ASE,CO,ANM,WE,Combined TRACON& Tower with Radar,41,69,86,0,196,0,0,10,5,15,41,69,96,5,211,48,5,53,264
08/05/2021,ASE,CO,ANM,WE,Combined TRACON& Tower with Radar,41,90,87,0,218,0,1,14,4,19,41,91,101,4,237,37,6,43,280
08/06/2021,ASE,CO,ANM,WE,Combined TRACON& Tower with Radar,39,85,90,0,214,0,0,10,4,14,39,85,100,4,228,22,2,24,252
08/07/2021,ASE,CO,ANM,WE,Combined TRACON& Tower with Radar,40,55,62,0,157,0,0,11,2,13,40,55,73,2,170,15,0,15,185
08/08/2021,ASE,CO,ANM,WE,Combined TRACON& Tower with Radar,32,74,83,0,189,0,1,5,1,7,32,75,88,1,196,7,0,7,203
08/09/2021,ASE,CO,ANM,WE,Combined TRACON& Tower with Radar,37,61,110,0,208,0,1,7,6,14,37,62,117,6,222,31,2,33,255
08/10/2021,ASE,CO,ANM,WE,Combined TRACON& Tower with Radar,41,40,62,0,143,0,0,5,0,5,41,40,67,0,148,36,0,36,184
08/11/2021,ASE,CO,ANM,WE,Combined TRACON& Tower with Radar,39,57,65,0,161,0,1,15,2,18,39,58,80,2,179,46,0,46,225
08/12/2021,ASE,CO,ANM,WE,Combined TRACON& Tower with Radar,40,67,100,0,207,0,0,4,6,10,40,67,104,6,217,25,0,25,242
08/13/2021,ASE,CO,ANM,WE,Combined TRACON& Tower with Radar,37,65,92,0,194,0,1,5,5,11,37,66,97,5,205,17,0,17,222
08/14/2021,ASE,CO,ANM,WE,Combined TRACON& Tower with Radar,39,77,76,0,192,0,0,3,3,6,39,77,79,3,198,33,0,33,231
08/15/2021,ASE,CO,ANM,WE,Combined TRACON& Tower with Radar,37,84,126,0,247,0,1,6,2,9,37,85,132,2,256,10,0,10,266
08/16/2021,ASE,CO,ANM,WE,Combined TRACON& Tower with Radar,39,63,83,0,185,0,0,6,2,8,39,63,89,2,193,19,0,19,212
08/17/2021,ASE,CO,ANM,WE,Combined TRACON& Tower with Radar,31,62,63,0,156,0,0,15,4,19,31,62,78,4,175,52,0,52,227
08/18/2021,ASE,CO,ANM,WE,Combined TRACON& Tower with Radar,30,59,56,0,145,0,0,4,0,4,30,59,60,0,149,31,0,31,180
08/19/2021,ASE,CO,ANM,WE,Combined TRACON& Tower with Radar,32,52,62,0,146,0,0,1,0,1,32,52,63,0,147,1,0,1,148
08/20/2021,ASE,CO,ANM,WE,Combined TRACON& Tower with Radar,33,52,95,0,180,0,0,8,0,8,33,52,103,0,188,15,0,15,203
08/21/2021,ASE,CO,ANM,WE,Combined TRACON& Tower with Radar,35,67,67,0,169,0,0,6,0,6,35,67,73,0,175,21,1,22,197
08/22/2021,ASE,CO,ANM,WE,Combined TRACON& Tower with Radar,37,75,79,0,191,0,0,7,2,9,37,75,86,2,200,15,0,15,215
08/23/2021,ASE,CO,ANM,WE,Combined TRACON& Tower with Radar,36,70,82,0,188,0,1,12,2,15,36,71,94,2,203,14,0,14,217
08/24/2021,ASE,CO,ANM,WE,Combined TRACON& Tower with Radar,35,41,60,0,136,0,0,6,2,8,35,41,66,2,144,23,0,23,167
08/25/2021,ASE,CO,ANM,WE,Combined TRACON& Tower with Radar,31,73,39,0,143,0,0,10,5,15,31,73,49,5,158,13,0,13,171
08/26/2021,ASE,CO,ANM,WE,Combined TRACON& Tower with Radar,36,53,68,2,159,0,0,3,0,3,36,53,71,2,162,4,0,4,166
08/27/2021,ASE,CO,ANM,WE,Combined TRACON& Tower with Radar,36,56,60,1,153,0,1,8,2,11,36,57,68,3,164,19,4,23,187
08/28/2021,ASE,CO,ANM,WE,Combined TRACON& Tower with Radar,36,45,50,0,131,0,0,11,1,12,36,45,61,1,143,18,0,18,161
08/29/2021,ASE,CO,ANM,WE,Combined TRACON& Tower with Radar,36,68,79,0,183,0,0,16,2,18,36,68,95,2,201,21,0,21,222
08/30/2021,ASE,CO,ANM,WE,Combined TRACON& Tower with Radar,38,41,64,2,145,0,0,9,2,11,38,41,73,4,156,22,0,22,178
08/31/2021,ASE,CO,ANM,WE,Combined TRACON& Tower with Radar,33,57,66,0,156,0,0,2,5,7,33,57,68,5,163,19,1,20,183
09/01/2021,ASE,CO,ANM,WE,Combined TRACON& Tower with Radar,31,49,78,0,158,0,0,2,0,2,31,49,80,0,160,7,1,8,168
09/02/2021,ASE,CO,ANM,WE,Combined TRACON& Tower with Radar,37,64,89,0,190,0,0,7,0,7,37,64,96,0,197,5,0,5,202
09/03/2021,ASE,CO,ANM,WE,Combined TRACON& Tower with Radar,33,64,91,1,189,0,0,4,1,5,33,64,95,2,194,30,0,30,224
09/04/2021,ASE,CO,ANM,WE,Combined TRACON& Tower with Radar,35,49,41,0,125,0,0,5,1,6,35,49,46,1,131,9,0,9,140
09/05/2021,ASE,CO,ANM,WE,Combined TRACON& Tower with Radar,31,65,63,0,159,0,0,8,0,8,31,65,71,0,167,26,0,26,193
09/06/2021,ASE,CO,ANM,WE,Combined TRACON& Tower with Radar,36,81,136,0,253,0,0,18,4,22,36,81,154,4,275,17,0,17,292
09/07/2021,ASE,CO,ANM,WE,Combined TRACON& Tower with Radar,30,78,83,0,191,0,0,11,2,13,30,78,94,2,204,16,0,16,220
09/08/2021,ASE,CO,ANM,WE,Combined TRACON& Tower with Radar,22,47,45,0,114,0,0,13,2,15,22,47,58,2,129,15,0,15,144
09/09/2021,ASE,CO,ANM,WE,Combined TRACON& Tower with Radar,24,87,60,0,171,0,0,8,3,11,24,87,68,3,182,12,2,14,196
09/10/2021,ASE,CO,ANM,WE,Combined TRACON& Tower with Radar,28,53,60,0,141,0,0,16,2,18,28,53,76,2,159,21,0,21,180
09/11/2021,ASE,CO,ANM,WE,Combined TRACON& Tower with Radar,28,59,41,2,130,0,0,13,0,13,28,59,54,2,143,16,0,16,159
09/12/2021,ASE,CO,ANM,WE,Combined TRACON& Tower with Radar,30,64,107,0,201,0,0,4,2,6,30,64,111,2,207,28,0,28,235
09/13/2021,ASE,CO,ANM,WE,Combined TRACON& Tower with Radar,25,52,56,0,133,0,0,9,2,11,25,52,65,2,144,19,0,19,163
09/14/2021,ASE,CO,ANM,WE,Combined TRACON& Tower with Radar,25,46,40,0,111,0,0,3,4,7,25,46,43,4,118,12,1,13,131
09/15/2021,ASE,CO,ANM,WE,Combined TRACON& Tower with Radar,23,29,59,2,113,0,0,10,0,10,23,29,69,2,123,38,0,38,161
09/16/2021,ASE,CO,ANM,WE,Combined TRACON& Tower with Radar,25,75,80,0,180,0,1,8,2,11,25,76,88,2,191,10,0,10,201
09/17/2021,ASE,CO,ANM,WE,Combined TRACON& Tower with Radar,26,44,47,0,117,0,1,12,4,17,26,45,59,4,134,30,0,30,164
09/18/2021,ASE,CO,ANM,WE,Combined TRACON& Tower with Radar,27,40,41,0,108,0,0,17,2,19,27,40,58,2,127,15,8,23,150
09/19/2021,ASE,CO,ANM,WE,Combined TRACON& Tower with Radar,30,76,73,0,179,0,1,12,0,13,30,77,85,0,192,11,0,11,203
09/20/2021,ASE,CO,ANM,WE,Combined TRACON& Tower with Radar,25,55,65,0,145,0,0,5,0,5,25,55,70,0,150,26,3,29,179
09/21/2021,ASE,CO,ANM,WE,Combined TRACON& Tower with Radar,22,30,61,0,113,0,0,7,1,8,22,30,68,1,121,38,0,38,159
09/22/2021,ASE,CO,ANM,WE,Combined TRACON& Tower with Radar,22,39,55,2,118,0,0,17,2,19,22,39,72,4,137,29,0,29,166
09/23/2021,ASE,CO,ANM,WE,Combined TRACON& Tower with Radar,25,57,76,0,158,0,0,16,0,16,25,57,92,0,174,54,0,54,228
09/24/2021,ASE,CO,ANM,WE,Combined TRACON& Tower with Radar,26,62,79,0,167,0,1,15,0,16,26,63,94,0,183,21,3,24,207
09/25/2021,ASE,CO,ANM,WE,Combined TRACON& Tower with Radar,29,36,47,0,112,0,0,14,1,15,29,36,61,1,127,17,0,17,144
09/26/2021,ASE,CO,ANM,WE,Combined TRACON& Tower with Radar,28,42,89,0,159,0,0,13,2,15,28,42,102,2,174,30,0,30,204
09/27/2021,ASE,CO,ANM,WE,Combined TRACON& Tower with Radar,25,58,82,0,165,0,0,9,2,11,25,58,91,2,176,12,0,12,188
09/28/2021,ASE,CO,ANM,WE,Combined TRACON& Tower with Radar,18,37,45,0,100,0,0,5,4,9,18,37,50,4,109,41,0,41,150
09/29/2021,ASE,CO,ANM,WE,Combined TRACON& Tower with Radar,1,32,41,0,74,0,0,0,0,0,1,32,41,0,74,17,0,17,91
09/30/2021,ASE,CO,ANM,WE,Combined TRACON& Tower with Radar,13,39,68,0,120,0,0,5,0,5,13,39,73,0,125,7,0,7,132
10/01/2021,ASE,CO,ANM,WE,Combined TRACON& Tower with Radar,20,47,53,0,120,0,0,2,0,2,20,47,55,0,122,6,0,6,128
10/02/2021,ASE,CO,ANM,WE,Combined TRACON& Tower with Radar,24,48,53,0,125,0,0,8,2,10,24,48,61,2,135,38,0,38,173
10/03/2021,ASE,CO,ANM,WE,Combined TRACON& Tower with Radar,27,59,79,0,165,0,0,15,2,17,27,59,94,2,182,16,0,16,198
10/04/2021,ASE,CO,ANM,WE,Combined TRACON& Tower with Radar,22,61,57,0,140,0,0,8,1,9,22,61,65,1,149,22,8,30,179
10/05/2021,ASE,CO,ANM,WE,Combined TRACON& Tower with Radar,20,37,45,0,102,0,0,13,2,15,20,37,58,2,117,13,0,13,130
10/06/2021,ASE,CO,ANM,WE,Combined TRACON& Tower with Radar,17,40,38,0,95,0,0,4,3,7,17,40,42,3,102,16,10,26,128
10/07/2021,ASE,CO,ANM,WE,Combined TRACON& Tower with Radar,15,51,60,0,126,0,0,15,0,15,15,51,75,0,141,16,0,16,157
10/08/2021,ASE,CO,ANM,WE,Combined TRACON& Tower with Radar,14,36,63,0,113,0,1,3,0,4,14,37,66,0,117,5,0,5,122
10/09/2021,ASE,CO,ANM,WE,Combined TRACON& Tower with Radar,14,20,33,0,67,0,0,0,0,0,14,20,33,0,67,20,0,20,87
10/10/2021,ASE,CO,ANM,WE,Combined TRACON& Tower with Radar,14,45,43,0,102,0,0,2,0,2,14,45,45,0,104,20,0,20,124
10/11/2021,ASE,CO,ANM,WE,Combined TRACON& Tower with Radar,15,46,78,0,139,0,0,5,0,5,15,46,83,0,144,5,0,5,149
10/12/2021,ASE,CO,ANM,WE,Combined TRACON& Tower with Radar,10,17,33,0,60,0,0,0,0,0,10,17,33,0,60,5,0,5,65
10/13/2021,ASE,CO,ANM,WE,Combined TRACON& Tower with Radar,11,16,37,0,64,0,0,0,0,0,11,16,37,0,64,4,1,5,69
10/14/2021,ASE,CO,ANM,WE,Combined TRACON& Tower with Radar,16,25,15,0,56,0,0,0,0,0,16,25,15,0,56,0,0,0,56
10/15/2021,ASE,CO,ANM,WE,Combined TRACON& Tower with Radar,16,47,39,0,102,0,2,4,0,6,16,49,43,0,108,14,0,14,122
10/16/2021,ASE,CO,ANM,WE,Combined TRACON& Tower with Radar,14,43,24,0,81,0,0,6,0,6,14,43,30,0,87,15,0,15,102
10/17/2021,ASE,CO,ANM,WE,Combined TRACON& Tower with Radar,14,45,58,0,117,0,0,14,0,14,14,45,72,0,131,29,0,29,160
10/18/2021,ASE,CO,ANM,WE,Combined TRACON& Tower with Radar,14,30,27,0,71,0,0,7,0,7,14,30,34,0,78,6,0,6,84
10/19/2021,ASE,CO,ANM,WE,Combined TRACON& Tower with Radar,12,13,33,0,58,0,0,1,0,1,12,13,34,0,59,25,0,25,84
10/20/2021,ASE,CO,ANM,WE,Combined TRACON& Tower with Radar,12,56,29,2,99,0,0,11,1,12,12,56,40,3,111,25,1,26,137
10/21/2021,ASE,CO,ANM,WE,Combined TRACON& Tower with Radar,9,35,25,0,69,0,0,5,0,5,9,35,30,0,74,8,0,8,82
10/22/2021,ASE,CO,ANM,WE,Combined TRACON& Tower with Radar,13,28,30,0,71,0,0,7,0,7,13,28,37,0,78,22,0,22,100
10/23/2021,ASE,CO,ANM,WE,Combined TRACON& Tower with Radar,12,21,21,0,54,0,0,2,0,2,12,21,23,0,56,0,0,0,56
10/24/2021,ASE,CO,ANM,WE,Combined TRACON& Tower with Radar,14,35,35,0,84,0,0,4,0,4,14,35,39,0,88,10,0,10,98
10/25/2021,ASE,CO,ANM,WE,Combined TRACON& Tower with Radar,14,27,36,0,77,0,0,4,0,4,14,27,40,0,81,5,0,5,86
10/26/2021,ASE,CO,ANM,WE,Combined TRACON& Tower with Radar,16,6,5,0,27,0,0,0,0,0,16,6,5,0,27,0,0,0,27
10/27/2021,ASE,CO,ANM,WE,Combined TRACON& Tower with Radar,12,10,25,0,47,0,0,6,0,6,12,10,31,0,53,0,0,0,53
10/28/2021,ASE,CO,ANM,WE,Combined TRACON& Tower with Radar,14,17,31,0,62,0,0,2,0,2,14,17,33,0,64,30,0,30,94
10/29/2021,ASE,CO,ANM,WE,Combined TRACON& Tower with Radar,13,24,27,0,64,0,0,11,0,11,13,24,38,0,75,13,0,13,88
10/30/2021,ASE,CO,ANM,WE,Combined TRACON& Tower with Radar,14,15,23,0,52,0,0,10,0,10,14,15,33,0,62,33,0,33,95
10/31/2021,ASE,CO,ANM,WE,Combined TRACON& Tower with Radar,10,32,30,0,72,0,0,2,0,2,10,32,32,0,74,10,0,10,84
11/01/2021,ASE,CO,ANM,WE,Combined TRACON& Tower with Radar,11,16,29,0,56,0,0,2,0,2,11,16,31,0,58,25,0,25,83
11/02/2021,ASE,CO,ANM,WE,Combined TRACON& Tower with Radar,13,0,9,0,22,0,0,0,0,0,13,0,9,0,22,0,0,0,22
11/03/2021,ASE,CO,ANM,WE,Combined TRACON& Tower with Radar,11,12,27,0,50,0,0,1,0,1,11,12,28,0,51,0,0,0,51
11/04/2021,ASE,CO,ANM,WE,Combined TRACON& Tower with Radar,12,22,25,0,59,0,0,11,0,11,12,22,36,0,70,12,0,12,82
11/05/2021,ASE,CO,ANM,WE,Combined TRACON& Tower with Radar,11,18,28,1,58,0,0,8,3,11,11,18,36,4,69,21,0,21,90
11/06/2021,ASE,CO,ANM,WE,Combined TRACON& Tower with Radar,12,21,25,0,58,0,0,6,0,6,12,21,31,0,64,25,0,25,89
11/07/2021,ASE,CO,ANM,WE,Combined TRACON& Tower with Radar,12,16,39,0,67,0,0,12,0,12,12,16,51,0,79,26,1,27,106
11/08/2021,ASE,CO,ANM,WE,Combined TRACON& Tower with Radar,11,11,27,2,51,0,0,2,2,4,11,11,29,4,55,12,1,13,68
11/09/2021,ASE,CO,ANM,WE,Combined TRACON& Tower with Radar,12,10,11,0,33,0,0,8,0,8,12,10,19,0,41,5,1,6,47
11/10/2021,ASE,CO,ANM,WE,Combined TRACON& Tower with Radar,11,5,20,0,36,0,0,3,0,3,11,5,23,0,39,3,0,3,42
11/11/2021,ASE,CO,ANM,WE,Combined TRACON& Tower with Radar,12,10,25,0,47,0,0,3,0,3,12,10,28,0,50,23,0,23,73
11/12/2021,ASE,CO,ANM,WE,Combined TRACON& Tower with Radar,12,6,16,0,34,0,0,3,0,3,12,6,19,0,37,32,0,32,69
11/13/2021,ASE,CO,ANM,WE,Combined TRACON& Tower with Radar,12,10,21,0,43,0,0,2,0,2,12,10,23,0,45,17,0,17,62
11/14/2021,ASE,CO,ANM,WE,Combined TRACON& Tower with Radar,12,17,18,0,47,0,0,5,2,7,12,17,23,2,54,43,2,45,99
11/15/2021,ASE,CO,ANM,WE,Combined TRACON& Tower with Radar,11,17,25,0,53,0,1,5,0,6,11,18,30,0,59,11,0,11,70
11/16/2021,ASE,CO,ANM,WE,Combined TRACON& Tower with Radar,11,15,11,0,37,0,0,4,2,6,11,15,15,2,43,14,2,16,59
11/17/2021,ASE,CO,ANM,WE,Combined TRACON& Tower with Radar,12,5,20,0,37,0,0,1,0,1,12,5,21,0,38,10,0,10,48
11/18/2021,ASE,CO,ANM,WE,Combined TRACON& Tower with Radar,12,15,22,1,50,0,0,8,2,10,12,15,30,3,60,12,2,14,74
11/19/2021,ASE,CO,ANM,WE,Combined TRACON& Tower with Radar,12,30,32,0,74,0,0,2,0,2,12,30,34,0,76,42,0,42,118
11/20/2021,ASE,CO,ANM,WE,Combined TRACON& Tower with Radar,16,15,15,0,46,0,0,1,0,1,16,15,16,0,47,4,0,4,51
11/21/2021,ASE,CO,ANM,WE,Combined TRACON& Tower with Radar,11,31,33,0,75,0,1,13,0,14,11,32,46,0,89,31,0,31,120
11/22/2021,ASE,CO,ANM,WE,Combined TRACON& Tower with Radar,12,22,28,0,62,0,0,7,1,8,12,22,35,1,70,25,4,29,99
11/23/2021,ASE,CO,ANM,WE,Combined TRACON& Tower with Radar,14,29,44,0,87,0,0,3,0,3,14,29,47,0,90,10,0,10,100
11/24/2021,ASE,CO,ANM,WE,Combined TRACON& Tower with Radar,16,12,37,2,67,0,0,1,0,1,16,12,38,2,68,1,0,1,69
11/25/2021,ASE,CO,ANM,WE,Combined TRACON& Tower with Radar,2,2,5,0,9,0,1,0,2,3,2,3,5,2,12,27,0,27,39
11/26/2021,ASE,CO,ANM,WE,Combined TRACON& Tower with Radar,10,14,26,0,50,0,0,7,2,9,10,14,33,2,59,24,0,24,83
11/27/2021,ASE,CO,ANM,WE,Combined TRACON& Tower with Radar,14,25,35,0,74,0,0,7,2,9,14,25,42,2,83,22,0,22,105
11/28/2021,ASE,CO,ANM,WE,Combined TRACON& Tower with Radar,12,63,72,0,147,0,0,14,2,16,12,63,86,2,163,20,0,20,183
11/29/2021,ASE,CO,ANM,WE,Combined TRACON& Tower with Radar,12,32,54,0,98,0,0,7,2,9,12,32,61,2,107,5,0,5,112
11/30/2021,ASE,CO,ANM,WE,Combined TRACON& Tower with Radar,12,19,38,0,69,0,0,6,3,9,12,19,44,3,78,10,0,10,88
12/01/2021,ASE,CO,ANM,WE,Combined TRACON& Tower with Radar,10,24,33,0,67,0,0,12,2,14,10,24,45,2,81,17,0,17,98
12/02/2021,ASE,CO,ANM,WE,Combined TRACON& Tower with Radar,13,19,23,0,55,0,0,9,0,9,13,19,32,0,64,16,0,16,80
12/03/2021,ASE,CO,ANM,WE,Combined TRACON& Tower with Radar,12,35,31,2,80,0,0,11,2,13,12,35,42,4,93,30,3,33,126
12/04/2021,ASE,CO,ANM,WE,Combined TRACON& Tower with Radar,12,19,33,0,64,0,0,9,0,9,12,19,42,0,73,16,2,18,91
12/05/2021,ASE,CO,ANM,WE,Combined TRACON& Tower with Radar,11,33,35,0,79,0,0,5,2,7,11,33,40,2,86,15,0,15,101
12/06/2021,ASE,CO,ANM,WE,Combined TRACON& Tower with Radar,11,16,28,0,55,0,0,4,0,4,11,16,32,0,59,3,0,3,62
12/07/2021,ASE,CO,ANM,WE,Combined TRACON& Tower with Radar,11,7,14,2,34,0,0,1,0,1,11,7,15,2,35,3,1,4,39
12/08/2021,ASE,CO,ANM,WE,Combined TRACON& Tower with Radar,12,28,54,0,94,0,0,1,0,1,12,28,55,0,95,6,0,6,101
12/09/2021,ASE,CO,ANM,WE,Combined TRACON& Tower with Radar,11,11,15,0,37,0,0,0,0,0,11,11,15,0,37,0,0,0,37
12/10/2021,ASE,CO,ANM,WE,Combined TRACON& Tower with Radar,2,0,11,0,13,0,0,0,0,0,2,0,11,0,13,0,0,0,13
12/11/2021,ASE,CO,ANM,WE,Combined TRACON& Tower with Radar,12,48,36,0,96,0,2,7,0,9,12,50,43,0,105,11,0,11,116
12/12/2021,ASE,CO,ANM,WE,Combined TRACON& Tower with Radar,12,52,54,0,118,0,0,1,0,1,12,52,55,0,119,31,0,31,150
12/13/2021,ASE,CO,ANM,WE,Combined TRACON& Tower with Radar,10,31,58,2,101,0,0,6,2,8,10,31,64,4,109,26,0,26,135
12/14/2021,ASE,CO,ANM,WE,Combined TRACON& Tower with Radar,12,21,37,0,70,0,0,3,0,3,12,21,40,0,73,8,0,8,81
12/15/2021,ASE,CO,ANM,WE,Combined TRACON& Tower with Radar,10,9,10,0,29,0,0,0,0,0,10,9,10,0,29,0,0,0,29
12/16/2021,ASE,CO,ANM,WE,Combined TRACON& Tower with Radar,49,73,63,0,185,0,0,6,0,6,49,73,69,0,191,15,2,17,208
12/17/2021,ASE,CO,ANM,WE,Combined TRACON& Tower with Radar,58,31,61,0,150,0,0,0,0,0,58,31,61,0,150,2,0,2,152
12/18/2021,ASE,CO,ANM,WE,Combined TRACON& Tower with Radar,56,83,94,0,233,0,0,6,2,8,56,83,100,2,241,10,0,10,251
12/19/2021,ASE,CO,ANM,WE,Combined TRACON& Tower with Radar,56,82,94,1,233,0,0,16,0,16,56,82,110,1,249,16,0,16,265
12/20/2021,ASE,CO,ANM,WE,Combined TRACON& Tower with Radar,67,79,83,0,229,0,0,3,0,3,67,79,86,0,232,4,0,4,236
12/21/2021,ASE,CO,ANM,WE,Combined TRACON& Tower with Radar,66,78,74,0,218,0,0,7,2,9,66,78,81,2,227,11,0,11,238
12/22/2021,ASE,CO,ANM,WE,Combined TRACON& Tower with Radar,66,73,114,0,253,0,0,3,1,4,66,73,117,1,257,12,1,13,270
12/23/2021,ASE,CO,ANM,WE,Combined TRACON& Tower with Radar,60,61,70,0,191,0,0,0,0,0,60,61,70,0,191,0,0,0,191
12/24/2021,ASE,CO,ANM,WE,Combined TRACON& Tower with Radar,11,3,3,0,17,0,0,0,0,0,11,3,3,0,17,0,0,0,17
12/25/2021,ASE,CO,ANM,WE,Combined TRACON& Tower with Radar,50,110,52,0,212,0,0,0,0,0,50,110,52,0,212,3,0,3,215
12/26/2021,ASE,CO,ANM,WE,Combined TRACON& Tower with Radar,7,16,22,0,45,0,0,0,0,0,7,16,22,0,45,0,0,0,45
12/27/2021,ASE,CO,ANM,WE,Combined TRACON& Tower with Radar,22,30,68,0,120,0,0,0,0,0,22,30,68,0,120,1,0,1,121
12/28/2021,ASE,CO,ANM,WE,Combined TRACON& Tower with Radar,20,24,34,0,78,0,0,0,0,0,20,24,34,0,78,0,0,0,78
12/29/2021,ASE,CO,ANM,WE,Combined TRACON& Tower with Radar,39,16,62,0,117,0,0,0,0,0,39,16,62,0,117,0,0,0,117
12/30/2021,ASE,CO,ANM,WE,Combined TRACON& Tower with Radar,45,54,56,0,155,0,0,0,0,0,45,54,56,0,155,0,0,0,155
12/31/2021,ASE,CO,ANM,WE,Combined TRACON& Tower with Radar,9,2,4,0,15,0,0,0,0,0,9,2,4,0,15,0,0,0,15
01/01/2022,ASE,CO,ANM,WE,Combined TRACON& Tower with Radar,32,14,17,0,63,0,0,0,0,0,32,14,17,0,63,0,0,0,63
01/02/2022,ASE,CO,ANM,WE,Combined TRACON& Tower with Radar,39,85,142,0,266,0,2,12,0,14,39,87,154,0,280,5,0,5,285
01/03/2022,ASE,CO,ANM,WE,Combined TRACON& Tower with Radar,38,96,115,0,249,0,0,5,0,5,38,96,120,0,254,7,0,7,261
01/04/2022,ASE,CO,ANM,WE,Combined TRACON& Tower with Radar,40,116,114,0,270,0,0,0,0,0,40,116,114,0,270,2,0,2,272
01/05/2022,ASE,CO,ANM,WE,Combined TRACON& Tower with Radar,40,21,26,0,87,0,0,0,0,0,40,21,26,0,87,0,0,0,87
01/06/2022,ASE,CO,ANM,WE,Combined TRACON& Tower with Radar,40,21,31,0,92,0,0,0,0,0,40,21,31,0,92,0,0,0,92
01/07/2022,ASE,CO,ANM,WE,Combined TRACON& Tower with Radar,48,69,84,0,201,0,0,9,0,9,48,69,93,0,210,22,0,22,232
01/08/2022,ASE,CO,ANM,WE,Combined TRACON& Tower with Radar,21,3,3,0,27,0,0,0,0,0,21,3,3,0,27,0,0,0,27
01/09/2022,ASE,CO,ANM,WE,Combined TRACON& Tower with Radar,48,101,96,0,245,0,1,7,0,8,48,102,103,0,253,13,0,13,266
01/10/2022,ASE,CO,ANM,WE,Combined TRACON& Tower with Radar,53,50,74,2,179,0,0,8,0,8,53,50,82,2,187,20,2,22,209
01/11/2022,ASE,CO,ANM,WE,Combined TRACON& Tower with Radar,53,29,49,0,131,0,0,11,2,13,53,29,60,2,144,7,2,9,153
01/12/2022,ASE,CO,ANM,WE,Combined TRACON& Tower with Radar,55,42,46,0,143,0,0,6,0,6,55,42,52,0,149,10,6,16,165
01/13/2022,ASE,CO,ANM,WE,Combined TRACON& Tower with Radar,53,69,71,0,193,0,0,9,1,10,53,69,80,1,203,12,0,12,215
01/14/2022,ASE,CO,ANM,WE,Combined TRACON& Tower with Radar,53,38,55,2,148,0,0,0,0,0,53,38,55,2,148,0,0,0,148
01/15/2022,ASE,CO,ANM,WE,Combined TRACON& Tower with Radar,55,54,42,0,151,0,0,11,0,11,55,54,53,0,162,25,0,25,187
01/16/2022,ASE,CO,ANM,WE,Combined TRACON& Tower with Radar,52,39,40,0,131,0,0,6,0,6,52,39,46,0,137,17,0,17,154
01/17/2022,ASE,CO,ANM,WE,Combined TRACON& Tower with Radar,52,107,114,2,275,0,1,10,0,11,52,108,124,2,286,15,0,15,301
01/18/2022,ASE,CO,ANM,WE,Combined TRACON& Tower with Radar,53,55,51,0,159,0,0,5,2,7,53,55,56,2,166,4,0,4,170
01/19/2022,ASE,CO,ANM,WE,Combined TRACON& Tower with Radar,51,37,33,0,121,0,0,2,0,2,51,37,35,0,123,8,0,8,131
01/20/2022,ASE,CO,ANM,WE,Combined TRACON& Tower with Radar,51,39,69,0,159,0,0,5,2,7,51,39,74,2,166,3,2,5,171
01/21/2022,ASE,CO,ANM,WE,Combined TRACON& Tower with Radar,30,6,17,0,53,0,0,0,0,0,30,6,17,0,53,0,0,0,53
01/22/2022,ASE,CO,ANM,WE,Combined TRACON& Tower with Radar,55,51,50,0,156,0,1,10,0,11,55,52,60,0,167,25,2,27,194
01/23/2022,ASE,CO,ANM,WE,Combined TRACON& Tower with Radar,53,66,102,0,221,0,1,10,0,11,53,67,112,0,232,17,0,17,249
01/24/2022,ASE,CO,ANM,WE,Combined TRACON& Tower with Radar,47,54,61,0,162,0,0,7,1,8,47,54,68,1,170,11,1,12,182
01/25/2022,ASE,CO,ANM,WE,Combined TRACON& Tower with Radar,44,3,18,0,65,0,0,0,0,0,44,3,18,0,65,0,0,0,65
01/26/2022,ASE,CO,ANM,WE,Combined TRACON& Tower with Radar,53,44,48,0,145,0,0,8,2,10,53,44,56,2,155,13,0,13,168
01/27/2022,ASE,CO,ANM,WE,Combined TRACON& Tower with Radar,46,13,34,0,93,0,0,0,0,0,46,13,34,0,93,0,0,0,93
01/28/2022,ASE,CO,ANM,WE,Combined TRACON& Tower with Radar,52,49,55,0,156,0,0,6,0,6,52,49,61,0,162,16,0,16,178
01/29/2022,ASE,CO,ANM,WE,Combined TRACON& Tower with Radar,54,45,38,0,137,0,0,6,0,6,54,45,44,0,143,14,0,14,157
01/30/2022,ASE,CO,ANM,WE,Combined TRACON& Tower with Radar,53,71,67,0,191,0,0,9,0,9,53,71,76,0,200,6,0,6,206
01/31/2022,ASE,CO,ANM,WE,Combined TRACON& Tower with Radar,51,37,50,0,138,0,0,8,2,10,51,37,58,2,148,15,0,15,163
02/01/2022,ASE,CO,ANM,WE,Combined TRACON& Tower with Radar,52,28,24,0,104,0,0,4,0,4,52,28,28,0,108,6,0,6,114
02/02/2022,ASE,CO,ANM,WE,Combined TRACON& Tower with Radar,33,7,13,0,53,0,0,0,0,0,33,7,13,0,53,0,0,0,53
02/03/2022,ASE,CO,ANM,WE,Combined TRACON& Tower with Radar,46,58,68,0,172,0,0,7,0,7,46,58,75,0,179,9,0,9,188
02/04/2022,ASE,CO,ANM,WE,Combined TRACON& Tower with Radar,52,48,57,0,157,0,0,6,0,6,52,48,63,0,163,11,0,11,174
02/05/2022,ASE,CO,ANM,WE,Combined TRACON& Tower with Radar,56,35,51,0,142,0,0,7,0,7,56,35,58,0,149,27,1,28,177
02/06/2022,ASE,CO,ANM,WE,Combined TRACON& Tower with Radar,55,55,81,0,191,0,0,2,0,2,55,55,83,0,193,9,0,9,202
02/07/2022,ASE,CO,ANM,WE,Combined TRACON& Tower with Radar,52,39,65,0,156,0,0,5,0,5,52,39,70,0,161,17,0,17,178
02/08/2022,ASE,CO,ANM,WE,Combined TRACON& Tower with Radar,54,45,47,0,146,0,0,7,2,9,54,45,54,2,155,7,0,7,162
02/09/2022,ASE,CO,ANM,WE,Combined TRACON& Tower with Radar,51,55,52,1,159,0,0,1,1,2,51,55,53,2,161,29,2,31,192
02/10/2022,ASE,CO,ANM,WE,Combined TRACON& Tower with Radar,54,57,59,0,170,0,0,11,0,11,54,57,70,0,181,18,0,18,199
02/11/2022,ASE,CO,ANM,WE,Combined TRACON& Tower with Radar,53,42,40,0,135,0,0,5,0,5,53,42,45,0,140,7,0,7,147
02/12/2022,ASE,CO,ANM,WE,Combined TRACON& Tower with Radar,60,68,76,0,204,0,0,11,0,11,60,68,87,0,215,15,0,15,230
02/13/2022,ASE,CO,ANM,WE,Combined TRACON& Tower with Radar,59,70,54,0,183,0,0,11,0,11,59,70,65,0,194,11,2,13,207
02/14/2022,ASE,CO,ANM,WE,Combined TRACON& Tower with Radar,56,63,56,0,175,0,0,5,0,5,56,63,61,0,180,10,0,10,190
02/15/2022,ASE,CO,ANM,WE,Combined TRACON& Tower with Radar,55,50,60,0,165,0,0,6,0,6,55,50,66,0,171,4,0,4,175
02/16/2022,ASE,CO,ANM,WE,Combined TRACON& Tower with Radar,37,26,27,0,90,0,0,0,0,0,37,26,27,0,90,0,0,0,90
02/17/2022,ASE,CO,ANM,WE,Combined TRACON& Tower with Radar,40,105,100,0,245,0,0,9,0,9,40,105,109,0,254,4,0,4,258
02/18/2022,ASE,CO,ANM,WE,Combined TRACON& Tower with Radar,53,96,115,0,264,0,1,8,0,9,53,97,123,0,273,4,1,5,278
02/19/2022,ASE,CO,ANM,WE,Combined TRACON& Tower with Radar,59,100,101,0,260,0,0,12,0,12,59,100,113,0,272,12,0,12,284
02/20/2022,ASE,CO,ANM,WE,Combined TRACON& Tower with Radar,55,74,87,0,216,0,0,10,0,10,55,74,97,0,226,3,0,3,229
02/21/2022,ASE,CO,ANM,WE,Combined TRACON& Tower with Radar,10,33,51,0,94,0,0,1,0,1,10,33,52,0,95,3,0,3,98
02/22/2022,ASE,CO,ANM,WE,Combined TRACON& Tower with Radar,40,19,41,0,100,0,0,0,0,0,40,19,41,0,100,1,0,1,101
02/23/2022,ASE,CO,ANM,WE,Combined TRACON& Tower with Radar,20,7,8,0,35,0,0,0,0,0,20,7,8,0,35,2,0,2,37
02/24/2022,ASE,CO,ANM,WE,Combined TRACON& Tower with Radar,30,21,37,0,88,0,0,2,0,2,30,21,39,0,90,0,0,0,90
02/25/2022,ASE,CO,ANM,WE,Combined TRACON& Tower with Radar,55,56,68,0,179,0,0,1,0,1,55,56,69,0,180,0,0,0,180
02/26/2022,ASE,CO,ANM,WE,Combined TRACON& Tower with Radar,53,83,99,0,235,0,0,10,0,10,53,83,109,0,245,9,4,13,258
02/27/2022,ASE,CO,ANM,WE,Combined TRACON& Tower with Radar,58,98,92,0,248,0,1,14,0,15,58,99,106,0,263,3,0,3,266
02/28/2022,ASE,CO,ANM,WE,Combined TRACON& Tower with Radar,53,64,70,2,189,0,0,13,0,13,53,64,83,2,202,12,0,12,214
03/01/2022,ASE,CO,ANM,WE,Combined TRACON& Tower with Radar,56,37,51,0,144,0,0,1,0,1,56,37,52,0,145,7,0,7,152
03/02/2022,ASE,CO,ANM,WE,Combined TRACON& Tower with Radar,54,51,72,0,177,0,0,13,0,13,54,51,85,0,190,17,0,17,207
03/03/2022,ASE,CO,ANM,WE,Combined TRACON& Tower with Radar,53,58,77,0,188,0,0,7,0,7,53,58,84,0,195,7,3,10,205
03/04/2022,ASE,CO,ANM,WE,Combined TRACON& Tower with Radar,55,44,82,0,181,0,0,2,0,2,55,44,84,0,183,8,0,8,191
03/05/2022,ASE,CO,ANM,WE,Combined TRACON& Tower with Radar,60,25,58,0,143,0,0,0,0,0,60,25,58,0,143,2,0,2,145
03/06/2022,ASE,CO,ANM,WE,Combined TRACON& Tower with Radar,58,34,87,0,179,0,0,0,0,0,58,34,87,0,179,0,0,0,179
03/07/2022,ASE,CO,ANM,WE,Combined TRACON& Tower with Radar,49,17,26,0,92,0,0,0,0,0,49,17,26,0,92,0,0,0,92
03/08/2022,ASE,CO,ANM,WE,Combined TRACON& Tower with Radar,52,54,66,0,172,0,0,9,1,10,52,54,75,1,182,5,1,6,188
03/09/2022,ASE,CO,ANM,WE,Combined TRACON& Tower with Radar,41,25,31,0,97,0,0,0,0,0,41,25,31,0,97,0,0,0,97
03/10/2022,ASE,CO,ANM,WE,Combined TRACON& Tower with Radar,45,30,65,0,140,0,0,1,1,2,45,30,66,1,142,4,8,12,154
03/11/2022,ASE,CO,ANM,WE,Combined TRACON& Tower with Radar,56,82,112,0,250,0,0,6,0,6,56,82,118,0,256,17,0,17,273
03/12/2022,ASE,CO,ANM,WE,Combined TRACON& Tower with Radar,64,111,116,0,291,0,1,4,0,5,64,112,120,0,296,13,0,13,309
03/13/2022,ASE,CO,ANM,WE,Combined TRACON& Tower with Radar,55,87,124,0,266,0,0,4,0,4,55,87,128,0,270,14,0,14,284
03/14/2022,ASE,CO,ANM,WE,Combined TRACON& Tower with Radar,58,63,70,0,191,0,0,3,0,3,58,63,73,0,194,5,0,5,199
03/15/2022,ASE,CO,ANM,WE,Combined TRACON& Tower with Radar,59,48,86,0,193,0,0,8,0,8,59,48,94,0,201,24,0,24,225
03/16/2022,ASE,CO,ANM,WE,Combined TRACON& Tower with Radar,54,44,68,0,166,0,0,4,0,4,54,44,72,0,170,7,0,7,177
03/17/2022,ASE,CO,ANM,WE,Combined TRACON& Tower with Radar,54,24,49,0,127,0,0,1,0,1,54,24,50,0,128,3,0,3,131
03/18/2022,ASE,CO,ANM,WE,Combined TRACON& Tower with Radar,57,82,121,0,260,0,1,7,0,8,57,83,128,0,268,16,0,16,284
03/19/2022,ASE,CO,ANM,WE,Combined TRACON& Tower with Radar,62,111,119,0,292,0,1,16,0,17,62,112,135,0,309,16,0,16,325
03/20/2022,ASE,CO,ANM,WE,Combined TRACON& Tower with Radar,58,77,110,0,245,0,0,7,0,7,58,77,117,0,252,8,0,8,260
03/21/2022,ASE,CO,ANM,WE,Combined TRACON& Tower with Radar,55,11,14,0,80,0,0,0,0,0,55,11,14,0,80,0,0,0,80
03/22/2022,ASE,CO,ANM,WE,Combined TRACON& Tower with Radar,57,37,52,0,146,0,0,0,0,0,57,37,52,0,146,0,0,0,146
03/23/2022,ASE,CO,ANM,WE,Combined TRACON& Tower with Radar,58,40,65,0,163,0,0,3,0,3,58,40,68,0,166,11,0,11,177
03/24/2022,ASE,CO,ANM,WE,Combined TRACON& Tower with Radar,58,52,68,2,180,0,0,6,0,6,58,52,74,2,186,23,0,23,209
03/25/2022,ASE,CO,ANM,WE,Combined TRACON& Tower with Radar,59,67,78,0,204,0,1,8,0,9,59,68,86,0,213,10,0,10,223
03/26/2022,ASE,CO,ANM,WE,Combined TRACON& Tower with Radar,67,98,97,0,262,0,0,6,0,6,67,98,103,0,268,27,0,27,295
03/27/2022,ASE,CO,ANM,WE,Combined TRACON& Tower with Radar,35,94,87,0,216,0,0,5,0,5,35,94,92,0,221,15,0,15,236
03/28/2022,ASE,CO,ANM,WE,Combined TRACON& Tower with Radar,37,50,56,0,143,0,0,3,0,3,37,50,59,0,146,10,0,10,156
03/29/2022,ASE,CO,ANM,WE,Combined TRACON& Tower with Radar,37,10,25,0,72,0,0,0,0,0,37,10,25,0,72,0,0,0,72
03/30/2022,ASE,CO,ANM,WE,Combined TRACON& Tower with Radar,27,7,15,0,49,0,0,0,0,0,27,7,15,0,49,2,0,2,51
03/31/2022,ASE,CO,ANM,WE,Combined TRACON& Tower with Radar,36,45,56,0,137,0,0,2,2,4,36,45,58,2,141,34,0,34,175
04/01/2022,ASE,CO,ANM,WE,Combined TRACON& Tower with Radar,37,41,41,0,119,0,0,0,0,0,37,41,41,0,119,0,0,0,119
04/02/2022,ASE,CO,ANM,WE,Combined TRACON& Tower with Radar,50,57,49,0,156,0,0,3,0,3,50,57,52,0,159,8,0,8,167
04/03/2022,ASE,CO,ANM,WE,Combined TRACON& Tower with Radar,33,44,27,0,104,0,0,0,0,0,33,44,27,0,104,3,0,3,107
04/04/2022,ASE,CO,ANM,WE,Combined TRACON& Tower with Radar,27,44,40,0,111,0,0,6,0,6,27,44,46,0,117,17,0,17,134
04/05/2022,ASE,CO,ANM,WE,Combined TRACON& Tower with Radar,5,7,6,0,18,0,0,0,0,0,5,7,6,0,18,0,0,0,18
04/06/2022,ASE,CO,ANM,WE,Combined TRACON& Tower with Radar,11,5,33,0,49,0,0,7,0,7,11,5,40,0,56,7,0,7,63
04/07/2022,ASE,CO,ANM,WE,Combined TRACON& Tower with Radar,12,21,22,0,55,0,0,4,0,4,12,21,26,0,59,28,0,28,87
04/08/2022,ASE,CO,ANM,WE,Combined TRACON& Tower with Radar,14,47,48,0,109,0,0,22,1,23,14,47,70,1,132,47,0,47,179
04/09/2022,ASE,CO,ANM,WE,Combined TRACON& Tower with Radar,14,66,27,0,107,0,1,5,0,6,14,67,32,0,113,36,0,36,149
04/10/2022,ASE,CO,ANM,WE,Combined TRACON& Tower with Radar,9,19,39,0,67,0,0,4,0,4,9,19,43,0,71,2,0,2,73
04/11/2022,ASE,CO,ANM,WE,Combined TRACON& Tower with Radar,7,9,22,0,38,0,0,1,0,1,7,9,23,0,39,1,0,1,40
04/12/2022,ASE,CO,ANM,WE,Combined TRACON& Tower with Radar,1,2,3,0,6,0,0,0,0,0,1,2,3,0,6,0,0,0,6
04/13/2022,ASE,CO,ANM,WE,Combined TRACON& Tower with Radar,5,2,9,0,16,0,0,0,0,0,5,2,9,0,16,0,0,0,16
04/14/2022,ASE,CO,ANM,WE,Combined TRACON& Tower with Radar,14,18,44,0,76,0,0,3,0,3,14,18,47,0,79,6,0,6,85
04/15/2022,ASE,CO,ANM,WE,Combined TRACON& Tower with Radar,14,28,26,0,68,0,0,3,2,5,14,28,29,2,73,4,2,6,79
04/16/2022,ASE,CO,ANM,WE,Combined TRACON& Tower with Radar,14,14,15,0,43,0,0,5,0,5,14,14,20,0,48,30,0,30,78
04/17/2022,ASE,CO,ANM,WE,Combined TRACON& Tower with Radar,14,16,17,0,47,0,0,0,0,0,14,16,17,0,47,2,0,2,49
04/18/2022,ASE,CO,ANM,WE,Combined TRACON& Tower with Radar,14,22,25,0,61,0,0,4,0,4,14,22,29,0,65,9,0,9,74
04/19/2022,ASE,CO,ANM,WE,Combined TRACON& Tower with Radar,14,10,13,0,37,0,0,3,0,3,14,10,16,0,40,4,0,4,44
04/20/2022,ASE,CO,ANM,WE,Combined TRACON& Tower with Radar,14,16,16,0,46,0,0,3,0,3,14,16,19,0,49,3,0,3,52
04/21/2022,ASE,CO,ANM,WE,Combined TRACON& Tower with Radar,14,11,17,0,42,0,0,3,0,3,14,11,20,0,45,8,2,10,55
04/22/2022,ASE,CO,ANM,WE,Combined TRACON& Tower with Radar,11,1,13,0,25,0,0,1,0,1,11,1,14,0,26,1,0,1,27
04/23/2022,ASE,CO,ANM,WE,Combined TRACON& Tower with Radar,11,2,6,0,19,0,0,0,0,0,11,2,6,0,19,0,0,0,19
04/24/2022,ASE,CO,ANM,WE,Combined TRACON& Tower with Radar,13,10,15,0,38,0,0,0,0,0,13,10,15,0,38,24,0,24,62
04/25/2022,ASE,CO,ANM,WE,Combined TRACON& Tower with Radar,12,23,20,0,55,0,0,3,0,3,12,23,23,0,58,14,0,14,72
04/26/2022,ASE,CO,ANM,WE,Combined TRACON& Tower with Radar,13,18,20,0,51,0,0,4,0,4,13,18,24,0,55,0,0,0,55
04/27/2022,ASE,CO,ANM,WE,Combined TRACON& Tower with Radar,13,20,16,0,49,0,0,7,0,7,13,20,23,0,56,15,0,15,71
04/28/2022,ASE,CO,ANM,WE,Combined TRACON& Tower with Radar,14,13,7,2,36,0,0,7,0,7,14,13,14,2,43,17,0,17,60
04/29/2022,ASE,CO,ANM,WE,Combined TRACON& Tower with Radar,7,4,10,0,21,0,0,1,0,1,7,4,11,0,22,2,0,2,24
04/30/2022,ASE,CO,ANM,WE,Combined TRACON& Tower with Radar,13,16,8,0,37,0,0,5,0,5,13,16,13,0,42,45,4,49,91
05/01/2022,ASE,CO,ANM,WE,Combined TRACON& Tower with Radar,11,12,14,0,37,0,0,1,0,1,11,12,15,0,38,4,0,4,42
05/02/2022,ASE,CO,ANM,WE,Combined TRACON& Tower with Radar,0,0,0,0,0,0,0,0,0,0,0,0,0,0,0,0,0,0,0
05/03/2022,ASE,CO,ANM,WE,Combined TRACON& Tower with Radar,0,0,0,0,0,0,0,0,0,0,0,0,0,0,0,0,0,0,0
05/04/2022,ASE,CO,ANM,WE,Combined TRACON& Tower with Radar,0,0,0,0,0,0,0,0,0,0,0,0,0,0,0,0,0,0,0
05/05/2022,ASE,CO,ANM,WE,Combined TRACON& Tower with Radar,0,0,0,0,0,0,0,0,0,0,0,0,0,0,0,0,0,0,0
05/06/2022,ASE,CO,ANM,WE,Combined TRACON& Tower with Radar,0,0,0,0,0,0,0,0,0,0,0,0,0,0,0,0,0,0,0
05/07/2022,ASE,CO,ANM,WE,Combined TRACON& Tower with Radar,0,0,0,0,0,0,0,0,0,0,0,0,0,0,0,0,0,0,0
05/08/2022,ASE,CO,ANM,WE,Combined TRACON& Tower with Radar,0,0,0,0,0,0,0,0,0,0,0,0,0,0,0,0,0,0,0
05/09/2022,ASE,CO,ANM,WE,Combined TRACON& Tower with Radar,0,0,0,0,0,0,0,0,0,0,0,0,0,0,0,0,0,0,0
05/10/2022,ASE,CO,ANM,WE,Combined TRACON& Tower with Radar,0,0,0,0,0,0,0,0,0,0,0,0,0,0,0,0,0,0,0
05/11/2022,ASE,CO,ANM,WE,Combined TRACON& Tower with Radar,0,0,0,0,0,0,0,0,0,0,0,0,0,0,0,0,0,0,0
05/12/2022,ASE,CO,ANM,WE,Combined TRACON& Tower with Radar,0,0,0,0,0,0,0,0,0,0,0,0,0,0,0,0,0,0,0
05/13/2022,ASE,CO,ANM,WE,Combined TRACON& Tower with Radar,0,0,0,0,0,0,0,0,0,0,0,0,0,0,0,5,0,5,5
05/14/2022,ASE,CO,ANM,WE,Combined TRACON& Tower with Radar,0,0,0,0,0,0,0,0,0,0,0,0,0,0,0,2,0,2,2
05/15/2022,ASE,CO,ANM,WE,Combined TRACON& Tower with Radar,0,0,0,0,0,0,0,4,0,4,0,0,4,0,4,10,0,10,14
05/16/2022,ASE,CO,ANM,WE,Combined TRACON& Tower with Radar,12,29,19,0,60,0,0,5,0,5,12,29,24,0,65,0,0,0,65
05/17/2022,ASE,CO,ANM,WE,Combined TRACON& Tower with Radar,14,10,12,0,36,0,0,4,0,4,14,10,16,0,40,1,0,1,41
05/18/2022,ASE,CO,ANM,WE,Combined TRACON& Tower with Radar,14,12,18,0,44,0,0,2,0,2,14,12,20,0,46,4,2,6,52
05/19/2022,ASE,CO,ANM,WE,Combined TRACON& Tower with Radar,8,14,25,0,47,0,0,2,0,2,8,14,27,0,49,2,0,2,51
05/20/2022,ASE,CO,ANM,WE,Combined TRACON& Tower with Radar,1,0,4,0,5,0,0,0,0,0,1,0,4,0,5,0,0,0,5
05/21/2022,ASE,CO,ANM,WE,Combined TRACON& Tower with Radar,13,16,9,0,38,0,0,1,1,2,13,16,10,1,40,5,0,5,45
05/22/2022,ASE,CO,ANM,WE,Combined TRACON& Tower with Radar,13,15,34,0,62,0,0,5,0,5,13,15,39,0,67,0,0,0,67
05/23/2022,ASE,CO,ANM,WE,Combined TRACON& Tower with Radar,16,11,15,0,42,0,0,4,0,4,16,11,19,0,46,15,0,15,61
05/24/2022,ASE,CO,ANM,WE,Combined TRACON& Tower with Radar,9,16,23,0,48,0,0,1,0,1,9,16,24,0,49,27,0,27,76
05/25/2022,ASE,CO,ANM,WE,Combined TRACON& Tower with Radar,13,21,17,0,51,0,0,8,0,8,13,21,25,0,59,13,0,13,72
05/26/2022,ASE,CO,ANM,WE,Combined TRACON& Tower with Radar,16,19,28,0,63,0,0,10,0,10,16,19,38,0,73,31,0,31,104
05/27/2022,ASE,CO,ANM,WE,Combined TRACON& Tower with Radar,15,25,39,0,79,0,0,3,1,4,15,25,42,1,83,10,0,10,93
05/28/2022,ASE,CO,ANM,WE,Combined TRACON& Tower with Radar,14,11,22,0,47,0,0,2,0,2,14,11,24,0,49,13,0,13,62
05/29/2022,ASE,CO,ANM,WE,Combined TRACON& Tower with Radar,5,9,14,0,28,0,0,0,0,0,5,9,14,0,28,2,0,2,30
05/30/2022,ASE,CO,ANM,WE,Combined TRACON& Tower with Radar,2,6,15,0,23,0,0,1,0,1,2,6,16,0,24,1,0,1,25
05/31/2022,ASE,CO,ANM,WE,Combined TRACON& Tower with Radar,14,34,41,0,89,0,0,7,0,7,14,34,48,0,96,28,0,28,124
06/01/2022,ASE,CO,ANM,WE,Combined TRACON& Tower with Radar,14,22,35,0,71,0,0,3,0,3,14,22,38,0,74,18,0,18,92
06/02/2022,ASE,CO,ANM,WE,Combined TRACON& Tower with Radar,16,32,31,0,79,0,0,16,0,16,16,32,47,0,95,20,1,21,116
06/03/2022,ASE,CO,ANM,WE,Combined TRACON& Tower with Radar,28,40,38,0,106,0,0,4,0,4,28,40,42,0,110,15,0,15,125
06/04/2022,ASE,CO,ANM,WE,Combined TRACON& Tower with Radar,34,29,38,0,101,0,0,5,0,5,34,29,43,0,106,42,0,42,148
06/05/2022,ASE,CO,ANM,WE,Combined TRACON& Tower with Radar,34,52,51,0,137,0,0,5,0,5,34,52,56,0,142,18,0,18,160
06/06/2022,ASE,CO,ANM,WE,Combined TRACON& Tower with Radar,35,25,40,0,100,0,0,1,0,1,35,25,41,0,101,28,0,28,129
06/07/2022,ASE,CO,ANM,WE,Combined TRACON& Tower with Radar,30,14,24,2,70,0,0,13,0,13,30,14,37,2,83,25,7,32,115
06/08/2022,ASE,CO,ANM,WE,Combined TRACON& Tower with Radar,33,29,47,0,109,0,0,11,0,11,33,29,58,0,120,37,0,37,157
06/09/2022,ASE,CO,ANM,WE,Combined TRACON& Tower with Radar,33,28,41,3,105,0,2,5,0,7,33,30,46,3,112,21,5,26,138
06/10/2022,ASE,CO,ANM,WE,Combined TRACON& Tower with Radar,33,21,53,0,107,0,0,6,0,6,33,21,59,0,113,42,0,42,155
06/11/2022,ASE,CO,ANM,WE,Combined TRACON& Tower with Radar,34,35,26,0,95,0,0,7,0,7,34,35,33,0,102,12,1,13,115
06/12/2022,ASE,CO,ANM,WE,Combined TRACON& Tower with Radar,29,45,66,0,140,0,2,7,0,9,29,47,73,0,149,17,4,21,170
06/13/2022,ASE,CO,ANM,WE,Combined TRACON& Tower with Radar,33,14,36,0,83,0,0,2,0,2,33,14,38,0,85,10,0,10,95
06/14/2022,ASE,CO,ANM,WE,Combined TRACON& Tower with Radar,34,19,31,0,84,0,1,6,0,7,34,20,37,0,91,24,0,24,115
06/15/2022,ASE,CO,ANM,WE,Combined TRACON& Tower with Radar,35,39,57,2,133,0,0,8,0,8,35,39,65,2,141,35,4,39,180
06/16/2022,ASE,CO,ANM,WE,Combined TRACON& Tower with Radar,34,60,72,0,166,0,1,12,0,13,34,61,84,0,179,35,2,37,216
06/17/2022,ASE,CO,ANM,WE,Combined TRACON& Tower with Radar,32,34,36,0,102,0,0,10,0,10,32,34,46,0,112,8,0,8,120
06/18/2022,ASE,CO,ANM,WE,Combined TRACON& Tower with Radar,33,45,39,0,117,0,0,5,0,5,33,45,44,0,122,17,1,18,140
06/19/2022,ASE,CO,ANM,WE,Combined TRACON& Tower with Radar,26,42,77,0,145,0,0,4,0,4,26,42,81,0,149,2,0,2,151
06/20/2022,ASE,CO,ANM,WE,Combined TRACON& Tower with Radar,33,47,56,0,136,0,0,5,0,5,33,47,61,0,141,18,0,18,159
06/21/2022,ASE,CO,ANM,WE,Combined TRACON& Tower with Radar,32,40,37,0,109,0,0,13,2,15,32,40,50,2,124,15,4,19,143
06/22/2022,ASE,CO,ANM,WE,Combined TRACON& Tower with Radar,33,57,38,0,128,0,0,9,0,9,33,57,47,0,137,53,2,55,192
06/23/2022,ASE,CO,ANM,WE,Combined TRACON& Tower with Radar,33,50,60,0,143,0,0,6,0,6,33,50,66,0,149,7,0,7,156
06/24/2022,ASE,CO,ANM,WE,Combined TRACON& Tower with Radar,34,56,83,0,173,0,0,6,0,6,34,56,89,0,179,26,0,26,205
06/25/2022,ASE,CO,ANM,WE,Combined TRACON& Tower with Radar,30,58,39,0,127,0,0,8,0,8,30,58,47,0,135,19,0,19,154
06/26/2022,ASE,CO,ANM,WE,Combined TRACON& Tower with Radar,26,43,83,1,153,0,0,6,0,6,26,43,89,1,159,5,0,5,164
06/27/2022,ASE,CO,ANM,WE,Combined TRACON& Tower with Radar,31,69,58,0,158,0,0,9,0,9,31,69,67,0,167,26,0,26,193
06/28/2022,ASE,CO,ANM,WE,Combined TRACON& Tower with Radar,30,34,45,0,109,0,0,6,0,6,30,34,51,0,115,17,0,17,132
06/29/2022,ASE,CO,ANM,WE,Combined TRACON& Tower with Radar,32,76,61,0,169,0,0,6,1,7,32,76,67,1,176,18,2,20,196
06/30/2022,ASE,CO,ANM,WE,Combined TRACON& Tower with Radar,32,79,73,0,184,0,0,1,0,1,32,79,74,0,185,19,0,19,204
07/01/2022,ASE,CO,ANM,WE,Combined TRACON& Tower with Radar,32,82,127,0,241,0,2,7,0,9,32,84,134,0,250,24,0,24,274
07/02/2022,ASE,CO,ANM,WE,Combined TRACON& Tower with Radar,33,93,88,0,214,0,0,16,0,16,33,93,104,0,230,35,0,35,265
07/03/2022,ASE,CO,ANM,WE,Combined TRACON& Tower with Radar,32,61,79,0,172,0,0,6,0,6,32,61,85,0,178,28,0,28,206
07/04/2022,ASE,CO,ANM,WE,Combined TRACON& Tower with Radar,34,35,29,0,98,0,0,4,0,4,34,35,33,0,102,9,0,9,111
07/05/2022,ASE,CO,ANM,WE,Combined TRACON& Tower with Radar,33,57,105,0,195,0,0,7,0,7,33,57,112,0,202,5,0,5,207
07/06/2022,ASE,CO,ANM,WE,Combined TRACON& Tower with Radar,31,47,70,3,151,0,0,8,1,9,31,47,78,4,160,16,4,20,180
07/07/2022,ASE,CO,ANM,WE,Combined TRACON& Tower with Radar,31,53,73,0,157,0,1,17,0,18,31,54,90,0,175,24,0,24,199
07/08/2022,ASE,CO,ANM,WE,Combined TRACON& Tower with Radar,33,50,83,0,166,0,6,10,2,18,33,56,93,2,184,19,0,19,203
07/09/2022,ASE,CO,ANM,WE,Combined TRACON& Tower with Radar,34,57,64,0,155,0,1,9,0,10,34,58,73,0,165,19,0,19,184
07/10/2022,ASE,CO,ANM,WE,Combined TRACON& Tower with Radar,28,97,101,0,226,0,0,10,0,10,28,97,111,0,236,11,0,11,247
07/11/2022,ASE,CO,ANM,WE,Combined TRACON& Tower with Radar,33,63,67,0,163,0,0,3,0,3,33,63,70,0,166,8,0,8,174
07/12/2022,ASE,CO,ANM,WE,Combined TRACON& Tower with Radar,32,37,39,0,108,0,1,8,0,9,32,38,47,0,117,35,0,35,152
07/13/2022,ASE,CO,ANM,WE,Combined TRACON& Tower with Radar,31,39,57,0,127,0,0,1,4,5,31,39,58,4,132,5,0,5,137
07/14/2022,ASE,CO,ANM,WE,Combined TRACON& Tower with Radar,30,53,67,0,150,0,0,4,0,4,30,53,71,0,154,4,0,4,158
07/15/2022,ASE,CO,ANM,WE,Combined TRACON& Tower with Radar,33,73,79,0,185,0,1,7,3,11,33,74,86,3,196,6,0,6,202
07/16/2022,ASE,CO,ANM,WE,Combined TRACON& Tower with Radar,33,61,58,0,152,0,0,9,0,9,33,61,67,0,161,21,0,21,182
07/17/2022,ASE,CO,ANM,WE,Combined TRACON& Tower with Radar,33,85,86,0,204,0,0,9,0,9,33,85,95,0,213,22,0,22,235
07/18/2022,ASE,CO,ANM,WE,Combined TRACON& Tower with Radar,35,50,64,0,149,0,0,1,0,1,35,50,65,0,150,39,0,39,189
07/19/2022,ASE,CO,ANM,WE,Combined TRACON& Tower with Radar,33,51,68,7,159,0,0,10,0,10,33,51,78,7,169,20,0,20,189
07/20/2022,ASE,CO,ANM,WE,Combined TRACON& Tower with Radar,29,63,76,8,176,0,0,9,0,9,29,63,85,8,185,22,0,22,207
07/21/2022,ASE,CO,ANM,WE,Combined TRACON& Tower with Radar,32,60,66,2,160,0,2,14,1,17,32,62,80,3,177,42,0,42,219
07/22/2022,ASE,CO,ANM,WE,Combined TRACON& Tower with Radar,34,60,72,6,172,0,0,8,0,8,34,60,80,6,180,16,0,16,196
07/23/2022,ASE,CO,ANM,WE,Combined TRACON& Tower with Radar,34,66,68,1,169,0,0,7,0,7,34,66,75,1,176,4,0,4,180
07/24/2022,ASE,CO,ANM,WE,Combined TRACON& Tower with Radar,26,69,114,1,210,0,0,6,0,6,26,69,120,1,216,4,0,4,220
07/25/2022,ASE,CO,ANM,WE,Combined TRACON& Tower with Radar,31,48,75,0,154,0,0,4,0,4,31,48,79,0,158,6,0,6,164
07/26/2022,ASE,CO,ANM,WE,Combined TRACON& Tower with Radar,33,57,58,1,149,0,0,7,0,7,33,57,65,1,156,14,0,14,170
07/27/2022,ASE,CO,ANM,WE,Combined TRACON& Tower with Radar,33,60,59,0,152,0,0,5,1,6,33,60,64,1,158,19,1,20,178
07/28/2022,ASE,CO,ANM,WE,Combined TRACON& Tower with Radar,32,63,92,0,187,0,0,3,0,3,32,63,95,0,190,2,0,2,192
07/29/2022,ASE,CO,ANM,WE,Combined TRACON& Tower with Radar,30,57,76,0,163,0,0,7,0,7,30,57,83,0,170,12,0,12,182
07/30/2022,ASE,CO,ANM,WE,Combined TRACON& Tower with Radar,35,49,91,0,175,0,0,9,0,9,35,49,100,0,184,10,0,10,194
07/31/2022,ASE,CO,ANM,WE,Combined TRACON& Tower with Radar,32,107,105,0,244,0,0,11,0,11,32,107,116,0,255,17,0,17,272
08/01/2022,ASE,CO,ANM,WE,Combined TRACON& Tower with Radar,33,77,86,0,196,0,0,6,0,6,33,77,92,0,202,9,0,9,211
08/02/2022,ASE,CO,ANM,WE,Combined TRACON& Tower with Radar,31,53,54,0,138,0,0,8,0,8,31,53,62,0,146,14,0,14,160
08/03/2022,ASE,CO,ANM,WE,Combined TRACON& Tower with Radar,29,67,72,0,168,0,0,11,0,11,29,67,83,0,179,21,0,21,200
08/04/2022,ASE,CO,ANM,WE,Combined TRACON& Tower with Radar,33,68,82,0,183,0,0,8,0,8,33,68,90,0,191,7,0,7,198
08/05/2022,ASE,CO,ANM,WE,Combined TRACON& Tower with Radar,32,51,73,0,156,0,0,7,0,7,32,51,80,0,163,13,0,13,176
08/06/2022,ASE,CO,ANM,WE,Combined TRACON& Tower with Radar,32,89,67,0,188,0,0,14,0,14,32,89,81,0,202,19,0,19,221
08/07/2022,ASE,CO,ANM,WE,Combined TRACON& Tower with Radar,33,93,104,0,230,0,0,12,0,12,33,93,116,0,242,12,0,12,254
08/08/2022,ASE,CO,ANM,WE,Combined TRACON& Tower with Radar,33,58,70,2,163,0,0,5,0,5,33,58,75,2,168,15,0,15,183
08/09/2022,ASE,CO,ANM,WE,Combined TRACON& Tower with Radar,32,69,41,0,142,0,1,10,0,11,32,70,51,0,153,22,2,24,177
08/10/2022,ASE,CO,ANM,WE,Combined TRACON& Tower with Radar,32,65,80,2,179,0,0,11,0,11,32,65,91,2,190,12,0,12,202
08/11/2022,ASE,CO,ANM,WE,Combined TRACON& Tower with Radar,31,84,63,2,180,0,0,10,0,10,31,84,73,2,190,32,1,33,223
08/12/2022,ASE,CO,ANM,WE,Combined TRACON& Tower with Radar,34,81,89,0,204,0,0,11,0,11,34,81,100,0,215,33,0,33,248
08/13/2022,ASE,CO,ANM,WE,Combined TRACON& Tower with Radar,35,63,78,0,176,0,0,5,0,5,35,63,83,0,181,9,3,12,193
08/14/2022,ASE,CO,ANM,WE,Combined TRACON& Tower with Radar,27,131,86,0,244,0,0,11,0,11,27,131,97,0,255,44,1,45,300
08/15/2022,ASE,CO,ANM,WE,Combined TRACON& Tower with Radar,22,57,63,0,142,0,0,4,0,4,22,57,67,0,146,15,0,15,161
08/16/2022,ASE,CO,ANM,WE,Combined TRACON& Tower with Radar,31,65,58,0,154,0,0,2,0,2,31,65,60,0,156,6,0,6,162
08/17/2022,ASE,CO,ANM,WE,Combined TRACON& Tower with Radar,31,53,73,0,157,0,0,6,0,6,31,53,79,0,163,9,0,9,172
08/18/2022,ASE,CO,ANM,WE,Combined TRACON& Tower with Radar,33,72,67,0,172,0,0,8,0,8,33,72,75,0,180,19,0,19,199
08/19/2022,ASE,CO,ANM,WE,Combined TRACON& Tower with Radar,33,81,68,0,182,0,0,11,0,11,33,81,79,0,193,35,0,35,228
08/20/2022,ASE,CO,ANM,WE,Combined TRACON& Tower with Radar,33,64,45,0,142,0,0,2,0,2,33,64,47,0,144,3,1,4,148
08/21/2022,ASE,CO,ANM,WE,Combined TRACON& Tower with Radar,27,75,93,0,195,0,0,2,0,2,27,75,95,0,197,3,0,3,200
08/22/2022,ASE,CO,ANM,WE,Combined TRACON& Tower with Radar,31,59,47,0,137,0,0,3,0,3,31,59,50,0,140,15,0,15,155
08/23/2022,ASE,CO,ANM,WE,Combined TRACON& Tower with Radar,34,55,26,0,115,0,0,8,0,8,34,55,34,0,123,18,0,18,141
08/24/2022,ASE,CO,ANM,WE,Combined TRACON& Tower with Radar,33,51,28,0,112,0,0,7,0,7,33,51,35,0,119,30,0,30,149
08/25/2022,ASE,CO,ANM,WE,Combined TRACON& Tower with Radar,32,82,52,0,166,0,0,3,0,3,32,82,55,0,169,11,0,11,180
08/26/2022,ASE,CO,ANM,WE,Combined TRACON& Tower with Radar,33,67,57,0,157,0,0,1,0,1,33,67,58,0,158,40,0,40,198
08/27/2022,ASE,CO,ANM,WE,Combined TRACON& Tower with Radar,36,55,46,0,137,0,0,7,0,7,36,55,53,0,144,34,1,35,179
08/28/2022,ASE,CO,ANM,WE,Combined TRACON& Tower with Radar,33,74,62,0,169,0,0,10,0,10,33,74,72,0,179,13,0,13,192
08/29/2022,ASE,CO,ANM,WE,Combined TRACON& Tower with Radar,34,52,61,0,147,0,0,12,0,12,34,52,73,0,159,21,0,21,180
08/30/2022,ASE,CO,ANM,WE,Combined TRACON& Tower with Radar,33,57,48,0,138,0,0,4,0,4,33,57,52,0,142,46,1,47,189
08/31/2022,ASE,CO,ANM,WE,Combined TRACON& Tower with Radar,30,55,65,0,150,0,1,10,0,11,30,56,75,0,161,15,6,21,182
09/01/2022,ASE,CO,ANM,WE,Combined TRACON& Tower with Radar,33,68,65,0,166,0,0,10,0,10,33,68,75,0,176,17,0,17,193
09/02/2022,ASE,CO,ANM,WE,Combined TRACON& Tower with Radar,31,72,130,0,233,0,1,7,2,10,31,73,137,2,243,59,0,59,302
09/03/2022,ASE,CO,ANM,WE,Combined TRACON& Tower with Radar,33,57,33,2,125,0,2,9,0,11,33,59,42,2,136,31,0,31,167
09/04/2022,ASE,CO,ANM,WE,Combined TRACON& Tower with Radar,28,57,50,0,135,0,0,6,0,6,28,57,56,0,141,10,5,15,156
09/05/2022,ASE,CO,ANM,WE,Combined TRACON& Tower with Radar,27,102,133,0,262,0,0,5,0,5,27,102,138,0,267,0,0,0,267
09/06/2022,ASE,CO,ANM,WE,Combined TRACON& Tower with Radar,27,74,84,0,185,0,0,4,0,4,27,74,88,0,189,43,0,43,232
09/07/2022,ASE,CO,ANM,WE,Combined TRACON& Tower with Radar,27,62,39,0,128,0,0,14,0,14,27,62,53,0,142,31,0,31,173
09/08/2022,ASE,CO,ANM,WE,Combined TRACON& Tower with Radar,30,38,36,0,104,0,0,5,2,7,30,38,41,2,111,36,0,36,147
09/09/2022,ASE,CO,ANM,WE,Combined TRACON& Tower with Radar,32,19,45,0,96,0,0,2,2,4,32,19,47,2,100,8,0,8,108
09/10/2022,ASE,CO,ANM,WE,Combined TRACON& Tower with Radar,33,30,18,1,82,0,0,4,0,4,33,30,22,1,86,26,0,26,112
09/11/2022,ASE,CO,ANM,WE,Combined TRACON& Tower with Radar,31,52,52,2,137,0,0,12,1,13,31,52,64,3,150,20,0,20,170
09/12/2022,ASE,CO,ANM,WE,Combined TRACON& Tower with Radar,28,40,41,0,109,0,0,3,0,3,28,40,44,0,112,33,0,33,145
09/13/2022,ASE,CO,ANM,WE,Combined TRACON& Tower with Radar,25,32,41,0,98,0,0,6,0,6,25,32,47,0,104,26,0,26,130
09/14/2022,ASE,CO,ANM,WE,Combined TRACON& Tower with Radar,26,37,35,0,98,0,0,0,3,3,26,37,35,3,101,21,2,23,124
09/15/2022,ASE,CO,ANM,WE,Combined TRACON& Tower with Radar,30,49,45,0,124,0,0,4,0,4,30,49,49,0,128,23,0,23,151
09/16/2022,ASE,CO,ANM,WE,Combined TRACON& Tower with Radar,30,36,44,0,110,0,0,6,0,6,30,36,50,0,116,41,0,41,157
09/17/2022,ASE,CO,ANM,WE,Combined TRACON& Tower with Radar,32,35,29,0,96,0,0,2,0,2,32,35,31,0,98,47,0,47,145
09/18/2022,ASE,CO,ANM,WE,Combined TRACON& Tower with Radar,32,45,48,0,125,0,0,5,0,5,32,45,53,0,130,15,0,15,145
09/19/2022,ASE,CO,ANM,WE,Combined TRACON& Tower with Radar,28,49,63,0,140,0,1,1,2,4,28,50,64,2,144,64,3,67,211
09/20/2022,ASE,CO,ANM,WE,Combined TRACON& Tower with Radar,27,34,40,2,103,0,0,5,1,6,27,34,45,3,109,78,3,81,190
09/21/2022,ASE,CO,ANM,WE,Combined TRACON& Tower with Radar,27,31,31,0,89,0,0,0,0,0,27,31,31,0,89,25,0,25,114
09/22/2022,ASE,CO,ANM,WE,Combined TRACON& Tower with Radar,28,54,74,0,156,0,0,1,0,1,28,54,75,0,157,18,0,18,175
09/23/2022,ASE,CO,ANM,WE,Combined TRACON& Tower with Radar,26,44,82,2,154,0,0,12,0,12,26,44,94,2,166,43,0,43,209
09/24/2022,ASE,CO,ANM,WE,Combined TRACON& Tower with Radar,33,84,52,0,169,0,0,6,1,7,33,84,58,1,176,20,0,20,196
09/25/2022,ASE,CO,ANM,WE,Combined TRACON& Tower with Radar,30,84,91,0,205,0,1,7,0,8,30,85,98,0,213,44,0,44,257
09/26/2022,ASE,CO,ANM,WE,Combined TRACON& Tower with Radar,28,53,51,0,132,0,0,5,0,5,28,53,56,0,137,38,0,38,175
09/27/2022,ASE,CO,ANM,WE,Combined TRACON& Tower with Radar,27,47,38,0,112,0,0,6,0,6,27,47,44,0,118,31,12,43,161
09/28/2022,ASE,CO,ANM,WE,Combined TRACON& Tower with Radar,27,38,31,0,96,0,0,2,0,2,27,38,33,0,98,2,0,2,100
09/29/2022,ASE,CO,ANM,WE,Combined TRACON& Tower with Radar,29,68,57,0,154,0,0,3,0,3,29,68,60,0,157,13,0,13,170
09/30/2022,ASE,CO,ANM,WE,Combined TRACON& Tower with Radar,25,57,47,0,129,0,0,0,0,0,25,57,47,0,129,15,1,16,145
10/01/2022,ASE,CO,ANM,WE,Combined TRACON& Tower with Radar,23,43,38,0,104,0,0,2,0,2,23,43,40,0,106,49,0,49,155
10/02/2022,ASE,CO,ANM,WE,Combined TRACON& Tower with Radar,25,78,59,0,162,0,0,1,0,1,25,78,60,0,163,4,0,4,167
10/03/2022,ASE,CO,ANM,WE,Combined TRACON& Tower with Radar,25,41,35,0,101,0,0,2,0,2,25,41,37,0,103,10,0,10,113
10/04/2022,ASE,CO,ANM,WE,Combined TRACON& Tower with Radar,24,32,30,0,86,0,0,10,0,10,24,32,40,0,96,14,0,14,110
10/05/2022,ASE,CO,ANM,WE,Combined TRACON& Tower with Radar,25,35,33,0,93,0,0,5,0,5,25,35,38,0,98,26,2,28,126
10/06/2022,ASE,CO,ANM,WE,Combined TRACON& Tower with Radar,19,37,52,0,108,0,0,13,0,13,19,37,65,0,121,41,1,42,163
10/07/2022,ASE,CO,ANM,WE,Combined TRACON& Tower with Radar,19,52,52,0,123,0,0,5,0,5,19,52,57,0,128,27,0,27,155
10/08/2022,ASE,CO,ANM,WE,Combined TRACON& Tower with Radar,19,35,29,0,83,0,0,4,0,4,19,35,33,0,87,34,0,34,121
10/09/2022,ASE,CO,ANM,WE,Combined TRACON& Tower with Radar,19,40,38,0,97,0,0,10,0,10,19,40,48,0,107,29,0,29,136
10/10/2022,ASE,CO,ANM,WE,Combined TRACON& Tower with Radar,19,47,49,0,115,0,0,10,0,10,19,47,59,0,125,37,1,38,163
10/11/2022,ASE,CO,ANM,WE,Combined TRACON& Tower with Radar,16,25,30,4,75,0,0,7,0,7,16,25,37,4,82,7,0,7,89
10/12/2022,ASE,CO,ANM,WE,Combined TRACON& Tower with Radar,19,24,46,0,89,0,0,7,0,7,19,24,53,0,96,4,0,4,100
10/13/2022,ASE,CO,ANM,WE,Combined TRACON& Tower with Radar,18,25,39,0,82,0,0,12,1,13,18,25,51,1,95,13,2,15,110
10/14/2022,ASE,CO,ANM,WE,Combined TRACON& Tower with Radar,18,31,36,0,85,0,0,10,0,10,18,31,46,0,95,30,1,31,126
10/15/2022,ASE,CO,ANM,WE,Combined TRACON& Tower with Radar,19,22,25,2,68,0,0,12,1,13,19,22,37,3,81,39,1,40,121
10/16/2022,ASE,CO,ANM,WE,Combined TRACON& Tower with Radar,18,38,40,0,96,0,0,6,0,6,18,38,46,0,102,16,0,16,118
10/17/2022,ASE,CO,ANM,WE,Combined TRACON& Tower with Radar,19,31,24,1,75,0,0,6,1,7,19,31,30,2,82,20,0,20,102
10/18/2022,ASE,CO,ANM,WE,Combined TRACON& Tower with Radar,17,21,17,0,55,0,0,9,0,9,17,21,26,0,64,13,0,13,77
10/19/2022,ASE,CO,ANM,WE,Combined TRACON& Tower with Radar,19,29,29,0,77,0,0,6,1,7,19,29,35,1,84,33,0,33,117
10/20/2022,ASE,CO,ANM,WE,Combined TRACON& Tower with Radar,19,41,32,0,92,0,0,5,1,6,19,41,37,1,98,16,2,18,116
10/21/2022,ASE,CO,ANM,WE,Combined TRACON& Tower with Radar,21,18,28,0,67,0,0,4,0,4,21,18,32,0,71,25,0,25,96
10/22/2022,ASE,CO,ANM,WE,Combined TRACON& Tower with Radar,18,13,10,0,41,0,0,1,0,1,18,13,11,0,42,9,0,9,51
10/23/2022,ASE,CO,ANM,WE,Combined TRACON& Tower with Radar,3,3,5,0,11,0,0,0,0,0,3,3,5,0,11,0,0,0,11
10/24/2022,ASE,CO,ANM,WE,Combined TRACON& Tower with Radar,2,12,21,0,35,0,0,0,0,0,2,12,21,0,35,0,0,0,35
10/25/2022,ASE,CO,ANM,WE,Combined TRACON& Tower with Radar,19,13,22,0,54,0,0,3,0,3,19,13,25,0,57,32,0,32,89
10/26/2022,ASE,CO,ANM,WE,Combined TRACON& Tower with Radar,13,11,8,0,32,0,0,0,0,0,13,11,8,0,32,0,0,0,32
10/27/2022,ASE,CO,ANM,WE,Combined TRACON& Tower with Radar,20,3,11,0,34,0,0,0,0,0,20,3,11,0,34,0,2,2,36
10/28/2022,ASE,CO,ANM,WE,Combined TRACON& Tower with Radar,18,27,21,2,68,0,0,14,0,14,18,27,35,2,82,40,0,40,122
10/29/2022,ASE,CO,ANM,WE,Combined TRACON& Tower with Radar,18,11,8,0,37,0,0,5,2,7,18,11,13,2,44,38,0,38,82
10/30/2022,ASE,CO,ANM,WE,Combined TRACON& Tower with Radar,17,25,9,0,51,0,0,8,0,8,17,25,17,0,59,64,0,64,123
10/31/2022,ASE,CO,ANM,WE,Combined TRACON& Tower with Radar,16,16,18,0,50,0,0,7,0,7,16,16,25,0,57,44,0,44,101
11/01/2022,ASE,CO,ANM,WE,Combined TRACON& Tower with Radar,16,10,14,0,40,0,0,10,0,10,16,10,24,0,50,12,2,14,64
11/02/2022,ASE,CO,ANM,WE,Combined TRACON& Tower with Radar,16,8,22,0,46,0,0,0,0,0,16,8,22,0,46,3,0,3,49
11/03/2022,ASE,CO,ANM,WE,Combined TRACON& Tower with Radar,9,5,3,0,17,0,0,0,0,0,9,5,3,0,17,0,0,0,17
11/04/2022,ASE,CO,ANM,WE,Combined TRACON& Tower with Radar,14,4,20,0,38,0,0,0,0,0,14,4,20,0,38,2,0,2,40
11/05/2022,ASE,CO,ANM,WE,Combined TRACON& Tower with Radar,14,13,12,0,39,0,0,0,0,0,14,13,12,0,39,0,0,0,39
11/06/2022,ASE,CO,ANM,WE,Combined TRACON& Tower with Radar,14,17,17,0,48,0,0,2,0,2,14,17,19,0,50,5,0,5,55
11/07/2022,ASE,CO,ANM,WE,Combined TRACON& Tower with Radar,14,16,10,0,40,0,0,3,2,5,14,16,13,2,45,6,3,9,54
11/08/2022,ASE,CO,ANM,WE,Combined TRACON& Tower with Radar,15,9,8,4,36,0,0,0,0,0,15,9,8,4,36,4,0,4,40
11/09/2022,ASE,CO,ANM,WE,Combined TRACON& Tower with Radar,3,2,4,0,9,0,0,0,0,0,3,2,4,0,9,0,0,0,9
11/10/2022,ASE,CO,ANM,WE,Combined TRACON& Tower with Radar,14,16,20,0,50,0,0,1,0,1,14,16,21,0,51,27,0,27,78
11/11/2022,ASE,CO,ANM,WE,Combined TRACON& Tower with Radar,15,25,22,0,62,0,0,1,0,1,15,25,23,0,63,12,0,12,75
11/12/2022,ASE,CO,ANM,WE,Combined TRACON& Tower with Radar,14,18,13,0,45,0,1,8,0,9,14,19,21,0,54,36,0,36,90
11/13/2022,ASE,CO,ANM,WE,Combined TRACON& Tower with Radar,13,26,12,0,51,0,0,4,1,5,13,26,16,1,56,64,0,64,120
11/14/2022,ASE,CO,ANM,WE,Combined TRACON& Tower with Radar,14,8,12,0,34,0,0,0,0,0,14,8,12,0,34,14,0,14,48
11/15/2022,ASE,CO,ANM,WE,Combined TRACON& Tower with Radar,13,17,9,0,39,0,0,7,0,7,13,17,16,0,46,15,0,15,61
11/16/2022,ASE,CO,ANM,WE,Combined TRACON& Tower with Radar,14,18,21,2,55,0,0,2,1,3,14,18,23,3,58,44,2,46,104
11/17/2022,ASE,CO,ANM,WE,Combined TRACON& Tower with Radar,15,27,17,0,59,0,0,2,0,2,15,27,19,0,61,47,0,47,108
11/18/2022,ASE,CO,ANM,WE,Combined TRACON& Tower with Radar,15,35,34,2,86,0,0,3,0,3,15,35,37,2,89,9,0,9,98
11/19/2022,ASE,CO,ANM,WE,Combined TRACON& Tower with Radar,16,37,19,0,72,0,0,4,3,7,16,37,23,3,79,21,3,24,103
11/20/2022,ASE,CO,ANM,WE,Combined TRACON& Tower with Radar,16,30,27,0,73,0,0,6,0,6,16,30,33,0,79,12,0,12,91
11/21/2022,ASE,CO,ANM,WE,Combined TRACON& Tower with Radar,16,18,25,0,59,0,0,5,0,5,16,18,30,0,64,38,0,38,102
11/22/2022,ASE,CO,ANM,WE,Combined TRACON& Tower with Radar,16,25,29,0,70,0,0,5,0,5,16,25,34,0,75,47,0,47,122
11/23/2022,ASE,CO,ANM,WE,Combined TRACON& Tower with Radar,16,20,37,0,73,0,0,3,0,3,16,20,40,0,76,4,0,4,80
11/24/2022,ASE,CO,ANM,WE,Combined TRACON& Tower with Radar,7,9,4,0,20,0,0,0,0,0,7,9,4,0,20,3,0,3,23
11/25/2022,ASE,CO,ANM,WE,Combined TRACON& Tower with Radar,17,21,21,0,59,0,0,8,0,8,17,21,29,0,67,20,0,20,87
11/26/2022,ASE,CO,ANM,WE,Combined TRACON& Tower with Radar,16,37,16,0,69,0,0,3,0,3,16,37,19,0,72,33,0,33,105
11/27/2022,ASE,CO,ANM,WE,Combined TRACON& Tower with Radar,15,51,61,0,127,0,0,2,0,2,15,51,63,0,129,0,0,0,129
11/28/2022,ASE,CO,ANM,WE,Combined TRACON& Tower with Radar,16,24,21,0,61,0,0,0,0,0,16,24,21,0,61,0,0,0,61
11/29/2022,ASE,CO,ANM,WE,Combined TRACON& Tower with Radar,11,2,2,0,15,0,0,0,0,0,11,2,2,0,15,0,0,0,15
11/30/2022,ASE,CO,ANM,WE,Combined TRACON& Tower with Radar,21,12,18,0,51,0,0,5,2,7,21,12,23,2,58,13,6,19,77
12/01/2022,ASE,CO,ANM,WE,Combined TRACON& Tower with Radar,21,14,15,0,50,0,0,8,0,8,21,14,23,0,58,8,0,8,66
12/02/2022,ASE,CO,ANM,WE,Combined TRACON& Tower with Radar,12,0,5,0,17,0,0,1,0,1,12,0,6,0,18,0,0,0,18
12/03/2022,ASE,CO,ANM,WE,Combined TRACON& Tower with Radar,21,7,10,0,38,0,0,1,0,1,21,7,11,0,39,0,0,0,39
12/04/2022,ASE,CO,ANM,WE,Combined TRACON& Tower with Radar,21,22,35,0,78,0,1,6,0,7,21,23,41,0,85,3,0,3,88
12/05/2022,ASE,CO,ANM,WE,Combined TRACON& Tower with Radar,21,21,17,0,59,0,0,0,0,0,21,21,17,0,59,1,0,1,60
12/06/2022,ASE,CO,ANM,WE,Combined TRACON& Tower with Radar,8,0,8,0,16,0,0,0,0,0,8,0,8,0,16,0,0,0,16
12/07/2022,ASE,CO,ANM,WE,Combined TRACON& Tower with Radar,19,15,20,0,54,0,1,1,0,2,19,16,21,0,56,18,0,18,74
12/08/2022,ASE,CO,ANM,WE,Combined TRACON& Tower with Radar,20,22,20,2,64,0,0,2,0,2,20,22,22,2,66,19,0,19,85
12/09/2022,ASE,CO,ANM,WE,Combined TRACON& Tower with Radar,21,27,31,0,79,0,0,8,0,8,21,27,39,0,87,13,0,13,100
12/10/2022,ASE,CO,ANM,WE,Combined TRACON& Tower with Radar,20,35,18,0,73,0,0,4,2,6,20,35,22,2,79,17,2,19,98
12/11/2022,ASE,CO,ANM,WE,Combined TRACON& Tower with Radar,20,29,37,0,86,0,0,8,0,8,20,29,45,0,94,38,0,38,132
12/12/2022,ASE,CO,ANM,WE,Combined TRACON& Tower with Radar,20,31,15,0,66,0,0,0,0,0,20,31,15,0,66,0,0,0,66
12/13/2022,ASE,CO,ANM,WE,Combined TRACON& Tower with Radar,0,2,3,0,5,0,0,0,0,0,0,2,3,0,5,0,0,0,5
12/14/2022,ASE,CO,ANM,WE,Combined TRACON& Tower with Radar,18,17,27,0,62,0,0,0,0,0,18,17,27,0,62,0,0,0,62
12/15/2022,ASE,CO,ANM,WE,Combined TRACON& Tower with Radar,37,12,16,0,65,0,0,1,0,1,37,12,17,0,66,0,0,0,66
12/16/2022,ASE,CO,ANM,WE,Combined TRACON& Tower with Radar,55,85,67,0,207,0,0,10,0,10,55,85,77,0,217,5,0,5,222
12/17/2022,ASE,CO,ANM,WE,Combined TRACON& Tower with Radar,63,100,64,0,227,0,0,8,0,8,63,100,72,0,235,38,0,38,273
12/18/2022,ASE,CO,ANM,WE,Combined TRACON& Tower with Radar,66,73,86,0,225,0,1,12,0,13,66,74,98,0,238,22,0,22,260
12/19/2022,ASE,CO,ANM,WE,Combined TRACON& Tower with Radar,66,77,60,0,203,0,0,4,0,4,66,77,64,0,207,12,0,12,219
12/20/2022,ASE,CO,ANM,WE,Combined TRACON& Tower with Radar,65,61,73,2,201,0,0,5,0,5,65,61,78,2,206,6,0,6,212
12/21/2022,ASE,CO,ANM,WE,Combined TRACON& Tower with Radar,63,52,41,0,156,0,0,1,0,1,63,52,42,0,157,3,0,3,160
12/22/2022,ASE,CO,ANM,WE,Combined TRACON& Tower with Radar,47,31,51,0,129,0,0,2,0,2,47,31,53,0,131,1,0,1,132
12/23/2022,ASE,CO,ANM,WE,Combined TRACON& Tower with Radar,50,109,79,1,239,0,0,2,1,3,50,109,81,2,242,9,0,9,251
12/24/2022,ASE,CO,ANM,WE,Combined TRACON& Tower with Radar,54,33,20,0,107,0,0,3,0,3,54,33,23,0,110,0,0,0,110
12/25/2022,ASE,CO,ANM,WE,Combined TRACON& Tower with Radar,57,81,28,0,166,0,0,0,0,0,57,81,28,0,166,1,0,1,167
12/26/2022,ASE,CO,ANM,WE,Combined TRACON& Tower with Radar,60,76,126,0,262,0,2,4,0,6,60,78,130,0,268,8,0,8,276
12/27/2022,ASE,CO,ANM,WE,Combined TRACON& Tower with Radar,66,80,106,0,252,0,0,3,0,3,66,80,109,0,255,1,0,1,256
12/28/2022,ASE,CO,ANM,WE,Combined TRACON& Tower with Radar,1,8,22,0,31,0,0,0,0,0,1,8,22,0,31,0,0,0,31
12/29/2022,ASE,CO,ANM,WE,Combined TRACON& Tower with Radar,53,28,39,0,120,0,0,2,0,2,53,28,41,0,122,0,0,0,122
12/30/2022,ASE,CO,ANM,WE,Combined TRACON& Tower with Radar,62,84,53,0,199,0,0,0,0,0,62,84,53,0,199,0,0,0,199
12/31/2022,ASE,CO,ANM,WE,Combined TRACON& Tower with Radar,57,26,21,0,104,0,0,0,0,0,57,26,21,0,104,0,0,0,104
01/01/2023,ASE,CO,ANM,WE,Combined TRACON& Tower with Radar,36,64,87,0,187,0,0,0,0,0,36,64,87,0,187,0,0,0,187
01/02/2023,ASE,CO,ANM,WE,Combined TRACON& Tower with Radar,49,51,111,0,211,0,0,1,0,1,49,51,112,0,212,0,0,0,212
01/03/2023,ASE,CO,ANM,WE,Combined TRACON& Tower with Radar,39,10,19,2,70,0,0,0,0,0,39,10,19,2,70,0,0,0,70
01/04/2023,ASE,CO,ANM,WE,Combined TRACON& Tower with Radar,61,45,48,0,154,0,1,0,0,1,61,46,48,0,155,2,0,2,157
01/05/2023,ASE,CO,ANM,WE,Combined TRACON& Tower with Radar,59,58,63,0,180,0,0,3,0,3,59,58,66,0,183,12,0,12,195
01/06/2023,ASE,CO,ANM,WE,Combined TRACON& Tower with Radar,51,10,11,0,72,0,0,0,0,0,51,10,11,0,72,0,0,0,72
01/07/2023,ASE,CO,ANM,WE,Combined TRACON& Tower with Radar,49,64,72,2,187,0,0,5,0,5,49,64,77,2,192,6,0,6,198
01/08/2023,ASE,CO,ANM,WE,Combined TRACON& Tower with Radar,61,71,77,0,209,0,0,1,0,1,61,71,78,0,210,8,0,8,218
01/09/2023,ASE,CO,ANM,WE,Combined TRACON& Tower with Radar,59,47,57,0,163,0,0,7,0,7,59,47,64,0,170,3,0,3,173
01/10/2023,ASE,CO,ANM,WE,Combined TRACON& Tower with Radar,53,22,13,0,88,0,0,1,0,1,53,22,14,0,89,14,0,14,103
01/11/2023,ASE,CO,ANM,WE,Combined TRACON& Tower with Radar,45,3,4,0,52,0,0,0,0,0,45,3,4,0,52,0,0,0,52
01/12/2023,ASE,CO,ANM,WE,Combined TRACON& Tower with Radar,54,69,48,0,171,0,0,8,2,10,54,69,56,2,181,31,0,31,212
01/13/2023,ASE,CO,ANM,WE,Combined TRACON& Tower with Radar,53,69,69,0,191,0,0,6,2,8,53,69,75,2,199,19,0,19,218
01/14/2023,ASE,CO,ANM,WE,Combined TRACON& Tower with Radar,53,60,50,0,163,0,0,2,0,2,53,60,52,0,165,7,0,7,172
01/15/2023,ASE,CO,ANM,WE,Combined TRACON& Tower with Radar,51,21,37,0,109,0,0,0,0,0,51,21,37,0,109,0,0,0,109
01/16/2023,ASE,CO,ANM,WE,Combined TRACON& Tower with Radar,51,94,59,0,204,0,0,2,0,2,51,94,61,0,206,0,0,0,206
01/17/2023,ASE,CO,ANM,WE,Combined TRACON& Tower with Radar,41,17,26,0,84,0,0,0,0,0,41,17,26,0,84,0,0,0,84
01/18/2023,ASE,CO,ANM,WE,Combined TRACON& Tower with Radar,17,1,5,0,23,0,0,0,0,0,17,1,5,0,23,0,0,0,23
01/19/2023,ASE,CO,ANM,WE,Combined TRACON& Tower with Radar,47,35,45,0,127,0,0,4,0,4,47,35,49,0,131,24,0,24,155
01/20/2023,ASE,CO,ANM,WE,Combined TRACON& Tower with Radar,53,48,34,0,135,0,0,2,0,2,53,48,36,0,137,2,0,2,139
01/21/2023,ASE,CO,ANM,WE,Combined TRACON& Tower with Radar,53,28,34,0,115,0,0,2,0,2,53,28,36,0,117,0,0,0,117
01/22/2023,ASE,CO,ANM,WE,Combined TRACON& Tower with Radar,54,56,51,0,161,0,0,7,0,7,54,56,58,0,168,7,0,7,175
01/23/2023,ASE,CO,ANM,WE,Combined TRACON& Tower with Radar,54,27,35,0,116,0,0,4,0,4,54,27,39,0,120,5,0,5,125
01/24/2023,ASE,CO,ANM,WE,Combined TRACON& Tower with Radar,49,33,32,0,114,0,0,0,0,0,49,33,32,0,114,0,0,0,114
01/25/2023,ASE,CO,ANM,WE,Combined TRACON& Tower with Radar,49,14,31,0,94,0,0,0,0,0,49,14,31,0,94,0,0,0,94
01/26/2023,ASE,CO,ANM,WE,Combined TRACON& Tower with Radar,51,70,57,0,178,0,0,4,0,4,51,70,61,0,182,37,0,37,219
01/27/2023,ASE,CO,ANM,WE,Combined TRACON& Tower with Radar,36,25,41,0,102,0,0,0,0,0,36,25,41,0,102,0,0,0,102
01/28/2023,ASE,CO,ANM,WE,Combined TRACON& Tower with Radar,33,7,23,0,63,0,0,0,0,0,33,7,23,0,63,0,0,0,63
01/29/2023,ASE,CO,ANM,WE,Combined TRACON& Tower with Radar,52,68,71,0,191,0,0,1,0,1,52,68,72,0,192,1,1,2,194
01/30/2023,ASE,CO,ANM,WE,Combined TRACON& Tower with Radar,6,10,22,0,38,0,0,0,0,0,6,10,22,0,38,0,0,0,38
01/31/2023,ASE,CO,ANM,WE,Combined TRACON& Tower with Radar,52,50,43,0,145,0,0,13,0,13,52,50,56,0,158,15,0,15,173
02/01/2023,ASE,CO,ANM,WE,Combined TRACON& Tower with Radar,49,56,34,0,139,0,0,8,0,8,49,56,42,0,147,12,1,13,160
02/02/2023,ASE,CO,ANM,WE,Combined TRACON& Tower with Radar,56,59,43,0,158,0,0,8,0,8,56,59,51,0,166,17,0,17,183
02/03/2023,ASE,CO,ANM,WE,Combined TRACON& Tower with Radar,58,45,38,0,141,0,0,4,0,4,58,45,42,0,145,16,0,16,161
02/04/2023,ASE,CO,ANM,WE,Combined TRACON& Tower with Radar,57,44,36,0,137,0,0,12,0,12,57,44,48,0,149,11,0,11,160
02/05/2023,ASE,CO,ANM,WE,Combined TRACON& Tower with Radar,61,58,49,0,168,0,0,6,0,6,61,58,55,0,174,13,0,13,187
02/06/2023,ASE,CO,ANM,WE,Combined TRACON& Tower with Radar,55,16,39,0,110,0,0,1,0,1,55,16,40,0,111,0,0,0,111
02/07/2023,ASE,CO,ANM,WE,Combined TRACON& Tower with Radar,57,37,28,0,122,0,0,6,0,6,57,37,34,0,128,12,0,12,140
02/08/2023,ASE,CO,ANM,WE,Combined TRACON& Tower with Radar,58,47,38,0,143,0,0,4,0,4,58,47,42,0,147,14,1,15,162
02/09/2023,ASE,CO,ANM,WE,Combined TRACON& Tower with Radar,59,46,37,2,144,0,0,2,0,2,59,46,39,2,146,4,0,4,150
02/10/2023,ASE,CO,ANM,WE,Combined TRACON& Tower with Radar,57,66,51,2,176,0,0,8,0,8,57,66,59,2,184,23,0,23,207
02/11/2023,ASE,CO,ANM,WE,Combined TRACON& Tower with Radar,58,51,39,2,150,0,0,1,0,1,58,51,40,2,151,4,0,4,155
02/12/2023,ASE,CO,ANM,WE,Combined TRACON& Tower with Radar,60,65,85,0,210,0,0,5,0,5,60,65,90,0,215,13,0,13,228
02/13/2023,ASE,CO,ANM,WE,Combined TRACON& Tower with Radar,59,75,56,0,190,0,0,5,0,5,59,75,61,0,195,5,0,5,200
02/14/2023,ASE,CO,ANM,WE,Combined TRACON& Tower with Radar,19,2,6,0,27,0,0,0,0,0,19,2,6,0,27,0,0,0,27
02/15/2023,ASE,CO,ANM,WE,Combined TRACON& Tower with Radar,15,18,15,0,48,0,0,0,0,0,15,18,15,0,48,2,0,2,50
02/16/2023,ASE,CO,ANM,WE,Combined TRACON& Tower with Radar,49,96,97,0,242,0,1,10,0,11,49,97,107,0,253,5,2,7,260
02/17/2023,ASE,CO,ANM,WE,Combined TRACON& Tower with Radar,60,99,83,0,242,0,4,4,0,8,60,103,87,0,250,8,0,8,258
02/18/2023,ASE,CO,ANM,WE,Combined TRACON& Tower with Radar,60,104,82,0,246,0,0,1,0,1,60,104,83,0,247,8,0,8,255
02/19/2023,ASE,CO,ANM,WE,Combined TRACON& Tower with Radar,61,27,34,0,122,0,0,4,0,4,61,27,38,0,126,2,0,2,128
02/20/2023,ASE,CO,ANM,WE,Combined TRACON& Tower with Radar,50,55,87,0,192,0,0,2,0,2,50,55,89,0,194,0,0,0,194
02/21/2023,ASE,CO,ANM,WE,Combined TRACON& Tower with Radar,59,91,71,0,221,0,0,3,0,3,59,91,74,0,224,4,1,5,229
02/22/2023,ASE,CO,ANM,WE,Combined TRACON& Tower with Radar,6,1,4,0,11,0,0,0,0,0,6,1,4,0,11,0,0,0,11
02/23/2023,ASE,CO,ANM,WE,Combined TRACON& Tower with Radar,48,65,59,0,172,0,0,0,0,0,48,65,59,0,172,0,0,0,172
02/24/2023,ASE,CO,ANM,WE,Combined TRACON& Tower with Radar,50,35,66,0,151,0,0,3,0,3,50,35,69,0,154,0,0,0,154
02/25/2023,ASE,CO,ANM,WE,Combined TRACON& Tower with Radar,54,119,90,0,263,0,1,7,0,8,54,120,97,0,271,8,0,8,279
02/26/2023,ASE,CO,ANM,WE,Combined TRACON& Tower with Radar,57,57,62,0,176,0,0,0,0,0,57,57,62,0,176,0,0,0,176
02/27/2023,ASE,CO,ANM,WE,Combined TRACON& Tower with Radar,57,53,47,0,157,0,0,2,0,2,57,53,49,0,159,10,0,10,169
02/28/2023,ASE,CO,ANM,WE,Combined TRACON& Tower with Radar,48,5,22,0,75,0,0,0,0,0,48,5,22,0,75,0,0,0,75
03/01/2023,ASE,CO,ANM,WE,Combined TRACON& Tower with Radar,60,21,43,0,124,0,0,0,0,0,60,21,43,0,124,0,0,0,124
03/02/2023,ASE,CO,ANM,WE,Combined TRACON& Tower with Radar,59,65,64,0,188,0,0,3,0,3,59,65,67,0,191,17,0,17,208
03/03/2023,ASE,CO,ANM,WE,Combined TRACON& Tower with Radar,34,28,19,0,81,0,0,4,0,4,34,28,23,0,85,4,0,4,89
03/04/2023,ASE,CO,ANM,WE,Combined TRACON& Tower with Radar,62,78,61,0,201,0,0,4,0,4,62,78,65,0,205,8,0,8,213
03/05/2023,ASE,CO,ANM,WE,Combined TRACON& Tower with Radar,60,40,67,0,167,0,0,0,0,0,60,40,67,0,167,4,0,4,171
03/06/2023,ASE,CO,ANM,WE,Combined TRACON& Tower with Radar,63,33,47,0,143,0,0,4,0,4,63,33,51,0,147,2,0,2,149
03/07/2023,ASE,CO,ANM,WE,Combined TRACON& Tower with Radar,61,31,44,0,136,0,0,1,0,1,61,31,45,0,137,3,0,3,140
03/08/2023,ASE,CO,ANM,WE,Combined TRACON& Tower with Radar,66,45,57,0,168,0,0,4,0,4,66,45,61,0,172,12,0,12,184
03/09/2023,ASE,CO,ANM,WE,Combined TRACON& Tower with Radar,61,54,59,0,174,0,0,7,1,8,61,54,66,1,182,20,1,21,203
03/10/2023,ASE,CO,ANM,WE,Combined TRACON& Tower with Radar,36,33,31,0,100,0,0,0,0,0,36,33,31,0,100,0,0,0,100
03/11/2023,ASE,CO,ANM,WE,Combined TRACON& Tower with Radar,63,53,51,0,167,0,0,1,0,1,63,53,52,0,168,2,0,2,170
03/12/2023,ASE,CO,ANM,WE,Combined TRACON& Tower with Radar,50,26,44,0,120,0,0,0,0,0,50,26,44,0,120,0,0,0,120
03/13/2023,ASE,CO,ANM,WE,Combined TRACON& Tower with Radar,59,63,50,0,172,0,0,1,0,1,59,63,51,0,173,11,0,11,184
03/14/2023,ASE,CO,ANM,WE,Combined TRACON& Tower with Radar,59,50,57,0,166,0,0,4,2,6,59,50,61,2,172,19,0,19,191
03/15/2023,ASE,CO,ANM,WE,Combined TRACON& Tower with Radar,63,18,19,0,100,0,0,0,0,0,63,18,19,0,100,0,0,0,100
03/16/2023,ASE,CO,ANM,WE,Combined TRACON& Tower with Radar,59,17,22,0,98,0,0,0,0,0,59,17,22,0,98,0,0,0,98
03/17/2023,ASE,CO,ANM,WE,Combined TRACON& Tower with Radar,60,93,84,0,237,0,0,4,0,4,60,93,88,0,241,33,0,33,274
03/18/2023,ASE,CO,ANM,WE,Combined TRACON& Tower with Radar,63,107,83,0,253,0,0,12,0,12,63,107,95,0,265,25,0,25,290
03/19/2023,ASE,CO,ANM,WE,Combined TRACON& Tower with Radar,64,101,90,0,255,0,2,2,0,4,64,103,92,0,259,32,0,32,291
03/20/2023,ASE,CO,ANM,WE,Combined TRACON& Tower with Radar,62,48,33,0,143,0,0,0,0,0,62,48,33,0,143,0,0,0,143
03/21/2023,ASE,CO,ANM,WE,Combined TRACON& Tower with Radar,62,39,15,0,116,0,0,1,0,1,62,39,16,0,117,1,0,1,118
03/22/2023,ASE,CO,ANM,WE,Combined TRACON& Tower with Radar,18,1,4,0,23,0,0,0,0,0,18,1,4,0,23,0,0,0,23
03/23/2023,ASE,CO,ANM,WE,Combined TRACON& Tower with Radar,55,55,61,0,171,0,0,2,0,2,55,55,63,0,173,3,0,3,176
03/24/2023,ASE,CO,ANM,WE,Combined TRACON& Tower with Radar,60,87,44,0,191,0,0,2,0,2,60,87,46,0,193,2,0,2,195
03/25/2023,ASE,CO,ANM,WE,Combined TRACON& Tower with Radar,56,40,48,0,144,0,0,0,0,0,56,40,48,0,144,0,0,0,144
03/26/2023,ASE,CO,ANM,WE,Combined TRACON& Tower with Radar,44,67,74,0,185,0,0,3,0,3,44,67,77,0,188,7,0,7,195
03/27/2023,ASE,CO,ANM,WE,Combined TRACON& Tower with Radar,42,17,23,1,83,0,0,1,0,1,42,17,24,1,84,2,0,2,86
03/28/2023,ASE,CO,ANM,WE,Combined TRACON& Tower with Radar,43,41,34,0,118,0,0,3,0,3,43,41,37,0,121,26,0,26,147
03/29/2023,ASE,CO,ANM,WE,Combined TRACON& Tower with Radar,43,28,24,0,95,0,0,1,2,3,43,28,25,2,98,2,0,2,100
03/30/2023,ASE,CO,ANM,WE,Combined TRACON& Tower with Radar,19,10,15,0,44,0,0,0,0,0,19,10,15,0,44,0,0,0,44
03/31/2023,ASE,CO,ANM,WE,Combined TRACON& Tower with Radar,49,10,10,0,69,0,0,0,0,0,49,10,10,0,69,0,0,0,69
04/01/2023,ASE,CO,ANM,WE,Combined TRACON& Tower with Radar,56,88,37,0,181,0,0,5,0,5,56,88,42,0,186,14,0,14,200
04/02/2023,ASE,CO,ANM,WE,Combined TRACON& Tower with Radar,24,50,19,0,93,0,0,5,0,5,24,50,24,0,98,13,0,13,111
04/03/2023,ASE,CO,ANM,WE,Combined TRACON& Tower with Radar,25,11,17,0,53,0,0,3,0,3,25,11,20,0,56,0,0,0,56
04/04/2023,ASE,CO,ANM,WE,Combined TRACON& Tower with Radar,14,5,10,0,29,0,0,0,0,0,14,5,10,0,29,0,0,0,29
04/05/2023,ASE,CO,ANM,WE,Combined TRACON& Tower with Radar,18,16,20,0,54,0,0,0,0,0,18,16,20,0,54,0,0,0,54
04/06/2023,ASE,CO,ANM,WE,Combined TRACON& Tower with Radar,15,61,42,0,118,0,0,11,0,11,15,61,53,0,129,22,0,22,151
04/07/2023,ASE,CO,ANM,WE,Combined TRACON& Tower with Radar,15,40,34,2,91,0,0,4,0,4,15,40,38,2,95,23,0,23,118
04/08/2023,ASE,CO,ANM,WE,Combined TRACON& Tower with Radar,15,37,41,0,93,0,0,0,0,0,15,37,41,0,93,45,0,45,138
04/09/2023,ASE,CO,ANM,WE,Combined TRACON& Tower with Radar,15,45,26,0,86,0,0,4,0,4,15,45,30,0,90,45,0,45,135
04/10/2023,ASE,CO,ANM,WE,Combined TRACON& Tower with Radar,15,30,46,0,91,0,0,8,0,8,15,30,54,0,99,49,0,49,148
04/11/2023,ASE,CO,ANM,WE,Combined TRACON& Tower with Radar,15,33,23,0,71,0,0,12,0,12,15,33,35,0,83,36,0,36,119
04/12/2023,ASE,CO,ANM,WE,Combined TRACON& Tower with Radar,15,20,16,0,51,0,0,6,0,6,15,20,22,0,57,3,0,3,60
04/13/2023,ASE,CO,ANM,WE,Combined TRACON& Tower with Radar,14,13,22,0,49,0,0,3,1,4,14,13,25,1,53,3,4,7,60
04/14/2023,ASE,CO,ANM,WE,Combined TRACON& Tower with Radar,7,10,10,0,27,0,0,0,0,0,7,10,10,0,27,0,0,0,27
04/15/2023,ASE,CO,ANM,WE,Combined TRACON& Tower with Radar,15,30,14,0,59,0,0,1,0,1,15,30,15,0,60,10,2,12,72
04/16/2023,ASE,CO,ANM,WE,Combined TRACON& Tower with Radar,15,41,42,0,98,0,0,3,0,3,15,41,45,0,101,39,0,39,140
04/17/2023,ASE,CO,ANM,WE,Combined TRACON& Tower with Radar,17,24,25,0,66,0,0,1,0,1,17,24,26,0,67,10,0,10,77
04/18/2023,ASE,CO,ANM,WE,Combined TRACON& Tower with Radar,15,11,15,0,41,0,0,2,0,2,15,11,17,0,43,3,0,3,46
04/19/2023,ASE,CO,ANM,WE,Combined TRACON& Tower with Radar,6,8,6,0,20,0,0,0,0,0,6,8,6,0,20,0,0,0,20
04/20/2023,ASE,CO,ANM,WE,Combined TRACON& Tower with Radar,13,19,9,0,41,0,0,1,1,2,13,19,10,1,43,3,1,4,47
04/21/2023,ASE,CO,ANM,WE,Combined TRACON& Tower with Radar,12,21,15,0,48,0,0,5,0,5,12,21,20,0,53,11,0,11,64
04/22/2023,ASE,CO,ANM,WE,Combined TRACON& Tower with Radar,13,9,11,0,33,0,0,0,0,0,13,9,11,0,33,0,0,0,33
04/23/2023,ASE,CO,ANM,WE,Combined TRACON& Tower with Radar,15,19,7,0,41,0,0,2,0,2,15,19,9,0,43,27,0,27,70
04/24/2023,ASE,CO,ANM,WE,Combined TRACON& Tower with Radar,15,9,22,0,46,0,0,3,0,3,15,9,25,0,49,26,0,26,75
04/25/2023,ASE,CO,ANM,WE,Combined TRACON& Tower with Radar,10,2,5,0,17,0,0,0,0,0,10,2,5,0,17,0,0,0,17
04/26/2023,ASE,CO,ANM,WE,Combined TRACON& Tower with Radar,15,15,8,0,38,0,0,1,0,1,15,15,9,0,39,3,0,3,42
04/27/2023,ASE,CO,ANM,WE,Combined TRACON& Tower with Radar,15,10,9,0,34,0,0,2,0,2,15,10,11,0,36,4,0,4,40
04/28/2023,ASE,CO,ANM,WE,Combined TRACON& Tower with Radar,15,5,8,0,28,0,0,2,0,2,15,5,10,0,30,9,0,9,39
04/29/2023,ASE,CO,ANM,WE,Combined TRACON& Tower with Radar,15,10,7,0,32,0,0,5,0,5,15,10,12,0,37,35,0,35,72
04/30/2023,ASE,CO,ANM,WE,Combined TRACON& Tower with Radar,15,11,15,0,41,0,0,7,0,7,15,11,22,0,48,17,0,17,65
05/01/2023,ASE,CO,ANM,WE,Combined TRACON& Tower with Radar,15,10,10,0,35,0,0,6,0,6,15,10,16,0,41,27,0,27,68
05/02/2023,ASE,CO,ANM,WE,Combined TRACON& Tower with Radar,15,9,18,0,42,0,0,1,0,1,15,9,19,0,43,16,0,16,59
05/03/2023,ASE,CO,ANM,WE,Combined TRACON& Tower with Radar,15,14,12,0,41,0,0,6,0,6,15,14,18,0,47,17,0,17,64
05/04/2023,ASE,CO,ANM,WE,Combined TRACON& Tower with Radar,17,11,13,0,41,0,0,2,0,2,17,11,15,0,43,8,0,8,51
05/05/2023,ASE,CO,ANM,WE,Combined TRACON& Tower with Radar,11,8,7,0,26,0,0,4,3,7,11,8,11,3,33,14,6,20,53
05/06/2023,ASE,CO,ANM,WE,Combined TRACON& Tower with Radar,14,14,12,0,40,0,0,3,0,3,14,14,15,0,43,8,2,10,53
05/07/2023,ASE,CO,ANM,WE,Combined TRACON& Tower with Radar,14,6,6,0,26,0,0,2,0,2,14,6,8,0,28,48,0,48,76
05/08/2023,ASE,CO,ANM,WE,Combined TRACON& Tower with Radar,14,21,17,0,52,0,0,9,0,9,14,21,26,0,61,37,0,37,98
05/09/2023,ASE,CO,ANM,WE,Combined TRACON& Tower with Radar,13,16,9,0,38,0,0,5,0,5,13,16,14,0,43,16,0,16,59
05/10/2023,ASE,CO,ANM,WE,Combined TRACON& Tower with Radar,0,0,1,0,1,0,0,3,0,3,0,0,4,0,4,0,0,0,4
05/11/2023,ASE,CO,ANM,WE,Combined TRACON& Tower with Radar,0,0,0,0,0,0,0,0,0,0,0,0,0,0,0,0,0,0,0
05/12/2023,ASE,CO,ANM,WE,Combined TRACON& Tower with Radar,0,0,0,0,0,0,0,0,0,0,0,0,0,0,0,0,0,0,0
05/13/2023,ASE,CO,ANM,WE,Combined TRACON& Tower with Radar,0,0,0,0,0,0,0,0,0,0,0,0,0,0,0,0,0,0,0
05/14/2023,ASE,CO,ANM,WE,Combined TRACON& Tower with Radar,0,0,0,0,0,0,0,0,0,0,0,0,0,0,0,0,0,0,0
05/15/2023,ASE,CO,ANM,WE,Combined TRACON& Tower with Radar,0,0,0,0,0,0,0,0,0,0,0,0,0,0,0,0,0,0,0
05/16/2023,ASE,CO,ANM,WE,Combined TRACON& Tower with Radar,0,0,0,0,0,0,0,0,0,0,0,0,0,0,0,0,0,0,0
05/17/2023,ASE,CO,ANM,WE,Combined TRACON& Tower with Radar,0,0,0,2,2,0,0,0,0,0,0,0,0,2,2,0,0,0,2
05/18/2023,ASE,CO,ANM,WE,Combined TRACON& Tower with Radar,0,0,0,0,0,0,0,0,0,0,0,0,0,0,0,0,0,0,0
05/19/2023,ASE,CO,ANM,WE,Combined TRACON& Tower with Radar,0,0,0,0,0,0,0,0,0,0,0,0,0,0,0,0,0,0,0
05/20/2023,ASE,CO,ANM,WE,Combined TRACON& Tower with Radar,0,0,0,0,0,0,0,0,0,0,0,0,0,0,0,0,0,0,0
05/21/2023,ASE,CO,ANM,WE,Combined TRACON& Tower with Radar,0,0,0,0,0,0,0,0,0,0,0,0,0,0,0,0,0,0,0
05/22/2023,ASE,CO,ANM,WE,Combined TRACON& Tower with Radar,0,0,0,0,0,0,0,0,0,0,0,0,0,0,0,0,0,0,0
05/23/2023,ASE,CO,ANM,WE,Combined TRACON& Tower with Radar,0,0,0,0,0,0,0,2,0,2,0,0,2,0,2,0,0,0,2
05/24/2023,ASE,CO,ANM,WE,Combined TRACON& Tower with Radar,0,0,1,0,1,0,0,1,0,1,0,0,2,0,2,0,0,0,2
05/25/2023,ASE,CO,ANM,WE,Combined TRACON& Tower with Radar,10,36,27,0,73,0,0,7,0,7,10,36,34,0,80,5,0,5,85
05/26/2023,ASE,CO,ANM,WE,Combined TRACON& Tower with Radar,12,50,36,0,98,0,0,8,0,8,12,50,44,0,106,8,0,8,114
05/27/2023,ASE,CO,ANM,WE,Combined TRACON& Tower with Radar,10,20,10,0,40,0,0,5,0,5,10,20,15,0,45,4,0,4,49
05/28/2023,ASE,CO,ANM,WE,Combined TRACON& Tower with Radar,14,24,23,0,61,0,0,4,0,4,14,24,27,0,65,4,0,4,69
05/29/2023,ASE,CO,ANM,WE,Combined TRACON& Tower with Radar,14,35,30,0,79,0,0,5,0,5,14,35,35,0,84,8,0,8,92
05/30/2023,ASE,CO,ANM,WE,Combined TRACON& Tower with Radar,15,23,27,0,65,0,0,2,0,2,15,23,29,0,67,10,4,14,81
05/31/2023,ASE,CO,ANM,WE,Combined TRACON& Tower with Radar,10,17,19,0,46,0,0,6,2,8,10,17,25,2,54,15,0,15,69
06/01/2023,ASE,CO,ANM,WE,Combined TRACON& Tower with Radar,23,31,34,0,88,0,0,6,0,6,23,31,40,0,94,10,0,10,104
06/02/2023,ASE,CO,ANM,WE,Combined TRACON& Tower with Radar,2,13,11,0,26,0,0,0,0,0,2,13,11,0,26,17,0,17,43
06/03/2023,ASE,CO,ANM,WE,Combined TRACON& Tower with Radar,34,31,22,0,87,0,0,3,0,3,34,31,25,0,90,1,0,1,91
06/04/2023,ASE,CO,ANM,WE,Combined TRACON& Tower with Radar,35,45,36,0,116,0,0,3,0,3,35,45,39,0,119,6,0,6,125
06/05/2023,ASE,CO,ANM,WE,Combined TRACON& Tower with Radar,33,31,21,0,85,0,0,3,0,3,33,31,24,0,88,11,2,13,101
06/06/2023,ASE,CO,ANM,WE,Combined TRACON& Tower with Radar,29,28,23,0,80,0,0,5,0,5,29,28,28,0,85,7,0,7,92
06/07/2023,ASE,CO,ANM,WE,Combined TRACON& Tower with Radar,35,25,21,0,81,0,0,4,0,4,35,25,25,0,85,7,0,7,92
06/08/2023,ASE,CO,ANM,WE,Combined TRACON& Tower with Radar,32,59,23,0,114,0,0,2,0,2,32,59,25,0,116,20,0,20,136
06/09/2023,ASE,CO,ANM,WE,Combined TRACON& Tower with Radar,34,42,37,0,113,0,0,7,0,7,34,42,44,0,120,13,0,13,133
06/10/2023,ASE,CO,ANM,WE,Combined TRACON& Tower with Radar,37,31,25,0,93,0,1,6,0,7,37,32,31,0,100,11,0,11,111
06/11/2023,ASE,CO,ANM,WE,Combined TRACON& Tower with Radar,32,45,42,0,119,0,0,10,0,10,32,45,52,0,129,18,0,18,147
06/12/2023,ASE,CO,ANM,WE,Combined TRACON& Tower with Radar,29,33,27,0,89,0,0,1,0,1,29,33,28,0,90,5,0,5,95
06/13/2023,ASE,CO,ANM,WE,Combined TRACON& Tower with Radar,33,28,34,0,95,0,0,2,0,2,33,28,36,0,97,8,3,11,108
06/14/2023,ASE,CO,ANM,WE,Combined TRACON& Tower with Radar,33,46,26,2,107,0,0,6,0,6,33,46,32,2,113,17,2,19,132
06/15/2023,ASE,CO,ANM,WE,Combined TRACON& Tower with Radar,31,53,42,0,126,0,1,3,0,4,31,54,45,0,130,8,0,8,138
06/16/2023,ASE,CO,ANM,WE,Combined TRACON& Tower with Radar,32,44,41,0,117,0,0,3,0,3,32,44,44,0,120,20,0,20,140
06/17/2023,ASE,CO,ANM,WE,Combined TRACON& Tower with Radar,36,54,31,0,121,0,0,1,0,1,36,54,32,0,122,15,0,15,137
06/18/2023,ASE,CO,ANM,WE,Combined TRACON& Tower with Radar,32,69,58,0,159,0,0,3,0,3,32,69,61,0,162,19,0,19,181
06/19/2023,ASE,CO,ANM,WE,Combined TRACON& Tower with Radar,33,47,45,0,125,0,0,8,0,8,33,47,53,0,133,11,0,11,144
06/20/2023,ASE,CO,ANM,WE,Combined TRACON& Tower with Radar,36,51,38,2,127,0,0,4,2,6,36,51,42,4,133,4,0,4,137
06/21/2023,ASE,CO,ANM,WE,Combined TRACON& Tower with Radar,32,49,52,0,133,0,0,5,0,5,32,49,57,0,138,38,0,38,176
06/22/2023,ASE,CO,ANM,WE,Combined TRACON& Tower with Radar,33,46,52,0,131,0,0,3,0,3,33,46,55,0,134,0,0,0,134
06/23/2023,ASE,CO,ANM,WE,Combined TRACON& Tower with Radar,33,56,49,1,139,0,0,8,2,10,33,56,57,3,149,17,0,17,166
06/24/2023,ASE,CO,ANM,WE,Combined TRACON& Tower with Radar,39,61,38,0,138,0,0,14,1,15,39,61,52,1,153,25,0,25,178
06/25/2023,ASE,CO,ANM,WE,Combined TRACON& Tower with Radar,34,81,56,0,171,0,0,11,0,11,34,81,67,0,182,44,0,44,226
06/26/2023,ASE,CO,ANM,WE,Combined TRACON& Tower with Radar,39,39,58,1,137,0,0,5,0,5,39,39,63,1,142,15,1,16,158
06/27/2023,ASE,CO,ANM,WE,Combined TRACON& Tower with Radar,39,23,50,1,113,0,0,2,0,2,39,23,52,1,115,6,2,8,123
06/28/2023,ASE,CO,ANM,WE,Combined TRACON& Tower with Radar,34,61,42,0,137,0,0,10,0,10,34,61,52,0,147,18,0,18,165
06/29/2023,ASE,CO,ANM,WE,Combined TRACON& Tower with Radar,29,77,59,0,165,0,0,3,1,4,29,77,62,1,169,14,0,14,183
06/30/2023,ASE,CO,ANM,WE,Combined TRACON& Tower with Radar,34,63,106,0,203,0,0,5,0,5,34,63,111,0,208,8,0,8,216
07/01/2023,ASE,CO,ANM,WE,Combined TRACON& Tower with Radar,33,110,78,0,221,0,0,3,0,3,33,110,81,0,224,14,0,14,238
07/02/2023,ASE,CO,ANM,WE,Combined TRACON& Tower with Radar,32,68,71,0,171,0,0,3,0,3,32,68,74,0,174,18,0,18,192
07/03/2023,ASE,CO,ANM,WE,Combined TRACON& Tower with Radar,33,29,52,0,114,0,0,5,0,5,33,29,57,0,119,27,0,27,146
07/04/2023,ASE,CO,ANM,WE,Combined TRACON& Tower with Radar,30,38,21,0,89,0,0,4,0,4,30,38,25,0,93,15,0,15,108
07/05/2023,ASE,CO,ANM,WE,Combined TRACON& Tower with Radar,33,66,57,0,156,0,0,6,0,6,33,66,63,0,162,15,0,15,177
07/06/2023,ASE,CO,ANM,WE,Combined TRACON& Tower with Radar,30,59,78,2,169,0,0,8,0,8,30,59,86,2,177,28,1,29,206
07/07/2023,ASE,CO,ANM,WE,Combined TRACON& Tower with Radar,33,72,63,0,168,0,0,12,0,12,33,72,75,0,180,43,0,43,223
07/08/2023,ASE,CO,ANM,WE,Combined TRACON& Tower with Radar,39,68,71,0,178,0,0,2,0,2,39,68,73,0,180,23,0,23,203
07/09/2023,ASE,CO,ANM,WE,Combined TRACON& Tower with Radar,34,64,83,0,181,0,0,8,0,8,34,64,91,0,189,9,0,9,198
07/10/2023,ASE,CO,ANM,WE,Combined TRACON& Tower with Radar,37,54,54,0,145,0,0,6,0,6,37,54,60,0,151,15,0,15,166
07/11/2023,ASE,CO,ANM,WE,Combined TRACON& Tower with Radar,36,41,51,0,128,0,0,3,0,3,36,41,54,0,131,16,0,16,147
07/12/2023,ASE,CO,ANM,WE,Combined TRACON& Tower with Radar,36,40,53,0,129,0,0,4,0,4,36,40,57,0,133,25,1,26,159
07/13/2023,ASE,CO,ANM,WE,Combined TRACON& Tower with Radar,36,37,65,0,138,0,1,11,2,14,36,38,76,2,152,40,1,41,193
07/14/2023,ASE,CO,ANM,WE,Combined TRACON& Tower with Radar,37,57,40,0,134,0,0,8,5,13,37,57,48,5,147,32,4,36,183
07/15/2023,ASE,CO,ANM,WE,Combined TRACON& Tower with Radar,39,70,63,0,172,0,0,10,0,10,39,70,73,0,182,22,0,22,204
07/16/2023,ASE,CO,ANM,WE,Combined TRACON& Tower with Radar,32,70,65,0,167,0,0,11,0,11,32,70,76,0,178,33,0,33,211
07/17/2023,ASE,CO,ANM,WE,Combined TRACON& Tower with Radar,34,56,54,0,144,0,0,5,0,5,34,56,59,0,149,11,0,11,160
07/18/2023,ASE,CO,ANM,WE,Combined TRACON& Tower with Radar,36,51,40,1,128,0,0,5,0,5,36,51,45,1,133,33,0,33,166
07/19/2023,ASE,CO,ANM,WE,Combined TRACON& Tower with Radar,37,55,50,3,145,0,0,1,1,2,37,55,51,4,147,6,0,6,153
07/20/2023,ASE,CO,ANM,WE,Combined TRACON& Tower with Radar,37,45,53,5,140,0,0,5,0,5,37,45,58,5,145,14,0,14,159
07/21/2023,ASE,CO,ANM,WE,Combined TRACON& Tower with Radar,39,60,69,5,173,0,0,7,0,7,39,60,76,5,180,13,0,13,193
07/22/2023,ASE,CO,ANM,WE,Combined TRACON& Tower with Radar,40,57,39,1,137,0,0,4,0,4,40,57,43,1,141,10,0,10,151
07/23/2023,ASE,CO,ANM,WE,Combined TRACON& Tower with Radar,38,83,96,1,218,0,0,9,1,10,38,83,105,2,228,10,0,10,238
07/24/2023,ASE,CO,ANM,WE,Combined TRACON& Tower with Radar,24,47,55,0,126,0,0,3,0,3,24,47,58,0,129,3,0,3,132
07/25/2023,ASE,CO,ANM,WE,Combined TRACON& Tower with Radar,38,47,53,0,138,0,1,9,1,11,38,48,62,1,149,6,3,9,158
07/26/2023,ASE,CO,ANM,WE,Combined TRACON& Tower with Radar,39,84,72,0,195,0,0,12,1,13,39,84,84,1,208,21,3,24,232
07/27/2023,ASE,CO,ANM,WE,Combined TRACON& Tower with Radar,36,59,47,0,142,0,0,4,0,4,36,59,51,0,146,5,0,5,151
07/28/2023,ASE,CO,ANM,WE,Combined TRACON& Tower with Radar,40,56,57,0,153,0,0,7,0,7,40,56,64,0,160,10,2,12,172
07/29/2023,ASE,CO,ANM,WE,Combined TRACON& Tower with Radar,36,76,56,0,168,0,0,11,3,14,36,76,67,3,182,10,2,12,194
07/30/2023,ASE,CO,ANM,WE,Combined TRACON& Tower with Radar,36,89,89,0,214,0,0,5,0,5,36,89,94,0,219,4,0,4,223
07/31/2023,ASE,CO,ANM,WE,Combined TRACON& Tower with Radar,39,97,61,0,197,0,0,8,0,8,39,97,69,0,205,20,0,20,225
08/01/2023,ASE,CO,ANM,WE,Combined TRACON& Tower with Radar,34,77,62,0,173,0,0,4,0,4,34,77,66,0,177,12,1,13,190
08/02/2023,ASE,CO,ANM,WE,Combined TRACON& Tower with Radar,39,67,80,0,186,0,0,5,0,5,39,67,85,0,191,33,1,34,225
08/03/2023,ASE,CO,ANM,WE,Combined TRACON& Tower with Radar,38,39,73,0,150,0,0,2,1,3,38,39,75,1,153,31,0,31,184
08/04/2023,ASE,CO,ANM,WE,Combined TRACON& Tower with Radar,39,86,58,2,185,0,0,4,2,6,39,86,62,4,191,19,0,19,210
08/05/2023,ASE,CO,ANM,WE,Combined TRACON& Tower with Radar,39,81,63,1,184,0,0,4,1,5,39,81,67,2,189,27,0,27,216
08/06/2023,ASE,CO,ANM,WE,Combined TRACON& Tower with Radar,35,97,79,5,216,0,0,9,0,9,35,97,88,5,225,13,0,13,238
08/07/2023,ASE,CO,ANM,WE,Combined TRACON& Tower with Radar,37,69,80,0,186,0,0,7,0,7,37,69,87,0,193,19,0,19,212
08/08/2023,ASE,CO,ANM,WE,Combined TRACON& Tower with Radar,39,34,69,0,142,0,0,2,0,2,39,34,71,0,144,13,0,13,157
08/09/2023,ASE,CO,ANM,WE,Combined TRACON& Tower with Radar,37,66,59,0,162,0,0,7,0,7,37,66,66,0,169,22,1,23,192
08/10/2023,ASE,CO,ANM,WE,Combined TRACON& Tower with Radar,37,67,58,0,162,0,0,6,0,6,37,67,64,0,168,27,1,28,196
08/11/2023,ASE,CO,ANM,WE,Combined TRACON& Tower with Radar,38,72,56,0,166,0,0,12,2,14,38,72,68,2,180,21,0,21,201
08/12/2023,ASE,CO,ANM,WE,Combined TRACON& Tower with Radar,37,86,48,0,171,0,1,4,0,5,37,87,52,0,176,14,0,14,190
08/13/2023,ASE,CO,ANM,WE,Combined TRACON& Tower with Radar,40,82,79,0,201,0,0,13,0,13,40,82,92,0,214,23,0,23,237
08/14/2023,ASE,CO,ANM,WE,Combined TRACON& Tower with Radar,37,68,49,0,154,0,0,8,0,8,37,68,57,0,162,23,1,24,186
08/15/2023,ASE,CO,ANM,WE,Combined TRACON& Tower with Radar,37,49,49,0,135,0,0,8,0,8,37,49,57,0,143,20,0,20,163
08/16/2023,ASE,CO,ANM,WE,Combined TRACON& Tower with Radar,38,41,47,0,126,0,0,4,0,4,38,41,51,0,130,18,0,18,148
08/17/2023,ASE,CO,ANM,WE,Combined TRACON& Tower with Radar,37,68,64,0,169,0,0,6,0,6,37,68,70,0,175,14,0,14,189
08/18/2023,ASE,CO,ANM,WE,Combined TRACON& Tower with Radar,32,56,46,0,134,0,0,6,0,6,32,56,52,0,140,39,0,39,179
08/19/2023,ASE,CO,ANM,WE,Combined TRACON& Tower with Radar,38,87,39,0,164,0,0,7,0,7,38,87,46,0,171,6,0,6,177
08/20/2023,ASE,CO,ANM,WE,Combined TRACON& Tower with Radar,33,61,58,0,152,0,0,8,0,8,33,61,66,0,160,16,0,16,176
08/21/2023,ASE,CO,ANM,WE,Combined TRACON& Tower with Radar,33,46,41,0,120,0,0,7,0,7,33,46,48,0,127,4,0,4,131
08/22/2023,ASE,CO,ANM,WE,Combined TRACON& Tower with Radar,39,57,40,0,136,0,0,6,0,6,39,57,46,0,142,16,3,19,161
08/23/2023,ASE,CO,ANM,WE,Combined TRACON& Tower with Radar,38,37,42,0,117,0,0,4,0,4,38,37,46,0,121,37,0,37,158
08/24/2023,ASE,CO,ANM,WE,Combined TRACON& Tower with Radar,34,56,46,0,136,0,0,3,0,3,34,56,49,0,139,17,0,17,156
08/25/2023,ASE,CO,ANM,WE,Combined TRACON& Tower with Radar,34,45,49,0,128,0,0,4,0,4,34,45,53,0,132,1,0,1,133
08/26/2023,ASE,CO,ANM,WE,Combined TRACON& Tower with Radar,40,51,40,0,131,0,2,5,0,7,40,53,45,0,138,23,0,23,161
08/27/2023,ASE,CO,ANM,WE,Combined TRACON& Tower with Radar,33,52,58,0,143,0,0,6,0,6,33,52,64,0,149,11,0,11,160
08/28/2023,ASE,CO,ANM,WE,Combined TRACON& Tower with Radar,37,41,41,0,119,0,1,5,0,6,37,42,46,0,125,10,0,10,135
08/29/2023,ASE,CO,ANM,WE,Combined TRACON& Tower with Radar,36,38,47,0,121,0,0,2,0,2,36,38,49,0,123,33,0,33,156
08/30/2023,ASE,CO,ANM,WE,Combined TRACON& Tower with Radar,40,50,63,2,155,0,0,5,0,5,40,50,68,2,160,35,0,35,195
08/31/2023,ASE,CO,ANM,WE,Combined TRACON& Tower with Radar,36,88,86,2,212,0,1,9,0,10,36,89,95,2,222,16,0,16,238
