01/01/2020,BGM,NY,AEA,EN,Combined TRACON& Tower with Radar,0,4,2,0,6,0,0,4,0,4,0,4,6,0,10,0,0,0,10
01/02/2020,BGM,NY,AEA,EN,Combined TRACON& Tower with Radar,0,6,6,0,12,0,0,23,0,23,0,6,29,0,35,18,0,18,53
01/03/2020,BGM,NY,AEA,EN,Combined TRACON& Tower with Radar,0,8,7,0,15,0,0,0,0,0,0,8,7,0,15,4,0,4,19
01/04/2020,BGM,NY,AEA,EN,Combined TRACON& Tower with Radar,0,7,0,0,7,0,0,0,0,0,0,7,0,0,7,0,0,0,7
01/05/2020,BGM,NY,AEA,EN,Combined TRACON& Tower with Radar,0,4,0,0,4,0,0,0,0,0,0,4,0,0,4,0,0,0,4
01/06/2020,BGM,NY,AEA,EN,Combined TRACON& Tower with Radar,0,4,5,4,13,0,0,10,0,10,0,4,15,4,23,14,0,14,37
01/07/2020,BGM,NY,AEA,EN,Combined TRACON& Tower with Radar,0,6,18,0,24,0,0,17,0,17,0,6,35,0,41,20,0,20,61
01/08/2020,BGM,NY,AEA,EN,Combined TRACON& Tower with Radar,0,4,3,0,7,0,0,2,0,2,0,4,5,0,9,0,0,0,9
01/09/2020,BGM,NY,AEA,EN,Combined TRACON& Tower with Radar,0,4,11,0,15,0,0,31,0,31,0,4,42,0,46,16,0,16,62
01/10/2020,BGM,NY,AEA,EN,Combined TRACON& Tower with Radar,0,3,5,0,8,0,0,0,0,0,0,3,5,0,8,8,0,8,16
01/11/2020,BGM,NY,AEA,EN,Combined TRACON& Tower with Radar,0,2,11,0,13,0,0,0,0,0,0,2,11,0,13,0,0,0,13
01/12/2020,BGM,NY,AEA,EN,Combined TRACON& Tower with Radar,0,3,10,0,13,0,0,6,0,6,0,3,16,0,19,0,0,0,19
01/13/2020,BGM,NY,AEA,EN,Combined TRACON& Tower with Radar,0,4,4,0,8,0,0,30,0,30,0,4,34,0,38,20,0,20,58
01/14/2020,BGM,NY,AEA,EN,Combined TRACON& Tower with Radar,0,4,20,0,24,0,0,15,0,15,0,4,35,0,39,20,0,20,59
01/15/2020,BGM,NY,AEA,EN,Combined TRACON& Tower with Radar,0,4,10,8,22,0,0,15,0,15,0,4,25,8,37,4,0,4,41
01/16/2020,BGM,NY,AEA,EN,Combined TRACON& Tower with Radar,0,5,3,0,8,0,0,0,0,0,0,5,3,0,8,0,0,0,8
01/17/2020,BGM,NY,AEA,EN,Combined TRACON& Tower with Radar,0,7,13,0,20,0,0,22,0,22,0,7,35,0,42,10,0,10,52
01/18/2020,BGM,NY,AEA,EN,Combined TRACON& Tower with Radar,0,2,0,0,2,0,0,4,0,4,0,2,4,0,6,0,0,0,6
01/19/2020,BGM,NY,AEA,EN,Combined TRACON& Tower with Radar,0,6,9,0,15,0,0,0,0,0,0,6,9,0,15,0,0,0,15
01/20/2020,BGM,NY,AEA,EN,Combined TRACON& Tower with Radar,0,4,5,0,9,0,0,10,0,10,0,4,15,0,19,6,0,6,25
01/21/2020,BGM,NY,AEA,EN,Combined TRACON& Tower with Radar,0,11,8,0,19,0,0,9,0,9,0,11,17,0,28,33,0,33,61
01/22/2020,BGM,NY,AEA,EN,Combined TRACON& Tower with Radar,0,4,20,0,24,0,0,32,0,32,0,4,52,0,56,34,0,34,90
01/23/2020,BGM,NY,AEA,EN,Combined TRACON& Tower with Radar,0,3,15,0,18,0,0,11,0,11,0,3,26,0,29,4,0,4,33
01/24/2020,BGM,NY,AEA,EN,Combined TRACON& Tower with Radar,0,3,15,0,18,0,0,29,2,31,0,3,44,2,49,12,0,12,61
01/25/2020,BGM,NY,AEA,EN,Combined TRACON& Tower with Radar,0,3,0,0,3,0,0,0,0,0,0,3,0,0,3,0,0,0,3
01/26/2020,BGM,NY,AEA,EN,Combined TRACON& Tower with Radar,0,5,2,0,7,0,0,0,0,0,0,5,2,0,7,34,0,34,41
01/27/2020,BGM,NY,AEA,EN,Combined TRACON& Tower with Radar,0,6,4,0,10,0,0,0,0,0,0,6,4,0,10,0,0,0,10
01/28/2020,BGM,NY,AEA,EN,Combined TRACON& Tower with Radar,0,6,10,0,16,0,0,1,0,1,0,6,11,0,17,0,0,0,17
01/29/2020,BGM,NY,AEA,EN,Combined TRACON& Tower with Radar,0,6,15,0,21,0,0,10,0,10,0,6,25,0,31,36,0,36,67
01/30/2020,BGM,NY,AEA,EN,Combined TRACON& Tower with Radar,0,7,8,5,20,0,1,23,5,29,0,8,31,10,49,16,14,30,79
01/31/2020,BGM,NY,AEA,EN,Combined TRACON& Tower with Radar,0,3,9,0,12,0,0,17,0,17,0,3,26,0,29,0,0,0,29
02/01/2020,BGM,NY,AEA,EN,Combined TRACON& Tower with Radar,0,2,1,0,3,0,0,0,0,0,0,2,1,0,3,4,0,4,7
02/02/2020,BGM,NY,AEA,EN,Combined TRACON& Tower with Radar,0,6,5,0,11,0,0,0,0,0,0,6,5,0,11,0,0,0,11
02/03/2020,BGM,NY,AEA,EN,Combined TRACON& Tower with Radar,0,6,4,0,10,0,1,17,0,18,0,7,21,0,28,8,0,8,36
02/04/2020,BGM,NY,AEA,EN,Combined TRACON& Tower with Radar,0,6,3,0,9,0,0,0,0,0,0,6,3,0,9,0,0,0,9
02/05/2020,BGM,NY,AEA,EN,Combined TRACON& Tower with Radar,0,3,8,0,11,0,0,12,0,12,0,3,20,0,23,26,0,26,49
02/06/2020,BGM,NY,AEA,EN,Combined TRACON& Tower with Radar,0,0,0,0,0,0,0,0,0,0,0,0,0,0,0,0,0,0,0
02/07/2020,BGM,NY,AEA,EN,Combined TRACON& Tower with Radar,0,0,0,0,0,0,0,0,0,0,0,0,0,0,0,0,0,0,0
02/08/2020,BGM,NY,AEA,EN,Combined TRACON& Tower with Radar,0,1,0,0,1,0,0,4,0,4,0,1,4,0,5,0,0,0,5
02/09/2020,BGM,NY,AEA,EN,Combined TRACON& Tower with Radar,0,4,6,0,10,0,0,8,0,8,0,4,14,0,18,4,0,4,22
02/10/2020,BGM,NY,AEA,EN,Combined TRACON& Tower with Radar,0,6,9,0,15,0,0,0,0,0,0,6,9,0,15,0,0,0,15
02/11/2020,BGM,NY,AEA,EN,Combined TRACON& Tower with Radar,0,5,6,3,14,0,0,0,0,0,0,5,6,3,14,0,0,0,14
02/12/2020,BGM,NY,AEA,EN,Combined TRACON& Tower with Radar,0,2,8,1,11,0,0,15,3,18,0,2,23,4,29,20,0,20,49
02/13/2020,BGM,NY,AEA,EN,Combined TRACON& Tower with Radar,0,4,7,0,11,0,0,0,0,0,0,4,7,0,11,0,0,0,11
02/14/2020,BGM,NY,AEA,EN,Combined TRACON& Tower with Radar,0,4,10,0,14,0,0,7,0,7,0,4,17,0,21,18,0,18,39
02/15/2020,BGM,NY,AEA,EN,Combined TRACON& Tower with Radar,0,4,6,0,10,0,0,35,0,35,0,4,41,0,45,24,0,24,69
02/16/2020,BGM,NY,AEA,EN,Combined TRACON& Tower with Radar,0,3,4,0,7,0,0,19,0,19,0,3,23,0,26,0,0,0,26
02/17/2020,BGM,NY,AEA,EN,Combined TRACON& Tower with Radar,0,4,7,0,11,0,0,16,0,16,0,4,23,0,27,0,0,0,27
02/18/2020,BGM,NY,AEA,EN,Combined TRACON& Tower with Radar,0,4,2,0,6,0,0,0,0,0,0,4,2,0,6,0,0,0,6
02/19/2020,BGM,NY,AEA,EN,Combined TRACON& Tower with Radar,0,6,1,0,7,0,0,2,0,2,0,6,3,0,9,0,0,0,9
02/20/2020,BGM,NY,AEA,EN,Combined TRACON& Tower with Radar,0,4,6,2,12,0,0,16,0,16,0,4,22,2,28,14,0,14,42
02/21/2020,BGM,NY,AEA,EN,Combined TRACON& Tower with Radar,0,5,7,0,12,0,0,20,1,21,0,5,27,1,33,22,0,22,55
02/22/2020,BGM,NY,AEA,EN,Combined TRACON& Tower with Radar,0,5,6,0,11,0,0,17,0,17,0,5,23,0,28,6,0,6,34
02/23/2020,BGM,NY,AEA,EN,Combined TRACON& Tower with Radar,0,3,14,0,17,0,0,35,0,35,0,3,49,0,52,2,0,2,54
02/24/2020,BGM,NY,AEA,EN,Combined TRACON& Tower with Radar,0,8,8,0,16,0,0,9,0,9,0,8,17,0,25,0,0,0,25
02/25/2020,BGM,NY,AEA,EN,Combined TRACON& Tower with Radar,0,8,15,0,23,0,0,6,0,6,0,8,21,0,29,9,0,9,38
02/26/2020,BGM,NY,AEA,EN,Combined TRACON& Tower with Radar,0,5,12,0,17,0,0,0,0,0,0,5,12,0,17,0,0,0,17
02/27/2020,BGM,NY,AEA,EN,Combined TRACON& Tower with Radar,4,2,4,0,10,0,0,0,0,0,4,2,4,0,10,0,0,0,10
02/28/2020,BGM,NY,AEA,EN,Combined TRACON& Tower with Radar,0,5,4,0,9,0,0,6,0,6,0,5,10,0,15,4,0,4,19
02/29/2020,BGM,NY,AEA,EN,Combined TRACON& Tower with Radar,0,2,2,0,4,0,0,0,0,0,0,2,2,0,4,0,0,0,4
03/01/2020,BGM,NY,AEA,EN,Combined TRACON& Tower with Radar,0,4,12,0,16,0,0,23,0,23,0,4,35,0,39,2,0,2,41
03/02/2020,BGM,NY,AEA,EN,Combined TRACON& Tower with Radar,0,3,7,0,10,0,2,13,0,15,0,5,20,0,25,0,0,0,25
03/03/2020,BGM,NY,AEA,EN,Combined TRACON& Tower with Radar,0,4,6,0,10,0,0,3,0,3,0,4,9,0,13,0,0,0,13
03/04/2020,BGM,NY,AEA,EN,Combined TRACON& Tower with Radar,0,6,7,0,13,0,4,0,0,4,0,10,7,0,17,0,0,0,17
03/05/2020,BGM,NY,AEA,EN,Combined TRACON& Tower with Radar,0,4,10,0,14,0,0,19,0,19,0,4,29,0,33,10,0,10,43
03/06/2020,BGM,NY,AEA,EN,Combined TRACON& Tower with Radar,0,3,2,0,5,0,0,8,0,8,0,3,10,0,13,0,0,0,13
03/07/2020,BGM,NY,AEA,EN,Combined TRACON& Tower with Radar,0,2,4,0,6,0,0,13,0,13,0,2,17,0,19,14,0,14,33
03/08/2020,BGM,NY,AEA,EN,Combined TRACON& Tower with Radar,2,3,18,0,23,0,0,43,0,43,2,3,61,0,66,10,0,10,76
03/09/2020,BGM,NY,AEA,EN,Combined TRACON& Tower with Radar,0,4,8,0,12,0,0,20,0,20,0,4,28,0,32,12,0,12,44
03/10/2020,BGM,NY,AEA,EN,Combined TRACON& Tower with Radar,0,7,8,0,15,0,0,0,0,0,0,7,8,0,15,0,0,0,15
03/11/2020,BGM,NY,AEA,EN,Combined TRACON& Tower with Radar,2,4,4,0,10,0,0,9,0,9,2,4,13,0,19,33,0,33,52
03/12/2020,BGM,NY,AEA,EN,Combined TRACON& Tower with Radar,0,5,9,0,14,0,0,11,0,11,0,5,20,0,25,41,0,41,66
03/13/2020,BGM,NY,AEA,EN,Combined TRACON& Tower with Radar,0,4,3,0,7,0,0,5,0,5,0,4,8,0,12,0,0,0,12
03/14/2020,BGM,NY,AEA,EN,Combined TRACON& Tower with Radar,0,4,3,0,7,0,0,19,0,19,0,4,22,0,26,6,0,6,32
03/15/2020,BGM,NY,AEA,EN,Combined TRACON& Tower with Radar,0,4,9,0,13,0,0,37,0,37,0,4,46,0,50,12,0,12,62
03/16/2020,BGM,NY,AEA,EN,Combined TRACON& Tower with Radar,0,6,2,0,8,0,0,12,0,12,0,6,14,0,20,6,0,6,26
03/17/2020,BGM,NY,AEA,EN,Combined TRACON& Tower with Radar,0,4,1,2,7,0,0,3,0,3,0,4,4,2,10,0,0,0,10
03/18/2020,BGM,NY,AEA,EN,Combined TRACON& Tower with Radar,0,4,8,0,12,0,0,23,0,23,0,4,31,0,35,6,0,6,41
03/19/2020,BGM,NY,AEA,EN,Combined TRACON& Tower with Radar,0,6,4,0,10,0,0,0,0,0,0,6,4,0,10,0,0,0,10
03/20/2020,BGM,NY,AEA,EN,Combined TRACON& Tower with Radar,0,4,5,0,9,0,0,0,0,0,0,4,5,0,9,0,0,0,9
03/21/2020,BGM,NY,AEA,EN,Combined TRACON& Tower with Radar,0,4,0,0,4,0,0,6,0,6,0,4,6,0,10,2,0,2,12
03/22/2020,BGM,NY,AEA,EN,Combined TRACON& Tower with Radar,0,4,1,0,5,0,0,24,0,24,0,4,25,0,29,0,0,0,29
03/23/2020,BGM,NY,AEA,EN,Combined TRACON& Tower with Radar,0,6,2,0,8,0,0,10,0,10,0,6,12,0,18,0,0,0,18
03/24/2020,BGM,NY,AEA,EN,Combined TRACON& Tower with Radar,0,4,0,0,4,0,0,0,0,0,0,4,0,0,4,0,0,0,4
03/25/2020,BGM,NY,AEA,EN,Combined TRACON& Tower with Radar,0,4,0,0,4,0,1,0,0,1,0,5,0,0,5,0,0,0,5
03/26/2020,BGM,NY,AEA,EN,Combined TRACON& Tower with Radar,0,4,3,0,7,0,0,15,0,15,0,4,18,0,22,0,0,0,22
03/27/2020,BGM,NY,AEA,EN,Combined TRACON& Tower with Radar,0,3,9,0,12,0,0,13,0,13,0,3,22,0,25,0,0,0,25
03/28/2020,BGM,NY,AEA,EN,Combined TRACON& Tower with Radar,0,2,0,0,2,0,0,0,0,0,0,2,0,0,2,2,0,2,4
03/29/2020,BGM,NY,AEA,EN,Combined TRACON& Tower with Radar,0,2,0,0,2,0,0,0,0,0,0,2,0,0,2,0,0,0,2
03/30/2020,BGM,NY,AEA,EN,Combined TRACON& Tower with Radar,0,2,0,0,2,0,0,0,0,0,0,2,0,0,2,0,0,0,2
03/31/2020,BGM,NY,AEA,EN,Combined TRACON& Tower with Radar,0,2,3,0,5,0,0,1,0,1,0,2,4,0,6,0,0,0,6
04/01/2020,BGM,NY,AEA,EN,Combined TRACON& Tower with Radar,0,4,5,0,9,0,0,4,0,4,0,4,9,0,13,0,0,0,13
04/02/2020,BGM,NY,AEA,EN,Combined TRACON& Tower with Radar,0,2,1,0,3,0,0,5,0,5,0,2,6,0,8,0,0,0,8
04/03/2020,BGM,NY,AEA,EN,Combined TRACON& Tower with Radar,0,2,2,0,4,0,0,0,0,0,0,2,2,0,4,0,0,0,4
04/04/2020,BGM,NY,AEA,EN,Combined TRACON& Tower with Radar,0,2,17,0,19,0,0,0,0,0,0,2,17,0,19,0,0,0,19
04/05/2020,BGM,NY,AEA,EN,Combined TRACON& Tower with Radar,0,2,1,0,3,0,0,10,0,10,0,2,11,0,13,0,0,0,13
04/06/2020,BGM,NY,AEA,EN,Combined TRACON& Tower with Radar,0,0,3,4,7,0,0,10,0,10,0,0,13,4,17,18,0,18,35
04/07/2020,BGM,NY,AEA,EN,Combined TRACON& Tower with Radar,0,2,8,0,10,0,0,17,0,17,0,2,25,0,27,0,0,0,27
04/08/2020,BGM,NY,AEA,EN,Combined TRACON& Tower with Radar,0,2,3,0,5,0,0,3,0,3,0,2,6,0,8,0,0,0,8
04/09/2020,BGM,NY,AEA,EN,Combined TRACON& Tower with Radar,0,2,0,0,2,0,0,0,0,0,0,2,0,0,2,0,0,0,2
04/10/2020,BGM,NY,AEA,EN,Combined TRACON& Tower with Radar,0,2,0,0,2,0,0,0,0,0,0,2,0,0,2,0,0,0,2
04/11/2020,BGM,NY,AEA,EN,Combined TRACON& Tower with Radar,0,2,2,0,4,0,0,7,0,7,0,2,9,0,11,0,0,0,11
04/12/2020,BGM,NY,AEA,EN,Combined TRACON& Tower with Radar,0,2,7,0,9,0,0,9,0,9,0,2,16,0,18,0,0,0,18
04/13/2020,BGM,NY,AEA,EN,Combined TRACON& Tower with Radar,0,4,0,0,4,0,0,0,0,0,0,4,0,0,4,0,0,0,4
04/14/2020,BGM,NY,AEA,EN,Combined TRACON& Tower with Radar,0,2,5,0,7,0,0,16,0,16,0,2,21,0,23,8,0,8,31
04/15/2020,BGM,NY,AEA,EN,Combined TRACON& Tower with Radar,0,2,6,0,8,0,0,6,0,6,0,2,12,0,14,12,0,12,26
04/16/2020,BGM,NY,AEA,EN,Combined TRACON& Tower with Radar,0,2,4,0,6,0,0,3,0,3,0,2,7,0,9,0,0,0,9
04/17/2020,BGM,NY,AEA,EN,Combined TRACON& Tower with Radar,0,2,8,0,10,0,0,11,0,11,0,2,19,0,21,6,0,6,27
04/18/2020,BGM,NY,AEA,EN,Combined TRACON& Tower with Radar,0,2,1,0,3,0,0,5,0,5,0,2,6,0,8,4,0,4,12
04/19/2020,BGM,NY,AEA,EN,Combined TRACON& Tower with Radar,0,2,4,0,6,0,0,6,0,6,0,2,10,0,12,2,0,2,14
04/20/2020,BGM,NY,AEA,EN,Combined TRACON& Tower with Radar,0,2,5,0,7,0,0,16,2,18,0,2,21,2,25,24,0,24,49
04/21/2020,BGM,NY,AEA,EN,Combined TRACON& Tower with Radar,0,2,2,0,4,0,0,0,0,0,0,2,2,0,4,0,0,0,4
04/22/2020,BGM,NY,AEA,EN,Combined TRACON& Tower with Radar,0,2,0,0,2,0,0,0,3,3,0,2,0,3,5,0,0,0,5
04/23/2020,BGM,NY,AEA,EN,Combined TRACON& Tower with Radar,0,2,0,0,2,0,0,1,0,1,0,2,1,0,3,0,0,0,3
04/24/2020,BGM,NY,AEA,EN,Combined TRACON& Tower with Radar,0,2,6,0,8,0,0,0,0,0,0,2,6,0,8,0,0,0,8
04/25/2020,BGM,NY,AEA,EN,Combined TRACON& Tower with Radar,0,2,11,0,13,0,0,27,0,27,0,2,38,0,40,2,0,2,42
04/26/2020,BGM,NY,AEA,EN,Combined TRACON& Tower with Radar,0,2,0,0,2,0,0,0,0,0,0,2,0,0,2,0,0,0,2
04/27/2020,BGM,NY,AEA,EN,Combined TRACON& Tower with Radar,0,2,0,0,2,0,0,0,0,0,0,2,0,0,2,0,0,0,2
04/28/2020,BGM,NY,AEA,EN,Combined TRACON& Tower with Radar,0,2,10,0,12,0,0,33,0,33,0,2,43,0,45,30,0,30,75
04/29/2020,BGM,NY,AEA,EN,Combined TRACON& Tower with Radar,0,2,0,0,2,0,0,4,0,4,0,2,4,0,6,0,0,0,6
04/30/2020,BGM,NY,AEA,EN,Combined TRACON& Tower with Radar,0,2,4,0,6,0,0,0,0,0,0,2,4,0,6,0,0,0,6
05/01/2020,BGM,NY,AEA,EN,Combined TRACON& Tower with Radar,0,2,11,0,13,0,0,4,0,4,0,2,15,0,17,0,0,0,17
05/02/2020,BGM,NY,AEA,EN,Combined TRACON& Tower with Radar,0,2,9,0,11,0,0,25,0,25,0,2,34,0,36,0,0,0,36
05/03/2020,BGM,NY,AEA,EN,Combined TRACON& Tower with Radar,0,2,6,0,8,0,1,19,0,20,0,3,25,0,28,2,0,2,30
05/04/2020,BGM,NY,AEA,EN,Combined TRACON& Tower with Radar,0,2,1,0,3,0,0,0,0,0,0,2,1,0,3,0,0,0,3
05/05/2020,BGM,NY,AEA,EN,Combined TRACON& Tower with Radar,0,0,4,0,4,0,0,21,0,21,0,0,25,0,25,10,0,10,35
05/06/2020,BGM,NY,AEA,EN,Combined TRACON& Tower with Radar,0,2,4,0,6,0,0,4,0,4,0,2,8,0,10,0,0,0,10
05/07/2020,BGM,NY,AEA,EN,Combined TRACON& Tower with Radar,0,2,4,0,6,0,0,14,0,14,0,2,18,0,20,8,0,8,28
05/08/2020,BGM,NY,AEA,EN,Combined TRACON& Tower with Radar,0,2,1,0,3,0,0,0,0,0,0,2,1,0,3,0,0,0,3
05/09/2020,BGM,NY,AEA,EN,Combined TRACON& Tower with Radar,0,2,1,0,3,0,0,0,0,0,0,2,1,0,3,0,0,0,3
05/10/2020,BGM,NY,AEA,EN,Combined TRACON& Tower with Radar,0,0,6,0,6,0,0,6,0,6,0,0,12,0,12,0,0,0,12
05/11/2020,BGM,NY,AEA,EN,Combined TRACON& Tower with Radar,0,2,4,0,6,0,0,0,0,0,0,2,4,0,6,0,0,0,6
05/12/2020,BGM,NY,AEA,EN,Combined TRACON& Tower with Radar,0,3,2,0,5,0,2,6,0,8,0,5,8,0,13,0,0,0,13
05/13/2020,BGM,NY,AEA,EN,Combined TRACON& Tower with Radar,0,3,18,0,21,0,0,25,0,25,0,3,43,0,46,0,0,0,46
05/14/2020,BGM,NY,AEA,EN,Combined TRACON& Tower with Radar,0,0,2,0,2,0,0,4,0,4,0,0,6,0,6,16,0,16,22
05/15/2020,BGM,NY,AEA,EN,Combined TRACON& Tower with Radar,0,6,2,0,8,0,0,5,0,5,0,6,7,0,13,8,0,8,21
05/16/2020,BGM,NY,AEA,EN,Combined TRACON& Tower with Radar,0,0,14,0,14,0,0,21,0,21,0,0,35,0,35,24,0,24,59
05/17/2020,BGM,NY,AEA,EN,Combined TRACON& Tower with Radar,0,4,3,0,7,0,0,13,0,13,0,4,16,0,20,8,0,8,28
05/18/2020,BGM,NY,AEA,EN,Combined TRACON& Tower with Radar,0,2,2,2,6,0,0,2,0,2,0,2,4,2,8,0,0,0,8
05/19/2020,BGM,NY,AEA,EN,Combined TRACON& Tower with Radar,0,0,2,2,4,0,0,17,0,17,0,0,19,2,21,8,0,8,29
05/20/2020,BGM,NY,AEA,EN,Combined TRACON& Tower with Radar,0,2,8,0,10,0,0,19,1,20,0,2,27,1,30,10,0,10,40
05/21/2020,BGM,NY,AEA,EN,Combined TRACON& Tower with Radar,0,0,10,0,10,0,0,13,1,14,0,0,23,1,24,0,0,0,24
05/22/2020,BGM,NY,AEA,EN,Combined TRACON& Tower with Radar,0,2,4,0,6,0,0,6,0,6,0,2,10,0,12,4,0,4,16
05/23/2020,BGM,NY,AEA,EN,Combined TRACON& Tower with Radar,0,2,9,0,11,0,0,8,0,8,0,2,17,0,19,0,0,0,19
05/24/2020,BGM,NY,AEA,EN,Combined TRACON& Tower with Radar,0,0,2,0,2,0,0,6,0,6,0,0,8,0,8,10,0,10,18
05/25/2020,BGM,NY,AEA,EN,Combined TRACON& Tower with Radar,0,2,4,0,6,0,0,4,0,4,0,2,8,0,10,44,0,44,54
05/26/2020,BGM,NY,AEA,EN,Combined TRACON& Tower with Radar,0,4,2,0,6,0,0,6,3,9,0,4,8,3,15,20,0,20,35
05/27/2020,BGM,NY,AEA,EN,Combined TRACON& Tower with Radar,0,2,13,2,17,0,0,13,1,14,0,2,26,3,31,3,0,3,34
05/28/2020,BGM,NY,AEA,EN,Combined TRACON& Tower with Radar,0,2,10,0,12,0,0,0,1,1,0,2,10,1,13,0,0,0,13
05/29/2020,BGM,NY,AEA,EN,Combined TRACON& Tower with Radar,0,2,7,0,9,0,0,4,0,4,0,2,11,0,13,6,0,6,19
05/30/2020,BGM,NY,AEA,EN,Combined TRACON& Tower with Radar,0,2,10,2,14,0,0,14,0,14,0,2,24,2,28,24,0,24,52
05/31/2020,BGM,NY,AEA,EN,Combined TRACON& Tower with Radar,0,2,3,0,5,0,0,12,0,12,0,2,15,0,17,2,0,2,19
06/01/2020,BGM,NY,AEA,EN,Combined TRACON& Tower with Radar,0,2,3,0,5,0,0,7,0,7,0,2,10,0,12,0,0,0,12
06/02/2020,BGM,NY,AEA,EN,Combined TRACON& Tower with Radar,0,2,4,0,6,0,0,11,0,11,0,2,15,0,17,0,0,0,17
06/03/2020,BGM,NY,AEA,EN,Combined TRACON& Tower with Radar,0,2,0,0,2,0,0,3,0,3,0,2,3,0,5,0,0,0,5
06/04/2020,BGM,NY,AEA,EN,Combined TRACON& Tower with Radar,0,0,18,0,18,0,0,14,0,14,0,0,32,0,32,16,0,16,48
06/05/2020,BGM,NY,AEA,EN,Combined TRACON& Tower with Radar,0,3,18,0,21,0,0,14,0,14,0,3,32,0,35,0,0,0,35
06/06/2020,BGM,NY,AEA,EN,Combined TRACON& Tower with Radar,0,3,15,0,18,0,0,9,0,9,0,3,24,0,27,8,0,8,35
06/07/2020,BGM,NY,AEA,EN,Combined TRACON& Tower with Radar,0,2,9,0,11,0,0,9,0,9,0,2,18,0,20,12,0,12,32
06/08/2020,BGM,NY,AEA,EN,Combined TRACON& Tower with Radar,0,3,4,0,7,0,0,23,0,23,0,3,27,0,30,6,0,6,36
06/09/2020,BGM,NY,AEA,EN,Combined TRACON& Tower with Radar,0,3,8,2,13,0,0,17,3,20,0,3,25,5,33,18,6,24,57
06/10/2020,BGM,NY,AEA,EN,Combined TRACON& Tower with Radar,0,2,5,0,7,0,0,5,0,5,0,2,10,0,12,32,0,32,44
06/11/2020,BGM,NY,AEA,EN,Combined TRACON& Tower with Radar,0,4,2,0,6,0,0,6,0,6,0,4,8,0,12,0,0,0,12
06/12/2020,BGM,NY,AEA,EN,Combined TRACON& Tower with Radar,0,0,4,0,4,0,0,13,0,13,0,0,17,0,17,2,0,2,19
06/13/2020,BGM,NY,AEA,EN,Combined TRACON& Tower with Radar,0,0,17,0,17,0,0,28,0,28,0,0,45,0,45,0,0,0,45
06/14/2020,BGM,NY,AEA,EN,Combined TRACON& Tower with Radar,0,2,10,0,12,0,0,18,0,18,0,2,28,0,30,28,0,28,58
06/15/2020,BGM,NY,AEA,EN,Combined TRACON& Tower with Radar,0,2,6,0,8,0,0,14,0,14,0,2,20,0,22,14,0,14,36
06/16/2020,BGM,NY,AEA,EN,Combined TRACON& Tower with Radar,0,3,9,0,12,0,0,14,0,14,0,3,23,0,26,0,0,0,26
06/17/2020,BGM,NY,AEA,EN,Combined TRACON& Tower with Radar,0,1,8,3,12,0,0,17,0,17,0,1,25,3,29,14,0,14,43
06/18/2020,BGM,NY,AEA,EN,Combined TRACON& Tower with Radar,0,6,8,0,14,0,0,14,0,14,0,6,22,0,28,24,0,24,52
06/19/2020,BGM,NY,AEA,EN,Combined TRACON& Tower with Radar,0,2,14,0,16,0,0,12,2,14,0,2,26,2,30,32,0,32,62
06/20/2020,BGM,NY,AEA,EN,Combined TRACON& Tower with Radar,0,2,4,0,6,0,0,20,0,20,0,2,24,0,26,0,0,0,26
06/21/2020,BGM,NY,AEA,EN,Combined TRACON& Tower with Radar,0,2,5,0,7,0,0,12,0,12,0,2,17,0,19,10,0,10,29
06/22/2020,BGM,NY,AEA,EN,Combined TRACON& Tower with Radar,0,2,3,0,5,0,0,10,0,10,0,2,13,0,15,0,0,0,15
06/23/2020,BGM,NY,AEA,EN,Combined TRACON& Tower with Radar,0,2,1,0,3,0,0,6,0,6,0,2,7,0,9,12,0,12,21
06/24/2020,BGM,NY,AEA,EN,Combined TRACON& Tower with Radar,0,3,11,6,20,0,0,6,0,6,0,3,17,6,26,18,0,18,44
06/25/2020,BGM,NY,AEA,EN,Combined TRACON& Tower with Radar,0,3,2,0,5,0,0,7,0,7,0,3,9,0,12,30,0,30,42
06/26/2020,BGM,NY,AEA,EN,Combined TRACON& Tower with Radar,0,4,13,0,17,0,0,19,0,19,0,4,32,0,36,12,0,12,48
06/27/2020,BGM,NY,AEA,EN,Combined TRACON& Tower with Radar,0,2,8,0,10,0,0,0,0,0,0,2,8,0,10,0,0,0,10
06/28/2020,BGM,NY,AEA,EN,Combined TRACON& Tower with Radar,0,3,3,0,6,0,0,4,0,4,0,3,7,0,10,4,0,4,14
06/29/2020,BGM,NY,AEA,EN,Combined TRACON& Tower with Radar,0,2,8,4,14,0,2,12,0,14,0,4,20,4,28,8,12,20,48
06/30/2020,BGM,NY,AEA,EN,Combined TRACON& Tower with Radar,0,2,16,4,22,0,0,10,0,10,0,2,26,4,32,6,0,6,38
07/01/2020,BGM,NY,AEA,EN,Combined TRACON& Tower with Radar,0,5,10,0,15,0,0,2,0,2,0,5,12,0,17,0,0,0,17
07/02/2020,BGM,NY,AEA,EN,Combined TRACON& Tower with Radar,0,2,6,0,8,0,0,24,0,24,0,2,30,0,32,14,0,14,46
07/03/2020,BGM,NY,AEA,EN,Combined TRACON& Tower with Radar,0,3,5,0,8,0,0,18,0,18,0,3,23,0,26,20,0,20,46
07/04/2020,BGM,NY,AEA,EN,Combined TRACON& Tower with Radar,0,2,4,0,6,0,0,13,0,13,0,2,17,0,19,0,0,0,19
07/05/2020,BGM,NY,AEA,EN,Combined TRACON& Tower with Radar,0,4,5,0,9,0,0,11,0,11,0,4,16,0,20,0,0,0,20
07/06/2020,BGM,NY,AEA,EN,Combined TRACON& Tower with Radar,0,2,6,0,8,0,0,21,0,21,0,2,27,0,29,2,0,2,31
07/07/2020,BGM,NY,AEA,EN,Combined TRACON& Tower with Radar,0,2,6,0,8,0,0,5,0,5,0,2,11,0,13,20,0,20,33
07/08/2020,BGM,NY,AEA,EN,Combined TRACON& Tower with Radar,0,3,10,0,13,0,0,13,0,13,0,3,23,0,26,32,0,32,58
07/09/2020,BGM,NY,AEA,EN,Combined TRACON& Tower with Radar,0,4,10,0,14,0,0,14,0,14,0,4,24,0,28,12,0,12,40
07/10/2020,BGM,NY,AEA,EN,Combined TRACON& Tower with Radar,0,2,5,0,7,0,0,19,0,19,0,2,24,0,26,18,0,18,44
07/11/2020,BGM,NY,AEA,EN,Combined TRACON& Tower with Radar,0,2,0,0,2,0,0,0,0,0,0,2,0,0,2,0,0,0,2
07/12/2020,BGM,NY,AEA,EN,Combined TRACON& Tower with Radar,0,4,9,0,13,0,0,5,0,5,0,4,14,0,18,4,0,4,22
07/13/2020,BGM,NY,AEA,EN,Combined TRACON& Tower with Radar,0,2,6,4,12,0,0,2,0,2,0,2,8,4,14,0,10,10,24
07/14/2020,BGM,NY,AEA,EN,Combined TRACON& Tower with Radar,0,5,9,0,14,0,0,26,0,26,0,5,35,0,40,52,0,52,92
07/15/2020,BGM,NY,AEA,EN,Combined TRACON& Tower with Radar,0,5,11,0,16,0,0,26,0,26,0,5,37,0,42,14,0,14,56
07/16/2020,BGM,NY,AEA,EN,Combined TRACON& Tower with Radar,0,6,12,0,18,0,0,4,0,4,0,6,16,0,22,0,0,0,22
07/17/2020,BGM,NY,AEA,EN,Combined TRACON& Tower with Radar,0,4,11,0,15,0,0,8,0,8,0,4,19,0,23,24,0,24,47
07/18/2020,BGM,NY,AEA,EN,Combined TRACON& Tower with Radar,0,2,1,0,3,0,0,28,0,28,0,2,29,0,31,10,0,10,41
07/19/2020,BGM,NY,AEA,EN,Combined TRACON& Tower with Radar,0,5,2,0,7,0,0,13,0,13,0,5,15,0,20,16,0,16,36
07/20/2020,BGM,NY,AEA,EN,Combined TRACON& Tower with Radar,0,5,8,0,13,0,0,7,0,7,0,5,15,0,20,0,0,0,20
07/21/2020,BGM,NY,AEA,EN,Combined TRACON& Tower with Radar,0,2,3,0,5,0,0,13,0,13,0,2,16,0,18,0,0,0,18
07/22/2020,BGM,NY,AEA,EN,Combined TRACON& Tower with Radar,0,6,2,0,8,0,0,14,1,15,0,6,16,1,23,0,0,0,23
07/23/2020,BGM,NY,AEA,EN,Combined TRACON& Tower with Radar,0,6,3,0,9,0,0,7,0,7,0,6,10,0,16,0,0,0,16
07/24/2020,BGM,NY,AEA,EN,Combined TRACON& Tower with Radar,0,2,11,1,14,0,0,10,0,10,0,2,21,1,24,0,0,0,24
07/25/2020,BGM,NY,AEA,EN,Combined TRACON& Tower with Radar,0,2,1,0,3,0,0,20,0,20,0,2,21,0,23,54,0,54,77
07/26/2020,BGM,NY,AEA,EN,Combined TRACON& Tower with Radar,0,2,7,0,9,0,2,24,0,26,0,4,31,0,35,2,0,2,37
07/27/2020,BGM,NY,AEA,EN,Combined TRACON& Tower with Radar,0,3,2,0,5,0,0,3,0,3,0,3,5,0,8,19,0,19,27
07/28/2020,BGM,NY,AEA,EN,Combined TRACON& Tower with Radar,0,2,6,0,8,0,0,8,0,8,0,2,14,0,16,0,0,0,16
07/29/2020,BGM,NY,AEA,EN,Combined TRACON& Tower with Radar,0,4,5,0,9,0,0,25,0,25,0,4,30,0,34,2,0,2,36
07/30/2020,BGM,NY,AEA,EN,Combined TRACON& Tower with Radar,0,2,4,0,6,0,0,3,0,3,0,2,7,0,9,26,0,26,35
07/31/2020,BGM,NY,AEA,EN,Combined TRACON& Tower with Radar,0,4,30,0,34,0,0,20,0,20,0,4,50,0,54,8,0,8,62
08/01/2020,BGM,NY,AEA,EN,Combined TRACON& Tower with Radar,0,2,6,0,8,0,0,31,0,31,0,2,37,0,39,38,0,38,77
08/02/2020,BGM,NY,AEA,EN,Combined TRACON& Tower with Radar,0,2,3,0,5,0,0,0,0,0,0,2,3,0,5,0,0,0,5
08/03/2020,BGM,NY,AEA,EN,Combined TRACON& Tower with Radar,0,4,2,1,7,0,0,8,1,9,0,4,10,2,16,0,0,0,16
08/04/2020,BGM,NY,AEA,EN,Combined TRACON& Tower with Radar,0,4,4,0,8,0,0,0,0,0,0,4,4,0,8,0,0,0,8
08/05/2020,BGM,NY,AEA,EN,Combined TRACON& Tower with Radar,0,2,14,7,23,0,0,19,2,21,0,2,33,9,44,6,0,6,50
08/06/2020,BGM,NY,AEA,EN,Combined TRACON& Tower with Radar,0,5,2,0,7,0,0,20,0,20,0,5,22,0,27,12,0,12,39
08/07/2020,BGM,NY,AEA,EN,Combined TRACON& Tower with Radar,0,3,10,0,13,0,0,6,0,6,0,3,16,0,19,11,0,11,30
08/08/2020,BGM,NY,AEA,EN,Combined TRACON& Tower with Radar,0,3,10,0,13,0,0,12,0,12,0,3,22,0,25,4,0,4,29
08/09/2020,BGM,NY,AEA,EN,Combined TRACON& Tower with Radar,0,3,1,0,4,0,0,23,0,23,0,3,24,0,27,3,0,3,30
08/10/2020,BGM,NY,AEA,EN,Combined TRACON& Tower with Radar,0,4,8,4,16,0,0,8,0,8,0,4,16,4,24,0,0,0,24
08/11/2020,BGM,NY,AEA,EN,Combined TRACON& Tower with Radar,0,2,5,0,7,0,0,11,0,11,0,2,16,0,18,18,0,18,36
08/12/2020,BGM,NY,AEA,EN,Combined TRACON& Tower with Radar,0,2,9,0,11,0,0,16,0,16,0,2,25,0,27,0,0,0,27
08/13/2020,BGM,NY,AEA,EN,Combined TRACON& Tower with Radar,0,2,12,0,14,0,0,14,0,14,0,2,26,0,28,24,0,24,52
08/14/2020,BGM,NY,AEA,EN,Combined TRACON& Tower with Radar,0,4,8,2,14,0,0,16,0,16,0,4,24,2,30,0,0,0,30
08/15/2020,BGM,NY,AEA,EN,Combined TRACON& Tower with Radar,0,4,3,0,7,0,0,22,0,22,0,4,25,0,29,26,0,26,55
08/16/2020,BGM,NY,AEA,EN,Combined TRACON& Tower with Radar,0,4,10,0,14,0,0,10,0,10,0,4,20,0,24,0,0,0,24
08/17/2020,BGM,NY,AEA,EN,Combined TRACON& Tower with Radar,0,4,3,0,7,0,0,2,0,2,0,4,5,0,9,0,0,0,9
08/18/2020,BGM,NY,AEA,EN,Combined TRACON& Tower with Radar,0,2,1,0,3,0,0,3,0,3,0,2,4,0,6,6,0,6,12
08/19/2020,BGM,NY,AEA,EN,Combined TRACON& Tower with Radar,0,4,9,0,13,0,0,23,0,23,0,4,32,0,36,18,0,18,54
08/20/2020,BGM,NY,AEA,EN,Combined TRACON& Tower with Radar,0,3,11,9,23,0,0,25,7,32,0,3,36,16,55,14,0,14,69
08/21/2020,BGM,NY,AEA,EN,Combined TRACON& Tower with Radar,0,6,6,0,12,0,0,19,0,19,0,6,25,0,31,6,0,6,37
08/22/2020,BGM,NY,AEA,EN,Combined TRACON& Tower with Radar,0,2,4,0,6,0,0,20,0,20,0,2,24,0,26,10,0,10,36
08/23/2020,BGM,NY,AEA,EN,Combined TRACON& Tower with Radar,0,2,3,0,5,0,0,11,0,11,0,2,14,0,16,10,0,10,26
08/24/2020,BGM,NY,AEA,EN,Combined TRACON& Tower with Radar,0,6,3,0,9,0,0,4,2,6,0,6,7,2,15,0,0,0,15
08/25/2020,BGM,NY,AEA,EN,Combined TRACON& Tower with Radar,0,2,5,0,7,0,0,6,0,6,0,2,11,0,13,0,0,0,13
08/26/2020,BGM,NY,AEA,EN,Combined TRACON& Tower with Radar,0,4,8,0,12,0,0,24,0,24,0,4,32,0,36,8,0,8,44
08/27/2020,BGM,NY,AEA,EN,Combined TRACON& Tower with Radar,0,2,4,0,6,0,0,4,0,4,0,2,8,0,10,0,0,0,10
08/28/2020,BGM,NY,AEA,EN,Combined TRACON& Tower with Radar,0,2,3,0,5,0,0,4,0,4,0,2,7,0,9,40,0,40,49
08/29/2020,BGM,NY,AEA,EN,Combined TRACON& Tower with Radar,0,2,7,0,9,0,0,2,0,2,0,2,9,0,11,4,0,4,15
08/30/2020,BGM,NY,AEA,EN,Combined TRACON& Tower with Radar,0,2,4,0,6,0,0,15,0,15,0,2,19,0,21,0,0,0,21
08/31/2020,BGM,NY,AEA,EN,Combined TRACON& Tower with Radar,0,2,5,0,7,0,0,11,0,11,0,2,16,0,18,16,0,16,34
09/01/2020,BGM,NY,AEA,EN,Combined TRACON& Tower with Radar,0,4,2,0,6,0,0,8,0,8,0,4,10,0,14,0,0,0,14
09/02/2020,BGM,NY,AEA,EN,Combined TRACON& Tower with Radar,0,4,6,0,10,0,0,0,0,0,0,4,6,0,10,0,0,0,10
09/03/2020,BGM,NY,AEA,EN,Combined TRACON& Tower with Radar,0,3,1,0,4,0,0,14,0,14,0,3,15,0,18,12,0,12,30
09/04/2020,BGM,NY,AEA,EN,Combined TRACON& Tower with Radar,0,4,4,0,8,0,0,10,0,10,0,4,14,0,18,0,0,0,18
09/05/2020,BGM,NY,AEA,EN,Combined TRACON& Tower with Radar,0,2,4,0,6,0,1,22,0,23,0,3,26,0,29,18,0,18,47
09/06/2020,BGM,NY,AEA,EN,Combined TRACON& Tower with Radar,0,2,12,0,14,0,0,15,0,15,0,2,27,0,29,0,0,0,29
09/07/2020,BGM,NY,AEA,EN,Combined TRACON& Tower with Radar,0,2,3,0,5,0,0,2,0,2,0,2,5,0,7,0,0,0,7
09/08/2020,BGM,NY,AEA,EN,Combined TRACON& Tower with Radar,0,3,4,0,7,0,0,12,0,12,0,3,16,0,19,6,0,6,25
09/09/2020,BGM,NY,AEA,EN,Combined TRACON& Tower with Radar,0,3,8,0,11,0,0,19,0,19,0,3,27,0,30,1,0,1,31
09/10/2020,BGM,NY,AEA,EN,Combined TRACON& Tower with Radar,0,4,6,0,10,0,0,8,0,8,0,4,14,0,18,0,0,0,18
09/11/2020,BGM,NY,AEA,EN,Combined TRACON& Tower with Radar,0,6,10,0,16,0,0,16,2,18,0,6,26,2,34,4,0,4,38
09/12/2020,BGM,NY,AEA,EN,Combined TRACON& Tower with Radar,0,2,2,0,4,0,0,19,0,19,0,2,21,0,23,6,0,6,29
09/13/2020,BGM,NY,AEA,EN,Combined TRACON& Tower with Radar,0,4,5,0,9,0,2,4,0,6,0,6,9,0,15,0,0,0,15
09/14/2020,BGM,NY,AEA,EN,Combined TRACON& Tower with Radar,0,2,9,0,11,0,0,3,0,3,0,2,12,0,14,0,0,0,14
09/15/2020,BGM,NY,AEA,EN,Combined TRACON& Tower with Radar,0,3,7,0,10,0,0,24,0,24,0,3,31,0,34,6,0,6,40
09/16/2020,BGM,NY,AEA,EN,Combined TRACON& Tower with Radar,0,2,7,0,9,0,0,7,0,7,0,2,14,0,16,0,0,0,16
09/17/2020,BGM,NY,AEA,EN,Combined TRACON& Tower with Radar,0,4,4,1,9,0,0,0,1,1,0,4,4,2,10,0,0,0,10
09/18/2020,BGM,NY,AEA,EN,Combined TRACON& Tower with Radar,0,2,8,0,10,0,0,17,0,17,0,2,25,0,27,8,0,8,35
09/19/2020,BGM,NY,AEA,EN,Combined TRACON& Tower with Radar,0,2,2,0,4,0,0,30,0,30,0,2,32,0,34,14,0,14,48
09/20/2020,BGM,NY,AEA,EN,Combined TRACON& Tower with Radar,0,2,9,0,11,0,0,27,0,27,0,2,36,0,38,18,0,18,56
09/21/2020,BGM,NY,AEA,EN,Combined TRACON& Tower with Radar,0,4,2,6,12,0,0,20,0,20,0,4,22,6,32,0,0,0,32
09/22/2020,BGM,NY,AEA,EN,Combined TRACON& Tower with Radar,0,2,8,4,14,0,0,14,0,14,0,2,22,4,28,26,12,38,66
09/23/2020,BGM,NY,AEA,EN,Combined TRACON& Tower with Radar,0,5,0,0,5,0,0,6,0,6,0,5,6,0,11,28,0,28,39
09/24/2020,BGM,NY,AEA,EN,Combined TRACON& Tower with Radar,0,3,4,1,8,0,1,10,3,14,0,4,14,4,22,14,0,14,36
09/25/2020,BGM,NY,AEA,EN,Combined TRACON& Tower with Radar,0,4,10,0,14,0,0,16,0,16,0,4,26,0,30,18,0,18,48
09/26/2020,BGM,NY,AEA,EN,Combined TRACON& Tower with Radar,0,2,3,0,5,0,0,10,0,10,0,2,13,0,15,22,0,22,37
09/27/2020,BGM,NY,AEA,EN,Combined TRACON& Tower with Radar,0,2,11,0,13,0,0,2,0,2,0,2,13,0,15,0,0,0,15
09/28/2020,BGM,NY,AEA,EN,Combined TRACON& Tower with Radar,0,2,5,4,11,0,0,7,0,7,0,2,12,4,18,0,0,0,18
09/29/2020,BGM,NY,AEA,EN,Combined TRACON& Tower with Radar,0,2,4,0,6,0,0,0,0,0,0,2,4,0,6,0,0,0,6
09/30/2020,BGM,NY,AEA,EN,Combined TRACON& Tower with Radar,0,2,7,0,9,0,0,3,0,3,0,2,10,0,12,0,0,0,12
10/01/2020,BGM,NY,AEA,EN,Combined TRACON& Tower with Radar,0,3,8,2,13,0,0,11,3,14,0,3,19,5,27,0,0,0,27
10/02/2020,BGM,NY,AEA,EN,Combined TRACON& Tower with Radar,0,2,6,0,8,0,0,5,0,5,0,2,11,0,13,0,0,0,13
10/03/2020,BGM,NY,AEA,EN,Combined TRACON& Tower with Radar,0,2,3,0,5,0,0,3,0,3,0,2,6,0,8,20,0,20,28
10/04/2020,BGM,NY,AEA,EN,Combined TRACON& Tower with Radar,0,4,0,0,4,0,0,6,0,6,0,4,6,0,10,0,0,0,10
10/05/2020,BGM,NY,AEA,EN,Combined TRACON& Tower with Radar,0,2,1,2,5,0,0,11,1,12,0,2,12,3,17,18,0,18,35
10/06/2020,BGM,NY,AEA,EN,Combined TRACON& Tower with Radar,0,3,4,0,7,0,0,18,0,18,0,3,22,0,25,0,0,0,25
10/07/2020,BGM,NY,AEA,EN,Combined TRACON& Tower with Radar,0,2,2,0,4,0,0,3,0,3,0,2,5,0,7,0,0,0,7
10/08/2020,BGM,NY,AEA,EN,Combined TRACON& Tower with Radar,0,3,3,1,7,0,0,5,0,5,0,3,8,1,12,2,0,2,14
10/09/2020,BGM,NY,AEA,EN,Combined TRACON& Tower with Radar,0,2,2,0,4,0,0,5,1,6,0,2,7,1,10,0,0,0,10
10/10/2020,BGM,NY,AEA,EN,Combined TRACON& Tower with Radar,0,4,0,0,4,0,0,5,0,5,0,4,5,0,9,0,0,0,9
10/11/2020,BGM,NY,AEA,EN,Combined TRACON& Tower with Radar,0,2,7,0,9,0,0,19,0,19,0,2,26,0,28,24,0,24,52
10/12/2020,BGM,NY,AEA,EN,Combined TRACON& Tower with Radar,0,2,10,0,12,0,0,0,0,0,0,2,10,0,12,0,0,0,12
10/13/2020,BGM,NY,AEA,EN,Combined TRACON& Tower with Radar,0,2,4,0,6,0,0,0,0,0,0,2,4,0,6,0,0,0,6
10/14/2020,BGM,NY,AEA,EN,Combined TRACON& Tower with Radar,0,2,4,0,6,0,0,23,0,23,0,2,27,0,29,36,0,36,65
10/15/2020,BGM,NY,AEA,EN,Combined TRACON& Tower with Radar,0,2,2,0,4,0,0,5,0,5,0,2,7,0,9,10,0,10,19
10/16/2020,BGM,NY,AEA,EN,Combined TRACON& Tower with Radar,0,4,1,0,5,0,0,2,0,2,0,4,3,0,7,0,0,0,7
10/17/2020,BGM,NY,AEA,EN,Combined TRACON& Tower with Radar,0,2,6,0,8,0,0,27,0,27,0,2,33,0,35,16,0,16,51
10/18/2020,BGM,NY,AEA,EN,Combined TRACON& Tower with Radar,0,2,2,0,4,0,0,9,0,9,0,2,11,0,13,4,0,4,17
10/19/2020,BGM,NY,AEA,EN,Combined TRACON& Tower with Radar,0,2,12,0,14,0,0,0,0,0,0,2,12,0,14,0,0,0,14
10/20/2020,BGM,NY,AEA,EN,Combined TRACON& Tower with Radar,0,2,9,0,11,0,0,0,0,0,0,2,9,0,11,0,0,0,11
10/21/2020,BGM,NY,AEA,EN,Combined TRACON& Tower with Radar,0,4,1,0,5,0,0,9,0,9,0,4,10,0,14,0,0,0,14
10/22/2020,BGM,NY,AEA,EN,Combined TRACON& Tower with Radar,0,4,6,0,10,0,0,15,0,15,0,4,21,0,25,4,0,4,29
10/23/2020,BGM,NY,AEA,EN,Combined TRACON& Tower with Radar,0,2,4,0,6,0,0,13,0,13,0,2,17,0,19,30,0,30,49
10/24/2020,BGM,NY,AEA,EN,Combined TRACON& Tower with Radar,0,2,1,0,3,0,0,0,0,0,0,2,1,0,3,0,0,0,3
10/25/2020,BGM,NY,AEA,EN,Combined TRACON& Tower with Radar,0,4,4,0,8,0,0,31,0,31,0,4,35,0,39,38,0,38,77
10/26/2020,BGM,NY,AEA,EN,Combined TRACON& Tower with Radar,0,2,0,0,2,0,0,0,0,0,0,2,0,0,2,0,0,0,2
10/27/2020,BGM,NY,AEA,EN,Combined TRACON& Tower with Radar,0,4,11,0,15,0,0,6,0,6,0,4,17,0,21,18,0,18,39
10/28/2020,BGM,NY,AEA,EN,Combined TRACON& Tower with Radar,0,2,7,0,9,0,0,3,0,3,0,2,10,0,12,28,0,28,40
10/29/2020,BGM,NY,AEA,EN,Combined TRACON& Tower with Radar,0,4,0,0,4,0,0,0,0,0,0,4,0,0,4,0,0,0,4
10/30/2020,BGM,NY,AEA,EN,Combined TRACON& Tower with Radar,0,4,3,0,7,0,0,0,0,0,0,4,3,0,7,0,0,0,7
10/31/2020,BGM,NY,AEA,EN,Combined TRACON& Tower with Radar,0,2,5,0,7,0,0,34,0,34,0,2,39,0,41,6,0,6,47
11/01/2020,BGM,NY,AEA,EN,Combined TRACON& Tower with Radar,0,4,2,0,6,0,0,1,0,1,0,4,3,0,7,0,0,0,7
11/02/2020,BGM,NY,AEA,EN,Combined TRACON& Tower with Radar,0,2,4,0,6,0,0,1,0,1,0,2,5,0,7,0,0,0,7
11/03/2020,BGM,NY,AEA,EN,Combined TRACON& Tower with Radar,0,2,1,0,3,0,0,10,3,13,0,2,11,3,16,0,0,0,16
11/04/2020,BGM,NY,AEA,EN,Combined TRACON& Tower with Radar,0,3,4,3,10,0,0,14,0,14,0,3,18,3,24,6,0,6,30
11/05/2020,BGM,NY,AEA,EN,Combined TRACON& Tower with Radar,0,6,2,0,8,0,0,17,0,17,0,6,19,0,25,18,0,18,43
11/06/2020,BGM,NY,AEA,EN,Combined TRACON& Tower with Radar,0,2,9,0,11,0,0,20,0,20,0,2,29,0,31,32,0,32,63
11/07/2020,BGM,NY,AEA,EN,Combined TRACON& Tower with Radar,0,2,11,0,13,0,0,32,0,32,0,2,43,0,45,58,0,58,103
11/08/2020,BGM,NY,AEA,EN,Combined TRACON& Tower with Radar,0,2,7,0,9,0,0,20,0,20,0,2,27,0,29,18,0,18,47
11/09/2020,BGM,NY,AEA,EN,Combined TRACON& Tower with Radar,0,2,6,0,8,0,0,22,0,22,0,2,28,0,30,8,0,8,38
11/10/2020,BGM,NY,AEA,EN,Combined TRACON& Tower with Radar,0,4,8,2,14,0,0,15,0,15,0,4,23,2,29,0,0,0,29
11/11/2020,BGM,NY,AEA,EN,Combined TRACON& Tower with Radar,0,2,0,0,2,0,0,0,0,0,0,2,0,0,2,0,0,0,2
11/12/2020,BGM,NY,AEA,EN,Combined TRACON& Tower with Radar,0,2,0,0,2,0,4,3,0,7,0,6,3,0,9,48,0,48,57
11/13/2020,BGM,NY,AEA,EN,Combined TRACON& Tower with Radar,0,4,5,0,9,0,0,13,0,13,0,4,18,0,22,44,0,44,66
11/14/2020,BGM,NY,AEA,EN,Combined TRACON& Tower with Radar,0,4,5,0,9,0,0,20,0,20,0,4,25,0,29,22,0,22,51
11/15/2020,BGM,NY,AEA,EN,Combined TRACON& Tower with Radar,0,4,0,0,4,0,0,0,0,0,0,4,0,0,4,0,0,0,4
11/16/2020,BGM,NY,AEA,EN,Combined TRACON& Tower with Radar,0,2,1,0,3,0,0,2,0,2,0,2,3,0,5,0,0,0,5
11/17/2020,BGM,NY,AEA,EN,Combined TRACON& Tower with Radar,0,2,0,0,2,0,0,0,0,0,0,2,0,0,2,0,0,0,2
11/18/2020,BGM,NY,AEA,EN,Combined TRACON& Tower with Radar,0,3,5,0,8,0,0,2,0,2,0,3,7,0,10,0,0,0,10
11/19/2020,BGM,NY,AEA,EN,Combined TRACON& Tower with Radar,0,4,3,0,7,0,0,6,0,6,0,4,9,0,13,0,28,28,41
11/20/2020,BGM,NY,AEA,EN,Combined TRACON& Tower with Radar,0,4,13,0,17,0,0,10,0,10,0,4,23,0,27,0,0,0,27
11/21/2020,BGM,NY,AEA,EN,Combined TRACON& Tower with Radar,0,2,6,0,8,0,0,20,0,20,0,2,26,0,28,34,0,34,62
11/22/2020,BGM,NY,AEA,EN,Combined TRACON& Tower with Radar,0,2,0,0,2,0,0,0,0,0,0,2,0,0,2,0,0,0,2
11/23/2020,BGM,NY,AEA,EN,Combined TRACON& Tower with Radar,0,8,3,1,12,0,0,3,1,4,0,8,6,2,16,0,0,0,16
11/24/2020,BGM,NY,AEA,EN,Combined TRACON& Tower with Radar,0,5,5,1,11,0,0,14,0,14,0,5,19,1,25,0,0,0,25
11/25/2020,BGM,NY,AEA,EN,Combined TRACON& Tower with Radar,0,2,10,0,12,0,0,3,0,3,0,2,13,0,15,0,0,0,15
11/26/2020,BGM,NY,AEA,EN,Combined TRACON& Tower with Radar,0,2,1,0,3,0,0,0,0,0,0,2,1,0,3,0,0,0,3
11/27/2020,BGM,NY,AEA,EN,Combined TRACON& Tower with Radar,0,5,2,0,7,0,0,0,0,0,0,5,2,0,7,0,0,0,7
11/28/2020,BGM,NY,AEA,EN,Combined TRACON& Tower with Radar,0,2,1,0,3,0,0,6,0,6,0,2,7,0,9,8,0,8,17
11/29/2020,BGM,NY,AEA,EN,Combined TRACON& Tower with Radar,0,4,7,0,11,0,0,30,0,30,0,4,37,0,41,48,0,48,89
11/30/2020,BGM,NY,AEA,EN,Combined TRACON& Tower with Radar,0,2,0,0,2,0,0,0,0,0,0,2,0,0,2,0,0,0,2
12/01/2020,BGM,NY,AEA,EN,Combined TRACON& Tower with Radar,0,2,8,2,12,0,0,0,0,0,0,2,8,2,12,0,0,0,12
12/02/2020,BGM,NY,AEA,EN,Combined TRACON& Tower with Radar,0,4,0,0,4,0,0,0,0,0,0,4,0,0,4,0,0,0,4
12/03/2020,BGM,NY,AEA,EN,Combined TRACON& Tower with Radar,0,2,5,0,7,0,0,25,0,25,0,2,30,0,32,10,0,10,42
12/04/2020,BGM,NY,AEA,EN,Combined TRACON& Tower with Radar,0,3,8,0,11,0,0,7,0,7,0,3,15,0,18,0,0,0,18
12/05/2020,BGM,NY,AEA,EN,Combined TRACON& Tower with Radar,0,3,0,0,3,0,0,0,0,0,0,3,0,0,3,0,0,0,3
12/06/2020,BGM,NY,AEA,EN,Combined TRACON& Tower with Radar,0,2,2,0,4,0,0,0,0,0,0,2,2,0,4,0,0,0,4
12/07/2020,BGM,NY,AEA,EN,Combined TRACON& Tower with Radar,0,2,1,2,5,0,0,0,0,0,0,2,1,2,5,0,0,0,5
12/08/2020,BGM,NY,AEA,EN,Combined TRACON& Tower with Radar,0,4,5,0,9,0,0,11,0,11,0,4,16,0,20,0,0,0,20
12/09/2020,BGM,NY,AEA,EN,Combined TRACON& Tower with Radar,0,2,2,0,4,0,0,0,0,0,0,2,2,0,4,0,0,0,4
12/10/2020,BGM,NY,AEA,EN,Combined TRACON& Tower with Radar,0,2,3,0,5,0,0,5,0,5,0,2,8,0,10,8,0,8,18
12/11/2020,BGM,NY,AEA,EN,Combined TRACON& Tower with Radar,0,6,6,0,12,0,0,27,0,27,0,6,33,0,39,8,40,48,87
12/12/2020,BGM,NY,AEA,EN,Combined TRACON& Tower with Radar,0,4,8,0,12,0,0,19,0,19,0,4,27,0,31,30,0,30,61
12/13/2020,BGM,NY,AEA,EN,Combined TRACON& Tower with Radar,0,2,2,0,4,0,0,3,0,3,0,2,5,0,7,12,0,12,19
12/14/2020,BGM,NY,AEA,EN,Combined TRACON& Tower with Radar,0,2,2,3,7,0,0,0,0,0,0,2,2,3,7,0,0,0,7
12/15/2020,BGM,NY,AEA,EN,Combined TRACON& Tower with Radar,0,3,6,1,10,0,0,1,4,5,0,3,7,5,15,4,0,4,19
12/16/2020,BGM,NY,AEA,EN,Combined TRACON& Tower with Radar,0,3,2,0,5,0,0,2,2,4,0,3,4,2,9,42,0,42,51
12/17/2020,BGM,NY,AEA,EN,Combined TRACON& Tower with Radar,0,2,0,0,2,0,0,0,0,0,0,2,0,0,2,0,0,0,2
12/18/2020,BGM,NY,AEA,EN,Combined TRACON& Tower with Radar,0,5,3,0,8,0,0,2,0,2,0,5,5,0,10,0,0,0,10
12/19/2020,BGM,NY,AEA,EN,Combined TRACON& Tower with Radar,0,3,3,0,6,0,0,13,2,15,0,3,16,2,21,16,30,46,67
12/20/2020,BGM,NY,AEA,EN,Combined TRACON& Tower with Radar,0,4,2,0,6,0,0,0,0,0,0,4,2,0,6,0,0,0,6
12/21/2020,BGM,NY,AEA,EN,Combined TRACON& Tower with Radar,0,2,3,0,5,0,0,7,0,7,0,2,10,0,12,44,0,44,56
12/22/2020,BGM,NY,AEA,EN,Combined TRACON& Tower with Radar,0,3,2,0,5,0,0,0,0,0,0,3,2,0,5,0,0,0,5
12/23/2020,BGM,NY,AEA,EN,Combined TRACON& Tower with Radar,0,2,6,0,8,0,0,32,0,32,0,2,38,0,40,12,0,12,52
12/24/2020,BGM,NY,AEA,EN,Combined TRACON& Tower with Radar,0,2,0,0,2,0,0,0,0,0,0,2,0,0,2,0,0,0,2
12/25/2020,BGM,NY,AEA,EN,Combined TRACON& Tower with Radar,0,4,0,0,4,0,0,0,0,0,0,4,0,0,4,0,0,0,4
12/26/2020,BGM,NY,AEA,EN,Combined TRACON& Tower with Radar,0,2,2,0,4,0,0,0,0,0,0,2,2,0,4,0,0,0,4
12/27/2020,BGM,NY,AEA,EN,Combined TRACON& Tower with Radar,0,4,11,0,15,0,0,14,0,14,0,4,25,0,29,4,0,4,33
12/28/2020,BGM,NY,AEA,EN,Combined TRACON& Tower with Radar,2,3,2,0,7,0,0,5,0,5,2,3,7,0,12,0,0,0,12
12/29/2020,BGM,NY,AEA,EN,Combined TRACON& Tower with Radar,0,4,5,0,9,0,0,0,0,0,0,4,5,0,9,6,0,6,15
12/30/2020,BGM,NY,AEA,EN,Combined TRACON& Tower with Radar,0,4,0,0,4,0,0,7,0,7,0,4,7,0,11,0,0,0,11
12/31/2020,BGM,NY,AEA,EN,Combined TRACON& Tower with Radar,0,2,0,0,2,0,0,0,0,0,0,2,0,0,2,0,0,0,2
01/01/2021,BGM,NY,AEA,EN,Combined TRACON& Tower with Radar,0,3,6,1,10,0,0,13,0,13,0,3,19,1,23,0,0,0,23
01/02/2021,BGM,NY,AEA,EN,Combined TRACON& Tower with Radar,0,3,1,0,4,0,0,0,0,0,0,3,1,0,4,0,0,0,4
01/03/2021,BGM,NY,AEA,EN,Combined TRACON& Tower with Radar,0,2,0,0,2,0,0,0,0,0,0,2,0,0,2,0,0,0,2
01/04/2021,BGM,NY,AEA,EN,Combined TRACON& Tower with Radar,0,2,0,0,2,0,0,0,0,0,0,2,0,0,2,0,0,0,2
01/05/2021,BGM,NY,AEA,EN,Combined TRACON& Tower with Radar,0,3,1,0,4,0,0,0,0,0,0,3,1,0,4,0,0,0,4
01/06/2021,BGM,NY,AEA,EN,Combined TRACON& Tower with Radar,0,5,4,0,9,0,0,0,0,0,0,5,4,0,9,54,0,54,63
01/07/2021,BGM,NY,AEA,EN,Combined TRACON& Tower with Radar,0,3,2,2,7,0,0,3,0,3,0,3,5,2,10,0,0,0,10
01/08/2021,BGM,NY,AEA,EN,Combined TRACON& Tower with Radar,0,2,8,0,10,0,0,5,0,5,0,2,13,0,15,0,0,0,15
01/09/2021,BGM,NY,AEA,EN,Combined TRACON& Tower with Radar,0,2,13,0,15,0,0,39,0,39,0,2,52,0,54,14,0,14,68
01/10/2021,BGM,NY,AEA,EN,Combined TRACON& Tower with Radar,0,2,0,0,2,0,0,4,0,4,0,2,4,0,6,16,0,16,22
01/11/2021,BGM,NY,AEA,EN,Combined TRACON& Tower with Radar,0,4,8,0,12,0,0,5,0,5,0,4,13,0,17,10,0,10,27
01/12/2021,BGM,NY,AEA,EN,Combined TRACON& Tower with Radar,0,2,2,2,6,0,0,4,0,4,0,2,6,2,10,0,0,0,10
01/13/2021,BGM,NY,AEA,EN,Combined TRACON& Tower with Radar,0,2,11,0,13,0,0,6,0,6,0,2,17,0,19,0,0,0,19
01/14/2021,BGM,NY,AEA,EN,Combined TRACON& Tower with Radar,0,4,0,0,4,0,0,0,0,0,0,4,0,0,4,0,0,0,4
01/15/2021,BGM,NY,AEA,EN,Combined TRACON& Tower with Radar,0,2,8,0,10,0,0,3,0,3,0,2,11,0,13,0,0,0,13
01/16/2021,BGM,NY,AEA,EN,Combined TRACON& Tower with Radar,0,2,1,0,3,0,0,2,0,2,0,2,3,0,5,0,0,0,5
01/17/2021,BGM,NY,AEA,EN,Combined TRACON& Tower with Radar,0,2,3,0,5,0,0,6,0,6,0,2,9,0,11,0,0,0,11
01/18/2021,BGM,NY,AEA,EN,Combined TRACON& Tower with Radar,0,2,0,0,2,0,0,0,0,0,0,2,0,0,2,0,0,0,2
01/19/2021,BGM,NY,AEA,EN,Combined TRACON& Tower with Radar,0,2,7,0,9,0,0,12,0,12,0,2,19,0,21,0,0,0,21
01/20/2021,BGM,NY,AEA,EN,Combined TRACON& Tower with Radar,0,2,2,3,7,0,0,2,0,2,0,2,4,3,9,0,0,0,9
01/21/2021,BGM,NY,AEA,EN,Combined TRACON& Tower with Radar,0,3,6,3,12,0,0,10,0,10,0,3,16,3,22,8,0,8,30
01/22/2021,BGM,NY,AEA,EN,Combined TRACON& Tower with Radar,0,5,4,0,9,0,0,2,0,2,0,5,6,0,11,0,0,0,11
01/23/2021,BGM,NY,AEA,EN,Combined TRACON& Tower with Radar,0,7,4,8,19,0,0,0,0,0,0,7,4,8,19,0,0,0,19
01/24/2021,BGM,NY,AEA,EN,Combined TRACON& Tower with Radar,0,7,6,0,13,0,0,10,0,10,0,7,16,0,23,12,0,12,35
01/25/2021,BGM,NY,AEA,EN,Combined TRACON& Tower with Radar,0,4,4,0,8,0,0,11,0,11,0,4,15,0,19,6,0,6,25
01/26/2021,BGM,NY,AEA,EN,Combined TRACON& Tower with Radar,0,3,0,0,3,0,0,0,0,0,0,3,0,0,3,0,0,0,3
01/27/2021,BGM,NY,AEA,EN,Combined TRACON& Tower with Radar,0,2,0,0,2,0,0,0,0,0,0,2,0,0,2,0,0,0,2
01/28/2021,BGM,NY,AEA,EN,Combined TRACON& Tower with Radar,0,3,3,0,6,0,0,0,0,0,0,3,3,0,6,0,0,0,6
01/29/2021,BGM,NY,AEA,EN,Combined TRACON& Tower with Radar,0,2,5,0,7,0,0,0,0,0,0,2,5,0,7,0,0,0,7
01/30/2021,BGM,NY,AEA,EN,Combined TRACON& Tower with Radar,0,2,7,2,11,0,0,21,0,21,0,2,28,2,32,16,0,16,48
01/31/2021,BGM,NY,AEA,EN,Combined TRACON& Tower with Radar,0,3,7,0,10,0,0,13,0,13,0,3,20,0,23,30,0,30,53
02/01/2021,BGM,NY,AEA,EN,Combined TRACON& Tower with Radar,0,2,3,0,5,0,0,0,0,0,0,2,3,0,5,0,0,0,5
02/02/2021,BGM,NY,AEA,EN,Combined TRACON& Tower with Radar,0,2,0,0,2,0,0,0,0,0,0,2,0,0,2,0,0,0,2
02/03/2021,BGM,NY,AEA,EN,Combined TRACON& Tower with Radar,0,4,0,0,4,0,0,0,2,2,0,4,0,2,6,0,0,0,6
02/04/2021,BGM,NY,AEA,EN,Combined TRACON& Tower with Radar,0,2,4,0,6,0,0,23,0,23,0,2,27,0,29,16,0,16,45
02/05/2021,BGM,NY,AEA,EN,Combined TRACON& Tower with Radar,0,2,2,0,4,0,0,4,0,4,0,2,6,0,8,0,0,0,8
02/06/2021,BGM,NY,AEA,EN,Combined TRACON& Tower with Radar,0,2,9,0,11,0,0,5,0,5,0,2,14,0,16,8,0,8,24
02/07/2021,BGM,NY,AEA,EN,Combined TRACON& Tower with Radar,0,2,2,0,4,0,0,0,0,0,0,2,2,0,4,0,0,0,4
02/08/2021,BGM,NY,AEA,EN,Combined TRACON& Tower with Radar,0,5,11,0,16,0,0,20,0,20,0,5,31,0,36,28,0,28,64
02/09/2021,BGM,NY,AEA,EN,Combined TRACON& Tower with Radar,0,2,2,0,4,0,0,0,0,0,0,2,2,0,4,0,0,0,4
02/10/2021,BGM,NY,AEA,EN,Combined TRACON& Tower with Radar,0,2,6,0,8,0,0,10,0,10,0,2,16,0,18,16,0,16,34
02/11/2021,BGM,NY,AEA,EN,Combined TRACON& Tower with Radar,0,2,0,0,2,0,0,0,0,0,0,2,0,0,2,0,0,0,2
02/12/2021,BGM,NY,AEA,EN,Combined TRACON& Tower with Radar,0,4,14,0,18,0,0,18,0,18,0,4,32,0,36,0,0,0,36
02/13/2021,BGM,NY,AEA,EN,Combined TRACON& Tower with Radar,0,2,2,0,4,0,0,22,0,22,0,2,24,0,26,0,0,0,26
02/14/2021,BGM,NY,AEA,EN,Combined TRACON& Tower with Radar,0,3,2,0,5,0,0,0,0,0,0,3,2,0,5,0,0,0,5
02/15/2021,BGM,NY,AEA,EN,Combined TRACON& Tower with Radar,0,6,2,0,8,0,0,0,0,0,0,6,2,0,8,0,0,0,8
02/16/2021,BGM,NY,AEA,EN,Combined TRACON& Tower with Radar,2,0,0,0,2,0,0,0,0,0,2,0,0,0,2,0,0,0,2
02/17/2021,BGM,NY,AEA,EN,Combined TRACON& Tower with Radar,0,4,6,2,12,0,0,27,0,27,0,4,33,2,39,20,0,20,59
02/18/2021,BGM,NY,AEA,EN,Combined TRACON& Tower with Radar,0,3,2,0,5,0,0,0,0,0,0,3,2,0,5,6,0,6,11
02/19/2021,BGM,NY,AEA,EN,Combined TRACON& Tower with Radar,0,6,0,0,6,0,0,0,0,0,0,6,0,0,6,0,0,0,6
02/20/2021,BGM,NY,AEA,EN,Combined TRACON& Tower with Radar,0,3,0,0,3,0,0,0,0,0,0,3,0,0,3,0,0,0,3
02/21/2021,BGM,NY,AEA,EN,Combined TRACON& Tower with Radar,0,7,9,0,16,0,0,27,2,29,0,7,36,2,45,0,0,0,45
02/22/2021,BGM,NY,AEA,EN,Combined TRACON& Tower with Radar,0,2,1,0,3,0,0,0,0,0,0,2,1,0,3,0,0,0,3
02/23/2021,BGM,NY,AEA,EN,Combined TRACON& Tower with Radar,0,2,1,0,3,0,0,0,0,0,0,2,1,0,3,0,0,0,3
02/24/2021,BGM,NY,AEA,EN,Combined TRACON& Tower with Radar,0,2,0,0,2,0,0,22,0,22,0,2,22,0,24,10,0,10,34
02/25/2021,BGM,NY,AEA,EN,Combined TRACON& Tower with Radar,0,3,10,0,13,0,0,23,0,23,0,3,33,0,36,0,0,0,36
02/26/2021,BGM,NY,AEA,EN,Combined TRACON& Tower with Radar,0,7,4,0,11,0,0,29,0,29,0,7,33,0,40,18,0,18,58
02/27/2021,BGM,NY,AEA,EN,Combined TRACON& Tower with Radar,0,5,0,0,5,0,0,0,0,0,0,5,0,0,5,0,0,0,5
02/28/2021,BGM,NY,AEA,EN,Combined TRACON& Tower with Radar,0,2,2,0,4,0,0,0,0,0,0,2,2,0,4,20,0,20,24
03/01/2021,BGM,NY,AEA,EN,Combined TRACON& Tower with Radar,0,2,0,0,2,0,0,0,0,0,0,2,0,0,2,0,0,0,2
03/02/2021,BGM,NY,AEA,EN,Combined TRACON& Tower with Radar,0,2,2,0,4,0,0,11,0,11,0,2,13,0,15,22,0,22,37
03/03/2021,BGM,NY,AEA,EN,Combined TRACON& Tower with Radar,0,4,6,0,10,0,0,15,0,15,0,4,21,0,25,0,0,0,25
03/04/2021,BGM,NY,AEA,EN,Combined TRACON& Tower with Radar,0,7,4,0,11,0,0,1,0,1,0,7,5,0,12,0,0,0,12
03/05/2021,BGM,NY,AEA,EN,Combined TRACON& Tower with Radar,0,3,5,0,8,0,0,3,0,3,0,3,8,0,11,0,0,0,11
03/06/2021,BGM,NY,AEA,EN,Combined TRACON& Tower with Radar,0,2,3,0,5,0,0,0,0,0,0,2,3,0,5,0,0,0,5
03/07/2021,BGM,NY,AEA,EN,Combined TRACON& Tower with Radar,0,3,3,0,6,0,0,25,0,25,0,3,28,0,31,20,0,20,51
03/08/2021,BGM,NY,AEA,EN,Combined TRACON& Tower with Radar,0,4,20,0,24,0,0,23,0,23,0,4,43,0,47,2,0,2,49
03/09/2021,BGM,NY,AEA,EN,Combined TRACON& Tower with Radar,0,3,10,0,13,0,3,21,0,24,0,6,31,0,37,14,0,14,51
03/10/2021,BGM,NY,AEA,EN,Combined TRACON& Tower with Radar,0,9,11,4,24,0,1,27,0,28,0,10,38,4,52,57,0,57,109
03/11/2021,BGM,NY,AEA,EN,Combined TRACON& Tower with Radar,0,8,17,0,25,0,0,18,0,18,0,8,35,0,43,42,0,42,85
03/12/2021,BGM,NY,AEA,EN,Combined TRACON& Tower with Radar,0,3,0,0,3,0,0,7,0,7,0,3,7,0,10,6,0,6,16
03/13/2021,BGM,NY,AEA,EN,Combined TRACON& Tower with Radar,0,2,0,0,2,0,0,28,0,28,0,2,28,0,30,0,0,0,30
03/14/2021,BGM,NY,AEA,EN,Combined TRACON& Tower with Radar,0,4,0,0,4,0,0,1,0,1,0,4,1,0,5,0,0,0,5
03/15/2021,BGM,NY,AEA,EN,Combined TRACON& Tower with Radar,0,3,6,0,9,0,0,3,0,3,0,3,9,0,12,0,0,0,12
03/16/2021,BGM,NY,AEA,EN,Combined TRACON& Tower with Radar,0,2,3,2,7,0,0,8,0,8,0,2,11,2,15,0,0,0,15
03/17/2021,BGM,NY,AEA,EN,Combined TRACON& Tower with Radar,0,2,0,0,2,0,0,6,0,6,0,2,6,0,8,0,0,0,8
03/18/2021,BGM,NY,AEA,EN,Combined TRACON& Tower with Radar,0,2,0,0,2,0,0,0,0,0,0,2,0,0,2,0,0,0,2
03/19/2021,BGM,NY,AEA,EN,Combined TRACON& Tower with Radar,0,2,4,0,6,0,0,9,0,9,0,2,13,0,15,0,0,0,15
03/20/2021,BGM,NY,AEA,EN,Combined TRACON& Tower with Radar,0,2,5,0,7,0,0,38,0,38,0,2,43,0,45,54,0,54,99
03/21/2021,BGM,NY,AEA,EN,Combined TRACON& Tower with Radar,0,2,12,0,14,0,0,52,0,52,0,2,64,0,66,28,0,28,94
03/22/2021,BGM,NY,AEA,EN,Combined TRACON& Tower with Radar,0,2,8,0,10,0,0,38,0,38,0,2,46,0,48,36,0,36,84
03/23/2021,BGM,NY,AEA,EN,Combined TRACON& Tower with Radar,0,3,7,0,10,0,0,29,0,29,0,3,36,0,39,42,0,42,81
03/24/2021,BGM,NY,AEA,EN,Combined TRACON& Tower with Radar,0,2,6,0,8,0,0,0,0,0,0,2,6,0,8,0,0,0,8
03/25/2021,BGM,NY,AEA,EN,Combined TRACON& Tower with Radar,0,2,11,0,13,0,0,4,0,4,0,2,15,0,17,12,0,12,29
03/26/2021,BGM,NY,AEA,EN,Combined TRACON& Tower with Radar,0,3,8,0,11,0,0,0,0,0,0,3,8,0,11,0,0,0,11
03/27/2021,BGM,NY,AEA,EN,Combined TRACON& Tower with Radar,0,3,5,0,8,0,0,11,0,11,0,3,16,0,19,0,0,0,19
03/28/2021,BGM,NY,AEA,EN,Combined TRACON& Tower with Radar,0,2,8,0,10,0,0,0,0,0,0,2,8,0,10,0,0,0,10
03/29/2021,BGM,NY,AEA,EN,Combined TRACON& Tower with Radar,0,4,5,0,9,0,0,2,2,4,0,4,7,2,13,12,0,12,25
03/30/2021,BGM,NY,AEA,EN,Combined TRACON& Tower with Radar,0,2,5,0,7,0,1,14,0,15,0,3,19,0,22,0,0,0,22
03/31/2021,BGM,NY,AEA,EN,Combined TRACON& Tower with Radar,0,4,2,0,6,0,0,2,0,2,0,4,4,0,8,30,0,30,38
04/01/2021,BGM,NY,AEA,EN,Combined TRACON& Tower with Radar,0,2,15,0,17,0,0,0,0,0,0,2,15,0,17,6,0,6,23
04/02/2021,BGM,NY,AEA,EN,Combined TRACON& Tower with Radar,0,4,5,0,9,0,0,9,0,9,0,4,14,0,18,0,0,0,18
04/03/2021,BGM,NY,AEA,EN,Combined TRACON& Tower with Radar,0,3,8,0,11,0,0,26,0,26,0,3,34,0,37,8,0,8,45
04/04/2021,BGM,NY,AEA,EN,Combined TRACON& Tower with Radar,0,2,5,0,7,0,0,8,0,8,0,2,13,0,15,0,0,0,15
04/05/2021,BGM,NY,AEA,EN,Combined TRACON& Tower with Radar,0,7,8,0,15,0,0,14,0,14,0,7,22,0,29,4,0,4,33
04/06/2021,BGM,NY,AEA,EN,Combined TRACON& Tower with Radar,0,5,8,0,13,0,0,15,0,15,0,5,23,0,28,4,0,4,32
04/07/2021,BGM,NY,AEA,EN,Combined TRACON& Tower with Radar,0,4,12,0,16,0,0,33,0,33,0,4,45,0,49,46,0,46,95
04/08/2021,BGM,NY,AEA,EN,Combined TRACON& Tower with Radar,0,8,8,0,16,0,4,18,0,22,0,12,26,0,38,14,0,14,52
04/09/2021,BGM,NY,AEA,EN,Combined TRACON& Tower with Radar,2,0,14,0,16,0,1,13,0,14,2,1,27,0,30,2,0,2,32
04/10/2021,BGM,NY,AEA,EN,Combined TRACON& Tower with Radar,0,6,10,0,16,0,0,9,0,9,0,6,19,0,25,27,0,27,52
04/11/2021,BGM,NY,AEA,EN,Combined TRACON& Tower with Radar,0,4,3,0,7,0,0,0,0,0,0,4,3,0,7,0,0,0,7
04/12/2021,BGM,NY,AEA,EN,Combined TRACON& Tower with Radar,2,1,3,0,6,0,0,0,0,0,2,1,3,0,6,0,0,0,6
04/13/2021,BGM,NY,AEA,EN,Combined TRACON& Tower with Radar,0,4,8,0,12,0,0,22,0,22,0,4,30,0,34,28,0,28,62
04/14/2021,BGM,NY,AEA,EN,Combined TRACON& Tower with Radar,0,5,8,0,13,0,2,15,1,18,0,7,23,1,31,74,0,74,105
04/15/2021,BGM,NY,AEA,EN,Combined TRACON& Tower with Radar,2,5,2,0,9,0,0,1,0,1,2,5,3,0,10,0,0,0,10
04/16/2021,BGM,NY,AEA,EN,Combined TRACON& Tower with Radar,0,6,0,0,6,0,0,0,0,0,0,6,0,0,6,0,0,0,6
04/17/2021,BGM,NY,AEA,EN,Combined TRACON& Tower with Radar,0,7,3,0,10,0,0,0,0,0,0,7,3,0,10,6,0,6,16
04/18/2021,BGM,NY,AEA,EN,Combined TRACON& Tower with Radar,0,5,1,0,6,0,0,13,0,13,0,5,14,0,19,6,0,6,25
04/19/2021,BGM,NY,AEA,EN,Combined TRACON& Tower with Radar,0,2,9,0,11,0,0,19,0,19,0,2,28,0,30,23,0,23,53
04/20/2021,BGM,NY,AEA,EN,Combined TRACON& Tower with Radar,0,5,10,0,15,0,0,11,0,11,0,5,21,0,26,38,0,38,64
04/21/2021,BGM,NY,AEA,EN,Combined TRACON& Tower with Radar,0,3,5,0,8,0,0,3,0,3,0,3,8,0,11,0,0,0,11
04/22/2021,BGM,NY,AEA,EN,Combined TRACON& Tower with Radar,0,2,4,0,6,0,0,0,0,0,0,2,4,0,6,0,0,0,6
04/23/2021,BGM,NY,AEA,EN,Combined TRACON& Tower with Radar,0,2,2,0,4,0,0,14,0,14,0,2,16,0,18,3,0,3,21
04/24/2021,BGM,NY,AEA,EN,Combined TRACON& Tower with Radar,0,4,11,0,15,0,0,33,0,33,0,4,44,0,48,14,0,14,62
04/25/2021,BGM,NY,AEA,EN,Combined TRACON& Tower with Radar,0,2,2,0,4,0,0,1,0,1,0,2,3,0,5,0,0,0,5
04/26/2021,BGM,NY,AEA,EN,Combined TRACON& Tower with Radar,0,2,5,0,7,0,0,14,0,14,0,2,19,0,21,0,0,0,21
04/27/2021,BGM,NY,AEA,EN,Combined TRACON& Tower with Radar,0,6,12,0,18,0,2,41,0,43,0,8,53,0,61,32,0,32,93
04/28/2021,BGM,NY,AEA,EN,Combined TRACON& Tower with Radar,0,4,9,2,15,0,0,7,2,9,0,4,16,4,24,20,0,20,44
04/29/2021,BGM,NY,AEA,EN,Combined TRACON& Tower with Radar,0,2,0,0,2,0,0,0,0,0,0,2,0,0,2,0,0,0,2
04/30/2021,BGM,NY,AEA,EN,Combined TRACON& Tower with Radar,4,2,4,0,10,0,0,0,0,0,4,2,4,0,10,0,0,0,10
05/01/2021,BGM,NY,AEA,EN,Combined TRACON& Tower with Radar,0,3,15,0,18,0,0,33,0,33,0,3,48,0,51,50,0,50,101
05/02/2021,BGM,NY,AEA,EN,Combined TRACON& Tower with Radar,0,3,5,0,8,0,0,9,0,9,0,3,14,0,17,9,0,9,26
05/03/2021,BGM,NY,AEA,EN,Combined TRACON& Tower with Radar,0,2,5,0,7,0,0,5,0,5,0,2,10,0,12,26,0,26,38
05/04/2021,BGM,NY,AEA,EN,Combined TRACON& Tower with Radar,0,2,28,0,30,0,0,5,0,5,0,2,33,0,35,32,0,32,67
05/05/2021,BGM,NY,AEA,EN,Combined TRACON& Tower with Radar,0,3,5,6,14,0,0,0,0,0,0,3,5,6,14,7,0,7,21
05/06/2021,BGM,NY,AEA,EN,Combined TRACON& Tower with Radar,0,3,6,1,10,0,0,21,3,24,0,3,27,4,34,32,0,32,66
05/07/2021,BGM,NY,AEA,EN,Combined TRACON& Tower with Radar,0,4,3,0,7,0,0,23,0,23,0,4,26,0,30,21,0,21,51
05/08/2021,BGM,NY,AEA,EN,Combined TRACON& Tower with Radar,0,3,4,0,7,0,0,2,0,2,0,3,6,0,9,0,0,0,9
05/09/2021,BGM,NY,AEA,EN,Combined TRACON& Tower with Radar,0,2,2,0,4,0,0,9,0,9,0,2,11,0,13,0,0,0,13
05/10/2021,BGM,NY,AEA,EN,Combined TRACON& Tower with Radar,0,6,14,0,20,0,0,11,0,11,0,6,25,0,31,39,0,39,70
05/11/2021,BGM,NY,AEA,EN,Combined TRACON& Tower with Radar,0,5,3,0,8,0,0,9,0,9,0,5,12,0,17,0,0,0,17
05/12/2021,BGM,NY,AEA,EN,Combined TRACON& Tower with Radar,0,2,3,2,7,0,0,8,0,8,0,2,11,2,15,6,0,6,21
05/13/2021,BGM,NY,AEA,EN,Combined TRACON& Tower with Radar,0,5,5,0,10,0,0,26,0,26,0,5,31,0,36,16,0,16,52
05/14/2021,BGM,NY,AEA,EN,Combined TRACON& Tower with Radar,0,12,14,0,26,0,1,24,2,27,0,13,38,2,53,18,0,18,71
05/15/2021,BGM,NY,AEA,EN,Combined TRACON& Tower with Radar,0,8,4,0,12,0,0,26,0,26,0,8,30,0,38,24,0,24,62
05/16/2021,BGM,NY,AEA,EN,Combined TRACON& Tower with Radar,0,2,13,0,15,0,0,13,0,13,0,2,26,0,28,0,0,0,28
05/17/2021,BGM,NY,AEA,EN,Combined TRACON& Tower with Radar,0,3,8,0,11,0,0,16,0,16,0,3,24,0,27,34,0,34,61
05/18/2021,BGM,NY,AEA,EN,Combined TRACON& Tower with Radar,0,2,6,1,9,0,0,26,0,26,0,2,32,1,35,20,0,20,55
05/19/2021,BGM,NY,AEA,EN,Combined TRACON& Tower with Radar,0,4,10,10,24,0,0,28,0,28,0,4,38,10,52,40,0,40,92
05/20/2021,BGM,NY,AEA,EN,Combined TRACON& Tower with Radar,0,5,5,0,10,0,2,17,0,19,0,7,22,0,29,37,0,37,66
05/21/2021,BGM,NY,AEA,EN,Combined TRACON& Tower with Radar,0,3,4,0,7,0,0,23,0,23,0,3,27,0,30,18,0,18,48
05/22/2021,BGM,NY,AEA,EN,Combined TRACON& Tower with Radar,0,4,5,0,9,0,0,11,0,11,0,4,16,0,20,26,0,26,46
05/23/2021,BGM,NY,AEA,EN,Combined TRACON& Tower with Radar,0,5,5,0,10,0,0,3,0,3,0,5,8,0,13,0,0,0,13
05/24/2021,BGM,NY,AEA,EN,Combined TRACON& Tower with Radar,0,3,8,0,11,0,0,26,0,26,0,3,34,0,37,24,0,24,61
05/25/2021,BGM,NY,AEA,EN,Combined TRACON& Tower with Radar,0,2,7,0,9,0,0,12,0,12,0,2,19,0,21,8,0,8,29
05/26/2021,BGM,NY,AEA,EN,Combined TRACON& Tower with Radar,0,5,8,2,15,0,0,5,0,5,0,5,13,2,20,8,0,8,28
05/27/2021,BGM,NY,AEA,EN,Combined TRACON& Tower with Radar,0,7,18,0,25,0,0,23,0,23,0,7,41,0,48,34,0,34,82
05/28/2021,BGM,NY,AEA,EN,Combined TRACON& Tower with Radar,0,2,6,0,8,0,0,6,0,6,0,2,12,0,14,34,0,34,48
05/29/2021,BGM,NY,AEA,EN,Combined TRACON& Tower with Radar,0,3,6,0,9,0,0,0,0,0,0,3,6,0,9,0,0,0,9
05/30/2021,BGM,NY,AEA,EN,Combined TRACON& Tower with Radar,0,3,14,0,17,0,0,4,0,4,0,3,18,0,21,0,0,0,21
05/31/2021,BGM,NY,AEA,EN,Combined TRACON& Tower with Radar,0,7,9,0,16,0,0,25,0,25,0,7,34,0,41,16,0,16,57
06/01/2021,BGM,NY,AEA,EN,Combined TRACON& Tower with Radar,0,5,10,0,15,0,0,34,0,34,0,5,44,0,49,42,0,42,91
06/02/2021,BGM,NY,AEA,EN,Combined TRACON& Tower with Radar,0,4,8,1,13,0,0,12,0,12,0,4,20,1,25,0,0,0,25
06/03/2021,BGM,NY,AEA,EN,Combined TRACON& Tower with Radar,0,5,10,0,15,0,0,1,0,1,0,5,11,0,16,0,0,0,16
06/04/2021,BGM,NY,AEA,EN,Combined TRACON& Tower with Radar,0,6,2,4,12,0,0,13,0,13,0,6,15,4,25,54,0,54,79
06/05/2021,BGM,NY,AEA,EN,Combined TRACON& Tower with Radar,0,3,12,0,15,0,2,35,0,37,0,5,47,0,52,42,0,42,94
06/06/2021,BGM,NY,AEA,EN,Combined TRACON& Tower with Radar,0,6,6,0,12,0,0,26,0,26,0,6,32,0,38,40,0,40,78
06/07/2021,BGM,NY,AEA,EN,Combined TRACON& Tower with Radar,0,3,11,0,14,0,0,15,0,15,0,3,26,0,29,38,0,38,67
06/08/2021,BGM,NY,AEA,EN,Combined TRACON& Tower with Radar,0,3,2,0,5,0,0,3,0,3,0,3,5,0,8,0,0,0,8
06/09/2021,BGM,NY,AEA,EN,Combined TRACON& Tower with Radar,0,3,6,3,12,0,0,4,1,5,0,3,10,4,17,28,0,28,45
06/10/2021,BGM,NY,AEA,EN,Combined TRACON& Tower with Radar,0,3,18,3,24,0,0,33,17,50,0,3,51,20,74,71,0,71,145
06/11/2021,BGM,NY,AEA,EN,Combined TRACON& Tower with Radar,0,5,5,3,13,0,0,16,0,16,0,5,21,3,29,16,0,16,45
06/12/2021,BGM,NY,AEA,EN,Combined TRACON& Tower with Radar,0,4,18,0,22,0,0,25,0,25,0,4,43,0,47,6,0,6,53
06/13/2021,BGM,NY,AEA,EN,Combined TRACON& Tower with Radar,0,4,5,0,9,0,0,13,0,13,0,4,18,0,22,10,0,10,32
06/14/2021,BGM,NY,AEA,EN,Combined TRACON& Tower with Radar,0,4,5,0,9,0,0,9,0,9,0,4,14,0,18,8,0,8,26
06/15/2021,BGM,NY,AEA,EN,Combined TRACON& Tower with Radar,0,6,15,0,21,0,0,2,0,2,0,6,17,0,23,0,0,0,23
06/16/2021,BGM,NY,AEA,EN,Combined TRACON& Tower with Radar,0,5,10,0,15,0,0,23,0,23,0,5,33,0,38,20,0,20,58
06/17/2021,BGM,NY,AEA,EN,Combined TRACON& Tower with Radar,0,7,8,4,19,0,0,29,0,29,0,7,37,4,48,42,0,42,90
06/18/2021,BGM,NY,AEA,EN,Combined TRACON& Tower with Radar,0,2,8,0,10,0,0,20,0,20,0,2,28,0,30,22,0,22,52
06/19/2021,BGM,NY,AEA,EN,Combined TRACON& Tower with Radar,0,2,5,0,7,0,0,14,0,14,0,2,19,0,21,4,0,4,25
06/20/2021,BGM,NY,AEA,EN,Combined TRACON& Tower with Radar,0,3,24,0,27,0,0,14,2,16,0,3,38,2,43,4,0,4,47
06/21/2021,BGM,NY,AEA,EN,Combined TRACON& Tower with Radar,0,2,11,7,20,0,0,2,5,7,0,2,13,12,27,4,23,27,54
06/22/2021,BGM,NY,AEA,EN,Combined TRACON& Tower with Radar,0,3,16,0,19,0,0,1,2,3,0,3,17,2,22,0,0,0,22
06/23/2021,BGM,NY,AEA,EN,Combined TRACON& Tower with Radar,0,3,21,0,24,0,0,32,0,32,0,3,53,0,56,6,0,6,62
06/24/2021,BGM,NY,AEA,EN,Combined TRACON& Tower with Radar,0,3,18,0,21,0,0,24,3,27,0,3,42,3,48,32,0,32,80
06/25/2021,BGM,NY,AEA,EN,Combined TRACON& Tower with Radar,0,9,4,0,13,0,0,12,0,12,0,9,16,0,25,2,0,2,27
06/26/2021,BGM,NY,AEA,EN,Combined TRACON& Tower with Radar,0,2,3,0,5,0,0,8,0,8,0,2,11,0,13,2,0,2,15
06/27/2021,BGM,NY,AEA,EN,Combined TRACON& Tower with Radar,0,6,7,0,13,0,0,20,0,20,0,6,27,0,33,0,0,0,33
06/28/2021,BGM,NY,AEA,EN,Combined TRACON& Tower with Radar,0,5,6,0,11,0,0,6,0,6,0,5,12,0,17,27,0,27,44
06/29/2021,BGM,NY,AEA,EN,Combined TRACON& Tower with Radar,0,8,5,1,14,0,0,10,1,11,0,8,15,2,25,12,0,12,37
06/30/2021,BGM,NY,AEA,EN,Combined TRACON& Tower with Radar,0,6,2,0,8,0,0,8,0,8,0,6,10,0,16,8,0,8,24
07/01/2021,BGM,NY,AEA,EN,Combined TRACON& Tower with Radar,0,11,8,0,19,0,0,0,0,0,0,11,8,0,19,0,0,0,19
07/02/2021,BGM,NY,AEA,EN,Combined TRACON& Tower with Radar,0,9,5,0,14,0,0,0,0,0,0,9,5,0,14,8,0,8,22
07/03/2021,BGM,NY,AEA,EN,Combined TRACON& Tower with Radar,0,2,6,0,8,0,0,0,0,0,0,2,6,0,8,0,0,0,8
07/04/2021,BGM,NY,AEA,EN,Combined TRACON& Tower with Radar,0,12,3,0,15,0,0,18,0,18,0,12,21,0,33,16,0,16,49
07/05/2021,BGM,NY,AEA,EN,Combined TRACON& Tower with Radar,0,2,6,0,8,0,0,35,0,35,0,2,41,0,43,17,0,17,60
07/06/2021,BGM,NY,AEA,EN,Combined TRACON& Tower with Radar,0,7,2,8,17,0,0,2,0,2,0,7,4,8,19,0,0,0,19
07/07/2021,BGM,NY,AEA,EN,Combined TRACON& Tower with Radar,0,5,6,0,11,0,0,10,0,10,0,5,16,0,21,0,0,0,21
07/08/2021,BGM,NY,AEA,EN,Combined TRACON& Tower with Radar,0,5,3,2,10,0,0,0,0,0,0,5,3,2,10,0,0,0,10
07/09/2021,BGM,NY,AEA,EN,Combined TRACON& Tower with Radar,0,6,4,0,10,0,0,6,0,6,0,6,10,0,16,16,0,16,32
07/10/2021,BGM,NY,AEA,EN,Combined TRACON& Tower with Radar,0,3,14,0,17,0,0,24,0,24,0,3,38,0,41,4,0,4,45
07/11/2021,BGM,NY,AEA,EN,Combined TRACON& Tower with Radar,0,2,14,0,16,0,0,11,0,11,0,2,25,0,27,12,0,12,39
07/12/2021,BGM,NY,AEA,EN,Combined TRACON& Tower with Radar,0,2,4,0,6,0,0,1,0,1,0,2,5,0,7,0,0,0,7
07/13/2021,BGM,NY,AEA,EN,Combined TRACON& Tower with Radar,0,2,2,0,4,0,0,13,0,13,0,2,15,0,17,8,0,8,25
07/14/2021,BGM,NY,AEA,EN,Combined TRACON& Tower with Radar,0,7,2,1,10,0,0,9,0,9,0,7,11,1,19,0,0,0,19
07/15/2021,BGM,NY,AEA,EN,Combined TRACON& Tower with Radar,0,5,4,6,15,0,0,8,5,13,0,5,12,11,28,8,0,8,36
07/16/2021,BGM,NY,AEA,EN,Combined TRACON& Tower with Radar,0,2,2,1,5,0,0,3,2,5,0,2,5,3,10,0,0,0,10
07/17/2021,BGM,NY,AEA,EN,Combined TRACON& Tower with Radar,0,4,6,0,10,0,0,3,0,3,0,4,9,0,13,0,0,0,13
07/18/2021,BGM,NY,AEA,EN,Combined TRACON& Tower with Radar,0,2,2,2,6,0,0,0,0,0,0,2,2,2,6,0,0,0,6
07/19/2021,BGM,NY,AEA,EN,Combined TRACON& Tower with Radar,0,10,9,4,23,0,2,30,1,33,0,12,39,5,56,2,0,2,58
07/20/2021,BGM,NY,AEA,EN,Combined TRACON& Tower with Radar,0,13,7,1,21,0,0,4,0,4,0,13,11,1,25,0,0,0,25
07/21/2021,BGM,NY,AEA,EN,Combined TRACON& Tower with Radar,0,3,9,0,12,0,1,17,0,18,0,4,26,0,30,0,0,0,30
07/22/2021,BGM,NY,AEA,EN,Combined TRACON& Tower with Radar,0,7,10,0,17,0,0,18,0,18,0,7,28,0,35,30,0,30,65
07/23/2021,BGM,NY,AEA,EN,Combined TRACON& Tower with Radar,0,7,9,0,16,0,0,25,0,25,0,7,34,0,41,24,0,24,65
07/24/2021,BGM,NY,AEA,EN,Combined TRACON& Tower with Radar,0,5,9,0,14,0,0,23,0,23,0,5,32,0,37,36,0,36,73
07/25/2021,BGM,NY,AEA,EN,Combined TRACON& Tower with Radar,0,5,12,0,17,0,1,7,0,8,0,6,19,0,25,0,0,0,25
07/26/2021,BGM,NY,AEA,EN,Combined TRACON& Tower with Radar,0,2,15,0,17,0,0,23,0,23,0,2,38,0,40,20,0,20,60
07/27/2021,BGM,NY,AEA,EN,Combined TRACON& Tower with Radar,0,4,8,0,12,0,0,11,0,11,0,4,19,0,23,18,0,18,41
07/28/2021,BGM,NY,AEA,EN,Combined TRACON& Tower with Radar,0,4,18,0,22,0,0,19,0,19,0,4,37,0,41,0,0,0,41
07/29/2021,BGM,NY,AEA,EN,Combined TRACON& Tower with Radar,0,8,2,0,10,0,0,6,0,6,0,8,8,0,16,12,0,12,28
07/30/2021,BGM,NY,AEA,EN,Combined TRACON& Tower with Radar,0,4,4,0,8,0,0,5,0,5,0,4,9,0,13,0,0,0,13
07/31/2021,BGM,NY,AEA,EN,Combined TRACON& Tower with Radar,0,2,9,0,11,0,0,25,0,25,0,2,34,0,36,26,0,26,62
08/01/2021,BGM,NY,AEA,EN,Combined TRACON& Tower with Radar,0,4,8,0,12,0,0,9,0,9,0,4,17,0,21,27,0,27,48
08/02/2021,BGM,NY,AEA,EN,Combined TRACON& Tower with Radar,0,2,8,0,10,0,0,14,0,14,0,2,22,0,24,2,0,2,26
08/03/2021,BGM,NY,AEA,EN,Combined TRACON& Tower with Radar,0,2,2,2,6,0,0,19,0,19,0,2,21,2,25,6,0,6,31
08/04/2021,BGM,NY,AEA,EN,Combined TRACON& Tower with Radar,0,8,11,2,21,0,0,23,0,23,0,8,34,2,44,6,0,6,50
08/05/2021,BGM,NY,AEA,EN,Combined TRACON& Tower with Radar,0,2,4,0,6,0,1,25,0,26,0,3,29,0,32,18,0,18,50
08/06/2021,BGM,NY,AEA,EN,Combined TRACON& Tower with Radar,0,6,6,0,12,0,0,29,0,29,0,6,35,0,41,55,0,55,96
08/07/2021,BGM,NY,AEA,EN,Combined TRACON& Tower with Radar,0,4,3,0,7,0,0,14,2,16,0,4,17,2,23,16,20,36,59
08/08/2021,BGM,NY,AEA,EN,Combined TRACON& Tower with Radar,0,2,3,0,5,0,4,6,0,10,0,6,9,0,15,8,0,8,23
08/09/2021,BGM,NY,AEA,EN,Combined TRACON& Tower with Radar,0,10,3,0,13,0,0,22,0,22,0,10,25,0,35,25,0,25,60
08/10/2021,BGM,NY,AEA,EN,Combined TRACON& Tower with Radar,0,5,2,0,7,0,0,7,0,7,0,5,9,0,14,8,0,8,22
08/11/2021,BGM,NY,AEA,EN,Combined TRACON& Tower with Radar,0,4,10,0,14,0,0,19,0,19,0,4,29,0,33,18,0,18,51
08/12/2021,BGM,NY,AEA,EN,Combined TRACON& Tower with Radar,0,3,6,0,9,0,0,12,0,12,0,3,18,0,21,16,0,16,37
08/13/2021,BGM,NY,AEA,EN,Combined TRACON& Tower with Radar,0,6,0,0,6,0,2,11,0,13,0,8,11,0,19,8,0,8,27
08/14/2021,BGM,NY,AEA,EN,Combined TRACON& Tower with Radar,0,4,6,0,10,0,2,23,0,25,0,6,29,0,35,12,0,12,47
08/15/2021,BGM,NY,AEA,EN,Combined TRACON& Tower with Radar,0,4,2,0,6,0,0,26,0,26,0,4,28,0,32,40,0,40,72
08/16/2021,BGM,NY,AEA,EN,Combined TRACON& Tower with Radar,0,3,11,0,14,0,0,32,0,32,0,3,43,0,46,6,0,6,52
08/17/2021,BGM,NY,AEA,EN,Combined TRACON& Tower with Radar,0,5,11,0,16,0,0,0,0,0,0,5,11,0,16,10,0,10,26
08/18/2021,BGM,NY,AEA,EN,Combined TRACON& Tower with Radar,0,5,3,0,8,0,0,0,0,0,0,5,3,0,8,0,0,0,8
08/19/2021,BGM,NY,AEA,EN,Combined TRACON& Tower with Radar,0,9,3,0,12,0,0,0,0,0,0,9,3,0,12,0,0,0,12
08/20/2021,BGM,NY,AEA,EN,Combined TRACON& Tower with Radar,0,3,24,0,27,0,0,11,0,11,0,3,35,0,38,0,0,0,38
08/21/2021,BGM,NY,AEA,EN,Combined TRACON& Tower with Radar,0,2,6,0,8,0,0,1,0,1,0,2,7,0,9,0,0,0,9
08/22/2021,BGM,NY,AEA,EN,Combined TRACON& Tower with Radar,0,5,8,0,13,0,0,2,0,2,0,5,10,0,15,0,0,0,15
08/23/2021,BGM,NY,AEA,EN,Combined TRACON& Tower with Radar,0,9,8,0,17,0,1,1,0,2,0,10,9,0,19,12,0,12,31
08/24/2021,BGM,NY,AEA,EN,Combined TRACON& Tower with Radar,0,6,16,1,23,0,0,28,1,29,0,6,44,2,52,48,0,48,100
08/25/2021,BGM,NY,AEA,EN,Combined TRACON& Tower with Radar,0,13,19,4,36,0,0,26,0,26,0,13,45,4,62,22,16,38,100
08/26/2021,BGM,NY,AEA,EN,Combined TRACON& Tower with Radar,0,9,4,0,13,0,0,19,0,19,0,9,23,0,32,18,0,18,50
08/27/2021,BGM,NY,AEA,EN,Combined TRACON& Tower with Radar,0,5,22,0,27,0,0,3,0,3,0,5,25,0,30,8,0,8,38
08/28/2021,BGM,NY,AEA,EN,Combined TRACON& Tower with Radar,0,11,7,0,18,0,0,2,0,2,0,11,9,0,20,0,0,0,20
08/29/2021,BGM,NY,AEA,EN,Combined TRACON& Tower with Radar,0,11,10,0,21,0,0,0,0,0,0,11,10,0,21,18,0,18,39
08/30/2021,BGM,NY,AEA,EN,Combined TRACON& Tower with Radar,0,7,11,12,30,0,0,1,0,1,0,7,12,12,31,0,8,8,39
08/31/2021,BGM,NY,AEA,EN,Combined TRACON& Tower with Radar,0,5,12,3,20,0,0,21,1,22,0,5,33,4,42,33,0,33,75
09/01/2021,BGM,NY,AEA,EN,Combined TRACON& Tower with Radar,0,5,4,0,9,0,0,0,0,0,0,5,4,0,9,0,0,0,9
09/02/2021,BGM,NY,AEA,EN,Combined TRACON& Tower with Radar,0,7,7,0,14,0,0,6,0,6,0,7,13,0,20,52,0,52,72
09/03/2021,BGM,NY,AEA,EN,Combined TRACON& Tower with Radar,0,7,23,0,30,0,0,20,0,20,0,7,43,0,50,0,0,0,50
09/04/2021,BGM,NY,AEA,EN,Combined TRACON& Tower with Radar,0,6,10,0,16,0,0,25,0,25,0,6,35,0,41,32,0,32,73
09/05/2021,BGM,NY,AEA,EN,Combined TRACON& Tower with Radar,0,7,11,0,18,0,0,0,0,0,0,7,11,0,18,0,0,0,18
09/06/2021,BGM,NY,AEA,EN,Combined TRACON& Tower with Radar,0,2,9,0,11,0,0,7,0,7,0,2,16,0,18,0,0,0,18
09/07/2021,BGM,NY,AEA,EN,Combined TRACON& Tower with Radar,0,7,13,0,20,0,0,22,0,22,0,7,35,0,42,22,0,22,64
09/08/2021,BGM,NY,AEA,EN,Combined TRACON& Tower with Radar,0,8,3,0,11,0,0,6,0,6,0,8,9,0,17,16,0,16,33
09/09/2021,BGM,NY,AEA,EN,Combined TRACON& Tower with Radar,0,5,6,2,13,0,0,6,0,6,0,5,12,2,19,0,0,0,19
09/10/2021,BGM,NY,AEA,EN,Combined TRACON& Tower with Radar,0,5,11,0,16,0,0,19,0,19,0,5,30,0,35,26,0,26,61
09/11/2021,BGM,NY,AEA,EN,Combined TRACON& Tower with Radar,0,3,9,0,12,0,1,25,0,26,0,4,34,0,38,71,0,71,109
09/12/2021,BGM,NY,AEA,EN,Combined TRACON& Tower with Radar,0,4,12,0,16,0,0,22,0,22,0,4,34,0,38,8,0,8,46
09/13/2021,BGM,NY,AEA,EN,Combined TRACON& Tower with Radar,0,4,12,0,16,0,0,6,0,6,0,4,18,0,22,0,0,0,22
09/14/2021,BGM,NY,AEA,EN,Combined TRACON& Tower with Radar,0,2,10,0,12,0,0,3,0,3,0,2,13,0,15,0,0,0,15
09/15/2021,BGM,NY,AEA,EN,Combined TRACON& Tower with Radar,4,5,11,0,20,0,0,3,0,3,4,5,14,0,23,0,0,0,23
09/16/2021,BGM,NY,AEA,EN,Combined TRACON& Tower with Radar,0,4,13,0,17,0,0,17,0,17,0,4,30,0,34,20,0,20,54
09/17/2021,BGM,NY,AEA,EN,Combined TRACON& Tower with Radar,0,6,17,0,23,0,0,6,0,6,0,6,23,0,29,8,0,8,37
09/18/2021,BGM,NY,AEA,EN,Combined TRACON& Tower with Radar,0,6,5,0,11,0,0,3,0,3,0,6,8,0,14,34,0,34,48
09/19/2021,BGM,NY,AEA,EN,Combined TRACON& Tower with Radar,0,6,5,0,11,0,1,41,0,42,0,7,46,0,53,25,0,25,78
09/20/2021,BGM,NY,AEA,EN,Combined TRACON& Tower with Radar,0,9,10,2,21,0,1,30,4,35,0,10,40,6,56,38,0,38,94
09/21/2021,BGM,NY,AEA,EN,Combined TRACON& Tower with Radar,0,6,5,0,11,0,0,8,0,8,0,6,13,0,19,1,0,1,20
09/22/2021,BGM,NY,AEA,EN,Combined TRACON& Tower with Radar,0,4,4,0,8,0,0,0,0,0,0,4,4,0,8,0,0,0,8
09/23/2021,BGM,NY,AEA,EN,Combined TRACON& Tower with Radar,0,8,0,0,8,0,0,1,0,1,0,8,1,0,9,0,0,0,9
09/24/2021,BGM,NY,AEA,EN,Combined TRACON& Tower with Radar,0,7,7,0,14,0,0,5,0,5,0,7,12,0,19,0,0,0,19
09/25/2021,BGM,NY,AEA,EN,Combined TRACON& Tower with Radar,0,2,10,0,12,0,0,24,0,24,0,2,34,0,36,0,0,0,36
09/26/2021,BGM,NY,AEA,EN,Combined TRACON& Tower with Radar,0,5,11,0,16,0,0,21,0,21,0,5,32,0,37,42,0,42,79
09/27/2021,BGM,NY,AEA,EN,Combined TRACON& Tower with Radar,0,6,4,0,10,0,0,4,0,4,0,6,8,0,14,0,0,0,14
09/28/2021,BGM,NY,AEA,EN,Combined TRACON& Tower with Radar,0,5,4,0,9,0,0,4,0,4,0,5,8,0,13,10,0,10,23
09/29/2021,BGM,NY,AEA,EN,Combined TRACON& Tower with Radar,0,11,9,0,20,0,0,16,0,16,0,11,25,0,36,4,0,4,40
09/30/2021,BGM,NY,AEA,EN,Combined TRACON& Tower with Radar,0,6,13,4,23,0,0,23,4,27,0,6,36,8,50,24,6,30,80
10/01/2021,BGM,NY,AEA,EN,Combined TRACON& Tower with Radar,0,5,17,0,22,0,0,17,0,17,0,5,34,0,39,8,0,8,47
10/02/2021,BGM,NY,AEA,EN,Combined TRACON& Tower with Radar,0,3,5,0,8,0,0,17,0,17,0,3,22,0,25,23,0,23,48
10/03/2021,BGM,NY,AEA,EN,Combined TRACON& Tower with Radar,0,3,15,0,18,0,0,0,0,0,0,3,15,0,18,12,0,12,30
10/04/2021,BGM,NY,AEA,EN,Combined TRACON& Tower with Radar,0,7,8,0,15,0,0,0,0,0,0,7,8,0,15,0,0,0,15
10/05/2021,BGM,NY,AEA,EN,Combined TRACON& Tower with Radar,0,5,7,0,12,0,0,1,0,1,0,5,8,0,13,0,0,0,13
10/06/2021,BGM,NY,AEA,EN,Combined TRACON& Tower with Radar,0,5,18,2,25,0,0,8,0,8,0,5,26,2,33,10,0,10,43
10/07/2021,BGM,NY,AEA,EN,Combined TRACON& Tower with Radar,0,7,8,0,15,0,0,22,0,22,0,7,30,0,37,32,0,32,69
10/08/2021,BGM,NY,AEA,EN,Combined TRACON& Tower with Radar,0,10,2,0,12,0,0,10,0,10,0,10,12,0,22,16,0,16,38
10/09/2021,BGM,NY,AEA,EN,Combined TRACON& Tower with Radar,0,3,10,0,13,0,0,13,0,13,0,3,23,0,26,6,0,6,32
10/10/2021,BGM,NY,AEA,EN,Combined TRACON& Tower with Radar,0,6,6,0,12,0,0,9,0,9,0,6,15,0,21,10,0,10,31
10/11/2021,BGM,NY,AEA,EN,Combined TRACON& Tower with Radar,0,8,12,0,20,0,0,16,0,16,0,8,28,0,36,12,0,12,48
10/12/2021,BGM,NY,AEA,EN,Combined TRACON& Tower with Radar,0,6,11,0,17,0,0,21,0,21,0,6,32,0,38,10,0,10,48
10/13/2021,BGM,NY,AEA,EN,Combined TRACON& Tower with Radar,0,8,10,7,25,0,0,10,1,11,0,8,20,8,36,10,20,30,66
10/14/2021,BGM,NY,AEA,EN,Combined TRACON& Tower with Radar,0,6,14,0,20,0,0,21,0,21,0,6,35,0,41,44,0,44,85
10/15/2021,BGM,NY,AEA,EN,Combined TRACON& Tower with Radar,0,10,10,0,20,1,0,16,0,17,1,10,26,0,37,10,0,10,47
10/16/2021,BGM,NY,AEA,EN,Combined TRACON& Tower with Radar,0,2,4,0,6,0,0,0,0,0,0,2,4,0,6,0,0,0,6
10/17/2021,BGM,NY,AEA,EN,Combined TRACON& Tower with Radar,0,10,6,0,16,0,0,7,0,7,0,10,13,0,23,16,0,16,39
10/18/2021,BGM,NY,AEA,EN,Combined TRACON& Tower with Radar,0,10,9,0,19,0,0,5,0,5,0,10,14,0,24,0,0,0,24
10/19/2021,BGM,NY,AEA,EN,Combined TRACON& Tower with Radar,0,10,2,0,12,0,0,26,0,26,0,10,28,0,38,4,0,4,42
10/20/2021,BGM,NY,AEA,EN,Combined TRACON& Tower with Radar,0,11,4,0,15,0,0,31,0,31,0,11,35,0,46,8,0,8,54
10/21/2021,BGM,NY,AEA,EN,Combined TRACON& Tower with Radar,0,20,11,1,32,0,0,21,3,24,0,20,32,4,56,48,18,66,122
10/22/2021,BGM,NY,AEA,EN,Combined TRACON& Tower with Radar,0,9,8,0,17,0,0,3,0,3,0,9,11,0,20,0,0,0,20
10/23/2021,BGM,NY,AEA,EN,Combined TRACON& Tower with Radar,0,4,10,0,14,0,0,11,0,11,0,4,21,0,25,25,0,25,50
10/24/2021,BGM,NY,AEA,EN,Combined TRACON& Tower with Radar,0,5,7,0,12,0,0,6,0,6,0,5,13,0,18,24,0,24,42
10/25/2021,BGM,NY,AEA,EN,Combined TRACON& Tower with Radar,0,7,3,0,10,0,0,7,0,7,0,7,10,0,17,32,0,32,49
10/26/2021,BGM,NY,AEA,EN,Combined TRACON& Tower with Radar,0,6,5,0,11,0,0,0,0,0,0,6,5,0,11,0,0,0,11
10/27/2021,BGM,NY,AEA,EN,Combined TRACON& Tower with Radar,0,12,3,0,15,0,0,7,0,7,0,12,10,0,22,8,0,8,30
10/28/2021,BGM,NY,AEA,EN,Combined TRACON& Tower with Radar,0,8,15,0,23,0,0,17,0,17,0,8,32,0,40,30,0,30,70
10/29/2021,BGM,NY,AEA,EN,Combined TRACON& Tower with Radar,0,5,3,0,8,0,0,5,0,5,0,5,8,0,13,0,0,0,13
10/30/2021,BGM,NY,AEA,EN,Combined TRACON& Tower with Radar,0,5,0,0,5,0,0,0,0,0,0,5,0,0,5,0,0,0,5
10/31/2021,BGM,NY,AEA,EN,Combined TRACON& Tower with Radar,0,2,3,0,5,0,0,0,0,0,0,2,3,0,5,0,0,0,5
11/01/2021,BGM,NY,AEA,EN,Combined TRACON& Tower with Radar,0,11,8,0,19,0,0,16,0,16,0,11,24,0,35,20,0,20,55
11/02/2021,BGM,NY,AEA,EN,Combined TRACON& Tower with Radar,0,4,8,0,12,0,0,10,0,10,0,4,18,0,22,0,0,0,22
11/03/2021,BGM,NY,AEA,EN,Combined TRACON& Tower with Radar,0,4,5,0,9,0,0,5,0,5,0,4,10,0,14,12,0,12,26
11/04/2021,BGM,NY,AEA,EN,Combined TRACON& Tower with Radar,0,5,6,0,11,0,0,14,4,18,0,5,20,4,29,36,0,36,65
11/05/2021,BGM,NY,AEA,EN,Combined TRACON& Tower with Radar,0,4,10,0,14,0,0,28,0,28,0,4,38,0,42,13,0,13,55
11/06/2021,BGM,NY,AEA,EN,Combined TRACON& Tower with Radar,0,6,0,0,6,0,0,33,0,33,0,6,33,0,39,56,0,56,95
11/07/2021,BGM,NY,AEA,EN,Combined TRACON& Tower with Radar,0,4,8,0,12,0,0,33,0,33,0,4,41,0,45,30,0,30,75
11/08/2021,BGM,NY,AEA,EN,Combined TRACON& Tower with Radar,0,6,7,0,13,0,1,32,0,33,0,7,39,0,46,12,0,12,58
11/09/2021,BGM,NY,AEA,EN,Combined TRACON& Tower with Radar,0,7,6,0,13,0,0,27,2,29,0,7,33,2,42,26,0,26,68
11/10/2021,BGM,NY,AEA,EN,Combined TRACON& Tower with Radar,0,5,5,0,10,0,0,15,0,15,0,5,20,0,25,2,0,2,27
11/11/2021,BGM,NY,AEA,EN,Combined TRACON& Tower with Radar,0,6,2,0,8,0,0,9,0,9,0,6,11,0,17,6,0,6,23
11/12/2021,BGM,NY,AEA,EN,Combined TRACON& Tower with Radar,0,4,0,0,4,0,0,10,0,10,0,4,10,0,14,12,0,12,26
11/13/2021,BGM,NY,AEA,EN,Combined TRACON& Tower with Radar,0,2,8,0,10,0,0,0,0,0,0,2,8,0,10,30,0,30,40
11/14/2021,BGM,NY,AEA,EN,Combined TRACON& Tower with Radar,0,3,1,0,4,0,0,8,0,8,0,3,9,0,12,10,0,10,22
11/15/2021,BGM,NY,AEA,EN,Combined TRACON& Tower with Radar,0,6,2,0,8,0,0,2,0,2,0,6,4,0,10,2,0,2,12
11/16/2021,BGM,NY,AEA,EN,Combined TRACON& Tower with Radar,0,5,7,0,12,0,0,18,0,18,0,5,25,0,30,15,0,15,45
11/17/2021,BGM,NY,AEA,EN,Combined TRACON& Tower with Radar,0,4,9,0,13,0,0,9,0,9,0,4,18,0,22,18,0,18,40
11/18/2021,BGM,NY,AEA,EN,Combined TRACON& Tower with Radar,0,5,10,0,15,0,2,6,0,8,0,7,16,0,23,0,0,0,23
11/19/2021,BGM,NY,AEA,EN,Combined TRACON& Tower with Radar,0,9,4,0,13,0,0,5,0,5,0,9,9,0,18,4,0,4,22
11/20/2021,BGM,NY,AEA,EN,Combined TRACON& Tower with Radar,0,2,5,0,7,0,0,38,0,38,0,2,43,0,45,0,0,0,45
11/21/2021,BGM,NY,AEA,EN,Combined TRACON& Tower with Radar,0,5,3,0,8,0,0,16,0,16,0,5,19,0,24,15,0,15,39
11/22/2021,BGM,NY,AEA,EN,Combined TRACON& Tower with Radar,0,8,4,0,12,0,0,2,0,2,0,8,6,0,14,0,0,0,14
11/23/2021,BGM,NY,AEA,EN,Combined TRACON& Tower with Radar,0,8,2,2,12,0,0,2,0,2,0,8,4,2,14,4,0,4,18
11/24/2021,BGM,NY,AEA,EN,Combined TRACON& Tower with Radar,0,11,6,0,17,0,0,16,0,16,0,11,22,0,33,26,0,26,59
11/25/2021,BGM,NY,AEA,EN,Combined TRACON& Tower with Radar,0,2,4,0,6,0,0,7,0,7,0,2,11,0,13,10,0,10,23
11/26/2021,BGM,NY,AEA,EN,Combined TRACON& Tower with Radar,0,4,0,0,4,0,0,0,0,0,0,4,0,0,4,0,0,0,4
11/27/2021,BGM,NY,AEA,EN,Combined TRACON& Tower with Radar,0,5,2,0,7,0,0,1,0,1,0,5,3,0,8,0,0,0,8
11/28/2021,BGM,NY,AEA,EN,Combined TRACON& Tower with Radar,0,5,2,0,7,0,0,0,0,0,0,5,2,0,7,0,0,0,7
11/29/2021,BGM,NY,AEA,EN,Combined TRACON& Tower with Radar,0,8,4,1,13,0,2,0,1,3,0,10,4,2,16,10,0,10,26
11/30/2021,BGM,NY,AEA,EN,Combined TRACON& Tower with Radar,0,6,2,0,8,0,0,0,0,0,0,6,2,0,8,22,0,22,30
12/01/2021,BGM,NY,AEA,EN,Combined TRACON& Tower with Radar,0,4,17,0,21,0,0,16,0,16,0,4,33,0,37,66,0,66,103
12/02/2021,BGM,NY,AEA,EN,Combined TRACON& Tower with Radar,0,8,8,0,16,0,0,2,0,2,0,8,10,0,18,0,0,0,18
12/03/2021,BGM,NY,AEA,EN,Combined TRACON& Tower with Radar,0,6,1,0,7,0,0,6,1,7,0,6,7,1,14,14,0,14,28
12/04/2021,BGM,NY,AEA,EN,Combined TRACON& Tower with Radar,0,4,0,0,4,0,0,14,0,14,0,4,14,0,18,16,0,16,34
12/05/2021,BGM,NY,AEA,EN,Combined TRACON& Tower with Radar,0,8,1,0,9,0,0,12,0,12,0,8,13,0,21,6,0,6,27
12/06/2021,BGM,NY,AEA,EN,Combined TRACON& Tower with Radar,0,4,2,0,6,0,0,0,0,0,0,4,2,0,6,0,0,0,6
12/07/2021,BGM,NY,AEA,EN,Combined TRACON& Tower with Radar,0,5,2,0,7,0,0,17,0,17,0,5,19,0,24,45,0,45,69
12/08/2021,BGM,NY,AEA,EN,Combined TRACON& Tower with Radar,0,4,1,0,5,0,0,0,0,0,0,4,1,0,5,0,0,0,5
12/09/2021,BGM,NY,AEA,EN,Combined TRACON& Tower with Radar,0,4,6,0,10,0,0,9,0,9,0,4,15,0,19,72,0,72,91
12/10/2021,BGM,NY,AEA,EN,Combined TRACON& Tower with Radar,0,7,15,0,22,0,0,16,0,16,0,7,31,0,38,41,0,41,79
12/11/2021,BGM,NY,AEA,EN,Combined TRACON& Tower with Radar,0,3,0,0,3,0,0,0,0,0,0,3,0,0,3,0,0,0,3
12/12/2021,BGM,NY,AEA,EN,Combined TRACON& Tower with Radar,0,3,0,0,3,0,0,10,0,10,0,3,10,0,13,20,0,20,33
12/13/2021,BGM,NY,AEA,EN,Combined TRACON& Tower with Radar,0,3,7,0,10,0,0,20,4,24,0,3,27,4,34,8,0,8,42
12/14/2021,BGM,NY,AEA,EN,Combined TRACON& Tower with Radar,0,5,17,0,22,0,0,32,0,32,0,5,49,0,54,26,0,26,80
12/15/2021,BGM,NY,AEA,EN,Combined TRACON& Tower with Radar,2,2,4,0,8,0,0,16,0,16,2,2,20,0,24,10,0,10,34
12/16/2021,BGM,NY,AEA,EN,Combined TRACON& Tower with Radar,0,9,4,0,13,0,0,14,0,14,0,9,18,0,27,4,0,4,31
12/17/2021,BGM,NY,AEA,EN,Combined TRACON& Tower with Radar,0,5,8,0,13,0,0,23,0,23,0,5,31,0,36,16,0,16,52
12/18/2021,BGM,NY,AEA,EN,Combined TRACON& Tower with Radar,0,8,0,0,8,0,0,0,0,0,0,8,0,0,8,0,0,0,8
12/19/2021,BGM,NY,AEA,EN,Combined TRACON& Tower with Radar,0,3,0,0,3,0,0,0,0,0,0,3,0,0,3,0,0,0,3
12/20/2021,BGM,NY,AEA,EN,Combined TRACON& Tower with Radar,0,5,8,2,15,0,2,25,0,27,0,7,33,2,42,8,0,8,50
12/21/2021,BGM,NY,AEA,EN,Combined TRACON& Tower with Radar,0,2,6,8,16,0,0,19,0,19,0,2,25,8,35,18,0,18,53
12/22/2021,BGM,NY,AEA,EN,Combined TRACON& Tower with Radar,0,4,6,0,10,0,0,3,0,3,0,4,9,0,13,13,0,13,26
12/23/2021,BGM,NY,AEA,EN,Combined TRACON& Tower with Radar,0,6,3,0,9,0,0,3,0,3,0,6,6,0,12,10,0,10,22
12/24/2021,BGM,NY,AEA,EN,Combined TRACON& Tower with Radar,0,2,1,0,3,0,0,2,0,2,0,2,3,0,5,0,0,0,5
12/25/2021,BGM,NY,AEA,EN,Combined TRACON& Tower with Radar,0,2,2,0,4,0,0,0,0,0,0,2,2,0,4,0,0,0,4
12/26/2021,BGM,NY,AEA,EN,Combined TRACON& Tower with Radar,0,5,0,0,5,0,0,4,0,4,0,5,4,0,9,0,0,0,9
12/27/2021,BGM,NY,AEA,EN,Combined TRACON& Tower with Radar,0,2,0,0,2,0,0,0,0,0,0,2,0,0,2,0,0,0,2
12/28/2021,BGM,NY,AEA,EN,Combined TRACON& Tower with Radar,0,7,6,0,13,0,0,8,0,8,0,7,14,0,21,8,0,8,29
12/29/2021,BGM,NY,AEA,EN,Combined TRACON& Tower with Radar,0,6,0,0,6,0,0,0,0,0,0,6,0,0,6,0,0,0,6
12/30/2021,BGM,NY,AEA,EN,Combined TRACON& Tower with Radar,0,2,0,0,2,0,0,0,0,0,0,2,0,0,2,0,0,0,2
12/31/2021,BGM,NY,AEA,EN,Combined TRACON& Tower with Radar,0,3,4,0,7,0,0,4,0,4,0,3,8,0,11,46,0,46,57
01/01/2022,BGM,NY,AEA,EN,Combined TRACON& Tower with Radar,0,1,2,0,3,0,0,0,0,0,0,1,2,0,3,6,0,6,9
01/02/2022,BGM,NY,AEA,EN,Combined TRACON& Tower with Radar,0,6,2,0,8,0,0,0,0,0,0,6,2,0,8,0,0,0,8
01/03/2022,BGM,NY,AEA,EN,Combined TRACON& Tower with Radar,0,3,5,9,17,0,0,6,3,9,0,3,11,12,26,12,0,12,38
01/04/2022,BGM,NY,AEA,EN,Combined TRACON& Tower with Radar,0,4,16,2,22,0,0,28,0,28,0,4,44,2,50,14,0,14,64
01/05/2022,BGM,NY,AEA,EN,Combined TRACON& Tower with Radar,0,2,6,6,14,0,0,10,0,10,0,2,16,6,24,12,0,12,36
01/06/2022,BGM,NY,AEA,EN,Combined TRACON& Tower with Radar,0,2,6,0,8,0,0,9,0,9,0,2,15,0,17,18,0,18,35
01/07/2022,BGM,NY,AEA,EN,Combined TRACON& Tower with Radar,0,4,1,0,5,0,0,0,0,0,0,4,1,0,5,0,0,0,5
01/08/2022,BGM,NY,AEA,EN,Combined TRACON& Tower with Radar,0,4,4,0,8,0,0,19,0,19,0,4,23,0,27,0,0,0,27
01/09/2022,BGM,NY,AEA,EN,Combined TRACON& Tower with Radar,0,3,0,0,3,0,0,0,0,0,0,3,0,0,3,0,0,0,3
01/10/2022,BGM,NY,AEA,EN,Combined TRACON& Tower with Radar,0,3,5,0,8,0,0,6,0,6,0,3,11,0,14,0,0,0,14
01/11/2022,BGM,NY,AEA,EN,Combined TRACON& Tower with Radar,0,2,1,0,3,0,0,6,0,6,0,2,7,0,9,0,0,0,9
01/12/2022,BGM,NY,AEA,EN,Combined TRACON& Tower with Radar,0,3,0,0,3,0,0,11,0,11,0,3,11,0,14,34,0,34,48
01/13/2022,BGM,NY,AEA,EN,Combined TRACON& Tower with Radar,0,2,1,2,5,0,0,11,1,12,0,2,12,3,17,30,0,30,47
01/14/2022,BGM,NY,AEA,EN,Combined TRACON& Tower with Radar,0,2,4,0,6,0,0,0,0,0,0,2,4,0,6,0,0,0,6
01/15/2022,BGM,NY,AEA,EN,Combined TRACON& Tower with Radar,0,2,1,0,3,0,0,8,0,8,0,2,9,0,11,8,0,8,19
01/16/2022,BGM,NY,AEA,EN,Combined TRACON& Tower with Radar,0,2,8,0,10,0,0,28,0,28,0,2,36,0,38,16,0,16,54
01/17/2022,BGM,NY,AEA,EN,Combined TRACON& Tower with Radar,0,2,2,0,4,0,0,0,0,0,0,2,2,0,4,0,0,0,4
01/18/2022,BGM,NY,AEA,EN,Combined TRACON& Tower with Radar,0,2,8,0,10,0,0,2,0,2,0,2,10,0,12,0,0,0,12
01/19/2022,BGM,NY,AEA,EN,Combined TRACON& Tower with Radar,0,4,4,2,10,0,0,1,0,1,0,4,5,2,11,4,0,4,15
01/20/2022,BGM,NY,AEA,EN,Combined TRACON& Tower with Radar,0,6,0,0,6,0,0,3,0,3,0,6,3,0,9,0,0,0,9
01/21/2022,BGM,NY,AEA,EN,Combined TRACON& Tower with Radar,0,4,19,0,23,0,1,22,1,24,0,5,41,1,47,0,0,0,47
01/22/2022,BGM,NY,AEA,EN,Combined TRACON& Tower with Radar,0,2,5,0,7,0,0,26,0,26,0,2,31,0,33,22,0,22,55
01/23/2022,BGM,NY,AEA,EN,Combined TRACON& Tower with Radar,0,4,2,0,6,0,0,4,0,4,0,4,6,0,10,6,0,6,16
01/24/2022,BGM,NY,AEA,EN,Combined TRACON& Tower with Radar,0,2,4,0,6,0,0,2,0,2,0,2,6,0,8,0,0,0,8
01/25/2022,BGM,NY,AEA,EN,Combined TRACON& Tower with Radar,0,3,3,0,6,0,0,5,0,5,0,3,8,0,11,0,0,0,11
01/26/2022,BGM,NY,AEA,EN,Combined TRACON& Tower with Radar,0,5,5,4,14,0,0,12,1,13,0,5,17,5,27,72,0,72,99
01/27/2022,BGM,NY,AEA,EN,Combined TRACON& Tower with Radar,0,2,2,0,4,0,0,13,0,13,0,2,15,0,17,14,0,14,31
01/28/2022,BGM,NY,AEA,EN,Combined TRACON& Tower with Radar,0,5,0,0,5,0,0,0,0,0,0,5,0,0,5,0,0,0,5
01/29/2022,BGM,NY,AEA,EN,Combined TRACON& Tower with Radar,0,3,0,0,3,0,0,0,0,0,0,3,0,0,3,0,0,0,3
01/30/2022,BGM,NY,AEA,EN,Combined TRACON& Tower with Radar,0,5,0,0,5,0,0,6,0,6,0,5,6,0,11,32,0,32,43
01/31/2022,BGM,NY,AEA,EN,Combined TRACON& Tower with Radar,0,7,6,2,15,0,0,15,0,15,0,7,21,2,30,16,0,16,46
02/01/2022,BGM,NY,AEA,EN,Combined TRACON& Tower with Radar,0,9,5,0,14,0,0,25,0,25,0,9,30,0,39,6,0,6,45
02/02/2022,BGM,NY,AEA,EN,Combined TRACON& Tower with Radar,0,3,1,8,12,0,0,10,1,11,0,3,11,9,23,0,0,0,23
02/03/2022,BGM,NY,AEA,EN,Combined TRACON& Tower with Radar,0,0,0,4,4,0,0,0,0,0,0,0,0,4,4,0,0,0,4
02/04/2022,BGM,NY,AEA,EN,Combined TRACON& Tower with Radar,0,2,0,0,2,0,0,0,0,0,0,2,0,0,2,0,0,0,2
02/05/2022,BGM,NY,AEA,EN,Combined TRACON& Tower with Radar,0,0,0,0,0,0,0,0,0,0,0,0,0,0,0,0,0,0,0
02/06/2022,BGM,NY,AEA,EN,Combined TRACON& Tower with Radar,0,5,6,0,11,0,0,12,0,12,0,5,18,0,23,2,0,2,25
02/07/2022,BGM,NY,AEA,EN,Combined TRACON& Tower with Radar,0,7,7,0,14,0,0,38,0,38,0,7,45,0,52,14,0,14,66
02/08/2022,BGM,NY,AEA,EN,Combined TRACON& Tower with Radar,0,3,2,0,5,0,0,1,0,1,0,3,3,0,6,40,0,40,46
02/09/2022,BGM,NY,AEA,EN,Combined TRACON& Tower with Radar,0,3,13,0,16,0,0,23,0,23,0,3,36,0,39,36,0,36,75
02/10/2022,BGM,NY,AEA,EN,Combined TRACON& Tower with Radar,0,3,5,0,8,0,0,3,0,3,0,3,8,0,11,14,0,14,25
02/11/2022,BGM,NY,AEA,EN,Combined TRACON& Tower with Radar,0,5,6,2,13,0,0,18,0,18,0,5,24,2,31,16,0,16,47
02/12/2022,BGM,NY,AEA,EN,Combined TRACON& Tower with Radar,0,4,5,0,9,0,0,8,0,8,0,4,13,0,17,0,0,0,17
02/13/2022,BGM,NY,AEA,EN,Combined TRACON& Tower with Radar,0,2,4,0,6,0,0,6,0,6,0,2,10,0,12,58,0,58,70
02/14/2022,BGM,NY,AEA,EN,Combined TRACON& Tower with Radar,0,4,4,2,10,0,2,6,1,9,0,6,10,3,19,16,0,16,35
02/15/2022,BGM,NY,AEA,EN,Combined TRACON& Tower with Radar,0,5,11,0,16,0,0,22,0,22,0,5,33,0,38,12,0,12,50
02/16/2022,BGM,NY,AEA,EN,Combined TRACON& Tower with Radar,0,4,0,0,4,0,0,9,0,9,0,4,9,0,13,0,0,0,13
02/17/2022,BGM,NY,AEA,EN,Combined TRACON& Tower with Radar,0,4,9,0,13,0,0,0,0,0,0,4,9,0,13,6,0,6,19
02/18/2022,BGM,NY,AEA,EN,Combined TRACON& Tower with Radar,0,4,7,0,11,0,0,1,0,1,0,4,8,0,12,0,0,0,12
02/19/2022,BGM,NY,AEA,EN,Combined TRACON& Tower with Radar,0,4,1,0,5,0,0,0,0,0,0,4,1,0,5,0,0,0,5
02/20/2022,BGM,NY,AEA,EN,Combined TRACON& Tower with Radar,0,3,5,0,8,0,0,19,0,19,0,3,24,0,27,19,0,19,46
02/21/2022,BGM,NY,AEA,EN,Combined TRACON& Tower with Radar,0,4,11,0,15,0,0,40,0,40,0,4,51,0,55,20,0,20,75
02/22/2022,BGM,NY,AEA,EN,Combined TRACON& Tower with Radar,0,3,2,0,5,0,0,6,0,6,0,3,8,0,11,54,0,54,65
02/23/2022,BGM,NY,AEA,EN,Combined TRACON& Tower with Radar,0,3,2,10,15,0,0,0,0,0,0,3,2,10,15,66,0,66,81
02/24/2022,BGM,NY,AEA,EN,Combined TRACON& Tower with Radar,0,5,7,0,12,0,0,15,2,17,0,5,22,2,29,45,0,45,74
02/25/2022,BGM,NY,AEA,EN,Combined TRACON& Tower with Radar,0,4,0,0,4,0,0,0,0,0,0,4,0,0,4,0,0,0,4
02/26/2022,BGM,NY,AEA,EN,Combined TRACON& Tower with Radar,0,4,2,0,6,0,0,12,0,12,0,4,14,0,18,30,0,30,48
02/27/2022,BGM,NY,AEA,EN,Combined TRACON& Tower with Radar,0,2,0,0,2,0,0,4,0,4,0,2,4,0,6,0,0,0,6
02/28/2022,BGM,NY,AEA,EN,Combined TRACON& Tower with Radar,0,4,9,1,14,0,0,20,1,21,0,4,29,2,35,12,0,12,47
03/01/2022,BGM,NY,AEA,EN,Combined TRACON& Tower with Radar,0,2,3,0,5,0,0,7,0,7,0,2,10,0,12,14,0,14,26
03/02/2022,BGM,NY,AEA,EN,Combined TRACON& Tower with Radar,0,5,1,0,6,0,0,18,0,18,0,5,19,0,24,48,0,48,72
03/03/2022,BGM,NY,AEA,EN,Combined TRACON& Tower with Radar,0,5,9,0,14,0,0,1,0,1,0,5,10,0,15,0,0,0,15
03/04/2022,BGM,NY,AEA,EN,Combined TRACON& Tower with Radar,0,3,4,0,7,0,1,23,0,24,0,4,27,0,31,42,0,42,73
03/05/2022,BGM,NY,AEA,EN,Combined TRACON& Tower with Radar,0,2,0,0,2,0,0,28,0,28,0,2,28,0,30,12,0,12,42
03/06/2022,BGM,NY,AEA,EN,Combined TRACON& Tower with Radar,0,2,3,0,5,0,0,2,0,2,0,2,5,0,7,0,0,0,7
03/07/2022,BGM,NY,AEA,EN,Combined TRACON& Tower with Radar,0,3,4,0,7,0,0,0,0,0,0,3,4,0,7,0,0,0,7
03/08/2022,BGM,NY,AEA,EN,Combined TRACON& Tower with Radar,0,3,4,6,13,0,0,10,2,12,0,3,14,8,25,16,10,26,51
03/09/2022,BGM,NY,AEA,EN,Combined TRACON& Tower with Radar,0,2,0,0,2,0,0,0,0,0,0,2,0,0,2,0,0,0,2
03/10/2022,BGM,NY,AEA,EN,Combined TRACON& Tower with Radar,2,2,12,0,16,0,0,8,0,8,2,2,20,0,24,72,0,72,96
03/11/2022,BGM,NY,AEA,EN,Combined TRACON& Tower with Radar,0,4,2,0,6,0,0,24,0,24,0,4,26,0,30,10,0,10,40
03/12/2022,BGM,NY,AEA,EN,Combined TRACON& Tower with Radar,0,4,0,0,4,0,0,0,0,0,0,4,0,0,4,0,0,0,4
03/13/2022,BGM,NY,AEA,EN,Combined TRACON& Tower with Radar,0,3,1,0,4,0,0,0,0,0,0,3,1,0,4,0,0,0,4
03/14/2022,BGM,NY,AEA,EN,Combined TRACON& Tower with Radar,0,3,6,2,11,0,0,8,0,8,0,3,14,2,19,35,0,35,54
03/15/2022,BGM,NY,AEA,EN,Combined TRACON& Tower with Radar,0,2,8,0,10,0,0,16,0,16,0,2,24,0,26,40,0,40,66
03/16/2022,BGM,NY,AEA,EN,Combined TRACON& Tower with Radar,0,12,10,0,22,0,0,24,0,24,0,12,34,0,46,20,0,20,66
03/17/2022,BGM,NY,AEA,EN,Combined TRACON& Tower with Radar,2,6,12,0,20,0,0,13,0,13,2,6,25,0,33,22,0,22,55
03/18/2022,BGM,NY,AEA,EN,Combined TRACON& Tower with Radar,0,7,6,0,13,0,0,26,0,26,0,7,32,0,39,24,0,24,63
03/19/2022,BGM,NY,AEA,EN,Combined TRACON& Tower with Radar,0,2,1,0,3,0,0,2,0,2,0,2,3,0,5,0,0,0,5
03/20/2022,BGM,NY,AEA,EN,Combined TRACON& Tower with Radar,0,3,6,0,9,0,0,0,0,0,0,3,6,0,9,0,0,0,9
03/21/2022,BGM,NY,AEA,EN,Combined TRACON& Tower with Radar,0,2,5,2,9,0,0,12,1,13,0,2,17,3,22,6,0,6,28
03/22/2022,BGM,NY,AEA,EN,Combined TRACON& Tower with Radar,0,6,12,8,26,0,0,37,0,37,0,6,49,8,63,34,0,34,97
03/23/2022,BGM,NY,AEA,EN,Combined TRACON& Tower with Radar,0,5,4,0,9,0,0,16,0,16,0,5,20,0,25,16,0,16,41
03/24/2022,BGM,NY,AEA,EN,Combined TRACON& Tower with Radar,0,2,6,2,10,0,0,2,0,2,0,2,8,2,12,4,0,4,16
03/25/2022,BGM,NY,AEA,EN,Combined TRACON& Tower with Radar,0,3,7,0,10,0,0,9,0,9,0,3,16,0,19,28,0,28,47
03/26/2022,BGM,NY,AEA,EN,Combined TRACON& Tower with Radar,0,2,2,0,4,0,0,1,0,1,0,2,3,0,5,8,0,8,13
03/27/2022,BGM,NY,AEA,EN,Combined TRACON& Tower with Radar,0,4,0,0,4,0,0,0,0,0,0,4,0,0,4,0,0,0,4
03/28/2022,BGM,NY,AEA,EN,Combined TRACON& Tower with Radar,0,6,3,0,9,0,0,1,0,1,0,6,4,0,10,0,0,0,10
03/29/2022,BGM,NY,AEA,EN,Combined TRACON& Tower with Radar,0,3,2,8,13,0,2,10,1,13,0,5,12,9,26,24,0,24,50
03/30/2022,BGM,NY,AEA,EN,Combined TRACON& Tower with Radar,0,5,8,0,13,0,0,20,0,20,0,5,28,0,33,98,0,98,131
03/31/2022,BGM,NY,AEA,EN,Combined TRACON& Tower with Radar,0,7,5,0,12,0,0,0,0,0,0,7,5,0,12,0,0,0,12
04/01/2022,BGM,NY,AEA,EN,Combined TRACON& Tower with Radar,0,3,6,0,9,0,0,0,0,0,0,3,6,0,9,0,0,0,9
04/02/2022,BGM,NY,AEA,EN,Combined TRACON& Tower with Radar,0,2,8,0,10,0,0,41,0,41,0,2,49,0,51,32,0,32,83
04/03/2022,BGM,NY,AEA,EN,Combined TRACON& Tower with Radar,0,7,2,0,9,0,0,0,0,0,0,7,2,0,9,0,0,0,9
04/04/2022,BGM,NY,AEA,EN,Combined TRACON& Tower with Radar,0,2,5,0,7,0,0,18,0,18,0,2,23,0,25,80,0,80,105
04/05/2022,BGM,NY,AEA,EN,Combined TRACON& Tower with Radar,2,0,6,0,8,0,2,30,0,32,2,2,36,0,40,40,0,40,80
04/06/2022,BGM,NY,AEA,EN,Combined TRACON& Tower with Radar,0,2,8,0,10,0,0,2,0,2,0,2,10,0,12,0,0,0,12
04/07/2022,BGM,NY,AEA,EN,Combined TRACON& Tower with Radar,0,2,2,0,4,0,0,0,0,0,0,2,2,0,4,0,0,0,4
04/08/2022,BGM,NY,AEA,EN,Combined TRACON& Tower with Radar,0,2,1,0,3,0,0,3,0,3,0,2,4,0,6,32,0,32,38
04/09/2022,BGM,NY,AEA,EN,Combined TRACON& Tower with Radar,0,6,0,0,6,0,0,4,0,4,0,6,4,0,10,0,0,0,10
04/10/2022,BGM,NY,AEA,EN,Combined TRACON& Tower with Radar,0,3,2,0,5,0,0,0,0,0,0,3,2,0,5,0,0,0,5
04/11/2022,BGM,NY,AEA,EN,Combined TRACON& Tower with Radar,0,3,15,0,18,0,0,38,0,38,0,3,53,0,56,0,0,0,56
04/12/2022,BGM,NY,AEA,EN,Combined TRACON& Tower with Radar,0,9,1,1,11,0,0,23,3,26,0,9,24,4,37,45,0,45,82
04/13/2022,BGM,NY,AEA,EN,Combined TRACON& Tower with Radar,0,6,9,0,15,0,0,12,0,12,0,6,21,0,27,36,0,36,63
04/14/2022,BGM,NY,AEA,EN,Combined TRACON& Tower with Radar,0,4,5,0,9,0,0,2,0,2,0,4,7,0,11,0,0,0,11
04/15/2022,BGM,NY,AEA,EN,Combined TRACON& Tower with Radar,0,2,1,0,3,0,0,7,0,7,0,2,8,0,10,22,0,22,32
04/16/2022,BGM,NY,AEA,EN,Combined TRACON& Tower with Radar,0,2,4,0,6,0,0,0,0,0,0,2,4,0,6,0,0,0,6
04/17/2022,BGM,NY,AEA,EN,Combined TRACON& Tower with Radar,0,6,7,0,13,0,0,8,0,8,0,6,15,0,21,0,0,0,21
04/18/2022,BGM,NY,AEA,EN,Combined TRACON& Tower with Radar,0,6,7,0,13,0,1,9,0,10,0,7,16,0,23,12,0,12,35
04/19/2022,BGM,NY,AEA,EN,Combined TRACON& Tower with Radar,0,6,2,0,8,0,0,0,0,0,0,6,2,0,8,0,0,0,8
04/20/2022,BGM,NY,AEA,EN,Combined TRACON& Tower with Radar,0,7,0,0,7,0,0,5,0,5,0,7,5,0,12,16,0,16,28
04/21/2022,BGM,NY,AEA,EN,Combined TRACON& Tower with Radar,0,5,2,0,7,0,0,0,0,0,0,5,2,0,7,0,0,0,7
04/22/2022,BGM,NY,AEA,EN,Combined TRACON& Tower with Radar,0,4,11,0,15,0,0,36,0,36,0,4,47,0,51,0,0,0,51
04/23/2022,BGM,NY,AEA,EN,Combined TRACON& Tower with Radar,2,1,4,0,7,0,0,23,0,23,2,1,27,0,30,26,0,26,56
04/24/2022,BGM,NY,AEA,EN,Combined TRACON& Tower with Radar,0,3,6,0,9,0,0,29,0,29,0,3,35,0,38,16,0,16,54
04/25/2022,BGM,NY,AEA,EN,Combined TRACON& Tower with Radar,0,4,3,0,7,0,0,11,0,11,0,4,14,0,18,4,0,4,22
04/26/2022,BGM,NY,AEA,EN,Combined TRACON& Tower with Radar,0,8,5,0,13,0,0,0,0,0,0,8,5,0,13,0,0,0,13
04/27/2022,BGM,NY,AEA,EN,Combined TRACON& Tower with Radar,0,8,6,0,14,0,0,0,0,0,0,8,6,0,14,0,0,0,14
04/28/2022,BGM,NY,AEA,EN,Combined TRACON& Tower with Radar,0,5,6,7,18,0,0,12,0,12,0,5,18,7,30,6,2,8,38
04/29/2022,BGM,NY,AEA,EN,Combined TRACON& Tower with Radar,0,5,3,0,8,0,0,10,2,12,0,5,13,2,20,12,0,12,32
04/30/2022,BGM,NY,AEA,EN,Combined TRACON& Tower with Radar,2,0,8,0,10,0,0,35,0,35,2,0,43,0,45,0,0,0,45
05/01/2022,BGM,NY,AEA,EN,Combined TRACON& Tower with Radar,0,2,0,0,2,0,0,24,0,24,0,2,24,0,26,12,0,12,38
05/02/2022,BGM,NY,AEA,EN,Combined TRACON& Tower with Radar,0,5,1,0,6,0,0,1,0,1,0,5,2,0,7,0,0,0,7
05/03/2022,BGM,NY,AEA,EN,Combined TRACON& Tower with Radar,2,8,4,0,14,0,0,15,0,15,2,8,19,0,29,38,0,38,67
05/04/2022,BGM,NY,AEA,EN,Combined TRACON& Tower with Radar,0,5,7,0,12,0,0,0,0,0,0,5,7,0,12,0,0,0,12
05/05/2022,BGM,NY,AEA,EN,Combined TRACON& Tower with Radar,0,6,4,8,18,0,2,36,0,38,0,8,40,8,56,37,0,37,93
05/06/2022,BGM,NY,AEA,EN,Combined TRACON& Tower with Radar,0,6,5,0,11,0,0,2,0,2,0,6,7,0,13,30,0,30,43
05/07/2022,BGM,NY,AEA,EN,Combined TRACON& Tower with Radar,0,2,3,0,5,0,0,7,0,7,0,2,10,0,12,0,0,0,12
05/08/2022,BGM,NY,AEA,EN,Combined TRACON& Tower with Radar,0,6,5,0,11,0,0,22,0,22,0,6,27,0,33,32,0,32,65
05/09/2022,BGM,NY,AEA,EN,Combined TRACON& Tower with Radar,0,5,3,0,8,0,1,33,0,34,0,6,36,0,42,32,0,32,74
05/10/2022,BGM,NY,AEA,EN,Combined TRACON& Tower with Radar,0,2,7,0,9,0,0,23,2,25,0,2,30,2,34,88,0,88,122
05/11/2022,BGM,NY,AEA,EN,Combined TRACON& Tower with Radar,0,3,17,0,20,0,0,22,0,22,0,3,39,0,42,16,0,16,58
05/12/2022,BGM,NY,AEA,EN,Combined TRACON& Tower with Radar,0,4,7,0,11,0,1,24,0,25,0,5,31,0,36,48,0,48,84
05/13/2022,BGM,NY,AEA,EN,Combined TRACON& Tower with Radar,0,3,6,0,9,0,0,9,0,9,0,3,15,0,18,3,0,3,21
05/14/2022,BGM,NY,AEA,EN,Combined TRACON& Tower with Radar,0,3,2,0,5,0,0,5,0,5,0,3,7,0,10,16,0,16,26
05/15/2022,BGM,NY,AEA,EN,Combined TRACON& Tower with Radar,0,4,3,0,7,0,0,1,0,1,0,4,4,0,8,0,0,0,8
05/16/2022,BGM,NY,AEA,EN,Combined TRACON& Tower with Radar,0,2,2,0,4,0,0,1,0,1,0,2,3,0,5,0,0,0,5
05/17/2022,BGM,NY,AEA,EN,Combined TRACON& Tower with Radar,0,2,2,0,4,0,0,1,0,1,0,2,3,0,5,6,0,6,11
05/18/2022,BGM,NY,AEA,EN,Combined TRACON& Tower with Radar,0,5,10,10,25,0,2,20,8,30,0,7,30,18,55,14,0,14,69
05/19/2022,BGM,NY,AEA,EN,Combined TRACON& Tower with Radar,0,4,13,0,17,0,0,0,0,0,0,4,13,0,17,28,0,28,45
05/20/2022,BGM,NY,AEA,EN,Combined TRACON& Tower with Radar,0,2,6,0,8,0,0,15,0,15,0,2,21,0,23,0,0,0,23
05/21/2022,BGM,NY,AEA,EN,Combined TRACON& Tower with Radar,0,4,5,0,9,0,2,30,0,32,0,6,35,0,41,34,0,34,75
05/22/2022,BGM,NY,AEA,EN,Combined TRACON& Tower with Radar,0,2,0,0,2,0,0,7,0,7,0,2,7,0,9,8,0,8,17
05/23/2022,BGM,NY,AEA,EN,Combined TRACON& Tower with Radar,0,8,9,2,19,0,0,17,2,19,0,8,26,4,38,0,0,0,38
05/24/2022,BGM,NY,AEA,EN,Combined TRACON& Tower with Radar,0,4,4,0,8,0,0,18,0,18,0,4,22,0,26,34,0,34,60
05/25/2022,BGM,NY,AEA,EN,Combined TRACON& Tower with Radar,0,2,3,0,5,0,0,16,0,16,0,2,19,0,21,32,0,32,53
05/26/2022,BGM,NY,AEA,EN,Combined TRACON& Tower with Radar,0,6,13,0,19,0,0,7,0,7,0,6,20,0,26,26,0,26,52
05/27/2022,BGM,NY,AEA,EN,Combined TRACON& Tower with Radar,0,5,3,0,8,0,0,2,0,2,0,5,5,0,10,0,0,0,10
05/28/2022,BGM,NY,AEA,EN,Combined TRACON& Tower with Radar,0,3,1,0,4,0,0,4,0,4,0,3,5,0,8,6,0,6,14
05/29/2022,BGM,NY,AEA,EN,Combined TRACON& Tower with Radar,0,4,7,0,11,0,0,30,0,30,0,4,37,0,41,60,0,60,101
05/30/2022,BGM,NY,AEA,EN,Combined TRACON& Tower with Radar,0,5,7,0,12,0,0,18,0,18,0,5,25,0,30,34,0,34,64
05/31/2022,BGM,NY,AEA,EN,Combined TRACON& Tower with Radar,0,6,9,0,15,0,0,11,0,11,0,6,20,0,26,26,0,26,52
06/01/2022,BGM,NY,AEA,EN,Combined TRACON& Tower with Radar,0,4,2,0,6,0,0,0,0,0,0,4,2,0,6,16,4,20,26
06/02/2022,BGM,NY,AEA,EN,Combined TRACON& Tower with Radar,0,7,18,3,28,0,0,22,0,22,0,7,40,3,50,0,0,0,50
06/03/2022,BGM,NY,AEA,EN,Combined TRACON& Tower with Radar,0,1,5,8,14,0,0,27,0,27,0,1,32,8,41,42,0,42,83
06/04/2022,BGM,NY,AEA,EN,Combined TRACON& Tower with Radar,0,3,8,0,11,0,0,14,0,14,0,3,22,0,25,43,0,43,68
06/05/2022,BGM,NY,AEA,EN,Combined TRACON& Tower with Radar,0,9,8,0,17,2,0,29,0,31,2,9,37,0,48,14,0,14,62
06/06/2022,BGM,NY,AEA,EN,Combined TRACON& Tower with Radar,0,4,7,0,11,0,0,11,1,12,0,4,18,1,23,20,0,20,43
06/07/2022,BGM,NY,AEA,EN,Combined TRACON& Tower with Radar,0,5,3,2,10,0,0,4,2,6,0,5,7,4,16,51,8,59,75
06/08/2022,BGM,NY,AEA,EN,Combined TRACON& Tower with Radar,0,9,11,0,20,0,4,17,0,21,0,13,28,0,41,36,0,36,77
06/09/2022,BGM,NY,AEA,EN,Combined TRACON& Tower with Radar,0,9,8,0,17,0,0,0,0,0,0,9,8,0,17,4,0,4,21
06/10/2022,BGM,NY,AEA,EN,Combined TRACON& Tower with Radar,0,4,4,0,8,0,0,25,0,25,0,4,29,0,33,20,0,20,53
06/11/2022,BGM,NY,AEA,EN,Combined TRACON& Tower with Radar,0,2,1,0,3,0,0,20,0,20,0,2,21,0,23,38,0,38,61
06/12/2022,BGM,NY,AEA,EN,Combined TRACON& Tower with Radar,0,3,0,0,3,0,0,3,0,3,0,3,3,0,6,0,0,0,6
06/13/2022,BGM,NY,AEA,EN,Combined TRACON& Tower with Radar,0,4,10,5,19,0,0,12,5,17,0,4,22,10,36,20,14,34,70
06/14/2022,BGM,NY,AEA,EN,Combined TRACON& Tower with Radar,0,8,9,2,19,0,0,26,0,26,0,8,35,2,45,2,0,2,47
06/15/2022,BGM,NY,AEA,EN,Combined TRACON& Tower with Radar,0,8,15,0,23,0,0,12,0,12,0,8,27,0,35,72,0,72,107
06/16/2022,BGM,NY,AEA,EN,Combined TRACON& Tower with Radar,0,6,15,0,21,0,0,0,0,0,0,6,15,0,21,0,0,0,21
06/17/2022,BGM,NY,AEA,EN,Combined TRACON& Tower with Radar,0,3,3,8,14,0,0,12,0,12,0,3,15,8,26,28,0,28,54
06/18/2022,BGM,NY,AEA,EN,Combined TRACON& Tower with Radar,0,2,2,0,4,0,0,0,0,0,0,2,2,0,4,0,0,0,4
06/19/2022,BGM,NY,AEA,EN,Combined TRACON& Tower with Radar,0,2,4,0,6,0,0,11,0,11,0,2,15,0,17,0,0,0,17
06/20/2022,BGM,NY,AEA,EN,Combined TRACON& Tower with Radar,0,2,9,0,11,0,0,29,0,29,0,2,38,0,40,44,0,44,84
06/21/2022,BGM,NY,AEA,EN,Combined TRACON& Tower with Radar,0,3,4,0,7,0,0,17,0,17,0,3,21,0,24,44,0,44,68
06/22/2022,BGM,NY,AEA,EN,Combined TRACON& Tower with Radar,0,8,2,0,10,0,0,10,0,10,0,8,12,0,20,40,0,40,60
06/23/2022,BGM,NY,AEA,EN,Combined TRACON& Tower with Radar,0,5,11,0,16,0,0,3,0,3,0,5,14,0,19,0,0,0,19
06/24/2022,BGM,NY,AEA,EN,Combined TRACON& Tower with Radar,0,3,15,0,18,0,0,25,0,25,0,3,40,0,43,21,0,21,64
06/25/2022,BGM,NY,AEA,EN,Combined TRACON& Tower with Radar,0,2,6,0,8,0,0,22,0,22,0,2,28,0,30,56,0,56,86
06/26/2022,BGM,NY,AEA,EN,Combined TRACON& Tower with Radar,0,3,12,0,15,0,0,23,0,23,0,3,35,0,38,6,0,6,44
06/27/2022,BGM,NY,AEA,EN,Combined TRACON& Tower with Radar,0,3,10,2,15,0,0,7,0,7,0,3,17,2,22,10,0,10,32
06/28/2022,BGM,NY,AEA,EN,Combined TRACON& Tower with Radar,0,4,12,0,16,0,0,41,0,41,0,4,53,0,57,32,0,32,89
06/29/2022,BGM,NY,AEA,EN,Combined TRACON& Tower with Radar,0,8,8,0,16,0,0,26,0,26,0,8,34,0,42,20,0,20,62
06/30/2022,BGM,NY,AEA,EN,Combined TRACON& Tower with Radar,0,5,9,0,14,0,0,16,0,16,0,5,25,0,30,58,0,58,88
07/01/2022,BGM,NY,AEA,EN,Combined TRACON& Tower with Radar,0,7,7,0,14,0,0,17,0,17,0,7,24,0,31,8,0,8,39
07/02/2022,BGM,NY,AEA,EN,Combined TRACON& Tower with Radar,0,4,2,0,6,0,0,14,0,14,0,4,16,0,20,10,0,10,30
07/03/2022,BGM,NY,AEA,EN,Combined TRACON& Tower with Radar,0,2,1,0,3,0,0,31,0,31,0,2,32,0,34,0,0,0,34
07/04/2022,BGM,NY,AEA,EN,Combined TRACON& Tower with Radar,0,4,3,0,7,0,0,23,0,23,0,4,26,0,30,6,0,6,36
07/05/2022,BGM,NY,AEA,EN,Combined TRACON& Tower with Radar,0,2,5,0,7,0,0,3,0,3,0,2,8,0,10,0,0,0,10
07/06/2022,BGM,NY,AEA,EN,Combined TRACON& Tower with Radar,0,6,10,0,16,0,0,22,0,22,0,6,32,0,38,28,0,28,66
07/07/2022,BGM,NY,AEA,EN,Combined TRACON& Tower with Radar,0,5,7,4,16,0,0,36,6,42,0,5,43,10,58,36,0,36,94
07/08/2022,BGM,NY,AEA,EN,Combined TRACON& Tower with Radar,0,2,7,0,9,0,0,24,0,24,0,2,31,0,33,30,0,30,63
07/09/2022,BGM,NY,AEA,EN,Combined TRACON& Tower with Radar,0,5,8,0,13,0,0,33,0,33,0,5,41,0,46,68,0,68,114
07/10/2022,BGM,NY,AEA,EN,Combined TRACON& Tower with Radar,0,3,10,0,13,0,0,24,0,24,0,3,34,0,37,42,0,42,79
07/11/2022,BGM,NY,AEA,EN,Combined TRACON& Tower with Radar,0,5,6,0,11,0,0,17,0,17,0,5,23,0,28,6,0,6,34
07/12/2022,BGM,NY,AEA,EN,Combined TRACON& Tower with Radar,0,5,5,0,10,0,0,5,0,5,0,5,10,0,15,0,0,0,15
07/13/2022,BGM,NY,AEA,EN,Combined TRACON& Tower with Radar,0,2,6,0,8,0,0,21,0,21,0,2,27,0,29,10,0,10,39
07/14/2022,BGM,NY,AEA,EN,Combined TRACON& Tower with Radar,0,2,11,0,13,0,0,12,0,12,0,2,23,0,25,35,0,35,60
07/15/2022,BGM,NY,AEA,EN,Combined TRACON& Tower with Radar,0,4,7,4,15,0,0,36,0,36,0,4,43,4,51,30,16,46,97
07/16/2022,BGM,NY,AEA,EN,Combined TRACON& Tower with Radar,0,7,3,0,10,0,0,13,0,13,0,7,16,0,23,34,0,34,57
07/17/2022,BGM,NY,AEA,EN,Combined TRACON& Tower with Radar,0,9,5,0,14,0,0,13,0,13,0,9,18,0,27,70,0,70,97
07/18/2022,BGM,NY,AEA,EN,Combined TRACON& Tower with Radar,0,8,7,0,15,0,0,1,0,1,0,8,8,0,16,0,0,0,16
07/19/2022,BGM,NY,AEA,EN,Combined TRACON& Tower with Radar,0,5,8,0,13,0,0,23,0,23,0,5,31,0,36,72,0,72,108
07/20/2022,BGM,NY,AEA,EN,Combined TRACON& Tower with Radar,0,2,3,0,5,0,0,19,0,19,0,2,22,0,24,30,0,30,54
07/21/2022,BGM,NY,AEA,EN,Combined TRACON& Tower with Radar,2,4,8,0,14,0,0,3,0,3,2,4,11,0,17,0,0,0,17
07/22/2022,BGM,NY,AEA,EN,Combined TRACON& Tower with Radar,0,8,2,6,16,0,0,34,0,34,0,8,36,6,50,32,34,66,116
07/23/2022,BGM,NY,AEA,EN,Combined TRACON& Tower with Radar,0,4,1,0,5,0,0,15,0,15,0,4,16,0,20,30,0,30,50
07/24/2022,BGM,NY,AEA,EN,Combined TRACON& Tower with Radar,0,5,3,0,8,0,0,9,0,9,0,5,12,0,17,28,0,28,45
07/25/2022,BGM,NY,AEA,EN,Combined TRACON& Tower with Radar,0,2,6,1,9,0,0,5,0,5,0,2,11,1,14,10,0,10,24
07/26/2022,BGM,NY,AEA,EN,Combined TRACON& Tower with Radar,0,2,6,0,8,0,0,25,2,27,0,2,31,2,35,72,0,72,107
07/27/2022,BGM,NY,AEA,EN,Combined TRACON& Tower with Radar,0,5,13,0,18,0,0,29,0,29,0,5,42,0,47,68,0,68,115
07/28/2022,BGM,NY,AEA,EN,Combined TRACON& Tower with Radar,0,2,1,0,3,0,0,6,0,6,0,2,7,0,9,34,0,34,43
07/29/2022,BGM,NY,AEA,EN,Combined TRACON& Tower with Radar,0,6,9,0,15,0,0,20,5,25,0,6,29,5,40,24,0,24,64
07/30/2022,BGM,NY,AEA,EN,Combined TRACON& Tower with Radar,0,4,10,0,14,0,0,5,0,5,0,4,15,0,19,0,0,0,19
07/31/2022,BGM,NY,AEA,EN,Combined TRACON& Tower with Radar,0,5,3,0,8,1,0,26,0,27,1,5,29,0,35,42,0,42,77
08/01/2022,BGM,NY,AEA,EN,Combined TRACON& Tower with Radar,0,2,9,0,11,0,0,17,0,17,0,2,26,0,28,36,0,36,64
08/02/2022,BGM,NY,AEA,EN,Combined TRACON& Tower with Radar,0,5,4,0,9,0,0,14,0,14,0,5,18,0,23,8,0,8,31
08/03/2022,BGM,NY,AEA,EN,Combined TRACON& Tower with Radar,0,6,6,10,22,0,0,31,2,33,0,6,37,12,55,60,0,60,115
08/04/2022,BGM,NY,AEA,EN,Combined TRACON& Tower with Radar,0,2,2,0,4,0,0,9,2,11,0,2,11,2,15,32,0,32,47
08/05/2022,BGM,NY,AEA,EN,Combined TRACON& Tower with Radar,0,4,3,5,12,0,0,8,1,9,0,4,11,6,21,12,20,32,53
08/06/2022,BGM,NY,AEA,EN,Combined TRACON& Tower with Radar,0,2,3,0,5,0,2,25,0,27,0,4,28,0,32,23,0,23,55
08/07/2022,BGM,NY,AEA,EN,Combined TRACON& Tower with Radar,0,3,7,0,10,0,0,18,2,20,0,3,25,2,30,30,0,30,60
08/08/2022,BGM,NY,AEA,EN,Combined TRACON& Tower with Radar,0,2,3,0,5,0,0,27,0,27,0,2,30,0,32,18,0,18,50
08/09/2022,BGM,NY,AEA,EN,Combined TRACON& Tower with Radar,0,4,11,0,15,0,0,3,0,3,0,4,14,0,18,10,0,10,28
08/10/2022,BGM,NY,AEA,EN,Combined TRACON& Tower with Radar,0,2,14,5,21,0,0,28,9,37,0,2,42,14,58,38,10,48,106
08/11/2022,BGM,NY,AEA,EN,Combined TRACON& Tower with Radar,0,3,8,0,11,0,0,38,2,40,0,3,46,2,51,10,0,10,61
08/12/2022,BGM,NY,AEA,EN,Combined TRACON& Tower with Radar,0,5,6,0,11,0,0,25,0,25,0,5,31,0,36,66,0,66,102
08/13/2022,BGM,NY,AEA,EN,Combined TRACON& Tower with Radar,0,6,12,0,18,0,1,27,0,28,0,7,39,0,46,37,0,37,83
08/14/2022,BGM,NY,AEA,EN,Combined TRACON& Tower with Radar,0,4,11,0,15,0,0,43,0,43,0,4,54,0,58,48,0,48,106
08/15/2022,BGM,NY,AEA,EN,Combined TRACON& Tower with Radar,0,4,6,0,10,0,0,19,0,19,0,4,25,0,29,21,0,21,50
08/16/2022,BGM,NY,AEA,EN,Combined TRACON& Tower with Radar,0,7,4,0,11,0,0,16,0,16,0,7,20,0,27,26,0,26,53
08/17/2022,BGM,NY,AEA,EN,Combined TRACON& Tower with Radar,0,9,3,0,12,0,0,8,0,8,0,9,11,0,20,4,0,4,24
08/18/2022,BGM,NY,AEA,EN,Combined TRACON& Tower with Radar,0,9,10,0,19,0,0,19,0,19,0,9,29,0,38,32,0,32,70
08/19/2022,BGM,NY,AEA,EN,Combined TRACON& Tower with Radar,0,3,12,0,15,0,0,29,0,29,0,3,41,0,44,40,0,40,84
08/20/2022,BGM,NY,AEA,EN,Combined TRACON& Tower with Radar,0,4,4,0,8,0,0,25,0,25,0,4,29,0,33,48,0,48,81
08/21/2022,BGM,NY,AEA,EN,Combined TRACON& Tower with Radar,0,12,5,0,17,0,0,4,0,4,0,12,9,0,21,6,0,6,27
08/22/2022,BGM,NY,AEA,EN,Combined TRACON& Tower with Radar,0,7,3,0,10,0,0,0,0,0,0,7,3,0,10,0,0,0,10
08/23/2022,BGM,NY,AEA,EN,Combined TRACON& Tower with Radar,0,6,5,0,11,0,0,0,0,0,0,6,5,0,11,0,0,0,11
08/24/2022,BGM,NY,AEA,EN,Combined TRACON& Tower with Radar,0,2,17,0,19,0,0,40,0,40,0,2,57,0,59,0,0,0,59
08/25/2022,BGM,NY,AEA,EN,Combined TRACON& Tower with Radar,0,6,6,2,14,0,0,54,0,54,0,6,60,2,68,8,0,8,76
08/26/2022,BGM,NY,AEA,EN,Combined TRACON& Tower with Radar,2,4,10,2,18,0,0,11,0,11,2,4,21,2,29,60,0,60,89
08/27/2022,BGM,NY,AEA,EN,Combined TRACON& Tower with Radar,0,3,10,0,13,0,1,18,0,19,0,4,28,0,32,2,0,2,34
08/28/2022,BGM,NY,AEA,EN,Combined TRACON& Tower with Radar,0,3,6,0,9,0,2,30,0,32,0,5,36,0,41,38,0,38,79
08/29/2022,BGM,NY,AEA,EN,Combined TRACON& Tower with Radar,0,4,3,0,7,0,0,9,2,11,0,4,12,2,18,8,0,8,26
08/30/2022,BGM,NY,AEA,EN,Combined TRACON& Tower with Radar,0,4,4,0,8,0,0,5,0,5,0,4,9,0,13,4,0,4,17
08/31/2022,BGM,NY,AEA,EN,Combined TRACON& Tower with Radar,0,2,6,2,10,0,0,28,0,28,0,2,34,2,38,50,0,50,88
09/01/2022,BGM,NY,AEA,EN,Combined TRACON& Tower with Radar,0,2,4,2,8,0,2,27,0,29,0,4,31,2,37,60,0,60,97
09/02/2022,BGM,NY,AEA,EN,Combined TRACON& Tower with Radar,0,4,4,0,8,0,4,32,0,36,0,8,36,0,44,6,0,6,50
09/03/2022,BGM,NY,AEA,EN,Combined TRACON& Tower with Radar,0,2,9,0,11,0,0,12,0,12,0,2,21,0,23,0,0,0,23
09/04/2022,BGM,NY,AEA,EN,Combined TRACON& Tower with Radar,0,2,9,0,11,0,0,3,0,3,0,2,12,0,14,0,0,0,14
09/05/2022,BGM,NY,AEA,EN,Combined TRACON& Tower with Radar,0,4,0,0,4,0,0,0,0,0,0,4,0,0,4,0,0,0,4
09/06/2022,BGM,NY,AEA,EN,Combined TRACON& Tower with Radar,0,2,7,0,9,0,0,0,0,0,0,2,7,0,9,0,0,0,9
09/07/2022,BGM,NY,AEA,EN,Combined TRACON& Tower with Radar,0,7,11,0,18,0,0,0,0,0,0,7,11,0,18,0,0,0,18
09/08/2022,BGM,NY,AEA,EN,Combined TRACON& Tower with Radar,0,2,16,0,18,0,0,15,0,15,0,2,31,0,33,30,0,30,63
09/09/2022,BGM,NY,AEA,EN,Combined TRACON& Tower with Radar,0,5,13,0,18,0,0,50,0,50,0,5,63,0,68,0,0,0,68
09/10/2022,BGM,NY,AEA,EN,Combined TRACON& Tower with Radar,0,7,5,8,20,0,0,45,4,49,0,7,50,12,69,58,0,58,127
09/11/2022,BGM,NY,AEA,EN,Combined TRACON& Tower with Radar,0,5,12,0,17,0,0,2,0,2,0,5,14,0,19,8,0,8,27
09/12/2022,BGM,NY,AEA,EN,Combined TRACON& Tower with Radar,0,2,13,0,15,0,0,0,0,0,0,2,13,0,15,0,0,0,15
09/13/2022,BGM,NY,AEA,EN,Combined TRACON& Tower with Radar,0,2,10,0,12,0,0,2,0,2,0,2,12,0,14,8,0,8,22
09/14/2022,BGM,NY,AEA,EN,Combined TRACON& Tower with Radar,0,5,5,0,10,0,1,23,0,24,0,6,28,0,34,50,0,50,84
09/15/2022,BGM,NY,AEA,EN,Combined TRACON& Tower with Radar,0,5,10,0,15,0,0,51,0,51,0,5,61,0,66,30,0,30,96
09/16/2022,BGM,NY,AEA,EN,Combined TRACON& Tower with Radar,0,2,13,0,15,0,0,46,0,46,0,2,59,0,61,36,0,36,97
09/17/2022,BGM,NY,AEA,EN,Combined TRACON& Tower with Radar,0,2,1,0,3,0,0,36,0,36,0,2,37,0,39,30,0,30,69
09/18/2022,BGM,NY,AEA,EN,Combined TRACON& Tower with Radar,0,4,9,0,13,0,0,26,0,26,0,4,35,0,39,40,0,40,79
09/19/2022,BGM,NY,AEA,EN,Combined TRACON& Tower with Radar,0,8,0,0,8,0,0,2,0,2,0,8,2,0,10,0,0,0,10
09/20/2022,BGM,NY,AEA,EN,Combined TRACON& Tower with Radar,0,6,9,17,32,0,0,13,1,14,0,6,22,18,46,38,0,38,84
09/21/2022,BGM,NY,AEA,EN,Combined TRACON& Tower with Radar,0,10,8,0,18,0,0,24,0,24,0,10,32,0,42,60,0,60,102
09/22/2022,BGM,NY,AEA,EN,Combined TRACON& Tower with Radar,0,6,4,0,10,0,0,0,0,0,0,6,4,0,10,10,0,10,20
09/23/2022,BGM,NY,AEA,EN,Combined TRACON& Tower with Radar,0,3,3,0,6,0,0,12,0,12,0,3,15,0,18,28,0,28,46
09/24/2022,BGM,NY,AEA,EN,Combined TRACON& Tower with Radar,0,3,2,0,5,0,0,42,0,42,0,3,44,0,47,30,0,30,77
09/25/2022,BGM,NY,AEA,EN,Combined TRACON& Tower with Radar,0,5,2,0,7,0,0,0,0,0,0,5,2,0,7,0,0,0,7
09/26/2022,BGM,NY,AEA,EN,Combined TRACON& Tower with Radar,0,4,4,0,8,0,0,9,0,9,0,4,13,0,17,6,0,6,23
09/27/2022,BGM,NY,AEA,EN,Combined TRACON& Tower with Radar,0,2,4,0,6,0,0,5,0,5,0,2,9,0,11,14,0,14,25
09/28/2022,BGM,NY,AEA,EN,Combined TRACON& Tower with Radar,0,2,6,0,8,0,0,6,0,6,0,2,12,0,14,0,0,0,14
09/29/2022,BGM,NY,AEA,EN,Combined TRACON& Tower with Radar,0,2,28,0,30,0,0,27,0,27,0,2,55,0,57,0,0,0,57
09/30/2022,BGM,NY,AEA,EN,Combined TRACON& Tower with Radar,0,2,3,0,5,0,0,38,0,38,0,2,41,0,43,34,0,34,77
10/01/2022,BGM,NY,AEA,EN,Combined TRACON& Tower with Radar,0,3,6,0,9,0,0,22,0,22,0,3,28,0,31,32,0,32,63
10/02/2022,BGM,NY,AEA,EN,Combined TRACON& Tower with Radar,0,4,4,0,8,0,0,5,0,5,0,4,9,0,13,24,0,24,37
10/03/2022,BGM,NY,AEA,EN,Combined TRACON& Tower with Radar,0,3,5,0,8,0,0,30,0,30,0,3,35,0,38,72,0,72,110
10/04/2022,BGM,NY,AEA,EN,Combined TRACON& Tower with Radar,0,4,6,0,10,0,0,5,0,5,0,4,11,0,15,56,0,56,71
10/05/2022,BGM,NY,AEA,EN,Combined TRACON& Tower with Radar,0,7,10,0,17,0,0,21,0,21,0,7,31,0,38,32,0,32,70
10/06/2022,BGM,NY,AEA,EN,Combined TRACON& Tower with Radar,0,4,7,0,11,0,0,38,0,38,0,4,45,0,49,64,0,64,113
10/07/2022,BGM,NY,AEA,EN,Combined TRACON& Tower with Radar,0,7,14,0,21,0,0,10,0,10,0,7,24,0,31,30,0,30,61
10/08/2022,BGM,NY,AEA,EN,Combined TRACON& Tower with Radar,0,2,1,0,3,0,0,17,0,17,0,2,18,0,20,10,0,10,30
10/09/2022,BGM,NY,AEA,EN,Combined TRACON& Tower with Radar,0,5,9,0,14,0,0,16,0,16,0,5,25,0,30,12,0,12,42
10/10/2022,BGM,NY,AEA,EN,Combined TRACON& Tower with Radar,0,4,6,0,10,0,1,33,0,34,0,5,39,0,44,22,0,22,66
10/11/2022,BGM,NY,AEA,EN,Combined TRACON& Tower with Radar,0,2,19,0,21,0,1,23,0,24,0,3,42,0,45,46,0,46,91
10/12/2022,BGM,NY,AEA,EN,Combined TRACON& Tower with Radar,0,3,8,2,13,0,0,20,0,20,0,3,28,2,33,16,0,16,49
10/13/2022,BGM,NY,AEA,EN,Combined TRACON& Tower with Radar,0,6,4,0,10,0,0,2,0,2,0,6,6,0,12,0,0,0,12
10/14/2022,BGM,NY,AEA,EN,Combined TRACON& Tower with Radar,0,8,12,0,20,0,0,36,0,36,0,8,48,0,56,32,0,32,88
10/15/2022,BGM,NY,AEA,EN,Combined TRACON& Tower with Radar,0,5,3,0,8,0,0,25,0,25,0,5,28,0,33,2,0,2,35
10/16/2022,BGM,NY,AEA,EN,Combined TRACON& Tower with Radar,0,8,8,0,16,0,0,53,0,53,0,8,61,0,69,16,0,16,85
10/17/2022,BGM,NY,AEA,EN,Combined TRACON& Tower with Radar,0,7,6,1,14,0,0,13,1,14,0,7,19,2,28,46,0,46,74
10/18/2022,BGM,NY,AEA,EN,Combined TRACON& Tower with Radar,0,4,2,0,6,0,0,23,0,23,0,4,25,0,29,28,0,28,57
10/19/2022,BGM,NY,AEA,EN,Combined TRACON& Tower with Radar,0,8,4,0,12,0,0,6,0,6,0,8,10,0,18,18,0,18,36
10/20/2022,BGM,NY,AEA,EN,Combined TRACON& Tower with Radar,0,2,5,0,7,0,2,22,3,27,0,4,27,3,34,16,2,18,52
10/21/2022,BGM,NY,AEA,EN,Combined TRACON& Tower with Radar,0,2,7,0,9,0,0,35,0,35,0,2,42,0,44,56,0,56,100
10/22/2022,BGM,NY,AEA,EN,Combined TRACON& Tower with Radar,0,4,9,0,13,0,0,39,0,39,0,4,48,0,52,47,0,47,99
10/23/2022,BGM,NY,AEA,EN,Combined TRACON& Tower with Radar,0,4,1,0,5,0,0,19,0,19,0,4,20,0,24,30,0,30,54
10/24/2022,BGM,NY,AEA,EN,Combined TRACON& Tower with Radar,0,4,4,1,9,0,0,0,1,1,0,4,4,2,10,0,0,0,10
10/25/2022,BGM,NY,AEA,EN,Combined TRACON& Tower with Radar,0,5,5,1,11,0,0,9,1,10,0,5,14,2,21,0,0,0,21
10/26/2022,BGM,NY,AEA,EN,Combined TRACON& Tower with Radar,0,6,14,0,20,0,0,8,0,8,0,6,22,0,28,10,0,10,38
10/27/2022,BGM,NY,AEA,EN,Combined TRACON& Tower with Radar,0,5,7,2,14,0,0,8,2,10,0,5,15,4,24,18,14,32,56
10/28/2022,BGM,NY,AEA,EN,Combined TRACON& Tower with Radar,0,2,4,0,6,0,0,30,0,30,0,2,34,0,36,34,0,34,70
10/29/2022,BGM,NY,AEA,EN,Combined TRACON& Tower with Radar,0,2,3,0,5,0,0,39,1,40,0,2,42,1,45,24,0,24,69
10/30/2022,BGM,NY,AEA,EN,Combined TRACON& Tower with Radar,0,2,2,0,4,0,0,30,0,30,0,2,32,0,34,28,0,28,62
10/31/2022,BGM,NY,AEA,EN,Combined TRACON& Tower with Radar,0,3,6,0,9,0,0,18,0,18,0,3,24,0,27,40,0,40,67
11/01/2022,BGM,NY,AEA,EN,Combined TRACON& Tower with Radar,0,5,11,0,16,0,0,0,0,0,0,5,11,0,16,28,0,28,44
11/02/2022,BGM,NY,AEA,EN,Combined TRACON& Tower with Radar,0,6,6,0,12,0,0,26,1,27,0,6,32,1,39,64,0,64,103
11/03/2022,BGM,NY,AEA,EN,Combined TRACON& Tower with Radar,0,8,10,0,18,0,3,23,1,27,0,11,33,1,45,28,0,28,73
11/04/2022,BGM,NY,AEA,EN,Combined TRACON& Tower with Radar,0,7,8,0,15,0,0,46,0,46,0,7,54,0,61,36,0,36,97
11/05/2022,BGM,NY,AEA,EN,Combined TRACON& Tower with Radar,0,3,7,0,10,0,1,2,0,3,0,4,9,0,13,0,0,0,13
11/06/2022,BGM,NY,AEA,EN,Combined TRACON& Tower with Radar,0,3,9,0,12,0,1,0,0,1,0,4,9,0,13,0,0,0,13
11/07/2022,BGM,NY,AEA,EN,Combined TRACON& Tower with Radar,0,4,0,0,4,0,0,8,0,8,0,4,8,0,12,6,0,6,18
11/08/2022,BGM,NY,AEA,EN,Combined TRACON& Tower with Radar,0,4,5,0,9,0,0,14,0,14,0,4,19,0,23,18,0,18,41
11/09/2022,BGM,NY,AEA,EN,Combined TRACON& Tower with Radar,0,8,7,0,15,0,0,34,0,34,0,8,41,0,49,14,0,14,63
11/10/2022,BGM,NY,AEA,EN,Combined TRACON& Tower with Radar,0,5,10,1,16,0,0,28,0,28,0,5,38,1,44,44,0,44,88
11/11/2022,BGM,NY,AEA,EN,Combined TRACON& Tower with Radar,0,5,2,0,7,0,0,0,0,0,0,5,2,0,7,0,0,0,7
11/12/2022,BGM,NY,AEA,EN,Combined TRACON& Tower with Radar,0,2,2,0,4,0,0,2,0,2,0,2,4,0,6,0,0,0,6
11/13/2022,BGM,NY,AEA,EN,Combined TRACON& Tower with Radar,0,6,13,0,19,0,0,5,0,5,0,6,18,0,24,2,0,2,26
11/14/2022,BGM,NY,AEA,EN,Combined TRACON& Tower with Radar,0,3,3,0,6,0,2,9,0,11,0,5,12,0,17,38,0,38,55
11/15/2022,BGM,NY,AEA,EN,Combined TRACON& Tower with Radar,0,5,5,0,10,0,0,20,0,20,0,5,25,0,30,34,0,34,64
11/16/2022,BGM,NY,AEA,EN,Combined TRACON& Tower with Radar,4,1,2,0,7,0,0,2,0,2,4,1,4,0,9,18,0,18,27
11/17/2022,BGM,NY,AEA,EN,Combined TRACON& Tower with Radar,2,5,6,0,13,0,0,4,0,4,2,5,10,0,17,16,0,16,33
11/18/2022,BGM,NY,AEA,EN,Combined TRACON& Tower with Radar,0,7,3,0,10,0,0,4,0,4,0,7,7,0,14,11,0,11,25
11/19/2022,BGM,NY,AEA,EN,Combined TRACON& Tower with Radar,2,3,8,0,13,0,0,26,0,26,2,3,34,0,39,42,0,42,81
11/20/2022,BGM,NY,AEA,EN,Combined TRACON& Tower with Radar,0,4,0,1,5,0,0,1,1,2,0,4,1,2,7,0,0,0,7
11/21/2022,BGM,NY,AEA,EN,Combined TRACON& Tower with Radar,0,7,0,0,7,0,0,11,0,11,0,7,11,0,18,0,0,0,18
11/22/2022,BGM,NY,AEA,EN,Combined TRACON& Tower with Radar,2,8,13,0,23,0,0,38,0,38,2,8,51,0,61,36,0,36,97
11/23/2022,BGM,NY,AEA,EN,Combined TRACON& Tower with Radar,2,6,5,0,13,0,0,34,0,34,2,6,39,0,47,58,0,58,105
11/24/2022,BGM,NY,AEA,EN,Combined TRACON& Tower with Radar,0,2,1,0,3,0,0,10,0,10,0,2,11,0,13,20,0,20,33
11/25/2022,BGM,NY,AEA,EN,Combined TRACON& Tower with Radar,0,4,4,0,8,0,0,0,0,0,0,4,4,0,8,0,0,0,8
11/26/2022,BGM,NY,AEA,EN,Combined TRACON& Tower with Radar,2,5,8,0,15,0,0,33,0,33,2,5,41,0,48,17,0,17,65
11/27/2022,BGM,NY,AEA,EN,Combined TRACON& Tower with Radar,0,6,5,0,11,0,0,0,0,0,0,6,5,0,11,8,0,8,19
11/28/2022,BGM,NY,AEA,EN,Combined TRACON& Tower with Radar,0,9,3,0,12,0,0,0,0,0,0,9,3,0,12,0,0,0,12
11/29/2022,BGM,NY,AEA,EN,Combined TRACON& Tower with Radar,0,4,4,0,8,0,4,24,0,28,0,8,28,0,36,62,0,62,98
11/30/2022,BGM,NY,AEA,EN,Combined TRACON& Tower with Radar,2,2,0,0,4,0,0,0,0,0,2,2,0,0,4,0,0,0,4
12/01/2022,BGM,NY,AEA,EN,Combined TRACON& Tower with Radar,0,2,9,3,14,0,0,3,1,4,0,2,12,4,18,0,12,12,30
12/02/2022,BGM,NY,AEA,EN,Combined TRACON& Tower with Radar,0,7,11,0,18,0,0,22,0,22,0,7,33,0,40,70,0,70,110
12/03/2022,BGM,NY,AEA,EN,Combined TRACON& Tower with Radar,2,5,1,0,8,0,0,0,0,0,2,5,1,0,8,0,0,0,8
12/04/2022,BGM,NY,AEA,EN,Combined TRACON& Tower with Radar,0,4,24,0,28,0,0,37,0,37,0,4,61,0,65,38,0,38,103
12/05/2022,BGM,NY,AEA,EN,Combined TRACON& Tower with Radar,0,5,7,0,12,0,0,21,1,22,0,5,28,1,34,0,0,0,34
12/06/2022,BGM,NY,AEA,EN,Combined TRACON& Tower with Radar,0,5,2,0,7,0,0,0,0,0,0,5,2,0,7,0,0,0,7
12/07/2022,BGM,NY,AEA,EN,Combined TRACON& Tower with Radar,2,4,14,0,20,0,0,0,0,0,2,4,14,0,20,0,0,0,20
12/08/2022,BGM,NY,AEA,EN,Combined TRACON& Tower with Radar,0,5,2,0,7,0,0,8,0,8,0,5,10,0,15,2,0,2,17
12/09/2022,BGM,NY,AEA,EN,Combined TRACON& Tower with Radar,0,5,7,0,12,0,0,29,0,29,0,5,36,0,41,64,0,64,105
12/10/2022,BGM,NY,AEA,EN,Combined TRACON& Tower with Radar,2,2,1,0,5,0,0,26,0,26,2,2,27,0,31,60,0,60,91
12/11/2022,BGM,NY,AEA,EN,Combined TRACON& Tower with Radar,0,5,0,0,5,0,0,0,0,0,0,5,0,0,5,0,0,0,5
12/12/2022,BGM,NY,AEA,EN,Combined TRACON& Tower with Radar,0,3,2,0,5,0,0,0,0,0,0,3,2,0,5,0,0,0,5
12/13/2022,BGM,NY,AEA,EN,Combined TRACON& Tower with Radar,0,7,10,2,19,0,0,19,3,22,0,7,29,5,41,40,0,40,81
12/14/2022,BGM,NY,AEA,EN,Combined TRACON& Tower with Radar,2,9,7,0,18,0,0,25,2,27,2,9,32,2,45,28,0,28,73
12/15/2022,BGM,NY,AEA,EN,Combined TRACON& Tower with Radar,0,3,0,0,3,0,0,0,0,0,0,3,0,0,3,0,0,0,3
12/16/2022,BGM,NY,AEA,EN,Combined TRACON& Tower with Radar,0,2,0,0,2,0,0,0,0,0,0,2,0,0,2,0,0,0,2
12/17/2022,BGM,NY,AEA,EN,Combined TRACON& Tower with Radar,2,4,0,0,6,0,0,0,0,0,2,4,0,0,6,31,0,31,37
12/18/2022,BGM,NY,AEA,EN,Combined TRACON& Tower with Radar,0,6,2,0,8,0,0,0,0,0,0,6,2,0,8,6,0,6,14
12/19/2022,BGM,NY,AEA,EN,Combined TRACON& Tower with Radar,0,2,2,0,4,0,0,0,0,0,0,2,2,0,4,0,0,0,4
12/20/2022,BGM,NY,AEA,EN,Combined TRACON& Tower with Radar,0,2,6,0,8,0,0,7,0,7,0,2,13,0,15,22,0,22,37
12/21/2022,BGM,NY,AEA,EN,Combined TRACON& Tower with Radar,2,6,3,0,11,0,0,35,0,35,2,6,38,0,46,46,0,46,92
12/22/2022,BGM,NY,AEA,EN,Combined TRACON& Tower with Radar,0,2,0,0,2,0,0,0,0,0,0,2,0,0,2,0,0,0,2
12/23/2022,BGM,NY,AEA,EN,Combined TRACON& Tower with Radar,0,0,0,0,0,0,0,0,0,0,0,0,0,0,0,0,0,0,0
12/24/2022,BGM,NY,AEA,EN,Combined TRACON& Tower with Radar,4,0,0,0,4,0,0,0,0,0,4,0,0,0,4,0,0,0,4
12/25/2022,BGM,NY,AEA,EN,Combined TRACON& Tower with Radar,0,0,0,0,0,0,0,0,0,0,0,0,0,0,0,0,0,0,0
12/26/2022,BGM,NY,AEA,EN,Combined TRACON& Tower with Radar,2,4,0,0,6,0,0,12,0,12,2,4,12,0,18,26,0,26,44
12/27/2022,BGM,NY,AEA,EN,Combined TRACON& Tower with Radar,0,6,0,0,6,0,0,9,0,9,0,6,9,0,15,26,0,26,41
12/28/2022,BGM,NY,AEA,EN,Combined TRACON& Tower with Radar,2,2,4,0,8,0,0,30,0,30,2,2,34,0,38,4,0,4,42
12/29/2022,BGM,NY,AEA,EN,Combined TRACON& Tower with Radar,0,3,3,0,6,0,0,35,10,45,0,3,38,10,51,14,0,14,65
12/30/2022,BGM,NY,AEA,EN,Combined TRACON& Tower with Radar,0,2,1,0,3,0,0,35,0,35,0,2,36,0,38,9,0,9,47
12/31/2022,BGM,NY,AEA,EN,Combined TRACON& Tower with Radar,2,2,8,0,12,0,0,6,0,6,2,2,14,0,18,0,0,0,18
01/01/2023,BGM,NY,AEA,EN,Combined TRACON& Tower with Radar,0,0,3,0,3,0,0,4,0,4,0,0,7,0,7,46,0,46,53
01/02/2023,BGM,NY,AEA,EN,Combined TRACON& Tower with Radar,0,3,21,0,24,0,0,15,0,15,0,3,36,0,39,36,0,36,75
01/03/2023,BGM,NY,AEA,EN,Combined TRACON& Tower with Radar,0,2,0,0,2,0,0,0,0,0,0,2,0,0,2,0,0,0,2
01/04/2023,BGM,NY,AEA,EN,Combined TRACON& Tower with Radar,2,4,0,0,6,0,0,0,0,0,2,4,0,0,6,0,0,0,6
01/05/2023,BGM,NY,AEA,EN,Combined TRACON& Tower with Radar,0,2,0,2,4,0,0,30,0,30,0,2,30,2,34,64,10,74,108
01/06/2023,BGM,NY,AEA,EN,Combined TRACON& Tower with Radar,0,4,6,0,10,0,0,2,0,2,0,4,8,0,12,2,0,2,14
01/07/2023,BGM,NY,AEA,EN,Combined TRACON& Tower with Radar,2,5,2,0,9,0,0,0,0,0,2,5,2,0,9,0,0,0,9
01/08/2023,BGM,NY,AEA,EN,Combined TRACON& Tower with Radar,0,7,2,0,9,0,0,39,0,39,0,7,41,0,48,42,0,42,90
01/09/2023,BGM,NY,AEA,EN,Combined TRACON& Tower with Radar,3,1,2,0,6,0,0,20,0,20,3,1,22,0,26,50,0,50,76
01/10/2023,BGM,NY,AEA,EN,Combined TRACON& Tower with Radar,4,3,4,0,11,0,0,4,0,4,4,3,8,0,15,0,0,0,15
01/11/2023,BGM,NY,AEA,EN,Combined TRACON& Tower with Radar,5,5,5,0,15,0,0,14,0,14,5,5,19,0,29,48,0,48,77
01/12/2023,BGM,NY,AEA,EN,Combined TRACON& Tower with Radar,2,4,3,0,9,0,0,0,0,0,2,4,3,0,9,0,0,0,9
01/13/2023,BGM,NY,AEA,EN,Combined TRACON& Tower with Radar,3,1,1,0,5,0,0,0,0,0,3,1,1,0,5,0,0,0,5
01/14/2023,BGM,NY,AEA,EN,Combined TRACON& Tower with Radar,4,0,0,0,4,0,0,0,0,0,4,0,0,0,4,0,0,0,4
01/15/2023,BGM,NY,AEA,EN,Combined TRACON& Tower with Radar,4,2,5,0,11,0,0,11,0,11,4,2,16,0,22,4,0,4,26
01/16/2023,BGM,NY,AEA,EN,Combined TRACON& Tower with Radar,3,4,4,0,11,0,0,64,0,64,3,4,68,0,75,44,0,44,119
01/17/2023,BGM,NY,AEA,EN,Combined TRACON& Tower with Radar,4,4,2,0,10,0,0,0,0,0,4,4,2,0,10,0,0,0,10
01/18/2023,BGM,NY,AEA,EN,Combined TRACON& Tower with Radar,5,3,6,0,14,0,0,0,0,0,5,3,6,0,14,0,0,0,14
01/19/2023,BGM,NY,AEA,EN,Combined TRACON& Tower with Radar,3,1,2,0,6,0,0,0,0,0,3,1,2,0,6,0,0,0,6
01/20/2023,BGM,NY,AEA,EN,Combined TRACON& Tower with Radar,5,1,0,0,6,0,0,0,0,0,5,1,0,0,6,0,0,0,6
01/21/2023,BGM,NY,AEA,EN,Combined TRACON& Tower with Radar,4,0,4,0,8,0,0,0,0,0,4,0,4,0,8,32,0,32,40
01/22/2023,BGM,NY,AEA,EN,Combined TRACON& Tower with Radar,4,3,4,0,11,0,0,0,0,0,4,3,4,0,11,0,0,0,11
01/23/2023,BGM,NY,AEA,EN,Combined TRACON& Tower with Radar,2,2,4,0,8,0,0,0,0,0,2,2,4,0,8,0,0,0,8
01/24/2023,BGM,NY,AEA,EN,Combined TRACON& Tower with Radar,3,7,5,0,15,0,0,6,0,6,3,7,11,0,21,10,0,10,31
01/25/2023,BGM,NY,AEA,EN,Combined TRACON& Tower with Radar,5,1,3,0,9,0,0,0,0,0,5,1,3,0,9,0,0,0,9
01/26/2023,BGM,NY,AEA,EN,Combined TRACON& Tower with Radar,3,2,6,0,11,0,0,0,0,0,3,2,6,0,11,0,0,0,11
01/27/2023,BGM,NY,AEA,EN,Combined TRACON& Tower with Radar,4,2,6,0,12,0,0,16,0,16,4,2,22,0,28,16,0,16,44
01/28/2023,BGM,NY,AEA,EN,Combined TRACON& Tower with Radar,4,3,1,0,8,0,0,26,0,26,4,3,27,0,34,26,0,26,60
01/29/2023,BGM,NY,AEA,EN,Combined TRACON& Tower with Radar,4,2,0,0,6,0,0,0,0,0,4,2,0,0,6,12,0,12,18
01/30/2023,BGM,NY,AEA,EN,Combined TRACON& Tower with Radar,3,0,2,0,5,0,0,0,0,0,3,0,2,0,5,0,0,0,5
01/31/2023,BGM,NY,AEA,EN,Combined TRACON& Tower with Radar,4,0,4,0,8,0,0,10,0,10,4,0,14,0,18,26,0,26,44
02/01/2023,BGM,NY,AEA,EN,Combined TRACON& Tower with Radar,5,0,12,0,17,0,0,25,0,25,5,0,37,0,42,44,0,44,86
02/02/2023,BGM,NY,AEA,EN,Combined TRACON& Tower with Radar,3,3,10,0,16,0,0,17,0,17,3,3,27,0,33,6,0,6,39
02/03/2023,BGM,NY,AEA,EN,Combined TRACON& Tower with Radar,5,0,0,0,5,0,0,0,0,0,5,0,0,0,5,0,0,0,5
02/04/2023,BGM,NY,AEA,EN,Combined TRACON& Tower with Radar,5,1,0,0,6,0,0,21,0,21,5,1,21,0,27,14,0,14,41
02/05/2023,BGM,NY,AEA,EN,Combined TRACON& Tower with Radar,4,2,0,0,6,0,0,6,0,6,4,2,6,0,12,0,0,0,12
02/06/2023,BGM,NY,AEA,EN,Combined TRACON& Tower with Radar,3,4,4,0,11,0,0,2,0,2,3,4,6,0,13,0,0,0,13
02/07/2023,BGM,NY,AEA,EN,Combined TRACON& Tower with Radar,3,0,5,0,8,0,0,10,4,14,3,0,15,4,22,28,0,28,50
02/08/2023,BGM,NY,AEA,EN,Combined TRACON& Tower with Radar,5,0,5,0,10,0,0,18,0,18,5,0,23,0,28,76,0,76,104
02/09/2023,BGM,NY,AEA,EN,Combined TRACON& Tower with Radar,3,2,4,0,9,0,0,0,0,0,3,2,4,0,9,0,0,0,9
02/10/2023,BGM,NY,AEA,EN,Combined TRACON& Tower with Radar,3,4,8,0,15,0,0,2,0,2,3,4,10,0,17,4,0,4,21
02/11/2023,BGM,NY,AEA,EN,Combined TRACON& Tower with Radar,4,0,3,0,7,0,0,26,0,26,4,0,29,0,33,72,0,72,105
02/12/2023,BGM,NY,AEA,EN,Combined TRACON& Tower with Radar,4,2,5,0,11,0,1,32,0,33,4,3,37,0,44,38,0,38,82
02/13/2023,BGM,NY,AEA,EN,Combined TRACON& Tower with Radar,3,4,9,0,16,0,0,22,0,22,3,4,31,0,38,6,0,6,44
02/14/2023,BGM,NY,AEA,EN,Combined TRACON& Tower with Radar,3,6,8,0,17,0,1,23,0,24,3,7,31,0,41,4,0,4,45
02/15/2023,BGM,NY,AEA,EN,Combined TRACON& Tower with Radar,5,0,1,0,6,0,0,4,0,4,5,0,5,0,10,0,0,0,10
02/16/2023,BGM,NY,AEA,EN,Combined TRACON& Tower with Radar,3,5,5,0,13,0,0,19,0,19,3,5,24,0,32,6,0,6,38
02/17/2023,BGM,NY,AEA,EN,Combined TRACON& Tower with Radar,2,3,1,0,6,0,0,0,0,0,2,3,1,0,6,0,0,0,6
02/18/2023,BGM,NY,AEA,EN,Combined TRACON& Tower with Radar,4,3,7,0,14,0,0,28,0,28,4,3,35,0,42,36,0,36,78
02/19/2023,BGM,NY,AEA,EN,Combined TRACON& Tower with Radar,4,2,0,0,6,0,0,13,0,13,4,2,13,0,19,0,0,0,19
02/20/2023,BGM,NY,AEA,EN,Combined TRACON& Tower with Radar,3,3,0,0,6,0,0,10,1,11,3,3,10,1,17,16,0,16,33
02/21/2023,BGM,NY,AEA,EN,Combined TRACON& Tower with Radar,4,5,4,0,13,0,0,2,0,2,4,5,6,0,15,0,0,0,15
02/22/2023,BGM,NY,AEA,EN,Combined TRACON& Tower with Radar,4,4,2,0,10,0,0,4,0,4,4,4,6,0,14,6,0,6,20
02/23/2023,BGM,NY,AEA,EN,Combined TRACON& Tower with Radar,3,0,2,0,5,0,0,0,0,0,3,0,2,0,5,0,0,0,5
02/24/2023,BGM,NY,AEA,EN,Combined TRACON& Tower with Radar,3,0,0,0,3,0,0,2,0,2,3,0,2,0,5,0,0,0,5
02/25/2023,BGM,NY,AEA,EN,Combined TRACON& Tower with Radar,4,2,0,0,6,0,0,0,0,0,4,2,0,0,6,0,0,0,6
02/26/2023,BGM,NY,AEA,EN,Combined TRACON& Tower with Radar,4,3,1,0,8,0,2,10,0,12,4,5,11,0,20,7,0,7,27
02/27/2023,BGM,NY,AEA,EN,Combined TRACON& Tower with Radar,2,0,0,0,2,0,0,15,0,15,2,0,15,0,17,12,0,12,29
02/28/2023,BGM,NY,AEA,EN,Combined TRACON& Tower with Radar,3,2,2,0,7,0,0,0,0,0,3,2,2,0,7,0,0,0,7
03/01/2023,BGM,NY,AEA,EN,Combined TRACON& Tower with Radar,5,2,6,0,13,0,0,17,0,17,5,2,23,0,30,14,0,14,44
03/02/2023,BGM,NY,AEA,EN,Combined TRACON& Tower with Radar,3,5,6,2,16,0,0,1,0,1,3,5,7,2,17,50,0,50,67
03/03/2023,BGM,NY,AEA,EN,Combined TRACON& Tower with Radar,3,0,2,1,6,0,0,28,1,29,3,0,30,2,35,26,0,26,61
03/04/2023,BGM,NY,AEA,EN,Combined TRACON& Tower with Radar,4,0,2,0,6,0,0,0,0,0,4,0,2,0,6,0,0,0,6
03/05/2023,BGM,NY,AEA,EN,Combined TRACON& Tower with Radar,4,0,0,0,4,0,0,6,0,6,4,0,6,0,10,0,0,0,10
03/06/2023,BGM,NY,AEA,EN,Combined TRACON& Tower with Radar,3,5,2,0,10,0,2,31,0,33,3,7,33,0,43,24,0,24,67
03/07/2023,BGM,NY,AEA,EN,Combined TRACON& Tower with Radar,3,3,5,2,13,0,0,3,0,3,3,3,8,2,16,0,0,0,16
03/08/2023,BGM,NY,AEA,EN,Combined TRACON& Tower with Radar,5,8,0,1,14,0,0,1,0,1,5,8,1,1,15,0,0,0,15
03/09/2023,BGM,NY,AEA,EN,Combined TRACON& Tower with Radar,3,3,5,1,12,0,0,3,0,3,3,3,8,1,15,0,0,0,15
03/10/2023,BGM,NY,AEA,EN,Combined TRACON& Tower with Radar,6,3,3,0,12,0,0,3,0,3,6,3,6,0,15,18,0,18,33
03/11/2023,BGM,NY,AEA,EN,Combined TRACON& Tower with Radar,5,0,1,0,6,0,0,0,0,0,5,0,1,0,6,0,0,0,6
03/12/2023,BGM,NY,AEA,EN,Combined TRACON& Tower with Radar,4,2,6,0,12,0,0,22,0,22,4,2,28,0,34,0,0,0,34
03/13/2023,BGM,NY,AEA,EN,Combined TRACON& Tower with Radar,5,0,4,0,9,0,0,0,0,0,5,0,4,0,9,13,0,13,22
03/14/2023,BGM,NY,AEA,EN,Combined TRACON& Tower with Radar,0,0,0,0,0,0,0,0,0,0,0,0,0,0,0,0,0,0,0
03/15/2023,BGM,NY,AEA,EN,Combined TRACON& Tower with Radar,5,4,4,0,13,0,2,4,0,6,5,6,8,0,19,8,0,8,27
03/16/2023,BGM,NY,AEA,EN,Combined TRACON& Tower with Radar,3,1,4,0,8,0,2,37,2,41,3,3,41,2,49,44,0,44,93
03/17/2023,BGM,NY,AEA,EN,Combined TRACON& Tower with Radar,3,2,1,0,6,0,0,0,0,0,3,2,1,0,6,2,0,2,8
03/18/2023,BGM,NY,AEA,EN,Combined TRACON& Tower with Radar,4,0,5,0,9,0,0,11,0,11,4,0,16,0,20,10,0,10,30
03/19/2023,BGM,NY,AEA,EN,Combined TRACON& Tower with Radar,4,4,1,0,9,0,0,1,0,1,4,4,2,0,10,0,0,0,10
03/20/2023,BGM,NY,AEA,EN,Combined TRACON& Tower with Radar,3,3,6,2,14,0,9,12,0,21,3,12,18,2,35,22,0,22,57
03/21/2023,BGM,NY,AEA,EN,Combined TRACON& Tower with Radar,3,4,9,0,16,0,1,33,0,34,3,5,42,0,50,16,0,16,66
03/22/2023,BGM,NY,AEA,EN,Combined TRACON& Tower with Radar,6,5,11,0,22,0,0,19,0,19,6,5,30,0,41,48,0,48,89
03/23/2023,BGM,NY,AEA,EN,Combined TRACON& Tower with Radar,4,3,4,0,11,0,0,2,0,2,4,3,6,0,13,2,0,2,15
03/24/2023,BGM,NY,AEA,EN,Combined TRACON& Tower with Radar,3,2,9,0,14,0,0,16,0,16,3,2,25,0,30,24,0,24,54
03/25/2023,BGM,NY,AEA,EN,Combined TRACON& Tower with Radar,4,0,0,0,4,0,0,0,0,0,4,0,0,0,4,0,0,0,4
03/26/2023,BGM,NY,AEA,EN,Combined TRACON& Tower with Radar,4,4,4,0,12,0,1,6,0,7,4,5,10,0,19,0,0,0,19
03/27/2023,BGM,NY,AEA,EN,Combined TRACON& Tower with Radar,2,0,1,0,3,0,0,10,0,10,2,0,11,0,13,16,0,16,29
03/28/2023,BGM,NY,AEA,EN,Combined TRACON& Tower with Radar,5,0,3,0,8,0,0,11,0,11,5,0,14,0,19,12,0,12,31
03/29/2023,BGM,NY,AEA,EN,Combined TRACON& Tower with Radar,7,1,3,0,11,0,5,20,0,25,7,6,23,0,36,24,0,24,60
03/30/2023,BGM,NY,AEA,EN,Combined TRACON& Tower with Radar,3,3,6,0,12,0,0,12,0,12,3,3,18,0,24,22,0,22,46
03/31/2023,BGM,NY,AEA,EN,Combined TRACON& Tower with Radar,3,2,8,0,13,0,0,9,0,9,3,2,17,0,22,36,0,36,58
04/01/2023,BGM,NY,AEA,EN,Combined TRACON& Tower with Radar,4,0,0,0,4,0,0,0,0,0,4,0,0,0,4,0,0,0,4
04/02/2023,BGM,NY,AEA,EN,Combined TRACON& Tower with Radar,4,2,5,0,11,0,0,13,0,13,4,2,18,0,24,20,0,20,44
04/03/2023,BGM,NY,AEA,EN,Combined TRACON& Tower with Radar,3,6,10,0,19,0,6,18,0,24,3,12,28,0,43,24,0,24,67
04/04/2023,BGM,NY,AEA,EN,Combined TRACON& Tower with Radar,3,1,4,0,8,0,0,21,0,21,3,1,25,0,29,10,0,10,39
04/05/2023,BGM,NY,AEA,EN,Combined TRACON& Tower with Radar,5,2,6,0,13,0,0,0,0,0,5,2,6,0,13,0,0,0,13
04/06/2023,BGM,NY,AEA,EN,Combined TRACON& Tower with Radar,3,5,16,0,24,0,0,3,0,3,3,5,19,0,27,8,0,8,35
04/07/2023,BGM,NY,AEA,EN,Combined TRACON& Tower with Radar,3,3,4,0,10,0,1,15,0,16,3,4,19,0,26,8,0,8,34
04/08/2023,BGM,NY,AEA,EN,Combined TRACON& Tower with Radar,4,2,9,0,15,0,0,35,0,35,4,2,44,0,50,62,0,62,112
04/09/2023,BGM,NY,AEA,EN,Combined TRACON& Tower with Radar,4,2,6,0,12,0,7,20,1,28,4,9,26,1,40,4,0,4,44
04/10/2023,BGM,NY,AEA,EN,Combined TRACON& Tower with Radar,3,2,4,0,9,0,3,23,0,26,3,5,27,0,35,36,0,36,71
04/11/2023,BGM,NY,AEA,EN,Combined TRACON& Tower with Radar,3,2,8,0,13,0,0,12,1,13,3,2,20,1,26,10,0,10,36
04/12/2023,BGM,NY,AEA,EN,Combined TRACON& Tower with Radar,5,0,3,0,8,0,0,9,0,9,5,0,12,0,17,20,0,20,37
04/13/2023,BGM,NY,AEA,EN,Combined TRACON& Tower with Radar,3,4,5,0,12,0,0,22,0,22,3,4,27,0,34,16,0,16,50
04/14/2023,BGM,NY,AEA,EN,Combined TRACON& Tower with Radar,3,5,8,0,16,0,8,44,0,52,3,13,52,0,68,54,0,54,122
04/15/2023,BGM,NY,AEA,EN,Combined TRACON& Tower with Radar,3,5,6,0,14,0,0,12,0,12,3,5,18,0,26,0,0,0,26
04/16/2023,BGM,NY,AEA,EN,Combined TRACON& Tower with Radar,3,2,5,1,11,0,0,11,0,11,3,2,16,1,22,14,0,14,36
04/17/2023,BGM,NY,AEA,EN,Combined TRACON& Tower with Radar,4,0,2,0,6,0,0,10,0,10,4,0,12,0,16,0,0,0,16
04/18/2023,BGM,NY,AEA,EN,Combined TRACON& Tower with Radar,3,2,9,0,14,0,0,8,0,8,3,2,17,0,22,0,0,0,22
04/19/2023,BGM,NY,AEA,EN,Combined TRACON& Tower with Radar,5,6,8,0,19,0,0,14,0,14,5,6,22,0,33,24,0,24,57
04/20/2023,BGM,NY,AEA,EN,Combined TRACON& Tower with Radar,5,1,17,1,24,0,0,44,1,45,5,1,61,2,69,22,0,22,91
04/21/2023,BGM,NY,AEA,EN,Combined TRACON& Tower with Radar,3,0,10,0,13,0,4,33,0,37,3,4,43,0,50,22,0,22,72
04/22/2023,BGM,NY,AEA,EN,Combined TRACON& Tower with Radar,4,1,1,0,6,0,0,5,0,5,4,1,6,0,11,0,0,0,11
04/23/2023,BGM,NY,AEA,EN,Combined TRACON& Tower with Radar,4,2,5,0,11,0,0,8,0,8,4,2,13,0,19,0,0,0,19
04/24/2023,BGM,NY,AEA,EN,Combined TRACON& Tower with Radar,3,1,8,0,12,0,0,12,0,12,3,1,20,0,24,28,0,28,52
04/25/2023,BGM,NY,AEA,EN,Combined TRACON& Tower with Radar,2,4,6,2,14,0,8,31,6,45,2,12,37,8,59,26,0,26,85
04/26/2023,BGM,NY,AEA,EN,Combined TRACON& Tower with Radar,5,1,0,0,6,0,0,6,0,6,5,1,6,0,12,6,0,6,18
04/27/2023,BGM,NY,AEA,EN,Combined TRACON& Tower with Radar,3,3,11,1,18,0,0,22,6,28,3,3,33,7,46,14,10,24,70
04/28/2023,BGM,NY,AEA,EN,Combined TRACON& Tower with Radar,3,10,3,0,16,0,0,15,0,15,3,10,18,0,31,24,0,24,55
04/29/2023,BGM,NY,AEA,EN,Combined TRACON& Tower with Radar,4,3,21,0,28,0,0,0,0,0,4,3,21,0,28,0,0,0,28
04/30/2023,BGM,NY,AEA,EN,Combined TRACON& Tower with Radar,3,1,10,0,14,0,0,0,0,0,3,1,10,0,14,0,0,0,14
05/01/2023,BGM,NY,AEA,EN,Combined TRACON& Tower with Radar,4,0,4,0,8,0,0,6,0,6,4,0,10,0,14,0,0,0,14
05/02/2023,BGM,NY,AEA,EN,Combined TRACON& Tower with Radar,3,0,11,0,14,0,0,8,0,8,3,0,19,0,22,27,0,27,49
05/03/2023,BGM,NY,AEA,EN,Combined TRACON& Tower with Radar,5,1,4,0,10,0,0,0,0,0,5,1,4,0,10,10,0,10,20
05/04/2023,BGM,NY,AEA,EN,Combined TRACON& Tower with Radar,3,7,5,4,19,0,0,4,0,4,3,7,9,4,23,0,0,0,23
05/05/2023,BGM,NY,AEA,EN,Combined TRACON& Tower with Radar,3,9,13,0,25,0,0,29,0,29,3,9,42,0,54,2,0,2,56
05/06/2023,BGM,NY,AEA,EN,Combined TRACON& Tower with Radar,4,1,14,0,19,0,6,39,0,45,4,7,53,0,64,33,0,33,97
05/07/2023,BGM,NY,AEA,EN,Combined TRACON& Tower with Radar,4,0,3,0,7,0,0,15,0,15,4,0,18,0,22,0,0,0,22
05/08/2023,BGM,NY,AEA,EN,Combined TRACON& Tower with Radar,3,3,16,0,22,0,1,22,0,23,3,4,38,0,45,0,0,0,45
05/09/2023,BGM,NY,AEA,EN,Combined TRACON& Tower with Radar,3,8,6,0,17,0,4,17,0,21,3,12,23,0,38,8,0,8,46
05/10/2023,BGM,NY,AEA,EN,Combined TRACON& Tower with Radar,5,2,13,0,20,0,0,28,0,28,5,2,41,0,48,28,0,28,76
05/11/2023,BGM,NY,AEA,EN,Combined TRACON& Tower with Radar,4,0,1,0,5,0,1,40,0,41,4,1,41,0,46,22,0,22,68
05/12/2023,BGM,NY,AEA,EN,Combined TRACON& Tower with Radar,2,0,3,0,5,0,0,32,0,32,2,0,35,0,37,16,0,16,53
05/13/2023,BGM,NY,AEA,EN,Combined TRACON& Tower with Radar,4,0,3,0,7,0,3,28,0,31,4,3,31,0,38,12,0,12,50
05/14/2023,BGM,NY,AEA,EN,Combined TRACON& Tower with Radar,4,0,3,0,7,0,0,17,0,17,4,0,20,0,24,0,0,0,24
05/15/2023,BGM,NY,AEA,EN,Combined TRACON& Tower with Radar,3,6,6,5,20,0,8,23,1,32,3,14,29,6,52,50,0,50,102
05/16/2023,BGM,NY,AEA,EN,Combined TRACON& Tower with Radar,3,3,14,0,20,0,0,18,0,18,3,3,32,0,38,22,0,22,60
05/17/2023,BGM,NY,AEA,EN,Combined TRACON& Tower with Radar,5,6,10,0,21,0,0,8,0,8,5,6,18,0,29,24,0,24,53
05/18/2023,BGM,NY,AEA,EN,Combined TRACON& Tower with Radar,4,3,5,11,23,0,2,46,1,49,4,5,51,12,72,44,0,44,116
05/19/2023,BGM,NY,AEA,EN,Combined TRACON& Tower with Radar,3,4,3,0,10,0,0,12,0,12,3,4,15,0,22,20,0,20,42
05/20/2023,BGM,NY,AEA,EN,Combined TRACON& Tower with Radar,4,0,1,0,5,0,0,6,0,6,4,0,7,0,11,10,0,10,21
05/21/2023,BGM,NY,AEA,EN,Combined TRACON& Tower with Radar,4,0,9,0,13,0,0,9,0,9,4,0,18,0,22,0,0,0,22
05/22/2023,BGM,NY,AEA,EN,Combined TRACON& Tower with Radar,3,3,1,0,7,0,2,19,3,24,3,5,20,3,31,46,0,46,77
05/23/2023,BGM,NY,AEA,EN,Combined TRACON& Tower with Radar,3,4,10,0,17,0,0,21,0,21,3,4,31,0,38,8,0,8,46
05/24/2023,BGM,NY,AEA,EN,Combined TRACON& Tower with Radar,5,5,11,0,21,0,0,8,0,8,5,5,19,0,29,24,0,24,53
05/25/2023,BGM,NY,AEA,EN,Combined TRACON& Tower with Radar,3,4,8,0,15,0,5,30,1,36,3,9,38,1,51,18,4,22,73
05/26/2023,BGM,NY,AEA,EN,Combined TRACON& Tower with Radar,3,11,12,0,26,0,0,38,0,38,3,11,50,0,64,18,0,18,82
05/27/2023,BGM,NY,AEA,EN,Combined TRACON& Tower with Radar,4,0,3,0,7,0,0,14,0,14,4,0,17,0,21,24,0,24,45
05/28/2023,BGM,NY,AEA,EN,Combined TRACON& Tower with Radar,4,5,5,0,14,0,0,16,0,16,4,5,21,0,30,30,0,30,60
05/29/2023,BGM,NY,AEA,EN,Combined TRACON& Tower with Radar,3,5,3,0,11,0,6,24,0,30,3,11,27,0,41,41,0,41,82
05/30/2023,BGM,NY,AEA,EN,Combined TRACON& Tower with Radar,3,0,8,4,15,0,0,18,0,18,3,0,26,4,33,16,0,16,49
05/31/2023,BGM,NY,AEA,EN,Combined TRACON& Tower with Radar,5,0,8,0,13,0,0,28,2,30,5,0,36,2,43,38,8,46,89
06/01/2023,BGM,NY,AEA,EN,Combined TRACON& Tower with Radar,3,0,1,0,4,0,0,27,0,27,3,0,28,0,31,16,0,16,47
06/02/2023,BGM,NY,AEA,EN,Combined TRACON& Tower with Radar,4,4,10,0,18,0,0,22,0,22,4,4,32,0,40,38,0,38,78
06/03/2023,BGM,NY,AEA,EN,Combined TRACON& Tower with Radar,4,0,9,0,13,0,2,26,0,28,4,2,35,0,41,42,0,42,83
06/04/2023,BGM,NY,AEA,EN,Combined TRACON& Tower with Radar,3,3,4,0,10,0,0,12,0,12,3,3,16,0,22,16,0,16,38
06/05/2023,BGM,NY,AEA,EN,Combined TRACON& Tower with Radar,3,2,9,0,14,0,0,3,0,3,3,2,12,0,17,0,0,0,17
06/06/2023,BGM,NY,AEA,EN,Combined TRACON& Tower with Radar,3,0,18,0,21,0,0,1,0,1,3,0,19,0,22,0,0,0,22
06/07/2023,BGM,NY,AEA,EN,Combined TRACON& Tower with Radar,5,2,7,0,14,0,0,0,0,0,5,2,7,0,14,0,0,0,14
06/08/2023,BGM,NY,AEA,EN,Combined TRACON& Tower with Radar,3,1,9,0,13,0,0,1,0,1,3,1,10,0,14,20,0,20,34
06/09/2023,BGM,NY,AEA,EN,Combined TRACON& Tower with Radar,3,3,6,0,12,0,0,3,0,3,3,3,9,0,15,8,0,8,23
06/10/2023,BGM,NY,AEA,EN,Combined TRACON& Tower with Radar,4,4,11,0,19,0,0,10,0,10,4,4,21,0,29,0,0,0,29
06/11/2023,BGM,NY,AEA,EN,Combined TRACON& Tower with Radar,4,0,3,0,7,0,3,26,0,29,4,3,29,0,36,14,0,14,50
06/12/2023,BGM,NY,AEA,EN,Combined TRACON& Tower with Radar,3,0,11,0,14,0,0,2,0,2,3,0,13,0,16,14,0,14,30
06/13/2023,BGM,NY,AEA,EN,Combined TRACON& Tower with Radar,3,4,9,0,16,0,0,12,0,12,3,4,21,0,28,44,0,44,72
06/14/2023,BGM,NY,AEA,EN,Combined TRACON& Tower with Radar,3,4,28,0,35,0,0,0,0,0,3,4,28,0,35,0,0,0,35
06/15/2023,BGM,NY,AEA,EN,Combined TRACON& Tower with Radar,3,9,6,0,18,0,2,21,0,23,3,11,27,0,41,16,0,16,57
06/16/2023,BGM,NY,AEA,EN,Combined TRACON& Tower with Radar,3,1,3,0,7,0,0,6,0,6,3,1,9,0,13,8,0,8,21
06/17/2023,BGM,NY,AEA,EN,Combined TRACON& Tower with Radar,4,6,4,0,14,0,0,12,0,12,4,6,16,0,26,28,0,28,54
06/18/2023,BGM,NY,AEA,EN,Combined TRACON& Tower with Radar,6,4,2,0,12,0,0,19,0,19,6,4,21,0,31,39,0,39,70
06/19/2023,BGM,NY,AEA,EN,Combined TRACON& Tower with Radar,3,4,4,0,11,0,3,39,0,42,3,7,43,0,53,42,0,42,95
06/20/2023,BGM,NY,AEA,EN,Combined TRACON& Tower with Radar,3,9,23,0,35,0,0,23,0,23,3,9,46,0,58,18,0,18,76
06/21/2023,BGM,NY,AEA,EN,Combined TRACON& Tower with Radar,6,6,12,11,35,0,9,31,5,45,6,15,43,16,80,80,16,96,176
06/22/2023,BGM,NY,AEA,EN,Combined TRACON& Tower with Radar,3,8,5,2,18,0,0,17,0,17,3,8,22,2,35,20,0,20,55
06/23/2023,BGM,NY,AEA,EN,Combined TRACON& Tower with Radar,3,5,18,0,26,0,0,3,0,3,3,5,21,0,29,78,0,78,107
06/24/2023,BGM,NY,AEA,EN,Combined TRACON& Tower with Radar,4,0,5,0,9,0,0,0,0,0,4,0,5,0,9,0,0,0,9
06/25/2023,BGM,NY,AEA,EN,Combined TRACON& Tower with Radar,4,13,3,0,20,0,0,5,0,5,4,13,8,0,25,8,0,8,33
06/26/2023,BGM,NY,AEA,EN,Combined TRACON& Tower with Radar,1,1,5,0,7,0,0,6,0,6,1,1,11,0,13,0,0,0,13
06/27/2023,BGM,NY,AEA,EN,Combined TRACON& Tower with Radar,0,6,16,0,22,0,0,0,0,0,0,6,16,0,22,0,0,0,22
06/28/2023,BGM,NY,AEA,EN,Combined TRACON& Tower with Radar,3,6,11,0,20,0,0,0,0,0,3,6,11,0,20,0,0,0,20
06/29/2023,BGM,NY,AEA,EN,Combined TRACON& Tower with Radar,3,1,9,0,13,0,1,0,0,1,3,2,9,0,14,0,0,0,14
06/30/2023,BGM,NY,AEA,EN,Combined TRACON& Tower with Radar,3,4,13,0,20,0,0,0,0,0,3,4,13,0,20,0,0,0,20
07/01/2023,BGM,NY,AEA,EN,Combined TRACON& Tower with Radar,4,2,12,0,18,0,0,10,0,10,4,2,22,0,28,22,0,22,50
07/02/2023,BGM,NY,AEA,EN,Combined TRACON& Tower with Radar,3,3,2,0,8,0,0,0,0,0,3,3,2,0,8,0,0,0,8
07/03/2023,BGM,NY,AEA,EN,Combined TRACON& Tower with Radar,2,0,0,0,2,0,0,2,0,2,2,0,2,0,4,0,0,0,4
07/04/2023,BGM,NY,AEA,EN,Combined TRACON& Tower with Radar,2,2,7,0,11,0,2,10,0,12,2,4,17,0,23,0,0,0,23
07/05/2023,BGM,NY,AEA,EN,Combined TRACON& Tower with Radar,5,5,9,9,28,0,8,52,1,61,5,13,61,10,89,34,2,36,125
07/06/2023,BGM,NY,AEA,EN,Combined TRACON& Tower with Radar,3,2,7,0,12,0,5,29,1,35,3,7,36,1,47,24,0,24,71
07/07/2023,BGM,NY,AEA,EN,Combined TRACON& Tower with Radar,3,1,1,0,5,0,1,22,2,25,3,2,23,2,30,0,0,0,30
07/08/2023,BGM,NY,AEA,EN,Combined TRACON& Tower with Radar,4,5,30,0,39,0,4,35,0,39,4,9,65,0,78,0,0,0,78
07/09/2023,BGM,NY,AEA,EN,Combined TRACON& Tower with Radar,1,0,1,0,2,0,0,1,0,1,1,0,2,0,3,0,0,0,3
07/10/2023,BGM,NY,AEA,EN,Combined TRACON& Tower with Radar,3,0,6,0,9,0,0,2,0,2,3,0,8,0,11,16,0,16,27
07/11/2023,BGM,NY,AEA,EN,Combined TRACON& Tower with Radar,3,1,16,0,20,0,4,33,0,37,3,5,49,0,57,0,0,0,57
07/12/2023,BGM,NY,AEA,EN,Combined TRACON& Tower with Radar,7,2,9,5,23,0,2,17,5,24,7,4,26,10,47,12,16,28,75
07/13/2023,BGM,NY,AEA,EN,Combined TRACON& Tower with Radar,2,4,5,0,11,0,2,9,4,15,2,6,14,4,26,0,0,0,26
07/14/2023,BGM,NY,AEA,EN,Combined TRACON& Tower with Radar,1,0,12,0,13,0,0,23,0,23,1,0,35,0,36,0,0,0,36
07/15/2023,BGM,NY,AEA,EN,Combined TRACON& Tower with Radar,4,0,5,0,9,0,0,19,0,19,4,0,24,0,28,24,0,24,52
07/16/2023,BGM,NY,AEA,EN,Combined TRACON& Tower with Radar,2,0,8,0,10,0,0,9,0,9,2,0,17,0,19,12,0,12,31
07/17/2023,BGM,NY,AEA,EN,Combined TRACON& Tower with Radar,3,3,13,0,19,0,5,17,0,22,3,8,30,0,41,18,0,18,59
07/18/2023,BGM,NY,AEA,EN,Combined TRACON& Tower with Radar,3,0,21,0,24,0,0,4,0,4,3,0,25,0,28,0,0,0,28
07/19/2023,BGM,NY,AEA,EN,Combined TRACON& Tower with Radar,6,1,18,0,25,0,1,29,0,30,6,2,47,0,55,40,0,40,95
07/20/2023,BGM,NY,AEA,EN,Combined TRACON& Tower with Radar,3,3,5,2,13,0,2,25,0,27,3,5,30,2,40,28,10,38,78
07/21/2023,BGM,NY,AEA,EN,Combined TRACON& Tower with Radar,4,2,10,0,16,0,0,8,0,8,4,2,18,0,24,17,0,17,41
07/22/2023,BGM,NY,AEA,EN,Combined TRACON& Tower with Radar,4,5,4,0,13,0,3,28,0,31,4,8,32,0,44,4,2,6,50
07/23/2023,BGM,NY,AEA,EN,Combined TRACON& Tower with Radar,4,6,2,0,12,0,2,33,0,35,4,8,35,0,47,18,0,18,65
07/24/2023,BGM,NY,AEA,EN,Combined TRACON& Tower with Radar,2,4,8,0,14,0,4,19,0,23,2,8,27,0,37,32,0,32,69
07/25/2023,BGM,NY,AEA,EN,Combined TRACON& Tower with Radar,0,5,4,0,9,0,2,2,0,4,0,7,6,0,13,16,0,16,29
07/26/2023,BGM,NY,AEA,EN,Combined TRACON& Tower with Radar,7,2,6,0,15,0,7,19,0,26,7,9,25,0,41,26,0,26,67
07/27/2023,BGM,NY,AEA,EN,Combined TRACON& Tower with Radar,3,4,6,0,13,0,0,5,0,5,3,4,11,0,18,0,0,0,18
07/28/2023,BGM,NY,AEA,EN,Combined TRACON& Tower with Radar,2,4,10,0,16,0,2,22,0,24,2,6,32,0,40,28,0,28,68
07/29/2023,BGM,NY,AEA,EN,Combined TRACON& Tower with Radar,3,3,8,0,14,0,0,4,0,4,3,3,12,0,18,6,0,6,24
07/30/2023,BGM,NY,AEA,EN,Combined TRACON& Tower with Radar,4,7,11,0,22,0,2,23,0,25,4,9,34,0,47,0,0,0,47
07/31/2023,BGM,NY,AEA,EN,Combined TRACON& Tower with Radar,3,6,8,0,17,0,3,11,0,14,3,9,19,0,31,14,0,14,45
08/01/2023,BGM,NY,AEA,EN,Combined TRACON& Tower with Radar,3,9,8,0,20,0,6,21,2,29,3,15,29,2,49,18,0,18,67
08/02/2023,BGM,NY,AEA,EN,Combined TRACON& Tower with Radar,5,1,20,0,26,0,0,27,0,27,5,1,47,0,53,38,0,38,91
08/03/2023,BGM,NY,AEA,EN,Combined TRACON& Tower with Radar,3,1,7,0,11,0,1,24,0,25,3,2,31,0,36,18,0,18,54
08/04/2023,BGM,NY,AEA,EN,Combined TRACON& Tower with Radar,3,6,6,0,15,0,0,1,0,1,3,6,7,0,16,10,0,10,26
08/05/2023,BGM,NY,AEA,EN,Combined TRACON& Tower with Radar,4,0,6,0,10,0,2,22,0,24,4,2,28,0,34,42,0,42,76
08/06/2023,BGM,NY,AEA,EN,Combined TRACON& Tower with Radar,4,3,3,0,10,0,4,55,0,59,4,7,58,0,69,16,0,16,85
08/07/2023,BGM,NY,AEA,EN,Combined TRACON& Tower with Radar,1,11,9,0,21,0,0,4,0,4,1,11,13,0,25,0,0,0,25
08/08/2023,BGM,NY,AEA,EN,Combined TRACON& Tower with Radar,3,6,14,0,23,0,0,0,0,0,3,6,14,0,23,0,0,0,23
08/09/2023,BGM,NY,AEA,EN,Combined TRACON& Tower with Radar,5,5,14,0,24,0,5,20,0,25,5,10,34,0,49,52,0,52,101
08/10/2023,BGM,NY,AEA,EN,Combined TRACON& Tower with Radar,3,3,13,0,19,0,0,1,0,1,3,3,14,0,20,0,0,0,20
08/11/2023,BGM,NY,AEA,EN,Combined TRACON& Tower with Radar,4,4,8,0,16,0,6,30,0,36,4,10,38,0,52,48,0,48,100
08/12/2023,BGM,NY,AEA,EN,Combined TRACON& Tower with Radar,4,1,3,0,8,0,0,5,0,5,4,1,8,0,13,6,0,6,19
08/13/2023,BGM,NY,AEA,EN,Combined TRACON& Tower with Radar,5,2,20,0,27,0,0,30,0,30,5,2,50,0,57,0,0,0,57
08/14/2023,BGM,NY,AEA,EN,Combined TRACON& Tower with Radar,3,1,4,0,8,0,4,34,0,38,3,5,38,0,46,34,0,34,80
08/15/2023,BGM,NY,AEA,EN,Combined TRACON& Tower with Radar,4,3,8,0,15,0,0,0,0,0,4,3,8,0,15,0,0,0,15
08/16/2023,BGM,NY,AEA,EN,Combined TRACON& Tower with Radar,6,2,8,0,16,0,0,9,2,11,6,2,17,2,27,0,0,0,27
08/17/2023,BGM,NY,AEA,EN,Combined TRACON& Tower with Radar,2,8,11,0,21,0,6,26,0,32,2,14,37,0,53,0,0,0,53
08/18/2023,BGM,NY,AEA,EN,Combined TRACON& Tower with Radar,5,6,4,0,15,0,0,11,0,11,5,6,15,0,26,4,0,4,30
08/19/2023,BGM,NY,AEA,EN,Combined TRACON& Tower with Radar,4,1,3,0,8,0,0,33,0,33,4,1,36,0,41,6,0,6,47
08/20/2023,BGM,NY,AEA,EN,Combined TRACON& Tower with Radar,4,4,4,0,12,0,4,32,0,36,4,8,36,0,48,23,0,23,71
08/21/2023,BGM,NY,AEA,EN,Combined TRACON& Tower with Radar,3,5,10,0,18,0,3,16,0,19,3,8,26,0,37,0,0,0,37
08/22/2023,BGM,NY,AEA,EN,Combined TRACON& Tower with Radar,3,3,12,0,18,0,0,19,0,19,3,3,31,0,37,14,0,14,51
08/23/2023,BGM,NY,AEA,EN,Combined TRACON& Tower with Radar,5,2,7,0,14,0,0,21,0,21,5,2,28,0,35,28,0,28,63
08/24/2023,BGM,NY,AEA,EN,Combined TRACON& Tower with Radar,3,1,3,0,7,0,0,0,0,0,3,1,3,0,7,0,0,0,7
08/25/2023,BGM,NY,AEA,EN,Combined TRACON& Tower with Radar,3,2,1,0,6,0,0,0,0,0,3,2,1,0,6,24,0,24,30
08/26/2023,BGM,NY,AEA,EN,Combined TRACON& Tower with Radar,4,1,6,0,11,0,0,13,0,13,4,1,19,0,24,22,0,22,46
08/27/2023,BGM,NY,AEA,EN,Combined TRACON& Tower with Radar,4,0,13,0,17,0,0,16,0,16,4,0,29,0,33,10,0,10,43
08/28/2023,BGM,NY,AEA,EN,Combined TRACON& Tower with Radar,3,3,4,0,10,0,0,1,0,1,3,3,5,0,11,0,0,0,11
08/29/2023,BGM,NY,AEA,EN,Combined TRACON& Tower with Radar,3,4,15,3,25,0,5,7,0,12,3,9,22,3,37,14,0,14,51
08/30/2023,BGM,NY,AEA,EN,Combined TRACON& Tower with Radar,5,0,9,0,14,0,0,18,0,18,5,0,27,0,32,0,0,0,32
08/31/2023,BGM,NY,AEA,EN,Combined TRACON& Tower with Radar,3,1,14,0,18,0,0,37,0,37,3,1,51,0,55,60,0,60,115
01/01/2020,BGM,NY,AEA,EN,Combined TRACON& Tower with Radar,0,4,2,0,6,0,0,4,0,4,0,4,6,0,10,0,0,0,10
01/02/2020,BGM,NY,AEA,EN,Combined TRACON& Tower with Radar,0,6,6,0,12,0,0,23,0,23,0,6,29,0,35,18,0,18,53
01/03/2020,BGM,NY,AEA,EN,Combined TRACON& Tower with Radar,0,8,7,0,15,0,0,0,0,0,0,8,7,0,15,4,0,4,19
01/04/2020,BGM,NY,AEA,EN,Combined TRACON& Tower with Radar,0,7,0,0,7,0,0,0,0,0,0,7,0,0,7,0,0,0,7
01/05/2020,BGM,NY,AEA,EN,Combined TRACON& Tower with Radar,0,4,0,0,4,0,0,0,0,0,0,4,0,0,4,0,0,0,4
01/06/2020,BGM,NY,AEA,EN,Combined TRACON& Tower with Radar,0,4,5,4,13,0,0,10,0,10,0,4,15,4,23,14,0,14,37
01/07/2020,BGM,NY,AEA,EN,Combined TRACON& Tower with Radar,0,6,18,0,24,0,0,17,0,17,0,6,35,0,41,20,0,20,61
01/08/2020,BGM,NY,AEA,EN,Combined TRACON& Tower with Radar,0,4,3,0,7,0,0,2,0,2,0,4,5,0,9,0,0,0,9
01/09/2020,BGM,NY,AEA,EN,Combined TRACON& Tower with Radar,0,4,11,0,15,0,0,31,0,31,0,4,42,0,46,16,0,16,62
01/10/2020,BGM,NY,AEA,EN,Combined TRACON& Tower with Radar,0,3,5,0,8,0,0,0,0,0,0,3,5,0,8,8,0,8,16
01/11/2020,BGM,NY,AEA,EN,Combined TRACON& Tower with Radar,0,2,11,0,13,0,0,0,0,0,0,2,11,0,13,0,0,0,13
01/12/2020,BGM,NY,AEA,EN,Combined TRACON& Tower with Radar,0,3,10,0,13,0,0,6,0,6,0,3,16,0,19,0,0,0,19
01/13/2020,BGM,NY,AEA,EN,Combined TRACON& Tower with Radar,0,4,4,0,8,0,0,30,0,30,0,4,34,0,38,20,0,20,58
01/14/2020,BGM,NY,AEA,EN,Combined TRACON& Tower with Radar,0,4,20,0,24,0,0,15,0,15,0,4,35,0,39,20,0,20,59
01/15/2020,BGM,NY,AEA,EN,Combined TRACON& Tower with Radar,0,4,10,8,22,0,0,15,0,15,0,4,25,8,37,4,0,4,41
01/16/2020,BGM,NY,AEA,EN,Combined TRACON& Tower with Radar,0,5,3,0,8,0,0,0,0,0,0,5,3,0,8,0,0,0,8
01/17/2020,BGM,NY,AEA,EN,Combined TRACON& Tower with Radar,0,7,13,0,20,0,0,22,0,22,0,7,35,0,42,10,0,10,52
01/18/2020,BGM,NY,AEA,EN,Combined TRACON& Tower with Radar,0,2,0,0,2,0,0,4,0,4,0,2,4,0,6,0,0,0,6
01/19/2020,BGM,NY,AEA,EN,Combined TRACON& Tower with Radar,0,6,9,0,15,0,0,0,0,0,0,6,9,0,15,0,0,0,15
01/20/2020,BGM,NY,AEA,EN,Combined TRACON& Tower with Radar,0,4,5,0,9,0,0,10,0,10,0,4,15,0,19,6,0,6,25
01/21/2020,BGM,NY,AEA,EN,Combined TRACON& Tower with Radar,0,11,8,0,19,0,0,9,0,9,0,11,17,0,28,33,0,33,61
01/22/2020,BGM,NY,AEA,EN,Combined TRACON& Tower with Radar,0,4,20,0,24,0,0,32,0,32,0,4,52,0,56,34,0,34,90
01/23/2020,BGM,NY,AEA,EN,Combined TRACON& Tower with Radar,0,3,15,0,18,0,0,11,0,11,0,3,26,0,29,4,0,4,33
01/24/2020,BGM,NY,AEA,EN,Combined TRACON& Tower with Radar,0,3,15,0,18,0,0,29,2,31,0,3,44,2,49,12,0,12,61
01/25/2020,BGM,NY,AEA,EN,Combined TRACON& Tower with Radar,0,3,0,0,3,0,0,0,0,0,0,3,0,0,3,0,0,0,3
01/26/2020,BGM,NY,AEA,EN,Combined TRACON& Tower with Radar,0,5,2,0,7,0,0,0,0,0,0,5,2,0,7,34,0,34,41
01/27/2020,BGM,NY,AEA,EN,Combined TRACON& Tower with Radar,0,6,4,0,10,0,0,0,0,0,0,6,4,0,10,0,0,0,10
01/28/2020,BGM,NY,AEA,EN,Combined TRACON& Tower with Radar,0,6,10,0,16,0,0,1,0,1,0,6,11,0,17,0,0,0,17
01/29/2020,BGM,NY,AEA,EN,Combined TRACON& Tower with Radar,0,6,15,0,21,0,0,10,0,10,0,6,25,0,31,36,0,36,67
01/30/2020,BGM,NY,AEA,EN,Combined TRACON& Tower with Radar,0,7,8,5,20,0,1,23,5,29,0,8,31,10,49,16,14,30,79
01/31/2020,BGM,NY,AEA,EN,Combined TRACON& Tower with Radar,0,3,9,0,12,0,0,17,0,17,0,3,26,0,29,0,0,0,29
02/01/2020,BGM,NY,AEA,EN,Combined TRACON& Tower with Radar,0,2,1,0,3,0,0,0,0,0,0,2,1,0,3,4,0,4,7
02/02/2020,BGM,NY,AEA,EN,Combined TRACON& Tower with Radar,0,6,5,0,11,0,0,0,0,0,0,6,5,0,11,0,0,0,11
02/03/2020,BGM,NY,AEA,EN,Combined TRACON& Tower with Radar,0,6,4,0,10,0,1,17,0,18,0,7,21,0,28,8,0,8,36
02/04/2020,BGM,NY,AEA,EN,Combined TRACON& Tower with Radar,0,6,3,0,9,0,0,0,0,0,0,6,3,0,9,0,0,0,9
02/05/2020,BGM,NY,AEA,EN,Combined TRACON& Tower with Radar,0,3,8,0,11,0,0,12,0,12,0,3,20,0,23,26,0,26,49
02/06/2020,BGM,NY,AEA,EN,Combined TRACON& Tower with Radar,0,0,0,0,0,0,0,0,0,0,0,0,0,0,0,0,0,0,0
02/07/2020,BGM,NY,AEA,EN,Combined TRACON& Tower with Radar,0,0,0,0,0,0,0,0,0,0,0,0,0,0,0,0,0,0,0
02/08/2020,BGM,NY,AEA,EN,Combined TRACON& Tower with Radar,0,1,0,0,1,0,0,4,0,4,0,1,4,0,5,0,0,0,5
02/09/2020,BGM,NY,AEA,EN,Combined TRACON& Tower with Radar,0,4,6,0,10,0,0,8,0,8,0,4,14,0,18,4,0,4,22
02/10/2020,BGM,NY,AEA,EN,Combined TRACON& Tower with Radar,0,6,9,0,15,0,0,0,0,0,0,6,9,0,15,0,0,0,15
02/11/2020,BGM,NY,AEA,EN,Combined TRACON& Tower with Radar,0,5,6,3,14,0,0,0,0,0,0,5,6,3,14,0,0,0,14
02/12/2020,BGM,NY,AEA,EN,Combined TRACON& Tower with Radar,0,2,8,1,11,0,0,15,3,18,0,2,23,4,29,20,0,20,49
02/13/2020,BGM,NY,AEA,EN,Combined TRACON& Tower with Radar,0,4,7,0,11,0,0,0,0,0,0,4,7,0,11,0,0,0,11
02/14/2020,BGM,NY,AEA,EN,Combined TRACON& Tower with Radar,0,4,10,0,14,0,0,7,0,7,0,4,17,0,21,18,0,18,39
02/15/2020,BGM,NY,AEA,EN,Combined TRACON& Tower with Radar,0,4,6,0,10,0,0,35,0,35,0,4,41,0,45,24,0,24,69
02/16/2020,BGM,NY,AEA,EN,Combined TRACON& Tower with Radar,0,3,4,0,7,0,0,19,0,19,0,3,23,0,26,0,0,0,26
02/17/2020,BGM,NY,AEA,EN,Combined TRACON& Tower with Radar,0,4,7,0,11,0,0,16,0,16,0,4,23,0,27,0,0,0,27
02/18/2020,BGM,NY,AEA,EN,Combined TRACON& Tower with Radar,0,4,2,0,6,0,0,0,0,0,0,4,2,0,6,0,0,0,6
02/19/2020,BGM,NY,AEA,EN,Combined TRACON& Tower with Radar,0,6,1,0,7,0,0,2,0,2,0,6,3,0,9,0,0,0,9
02/20/2020,BGM,NY,AEA,EN,Combined TRACON& Tower with Radar,0,4,6,2,12,0,0,16,0,16,0,4,22,2,28,14,0,14,42
02/21/2020,BGM,NY,AEA,EN,Combined TRACON& Tower with Radar,0,5,7,0,12,0,0,20,1,21,0,5,27,1,33,22,0,22,55
02/22/2020,BGM,NY,AEA,EN,Combined TRACON& Tower with Radar,0,5,6,0,11,0,0,17,0,17,0,5,23,0,28,6,0,6,34
02/23/2020,BGM,NY,AEA,EN,Combined TRACON& Tower with Radar,0,3,14,0,17,0,0,35,0,35,0,3,49,0,52,2,0,2,54
02/24/2020,BGM,NY,AEA,EN,Combined TRACON& Tower with Radar,0,8,8,0,16,0,0,9,0,9,0,8,17,0,25,0,0,0,25
02/25/2020,BGM,NY,AEA,EN,Combined TRACON& Tower with Radar,0,8,15,0,23,0,0,6,0,6,0,8,21,0,29,9,0,9,38
02/26/2020,BGM,NY,AEA,EN,Combined TRACON& Tower with Radar,0,5,12,0,17,0,0,0,0,0,0,5,12,0,17,0,0,0,17
02/27/2020,BGM,NY,AEA,EN,Combined TRACON& Tower with Radar,4,2,4,0,10,0,0,0,0,0,4,2,4,0,10,0,0,0,10
02/28/2020,BGM,NY,AEA,EN,Combined TRACON& Tower with Radar,0,5,4,0,9,0,0,6,0,6,0,5,10,0,15,4,0,4,19
02/29/2020,BGM,NY,AEA,EN,Combined TRACON& Tower with Radar,0,2,2,0,4,0,0,0,0,0,0,2,2,0,4,0,0,0,4
03/01/2020,BGM,NY,AEA,EN,Combined TRACON& Tower with Radar,0,4,12,0,16,0,0,23,0,23,0,4,35,0,39,2,0,2,41
03/02/2020,BGM,NY,AEA,EN,Combined TRACON& Tower with Radar,0,3,7,0,10,0,2,13,0,15,0,5,20,0,25,0,0,0,25
03/03/2020,BGM,NY,AEA,EN,Combined TRACON& Tower with Radar,0,4,6,0,10,0,0,3,0,3,0,4,9,0,13,0,0,0,13
03/04/2020,BGM,NY,AEA,EN,Combined TRACON& Tower with Radar,0,6,7,0,13,0,4,0,0,4,0,10,7,0,17,0,0,0,17
03/05/2020,BGM,NY,AEA,EN,Combined TRACON& Tower with Radar,0,4,10,0,14,0,0,19,0,19,0,4,29,0,33,10,0,10,43
03/06/2020,BGM,NY,AEA,EN,Combined TRACON& Tower with Radar,0,3,2,0,5,0,0,8,0,8,0,3,10,0,13,0,0,0,13
03/07/2020,BGM,NY,AEA,EN,Combined TRACON& Tower with Radar,0,2,4,0,6,0,0,13,0,13,0,2,17,0,19,14,0,14,33
03/08/2020,BGM,NY,AEA,EN,Combined TRACON& Tower with Radar,2,3,18,0,23,0,0,43,0,43,2,3,61,0,66,10,0,10,76
03/09/2020,BGM,NY,AEA,EN,Combined TRACON& Tower with Radar,0,4,8,0,12,0,0,20,0,20,0,4,28,0,32,12,0,12,44
03/10/2020,BGM,NY,AEA,EN,Combined TRACON& Tower with Radar,0,7,8,0,15,0,0,0,0,0,0,7,8,0,15,0,0,0,15
03/11/2020,BGM,NY,AEA,EN,Combined TRACON& Tower with Radar,2,4,4,0,10,0,0,9,0,9,2,4,13,0,19,33,0,33,52
03/12/2020,BGM,NY,AEA,EN,Combined TRACON& Tower with Radar,0,5,9,0,14,0,0,11,0,11,0,5,20,0,25,41,0,41,66
03/13/2020,BGM,NY,AEA,EN,Combined TRACON& Tower with Radar,0,4,3,0,7,0,0,5,0,5,0,4,8,0,12,0,0,0,12
03/14/2020,BGM,NY,AEA,EN,Combined TRACON& Tower with Radar,0,4,3,0,7,0,0,19,0,19,0,4,22,0,26,6,0,6,32
03/15/2020,BGM,NY,AEA,EN,Combined TRACON& Tower with Radar,0,4,9,0,13,0,0,37,0,37,0,4,46,0,50,12,0,12,62
03/16/2020,BGM,NY,AEA,EN,Combined TRACON& Tower with Radar,0,6,2,0,8,0,0,12,0,12,0,6,14,0,20,6,0,6,26
03/17/2020,BGM,NY,AEA,EN,Combined TRACON& Tower with Radar,0,4,1,2,7,0,0,3,0,3,0,4,4,2,10,0,0,0,10
03/18/2020,BGM,NY,AEA,EN,Combined TRACON& Tower with Radar,0,4,8,0,12,0,0,23,0,23,0,4,31,0,35,6,0,6,41
03/19/2020,BGM,NY,AEA,EN,Combined TRACON& Tower with Radar,0,6,4,0,10,0,0,0,0,0,0,6,4,0,10,0,0,0,10
03/20/2020,BGM,NY,AEA,EN,Combined TRACON& Tower with Radar,0,4,5,0,9,0,0,0,0,0,0,4,5,0,9,0,0,0,9
03/21/2020,BGM,NY,AEA,EN,Combined TRACON& Tower with Radar,0,4,0,0,4,0,0,6,0,6,0,4,6,0,10,2,0,2,12
03/22/2020,BGM,NY,AEA,EN,Combined TRACON& Tower with Radar,0,4,1,0,5,0,0,24,0,24,0,4,25,0,29,0,0,0,29
03/23/2020,BGM,NY,AEA,EN,Combined TRACON& Tower with Radar,0,6,2,0,8,0,0,10,0,10,0,6,12,0,18,0,0,0,18
03/24/2020,BGM,NY,AEA,EN,Combined TRACON& Tower with Radar,0,4,0,0,4,0,0,0,0,0,0,4,0,0,4,0,0,0,4
03/25/2020,BGM,NY,AEA,EN,Combined TRACON& Tower with Radar,0,4,0,0,4,0,1,0,0,1,0,5,0,0,5,0,0,0,5
03/26/2020,BGM,NY,AEA,EN,Combined TRACON& Tower with Radar,0,4,3,0,7,0,0,15,0,15,0,4,18,0,22,0,0,0,22
03/27/2020,BGM,NY,AEA,EN,Combined TRACON& Tower with Radar,0,3,9,0,12,0,0,13,0,13,0,3,22,0,25,0,0,0,25
03/28/2020,BGM,NY,AEA,EN,Combined TRACON& Tower with Radar,0,2,0,0,2,0,0,0,0,0,0,2,0,0,2,2,0,2,4
03/29/2020,BGM,NY,AEA,EN,Combined TRACON& Tower with Radar,0,2,0,0,2,0,0,0,0,0,0,2,0,0,2,0,0,0,2
03/30/2020,BGM,NY,AEA,EN,Combined TRACON& Tower with Radar,0,2,0,0,2,0,0,0,0,0,0,2,0,0,2,0,0,0,2
03/31/2020,BGM,NY,AEA,EN,Combined TRACON& Tower with Radar,0,2,3,0,5,0,0,1,0,1,0,2,4,0,6,0,0,0,6
04/01/2020,BGM,NY,AEA,EN,Combined TRACON& Tower with Radar,0,4,5,0,9,0,0,4,0,4,0,4,9,0,13,0,0,0,13
04/02/2020,BGM,NY,AEA,EN,Combined TRACON& Tower with Radar,0,2,1,0,3,0,0,5,0,5,0,2,6,0,8,0,0,0,8
04/03/2020,BGM,NY,AEA,EN,Combined TRACON& Tower with Radar,0,2,2,0,4,0,0,0,0,0,0,2,2,0,4,0,0,0,4
04/04/2020,BGM,NY,AEA,EN,Combined TRACON& Tower with Radar,0,2,17,0,19,0,0,0,0,0,0,2,17,0,19,0,0,0,19
04/05/2020,BGM,NY,AEA,EN,Combined TRACON& Tower with Radar,0,2,1,0,3,0,0,10,0,10,0,2,11,0,13,0,0,0,13
04/06/2020,BGM,NY,AEA,EN,Combined TRACON& Tower with Radar,0,0,3,4,7,0,0,10,0,10,0,0,13,4,17,18,0,18,35
04/07/2020,BGM,NY,AEA,EN,Combined TRACON& Tower with Radar,0,2,8,0,10,0,0,17,0,17,0,2,25,0,27,0,0,0,27
04/08/2020,BGM,NY,AEA,EN,Combined TRACON& Tower with Radar,0,2,3,0,5,0,0,3,0,3,0,2,6,0,8,0,0,0,8
04/09/2020,BGM,NY,AEA,EN,Combined TRACON& Tower with Radar,0,2,0,0,2,0,0,0,0,0,0,2,0,0,2,0,0,0,2
04/10/2020,BGM,NY,AEA,EN,Combined TRACON& Tower with Radar,0,2,0,0,2,0,0,0,0,0,0,2,0,0,2,0,0,0,2
04/11/2020,BGM,NY,AEA,EN,Combined TRACON& Tower with Radar,0,2,2,0,4,0,0,7,0,7,0,2,9,0,11,0,0,0,11
04/12/2020,BGM,NY,AEA,EN,Combined TRACON& Tower with Radar,0,2,7,0,9,0,0,9,0,9,0,2,16,0,18,0,0,0,18
04/13/2020,BGM,NY,AEA,EN,Combined TRACON& Tower with Radar,0,4,0,0,4,0,0,0,0,0,0,4,0,0,4,0,0,0,4
04/14/2020,BGM,NY,AEA,EN,Combined TRACON& Tower with Radar,0,2,5,0,7,0,0,16,0,16,0,2,21,0,23,8,0,8,31
04/15/2020,BGM,NY,AEA,EN,Combined TRACON& Tower with Radar,0,2,6,0,8,0,0,6,0,6,0,2,12,0,14,12,0,12,26
04/16/2020,BGM,NY,AEA,EN,Combined TRACON& Tower with Radar,0,2,4,0,6,0,0,3,0,3,0,2,7,0,9,0,0,0,9
04/17/2020,BGM,NY,AEA,EN,Combined TRACON& Tower with Radar,0,2,8,0,10,0,0,11,0,11,0,2,19,0,21,6,0,6,27
04/18/2020,BGM,NY,AEA,EN,Combined TRACON& Tower with Radar,0,2,1,0,3,0,0,5,0,5,0,2,6,0,8,4,0,4,12
04/19/2020,BGM,NY,AEA,EN,Combined TRACON& Tower with Radar,0,2,4,0,6,0,0,6,0,6,0,2,10,0,12,2,0,2,14
04/20/2020,BGM,NY,AEA,EN,Combined TRACON& Tower with Radar,0,2,5,0,7,0,0,16,2,18,0,2,21,2,25,24,0,24,49
04/21/2020,BGM,NY,AEA,EN,Combined TRACON& Tower with Radar,0,2,2,0,4,0,0,0,0,0,0,2,2,0,4,0,0,0,4
04/22/2020,BGM,NY,AEA,EN,Combined TRACON& Tower with Radar,0,2,0,0,2,0,0,0,3,3,0,2,0,3,5,0,0,0,5
04/23/2020,BGM,NY,AEA,EN,Combined TRACON& Tower with Radar,0,2,0,0,2,0,0,1,0,1,0,2,1,0,3,0,0,0,3
04/24/2020,BGM,NY,AEA,EN,Combined TRACON& Tower with Radar,0,2,6,0,8,0,0,0,0,0,0,2,6,0,8,0,0,0,8
04/25/2020,BGM,NY,AEA,EN,Combined TRACON& Tower with Radar,0,2,11,0,13,0,0,27,0,27,0,2,38,0,40,2,0,2,42
04/26/2020,BGM,NY,AEA,EN,Combined TRACON& Tower with Radar,0,2,0,0,2,0,0,0,0,0,0,2,0,0,2,0,0,0,2
04/27/2020,BGM,NY,AEA,EN,Combined TRACON& Tower with Radar,0,2,0,0,2,0,0,0,0,0,0,2,0,0,2,0,0,0,2
04/28/2020,BGM,NY,AEA,EN,Combined TRACON& Tower with Radar,0,2,10,0,12,0,0,33,0,33,0,2,43,0,45,30,0,30,75
04/29/2020,BGM,NY,AEA,EN,Combined TRACON& Tower with Radar,0,2,0,0,2,0,0,4,0,4,0,2,4,0,6,0,0,0,6
04/30/2020,BGM,NY,AEA,EN,Combined TRACON& Tower with Radar,0,2,4,0,6,0,0,0,0,0,0,2,4,0,6,0,0,0,6
05/01/2020,BGM,NY,AEA,EN,Combined TRACON& Tower with Radar,0,2,11,0,13,0,0,4,0,4,0,2,15,0,17,0,0,0,17
05/02/2020,BGM,NY,AEA,EN,Combined TRACON& Tower with Radar,0,2,9,0,11,0,0,25,0,25,0,2,34,0,36,0,0,0,36
05/03/2020,BGM,NY,AEA,EN,Combined TRACON& Tower with Radar,0,2,6,0,8,0,1,19,0,20,0,3,25,0,28,2,0,2,30
05/04/2020,BGM,NY,AEA,EN,Combined TRACON& Tower with Radar,0,2,1,0,3,0,0,0,0,0,0,2,1,0,3,0,0,0,3
05/05/2020,BGM,NY,AEA,EN,Combined TRACON& Tower with Radar,0,0,4,0,4,0,0,21,0,21,0,0,25,0,25,10,0,10,35
05/06/2020,BGM,NY,AEA,EN,Combined TRACON& Tower with Radar,0,2,4,0,6,0,0,4,0,4,0,2,8,0,10,0,0,0,10
05/07/2020,BGM,NY,AEA,EN,Combined TRACON& Tower with Radar,0,2,4,0,6,0,0,14,0,14,0,2,18,0,20,8,0,8,28
05/08/2020,BGM,NY,AEA,EN,Combined TRACON& Tower with Radar,0,2,1,0,3,0,0,0,0,0,0,2,1,0,3,0,0,0,3
05/09/2020,BGM,NY,AEA,EN,Combined TRACON& Tower with Radar,0,2,1,0,3,0,0,0,0,0,0,2,1,0,3,0,0,0,3
05/10/2020,BGM,NY,AEA,EN,Combined TRACON& Tower with Radar,0,0,6,0,6,0,0,6,0,6,0,0,12,0,12,0,0,0,12
05/11/2020,BGM,NY,AEA,EN,Combined TRACON& Tower with Radar,0,2,4,0,6,0,0,0,0,0,0,2,4,0,6,0,0,0,6
05/12/2020,BGM,NY,AEA,EN,Combined TRACON& Tower with Radar,0,3,2,0,5,0,2,6,0,8,0,5,8,0,13,0,0,0,13
05/13/2020,BGM,NY,AEA,EN,Combined TRACON& Tower with Radar,0,3,18,0,21,0,0,25,0,25,0,3,43,0,46,0,0,0,46
05/14/2020,BGM,NY,AEA,EN,Combined TRACON& Tower with Radar,0,0,2,0,2,0,0,4,0,4,0,0,6,0,6,16,0,16,22
05/15/2020,BGM,NY,AEA,EN,Combined TRACON& Tower with Radar,0,6,2,0,8,0,0,5,0,5,0,6,7,0,13,8,0,8,21
05/16/2020,BGM,NY,AEA,EN,Combined TRACON& Tower with Radar,0,0,14,0,14,0,0,21,0,21,0,0,35,0,35,24,0,24,59
05/17/2020,BGM,NY,AEA,EN,Combined TRACON& Tower with Radar,0,4,3,0,7,0,0,13,0,13,0,4,16,0,20,8,0,8,28
05/18/2020,BGM,NY,AEA,EN,Combined TRACON& Tower with Radar,0,2,2,2,6,0,0,2,0,2,0,2,4,2,8,0,0,0,8
05/19/2020,BGM,NY,AEA,EN,Combined TRACON& Tower with Radar,0,0,2,2,4,0,0,17,0,17,0,0,19,2,21,8,0,8,29
05/20/2020,BGM,NY,AEA,EN,Combined TRACON& Tower with Radar,0,2,8,0,10,0,0,19,1,20,0,2,27,1,30,10,0,10,40
05/21/2020,BGM,NY,AEA,EN,Combined TRACON& Tower with Radar,0,0,10,0,10,0,0,13,1,14,0,0,23,1,24,0,0,0,24
05/22/2020,BGM,NY,AEA,EN,Combined TRACON& Tower with Radar,0,2,4,0,6,0,0,6,0,6,0,2,10,0,12,4,0,4,16
05/23/2020,BGM,NY,AEA,EN,Combined TRACON& Tower with Radar,0,2,9,0,11,0,0,8,0,8,0,2,17,0,19,0,0,0,19
05/24/2020,BGM,NY,AEA,EN,Combined TRACON& Tower with Radar,0,0,2,0,2,0,0,6,0,6,0,0,8,0,8,10,0,10,18
05/25/2020,BGM,NY,AEA,EN,Combined TRACON& Tower with Radar,0,2,4,0,6,0,0,4,0,4,0,2,8,0,10,44,0,44,54
05/26/2020,BGM,NY,AEA,EN,Combined TRACON& Tower with Radar,0,4,2,0,6,0,0,6,3,9,0,4,8,3,15,20,0,20,35
05/27/2020,BGM,NY,AEA,EN,Combined TRACON& Tower with Radar,0,2,13,2,17,0,0,13,1,14,0,2,26,3,31,3,0,3,34
05/28/2020,BGM,NY,AEA,EN,Combined TRACON& Tower with Radar,0,2,10,0,12,0,0,0,1,1,0,2,10,1,13,0,0,0,13
05/29/2020,BGM,NY,AEA,EN,Combined TRACON& Tower with Radar,0,2,7,0,9,0,0,4,0,4,0,2,11,0,13,6,0,6,19
05/30/2020,BGM,NY,AEA,EN,Combined TRACON& Tower with Radar,0,2,10,2,14,0,0,14,0,14,0,2,24,2,28,24,0,24,52
05/31/2020,BGM,NY,AEA,EN,Combined TRACON& Tower with Radar,0,2,3,0,5,0,0,12,0,12,0,2,15,0,17,2,0,2,19
06/01/2020,BGM,NY,AEA,EN,Combined TRACON& Tower with Radar,0,2,3,0,5,0,0,7,0,7,0,2,10,0,12,0,0,0,12
06/02/2020,BGM,NY,AEA,EN,Combined TRACON& Tower with Radar,0,2,4,0,6,0,0,11,0,11,0,2,15,0,17,0,0,0,17
06/03/2020,BGM,NY,AEA,EN,Combined TRACON& Tower with Radar,0,2,0,0,2,0,0,3,0,3,0,2,3,0,5,0,0,0,5
06/04/2020,BGM,NY,AEA,EN,Combined TRACON& Tower with Radar,0,0,18,0,18,0,0,14,0,14,0,0,32,0,32,16,0,16,48
06/05/2020,BGM,NY,AEA,EN,Combined TRACON& Tower with Radar,0,3,18,0,21,0,0,14,0,14,0,3,32,0,35,0,0,0,35
06/06/2020,BGM,NY,AEA,EN,Combined TRACON& Tower with Radar,0,3,15,0,18,0,0,9,0,9,0,3,24,0,27,8,0,8,35
06/07/2020,BGM,NY,AEA,EN,Combined TRACON& Tower with Radar,0,2,9,0,11,0,0,9,0,9,0,2,18,0,20,12,0,12,32
06/08/2020,BGM,NY,AEA,EN,Combined TRACON& Tower with Radar,0,3,4,0,7,0,0,23,0,23,0,3,27,0,30,6,0,6,36
06/09/2020,BGM,NY,AEA,EN,Combined TRACON& Tower with Radar,0,3,8,2,13,0,0,17,3,20,0,3,25,5,33,18,6,24,57
06/10/2020,BGM,NY,AEA,EN,Combined TRACON& Tower with Radar,0,2,5,0,7,0,0,5,0,5,0,2,10,0,12,32,0,32,44
06/11/2020,BGM,NY,AEA,EN,Combined TRACON& Tower with Radar,0,4,2,0,6,0,0,6,0,6,0,4,8,0,12,0,0,0,12
06/12/2020,BGM,NY,AEA,EN,Combined TRACON& Tower with Radar,0,0,4,0,4,0,0,13,0,13,0,0,17,0,17,2,0,2,19
06/13/2020,BGM,NY,AEA,EN,Combined TRACON& Tower with Radar,0,0,17,0,17,0,0,28,0,28,0,0,45,0,45,0,0,0,45
06/14/2020,BGM,NY,AEA,EN,Combined TRACON& Tower with Radar,0,2,10,0,12,0,0,18,0,18,0,2,28,0,30,28,0,28,58
06/15/2020,BGM,NY,AEA,EN,Combined TRACON& Tower with Radar,0,2,6,0,8,0,0,14,0,14,0,2,20,0,22,14,0,14,36
06/16/2020,BGM,NY,AEA,EN,Combined TRACON& Tower with Radar,0,3,9,0,12,0,0,14,0,14,0,3,23,0,26,0,0,0,26
06/17/2020,BGM,NY,AEA,EN,Combined TRACON& Tower with Radar,0,1,8,3,12,0,0,17,0,17,0,1,25,3,29,14,0,14,43
06/18/2020,BGM,NY,AEA,EN,Combined TRACON& Tower with Radar,0,6,8,0,14,0,0,14,0,14,0,6,22,0,28,24,0,24,52
06/19/2020,BGM,NY,AEA,EN,Combined TRACON& Tower with Radar,0,2,14,0,16,0,0,12,2,14,0,2,26,2,30,32,0,32,62
06/20/2020,BGM,NY,AEA,EN,Combined TRACON& Tower with Radar,0,2,4,0,6,0,0,20,0,20,0,2,24,0,26,0,0,0,26
06/21/2020,BGM,NY,AEA,EN,Combined TRACON& Tower with Radar,0,2,5,0,7,0,0,12,0,12,0,2,17,0,19,10,0,10,29
06/22/2020,BGM,NY,AEA,EN,Combined TRACON& Tower with Radar,0,2,3,0,5,0,0,10,0,10,0,2,13,0,15,0,0,0,15
06/23/2020,BGM,NY,AEA,EN,Combined TRACON& Tower with Radar,0,2,1,0,3,0,0,6,0,6,0,2,7,0,9,12,0,12,21
06/24/2020,BGM,NY,AEA,EN,Combined TRACON& Tower with Radar,0,3,11,6,20,0,0,6,0,6,0,3,17,6,26,18,0,18,44
06/25/2020,BGM,NY,AEA,EN,Combined TRACON& Tower with Radar,0,3,2,0,5,0,0,7,0,7,0,3,9,0,12,30,0,30,42
06/26/2020,BGM,NY,AEA,EN,Combined TRACON& Tower with Radar,0,4,13,0,17,0,0,19,0,19,0,4,32,0,36,12,0,12,48
06/27/2020,BGM,NY,AEA,EN,Combined TRACON& Tower with Radar,0,2,8,0,10,0,0,0,0,0,0,2,8,0,10,0,0,0,10
06/28/2020,BGM,NY,AEA,EN,Combined TRACON& Tower with Radar,0,3,3,0,6,0,0,4,0,4,0,3,7,0,10,4,0,4,14
06/29/2020,BGM,NY,AEA,EN,Combined TRACON& Tower with Radar,0,2,8,4,14,0,2,12,0,14,0,4,20,4,28,8,12,20,48
06/30/2020,BGM,NY,AEA,EN,Combined TRACON& Tower with Radar,0,2,16,4,22,0,0,10,0,10,0,2,26,4,32,6,0,6,38
07/01/2020,BGM,NY,AEA,EN,Combined TRACON& Tower with Radar,0,5,10,0,15,0,0,2,0,2,0,5,12,0,17,0,0,0,17
07/02/2020,BGM,NY,AEA,EN,Combined TRACON& Tower with Radar,0,2,6,0,8,0,0,24,0,24,0,2,30,0,32,14,0,14,46
07/03/2020,BGM,NY,AEA,EN,Combined TRACON& Tower with Radar,0,3,5,0,8,0,0,18,0,18,0,3,23,0,26,20,0,20,46
07/04/2020,BGM,NY,AEA,EN,Combined TRACON& Tower with Radar,0,2,4,0,6,0,0,13,0,13,0,2,17,0,19,0,0,0,19
07/05/2020,BGM,NY,AEA,EN,Combined TRACON& Tower with Radar,0,4,5,0,9,0,0,11,0,11,0,4,16,0,20,0,0,0,20
07/06/2020,BGM,NY,AEA,EN,Combined TRACON& Tower with Radar,0,2,6,0,8,0,0,21,0,21,0,2,27,0,29,2,0,2,31
07/07/2020,BGM,NY,AEA,EN,Combined TRACON& Tower with Radar,0,2,6,0,8,0,0,5,0,5,0,2,11,0,13,20,0,20,33
07/08/2020,BGM,NY,AEA,EN,Combined TRACON& Tower with Radar,0,3,10,0,13,0,0,13,0,13,0,3,23,0,26,32,0,32,58
07/09/2020,BGM,NY,AEA,EN,Combined TRACON& Tower with Radar,0,4,10,0,14,0,0,14,0,14,0,4,24,0,28,12,0,12,40
07/10/2020,BGM,NY,AEA,EN,Combined TRACON& Tower with Radar,0,2,5,0,7,0,0,19,0,19,0,2,24,0,26,18,0,18,44
07/11/2020,BGM,NY,AEA,EN,Combined TRACON& Tower with Radar,0,2,0,0,2,0,0,0,0,0,0,2,0,0,2,0,0,0,2
07/12/2020,BGM,NY,AEA,EN,Combined TRACON& Tower with Radar,0,4,9,0,13,0,0,5,0,5,0,4,14,0,18,4,0,4,22
07/13/2020,BGM,NY,AEA,EN,Combined TRACON& Tower with Radar,0,2,6,4,12,0,0,2,0,2,0,2,8,4,14,0,10,10,24
07/14/2020,BGM,NY,AEA,EN,Combined TRACON& Tower with Radar,0,5,9,0,14,0,0,26,0,26,0,5,35,0,40,52,0,52,92
07/15/2020,BGM,NY,AEA,EN,Combined TRACON& Tower with Radar,0,5,11,0,16,0,0,26,0,26,0,5,37,0,42,14,0,14,56
07/16/2020,BGM,NY,AEA,EN,Combined TRACON& Tower with Radar,0,6,12,0,18,0,0,4,0,4,0,6,16,0,22,0,0,0,22
07/17/2020,BGM,NY,AEA,EN,Combined TRACON& Tower with Radar,0,4,11,0,15,0,0,8,0,8,0,4,19,0,23,24,0,24,47
07/18/2020,BGM,NY,AEA,EN,Combined TRACON& Tower with Radar,0,2,1,0,3,0,0,28,0,28,0,2,29,0,31,10,0,10,41
07/19/2020,BGM,NY,AEA,EN,Combined TRACON& Tower with Radar,0,5,2,0,7,0,0,13,0,13,0,5,15,0,20,16,0,16,36
07/20/2020,BGM,NY,AEA,EN,Combined TRACON& Tower with Radar,0,5,8,0,13,0,0,7,0,7,0,5,15,0,20,0,0,0,20
07/21/2020,BGM,NY,AEA,EN,Combined TRACON& Tower with Radar,0,2,3,0,5,0,0,13,0,13,0,2,16,0,18,0,0,0,18
07/22/2020,BGM,NY,AEA,EN,Combined TRACON& Tower with Radar,0,6,2,0,8,0,0,14,1,15,0,6,16,1,23,0,0,0,23
07/23/2020,BGM,NY,AEA,EN,Combined TRACON& Tower with Radar,0,6,3,0,9,0,0,7,0,7,0,6,10,0,16,0,0,0,16
07/24/2020,BGM,NY,AEA,EN,Combined TRACON& Tower with Radar,0,2,11,1,14,0,0,10,0,10,0,2,21,1,24,0,0,0,24
07/25/2020,BGM,NY,AEA,EN,Combined TRACON& Tower with Radar,0,2,1,0,3,0,0,20,0,20,0,2,21,0,23,54,0,54,77
07/26/2020,BGM,NY,AEA,EN,Combined TRACON& Tower with Radar,0,2,7,0,9,0,2,24,0,26,0,4,31,0,35,2,0,2,37
07/27/2020,BGM,NY,AEA,EN,Combined TRACON& Tower with Radar,0,3,2,0,5,0,0,3,0,3,0,3,5,0,8,19,0,19,27
07/28/2020,BGM,NY,AEA,EN,Combined TRACON& Tower with Radar,0,2,6,0,8,0,0,8,0,8,0,2,14,0,16,0,0,0,16
07/29/2020,BGM,NY,AEA,EN,Combined TRACON& Tower with Radar,0,4,5,0,9,0,0,25,0,25,0,4,30,0,34,2,0,2,36
07/30/2020,BGM,NY,AEA,EN,Combined TRACON& Tower with Radar,0,2,4,0,6,0,0,3,0,3,0,2,7,0,9,26,0,26,35
07/31/2020,BGM,NY,AEA,EN,Combined TRACON& Tower with Radar,0,4,30,0,34,0,0,20,0,20,0,4,50,0,54,8,0,8,62
08/01/2020,BGM,NY,AEA,EN,Combined TRACON& Tower with Radar,0,2,6,0,8,0,0,31,0,31,0,2,37,0,39,38,0,38,77
08/02/2020,BGM,NY,AEA,EN,Combined TRACON& Tower with Radar,0,2,3,0,5,0,0,0,0,0,0,2,3,0,5,0,0,0,5
08/03/2020,BGM,NY,AEA,EN,Combined TRACON& Tower with Radar,0,4,2,1,7,0,0,8,1,9,0,4,10,2,16,0,0,0,16
08/04/2020,BGM,NY,AEA,EN,Combined TRACON& Tower with Radar,0,4,4,0,8,0,0,0,0,0,0,4,4,0,8,0,0,0,8
08/05/2020,BGM,NY,AEA,EN,Combined TRACON& Tower with Radar,0,2,14,7,23,0,0,19,2,21,0,2,33,9,44,6,0,6,50
08/06/2020,BGM,NY,AEA,EN,Combined TRACON& Tower with Radar,0,5,2,0,7,0,0,20,0,20,0,5,22,0,27,12,0,12,39
08/07/2020,BGM,NY,AEA,EN,Combined TRACON& Tower with Radar,0,3,10,0,13,0,0,6,0,6,0,3,16,0,19,11,0,11,30
08/08/2020,BGM,NY,AEA,EN,Combined TRACON& Tower with Radar,0,3,10,0,13,0,0,12,0,12,0,3,22,0,25,4,0,4,29
08/09/2020,BGM,NY,AEA,EN,Combined TRACON& Tower with Radar,0,3,1,0,4,0,0,23,0,23,0,3,24,0,27,3,0,3,30
08/10/2020,BGM,NY,AEA,EN,Combined TRACON& Tower with Radar,0,4,8,4,16,0,0,8,0,8,0,4,16,4,24,0,0,0,24
08/11/2020,BGM,NY,AEA,EN,Combined TRACON& Tower with Radar,0,2,5,0,7,0,0,11,0,11,0,2,16,0,18,18,0,18,36
08/12/2020,BGM,NY,AEA,EN,Combined TRACON& Tower with Radar,0,2,9,0,11,0,0,16,0,16,0,2,25,0,27,0,0,0,27
08/13/2020,BGM,NY,AEA,EN,Combined TRACON& Tower with Radar,0,2,12,0,14,0,0,14,0,14,0,2,26,0,28,24,0,24,52
08/14/2020,BGM,NY,AEA,EN,Combined TRACON& Tower with Radar,0,4,8,2,14,0,0,16,0,16,0,4,24,2,30,0,0,0,30
08/15/2020,BGM,NY,AEA,EN,Combined TRACON& Tower with Radar,0,4,3,0,7,0,0,22,0,22,0,4,25,0,29,26,0,26,55
08/16/2020,BGM,NY,AEA,EN,Combined TRACON& Tower with Radar,0,4,10,0,14,0,0,10,0,10,0,4,20,0,24,0,0,0,24
08/17/2020,BGM,NY,AEA,EN,Combined TRACON& Tower with Radar,0,4,3,0,7,0,0,2,0,2,0,4,5,0,9,0,0,0,9
08/18/2020,BGM,NY,AEA,EN,Combined TRACON& Tower with Radar,0,2,1,0,3,0,0,3,0,3,0,2,4,0,6,6,0,6,12
08/19/2020,BGM,NY,AEA,EN,Combined TRACON& Tower with Radar,0,4,9,0,13,0,0,23,0,23,0,4,32,0,36,18,0,18,54
08/20/2020,BGM,NY,AEA,EN,Combined TRACON& Tower with Radar,0,3,11,9,23,0,0,25,7,32,0,3,36,16,55,14,0,14,69
08/21/2020,BGM,NY,AEA,EN,Combined TRACON& Tower with Radar,0,6,6,0,12,0,0,19,0,19,0,6,25,0,31,6,0,6,37
08/22/2020,BGM,NY,AEA,EN,Combined TRACON& Tower with Radar,0,2,4,0,6,0,0,20,0,20,0,2,24,0,26,10,0,10,36
08/23/2020,BGM,NY,AEA,EN,Combined TRACON& Tower with Radar,0,2,3,0,5,0,0,11,0,11,0,2,14,0,16,10,0,10,26
08/24/2020,BGM,NY,AEA,EN,Combined TRACON& Tower with Radar,0,6,3,0,9,0,0,4,2,6,0,6,7,2,15,0,0,0,15
08/25/2020,BGM,NY,AEA,EN,Combined TRACON& Tower with Radar,0,2,5,0,7,0,0,6,0,6,0,2,11,0,13,0,0,0,13
08/26/2020,BGM,NY,AEA,EN,Combined TRACON& Tower with Radar,0,4,8,0,12,0,0,24,0,24,0,4,32,0,36,8,0,8,44
08/27/2020,BGM,NY,AEA,EN,Combined TRACON& Tower with Radar,0,2,4,0,6,0,0,4,0,4,0,2,8,0,10,0,0,0,10
08/28/2020,BGM,NY,AEA,EN,Combined TRACON& Tower with Radar,0,2,3,0,5,0,0,4,0,4,0,2,7,0,9,40,0,40,49
08/29/2020,BGM,NY,AEA,EN,Combined TRACON& Tower with Radar,0,2,7,0,9,0,0,2,0,2,0,2,9,0,11,4,0,4,15
08/30/2020,BGM,NY,AEA,EN,Combined TRACON& Tower with Radar,0,2,4,0,6,0,0,15,0,15,0,2,19,0,21,0,0,0,21
08/31/2020,BGM,NY,AEA,EN,Combined TRACON& Tower with Radar,0,2,5,0,7,0,0,11,0,11,0,2,16,0,18,16,0,16,34
09/01/2020,BGM,NY,AEA,EN,Combined TRACON& Tower with Radar,0,4,2,0,6,0,0,8,0,8,0,4,10,0,14,0,0,0,14
09/02/2020,BGM,NY,AEA,EN,Combined TRACON& Tower with Radar,0,4,6,0,10,0,0,0,0,0,0,4,6,0,10,0,0,0,10
09/03/2020,BGM,NY,AEA,EN,Combined TRACON& Tower with Radar,0,3,1,0,4,0,0,14,0,14,0,3,15,0,18,12,0,12,30
09/04/2020,BGM,NY,AEA,EN,Combined TRACON& Tower with Radar,0,4,4,0,8,0,0,10,0,10,0,4,14,0,18,0,0,0,18
09/05/2020,BGM,NY,AEA,EN,Combined TRACON& Tower with Radar,0,2,4,0,6,0,1,22,0,23,0,3,26,0,29,18,0,18,47
09/06/2020,BGM,NY,AEA,EN,Combined TRACON& Tower with Radar,0,2,12,0,14,0,0,15,0,15,0,2,27,0,29,0,0,0,29
09/07/2020,BGM,NY,AEA,EN,Combined TRACON& Tower with Radar,0,2,3,0,5,0,0,2,0,2,0,2,5,0,7,0,0,0,7
09/08/2020,BGM,NY,AEA,EN,Combined TRACON& Tower with Radar,0,3,4,0,7,0,0,12,0,12,0,3,16,0,19,6,0,6,25
09/09/2020,BGM,NY,AEA,EN,Combined TRACON& Tower with Radar,0,3,8,0,11,0,0,19,0,19,0,3,27,0,30,1,0,1,31
09/10/2020,BGM,NY,AEA,EN,Combined TRACON& Tower with Radar,0,4,6,0,10,0,0,8,0,8,0,4,14,0,18,0,0,0,18
09/11/2020,BGM,NY,AEA,EN,Combined TRACON& Tower with Radar,0,6,10,0,16,0,0,16,2,18,0,6,26,2,34,4,0,4,38
09/12/2020,BGM,NY,AEA,EN,Combined TRACON& Tower with Radar,0,2,2,0,4,0,0,19,0,19,0,2,21,0,23,6,0,6,29
09/13/2020,BGM,NY,AEA,EN,Combined TRACON& Tower with Radar,0,4,5,0,9,0,2,4,0,6,0,6,9,0,15,0,0,0,15
09/14/2020,BGM,NY,AEA,EN,Combined TRACON& Tower with Radar,0,2,9,0,11,0,0,3,0,3,0,2,12,0,14,0,0,0,14
09/15/2020,BGM,NY,AEA,EN,Combined TRACON& Tower with Radar,0,3,7,0,10,0,0,24,0,24,0,3,31,0,34,6,0,6,40
09/16/2020,BGM,NY,AEA,EN,Combined TRACON& Tower with Radar,0,2,7,0,9,0,0,7,0,7,0,2,14,0,16,0,0,0,16
09/17/2020,BGM,NY,AEA,EN,Combined TRACON& Tower with Radar,0,4,4,1,9,0,0,0,1,1,0,4,4,2,10,0,0,0,10
09/18/2020,BGM,NY,AEA,EN,Combined TRACON& Tower with Radar,0,2,8,0,10,0,0,17,0,17,0,2,25,0,27,8,0,8,35
09/19/2020,BGM,NY,AEA,EN,Combined TRACON& Tower with Radar,0,2,2,0,4,0,0,30,0,30,0,2,32,0,34,14,0,14,48
09/20/2020,BGM,NY,AEA,EN,Combined TRACON& Tower with Radar,0,2,9,0,11,0,0,27,0,27,0,2,36,0,38,18,0,18,56
09/21/2020,BGM,NY,AEA,EN,Combined TRACON& Tower with Radar,0,4,2,6,12,0,0,20,0,20,0,4,22,6,32,0,0,0,32
09/22/2020,BGM,NY,AEA,EN,Combined TRACON& Tower with Radar,0,2,8,4,14,0,0,14,0,14,0,2,22,4,28,26,12,38,66
09/23/2020,BGM,NY,AEA,EN,Combined TRACON& Tower with Radar,0,5,0,0,5,0,0,6,0,6,0,5,6,0,11,28,0,28,39
09/24/2020,BGM,NY,AEA,EN,Combined TRACON& Tower with Radar,0,3,4,1,8,0,1,10,3,14,0,4,14,4,22,14,0,14,36
09/25/2020,BGM,NY,AEA,EN,Combined TRACON& Tower with Radar,0,4,10,0,14,0,0,16,0,16,0,4,26,0,30,18,0,18,48
09/26/2020,BGM,NY,AEA,EN,Combined TRACON& Tower with Radar,0,2,3,0,5,0,0,10,0,10,0,2,13,0,15,22,0,22,37
09/27/2020,BGM,NY,AEA,EN,Combined TRACON& Tower with Radar,0,2,11,0,13,0,0,2,0,2,0,2,13,0,15,0,0,0,15
09/28/2020,BGM,NY,AEA,EN,Combined TRACON& Tower with Radar,0,2,5,4,11,0,0,7,0,7,0,2,12,4,18,0,0,0,18
09/29/2020,BGM,NY,AEA,EN,Combined TRACON& Tower with Radar,0,2,4,0,6,0,0,0,0,0,0,2,4,0,6,0,0,0,6
09/30/2020,BGM,NY,AEA,EN,Combined TRACON& Tower with Radar,0,2,7,0,9,0,0,3,0,3,0,2,10,0,12,0,0,0,12
10/01/2020,BGM,NY,AEA,EN,Combined TRACON& Tower with Radar,0,3,8,2,13,0,0,11,3,14,0,3,19,5,27,0,0,0,27
10/02/2020,BGM,NY,AEA,EN,Combined TRACON& Tower with Radar,0,2,6,0,8,0,0,5,0,5,0,2,11,0,13,0,0,0,13
10/03/2020,BGM,NY,AEA,EN,Combined TRACON& Tower with Radar,0,2,3,0,5,0,0,3,0,3,0,2,6,0,8,20,0,20,28
10/04/2020,BGM,NY,AEA,EN,Combined TRACON& Tower with Radar,0,4,0,0,4,0,0,6,0,6,0,4,6,0,10,0,0,0,10
10/05/2020,BGM,NY,AEA,EN,Combined TRACON& Tower with Radar,0,2,1,2,5,0,0,11,1,12,0,2,12,3,17,18,0,18,35
10/06/2020,BGM,NY,AEA,EN,Combined TRACON& Tower with Radar,0,3,4,0,7,0,0,18,0,18,0,3,22,0,25,0,0,0,25
10/07/2020,BGM,NY,AEA,EN,Combined TRACON& Tower with Radar,0,2,2,0,4,0,0,3,0,3,0,2,5,0,7,0,0,0,7
10/08/2020,BGM,NY,AEA,EN,Combined TRACON& Tower with Radar,0,3,3,1,7,0,0,5,0,5,0,3,8,1,12,2,0,2,14
10/09/2020,BGM,NY,AEA,EN,Combined TRACON& Tower with Radar,0,2,2,0,4,0,0,5,1,6,0,2,7,1,10,0,0,0,10
10/10/2020,BGM,NY,AEA,EN,Combined TRACON& Tower with Radar,0,4,0,0,4,0,0,5,0,5,0,4,5,0,9,0,0,0,9
10/11/2020,BGM,NY,AEA,EN,Combined TRACON& Tower with Radar,0,2,7,0,9,0,0,19,0,19,0,2,26,0,28,24,0,24,52
10/12/2020,BGM,NY,AEA,EN,Combined TRACON& Tower with Radar,0,2,10,0,12,0,0,0,0,0,0,2,10,0,12,0,0,0,12
10/13/2020,BGM,NY,AEA,EN,Combined TRACON& Tower with Radar,0,2,4,0,6,0,0,0,0,0,0,2,4,0,6,0,0,0,6
10/14/2020,BGM,NY,AEA,EN,Combined TRACON& Tower with Radar,0,2,4,0,6,0,0,23,0,23,0,2,27,0,29,36,0,36,65
10/15/2020,BGM,NY,AEA,EN,Combined TRACON& Tower with Radar,0,2,2,0,4,0,0,5,0,5,0,2,7,0,9,10,0,10,19
10/16/2020,BGM,NY,AEA,EN,Combined TRACON& Tower with Radar,0,4,1,0,5,0,0,2,0,2,0,4,3,0,7,0,0,0,7
10/17/2020,BGM,NY,AEA,EN,Combined TRACON& Tower with Radar,0,2,6,0,8,0,0,27,0,27,0,2,33,0,35,16,0,16,51
10/18/2020,BGM,NY,AEA,EN,Combined TRACON& Tower with Radar,0,2,2,0,4,0,0,9,0,9,0,2,11,0,13,4,0,4,17
10/19/2020,BGM,NY,AEA,EN,Combined TRACON& Tower with Radar,0,2,12,0,14,0,0,0,0,0,0,2,12,0,14,0,0,0,14
10/20/2020,BGM,NY,AEA,EN,Combined TRACON& Tower with Radar,0,2,9,0,11,0,0,0,0,0,0,2,9,0,11,0,0,0,11
10/21/2020,BGM,NY,AEA,EN,Combined TRACON& Tower with Radar,0,4,1,0,5,0,0,9,0,9,0,4,10,0,14,0,0,0,14
10/22/2020,BGM,NY,AEA,EN,Combined TRACON& Tower with Radar,0,4,6,0,10,0,0,15,0,15,0,4,21,0,25,4,0,4,29
10/23/2020,BGM,NY,AEA,EN,Combined TRACON& Tower with Radar,0,2,4,0,6,0,0,13,0,13,0,2,17,0,19,30,0,30,49
10/24/2020,BGM,NY,AEA,EN,Combined TRACON& Tower with Radar,0,2,1,0,3,0,0,0,0,0,0,2,1,0,3,0,0,0,3
10/25/2020,BGM,NY,AEA,EN,Combined TRACON& Tower with Radar,0,4,4,0,8,0,0,31,0,31,0,4,35,0,39,38,0,38,77
10/26/2020,BGM,NY,AEA,EN,Combined TRACON& Tower with Radar,0,2,0,0,2,0,0,0,0,0,0,2,0,0,2,0,0,0,2
10/27/2020,BGM,NY,AEA,EN,Combined TRACON& Tower with Radar,0,4,11,0,15,0,0,6,0,6,0,4,17,0,21,18,0,18,39
10/28/2020,BGM,NY,AEA,EN,Combined TRACON& Tower with Radar,0,2,7,0,9,0,0,3,0,3,0,2,10,0,12,28,0,28,40
10/29/2020,BGM,NY,AEA,EN,Combined TRACON& Tower with Radar,0,4,0,0,4,0,0,0,0,0,0,4,0,0,4,0,0,0,4
10/30/2020,BGM,NY,AEA,EN,Combined TRACON& Tower with Radar,0,4,3,0,7,0,0,0,0,0,0,4,3,0,7,0,0,0,7
10/31/2020,BGM,NY,AEA,EN,Combined TRACON& Tower with Radar,0,2,5,0,7,0,0,34,0,34,0,2,39,0,41,6,0,6,47
11/01/2020,BGM,NY,AEA,EN,Combined TRACON& Tower with Radar,0,4,2,0,6,0,0,1,0,1,0,4,3,0,7,0,0,0,7
11/02/2020,BGM,NY,AEA,EN,Combined TRACON& Tower with Radar,0,2,4,0,6,0,0,1,0,1,0,2,5,0,7,0,0,0,7
11/03/2020,BGM,NY,AEA,EN,Combined TRACON& Tower with Radar,0,2,1,0,3,0,0,10,3,13,0,2,11,3,16,0,0,0,16
11/04/2020,BGM,NY,AEA,EN,Combined TRACON& Tower with Radar,0,3,4,3,10,0,0,14,0,14,0,3,18,3,24,6,0,6,30
11/05/2020,BGM,NY,AEA,EN,Combined TRACON& Tower with Radar,0,6,2,0,8,0,0,17,0,17,0,6,19,0,25,18,0,18,43
11/06/2020,BGM,NY,AEA,EN,Combined TRACON& Tower with Radar,0,2,9,0,11,0,0,20,0,20,0,2,29,0,31,32,0,32,63
11/07/2020,BGM,NY,AEA,EN,Combined TRACON& Tower with Radar,0,2,11,0,13,0,0,32,0,32,0,2,43,0,45,58,0,58,103
11/08/2020,BGM,NY,AEA,EN,Combined TRACON& Tower with Radar,0,2,7,0,9,0,0,20,0,20,0,2,27,0,29,18,0,18,47
11/09/2020,BGM,NY,AEA,EN,Combined TRACON& Tower with Radar,0,2,6,0,8,0,0,22,0,22,0,2,28,0,30,8,0,8,38
11/10/2020,BGM,NY,AEA,EN,Combined TRACON& Tower with Radar,0,4,8,2,14,0,0,15,0,15,0,4,23,2,29,0,0,0,29
11/11/2020,BGM,NY,AEA,EN,Combined TRACON& Tower with Radar,0,2,0,0,2,0,0,0,0,0,0,2,0,0,2,0,0,0,2
11/12/2020,BGM,NY,AEA,EN,Combined TRACON& Tower with Radar,0,2,0,0,2,0,4,3,0,7,0,6,3,0,9,48,0,48,57
11/13/2020,BGM,NY,AEA,EN,Combined TRACON& Tower with Radar,0,4,5,0,9,0,0,13,0,13,0,4,18,0,22,44,0,44,66
11/14/2020,BGM,NY,AEA,EN,Combined TRACON& Tower with Radar,0,4,5,0,9,0,0,20,0,20,0,4,25,0,29,22,0,22,51
11/15/2020,BGM,NY,AEA,EN,Combined TRACON& Tower with Radar,0,4,0,0,4,0,0,0,0,0,0,4,0,0,4,0,0,0,4
11/16/2020,BGM,NY,AEA,EN,Combined TRACON& Tower with Radar,0,2,1,0,3,0,0,2,0,2,0,2,3,0,5,0,0,0,5
11/17/2020,BGM,NY,AEA,EN,Combined TRACON& Tower with Radar,0,2,0,0,2,0,0,0,0,0,0,2,0,0,2,0,0,0,2
11/18/2020,BGM,NY,AEA,EN,Combined TRACON& Tower with Radar,0,3,5,0,8,0,0,2,0,2,0,3,7,0,10,0,0,0,10
11/19/2020,BGM,NY,AEA,EN,Combined TRACON& Tower with Radar,0,4,3,0,7,0,0,6,0,6,0,4,9,0,13,0,28,28,41
11/20/2020,BGM,NY,AEA,EN,Combined TRACON& Tower with Radar,0,4,13,0,17,0,0,10,0,10,0,4,23,0,27,0,0,0,27
11/21/2020,BGM,NY,AEA,EN,Combined TRACON& Tower with Radar,0,2,6,0,8,0,0,20,0,20,0,2,26,0,28,34,0,34,62
11/22/2020,BGM,NY,AEA,EN,Combined TRACON& Tower with Radar,0,2,0,0,2,0,0,0,0,0,0,2,0,0,2,0,0,0,2
11/23/2020,BGM,NY,AEA,EN,Combined TRACON& Tower with Radar,0,8,3,1,12,0,0,3,1,4,0,8,6,2,16,0,0,0,16
11/24/2020,BGM,NY,AEA,EN,Combined TRACON& Tower with Radar,0,5,5,1,11,0,0,14,0,14,0,5,19,1,25,0,0,0,25
11/25/2020,BGM,NY,AEA,EN,Combined TRACON& Tower with Radar,0,2,10,0,12,0,0,3,0,3,0,2,13,0,15,0,0,0,15
11/26/2020,BGM,NY,AEA,EN,Combined TRACON& Tower with Radar,0,2,1,0,3,0,0,0,0,0,0,2,1,0,3,0,0,0,3
11/27/2020,BGM,NY,AEA,EN,Combined TRACON& Tower with Radar,0,5,2,0,7,0,0,0,0,0,0,5,2,0,7,0,0,0,7
11/28/2020,BGM,NY,AEA,EN,Combined TRACON& Tower with Radar,0,2,1,0,3,0,0,6,0,6,0,2,7,0,9,8,0,8,17
11/29/2020,BGM,NY,AEA,EN,Combined TRACON& Tower with Radar,0,4,7,0,11,0,0,30,0,30,0,4,37,0,41,48,0,48,89
11/30/2020,BGM,NY,AEA,EN,Combined TRACON& Tower with Radar,0,2,0,0,2,0,0,0,0,0,0,2,0,0,2,0,0,0,2
12/01/2020,BGM,NY,AEA,EN,Combined TRACON& Tower with Radar,0,2,8,2,12,0,0,0,0,0,0,2,8,2,12,0,0,0,12
12/02/2020,BGM,NY,AEA,EN,Combined TRACON& Tower with Radar,0,4,0,0,4,0,0,0,0,0,0,4,0,0,4,0,0,0,4
12/03/2020,BGM,NY,AEA,EN,Combined TRACON& Tower with Radar,0,2,5,0,7,0,0,25,0,25,0,2,30,0,32,10,0,10,42
12/04/2020,BGM,NY,AEA,EN,Combined TRACON& Tower with Radar,0,3,8,0,11,0,0,7,0,7,0,3,15,0,18,0,0,0,18
12/05/2020,BGM,NY,AEA,EN,Combined TRACON& Tower with Radar,0,3,0,0,3,0,0,0,0,0,0,3,0,0,3,0,0,0,3
12/06/2020,BGM,NY,AEA,EN,Combined TRACON& Tower with Radar,0,2,2,0,4,0,0,0,0,0,0,2,2,0,4,0,0,0,4
12/07/2020,BGM,NY,AEA,EN,Combined TRACON& Tower with Radar,0,2,1,2,5,0,0,0,0,0,0,2,1,2,5,0,0,0,5
12/08/2020,BGM,NY,AEA,EN,Combined TRACON& Tower with Radar,0,4,5,0,9,0,0,11,0,11,0,4,16,0,20,0,0,0,20
12/09/2020,BGM,NY,AEA,EN,Combined TRACON& Tower with Radar,0,2,2,0,4,0,0,0,0,0,0,2,2,0,4,0,0,0,4
12/10/2020,BGM,NY,AEA,EN,Combined TRACON& Tower with Radar,0,2,3,0,5,0,0,5,0,5,0,2,8,0,10,8,0,8,18
12/11/2020,BGM,NY,AEA,EN,Combined TRACON& Tower with Radar,0,6,6,0,12,0,0,27,0,27,0,6,33,0,39,8,40,48,87
12/12/2020,BGM,NY,AEA,EN,Combined TRACON& Tower with Radar,0,4,8,0,12,0,0,19,0,19,0,4,27,0,31,30,0,30,61
12/13/2020,BGM,NY,AEA,EN,Combined TRACON& Tower with Radar,0,2,2,0,4,0,0,3,0,3,0,2,5,0,7,12,0,12,19
12/14/2020,BGM,NY,AEA,EN,Combined TRACON& Tower with Radar,0,2,2,3,7,0,0,0,0,0,0,2,2,3,7,0,0,0,7
12/15/2020,BGM,NY,AEA,EN,Combined TRACON& Tower with Radar,0,3,6,1,10,0,0,1,4,5,0,3,7,5,15,4,0,4,19
12/16/2020,BGM,NY,AEA,EN,Combined TRACON& Tower with Radar,0,3,2,0,5,0,0,2,2,4,0,3,4,2,9,42,0,42,51
12/17/2020,BGM,NY,AEA,EN,Combined TRACON& Tower with Radar,0,2,0,0,2,0,0,0,0,0,0,2,0,0,2,0,0,0,2
12/18/2020,BGM,NY,AEA,EN,Combined TRACON& Tower with Radar,0,5,3,0,8,0,0,2,0,2,0,5,5,0,10,0,0,0,10
12/19/2020,BGM,NY,AEA,EN,Combined TRACON& Tower with Radar,0,3,3,0,6,0,0,13,2,15,0,3,16,2,21,16,30,46,67
12/20/2020,BGM,NY,AEA,EN,Combined TRACON& Tower with Radar,0,4,2,0,6,0,0,0,0,0,0,4,2,0,6,0,0,0,6
12/21/2020,BGM,NY,AEA,EN,Combined TRACON& Tower with Radar,0,2,3,0,5,0,0,7,0,7,0,2,10,0,12,44,0,44,56
12/22/2020,BGM,NY,AEA,EN,Combined TRACON& Tower with Radar,0,3,2,0,5,0,0,0,0,0,0,3,2,0,5,0,0,0,5
12/23/2020,BGM,NY,AEA,EN,Combined TRACON& Tower with Radar,0,2,6,0,8,0,0,32,0,32,0,2,38,0,40,12,0,12,52
12/24/2020,BGM,NY,AEA,EN,Combined TRACON& Tower with Radar,0,2,0,0,2,0,0,0,0,0,0,2,0,0,2,0,0,0,2
12/25/2020,BGM,NY,AEA,EN,Combined TRACON& Tower with Radar,0,4,0,0,4,0,0,0,0,0,0,4,0,0,4,0,0,0,4
12/26/2020,BGM,NY,AEA,EN,Combined TRACON& Tower with Radar,0,2,2,0,4,0,0,0,0,0,0,2,2,0,4,0,0,0,4
12/27/2020,BGM,NY,AEA,EN,Combined TRACON& Tower with Radar,0,4,11,0,15,0,0,14,0,14,0,4,25,0,29,4,0,4,33
12/28/2020,BGM,NY,AEA,EN,Combined TRACON& Tower with Radar,2,3,2,0,7,0,0,5,0,5,2,3,7,0,12,0,0,0,12
12/29/2020,BGM,NY,AEA,EN,Combined TRACON& Tower with Radar,0,4,5,0,9,0,0,0,0,0,0,4,5,0,9,6,0,6,15
12/30/2020,BGM,NY,AEA,EN,Combined TRACON& Tower with Radar,0,4,0,0,4,0,0,7,0,7,0,4,7,0,11,0,0,0,11
12/31/2020,BGM,NY,AEA,EN,Combined TRACON& Tower with Radar,0,2,0,0,2,0,0,0,0,0,0,2,0,0,2,0,0,0,2
01/01/2021,BGM,NY,AEA,EN,Combined TRACON& Tower with Radar,0,3,6,1,10,0,0,13,0,13,0,3,19,1,23,0,0,0,23
01/02/2021,BGM,NY,AEA,EN,Combined TRACON& Tower with Radar,0,3,1,0,4,0,0,0,0,0,0,3,1,0,4,0,0,0,4
01/03/2021,BGM,NY,AEA,EN,Combined TRACON& Tower with Radar,0,2,0,0,2,0,0,0,0,0,0,2,0,0,2,0,0,0,2
01/04/2021,BGM,NY,AEA,EN,Combined TRACON& Tower with Radar,0,2,0,0,2,0,0,0,0,0,0,2,0,0,2,0,0,0,2
01/05/2021,BGM,NY,AEA,EN,Combined TRACON& Tower with Radar,0,3,1,0,4,0,0,0,0,0,0,3,1,0,4,0,0,0,4
01/06/2021,BGM,NY,AEA,EN,Combined TRACON& Tower with Radar,0,5,4,0,9,0,0,0,0,0,0,5,4,0,9,54,0,54,63
01/07/2021,BGM,NY,AEA,EN,Combined TRACON& Tower with Radar,0,3,2,2,7,0,0,3,0,3,0,3,5,2,10,0,0,0,10
01/08/2021,BGM,NY,AEA,EN,Combined TRACON& Tower with Radar,0,2,8,0,10,0,0,5,0,5,0,2,13,0,15,0,0,0,15
01/09/2021,BGM,NY,AEA,EN,Combined TRACON& Tower with Radar,0,2,13,0,15,0,0,39,0,39,0,2,52,0,54,14,0,14,68
01/10/2021,BGM,NY,AEA,EN,Combined TRACON& Tower with Radar,0,2,0,0,2,0,0,4,0,4,0,2,4,0,6,16,0,16,22
01/11/2021,BGM,NY,AEA,EN,Combined TRACON& Tower with Radar,0,4,8,0,12,0,0,5,0,5,0,4,13,0,17,10,0,10,27
01/12/2021,BGM,NY,AEA,EN,Combined TRACON& Tower with Radar,0,2,2,2,6,0,0,4,0,4,0,2,6,2,10,0,0,0,10
01/13/2021,BGM,NY,AEA,EN,Combined TRACON& Tower with Radar,0,2,11,0,13,0,0,6,0,6,0,2,17,0,19,0,0,0,19
01/14/2021,BGM,NY,AEA,EN,Combined TRACON& Tower with Radar,0,4,0,0,4,0,0,0,0,0,0,4,0,0,4,0,0,0,4
01/15/2021,BGM,NY,AEA,EN,Combined TRACON& Tower with Radar,0,2,8,0,10,0,0,3,0,3,0,2,11,0,13,0,0,0,13
01/16/2021,BGM,NY,AEA,EN,Combined TRACON& Tower with Radar,0,2,1,0,3,0,0,2,0,2,0,2,3,0,5,0,0,0,5
01/17/2021,BGM,NY,AEA,EN,Combined TRACON& Tower with Radar,0,2,3,0,5,0,0,6,0,6,0,2,9,0,11,0,0,0,11
01/18/2021,BGM,NY,AEA,EN,Combined TRACON& Tower with Radar,0,2,0,0,2,0,0,0,0,0,0,2,0,0,2,0,0,0,2
01/19/2021,BGM,NY,AEA,EN,Combined TRACON& Tower with Radar,0,2,7,0,9,0,0,12,0,12,0,2,19,0,21,0,0,0,21
01/20/2021,BGM,NY,AEA,EN,Combined TRACON& Tower with Radar,0,2,2,3,7,0,0,2,0,2,0,2,4,3,9,0,0,0,9
01/21/2021,BGM,NY,AEA,EN,Combined TRACON& Tower with Radar,0,3,6,3,12,0,0,10,0,10,0,3,16,3,22,8,0,8,30
01/22/2021,BGM,NY,AEA,EN,Combined TRACON& Tower with Radar,0,5,4,0,9,0,0,2,0,2,0,5,6,0,11,0,0,0,11
01/23/2021,BGM,NY,AEA,EN,Combined TRACON& Tower with Radar,0,7,4,8,19,0,0,0,0,0,0,7,4,8,19,0,0,0,19
01/24/2021,BGM,NY,AEA,EN,Combined TRACON& Tower with Radar,0,7,6,0,13,0,0,10,0,10,0,7,16,0,23,12,0,12,35
01/25/2021,BGM,NY,AEA,EN,Combined TRACON& Tower with Radar,0,4,4,0,8,0,0,11,0,11,0,4,15,0,19,6,0,6,25
01/26/2021,BGM,NY,AEA,EN,Combined TRACON& Tower with Radar,0,3,0,0,3,0,0,0,0,0,0,3,0,0,3,0,0,0,3
01/27/2021,BGM,NY,AEA,EN,Combined TRACON& Tower with Radar,0,2,0,0,2,0,0,0,0,0,0,2,0,0,2,0,0,0,2
01/28/2021,BGM,NY,AEA,EN,Combined TRACON& Tower with Radar,0,3,3,0,6,0,0,0,0,0,0,3,3,0,6,0,0,0,6
01/29/2021,BGM,NY,AEA,EN,Combined TRACON& Tower with Radar,0,2,5,0,7,0,0,0,0,0,0,2,5,0,7,0,0,0,7
01/30/2021,BGM,NY,AEA,EN,Combined TRACON& Tower with Radar,0,2,7,2,11,0,0,21,0,21,0,2,28,2,32,16,0,16,48
01/31/2021,BGM,NY,AEA,EN,Combined TRACON& Tower with Radar,0,3,7,0,10,0,0,13,0,13,0,3,20,0,23,30,0,30,53
02/01/2021,BGM,NY,AEA,EN,Combined TRACON& Tower with Radar,0,2,3,0,5,0,0,0,0,0,0,2,3,0,5,0,0,0,5
02/02/2021,BGM,NY,AEA,EN,Combined TRACON& Tower with Radar,0,2,0,0,2,0,0,0,0,0,0,2,0,0,2,0,0,0,2
02/03/2021,BGM,NY,AEA,EN,Combined TRACON& Tower with Radar,0,4,0,0,4,0,0,0,2,2,0,4,0,2,6,0,0,0,6
02/04/2021,BGM,NY,AEA,EN,Combined TRACON& Tower with Radar,0,2,4,0,6,0,0,23,0,23,0,2,27,0,29,16,0,16,45
02/05/2021,BGM,NY,AEA,EN,Combined TRACON& Tower with Radar,0,2,2,0,4,0,0,4,0,4,0,2,6,0,8,0,0,0,8
02/06/2021,BGM,NY,AEA,EN,Combined TRACON& Tower with Radar,0,2,9,0,11,0,0,5,0,5,0,2,14,0,16,8,0,8,24
02/07/2021,BGM,NY,AEA,EN,Combined TRACON& Tower with Radar,0,2,2,0,4,0,0,0,0,0,0,2,2,0,4,0,0,0,4
02/08/2021,BGM,NY,AEA,EN,Combined TRACON& Tower with Radar,0,5,11,0,16,0,0,20,0,20,0,5,31,0,36,28,0,28,64
02/09/2021,BGM,NY,AEA,EN,Combined TRACON& Tower with Radar,0,2,2,0,4,0,0,0,0,0,0,2,2,0,4,0,0,0,4
02/10/2021,BGM,NY,AEA,EN,Combined TRACON& Tower with Radar,0,2,6,0,8,0,0,10,0,10,0,2,16,0,18,16,0,16,34
02/11/2021,BGM,NY,AEA,EN,Combined TRACON& Tower with Radar,0,2,0,0,2,0,0,0,0,0,0,2,0,0,2,0,0,0,2
02/12/2021,BGM,NY,AEA,EN,Combined TRACON& Tower with Radar,0,4,14,0,18,0,0,18,0,18,0,4,32,0,36,0,0,0,36
02/13/2021,BGM,NY,AEA,EN,Combined TRACON& Tower with Radar,0,2,2,0,4,0,0,22,0,22,0,2,24,0,26,0,0,0,26
02/14/2021,BGM,NY,AEA,EN,Combined TRACON& Tower with Radar,0,3,2,0,5,0,0,0,0,0,0,3,2,0,5,0,0,0,5
02/15/2021,BGM,NY,AEA,EN,Combined TRACON& Tower with Radar,0,6,2,0,8,0,0,0,0,0,0,6,2,0,8,0,0,0,8
02/16/2021,BGM,NY,AEA,EN,Combined TRACON& Tower with Radar,2,0,0,0,2,0,0,0,0,0,2,0,0,0,2,0,0,0,2
02/17/2021,BGM,NY,AEA,EN,Combined TRACON& Tower with Radar,0,4,6,2,12,0,0,27,0,27,0,4,33,2,39,20,0,20,59
02/18/2021,BGM,NY,AEA,EN,Combined TRACON& Tower with Radar,0,3,2,0,5,0,0,0,0,0,0,3,2,0,5,6,0,6,11
02/19/2021,BGM,NY,AEA,EN,Combined TRACON& Tower with Radar,0,6,0,0,6,0,0,0,0,0,0,6,0,0,6,0,0,0,6
02/20/2021,BGM,NY,AEA,EN,Combined TRACON& Tower with Radar,0,3,0,0,3,0,0,0,0,0,0,3,0,0,3,0,0,0,3
02/21/2021,BGM,NY,AEA,EN,Combined TRACON& Tower with Radar,0,7,9,0,16,0,0,27,2,29,0,7,36,2,45,0,0,0,45
02/22/2021,BGM,NY,AEA,EN,Combined TRACON& Tower with Radar,0,2,1,0,3,0,0,0,0,0,0,2,1,0,3,0,0,0,3
02/23/2021,BGM,NY,AEA,EN,Combined TRACON& Tower with Radar,0,2,1,0,3,0,0,0,0,0,0,2,1,0,3,0,0,0,3
02/24/2021,BGM,NY,AEA,EN,Combined TRACON& Tower with Radar,0,2,0,0,2,0,0,22,0,22,0,2,22,0,24,10,0,10,34
02/25/2021,BGM,NY,AEA,EN,Combined TRACON& Tower with Radar,0,3,10,0,13,0,0,23,0,23,0,3,33,0,36,0,0,0,36
02/26/2021,BGM,NY,AEA,EN,Combined TRACON& Tower with Radar,0,7,4,0,11,0,0,29,0,29,0,7,33,0,40,18,0,18,58
02/27/2021,BGM,NY,AEA,EN,Combined TRACON& Tower with Radar,0,5,0,0,5,0,0,0,0,0,0,5,0,0,5,0,0,0,5
02/28/2021,BGM,NY,AEA,EN,Combined TRACON& Tower with Radar,0,2,2,0,4,0,0,0,0,0,0,2,2,0,4,20,0,20,24
03/01/2021,BGM,NY,AEA,EN,Combined TRACON& Tower with Radar,0,2,0,0,2,0,0,0,0,0,0,2,0,0,2,0,0,0,2
03/02/2021,BGM,NY,AEA,EN,Combined TRACON& Tower with Radar,0,2,2,0,4,0,0,11,0,11,0,2,13,0,15,22,0,22,37
03/03/2021,BGM,NY,AEA,EN,Combined TRACON& Tower with Radar,0,4,6,0,10,0,0,15,0,15,0,4,21,0,25,0,0,0,25
03/04/2021,BGM,NY,AEA,EN,Combined TRACON& Tower with Radar,0,7,4,0,11,0,0,1,0,1,0,7,5,0,12,0,0,0,12
03/05/2021,BGM,NY,AEA,EN,Combined TRACON& Tower with Radar,0,3,5,0,8,0,0,3,0,3,0,3,8,0,11,0,0,0,11
03/06/2021,BGM,NY,AEA,EN,Combined TRACON& Tower with Radar,0,2,3,0,5,0,0,0,0,0,0,2,3,0,5,0,0,0,5
03/07/2021,BGM,NY,AEA,EN,Combined TRACON& Tower with Radar,0,3,3,0,6,0,0,25,0,25,0,3,28,0,31,20,0,20,51
03/08/2021,BGM,NY,AEA,EN,Combined TRACON& Tower with Radar,0,4,20,0,24,0,0,23,0,23,0,4,43,0,47,2,0,2,49
03/09/2021,BGM,NY,AEA,EN,Combined TRACON& Tower with Radar,0,3,10,0,13,0,3,21,0,24,0,6,31,0,37,14,0,14,51
03/10/2021,BGM,NY,AEA,EN,Combined TRACON& Tower with Radar,0,9,11,4,24,0,1,27,0,28,0,10,38,4,52,57,0,57,109
03/11/2021,BGM,NY,AEA,EN,Combined TRACON& Tower with Radar,0,8,17,0,25,0,0,18,0,18,0,8,35,0,43,42,0,42,85
03/12/2021,BGM,NY,AEA,EN,Combined TRACON& Tower with Radar,0,3,0,0,3,0,0,7,0,7,0,3,7,0,10,6,0,6,16
03/13/2021,BGM,NY,AEA,EN,Combined TRACON& Tower with Radar,0,2,0,0,2,0,0,28,0,28,0,2,28,0,30,0,0,0,30
03/14/2021,BGM,NY,AEA,EN,Combined TRACON& Tower with Radar,0,4,0,0,4,0,0,1,0,1,0,4,1,0,5,0,0,0,5
03/15/2021,BGM,NY,AEA,EN,Combined TRACON& Tower with Radar,0,3,6,0,9,0,0,3,0,3,0,3,9,0,12,0,0,0,12
03/16/2021,BGM,NY,AEA,EN,Combined TRACON& Tower with Radar,0,2,3,2,7,0,0,8,0,8,0,2,11,2,15,0,0,0,15
03/17/2021,BGM,NY,AEA,EN,Combined TRACON& Tower with Radar,0,2,0,0,2,0,0,6,0,6,0,2,6,0,8,0,0,0,8
03/18/2021,BGM,NY,AEA,EN,Combined TRACON& Tower with Radar,0,2,0,0,2,0,0,0,0,0,0,2,0,0,2,0,0,0,2
03/19/2021,BGM,NY,AEA,EN,Combined TRACON& Tower with Radar,0,2,4,0,6,0,0,9,0,9,0,2,13,0,15,0,0,0,15
03/20/2021,BGM,NY,AEA,EN,Combined TRACON& Tower with Radar,0,2,5,0,7,0,0,38,0,38,0,2,43,0,45,54,0,54,99
03/21/2021,BGM,NY,AEA,EN,Combined TRACON& Tower with Radar,0,2,12,0,14,0,0,52,0,52,0,2,64,0,66,28,0,28,94
03/22/2021,BGM,NY,AEA,EN,Combined TRACON& Tower with Radar,0,2,8,0,10,0,0,38,0,38,0,2,46,0,48,36,0,36,84
03/23/2021,BGM,NY,AEA,EN,Combined TRACON& Tower with Radar,0,3,7,0,10,0,0,29,0,29,0,3,36,0,39,42,0,42,81
03/24/2021,BGM,NY,AEA,EN,Combined TRACON& Tower with Radar,0,2,6,0,8,0,0,0,0,0,0,2,6,0,8,0,0,0,8
03/25/2021,BGM,NY,AEA,EN,Combined TRACON& Tower with Radar,0,2,11,0,13,0,0,4,0,4,0,2,15,0,17,12,0,12,29
03/26/2021,BGM,NY,AEA,EN,Combined TRACON& Tower with Radar,0,3,8,0,11,0,0,0,0,0,0,3,8,0,11,0,0,0,11
03/27/2021,BGM,NY,AEA,EN,Combined TRACON& Tower with Radar,0,3,5,0,8,0,0,11,0,11,0,3,16,0,19,0,0,0,19
03/28/2021,BGM,NY,AEA,EN,Combined TRACON& Tower with Radar,0,2,8,0,10,0,0,0,0,0,0,2,8,0,10,0,0,0,10
03/29/2021,BGM,NY,AEA,EN,Combined TRACON& Tower with Radar,0,4,5,0,9,0,0,2,2,4,0,4,7,2,13,12,0,12,25
03/30/2021,BGM,NY,AEA,EN,Combined TRACON& Tower with Radar,0,2,5,0,7,0,1,14,0,15,0,3,19,0,22,0,0,0,22
03/31/2021,BGM,NY,AEA,EN,Combined TRACON& Tower with Radar,0,4,2,0,6,0,0,2,0,2,0,4,4,0,8,30,0,30,38
04/01/2021,BGM,NY,AEA,EN,Combined TRACON& Tower with Radar,0,2,15,0,17,0,0,0,0,0,0,2,15,0,17,6,0,6,23
04/02/2021,BGM,NY,AEA,EN,Combined TRACON& Tower with Radar,0,4,5,0,9,0,0,9,0,9,0,4,14,0,18,0,0,0,18
04/03/2021,BGM,NY,AEA,EN,Combined TRACON& Tower with Radar,0,3,8,0,11,0,0,26,0,26,0,3,34,0,37,8,0,8,45
04/04/2021,BGM,NY,AEA,EN,Combined TRACON& Tower with Radar,0,2,5,0,7,0,0,8,0,8,0,2,13,0,15,0,0,0,15
04/05/2021,BGM,NY,AEA,EN,Combined TRACON& Tower with Radar,0,7,8,0,15,0,0,14,0,14,0,7,22,0,29,4,0,4,33
04/06/2021,BGM,NY,AEA,EN,Combined TRACON& Tower with Radar,0,5,8,0,13,0,0,15,0,15,0,5,23,0,28,4,0,4,32
04/07/2021,BGM,NY,AEA,EN,Combined TRACON& Tower with Radar,0,4,12,0,16,0,0,33,0,33,0,4,45,0,49,46,0,46,95
04/08/2021,BGM,NY,AEA,EN,Combined TRACON& Tower with Radar,0,8,8,0,16,0,4,18,0,22,0,12,26,0,38,14,0,14,52
04/09/2021,BGM,NY,AEA,EN,Combined TRACON& Tower with Radar,2,0,14,0,16,0,1,13,0,14,2,1,27,0,30,2,0,2,32
04/10/2021,BGM,NY,AEA,EN,Combined TRACON& Tower with Radar,0,6,10,0,16,0,0,9,0,9,0,6,19,0,25,27,0,27,52
04/11/2021,BGM,NY,AEA,EN,Combined TRACON& Tower with Radar,0,4,3,0,7,0,0,0,0,0,0,4,3,0,7,0,0,0,7
04/12/2021,BGM,NY,AEA,EN,Combined TRACON& Tower with Radar,2,1,3,0,6,0,0,0,0,0,2,1,3,0,6,0,0,0,6
04/13/2021,BGM,NY,AEA,EN,Combined TRACON& Tower with Radar,0,4,8,0,12,0,0,22,0,22,0,4,30,0,34,28,0,28,62
04/14/2021,BGM,NY,AEA,EN,Combined TRACON& Tower with Radar,0,5,8,0,13,0,2,15,1,18,0,7,23,1,31,74,0,74,105
04/15/2021,BGM,NY,AEA,EN,Combined TRACON& Tower with Radar,2,5,2,0,9,0,0,1,0,1,2,5,3,0,10,0,0,0,10
04/16/2021,BGM,NY,AEA,EN,Combined TRACON& Tower with Radar,0,6,0,0,6,0,0,0,0,0,0,6,0,0,6,0,0,0,6
04/17/2021,BGM,NY,AEA,EN,Combined TRACON& Tower with Radar,0,7,3,0,10,0,0,0,0,0,0,7,3,0,10,6,0,6,16
04/18/2021,BGM,NY,AEA,EN,Combined TRACON& Tower with Radar,0,5,1,0,6,0,0,13,0,13,0,5,14,0,19,6,0,6,25
04/19/2021,BGM,NY,AEA,EN,Combined TRACON& Tower with Radar,0,2,9,0,11,0,0,19,0,19,0,2,28,0,30,23,0,23,53
04/20/2021,BGM,NY,AEA,EN,Combined TRACON& Tower with Radar,0,5,10,0,15,0,0,11,0,11,0,5,21,0,26,38,0,38,64
04/21/2021,BGM,NY,AEA,EN,Combined TRACON& Tower with Radar,0,3,5,0,8,0,0,3,0,3,0,3,8,0,11,0,0,0,11
04/22/2021,BGM,NY,AEA,EN,Combined TRACON& Tower with Radar,0,2,4,0,6,0,0,0,0,0,0,2,4,0,6,0,0,0,6
04/23/2021,BGM,NY,AEA,EN,Combined TRACON& Tower with Radar,0,2,2,0,4,0,0,14,0,14,0,2,16,0,18,3,0,3,21
04/24/2021,BGM,NY,AEA,EN,Combined TRACON& Tower with Radar,0,4,11,0,15,0,0,33,0,33,0,4,44,0,48,14,0,14,62
04/25/2021,BGM,NY,AEA,EN,Combined TRACON& Tower with Radar,0,2,2,0,4,0,0,1,0,1,0,2,3,0,5,0,0,0,5
04/26/2021,BGM,NY,AEA,EN,Combined TRACON& Tower with Radar,0,2,5,0,7,0,0,14,0,14,0,2,19,0,21,0,0,0,21
04/27/2021,BGM,NY,AEA,EN,Combined TRACON& Tower with Radar,0,6,12,0,18,0,2,41,0,43,0,8,53,0,61,32,0,32,93
04/28/2021,BGM,NY,AEA,EN,Combined TRACON& Tower with Radar,0,4,9,2,15,0,0,7,2,9,0,4,16,4,24,20,0,20,44
04/29/2021,BGM,NY,AEA,EN,Combined TRACON& Tower with Radar,0,2,0,0,2,0,0,0,0,0,0,2,0,0,2,0,0,0,2
04/30/2021,BGM,NY,AEA,EN,Combined TRACON& Tower with Radar,4,2,4,0,10,0,0,0,0,0,4,2,4,0,10,0,0,0,10
05/01/2021,BGM,NY,AEA,EN,Combined TRACON& Tower with Radar,0,3,15,0,18,0,0,33,0,33,0,3,48,0,51,50,0,50,101
05/02/2021,BGM,NY,AEA,EN,Combined TRACON& Tower with Radar,0,3,5,0,8,0,0,9,0,9,0,3,14,0,17,9,0,9,26
05/03/2021,BGM,NY,AEA,EN,Combined TRACON& Tower with Radar,0,2,5,0,7,0,0,5,0,5,0,2,10,0,12,26,0,26,38
05/04/2021,BGM,NY,AEA,EN,Combined TRACON& Tower with Radar,0,2,28,0,30,0,0,5,0,5,0,2,33,0,35,32,0,32,67
05/05/2021,BGM,NY,AEA,EN,Combined TRACON& Tower with Radar,0,3,5,6,14,0,0,0,0,0,0,3,5,6,14,7,0,7,21
05/06/2021,BGM,NY,AEA,EN,Combined TRACON& Tower with Radar,0,3,6,1,10,0,0,21,3,24,0,3,27,4,34,32,0,32,66
05/07/2021,BGM,NY,AEA,EN,Combined TRACON& Tower with Radar,0,4,3,0,7,0,0,23,0,23,0,4,26,0,30,21,0,21,51
05/08/2021,BGM,NY,AEA,EN,Combined TRACON& Tower with Radar,0,3,4,0,7,0,0,2,0,2,0,3,6,0,9,0,0,0,9
05/09/2021,BGM,NY,AEA,EN,Combined TRACON& Tower with Radar,0,2,2,0,4,0,0,9,0,9,0,2,11,0,13,0,0,0,13
05/10/2021,BGM,NY,AEA,EN,Combined TRACON& Tower with Radar,0,6,14,0,20,0,0,11,0,11,0,6,25,0,31,39,0,39,70
05/11/2021,BGM,NY,AEA,EN,Combined TRACON& Tower with Radar,0,5,3,0,8,0,0,9,0,9,0,5,12,0,17,0,0,0,17
05/12/2021,BGM,NY,AEA,EN,Combined TRACON& Tower with Radar,0,2,3,2,7,0,0,8,0,8,0,2,11,2,15,6,0,6,21
05/13/2021,BGM,NY,AEA,EN,Combined TRACON& Tower with Radar,0,5,5,0,10,0,0,26,0,26,0,5,31,0,36,16,0,16,52
05/14/2021,BGM,NY,AEA,EN,Combined TRACON& Tower with Radar,0,12,14,0,26,0,1,24,2,27,0,13,38,2,53,18,0,18,71
05/15/2021,BGM,NY,AEA,EN,Combined TRACON& Tower with Radar,0,8,4,0,12,0,0,26,0,26,0,8,30,0,38,24,0,24,62
05/16/2021,BGM,NY,AEA,EN,Combined TRACON& Tower with Radar,0,2,13,0,15,0,0,13,0,13,0,2,26,0,28,0,0,0,28
05/17/2021,BGM,NY,AEA,EN,Combined TRACON& Tower with Radar,0,3,8,0,11,0,0,16,0,16,0,3,24,0,27,34,0,34,61
05/18/2021,BGM,NY,AEA,EN,Combined TRACON& Tower with Radar,0,2,6,1,9,0,0,26,0,26,0,2,32,1,35,20,0,20,55
05/19/2021,BGM,NY,AEA,EN,Combined TRACON& Tower with Radar,0,4,10,10,24,0,0,28,0,28,0,4,38,10,52,40,0,40,92
05/20/2021,BGM,NY,AEA,EN,Combined TRACON& Tower with Radar,0,5,5,0,10,0,2,17,0,19,0,7,22,0,29,37,0,37,66
05/21/2021,BGM,NY,AEA,EN,Combined TRACON& Tower with Radar,0,3,4,0,7,0,0,23,0,23,0,3,27,0,30,18,0,18,48
05/22/2021,BGM,NY,AEA,EN,Combined TRACON& Tower with Radar,0,4,5,0,9,0,0,11,0,11,0,4,16,0,20,26,0,26,46
05/23/2021,BGM,NY,AEA,EN,Combined TRACON& Tower with Radar,0,5,5,0,10,0,0,3,0,3,0,5,8,0,13,0,0,0,13
05/24/2021,BGM,NY,AEA,EN,Combined TRACON& Tower with Radar,0,3,8,0,11,0,0,26,0,26,0,3,34,0,37,24,0,24,61
05/25/2021,BGM,NY,AEA,EN,Combined TRACON& Tower with Radar,0,2,7,0,9,0,0,12,0,12,0,2,19,0,21,8,0,8,29
05/26/2021,BGM,NY,AEA,EN,Combined TRACON& Tower with Radar,0,5,8,2,15,0,0,5,0,5,0,5,13,2,20,8,0,8,28
05/27/2021,BGM,NY,AEA,EN,Combined TRACON& Tower with Radar,0,7,18,0,25,0,0,23,0,23,0,7,41,0,48,34,0,34,82
05/28/2021,BGM,NY,AEA,EN,Combined TRACON& Tower with Radar,0,2,6,0,8,0,0,6,0,6,0,2,12,0,14,34,0,34,48
05/29/2021,BGM,NY,AEA,EN,Combined TRACON& Tower with Radar,0,3,6,0,9,0,0,0,0,0,0,3,6,0,9,0,0,0,9
05/30/2021,BGM,NY,AEA,EN,Combined TRACON& Tower with Radar,0,3,14,0,17,0,0,4,0,4,0,3,18,0,21,0,0,0,21
05/31/2021,BGM,NY,AEA,EN,Combined TRACON& Tower with Radar,0,7,9,0,16,0,0,25,0,25,0,7,34,0,41,16,0,16,57
06/01/2021,BGM,NY,AEA,EN,Combined TRACON& Tower with Radar,0,5,10,0,15,0,0,34,0,34,0,5,44,0,49,42,0,42,91
06/02/2021,BGM,NY,AEA,EN,Combined TRACON& Tower with Radar,0,4,8,1,13,0,0,12,0,12,0,4,20,1,25,0,0,0,25
06/03/2021,BGM,NY,AEA,EN,Combined TRACON& Tower with Radar,0,5,10,0,15,0,0,1,0,1,0,5,11,0,16,0,0,0,16
06/04/2021,BGM,NY,AEA,EN,Combined TRACON& Tower with Radar,0,6,2,4,12,0,0,13,0,13,0,6,15,4,25,54,0,54,79
06/05/2021,BGM,NY,AEA,EN,Combined TRACON& Tower with Radar,0,3,12,0,15,0,2,35,0,37,0,5,47,0,52,42,0,42,94
06/06/2021,BGM,NY,AEA,EN,Combined TRACON& Tower with Radar,0,6,6,0,12,0,0,26,0,26,0,6,32,0,38,40,0,40,78
06/07/2021,BGM,NY,AEA,EN,Combined TRACON& Tower with Radar,0,3,11,0,14,0,0,15,0,15,0,3,26,0,29,38,0,38,67
06/08/2021,BGM,NY,AEA,EN,Combined TRACON& Tower with Radar,0,3,2,0,5,0,0,3,0,3,0,3,5,0,8,0,0,0,8
06/09/2021,BGM,NY,AEA,EN,Combined TRACON& Tower with Radar,0,3,6,3,12,0,0,4,1,5,0,3,10,4,17,28,0,28,45
06/10/2021,BGM,NY,AEA,EN,Combined TRACON& Tower with Radar,0,3,18,3,24,0,0,33,17,50,0,3,51,20,74,71,0,71,145
06/11/2021,BGM,NY,AEA,EN,Combined TRACON& Tower with Radar,0,5,5,3,13,0,0,16,0,16,0,5,21,3,29,16,0,16,45
06/12/2021,BGM,NY,AEA,EN,Combined TRACON& Tower with Radar,0,4,18,0,22,0,0,25,0,25,0,4,43,0,47,6,0,6,53
06/13/2021,BGM,NY,AEA,EN,Combined TRACON& Tower with Radar,0,4,5,0,9,0,0,13,0,13,0,4,18,0,22,10,0,10,32
06/14/2021,BGM,NY,AEA,EN,Combined TRACON& Tower with Radar,0,4,5,0,9,0,0,9,0,9,0,4,14,0,18,8,0,8,26
06/15/2021,BGM,NY,AEA,EN,Combined TRACON& Tower with Radar,0,6,15,0,21,0,0,2,0,2,0,6,17,0,23,0,0,0,23
06/16/2021,BGM,NY,AEA,EN,Combined TRACON& Tower with Radar,0,5,10,0,15,0,0,23,0,23,0,5,33,0,38,20,0,20,58
06/17/2021,BGM,NY,AEA,EN,Combined TRACON& Tower with Radar,0,7,8,4,19,0,0,29,0,29,0,7,37,4,48,42,0,42,90
06/18/2021,BGM,NY,AEA,EN,Combined TRACON& Tower with Radar,0,2,8,0,10,0,0,20,0,20,0,2,28,0,30,22,0,22,52
06/19/2021,BGM,NY,AEA,EN,Combined TRACON& Tower with Radar,0,2,5,0,7,0,0,14,0,14,0,2,19,0,21,4,0,4,25
06/20/2021,BGM,NY,AEA,EN,Combined TRACON& Tower with Radar,0,3,24,0,27,0,0,14,2,16,0,3,38,2,43,4,0,4,47
06/21/2021,BGM,NY,AEA,EN,Combined TRACON& Tower with Radar,0,2,11,7,20,0,0,2,5,7,0,2,13,12,27,4,23,27,54
06/22/2021,BGM,NY,AEA,EN,Combined TRACON& Tower with Radar,0,3,16,0,19,0,0,1,2,3,0,3,17,2,22,0,0,0,22
06/23/2021,BGM,NY,AEA,EN,Combined TRACON& Tower with Radar,0,3,21,0,24,0,0,32,0,32,0,3,53,0,56,6,0,6,62
06/24/2021,BGM,NY,AEA,EN,Combined TRACON& Tower with Radar,0,3,18,0,21,0,0,24,3,27,0,3,42,3,48,32,0,32,80
06/25/2021,BGM,NY,AEA,EN,Combined TRACON& Tower with Radar,0,9,4,0,13,0,0,12,0,12,0,9,16,0,25,2,0,2,27
06/26/2021,BGM,NY,AEA,EN,Combined TRACON& Tower with Radar,0,2,3,0,5,0,0,8,0,8,0,2,11,0,13,2,0,2,15
06/27/2021,BGM,NY,AEA,EN,Combined TRACON& Tower with Radar,0,6,7,0,13,0,0,20,0,20,0,6,27,0,33,0,0,0,33
06/28/2021,BGM,NY,AEA,EN,Combined TRACON& Tower with Radar,0,5,6,0,11,0,0,6,0,6,0,5,12,0,17,27,0,27,44
06/29/2021,BGM,NY,AEA,EN,Combined TRACON& Tower with Radar,0,8,5,1,14,0,0,10,1,11,0,8,15,2,25,12,0,12,37
06/30/2021,BGM,NY,AEA,EN,Combined TRACON& Tower with Radar,0,6,2,0,8,0,0,8,0,8,0,6,10,0,16,8,0,8,24
07/01/2021,BGM,NY,AEA,EN,Combined TRACON& Tower with Radar,0,11,8,0,19,0,0,0,0,0,0,11,8,0,19,0,0,0,19
07/02/2021,BGM,NY,AEA,EN,Combined TRACON& Tower with Radar,0,9,5,0,14,0,0,0,0,0,0,9,5,0,14,8,0,8,22
07/03/2021,BGM,NY,AEA,EN,Combined TRACON& Tower with Radar,0,2,6,0,8,0,0,0,0,0,0,2,6,0,8,0,0,0,8
07/04/2021,BGM,NY,AEA,EN,Combined TRACON& Tower with Radar,0,12,3,0,15,0,0,18,0,18,0,12,21,0,33,16,0,16,49
07/05/2021,BGM,NY,AEA,EN,Combined TRACON& Tower with Radar,0,2,6,0,8,0,0,35,0,35,0,2,41,0,43,17,0,17,60
07/06/2021,BGM,NY,AEA,EN,Combined TRACON& Tower with Radar,0,7,2,8,17,0,0,2,0,2,0,7,4,8,19,0,0,0,19
07/07/2021,BGM,NY,AEA,EN,Combined TRACON& Tower with Radar,0,5,6,0,11,0,0,10,0,10,0,5,16,0,21,0,0,0,21
07/08/2021,BGM,NY,AEA,EN,Combined TRACON& Tower with Radar,0,5,3,2,10,0,0,0,0,0,0,5,3,2,10,0,0,0,10
07/09/2021,BGM,NY,AEA,EN,Combined TRACON& Tower with Radar,0,6,4,0,10,0,0,6,0,6,0,6,10,0,16,16,0,16,32
07/10/2021,BGM,NY,AEA,EN,Combined TRACON& Tower with Radar,0,3,14,0,17,0,0,24,0,24,0,3,38,0,41,4,0,4,45
07/11/2021,BGM,NY,AEA,EN,Combined TRACON& Tower with Radar,0,2,14,0,16,0,0,11,0,11,0,2,25,0,27,12,0,12,39
07/12/2021,BGM,NY,AEA,EN,Combined TRACON& Tower with Radar,0,2,4,0,6,0,0,1,0,1,0,2,5,0,7,0,0,0,7
07/13/2021,BGM,NY,AEA,EN,Combined TRACON& Tower with Radar,0,2,2,0,4,0,0,13,0,13,0,2,15,0,17,8,0,8,25
07/14/2021,BGM,NY,AEA,EN,Combined TRACON& Tower with Radar,0,7,2,1,10,0,0,9,0,9,0,7,11,1,19,0,0,0,19
07/15/2021,BGM,NY,AEA,EN,Combined TRACON& Tower with Radar,0,5,4,6,15,0,0,8,5,13,0,5,12,11,28,8,0,8,36
07/16/2021,BGM,NY,AEA,EN,Combined TRACON& Tower with Radar,0,2,2,1,5,0,0,3,2,5,0,2,5,3,10,0,0,0,10
07/17/2021,BGM,NY,AEA,EN,Combined TRACON& Tower with Radar,0,4,6,0,10,0,0,3,0,3,0,4,9,0,13,0,0,0,13
07/18/2021,BGM,NY,AEA,EN,Combined TRACON& Tower with Radar,0,2,2,2,6,0,0,0,0,0,0,2,2,2,6,0,0,0,6
07/19/2021,BGM,NY,AEA,EN,Combined TRACON& Tower with Radar,0,10,9,4,23,0,2,30,1,33,0,12,39,5,56,2,0,2,58
07/20/2021,BGM,NY,AEA,EN,Combined TRACON& Tower with Radar,0,13,7,1,21,0,0,4,0,4,0,13,11,1,25,0,0,0,25
07/21/2021,BGM,NY,AEA,EN,Combined TRACON& Tower with Radar,0,3,9,0,12,0,1,17,0,18,0,4,26,0,30,0,0,0,30
07/22/2021,BGM,NY,AEA,EN,Combined TRACON& Tower with Radar,0,7,10,0,17,0,0,18,0,18,0,7,28,0,35,30,0,30,65
07/23/2021,BGM,NY,AEA,EN,Combined TRACON& Tower with Radar,0,7,9,0,16,0,0,25,0,25,0,7,34,0,41,24,0,24,65
07/24/2021,BGM,NY,AEA,EN,Combined TRACON& Tower with Radar,0,5,9,0,14,0,0,23,0,23,0,5,32,0,37,36,0,36,73
07/25/2021,BGM,NY,AEA,EN,Combined TRACON& Tower with Radar,0,5,12,0,17,0,1,7,0,8,0,6,19,0,25,0,0,0,25
07/26/2021,BGM,NY,AEA,EN,Combined TRACON& Tower with Radar,0,2,15,0,17,0,0,23,0,23,0,2,38,0,40,20,0,20,60
07/27/2021,BGM,NY,AEA,EN,Combined TRACON& Tower with Radar,0,4,8,0,12,0,0,11,0,11,0,4,19,0,23,18,0,18,41
07/28/2021,BGM,NY,AEA,EN,Combined TRACON& Tower with Radar,0,4,18,0,22,0,0,19,0,19,0,4,37,0,41,0,0,0,41
07/29/2021,BGM,NY,AEA,EN,Combined TRACON& Tower with Radar,0,8,2,0,10,0,0,6,0,6,0,8,8,0,16,12,0,12,28
07/30/2021,BGM,NY,AEA,EN,Combined TRACON& Tower with Radar,0,4,4,0,8,0,0,5,0,5,0,4,9,0,13,0,0,0,13
07/31/2021,BGM,NY,AEA,EN,Combined TRACON& Tower with Radar,0,2,9,0,11,0,0,25,0,25,0,2,34,0,36,26,0,26,62
08/01/2021,BGM,NY,AEA,EN,Combined TRACON& Tower with Radar,0,4,8,0,12,0,0,9,0,9,0,4,17,0,21,27,0,27,48
08/02/2021,BGM,NY,AEA,EN,Combined TRACON& Tower with Radar,0,2,8,0,10,0,0,14,0,14,0,2,22,0,24,2,0,2,26
08/03/2021,BGM,NY,AEA,EN,Combined TRACON& Tower with Radar,0,2,2,2,6,0,0,19,0,19,0,2,21,2,25,6,0,6,31
08/04/2021,BGM,NY,AEA,EN,Combined TRACON& Tower with Radar,0,8,11,2,21,0,0,23,0,23,0,8,34,2,44,6,0,6,50
08/05/2021,BGM,NY,AEA,EN,Combined TRACON& Tower with Radar,0,2,4,0,6,0,1,25,0,26,0,3,29,0,32,18,0,18,50
08/06/2021,BGM,NY,AEA,EN,Combined TRACON& Tower with Radar,0,6,6,0,12,0,0,29,0,29,0,6,35,0,41,55,0,55,96
08/07/2021,BGM,NY,AEA,EN,Combined TRACON& Tower with Radar,0,4,3,0,7,0,0,14,2,16,0,4,17,2,23,16,20,36,59
08/08/2021,BGM,NY,AEA,EN,Combined TRACON& Tower with Radar,0,2,3,0,5,0,4,6,0,10,0,6,9,0,15,8,0,8,23
08/09/2021,BGM,NY,AEA,EN,Combined TRACON& Tower with Radar,0,10,3,0,13,0,0,22,0,22,0,10,25,0,35,25,0,25,60
08/10/2021,BGM,NY,AEA,EN,Combined TRACON& Tower with Radar,0,5,2,0,7,0,0,7,0,7,0,5,9,0,14,8,0,8,22
08/11/2021,BGM,NY,AEA,EN,Combined TRACON& Tower with Radar,0,4,10,0,14,0,0,19,0,19,0,4,29,0,33,18,0,18,51
08/12/2021,BGM,NY,AEA,EN,Combined TRACON& Tower with Radar,0,3,6,0,9,0,0,12,0,12,0,3,18,0,21,16,0,16,37
08/13/2021,BGM,NY,AEA,EN,Combined TRACON& Tower with Radar,0,6,0,0,6,0,2,11,0,13,0,8,11,0,19,8,0,8,27
08/14/2021,BGM,NY,AEA,EN,Combined TRACON& Tower with Radar,0,4,6,0,10,0,2,23,0,25,0,6,29,0,35,12,0,12,47
08/15/2021,BGM,NY,AEA,EN,Combined TRACON& Tower with Radar,0,4,2,0,6,0,0,26,0,26,0,4,28,0,32,40,0,40,72
08/16/2021,BGM,NY,AEA,EN,Combined TRACON& Tower with Radar,0,3,11,0,14,0,0,32,0,32,0,3,43,0,46,6,0,6,52
08/17/2021,BGM,NY,AEA,EN,Combined TRACON& Tower with Radar,0,5,11,0,16,0,0,0,0,0,0,5,11,0,16,10,0,10,26
08/18/2021,BGM,NY,AEA,EN,Combined TRACON& Tower with Radar,0,5,3,0,8,0,0,0,0,0,0,5,3,0,8,0,0,0,8
08/19/2021,BGM,NY,AEA,EN,Combined TRACON& Tower with Radar,0,9,3,0,12,0,0,0,0,0,0,9,3,0,12,0,0,0,12
08/20/2021,BGM,NY,AEA,EN,Combined TRACON& Tower with Radar,0,3,24,0,27,0,0,11,0,11,0,3,35,0,38,0,0,0,38
08/21/2021,BGM,NY,AEA,EN,Combined TRACON& Tower with Radar,0,2,6,0,8,0,0,1,0,1,0,2,7,0,9,0,0,0,9
08/22/2021,BGM,NY,AEA,EN,Combined TRACON& Tower with Radar,0,5,8,0,13,0,0,2,0,2,0,5,10,0,15,0,0,0,15
08/23/2021,BGM,NY,AEA,EN,Combined TRACON& Tower with Radar,0,9,8,0,17,0,1,1,0,2,0,10,9,0,19,12,0,12,31
08/24/2021,BGM,NY,AEA,EN,Combined TRACON& Tower with Radar,0,6,16,1,23,0,0,28,1,29,0,6,44,2,52,48,0,48,100
08/25/2021,BGM,NY,AEA,EN,Combined TRACON& Tower with Radar,0,13,19,4,36,0,0,26,0,26,0,13,45,4,62,22,16,38,100
08/26/2021,BGM,NY,AEA,EN,Combined TRACON& Tower with Radar,0,9,4,0,13,0,0,19,0,19,0,9,23,0,32,18,0,18,50
08/27/2021,BGM,NY,AEA,EN,Combined TRACON& Tower with Radar,0,5,22,0,27,0,0,3,0,3,0,5,25,0,30,8,0,8,38
08/28/2021,BGM,NY,AEA,EN,Combined TRACON& Tower with Radar,0,11,7,0,18,0,0,2,0,2,0,11,9,0,20,0,0,0,20
08/29/2021,BGM,NY,AEA,EN,Combined TRACON& Tower with Radar,0,11,10,0,21,0,0,0,0,0,0,11,10,0,21,18,0,18,39
08/30/2021,BGM,NY,AEA,EN,Combined TRACON& Tower with Radar,0,7,11,12,30,0,0,1,0,1,0,7,12,12,31,0,8,8,39
08/31/2021,BGM,NY,AEA,EN,Combined TRACON& Tower with Radar,0,5,12,3,20,0,0,21,1,22,0,5,33,4,42,33,0,33,75
09/01/2021,BGM,NY,AEA,EN,Combined TRACON& Tower with Radar,0,5,4,0,9,0,0,0,0,0,0,5,4,0,9,0,0,0,9
09/02/2021,BGM,NY,AEA,EN,Combined TRACON& Tower with Radar,0,7,7,0,14,0,0,6,0,6,0,7,13,0,20,52,0,52,72
09/03/2021,BGM,NY,AEA,EN,Combined TRACON& Tower with Radar,0,7,23,0,30,0,0,20,0,20,0,7,43,0,50,0,0,0,50
09/04/2021,BGM,NY,AEA,EN,Combined TRACON& Tower with Radar,0,6,10,0,16,0,0,25,0,25,0,6,35,0,41,32,0,32,73
09/05/2021,BGM,NY,AEA,EN,Combined TRACON& Tower with Radar,0,7,11,0,18,0,0,0,0,0,0,7,11,0,18,0,0,0,18
09/06/2021,BGM,NY,AEA,EN,Combined TRACON& Tower with Radar,0,2,9,0,11,0,0,7,0,7,0,2,16,0,18,0,0,0,18
09/07/2021,BGM,NY,AEA,EN,Combined TRACON& Tower with Radar,0,7,13,0,20,0,0,22,0,22,0,7,35,0,42,22,0,22,64
09/08/2021,BGM,NY,AEA,EN,Combined TRACON& Tower with Radar,0,8,3,0,11,0,0,6,0,6,0,8,9,0,17,16,0,16,33
09/09/2021,BGM,NY,AEA,EN,Combined TRACON& Tower with Radar,0,5,6,2,13,0,0,6,0,6,0,5,12,2,19,0,0,0,19
09/10/2021,BGM,NY,AEA,EN,Combined TRACON& Tower with Radar,0,5,11,0,16,0,0,19,0,19,0,5,30,0,35,26,0,26,61
09/11/2021,BGM,NY,AEA,EN,Combined TRACON& Tower with Radar,0,3,9,0,12,0,1,25,0,26,0,4,34,0,38,71,0,71,109
09/12/2021,BGM,NY,AEA,EN,Combined TRACON& Tower with Radar,0,4,12,0,16,0,0,22,0,22,0,4,34,0,38,8,0,8,46
09/13/2021,BGM,NY,AEA,EN,Combined TRACON& Tower with Radar,0,4,12,0,16,0,0,6,0,6,0,4,18,0,22,0,0,0,22
09/14/2021,BGM,NY,AEA,EN,Combined TRACON& Tower with Radar,0,2,10,0,12,0,0,3,0,3,0,2,13,0,15,0,0,0,15
09/15/2021,BGM,NY,AEA,EN,Combined TRACON& Tower with Radar,4,5,11,0,20,0,0,3,0,3,4,5,14,0,23,0,0,0,23
09/16/2021,BGM,NY,AEA,EN,Combined TRACON& Tower with Radar,0,4,13,0,17,0,0,17,0,17,0,4,30,0,34,20,0,20,54
09/17/2021,BGM,NY,AEA,EN,Combined TRACON& Tower with Radar,0,6,17,0,23,0,0,6,0,6,0,6,23,0,29,8,0,8,37
09/18/2021,BGM,NY,AEA,EN,Combined TRACON& Tower with Radar,0,6,5,0,11,0,0,3,0,3,0,6,8,0,14,34,0,34,48
09/19/2021,BGM,NY,AEA,EN,Combined TRACON& Tower with Radar,0,6,5,0,11,0,1,41,0,42,0,7,46,0,53,25,0,25,78
09/20/2021,BGM,NY,AEA,EN,Combined TRACON& Tower with Radar,0,9,10,2,21,0,1,30,4,35,0,10,40,6,56,38,0,38,94
09/21/2021,BGM,NY,AEA,EN,Combined TRACON& Tower with Radar,0,6,5,0,11,0,0,8,0,8,0,6,13,0,19,1,0,1,20
09/22/2021,BGM,NY,AEA,EN,Combined TRACON& Tower with Radar,0,4,4,0,8,0,0,0,0,0,0,4,4,0,8,0,0,0,8
09/23/2021,BGM,NY,AEA,EN,Combined TRACON& Tower with Radar,0,8,0,0,8,0,0,1,0,1,0,8,1,0,9,0,0,0,9
09/24/2021,BGM,NY,AEA,EN,Combined TRACON& Tower with Radar,0,7,7,0,14,0,0,5,0,5,0,7,12,0,19,0,0,0,19
09/25/2021,BGM,NY,AEA,EN,Combined TRACON& Tower with Radar,0,2,10,0,12,0,0,24,0,24,0,2,34,0,36,0,0,0,36
09/26/2021,BGM,NY,AEA,EN,Combined TRACON& Tower with Radar,0,5,11,0,16,0,0,21,0,21,0,5,32,0,37,42,0,42,79
09/27/2021,BGM,NY,AEA,EN,Combined TRACON& Tower with Radar,0,6,4,0,10,0,0,4,0,4,0,6,8,0,14,0,0,0,14
09/28/2021,BGM,NY,AEA,EN,Combined TRACON& Tower with Radar,0,5,4,0,9,0,0,4,0,4,0,5,8,0,13,10,0,10,23
09/29/2021,BGM,NY,AEA,EN,Combined TRACON& Tower with Radar,0,11,9,0,20,0,0,16,0,16,0,11,25,0,36,4,0,4,40
09/30/2021,BGM,NY,AEA,EN,Combined TRACON& Tower with Radar,0,6,13,4,23,0,0,23,4,27,0,6,36,8,50,24,6,30,80
10/01/2021,BGM,NY,AEA,EN,Combined TRACON& Tower with Radar,0,5,17,0,22,0,0,17,0,17,0,5,34,0,39,8,0,8,47
10/02/2021,BGM,NY,AEA,EN,Combined TRACON& Tower with Radar,0,3,5,0,8,0,0,17,0,17,0,3,22,0,25,23,0,23,48
10/03/2021,BGM,NY,AEA,EN,Combined TRACON& Tower with Radar,0,3,15,0,18,0,0,0,0,0,0,3,15,0,18,12,0,12,30
10/04/2021,BGM,NY,AEA,EN,Combined TRACON& Tower with Radar,0,7,8,0,15,0,0,0,0,0,0,7,8,0,15,0,0,0,15
10/05/2021,BGM,NY,AEA,EN,Combined TRACON& Tower with Radar,0,5,7,0,12,0,0,1,0,1,0,5,8,0,13,0,0,0,13
10/06/2021,BGM,NY,AEA,EN,Combined TRACON& Tower with Radar,0,5,18,2,25,0,0,8,0,8,0,5,26,2,33,10,0,10,43
10/07/2021,BGM,NY,AEA,EN,Combined TRACON& Tower with Radar,0,7,8,0,15,0,0,22,0,22,0,7,30,0,37,32,0,32,69
10/08/2021,BGM,NY,AEA,EN,Combined TRACON& Tower with Radar,0,10,2,0,12,0,0,10,0,10,0,10,12,0,22,16,0,16,38
10/09/2021,BGM,NY,AEA,EN,Combined TRACON& Tower with Radar,0,3,10,0,13,0,0,13,0,13,0,3,23,0,26,6,0,6,32
10/10/2021,BGM,NY,AEA,EN,Combined TRACON& Tower with Radar,0,6,6,0,12,0,0,9,0,9,0,6,15,0,21,10,0,10,31
10/11/2021,BGM,NY,AEA,EN,Combined TRACON& Tower with Radar,0,8,12,0,20,0,0,16,0,16,0,8,28,0,36,12,0,12,48
10/12/2021,BGM,NY,AEA,EN,Combined TRACON& Tower with Radar,0,6,11,0,17,0,0,21,0,21,0,6,32,0,38,10,0,10,48
10/13/2021,BGM,NY,AEA,EN,Combined TRACON& Tower with Radar,0,8,10,7,25,0,0,10,1,11,0,8,20,8,36,10,20,30,66
10/14/2021,BGM,NY,AEA,EN,Combined TRACON& Tower with Radar,0,6,14,0,20,0,0,21,0,21,0,6,35,0,41,44,0,44,85
10/15/2021,BGM,NY,AEA,EN,Combined TRACON& Tower with Radar,0,10,10,0,20,1,0,16,0,17,1,10,26,0,37,10,0,10,47
10/16/2021,BGM,NY,AEA,EN,Combined TRACON& Tower with Radar,0,2,4,0,6,0,0,0,0,0,0,2,4,0,6,0,0,0,6
10/17/2021,BGM,NY,AEA,EN,Combined TRACON& Tower with Radar,0,10,6,0,16,0,0,7,0,7,0,10,13,0,23,16,0,16,39
10/18/2021,BGM,NY,AEA,EN,Combined TRACON& Tower with Radar,0,10,9,0,19,0,0,5,0,5,0,10,14,0,24,0,0,0,24
10/19/2021,BGM,NY,AEA,EN,Combined TRACON& Tower with Radar,0,10,2,0,12,0,0,26,0,26,0,10,28,0,38,4,0,4,42
10/20/2021,BGM,NY,AEA,EN,Combined TRACON& Tower with Radar,0,11,4,0,15,0,0,31,0,31,0,11,35,0,46,8,0,8,54
10/21/2021,BGM,NY,AEA,EN,Combined TRACON& Tower with Radar,0,20,11,1,32,0,0,21,3,24,0,20,32,4,56,48,18,66,122
10/22/2021,BGM,NY,AEA,EN,Combined TRACON& Tower with Radar,0,9,8,0,17,0,0,3,0,3,0,9,11,0,20,0,0,0,20
10/23/2021,BGM,NY,AEA,EN,Combined TRACON& Tower with Radar,0,4,10,0,14,0,0,11,0,11,0,4,21,0,25,25,0,25,50
10/24/2021,BGM,NY,AEA,EN,Combined TRACON& Tower with Radar,0,5,7,0,12,0,0,6,0,6,0,5,13,0,18,24,0,24,42
10/25/2021,BGM,NY,AEA,EN,Combined TRACON& Tower with Radar,0,7,3,0,10,0,0,7,0,7,0,7,10,0,17,32,0,32,49
10/26/2021,BGM,NY,AEA,EN,Combined TRACON& Tower with Radar,0,6,5,0,11,0,0,0,0,0,0,6,5,0,11,0,0,0,11
10/27/2021,BGM,NY,AEA,EN,Combined TRACON& Tower with Radar,0,12,3,0,15,0,0,7,0,7,0,12,10,0,22,8,0,8,30
10/28/2021,BGM,NY,AEA,EN,Combined TRACON& Tower with Radar,0,8,15,0,23,0,0,17,0,17,0,8,32,0,40,30,0,30,70
10/29/2021,BGM,NY,AEA,EN,Combined TRACON& Tower with Radar,0,5,3,0,8,0,0,5,0,5,0,5,8,0,13,0,0,0,13
10/30/2021,BGM,NY,AEA,EN,Combined TRACON& Tower with Radar,0,5,0,0,5,0,0,0,0,0,0,5,0,0,5,0,0,0,5
10/31/2021,BGM,NY,AEA,EN,Combined TRACON& Tower with Radar,0,2,3,0,5,0,0,0,0,0,0,2,3,0,5,0,0,0,5
11/01/2021,BGM,NY,AEA,EN,Combined TRACON& Tower with Radar,0,11,8,0,19,0,0,16,0,16,0,11,24,0,35,20,0,20,55
11/02/2021,BGM,NY,AEA,EN,Combined TRACON& Tower with Radar,0,4,8,0,12,0,0,10,0,10,0,4,18,0,22,0,0,0,22
11/03/2021,BGM,NY,AEA,EN,Combined TRACON& Tower with Radar,0,4,5,0,9,0,0,5,0,5,0,4,10,0,14,12,0,12,26
11/04/2021,BGM,NY,AEA,EN,Combined TRACON& Tower with Radar,0,5,6,0,11,0,0,14,4,18,0,5,20,4,29,36,0,36,65
11/05/2021,BGM,NY,AEA,EN,Combined TRACON& Tower with Radar,0,4,10,0,14,0,0,28,0,28,0,4,38,0,42,13,0,13,55
11/06/2021,BGM,NY,AEA,EN,Combined TRACON& Tower with Radar,0,6,0,0,6,0,0,33,0,33,0,6,33,0,39,56,0,56,95
11/07/2021,BGM,NY,AEA,EN,Combined TRACON& Tower with Radar,0,4,8,0,12,0,0,33,0,33,0,4,41,0,45,30,0,30,75
11/08/2021,BGM,NY,AEA,EN,Combined TRACON& Tower with Radar,0,6,7,0,13,0,1,32,0,33,0,7,39,0,46,12,0,12,58
11/09/2021,BGM,NY,AEA,EN,Combined TRACON& Tower with Radar,0,7,6,0,13,0,0,27,2,29,0,7,33,2,42,26,0,26,68
11/10/2021,BGM,NY,AEA,EN,Combined TRACON& Tower with Radar,0,5,5,0,10,0,0,15,0,15,0,5,20,0,25,2,0,2,27
11/11/2021,BGM,NY,AEA,EN,Combined TRACON& Tower with Radar,0,6,2,0,8,0,0,9,0,9,0,6,11,0,17,6,0,6,23
11/12/2021,BGM,NY,AEA,EN,Combined TRACON& Tower with Radar,0,4,0,0,4,0,0,10,0,10,0,4,10,0,14,12,0,12,26
11/13/2021,BGM,NY,AEA,EN,Combined TRACON& Tower with Radar,0,2,8,0,10,0,0,0,0,0,0,2,8,0,10,30,0,30,40
11/14/2021,BGM,NY,AEA,EN,Combined TRACON& Tower with Radar,0,3,1,0,4,0,0,8,0,8,0,3,9,0,12,10,0,10,22
11/15/2021,BGM,NY,AEA,EN,Combined TRACON& Tower with Radar,0,6,2,0,8,0,0,2,0,2,0,6,4,0,10,2,0,2,12
11/16/2021,BGM,NY,AEA,EN,Combined TRACON& Tower with Radar,0,5,7,0,12,0,0,18,0,18,0,5,25,0,30,15,0,15,45
11/17/2021,BGM,NY,AEA,EN,Combined TRACON& Tower with Radar,0,4,9,0,13,0,0,9,0,9,0,4,18,0,22,18,0,18,40
11/18/2021,BGM,NY,AEA,EN,Combined TRACON& Tower with Radar,0,5,10,0,15,0,2,6,0,8,0,7,16,0,23,0,0,0,23
11/19/2021,BGM,NY,AEA,EN,Combined TRACON& Tower with Radar,0,9,4,0,13,0,0,5,0,5,0,9,9,0,18,4,0,4,22
11/20/2021,BGM,NY,AEA,EN,Combined TRACON& Tower with Radar,0,2,5,0,7,0,0,38,0,38,0,2,43,0,45,0,0,0,45
11/21/2021,BGM,NY,AEA,EN,Combined TRACON& Tower with Radar,0,5,3,0,8,0,0,16,0,16,0,5,19,0,24,15,0,15,39
11/22/2021,BGM,NY,AEA,EN,Combined TRACON& Tower with Radar,0,8,4,0,12,0,0,2,0,2,0,8,6,0,14,0,0,0,14
11/23/2021,BGM,NY,AEA,EN,Combined TRACON& Tower with Radar,0,8,2,2,12,0,0,2,0,2,0,8,4,2,14,4,0,4,18
11/24/2021,BGM,NY,AEA,EN,Combined TRACON& Tower with Radar,0,11,6,0,17,0,0,16,0,16,0,11,22,0,33,26,0,26,59
11/25/2021,BGM,NY,AEA,EN,Combined TRACON& Tower with Radar,0,2,4,0,6,0,0,7,0,7,0,2,11,0,13,10,0,10,23
11/26/2021,BGM,NY,AEA,EN,Combined TRACON& Tower with Radar,0,4,0,0,4,0,0,0,0,0,0,4,0,0,4,0,0,0,4
11/27/2021,BGM,NY,AEA,EN,Combined TRACON& Tower with Radar,0,5,2,0,7,0,0,1,0,1,0,5,3,0,8,0,0,0,8
11/28/2021,BGM,NY,AEA,EN,Combined TRACON& Tower with Radar,0,5,2,0,7,0,0,0,0,0,0,5,2,0,7,0,0,0,7
11/29/2021,BGM,NY,AEA,EN,Combined TRACON& Tower with Radar,0,8,4,1,13,0,2,0,1,3,0,10,4,2,16,10,0,10,26
11/30/2021,BGM,NY,AEA,EN,Combined TRACON& Tower with Radar,0,6,2,0,8,0,0,0,0,0,0,6,2,0,8,22,0,22,30
12/01/2021,BGM,NY,AEA,EN,Combined TRACON& Tower with Radar,0,4,17,0,21,0,0,16,0,16,0,4,33,0,37,66,0,66,103
12/02/2021,BGM,NY,AEA,EN,Combined TRACON& Tower with Radar,0,8,8,0,16,0,0,2,0,2,0,8,10,0,18,0,0,0,18
12/03/2021,BGM,NY,AEA,EN,Combined TRACON& Tower with Radar,0,6,1,0,7,0,0,6,1,7,0,6,7,1,14,14,0,14,28
12/04/2021,BGM,NY,AEA,EN,Combined TRACON& Tower with Radar,0,4,0,0,4,0,0,14,0,14,0,4,14,0,18,16,0,16,34
12/05/2021,BGM,NY,AEA,EN,Combined TRACON& Tower with Radar,0,8,1,0,9,0,0,12,0,12,0,8,13,0,21,6,0,6,27
12/06/2021,BGM,NY,AEA,EN,Combined TRACON& Tower with Radar,0,4,2,0,6,0,0,0,0,0,0,4,2,0,6,0,0,0,6
12/07/2021,BGM,NY,AEA,EN,Combined TRACON& Tower with Radar,0,5,2,0,7,0,0,17,0,17,0,5,19,0,24,45,0,45,69
12/08/2021,BGM,NY,AEA,EN,Combined TRACON& Tower with Radar,0,4,1,0,5,0,0,0,0,0,0,4,1,0,5,0,0,0,5
12/09/2021,BGM,NY,AEA,EN,Combined TRACON& Tower with Radar,0,4,6,0,10,0,0,9,0,9,0,4,15,0,19,72,0,72,91
12/10/2021,BGM,NY,AEA,EN,Combined TRACON& Tower with Radar,0,7,15,0,22,0,0,16,0,16,0,7,31,0,38,41,0,41,79
12/11/2021,BGM,NY,AEA,EN,Combined TRACON& Tower with Radar,0,3,0,0,3,0,0,0,0,0,0,3,0,0,3,0,0,0,3
12/12/2021,BGM,NY,AEA,EN,Combined TRACON& Tower with Radar,0,3,0,0,3,0,0,10,0,10,0,3,10,0,13,20,0,20,33
12/13/2021,BGM,NY,AEA,EN,Combined TRACON& Tower with Radar,0,3,7,0,10,0,0,20,4,24,0,3,27,4,34,8,0,8,42
12/14/2021,BGM,NY,AEA,EN,Combined TRACON& Tower with Radar,0,5,17,0,22,0,0,32,0,32,0,5,49,0,54,26,0,26,80
12/15/2021,BGM,NY,AEA,EN,Combined TRACON& Tower with Radar,2,2,4,0,8,0,0,16,0,16,2,2,20,0,24,10,0,10,34
12/16/2021,BGM,NY,AEA,EN,Combined TRACON& Tower with Radar,0,9,4,0,13,0,0,14,0,14,0,9,18,0,27,4,0,4,31
12/17/2021,BGM,NY,AEA,EN,Combined TRACON& Tower with Radar,0,5,8,0,13,0,0,23,0,23,0,5,31,0,36,16,0,16,52
12/18/2021,BGM,NY,AEA,EN,Combined TRACON& Tower with Radar,0,8,0,0,8,0,0,0,0,0,0,8,0,0,8,0,0,0,8
12/19/2021,BGM,NY,AEA,EN,Combined TRACON& Tower with Radar,0,3,0,0,3,0,0,0,0,0,0,3,0,0,3,0,0,0,3
12/20/2021,BGM,NY,AEA,EN,Combined TRACON& Tower with Radar,0,5,8,2,15,0,2,25,0,27,0,7,33,2,42,8,0,8,50
12/21/2021,BGM,NY,AEA,EN,Combined TRACON& Tower with Radar,0,2,6,8,16,0,0,19,0,19,0,2,25,8,35,18,0,18,53
12/22/2021,BGM,NY,AEA,EN,Combined TRACON& Tower with Radar,0,4,6,0,10,0,0,3,0,3,0,4,9,0,13,13,0,13,26
12/23/2021,BGM,NY,AEA,EN,Combined TRACON& Tower with Radar,0,6,3,0,9,0,0,3,0,3,0,6,6,0,12,10,0,10,22
12/24/2021,BGM,NY,AEA,EN,Combined TRACON& Tower with Radar,0,2,1,0,3,0,0,2,0,2,0,2,3,0,5,0,0,0,5
12/25/2021,BGM,NY,AEA,EN,Combined TRACON& Tower with Radar,0,2,2,0,4,0,0,0,0,0,0,2,2,0,4,0,0,0,4
12/26/2021,BGM,NY,AEA,EN,Combined TRACON& Tower with Radar,0,5,0,0,5,0,0,4,0,4,0,5,4,0,9,0,0,0,9
12/27/2021,BGM,NY,AEA,EN,Combined TRACON& Tower with Radar,0,2,0,0,2,0,0,0,0,0,0,2,0,0,2,0,0,0,2
12/28/2021,BGM,NY,AEA,EN,Combined TRACON& Tower with Radar,0,7,6,0,13,0,0,8,0,8,0,7,14,0,21,8,0,8,29
12/29/2021,BGM,NY,AEA,EN,Combined TRACON& Tower with Radar,0,6,0,0,6,0,0,0,0,0,0,6,0,0,6,0,0,0,6
12/30/2021,BGM,NY,AEA,EN,Combined TRACON& Tower with Radar,0,2,0,0,2,0,0,0,0,0,0,2,0,0,2,0,0,0,2
12/31/2021,BGM,NY,AEA,EN,Combined TRACON& Tower with Radar,0,3,4,0,7,0,0,4,0,4,0,3,8,0,11,46,0,46,57
01/01/2022,BGM,NY,AEA,EN,Combined TRACON& Tower with Radar,0,1,2,0,3,0,0,0,0,0,0,1,2,0,3,6,0,6,9
01/02/2022,BGM,NY,AEA,EN,Combined TRACON& Tower with Radar,0,6,2,0,8,0,0,0,0,0,0,6,2,0,8,0,0,0,8
01/03/2022,BGM,NY,AEA,EN,Combined TRACON& Tower with Radar,0,3,5,9,17,0,0,6,3,9,0,3,11,12,26,12,0,12,38
01/04/2022,BGM,NY,AEA,EN,Combined TRACON& Tower with Radar,0,4,16,2,22,0,0,28,0,28,0,4,44,2,50,14,0,14,64
01/05/2022,BGM,NY,AEA,EN,Combined TRACON& Tower with Radar,0,2,6,6,14,0,0,10,0,10,0,2,16,6,24,12,0,12,36
01/06/2022,BGM,NY,AEA,EN,Combined TRACON& Tower with Radar,0,2,6,0,8,0,0,9,0,9,0,2,15,0,17,18,0,18,35
01/07/2022,BGM,NY,AEA,EN,Combined TRACON& Tower with Radar,0,4,1,0,5,0,0,0,0,0,0,4,1,0,5,0,0,0,5
01/08/2022,BGM,NY,AEA,EN,Combined TRACON& Tower with Radar,0,4,4,0,8,0,0,19,0,19,0,4,23,0,27,0,0,0,27
01/09/2022,BGM,NY,AEA,EN,Combined TRACON& Tower with Radar,0,3,0,0,3,0,0,0,0,0,0,3,0,0,3,0,0,0,3
01/10/2022,BGM,NY,AEA,EN,Combined TRACON& Tower with Radar,0,3,5,0,8,0,0,6,0,6,0,3,11,0,14,0,0,0,14
01/11/2022,BGM,NY,AEA,EN,Combined TRACON& Tower with Radar,0,2,1,0,3,0,0,6,0,6,0,2,7,0,9,0,0,0,9
01/12/2022,BGM,NY,AEA,EN,Combined TRACON& Tower with Radar,0,3,0,0,3,0,0,11,0,11,0,3,11,0,14,34,0,34,48
01/13/2022,BGM,NY,AEA,EN,Combined TRACON& Tower with Radar,0,2,1,2,5,0,0,11,1,12,0,2,12,3,17,30,0,30,47
01/14/2022,BGM,NY,AEA,EN,Combined TRACON& Tower with Radar,0,2,4,0,6,0,0,0,0,0,0,2,4,0,6,0,0,0,6
01/15/2022,BGM,NY,AEA,EN,Combined TRACON& Tower with Radar,0,2,1,0,3,0,0,8,0,8,0,2,9,0,11,8,0,8,19
01/16/2022,BGM,NY,AEA,EN,Combined TRACON& Tower with Radar,0,2,8,0,10,0,0,28,0,28,0,2,36,0,38,16,0,16,54
01/17/2022,BGM,NY,AEA,EN,Combined TRACON& Tower with Radar,0,2,2,0,4,0,0,0,0,0,0,2,2,0,4,0,0,0,4
01/18/2022,BGM,NY,AEA,EN,Combined TRACON& Tower with Radar,0,2,8,0,10,0,0,2,0,2,0,2,10,0,12,0,0,0,12
01/19/2022,BGM,NY,AEA,EN,Combined TRACON& Tower with Radar,0,4,4,2,10,0,0,1,0,1,0,4,5,2,11,4,0,4,15
01/20/2022,BGM,NY,AEA,EN,Combined TRACON& Tower with Radar,0,6,0,0,6,0,0,3,0,3,0,6,3,0,9,0,0,0,9
01/21/2022,BGM,NY,AEA,EN,Combined TRACON& Tower with Radar,0,4,19,0,23,0,1,22,1,24,0,5,41,1,47,0,0,0,47
01/22/2022,BGM,NY,AEA,EN,Combined TRACON& Tower with Radar,0,2,5,0,7,0,0,26,0,26,0,2,31,0,33,22,0,22,55
01/23/2022,BGM,NY,AEA,EN,Combined TRACON& Tower with Radar,0,4,2,0,6,0,0,4,0,4,0,4,6,0,10,6,0,6,16
01/24/2022,BGM,NY,AEA,EN,Combined TRACON& Tower with Radar,0,2,4,0,6,0,0,2,0,2,0,2,6,0,8,0,0,0,8
01/25/2022,BGM,NY,AEA,EN,Combined TRACON& Tower with Radar,0,3,3,0,6,0,0,5,0,5,0,3,8,0,11,0,0,0,11
01/26/2022,BGM,NY,AEA,EN,Combined TRACON& Tower with Radar,0,5,5,4,14,0,0,12,1,13,0,5,17,5,27,72,0,72,99
01/27/2022,BGM,NY,AEA,EN,Combined TRACON& Tower with Radar,0,2,2,0,4,0,0,13,0,13,0,2,15,0,17,14,0,14,31
01/28/2022,BGM,NY,AEA,EN,Combined TRACON& Tower with Radar,0,5,0,0,5,0,0,0,0,0,0,5,0,0,5,0,0,0,5
01/29/2022,BGM,NY,AEA,EN,Combined TRACON& Tower with Radar,0,3,0,0,3,0,0,0,0,0,0,3,0,0,3,0,0,0,3
01/30/2022,BGM,NY,AEA,EN,Combined TRACON& Tower with Radar,0,5,0,0,5,0,0,6,0,6,0,5,6,0,11,32,0,32,43
01/31/2022,BGM,NY,AEA,EN,Combined TRACON& Tower with Radar,0,7,6,2,15,0,0,15,0,15,0,7,21,2,30,16,0,16,46
02/01/2022,BGM,NY,AEA,EN,Combined TRACON& Tower with Radar,0,9,5,0,14,0,0,25,0,25,0,9,30,0,39,6,0,6,45
02/02/2022,BGM,NY,AEA,EN,Combined TRACON& Tower with Radar,0,3,1,8,12,0,0,10,1,11,0,3,11,9,23,0,0,0,23
02/03/2022,BGM,NY,AEA,EN,Combined TRACON& Tower with Radar,0,0,0,4,4,0,0,0,0,0,0,0,0,4,4,0,0,0,4
02/04/2022,BGM,NY,AEA,EN,Combined TRACON& Tower with Radar,0,2,0,0,2,0,0,0,0,0,0,2,0,0,2,0,0,0,2
02/05/2022,BGM,NY,AEA,EN,Combined TRACON& Tower with Radar,0,0,0,0,0,0,0,0,0,0,0,0,0,0,0,0,0,0,0
02/06/2022,BGM,NY,AEA,EN,Combined TRACON& Tower with Radar,0,5,6,0,11,0,0,12,0,12,0,5,18,0,23,2,0,2,25
02/07/2022,BGM,NY,AEA,EN,Combined TRACON& Tower with Radar,0,7,7,0,14,0,0,38,0,38,0,7,45,0,52,14,0,14,66
02/08/2022,BGM,NY,AEA,EN,Combined TRACON& Tower with Radar,0,3,2,0,5,0,0,1,0,1,0,3,3,0,6,40,0,40,46
02/09/2022,BGM,NY,AEA,EN,Combined TRACON& Tower with Radar,0,3,13,0,16,0,0,23,0,23,0,3,36,0,39,36,0,36,75
02/10/2022,BGM,NY,AEA,EN,Combined TRACON& Tower with Radar,0,3,5,0,8,0,0,3,0,3,0,3,8,0,11,14,0,14,25
02/11/2022,BGM,NY,AEA,EN,Combined TRACON& Tower with Radar,0,5,6,2,13,0,0,18,0,18,0,5,24,2,31,16,0,16,47
02/12/2022,BGM,NY,AEA,EN,Combined TRACON& Tower with Radar,0,4,5,0,9,0,0,8,0,8,0,4,13,0,17,0,0,0,17
02/13/2022,BGM,NY,AEA,EN,Combined TRACON& Tower with Radar,0,2,4,0,6,0,0,6,0,6,0,2,10,0,12,58,0,58,70
02/14/2022,BGM,NY,AEA,EN,Combined TRACON& Tower with Radar,0,4,4,2,10,0,2,6,1,9,0,6,10,3,19,16,0,16,35
02/15/2022,BGM,NY,AEA,EN,Combined TRACON& Tower with Radar,0,5,11,0,16,0,0,22,0,22,0,5,33,0,38,12,0,12,50
02/16/2022,BGM,NY,AEA,EN,Combined TRACON& Tower with Radar,0,4,0,0,4,0,0,9,0,9,0,4,9,0,13,0,0,0,13
02/17/2022,BGM,NY,AEA,EN,Combined TRACON& Tower with Radar,0,4,9,0,13,0,0,0,0,0,0,4,9,0,13,6,0,6,19
02/18/2022,BGM,NY,AEA,EN,Combined TRACON& Tower with Radar,0,4,7,0,11,0,0,1,0,1,0,4,8,0,12,0,0,0,12
02/19/2022,BGM,NY,AEA,EN,Combined TRACON& Tower with Radar,0,4,1,0,5,0,0,0,0,0,0,4,1,0,5,0,0,0,5
02/20/2022,BGM,NY,AEA,EN,Combined TRACON& Tower with Radar,0,3,5,0,8,0,0,19,0,19,0,3,24,0,27,19,0,19,46
02/21/2022,BGM,NY,AEA,EN,Combined TRACON& Tower with Radar,0,4,11,0,15,0,0,40,0,40,0,4,51,0,55,20,0,20,75
02/22/2022,BGM,NY,AEA,EN,Combined TRACON& Tower with Radar,0,3,2,0,5,0,0,6,0,6,0,3,8,0,11,54,0,54,65
02/23/2022,BGM,NY,AEA,EN,Combined TRACON& Tower with Radar,0,3,2,10,15,0,0,0,0,0,0,3,2,10,15,66,0,66,81
02/24/2022,BGM,NY,AEA,EN,Combined TRACON& Tower with Radar,0,5,7,0,12,0,0,15,2,17,0,5,22,2,29,45,0,45,74
02/25/2022,BGM,NY,AEA,EN,Combined TRACON& Tower with Radar,0,4,0,0,4,0,0,0,0,0,0,4,0,0,4,0,0,0,4
02/26/2022,BGM,NY,AEA,EN,Combined TRACON& Tower with Radar,0,4,2,0,6,0,0,12,0,12,0,4,14,0,18,30,0,30,48
02/27/2022,BGM,NY,AEA,EN,Combined TRACON& Tower with Radar,0,2,0,0,2,0,0,4,0,4,0,2,4,0,6,0,0,0,6
02/28/2022,BGM,NY,AEA,EN,Combined TRACON& Tower with Radar,0,4,9,1,14,0,0,20,1,21,0,4,29,2,35,12,0,12,47
03/01/2022,BGM,NY,AEA,EN,Combined TRACON& Tower with Radar,0,2,3,0,5,0,0,7,0,7,0,2,10,0,12,14,0,14,26
03/02/2022,BGM,NY,AEA,EN,Combined TRACON& Tower with Radar,0,5,1,0,6,0,0,18,0,18,0,5,19,0,24,48,0,48,72
03/03/2022,BGM,NY,AEA,EN,Combined TRACON& Tower with Radar,0,5,9,0,14,0,0,1,0,1,0,5,10,0,15,0,0,0,15
03/04/2022,BGM,NY,AEA,EN,Combined TRACON& Tower with Radar,0,3,4,0,7,0,1,23,0,24,0,4,27,0,31,42,0,42,73
03/05/2022,BGM,NY,AEA,EN,Combined TRACON& Tower with Radar,0,2,0,0,2,0,0,28,0,28,0,2,28,0,30,12,0,12,42
03/06/2022,BGM,NY,AEA,EN,Combined TRACON& Tower with Radar,0,2,3,0,5,0,0,2,0,2,0,2,5,0,7,0,0,0,7
03/07/2022,BGM,NY,AEA,EN,Combined TRACON& Tower with Radar,0,3,4,0,7,0,0,0,0,0,0,3,4,0,7,0,0,0,7
03/08/2022,BGM,NY,AEA,EN,Combined TRACON& Tower with Radar,0,3,4,6,13,0,0,10,2,12,0,3,14,8,25,16,10,26,51
03/09/2022,BGM,NY,AEA,EN,Combined TRACON& Tower with Radar,0,2,0,0,2,0,0,0,0,0,0,2,0,0,2,0,0,0,2
03/10/2022,BGM,NY,AEA,EN,Combined TRACON& Tower with Radar,2,2,12,0,16,0,0,8,0,8,2,2,20,0,24,72,0,72,96
03/11/2022,BGM,NY,AEA,EN,Combined TRACON& Tower with Radar,0,4,2,0,6,0,0,24,0,24,0,4,26,0,30,10,0,10,40
03/12/2022,BGM,NY,AEA,EN,Combined TRACON& Tower with Radar,0,4,0,0,4,0,0,0,0,0,0,4,0,0,4,0,0,0,4
03/13/2022,BGM,NY,AEA,EN,Combined TRACON& Tower with Radar,0,3,1,0,4,0,0,0,0,0,0,3,1,0,4,0,0,0,4
03/14/2022,BGM,NY,AEA,EN,Combined TRACON& Tower with Radar,0,3,6,2,11,0,0,8,0,8,0,3,14,2,19,35,0,35,54
03/15/2022,BGM,NY,AEA,EN,Combined TRACON& Tower with Radar,0,2,8,0,10,0,0,16,0,16,0,2,24,0,26,40,0,40,66
03/16/2022,BGM,NY,AEA,EN,Combined TRACON& Tower with Radar,0,12,10,0,22,0,0,24,0,24,0,12,34,0,46,20,0,20,66
03/17/2022,BGM,NY,AEA,EN,Combined TRACON& Tower with Radar,2,6,12,0,20,0,0,13,0,13,2,6,25,0,33,22,0,22,55
03/18/2022,BGM,NY,AEA,EN,Combined TRACON& Tower with Radar,0,7,6,0,13,0,0,26,0,26,0,7,32,0,39,24,0,24,63
03/19/2022,BGM,NY,AEA,EN,Combined TRACON& Tower with Radar,0,2,1,0,3,0,0,2,0,2,0,2,3,0,5,0,0,0,5
03/20/2022,BGM,NY,AEA,EN,Combined TRACON& Tower with Radar,0,3,6,0,9,0,0,0,0,0,0,3,6,0,9,0,0,0,9
03/21/2022,BGM,NY,AEA,EN,Combined TRACON& Tower with Radar,0,2,5,2,9,0,0,12,1,13,0,2,17,3,22,6,0,6,28
03/22/2022,BGM,NY,AEA,EN,Combined TRACON& Tower with Radar,0,6,12,8,26,0,0,37,0,37,0,6,49,8,63,34,0,34,97
03/23/2022,BGM,NY,AEA,EN,Combined TRACON& Tower with Radar,0,5,4,0,9,0,0,16,0,16,0,5,20,0,25,16,0,16,41
03/24/2022,BGM,NY,AEA,EN,Combined TRACON& Tower with Radar,0,2,6,2,10,0,0,2,0,2,0,2,8,2,12,4,0,4,16
03/25/2022,BGM,NY,AEA,EN,Combined TRACON& Tower with Radar,0,3,7,0,10,0,0,9,0,9,0,3,16,0,19,28,0,28,47
03/26/2022,BGM,NY,AEA,EN,Combined TRACON& Tower with Radar,0,2,2,0,4,0,0,1,0,1,0,2,3,0,5,8,0,8,13
03/27/2022,BGM,NY,AEA,EN,Combined TRACON& Tower with Radar,0,4,0,0,4,0,0,0,0,0,0,4,0,0,4,0,0,0,4
03/28/2022,BGM,NY,AEA,EN,Combined TRACON& Tower with Radar,0,6,3,0,9,0,0,1,0,1,0,6,4,0,10,0,0,0,10
03/29/2022,BGM,NY,AEA,EN,Combined TRACON& Tower with Radar,0,3,2,8,13,0,2,10,1,13,0,5,12,9,26,24,0,24,50
03/30/2022,BGM,NY,AEA,EN,Combined TRACON& Tower with Radar,0,5,8,0,13,0,0,20,0,20,0,5,28,0,33,98,0,98,131
03/31/2022,BGM,NY,AEA,EN,Combined TRACON& Tower with Radar,0,7,5,0,12,0,0,0,0,0,0,7,5,0,12,0,0,0,12
04/01/2022,BGM,NY,AEA,EN,Combined TRACON& Tower with Radar,0,3,6,0,9,0,0,0,0,0,0,3,6,0,9,0,0,0,9
04/02/2022,BGM,NY,AEA,EN,Combined TRACON& Tower with Radar,0,2,8,0,10,0,0,41,0,41,0,2,49,0,51,32,0,32,83
04/03/2022,BGM,NY,AEA,EN,Combined TRACON& Tower with Radar,0,7,2,0,9,0,0,0,0,0,0,7,2,0,9,0,0,0,9
04/04/2022,BGM,NY,AEA,EN,Combined TRACON& Tower with Radar,0,2,5,0,7,0,0,18,0,18,0,2,23,0,25,80,0,80,105
04/05/2022,BGM,NY,AEA,EN,Combined TRACON& Tower with Radar,2,0,6,0,8,0,2,30,0,32,2,2,36,0,40,40,0,40,80
04/06/2022,BGM,NY,AEA,EN,Combined TRACON& Tower with Radar,0,2,8,0,10,0,0,2,0,2,0,2,10,0,12,0,0,0,12
04/07/2022,BGM,NY,AEA,EN,Combined TRACON& Tower with Radar,0,2,2,0,4,0,0,0,0,0,0,2,2,0,4,0,0,0,4
04/08/2022,BGM,NY,AEA,EN,Combined TRACON& Tower with Radar,0,2,1,0,3,0,0,3,0,3,0,2,4,0,6,32,0,32,38
04/09/2022,BGM,NY,AEA,EN,Combined TRACON& Tower with Radar,0,6,0,0,6,0,0,4,0,4,0,6,4,0,10,0,0,0,10
04/10/2022,BGM,NY,AEA,EN,Combined TRACON& Tower with Radar,0,3,2,0,5,0,0,0,0,0,0,3,2,0,5,0,0,0,5
04/11/2022,BGM,NY,AEA,EN,Combined TRACON& Tower with Radar,0,3,15,0,18,0,0,38,0,38,0,3,53,0,56,0,0,0,56
04/12/2022,BGM,NY,AEA,EN,Combined TRACON& Tower with Radar,0,9,1,1,11,0,0,23,3,26,0,9,24,4,37,45,0,45,82
04/13/2022,BGM,NY,AEA,EN,Combined TRACON& Tower with Radar,0,6,9,0,15,0,0,12,0,12,0,6,21,0,27,36,0,36,63
04/14/2022,BGM,NY,AEA,EN,Combined TRACON& Tower with Radar,0,4,5,0,9,0,0,2,0,2,0,4,7,0,11,0,0,0,11
04/15/2022,BGM,NY,AEA,EN,Combined TRACON& Tower with Radar,0,2,1,0,3,0,0,7,0,7,0,2,8,0,10,22,0,22,32
04/16/2022,BGM,NY,AEA,EN,Combined TRACON& Tower with Radar,0,2,4,0,6,0,0,0,0,0,0,2,4,0,6,0,0,0,6
04/17/2022,BGM,NY,AEA,EN,Combined TRACON& Tower with Radar,0,6,7,0,13,0,0,8,0,8,0,6,15,0,21,0,0,0,21
04/18/2022,BGM,NY,AEA,EN,Combined TRACON& Tower with Radar,0,6,7,0,13,0,1,9,0,10,0,7,16,0,23,12,0,12,35
04/19/2022,BGM,NY,AEA,EN,Combined TRACON& Tower with Radar,0,6,2,0,8,0,0,0,0,0,0,6,2,0,8,0,0,0,8
04/20/2022,BGM,NY,AEA,EN,Combined TRACON& Tower with Radar,0,7,0,0,7,0,0,5,0,5,0,7,5,0,12,16,0,16,28
04/21/2022,BGM,NY,AEA,EN,Combined TRACON& Tower with Radar,0,5,2,0,7,0,0,0,0,0,0,5,2,0,7,0,0,0,7
04/22/2022,BGM,NY,AEA,EN,Combined TRACON& Tower with Radar,0,4,11,0,15,0,0,36,0,36,0,4,47,0,51,0,0,0,51
04/23/2022,BGM,NY,AEA,EN,Combined TRACON& Tower with Radar,2,1,4,0,7,0,0,23,0,23,2,1,27,0,30,26,0,26,56
04/24/2022,BGM,NY,AEA,EN,Combined TRACON& Tower with Radar,0,3,6,0,9,0,0,29,0,29,0,3,35,0,38,16,0,16,54
04/25/2022,BGM,NY,AEA,EN,Combined TRACON& Tower with Radar,0,4,3,0,7,0,0,11,0,11,0,4,14,0,18,4,0,4,22
04/26/2022,BGM,NY,AEA,EN,Combined TRACON& Tower with Radar,0,8,5,0,13,0,0,0,0,0,0,8,5,0,13,0,0,0,13
04/27/2022,BGM,NY,AEA,EN,Combined TRACON& Tower with Radar,0,8,6,0,14,0,0,0,0,0,0,8,6,0,14,0,0,0,14
04/28/2022,BGM,NY,AEA,EN,Combined TRACON& Tower with Radar,0,5,6,7,18,0,0,12,0,12,0,5,18,7,30,6,2,8,38
04/29/2022,BGM,NY,AEA,EN,Combined TRACON& Tower with Radar,0,5,3,0,8,0,0,10,2,12,0,5,13,2,20,12,0,12,32
04/30/2022,BGM,NY,AEA,EN,Combined TRACON& Tower with Radar,2,0,8,0,10,0,0,35,0,35,2,0,43,0,45,0,0,0,45
05/01/2022,BGM,NY,AEA,EN,Combined TRACON& Tower with Radar,0,2,0,0,2,0,0,24,0,24,0,2,24,0,26,12,0,12,38
05/02/2022,BGM,NY,AEA,EN,Combined TRACON& Tower with Radar,0,5,1,0,6,0,0,1,0,1,0,5,2,0,7,0,0,0,7
05/03/2022,BGM,NY,AEA,EN,Combined TRACON& Tower with Radar,2,8,4,0,14,0,0,15,0,15,2,8,19,0,29,38,0,38,67
05/04/2022,BGM,NY,AEA,EN,Combined TRACON& Tower with Radar,0,5,7,0,12,0,0,0,0,0,0,5,7,0,12,0,0,0,12
05/05/2022,BGM,NY,AEA,EN,Combined TRACON& Tower with Radar,0,6,4,8,18,0,2,36,0,38,0,8,40,8,56,37,0,37,93
05/06/2022,BGM,NY,AEA,EN,Combined TRACON& Tower with Radar,0,6,5,0,11,0,0,2,0,2,0,6,7,0,13,30,0,30,43
05/07/2022,BGM,NY,AEA,EN,Combined TRACON& Tower with Radar,0,2,3,0,5,0,0,7,0,7,0,2,10,0,12,0,0,0,12
05/08/2022,BGM,NY,AEA,EN,Combined TRACON& Tower with Radar,0,6,5,0,11,0,0,22,0,22,0,6,27,0,33,32,0,32,65
05/09/2022,BGM,NY,AEA,EN,Combined TRACON& Tower with Radar,0,5,3,0,8,0,1,33,0,34,0,6,36,0,42,32,0,32,74
05/10/2022,BGM,NY,AEA,EN,Combined TRACON& Tower with Radar,0,2,7,0,9,0,0,23,2,25,0,2,30,2,34,88,0,88,122
05/11/2022,BGM,NY,AEA,EN,Combined TRACON& Tower with Radar,0,3,17,0,20,0,0,22,0,22,0,3,39,0,42,16,0,16,58
05/12/2022,BGM,NY,AEA,EN,Combined TRACON& Tower with Radar,0,4,7,0,11,0,1,24,0,25,0,5,31,0,36,48,0,48,84
05/13/2022,BGM,NY,AEA,EN,Combined TRACON& Tower with Radar,0,3,6,0,9,0,0,9,0,9,0,3,15,0,18,3,0,3,21
05/14/2022,BGM,NY,AEA,EN,Combined TRACON& Tower with Radar,0,3,2,0,5,0,0,5,0,5,0,3,7,0,10,16,0,16,26
05/15/2022,BGM,NY,AEA,EN,Combined TRACON& Tower with Radar,0,4,3,0,7,0,0,1,0,1,0,4,4,0,8,0,0,0,8
05/16/2022,BGM,NY,AEA,EN,Combined TRACON& Tower with Radar,0,2,2,0,4,0,0,1,0,1,0,2,3,0,5,0,0,0,5
05/17/2022,BGM,NY,AEA,EN,Combined TRACON& Tower with Radar,0,2,2,0,4,0,0,1,0,1,0,2,3,0,5,6,0,6,11
05/18/2022,BGM,NY,AEA,EN,Combined TRACON& Tower with Radar,0,5,10,10,25,0,2,20,8,30,0,7,30,18,55,14,0,14,69
05/19/2022,BGM,NY,AEA,EN,Combined TRACON& Tower with Radar,0,4,13,0,17,0,0,0,0,0,0,4,13,0,17,28,0,28,45
05/20/2022,BGM,NY,AEA,EN,Combined TRACON& Tower with Radar,0,2,6,0,8,0,0,15,0,15,0,2,21,0,23,0,0,0,23
05/21/2022,BGM,NY,AEA,EN,Combined TRACON& Tower with Radar,0,4,5,0,9,0,2,30,0,32,0,6,35,0,41,34,0,34,75
05/22/2022,BGM,NY,AEA,EN,Combined TRACON& Tower with Radar,0,2,0,0,2,0,0,7,0,7,0,2,7,0,9,8,0,8,17
05/23/2022,BGM,NY,AEA,EN,Combined TRACON& Tower with Radar,0,8,9,2,19,0,0,17,2,19,0,8,26,4,38,0,0,0,38
05/24/2022,BGM,NY,AEA,EN,Combined TRACON& Tower with Radar,0,4,4,0,8,0,0,18,0,18,0,4,22,0,26,34,0,34,60
05/25/2022,BGM,NY,AEA,EN,Combined TRACON& Tower with Radar,0,2,3,0,5,0,0,16,0,16,0,2,19,0,21,32,0,32,53
05/26/2022,BGM,NY,AEA,EN,Combined TRACON& Tower with Radar,0,6,13,0,19,0,0,7,0,7,0,6,20,0,26,26,0,26,52
05/27/2022,BGM,NY,AEA,EN,Combined TRACON& Tower with Radar,0,5,3,0,8,0,0,2,0,2,0,5,5,0,10,0,0,0,10
05/28/2022,BGM,NY,AEA,EN,Combined TRACON& Tower with Radar,0,3,1,0,4,0,0,4,0,4,0,3,5,0,8,6,0,6,14
05/29/2022,BGM,NY,AEA,EN,Combined TRACON& Tower with Radar,0,4,7,0,11,0,0,30,0,30,0,4,37,0,41,60,0,60,101
05/30/2022,BGM,NY,AEA,EN,Combined TRACON& Tower with Radar,0,5,7,0,12,0,0,18,0,18,0,5,25,0,30,34,0,34,64
05/31/2022,BGM,NY,AEA,EN,Combined TRACON& Tower with Radar,0,6,9,0,15,0,0,11,0,11,0,6,20,0,26,26,0,26,52
06/01/2022,BGM,NY,AEA,EN,Combined TRACON& Tower with Radar,0,4,2,0,6,0,0,0,0,0,0,4,2,0,6,16,4,20,26
06/02/2022,BGM,NY,AEA,EN,Combined TRACON& Tower with Radar,0,7,18,3,28,0,0,22,0,22,0,7,40,3,50,0,0,0,50
06/03/2022,BGM,NY,AEA,EN,Combined TRACON& Tower with Radar,0,1,5,8,14,0,0,27,0,27,0,1,32,8,41,42,0,42,83
06/04/2022,BGM,NY,AEA,EN,Combined TRACON& Tower with Radar,0,3,8,0,11,0,0,14,0,14,0,3,22,0,25,43,0,43,68
06/05/2022,BGM,NY,AEA,EN,Combined TRACON& Tower with Radar,0,9,8,0,17,2,0,29,0,31,2,9,37,0,48,14,0,14,62
06/06/2022,BGM,NY,AEA,EN,Combined TRACON& Tower with Radar,0,4,7,0,11,0,0,11,1,12,0,4,18,1,23,20,0,20,43
06/07/2022,BGM,NY,AEA,EN,Combined TRACON& Tower with Radar,0,5,3,2,10,0,0,4,2,6,0,5,7,4,16,51,8,59,75
06/08/2022,BGM,NY,AEA,EN,Combined TRACON& Tower with Radar,0,9,11,0,20,0,4,17,0,21,0,13,28,0,41,36,0,36,77
06/09/2022,BGM,NY,AEA,EN,Combined TRACON& Tower with Radar,0,9,8,0,17,0,0,0,0,0,0,9,8,0,17,4,0,4,21
06/10/2022,BGM,NY,AEA,EN,Combined TRACON& Tower with Radar,0,4,4,0,8,0,0,25,0,25,0,4,29,0,33,20,0,20,53
06/11/2022,BGM,NY,AEA,EN,Combined TRACON& Tower with Radar,0,2,1,0,3,0,0,20,0,20,0,2,21,0,23,38,0,38,61
06/12/2022,BGM,NY,AEA,EN,Combined TRACON& Tower with Radar,0,3,0,0,3,0,0,3,0,3,0,3,3,0,6,0,0,0,6
06/13/2022,BGM,NY,AEA,EN,Combined TRACON& Tower with Radar,0,4,10,5,19,0,0,12,5,17,0,4,22,10,36,20,14,34,70
06/14/2022,BGM,NY,AEA,EN,Combined TRACON& Tower with Radar,0,8,9,2,19,0,0,26,0,26,0,8,35,2,45,2,0,2,47
06/15/2022,BGM,NY,AEA,EN,Combined TRACON& Tower with Radar,0,8,15,0,23,0,0,12,0,12,0,8,27,0,35,72,0,72,107
06/16/2022,BGM,NY,AEA,EN,Combined TRACON& Tower with Radar,0,6,15,0,21,0,0,0,0,0,0,6,15,0,21,0,0,0,21
06/17/2022,BGM,NY,AEA,EN,Combined TRACON& Tower with Radar,0,3,3,8,14,0,0,12,0,12,0,3,15,8,26,28,0,28,54
06/18/2022,BGM,NY,AEA,EN,Combined TRACON& Tower with Radar,0,2,2,0,4,0,0,0,0,0,0,2,2,0,4,0,0,0,4
06/19/2022,BGM,NY,AEA,EN,Combined TRACON& Tower with Radar,0,2,4,0,6,0,0,11,0,11,0,2,15,0,17,0,0,0,17
06/20/2022,BGM,NY,AEA,EN,Combined TRACON& Tower with Radar,0,2,9,0,11,0,0,29,0,29,0,2,38,0,40,44,0,44,84
06/21/2022,BGM,NY,AEA,EN,Combined TRACON& Tower with Radar,0,3,4,0,7,0,0,17,0,17,0,3,21,0,24,44,0,44,68
06/22/2022,BGM,NY,AEA,EN,Combined TRACON& Tower with Radar,0,8,2,0,10,0,0,10,0,10,0,8,12,0,20,40,0,40,60
06/23/2022,BGM,NY,AEA,EN,Combined TRACON& Tower with Radar,0,5,11,0,16,0,0,3,0,3,0,5,14,0,19,0,0,0,19
06/24/2022,BGM,NY,AEA,EN,Combined TRACON& Tower with Radar,0,3,15,0,18,0,0,25,0,25,0,3,40,0,43,21,0,21,64
06/25/2022,BGM,NY,AEA,EN,Combined TRACON& Tower with Radar,0,2,6,0,8,0,0,22,0,22,0,2,28,0,30,56,0,56,86
06/26/2022,BGM,NY,AEA,EN,Combined TRACON& Tower with Radar,0,3,12,0,15,0,0,23,0,23,0,3,35,0,38,6,0,6,44
06/27/2022,BGM,NY,AEA,EN,Combined TRACON& Tower with Radar,0,3,10,2,15,0,0,7,0,7,0,3,17,2,22,10,0,10,32
06/28/2022,BGM,NY,AEA,EN,Combined TRACON& Tower with Radar,0,4,12,0,16,0,0,41,0,41,0,4,53,0,57,32,0,32,89
06/29/2022,BGM,NY,AEA,EN,Combined TRACON& Tower with Radar,0,8,8,0,16,0,0,26,0,26,0,8,34,0,42,20,0,20,62
06/30/2022,BGM,NY,AEA,EN,Combined TRACON& Tower with Radar,0,5,9,0,14,0,0,16,0,16,0,5,25,0,30,58,0,58,88
07/01/2022,BGM,NY,AEA,EN,Combined TRACON& Tower with Radar,0,7,7,0,14,0,0,17,0,17,0,7,24,0,31,8,0,8,39
07/02/2022,BGM,NY,AEA,EN,Combined TRACON& Tower with Radar,0,4,2,0,6,0,0,14,0,14,0,4,16,0,20,10,0,10,30
07/03/2022,BGM,NY,AEA,EN,Combined TRACON& Tower with Radar,0,2,1,0,3,0,0,31,0,31,0,2,32,0,34,0,0,0,34
07/04/2022,BGM,NY,AEA,EN,Combined TRACON& Tower with Radar,0,4,3,0,7,0,0,23,0,23,0,4,26,0,30,6,0,6,36
07/05/2022,BGM,NY,AEA,EN,Combined TRACON& Tower with Radar,0,2,5,0,7,0,0,3,0,3,0,2,8,0,10,0,0,0,10
07/06/2022,BGM,NY,AEA,EN,Combined TRACON& Tower with Radar,0,6,10,0,16,0,0,22,0,22,0,6,32,0,38,28,0,28,66
07/07/2022,BGM,NY,AEA,EN,Combined TRACON& Tower with Radar,0,5,7,4,16,0,0,36,6,42,0,5,43,10,58,36,0,36,94
07/08/2022,BGM,NY,AEA,EN,Combined TRACON& Tower with Radar,0,2,7,0,9,0,0,24,0,24,0,2,31,0,33,30,0,30,63
07/09/2022,BGM,NY,AEA,EN,Combined TRACON& Tower with Radar,0,5,8,0,13,0,0,33,0,33,0,5,41,0,46,68,0,68,114
07/10/2022,BGM,NY,AEA,EN,Combined TRACON& Tower with Radar,0,3,10,0,13,0,0,24,0,24,0,3,34,0,37,42,0,42,79
07/11/2022,BGM,NY,AEA,EN,Combined TRACON& Tower with Radar,0,5,6,0,11,0,0,17,0,17,0,5,23,0,28,6,0,6,34
07/12/2022,BGM,NY,AEA,EN,Combined TRACON& Tower with Radar,0,5,5,0,10,0,0,5,0,5,0,5,10,0,15,0,0,0,15
07/13/2022,BGM,NY,AEA,EN,Combined TRACON& Tower with Radar,0,2,6,0,8,0,0,21,0,21,0,2,27,0,29,10,0,10,39
07/14/2022,BGM,NY,AEA,EN,Combined TRACON& Tower with Radar,0,2,11,0,13,0,0,12,0,12,0,2,23,0,25,35,0,35,60
07/15/2022,BGM,NY,AEA,EN,Combined TRACON& Tower with Radar,0,4,7,4,15,0,0,36,0,36,0,4,43,4,51,30,16,46,97
07/16/2022,BGM,NY,AEA,EN,Combined TRACON& Tower with Radar,0,7,3,0,10,0,0,13,0,13,0,7,16,0,23,34,0,34,57
07/17/2022,BGM,NY,AEA,EN,Combined TRACON& Tower with Radar,0,9,5,0,14,0,0,13,0,13,0,9,18,0,27,70,0,70,97
07/18/2022,BGM,NY,AEA,EN,Combined TRACON& Tower with Radar,0,8,7,0,15,0,0,1,0,1,0,8,8,0,16,0,0,0,16
07/19/2022,BGM,NY,AEA,EN,Combined TRACON& Tower with Radar,0,5,8,0,13,0,0,23,0,23,0,5,31,0,36,72,0,72,108
07/20/2022,BGM,NY,AEA,EN,Combined TRACON& Tower with Radar,0,2,3,0,5,0,0,19,0,19,0,2,22,0,24,30,0,30,54
07/21/2022,BGM,NY,AEA,EN,Combined TRACON& Tower with Radar,2,4,8,0,14,0,0,3,0,3,2,4,11,0,17,0,0,0,17
07/22/2022,BGM,NY,AEA,EN,Combined TRACON& Tower with Radar,0,8,2,6,16,0,0,34,0,34,0,8,36,6,50,32,34,66,116
07/23/2022,BGM,NY,AEA,EN,Combined TRACON& Tower with Radar,0,4,1,0,5,0,0,15,0,15,0,4,16,0,20,30,0,30,50
07/24/2022,BGM,NY,AEA,EN,Combined TRACON& Tower with Radar,0,5,3,0,8,0,0,9,0,9,0,5,12,0,17,28,0,28,45
07/25/2022,BGM,NY,AEA,EN,Combined TRACON& Tower with Radar,0,2,6,1,9,0,0,5,0,5,0,2,11,1,14,10,0,10,24
07/26/2022,BGM,NY,AEA,EN,Combined TRACON& Tower with Radar,0,2,6,0,8,0,0,25,2,27,0,2,31,2,35,72,0,72,107
07/27/2022,BGM,NY,AEA,EN,Combined TRACON& Tower with Radar,0,5,13,0,18,0,0,29,0,29,0,5,42,0,47,68,0,68,115
07/28/2022,BGM,NY,AEA,EN,Combined TRACON& Tower with Radar,0,2,1,0,3,0,0,6,0,6,0,2,7,0,9,34,0,34,43
07/29/2022,BGM,NY,AEA,EN,Combined TRACON& Tower with Radar,0,6,9,0,15,0,0,20,5,25,0,6,29,5,40,24,0,24,64
07/30/2022,BGM,NY,AEA,EN,Combined TRACON& Tower with Radar,0,4,10,0,14,0,0,5,0,5,0,4,15,0,19,0,0,0,19
07/31/2022,BGM,NY,AEA,EN,Combined TRACON& Tower with Radar,0,5,3,0,8,1,0,26,0,27,1,5,29,0,35,42,0,42,77
08/01/2022,BGM,NY,AEA,EN,Combined TRACON& Tower with Radar,0,2,9,0,11,0,0,17,0,17,0,2,26,0,28,36,0,36,64
08/02/2022,BGM,NY,AEA,EN,Combined TRACON& Tower with Radar,0,5,4,0,9,0,0,14,0,14,0,5,18,0,23,8,0,8,31
08/03/2022,BGM,NY,AEA,EN,Combined TRACON& Tower with Radar,0,6,6,10,22,0,0,31,2,33,0,6,37,12,55,60,0,60,115
08/04/2022,BGM,NY,AEA,EN,Combined TRACON& Tower with Radar,0,2,2,0,4,0,0,9,2,11,0,2,11,2,15,32,0,32,47
08/05/2022,BGM,NY,AEA,EN,Combined TRACON& Tower with Radar,0,4,3,5,12,0,0,8,1,9,0,4,11,6,21,12,20,32,53
08/06/2022,BGM,NY,AEA,EN,Combined TRACON& Tower with Radar,0,2,3,0,5,0,2,25,0,27,0,4,28,0,32,23,0,23,55
08/07/2022,BGM,NY,AEA,EN,Combined TRACON& Tower with Radar,0,3,7,0,10,0,0,18,2,20,0,3,25,2,30,30,0,30,60
08/08/2022,BGM,NY,AEA,EN,Combined TRACON& Tower with Radar,0,2,3,0,5,0,0,27,0,27,0,2,30,0,32,18,0,18,50
08/09/2022,BGM,NY,AEA,EN,Combined TRACON& Tower with Radar,0,4,11,0,15,0,0,3,0,3,0,4,14,0,18,10,0,10,28
08/10/2022,BGM,NY,AEA,EN,Combined TRACON& Tower with Radar,0,2,14,5,21,0,0,28,9,37,0,2,42,14,58,38,10,48,106
08/11/2022,BGM,NY,AEA,EN,Combined TRACON& Tower with Radar,0,3,8,0,11,0,0,38,2,40,0,3,46,2,51,10,0,10,61
08/12/2022,BGM,NY,AEA,EN,Combined TRACON& Tower with Radar,0,5,6,0,11,0,0,25,0,25,0,5,31,0,36,66,0,66,102
08/13/2022,BGM,NY,AEA,EN,Combined TRACON& Tower with Radar,0,6,12,0,18,0,1,27,0,28,0,7,39,0,46,37,0,37,83
08/14/2022,BGM,NY,AEA,EN,Combined TRACON& Tower with Radar,0,4,11,0,15,0,0,43,0,43,0,4,54,0,58,48,0,48,106
08/15/2022,BGM,NY,AEA,EN,Combined TRACON& Tower with Radar,0,4,6,0,10,0,0,19,0,19,0,4,25,0,29,21,0,21,50
08/16/2022,BGM,NY,AEA,EN,Combined TRACON& Tower with Radar,0,7,4,0,11,0,0,16,0,16,0,7,20,0,27,26,0,26,53
08/17/2022,BGM,NY,AEA,EN,Combined TRACON& Tower with Radar,0,9,3,0,12,0,0,8,0,8,0,9,11,0,20,4,0,4,24
08/18/2022,BGM,NY,AEA,EN,Combined TRACON& Tower with Radar,0,9,10,0,19,0,0,19,0,19,0,9,29,0,38,32,0,32,70
08/19/2022,BGM,NY,AEA,EN,Combined TRACON& Tower with Radar,0,3,12,0,15,0,0,29,0,29,0,3,41,0,44,40,0,40,84
08/20/2022,BGM,NY,AEA,EN,Combined TRACON& Tower with Radar,0,4,4,0,8,0,0,25,0,25,0,4,29,0,33,48,0,48,81
08/21/2022,BGM,NY,AEA,EN,Combined TRACON& Tower with Radar,0,12,5,0,17,0,0,4,0,4,0,12,9,0,21,6,0,6,27
08/22/2022,BGM,NY,AEA,EN,Combined TRACON& Tower with Radar,0,7,3,0,10,0,0,0,0,0,0,7,3,0,10,0,0,0,10
08/23/2022,BGM,NY,AEA,EN,Combined TRACON& Tower with Radar,0,6,5,0,11,0,0,0,0,0,0,6,5,0,11,0,0,0,11
08/24/2022,BGM,NY,AEA,EN,Combined TRACON& Tower with Radar,0,2,17,0,19,0,0,40,0,40,0,2,57,0,59,0,0,0,59
08/25/2022,BGM,NY,AEA,EN,Combined TRACON& Tower with Radar,0,6,6,2,14,0,0,54,0,54,0,6,60,2,68,8,0,8,76
08/26/2022,BGM,NY,AEA,EN,Combined TRACON& Tower with Radar,2,4,10,2,18,0,0,11,0,11,2,4,21,2,29,60,0,60,89
08/27/2022,BGM,NY,AEA,EN,Combined TRACON& Tower with Radar,0,3,10,0,13,0,1,18,0,19,0,4,28,0,32,2,0,2,34
08/28/2022,BGM,NY,AEA,EN,Combined TRACON& Tower with Radar,0,3,6,0,9,0,2,30,0,32,0,5,36,0,41,38,0,38,79
08/29/2022,BGM,NY,AEA,EN,Combined TRACON& Tower with Radar,0,4,3,0,7,0,0,9,2,11,0,4,12,2,18,8,0,8,26
08/30/2022,BGM,NY,AEA,EN,Combined TRACON& Tower with Radar,0,4,4,0,8,0,0,5,0,5,0,4,9,0,13,4,0,4,17
08/31/2022,BGM,NY,AEA,EN,Combined TRACON& Tower with Radar,0,2,6,2,10,0,0,28,0,28,0,2,34,2,38,50,0,50,88
09/01/2022,BGM,NY,AEA,EN,Combined TRACON& Tower with Radar,0,2,4,2,8,0,2,27,0,29,0,4,31,2,37,60,0,60,97
09/02/2022,BGM,NY,AEA,EN,Combined TRACON& Tower with Radar,0,4,4,0,8,0,4,32,0,36,0,8,36,0,44,6,0,6,50
09/03/2022,BGM,NY,AEA,EN,Combined TRACON& Tower with Radar,0,2,9,0,11,0,0,12,0,12,0,2,21,0,23,0,0,0,23
09/04/2022,BGM,NY,AEA,EN,Combined TRACON& Tower with Radar,0,2,9,0,11,0,0,3,0,3,0,2,12,0,14,0,0,0,14
09/05/2022,BGM,NY,AEA,EN,Combined TRACON& Tower with Radar,0,4,0,0,4,0,0,0,0,0,0,4,0,0,4,0,0,0,4
09/06/2022,BGM,NY,AEA,EN,Combined TRACON& Tower with Radar,0,2,7,0,9,0,0,0,0,0,0,2,7,0,9,0,0,0,9
09/07/2022,BGM,NY,AEA,EN,Combined TRACON& Tower with Radar,0,7,11,0,18,0,0,0,0,0,0,7,11,0,18,0,0,0,18
09/08/2022,BGM,NY,AEA,EN,Combined TRACON& Tower with Radar,0,2,16,0,18,0,0,15,0,15,0,2,31,0,33,30,0,30,63
09/09/2022,BGM,NY,AEA,EN,Combined TRACON& Tower with Radar,0,5,13,0,18,0,0,50,0,50,0,5,63,0,68,0,0,0,68
09/10/2022,BGM,NY,AEA,EN,Combined TRACON& Tower with Radar,0,7,5,8,20,0,0,45,4,49,0,7,50,12,69,58,0,58,127
09/11/2022,BGM,NY,AEA,EN,Combined TRACON& Tower with Radar,0,5,12,0,17,0,0,2,0,2,0,5,14,0,19,8,0,8,27
09/12/2022,BGM,NY,AEA,EN,Combined TRACON& Tower with Radar,0,2,13,0,15,0,0,0,0,0,0,2,13,0,15,0,0,0,15
09/13/2022,BGM,NY,AEA,EN,Combined TRACON& Tower with Radar,0,2,10,0,12,0,0,2,0,2,0,2,12,0,14,8,0,8,22
09/14/2022,BGM,NY,AEA,EN,Combined TRACON& Tower with Radar,0,5,5,0,10,0,1,23,0,24,0,6,28,0,34,50,0,50,84
09/15/2022,BGM,NY,AEA,EN,Combined TRACON& Tower with Radar,0,5,10,0,15,0,0,51,0,51,0,5,61,0,66,30,0,30,96
09/16/2022,BGM,NY,AEA,EN,Combined TRACON& Tower with Radar,0,2,13,0,15,0,0,46,0,46,0,2,59,0,61,36,0,36,97
09/17/2022,BGM,NY,AEA,EN,Combined TRACON& Tower with Radar,0,2,1,0,3,0,0,36,0,36,0,2,37,0,39,30,0,30,69
09/18/2022,BGM,NY,AEA,EN,Combined TRACON& Tower with Radar,0,4,9,0,13,0,0,26,0,26,0,4,35,0,39,40,0,40,79
09/19/2022,BGM,NY,AEA,EN,Combined TRACON& Tower with Radar,0,8,0,0,8,0,0,2,0,2,0,8,2,0,10,0,0,0,10
09/20/2022,BGM,NY,AEA,EN,Combined TRACON& Tower with Radar,0,6,9,17,32,0,0,13,1,14,0,6,22,18,46,38,0,38,84
09/21/2022,BGM,NY,AEA,EN,Combined TRACON& Tower with Radar,0,10,8,0,18,0,0,24,0,24,0,10,32,0,42,60,0,60,102
09/22/2022,BGM,NY,AEA,EN,Combined TRACON& Tower with Radar,0,6,4,0,10,0,0,0,0,0,0,6,4,0,10,10,0,10,20
09/23/2022,BGM,NY,AEA,EN,Combined TRACON& Tower with Radar,0,3,3,0,6,0,0,12,0,12,0,3,15,0,18,28,0,28,46
09/24/2022,BGM,NY,AEA,EN,Combined TRACON& Tower with Radar,0,3,2,0,5,0,0,42,0,42,0,3,44,0,47,30,0,30,77
09/25/2022,BGM,NY,AEA,EN,Combined TRACON& Tower with Radar,0,5,2,0,7,0,0,0,0,0,0,5,2,0,7,0,0,0,7
09/26/2022,BGM,NY,AEA,EN,Combined TRACON& Tower with Radar,0,4,4,0,8,0,0,9,0,9,0,4,13,0,17,6,0,6,23
09/27/2022,BGM,NY,AEA,EN,Combined TRACON& Tower with Radar,0,2,4,0,6,0,0,5,0,5,0,2,9,0,11,14,0,14,25
09/28/2022,BGM,NY,AEA,EN,Combined TRACON& Tower with Radar,0,2,6,0,8,0,0,6,0,6,0,2,12,0,14,0,0,0,14
09/29/2022,BGM,NY,AEA,EN,Combined TRACON& Tower with Radar,0,2,28,0,30,0,0,27,0,27,0,2,55,0,57,0,0,0,57
09/30/2022,BGM,NY,AEA,EN,Combined TRACON& Tower with Radar,0,2,3,0,5,0,0,38,0,38,0,2,41,0,43,34,0,34,77
10/01/2022,BGM,NY,AEA,EN,Combined TRACON& Tower with Radar,0,3,6,0,9,0,0,22,0,22,0,3,28,0,31,32,0,32,63
10/02/2022,BGM,NY,AEA,EN,Combined TRACON& Tower with Radar,0,4,4,0,8,0,0,5,0,5,0,4,9,0,13,24,0,24,37
10/03/2022,BGM,NY,AEA,EN,Combined TRACON& Tower with Radar,0,3,5,0,8,0,0,30,0,30,0,3,35,0,38,72,0,72,110
10/04/2022,BGM,NY,AEA,EN,Combined TRACON& Tower with Radar,0,4,6,0,10,0,0,5,0,5,0,4,11,0,15,56,0,56,71
10/05/2022,BGM,NY,AEA,EN,Combined TRACON& Tower with Radar,0,7,10,0,17,0,0,21,0,21,0,7,31,0,38,32,0,32,70
10/06/2022,BGM,NY,AEA,EN,Combined TRACON& Tower with Radar,0,4,7,0,11,0,0,38,0,38,0,4,45,0,49,64,0,64,113
10/07/2022,BGM,NY,AEA,EN,Combined TRACON& Tower with Radar,0,7,14,0,21,0,0,10,0,10,0,7,24,0,31,30,0,30,61
10/08/2022,BGM,NY,AEA,EN,Combined TRACON& Tower with Radar,0,2,1,0,3,0,0,17,0,17,0,2,18,0,20,10,0,10,30
10/09/2022,BGM,NY,AEA,EN,Combined TRACON& Tower with Radar,0,5,9,0,14,0,0,16,0,16,0,5,25,0,30,12,0,12,42
10/10/2022,BGM,NY,AEA,EN,Combined TRACON& Tower with Radar,0,4,6,0,10,0,1,33,0,34,0,5,39,0,44,22,0,22,66
10/11/2022,BGM,NY,AEA,EN,Combined TRACON& Tower with Radar,0,2,19,0,21,0,1,23,0,24,0,3,42,0,45,46,0,46,91
10/12/2022,BGM,NY,AEA,EN,Combined TRACON& Tower with Radar,0,3,8,2,13,0,0,20,0,20,0,3,28,2,33,16,0,16,49
10/13/2022,BGM,NY,AEA,EN,Combined TRACON& Tower with Radar,0,6,4,0,10,0,0,2,0,2,0,6,6,0,12,0,0,0,12
10/14/2022,BGM,NY,AEA,EN,Combined TRACON& Tower with Radar,0,8,12,0,20,0,0,36,0,36,0,8,48,0,56,32,0,32,88
10/15/2022,BGM,NY,AEA,EN,Combined TRACON& Tower with Radar,0,5,3,0,8,0,0,25,0,25,0,5,28,0,33,2,0,2,35
10/16/2022,BGM,NY,AEA,EN,Combined TRACON& Tower with Radar,0,8,8,0,16,0,0,53,0,53,0,8,61,0,69,16,0,16,85
10/17/2022,BGM,NY,AEA,EN,Combined TRACON& Tower with Radar,0,7,6,1,14,0,0,13,1,14,0,7,19,2,28,46,0,46,74
10/18/2022,BGM,NY,AEA,EN,Combined TRACON& Tower with Radar,0,4,2,0,6,0,0,23,0,23,0,4,25,0,29,28,0,28,57
10/19/2022,BGM,NY,AEA,EN,Combined TRACON& Tower with Radar,0,8,4,0,12,0,0,6,0,6,0,8,10,0,18,18,0,18,36
10/20/2022,BGM,NY,AEA,EN,Combined TRACON& Tower with Radar,0,2,5,0,7,0,2,22,3,27,0,4,27,3,34,16,2,18,52
10/21/2022,BGM,NY,AEA,EN,Combined TRACON& Tower with Radar,0,2,7,0,9,0,0,35,0,35,0,2,42,0,44,56,0,56,100
10/22/2022,BGM,NY,AEA,EN,Combined TRACON& Tower with Radar,0,4,9,0,13,0,0,39,0,39,0,4,48,0,52,47,0,47,99
10/23/2022,BGM,NY,AEA,EN,Combined TRACON& Tower with Radar,0,4,1,0,5,0,0,19,0,19,0,4,20,0,24,30,0,30,54
10/24/2022,BGM,NY,AEA,EN,Combined TRACON& Tower with Radar,0,4,4,1,9,0,0,0,1,1,0,4,4,2,10,0,0,0,10
10/25/2022,BGM,NY,AEA,EN,Combined TRACON& Tower with Radar,0,5,5,1,11,0,0,9,1,10,0,5,14,2,21,0,0,0,21
10/26/2022,BGM,NY,AEA,EN,Combined TRACON& Tower with Radar,0,6,14,0,20,0,0,8,0,8,0,6,22,0,28,10,0,10,38
10/27/2022,BGM,NY,AEA,EN,Combined TRACON& Tower with Radar,0,5,7,2,14,0,0,8,2,10,0,5,15,4,24,18,14,32,56
10/28/2022,BGM,NY,AEA,EN,Combined TRACON& Tower with Radar,0,2,4,0,6,0,0,30,0,30,0,2,34,0,36,34,0,34,70
10/29/2022,BGM,NY,AEA,EN,Combined TRACON& Tower with Radar,0,2,3,0,5,0,0,39,1,40,0,2,42,1,45,24,0,24,69
10/30/2022,BGM,NY,AEA,EN,Combined TRACON& Tower with Radar,0,2,2,0,4,0,0,30,0,30,0,2,32,0,34,28,0,28,62
10/31/2022,BGM,NY,AEA,EN,Combined TRACON& Tower with Radar,0,3,6,0,9,0,0,18,0,18,0,3,24,0,27,40,0,40,67
11/01/2022,BGM,NY,AEA,EN,Combined TRACON& Tower with Radar,0,5,11,0,16,0,0,0,0,0,0,5,11,0,16,28,0,28,44
11/02/2022,BGM,NY,AEA,EN,Combined TRACON& Tower with Radar,0,6,6,0,12,0,0,26,1,27,0,6,32,1,39,64,0,64,103
11/03/2022,BGM,NY,AEA,EN,Combined TRACON& Tower with Radar,0,8,10,0,18,0,3,23,1,27,0,11,33,1,45,28,0,28,73
11/04/2022,BGM,NY,AEA,EN,Combined TRACON& Tower with Radar,0,7,8,0,15,0,0,46,0,46,0,7,54,0,61,36,0,36,97
11/05/2022,BGM,NY,AEA,EN,Combined TRACON& Tower with Radar,0,3,7,0,10,0,1,2,0,3,0,4,9,0,13,0,0,0,13
11/06/2022,BGM,NY,AEA,EN,Combined TRACON& Tower with Radar,0,3,9,0,12,0,1,0,0,1,0,4,9,0,13,0,0,0,13
11/07/2022,BGM,NY,AEA,EN,Combined TRACON& Tower with Radar,0,4,0,0,4,0,0,8,0,8,0,4,8,0,12,6,0,6,18
11/08/2022,BGM,NY,AEA,EN,Combined TRACON& Tower with Radar,0,4,5,0,9,0,0,14,0,14,0,4,19,0,23,18,0,18,41
11/09/2022,BGM,NY,AEA,EN,Combined TRACON& Tower with Radar,0,8,7,0,15,0,0,34,0,34,0,8,41,0,49,14,0,14,63
11/10/2022,BGM,NY,AEA,EN,Combined TRACON& Tower with Radar,0,5,10,1,16,0,0,28,0,28,0,5,38,1,44,44,0,44,88
11/11/2022,BGM,NY,AEA,EN,Combined TRACON& Tower with Radar,0,5,2,0,7,0,0,0,0,0,0,5,2,0,7,0,0,0,7
11/12/2022,BGM,NY,AEA,EN,Combined TRACON& Tower with Radar,0,2,2,0,4,0,0,2,0,2,0,2,4,0,6,0,0,0,6
11/13/2022,BGM,NY,AEA,EN,Combined TRACON& Tower with Radar,0,6,13,0,19,0,0,5,0,5,0,6,18,0,24,2,0,2,26
11/14/2022,BGM,NY,AEA,EN,Combined TRACON& Tower with Radar,0,3,3,0,6,0,2,9,0,11,0,5,12,0,17,38,0,38,55
11/15/2022,BGM,NY,AEA,EN,Combined TRACON& Tower with Radar,0,5,5,0,10,0,0,20,0,20,0,5,25,0,30,34,0,34,64
11/16/2022,BGM,NY,AEA,EN,Combined TRACON& Tower with Radar,4,1,2,0,7,0,0,2,0,2,4,1,4,0,9,18,0,18,27
11/17/2022,BGM,NY,AEA,EN,Combined TRACON& Tower with Radar,2,5,6,0,13,0,0,4,0,4,2,5,10,0,17,16,0,16,33
11/18/2022,BGM,NY,AEA,EN,Combined TRACON& Tower with Radar,0,7,3,0,10,0,0,4,0,4,0,7,7,0,14,11,0,11,25
11/19/2022,BGM,NY,AEA,EN,Combined TRACON& Tower with Radar,2,3,8,0,13,0,0,26,0,26,2,3,34,0,39,42,0,42,81
11/20/2022,BGM,NY,AEA,EN,Combined TRACON& Tower with Radar,0,4,0,1,5,0,0,1,1,2,0,4,1,2,7,0,0,0,7
11/21/2022,BGM,NY,AEA,EN,Combined TRACON& Tower with Radar,0,7,0,0,7,0,0,11,0,11,0,7,11,0,18,0,0,0,18
11/22/2022,BGM,NY,AEA,EN,Combined TRACON& Tower with Radar,2,8,13,0,23,0,0,38,0,38,2,8,51,0,61,36,0,36,97
11/23/2022,BGM,NY,AEA,EN,Combined TRACON& Tower with Radar,2,6,5,0,13,0,0,34,0,34,2,6,39,0,47,58,0,58,105
11/24/2022,BGM,NY,AEA,EN,Combined TRACON& Tower with Radar,0,2,1,0,3,0,0,10,0,10,0,2,11,0,13,20,0,20,33
11/25/2022,BGM,NY,AEA,EN,Combined TRACON& Tower with Radar,0,4,4,0,8,0,0,0,0,0,0,4,4,0,8,0,0,0,8
11/26/2022,BGM,NY,AEA,EN,Combined TRACON& Tower with Radar,2,5,8,0,15,0,0,33,0,33,2,5,41,0,48,17,0,17,65
11/27/2022,BGM,NY,AEA,EN,Combined TRACON& Tower with Radar,0,6,5,0,11,0,0,0,0,0,0,6,5,0,11,8,0,8,19
11/28/2022,BGM,NY,AEA,EN,Combined TRACON& Tower with Radar,0,9,3,0,12,0,0,0,0,0,0,9,3,0,12,0,0,0,12
11/29/2022,BGM,NY,AEA,EN,Combined TRACON& Tower with Radar,0,4,4,0,8,0,4,24,0,28,0,8,28,0,36,62,0,62,98
11/30/2022,BGM,NY,AEA,EN,Combined TRACON& Tower with Radar,2,2,0,0,4,0,0,0,0,0,2,2,0,0,4,0,0,0,4
12/01/2022,BGM,NY,AEA,EN,Combined TRACON& Tower with Radar,0,2,9,3,14,0,0,3,1,4,0,2,12,4,18,0,12,12,30
12/02/2022,BGM,NY,AEA,EN,Combined TRACON& Tower with Radar,0,7,11,0,18,0,0,22,0,22,0,7,33,0,40,70,0,70,110
12/03/2022,BGM,NY,AEA,EN,Combined TRACON& Tower with Radar,2,5,1,0,8,0,0,0,0,0,2,5,1,0,8,0,0,0,8
12/04/2022,BGM,NY,AEA,EN,Combined TRACON& Tower with Radar,0,4,24,0,28,0,0,37,0,37,0,4,61,0,65,38,0,38,103
12/05/2022,BGM,NY,AEA,EN,Combined TRACON& Tower with Radar,0,5,7,0,12,0,0,21,1,22,0,5,28,1,34,0,0,0,34
12/06/2022,BGM,NY,AEA,EN,Combined TRACON& Tower with Radar,0,5,2,0,7,0,0,0,0,0,0,5,2,0,7,0,0,0,7
12/07/2022,BGM,NY,AEA,EN,Combined TRACON& Tower with Radar,2,4,14,0,20,0,0,0,0,0,2,4,14,0,20,0,0,0,20
12/08/2022,BGM,NY,AEA,EN,Combined TRACON& Tower with Radar,0,5,2,0,7,0,0,8,0,8,0,5,10,0,15,2,0,2,17
12/09/2022,BGM,NY,AEA,EN,Combined TRACON& Tower with Radar,0,5,7,0,12,0,0,29,0,29,0,5,36,0,41,64,0,64,105
12/10/2022,BGM,NY,AEA,EN,Combined TRACON& Tower with Radar,2,2,1,0,5,0,0,26,0,26,2,2,27,0,31,60,0,60,91
12/11/2022,BGM,NY,AEA,EN,Combined TRACON& Tower with Radar,0,5,0,0,5,0,0,0,0,0,0,5,0,0,5,0,0,0,5
12/12/2022,BGM,NY,AEA,EN,Combined TRACON& Tower with Radar,0,3,2,0,5,0,0,0,0,0,0,3,2,0,5,0,0,0,5
12/13/2022,BGM,NY,AEA,EN,Combined TRACON& Tower with Radar,0,7,10,2,19,0,0,19,3,22,0,7,29,5,41,40,0,40,81
12/14/2022,BGM,NY,AEA,EN,Combined TRACON& Tower with Radar,2,9,7,0,18,0,0,25,2,27,2,9,32,2,45,28,0,28,73
12/15/2022,BGM,NY,AEA,EN,Combined TRACON& Tower with Radar,0,3,0,0,3,0,0,0,0,0,0,3,0,0,3,0,0,0,3
12/16/2022,BGM,NY,AEA,EN,Combined TRACON& Tower with Radar,0,2,0,0,2,0,0,0,0,0,0,2,0,0,2,0,0,0,2
12/17/2022,BGM,NY,AEA,EN,Combined TRACON& Tower with Radar,2,4,0,0,6,0,0,0,0,0,2,4,0,0,6,31,0,31,37
12/18/2022,BGM,NY,AEA,EN,Combined TRACON& Tower with Radar,0,6,2,0,8,0,0,0,0,0,0,6,2,0,8,6,0,6,14
12/19/2022,BGM,NY,AEA,EN,Combined TRACON& Tower with Radar,0,2,2,0,4,0,0,0,0,0,0,2,2,0,4,0,0,0,4
12/20/2022,BGM,NY,AEA,EN,Combined TRACON& Tower with Radar,0,2,6,0,8,0,0,7,0,7,0,2,13,0,15,22,0,22,37
12/21/2022,BGM,NY,AEA,EN,Combined TRACON& Tower with Radar,2,6,3,0,11,0,0,35,0,35,2,6,38,0,46,46,0,46,92
12/22/2022,BGM,NY,AEA,EN,Combined TRACON& Tower with Radar,0,2,0,0,2,0,0,0,0,0,0,2,0,0,2,0,0,0,2
12/23/2022,BGM,NY,AEA,EN,Combined TRACON& Tower with Radar,0,0,0,0,0,0,0,0,0,0,0,0,0,0,0,0,0,0,0
12/24/2022,BGM,NY,AEA,EN,Combined TRACON& Tower with Radar,4,0,0,0,4,0,0,0,0,0,4,0,0,0,4,0,0,0,4
12/25/2022,BGM,NY,AEA,EN,Combined TRACON& Tower with Radar,0,0,0,0,0,0,0,0,0,0,0,0,0,0,0,0,0,0,0
12/26/2022,BGM,NY,AEA,EN,Combined TRACON& Tower with Radar,2,4,0,0,6,0,0,12,0,12,2,4,12,0,18,26,0,26,44
12/27/2022,BGM,NY,AEA,EN,Combined TRACON& Tower with Radar,0,6,0,0,6,0,0,9,0,9,0,6,9,0,15,26,0,26,41
12/28/2022,BGM,NY,AEA,EN,Combined TRACON& Tower with Radar,2,2,4,0,8,0,0,30,0,30,2,2,34,0,38,4,0,4,42
12/29/2022,BGM,NY,AEA,EN,Combined TRACON& Tower with Radar,0,3,3,0,6,0,0,35,10,45,0,3,38,10,51,14,0,14,65
12/30/2022,BGM,NY,AEA,EN,Combined TRACON& Tower with Radar,0,2,1,0,3,0,0,35,0,35,0,2,36,0,38,9,0,9,47
12/31/2022,BGM,NY,AEA,EN,Combined TRACON& Tower with Radar,2,2,8,0,12,0,0,6,0,6,2,2,14,0,18,0,0,0,18
01/01/2023,BGM,NY,AEA,EN,Combined TRACON& Tower with Radar,0,0,3,0,3,0,0,4,0,4,0,0,7,0,7,46,0,46,53
01/02/2023,BGM,NY,AEA,EN,Combined TRACON& Tower with Radar,0,3,21,0,24,0,0,15,0,15,0,3,36,0,39,36,0,36,75
01/03/2023,BGM,NY,AEA,EN,Combined TRACON& Tower with Radar,0,2,0,0,2,0,0,0,0,0,0,2,0,0,2,0,0,0,2
01/04/2023,BGM,NY,AEA,EN,Combined TRACON& Tower with Radar,2,4,0,0,6,0,0,0,0,0,2,4,0,0,6,0,0,0,6
01/05/2023,BGM,NY,AEA,EN,Combined TRACON& Tower with Radar,0,2,0,2,4,0,0,30,0,30,0,2,30,2,34,64,10,74,108
01/06/2023,BGM,NY,AEA,EN,Combined TRACON& Tower with Radar,0,4,6,0,10,0,0,2,0,2,0,4,8,0,12,2,0,2,14
01/07/2023,BGM,NY,AEA,EN,Combined TRACON& Tower with Radar,2,5,2,0,9,0,0,0,0,0,2,5,2,0,9,0,0,0,9
01/08/2023,BGM,NY,AEA,EN,Combined TRACON& Tower with Radar,0,7,2,0,9,0,0,39,0,39,0,7,41,0,48,42,0,42,90
01/09/2023,BGM,NY,AEA,EN,Combined TRACON& Tower with Radar,3,1,2,0,6,0,0,20,0,20,3,1,22,0,26,50,0,50,76
01/10/2023,BGM,NY,AEA,EN,Combined TRACON& Tower with Radar,4,3,4,0,11,0,0,4,0,4,4,3,8,0,15,0,0,0,15
01/11/2023,BGM,NY,AEA,EN,Combined TRACON& Tower with Radar,5,5,5,0,15,0,0,14,0,14,5,5,19,0,29,48,0,48,77
01/12/2023,BGM,NY,AEA,EN,Combined TRACON& Tower with Radar,2,4,3,0,9,0,0,0,0,0,2,4,3,0,9,0,0,0,9
01/13/2023,BGM,NY,AEA,EN,Combined TRACON& Tower with Radar,3,1,1,0,5,0,0,0,0,0,3,1,1,0,5,0,0,0,5
01/14/2023,BGM,NY,AEA,EN,Combined TRACON& Tower with Radar,4,0,0,0,4,0,0,0,0,0,4,0,0,0,4,0,0,0,4
01/15/2023,BGM,NY,AEA,EN,Combined TRACON& Tower with Radar,4,2,5,0,11,0,0,11,0,11,4,2,16,0,22,4,0,4,26
01/16/2023,BGM,NY,AEA,EN,Combined TRACON& Tower with Radar,3,4,4,0,11,0,0,64,0,64,3,4,68,0,75,44,0,44,119
01/17/2023,BGM,NY,AEA,EN,Combined TRACON& Tower with Radar,4,4,2,0,10,0,0,0,0,0,4,4,2,0,10,0,0,0,10
01/18/2023,BGM,NY,AEA,EN,Combined TRACON& Tower with Radar,5,3,6,0,14,0,0,0,0,0,5,3,6,0,14,0,0,0,14
01/19/2023,BGM,NY,AEA,EN,Combined TRACON& Tower with Radar,3,1,2,0,6,0,0,0,0,0,3,1,2,0,6,0,0,0,6
01/20/2023,BGM,NY,AEA,EN,Combined TRACON& Tower with Radar,5,1,0,0,6,0,0,0,0,0,5,1,0,0,6,0,0,0,6
01/21/2023,BGM,NY,AEA,EN,Combined TRACON& Tower with Radar,4,0,4,0,8,0,0,0,0,0,4,0,4,0,8,32,0,32,40
01/22/2023,BGM,NY,AEA,EN,Combined TRACON& Tower with Radar,4,3,4,0,11,0,0,0,0,0,4,3,4,0,11,0,0,0,11
01/23/2023,BGM,NY,AEA,EN,Combined TRACON& Tower with Radar,2,2,4,0,8,0,0,0,0,0,2,2,4,0,8,0,0,0,8
01/24/2023,BGM,NY,AEA,EN,Combined TRACON& Tower with Radar,3,7,5,0,15,0,0,6,0,6,3,7,11,0,21,10,0,10,31
01/25/2023,BGM,NY,AEA,EN,Combined TRACON& Tower with Radar,5,1,3,0,9,0,0,0,0,0,5,1,3,0,9,0,0,0,9
01/26/2023,BGM,NY,AEA,EN,Combined TRACON& Tower with Radar,3,2,6,0,11,0,0,0,0,0,3,2,6,0,11,0,0,0,11
01/27/2023,BGM,NY,AEA,EN,Combined TRACON& Tower with Radar,4,2,6,0,12,0,0,16,0,16,4,2,22,0,28,16,0,16,44
01/28/2023,BGM,NY,AEA,EN,Combined TRACON& Tower with Radar,4,3,1,0,8,0,0,26,0,26,4,3,27,0,34,26,0,26,60
01/29/2023,BGM,NY,AEA,EN,Combined TRACON& Tower with Radar,4,2,0,0,6,0,0,0,0,0,4,2,0,0,6,12,0,12,18
01/30/2023,BGM,NY,AEA,EN,Combined TRACON& Tower with Radar,3,0,2,0,5,0,0,0,0,0,3,0,2,0,5,0,0,0,5
01/31/2023,BGM,NY,AEA,EN,Combined TRACON& Tower with Radar,4,0,4,0,8,0,0,10,0,10,4,0,14,0,18,26,0,26,44
02/01/2023,BGM,NY,AEA,EN,Combined TRACON& Tower with Radar,5,0,12,0,17,0,0,25,0,25,5,0,37,0,42,44,0,44,86
02/02/2023,BGM,NY,AEA,EN,Combined TRACON& Tower with Radar,3,3,10,0,16,0,0,17,0,17,3,3,27,0,33,6,0,6,39
02/03/2023,BGM,NY,AEA,EN,Combined TRACON& Tower with Radar,5,0,0,0,5,0,0,0,0,0,5,0,0,0,5,0,0,0,5
02/04/2023,BGM,NY,AEA,EN,Combined TRACON& Tower with Radar,5,1,0,0,6,0,0,21,0,21,5,1,21,0,27,14,0,14,41
02/05/2023,BGM,NY,AEA,EN,Combined TRACON& Tower with Radar,4,2,0,0,6,0,0,6,0,6,4,2,6,0,12,0,0,0,12
02/06/2023,BGM,NY,AEA,EN,Combined TRACON& Tower with Radar,3,4,4,0,11,0,0,2,0,2,3,4,6,0,13,0,0,0,13
02/07/2023,BGM,NY,AEA,EN,Combined TRACON& Tower with Radar,3,0,5,0,8,0,0,10,4,14,3,0,15,4,22,28,0,28,50
02/08/2023,BGM,NY,AEA,EN,Combined TRACON& Tower with Radar,5,0,5,0,10,0,0,18,0,18,5,0,23,0,28,76,0,76,104
02/09/2023,BGM,NY,AEA,EN,Combined TRACON& Tower with Radar,3,2,4,0,9,0,0,0,0,0,3,2,4,0,9,0,0,0,9
02/10/2023,BGM,NY,AEA,EN,Combined TRACON& Tower with Radar,3,4,8,0,15,0,0,2,0,2,3,4,10,0,17,4,0,4,21
02/11/2023,BGM,NY,AEA,EN,Combined TRACON& Tower with Radar,4,0,3,0,7,0,0,26,0,26,4,0,29,0,33,72,0,72,105
02/12/2023,BGM,NY,AEA,EN,Combined TRACON& Tower with Radar,4,2,5,0,11,0,1,32,0,33,4,3,37,0,44,38,0,38,82
02/13/2023,BGM,NY,AEA,EN,Combined TRACON& Tower with Radar,3,4,9,0,16,0,0,22,0,22,3,4,31,0,38,6,0,6,44
02/14/2023,BGM,NY,AEA,EN,Combined TRACON& Tower with Radar,3,6,8,0,17,0,1,23,0,24,3,7,31,0,41,4,0,4,45
02/15/2023,BGM,NY,AEA,EN,Combined TRACON& Tower with Radar,5,0,1,0,6,0,0,4,0,4,5,0,5,0,10,0,0,0,10
02/16/2023,BGM,NY,AEA,EN,Combined TRACON& Tower with Radar,3,5,5,0,13,0,0,19,0,19,3,5,24,0,32,6,0,6,38
02/17/2023,BGM,NY,AEA,EN,Combined TRACON& Tower with Radar,2,3,1,0,6,0,0,0,0,0,2,3,1,0,6,0,0,0,6
02/18/2023,BGM,NY,AEA,EN,Combined TRACON& Tower with Radar,4,3,7,0,14,0,0,28,0,28,4,3,35,0,42,36,0,36,78
02/19/2023,BGM,NY,AEA,EN,Combined TRACON& Tower with Radar,4,2,0,0,6,0,0,13,0,13,4,2,13,0,19,0,0,0,19
02/20/2023,BGM,NY,AEA,EN,Combined TRACON& Tower with Radar,3,3,0,0,6,0,0,10,1,11,3,3,10,1,17,16,0,16,33
02/21/2023,BGM,NY,AEA,EN,Combined TRACON& Tower with Radar,4,5,4,0,13,0,0,2,0,2,4,5,6,0,15,0,0,0,15
02/22/2023,BGM,NY,AEA,EN,Combined TRACON& Tower with Radar,4,4,2,0,10,0,0,4,0,4,4,4,6,0,14,6,0,6,20
02/23/2023,BGM,NY,AEA,EN,Combined TRACON& Tower with Radar,3,0,2,0,5,0,0,0,0,0,3,0,2,0,5,0,0,0,5
02/24/2023,BGM,NY,AEA,EN,Combined TRACON& Tower with Radar,3,0,0,0,3,0,0,2,0,2,3,0,2,0,5,0,0,0,5
02/25/2023,BGM,NY,AEA,EN,Combined TRACON& Tower with Radar,4,2,0,0,6,0,0,0,0,0,4,2,0,0,6,0,0,0,6
02/26/2023,BGM,NY,AEA,EN,Combined TRACON& Tower with Radar,4,3,1,0,8,0,2,10,0,12,4,5,11,0,20,7,0,7,27
02/27/2023,BGM,NY,AEA,EN,Combined TRACON& Tower with Radar,2,0,0,0,2,0,0,15,0,15,2,0,15,0,17,12,0,12,29
02/28/2023,BGM,NY,AEA,EN,Combined TRACON& Tower with Radar,3,2,2,0,7,0,0,0,0,0,3,2,2,0,7,0,0,0,7
03/01/2023,BGM,NY,AEA,EN,Combined TRACON& Tower with Radar,5,2,6,0,13,0,0,17,0,17,5,2,23,0,30,14,0,14,44
03/02/2023,BGM,NY,AEA,EN,Combined TRACON& Tower with Radar,3,5,6,2,16,0,0,1,0,1,3,5,7,2,17,50,0,50,67
03/03/2023,BGM,NY,AEA,EN,Combined TRACON& Tower with Radar,3,0,2,1,6,0,0,28,1,29,3,0,30,2,35,26,0,26,61
03/04/2023,BGM,NY,AEA,EN,Combined TRACON& Tower with Radar,4,0,2,0,6,0,0,0,0,0,4,0,2,0,6,0,0,0,6
03/05/2023,BGM,NY,AEA,EN,Combined TRACON& Tower with Radar,4,0,0,0,4,0,0,6,0,6,4,0,6,0,10,0,0,0,10
03/06/2023,BGM,NY,AEA,EN,Combined TRACON& Tower with Radar,3,5,2,0,10,0,2,31,0,33,3,7,33,0,43,24,0,24,67
03/07/2023,BGM,NY,AEA,EN,Combined TRACON& Tower with Radar,3,3,5,2,13,0,0,3,0,3,3,3,8,2,16,0,0,0,16
03/08/2023,BGM,NY,AEA,EN,Combined TRACON& Tower with Radar,5,8,0,1,14,0,0,1,0,1,5,8,1,1,15,0,0,0,15
03/09/2023,BGM,NY,AEA,EN,Combined TRACON& Tower with Radar,3,3,5,1,12,0,0,3,0,3,3,3,8,1,15,0,0,0,15
03/10/2023,BGM,NY,AEA,EN,Combined TRACON& Tower with Radar,6,3,3,0,12,0,0,3,0,3,6,3,6,0,15,18,0,18,33
03/11/2023,BGM,NY,AEA,EN,Combined TRACON& Tower with Radar,5,0,1,0,6,0,0,0,0,0,5,0,1,0,6,0,0,0,6
03/12/2023,BGM,NY,AEA,EN,Combined TRACON& Tower with Radar,4,2,6,0,12,0,0,22,0,22,4,2,28,0,34,0,0,0,34
03/13/2023,BGM,NY,AEA,EN,Combined TRACON& Tower with Radar,5,0,4,0,9,0,0,0,0,0,5,0,4,0,9,13,0,13,22
03/14/2023,BGM,NY,AEA,EN,Combined TRACON& Tower with Radar,0,0,0,0,0,0,0,0,0,0,0,0,0,0,0,0,0,0,0
03/15/2023,BGM,NY,AEA,EN,Combined TRACON& Tower with Radar,5,4,4,0,13,0,2,4,0,6,5,6,8,0,19,8,0,8,27
03/16/2023,BGM,NY,AEA,EN,Combined TRACON& Tower with Radar,3,1,4,0,8,0,2,37,2,41,3,3,41,2,49,44,0,44,93
03/17/2023,BGM,NY,AEA,EN,Combined TRACON& Tower with Radar,3,2,1,0,6,0,0,0,0,0,3,2,1,0,6,2,0,2,8
03/18/2023,BGM,NY,AEA,EN,Combined TRACON& Tower with Radar,4,0,5,0,9,0,0,11,0,11,4,0,16,0,20,10,0,10,30
03/19/2023,BGM,NY,AEA,EN,Combined TRACON& Tower with Radar,4,4,1,0,9,0,0,1,0,1,4,4,2,0,10,0,0,0,10
03/20/2023,BGM,NY,AEA,EN,Combined TRACON& Tower with Radar,3,3,6,2,14,0,9,12,0,21,3,12,18,2,35,22,0,22,57
03/21/2023,BGM,NY,AEA,EN,Combined TRACON& Tower with Radar,3,4,9,0,16,0,1,33,0,34,3,5,42,0,50,16,0,16,66
03/22/2023,BGM,NY,AEA,EN,Combined TRACON& Tower with Radar,6,5,11,0,22,0,0,19,0,19,6,5,30,0,41,48,0,48,89
03/23/2023,BGM,NY,AEA,EN,Combined TRACON& Tower with Radar,4,3,4,0,11,0,0,2,0,2,4,3,6,0,13,2,0,2,15
03/24/2023,BGM,NY,AEA,EN,Combined TRACON& Tower with Radar,3,2,9,0,14,0,0,16,0,16,3,2,25,0,30,24,0,24,54
03/25/2023,BGM,NY,AEA,EN,Combined TRACON& Tower with Radar,4,0,0,0,4,0,0,0,0,0,4,0,0,0,4,0,0,0,4
03/26/2023,BGM,NY,AEA,EN,Combined TRACON& Tower with Radar,4,4,4,0,12,0,1,6,0,7,4,5,10,0,19,0,0,0,19
03/27/2023,BGM,NY,AEA,EN,Combined TRACON& Tower with Radar,2,0,1,0,3,0,0,10,0,10,2,0,11,0,13,16,0,16,29
03/28/2023,BGM,NY,AEA,EN,Combined TRACON& Tower with Radar,5,0,3,0,8,0,0,11,0,11,5,0,14,0,19,12,0,12,31
03/29/2023,BGM,NY,AEA,EN,Combined TRACON& Tower with Radar,7,1,3,0,11,0,5,20,0,25,7,6,23,0,36,24,0,24,60
03/30/2023,BGM,NY,AEA,EN,Combined TRACON& Tower with Radar,3,3,6,0,12,0,0,12,0,12,3,3,18,0,24,22,0,22,46
03/31/2023,BGM,NY,AEA,EN,Combined TRACON& Tower with Radar,3,2,8,0,13,0,0,9,0,9,3,2,17,0,22,36,0,36,58
04/01/2023,BGM,NY,AEA,EN,Combined TRACON& Tower with Radar,4,0,0,0,4,0,0,0,0,0,4,0,0,0,4,0,0,0,4
04/02/2023,BGM,NY,AEA,EN,Combined TRACON& Tower with Radar,4,2,5,0,11,0,0,13,0,13,4,2,18,0,24,20,0,20,44
04/03/2023,BGM,NY,AEA,EN,Combined TRACON& Tower with Radar,3,6,10,0,19,0,6,18,0,24,3,12,28,0,43,24,0,24,67
04/04/2023,BGM,NY,AEA,EN,Combined TRACON& Tower with Radar,3,1,4,0,8,0,0,21,0,21,3,1,25,0,29,10,0,10,39
04/05/2023,BGM,NY,AEA,EN,Combined TRACON& Tower with Radar,5,2,6,0,13,0,0,0,0,0,5,2,6,0,13,0,0,0,13
04/06/2023,BGM,NY,AEA,EN,Combined TRACON& Tower with Radar,3,5,16,0,24,0,0,3,0,3,3,5,19,0,27,8,0,8,35
04/07/2023,BGM,NY,AEA,EN,Combined TRACON& Tower with Radar,3,3,4,0,10,0,1,15,0,16,3,4,19,0,26,8,0,8,34
04/08/2023,BGM,NY,AEA,EN,Combined TRACON& Tower with Radar,4,2,9,0,15,0,0,35,0,35,4,2,44,0,50,62,0,62,112
04/09/2023,BGM,NY,AEA,EN,Combined TRACON& Tower with Radar,4,2,6,0,12,0,7,20,1,28,4,9,26,1,40,4,0,4,44
04/10/2023,BGM,NY,AEA,EN,Combined TRACON& Tower with Radar,3,2,4,0,9,0,3,23,0,26,3,5,27,0,35,36,0,36,71
04/11/2023,BGM,NY,AEA,EN,Combined TRACON& Tower with Radar,3,2,8,0,13,0,0,12,1,13,3,2,20,1,26,10,0,10,36
04/12/2023,BGM,NY,AEA,EN,Combined TRACON& Tower with Radar,5,0,3,0,8,0,0,9,0,9,5,0,12,0,17,20,0,20,37
04/13/2023,BGM,NY,AEA,EN,Combined TRACON& Tower with Radar,3,4,5,0,12,0,0,22,0,22,3,4,27,0,34,16,0,16,50
04/14/2023,BGM,NY,AEA,EN,Combined TRACON& Tower with Radar,3,5,8,0,16,0,8,44,0,52,3,13,52,0,68,54,0,54,122
04/15/2023,BGM,NY,AEA,EN,Combined TRACON& Tower with Radar,3,5,6,0,14,0,0,12,0,12,3,5,18,0,26,0,0,0,26
04/16/2023,BGM,NY,AEA,EN,Combined TRACON& Tower with Radar,3,2,5,1,11,0,0,11,0,11,3,2,16,1,22,14,0,14,36
04/17/2023,BGM,NY,AEA,EN,Combined TRACON& Tower with Radar,4,0,2,0,6,0,0,10,0,10,4,0,12,0,16,0,0,0,16
04/18/2023,BGM,NY,AEA,EN,Combined TRACON& Tower with Radar,3,2,9,0,14,0,0,8,0,8,3,2,17,0,22,0,0,0,22
04/19/2023,BGM,NY,AEA,EN,Combined TRACON& Tower with Radar,5,6,8,0,19,0,0,14,0,14,5,6,22,0,33,24,0,24,57
04/20/2023,BGM,NY,AEA,EN,Combined TRACON& Tower with Radar,5,1,17,1,24,0,0,44,1,45,5,1,61,2,69,22,0,22,91
04/21/2023,BGM,NY,AEA,EN,Combined TRACON& Tower with Radar,3,0,10,0,13,0,4,33,0,37,3,4,43,0,50,22,0,22,72
04/22/2023,BGM,NY,AEA,EN,Combined TRACON& Tower with Radar,4,1,1,0,6,0,0,5,0,5,4,1,6,0,11,0,0,0,11
04/23/2023,BGM,NY,AEA,EN,Combined TRACON& Tower with Radar,4,2,5,0,11,0,0,8,0,8,4,2,13,0,19,0,0,0,19
04/24/2023,BGM,NY,AEA,EN,Combined TRACON& Tower with Radar,3,1,8,0,12,0,0,12,0,12,3,1,20,0,24,28,0,28,52
04/25/2023,BGM,NY,AEA,EN,Combined TRACON& Tower with Radar,2,4,6,2,14,0,8,31,6,45,2,12,37,8,59,26,0,26,85
04/26/2023,BGM,NY,AEA,EN,Combined TRACON& Tower with Radar,5,1,0,0,6,0,0,6,0,6,5,1,6,0,12,6,0,6,18
04/27/2023,BGM,NY,AEA,EN,Combined TRACON& Tower with Radar,3,3,11,1,18,0,0,22,6,28,3,3,33,7,46,14,10,24,70
04/28/2023,BGM,NY,AEA,EN,Combined TRACON& Tower with Radar,3,10,3,0,16,0,0,15,0,15,3,10,18,0,31,24,0,24,55
04/29/2023,BGM,NY,AEA,EN,Combined TRACON& Tower with Radar,4,3,21,0,28,0,0,0,0,0,4,3,21,0,28,0,0,0,28
04/30/2023,BGM,NY,AEA,EN,Combined TRACON& Tower with Radar,3,1,10,0,14,0,0,0,0,0,3,1,10,0,14,0,0,0,14
05/01/2023,BGM,NY,AEA,EN,Combined TRACON& Tower with Radar,4,0,4,0,8,0,0,6,0,6,4,0,10,0,14,0,0,0,14
05/02/2023,BGM,NY,AEA,EN,Combined TRACON& Tower with Radar,3,0,11,0,14,0,0,8,0,8,3,0,19,0,22,27,0,27,49
05/03/2023,BGM,NY,AEA,EN,Combined TRACON& Tower with Radar,5,1,4,0,10,0,0,0,0,0,5,1,4,0,10,10,0,10,20
05/04/2023,BGM,NY,AEA,EN,Combined TRACON& Tower with Radar,3,7,5,4,19,0,0,4,0,4,3,7,9,4,23,0,0,0,23
05/05/2023,BGM,NY,AEA,EN,Combined TRACON& Tower with Radar,3,9,13,0,25,0,0,29,0,29,3,9,42,0,54,2,0,2,56
05/06/2023,BGM,NY,AEA,EN,Combined TRACON& Tower with Radar,4,1,14,0,19,0,6,39,0,45,4,7,53,0,64,33,0,33,97
05/07/2023,BGM,NY,AEA,EN,Combined TRACON& Tower with Radar,4,0,3,0,7,0,0,15,0,15,4,0,18,0,22,0,0,0,22
05/08/2023,BGM,NY,AEA,EN,Combined TRACON& Tower with Radar,3,3,16,0,22,0,1,22,0,23,3,4,38,0,45,0,0,0,45
05/09/2023,BGM,NY,AEA,EN,Combined TRACON& Tower with Radar,3,8,6,0,17,0,4,17,0,21,3,12,23,0,38,8,0,8,46
05/10/2023,BGM,NY,AEA,EN,Combined TRACON& Tower with Radar,5,2,13,0,20,0,0,28,0,28,5,2,41,0,48,28,0,28,76
05/11/2023,BGM,NY,AEA,EN,Combined TRACON& Tower with Radar,4,0,1,0,5,0,1,40,0,41,4,1,41,0,46,22,0,22,68
05/12/2023,BGM,NY,AEA,EN,Combined TRACON& Tower with Radar,2,0,3,0,5,0,0,32,0,32,2,0,35,0,37,16,0,16,53
05/13/2023,BGM,NY,AEA,EN,Combined TRACON& Tower with Radar,4,0,3,0,7,0,3,28,0,31,4,3,31,0,38,12,0,12,50
05/14/2023,BGM,NY,AEA,EN,Combined TRACON& Tower with Radar,4,0,3,0,7,0,0,17,0,17,4,0,20,0,24,0,0,0,24
05/15/2023,BGM,NY,AEA,EN,Combined TRACON& Tower with Radar,3,6,6,5,20,0,8,23,1,32,3,14,29,6,52,50,0,50,102
05/16/2023,BGM,NY,AEA,EN,Combined TRACON& Tower with Radar,3,3,14,0,20,0,0,18,0,18,3,3,32,0,38,22,0,22,60
05/17/2023,BGM,NY,AEA,EN,Combined TRACON& Tower with Radar,5,6,10,0,21,0,0,8,0,8,5,6,18,0,29,24,0,24,53
05/18/2023,BGM,NY,AEA,EN,Combined TRACON& Tower with Radar,4,3,5,11,23,0,2,46,1,49,4,5,51,12,72,44,0,44,116
05/19/2023,BGM,NY,AEA,EN,Combined TRACON& Tower with Radar,3,4,3,0,10,0,0,12,0,12,3,4,15,0,22,20,0,20,42
05/20/2023,BGM,NY,AEA,EN,Combined TRACON& Tower with Radar,4,0,1,0,5,0,0,6,0,6,4,0,7,0,11,10,0,10,21
05/21/2023,BGM,NY,AEA,EN,Combined TRACON& Tower with Radar,4,0,9,0,13,0,0,9,0,9,4,0,18,0,22,0,0,0,22
05/22/2023,BGM,NY,AEA,EN,Combined TRACON& Tower with Radar,3,3,1,0,7,0,2,19,3,24,3,5,20,3,31,46,0,46,77
05/23/2023,BGM,NY,AEA,EN,Combined TRACON& Tower with Radar,3,4,10,0,17,0,0,21,0,21,3,4,31,0,38,8,0,8,46
05/24/2023,BGM,NY,AEA,EN,Combined TRACON& Tower with Radar,5,5,11,0,21,0,0,8,0,8,5,5,19,0,29,24,0,24,53
05/25/2023,BGM,NY,AEA,EN,Combined TRACON& Tower with Radar,3,4,8,0,15,0,5,30,1,36,3,9,38,1,51,18,4,22,73
05/26/2023,BGM,NY,AEA,EN,Combined TRACON& Tower with Radar,3,11,12,0,26,0,0,38,0,38,3,11,50,0,64,18,0,18,82
05/27/2023,BGM,NY,AEA,EN,Combined TRACON& Tower with Radar,4,0,3,0,7,0,0,14,0,14,4,0,17,0,21,24,0,24,45
05/28/2023,BGM,NY,AEA,EN,Combined TRACON& Tower with Radar,4,5,5,0,14,0,0,16,0,16,4,5,21,0,30,30,0,30,60
05/29/2023,BGM,NY,AEA,EN,Combined TRACON& Tower with Radar,3,5,3,0,11,0,6,24,0,30,3,11,27,0,41,41,0,41,82
05/30/2023,BGM,NY,AEA,EN,Combined TRACON& Tower with Radar,3,0,8,4,15,0,0,18,0,18,3,0,26,4,33,16,0,16,49
05/31/2023,BGM,NY,AEA,EN,Combined TRACON& Tower with Radar,5,0,8,0,13,0,0,28,2,30,5,0,36,2,43,38,8,46,89
06/01/2023,BGM,NY,AEA,EN,Combined TRACON& Tower with Radar,3,0,1,0,4,0,0,27,0,27,3,0,28,0,31,16,0,16,47
06/02/2023,BGM,NY,AEA,EN,Combined TRACON& Tower with Radar,4,4,10,0,18,0,0,22,0,22,4,4,32,0,40,38,0,38,78
06/03/2023,BGM,NY,AEA,EN,Combined TRACON& Tower with Radar,4,0,9,0,13,0,2,26,0,28,4,2,35,0,41,42,0,42,83
06/04/2023,BGM,NY,AEA,EN,Combined TRACON& Tower with Radar,3,3,4,0,10,0,0,12,0,12,3,3,16,0,22,16,0,16,38
06/05/2023,BGM,NY,AEA,EN,Combined TRACON& Tower with Radar,3,2,9,0,14,0,0,3,0,3,3,2,12,0,17,0,0,0,17
06/06/2023,BGM,NY,AEA,EN,Combined TRACON& Tower with Radar,3,0,18,0,21,0,0,1,0,1,3,0,19,0,22,0,0,0,22
06/07/2023,BGM,NY,AEA,EN,Combined TRACON& Tower with Radar,5,2,7,0,14,0,0,0,0,0,5,2,7,0,14,0,0,0,14
06/08/2023,BGM,NY,AEA,EN,Combined TRACON& Tower with Radar,3,1,9,0,13,0,0,1,0,1,3,1,10,0,14,20,0,20,34
06/09/2023,BGM,NY,AEA,EN,Combined TRACON& Tower with Radar,3,3,6,0,12,0,0,3,0,3,3,3,9,0,15,8,0,8,23
06/10/2023,BGM,NY,AEA,EN,Combined TRACON& Tower with Radar,4,4,11,0,19,0,0,10,0,10,4,4,21,0,29,0,0,0,29
06/11/2023,BGM,NY,AEA,EN,Combined TRACON& Tower with Radar,4,0,3,0,7,0,3,26,0,29,4,3,29,0,36,14,0,14,50
06/12/2023,BGM,NY,AEA,EN,Combined TRACON& Tower with Radar,3,0,11,0,14,0,0,2,0,2,3,0,13,0,16,14,0,14,30
06/13/2023,BGM,NY,AEA,EN,Combined TRACON& Tower with Radar,3,4,9,0,16,0,0,12,0,12,3,4,21,0,28,44,0,44,72
06/14/2023,BGM,NY,AEA,EN,Combined TRACON& Tower with Radar,3,4,28,0,35,0,0,0,0,0,3,4,28,0,35,0,0,0,35
06/15/2023,BGM,NY,AEA,EN,Combined TRACON& Tower with Radar,3,9,6,0,18,0,2,21,0,23,3,11,27,0,41,16,0,16,57
06/16/2023,BGM,NY,AEA,EN,Combined TRACON& Tower with Radar,3,1,3,0,7,0,0,6,0,6,3,1,9,0,13,8,0,8,21
06/17/2023,BGM,NY,AEA,EN,Combined TRACON& Tower with Radar,4,6,4,0,14,0,0,12,0,12,4,6,16,0,26,28,0,28,54
06/18/2023,BGM,NY,AEA,EN,Combined TRACON& Tower with Radar,6,4,2,0,12,0,0,19,0,19,6,4,21,0,31,39,0,39,70
06/19/2023,BGM,NY,AEA,EN,Combined TRACON& Tower with Radar,3,4,4,0,11,0,3,39,0,42,3,7,43,0,53,42,0,42,95
06/20/2023,BGM,NY,AEA,EN,Combined TRACON& Tower with Radar,3,9,23,0,35,0,0,23,0,23,3,9,46,0,58,18,0,18,76
06/21/2023,BGM,NY,AEA,EN,Combined TRACON& Tower with Radar,6,6,12,11,35,0,9,31,5,45,6,15,43,16,80,80,16,96,176
06/22/2023,BGM,NY,AEA,EN,Combined TRACON& Tower with Radar,3,8,5,2,18,0,0,17,0,17,3,8,22,2,35,20,0,20,55
06/23/2023,BGM,NY,AEA,EN,Combined TRACON& Tower with Radar,3,5,18,0,26,0,0,3,0,3,3,5,21,0,29,78,0,78,107
06/24/2023,BGM,NY,AEA,EN,Combined TRACON& Tower with Radar,4,0,5,0,9,0,0,0,0,0,4,0,5,0,9,0,0,0,9
06/25/2023,BGM,NY,AEA,EN,Combined TRACON& Tower with Radar,4,13,3,0,20,0,0,5,0,5,4,13,8,0,25,8,0,8,33
06/26/2023,BGM,NY,AEA,EN,Combined TRACON& Tower with Radar,1,1,5,0,7,0,0,6,0,6,1,1,11,0,13,0,0,0,13
06/27/2023,BGM,NY,AEA,EN,Combined TRACON& Tower with Radar,0,6,16,0,22,0,0,0,0,0,0,6,16,0,22,0,0,0,22
06/28/2023,BGM,NY,AEA,EN,Combined TRACON& Tower with Radar,3,6,11,0,20,0,0,0,0,0,3,6,11,0,20,0,0,0,20
06/29/2023,BGM,NY,AEA,EN,Combined TRACON& Tower with Radar,3,1,9,0,13,0,1,0,0,1,3,2,9,0,14,0,0,0,14
06/30/2023,BGM,NY,AEA,EN,Combined TRACON& Tower with Radar,3,4,13,0,20,0,0,0,0,0,3,4,13,0,20,0,0,0,20
07/01/2023,BGM,NY,AEA,EN,Combined TRACON& Tower with Radar,4,2,12,0,18,0,0,10,0,10,4,2,22,0,28,22,0,22,50
07/02/2023,BGM,NY,AEA,EN,Combined TRACON& Tower with Radar,3,3,2,0,8,0,0,0,0,0,3,3,2,0,8,0,0,0,8
07/03/2023,BGM,NY,AEA,EN,Combined TRACON& Tower with Radar,2,0,0,0,2,0,0,2,0,2,2,0,2,0,4,0,0,0,4
07/04/2023,BGM,NY,AEA,EN,Combined TRACON& Tower with Radar,2,2,7,0,11,0,2,10,0,12,2,4,17,0,23,0,0,0,23
07/05/2023,BGM,NY,AEA,EN,Combined TRACON& Tower with Radar,5,5,9,9,28,0,8,52,1,61,5,13,61,10,89,34,2,36,125
07/06/2023,BGM,NY,AEA,EN,Combined TRACON& Tower with Radar,3,2,7,0,12,0,5,29,1,35,3,7,36,1,47,24,0,24,71
07/07/2023,BGM,NY,AEA,EN,Combined TRACON& Tower with Radar,3,1,1,0,5,0,1,22,2,25,3,2,23,2,30,0,0,0,30
07/08/2023,BGM,NY,AEA,EN,Combined TRACON& Tower with Radar,4,5,30,0,39,0,4,35,0,39,4,9,65,0,78,0,0,0,78
07/09/2023,BGM,NY,AEA,EN,Combined TRACON& Tower with Radar,1,0,1,0,2,0,0,1,0,1,1,0,2,0,3,0,0,0,3
07/10/2023,BGM,NY,AEA,EN,Combined TRACON& Tower with Radar,3,0,6,0,9,0,0,2,0,2,3,0,8,0,11,16,0,16,27
07/11/2023,BGM,NY,AEA,EN,Combined TRACON& Tower with Radar,3,1,16,0,20,0,4,33,0,37,3,5,49,0,57,0,0,0,57
07/12/2023,BGM,NY,AEA,EN,Combined TRACON& Tower with Radar,7,2,9,5,23,0,2,17,5,24,7,4,26,10,47,12,16,28,75
07/13/2023,BGM,NY,AEA,EN,Combined TRACON& Tower with Radar,2,4,5,0,11,0,2,9,4,15,2,6,14,4,26,0,0,0,26
07/14/2023,BGM,NY,AEA,EN,Combined TRACON& Tower with Radar,1,0,12,0,13,0,0,23,0,23,1,0,35,0,36,0,0,0,36
07/15/2023,BGM,NY,AEA,EN,Combined TRACON& Tower with Radar,4,0,5,0,9,0,0,19,0,19,4,0,24,0,28,24,0,24,52
07/16/2023,BGM,NY,AEA,EN,Combined TRACON& Tower with Radar,2,0,8,0,10,0,0,9,0,9,2,0,17,0,19,12,0,12,31
07/17/2023,BGM,NY,AEA,EN,Combined TRACON& Tower with Radar,3,3,13,0,19,0,5,17,0,22,3,8,30,0,41,18,0,18,59
07/18/2023,BGM,NY,AEA,EN,Combined TRACON& Tower with Radar,3,0,21,0,24,0,0,4,0,4,3,0,25,0,28,0,0,0,28
07/19/2023,BGM,NY,AEA,EN,Combined TRACON& Tower with Radar,6,1,18,0,25,0,1,29,0,30,6,2,47,0,55,40,0,40,95
07/20/2023,BGM,NY,AEA,EN,Combined TRACON& Tower with Radar,3,3,5,2,13,0,2,25,0,27,3,5,30,2,40,28,10,38,78
07/21/2023,BGM,NY,AEA,EN,Combined TRACON& Tower with Radar,4,2,10,0,16,0,0,8,0,8,4,2,18,0,24,17,0,17,41
07/22/2023,BGM,NY,AEA,EN,Combined TRACON& Tower with Radar,4,5,4,0,13,0,3,28,0,31,4,8,32,0,44,4,2,6,50
07/23/2023,BGM,NY,AEA,EN,Combined TRACON& Tower with Radar,4,6,2,0,12,0,2,33,0,35,4,8,35,0,47,18,0,18,65
07/24/2023,BGM,NY,AEA,EN,Combined TRACON& Tower with Radar,2,4,8,0,14,0,4,19,0,23,2,8,27,0,37,32,0,32,69
07/25/2023,BGM,NY,AEA,EN,Combined TRACON& Tower with Radar,0,5,4,0,9,0,2,2,0,4,0,7,6,0,13,16,0,16,29
07/26/2023,BGM,NY,AEA,EN,Combined TRACON& Tower with Radar,7,2,6,0,15,0,7,19,0,26,7,9,25,0,41,26,0,26,67
07/27/2023,BGM,NY,AEA,EN,Combined TRACON& Tower with Radar,3,4,6,0,13,0,0,5,0,5,3,4,11,0,18,0,0,0,18
07/28/2023,BGM,NY,AEA,EN,Combined TRACON& Tower with Radar,2,4,10,0,16,0,2,22,0,24,2,6,32,0,40,28,0,28,68
07/29/2023,BGM,NY,AEA,EN,Combined TRACON& Tower with Radar,3,3,8,0,14,0,0,4,0,4,3,3,12,0,18,6,0,6,24
07/30/2023,BGM,NY,AEA,EN,Combined TRACON& Tower with Radar,4,7,11,0,22,0,2,23,0,25,4,9,34,0,47,0,0,0,47
07/31/2023,BGM,NY,AEA,EN,Combined TRACON& Tower with Radar,3,6,8,0,17,0,3,11,0,14,3,9,19,0,31,14,0,14,45
08/01/2023,BGM,NY,AEA,EN,Combined TRACON& Tower with Radar,3,9,8,0,20,0,6,21,2,29,3,15,29,2,49,18,0,18,67
08/02/2023,BGM,NY,AEA,EN,Combined TRACON& Tower with Radar,5,1,20,0,26,0,0,27,0,27,5,1,47,0,53,38,0,38,91
08/03/2023,BGM,NY,AEA,EN,Combined TRACON& Tower with Radar,3,1,7,0,11,0,1,24,0,25,3,2,31,0,36,18,0,18,54
08/04/2023,BGM,NY,AEA,EN,Combined TRACON& Tower with Radar,3,6,6,0,15,0,0,1,0,1,3,6,7,0,16,10,0,10,26
08/05/2023,BGM,NY,AEA,EN,Combined TRACON& Tower with Radar,4,0,6,0,10,0,2,22,0,24,4,2,28,0,34,42,0,42,76
08/06/2023,BGM,NY,AEA,EN,Combined TRACON& Tower with Radar,4,3,3,0,10,0,4,55,0,59,4,7,58,0,69,16,0,16,85
08/07/2023,BGM,NY,AEA,EN,Combined TRACON& Tower with Radar,1,11,9,0,21,0,0,4,0,4,1,11,13,0,25,0,0,0,25
08/08/2023,BGM,NY,AEA,EN,Combined TRACON& Tower with Radar,3,6,14,0,23,0,0,0,0,0,3,6,14,0,23,0,0,0,23
08/09/2023,BGM,NY,AEA,EN,Combined TRACON& Tower with Radar,5,5,14,0,24,0,5,20,0,25,5,10,34,0,49,52,0,52,101
08/10/2023,BGM,NY,AEA,EN,Combined TRACON& Tower with Radar,3,3,13,0,19,0,0,1,0,1,3,3,14,0,20,0,0,0,20
08/11/2023,BGM,NY,AEA,EN,Combined TRACON& Tower with Radar,4,4,8,0,16,0,6,30,0,36,4,10,38,0,52,48,0,48,100
08/12/2023,BGM,NY,AEA,EN,Combined TRACON& Tower with Radar,4,1,3,0,8,0,0,5,0,5,4,1,8,0,13,6,0,6,19
08/13/2023,BGM,NY,AEA,EN,Combined TRACON& Tower with Radar,5,2,20,0,27,0,0,30,0,30,5,2,50,0,57,0,0,0,57
08/14/2023,BGM,NY,AEA,EN,Combined TRACON& Tower with Radar,3,1,4,0,8,0,4,34,0,38,3,5,38,0,46,34,0,34,80
08/15/2023,BGM,NY,AEA,EN,Combined TRACON& Tower with Radar,4,3,8,0,15,0,0,0,0,0,4,3,8,0,15,0,0,0,15
08/16/2023,BGM,NY,AEA,EN,Combined TRACON& Tower with Radar,6,2,8,0,16,0,0,9,2,11,6,2,17,2,27,0,0,0,27
08/17/2023,BGM,NY,AEA,EN,Combined TRACON& Tower with Radar,2,8,11,0,21,0,6,26,0,32,2,14,37,0,53,0,0,0,53
08/18/2023,BGM,NY,AEA,EN,Combined TRACON& Tower with Radar,5,6,4,0,15,0,0,11,0,11,5,6,15,0,26,4,0,4,30
08/19/2023,BGM,NY,AEA,EN,Combined TRACON& Tower with Radar,4,1,3,0,8,0,0,33,0,33,4,1,36,0,41,6,0,6,47
08/20/2023,BGM,NY,AEA,EN,Combined TRACON& Tower with Radar,4,4,4,0,12,0,4,32,0,36,4,8,36,0,48,23,0,23,71
08/21/2023,BGM,NY,AEA,EN,Combined TRACON& Tower with Radar,3,5,10,0,18,0,3,16,0,19,3,8,26,0,37,0,0,0,37
08/22/2023,BGM,NY,AEA,EN,Combined TRACON& Tower with Radar,3,3,12,0,18,0,0,19,0,19,3,3,31,0,37,14,0,14,51
08/23/2023,BGM,NY,AEA,EN,Combined TRACON& Tower with Radar,5,2,7,0,14,0,0,21,0,21,5,2,28,0,35,28,0,28,63
08/24/2023,BGM,NY,AEA,EN,Combined TRACON& Tower with Radar,3,1,3,0,7,0,0,0,0,0,3,1,3,0,7,0,0,0,7
08/25/2023,BGM,NY,AEA,EN,Combined TRACON& Tower with Radar,3,2,1,0,6,0,0,0,0,0,3,2,1,0,6,24,0,24,30
08/26/2023,BGM,NY,AEA,EN,Combined TRACON& Tower with Radar,4,1,6,0,11,0,0,13,0,13,4,1,19,0,24,22,0,22,46
08/27/2023,BGM,NY,AEA,EN,Combined TRACON& Tower with Radar,4,0,13,0,17,0,0,16,0,16,4,0,29,0,33,10,0,10,43
08/28/2023,BGM,NY,AEA,EN,Combined TRACON& Tower with Radar,3,3,4,0,10,0,0,1,0,1,3,3,5,0,11,0,0,0,11
08/29/2023,BGM,NY,AEA,EN,Combined TRACON& Tower with Radar,3,4,15,3,25,0,5,7,0,12,3,9,22,3,37,14,0,14,51
08/30/2023,BGM,NY,AEA,EN,Combined TRACON& Tower with Radar,5,0,9,0,14,0,0,18,0,18,5,0,27,0,32,0,0,0,32
08/31/2023,BGM,NY,AEA,EN,Combined TRACON& Tower with Radar,3,1,14,0,18,0,0,37,0,37,3,1,51,0,55,60,0,60,115
