01/01/2020,BJC,CO,ANM,WE,Towers with Radar,0,17,19,0,36,0,0,19,0,19,0,17,38,0,55,0,0,0,55
01/02/2020,BJC,CO,ANM,WE,Towers with Radar,0,20,25,0,45,0,0,165,0,165,0,20,190,0,210,244,0,244,454
01/03/2020,BJC,CO,ANM,WE,Towers with Radar,0,23,35,0,58,0,0,77,0,77,0,23,112,0,135,57,0,57,192
01/04/2020,BJC,CO,ANM,WE,Towers with Radar,0,16,16,0,32,0,0,152,0,152,0,16,168,0,184,183,0,183,367
01/05/2020,BJC,CO,ANM,WE,Towers with Radar,0,17,33,0,50,0,0,235,0,235,0,17,268,0,285,312,0,312,597
01/06/2020,BJC,CO,ANM,WE,Towers with Radar,0,29,37,0,66,0,0,12,0,12,0,29,49,0,78,0,0,0,78
01/07/2020,BJC,CO,ANM,WE,Towers with Radar,0,8,31,2,41,0,0,105,2,107,0,8,136,4,148,217,0,217,365
01/08/2020,BJC,CO,ANM,WE,Towers with Radar,0,9,34,0,43,0,1,178,0,179,0,10,212,0,222,527,0,527,749
01/09/2020,BJC,CO,ANM,WE,Towers with Radar,0,18,42,2,62,0,0,193,5,198,0,18,235,7,260,320,38,358,618
01/10/2020,BJC,CO,ANM,WE,Towers with Radar,0,11,30,0,41,0,0,189,0,189,0,11,219,0,230,455,0,455,685
01/11/2020,BJC,CO,ANM,WE,Towers with Radar,0,8,21,0,29,0,0,166,0,166,0,8,187,0,195,227,0,227,422
01/12/2020,BJC,CO,ANM,WE,Towers with Radar,0,18,31,0,49,0,0,117,0,117,0,18,148,0,166,230,0,230,396
01/13/2020,BJC,CO,ANM,WE,Towers with Radar,0,12,43,4,59,0,0,97,1,98,0,12,140,5,157,148,0,148,305
01/14/2020,BJC,CO,ANM,WE,Towers with Radar,0,14,38,2,54,0,0,161,0,161,0,14,199,2,215,332,0,332,547
01/15/2020,BJC,CO,ANM,WE,Towers with Radar,0,24,57,0,81,0,2,237,2,241,0,26,294,2,322,464,12,476,798
01/16/2020,BJC,CO,ANM,WE,Towers with Radar,0,11,55,0,66,0,0,261,2,263,0,11,316,2,329,485,6,491,820
01/17/2020,BJC,CO,ANM,WE,Towers with Radar,0,21,35,0,56,0,1,35,0,36,0,22,70,0,92,113,0,113,205
01/18/2020,BJC,CO,ANM,WE,Towers with Radar,0,9,28,0,37,0,0,196,0,196,0,9,224,0,233,357,0,357,590
01/19/2020,BJC,CO,ANM,WE,Towers with Radar,0,8,24,0,32,0,0,307,2,309,0,8,331,2,341,349,0,349,690
01/20/2020,BJC,CO,ANM,WE,Towers with Radar,0,11,34,1,46,0,1,270,0,271,0,12,304,1,317,386,0,386,703
01/21/2020,BJC,CO,ANM,WE,Towers with Radar,0,17,36,0,53,0,0,246,10,256,0,17,282,10,309,490,54,544,853
01/22/2020,BJC,CO,ANM,WE,Towers with Radar,0,16,42,0,58,0,1,95,0,96,0,17,137,0,154,211,8,219,373
01/23/2020,BJC,CO,ANM,WE,Towers with Radar,0,16,38,0,54,0,2,204,0,206,0,18,242,0,260,455,0,455,715
01/24/2020,BJC,CO,ANM,WE,Towers with Radar,0,14,34,0,48,0,1,253,7,261,0,15,287,7,309,466,28,494,803
01/25/2020,BJC,CO,ANM,WE,Towers with Radar,0,8,23,0,31,0,0,160,0,160,0,8,183,0,191,258,0,258,449
01/26/2020,BJC,CO,ANM,WE,Towers with Radar,0,17,34,0,51,0,0,214,0,214,0,17,248,0,265,322,0,322,587
01/27/2020,BJC,CO,ANM,WE,Towers with Radar,0,10,30,0,40,0,0,102,0,102,0,10,132,0,142,408,0,408,550
01/28/2020,BJC,CO,ANM,WE,Towers with Radar,0,9,46,0,55,0,0,291,4,295,0,9,337,4,350,430,16,446,796
01/29/2020,BJC,CO,ANM,WE,Towers with Radar,0,20,41,0,61,0,0,133,0,133,0,20,174,0,194,343,0,343,537
01/30/2020,BJC,CO,ANM,WE,Towers with Radar,0,21,58,0,79,0,0,96,0,96,0,21,154,0,175,127,0,127,302
01/31/2020,BJC,CO,ANM,WE,Towers with Radar,0,15,38,0,53,0,3,169,0,172,0,18,207,0,225,195,0,195,420
02/01/2020,BJC,CO,ANM,WE,Towers with Radar,0,7,13,0,20,0,0,18,0,18,0,7,31,0,38,4,0,4,42
02/02/2020,BJC,CO,ANM,WE,Towers with Radar,0,14,35,2,51,0,4,193,0,197,0,18,228,2,248,263,0,263,511
02/03/2020,BJC,CO,ANM,WE,Towers with Radar,0,15,11,0,26,0,0,0,0,0,0,15,11,0,26,0,0,0,26
02/04/2020,BJC,CO,ANM,WE,Towers with Radar,0,8,28,0,36,0,0,1,0,1,0,8,29,0,37,34,0,34,71
02/05/2020,BJC,CO,ANM,WE,Towers with Radar,0,12,38,0,50,0,7,161,2,170,0,19,199,2,220,192,14,206,426
02/06/2020,BJC,CO,ANM,WE,Towers with Radar,0,23,44,0,67,0,1,129,0,130,0,24,173,0,197,166,0,166,363
02/07/2020,BJC,CO,ANM,WE,Towers with Radar,0,14,19,0,33,0,0,0,0,0,0,14,19,0,33,0,0,0,33
02/08/2020,BJC,CO,ANM,WE,Towers with Radar,0,7,29,0,36,0,0,124,0,124,0,7,153,0,160,115,0,115,275
02/09/2020,BJC,CO,ANM,WE,Towers with Radar,0,21,13,0,34,0,0,2,0,2,0,21,15,0,36,0,0,0,36
02/10/2020,BJC,CO,ANM,WE,Towers with Radar,0,28,30,0,58,0,0,67,0,67,0,28,97,0,125,105,0,105,230
02/11/2020,BJC,CO,ANM,WE,Towers with Radar,0,8,49,2,59,0,0,159,4,163,0,8,208,6,222,189,0,189,411
02/12/2020,BJC,CO,ANM,WE,Towers with Radar,0,21,47,0,68,0,0,82,0,82,0,21,129,0,150,101,0,101,251
02/13/2020,BJC,CO,ANM,WE,Towers with Radar,0,12,59,0,71,0,0,48,0,48,0,12,107,0,119,81,0,81,200
02/14/2020,BJC,CO,ANM,WE,Towers with Radar,0,12,55,0,67,0,2,146,3,151,0,14,201,3,218,198,14,212,430
02/15/2020,BJC,CO,ANM,WE,Towers with Radar,0,14,25,0,39,0,3,225,0,228,0,17,250,0,267,351,0,351,618
02/16/2020,BJC,CO,ANM,WE,Towers with Radar,0,14,25,0,39,0,1,132,0,133,0,15,157,0,172,403,0,403,575
02/17/2020,BJC,CO,ANM,WE,Towers with Radar,0,21,44,0,65,0,0,114,0,114,0,21,158,0,179,284,0,284,463
02/18/2020,BJC,CO,ANM,WE,Towers with Radar,0,20,46,0,66,0,0,214,2,216,0,20,260,2,282,470,6,476,758
02/19/2020,BJC,CO,ANM,WE,Towers with Radar,0,15,38,2,55,0,0,1,0,1,0,15,39,2,56,6,0,6,62
02/20/2020,BJC,CO,ANM,WE,Towers with Radar,0,16,45,0,61,0,0,277,5,282,0,16,322,5,343,494,7,501,844
02/21/2020,BJC,CO,ANM,WE,Towers with Radar,0,17,38,0,55,0,3,307,0,310,0,20,345,0,365,500,0,500,865
02/22/2020,BJC,CO,ANM,WE,Towers with Radar,0,10,34,0,44,0,1,201,0,202,0,11,235,0,246,280,0,280,526
02/23/2020,BJC,CO,ANM,WE,Towers with Radar,0,17,23,0,40,0,0,33,0,33,0,17,56,0,73,6,0,6,79
02/24/2020,BJC,CO,ANM,WE,Towers with Radar,0,21,31,2,54,0,0,16,0,16,0,21,47,2,70,31,0,31,101
02/25/2020,BJC,CO,ANM,WE,Towers with Radar,0,17,39,0,56,0,0,10,0,10,0,17,49,0,66,0,0,0,66
02/26/2020,BJC,CO,ANM,WE,Towers with Radar,0,22,44,0,66,0,0,268,9,277,0,22,312,9,343,282,41,323,666
02/27/2020,BJC,CO,ANM,WE,Towers with Radar,0,22,51,0,73,0,1,142,3,146,0,23,193,3,219,105,3,108,327
02/28/2020,BJC,CO,ANM,WE,Towers with Radar,0,16,42,0,58,0,4,343,17,364,0,20,385,17,422,336,35,371,793
02/29/2020,BJC,CO,ANM,WE,Towers with Radar,0,8,19,1,28,0,1,294,6,301,0,9,313,7,329,380,13,393,722
03/01/2020,BJC,CO,ANM,WE,Towers with Radar,0,13,48,0,61,0,0,89,0,89,0,13,137,0,150,176,0,176,326
03/02/2020,BJC,CO,ANM,WE,Towers with Radar,0,19,34,2,55,0,0,71,2,73,0,19,105,4,128,40,0,40,168
03/03/2020,BJC,CO,ANM,WE,Towers with Radar,0,14,35,0,49,0,0,199,8,207,0,14,234,8,256,276,48,324,580
03/04/2020,BJC,CO,ANM,WE,Towers with Radar,0,21,43,0,64,0,0,69,2,71,0,21,112,2,135,111,4,115,250
03/05/2020,BJC,CO,ANM,WE,Towers with Radar,0,25,62,0,87,0,0,295,2,297,0,25,357,2,384,413,18,431,815
03/06/2020,BJC,CO,ANM,WE,Towers with Radar,0,30,59,4,93,0,0,266,1,267,0,30,325,5,360,465,9,474,834
03/07/2020,BJC,CO,ANM,WE,Towers with Radar,0,19,25,0,44,0,0,207,0,207,0,19,232,0,251,243,0,243,494
03/08/2020,BJC,CO,ANM,WE,Towers with Radar,0,28,53,0,81,0,0,147,2,149,0,28,200,2,230,315,0,315,545
03/09/2020,BJC,CO,ANM,WE,Towers with Radar,0,17,34,0,51,0,0,143,0,143,0,17,177,0,194,273,0,273,467
03/10/2020,BJC,CO,ANM,WE,Towers with Radar,0,18,33,0,51,0,0,122,2,124,0,18,155,2,175,190,0,190,365
03/11/2020,BJC,CO,ANM,WE,Towers with Radar,0,20,41,0,61,0,1,45,0,46,0,21,86,0,107,14,0,14,121
03/12/2020,BJC,CO,ANM,WE,Towers with Radar,0,25,41,0,66,0,3,140,0,143,0,28,181,0,209,454,0,454,663
03/13/2020,BJC,CO,ANM,WE,Towers with Radar,0,21,30,0,51,0,0,4,0,4,0,21,34,0,55,56,0,56,111
03/14/2020,BJC,CO,ANM,WE,Towers with Radar,0,16,53,0,69,0,0,36,0,36,0,16,89,0,105,168,0,168,273
03/15/2020,BJC,CO,ANM,WE,Towers with Radar,0,18,35,0,53,0,0,150,0,150,0,18,185,0,203,359,0,359,562
03/16/2020,BJC,CO,ANM,WE,Towers with Radar,0,15,32,0,47,0,1,251,0,252,0,16,283,0,299,324,0,324,623
03/17/2020,BJC,CO,ANM,WE,Towers with Radar,0,12,30,0,42,0,0,95,0,95,0,12,125,0,137,297,0,297,434
03/18/2020,BJC,CO,ANM,WE,Towers with Radar,0,18,28,1,47,0,1,207,2,210,0,19,235,3,257,417,15,432,689
03/19/2020,BJC,CO,ANM,WE,Towers with Radar,0,6,5,0,11,0,0,0,0,0,0,6,5,0,11,0,0,0,11
03/20/2020,BJC,CO,ANM,WE,Towers with Radar,0,8,14,0,22,0,0,0,0,0,0,8,14,0,22,0,0,0,22
03/21/2020,BJC,CO,ANM,WE,Towers with Radar,0,6,12,0,18,0,0,151,0,151,0,6,163,0,169,547,0,547,716
03/22/2020,BJC,CO,ANM,WE,Towers with Radar,0,4,15,0,19,0,0,142,0,142,0,4,157,0,161,393,0,393,554
03/23/2020,BJC,CO,ANM,WE,Towers with Radar,0,3,30,0,33,0,0,171,2,173,0,3,201,2,206,442,8,450,656
03/24/2020,BJC,CO,ANM,WE,Towers with Radar,0,9,14,2,25,0,2,158,4,164,0,11,172,6,189,257,0,257,446
03/25/2020,BJC,CO,ANM,WE,Towers with Radar,0,1,14,0,15,0,1,93,0,94,0,2,107,0,109,252,0,252,361
03/26/2020,BJC,CO,ANM,WE,Towers with Radar,0,8,29,0,37,0,0,57,0,57,0,8,86,0,94,107,0,107,201
03/27/2020,BJC,CO,ANM,WE,Towers with Radar,0,7,4,0,11,0,0,0,0,0,0,7,4,0,11,53,0,53,64
03/28/2020,BJC,CO,ANM,WE,Towers with Radar,0,10,10,0,20,0,0,14,0,14,0,10,24,0,34,0,0,0,34
03/29/2020,BJC,CO,ANM,WE,Towers with Radar,0,9,19,0,28,0,4,141,0,145,0,13,160,0,173,128,0,128,301
03/30/2020,BJC,CO,ANM,WE,Towers with Radar,0,5,6,0,11,0,0,63,0,63,0,5,69,0,74,150,0,150,224
03/31/2020,BJC,CO,ANM,WE,Towers with Radar,0,4,15,0,19,0,0,66,0,66,0,4,81,0,85,143,0,143,228
04/01/2020,BJC,CO,ANM,WE,Towers with Radar,0,0,30,0,30,0,0,130,0,130,0,0,160,0,160,222,0,222,382
04/02/2020,BJC,CO,ANM,WE,Towers with Radar,0,2,4,0,6,0,0,0,0,0,0,2,4,0,6,0,0,0,6
04/03/2020,BJC,CO,ANM,WE,Towers with Radar,0,4,19,0,23,0,0,29,0,29,0,4,48,0,52,21,0,21,73
04/04/2020,BJC,CO,ANM,WE,Towers with Radar,0,6,8,0,14,0,0,120,3,123,0,6,128,3,137,174,2,176,313
04/05/2020,BJC,CO,ANM,WE,Towers with Radar,0,3,5,0,8,0,0,79,0,79,0,3,84,0,87,100,0,100,187
04/06/2020,BJC,CO,ANM,WE,Towers with Radar,0,2,6,1,9,0,0,95,7,102,0,2,101,8,111,117,22,139,250
04/07/2020,BJC,CO,ANM,WE,Towers with Radar,0,0,16,0,16,0,3,66,2,71,0,3,82,2,87,98,12,110,197
04/08/2020,BJC,CO,ANM,WE,Towers with Radar,0,3,15,0,18,0,0,113,2,115,0,3,128,2,133,100,0,100,233
04/09/2020,BJC,CO,ANM,WE,Towers with Radar,0,7,8,0,15,0,0,83,6,89,0,7,91,6,104,136,10,146,250
04/10/2020,BJC,CO,ANM,WE,Towers with Radar,0,10,17,0,27,0,0,78,2,80,0,10,95,2,107,80,0,80,187
04/11/2020,BJC,CO,ANM,WE,Towers with Radar,0,7,6,0,13,0,0,71,0,71,0,7,77,0,84,99,0,99,183
04/12/2020,BJC,CO,ANM,WE,Towers with Radar,0,4,3,0,7,0,0,0,0,0,0,4,3,0,7,0,0,0,7
04/13/2020,BJC,CO,ANM,WE,Towers with Radar,0,5,8,0,13,0,0,0,0,0,0,5,8,0,13,0,0,0,13
04/14/2020,BJC,CO,ANM,WE,Towers with Radar,0,5,15,0,20,0,0,45,2,47,0,5,60,2,67,94,6,100,167
04/15/2020,BJC,CO,ANM,WE,Towers with Radar,0,8,12,0,20,0,0,60,0,60,0,8,72,0,80,34,0,34,114
04/16/2020,BJC,CO,ANM,WE,Towers with Radar,0,0,5,0,5,0,0,0,0,0,0,0,5,0,5,0,0,0,5
04/17/2020,BJC,CO,ANM,WE,Towers with Radar,0,6,17,0,23,0,0,81,2,83,0,6,98,2,106,146,4,150,256
04/18/2020,BJC,CO,ANM,WE,Towers with Radar,0,3,18,0,21,0,0,78,0,78,0,3,96,0,99,95,0,95,194
04/19/2020,BJC,CO,ANM,WE,Towers with Radar,0,0,9,0,9,0,0,102,0,102,0,0,111,0,111,36,0,36,147
04/20/2020,BJC,CO,ANM,WE,Towers with Radar,0,4,26,0,30,2,0,110,0,112,2,4,136,0,142,152,0,152,294
04/21/2020,BJC,CO,ANM,WE,Towers with Radar,0,5,11,0,16,0,1,98,0,99,0,6,109,0,115,166,0,166,281
04/22/2020,BJC,CO,ANM,WE,Towers with Radar,0,5,22,4,31,0,0,70,5,75,0,5,92,9,106,70,6,76,182
04/23/2020,BJC,CO,ANM,WE,Towers with Radar,0,2,17,2,21,0,2,61,4,67,0,4,78,6,88,52,2,54,142
04/24/2020,BJC,CO,ANM,WE,Towers with Radar,0,5,17,0,22,0,0,33,0,33,0,5,50,0,55,61,0,61,116
04/25/2020,BJC,CO,ANM,WE,Towers with Radar,0,2,12,0,14,0,2,129,0,131,0,4,141,0,145,108,0,108,253
04/26/2020,BJC,CO,ANM,WE,Towers with Radar,0,9,15,0,24,0,2,72,0,74,0,11,87,0,98,153,0,153,251
04/27/2020,BJC,CO,ANM,WE,Towers with Radar,0,10,18,1,29,0,10,153,6,169,0,20,171,7,198,283,0,283,481
04/28/2020,BJC,CO,ANM,WE,Towers with Radar,0,4,22,0,26,0,0,59,13,72,0,4,81,13,98,56,0,56,154
04/29/2020,BJC,CO,ANM,WE,Towers with Radar,0,8,17,0,25,0,1,253,25,279,0,9,270,25,304,266,4,270,574
04/30/2020,BJC,CO,ANM,WE,Towers with Radar,0,5,13,0,18,0,2,150,15,167,0,7,163,15,185,260,0,260,445
05/01/2020,BJC,CO,ANM,WE,Towers with Radar,0,18,28,3,49,0,1,153,2,156,0,19,181,5,205,171,8,179,384
05/02/2020,BJC,CO,ANM,WE,Towers with Radar,0,8,34,0,42,0,0,20,0,20,0,8,54,0,62,36,0,36,98
05/03/2020,BJC,CO,ANM,WE,Towers with Radar,0,6,23,0,29,0,0,154,0,154,0,6,177,0,183,349,0,349,532
05/04/2020,BJC,CO,ANM,WE,Towers with Radar,0,6,21,0,27,0,0,45,0,45,0,6,66,0,72,88,0,88,160
05/05/2020,BJC,CO,ANM,WE,Towers with Radar,0,3,20,1,24,0,2,191,6,199,0,5,211,7,223,452,19,471,694
05/06/2020,BJC,CO,ANM,WE,Towers with Radar,0,12,33,0,45,0,1,226,2,229,0,13,259,2,274,354,3,357,631
05/07/2020,BJC,CO,ANM,WE,Towers with Radar,0,2,18,0,20,0,1,81,2,84,0,3,99,2,104,81,4,85,189
05/08/2020,BJC,CO,ANM,WE,Towers with Radar,0,17,40,6,63,0,4,154,2,160,0,21,194,8,223,401,6,407,630
05/09/2020,BJC,CO,ANM,WE,Towers with Radar,0,8,20,0,28,0,0,95,0,95,0,8,115,0,123,170,0,170,293
05/10/2020,BJC,CO,ANM,WE,Towers with Radar,0,4,15,0,19,0,1,173,0,174,0,5,188,0,193,347,0,347,540
05/11/2020,BJC,CO,ANM,WE,Towers with Radar,0,4,24,0,28,0,0,39,0,39,0,4,63,0,67,234,0,234,301
05/12/2020,BJC,CO,ANM,WE,Towers with Radar,0,13,61,0,74,0,0,164,2,166,0,13,225,2,240,398,8,406,646
05/13/2020,BJC,CO,ANM,WE,Towers with Radar,0,8,34,0,42,0,4,240,2,246,0,12,274,2,288,426,6,432,720
05/14/2020,BJC,CO,ANM,WE,Towers with Radar,0,8,30,0,38,0,0,151,0,151,0,8,181,0,189,279,12,291,480
05/15/2020,BJC,CO,ANM,WE,Towers with Radar,0,7,33,0,40,0,0,138,0,138,0,7,171,0,178,196,0,196,374
05/16/2020,BJC,CO,ANM,WE,Towers with Radar,0,9,23,0,32,0,0,261,0,261,0,9,284,0,293,523,0,523,816
05/17/2020,BJC,CO,ANM,WE,Towers with Radar,0,8,25,0,33,0,0,278,0,278,0,8,303,0,311,562,0,562,873
05/18/2020,BJC,CO,ANM,WE,Towers with Radar,0,9,24,0,33,0,0,264,0,264,0,9,288,0,297,438,0,438,735
05/19/2020,BJC,CO,ANM,WE,Towers with Radar,0,26,31,0,57,0,0,178,0,178,0,26,209,0,235,221,0,221,456
05/20/2020,BJC,CO,ANM,WE,Towers with Radar,0,14,24,0,38,0,0,87,0,87,0,14,111,0,125,213,0,213,338
05/21/2020,BJC,CO,ANM,WE,Towers with Radar,0,8,45,0,53,0,0,269,5,274,0,8,314,5,327,369,16,385,712
05/22/2020,BJC,CO,ANM,WE,Towers with Radar,0,19,52,0,71,0,0,285,0,285,0,19,337,0,356,412,0,412,768
05/23/2020,BJC,CO,ANM,WE,Towers with Radar,0,13,28,0,41,0,1,235,0,236,0,14,263,0,277,483,0,483,760
05/24/2020,BJC,CO,ANM,WE,Towers with Radar,0,14,20,0,34,0,0,47,0,47,0,14,67,0,81,175,0,175,256
05/25/2020,BJC,CO,ANM,WE,Towers with Radar,0,18,29,0,47,0,0,249,2,251,0,18,278,2,298,379,0,379,677
05/26/2020,BJC,CO,ANM,WE,Towers with Radar,0,14,49,0,63,0,0,278,0,278,0,14,327,0,341,582,0,582,923
05/27/2020,BJC,CO,ANM,WE,Towers with Radar,0,15,45,2,62,0,1,221,2,224,0,16,266,4,286,388,0,388,674
05/28/2020,BJC,CO,ANM,WE,Towers with Radar,0,3,99,0,102,0,1,191,2,194,0,4,290,2,296,566,0,566,862
05/29/2020,BJC,CO,ANM,WE,Towers with Radar,0,8,48,0,56,0,2,329,1,332,0,10,377,1,388,631,8,639,1027
05/30/2020,BJC,CO,ANM,WE,Towers with Radar,0,7,23,0,30,0,3,266,0,269,0,10,289,0,299,314,0,314,613
05/31/2020,BJC,CO,ANM,WE,Towers with Radar,0,13,31,0,44,0,0,227,2,229,0,13,258,2,273,570,0,570,843
06/01/2020,BJC,CO,ANM,WE,Towers with Radar,0,14,34,2,50,0,0,198,2,200,0,14,232,4,250,480,2,482,732
06/02/2020,BJC,CO,ANM,WE,Towers with Radar,0,9,36,0,45,0,1,202,4,207,0,10,238,4,252,400,14,414,666
06/03/2020,BJC,CO,ANM,WE,Towers with Radar,0,12,40,0,52,0,1,307,1,309,0,13,347,1,361,394,23,417,778
06/04/2020,BJC,CO,ANM,WE,Towers with Radar,0,7,46,2,55,0,1,218,7,226,0,8,264,9,281,347,18,365,646
06/05/2020,BJC,CO,ANM,WE,Towers with Radar,0,13,39,2,54,0,17,316,4,337,0,30,355,6,391,472,20,492,883
06/06/2020,BJC,CO,ANM,WE,Towers with Radar,0,7,18,0,25,0,1,46,0,47,0,8,64,0,72,88,0,88,160
06/07/2020,BJC,CO,ANM,WE,Towers with Radar,0,9,25,0,34,0,2,176,0,178,0,11,201,0,212,258,0,258,470
06/08/2020,BJC,CO,ANM,WE,Towers with Radar,0,11,36,0,47,0,0,230,12,242,0,11,266,12,289,456,61,517,806
06/09/2020,BJC,CO,ANM,WE,Towers with Radar,1,13,46,0,60,0,0,38,0,38,1,13,84,0,98,81,0,81,179
06/10/2020,BJC,CO,ANM,WE,Towers with Radar,0,15,58,0,73,0,0,340,0,340,0,15,398,0,413,494,0,494,907
06/11/2020,BJC,CO,ANM,WE,Towers with Radar,0,15,38,0,53,0,4,292,3,299,0,19,330,3,352,709,7,716,1068
06/12/2020,BJC,CO,ANM,WE,Towers with Radar,0,25,43,0,68,0,0,330,5,335,0,25,373,5,403,650,38,688,1091
06/13/2020,BJC,CO,ANM,WE,Towers with Radar,0,12,20,0,32,0,2,215,2,219,0,14,235,2,251,598,0,598,849
06/14/2020,BJC,CO,ANM,WE,Towers with Radar,0,18,37,0,55,2,2,126,0,130,2,20,163,0,185,233,0,233,418
06/15/2020,BJC,CO,ANM,WE,Towers with Radar,0,18,52,0,70,0,1,270,5,276,0,19,322,5,346,592,9,601,947
06/16/2020,BJC,CO,ANM,WE,Towers with Radar,0,27,41,0,68,2,3,250,0,255,2,30,291,0,323,532,0,532,855
06/17/2020,BJC,CO,ANM,WE,Towers with Radar,0,23,49,1,73,0,6,262,9,277,0,29,311,10,350,507,34,541,891
06/18/2020,BJC,CO,ANM,WE,Towers with Radar,0,17,46,0,63,0,2,311,2,315,0,19,357,2,378,440,10,450,828
06/19/2020,BJC,CO,ANM,WE,Towers with Radar,0,24,51,1,76,0,0,89,0,89,0,24,140,1,165,294,2,296,461
06/20/2020,BJC,CO,ANM,WE,Towers with Radar,0,12,30,0,42,0,4,355,1,360,0,16,385,1,402,630,0,630,1032
06/21/2020,BJC,CO,ANM,WE,Towers with Radar,0,24,19,0,43,0,5,131,1,137,0,29,150,1,180,118,0,118,298
06/22/2020,BJC,CO,ANM,WE,Towers with Radar,0,11,47,0,58,0,0,267,2,269,0,11,314,2,327,651,1,652,979
06/23/2020,BJC,CO,ANM,WE,Towers with Radar,0,14,42,7,63,0,1,302,0,303,0,15,344,7,366,524,0,524,890
06/24/2020,BJC,CO,ANM,WE,Towers with Radar,0,25,56,0,81,0,2,292,0,294,0,27,348,0,375,501,0,501,876
06/25/2020,BJC,CO,ANM,WE,Towers with Radar,0,13,50,2,65,0,2,246,6,254,0,15,296,8,319,467,38,505,824
06/26/2020,BJC,CO,ANM,WE,Towers with Radar,0,15,27,0,42,0,6,245,8,259,0,21,272,8,301,526,35,561,862
06/27/2020,BJC,CO,ANM,WE,Towers with Radar,0,10,18,0,28,1,0,231,0,232,1,10,249,0,260,407,0,407,667
06/28/2020,BJC,CO,ANM,WE,Towers with Radar,0,19,39,0,58,2,3,218,0,223,2,22,257,0,281,314,0,314,595
06/29/2020,BJC,CO,ANM,WE,Towers with Radar,0,17,63,0,80,24,8,246,0,278,24,25,309,0,358,563,0,563,921
06/30/2020,BJC,CO,ANM,WE,Towers with Radar,0,25,44,0,69,0,2,207,0,209,0,27,251,0,278,331,0,331,609
07/01/2020,BJC,CO,ANM,WE,Towers with Radar,0,21,58,2,81,1,3,271,5,280,1,24,329,7,361,455,32,487,848
07/02/2020,BJC,CO,ANM,WE,Towers with Radar,0,15,52,0,67,0,3,323,7,333,0,18,375,7,400,401,46,447,847
07/03/2020,BJC,CO,ANM,WE,Towers with Radar,0,13,41,0,54,0,5,288,0,293,0,18,329,0,347,509,0,509,856
07/04/2020,BJC,CO,ANM,WE,Towers with Radar,0,2,13,0,15,2,4,150,0,156,2,6,163,0,171,206,0,206,377
07/05/2020,BJC,CO,ANM,WE,Towers with Radar,0,8,37,0,45,7,0,150,0,157,7,8,187,0,202,250,0,250,452
07/06/2020,BJC,CO,ANM,WE,Towers with Radar,0,22,35,0,57,0,2,179,6,187,0,24,214,6,244,320,26,346,590
07/07/2020,BJC,CO,ANM,WE,Towers with Radar,0,26,38,0,64,1,0,168,3,172,1,26,206,3,236,253,10,263,499
07/08/2020,BJC,CO,ANM,WE,Towers with Radar,0,14,44,2,60,5,2,256,5,268,5,16,300,7,328,502,25,527,855
07/09/2020,BJC,CO,ANM,WE,Towers with Radar,0,20,33,0,53,1,3,179,11,194,1,23,212,11,247,546,100,646,893
07/10/2020,BJC,CO,ANM,WE,Towers with Radar,0,14,29,1,44,0,6,243,10,259,0,20,272,11,303,437,43,480,783
07/11/2020,BJC,CO,ANM,WE,Towers with Radar,0,5,22,0,27,10,2,272,0,284,10,7,294,0,311,558,0,558,869
07/12/2020,BJC,CO,ANM,WE,Towers with Radar,0,17,35,0,52,0,5,165,0,170,0,22,200,0,222,309,0,309,531
07/13/2020,BJC,CO,ANM,WE,Towers with Radar,0,25,51,0,76,12,1,179,16,208,12,26,230,16,284,353,32,385,669
07/14/2020,BJC,CO,ANM,WE,Towers with Radar,0,28,41,1,70,5,2,248,3,258,5,30,289,4,328,164,9,173,501
07/15/2020,BJC,CO,ANM,WE,Towers with Radar,0,13,83,0,96,1,1,162,0,164,1,14,245,0,260,299,0,299,559
07/16/2020,BJC,CO,ANM,WE,Towers with Radar,0,10,30,0,40,4,0,232,0,236,4,10,262,0,276,159,0,159,435
07/17/2020,BJC,CO,ANM,WE,Towers with Radar,0,21,34,0,55,0,1,265,9,275,0,22,299,9,330,136,7,143,473
07/18/2020,BJC,CO,ANM,WE,Towers with Radar,0,13,23,0,36,0,2,208,0,210,0,15,231,0,246,346,0,346,592
07/19/2020,BJC,CO,ANM,WE,Towers with Radar,0,17,50,0,67,4,1,136,0,141,4,18,186,0,208,172,0,172,380
07/20/2020,BJC,CO,ANM,WE,Towers with Radar,0,10,21,2,33,18,0,216,8,242,18,10,237,10,275,380,20,400,675
07/21/2020,BJC,CO,ANM,WE,Towers with Radar,0,17,46,1,64,0,14,181,5,200,0,31,227,6,264,389,12,401,665
07/22/2020,BJC,CO,ANM,WE,Towers with Radar,0,18,45,1,64,0,2,230,3,235,0,20,275,4,299,396,14,410,709
07/23/2020,BJC,CO,ANM,WE,Towers with Radar,0,21,52,4,77,0,9,240,16,265,0,30,292,20,342,491,56,547,889
07/24/2020,BJC,CO,ANM,WE,Towers with Radar,0,21,56,2,79,0,1,249,3,253,0,22,305,5,332,287,38,325,657
07/25/2020,BJC,CO,ANM,WE,Towers with Radar,0,21,38,0,59,5,0,249,0,254,5,21,287,0,313,429,0,429,742
07/26/2020,BJC,CO,ANM,WE,Towers with Radar,0,16,35,3,54,3,1,175,1,180,3,17,210,4,234,409,0,409,643
07/27/2020,BJC,CO,ANM,WE,Towers with Radar,0,20,50,2,72,0,2,229,11,242,0,22,279,13,314,711,44,755,1069
07/28/2020,BJC,CO,ANM,WE,Towers with Radar,0,23,32,0,55,1,16,192,0,209,1,39,224,0,264,585,0,585,849
07/29/2020,BJC,CO,ANM,WE,Towers with Radar,0,26,43,0,69,0,9,132,4,145,0,35,175,4,214,327,23,350,564
07/30/2020,BJC,CO,ANM,WE,Towers with Radar,0,26,44,1,71,0,3,220,4,227,0,29,264,5,298,335,4,339,637
07/31/2020,BJC,CO,ANM,WE,Towers with Radar,0,22,37,0,59,0,2,261,8,271,0,24,298,8,330,311,60,371,701
08/01/2020,BJC,CO,ANM,WE,Towers with Radar,0,13,30,0,43,0,2,198,1,201,0,15,228,1,244,355,0,355,599
08/02/2020,BJC,CO,ANM,WE,Towers with Radar,0,32,33,0,65,1,1,178,0,180,1,33,211,0,245,189,0,189,434
08/03/2020,BJC,CO,ANM,WE,Towers with Radar,0,14,56,0,70,0,2,200,2,204,0,16,256,2,274,334,0,334,608
08/04/2020,BJC,CO,ANM,WE,Towers with Radar,0,30,52,0,82,3,4,197,4,208,3,34,249,4,290,453,8,461,751
08/05/2020,BJC,CO,ANM,WE,Towers with Radar,0,21,39,0,60,0,1,202,2,205,0,22,241,2,265,449,0,449,714
08/06/2020,BJC,CO,ANM,WE,Towers with Radar,0,15,58,0,73,0,0,272,2,274,0,15,330,2,347,371,0,371,718
08/07/2020,BJC,CO,ANM,WE,Towers with Radar,0,25,45,1,71,0,2,255,4,261,0,27,300,5,332,443,18,461,793
08/08/2020,BJC,CO,ANM,WE,Towers with Radar,0,22,29,0,51,1,4,276,2,283,1,26,305,2,334,338,0,338,672
08/09/2020,BJC,CO,ANM,WE,Towers with Radar,0,30,24,0,54,2,2,188,0,192,2,32,212,0,246,378,0,378,624
08/10/2020,BJC,CO,ANM,WE,Towers with Radar,0,19,42,0,61,0,1,245,2,248,0,20,287,2,309,471,6,477,786
08/11/2020,BJC,CO,ANM,WE,Towers with Radar,0,23,41,2,66,13,2,258,3,276,13,25,299,5,342,406,4,410,752
08/12/2020,BJC,CO,ANM,WE,Towers with Radar,0,16,55,6,77,27,0,247,1,275,27,16,302,7,352,435,21,456,808
08/13/2020,BJC,CO,ANM,WE,Towers with Radar,0,20,58,1,79,6,14,301,2,323,6,34,359,3,402,533,8,541,943
08/14/2020,BJC,CO,ANM,WE,Towers with Radar,0,24,51,0,75,57,4,260,5,326,57,28,311,5,401,389,14,403,804
08/15/2020,BJC,CO,ANM,WE,Towers with Radar,0,25,38,0,63,71,3,295,1,370,71,28,333,1,433,394,0,394,827
08/16/2020,BJC,CO,ANM,WE,Towers with Radar,0,31,50,1,82,42,2,177,2,223,42,33,227,3,305,534,0,534,839
08/17/2020,BJC,CO,ANM,WE,Towers with Radar,0,27,60,3,90,2,6,245,9,262,2,33,305,12,352,441,27,468,820
08/18/2020,BJC,CO,ANM,WE,Towers with Radar,0,26,48,0,74,1,5,199,9,214,1,31,247,9,288,341,39,380,668
08/19/2020,BJC,CO,ANM,WE,Towers with Radar,0,25,47,0,72,7,7,245,4,263,7,32,292,4,335,217,71,288,623
08/20/2020,BJC,CO,ANM,WE,Towers with Radar,0,43,56,2,101,0,4,182,0,186,0,47,238,2,287,422,15,437,724
08/21/2020,BJC,CO,ANM,WE,Towers with Radar,0,33,57,2,92,57,2,261,22,342,57,35,318,24,434,523,62,585,1019
08/22/2020,BJC,CO,ANM,WE,Towers with Radar,0,28,38,0,66,25,0,195,2,222,25,28,233,2,288,491,0,491,779
08/23/2020,BJC,CO,ANM,WE,Towers with Radar,0,32,39,0,71,12,6,194,0,212,12,38,233,0,283,413,0,413,696
08/24/2020,BJC,CO,ANM,WE,Towers with Radar,0,23,38,0,61,0,3,209,12,224,0,26,247,12,285,405,30,435,720
08/25/2020,BJC,CO,ANM,WE,Towers with Radar,0,16,22,0,38,6,7,195,3,211,6,23,217,3,249,374,22,396,645
08/26/2020,BJC,CO,ANM,WE,Towers with Radar,0,19,35,0,54,0,1,183,5,189,0,20,218,5,243,243,18,261,504
08/27/2020,BJC,CO,ANM,WE,Towers with Radar,0,16,49,1,66,6,2,216,3,227,6,18,265,4,293,390,22,412,705
08/28/2020,BJC,CO,ANM,WE,Towers with Radar,0,12,43,2,57,1,2,217,0,220,1,14,260,2,277,308,0,308,585
08/29/2020,BJC,CO,ANM,WE,Towers with Radar,0,16,41,0,57,0,1,161,0,162,0,17,202,0,219,323,0,323,542
08/30/2020,BJC,CO,ANM,WE,Towers with Radar,0,12,20,0,32,4,1,116,0,121,4,13,136,0,153,225,0,225,378
08/31/2020,BJC,CO,ANM,WE,Towers with Radar,0,12,42,2,56,0,2,157,0,159,0,14,199,2,215,388,0,388,603
09/01/2020,BJC,CO,ANM,WE,Towers with Radar,0,15,37,6,58,0,1,245,4,250,0,16,282,10,308,520,0,520,828
09/02/2020,BJC,CO,ANM,WE,Towers with Radar,0,27,40,0,67,2,4,242,0,248,2,31,282,0,315,432,0,432,747
09/03/2020,BJC,CO,ANM,WE,Towers with Radar,0,23,48,0,71,0,2,257,2,261,0,25,305,2,332,395,0,395,727
09/04/2020,BJC,CO,ANM,WE,Towers with Radar,0,15,35,0,50,0,0,310,0,310,0,15,345,0,360,720,0,720,1080
09/05/2020,BJC,CO,ANM,WE,Towers with Radar,0,7,29,0,36,15,0,253,0,268,15,7,282,0,304,342,0,342,646
09/06/2020,BJC,CO,ANM,WE,Towers with Radar,0,13,23,0,36,2,0,120,1,123,2,13,143,1,159,179,0,179,338
09/07/2020,BJC,CO,ANM,WE,Towers with Radar,0,19,59,0,78,0,5,143,0,148,0,24,202,0,226,353,0,353,579
09/08/2020,BJC,CO,ANM,WE,Towers with Radar,0,12,12,0,24,0,0,0,0,0,0,12,12,0,24,0,0,0,24
09/09/2020,BJC,CO,ANM,WE,Towers with Radar,0,14,41,0,55,0,0,17,0,17,0,14,58,0,72,24,0,24,96
09/10/2020,BJC,CO,ANM,WE,Towers with Radar,1,15,48,0,64,0,0,67,0,67,1,15,115,0,131,335,0,335,466
09/11/2020,BJC,CO,ANM,WE,Towers with Radar,0,23,54,1,78,0,17,189,1,207,0,40,243,2,285,421,33,454,739
09/12/2020,BJC,CO,ANM,WE,Towers with Radar,0,19,30,0,49,0,0,490,2,492,0,19,520,2,541,656,8,664,1205
09/13/2020,BJC,CO,ANM,WE,Towers with Radar,0,18,41,3,62,0,14,257,0,271,0,32,298,3,333,563,0,563,896
09/14/2020,BJC,CO,ANM,WE,Towers with Radar,0,24,48,4,76,1,3,230,4,238,1,27,278,8,314,437,12,449,763
09/15/2020,BJC,CO,ANM,WE,Towers with Radar,0,25,49,0,74,0,6,259,4,269,0,31,308,4,343,407,19,426,769
09/16/2020,BJC,CO,ANM,WE,Towers with Radar,0,26,72,0,98,0,3,240,12,255,0,29,312,12,353,477,17,494,847
09/17/2020,BJC,CO,ANM,WE,Towers with Radar,0,25,58,0,83,0,7,204,7,218,0,32,262,7,301,340,50,390,691
09/18/2020,BJC,CO,ANM,WE,Towers with Radar,0,22,61,0,83,0,15,191,3,209,0,37,252,3,292,512,30,542,834
09/19/2020,BJC,CO,ANM,WE,Towers with Radar,0,22,32,2,56,0,23,255,0,278,0,45,287,2,334,388,0,388,722
09/20/2020,BJC,CO,ANM,WE,Towers with Radar,0,31,42,2,75,49,6,216,0,271,49,37,258,2,346,265,0,265,611
09/21/2020,BJC,CO,ANM,WE,Towers with Radar,0,28,41,3,72,59,17,226,12,314,59,45,267,15,386,205,94,299,685
09/22/2020,BJC,CO,ANM,WE,Towers with Radar,0,21,42,0,63,70,4,194,8,276,70,25,236,8,339,380,50,430,769
09/23/2020,BJC,CO,ANM,WE,Towers with Radar,0,25,58,0,83,0,14,290,14,318,0,39,348,14,401,592,58,650,1051
09/24/2020,BJC,CO,ANM,WE,Towers with Radar,0,21,51,0,72,76,5,255,0,336,76,26,306,0,408,473,0,473,881
09/25/2020,BJC,CO,ANM,WE,Towers with Radar,0,24,40,3,67,49,8,299,2,358,49,32,339,5,425,443,2,445,870
09/26/2020,BJC,CO,ANM,WE,Towers with Radar,0,11,28,1,40,0,18,88,0,106,0,29,116,1,146,243,0,243,389
09/27/2020,BJC,CO,ANM,WE,Towers with Radar,0,21,38,4,63,5,2,87,0,94,5,23,125,4,157,99,0,99,256
09/28/2020,BJC,CO,ANM,WE,Towers with Radar,0,12,46,1,59,49,1,203,4,257,49,13,249,5,316,402,12,414,730
09/29/2020,BJC,CO,ANM,WE,Towers with Radar,0,24,38,0,62,71,16,247,2,336,71,40,285,2,398,531,12,543,941
09/30/2020,BJC,CO,ANM,WE,Towers with Radar,0,23,49,0,72,22,22,212,2,258,22,45,261,2,330,461,0,461,791
10/01/2020,BJC,CO,ANM,WE,Towers with Radar,1,26,60,0,87,53,7,276,0,336,54,33,336,0,423,460,0,460,883
10/02/2020,BJC,CO,ANM,WE,Towers with Radar,0,12,63,1,76,27,2,160,1,190,27,14,223,2,266,477,8,485,751
10/03/2020,BJC,CO,ANM,WE,Towers with Radar,0,9,37,0,46,2,2,271,0,275,2,11,308,0,321,454,0,454,775
10/04/2020,BJC,CO,ANM,WE,Towers with Radar,0,16,48,1,65,0,6,210,0,216,0,22,258,1,281,371,0,371,652
10/05/2020,BJC,CO,ANM,WE,Towers with Radar,0,22,41,1,64,5,4,147,4,160,5,26,188,5,224,359,0,359,583
10/06/2020,BJC,CO,ANM,WE,Towers with Radar,0,21,48,3,72,8,72,239,8,327,8,93,287,11,399,580,6,586,985
10/07/2020,BJC,CO,ANM,WE,Towers with Radar,0,24,46,4,74,16,32,250,2,300,16,56,296,6,374,518,6,524,898
10/08/2020,BJC,CO,ANM,WE,Towers with Radar,0,38,54,3,95,17,63,196,2,278,17,101,250,5,373,603,2,605,978
10/09/2020,BJC,CO,ANM,WE,Towers with Radar,0,35,54,1,90,13,53,298,15,379,13,88,352,16,469,402,54,456,925
10/10/2020,BJC,CO,ANM,WE,Towers with Radar,0,14,46,0,60,17,73,277,1,368,17,87,323,1,428,575,0,575,1003
10/11/2020,BJC,CO,ANM,WE,Towers with Radar,0,15,37,0,52,0,4,22,0,26,0,19,59,0,78,6,0,6,84
10/12/2020,BJC,CO,ANM,WE,Towers with Radar,0,29,40,2,71,0,0,44,0,44,0,29,84,2,115,51,0,51,166
10/13/2020,BJC,CO,ANM,WE,Towers with Radar,0,20,48,0,68,0,42,198,12,252,0,62,246,12,320,447,2,449,769
10/14/2020,BJC,CO,ANM,WE,Towers with Radar,0,19,29,0,48,0,1,18,2,21,0,20,47,2,69,62,0,62,131
10/15/2020,BJC,CO,ANM,WE,Towers with Radar,0,53,53,6,112,63,93,167,12,335,63,146,220,18,447,408,52,460,907
10/16/2020,BJC,CO,ANM,WE,Towers with Radar,0,20,41,2,63,61,50,174,8,293,61,70,215,10,356,466,9,475,831
10/17/2020,BJC,CO,ANM,WE,Towers with Radar,0,20,23,0,43,57,30,31,0,118,57,50,54,0,161,126,0,126,287
10/18/2020,BJC,CO,ANM,WE,Towers with Radar,0,30,51,1,82,37,14,38,0,89,37,44,89,1,171,78,0,78,249
10/19/2020,BJC,CO,ANM,WE,Towers with Radar,0,17,53,1,71,50,22,135,10,217,50,39,188,11,288,461,20,481,769
10/20/2020,BJC,CO,ANM,WE,Towers with Radar,0,13,62,1,76,35,19,65,4,123,35,32,127,5,199,214,22,236,435
10/21/2020,BJC,CO,ANM,WE,Towers with Radar,0,14,37,2,53,0,18,235,14,267,0,32,272,16,320,511,44,555,875
10/22/2020,BJC,CO,ANM,WE,Towers with Radar,2,26,58,5,91,0,0,0,0,0,2,26,58,5,91,0,0,0,91
10/23/2020,BJC,CO,ANM,WE,Towers with Radar,0,13,66,2,81,0,2,36,0,38,0,15,102,2,119,171,0,171,290
10/24/2020,BJC,CO,ANM,WE,Towers with Radar,1,6,18,1,26,0,8,136,0,144,1,14,154,1,170,362,0,362,532
10/25/2020,BJC,CO,ANM,WE,Towers with Radar,0,7,10,0,17,0,0,0,0,0,0,7,10,0,17,0,0,0,17
10/26/2020,BJC,CO,ANM,WE,Towers with Radar,0,20,36,0,56,0,7,15,0,22,0,27,51,0,78,84,0,84,162
10/27/2020,BJC,CO,ANM,WE,Towers with Radar,0,22,39,0,61,0,9,189,0,198,0,31,228,0,259,522,0,522,781
10/28/2020,BJC,CO,ANM,WE,Towers with Radar,0,17,57,0,74,0,0,277,14,291,0,17,334,14,365,525,37,562,927
10/29/2020,BJC,CO,ANM,WE,Towers with Radar,0,13,52,5,70,3,26,270,6,305,3,39,322,11,375,669,44,713,1088
10/30/2020,BJC,CO,ANM,WE,Towers with Radar,0,24,51,1,76,0,6,263,3,272,0,30,314,4,348,521,5,526,874
10/31/2020,BJC,CO,ANM,WE,Towers with Radar,0,9,20,0,29,0,2,108,0,110,0,11,128,0,139,65,0,65,204
11/01/2020,BJC,CO,ANM,WE,Towers with Radar,0,9,36,0,45,1,0,239,0,240,1,9,275,0,285,136,0,136,421
11/02/2020,BJC,CO,ANM,WE,Towers with Radar,0,12,39,0,51,0,1,234,0,235,0,13,273,0,286,211,0,211,497
11/03/2020,BJC,CO,ANM,WE,Towers with Radar,0,9,42,2,53,0,5,211,0,216,0,14,253,2,269,214,0,214,483
11/04/2020,BJC,CO,ANM,WE,Towers with Radar,0,21,41,2,64,0,2,203,0,205,0,23,244,2,269,245,0,245,514
11/05/2020,BJC,CO,ANM,WE,Towers with Radar,0,17,35,0,52,0,0,236,0,236,0,17,271,0,288,361,0,361,649
11/06/2020,BJC,CO,ANM,WE,Towers with Radar,0,25,47,0,72,0,0,274,0,274,0,25,321,0,346,427,0,427,773
11/07/2020,BJC,CO,ANM,WE,Towers with Radar,0,14,25,0,39,0,1,174,0,175,0,15,199,0,214,206,0,206,420
11/08/2020,BJC,CO,ANM,WE,Towers with Radar,0,26,25,0,51,0,0,45,2,47,0,26,70,2,98,4,2,6,104
11/09/2020,BJC,CO,ANM,WE,Towers with Radar,0,12,23,0,35,0,0,0,0,0,0,12,23,0,35,8,0,8,43
11/10/2020,BJC,CO,ANM,WE,Towers with Radar,0,19,48,0,67,0,6,76,0,82,0,25,124,0,149,150,0,150,299
11/11/2020,BJC,CO,ANM,WE,Towers with Radar,0,14,48,2,64,0,2,244,0,246,0,16,292,2,310,376,0,376,686
11/12/2020,BJC,CO,ANM,WE,Towers with Radar,0,9,53,0,62,0,0,102,2,104,0,9,155,2,166,110,0,110,276
11/13/2020,BJC,CO,ANM,WE,Towers with Radar,0,18,43,0,61,0,0,47,0,47,0,18,90,0,108,40,0,40,148
11/14/2020,BJC,CO,ANM,WE,Towers with Radar,0,7,14,0,21,0,0,1,0,1,0,7,15,0,22,0,0,0,22
11/15/2020,BJC,CO,ANM,WE,Towers with Radar,0,14,21,0,35,0,2,21,0,23,0,16,42,0,58,0,0,0,58
11/16/2020,BJC,CO,ANM,WE,Towers with Radar,0,11,39,0,50,0,0,196,0,196,0,11,235,0,246,2,0,2,248
11/17/2020,BJC,CO,ANM,WE,Towers with Radar,0,20,32,0,52,0,7,308,0,315,0,27,340,0,367,2,0,2,369
11/18/2020,BJC,CO,ANM,WE,Towers with Radar,0,27,32,0,59,0,2,176,0,178,0,29,208,0,237,10,0,10,247
11/19/2020,BJC,CO,ANM,WE,Towers with Radar,0,32,53,0,85,0,0,219,0,219,0,32,272,0,304,9,0,9,313
11/20/2020,BJC,CO,ANM,WE,Towers with Radar,0,32,63,2,97,0,7,297,0,304,0,39,360,2,401,7,0,7,408
11/21/2020,BJC,CO,ANM,WE,Towers with Radar,0,18,49,2,69,0,6,343,0,349,0,24,392,2,418,4,0,4,422
11/22/2020,BJC,CO,ANM,WE,Towers with Radar,0,15,37,0,52,0,0,258,0,258,0,15,295,0,310,6,0,6,316
11/23/2020,BJC,CO,ANM,WE,Towers with Radar,0,21,27,0,48,0,0,249,0,249,0,21,276,0,297,8,0,8,305
11/24/2020,BJC,CO,ANM,WE,Towers with Radar,0,19,32,0,51,0,0,26,0,26,0,19,58,0,77,2,0,2,79
11/25/2020,BJC,CO,ANM,WE,Towers with Radar,0,15,30,0,45,0,5,280,0,285,0,20,310,0,330,0,0,0,330
11/26/2020,BJC,CO,ANM,WE,Towers with Radar,0,6,3,0,9,0,0,70,0,70,0,6,73,0,79,2,0,2,81
11/27/2020,BJC,CO,ANM,WE,Towers with Radar,0,11,17,0,28,0,2,258,0,260,0,13,275,0,288,5,0,5,293
11/28/2020,BJC,CO,ANM,WE,Towers with Radar,0,21,53,0,74,0,0,370,0,370,0,21,423,0,444,0,0,0,444
11/29/2020,BJC,CO,ANM,WE,Towers with Radar,0,33,47,0,80,0,0,176,0,176,0,33,223,0,256,5,0,5,261
11/30/2020,BJC,CO,ANM,WE,Towers with Radar,0,25,30,0,55,0,4,219,0,223,0,29,249,0,278,6,0,6,284
12/01/2020,BJC,CO,ANM,WE,Towers with Radar,0,14,38,2,54,0,0,15,0,15,0,14,53,2,69,2,0,2,71
12/02/2020,BJC,CO,ANM,WE,Towers with Radar,0,28,28,0,56,0,1,141,0,142,0,29,169,0,198,159,0,159,357
12/03/2020,BJC,CO,ANM,WE,Towers with Radar,0,14,45,1,60,0,12,280,4,296,0,26,325,5,356,259,18,277,633
12/04/2020,BJC,CO,ANM,WE,Towers with Radar,0,13,34,0,47,0,0,302,4,306,0,13,336,4,353,212,12,224,577
12/05/2020,BJC,CO,ANM,WE,Towers with Radar,0,9,37,0,46,15,39,363,0,417,15,48,400,0,463,150,0,150,613
12/06/2020,BJC,CO,ANM,WE,Towers with Radar,0,16,33,0,49,0,1,278,0,279,0,17,311,0,328,406,0,406,734
12/07/2020,BJC,CO,ANM,WE,Towers with Radar,0,20,29,0,49,0,2,218,4,224,0,22,247,4,273,222,35,257,530
12/08/2020,BJC,CO,ANM,WE,Towers with Radar,0,13,33,1,47,0,1,262,4,267,0,14,295,5,314,328,12,340,654
12/09/2020,BJC,CO,ANM,WE,Towers with Radar,0,18,40,2,60,0,10,291,0,301,0,28,331,2,361,445,0,445,806
12/10/2020,BJC,CO,ANM,WE,Towers with Radar,0,11,48,0,59,0,1,228,2,231,0,12,276,2,290,321,18,339,629
12/11/2020,BJC,CO,ANM,WE,Towers with Radar,2,23,24,0,49,0,0,0,0,0,2,23,24,0,49,0,0,0,49
12/12/2020,BJC,CO,ANM,WE,Towers with Radar,0,15,11,0,26,0,0,1,0,1,0,15,12,0,27,0,0,0,27
12/13/2020,BJC,CO,ANM,WE,Towers with Radar,0,18,26,0,44,0,18,122,0,140,0,36,148,0,184,140,0,140,324
12/14/2020,BJC,CO,ANM,WE,Towers with Radar,0,11,32,1,44,0,5,127,0,132,0,16,159,1,176,179,0,179,355
12/15/2020,BJC,CO,ANM,WE,Towers with Radar,0,24,30,0,54,0,27,77,2,106,0,51,107,2,160,282,6,288,448
12/16/2020,BJC,CO,ANM,WE,Towers with Radar,0,21,51,0,72,0,13,155,2,170,0,34,206,2,242,354,30,384,626
12/17/2020,BJC,CO,ANM,WE,Towers with Radar,0,23,39,1,63,4,1,276,2,283,4,24,315,3,346,486,0,486,832
12/18/2020,BJC,CO,ANM,WE,Towers with Radar,1,37,50,3,91,0,0,17,0,17,1,37,67,3,108,36,0,36,144
12/19/2020,BJC,CO,ANM,WE,Towers with Radar,0,34,35,0,69,0,1,57,0,58,0,35,92,0,127,22,0,22,149
12/20/2020,BJC,CO,ANM,WE,Towers with Radar,0,20,29,0,49,0,0,17,0,17,0,20,46,0,66,0,0,0,66
12/21/2020,BJC,CO,ANM,WE,Towers with Radar,0,34,47,0,81,0,0,54,0,54,0,34,101,0,135,23,0,23,158
12/22/2020,BJC,CO,ANM,WE,Towers with Radar,0,31,52,1,84,0,1,83,0,84,0,32,135,1,168,124,0,124,292
12/23/2020,BJC,CO,ANM,WE,Towers with Radar,1,23,37,1,62,0,2,39,0,41,1,25,76,1,103,106,0,106,209
12/24/2020,BJC,CO,ANM,WE,Towers with Radar,0,13,14,0,27,0,0,56,0,56,0,13,70,0,83,83,0,83,166
12/25/2020,BJC,CO,ANM,WE,Towers with Radar,0,16,1,0,17,0,0,72,0,72,0,16,73,0,89,27,0,27,116
12/26/2020,BJC,CO,ANM,WE,Towers with Radar,0,20,38,0,58,0,25,182,0,207,0,45,220,0,265,176,0,176,441
12/27/2020,BJC,CO,ANM,WE,Towers with Radar,0,21,36,0,57,0,1,77,0,78,0,22,113,0,135,71,0,71,206
12/28/2020,BJC,CO,ANM,WE,Towers with Radar,0,25,37,2,64,0,0,4,0,4,0,25,41,2,68,24,0,24,92
12/29/2020,BJC,CO,ANM,WE,Towers with Radar,0,30,25,0,55,0,0,48,0,48,0,30,73,0,103,134,0,134,237
12/30/2020,BJC,CO,ANM,WE,Towers with Radar,0,24,89,0,113,0,13,229,2,244,0,37,318,2,357,389,17,406,763
12/31/2020,BJC,CO,ANM,WE,Towers with Radar,0,20,29,0,49,0,8,271,0,279,0,28,300,0,328,263,0,263,591
01/01/2021,BJC,CO,ANM,WE,Towers with Radar,0,10,12,0,22,0,1,89,0,90,0,11,101,0,112,139,0,139,251
01/02/2021,BJC,CO,ANM,WE,Towers with Radar,0,26,33,0,59,0,1,114,0,115,0,27,147,0,174,121,0,121,295
01/03/2021,BJC,CO,ANM,WE,Towers with Radar,0,13,45,0,58,0,1,62,0,63,0,14,107,0,121,30,0,30,151
01/04/2021,BJC,CO,ANM,WE,Towers with Radar,1,23,41,0,65,0,2,250,2,254,1,25,291,2,319,350,0,350,669
01/05/2021,BJC,CO,ANM,WE,Towers with Radar,0,16,30,0,46,0,0,42,0,42,0,16,72,0,88,30,0,30,118
01/06/2021,BJC,CO,ANM,WE,Towers with Radar,0,13,38,4,55,0,2,235,0,237,0,15,273,4,292,289,0,289,581
01/07/2021,BJC,CO,ANM,WE,Towers with Radar,0,10,28,2,40,0,36,298,0,334,0,46,326,2,374,378,0,378,752
01/08/2021,BJC,CO,ANM,WE,Towers with Radar,0,21,42,0,63,0,0,312,0,312,0,21,354,0,375,332,0,332,707
01/09/2021,BJC,CO,ANM,WE,Towers with Radar,0,15,23,0,38,0,0,1,0,1,0,15,24,0,39,21,0,21,60
01/10/2021,BJC,CO,ANM,WE,Towers with Radar,0,16,22,0,38,0,1,65,0,66,0,17,87,0,104,187,0,187,291
01/11/2021,BJC,CO,ANM,WE,Towers with Radar,0,19,56,0,75,0,2,191,0,193,0,21,247,0,268,183,0,183,451
01/12/2021,BJC,CO,ANM,WE,Towers with Radar,0,16,36,1,53,0,1,255,2,258,0,17,291,3,311,298,12,310,621
01/13/2021,BJC,CO,ANM,WE,Towers with Radar,0,18,33,0,51,0,0,18,0,18,0,18,51,0,69,6,0,6,75
01/14/2021,BJC,CO,ANM,WE,Towers with Radar,0,19,21,0,40,0,0,57,0,57,0,19,78,0,97,87,0,87,184
01/15/2021,BJC,CO,ANM,WE,Towers with Radar,0,13,43,0,56,0,35,136,0,171,0,48,179,0,227,183,0,183,410
01/16/2021,BJC,CO,ANM,WE,Towers with Radar,0,7,17,0,24,0,3,223,0,226,0,10,240,0,250,283,0,283,533
01/17/2021,BJC,CO,ANM,WE,Towers with Radar,0,11,30,0,41,0,0,224,0,224,0,11,254,0,265,320,0,320,585
01/18/2021,BJC,CO,ANM,WE,Towers with Radar,0,19,36,0,55,0,0,60,0,60,0,19,96,0,115,194,0,194,309
01/19/2021,BJC,CO,ANM,WE,Towers with Radar,0,12,33,0,45,0,5,223,0,228,0,17,256,0,273,361,0,361,634
01/20/2021,BJC,CO,ANM,WE,Towers with Radar,0,5,22,0,27,0,1,58,0,59,0,6,80,0,86,24,0,24,110
01/21/2021,BJC,CO,ANM,WE,Towers with Radar,0,14,44,0,58,0,76,255,8,339,0,90,299,8,397,268,45,313,710
01/22/2021,BJC,CO,ANM,WE,Towers with Radar,0,16,43,0,59,0,0,278,1,279,0,16,321,1,338,62,0,62,400
01/23/2021,BJC,CO,ANM,WE,Towers with Radar,0,13,22,0,35,0,32,219,0,251,0,45,241,0,286,249,0,249,535
01/24/2021,BJC,CO,ANM,WE,Towers with Radar,0,17,40,0,57,0,24,59,0,83,0,41,99,0,140,252,0,252,392
01/25/2021,BJC,CO,ANM,WE,Towers with Radar,0,11,27,0,38,0,0,56,0,56,0,11,83,0,94,36,0,36,130
01/26/2021,BJC,CO,ANM,WE,Towers with Radar,0,9,16,0,25,0,0,0,0,0,0,9,16,0,25,0,0,0,25
01/27/2021,BJC,CO,ANM,WE,Towers with Radar,0,10,34,0,44,0,27,138,1,166,0,37,172,1,210,358,5,363,573
01/28/2021,BJC,CO,ANM,WE,Towers with Radar,0,26,44,0,70,0,0,283,8,291,0,26,327,8,361,579,32,611,972
01/29/2021,BJC,CO,ANM,WE,Towers with Radar,0,8,47,5,60,0,43,339,2,384,0,51,386,7,444,441,5,446,890
01/30/2021,BJC,CO,ANM,WE,Towers with Radar,0,14,16,1,31,0,0,110,4,114,0,14,126,5,145,178,12,190,335
01/31/2021,BJC,CO,ANM,WE,Towers with Radar,0,24,24,0,48,0,17,310,0,327,0,41,334,0,375,419,0,419,794
02/01/2021,BJC,CO,ANM,WE,Towers with Radar,0,21,38,0,59,0,0,215,8,223,0,21,253,8,282,383,2,385,667
02/02/2021,BJC,CO,ANM,WE,Towers with Radar,0,13,46,0,59,0,35,280,0,315,0,48,326,0,374,182,0,182,556
02/03/2021,BJC,CO,ANM,WE,Towers with Radar,0,18,44,1,63,0,3,86,0,89,0,21,130,1,152,255,0,255,407
02/04/2021,BJC,CO,ANM,WE,Towers with Radar,0,33,31,6,70,0,2,43,11,56,0,35,74,17,126,52,18,70,196
02/05/2021,BJC,CO,ANM,WE,Towers with Radar,0,10,40,1,51,0,4,75,3,82,0,14,115,4,133,77,0,77,210
02/06/2021,BJC,CO,ANM,WE,Towers with Radar,0,9,29,0,38,0,0,98,0,98,0,9,127,0,136,81,0,81,217
02/07/2021,BJC,CO,ANM,WE,Towers with Radar,0,9,20,0,29,0,0,8,0,8,0,9,28,0,37,0,0,0,37
02/08/2021,BJC,CO,ANM,WE,Towers with Radar,0,15,37,0,52,0,1,69,0,70,0,16,106,0,122,154,0,154,276
02/09/2021,BJC,CO,ANM,WE,Towers with Radar,0,13,43,0,56,0,3,96,2,101,0,16,139,2,157,306,0,306,463
02/10/2021,BJC,CO,ANM,WE,Towers with Radar,0,17,28,2,47,0,10,63,0,73,0,27,91,2,120,170,0,170,290
02/11/2021,BJC,CO,ANM,WE,Towers with Radar,0,22,62,0,84,0,2,32,0,34,0,24,94,0,118,132,0,132,250
02/12/2021,BJC,CO,ANM,WE,Towers with Radar,0,34,40,0,74,0,0,0,0,0,0,34,40,0,74,0,0,0,74
02/13/2021,BJC,CO,ANM,WE,Towers with Radar,0,10,19,0,29,0,0,1,0,1,0,10,20,0,30,0,0,0,30
02/14/2021,BJC,CO,ANM,WE,Towers with Radar,0,8,17,0,25,0,0,0,0,0,0,8,17,0,25,0,0,0,25
02/15/2021,BJC,CO,ANM,WE,Towers with Radar,0,13,24,0,37,0,4,145,0,149,0,17,169,0,186,274,0,274,460
02/16/2021,BJC,CO,ANM,WE,Towers with Radar,0,19,37,1,57,0,1,177,0,178,0,20,214,1,235,356,0,356,591
02/17/2021,BJC,CO,ANM,WE,Towers with Radar,0,19,32,0,51,0,0,0,0,0,0,19,32,0,51,0,0,0,51
02/18/2021,BJC,CO,ANM,WE,Towers with Radar,1,22,39,0,62,0,2,166,0,168,1,24,205,0,230,266,0,266,496
02/19/2021,BJC,CO,ANM,WE,Towers with Radar,0,26,28,0,54,0,0,26,8,34,0,26,54,8,88,56,0,56,144
02/20/2021,BJC,CO,ANM,WE,Towers with Radar,0,20,37,0,57,0,7,225,0,232,0,27,262,0,289,267,0,267,556
02/21/2021,BJC,CO,ANM,WE,Towers with Radar,0,17,43,0,60,5,30,95,0,130,5,47,138,0,190,114,0,114,304
02/22/2021,BJC,CO,ANM,WE,Towers with Radar,0,22,32,0,54,0,0,44,0,44,0,22,76,0,98,0,0,0,98
02/23/2021,BJC,CO,ANM,WE,Towers with Radar,0,27,36,0,63,0,5,28,0,33,0,32,64,0,96,8,0,8,104
02/24/2021,BJC,CO,ANM,WE,Towers with Radar,0,24,40,2,66,0,16,224,5,245,0,40,264,7,311,327,20,347,658
02/25/2021,BJC,CO,ANM,WE,Towers with Radar,0,30,50,0,80,0,3,97,1,101,0,33,147,1,181,271,0,271,452
02/26/2021,BJC,CO,ANM,WE,Towers with Radar,0,20,44,3,67,0,3,50,2,55,0,23,94,5,122,116,0,116,238
02/27/2021,BJC,CO,ANM,WE,Towers with Radar,0,15,22,0,37,0,12,157,0,169,0,27,179,0,206,380,0,380,586
02/28/2021,BJC,CO,ANM,WE,Towers with Radar,0,26,32,0,58,20,44,255,1,320,20,70,287,1,378,352,0,352,730
03/01/2021,BJC,CO,ANM,WE,Towers with Radar,0,22,45,0,67,0,1,271,4,276,0,23,316,4,343,435,12,447,790
03/02/2021,BJC,CO,ANM,WE,Towers with Radar,0,23,37,2,62,0,75,290,10,375,0,98,327,12,437,462,27,489,926
03/03/2021,BJC,CO,ANM,WE,Towers with Radar,0,18,61,0,79,0,37,306,20,363,0,55,367,20,442,633,65,698,1140
03/04/2021,BJC,CO,ANM,WE,Towers with Radar,0,15,32,0,47,0,0,27,0,27,0,15,59,0,74,204,0,204,278
03/05/2021,BJC,CO,ANM,WE,Towers with Radar,0,22,56,0,78,0,15,395,2,412,0,37,451,2,490,291,2,293,783
03/06/2021,BJC,CO,ANM,WE,Towers with Radar,0,13,29,0,42,0,22,421,0,443,0,35,450,0,485,337,0,337,822
03/07/2021,BJC,CO,ANM,WE,Towers with Radar,2,11,47,0,60,0,0,255,0,255,2,11,302,0,315,494,0,494,809
03/08/2021,BJC,CO,ANM,WE,Towers with Radar,0,12,40,0,52,0,1,251,6,258,0,13,291,6,310,403,8,411,721
03/09/2021,BJC,CO,ANM,WE,Towers with Radar,0,12,45,0,57,0,16,263,2,281,0,28,308,2,338,369,0,369,707
03/10/2021,BJC,CO,ANM,WE,Towers with Radar,1,29,43,0,73,0,2,34,0,36,1,31,77,0,109,75,0,75,184
03/11/2021,BJC,CO,ANM,WE,Towers with Radar,1,23,59,1,84,0,0,71,2,73,1,23,130,3,157,172,0,172,329
03/12/2021,BJC,CO,ANM,WE,Towers with Radar,0,18,48,0,66,0,0,1,0,1,0,18,49,0,67,0,0,0,67
03/13/2021,BJC,CO,ANM,WE,Towers with Radar,0,3,2,0,5,0,0,0,0,0,0,3,2,0,5,0,0,0,5
03/14/2021,BJC,CO,ANM,WE,Towers with Radar,0,0,0,0,0,0,0,0,0,0,0,0,0,0,0,0,0,0,0
03/15/2021,BJC,CO,ANM,WE,Towers with Radar,0,26,51,0,77,0,0,13,0,13,0,26,64,0,90,18,0,18,108
03/16/2021,BJC,CO,ANM,WE,Towers with Radar,0,13,27,0,40,0,1,25,0,26,0,14,52,0,66,54,0,54,120
03/17/2021,BJC,CO,ANM,WE,Towers with Radar,0,22,44,0,66,0,97,156,0,253,0,119,200,0,319,227,0,227,546
03/18/2021,BJC,CO,ANM,WE,Towers with Radar,0,14,56,0,70,0,31,277,2,310,0,45,333,2,380,470,2,472,852
03/19/2021,BJC,CO,ANM,WE,Towers with Radar,1,22,58,0,81,0,56,350,4,410,1,78,408,4,491,628,0,628,1119
03/20/2021,BJC,CO,ANM,WE,Towers with Radar,0,26,53,0,79,1,18,290,0,309,1,44,343,0,388,416,0,416,804
03/21/2021,BJC,CO,ANM,WE,Towers with Radar,0,14,31,0,45,0,18,45,0,63,0,32,76,0,108,144,0,144,252
03/22/2021,BJC,CO,ANM,WE,Towers with Radar,0,32,29,0,61,0,0,12,0,12,0,32,41,0,73,10,0,10,83
03/23/2021,BJC,CO,ANM,WE,Towers with Radar,0,22,25,0,47,0,4,85,0,89,0,26,110,0,136,80,0,80,216
03/24/2021,BJC,CO,ANM,WE,Towers with Radar,0,21,36,2,59,0,41,124,3,168,0,62,160,5,227,224,8,232,459
03/25/2021,BJC,CO,ANM,WE,Towers with Radar,0,25,56,4,85,0,59,291,14,364,0,84,347,18,449,426,62,488,937
03/26/2021,BJC,CO,ANM,WE,Towers with Radar,0,30,35,0,65,0,26,107,8,141,0,56,142,8,206,171,14,185,391
03/27/2021,BJC,CO,ANM,WE,Towers with Radar,0,19,36,0,55,0,4,236,1,241,0,23,272,1,296,84,0,84,380
03/28/2021,BJC,CO,ANM,WE,Towers with Radar,0,36,38,0,74,0,8,144,0,152,0,44,182,0,226,74,0,74,300
03/29/2021,BJC,CO,ANM,WE,Towers with Radar,0,23,35,0,58,0,0,21,0,21,0,23,56,0,79,15,0,15,94
03/30/2021,BJC,CO,ANM,WE,Towers with Radar,1,16,35,0,52,0,30,62,2,94,1,46,97,2,146,164,2,166,312
03/31/2021,BJC,CO,ANM,WE,Towers with Radar,0,13,57,0,70,0,57,269,8,334,0,70,326,8,404,423,19,442,846
04/01/2021,BJC,CO,ANM,WE,Towers with Radar,0,24,49,0,73,0,29,372,13,414,0,53,421,13,487,394,41,435,922
04/02/2021,BJC,CO,ANM,WE,Towers with Radar,0,21,48,1,70,0,6,254,9,269,0,27,302,10,339,323,31,354,693
04/03/2021,BJC,CO,ANM,WE,Towers with Radar,0,14,25,0,39,0,17,272,0,289,0,31,297,0,328,208,0,208,536
04/04/2021,BJC,CO,ANM,WE,Towers with Radar,0,20,33,0,53,0,0,150,0,150,0,20,183,0,203,158,0,158,361
04/05/2021,BJC,CO,ANM,WE,Towers with Radar,0,37,40,0,77,0,1,221,14,236,0,38,261,14,313,254,39,293,606
04/06/2021,BJC,CO,ANM,WE,Towers with Radar,0,24,37,0,61,0,3,115,0,118,0,27,152,0,179,150,0,150,329
04/07/2021,BJC,CO,ANM,WE,Towers with Radar,0,30,42,0,72,0,18,164,10,192,0,48,206,10,264,313,8,321,585
04/08/2021,BJC,CO,ANM,WE,Towers with Radar,0,33,27,0,60,0,33,178,9,220,0,66,205,9,280,180,16,196,476
04/09/2021,BJC,CO,ANM,WE,Towers with Radar,0,26,35,0,61,4,41,63,0,108,4,67,98,0,169,105,0,105,274
04/10/2021,BJC,CO,ANM,WE,Towers with Radar,0,11,22,0,33,0,86,274,2,362,0,97,296,2,395,275,12,287,682
04/11/2021,BJC,CO,ANM,WE,Towers with Radar,1,24,35,0,60,0,40,123,0,163,1,64,158,0,223,195,0,195,418
04/12/2021,BJC,CO,ANM,WE,Towers with Radar,0,30,54,0,84,0,1,253,6,260,0,31,307,6,344,318,12,330,674
04/13/2021,BJC,CO,ANM,WE,Towers with Radar,0,13,27,0,40,0,0,36,0,36,0,13,63,0,76,128,0,128,204
04/14/2021,BJC,CO,ANM,WE,Towers with Radar,0,46,55,1,102,0,2,47,2,51,0,48,102,3,153,217,0,217,370
04/15/2021,BJC,CO,ANM,WE,Towers with Radar,0,20,38,0,58,0,0,34,0,34,0,20,72,0,92,96,0,96,188
04/16/2021,BJC,CO,ANM,WE,Towers with Radar,0,14,36,0,50,0,0,4,0,4,0,14,40,0,54,10,0,10,64
04/17/2021,BJC,CO,ANM,WE,Towers with Radar,0,20,24,0,44,0,60,125,1,186,0,80,149,1,230,237,0,237,467
04/18/2021,BJC,CO,ANM,WE,Towers with Radar,0,25,53,0,78,0,14,191,0,205,0,39,244,0,283,244,0,244,527
04/19/2021,BJC,CO,ANM,WE,Towers with Radar,0,13,19,0,32,0,0,1,0,1,0,13,20,0,33,0,0,0,33
04/20/2021,BJC,CO,ANM,WE,Towers with Radar,0,25,33,0,58,0,0,217,0,217,0,25,250,0,275,300,0,300,575
04/21/2021,BJC,CO,ANM,WE,Towers with Radar,0,17,27,0,44,1,3,3,0,7,1,20,30,0,51,16,0,16,67
04/22/2021,BJC,CO,ANM,WE,Towers with Radar,0,19,73,0,92,0,16,72,0,88,0,35,145,0,180,452,0,452,632
04/23/2021,BJC,CO,ANM,WE,Towers with Radar,0,15,61,2,78,0,42,245,6,293,0,57,306,8,371,432,10,442,813
04/24/2021,BJC,CO,ANM,WE,Towers with Radar,0,13,34,2,49,0,11,160,0,171,0,24,194,2,220,204,0,204,424
04/25/2021,BJC,CO,ANM,WE,Towers with Radar,1,21,32,0,54,0,3,220,1,224,1,24,252,1,278,212,2,214,492
04/26/2021,BJC,CO,ANM,WE,Towers with Radar,1,23,32,0,56,0,0,139,0,139,1,23,171,0,195,382,0,382,577
04/27/2021,BJC,CO,ANM,WE,Towers with Radar,0,17,32,0,49,0,0,66,4,70,0,17,98,4,119,128,26,154,273
04/28/2021,BJC,CO,ANM,WE,Towers with Radar,0,22,39,1,62,0,11,150,2,163,0,33,189,3,225,450,0,450,675
04/29/2021,BJC,CO,ANM,WE,Towers with Radar,0,22,46,2,70,0,1,332,19,352,0,23,378,21,422,464,23,487,909
04/30/2021,BJC,CO,ANM,WE,Towers with Radar,0,19,45,0,64,0,1,334,0,335,0,20,379,0,399,496,0,496,895
05/01/2021,BJC,CO,ANM,WE,Towers with Radar,0,14,30,0,44,0,3,344,1,348,0,17,374,1,392,33,0,33,425
05/02/2021,BJC,CO,ANM,WE,Towers with Radar,0,35,25,0,60,0,1,74,0,75,0,36,99,0,135,30,0,30,165
05/03/2021,BJC,CO,ANM,WE,Towers with Radar,0,24,33,0,57,0,0,0,0,0,0,24,33,0,57,0,0,0,57
05/04/2021,BJC,CO,ANM,WE,Towers with Radar,0,12,52,0,64,0,52,109,0,161,0,64,161,0,225,245,0,245,470
05/05/2021,BJC,CO,ANM,WE,Towers with Radar,0,32,54,2,88,0,92,160,4,256,0,124,214,6,344,305,11,316,660
05/06/2021,BJC,CO,ANM,WE,Towers with Radar,0,28,68,1,97,0,2,436,7,445,0,30,504,8,542,490,0,490,1032
05/07/2021,BJC,CO,ANM,WE,Towers with Radar,0,43,45,1,89,0,12,293,3,308,0,55,338,4,397,346,11,357,754
05/08/2021,BJC,CO,ANM,WE,Towers with Radar,0,20,26,0,46,0,4,77,0,81,0,24,103,0,127,47,0,47,174
05/09/2021,BJC,CO,ANM,WE,Towers with Radar,0,32,21,0,53,0,12,50,0,62,0,44,71,0,115,121,0,121,236
05/10/2021,BJC,CO,ANM,WE,Towers with Radar,0,17,49,3,69,0,0,1,0,1,0,17,50,3,70,0,0,0,70
05/11/2021,BJC,CO,ANM,WE,Towers with Radar,0,20,35,0,55,0,0,1,0,1,0,20,36,0,56,0,0,0,56
05/12/2021,BJC,CO,ANM,WE,Towers with Radar,0,25,53,2,80,1,98,311,30,440,1,123,364,32,520,531,0,531,1051
05/13/2021,BJC,CO,ANM,WE,Towers with Radar,0,31,58,1,90,0,31,401,69,501,0,62,459,70,591,264,8,272,863
05/14/2021,BJC,CO,ANM,WE,Towers with Radar,0,39,56,0,95,0,65,279,41,385,0,104,335,41,480,192,0,192,672
05/15/2021,BJC,CO,ANM,WE,Towers with Radar,0,17,92,8,117,0,34,76,10,120,0,51,168,18,237,183,0,183,420
05/16/2021,BJC,CO,ANM,WE,Towers with Radar,0,24,67,1,92,0,5,25,0,30,0,29,92,1,122,73,0,73,195
05/17/2021,BJC,CO,ANM,WE,Towers with Radar,0,30,81,0,111,0,0,12,0,12,0,30,93,0,123,69,0,69,192
05/18/2021,BJC,CO,ANM,WE,Towers with Radar,0,23,88,0,111,0,0,47,0,47,0,23,135,0,158,80,0,80,238
05/19/2021,BJC,CO,ANM,WE,Towers with Radar,0,28,57,6,91,0,15,305,1,321,0,43,362,7,412,351,5,356,768
05/20/2021,BJC,CO,ANM,WE,Towers with Radar,0,37,55,5,97,0,8,337,7,352,0,45,392,12,449,462,7,469,918
05/21/2021,BJC,CO,ANM,WE,Towers with Radar,0,14,46,0,60,0,20,214,2,236,0,34,260,2,296,226,0,226,522
05/22/2021,BJC,CO,ANM,WE,Towers with Radar,0,21,57,2,80,0,1,46,0,47,0,22,103,2,127,63,0,63,190
05/23/2021,BJC,CO,ANM,WE,Towers with Radar,0,27,37,0,64,0,3,80,1,84,0,30,117,1,148,176,0,176,324
05/24/2021,BJC,CO,ANM,WE,Towers with Radar,0,21,49,6,76,0,3,311,4,318,0,24,360,10,394,440,0,440,834
05/25/2021,BJC,CO,ANM,WE,Towers with Radar,0,31,43,0,74,0,14,401,4,419,0,45,444,4,493,460,4,464,957
05/26/2021,BJC,CO,ANM,WE,Towers with Radar,0,29,40,0,69,0,6,367,2,375,0,35,407,2,444,302,0,302,746
05/27/2021,BJC,CO,ANM,WE,Towers with Radar,0,31,62,2,95,0,73,380,8,461,0,104,442,10,556,535,4,539,1095
05/28/2021,BJC,CO,ANM,WE,Towers with Radar,0,22,56,0,78,0,77,340,2,419,0,99,396,2,497,241,2,243,740
05/29/2021,BJC,CO,ANM,WE,Towers with Radar,0,24,25,2,51,0,9,183,0,192,0,33,208,2,243,312,0,312,555
05/30/2021,BJC,CO,ANM,WE,Towers with Radar,0,13,16,0,29,0,0,0,0,0,0,13,16,0,29,0,0,0,29
05/31/2021,BJC,CO,ANM,WE,Towers with Radar,0,23,91,0,114,0,1,19,0,20,0,24,110,0,134,0,0,0,134
06/01/2021,BJC,CO,ANM,WE,Towers with Radar,0,24,43,2,69,0,21,219,4,244,0,45,262,6,313,392,2,394,707
06/02/2021,BJC,CO,ANM,WE,Towers with Radar,0,40,35,3,78,0,8,320,12,340,0,48,355,15,418,310,4,314,732
06/03/2021,BJC,CO,ANM,WE,Towers with Radar,0,28,42,0,70,0,7,320,8,335,0,35,362,8,405,290,6,296,701
06/04/2021,BJC,CO,ANM,WE,Towers with Radar,0,39,45,0,84,0,11,323,2,336,0,50,368,2,420,89,0,89,509
06/05/2021,BJC,CO,ANM,WE,Towers with Radar,0,12,30,2,44,0,4,248,0,252,0,16,278,2,296,80,0,80,376
06/06/2021,BJC,CO,ANM,WE,Towers with Radar,0,34,43,0,77,0,2,156,0,158,0,36,199,0,235,177,0,177,412
06/07/2021,BJC,CO,ANM,WE,Towers with Radar,0,34,36,0,70,7,1,265,4,277,7,35,301,4,347,167,11,178,525
06/08/2021,BJC,CO,ANM,WE,Towers with Radar,0,34,38,1,73,1,1,302,6,310,1,35,340,7,383,371,13,384,767
06/09/2021,BJC,CO,ANM,WE,Towers with Radar,0,34,62,3,99,0,5,291,0,296,0,39,353,3,395,147,0,147,542
06/10/2021,BJC,CO,ANM,WE,Towers with Radar,0,35,60,4,99,23,1,245,3,272,23,36,305,7,371,151,3,154,525
06/11/2021,BJC,CO,ANM,WE,Towers with Radar,0,33,54,2,89,4,0,232,3,239,4,33,286,5,328,63,0,63,391
06/12/2021,BJC,CO,ANM,WE,Towers with Radar,0,14,36,0,50,1,43,299,0,343,1,57,335,0,393,203,0,203,596
06/13/2021,BJC,CO,ANM,WE,Towers with Radar,1,29,46,0,76,0,42,170,0,212,1,71,216,0,288,224,0,224,512
06/14/2021,BJC,CO,ANM,WE,Towers with Radar,0,26,61,0,87,1,0,237,3,241,1,26,298,3,328,296,3,299,627
06/15/2021,BJC,CO,ANM,WE,Towers with Radar,0,17,41,0,58,2,7,251,0,260,2,24,292,0,318,335,0,335,653
06/16/2021,BJC,CO,ANM,WE,Towers with Radar,0,23,47,5,75,0,23,180,3,206,0,46,227,8,281,293,10,303,584
06/17/2021,BJC,CO,ANM,WE,Towers with Radar,1,24,57,5,87,0,3,199,6,208,1,27,256,11,295,341,2,343,638
06/18/2021,BJC,CO,ANM,WE,Towers with Radar,0,36,59,0,95,11,83,268,0,362,11,119,327,0,457,342,0,342,799
06/19/2021,BJC,CO,ANM,WE,Towers with Radar,0,24,38,0,62,0,10,169,0,179,0,34,207,0,241,230,1,231,472
06/20/2021,BJC,CO,ANM,WE,Towers with Radar,0,35,34,2,71,0,24,147,0,171,0,59,181,2,242,289,0,289,531
06/21/2021,BJC,CO,ANM,WE,Towers with Radar,0,20,64,2,86,0,1,208,1,210,0,21,272,3,296,240,1,241,537
06/22/2021,BJC,CO,ANM,WE,Towers with Radar,0,22,32,1,55,29,20,342,2,393,29,42,374,3,448,312,0,312,760
06/23/2021,BJC,CO,ANM,WE,Towers with Radar,0,36,42,0,78,39,25,234,0,298,39,61,276,0,376,157,0,157,533
06/24/2021,BJC,CO,ANM,WE,Towers with Radar,0,36,49,2,87,0,5,238,0,243,0,41,287,2,330,58,0,58,388
06/25/2021,BJC,CO,ANM,WE,Towers with Radar,0,23,41,5,69,0,14,238,1,253,0,37,279,6,322,392,0,392,714
06/26/2021,BJC,CO,ANM,WE,Towers with Radar,0,20,38,0,58,0,57,139,1,197,0,77,177,1,255,139,1,140,395
06/27/2021,BJC,CO,ANM,WE,Towers with Radar,0,30,38,3,71,0,18,183,0,201,0,48,221,3,272,273,0,273,545
06/28/2021,BJC,CO,ANM,WE,Towers with Radar,0,24,50,0,74,1,4,188,0,193,1,28,238,0,267,260,0,260,527
06/29/2021,BJC,CO,ANM,WE,Towers with Radar,0,19,46,2,67,0,10,254,8,272,0,29,300,10,339,337,4,341,680
06/30/2021,BJC,CO,ANM,WE,Towers with Radar,0,33,55,0,88,1,5,272,9,287,1,38,327,9,375,246,6,252,627
07/01/2021,BJC,CO,ANM,WE,Towers with Radar,0,40,63,0,103,0,29,131,2,162,0,69,194,2,265,285,6,291,556
07/02/2021,BJC,CO,ANM,WE,Towers with Radar,0,35,74,0,109,1,4,178,2,185,1,39,252,2,294,243,0,243,537
07/03/2021,BJC,CO,ANM,WE,Towers with Radar,0,10,26,0,36,0,8,201,0,209,0,18,227,0,245,304,0,304,549
07/04/2021,BJC,CO,ANM,WE,Towers with Radar,0,7,13,2,22,0,38,134,4,176,0,45,147,6,198,247,1,248,446
07/05/2021,BJC,CO,ANM,WE,Towers with Radar,0,29,45,0,74,0,2,216,1,219,0,31,261,1,293,119,0,119,412
07/06/2021,BJC,CO,ANM,WE,Towers with Radar,0,31,42,0,73,0,5,251,4,260,0,36,293,4,333,188,3,191,524
07/07/2021,BJC,CO,ANM,WE,Towers with Radar,0,25,53,2,80,0,23,320,4,347,0,48,373,6,427,351,6,357,784
07/08/2021,BJC,CO,ANM,WE,Towers with Radar,0,16,34,0,50,0,3,202,2,207,0,19,236,2,257,193,4,197,454
07/09/2021,BJC,CO,ANM,WE,Towers with Radar,0,27,40,0,67,2,35,220,2,259,2,62,260,2,326,328,4,332,658
07/10/2021,BJC,CO,ANM,WE,Towers with Radar,0,27,37,2,66,18,8,256,0,282,18,35,293,2,348,344,0,344,692
07/11/2021,BJC,CO,ANM,WE,Towers with Radar,0,16,59,1,76,2,2,225,0,229,2,18,284,1,305,340,0,340,645
07/12/2021,BJC,CO,ANM,WE,Towers with Radar,0,26,61,0,87,1,8,232,3,244,1,34,293,3,331,481,12,493,824
07/13/2021,BJC,CO,ANM,WE,Towers with Radar,1,31,52,0,84,0,0,183,1,184,1,31,235,1,268,165,0,165,433
07/14/2021,BJC,CO,ANM,WE,Towers with Radar,0,34,57,1,92,0,2,155,14,171,0,36,212,15,263,176,59,235,498
07/15/2021,BJC,CO,ANM,WE,Towers with Radar,0,18,63,3,84,0,15,252,3,270,0,33,315,6,354,310,10,320,674
07/16/2021,BJC,CO,ANM,WE,Towers with Radar,0,16,49,2,67,0,34,235,3,272,0,50,284,5,339,457,0,457,796
07/17/2021,BJC,CO,ANM,WE,Towers with Radar,0,18,32,0,50,2,22,244,0,268,2,40,276,0,318,230,1,231,549
07/18/2021,BJC,CO,ANM,WE,Towers with Radar,0,20,41,1,62,0,10,223,2,235,0,30,264,3,297,289,0,289,586
07/19/2021,BJC,CO,ANM,WE,Towers with Radar,0,36,46,4,86,0,1,250,6,257,0,37,296,10,343,263,17,280,623
07/20/2021,BJC,CO,ANM,WE,Towers with Radar,0,29,43,2,74,0,88,275,18,381,0,117,318,20,455,241,42,283,738
07/21/2021,BJC,CO,ANM,WE,Towers with Radar,0,32,55,3,90,0,77,141,11,229,0,109,196,14,319,373,22,395,714
07/22/2021,BJC,CO,ANM,WE,Towers with Radar,0,28,58,0,86,0,11,263,7,281,0,39,321,7,367,477,15,492,859
07/23/2021,BJC,CO,ANM,WE,Towers with Radar,0,24,39,11,74,0,47,217,2,266,0,71,256,13,340,417,7,424,764
07/24/2021,BJC,CO,ANM,WE,Towers with Radar,0,18,22,3,43,0,10,190,0,200,0,28,212,3,243,312,0,312,555
07/25/2021,BJC,CO,ANM,WE,Towers with Radar,0,23,30,1,54,0,3,178,0,181,0,26,208,1,235,304,0,304,539
07/26/2021,BJC,CO,ANM,WE,Towers with Radar,0,24,66,0,90,1,8,237,9,255,1,32,303,9,345,236,0,236,581
07/27/2021,BJC,CO,ANM,WE,Towers with Radar,0,21,48,0,69,2,13,239,0,254,2,34,287,0,323,169,0,169,492
07/28/2021,BJC,CO,ANM,WE,Towers with Radar,0,32,54,1,87,9,127,122,5,263,9,159,176,6,350,229,0,229,579
07/29/2021,BJC,CO,ANM,WE,Towers with Radar,0,42,49,1,92,1,11,210,0,222,1,53,259,1,314,165,0,165,479
07/30/2021,BJC,CO,ANM,WE,Towers with Radar,0,23,53,3,79,0,4,176,7,187,0,27,229,10,266,300,8,308,574
07/31/2021,BJC,CO,ANM,WE,Towers with Radar,0,26,35,1,62,1,5,88,0,94,1,31,123,1,156,369,0,369,525
08/01/2021,BJC,CO,ANM,WE,Towers with Radar,0,37,50,0,87,0,24,138,0,162,0,61,188,0,249,510,0,510,759
08/02/2021,BJC,CO,ANM,WE,Towers with Radar,0,38,53,3,94,0,0,198,1,199,0,38,251,4,293,425,0,425,718
08/03/2021,BJC,CO,ANM,WE,Towers with Radar,0,28,40,2,70,0,8,156,0,164,0,36,196,2,234,400,0,400,634
08/04/2021,BJC,CO,ANM,WE,Towers with Radar,0,33,55,0,88,0,15,244,2,261,0,48,299,2,349,372,2,374,723
08/05/2021,BJC,CO,ANM,WE,Towers with Radar,0,29,49,3,81,0,61,329,1,391,0,90,378,4,472,499,0,499,971
08/06/2021,BJC,CO,ANM,WE,Towers with Radar,0,27,58,0,85,0,26,230,0,256,0,53,288,0,341,336,0,336,677
08/07/2021,BJC,CO,ANM,WE,Towers with Radar,0,24,48,0,72,2,0,111,4,117,2,24,159,4,189,170,0,170,359
08/08/2021,BJC,CO,ANM,WE,Towers with Radar,0,39,76,0,115,0,23,75,4,102,0,62,151,4,217,349,0,349,566
08/09/2021,BJC,CO,ANM,WE,Towers with Radar,1,25,61,2,89,0,1,168,0,169,1,26,229,2,258,333,0,333,591
08/10/2021,BJC,CO,ANM,WE,Towers with Radar,0,16,61,0,77,0,45,202,0,247,0,61,263,0,324,362,2,364,688
08/11/2021,BJC,CO,ANM,WE,Towers with Radar,0,28,101,0,129,1,15,221,0,237,1,43,322,0,366,374,0,374,740
08/12/2021,BJC,CO,ANM,WE,Towers with Radar,0,32,65,0,97,0,15,215,2,232,0,47,280,2,329,325,0,325,654
08/13/2021,BJC,CO,ANM,WE,Towers with Radar,0,33,44,1,78,0,31,299,2,332,0,64,343,3,410,534,0,534,944
08/14/2021,BJC,CO,ANM,WE,Towers with Radar,0,20,23,1,44,0,34,267,2,303,0,54,290,3,347,254,1,255,602
08/15/2021,BJC,CO,ANM,WE,Towers with Radar,0,33,52,0,85,0,23,167,0,190,0,56,219,0,275,151,0,151,426
08/16/2021,BJC,CO,ANM,WE,Towers with Radar,0,35,79,0,114,0,1,197,1,199,0,36,276,1,313,384,0,384,697
08/17/2021,BJC,CO,ANM,WE,Towers with Radar,0,32,46,0,78,0,36,219,4,259,0,68,265,4,337,344,8,352,689
08/18/2021,BJC,CO,ANM,WE,Towers with Radar,0,33,43,0,76,0,3,261,3,267,0,36,304,3,343,439,14,453,796
08/19/2021,BJC,CO,ANM,WE,Towers with Radar,0,39,53,0,92,0,2,131,2,135,0,41,184,2,227,368,10,378,605
08/20/2021,BJC,CO,ANM,WE,Towers with Radar,0,38,48,0,86,0,5,86,9,100,0,43,134,9,186,200,36,236,422
08/21/2021,BJC,CO,ANM,WE,Towers with Radar,0,19,27,0,46,0,45,299,0,344,0,64,326,0,390,380,0,380,770
08/22/2021,BJC,CO,ANM,WE,Towers with Radar,0,34,44,0,78,0,8,220,0,228,0,42,264,0,306,251,0,251,557
08/23/2021,BJC,CO,ANM,WE,Towers with Radar,0,27,39,0,66,1,21,215,2,239,1,48,254,2,305,406,0,406,711
08/24/2021,BJC,CO,ANM,WE,Towers with Radar,0,32,56,0,88,0,43,291,3,337,0,75,347,3,425,432,0,432,857
08/25/2021,BJC,CO,ANM,WE,Towers with Radar,0,31,62,3,96,0,5,298,5,308,0,36,360,8,404,446,3,449,853
08/26/2021,BJC,CO,ANM,WE,Towers with Radar,0,16,52,4,72,0,3,144,0,147,0,19,196,4,219,259,0,259,478
08/27/2021,BJC,CO,ANM,WE,Towers with Radar,0,25,56,1,82,0,23,315,16,354,0,48,371,17,436,451,12,463,899
08/28/2021,BJC,CO,ANM,WE,Towers with Radar,0,18,17,0,35,1,25,357,0,383,1,43,374,0,418,350,0,350,768
08/29/2021,BJC,CO,ANM,WE,Towers with Radar,0,36,35,0,71,0,14,229,0,243,0,50,264,0,314,322,0,322,636
08/30/2021,BJC,CO,ANM,WE,Towers with Radar,0,20,56,2,78,15,4,224,4,247,15,24,280,6,325,534,15,549,874
08/31/2021,BJC,CO,ANM,WE,Towers with Radar,0,18,69,0,87,0,5,233,6,244,0,23,302,6,331,506,0,506,837
09/01/2021,BJC,CO,ANM,WE,Towers with Radar,0,28,49,0,77,0,3,230,3,236,0,31,279,3,313,430,2,432,745
09/02/2021,BJC,CO,ANM,WE,Towers with Radar,0,33,61,2,96,0,26,275,0,301,0,59,336,2,397,385,0,385,782
09/03/2021,BJC,CO,ANM,WE,Towers with Radar,0,35,51,0,86,0,7,185,0,192,0,42,236,0,278,400,0,400,678
09/04/2021,BJC,CO,ANM,WE,Towers with Radar,0,12,42,0,54,4,0,285,0,289,4,12,327,0,343,282,0,282,625
09/05/2021,BJC,CO,ANM,WE,Towers with Radar,0,16,26,0,42,0,0,236,0,236,0,16,262,0,278,279,1,280,558
09/06/2021,BJC,CO,ANM,WE,Towers with Radar,0,21,64,0,85,0,0,274,0,274,0,21,338,0,359,448,0,448,807
09/07/2021,BJC,CO,ANM,WE,Towers with Radar,0,22,42,0,64,0,4,233,0,237,0,26,275,0,301,420,0,420,721
09/08/2021,BJC,CO,ANM,WE,Towers with Radar,0,31,29,0,60,0,4,274,2,280,0,35,303,2,340,447,0,447,787
09/09/2021,BJC,CO,ANM,WE,Towers with Radar,0,18,50,0,68,0,4,230,4,238,0,22,280,4,306,404,18,422,728
09/10/2021,BJC,CO,ANM,WE,Towers with Radar,0,29,53,0,82,0,3,192,5,200,0,32,245,5,282,369,8,377,659
09/11/2021,BJC,CO,ANM,WE,Towers with Radar,0,16,35,0,51,1,0,218,0,219,1,16,253,0,270,59,0,59,329
09/12/2021,BJC,CO,ANM,WE,Towers with Radar,0,28,39,0,67,0,8,204,0,212,0,36,243,0,279,296,0,296,575
09/13/2021,BJC,CO,ANM,WE,Towers with Radar,0,26,45,0,71,0,2,150,1,153,0,28,195,1,224,305,24,329,553
09/14/2021,BJC,CO,ANM,WE,Towers with Radar,0,22,38,1,61,0,1,158,2,161,0,23,196,3,222,362,0,362,584
09/15/2021,BJC,CO,ANM,WE,Towers with Radar,0,30,44,0,74,0,2,356,6,364,0,32,400,6,438,535,5,540,978
09/16/2021,BJC,CO,ANM,WE,Towers with Radar,0,43,62,0,105,0,4,277,3,284,0,47,339,3,389,413,1,414,803
09/17/2021,BJC,CO,ANM,WE,Towers with Radar,2,37,62,0,101,0,3,221,11,235,2,40,283,11,336,539,37,576,912
09/18/2021,BJC,CO,ANM,WE,Towers with Radar,1,34,35,0,70,0,0,231,0,231,1,34,266,0,301,390,0,390,691
09/19/2021,BJC,CO,ANM,WE,Towers with Radar,0,39,36,0,75,0,2,114,0,116,0,41,150,0,191,90,0,90,281
09/20/2021,BJC,CO,ANM,WE,Towers with Radar,0,24,48,1,73,0,0,61,5,66,0,24,109,6,139,127,0,127,266
09/21/2021,BJC,CO,ANM,WE,Towers with Radar,0,16,48,0,64,0,0,346,12,358,0,16,394,12,422,449,46,495,917
09/22/2021,BJC,CO,ANM,WE,Towers with Radar,0,30,44,0,74,0,2,314,11,327,0,32,358,11,401,422,41,463,864
09/23/2021,BJC,CO,ANM,WE,Towers with Radar,0,37,69,2,108,0,2,309,7,318,0,39,378,9,426,416,8,424,850
09/24/2021,BJC,CO,ANM,WE,Towers with Radar,0,42,62,0,104,0,3,292,11,306,0,45,354,11,410,402,0,402,812
09/25/2021,BJC,CO,ANM,WE,Towers with Radar,0,17,32,0,49,0,1,324,0,325,0,18,356,0,374,324,0,324,698
09/26/2021,BJC,CO,ANM,WE,Towers with Radar,0,45,36,2,83,0,7,229,0,236,0,52,265,2,319,277,2,279,598
09/27/2021,BJC,CO,ANM,WE,Towers with Radar,0,21,51,0,72,2,1,243,2,248,2,22,294,2,320,475,4,479,799
09/28/2021,BJC,CO,ANM,WE,Towers with Radar,0,22,34,1,57,1,2,208,11,222,1,24,242,12,279,478,12,490,769
09/29/2021,BJC,CO,ANM,WE,Towers with Radar,0,26,44,0,70,0,4,91,0,95,0,30,135,0,165,220,0,220,385
09/30/2021,BJC,CO,ANM,WE,Towers with Radar,0,29,87,0,116,0,0,96,0,96,0,29,183,0,212,479,0,479,691
10/01/2021,BJC,CO,ANM,WE,Towers with Radar,0,29,63,4,96,0,2,390,3,395,0,31,453,7,491,509,2,511,1002
10/02/2021,BJC,CO,ANM,WE,Towers with Radar,0,20,32,0,52,0,1,249,0,250,0,21,281,0,302,287,0,287,589
10/03/2021,BJC,CO,ANM,WE,Towers with Radar,0,26,45,0,71,0,2,382,6,390,0,28,427,6,461,339,22,361,822
10/04/2021,BJC,CO,ANM,WE,Towers with Radar,0,21,53,4,78,1,1,262,2,266,1,22,315,6,344,488,0,488,832
10/05/2021,BJC,CO,ANM,WE,Towers with Radar,0,19,42,1,62,1,2,251,3,257,1,21,293,4,319,599,4,603,922
10/06/2021,BJC,CO,ANM,WE,Towers with Radar,0,21,61,1,83,0,1,252,4,257,0,22,313,5,340,493,12,505,845
10/07/2021,BJC,CO,ANM,WE,Towers with Radar,0,31,52,0,83,0,0,311,0,311,0,31,363,0,394,690,0,690,1084
10/08/2021,BJC,CO,ANM,WE,Towers with Radar,0,29,54,0,83,0,4,222,0,226,0,33,276,0,309,443,0,443,752
10/09/2021,BJC,CO,ANM,WE,Towers with Radar,0,21,23,0,44,0,0,49,0,49,0,21,72,0,93,102,0,102,195
10/10/2021,BJC,CO,ANM,WE,Towers with Radar,0,25,30,0,55,0,7,250,0,257,0,32,280,0,312,325,0,325,637
10/11/2021,BJC,CO,ANM,WE,Towers with Radar,0,35,39,0,74,0,0,212,0,212,0,35,251,0,286,314,0,314,600
10/12/2021,BJC,CO,ANM,WE,Towers with Radar,0,31,47,0,78,0,0,52,2,54,0,31,99,2,132,223,0,223,355
10/13/2021,BJC,CO,ANM,WE,Towers with Radar,0,34,41,1,76,0,2,61,1,64,0,36,102,2,140,144,0,144,284
10/14/2021,BJC,CO,ANM,WE,Towers with Radar,0,41,61,4,106,0,1,0,1,2,0,42,61,5,108,0,0,0,108
10/15/2021,BJC,CO,ANM,WE,Towers with Radar,0,32,88,0,120,0,3,751,4,758,0,35,839,4,878,454,2,456,1334
10/16/2021,BJC,CO,ANM,WE,Towers with Radar,0,18,34,0,52,0,0,418,0,418,0,18,452,0,470,494,0,494,964
10/17/2021,BJC,CO,ANM,WE,Towers with Radar,0,53,60,1,114,0,2,259,1,262,0,55,319,2,376,354,3,357,733
10/18/2021,BJC,CO,ANM,WE,Towers with Radar,0,36,58,2,96,1,0,211,3,215,1,36,269,5,311,414,0,414,725
10/19/2021,BJC,CO,ANM,WE,Towers with Radar,0,27,43,0,70,0,0,128,1,129,0,27,171,1,199,467,0,467,666
10/20/2021,BJC,CO,ANM,WE,Towers with Radar,0,33,69,0,102,0,2,333,3,338,0,35,402,3,440,658,18,676,1116
10/21/2021,BJC,CO,ANM,WE,Towers with Radar,0,49,61,7,117,0,0,305,6,311,0,49,366,13,428,733,20,753,1181
10/22/2021,BJC,CO,ANM,WE,Towers with Radar,0,26,49,0,75,1,3,319,9,332,1,29,368,9,407,621,11,632,1039
10/23/2021,BJC,CO,ANM,WE,Towers with Radar,0,14,21,0,35,0,0,303,0,303,0,14,324,0,338,233,0,233,571
10/24/2021,BJC,CO,ANM,WE,Towers with Radar,0,29,33,0,62,0,0,113,0,113,0,29,146,0,175,109,0,109,284
10/25/2021,BJC,CO,ANM,WE,Towers with Radar,0,30,55,1,86,0,0,245,14,259,0,30,300,15,345,383,21,404,749
10/26/2021,BJC,CO,ANM,WE,Towers with Radar,0,19,29,0,48,0,0,49,0,49,0,19,78,0,97,95,0,95,192
10/27/2021,BJC,CO,ANM,WE,Towers with Radar,0,36,33,0,69,0,2,118,9,129,0,38,151,9,198,184,34,218,416
10/28/2021,BJC,CO,ANM,WE,Towers with Radar,0,34,45,0,79,0,2,254,11,267,0,36,299,11,346,471,60,531,877
10/29/2021,BJC,CO,ANM,WE,Towers with Radar,0,22,43,3,68,0,0,313,2,315,0,22,356,5,383,559,10,569,952
10/30/2021,BJC,CO,ANM,WE,Towers with Radar,0,10,24,0,34,0,0,325,2,327,0,10,349,2,361,390,0,390,751
10/31/2021,BJC,CO,ANM,WE,Towers with Radar,0,29,44,2,75,0,0,15,0,15,0,29,59,2,90,77,0,77,167
11/01/2021,BJC,CO,ANM,WE,Towers with Radar,0,28,41,2,71,0,0,1,0,1,0,28,42,2,72,0,0,0,72
11/02/2021,BJC,CO,ANM,WE,Towers with Radar,0,25,34,0,59,0,0,1,0,1,0,25,35,0,60,6,0,6,66
11/03/2021,BJC,CO,ANM,WE,Towers with Radar,0,42,33,0,75,0,5,270,0,275,0,47,303,0,350,581,0,581,931
11/04/2021,BJC,CO,ANM,WE,Towers with Radar,1,27,41,0,69,0,4,403,6,413,1,31,444,6,482,531,21,552,1034
11/05/2021,BJC,CO,ANM,WE,Towers with Radar,2,38,52,4,96,0,0,151,0,151,2,38,203,4,247,151,0,151,398
11/06/2021,BJC,CO,ANM,WE,Towers with Radar,0,13,31,0,44,0,1,321,0,322,0,14,352,0,366,507,0,507,873
11/07/2021,BJC,CO,ANM,WE,Towers with Radar,0,26,42,0,68,0,0,206,0,206,0,26,248,0,274,446,0,446,720
11/08/2021,BJC,CO,ANM,WE,Towers with Radar,0,24,47,0,71,0,0,194,0,194,0,24,241,0,265,570,0,570,835
11/09/2021,BJC,CO,ANM,WE,Towers with Radar,0,37,48,1,86,0,0,290,3,293,0,37,338,4,379,597,10,607,986
11/10/2021,BJC,CO,ANM,WE,Towers with Radar,0,24,51,3,78,0,0,40,0,40,0,24,91,3,118,26,0,26,144
11/11/2021,BJC,CO,ANM,WE,Towers with Radar,0,16,44,0,60,0,0,53,0,53,0,16,97,0,113,93,0,93,206
11/12/2021,BJC,CO,ANM,WE,Towers with Radar,0,17,55,0,72,0,1,318,0,319,0,18,373,0,391,541,0,541,932
11/13/2021,BJC,CO,ANM,WE,Towers with Radar,0,10,24,0,34,0,0,23,0,23,0,10,47,0,57,5,0,5,62
11/14/2021,BJC,CO,ANM,WE,Towers with Radar,0,21,42,0,63,0,0,34,0,34,0,21,76,0,97,100,0,100,197
11/15/2021,BJC,CO,ANM,WE,Towers with Radar,0,27,42,0,69,0,6,165,2,173,0,33,207,2,242,227,0,227,469
11/16/2021,BJC,CO,ANM,WE,Towers with Radar,0,32,43,2,77,0,0,32,1,33,0,32,75,3,110,29,7,36,146
11/17/2021,BJC,CO,ANM,WE,Towers with Radar,0,44,51,0,95,0,1,283,3,287,0,45,334,3,382,557,2,559,941
11/18/2021,BJC,CO,ANM,WE,Towers with Radar,0,34,36,5,75,0,7,303,4,314,0,41,339,9,389,688,4,692,1081
11/19/2021,BJC,CO,ANM,WE,Towers with Radar,2,34,62,1,99,0,1,98,9,108,2,35,160,10,207,181,8,189,396
11/20/2021,BJC,CO,ANM,WE,Towers with Radar,0,21,44,0,65,0,1,235,0,236,0,22,279,0,301,458,0,458,759
11/21/2021,BJC,CO,ANM,WE,Towers with Radar,0,26,44,1,71,0,0,293,0,293,0,26,337,1,364,390,0,390,754
11/22/2021,BJC,CO,ANM,WE,Towers with Radar,0,28,30,0,58,0,0,246,6,252,0,28,276,6,310,442,28,470,780
11/23/2021,BJC,CO,ANM,WE,Towers with Radar,0,32,39,0,71,0,1,101,6,108,0,33,140,6,179,250,2,252,431
11/24/2021,BJC,CO,ANM,WE,Towers with Radar,0,31,44,0,75,0,2,76,4,82,0,33,120,4,157,374,2,376,533
11/25/2021,BJC,CO,ANM,WE,Towers with Radar,0,10,12,0,22,0,0,61,0,61,0,10,73,0,83,99,0,99,182
11/26/2021,BJC,CO,ANM,WE,Towers with Radar,0,19,39,0,58,0,2,254,0,256,0,21,293,0,314,393,0,393,707
11/27/2021,BJC,CO,ANM,WE,Towers with Radar,0,48,48,0,96,0,0,248,2,250,0,48,296,2,346,369,0,369,715
11/28/2021,BJC,CO,ANM,WE,Towers with Radar,0,40,70,0,110,0,0,197,0,197,0,40,267,0,307,295,0,295,602
11/29/2021,BJC,CO,ANM,WE,Towers with Radar,0,22,47,0,69,0,0,223,4,227,0,22,270,4,296,505,15,520,816
11/30/2021,BJC,CO,ANM,WE,Towers with Radar,0,21,46,0,67,0,0,283,10,293,0,21,329,10,360,664,15,679,1039
12/01/2021,BJC,CO,ANM,WE,Towers with Radar,0,30,45,3,78,0,1,188,11,200,0,31,233,14,278,323,35,358,636
12/02/2021,BJC,CO,ANM,WE,Towers with Radar,0,34,42,0,76,0,0,328,11,339,0,34,370,11,415,570,19,589,1004
12/03/2021,BJC,CO,ANM,WE,Towers with Radar,0,19,44,5,68,0,2,269,0,271,0,21,313,5,339,634,0,634,973
12/04/2021,BJC,CO,ANM,WE,Towers with Radar,0,10,22,0,32,0,2,307,0,309,0,12,329,0,341,539,0,539,880
12/05/2021,BJC,CO,ANM,WE,Towers with Radar,0,17,29,1,47,0,0,13,0,13,0,17,42,1,60,0,0,0,60
12/06/2021,BJC,CO,ANM,WE,Towers with Radar,0,21,29,0,50,0,1,166,2,169,0,22,195,2,219,536,0,536,755
12/07/2021,BJC,CO,ANM,WE,Towers with Radar,0,27,24,1,52,0,2,176,3,181,0,29,200,4,233,236,0,236,469
12/08/2021,BJC,CO,ANM,WE,Towers with Radar,0,21,63,0,84,0,2,147,6,155,0,23,210,6,239,289,0,289,528
12/09/2021,BJC,CO,ANM,WE,Towers with Radar,0,23,44,0,67,0,0,262,0,262,0,23,306,0,329,634,0,634,963
12/10/2021,BJC,CO,ANM,WE,Towers with Radar,0,28,26,0,54,0,0,2,0,2,0,28,28,0,56,100,0,100,156
12/11/2021,BJC,CO,ANM,WE,Towers with Radar,0,7,18,2,27,0,0,56,0,56,0,7,74,2,83,67,0,67,150
12/12/2021,BJC,CO,ANM,WE,Towers with Radar,0,30,35,0,65,0,2,111,0,113,0,32,146,0,178,244,0,244,422
12/13/2021,BJC,CO,ANM,WE,Towers with Radar,0,24,39,1,64,0,0,315,0,315,0,24,354,1,379,612,0,612,991
12/14/2021,BJC,CO,ANM,WE,Towers with Radar,0,26,44,0,70,0,1,315,2,318,0,27,359,2,388,656,0,656,1044
12/15/2021,BJC,CO,ANM,WE,Towers with Radar,0,6,14,0,20,0,0,2,0,2,0,6,16,0,22,0,0,0,22
12/16/2021,BJC,CO,ANM,WE,Towers with Radar,0,26,50,2,78,0,0,275,5,280,0,26,325,7,358,485,7,492,850
12/17/2021,BJC,CO,ANM,WE,Towers with Radar,0,27,31,2,60,0,0,69,1,70,0,27,100,3,130,56,8,64,194
12/18/2021,BJC,CO,ANM,WE,Towers with Radar,0,28,47,1,76,0,0,274,2,276,0,28,321,3,352,344,0,344,696
12/19/2021,BJC,CO,ANM,WE,Towers with Radar,0,28,49,1,78,0,2,184,0,186,0,30,233,1,264,277,0,277,541
12/20/2021,BJC,CO,ANM,WE,Towers with Radar,1,36,32,0,69,0,1,228,2,231,1,37,260,2,300,357,0,357,657
12/21/2021,BJC,CO,ANM,WE,Towers with Radar,1,26,32,0,59,0,16,97,2,115,1,42,129,2,174,281,0,281,455
12/22/2021,BJC,CO,ANM,WE,Towers with Radar,0,35,45,0,80,0,0,144,0,144,0,35,189,0,224,203,0,203,427
12/23/2021,BJC,CO,ANM,WE,Towers with Radar,0,34,26,2,62,0,0,102,0,102,0,34,128,2,164,240,0,240,404
12/24/2021,BJC,CO,ANM,WE,Towers with Radar,0,28,27,0,55,0,1,59,0,60,0,29,86,0,115,133,0,133,248
12/25/2021,BJC,CO,ANM,WE,Towers with Radar,0,26,11,0,37,0,0,10,0,10,0,26,21,0,47,7,0,7,54
12/26/2021,BJC,CO,ANM,WE,Towers with Radar,0,45,59,0,104,0,0,37,0,37,0,45,96,0,141,94,0,94,235
12/27/2021,BJC,CO,ANM,WE,Towers with Radar,0,39,92,0,131,0,0,172,2,174,0,39,264,2,305,125,0,125,430
12/28/2021,BJC,CO,ANM,WE,Towers with Radar,0,31,42,0,73,0,0,156,0,156,0,31,198,0,229,308,0,308,537
12/29/2021,BJC,CO,ANM,WE,Towers with Radar,0,37,43,0,80,0,0,305,0,305,0,37,348,0,385,384,0,384,769
12/30/2021,BJC,CO,ANM,WE,Towers with Radar,0,17,23,0,40,0,0,3,0,3,0,17,26,0,43,0,0,0,43
12/31/2021,BJC,CO,ANM,WE,Towers with Radar,0,0,13,4,17,0,2,1,0,3,0,2,14,4,20,0,0,0,20
01/01/2022,BJC,CO,ANM,WE,Towers with Radar,0,5,11,0,16,0,0,4,0,4,0,5,15,0,20,0,0,0,20
01/02/2022,BJC,CO,ANM,WE,Towers with Radar,0,11,52,0,63,0,3,38,0,41,0,14,90,0,104,20,0,20,124
01/03/2022,BJC,CO,ANM,WE,Towers with Radar,0,18,37,0,55,0,0,201,0,201,0,18,238,0,256,58,0,58,314
01/04/2022,BJC,CO,ANM,WE,Towers with Radar,0,26,27,0,53,0,0,20,0,20,0,26,47,0,73,15,0,15,88
01/05/2022,BJC,CO,ANM,WE,Towers with Radar,0,13,24,0,37,0,1,25,0,26,0,14,49,0,63,156,0,156,219
01/06/2022,BJC,CO,ANM,WE,Towers with Radar,0,16,24,1,41,0,0,28,4,32,0,16,52,5,73,64,0,64,137
01/07/2022,BJC,CO,ANM,WE,Towers with Radar,0,16,38,1,55,0,1,136,2,139,0,17,174,3,194,172,0,172,366
01/08/2022,BJC,CO,ANM,WE,Towers with Radar,0,11,29,0,40,0,0,179,0,179,0,11,208,0,219,426,0,426,645
01/09/2022,BJC,CO,ANM,WE,Towers with Radar,0,16,39,0,55,0,0,134,0,134,0,16,173,0,189,206,0,206,395
01/10/2022,BJC,CO,ANM,WE,Towers with Radar,0,20,36,1,57,0,0,251,1,252,0,20,287,2,309,334,7,341,650
01/11/2022,BJC,CO,ANM,WE,Towers with Radar,0,11,37,0,48,0,1,192,0,193,0,12,229,0,241,206,0,206,447
01/12/2022,BJC,CO,ANM,WE,Towers with Radar,0,23,41,2,66,0,0,259,0,259,0,23,300,2,325,342,0,342,667
01/13/2022,BJC,CO,ANM,WE,Towers with Radar,2,22,59,2,85,0,1,355,3,359,2,23,414,5,444,460,6,466,910
01/14/2022,BJC,CO,ANM,WE,Towers with Radar,1,15,32,3,51,0,0,24,1,25,1,15,56,4,76,15,0,15,91
01/15/2022,BJC,CO,ANM,WE,Towers with Radar,0,17,29,4,50,0,0,301,0,301,0,17,330,4,351,350,0,350,701
01/16/2022,BJC,CO,ANM,WE,Towers with Radar,0,15,43,4,62,0,1,302,0,303,0,16,345,4,365,317,0,317,682
01/17/2022,BJC,CO,ANM,WE,Towers with Radar,0,19,49,4,72,0,0,267,0,267,0,19,316,4,339,215,0,215,554
01/18/2022,BJC,CO,ANM,WE,Towers with Radar,0,19,40,1,60,0,0,228,5,233,0,19,268,6,293,370,33,403,696
01/19/2022,BJC,CO,ANM,WE,Towers with Radar,0,5,6,0,11,0,0,0,0,0,0,5,6,0,11,0,0,0,11
01/20/2022,BJC,CO,ANM,WE,Towers with Radar,0,25,60,0,85,0,0,16,0,16,0,25,76,0,101,16,0,16,117
01/21/2022,BJC,CO,ANM,WE,Towers with Radar,0,19,29,0,48,0,0,15,0,15,0,19,44,0,63,2,0,2,65
01/22/2022,BJC,CO,ANM,WE,Towers with Radar,0,11,38,0,49,0,1,265,0,266,0,12,303,0,315,337,0,337,652
01/23/2022,BJC,CO,ANM,WE,Towers with Radar,0,19,40,0,59,0,0,452,0,452,0,19,492,0,511,350,0,350,861
01/24/2022,BJC,CO,ANM,WE,Towers with Radar,0,23,39,2,64,0,0,296,3,299,0,23,335,5,363,395,0,395,758
01/25/2022,BJC,CO,ANM,WE,Towers with Radar,0,13,27,0,40,0,0,0,0,0,0,13,27,0,40,0,0,0,40
01/26/2022,BJC,CO,ANM,WE,Towers with Radar,0,15,53,1,69,0,1,304,2,307,0,16,357,3,376,438,0,438,814
01/27/2022,BJC,CO,ANM,WE,Towers with Radar,0,23,34,0,57,0,0,3,0,3,0,23,37,0,60,2,0,2,62
01/28/2022,BJC,CO,ANM,WE,Towers with Radar,0,26,36,0,62,0,0,302,6,308,0,26,338,6,370,567,2,569,939
01/29/2022,BJC,CO,ANM,WE,Towers with Radar,0,14,33,0,47,0,1,371,1,373,0,15,404,1,420,452,11,463,883
01/30/2022,BJC,CO,ANM,WE,Towers with Radar,0,10,37,0,47,0,0,365,0,365,0,10,402,0,412,508,0,508,920
01/31/2022,BJC,CO,ANM,WE,Towers with Radar,1,15,34,1,51,0,2,56,1,59,1,17,90,2,110,54,0,54,164
02/01/2022,BJC,CO,ANM,WE,Towers with Radar,0,15,41,0,56,0,0,111,0,111,0,15,152,0,167,249,0,249,416
02/02/2022,BJC,CO,ANM,WE,Towers with Radar,0,14,14,0,28,0,0,0,0,0,0,14,14,0,28,0,0,0,28
02/03/2022,BJC,CO,ANM,WE,Towers with Radar,0,16,27,0,43,0,1,166,0,167,0,17,193,0,210,259,0,259,469
02/04/2022,BJC,CO,ANM,WE,Towers with Radar,0,25,53,1,79,0,0,272,1,273,0,25,325,2,352,614,0,614,966
02/05/2022,BJC,CO,ANM,WE,Towers with Radar,0,16,26,0,42,0,0,59,2,61,0,16,85,2,103,64,0,64,167
02/06/2022,BJC,CO,ANM,WE,Towers with Radar,0,20,39,0,59,0,0,310,0,310,0,20,349,0,369,613,0,613,982
02/07/2022,BJC,CO,ANM,WE,Towers with Radar,0,16,36,1,53,0,2,339,4,345,0,18,375,5,398,475,14,489,887
02/08/2022,BJC,CO,ANM,WE,Towers with Radar,0,25,58,0,83,0,0,114,2,116,0,25,172,2,199,105,0,105,304
02/09/2022,BJC,CO,ANM,WE,Towers with Radar,0,29,40,2,71,0,1,309,7,317,0,30,349,9,388,433,3,436,824
02/10/2022,BJC,CO,ANM,WE,Towers with Radar,0,26,54,0,80,0,0,178,0,178,0,26,232,0,258,252,0,252,510
02/11/2022,BJC,CO,ANM,WE,Towers with Radar,0,29,45,0,74,0,0,37,0,37,0,29,82,0,111,177,0,177,288
02/12/2022,BJC,CO,ANM,WE,Towers with Radar,0,10,29,2,41,0,0,162,0,162,0,10,191,2,203,251,0,251,454
02/13/2022,BJC,CO,ANM,WE,Towers with Radar,0,24,40,0,64,0,4,307,0,311,0,28,347,0,375,267,0,267,642
02/14/2022,BJC,CO,ANM,WE,Towers with Radar,0,28,46,0,74,0,0,317,2,319,0,28,363,2,393,343,8,351,744
02/15/2022,BJC,CO,ANM,WE,Towers with Radar,0,30,53,0,83,0,0,442,2,444,0,30,495,2,527,524,4,528,1055
02/16/2022,BJC,CO,ANM,WE,Towers with Radar,0,33,24,0,57,0,0,8,0,8,0,33,32,0,65,0,0,0,65
02/17/2022,BJC,CO,ANM,WE,Towers with Radar,0,31,70,0,101,0,0,132,0,132,0,31,202,0,233,310,0,310,543
02/18/2022,BJC,CO,ANM,WE,Towers with Radar,0,27,43,0,70,0,12,290,16,318,0,39,333,16,388,474,26,500,888
02/19/2022,BJC,CO,ANM,WE,Towers with Radar,0,15,27,0,42,0,2,316,0,318,0,17,343,0,360,409,0,409,769
02/20/2022,BJC,CO,ANM,WE,Towers with Radar,0,29,36,0,65,0,0,213,0,213,0,29,249,0,278,262,0,262,540
02/21/2022,BJC,CO,ANM,WE,Towers with Radar,0,34,51,2,87,0,0,119,0,119,0,34,170,2,206,240,0,240,446
02/22/2022,BJC,CO,ANM,WE,Towers with Radar,0,30,32,0,62,0,0,0,0,0,0,30,32,0,62,0,0,0,62
02/23/2022,BJC,CO,ANM,WE,Towers with Radar,0,18,28,0,46,0,0,0,0,0,0,18,28,0,46,0,0,0,46
02/24/2022,BJC,CO,ANM,WE,Towers with Radar,0,31,45,0,76,0,1,120,10,131,0,32,165,10,207,405,0,405,612
02/25/2022,BJC,CO,ANM,WE,Towers with Radar,1,32,47,2,82,0,2,197,0,199,1,34,244,2,281,702,0,702,983
02/26/2022,BJC,CO,ANM,WE,Towers with Radar,1,16,33,0,50,0,0,264,0,264,1,16,297,0,314,613,0,613,927
02/27/2022,BJC,CO,ANM,WE,Towers with Radar,0,23,48,1,72,0,14,284,0,298,0,37,332,1,370,427,0,427,797
02/28/2022,BJC,CO,ANM,WE,Towers with Radar,1,16,45,0,62,0,2,288,2,292,1,18,333,2,354,615,0,615,969
03/01/2022,BJC,CO,ANM,WE,Towers with Radar,0,17,28,0,45,0,2,376,14,392,0,19,404,14,437,793,23,816,1253
03/02/2022,BJC,CO,ANM,WE,Towers with Radar,0,16,39,0,55,0,5,349,1,355,0,21,388,1,410,771,8,779,1189
03/03/2022,BJC,CO,ANM,WE,Towers with Radar,0,17,59,0,76,0,8,335,2,345,0,25,394,2,421,623,4,627,1048
03/04/2022,BJC,CO,ANM,WE,Towers with Radar,0,19,50,1,70,0,3,249,0,252,0,22,299,1,322,596,0,596,918
03/05/2022,BJC,CO,ANM,WE,Towers with Radar,0,11,12,0,23,0,0,0,0,0,0,11,12,0,23,0,0,0,23
03/06/2022,BJC,CO,ANM,WE,Towers with Radar,0,18,22,0,40,0,0,0,0,0,0,18,22,0,40,0,0,0,40
03/07/2022,BJC,CO,ANM,WE,Towers with Radar,0,28,39,0,67,0,0,111,0,111,0,28,150,0,178,435,0,435,613
03/08/2022,BJC,CO,ANM,WE,Towers with Radar,0,26,40,0,66,0,59,337,0,396,0,85,377,0,462,380,0,380,842
03/09/2022,BJC,CO,ANM,WE,Towers with Radar,0,20,11,0,31,0,0,0,0,0,0,20,11,0,31,0,0,0,31
03/10/2022,BJC,CO,ANM,WE,Towers with Radar,0,13,40,0,53,0,1,41,2,44,0,14,81,2,97,197,5,202,299
03/11/2022,BJC,CO,ANM,WE,Towers with Radar,0,14,65,0,79,0,1,316,0,317,0,15,381,0,396,438,0,438,834
03/12/2022,BJC,CO,ANM,WE,Towers with Radar,0,18,24,0,42,0,0,96,0,96,0,18,120,0,138,101,0,101,239
03/13/2022,BJC,CO,ANM,WE,Towers with Radar,0,19,53,0,72,0,3,359,1,363,0,22,412,1,435,323,0,323,758
03/14/2022,BJC,CO,ANM,WE,Towers with Radar,0,26,39,1,66,0,0,310,10,320,0,26,349,11,386,640,22,662,1048
03/15/2022,BJC,CO,ANM,WE,Towers with Radar,0,24,35,1,60,0,2,355,0,357,0,26,390,1,417,643,0,643,1060
03/16/2022,BJC,CO,ANM,WE,Towers with Radar,0,38,35,1,74,0,1,132,0,133,0,39,167,1,207,393,0,393,600
03/17/2022,BJC,CO,ANM,WE,Towers with Radar,0,27,27,2,56,0,0,0,0,0,0,27,27,2,56,0,0,0,56
03/18/2022,BJC,CO,ANM,WE,Towers with Radar,0,21,48,2,71,0,2,318,0,320,0,23,366,2,391,520,0,520,911
03/19/2022,BJC,CO,ANM,WE,Towers with Radar,0,35,42,0,77,0,0,466,0,466,0,35,508,0,543,431,0,431,974
03/20/2022,BJC,CO,ANM,WE,Towers with Radar,0,39,26,0,65,0,1,252,0,253,0,40,278,0,318,504,0,504,822
03/21/2022,BJC,CO,ANM,WE,Towers with Radar,0,25,17,0,42,0,0,4,0,4,0,25,21,0,46,32,0,32,78
03/22/2022,BJC,CO,ANM,WE,Towers with Radar,0,10,36,0,46,0,0,42,0,42,0,10,78,0,88,95,0,95,183
03/23/2022,BJC,CO,ANM,WE,Towers with Radar,0,26,29,0,55,0,1,38,0,39,0,27,67,0,94,55,0,55,149
03/24/2022,BJC,CO,ANM,WE,Towers with Radar,0,23,25,4,52,0,8,260,4,272,0,31,285,8,324,498,16,514,838
03/25/2022,BJC,CO,ANM,WE,Towers with Radar,0,17,49,1,67,0,19,441,4,464,0,36,490,5,531,1025,0,1025,1556
03/26/2022,BJC,CO,ANM,WE,Towers with Radar,0,22,42,0,64,0,69,232,3,304,0,91,274,3,368,304,2,306,674
03/27/2022,BJC,CO,ANM,WE,Towers with Radar,0,28,46,4,78,0,50,464,4,518,0,78,510,8,596,624,0,624,1220
03/28/2022,BJC,CO,ANM,WE,Towers with Radar,0,24,42,2,68,0,0,306,8,314,0,24,348,10,382,633,30,663,1045
03/29/2022,BJC,CO,ANM,WE,Towers with Radar,0,19,27,0,46,0,4,24,2,30,0,23,51,2,76,182,4,186,262
03/30/2022,BJC,CO,ANM,WE,Towers with Radar,0,18,47,4,69,0,5,148,4,157,0,23,195,8,226,521,29,550,776
03/31/2022,BJC,CO,ANM,WE,Towers with Radar,0,31,45,0,76,0,22,407,7,436,0,53,452,7,512,896,15,911,1423
04/01/2022,BJC,CO,ANM,WE,Towers with Radar,0,39,53,2,94,0,3,313,13,329,0,42,366,15,423,873,45,918,1341
04/02/2022,BJC,CO,ANM,WE,Towers with Radar,0,16,36,0,52,0,3,421,0,424,0,19,457,0,476,661,0,661,1137
04/03/2022,BJC,CO,ANM,WE,Towers with Radar,0,28,38,0,66,0,0,228,3,231,0,28,266,3,297,625,14,639,936
04/04/2022,BJC,CO,ANM,WE,Towers with Radar,0,33,47,0,80,0,1,250,0,251,0,34,297,0,331,591,0,591,922
04/05/2022,BJC,CO,ANM,WE,Towers with Radar,0,24,28,0,52,0,0,1,0,1,0,24,29,0,53,2,0,2,55
04/06/2022,BJC,CO,ANM,WE,Towers with Radar,0,22,27,0,49,0,0,12,0,12,0,22,39,0,61,4,0,4,65
04/07/2022,BJC,CO,ANM,WE,Towers with Radar,0,18,37,0,55,0,1,78,4,83,0,19,115,4,138,147,6,153,291
04/08/2022,BJC,CO,ANM,WE,Towers with Radar,0,25,47,0,72,0,3,453,6,462,0,28,500,6,534,740,17,757,1291
04/09/2022,BJC,CO,ANM,WE,Towers with Radar,0,21,35,0,56,0,1,341,0,342,0,22,376,0,398,512,0,512,910
04/10/2022,BJC,CO,ANM,WE,Towers with Radar,0,9,41,0,50,0,0,15,0,15,0,9,56,0,65,105,0,105,170
04/11/2022,BJC,CO,ANM,WE,Towers with Radar,0,19,48,0,67,0,0,301,4,305,0,19,349,4,372,737,8,745,1117
04/12/2022,BJC,CO,ANM,WE,Towers with Radar,0,12,30,2,44,0,1,13,0,14,0,13,43,2,58,11,0,11,69
04/13/2022,BJC,CO,ANM,WE,Towers with Radar,0,27,33,0,60,0,1,58,4,63,0,28,91,4,123,178,2,180,303
04/14/2022,BJC,CO,ANM,WE,Towers with Radar,0,30,50,0,80,0,0,56,0,56,0,30,106,0,136,179,0,179,315
04/15/2022,BJC,CO,ANM,WE,Towers with Radar,0,15,40,0,55,0,0,181,2,183,0,15,221,2,238,346,0,346,584
04/16/2022,BJC,CO,ANM,WE,Towers with Radar,0,13,34,0,47,0,0,427,0,427,0,13,461,0,474,825,0,825,1299
04/17/2022,BJC,CO,ANM,WE,Towers with Radar,0,22,30,0,52,0,0,80,0,80,0,22,110,0,132,200,0,200,332
04/18/2022,BJC,CO,ANM,WE,Towers with Radar,0,18,65,0,83,0,0,374,5,379,0,18,439,5,462,790,3,793,1255
04/19/2022,BJC,CO,ANM,WE,Towers with Radar,0,16,32,4,52,0,0,237,0,237,0,16,269,4,289,649,0,649,938
04/20/2022,BJC,CO,ANM,WE,Towers with Radar,0,18,41,0,59,0,0,298,2,300,0,18,339,2,359,844,6,850,1209
04/21/2022,BJC,CO,ANM,WE,Towers with Radar,0,32,58,1,91,0,0,453,2,455,0,32,511,3,546,807,2,809,1355
04/22/2022,BJC,CO,ANM,WE,Towers with Radar,0,21,34,0,55,0,1,84,3,88,0,22,118,3,143,239,5,244,387
04/23/2022,BJC,CO,ANM,WE,Towers with Radar,0,13,22,0,35,0,0,8,0,8,0,13,30,0,43,6,0,6,49
04/24/2022,BJC,CO,ANM,WE,Towers with Radar,0,25,37,0,62,0,0,193,1,194,0,25,230,1,256,651,0,651,907
04/25/2022,BJC,CO,ANM,WE,Towers with Radar,0,28,33,0,61,0,0,272,3,275,0,28,305,3,336,594,9,603,939
04/26/2022,BJC,CO,ANM,WE,Towers with Radar,0,14,38,2,54,0,0,344,2,346,0,14,382,4,400,810,10,820,1220
04/27/2022,BJC,CO,ANM,WE,Towers with Radar,0,32,51,0,83,0,0,309,9,318,0,32,360,9,401,609,8,617,1018
04/28/2022,BJC,CO,ANM,WE,Towers with Radar,0,26,59,0,85,0,4,404,7,415,0,30,463,7,500,686,10,696,1196
04/29/2022,BJC,CO,ANM,WE,Towers with Radar,0,13,29,0,42,0,1,48,0,49,0,14,77,0,91,179,0,179,270
04/30/2022,BJC,CO,ANM,WE,Towers with Radar,0,18,24,0,42,0,0,315,0,315,0,18,339,0,357,537,0,537,894
05/01/2022,BJC,CO,ANM,WE,Towers with Radar,0,31,27,0,58,0,0,299,1,300,0,31,326,1,358,614,0,614,972
05/02/2022,BJC,CO,ANM,WE,Towers with Radar,0,20,44,0,64,0,0,4,0,4,0,20,48,0,68,123,0,123,191
05/03/2022,BJC,CO,ANM,WE,Towers with Radar,0,26,80,0,106,0,0,80,0,80,0,26,160,0,186,418,0,418,604
05/04/2022,BJC,CO,ANM,WE,Towers with Radar,0,44,51,0,95,0,2,4,3,9,0,46,55,3,104,72,0,72,176
05/05/2022,BJC,CO,ANM,WE,Towers with Radar,0,34,64,2,100,0,1,368,7,376,0,35,432,9,476,656,22,678,1154
05/06/2022,BJC,CO,ANM,WE,Towers with Radar,0,28,58,2,88,0,3,206,10,219,0,31,264,12,307,319,26,345,652
05/07/2022,BJC,CO,ANM,WE,Towers with Radar,0,11,39,0,50,0,1,163,1,165,0,12,202,1,215,403,0,403,618
05/08/2022,BJC,CO,ANM,WE,Towers with Radar,0,30,56,0,86,0,0,184,0,184,0,30,240,0,270,463,0,463,733
05/09/2022,BJC,CO,ANM,WE,Towers with Radar,0,31,37,0,68,0,1,107,0,108,0,32,144,0,176,280,0,280,456
05/10/2022,BJC,CO,ANM,WE,Towers with Radar,0,13,40,4,57,0,0,425,2,427,0,13,465,6,484,686,8,694,1178
05/11/2022,BJC,CO,ANM,WE,Towers with Radar,0,21,43,0,64,0,0,215,7,222,0,21,258,7,286,313,6,319,605
05/12/2022,BJC,CO,ANM,WE,Towers with Radar,0,23,56,4,83,13,0,38,0,51,13,23,94,4,134,71,0,71,205
05/13/2022,BJC,CO,ANM,WE,Towers with Radar,0,31,41,0,72,19,2,237,2,260,19,33,278,2,332,336,5,341,673
05/14/2022,BJC,CO,ANM,WE,Towers with Radar,0,12,47,0,59,1,1,321,0,323,1,13,368,0,382,398,0,398,780
05/15/2022,BJC,CO,ANM,WE,Towers with Radar,0,16,49,0,65,1,0,252,0,253,1,16,301,0,318,493,0,493,811
05/16/2022,BJC,CO,ANM,WE,Towers with Radar,0,32,45,0,77,0,0,272,9,281,0,32,317,9,358,466,0,466,824
05/17/2022,BJC,CO,ANM,WE,Towers with Radar,0,27,40,0,67,0,0,274,0,274,0,27,314,0,341,374,0,374,715
05/18/2022,BJC,CO,ANM,WE,Towers with Radar,0,27,31,4,62,7,1,347,0,355,7,28,378,4,417,665,0,665,1082
05/19/2022,BJC,CO,ANM,WE,Towers with Radar,0,16,40,2,58,6,0,41,3,50,6,16,81,5,108,0,0,0,108
05/20/2022,BJC,CO,ANM,WE,Towers with Radar,0,17,24,0,41,0,0,0,0,0,0,17,24,0,41,0,0,0,41
05/21/2022,BJC,CO,ANM,WE,Towers with Radar,0,12,13,0,25,0,0,33,0,33,0,12,46,0,58,95,0,95,153
05/22/2022,BJC,CO,ANM,WE,Towers with Radar,0,19,36,0,55,0,0,273,0,273,0,19,309,0,328,517,0,517,845
05/23/2022,BJC,CO,ANM,WE,Towers with Radar,0,19,58,1,78,0,0,61,0,61,0,19,119,1,139,244,0,244,383
05/24/2022,BJC,CO,ANM,WE,Towers with Radar,0,36,94,3,133,0,0,37,0,37,0,36,131,3,170,106,0,106,276
05/25/2022,BJC,CO,ANM,WE,Towers with Radar,0,20,53,4,77,0,1,398,2,401,0,21,451,6,478,586,2,588,1066
05/26/2022,BJC,CO,ANM,WE,Towers with Radar,0,20,55,0,75,0,2,439,0,441,0,22,494,0,516,810,0,810,1326
05/27/2022,BJC,CO,ANM,WE,Towers with Radar,0,21,52,0,73,0,9,296,1,306,0,30,348,1,379,458,0,458,837
05/28/2022,BJC,CO,ANM,WE,Towers with Radar,0,14,26,0,40,0,2,229,0,231,0,16,255,0,271,516,0,516,787
05/29/2022,BJC,CO,ANM,WE,Towers with Radar,0,6,22,0,28,0,1,121,2,124,0,7,143,2,152,259,0,259,411
05/30/2022,BJC,CO,ANM,WE,Towers with Radar,0,9,26,0,35,0,0,46,0,46,0,9,72,0,81,14,0,14,95
05/31/2022,BJC,CO,ANM,WE,Towers with Radar,0,28,52,1,81,0,2,150,6,158,0,30,202,7,239,392,2,394,633
06/01/2022,BJC,CO,ANM,WE,Towers with Radar,0,30,68,1,99,0,0,77,1,78,0,30,145,2,177,377,0,377,554
06/02/2022,BJC,CO,ANM,WE,Towers with Radar,0,29,63,3,95,0,1,393,5,399,0,30,456,8,494,881,9,890,1384
06/03/2022,BJC,CO,ANM,WE,Towers with Radar,0,29,48,0,77,0,2,236,0,238,0,31,284,0,315,424,0,424,739
06/04/2022,BJC,CO,ANM,WE,Towers with Radar,0,14,28,0,42,0,2,334,0,336,0,16,362,0,378,515,0,515,893
06/05/2022,BJC,CO,ANM,WE,Towers with Radar,0,21,48,0,69,0,0,225,0,225,0,21,273,0,294,368,0,368,662
06/06/2022,BJC,CO,ANM,WE,Towers with Radar,0,19,39,0,58,0,0,190,0,190,0,19,229,0,248,370,2,372,620
06/07/2022,BJC,CO,ANM,WE,Towers with Radar,0,29,41,0,70,0,0,195,0,195,0,29,236,0,265,671,0,671,936
06/08/2022,BJC,CO,ANM,WE,Towers with Radar,0,27,42,0,69,0,0,363,2,365,0,27,405,2,434,618,0,618,1052
06/09/2022,BJC,CO,ANM,WE,Towers with Radar,0,28,60,2,90,0,0,284,0,284,0,28,344,2,374,631,0,631,1005
06/10/2022,BJC,CO,ANM,WE,Towers with Radar,0,30,37,1,68,0,1,333,0,334,0,31,370,1,402,671,0,671,1073
06/11/2022,BJC,CO,ANM,WE,Towers with Radar,1,19,24,2,46,0,3,313,0,316,1,22,337,2,362,284,0,284,646
06/12/2022,BJC,CO,ANM,WE,Towers with Radar,0,24,48,1,73,1,0,193,0,194,1,24,241,1,267,272,0,272,539
06/13/2022,BJC,CO,ANM,WE,Towers with Radar,0,26,29,1,56,0,3,127,0,130,0,29,156,1,186,184,0,184,370
06/14/2022,BJC,CO,ANM,WE,Towers with Radar,0,31,53,1,85,0,2,271,2,275,0,33,324,3,360,447,0,447,807
06/15/2022,BJC,CO,ANM,WE,Towers with Radar,0,30,46,0,76,0,3,184,2,189,0,33,230,2,265,323,28,351,616
06/16/2022,BJC,CO,ANM,WE,Towers with Radar,0,37,52,1,90,0,2,388,2,392,0,39,440,3,482,469,24,493,975
06/17/2022,BJC,CO,ANM,WE,Towers with Radar,0,30,39,1,70,0,2,286,0,288,0,32,325,1,358,466,0,466,824
06/18/2022,BJC,CO,ANM,WE,Towers with Radar,0,24,30,3,57,0,4,334,0,338,0,28,364,3,395,469,0,469,864
06/19/2022,BJC,CO,ANM,WE,Towers with Radar,0,32,38,0,70,0,3,199,0,202,0,35,237,0,272,171,0,171,443
06/20/2022,BJC,CO,ANM,WE,Towers with Radar,0,30,32,2,64,0,2,204,0,206,0,32,236,2,270,358,0,358,628
06/21/2022,BJC,CO,ANM,WE,Towers with Radar,0,32,49,0,81,0,0,311,3,314,0,32,360,3,395,436,7,443,838
06/22/2022,BJC,CO,ANM,WE,Towers with Radar,0,26,54,0,80,0,0,415,2,417,0,26,469,2,497,797,2,799,1296
06/23/2022,BJC,CO,ANM,WE,Towers with Radar,0,22,45,1,68,0,4,329,13,346,0,26,374,14,414,412,33,445,859
06/24/2022,BJC,CO,ANM,WE,Towers with Radar,0,21,45,0,66,0,0,275,0,275,0,21,320,0,341,356,0,356,697
06/25/2022,BJC,CO,ANM,WE,Towers with Radar,0,26,43,0,69,0,2,77,0,79,0,28,120,0,148,197,0,197,345
06/26/2022,BJC,CO,ANM,WE,Towers with Radar,0,28,42,0,70,0,0,172,0,172,0,28,214,0,242,556,0,556,798
06/27/2022,BJC,CO,ANM,WE,Towers with Radar,0,24,45,0,69,0,1,289,2,292,0,25,334,2,361,454,4,458,819
06/28/2022,BJC,CO,ANM,WE,Towers with Radar,0,20,44,2,66,0,1,330,2,333,0,21,374,4,399,635,0,635,1034
06/29/2022,BJC,CO,ANM,WE,Towers with Radar,0,35,43,1,79,0,2,206,6,214,0,37,249,7,293,418,8,426,719
06/30/2022,BJC,CO,ANM,WE,Towers with Radar,0,24,45,4,73,0,0,176,11,187,0,24,221,15,260,307,5,312,572
07/01/2022,BJC,CO,ANM,WE,Towers with Radar,0,37,61,2,100,0,6,284,9,299,0,43,345,11,399,445,8,453,852
07/02/2022,BJC,CO,ANM,WE,Towers with Radar,0,13,10,0,23,0,0,300,0,300,0,13,310,0,323,463,0,463,786
07/03/2022,BJC,CO,ANM,WE,Towers with Radar,0,8,28,0,36,0,0,228,0,228,0,8,256,0,264,400,0,400,664
07/04/2022,BJC,CO,ANM,WE,Towers with Radar,0,19,16,0,35,0,0,138,0,138,0,19,154,0,173,180,0,180,353
07/05/2022,BJC,CO,ANM,WE,Towers with Radar,0,25,37,0,62,0,2,188,2,192,0,27,225,2,254,363,10,373,627
07/06/2022,BJC,CO,ANM,WE,Towers with Radar,0,32,70,1,103,0,4,198,0,202,0,36,268,1,305,467,0,467,772
07/07/2022,BJC,CO,ANM,WE,Towers with Radar,0,30,56,0,86,0,1,337,0,338,0,31,393,0,424,580,0,580,1004
07/08/2022,BJC,CO,ANM,WE,Towers with Radar,0,32,39,6,77,0,16,319,4,339,0,48,358,10,416,606,10,616,1032
07/09/2022,BJC,CO,ANM,WE,Towers with Radar,0,19,28,1,48,0,10,246,0,256,0,29,274,1,304,290,0,290,594
07/10/2022,BJC,CO,ANM,WE,Towers with Radar,0,25,38,0,63,9,0,159,0,168,9,25,197,0,231,292,0,292,523
07/11/2022,BJC,CO,ANM,WE,Towers with Radar,0,32,70,0,102,1,2,140,0,143,1,34,210,0,245,392,0,392,637
07/12/2022,BJC,CO,ANM,WE,Towers with Radar,0,23,35,2,60,0,8,282,1,291,0,31,317,3,351,555,1,556,907
07/13/2022,BJC,CO,ANM,WE,Towers with Radar,0,28,39,0,67,0,9,254,4,267,0,37,293,4,334,428,8,436,770
07/14/2022,BJC,CO,ANM,WE,Towers with Radar,0,19,39,2,60,0,0,251,2,253,0,19,290,4,313,447,0,447,760
07/15/2022,BJC,CO,ANM,WE,Towers with Radar,0,19,41,0,60,0,2,304,3,309,0,21,345,3,369,428,2,430,799
07/16/2022,BJC,CO,ANM,WE,Towers with Radar,0,18,18,0,36,0,0,347,0,347,0,18,365,0,383,458,0,458,841
07/17/2022,BJC,CO,ANM,WE,Towers with Radar,0,23,41,0,64,9,0,209,0,218,9,23,250,0,282,396,0,396,678
07/18/2022,BJC,CO,ANM,WE,Towers with Radar,0,30,35,0,65,0,0,192,4,196,0,30,227,4,261,378,13,391,652
07/19/2022,BJC,CO,ANM,WE,Towers with Radar,0,32,38,0,70,2,0,190,9,201,2,32,228,9,271,409,13,422,693
07/20/2022,BJC,CO,ANM,WE,Towers with Radar,0,22,68,0,90,0,10,283,6,299,0,32,351,6,389,659,20,679,1068
07/21/2022,BJC,CO,ANM,WE,Towers with Radar,0,30,48,0,78,3,2,335,5,345,3,32,383,5,423,556,12,568,991
07/22/2022,BJC,CO,ANM,WE,Towers with Radar,0,37,51,0,88,0,0,258,11,269,0,37,309,11,357,386,24,410,767
07/23/2022,BJC,CO,ANM,WE,Towers with Radar,0,18,30,0,48,0,4,247,0,251,0,22,277,0,299,346,0,346,645
07/24/2022,BJC,CO,ANM,WE,Towers with Radar,0,21,48,0,69,0,0,101,0,101,0,21,149,0,170,454,0,454,624
07/25/2022,BJC,CO,ANM,WE,Towers with Radar,0,27,59,2,88,0,6,229,2,237,0,33,288,4,325,590,0,590,915
07/26/2022,BJC,CO,ANM,WE,Towers with Radar,0,19,26,0,45,0,0,163,8,171,0,19,189,8,216,344,14,358,574
07/27/2022,BJC,CO,ANM,WE,Towers with Radar,0,25,61,0,86,0,0,276,2,278,0,25,337,2,364,678,3,681,1045
07/28/2022,BJC,CO,ANM,WE,Towers with Radar,0,34,56,2,92,0,2,44,0,46,0,36,100,2,138,191,0,191,329
07/29/2022,BJC,CO,ANM,WE,Towers with Radar,0,30,93,0,123,0,0,177,0,177,0,30,270,0,300,336,0,336,636
07/30/2022,BJC,CO,ANM,WE,Towers with Radar,0,13,31,0,44,0,3,284,0,287,0,16,315,0,331,681,0,681,1012
07/31/2022,BJC,CO,ANM,WE,Towers with Radar,0,28,36,1,65,15,1,181,0,197,15,29,217,1,262,495,0,495,757
08/01/2022,BJC,CO,ANM,WE,Towers with Radar,0,32,33,0,65,2,3,252,5,262,2,35,285,5,327,536,4,540,867
08/02/2022,BJC,CO,ANM,WE,Towers with Radar,0,19,36,0,55,0,0,209,0,209,0,19,245,0,264,421,0,421,685
08/03/2022,BJC,CO,ANM,WE,Towers with Radar,0,25,51,0,76,0,2,299,4,305,0,27,350,4,381,558,8,566,947
08/04/2022,BJC,CO,ANM,WE,Towers with Radar,0,31,47,6,84,1,1,268,4,274,1,32,315,10,358,624,0,624,982
08/05/2022,BJC,CO,ANM,WE,Towers with Radar,0,29,55,5,89,0,0,243,4,247,0,29,298,9,336,479,0,479,815
08/06/2022,BJC,CO,ANM,WE,Towers with Radar,0,27,35,1,63,0,0,325,1,326,0,27,360,2,389,494,0,494,883
08/07/2022,BJC,CO,ANM,WE,Towers with Radar,0,34,31,2,67,0,0,113,1,114,0,34,144,3,181,288,0,288,469
08/08/2022,BJC,CO,ANM,WE,Towers with Radar,0,41,57,1,99,0,2,289,7,298,0,43,346,8,397,616,7,623,1020
08/09/2022,BJC,CO,ANM,WE,Towers with Radar,0,54,39,0,93,0,2,315,4,321,0,56,354,4,414,743,16,759,1173
08/10/2022,BJC,CO,ANM,WE,Towers with Radar,0,41,52,0,93,0,5,312,5,322,0,46,364,5,415,561,2,563,978
08/11/2022,BJC,CO,ANM,WE,Towers with Radar,0,50,53,0,103,0,3,361,13,377,0,53,414,13,480,579,40,619,1099
08/12/2022,BJC,CO,ANM,WE,Towers with Radar,0,37,49,3,89,0,1,325,0,326,0,38,374,3,415,600,0,600,1015
08/13/2022,BJC,CO,ANM,WE,Towers with Radar,0,25,34,1,60,0,0,323,0,323,0,25,357,1,383,423,0,423,806
08/14/2022,BJC,CO,ANM,WE,Towers with Radar,0,33,32,4,69,0,0,253,0,253,0,33,285,4,322,345,0,345,667
08/15/2022,BJC,CO,ANM,WE,Towers with Radar,0,35,51,0,86,0,0,226,1,227,0,35,277,1,313,510,2,512,825
08/16/2022,BJC,CO,ANM,WE,Towers with Radar,0,42,63,0,105,0,0,42,0,42,0,42,105,0,147,268,0,268,415
08/17/2022,BJC,CO,ANM,WE,Towers with Radar,0,46,66,0,112,0,0,307,5,312,0,46,373,5,424,482,3,485,909
08/18/2022,BJC,CO,ANM,WE,Towers with Radar,0,37,56,0,93,0,2,392,9,403,0,39,448,9,496,695,26,721,1217
08/19/2022,BJC,CO,ANM,WE,Towers with Radar,0,47,48,1,96,0,0,301,2,303,0,47,349,3,399,749,0,749,1148
08/20/2022,BJC,CO,ANM,WE,Towers with Radar,0,24,38,0,62,0,0,271,0,271,0,24,309,0,333,473,0,473,806
08/21/2022,BJC,CO,ANM,WE,Towers with Radar,0,47,58,1,106,0,0,185,2,187,0,47,243,3,293,466,0,466,759
08/22/2022,BJC,CO,ANM,WE,Towers with Radar,0,49,59,0,108,0,1,267,11,279,0,50,326,11,387,648,22,670,1057
08/23/2022,BJC,CO,ANM,WE,Towers with Radar,0,35,64,0,99,0,11,326,8,345,0,46,390,8,444,745,20,765,1209
08/24/2022,BJC,CO,ANM,WE,Towers with Radar,0,30,38,0,68,0,5,323,10,338,0,35,361,10,406,615,24,639,1045
08/25/2022,BJC,CO,ANM,WE,Towers with Radar,0,35,52,0,87,0,1,277,5,283,0,36,329,5,370,507,11,518,888
08/26/2022,BJC,CO,ANM,WE,Towers with Radar,0,34,41,0,75,0,2,292,8,302,0,36,333,8,377,583,24,607,984
08/27/2022,BJC,CO,ANM,WE,Towers with Radar,0,16,28,0,44,0,0,243,0,243,0,16,271,0,287,326,0,326,613
08/28/2022,BJC,CO,ANM,WE,Towers with Radar,0,25,52,0,77,0,0,122,0,122,0,25,174,0,199,216,0,216,415
08/29/2022,BJC,CO,ANM,WE,Towers with Radar,0,24,55,6,85,1,0,375,10,386,1,24,430,16,471,854,19,873,1344
08/30/2022,BJC,CO,ANM,WE,Towers with Radar,0,29,51,2,82,0,3,338,5,346,0,32,389,7,428,681,5,686,1114
08/31/2022,BJC,CO,ANM,WE,Towers with Radar,0,38,48,2,88,0,3,280,10,293,0,41,328,12,381,470,20,490,871
09/01/2022,BJC,CO,ANM,WE,Towers with Radar,0,40,61,3,104,0,2,352,5,359,0,42,413,8,463,562,8,570,1033
09/02/2022,BJC,CO,ANM,WE,Towers with Radar,0,28,59,1,88,0,2,257,0,259,0,30,316,1,347,508,0,508,855
09/03/2022,BJC,CO,ANM,WE,Towers with Radar,0,18,41,1,60,0,0,268,1,269,0,18,309,2,329,520,0,520,849
09/04/2022,BJC,CO,ANM,WE,Towers with Radar,0,29,24,0,53,0,0,223,0,223,0,29,247,0,276,439,0,439,715
09/05/2022,BJC,CO,ANM,WE,Towers with Radar,0,35,50,0,85,0,0,260,0,260,0,35,310,0,345,383,0,383,728
09/06/2022,BJC,CO,ANM,WE,Towers with Radar,0,41,54,0,95,0,22,257,2,281,0,63,311,2,376,636,0,636,1012
09/07/2022,BJC,CO,ANM,WE,Towers with Radar,0,48,48,3,99,0,3,383,2,388,0,51,431,5,487,673,4,677,1164
09/08/2022,BJC,CO,ANM,WE,Towers with Radar,0,34,52,1,87,1,1,296,2,300,1,35,348,3,387,541,10,551,938
09/09/2022,BJC,CO,ANM,WE,Towers with Radar,0,27,109,0,136,0,3,180,2,185,0,30,289,2,321,538,0,538,859
09/10/2022,BJC,CO,ANM,WE,Towers with Radar,0,19,60,2,81,0,0,0,0,0,0,19,60,2,81,0,0,0,81
09/11/2022,BJC,CO,ANM,WE,Towers with Radar,0,37,43,0,80,0,5,263,1,269,0,42,306,1,349,661,0,661,1010
09/12/2022,BJC,CO,ANM,WE,Towers with Radar,0,41,46,0,87,0,0,319,4,323,0,41,365,4,410,634,0,634,1044
09/13/2022,BJC,CO,ANM,WE,Towers with Radar,0,39,54,0,93,0,4,335,2,341,0,43,389,2,434,646,2,648,1082
09/14/2022,BJC,CO,ANM,WE,Towers with Radar,0,30,49,0,79,0,1,292,4,297,0,31,341,4,376,710,0,710,1086
09/15/2022,BJC,CO,ANM,WE,Towers with Radar,0,32,46,0,78,0,0,294,4,298,0,32,340,4,376,822,0,822,1198
09/16/2022,BJC,CO,ANM,WE,Towers with Radar,0,26,57,0,83,0,2,340,1,343,0,28,397,1,426,830,0,830,1256
09/17/2022,BJC,CO,ANM,WE,Towers with Radar,0,23,33,0,56,0,4,272,2,278,0,27,305,2,334,461,0,461,795
09/18/2022,BJC,CO,ANM,WE,Towers with Radar,0,35,41,0,76,0,0,249,0,249,0,35,290,0,325,536,0,536,861
09/19/2022,BJC,CO,ANM,WE,Towers with Radar,0,29,52,2,83,0,0,273,2,275,0,29,325,4,358,689,4,693,1051
09/20/2022,BJC,CO,ANM,WE,Towers with Radar,0,28,29,0,57,0,0,308,5,313,0,28,337,5,370,816,6,822,1192
09/21/2022,BJC,CO,ANM,WE,Towers with Radar,0,43,110,0,153,0,1,72,0,73,0,44,182,0,226,340,0,340,566
09/22/2022,BJC,CO,ANM,WE,Towers with Radar,0,52,133,0,185,0,2,5,2,9,0,54,138,2,194,41,2,43,237
09/23/2022,BJC,CO,ANM,WE,Towers with Radar,0,44,52,6,102,0,2,325,2,329,0,46,377,8,431,151,19,170,601
09/24/2022,BJC,CO,ANM,WE,Towers with Radar,0,22,30,0,52,0,0,421,1,422,0,22,451,1,474,900,0,900,1374
09/25/2022,BJC,CO,ANM,WE,Towers with Radar,0,53,56,4,113,0,0,268,3,271,0,53,324,7,384,749,0,749,1133
09/26/2022,BJC,CO,ANM,WE,Towers with Radar,0,33,37,0,70,0,0,371,2,373,0,33,408,2,443,595,2,597,1040
09/27/2022,BJC,CO,ANM,WE,Towers with Radar,0,36,49,0,85,0,1,266,3,270,0,37,315,3,355,674,0,674,1029
09/28/2022,BJC,CO,ANM,WE,Towers with Radar,0,34,66,0,100,0,0,417,3,420,0,34,483,3,520,876,0,876,1396
09/29/2022,BJC,CO,ANM,WE,Towers with Radar,0,34,48,0,82,0,0,197,2,199,0,34,245,2,281,555,9,564,845
09/30/2022,BJC,CO,ANM,WE,Towers with Radar,0,30,56,0,86,2,0,272,2,276,2,30,328,2,362,782,4,786,1148
10/01/2022,BJC,CO,ANM,WE,Towers with Radar,0,21,30,0,51,0,0,242,0,242,0,21,272,0,293,449,0,449,742
10/02/2022,BJC,CO,ANM,WE,Towers with Radar,0,27,37,1,65,1,0,153,0,154,1,27,190,1,219,568,0,568,787
10/03/2022,BJC,CO,ANM,WE,Towers with Radar,0,36,24,0,60,0,3,191,0,194,0,39,215,0,254,476,4,480,734
10/04/2022,BJC,CO,ANM,WE,Towers with Radar,0,32,82,1,115,0,0,270,2,272,0,32,352,3,387,885,0,885,1272
10/05/2022,BJC,CO,ANM,WE,Towers with Radar,0,31,38,4,73,0,2,314,3,319,0,33,352,7,392,574,0,574,966
10/06/2022,BJC,CO,ANM,WE,Towers with Radar,0,37,54,2,93,0,1,340,4,345,0,38,394,6,438,871,1,872,1310
10/07/2022,BJC,CO,ANM,WE,Towers with Radar,0,46,94,3,143,0,0,17,0,17,0,46,111,3,160,34,0,34,194
10/08/2022,BJC,CO,ANM,WE,Towers with Radar,0,23,24,0,47,0,0,291,0,291,0,23,315,0,338,735,0,735,1073
10/09/2022,BJC,CO,ANM,WE,Towers with Radar,0,58,43,1,102,0,0,241,0,241,0,58,284,1,343,590,0,590,933
10/10/2022,BJC,CO,ANM,WE,Towers with Radar,0,27,41,0,68,0,0,297,0,297,0,27,338,0,365,567,0,567,932
10/11/2022,BJC,CO,ANM,WE,Towers with Radar,0,28,36,3,67,0,0,86,5,91,0,28,122,8,158,135,0,135,293
10/12/2022,BJC,CO,ANM,WE,Towers with Radar,0,42,45,0,87,0,2,319,0,321,0,44,364,0,408,426,0,426,834
10/13/2022,BJC,CO,ANM,WE,Towers with Radar,0,57,49,0,106,0,4,384,10,398,0,61,433,10,504,824,3,827,1331
10/14/2022,BJC,CO,ANM,WE,Towers with Radar,1,45,80,1,127,0,2,271,0,273,1,47,351,1,400,487,0,487,887
10/15/2022,BJC,CO,ANM,WE,Towers with Radar,0,35,26,0,61,0,0,303,0,303,0,35,329,0,364,652,0,652,1016
10/16/2022,BJC,CO,ANM,WE,Towers with Radar,0,60,72,0,132,0,1,190,0,191,0,61,262,0,323,533,0,533,856
10/17/2022,BJC,CO,ANM,WE,Towers with Radar,0,48,54,7,109,0,0,286,6,292,0,48,340,13,401,617,0,617,1018
10/18/2022,BJC,CO,ANM,WE,Towers with Radar,0,34,55,3,92,0,3,376,0,379,0,37,431,3,471,680,0,680,1151
10/19/2022,BJC,CO,ANM,WE,Towers with Radar,0,38,55,1,94,0,0,371,3,374,0,38,426,4,468,517,0,517,985
10/20/2022,BJC,CO,ANM,WE,Towers with Radar,0,31,73,0,104,0,0,299,2,301,0,31,372,2,405,531,0,531,936
10/21/2022,BJC,CO,ANM,WE,Towers with Radar,0,31,44,0,75,0,0,98,0,98,0,31,142,0,173,61,0,61,234
10/22/2022,BJC,CO,ANM,WE,Towers with Radar,0,11,25,0,36,0,4,208,0,212,0,15,233,0,248,274,0,274,522
10/23/2022,BJC,CO,ANM,WE,Towers with Radar,0,35,25,0,60,0,0,21,0,21,0,35,46,0,81,46,0,46,127
10/24/2022,BJC,CO,ANM,WE,Towers with Radar,0,39,46,0,85,0,0,165,0,165,0,39,211,0,250,203,16,219,469
10/25/2022,BJC,CO,ANM,WE,Towers with Radar,0,24,36,0,60,0,0,71,4,75,0,24,107,4,135,59,0,59,194
10/26/2022,BJC,CO,ANM,WE,Towers with Radar,0,36,37,0,73,0,0,359,2,361,0,36,396,2,434,884,2,886,1320
10/27/2022,BJC,CO,ANM,WE,Towers with Radar,0,31,26,0,57,0,0,36,2,38,0,31,62,2,95,151,12,163,258
10/28/2022,BJC,CO,ANM,WE,Towers with Radar,0,34,48,2,84,0,1,375,6,382,0,35,423,8,466,913,21,934,1400
10/29/2022,BJC,CO,ANM,WE,Towers with Radar,1,29,36,0,66,0,0,306,0,306,1,29,342,0,372,592,0,592,964
10/30/2022,BJC,CO,ANM,WE,Towers with Radar,1,33,44,1,79,0,0,302,0,302,1,33,346,1,381,465,0,465,846
10/31/2022,BJC,CO,ANM,WE,Towers with Radar,0,21,42,0,63,0,2,254,9,265,0,23,296,9,328,745,20,765,1093
11/01/2022,BJC,CO,ANM,WE,Towers with Radar,0,43,50,0,93,0,2,336,0,338,0,45,386,0,431,795,0,795,1226
11/02/2022,BJC,CO,ANM,WE,Towers with Radar,0,24,50,1,75,0,2,292,4,298,0,26,342,5,373,672,14,686,1059
11/03/2022,BJC,CO,ANM,WE,Towers with Radar,0,38,38,0,76,0,0,92,0,92,0,38,130,0,168,485,0,485,653
11/04/2022,BJC,CO,ANM,WE,Towers with Radar,0,45,50,0,95,0,0,134,5,139,0,45,184,5,234,276,28,304,538
11/05/2022,BJC,CO,ANM,WE,Towers with Radar,0,19,19,0,38,0,0,19,0,19,0,19,38,0,57,0,0,0,57
11/06/2022,BJC,CO,ANM,WE,Towers with Radar,0,34,34,0,68,0,0,184,0,184,0,34,218,0,252,285,0,285,537
11/07/2022,BJC,CO,ANM,WE,Towers with Radar,0,29,38,1,68,0,20,277,2,299,0,49,315,3,367,668,0,668,1035
11/08/2022,BJC,CO,ANM,WE,Towers with Radar,0,39,45,1,85,0,1,347,6,354,0,40,392,7,439,694,8,702,1141
11/09/2022,BJC,CO,ANM,WE,Towers with Radar,0,28,50,0,78,0,1,211,1,213,0,29,261,1,291,504,0,504,795
11/10/2022,BJC,CO,ANM,WE,Towers with Radar,0,40,54,8,102,0,2,82,5,89,0,42,136,13,191,61,0,61,252
11/11/2022,BJC,CO,ANM,WE,Towers with Radar,3,34,40,3,80,0,2,326,0,328,3,36,366,3,408,774,0,774,1182
11/12/2022,BJC,CO,ANM,WE,Towers with Radar,0,29,22,0,51,0,0,301,0,301,0,29,323,0,352,558,0,558,910
11/13/2022,BJC,CO,ANM,WE,Towers with Radar,3,39,48,2,92,0,3,226,4,233,3,42,274,6,325,419,2,421,746
11/14/2022,BJC,CO,ANM,WE,Towers with Radar,0,33,64,1,98,0,0,244,0,244,0,33,308,1,342,673,0,673,1015
11/15/2022,BJC,CO,ANM,WE,Towers with Radar,1,35,35,1,72,0,0,145,2,147,1,35,180,3,219,403,0,403,622
11/16/2022,BJC,CO,ANM,WE,Towers with Radar,0,40,61,0,101,0,0,395,2,397,0,40,456,2,498,717,8,725,1223
11/17/2022,BJC,CO,ANM,WE,Towers with Radar,0,33,28,0,61,0,0,0,0,0,0,33,28,0,61,0,0,0,61
11/18/2022,BJC,CO,ANM,WE,Towers with Radar,0,52,39,0,91,0,0,130,0,130,0,52,169,0,221,277,0,277,498
11/19/2022,BJC,CO,ANM,WE,Towers with Radar,0,31,35,0,66,0,0,317,2,319,0,31,352,2,385,738,0,738,1123
11/20/2022,BJC,CO,ANM,WE,Towers with Radar,1,35,40,0,76,0,2,264,0,266,1,37,304,0,342,417,0,417,759
11/21/2022,BJC,CO,ANM,WE,Towers with Radar,0,44,51,2,97,0,17,314,9,340,0,61,365,11,437,595,14,609,1046
11/22/2022,BJC,CO,ANM,WE,Towers with Radar,0,35,49,1,85,0,3,420,2,425,0,38,469,3,510,764,0,764,1274
11/23/2022,BJC,CO,ANM,WE,Towers with Radar,0,31,44,0,75,0,1,206,2,209,0,32,250,2,284,281,0,281,565
11/24/2022,BJC,CO,ANM,WE,Towers with Radar,0,18,8,0,26,0,0,30,0,30,0,18,38,0,56,86,0,86,142
11/25/2022,BJC,CO,ANM,WE,Towers with Radar,2,38,27,0,67,0,1,235,0,236,2,39,262,0,303,288,0,288,591
11/26/2022,BJC,CO,ANM,WE,Towers with Radar,0,34,49,0,83,0,0,216,0,216,0,34,265,0,299,394,0,394,693
11/27/2022,BJC,CO,ANM,WE,Towers with Radar,0,59,45,4,108,0,0,151,0,151,0,59,196,4,259,276,0,276,535
11/28/2022,BJC,CO,ANM,WE,Towers with Radar,0,37,40,0,77,0,0,95,2,97,0,37,135,2,174,301,0,301,475
11/29/2022,BJC,CO,ANM,WE,Towers with Radar,0,35,37,0,72,0,1,15,0,16,0,36,52,0,88,52,0,52,140
11/30/2022,BJC,CO,ANM,WE,Towers with Radar,0,29,42,1,72,0,3,209,4,216,0,32,251,5,288,501,8,509,797
12/01/2022,BJC,CO,ANM,WE,Towers with Radar,0,35,49,2,86,0,1,265,3,269,0,36,314,5,355,623,4,627,982
12/02/2022,BJC,CO,ANM,WE,Towers with Radar,0,29,24,1,54,0,0,2,0,2,0,29,26,1,56,6,0,6,62
12/03/2022,BJC,CO,ANM,WE,Towers with Radar,0,24,13,2,39,0,0,242,0,242,0,24,255,2,281,707,0,707,988
12/04/2022,BJC,CO,ANM,WE,Towers with Radar,0,40,26,0,66,0,2,267,0,269,0,42,293,0,335,452,0,452,787
12/05/2022,BJC,CO,ANM,WE,Towers with Radar,0,40,50,1,91,0,0,145,2,147,0,40,195,3,238,294,0,294,532
12/06/2022,BJC,CO,ANM,WE,Towers with Radar,0,38,38,3,79,0,0,178,8,186,0,38,216,11,265,288,16,304,569
12/07/2022,BJC,CO,ANM,WE,Towers with Radar,0,37,68,0,105,0,2,414,19,435,0,39,482,19,540,634,26,660,1200
12/08/2022,BJC,CO,ANM,WE,Towers with Radar,0,39,38,5,82,0,0,15,0,15,0,39,53,5,97,7,0,7,104
12/09/2022,BJC,CO,ANM,WE,Towers with Radar,0,32,44,1,77,0,3,372,2,377,0,35,416,3,454,682,0,682,1136
12/10/2022,BJC,CO,ANM,WE,Towers with Radar,0,25,31,0,56,0,2,389,0,391,0,27,420,0,447,468,0,468,915
12/11/2022,BJC,CO,ANM,WE,Towers with Radar,0,30,43,0,73,0,0,256,0,256,0,30,299,0,329,510,0,510,839
12/12/2022,BJC,CO,ANM,WE,Towers with Radar,0,40,34,4,78,0,1,206,4,211,0,41,240,8,289,397,2,399,688
12/13/2022,BJC,CO,ANM,WE,Towers with Radar,0,41,24,0,65,0,0,54,2,56,0,41,78,2,121,447,12,459,580
12/14/2022,BJC,CO,ANM,WE,Towers with Radar,0,47,45,1,93,0,2,190,4,196,0,49,235,5,289,286,0,286,575
12/15/2022,BJC,CO,ANM,WE,Towers with Radar,0,50,51,3,104,0,2,306,0,308,0,52,357,3,412,419,0,419,831
12/16/2022,BJC,CO,ANM,WE,Towers with Radar,0,48,46,1,95,0,4,155,3,162,0,52,201,4,257,214,12,226,483
12/17/2022,BJC,CO,ANM,WE,Towers with Radar,0,23,44,1,68,0,1,298,0,299,0,24,342,1,367,533,0,533,900
12/18/2022,BJC,CO,ANM,WE,Towers with Radar,0,29,25,0,54,0,0,219,0,219,0,29,244,0,273,520,0,520,793
12/19/2022,BJC,CO,ANM,WE,Towers with Radar,0,43,40,0,83,0,2,77,0,79,0,45,117,0,162,28,0,28,190
12/20/2022,BJC,CO,ANM,WE,Towers with Radar,0,28,35,1,64,0,0,333,8,341,0,28,368,9,405,659,3,662,1067
12/21/2022,BJC,CO,ANM,WE,Towers with Radar,0,29,36,0,65,0,0,12,0,12,0,29,48,0,77,18,0,18,95
12/22/2022,BJC,CO,ANM,WE,Towers with Radar,0,58,33,0,91,0,1,9,0,10,0,59,42,0,101,20,0,20,121
12/23/2022,BJC,CO,ANM,WE,Towers with Radar,0,41,36,0,77,0,0,94,0,94,0,41,130,0,171,166,0,166,337
12/24/2022,BJC,CO,ANM,WE,Towers with Radar,0,17,17,0,34,0,2,92,0,94,0,19,109,0,128,191,0,191,319
12/25/2022,BJC,CO,ANM,WE,Towers with Radar,0,19,3,0,22,0,0,0,0,0,0,19,3,0,22,0,0,0,22
12/26/2022,BJC,CO,ANM,WE,Towers with Radar,0,49,42,0,91,0,0,177,0,177,0,49,219,0,268,296,0,296,564
12/27/2022,BJC,CO,ANM,WE,Towers with Radar,1,42,39,0,82,0,0,65,0,65,1,42,104,0,147,154,0,154,301
12/28/2022,BJC,CO,ANM,WE,Towers with Radar,0,37,34,0,71,0,0,56,2,58,0,37,90,2,129,265,8,273,402
12/29/2022,BJC,CO,ANM,WE,Towers with Radar,0,40,44,0,84,0,0,66,0,66,0,40,110,0,150,14,0,14,164
12/30/2022,BJC,CO,ANM,WE,Towers with Radar,0,32,35,0,67,0,2,186,0,188,0,34,221,0,255,212,0,212,467
12/31/2022,BJC,CO,ANM,WE,Towers with Radar,0,23,16,0,39,0,2,142,0,144,0,25,158,0,183,367,0,367,550
01/01/2023,BJC,CO,ANM,WE,Towers with Radar,0,35,29,0,64,0,2,62,0,64,0,37,91,0,128,125,0,125,253
01/02/2023,BJC,CO,ANM,WE,Towers with Radar,0,10,17,0,27,0,0,0,0,0,0,10,17,0,27,0,0,0,27
01/03/2023,BJC,CO,ANM,WE,Towers with Radar,0,24,42,1,67,0,0,56,2,58,0,24,98,3,125,74,20,94,219
01/04/2023,BJC,CO,ANM,WE,Towers with Radar,0,34,28,1,63,0,0,240,2,242,0,34,268,3,305,368,0,368,673
01/05/2023,BJC,CO,ANM,WE,Towers with Radar,0,29,37,1,67,0,1,320,9,330,0,30,357,10,397,672,14,686,1083
01/06/2023,BJC,CO,ANM,WE,Towers with Radar,0,29,38,2,69,0,1,301,1,303,0,30,339,3,372,651,2,653,1025
01/07/2023,BJC,CO,ANM,WE,Towers with Radar,0,27,37,0,64,0,0,297,0,297,0,27,334,0,361,423,0,423,784
01/08/2023,BJC,CO,ANM,WE,Towers with Radar,0,27,45,1,73,0,0,173,0,173,0,27,218,1,246,355,0,355,601
01/09/2023,BJC,CO,ANM,WE,Towers with Radar,0,30,38,0,68,0,1,215,0,216,0,31,253,0,284,500,0,500,784
01/10/2023,BJC,CO,ANM,WE,Towers with Radar,0,19,29,0,48,1,2,54,0,57,1,21,83,0,105,197,0,197,302
01/11/2023,BJC,CO,ANM,WE,Towers with Radar,0,23,35,0,58,0,0,0,0,0,0,23,35,0,58,0,0,0,58
01/12/2023,BJC,CO,ANM,WE,Towers with Radar,0,44,54,0,98,0,1,342,2,345,0,45,396,2,443,661,2,663,1106
01/13/2023,BJC,CO,ANM,WE,Towers with Radar,0,39,53,0,92,0,0,446,0,446,0,39,499,0,538,675,0,675,1213
01/14/2023,BJC,CO,ANM,WE,Towers with Radar,0,24,36,0,60,0,6,363,0,369,0,30,399,0,429,535,0,535,964
01/15/2023,BJC,CO,ANM,WE,Towers with Radar,0,29,33,0,62,0,0,146,0,146,0,29,179,0,208,591,0,591,799
01/16/2023,BJC,CO,ANM,WE,Towers with Radar,0,42,57,0,99,0,0,345,1,346,0,42,402,1,445,642,0,642,1087
01/17/2023,BJC,CO,ANM,WE,Towers with Radar,0,39,38,0,77,0,0,222,0,222,0,39,260,0,299,617,0,617,916
01/18/2023,BJC,CO,ANM,WE,Towers with Radar,0,16,22,0,38,0,0,0,0,0,0,16,22,0,38,0,0,0,38
01/19/2023,BJC,CO,ANM,WE,Towers with Radar,0,26,40,2,68,0,2,222,3,227,0,28,262,5,295,253,0,253,548
01/20/2023,BJC,CO,ANM,WE,Towers with Radar,0,31,45,0,76,0,2,186,0,188,0,33,231,0,264,764,0,764,1028
01/21/2023,BJC,CO,ANM,WE,Towers with Radar,0,27,24,0,51,0,0,59,0,59,0,27,83,0,110,252,0,252,362
01/22/2023,BJC,CO,ANM,WE,Towers with Radar,0,36,37,0,73,0,0,261,2,263,0,36,298,2,336,544,0,544,880
01/23/2023,BJC,CO,ANM,WE,Towers with Radar,0,30,33,0,63,0,0,46,0,46,0,30,79,0,109,256,0,256,365
01/24/2023,BJC,CO,ANM,WE,Towers with Radar,0,26,34,0,60,0,2,228,2,232,0,28,262,2,292,627,4,631,923
01/25/2023,BJC,CO,ANM,WE,Towers with Radar,0,38,40,0,78,0,0,101,0,101,0,38,141,0,179,376,0,376,555
01/26/2023,BJC,CO,ANM,WE,Towers with Radar,0,37,50,0,87,0,1,114,0,115,0,38,164,0,202,181,0,181,383
01/27/2023,BJC,CO,ANM,WE,Towers with Radar,0,34,39,0,73,0,0,245,0,245,0,34,284,0,318,337,0,337,655
01/28/2023,BJC,CO,ANM,WE,Towers with Radar,0,22,19,0,41,0,0,39,0,39,0,22,58,0,80,301,0,301,381
01/29/2023,BJC,CO,ANM,WE,Towers with Radar,0,41,24,0,65,0,0,0,0,0,0,41,24,0,65,0,0,0,65
01/30/2023,BJC,CO,ANM,WE,Towers with Radar,0,34,42,0,76,0,0,4,0,4,0,34,46,0,80,42,0,42,122
01/31/2023,BJC,CO,ANM,WE,Towers with Radar,0,24,39,0,63,0,4,298,6,308,0,28,337,6,371,639,0,639,1010
02/01/2023,BJC,CO,ANM,WE,Towers with Radar,0,31,57,0,88,0,2,482,4,488,0,33,539,4,576,598,2,600,1176
02/02/2023,BJC,CO,ANM,WE,Towers with Radar,0,30,41,1,72,0,0,523,2,525,0,30,564,3,597,795,4,799,1396
02/03/2023,BJC,CO,ANM,WE,Towers with Radar,0,35,60,0,95,0,0,370,14,384,0,35,430,14,479,621,25,646,1125
02/04/2023,BJC,CO,ANM,WE,Towers with Radar,0,29,19,0,48,0,0,69,0,69,0,29,88,0,117,56,0,56,173
02/05/2023,BJC,CO,ANM,WE,Towers with Radar,0,31,47,0,78,0,2,350,0,352,0,33,397,0,430,607,0,607,1037
02/06/2023,BJC,CO,ANM,WE,Towers with Radar,0,22,32,3,57,0,0,97,2,99,0,22,129,5,156,210,4,214,370
02/07/2023,BJC,CO,ANM,WE,Towers with Radar,0,30,51,1,82,0,1,498,0,499,0,31,549,1,581,692,0,692,1273
02/08/2023,BJC,CO,ANM,WE,Towers with Radar,0,36,52,0,88,0,3,214,7,224,0,39,266,7,312,335,13,348,660
02/09/2023,BJC,CO,ANM,WE,Towers with Radar,0,31,35,0,66,0,2,40,0,42,0,33,75,0,108,123,0,123,231
02/10/2023,BJC,CO,ANM,WE,Towers with Radar,0,25,43,0,68,0,0,515,9,524,0,25,558,9,592,920,8,928,1520
02/11/2023,BJC,CO,ANM,WE,Towers with Radar,0,21,23,0,44,0,0,412,8,420,0,21,435,8,464,636,4,640,1104
02/12/2023,BJC,CO,ANM,WE,Towers with Radar,0,30,30,0,60,0,0,229,0,229,0,30,259,0,289,392,0,392,681
02/13/2023,BJC,CO,ANM,WE,Towers with Radar,0,42,32,3,77,0,1,266,6,273,0,43,298,9,350,609,0,609,959
02/14/2023,BJC,CO,ANM,WE,Towers with Radar,0,32,12,0,44,0,2,24,0,26,0,34,36,0,70,34,0,34,104
02/15/2023,BJC,CO,ANM,WE,Towers with Radar,0,25,23,0,48,0,0,0,0,0,0,25,23,0,48,0,0,0,48
02/16/2023,BJC,CO,ANM,WE,Towers with Radar,0,51,49,0,100,0,1,325,2,328,0,52,374,2,428,653,0,653,1081
02/17/2023,BJC,CO,ANM,WE,Towers with Radar,0,40,40,0,80,0,6,383,4,393,0,46,423,4,473,733,10,743,1216
02/18/2023,BJC,CO,ANM,WE,Towers with Radar,0,31,20,0,51,0,7,46,0,53,0,38,66,0,104,36,0,36,140
02/19/2023,BJC,CO,ANM,WE,Towers with Radar,0,21,23,0,44,0,7,19,0,26,0,28,42,0,70,11,0,11,81
02/20/2023,BJC,CO,ANM,WE,Towers with Radar,0,28,47,1,76,0,0,16,0,16,0,28,63,1,92,0,0,0,92
02/21/2023,BJC,CO,ANM,WE,Towers with Radar,0,27,50,0,77,0,28,98,0,126,0,55,148,0,203,196,0,196,399
02/22/2023,BJC,CO,ANM,WE,Towers with Radar,0,24,13,0,37,0,0,0,0,0,0,24,13,0,37,0,0,0,37
02/23/2023,BJC,CO,ANM,WE,Towers with Radar,0,33,57,0,90,0,49,85,2,136,0,82,142,2,226,462,6,468,694
02/24/2023,BJC,CO,ANM,WE,Towers with Radar,0,29,35,0,64,0,14,223,4,241,0,43,258,4,305,747,0,747,1052
02/25/2023,BJC,CO,ANM,WE,Towers with Radar,0,21,30,0,51,0,32,416,0,448,0,53,446,0,499,698,0,698,1197
02/26/2023,BJC,CO,ANM,WE,Towers with Radar,0,34,25,0,59,0,51,131,0,182,0,85,156,0,241,197,0,197,438
02/27/2023,BJC,CO,ANM,WE,Towers with Radar,0,40,41,0,81,0,22,79,0,101,0,62,120,0,182,107,0,107,289
02/28/2023,BJC,CO,ANM,WE,Towers with Radar,0,24,33,0,57,0,3,37,2,42,0,27,70,2,99,60,10,70,169
03/01/2023,BJC,CO,ANM,WE,Towers with Radar,0,44,65,4,113,0,51,128,0,179,0,95,193,4,292,328,0,328,620
03/02/2023,BJC,CO,ANM,WE,Towers with Radar,0,42,40,0,82,0,143,424,15,582,0,185,464,15,664,519,20,539,1203
03/03/2023,BJC,CO,ANM,WE,Towers with Radar,0,43,37,1,81,0,35,291,6,332,0,78,328,7,413,459,9,468,881
03/04/2023,BJC,CO,ANM,WE,Towers with Radar,0,25,31,3,59,0,56,277,0,333,0,81,308,3,392,541,0,541,933
03/05/2023,BJC,CO,ANM,WE,Towers with Radar,0,24,39,1,64,0,18,55,0,73,0,42,94,1,137,128,0,128,265
03/06/2023,BJC,CO,ANM,WE,Towers with Radar,0,30,59,0,89,0,15,336,8,359,0,45,395,8,448,501,35,536,984
03/07/2023,BJC,CO,ANM,WE,Towers with Radar,0,25,30,0,55,0,9,22,0,31,0,34,52,0,86,111,0,111,197
03/08/2023,BJC,CO,ANM,WE,Towers with Radar,0,28,36,0,64,0,64,122,5,191,0,92,158,5,255,582,5,587,842
03/09/2023,BJC,CO,ANM,WE,Towers with Radar,0,25,38,0,63,0,10,94,20,124,0,35,132,20,187,178,43,221,408
03/10/2023,BJC,CO,ANM,WE,Towers with Radar,0,38,50,1,89,0,44,297,6,347,0,82,347,7,436,624,1,625,1061
03/11/2023,BJC,CO,ANM,WE,Towers with Radar,0,23,23,0,46,0,27,61,0,88,0,50,84,0,134,46,0,46,180
03/12/2023,BJC,CO,ANM,WE,Towers with Radar,0,32,52,1,85,0,86,253,0,339,0,118,305,1,424,567,0,567,991
03/13/2023,BJC,CO,ANM,WE,Towers with Radar,0,30,48,5,83,0,99,364,13,476,0,129,412,18,559,746,19,765,1324
03/14/2023,BJC,CO,ANM,WE,Towers with Radar,0,30,37,0,67,0,102,313,10,425,0,132,350,10,492,297,4,301,793
03/15/2023,BJC,CO,ANM,WE,Towers with Radar,0,32,37,1,70,0,72,205,3,280,0,104,242,4,350,423,0,423,773
03/16/2023,BJC,CO,ANM,WE,Towers with Radar,0,34,37,1,72,0,29,55,2,86,0,63,92,3,158,222,0,222,380
03/17/2023,BJC,CO,ANM,WE,Towers with Radar,0,50,49,2,101,0,169,380,2,551,0,219,429,4,652,603,0,603,1255
03/18/2023,BJC,CO,ANM,WE,Towers with Radar,0,25,37,1,63,0,146,348,0,494,0,171,385,1,557,481,0,481,1038
03/19/2023,BJC,CO,ANM,WE,Towers with Radar,0,33,45,0,78,0,82,200,0,282,0,115,245,0,360,229,0,229,589
03/20/2023,BJC,CO,ANM,WE,Towers with Radar,0,34,45,0,79,0,127,320,0,447,0,161,365,0,526,510,0,510,1036
03/21/2023,BJC,CO,ANM,WE,Towers with Radar,0,25,31,0,56,0,79,225,7,311,0,104,256,7,367,278,0,278,645
03/22/2023,BJC,CO,ANM,WE,Towers with Radar,1,28,35,0,64,0,72,144,0,216,1,100,179,0,280,376,0,376,656
03/23/2023,BJC,CO,ANM,WE,Towers with Radar,0,43,45,0,88,0,85,207,5,297,0,128,252,5,385,432,9,441,826
03/24/2023,BJC,CO,ANM,WE,Towers with Radar,0,38,45,1,84,0,67,295,7,369,0,105,340,8,453,367,13,380,833
03/25/2023,BJC,CO,ANM,WE,Towers with Radar,0,29,31,2,62,0,0,16,2,18,0,29,47,4,80,3,0,3,83
03/26/2023,BJC,CO,ANM,WE,Towers with Radar,0,32,52,1,85,0,124,304,3,431,0,156,356,4,516,511,0,511,1027
03/27/2023,BJC,CO,ANM,WE,Towers with Radar,0,21,32,2,55,0,36,90,2,128,0,57,122,4,183,187,6,193,376
03/28/2023,BJC,CO,ANM,WE,Towers with Radar,0,31,52,1,84,0,161,413,22,596,0,192,465,23,680,576,9,585,1265
03/29/2023,BJC,CO,ANM,WE,Towers with Radar,0,22,46,1,69,0,105,382,16,503,0,127,428,17,572,611,6,617,1189
03/30/2023,BJC,CO,ANM,WE,Towers with Radar,0,29,38,1,68,0,9,48,1,58,0,38,86,2,126,91,0,91,217
03/31/2023,BJC,CO,ANM,WE,Towers with Radar,0,22,22,1,45,0,1,4,0,5,0,23,26,1,50,3,0,3,53
04/01/2023,BJC,CO,ANM,WE,Towers with Radar,0,46,29,0,75,0,19,117,3,139,0,65,146,3,214,94,0,94,308
04/02/2023,BJC,CO,ANM,WE,Towers with Radar,0,43,21,1,65,0,67,101,0,168,0,110,122,1,233,322,0,322,555
04/03/2023,BJC,CO,ANM,WE,Towers with Radar,0,36,37,2,75,0,128,270,10,408,0,164,307,12,483,479,31,510,993
04/04/2023,BJC,CO,ANM,WE,Towers with Radar,0,20,26,0,46,0,0,0,0,0,0,20,26,0,46,0,0,0,46
04/05/2023,BJC,CO,ANM,WE,Towers with Radar,0,39,43,2,84,0,102,270,9,381,0,141,313,11,465,518,14,532,997
04/06/2023,BJC,CO,ANM,WE,Towers with Radar,0,42,57,0,99,0,177,382,6,565,0,219,439,6,664,586,0,586,1250
04/07/2023,BJC,CO,ANM,WE,Towers with Radar,0,33,50,0,83,0,219,477,12,708,0,252,527,12,791,692,16,708,1499
04/08/2023,BJC,CO,ANM,WE,Towers with Radar,0,25,28,0,53,0,165,388,3,556,0,190,416,3,609,597,4,601,1210
04/09/2023,BJC,CO,ANM,WE,Towers with Radar,0,31,38,0,69,0,106,225,0,331,0,137,263,0,400,340,0,340,740
04/10/2023,BJC,CO,ANM,WE,Towers with Radar,0,26,42,0,68,0,169,362,9,540,0,195,404,9,608,696,45,741,1349
04/11/2023,BJC,CO,ANM,WE,Towers with Radar,0,29,47,1,77,0,245,398,8,651,0,274,445,9,728,531,9,540,1268
04/12/2023,BJC,CO,ANM,WE,Towers with Radar,0,40,48,5,93,5,74,310,16,405,5,114,358,21,498,506,22,528,1026
04/13/2023,BJC,CO,ANM,WE,Towers with Radar,0,40,49,0,89,0,82,236,0,318,0,122,285,0,407,454,0,454,861
04/14/2023,BJC,CO,ANM,WE,Towers with Radar,0,40,29,1,70,0,1,4,0,5,0,41,33,1,75,14,0,14,89
04/15/2023,BJC,CO,ANM,WE,Towers with Radar,0,20,19,1,40,0,27,213,4,244,0,47,232,5,284,301,0,301,585
04/16/2023,BJC,CO,ANM,WE,Towers with Radar,0,46,37,2,85,0,47,341,5,393,0,93,378,7,478,693,0,693,1171
04/17/2023,BJC,CO,ANM,WE,Towers with Radar,0,38,45,2,85,0,24,382,12,418,0,62,427,14,503,584,0,584,1087
04/18/2023,BJC,CO,ANM,WE,Towers with Radar,0,40,38,1,79,0,16,178,12,206,0,56,216,13,285,423,0,423,708
04/19/2023,BJC,CO,ANM,WE,Towers with Radar,0,24,47,0,71,0,6,165,0,171,0,30,212,0,242,371,0,371,613
04/20/2023,BJC,CO,ANM,WE,Towers with Radar,0,41,48,0,89,0,10,42,16,68,0,51,90,16,157,46,0,46,203
04/21/2023,BJC,CO,ANM,WE,Towers with Radar,0,37,49,0,86,0,11,107,3,121,0,48,156,3,207,78,1,79,286
04/22/2023,BJC,CO,ANM,WE,Towers with Radar,0,27,13,0,40,0,3,7,0,10,0,30,20,0,50,49,0,49,99
04/23/2023,BJC,CO,ANM,WE,Towers with Radar,0,38,40,0,78,0,33,395,5,433,0,71,435,5,511,608,4,612,1123
04/24/2023,BJC,CO,ANM,WE,Towers with Radar,0,35,40,2,77,0,25,368,5,398,0,60,408,7,475,729,13,742,1217
04/25/2023,BJC,CO,ANM,WE,Towers with Radar,0,39,50,0,89,0,2,104,3,109,0,41,154,3,198,413,13,426,624
04/26/2023,BJC,CO,ANM,WE,Towers with Radar,0,22,98,0,120,0,10,185,3,198,0,32,283,3,318,656,0,656,974
04/27/2023,BJC,CO,ANM,WE,Towers with Radar,0,37,52,2,91,0,6,199,12,217,0,43,251,14,308,194,8,202,510
04/28/2023,BJC,CO,ANM,WE,Towers with Radar,0,28,34,0,62,1,19,288,4,312,1,47,322,4,374,610,4,614,988
04/29/2023,BJC,CO,ANM,WE,Towers with Radar,0,16,41,1,58,0,23,301,0,324,0,39,342,1,382,423,0,423,805
04/30/2023,BJC,CO,ANM,WE,Towers with Radar,0,39,42,0,81,0,22,301,2,325,0,61,343,2,406,550,0,550,956
05/01/2023,BJC,CO,ANM,WE,Towers with Radar,0,44,57,2,103,0,21,337,6,364,0,65,394,8,467,741,14,755,1222
05/02/2023,BJC,CO,ANM,WE,Towers with Radar,0,33,63,1,97,0,59,303,2,364,0,92,366,3,461,511,25,536,997
05/03/2023,BJC,CO,ANM,WE,Towers with Radar,0,38,47,0,85,0,37,373,4,414,0,75,420,4,499,588,4,592,1091
05/04/2023,BJC,CO,ANM,WE,Towers with Radar,0,45,43,0,88,0,8,103,4,115,0,53,146,4,203,393,8,401,604
05/05/2023,BJC,CO,ANM,WE,Towers with Radar,0,40,49,0,89,0,24,296,5,325,0,64,345,5,414,497,8,505,919
05/06/2023,BJC,CO,ANM,WE,Towers with Radar,0,32,39,0,71,0,34,197,0,231,0,66,236,0,302,514,0,514,816
05/07/2023,BJC,CO,ANM,WE,Towers with Radar,0,41,32,2,75,0,33,232,0,265,0,74,264,2,340,471,0,471,811
05/08/2023,BJC,CO,ANM,WE,Towers with Radar,0,27,30,0,57,0,41,294,11,346,0,68,324,11,403,614,18,632,1035
05/09/2023,BJC,CO,ANM,WE,Towers with Radar,0,40,37,0,77,0,51,344,5,400,0,91,381,5,477,196,0,196,673
05/10/2023,BJC,CO,ANM,WE,Towers with Radar,0,62,110,1,173,0,0,5,0,5,0,62,115,1,178,12,0,12,190
05/11/2023,BJC,CO,ANM,WE,Towers with Radar,0,49,61,0,110,0,0,8,0,8,0,49,69,0,118,48,0,48,166
05/12/2023,BJC,CO,ANM,WE,Towers with Radar,0,52,60,1,113,0,14,87,0,101,0,66,147,1,214,302,0,302,516
05/13/2023,BJC,CO,ANM,WE,Towers with Radar,0,41,37,2,80,0,46,285,0,331,0,87,322,2,411,635,0,635,1046
05/14/2023,BJC,CO,ANM,WE,Towers with Radar,0,32,62,0,94,0,5,4,0,9,0,37,66,0,103,46,0,46,149
05/15/2023,BJC,CO,ANM,WE,Towers with Radar,0,48,124,2,174,0,6,108,2,116,0,54,232,4,290,679,0,679,969
05/16/2023,BJC,CO,ANM,WE,Towers with Radar,0,37,39,0,76,0,38,334,2,374,0,75,373,2,450,591,6,597,1047
05/17/2023,BJC,CO,ANM,WE,Towers with Radar,0,28,47,1,76,0,55,341,13,409,0,83,388,14,485,695,26,721,1206
05/18/2023,BJC,CO,ANM,WE,Towers with Radar,0,53,77,0,130,0,8,97,1,106,0,61,174,1,236,560,0,560,796
05/19/2023,BJC,CO,ANM,WE,Towers with Radar,0,42,114,4,160,0,0,1,0,1,0,42,115,4,161,0,0,0,161
05/20/2023,BJC,CO,ANM,WE,Towers with Radar,0,34,93,0,127,0,1,10,0,11,0,35,103,0,138,36,0,36,174
05/21/2023,BJC,CO,ANM,WE,Towers with Radar,0,38,43,0,81,0,30,329,0,359,0,68,372,0,440,431,2,433,873
05/22/2023,BJC,CO,ANM,WE,Towers with Radar,0,51,44,0,95,0,26,333,3,362,0,77,377,3,457,807,2,809,1266
05/23/2023,BJC,CO,ANM,WE,Towers with Radar,0,39,66,3,108,0,19,433,4,456,0,58,499,7,564,871,8,879,1443
05/24/2023,BJC,CO,ANM,WE,Towers with Radar,0,39,98,0,137,0,6,124,9,139,0,45,222,9,276,552,8,560,836
05/25/2023,BJC,CO,ANM,WE,Towers with Radar,0,45,55,2,102,0,16,276,3,295,0,61,331,5,397,681,0,681,1078
05/26/2023,BJC,CO,ANM,WE,Towers with Radar,0,56,61,0,117,0,16,253,0,269,0,72,314,0,386,692,0,692,1078
05/27/2023,BJC,CO,ANM,WE,Towers with Radar,0,38,29,1,68,0,22,254,0,276,0,60,283,1,344,504,0,504,848
05/28/2023,BJC,CO,ANM,WE,Towers with Radar,0,41,19,0,60,0,26,216,1,243,0,67,235,1,303,264,0,264,567
05/29/2023,BJC,CO,ANM,WE,Towers with Radar,0,38,50,0,88,0,23,293,0,316,0,61,343,0,404,457,0,457,861
05/30/2023,BJC,CO,ANM,WE,Towers with Radar,0,34,36,0,70,0,7,264,0,271,0,41,300,0,341,417,0,417,758
05/31/2023,BJC,CO,ANM,WE,Towers with Radar,0,34,38,2,74,0,19,242,4,265,0,53,280,6,339,570,8,578,917
06/01/2023,BJC,CO,ANM,WE,Towers with Radar,0,52,58,0,110,0,23,204,0,227,0,75,262,0,337,681,0,681,1018
06/02/2023,BJC,CO,ANM,WE,Towers with Radar,0,31,34,1,66,0,40,252,5,297,0,71,286,6,363,258,0,258,621
06/03/2023,BJC,CO,ANM,WE,Towers with Radar,0,40,70,0,110,0,5,25,0,30,0,45,95,0,140,205,0,205,345
06/04/2023,BJC,CO,ANM,WE,Towers with Radar,0,34,60,0,94,0,0,3,0,3,0,34,63,0,97,5,0,5,102
06/05/2023,BJC,CO,ANM,WE,Towers with Radar,0,41,80,1,122,0,3,128,0,131,0,44,208,1,253,456,0,456,709
06/06/2023,BJC,CO,ANM,WE,Towers with Radar,0,32,26,0,58,0,15,357,3,375,0,47,383,3,433,906,12,918,1351
06/07/2023,BJC,CO,ANM,WE,Towers with Radar,0,36,45,0,81,0,16,281,11,308,0,52,326,11,389,577,7,584,973
06/08/2023,BJC,CO,ANM,WE,Towers with Radar,0,47,47,0,94,0,23,378,5,406,0,70,425,5,500,678,7,685,1185
06/09/2023,BJC,CO,ANM,WE,Towers with Radar,0,43,61,1,105,0,34,287,5,326,0,77,348,6,431,542,3,545,976
06/10/2023,BJC,CO,ANM,WE,Towers with Radar,0,26,33,1,60,0,28,298,0,326,0,54,331,1,386,594,0,594,980
06/11/2023,BJC,CO,ANM,WE,Towers with Radar,0,39,58,0,97,0,6,62,0,68,0,45,120,0,165,550,0,550,715
06/12/2023,BJC,CO,ANM,WE,Towers with Radar,0,44,49,2,95,0,2,53,0,55,0,46,102,2,150,177,0,177,327
06/13/2023,BJC,CO,ANM,WE,Towers with Radar,0,37,82,0,119,0,16,88,2,106,0,53,170,2,225,329,0,329,554
06/14/2023,BJC,CO,ANM,WE,Towers with Radar,0,26,42,0,68,0,147,339,2,488,0,173,381,2,556,645,2,647,1203
06/15/2023,BJC,CO,ANM,WE,Towers with Radar,0,43,46,2,91,0,20,266,2,288,0,63,312,4,379,483,14,497,876
06/16/2023,BJC,CO,ANM,WE,Towers with Radar,0,40,96,0,136,0,6,44,0,50,0,46,140,0,186,104,0,104,290
06/17/2023,BJC,CO,ANM,WE,Towers with Radar,0,31,44,0,75,0,19,210,0,229,0,50,254,0,304,731,0,731,1035
06/18/2023,BJC,CO,ANM,WE,Towers with Radar,0,44,39,2,85,0,37,242,0,279,0,81,281,2,364,555,0,555,919
06/19/2023,BJC,CO,ANM,WE,Towers with Radar,0,51,56,2,109,0,23,391,2,416,0,74,447,4,525,540,0,540,1065
06/20/2023,BJC,CO,ANM,WE,Towers with Radar,0,34,48,0,82,0,31,397,7,435,0,65,445,7,517,628,3,631,1148
06/21/2023,BJC,CO,ANM,WE,Towers with Radar,0,29,86,0,115,0,13,183,0,196,0,42,269,0,311,551,2,553,864
06/22/2023,BJC,CO,ANM,WE,Towers with Radar,0,35,41,0,76,0,14,239,7,260,0,49,280,7,336,381,0,381,717
06/23/2023,BJC,CO,ANM,WE,Towers with Radar,0,50,71,0,121,0,10,265,0,275,0,60,336,0,396,786,0,786,1182
06/24/2023,BJC,CO,ANM,WE,Towers with Radar,0,29,29,0,58,0,10,158,4,172,0,39,187,4,230,193,0,193,423
06/25/2023,BJC,CO,ANM,WE,Towers with Radar,0,43,44,0,87,0,5,79,0,84,0,48,123,0,171,53,0,53,224
06/26/2023,BJC,CO,ANM,WE,Towers with Radar,0,55,48,4,107,0,21,368,2,391,0,76,416,6,498,675,6,681,1179
06/27/2023,BJC,CO,ANM,WE,Towers with Radar,0,36,59,0,95,0,22,182,7,211,0,58,241,7,306,421,2,423,729
06/28/2023,BJC,CO,ANM,WE,Towers with Radar,0,36,45,3,84,0,30,394,6,430,0,66,439,9,514,667,4,671,1185
06/29/2023,BJC,CO,ANM,WE,Towers with Radar,0,49,58,0,107,0,12,228,2,242,0,61,286,2,349,580,0,580,929
06/30/2023,BJC,CO,ANM,WE,Towers with Radar,0,52,39,0,91,0,4,103,0,107,0,56,142,0,198,221,0,221,419
07/01/2023,BJC,CO,ANM,WE,Towers with Radar,0,62,37,0,99,0,40,359,0,399,0,102,396,0,498,307,0,307,805
07/02/2023,BJC,CO,ANM,WE,Towers with Radar,0,39,33,0,72,0,22,190,0,212,0,61,223,0,284,340,0,340,624
07/03/2023,BJC,CO,ANM,WE,Towers with Radar,0,31,34,0,65,0,17,266,0,283,0,48,300,0,348,379,0,379,727
07/04/2023,BJC,CO,ANM,WE,Towers with Radar,0,32,12,0,44,0,9,158,0,167,0,41,170,0,211,269,0,269,480
07/05/2023,BJC,CO,ANM,WE,Towers with Radar,0,34,81,0,115,0,0,0,0,0,0,34,81,0,115,0,0,0,115
07/06/2023,BJC,CO,ANM,WE,Towers with Radar,0,35,71,1,107,0,5,98,0,103,0,40,169,1,210,409,0,409,619
07/07/2023,BJC,CO,ANM,WE,Towers with Radar,0,29,58,5,92,0,19,251,1,271,0,48,309,6,363,532,2,534,897
07/08/2023,BJC,CO,ANM,WE,Towers with Radar,0,43,34,0,77,0,30,268,0,298,0,73,302,0,375,213,0,213,588
07/09/2023,BJC,CO,ANM,WE,Towers with Radar,0,43,37,3,83,0,17,192,0,209,0,60,229,3,292,321,0,321,613
07/10/2023,BJC,CO,ANM,WE,Towers with Radar,0,42,43,4,89,0,31,286,0,317,0,73,329,4,406,495,0,495,901
07/11/2023,BJC,CO,ANM,WE,Towers with Radar,0,32,37,1,70,0,42,296,6,344,0,74,333,7,414,545,4,549,963
07/12/2023,BJC,CO,ANM,WE,Towers with Radar,0,38,67,2,107,0,32,383,13,428,0,70,450,15,535,578,4,582,1117
07/13/2023,BJC,CO,ANM,WE,Towers with Radar,0,49,37,1,87,0,35,357,2,394,0,84,394,3,481,745,0,745,1226
07/14/2023,BJC,CO,ANM,WE,Towers with Radar,0,52,48,1,101,0,21,345,16,382,0,73,393,17,483,457,20,477,960
07/15/2023,BJC,CO,ANM,WE,Towers with Radar,0,35,40,1,76,0,27,323,1,351,0,62,363,2,427,688,0,688,1115
07/16/2023,BJC,CO,ANM,WE,Towers with Radar,0,42,40,2,84,0,26,244,0,270,0,68,284,2,354,444,0,444,798
07/17/2023,BJC,CO,ANM,WE,Towers with Radar,0,44,26,1,71,0,18,339,3,360,0,62,365,4,431,163,0,163,594
07/18/2023,BJC,CO,ANM,WE,Towers with Radar,0,30,50,0,80,0,15,240,0,255,0,45,290,0,335,97,0,97,432
07/19/2023,BJC,CO,ANM,WE,Towers with Radar,0,34,43,2,79,0,12,303,4,319,0,46,346,6,398,251,12,263,661
07/20/2023,BJC,CO,ANM,WE,Towers with Radar,0,43,46,0,89,0,13,134,2,149,0,56,180,2,238,272,0,272,510
07/21/2023,BJC,CO,ANM,WE,Towers with Radar,0,49,83,0,132,0,16,266,1,283,0,65,349,1,415,599,0,599,1014
07/22/2023,BJC,CO,ANM,WE,Towers with Radar,0,27,25,0,52,0,31,296,1,328,0,58,321,1,380,540,0,540,920
07/23/2023,BJC,CO,ANM,WE,Towers with Radar,0,50,28,0,78,0,28,225,0,253,0,78,253,0,331,311,0,311,642
07/24/2023,BJC,CO,ANM,WE,Towers with Radar,0,64,44,2,110,0,22,245,19,286,0,86,289,21,396,410,36,446,842
07/25/2023,BJC,CO,ANM,WE,Towers with Radar,0,26,48,0,74,0,19,219,6,244,0,45,267,6,318,443,14,457,775
07/26/2023,BJC,CO,ANM,WE,Towers with Radar,0,38,43,0,81,0,31,260,6,297,0,69,303,6,378,524,5,529,907
07/27/2023,BJC,CO,ANM,WE,Towers with Radar,0,41,36,0,77,0,23,307,14,344,0,64,343,14,421,542,23,565,986
07/28/2023,BJC,CO,ANM,WE,Towers with Radar,1,51,42,3,97,0,21,314,9,344,1,72,356,12,441,401,13,414,855
07/29/2023,BJC,CO,ANM,WE,Towers with Radar,0,32,30,0,62,0,15,229,1,245,0,47,259,1,307,381,0,381,688
07/30/2023,BJC,CO,ANM,WE,Towers with Radar,0,46,44,1,91,0,15,245,1,261,0,61,289,2,352,453,0,453,805
07/31/2023,BJC,CO,ANM,WE,Towers with Radar,0,47,80,1,128,0,4,122,0,126,0,51,202,1,254,431,0,431,685
08/01/2023,BJC,CO,ANM,WE,Towers with Radar,0,40,48,1,89,0,18,270,0,288,0,58,318,1,377,723,0,723,1100
08/02/2023,BJC,CO,ANM,WE,Towers with Radar,0,35,41,4,80,0,21,307,11,339,0,56,348,15,419,515,25,540,959
08/03/2023,BJC,CO,ANM,WE,Towers with Radar,0,53,36,1,90,0,20,391,19,430,0,73,427,20,520,551,33,584,1104
08/04/2023,BJC,CO,ANM,WE,Towers with Radar,0,44,35,1,80,0,27,405,8,440,0,71,440,9,520,692,14,706,1226
08/05/2023,BJC,CO,ANM,WE,Towers with Radar,0,31,23,2,56,0,21,295,0,316,0,52,318,2,372,459,0,459,831
08/06/2023,BJC,CO,ANM,WE,Towers with Radar,0,41,70,1,112,0,2,97,1,100,0,43,167,2,212,281,0,281,493
08/07/2023,BJC,CO,ANM,WE,Towers with Radar,0,38,40,1,79,0,26,296,3,325,0,64,336,4,404,485,3,488,892
08/08/2023,BJC,CO,ANM,WE,Towers with Radar,0,37,60,0,97,0,37,298,3,338,0,74,358,3,435,843,4,847,1282
08/09/2023,BJC,CO,ANM,WE,Towers with Radar,0,33,61,0,94,0,26,396,4,426,0,59,457,4,520,676,9,685,1205
08/10/2023,BJC,CO,ANM,WE,Towers with Radar,0,57,59,0,116,0,32,311,0,343,0,89,370,0,459,457,0,457,916
08/11/2023,BJC,CO,ANM,WE,Towers with Radar,0,49,46,0,95,0,47,382,0,429,0,96,428,0,524,559,0,559,1083
08/12/2023,BJC,CO,ANM,WE,Towers with Radar,0,19,45,0,64,0,27,312,2,341,0,46,357,2,405,521,0,521,926
08/13/2023,BJC,CO,ANM,WE,Towers with Radar,0,40,38,0,78,0,16,131,0,147,0,56,169,0,225,164,0,164,389
08/14/2023,BJC,CO,ANM,WE,Towers with Radar,0,36,58,0,94,0,38,365,9,412,0,74,423,9,506,706,18,724,1230
08/15/2023,BJC,CO,ANM,WE,Towers with Radar,0,35,41,0,76,0,36,412,11,459,0,71,453,11,535,707,3,710,1245
08/16/2023,BJC,CO,ANM,WE,Towers with Radar,0,37,55,0,92,0,27,283,7,317,0,64,338,7,409,482,0,482,891
08/17/2023,BJC,CO,ANM,WE,Towers with Radar,0,44,56,0,100,0,52,334,17,403,0,96,390,17,503,649,32,681,1184
08/18/2023,BJC,CO,ANM,WE,Towers with Radar,0,40,47,2,89,0,30,299,0,329,0,70,346,2,418,394,0,394,812
08/19/2023,BJC,CO,ANM,WE,Towers with Radar,0,22,20,0,42,0,30,254,0,284,0,52,274,0,326,518,0,518,844
08/20/2023,BJC,CO,ANM,WE,Towers with Radar,0,44,53,1,98,0,34,221,0,255,0,78,274,1,353,423,0,423,776
08/21/2023,BJC,CO,ANM,WE,Towers with Radar,0,49,57,0,106,0,17,251,2,270,0,66,308,2,376,389,2,391,767
08/22/2023,BJC,CO,ANM,WE,Towers with Radar,0,45,47,0,92,0,43,329,5,377,0,88,376,5,469,435,14,449,918
08/23/2023,BJC,CO,ANM,WE,Towers with Radar,0,31,49,1,81,0,27,319,0,346,0,58,368,1,427,574,0,574,1001
08/24/2023,BJC,CO,ANM,WE,Towers with Radar,0,54,52,2,108,0,40,348,13,401,0,94,400,15,509,545,21,566,1075
08/25/2023,BJC,CO,ANM,WE,Towers with Radar,0,39,55,8,102,0,11,46,2,59,0,50,101,10,161,286,0,286,447
08/26/2023,BJC,CO,ANM,WE,Towers with Radar,0,35,48,0,83,0,15,128,0,143,0,50,176,0,226,391,0,391,617
08/27/2023,BJC,CO,ANM,WE,Towers with Radar,0,50,26,0,76,0,17,244,4,265,0,67,270,4,341,411,0,411,752
08/28/2023,BJC,CO,ANM,WE,Towers with Radar,0,46,51,1,98,0,15,171,1,187,0,61,222,2,285,495,0,495,780
08/29/2023,BJC,CO,ANM,WE,Towers with Radar,0,42,51,0,93,0,37,422,9,468,0,79,473,9,561,833,28,861,1422
08/30/2023,BJC,CO,ANM,WE,Towers with Radar,0,33,44,0,77,0,42,399,11,452,0,75,443,11,529,791,6,797,1326
08/31/2023,BJC,CO,ANM,WE,Towers with Radar,0,38,62,1,101,0,33,321,18,372,0,71,383,19,473,569,10,579,1052
01/01/2020,BJC,CO,ANM,WE,Towers with Radar,0,17,19,0,36,0,0,19,0,19,0,17,38,0,55,0,0,0,55
01/02/2020,BJC,CO,ANM,WE,Towers with Radar,0,20,25,0,45,0,0,165,0,165,0,20,190,0,210,244,0,244,454
01/03/2020,BJC,CO,ANM,WE,Towers with Radar,0,23,35,0,58,0,0,77,0,77,0,23,112,0,135,57,0,57,192
01/04/2020,BJC,CO,ANM,WE,Towers with Radar,0,16,16,0,32,0,0,152,0,152,0,16,168,0,184,183,0,183,367
01/05/2020,BJC,CO,ANM,WE,Towers with Radar,0,17,33,0,50,0,0,235,0,235,0,17,268,0,285,312,0,312,597
01/06/2020,BJC,CO,ANM,WE,Towers with Radar,0,29,37,0,66,0,0,12,0,12,0,29,49,0,78,0,0,0,78
01/07/2020,BJC,CO,ANM,WE,Towers with Radar,0,8,31,2,41,0,0,105,2,107,0,8,136,4,148,217,0,217,365
01/08/2020,BJC,CO,ANM,WE,Towers with Radar,0,9,34,0,43,0,1,178,0,179,0,10,212,0,222,527,0,527,749
01/09/2020,BJC,CO,ANM,WE,Towers with Radar,0,18,42,2,62,0,0,193,5,198,0,18,235,7,260,320,38,358,618
01/10/2020,BJC,CO,ANM,WE,Towers with Radar,0,11,30,0,41,0,0,189,0,189,0,11,219,0,230,455,0,455,685
01/11/2020,BJC,CO,ANM,WE,Towers with Radar,0,8,21,0,29,0,0,166,0,166,0,8,187,0,195,227,0,227,422
01/12/2020,BJC,CO,ANM,WE,Towers with Radar,0,18,31,0,49,0,0,117,0,117,0,18,148,0,166,230,0,230,396
01/13/2020,BJC,CO,ANM,WE,Towers with Radar,0,12,43,4,59,0,0,97,1,98,0,12,140,5,157,148,0,148,305
01/14/2020,BJC,CO,ANM,WE,Towers with Radar,0,14,38,2,54,0,0,161,0,161,0,14,199,2,215,332,0,332,547
01/15/2020,BJC,CO,ANM,WE,Towers with Radar,0,24,57,0,81,0,2,237,2,241,0,26,294,2,322,464,12,476,798
01/16/2020,BJC,CO,ANM,WE,Towers with Radar,0,11,55,0,66,0,0,261,2,263,0,11,316,2,329,485,6,491,820
01/17/2020,BJC,CO,ANM,WE,Towers with Radar,0,21,35,0,56,0,1,35,0,36,0,22,70,0,92,113,0,113,205
01/18/2020,BJC,CO,ANM,WE,Towers with Radar,0,9,28,0,37,0,0,196,0,196,0,9,224,0,233,357,0,357,590
01/19/2020,BJC,CO,ANM,WE,Towers with Radar,0,8,24,0,32,0,0,307,2,309,0,8,331,2,341,349,0,349,690
01/20/2020,BJC,CO,ANM,WE,Towers with Radar,0,11,34,1,46,0,1,270,0,271,0,12,304,1,317,386,0,386,703
01/21/2020,BJC,CO,ANM,WE,Towers with Radar,0,17,36,0,53,0,0,246,10,256,0,17,282,10,309,490,54,544,853
01/22/2020,BJC,CO,ANM,WE,Towers with Radar,0,16,42,0,58,0,1,95,0,96,0,17,137,0,154,211,8,219,373
01/23/2020,BJC,CO,ANM,WE,Towers with Radar,0,16,38,0,54,0,2,204,0,206,0,18,242,0,260,455,0,455,715
01/24/2020,BJC,CO,ANM,WE,Towers with Radar,0,14,34,0,48,0,1,253,7,261,0,15,287,7,309,466,28,494,803
01/25/2020,BJC,CO,ANM,WE,Towers with Radar,0,8,23,0,31,0,0,160,0,160,0,8,183,0,191,258,0,258,449
01/26/2020,BJC,CO,ANM,WE,Towers with Radar,0,17,34,0,51,0,0,214,0,214,0,17,248,0,265,322,0,322,587
01/27/2020,BJC,CO,ANM,WE,Towers with Radar,0,10,30,0,40,0,0,102,0,102,0,10,132,0,142,408,0,408,550
01/28/2020,BJC,CO,ANM,WE,Towers with Radar,0,9,46,0,55,0,0,291,4,295,0,9,337,4,350,430,16,446,796
01/29/2020,BJC,CO,ANM,WE,Towers with Radar,0,20,41,0,61,0,0,133,0,133,0,20,174,0,194,343,0,343,537
01/30/2020,BJC,CO,ANM,WE,Towers with Radar,0,21,58,0,79,0,0,96,0,96,0,21,154,0,175,127,0,127,302
01/31/2020,BJC,CO,ANM,WE,Towers with Radar,0,15,38,0,53,0,3,169,0,172,0,18,207,0,225,195,0,195,420
02/01/2020,BJC,CO,ANM,WE,Towers with Radar,0,7,13,0,20,0,0,18,0,18,0,7,31,0,38,4,0,4,42
02/02/2020,BJC,CO,ANM,WE,Towers with Radar,0,14,35,2,51,0,4,193,0,197,0,18,228,2,248,263,0,263,511
02/03/2020,BJC,CO,ANM,WE,Towers with Radar,0,15,11,0,26,0,0,0,0,0,0,15,11,0,26,0,0,0,26
02/04/2020,BJC,CO,ANM,WE,Towers with Radar,0,8,28,0,36,0,0,1,0,1,0,8,29,0,37,34,0,34,71
02/05/2020,BJC,CO,ANM,WE,Towers with Radar,0,12,38,0,50,0,7,161,2,170,0,19,199,2,220,192,14,206,426
02/06/2020,BJC,CO,ANM,WE,Towers with Radar,0,23,44,0,67,0,1,129,0,130,0,24,173,0,197,166,0,166,363
02/07/2020,BJC,CO,ANM,WE,Towers with Radar,0,14,19,0,33,0,0,0,0,0,0,14,19,0,33,0,0,0,33
02/08/2020,BJC,CO,ANM,WE,Towers with Radar,0,7,29,0,36,0,0,124,0,124,0,7,153,0,160,115,0,115,275
02/09/2020,BJC,CO,ANM,WE,Towers with Radar,0,21,13,0,34,0,0,2,0,2,0,21,15,0,36,0,0,0,36
02/10/2020,BJC,CO,ANM,WE,Towers with Radar,0,28,30,0,58,0,0,67,0,67,0,28,97,0,125,105,0,105,230
02/11/2020,BJC,CO,ANM,WE,Towers with Radar,0,8,49,2,59,0,0,159,4,163,0,8,208,6,222,189,0,189,411
02/12/2020,BJC,CO,ANM,WE,Towers with Radar,0,21,47,0,68,0,0,82,0,82,0,21,129,0,150,101,0,101,251
02/13/2020,BJC,CO,ANM,WE,Towers with Radar,0,12,59,0,71,0,0,48,0,48,0,12,107,0,119,81,0,81,200
02/14/2020,BJC,CO,ANM,WE,Towers with Radar,0,12,55,0,67,0,2,146,3,151,0,14,201,3,218,198,14,212,430
02/15/2020,BJC,CO,ANM,WE,Towers with Radar,0,14,25,0,39,0,3,225,0,228,0,17,250,0,267,351,0,351,618
02/16/2020,BJC,CO,ANM,WE,Towers with Radar,0,14,25,0,39,0,1,132,0,133,0,15,157,0,172,403,0,403,575
02/17/2020,BJC,CO,ANM,WE,Towers with Radar,0,21,44,0,65,0,0,114,0,114,0,21,158,0,179,284,0,284,463
02/18/2020,BJC,CO,ANM,WE,Towers with Radar,0,20,46,0,66,0,0,214,2,216,0,20,260,2,282,470,6,476,758
02/19/2020,BJC,CO,ANM,WE,Towers with Radar,0,15,38,2,55,0,0,1,0,1,0,15,39,2,56,6,0,6,62
02/20/2020,BJC,CO,ANM,WE,Towers with Radar,0,16,45,0,61,0,0,277,5,282,0,16,322,5,343,494,7,501,844
02/21/2020,BJC,CO,ANM,WE,Towers with Radar,0,17,38,0,55,0,3,307,0,310,0,20,345,0,365,500,0,500,865
02/22/2020,BJC,CO,ANM,WE,Towers with Radar,0,10,34,0,44,0,1,201,0,202,0,11,235,0,246,280,0,280,526
02/23/2020,BJC,CO,ANM,WE,Towers with Radar,0,17,23,0,40,0,0,33,0,33,0,17,56,0,73,6,0,6,79
02/24/2020,BJC,CO,ANM,WE,Towers with Radar,0,21,31,2,54,0,0,16,0,16,0,21,47,2,70,31,0,31,101
02/25/2020,BJC,CO,ANM,WE,Towers with Radar,0,17,39,0,56,0,0,10,0,10,0,17,49,0,66,0,0,0,66
02/26/2020,BJC,CO,ANM,WE,Towers with Radar,0,22,44,0,66,0,0,268,9,277,0,22,312,9,343,282,41,323,666
02/27/2020,BJC,CO,ANM,WE,Towers with Radar,0,22,51,0,73,0,1,142,3,146,0,23,193,3,219,105,3,108,327
02/28/2020,BJC,CO,ANM,WE,Towers with Radar,0,16,42,0,58,0,4,343,17,364,0,20,385,17,422,336,35,371,793
02/29/2020,BJC,CO,ANM,WE,Towers with Radar,0,8,19,1,28,0,1,294,6,301,0,9,313,7,329,380,13,393,722
03/01/2020,BJC,CO,ANM,WE,Towers with Radar,0,13,48,0,61,0,0,89,0,89,0,13,137,0,150,176,0,176,326
03/02/2020,BJC,CO,ANM,WE,Towers with Radar,0,19,34,2,55,0,0,71,2,73,0,19,105,4,128,40,0,40,168
03/03/2020,BJC,CO,ANM,WE,Towers with Radar,0,14,35,0,49,0,0,199,8,207,0,14,234,8,256,276,48,324,580
03/04/2020,BJC,CO,ANM,WE,Towers with Radar,0,21,43,0,64,0,0,69,2,71,0,21,112,2,135,111,4,115,250
03/05/2020,BJC,CO,ANM,WE,Towers with Radar,0,25,62,0,87,0,0,295,2,297,0,25,357,2,384,413,18,431,815
03/06/2020,BJC,CO,ANM,WE,Towers with Radar,0,30,59,4,93,0,0,266,1,267,0,30,325,5,360,465,9,474,834
03/07/2020,BJC,CO,ANM,WE,Towers with Radar,0,19,25,0,44,0,0,207,0,207,0,19,232,0,251,243,0,243,494
03/08/2020,BJC,CO,ANM,WE,Towers with Radar,0,28,53,0,81,0,0,147,2,149,0,28,200,2,230,315,0,315,545
03/09/2020,BJC,CO,ANM,WE,Towers with Radar,0,17,34,0,51,0,0,143,0,143,0,17,177,0,194,273,0,273,467
03/10/2020,BJC,CO,ANM,WE,Towers with Radar,0,18,33,0,51,0,0,122,2,124,0,18,155,2,175,190,0,190,365
03/11/2020,BJC,CO,ANM,WE,Towers with Radar,0,20,41,0,61,0,1,45,0,46,0,21,86,0,107,14,0,14,121
03/12/2020,BJC,CO,ANM,WE,Towers with Radar,0,25,41,0,66,0,3,140,0,143,0,28,181,0,209,454,0,454,663
03/13/2020,BJC,CO,ANM,WE,Towers with Radar,0,21,30,0,51,0,0,4,0,4,0,21,34,0,55,56,0,56,111
03/14/2020,BJC,CO,ANM,WE,Towers with Radar,0,16,53,0,69,0,0,36,0,36,0,16,89,0,105,168,0,168,273
03/15/2020,BJC,CO,ANM,WE,Towers with Radar,0,18,35,0,53,0,0,150,0,150,0,18,185,0,203,359,0,359,562
03/16/2020,BJC,CO,ANM,WE,Towers with Radar,0,15,32,0,47,0,1,251,0,252,0,16,283,0,299,324,0,324,623
03/17/2020,BJC,CO,ANM,WE,Towers with Radar,0,12,30,0,42,0,0,95,0,95,0,12,125,0,137,297,0,297,434
03/18/2020,BJC,CO,ANM,WE,Towers with Radar,0,18,28,1,47,0,1,207,2,210,0,19,235,3,257,417,15,432,689
03/19/2020,BJC,CO,ANM,WE,Towers with Radar,0,6,5,0,11,0,0,0,0,0,0,6,5,0,11,0,0,0,11
03/20/2020,BJC,CO,ANM,WE,Towers with Radar,0,8,14,0,22,0,0,0,0,0,0,8,14,0,22,0,0,0,22
03/21/2020,BJC,CO,ANM,WE,Towers with Radar,0,6,12,0,18,0,0,151,0,151,0,6,163,0,169,547,0,547,716
03/22/2020,BJC,CO,ANM,WE,Towers with Radar,0,4,15,0,19,0,0,142,0,142,0,4,157,0,161,393,0,393,554
03/23/2020,BJC,CO,ANM,WE,Towers with Radar,0,3,30,0,33,0,0,171,2,173,0,3,201,2,206,442,8,450,656
03/24/2020,BJC,CO,ANM,WE,Towers with Radar,0,9,14,2,25,0,2,158,4,164,0,11,172,6,189,257,0,257,446
03/25/2020,BJC,CO,ANM,WE,Towers with Radar,0,1,14,0,15,0,1,93,0,94,0,2,107,0,109,252,0,252,361
03/26/2020,BJC,CO,ANM,WE,Towers with Radar,0,8,29,0,37,0,0,57,0,57,0,8,86,0,94,107,0,107,201
03/27/2020,BJC,CO,ANM,WE,Towers with Radar,0,7,4,0,11,0,0,0,0,0,0,7,4,0,11,53,0,53,64
03/28/2020,BJC,CO,ANM,WE,Towers with Radar,0,10,10,0,20,0,0,14,0,14,0,10,24,0,34,0,0,0,34
03/29/2020,BJC,CO,ANM,WE,Towers with Radar,0,9,19,0,28,0,4,141,0,145,0,13,160,0,173,128,0,128,301
03/30/2020,BJC,CO,ANM,WE,Towers with Radar,0,5,6,0,11,0,0,63,0,63,0,5,69,0,74,150,0,150,224
03/31/2020,BJC,CO,ANM,WE,Towers with Radar,0,4,15,0,19,0,0,66,0,66,0,4,81,0,85,143,0,143,228
04/01/2020,BJC,CO,ANM,WE,Towers with Radar,0,0,30,0,30,0,0,130,0,130,0,0,160,0,160,222,0,222,382
04/02/2020,BJC,CO,ANM,WE,Towers with Radar,0,2,4,0,6,0,0,0,0,0,0,2,4,0,6,0,0,0,6
04/03/2020,BJC,CO,ANM,WE,Towers with Radar,0,4,19,0,23,0,0,29,0,29,0,4,48,0,52,21,0,21,73
04/04/2020,BJC,CO,ANM,WE,Towers with Radar,0,6,8,0,14,0,0,120,3,123,0,6,128,3,137,174,2,176,313
04/05/2020,BJC,CO,ANM,WE,Towers with Radar,0,3,5,0,8,0,0,79,0,79,0,3,84,0,87,100,0,100,187
04/06/2020,BJC,CO,ANM,WE,Towers with Radar,0,2,6,1,9,0,0,95,7,102,0,2,101,8,111,117,22,139,250
04/07/2020,BJC,CO,ANM,WE,Towers with Radar,0,0,16,0,16,0,3,66,2,71,0,3,82,2,87,98,12,110,197
04/08/2020,BJC,CO,ANM,WE,Towers with Radar,0,3,15,0,18,0,0,113,2,115,0,3,128,2,133,100,0,100,233
04/09/2020,BJC,CO,ANM,WE,Towers with Radar,0,7,8,0,15,0,0,83,6,89,0,7,91,6,104,136,10,146,250
04/10/2020,BJC,CO,ANM,WE,Towers with Radar,0,10,17,0,27,0,0,78,2,80,0,10,95,2,107,80,0,80,187
04/11/2020,BJC,CO,ANM,WE,Towers with Radar,0,7,6,0,13,0,0,71,0,71,0,7,77,0,84,99,0,99,183
04/12/2020,BJC,CO,ANM,WE,Towers with Radar,0,4,3,0,7,0,0,0,0,0,0,4,3,0,7,0,0,0,7
04/13/2020,BJC,CO,ANM,WE,Towers with Radar,0,5,8,0,13,0,0,0,0,0,0,5,8,0,13,0,0,0,13
04/14/2020,BJC,CO,ANM,WE,Towers with Radar,0,5,15,0,20,0,0,45,2,47,0,5,60,2,67,94,6,100,167
04/15/2020,BJC,CO,ANM,WE,Towers with Radar,0,8,12,0,20,0,0,60,0,60,0,8,72,0,80,34,0,34,114
04/16/2020,BJC,CO,ANM,WE,Towers with Radar,0,0,5,0,5,0,0,0,0,0,0,0,5,0,5,0,0,0,5
04/17/2020,BJC,CO,ANM,WE,Towers with Radar,0,6,17,0,23,0,0,81,2,83,0,6,98,2,106,146,4,150,256
04/18/2020,BJC,CO,ANM,WE,Towers with Radar,0,3,18,0,21,0,0,78,0,78,0,3,96,0,99,95,0,95,194
04/19/2020,BJC,CO,ANM,WE,Towers with Radar,0,0,9,0,9,0,0,102,0,102,0,0,111,0,111,36,0,36,147
04/20/2020,BJC,CO,ANM,WE,Towers with Radar,0,4,26,0,30,2,0,110,0,112,2,4,136,0,142,152,0,152,294
04/21/2020,BJC,CO,ANM,WE,Towers with Radar,0,5,11,0,16,0,1,98,0,99,0,6,109,0,115,166,0,166,281
04/22/2020,BJC,CO,ANM,WE,Towers with Radar,0,5,22,4,31,0,0,70,5,75,0,5,92,9,106,70,6,76,182
04/23/2020,BJC,CO,ANM,WE,Towers with Radar,0,2,17,2,21,0,2,61,4,67,0,4,78,6,88,52,2,54,142
04/24/2020,BJC,CO,ANM,WE,Towers with Radar,0,5,17,0,22,0,0,33,0,33,0,5,50,0,55,61,0,61,116
04/25/2020,BJC,CO,ANM,WE,Towers with Radar,0,2,12,0,14,0,2,129,0,131,0,4,141,0,145,108,0,108,253
04/26/2020,BJC,CO,ANM,WE,Towers with Radar,0,9,15,0,24,0,2,72,0,74,0,11,87,0,98,153,0,153,251
04/27/2020,BJC,CO,ANM,WE,Towers with Radar,0,10,18,1,29,0,10,153,6,169,0,20,171,7,198,283,0,283,481
04/28/2020,BJC,CO,ANM,WE,Towers with Radar,0,4,22,0,26,0,0,59,13,72,0,4,81,13,98,56,0,56,154
04/29/2020,BJC,CO,ANM,WE,Towers with Radar,0,8,17,0,25,0,1,253,25,279,0,9,270,25,304,266,4,270,574
04/30/2020,BJC,CO,ANM,WE,Towers with Radar,0,5,13,0,18,0,2,150,15,167,0,7,163,15,185,260,0,260,445
05/01/2020,BJC,CO,ANM,WE,Towers with Radar,0,18,28,3,49,0,1,153,2,156,0,19,181,5,205,171,8,179,384
05/02/2020,BJC,CO,ANM,WE,Towers with Radar,0,8,34,0,42,0,0,20,0,20,0,8,54,0,62,36,0,36,98
05/03/2020,BJC,CO,ANM,WE,Towers with Radar,0,6,23,0,29,0,0,154,0,154,0,6,177,0,183,349,0,349,532
05/04/2020,BJC,CO,ANM,WE,Towers with Radar,0,6,21,0,27,0,0,45,0,45,0,6,66,0,72,88,0,88,160
05/05/2020,BJC,CO,ANM,WE,Towers with Radar,0,3,20,1,24,0,2,191,6,199,0,5,211,7,223,452,19,471,694
05/06/2020,BJC,CO,ANM,WE,Towers with Radar,0,12,33,0,45,0,1,226,2,229,0,13,259,2,274,354,3,357,631
05/07/2020,BJC,CO,ANM,WE,Towers with Radar,0,2,18,0,20,0,1,81,2,84,0,3,99,2,104,81,4,85,189
05/08/2020,BJC,CO,ANM,WE,Towers with Radar,0,17,40,6,63,0,4,154,2,160,0,21,194,8,223,401,6,407,630
05/09/2020,BJC,CO,ANM,WE,Towers with Radar,0,8,20,0,28,0,0,95,0,95,0,8,115,0,123,170,0,170,293
05/10/2020,BJC,CO,ANM,WE,Towers with Radar,0,4,15,0,19,0,1,173,0,174,0,5,188,0,193,347,0,347,540
05/11/2020,BJC,CO,ANM,WE,Towers with Radar,0,4,24,0,28,0,0,39,0,39,0,4,63,0,67,234,0,234,301
05/12/2020,BJC,CO,ANM,WE,Towers with Radar,0,13,61,0,74,0,0,164,2,166,0,13,225,2,240,398,8,406,646
05/13/2020,BJC,CO,ANM,WE,Towers with Radar,0,8,34,0,42,0,4,240,2,246,0,12,274,2,288,426,6,432,720
05/14/2020,BJC,CO,ANM,WE,Towers with Radar,0,8,30,0,38,0,0,151,0,151,0,8,181,0,189,279,12,291,480
05/15/2020,BJC,CO,ANM,WE,Towers with Radar,0,7,33,0,40,0,0,138,0,138,0,7,171,0,178,196,0,196,374
05/16/2020,BJC,CO,ANM,WE,Towers with Radar,0,9,23,0,32,0,0,261,0,261,0,9,284,0,293,523,0,523,816
05/17/2020,BJC,CO,ANM,WE,Towers with Radar,0,8,25,0,33,0,0,278,0,278,0,8,303,0,311,562,0,562,873
05/18/2020,BJC,CO,ANM,WE,Towers with Radar,0,9,24,0,33,0,0,264,0,264,0,9,288,0,297,438,0,438,735
05/19/2020,BJC,CO,ANM,WE,Towers with Radar,0,26,31,0,57,0,0,178,0,178,0,26,209,0,235,221,0,221,456
05/20/2020,BJC,CO,ANM,WE,Towers with Radar,0,14,24,0,38,0,0,87,0,87,0,14,111,0,125,213,0,213,338
05/21/2020,BJC,CO,ANM,WE,Towers with Radar,0,8,45,0,53,0,0,269,5,274,0,8,314,5,327,369,16,385,712
05/22/2020,BJC,CO,ANM,WE,Towers with Radar,0,19,52,0,71,0,0,285,0,285,0,19,337,0,356,412,0,412,768
05/23/2020,BJC,CO,ANM,WE,Towers with Radar,0,13,28,0,41,0,1,235,0,236,0,14,263,0,277,483,0,483,760
05/24/2020,BJC,CO,ANM,WE,Towers with Radar,0,14,20,0,34,0,0,47,0,47,0,14,67,0,81,175,0,175,256
05/25/2020,BJC,CO,ANM,WE,Towers with Radar,0,18,29,0,47,0,0,249,2,251,0,18,278,2,298,379,0,379,677
05/26/2020,BJC,CO,ANM,WE,Towers with Radar,0,14,49,0,63,0,0,278,0,278,0,14,327,0,341,582,0,582,923
05/27/2020,BJC,CO,ANM,WE,Towers with Radar,0,15,45,2,62,0,1,221,2,224,0,16,266,4,286,388,0,388,674
05/28/2020,BJC,CO,ANM,WE,Towers with Radar,0,3,99,0,102,0,1,191,2,194,0,4,290,2,296,566,0,566,862
05/29/2020,BJC,CO,ANM,WE,Towers with Radar,0,8,48,0,56,0,2,329,1,332,0,10,377,1,388,631,8,639,1027
05/30/2020,BJC,CO,ANM,WE,Towers with Radar,0,7,23,0,30,0,3,266,0,269,0,10,289,0,299,314,0,314,613
05/31/2020,BJC,CO,ANM,WE,Towers with Radar,0,13,31,0,44,0,0,227,2,229,0,13,258,2,273,570,0,570,843
06/01/2020,BJC,CO,ANM,WE,Towers with Radar,0,14,34,2,50,0,0,198,2,200,0,14,232,4,250,480,2,482,732
06/02/2020,BJC,CO,ANM,WE,Towers with Radar,0,9,36,0,45,0,1,202,4,207,0,10,238,4,252,400,14,414,666
06/03/2020,BJC,CO,ANM,WE,Towers with Radar,0,12,40,0,52,0,1,307,1,309,0,13,347,1,361,394,23,417,778
06/04/2020,BJC,CO,ANM,WE,Towers with Radar,0,7,46,2,55,0,1,218,7,226,0,8,264,9,281,347,18,365,646
06/05/2020,BJC,CO,ANM,WE,Towers with Radar,0,13,39,2,54,0,17,316,4,337,0,30,355,6,391,472,20,492,883
06/06/2020,BJC,CO,ANM,WE,Towers with Radar,0,7,18,0,25,0,1,46,0,47,0,8,64,0,72,88,0,88,160
06/07/2020,BJC,CO,ANM,WE,Towers with Radar,0,9,25,0,34,0,2,176,0,178,0,11,201,0,212,258,0,258,470
06/08/2020,BJC,CO,ANM,WE,Towers with Radar,0,11,36,0,47,0,0,230,12,242,0,11,266,12,289,456,61,517,806
06/09/2020,BJC,CO,ANM,WE,Towers with Radar,1,13,46,0,60,0,0,38,0,38,1,13,84,0,98,81,0,81,179
06/10/2020,BJC,CO,ANM,WE,Towers with Radar,0,15,58,0,73,0,0,340,0,340,0,15,398,0,413,494,0,494,907
06/11/2020,BJC,CO,ANM,WE,Towers with Radar,0,15,38,0,53,0,4,292,3,299,0,19,330,3,352,709,7,716,1068
06/12/2020,BJC,CO,ANM,WE,Towers with Radar,0,25,43,0,68,0,0,330,5,335,0,25,373,5,403,650,38,688,1091
06/13/2020,BJC,CO,ANM,WE,Towers with Radar,0,12,20,0,32,0,2,215,2,219,0,14,235,2,251,598,0,598,849
06/14/2020,BJC,CO,ANM,WE,Towers with Radar,0,18,37,0,55,2,2,126,0,130,2,20,163,0,185,233,0,233,418
06/15/2020,BJC,CO,ANM,WE,Towers with Radar,0,18,52,0,70,0,1,270,5,276,0,19,322,5,346,592,9,601,947
06/16/2020,BJC,CO,ANM,WE,Towers with Radar,0,27,41,0,68,2,3,250,0,255,2,30,291,0,323,532,0,532,855
06/17/2020,BJC,CO,ANM,WE,Towers with Radar,0,23,49,1,73,0,6,262,9,277,0,29,311,10,350,507,34,541,891
06/18/2020,BJC,CO,ANM,WE,Towers with Radar,0,17,46,0,63,0,2,311,2,315,0,19,357,2,378,440,10,450,828
06/19/2020,BJC,CO,ANM,WE,Towers with Radar,0,24,51,1,76,0,0,89,0,89,0,24,140,1,165,294,2,296,461
06/20/2020,BJC,CO,ANM,WE,Towers with Radar,0,12,30,0,42,0,4,355,1,360,0,16,385,1,402,630,0,630,1032
06/21/2020,BJC,CO,ANM,WE,Towers with Radar,0,24,19,0,43,0,5,131,1,137,0,29,150,1,180,118,0,118,298
06/22/2020,BJC,CO,ANM,WE,Towers with Radar,0,11,47,0,58,0,0,267,2,269,0,11,314,2,327,651,1,652,979
06/23/2020,BJC,CO,ANM,WE,Towers with Radar,0,14,42,7,63,0,1,302,0,303,0,15,344,7,366,524,0,524,890
06/24/2020,BJC,CO,ANM,WE,Towers with Radar,0,25,56,0,81,0,2,292,0,294,0,27,348,0,375,501,0,501,876
06/25/2020,BJC,CO,ANM,WE,Towers with Radar,0,13,50,2,65,0,2,246,6,254,0,15,296,8,319,467,38,505,824
06/26/2020,BJC,CO,ANM,WE,Towers with Radar,0,15,27,0,42,0,6,245,8,259,0,21,272,8,301,526,35,561,862
06/27/2020,BJC,CO,ANM,WE,Towers with Radar,0,10,18,0,28,1,0,231,0,232,1,10,249,0,260,407,0,407,667
06/28/2020,BJC,CO,ANM,WE,Towers with Radar,0,19,39,0,58,2,3,218,0,223,2,22,257,0,281,314,0,314,595
06/29/2020,BJC,CO,ANM,WE,Towers with Radar,0,17,63,0,80,24,8,246,0,278,24,25,309,0,358,563,0,563,921
06/30/2020,BJC,CO,ANM,WE,Towers with Radar,0,25,44,0,69,0,2,207,0,209,0,27,251,0,278,331,0,331,609
07/01/2020,BJC,CO,ANM,WE,Towers with Radar,0,21,58,2,81,1,3,271,5,280,1,24,329,7,361,455,32,487,848
07/02/2020,BJC,CO,ANM,WE,Towers with Radar,0,15,52,0,67,0,3,323,7,333,0,18,375,7,400,401,46,447,847
07/03/2020,BJC,CO,ANM,WE,Towers with Radar,0,13,41,0,54,0,5,288,0,293,0,18,329,0,347,509,0,509,856
07/04/2020,BJC,CO,ANM,WE,Towers with Radar,0,2,13,0,15,2,4,150,0,156,2,6,163,0,171,206,0,206,377
07/05/2020,BJC,CO,ANM,WE,Towers with Radar,0,8,37,0,45,7,0,150,0,157,7,8,187,0,202,250,0,250,452
07/06/2020,BJC,CO,ANM,WE,Towers with Radar,0,22,35,0,57,0,2,179,6,187,0,24,214,6,244,320,26,346,590
07/07/2020,BJC,CO,ANM,WE,Towers with Radar,0,26,38,0,64,1,0,168,3,172,1,26,206,3,236,253,10,263,499
07/08/2020,BJC,CO,ANM,WE,Towers with Radar,0,14,44,2,60,5,2,256,5,268,5,16,300,7,328,502,25,527,855
07/09/2020,BJC,CO,ANM,WE,Towers with Radar,0,20,33,0,53,1,3,179,11,194,1,23,212,11,247,546,100,646,893
07/10/2020,BJC,CO,ANM,WE,Towers with Radar,0,14,29,1,44,0,6,243,10,259,0,20,272,11,303,437,43,480,783
07/11/2020,BJC,CO,ANM,WE,Towers with Radar,0,5,22,0,27,10,2,272,0,284,10,7,294,0,311,558,0,558,869
07/12/2020,BJC,CO,ANM,WE,Towers with Radar,0,17,35,0,52,0,5,165,0,170,0,22,200,0,222,309,0,309,531
07/13/2020,BJC,CO,ANM,WE,Towers with Radar,0,25,51,0,76,12,1,179,16,208,12,26,230,16,284,353,32,385,669
07/14/2020,BJC,CO,ANM,WE,Towers with Radar,0,28,41,1,70,5,2,248,3,258,5,30,289,4,328,164,9,173,501
07/15/2020,BJC,CO,ANM,WE,Towers with Radar,0,13,83,0,96,1,1,162,0,164,1,14,245,0,260,299,0,299,559
07/16/2020,BJC,CO,ANM,WE,Towers with Radar,0,10,30,0,40,4,0,232,0,236,4,10,262,0,276,159,0,159,435
07/17/2020,BJC,CO,ANM,WE,Towers with Radar,0,21,34,0,55,0,1,265,9,275,0,22,299,9,330,136,7,143,473
07/18/2020,BJC,CO,ANM,WE,Towers with Radar,0,13,23,0,36,0,2,208,0,210,0,15,231,0,246,346,0,346,592
07/19/2020,BJC,CO,ANM,WE,Towers with Radar,0,17,50,0,67,4,1,136,0,141,4,18,186,0,208,172,0,172,380
07/20/2020,BJC,CO,ANM,WE,Towers with Radar,0,10,21,2,33,18,0,216,8,242,18,10,237,10,275,380,20,400,675
07/21/2020,BJC,CO,ANM,WE,Towers with Radar,0,17,46,1,64,0,14,181,5,200,0,31,227,6,264,389,12,401,665
07/22/2020,BJC,CO,ANM,WE,Towers with Radar,0,18,45,1,64,0,2,230,3,235,0,20,275,4,299,396,14,410,709
07/23/2020,BJC,CO,ANM,WE,Towers with Radar,0,21,52,4,77,0,9,240,16,265,0,30,292,20,342,491,56,547,889
07/24/2020,BJC,CO,ANM,WE,Towers with Radar,0,21,56,2,79,0,1,249,3,253,0,22,305,5,332,287,38,325,657
07/25/2020,BJC,CO,ANM,WE,Towers with Radar,0,21,38,0,59,5,0,249,0,254,5,21,287,0,313,429,0,429,742
07/26/2020,BJC,CO,ANM,WE,Towers with Radar,0,16,35,3,54,3,1,175,1,180,3,17,210,4,234,409,0,409,643
07/27/2020,BJC,CO,ANM,WE,Towers with Radar,0,20,50,2,72,0,2,229,11,242,0,22,279,13,314,711,44,755,1069
07/28/2020,BJC,CO,ANM,WE,Towers with Radar,0,23,32,0,55,1,16,192,0,209,1,39,224,0,264,585,0,585,849
07/29/2020,BJC,CO,ANM,WE,Towers with Radar,0,26,43,0,69,0,9,132,4,145,0,35,175,4,214,327,23,350,564
07/30/2020,BJC,CO,ANM,WE,Towers with Radar,0,26,44,1,71,0,3,220,4,227,0,29,264,5,298,335,4,339,637
07/31/2020,BJC,CO,ANM,WE,Towers with Radar,0,22,37,0,59,0,2,261,8,271,0,24,298,8,330,311,60,371,701
08/01/2020,BJC,CO,ANM,WE,Towers with Radar,0,13,30,0,43,0,2,198,1,201,0,15,228,1,244,355,0,355,599
08/02/2020,BJC,CO,ANM,WE,Towers with Radar,0,32,33,0,65,1,1,178,0,180,1,33,211,0,245,189,0,189,434
08/03/2020,BJC,CO,ANM,WE,Towers with Radar,0,14,56,0,70,0,2,200,2,204,0,16,256,2,274,334,0,334,608
08/04/2020,BJC,CO,ANM,WE,Towers with Radar,0,30,52,0,82,3,4,197,4,208,3,34,249,4,290,453,8,461,751
08/05/2020,BJC,CO,ANM,WE,Towers with Radar,0,21,39,0,60,0,1,202,2,205,0,22,241,2,265,449,0,449,714
08/06/2020,BJC,CO,ANM,WE,Towers with Radar,0,15,58,0,73,0,0,272,2,274,0,15,330,2,347,371,0,371,718
08/07/2020,BJC,CO,ANM,WE,Towers with Radar,0,25,45,1,71,0,2,255,4,261,0,27,300,5,332,443,18,461,793
08/08/2020,BJC,CO,ANM,WE,Towers with Radar,0,22,29,0,51,1,4,276,2,283,1,26,305,2,334,338,0,338,672
08/09/2020,BJC,CO,ANM,WE,Towers with Radar,0,30,24,0,54,2,2,188,0,192,2,32,212,0,246,378,0,378,624
08/10/2020,BJC,CO,ANM,WE,Towers with Radar,0,19,42,0,61,0,1,245,2,248,0,20,287,2,309,471,6,477,786
08/11/2020,BJC,CO,ANM,WE,Towers with Radar,0,23,41,2,66,13,2,258,3,276,13,25,299,5,342,406,4,410,752
08/12/2020,BJC,CO,ANM,WE,Towers with Radar,0,16,55,6,77,27,0,247,1,275,27,16,302,7,352,435,21,456,808
08/13/2020,BJC,CO,ANM,WE,Towers with Radar,0,20,58,1,79,6,14,301,2,323,6,34,359,3,402,533,8,541,943
08/14/2020,BJC,CO,ANM,WE,Towers with Radar,0,24,51,0,75,57,4,260,5,326,57,28,311,5,401,389,14,403,804
08/15/2020,BJC,CO,ANM,WE,Towers with Radar,0,25,38,0,63,71,3,295,1,370,71,28,333,1,433,394,0,394,827
08/16/2020,BJC,CO,ANM,WE,Towers with Radar,0,31,50,1,82,42,2,177,2,223,42,33,227,3,305,534,0,534,839
08/17/2020,BJC,CO,ANM,WE,Towers with Radar,0,27,60,3,90,2,6,245,9,262,2,33,305,12,352,441,27,468,820
08/18/2020,BJC,CO,ANM,WE,Towers with Radar,0,26,48,0,74,1,5,199,9,214,1,31,247,9,288,341,39,380,668
08/19/2020,BJC,CO,ANM,WE,Towers with Radar,0,25,47,0,72,7,7,245,4,263,7,32,292,4,335,217,71,288,623
08/20/2020,BJC,CO,ANM,WE,Towers with Radar,0,43,56,2,101,0,4,182,0,186,0,47,238,2,287,422,15,437,724
08/21/2020,BJC,CO,ANM,WE,Towers with Radar,0,33,57,2,92,57,2,261,22,342,57,35,318,24,434,523,62,585,1019
08/22/2020,BJC,CO,ANM,WE,Towers with Radar,0,28,38,0,66,25,0,195,2,222,25,28,233,2,288,491,0,491,779
08/23/2020,BJC,CO,ANM,WE,Towers with Radar,0,32,39,0,71,12,6,194,0,212,12,38,233,0,283,413,0,413,696
08/24/2020,BJC,CO,ANM,WE,Towers with Radar,0,23,38,0,61,0,3,209,12,224,0,26,247,12,285,405,30,435,720
08/25/2020,BJC,CO,ANM,WE,Towers with Radar,0,16,22,0,38,6,7,195,3,211,6,23,217,3,249,374,22,396,645
08/26/2020,BJC,CO,ANM,WE,Towers with Radar,0,19,35,0,54,0,1,183,5,189,0,20,218,5,243,243,18,261,504
08/27/2020,BJC,CO,ANM,WE,Towers with Radar,0,16,49,1,66,6,2,216,3,227,6,18,265,4,293,390,22,412,705
08/28/2020,BJC,CO,ANM,WE,Towers with Radar,0,12,43,2,57,1,2,217,0,220,1,14,260,2,277,308,0,308,585
08/29/2020,BJC,CO,ANM,WE,Towers with Radar,0,16,41,0,57,0,1,161,0,162,0,17,202,0,219,323,0,323,542
08/30/2020,BJC,CO,ANM,WE,Towers with Radar,0,12,20,0,32,4,1,116,0,121,4,13,136,0,153,225,0,225,378
08/31/2020,BJC,CO,ANM,WE,Towers with Radar,0,12,42,2,56,0,2,157,0,159,0,14,199,2,215,388,0,388,603
09/01/2020,BJC,CO,ANM,WE,Towers with Radar,0,15,37,6,58,0,1,245,4,250,0,16,282,10,308,520,0,520,828
09/02/2020,BJC,CO,ANM,WE,Towers with Radar,0,27,40,0,67,2,4,242,0,248,2,31,282,0,315,432,0,432,747
09/03/2020,BJC,CO,ANM,WE,Towers with Radar,0,23,48,0,71,0,2,257,2,261,0,25,305,2,332,395,0,395,727
09/04/2020,BJC,CO,ANM,WE,Towers with Radar,0,15,35,0,50,0,0,310,0,310,0,15,345,0,360,720,0,720,1080
09/05/2020,BJC,CO,ANM,WE,Towers with Radar,0,7,29,0,36,15,0,253,0,268,15,7,282,0,304,342,0,342,646
09/06/2020,BJC,CO,ANM,WE,Towers with Radar,0,13,23,0,36,2,0,120,1,123,2,13,143,1,159,179,0,179,338
09/07/2020,BJC,CO,ANM,WE,Towers with Radar,0,19,59,0,78,0,5,143,0,148,0,24,202,0,226,353,0,353,579
09/08/2020,BJC,CO,ANM,WE,Towers with Radar,0,12,12,0,24,0,0,0,0,0,0,12,12,0,24,0,0,0,24
09/09/2020,BJC,CO,ANM,WE,Towers with Radar,0,14,41,0,55,0,0,17,0,17,0,14,58,0,72,24,0,24,96
09/10/2020,BJC,CO,ANM,WE,Towers with Radar,1,15,48,0,64,0,0,67,0,67,1,15,115,0,131,335,0,335,466
09/11/2020,BJC,CO,ANM,WE,Towers with Radar,0,23,54,1,78,0,17,189,1,207,0,40,243,2,285,421,33,454,739
09/12/2020,BJC,CO,ANM,WE,Towers with Radar,0,19,30,0,49,0,0,490,2,492,0,19,520,2,541,656,8,664,1205
09/13/2020,BJC,CO,ANM,WE,Towers with Radar,0,18,41,3,62,0,14,257,0,271,0,32,298,3,333,563,0,563,896
09/14/2020,BJC,CO,ANM,WE,Towers with Radar,0,24,48,4,76,1,3,230,4,238,1,27,278,8,314,437,12,449,763
09/15/2020,BJC,CO,ANM,WE,Towers with Radar,0,25,49,0,74,0,6,259,4,269,0,31,308,4,343,407,19,426,769
09/16/2020,BJC,CO,ANM,WE,Towers with Radar,0,26,72,0,98,0,3,240,12,255,0,29,312,12,353,477,17,494,847
09/17/2020,BJC,CO,ANM,WE,Towers with Radar,0,25,58,0,83,0,7,204,7,218,0,32,262,7,301,340,50,390,691
09/18/2020,BJC,CO,ANM,WE,Towers with Radar,0,22,61,0,83,0,15,191,3,209,0,37,252,3,292,512,30,542,834
09/19/2020,BJC,CO,ANM,WE,Towers with Radar,0,22,32,2,56,0,23,255,0,278,0,45,287,2,334,388,0,388,722
09/20/2020,BJC,CO,ANM,WE,Towers with Radar,0,31,42,2,75,49,6,216,0,271,49,37,258,2,346,265,0,265,611
09/21/2020,BJC,CO,ANM,WE,Towers with Radar,0,28,41,3,72,59,17,226,12,314,59,45,267,15,386,205,94,299,685
09/22/2020,BJC,CO,ANM,WE,Towers with Radar,0,21,42,0,63,70,4,194,8,276,70,25,236,8,339,380,50,430,769
09/23/2020,BJC,CO,ANM,WE,Towers with Radar,0,25,58,0,83,0,14,290,14,318,0,39,348,14,401,592,58,650,1051
09/24/2020,BJC,CO,ANM,WE,Towers with Radar,0,21,51,0,72,76,5,255,0,336,76,26,306,0,408,473,0,473,881
09/25/2020,BJC,CO,ANM,WE,Towers with Radar,0,24,40,3,67,49,8,299,2,358,49,32,339,5,425,443,2,445,870
09/26/2020,BJC,CO,ANM,WE,Towers with Radar,0,11,28,1,40,0,18,88,0,106,0,29,116,1,146,243,0,243,389
09/27/2020,BJC,CO,ANM,WE,Towers with Radar,0,21,38,4,63,5,2,87,0,94,5,23,125,4,157,99,0,99,256
09/28/2020,BJC,CO,ANM,WE,Towers with Radar,0,12,46,1,59,49,1,203,4,257,49,13,249,5,316,402,12,414,730
09/29/2020,BJC,CO,ANM,WE,Towers with Radar,0,24,38,0,62,71,16,247,2,336,71,40,285,2,398,531,12,543,941
09/30/2020,BJC,CO,ANM,WE,Towers with Radar,0,23,49,0,72,22,22,212,2,258,22,45,261,2,330,461,0,461,791
10/01/2020,BJC,CO,ANM,WE,Towers with Radar,1,26,60,0,87,53,7,276,0,336,54,33,336,0,423,460,0,460,883
10/02/2020,BJC,CO,ANM,WE,Towers with Radar,0,12,63,1,76,27,2,160,1,190,27,14,223,2,266,477,8,485,751
10/03/2020,BJC,CO,ANM,WE,Towers with Radar,0,9,37,0,46,2,2,271,0,275,2,11,308,0,321,454,0,454,775
10/04/2020,BJC,CO,ANM,WE,Towers with Radar,0,16,48,1,65,0,6,210,0,216,0,22,258,1,281,371,0,371,652
10/05/2020,BJC,CO,ANM,WE,Towers with Radar,0,22,41,1,64,5,4,147,4,160,5,26,188,5,224,359,0,359,583
10/06/2020,BJC,CO,ANM,WE,Towers with Radar,0,21,48,3,72,8,72,239,8,327,8,93,287,11,399,580,6,586,985
10/07/2020,BJC,CO,ANM,WE,Towers with Radar,0,24,46,4,74,16,32,250,2,300,16,56,296,6,374,518,6,524,898
10/08/2020,BJC,CO,ANM,WE,Towers with Radar,0,38,54,3,95,17,63,196,2,278,17,101,250,5,373,603,2,605,978
10/09/2020,BJC,CO,ANM,WE,Towers with Radar,0,35,54,1,90,13,53,298,15,379,13,88,352,16,469,402,54,456,925
10/10/2020,BJC,CO,ANM,WE,Towers with Radar,0,14,46,0,60,17,73,277,1,368,17,87,323,1,428,575,0,575,1003
10/11/2020,BJC,CO,ANM,WE,Towers with Radar,0,15,37,0,52,0,4,22,0,26,0,19,59,0,78,6,0,6,84
10/12/2020,BJC,CO,ANM,WE,Towers with Radar,0,29,40,2,71,0,0,44,0,44,0,29,84,2,115,51,0,51,166
10/13/2020,BJC,CO,ANM,WE,Towers with Radar,0,20,48,0,68,0,42,198,12,252,0,62,246,12,320,447,2,449,769
10/14/2020,BJC,CO,ANM,WE,Towers with Radar,0,19,29,0,48,0,1,18,2,21,0,20,47,2,69,62,0,62,131
10/15/2020,BJC,CO,ANM,WE,Towers with Radar,0,53,53,6,112,63,93,167,12,335,63,146,220,18,447,408,52,460,907
10/16/2020,BJC,CO,ANM,WE,Towers with Radar,0,20,41,2,63,61,50,174,8,293,61,70,215,10,356,466,9,475,831
10/17/2020,BJC,CO,ANM,WE,Towers with Radar,0,20,23,0,43,57,30,31,0,118,57,50,54,0,161,126,0,126,287
10/18/2020,BJC,CO,ANM,WE,Towers with Radar,0,30,51,1,82,37,14,38,0,89,37,44,89,1,171,78,0,78,249
10/19/2020,BJC,CO,ANM,WE,Towers with Radar,0,17,53,1,71,50,22,135,10,217,50,39,188,11,288,461,20,481,769
10/20/2020,BJC,CO,ANM,WE,Towers with Radar,0,13,62,1,76,35,19,65,4,123,35,32,127,5,199,214,22,236,435
10/21/2020,BJC,CO,ANM,WE,Towers with Radar,0,14,37,2,53,0,18,235,14,267,0,32,272,16,320,511,44,555,875
10/22/2020,BJC,CO,ANM,WE,Towers with Radar,2,26,58,5,91,0,0,0,0,0,2,26,58,5,91,0,0,0,91
10/23/2020,BJC,CO,ANM,WE,Towers with Radar,0,13,66,2,81,0,2,36,0,38,0,15,102,2,119,171,0,171,290
10/24/2020,BJC,CO,ANM,WE,Towers with Radar,1,6,18,1,26,0,8,136,0,144,1,14,154,1,170,362,0,362,532
10/25/2020,BJC,CO,ANM,WE,Towers with Radar,0,7,10,0,17,0,0,0,0,0,0,7,10,0,17,0,0,0,17
10/26/2020,BJC,CO,ANM,WE,Towers with Radar,0,20,36,0,56,0,7,15,0,22,0,27,51,0,78,84,0,84,162
10/27/2020,BJC,CO,ANM,WE,Towers with Radar,0,22,39,0,61,0,9,189,0,198,0,31,228,0,259,522,0,522,781
10/28/2020,BJC,CO,ANM,WE,Towers with Radar,0,17,57,0,74,0,0,277,14,291,0,17,334,14,365,525,37,562,927
10/29/2020,BJC,CO,ANM,WE,Towers with Radar,0,13,52,5,70,3,26,270,6,305,3,39,322,11,375,669,44,713,1088
10/30/2020,BJC,CO,ANM,WE,Towers with Radar,0,24,51,1,76,0,6,263,3,272,0,30,314,4,348,521,5,526,874
10/31/2020,BJC,CO,ANM,WE,Towers with Radar,0,9,20,0,29,0,2,108,0,110,0,11,128,0,139,65,0,65,204
11/01/2020,BJC,CO,ANM,WE,Towers with Radar,0,9,36,0,45,1,0,239,0,240,1,9,275,0,285,136,0,136,421
11/02/2020,BJC,CO,ANM,WE,Towers with Radar,0,12,39,0,51,0,1,234,0,235,0,13,273,0,286,211,0,211,497
11/03/2020,BJC,CO,ANM,WE,Towers with Radar,0,9,42,2,53,0,5,211,0,216,0,14,253,2,269,214,0,214,483
11/04/2020,BJC,CO,ANM,WE,Towers with Radar,0,21,41,2,64,0,2,203,0,205,0,23,244,2,269,245,0,245,514
11/05/2020,BJC,CO,ANM,WE,Towers with Radar,0,17,35,0,52,0,0,236,0,236,0,17,271,0,288,361,0,361,649
11/06/2020,BJC,CO,ANM,WE,Towers with Radar,0,25,47,0,72,0,0,274,0,274,0,25,321,0,346,427,0,427,773
11/07/2020,BJC,CO,ANM,WE,Towers with Radar,0,14,25,0,39,0,1,174,0,175,0,15,199,0,214,206,0,206,420
11/08/2020,BJC,CO,ANM,WE,Towers with Radar,0,26,25,0,51,0,0,45,2,47,0,26,70,2,98,4,2,6,104
11/09/2020,BJC,CO,ANM,WE,Towers with Radar,0,12,23,0,35,0,0,0,0,0,0,12,23,0,35,8,0,8,43
11/10/2020,BJC,CO,ANM,WE,Towers with Radar,0,19,48,0,67,0,6,76,0,82,0,25,124,0,149,150,0,150,299
11/11/2020,BJC,CO,ANM,WE,Towers with Radar,0,14,48,2,64,0,2,244,0,246,0,16,292,2,310,376,0,376,686
11/12/2020,BJC,CO,ANM,WE,Towers with Radar,0,9,53,0,62,0,0,102,2,104,0,9,155,2,166,110,0,110,276
11/13/2020,BJC,CO,ANM,WE,Towers with Radar,0,18,43,0,61,0,0,47,0,47,0,18,90,0,108,40,0,40,148
11/14/2020,BJC,CO,ANM,WE,Towers with Radar,0,7,14,0,21,0,0,1,0,1,0,7,15,0,22,0,0,0,22
11/15/2020,BJC,CO,ANM,WE,Towers with Radar,0,14,21,0,35,0,2,21,0,23,0,16,42,0,58,0,0,0,58
11/16/2020,BJC,CO,ANM,WE,Towers with Radar,0,11,39,0,50,0,0,196,0,196,0,11,235,0,246,2,0,2,248
11/17/2020,BJC,CO,ANM,WE,Towers with Radar,0,20,32,0,52,0,7,308,0,315,0,27,340,0,367,2,0,2,369
11/18/2020,BJC,CO,ANM,WE,Towers with Radar,0,27,32,0,59,0,2,176,0,178,0,29,208,0,237,10,0,10,247
11/19/2020,BJC,CO,ANM,WE,Towers with Radar,0,32,53,0,85,0,0,219,0,219,0,32,272,0,304,9,0,9,313
11/20/2020,BJC,CO,ANM,WE,Towers with Radar,0,32,63,2,97,0,7,297,0,304,0,39,360,2,401,7,0,7,408
11/21/2020,BJC,CO,ANM,WE,Towers with Radar,0,18,49,2,69,0,6,343,0,349,0,24,392,2,418,4,0,4,422
11/22/2020,BJC,CO,ANM,WE,Towers with Radar,0,15,37,0,52,0,0,258,0,258,0,15,295,0,310,6,0,6,316
11/23/2020,BJC,CO,ANM,WE,Towers with Radar,0,21,27,0,48,0,0,249,0,249,0,21,276,0,297,8,0,8,305
11/24/2020,BJC,CO,ANM,WE,Towers with Radar,0,19,32,0,51,0,0,26,0,26,0,19,58,0,77,2,0,2,79
11/25/2020,BJC,CO,ANM,WE,Towers with Radar,0,15,30,0,45,0,5,280,0,285,0,20,310,0,330,0,0,0,330
11/26/2020,BJC,CO,ANM,WE,Towers with Radar,0,6,3,0,9,0,0,70,0,70,0,6,73,0,79,2,0,2,81
11/27/2020,BJC,CO,ANM,WE,Towers with Radar,0,11,17,0,28,0,2,258,0,260,0,13,275,0,288,5,0,5,293
11/28/2020,BJC,CO,ANM,WE,Towers with Radar,0,21,53,0,74,0,0,370,0,370,0,21,423,0,444,0,0,0,444
11/29/2020,BJC,CO,ANM,WE,Towers with Radar,0,33,47,0,80,0,0,176,0,176,0,33,223,0,256,5,0,5,261
11/30/2020,BJC,CO,ANM,WE,Towers with Radar,0,25,30,0,55,0,4,219,0,223,0,29,249,0,278,6,0,6,284
12/01/2020,BJC,CO,ANM,WE,Towers with Radar,0,14,38,2,54,0,0,15,0,15,0,14,53,2,69,2,0,2,71
12/02/2020,BJC,CO,ANM,WE,Towers with Radar,0,28,28,0,56,0,1,141,0,142,0,29,169,0,198,159,0,159,357
12/03/2020,BJC,CO,ANM,WE,Towers with Radar,0,14,45,1,60,0,12,280,4,296,0,26,325,5,356,259,18,277,633
12/04/2020,BJC,CO,ANM,WE,Towers with Radar,0,13,34,0,47,0,0,302,4,306,0,13,336,4,353,212,12,224,577
12/05/2020,BJC,CO,ANM,WE,Towers with Radar,0,9,37,0,46,15,39,363,0,417,15,48,400,0,463,150,0,150,613
12/06/2020,BJC,CO,ANM,WE,Towers with Radar,0,16,33,0,49,0,1,278,0,279,0,17,311,0,328,406,0,406,734
12/07/2020,BJC,CO,ANM,WE,Towers with Radar,0,20,29,0,49,0,2,218,4,224,0,22,247,4,273,222,35,257,530
12/08/2020,BJC,CO,ANM,WE,Towers with Radar,0,13,33,1,47,0,1,262,4,267,0,14,295,5,314,328,12,340,654
12/09/2020,BJC,CO,ANM,WE,Towers with Radar,0,18,40,2,60,0,10,291,0,301,0,28,331,2,361,445,0,445,806
12/10/2020,BJC,CO,ANM,WE,Towers with Radar,0,11,48,0,59,0,1,228,2,231,0,12,276,2,290,321,18,339,629
12/11/2020,BJC,CO,ANM,WE,Towers with Radar,2,23,24,0,49,0,0,0,0,0,2,23,24,0,49,0,0,0,49
12/12/2020,BJC,CO,ANM,WE,Towers with Radar,0,15,11,0,26,0,0,1,0,1,0,15,12,0,27,0,0,0,27
12/13/2020,BJC,CO,ANM,WE,Towers with Radar,0,18,26,0,44,0,18,122,0,140,0,36,148,0,184,140,0,140,324
12/14/2020,BJC,CO,ANM,WE,Towers with Radar,0,11,32,1,44,0,5,127,0,132,0,16,159,1,176,179,0,179,355
12/15/2020,BJC,CO,ANM,WE,Towers with Radar,0,24,30,0,54,0,27,77,2,106,0,51,107,2,160,282,6,288,448
12/16/2020,BJC,CO,ANM,WE,Towers with Radar,0,21,51,0,72,0,13,155,2,170,0,34,206,2,242,354,30,384,626
12/17/2020,BJC,CO,ANM,WE,Towers with Radar,0,23,39,1,63,4,1,276,2,283,4,24,315,3,346,486,0,486,832
12/18/2020,BJC,CO,ANM,WE,Towers with Radar,1,37,50,3,91,0,0,17,0,17,1,37,67,3,108,36,0,36,144
12/19/2020,BJC,CO,ANM,WE,Towers with Radar,0,34,35,0,69,0,1,57,0,58,0,35,92,0,127,22,0,22,149
12/20/2020,BJC,CO,ANM,WE,Towers with Radar,0,20,29,0,49,0,0,17,0,17,0,20,46,0,66,0,0,0,66
12/21/2020,BJC,CO,ANM,WE,Towers with Radar,0,34,47,0,81,0,0,54,0,54,0,34,101,0,135,23,0,23,158
12/22/2020,BJC,CO,ANM,WE,Towers with Radar,0,31,52,1,84,0,1,83,0,84,0,32,135,1,168,124,0,124,292
12/23/2020,BJC,CO,ANM,WE,Towers with Radar,1,23,37,1,62,0,2,39,0,41,1,25,76,1,103,106,0,106,209
12/24/2020,BJC,CO,ANM,WE,Towers with Radar,0,13,14,0,27,0,0,56,0,56,0,13,70,0,83,83,0,83,166
12/25/2020,BJC,CO,ANM,WE,Towers with Radar,0,16,1,0,17,0,0,72,0,72,0,16,73,0,89,27,0,27,116
12/26/2020,BJC,CO,ANM,WE,Towers with Radar,0,20,38,0,58,0,25,182,0,207,0,45,220,0,265,176,0,176,441
12/27/2020,BJC,CO,ANM,WE,Towers with Radar,0,21,36,0,57,0,1,77,0,78,0,22,113,0,135,71,0,71,206
12/28/2020,BJC,CO,ANM,WE,Towers with Radar,0,25,37,2,64,0,0,4,0,4,0,25,41,2,68,24,0,24,92
12/29/2020,BJC,CO,ANM,WE,Towers with Radar,0,30,25,0,55,0,0,48,0,48,0,30,73,0,103,134,0,134,237
12/30/2020,BJC,CO,ANM,WE,Towers with Radar,0,24,89,0,113,0,13,229,2,244,0,37,318,2,357,389,17,406,763
12/31/2020,BJC,CO,ANM,WE,Towers with Radar,0,20,29,0,49,0,8,271,0,279,0,28,300,0,328,263,0,263,591
01/01/2021,BJC,CO,ANM,WE,Towers with Radar,0,10,12,0,22,0,1,89,0,90,0,11,101,0,112,139,0,139,251
01/02/2021,BJC,CO,ANM,WE,Towers with Radar,0,26,33,0,59,0,1,114,0,115,0,27,147,0,174,121,0,121,295
01/03/2021,BJC,CO,ANM,WE,Towers with Radar,0,13,45,0,58,0,1,62,0,63,0,14,107,0,121,30,0,30,151
01/04/2021,BJC,CO,ANM,WE,Towers with Radar,1,23,41,0,65,0,2,250,2,254,1,25,291,2,319,350,0,350,669
01/05/2021,BJC,CO,ANM,WE,Towers with Radar,0,16,30,0,46,0,0,42,0,42,0,16,72,0,88,30,0,30,118
01/06/2021,BJC,CO,ANM,WE,Towers with Radar,0,13,38,4,55,0,2,235,0,237,0,15,273,4,292,289,0,289,581
01/07/2021,BJC,CO,ANM,WE,Towers with Radar,0,10,28,2,40,0,36,298,0,334,0,46,326,2,374,378,0,378,752
01/08/2021,BJC,CO,ANM,WE,Towers with Radar,0,21,42,0,63,0,0,312,0,312,0,21,354,0,375,332,0,332,707
01/09/2021,BJC,CO,ANM,WE,Towers with Radar,0,15,23,0,38,0,0,1,0,1,0,15,24,0,39,21,0,21,60
01/10/2021,BJC,CO,ANM,WE,Towers with Radar,0,16,22,0,38,0,1,65,0,66,0,17,87,0,104,187,0,187,291
01/11/2021,BJC,CO,ANM,WE,Towers with Radar,0,19,56,0,75,0,2,191,0,193,0,21,247,0,268,183,0,183,451
01/12/2021,BJC,CO,ANM,WE,Towers with Radar,0,16,36,1,53,0,1,255,2,258,0,17,291,3,311,298,12,310,621
01/13/2021,BJC,CO,ANM,WE,Towers with Radar,0,18,33,0,51,0,0,18,0,18,0,18,51,0,69,6,0,6,75
01/14/2021,BJC,CO,ANM,WE,Towers with Radar,0,19,21,0,40,0,0,57,0,57,0,19,78,0,97,87,0,87,184
01/15/2021,BJC,CO,ANM,WE,Towers with Radar,0,13,43,0,56,0,35,136,0,171,0,48,179,0,227,183,0,183,410
01/16/2021,BJC,CO,ANM,WE,Towers with Radar,0,7,17,0,24,0,3,223,0,226,0,10,240,0,250,283,0,283,533
01/17/2021,BJC,CO,ANM,WE,Towers with Radar,0,11,30,0,41,0,0,224,0,224,0,11,254,0,265,320,0,320,585
01/18/2021,BJC,CO,ANM,WE,Towers with Radar,0,19,36,0,55,0,0,60,0,60,0,19,96,0,115,194,0,194,309
01/19/2021,BJC,CO,ANM,WE,Towers with Radar,0,12,33,0,45,0,5,223,0,228,0,17,256,0,273,361,0,361,634
01/20/2021,BJC,CO,ANM,WE,Towers with Radar,0,5,22,0,27,0,1,58,0,59,0,6,80,0,86,24,0,24,110
01/21/2021,BJC,CO,ANM,WE,Towers with Radar,0,14,44,0,58,0,76,255,8,339,0,90,299,8,397,268,45,313,710
01/22/2021,BJC,CO,ANM,WE,Towers with Radar,0,16,43,0,59,0,0,278,1,279,0,16,321,1,338,62,0,62,400
01/23/2021,BJC,CO,ANM,WE,Towers with Radar,0,13,22,0,35,0,32,219,0,251,0,45,241,0,286,249,0,249,535
01/24/2021,BJC,CO,ANM,WE,Towers with Radar,0,17,40,0,57,0,24,59,0,83,0,41,99,0,140,252,0,252,392
01/25/2021,BJC,CO,ANM,WE,Towers with Radar,0,11,27,0,38,0,0,56,0,56,0,11,83,0,94,36,0,36,130
01/26/2021,BJC,CO,ANM,WE,Towers with Radar,0,9,16,0,25,0,0,0,0,0,0,9,16,0,25,0,0,0,25
01/27/2021,BJC,CO,ANM,WE,Towers with Radar,0,10,34,0,44,0,27,138,1,166,0,37,172,1,210,358,5,363,573
01/28/2021,BJC,CO,ANM,WE,Towers with Radar,0,26,44,0,70,0,0,283,8,291,0,26,327,8,361,579,32,611,972
01/29/2021,BJC,CO,ANM,WE,Towers with Radar,0,8,47,5,60,0,43,339,2,384,0,51,386,7,444,441,5,446,890
01/30/2021,BJC,CO,ANM,WE,Towers with Radar,0,14,16,1,31,0,0,110,4,114,0,14,126,5,145,178,12,190,335
01/31/2021,BJC,CO,ANM,WE,Towers with Radar,0,24,24,0,48,0,17,310,0,327,0,41,334,0,375,419,0,419,794
02/01/2021,BJC,CO,ANM,WE,Towers with Radar,0,21,38,0,59,0,0,215,8,223,0,21,253,8,282,383,2,385,667
02/02/2021,BJC,CO,ANM,WE,Towers with Radar,0,13,46,0,59,0,35,280,0,315,0,48,326,0,374,182,0,182,556
02/03/2021,BJC,CO,ANM,WE,Towers with Radar,0,18,44,1,63,0,3,86,0,89,0,21,130,1,152,255,0,255,407
02/04/2021,BJC,CO,ANM,WE,Towers with Radar,0,33,31,6,70,0,2,43,11,56,0,35,74,17,126,52,18,70,196
02/05/2021,BJC,CO,ANM,WE,Towers with Radar,0,10,40,1,51,0,4,75,3,82,0,14,115,4,133,77,0,77,210
02/06/2021,BJC,CO,ANM,WE,Towers with Radar,0,9,29,0,38,0,0,98,0,98,0,9,127,0,136,81,0,81,217
02/07/2021,BJC,CO,ANM,WE,Towers with Radar,0,9,20,0,29,0,0,8,0,8,0,9,28,0,37,0,0,0,37
02/08/2021,BJC,CO,ANM,WE,Towers with Radar,0,15,37,0,52,0,1,69,0,70,0,16,106,0,122,154,0,154,276
02/09/2021,BJC,CO,ANM,WE,Towers with Radar,0,13,43,0,56,0,3,96,2,101,0,16,139,2,157,306,0,306,463
02/10/2021,BJC,CO,ANM,WE,Towers with Radar,0,17,28,2,47,0,10,63,0,73,0,27,91,2,120,170,0,170,290
02/11/2021,BJC,CO,ANM,WE,Towers with Radar,0,22,62,0,84,0,2,32,0,34,0,24,94,0,118,132,0,132,250
02/12/2021,BJC,CO,ANM,WE,Towers with Radar,0,34,40,0,74,0,0,0,0,0,0,34,40,0,74,0,0,0,74
02/13/2021,BJC,CO,ANM,WE,Towers with Radar,0,10,19,0,29,0,0,1,0,1,0,10,20,0,30,0,0,0,30
02/14/2021,BJC,CO,ANM,WE,Towers with Radar,0,8,17,0,25,0,0,0,0,0,0,8,17,0,25,0,0,0,25
02/15/2021,BJC,CO,ANM,WE,Towers with Radar,0,13,24,0,37,0,4,145,0,149,0,17,169,0,186,274,0,274,460
02/16/2021,BJC,CO,ANM,WE,Towers with Radar,0,19,37,1,57,0,1,177,0,178,0,20,214,1,235,356,0,356,591
02/17/2021,BJC,CO,ANM,WE,Towers with Radar,0,19,32,0,51,0,0,0,0,0,0,19,32,0,51,0,0,0,51
02/18/2021,BJC,CO,ANM,WE,Towers with Radar,1,22,39,0,62,0,2,166,0,168,1,24,205,0,230,266,0,266,496
02/19/2021,BJC,CO,ANM,WE,Towers with Radar,0,26,28,0,54,0,0,26,8,34,0,26,54,8,88,56,0,56,144
02/20/2021,BJC,CO,ANM,WE,Towers with Radar,0,20,37,0,57,0,7,225,0,232,0,27,262,0,289,267,0,267,556
02/21/2021,BJC,CO,ANM,WE,Towers with Radar,0,17,43,0,60,5,30,95,0,130,5,47,138,0,190,114,0,114,304
02/22/2021,BJC,CO,ANM,WE,Towers with Radar,0,22,32,0,54,0,0,44,0,44,0,22,76,0,98,0,0,0,98
02/23/2021,BJC,CO,ANM,WE,Towers with Radar,0,27,36,0,63,0,5,28,0,33,0,32,64,0,96,8,0,8,104
02/24/2021,BJC,CO,ANM,WE,Towers with Radar,0,24,40,2,66,0,16,224,5,245,0,40,264,7,311,327,20,347,658
02/25/2021,BJC,CO,ANM,WE,Towers with Radar,0,30,50,0,80,0,3,97,1,101,0,33,147,1,181,271,0,271,452
02/26/2021,BJC,CO,ANM,WE,Towers with Radar,0,20,44,3,67,0,3,50,2,55,0,23,94,5,122,116,0,116,238
02/27/2021,BJC,CO,ANM,WE,Towers with Radar,0,15,22,0,37,0,12,157,0,169,0,27,179,0,206,380,0,380,586
02/28/2021,BJC,CO,ANM,WE,Towers with Radar,0,26,32,0,58,20,44,255,1,320,20,70,287,1,378,352,0,352,730
03/01/2021,BJC,CO,ANM,WE,Towers with Radar,0,22,45,0,67,0,1,271,4,276,0,23,316,4,343,435,12,447,790
03/02/2021,BJC,CO,ANM,WE,Towers with Radar,0,23,37,2,62,0,75,290,10,375,0,98,327,12,437,462,27,489,926
03/03/2021,BJC,CO,ANM,WE,Towers with Radar,0,18,61,0,79,0,37,306,20,363,0,55,367,20,442,633,65,698,1140
03/04/2021,BJC,CO,ANM,WE,Towers with Radar,0,15,32,0,47,0,0,27,0,27,0,15,59,0,74,204,0,204,278
03/05/2021,BJC,CO,ANM,WE,Towers with Radar,0,22,56,0,78,0,15,395,2,412,0,37,451,2,490,291,2,293,783
03/06/2021,BJC,CO,ANM,WE,Towers with Radar,0,13,29,0,42,0,22,421,0,443,0,35,450,0,485,337,0,337,822
03/07/2021,BJC,CO,ANM,WE,Towers with Radar,2,11,47,0,60,0,0,255,0,255,2,11,302,0,315,494,0,494,809
03/08/2021,BJC,CO,ANM,WE,Towers with Radar,0,12,40,0,52,0,1,251,6,258,0,13,291,6,310,403,8,411,721
03/09/2021,BJC,CO,ANM,WE,Towers with Radar,0,12,45,0,57,0,16,263,2,281,0,28,308,2,338,369,0,369,707
03/10/2021,BJC,CO,ANM,WE,Towers with Radar,1,29,43,0,73,0,2,34,0,36,1,31,77,0,109,75,0,75,184
03/11/2021,BJC,CO,ANM,WE,Towers with Radar,1,23,59,1,84,0,0,71,2,73,1,23,130,3,157,172,0,172,329
03/12/2021,BJC,CO,ANM,WE,Towers with Radar,0,18,48,0,66,0,0,1,0,1,0,18,49,0,67,0,0,0,67
03/13/2021,BJC,CO,ANM,WE,Towers with Radar,0,3,2,0,5,0,0,0,0,0,0,3,2,0,5,0,0,0,5
03/14/2021,BJC,CO,ANM,WE,Towers with Radar,0,0,0,0,0,0,0,0,0,0,0,0,0,0,0,0,0,0,0
03/15/2021,BJC,CO,ANM,WE,Towers with Radar,0,26,51,0,77,0,0,13,0,13,0,26,64,0,90,18,0,18,108
03/16/2021,BJC,CO,ANM,WE,Towers with Radar,0,13,27,0,40,0,1,25,0,26,0,14,52,0,66,54,0,54,120
03/17/2021,BJC,CO,ANM,WE,Towers with Radar,0,22,44,0,66,0,97,156,0,253,0,119,200,0,319,227,0,227,546
03/18/2021,BJC,CO,ANM,WE,Towers with Radar,0,14,56,0,70,0,31,277,2,310,0,45,333,2,380,470,2,472,852
03/19/2021,BJC,CO,ANM,WE,Towers with Radar,1,22,58,0,81,0,56,350,4,410,1,78,408,4,491,628,0,628,1119
03/20/2021,BJC,CO,ANM,WE,Towers with Radar,0,26,53,0,79,1,18,290,0,309,1,44,343,0,388,416,0,416,804
03/21/2021,BJC,CO,ANM,WE,Towers with Radar,0,14,31,0,45,0,18,45,0,63,0,32,76,0,108,144,0,144,252
03/22/2021,BJC,CO,ANM,WE,Towers with Radar,0,32,29,0,61,0,0,12,0,12,0,32,41,0,73,10,0,10,83
03/23/2021,BJC,CO,ANM,WE,Towers with Radar,0,22,25,0,47,0,4,85,0,89,0,26,110,0,136,80,0,80,216
03/24/2021,BJC,CO,ANM,WE,Towers with Radar,0,21,36,2,59,0,41,124,3,168,0,62,160,5,227,224,8,232,459
03/25/2021,BJC,CO,ANM,WE,Towers with Radar,0,25,56,4,85,0,59,291,14,364,0,84,347,18,449,426,62,488,937
03/26/2021,BJC,CO,ANM,WE,Towers with Radar,0,30,35,0,65,0,26,107,8,141,0,56,142,8,206,171,14,185,391
03/27/2021,BJC,CO,ANM,WE,Towers with Radar,0,19,36,0,55,0,4,236,1,241,0,23,272,1,296,84,0,84,380
03/28/2021,BJC,CO,ANM,WE,Towers with Radar,0,36,38,0,74,0,8,144,0,152,0,44,182,0,226,74,0,74,300
03/29/2021,BJC,CO,ANM,WE,Towers with Radar,0,23,35,0,58,0,0,21,0,21,0,23,56,0,79,15,0,15,94
03/30/2021,BJC,CO,ANM,WE,Towers with Radar,1,16,35,0,52,0,30,62,2,94,1,46,97,2,146,164,2,166,312
03/31/2021,BJC,CO,ANM,WE,Towers with Radar,0,13,57,0,70,0,57,269,8,334,0,70,326,8,404,423,19,442,846
04/01/2021,BJC,CO,ANM,WE,Towers with Radar,0,24,49,0,73,0,29,372,13,414,0,53,421,13,487,394,41,435,922
04/02/2021,BJC,CO,ANM,WE,Towers with Radar,0,21,48,1,70,0,6,254,9,269,0,27,302,10,339,323,31,354,693
04/03/2021,BJC,CO,ANM,WE,Towers with Radar,0,14,25,0,39,0,17,272,0,289,0,31,297,0,328,208,0,208,536
04/04/2021,BJC,CO,ANM,WE,Towers with Radar,0,20,33,0,53,0,0,150,0,150,0,20,183,0,203,158,0,158,361
04/05/2021,BJC,CO,ANM,WE,Towers with Radar,0,37,40,0,77,0,1,221,14,236,0,38,261,14,313,254,39,293,606
04/06/2021,BJC,CO,ANM,WE,Towers with Radar,0,24,37,0,61,0,3,115,0,118,0,27,152,0,179,150,0,150,329
04/07/2021,BJC,CO,ANM,WE,Towers with Radar,0,30,42,0,72,0,18,164,10,192,0,48,206,10,264,313,8,321,585
04/08/2021,BJC,CO,ANM,WE,Towers with Radar,0,33,27,0,60,0,33,178,9,220,0,66,205,9,280,180,16,196,476
04/09/2021,BJC,CO,ANM,WE,Towers with Radar,0,26,35,0,61,4,41,63,0,108,4,67,98,0,169,105,0,105,274
04/10/2021,BJC,CO,ANM,WE,Towers with Radar,0,11,22,0,33,0,86,274,2,362,0,97,296,2,395,275,12,287,682
04/11/2021,BJC,CO,ANM,WE,Towers with Radar,1,24,35,0,60,0,40,123,0,163,1,64,158,0,223,195,0,195,418
04/12/2021,BJC,CO,ANM,WE,Towers with Radar,0,30,54,0,84,0,1,253,6,260,0,31,307,6,344,318,12,330,674
04/13/2021,BJC,CO,ANM,WE,Towers with Radar,0,13,27,0,40,0,0,36,0,36,0,13,63,0,76,128,0,128,204
04/14/2021,BJC,CO,ANM,WE,Towers with Radar,0,46,55,1,102,0,2,47,2,51,0,48,102,3,153,217,0,217,370
04/15/2021,BJC,CO,ANM,WE,Towers with Radar,0,20,38,0,58,0,0,34,0,34,0,20,72,0,92,96,0,96,188
04/16/2021,BJC,CO,ANM,WE,Towers with Radar,0,14,36,0,50,0,0,4,0,4,0,14,40,0,54,10,0,10,64
04/17/2021,BJC,CO,ANM,WE,Towers with Radar,0,20,24,0,44,0,60,125,1,186,0,80,149,1,230,237,0,237,467
04/18/2021,BJC,CO,ANM,WE,Towers with Radar,0,25,53,0,78,0,14,191,0,205,0,39,244,0,283,244,0,244,527
04/19/2021,BJC,CO,ANM,WE,Towers with Radar,0,13,19,0,32,0,0,1,0,1,0,13,20,0,33,0,0,0,33
04/20/2021,BJC,CO,ANM,WE,Towers with Radar,0,25,33,0,58,0,0,217,0,217,0,25,250,0,275,300,0,300,575
04/21/2021,BJC,CO,ANM,WE,Towers with Radar,0,17,27,0,44,1,3,3,0,7,1,20,30,0,51,16,0,16,67
04/22/2021,BJC,CO,ANM,WE,Towers with Radar,0,19,73,0,92,0,16,72,0,88,0,35,145,0,180,452,0,452,632
04/23/2021,BJC,CO,ANM,WE,Towers with Radar,0,15,61,2,78,0,42,245,6,293,0,57,306,8,371,432,10,442,813
04/24/2021,BJC,CO,ANM,WE,Towers with Radar,0,13,34,2,49,0,11,160,0,171,0,24,194,2,220,204,0,204,424
04/25/2021,BJC,CO,ANM,WE,Towers with Radar,1,21,32,0,54,0,3,220,1,224,1,24,252,1,278,212,2,214,492
04/26/2021,BJC,CO,ANM,WE,Towers with Radar,1,23,32,0,56,0,0,139,0,139,1,23,171,0,195,382,0,382,577
04/27/2021,BJC,CO,ANM,WE,Towers with Radar,0,17,32,0,49,0,0,66,4,70,0,17,98,4,119,128,26,154,273
04/28/2021,BJC,CO,ANM,WE,Towers with Radar,0,22,39,1,62,0,11,150,2,163,0,33,189,3,225,450,0,450,675
04/29/2021,BJC,CO,ANM,WE,Towers with Radar,0,22,46,2,70,0,1,332,19,352,0,23,378,21,422,464,23,487,909
04/30/2021,BJC,CO,ANM,WE,Towers with Radar,0,19,45,0,64,0,1,334,0,335,0,20,379,0,399,496,0,496,895
05/01/2021,BJC,CO,ANM,WE,Towers with Radar,0,14,30,0,44,0,3,344,1,348,0,17,374,1,392,33,0,33,425
05/02/2021,BJC,CO,ANM,WE,Towers with Radar,0,35,25,0,60,0,1,74,0,75,0,36,99,0,135,30,0,30,165
05/03/2021,BJC,CO,ANM,WE,Towers with Radar,0,24,33,0,57,0,0,0,0,0,0,24,33,0,57,0,0,0,57
05/04/2021,BJC,CO,ANM,WE,Towers with Radar,0,12,52,0,64,0,52,109,0,161,0,64,161,0,225,245,0,245,470
05/05/2021,BJC,CO,ANM,WE,Towers with Radar,0,32,54,2,88,0,92,160,4,256,0,124,214,6,344,305,11,316,660
05/06/2021,BJC,CO,ANM,WE,Towers with Radar,0,28,68,1,97,0,2,436,7,445,0,30,504,8,542,490,0,490,1032
05/07/2021,BJC,CO,ANM,WE,Towers with Radar,0,43,45,1,89,0,12,293,3,308,0,55,338,4,397,346,11,357,754
05/08/2021,BJC,CO,ANM,WE,Towers with Radar,0,20,26,0,46,0,4,77,0,81,0,24,103,0,127,47,0,47,174
05/09/2021,BJC,CO,ANM,WE,Towers with Radar,0,32,21,0,53,0,12,50,0,62,0,44,71,0,115,121,0,121,236
05/10/2021,BJC,CO,ANM,WE,Towers with Radar,0,17,49,3,69,0,0,1,0,1,0,17,50,3,70,0,0,0,70
05/11/2021,BJC,CO,ANM,WE,Towers with Radar,0,20,35,0,55,0,0,1,0,1,0,20,36,0,56,0,0,0,56
05/12/2021,BJC,CO,ANM,WE,Towers with Radar,0,25,53,2,80,1,98,311,30,440,1,123,364,32,520,531,0,531,1051
05/13/2021,BJC,CO,ANM,WE,Towers with Radar,0,31,58,1,90,0,31,401,69,501,0,62,459,70,591,264,8,272,863
05/14/2021,BJC,CO,ANM,WE,Towers with Radar,0,39,56,0,95,0,65,279,41,385,0,104,335,41,480,192,0,192,672
05/15/2021,BJC,CO,ANM,WE,Towers with Radar,0,17,92,8,117,0,34,76,10,120,0,51,168,18,237,183,0,183,420
05/16/2021,BJC,CO,ANM,WE,Towers with Radar,0,24,67,1,92,0,5,25,0,30,0,29,92,1,122,73,0,73,195
05/17/2021,BJC,CO,ANM,WE,Towers with Radar,0,30,81,0,111,0,0,12,0,12,0,30,93,0,123,69,0,69,192
05/18/2021,BJC,CO,ANM,WE,Towers with Radar,0,23,88,0,111,0,0,47,0,47,0,23,135,0,158,80,0,80,238
05/19/2021,BJC,CO,ANM,WE,Towers with Radar,0,28,57,6,91,0,15,305,1,321,0,43,362,7,412,351,5,356,768
05/20/2021,BJC,CO,ANM,WE,Towers with Radar,0,37,55,5,97,0,8,337,7,352,0,45,392,12,449,462,7,469,918
05/21/2021,BJC,CO,ANM,WE,Towers with Radar,0,14,46,0,60,0,20,214,2,236,0,34,260,2,296,226,0,226,522
05/22/2021,BJC,CO,ANM,WE,Towers with Radar,0,21,57,2,80,0,1,46,0,47,0,22,103,2,127,63,0,63,190
05/23/2021,BJC,CO,ANM,WE,Towers with Radar,0,27,37,0,64,0,3,80,1,84,0,30,117,1,148,176,0,176,324
05/24/2021,BJC,CO,ANM,WE,Towers with Radar,0,21,49,6,76,0,3,311,4,318,0,24,360,10,394,440,0,440,834
05/25/2021,BJC,CO,ANM,WE,Towers with Radar,0,31,43,0,74,0,14,401,4,419,0,45,444,4,493,460,4,464,957
05/26/2021,BJC,CO,ANM,WE,Towers with Radar,0,29,40,0,69,0,6,367,2,375,0,35,407,2,444,302,0,302,746
05/27/2021,BJC,CO,ANM,WE,Towers with Radar,0,31,62,2,95,0,73,380,8,461,0,104,442,10,556,535,4,539,1095
05/28/2021,BJC,CO,ANM,WE,Towers with Radar,0,22,56,0,78,0,77,340,2,419,0,99,396,2,497,241,2,243,740
05/29/2021,BJC,CO,ANM,WE,Towers with Radar,0,24,25,2,51,0,9,183,0,192,0,33,208,2,243,312,0,312,555
05/30/2021,BJC,CO,ANM,WE,Towers with Radar,0,13,16,0,29,0,0,0,0,0,0,13,16,0,29,0,0,0,29
05/31/2021,BJC,CO,ANM,WE,Towers with Radar,0,23,91,0,114,0,1,19,0,20,0,24,110,0,134,0,0,0,134
06/01/2021,BJC,CO,ANM,WE,Towers with Radar,0,24,43,2,69,0,21,219,4,244,0,45,262,6,313,392,2,394,707
06/02/2021,BJC,CO,ANM,WE,Towers with Radar,0,40,35,3,78,0,8,320,12,340,0,48,355,15,418,310,4,314,732
06/03/2021,BJC,CO,ANM,WE,Towers with Radar,0,28,42,0,70,0,7,320,8,335,0,35,362,8,405,290,6,296,701
06/04/2021,BJC,CO,ANM,WE,Towers with Radar,0,39,45,0,84,0,11,323,2,336,0,50,368,2,420,89,0,89,509
06/05/2021,BJC,CO,ANM,WE,Towers with Radar,0,12,30,2,44,0,4,248,0,252,0,16,278,2,296,80,0,80,376
06/06/2021,BJC,CO,ANM,WE,Towers with Radar,0,34,43,0,77,0,2,156,0,158,0,36,199,0,235,177,0,177,412
06/07/2021,BJC,CO,ANM,WE,Towers with Radar,0,34,36,0,70,7,1,265,4,277,7,35,301,4,347,167,11,178,525
06/08/2021,BJC,CO,ANM,WE,Towers with Radar,0,34,38,1,73,1,1,302,6,310,1,35,340,7,383,371,13,384,767
06/09/2021,BJC,CO,ANM,WE,Towers with Radar,0,34,62,3,99,0,5,291,0,296,0,39,353,3,395,147,0,147,542
06/10/2021,BJC,CO,ANM,WE,Towers with Radar,0,35,60,4,99,23,1,245,3,272,23,36,305,7,371,151,3,154,525
06/11/2021,BJC,CO,ANM,WE,Towers with Radar,0,33,54,2,89,4,0,232,3,239,4,33,286,5,328,63,0,63,391
06/12/2021,BJC,CO,ANM,WE,Towers with Radar,0,14,36,0,50,1,43,299,0,343,1,57,335,0,393,203,0,203,596
06/13/2021,BJC,CO,ANM,WE,Towers with Radar,1,29,46,0,76,0,42,170,0,212,1,71,216,0,288,224,0,224,512
06/14/2021,BJC,CO,ANM,WE,Towers with Radar,0,26,61,0,87,1,0,237,3,241,1,26,298,3,328,296,3,299,627
06/15/2021,BJC,CO,ANM,WE,Towers with Radar,0,17,41,0,58,2,7,251,0,260,2,24,292,0,318,335,0,335,653
06/16/2021,BJC,CO,ANM,WE,Towers with Radar,0,23,47,5,75,0,23,180,3,206,0,46,227,8,281,293,10,303,584
06/17/2021,BJC,CO,ANM,WE,Towers with Radar,1,24,57,5,87,0,3,199,6,208,1,27,256,11,295,341,2,343,638
06/18/2021,BJC,CO,ANM,WE,Towers with Radar,0,36,59,0,95,11,83,268,0,362,11,119,327,0,457,342,0,342,799
06/19/2021,BJC,CO,ANM,WE,Towers with Radar,0,24,38,0,62,0,10,169,0,179,0,34,207,0,241,230,1,231,472
06/20/2021,BJC,CO,ANM,WE,Towers with Radar,0,35,34,2,71,0,24,147,0,171,0,59,181,2,242,289,0,289,531
06/21/2021,BJC,CO,ANM,WE,Towers with Radar,0,20,64,2,86,0,1,208,1,210,0,21,272,3,296,240,1,241,537
06/22/2021,BJC,CO,ANM,WE,Towers with Radar,0,22,32,1,55,29,20,342,2,393,29,42,374,3,448,312,0,312,760
06/23/2021,BJC,CO,ANM,WE,Towers with Radar,0,36,42,0,78,39,25,234,0,298,39,61,276,0,376,157,0,157,533
06/24/2021,BJC,CO,ANM,WE,Towers with Radar,0,36,49,2,87,0,5,238,0,243,0,41,287,2,330,58,0,58,388
06/25/2021,BJC,CO,ANM,WE,Towers with Radar,0,23,41,5,69,0,14,238,1,253,0,37,279,6,322,392,0,392,714
06/26/2021,BJC,CO,ANM,WE,Towers with Radar,0,20,38,0,58,0,57,139,1,197,0,77,177,1,255,139,1,140,395
06/27/2021,BJC,CO,ANM,WE,Towers with Radar,0,30,38,3,71,0,18,183,0,201,0,48,221,3,272,273,0,273,545
06/28/2021,BJC,CO,ANM,WE,Towers with Radar,0,24,50,0,74,1,4,188,0,193,1,28,238,0,267,260,0,260,527
06/29/2021,BJC,CO,ANM,WE,Towers with Radar,0,19,46,2,67,0,10,254,8,272,0,29,300,10,339,337,4,341,680
06/30/2021,BJC,CO,ANM,WE,Towers with Radar,0,33,55,0,88,1,5,272,9,287,1,38,327,9,375,246,6,252,627
07/01/2021,BJC,CO,ANM,WE,Towers with Radar,0,40,63,0,103,0,29,131,2,162,0,69,194,2,265,285,6,291,556
07/02/2021,BJC,CO,ANM,WE,Towers with Radar,0,35,74,0,109,1,4,178,2,185,1,39,252,2,294,243,0,243,537
07/03/2021,BJC,CO,ANM,WE,Towers with Radar,0,10,26,0,36,0,8,201,0,209,0,18,227,0,245,304,0,304,549
07/04/2021,BJC,CO,ANM,WE,Towers with Radar,0,7,13,2,22,0,38,134,4,176,0,45,147,6,198,247,1,248,446
07/05/2021,BJC,CO,ANM,WE,Towers with Radar,0,29,45,0,74,0,2,216,1,219,0,31,261,1,293,119,0,119,412
07/06/2021,BJC,CO,ANM,WE,Towers with Radar,0,31,42,0,73,0,5,251,4,260,0,36,293,4,333,188,3,191,524
07/07/2021,BJC,CO,ANM,WE,Towers with Radar,0,25,53,2,80,0,23,320,4,347,0,48,373,6,427,351,6,357,784
07/08/2021,BJC,CO,ANM,WE,Towers with Radar,0,16,34,0,50,0,3,202,2,207,0,19,236,2,257,193,4,197,454
07/09/2021,BJC,CO,ANM,WE,Towers with Radar,0,27,40,0,67,2,35,220,2,259,2,62,260,2,326,328,4,332,658
07/10/2021,BJC,CO,ANM,WE,Towers with Radar,0,27,37,2,66,18,8,256,0,282,18,35,293,2,348,344,0,344,692
07/11/2021,BJC,CO,ANM,WE,Towers with Radar,0,16,59,1,76,2,2,225,0,229,2,18,284,1,305,340,0,340,645
07/12/2021,BJC,CO,ANM,WE,Towers with Radar,0,26,61,0,87,1,8,232,3,244,1,34,293,3,331,481,12,493,824
07/13/2021,BJC,CO,ANM,WE,Towers with Radar,1,31,52,0,84,0,0,183,1,184,1,31,235,1,268,165,0,165,433
07/14/2021,BJC,CO,ANM,WE,Towers with Radar,0,34,57,1,92,0,2,155,14,171,0,36,212,15,263,176,59,235,498
07/15/2021,BJC,CO,ANM,WE,Towers with Radar,0,18,63,3,84,0,15,252,3,270,0,33,315,6,354,310,10,320,674
07/16/2021,BJC,CO,ANM,WE,Towers with Radar,0,16,49,2,67,0,34,235,3,272,0,50,284,5,339,457,0,457,796
07/17/2021,BJC,CO,ANM,WE,Towers with Radar,0,18,32,0,50,2,22,244,0,268,2,40,276,0,318,230,1,231,549
07/18/2021,BJC,CO,ANM,WE,Towers with Radar,0,20,41,1,62,0,10,223,2,235,0,30,264,3,297,289,0,289,586
07/19/2021,BJC,CO,ANM,WE,Towers with Radar,0,36,46,4,86,0,1,250,6,257,0,37,296,10,343,263,17,280,623
07/20/2021,BJC,CO,ANM,WE,Towers with Radar,0,29,43,2,74,0,88,275,18,381,0,117,318,20,455,241,42,283,738
07/21/2021,BJC,CO,ANM,WE,Towers with Radar,0,32,55,3,90,0,77,141,11,229,0,109,196,14,319,373,22,395,714
07/22/2021,BJC,CO,ANM,WE,Towers with Radar,0,28,58,0,86,0,11,263,7,281,0,39,321,7,367,477,15,492,859
07/23/2021,BJC,CO,ANM,WE,Towers with Radar,0,24,39,11,74,0,47,217,2,266,0,71,256,13,340,417,7,424,764
07/24/2021,BJC,CO,ANM,WE,Towers with Radar,0,18,22,3,43,0,10,190,0,200,0,28,212,3,243,312,0,312,555
07/25/2021,BJC,CO,ANM,WE,Towers with Radar,0,23,30,1,54,0,3,178,0,181,0,26,208,1,235,304,0,304,539
07/26/2021,BJC,CO,ANM,WE,Towers with Radar,0,24,66,0,90,1,8,237,9,255,1,32,303,9,345,236,0,236,581
07/27/2021,BJC,CO,ANM,WE,Towers with Radar,0,21,48,0,69,2,13,239,0,254,2,34,287,0,323,169,0,169,492
07/28/2021,BJC,CO,ANM,WE,Towers with Radar,0,32,54,1,87,9,127,122,5,263,9,159,176,6,350,229,0,229,579
07/29/2021,BJC,CO,ANM,WE,Towers with Radar,0,42,49,1,92,1,11,210,0,222,1,53,259,1,314,165,0,165,479
07/30/2021,BJC,CO,ANM,WE,Towers with Radar,0,23,53,3,79,0,4,176,7,187,0,27,229,10,266,300,8,308,574
07/31/2021,BJC,CO,ANM,WE,Towers with Radar,0,26,35,1,62,1,5,88,0,94,1,31,123,1,156,369,0,369,525
08/01/2021,BJC,CO,ANM,WE,Towers with Radar,0,37,50,0,87,0,24,138,0,162,0,61,188,0,249,510,0,510,759
08/02/2021,BJC,CO,ANM,WE,Towers with Radar,0,38,53,3,94,0,0,198,1,199,0,38,251,4,293,425,0,425,718
08/03/2021,BJC,CO,ANM,WE,Towers with Radar,0,28,40,2,70,0,8,156,0,164,0,36,196,2,234,400,0,400,634
08/04/2021,BJC,CO,ANM,WE,Towers with Radar,0,33,55,0,88,0,15,244,2,261,0,48,299,2,349,372,2,374,723
08/05/2021,BJC,CO,ANM,WE,Towers with Radar,0,29,49,3,81,0,61,329,1,391,0,90,378,4,472,499,0,499,971
08/06/2021,BJC,CO,ANM,WE,Towers with Radar,0,27,58,0,85,0,26,230,0,256,0,53,288,0,341,336,0,336,677
08/07/2021,BJC,CO,ANM,WE,Towers with Radar,0,24,48,0,72,2,0,111,4,117,2,24,159,4,189,170,0,170,359
08/08/2021,BJC,CO,ANM,WE,Towers with Radar,0,39,76,0,115,0,23,75,4,102,0,62,151,4,217,349,0,349,566
08/09/2021,BJC,CO,ANM,WE,Towers with Radar,1,25,61,2,89,0,1,168,0,169,1,26,229,2,258,333,0,333,591
08/10/2021,BJC,CO,ANM,WE,Towers with Radar,0,16,61,0,77,0,45,202,0,247,0,61,263,0,324,362,2,364,688
08/11/2021,BJC,CO,ANM,WE,Towers with Radar,0,28,101,0,129,1,15,221,0,237,1,43,322,0,366,374,0,374,740
08/12/2021,BJC,CO,ANM,WE,Towers with Radar,0,32,65,0,97,0,15,215,2,232,0,47,280,2,329,325,0,325,654
08/13/2021,BJC,CO,ANM,WE,Towers with Radar,0,33,44,1,78,0,31,299,2,332,0,64,343,3,410,534,0,534,944
08/14/2021,BJC,CO,ANM,WE,Towers with Radar,0,20,23,1,44,0,34,267,2,303,0,54,290,3,347,254,1,255,602
08/15/2021,BJC,CO,ANM,WE,Towers with Radar,0,33,52,0,85,0,23,167,0,190,0,56,219,0,275,151,0,151,426
08/16/2021,BJC,CO,ANM,WE,Towers with Radar,0,35,79,0,114,0,1,197,1,199,0,36,276,1,313,384,0,384,697
08/17/2021,BJC,CO,ANM,WE,Towers with Radar,0,32,46,0,78,0,36,219,4,259,0,68,265,4,337,344,8,352,689
08/18/2021,BJC,CO,ANM,WE,Towers with Radar,0,33,43,0,76,0,3,261,3,267,0,36,304,3,343,439,14,453,796
08/19/2021,BJC,CO,ANM,WE,Towers with Radar,0,39,53,0,92,0,2,131,2,135,0,41,184,2,227,368,10,378,605
08/20/2021,BJC,CO,ANM,WE,Towers with Radar,0,38,48,0,86,0,5,86,9,100,0,43,134,9,186,200,36,236,422
08/21/2021,BJC,CO,ANM,WE,Towers with Radar,0,19,27,0,46,0,45,299,0,344,0,64,326,0,390,380,0,380,770
08/22/2021,BJC,CO,ANM,WE,Towers with Radar,0,34,44,0,78,0,8,220,0,228,0,42,264,0,306,251,0,251,557
08/23/2021,BJC,CO,ANM,WE,Towers with Radar,0,27,39,0,66,1,21,215,2,239,1,48,254,2,305,406,0,406,711
08/24/2021,BJC,CO,ANM,WE,Towers with Radar,0,32,56,0,88,0,43,291,3,337,0,75,347,3,425,432,0,432,857
08/25/2021,BJC,CO,ANM,WE,Towers with Radar,0,31,62,3,96,0,5,298,5,308,0,36,360,8,404,446,3,449,853
08/26/2021,BJC,CO,ANM,WE,Towers with Radar,0,16,52,4,72,0,3,144,0,147,0,19,196,4,219,259,0,259,478
08/27/2021,BJC,CO,ANM,WE,Towers with Radar,0,25,56,1,82,0,23,315,16,354,0,48,371,17,436,451,12,463,899
08/28/2021,BJC,CO,ANM,WE,Towers with Radar,0,18,17,0,35,1,25,357,0,383,1,43,374,0,418,350,0,350,768
08/29/2021,BJC,CO,ANM,WE,Towers with Radar,0,36,35,0,71,0,14,229,0,243,0,50,264,0,314,322,0,322,636
08/30/2021,BJC,CO,ANM,WE,Towers with Radar,0,20,56,2,78,15,4,224,4,247,15,24,280,6,325,534,15,549,874
08/31/2021,BJC,CO,ANM,WE,Towers with Radar,0,18,69,0,87,0,5,233,6,244,0,23,302,6,331,506,0,506,837
09/01/2021,BJC,CO,ANM,WE,Towers with Radar,0,28,49,0,77,0,3,230,3,236,0,31,279,3,313,430,2,432,745
09/02/2021,BJC,CO,ANM,WE,Towers with Radar,0,33,61,2,96,0,26,275,0,301,0,59,336,2,397,385,0,385,782
09/03/2021,BJC,CO,ANM,WE,Towers with Radar,0,35,51,0,86,0,7,185,0,192,0,42,236,0,278,400,0,400,678
09/04/2021,BJC,CO,ANM,WE,Towers with Radar,0,12,42,0,54,4,0,285,0,289,4,12,327,0,343,282,0,282,625
09/05/2021,BJC,CO,ANM,WE,Towers with Radar,0,16,26,0,42,0,0,236,0,236,0,16,262,0,278,279,1,280,558
09/06/2021,BJC,CO,ANM,WE,Towers with Radar,0,21,64,0,85,0,0,274,0,274,0,21,338,0,359,448,0,448,807
09/07/2021,BJC,CO,ANM,WE,Towers with Radar,0,22,42,0,64,0,4,233,0,237,0,26,275,0,301,420,0,420,721
09/08/2021,BJC,CO,ANM,WE,Towers with Radar,0,31,29,0,60,0,4,274,2,280,0,35,303,2,340,447,0,447,787
09/09/2021,BJC,CO,ANM,WE,Towers with Radar,0,18,50,0,68,0,4,230,4,238,0,22,280,4,306,404,18,422,728
09/10/2021,BJC,CO,ANM,WE,Towers with Radar,0,29,53,0,82,0,3,192,5,200,0,32,245,5,282,369,8,377,659
09/11/2021,BJC,CO,ANM,WE,Towers with Radar,0,16,35,0,51,1,0,218,0,219,1,16,253,0,270,59,0,59,329
09/12/2021,BJC,CO,ANM,WE,Towers with Radar,0,28,39,0,67,0,8,204,0,212,0,36,243,0,279,296,0,296,575
09/13/2021,BJC,CO,ANM,WE,Towers with Radar,0,26,45,0,71,0,2,150,1,153,0,28,195,1,224,305,24,329,553
09/14/2021,BJC,CO,ANM,WE,Towers with Radar,0,22,38,1,61,0,1,158,2,161,0,23,196,3,222,362,0,362,584
09/15/2021,BJC,CO,ANM,WE,Towers with Radar,0,30,44,0,74,0,2,356,6,364,0,32,400,6,438,535,5,540,978
09/16/2021,BJC,CO,ANM,WE,Towers with Radar,0,43,62,0,105,0,4,277,3,284,0,47,339,3,389,413,1,414,803
09/17/2021,BJC,CO,ANM,WE,Towers with Radar,2,37,62,0,101,0,3,221,11,235,2,40,283,11,336,539,37,576,912
09/18/2021,BJC,CO,ANM,WE,Towers with Radar,1,34,35,0,70,0,0,231,0,231,1,34,266,0,301,390,0,390,691
09/19/2021,BJC,CO,ANM,WE,Towers with Radar,0,39,36,0,75,0,2,114,0,116,0,41,150,0,191,90,0,90,281
09/20/2021,BJC,CO,ANM,WE,Towers with Radar,0,24,48,1,73,0,0,61,5,66,0,24,109,6,139,127,0,127,266
09/21/2021,BJC,CO,ANM,WE,Towers with Radar,0,16,48,0,64,0,0,346,12,358,0,16,394,12,422,449,46,495,917
09/22/2021,BJC,CO,ANM,WE,Towers with Radar,0,30,44,0,74,0,2,314,11,327,0,32,358,11,401,422,41,463,864
09/23/2021,BJC,CO,ANM,WE,Towers with Radar,0,37,69,2,108,0,2,309,7,318,0,39,378,9,426,416,8,424,850
09/24/2021,BJC,CO,ANM,WE,Towers with Radar,0,42,62,0,104,0,3,292,11,306,0,45,354,11,410,402,0,402,812
09/25/2021,BJC,CO,ANM,WE,Towers with Radar,0,17,32,0,49,0,1,324,0,325,0,18,356,0,374,324,0,324,698
09/26/2021,BJC,CO,ANM,WE,Towers with Radar,0,45,36,2,83,0,7,229,0,236,0,52,265,2,319,277,2,279,598
09/27/2021,BJC,CO,ANM,WE,Towers with Radar,0,21,51,0,72,2,1,243,2,248,2,22,294,2,320,475,4,479,799
09/28/2021,BJC,CO,ANM,WE,Towers with Radar,0,22,34,1,57,1,2,208,11,222,1,24,242,12,279,478,12,490,769
09/29/2021,BJC,CO,ANM,WE,Towers with Radar,0,26,44,0,70,0,4,91,0,95,0,30,135,0,165,220,0,220,385
09/30/2021,BJC,CO,ANM,WE,Towers with Radar,0,29,87,0,116,0,0,96,0,96,0,29,183,0,212,479,0,479,691
10/01/2021,BJC,CO,ANM,WE,Towers with Radar,0,29,63,4,96,0,2,390,3,395,0,31,453,7,491,509,2,511,1002
10/02/2021,BJC,CO,ANM,WE,Towers with Radar,0,20,32,0,52,0,1,249,0,250,0,21,281,0,302,287,0,287,589
10/03/2021,BJC,CO,ANM,WE,Towers with Radar,0,26,45,0,71,0,2,382,6,390,0,28,427,6,461,339,22,361,822
10/04/2021,BJC,CO,ANM,WE,Towers with Radar,0,21,53,4,78,1,1,262,2,266,1,22,315,6,344,488,0,488,832
10/05/2021,BJC,CO,ANM,WE,Towers with Radar,0,19,42,1,62,1,2,251,3,257,1,21,293,4,319,599,4,603,922
10/06/2021,BJC,CO,ANM,WE,Towers with Radar,0,21,61,1,83,0,1,252,4,257,0,22,313,5,340,493,12,505,845
10/07/2021,BJC,CO,ANM,WE,Towers with Radar,0,31,52,0,83,0,0,311,0,311,0,31,363,0,394,690,0,690,1084
10/08/2021,BJC,CO,ANM,WE,Towers with Radar,0,29,54,0,83,0,4,222,0,226,0,33,276,0,309,443,0,443,752
10/09/2021,BJC,CO,ANM,WE,Towers with Radar,0,21,23,0,44,0,0,49,0,49,0,21,72,0,93,102,0,102,195
10/10/2021,BJC,CO,ANM,WE,Towers with Radar,0,25,30,0,55,0,7,250,0,257,0,32,280,0,312,325,0,325,637
10/11/2021,BJC,CO,ANM,WE,Towers with Radar,0,35,39,0,74,0,0,212,0,212,0,35,251,0,286,314,0,314,600
10/12/2021,BJC,CO,ANM,WE,Towers with Radar,0,31,47,0,78,0,0,52,2,54,0,31,99,2,132,223,0,223,355
10/13/2021,BJC,CO,ANM,WE,Towers with Radar,0,34,41,1,76,0,2,61,1,64,0,36,102,2,140,144,0,144,284
10/14/2021,BJC,CO,ANM,WE,Towers with Radar,0,41,61,4,106,0,1,0,1,2,0,42,61,5,108,0,0,0,108
10/15/2021,BJC,CO,ANM,WE,Towers with Radar,0,32,88,0,120,0,3,751,4,758,0,35,839,4,878,454,2,456,1334
10/16/2021,BJC,CO,ANM,WE,Towers with Radar,0,18,34,0,52,0,0,418,0,418,0,18,452,0,470,494,0,494,964
10/17/2021,BJC,CO,ANM,WE,Towers with Radar,0,53,60,1,114,0,2,259,1,262,0,55,319,2,376,354,3,357,733
10/18/2021,BJC,CO,ANM,WE,Towers with Radar,0,36,58,2,96,1,0,211,3,215,1,36,269,5,311,414,0,414,725
10/19/2021,BJC,CO,ANM,WE,Towers with Radar,0,27,43,0,70,0,0,128,1,129,0,27,171,1,199,467,0,467,666
10/20/2021,BJC,CO,ANM,WE,Towers with Radar,0,33,69,0,102,0,2,333,3,338,0,35,402,3,440,658,18,676,1116
10/21/2021,BJC,CO,ANM,WE,Towers with Radar,0,49,61,7,117,0,0,305,6,311,0,49,366,13,428,733,20,753,1181
10/22/2021,BJC,CO,ANM,WE,Towers with Radar,0,26,49,0,75,1,3,319,9,332,1,29,368,9,407,621,11,632,1039
10/23/2021,BJC,CO,ANM,WE,Towers with Radar,0,14,21,0,35,0,0,303,0,303,0,14,324,0,338,233,0,233,571
10/24/2021,BJC,CO,ANM,WE,Towers with Radar,0,29,33,0,62,0,0,113,0,113,0,29,146,0,175,109,0,109,284
10/25/2021,BJC,CO,ANM,WE,Towers with Radar,0,30,55,1,86,0,0,245,14,259,0,30,300,15,345,383,21,404,749
10/26/2021,BJC,CO,ANM,WE,Towers with Radar,0,19,29,0,48,0,0,49,0,49,0,19,78,0,97,95,0,95,192
10/27/2021,BJC,CO,ANM,WE,Towers with Radar,0,36,33,0,69,0,2,118,9,129,0,38,151,9,198,184,34,218,416
10/28/2021,BJC,CO,ANM,WE,Towers with Radar,0,34,45,0,79,0,2,254,11,267,0,36,299,11,346,471,60,531,877
10/29/2021,BJC,CO,ANM,WE,Towers with Radar,0,22,43,3,68,0,0,313,2,315,0,22,356,5,383,559,10,569,952
10/30/2021,BJC,CO,ANM,WE,Towers with Radar,0,10,24,0,34,0,0,325,2,327,0,10,349,2,361,390,0,390,751
10/31/2021,BJC,CO,ANM,WE,Towers with Radar,0,29,44,2,75,0,0,15,0,15,0,29,59,2,90,77,0,77,167
11/01/2021,BJC,CO,ANM,WE,Towers with Radar,0,28,41,2,71,0,0,1,0,1,0,28,42,2,72,0,0,0,72
11/02/2021,BJC,CO,ANM,WE,Towers with Radar,0,25,34,0,59,0,0,1,0,1,0,25,35,0,60,6,0,6,66
11/03/2021,BJC,CO,ANM,WE,Towers with Radar,0,42,33,0,75,0,5,270,0,275,0,47,303,0,350,581,0,581,931
11/04/2021,BJC,CO,ANM,WE,Towers with Radar,1,27,41,0,69,0,4,403,6,413,1,31,444,6,482,531,21,552,1034
11/05/2021,BJC,CO,ANM,WE,Towers with Radar,2,38,52,4,96,0,0,151,0,151,2,38,203,4,247,151,0,151,398
11/06/2021,BJC,CO,ANM,WE,Towers with Radar,0,13,31,0,44,0,1,321,0,322,0,14,352,0,366,507,0,507,873
11/07/2021,BJC,CO,ANM,WE,Towers with Radar,0,26,42,0,68,0,0,206,0,206,0,26,248,0,274,446,0,446,720
11/08/2021,BJC,CO,ANM,WE,Towers with Radar,0,24,47,0,71,0,0,194,0,194,0,24,241,0,265,570,0,570,835
11/09/2021,BJC,CO,ANM,WE,Towers with Radar,0,37,48,1,86,0,0,290,3,293,0,37,338,4,379,597,10,607,986
11/10/2021,BJC,CO,ANM,WE,Towers with Radar,0,24,51,3,78,0,0,40,0,40,0,24,91,3,118,26,0,26,144
11/11/2021,BJC,CO,ANM,WE,Towers with Radar,0,16,44,0,60,0,0,53,0,53,0,16,97,0,113,93,0,93,206
11/12/2021,BJC,CO,ANM,WE,Towers with Radar,0,17,55,0,72,0,1,318,0,319,0,18,373,0,391,541,0,541,932
11/13/2021,BJC,CO,ANM,WE,Towers with Radar,0,10,24,0,34,0,0,23,0,23,0,10,47,0,57,5,0,5,62
11/14/2021,BJC,CO,ANM,WE,Towers with Radar,0,21,42,0,63,0,0,34,0,34,0,21,76,0,97,100,0,100,197
11/15/2021,BJC,CO,ANM,WE,Towers with Radar,0,27,42,0,69,0,6,165,2,173,0,33,207,2,242,227,0,227,469
11/16/2021,BJC,CO,ANM,WE,Towers with Radar,0,32,43,2,77,0,0,32,1,33,0,32,75,3,110,29,7,36,146
11/17/2021,BJC,CO,ANM,WE,Towers with Radar,0,44,51,0,95,0,1,283,3,287,0,45,334,3,382,557,2,559,941
11/18/2021,BJC,CO,ANM,WE,Towers with Radar,0,34,36,5,75,0,7,303,4,314,0,41,339,9,389,688,4,692,1081
11/19/2021,BJC,CO,ANM,WE,Towers with Radar,2,34,62,1,99,0,1,98,9,108,2,35,160,10,207,181,8,189,396
11/20/2021,BJC,CO,ANM,WE,Towers with Radar,0,21,44,0,65,0,1,235,0,236,0,22,279,0,301,458,0,458,759
11/21/2021,BJC,CO,ANM,WE,Towers with Radar,0,26,44,1,71,0,0,293,0,293,0,26,337,1,364,390,0,390,754
11/22/2021,BJC,CO,ANM,WE,Towers with Radar,0,28,30,0,58,0,0,246,6,252,0,28,276,6,310,442,28,470,780
11/23/2021,BJC,CO,ANM,WE,Towers with Radar,0,32,39,0,71,0,1,101,6,108,0,33,140,6,179,250,2,252,431
11/24/2021,BJC,CO,ANM,WE,Towers with Radar,0,31,44,0,75,0,2,76,4,82,0,33,120,4,157,374,2,376,533
11/25/2021,BJC,CO,ANM,WE,Towers with Radar,0,10,12,0,22,0,0,61,0,61,0,10,73,0,83,99,0,99,182
11/26/2021,BJC,CO,ANM,WE,Towers with Radar,0,19,39,0,58,0,2,254,0,256,0,21,293,0,314,393,0,393,707
11/27/2021,BJC,CO,ANM,WE,Towers with Radar,0,48,48,0,96,0,0,248,2,250,0,48,296,2,346,369,0,369,715
11/28/2021,BJC,CO,ANM,WE,Towers with Radar,0,40,70,0,110,0,0,197,0,197,0,40,267,0,307,295,0,295,602
11/29/2021,BJC,CO,ANM,WE,Towers with Radar,0,22,47,0,69,0,0,223,4,227,0,22,270,4,296,505,15,520,816
11/30/2021,BJC,CO,ANM,WE,Towers with Radar,0,21,46,0,67,0,0,283,10,293,0,21,329,10,360,664,15,679,1039
12/01/2021,BJC,CO,ANM,WE,Towers with Radar,0,30,45,3,78,0,1,188,11,200,0,31,233,14,278,323,35,358,636
12/02/2021,BJC,CO,ANM,WE,Towers with Radar,0,34,42,0,76,0,0,328,11,339,0,34,370,11,415,570,19,589,1004
12/03/2021,BJC,CO,ANM,WE,Towers with Radar,0,19,44,5,68,0,2,269,0,271,0,21,313,5,339,634,0,634,973
12/04/2021,BJC,CO,ANM,WE,Towers with Radar,0,10,22,0,32,0,2,307,0,309,0,12,329,0,341,539,0,539,880
12/05/2021,BJC,CO,ANM,WE,Towers with Radar,0,17,29,1,47,0,0,13,0,13,0,17,42,1,60,0,0,0,60
12/06/2021,BJC,CO,ANM,WE,Towers with Radar,0,21,29,0,50,0,1,166,2,169,0,22,195,2,219,536,0,536,755
12/07/2021,BJC,CO,ANM,WE,Towers with Radar,0,27,24,1,52,0,2,176,3,181,0,29,200,4,233,236,0,236,469
12/08/2021,BJC,CO,ANM,WE,Towers with Radar,0,21,63,0,84,0,2,147,6,155,0,23,210,6,239,289,0,289,528
12/09/2021,BJC,CO,ANM,WE,Towers with Radar,0,23,44,0,67,0,0,262,0,262,0,23,306,0,329,634,0,634,963
12/10/2021,BJC,CO,ANM,WE,Towers with Radar,0,28,26,0,54,0,0,2,0,2,0,28,28,0,56,100,0,100,156
12/11/2021,BJC,CO,ANM,WE,Towers with Radar,0,7,18,2,27,0,0,56,0,56,0,7,74,2,83,67,0,67,150
12/12/2021,BJC,CO,ANM,WE,Towers with Radar,0,30,35,0,65,0,2,111,0,113,0,32,146,0,178,244,0,244,422
12/13/2021,BJC,CO,ANM,WE,Towers with Radar,0,24,39,1,64,0,0,315,0,315,0,24,354,1,379,612,0,612,991
12/14/2021,BJC,CO,ANM,WE,Towers with Radar,0,26,44,0,70,0,1,315,2,318,0,27,359,2,388,656,0,656,1044
12/15/2021,BJC,CO,ANM,WE,Towers with Radar,0,6,14,0,20,0,0,2,0,2,0,6,16,0,22,0,0,0,22
12/16/2021,BJC,CO,ANM,WE,Towers with Radar,0,26,50,2,78,0,0,275,5,280,0,26,325,7,358,485,7,492,850
12/17/2021,BJC,CO,ANM,WE,Towers with Radar,0,27,31,2,60,0,0,69,1,70,0,27,100,3,130,56,8,64,194
12/18/2021,BJC,CO,ANM,WE,Towers with Radar,0,28,47,1,76,0,0,274,2,276,0,28,321,3,352,344,0,344,696
12/19/2021,BJC,CO,ANM,WE,Towers with Radar,0,28,49,1,78,0,2,184,0,186,0,30,233,1,264,277,0,277,541
12/20/2021,BJC,CO,ANM,WE,Towers with Radar,1,36,32,0,69,0,1,228,2,231,1,37,260,2,300,357,0,357,657
12/21/2021,BJC,CO,ANM,WE,Towers with Radar,1,26,32,0,59,0,16,97,2,115,1,42,129,2,174,281,0,281,455
12/22/2021,BJC,CO,ANM,WE,Towers with Radar,0,35,45,0,80,0,0,144,0,144,0,35,189,0,224,203,0,203,427
12/23/2021,BJC,CO,ANM,WE,Towers with Radar,0,34,26,2,62,0,0,102,0,102,0,34,128,2,164,240,0,240,404
12/24/2021,BJC,CO,ANM,WE,Towers with Radar,0,28,27,0,55,0,1,59,0,60,0,29,86,0,115,133,0,133,248
12/25/2021,BJC,CO,ANM,WE,Towers with Radar,0,26,11,0,37,0,0,10,0,10,0,26,21,0,47,7,0,7,54
12/26/2021,BJC,CO,ANM,WE,Towers with Radar,0,45,59,0,104,0,0,37,0,37,0,45,96,0,141,94,0,94,235
12/27/2021,BJC,CO,ANM,WE,Towers with Radar,0,39,92,0,131,0,0,172,2,174,0,39,264,2,305,125,0,125,430
12/28/2021,BJC,CO,ANM,WE,Towers with Radar,0,31,42,0,73,0,0,156,0,156,0,31,198,0,229,308,0,308,537
12/29/2021,BJC,CO,ANM,WE,Towers with Radar,0,37,43,0,80,0,0,305,0,305,0,37,348,0,385,384,0,384,769
12/30/2021,BJC,CO,ANM,WE,Towers with Radar,0,17,23,0,40,0,0,3,0,3,0,17,26,0,43,0,0,0,43
12/31/2021,BJC,CO,ANM,WE,Towers with Radar,0,0,13,4,17,0,2,1,0,3,0,2,14,4,20,0,0,0,20
01/01/2022,BJC,CO,ANM,WE,Towers with Radar,0,5,11,0,16,0,0,4,0,4,0,5,15,0,20,0,0,0,20
01/02/2022,BJC,CO,ANM,WE,Towers with Radar,0,11,52,0,63,0,3,38,0,41,0,14,90,0,104,20,0,20,124
01/03/2022,BJC,CO,ANM,WE,Towers with Radar,0,18,37,0,55,0,0,201,0,201,0,18,238,0,256,58,0,58,314
01/04/2022,BJC,CO,ANM,WE,Towers with Radar,0,26,27,0,53,0,0,20,0,20,0,26,47,0,73,15,0,15,88
01/05/2022,BJC,CO,ANM,WE,Towers with Radar,0,13,24,0,37,0,1,25,0,26,0,14,49,0,63,156,0,156,219
01/06/2022,BJC,CO,ANM,WE,Towers with Radar,0,16,24,1,41,0,0,28,4,32,0,16,52,5,73,64,0,64,137
01/07/2022,BJC,CO,ANM,WE,Towers with Radar,0,16,38,1,55,0,1,136,2,139,0,17,174,3,194,172,0,172,366
01/08/2022,BJC,CO,ANM,WE,Towers with Radar,0,11,29,0,40,0,0,179,0,179,0,11,208,0,219,426,0,426,645
01/09/2022,BJC,CO,ANM,WE,Towers with Radar,0,16,39,0,55,0,0,134,0,134,0,16,173,0,189,206,0,206,395
01/10/2022,BJC,CO,ANM,WE,Towers with Radar,0,20,36,1,57,0,0,251,1,252,0,20,287,2,309,334,7,341,650
01/11/2022,BJC,CO,ANM,WE,Towers with Radar,0,11,37,0,48,0,1,192,0,193,0,12,229,0,241,206,0,206,447
01/12/2022,BJC,CO,ANM,WE,Towers with Radar,0,23,41,2,66,0,0,259,0,259,0,23,300,2,325,342,0,342,667
01/13/2022,BJC,CO,ANM,WE,Towers with Radar,2,22,59,2,85,0,1,355,3,359,2,23,414,5,444,460,6,466,910
01/14/2022,BJC,CO,ANM,WE,Towers with Radar,1,15,32,3,51,0,0,24,1,25,1,15,56,4,76,15,0,15,91
01/15/2022,BJC,CO,ANM,WE,Towers with Radar,0,17,29,4,50,0,0,301,0,301,0,17,330,4,351,350,0,350,701
01/16/2022,BJC,CO,ANM,WE,Towers with Radar,0,15,43,4,62,0,1,302,0,303,0,16,345,4,365,317,0,317,682
01/17/2022,BJC,CO,ANM,WE,Towers with Radar,0,19,49,4,72,0,0,267,0,267,0,19,316,4,339,215,0,215,554
01/18/2022,BJC,CO,ANM,WE,Towers with Radar,0,19,40,1,60,0,0,228,5,233,0,19,268,6,293,370,33,403,696
01/19/2022,BJC,CO,ANM,WE,Towers with Radar,0,5,6,0,11,0,0,0,0,0,0,5,6,0,11,0,0,0,11
01/20/2022,BJC,CO,ANM,WE,Towers with Radar,0,25,60,0,85,0,0,16,0,16,0,25,76,0,101,16,0,16,117
01/21/2022,BJC,CO,ANM,WE,Towers with Radar,0,19,29,0,48,0,0,15,0,15,0,19,44,0,63,2,0,2,65
01/22/2022,BJC,CO,ANM,WE,Towers with Radar,0,11,38,0,49,0,1,265,0,266,0,12,303,0,315,337,0,337,652
01/23/2022,BJC,CO,ANM,WE,Towers with Radar,0,19,40,0,59,0,0,452,0,452,0,19,492,0,511,350,0,350,861
01/24/2022,BJC,CO,ANM,WE,Towers with Radar,0,23,39,2,64,0,0,296,3,299,0,23,335,5,363,395,0,395,758
01/25/2022,BJC,CO,ANM,WE,Towers with Radar,0,13,27,0,40,0,0,0,0,0,0,13,27,0,40,0,0,0,40
01/26/2022,BJC,CO,ANM,WE,Towers with Radar,0,15,53,1,69,0,1,304,2,307,0,16,357,3,376,438,0,438,814
01/27/2022,BJC,CO,ANM,WE,Towers with Radar,0,23,34,0,57,0,0,3,0,3,0,23,37,0,60,2,0,2,62
01/28/2022,BJC,CO,ANM,WE,Towers with Radar,0,26,36,0,62,0,0,302,6,308,0,26,338,6,370,567,2,569,939
01/29/2022,BJC,CO,ANM,WE,Towers with Radar,0,14,33,0,47,0,1,371,1,373,0,15,404,1,420,452,11,463,883
01/30/2022,BJC,CO,ANM,WE,Towers with Radar,0,10,37,0,47,0,0,365,0,365,0,10,402,0,412,508,0,508,920
01/31/2022,BJC,CO,ANM,WE,Towers with Radar,1,15,34,1,51,0,2,56,1,59,1,17,90,2,110,54,0,54,164
02/01/2022,BJC,CO,ANM,WE,Towers with Radar,0,15,41,0,56,0,0,111,0,111,0,15,152,0,167,249,0,249,416
02/02/2022,BJC,CO,ANM,WE,Towers with Radar,0,14,14,0,28,0,0,0,0,0,0,14,14,0,28,0,0,0,28
02/03/2022,BJC,CO,ANM,WE,Towers with Radar,0,16,27,0,43,0,1,166,0,167,0,17,193,0,210,259,0,259,469
02/04/2022,BJC,CO,ANM,WE,Towers with Radar,0,25,53,1,79,0,0,272,1,273,0,25,325,2,352,614,0,614,966
02/05/2022,BJC,CO,ANM,WE,Towers with Radar,0,16,26,0,42,0,0,59,2,61,0,16,85,2,103,64,0,64,167
02/06/2022,BJC,CO,ANM,WE,Towers with Radar,0,20,39,0,59,0,0,310,0,310,0,20,349,0,369,613,0,613,982
02/07/2022,BJC,CO,ANM,WE,Towers with Radar,0,16,36,1,53,0,2,339,4,345,0,18,375,5,398,475,14,489,887
02/08/2022,BJC,CO,ANM,WE,Towers with Radar,0,25,58,0,83,0,0,114,2,116,0,25,172,2,199,105,0,105,304
02/09/2022,BJC,CO,ANM,WE,Towers with Radar,0,29,40,2,71,0,1,309,7,317,0,30,349,9,388,433,3,436,824
02/10/2022,BJC,CO,ANM,WE,Towers with Radar,0,26,54,0,80,0,0,178,0,178,0,26,232,0,258,252,0,252,510
02/11/2022,BJC,CO,ANM,WE,Towers with Radar,0,29,45,0,74,0,0,37,0,37,0,29,82,0,111,177,0,177,288
02/12/2022,BJC,CO,ANM,WE,Towers with Radar,0,10,29,2,41,0,0,162,0,162,0,10,191,2,203,251,0,251,454
02/13/2022,BJC,CO,ANM,WE,Towers with Radar,0,24,40,0,64,0,4,307,0,311,0,28,347,0,375,267,0,267,642
02/14/2022,BJC,CO,ANM,WE,Towers with Radar,0,28,46,0,74,0,0,317,2,319,0,28,363,2,393,343,8,351,744
02/15/2022,BJC,CO,ANM,WE,Towers with Radar,0,30,53,0,83,0,0,442,2,444,0,30,495,2,527,524,4,528,1055
02/16/2022,BJC,CO,ANM,WE,Towers with Radar,0,33,24,0,57,0,0,8,0,8,0,33,32,0,65,0,0,0,65
02/17/2022,BJC,CO,ANM,WE,Towers with Radar,0,31,70,0,101,0,0,132,0,132,0,31,202,0,233,310,0,310,543
02/18/2022,BJC,CO,ANM,WE,Towers with Radar,0,27,43,0,70,0,12,290,16,318,0,39,333,16,388,474,26,500,888
02/19/2022,BJC,CO,ANM,WE,Towers with Radar,0,15,27,0,42,0,2,316,0,318,0,17,343,0,360,409,0,409,769
02/20/2022,BJC,CO,ANM,WE,Towers with Radar,0,29,36,0,65,0,0,213,0,213,0,29,249,0,278,262,0,262,540
02/21/2022,BJC,CO,ANM,WE,Towers with Radar,0,34,51,2,87,0,0,119,0,119,0,34,170,2,206,240,0,240,446
02/22/2022,BJC,CO,ANM,WE,Towers with Radar,0,30,32,0,62,0,0,0,0,0,0,30,32,0,62,0,0,0,62
02/23/2022,BJC,CO,ANM,WE,Towers with Radar,0,18,28,0,46,0,0,0,0,0,0,18,28,0,46,0,0,0,46
02/24/2022,BJC,CO,ANM,WE,Towers with Radar,0,31,45,0,76,0,1,120,10,131,0,32,165,10,207,405,0,405,612
02/25/2022,BJC,CO,ANM,WE,Towers with Radar,1,32,47,2,82,0,2,197,0,199,1,34,244,2,281,702,0,702,983
02/26/2022,BJC,CO,ANM,WE,Towers with Radar,1,16,33,0,50,0,0,264,0,264,1,16,297,0,314,613,0,613,927
02/27/2022,BJC,CO,ANM,WE,Towers with Radar,0,23,48,1,72,0,14,284,0,298,0,37,332,1,370,427,0,427,797
02/28/2022,BJC,CO,ANM,WE,Towers with Radar,1,16,45,0,62,0,2,288,2,292,1,18,333,2,354,615,0,615,969
03/01/2022,BJC,CO,ANM,WE,Towers with Radar,0,17,28,0,45,0,2,376,14,392,0,19,404,14,437,793,23,816,1253
03/02/2022,BJC,CO,ANM,WE,Towers with Radar,0,16,39,0,55,0,5,349,1,355,0,21,388,1,410,771,8,779,1189
03/03/2022,BJC,CO,ANM,WE,Towers with Radar,0,17,59,0,76,0,8,335,2,345,0,25,394,2,421,623,4,627,1048
03/04/2022,BJC,CO,ANM,WE,Towers with Radar,0,19,50,1,70,0,3,249,0,252,0,22,299,1,322,596,0,596,918
03/05/2022,BJC,CO,ANM,WE,Towers with Radar,0,11,12,0,23,0,0,0,0,0,0,11,12,0,23,0,0,0,23
03/06/2022,BJC,CO,ANM,WE,Towers with Radar,0,18,22,0,40,0,0,0,0,0,0,18,22,0,40,0,0,0,40
03/07/2022,BJC,CO,ANM,WE,Towers with Radar,0,28,39,0,67,0,0,111,0,111,0,28,150,0,178,435,0,435,613
03/08/2022,BJC,CO,ANM,WE,Towers with Radar,0,26,40,0,66,0,59,337,0,396,0,85,377,0,462,380,0,380,842
03/09/2022,BJC,CO,ANM,WE,Towers with Radar,0,20,11,0,31,0,0,0,0,0,0,20,11,0,31,0,0,0,31
03/10/2022,BJC,CO,ANM,WE,Towers with Radar,0,13,40,0,53,0,1,41,2,44,0,14,81,2,97,197,5,202,299
03/11/2022,BJC,CO,ANM,WE,Towers with Radar,0,14,65,0,79,0,1,316,0,317,0,15,381,0,396,438,0,438,834
03/12/2022,BJC,CO,ANM,WE,Towers with Radar,0,18,24,0,42,0,0,96,0,96,0,18,120,0,138,101,0,101,239
03/13/2022,BJC,CO,ANM,WE,Towers with Radar,0,19,53,0,72,0,3,359,1,363,0,22,412,1,435,323,0,323,758
03/14/2022,BJC,CO,ANM,WE,Towers with Radar,0,26,39,1,66,0,0,310,10,320,0,26,349,11,386,640,22,662,1048
03/15/2022,BJC,CO,ANM,WE,Towers with Radar,0,24,35,1,60,0,2,355,0,357,0,26,390,1,417,643,0,643,1060
03/16/2022,BJC,CO,ANM,WE,Towers with Radar,0,38,35,1,74,0,1,132,0,133,0,39,167,1,207,393,0,393,600
03/17/2022,BJC,CO,ANM,WE,Towers with Radar,0,27,27,2,56,0,0,0,0,0,0,27,27,2,56,0,0,0,56
03/18/2022,BJC,CO,ANM,WE,Towers with Radar,0,21,48,2,71,0,2,318,0,320,0,23,366,2,391,520,0,520,911
03/19/2022,BJC,CO,ANM,WE,Towers with Radar,0,35,42,0,77,0,0,466,0,466,0,35,508,0,543,431,0,431,974
03/20/2022,BJC,CO,ANM,WE,Towers with Radar,0,39,26,0,65,0,1,252,0,253,0,40,278,0,318,504,0,504,822
03/21/2022,BJC,CO,ANM,WE,Towers with Radar,0,25,17,0,42,0,0,4,0,4,0,25,21,0,46,32,0,32,78
03/22/2022,BJC,CO,ANM,WE,Towers with Radar,0,10,36,0,46,0,0,42,0,42,0,10,78,0,88,95,0,95,183
03/23/2022,BJC,CO,ANM,WE,Towers with Radar,0,26,29,0,55,0,1,38,0,39,0,27,67,0,94,55,0,55,149
03/24/2022,BJC,CO,ANM,WE,Towers with Radar,0,23,25,4,52,0,8,260,4,272,0,31,285,8,324,498,16,514,838
03/25/2022,BJC,CO,ANM,WE,Towers with Radar,0,17,49,1,67,0,19,441,4,464,0,36,490,5,531,1025,0,1025,1556
03/26/2022,BJC,CO,ANM,WE,Towers with Radar,0,22,42,0,64,0,69,232,3,304,0,91,274,3,368,304,2,306,674
03/27/2022,BJC,CO,ANM,WE,Towers with Radar,0,28,46,4,78,0,50,464,4,518,0,78,510,8,596,624,0,624,1220
03/28/2022,BJC,CO,ANM,WE,Towers with Radar,0,24,42,2,68,0,0,306,8,314,0,24,348,10,382,633,30,663,1045
03/29/2022,BJC,CO,ANM,WE,Towers with Radar,0,19,27,0,46,0,4,24,2,30,0,23,51,2,76,182,4,186,262
03/30/2022,BJC,CO,ANM,WE,Towers with Radar,0,18,47,4,69,0,5,148,4,157,0,23,195,8,226,521,29,550,776
03/31/2022,BJC,CO,ANM,WE,Towers with Radar,0,31,45,0,76,0,22,407,7,436,0,53,452,7,512,896,15,911,1423
04/01/2022,BJC,CO,ANM,WE,Towers with Radar,0,39,53,2,94,0,3,313,13,329,0,42,366,15,423,873,45,918,1341
04/02/2022,BJC,CO,ANM,WE,Towers with Radar,0,16,36,0,52,0,3,421,0,424,0,19,457,0,476,661,0,661,1137
04/03/2022,BJC,CO,ANM,WE,Towers with Radar,0,28,38,0,66,0,0,228,3,231,0,28,266,3,297,625,14,639,936
04/04/2022,BJC,CO,ANM,WE,Towers with Radar,0,33,47,0,80,0,1,250,0,251,0,34,297,0,331,591,0,591,922
04/05/2022,BJC,CO,ANM,WE,Towers with Radar,0,24,28,0,52,0,0,1,0,1,0,24,29,0,53,2,0,2,55
04/06/2022,BJC,CO,ANM,WE,Towers with Radar,0,22,27,0,49,0,0,12,0,12,0,22,39,0,61,4,0,4,65
04/07/2022,BJC,CO,ANM,WE,Towers with Radar,0,18,37,0,55,0,1,78,4,83,0,19,115,4,138,147,6,153,291
04/08/2022,BJC,CO,ANM,WE,Towers with Radar,0,25,47,0,72,0,3,453,6,462,0,28,500,6,534,740,17,757,1291
04/09/2022,BJC,CO,ANM,WE,Towers with Radar,0,21,35,0,56,0,1,341,0,342,0,22,376,0,398,512,0,512,910
04/10/2022,BJC,CO,ANM,WE,Towers with Radar,0,9,41,0,50,0,0,15,0,15,0,9,56,0,65,105,0,105,170
04/11/2022,BJC,CO,ANM,WE,Towers with Radar,0,19,48,0,67,0,0,301,4,305,0,19,349,4,372,737,8,745,1117
04/12/2022,BJC,CO,ANM,WE,Towers with Radar,0,12,30,2,44,0,1,13,0,14,0,13,43,2,58,11,0,11,69
04/13/2022,BJC,CO,ANM,WE,Towers with Radar,0,27,33,0,60,0,1,58,4,63,0,28,91,4,123,178,2,180,303
04/14/2022,BJC,CO,ANM,WE,Towers with Radar,0,30,50,0,80,0,0,56,0,56,0,30,106,0,136,179,0,179,315
04/15/2022,BJC,CO,ANM,WE,Towers with Radar,0,15,40,0,55,0,0,181,2,183,0,15,221,2,238,346,0,346,584
04/16/2022,BJC,CO,ANM,WE,Towers with Radar,0,13,34,0,47,0,0,427,0,427,0,13,461,0,474,825,0,825,1299
04/17/2022,BJC,CO,ANM,WE,Towers with Radar,0,22,30,0,52,0,0,80,0,80,0,22,110,0,132,200,0,200,332
04/18/2022,BJC,CO,ANM,WE,Towers with Radar,0,18,65,0,83,0,0,374,5,379,0,18,439,5,462,790,3,793,1255
04/19/2022,BJC,CO,ANM,WE,Towers with Radar,0,16,32,4,52,0,0,237,0,237,0,16,269,4,289,649,0,649,938
04/20/2022,BJC,CO,ANM,WE,Towers with Radar,0,18,41,0,59,0,0,298,2,300,0,18,339,2,359,844,6,850,1209
04/21/2022,BJC,CO,ANM,WE,Towers with Radar,0,32,58,1,91,0,0,453,2,455,0,32,511,3,546,807,2,809,1355
04/22/2022,BJC,CO,ANM,WE,Towers with Radar,0,21,34,0,55,0,1,84,3,88,0,22,118,3,143,239,5,244,387
04/23/2022,BJC,CO,ANM,WE,Towers with Radar,0,13,22,0,35,0,0,8,0,8,0,13,30,0,43,6,0,6,49
04/24/2022,BJC,CO,ANM,WE,Towers with Radar,0,25,37,0,62,0,0,193,1,194,0,25,230,1,256,651,0,651,907
04/25/2022,BJC,CO,ANM,WE,Towers with Radar,0,28,33,0,61,0,0,272,3,275,0,28,305,3,336,594,9,603,939
04/26/2022,BJC,CO,ANM,WE,Towers with Radar,0,14,38,2,54,0,0,344,2,346,0,14,382,4,400,810,10,820,1220
04/27/2022,BJC,CO,ANM,WE,Towers with Radar,0,32,51,0,83,0,0,309,9,318,0,32,360,9,401,609,8,617,1018
04/28/2022,BJC,CO,ANM,WE,Towers with Radar,0,26,59,0,85,0,4,404,7,415,0,30,463,7,500,686,10,696,1196
04/29/2022,BJC,CO,ANM,WE,Towers with Radar,0,13,29,0,42,0,1,48,0,49,0,14,77,0,91,179,0,179,270
04/30/2022,BJC,CO,ANM,WE,Towers with Radar,0,18,24,0,42,0,0,315,0,315,0,18,339,0,357,537,0,537,894
05/01/2022,BJC,CO,ANM,WE,Towers with Radar,0,31,27,0,58,0,0,299,1,300,0,31,326,1,358,614,0,614,972
05/02/2022,BJC,CO,ANM,WE,Towers with Radar,0,20,44,0,64,0,0,4,0,4,0,20,48,0,68,123,0,123,191
05/03/2022,BJC,CO,ANM,WE,Towers with Radar,0,26,80,0,106,0,0,80,0,80,0,26,160,0,186,418,0,418,604
05/04/2022,BJC,CO,ANM,WE,Towers with Radar,0,44,51,0,95,0,2,4,3,9,0,46,55,3,104,72,0,72,176
05/05/2022,BJC,CO,ANM,WE,Towers with Radar,0,34,64,2,100,0,1,368,7,376,0,35,432,9,476,656,22,678,1154
05/06/2022,BJC,CO,ANM,WE,Towers with Radar,0,28,58,2,88,0,3,206,10,219,0,31,264,12,307,319,26,345,652
05/07/2022,BJC,CO,ANM,WE,Towers with Radar,0,11,39,0,50,0,1,163,1,165,0,12,202,1,215,403,0,403,618
05/08/2022,BJC,CO,ANM,WE,Towers with Radar,0,30,56,0,86,0,0,184,0,184,0,30,240,0,270,463,0,463,733
05/09/2022,BJC,CO,ANM,WE,Towers with Radar,0,31,37,0,68,0,1,107,0,108,0,32,144,0,176,280,0,280,456
05/10/2022,BJC,CO,ANM,WE,Towers with Radar,0,13,40,4,57,0,0,425,2,427,0,13,465,6,484,686,8,694,1178
05/11/2022,BJC,CO,ANM,WE,Towers with Radar,0,21,43,0,64,0,0,215,7,222,0,21,258,7,286,313,6,319,605
05/12/2022,BJC,CO,ANM,WE,Towers with Radar,0,23,56,4,83,13,0,38,0,51,13,23,94,4,134,71,0,71,205
05/13/2022,BJC,CO,ANM,WE,Towers with Radar,0,31,41,0,72,19,2,237,2,260,19,33,278,2,332,336,5,341,673
05/14/2022,BJC,CO,ANM,WE,Towers with Radar,0,12,47,0,59,1,1,321,0,323,1,13,368,0,382,398,0,398,780
05/15/2022,BJC,CO,ANM,WE,Towers with Radar,0,16,49,0,65,1,0,252,0,253,1,16,301,0,318,493,0,493,811
05/16/2022,BJC,CO,ANM,WE,Towers with Radar,0,32,45,0,77,0,0,272,9,281,0,32,317,9,358,466,0,466,824
05/17/2022,BJC,CO,ANM,WE,Towers with Radar,0,27,40,0,67,0,0,274,0,274,0,27,314,0,341,374,0,374,715
05/18/2022,BJC,CO,ANM,WE,Towers with Radar,0,27,31,4,62,7,1,347,0,355,7,28,378,4,417,665,0,665,1082
05/19/2022,BJC,CO,ANM,WE,Towers with Radar,0,16,40,2,58,6,0,41,3,50,6,16,81,5,108,0,0,0,108
05/20/2022,BJC,CO,ANM,WE,Towers with Radar,0,17,24,0,41,0,0,0,0,0,0,17,24,0,41,0,0,0,41
05/21/2022,BJC,CO,ANM,WE,Towers with Radar,0,12,13,0,25,0,0,33,0,33,0,12,46,0,58,95,0,95,153
05/22/2022,BJC,CO,ANM,WE,Towers with Radar,0,19,36,0,55,0,0,273,0,273,0,19,309,0,328,517,0,517,845
05/23/2022,BJC,CO,ANM,WE,Towers with Radar,0,19,58,1,78,0,0,61,0,61,0,19,119,1,139,244,0,244,383
05/24/2022,BJC,CO,ANM,WE,Towers with Radar,0,36,94,3,133,0,0,37,0,37,0,36,131,3,170,106,0,106,276
05/25/2022,BJC,CO,ANM,WE,Towers with Radar,0,20,53,4,77,0,1,398,2,401,0,21,451,6,478,586,2,588,1066
05/26/2022,BJC,CO,ANM,WE,Towers with Radar,0,20,55,0,75,0,2,439,0,441,0,22,494,0,516,810,0,810,1326
05/27/2022,BJC,CO,ANM,WE,Towers with Radar,0,21,52,0,73,0,9,296,1,306,0,30,348,1,379,458,0,458,837
05/28/2022,BJC,CO,ANM,WE,Towers with Radar,0,14,26,0,40,0,2,229,0,231,0,16,255,0,271,516,0,516,787
05/29/2022,BJC,CO,ANM,WE,Towers with Radar,0,6,22,0,28,0,1,121,2,124,0,7,143,2,152,259,0,259,411
05/30/2022,BJC,CO,ANM,WE,Towers with Radar,0,9,26,0,35,0,0,46,0,46,0,9,72,0,81,14,0,14,95
05/31/2022,BJC,CO,ANM,WE,Towers with Radar,0,28,52,1,81,0,2,150,6,158,0,30,202,7,239,392,2,394,633
06/01/2022,BJC,CO,ANM,WE,Towers with Radar,0,30,68,1,99,0,0,77,1,78,0,30,145,2,177,377,0,377,554
06/02/2022,BJC,CO,ANM,WE,Towers with Radar,0,29,63,3,95,0,1,393,5,399,0,30,456,8,494,881,9,890,1384
06/03/2022,BJC,CO,ANM,WE,Towers with Radar,0,29,48,0,77,0,2,236,0,238,0,31,284,0,315,424,0,424,739
06/04/2022,BJC,CO,ANM,WE,Towers with Radar,0,14,28,0,42,0,2,334,0,336,0,16,362,0,378,515,0,515,893
06/05/2022,BJC,CO,ANM,WE,Towers with Radar,0,21,48,0,69,0,0,225,0,225,0,21,273,0,294,368,0,368,662
06/06/2022,BJC,CO,ANM,WE,Towers with Radar,0,19,39,0,58,0,0,190,0,190,0,19,229,0,248,370,2,372,620
06/07/2022,BJC,CO,ANM,WE,Towers with Radar,0,29,41,0,70,0,0,195,0,195,0,29,236,0,265,671,0,671,936
06/08/2022,BJC,CO,ANM,WE,Towers with Radar,0,27,42,0,69,0,0,363,2,365,0,27,405,2,434,618,0,618,1052
06/09/2022,BJC,CO,ANM,WE,Towers with Radar,0,28,60,2,90,0,0,284,0,284,0,28,344,2,374,631,0,631,1005
06/10/2022,BJC,CO,ANM,WE,Towers with Radar,0,30,37,1,68,0,1,333,0,334,0,31,370,1,402,671,0,671,1073
06/11/2022,BJC,CO,ANM,WE,Towers with Radar,1,19,24,2,46,0,3,313,0,316,1,22,337,2,362,284,0,284,646
06/12/2022,BJC,CO,ANM,WE,Towers with Radar,0,24,48,1,73,1,0,193,0,194,1,24,241,1,267,272,0,272,539
06/13/2022,BJC,CO,ANM,WE,Towers with Radar,0,26,29,1,56,0,3,127,0,130,0,29,156,1,186,184,0,184,370
06/14/2022,BJC,CO,ANM,WE,Towers with Radar,0,31,53,1,85,0,2,271,2,275,0,33,324,3,360,447,0,447,807
06/15/2022,BJC,CO,ANM,WE,Towers with Radar,0,30,46,0,76,0,3,184,2,189,0,33,230,2,265,323,28,351,616
06/16/2022,BJC,CO,ANM,WE,Towers with Radar,0,37,52,1,90,0,2,388,2,392,0,39,440,3,482,469,24,493,975
06/17/2022,BJC,CO,ANM,WE,Towers with Radar,0,30,39,1,70,0,2,286,0,288,0,32,325,1,358,466,0,466,824
06/18/2022,BJC,CO,ANM,WE,Towers with Radar,0,24,30,3,57,0,4,334,0,338,0,28,364,3,395,469,0,469,864
06/19/2022,BJC,CO,ANM,WE,Towers with Radar,0,32,38,0,70,0,3,199,0,202,0,35,237,0,272,171,0,171,443
06/20/2022,BJC,CO,ANM,WE,Towers with Radar,0,30,32,2,64,0,2,204,0,206,0,32,236,2,270,358,0,358,628
06/21/2022,BJC,CO,ANM,WE,Towers with Radar,0,32,49,0,81,0,0,311,3,314,0,32,360,3,395,436,7,443,838
06/22/2022,BJC,CO,ANM,WE,Towers with Radar,0,26,54,0,80,0,0,415,2,417,0,26,469,2,497,797,2,799,1296
06/23/2022,BJC,CO,ANM,WE,Towers with Radar,0,22,45,1,68,0,4,329,13,346,0,26,374,14,414,412,33,445,859
06/24/2022,BJC,CO,ANM,WE,Towers with Radar,0,21,45,0,66,0,0,275,0,275,0,21,320,0,341,356,0,356,697
06/25/2022,BJC,CO,ANM,WE,Towers with Radar,0,26,43,0,69,0,2,77,0,79,0,28,120,0,148,197,0,197,345
06/26/2022,BJC,CO,ANM,WE,Towers with Radar,0,28,42,0,70,0,0,172,0,172,0,28,214,0,242,556,0,556,798
06/27/2022,BJC,CO,ANM,WE,Towers with Radar,0,24,45,0,69,0,1,289,2,292,0,25,334,2,361,454,4,458,819
06/28/2022,BJC,CO,ANM,WE,Towers with Radar,0,20,44,2,66,0,1,330,2,333,0,21,374,4,399,635,0,635,1034
06/29/2022,BJC,CO,ANM,WE,Towers with Radar,0,35,43,1,79,0,2,206,6,214,0,37,249,7,293,418,8,426,719
06/30/2022,BJC,CO,ANM,WE,Towers with Radar,0,24,45,4,73,0,0,176,11,187,0,24,221,15,260,307,5,312,572
07/01/2022,BJC,CO,ANM,WE,Towers with Radar,0,37,61,2,100,0,6,284,9,299,0,43,345,11,399,445,8,453,852
07/02/2022,BJC,CO,ANM,WE,Towers with Radar,0,13,10,0,23,0,0,300,0,300,0,13,310,0,323,463,0,463,786
07/03/2022,BJC,CO,ANM,WE,Towers with Radar,0,8,28,0,36,0,0,228,0,228,0,8,256,0,264,400,0,400,664
07/04/2022,BJC,CO,ANM,WE,Towers with Radar,0,19,16,0,35,0,0,138,0,138,0,19,154,0,173,180,0,180,353
07/05/2022,BJC,CO,ANM,WE,Towers with Radar,0,25,37,0,62,0,2,188,2,192,0,27,225,2,254,363,10,373,627
07/06/2022,BJC,CO,ANM,WE,Towers with Radar,0,32,70,1,103,0,4,198,0,202,0,36,268,1,305,467,0,467,772
07/07/2022,BJC,CO,ANM,WE,Towers with Radar,0,30,56,0,86,0,1,337,0,338,0,31,393,0,424,580,0,580,1004
07/08/2022,BJC,CO,ANM,WE,Towers with Radar,0,32,39,6,77,0,16,319,4,339,0,48,358,10,416,606,10,616,1032
07/09/2022,BJC,CO,ANM,WE,Towers with Radar,0,19,28,1,48,0,10,246,0,256,0,29,274,1,304,290,0,290,594
07/10/2022,BJC,CO,ANM,WE,Towers with Radar,0,25,38,0,63,9,0,159,0,168,9,25,197,0,231,292,0,292,523
07/11/2022,BJC,CO,ANM,WE,Towers with Radar,0,32,70,0,102,1,2,140,0,143,1,34,210,0,245,392,0,392,637
07/12/2022,BJC,CO,ANM,WE,Towers with Radar,0,23,35,2,60,0,8,282,1,291,0,31,317,3,351,555,1,556,907
07/13/2022,BJC,CO,ANM,WE,Towers with Radar,0,28,39,0,67,0,9,254,4,267,0,37,293,4,334,428,8,436,770
07/14/2022,BJC,CO,ANM,WE,Towers with Radar,0,19,39,2,60,0,0,251,2,253,0,19,290,4,313,447,0,447,760
07/15/2022,BJC,CO,ANM,WE,Towers with Radar,0,19,41,0,60,0,2,304,3,309,0,21,345,3,369,428,2,430,799
07/16/2022,BJC,CO,ANM,WE,Towers with Radar,0,18,18,0,36,0,0,347,0,347,0,18,365,0,383,458,0,458,841
07/17/2022,BJC,CO,ANM,WE,Towers with Radar,0,23,41,0,64,9,0,209,0,218,9,23,250,0,282,396,0,396,678
07/18/2022,BJC,CO,ANM,WE,Towers with Radar,0,30,35,0,65,0,0,192,4,196,0,30,227,4,261,378,13,391,652
07/19/2022,BJC,CO,ANM,WE,Towers with Radar,0,32,38,0,70,2,0,190,9,201,2,32,228,9,271,409,13,422,693
07/20/2022,BJC,CO,ANM,WE,Towers with Radar,0,22,68,0,90,0,10,283,6,299,0,32,351,6,389,659,20,679,1068
07/21/2022,BJC,CO,ANM,WE,Towers with Radar,0,30,48,0,78,3,2,335,5,345,3,32,383,5,423,556,12,568,991
07/22/2022,BJC,CO,ANM,WE,Towers with Radar,0,37,51,0,88,0,0,258,11,269,0,37,309,11,357,386,24,410,767
07/23/2022,BJC,CO,ANM,WE,Towers with Radar,0,18,30,0,48,0,4,247,0,251,0,22,277,0,299,346,0,346,645
07/24/2022,BJC,CO,ANM,WE,Towers with Radar,0,21,48,0,69,0,0,101,0,101,0,21,149,0,170,454,0,454,624
07/25/2022,BJC,CO,ANM,WE,Towers with Radar,0,27,59,2,88,0,6,229,2,237,0,33,288,4,325,590,0,590,915
07/26/2022,BJC,CO,ANM,WE,Towers with Radar,0,19,26,0,45,0,0,163,8,171,0,19,189,8,216,344,14,358,574
07/27/2022,BJC,CO,ANM,WE,Towers with Radar,0,25,61,0,86,0,0,276,2,278,0,25,337,2,364,678,3,681,1045
07/28/2022,BJC,CO,ANM,WE,Towers with Radar,0,34,56,2,92,0,2,44,0,46,0,36,100,2,138,191,0,191,329
07/29/2022,BJC,CO,ANM,WE,Towers with Radar,0,30,93,0,123,0,0,177,0,177,0,30,270,0,300,336,0,336,636
07/30/2022,BJC,CO,ANM,WE,Towers with Radar,0,13,31,0,44,0,3,284,0,287,0,16,315,0,331,681,0,681,1012
07/31/2022,BJC,CO,ANM,WE,Towers with Radar,0,28,36,1,65,15,1,181,0,197,15,29,217,1,262,495,0,495,757
08/01/2022,BJC,CO,ANM,WE,Towers with Radar,0,32,33,0,65,2,3,252,5,262,2,35,285,5,327,536,4,540,867
08/02/2022,BJC,CO,ANM,WE,Towers with Radar,0,19,36,0,55,0,0,209,0,209,0,19,245,0,264,421,0,421,685
08/03/2022,BJC,CO,ANM,WE,Towers with Radar,0,25,51,0,76,0,2,299,4,305,0,27,350,4,381,558,8,566,947
08/04/2022,BJC,CO,ANM,WE,Towers with Radar,0,31,47,6,84,1,1,268,4,274,1,32,315,10,358,624,0,624,982
08/05/2022,BJC,CO,ANM,WE,Towers with Radar,0,29,55,5,89,0,0,243,4,247,0,29,298,9,336,479,0,479,815
08/06/2022,BJC,CO,ANM,WE,Towers with Radar,0,27,35,1,63,0,0,325,1,326,0,27,360,2,389,494,0,494,883
08/07/2022,BJC,CO,ANM,WE,Towers with Radar,0,34,31,2,67,0,0,113,1,114,0,34,144,3,181,288,0,288,469
08/08/2022,BJC,CO,ANM,WE,Towers with Radar,0,41,57,1,99,0,2,289,7,298,0,43,346,8,397,616,7,623,1020
08/09/2022,BJC,CO,ANM,WE,Towers with Radar,0,54,39,0,93,0,2,315,4,321,0,56,354,4,414,743,16,759,1173
08/10/2022,BJC,CO,ANM,WE,Towers with Radar,0,41,52,0,93,0,5,312,5,322,0,46,364,5,415,561,2,563,978
08/11/2022,BJC,CO,ANM,WE,Towers with Radar,0,50,53,0,103,0,3,361,13,377,0,53,414,13,480,579,40,619,1099
08/12/2022,BJC,CO,ANM,WE,Towers with Radar,0,37,49,3,89,0,1,325,0,326,0,38,374,3,415,600,0,600,1015
08/13/2022,BJC,CO,ANM,WE,Towers with Radar,0,25,34,1,60,0,0,323,0,323,0,25,357,1,383,423,0,423,806
08/14/2022,BJC,CO,ANM,WE,Towers with Radar,0,33,32,4,69,0,0,253,0,253,0,33,285,4,322,345,0,345,667
08/15/2022,BJC,CO,ANM,WE,Towers with Radar,0,35,51,0,86,0,0,226,1,227,0,35,277,1,313,510,2,512,825
08/16/2022,BJC,CO,ANM,WE,Towers with Radar,0,42,63,0,105,0,0,42,0,42,0,42,105,0,147,268,0,268,415
08/17/2022,BJC,CO,ANM,WE,Towers with Radar,0,46,66,0,112,0,0,307,5,312,0,46,373,5,424,482,3,485,909
08/18/2022,BJC,CO,ANM,WE,Towers with Radar,0,37,56,0,93,0,2,392,9,403,0,39,448,9,496,695,26,721,1217
08/19/2022,BJC,CO,ANM,WE,Towers with Radar,0,47,48,1,96,0,0,301,2,303,0,47,349,3,399,749,0,749,1148
08/20/2022,BJC,CO,ANM,WE,Towers with Radar,0,24,38,0,62,0,0,271,0,271,0,24,309,0,333,473,0,473,806
08/21/2022,BJC,CO,ANM,WE,Towers with Radar,0,47,58,1,106,0,0,185,2,187,0,47,243,3,293,466,0,466,759
08/22/2022,BJC,CO,ANM,WE,Towers with Radar,0,49,59,0,108,0,1,267,11,279,0,50,326,11,387,648,22,670,1057
08/23/2022,BJC,CO,ANM,WE,Towers with Radar,0,35,64,0,99,0,11,326,8,345,0,46,390,8,444,745,20,765,1209
08/24/2022,BJC,CO,ANM,WE,Towers with Radar,0,30,38,0,68,0,5,323,10,338,0,35,361,10,406,615,24,639,1045
08/25/2022,BJC,CO,ANM,WE,Towers with Radar,0,35,52,0,87,0,1,277,5,283,0,36,329,5,370,507,11,518,888
08/26/2022,BJC,CO,ANM,WE,Towers with Radar,0,34,41,0,75,0,2,292,8,302,0,36,333,8,377,583,24,607,984
08/27/2022,BJC,CO,ANM,WE,Towers with Radar,0,16,28,0,44,0,0,243,0,243,0,16,271,0,287,326,0,326,613
08/28/2022,BJC,CO,ANM,WE,Towers with Radar,0,25,52,0,77,0,0,122,0,122,0,25,174,0,199,216,0,216,415
08/29/2022,BJC,CO,ANM,WE,Towers with Radar,0,24,55,6,85,1,0,375,10,386,1,24,430,16,471,854,19,873,1344
08/30/2022,BJC,CO,ANM,WE,Towers with Radar,0,29,51,2,82,0,3,338,5,346,0,32,389,7,428,681,5,686,1114
08/31/2022,BJC,CO,ANM,WE,Towers with Radar,0,38,48,2,88,0,3,280,10,293,0,41,328,12,381,470,20,490,871
09/01/2022,BJC,CO,ANM,WE,Towers with Radar,0,40,61,3,104,0,2,352,5,359,0,42,413,8,463,562,8,570,1033
09/02/2022,BJC,CO,ANM,WE,Towers with Radar,0,28,59,1,88,0,2,257,0,259,0,30,316,1,347,508,0,508,855
09/03/2022,BJC,CO,ANM,WE,Towers with Radar,0,18,41,1,60,0,0,268,1,269,0,18,309,2,329,520,0,520,849
09/04/2022,BJC,CO,ANM,WE,Towers with Radar,0,29,24,0,53,0,0,223,0,223,0,29,247,0,276,439,0,439,715
09/05/2022,BJC,CO,ANM,WE,Towers with Radar,0,35,50,0,85,0,0,260,0,260,0,35,310,0,345,383,0,383,728
09/06/2022,BJC,CO,ANM,WE,Towers with Radar,0,41,54,0,95,0,22,257,2,281,0,63,311,2,376,636,0,636,1012
09/07/2022,BJC,CO,ANM,WE,Towers with Radar,0,48,48,3,99,0,3,383,2,388,0,51,431,5,487,673,4,677,1164
09/08/2022,BJC,CO,ANM,WE,Towers with Radar,0,34,52,1,87,1,1,296,2,300,1,35,348,3,387,541,10,551,938
09/09/2022,BJC,CO,ANM,WE,Towers with Radar,0,27,109,0,136,0,3,180,2,185,0,30,289,2,321,538,0,538,859
09/10/2022,BJC,CO,ANM,WE,Towers with Radar,0,19,60,2,81,0,0,0,0,0,0,19,60,2,81,0,0,0,81
09/11/2022,BJC,CO,ANM,WE,Towers with Radar,0,37,43,0,80,0,5,263,1,269,0,42,306,1,349,661,0,661,1010
09/12/2022,BJC,CO,ANM,WE,Towers with Radar,0,41,46,0,87,0,0,319,4,323,0,41,365,4,410,634,0,634,1044
09/13/2022,BJC,CO,ANM,WE,Towers with Radar,0,39,54,0,93,0,4,335,2,341,0,43,389,2,434,646,2,648,1082
09/14/2022,BJC,CO,ANM,WE,Towers with Radar,0,30,49,0,79,0,1,292,4,297,0,31,341,4,376,710,0,710,1086
09/15/2022,BJC,CO,ANM,WE,Towers with Radar,0,32,46,0,78,0,0,294,4,298,0,32,340,4,376,822,0,822,1198
09/16/2022,BJC,CO,ANM,WE,Towers with Radar,0,26,57,0,83,0,2,340,1,343,0,28,397,1,426,830,0,830,1256
09/17/2022,BJC,CO,ANM,WE,Towers with Radar,0,23,33,0,56,0,4,272,2,278,0,27,305,2,334,461,0,461,795
09/18/2022,BJC,CO,ANM,WE,Towers with Radar,0,35,41,0,76,0,0,249,0,249,0,35,290,0,325,536,0,536,861
09/19/2022,BJC,CO,ANM,WE,Towers with Radar,0,29,52,2,83,0,0,273,2,275,0,29,325,4,358,689,4,693,1051
09/20/2022,BJC,CO,ANM,WE,Towers with Radar,0,28,29,0,57,0,0,308,5,313,0,28,337,5,370,816,6,822,1192
09/21/2022,BJC,CO,ANM,WE,Towers with Radar,0,43,110,0,153,0,1,72,0,73,0,44,182,0,226,340,0,340,566
09/22/2022,BJC,CO,ANM,WE,Towers with Radar,0,52,133,0,185,0,2,5,2,9,0,54,138,2,194,41,2,43,237
09/23/2022,BJC,CO,ANM,WE,Towers with Radar,0,44,52,6,102,0,2,325,2,329,0,46,377,8,431,151,19,170,601
09/24/2022,BJC,CO,ANM,WE,Towers with Radar,0,22,30,0,52,0,0,421,1,422,0,22,451,1,474,900,0,900,1374
09/25/2022,BJC,CO,ANM,WE,Towers with Radar,0,53,56,4,113,0,0,268,3,271,0,53,324,7,384,749,0,749,1133
09/26/2022,BJC,CO,ANM,WE,Towers with Radar,0,33,37,0,70,0,0,371,2,373,0,33,408,2,443,595,2,597,1040
09/27/2022,BJC,CO,ANM,WE,Towers with Radar,0,36,49,0,85,0,1,266,3,270,0,37,315,3,355,674,0,674,1029
09/28/2022,BJC,CO,ANM,WE,Towers with Radar,0,34,66,0,100,0,0,417,3,420,0,34,483,3,520,876,0,876,1396
09/29/2022,BJC,CO,ANM,WE,Towers with Radar,0,34,48,0,82,0,0,197,2,199,0,34,245,2,281,555,9,564,845
09/30/2022,BJC,CO,ANM,WE,Towers with Radar,0,30,56,0,86,2,0,272,2,276,2,30,328,2,362,782,4,786,1148
10/01/2022,BJC,CO,ANM,WE,Towers with Radar,0,21,30,0,51,0,0,242,0,242,0,21,272,0,293,449,0,449,742
10/02/2022,BJC,CO,ANM,WE,Towers with Radar,0,27,37,1,65,1,0,153,0,154,1,27,190,1,219,568,0,568,787
10/03/2022,BJC,CO,ANM,WE,Towers with Radar,0,36,24,0,60,0,3,191,0,194,0,39,215,0,254,476,4,480,734
10/04/2022,BJC,CO,ANM,WE,Towers with Radar,0,32,82,1,115,0,0,270,2,272,0,32,352,3,387,885,0,885,1272
10/05/2022,BJC,CO,ANM,WE,Towers with Radar,0,31,38,4,73,0,2,314,3,319,0,33,352,7,392,574,0,574,966
10/06/2022,BJC,CO,ANM,WE,Towers with Radar,0,37,54,2,93,0,1,340,4,345,0,38,394,6,438,871,1,872,1310
10/07/2022,BJC,CO,ANM,WE,Towers with Radar,0,46,94,3,143,0,0,17,0,17,0,46,111,3,160,34,0,34,194
10/08/2022,BJC,CO,ANM,WE,Towers with Radar,0,23,24,0,47,0,0,291,0,291,0,23,315,0,338,735,0,735,1073
10/09/2022,BJC,CO,ANM,WE,Towers with Radar,0,58,43,1,102,0,0,241,0,241,0,58,284,1,343,590,0,590,933
10/10/2022,BJC,CO,ANM,WE,Towers with Radar,0,27,41,0,68,0,0,297,0,297,0,27,338,0,365,567,0,567,932
10/11/2022,BJC,CO,ANM,WE,Towers with Radar,0,28,36,3,67,0,0,86,5,91,0,28,122,8,158,135,0,135,293
10/12/2022,BJC,CO,ANM,WE,Towers with Radar,0,42,45,0,87,0,2,319,0,321,0,44,364,0,408,426,0,426,834
10/13/2022,BJC,CO,ANM,WE,Towers with Radar,0,57,49,0,106,0,4,384,10,398,0,61,433,10,504,824,3,827,1331
10/14/2022,BJC,CO,ANM,WE,Towers with Radar,1,45,80,1,127,0,2,271,0,273,1,47,351,1,400,487,0,487,887
10/15/2022,BJC,CO,ANM,WE,Towers with Radar,0,35,26,0,61,0,0,303,0,303,0,35,329,0,364,652,0,652,1016
10/16/2022,BJC,CO,ANM,WE,Towers with Radar,0,60,72,0,132,0,1,190,0,191,0,61,262,0,323,533,0,533,856
10/17/2022,BJC,CO,ANM,WE,Towers with Radar,0,48,54,7,109,0,0,286,6,292,0,48,340,13,401,617,0,617,1018
10/18/2022,BJC,CO,ANM,WE,Towers with Radar,0,34,55,3,92,0,3,376,0,379,0,37,431,3,471,680,0,680,1151
10/19/2022,BJC,CO,ANM,WE,Towers with Radar,0,38,55,1,94,0,0,371,3,374,0,38,426,4,468,517,0,517,985
10/20/2022,BJC,CO,ANM,WE,Towers with Radar,0,31,73,0,104,0,0,299,2,301,0,31,372,2,405,531,0,531,936
10/21/2022,BJC,CO,ANM,WE,Towers with Radar,0,31,44,0,75,0,0,98,0,98,0,31,142,0,173,61,0,61,234
10/22/2022,BJC,CO,ANM,WE,Towers with Radar,0,11,25,0,36,0,4,208,0,212,0,15,233,0,248,274,0,274,522
10/23/2022,BJC,CO,ANM,WE,Towers with Radar,0,35,25,0,60,0,0,21,0,21,0,35,46,0,81,46,0,46,127
10/24/2022,BJC,CO,ANM,WE,Towers with Radar,0,39,46,0,85,0,0,165,0,165,0,39,211,0,250,203,16,219,469
10/25/2022,BJC,CO,ANM,WE,Towers with Radar,0,24,36,0,60,0,0,71,4,75,0,24,107,4,135,59,0,59,194
10/26/2022,BJC,CO,ANM,WE,Towers with Radar,0,36,37,0,73,0,0,359,2,361,0,36,396,2,434,884,2,886,1320
10/27/2022,BJC,CO,ANM,WE,Towers with Radar,0,31,26,0,57,0,0,36,2,38,0,31,62,2,95,151,12,163,258
10/28/2022,BJC,CO,ANM,WE,Towers with Radar,0,34,48,2,84,0,1,375,6,382,0,35,423,8,466,913,21,934,1400
10/29/2022,BJC,CO,ANM,WE,Towers with Radar,1,29,36,0,66,0,0,306,0,306,1,29,342,0,372,592,0,592,964
10/30/2022,BJC,CO,ANM,WE,Towers with Radar,1,33,44,1,79,0,0,302,0,302,1,33,346,1,381,465,0,465,846
10/31/2022,BJC,CO,ANM,WE,Towers with Radar,0,21,42,0,63,0,2,254,9,265,0,23,296,9,328,745,20,765,1093
11/01/2022,BJC,CO,ANM,WE,Towers with Radar,0,43,50,0,93,0,2,336,0,338,0,45,386,0,431,795,0,795,1226
11/02/2022,BJC,CO,ANM,WE,Towers with Radar,0,24,50,1,75,0,2,292,4,298,0,26,342,5,373,672,14,686,1059
11/03/2022,BJC,CO,ANM,WE,Towers with Radar,0,38,38,0,76,0,0,92,0,92,0,38,130,0,168,485,0,485,653
11/04/2022,BJC,CO,ANM,WE,Towers with Radar,0,45,50,0,95,0,0,134,5,139,0,45,184,5,234,276,28,304,538
11/05/2022,BJC,CO,ANM,WE,Towers with Radar,0,19,19,0,38,0,0,19,0,19,0,19,38,0,57,0,0,0,57
11/06/2022,BJC,CO,ANM,WE,Towers with Radar,0,34,34,0,68,0,0,184,0,184,0,34,218,0,252,285,0,285,537
11/07/2022,BJC,CO,ANM,WE,Towers with Radar,0,29,38,1,68,0,20,277,2,299,0,49,315,3,367,668,0,668,1035
11/08/2022,BJC,CO,ANM,WE,Towers with Radar,0,39,45,1,85,0,1,347,6,354,0,40,392,7,439,694,8,702,1141
11/09/2022,BJC,CO,ANM,WE,Towers with Radar,0,28,50,0,78,0,1,211,1,213,0,29,261,1,291,504,0,504,795
11/10/2022,BJC,CO,ANM,WE,Towers with Radar,0,40,54,8,102,0,2,82,5,89,0,42,136,13,191,61,0,61,252
11/11/2022,BJC,CO,ANM,WE,Towers with Radar,3,34,40,3,80,0,2,326,0,328,3,36,366,3,408,774,0,774,1182
11/12/2022,BJC,CO,ANM,WE,Towers with Radar,0,29,22,0,51,0,0,301,0,301,0,29,323,0,352,558,0,558,910
11/13/2022,BJC,CO,ANM,WE,Towers with Radar,3,39,48,2,92,0,3,226,4,233,3,42,274,6,325,419,2,421,746
11/14/2022,BJC,CO,ANM,WE,Towers with Radar,0,33,64,1,98,0,0,244,0,244,0,33,308,1,342,673,0,673,1015
11/15/2022,BJC,CO,ANM,WE,Towers with Radar,1,35,35,1,72,0,0,145,2,147,1,35,180,3,219,403,0,403,622
11/16/2022,BJC,CO,ANM,WE,Towers with Radar,0,40,61,0,101,0,0,395,2,397,0,40,456,2,498,717,8,725,1223
11/17/2022,BJC,CO,ANM,WE,Towers with Radar,0,33,28,0,61,0,0,0,0,0,0,33,28,0,61,0,0,0,61
11/18/2022,BJC,CO,ANM,WE,Towers with Radar,0,52,39,0,91,0,0,130,0,130,0,52,169,0,221,277,0,277,498
11/19/2022,BJC,CO,ANM,WE,Towers with Radar,0,31,35,0,66,0,0,317,2,319,0,31,352,2,385,738,0,738,1123
11/20/2022,BJC,CO,ANM,WE,Towers with Radar,1,35,40,0,76,0,2,264,0,266,1,37,304,0,342,417,0,417,759
11/21/2022,BJC,CO,ANM,WE,Towers with Radar,0,44,51,2,97,0,17,314,9,340,0,61,365,11,437,595,14,609,1046
11/22/2022,BJC,CO,ANM,WE,Towers with Radar,0,35,49,1,85,0,3,420,2,425,0,38,469,3,510,764,0,764,1274
11/23/2022,BJC,CO,ANM,WE,Towers with Radar,0,31,44,0,75,0,1,206,2,209,0,32,250,2,284,281,0,281,565
11/24/2022,BJC,CO,ANM,WE,Towers with Radar,0,18,8,0,26,0,0,30,0,30,0,18,38,0,56,86,0,86,142
11/25/2022,BJC,CO,ANM,WE,Towers with Radar,2,38,27,0,67,0,1,235,0,236,2,39,262,0,303,288,0,288,591
11/26/2022,BJC,CO,ANM,WE,Towers with Radar,0,34,49,0,83,0,0,216,0,216,0,34,265,0,299,394,0,394,693
11/27/2022,BJC,CO,ANM,WE,Towers with Radar,0,59,45,4,108,0,0,151,0,151,0,59,196,4,259,276,0,276,535
11/28/2022,BJC,CO,ANM,WE,Towers with Radar,0,37,40,0,77,0,0,95,2,97,0,37,135,2,174,301,0,301,475
11/29/2022,BJC,CO,ANM,WE,Towers with Radar,0,35,37,0,72,0,1,15,0,16,0,36,52,0,88,52,0,52,140
11/30/2022,BJC,CO,ANM,WE,Towers with Radar,0,29,42,1,72,0,3,209,4,216,0,32,251,5,288,501,8,509,797
12/01/2022,BJC,CO,ANM,WE,Towers with Radar,0,35,49,2,86,0,1,265,3,269,0,36,314,5,355,623,4,627,982
12/02/2022,BJC,CO,ANM,WE,Towers with Radar,0,29,24,1,54,0,0,2,0,2,0,29,26,1,56,6,0,6,62
12/03/2022,BJC,CO,ANM,WE,Towers with Radar,0,24,13,2,39,0,0,242,0,242,0,24,255,2,281,707,0,707,988
12/04/2022,BJC,CO,ANM,WE,Towers with Radar,0,40,26,0,66,0,2,267,0,269,0,42,293,0,335,452,0,452,787
12/05/2022,BJC,CO,ANM,WE,Towers with Radar,0,40,50,1,91,0,0,145,2,147,0,40,195,3,238,294,0,294,532
12/06/2022,BJC,CO,ANM,WE,Towers with Radar,0,38,38,3,79,0,0,178,8,186,0,38,216,11,265,288,16,304,569
12/07/2022,BJC,CO,ANM,WE,Towers with Radar,0,37,68,0,105,0,2,414,19,435,0,39,482,19,540,634,26,660,1200
12/08/2022,BJC,CO,ANM,WE,Towers with Radar,0,39,38,5,82,0,0,15,0,15,0,39,53,5,97,7,0,7,104
12/09/2022,BJC,CO,ANM,WE,Towers with Radar,0,32,44,1,77,0,3,372,2,377,0,35,416,3,454,682,0,682,1136
12/10/2022,BJC,CO,ANM,WE,Towers with Radar,0,25,31,0,56,0,2,389,0,391,0,27,420,0,447,468,0,468,915
12/11/2022,BJC,CO,ANM,WE,Towers with Radar,0,30,43,0,73,0,0,256,0,256,0,30,299,0,329,510,0,510,839
12/12/2022,BJC,CO,ANM,WE,Towers with Radar,0,40,34,4,78,0,1,206,4,211,0,41,240,8,289,397,2,399,688
12/13/2022,BJC,CO,ANM,WE,Towers with Radar,0,41,24,0,65,0,0,54,2,56,0,41,78,2,121,447,12,459,580
12/14/2022,BJC,CO,ANM,WE,Towers with Radar,0,47,45,1,93,0,2,190,4,196,0,49,235,5,289,286,0,286,575
12/15/2022,BJC,CO,ANM,WE,Towers with Radar,0,50,51,3,104,0,2,306,0,308,0,52,357,3,412,419,0,419,831
12/16/2022,BJC,CO,ANM,WE,Towers with Radar,0,48,46,1,95,0,4,155,3,162,0,52,201,4,257,214,12,226,483
12/17/2022,BJC,CO,ANM,WE,Towers with Radar,0,23,44,1,68,0,1,298,0,299,0,24,342,1,367,533,0,533,900
12/18/2022,BJC,CO,ANM,WE,Towers with Radar,0,29,25,0,54,0,0,219,0,219,0,29,244,0,273,520,0,520,793
12/19/2022,BJC,CO,ANM,WE,Towers with Radar,0,43,40,0,83,0,2,77,0,79,0,45,117,0,162,28,0,28,190
12/20/2022,BJC,CO,ANM,WE,Towers with Radar,0,28,35,1,64,0,0,333,8,341,0,28,368,9,405,659,3,662,1067
12/21/2022,BJC,CO,ANM,WE,Towers with Radar,0,29,36,0,65,0,0,12,0,12,0,29,48,0,77,18,0,18,95
12/22/2022,BJC,CO,ANM,WE,Towers with Radar,0,58,33,0,91,0,1,9,0,10,0,59,42,0,101,20,0,20,121
12/23/2022,BJC,CO,ANM,WE,Towers with Radar,0,41,36,0,77,0,0,94,0,94,0,41,130,0,171,166,0,166,337
12/24/2022,BJC,CO,ANM,WE,Towers with Radar,0,17,17,0,34,0,2,92,0,94,0,19,109,0,128,191,0,191,319
12/25/2022,BJC,CO,ANM,WE,Towers with Radar,0,19,3,0,22,0,0,0,0,0,0,19,3,0,22,0,0,0,22
12/26/2022,BJC,CO,ANM,WE,Towers with Radar,0,49,42,0,91,0,0,177,0,177,0,49,219,0,268,296,0,296,564
12/27/2022,BJC,CO,ANM,WE,Towers with Radar,1,42,39,0,82,0,0,65,0,65,1,42,104,0,147,154,0,154,301
12/28/2022,BJC,CO,ANM,WE,Towers with Radar,0,37,34,0,71,0,0,56,2,58,0,37,90,2,129,265,8,273,402
12/29/2022,BJC,CO,ANM,WE,Towers with Radar,0,40,44,0,84,0,0,66,0,66,0,40,110,0,150,14,0,14,164
12/30/2022,BJC,CO,ANM,WE,Towers with Radar,0,32,35,0,67,0,2,186,0,188,0,34,221,0,255,212,0,212,467
12/31/2022,BJC,CO,ANM,WE,Towers with Radar,0,23,16,0,39,0,2,142,0,144,0,25,158,0,183,367,0,367,550
01/01/2023,BJC,CO,ANM,WE,Towers with Radar,0,35,29,0,64,0,2,62,0,64,0,37,91,0,128,125,0,125,253
01/02/2023,BJC,CO,ANM,WE,Towers with Radar,0,10,17,0,27,0,0,0,0,0,0,10,17,0,27,0,0,0,27
01/03/2023,BJC,CO,ANM,WE,Towers with Radar,0,24,42,1,67,0,0,56,2,58,0,24,98,3,125,74,20,94,219
01/04/2023,BJC,CO,ANM,WE,Towers with Radar,0,34,28,1,63,0,0,240,2,242,0,34,268,3,305,368,0,368,673
01/05/2023,BJC,CO,ANM,WE,Towers with Radar,0,29,37,1,67,0,1,320,9,330,0,30,357,10,397,672,14,686,1083
01/06/2023,BJC,CO,ANM,WE,Towers with Radar,0,29,38,2,69,0,1,301,1,303,0,30,339,3,372,651,2,653,1025
01/07/2023,BJC,CO,ANM,WE,Towers with Radar,0,27,37,0,64,0,0,297,0,297,0,27,334,0,361,423,0,423,784
01/08/2023,BJC,CO,ANM,WE,Towers with Radar,0,27,45,1,73,0,0,173,0,173,0,27,218,1,246,355,0,355,601
01/09/2023,BJC,CO,ANM,WE,Towers with Radar,0,30,38,0,68,0,1,215,0,216,0,31,253,0,284,500,0,500,784
01/10/2023,BJC,CO,ANM,WE,Towers with Radar,0,19,29,0,48,1,2,54,0,57,1,21,83,0,105,197,0,197,302
01/11/2023,BJC,CO,ANM,WE,Towers with Radar,0,23,35,0,58,0,0,0,0,0,0,23,35,0,58,0,0,0,58
01/12/2023,BJC,CO,ANM,WE,Towers with Radar,0,44,54,0,98,0,1,342,2,345,0,45,396,2,443,661,2,663,1106
01/13/2023,BJC,CO,ANM,WE,Towers with Radar,0,39,53,0,92,0,0,446,0,446,0,39,499,0,538,675,0,675,1213
01/14/2023,BJC,CO,ANM,WE,Towers with Radar,0,24,36,0,60,0,6,363,0,369,0,30,399,0,429,535,0,535,964
01/15/2023,BJC,CO,ANM,WE,Towers with Radar,0,29,33,0,62,0,0,146,0,146,0,29,179,0,208,591,0,591,799
01/16/2023,BJC,CO,ANM,WE,Towers with Radar,0,42,57,0,99,0,0,345,1,346,0,42,402,1,445,642,0,642,1087
01/17/2023,BJC,CO,ANM,WE,Towers with Radar,0,39,38,0,77,0,0,222,0,222,0,39,260,0,299,617,0,617,916
01/18/2023,BJC,CO,ANM,WE,Towers with Radar,0,16,22,0,38,0,0,0,0,0,0,16,22,0,38,0,0,0,38
01/19/2023,BJC,CO,ANM,WE,Towers with Radar,0,26,40,2,68,0,2,222,3,227,0,28,262,5,295,253,0,253,548
01/20/2023,BJC,CO,ANM,WE,Towers with Radar,0,31,45,0,76,0,2,186,0,188,0,33,231,0,264,764,0,764,1028
01/21/2023,BJC,CO,ANM,WE,Towers with Radar,0,27,24,0,51,0,0,59,0,59,0,27,83,0,110,252,0,252,362
01/22/2023,BJC,CO,ANM,WE,Towers with Radar,0,36,37,0,73,0,0,261,2,263,0,36,298,2,336,544,0,544,880
01/23/2023,BJC,CO,ANM,WE,Towers with Radar,0,30,33,0,63,0,0,46,0,46,0,30,79,0,109,256,0,256,365
01/24/2023,BJC,CO,ANM,WE,Towers with Radar,0,26,34,0,60,0,2,228,2,232,0,28,262,2,292,627,4,631,923
01/25/2023,BJC,CO,ANM,WE,Towers with Radar,0,38,40,0,78,0,0,101,0,101,0,38,141,0,179,376,0,376,555
01/26/2023,BJC,CO,ANM,WE,Towers with Radar,0,37,50,0,87,0,1,114,0,115,0,38,164,0,202,181,0,181,383
01/27/2023,BJC,CO,ANM,WE,Towers with Radar,0,34,39,0,73,0,0,245,0,245,0,34,284,0,318,337,0,337,655
01/28/2023,BJC,CO,ANM,WE,Towers with Radar,0,22,19,0,41,0,0,39,0,39,0,22,58,0,80,301,0,301,381
01/29/2023,BJC,CO,ANM,WE,Towers with Radar,0,41,24,0,65,0,0,0,0,0,0,41,24,0,65,0,0,0,65
01/30/2023,BJC,CO,ANM,WE,Towers with Radar,0,34,42,0,76,0,0,4,0,4,0,34,46,0,80,42,0,42,122
01/31/2023,BJC,CO,ANM,WE,Towers with Radar,0,24,39,0,63,0,4,298,6,308,0,28,337,6,371,639,0,639,1010
02/01/2023,BJC,CO,ANM,WE,Towers with Radar,0,31,57,0,88,0,2,482,4,488,0,33,539,4,576,598,2,600,1176
02/02/2023,BJC,CO,ANM,WE,Towers with Radar,0,30,41,1,72,0,0,523,2,525,0,30,564,3,597,795,4,799,1396
02/03/2023,BJC,CO,ANM,WE,Towers with Radar,0,35,60,0,95,0,0,370,14,384,0,35,430,14,479,621,25,646,1125
02/04/2023,BJC,CO,ANM,WE,Towers with Radar,0,29,19,0,48,0,0,69,0,69,0,29,88,0,117,56,0,56,173
02/05/2023,BJC,CO,ANM,WE,Towers with Radar,0,31,47,0,78,0,2,350,0,352,0,33,397,0,430,607,0,607,1037
02/06/2023,BJC,CO,ANM,WE,Towers with Radar,0,22,32,3,57,0,0,97,2,99,0,22,129,5,156,210,4,214,370
02/07/2023,BJC,CO,ANM,WE,Towers with Radar,0,30,51,1,82,0,1,498,0,499,0,31,549,1,581,692,0,692,1273
02/08/2023,BJC,CO,ANM,WE,Towers with Radar,0,36,52,0,88,0,3,214,7,224,0,39,266,7,312,335,13,348,660
02/09/2023,BJC,CO,ANM,WE,Towers with Radar,0,31,35,0,66,0,2,40,0,42,0,33,75,0,108,123,0,123,231
02/10/2023,BJC,CO,ANM,WE,Towers with Radar,0,25,43,0,68,0,0,515,9,524,0,25,558,9,592,920,8,928,1520
02/11/2023,BJC,CO,ANM,WE,Towers with Radar,0,21,23,0,44,0,0,412,8,420,0,21,435,8,464,636,4,640,1104
02/12/2023,BJC,CO,ANM,WE,Towers with Radar,0,30,30,0,60,0,0,229,0,229,0,30,259,0,289,392,0,392,681
02/13/2023,BJC,CO,ANM,WE,Towers with Radar,0,42,32,3,77,0,1,266,6,273,0,43,298,9,350,609,0,609,959
02/14/2023,BJC,CO,ANM,WE,Towers with Radar,0,32,12,0,44,0,2,24,0,26,0,34,36,0,70,34,0,34,104
02/15/2023,BJC,CO,ANM,WE,Towers with Radar,0,25,23,0,48,0,0,0,0,0,0,25,23,0,48,0,0,0,48
02/16/2023,BJC,CO,ANM,WE,Towers with Radar,0,51,49,0,100,0,1,325,2,328,0,52,374,2,428,653,0,653,1081
02/17/2023,BJC,CO,ANM,WE,Towers with Radar,0,40,40,0,80,0,6,383,4,393,0,46,423,4,473,733,10,743,1216
02/18/2023,BJC,CO,ANM,WE,Towers with Radar,0,31,20,0,51,0,7,46,0,53,0,38,66,0,104,36,0,36,140
02/19/2023,BJC,CO,ANM,WE,Towers with Radar,0,21,23,0,44,0,7,19,0,26,0,28,42,0,70,11,0,11,81
02/20/2023,BJC,CO,ANM,WE,Towers with Radar,0,28,47,1,76,0,0,16,0,16,0,28,63,1,92,0,0,0,92
02/21/2023,BJC,CO,ANM,WE,Towers with Radar,0,27,50,0,77,0,28,98,0,126,0,55,148,0,203,196,0,196,399
02/22/2023,BJC,CO,ANM,WE,Towers with Radar,0,24,13,0,37,0,0,0,0,0,0,24,13,0,37,0,0,0,37
02/23/2023,BJC,CO,ANM,WE,Towers with Radar,0,33,57,0,90,0,49,85,2,136,0,82,142,2,226,462,6,468,694
02/24/2023,BJC,CO,ANM,WE,Towers with Radar,0,29,35,0,64,0,14,223,4,241,0,43,258,4,305,747,0,747,1052
02/25/2023,BJC,CO,ANM,WE,Towers with Radar,0,21,30,0,51,0,32,416,0,448,0,53,446,0,499,698,0,698,1197
02/26/2023,BJC,CO,ANM,WE,Towers with Radar,0,34,25,0,59,0,51,131,0,182,0,85,156,0,241,197,0,197,438
02/27/2023,BJC,CO,ANM,WE,Towers with Radar,0,40,41,0,81,0,22,79,0,101,0,62,120,0,182,107,0,107,289
02/28/2023,BJC,CO,ANM,WE,Towers with Radar,0,24,33,0,57,0,3,37,2,42,0,27,70,2,99,60,10,70,169
03/01/2023,BJC,CO,ANM,WE,Towers with Radar,0,44,65,4,113,0,51,128,0,179,0,95,193,4,292,328,0,328,620
03/02/2023,BJC,CO,ANM,WE,Towers with Radar,0,42,40,0,82,0,143,424,15,582,0,185,464,15,664,519,20,539,1203
03/03/2023,BJC,CO,ANM,WE,Towers with Radar,0,43,37,1,81,0,35,291,6,332,0,78,328,7,413,459,9,468,881
03/04/2023,BJC,CO,ANM,WE,Towers with Radar,0,25,31,3,59,0,56,277,0,333,0,81,308,3,392,541,0,541,933
03/05/2023,BJC,CO,ANM,WE,Towers with Radar,0,24,39,1,64,0,18,55,0,73,0,42,94,1,137,128,0,128,265
03/06/2023,BJC,CO,ANM,WE,Towers with Radar,0,30,59,0,89,0,15,336,8,359,0,45,395,8,448,501,35,536,984
03/07/2023,BJC,CO,ANM,WE,Towers with Radar,0,25,30,0,55,0,9,22,0,31,0,34,52,0,86,111,0,111,197
03/08/2023,BJC,CO,ANM,WE,Towers with Radar,0,28,36,0,64,0,64,122,5,191,0,92,158,5,255,582,5,587,842
03/09/2023,BJC,CO,ANM,WE,Towers with Radar,0,25,38,0,63,0,10,94,20,124,0,35,132,20,187,178,43,221,408
03/10/2023,BJC,CO,ANM,WE,Towers with Radar,0,38,50,1,89,0,44,297,6,347,0,82,347,7,436,624,1,625,1061
03/11/2023,BJC,CO,ANM,WE,Towers with Radar,0,23,23,0,46,0,27,61,0,88,0,50,84,0,134,46,0,46,180
03/12/2023,BJC,CO,ANM,WE,Towers with Radar,0,32,52,1,85,0,86,253,0,339,0,118,305,1,424,567,0,567,991
03/13/2023,BJC,CO,ANM,WE,Towers with Radar,0,30,48,5,83,0,99,364,13,476,0,129,412,18,559,746,19,765,1324
03/14/2023,BJC,CO,ANM,WE,Towers with Radar,0,30,37,0,67,0,102,313,10,425,0,132,350,10,492,297,4,301,793
03/15/2023,BJC,CO,ANM,WE,Towers with Radar,0,32,37,1,70,0,72,205,3,280,0,104,242,4,350,423,0,423,773
03/16/2023,BJC,CO,ANM,WE,Towers with Radar,0,34,37,1,72,0,29,55,2,86,0,63,92,3,158,222,0,222,380
03/17/2023,BJC,CO,ANM,WE,Towers with Radar,0,50,49,2,101,0,169,380,2,551,0,219,429,4,652,603,0,603,1255
03/18/2023,BJC,CO,ANM,WE,Towers with Radar,0,25,37,1,63,0,146,348,0,494,0,171,385,1,557,481,0,481,1038
03/19/2023,BJC,CO,ANM,WE,Towers with Radar,0,33,45,0,78,0,82,200,0,282,0,115,245,0,360,229,0,229,589
03/20/2023,BJC,CO,ANM,WE,Towers with Radar,0,34,45,0,79,0,127,320,0,447,0,161,365,0,526,510,0,510,1036
03/21/2023,BJC,CO,ANM,WE,Towers with Radar,0,25,31,0,56,0,79,225,7,311,0,104,256,7,367,278,0,278,645
03/22/2023,BJC,CO,ANM,WE,Towers with Radar,1,28,35,0,64,0,72,144,0,216,1,100,179,0,280,376,0,376,656
03/23/2023,BJC,CO,ANM,WE,Towers with Radar,0,43,45,0,88,0,85,207,5,297,0,128,252,5,385,432,9,441,826
03/24/2023,BJC,CO,ANM,WE,Towers with Radar,0,38,45,1,84,0,67,295,7,369,0,105,340,8,453,367,13,380,833
03/25/2023,BJC,CO,ANM,WE,Towers with Radar,0,29,31,2,62,0,0,16,2,18,0,29,47,4,80,3,0,3,83
03/26/2023,BJC,CO,ANM,WE,Towers with Radar,0,32,52,1,85,0,124,304,3,431,0,156,356,4,516,511,0,511,1027
03/27/2023,BJC,CO,ANM,WE,Towers with Radar,0,21,32,2,55,0,36,90,2,128,0,57,122,4,183,187,6,193,376
03/28/2023,BJC,CO,ANM,WE,Towers with Radar,0,31,52,1,84,0,161,413,22,596,0,192,465,23,680,576,9,585,1265
03/29/2023,BJC,CO,ANM,WE,Towers with Radar,0,22,46,1,69,0,105,382,16,503,0,127,428,17,572,611,6,617,1189
03/30/2023,BJC,CO,ANM,WE,Towers with Radar,0,29,38,1,68,0,9,48,1,58,0,38,86,2,126,91,0,91,217
03/31/2023,BJC,CO,ANM,WE,Towers with Radar,0,22,22,1,45,0,1,4,0,5,0,23,26,1,50,3,0,3,53
04/01/2023,BJC,CO,ANM,WE,Towers with Radar,0,46,29,0,75,0,19,117,3,139,0,65,146,3,214,94,0,94,308
04/02/2023,BJC,CO,ANM,WE,Towers with Radar,0,43,21,1,65,0,67,101,0,168,0,110,122,1,233,322,0,322,555
04/03/2023,BJC,CO,ANM,WE,Towers with Radar,0,36,37,2,75,0,128,270,10,408,0,164,307,12,483,479,31,510,993
04/04/2023,BJC,CO,ANM,WE,Towers with Radar,0,20,26,0,46,0,0,0,0,0,0,20,26,0,46,0,0,0,46
04/05/2023,BJC,CO,ANM,WE,Towers with Radar,0,39,43,2,84,0,102,270,9,381,0,141,313,11,465,518,14,532,997
04/06/2023,BJC,CO,ANM,WE,Towers with Radar,0,42,57,0,99,0,177,382,6,565,0,219,439,6,664,586,0,586,1250
04/07/2023,BJC,CO,ANM,WE,Towers with Radar,0,33,50,0,83,0,219,477,12,708,0,252,527,12,791,692,16,708,1499
04/08/2023,BJC,CO,ANM,WE,Towers with Radar,0,25,28,0,53,0,165,388,3,556,0,190,416,3,609,597,4,601,1210
04/09/2023,BJC,CO,ANM,WE,Towers with Radar,0,31,38,0,69,0,106,225,0,331,0,137,263,0,400,340,0,340,740
04/10/2023,BJC,CO,ANM,WE,Towers with Radar,0,26,42,0,68,0,169,362,9,540,0,195,404,9,608,696,45,741,1349
04/11/2023,BJC,CO,ANM,WE,Towers with Radar,0,29,47,1,77,0,245,398,8,651,0,274,445,9,728,531,9,540,1268
04/12/2023,BJC,CO,ANM,WE,Towers with Radar,0,40,48,5,93,5,74,310,16,405,5,114,358,21,498,506,22,528,1026
04/13/2023,BJC,CO,ANM,WE,Towers with Radar,0,40,49,0,89,0,82,236,0,318,0,122,285,0,407,454,0,454,861
04/14/2023,BJC,CO,ANM,WE,Towers with Radar,0,40,29,1,70,0,1,4,0,5,0,41,33,1,75,14,0,14,89
04/15/2023,BJC,CO,ANM,WE,Towers with Radar,0,20,19,1,40,0,27,213,4,244,0,47,232,5,284,301,0,301,585
04/16/2023,BJC,CO,ANM,WE,Towers with Radar,0,46,37,2,85,0,47,341,5,393,0,93,378,7,478,693,0,693,1171
04/17/2023,BJC,CO,ANM,WE,Towers with Radar,0,38,45,2,85,0,24,382,12,418,0,62,427,14,503,584,0,584,1087
04/18/2023,BJC,CO,ANM,WE,Towers with Radar,0,40,38,1,79,0,16,178,12,206,0,56,216,13,285,423,0,423,708
04/19/2023,BJC,CO,ANM,WE,Towers with Radar,0,24,47,0,71,0,6,165,0,171,0,30,212,0,242,371,0,371,613
04/20/2023,BJC,CO,ANM,WE,Towers with Radar,0,41,48,0,89,0,10,42,16,68,0,51,90,16,157,46,0,46,203
04/21/2023,BJC,CO,ANM,WE,Towers with Radar,0,37,49,0,86,0,11,107,3,121,0,48,156,3,207,78,1,79,286
04/22/2023,BJC,CO,ANM,WE,Towers with Radar,0,27,13,0,40,0,3,7,0,10,0,30,20,0,50,49,0,49,99
04/23/2023,BJC,CO,ANM,WE,Towers with Radar,0,38,40,0,78,0,33,395,5,433,0,71,435,5,511,608,4,612,1123
04/24/2023,BJC,CO,ANM,WE,Towers with Radar,0,35,40,2,77,0,25,368,5,398,0,60,408,7,475,729,13,742,1217
04/25/2023,BJC,CO,ANM,WE,Towers with Radar,0,39,50,0,89,0,2,104,3,109,0,41,154,3,198,413,13,426,624
04/26/2023,BJC,CO,ANM,WE,Towers with Radar,0,22,98,0,120,0,10,185,3,198,0,32,283,3,318,656,0,656,974
04/27/2023,BJC,CO,ANM,WE,Towers with Radar,0,37,52,2,91,0,6,199,12,217,0,43,251,14,308,194,8,202,510
04/28/2023,BJC,CO,ANM,WE,Towers with Radar,0,28,34,0,62,1,19,288,4,312,1,47,322,4,374,610,4,614,988
04/29/2023,BJC,CO,ANM,WE,Towers with Radar,0,16,41,1,58,0,23,301,0,324,0,39,342,1,382,423,0,423,805
04/30/2023,BJC,CO,ANM,WE,Towers with Radar,0,39,42,0,81,0,22,301,2,325,0,61,343,2,406,550,0,550,956
05/01/2023,BJC,CO,ANM,WE,Towers with Radar,0,44,57,2,103,0,21,337,6,364,0,65,394,8,467,741,14,755,1222
05/02/2023,BJC,CO,ANM,WE,Towers with Radar,0,33,63,1,97,0,59,303,2,364,0,92,366,3,461,511,25,536,997
05/03/2023,BJC,CO,ANM,WE,Towers with Radar,0,38,47,0,85,0,37,373,4,414,0,75,420,4,499,588,4,592,1091
05/04/2023,BJC,CO,ANM,WE,Towers with Radar,0,45,43,0,88,0,8,103,4,115,0,53,146,4,203,393,8,401,604
05/05/2023,BJC,CO,ANM,WE,Towers with Radar,0,40,49,0,89,0,24,296,5,325,0,64,345,5,414,497,8,505,919
05/06/2023,BJC,CO,ANM,WE,Towers with Radar,0,32,39,0,71,0,34,197,0,231,0,66,236,0,302,514,0,514,816
05/07/2023,BJC,CO,ANM,WE,Towers with Radar,0,41,32,2,75,0,33,232,0,265,0,74,264,2,340,471,0,471,811
05/08/2023,BJC,CO,ANM,WE,Towers with Radar,0,27,30,0,57,0,41,294,11,346,0,68,324,11,403,614,18,632,1035
05/09/2023,BJC,CO,ANM,WE,Towers with Radar,0,40,37,0,77,0,51,344,5,400,0,91,381,5,477,196,0,196,673
05/10/2023,BJC,CO,ANM,WE,Towers with Radar,0,62,110,1,173,0,0,5,0,5,0,62,115,1,178,12,0,12,190
05/11/2023,BJC,CO,ANM,WE,Towers with Radar,0,49,61,0,110,0,0,8,0,8,0,49,69,0,118,48,0,48,166
05/12/2023,BJC,CO,ANM,WE,Towers with Radar,0,52,60,1,113,0,14,87,0,101,0,66,147,1,214,302,0,302,516
05/13/2023,BJC,CO,ANM,WE,Towers with Radar,0,41,37,2,80,0,46,285,0,331,0,87,322,2,411,635,0,635,1046
05/14/2023,BJC,CO,ANM,WE,Towers with Radar,0,32,62,0,94,0,5,4,0,9,0,37,66,0,103,46,0,46,149
05/15/2023,BJC,CO,ANM,WE,Towers with Radar,0,48,124,2,174,0,6,108,2,116,0,54,232,4,290,679,0,679,969
05/16/2023,BJC,CO,ANM,WE,Towers with Radar,0,37,39,0,76,0,38,334,2,374,0,75,373,2,450,591,6,597,1047
05/17/2023,BJC,CO,ANM,WE,Towers with Radar,0,28,47,1,76,0,55,341,13,409,0,83,388,14,485,695,26,721,1206
05/18/2023,BJC,CO,ANM,WE,Towers with Radar,0,53,77,0,130,0,8,97,1,106,0,61,174,1,236,560,0,560,796
05/19/2023,BJC,CO,ANM,WE,Towers with Radar,0,42,114,4,160,0,0,1,0,1,0,42,115,4,161,0,0,0,161
05/20/2023,BJC,CO,ANM,WE,Towers with Radar,0,34,93,0,127,0,1,10,0,11,0,35,103,0,138,36,0,36,174
05/21/2023,BJC,CO,ANM,WE,Towers with Radar,0,38,43,0,81,0,30,329,0,359,0,68,372,0,440,431,2,433,873
05/22/2023,BJC,CO,ANM,WE,Towers with Radar,0,51,44,0,95,0,26,333,3,362,0,77,377,3,457,807,2,809,1266
05/23/2023,BJC,CO,ANM,WE,Towers with Radar,0,39,66,3,108,0,19,433,4,456,0,58,499,7,564,871,8,879,1443
05/24/2023,BJC,CO,ANM,WE,Towers with Radar,0,39,98,0,137,0,6,124,9,139,0,45,222,9,276,552,8,560,836
05/25/2023,BJC,CO,ANM,WE,Towers with Radar,0,45,55,2,102,0,16,276,3,295,0,61,331,5,397,681,0,681,1078
05/26/2023,BJC,CO,ANM,WE,Towers with Radar,0,56,61,0,117,0,16,253,0,269,0,72,314,0,386,692,0,692,1078
05/27/2023,BJC,CO,ANM,WE,Towers with Radar,0,38,29,1,68,0,22,254,0,276,0,60,283,1,344,504,0,504,848
05/28/2023,BJC,CO,ANM,WE,Towers with Radar,0,41,19,0,60,0,26,216,1,243,0,67,235,1,303,264,0,264,567
05/29/2023,BJC,CO,ANM,WE,Towers with Radar,0,38,50,0,88,0,23,293,0,316,0,61,343,0,404,457,0,457,861
05/30/2023,BJC,CO,ANM,WE,Towers with Radar,0,34,36,0,70,0,7,264,0,271,0,41,300,0,341,417,0,417,758
05/31/2023,BJC,CO,ANM,WE,Towers with Radar,0,34,38,2,74,0,19,242,4,265,0,53,280,6,339,570,8,578,917
06/01/2023,BJC,CO,ANM,WE,Towers with Radar,0,52,58,0,110,0,23,204,0,227,0,75,262,0,337,681,0,681,1018
06/02/2023,BJC,CO,ANM,WE,Towers with Radar,0,31,34,1,66,0,40,252,5,297,0,71,286,6,363,258,0,258,621
06/03/2023,BJC,CO,ANM,WE,Towers with Radar,0,40,70,0,110,0,5,25,0,30,0,45,95,0,140,205,0,205,345
06/04/2023,BJC,CO,ANM,WE,Towers with Radar,0,34,60,0,94,0,0,3,0,3,0,34,63,0,97,5,0,5,102
06/05/2023,BJC,CO,ANM,WE,Towers with Radar,0,41,80,1,122,0,3,128,0,131,0,44,208,1,253,456,0,456,709
06/06/2023,BJC,CO,ANM,WE,Towers with Radar,0,32,26,0,58,0,15,357,3,375,0,47,383,3,433,906,12,918,1351
06/07/2023,BJC,CO,ANM,WE,Towers with Radar,0,36,45,0,81,0,16,281,11,308,0,52,326,11,389,577,7,584,973
06/08/2023,BJC,CO,ANM,WE,Towers with Radar,0,47,47,0,94,0,23,378,5,406,0,70,425,5,500,678,7,685,1185
06/09/2023,BJC,CO,ANM,WE,Towers with Radar,0,43,61,1,105,0,34,287,5,326,0,77,348,6,431,542,3,545,976
06/10/2023,BJC,CO,ANM,WE,Towers with Radar,0,26,33,1,60,0,28,298,0,326,0,54,331,1,386,594,0,594,980
06/11/2023,BJC,CO,ANM,WE,Towers with Radar,0,39,58,0,97,0,6,62,0,68,0,45,120,0,165,550,0,550,715
06/12/2023,BJC,CO,ANM,WE,Towers with Radar,0,44,49,2,95,0,2,53,0,55,0,46,102,2,150,177,0,177,327
06/13/2023,BJC,CO,ANM,WE,Towers with Radar,0,37,82,0,119,0,16,88,2,106,0,53,170,2,225,329,0,329,554
06/14/2023,BJC,CO,ANM,WE,Towers with Radar,0,26,42,0,68,0,147,339,2,488,0,173,381,2,556,645,2,647,1203
06/15/2023,BJC,CO,ANM,WE,Towers with Radar,0,43,46,2,91,0,20,266,2,288,0,63,312,4,379,483,14,497,876
06/16/2023,BJC,CO,ANM,WE,Towers with Radar,0,40,96,0,136,0,6,44,0,50,0,46,140,0,186,104,0,104,290
06/17/2023,BJC,CO,ANM,WE,Towers with Radar,0,31,44,0,75,0,19,210,0,229,0,50,254,0,304,731,0,731,1035
06/18/2023,BJC,CO,ANM,WE,Towers with Radar,0,44,39,2,85,0,37,242,0,279,0,81,281,2,364,555,0,555,919
06/19/2023,BJC,CO,ANM,WE,Towers with Radar,0,51,56,2,109,0,23,391,2,416,0,74,447,4,525,540,0,540,1065
06/20/2023,BJC,CO,ANM,WE,Towers with Radar,0,34,48,0,82,0,31,397,7,435,0,65,445,7,517,628,3,631,1148
06/21/2023,BJC,CO,ANM,WE,Towers with Radar,0,29,86,0,115,0,13,183,0,196,0,42,269,0,311,551,2,553,864
06/22/2023,BJC,CO,ANM,WE,Towers with Radar,0,35,41,0,76,0,14,239,7,260,0,49,280,7,336,381,0,381,717
06/23/2023,BJC,CO,ANM,WE,Towers with Radar,0,50,71,0,121,0,10,265,0,275,0,60,336,0,396,786,0,786,1182
06/24/2023,BJC,CO,ANM,WE,Towers with Radar,0,29,29,0,58,0,10,158,4,172,0,39,187,4,230,193,0,193,423
06/25/2023,BJC,CO,ANM,WE,Towers with Radar,0,43,44,0,87,0,5,79,0,84,0,48,123,0,171,53,0,53,224
06/26/2023,BJC,CO,ANM,WE,Towers with Radar,0,55,48,4,107,0,21,368,2,391,0,76,416,6,498,675,6,681,1179
06/27/2023,BJC,CO,ANM,WE,Towers with Radar,0,36,59,0,95,0,22,182,7,211,0,58,241,7,306,421,2,423,729
06/28/2023,BJC,CO,ANM,WE,Towers with Radar,0,36,45,3,84,0,30,394,6,430,0,66,439,9,514,667,4,671,1185
06/29/2023,BJC,CO,ANM,WE,Towers with Radar,0,49,58,0,107,0,12,228,2,242,0,61,286,2,349,580,0,580,929
06/30/2023,BJC,CO,ANM,WE,Towers with Radar,0,52,39,0,91,0,4,103,0,107,0,56,142,0,198,221,0,221,419
07/01/2023,BJC,CO,ANM,WE,Towers with Radar,0,62,37,0,99,0,40,359,0,399,0,102,396,0,498,307,0,307,805
07/02/2023,BJC,CO,ANM,WE,Towers with Radar,0,39,33,0,72,0,22,190,0,212,0,61,223,0,284,340,0,340,624
07/03/2023,BJC,CO,ANM,WE,Towers with Radar,0,31,34,0,65,0,17,266,0,283,0,48,300,0,348,379,0,379,727
07/04/2023,BJC,CO,ANM,WE,Towers with Radar,0,32,12,0,44,0,9,158,0,167,0,41,170,0,211,269,0,269,480
07/05/2023,BJC,CO,ANM,WE,Towers with Radar,0,34,81,0,115,0,0,0,0,0,0,34,81,0,115,0,0,0,115
07/06/2023,BJC,CO,ANM,WE,Towers with Radar,0,35,71,1,107,0,5,98,0,103,0,40,169,1,210,409,0,409,619
07/07/2023,BJC,CO,ANM,WE,Towers with Radar,0,29,58,5,92,0,19,251,1,271,0,48,309,6,363,532,2,534,897
07/08/2023,BJC,CO,ANM,WE,Towers with Radar,0,43,34,0,77,0,30,268,0,298,0,73,302,0,375,213,0,213,588
07/09/2023,BJC,CO,ANM,WE,Towers with Radar,0,43,37,3,83,0,17,192,0,209,0,60,229,3,292,321,0,321,613
07/10/2023,BJC,CO,ANM,WE,Towers with Radar,0,42,43,4,89,0,31,286,0,317,0,73,329,4,406,495,0,495,901
07/11/2023,BJC,CO,ANM,WE,Towers with Radar,0,32,37,1,70,0,42,296,6,344,0,74,333,7,414,545,4,549,963
07/12/2023,BJC,CO,ANM,WE,Towers with Radar,0,38,67,2,107,0,32,383,13,428,0,70,450,15,535,578,4,582,1117
07/13/2023,BJC,CO,ANM,WE,Towers with Radar,0,49,37,1,87,0,35,357,2,394,0,84,394,3,481,745,0,745,1226
07/14/2023,BJC,CO,ANM,WE,Towers with Radar,0,52,48,1,101,0,21,345,16,382,0,73,393,17,483,457,20,477,960
07/15/2023,BJC,CO,ANM,WE,Towers with Radar,0,35,40,1,76,0,27,323,1,351,0,62,363,2,427,688,0,688,1115
07/16/2023,BJC,CO,ANM,WE,Towers with Radar,0,42,40,2,84,0,26,244,0,270,0,68,284,2,354,444,0,444,798
07/17/2023,BJC,CO,ANM,WE,Towers with Radar,0,44,26,1,71,0,18,339,3,360,0,62,365,4,431,163,0,163,594
07/18/2023,BJC,CO,ANM,WE,Towers with Radar,0,30,50,0,80,0,15,240,0,255,0,45,290,0,335,97,0,97,432
07/19/2023,BJC,CO,ANM,WE,Towers with Radar,0,34,43,2,79,0,12,303,4,319,0,46,346,6,398,251,12,263,661
07/20/2023,BJC,CO,ANM,WE,Towers with Radar,0,43,46,0,89,0,13,134,2,149,0,56,180,2,238,272,0,272,510
07/21/2023,BJC,CO,ANM,WE,Towers with Radar,0,49,83,0,132,0,16,266,1,283,0,65,349,1,415,599,0,599,1014
07/22/2023,BJC,CO,ANM,WE,Towers with Radar,0,27,25,0,52,0,31,296,1,328,0,58,321,1,380,540,0,540,920
07/23/2023,BJC,CO,ANM,WE,Towers with Radar,0,50,28,0,78,0,28,225,0,253,0,78,253,0,331,311,0,311,642
07/24/2023,BJC,CO,ANM,WE,Towers with Radar,0,64,44,2,110,0,22,245,19,286,0,86,289,21,396,410,36,446,842
07/25/2023,BJC,CO,ANM,WE,Towers with Radar,0,26,48,0,74,0,19,219,6,244,0,45,267,6,318,443,14,457,775
07/26/2023,BJC,CO,ANM,WE,Towers with Radar,0,38,43,0,81,0,31,260,6,297,0,69,303,6,378,524,5,529,907
07/27/2023,BJC,CO,ANM,WE,Towers with Radar,0,41,36,0,77,0,23,307,14,344,0,64,343,14,421,542,23,565,986
07/28/2023,BJC,CO,ANM,WE,Towers with Radar,1,51,42,3,97,0,21,314,9,344,1,72,356,12,441,401,13,414,855
07/29/2023,BJC,CO,ANM,WE,Towers with Radar,0,32,30,0,62,0,15,229,1,245,0,47,259,1,307,381,0,381,688
07/30/2023,BJC,CO,ANM,WE,Towers with Radar,0,46,44,1,91,0,15,245,1,261,0,61,289,2,352,453,0,453,805
07/31/2023,BJC,CO,ANM,WE,Towers with Radar,0,47,80,1,128,0,4,122,0,126,0,51,202,1,254,431,0,431,685
08/01/2023,BJC,CO,ANM,WE,Towers with Radar,0,40,48,1,89,0,18,270,0,288,0,58,318,1,377,723,0,723,1100
08/02/2023,BJC,CO,ANM,WE,Towers with Radar,0,35,41,4,80,0,21,307,11,339,0,56,348,15,419,515,25,540,959
08/03/2023,BJC,CO,ANM,WE,Towers with Radar,0,53,36,1,90,0,20,391,19,430,0,73,427,20,520,551,33,584,1104
08/04/2023,BJC,CO,ANM,WE,Towers with Radar,0,44,35,1,80,0,27,405,8,440,0,71,440,9,520,692,14,706,1226
08/05/2023,BJC,CO,ANM,WE,Towers with Radar,0,31,23,2,56,0,21,295,0,316,0,52,318,2,372,459,0,459,831
08/06/2023,BJC,CO,ANM,WE,Towers with Radar,0,41,70,1,112,0,2,97,1,100,0,43,167,2,212,281,0,281,493
08/07/2023,BJC,CO,ANM,WE,Towers with Radar,0,38,40,1,79,0,26,296,3,325,0,64,336,4,404,485,3,488,892
08/08/2023,BJC,CO,ANM,WE,Towers with Radar,0,37,60,0,97,0,37,298,3,338,0,74,358,3,435,843,4,847,1282
08/09/2023,BJC,CO,ANM,WE,Towers with Radar,0,33,61,0,94,0,26,396,4,426,0,59,457,4,520,676,9,685,1205
08/10/2023,BJC,CO,ANM,WE,Towers with Radar,0,57,59,0,116,0,32,311,0,343,0,89,370,0,459,457,0,457,916
08/11/2023,BJC,CO,ANM,WE,Towers with Radar,0,49,46,0,95,0,47,382,0,429,0,96,428,0,524,559,0,559,1083
08/12/2023,BJC,CO,ANM,WE,Towers with Radar,0,19,45,0,64,0,27,312,2,341,0,46,357,2,405,521,0,521,926
08/13/2023,BJC,CO,ANM,WE,Towers with Radar,0,40,38,0,78,0,16,131,0,147,0,56,169,0,225,164,0,164,389
08/14/2023,BJC,CO,ANM,WE,Towers with Radar,0,36,58,0,94,0,38,365,9,412,0,74,423,9,506,706,18,724,1230
08/15/2023,BJC,CO,ANM,WE,Towers with Radar,0,35,41,0,76,0,36,412,11,459,0,71,453,11,535,707,3,710,1245
08/16/2023,BJC,CO,ANM,WE,Towers with Radar,0,37,55,0,92,0,27,283,7,317,0,64,338,7,409,482,0,482,891
08/17/2023,BJC,CO,ANM,WE,Towers with Radar,0,44,56,0,100,0,52,334,17,403,0,96,390,17,503,649,32,681,1184
08/18/2023,BJC,CO,ANM,WE,Towers with Radar,0,40,47,2,89,0,30,299,0,329,0,70,346,2,418,394,0,394,812
08/19/2023,BJC,CO,ANM,WE,Towers with Radar,0,22,20,0,42,0,30,254,0,284,0,52,274,0,326,518,0,518,844
08/20/2023,BJC,CO,ANM,WE,Towers with Radar,0,44,53,1,98,0,34,221,0,255,0,78,274,1,353,423,0,423,776
08/21/2023,BJC,CO,ANM,WE,Towers with Radar,0,49,57,0,106,0,17,251,2,270,0,66,308,2,376,389,2,391,767
08/22/2023,BJC,CO,ANM,WE,Towers with Radar,0,45,47,0,92,0,43,329,5,377,0,88,376,5,469,435,14,449,918
08/23/2023,BJC,CO,ANM,WE,Towers with Radar,0,31,49,1,81,0,27,319,0,346,0,58,368,1,427,574,0,574,1001
08/24/2023,BJC,CO,ANM,WE,Towers with Radar,0,54,52,2,108,0,40,348,13,401,0,94,400,15,509,545,21,566,1075
08/25/2023,BJC,CO,ANM,WE,Towers with Radar,0,39,55,8,102,0,11,46,2,59,0,50,101,10,161,286,0,286,447
08/26/2023,BJC,CO,ANM,WE,Towers with Radar,0,35,48,0,83,0,15,128,0,143,0,50,176,0,226,391,0,391,617
08/27/2023,BJC,CO,ANM,WE,Towers with Radar,0,50,26,0,76,0,17,244,4,265,0,67,270,4,341,411,0,411,752
08/28/2023,BJC,CO,ANM,WE,Towers with Radar,0,46,51,1,98,0,15,171,1,187,0,61,222,2,285,495,0,495,780
08/29/2023,BJC,CO,ANM,WE,Towers with Radar,0,42,51,0,93,0,37,422,9,468,0,79,473,9,561,833,28,861,1422
08/30/2023,BJC,CO,ANM,WE,Towers with Radar,0,33,44,0,77,0,42,399,11,452,0,75,443,11,529,791,6,797,1326
08/31/2023,BJC,CO,ANM,WE,Towers with Radar,0,38,62,1,101,0,33,321,18,372,0,71,383,19,473,569,10,579,1052
