01/01/2020,BKL,OH,AGL,CE,Federal Contract Tower,0,2,5,0,7,0,13,18,0,31,0,15,23,0,38,32,0,32,70
01/02/2020,BKL,OH,AGL,CE,Federal Contract Tower,0,5,12,0,17,0,9,6,0,15,0,14,18,0,32,28,0,28,60
01/03/2020,BKL,OH,AGL,CE,Federal Contract Tower,0,8,2,0,10,0,4,0,0,4,0,12,2,0,14,0,0,0,14
01/04/2020,BKL,OH,AGL,CE,Federal Contract Tower,0,1,1,0,2,0,0,0,0,0,0,1,1,0,2,0,0,0,2
01/05/2020,BKL,OH,AGL,CE,Federal Contract Tower,0,5,7,0,12,0,9,17,0,26,0,14,24,0,38,28,0,28,66
01/06/2020,BKL,OH,AGL,CE,Federal Contract Tower,0,11,10,0,21,0,10,25,0,35,0,21,35,0,56,42,0,42,98
01/07/2020,BKL,OH,AGL,CE,Federal Contract Tower,0,8,16,0,24,0,14,37,0,51,0,22,53,0,75,28,0,28,103
01/08/2020,BKL,OH,AGL,CE,Federal Contract Tower,0,25,5,0,30,0,0,3,0,3,0,25,8,0,33,0,0,0,33
01/09/2020,BKL,OH,AGL,CE,Federal Contract Tower,0,11,13,0,24,0,13,23,0,36,0,24,36,0,60,0,0,0,60
01/10/2020,BKL,OH,AGL,CE,Federal Contract Tower,0,11,3,0,14,0,7,3,0,10,0,18,6,0,24,0,0,0,24
01/11/2020,BKL,OH,AGL,CE,Federal Contract Tower,0,3,6,0,9,0,9,2,0,11,0,12,8,0,20,0,0,0,20
01/12/2020,BKL,OH,AGL,CE,Federal Contract Tower,0,13,7,0,20,0,8,3,0,11,0,21,10,0,31,42,0,42,73
01/13/2020,BKL,OH,AGL,CE,Federal Contract Tower,0,13,19,0,32,0,8,9,0,17,0,21,28,0,49,18,0,18,67
01/14/2020,BKL,OH,AGL,CE,Federal Contract Tower,0,12,17,4,33,0,2,18,0,20,0,14,35,4,53,10,0,10,63
01/15/2020,BKL,OH,AGL,CE,Federal Contract Tower,0,14,21,1,36,0,5,16,0,21,0,19,37,1,57,14,0,14,71
01/16/2020,BKL,OH,AGL,CE,Federal Contract Tower,0,12,22,0,34,0,2,2,0,4,0,14,24,0,38,0,0,0,38
01/17/2020,BKL,OH,AGL,CE,Federal Contract Tower,0,13,17,0,30,0,1,16,0,17,0,14,33,0,47,70,0,70,117
01/18/2020,BKL,OH,AGL,CE,Federal Contract Tower,0,4,6,0,10,0,2,2,0,4,0,6,8,0,14,6,0,6,20
01/19/2020,BKL,OH,AGL,CE,Federal Contract Tower,0,2,5,0,7,0,0,0,0,0,0,2,5,0,7,0,0,0,7
01/20/2020,BKL,OH,AGL,CE,Federal Contract Tower,0,7,5,0,12,0,0,4,0,4,0,7,9,0,16,24,0,24,40
01/21/2020,BKL,OH,AGL,CE,Federal Contract Tower,0,17,3,0,20,0,7,14,0,21,0,24,17,0,41,22,0,22,63
01/22/2020,BKL,OH,AGL,CE,Federal Contract Tower,0,15,24,0,39,0,11,34,0,45,0,26,58,0,84,20,0,20,104
01/23/2020,BKL,OH,AGL,CE,Federal Contract Tower,0,15,17,1,33,0,6,14,1,21,0,21,31,2,54,10,0,10,64
01/24/2020,BKL,OH,AGL,CE,Federal Contract Tower,0,11,11,0,22,0,3,8,0,11,0,14,19,0,33,44,0,44,77
01/25/2020,BKL,OH,AGL,CE,Federal Contract Tower,0,10,1,0,11,0,4,8,0,12,0,14,9,0,23,14,0,14,37
01/26/2020,BKL,OH,AGL,CE,Federal Contract Tower,0,3,6,0,9,0,2,5,0,7,0,5,11,0,16,26,0,26,42
01/27/2020,BKL,OH,AGL,CE,Federal Contract Tower,0,12,11,0,23,0,4,0,0,4,0,16,11,0,27,40,0,40,67
01/28/2020,BKL,OH,AGL,CE,Federal Contract Tower,0,16,11,0,27,0,0,4,0,4,0,16,15,0,31,20,0,20,51
01/29/2020,BKL,OH,AGL,CE,Federal Contract Tower,0,19,18,0,37,0,11,13,2,26,0,30,31,2,63,10,0,10,73
01/30/2020,BKL,OH,AGL,CE,Federal Contract Tower,0,10,14,3,27,0,21,10,0,31,0,31,24,3,58,22,0,22,80
01/31/2020,BKL,OH,AGL,CE,Federal Contract Tower,0,8,25,2,35,0,12,20,0,32,0,20,45,2,67,20,0,20,87
02/01/2020,BKL,OH,AGL,CE,Federal Contract Tower,0,11,8,0,19,0,1,1,0,2,0,12,9,0,21,12,0,12,33
02/02/2020,BKL,OH,AGL,CE,Federal Contract Tower,0,4,12,0,16,0,6,19,0,25,0,10,31,0,41,34,0,34,75
02/03/2020,BKL,OH,AGL,CE,Federal Contract Tower,0,21,14,0,35,0,8,40,0,48,0,29,54,0,83,78,0,78,161
02/04/2020,BKL,OH,AGL,CE,Federal Contract Tower,0,19,26,0,45,0,16,8,0,24,0,35,34,0,69,20,0,20,89
02/05/2020,BKL,OH,AGL,CE,Federal Contract Tower,0,18,17,0,35,0,3,25,0,28,0,21,42,0,63,46,0,46,109
02/06/2020,BKL,OH,AGL,CE,Federal Contract Tower,0,6,2,0,8,0,0,0,0,0,0,6,2,0,8,0,0,0,8
02/07/2020,BKL,OH,AGL,CE,Federal Contract Tower,0,11,2,0,13,0,0,0,0,0,0,11,2,0,13,0,0,0,13
02/08/2020,BKL,OH,AGL,CE,Federal Contract Tower,0,2,4,0,6,1,0,0,0,1,1,2,4,0,7,0,0,0,7
02/09/2020,BKL,OH,AGL,CE,Federal Contract Tower,0,3,4,0,7,0,8,25,0,33,0,11,29,0,40,32,0,32,72
02/10/2020,BKL,OH,AGL,CE,Federal Contract Tower,0,10,8,0,18,0,0,0,0,0,0,10,8,0,18,0,0,0,18
02/11/2020,BKL,OH,AGL,CE,Federal Contract Tower,0,23,10,0,33,0,6,16,0,22,0,29,26,0,55,16,0,16,71
02/12/2020,BKL,OH,AGL,CE,Federal Contract Tower,0,13,22,0,35,0,25,19,0,44,0,38,41,0,79,18,0,18,97
02/13/2020,BKL,OH,AGL,CE,Federal Contract Tower,0,16,11,0,27,0,0,0,0,0,0,16,11,0,27,0,0,0,27
02/14/2020,BKL,OH,AGL,CE,Federal Contract Tower,0,11,12,0,23,0,10,12,0,22,0,21,24,0,45,0,0,0,45
02/15/2020,BKL,OH,AGL,CE,Federal Contract Tower,0,10,8,0,18,0,8,21,0,29,0,18,29,0,47,12,0,12,59
02/16/2020,BKL,OH,AGL,CE,Federal Contract Tower,0,3,8,0,11,0,10,55,0,65,0,13,63,0,76,48,0,48,124
02/17/2020,BKL,OH,AGL,CE,Federal Contract Tower,0,13,15,0,28,0,10,31,0,41,0,23,46,0,69,58,0,58,127
02/18/2020,BKL,OH,AGL,CE,Federal Contract Tower,0,20,11,0,31,0,7,3,0,10,0,27,14,0,41,22,0,22,63
02/19/2020,BKL,OH,AGL,CE,Federal Contract Tower,0,16,22,2,40,0,12,29,0,41,0,28,51,2,81,58,0,58,139
02/20/2020,BKL,OH,AGL,CE,Federal Contract Tower,0,13,30,0,43,0,22,32,3,57,0,35,62,3,100,26,0,26,126
02/21/2020,BKL,OH,AGL,CE,Federal Contract Tower,0,5,14,0,19,0,5,40,4,49,0,10,54,4,68,10,0,10,78
02/22/2020,BKL,OH,AGL,CE,Federal Contract Tower,0,7,21,0,28,0,13,37,2,52,0,20,58,2,80,14,0,14,94
02/23/2020,BKL,OH,AGL,CE,Federal Contract Tower,1,2,2,0,5,0,11,61,0,72,1,13,63,0,77,62,0,62,139
02/24/2020,BKL,OH,AGL,CE,Federal Contract Tower,2,9,8,0,19,0,6,26,0,32,2,15,34,0,51,46,0,46,97
02/25/2020,BKL,OH,AGL,CE,Federal Contract Tower,1,14,2,0,17,0,1,0,0,1,1,15,2,0,18,4,0,4,22
02/26/2020,BKL,OH,AGL,CE,Federal Contract Tower,0,10,2,0,12,0,0,0,0,0,0,10,2,0,12,0,0,0,12
02/27/2020,BKL,OH,AGL,CE,Federal Contract Tower,0,12,4,0,16,0,2,0,0,2,0,14,4,0,18,0,0,0,18
02/28/2020,BKL,OH,AGL,CE,Federal Contract Tower,0,8,12,0,20,0,6,1,0,7,0,14,13,0,27,0,0,0,27
02/29/2020,BKL,OH,AGL,CE,Federal Contract Tower,0,2,1,0,3,0,4,8,0,12,0,6,9,0,15,14,0,14,29
03/01/2020,BKL,OH,AGL,CE,Federal Contract Tower,0,9,10,0,19,0,6,29,2,37,0,15,39,2,56,20,0,20,76
03/02/2020,BKL,OH,AGL,CE,Federal Contract Tower,0,15,16,0,31,0,2,11,0,13,0,17,27,0,44,0,0,0,44
03/03/2020,BKL,OH,AGL,CE,Federal Contract Tower,0,16,11,0,27,0,0,3,0,3,0,16,14,0,30,0,0,0,30
03/04/2020,BKL,OH,AGL,CE,Federal Contract Tower,0,17,23,0,40,0,8,9,0,17,0,25,32,0,57,0,0,0,57
03/05/2020,BKL,OH,AGL,CE,Federal Contract Tower,0,18,17,4,39,0,12,38,0,50,0,30,55,4,89,38,0,38,127
03/06/2020,BKL,OH,AGL,CE,Federal Contract Tower,0,15,15,5,35,0,10,9,2,21,0,25,24,7,56,4,0,4,60
03/07/2020,BKL,OH,AGL,CE,Federal Contract Tower,0,7,9,0,16,0,3,37,0,40,0,10,46,0,56,46,0,46,102
03/08/2020,BKL,OH,AGL,CE,Federal Contract Tower,0,9,10,0,19,0,7,38,0,45,0,16,48,0,64,48,0,48,112
03/09/2020,BKL,OH,AGL,CE,Federal Contract Tower,0,13,16,0,29,0,7,10,0,17,0,20,26,0,46,6,0,6,52
03/10/2020,BKL,OH,AGL,CE,Federal Contract Tower,0,15,15,1,31,0,3,4,0,7,0,18,19,1,38,0,0,0,38
03/11/2020,BKL,OH,AGL,CE,Federal Contract Tower,0,11,13,3,27,0,5,7,2,14,0,16,20,5,41,86,12,98,139
03/12/2020,BKL,OH,AGL,CE,Federal Contract Tower,0,8,16,0,24,0,6,23,0,29,0,14,39,0,53,18,0,18,71
03/13/2020,BKL,OH,AGL,CE,Federal Contract Tower,0,24,15,0,39,0,4,16,0,20,0,28,31,0,59,6,0,6,65
03/14/2020,BKL,OH,AGL,CE,Federal Contract Tower,0,14,3,0,17,0,4,35,0,39,0,18,38,0,56,20,0,20,76
03/15/2020,BKL,OH,AGL,CE,Federal Contract Tower,0,15,16,0,31,0,7,27,0,34,0,22,43,0,65,20,0,20,85
03/16/2020,BKL,OH,AGL,CE,Federal Contract Tower,0,9,17,0,26,0,9,19,0,28,0,18,36,0,54,26,0,26,80
03/17/2020,BKL,OH,AGL,CE,Federal Contract Tower,0,8,5,0,13,0,6,9,0,15,0,14,14,0,28,12,0,12,40
03/18/2020,BKL,OH,AGL,CE,Federal Contract Tower,0,5,6,0,11,0,7,23,0,30,0,12,29,0,41,14,0,14,55
03/19/2020,BKL,OH,AGL,CE,Federal Contract Tower,0,5,6,0,11,0,1,2,0,3,0,6,8,0,14,4,0,4,18
03/20/2020,BKL,OH,AGL,CE,Federal Contract Tower,0,3,7,0,10,0,1,6,2,9,0,4,13,2,19,0,0,0,19
03/21/2020,BKL,OH,AGL,CE,Federal Contract Tower,0,4,2,0,6,0,3,13,0,16,0,7,15,0,22,10,0,10,32
03/22/2020,BKL,OH,AGL,CE,Federal Contract Tower,0,1,1,0,2,0,12,28,0,40,0,13,29,0,42,20,0,20,62
03/23/2020,BKL,OH,AGL,CE,Federal Contract Tower,0,0,2,0,2,0,3,2,0,5,0,3,4,0,7,0,0,0,7
03/24/2020,BKL,OH,AGL,CE,Federal Contract Tower,0,3,4,0,7,0,8,2,0,10,0,11,6,0,17,0,0,0,17
03/25/2020,BKL,OH,AGL,CE,Federal Contract Tower,0,6,1,0,7,0,12,15,0,27,0,18,16,0,34,12,0,12,46
03/26/2020,BKL,OH,AGL,CE,Federal Contract Tower,0,2,2,0,4,0,3,1,0,4,0,5,3,0,8,0,0,0,8
03/27/2020,BKL,OH,AGL,CE,Federal Contract Tower,0,2,3,0,5,0,5,0,0,5,0,7,3,0,10,0,0,0,10
03/28/2020,BKL,OH,AGL,CE,Federal Contract Tower,0,2,2,0,4,0,0,0,0,0,0,2,2,0,4,0,0,0,4
03/29/2020,BKL,OH,AGL,CE,Federal Contract Tower,0,3,2,0,5,0,0,2,0,2,0,3,4,0,7,0,0,0,7
03/30/2020,BKL,OH,AGL,CE,Federal Contract Tower,0,2,2,0,4,0,0,2,0,2,0,2,4,0,6,0,0,0,6
03/31/2020,BKL,OH,AGL,CE,Federal Contract Tower,0,11,6,2,19,0,2,0,0,2,0,13,6,2,21,0,0,0,21
04/01/2020,BKL,OH,AGL,CE,Federal Contract Tower,0,0,5,0,5,0,2,0,0,2,0,2,5,0,7,0,0,0,7
04/02/2020,BKL,OH,AGL,CE,Federal Contract Tower,0,4,4,0,8,0,13,13,0,26,0,17,17,0,34,16,0,16,50
04/03/2020,BKL,OH,AGL,CE,Federal Contract Tower,0,2,5,2,9,0,5,12,0,17,0,7,17,2,26,4,8,12,38
04/04/2020,BKL,OH,AGL,CE,Federal Contract Tower,0,2,0,0,2,0,3,12,0,15,0,5,12,0,17,4,0,4,21
04/05/2020,BKL,OH,AGL,CE,Federal Contract Tower,0,4,4,0,8,0,3,3,0,6,0,7,7,0,14,0,0,0,14
04/06/2020,BKL,OH,AGL,CE,Federal Contract Tower,0,1,1,2,4,0,9,8,2,19,0,10,9,4,23,0,8,8,31
04/07/2020,BKL,OH,AGL,CE,Federal Contract Tower,0,6,4,0,10,0,7,0,0,7,0,13,4,0,17,0,0,0,17
04/08/2020,BKL,OH,AGL,CE,Federal Contract Tower,0,4,2,0,6,0,9,4,0,13,0,13,6,0,19,0,0,0,19
04/09/2020,BKL,OH,AGL,CE,Federal Contract Tower,0,3,3,0,6,0,4,6,0,10,0,7,9,0,16,2,0,2,18
04/10/2020,BKL,OH,AGL,CE,Federal Contract Tower,0,2,0,0,2,0,6,0,0,6,0,8,0,0,8,0,0,0,8
04/11/2020,BKL,OH,AGL,CE,Federal Contract Tower,0,3,3,0,6,0,6,11,0,17,0,9,14,0,23,22,0,22,45
04/12/2020,BKL,OH,AGL,CE,Federal Contract Tower,0,4,0,0,4,0,4,2,0,6,0,8,2,0,10,0,0,0,10
04/13/2020,BKL,OH,AGL,CE,Federal Contract Tower,0,8,1,0,9,0,3,0,0,3,0,11,1,0,12,0,0,0,12
04/14/2020,BKL,OH,AGL,CE,Federal Contract Tower,0,11,3,0,14,0,8,8,0,16,0,19,11,0,30,10,0,10,40
04/15/2020,BKL,OH,AGL,CE,Federal Contract Tower,0,1,1,0,2,0,4,9,0,13,0,5,10,0,15,8,0,8,23
04/16/2020,BKL,OH,AGL,CE,Federal Contract Tower,0,4,1,0,5,0,3,8,0,11,0,7,9,0,16,0,0,0,16
04/17/2020,BKL,OH,AGL,CE,Federal Contract Tower,0,2,0,0,2,0,4,0,0,4,0,6,0,0,6,0,0,0,6
04/18/2020,BKL,OH,AGL,CE,Federal Contract Tower,0,5,0,0,5,0,7,7,0,14,0,12,7,0,19,16,0,16,35
04/19/2020,BKL,OH,AGL,CE,Federal Contract Tower,0,3,2,0,5,0,5,6,1,12,0,8,8,1,17,0,0,0,17
04/20/2020,BKL,OH,AGL,CE,Federal Contract Tower,0,5,2,2,9,0,5,21,0,26,0,10,23,2,35,18,0,18,53
04/21/2020,BKL,OH,AGL,CE,Federal Contract Tower,0,6,2,0,8,0,14,4,0,18,0,20,6,0,26,8,0,8,34
04/22/2020,BKL,OH,AGL,CE,Federal Contract Tower,0,4,3,0,7,0,7,8,0,15,0,11,11,0,22,12,0,12,34
04/23/2020,BKL,OH,AGL,CE,Federal Contract Tower,0,5,7,0,12,0,12,5,2,19,0,17,12,2,31,2,0,2,33
04/24/2020,BKL,OH,AGL,CE,Federal Contract Tower,0,9,4,0,13,0,3,4,0,7,0,12,8,0,20,0,0,0,20
04/25/2020,BKL,OH,AGL,CE,Federal Contract Tower,0,7,2,0,9,0,3,19,0,22,0,10,21,0,31,12,0,12,43
04/26/2020,BKL,OH,AGL,CE,Federal Contract Tower,0,4,2,0,6,0,0,0,0,0,0,4,2,0,6,0,0,0,6
04/27/2020,BKL,OH,AGL,CE,Federal Contract Tower,0,3,0,0,3,0,6,20,2,28,0,9,20,2,31,30,0,30,61
04/28/2020,BKL,OH,AGL,CE,Federal Contract Tower,0,11,1,0,12,0,14,6,0,20,0,25,7,0,32,10,0,10,42
04/29/2020,BKL,OH,AGL,CE,Federal Contract Tower,0,5,3,0,8,0,8,3,0,11,0,13,6,0,19,0,0,0,19
04/30/2020,BKL,OH,AGL,CE,Federal Contract Tower,0,0,5,0,5,0,11,4,0,15,0,11,9,0,20,6,0,6,26
05/01/2020,BKL,OH,AGL,CE,Federal Contract Tower,0,4,13,2,19,0,6,11,0,17,0,10,24,2,36,8,0,8,44
05/02/2020,BKL,OH,AGL,CE,Federal Contract Tower,0,4,4,0,8,0,9,12,0,21,0,13,16,0,29,8,0,8,37
05/03/2020,BKL,OH,AGL,CE,Federal Contract Tower,0,3,7,0,10,0,6,15,0,21,0,9,22,0,31,20,0,20,51
05/04/2020,BKL,OH,AGL,CE,Federal Contract Tower,0,3,11,0,14,0,8,18,0,26,0,11,29,0,40,0,0,0,40
05/05/2020,BKL,OH,AGL,CE,Federal Contract Tower,0,7,3,4,14,0,16,16,0,32,0,23,19,4,46,4,0,4,50
05/06/2020,BKL,OH,AGL,CE,Federal Contract Tower,0,6,3,0,9,0,12,7,0,19,0,18,10,0,28,12,2,14,42
05/07/2020,BKL,OH,AGL,CE,Federal Contract Tower,0,8,8,0,16,0,12,10,0,22,0,20,18,0,38,0,0,0,38
05/08/2020,BKL,OH,AGL,CE,Federal Contract Tower,0,0,10,0,10,0,6,10,0,16,0,6,20,0,26,0,0,0,26
05/09/2020,BKL,OH,AGL,CE,Federal Contract Tower,0,6,5,0,11,0,10,12,0,22,0,16,17,0,33,16,0,16,49
05/10/2020,BKL,OH,AGL,CE,Federal Contract Tower,0,1,7,0,8,0,7,9,0,16,0,8,16,0,24,18,0,18,42
05/11/2020,BKL,OH,AGL,CE,Federal Contract Tower,0,3,5,0,8,0,7,2,0,9,0,10,7,0,17,0,0,0,17
05/12/2020,BKL,OH,AGL,CE,Federal Contract Tower,0,0,7,0,7,0,7,35,0,42,0,7,42,0,49,50,0,50,99
05/13/2020,BKL,OH,AGL,CE,Federal Contract Tower,0,8,6,0,14,0,9,43,0,52,0,17,49,0,66,74,0,74,140
05/14/2020,BKL,OH,AGL,CE,Federal Contract Tower,0,6,13,2,21,0,8,6,0,14,0,14,19,2,35,0,0,0,35
05/15/2020,BKL,OH,AGL,CE,Federal Contract Tower,0,0,2,0,2,0,6,4,0,10,0,6,6,0,12,10,0,10,22
05/16/2020,BKL,OH,AGL,CE,Federal Contract Tower,0,4,2,0,6,0,1,18,0,19,0,5,20,0,25,4,0,4,29
05/17/2020,BKL,OH,AGL,CE,Federal Contract Tower,0,7,4,0,11,0,2,32,0,34,0,9,36,0,45,18,0,18,63
05/18/2020,BKL,OH,AGL,CE,Federal Contract Tower,0,4,2,0,6,0,5,3,0,8,0,9,5,0,14,0,0,0,14
05/19/2020,BKL,OH,AGL,CE,Federal Contract Tower,0,10,8,0,18,0,16,19,0,35,0,26,27,0,53,28,0,28,81
05/20/2020,BKL,OH,AGL,CE,Federal Contract Tower,0,6,10,0,16,0,14,59,0,73,0,20,69,0,89,64,0,64,153
05/21/2020,BKL,OH,AGL,CE,Federal Contract Tower,0,6,6,2,14,0,9,49,0,58,0,15,55,2,72,50,6,56,128
05/22/2020,BKL,OH,AGL,CE,Federal Contract Tower,0,8,5,0,13,0,5,20,0,25,0,13,25,0,38,10,0,10,48
05/23/2020,BKL,OH,AGL,CE,Federal Contract Tower,0,8,4,0,12,0,11,18,0,29,0,19,22,0,41,40,0,40,81
05/24/2020,BKL,OH,AGL,CE,Federal Contract Tower,0,9,8,0,17,0,3,35,0,38,0,12,43,0,55,20,0,20,75
05/25/2020,BKL,OH,AGL,CE,Federal Contract Tower,0,2,11,0,13,0,7,37,0,44,0,9,48,0,57,46,0,46,103
05/26/2020,BKL,OH,AGL,CE,Federal Contract Tower,0,7,4,0,11,0,9,45,0,54,0,16,49,0,65,28,0,28,93
05/27/2020,BKL,OH,AGL,CE,Federal Contract Tower,0,1,10,0,11,0,10,56,0,66,0,11,66,0,77,66,0,66,143
05/28/2020,BKL,OH,AGL,CE,Federal Contract Tower,0,9,6,0,15,0,6,16,0,22,0,15,22,0,37,26,10,36,73
05/29/2020,BKL,OH,AGL,CE,Federal Contract Tower,0,7,4,0,11,0,9,20,0,29,0,16,24,0,40,8,0,8,48
05/30/2020,BKL,OH,AGL,CE,Federal Contract Tower,0,3,5,0,8,0,2,70,0,72,0,5,75,0,80,74,0,74,154
05/31/2020,BKL,OH,AGL,CE,Federal Contract Tower,0,3,0,0,3,0,16,53,0,69,0,19,53,0,72,52,0,52,124
06/01/2020,BKL,OH,AGL,CE,Federal Contract Tower,0,1,6,0,7,0,11,40,0,51,0,12,46,0,58,12,0,12,70
06/02/2020,BKL,OH,AGL,CE,Federal Contract Tower,0,4,10,0,14,0,14,28,0,42,0,18,38,0,56,30,0,30,86
06/03/2020,BKL,OH,AGL,CE,Federal Contract Tower,0,4,3,2,9,0,32,30,0,62,0,36,33,2,71,36,0,36,107
06/04/2020,BKL,OH,AGL,CE,Federal Contract Tower,0,4,8,0,12,0,22,36,5,63,0,26,44,5,75,66,0,66,141
06/05/2020,BKL,OH,AGL,CE,Federal Contract Tower,0,5,4,0,9,0,13,43,4,60,0,18,47,4,69,32,0,32,101
06/06/2020,BKL,OH,AGL,CE,Federal Contract Tower,0,4,2,0,6,0,19,69,0,88,0,23,71,0,94,58,2,60,154
06/07/2020,BKL,OH,AGL,CE,Federal Contract Tower,0,2,2,0,4,0,9,53,0,62,0,11,55,0,66,106,0,106,172
06/08/2020,BKL,OH,AGL,CE,Federal Contract Tower,0,4,9,0,13,0,12,37,1,50,0,16,46,1,63,108,0,108,171
06/09/2020,BKL,OH,AGL,CE,Federal Contract Tower,0,8,15,0,23,0,11,34,0,45,0,19,49,0,68,44,0,44,112
06/10/2020,BKL,OH,AGL,CE,Federal Contract Tower,0,9,15,0,24,0,25,25,1,51,0,34,40,1,75,2,0,2,77
06/11/2020,BKL,OH,AGL,CE,Federal Contract Tower,0,4,23,0,27,0,18,45,1,64,0,22,68,1,91,72,0,72,163
06/12/2020,BKL,OH,AGL,CE,Federal Contract Tower,0,5,17,0,22,0,13,72,0,85,0,18,89,0,107,82,0,82,189
06/13/2020,BKL,OH,AGL,CE,Federal Contract Tower,0,4,4,0,8,0,13,65,0,78,0,17,69,0,86,88,0,88,174
06/14/2020,BKL,OH,AGL,CE,Federal Contract Tower,0,9,5,0,14,0,9,29,0,38,0,18,34,0,52,40,0,40,92
06/15/2020,BKL,OH,AGL,CE,Federal Contract Tower,0,10,13,0,23,0,7,52,0,59,0,17,65,0,82,54,0,54,136
06/16/2020,BKL,OH,AGL,CE,Federal Contract Tower,0,12,13,0,25,0,13,58,0,71,0,25,71,0,96,114,0,114,210
06/17/2020,BKL,OH,AGL,CE,Federal Contract Tower,0,3,22,0,25,0,22,60,0,82,0,25,82,0,107,72,0,72,179
06/18/2020,BKL,OH,AGL,CE,Federal Contract Tower,0,9,7,0,16,0,11,31,0,42,0,20,38,0,58,74,0,74,132
06/19/2020,BKL,OH,AGL,CE,Federal Contract Tower,0,8,20,0,28,0,30,45,0,75,0,38,65,0,103,84,0,84,187
06/20/2020,BKL,OH,AGL,CE,Federal Contract Tower,0,11,6,0,17,0,11,62,0,73,0,22,68,0,90,44,0,44,134
06/21/2020,BKL,OH,AGL,CE,Federal Contract Tower,0,3,3,0,6,0,9,22,0,31,0,12,25,0,37,28,0,28,65
06/22/2020,BKL,OH,AGL,CE,Federal Contract Tower,0,7,6,0,13,0,4,18,0,22,0,11,24,0,35,38,0,38,73
06/23/2020,BKL,OH,AGL,CE,Federal Contract Tower,0,13,19,0,32,0,7,19,0,26,0,20,38,0,58,52,0,52,110
06/24/2020,BKL,OH,AGL,CE,Federal Contract Tower,0,10,14,0,24,0,17,56,0,73,0,27,70,0,97,132,0,132,229
06/25/2020,BKL,OH,AGL,CE,Federal Contract Tower,0,9,23,0,32,0,16,63,0,79,0,25,86,0,111,144,0,144,255
06/26/2020,BKL,OH,AGL,CE,Federal Contract Tower,0,16,18,0,34,0,24,51,4,79,0,40,69,4,113,116,0,116,229
06/27/2020,BKL,OH,AGL,CE,Federal Contract Tower,0,0,14,0,14,0,18,21,0,39,0,18,35,0,53,38,0,38,91
06/28/2020,BKL,OH,AGL,CE,Federal Contract Tower,0,4,6,0,10,0,8,39,2,49,0,12,45,2,59,46,0,46,105
06/29/2020,BKL,OH,AGL,CE,Federal Contract Tower,0,11,11,0,22,0,22,45,0,67,0,33,56,0,89,62,0,62,151
06/30/2020,BKL,OH,AGL,CE,Federal Contract Tower,0,11,16,1,28,0,20,54,0,74,0,31,70,1,102,32,0,32,134
07/01/2020,BKL,OH,AGL,CE,Federal Contract Tower,0,13,16,0,29,0,19,72,0,91,0,32,88,0,120,116,0,116,236
07/02/2020,BKL,OH,AGL,CE,Federal Contract Tower,0,6,13,2,21,0,14,67,0,81,0,20,80,2,102,142,0,142,244
07/03/2020,BKL,OH,AGL,CE,Federal Contract Tower,0,5,9,2,16,0,23,52,0,75,0,28,61,2,91,66,0,66,157
07/04/2020,BKL,OH,AGL,CE,Federal Contract Tower,0,2,5,0,7,0,12,36,0,48,0,14,41,0,55,48,0,48,103
07/05/2020,BKL,OH,AGL,CE,Federal Contract Tower,0,3,7,0,10,0,9,43,0,52,0,12,50,0,62,30,0,30,92
07/06/2020,BKL,OH,AGL,CE,Federal Contract Tower,0,2,15,0,17,0,12,59,0,71,0,14,74,0,88,100,0,100,188
07/07/2020,BKL,OH,AGL,CE,Federal Contract Tower,0,5,16,0,21,0,19,47,2,68,0,24,63,2,89,80,0,80,169
07/08/2020,BKL,OH,AGL,CE,Federal Contract Tower,0,4,10,0,14,0,15,69,0,84,0,19,79,0,98,98,0,98,196
07/09/2020,BKL,OH,AGL,CE,Federal Contract Tower,0,14,18,0,32,0,15,55,0,70,0,29,73,0,102,118,0,118,220
07/10/2020,BKL,OH,AGL,CE,Federal Contract Tower,0,4,8,0,12,0,11,29,0,40,0,15,37,0,52,46,0,46,98
07/11/2020,BKL,OH,AGL,CE,Federal Contract Tower,0,9,2,0,11,0,7,2,0,9,0,16,4,0,20,14,0,14,34
07/12/2020,BKL,OH,AGL,CE,Federal Contract Tower,0,4,3,0,7,0,12,38,0,50,0,16,41,0,57,112,0,112,169
07/13/2020,BKL,OH,AGL,CE,Federal Contract Tower,0,7,14,0,21,0,12,55,0,67,0,19,69,0,88,94,0,94,182
07/14/2020,BKL,OH,AGL,CE,Federal Contract Tower,0,7,6,0,13,0,18,62,0,80,0,25,68,0,93,108,0,108,201
07/15/2020,BKL,OH,AGL,CE,Federal Contract Tower,0,7,26,0,33,0,15,53,0,68,0,22,79,0,101,62,0,62,163
07/16/2020,BKL,OH,AGL,CE,Federal Contract Tower,0,13,13,0,26,0,18,30,0,48,0,31,43,0,74,22,0,22,96
07/17/2020,BKL,OH,AGL,CE,Federal Contract Tower,0,7,14,0,21,0,24,54,0,78,0,31,68,0,99,88,0,88,187
07/18/2020,BKL,OH,AGL,CE,Federal Contract Tower,0,9,4,0,13,0,6,47,0,53,0,15,51,0,66,34,0,34,100
07/19/2020,BKL,OH,AGL,CE,Federal Contract Tower,0,8,5,0,13,0,8,17,0,25,0,16,22,0,38,8,0,8,46
07/20/2020,BKL,OH,AGL,CE,Federal Contract Tower,0,11,5,0,16,0,11,31,2,44,0,22,36,2,60,40,0,40,100
07/21/2020,BKL,OH,AGL,CE,Federal Contract Tower,0,9,13,0,22,0,9,42,0,51,0,18,55,0,73,126,0,126,199
07/22/2020,BKL,OH,AGL,CE,Federal Contract Tower,0,12,10,0,22,0,9,25,0,34,0,21,35,0,56,26,0,26,82
07/23/2020,BKL,OH,AGL,CE,Federal Contract Tower,2,11,11,0,24,0,5,13,0,18,2,16,24,0,42,40,0,40,82
07/24/2020,BKL,OH,AGL,CE,Federal Contract Tower,0,10,4,0,14,0,12,38,0,50,0,22,42,0,64,72,0,72,136
07/25/2020,BKL,OH,AGL,CE,Federal Contract Tower,0,6,17,0,23,0,10,39,0,49,0,16,56,0,72,24,0,24,96
07/26/2020,BKL,OH,AGL,CE,Federal Contract Tower,2,11,9,1,23,0,6,39,0,45,2,17,48,1,68,6,0,6,74
07/27/2020,BKL,OH,AGL,CE,Federal Contract Tower,2,6,10,1,19,0,15,16,1,32,2,21,26,2,51,2,0,2,53
07/28/2020,BKL,OH,AGL,CE,Federal Contract Tower,0,17,10,0,27,0,14,60,2,76,0,31,70,2,103,32,0,32,135
07/29/2020,BKL,OH,AGL,CE,Federal Contract Tower,0,5,13,0,18,0,21,45,0,66,0,26,58,0,84,20,0,20,104
07/30/2020,BKL,OH,AGL,CE,Federal Contract Tower,1,6,9,0,16,0,14,65,2,81,1,20,74,2,97,64,0,64,161
07/31/2020,BKL,OH,AGL,CE,Federal Contract Tower,0,8,11,0,19,0,18,61,0,79,0,26,72,0,98,90,0,90,188
08/01/2020,BKL,OH,AGL,CE,Federal Contract Tower,0,3,8,0,11,0,6,27,0,33,0,9,35,0,44,68,0,68,112
08/02/2020,BKL,OH,AGL,CE,Federal Contract Tower,0,7,8,1,16,0,7,0,0,7,0,14,8,1,23,0,0,0,23
08/03/2020,BKL,OH,AGL,CE,Federal Contract Tower,0,7,12,1,20,0,7,19,0,26,0,14,31,1,46,50,0,50,96
08/04/2020,BKL,OH,AGL,CE,Federal Contract Tower,0,17,23,0,40,0,12,24,18,54,0,29,47,18,94,42,0,42,136
08/05/2020,BKL,OH,AGL,CE,Federal Contract Tower,2,18,15,0,35,0,4,60,0,64,2,22,75,0,99,76,0,76,175
08/06/2020,BKL,OH,AGL,CE,Federal Contract Tower,0,13,6,1,20,0,12,24,18,54,0,25,30,19,74,18,0,18,92
08/07/2020,BKL,OH,AGL,CE,Federal Contract Tower,3,16,14,3,36,0,15,50,0,65,3,31,64,3,101,46,0,46,147
08/08/2020,BKL,OH,AGL,CE,Federal Contract Tower,0,5,13,0,18,0,29,102,0,131,0,34,115,0,149,72,0,72,221
08/09/2020,BKL,OH,AGL,CE,Federal Contract Tower,0,12,5,0,17,0,13,42,0,55,0,25,47,0,72,4,0,4,76
08/10/2020,BKL,OH,AGL,CE,Federal Contract Tower,0,12,9,4,25,0,2,47,0,49,0,14,56,4,74,38,0,38,112
08/11/2020,BKL,OH,AGL,CE,Federal Contract Tower,2,6,11,0,19,0,1,33,0,34,2,7,44,0,53,112,0,112,165
08/12/2020,BKL,OH,AGL,CE,Federal Contract Tower,0,10,7,0,17,0,8,47,0,55,0,18,54,0,72,46,0,46,118
08/13/2020,BKL,OH,AGL,CE,Federal Contract Tower,2,12,18,0,32,0,15,60,0,75,2,27,78,0,107,104,0,104,211
08/14/2020,BKL,OH,AGL,CE,Federal Contract Tower,0,11,15,0,26,0,16,36,1,53,0,27,51,1,79,54,0,54,133
08/15/2020,BKL,OH,AGL,CE,Federal Contract Tower,0,2,15,1,18,0,17,34,0,51,0,19,49,1,69,124,0,124,193
08/16/2020,BKL,OH,AGL,CE,Federal Contract Tower,0,6,12,2,20,0,7,7,0,14,0,13,19,2,34,10,0,10,44
08/17/2020,BKL,OH,AGL,CE,Federal Contract Tower,0,15,15,2,32,0,8,41,0,49,0,23,56,2,81,62,0,62,143
08/18/2020,BKL,OH,AGL,CE,Federal Contract Tower,0,14,30,0,44,0,9,55,0,64,0,23,85,0,108,44,0,44,152
08/19/2020,BKL,OH,AGL,CE,Federal Contract Tower,0,17,16,1,34,0,7,61,0,68,0,24,77,1,102,52,0,52,154
08/20/2020,BKL,OH,AGL,CE,Federal Contract Tower,0,12,16,3,31,0,9,41,0,50,0,21,57,3,81,32,0,32,113
08/21/2020,BKL,OH,AGL,CE,Federal Contract Tower,2,3,17,0,22,0,18,54,0,72,2,21,71,0,94,86,0,86,180
08/22/2020,BKL,OH,AGL,CE,Federal Contract Tower,0,1,11,0,12,0,20,44,0,64,0,21,55,0,76,62,0,62,138
08/23/2020,BKL,OH,AGL,CE,Federal Contract Tower,4,8,7,0,19,0,12,26,0,38,4,20,33,0,57,2,0,2,59
08/24/2020,BKL,OH,AGL,CE,Federal Contract Tower,2,11,10,0,23,0,23,30,2,55,2,34,40,2,78,16,0,16,94
08/25/2020,BKL,OH,AGL,CE,Federal Contract Tower,0,16,11,0,27,0,17,29,0,46,0,33,40,0,73,38,0,38,111
08/26/2020,BKL,OH,AGL,CE,Federal Contract Tower,0,17,14,0,31,0,8,24,0,32,0,25,38,0,63,2,0,2,65
08/27/2020,BKL,OH,AGL,CE,Federal Contract Tower,2,18,9,1,30,0,15,26,2,43,2,33,35,3,73,36,0,36,109
08/28/2020,BKL,OH,AGL,CE,Federal Contract Tower,0,12,13,1,26,0,6,7,0,13,0,18,20,1,39,14,0,14,53
08/29/2020,BKL,OH,AGL,CE,Federal Contract Tower,0,3,13,0,16,0,18,17,0,35,0,21,30,0,51,0,0,0,51
08/30/2020,BKL,OH,AGL,CE,Federal Contract Tower,0,7,16,1,24,0,8,45,0,53,0,15,61,1,77,68,0,68,145
08/31/2020,BKL,OH,AGL,CE,Federal Contract Tower,0,9,16,0,25,0,5,46,0,51,0,14,62,0,76,38,0,38,114
09/01/2020,BKL,OH,AGL,CE,Federal Contract Tower,0,13,25,3,41,0,13,19,0,32,0,26,44,3,73,24,0,24,97
09/02/2020,BKL,OH,AGL,CE,Federal Contract Tower,0,24,21,0,45,0,6,16,1,23,0,30,37,1,68,0,0,0,68
09/03/2020,BKL,OH,AGL,CE,Federal Contract Tower,0,24,18,1,43,0,13,49,0,62,0,37,67,1,105,44,0,44,149
09/04/2020,BKL,OH,AGL,CE,Federal Contract Tower,2,9,9,0,20,0,15,64,0,79,2,24,73,0,99,78,0,78,177
09/05/2020,BKL,OH,AGL,CE,Federal Contract Tower,0,6,6,0,12,0,8,41,2,51,0,14,47,2,63,22,0,22,85
09/06/2020,BKL,OH,AGL,CE,Federal Contract Tower,2,9,13,0,24,0,13,26,0,39,2,22,39,0,63,8,0,8,71
09/07/2020,BKL,OH,AGL,CE,Federal Contract Tower,2,7,6,0,15,0,4,0,0,4,2,11,6,0,19,0,0,0,19
09/08/2020,BKL,OH,AGL,CE,Federal Contract Tower,0,10,8,0,18,0,11,20,0,31,0,21,28,0,49,40,0,40,89
09/09/2020,BKL,OH,AGL,CE,Federal Contract Tower,0,19,25,2,46,0,10,5,2,17,0,29,30,4,63,18,0,18,81
09/10/2020,BKL,OH,AGL,CE,Federal Contract Tower,0,33,19,0,52,0,3,0,0,3,0,36,19,0,55,0,0,0,55
09/11/2020,BKL,OH,AGL,CE,Federal Contract Tower,2,14,20,3,39,0,24,55,0,79,2,38,75,3,118,32,0,32,150
09/12/2020,BKL,OH,AGL,CE,Federal Contract Tower,0,5,4,0,9,0,6,23,0,29,0,11,27,0,38,40,0,40,78
09/13/2020,BKL,OH,AGL,CE,Federal Contract Tower,0,5,11,1,17,0,4,20,0,24,0,9,31,1,41,26,0,26,67
09/14/2020,BKL,OH,AGL,CE,Federal Contract Tower,0,19,11,1,31,0,8,31,0,39,0,27,42,1,70,66,0,66,136
09/15/2020,BKL,OH,AGL,CE,Federal Contract Tower,0,14,13,0,27,0,8,52,0,60,0,22,65,0,87,98,0,98,185
09/16/2020,BKL,OH,AGL,CE,Federal Contract Tower,1,14,15,2,32,0,31,66,0,97,1,45,81,2,129,194,0,194,323
09/17/2020,BKL,OH,AGL,CE,Federal Contract Tower,0,20,15,0,35,0,26,41,0,67,0,46,56,0,102,80,0,80,182
09/18/2020,BKL,OH,AGL,CE,Federal Contract Tower,1,15,13,0,29,0,19,40,2,61,1,34,53,2,90,44,0,44,134
09/19/2020,BKL,OH,AGL,CE,Federal Contract Tower,0,3,2,0,5,0,14,50,0,64,0,17,52,0,69,24,0,24,93
09/20/2020,BKL,OH,AGL,CE,Federal Contract Tower,0,7,12,0,19,0,5,60,0,65,0,12,72,0,84,36,0,36,120
09/21/2020,BKL,OH,AGL,CE,Federal Contract Tower,2,17,17,0,36,0,18,41,0,59,2,35,58,0,95,42,0,42,137
09/22/2020,BKL,OH,AGL,CE,Federal Contract Tower,0,21,29,0,50,0,25,41,0,66,0,46,70,0,116,38,0,38,154
09/23/2020,BKL,OH,AGL,CE,Federal Contract Tower,0,21,24,0,45,0,24,46,0,70,0,45,70,0,115,48,0,48,163
09/24/2020,BKL,OH,AGL,CE,Federal Contract Tower,0,20,24,0,44,0,26,66,0,92,0,46,90,0,136,68,0,68,204
09/25/2020,BKL,OH,AGL,CE,Federal Contract Tower,2,10,19,0,31,0,7,51,0,58,2,17,70,0,89,60,0,60,149
09/26/2020,BKL,OH,AGL,CE,Federal Contract Tower,0,4,10,0,14,0,4,31,0,35,0,8,41,0,49,62,0,62,111
09/27/2020,BKL,OH,AGL,CE,Federal Contract Tower,0,4,28,0,32,0,11,20,0,31,0,15,48,0,63,10,0,10,73
09/28/2020,BKL,OH,AGL,CE,Federal Contract Tower,0,13,12,0,25,0,16,19,0,35,0,29,31,0,60,8,0,8,68
09/29/2020,BKL,OH,AGL,CE,Federal Contract Tower,2,8,8,0,18,0,4,36,0,40,2,12,44,0,58,22,0,22,80
09/30/2020,BKL,OH,AGL,CE,Federal Contract Tower,0,15,18,2,35,0,9,27,0,36,0,24,45,2,71,0,0,0,71
10/01/2020,BKL,OH,AGL,CE,Federal Contract Tower,0,10,13,0,23,0,8,22,0,30,0,18,35,0,53,16,0,16,69
10/02/2020,BKL,OH,AGL,CE,Federal Contract Tower,0,7,12,0,19,0,3,24,0,27,0,10,36,0,46,24,0,24,70
10/03/2020,BKL,OH,AGL,CE,Federal Contract Tower,0,9,5,0,14,0,21,70,1,92,0,30,75,1,106,94,0,94,200
10/04/2020,BKL,OH,AGL,CE,Federal Contract Tower,0,10,10,0,20,0,0,17,1,18,0,10,27,1,38,16,0,16,54
10/05/2020,BKL,OH,AGL,CE,Federal Contract Tower,0,14,14,0,28,0,10,24,0,34,0,24,38,0,62,14,0,14,76
10/06/2020,BKL,OH,AGL,CE,Federal Contract Tower,0,13,13,0,26,0,12,22,0,34,0,25,35,0,60,24,0,24,84
10/07/2020,BKL,OH,AGL,CE,Federal Contract Tower,0,11,14,0,25,0,11,14,0,25,0,22,28,0,50,2,0,2,52
10/08/2020,BKL,OH,AGL,CE,Federal Contract Tower,0,14,29,0,43,0,5,46,0,51,0,19,75,0,94,68,0,68,162
10/09/2020,BKL,OH,AGL,CE,Federal Contract Tower,0,13,16,4,33,0,12,49,0,61,0,25,65,4,94,60,0,60,154
10/10/2020,BKL,OH,AGL,CE,Federal Contract Tower,0,10,14,0,24,0,12,30,0,42,0,22,44,0,66,40,0,40,106
10/11/2020,BKL,OH,AGL,CE,Federal Contract Tower,0,5,14,0,19,0,6,16,0,22,0,11,30,0,41,12,0,12,53
10/12/2020,BKL,OH,AGL,CE,Federal Contract Tower,0,14,13,0,27,0,4,12,0,16,0,18,25,0,43,2,0,2,45
10/13/2020,BKL,OH,AGL,CE,Federal Contract Tower,0,14,19,0,33,0,4,43,0,47,0,18,62,0,80,56,0,56,136
10/14/2020,BKL,OH,AGL,CE,Federal Contract Tower,0,7,11,2,20,0,11,36,0,47,0,18,47,2,67,22,0,22,89
10/15/2020,BKL,OH,AGL,CE,Federal Contract Tower,0,16,15,0,31,0,10,10,0,20,0,26,25,0,51,0,0,0,51
10/16/2020,BKL,OH,AGL,CE,Federal Contract Tower,0,9,7,0,16,0,13,60,0,73,0,22,67,0,89,94,0,94,183
10/17/2020,BKL,OH,AGL,CE,Federal Contract Tower,0,3,6,0,9,0,8,59,0,67,0,11,65,0,76,52,0,52,128
10/18/2020,BKL,OH,AGL,CE,Federal Contract Tower,0,8,7,0,15,0,10,5,0,15,0,18,12,0,30,2,0,2,32
10/19/2020,BKL,OH,AGL,CE,Federal Contract Tower,0,12,20,0,32,0,2,0,0,2,0,14,20,0,34,0,0,0,34
10/20/2020,BKL,OH,AGL,CE,Federal Contract Tower,0,6,13,0,19,0,4,4,0,8,0,10,17,0,27,6,0,6,33
10/21/2020,BKL,OH,AGL,CE,Federal Contract Tower,0,15,7,0,22,0,5,11,0,16,0,20,18,0,38,34,0,34,72
10/22/2020,BKL,OH,AGL,CE,Federal Contract Tower,0,10,18,6,34,0,10,19,1,30,0,20,37,7,64,38,0,38,102
10/23/2020,BKL,OH,AGL,CE,Federal Contract Tower,0,4,23,0,27,0,7,41,3,51,0,11,64,3,78,38,0,38,116
10/24/2020,BKL,OH,AGL,CE,Federal Contract Tower,0,5,9,0,14,0,17,17,0,34,0,22,26,0,48,0,0,0,48
10/25/2020,BKL,OH,AGL,CE,Federal Contract Tower,0,13,10,0,23,0,5,29,0,34,0,18,39,0,57,64,0,64,121
10/31/2020,BKL,OH,AGL,CE,Federal Contract Tower,0,7,9,0,16,0,9,38,0,47,0,16,47,0,63,44,0,44,107
11/01/2020,BKL,OH,AGL,CE,Federal Contract Tower,0,9,9,0,18,0,0,0,0,0,0,9,9,0,18,0,0,0,18
11/02/2020,BKL,OH,AGL,CE,Federal Contract Tower,2,8,19,0,29,0,6,12,0,18,2,14,31,0,47,18,0,18,65
11/03/2020,BKL,OH,AGL,CE,Federal Contract Tower,0,15,14,0,29,0,14,53,2,69,0,29,67,2,98,50,0,50,148
11/04/2020,BKL,OH,AGL,CE,Federal Contract Tower,0,5,21,0,26,0,31,26,0,57,0,36,47,0,83,40,0,40,123
11/05/2020,BKL,OH,AGL,CE,Federal Contract Tower,0,9,9,0,18,0,18,43,0,61,0,27,52,0,79,56,2,58,137
11/06/2020,BKL,OH,AGL,CE,Federal Contract Tower,0,10,11,0,21,0,15,43,0,58,0,25,54,0,79,56,0,56,135
11/07/2020,BKL,OH,AGL,CE,Federal Contract Tower,0,5,4,0,9,0,10,45,0,55,0,15,49,0,64,64,0,64,128
11/08/2020,BKL,OH,AGL,CE,Federal Contract Tower,0,6,17,0,23,0,12,46,0,58,0,18,63,0,81,54,0,54,135
11/09/2020,BKL,OH,AGL,CE,Federal Contract Tower,0,9,13,0,22,0,8,59,0,67,0,17,72,0,89,16,0,16,105
11/10/2020,BKL,OH,AGL,CE,Federal Contract Tower,0,12,11,0,23,0,19,37,0,56,0,31,48,0,79,6,0,6,85
11/11/2020,BKL,OH,AGL,CE,Federal Contract Tower,0,6,15,0,21,0,13,17,0,30,0,19,32,0,51,36,0,36,87
11/12/2020,BKL,OH,AGL,CE,Federal Contract Tower,0,7,33,0,40,0,15,45,0,60,0,22,78,0,100,136,0,136,236
11/13/2020,BKL,OH,AGL,CE,Federal Contract Tower,0,7,24,0,31,0,20,30,1,51,0,27,54,1,82,82,0,82,164
11/14/2020,BKL,OH,AGL,CE,Federal Contract Tower,0,4,18,0,22,0,5,46,1,52,0,9,64,1,74,44,0,44,118
11/15/2020,BKL,OH,AGL,CE,Federal Contract Tower,0,2,11,0,13,0,2,2,0,4,0,4,13,0,17,0,0,0,17
11/16/2020,BKL,OH,AGL,CE,Federal Contract Tower,0,8,11,0,19,0,2,4,0,6,0,10,15,0,25,12,0,12,37
11/17/2020,BKL,OH,AGL,CE,Federal Contract Tower,0,3,1,0,4,0,2,2,0,4,0,5,3,0,8,0,0,0,8
11/18/2020,BKL,OH,AGL,CE,Federal Contract Tower,0,6,9,0,15,0,20,39,0,59,0,26,48,0,74,80,0,80,154
11/19/2020,BKL,OH,AGL,CE,Federal Contract Tower,0,14,5,0,19,0,14,10,0,24,0,28,15,0,43,0,0,0,43
11/20/2020,BKL,OH,AGL,CE,Federal Contract Tower,0,15,21,0,36,0,18,40,0,58,0,33,61,0,94,10,0,10,104
11/21/2020,BKL,OH,AGL,CE,Federal Contract Tower,0,8,14,0,22,0,10,40,0,50,0,18,54,0,72,82,0,82,154
11/22/2020,BKL,OH,AGL,CE,Federal Contract Tower,0,3,12,0,15,0,2,1,0,3,0,5,13,0,18,0,0,0,18
11/23/2020,BKL,OH,AGL,CE,Federal Contract Tower,0,12,10,0,22,0,9,2,0,11,0,21,12,0,33,0,0,0,33
11/24/2020,BKL,OH,AGL,CE,Federal Contract Tower,0,4,7,0,11,0,15,32,0,47,0,19,39,0,58,50,0,50,108
11/25/2020,BKL,OH,AGL,CE,Federal Contract Tower,0,10,10,4,24,0,6,2,0,8,0,16,12,4,32,0,0,0,32
11/26/2020,BKL,OH,AGL,CE,Federal Contract Tower,0,7,3,0,10,0,3,0,0,3,0,10,3,0,13,0,0,0,13
11/27/2020,BKL,OH,AGL,CE,Federal Contract Tower,0,11,4,0,15,0,24,9,0,33,0,35,13,0,48,30,0,30,78
11/28/2020,BKL,OH,AGL,CE,Federal Contract Tower,0,2,3,0,5,0,14,32,0,46,0,16,35,0,51,28,0,28,79
11/29/2020,BKL,OH,AGL,CE,Federal Contract Tower,0,8,9,0,17,0,8,24,0,32,0,16,33,0,49,38,0,38,87
11/30/2020,BKL,OH,AGL,CE,Federal Contract Tower,0,10,13,0,23,0,4,5,0,9,0,14,18,0,32,0,0,0,32
12/01/2020,BKL,OH,AGL,CE,Federal Contract Tower,0,4,2,0,6,0,0,0,0,0,0,4,2,0,6,0,0,0,6
12/02/2020,BKL,OH,AGL,CE,Federal Contract Tower,0,11,14,0,25,0,2,26,0,28,0,13,40,0,53,30,0,30,83
12/03/2020,BKL,OH,AGL,CE,Federal Contract Tower,0,16,11,0,27,0,12,30,0,42,0,28,41,0,69,40,0,40,109
12/04/2020,BKL,OH,AGL,CE,Federal Contract Tower,0,5,12,0,17,0,10,22,0,32,0,15,34,0,49,30,0,30,79
12/05/2020,BKL,OH,AGL,CE,Federal Contract Tower,0,3,2,0,5,0,7,1,0,8,0,10,3,0,13,0,0,0,13
12/06/2020,BKL,OH,AGL,CE,Federal Contract Tower,0,6,5,0,11,0,11,14,0,25,0,17,19,0,36,24,0,24,60
12/07/2020,BKL,OH,AGL,CE,Federal Contract Tower,0,10,9,2,21,0,2,10,0,12,0,12,19,2,33,10,0,10,43
12/08/2020,BKL,OH,AGL,CE,Federal Contract Tower,0,7,8,0,15,0,8,7,0,15,0,15,15,0,30,10,0,10,40
12/09/2020,BKL,OH,AGL,CE,Federal Contract Tower,0,10,19,0,29,0,21,3,0,24,0,31,22,0,53,6,0,6,59
12/10/2020,BKL,OH,AGL,CE,Federal Contract Tower,0,6,18,0,24,0,18,27,0,45,0,24,45,0,69,22,0,22,91
12/11/2020,BKL,OH,AGL,CE,Federal Contract Tower,0,9,8,0,17,0,20,48,0,68,0,29,56,0,85,86,0,86,171
12/12/2020,BKL,OH,AGL,CE,Federal Contract Tower,0,6,2,0,8,0,11,6,0,17,0,17,8,0,25,6,0,6,31
12/13/2020,BKL,OH,AGL,CE,Federal Contract Tower,0,5,6,0,11,0,5,10,0,15,0,10,16,0,26,36,0,36,62
12/14/2020,BKL,OH,AGL,CE,Federal Contract Tower,0,11,14,2,27,0,4,9,0,13,0,15,23,2,40,0,0,0,40
12/15/2020,BKL,OH,AGL,CE,Federal Contract Tower,0,15,21,0,36,0,11,26,0,37,0,26,47,0,73,30,0,30,103
12/16/2020,BKL,OH,AGL,CE,Federal Contract Tower,0,8,11,2,21,0,3,3,0,6,0,11,14,2,27,2,0,2,29
12/17/2020,BKL,OH,AGL,CE,Federal Contract Tower,0,9,15,0,24,0,0,5,0,5,0,9,20,0,29,0,0,0,29
12/18/2020,BKL,OH,AGL,CE,Federal Contract Tower,0,15,6,0,21,0,3,0,0,3,0,18,6,0,24,10,0,10,34
12/19/2020,BKL,OH,AGL,CE,Federal Contract Tower,0,3,12,0,15,0,4,2,0,6,0,7,14,0,21,20,0,20,41
12/20/2020,BKL,OH,AGL,CE,Federal Contract Tower,0,11,14,0,25,0,0,2,0,2,0,11,16,0,27,4,0,4,31
12/21/2020,BKL,OH,AGL,CE,Federal Contract Tower,0,17,4,0,21,0,3,7,0,10,0,20,11,0,31,20,0,20,51
12/22/2020,BKL,OH,AGL,CE,Federal Contract Tower,0,5,14,0,19,0,10,4,0,14,0,15,18,0,33,0,0,0,33
12/23/2020,BKL,OH,AGL,CE,Federal Contract Tower,0,13,10,0,23,0,25,21,0,46,0,38,31,0,69,12,0,12,81
12/24/2020,BKL,OH,AGL,CE,Federal Contract Tower,0,11,4,0,15,0,3,0,0,3,0,14,4,0,18,0,0,0,18
12/25/2020,BKL,OH,AGL,CE,Federal Contract Tower,0,0,0,0,0,0,0,0,0,0,0,0,0,0,0,0,0,0,0
12/26/2020,BKL,OH,AGL,CE,Federal Contract Tower,0,4,6,0,10,0,4,4,0,8,0,8,10,0,18,0,0,0,18
12/27/2020,BKL,OH,AGL,CE,Federal Contract Tower,0,13,7,0,20,0,23,6,0,29,0,36,13,0,49,2,0,2,51
12/28/2020,BKL,OH,AGL,CE,Federal Contract Tower,0,5,2,0,7,0,8,12,0,20,0,13,14,0,27,4,0,4,31
12/29/2020,BKL,OH,AGL,CE,Federal Contract Tower,0,8,16,0,24,0,14,30,2,46,0,22,46,2,70,20,0,20,90
12/30/2020,BKL,OH,AGL,CE,Federal Contract Tower,0,6,7,0,13,0,15,8,0,23,0,21,15,0,36,4,0,4,40
12/31/2020,BKL,OH,AGL,CE,Federal Contract Tower,0,12,2,0,14,0,5,10,0,15,0,17,12,0,29,40,0,40,69
01/01/2021,BKL,OH,AGL,CE,Federal Contract Tower,0,4,1,0,5,0,1,3,0,4,0,5,4,0,9,0,0,0,9
01/02/2021,BKL,OH,AGL,CE,Federal Contract Tower,0,2,7,0,9,0,0,0,0,0,0,2,7,0,9,0,0,0,9
01/03/2021,BKL,OH,AGL,CE,Federal Contract Tower,0,7,11,0,18,0,0,1,0,1,0,7,12,0,19,0,0,0,19
01/04/2021,BKL,OH,AGL,CE,Federal Contract Tower,0,5,8,0,13,0,3,3,0,6,0,8,11,0,19,34,0,34,53
01/05/2021,BKL,OH,AGL,CE,Federal Contract Tower,0,4,5,0,9,0,3,6,0,9,0,7,11,0,18,24,0,24,42
01/06/2021,BKL,OH,AGL,CE,Federal Contract Tower,0,7,5,0,12,0,0,8,0,8,0,7,13,0,20,24,0,24,44
01/07/2021,BKL,OH,AGL,CE,Federal Contract Tower,0,5,8,0,13,0,6,17,2,25,0,11,25,2,38,66,0,66,104
01/08/2021,BKL,OH,AGL,CE,Federal Contract Tower,0,7,4,0,11,0,5,8,0,13,0,12,12,0,24,44,0,44,68
01/09/2021,BKL,OH,AGL,CE,Federal Contract Tower,0,10,8,0,18,0,0,45,0,45,0,10,53,0,63,42,0,42,105
01/10/2021,BKL,OH,AGL,CE,Federal Contract Tower,0,9,8,0,17,0,8,36,0,44,0,17,44,0,61,50,0,50,111
01/11/2021,BKL,OH,AGL,CE,Federal Contract Tower,0,5,11,0,16,0,5,3,0,8,0,10,14,0,24,44,0,44,68
01/12/2021,BKL,OH,AGL,CE,Federal Contract Tower,0,9,7,2,18,0,3,2,0,5,0,12,9,2,23,14,0,14,37
01/13/2021,BKL,OH,AGL,CE,Federal Contract Tower,0,7,23,0,30,0,8,41,0,49,0,15,64,0,79,22,0,22,101
01/14/2021,BKL,OH,AGL,CE,Federal Contract Tower,0,20,15,0,35,0,25,33,2,60,0,45,48,2,95,58,0,58,153
01/15/2021,BKL,OH,AGL,CE,Federal Contract Tower,0,10,4,0,14,0,4,9,0,13,0,14,13,0,27,0,0,0,27
01/16/2021,BKL,OH,AGL,CE,Federal Contract Tower,0,13,3,0,16,0,2,6,0,8,0,15,9,0,24,22,0,22,46
01/17/2021,BKL,OH,AGL,CE,Federal Contract Tower,0,11,3,0,14,0,2,0,0,2,0,13,3,0,16,0,0,0,16
01/18/2021,BKL,OH,AGL,CE,Federal Contract Tower,0,14,9,0,23,0,0,1,0,1,0,14,10,0,24,0,0,0,24
01/19/2021,BKL,OH,AGL,CE,Federal Contract Tower,0,10,13,0,23,0,10,4,0,14,0,20,17,0,37,18,0,18,55
01/20/2021,BKL,OH,AGL,CE,Federal Contract Tower,0,10,12,0,22,0,7,19,0,26,0,17,31,0,48,48,0,48,96
01/21/2021,BKL,OH,AGL,CE,Federal Contract Tower,0,12,18,0,30,0,16,17,0,33,0,28,35,0,63,30,0,30,93
01/22/2021,BKL,OH,AGL,CE,Federal Contract Tower,0,4,8,0,12,0,10,8,2,20,0,14,16,2,32,32,0,32,64
01/23/2021,BKL,OH,AGL,CE,Federal Contract Tower,0,8,11,0,19,0,24,30,0,54,0,32,41,0,73,26,0,26,99
01/24/2021,BKL,OH,AGL,CE,Federal Contract Tower,0,5,9,0,14,0,2,15,0,17,0,7,24,0,31,16,0,16,47
01/25/2021,BKL,OH,AGL,CE,Federal Contract Tower,0,4,8,0,12,0,2,6,0,8,0,6,14,0,20,0,0,0,20
01/26/2021,BKL,OH,AGL,CE,Federal Contract Tower,0,8,7,0,15,0,2,1,0,3,0,10,8,0,18,0,0,0,18
01/27/2021,BKL,OH,AGL,CE,Federal Contract Tower,0,7,11,0,18,0,1,9,0,10,0,8,20,0,28,12,0,12,40
01/28/2021,BKL,OH,AGL,CE,Federal Contract Tower,0,17,13,0,30,0,9,2,0,11,0,26,15,0,41,10,0,10,51
01/29/2021,BKL,OH,AGL,CE,Federal Contract Tower,0,5,10,0,15,0,10,14,0,24,0,15,24,0,39,12,0,12,51
01/30/2021,BKL,OH,AGL,CE,Federal Contract Tower,0,9,0,0,9,0,9,18,0,27,0,18,18,0,36,48,0,48,84
01/31/2021,BKL,OH,AGL,CE,Federal Contract Tower,0,10,9,0,19,0,7,2,0,9,0,17,11,0,28,0,0,0,28
02/01/2021,BKL,OH,AGL,CE,Federal Contract Tower,0,3,0,0,3,0,0,0,0,0,0,3,0,0,3,0,0,0,3
02/02/2021,BKL,OH,AGL,CE,Federal Contract Tower,0,4,2,0,6,0,2,8,0,10,0,6,10,0,16,0,0,0,16
02/03/2021,BKL,OH,AGL,CE,Federal Contract Tower,0,3,6,0,9,0,7,7,6,20,0,10,13,6,29,0,12,12,41
02/04/2021,BKL,OH,AGL,CE,Federal Contract Tower,0,4,17,0,21,0,14,25,0,39,0,18,42,0,60,20,0,20,80
02/05/2021,BKL,OH,AGL,CE,Federal Contract Tower,0,6,4,0,10,0,11,0,0,11,0,17,4,0,21,0,0,0,21
02/06/2021,BKL,OH,AGL,CE,Federal Contract Tower,0,2,6,0,8,0,7,20,0,27,0,9,26,0,35,4,0,4,39
02/07/2021,BKL,OH,AGL,CE,Federal Contract Tower,0,5,5,0,10,0,4,1,0,5,0,9,6,0,15,0,0,0,15
02/08/2021,BKL,OH,AGL,CE,Federal Contract Tower,0,5,7,0,12,0,4,16,0,20,0,9,23,0,32,6,0,6,38
02/09/2021,BKL,OH,AGL,CE,Federal Contract Tower,0,6,7,0,13,0,8,2,0,10,0,14,9,0,23,10,0,10,33
02/10/2021,BKL,OH,AGL,CE,Federal Contract Tower,0,4,6,2,12,0,8,11,2,21,0,12,17,4,33,12,0,12,45
02/11/2021,BKL,OH,AGL,CE,Federal Contract Tower,0,12,7,0,19,0,12,11,0,23,0,24,18,0,42,12,0,12,54
02/12/2021,BKL,OH,AGL,CE,Federal Contract Tower,0,9,10,0,19,0,12,22,0,34,0,21,32,0,53,42,0,42,95
02/13/2021,BKL,OH,AGL,CE,Federal Contract Tower,0,5,0,0,5,0,0,9,0,9,0,5,9,0,14,18,0,18,32
02/14/2021,BKL,OH,AGL,CE,Federal Contract Tower,0,7,6,0,13,0,3,19,0,22,0,10,25,0,35,32,0,32,67
02/15/2021,BKL,OH,AGL,CE,Federal Contract Tower,0,4,4,0,8,0,2,0,0,2,0,6,4,0,10,0,0,0,10
02/16/2021,BKL,OH,AGL,CE,Federal Contract Tower,0,4,2,0,6,0,0,0,0,0,0,4,2,0,6,0,0,0,6
02/17/2021,BKL,OH,AGL,CE,Federal Contract Tower,0,11,9,0,20,0,12,13,0,25,0,23,22,0,45,14,0,14,59
02/18/2021,BKL,OH,AGL,CE,Federal Contract Tower,0,9,6,0,15,0,3,2,0,5,0,12,8,0,20,0,0,0,20
02/19/2021,BKL,OH,AGL,CE,Federal Contract Tower,0,7,2,0,9,0,3,4,0,7,0,10,6,0,16,0,0,0,16
02/20/2021,BKL,OH,AGL,CE,Federal Contract Tower,0,6,6,0,12,0,2,11,0,13,0,8,17,0,25,22,0,22,47
02/21/2021,BKL,OH,AGL,CE,Federal Contract Tower,0,8,4,0,12,0,15,44,0,59,0,23,48,0,71,52,0,52,123
02/22/2021,BKL,OH,AGL,CE,Federal Contract Tower,0,13,8,0,21,0,3,2,0,5,0,16,10,0,26,0,0,0,26
02/23/2021,BKL,OH,AGL,CE,Federal Contract Tower,0,16,17,0,33,0,10,16,0,26,0,26,33,0,59,6,0,6,65
02/24/2021,BKL,OH,AGL,CE,Federal Contract Tower,0,13,11,0,24,0,17,14,0,31,0,30,25,0,55,0,0,0,55
02/25/2021,BKL,OH,AGL,CE,Federal Contract Tower,0,13,17,0,30,0,12,48,0,60,0,25,65,0,90,98,0,98,188
02/26/2021,BKL,OH,AGL,CE,Federal Contract Tower,0,9,15,1,25,0,12,73,1,86,0,21,88,2,111,72,0,72,183
02/27/2021,BKL,OH,AGL,CE,Federal Contract Tower,0,9,10,0,19,0,8,13,0,21,0,17,23,0,40,24,0,24,64
02/28/2021,BKL,OH,AGL,CE,Federal Contract Tower,0,10,7,0,17,0,4,9,0,13,0,14,16,0,30,12,0,12,42
03/01/2021,BKL,OH,AGL,CE,Federal Contract Tower,0,8,7,0,15,0,6,6,0,12,0,14,13,0,27,16,0,16,43
03/02/2021,BKL,OH,AGL,CE,Federal Contract Tower,0,4,18,2,24,0,7,30,0,37,0,11,48,2,61,30,0,30,91
03/03/2021,BKL,OH,AGL,CE,Federal Contract Tower,0,11,17,0,28,0,1,35,0,36,0,12,52,0,64,96,0,96,160
03/04/2021,BKL,OH,AGL,CE,Federal Contract Tower,0,13,17,0,30,0,8,23,0,31,0,21,40,0,61,24,0,24,85
03/05/2021,BKL,OH,AGL,CE,Federal Contract Tower,0,10,7,1,18,0,12,32,0,44,0,22,39,1,62,60,0,60,122
03/06/2021,BKL,OH,AGL,CE,Federal Contract Tower,0,4,3,0,7,0,14,59,0,73,0,18,62,0,80,76,0,76,156
03/07/2021,BKL,OH,AGL,CE,Federal Contract Tower,0,8,1,0,9,0,3,46,0,49,0,11,47,0,58,38,0,38,96
03/08/2021,BKL,OH,AGL,CE,Federal Contract Tower,0,11,10,0,21,0,8,23,0,31,0,19,33,0,52,6,0,6,58
03/09/2021,BKL,OH,AGL,CE,Federal Contract Tower,0,21,12,0,33,0,10,45,0,55,0,31,57,0,88,76,0,76,164
03/10/2021,BKL,OH,AGL,CE,Federal Contract Tower,0,7,17,0,24,0,8,26,0,34,0,15,43,0,58,18,0,18,76
03/11/2021,BKL,OH,AGL,CE,Federal Contract Tower,0,13,8,0,21,0,8,6,0,14,0,21,14,0,35,0,0,0,35
03/12/2021,BKL,OH,AGL,CE,Federal Contract Tower,0,9,11,0,20,0,15,43,0,58,0,24,54,0,78,50,0,50,128
03/13/2021,BKL,OH,AGL,CE,Federal Contract Tower,0,11,13,0,24,0,11,46,0,57,0,22,59,0,81,56,0,56,137
03/14/2021,BKL,OH,AGL,CE,Federal Contract Tower,0,9,9,0,18,0,6,31,0,37,0,15,40,0,55,12,0,12,67
03/15/2021,BKL,OH,AGL,CE,Federal Contract Tower,0,6,13,4,23,0,4,27,0,31,0,10,40,4,54,18,4,22,76
03/16/2021,BKL,OH,AGL,CE,Federal Contract Tower,0,14,11,0,25,0,7,26,0,33,0,21,37,0,58,24,0,24,82
03/17/2021,BKL,OH,AGL,CE,Federal Contract Tower,0,9,12,0,21,0,9,22,0,31,0,18,34,0,52,20,0,20,72
03/18/2021,BKL,OH,AGL,CE,Federal Contract Tower,0,1,11,0,12,0,2,5,0,7,0,3,16,0,19,0,0,0,19
03/19/2021,BKL,OH,AGL,CE,Federal Contract Tower,0,5,7,0,12,0,27,16,0,43,0,32,23,0,55,4,0,4,59
03/20/2021,BKL,OH,AGL,CE,Federal Contract Tower,0,12,5,0,17,0,12,34,0,46,0,24,39,0,63,58,0,58,121
03/21/2021,BKL,OH,AGL,CE,Federal Contract Tower,0,3,9,0,12,0,7,42,0,49,0,10,51,0,61,40,0,40,101
03/22/2021,BKL,OH,AGL,CE,Federal Contract Tower,0,5,15,0,20,0,20,41,0,61,0,25,56,0,81,54,0,54,135
03/23/2021,BKL,OH,AGL,CE,Federal Contract Tower,0,12,22,1,35,0,11,43,0,54,0,23,65,1,89,20,0,20,109
03/24/2021,BKL,OH,AGL,CE,Federal Contract Tower,0,11,16,0,27,0,13,16,0,29,0,24,32,0,56,14,0,14,70
03/25/2021,BKL,OH,AGL,CE,Federal Contract Tower,0,8,9,0,17,0,17,32,4,53,0,25,41,4,70,58,0,58,128
03/26/2021,BKL,OH,AGL,CE,Federal Contract Tower,0,11,6,1,18,0,7,1,0,8,0,18,7,1,26,38,0,38,64
03/27/2021,BKL,OH,AGL,CE,Federal Contract Tower,0,8,9,2,19,0,16,66,0,82,0,24,75,2,101,146,0,146,247
03/28/2021,BKL,OH,AGL,CE,Federal Contract Tower,0,9,6,0,15,0,5,1,1,7,0,14,7,1,22,0,0,0,22
03/29/2021,BKL,OH,AGL,CE,Federal Contract Tower,0,8,13,0,21,0,24,52,1,77,0,32,65,1,98,38,0,38,136
03/30/2021,BKL,OH,AGL,CE,Federal Contract Tower,0,16,13,1,30,0,24,22,0,46,0,40,35,1,76,12,0,12,88
03/31/2021,BKL,OH,AGL,CE,Federal Contract Tower,0,5,23,0,28,0,28,24,0,52,0,33,47,0,80,22,0,22,102
04/01/2021,BKL,OH,AGL,CE,Federal Contract Tower,0,7,15,0,22,0,3,0,0,3,0,10,15,0,25,0,0,0,25
04/02/2021,BKL,OH,AGL,CE,Federal Contract Tower,0,16,12,0,28,0,35,42,0,77,0,51,54,0,105,42,0,42,147
04/03/2021,BKL,OH,AGL,CE,Federal Contract Tower,0,5,11,0,16,0,2,55,0,57,0,7,66,0,73,44,0,44,117
04/04/2021,BKL,OH,AGL,CE,Federal Contract Tower,0,9,6,0,15,0,6,38,0,44,0,15,44,0,59,20,0,20,79
04/05/2021,BKL,OH,AGL,CE,Federal Contract Tower,2,9,16,2,29,0,15,32,0,47,2,24,48,2,76,12,0,12,88
04/06/2021,BKL,OH,AGL,CE,Federal Contract Tower,0,20,22,0,42,0,14,50,0,64,0,34,72,0,106,34,0,34,140
04/07/2021,BKL,OH,AGL,CE,Federal Contract Tower,2,6,13,0,21,0,0,0,0,0,2,6,13,0,21,8,0,8,29
04/08/2021,BKL,OH,AGL,CE,Federal Contract Tower,1,10,19,0,30,0,23,23,2,48,1,33,42,2,78,0,0,0,78
04/09/2021,BKL,OH,AGL,CE,Federal Contract Tower,1,12,14,0,27,0,6,49,0,55,1,18,63,0,82,30,0,30,112
04/10/2021,BKL,OH,AGL,CE,Federal Contract Tower,0,9,3,0,12,0,4,42,0,46,0,13,45,0,58,16,0,16,74
04/11/2021,BKL,OH,AGL,CE,Federal Contract Tower,0,12,12,0,24,0,5,14,2,21,0,17,26,2,45,2,0,2,47
04/12/2021,BKL,OH,AGL,CE,Federal Contract Tower,0,11,11,0,22,0,3,12,0,15,0,14,23,0,37,32,0,32,69
04/13/2021,BKL,OH,AGL,CE,Federal Contract Tower,0,16,12,0,28,0,9,53,2,64,0,25,65,2,92,50,0,50,142
04/14/2021,BKL,OH,AGL,CE,Federal Contract Tower,0,23,22,0,45,0,22,76,0,98,0,45,98,0,143,102,0,102,245
04/15/2021,BKL,OH,AGL,CE,Federal Contract Tower,0,12,20,0,32,0,12,29,0,41,0,24,49,0,73,26,0,26,99
04/16/2021,BKL,OH,AGL,CE,Federal Contract Tower,0,15,16,0,31,0,15,38,0,53,0,30,54,0,84,38,0,38,122
04/17/2021,BKL,OH,AGL,CE,Federal Contract Tower,0,12,7,0,19,0,14,49,0,63,0,26,56,0,82,64,0,64,146
04/18/2021,BKL,OH,AGL,CE,Federal Contract Tower,0,10,9,0,19,0,10,44,10,64,0,20,53,10,83,34,0,34,117
04/19/2021,BKL,OH,AGL,CE,Federal Contract Tower,2,12,27,0,41,0,15,29,0,44,2,27,56,0,85,18,0,18,103
04/20/2021,BKL,OH,AGL,CE,Federal Contract Tower,0,18,22,0,40,0,23,11,0,34,0,41,33,0,74,28,0,28,102
04/21/2021,BKL,OH,AGL,CE,Federal Contract Tower,2,21,19,0,42,0,13,12,0,25,2,34,31,0,67,0,0,0,67
04/22/2021,BKL,OH,AGL,CE,Federal Contract Tower,2,22,27,1,52,0,26,56,0,82,2,48,83,1,134,72,0,72,206
04/23/2021,BKL,OH,AGL,CE,Federal Contract Tower,0,18,18,1,37,0,29,71,0,100,0,47,89,1,137,86,0,86,223
04/24/2021,BKL,OH,AGL,CE,Federal Contract Tower,0,5,5,0,10,0,17,33,0,50,0,22,38,0,60,40,0,40,100
04/25/2021,BKL,OH,AGL,CE,Federal Contract Tower,3,4,14,0,21,0,10,22,0,32,3,14,36,0,53,6,0,6,59
04/26/2021,BKL,OH,AGL,CE,Federal Contract Tower,2,13,12,0,27,0,9,44,0,53,2,22,56,0,80,22,0,22,102
04/27/2021,BKL,OH,AGL,CE,Federal Contract Tower,0,18,11,0,29,0,16,41,2,59,0,34,52,2,88,10,0,10,98
04/28/2021,BKL,OH,AGL,CE,Federal Contract Tower,2,24,31,0,57,0,14,13,0,27,2,38,44,0,84,0,0,0,84
04/29/2021,BKL,OH,AGL,CE,Federal Contract Tower,0,22,14,0,36,0,0,0,0,0,0,22,14,0,36,0,0,0,36
04/30/2021,BKL,OH,AGL,CE,Federal Contract Tower,0,20,30,1,51,0,10,23,0,33,0,30,53,1,84,0,0,0,84
05/01/2021,BKL,OH,AGL,CE,Federal Contract Tower,0,14,11,0,25,0,9,58,0,67,0,23,69,0,92,12,0,12,104
05/02/2021,BKL,OH,AGL,CE,Federal Contract Tower,0,10,10,0,20,0,4,47,0,51,0,14,57,0,71,22,0,22,93
05/03/2021,BKL,OH,AGL,CE,Federal Contract Tower,0,24,10,0,34,0,2,10,0,12,0,26,20,0,46,10,0,10,56
05/04/2021,BKL,OH,AGL,CE,Federal Contract Tower,0,17,24,0,41,0,4,18,0,22,0,21,42,0,63,68,0,68,131
05/05/2021,BKL,OH,AGL,CE,Federal Contract Tower,0,20,21,0,41,0,8,12,0,20,0,28,33,0,61,44,0,44,105
05/06/2021,BKL,OH,AGL,CE,Federal Contract Tower,2,22,18,0,42,0,15,57,0,72,2,37,75,0,114,46,0,46,160
05/07/2021,BKL,OH,AGL,CE,Federal Contract Tower,0,18,14,2,34,0,5,32,2,39,0,23,46,4,73,56,0,56,129
05/08/2021,BKL,OH,AGL,CE,Federal Contract Tower,0,12,21,0,33,0,4,37,0,41,0,16,58,0,74,38,0,38,112
05/09/2021,BKL,OH,AGL,CE,Federal Contract Tower,0,4,3,0,7,0,0,2,0,2,0,4,5,0,9,0,0,0,9
05/10/2021,BKL,OH,AGL,CE,Federal Contract Tower,1,16,14,4,35,0,8,46,2,56,1,24,60,6,91,66,0,66,157
05/11/2021,BKL,OH,AGL,CE,Federal Contract Tower,2,15,15,0,32,0,3,30,0,33,2,18,45,0,65,22,0,22,87
05/12/2021,BKL,OH,AGL,CE,Federal Contract Tower,1,23,19,0,43,0,9,63,0,72,1,32,82,0,115,38,0,38,153
05/13/2021,BKL,OH,AGL,CE,Federal Contract Tower,0,19,22,0,41,0,8,56,0,64,0,27,78,0,105,30,0,30,135
05/14/2021,BKL,OH,AGL,CE,Federal Contract Tower,0,17,19,1,37,0,5,75,0,80,0,22,94,1,117,32,0,32,149
05/15/2021,BKL,OH,AGL,CE,Federal Contract Tower,0,13,10,0,23,0,11,84,0,95,0,24,94,0,118,62,0,62,180
05/16/2021,BKL,OH,AGL,CE,Federal Contract Tower,0,10,10,0,20,0,16,65,0,81,0,26,75,0,101,36,0,36,137
05/17/2021,BKL,OH,AGL,CE,Federal Contract Tower,0,14,22,2,38,0,7,45,0,52,0,21,67,2,90,84,0,84,174
05/18/2021,BKL,OH,AGL,CE,Federal Contract Tower,0,20,33,0,53,0,11,60,0,71,0,31,93,0,124,124,0,124,248
05/19/2021,BKL,OH,AGL,CE,Federal Contract Tower,0,16,26,0,42,0,21,67,0,88,0,37,93,0,130,64,0,64,194
05/20/2021,BKL,OH,AGL,CE,Federal Contract Tower,0,16,28,0,44,0,10,69,0,79,0,26,97,0,123,48,0,48,171
05/21/2021,BKL,OH,AGL,CE,Federal Contract Tower,2,22,27,2,53,0,30,88,0,118,2,52,115,2,171,108,0,108,279
05/22/2021,BKL,OH,AGL,CE,Federal Contract Tower,0,8,15,1,24,0,7,52,0,59,0,15,67,1,83,32,0,32,115
05/23/2021,BKL,OH,AGL,CE,Federal Contract Tower,2,10,7,0,19,0,6,51,0,57,2,16,58,0,76,22,0,22,98
05/24/2021,BKL,OH,AGL,CE,Federal Contract Tower,0,16,22,0,38,0,7,40,0,47,0,23,62,0,85,116,0,116,201
05/25/2021,BKL,OH,AGL,CE,Federal Contract Tower,0,21,20,0,41,0,18,35,0,53,0,39,55,0,94,28,0,28,122
05/26/2021,BKL,OH,AGL,CE,Federal Contract Tower,0,12,23,2,37,0,6,44,0,50,0,18,67,2,87,68,0,68,155
05/27/2021,BKL,OH,AGL,CE,Federal Contract Tower,0,16,17,0,33,0,17,35,0,52,0,33,52,0,85,12,0,12,97
05/28/2021,BKL,OH,AGL,CE,Federal Contract Tower,0,11,8,0,19,0,8,7,0,15,0,19,15,0,34,0,0,0,34
05/29/2021,BKL,OH,AGL,CE,Federal Contract Tower,0,7,6,0,13,0,5,3,0,8,0,12,9,0,21,0,0,0,21
05/30/2021,BKL,OH,AGL,CE,Federal Contract Tower,1,4,10,0,15,0,10,52,0,62,1,14,62,0,77,10,0,10,87
05/31/2021,BKL,OH,AGL,CE,Federal Contract Tower,2,9,7,0,18,0,12,47,0,59,2,21,54,0,77,38,0,38,115
06/01/2021,BKL,OH,AGL,CE,Federal Contract Tower,0,22,24,2,48,0,18,46,0,64,0,40,70,2,112,68,0,68,180
06/02/2021,BKL,OH,AGL,CE,Federal Contract Tower,2,22,17,2,43,0,2,25,2,29,2,24,42,4,72,54,0,54,126
06/03/2021,BKL,OH,AGL,CE,Federal Contract Tower,0,13,31,0,44,0,6,27,0,33,0,19,58,0,77,64,0,64,141
06/04/2021,BKL,OH,AGL,CE,Federal Contract Tower,0,16,10,8,34,0,11,63,0,74,0,27,73,8,108,94,0,94,202
06/05/2021,BKL,OH,AGL,CE,Federal Contract Tower,0,7,2,0,9,0,14,96,1,111,0,21,98,1,120,106,0,106,226
06/06/2021,BKL,OH,AGL,CE,Federal Contract Tower,0,6,18,2,26,0,12,64,0,76,0,18,82,2,102,36,0,36,138
06/07/2021,BKL,OH,AGL,CE,Federal Contract Tower,0,17,21,0,38,0,10,26,0,36,0,27,47,0,74,52,0,52,126
06/08/2021,BKL,OH,AGL,CE,Federal Contract Tower,0,11,20,2,33,0,2,24,0,26,0,13,44,2,59,58,0,58,117
06/09/2021,BKL,OH,AGL,CE,Federal Contract Tower,0,14,38,0,52,0,11,20,0,31,0,25,58,0,83,12,0,12,95
06/10/2021,BKL,OH,AGL,CE,Federal Contract Tower,0,26,18,0,44,0,8,28,0,36,0,34,46,0,80,38,0,38,118
06/11/2021,BKL,OH,AGL,CE,Federal Contract Tower,0,18,15,2,35,0,18,49,1,68,0,36,64,3,103,32,0,32,135
06/12/2021,BKL,OH,AGL,CE,Federal Contract Tower,0,11,27,0,38,0,11,65,0,76,0,22,92,0,114,84,0,84,198
06/13/2021,BKL,OH,AGL,CE,Federal Contract Tower,1,11,14,0,26,0,1,46,0,47,1,12,60,0,73,38,0,38,111
06/14/2021,BKL,OH,AGL,CE,Federal Contract Tower,2,20,18,2,42,0,9,21,0,30,2,29,39,2,72,58,0,58,130
06/15/2021,BKL,OH,AGL,CE,Federal Contract Tower,0,21,15,1,37,0,13,28,1,42,0,34,43,2,79,48,0,48,127
06/16/2021,BKL,OH,AGL,CE,Federal Contract Tower,0,20,15,2,37,0,20,67,0,87,0,40,82,2,124,122,2,124,248
06/17/2021,BKL,OH,AGL,CE,Federal Contract Tower,2,21,23,0,46,0,9,63,0,72,2,30,86,0,118,20,0,20,138
06/18/2021,BKL,OH,AGL,CE,Federal Contract Tower,0,24,9,0,33,0,15,12,0,27,0,39,21,0,60,18,0,18,78
06/19/2021,BKL,OH,AGL,CE,Federal Contract Tower,0,9,3,0,12,0,3,18,0,21,0,12,21,0,33,54,0,54,87
06/20/2021,BKL,OH,AGL,CE,Federal Contract Tower,0,8,10,0,18,0,2,47,0,49,0,10,57,0,67,28,0,28,95
06/21/2021,BKL,OH,AGL,CE,Federal Contract Tower,0,18,19,0,37,0,4,8,0,12,0,22,27,0,49,0,0,0,49
06/22/2021,BKL,OH,AGL,CE,Federal Contract Tower,0,19,24,0,43,0,11,40,0,51,0,30,64,0,94,50,0,50,144
06/23/2021,BKL,OH,AGL,CE,Federal Contract Tower,0,15,20,2,37,0,8,90,9,107,0,23,110,11,144,184,0,184,328
06/24/2021,BKL,OH,AGL,CE,Federal Contract Tower,0,26,28,0,54,0,9,51,1,61,0,35,79,1,115,34,0,34,149
06/25/2021,BKL,OH,AGL,CE,Federal Contract Tower,1,11,18,4,34,0,21,24,0,45,1,32,42,4,79,0,0,0,79
06/26/2021,BKL,OH,AGL,CE,Federal Contract Tower,0,9,15,3,27,0,12,37,2,51,0,21,52,5,78,12,0,12,90
06/27/2021,BKL,OH,AGL,CE,Federal Contract Tower,3,14,17,4,38,0,4,24,0,28,3,18,41,4,66,8,0,8,74
06/28/2021,BKL,OH,AGL,CE,Federal Contract Tower,2,32,14,1,49,0,3,42,0,45,2,35,56,1,94,66,0,66,160
06/29/2021,BKL,OH,AGL,CE,Federal Contract Tower,0,20,16,0,36,0,9,42,1,52,0,29,58,1,88,34,0,34,122
06/30/2021,BKL,OH,AGL,CE,Federal Contract Tower,0,19,32,0,51,0,2,10,0,12,0,21,42,0,63,24,0,24,87
07/01/2021,BKL,OH,AGL,CE,Federal Contract Tower,3,24,14,0,41,0,16,29,0,45,3,40,43,0,86,76,0,76,162
07/02/2021,BKL,OH,AGL,CE,Federal Contract Tower,0,9,17,0,26,0,14,27,0,41,0,23,44,0,67,18,0,18,85
07/03/2021,BKL,OH,AGL,CE,Federal Contract Tower,0,14,8,0,22,0,11,44,0,55,0,25,52,0,77,120,0,120,197
07/04/2021,BKL,OH,AGL,CE,Federal Contract Tower,2,4,9,0,15,4,33,0,0,37,6,37,9,0,52,16,0,16,68
07/05/2021,BKL,OH,AGL,CE,Federal Contract Tower,0,6,8,0,14,0,10,35,0,45,0,16,43,0,59,24,0,24,83
07/06/2021,BKL,OH,AGL,CE,Federal Contract Tower,0,22,33,5,60,0,19,69,0,88,0,41,102,5,148,54,0,54,202
07/07/2021,BKL,OH,AGL,CE,Federal Contract Tower,0,24,24,1,49,0,6,28,1,35,0,30,52,2,84,56,8,64,148
07/08/2021,BKL,OH,AGL,CE,Federal Contract Tower,1,16,21,2,40,0,5,6,0,11,1,21,27,2,51,6,0,6,57
07/09/2021,BKL,OH,AGL,CE,Federal Contract Tower,0,23,17,8,48,0,5,29,1,35,0,28,46,9,83,24,0,24,107
07/10/2021,BKL,OH,AGL,CE,Federal Contract Tower,0,18,6,0,24,0,11,87,0,98,0,29,93,0,122,100,0,100,222
07/11/2021,BKL,OH,AGL,CE,Federal Contract Tower,2,16,37,0,55,0,5,3,0,8,2,21,40,0,63,0,0,0,63
07/12/2021,BKL,OH,AGL,CE,Federal Contract Tower,0,16,20,0,36,0,3,0,0,3,0,19,20,0,39,0,0,0,39
07/13/2021,BKL,OH,AGL,CE,Federal Contract Tower,0,17,18,0,35,0,10,29,0,39,0,27,47,0,74,44,0,44,118
07/14/2021,BKL,OH,AGL,CE,Federal Contract Tower,0,26,33,0,59,0,8,56,0,64,0,34,89,0,123,116,0,116,239
07/15/2021,BKL,OH,AGL,CE,Federal Contract Tower,0,22,17,0,39,0,6,42,0,48,0,28,59,0,87,24,0,24,111
07/16/2021,BKL,OH,AGL,CE,Federal Contract Tower,0,14,17,0,31,0,0,22,0,22,0,14,39,0,53,62,0,62,115
07/17/2021,BKL,OH,AGL,CE,Federal Contract Tower,0,7,13,0,20,0,4,8,0,12,0,11,21,0,32,2,0,2,34
07/18/2021,BKL,OH,AGL,CE,Federal Contract Tower,0,13,15,0,28,0,8,92,0,100,0,21,107,0,128,40,0,40,168
07/19/2021,BKL,OH,AGL,CE,Federal Contract Tower,3,13,26,0,42,0,9,43,0,52,3,22,69,0,94,98,0,98,192
07/20/2021,BKL,OH,AGL,CE,Federal Contract Tower,0,10,24,2,36,0,27,43,0,70,0,37,67,2,106,130,0,130,236
07/21/2021,BKL,OH,AGL,CE,Federal Contract Tower,1,15,43,0,59,0,22,54,6,82,1,37,97,6,141,50,0,50,191
07/22/2021,BKL,OH,AGL,CE,Federal Contract Tower,0,17,37,0,54,0,25,67,0,92,0,42,104,0,146,44,0,44,190
07/23/2021,BKL,OH,AGL,CE,Federal Contract Tower,0,19,15,0,34,0,14,87,0,101,0,33,102,0,135,110,0,110,245
07/24/2021,BKL,OH,AGL,CE,Federal Contract Tower,0,11,16,0,27,0,8,49,0,57,0,19,65,0,84,66,0,66,150
07/25/2021,BKL,OH,AGL,CE,Federal Contract Tower,1,7,18,0,26,0,8,51,0,59,1,15,69,0,85,8,0,8,93
07/26/2021,BKL,OH,AGL,CE,Federal Contract Tower,1,27,17,1,46,0,29,60,2,91,1,56,77,3,137,92,0,92,229
07/27/2021,BKL,OH,AGL,CE,Federal Contract Tower,0,20,32,0,52,0,15,72,4,91,0,35,104,4,143,64,0,64,207
07/28/2021,BKL,OH,AGL,CE,Federal Contract Tower,1,25,45,4,75,0,21,58,0,79,1,46,103,4,154,46,0,46,200
07/29/2021,BKL,OH,AGL,CE,Federal Contract Tower,0,26,27,0,53,0,34,41,0,75,0,60,68,0,128,38,0,38,166
07/30/2021,BKL,OH,AGL,CE,Federal Contract Tower,0,19,20,0,39,0,14,46,0,60,0,33,66,0,99,82,0,82,181
07/31/2021,BKL,OH,AGL,CE,Federal Contract Tower,0,10,9,0,19,0,7,75,0,82,0,17,84,0,101,60,0,60,161
08/01/2021,BKL,OH,AGL,CE,Federal Contract Tower,0,15,12,0,27,0,3,17,0,20,0,18,29,0,47,16,0,16,63
08/02/2021,BKL,OH,AGL,CE,Federal Contract Tower,0,16,9,4,29,0,9,51,0,60,0,25,60,4,89,30,0,30,119
08/03/2021,BKL,OH,AGL,CE,Federal Contract Tower,0,23,16,4,43,0,17,48,0,65,0,40,64,4,108,104,0,104,212
08/04/2021,BKL,OH,AGL,CE,Federal Contract Tower,0,19,23,2,44,0,20,58,0,78,0,39,81,2,122,84,0,84,206
08/05/2021,BKL,OH,AGL,CE,Federal Contract Tower,2,25,14,4,45,0,9,60,0,69,2,34,74,4,114,54,4,58,172
08/06/2021,BKL,OH,AGL,CE,Federal Contract Tower,0,13,23,0,36,0,16,60,0,76,0,29,83,0,112,22,0,22,134
08/07/2021,BKL,OH,AGL,CE,Federal Contract Tower,0,5,10,0,15,0,20,58,0,78,0,25,68,0,93,74,0,74,167
08/08/2021,BKL,OH,AGL,CE,Federal Contract Tower,1,22,22,0,45,0,5,58,0,63,1,27,80,0,108,0,0,0,108
08/09/2021,BKL,OH,AGL,CE,Federal Contract Tower,1,22,12,0,35,0,12,31,2,45,1,34,43,2,80,8,0,8,88
08/10/2021,BKL,OH,AGL,CE,Federal Contract Tower,1,24,18,0,43,0,12,13,1,26,1,36,31,1,69,38,0,38,107
08/11/2021,BKL,OH,AGL,CE,Federal Contract Tower,0,34,28,0,62,0,8,20,2,30,0,42,48,2,92,56,0,56,148
08/12/2021,BKL,OH,AGL,CE,Federal Contract Tower,1,22,17,0,40,0,11,18,0,29,1,33,35,0,69,14,0,14,83
08/13/2021,BKL,OH,AGL,CE,Federal Contract Tower,0,21,9,1,31,0,10,28,0,38,0,31,37,1,69,66,2,68,137
08/14/2021,BKL,OH,AGL,CE,Federal Contract Tower,0,6,17,0,23,0,10,42,0,52,0,16,59,0,75,90,0,90,165
08/15/2021,BKL,OH,AGL,CE,Federal Contract Tower,1,10,10,0,21,0,7,74,0,81,1,17,84,0,102,50,0,50,152
08/16/2021,BKL,OH,AGL,CE,Federal Contract Tower,0,28,15,0,43,0,5,23,0,28,0,33,38,0,71,32,0,32,103
08/17/2021,BKL,OH,AGL,CE,Federal Contract Tower,0,24,25,0,49,0,10,37,0,47,0,34,62,0,96,132,0,132,228
08/18/2021,BKL,OH,AGL,CE,Federal Contract Tower,0,22,21,2,45,0,12,37,0,49,0,34,58,2,94,116,0,116,210
08/19/2021,BKL,OH,AGL,CE,Federal Contract Tower,0,21,29,2,52,0,15,33,0,48,0,36,62,2,100,50,0,50,150
08/20/2021,BKL,OH,AGL,CE,Federal Contract Tower,0,25,24,1,50,0,12,67,0,79,0,37,91,1,129,46,0,46,175
08/21/2021,BKL,OH,AGL,CE,Federal Contract Tower,0,11,13,2,26,0,5,67,0,72,0,16,80,2,98,26,0,26,124
08/22/2021,BKL,OH,AGL,CE,Federal Contract Tower,0,15,12,0,27,0,0,0,0,0,0,15,12,0,27,28,0,28,55
08/23/2021,BKL,OH,AGL,CE,Federal Contract Tower,0,26,20,2,48,0,8,16,2,26,0,34,36,4,74,40,2,42,116
08/24/2021,BKL,OH,AGL,CE,Federal Contract Tower,1,13,19,0,33,0,11,50,0,61,1,24,69,0,94,64,0,64,158
08/25/2021,BKL,OH,AGL,CE,Federal Contract Tower,0,22,20,1,43,0,8,17,0,25,0,30,37,1,68,0,0,0,68
08/26/2021,BKL,OH,AGL,CE,Federal Contract Tower,0,18,14,2,34,0,11,33,0,44,0,29,47,2,78,40,0,40,118
08/27/2021,BKL,OH,AGL,CE,Federal Contract Tower,2,26,11,0,39,0,13,50,0,63,2,39,61,0,102,80,0,80,182
08/28/2021,BKL,OH,AGL,CE,Federal Contract Tower,0,12,34,0,46,0,15,68,0,83,0,27,102,0,129,72,0,72,201
08/29/2021,BKL,OH,AGL,CE,Federal Contract Tower,0,23,12,0,35,0,8,24,0,32,0,31,36,0,67,12,0,12,79
08/30/2021,BKL,OH,AGL,CE,Federal Contract Tower,1,21,16,4,42,0,25,37,0,62,1,46,53,4,104,56,0,56,160
08/31/2021,BKL,OH,AGL,CE,Federal Contract Tower,0,31,25,0,56,0,17,48,0,65,0,48,73,0,121,60,0,60,181
09/01/2021,BKL,OH,AGL,CE,Federal Contract Tower,0,20,17,0,37,0,11,5,0,16,0,31,22,0,53,4,0,4,57
09/02/2021,BKL,OH,AGL,CE,Federal Contract Tower,0,16,17,3,36,0,16,36,3,55,0,32,53,6,91,10,4,14,105
09/03/2021,BKL,OH,AGL,CE,Federal Contract Tower,0,13,9,9,31,0,8,13,11,32,0,21,22,20,63,0,4,4,67
09/04/2021,BKL,OH,AGL,CE,Federal Contract Tower,0,0,2,0,2,0,3,0,0,3,0,3,2,0,5,0,0,0,5
09/05/2021,BKL,OH,AGL,CE,Federal Contract Tower,0,1,2,0,3,0,2,2,0,4,0,3,4,0,7,4,0,4,11
09/06/2021,BKL,OH,AGL,CE,Federal Contract Tower,0,3,4,0,7,0,8,5,1,14,0,11,9,1,21,0,0,0,21
09/07/2021,BKL,OH,AGL,CE,Federal Contract Tower,0,24,15,19,58,0,20,34,2,56,0,44,49,21,114,2,0,2,116
09/08/2021,BKL,OH,AGL,CE,Federal Contract Tower,0,12,16,1,29,0,23,43,0,66,0,35,59,1,95,60,0,60,155
09/09/2021,BKL,OH,AGL,CE,Federal Contract Tower,2,27,13,0,42,0,7,28,0,35,2,34,41,0,77,20,0,20,97
09/10/2021,BKL,OH,AGL,CE,Federal Contract Tower,2,25,15,3,45,0,27,70,0,97,2,52,85,3,142,84,0,84,226
09/11/2021,BKL,OH,AGL,CE,Federal Contract Tower,0,8,4,0,12,0,13,50,0,63,0,21,54,0,75,2,0,2,77
09/12/2021,BKL,OH,AGL,CE,Federal Contract Tower,2,5,11,0,18,0,3,31,1,35,2,8,42,1,53,44,0,44,97
09/13/2021,BKL,OH,AGL,CE,Federal Contract Tower,0,16,21,3,40,0,7,35,0,42,0,23,56,3,82,40,0,40,122
09/14/2021,BKL,OH,AGL,CE,Federal Contract Tower,0,21,18,0,39,0,15,25,0,40,0,36,43,0,79,34,0,34,113
09/15/2021,BKL,OH,AGL,CE,Federal Contract Tower,0,19,31,1,51,0,21,37,0,58,0,40,68,1,109,60,0,60,169
09/16/2021,BKL,OH,AGL,CE,Federal Contract Tower,0,24,24,0,48,0,26,46,1,73,0,50,70,1,121,98,0,98,219
09/17/2021,BKL,OH,AGL,CE,Federal Contract Tower,2,14,20,0,36,0,15,75,2,92,2,29,95,2,128,118,0,118,246
09/18/2021,BKL,OH,AGL,CE,Federal Contract Tower,0,12,19,0,31,0,7,57,0,64,0,19,76,0,95,38,0,38,133
09/19/2021,BKL,OH,AGL,CE,Federal Contract Tower,0,24,63,0,87,0,10,112,0,122,0,34,175,0,209,66,0,66,275
09/20/2021,BKL,OH,AGL,CE,Federal Contract Tower,2,10,25,2,39,0,7,43,0,50,2,17,68,2,89,6,0,6,95
09/21/2021,BKL,OH,AGL,CE,Federal Contract Tower,0,11,31,0,42,0,12,6,0,18,0,23,37,0,60,8,0,8,68
09/22/2021,BKL,OH,AGL,CE,Federal Contract Tower,0,4,13,0,17,0,0,0,0,0,0,4,13,0,17,0,0,0,17
09/23/2021,BKL,OH,AGL,CE,Federal Contract Tower,0,20,18,0,38,0,21,22,0,43,0,41,40,0,81,8,0,8,89
09/24/2021,BKL,OH,AGL,CE,Federal Contract Tower,0,24,27,0,51,0,11,35,0,46,0,35,62,0,97,16,0,16,113
09/25/2021,BKL,OH,AGL,CE,Federal Contract Tower,0,13,9,0,22,0,11,48,0,59,0,24,57,0,81,48,0,48,129
09/26/2021,BKL,OH,AGL,CE,Federal Contract Tower,4,28,67,0,99,0,8,50,0,58,4,36,117,0,157,0,0,0,157
09/27/2021,BKL,OH,AGL,CE,Federal Contract Tower,2,21,15,0,38,0,26,15,0,41,2,47,30,0,79,0,0,0,79
09/28/2021,BKL,OH,AGL,CE,Federal Contract Tower,0,18,34,2,54,0,22,37,0,59,0,40,71,2,113,72,0,72,185
09/29/2021,BKL,OH,AGL,CE,Federal Contract Tower,0,28,25,2,55,0,23,52,2,77,0,51,77,4,132,76,0,76,208
09/30/2021,BKL,OH,AGL,CE,Federal Contract Tower,0,18,23,0,41,0,29,55,0,84,0,47,78,0,125,106,0,106,231
10/01/2021,BKL,OH,AGL,CE,Federal Contract Tower,0,13,25,0,38,0,10,70,2,82,0,23,95,2,120,144,0,144,264
10/02/2021,BKL,OH,AGL,CE,Federal Contract Tower,0,7,14,0,21,0,14,64,0,78,0,21,78,0,99,52,0,52,151
10/03/2021,BKL,OH,AGL,CE,Federal Contract Tower,0,20,17,0,37,0,4,9,0,13,0,24,26,0,50,10,0,10,60
10/04/2021,BKL,OH,AGL,CE,Federal Contract Tower,0,16,16,0,32,0,5,11,0,16,0,21,27,0,48,26,0,26,74
10/05/2021,BKL,OH,AGL,CE,Federal Contract Tower,0,22,33,0,55,0,11,26,0,37,0,33,59,0,92,96,0,96,188
10/06/2021,BKL,OH,AGL,CE,Federal Contract Tower,0,27,17,1,45,0,2,10,0,12,0,29,27,1,57,58,0,58,115
10/07/2021,BKL,OH,AGL,CE,Federal Contract Tower,0,21,20,1,42,0,17,32,0,49,0,38,52,1,91,10,0,10,101
10/08/2021,BKL,OH,AGL,CE,Federal Contract Tower,0,14,28,1,43,0,14,21,0,35,0,28,49,1,78,32,0,32,110
10/09/2021,BKL,OH,AGL,CE,Federal Contract Tower,0,5,21,0,26,0,13,44,0,57,0,18,65,0,83,52,0,52,135
10/10/2021,BKL,OH,AGL,CE,Federal Contract Tower,0,3,10,0,13,0,0,0,0,0,0,3,10,0,13,32,0,32,45
10/11/2021,BKL,OH,AGL,CE,Federal Contract Tower,0,14,27,1,42,0,0,0,0,0,0,14,27,1,42,26,0,26,68
10/12/2021,BKL,OH,AGL,CE,Federal Contract Tower,0,25,23,0,48,0,18,29,0,47,0,43,52,0,95,16,0,16,111
10/13/2021,BKL,OH,AGL,CE,Federal Contract Tower,0,19,20,5,44,0,18,48,0,66,0,37,68,5,110,44,0,44,154
10/14/2021,BKL,OH,AGL,CE,Federal Contract Tower,0,6,38,0,44,0,15,65,1,81,0,21,103,1,125,68,0,68,193
10/15/2021,BKL,OH,AGL,CE,Federal Contract Tower,0,13,29,0,42,0,20,8,0,28,0,33,37,0,70,0,0,0,70
10/16/2021,BKL,OH,AGL,CE,Federal Contract Tower,0,12,11,0,23,0,11,2,2,15,0,23,13,2,38,0,0,0,38
10/17/2021,BKL,OH,AGL,CE,Federal Contract Tower,0,20,40,0,60,0,1,35,0,36,0,21,75,0,96,0,0,0,96
10/18/2021,BKL,OH,AGL,CE,Federal Contract Tower,0,16,29,0,45,0,5,50,2,57,0,21,79,2,102,30,0,30,132
10/19/2021,BKL,OH,AGL,CE,Federal Contract Tower,0,26,21,1,48,0,21,67,1,89,0,47,88,2,137,52,0,52,189
10/20/2021,BKL,OH,AGL,CE,Federal Contract Tower,0,30,36,0,66,0,24,57,2,83,0,54,93,2,149,92,0,92,241
10/21/2021,BKL,OH,AGL,CE,Federal Contract Tower,0,38,34,0,72,0,16,18,0,34,0,54,52,0,106,0,0,0,106
10/22/2021,BKL,OH,AGL,CE,Federal Contract Tower,0,24,38,2,64,0,6,21,0,27,0,30,59,2,91,92,0,92,183
10/23/2021,BKL,OH,AGL,CE,Federal Contract Tower,0,4,16,0,20,0,13,73,0,86,0,17,89,0,106,52,0,52,158
10/24/2021,BKL,OH,AGL,CE,Federal Contract Tower,0,10,20,1,31,0,0,26,1,27,0,10,46,2,58,4,0,4,62
10/25/2021,BKL,OH,AGL,CE,Federal Contract Tower,0,19,22,0,41,0,6,10,0,16,0,25,32,0,57,10,0,10,67
10/26/2021,BKL,OH,AGL,CE,Federal Contract Tower,0,12,15,0,27,0,4,4,0,8,0,16,19,0,35,0,0,0,35
10/27/2021,BKL,OH,AGL,CE,Federal Contract Tower,0,19,18,2,39,0,9,7,0,16,0,28,25,2,55,12,0,12,67
10/28/2021,BKL,OH,AGL,CE,Federal Contract Tower,1,21,32,0,54,0,12,61,0,73,1,33,93,0,127,140,0,140,267
10/29/2021,BKL,OH,AGL,CE,Federal Contract Tower,0,15,36,0,51,0,4,3,0,7,0,19,39,0,58,0,0,0,58
10/30/2021,BKL,OH,AGL,CE,Federal Contract Tower,0,20,22,0,42,0,4,19,0,23,0,24,41,0,65,32,0,32,97
10/31/2021,BKL,OH,AGL,CE,Federal Contract Tower,0,41,59,0,100,0,8,17,14,39,0,49,76,14,139,0,0,0,139
11/01/2021,BKL,OH,AGL,CE,Federal Contract Tower,0,20,18,1,39,0,0,0,0,0,0,20,18,1,39,38,0,38,77
11/02/2021,BKL,OH,AGL,CE,Federal Contract Tower,0,20,15,0,35,0,12,28,0,40,0,32,43,0,75,60,0,60,135
11/03/2021,BKL,OH,AGL,CE,Federal Contract Tower,0,14,20,0,34,0,13,30,0,43,0,27,50,0,77,28,0,28,105
11/04/2021,BKL,OH,AGL,CE,Federal Contract Tower,0,12,25,0,37,0,14,39,0,53,0,26,64,0,90,40,0,40,130
11/05/2021,BKL,OH,AGL,CE,Federal Contract Tower,0,11,21,2,34,0,22,50,2,74,0,33,71,4,108,56,0,56,164
11/06/2021,BKL,OH,AGL,CE,Federal Contract Tower,0,10,10,0,20,0,11,69,0,80,0,21,79,0,100,86,0,86,186
11/07/2021,BKL,OH,AGL,CE,Federal Contract Tower,0,8,10,0,18,0,10,55,1,66,0,18,65,1,84,74,0,74,158
11/08/2021,BKL,OH,AGL,CE,Federal Contract Tower,0,16,15,0,31,0,7,40,0,47,0,23,55,0,78,44,0,44,122
11/09/2021,BKL,OH,AGL,CE,Federal Contract Tower,0,7,27,0,34,0,21,48,0,69,0,28,75,0,103,88,0,88,191
11/10/2021,BKL,OH,AGL,CE,Federal Contract Tower,0,10,29,3,42,0,21,41,0,62,0,31,70,3,104,96,0,96,200
11/11/2021,BKL,OH,AGL,CE,Federal Contract Tower,0,6,23,0,29,0,19,24,0,43,0,25,47,0,72,38,0,38,110
11/12/2021,BKL,OH,AGL,CE,Federal Contract Tower,0,16,16,0,32,0,7,25,0,32,0,23,41,0,64,56,0,56,120
11/13/2021,BKL,OH,AGL,CE,Federal Contract Tower,0,10,6,0,16,0,3,0,0,3,0,13,6,0,19,0,0,0,19
11/14/2021,BKL,OH,AGL,CE,Federal Contract Tower,0,19,7,0,26,0,3,0,0,3,0,22,7,0,29,0,0,0,29
11/15/2021,BKL,OH,AGL,CE,Federal Contract Tower,0,20,21,0,41,0,2,9,0,11,0,22,30,0,52,14,0,14,66
11/16/2021,BKL,OH,AGL,CE,Federal Contract Tower,0,10,22,0,32,0,19,52,0,71,0,29,74,0,103,132,0,132,235
11/17/2021,BKL,OH,AGL,CE,Federal Contract Tower,0,19,11,1,31,0,23,18,3,44,0,42,29,4,75,16,0,16,91
11/18/2021,BKL,OH,AGL,CE,Federal Contract Tower,0,18,26,0,44,0,7,8,0,15,0,25,34,0,59,2,0,2,61
11/19/2021,BKL,OH,AGL,CE,Federal Contract Tower,0,18,28,2,48,0,8,22,0,30,0,26,50,2,78,38,0,38,116
11/20/2021,BKL,OH,AGL,CE,Federal Contract Tower,0,14,21,0,35,0,16,35,0,51,0,30,56,0,86,18,0,18,104
11/21/2021,BKL,OH,AGL,CE,Federal Contract Tower,0,18,20,1,39,0,1,20,3,24,0,19,40,4,63,0,2,2,65
11/22/2021,BKL,OH,AGL,CE,Federal Contract Tower,0,19,9,2,30,0,4,16,0,20,0,23,25,2,50,52,0,52,102
11/23/2021,BKL,OH,AGL,CE,Federal Contract Tower,0,20,14,0,34,0,6,27,0,33,0,26,41,0,67,32,0,32,99
11/24/2021,BKL,OH,AGL,CE,Federal Contract Tower,0,18,15,4,37,0,7,29,0,36,0,25,44,4,73,30,0,30,103
11/25/2021,BKL,OH,AGL,CE,Federal Contract Tower,0,12,3,0,15,0,9,1,0,10,0,21,4,0,25,0,0,0,25
11/26/2021,BKL,OH,AGL,CE,Federal Contract Tower,0,23,5,0,28,0,2,6,0,8,0,25,11,0,36,0,0,0,36
11/27/2021,BKL,OH,AGL,CE,Federal Contract Tower,0,6,9,0,15,0,4,30,0,34,0,10,39,0,49,70,0,70,119
11/28/2021,BKL,OH,AGL,CE,Federal Contract Tower,0,11,6,0,17,0,0,3,0,3,0,11,9,0,20,0,0,0,20
11/29/2021,BKL,OH,AGL,CE,Federal Contract Tower,0,16,15,0,31,0,3,16,0,19,0,19,31,0,50,40,0,40,90
11/30/2021,BKL,OH,AGL,CE,Federal Contract Tower,0,22,24,2,48,0,14,27,0,41,0,36,51,2,89,16,0,16,105
12/01/2021,BKL,OH,AGL,CE,Federal Contract Tower,0,14,41,0,55,0,24,22,0,46,0,38,63,0,101,32,0,32,133
12/02/2021,BKL,OH,AGL,CE,Federal Contract Tower,0,19,24,2,45,0,9,4,0,13,0,28,28,2,58,0,2,2,60
12/03/2021,BKL,OH,AGL,CE,Federal Contract Tower,0,22,18,0,40,0,14,8,0,22,0,36,26,0,62,88,0,88,150
12/04/2021,BKL,OH,AGL,CE,Federal Contract Tower,0,12,22,2,36,0,5,51,0,56,0,17,73,2,92,34,0,34,126
12/05/2021,BKL,OH,AGL,CE,Federal Contract Tower,0,12,16,0,28,0,9,30,0,39,0,21,46,0,67,28,0,28,95
12/06/2021,BKL,OH,AGL,CE,Federal Contract Tower,0,16,20,0,36,0,4,1,0,5,0,20,21,0,41,0,0,0,41
12/07/2021,BKL,OH,AGL,CE,Federal Contract Tower,0,21,22,0,43,0,10,20,0,30,0,31,42,0,73,18,0,18,91
12/08/2021,BKL,OH,AGL,CE,Federal Contract Tower,0,18,24,0,42,0,10,30,0,40,0,28,54,0,82,112,0,112,194
12/09/2021,BKL,OH,AGL,CE,Federal Contract Tower,0,24,26,0,50,0,35,29,0,64,0,59,55,0,114,40,0,40,154
12/10/2021,BKL,OH,AGL,CE,Federal Contract Tower,1,19,29,0,49,0,7,19,1,27,1,26,48,1,76,52,0,52,128
12/11/2021,BKL,OH,AGL,CE,Federal Contract Tower,0,7,8,0,15,0,1,10,0,11,0,8,18,0,26,8,0,8,34
12/12/2021,BKL,OH,AGL,CE,Federal Contract Tower,0,18,22,0,40,0,5,62,0,67,0,23,84,0,107,13,0,13,120
12/13/2021,BKL,OH,AGL,CE,Federal Contract Tower,0,17,21,0,38,0,12,49,0,61,0,29,70,0,99,42,0,42,141
12/14/2021,BKL,OH,AGL,CE,Federal Contract Tower,0,8,21,0,29,0,14,71,0,85,0,22,92,0,114,76,0,76,190
12/15/2021,BKL,OH,AGL,CE,Federal Contract Tower,0,23,34,2,59,0,14,20,1,35,0,37,54,3,94,10,0,10,104
12/16/2021,BKL,OH,AGL,CE,Federal Contract Tower,0,21,21,1,43,0,6,2,0,8,0,27,23,1,51,0,0,0,51
12/17/2021,BKL,OH,AGL,CE,Federal Contract Tower,0,13,19,2,34,0,27,56,0,83,0,40,75,2,117,118,0,118,235
12/18/2021,BKL,OH,AGL,CE,Federal Contract Tower,0,16,7,0,23,0,3,13,0,16,0,19,20,0,39,4,0,4,43
12/19/2021,BKL,OH,AGL,CE,Federal Contract Tower,0,3,10,0,13,0,4,32,0,36,0,7,42,0,49,16,0,16,65
12/20/2021,BKL,OH,AGL,CE,Federal Contract Tower,0,15,20,0,35,0,15,36,0,51,0,30,56,0,86,12,0,12,98
12/21/2021,BKL,OH,AGL,CE,Federal Contract Tower,0,13,19,3,35,0,21,48,0,69,0,34,67,3,104,24,0,24,128
12/22/2021,BKL,OH,AGL,CE,Federal Contract Tower,0,12,15,0,27,0,22,12,0,34,0,34,27,0,61,0,0,0,61
12/23/2021,BKL,OH,AGL,CE,Federal Contract Tower,0,9,11,0,20,0,25,40,0,65,0,34,51,0,85,38,0,38,123
12/24/2021,BKL,OH,AGL,CE,Federal Contract Tower,0,8,6,0,14,0,6,21,0,27,0,14,27,0,41,26,0,26,67
12/25/2021,BKL,OH,AGL,CE,Federal Contract Tower,0,5,0,0,5,0,3,9,0,12,0,8,9,0,17,0,0,0,17
12/26/2021,BKL,OH,AGL,CE,Federal Contract Tower,0,5,13,0,18,0,14,29,0,43,0,19,42,0,61,38,0,38,99
12/27/2021,BKL,OH,AGL,CE,Federal Contract Tower,0,8,15,0,23,0,6,19,0,25,0,14,34,0,48,6,0,6,54
12/28/2021,BKL,OH,AGL,CE,Federal Contract Tower,0,12,3,0,15,0,5,23,0,28,0,17,26,0,43,46,0,46,89
12/29/2021,BKL,OH,AGL,CE,Federal Contract Tower,0,6,10,1,17,0,0,0,0,0,0,6,10,1,17,0,0,0,17
12/30/2021,BKL,OH,AGL,CE,Federal Contract Tower,0,11,6,0,17,0,2,2,0,4,0,13,8,0,21,0,0,0,21
12/31/2021,BKL,OH,AGL,CE,Federal Contract Tower,0,12,11,0,23,0,9,38,0,47,0,21,49,0,70,70,0,70,140
01/01/2022,BKL,OH,AGL,CE,Federal Contract Tower,0,4,2,0,6,0,3,26,0,29,0,7,28,0,35,0,0,0,35
01/02/2022,BKL,OH,AGL,CE,Federal Contract Tower,0,1,5,0,6,0,1,0,0,1,0,2,5,0,7,0,0,0,7
01/03/2022,BKL,OH,AGL,CE,Federal Contract Tower,0,8,15,0,23,0,4,19,0,23,0,12,34,0,46,26,0,26,72
01/04/2022,BKL,OH,AGL,CE,Federal Contract Tower,0,8,13,4,25,0,5,24,0,29,0,13,37,4,54,30,0,30,84
01/05/2022,BKL,OH,AGL,CE,Federal Contract Tower,1,3,10,4,18,0,13,8,0,21,1,16,18,4,39,2,0,2,41
01/06/2022,BKL,OH,AGL,CE,Federal Contract Tower,0,10,19,0,29,0,12,17,2,31,0,22,36,2,60,56,0,56,116
01/07/2022,BKL,OH,AGL,CE,Federal Contract Tower,0,4,9,2,15,0,2,4,0,6,0,6,13,2,21,34,0,34,55
01/08/2022,BKL,OH,AGL,CE,Federal Contract Tower,0,6,8,0,14,0,7,26,0,33,0,13,34,0,47,14,0,14,61
01/09/2022,BKL,OH,AGL,CE,Federal Contract Tower,0,3,17,0,20,0,0,2,0,2,0,3,19,0,22,2,0,2,24
01/10/2022,BKL,OH,AGL,CE,Federal Contract Tower,0,10,13,0,23,0,0,0,0,0,0,10,13,0,23,0,0,0,23
01/11/2022,BKL,OH,AGL,CE,Federal Contract Tower,0,4,12,2,18,0,5,36,0,41,0,9,48,2,59,52,0,52,111
01/12/2022,BKL,OH,AGL,CE,Federal Contract Tower,0,5,10,1,16,0,12,28,3,43,0,17,38,4,59,26,0,26,85
01/13/2022,BKL,OH,AGL,CE,Federal Contract Tower,0,12,11,0,23,0,6,30,0,36,0,18,41,0,59,40,0,40,99
01/14/2022,BKL,OH,AGL,CE,Federal Contract Tower,0,10,3,0,13,0,0,4,0,4,0,10,7,0,17,0,0,0,17
01/15/2022,BKL,OH,AGL,CE,Federal Contract Tower,0,9,6,0,15,0,4,25,0,29,0,13,31,0,44,30,0,30,74
01/16/2022,BKL,OH,AGL,CE,Federal Contract Tower,0,5,7,0,12,0,7,51,0,58,0,12,58,0,70,96,0,96,166
01/17/2022,BKL,OH,AGL,CE,Federal Contract Tower,0,6,0,0,6,0,0,0,0,0,0,6,0,0,6,0,0,0,6
01/18/2022,BKL,OH,AGL,CE,Federal Contract Tower,0,15,16,0,31,0,19,10,0,29,0,34,26,0,60,6,0,6,66
01/19/2022,BKL,OH,AGL,CE,Federal Contract Tower,0,11,10,2,23,0,17,7,0,24,0,28,17,2,47,10,0,10,57
01/20/2022,BKL,OH,AGL,CE,Federal Contract Tower,0,8,17,0,25,0,11,4,0,15,0,19,21,0,40,30,0,30,70
01/21/2022,BKL,OH,AGL,CE,Federal Contract Tower,0,6,11,0,17,0,0,16,0,16,0,6,27,0,33,44,0,44,77
01/22/2022,BKL,OH,AGL,CE,Federal Contract Tower,0,10,6,0,16,0,6,31,0,37,0,16,37,0,53,144,0,144,197
01/23/2022,BKL,OH,AGL,CE,Federal Contract Tower,0,8,6,0,14,0,3,0,0,3,0,11,6,0,17,0,0,0,17
01/24/2022,BKL,OH,AGL,CE,Federal Contract Tower,0,4,5,1,10,0,0,2,0,2,0,4,7,1,12,0,0,0,12
01/25/2022,BKL,OH,AGL,CE,Federal Contract Tower,0,14,9,0,23,0,11,18,0,29,0,25,27,0,52,52,0,52,104
01/26/2022,BKL,OH,AGL,CE,Federal Contract Tower,0,15,12,0,27,0,10,13,0,23,0,25,25,0,50,56,0,56,106
01/27/2022,BKL,OH,AGL,CE,Federal Contract Tower,0,11,13,0,24,0,13,12,1,26,0,24,25,1,50,2,0,2,52
01/28/2022,BKL,OH,AGL,CE,Federal Contract Tower,0,4,2,0,6,0,1,0,0,1,0,5,2,0,7,0,0,0,7
01/29/2022,BKL,OH,AGL,CE,Federal Contract Tower,0,8,4,0,12,0,10,29,0,39,0,18,33,0,51,84,0,84,135
01/30/2022,BKL,OH,AGL,CE,Federal Contract Tower,0,13,4,0,17,0,7,3,0,10,0,20,7,0,27,0,0,0,27
01/31/2022,BKL,OH,AGL,CE,Federal Contract Tower,0,11,8,1,20,0,10,35,1,46,0,21,43,2,66,84,0,84,150
02/01/2022,BKL,OH,AGL,CE,Federal Contract Tower,0,8,9,2,19,0,0,0,0,0,0,8,9,2,19,2,0,2,21
02/02/2022,BKL,OH,AGL,CE,Federal Contract Tower,0,12,14,0,26,0,4,11,0,15,0,16,25,0,41,8,0,8,49
02/03/2022,BKL,OH,AGL,CE,Federal Contract Tower,0,0,2,0,2,0,0,0,0,0,0,0,2,0,2,0,0,0,2
02/04/2022,BKL,OH,AGL,CE,Federal Contract Tower,0,1,10,0,11,0,0,2,0,2,0,1,12,0,13,0,0,0,13
02/05/2022,BKL,OH,AGL,CE,Federal Contract Tower,0,2,4,0,6,0,2,8,0,10,0,4,12,0,16,0,0,0,16
02/06/2022,BKL,OH,AGL,CE,Federal Contract Tower,0,1,7,0,8,0,15,28,0,43,0,16,35,0,51,54,0,54,105
02/07/2022,BKL,OH,AGL,CE,Federal Contract Tower,0,8,23,0,31,0,8,20,0,28,0,16,43,0,59,52,0,52,111
02/08/2022,BKL,OH,AGL,CE,Federal Contract Tower,0,3,13,0,16,0,12,22,0,34,0,15,35,0,50,80,0,80,130
02/09/2022,BKL,OH,AGL,CE,Federal Contract Tower,0,16,23,0,39,0,12,47,0,59,0,28,70,0,98,84,0,84,182
02/10/2022,BKL,OH,AGL,CE,Federal Contract Tower,0,4,31,3,38,0,5,12,0,17,0,9,43,3,55,20,0,20,75
02/11/2022,BKL,OH,AGL,CE,Federal Contract Tower,0,5,17,1,23,0,5,9,0,14,0,10,26,1,37,8,0,8,45
02/12/2022,BKL,OH,AGL,CE,Federal Contract Tower,0,2,3,0,5,0,3,38,0,41,0,5,41,0,46,112,0,112,158
02/13/2022,BKL,OH,AGL,CE,Federal Contract Tower,0,6,8,0,14,0,0,6,0,6,0,6,14,0,20,18,0,18,38
02/14/2022,BKL,OH,AGL,CE,Federal Contract Tower,0,10,14,0,24,0,8,47,0,55,0,18,61,0,79,8,0,8,87
02/15/2022,BKL,OH,AGL,CE,Federal Contract Tower,0,15,24,1,40,0,10,50,3,63,0,25,74,4,103,114,2,116,219
02/16/2022,BKL,OH,AGL,CE,Federal Contract Tower,0,16,12,0,28,0,11,9,0,20,0,27,21,0,48,0,0,0,48
02/17/2022,BKL,OH,AGL,CE,Federal Contract Tower,0,15,26,0,41,0,10,4,0,14,0,25,30,0,55,0,0,0,55
02/18/2022,BKL,OH,AGL,CE,Federal Contract Tower,0,18,27,0,45,0,2,6,0,8,0,20,33,0,53,0,0,0,53
02/19/2022,BKL,OH,AGL,CE,Federal Contract Tower,2,18,23,2,45,0,2,4,0,6,2,20,27,2,51,0,0,0,51
02/20/2022,BKL,OH,AGL,CE,Federal Contract Tower,1,32,20,0,53,0,5,15,0,20,1,37,35,0,73,0,0,0,73
02/21/2022,BKL,OH,AGL,CE,Federal Contract Tower,0,61,46,0,107,0,8,43,0,51,0,69,89,0,158,84,0,84,242
02/22/2022,BKL,OH,AGL,CE,Federal Contract Tower,0,12,14,0,26,0,14,8,0,22,0,26,22,0,48,0,0,0,48
02/23/2022,BKL,OH,AGL,CE,Federal Contract Tower,0,16,15,2,33,0,19,34,0,53,0,35,49,2,86,108,0,108,194
02/24/2022,BKL,OH,AGL,CE,Federal Contract Tower,0,12,15,0,27,0,11,23,0,34,0,23,38,0,61,0,0,0,61
02/25/2022,BKL,OH,AGL,CE,Federal Contract Tower,0,10,8,0,18,0,0,0,0,0,0,10,8,0,18,0,0,0,18
02/26/2022,BKL,OH,AGL,CE,Federal Contract Tower,0,10,14,0,24,0,15,27,0,42,0,25,41,0,66,14,0,14,80
02/27/2022,BKL,OH,AGL,CE,Federal Contract Tower,0,8,15,0,23,0,15,39,0,54,0,23,54,0,77,38,0,38,115
02/28/2022,BKL,OH,AGL,CE,Federal Contract Tower,0,10,11,1,22,0,14,28,1,43,0,24,39,2,65,70,0,70,135
03/01/2022,BKL,OH,AGL,CE,Federal Contract Tower,0,9,25,0,34,0,17,48,0,65,0,26,73,0,99,92,0,92,191
03/02/2022,BKL,OH,AGL,CE,Federal Contract Tower,0,11,22,0,33,0,32,43,0,75,0,43,65,0,108,86,0,86,194
03/03/2022,BKL,OH,AGL,CE,Federal Contract Tower,0,11,13,0,24,0,0,17,0,17,0,11,30,0,41,52,0,52,93
03/04/2022,BKL,OH,AGL,CE,Federal Contract Tower,0,25,17,0,42,0,13,35,0,48,0,38,52,0,90,42,0,42,132
03/05/2022,BKL,OH,AGL,CE,Federal Contract Tower,0,13,3,0,16,0,7,40,0,47,0,20,43,0,63,14,0,14,77
03/06/2022,BKL,OH,AGL,CE,Federal Contract Tower,0,8,5,2,15,0,5,16,4,25,0,13,21,6,40,8,0,8,48
03/07/2022,BKL,OH,AGL,CE,Federal Contract Tower,0,12,14,0,26,0,1,2,0,3,0,13,16,0,29,0,0,0,29
03/08/2022,BKL,OH,AGL,CE,Federal Contract Tower,0,12,16,2,30,0,4,23,0,27,0,16,39,2,57,64,0,64,121
03/09/2022,BKL,OH,AGL,CE,Federal Contract Tower,0,14,21,0,35,0,10,49,0,59,0,24,70,0,94,116,0,116,210
03/10/2022,BKL,OH,AGL,CE,Federal Contract Tower,0,24,28,0,52,0,15,64,0,79,0,39,92,0,131,220,0,220,351
03/11/2022,BKL,OH,AGL,CE,Federal Contract Tower,0,2,17,1,20,0,14,21,1,36,0,16,38,2,56,40,0,40,96
03/12/2022,BKL,OH,AGL,CE,Federal Contract Tower,0,6,2,0,8,0,5,1,0,6,0,11,3,0,14,0,0,0,14
03/13/2022,BKL,OH,AGL,CE,Federal Contract Tower,0,6,11,0,17,0,3,2,0,5,0,9,13,0,22,0,0,0,22
03/14/2022,BKL,OH,AGL,CE,Federal Contract Tower,0,6,10,4,20,0,8,32,0,40,0,14,42,4,60,38,0,38,98
03/15/2022,BKL,OH,AGL,CE,Federal Contract Tower,0,21,23,0,44,0,25,58,0,83,0,46,81,0,127,68,0,68,195
03/16/2022,BKL,OH,AGL,CE,Federal Contract Tower,0,23,11,4,38,0,24,65,0,89,0,47,76,4,127,116,0,116,243
03/17/2022,BKL,OH,AGL,CE,Federal Contract Tower,0,6,17,0,23,0,58,75,0,133,0,64,92,0,156,142,0,142,298
03/18/2022,BKL,OH,AGL,CE,Federal Contract Tower,0,7,11,0,18,0,18,37,2,57,0,25,48,2,75,52,0,52,127
03/19/2022,BKL,OH,AGL,CE,Federal Contract Tower,0,9,11,0,20,0,8,0,0,8,0,17,11,0,28,0,0,0,28
03/20/2022,BKL,OH,AGL,CE,Federal Contract Tower,0,8,15,0,23,0,13,44,0,57,0,21,59,0,80,6,0,6,86
03/21/2022,BKL,OH,AGL,CE,Federal Contract Tower,0,7,14,0,21,0,16,34,2,52,0,23,48,2,73,26,0,26,99
03/22/2022,BKL,OH,AGL,CE,Federal Contract Tower,0,15,11,0,26,0,39,40,0,79,0,54,51,0,105,60,0,60,165
03/23/2022,BKL,OH,AGL,CE,Federal Contract Tower,0,5,6,0,11,0,20,6,0,26,0,25,12,0,37,0,0,0,37
03/24/2022,BKL,OH,AGL,CE,Federal Contract Tower,0,13,22,2,37,0,11,42,0,53,0,24,64,2,90,22,0,22,112
03/25/2022,BKL,OH,AGL,CE,Federal Contract Tower,0,8,18,0,26,0,2,11,0,13,0,10,29,0,39,4,0,4,43
03/26/2022,BKL,OH,AGL,CE,Federal Contract Tower,0,7,3,0,10,0,0,1,0,1,0,7,4,0,11,0,0,0,11
03/27/2022,BKL,OH,AGL,CE,Federal Contract Tower,0,7,4,0,11,0,2,2,0,4,0,9,6,0,15,0,0,0,15
03/28/2022,BKL,OH,AGL,CE,Federal Contract Tower,0,8,17,2,27,0,35,28,2,65,0,43,45,4,92,50,0,50,142
03/29/2022,BKL,OH,AGL,CE,Federal Contract Tower,0,14,12,0,26,0,20,55,0,75,0,34,67,0,101,84,0,84,185
03/30/2022,BKL,OH,AGL,CE,Federal Contract Tower,0,16,21,0,37,0,26,5,0,31,0,42,26,0,68,0,0,0,68
03/31/2022,BKL,OH,AGL,CE,Federal Contract Tower,0,15,16,0,31,0,3,18,0,21,0,18,34,0,52,0,0,0,52
04/01/2022,BKL,OH,AGL,CE,Federal Contract Tower,0,2,11,0,13,0,7,12,0,19,0,9,23,0,32,36,0,36,68
04/02/2022,BKL,OH,AGL,CE,Federal Contract Tower,0,7,5,1,13,0,11,68,0,79,0,18,73,1,92,52,0,52,144
04/03/2022,BKL,OH,AGL,CE,Federal Contract Tower,0,7,10,1,18,0,7,35,0,42,0,14,45,1,60,14,0,14,74
04/04/2022,BKL,OH,AGL,CE,Federal Contract Tower,0,11,16,0,27,0,0,0,0,0,0,11,16,0,27,0,0,0,27
04/05/2022,BKL,OH,AGL,CE,Federal Contract Tower,0,10,5,0,15,0,16,8,0,24,0,26,13,0,39,10,0,10,49
04/06/2022,BKL,OH,AGL,CE,Federal Contract Tower,0,16,16,0,32,0,6,23,0,29,0,22,39,0,61,26,0,26,87
04/07/2022,BKL,OH,AGL,CE,Federal Contract Tower,0,7,18,0,25,0,15,36,0,51,0,22,54,0,76,48,0,48,124
04/08/2022,BKL,OH,AGL,CE,Federal Contract Tower,0,21,13,0,34,0,6,7,0,13,0,27,20,0,47,28,0,28,75
04/09/2022,BKL,OH,AGL,CE,Federal Contract Tower,0,11,6,0,17,0,4,32,0,36,0,15,38,0,53,20,0,20,73
04/10/2022,BKL,OH,AGL,CE,Federal Contract Tower,0,10,10,0,20,0,7,50,0,57,0,17,60,0,77,52,0,52,129
04/11/2022,BKL,OH,AGL,CE,Federal Contract Tower,0,15,27,0,42,0,4,13,0,17,0,19,40,0,59,32,0,32,91
04/12/2022,BKL,OH,AGL,CE,Federal Contract Tower,0,21,33,2,56,0,7,67,0,74,0,28,100,2,130,180,0,180,310
04/13/2022,BKL,OH,AGL,CE,Federal Contract Tower,0,22,16,0,38,0,17,29,0,46,0,39,45,0,84,0,0,0,84
04/14/2022,BKL,OH,AGL,CE,Federal Contract Tower,1,11,16,0,28,0,11,29,0,40,1,22,45,0,68,14,0,14,82
04/15/2022,BKL,OH,AGL,CE,Federal Contract Tower,0,12,16,0,28,0,2,11,0,13,0,14,27,0,41,6,0,6,47
04/16/2022,BKL,OH,AGL,CE,Federal Contract Tower,0,12,6,0,18,0,8,33,0,41,0,20,39,0,59,14,0,14,73
04/17/2022,BKL,OH,AGL,CE,Federal Contract Tower,2,13,16,0,31,0,13,35,0,48,2,26,51,0,79,20,0,20,99
04/18/2022,BKL,OH,AGL,CE,Federal Contract Tower,2,10,10,0,22,0,2,4,0,6,2,12,14,0,28,2,0,2,30
04/19/2022,BKL,OH,AGL,CE,Federal Contract Tower,0,17,6,0,23,0,0,3,0,3,0,17,9,0,26,10,0,10,36
04/20/2022,BKL,OH,AGL,CE,Federal Contract Tower,0,26,18,0,44,0,36,39,0,75,0,62,57,0,119,10,0,10,129
04/21/2022,BKL,OH,AGL,CE,Federal Contract Tower,1,14,7,0,22,0,12,13,0,25,1,26,20,0,47,0,0,0,47
04/22/2022,BKL,OH,AGL,CE,Federal Contract Tower,0,20,14,0,34,0,13,54,0,67,0,33,68,0,101,98,0,98,199
04/23/2022,BKL,OH,AGL,CE,Federal Contract Tower,0,13,5,0,18,0,16,47,0,63,0,29,52,0,81,34,0,34,115
04/24/2022,BKL,OH,AGL,CE,Federal Contract Tower,0,17,9,0,26,0,8,48,0,56,0,25,57,0,82,28,0,28,110
04/25/2022,BKL,OH,AGL,CE,Federal Contract Tower,0,19,17,0,36,0,5,9,0,14,0,24,26,0,50,10,0,10,60
04/26/2022,BKL,OH,AGL,CE,Federal Contract Tower,1,16,25,0,42,0,4,33,0,37,1,20,58,0,79,62,0,62,141
04/27/2022,BKL,OH,AGL,CE,Federal Contract Tower,0,19,10,0,29,0,15,23,0,38,0,34,33,0,67,80,0,80,147
04/28/2022,BKL,OH,AGL,CE,Federal Contract Tower,0,23,24,0,47,0,18,60,0,78,0,41,84,0,125,98,0,98,223
04/29/2022,BKL,OH,AGL,CE,Federal Contract Tower,0,18,24,0,42,0,20,73,0,93,0,38,97,0,135,96,0,96,231
04/30/2022,BKL,OH,AGL,CE,Federal Contract Tower,0,7,11,0,18,0,12,57,0,69,0,19,68,0,87,54,0,54,141
05/01/2022,BKL,OH,AGL,CE,Federal Contract Tower,0,15,9,0,24,0,4,10,0,14,0,19,19,0,38,0,0,0,38
05/02/2022,BKL,OH,AGL,CE,Federal Contract Tower,0,20,13,0,33,0,20,37,0,57,0,40,50,0,90,28,0,28,118
05/03/2022,BKL,OH,AGL,CE,Federal Contract Tower,0,16,15,0,31,0,10,1,0,11,0,26,16,0,42,0,0,0,42
05/04/2022,BKL,OH,AGL,CE,Federal Contract Tower,1,14,18,0,33,0,0,2,0,2,1,14,20,0,35,0,0,0,35
05/05/2022,BKL,OH,AGL,CE,Federal Contract Tower,3,28,22,2,55,0,13,41,0,54,3,41,63,2,109,74,0,74,183
05/06/2022,BKL,OH,AGL,CE,Federal Contract Tower,0,21,20,0,41,0,6,3,0,9,0,27,23,0,50,0,0,0,50
05/07/2022,BKL,OH,AGL,CE,Federal Contract Tower,0,12,9,0,21,0,2,2,0,4,0,14,11,0,25,0,0,0,25
05/08/2022,BKL,OH,AGL,CE,Federal Contract Tower,2,11,8,0,21,0,4,53,0,57,2,15,61,0,78,30,0,30,108
05/09/2022,BKL,OH,AGL,CE,Federal Contract Tower,0,13,26,0,39,0,8,29,0,37,0,21,55,0,76,90,0,90,166
05/10/2022,BKL,OH,AGL,CE,Federal Contract Tower,0,24,36,1,61,0,47,48,0,95,0,71,84,1,156,68,0,68,224
05/11/2022,BKL,OH,AGL,CE,Federal Contract Tower,0,9,16,2,27,0,55,80,0,135,0,64,96,2,162,64,0,64,226
05/12/2022,BKL,OH,AGL,CE,Federal Contract Tower,0,22,22,0,44,0,12,48,2,62,0,34,70,2,106,6,0,6,112
05/13/2022,BKL,OH,AGL,CE,Federal Contract Tower,0,13,14,5,32,0,18,60,0,78,0,31,74,5,110,28,0,28,138
05/14/2022,BKL,OH,AGL,CE,Federal Contract Tower,0,13,6,3,22,0,14,35,2,51,0,27,41,5,73,30,0,30,103
05/15/2022,BKL,OH,AGL,CE,Federal Contract Tower,0,10,16,5,31,0,6,50,0,56,0,16,66,5,87,78,0,78,165
05/16/2022,BKL,OH,AGL,CE,Federal Contract Tower,0,14,19,1,34,0,26,43,2,71,0,40,62,3,105,33,0,33,138
05/17/2022,BKL,OH,AGL,CE,Federal Contract Tower,0,13,16,12,41,0,26,57,0,83,0,39,73,12,124,58,0,58,182
05/18/2022,BKL,OH,AGL,CE,Federal Contract Tower,0,22,17,1,40,0,27,29,0,56,0,49,46,1,96,16,0,16,112
05/19/2022,BKL,OH,AGL,CE,Federal Contract Tower,4,15,22,0,41,0,27,51,0,78,4,42,73,0,119,26,0,26,145
05/20/2022,BKL,OH,AGL,CE,Federal Contract Tower,0,6,26,0,32,0,6,41,0,47,0,12,67,0,79,30,0,30,109
05/21/2022,BKL,OH,AGL,CE,Federal Contract Tower,0,7,5,0,12,0,12,40,6,58,0,19,45,6,70,26,0,26,96
05/22/2022,BKL,OH,AGL,CE,Federal Contract Tower,1,12,16,0,29,0,4,5,0,9,1,16,21,0,38,6,0,6,44
05/23/2022,BKL,OH,AGL,CE,Federal Contract Tower,0,20,11,0,31,0,8,38,0,46,0,28,49,0,77,66,0,66,143
05/24/2022,BKL,OH,AGL,CE,Federal Contract Tower,0,14,23,0,37,0,31,74,0,105,0,45,97,0,142,110,0,110,252
05/25/2022,BKL,OH,AGL,CE,Federal Contract Tower,0,22,30,0,52,0,40,53,0,93,0,62,83,0,145,68,0,68,213
05/26/2022,BKL,OH,AGL,CE,Federal Contract Tower,0,21,9,0,30,0,9,16,0,25,0,30,25,0,55,0,0,0,55
05/27/2022,BKL,OH,AGL,CE,Federal Contract Tower,0,5,17,0,22,0,24,33,0,57,0,29,50,0,79,30,0,30,109
05/28/2022,BKL,OH,AGL,CE,Federal Contract Tower,0,11,15,0,26,0,10,49,0,59,0,21,64,0,85,76,0,76,161
05/29/2022,BKL,OH,AGL,CE,Federal Contract Tower,0,6,4,0,10,0,12,32,0,44,0,18,36,0,54,44,0,44,98
05/30/2022,BKL,OH,AGL,CE,Federal Contract Tower,2,11,10,0,23,0,24,46,0,70,2,35,56,0,93,36,0,36,129
05/31/2022,BKL,OH,AGL,CE,Federal Contract Tower,0,13,23,0,36,0,27,63,0,90,0,40,86,0,126,52,0,52,178
06/01/2022,BKL,OH,AGL,CE,Federal Contract Tower,2,35,24,0,61,0,49,81,0,130,2,84,105,0,191,16,0,16,207
06/02/2022,BKL,OH,AGL,CE,Federal Contract Tower,0,25,16,0,41,0,7,40,0,47,0,32,56,0,88,106,0,106,194
06/03/2022,BKL,OH,AGL,CE,Federal Contract Tower,0,13,18,2,33,0,35,63,0,98,0,48,81,2,131,140,0,140,271
06/04/2022,BKL,OH,AGL,CE,Federal Contract Tower,0,4,8,0,12,0,7,70,0,77,0,11,78,0,89,158,0,158,247
06/05/2022,BKL,OH,AGL,CE,Federal Contract Tower,2,15,15,0,32,0,15,51,0,66,2,30,66,0,98,18,0,18,116
06/06/2022,BKL,OH,AGL,CE,Federal Contract Tower,2,8,12,0,22,0,31,43,0,74,2,39,55,0,96,10,0,10,106
06/07/2022,BKL,OH,AGL,CE,Federal Contract Tower,0,10,11,2,23,0,5,8,0,13,0,15,19,2,36,10,0,10,46
06/08/2022,BKL,OH,AGL,CE,Federal Contract Tower,1,14,23,1,39,0,20,46,0,66,1,34,69,1,105,88,0,88,193
06/09/2022,BKL,OH,AGL,CE,Federal Contract Tower,0,7,19,1,27,0,24,55,1,80,0,31,74,2,107,36,0,36,143
06/10/2022,BKL,OH,AGL,CE,Federal Contract Tower,0,14,14,1,29,0,24,93,1,118,0,38,107,2,147,76,0,76,223
06/11/2022,BKL,OH,AGL,CE,Federal Contract Tower,0,6,14,0,20,0,11,51,0,62,0,17,65,0,82,42,0,42,124
06/12/2022,BKL,OH,AGL,CE,Federal Contract Tower,1,13,14,0,28,0,11,72,0,83,1,24,86,0,111,38,0,38,149
06/13/2022,BKL,OH,AGL,CE,Federal Contract Tower,0,8,16,0,24,0,33,37,0,70,0,41,53,0,94,38,0,38,132
06/14/2022,BKL,OH,AGL,CE,Federal Contract Tower,0,14,25,0,39,0,16,53,0,69,0,30,78,0,108,98,0,98,206
06/15/2022,BKL,OH,AGL,CE,Federal Contract Tower,0,19,23,0,42,0,17,87,0,104,0,36,110,0,146,132,0,132,278
06/16/2022,BKL,OH,AGL,CE,Federal Contract Tower,0,21,17,0,38,0,13,86,0,99,0,34,103,0,137,128,0,128,265
06/17/2022,BKL,OH,AGL,CE,Federal Contract Tower,0,20,13,4,37,0,16,72,0,88,0,36,85,4,125,120,0,120,245
06/18/2022,BKL,OH,AGL,CE,Federal Contract Tower,0,11,12,0,23,0,7,25,0,32,0,18,37,0,55,32,0,32,87
06/19/2022,BKL,OH,AGL,CE,Federal Contract Tower,0,10,11,0,21,0,10,75,0,85,0,20,86,0,106,6,0,6,112
06/20/2022,BKL,OH,AGL,CE,Federal Contract Tower,0,24,27,0,51,0,21,51,0,72,0,45,78,0,123,60,0,60,183
06/21/2022,BKL,OH,AGL,CE,Federal Contract Tower,0,16,21,0,37,0,12,44,0,56,0,28,65,0,93,50,0,50,143
06/22/2022,BKL,OH,AGL,CE,Federal Contract Tower,0,13,32,1,46,0,27,43,0,70,0,40,75,1,116,22,0,22,138
06/23/2022,BKL,OH,AGL,CE,Federal Contract Tower,1,13,30,5,49,0,37,70,0,107,1,50,100,5,156,76,0,76,232
06/24/2022,BKL,OH,AGL,CE,Federal Contract Tower,0,22,26,2,50,0,22,62,1,85,0,44,88,3,135,46,0,46,181
06/25/2022,BKL,OH,AGL,CE,Federal Contract Tower,0,11,10,1,22,0,23,167,2,192,0,34,177,3,214,18,0,18,232
06/26/2022,BKL,OH,AGL,CE,Federal Contract Tower,1,9,9,0,19,0,17,28,0,45,1,26,37,0,64,2,0,2,66
06/27/2022,BKL,OH,AGL,CE,Federal Contract Tower,1,11,21,1,34,0,12,35,0,47,1,23,56,1,81,66,0,66,147
06/28/2022,BKL,OH,AGL,CE,Federal Contract Tower,0,17,21,0,38,0,40,107,0,147,0,57,128,0,185,6,0,6,191
06/29/2022,BKL,OH,AGL,CE,Federal Contract Tower,0,14,13,0,27,0,40,68,0,108,0,54,81,0,135,24,0,24,159
06/30/2022,BKL,OH,AGL,CE,Federal Contract Tower,1,20,19,1,41,0,25,65,0,90,1,45,84,1,131,8,0,8,139
07/01/2022,BKL,OH,AGL,CE,Federal Contract Tower,1,18,16,0,35,0,31,60,0,91,1,49,76,0,126,108,0,108,234
07/02/2022,BKL,OH,AGL,CE,Federal Contract Tower,0,5,14,0,19,0,9,51,2,62,0,14,65,2,81,24,0,24,105
07/03/2022,BKL,OH,AGL,CE,Federal Contract Tower,1,12,6,0,19,0,17,69,0,86,1,29,75,0,105,0,0,0,105
07/04/2022,BKL,OH,AGL,CE,Federal Contract Tower,0,8,11,0,19,0,16,40,2,58,0,24,51,2,77,42,0,42,119
07/05/2022,BKL,OH,AGL,CE,Federal Contract Tower,0,7,16,0,23,0,29,50,0,79,0,36,66,0,102,86,0,86,188
07/06/2022,BKL,OH,AGL,CE,Federal Contract Tower,0,3,9,0,12,0,9,15,0,24,0,12,24,0,36,26,0,26,62
07/07/2022,BKL,OH,AGL,CE,Federal Contract Tower,0,7,23,0,30,0,12,64,0,76,0,19,87,0,106,148,0,148,254
07/08/2022,BKL,OH,AGL,CE,Federal Contract Tower,0,22,12,4,38,0,21,83,0,104,0,43,95,4,142,100,0,100,242
07/09/2022,BKL,OH,AGL,CE,Federal Contract Tower,0,5,7,0,12,0,9,51,0,60,0,14,58,0,72,22,0,22,94
07/10/2022,BKL,OH,AGL,CE,Federal Contract Tower,0,20,15,0,35,0,5,74,0,79,0,25,89,0,114,34,0,34,148
07/11/2022,BKL,OH,AGL,CE,Federal Contract Tower,2,15,21,0,38,0,8,49,6,63,2,23,70,6,101,68,0,68,169
07/12/2022,BKL,OH,AGL,CE,Federal Contract Tower,0,22,14,2,38,0,33,81,0,114,0,55,95,2,152,90,0,90,242
07/13/2022,BKL,OH,AGL,CE,Federal Contract Tower,0,9,22,3,34,0,21,78,0,99,0,30,100,3,133,76,0,76,209
07/14/2022,BKL,OH,AGL,CE,Federal Contract Tower,4,16,22,0,42,0,16,86,0,102,4,32,108,0,144,148,0,148,292
07/15/2022,BKL,OH,AGL,CE,Federal Contract Tower,0,29,23,1,53,0,35,64,0,99,0,64,87,1,152,56,0,56,208
07/16/2022,BKL,OH,AGL,CE,Federal Contract Tower,0,4,12,0,16,0,1,58,0,59,0,5,70,0,75,56,0,56,131
07/17/2022,BKL,OH,AGL,CE,Federal Contract Tower,0,15,29,2,46,0,5,13,0,18,0,20,42,2,64,14,0,14,78
07/18/2022,BKL,OH,AGL,CE,Federal Contract Tower,0,5,20,0,25,0,28,53,0,81,0,33,73,0,106,88,0,88,194
07/19/2022,BKL,OH,AGL,CE,Federal Contract Tower,0,16,18,1,35,0,19,67,1,87,0,35,85,2,122,88,0,88,210
07/20/2022,BKL,OH,AGL,CE,Federal Contract Tower,0,10,30,0,40,0,31,64,1,96,0,41,94,1,136,118,0,118,254
07/21/2022,BKL,OH,AGL,CE,Federal Contract Tower,0,17,24,0,41,0,15,51,0,66,0,32,75,0,107,82,0,82,189
07/22/2022,BKL,OH,AGL,CE,Federal Contract Tower,0,12,20,0,32,0,27,85,3,115,0,39,105,3,147,166,0,166,313
07/23/2022,BKL,OH,AGL,CE,Federal Contract Tower,0,8,11,3,22,0,14,46,0,60,0,22,57,3,82,28,0,28,110
07/24/2022,BKL,OH,AGL,CE,Federal Contract Tower,0,10,16,4,30,0,5,42,0,47,0,15,58,4,77,38,0,38,115
07/25/2022,BKL,OH,AGL,CE,Federal Contract Tower,0,13,27,3,43,0,24,99,0,123,0,37,126,3,166,100,0,100,266
07/26/2022,BKL,OH,AGL,CE,Federal Contract Tower,0,12,28,0,40,0,17,47,1,65,0,29,75,1,105,16,0,16,121
07/27/2022,BKL,OH,AGL,CE,Federal Contract Tower,0,10,24,1,35,0,25,40,2,67,0,35,64,3,102,34,0,34,136
07/28/2022,BKL,OH,AGL,CE,Federal Contract Tower,0,28,30,4,62,0,37,51,2,90,0,65,81,6,152,86,0,86,238
07/29/2022,BKL,OH,AGL,CE,Federal Contract Tower,0,13,18,0,31,0,44,58,2,104,0,57,76,2,135,40,0,40,175
07/30/2022,BKL,OH,AGL,CE,Federal Contract Tower,0,5,9,0,14,0,10,67,0,77,0,15,76,0,91,118,0,118,209
07/31/2022,BKL,OH,AGL,CE,Federal Contract Tower,0,7,18,0,25,0,9,53,0,62,0,16,71,0,87,22,0,22,109
08/01/2022,BKL,OH,AGL,CE,Federal Contract Tower,1,9,17,0,27,0,22,59,0,81,1,31,76,0,108,48,0,48,156
08/02/2022,BKL,OH,AGL,CE,Federal Contract Tower,0,14,13,0,27,0,18,61,0,79,0,32,74,0,106,52,0,52,158
08/03/2022,BKL,OH,AGL,CE,Federal Contract Tower,1,23,16,2,42,0,24,62,0,86,1,47,78,2,128,30,0,30,158
08/04/2022,BKL,OH,AGL,CE,Federal Contract Tower,2,27,26,0,55,0,22,55,0,77,2,49,81,0,132,74,0,74,206
08/05/2022,BKL,OH,AGL,CE,Federal Contract Tower,0,13,11,0,24,0,12,41,0,53,0,25,52,0,77,30,0,30,107
08/06/2022,BKL,OH,AGL,CE,Federal Contract Tower,0,10,12,0,22,0,13,77,0,90,0,23,89,0,112,52,0,52,164
08/07/2022,BKL,OH,AGL,CE,Federal Contract Tower,2,13,16,2,33,0,10,42,1,53,2,23,58,3,86,22,0,22,108
08/08/2022,BKL,OH,AGL,CE,Federal Contract Tower,0,9,24,0,33,0,32,53,0,85,0,41,77,0,118,14,0,14,132
08/09/2022,BKL,OH,AGL,CE,Federal Contract Tower,0,8,24,0,32,0,14,41,0,55,0,22,65,0,87,74,0,74,161
08/10/2022,BKL,OH,AGL,CE,Federal Contract Tower,0,11,25,0,36,0,30,60,1,91,0,41,85,1,127,90,0,90,217
08/11/2022,BKL,OH,AGL,CE,Federal Contract Tower,0,7,25,0,32,0,35,73,1,109,0,42,98,1,141,92,0,92,233
08/12/2022,BKL,OH,AGL,CE,Federal Contract Tower,0,6,10,0,16,0,14,76,0,90,0,20,86,0,106,76,0,76,182
08/13/2022,BKL,OH,AGL,CE,Federal Contract Tower,0,9,9,0,18,0,5,66,0,71,0,14,75,0,89,60,0,60,149
08/14/2022,BKL,OH,AGL,CE,Federal Contract Tower,0,9,15,0,24,0,4,68,0,72,0,13,83,0,96,18,0,18,114
08/15/2022,BKL,OH,AGL,CE,Federal Contract Tower,2,5,25,3,35,0,6,39,0,45,2,11,64,3,80,58,0,58,138
08/16/2022,BKL,OH,AGL,CE,Federal Contract Tower,0,10,33,1,44,0,39,58,0,97,0,49,91,1,141,68,0,68,209
08/17/2022,BKL,OH,AGL,CE,Federal Contract Tower,0,20,22,2,44,0,51,94,1,146,0,71,116,3,190,88,2,90,280
08/18/2022,BKL,OH,AGL,CE,Federal Contract Tower,0,16,19,1,36,0,15,56,0,71,0,31,75,1,107,120,0,120,227
08/19/2022,BKL,OH,AGL,CE,Federal Contract Tower,2,7,14,2,25,0,18,68,1,87,2,25,82,3,112,62,0,62,174
08/20/2022,BKL,OH,AGL,CE,Federal Contract Tower,0,4,9,0,13,0,13,73,0,86,0,17,82,0,99,38,0,38,137
08/21/2022,BKL,OH,AGL,CE,Federal Contract Tower,2,8,19,0,29,0,2,4,0,6,2,10,23,0,35,0,0,0,35
08/22/2022,BKL,OH,AGL,CE,Federal Contract Tower,0,13,13,0,26,0,29,26,0,55,0,42,39,0,81,62,0,62,143
08/23/2022,BKL,OH,AGL,CE,Federal Contract Tower,0,18,12,2,32,0,38,74,0,112,0,56,86,2,144,62,0,62,206
08/24/2022,BKL,OH,AGL,CE,Federal Contract Tower,0,14,35,10,59,0,58,76,0,134,0,72,111,10,193,68,0,68,261
08/25/2022,BKL,OH,AGL,CE,Federal Contract Tower,0,16,20,0,36,0,18,57,0,75,0,34,77,0,111,48,0,48,159
08/26/2022,BKL,OH,AGL,CE,Federal Contract Tower,0,16,15,2,33,0,7,65,0,72,0,23,80,2,105,44,0,44,149
08/27/2022,BKL,OH,AGL,CE,Federal Contract Tower,0,1,13,0,14,0,9,55,0,64,0,10,68,0,78,46,0,46,124
08/28/2022,BKL,OH,AGL,CE,Federal Contract Tower,2,7,10,0,19,0,10,85,0,95,2,17,95,0,114,4,0,4,118
08/29/2022,BKL,OH,AGL,CE,Federal Contract Tower,2,10,14,0,26,0,7,18,0,25,2,17,32,0,51,4,0,4,55
08/30/2022,BKL,OH,AGL,CE,Federal Contract Tower,0,8,16,7,31,0,27,55,0,82,0,35,71,7,113,0,0,0,113
08/31/2022,BKL,OH,AGL,CE,Federal Contract Tower,0,13,22,4,39,0,24,15,5,44,0,37,37,9,83,0,0,0,83
09/01/2022,BKL,OH,AGL,CE,Federal Contract Tower,0,13,17,4,34,0,14,10,0,24,0,27,27,4,58,0,8,8,66
09/02/2022,BKL,OH,AGL,CE,Federal Contract Tower,2,3,10,10,25,0,5,22,11,38,2,8,32,21,63,0,0,0,63
09/03/2022,BKL,OH,AGL,CE,Federal Contract Tower,0,0,0,3,3,0,3,0,0,3,0,3,0,3,6,0,0,0,6
09/04/2022,BKL,OH,AGL,CE,Federal Contract Tower,0,2,0,0,2,0,1,0,0,1,0,3,0,0,3,0,0,0,3
09/05/2022,BKL,OH,AGL,CE,Federal Contract Tower,0,3,5,6,14,0,0,0,0,0,0,3,5,6,14,0,4,4,18
09/06/2022,BKL,OH,AGL,CE,Federal Contract Tower,1,16,15,18,50,0,22,26,1,49,1,38,41,19,99,8,0,8,107
09/07/2022,BKL,OH,AGL,CE,Federal Contract Tower,0,10,15,0,25,0,20,43,0,63,0,30,58,0,88,32,0,32,120
09/08/2022,BKL,OH,AGL,CE,Federal Contract Tower,0,16,28,0,44,0,20,30,0,50,0,36,58,0,94,52,0,52,146
09/09/2022,BKL,OH,AGL,CE,Federal Contract Tower,0,20,27,0,47,0,15,77,3,95,0,35,104,3,142,66,0,66,208
09/10/2022,BKL,OH,AGL,CE,Federal Contract Tower,0,12,14,1,27,0,5,84,0,89,0,17,98,1,116,56,0,56,172
09/11/2022,BKL,OH,AGL,CE,Federal Contract Tower,0,11,33,0,44,0,4,19,0,23,0,15,52,0,67,50,0,50,117
09/12/2022,BKL,OH,AGL,CE,Federal Contract Tower,0,1,28,6,35,0,26,45,0,71,0,27,73,6,106,0,0,0,106
09/13/2022,BKL,OH,AGL,CE,Federal Contract Tower,0,9,29,2,40,0,25,33,0,58,0,34,62,2,98,34,4,38,136
09/14/2022,BKL,OH,AGL,CE,Federal Contract Tower,0,12,29,0,41,0,21,32,4,57,0,33,61,4,98,0,0,0,98
09/15/2022,BKL,OH,AGL,CE,Federal Contract Tower,4,10,25,0,39,0,34,64,0,98,4,44,89,0,137,22,0,22,159
09/16/2022,BKL,OH,AGL,CE,Federal Contract Tower,2,10,30,4,46,0,21,64,0,85,2,31,94,4,131,20,0,20,151
09/17/2022,BKL,OH,AGL,CE,Federal Contract Tower,0,11,12,0,23,0,17,69,0,86,0,28,81,0,109,16,0,16,125
09/18/2022,BKL,OH,AGL,CE,Federal Contract Tower,0,28,36,0,64,0,11,42,1,54,0,39,78,1,118,0,0,0,118
09/19/2022,BKL,OH,AGL,CE,Federal Contract Tower,2,9,17,0,28,0,13,15,0,28,2,22,32,0,56,6,0,6,62
09/20/2022,BKL,OH,AGL,CE,Federal Contract Tower,0,17,36,0,53,0,23,76,0,99,0,40,112,0,152,86,0,86,238
09/21/2022,BKL,OH,AGL,CE,Federal Contract Tower,0,11,22,0,33,0,51,36,0,87,0,62,58,0,120,18,0,18,138
09/23/2022,BKL,OH,AGL,CE,Federal Contract Tower,0,28,61,2,91,0,26,48,0,74,0,54,109,2,165,52,0,52,217
09/24/2022,BKL,OH,AGL,CE,Federal Contract Tower,0,10,21,1,32,0,16,76,1,93,0,26,97,2,125,68,0,68,193
09/25/2022,BKL,OH,AGL,CE,Federal Contract Tower,0,14,35,0,49,0,6,12,0,18,0,20,47,0,67,16,0,16,83
09/26/2022,BKL,OH,AGL,CE,Federal Contract Tower,1,20,12,0,33,0,0,6,0,6,1,20,18,0,39,4,0,4,43
09/27/2022,BKL,OH,AGL,CE,Federal Contract Tower,1,23,17,0,41,0,5,8,0,13,1,28,25,0,54,20,0,20,74
09/28/2022,BKL,OH,AGL,CE,Federal Contract Tower,0,15,24,0,39,0,21,9,2,32,0,36,33,2,71,20,0,20,91
09/29/2022,BKL,OH,AGL,CE,Federal Contract Tower,2,22,19,1,44,0,26,44,0,70,2,48,63,1,114,60,0,60,174
09/30/2022,BKL,OH,AGL,CE,Federal Contract Tower,3,13,17,0,33,0,23,56,1,80,3,36,73,1,113,52,0,52,165
10/01/2022,BKL,OH,AGL,CE,Federal Contract Tower,0,6,17,0,23,0,3,23,0,26,0,9,40,0,49,12,0,12,61
10/02/2022,BKL,OH,AGL,CE,Federal Contract Tower,0,10,10,0,20,0,6,13,0,19,0,16,23,0,39,0,0,0,39
10/03/2022,BKL,OH,AGL,CE,Federal Contract Tower,0,13,33,0,46,0,14,30,0,44,0,27,63,0,90,16,0,16,106
10/04/2022,BKL,OH,AGL,CE,Federal Contract Tower,0,12,22,0,34,0,22,57,0,79,0,34,79,0,113,98,0,98,211
10/05/2022,BKL,OH,AGL,CE,Federal Contract Tower,1,13,27,0,41,0,24,53,4,81,1,37,80,4,122,76,0,76,198
10/06/2022,BKL,OH,AGL,CE,Federal Contract Tower,4,19,22,0,45,0,20,38,2,60,4,39,60,2,105,24,0,24,129
10/07/2022,BKL,OH,AGL,CE,Federal Contract Tower,1,22,21,0,44,0,34,13,1,48,1,56,34,1,92,2,0,2,94
10/08/2022,BKL,OH,AGL,CE,Federal Contract Tower,0,11,12,0,23,0,12,57,0,69,0,23,69,0,92,0,0,0,92
10/09/2022,BKL,OH,AGL,CE,Federal Contract Tower,4,7,20,0,31,0,6,66,1,73,4,13,86,1,104,0,0,0,104
10/10/2022,BKL,OH,AGL,CE,Federal Contract Tower,0,21,11,0,32,0,22,57,0,79,0,43,68,0,111,82,0,82,193
10/11/2022,BKL,OH,AGL,CE,Federal Contract Tower,0,6,28,0,34,0,1,10,48,59,0,7,38,48,93,110,0,110,203
10/12/2022,BKL,OH,AGL,CE,Federal Contract Tower,0,19,21,0,40,0,12,38,0,50,0,31,59,0,90,58,0,58,148
10/13/2022,BKL,OH,AGL,CE,Federal Contract Tower,0,23,17,1,41,0,31,39,0,70,0,54,56,1,111,38,0,38,149
10/14/2022,BKL,OH,AGL,CE,Federal Contract Tower,0,16,27,0,43,0,18,45,0,63,0,34,72,0,106,22,0,22,128
10/15/2022,BKL,OH,AGL,CE,Federal Contract Tower,2,26,15,0,43,0,24,63,0,87,2,50,78,0,130,0,0,0,130
10/16/2022,BKL,OH,AGL,CE,Federal Contract Tower,0,27,52,1,80,0,14,35,6,55,0,41,87,7,135,12,0,12,147
10/17/2022,BKL,OH,AGL,CE,Federal Contract Tower,5,20,22,0,47,0,11,25,0,36,5,31,47,0,83,14,0,14,97
10/18/2022,BKL,OH,AGL,CE,Federal Contract Tower,0,19,22,0,41,0,4,0,0,4,0,23,22,0,45,2,0,2,47
10/19/2022,BKL,OH,AGL,CE,Federal Contract Tower,0,11,25,0,36,0,0,0,0,0,0,11,25,0,36,0,0,0,36
10/20/2022,BKL,OH,AGL,CE,Federal Contract Tower,0,13,23,0,36,0,35,30,0,65,0,48,53,0,101,18,0,18,119
10/21/2022,BKL,OH,AGL,CE,Federal Contract Tower,0,8,13,0,21,0,23,24,2,49,0,31,37,2,70,0,0,0,70
10/22/2022,BKL,OH,AGL,CE,Federal Contract Tower,0,10,13,0,23,0,10,69,0,79,0,20,82,0,102,8,0,8,110
10/23/2022,BKL,OH,AGL,CE,Federal Contract Tower,0,13,5,0,18,0,9,64,0,73,0,22,69,0,91,42,0,42,133
10/24/2022,BKL,OH,AGL,CE,Federal Contract Tower,0,15,18,2,35,0,24,52,0,76,0,39,70,2,111,34,0,34,145
10/25/2022,BKL,OH,AGL,CE,Federal Contract Tower,0,15,17,0,32,0,21,39,0,60,0,36,56,0,92,50,0,50,142
10/26/2022,BKL,OH,AGL,CE,Federal Contract Tower,0,7,13,4,24,0,17,2,0,19,0,24,15,4,43,20,0,20,63
10/27/2022,BKL,OH,AGL,CE,Federal Contract Tower,0,12,22,0,34,0,29,45,0,74,0,41,67,0,108,86,0,86,194
10/28/2022,BKL,OH,AGL,CE,Federal Contract Tower,0,18,19,2,39,0,22,21,0,43,0,40,40,2,82,30,0,30,112
10/29/2022,BKL,OH,AGL,CE,Federal Contract Tower,0,2,9,0,11,0,10,43,0,53,0,12,52,0,64,6,0,6,70
10/30/2022,BKL,OH,AGL,CE,Federal Contract Tower,1,5,8,0,14,0,11,43,0,54,1,16,51,0,68,18,0,18,86
10/31/2022,BKL,OH,AGL,CE,Federal Contract Tower,0,14,34,0,48,0,4,9,0,13,0,18,43,0,61,0,0,0,61
11/01/2022,BKL,OH,AGL,CE,Federal Contract Tower,1,23,26,0,50,0,39,1,0,40,1,62,27,0,90,0,0,0,90
11/02/2022,BKL,OH,AGL,CE,Federal Contract Tower,0,16,27,2,45,0,18,21,0,39,0,34,48,2,84,26,0,26,110
11/03/2022,BKL,OH,AGL,CE,Federal Contract Tower,0,14,26,3,43,0,26,50,0,76,0,40,76,3,119,68,0,68,187
11/04/2022,BKL,OH,AGL,CE,Federal Contract Tower,0,11,20,0,31,0,28,56,0,84,0,39,76,0,115,28,0,28,143
11/05/2022,BKL,OH,AGL,CE,Federal Contract Tower,0,12,10,0,22,0,3,4,2,9,0,15,14,2,31,0,0,0,31
11/06/2022,BKL,OH,AGL,CE,Federal Contract Tower,0,6,8,0,14,0,8,51,0,59,0,14,59,0,73,36,0,36,109
11/07/2022,BKL,OH,AGL,CE,Federal Contract Tower,0,18,15,0,33,0,32,45,0,77,0,50,60,0,110,26,0,26,136
11/08/2022,BKL,OH,AGL,CE,Federal Contract Tower,0,8,6,0,14,0,12,48,0,60,0,20,54,0,74,54,0,54,128
11/09/2022,BKL,OH,AGL,CE,Federal Contract Tower,0,12,22,1,35,0,11,22,0,33,0,23,44,1,68,50,0,50,118
11/10/2022,BKL,OH,AGL,CE,Federal Contract Tower,0,5,26,0,31,0,25,33,2,60,0,30,59,2,91,10,0,10,101
11/11/2022,BKL,OH,AGL,CE,Federal Contract Tower,0,12,14,0,26,0,7,6,1,14,0,19,20,1,40,0,0,0,40
11/12/2022,BKL,OH,AGL,CE,Federal Contract Tower,0,4,7,0,11,0,4,2,0,6,0,8,9,0,17,0,0,0,17
11/13/2022,BKL,OH,AGL,CE,Federal Contract Tower,0,11,7,0,18,0,2,5,0,7,0,13,12,0,25,0,0,0,25
11/14/2022,BKL,OH,AGL,CE,Federal Contract Tower,0,15,19,0,34,0,0,0,0,0,0,15,19,0,34,54,0,54,88
11/15/2022,BKL,OH,AGL,CE,Federal Contract Tower,0,13,9,0,22,0,17,19,0,36,0,30,28,0,58,18,0,18,76
11/16/2022,BKL,OH,AGL,CE,Federal Contract Tower,0,9,12,0,21,0,12,3,0,15,0,21,15,0,36,0,0,0,36
11/17/2022,BKL,OH,AGL,CE,Federal Contract Tower,0,23,18,0,41,0,0,0,0,0,0,23,18,0,41,0,0,0,41
11/18/2022,BKL,OH,AGL,CE,Federal Contract Tower,0,13,15,0,28,0,13,2,0,15,0,26,17,0,43,6,0,6,49
11/19/2022,BKL,OH,AGL,CE,Federal Contract Tower,0,6,7,0,13,0,9,2,0,11,0,15,9,0,24,0,0,0,24
11/20/2022,BKL,OH,AGL,CE,Federal Contract Tower,0,3,3,0,6,0,2,10,0,12,0,5,13,0,18,0,0,0,18
11/21/2022,BKL,OH,AGL,CE,Federal Contract Tower,0,6,22,0,28,0,15,22,0,37,0,21,44,0,65,4,0,4,69
11/22/2022,BKL,OH,AGL,CE,Federal Contract Tower,0,10,33,5,48,0,15,38,1,54,0,25,71,6,102,30,0,30,132
11/23/2022,BKL,OH,AGL,CE,Federal Contract Tower,0,10,11,0,21,0,11,67,0,78,0,21,78,0,99,32,0,32,131
11/24/2022,BKL,OH,AGL,CE,Federal Contract Tower,0,3,10,0,13,0,17,14,0,31,0,20,24,0,44,6,0,6,50
11/25/2022,BKL,OH,AGL,CE,Federal Contract Tower,0,5,6,0,11,0,13,23,0,36,0,18,29,0,47,10,0,10,57
11/26/2022,BKL,OH,AGL,CE,Federal Contract Tower,0,3,12,0,15,0,15,63,0,78,0,18,75,0,93,4,0,4,97
11/27/2022,BKL,OH,AGL,CE,Federal Contract Tower,0,21,25,3,49,0,0,6,5,11,0,21,31,8,60,0,0,0,60
11/28/2022,BKL,OH,AGL,CE,Federal Contract Tower,0,12,14,0,26,0,13,12,0,25,0,25,26,0,51,32,0,32,83
11/29/2022,BKL,OH,AGL,CE,Federal Contract Tower,0,12,16,0,28,0,18,17,0,35,0,30,33,0,63,10,0,10,73
11/30/2022,BKL,OH,AGL,CE,Federal Contract Tower,0,10,9,0,19,0,5,0,0,5,0,15,9,0,24,0,0,0,24
12/01/2022,BKL,OH,AGL,CE,Federal Contract Tower,0,6,26,0,32,0,4,11,0,15,0,10,37,0,47,6,0,6,53
12/02/2022,BKL,OH,AGL,CE,Federal Contract Tower,0,7,17,0,24,0,16,18,0,34,0,23,35,0,58,18,0,18,76
12/03/2022,BKL,OH,AGL,CE,Federal Contract Tower,0,7,1,0,8,0,6,1,0,7,0,13,2,0,15,0,0,0,15
12/04/2022,BKL,OH,AGL,CE,Federal Contract Tower,0,6,17,0,23,0,15,59,0,74,0,21,76,0,97,16,0,16,113
12/05/2022,BKL,OH,AGL,CE,Federal Contract Tower,0,9,20,2,31,0,14,47,0,61,0,23,67,2,92,30,0,30,122
12/06/2022,BKL,OH,AGL,CE,Federal Contract Tower,0,10,22,0,32,0,14,10,0,24,0,24,32,0,56,0,0,0,56
12/07/2022,BKL,OH,AGL,CE,Federal Contract Tower,0,2,10,0,12,0,0,0,0,0,0,2,10,0,12,0,0,0,12
12/08/2022,BKL,OH,AGL,CE,Federal Contract Tower,0,5,22,0,27,0,0,0,0,0,0,5,22,0,27,0,0,0,27
12/09/2022,BKL,OH,AGL,CE,Federal Contract Tower,0,13,17,0,30,0,15,12,0,27,0,28,29,0,57,14,0,14,71
12/10/2022,BKL,OH,AGL,CE,Federal Contract Tower,0,7,4,0,11,0,2,50,0,52,0,9,54,0,63,24,0,24,87
12/11/2022,BKL,OH,AGL,CE,Federal Contract Tower,0,9,21,0,30,0,2,0,0,2,0,11,21,0,32,0,0,0,32
12/12/2022,BKL,OH,AGL,CE,Federal Contract Tower,0,10,21,1,32,0,3,16,0,19,0,13,37,1,51,0,0,0,51
12/13/2022,BKL,OH,AGL,CE,Federal Contract Tower,0,15,16,0,31,0,33,37,0,70,0,48,53,0,101,38,0,38,139
12/14/2022,BKL,OH,AGL,CE,Federal Contract Tower,0,13,26,0,39,0,35,25,0,60,0,48,51,0,99,18,0,18,117
12/15/2022,BKL,OH,AGL,CE,Federal Contract Tower,0,3,18,0,21,0,2,4,0,6,0,5,22,0,27,0,0,0,27
12/16/2022,BKL,OH,AGL,CE,Federal Contract Tower,0,9,16,2,27,0,7,22,0,29,0,16,38,2,56,22,0,22,78
12/17/2022,BKL,OH,AGL,CE,Federal Contract Tower,0,13,9,0,22,0,12,56,6,74,0,25,65,6,96,4,0,4,100
12/18/2022,BKL,OH,AGL,CE,Federal Contract Tower,0,5,11,2,18,0,3,4,2,9,0,8,15,4,27,0,0,0,27
12/19/2022,BKL,OH,AGL,CE,Federal Contract Tower,0,10,6,2,18,0,14,1,0,15,0,24,7,2,33,0,0,0,33
12/20/2022,BKL,OH,AGL,CE,Federal Contract Tower,0,19,22,0,41,0,18,47,0,65,0,37,69,0,106,30,0,30,136
12/21/2022,BKL,OH,AGL,CE,Federal Contract Tower,0,6,25,0,31,0,18,32,0,50,0,24,57,0,81,16,0,16,97
12/22/2022,BKL,OH,AGL,CE,Federal Contract Tower,0,8,19,0,27,0,28,13,0,41,0,36,32,0,68,0,0,0,68
12/23/2022,BKL,OH,AGL,CE,Federal Contract Tower,0,0,1,0,1,0,0,0,0,0,0,0,1,0,1,0,0,0,1
12/24/2022,BKL,OH,AGL,CE,Federal Contract Tower,0,3,4,0,7,0,0,0,0,0,0,3,4,0,7,0,0,0,7
12/25/2022,BKL,OH,AGL,CE,Federal Contract Tower,0,5,1,0,6,0,2,0,0,2,0,7,1,0,8,0,0,0,8
12/26/2022,BKL,OH,AGL,CE,Federal Contract Tower,0,5,9,0,14,0,5,23,0,28,0,10,32,0,42,0,0,0,42
12/27/2022,BKL,OH,AGL,CE,Federal Contract Tower,0,5,10,0,15,0,19,32,0,51,0,24,42,0,66,44,0,44,110
12/28/2022,BKL,OH,AGL,CE,Federal Contract Tower,0,6,13,0,19,0,24,67,0,91,0,30,80,0,110,22,0,22,132
12/29/2022,BKL,OH,AGL,CE,Federal Contract Tower,0,7,9,0,16,0,12,8,2,22,0,19,17,2,38,2,0,2,40
12/30/2022,BKL,OH,AGL,CE,Federal Contract Tower,0,5,4,0,9,0,21,38,0,59,0,26,42,0,68,6,0,6,74
12/31/2022,BKL,OH,AGL,CE,Federal Contract Tower,0,3,8,0,11,0,6,42,0,48,0,9,50,0,59,0,0,0,59
01/01/2023,BKL,OH,AGL,CE,Federal Contract Tower,0,4,8,0,12,0,0,0,0,0,0,4,8,0,12,0,0,0,12
01/02/2023,BKL,OH,AGL,CE,Federal Contract Tower,0,1,2,0,3,0,0,0,0,0,0,1,2,0,3,0,0,0,3
01/03/2023,BKL,OH,AGL,CE,Federal Contract Tower,0,2,4,0,6,0,0,0,0,0,0,2,4,0,6,0,0,0,6
01/04/2023,BKL,OH,AGL,CE,Federal Contract Tower,0,5,21,0,26,0,7,21,0,28,0,12,42,0,54,18,0,18,72
01/05/2023,BKL,OH,AGL,CE,Federal Contract Tower,0,11,20,0,31,0,31,36,0,67,0,42,56,0,98,4,0,4,102
01/06/2023,BKL,OH,AGL,CE,Federal Contract Tower,0,10,21,1,32,0,2,2,0,4,0,12,23,1,36,0,0,0,36
01/07/2023,BKL,OH,AGL,CE,Federal Contract Tower,0,1,5,0,6,0,0,0,0,0,0,1,5,0,6,0,0,0,6
01/08/2023,BKL,OH,AGL,CE,Federal Contract Tower,0,4,13,0,17,0,8,33,0,41,0,12,46,0,58,6,0,6,64
01/09/2023,BKL,OH,AGL,CE,Federal Contract Tower,0,3,2,0,5,0,2,6,0,8,0,5,8,0,13,8,0,8,21
01/10/2023,BKL,OH,AGL,CE,Federal Contract Tower,0,10,23,0,33,0,28,49,0,77,0,38,72,0,110,58,0,58,168
01/11/2023,BKL,OH,AGL,CE,Federal Contract Tower,0,12,9,1,22,0,11,30,0,41,0,23,39,1,63,64,0,64,127
01/12/2023,BKL,OH,AGL,CE,Federal Contract Tower,0,9,12,1,22,0,2,2,0,4,0,11,14,1,26,0,0,0,26
01/13/2023,BKL,OH,AGL,CE,Federal Contract Tower,0,2,11,0,13,0,0,0,0,0,0,2,11,0,13,0,0,0,13
01/14/2023,BKL,OH,AGL,CE,Federal Contract Tower,0,8,6,0,14,0,2,16,0,18,0,10,22,0,32,2,0,2,34
01/15/2023,BKL,OH,AGL,CE,Federal Contract Tower,0,7,17,0,24,0,9,60,0,69,0,16,77,0,93,12,0,12,105
01/16/2023,BKL,OH,AGL,CE,Federal Contract Tower,0,8,17,0,25,0,18,33,0,51,0,26,50,0,76,18,0,18,94
01/17/2023,BKL,OH,AGL,CE,Federal Contract Tower,0,8,15,0,23,0,21,27,0,48,0,29,42,0,71,50,0,50,121
01/18/2023,BKL,OH,AGL,CE,Federal Contract Tower,0,11,27,0,38,0,16,36,0,52,0,27,63,0,90,44,0,44,134
01/19/2023,BKL,OH,AGL,CE,Federal Contract Tower,0,9,16,0,25,0,12,14,0,26,0,21,30,0,51,2,0,2,53
01/20/2023,BKL,OH,AGL,CE,Federal Contract Tower,0,19,19,0,38,0,2,5,0,7,0,21,24,0,45,24,0,24,69
01/21/2023,BKL,OH,AGL,CE,Federal Contract Tower,0,5,13,0,18,0,12,40,1,53,0,17,53,1,71,12,0,12,83
01/22/2023,BKL,OH,AGL,CE,Federal Contract Tower,0,7,5,0,12,0,3,6,0,9,0,10,11,0,21,0,0,0,21
01/23/2023,BKL,OH,AGL,CE,Federal Contract Tower,0,5,7,0,12,0,0,0,0,0,0,5,7,0,12,0,0,0,12
01/24/2023,BKL,OH,AGL,CE,Federal Contract Tower,0,15,11,0,26,0,20,14,2,36,0,35,25,2,62,46,0,46,108
01/25/2023,BKL,OH,AGL,CE,Federal Contract Tower,0,15,7,0,22,0,15,1,0,16,0,30,8,0,38,0,0,0,38
01/26/2023,BKL,OH,AGL,CE,Federal Contract Tower,0,9,12,0,21,0,1,1,0,2,0,10,13,0,23,0,0,0,23
01/27/2023,BKL,OH,AGL,CE,Federal Contract Tower,0,4,15,0,19,0,9,9,0,18,0,13,24,0,37,2,0,2,39
01/28/2023,BKL,OH,AGL,CE,Federal Contract Tower,0,8,4,0,12,0,3,54,0,57,0,11,58,0,69,58,0,58,127
01/29/2023,BKL,OH,AGL,CE,Federal Contract Tower,0,5,7,0,12,0,0,0,0,0,0,5,7,0,12,0,0,0,12
01/30/2023,BKL,OH,AGL,CE,Federal Contract Tower,0,5,10,0,15,0,0,2,0,2,0,5,12,0,17,0,0,0,17
01/31/2023,BKL,OH,AGL,CE,Federal Contract Tower,0,16,10,0,26,0,13,11,0,24,0,29,21,0,50,0,0,0,50
02/01/2023,BKL,OH,AGL,CE,Federal Contract Tower,0,12,15,0,27,0,29,32,0,61,0,41,47,0,88,14,0,14,102
02/02/2023,BKL,OH,AGL,CE,Federal Contract Tower,0,16,33,1,50,0,43,68,0,111,0,59,101,1,161,10,0,10,171
02/03/2023,BKL,OH,AGL,CE,Federal Contract Tower,0,6,12,0,18,0,5,2,0,7,0,11,14,0,25,0,0,0,25
02/04/2023,BKL,OH,AGL,CE,Federal Contract Tower,0,9,4,0,13,0,9,26,0,35,0,18,30,0,48,4,0,4,52
02/05/2023,BKL,OH,AGL,CE,Federal Contract Tower,0,4,7,0,11,0,13,26,2,41,0,17,33,2,52,2,0,2,54
02/06/2023,BKL,OH,AGL,CE,Federal Contract Tower,0,14,14,0,28,0,31,20,3,54,0,45,34,3,82,36,0,36,118
02/07/2023,BKL,OH,AGL,CE,Federal Contract Tower,0,12,23,0,35,0,46,27,0,73,0,58,50,0,108,22,0,22,130
02/08/2023,BKL,OH,AGL,CE,Federal Contract Tower,0,13,14,2,29,0,31,60,0,91,0,44,74,2,120,48,0,48,168
02/09/2023,BKL,OH,AGL,CE,Federal Contract Tower,0,13,18,0,31,0,4,2,0,6,0,17,20,0,37,0,0,0,37
02/10/2023,BKL,OH,AGL,CE,Federal Contract Tower,0,12,9,0,21,0,8,7,0,15,0,20,16,0,36,4,0,4,40
02/11/2023,BKL,OH,AGL,CE,Federal Contract Tower,0,11,15,0,26,0,20,54,0,74,0,31,69,0,100,44,0,44,144
02/12/2023,BKL,OH,AGL,CE,Federal Contract Tower,0,7,17,0,24,0,15,79,0,94,0,22,96,0,118,48,0,48,166
02/13/2023,BKL,OH,AGL,CE,Federal Contract Tower,0,15,16,0,31,0,22,35,0,57,0,37,51,0,88,12,0,12,100
02/14/2023,BKL,OH,AGL,CE,Federal Contract Tower,0,15,7,1,23,0,51,42,0,93,0,66,49,1,116,10,2,12,128
02/15/2023,BKL,OH,AGL,CE,Federal Contract Tower,0,12,15,0,27,0,11,23,4,38,0,23,38,4,65,4,0,4,69
02/16/2023,BKL,OH,AGL,CE,Federal Contract Tower,0,9,10,0,19,0,2,9,0,11,0,11,19,0,30,26,0,26,56
02/17/2023,BKL,OH,AGL,CE,Federal Contract Tower,0,13,7,0,20,0,2,5,0,7,0,15,12,0,27,0,0,0,27
02/18/2023,BKL,OH,AGL,CE,Federal Contract Tower,0,5,6,1,12,0,3,25,10,38,0,8,31,11,50,12,0,12,62
02/19/2023,BKL,OH,AGL,CE,Federal Contract Tower,0,7,8,0,15,0,2,16,3,21,0,9,24,3,36,2,0,2,38
02/20/2023,BKL,OH,AGL,CE,Federal Contract Tower,0,7,11,0,18,0,12,58,0,70,0,19,69,0,88,50,0,50,138
02/21/2023,BKL,OH,AGL,CE,Federal Contract Tower,0,26,8,0,34,0,29,25,0,54,0,55,33,0,88,16,0,16,104
02/22/2023,BKL,OH,AGL,CE,Federal Contract Tower,0,12,6,0,18,0,14,2,2,18,0,26,8,2,36,0,0,0,36
02/23/2023,BKL,OH,AGL,CE,Federal Contract Tower,0,12,14,0,26,0,3,9,2,14,0,15,23,2,40,34,0,34,74
02/24/2023,BKL,OH,AGL,CE,Federal Contract Tower,0,2,14,3,19,0,25,15,0,40,0,27,29,3,59,12,0,12,71
02/25/2023,BKL,OH,AGL,CE,Federal Contract Tower,0,4,10,0,14,0,19,35,0,54,0,23,45,0,68,18,0,18,86
02/26/2023,BKL,OH,AGL,CE,Federal Contract Tower,0,10,4,0,14,0,16,68,0,84,0,26,72,0,98,54,0,54,152
02/27/2023,BKL,OH,AGL,CE,Federal Contract Tower,0,6,16,0,22,0,4,3,0,7,0,10,19,0,29,0,0,0,29
02/28/2023,BKL,OH,AGL,CE,Federal Contract Tower,0,15,12,0,27,0,2,22,0,24,0,17,34,0,51,0,0,0,51
03/01/2023,BKL,OH,AGL,CE,Federal Contract Tower,0,27,24,0,51,0,33,51,0,84,0,60,75,0,135,48,0,48,183
03/02/2023,BKL,OH,AGL,CE,Federal Contract Tower,0,19,19,1,39,0,12,12,0,24,0,31,31,1,63,14,0,14,77
03/03/2023,BKL,OH,AGL,CE,Federal Contract Tower,0,10,7,0,17,0,5,8,0,13,0,15,15,0,30,0,0,0,30
03/04/2023,BKL,OH,AGL,CE,Federal Contract Tower,0,9,3,0,12,0,15,23,0,38,0,24,26,0,50,12,0,12,62
03/05/2023,BKL,OH,AGL,CE,Federal Contract Tower,0,7,9,2,18,0,4,50,3,57,0,11,59,5,75,18,0,18,93
03/06/2023,BKL,OH,AGL,CE,Federal Contract Tower,0,9,13,0,22,0,22,21,0,43,0,31,34,0,65,22,0,22,87
03/07/2023,BKL,OH,AGL,CE,Federal Contract Tower,0,22,18,0,40,0,23,21,0,44,0,45,39,0,84,24,0,24,108
03/08/2023,BKL,OH,AGL,CE,Federal Contract Tower,0,17,17,0,34,0,21,25,2,48,0,38,42,2,82,54,0,54,136
03/09/2023,BKL,OH,AGL,CE,Federal Contract Tower,0,14,28,0,42,0,30,33,2,65,0,44,61,2,107,112,0,112,219
03/10/2023,BKL,OH,AGL,CE,Federal Contract Tower,0,4,7,0,11,0,5,9,0,14,0,9,16,0,25,0,0,0,25
03/11/2023,BKL,OH,AGL,CE,Federal Contract Tower,0,4,6,0,10,0,9,37,0,46,0,13,43,0,56,93,0,93,149
03/12/2023,BKL,OH,AGL,CE,Federal Contract Tower,0,5,7,0,12,0,22,15,0,37,0,27,22,0,49,0,0,0,49
03/13/2023,BKL,OH,AGL,CE,Federal Contract Tower,0,8,7,0,15,0,4,0,0,4,0,12,7,0,19,0,0,0,19
03/14/2023,BKL,OH,AGL,CE,Federal Contract Tower,0,8,10,0,18,0,0,0,0,0,0,8,10,0,18,0,0,0,18
03/15/2023,BKL,OH,AGL,CE,Federal Contract Tower,0,11,13,0,24,0,21,36,0,57,0,32,49,0,81,32,0,32,113
03/16/2023,BKL,OH,AGL,CE,Federal Contract Tower,0,9,17,1,27,0,27,23,0,50,0,36,40,1,77,22,0,22,99
03/17/2023,BKL,OH,AGL,CE,Federal Contract Tower,0,14,9,0,23,0,28,3,2,33,0,42,12,2,56,4,0,4,60
03/18/2023,BKL,OH,AGL,CE,Federal Contract Tower,0,14,6,0,20,0,5,5,0,10,0,19,11,0,30,2,0,2,32
03/19/2023,BKL,OH,AGL,CE,Federal Contract Tower,0,5,8,0,13,0,1,12,0,13,0,6,20,0,26,0,0,0,26
03/20/2023,BKL,OH,AGL,CE,Federal Contract Tower,0,3,17,1,21,0,11,16,0,27,0,14,33,1,48,0,0,0,48
03/21/2023,BKL,OH,AGL,CE,Federal Contract Tower,0,18,19,0,37,0,19,70,0,89,0,37,89,0,126,58,0,58,184
03/22/2023,BKL,OH,AGL,CE,Federal Contract Tower,0,11,22,0,33,0,40,28,0,68,0,51,50,0,101,10,0,10,111
03/23/2023,BKL,OH,AGL,CE,Federal Contract Tower,0,4,3,0,7,0,0,0,0,0,0,4,3,0,7,0,0,0,7
03/24/2023,BKL,OH,AGL,CE,Federal Contract Tower,0,2,10,1,13,0,18,41,0,59,0,20,51,1,72,26,0,26,98
03/25/2023,BKL,OH,AGL,CE,Federal Contract Tower,0,3,8,0,11,0,6,0,0,6,0,9,8,0,17,0,0,0,17
03/26/2023,BKL,OH,AGL,CE,Federal Contract Tower,0,9,9,0,18,0,10,46,0,56,0,19,55,0,74,30,0,30,104
03/27/2023,BKL,OH,AGL,CE,Federal Contract Tower,0,11,11,0,22,0,1,3,0,4,0,12,14,0,26,8,0,8,34
03/28/2023,BKL,OH,AGL,CE,Federal Contract Tower,0,12,25,0,37,0,22,38,0,60,0,34,63,0,97,50,0,50,147
03/29/2023,BKL,OH,AGL,CE,Federal Contract Tower,0,15,16,0,31,0,12,10,0,22,0,27,26,0,53,66,0,66,119
03/30/2023,BKL,OH,AGL,CE,Federal Contract Tower,0,9,14,0,23,0,26,62,2,90,0,35,76,2,113,86,0,86,199
03/31/2023,BKL,OH,AGL,CE,Federal Contract Tower,0,8,7,5,20,0,9,15,0,24,0,17,22,5,44,0,0,0,44
04/01/2023,BKL,OH,AGL,CE,Federal Contract Tower,0,7,12,0,19,0,4,1,0,5,0,11,13,0,24,0,0,0,24
04/02/2023,BKL,OH,AGL,CE,Federal Contract Tower,0,18,12,3,33,0,19,52,2,73,0,37,64,5,106,66,0,66,172
04/03/2023,BKL,OH,AGL,CE,Federal Contract Tower,0,8,14,0,22,0,35,29,0,64,0,43,43,0,86,42,0,42,128
04/04/2023,BKL,OH,AGL,CE,Federal Contract Tower,0,21,13,0,34,0,25,34,0,59,0,46,47,0,93,44,0,44,137
04/05/2023,BKL,OH,AGL,CE,Federal Contract Tower,0,17,12,0,29,0,21,10,0,31,0,38,22,0,60,24,0,24,84
04/06/2023,BKL,OH,AGL,CE,Federal Contract Tower,2,29,20,4,55,0,30,48,0,78,2,59,68,4,133,42,0,42,175
04/07/2023,BKL,OH,AGL,CE,Federal Contract Tower,0,15,21,0,36,0,12,33,0,45,0,27,54,0,81,38,0,38,119
04/08/2023,BKL,OH,AGL,CE,Federal Contract Tower,0,7,4,0,11,0,20,61,0,81,0,27,65,0,92,70,0,70,162
04/09/2023,BKL,OH,AGL,CE,Federal Contract Tower,1,13,4,0,18,0,8,25,0,33,1,21,29,0,51,0,0,0,51
04/10/2023,BKL,OH,AGL,CE,Federal Contract Tower,0,21,22,0,43,0,15,31,0,46,0,36,53,0,89,40,0,40,129
04/11/2023,BKL,OH,AGL,CE,Federal Contract Tower,0,18,20,0,38,0,42,44,1,87,0,60,64,1,125,32,2,34,159
04/12/2023,BKL,OH,AGL,CE,Federal Contract Tower,2,12,11,10,35,0,37,44,0,81,2,49,55,10,116,6,0,6,122
04/13/2023,BKL,OH,AGL,CE,Federal Contract Tower,0,18,13,0,31,0,30,58,0,88,0,48,71,0,119,38,0,38,157
04/14/2023,BKL,OH,AGL,CE,Federal Contract Tower,0,9,28,0,37,0,35,51,3,89,0,44,79,3,126,34,0,34,160
04/15/2023,BKL,OH,AGL,CE,Federal Contract Tower,0,14,16,0,30,0,35,83,0,118,0,49,99,0,148,28,0,28,176
04/16/2023,BKL,OH,AGL,CE,Federal Contract Tower,0,18,10,0,28,0,10,16,6,32,0,28,26,6,60,0,0,0,60
04/17/2023,BKL,OH,AGL,CE,Federal Contract Tower,0,17,17,0,34,0,8,2,0,10,0,25,19,0,44,0,0,0,44
04/18/2023,BKL,OH,AGL,CE,Federal Contract Tower,0,20,20,0,40,0,14,29,1,44,0,34,49,1,84,18,0,18,102
04/19/2023,BKL,OH,AGL,CE,Federal Contract Tower,0,9,30,1,40,0,33,66,0,99,0,42,96,1,139,24,0,24,163
04/20/2023,BKL,OH,AGL,CE,Federal Contract Tower,1,5,25,6,37,0,25,53,0,78,1,30,78,6,115,24,0,24,139
04/21/2023,BKL,OH,AGL,CE,Federal Contract Tower,0,8,10,0,18,0,17,22,0,39,0,25,32,0,57,32,0,32,89
04/22/2023,BKL,OH,AGL,CE,Federal Contract Tower,0,7,9,0,16,0,2,4,0,6,0,9,13,0,22,0,0,0,22
04/23/2023,BKL,OH,AGL,CE,Federal Contract Tower,1,10,7,0,18,0,10,39,0,49,1,20,46,0,67,10,0,10,77
04/24/2023,BKL,OH,AGL,CE,Federal Contract Tower,0,11,25,0,36,0,23,27,0,50,0,34,52,0,86,0,0,0,86
04/25/2023,BKL,OH,AGL,CE,Federal Contract Tower,0,19,15,1,35,0,26,29,0,55,0,45,44,1,90,38,0,38,128
04/26/2023,BKL,OH,AGL,CE,Federal Contract Tower,0,10,37,0,47,0,11,32,0,43,0,21,69,0,90,4,0,4,94
04/27/2023,BKL,OH,AGL,CE,Federal Contract Tower,0,18,24,0,42,0,35,50,0,85,0,53,74,0,127,52,0,52,179
04/28/2023,BKL,OH,AGL,CE,Federal Contract Tower,0,15,9,3,27,0,7,3,0,10,0,22,12,3,37,4,0,4,41
04/29/2023,BKL,OH,AGL,CE,Federal Contract Tower,0,7,7,0,14,0,14,25,1,40,0,21,32,1,54,40,0,40,94
04/30/2023,BKL,OH,AGL,CE,Federal Contract Tower,0,8,9,0,17,0,10,8,1,19,0,18,17,1,36,8,0,8,44
05/01/2023,BKL,OH,AGL,CE,Federal Contract Tower,0,7,4,0,11,0,1,0,0,1,0,8,4,0,12,0,0,0,12
05/02/2023,BKL,OH,AGL,CE,Federal Contract Tower,0,8,10,2,20,0,0,0,0,0,0,8,10,2,20,0,0,0,20
05/03/2023,BKL,OH,AGL,CE,Federal Contract Tower,0,13,18,0,31,0,2,4,0,6,0,15,22,0,37,0,0,0,37
05/04/2023,BKL,OH,AGL,CE,Federal Contract Tower,1,19,20,0,40,0,13,56,0,69,1,32,76,0,109,40,0,40,149
05/05/2023,BKL,OH,AGL,CE,Federal Contract Tower,0,11,10,5,26,0,32,44,0,76,0,43,54,5,102,18,0,18,120
05/06/2023,BKL,OH,AGL,CE,Federal Contract Tower,0,6,9,0,15,0,19,57,0,76,0,25,66,0,91,18,0,18,109
05/07/2023,BKL,OH,AGL,CE,Federal Contract Tower,1,15,15,0,31,0,12,27,0,39,1,27,42,0,70,0,0,0,70
05/08/2023,BKL,OH,AGL,CE,Federal Contract Tower,0,18,16,0,34,0,31,36,0,67,0,49,52,0,101,0,0,0,101
05/09/2023,BKL,OH,AGL,CE,Federal Contract Tower,0,19,29,1,49,0,28,44,1,73,0,47,73,2,122,0,0,0,122
05/10/2023,BKL,OH,AGL,CE,Federal Contract Tower,2,15,37,0,54,0,12,58,0,70,2,27,95,0,124,14,0,14,138
05/11/2023,BKL,OH,AGL,CE,Federal Contract Tower,0,16,25,4,45,0,15,56,8,79,0,31,81,12,124,56,0,56,180
05/12/2023,BKL,OH,AGL,CE,Federal Contract Tower,0,9,32,0,41,0,23,42,0,65,0,32,74,0,106,12,0,12,118
05/13/2023,BKL,OH,AGL,CE,Federal Contract Tower,0,6,4,0,10,0,15,39,0,54,0,21,43,0,64,76,0,76,140
05/14/2023,BKL,OH,AGL,CE,Federal Contract Tower,0,12,8,0,20,0,13,34,0,47,0,25,42,0,67,12,0,12,79
05/15/2023,BKL,OH,AGL,CE,Federal Contract Tower,0,11,29,0,40,0,27,63,0,90,0,38,92,0,130,54,0,54,184
05/16/2023,BKL,OH,AGL,CE,Federal Contract Tower,0,6,16,1,23,0,13,42,1,56,0,19,58,2,79,44,0,44,123
05/17/2023,BKL,OH,AGL,CE,Federal Contract Tower,0,13,12,0,25,0,14,61,0,75,0,27,73,0,100,64,0,64,164
05/18/2023,BKL,OH,AGL,CE,Federal Contract Tower,0,21,24,2,47,0,38,50,0,88,0,59,74,2,135,16,0,16,151
05/19/2023,BKL,OH,AGL,CE,Federal Contract Tower,0,14,21,0,35,0,19,58,0,77,0,33,79,0,112,42,0,42,154
05/20/2023,BKL,OH,AGL,CE,Federal Contract Tower,0,7,7,1,15,0,20,25,1,46,0,27,32,2,61,64,2,66,127
05/21/2023,BKL,OH,AGL,CE,Federal Contract Tower,2,14,10,0,26,0,15,58,0,73,2,29,68,0,99,26,0,26,125
05/22/2023,BKL,OH,AGL,CE,Federal Contract Tower,0,20,23,0,43,0,16,55,0,71,0,36,78,0,114,8,0,8,122
05/23/2023,BKL,OH,AGL,CE,Federal Contract Tower,0,19,19,0,38,0,28,79,0,107,0,47,98,0,145,38,0,38,183
05/24/2023,BKL,OH,AGL,CE,Federal Contract Tower,2,16,34,2,54,0,64,45,0,109,2,80,79,2,163,28,0,28,191
05/25/2023,BKL,OH,AGL,CE,Federal Contract Tower,2,17,21,4,44,0,17,66,0,83,2,34,87,4,127,6,0,6,133
05/26/2023,BKL,OH,AGL,CE,Federal Contract Tower,0,10,20,2,32,0,26,53,0,79,0,36,73,2,111,38,0,38,149
05/27/2023,BKL,OH,AGL,CE,Federal Contract Tower,0,14,5,0,19,0,16,40,0,56,0,30,45,0,75,0,0,0,75
05/28/2023,BKL,OH,AGL,CE,Federal Contract Tower,2,5,10,0,17,0,8,64,0,72,2,13,74,0,89,8,0,8,97
05/29/2023,BKL,OH,AGL,CE,Federal Contract Tower,0,20,17,0,37,0,33,38,0,71,0,53,55,0,108,10,0,10,118
05/30/2023,BKL,OH,AGL,CE,Federal Contract Tower,0,19,23,0,42,0,25,60,0,85,0,44,83,0,127,86,0,86,213
05/31/2023,BKL,OH,AGL,CE,Federal Contract Tower,0,20,25,3,48,0,27,42,1,70,0,47,67,4,118,84,0,84,202
06/01/2023,BKL,OH,AGL,CE,Federal Contract Tower,0,14,28,1,43,0,12,72,0,84,0,26,100,1,127,70,0,70,197
06/02/2023,BKL,OH,AGL,CE,Federal Contract Tower,0,15,18,4,37,0,16,52,0,68,0,31,70,4,105,30,0,30,135
06/03/2023,BKL,OH,AGL,CE,Federal Contract Tower,0,10,11,0,21,0,26,43,0,69,0,36,54,0,90,28,0,28,118
06/04/2023,BKL,OH,AGL,CE,Federal Contract Tower,0,6,15,2,23,0,0,0,0,0,0,6,15,2,23,20,0,20,43
06/05/2023,BKL,OH,AGL,CE,Federal Contract Tower,2,24,17,2,45,0,28,47,3,78,2,52,64,5,123,70,6,76,199
06/06/2023,BKL,OH,AGL,CE,Federal Contract Tower,0,22,26,0,48,0,21,48,0,69,0,43,74,0,117,42,0,42,159
06/07/2023,BKL,OH,AGL,CE,Federal Contract Tower,0,21,23,0,44,0,23,44,0,67,0,44,67,0,111,0,0,0,111
06/08/2023,BKL,OH,AGL,CE,Federal Contract Tower,2,34,26,0,62,0,12,27,0,39,2,46,53,0,101,0,0,0,101
06/09/2023,BKL,OH,AGL,CE,Federal Contract Tower,0,13,17,3,33,0,13,71,0,84,0,26,88,3,117,12,0,12,129
06/10/2023,BKL,OH,AGL,CE,Federal Contract Tower,0,10,7,0,17,0,19,46,2,67,0,29,53,2,84,30,0,30,114
06/11/2023,BKL,OH,AGL,CE,Federal Contract Tower,2,3,14,0,19,0,4,34,0,38,2,7,48,0,57,42,0,42,99
06/12/2023,BKL,OH,AGL,CE,Federal Contract Tower,0,7,24,2,33,0,20,19,0,39,0,27,43,2,72,42,0,42,114
06/13/2023,BKL,OH,AGL,CE,Federal Contract Tower,0,31,11,1,43,0,24,19,2,45,0,55,30,3,88,32,0,32,120
06/14/2023,BKL,OH,AGL,CE,Federal Contract Tower,0,22,23,0,45,0,19,44,0,63,0,41,67,0,108,90,2,92,200
06/15/2023,BKL,OH,AGL,CE,Federal Contract Tower,0,19,16,0,35,0,29,33,2,64,0,48,49,2,99,52,0,52,151
06/16/2023,BKL,OH,AGL,CE,Federal Contract Tower,0,12,12,2,26,0,14,25,0,39,0,26,37,2,65,24,0,24,89
06/17/2023,BKL,OH,AGL,CE,Federal Contract Tower,0,14,18,0,32,0,24,52,0,76,0,38,70,0,108,24,0,24,132
06/18/2023,BKL,OH,AGL,CE,Federal Contract Tower,0,5,10,0,15,0,28,36,0,64,0,33,46,0,79,46,0,46,125
06/19/2023,BKL,OH,AGL,CE,Federal Contract Tower,0,12,16,0,28,0,24,59,0,83,0,36,75,0,111,76,0,76,187
06/20/2023,BKL,OH,AGL,CE,Federal Contract Tower,0,24,18,1,43,0,34,54,0,88,0,58,72,1,131,46,0,46,177
06/21/2023,BKL,OH,AGL,CE,Federal Contract Tower,0,15,23,0,38,0,28,66,0,94,0,43,89,0,132,76,0,76,208
06/22/2023,BKL,OH,AGL,CE,Federal Contract Tower,3,27,35,4,69,0,7,58,0,65,3,34,93,4,134,24,0,24,158
06/23/2023,BKL,OH,AGL,CE,Federal Contract Tower,0,29,27,0,56,0,24,3,0,27,0,53,30,0,83,0,0,0,83
06/24/2023,BKL,OH,AGL,CE,Federal Contract Tower,0,19,9,2,30,0,5,7,0,12,0,24,16,2,42,2,0,2,44
06/25/2023,BKL,OH,AGL,CE,Federal Contract Tower,2,3,15,0,20,0,5,18,0,23,2,8,33,0,43,48,0,48,91
06/26/2023,BKL,OH,AGL,CE,Federal Contract Tower,0,11,5,0,16,0,5,0,0,5,0,16,5,0,21,2,0,2,23
06/27/2023,BKL,OH,AGL,CE,Federal Contract Tower,0,24,22,1,47,0,0,0,0,0,0,24,22,1,47,0,0,0,47
06/28/2023,BKL,OH,AGL,CE,Federal Contract Tower,0,21,23,8,52,0,0,0,0,0,0,21,23,8,52,0,0,0,52
06/29/2023,BKL,OH,AGL,CE,Federal Contract Tower,0,26,29,0,55,0,6,5,0,11,0,32,34,0,66,0,0,0,66
06/30/2023,BKL,OH,AGL,CE,Federal Contract Tower,0,16,22,0,38,0,39,44,0,83,0,55,66,0,121,96,0,96,217
07/01/2023,BKL,OH,AGL,CE,Federal Contract Tower,0,7,10,0,17,0,8,18,0,26,0,15,28,0,43,10,0,10,53
07/02/2023,BKL,OH,AGL,CE,Federal Contract Tower,1,4,19,0,24,0,9,16,0,25,1,13,35,0,49,14,0,14,63
07/03/2023,BKL,OH,AGL,CE,Federal Contract Tower,0,7,14,0,21,0,34,26,0,60,0,41,40,0,81,14,0,14,95
07/04/2023,BKL,OH,AGL,CE,Federal Contract Tower,0,6,9,0,15,0,24,42,0,66,0,30,51,0,81,60,0,60,141
07/05/2023,BKL,OH,AGL,CE,Federal Contract Tower,0,17,12,2,31,0,0,0,0,0,0,17,12,2,31,72,0,72,103
07/06/2023,BKL,OH,AGL,CE,Federal Contract Tower,3,17,6,0,26,0,16,17,0,33,3,33,23,0,59,14,0,14,73
07/07/2023,BKL,OH,AGL,CE,Federal Contract Tower,0,18,18,0,36,0,27,52,1,80,0,45,70,1,116,94,0,94,210
07/08/2023,BKL,OH,AGL,CE,Federal Contract Tower,0,14,6,0,20,0,8,28,0,36,0,22,34,0,56,50,0,50,106
07/09/2023,BKL,OH,AGL,CE,Federal Contract Tower,2,8,13,0,23,0,0,0,0,0,2,8,13,0,23,14,0,14,37
07/10/2023,BKL,OH,AGL,CE,Federal Contract Tower,0,12,19,0,31,0,40,64,2,106,0,52,83,2,137,96,0,96,233
07/11/2023,BKL,OH,AGL,CE,Federal Contract Tower,0,11,15,0,26,0,26,47,2,75,0,37,62,2,101,74,0,74,175
07/12/2023,BKL,OH,AGL,CE,Federal Contract Tower,0,23,23,2,48,0,5,10,0,15,0,28,33,2,63,40,0,40,103
07/13/2023,BKL,OH,AGL,CE,Federal Contract Tower,0,19,26,0,45,0,21,46,0,67,0,40,72,0,112,124,0,124,236
07/14/2023,BKL,OH,AGL,CE,Federal Contract Tower,0,16,10,0,26,0,58,77,2,137,0,74,87,2,163,114,0,114,277
07/15/2023,BKL,OH,AGL,CE,Federal Contract Tower,0,13,15,0,28,0,0,23,0,23,0,13,38,0,51,12,0,12,63
07/16/2023,BKL,OH,AGL,CE,Federal Contract Tower,0,6,29,0,35,0,15,18,0,33,0,21,47,0,68,22,0,22,90
07/17/2023,BKL,OH,AGL,CE,Federal Contract Tower,0,17,14,0,31,0,5,9,0,14,0,22,23,0,45,4,0,4,49
07/18/2023,BKL,OH,AGL,CE,Federal Contract Tower,0,8,30,0,38,0,33,55,0,88,0,41,85,0,126,126,0,126,252
07/19/2023,BKL,OH,AGL,CE,Federal Contract Tower,0,14,15,0,29,0,17,56,0,73,0,31,71,0,102,46,0,46,148
07/20/2023,BKL,OH,AGL,CE,Federal Contract Tower,1,25,19,0,45,0,10,32,0,42,1,35,51,0,87,80,0,80,167
07/21/2023,BKL,OH,AGL,CE,Federal Contract Tower,0,9,29,0,38,0,6,41,0,47,0,15,70,0,85,54,0,54,139
07/22/2023,BKL,OH,AGL,CE,Federal Contract Tower,0,8,16,0,24,0,55,76,0,131,0,63,92,0,155,62,0,62,217
07/23/2023,BKL,OH,AGL,CE,Federal Contract Tower,2,14,26,0,42,0,3,39,0,42,2,17,65,0,84,50,0,50,134
07/24/2023,BKL,OH,AGL,CE,Federal Contract Tower,0,7,16,2,25,0,25,68,3,96,0,32,84,5,121,70,0,70,191
07/25/2023,BKL,OH,AGL,CE,Federal Contract Tower,0,21,14,2,37,0,13,24,0,37,0,34,38,2,74,18,0,18,92
07/26/2023,BKL,OH,AGL,CE,Federal Contract Tower,0,20,18,0,38,0,13,12,0,25,0,33,30,0,63,0,0,0,63
07/27/2023,BKL,OH,AGL,CE,Federal Contract Tower,0,6,23,0,29,0,12,23,1,36,0,18,46,1,65,70,0,70,135
07/28/2023,BKL,OH,AGL,CE,Federal Contract Tower,0,8,10,0,18,0,18,31,1,50,0,26,41,1,68,96,0,96,164
07/29/2023,BKL,OH,AGL,CE,Federal Contract Tower,0,15,15,0,30,0,43,26,0,69,0,58,41,0,99,18,0,18,117
07/30/2023,BKL,OH,AGL,CE,Federal Contract Tower,0,17,16,2,35,0,29,62,0,91,0,46,78,2,126,44,4,48,174
07/31/2023,BKL,OH,AGL,CE,Federal Contract Tower,0,11,11,2,24,0,31,46,2,79,0,42,57,4,103,36,14,50,153
08/01/2023,BKL,OH,AGL,CE,Federal Contract Tower,0,11,16,2,29,0,29,42,2,73,0,40,58,4,102,66,0,66,168
08/02/2023,BKL,OH,AGL,CE,Federal Contract Tower,0,10,23,5,38,0,23,48,0,71,0,33,71,5,109,72,0,72,181
08/03/2023,BKL,OH,AGL,CE,Federal Contract Tower,2,18,14,4,38,0,30,48,0,78,2,48,62,4,116,52,0,52,168
08/04/2023,BKL,OH,AGL,CE,Federal Contract Tower,0,12,25,2,39,0,29,42,0,71,0,41,67,2,110,60,0,60,170
08/05/2023,BKL,OH,AGL,CE,Federal Contract Tower,0,3,9,0,12,0,42,46,0,88,0,45,55,0,100,42,0,42,142
08/06/2023,BKL,OH,AGL,CE,Federal Contract Tower,3,10,17,0,30,0,27,17,0,44,3,37,34,0,74,0,0,0,74
08/07/2023,BKL,OH,AGL,CE,Federal Contract Tower,0,26,10,0,36,0,1,6,0,7,0,27,16,0,43,0,0,0,43
08/08/2023,BKL,OH,AGL,CE,Federal Contract Tower,0,27,25,1,53,0,24,46,0,70,0,51,71,1,123,46,0,46,169
08/09/2023,BKL,OH,AGL,CE,Federal Contract Tower,0,20,24,0,44,0,35,57,0,92,0,55,81,0,136,84,0,84,220
08/10/2023,BKL,OH,AGL,CE,Federal Contract Tower,0,1,16,13,30,0,17,31,0,48,0,18,47,13,78,10,0,10,88
08/11/2023,BKL,OH,AGL,CE,Federal Contract Tower,0,11,20,2,33,0,21,53,0,74,0,32,73,2,107,44,2,46,153
08/12/2023,BKL,OH,AGL,CE,Federal Contract Tower,0,14,13,0,27,0,8,32,0,40,0,22,45,0,67,36,0,36,103
08/13/2023,BKL,OH,AGL,CE,Federal Contract Tower,0,9,15,0,24,0,30,76,0,106,0,39,91,0,130,70,0,70,200
08/14/2023,BKL,OH,AGL,CE,Federal Contract Tower,0,6,20,2,28,0,12,20,2,34,0,18,40,4,62,54,0,54,116
08/15/2023,BKL,OH,AGL,CE,Federal Contract Tower,0,14,15,0,29,0,28,40,0,68,0,42,55,0,97,70,0,70,167
08/16/2023,BKL,OH,AGL,CE,Federal Contract Tower,2,14,18,2,36,0,11,48,0,59,2,25,66,2,95,88,0,88,183
08/17/2023,BKL,OH,AGL,CE,Federal Contract Tower,0,40,18,0,58,0,16,25,7,48,0,56,43,7,106,36,0,36,142
08/18/2023,BKL,OH,AGL,CE,Federal Contract Tower,0,21,10,0,31,0,11,15,5,31,0,32,25,5,62,10,0,10,72
08/19/2023,BKL,OH,AGL,CE,Federal Contract Tower,0,8,9,0,17,0,27,40,0,67,0,35,49,0,84,14,0,14,98
08/20/2023,BKL,OH,AGL,CE,Federal Contract Tower,2,10,6,0,18,0,33,61,0,94,2,43,67,0,112,12,0,12,124
08/21/2023,BKL,OH,AGL,CE,Federal Contract Tower,1,15,13,2,31,0,18,12,0,30,1,33,25,2,61,8,0,8,69
08/22/2023,BKL,OH,AGL,CE,Federal Contract Tower,0,14,17,2,33,0,28,72,1,101,0,42,89,3,134,54,0,54,188
08/23/2023,BKL,OH,AGL,CE,Federal Contract Tower,0,16,21,0,37,0,5,9,0,14,0,21,30,0,51,0,0,0,51
08/24/2023,BKL,OH,AGL,CE,Federal Contract Tower,0,13,18,0,31,0,12,16,0,28,0,25,34,0,59,0,0,0,59
08/25/2023,BKL,OH,AGL,CE,Federal Contract Tower,0,13,31,0,44,0,18,3,0,21,0,31,34,0,65,0,0,0,65
08/26/2023,BKL,OH,AGL,CE,Federal Contract Tower,0,9,9,0,18,0,21,38,0,59,0,30,47,0,77,20,0,20,97
08/27/2023,BKL,OH,AGL,CE,Federal Contract Tower,0,12,20,2,34,0,20,18,0,38,0,32,38,2,72,8,2,10,82
08/28/2023,BKL,OH,AGL,CE,Federal Contract Tower,0,18,27,0,45,0,42,40,0,82,0,60,67,0,127,0,0,0,127
08/29/2023,BKL,OH,AGL,CE,Federal Contract Tower,0,11,19,6,36,0,19,26,0,45,0,30,45,6,81,16,0,16,97
08/30/2023,BKL,OH,AGL,CE,Federal Contract Tower,0,13,25,0,38,0,7,6,0,13,0,20,31,0,51,0,0,0,51
08/31/2023,BKL,OH,AGL,CE,Federal Contract Tower,2,21,8,16,47,0,12,4,13,29,2,33,12,29,76,2,2,4,80
01/01/2020,BKL,OH,AGL,CE,Federal Contract Tower,0,2,5,0,7,0,13,18,0,31,0,15,23,0,38,32,0,32,70
01/02/2020,BKL,OH,AGL,CE,Federal Contract Tower,0,5,12,0,17,0,9,6,0,15,0,14,18,0,32,28,0,28,60
01/03/2020,BKL,OH,AGL,CE,Federal Contract Tower,0,8,2,0,10,0,4,0,0,4,0,12,2,0,14,0,0,0,14
01/04/2020,BKL,OH,AGL,CE,Federal Contract Tower,0,1,1,0,2,0,0,0,0,0,0,1,1,0,2,0,0,0,2
01/05/2020,BKL,OH,AGL,CE,Federal Contract Tower,0,5,7,0,12,0,9,17,0,26,0,14,24,0,38,28,0,28,66
01/06/2020,BKL,OH,AGL,CE,Federal Contract Tower,0,11,10,0,21,0,10,25,0,35,0,21,35,0,56,42,0,42,98
01/07/2020,BKL,OH,AGL,CE,Federal Contract Tower,0,8,16,0,24,0,14,37,0,51,0,22,53,0,75,28,0,28,103
01/08/2020,BKL,OH,AGL,CE,Federal Contract Tower,0,25,5,0,30,0,0,3,0,3,0,25,8,0,33,0,0,0,33
01/09/2020,BKL,OH,AGL,CE,Federal Contract Tower,0,11,13,0,24,0,13,23,0,36,0,24,36,0,60,0,0,0,60
01/10/2020,BKL,OH,AGL,CE,Federal Contract Tower,0,11,3,0,14,0,7,3,0,10,0,18,6,0,24,0,0,0,24
01/11/2020,BKL,OH,AGL,CE,Federal Contract Tower,0,3,6,0,9,0,9,2,0,11,0,12,8,0,20,0,0,0,20
01/12/2020,BKL,OH,AGL,CE,Federal Contract Tower,0,13,7,0,20,0,8,3,0,11,0,21,10,0,31,42,0,42,73
01/13/2020,BKL,OH,AGL,CE,Federal Contract Tower,0,13,19,0,32,0,8,9,0,17,0,21,28,0,49,18,0,18,67
01/14/2020,BKL,OH,AGL,CE,Federal Contract Tower,0,12,17,4,33,0,2,18,0,20,0,14,35,4,53,10,0,10,63
01/15/2020,BKL,OH,AGL,CE,Federal Contract Tower,0,14,21,1,36,0,5,16,0,21,0,19,37,1,57,14,0,14,71
01/16/2020,BKL,OH,AGL,CE,Federal Contract Tower,0,12,22,0,34,0,2,2,0,4,0,14,24,0,38,0,0,0,38
01/17/2020,BKL,OH,AGL,CE,Federal Contract Tower,0,13,17,0,30,0,1,16,0,17,0,14,33,0,47,70,0,70,117
01/18/2020,BKL,OH,AGL,CE,Federal Contract Tower,0,4,6,0,10,0,2,2,0,4,0,6,8,0,14,6,0,6,20
01/19/2020,BKL,OH,AGL,CE,Federal Contract Tower,0,2,5,0,7,0,0,0,0,0,0,2,5,0,7,0,0,0,7
01/20/2020,BKL,OH,AGL,CE,Federal Contract Tower,0,7,5,0,12,0,0,4,0,4,0,7,9,0,16,24,0,24,40
01/21/2020,BKL,OH,AGL,CE,Federal Contract Tower,0,17,3,0,20,0,7,14,0,21,0,24,17,0,41,22,0,22,63
01/22/2020,BKL,OH,AGL,CE,Federal Contract Tower,0,15,24,0,39,0,11,34,0,45,0,26,58,0,84,20,0,20,104
01/23/2020,BKL,OH,AGL,CE,Federal Contract Tower,0,15,17,1,33,0,6,14,1,21,0,21,31,2,54,10,0,10,64
01/24/2020,BKL,OH,AGL,CE,Federal Contract Tower,0,11,11,0,22,0,3,8,0,11,0,14,19,0,33,44,0,44,77
01/25/2020,BKL,OH,AGL,CE,Federal Contract Tower,0,10,1,0,11,0,4,8,0,12,0,14,9,0,23,14,0,14,37
01/26/2020,BKL,OH,AGL,CE,Federal Contract Tower,0,3,6,0,9,0,2,5,0,7,0,5,11,0,16,26,0,26,42
01/27/2020,BKL,OH,AGL,CE,Federal Contract Tower,0,12,11,0,23,0,4,0,0,4,0,16,11,0,27,40,0,40,67
01/28/2020,BKL,OH,AGL,CE,Federal Contract Tower,0,16,11,0,27,0,0,4,0,4,0,16,15,0,31,20,0,20,51
01/29/2020,BKL,OH,AGL,CE,Federal Contract Tower,0,19,18,0,37,0,11,13,2,26,0,30,31,2,63,10,0,10,73
01/30/2020,BKL,OH,AGL,CE,Federal Contract Tower,0,10,14,3,27,0,21,10,0,31,0,31,24,3,58,22,0,22,80
01/31/2020,BKL,OH,AGL,CE,Federal Contract Tower,0,8,25,2,35,0,12,20,0,32,0,20,45,2,67,20,0,20,87
02/01/2020,BKL,OH,AGL,CE,Federal Contract Tower,0,11,8,0,19,0,1,1,0,2,0,12,9,0,21,12,0,12,33
02/02/2020,BKL,OH,AGL,CE,Federal Contract Tower,0,4,12,0,16,0,6,19,0,25,0,10,31,0,41,34,0,34,75
02/03/2020,BKL,OH,AGL,CE,Federal Contract Tower,0,21,14,0,35,0,8,40,0,48,0,29,54,0,83,78,0,78,161
02/04/2020,BKL,OH,AGL,CE,Federal Contract Tower,0,19,26,0,45,0,16,8,0,24,0,35,34,0,69,20,0,20,89
02/05/2020,BKL,OH,AGL,CE,Federal Contract Tower,0,18,17,0,35,0,3,25,0,28,0,21,42,0,63,46,0,46,109
02/06/2020,BKL,OH,AGL,CE,Federal Contract Tower,0,6,2,0,8,0,0,0,0,0,0,6,2,0,8,0,0,0,8
02/07/2020,BKL,OH,AGL,CE,Federal Contract Tower,0,11,2,0,13,0,0,0,0,0,0,11,2,0,13,0,0,0,13
02/08/2020,BKL,OH,AGL,CE,Federal Contract Tower,0,2,4,0,6,1,0,0,0,1,1,2,4,0,7,0,0,0,7
02/09/2020,BKL,OH,AGL,CE,Federal Contract Tower,0,3,4,0,7,0,8,25,0,33,0,11,29,0,40,32,0,32,72
02/10/2020,BKL,OH,AGL,CE,Federal Contract Tower,0,10,8,0,18,0,0,0,0,0,0,10,8,0,18,0,0,0,18
02/11/2020,BKL,OH,AGL,CE,Federal Contract Tower,0,23,10,0,33,0,6,16,0,22,0,29,26,0,55,16,0,16,71
02/12/2020,BKL,OH,AGL,CE,Federal Contract Tower,0,13,22,0,35,0,25,19,0,44,0,38,41,0,79,18,0,18,97
02/13/2020,BKL,OH,AGL,CE,Federal Contract Tower,0,16,11,0,27,0,0,0,0,0,0,16,11,0,27,0,0,0,27
02/14/2020,BKL,OH,AGL,CE,Federal Contract Tower,0,11,12,0,23,0,10,12,0,22,0,21,24,0,45,0,0,0,45
02/15/2020,BKL,OH,AGL,CE,Federal Contract Tower,0,10,8,0,18,0,8,21,0,29,0,18,29,0,47,12,0,12,59
02/16/2020,BKL,OH,AGL,CE,Federal Contract Tower,0,3,8,0,11,0,10,55,0,65,0,13,63,0,76,48,0,48,124
02/17/2020,BKL,OH,AGL,CE,Federal Contract Tower,0,13,15,0,28,0,10,31,0,41,0,23,46,0,69,58,0,58,127
02/18/2020,BKL,OH,AGL,CE,Federal Contract Tower,0,20,11,0,31,0,7,3,0,10,0,27,14,0,41,22,0,22,63
02/19/2020,BKL,OH,AGL,CE,Federal Contract Tower,0,16,22,2,40,0,12,29,0,41,0,28,51,2,81,58,0,58,139
02/20/2020,BKL,OH,AGL,CE,Federal Contract Tower,0,13,30,0,43,0,22,32,3,57,0,35,62,3,100,26,0,26,126
02/21/2020,BKL,OH,AGL,CE,Federal Contract Tower,0,5,14,0,19,0,5,40,4,49,0,10,54,4,68,10,0,10,78
02/22/2020,BKL,OH,AGL,CE,Federal Contract Tower,0,7,21,0,28,0,13,37,2,52,0,20,58,2,80,14,0,14,94
02/23/2020,BKL,OH,AGL,CE,Federal Contract Tower,1,2,2,0,5,0,11,61,0,72,1,13,63,0,77,62,0,62,139
02/24/2020,BKL,OH,AGL,CE,Federal Contract Tower,2,9,8,0,19,0,6,26,0,32,2,15,34,0,51,46,0,46,97
02/25/2020,BKL,OH,AGL,CE,Federal Contract Tower,1,14,2,0,17,0,1,0,0,1,1,15,2,0,18,4,0,4,22
02/26/2020,BKL,OH,AGL,CE,Federal Contract Tower,0,10,2,0,12,0,0,0,0,0,0,10,2,0,12,0,0,0,12
02/27/2020,BKL,OH,AGL,CE,Federal Contract Tower,0,12,4,0,16,0,2,0,0,2,0,14,4,0,18,0,0,0,18
02/28/2020,BKL,OH,AGL,CE,Federal Contract Tower,0,8,12,0,20,0,6,1,0,7,0,14,13,0,27,0,0,0,27
02/29/2020,BKL,OH,AGL,CE,Federal Contract Tower,0,2,1,0,3,0,4,8,0,12,0,6,9,0,15,14,0,14,29
03/01/2020,BKL,OH,AGL,CE,Federal Contract Tower,0,9,10,0,19,0,6,29,2,37,0,15,39,2,56,20,0,20,76
03/02/2020,BKL,OH,AGL,CE,Federal Contract Tower,0,15,16,0,31,0,2,11,0,13,0,17,27,0,44,0,0,0,44
03/03/2020,BKL,OH,AGL,CE,Federal Contract Tower,0,16,11,0,27,0,0,3,0,3,0,16,14,0,30,0,0,0,30
03/04/2020,BKL,OH,AGL,CE,Federal Contract Tower,0,17,23,0,40,0,8,9,0,17,0,25,32,0,57,0,0,0,57
03/05/2020,BKL,OH,AGL,CE,Federal Contract Tower,0,18,17,4,39,0,12,38,0,50,0,30,55,4,89,38,0,38,127
03/06/2020,BKL,OH,AGL,CE,Federal Contract Tower,0,15,15,5,35,0,10,9,2,21,0,25,24,7,56,4,0,4,60
03/07/2020,BKL,OH,AGL,CE,Federal Contract Tower,0,7,9,0,16,0,3,37,0,40,0,10,46,0,56,46,0,46,102
03/08/2020,BKL,OH,AGL,CE,Federal Contract Tower,0,9,10,0,19,0,7,38,0,45,0,16,48,0,64,48,0,48,112
03/09/2020,BKL,OH,AGL,CE,Federal Contract Tower,0,13,16,0,29,0,7,10,0,17,0,20,26,0,46,6,0,6,52
03/10/2020,BKL,OH,AGL,CE,Federal Contract Tower,0,15,15,1,31,0,3,4,0,7,0,18,19,1,38,0,0,0,38
03/11/2020,BKL,OH,AGL,CE,Federal Contract Tower,0,11,13,3,27,0,5,7,2,14,0,16,20,5,41,86,12,98,139
03/12/2020,BKL,OH,AGL,CE,Federal Contract Tower,0,8,16,0,24,0,6,23,0,29,0,14,39,0,53,18,0,18,71
03/13/2020,BKL,OH,AGL,CE,Federal Contract Tower,0,24,15,0,39,0,4,16,0,20,0,28,31,0,59,6,0,6,65
03/14/2020,BKL,OH,AGL,CE,Federal Contract Tower,0,14,3,0,17,0,4,35,0,39,0,18,38,0,56,20,0,20,76
03/15/2020,BKL,OH,AGL,CE,Federal Contract Tower,0,15,16,0,31,0,7,27,0,34,0,22,43,0,65,20,0,20,85
03/16/2020,BKL,OH,AGL,CE,Federal Contract Tower,0,9,17,0,26,0,9,19,0,28,0,18,36,0,54,26,0,26,80
03/17/2020,BKL,OH,AGL,CE,Federal Contract Tower,0,8,5,0,13,0,6,9,0,15,0,14,14,0,28,12,0,12,40
03/18/2020,BKL,OH,AGL,CE,Federal Contract Tower,0,5,6,0,11,0,7,23,0,30,0,12,29,0,41,14,0,14,55
03/19/2020,BKL,OH,AGL,CE,Federal Contract Tower,0,5,6,0,11,0,1,2,0,3,0,6,8,0,14,4,0,4,18
03/20/2020,BKL,OH,AGL,CE,Federal Contract Tower,0,3,7,0,10,0,1,6,2,9,0,4,13,2,19,0,0,0,19
03/21/2020,BKL,OH,AGL,CE,Federal Contract Tower,0,4,2,0,6,0,3,13,0,16,0,7,15,0,22,10,0,10,32
03/22/2020,BKL,OH,AGL,CE,Federal Contract Tower,0,1,1,0,2,0,12,28,0,40,0,13,29,0,42,20,0,20,62
03/23/2020,BKL,OH,AGL,CE,Federal Contract Tower,0,0,2,0,2,0,3,2,0,5,0,3,4,0,7,0,0,0,7
03/24/2020,BKL,OH,AGL,CE,Federal Contract Tower,0,3,4,0,7,0,8,2,0,10,0,11,6,0,17,0,0,0,17
03/25/2020,BKL,OH,AGL,CE,Federal Contract Tower,0,6,1,0,7,0,12,15,0,27,0,18,16,0,34,12,0,12,46
03/26/2020,BKL,OH,AGL,CE,Federal Contract Tower,0,2,2,0,4,0,3,1,0,4,0,5,3,0,8,0,0,0,8
03/27/2020,BKL,OH,AGL,CE,Federal Contract Tower,0,2,3,0,5,0,5,0,0,5,0,7,3,0,10,0,0,0,10
03/28/2020,BKL,OH,AGL,CE,Federal Contract Tower,0,2,2,0,4,0,0,0,0,0,0,2,2,0,4,0,0,0,4
03/29/2020,BKL,OH,AGL,CE,Federal Contract Tower,0,3,2,0,5,0,0,2,0,2,0,3,4,0,7,0,0,0,7
03/30/2020,BKL,OH,AGL,CE,Federal Contract Tower,0,2,2,0,4,0,0,2,0,2,0,2,4,0,6,0,0,0,6
03/31/2020,BKL,OH,AGL,CE,Federal Contract Tower,0,11,6,2,19,0,2,0,0,2,0,13,6,2,21,0,0,0,21
04/01/2020,BKL,OH,AGL,CE,Federal Contract Tower,0,0,5,0,5,0,2,0,0,2,0,2,5,0,7,0,0,0,7
04/02/2020,BKL,OH,AGL,CE,Federal Contract Tower,0,4,4,0,8,0,13,13,0,26,0,17,17,0,34,16,0,16,50
04/03/2020,BKL,OH,AGL,CE,Federal Contract Tower,0,2,5,2,9,0,5,12,0,17,0,7,17,2,26,4,8,12,38
04/04/2020,BKL,OH,AGL,CE,Federal Contract Tower,0,2,0,0,2,0,3,12,0,15,0,5,12,0,17,4,0,4,21
04/05/2020,BKL,OH,AGL,CE,Federal Contract Tower,0,4,4,0,8,0,3,3,0,6,0,7,7,0,14,0,0,0,14
04/06/2020,BKL,OH,AGL,CE,Federal Contract Tower,0,1,1,2,4,0,9,8,2,19,0,10,9,4,23,0,8,8,31
04/07/2020,BKL,OH,AGL,CE,Federal Contract Tower,0,6,4,0,10,0,7,0,0,7,0,13,4,0,17,0,0,0,17
04/08/2020,BKL,OH,AGL,CE,Federal Contract Tower,0,4,2,0,6,0,9,4,0,13,0,13,6,0,19,0,0,0,19
04/09/2020,BKL,OH,AGL,CE,Federal Contract Tower,0,3,3,0,6,0,4,6,0,10,0,7,9,0,16,2,0,2,18
04/10/2020,BKL,OH,AGL,CE,Federal Contract Tower,0,2,0,0,2,0,6,0,0,6,0,8,0,0,8,0,0,0,8
04/11/2020,BKL,OH,AGL,CE,Federal Contract Tower,0,3,3,0,6,0,6,11,0,17,0,9,14,0,23,22,0,22,45
04/12/2020,BKL,OH,AGL,CE,Federal Contract Tower,0,4,0,0,4,0,4,2,0,6,0,8,2,0,10,0,0,0,10
04/13/2020,BKL,OH,AGL,CE,Federal Contract Tower,0,8,1,0,9,0,3,0,0,3,0,11,1,0,12,0,0,0,12
04/14/2020,BKL,OH,AGL,CE,Federal Contract Tower,0,11,3,0,14,0,8,8,0,16,0,19,11,0,30,10,0,10,40
04/15/2020,BKL,OH,AGL,CE,Federal Contract Tower,0,1,1,0,2,0,4,9,0,13,0,5,10,0,15,8,0,8,23
04/16/2020,BKL,OH,AGL,CE,Federal Contract Tower,0,4,1,0,5,0,3,8,0,11,0,7,9,0,16,0,0,0,16
04/17/2020,BKL,OH,AGL,CE,Federal Contract Tower,0,2,0,0,2,0,4,0,0,4,0,6,0,0,6,0,0,0,6
04/18/2020,BKL,OH,AGL,CE,Federal Contract Tower,0,5,0,0,5,0,7,7,0,14,0,12,7,0,19,16,0,16,35
04/19/2020,BKL,OH,AGL,CE,Federal Contract Tower,0,3,2,0,5,0,5,6,1,12,0,8,8,1,17,0,0,0,17
04/20/2020,BKL,OH,AGL,CE,Federal Contract Tower,0,5,2,2,9,0,5,21,0,26,0,10,23,2,35,18,0,18,53
04/21/2020,BKL,OH,AGL,CE,Federal Contract Tower,0,6,2,0,8,0,14,4,0,18,0,20,6,0,26,8,0,8,34
04/22/2020,BKL,OH,AGL,CE,Federal Contract Tower,0,4,3,0,7,0,7,8,0,15,0,11,11,0,22,12,0,12,34
04/23/2020,BKL,OH,AGL,CE,Federal Contract Tower,0,5,7,0,12,0,12,5,2,19,0,17,12,2,31,2,0,2,33
04/24/2020,BKL,OH,AGL,CE,Federal Contract Tower,0,9,4,0,13,0,3,4,0,7,0,12,8,0,20,0,0,0,20
04/25/2020,BKL,OH,AGL,CE,Federal Contract Tower,0,7,2,0,9,0,3,19,0,22,0,10,21,0,31,12,0,12,43
04/26/2020,BKL,OH,AGL,CE,Federal Contract Tower,0,4,2,0,6,0,0,0,0,0,0,4,2,0,6,0,0,0,6
04/27/2020,BKL,OH,AGL,CE,Federal Contract Tower,0,3,0,0,3,0,6,20,2,28,0,9,20,2,31,30,0,30,61
04/28/2020,BKL,OH,AGL,CE,Federal Contract Tower,0,11,1,0,12,0,14,6,0,20,0,25,7,0,32,10,0,10,42
04/29/2020,BKL,OH,AGL,CE,Federal Contract Tower,0,5,3,0,8,0,8,3,0,11,0,13,6,0,19,0,0,0,19
04/30/2020,BKL,OH,AGL,CE,Federal Contract Tower,0,0,5,0,5,0,11,4,0,15,0,11,9,0,20,6,0,6,26
05/01/2020,BKL,OH,AGL,CE,Federal Contract Tower,0,4,13,2,19,0,6,11,0,17,0,10,24,2,36,8,0,8,44
05/02/2020,BKL,OH,AGL,CE,Federal Contract Tower,0,4,4,0,8,0,9,12,0,21,0,13,16,0,29,8,0,8,37
05/03/2020,BKL,OH,AGL,CE,Federal Contract Tower,0,3,7,0,10,0,6,15,0,21,0,9,22,0,31,20,0,20,51
05/04/2020,BKL,OH,AGL,CE,Federal Contract Tower,0,3,11,0,14,0,8,18,0,26,0,11,29,0,40,0,0,0,40
05/05/2020,BKL,OH,AGL,CE,Federal Contract Tower,0,7,3,4,14,0,16,16,0,32,0,23,19,4,46,4,0,4,50
05/06/2020,BKL,OH,AGL,CE,Federal Contract Tower,0,6,3,0,9,0,12,7,0,19,0,18,10,0,28,12,2,14,42
05/07/2020,BKL,OH,AGL,CE,Federal Contract Tower,0,8,8,0,16,0,12,10,0,22,0,20,18,0,38,0,0,0,38
05/08/2020,BKL,OH,AGL,CE,Federal Contract Tower,0,0,10,0,10,0,6,10,0,16,0,6,20,0,26,0,0,0,26
05/09/2020,BKL,OH,AGL,CE,Federal Contract Tower,0,6,5,0,11,0,10,12,0,22,0,16,17,0,33,16,0,16,49
05/10/2020,BKL,OH,AGL,CE,Federal Contract Tower,0,1,7,0,8,0,7,9,0,16,0,8,16,0,24,18,0,18,42
05/11/2020,BKL,OH,AGL,CE,Federal Contract Tower,0,3,5,0,8,0,7,2,0,9,0,10,7,0,17,0,0,0,17
05/12/2020,BKL,OH,AGL,CE,Federal Contract Tower,0,0,7,0,7,0,7,35,0,42,0,7,42,0,49,50,0,50,99
05/13/2020,BKL,OH,AGL,CE,Federal Contract Tower,0,8,6,0,14,0,9,43,0,52,0,17,49,0,66,74,0,74,140
05/14/2020,BKL,OH,AGL,CE,Federal Contract Tower,0,6,13,2,21,0,8,6,0,14,0,14,19,2,35,0,0,0,35
05/15/2020,BKL,OH,AGL,CE,Federal Contract Tower,0,0,2,0,2,0,6,4,0,10,0,6,6,0,12,10,0,10,22
05/16/2020,BKL,OH,AGL,CE,Federal Contract Tower,0,4,2,0,6,0,1,18,0,19,0,5,20,0,25,4,0,4,29
05/17/2020,BKL,OH,AGL,CE,Federal Contract Tower,0,7,4,0,11,0,2,32,0,34,0,9,36,0,45,18,0,18,63
05/18/2020,BKL,OH,AGL,CE,Federal Contract Tower,0,4,2,0,6,0,5,3,0,8,0,9,5,0,14,0,0,0,14
05/19/2020,BKL,OH,AGL,CE,Federal Contract Tower,0,10,8,0,18,0,16,19,0,35,0,26,27,0,53,28,0,28,81
05/20/2020,BKL,OH,AGL,CE,Federal Contract Tower,0,6,10,0,16,0,14,59,0,73,0,20,69,0,89,64,0,64,153
05/21/2020,BKL,OH,AGL,CE,Federal Contract Tower,0,6,6,2,14,0,9,49,0,58,0,15,55,2,72,50,6,56,128
05/22/2020,BKL,OH,AGL,CE,Federal Contract Tower,0,8,5,0,13,0,5,20,0,25,0,13,25,0,38,10,0,10,48
05/23/2020,BKL,OH,AGL,CE,Federal Contract Tower,0,8,4,0,12,0,11,18,0,29,0,19,22,0,41,40,0,40,81
05/24/2020,BKL,OH,AGL,CE,Federal Contract Tower,0,9,8,0,17,0,3,35,0,38,0,12,43,0,55,20,0,20,75
05/25/2020,BKL,OH,AGL,CE,Federal Contract Tower,0,2,11,0,13,0,7,37,0,44,0,9,48,0,57,46,0,46,103
05/26/2020,BKL,OH,AGL,CE,Federal Contract Tower,0,7,4,0,11,0,9,45,0,54,0,16,49,0,65,28,0,28,93
05/27/2020,BKL,OH,AGL,CE,Federal Contract Tower,0,1,10,0,11,0,10,56,0,66,0,11,66,0,77,66,0,66,143
05/28/2020,BKL,OH,AGL,CE,Federal Contract Tower,0,9,6,0,15,0,6,16,0,22,0,15,22,0,37,26,10,36,73
05/29/2020,BKL,OH,AGL,CE,Federal Contract Tower,0,7,4,0,11,0,9,20,0,29,0,16,24,0,40,8,0,8,48
05/30/2020,BKL,OH,AGL,CE,Federal Contract Tower,0,3,5,0,8,0,2,70,0,72,0,5,75,0,80,74,0,74,154
05/31/2020,BKL,OH,AGL,CE,Federal Contract Tower,0,3,0,0,3,0,16,53,0,69,0,19,53,0,72,52,0,52,124
06/01/2020,BKL,OH,AGL,CE,Federal Contract Tower,0,1,6,0,7,0,11,40,0,51,0,12,46,0,58,12,0,12,70
06/02/2020,BKL,OH,AGL,CE,Federal Contract Tower,0,4,10,0,14,0,14,28,0,42,0,18,38,0,56,30,0,30,86
06/03/2020,BKL,OH,AGL,CE,Federal Contract Tower,0,4,3,2,9,0,32,30,0,62,0,36,33,2,71,36,0,36,107
06/04/2020,BKL,OH,AGL,CE,Federal Contract Tower,0,4,8,0,12,0,22,36,5,63,0,26,44,5,75,66,0,66,141
06/05/2020,BKL,OH,AGL,CE,Federal Contract Tower,0,5,4,0,9,0,13,43,4,60,0,18,47,4,69,32,0,32,101
06/06/2020,BKL,OH,AGL,CE,Federal Contract Tower,0,4,2,0,6,0,19,69,0,88,0,23,71,0,94,58,2,60,154
06/07/2020,BKL,OH,AGL,CE,Federal Contract Tower,0,2,2,0,4,0,9,53,0,62,0,11,55,0,66,106,0,106,172
06/08/2020,BKL,OH,AGL,CE,Federal Contract Tower,0,4,9,0,13,0,12,37,1,50,0,16,46,1,63,108,0,108,171
06/09/2020,BKL,OH,AGL,CE,Federal Contract Tower,0,8,15,0,23,0,11,34,0,45,0,19,49,0,68,44,0,44,112
06/10/2020,BKL,OH,AGL,CE,Federal Contract Tower,0,9,15,0,24,0,25,25,1,51,0,34,40,1,75,2,0,2,77
06/11/2020,BKL,OH,AGL,CE,Federal Contract Tower,0,4,23,0,27,0,18,45,1,64,0,22,68,1,91,72,0,72,163
06/12/2020,BKL,OH,AGL,CE,Federal Contract Tower,0,5,17,0,22,0,13,72,0,85,0,18,89,0,107,82,0,82,189
06/13/2020,BKL,OH,AGL,CE,Federal Contract Tower,0,4,4,0,8,0,13,65,0,78,0,17,69,0,86,88,0,88,174
06/14/2020,BKL,OH,AGL,CE,Federal Contract Tower,0,9,5,0,14,0,9,29,0,38,0,18,34,0,52,40,0,40,92
06/15/2020,BKL,OH,AGL,CE,Federal Contract Tower,0,10,13,0,23,0,7,52,0,59,0,17,65,0,82,54,0,54,136
06/16/2020,BKL,OH,AGL,CE,Federal Contract Tower,0,12,13,0,25,0,13,58,0,71,0,25,71,0,96,114,0,114,210
06/17/2020,BKL,OH,AGL,CE,Federal Contract Tower,0,3,22,0,25,0,22,60,0,82,0,25,82,0,107,72,0,72,179
06/18/2020,BKL,OH,AGL,CE,Federal Contract Tower,0,9,7,0,16,0,11,31,0,42,0,20,38,0,58,74,0,74,132
06/19/2020,BKL,OH,AGL,CE,Federal Contract Tower,0,8,20,0,28,0,30,45,0,75,0,38,65,0,103,84,0,84,187
06/20/2020,BKL,OH,AGL,CE,Federal Contract Tower,0,11,6,0,17,0,11,62,0,73,0,22,68,0,90,44,0,44,134
06/21/2020,BKL,OH,AGL,CE,Federal Contract Tower,0,3,3,0,6,0,9,22,0,31,0,12,25,0,37,28,0,28,65
06/22/2020,BKL,OH,AGL,CE,Federal Contract Tower,0,7,6,0,13,0,4,18,0,22,0,11,24,0,35,38,0,38,73
06/23/2020,BKL,OH,AGL,CE,Federal Contract Tower,0,13,19,0,32,0,7,19,0,26,0,20,38,0,58,52,0,52,110
06/24/2020,BKL,OH,AGL,CE,Federal Contract Tower,0,10,14,0,24,0,17,56,0,73,0,27,70,0,97,132,0,132,229
06/25/2020,BKL,OH,AGL,CE,Federal Contract Tower,0,9,23,0,32,0,16,63,0,79,0,25,86,0,111,144,0,144,255
06/26/2020,BKL,OH,AGL,CE,Federal Contract Tower,0,16,18,0,34,0,24,51,4,79,0,40,69,4,113,116,0,116,229
06/27/2020,BKL,OH,AGL,CE,Federal Contract Tower,0,0,14,0,14,0,18,21,0,39,0,18,35,0,53,38,0,38,91
06/28/2020,BKL,OH,AGL,CE,Federal Contract Tower,0,4,6,0,10,0,8,39,2,49,0,12,45,2,59,46,0,46,105
06/29/2020,BKL,OH,AGL,CE,Federal Contract Tower,0,11,11,0,22,0,22,45,0,67,0,33,56,0,89,62,0,62,151
06/30/2020,BKL,OH,AGL,CE,Federal Contract Tower,0,11,16,1,28,0,20,54,0,74,0,31,70,1,102,32,0,32,134
07/01/2020,BKL,OH,AGL,CE,Federal Contract Tower,0,13,16,0,29,0,19,72,0,91,0,32,88,0,120,116,0,116,236
07/02/2020,BKL,OH,AGL,CE,Federal Contract Tower,0,6,13,2,21,0,14,67,0,81,0,20,80,2,102,142,0,142,244
07/03/2020,BKL,OH,AGL,CE,Federal Contract Tower,0,5,9,2,16,0,23,52,0,75,0,28,61,2,91,66,0,66,157
07/04/2020,BKL,OH,AGL,CE,Federal Contract Tower,0,2,5,0,7,0,12,36,0,48,0,14,41,0,55,48,0,48,103
07/05/2020,BKL,OH,AGL,CE,Federal Contract Tower,0,3,7,0,10,0,9,43,0,52,0,12,50,0,62,30,0,30,92
07/06/2020,BKL,OH,AGL,CE,Federal Contract Tower,0,2,15,0,17,0,12,59,0,71,0,14,74,0,88,100,0,100,188
07/07/2020,BKL,OH,AGL,CE,Federal Contract Tower,0,5,16,0,21,0,19,47,2,68,0,24,63,2,89,80,0,80,169
07/08/2020,BKL,OH,AGL,CE,Federal Contract Tower,0,4,10,0,14,0,15,69,0,84,0,19,79,0,98,98,0,98,196
07/09/2020,BKL,OH,AGL,CE,Federal Contract Tower,0,14,18,0,32,0,15,55,0,70,0,29,73,0,102,118,0,118,220
07/10/2020,BKL,OH,AGL,CE,Federal Contract Tower,0,4,8,0,12,0,11,29,0,40,0,15,37,0,52,46,0,46,98
07/11/2020,BKL,OH,AGL,CE,Federal Contract Tower,0,9,2,0,11,0,7,2,0,9,0,16,4,0,20,14,0,14,34
07/12/2020,BKL,OH,AGL,CE,Federal Contract Tower,0,4,3,0,7,0,12,38,0,50,0,16,41,0,57,112,0,112,169
07/13/2020,BKL,OH,AGL,CE,Federal Contract Tower,0,7,14,0,21,0,12,55,0,67,0,19,69,0,88,94,0,94,182
07/14/2020,BKL,OH,AGL,CE,Federal Contract Tower,0,7,6,0,13,0,18,62,0,80,0,25,68,0,93,108,0,108,201
07/15/2020,BKL,OH,AGL,CE,Federal Contract Tower,0,7,26,0,33,0,15,53,0,68,0,22,79,0,101,62,0,62,163
07/16/2020,BKL,OH,AGL,CE,Federal Contract Tower,0,13,13,0,26,0,18,30,0,48,0,31,43,0,74,22,0,22,96
07/17/2020,BKL,OH,AGL,CE,Federal Contract Tower,0,7,14,0,21,0,24,54,0,78,0,31,68,0,99,88,0,88,187
07/18/2020,BKL,OH,AGL,CE,Federal Contract Tower,0,9,4,0,13,0,6,47,0,53,0,15,51,0,66,34,0,34,100
07/19/2020,BKL,OH,AGL,CE,Federal Contract Tower,0,8,5,0,13,0,8,17,0,25,0,16,22,0,38,8,0,8,46
07/20/2020,BKL,OH,AGL,CE,Federal Contract Tower,0,11,5,0,16,0,11,31,2,44,0,22,36,2,60,40,0,40,100
07/21/2020,BKL,OH,AGL,CE,Federal Contract Tower,0,9,13,0,22,0,9,42,0,51,0,18,55,0,73,126,0,126,199
07/22/2020,BKL,OH,AGL,CE,Federal Contract Tower,0,12,10,0,22,0,9,25,0,34,0,21,35,0,56,26,0,26,82
07/23/2020,BKL,OH,AGL,CE,Federal Contract Tower,2,11,11,0,24,0,5,13,0,18,2,16,24,0,42,40,0,40,82
07/24/2020,BKL,OH,AGL,CE,Federal Contract Tower,0,10,4,0,14,0,12,38,0,50,0,22,42,0,64,72,0,72,136
07/25/2020,BKL,OH,AGL,CE,Federal Contract Tower,0,6,17,0,23,0,10,39,0,49,0,16,56,0,72,24,0,24,96
07/26/2020,BKL,OH,AGL,CE,Federal Contract Tower,2,11,9,1,23,0,6,39,0,45,2,17,48,1,68,6,0,6,74
07/27/2020,BKL,OH,AGL,CE,Federal Contract Tower,2,6,10,1,19,0,15,16,1,32,2,21,26,2,51,2,0,2,53
07/28/2020,BKL,OH,AGL,CE,Federal Contract Tower,0,17,10,0,27,0,14,60,2,76,0,31,70,2,103,32,0,32,135
07/29/2020,BKL,OH,AGL,CE,Federal Contract Tower,0,5,13,0,18,0,21,45,0,66,0,26,58,0,84,20,0,20,104
07/30/2020,BKL,OH,AGL,CE,Federal Contract Tower,1,6,9,0,16,0,14,65,2,81,1,20,74,2,97,64,0,64,161
07/31/2020,BKL,OH,AGL,CE,Federal Contract Tower,0,8,11,0,19,0,18,61,0,79,0,26,72,0,98,90,0,90,188
08/01/2020,BKL,OH,AGL,CE,Federal Contract Tower,0,3,8,0,11,0,6,27,0,33,0,9,35,0,44,68,0,68,112
08/02/2020,BKL,OH,AGL,CE,Federal Contract Tower,0,7,8,1,16,0,7,0,0,7,0,14,8,1,23,0,0,0,23
08/03/2020,BKL,OH,AGL,CE,Federal Contract Tower,0,7,12,1,20,0,7,19,0,26,0,14,31,1,46,50,0,50,96
08/04/2020,BKL,OH,AGL,CE,Federal Contract Tower,0,17,23,0,40,0,12,24,18,54,0,29,47,18,94,42,0,42,136
08/05/2020,BKL,OH,AGL,CE,Federal Contract Tower,2,18,15,0,35,0,4,60,0,64,2,22,75,0,99,76,0,76,175
08/06/2020,BKL,OH,AGL,CE,Federal Contract Tower,0,13,6,1,20,0,12,24,18,54,0,25,30,19,74,18,0,18,92
08/07/2020,BKL,OH,AGL,CE,Federal Contract Tower,3,16,14,3,36,0,15,50,0,65,3,31,64,3,101,46,0,46,147
08/08/2020,BKL,OH,AGL,CE,Federal Contract Tower,0,5,13,0,18,0,29,102,0,131,0,34,115,0,149,72,0,72,221
08/09/2020,BKL,OH,AGL,CE,Federal Contract Tower,0,12,5,0,17,0,13,42,0,55,0,25,47,0,72,4,0,4,76
08/10/2020,BKL,OH,AGL,CE,Federal Contract Tower,0,12,9,4,25,0,2,47,0,49,0,14,56,4,74,38,0,38,112
08/11/2020,BKL,OH,AGL,CE,Federal Contract Tower,2,6,11,0,19,0,1,33,0,34,2,7,44,0,53,112,0,112,165
08/12/2020,BKL,OH,AGL,CE,Federal Contract Tower,0,10,7,0,17,0,8,47,0,55,0,18,54,0,72,46,0,46,118
08/13/2020,BKL,OH,AGL,CE,Federal Contract Tower,2,12,18,0,32,0,15,60,0,75,2,27,78,0,107,104,0,104,211
08/14/2020,BKL,OH,AGL,CE,Federal Contract Tower,0,11,15,0,26,0,16,36,1,53,0,27,51,1,79,54,0,54,133
08/15/2020,BKL,OH,AGL,CE,Federal Contract Tower,0,2,15,1,18,0,17,34,0,51,0,19,49,1,69,124,0,124,193
08/16/2020,BKL,OH,AGL,CE,Federal Contract Tower,0,6,12,2,20,0,7,7,0,14,0,13,19,2,34,10,0,10,44
08/17/2020,BKL,OH,AGL,CE,Federal Contract Tower,0,15,15,2,32,0,8,41,0,49,0,23,56,2,81,62,0,62,143
08/18/2020,BKL,OH,AGL,CE,Federal Contract Tower,0,14,30,0,44,0,9,55,0,64,0,23,85,0,108,44,0,44,152
08/19/2020,BKL,OH,AGL,CE,Federal Contract Tower,0,17,16,1,34,0,7,61,0,68,0,24,77,1,102,52,0,52,154
08/20/2020,BKL,OH,AGL,CE,Federal Contract Tower,0,12,16,3,31,0,9,41,0,50,0,21,57,3,81,32,0,32,113
08/21/2020,BKL,OH,AGL,CE,Federal Contract Tower,2,3,17,0,22,0,18,54,0,72,2,21,71,0,94,86,0,86,180
08/22/2020,BKL,OH,AGL,CE,Federal Contract Tower,0,1,11,0,12,0,20,44,0,64,0,21,55,0,76,62,0,62,138
08/23/2020,BKL,OH,AGL,CE,Federal Contract Tower,4,8,7,0,19,0,12,26,0,38,4,20,33,0,57,2,0,2,59
08/24/2020,BKL,OH,AGL,CE,Federal Contract Tower,2,11,10,0,23,0,23,30,2,55,2,34,40,2,78,16,0,16,94
08/25/2020,BKL,OH,AGL,CE,Federal Contract Tower,0,16,11,0,27,0,17,29,0,46,0,33,40,0,73,38,0,38,111
08/26/2020,BKL,OH,AGL,CE,Federal Contract Tower,0,17,14,0,31,0,8,24,0,32,0,25,38,0,63,2,0,2,65
08/27/2020,BKL,OH,AGL,CE,Federal Contract Tower,2,18,9,1,30,0,15,26,2,43,2,33,35,3,73,36,0,36,109
08/28/2020,BKL,OH,AGL,CE,Federal Contract Tower,0,12,13,1,26,0,6,7,0,13,0,18,20,1,39,14,0,14,53
08/29/2020,BKL,OH,AGL,CE,Federal Contract Tower,0,3,13,0,16,0,18,17,0,35,0,21,30,0,51,0,0,0,51
08/30/2020,BKL,OH,AGL,CE,Federal Contract Tower,0,7,16,1,24,0,8,45,0,53,0,15,61,1,77,68,0,68,145
08/31/2020,BKL,OH,AGL,CE,Federal Contract Tower,0,9,16,0,25,0,5,46,0,51,0,14,62,0,76,38,0,38,114
09/01/2020,BKL,OH,AGL,CE,Federal Contract Tower,0,13,25,3,41,0,13,19,0,32,0,26,44,3,73,24,0,24,97
09/02/2020,BKL,OH,AGL,CE,Federal Contract Tower,0,24,21,0,45,0,6,16,1,23,0,30,37,1,68,0,0,0,68
09/03/2020,BKL,OH,AGL,CE,Federal Contract Tower,0,24,18,1,43,0,13,49,0,62,0,37,67,1,105,44,0,44,149
09/04/2020,BKL,OH,AGL,CE,Federal Contract Tower,2,9,9,0,20,0,15,64,0,79,2,24,73,0,99,78,0,78,177
09/05/2020,BKL,OH,AGL,CE,Federal Contract Tower,0,6,6,0,12,0,8,41,2,51,0,14,47,2,63,22,0,22,85
09/06/2020,BKL,OH,AGL,CE,Federal Contract Tower,2,9,13,0,24,0,13,26,0,39,2,22,39,0,63,8,0,8,71
09/07/2020,BKL,OH,AGL,CE,Federal Contract Tower,2,7,6,0,15,0,4,0,0,4,2,11,6,0,19,0,0,0,19
09/08/2020,BKL,OH,AGL,CE,Federal Contract Tower,0,10,8,0,18,0,11,20,0,31,0,21,28,0,49,40,0,40,89
09/09/2020,BKL,OH,AGL,CE,Federal Contract Tower,0,19,25,2,46,0,10,5,2,17,0,29,30,4,63,18,0,18,81
09/10/2020,BKL,OH,AGL,CE,Federal Contract Tower,0,33,19,0,52,0,3,0,0,3,0,36,19,0,55,0,0,0,55
09/11/2020,BKL,OH,AGL,CE,Federal Contract Tower,2,14,20,3,39,0,24,55,0,79,2,38,75,3,118,32,0,32,150
09/12/2020,BKL,OH,AGL,CE,Federal Contract Tower,0,5,4,0,9,0,6,23,0,29,0,11,27,0,38,40,0,40,78
09/13/2020,BKL,OH,AGL,CE,Federal Contract Tower,0,5,11,1,17,0,4,20,0,24,0,9,31,1,41,26,0,26,67
09/14/2020,BKL,OH,AGL,CE,Federal Contract Tower,0,19,11,1,31,0,8,31,0,39,0,27,42,1,70,66,0,66,136
09/15/2020,BKL,OH,AGL,CE,Federal Contract Tower,0,14,13,0,27,0,8,52,0,60,0,22,65,0,87,98,0,98,185
09/16/2020,BKL,OH,AGL,CE,Federal Contract Tower,1,14,15,2,32,0,31,66,0,97,1,45,81,2,129,194,0,194,323
09/17/2020,BKL,OH,AGL,CE,Federal Contract Tower,0,20,15,0,35,0,26,41,0,67,0,46,56,0,102,80,0,80,182
09/18/2020,BKL,OH,AGL,CE,Federal Contract Tower,1,15,13,0,29,0,19,40,2,61,1,34,53,2,90,44,0,44,134
09/19/2020,BKL,OH,AGL,CE,Federal Contract Tower,0,3,2,0,5,0,14,50,0,64,0,17,52,0,69,24,0,24,93
09/20/2020,BKL,OH,AGL,CE,Federal Contract Tower,0,7,12,0,19,0,5,60,0,65,0,12,72,0,84,36,0,36,120
09/21/2020,BKL,OH,AGL,CE,Federal Contract Tower,2,17,17,0,36,0,18,41,0,59,2,35,58,0,95,42,0,42,137
09/22/2020,BKL,OH,AGL,CE,Federal Contract Tower,0,21,29,0,50,0,25,41,0,66,0,46,70,0,116,38,0,38,154
09/23/2020,BKL,OH,AGL,CE,Federal Contract Tower,0,21,24,0,45,0,24,46,0,70,0,45,70,0,115,48,0,48,163
09/24/2020,BKL,OH,AGL,CE,Federal Contract Tower,0,20,24,0,44,0,26,66,0,92,0,46,90,0,136,68,0,68,204
09/25/2020,BKL,OH,AGL,CE,Federal Contract Tower,2,10,19,0,31,0,7,51,0,58,2,17,70,0,89,60,0,60,149
09/26/2020,BKL,OH,AGL,CE,Federal Contract Tower,0,4,10,0,14,0,4,31,0,35,0,8,41,0,49,62,0,62,111
09/27/2020,BKL,OH,AGL,CE,Federal Contract Tower,0,4,28,0,32,0,11,20,0,31,0,15,48,0,63,10,0,10,73
09/28/2020,BKL,OH,AGL,CE,Federal Contract Tower,0,13,12,0,25,0,16,19,0,35,0,29,31,0,60,8,0,8,68
09/29/2020,BKL,OH,AGL,CE,Federal Contract Tower,2,8,8,0,18,0,4,36,0,40,2,12,44,0,58,22,0,22,80
09/30/2020,BKL,OH,AGL,CE,Federal Contract Tower,0,15,18,2,35,0,9,27,0,36,0,24,45,2,71,0,0,0,71
10/01/2020,BKL,OH,AGL,CE,Federal Contract Tower,0,10,13,0,23,0,8,22,0,30,0,18,35,0,53,16,0,16,69
10/02/2020,BKL,OH,AGL,CE,Federal Contract Tower,0,7,12,0,19,0,3,24,0,27,0,10,36,0,46,24,0,24,70
10/03/2020,BKL,OH,AGL,CE,Federal Contract Tower,0,9,5,0,14,0,21,70,1,92,0,30,75,1,106,94,0,94,200
10/04/2020,BKL,OH,AGL,CE,Federal Contract Tower,0,10,10,0,20,0,0,17,1,18,0,10,27,1,38,16,0,16,54
10/05/2020,BKL,OH,AGL,CE,Federal Contract Tower,0,14,14,0,28,0,10,24,0,34,0,24,38,0,62,14,0,14,76
10/06/2020,BKL,OH,AGL,CE,Federal Contract Tower,0,13,13,0,26,0,12,22,0,34,0,25,35,0,60,24,0,24,84
10/07/2020,BKL,OH,AGL,CE,Federal Contract Tower,0,11,14,0,25,0,11,14,0,25,0,22,28,0,50,2,0,2,52
10/08/2020,BKL,OH,AGL,CE,Federal Contract Tower,0,14,29,0,43,0,5,46,0,51,0,19,75,0,94,68,0,68,162
10/09/2020,BKL,OH,AGL,CE,Federal Contract Tower,0,13,16,4,33,0,12,49,0,61,0,25,65,4,94,60,0,60,154
10/10/2020,BKL,OH,AGL,CE,Federal Contract Tower,0,10,14,0,24,0,12,30,0,42,0,22,44,0,66,40,0,40,106
10/11/2020,BKL,OH,AGL,CE,Federal Contract Tower,0,5,14,0,19,0,6,16,0,22,0,11,30,0,41,12,0,12,53
10/12/2020,BKL,OH,AGL,CE,Federal Contract Tower,0,14,13,0,27,0,4,12,0,16,0,18,25,0,43,2,0,2,45
10/13/2020,BKL,OH,AGL,CE,Federal Contract Tower,0,14,19,0,33,0,4,43,0,47,0,18,62,0,80,56,0,56,136
10/14/2020,BKL,OH,AGL,CE,Federal Contract Tower,0,7,11,2,20,0,11,36,0,47,0,18,47,2,67,22,0,22,89
10/15/2020,BKL,OH,AGL,CE,Federal Contract Tower,0,16,15,0,31,0,10,10,0,20,0,26,25,0,51,0,0,0,51
10/16/2020,BKL,OH,AGL,CE,Federal Contract Tower,0,9,7,0,16,0,13,60,0,73,0,22,67,0,89,94,0,94,183
10/17/2020,BKL,OH,AGL,CE,Federal Contract Tower,0,3,6,0,9,0,8,59,0,67,0,11,65,0,76,52,0,52,128
10/18/2020,BKL,OH,AGL,CE,Federal Contract Tower,0,8,7,0,15,0,10,5,0,15,0,18,12,0,30,2,0,2,32
10/19/2020,BKL,OH,AGL,CE,Federal Contract Tower,0,12,20,0,32,0,2,0,0,2,0,14,20,0,34,0,0,0,34
10/20/2020,BKL,OH,AGL,CE,Federal Contract Tower,0,6,13,0,19,0,4,4,0,8,0,10,17,0,27,6,0,6,33
10/21/2020,BKL,OH,AGL,CE,Federal Contract Tower,0,15,7,0,22,0,5,11,0,16,0,20,18,0,38,34,0,34,72
10/22/2020,BKL,OH,AGL,CE,Federal Contract Tower,0,10,18,6,34,0,10,19,1,30,0,20,37,7,64,38,0,38,102
10/23/2020,BKL,OH,AGL,CE,Federal Contract Tower,0,4,23,0,27,0,7,41,3,51,0,11,64,3,78,38,0,38,116
10/24/2020,BKL,OH,AGL,CE,Federal Contract Tower,0,5,9,0,14,0,17,17,0,34,0,22,26,0,48,0,0,0,48
10/25/2020,BKL,OH,AGL,CE,Federal Contract Tower,0,13,10,0,23,0,5,29,0,34,0,18,39,0,57,64,0,64,121
10/31/2020,BKL,OH,AGL,CE,Federal Contract Tower,0,7,9,0,16,0,9,38,0,47,0,16,47,0,63,44,0,44,107
11/01/2020,BKL,OH,AGL,CE,Federal Contract Tower,0,9,9,0,18,0,0,0,0,0,0,9,9,0,18,0,0,0,18
11/02/2020,BKL,OH,AGL,CE,Federal Contract Tower,2,8,19,0,29,0,6,12,0,18,2,14,31,0,47,18,0,18,65
11/03/2020,BKL,OH,AGL,CE,Federal Contract Tower,0,15,14,0,29,0,14,53,2,69,0,29,67,2,98,50,0,50,148
11/04/2020,BKL,OH,AGL,CE,Federal Contract Tower,0,5,21,0,26,0,31,26,0,57,0,36,47,0,83,40,0,40,123
11/05/2020,BKL,OH,AGL,CE,Federal Contract Tower,0,9,9,0,18,0,18,43,0,61,0,27,52,0,79,56,2,58,137
11/06/2020,BKL,OH,AGL,CE,Federal Contract Tower,0,10,11,0,21,0,15,43,0,58,0,25,54,0,79,56,0,56,135
11/07/2020,BKL,OH,AGL,CE,Federal Contract Tower,0,5,4,0,9,0,10,45,0,55,0,15,49,0,64,64,0,64,128
11/08/2020,BKL,OH,AGL,CE,Federal Contract Tower,0,6,17,0,23,0,12,46,0,58,0,18,63,0,81,54,0,54,135
11/09/2020,BKL,OH,AGL,CE,Federal Contract Tower,0,9,13,0,22,0,8,59,0,67,0,17,72,0,89,16,0,16,105
11/10/2020,BKL,OH,AGL,CE,Federal Contract Tower,0,12,11,0,23,0,19,37,0,56,0,31,48,0,79,6,0,6,85
11/11/2020,BKL,OH,AGL,CE,Federal Contract Tower,0,6,15,0,21,0,13,17,0,30,0,19,32,0,51,36,0,36,87
11/12/2020,BKL,OH,AGL,CE,Federal Contract Tower,0,7,33,0,40,0,15,45,0,60,0,22,78,0,100,136,0,136,236
11/13/2020,BKL,OH,AGL,CE,Federal Contract Tower,0,7,24,0,31,0,20,30,1,51,0,27,54,1,82,82,0,82,164
11/14/2020,BKL,OH,AGL,CE,Federal Contract Tower,0,4,18,0,22,0,5,46,1,52,0,9,64,1,74,44,0,44,118
11/15/2020,BKL,OH,AGL,CE,Federal Contract Tower,0,2,11,0,13,0,2,2,0,4,0,4,13,0,17,0,0,0,17
11/16/2020,BKL,OH,AGL,CE,Federal Contract Tower,0,8,11,0,19,0,2,4,0,6,0,10,15,0,25,12,0,12,37
11/17/2020,BKL,OH,AGL,CE,Federal Contract Tower,0,3,1,0,4,0,2,2,0,4,0,5,3,0,8,0,0,0,8
11/18/2020,BKL,OH,AGL,CE,Federal Contract Tower,0,6,9,0,15,0,20,39,0,59,0,26,48,0,74,80,0,80,154
11/19/2020,BKL,OH,AGL,CE,Federal Contract Tower,0,14,5,0,19,0,14,10,0,24,0,28,15,0,43,0,0,0,43
11/20/2020,BKL,OH,AGL,CE,Federal Contract Tower,0,15,21,0,36,0,18,40,0,58,0,33,61,0,94,10,0,10,104
11/21/2020,BKL,OH,AGL,CE,Federal Contract Tower,0,8,14,0,22,0,10,40,0,50,0,18,54,0,72,82,0,82,154
11/22/2020,BKL,OH,AGL,CE,Federal Contract Tower,0,3,12,0,15,0,2,1,0,3,0,5,13,0,18,0,0,0,18
11/23/2020,BKL,OH,AGL,CE,Federal Contract Tower,0,12,10,0,22,0,9,2,0,11,0,21,12,0,33,0,0,0,33
11/24/2020,BKL,OH,AGL,CE,Federal Contract Tower,0,4,7,0,11,0,15,32,0,47,0,19,39,0,58,50,0,50,108
11/25/2020,BKL,OH,AGL,CE,Federal Contract Tower,0,10,10,4,24,0,6,2,0,8,0,16,12,4,32,0,0,0,32
11/26/2020,BKL,OH,AGL,CE,Federal Contract Tower,0,7,3,0,10,0,3,0,0,3,0,10,3,0,13,0,0,0,13
11/27/2020,BKL,OH,AGL,CE,Federal Contract Tower,0,11,4,0,15,0,24,9,0,33,0,35,13,0,48,30,0,30,78
11/28/2020,BKL,OH,AGL,CE,Federal Contract Tower,0,2,3,0,5,0,14,32,0,46,0,16,35,0,51,28,0,28,79
11/29/2020,BKL,OH,AGL,CE,Federal Contract Tower,0,8,9,0,17,0,8,24,0,32,0,16,33,0,49,38,0,38,87
11/30/2020,BKL,OH,AGL,CE,Federal Contract Tower,0,10,13,0,23,0,4,5,0,9,0,14,18,0,32,0,0,0,32
12/01/2020,BKL,OH,AGL,CE,Federal Contract Tower,0,4,2,0,6,0,0,0,0,0,0,4,2,0,6,0,0,0,6
12/02/2020,BKL,OH,AGL,CE,Federal Contract Tower,0,11,14,0,25,0,2,26,0,28,0,13,40,0,53,30,0,30,83
12/03/2020,BKL,OH,AGL,CE,Federal Contract Tower,0,16,11,0,27,0,12,30,0,42,0,28,41,0,69,40,0,40,109
12/04/2020,BKL,OH,AGL,CE,Federal Contract Tower,0,5,12,0,17,0,10,22,0,32,0,15,34,0,49,30,0,30,79
12/05/2020,BKL,OH,AGL,CE,Federal Contract Tower,0,3,2,0,5,0,7,1,0,8,0,10,3,0,13,0,0,0,13
12/06/2020,BKL,OH,AGL,CE,Federal Contract Tower,0,6,5,0,11,0,11,14,0,25,0,17,19,0,36,24,0,24,60
12/07/2020,BKL,OH,AGL,CE,Federal Contract Tower,0,10,9,2,21,0,2,10,0,12,0,12,19,2,33,10,0,10,43
12/08/2020,BKL,OH,AGL,CE,Federal Contract Tower,0,7,8,0,15,0,8,7,0,15,0,15,15,0,30,10,0,10,40
12/09/2020,BKL,OH,AGL,CE,Federal Contract Tower,0,10,19,0,29,0,21,3,0,24,0,31,22,0,53,6,0,6,59
12/10/2020,BKL,OH,AGL,CE,Federal Contract Tower,0,6,18,0,24,0,18,27,0,45,0,24,45,0,69,22,0,22,91
12/11/2020,BKL,OH,AGL,CE,Federal Contract Tower,0,9,8,0,17,0,20,48,0,68,0,29,56,0,85,86,0,86,171
12/12/2020,BKL,OH,AGL,CE,Federal Contract Tower,0,6,2,0,8,0,11,6,0,17,0,17,8,0,25,6,0,6,31
12/13/2020,BKL,OH,AGL,CE,Federal Contract Tower,0,5,6,0,11,0,5,10,0,15,0,10,16,0,26,36,0,36,62
12/14/2020,BKL,OH,AGL,CE,Federal Contract Tower,0,11,14,2,27,0,4,9,0,13,0,15,23,2,40,0,0,0,40
12/15/2020,BKL,OH,AGL,CE,Federal Contract Tower,0,15,21,0,36,0,11,26,0,37,0,26,47,0,73,30,0,30,103
12/16/2020,BKL,OH,AGL,CE,Federal Contract Tower,0,8,11,2,21,0,3,3,0,6,0,11,14,2,27,2,0,2,29
12/17/2020,BKL,OH,AGL,CE,Federal Contract Tower,0,9,15,0,24,0,0,5,0,5,0,9,20,0,29,0,0,0,29
12/18/2020,BKL,OH,AGL,CE,Federal Contract Tower,0,15,6,0,21,0,3,0,0,3,0,18,6,0,24,10,0,10,34
12/19/2020,BKL,OH,AGL,CE,Federal Contract Tower,0,3,12,0,15,0,4,2,0,6,0,7,14,0,21,20,0,20,41
12/20/2020,BKL,OH,AGL,CE,Federal Contract Tower,0,11,14,0,25,0,0,2,0,2,0,11,16,0,27,4,0,4,31
12/21/2020,BKL,OH,AGL,CE,Federal Contract Tower,0,17,4,0,21,0,3,7,0,10,0,20,11,0,31,20,0,20,51
12/22/2020,BKL,OH,AGL,CE,Federal Contract Tower,0,5,14,0,19,0,10,4,0,14,0,15,18,0,33,0,0,0,33
12/23/2020,BKL,OH,AGL,CE,Federal Contract Tower,0,13,10,0,23,0,25,21,0,46,0,38,31,0,69,12,0,12,81
12/24/2020,BKL,OH,AGL,CE,Federal Contract Tower,0,11,4,0,15,0,3,0,0,3,0,14,4,0,18,0,0,0,18
12/25/2020,BKL,OH,AGL,CE,Federal Contract Tower,0,0,0,0,0,0,0,0,0,0,0,0,0,0,0,0,0,0,0
12/26/2020,BKL,OH,AGL,CE,Federal Contract Tower,0,4,6,0,10,0,4,4,0,8,0,8,10,0,18,0,0,0,18
12/27/2020,BKL,OH,AGL,CE,Federal Contract Tower,0,13,7,0,20,0,23,6,0,29,0,36,13,0,49,2,0,2,51
12/28/2020,BKL,OH,AGL,CE,Federal Contract Tower,0,5,2,0,7,0,8,12,0,20,0,13,14,0,27,4,0,4,31
12/29/2020,BKL,OH,AGL,CE,Federal Contract Tower,0,8,16,0,24,0,14,30,2,46,0,22,46,2,70,20,0,20,90
12/30/2020,BKL,OH,AGL,CE,Federal Contract Tower,0,6,7,0,13,0,15,8,0,23,0,21,15,0,36,4,0,4,40
12/31/2020,BKL,OH,AGL,CE,Federal Contract Tower,0,12,2,0,14,0,5,10,0,15,0,17,12,0,29,40,0,40,69
01/01/2021,BKL,OH,AGL,CE,Federal Contract Tower,0,4,1,0,5,0,1,3,0,4,0,5,4,0,9,0,0,0,9
01/02/2021,BKL,OH,AGL,CE,Federal Contract Tower,0,2,7,0,9,0,0,0,0,0,0,2,7,0,9,0,0,0,9
01/03/2021,BKL,OH,AGL,CE,Federal Contract Tower,0,7,11,0,18,0,0,1,0,1,0,7,12,0,19,0,0,0,19
01/04/2021,BKL,OH,AGL,CE,Federal Contract Tower,0,5,8,0,13,0,3,3,0,6,0,8,11,0,19,34,0,34,53
01/05/2021,BKL,OH,AGL,CE,Federal Contract Tower,0,4,5,0,9,0,3,6,0,9,0,7,11,0,18,24,0,24,42
01/06/2021,BKL,OH,AGL,CE,Federal Contract Tower,0,7,5,0,12,0,0,8,0,8,0,7,13,0,20,24,0,24,44
01/07/2021,BKL,OH,AGL,CE,Federal Contract Tower,0,5,8,0,13,0,6,17,2,25,0,11,25,2,38,66,0,66,104
01/08/2021,BKL,OH,AGL,CE,Federal Contract Tower,0,7,4,0,11,0,5,8,0,13,0,12,12,0,24,44,0,44,68
01/09/2021,BKL,OH,AGL,CE,Federal Contract Tower,0,10,8,0,18,0,0,45,0,45,0,10,53,0,63,42,0,42,105
01/10/2021,BKL,OH,AGL,CE,Federal Contract Tower,0,9,8,0,17,0,8,36,0,44,0,17,44,0,61,50,0,50,111
01/11/2021,BKL,OH,AGL,CE,Federal Contract Tower,0,5,11,0,16,0,5,3,0,8,0,10,14,0,24,44,0,44,68
01/12/2021,BKL,OH,AGL,CE,Federal Contract Tower,0,9,7,2,18,0,3,2,0,5,0,12,9,2,23,14,0,14,37
01/13/2021,BKL,OH,AGL,CE,Federal Contract Tower,0,7,23,0,30,0,8,41,0,49,0,15,64,0,79,22,0,22,101
01/14/2021,BKL,OH,AGL,CE,Federal Contract Tower,0,20,15,0,35,0,25,33,2,60,0,45,48,2,95,58,0,58,153
01/15/2021,BKL,OH,AGL,CE,Federal Contract Tower,0,10,4,0,14,0,4,9,0,13,0,14,13,0,27,0,0,0,27
01/16/2021,BKL,OH,AGL,CE,Federal Contract Tower,0,13,3,0,16,0,2,6,0,8,0,15,9,0,24,22,0,22,46
01/17/2021,BKL,OH,AGL,CE,Federal Contract Tower,0,11,3,0,14,0,2,0,0,2,0,13,3,0,16,0,0,0,16
01/18/2021,BKL,OH,AGL,CE,Federal Contract Tower,0,14,9,0,23,0,0,1,0,1,0,14,10,0,24,0,0,0,24
01/19/2021,BKL,OH,AGL,CE,Federal Contract Tower,0,10,13,0,23,0,10,4,0,14,0,20,17,0,37,18,0,18,55
01/20/2021,BKL,OH,AGL,CE,Federal Contract Tower,0,10,12,0,22,0,7,19,0,26,0,17,31,0,48,48,0,48,96
01/21/2021,BKL,OH,AGL,CE,Federal Contract Tower,0,12,18,0,30,0,16,17,0,33,0,28,35,0,63,30,0,30,93
01/22/2021,BKL,OH,AGL,CE,Federal Contract Tower,0,4,8,0,12,0,10,8,2,20,0,14,16,2,32,32,0,32,64
01/23/2021,BKL,OH,AGL,CE,Federal Contract Tower,0,8,11,0,19,0,24,30,0,54,0,32,41,0,73,26,0,26,99
01/24/2021,BKL,OH,AGL,CE,Federal Contract Tower,0,5,9,0,14,0,2,15,0,17,0,7,24,0,31,16,0,16,47
01/25/2021,BKL,OH,AGL,CE,Federal Contract Tower,0,4,8,0,12,0,2,6,0,8,0,6,14,0,20,0,0,0,20
01/26/2021,BKL,OH,AGL,CE,Federal Contract Tower,0,8,7,0,15,0,2,1,0,3,0,10,8,0,18,0,0,0,18
01/27/2021,BKL,OH,AGL,CE,Federal Contract Tower,0,7,11,0,18,0,1,9,0,10,0,8,20,0,28,12,0,12,40
01/28/2021,BKL,OH,AGL,CE,Federal Contract Tower,0,17,13,0,30,0,9,2,0,11,0,26,15,0,41,10,0,10,51
01/29/2021,BKL,OH,AGL,CE,Federal Contract Tower,0,5,10,0,15,0,10,14,0,24,0,15,24,0,39,12,0,12,51
01/30/2021,BKL,OH,AGL,CE,Federal Contract Tower,0,9,0,0,9,0,9,18,0,27,0,18,18,0,36,48,0,48,84
01/31/2021,BKL,OH,AGL,CE,Federal Contract Tower,0,10,9,0,19,0,7,2,0,9,0,17,11,0,28,0,0,0,28
02/01/2021,BKL,OH,AGL,CE,Federal Contract Tower,0,3,0,0,3,0,0,0,0,0,0,3,0,0,3,0,0,0,3
02/02/2021,BKL,OH,AGL,CE,Federal Contract Tower,0,4,2,0,6,0,2,8,0,10,0,6,10,0,16,0,0,0,16
02/03/2021,BKL,OH,AGL,CE,Federal Contract Tower,0,3,6,0,9,0,7,7,6,20,0,10,13,6,29,0,12,12,41
02/04/2021,BKL,OH,AGL,CE,Federal Contract Tower,0,4,17,0,21,0,14,25,0,39,0,18,42,0,60,20,0,20,80
02/05/2021,BKL,OH,AGL,CE,Federal Contract Tower,0,6,4,0,10,0,11,0,0,11,0,17,4,0,21,0,0,0,21
02/06/2021,BKL,OH,AGL,CE,Federal Contract Tower,0,2,6,0,8,0,7,20,0,27,0,9,26,0,35,4,0,4,39
02/07/2021,BKL,OH,AGL,CE,Federal Contract Tower,0,5,5,0,10,0,4,1,0,5,0,9,6,0,15,0,0,0,15
02/08/2021,BKL,OH,AGL,CE,Federal Contract Tower,0,5,7,0,12,0,4,16,0,20,0,9,23,0,32,6,0,6,38
02/09/2021,BKL,OH,AGL,CE,Federal Contract Tower,0,6,7,0,13,0,8,2,0,10,0,14,9,0,23,10,0,10,33
02/10/2021,BKL,OH,AGL,CE,Federal Contract Tower,0,4,6,2,12,0,8,11,2,21,0,12,17,4,33,12,0,12,45
02/11/2021,BKL,OH,AGL,CE,Federal Contract Tower,0,12,7,0,19,0,12,11,0,23,0,24,18,0,42,12,0,12,54
02/12/2021,BKL,OH,AGL,CE,Federal Contract Tower,0,9,10,0,19,0,12,22,0,34,0,21,32,0,53,42,0,42,95
02/13/2021,BKL,OH,AGL,CE,Federal Contract Tower,0,5,0,0,5,0,0,9,0,9,0,5,9,0,14,18,0,18,32
02/14/2021,BKL,OH,AGL,CE,Federal Contract Tower,0,7,6,0,13,0,3,19,0,22,0,10,25,0,35,32,0,32,67
02/15/2021,BKL,OH,AGL,CE,Federal Contract Tower,0,4,4,0,8,0,2,0,0,2,0,6,4,0,10,0,0,0,10
02/16/2021,BKL,OH,AGL,CE,Federal Contract Tower,0,4,2,0,6,0,0,0,0,0,0,4,2,0,6,0,0,0,6
02/17/2021,BKL,OH,AGL,CE,Federal Contract Tower,0,11,9,0,20,0,12,13,0,25,0,23,22,0,45,14,0,14,59
02/18/2021,BKL,OH,AGL,CE,Federal Contract Tower,0,9,6,0,15,0,3,2,0,5,0,12,8,0,20,0,0,0,20
02/19/2021,BKL,OH,AGL,CE,Federal Contract Tower,0,7,2,0,9,0,3,4,0,7,0,10,6,0,16,0,0,0,16
02/20/2021,BKL,OH,AGL,CE,Federal Contract Tower,0,6,6,0,12,0,2,11,0,13,0,8,17,0,25,22,0,22,47
02/21/2021,BKL,OH,AGL,CE,Federal Contract Tower,0,8,4,0,12,0,15,44,0,59,0,23,48,0,71,52,0,52,123
02/22/2021,BKL,OH,AGL,CE,Federal Contract Tower,0,13,8,0,21,0,3,2,0,5,0,16,10,0,26,0,0,0,26
02/23/2021,BKL,OH,AGL,CE,Federal Contract Tower,0,16,17,0,33,0,10,16,0,26,0,26,33,0,59,6,0,6,65
02/24/2021,BKL,OH,AGL,CE,Federal Contract Tower,0,13,11,0,24,0,17,14,0,31,0,30,25,0,55,0,0,0,55
02/25/2021,BKL,OH,AGL,CE,Federal Contract Tower,0,13,17,0,30,0,12,48,0,60,0,25,65,0,90,98,0,98,188
02/26/2021,BKL,OH,AGL,CE,Federal Contract Tower,0,9,15,1,25,0,12,73,1,86,0,21,88,2,111,72,0,72,183
02/27/2021,BKL,OH,AGL,CE,Federal Contract Tower,0,9,10,0,19,0,8,13,0,21,0,17,23,0,40,24,0,24,64
02/28/2021,BKL,OH,AGL,CE,Federal Contract Tower,0,10,7,0,17,0,4,9,0,13,0,14,16,0,30,12,0,12,42
03/01/2021,BKL,OH,AGL,CE,Federal Contract Tower,0,8,7,0,15,0,6,6,0,12,0,14,13,0,27,16,0,16,43
03/02/2021,BKL,OH,AGL,CE,Federal Contract Tower,0,4,18,2,24,0,7,30,0,37,0,11,48,2,61,30,0,30,91
03/03/2021,BKL,OH,AGL,CE,Federal Contract Tower,0,11,17,0,28,0,1,35,0,36,0,12,52,0,64,96,0,96,160
03/04/2021,BKL,OH,AGL,CE,Federal Contract Tower,0,13,17,0,30,0,8,23,0,31,0,21,40,0,61,24,0,24,85
03/05/2021,BKL,OH,AGL,CE,Federal Contract Tower,0,10,7,1,18,0,12,32,0,44,0,22,39,1,62,60,0,60,122
03/06/2021,BKL,OH,AGL,CE,Federal Contract Tower,0,4,3,0,7,0,14,59,0,73,0,18,62,0,80,76,0,76,156
03/07/2021,BKL,OH,AGL,CE,Federal Contract Tower,0,8,1,0,9,0,3,46,0,49,0,11,47,0,58,38,0,38,96
03/08/2021,BKL,OH,AGL,CE,Federal Contract Tower,0,11,10,0,21,0,8,23,0,31,0,19,33,0,52,6,0,6,58
03/09/2021,BKL,OH,AGL,CE,Federal Contract Tower,0,21,12,0,33,0,10,45,0,55,0,31,57,0,88,76,0,76,164
03/10/2021,BKL,OH,AGL,CE,Federal Contract Tower,0,7,17,0,24,0,8,26,0,34,0,15,43,0,58,18,0,18,76
03/11/2021,BKL,OH,AGL,CE,Federal Contract Tower,0,13,8,0,21,0,8,6,0,14,0,21,14,0,35,0,0,0,35
03/12/2021,BKL,OH,AGL,CE,Federal Contract Tower,0,9,11,0,20,0,15,43,0,58,0,24,54,0,78,50,0,50,128
03/13/2021,BKL,OH,AGL,CE,Federal Contract Tower,0,11,13,0,24,0,11,46,0,57,0,22,59,0,81,56,0,56,137
03/14/2021,BKL,OH,AGL,CE,Federal Contract Tower,0,9,9,0,18,0,6,31,0,37,0,15,40,0,55,12,0,12,67
03/15/2021,BKL,OH,AGL,CE,Federal Contract Tower,0,6,13,4,23,0,4,27,0,31,0,10,40,4,54,18,4,22,76
03/16/2021,BKL,OH,AGL,CE,Federal Contract Tower,0,14,11,0,25,0,7,26,0,33,0,21,37,0,58,24,0,24,82
03/17/2021,BKL,OH,AGL,CE,Federal Contract Tower,0,9,12,0,21,0,9,22,0,31,0,18,34,0,52,20,0,20,72
03/18/2021,BKL,OH,AGL,CE,Federal Contract Tower,0,1,11,0,12,0,2,5,0,7,0,3,16,0,19,0,0,0,19
03/19/2021,BKL,OH,AGL,CE,Federal Contract Tower,0,5,7,0,12,0,27,16,0,43,0,32,23,0,55,4,0,4,59
03/20/2021,BKL,OH,AGL,CE,Federal Contract Tower,0,12,5,0,17,0,12,34,0,46,0,24,39,0,63,58,0,58,121
03/21/2021,BKL,OH,AGL,CE,Federal Contract Tower,0,3,9,0,12,0,7,42,0,49,0,10,51,0,61,40,0,40,101
03/22/2021,BKL,OH,AGL,CE,Federal Contract Tower,0,5,15,0,20,0,20,41,0,61,0,25,56,0,81,54,0,54,135
03/23/2021,BKL,OH,AGL,CE,Federal Contract Tower,0,12,22,1,35,0,11,43,0,54,0,23,65,1,89,20,0,20,109
03/24/2021,BKL,OH,AGL,CE,Federal Contract Tower,0,11,16,0,27,0,13,16,0,29,0,24,32,0,56,14,0,14,70
03/25/2021,BKL,OH,AGL,CE,Federal Contract Tower,0,8,9,0,17,0,17,32,4,53,0,25,41,4,70,58,0,58,128
03/26/2021,BKL,OH,AGL,CE,Federal Contract Tower,0,11,6,1,18,0,7,1,0,8,0,18,7,1,26,38,0,38,64
03/27/2021,BKL,OH,AGL,CE,Federal Contract Tower,0,8,9,2,19,0,16,66,0,82,0,24,75,2,101,146,0,146,247
03/28/2021,BKL,OH,AGL,CE,Federal Contract Tower,0,9,6,0,15,0,5,1,1,7,0,14,7,1,22,0,0,0,22
03/29/2021,BKL,OH,AGL,CE,Federal Contract Tower,0,8,13,0,21,0,24,52,1,77,0,32,65,1,98,38,0,38,136
03/30/2021,BKL,OH,AGL,CE,Federal Contract Tower,0,16,13,1,30,0,24,22,0,46,0,40,35,1,76,12,0,12,88
03/31/2021,BKL,OH,AGL,CE,Federal Contract Tower,0,5,23,0,28,0,28,24,0,52,0,33,47,0,80,22,0,22,102
04/01/2021,BKL,OH,AGL,CE,Federal Contract Tower,0,7,15,0,22,0,3,0,0,3,0,10,15,0,25,0,0,0,25
04/02/2021,BKL,OH,AGL,CE,Federal Contract Tower,0,16,12,0,28,0,35,42,0,77,0,51,54,0,105,42,0,42,147
04/03/2021,BKL,OH,AGL,CE,Federal Contract Tower,0,5,11,0,16,0,2,55,0,57,0,7,66,0,73,44,0,44,117
04/04/2021,BKL,OH,AGL,CE,Federal Contract Tower,0,9,6,0,15,0,6,38,0,44,0,15,44,0,59,20,0,20,79
04/05/2021,BKL,OH,AGL,CE,Federal Contract Tower,2,9,16,2,29,0,15,32,0,47,2,24,48,2,76,12,0,12,88
04/06/2021,BKL,OH,AGL,CE,Federal Contract Tower,0,20,22,0,42,0,14,50,0,64,0,34,72,0,106,34,0,34,140
04/07/2021,BKL,OH,AGL,CE,Federal Contract Tower,2,6,13,0,21,0,0,0,0,0,2,6,13,0,21,8,0,8,29
04/08/2021,BKL,OH,AGL,CE,Federal Contract Tower,1,10,19,0,30,0,23,23,2,48,1,33,42,2,78,0,0,0,78
04/09/2021,BKL,OH,AGL,CE,Federal Contract Tower,1,12,14,0,27,0,6,49,0,55,1,18,63,0,82,30,0,30,112
04/10/2021,BKL,OH,AGL,CE,Federal Contract Tower,0,9,3,0,12,0,4,42,0,46,0,13,45,0,58,16,0,16,74
04/11/2021,BKL,OH,AGL,CE,Federal Contract Tower,0,12,12,0,24,0,5,14,2,21,0,17,26,2,45,2,0,2,47
04/12/2021,BKL,OH,AGL,CE,Federal Contract Tower,0,11,11,0,22,0,3,12,0,15,0,14,23,0,37,32,0,32,69
04/13/2021,BKL,OH,AGL,CE,Federal Contract Tower,0,16,12,0,28,0,9,53,2,64,0,25,65,2,92,50,0,50,142
04/14/2021,BKL,OH,AGL,CE,Federal Contract Tower,0,23,22,0,45,0,22,76,0,98,0,45,98,0,143,102,0,102,245
04/15/2021,BKL,OH,AGL,CE,Federal Contract Tower,0,12,20,0,32,0,12,29,0,41,0,24,49,0,73,26,0,26,99
04/16/2021,BKL,OH,AGL,CE,Federal Contract Tower,0,15,16,0,31,0,15,38,0,53,0,30,54,0,84,38,0,38,122
04/17/2021,BKL,OH,AGL,CE,Federal Contract Tower,0,12,7,0,19,0,14,49,0,63,0,26,56,0,82,64,0,64,146
04/18/2021,BKL,OH,AGL,CE,Federal Contract Tower,0,10,9,0,19,0,10,44,10,64,0,20,53,10,83,34,0,34,117
04/19/2021,BKL,OH,AGL,CE,Federal Contract Tower,2,12,27,0,41,0,15,29,0,44,2,27,56,0,85,18,0,18,103
04/20/2021,BKL,OH,AGL,CE,Federal Contract Tower,0,18,22,0,40,0,23,11,0,34,0,41,33,0,74,28,0,28,102
04/21/2021,BKL,OH,AGL,CE,Federal Contract Tower,2,21,19,0,42,0,13,12,0,25,2,34,31,0,67,0,0,0,67
04/22/2021,BKL,OH,AGL,CE,Federal Contract Tower,2,22,27,1,52,0,26,56,0,82,2,48,83,1,134,72,0,72,206
04/23/2021,BKL,OH,AGL,CE,Federal Contract Tower,0,18,18,1,37,0,29,71,0,100,0,47,89,1,137,86,0,86,223
04/24/2021,BKL,OH,AGL,CE,Federal Contract Tower,0,5,5,0,10,0,17,33,0,50,0,22,38,0,60,40,0,40,100
04/25/2021,BKL,OH,AGL,CE,Federal Contract Tower,3,4,14,0,21,0,10,22,0,32,3,14,36,0,53,6,0,6,59
04/26/2021,BKL,OH,AGL,CE,Federal Contract Tower,2,13,12,0,27,0,9,44,0,53,2,22,56,0,80,22,0,22,102
04/27/2021,BKL,OH,AGL,CE,Federal Contract Tower,0,18,11,0,29,0,16,41,2,59,0,34,52,2,88,10,0,10,98
04/28/2021,BKL,OH,AGL,CE,Federal Contract Tower,2,24,31,0,57,0,14,13,0,27,2,38,44,0,84,0,0,0,84
04/29/2021,BKL,OH,AGL,CE,Federal Contract Tower,0,22,14,0,36,0,0,0,0,0,0,22,14,0,36,0,0,0,36
04/30/2021,BKL,OH,AGL,CE,Federal Contract Tower,0,20,30,1,51,0,10,23,0,33,0,30,53,1,84,0,0,0,84
05/01/2021,BKL,OH,AGL,CE,Federal Contract Tower,0,14,11,0,25,0,9,58,0,67,0,23,69,0,92,12,0,12,104
05/02/2021,BKL,OH,AGL,CE,Federal Contract Tower,0,10,10,0,20,0,4,47,0,51,0,14,57,0,71,22,0,22,93
05/03/2021,BKL,OH,AGL,CE,Federal Contract Tower,0,24,10,0,34,0,2,10,0,12,0,26,20,0,46,10,0,10,56
05/04/2021,BKL,OH,AGL,CE,Federal Contract Tower,0,17,24,0,41,0,4,18,0,22,0,21,42,0,63,68,0,68,131
05/05/2021,BKL,OH,AGL,CE,Federal Contract Tower,0,20,21,0,41,0,8,12,0,20,0,28,33,0,61,44,0,44,105
05/06/2021,BKL,OH,AGL,CE,Federal Contract Tower,2,22,18,0,42,0,15,57,0,72,2,37,75,0,114,46,0,46,160
05/07/2021,BKL,OH,AGL,CE,Federal Contract Tower,0,18,14,2,34,0,5,32,2,39,0,23,46,4,73,56,0,56,129
05/08/2021,BKL,OH,AGL,CE,Federal Contract Tower,0,12,21,0,33,0,4,37,0,41,0,16,58,0,74,38,0,38,112
05/09/2021,BKL,OH,AGL,CE,Federal Contract Tower,0,4,3,0,7,0,0,2,0,2,0,4,5,0,9,0,0,0,9
05/10/2021,BKL,OH,AGL,CE,Federal Contract Tower,1,16,14,4,35,0,8,46,2,56,1,24,60,6,91,66,0,66,157
05/11/2021,BKL,OH,AGL,CE,Federal Contract Tower,2,15,15,0,32,0,3,30,0,33,2,18,45,0,65,22,0,22,87
05/12/2021,BKL,OH,AGL,CE,Federal Contract Tower,1,23,19,0,43,0,9,63,0,72,1,32,82,0,115,38,0,38,153
05/13/2021,BKL,OH,AGL,CE,Federal Contract Tower,0,19,22,0,41,0,8,56,0,64,0,27,78,0,105,30,0,30,135
05/14/2021,BKL,OH,AGL,CE,Federal Contract Tower,0,17,19,1,37,0,5,75,0,80,0,22,94,1,117,32,0,32,149
05/15/2021,BKL,OH,AGL,CE,Federal Contract Tower,0,13,10,0,23,0,11,84,0,95,0,24,94,0,118,62,0,62,180
05/16/2021,BKL,OH,AGL,CE,Federal Contract Tower,0,10,10,0,20,0,16,65,0,81,0,26,75,0,101,36,0,36,137
05/17/2021,BKL,OH,AGL,CE,Federal Contract Tower,0,14,22,2,38,0,7,45,0,52,0,21,67,2,90,84,0,84,174
05/18/2021,BKL,OH,AGL,CE,Federal Contract Tower,0,20,33,0,53,0,11,60,0,71,0,31,93,0,124,124,0,124,248
05/19/2021,BKL,OH,AGL,CE,Federal Contract Tower,0,16,26,0,42,0,21,67,0,88,0,37,93,0,130,64,0,64,194
05/20/2021,BKL,OH,AGL,CE,Federal Contract Tower,0,16,28,0,44,0,10,69,0,79,0,26,97,0,123,48,0,48,171
05/21/2021,BKL,OH,AGL,CE,Federal Contract Tower,2,22,27,2,53,0,30,88,0,118,2,52,115,2,171,108,0,108,279
05/22/2021,BKL,OH,AGL,CE,Federal Contract Tower,0,8,15,1,24,0,7,52,0,59,0,15,67,1,83,32,0,32,115
05/23/2021,BKL,OH,AGL,CE,Federal Contract Tower,2,10,7,0,19,0,6,51,0,57,2,16,58,0,76,22,0,22,98
05/24/2021,BKL,OH,AGL,CE,Federal Contract Tower,0,16,22,0,38,0,7,40,0,47,0,23,62,0,85,116,0,116,201
05/25/2021,BKL,OH,AGL,CE,Federal Contract Tower,0,21,20,0,41,0,18,35,0,53,0,39,55,0,94,28,0,28,122
05/26/2021,BKL,OH,AGL,CE,Federal Contract Tower,0,12,23,2,37,0,6,44,0,50,0,18,67,2,87,68,0,68,155
05/27/2021,BKL,OH,AGL,CE,Federal Contract Tower,0,16,17,0,33,0,17,35,0,52,0,33,52,0,85,12,0,12,97
05/28/2021,BKL,OH,AGL,CE,Federal Contract Tower,0,11,8,0,19,0,8,7,0,15,0,19,15,0,34,0,0,0,34
05/29/2021,BKL,OH,AGL,CE,Federal Contract Tower,0,7,6,0,13,0,5,3,0,8,0,12,9,0,21,0,0,0,21
05/30/2021,BKL,OH,AGL,CE,Federal Contract Tower,1,4,10,0,15,0,10,52,0,62,1,14,62,0,77,10,0,10,87
05/31/2021,BKL,OH,AGL,CE,Federal Contract Tower,2,9,7,0,18,0,12,47,0,59,2,21,54,0,77,38,0,38,115
06/01/2021,BKL,OH,AGL,CE,Federal Contract Tower,0,22,24,2,48,0,18,46,0,64,0,40,70,2,112,68,0,68,180
06/02/2021,BKL,OH,AGL,CE,Federal Contract Tower,2,22,17,2,43,0,2,25,2,29,2,24,42,4,72,54,0,54,126
06/03/2021,BKL,OH,AGL,CE,Federal Contract Tower,0,13,31,0,44,0,6,27,0,33,0,19,58,0,77,64,0,64,141
06/04/2021,BKL,OH,AGL,CE,Federal Contract Tower,0,16,10,8,34,0,11,63,0,74,0,27,73,8,108,94,0,94,202
06/05/2021,BKL,OH,AGL,CE,Federal Contract Tower,0,7,2,0,9,0,14,96,1,111,0,21,98,1,120,106,0,106,226
06/06/2021,BKL,OH,AGL,CE,Federal Contract Tower,0,6,18,2,26,0,12,64,0,76,0,18,82,2,102,36,0,36,138
06/07/2021,BKL,OH,AGL,CE,Federal Contract Tower,0,17,21,0,38,0,10,26,0,36,0,27,47,0,74,52,0,52,126
06/08/2021,BKL,OH,AGL,CE,Federal Contract Tower,0,11,20,2,33,0,2,24,0,26,0,13,44,2,59,58,0,58,117
06/09/2021,BKL,OH,AGL,CE,Federal Contract Tower,0,14,38,0,52,0,11,20,0,31,0,25,58,0,83,12,0,12,95
06/10/2021,BKL,OH,AGL,CE,Federal Contract Tower,0,26,18,0,44,0,8,28,0,36,0,34,46,0,80,38,0,38,118
06/11/2021,BKL,OH,AGL,CE,Federal Contract Tower,0,18,15,2,35,0,18,49,1,68,0,36,64,3,103,32,0,32,135
06/12/2021,BKL,OH,AGL,CE,Federal Contract Tower,0,11,27,0,38,0,11,65,0,76,0,22,92,0,114,84,0,84,198
06/13/2021,BKL,OH,AGL,CE,Federal Contract Tower,1,11,14,0,26,0,1,46,0,47,1,12,60,0,73,38,0,38,111
06/14/2021,BKL,OH,AGL,CE,Federal Contract Tower,2,20,18,2,42,0,9,21,0,30,2,29,39,2,72,58,0,58,130
06/15/2021,BKL,OH,AGL,CE,Federal Contract Tower,0,21,15,1,37,0,13,28,1,42,0,34,43,2,79,48,0,48,127
06/16/2021,BKL,OH,AGL,CE,Federal Contract Tower,0,20,15,2,37,0,20,67,0,87,0,40,82,2,124,122,2,124,248
06/17/2021,BKL,OH,AGL,CE,Federal Contract Tower,2,21,23,0,46,0,9,63,0,72,2,30,86,0,118,20,0,20,138
06/18/2021,BKL,OH,AGL,CE,Federal Contract Tower,0,24,9,0,33,0,15,12,0,27,0,39,21,0,60,18,0,18,78
06/19/2021,BKL,OH,AGL,CE,Federal Contract Tower,0,9,3,0,12,0,3,18,0,21,0,12,21,0,33,54,0,54,87
06/20/2021,BKL,OH,AGL,CE,Federal Contract Tower,0,8,10,0,18,0,2,47,0,49,0,10,57,0,67,28,0,28,95
06/21/2021,BKL,OH,AGL,CE,Federal Contract Tower,0,18,19,0,37,0,4,8,0,12,0,22,27,0,49,0,0,0,49
06/22/2021,BKL,OH,AGL,CE,Federal Contract Tower,0,19,24,0,43,0,11,40,0,51,0,30,64,0,94,50,0,50,144
06/23/2021,BKL,OH,AGL,CE,Federal Contract Tower,0,15,20,2,37,0,8,90,9,107,0,23,110,11,144,184,0,184,328
06/24/2021,BKL,OH,AGL,CE,Federal Contract Tower,0,26,28,0,54,0,9,51,1,61,0,35,79,1,115,34,0,34,149
06/25/2021,BKL,OH,AGL,CE,Federal Contract Tower,1,11,18,4,34,0,21,24,0,45,1,32,42,4,79,0,0,0,79
06/26/2021,BKL,OH,AGL,CE,Federal Contract Tower,0,9,15,3,27,0,12,37,2,51,0,21,52,5,78,12,0,12,90
06/27/2021,BKL,OH,AGL,CE,Federal Contract Tower,3,14,17,4,38,0,4,24,0,28,3,18,41,4,66,8,0,8,74
06/28/2021,BKL,OH,AGL,CE,Federal Contract Tower,2,32,14,1,49,0,3,42,0,45,2,35,56,1,94,66,0,66,160
06/29/2021,BKL,OH,AGL,CE,Federal Contract Tower,0,20,16,0,36,0,9,42,1,52,0,29,58,1,88,34,0,34,122
06/30/2021,BKL,OH,AGL,CE,Federal Contract Tower,0,19,32,0,51,0,2,10,0,12,0,21,42,0,63,24,0,24,87
07/01/2021,BKL,OH,AGL,CE,Federal Contract Tower,3,24,14,0,41,0,16,29,0,45,3,40,43,0,86,76,0,76,162
07/02/2021,BKL,OH,AGL,CE,Federal Contract Tower,0,9,17,0,26,0,14,27,0,41,0,23,44,0,67,18,0,18,85
07/03/2021,BKL,OH,AGL,CE,Federal Contract Tower,0,14,8,0,22,0,11,44,0,55,0,25,52,0,77,120,0,120,197
07/04/2021,BKL,OH,AGL,CE,Federal Contract Tower,2,4,9,0,15,4,33,0,0,37,6,37,9,0,52,16,0,16,68
07/05/2021,BKL,OH,AGL,CE,Federal Contract Tower,0,6,8,0,14,0,10,35,0,45,0,16,43,0,59,24,0,24,83
07/06/2021,BKL,OH,AGL,CE,Federal Contract Tower,0,22,33,5,60,0,19,69,0,88,0,41,102,5,148,54,0,54,202
07/07/2021,BKL,OH,AGL,CE,Federal Contract Tower,0,24,24,1,49,0,6,28,1,35,0,30,52,2,84,56,8,64,148
07/08/2021,BKL,OH,AGL,CE,Federal Contract Tower,1,16,21,2,40,0,5,6,0,11,1,21,27,2,51,6,0,6,57
07/09/2021,BKL,OH,AGL,CE,Federal Contract Tower,0,23,17,8,48,0,5,29,1,35,0,28,46,9,83,24,0,24,107
07/10/2021,BKL,OH,AGL,CE,Federal Contract Tower,0,18,6,0,24,0,11,87,0,98,0,29,93,0,122,100,0,100,222
07/11/2021,BKL,OH,AGL,CE,Federal Contract Tower,2,16,37,0,55,0,5,3,0,8,2,21,40,0,63,0,0,0,63
07/12/2021,BKL,OH,AGL,CE,Federal Contract Tower,0,16,20,0,36,0,3,0,0,3,0,19,20,0,39,0,0,0,39
07/13/2021,BKL,OH,AGL,CE,Federal Contract Tower,0,17,18,0,35,0,10,29,0,39,0,27,47,0,74,44,0,44,118
07/14/2021,BKL,OH,AGL,CE,Federal Contract Tower,0,26,33,0,59,0,8,56,0,64,0,34,89,0,123,116,0,116,239
07/15/2021,BKL,OH,AGL,CE,Federal Contract Tower,0,22,17,0,39,0,6,42,0,48,0,28,59,0,87,24,0,24,111
07/16/2021,BKL,OH,AGL,CE,Federal Contract Tower,0,14,17,0,31,0,0,22,0,22,0,14,39,0,53,62,0,62,115
07/17/2021,BKL,OH,AGL,CE,Federal Contract Tower,0,7,13,0,20,0,4,8,0,12,0,11,21,0,32,2,0,2,34
07/18/2021,BKL,OH,AGL,CE,Federal Contract Tower,0,13,15,0,28,0,8,92,0,100,0,21,107,0,128,40,0,40,168
07/19/2021,BKL,OH,AGL,CE,Federal Contract Tower,3,13,26,0,42,0,9,43,0,52,3,22,69,0,94,98,0,98,192
07/20/2021,BKL,OH,AGL,CE,Federal Contract Tower,0,10,24,2,36,0,27,43,0,70,0,37,67,2,106,130,0,130,236
07/21/2021,BKL,OH,AGL,CE,Federal Contract Tower,1,15,43,0,59,0,22,54,6,82,1,37,97,6,141,50,0,50,191
07/22/2021,BKL,OH,AGL,CE,Federal Contract Tower,0,17,37,0,54,0,25,67,0,92,0,42,104,0,146,44,0,44,190
07/23/2021,BKL,OH,AGL,CE,Federal Contract Tower,0,19,15,0,34,0,14,87,0,101,0,33,102,0,135,110,0,110,245
07/24/2021,BKL,OH,AGL,CE,Federal Contract Tower,0,11,16,0,27,0,8,49,0,57,0,19,65,0,84,66,0,66,150
07/25/2021,BKL,OH,AGL,CE,Federal Contract Tower,1,7,18,0,26,0,8,51,0,59,1,15,69,0,85,8,0,8,93
07/26/2021,BKL,OH,AGL,CE,Federal Contract Tower,1,27,17,1,46,0,29,60,2,91,1,56,77,3,137,92,0,92,229
07/27/2021,BKL,OH,AGL,CE,Federal Contract Tower,0,20,32,0,52,0,15,72,4,91,0,35,104,4,143,64,0,64,207
07/28/2021,BKL,OH,AGL,CE,Federal Contract Tower,1,25,45,4,75,0,21,58,0,79,1,46,103,4,154,46,0,46,200
07/29/2021,BKL,OH,AGL,CE,Federal Contract Tower,0,26,27,0,53,0,34,41,0,75,0,60,68,0,128,38,0,38,166
07/30/2021,BKL,OH,AGL,CE,Federal Contract Tower,0,19,20,0,39,0,14,46,0,60,0,33,66,0,99,82,0,82,181
07/31/2021,BKL,OH,AGL,CE,Federal Contract Tower,0,10,9,0,19,0,7,75,0,82,0,17,84,0,101,60,0,60,161
08/01/2021,BKL,OH,AGL,CE,Federal Contract Tower,0,15,12,0,27,0,3,17,0,20,0,18,29,0,47,16,0,16,63
08/02/2021,BKL,OH,AGL,CE,Federal Contract Tower,0,16,9,4,29,0,9,51,0,60,0,25,60,4,89,30,0,30,119
08/03/2021,BKL,OH,AGL,CE,Federal Contract Tower,0,23,16,4,43,0,17,48,0,65,0,40,64,4,108,104,0,104,212
08/04/2021,BKL,OH,AGL,CE,Federal Contract Tower,0,19,23,2,44,0,20,58,0,78,0,39,81,2,122,84,0,84,206
08/05/2021,BKL,OH,AGL,CE,Federal Contract Tower,2,25,14,4,45,0,9,60,0,69,2,34,74,4,114,54,4,58,172
08/06/2021,BKL,OH,AGL,CE,Federal Contract Tower,0,13,23,0,36,0,16,60,0,76,0,29,83,0,112,22,0,22,134
08/07/2021,BKL,OH,AGL,CE,Federal Contract Tower,0,5,10,0,15,0,20,58,0,78,0,25,68,0,93,74,0,74,167
08/08/2021,BKL,OH,AGL,CE,Federal Contract Tower,1,22,22,0,45,0,5,58,0,63,1,27,80,0,108,0,0,0,108
08/09/2021,BKL,OH,AGL,CE,Federal Contract Tower,1,22,12,0,35,0,12,31,2,45,1,34,43,2,80,8,0,8,88
08/10/2021,BKL,OH,AGL,CE,Federal Contract Tower,1,24,18,0,43,0,12,13,1,26,1,36,31,1,69,38,0,38,107
08/11/2021,BKL,OH,AGL,CE,Federal Contract Tower,0,34,28,0,62,0,8,20,2,30,0,42,48,2,92,56,0,56,148
08/12/2021,BKL,OH,AGL,CE,Federal Contract Tower,1,22,17,0,40,0,11,18,0,29,1,33,35,0,69,14,0,14,83
08/13/2021,BKL,OH,AGL,CE,Federal Contract Tower,0,21,9,1,31,0,10,28,0,38,0,31,37,1,69,66,2,68,137
08/14/2021,BKL,OH,AGL,CE,Federal Contract Tower,0,6,17,0,23,0,10,42,0,52,0,16,59,0,75,90,0,90,165
08/15/2021,BKL,OH,AGL,CE,Federal Contract Tower,1,10,10,0,21,0,7,74,0,81,1,17,84,0,102,50,0,50,152
08/16/2021,BKL,OH,AGL,CE,Federal Contract Tower,0,28,15,0,43,0,5,23,0,28,0,33,38,0,71,32,0,32,103
08/17/2021,BKL,OH,AGL,CE,Federal Contract Tower,0,24,25,0,49,0,10,37,0,47,0,34,62,0,96,132,0,132,228
08/18/2021,BKL,OH,AGL,CE,Federal Contract Tower,0,22,21,2,45,0,12,37,0,49,0,34,58,2,94,116,0,116,210
08/19/2021,BKL,OH,AGL,CE,Federal Contract Tower,0,21,29,2,52,0,15,33,0,48,0,36,62,2,100,50,0,50,150
08/20/2021,BKL,OH,AGL,CE,Federal Contract Tower,0,25,24,1,50,0,12,67,0,79,0,37,91,1,129,46,0,46,175
08/21/2021,BKL,OH,AGL,CE,Federal Contract Tower,0,11,13,2,26,0,5,67,0,72,0,16,80,2,98,26,0,26,124
08/22/2021,BKL,OH,AGL,CE,Federal Contract Tower,0,15,12,0,27,0,0,0,0,0,0,15,12,0,27,28,0,28,55
08/23/2021,BKL,OH,AGL,CE,Federal Contract Tower,0,26,20,2,48,0,8,16,2,26,0,34,36,4,74,40,2,42,116
08/24/2021,BKL,OH,AGL,CE,Federal Contract Tower,1,13,19,0,33,0,11,50,0,61,1,24,69,0,94,64,0,64,158
08/25/2021,BKL,OH,AGL,CE,Federal Contract Tower,0,22,20,1,43,0,8,17,0,25,0,30,37,1,68,0,0,0,68
08/26/2021,BKL,OH,AGL,CE,Federal Contract Tower,0,18,14,2,34,0,11,33,0,44,0,29,47,2,78,40,0,40,118
08/27/2021,BKL,OH,AGL,CE,Federal Contract Tower,2,26,11,0,39,0,13,50,0,63,2,39,61,0,102,80,0,80,182
08/28/2021,BKL,OH,AGL,CE,Federal Contract Tower,0,12,34,0,46,0,15,68,0,83,0,27,102,0,129,72,0,72,201
08/29/2021,BKL,OH,AGL,CE,Federal Contract Tower,0,23,12,0,35,0,8,24,0,32,0,31,36,0,67,12,0,12,79
08/30/2021,BKL,OH,AGL,CE,Federal Contract Tower,1,21,16,4,42,0,25,37,0,62,1,46,53,4,104,56,0,56,160
08/31/2021,BKL,OH,AGL,CE,Federal Contract Tower,0,31,25,0,56,0,17,48,0,65,0,48,73,0,121,60,0,60,181
09/01/2021,BKL,OH,AGL,CE,Federal Contract Tower,0,20,17,0,37,0,11,5,0,16,0,31,22,0,53,4,0,4,57
09/02/2021,BKL,OH,AGL,CE,Federal Contract Tower,0,16,17,3,36,0,16,36,3,55,0,32,53,6,91,10,4,14,105
09/03/2021,BKL,OH,AGL,CE,Federal Contract Tower,0,13,9,9,31,0,8,13,11,32,0,21,22,20,63,0,4,4,67
09/04/2021,BKL,OH,AGL,CE,Federal Contract Tower,0,0,2,0,2,0,3,0,0,3,0,3,2,0,5,0,0,0,5
09/05/2021,BKL,OH,AGL,CE,Federal Contract Tower,0,1,2,0,3,0,2,2,0,4,0,3,4,0,7,4,0,4,11
09/06/2021,BKL,OH,AGL,CE,Federal Contract Tower,0,3,4,0,7,0,8,5,1,14,0,11,9,1,21,0,0,0,21
09/07/2021,BKL,OH,AGL,CE,Federal Contract Tower,0,24,15,19,58,0,20,34,2,56,0,44,49,21,114,2,0,2,116
09/08/2021,BKL,OH,AGL,CE,Federal Contract Tower,0,12,16,1,29,0,23,43,0,66,0,35,59,1,95,60,0,60,155
09/09/2021,BKL,OH,AGL,CE,Federal Contract Tower,2,27,13,0,42,0,7,28,0,35,2,34,41,0,77,20,0,20,97
09/10/2021,BKL,OH,AGL,CE,Federal Contract Tower,2,25,15,3,45,0,27,70,0,97,2,52,85,3,142,84,0,84,226
09/11/2021,BKL,OH,AGL,CE,Federal Contract Tower,0,8,4,0,12,0,13,50,0,63,0,21,54,0,75,2,0,2,77
09/12/2021,BKL,OH,AGL,CE,Federal Contract Tower,2,5,11,0,18,0,3,31,1,35,2,8,42,1,53,44,0,44,97
09/13/2021,BKL,OH,AGL,CE,Federal Contract Tower,0,16,21,3,40,0,7,35,0,42,0,23,56,3,82,40,0,40,122
09/14/2021,BKL,OH,AGL,CE,Federal Contract Tower,0,21,18,0,39,0,15,25,0,40,0,36,43,0,79,34,0,34,113
09/15/2021,BKL,OH,AGL,CE,Federal Contract Tower,0,19,31,1,51,0,21,37,0,58,0,40,68,1,109,60,0,60,169
09/16/2021,BKL,OH,AGL,CE,Federal Contract Tower,0,24,24,0,48,0,26,46,1,73,0,50,70,1,121,98,0,98,219
09/17/2021,BKL,OH,AGL,CE,Federal Contract Tower,2,14,20,0,36,0,15,75,2,92,2,29,95,2,128,118,0,118,246
09/18/2021,BKL,OH,AGL,CE,Federal Contract Tower,0,12,19,0,31,0,7,57,0,64,0,19,76,0,95,38,0,38,133
09/19/2021,BKL,OH,AGL,CE,Federal Contract Tower,0,24,63,0,87,0,10,112,0,122,0,34,175,0,209,66,0,66,275
09/20/2021,BKL,OH,AGL,CE,Federal Contract Tower,2,10,25,2,39,0,7,43,0,50,2,17,68,2,89,6,0,6,95
09/21/2021,BKL,OH,AGL,CE,Federal Contract Tower,0,11,31,0,42,0,12,6,0,18,0,23,37,0,60,8,0,8,68
09/22/2021,BKL,OH,AGL,CE,Federal Contract Tower,0,4,13,0,17,0,0,0,0,0,0,4,13,0,17,0,0,0,17
09/23/2021,BKL,OH,AGL,CE,Federal Contract Tower,0,20,18,0,38,0,21,22,0,43,0,41,40,0,81,8,0,8,89
09/24/2021,BKL,OH,AGL,CE,Federal Contract Tower,0,24,27,0,51,0,11,35,0,46,0,35,62,0,97,16,0,16,113
09/25/2021,BKL,OH,AGL,CE,Federal Contract Tower,0,13,9,0,22,0,11,48,0,59,0,24,57,0,81,48,0,48,129
09/26/2021,BKL,OH,AGL,CE,Federal Contract Tower,4,28,67,0,99,0,8,50,0,58,4,36,117,0,157,0,0,0,157
09/27/2021,BKL,OH,AGL,CE,Federal Contract Tower,2,21,15,0,38,0,26,15,0,41,2,47,30,0,79,0,0,0,79
09/28/2021,BKL,OH,AGL,CE,Federal Contract Tower,0,18,34,2,54,0,22,37,0,59,0,40,71,2,113,72,0,72,185
09/29/2021,BKL,OH,AGL,CE,Federal Contract Tower,0,28,25,2,55,0,23,52,2,77,0,51,77,4,132,76,0,76,208
09/30/2021,BKL,OH,AGL,CE,Federal Contract Tower,0,18,23,0,41,0,29,55,0,84,0,47,78,0,125,106,0,106,231
10/01/2021,BKL,OH,AGL,CE,Federal Contract Tower,0,13,25,0,38,0,10,70,2,82,0,23,95,2,120,144,0,144,264
10/02/2021,BKL,OH,AGL,CE,Federal Contract Tower,0,7,14,0,21,0,14,64,0,78,0,21,78,0,99,52,0,52,151
10/03/2021,BKL,OH,AGL,CE,Federal Contract Tower,0,20,17,0,37,0,4,9,0,13,0,24,26,0,50,10,0,10,60
10/04/2021,BKL,OH,AGL,CE,Federal Contract Tower,0,16,16,0,32,0,5,11,0,16,0,21,27,0,48,26,0,26,74
10/05/2021,BKL,OH,AGL,CE,Federal Contract Tower,0,22,33,0,55,0,11,26,0,37,0,33,59,0,92,96,0,96,188
10/06/2021,BKL,OH,AGL,CE,Federal Contract Tower,0,27,17,1,45,0,2,10,0,12,0,29,27,1,57,58,0,58,115
10/07/2021,BKL,OH,AGL,CE,Federal Contract Tower,0,21,20,1,42,0,17,32,0,49,0,38,52,1,91,10,0,10,101
10/08/2021,BKL,OH,AGL,CE,Federal Contract Tower,0,14,28,1,43,0,14,21,0,35,0,28,49,1,78,32,0,32,110
10/09/2021,BKL,OH,AGL,CE,Federal Contract Tower,0,5,21,0,26,0,13,44,0,57,0,18,65,0,83,52,0,52,135
10/10/2021,BKL,OH,AGL,CE,Federal Contract Tower,0,3,10,0,13,0,0,0,0,0,0,3,10,0,13,32,0,32,45
10/11/2021,BKL,OH,AGL,CE,Federal Contract Tower,0,14,27,1,42,0,0,0,0,0,0,14,27,1,42,26,0,26,68
10/12/2021,BKL,OH,AGL,CE,Federal Contract Tower,0,25,23,0,48,0,18,29,0,47,0,43,52,0,95,16,0,16,111
10/13/2021,BKL,OH,AGL,CE,Federal Contract Tower,0,19,20,5,44,0,18,48,0,66,0,37,68,5,110,44,0,44,154
10/14/2021,BKL,OH,AGL,CE,Federal Contract Tower,0,6,38,0,44,0,15,65,1,81,0,21,103,1,125,68,0,68,193
10/15/2021,BKL,OH,AGL,CE,Federal Contract Tower,0,13,29,0,42,0,20,8,0,28,0,33,37,0,70,0,0,0,70
10/16/2021,BKL,OH,AGL,CE,Federal Contract Tower,0,12,11,0,23,0,11,2,2,15,0,23,13,2,38,0,0,0,38
10/17/2021,BKL,OH,AGL,CE,Federal Contract Tower,0,20,40,0,60,0,1,35,0,36,0,21,75,0,96,0,0,0,96
10/18/2021,BKL,OH,AGL,CE,Federal Contract Tower,0,16,29,0,45,0,5,50,2,57,0,21,79,2,102,30,0,30,132
10/19/2021,BKL,OH,AGL,CE,Federal Contract Tower,0,26,21,1,48,0,21,67,1,89,0,47,88,2,137,52,0,52,189
10/20/2021,BKL,OH,AGL,CE,Federal Contract Tower,0,30,36,0,66,0,24,57,2,83,0,54,93,2,149,92,0,92,241
10/21/2021,BKL,OH,AGL,CE,Federal Contract Tower,0,38,34,0,72,0,16,18,0,34,0,54,52,0,106,0,0,0,106
10/22/2021,BKL,OH,AGL,CE,Federal Contract Tower,0,24,38,2,64,0,6,21,0,27,0,30,59,2,91,92,0,92,183
10/23/2021,BKL,OH,AGL,CE,Federal Contract Tower,0,4,16,0,20,0,13,73,0,86,0,17,89,0,106,52,0,52,158
10/24/2021,BKL,OH,AGL,CE,Federal Contract Tower,0,10,20,1,31,0,0,26,1,27,0,10,46,2,58,4,0,4,62
10/25/2021,BKL,OH,AGL,CE,Federal Contract Tower,0,19,22,0,41,0,6,10,0,16,0,25,32,0,57,10,0,10,67
10/26/2021,BKL,OH,AGL,CE,Federal Contract Tower,0,12,15,0,27,0,4,4,0,8,0,16,19,0,35,0,0,0,35
10/27/2021,BKL,OH,AGL,CE,Federal Contract Tower,0,19,18,2,39,0,9,7,0,16,0,28,25,2,55,12,0,12,67
10/28/2021,BKL,OH,AGL,CE,Federal Contract Tower,1,21,32,0,54,0,12,61,0,73,1,33,93,0,127,140,0,140,267
10/29/2021,BKL,OH,AGL,CE,Federal Contract Tower,0,15,36,0,51,0,4,3,0,7,0,19,39,0,58,0,0,0,58
10/30/2021,BKL,OH,AGL,CE,Federal Contract Tower,0,20,22,0,42,0,4,19,0,23,0,24,41,0,65,32,0,32,97
10/31/2021,BKL,OH,AGL,CE,Federal Contract Tower,0,41,59,0,100,0,8,17,14,39,0,49,76,14,139,0,0,0,139
11/01/2021,BKL,OH,AGL,CE,Federal Contract Tower,0,20,18,1,39,0,0,0,0,0,0,20,18,1,39,38,0,38,77
11/02/2021,BKL,OH,AGL,CE,Federal Contract Tower,0,20,15,0,35,0,12,28,0,40,0,32,43,0,75,60,0,60,135
11/03/2021,BKL,OH,AGL,CE,Federal Contract Tower,0,14,20,0,34,0,13,30,0,43,0,27,50,0,77,28,0,28,105
11/04/2021,BKL,OH,AGL,CE,Federal Contract Tower,0,12,25,0,37,0,14,39,0,53,0,26,64,0,90,40,0,40,130
11/05/2021,BKL,OH,AGL,CE,Federal Contract Tower,0,11,21,2,34,0,22,50,2,74,0,33,71,4,108,56,0,56,164
11/06/2021,BKL,OH,AGL,CE,Federal Contract Tower,0,10,10,0,20,0,11,69,0,80,0,21,79,0,100,86,0,86,186
11/07/2021,BKL,OH,AGL,CE,Federal Contract Tower,0,8,10,0,18,0,10,55,1,66,0,18,65,1,84,74,0,74,158
11/08/2021,BKL,OH,AGL,CE,Federal Contract Tower,0,16,15,0,31,0,7,40,0,47,0,23,55,0,78,44,0,44,122
11/09/2021,BKL,OH,AGL,CE,Federal Contract Tower,0,7,27,0,34,0,21,48,0,69,0,28,75,0,103,88,0,88,191
11/10/2021,BKL,OH,AGL,CE,Federal Contract Tower,0,10,29,3,42,0,21,41,0,62,0,31,70,3,104,96,0,96,200
11/11/2021,BKL,OH,AGL,CE,Federal Contract Tower,0,6,23,0,29,0,19,24,0,43,0,25,47,0,72,38,0,38,110
11/12/2021,BKL,OH,AGL,CE,Federal Contract Tower,0,16,16,0,32,0,7,25,0,32,0,23,41,0,64,56,0,56,120
11/13/2021,BKL,OH,AGL,CE,Federal Contract Tower,0,10,6,0,16,0,3,0,0,3,0,13,6,0,19,0,0,0,19
11/14/2021,BKL,OH,AGL,CE,Federal Contract Tower,0,19,7,0,26,0,3,0,0,3,0,22,7,0,29,0,0,0,29
11/15/2021,BKL,OH,AGL,CE,Federal Contract Tower,0,20,21,0,41,0,2,9,0,11,0,22,30,0,52,14,0,14,66
11/16/2021,BKL,OH,AGL,CE,Federal Contract Tower,0,10,22,0,32,0,19,52,0,71,0,29,74,0,103,132,0,132,235
11/17/2021,BKL,OH,AGL,CE,Federal Contract Tower,0,19,11,1,31,0,23,18,3,44,0,42,29,4,75,16,0,16,91
11/18/2021,BKL,OH,AGL,CE,Federal Contract Tower,0,18,26,0,44,0,7,8,0,15,0,25,34,0,59,2,0,2,61
11/19/2021,BKL,OH,AGL,CE,Federal Contract Tower,0,18,28,2,48,0,8,22,0,30,0,26,50,2,78,38,0,38,116
11/20/2021,BKL,OH,AGL,CE,Federal Contract Tower,0,14,21,0,35,0,16,35,0,51,0,30,56,0,86,18,0,18,104
11/21/2021,BKL,OH,AGL,CE,Federal Contract Tower,0,18,20,1,39,0,1,20,3,24,0,19,40,4,63,0,2,2,65
11/22/2021,BKL,OH,AGL,CE,Federal Contract Tower,0,19,9,2,30,0,4,16,0,20,0,23,25,2,50,52,0,52,102
11/23/2021,BKL,OH,AGL,CE,Federal Contract Tower,0,20,14,0,34,0,6,27,0,33,0,26,41,0,67,32,0,32,99
11/24/2021,BKL,OH,AGL,CE,Federal Contract Tower,0,18,15,4,37,0,7,29,0,36,0,25,44,4,73,30,0,30,103
11/25/2021,BKL,OH,AGL,CE,Federal Contract Tower,0,12,3,0,15,0,9,1,0,10,0,21,4,0,25,0,0,0,25
11/26/2021,BKL,OH,AGL,CE,Federal Contract Tower,0,23,5,0,28,0,2,6,0,8,0,25,11,0,36,0,0,0,36
11/27/2021,BKL,OH,AGL,CE,Federal Contract Tower,0,6,9,0,15,0,4,30,0,34,0,10,39,0,49,70,0,70,119
11/28/2021,BKL,OH,AGL,CE,Federal Contract Tower,0,11,6,0,17,0,0,3,0,3,0,11,9,0,20,0,0,0,20
11/29/2021,BKL,OH,AGL,CE,Federal Contract Tower,0,16,15,0,31,0,3,16,0,19,0,19,31,0,50,40,0,40,90
11/30/2021,BKL,OH,AGL,CE,Federal Contract Tower,0,22,24,2,48,0,14,27,0,41,0,36,51,2,89,16,0,16,105
12/01/2021,BKL,OH,AGL,CE,Federal Contract Tower,0,14,41,0,55,0,24,22,0,46,0,38,63,0,101,32,0,32,133
12/02/2021,BKL,OH,AGL,CE,Federal Contract Tower,0,19,24,2,45,0,9,4,0,13,0,28,28,2,58,0,2,2,60
12/03/2021,BKL,OH,AGL,CE,Federal Contract Tower,0,22,18,0,40,0,14,8,0,22,0,36,26,0,62,88,0,88,150
12/04/2021,BKL,OH,AGL,CE,Federal Contract Tower,0,12,22,2,36,0,5,51,0,56,0,17,73,2,92,34,0,34,126
12/05/2021,BKL,OH,AGL,CE,Federal Contract Tower,0,12,16,0,28,0,9,30,0,39,0,21,46,0,67,28,0,28,95
12/06/2021,BKL,OH,AGL,CE,Federal Contract Tower,0,16,20,0,36,0,4,1,0,5,0,20,21,0,41,0,0,0,41
12/07/2021,BKL,OH,AGL,CE,Federal Contract Tower,0,21,22,0,43,0,10,20,0,30,0,31,42,0,73,18,0,18,91
12/08/2021,BKL,OH,AGL,CE,Federal Contract Tower,0,18,24,0,42,0,10,30,0,40,0,28,54,0,82,112,0,112,194
12/09/2021,BKL,OH,AGL,CE,Federal Contract Tower,0,24,26,0,50,0,35,29,0,64,0,59,55,0,114,40,0,40,154
12/10/2021,BKL,OH,AGL,CE,Federal Contract Tower,1,19,29,0,49,0,7,19,1,27,1,26,48,1,76,52,0,52,128
12/11/2021,BKL,OH,AGL,CE,Federal Contract Tower,0,7,8,0,15,0,1,10,0,11,0,8,18,0,26,8,0,8,34
12/12/2021,BKL,OH,AGL,CE,Federal Contract Tower,0,18,22,0,40,0,5,62,0,67,0,23,84,0,107,13,0,13,120
12/13/2021,BKL,OH,AGL,CE,Federal Contract Tower,0,17,21,0,38,0,12,49,0,61,0,29,70,0,99,42,0,42,141
12/14/2021,BKL,OH,AGL,CE,Federal Contract Tower,0,8,21,0,29,0,14,71,0,85,0,22,92,0,114,76,0,76,190
12/15/2021,BKL,OH,AGL,CE,Federal Contract Tower,0,23,34,2,59,0,14,20,1,35,0,37,54,3,94,10,0,10,104
12/16/2021,BKL,OH,AGL,CE,Federal Contract Tower,0,21,21,1,43,0,6,2,0,8,0,27,23,1,51,0,0,0,51
12/17/2021,BKL,OH,AGL,CE,Federal Contract Tower,0,13,19,2,34,0,27,56,0,83,0,40,75,2,117,118,0,118,235
12/18/2021,BKL,OH,AGL,CE,Federal Contract Tower,0,16,7,0,23,0,3,13,0,16,0,19,20,0,39,4,0,4,43
12/19/2021,BKL,OH,AGL,CE,Federal Contract Tower,0,3,10,0,13,0,4,32,0,36,0,7,42,0,49,16,0,16,65
12/20/2021,BKL,OH,AGL,CE,Federal Contract Tower,0,15,20,0,35,0,15,36,0,51,0,30,56,0,86,12,0,12,98
12/21/2021,BKL,OH,AGL,CE,Federal Contract Tower,0,13,19,3,35,0,21,48,0,69,0,34,67,3,104,24,0,24,128
12/22/2021,BKL,OH,AGL,CE,Federal Contract Tower,0,12,15,0,27,0,22,12,0,34,0,34,27,0,61,0,0,0,61
12/23/2021,BKL,OH,AGL,CE,Federal Contract Tower,0,9,11,0,20,0,25,40,0,65,0,34,51,0,85,38,0,38,123
12/24/2021,BKL,OH,AGL,CE,Federal Contract Tower,0,8,6,0,14,0,6,21,0,27,0,14,27,0,41,26,0,26,67
12/25/2021,BKL,OH,AGL,CE,Federal Contract Tower,0,5,0,0,5,0,3,9,0,12,0,8,9,0,17,0,0,0,17
12/26/2021,BKL,OH,AGL,CE,Federal Contract Tower,0,5,13,0,18,0,14,29,0,43,0,19,42,0,61,38,0,38,99
12/27/2021,BKL,OH,AGL,CE,Federal Contract Tower,0,8,15,0,23,0,6,19,0,25,0,14,34,0,48,6,0,6,54
12/28/2021,BKL,OH,AGL,CE,Federal Contract Tower,0,12,3,0,15,0,5,23,0,28,0,17,26,0,43,46,0,46,89
12/29/2021,BKL,OH,AGL,CE,Federal Contract Tower,0,6,10,1,17,0,0,0,0,0,0,6,10,1,17,0,0,0,17
12/30/2021,BKL,OH,AGL,CE,Federal Contract Tower,0,11,6,0,17,0,2,2,0,4,0,13,8,0,21,0,0,0,21
12/31/2021,BKL,OH,AGL,CE,Federal Contract Tower,0,12,11,0,23,0,9,38,0,47,0,21,49,0,70,70,0,70,140
01/01/2022,BKL,OH,AGL,CE,Federal Contract Tower,0,4,2,0,6,0,3,26,0,29,0,7,28,0,35,0,0,0,35
01/02/2022,BKL,OH,AGL,CE,Federal Contract Tower,0,1,5,0,6,0,1,0,0,1,0,2,5,0,7,0,0,0,7
01/03/2022,BKL,OH,AGL,CE,Federal Contract Tower,0,8,15,0,23,0,4,19,0,23,0,12,34,0,46,26,0,26,72
01/04/2022,BKL,OH,AGL,CE,Federal Contract Tower,0,8,13,4,25,0,5,24,0,29,0,13,37,4,54,30,0,30,84
01/05/2022,BKL,OH,AGL,CE,Federal Contract Tower,1,3,10,4,18,0,13,8,0,21,1,16,18,4,39,2,0,2,41
01/06/2022,BKL,OH,AGL,CE,Federal Contract Tower,0,10,19,0,29,0,12,17,2,31,0,22,36,2,60,56,0,56,116
01/07/2022,BKL,OH,AGL,CE,Federal Contract Tower,0,4,9,2,15,0,2,4,0,6,0,6,13,2,21,34,0,34,55
01/08/2022,BKL,OH,AGL,CE,Federal Contract Tower,0,6,8,0,14,0,7,26,0,33,0,13,34,0,47,14,0,14,61
01/09/2022,BKL,OH,AGL,CE,Federal Contract Tower,0,3,17,0,20,0,0,2,0,2,0,3,19,0,22,2,0,2,24
01/10/2022,BKL,OH,AGL,CE,Federal Contract Tower,0,10,13,0,23,0,0,0,0,0,0,10,13,0,23,0,0,0,23
01/11/2022,BKL,OH,AGL,CE,Federal Contract Tower,0,4,12,2,18,0,5,36,0,41,0,9,48,2,59,52,0,52,111
01/12/2022,BKL,OH,AGL,CE,Federal Contract Tower,0,5,10,1,16,0,12,28,3,43,0,17,38,4,59,26,0,26,85
01/13/2022,BKL,OH,AGL,CE,Federal Contract Tower,0,12,11,0,23,0,6,30,0,36,0,18,41,0,59,40,0,40,99
01/14/2022,BKL,OH,AGL,CE,Federal Contract Tower,0,10,3,0,13,0,0,4,0,4,0,10,7,0,17,0,0,0,17
01/15/2022,BKL,OH,AGL,CE,Federal Contract Tower,0,9,6,0,15,0,4,25,0,29,0,13,31,0,44,30,0,30,74
01/16/2022,BKL,OH,AGL,CE,Federal Contract Tower,0,5,7,0,12,0,7,51,0,58,0,12,58,0,70,96,0,96,166
01/17/2022,BKL,OH,AGL,CE,Federal Contract Tower,0,6,0,0,6,0,0,0,0,0,0,6,0,0,6,0,0,0,6
01/18/2022,BKL,OH,AGL,CE,Federal Contract Tower,0,15,16,0,31,0,19,10,0,29,0,34,26,0,60,6,0,6,66
01/19/2022,BKL,OH,AGL,CE,Federal Contract Tower,0,11,10,2,23,0,17,7,0,24,0,28,17,2,47,10,0,10,57
01/20/2022,BKL,OH,AGL,CE,Federal Contract Tower,0,8,17,0,25,0,11,4,0,15,0,19,21,0,40,30,0,30,70
01/21/2022,BKL,OH,AGL,CE,Federal Contract Tower,0,6,11,0,17,0,0,16,0,16,0,6,27,0,33,44,0,44,77
01/22/2022,BKL,OH,AGL,CE,Federal Contract Tower,0,10,6,0,16,0,6,31,0,37,0,16,37,0,53,144,0,144,197
01/23/2022,BKL,OH,AGL,CE,Federal Contract Tower,0,8,6,0,14,0,3,0,0,3,0,11,6,0,17,0,0,0,17
01/24/2022,BKL,OH,AGL,CE,Federal Contract Tower,0,4,5,1,10,0,0,2,0,2,0,4,7,1,12,0,0,0,12
01/25/2022,BKL,OH,AGL,CE,Federal Contract Tower,0,14,9,0,23,0,11,18,0,29,0,25,27,0,52,52,0,52,104
01/26/2022,BKL,OH,AGL,CE,Federal Contract Tower,0,15,12,0,27,0,10,13,0,23,0,25,25,0,50,56,0,56,106
01/27/2022,BKL,OH,AGL,CE,Federal Contract Tower,0,11,13,0,24,0,13,12,1,26,0,24,25,1,50,2,0,2,52
01/28/2022,BKL,OH,AGL,CE,Federal Contract Tower,0,4,2,0,6,0,1,0,0,1,0,5,2,0,7,0,0,0,7
01/29/2022,BKL,OH,AGL,CE,Federal Contract Tower,0,8,4,0,12,0,10,29,0,39,0,18,33,0,51,84,0,84,135
01/30/2022,BKL,OH,AGL,CE,Federal Contract Tower,0,13,4,0,17,0,7,3,0,10,0,20,7,0,27,0,0,0,27
01/31/2022,BKL,OH,AGL,CE,Federal Contract Tower,0,11,8,1,20,0,10,35,1,46,0,21,43,2,66,84,0,84,150
02/01/2022,BKL,OH,AGL,CE,Federal Contract Tower,0,8,9,2,19,0,0,0,0,0,0,8,9,2,19,2,0,2,21
02/02/2022,BKL,OH,AGL,CE,Federal Contract Tower,0,12,14,0,26,0,4,11,0,15,0,16,25,0,41,8,0,8,49
02/03/2022,BKL,OH,AGL,CE,Federal Contract Tower,0,0,2,0,2,0,0,0,0,0,0,0,2,0,2,0,0,0,2
02/04/2022,BKL,OH,AGL,CE,Federal Contract Tower,0,1,10,0,11,0,0,2,0,2,0,1,12,0,13,0,0,0,13
02/05/2022,BKL,OH,AGL,CE,Federal Contract Tower,0,2,4,0,6,0,2,8,0,10,0,4,12,0,16,0,0,0,16
02/06/2022,BKL,OH,AGL,CE,Federal Contract Tower,0,1,7,0,8,0,15,28,0,43,0,16,35,0,51,54,0,54,105
02/07/2022,BKL,OH,AGL,CE,Federal Contract Tower,0,8,23,0,31,0,8,20,0,28,0,16,43,0,59,52,0,52,111
02/08/2022,BKL,OH,AGL,CE,Federal Contract Tower,0,3,13,0,16,0,12,22,0,34,0,15,35,0,50,80,0,80,130
02/09/2022,BKL,OH,AGL,CE,Federal Contract Tower,0,16,23,0,39,0,12,47,0,59,0,28,70,0,98,84,0,84,182
02/10/2022,BKL,OH,AGL,CE,Federal Contract Tower,0,4,31,3,38,0,5,12,0,17,0,9,43,3,55,20,0,20,75
02/11/2022,BKL,OH,AGL,CE,Federal Contract Tower,0,5,17,1,23,0,5,9,0,14,0,10,26,1,37,8,0,8,45
02/12/2022,BKL,OH,AGL,CE,Federal Contract Tower,0,2,3,0,5,0,3,38,0,41,0,5,41,0,46,112,0,112,158
02/13/2022,BKL,OH,AGL,CE,Federal Contract Tower,0,6,8,0,14,0,0,6,0,6,0,6,14,0,20,18,0,18,38
02/14/2022,BKL,OH,AGL,CE,Federal Contract Tower,0,10,14,0,24,0,8,47,0,55,0,18,61,0,79,8,0,8,87
02/15/2022,BKL,OH,AGL,CE,Federal Contract Tower,0,15,24,1,40,0,10,50,3,63,0,25,74,4,103,114,2,116,219
02/16/2022,BKL,OH,AGL,CE,Federal Contract Tower,0,16,12,0,28,0,11,9,0,20,0,27,21,0,48,0,0,0,48
02/17/2022,BKL,OH,AGL,CE,Federal Contract Tower,0,15,26,0,41,0,10,4,0,14,0,25,30,0,55,0,0,0,55
02/18/2022,BKL,OH,AGL,CE,Federal Contract Tower,0,18,27,0,45,0,2,6,0,8,0,20,33,0,53,0,0,0,53
02/19/2022,BKL,OH,AGL,CE,Federal Contract Tower,2,18,23,2,45,0,2,4,0,6,2,20,27,2,51,0,0,0,51
02/20/2022,BKL,OH,AGL,CE,Federal Contract Tower,1,32,20,0,53,0,5,15,0,20,1,37,35,0,73,0,0,0,73
02/21/2022,BKL,OH,AGL,CE,Federal Contract Tower,0,61,46,0,107,0,8,43,0,51,0,69,89,0,158,84,0,84,242
02/22/2022,BKL,OH,AGL,CE,Federal Contract Tower,0,12,14,0,26,0,14,8,0,22,0,26,22,0,48,0,0,0,48
02/23/2022,BKL,OH,AGL,CE,Federal Contract Tower,0,16,15,2,33,0,19,34,0,53,0,35,49,2,86,108,0,108,194
02/24/2022,BKL,OH,AGL,CE,Federal Contract Tower,0,12,15,0,27,0,11,23,0,34,0,23,38,0,61,0,0,0,61
02/25/2022,BKL,OH,AGL,CE,Federal Contract Tower,0,10,8,0,18,0,0,0,0,0,0,10,8,0,18,0,0,0,18
02/26/2022,BKL,OH,AGL,CE,Federal Contract Tower,0,10,14,0,24,0,15,27,0,42,0,25,41,0,66,14,0,14,80
02/27/2022,BKL,OH,AGL,CE,Federal Contract Tower,0,8,15,0,23,0,15,39,0,54,0,23,54,0,77,38,0,38,115
02/28/2022,BKL,OH,AGL,CE,Federal Contract Tower,0,10,11,1,22,0,14,28,1,43,0,24,39,2,65,70,0,70,135
03/01/2022,BKL,OH,AGL,CE,Federal Contract Tower,0,9,25,0,34,0,17,48,0,65,0,26,73,0,99,92,0,92,191
03/02/2022,BKL,OH,AGL,CE,Federal Contract Tower,0,11,22,0,33,0,32,43,0,75,0,43,65,0,108,86,0,86,194
03/03/2022,BKL,OH,AGL,CE,Federal Contract Tower,0,11,13,0,24,0,0,17,0,17,0,11,30,0,41,52,0,52,93
03/04/2022,BKL,OH,AGL,CE,Federal Contract Tower,0,25,17,0,42,0,13,35,0,48,0,38,52,0,90,42,0,42,132
03/05/2022,BKL,OH,AGL,CE,Federal Contract Tower,0,13,3,0,16,0,7,40,0,47,0,20,43,0,63,14,0,14,77
03/06/2022,BKL,OH,AGL,CE,Federal Contract Tower,0,8,5,2,15,0,5,16,4,25,0,13,21,6,40,8,0,8,48
03/07/2022,BKL,OH,AGL,CE,Federal Contract Tower,0,12,14,0,26,0,1,2,0,3,0,13,16,0,29,0,0,0,29
03/08/2022,BKL,OH,AGL,CE,Federal Contract Tower,0,12,16,2,30,0,4,23,0,27,0,16,39,2,57,64,0,64,121
03/09/2022,BKL,OH,AGL,CE,Federal Contract Tower,0,14,21,0,35,0,10,49,0,59,0,24,70,0,94,116,0,116,210
03/10/2022,BKL,OH,AGL,CE,Federal Contract Tower,0,24,28,0,52,0,15,64,0,79,0,39,92,0,131,220,0,220,351
03/11/2022,BKL,OH,AGL,CE,Federal Contract Tower,0,2,17,1,20,0,14,21,1,36,0,16,38,2,56,40,0,40,96
03/12/2022,BKL,OH,AGL,CE,Federal Contract Tower,0,6,2,0,8,0,5,1,0,6,0,11,3,0,14,0,0,0,14
03/13/2022,BKL,OH,AGL,CE,Federal Contract Tower,0,6,11,0,17,0,3,2,0,5,0,9,13,0,22,0,0,0,22
03/14/2022,BKL,OH,AGL,CE,Federal Contract Tower,0,6,10,4,20,0,8,32,0,40,0,14,42,4,60,38,0,38,98
03/15/2022,BKL,OH,AGL,CE,Federal Contract Tower,0,21,23,0,44,0,25,58,0,83,0,46,81,0,127,68,0,68,195
03/16/2022,BKL,OH,AGL,CE,Federal Contract Tower,0,23,11,4,38,0,24,65,0,89,0,47,76,4,127,116,0,116,243
03/17/2022,BKL,OH,AGL,CE,Federal Contract Tower,0,6,17,0,23,0,58,75,0,133,0,64,92,0,156,142,0,142,298
03/18/2022,BKL,OH,AGL,CE,Federal Contract Tower,0,7,11,0,18,0,18,37,2,57,0,25,48,2,75,52,0,52,127
03/19/2022,BKL,OH,AGL,CE,Federal Contract Tower,0,9,11,0,20,0,8,0,0,8,0,17,11,0,28,0,0,0,28
03/20/2022,BKL,OH,AGL,CE,Federal Contract Tower,0,8,15,0,23,0,13,44,0,57,0,21,59,0,80,6,0,6,86
03/21/2022,BKL,OH,AGL,CE,Federal Contract Tower,0,7,14,0,21,0,16,34,2,52,0,23,48,2,73,26,0,26,99
03/22/2022,BKL,OH,AGL,CE,Federal Contract Tower,0,15,11,0,26,0,39,40,0,79,0,54,51,0,105,60,0,60,165
03/23/2022,BKL,OH,AGL,CE,Federal Contract Tower,0,5,6,0,11,0,20,6,0,26,0,25,12,0,37,0,0,0,37
03/24/2022,BKL,OH,AGL,CE,Federal Contract Tower,0,13,22,2,37,0,11,42,0,53,0,24,64,2,90,22,0,22,112
03/25/2022,BKL,OH,AGL,CE,Federal Contract Tower,0,8,18,0,26,0,2,11,0,13,0,10,29,0,39,4,0,4,43
03/26/2022,BKL,OH,AGL,CE,Federal Contract Tower,0,7,3,0,10,0,0,1,0,1,0,7,4,0,11,0,0,0,11
03/27/2022,BKL,OH,AGL,CE,Federal Contract Tower,0,7,4,0,11,0,2,2,0,4,0,9,6,0,15,0,0,0,15
03/28/2022,BKL,OH,AGL,CE,Federal Contract Tower,0,8,17,2,27,0,35,28,2,65,0,43,45,4,92,50,0,50,142
03/29/2022,BKL,OH,AGL,CE,Federal Contract Tower,0,14,12,0,26,0,20,55,0,75,0,34,67,0,101,84,0,84,185
03/30/2022,BKL,OH,AGL,CE,Federal Contract Tower,0,16,21,0,37,0,26,5,0,31,0,42,26,0,68,0,0,0,68
03/31/2022,BKL,OH,AGL,CE,Federal Contract Tower,0,15,16,0,31,0,3,18,0,21,0,18,34,0,52,0,0,0,52
04/01/2022,BKL,OH,AGL,CE,Federal Contract Tower,0,2,11,0,13,0,7,12,0,19,0,9,23,0,32,36,0,36,68
04/02/2022,BKL,OH,AGL,CE,Federal Contract Tower,0,7,5,1,13,0,11,68,0,79,0,18,73,1,92,52,0,52,144
04/03/2022,BKL,OH,AGL,CE,Federal Contract Tower,0,7,10,1,18,0,7,35,0,42,0,14,45,1,60,14,0,14,74
04/04/2022,BKL,OH,AGL,CE,Federal Contract Tower,0,11,16,0,27,0,0,0,0,0,0,11,16,0,27,0,0,0,27
04/05/2022,BKL,OH,AGL,CE,Federal Contract Tower,0,10,5,0,15,0,16,8,0,24,0,26,13,0,39,10,0,10,49
04/06/2022,BKL,OH,AGL,CE,Federal Contract Tower,0,16,16,0,32,0,6,23,0,29,0,22,39,0,61,26,0,26,87
04/07/2022,BKL,OH,AGL,CE,Federal Contract Tower,0,7,18,0,25,0,15,36,0,51,0,22,54,0,76,48,0,48,124
04/08/2022,BKL,OH,AGL,CE,Federal Contract Tower,0,21,13,0,34,0,6,7,0,13,0,27,20,0,47,28,0,28,75
04/09/2022,BKL,OH,AGL,CE,Federal Contract Tower,0,11,6,0,17,0,4,32,0,36,0,15,38,0,53,20,0,20,73
04/10/2022,BKL,OH,AGL,CE,Federal Contract Tower,0,10,10,0,20,0,7,50,0,57,0,17,60,0,77,52,0,52,129
04/11/2022,BKL,OH,AGL,CE,Federal Contract Tower,0,15,27,0,42,0,4,13,0,17,0,19,40,0,59,32,0,32,91
04/12/2022,BKL,OH,AGL,CE,Federal Contract Tower,0,21,33,2,56,0,7,67,0,74,0,28,100,2,130,180,0,180,310
04/13/2022,BKL,OH,AGL,CE,Federal Contract Tower,0,22,16,0,38,0,17,29,0,46,0,39,45,0,84,0,0,0,84
04/14/2022,BKL,OH,AGL,CE,Federal Contract Tower,1,11,16,0,28,0,11,29,0,40,1,22,45,0,68,14,0,14,82
04/15/2022,BKL,OH,AGL,CE,Federal Contract Tower,0,12,16,0,28,0,2,11,0,13,0,14,27,0,41,6,0,6,47
04/16/2022,BKL,OH,AGL,CE,Federal Contract Tower,0,12,6,0,18,0,8,33,0,41,0,20,39,0,59,14,0,14,73
04/17/2022,BKL,OH,AGL,CE,Federal Contract Tower,2,13,16,0,31,0,13,35,0,48,2,26,51,0,79,20,0,20,99
04/18/2022,BKL,OH,AGL,CE,Federal Contract Tower,2,10,10,0,22,0,2,4,0,6,2,12,14,0,28,2,0,2,30
04/19/2022,BKL,OH,AGL,CE,Federal Contract Tower,0,17,6,0,23,0,0,3,0,3,0,17,9,0,26,10,0,10,36
04/20/2022,BKL,OH,AGL,CE,Federal Contract Tower,0,26,18,0,44,0,36,39,0,75,0,62,57,0,119,10,0,10,129
04/21/2022,BKL,OH,AGL,CE,Federal Contract Tower,1,14,7,0,22,0,12,13,0,25,1,26,20,0,47,0,0,0,47
04/22/2022,BKL,OH,AGL,CE,Federal Contract Tower,0,20,14,0,34,0,13,54,0,67,0,33,68,0,101,98,0,98,199
04/23/2022,BKL,OH,AGL,CE,Federal Contract Tower,0,13,5,0,18,0,16,47,0,63,0,29,52,0,81,34,0,34,115
04/24/2022,BKL,OH,AGL,CE,Federal Contract Tower,0,17,9,0,26,0,8,48,0,56,0,25,57,0,82,28,0,28,110
04/25/2022,BKL,OH,AGL,CE,Federal Contract Tower,0,19,17,0,36,0,5,9,0,14,0,24,26,0,50,10,0,10,60
04/26/2022,BKL,OH,AGL,CE,Federal Contract Tower,1,16,25,0,42,0,4,33,0,37,1,20,58,0,79,62,0,62,141
04/27/2022,BKL,OH,AGL,CE,Federal Contract Tower,0,19,10,0,29,0,15,23,0,38,0,34,33,0,67,80,0,80,147
04/28/2022,BKL,OH,AGL,CE,Federal Contract Tower,0,23,24,0,47,0,18,60,0,78,0,41,84,0,125,98,0,98,223
04/29/2022,BKL,OH,AGL,CE,Federal Contract Tower,0,18,24,0,42,0,20,73,0,93,0,38,97,0,135,96,0,96,231
04/30/2022,BKL,OH,AGL,CE,Federal Contract Tower,0,7,11,0,18,0,12,57,0,69,0,19,68,0,87,54,0,54,141
05/01/2022,BKL,OH,AGL,CE,Federal Contract Tower,0,15,9,0,24,0,4,10,0,14,0,19,19,0,38,0,0,0,38
05/02/2022,BKL,OH,AGL,CE,Federal Contract Tower,0,20,13,0,33,0,20,37,0,57,0,40,50,0,90,28,0,28,118
05/03/2022,BKL,OH,AGL,CE,Federal Contract Tower,0,16,15,0,31,0,10,1,0,11,0,26,16,0,42,0,0,0,42
05/04/2022,BKL,OH,AGL,CE,Federal Contract Tower,1,14,18,0,33,0,0,2,0,2,1,14,20,0,35,0,0,0,35
05/05/2022,BKL,OH,AGL,CE,Federal Contract Tower,3,28,22,2,55,0,13,41,0,54,3,41,63,2,109,74,0,74,183
05/06/2022,BKL,OH,AGL,CE,Federal Contract Tower,0,21,20,0,41,0,6,3,0,9,0,27,23,0,50,0,0,0,50
05/07/2022,BKL,OH,AGL,CE,Federal Contract Tower,0,12,9,0,21,0,2,2,0,4,0,14,11,0,25,0,0,0,25
05/08/2022,BKL,OH,AGL,CE,Federal Contract Tower,2,11,8,0,21,0,4,53,0,57,2,15,61,0,78,30,0,30,108
05/09/2022,BKL,OH,AGL,CE,Federal Contract Tower,0,13,26,0,39,0,8,29,0,37,0,21,55,0,76,90,0,90,166
05/10/2022,BKL,OH,AGL,CE,Federal Contract Tower,0,24,36,1,61,0,47,48,0,95,0,71,84,1,156,68,0,68,224
05/11/2022,BKL,OH,AGL,CE,Federal Contract Tower,0,9,16,2,27,0,55,80,0,135,0,64,96,2,162,64,0,64,226
05/12/2022,BKL,OH,AGL,CE,Federal Contract Tower,0,22,22,0,44,0,12,48,2,62,0,34,70,2,106,6,0,6,112
05/13/2022,BKL,OH,AGL,CE,Federal Contract Tower,0,13,14,5,32,0,18,60,0,78,0,31,74,5,110,28,0,28,138
05/14/2022,BKL,OH,AGL,CE,Federal Contract Tower,0,13,6,3,22,0,14,35,2,51,0,27,41,5,73,30,0,30,103
05/15/2022,BKL,OH,AGL,CE,Federal Contract Tower,0,10,16,5,31,0,6,50,0,56,0,16,66,5,87,78,0,78,165
05/16/2022,BKL,OH,AGL,CE,Federal Contract Tower,0,14,19,1,34,0,26,43,2,71,0,40,62,3,105,33,0,33,138
05/17/2022,BKL,OH,AGL,CE,Federal Contract Tower,0,13,16,12,41,0,26,57,0,83,0,39,73,12,124,58,0,58,182
05/18/2022,BKL,OH,AGL,CE,Federal Contract Tower,0,22,17,1,40,0,27,29,0,56,0,49,46,1,96,16,0,16,112
05/19/2022,BKL,OH,AGL,CE,Federal Contract Tower,4,15,22,0,41,0,27,51,0,78,4,42,73,0,119,26,0,26,145
05/20/2022,BKL,OH,AGL,CE,Federal Contract Tower,0,6,26,0,32,0,6,41,0,47,0,12,67,0,79,30,0,30,109
05/21/2022,BKL,OH,AGL,CE,Federal Contract Tower,0,7,5,0,12,0,12,40,6,58,0,19,45,6,70,26,0,26,96
05/22/2022,BKL,OH,AGL,CE,Federal Contract Tower,1,12,16,0,29,0,4,5,0,9,1,16,21,0,38,6,0,6,44
05/23/2022,BKL,OH,AGL,CE,Federal Contract Tower,0,20,11,0,31,0,8,38,0,46,0,28,49,0,77,66,0,66,143
05/24/2022,BKL,OH,AGL,CE,Federal Contract Tower,0,14,23,0,37,0,31,74,0,105,0,45,97,0,142,110,0,110,252
05/25/2022,BKL,OH,AGL,CE,Federal Contract Tower,0,22,30,0,52,0,40,53,0,93,0,62,83,0,145,68,0,68,213
05/26/2022,BKL,OH,AGL,CE,Federal Contract Tower,0,21,9,0,30,0,9,16,0,25,0,30,25,0,55,0,0,0,55
05/27/2022,BKL,OH,AGL,CE,Federal Contract Tower,0,5,17,0,22,0,24,33,0,57,0,29,50,0,79,30,0,30,109
05/28/2022,BKL,OH,AGL,CE,Federal Contract Tower,0,11,15,0,26,0,10,49,0,59,0,21,64,0,85,76,0,76,161
05/29/2022,BKL,OH,AGL,CE,Federal Contract Tower,0,6,4,0,10,0,12,32,0,44,0,18,36,0,54,44,0,44,98
05/30/2022,BKL,OH,AGL,CE,Federal Contract Tower,2,11,10,0,23,0,24,46,0,70,2,35,56,0,93,36,0,36,129
05/31/2022,BKL,OH,AGL,CE,Federal Contract Tower,0,13,23,0,36,0,27,63,0,90,0,40,86,0,126,52,0,52,178
06/01/2022,BKL,OH,AGL,CE,Federal Contract Tower,2,35,24,0,61,0,49,81,0,130,2,84,105,0,191,16,0,16,207
06/02/2022,BKL,OH,AGL,CE,Federal Contract Tower,0,25,16,0,41,0,7,40,0,47,0,32,56,0,88,106,0,106,194
06/03/2022,BKL,OH,AGL,CE,Federal Contract Tower,0,13,18,2,33,0,35,63,0,98,0,48,81,2,131,140,0,140,271
06/04/2022,BKL,OH,AGL,CE,Federal Contract Tower,0,4,8,0,12,0,7,70,0,77,0,11,78,0,89,158,0,158,247
06/05/2022,BKL,OH,AGL,CE,Federal Contract Tower,2,15,15,0,32,0,15,51,0,66,2,30,66,0,98,18,0,18,116
06/06/2022,BKL,OH,AGL,CE,Federal Contract Tower,2,8,12,0,22,0,31,43,0,74,2,39,55,0,96,10,0,10,106
06/07/2022,BKL,OH,AGL,CE,Federal Contract Tower,0,10,11,2,23,0,5,8,0,13,0,15,19,2,36,10,0,10,46
06/08/2022,BKL,OH,AGL,CE,Federal Contract Tower,1,14,23,1,39,0,20,46,0,66,1,34,69,1,105,88,0,88,193
06/09/2022,BKL,OH,AGL,CE,Federal Contract Tower,0,7,19,1,27,0,24,55,1,80,0,31,74,2,107,36,0,36,143
06/10/2022,BKL,OH,AGL,CE,Federal Contract Tower,0,14,14,1,29,0,24,93,1,118,0,38,107,2,147,76,0,76,223
06/11/2022,BKL,OH,AGL,CE,Federal Contract Tower,0,6,14,0,20,0,11,51,0,62,0,17,65,0,82,42,0,42,124
06/12/2022,BKL,OH,AGL,CE,Federal Contract Tower,1,13,14,0,28,0,11,72,0,83,1,24,86,0,111,38,0,38,149
06/13/2022,BKL,OH,AGL,CE,Federal Contract Tower,0,8,16,0,24,0,33,37,0,70,0,41,53,0,94,38,0,38,132
06/14/2022,BKL,OH,AGL,CE,Federal Contract Tower,0,14,25,0,39,0,16,53,0,69,0,30,78,0,108,98,0,98,206
06/15/2022,BKL,OH,AGL,CE,Federal Contract Tower,0,19,23,0,42,0,17,87,0,104,0,36,110,0,146,132,0,132,278
06/16/2022,BKL,OH,AGL,CE,Federal Contract Tower,0,21,17,0,38,0,13,86,0,99,0,34,103,0,137,128,0,128,265
06/17/2022,BKL,OH,AGL,CE,Federal Contract Tower,0,20,13,4,37,0,16,72,0,88,0,36,85,4,125,120,0,120,245
06/18/2022,BKL,OH,AGL,CE,Federal Contract Tower,0,11,12,0,23,0,7,25,0,32,0,18,37,0,55,32,0,32,87
06/19/2022,BKL,OH,AGL,CE,Federal Contract Tower,0,10,11,0,21,0,10,75,0,85,0,20,86,0,106,6,0,6,112
06/20/2022,BKL,OH,AGL,CE,Federal Contract Tower,0,24,27,0,51,0,21,51,0,72,0,45,78,0,123,60,0,60,183
06/21/2022,BKL,OH,AGL,CE,Federal Contract Tower,0,16,21,0,37,0,12,44,0,56,0,28,65,0,93,50,0,50,143
06/22/2022,BKL,OH,AGL,CE,Federal Contract Tower,0,13,32,1,46,0,27,43,0,70,0,40,75,1,116,22,0,22,138
06/23/2022,BKL,OH,AGL,CE,Federal Contract Tower,1,13,30,5,49,0,37,70,0,107,1,50,100,5,156,76,0,76,232
06/24/2022,BKL,OH,AGL,CE,Federal Contract Tower,0,22,26,2,50,0,22,62,1,85,0,44,88,3,135,46,0,46,181
06/25/2022,BKL,OH,AGL,CE,Federal Contract Tower,0,11,10,1,22,0,23,167,2,192,0,34,177,3,214,18,0,18,232
06/26/2022,BKL,OH,AGL,CE,Federal Contract Tower,1,9,9,0,19,0,17,28,0,45,1,26,37,0,64,2,0,2,66
06/27/2022,BKL,OH,AGL,CE,Federal Contract Tower,1,11,21,1,34,0,12,35,0,47,1,23,56,1,81,66,0,66,147
06/28/2022,BKL,OH,AGL,CE,Federal Contract Tower,0,17,21,0,38,0,40,107,0,147,0,57,128,0,185,6,0,6,191
06/29/2022,BKL,OH,AGL,CE,Federal Contract Tower,0,14,13,0,27,0,40,68,0,108,0,54,81,0,135,24,0,24,159
06/30/2022,BKL,OH,AGL,CE,Federal Contract Tower,1,20,19,1,41,0,25,65,0,90,1,45,84,1,131,8,0,8,139
07/01/2022,BKL,OH,AGL,CE,Federal Contract Tower,1,18,16,0,35,0,31,60,0,91,1,49,76,0,126,108,0,108,234
07/02/2022,BKL,OH,AGL,CE,Federal Contract Tower,0,5,14,0,19,0,9,51,2,62,0,14,65,2,81,24,0,24,105
07/03/2022,BKL,OH,AGL,CE,Federal Contract Tower,1,12,6,0,19,0,17,69,0,86,1,29,75,0,105,0,0,0,105
07/04/2022,BKL,OH,AGL,CE,Federal Contract Tower,0,8,11,0,19,0,16,40,2,58,0,24,51,2,77,42,0,42,119
07/05/2022,BKL,OH,AGL,CE,Federal Contract Tower,0,7,16,0,23,0,29,50,0,79,0,36,66,0,102,86,0,86,188
07/06/2022,BKL,OH,AGL,CE,Federal Contract Tower,0,3,9,0,12,0,9,15,0,24,0,12,24,0,36,26,0,26,62
07/07/2022,BKL,OH,AGL,CE,Federal Contract Tower,0,7,23,0,30,0,12,64,0,76,0,19,87,0,106,148,0,148,254
07/08/2022,BKL,OH,AGL,CE,Federal Contract Tower,0,22,12,4,38,0,21,83,0,104,0,43,95,4,142,100,0,100,242
07/09/2022,BKL,OH,AGL,CE,Federal Contract Tower,0,5,7,0,12,0,9,51,0,60,0,14,58,0,72,22,0,22,94
07/10/2022,BKL,OH,AGL,CE,Federal Contract Tower,0,20,15,0,35,0,5,74,0,79,0,25,89,0,114,34,0,34,148
07/11/2022,BKL,OH,AGL,CE,Federal Contract Tower,2,15,21,0,38,0,8,49,6,63,2,23,70,6,101,68,0,68,169
07/12/2022,BKL,OH,AGL,CE,Federal Contract Tower,0,22,14,2,38,0,33,81,0,114,0,55,95,2,152,90,0,90,242
07/13/2022,BKL,OH,AGL,CE,Federal Contract Tower,0,9,22,3,34,0,21,78,0,99,0,30,100,3,133,76,0,76,209
07/14/2022,BKL,OH,AGL,CE,Federal Contract Tower,4,16,22,0,42,0,16,86,0,102,4,32,108,0,144,148,0,148,292
07/15/2022,BKL,OH,AGL,CE,Federal Contract Tower,0,29,23,1,53,0,35,64,0,99,0,64,87,1,152,56,0,56,208
07/16/2022,BKL,OH,AGL,CE,Federal Contract Tower,0,4,12,0,16,0,1,58,0,59,0,5,70,0,75,56,0,56,131
07/17/2022,BKL,OH,AGL,CE,Federal Contract Tower,0,15,29,2,46,0,5,13,0,18,0,20,42,2,64,14,0,14,78
07/18/2022,BKL,OH,AGL,CE,Federal Contract Tower,0,5,20,0,25,0,28,53,0,81,0,33,73,0,106,88,0,88,194
07/19/2022,BKL,OH,AGL,CE,Federal Contract Tower,0,16,18,1,35,0,19,67,1,87,0,35,85,2,122,88,0,88,210
07/20/2022,BKL,OH,AGL,CE,Federal Contract Tower,0,10,30,0,40,0,31,64,1,96,0,41,94,1,136,118,0,118,254
07/21/2022,BKL,OH,AGL,CE,Federal Contract Tower,0,17,24,0,41,0,15,51,0,66,0,32,75,0,107,82,0,82,189
07/22/2022,BKL,OH,AGL,CE,Federal Contract Tower,0,12,20,0,32,0,27,85,3,115,0,39,105,3,147,166,0,166,313
07/23/2022,BKL,OH,AGL,CE,Federal Contract Tower,0,8,11,3,22,0,14,46,0,60,0,22,57,3,82,28,0,28,110
07/24/2022,BKL,OH,AGL,CE,Federal Contract Tower,0,10,16,4,30,0,5,42,0,47,0,15,58,4,77,38,0,38,115
07/25/2022,BKL,OH,AGL,CE,Federal Contract Tower,0,13,27,3,43,0,24,99,0,123,0,37,126,3,166,100,0,100,266
07/26/2022,BKL,OH,AGL,CE,Federal Contract Tower,0,12,28,0,40,0,17,47,1,65,0,29,75,1,105,16,0,16,121
07/27/2022,BKL,OH,AGL,CE,Federal Contract Tower,0,10,24,1,35,0,25,40,2,67,0,35,64,3,102,34,0,34,136
07/28/2022,BKL,OH,AGL,CE,Federal Contract Tower,0,28,30,4,62,0,37,51,2,90,0,65,81,6,152,86,0,86,238
07/29/2022,BKL,OH,AGL,CE,Federal Contract Tower,0,13,18,0,31,0,44,58,2,104,0,57,76,2,135,40,0,40,175
07/30/2022,BKL,OH,AGL,CE,Federal Contract Tower,0,5,9,0,14,0,10,67,0,77,0,15,76,0,91,118,0,118,209
07/31/2022,BKL,OH,AGL,CE,Federal Contract Tower,0,7,18,0,25,0,9,53,0,62,0,16,71,0,87,22,0,22,109
08/01/2022,BKL,OH,AGL,CE,Federal Contract Tower,1,9,17,0,27,0,22,59,0,81,1,31,76,0,108,48,0,48,156
08/02/2022,BKL,OH,AGL,CE,Federal Contract Tower,0,14,13,0,27,0,18,61,0,79,0,32,74,0,106,52,0,52,158
08/03/2022,BKL,OH,AGL,CE,Federal Contract Tower,1,23,16,2,42,0,24,62,0,86,1,47,78,2,128,30,0,30,158
08/04/2022,BKL,OH,AGL,CE,Federal Contract Tower,2,27,26,0,55,0,22,55,0,77,2,49,81,0,132,74,0,74,206
08/05/2022,BKL,OH,AGL,CE,Federal Contract Tower,0,13,11,0,24,0,12,41,0,53,0,25,52,0,77,30,0,30,107
08/06/2022,BKL,OH,AGL,CE,Federal Contract Tower,0,10,12,0,22,0,13,77,0,90,0,23,89,0,112,52,0,52,164
08/07/2022,BKL,OH,AGL,CE,Federal Contract Tower,2,13,16,2,33,0,10,42,1,53,2,23,58,3,86,22,0,22,108
08/08/2022,BKL,OH,AGL,CE,Federal Contract Tower,0,9,24,0,33,0,32,53,0,85,0,41,77,0,118,14,0,14,132
08/09/2022,BKL,OH,AGL,CE,Federal Contract Tower,0,8,24,0,32,0,14,41,0,55,0,22,65,0,87,74,0,74,161
08/10/2022,BKL,OH,AGL,CE,Federal Contract Tower,0,11,25,0,36,0,30,60,1,91,0,41,85,1,127,90,0,90,217
08/11/2022,BKL,OH,AGL,CE,Federal Contract Tower,0,7,25,0,32,0,35,73,1,109,0,42,98,1,141,92,0,92,233
08/12/2022,BKL,OH,AGL,CE,Federal Contract Tower,0,6,10,0,16,0,14,76,0,90,0,20,86,0,106,76,0,76,182
08/13/2022,BKL,OH,AGL,CE,Federal Contract Tower,0,9,9,0,18,0,5,66,0,71,0,14,75,0,89,60,0,60,149
08/14/2022,BKL,OH,AGL,CE,Federal Contract Tower,0,9,15,0,24,0,4,68,0,72,0,13,83,0,96,18,0,18,114
08/15/2022,BKL,OH,AGL,CE,Federal Contract Tower,2,5,25,3,35,0,6,39,0,45,2,11,64,3,80,58,0,58,138
08/16/2022,BKL,OH,AGL,CE,Federal Contract Tower,0,10,33,1,44,0,39,58,0,97,0,49,91,1,141,68,0,68,209
08/17/2022,BKL,OH,AGL,CE,Federal Contract Tower,0,20,22,2,44,0,51,94,1,146,0,71,116,3,190,88,2,90,280
08/18/2022,BKL,OH,AGL,CE,Federal Contract Tower,0,16,19,1,36,0,15,56,0,71,0,31,75,1,107,120,0,120,227
08/19/2022,BKL,OH,AGL,CE,Federal Contract Tower,2,7,14,2,25,0,18,68,1,87,2,25,82,3,112,62,0,62,174
08/20/2022,BKL,OH,AGL,CE,Federal Contract Tower,0,4,9,0,13,0,13,73,0,86,0,17,82,0,99,38,0,38,137
08/21/2022,BKL,OH,AGL,CE,Federal Contract Tower,2,8,19,0,29,0,2,4,0,6,2,10,23,0,35,0,0,0,35
08/22/2022,BKL,OH,AGL,CE,Federal Contract Tower,0,13,13,0,26,0,29,26,0,55,0,42,39,0,81,62,0,62,143
08/23/2022,BKL,OH,AGL,CE,Federal Contract Tower,0,18,12,2,32,0,38,74,0,112,0,56,86,2,144,62,0,62,206
08/24/2022,BKL,OH,AGL,CE,Federal Contract Tower,0,14,35,10,59,0,58,76,0,134,0,72,111,10,193,68,0,68,261
08/25/2022,BKL,OH,AGL,CE,Federal Contract Tower,0,16,20,0,36,0,18,57,0,75,0,34,77,0,111,48,0,48,159
08/26/2022,BKL,OH,AGL,CE,Federal Contract Tower,0,16,15,2,33,0,7,65,0,72,0,23,80,2,105,44,0,44,149
08/27/2022,BKL,OH,AGL,CE,Federal Contract Tower,0,1,13,0,14,0,9,55,0,64,0,10,68,0,78,46,0,46,124
08/28/2022,BKL,OH,AGL,CE,Federal Contract Tower,2,7,10,0,19,0,10,85,0,95,2,17,95,0,114,4,0,4,118
08/29/2022,BKL,OH,AGL,CE,Federal Contract Tower,2,10,14,0,26,0,7,18,0,25,2,17,32,0,51,4,0,4,55
08/30/2022,BKL,OH,AGL,CE,Federal Contract Tower,0,8,16,7,31,0,27,55,0,82,0,35,71,7,113,0,0,0,113
08/31/2022,BKL,OH,AGL,CE,Federal Contract Tower,0,13,22,4,39,0,24,15,5,44,0,37,37,9,83,0,0,0,83
09/01/2022,BKL,OH,AGL,CE,Federal Contract Tower,0,13,17,4,34,0,14,10,0,24,0,27,27,4,58,0,8,8,66
09/02/2022,BKL,OH,AGL,CE,Federal Contract Tower,2,3,10,10,25,0,5,22,11,38,2,8,32,21,63,0,0,0,63
09/03/2022,BKL,OH,AGL,CE,Federal Contract Tower,0,0,0,3,3,0,3,0,0,3,0,3,0,3,6,0,0,0,6
09/04/2022,BKL,OH,AGL,CE,Federal Contract Tower,0,2,0,0,2,0,1,0,0,1,0,3,0,0,3,0,0,0,3
09/05/2022,BKL,OH,AGL,CE,Federal Contract Tower,0,3,5,6,14,0,0,0,0,0,0,3,5,6,14,0,4,4,18
09/06/2022,BKL,OH,AGL,CE,Federal Contract Tower,1,16,15,18,50,0,22,26,1,49,1,38,41,19,99,8,0,8,107
09/07/2022,BKL,OH,AGL,CE,Federal Contract Tower,0,10,15,0,25,0,20,43,0,63,0,30,58,0,88,32,0,32,120
09/08/2022,BKL,OH,AGL,CE,Federal Contract Tower,0,16,28,0,44,0,20,30,0,50,0,36,58,0,94,52,0,52,146
09/09/2022,BKL,OH,AGL,CE,Federal Contract Tower,0,20,27,0,47,0,15,77,3,95,0,35,104,3,142,66,0,66,208
09/10/2022,BKL,OH,AGL,CE,Federal Contract Tower,0,12,14,1,27,0,5,84,0,89,0,17,98,1,116,56,0,56,172
09/11/2022,BKL,OH,AGL,CE,Federal Contract Tower,0,11,33,0,44,0,4,19,0,23,0,15,52,0,67,50,0,50,117
09/12/2022,BKL,OH,AGL,CE,Federal Contract Tower,0,1,28,6,35,0,26,45,0,71,0,27,73,6,106,0,0,0,106
09/13/2022,BKL,OH,AGL,CE,Federal Contract Tower,0,9,29,2,40,0,25,33,0,58,0,34,62,2,98,34,4,38,136
09/14/2022,BKL,OH,AGL,CE,Federal Contract Tower,0,12,29,0,41,0,21,32,4,57,0,33,61,4,98,0,0,0,98
09/15/2022,BKL,OH,AGL,CE,Federal Contract Tower,4,10,25,0,39,0,34,64,0,98,4,44,89,0,137,22,0,22,159
09/16/2022,BKL,OH,AGL,CE,Federal Contract Tower,2,10,30,4,46,0,21,64,0,85,2,31,94,4,131,20,0,20,151
09/17/2022,BKL,OH,AGL,CE,Federal Contract Tower,0,11,12,0,23,0,17,69,0,86,0,28,81,0,109,16,0,16,125
09/18/2022,BKL,OH,AGL,CE,Federal Contract Tower,0,28,36,0,64,0,11,42,1,54,0,39,78,1,118,0,0,0,118
09/19/2022,BKL,OH,AGL,CE,Federal Contract Tower,2,9,17,0,28,0,13,15,0,28,2,22,32,0,56,6,0,6,62
09/20/2022,BKL,OH,AGL,CE,Federal Contract Tower,0,17,36,0,53,0,23,76,0,99,0,40,112,0,152,86,0,86,238
09/21/2022,BKL,OH,AGL,CE,Federal Contract Tower,0,11,22,0,33,0,51,36,0,87,0,62,58,0,120,18,0,18,138
09/23/2022,BKL,OH,AGL,CE,Federal Contract Tower,0,28,61,2,91,0,26,48,0,74,0,54,109,2,165,52,0,52,217
09/24/2022,BKL,OH,AGL,CE,Federal Contract Tower,0,10,21,1,32,0,16,76,1,93,0,26,97,2,125,68,0,68,193
09/25/2022,BKL,OH,AGL,CE,Federal Contract Tower,0,14,35,0,49,0,6,12,0,18,0,20,47,0,67,16,0,16,83
09/26/2022,BKL,OH,AGL,CE,Federal Contract Tower,1,20,12,0,33,0,0,6,0,6,1,20,18,0,39,4,0,4,43
09/27/2022,BKL,OH,AGL,CE,Federal Contract Tower,1,23,17,0,41,0,5,8,0,13,1,28,25,0,54,20,0,20,74
09/28/2022,BKL,OH,AGL,CE,Federal Contract Tower,0,15,24,0,39,0,21,9,2,32,0,36,33,2,71,20,0,20,91
09/29/2022,BKL,OH,AGL,CE,Federal Contract Tower,2,22,19,1,44,0,26,44,0,70,2,48,63,1,114,60,0,60,174
09/30/2022,BKL,OH,AGL,CE,Federal Contract Tower,3,13,17,0,33,0,23,56,1,80,3,36,73,1,113,52,0,52,165
10/01/2022,BKL,OH,AGL,CE,Federal Contract Tower,0,6,17,0,23,0,3,23,0,26,0,9,40,0,49,12,0,12,61
10/02/2022,BKL,OH,AGL,CE,Federal Contract Tower,0,10,10,0,20,0,6,13,0,19,0,16,23,0,39,0,0,0,39
10/03/2022,BKL,OH,AGL,CE,Federal Contract Tower,0,13,33,0,46,0,14,30,0,44,0,27,63,0,90,16,0,16,106
10/04/2022,BKL,OH,AGL,CE,Federal Contract Tower,0,12,22,0,34,0,22,57,0,79,0,34,79,0,113,98,0,98,211
10/05/2022,BKL,OH,AGL,CE,Federal Contract Tower,1,13,27,0,41,0,24,53,4,81,1,37,80,4,122,76,0,76,198
10/06/2022,BKL,OH,AGL,CE,Federal Contract Tower,4,19,22,0,45,0,20,38,2,60,4,39,60,2,105,24,0,24,129
10/07/2022,BKL,OH,AGL,CE,Federal Contract Tower,1,22,21,0,44,0,34,13,1,48,1,56,34,1,92,2,0,2,94
10/08/2022,BKL,OH,AGL,CE,Federal Contract Tower,0,11,12,0,23,0,12,57,0,69,0,23,69,0,92,0,0,0,92
10/09/2022,BKL,OH,AGL,CE,Federal Contract Tower,4,7,20,0,31,0,6,66,1,73,4,13,86,1,104,0,0,0,104
10/10/2022,BKL,OH,AGL,CE,Federal Contract Tower,0,21,11,0,32,0,22,57,0,79,0,43,68,0,111,82,0,82,193
10/11/2022,BKL,OH,AGL,CE,Federal Contract Tower,0,6,28,0,34,0,1,10,48,59,0,7,38,48,93,110,0,110,203
10/12/2022,BKL,OH,AGL,CE,Federal Contract Tower,0,19,21,0,40,0,12,38,0,50,0,31,59,0,90,58,0,58,148
10/13/2022,BKL,OH,AGL,CE,Federal Contract Tower,0,23,17,1,41,0,31,39,0,70,0,54,56,1,111,38,0,38,149
10/14/2022,BKL,OH,AGL,CE,Federal Contract Tower,0,16,27,0,43,0,18,45,0,63,0,34,72,0,106,22,0,22,128
10/15/2022,BKL,OH,AGL,CE,Federal Contract Tower,2,26,15,0,43,0,24,63,0,87,2,50,78,0,130,0,0,0,130
10/16/2022,BKL,OH,AGL,CE,Federal Contract Tower,0,27,52,1,80,0,14,35,6,55,0,41,87,7,135,12,0,12,147
10/17/2022,BKL,OH,AGL,CE,Federal Contract Tower,5,20,22,0,47,0,11,25,0,36,5,31,47,0,83,14,0,14,97
10/18/2022,BKL,OH,AGL,CE,Federal Contract Tower,0,19,22,0,41,0,4,0,0,4,0,23,22,0,45,2,0,2,47
10/19/2022,BKL,OH,AGL,CE,Federal Contract Tower,0,11,25,0,36,0,0,0,0,0,0,11,25,0,36,0,0,0,36
10/20/2022,BKL,OH,AGL,CE,Federal Contract Tower,0,13,23,0,36,0,35,30,0,65,0,48,53,0,101,18,0,18,119
10/21/2022,BKL,OH,AGL,CE,Federal Contract Tower,0,8,13,0,21,0,23,24,2,49,0,31,37,2,70,0,0,0,70
10/22/2022,BKL,OH,AGL,CE,Federal Contract Tower,0,10,13,0,23,0,10,69,0,79,0,20,82,0,102,8,0,8,110
10/23/2022,BKL,OH,AGL,CE,Federal Contract Tower,0,13,5,0,18,0,9,64,0,73,0,22,69,0,91,42,0,42,133
10/24/2022,BKL,OH,AGL,CE,Federal Contract Tower,0,15,18,2,35,0,24,52,0,76,0,39,70,2,111,34,0,34,145
10/25/2022,BKL,OH,AGL,CE,Federal Contract Tower,0,15,17,0,32,0,21,39,0,60,0,36,56,0,92,50,0,50,142
10/26/2022,BKL,OH,AGL,CE,Federal Contract Tower,0,7,13,4,24,0,17,2,0,19,0,24,15,4,43,20,0,20,63
10/27/2022,BKL,OH,AGL,CE,Federal Contract Tower,0,12,22,0,34,0,29,45,0,74,0,41,67,0,108,86,0,86,194
10/28/2022,BKL,OH,AGL,CE,Federal Contract Tower,0,18,19,2,39,0,22,21,0,43,0,40,40,2,82,30,0,30,112
10/29/2022,BKL,OH,AGL,CE,Federal Contract Tower,0,2,9,0,11,0,10,43,0,53,0,12,52,0,64,6,0,6,70
10/30/2022,BKL,OH,AGL,CE,Federal Contract Tower,1,5,8,0,14,0,11,43,0,54,1,16,51,0,68,18,0,18,86
10/31/2022,BKL,OH,AGL,CE,Federal Contract Tower,0,14,34,0,48,0,4,9,0,13,0,18,43,0,61,0,0,0,61
11/01/2022,BKL,OH,AGL,CE,Federal Contract Tower,1,23,26,0,50,0,39,1,0,40,1,62,27,0,90,0,0,0,90
11/02/2022,BKL,OH,AGL,CE,Federal Contract Tower,0,16,27,2,45,0,18,21,0,39,0,34,48,2,84,26,0,26,110
11/03/2022,BKL,OH,AGL,CE,Federal Contract Tower,0,14,26,3,43,0,26,50,0,76,0,40,76,3,119,68,0,68,187
11/04/2022,BKL,OH,AGL,CE,Federal Contract Tower,0,11,20,0,31,0,28,56,0,84,0,39,76,0,115,28,0,28,143
11/05/2022,BKL,OH,AGL,CE,Federal Contract Tower,0,12,10,0,22,0,3,4,2,9,0,15,14,2,31,0,0,0,31
11/06/2022,BKL,OH,AGL,CE,Federal Contract Tower,0,6,8,0,14,0,8,51,0,59,0,14,59,0,73,36,0,36,109
11/07/2022,BKL,OH,AGL,CE,Federal Contract Tower,0,18,15,0,33,0,32,45,0,77,0,50,60,0,110,26,0,26,136
11/08/2022,BKL,OH,AGL,CE,Federal Contract Tower,0,8,6,0,14,0,12,48,0,60,0,20,54,0,74,54,0,54,128
11/09/2022,BKL,OH,AGL,CE,Federal Contract Tower,0,12,22,1,35,0,11,22,0,33,0,23,44,1,68,50,0,50,118
11/10/2022,BKL,OH,AGL,CE,Federal Contract Tower,0,5,26,0,31,0,25,33,2,60,0,30,59,2,91,10,0,10,101
11/11/2022,BKL,OH,AGL,CE,Federal Contract Tower,0,12,14,0,26,0,7,6,1,14,0,19,20,1,40,0,0,0,40
11/12/2022,BKL,OH,AGL,CE,Federal Contract Tower,0,4,7,0,11,0,4,2,0,6,0,8,9,0,17,0,0,0,17
11/13/2022,BKL,OH,AGL,CE,Federal Contract Tower,0,11,7,0,18,0,2,5,0,7,0,13,12,0,25,0,0,0,25
11/14/2022,BKL,OH,AGL,CE,Federal Contract Tower,0,15,19,0,34,0,0,0,0,0,0,15,19,0,34,54,0,54,88
11/15/2022,BKL,OH,AGL,CE,Federal Contract Tower,0,13,9,0,22,0,17,19,0,36,0,30,28,0,58,18,0,18,76
11/16/2022,BKL,OH,AGL,CE,Federal Contract Tower,0,9,12,0,21,0,12,3,0,15,0,21,15,0,36,0,0,0,36
11/17/2022,BKL,OH,AGL,CE,Federal Contract Tower,0,23,18,0,41,0,0,0,0,0,0,23,18,0,41,0,0,0,41
11/18/2022,BKL,OH,AGL,CE,Federal Contract Tower,0,13,15,0,28,0,13,2,0,15,0,26,17,0,43,6,0,6,49
11/19/2022,BKL,OH,AGL,CE,Federal Contract Tower,0,6,7,0,13,0,9,2,0,11,0,15,9,0,24,0,0,0,24
11/20/2022,BKL,OH,AGL,CE,Federal Contract Tower,0,3,3,0,6,0,2,10,0,12,0,5,13,0,18,0,0,0,18
11/21/2022,BKL,OH,AGL,CE,Federal Contract Tower,0,6,22,0,28,0,15,22,0,37,0,21,44,0,65,4,0,4,69
11/22/2022,BKL,OH,AGL,CE,Federal Contract Tower,0,10,33,5,48,0,15,38,1,54,0,25,71,6,102,30,0,30,132
11/23/2022,BKL,OH,AGL,CE,Federal Contract Tower,0,10,11,0,21,0,11,67,0,78,0,21,78,0,99,32,0,32,131
11/24/2022,BKL,OH,AGL,CE,Federal Contract Tower,0,3,10,0,13,0,17,14,0,31,0,20,24,0,44,6,0,6,50
11/25/2022,BKL,OH,AGL,CE,Federal Contract Tower,0,5,6,0,11,0,13,23,0,36,0,18,29,0,47,10,0,10,57
11/26/2022,BKL,OH,AGL,CE,Federal Contract Tower,0,3,12,0,15,0,15,63,0,78,0,18,75,0,93,4,0,4,97
11/27/2022,BKL,OH,AGL,CE,Federal Contract Tower,0,21,25,3,49,0,0,6,5,11,0,21,31,8,60,0,0,0,60
11/28/2022,BKL,OH,AGL,CE,Federal Contract Tower,0,12,14,0,26,0,13,12,0,25,0,25,26,0,51,32,0,32,83
11/29/2022,BKL,OH,AGL,CE,Federal Contract Tower,0,12,16,0,28,0,18,17,0,35,0,30,33,0,63,10,0,10,73
11/30/2022,BKL,OH,AGL,CE,Federal Contract Tower,0,10,9,0,19,0,5,0,0,5,0,15,9,0,24,0,0,0,24
12/01/2022,BKL,OH,AGL,CE,Federal Contract Tower,0,6,26,0,32,0,4,11,0,15,0,10,37,0,47,6,0,6,53
12/02/2022,BKL,OH,AGL,CE,Federal Contract Tower,0,7,17,0,24,0,16,18,0,34,0,23,35,0,58,18,0,18,76
12/03/2022,BKL,OH,AGL,CE,Federal Contract Tower,0,7,1,0,8,0,6,1,0,7,0,13,2,0,15,0,0,0,15
12/04/2022,BKL,OH,AGL,CE,Federal Contract Tower,0,6,17,0,23,0,15,59,0,74,0,21,76,0,97,16,0,16,113
12/05/2022,BKL,OH,AGL,CE,Federal Contract Tower,0,9,20,2,31,0,14,47,0,61,0,23,67,2,92,30,0,30,122
12/06/2022,BKL,OH,AGL,CE,Federal Contract Tower,0,10,22,0,32,0,14,10,0,24,0,24,32,0,56,0,0,0,56
12/07/2022,BKL,OH,AGL,CE,Federal Contract Tower,0,2,10,0,12,0,0,0,0,0,0,2,10,0,12,0,0,0,12
12/08/2022,BKL,OH,AGL,CE,Federal Contract Tower,0,5,22,0,27,0,0,0,0,0,0,5,22,0,27,0,0,0,27
12/09/2022,BKL,OH,AGL,CE,Federal Contract Tower,0,13,17,0,30,0,15,12,0,27,0,28,29,0,57,14,0,14,71
12/10/2022,BKL,OH,AGL,CE,Federal Contract Tower,0,7,4,0,11,0,2,50,0,52,0,9,54,0,63,24,0,24,87
12/11/2022,BKL,OH,AGL,CE,Federal Contract Tower,0,9,21,0,30,0,2,0,0,2,0,11,21,0,32,0,0,0,32
12/12/2022,BKL,OH,AGL,CE,Federal Contract Tower,0,10,21,1,32,0,3,16,0,19,0,13,37,1,51,0,0,0,51
12/13/2022,BKL,OH,AGL,CE,Federal Contract Tower,0,15,16,0,31,0,33,37,0,70,0,48,53,0,101,38,0,38,139
12/14/2022,BKL,OH,AGL,CE,Federal Contract Tower,0,13,26,0,39,0,35,25,0,60,0,48,51,0,99,18,0,18,117
12/15/2022,BKL,OH,AGL,CE,Federal Contract Tower,0,3,18,0,21,0,2,4,0,6,0,5,22,0,27,0,0,0,27
12/16/2022,BKL,OH,AGL,CE,Federal Contract Tower,0,9,16,2,27,0,7,22,0,29,0,16,38,2,56,22,0,22,78
12/17/2022,BKL,OH,AGL,CE,Federal Contract Tower,0,13,9,0,22,0,12,56,6,74,0,25,65,6,96,4,0,4,100
12/18/2022,BKL,OH,AGL,CE,Federal Contract Tower,0,5,11,2,18,0,3,4,2,9,0,8,15,4,27,0,0,0,27
12/19/2022,BKL,OH,AGL,CE,Federal Contract Tower,0,10,6,2,18,0,14,1,0,15,0,24,7,2,33,0,0,0,33
12/20/2022,BKL,OH,AGL,CE,Federal Contract Tower,0,19,22,0,41,0,18,47,0,65,0,37,69,0,106,30,0,30,136
12/21/2022,BKL,OH,AGL,CE,Federal Contract Tower,0,6,25,0,31,0,18,32,0,50,0,24,57,0,81,16,0,16,97
12/22/2022,BKL,OH,AGL,CE,Federal Contract Tower,0,8,19,0,27,0,28,13,0,41,0,36,32,0,68,0,0,0,68
12/23/2022,BKL,OH,AGL,CE,Federal Contract Tower,0,0,1,0,1,0,0,0,0,0,0,0,1,0,1,0,0,0,1
12/24/2022,BKL,OH,AGL,CE,Federal Contract Tower,0,3,4,0,7,0,0,0,0,0,0,3,4,0,7,0,0,0,7
12/25/2022,BKL,OH,AGL,CE,Federal Contract Tower,0,5,1,0,6,0,2,0,0,2,0,7,1,0,8,0,0,0,8
12/26/2022,BKL,OH,AGL,CE,Federal Contract Tower,0,5,9,0,14,0,5,23,0,28,0,10,32,0,42,0,0,0,42
12/27/2022,BKL,OH,AGL,CE,Federal Contract Tower,0,5,10,0,15,0,19,32,0,51,0,24,42,0,66,44,0,44,110
12/28/2022,BKL,OH,AGL,CE,Federal Contract Tower,0,6,13,0,19,0,24,67,0,91,0,30,80,0,110,22,0,22,132
12/29/2022,BKL,OH,AGL,CE,Federal Contract Tower,0,7,9,0,16,0,12,8,2,22,0,19,17,2,38,2,0,2,40
12/30/2022,BKL,OH,AGL,CE,Federal Contract Tower,0,5,4,0,9,0,21,38,0,59,0,26,42,0,68,6,0,6,74
12/31/2022,BKL,OH,AGL,CE,Federal Contract Tower,0,3,8,0,11,0,6,42,0,48,0,9,50,0,59,0,0,0,59
01/01/2023,BKL,OH,AGL,CE,Federal Contract Tower,0,4,8,0,12,0,0,0,0,0,0,4,8,0,12,0,0,0,12
01/02/2023,BKL,OH,AGL,CE,Federal Contract Tower,0,1,2,0,3,0,0,0,0,0,0,1,2,0,3,0,0,0,3
01/03/2023,BKL,OH,AGL,CE,Federal Contract Tower,0,2,4,0,6,0,0,0,0,0,0,2,4,0,6,0,0,0,6
01/04/2023,BKL,OH,AGL,CE,Federal Contract Tower,0,5,21,0,26,0,7,21,0,28,0,12,42,0,54,18,0,18,72
01/05/2023,BKL,OH,AGL,CE,Federal Contract Tower,0,11,20,0,31,0,31,36,0,67,0,42,56,0,98,4,0,4,102
01/06/2023,BKL,OH,AGL,CE,Federal Contract Tower,0,10,21,1,32,0,2,2,0,4,0,12,23,1,36,0,0,0,36
01/07/2023,BKL,OH,AGL,CE,Federal Contract Tower,0,1,5,0,6,0,0,0,0,0,0,1,5,0,6,0,0,0,6
01/08/2023,BKL,OH,AGL,CE,Federal Contract Tower,0,4,13,0,17,0,8,33,0,41,0,12,46,0,58,6,0,6,64
01/09/2023,BKL,OH,AGL,CE,Federal Contract Tower,0,3,2,0,5,0,2,6,0,8,0,5,8,0,13,8,0,8,21
01/10/2023,BKL,OH,AGL,CE,Federal Contract Tower,0,10,23,0,33,0,28,49,0,77,0,38,72,0,110,58,0,58,168
01/11/2023,BKL,OH,AGL,CE,Federal Contract Tower,0,12,9,1,22,0,11,30,0,41,0,23,39,1,63,64,0,64,127
01/12/2023,BKL,OH,AGL,CE,Federal Contract Tower,0,9,12,1,22,0,2,2,0,4,0,11,14,1,26,0,0,0,26
01/13/2023,BKL,OH,AGL,CE,Federal Contract Tower,0,2,11,0,13,0,0,0,0,0,0,2,11,0,13,0,0,0,13
01/14/2023,BKL,OH,AGL,CE,Federal Contract Tower,0,8,6,0,14,0,2,16,0,18,0,10,22,0,32,2,0,2,34
01/15/2023,BKL,OH,AGL,CE,Federal Contract Tower,0,7,17,0,24,0,9,60,0,69,0,16,77,0,93,12,0,12,105
01/16/2023,BKL,OH,AGL,CE,Federal Contract Tower,0,8,17,0,25,0,18,33,0,51,0,26,50,0,76,18,0,18,94
01/17/2023,BKL,OH,AGL,CE,Federal Contract Tower,0,8,15,0,23,0,21,27,0,48,0,29,42,0,71,50,0,50,121
01/18/2023,BKL,OH,AGL,CE,Federal Contract Tower,0,11,27,0,38,0,16,36,0,52,0,27,63,0,90,44,0,44,134
01/19/2023,BKL,OH,AGL,CE,Federal Contract Tower,0,9,16,0,25,0,12,14,0,26,0,21,30,0,51,2,0,2,53
01/20/2023,BKL,OH,AGL,CE,Federal Contract Tower,0,19,19,0,38,0,2,5,0,7,0,21,24,0,45,24,0,24,69
01/21/2023,BKL,OH,AGL,CE,Federal Contract Tower,0,5,13,0,18,0,12,40,1,53,0,17,53,1,71,12,0,12,83
01/22/2023,BKL,OH,AGL,CE,Federal Contract Tower,0,7,5,0,12,0,3,6,0,9,0,10,11,0,21,0,0,0,21
01/23/2023,BKL,OH,AGL,CE,Federal Contract Tower,0,5,7,0,12,0,0,0,0,0,0,5,7,0,12,0,0,0,12
01/24/2023,BKL,OH,AGL,CE,Federal Contract Tower,0,15,11,0,26,0,20,14,2,36,0,35,25,2,62,46,0,46,108
01/25/2023,BKL,OH,AGL,CE,Federal Contract Tower,0,15,7,0,22,0,15,1,0,16,0,30,8,0,38,0,0,0,38
01/26/2023,BKL,OH,AGL,CE,Federal Contract Tower,0,9,12,0,21,0,1,1,0,2,0,10,13,0,23,0,0,0,23
01/27/2023,BKL,OH,AGL,CE,Federal Contract Tower,0,4,15,0,19,0,9,9,0,18,0,13,24,0,37,2,0,2,39
01/28/2023,BKL,OH,AGL,CE,Federal Contract Tower,0,8,4,0,12,0,3,54,0,57,0,11,58,0,69,58,0,58,127
01/29/2023,BKL,OH,AGL,CE,Federal Contract Tower,0,5,7,0,12,0,0,0,0,0,0,5,7,0,12,0,0,0,12
01/30/2023,BKL,OH,AGL,CE,Federal Contract Tower,0,5,10,0,15,0,0,2,0,2,0,5,12,0,17,0,0,0,17
01/31/2023,BKL,OH,AGL,CE,Federal Contract Tower,0,16,10,0,26,0,13,11,0,24,0,29,21,0,50,0,0,0,50
02/01/2023,BKL,OH,AGL,CE,Federal Contract Tower,0,12,15,0,27,0,29,32,0,61,0,41,47,0,88,14,0,14,102
02/02/2023,BKL,OH,AGL,CE,Federal Contract Tower,0,16,33,1,50,0,43,68,0,111,0,59,101,1,161,10,0,10,171
02/03/2023,BKL,OH,AGL,CE,Federal Contract Tower,0,6,12,0,18,0,5,2,0,7,0,11,14,0,25,0,0,0,25
02/04/2023,BKL,OH,AGL,CE,Federal Contract Tower,0,9,4,0,13,0,9,26,0,35,0,18,30,0,48,4,0,4,52
02/05/2023,BKL,OH,AGL,CE,Federal Contract Tower,0,4,7,0,11,0,13,26,2,41,0,17,33,2,52,2,0,2,54
02/06/2023,BKL,OH,AGL,CE,Federal Contract Tower,0,14,14,0,28,0,31,20,3,54,0,45,34,3,82,36,0,36,118
02/07/2023,BKL,OH,AGL,CE,Federal Contract Tower,0,12,23,0,35,0,46,27,0,73,0,58,50,0,108,22,0,22,130
02/08/2023,BKL,OH,AGL,CE,Federal Contract Tower,0,13,14,2,29,0,31,60,0,91,0,44,74,2,120,48,0,48,168
02/09/2023,BKL,OH,AGL,CE,Federal Contract Tower,0,13,18,0,31,0,4,2,0,6,0,17,20,0,37,0,0,0,37
02/10/2023,BKL,OH,AGL,CE,Federal Contract Tower,0,12,9,0,21,0,8,7,0,15,0,20,16,0,36,4,0,4,40
02/11/2023,BKL,OH,AGL,CE,Federal Contract Tower,0,11,15,0,26,0,20,54,0,74,0,31,69,0,100,44,0,44,144
02/12/2023,BKL,OH,AGL,CE,Federal Contract Tower,0,7,17,0,24,0,15,79,0,94,0,22,96,0,118,48,0,48,166
02/13/2023,BKL,OH,AGL,CE,Federal Contract Tower,0,15,16,0,31,0,22,35,0,57,0,37,51,0,88,12,0,12,100
02/14/2023,BKL,OH,AGL,CE,Federal Contract Tower,0,15,7,1,23,0,51,42,0,93,0,66,49,1,116,10,2,12,128
02/15/2023,BKL,OH,AGL,CE,Federal Contract Tower,0,12,15,0,27,0,11,23,4,38,0,23,38,4,65,4,0,4,69
02/16/2023,BKL,OH,AGL,CE,Federal Contract Tower,0,9,10,0,19,0,2,9,0,11,0,11,19,0,30,26,0,26,56
02/17/2023,BKL,OH,AGL,CE,Federal Contract Tower,0,13,7,0,20,0,2,5,0,7,0,15,12,0,27,0,0,0,27
02/18/2023,BKL,OH,AGL,CE,Federal Contract Tower,0,5,6,1,12,0,3,25,10,38,0,8,31,11,50,12,0,12,62
02/19/2023,BKL,OH,AGL,CE,Federal Contract Tower,0,7,8,0,15,0,2,16,3,21,0,9,24,3,36,2,0,2,38
02/20/2023,BKL,OH,AGL,CE,Federal Contract Tower,0,7,11,0,18,0,12,58,0,70,0,19,69,0,88,50,0,50,138
02/21/2023,BKL,OH,AGL,CE,Federal Contract Tower,0,26,8,0,34,0,29,25,0,54,0,55,33,0,88,16,0,16,104
02/22/2023,BKL,OH,AGL,CE,Federal Contract Tower,0,12,6,0,18,0,14,2,2,18,0,26,8,2,36,0,0,0,36
02/23/2023,BKL,OH,AGL,CE,Federal Contract Tower,0,12,14,0,26,0,3,9,2,14,0,15,23,2,40,34,0,34,74
02/24/2023,BKL,OH,AGL,CE,Federal Contract Tower,0,2,14,3,19,0,25,15,0,40,0,27,29,3,59,12,0,12,71
02/25/2023,BKL,OH,AGL,CE,Federal Contract Tower,0,4,10,0,14,0,19,35,0,54,0,23,45,0,68,18,0,18,86
02/26/2023,BKL,OH,AGL,CE,Federal Contract Tower,0,10,4,0,14,0,16,68,0,84,0,26,72,0,98,54,0,54,152
02/27/2023,BKL,OH,AGL,CE,Federal Contract Tower,0,6,16,0,22,0,4,3,0,7,0,10,19,0,29,0,0,0,29
02/28/2023,BKL,OH,AGL,CE,Federal Contract Tower,0,15,12,0,27,0,2,22,0,24,0,17,34,0,51,0,0,0,51
03/01/2023,BKL,OH,AGL,CE,Federal Contract Tower,0,27,24,0,51,0,33,51,0,84,0,60,75,0,135,48,0,48,183
03/02/2023,BKL,OH,AGL,CE,Federal Contract Tower,0,19,19,1,39,0,12,12,0,24,0,31,31,1,63,14,0,14,77
03/03/2023,BKL,OH,AGL,CE,Federal Contract Tower,0,10,7,0,17,0,5,8,0,13,0,15,15,0,30,0,0,0,30
03/04/2023,BKL,OH,AGL,CE,Federal Contract Tower,0,9,3,0,12,0,15,23,0,38,0,24,26,0,50,12,0,12,62
03/05/2023,BKL,OH,AGL,CE,Federal Contract Tower,0,7,9,2,18,0,4,50,3,57,0,11,59,5,75,18,0,18,93
03/06/2023,BKL,OH,AGL,CE,Federal Contract Tower,0,9,13,0,22,0,22,21,0,43,0,31,34,0,65,22,0,22,87
03/07/2023,BKL,OH,AGL,CE,Federal Contract Tower,0,22,18,0,40,0,23,21,0,44,0,45,39,0,84,24,0,24,108
03/08/2023,BKL,OH,AGL,CE,Federal Contract Tower,0,17,17,0,34,0,21,25,2,48,0,38,42,2,82,54,0,54,136
03/09/2023,BKL,OH,AGL,CE,Federal Contract Tower,0,14,28,0,42,0,30,33,2,65,0,44,61,2,107,112,0,112,219
03/10/2023,BKL,OH,AGL,CE,Federal Contract Tower,0,4,7,0,11,0,5,9,0,14,0,9,16,0,25,0,0,0,25
03/11/2023,BKL,OH,AGL,CE,Federal Contract Tower,0,4,6,0,10,0,9,37,0,46,0,13,43,0,56,93,0,93,149
03/12/2023,BKL,OH,AGL,CE,Federal Contract Tower,0,5,7,0,12,0,22,15,0,37,0,27,22,0,49,0,0,0,49
03/13/2023,BKL,OH,AGL,CE,Federal Contract Tower,0,8,7,0,15,0,4,0,0,4,0,12,7,0,19,0,0,0,19
03/14/2023,BKL,OH,AGL,CE,Federal Contract Tower,0,8,10,0,18,0,0,0,0,0,0,8,10,0,18,0,0,0,18
03/15/2023,BKL,OH,AGL,CE,Federal Contract Tower,0,11,13,0,24,0,21,36,0,57,0,32,49,0,81,32,0,32,113
03/16/2023,BKL,OH,AGL,CE,Federal Contract Tower,0,9,17,1,27,0,27,23,0,50,0,36,40,1,77,22,0,22,99
03/17/2023,BKL,OH,AGL,CE,Federal Contract Tower,0,14,9,0,23,0,28,3,2,33,0,42,12,2,56,4,0,4,60
03/18/2023,BKL,OH,AGL,CE,Federal Contract Tower,0,14,6,0,20,0,5,5,0,10,0,19,11,0,30,2,0,2,32
03/19/2023,BKL,OH,AGL,CE,Federal Contract Tower,0,5,8,0,13,0,1,12,0,13,0,6,20,0,26,0,0,0,26
03/20/2023,BKL,OH,AGL,CE,Federal Contract Tower,0,3,17,1,21,0,11,16,0,27,0,14,33,1,48,0,0,0,48
03/21/2023,BKL,OH,AGL,CE,Federal Contract Tower,0,18,19,0,37,0,19,70,0,89,0,37,89,0,126,58,0,58,184
03/22/2023,BKL,OH,AGL,CE,Federal Contract Tower,0,11,22,0,33,0,40,28,0,68,0,51,50,0,101,10,0,10,111
03/23/2023,BKL,OH,AGL,CE,Federal Contract Tower,0,4,3,0,7,0,0,0,0,0,0,4,3,0,7,0,0,0,7
03/24/2023,BKL,OH,AGL,CE,Federal Contract Tower,0,2,10,1,13,0,18,41,0,59,0,20,51,1,72,26,0,26,98
03/25/2023,BKL,OH,AGL,CE,Federal Contract Tower,0,3,8,0,11,0,6,0,0,6,0,9,8,0,17,0,0,0,17
03/26/2023,BKL,OH,AGL,CE,Federal Contract Tower,0,9,9,0,18,0,10,46,0,56,0,19,55,0,74,30,0,30,104
03/27/2023,BKL,OH,AGL,CE,Federal Contract Tower,0,11,11,0,22,0,1,3,0,4,0,12,14,0,26,8,0,8,34
03/28/2023,BKL,OH,AGL,CE,Federal Contract Tower,0,12,25,0,37,0,22,38,0,60,0,34,63,0,97,50,0,50,147
03/29/2023,BKL,OH,AGL,CE,Federal Contract Tower,0,15,16,0,31,0,12,10,0,22,0,27,26,0,53,66,0,66,119
03/30/2023,BKL,OH,AGL,CE,Federal Contract Tower,0,9,14,0,23,0,26,62,2,90,0,35,76,2,113,86,0,86,199
03/31/2023,BKL,OH,AGL,CE,Federal Contract Tower,0,8,7,5,20,0,9,15,0,24,0,17,22,5,44,0,0,0,44
04/01/2023,BKL,OH,AGL,CE,Federal Contract Tower,0,7,12,0,19,0,4,1,0,5,0,11,13,0,24,0,0,0,24
04/02/2023,BKL,OH,AGL,CE,Federal Contract Tower,0,18,12,3,33,0,19,52,2,73,0,37,64,5,106,66,0,66,172
04/03/2023,BKL,OH,AGL,CE,Federal Contract Tower,0,8,14,0,22,0,35,29,0,64,0,43,43,0,86,42,0,42,128
04/04/2023,BKL,OH,AGL,CE,Federal Contract Tower,0,21,13,0,34,0,25,34,0,59,0,46,47,0,93,44,0,44,137
04/05/2023,BKL,OH,AGL,CE,Federal Contract Tower,0,17,12,0,29,0,21,10,0,31,0,38,22,0,60,24,0,24,84
04/06/2023,BKL,OH,AGL,CE,Federal Contract Tower,2,29,20,4,55,0,30,48,0,78,2,59,68,4,133,42,0,42,175
04/07/2023,BKL,OH,AGL,CE,Federal Contract Tower,0,15,21,0,36,0,12,33,0,45,0,27,54,0,81,38,0,38,119
04/08/2023,BKL,OH,AGL,CE,Federal Contract Tower,0,7,4,0,11,0,20,61,0,81,0,27,65,0,92,70,0,70,162
04/09/2023,BKL,OH,AGL,CE,Federal Contract Tower,1,13,4,0,18,0,8,25,0,33,1,21,29,0,51,0,0,0,51
04/10/2023,BKL,OH,AGL,CE,Federal Contract Tower,0,21,22,0,43,0,15,31,0,46,0,36,53,0,89,40,0,40,129
04/11/2023,BKL,OH,AGL,CE,Federal Contract Tower,0,18,20,0,38,0,42,44,1,87,0,60,64,1,125,32,2,34,159
04/12/2023,BKL,OH,AGL,CE,Federal Contract Tower,2,12,11,10,35,0,37,44,0,81,2,49,55,10,116,6,0,6,122
04/13/2023,BKL,OH,AGL,CE,Federal Contract Tower,0,18,13,0,31,0,30,58,0,88,0,48,71,0,119,38,0,38,157
04/14/2023,BKL,OH,AGL,CE,Federal Contract Tower,0,9,28,0,37,0,35,51,3,89,0,44,79,3,126,34,0,34,160
04/15/2023,BKL,OH,AGL,CE,Federal Contract Tower,0,14,16,0,30,0,35,83,0,118,0,49,99,0,148,28,0,28,176
04/16/2023,BKL,OH,AGL,CE,Federal Contract Tower,0,18,10,0,28,0,10,16,6,32,0,28,26,6,60,0,0,0,60
04/17/2023,BKL,OH,AGL,CE,Federal Contract Tower,0,17,17,0,34,0,8,2,0,10,0,25,19,0,44,0,0,0,44
04/18/2023,BKL,OH,AGL,CE,Federal Contract Tower,0,20,20,0,40,0,14,29,1,44,0,34,49,1,84,18,0,18,102
04/19/2023,BKL,OH,AGL,CE,Federal Contract Tower,0,9,30,1,40,0,33,66,0,99,0,42,96,1,139,24,0,24,163
04/20/2023,BKL,OH,AGL,CE,Federal Contract Tower,1,5,25,6,37,0,25,53,0,78,1,30,78,6,115,24,0,24,139
04/21/2023,BKL,OH,AGL,CE,Federal Contract Tower,0,8,10,0,18,0,17,22,0,39,0,25,32,0,57,32,0,32,89
04/22/2023,BKL,OH,AGL,CE,Federal Contract Tower,0,7,9,0,16,0,2,4,0,6,0,9,13,0,22,0,0,0,22
04/23/2023,BKL,OH,AGL,CE,Federal Contract Tower,1,10,7,0,18,0,10,39,0,49,1,20,46,0,67,10,0,10,77
04/24/2023,BKL,OH,AGL,CE,Federal Contract Tower,0,11,25,0,36,0,23,27,0,50,0,34,52,0,86,0,0,0,86
04/25/2023,BKL,OH,AGL,CE,Federal Contract Tower,0,19,15,1,35,0,26,29,0,55,0,45,44,1,90,38,0,38,128
04/26/2023,BKL,OH,AGL,CE,Federal Contract Tower,0,10,37,0,47,0,11,32,0,43,0,21,69,0,90,4,0,4,94
04/27/2023,BKL,OH,AGL,CE,Federal Contract Tower,0,18,24,0,42,0,35,50,0,85,0,53,74,0,127,52,0,52,179
04/28/2023,BKL,OH,AGL,CE,Federal Contract Tower,0,15,9,3,27,0,7,3,0,10,0,22,12,3,37,4,0,4,41
04/29/2023,BKL,OH,AGL,CE,Federal Contract Tower,0,7,7,0,14,0,14,25,1,40,0,21,32,1,54,40,0,40,94
04/30/2023,BKL,OH,AGL,CE,Federal Contract Tower,0,8,9,0,17,0,10,8,1,19,0,18,17,1,36,8,0,8,44
05/01/2023,BKL,OH,AGL,CE,Federal Contract Tower,0,7,4,0,11,0,1,0,0,1,0,8,4,0,12,0,0,0,12
05/02/2023,BKL,OH,AGL,CE,Federal Contract Tower,0,8,10,2,20,0,0,0,0,0,0,8,10,2,20,0,0,0,20
05/03/2023,BKL,OH,AGL,CE,Federal Contract Tower,0,13,18,0,31,0,2,4,0,6,0,15,22,0,37,0,0,0,37
05/04/2023,BKL,OH,AGL,CE,Federal Contract Tower,1,19,20,0,40,0,13,56,0,69,1,32,76,0,109,40,0,40,149
05/05/2023,BKL,OH,AGL,CE,Federal Contract Tower,0,11,10,5,26,0,32,44,0,76,0,43,54,5,102,18,0,18,120
05/06/2023,BKL,OH,AGL,CE,Federal Contract Tower,0,6,9,0,15,0,19,57,0,76,0,25,66,0,91,18,0,18,109
05/07/2023,BKL,OH,AGL,CE,Federal Contract Tower,1,15,15,0,31,0,12,27,0,39,1,27,42,0,70,0,0,0,70
05/08/2023,BKL,OH,AGL,CE,Federal Contract Tower,0,18,16,0,34,0,31,36,0,67,0,49,52,0,101,0,0,0,101
05/09/2023,BKL,OH,AGL,CE,Federal Contract Tower,0,19,29,1,49,0,28,44,1,73,0,47,73,2,122,0,0,0,122
05/10/2023,BKL,OH,AGL,CE,Federal Contract Tower,2,15,37,0,54,0,12,58,0,70,2,27,95,0,124,14,0,14,138
05/11/2023,BKL,OH,AGL,CE,Federal Contract Tower,0,16,25,4,45,0,15,56,8,79,0,31,81,12,124,56,0,56,180
05/12/2023,BKL,OH,AGL,CE,Federal Contract Tower,0,9,32,0,41,0,23,42,0,65,0,32,74,0,106,12,0,12,118
05/13/2023,BKL,OH,AGL,CE,Federal Contract Tower,0,6,4,0,10,0,15,39,0,54,0,21,43,0,64,76,0,76,140
05/14/2023,BKL,OH,AGL,CE,Federal Contract Tower,0,12,8,0,20,0,13,34,0,47,0,25,42,0,67,12,0,12,79
05/15/2023,BKL,OH,AGL,CE,Federal Contract Tower,0,11,29,0,40,0,27,63,0,90,0,38,92,0,130,54,0,54,184
05/16/2023,BKL,OH,AGL,CE,Federal Contract Tower,0,6,16,1,23,0,13,42,1,56,0,19,58,2,79,44,0,44,123
05/17/2023,BKL,OH,AGL,CE,Federal Contract Tower,0,13,12,0,25,0,14,61,0,75,0,27,73,0,100,64,0,64,164
05/18/2023,BKL,OH,AGL,CE,Federal Contract Tower,0,21,24,2,47,0,38,50,0,88,0,59,74,2,135,16,0,16,151
05/19/2023,BKL,OH,AGL,CE,Federal Contract Tower,0,14,21,0,35,0,19,58,0,77,0,33,79,0,112,42,0,42,154
05/20/2023,BKL,OH,AGL,CE,Federal Contract Tower,0,7,7,1,15,0,20,25,1,46,0,27,32,2,61,64,2,66,127
05/21/2023,BKL,OH,AGL,CE,Federal Contract Tower,2,14,10,0,26,0,15,58,0,73,2,29,68,0,99,26,0,26,125
05/22/2023,BKL,OH,AGL,CE,Federal Contract Tower,0,20,23,0,43,0,16,55,0,71,0,36,78,0,114,8,0,8,122
05/23/2023,BKL,OH,AGL,CE,Federal Contract Tower,0,19,19,0,38,0,28,79,0,107,0,47,98,0,145,38,0,38,183
05/24/2023,BKL,OH,AGL,CE,Federal Contract Tower,2,16,34,2,54,0,64,45,0,109,2,80,79,2,163,28,0,28,191
05/25/2023,BKL,OH,AGL,CE,Federal Contract Tower,2,17,21,4,44,0,17,66,0,83,2,34,87,4,127,6,0,6,133
05/26/2023,BKL,OH,AGL,CE,Federal Contract Tower,0,10,20,2,32,0,26,53,0,79,0,36,73,2,111,38,0,38,149
05/27/2023,BKL,OH,AGL,CE,Federal Contract Tower,0,14,5,0,19,0,16,40,0,56,0,30,45,0,75,0,0,0,75
05/28/2023,BKL,OH,AGL,CE,Federal Contract Tower,2,5,10,0,17,0,8,64,0,72,2,13,74,0,89,8,0,8,97
05/29/2023,BKL,OH,AGL,CE,Federal Contract Tower,0,20,17,0,37,0,33,38,0,71,0,53,55,0,108,10,0,10,118
05/30/2023,BKL,OH,AGL,CE,Federal Contract Tower,0,19,23,0,42,0,25,60,0,85,0,44,83,0,127,86,0,86,213
05/31/2023,BKL,OH,AGL,CE,Federal Contract Tower,0,20,25,3,48,0,27,42,1,70,0,47,67,4,118,84,0,84,202
06/01/2023,BKL,OH,AGL,CE,Federal Contract Tower,0,14,28,1,43,0,12,72,0,84,0,26,100,1,127,70,0,70,197
06/02/2023,BKL,OH,AGL,CE,Federal Contract Tower,0,15,18,4,37,0,16,52,0,68,0,31,70,4,105,30,0,30,135
06/03/2023,BKL,OH,AGL,CE,Federal Contract Tower,0,10,11,0,21,0,26,43,0,69,0,36,54,0,90,28,0,28,118
06/04/2023,BKL,OH,AGL,CE,Federal Contract Tower,0,6,15,2,23,0,0,0,0,0,0,6,15,2,23,20,0,20,43
06/05/2023,BKL,OH,AGL,CE,Federal Contract Tower,2,24,17,2,45,0,28,47,3,78,2,52,64,5,123,70,6,76,199
06/06/2023,BKL,OH,AGL,CE,Federal Contract Tower,0,22,26,0,48,0,21,48,0,69,0,43,74,0,117,42,0,42,159
06/07/2023,BKL,OH,AGL,CE,Federal Contract Tower,0,21,23,0,44,0,23,44,0,67,0,44,67,0,111,0,0,0,111
06/08/2023,BKL,OH,AGL,CE,Federal Contract Tower,2,34,26,0,62,0,12,27,0,39,2,46,53,0,101,0,0,0,101
06/09/2023,BKL,OH,AGL,CE,Federal Contract Tower,0,13,17,3,33,0,13,71,0,84,0,26,88,3,117,12,0,12,129
06/10/2023,BKL,OH,AGL,CE,Federal Contract Tower,0,10,7,0,17,0,19,46,2,67,0,29,53,2,84,30,0,30,114
06/11/2023,BKL,OH,AGL,CE,Federal Contract Tower,2,3,14,0,19,0,4,34,0,38,2,7,48,0,57,42,0,42,99
06/12/2023,BKL,OH,AGL,CE,Federal Contract Tower,0,7,24,2,33,0,20,19,0,39,0,27,43,2,72,42,0,42,114
06/13/2023,BKL,OH,AGL,CE,Federal Contract Tower,0,31,11,1,43,0,24,19,2,45,0,55,30,3,88,32,0,32,120
06/14/2023,BKL,OH,AGL,CE,Federal Contract Tower,0,22,23,0,45,0,19,44,0,63,0,41,67,0,108,90,2,92,200
06/15/2023,BKL,OH,AGL,CE,Federal Contract Tower,0,19,16,0,35,0,29,33,2,64,0,48,49,2,99,52,0,52,151
06/16/2023,BKL,OH,AGL,CE,Federal Contract Tower,0,12,12,2,26,0,14,25,0,39,0,26,37,2,65,24,0,24,89
06/17/2023,BKL,OH,AGL,CE,Federal Contract Tower,0,14,18,0,32,0,24,52,0,76,0,38,70,0,108,24,0,24,132
06/18/2023,BKL,OH,AGL,CE,Federal Contract Tower,0,5,10,0,15,0,28,36,0,64,0,33,46,0,79,46,0,46,125
06/19/2023,BKL,OH,AGL,CE,Federal Contract Tower,0,12,16,0,28,0,24,59,0,83,0,36,75,0,111,76,0,76,187
06/20/2023,BKL,OH,AGL,CE,Federal Contract Tower,0,24,18,1,43,0,34,54,0,88,0,58,72,1,131,46,0,46,177
06/21/2023,BKL,OH,AGL,CE,Federal Contract Tower,0,15,23,0,38,0,28,66,0,94,0,43,89,0,132,76,0,76,208
06/22/2023,BKL,OH,AGL,CE,Federal Contract Tower,3,27,35,4,69,0,7,58,0,65,3,34,93,4,134,24,0,24,158
06/23/2023,BKL,OH,AGL,CE,Federal Contract Tower,0,29,27,0,56,0,24,3,0,27,0,53,30,0,83,0,0,0,83
06/24/2023,BKL,OH,AGL,CE,Federal Contract Tower,0,19,9,2,30,0,5,7,0,12,0,24,16,2,42,2,0,2,44
06/25/2023,BKL,OH,AGL,CE,Federal Contract Tower,2,3,15,0,20,0,5,18,0,23,2,8,33,0,43,48,0,48,91
06/26/2023,BKL,OH,AGL,CE,Federal Contract Tower,0,11,5,0,16,0,5,0,0,5,0,16,5,0,21,2,0,2,23
06/27/2023,BKL,OH,AGL,CE,Federal Contract Tower,0,24,22,1,47,0,0,0,0,0,0,24,22,1,47,0,0,0,47
06/28/2023,BKL,OH,AGL,CE,Federal Contract Tower,0,21,23,8,52,0,0,0,0,0,0,21,23,8,52,0,0,0,52
06/29/2023,BKL,OH,AGL,CE,Federal Contract Tower,0,26,29,0,55,0,6,5,0,11,0,32,34,0,66,0,0,0,66
06/30/2023,BKL,OH,AGL,CE,Federal Contract Tower,0,16,22,0,38,0,39,44,0,83,0,55,66,0,121,96,0,96,217
07/01/2023,BKL,OH,AGL,CE,Federal Contract Tower,0,7,10,0,17,0,8,18,0,26,0,15,28,0,43,10,0,10,53
07/02/2023,BKL,OH,AGL,CE,Federal Contract Tower,1,4,19,0,24,0,9,16,0,25,1,13,35,0,49,14,0,14,63
07/03/2023,BKL,OH,AGL,CE,Federal Contract Tower,0,7,14,0,21,0,34,26,0,60,0,41,40,0,81,14,0,14,95
07/04/2023,BKL,OH,AGL,CE,Federal Contract Tower,0,6,9,0,15,0,24,42,0,66,0,30,51,0,81,60,0,60,141
07/05/2023,BKL,OH,AGL,CE,Federal Contract Tower,0,17,12,2,31,0,0,0,0,0,0,17,12,2,31,72,0,72,103
07/06/2023,BKL,OH,AGL,CE,Federal Contract Tower,3,17,6,0,26,0,16,17,0,33,3,33,23,0,59,14,0,14,73
07/07/2023,BKL,OH,AGL,CE,Federal Contract Tower,0,18,18,0,36,0,27,52,1,80,0,45,70,1,116,94,0,94,210
07/08/2023,BKL,OH,AGL,CE,Federal Contract Tower,0,14,6,0,20,0,8,28,0,36,0,22,34,0,56,50,0,50,106
07/09/2023,BKL,OH,AGL,CE,Federal Contract Tower,2,8,13,0,23,0,0,0,0,0,2,8,13,0,23,14,0,14,37
07/10/2023,BKL,OH,AGL,CE,Federal Contract Tower,0,12,19,0,31,0,40,64,2,106,0,52,83,2,137,96,0,96,233
07/11/2023,BKL,OH,AGL,CE,Federal Contract Tower,0,11,15,0,26,0,26,47,2,75,0,37,62,2,101,74,0,74,175
07/12/2023,BKL,OH,AGL,CE,Federal Contract Tower,0,23,23,2,48,0,5,10,0,15,0,28,33,2,63,40,0,40,103
07/13/2023,BKL,OH,AGL,CE,Federal Contract Tower,0,19,26,0,45,0,21,46,0,67,0,40,72,0,112,124,0,124,236
07/14/2023,BKL,OH,AGL,CE,Federal Contract Tower,0,16,10,0,26,0,58,77,2,137,0,74,87,2,163,114,0,114,277
07/15/2023,BKL,OH,AGL,CE,Federal Contract Tower,0,13,15,0,28,0,0,23,0,23,0,13,38,0,51,12,0,12,63
07/16/2023,BKL,OH,AGL,CE,Federal Contract Tower,0,6,29,0,35,0,15,18,0,33,0,21,47,0,68,22,0,22,90
07/17/2023,BKL,OH,AGL,CE,Federal Contract Tower,0,17,14,0,31,0,5,9,0,14,0,22,23,0,45,4,0,4,49
07/18/2023,BKL,OH,AGL,CE,Federal Contract Tower,0,8,30,0,38,0,33,55,0,88,0,41,85,0,126,126,0,126,252
07/19/2023,BKL,OH,AGL,CE,Federal Contract Tower,0,14,15,0,29,0,17,56,0,73,0,31,71,0,102,46,0,46,148
07/20/2023,BKL,OH,AGL,CE,Federal Contract Tower,1,25,19,0,45,0,10,32,0,42,1,35,51,0,87,80,0,80,167
07/21/2023,BKL,OH,AGL,CE,Federal Contract Tower,0,9,29,0,38,0,6,41,0,47,0,15,70,0,85,54,0,54,139
07/22/2023,BKL,OH,AGL,CE,Federal Contract Tower,0,8,16,0,24,0,55,76,0,131,0,63,92,0,155,62,0,62,217
07/23/2023,BKL,OH,AGL,CE,Federal Contract Tower,2,14,26,0,42,0,3,39,0,42,2,17,65,0,84,50,0,50,134
07/24/2023,BKL,OH,AGL,CE,Federal Contract Tower,0,7,16,2,25,0,25,68,3,96,0,32,84,5,121,70,0,70,191
07/25/2023,BKL,OH,AGL,CE,Federal Contract Tower,0,21,14,2,37,0,13,24,0,37,0,34,38,2,74,18,0,18,92
07/26/2023,BKL,OH,AGL,CE,Federal Contract Tower,0,20,18,0,38,0,13,12,0,25,0,33,30,0,63,0,0,0,63
07/27/2023,BKL,OH,AGL,CE,Federal Contract Tower,0,6,23,0,29,0,12,23,1,36,0,18,46,1,65,70,0,70,135
07/28/2023,BKL,OH,AGL,CE,Federal Contract Tower,0,8,10,0,18,0,18,31,1,50,0,26,41,1,68,96,0,96,164
07/29/2023,BKL,OH,AGL,CE,Federal Contract Tower,0,15,15,0,30,0,43,26,0,69,0,58,41,0,99,18,0,18,117
07/30/2023,BKL,OH,AGL,CE,Federal Contract Tower,0,17,16,2,35,0,29,62,0,91,0,46,78,2,126,44,4,48,174
07/31/2023,BKL,OH,AGL,CE,Federal Contract Tower,0,11,11,2,24,0,31,46,2,79,0,42,57,4,103,36,14,50,153
08/01/2023,BKL,OH,AGL,CE,Federal Contract Tower,0,11,16,2,29,0,29,42,2,73,0,40,58,4,102,66,0,66,168
08/02/2023,BKL,OH,AGL,CE,Federal Contract Tower,0,10,23,5,38,0,23,48,0,71,0,33,71,5,109,72,0,72,181
08/03/2023,BKL,OH,AGL,CE,Federal Contract Tower,2,18,14,4,38,0,30,48,0,78,2,48,62,4,116,52,0,52,168
08/04/2023,BKL,OH,AGL,CE,Federal Contract Tower,0,12,25,2,39,0,29,42,0,71,0,41,67,2,110,60,0,60,170
08/05/2023,BKL,OH,AGL,CE,Federal Contract Tower,0,3,9,0,12,0,42,46,0,88,0,45,55,0,100,42,0,42,142
08/06/2023,BKL,OH,AGL,CE,Federal Contract Tower,3,10,17,0,30,0,27,17,0,44,3,37,34,0,74,0,0,0,74
08/07/2023,BKL,OH,AGL,CE,Federal Contract Tower,0,26,10,0,36,0,1,6,0,7,0,27,16,0,43,0,0,0,43
08/08/2023,BKL,OH,AGL,CE,Federal Contract Tower,0,27,25,1,53,0,24,46,0,70,0,51,71,1,123,46,0,46,169
08/09/2023,BKL,OH,AGL,CE,Federal Contract Tower,0,20,24,0,44,0,35,57,0,92,0,55,81,0,136,84,0,84,220
08/10/2023,BKL,OH,AGL,CE,Federal Contract Tower,0,1,16,13,30,0,17,31,0,48,0,18,47,13,78,10,0,10,88
08/11/2023,BKL,OH,AGL,CE,Federal Contract Tower,0,11,20,2,33,0,21,53,0,74,0,32,73,2,107,44,2,46,153
08/12/2023,BKL,OH,AGL,CE,Federal Contract Tower,0,14,13,0,27,0,8,32,0,40,0,22,45,0,67,36,0,36,103
08/13/2023,BKL,OH,AGL,CE,Federal Contract Tower,0,9,15,0,24,0,30,76,0,106,0,39,91,0,130,70,0,70,200
08/14/2023,BKL,OH,AGL,CE,Federal Contract Tower,0,6,20,2,28,0,12,20,2,34,0,18,40,4,62,54,0,54,116
08/15/2023,BKL,OH,AGL,CE,Federal Contract Tower,0,14,15,0,29,0,28,40,0,68,0,42,55,0,97,70,0,70,167
08/16/2023,BKL,OH,AGL,CE,Federal Contract Tower,2,14,18,2,36,0,11,48,0,59,2,25,66,2,95,88,0,88,183
08/17/2023,BKL,OH,AGL,CE,Federal Contract Tower,0,40,18,0,58,0,16,25,7,48,0,56,43,7,106,36,0,36,142
08/18/2023,BKL,OH,AGL,CE,Federal Contract Tower,0,21,10,0,31,0,11,15,5,31,0,32,25,5,62,10,0,10,72
08/19/2023,BKL,OH,AGL,CE,Federal Contract Tower,0,8,9,0,17,0,27,40,0,67,0,35,49,0,84,14,0,14,98
08/20/2023,BKL,OH,AGL,CE,Federal Contract Tower,2,10,6,0,18,0,33,61,0,94,2,43,67,0,112,12,0,12,124
08/21/2023,BKL,OH,AGL,CE,Federal Contract Tower,1,15,13,2,31,0,18,12,0,30,1,33,25,2,61,8,0,8,69
08/22/2023,BKL,OH,AGL,CE,Federal Contract Tower,0,14,17,2,33,0,28,72,1,101,0,42,89,3,134,54,0,54,188
08/23/2023,BKL,OH,AGL,CE,Federal Contract Tower,0,16,21,0,37,0,5,9,0,14,0,21,30,0,51,0,0,0,51
08/24/2023,BKL,OH,AGL,CE,Federal Contract Tower,0,13,18,0,31,0,12,16,0,28,0,25,34,0,59,0,0,0,59
08/25/2023,BKL,OH,AGL,CE,Federal Contract Tower,0,13,31,0,44,0,18,3,0,21,0,31,34,0,65,0,0,0,65
08/26/2023,BKL,OH,AGL,CE,Federal Contract Tower,0,9,9,0,18,0,21,38,0,59,0,30,47,0,77,20,0,20,97
08/27/2023,BKL,OH,AGL,CE,Federal Contract Tower,0,12,20,2,34,0,20,18,0,38,0,32,38,2,72,8,2,10,82
08/28/2023,BKL,OH,AGL,CE,Federal Contract Tower,0,18,27,0,45,0,42,40,0,82,0,60,67,0,127,0,0,0,127
08/29/2023,BKL,OH,AGL,CE,Federal Contract Tower,0,11,19,6,36,0,19,26,0,45,0,30,45,6,81,16,0,16,97
08/30/2023,BKL,OH,AGL,CE,Federal Contract Tower,0,13,25,0,38,0,7,6,0,13,0,20,31,0,51,0,0,0,51
08/31/2023,BKL,OH,AGL,CE,Federal Contract Tower,2,21,8,16,47,0,12,4,13,29,2,33,12,29,76,2,2,4,80
