01/01/2020,CGF,OH,AGL,CE,Federal Contract Tower,0,4,4,0,8,0,0,17,0,17,0,4,21,0,25,18,0,18,43
01/02/2020,CGF,OH,AGL,CE,Federal Contract Tower,0,8,10,0,18,0,0,4,0,4,0,8,14,0,22,4,0,4,26
01/03/2020,CGF,OH,AGL,CE,Federal Contract Tower,0,11,8,0,19,0,0,0,0,0,0,11,8,0,19,0,0,0,19
01/04/2020,CGF,OH,AGL,CE,Federal Contract Tower,0,3,8,0,11,0,0,0,0,0,0,3,8,0,11,0,0,0,11
01/05/2020,CGF,OH,AGL,CE,Federal Contract Tower,0,17,15,0,32,0,0,6,0,6,0,17,21,0,38,22,0,22,60
01/06/2020,CGF,OH,AGL,CE,Federal Contract Tower,0,13,20,0,33,0,0,20,0,20,0,13,40,0,53,14,0,14,67
01/07/2020,CGF,OH,AGL,CE,Federal Contract Tower,0,12,20,0,32,0,0,31,0,31,0,12,51,0,63,12,0,12,75
01/08/2020,CGF,OH,AGL,CE,Federal Contract Tower,0,14,11,0,25,0,0,8,0,8,0,14,19,0,33,0,0,0,33
01/09/2020,CGF,OH,AGL,CE,Federal Contract Tower,0,4,25,0,29,0,0,7,0,7,0,4,32,0,36,0,0,0,36
01/10/2020,CGF,OH,AGL,CE,Federal Contract Tower,0,9,16,0,25,0,0,0,0,0,0,9,16,0,25,0,0,0,25
01/11/2020,CGF,OH,AGL,CE,Federal Contract Tower,0,6,3,0,9,0,0,0,0,0,0,6,3,0,9,0,0,0,9
01/12/2020,CGF,OH,AGL,CE,Federal Contract Tower,0,14,14,0,28,0,0,5,0,5,0,14,19,0,33,8,0,8,41
01/13/2020,CGF,OH,AGL,CE,Federal Contract Tower,0,11,13,0,24,0,0,1,0,1,0,11,14,0,25,0,0,0,25
01/14/2020,CGF,OH,AGL,CE,Federal Contract Tower,0,11,17,0,28,0,0,5,0,5,0,11,22,0,33,0,0,0,33
01/15/2020,CGF,OH,AGL,CE,Federal Contract Tower,0,6,13,0,19,0,0,15,0,15,0,6,28,0,34,12,0,12,46
01/16/2020,CGF,OH,AGL,CE,Federal Contract Tower,0,8,9,0,17,0,0,0,0,0,0,8,9,0,17,2,0,2,19
01/17/2020,CGF,OH,AGL,CE,Federal Contract Tower,0,14,6,0,20,0,0,13,0,13,0,14,19,0,33,20,0,20,53
01/18/2020,CGF,OH,AGL,CE,Federal Contract Tower,0,4,3,0,7,0,0,0,0,0,0,4,3,0,7,0,0,0,7
01/19/2020,CGF,OH,AGL,CE,Federal Contract Tower,0,6,4,0,10,0,0,0,0,0,0,6,4,0,10,0,0,0,10
01/20/2020,CGF,OH,AGL,CE,Federal Contract Tower,0,6,23,0,29,0,0,0,0,0,0,6,23,0,29,0,0,0,29
01/21/2020,CGF,OH,AGL,CE,Federal Contract Tower,0,6,17,0,23,0,0,3,0,3,0,6,20,0,26,4,0,4,30
01/22/2020,CGF,OH,AGL,CE,Federal Contract Tower,0,5,14,0,19,0,0,15,0,15,0,5,29,0,34,14,0,14,48
01/23/2020,CGF,OH,AGL,CE,Federal Contract Tower,0,11,26,0,37,0,0,25,0,25,0,11,51,0,62,18,0,18,80
01/24/2020,CGF,OH,AGL,CE,Federal Contract Tower,0,14,17,0,31,0,0,3,0,3,0,14,20,0,34,0,0,0,34
01/25/2020,CGF,OH,AGL,CE,Federal Contract Tower,0,4,9,0,13,0,0,2,0,2,0,4,11,0,15,0,0,0,15
01/26/2020,CGF,OH,AGL,CE,Federal Contract Tower,0,11,16,0,27,0,0,4,0,4,0,11,20,0,31,0,0,0,31
01/27/2020,CGF,OH,AGL,CE,Federal Contract Tower,0,13,12,0,25,0,0,0,0,0,0,13,12,0,25,0,0,0,25
01/28/2020,CGF,OH,AGL,CE,Federal Contract Tower,0,20,5,0,25,0,0,0,0,0,0,20,5,0,25,0,0,0,25
01/29/2020,CGF,OH,AGL,CE,Federal Contract Tower,0,12,11,0,23,0,0,10,0,10,0,12,21,0,33,34,0,34,67
01/30/2020,CGF,OH,AGL,CE,Federal Contract Tower,0,16,17,2,35,0,0,6,0,6,0,16,23,2,41,10,0,10,51
01/31/2020,CGF,OH,AGL,CE,Federal Contract Tower,0,14,11,0,25,0,0,7,0,7,0,14,18,0,32,6,0,6,38
02/01/2020,CGF,OH,AGL,CE,Federal Contract Tower,0,9,6,0,15,0,0,9,0,9,0,9,15,0,24,12,0,12,36
02/02/2020,CGF,OH,AGL,CE,Federal Contract Tower,0,8,4,0,12,0,0,7,0,7,0,8,11,0,19,2,0,2,21
02/03/2020,CGF,OH,AGL,CE,Federal Contract Tower,0,13,15,0,28,0,0,25,0,25,0,13,40,0,53,5,0,5,58
02/04/2020,CGF,OH,AGL,CE,Federal Contract Tower,0,14,14,0,28,0,0,2,0,2,0,14,16,0,30,0,0,0,30
02/05/2020,CGF,OH,AGL,CE,Federal Contract Tower,0,11,17,0,28,0,0,18,0,18,0,11,35,0,46,28,0,28,74
02/06/2020,CGF,OH,AGL,CE,Federal Contract Tower,0,9,11,0,20,0,0,0,0,0,0,9,11,0,20,0,0,0,20
02/07/2020,CGF,OH,AGL,CE,Federal Contract Tower,0,12,5,0,17,0,0,0,0,0,0,12,5,0,17,0,0,0,17
02/08/2020,CGF,OH,AGL,CE,Federal Contract Tower,0,5,5,0,10,0,0,5,0,5,0,5,10,0,15,12,0,12,27
02/09/2020,CGF,OH,AGL,CE,Federal Contract Tower,0,6,8,0,14,0,0,7,0,7,0,6,15,0,21,2,0,2,23
02/10/2020,CGF,OH,AGL,CE,Federal Contract Tower,0,8,23,0,31,0,0,0,0,0,0,8,23,0,31,0,0,0,31
02/11/2020,CGF,OH,AGL,CE,Federal Contract Tower,0,18,20,0,38,0,0,6,0,6,0,18,26,0,44,40,0,40,84
02/12/2020,CGF,OH,AGL,CE,Federal Contract Tower,0,9,22,0,31,0,0,29,0,29,0,9,51,0,60,16,0,16,76
02/13/2020,CGF,OH,AGL,CE,Federal Contract Tower,0,3,17,0,20,0,0,0,0,0,0,3,17,0,20,0,0,0,20
02/14/2020,CGF,OH,AGL,CE,Federal Contract Tower,0,12,14,0,26,0,2,10,0,12,0,14,24,0,38,6,0,6,44
02/15/2020,CGF,OH,AGL,CE,Federal Contract Tower,0,10,9,0,19,0,0,9,0,9,0,10,18,0,28,4,0,4,32
02/16/2020,CGF,OH,AGL,CE,Federal Contract Tower,0,10,17,0,27,0,0,21,0,21,0,10,38,0,48,12,0,12,60
02/17/2020,CGF,OH,AGL,CE,Federal Contract Tower,0,6,21,0,27,0,0,18,0,18,0,6,39,0,45,14,0,14,59
02/18/2020,CGF,OH,AGL,CE,Federal Contract Tower,0,11,10,0,21,0,0,1,0,1,0,11,11,0,22,0,0,0,22
02/19/2020,CGF,OH,AGL,CE,Federal Contract Tower,0,7,15,0,22,0,0,26,0,26,0,7,41,0,48,10,0,10,58
02/20/2020,CGF,OH,AGL,CE,Federal Contract Tower,0,19,25,0,44,0,0,10,0,10,0,19,35,0,54,99,0,99,153
02/21/2020,CGF,OH,AGL,CE,Federal Contract Tower,0,11,9,0,20,0,0,31,0,31,0,11,40,0,51,18,0,18,69
02/22/2020,CGF,OH,AGL,CE,Federal Contract Tower,0,9,5,0,14,0,0,33,0,33,0,9,38,0,47,0,0,0,47
02/23/2020,CGF,OH,AGL,CE,Federal Contract Tower,0,5,8,0,13,0,0,35,0,35,0,5,43,0,48,12,0,12,60
02/24/2020,CGF,OH,AGL,CE,Federal Contract Tower,0,8,21,0,29,0,0,14,0,14,0,8,35,0,43,11,0,11,54
02/25/2020,CGF,OH,AGL,CE,Federal Contract Tower,0,7,8,0,15,0,0,0,0,0,0,7,8,0,15,0,0,0,15
02/26/2020,CGF,OH,AGL,CE,Federal Contract Tower,0,8,13,0,21,0,0,0,0,0,0,8,13,0,21,0,0,0,21
02/27/2020,CGF,OH,AGL,CE,Federal Contract Tower,0,4,6,0,10,0,0,1,0,1,0,4,7,0,11,0,0,0,11
02/28/2020,CGF,OH,AGL,CE,Federal Contract Tower,0,9,6,0,15,0,0,0,0,0,0,9,6,0,15,24,0,24,39
02/29/2020,CGF,OH,AGL,CE,Federal Contract Tower,0,7,5,0,12,0,0,2,0,2,0,7,7,0,14,0,0,0,14
03/01/2020,CGF,OH,AGL,CE,Federal Contract Tower,0,14,11,0,25,0,0,26,0,26,0,14,37,0,51,6,0,6,57
03/02/2020,CGF,OH,AGL,CE,Federal Contract Tower,0,10,12,0,22,0,0,0,0,0,0,10,12,0,22,0,0,0,22
03/03/2020,CGF,OH,AGL,CE,Federal Contract Tower,0,17,18,0,35,0,0,6,0,6,0,17,24,0,41,0,0,0,41
03/04/2020,CGF,OH,AGL,CE,Federal Contract Tower,0,11,12,0,23,0,0,5,0,5,0,11,17,0,28,6,0,6,34
03/05/2020,CGF,OH,AGL,CE,Federal Contract Tower,6,17,0,0,23,0,0,30,0,30,6,17,30,0,53,12,0,12,65
03/06/2020,CGF,OH,AGL,CE,Federal Contract Tower,0,12,16,0,28,0,0,0,0,0,0,12,16,0,28,0,0,0,28
03/07/2020,CGF,OH,AGL,CE,Federal Contract Tower,0,6,15,0,21,0,0,48,0,48,0,6,63,0,69,38,0,38,107
03/08/2020,CGF,OH,AGL,CE,Federal Contract Tower,0,7,12,0,19,0,0,44,0,44,0,7,56,0,63,29,0,29,92
03/09/2020,CGF,OH,AGL,CE,Federal Contract Tower,0,8,14,0,22,0,0,9,0,9,0,8,23,0,31,28,0,28,59
03/10/2020,CGF,OH,AGL,CE,Federal Contract Tower,0,15,32,0,47,0,0,2,0,2,0,15,34,0,49,0,0,0,49
03/11/2020,CGF,OH,AGL,CE,Federal Contract Tower,0,4,16,0,20,0,0,18,0,18,0,4,34,0,38,18,0,18,56
03/12/2020,CGF,OH,AGL,CE,Federal Contract Tower,0,12,22,0,34,0,0,19,0,19,0,12,41,0,53,10,0,10,63
03/13/2020,CGF,OH,AGL,CE,Federal Contract Tower,0,14,16,0,30,0,0,5,0,5,0,14,21,0,35,10,0,10,45
03/14/2020,CGF,OH,AGL,CE,Federal Contract Tower,0,10,11,0,21,0,0,25,0,25,0,10,36,0,46,58,0,58,104
03/15/2020,CGF,OH,AGL,CE,Federal Contract Tower,0,6,14,0,20,0,0,17,0,17,0,6,31,0,37,2,0,2,39
03/16/2020,CGF,OH,AGL,CE,Federal Contract Tower,0,11,5,0,16,0,0,13,0,13,0,11,18,0,29,8,0,8,37
03/17/2020,CGF,OH,AGL,CE,Federal Contract Tower,0,6,7,0,13,0,0,3,0,3,0,6,10,0,16,0,0,0,16
03/18/2020,CGF,OH,AGL,CE,Federal Contract Tower,0,11,9,0,20,0,0,7,0,7,0,11,16,0,27,0,0,0,27
03/19/2020,CGF,OH,AGL,CE,Federal Contract Tower,0,9,19,0,28,0,0,1,0,1,0,9,20,0,29,6,0,6,35
03/20/2020,CGF,OH,AGL,CE,Federal Contract Tower,0,6,1,0,7,0,0,1,0,1,0,6,2,0,8,0,0,0,8
03/21/2020,CGF,OH,AGL,CE,Federal Contract Tower,0,18,2,0,20,0,0,2,0,2,0,18,4,0,22,0,0,0,22
03/22/2020,CGF,OH,AGL,CE,Federal Contract Tower,0,16,15,0,31,0,0,19,0,19,0,16,34,0,50,16,0,16,66
03/23/2020,CGF,OH,AGL,CE,Federal Contract Tower,0,12,0,0,12,0,0,0,0,0,0,12,0,0,12,0,0,0,12
03/24/2020,CGF,OH,AGL,CE,Federal Contract Tower,0,11,1,0,12,0,0,1,0,1,0,11,2,0,13,0,0,0,13
03/25/2020,CGF,OH,AGL,CE,Federal Contract Tower,0,17,5,0,22,0,0,10,0,10,0,17,15,0,32,0,0,0,32
03/26/2020,CGF,OH,AGL,CE,Federal Contract Tower,0,7,2,0,9,0,0,6,0,6,0,7,8,0,15,0,0,0,15
03/27/2020,CGF,OH,AGL,CE,Federal Contract Tower,0,5,0,0,5,0,0,2,0,2,0,5,2,0,7,8,0,8,15
03/28/2020,CGF,OH,AGL,CE,Federal Contract Tower,0,9,0,0,9,0,0,0,0,0,0,9,0,0,9,0,0,0,9
03/29/2020,CGF,OH,AGL,CE,Federal Contract Tower,0,11,5,0,16,0,0,4,0,4,0,11,9,0,20,0,0,0,20
03/30/2020,CGF,OH,AGL,CE,Federal Contract Tower,0,21,5,0,26,0,0,0,0,0,0,21,5,0,26,0,0,0,26
03/31/2020,CGF,OH,AGL,CE,Federal Contract Tower,0,7,2,0,9,0,0,0,0,0,0,7,2,0,9,0,0,0,9
04/01/2020,CGF,OH,AGL,CE,Federal Contract Tower,0,9,0,0,9,0,0,4,0,4,0,9,4,0,13,0,0,0,13
04/02/2020,CGF,OH,AGL,CE,Federal Contract Tower,0,13,3,0,16,0,0,15,0,15,0,13,18,0,31,0,0,0,31
04/03/2020,CGF,OH,AGL,CE,Federal Contract Tower,0,11,3,0,14,0,0,14,0,14,0,11,17,0,28,12,0,12,40
04/04/2020,CGF,OH,AGL,CE,Federal Contract Tower,0,13,7,0,20,0,0,38,0,38,0,13,45,0,58,48,0,48,106
04/05/2020,CGF,OH,AGL,CE,Federal Contract Tower,0,14,0,0,14,0,0,5,0,5,0,14,5,0,19,0,0,0,19
04/06/2020,CGF,OH,AGL,CE,Federal Contract Tower,0,6,6,0,12,0,0,18,0,18,0,6,24,0,30,10,0,10,40
04/07/2020,CGF,OH,AGL,CE,Federal Contract Tower,0,6,2,0,8,0,0,3,0,3,0,6,5,0,11,0,0,0,11
04/08/2020,CGF,OH,AGL,CE,Federal Contract Tower,0,8,6,0,14,0,0,3,0,3,0,8,9,0,17,0,0,0,17
04/09/2020,CGF,OH,AGL,CE,Federal Contract Tower,0,11,0,0,11,0,0,2,0,2,0,11,2,0,13,2,0,2,15
04/10/2020,CGF,OH,AGL,CE,Federal Contract Tower,0,12,1,0,13,0,0,2,0,2,0,12,3,0,15,0,0,0,15
04/11/2020,CGF,OH,AGL,CE,Federal Contract Tower,0,10,1,0,11,0,0,19,0,19,0,10,20,0,30,8,0,8,38
04/12/2020,CGF,OH,AGL,CE,Federal Contract Tower,0,6,0,0,6,0,0,2,0,2,0,6,2,0,8,0,0,0,8
04/13/2020,CGF,OH,AGL,CE,Federal Contract Tower,0,13,0,0,13,0,0,0,0,0,0,13,0,0,13,0,0,0,13
04/14/2020,CGF,OH,AGL,CE,Federal Contract Tower,0,4,3,0,7,0,0,10,0,10,0,4,13,0,17,26,0,26,43
04/15/2020,CGF,OH,AGL,CE,Federal Contract Tower,0,8,7,0,15,0,0,4,0,4,0,8,11,0,19,0,0,0,19
04/16/2020,CGF,OH,AGL,CE,Federal Contract Tower,0,6,2,0,8,0,0,0,0,0,0,6,2,0,8,0,0,0,8
04/17/2020,CGF,OH,AGL,CE,Federal Contract Tower,0,3,0,0,3,0,0,0,0,0,0,3,0,0,3,0,0,0,3
04/18/2020,CGF,OH,AGL,CE,Federal Contract Tower,0,10,6,0,16,0,0,3,0,3,0,10,9,0,19,30,0,30,49
04/19/2020,CGF,OH,AGL,CE,Federal Contract Tower,0,5,3,0,8,0,0,3,0,3,0,5,6,0,11,12,0,12,23
04/20/2020,CGF,OH,AGL,CE,Federal Contract Tower,0,6,11,0,17,0,2,19,0,21,0,8,30,0,38,20,0,20,58
04/21/2020,CGF,OH,AGL,CE,Federal Contract Tower,0,8,5,0,13,0,0,0,0,0,0,8,5,0,13,0,0,0,13
04/22/2020,CGF,OH,AGL,CE,Federal Contract Tower,0,10,4,0,14,0,0,13,0,13,0,10,17,0,27,0,0,0,27
04/23/2020,CGF,OH,AGL,CE,Federal Contract Tower,0,5,0,0,5,0,0,3,0,3,0,5,3,0,8,0,0,0,8
04/24/2020,CGF,OH,AGL,CE,Federal Contract Tower,0,10,9,0,19,0,4,0,0,4,0,14,9,0,23,0,0,0,23
04/25/2020,CGF,OH,AGL,CE,Federal Contract Tower,0,8,6,0,14,0,0,21,0,21,0,8,27,0,35,12,0,12,47
04/26/2020,CGF,OH,AGL,CE,Federal Contract Tower,0,5,2,0,7,0,0,0,0,0,0,5,2,0,7,0,0,0,7
04/27/2020,CGF,OH,AGL,CE,Federal Contract Tower,0,4,6,0,10,0,0,9,0,9,0,4,15,0,19,0,0,0,19
04/28/2020,CGF,OH,AGL,CE,Federal Contract Tower,0,8,3,0,11,0,0,3,0,3,0,8,6,0,14,6,0,6,20
04/29/2020,CGF,OH,AGL,CE,Federal Contract Tower,0,10,7,0,17,0,0,3,0,3,0,10,10,0,20,4,0,4,24
04/30/2020,CGF,OH,AGL,CE,Federal Contract Tower,0,9,3,0,12,0,0,1,0,1,0,9,4,0,13,0,0,0,13
05/01/2020,CGF,OH,AGL,CE,Federal Contract Tower,0,8,4,0,12,0,0,1,0,1,0,8,5,0,13,2,0,2,15
05/02/2020,CGF,OH,AGL,CE,Federal Contract Tower,0,8,5,0,13,0,0,5,0,5,0,8,10,0,18,0,0,0,18
05/03/2020,CGF,OH,AGL,CE,Federal Contract Tower,0,5,4,0,9,0,0,26,0,26,0,5,30,0,35,40,0,40,75
05/04/2020,CGF,OH,AGL,CE,Federal Contract Tower,0,11,4,0,15,0,0,12,2,14,0,11,16,2,29,28,0,28,57
05/05/2020,CGF,OH,AGL,CE,Federal Contract Tower,0,5,6,0,11,0,0,10,0,10,0,5,16,0,21,36,0,36,57
05/06/2020,CGF,OH,AGL,CE,Federal Contract Tower,0,9,2,0,11,0,12,3,0,15,0,21,5,0,26,9,0,9,35
05/07/2020,CGF,OH,AGL,CE,Federal Contract Tower,0,16,9,0,25,0,0,8,0,8,0,16,17,0,33,0,0,0,33
05/08/2020,CGF,OH,AGL,CE,Federal Contract Tower,0,18,1,0,19,0,0,2,0,2,0,18,3,0,21,0,0,0,21
05/09/2020,CGF,OH,AGL,CE,Federal Contract Tower,0,18,0,0,18,0,0,8,0,8,0,18,8,0,26,0,0,0,26
05/10/2020,CGF,OH,AGL,CE,Federal Contract Tower,0,9,2,0,11,0,0,5,0,5,0,9,7,0,16,2,0,2,18
05/11/2020,CGF,OH,AGL,CE,Federal Contract Tower,0,17,9,0,26,0,0,0,0,0,0,17,9,0,26,0,0,0,26
05/12/2020,CGF,OH,AGL,CE,Federal Contract Tower,0,25,5,0,30,0,0,17,0,17,0,25,22,0,47,30,0,30,77
05/13/2020,CGF,OH,AGL,CE,Federal Contract Tower,0,17,2,0,19,0,0,35,0,35,0,17,37,0,54,8,0,8,62
05/14/2020,CGF,OH,AGL,CE,Federal Contract Tower,0,20,4,0,24,0,0,3,0,3,0,20,7,0,27,0,0,0,27
05/15/2020,CGF,OH,AGL,CE,Federal Contract Tower,0,16,3,0,19,0,0,2,0,2,0,16,5,0,21,0,0,0,21
05/16/2020,CGF,OH,AGL,CE,Federal Contract Tower,0,17,5,0,22,0,1,21,0,22,0,18,26,0,44,16,0,16,60
05/17/2020,CGF,OH,AGL,CE,Federal Contract Tower,0,7,10,0,17,0,0,6,0,6,0,7,16,0,23,0,0,0,23
05/18/2020,CGF,OH,AGL,CE,Federal Contract Tower,0,16,10,0,26,0,0,0,0,0,0,16,10,0,26,0,0,0,26
05/19/2020,CGF,OH,AGL,CE,Federal Contract Tower,0,15,7,0,22,0,0,6,0,6,0,15,13,0,28,2,0,2,30
05/20/2020,CGF,OH,AGL,CE,Federal Contract Tower,0,14,4,0,18,0,0,16,0,16,0,14,20,0,34,26,0,26,60
05/21/2020,CGF,OH,AGL,CE,Federal Contract Tower,0,12,11,0,23,0,0,18,0,18,0,12,29,0,41,6,0,6,47
05/22/2020,CGF,OH,AGL,CE,Federal Contract Tower,0,12,19,0,31,0,0,0,0,0,0,12,19,0,31,0,0,0,31
05/23/2020,CGF,OH,AGL,CE,Federal Contract Tower,0,12,19,0,31,0,0,11,0,11,0,12,30,0,42,40,0,40,82
05/24/2020,CGF,OH,AGL,CE,Federal Contract Tower,0,21,4,0,25,0,0,15,0,15,0,21,19,0,40,38,0,38,78
05/25/2020,CGF,OH,AGL,CE,Federal Contract Tower,0,15,10,0,25,0,0,18,0,18,0,15,28,0,43,36,0,36,79
05/26/2020,CGF,OH,AGL,CE,Federal Contract Tower,0,10,14,0,24,0,0,21,0,21,0,10,35,0,45,22,0,22,67
05/27/2020,CGF,OH,AGL,CE,Federal Contract Tower,0,20,26,0,46,0,0,13,0,13,0,20,39,0,59,0,0,0,59
05/28/2020,CGF,OH,AGL,CE,Federal Contract Tower,0,23,30,0,53,0,0,6,0,6,0,23,36,0,59,4,0,4,63
05/29/2020,CGF,OH,AGL,CE,Federal Contract Tower,0,18,11,0,29,0,0,1,0,1,0,18,12,0,30,14,0,14,44
05/30/2020,CGF,OH,AGL,CE,Federal Contract Tower,0,14,8,0,22,0,0,13,0,13,0,14,21,0,35,24,0,24,59
05/31/2020,CGF,OH,AGL,CE,Federal Contract Tower,0,10,7,0,17,0,1,27,0,28,0,11,34,0,45,12,0,12,57
06/01/2020,CGF,OH,AGL,CE,Federal Contract Tower,0,8,11,0,19,0,0,26,0,26,0,8,37,0,45,80,0,80,125
06/02/2020,CGF,OH,AGL,CE,Federal Contract Tower,0,18,16,0,34,0,0,15,0,15,0,18,31,0,49,12,0,12,61
06/03/2020,CGF,OH,AGL,CE,Federal Contract Tower,0,20,5,0,25,0,0,9,0,9,0,20,14,0,34,6,0,6,40
06/04/2020,CGF,OH,AGL,CE,Federal Contract Tower,0,17,4,0,21,0,0,1,0,1,0,17,5,0,22,0,0,0,22
06/05/2020,CGF,OH,AGL,CE,Federal Contract Tower,0,19,13,0,32,0,0,8,0,8,0,19,21,0,40,6,0,6,46
06/06/2020,CGF,OH,AGL,CE,Federal Contract Tower,0,10,12,0,22,0,0,17,0,17,0,10,29,0,39,30,0,30,69
06/07/2020,CGF,OH,AGL,CE,Federal Contract Tower,0,9,4,0,13,0,0,32,0,32,0,9,36,0,45,2,0,2,47
06/08/2020,CGF,OH,AGL,CE,Federal Contract Tower,0,13,8,0,21,0,0,25,0,25,0,13,33,0,46,41,0,41,87
06/09/2020,CGF,OH,AGL,CE,Federal Contract Tower,0,11,11,0,22,0,0,24,0,24,0,11,35,0,46,20,0,20,66
06/10/2020,CGF,OH,AGL,CE,Federal Contract Tower,0,15,1,0,16,0,0,7,0,7,0,15,8,0,23,0,0,0,23
06/11/2020,CGF,OH,AGL,CE,Federal Contract Tower,0,18,14,0,32,0,0,14,0,14,0,18,28,0,46,10,0,10,56
06/12/2020,CGF,OH,AGL,CE,Federal Contract Tower,0,13,5,0,18,0,1,31,0,32,0,14,36,0,50,20,0,20,70
06/13/2020,CGF,OH,AGL,CE,Federal Contract Tower,0,19,12,0,31,0,0,13,0,13,0,19,25,0,44,8,0,8,52
06/14/2020,CGF,OH,AGL,CE,Federal Contract Tower,0,13,8,0,21,0,0,7,0,7,0,13,15,0,28,16,0,16,44
06/15/2020,CGF,OH,AGL,CE,Federal Contract Tower,0,18,19,0,37,0,0,22,0,22,0,18,41,0,59,0,0,0,59
06/16/2020,CGF,OH,AGL,CE,Federal Contract Tower,0,17,9,0,26,0,0,14,0,14,0,17,23,0,40,10,0,10,50
06/17/2020,CGF,OH,AGL,CE,Federal Contract Tower,0,14,34,0,48,0,0,32,0,32,0,14,66,0,80,38,0,38,118
06/18/2020,CGF,OH,AGL,CE,Federal Contract Tower,0,8,13,0,21,0,0,10,0,10,0,8,23,0,31,8,0,8,39
06/19/2020,CGF,OH,AGL,CE,Federal Contract Tower,0,13,8,0,21,0,0,15,0,15,0,13,23,0,36,46,0,46,82
06/20/2020,CGF,OH,AGL,CE,Federal Contract Tower,0,17,6,0,23,0,1,30,0,31,0,18,36,0,54,42,0,42,96
06/21/2020,CGF,OH,AGL,CE,Federal Contract Tower,0,13,12,0,25,0,0,12,0,12,0,13,24,0,37,42,0,42,79
06/22/2020,CGF,OH,AGL,CE,Federal Contract Tower,0,16,20,0,36,0,0,6,0,6,0,16,26,0,42,10,0,10,52
06/23/2020,CGF,OH,AGL,CE,Federal Contract Tower,0,20,14,0,34,0,0,0,0,0,0,20,14,0,34,26,0,26,60
06/24/2020,CGF,OH,AGL,CE,Federal Contract Tower,0,18,22,0,40,0,0,15,0,15,0,18,37,0,55,26,0,26,81
06/25/2020,CGF,OH,AGL,CE,Federal Contract Tower,0,18,21,0,39,0,0,22,0,22,0,18,43,0,61,46,0,46,107
06/26/2020,CGF,OH,AGL,CE,Federal Contract Tower,0,21,11,0,32,0,0,30,0,30,0,21,41,0,62,45,0,45,107
06/27/2020,CGF,OH,AGL,CE,Federal Contract Tower,0,22,3,0,25,0,0,11,0,11,0,22,14,0,36,16,0,16,52
06/28/2020,CGF,OH,AGL,CE,Federal Contract Tower,0,15,6,0,21,0,0,27,0,27,0,15,33,0,48,16,0,16,64
06/29/2020,CGF,OH,AGL,CE,Federal Contract Tower,0,14,9,0,23,0,4,32,0,36,0,18,41,0,59,68,0,68,127
06/30/2020,CGF,OH,AGL,CE,Federal Contract Tower,0,8,11,0,19,0,2,31,0,33,0,10,42,0,52,74,0,74,126
07/01/2020,CGF,OH,AGL,CE,Federal Contract Tower,0,18,12,0,30,0,0,10,0,10,0,18,22,0,40,36,0,36,76
07/02/2020,CGF,OH,AGL,CE,Federal Contract Tower,0,15,10,0,25,0,0,36,0,36,0,15,46,0,61,92,0,92,153
07/03/2020,CGF,OH,AGL,CE,Federal Contract Tower,0,16,10,0,26,0,0,33,0,33,0,16,43,0,59,66,0,66,125
07/04/2020,CGF,OH,AGL,CE,Federal Contract Tower,0,9,2,0,11,0,0,15,0,15,0,9,17,0,26,0,0,0,26
07/05/2020,CGF,OH,AGL,CE,Federal Contract Tower,0,21,11,0,32,0,1,24,0,25,0,22,35,0,57,34,0,34,91
07/06/2020,CGF,OH,AGL,CE,Federal Contract Tower,0,14,14,0,28,0,0,35,0,35,0,14,49,0,63,120,0,120,183
07/07/2020,CGF,OH,AGL,CE,Federal Contract Tower,0,9,12,0,21,0,0,21,0,21,0,9,33,0,42,0,0,0,42
07/08/2020,CGF,OH,AGL,CE,Federal Contract Tower,0,20,9,0,29,0,4,20,0,24,0,24,29,0,53,52,0,52,105
07/09/2020,CGF,OH,AGL,CE,Federal Contract Tower,0,17,21,0,38,0,0,15,0,15,0,17,36,0,53,68,0,68,121
07/10/2020,CGF,OH,AGL,CE,Federal Contract Tower,0,8,3,0,11,0,0,9,0,9,0,8,12,0,20,76,0,76,96
07/11/2020,CGF,OH,AGL,CE,Federal Contract Tower,0,11,5,0,16,0,0,6,0,6,0,11,11,0,22,0,0,0,22
07/12/2020,CGF,OH,AGL,CE,Federal Contract Tower,0,15,2,0,17,0,2,27,0,29,0,17,29,0,46,34,0,34,80
07/13/2020,CGF,OH,AGL,CE,Federal Contract Tower,0,17,14,0,31,0,3,32,0,35,0,20,46,0,66,28,0,28,94
07/14/2020,CGF,OH,AGL,CE,Federal Contract Tower,0,18,22,0,40,0,0,26,0,26,0,18,48,0,66,36,0,36,102
07/15/2020,CGF,OH,AGL,CE,Federal Contract Tower,0,8,17,0,25,0,0,19,4,23,0,8,36,4,48,0,0,0,48
07/16/2020,CGF,OH,AGL,CE,Federal Contract Tower,0,15,12,0,27,0,0,16,0,16,0,15,28,0,43,16,0,16,59
07/17/2020,CGF,OH,AGL,CE,Federal Contract Tower,0,13,11,0,24,0,0,22,0,22,0,13,33,0,46,32,0,32,78
07/18/2020,CGF,OH,AGL,CE,Federal Contract Tower,0,8,6,0,14,0,0,43,0,43,0,8,49,0,57,28,0,28,85
07/19/2020,CGF,OH,AGL,CE,Federal Contract Tower,0,6,6,0,12,0,0,16,0,16,0,6,22,0,28,18,0,18,46
07/20/2020,CGF,OH,AGL,CE,Federal Contract Tower,0,12,18,0,30,0,0,22,0,22,0,12,40,0,52,56,0,56,108
07/21/2020,CGF,OH,AGL,CE,Federal Contract Tower,0,15,28,0,43,0,0,42,0,42,0,15,70,0,85,76,0,76,161
07/22/2020,CGF,OH,AGL,CE,Federal Contract Tower,0,18,6,0,24,0,0,12,0,12,0,18,18,0,36,0,0,0,36
07/23/2020,CGF,OH,AGL,CE,Federal Contract Tower,0,18,17,0,35,0,0,12,0,12,0,18,29,0,47,58,0,58,105
07/24/2020,CGF,OH,AGL,CE,Federal Contract Tower,0,12,14,0,26,0,0,31,0,31,0,12,45,0,57,10,0,10,67
07/25/2020,CGF,OH,AGL,CE,Federal Contract Tower,0,13,20,0,33,0,0,42,0,42,0,13,62,0,75,26,0,26,101
07/26/2020,CGF,OH,AGL,CE,Federal Contract Tower,0,13,11,0,24,0,0,33,0,33,0,13,44,0,57,60,0,60,117
07/27/2020,CGF,OH,AGL,CE,Federal Contract Tower,0,19,20,0,39,0,0,7,0,7,0,19,27,0,46,22,0,22,68
07/28/2020,CGF,OH,AGL,CE,Federal Contract Tower,0,22,15,0,37,0,2,28,0,30,0,24,43,0,67,60,0,60,127
07/29/2020,CGF,OH,AGL,CE,Federal Contract Tower,0,9,22,0,31,0,0,21,0,21,0,9,43,0,52,29,0,29,81
07/30/2020,CGF,OH,AGL,CE,Federal Contract Tower,0,18,18,0,36,0,0,21,0,21,0,18,39,0,57,104,0,104,161
07/31/2020,CGF,OH,AGL,CE,Federal Contract Tower,0,18,26,0,44,0,0,22,0,22,0,18,48,0,66,28,0,28,94
08/01/2020,CGF,OH,AGL,CE,Federal Contract Tower,0,11,10,0,21,0,0,21,0,21,0,11,31,0,42,84,0,84,126
08/02/2020,CGF,OH,AGL,CE,Federal Contract Tower,0,15,13,0,28,0,0,0,0,0,0,15,13,0,28,0,0,0,28
08/03/2020,CGF,OH,AGL,CE,Federal Contract Tower,0,22,8,0,30,0,0,18,0,18,0,22,26,0,48,66,0,66,114
08/04/2020,CGF,OH,AGL,CE,Federal Contract Tower,0,14,12,0,26,0,0,18,0,18,0,14,30,0,44,38,0,38,82
08/05/2020,CGF,OH,AGL,CE,Federal Contract Tower,0,13,22,0,35,0,0,23,0,23,0,13,45,0,58,28,0,28,86
08/06/2020,CGF,OH,AGL,CE,Federal Contract Tower,0,8,12,0,20,0,0,9,0,9,0,8,21,0,29,18,0,18,47
08/07/2020,CGF,OH,AGL,CE,Federal Contract Tower,0,16,7,0,23,0,14,40,0,54,0,30,47,0,77,36,0,36,113
08/08/2020,CGF,OH,AGL,CE,Federal Contract Tower,0,8,8,0,16,0,0,29,0,29,0,8,37,0,45,60,0,60,105
08/09/2020,CGF,OH,AGL,CE,Federal Contract Tower,0,16,16,0,32,0,0,29,0,29,0,16,45,0,61,56,0,56,117
08/10/2020,CGF,OH,AGL,CE,Federal Contract Tower,0,12,13,0,25,0,0,36,0,36,0,12,49,0,61,62,0,62,123
08/11/2020,CGF,OH,AGL,CE,Federal Contract Tower,0,16,15,0,31,0,0,7,0,7,0,16,22,0,38,124,0,124,162
08/12/2020,CGF,OH,AGL,CE,Federal Contract Tower,0,17,26,0,43,0,0,17,0,17,0,17,43,0,60,16,0,16,76
08/13/2020,CGF,OH,AGL,CE,Federal Contract Tower,0,21,8,0,29,0,2,27,0,29,0,23,35,0,58,60,0,60,118
08/14/2020,CGF,OH,AGL,CE,Federal Contract Tower,0,9,12,0,21,0,2,21,0,23,0,11,33,0,44,14,0,14,58
08/15/2020,CGF,OH,AGL,CE,Federal Contract Tower,0,16,6,0,22,0,0,17,0,17,0,16,23,0,39,14,0,14,53
08/16/2020,CGF,OH,AGL,CE,Federal Contract Tower,0,14,4,0,18,0,0,19,0,19,0,14,23,0,37,18,0,18,55
08/17/2020,CGF,OH,AGL,CE,Federal Contract Tower,0,15,22,0,37,0,0,16,0,16,0,15,38,0,53,2,0,2,55
08/18/2020,CGF,OH,AGL,CE,Federal Contract Tower,0,8,11,0,19,0,0,26,0,26,0,8,37,0,45,52,0,52,97
08/19/2020,CGF,OH,AGL,CE,Federal Contract Tower,0,11,31,0,42,0,0,20,0,20,0,11,51,0,62,66,0,66,128
08/20/2020,CGF,OH,AGL,CE,Federal Contract Tower,0,16,22,0,38,0,0,45,0,45,0,16,67,0,83,60,0,60,143
08/21/2020,CGF,OH,AGL,CE,Federal Contract Tower,0,18,23,0,41,0,0,23,0,23,0,18,46,0,64,72,0,72,136
08/22/2020,CGF,OH,AGL,CE,Federal Contract Tower,0,12,7,0,19,0,0,39,0,39,0,12,46,0,58,80,0,80,138
08/23/2020,CGF,OH,AGL,CE,Federal Contract Tower,0,13,13,0,26,0,6,31,0,37,0,19,44,0,63,58,0,58,121
08/24/2020,CGF,OH,AGL,CE,Federal Contract Tower,0,12,11,0,23,0,0,5,0,5,0,12,16,0,28,0,0,0,28
08/25/2020,CGF,OH,AGL,CE,Federal Contract Tower,0,13,11,0,24,0,0,0,0,0,0,13,11,0,24,58,0,58,82
08/26/2020,CGF,OH,AGL,CE,Federal Contract Tower,0,13,24,0,37,0,2,22,0,24,0,15,46,0,61,12,0,12,73
08/27/2020,CGF,OH,AGL,CE,Federal Contract Tower,0,18,17,0,35,0,3,24,0,27,0,21,41,0,62,20,0,20,82
08/28/2020,CGF,OH,AGL,CE,Federal Contract Tower,0,7,14,0,21,0,4,0,0,4,0,11,14,0,25,0,0,0,25
08/29/2020,CGF,OH,AGL,CE,Federal Contract Tower,0,14,5,0,19,0,0,8,0,8,0,14,13,0,27,14,0,14,41
08/30/2020,CGF,OH,AGL,CE,Federal Contract Tower,0,12,20,0,32,0,0,50,0,50,0,12,70,0,82,48,0,48,130
08/31/2020,CGF,OH,AGL,CE,Federal Contract Tower,0,9,17,0,26,0,2,25,0,27,0,11,42,0,53,44,0,44,97
09/01/2020,CGF,OH,AGL,CE,Federal Contract Tower,0,15,19,0,34,0,0,19,0,19,0,15,38,0,53,48,0,48,101
09/02/2020,CGF,OH,AGL,CE,Federal Contract Tower,0,9,25,0,34,0,0,1,0,1,0,9,26,0,35,0,0,0,35
09/03/2020,CGF,OH,AGL,CE,Federal Contract Tower,0,10,15,0,25,0,0,20,0,20,0,10,35,0,45,6,0,6,51
09/04/2020,CGF,OH,AGL,CE,Federal Contract Tower,0,19,10,0,29,0,8,23,0,31,0,27,33,0,60,12,0,12,72
09/05/2020,CGF,OH,AGL,CE,Federal Contract Tower,0,11,15,0,26,0,2,31,0,33,0,13,46,0,59,48,0,48,107
09/06/2020,CGF,OH,AGL,CE,Federal Contract Tower,0,11,5,0,16,0,0,31,0,31,0,11,36,0,47,34,0,34,81
09/07/2020,CGF,OH,AGL,CE,Federal Contract Tower,0,12,17,0,29,0,0,4,0,4,0,12,21,0,33,0,0,0,33
09/08/2020,CGF,OH,AGL,CE,Federal Contract Tower,0,21,14,0,35,0,0,17,0,17,0,21,31,0,52,16,0,16,68
09/09/2020,CGF,OH,AGL,CE,Federal Contract Tower,0,4,28,0,32,0,0,20,0,20,0,4,48,0,52,20,0,20,72
09/10/2020,CGF,OH,AGL,CE,Federal Contract Tower,0,9,8,0,17,0,0,0,0,0,0,9,8,0,17,0,0,0,17
09/11/2020,CGF,OH,AGL,CE,Federal Contract Tower,0,10,18,0,28,0,0,21,0,21,0,10,39,0,49,54,0,54,103
09/12/2020,CGF,OH,AGL,CE,Federal Contract Tower,0,12,18,0,30,0,0,31,0,31,0,12,49,0,61,66,0,66,127
09/13/2020,CGF,OH,AGL,CE,Federal Contract Tower,0,22,12,0,34,0,0,13,0,13,0,22,25,0,47,42,0,42,89
09/14/2020,CGF,OH,AGL,CE,Federal Contract Tower,0,12,11,0,23,0,0,29,0,29,0,12,40,0,52,46,0,46,98
09/15/2020,CGF,OH,AGL,CE,Federal Contract Tower,0,22,27,0,49,0,0,52,0,52,0,22,79,0,101,48,0,48,149
09/16/2020,CGF,OH,AGL,CE,Federal Contract Tower,0,15,28,0,43,0,0,39,0,39,0,15,67,0,82,48,0,48,130
09/17/2020,CGF,OH,AGL,CE,Federal Contract Tower,0,13,19,0,32,0,0,30,0,30,0,13,49,0,62,50,0,50,112
09/18/2020,CGF,OH,AGL,CE,Federal Contract Tower,0,19,13,0,32,0,0,32,0,32,0,19,45,0,64,16,0,16,80
09/19/2020,CGF,OH,AGL,CE,Federal Contract Tower,0,14,17,0,31,0,4,62,0,66,0,18,79,0,97,32,0,32,129
09/20/2020,CGF,OH,AGL,CE,Federal Contract Tower,0,20,17,0,37,0,0,24,0,24,0,20,41,0,61,16,0,16,77
09/21/2020,CGF,OH,AGL,CE,Federal Contract Tower,0,16,16,0,32,0,0,19,0,19,0,16,35,0,51,66,0,66,117
09/22/2020,CGF,OH,AGL,CE,Federal Contract Tower,0,14,15,0,29,0,0,22,0,22,0,14,37,0,51,40,0,40,91
09/23/2020,CGF,OH,AGL,CE,Federal Contract Tower,0,19,22,0,41,0,6,33,0,39,0,25,55,0,80,14,0,14,94
09/24/2020,CGF,OH,AGL,CE,Federal Contract Tower,0,21,19,0,40,0,0,12,0,12,0,21,31,0,52,52,0,52,104
09/25/2020,CGF,OH,AGL,CE,Federal Contract Tower,0,24,16,0,40,0,0,39,0,39,0,24,55,0,79,58,0,58,137
09/26/2020,CGF,OH,AGL,CE,Federal Contract Tower,0,15,12,0,27,0,4,23,0,27,0,19,35,0,54,6,0,6,60
09/27/2020,CGF,OH,AGL,CE,Federal Contract Tower,0,23,21,0,44,0,0,16,0,16,0,23,37,0,60,12,0,12,72
09/28/2020,CGF,OH,AGL,CE,Federal Contract Tower,0,12,16,0,28,0,0,9,0,9,0,12,25,0,37,14,0,14,51
09/29/2020,CGF,OH,AGL,CE,Federal Contract Tower,0,12,13,0,25,0,0,10,0,10,0,12,23,0,35,22,0,22,57
09/30/2020,CGF,OH,AGL,CE,Federal Contract Tower,0,20,24,0,44,0,0,7,0,7,0,20,31,0,51,0,0,0,51
10/01/2020,CGF,OH,AGL,CE,Federal Contract Tower,0,21,20,0,41,0,0,12,0,12,0,21,32,0,53,8,0,8,61
10/02/2020,CGF,OH,AGL,CE,Federal Contract Tower,0,13,16,0,29,0,0,10,0,10,0,13,26,0,39,21,0,21,60
10/03/2020,CGF,OH,AGL,CE,Federal Contract Tower,0,19,7,0,26,0,0,29,0,29,0,19,36,0,55,56,0,56,111
10/04/2020,CGF,OH,AGL,CE,Federal Contract Tower,0,16,11,0,27,0,6,5,0,11,0,22,16,0,38,2,0,2,40
10/05/2020,CGF,OH,AGL,CE,Federal Contract Tower,0,16,8,0,24,0,0,13,0,13,0,16,21,0,37,28,0,28,65
10/06/2020,CGF,OH,AGL,CE,Federal Contract Tower,0,10,18,0,28,0,0,13,0,13,0,10,31,0,41,2,0,2,43
10/07/2020,CGF,OH,AGL,CE,Federal Contract Tower,0,14,14,0,28,0,0,11,0,11,0,14,25,0,39,8,0,8,47
10/08/2020,CGF,OH,AGL,CE,Federal Contract Tower,0,20,16,0,36,0,2,33,0,35,0,22,49,0,71,74,0,74,145
10/09/2020,CGF,OH,AGL,CE,Federal Contract Tower,0,15,17,0,32,0,0,34,0,34,0,15,51,0,66,52,0,52,118
10/10/2020,CGF,OH,AGL,CE,Federal Contract Tower,0,10,5,0,15,0,2,24,2,28,0,12,29,2,43,6,0,6,49
10/11/2020,CGF,OH,AGL,CE,Federal Contract Tower,0,12,19,0,31,0,0,21,0,21,0,12,40,0,52,10,0,10,62
10/12/2020,CGF,OH,AGL,CE,Federal Contract Tower,0,29,8,0,37,0,2,4,0,6,0,31,12,0,43,20,0,20,63
10/13/2020,CGF,OH,AGL,CE,Federal Contract Tower,0,26,13,0,39,0,0,31,0,31,0,26,44,0,70,72,0,72,142
10/14/2020,CGF,OH,AGL,CE,Federal Contract Tower,0,16,11,0,27,0,2,42,0,44,0,18,53,0,71,92,0,92,163
10/15/2020,CGF,OH,AGL,CE,Federal Contract Tower,0,15,25,0,40,0,0,3,0,3,0,15,28,0,43,4,0,4,47
10/16/2020,CGF,OH,AGL,CE,Federal Contract Tower,0,17,20,0,37,0,2,30,0,32,0,19,50,0,69,62,0,62,131
10/17/2020,CGF,OH,AGL,CE,Federal Contract Tower,0,9,15,0,24,0,0,42,0,42,0,9,57,0,66,74,0,74,140
10/18/2020,CGF,OH,AGL,CE,Federal Contract Tower,0,26,15,0,41,0,0,6,0,6,0,26,21,0,47,0,0,0,47
10/19/2020,CGF,OH,AGL,CE,Federal Contract Tower,0,16,8,0,24,0,0,0,0,0,0,16,8,0,24,0,0,0,24
10/20/2020,CGF,OH,AGL,CE,Federal Contract Tower,0,16,15,0,31,0,0,0,0,0,0,16,15,0,31,0,0,0,31
10/21/2020,CGF,OH,AGL,CE,Federal Contract Tower,0,25,31,0,56,0,0,2,0,2,0,25,33,0,58,4,0,4,62
10/22/2020,CGF,OH,AGL,CE,Federal Contract Tower,0,14,17,0,31,0,0,40,0,40,0,14,57,0,71,46,0,46,117
10/23/2020,CGF,OH,AGL,CE,Federal Contract Tower,0,14,11,0,25,0,0,18,0,18,0,14,29,0,43,18,0,18,61
10/24/2020,CGF,OH,AGL,CE,Federal Contract Tower,0,15,7,0,22,0,0,8,0,8,0,15,15,0,30,14,0,14,44
10/25/2020,CGF,OH,AGL,CE,Federal Contract Tower,0,14,28,0,42,0,2,27,0,29,0,16,55,0,71,66,0,66,137
10/26/2020,CGF,OH,AGL,CE,Federal Contract Tower,0,20,15,0,35,0,0,0,0,0,0,20,15,0,35,0,0,0,35
10/27/2020,CGF,OH,AGL,CE,Federal Contract Tower,0,16,15,0,31,0,0,3,0,3,0,16,18,0,34,28,0,28,62
10/28/2020,CGF,OH,AGL,CE,Federal Contract Tower,0,12,25,0,37,0,0,18,0,18,0,12,43,0,55,10,0,10,65
10/29/2020,CGF,OH,AGL,CE,Federal Contract Tower,0,13,16,0,29,0,0,0,0,0,0,13,16,0,29,0,0,0,29
10/30/2020,CGF,OH,AGL,CE,Federal Contract Tower,0,18,11,0,29,0,0,8,0,8,0,18,19,0,37,14,0,14,51
10/31/2020,CGF,OH,AGL,CE,Federal Contract Tower,0,6,11,0,17,0,0,33,0,33,0,6,44,0,50,26,0,26,76
11/01/2020,CGF,OH,AGL,CE,Federal Contract Tower,0,10,8,0,18,0,0,0,0,0,0,10,8,0,18,0,0,0,18
11/02/2020,CGF,OH,AGL,CE,Federal Contract Tower,0,16,7,0,23,0,0,3,0,3,0,16,10,0,26,12,0,12,38
11/03/2020,CGF,OH,AGL,CE,Federal Contract Tower,0,9,11,0,20,0,0,32,0,32,0,9,43,0,52,94,0,94,146
11/04/2020,CGF,OH,AGL,CE,Federal Contract Tower,0,14,7,0,21,0,0,27,0,27,0,14,34,0,48,12,0,12,60
11/05/2020,CGF,OH,AGL,CE,Federal Contract Tower,0,12,14,0,26,0,0,22,4,26,0,12,36,4,52,34,0,34,86
11/06/2020,CGF,OH,AGL,CE,Federal Contract Tower,0,15,11,0,26,0,9,41,0,50,0,24,52,0,76,100,0,100,176
11/07/2020,CGF,OH,AGL,CE,Federal Contract Tower,0,14,11,0,25,0,9,35,0,44,0,23,46,0,69,84,0,84,153
11/08/2020,CGF,OH,AGL,CE,Federal Contract Tower,0,14,13,0,27,0,4,72,0,76,0,18,85,0,103,30,0,30,133
11/09/2020,CGF,OH,AGL,CE,Federal Contract Tower,0,18,3,0,21,0,2,19,0,21,0,20,22,0,42,56,0,56,98
11/10/2020,CGF,OH,AGL,CE,Federal Contract Tower,0,15,4,0,19,0,2,21,0,23,0,17,25,0,42,75,0,75,117
11/11/2020,CGF,OH,AGL,CE,Federal Contract Tower,0,13,7,0,20,0,0,13,0,13,0,13,20,0,33,96,0,96,129
11/12/2020,CGF,OH,AGL,CE,Federal Contract Tower,0,19,15,0,34,0,0,24,0,24,0,19,39,0,58,58,0,58,116
11/13/2020,CGF,OH,AGL,CE,Federal Contract Tower,0,15,13,0,28,0,0,9,0,9,0,15,22,0,37,14,0,14,51
11/14/2020,CGF,OH,AGL,CE,Federal Contract Tower,0,16,20,0,36,0,0,49,0,49,0,16,69,0,85,92,0,92,177
11/15/2020,CGF,OH,AGL,CE,Federal Contract Tower,0,10,2,0,12,0,0,0,0,0,0,10,2,0,12,0,0,0,12
11/16/2020,CGF,OH,AGL,CE,Federal Contract Tower,0,14,6,0,20,0,3,8,0,11,0,17,14,0,31,22,0,22,53
11/17/2020,CGF,OH,AGL,CE,Federal Contract Tower,0,8,11,0,19,0,0,0,0,0,0,8,11,0,19,0,0,0,19
11/18/2020,CGF,OH,AGL,CE,Federal Contract Tower,0,15,19,0,34,0,2,18,0,20,0,17,37,0,54,92,0,92,146
11/19/2020,CGF,OH,AGL,CE,Federal Contract Tower,0,28,13,0,41,0,0,5,0,5,0,28,18,0,46,0,0,0,46
11/20/2020,CGF,OH,AGL,CE,Federal Contract Tower,0,23,17,0,40,0,0,10,0,10,0,23,27,0,50,44,0,44,94
11/21/2020,CGF,OH,AGL,CE,Federal Contract Tower,0,17,25,0,42,0,0,18,0,18,0,17,43,0,60,60,0,60,120
11/22/2020,CGF,OH,AGL,CE,Federal Contract Tower,0,10,2,0,12,0,0,0,0,0,0,10,2,0,12,0,0,0,12
11/23/2020,CGF,OH,AGL,CE,Federal Contract Tower,0,16,6,0,22,0,0,9,0,9,0,16,15,0,31,16,0,16,47
11/24/2020,CGF,OH,AGL,CE,Federal Contract Tower,0,12,18,0,30,0,6,24,0,30,0,18,42,0,60,46,0,46,106
11/25/2020,CGF,OH,AGL,CE,Federal Contract Tower,0,5,9,0,14,0,0,3,0,3,0,5,12,0,17,20,0,20,37
11/26/2020,CGF,OH,AGL,CE,Federal Contract Tower,0,5,2,0,7,0,0,0,0,0,0,5,2,0,7,0,0,0,7
11/27/2020,CGF,OH,AGL,CE,Federal Contract Tower,0,5,6,0,11,0,0,5,0,5,0,5,11,0,16,84,0,84,100
11/28/2020,CGF,OH,AGL,CE,Federal Contract Tower,0,15,9,0,24,0,0,46,0,46,0,15,55,0,70,58,0,58,128
11/29/2020,CGF,OH,AGL,CE,Federal Contract Tower,0,20,19,0,39,0,0,44,0,44,0,20,63,0,83,70,0,70,153
12/01/2020,CGF,OH,AGL,CE,Federal Contract Tower,0,0,0,0,0,0,0,0,0,0,0,0,0,0,0,0,0,0,0
12/02/2020,CGF,OH,AGL,CE,Federal Contract Tower,0,11,9,0,20,0,8,5,0,13,0,19,14,0,33,0,0,0,33
12/03/2020,CGF,OH,AGL,CE,Federal Contract Tower,0,8,9,0,17,0,0,16,0,16,0,8,25,0,33,8,0,8,41
12/04/2020,CGF,OH,AGL,CE,Federal Contract Tower,0,15,12,0,27,0,0,16,0,16,0,15,28,0,43,12,0,12,55
12/05/2020,CGF,OH,AGL,CE,Federal Contract Tower,0,16,2,0,18,0,0,2,0,2,0,16,4,0,20,50,0,50,70
12/06/2020,CGF,OH,AGL,CE,Federal Contract Tower,0,18,7,0,25,0,0,13,0,13,0,18,20,0,38,94,0,94,132
12/07/2020,CGF,OH,AGL,CE,Federal Contract Tower,0,19,2,0,21,0,0,3,0,3,0,19,5,0,24,6,0,6,30
12/08/2020,CGF,OH,AGL,CE,Federal Contract Tower,0,8,10,0,18,0,1,19,0,20,0,9,29,0,38,50,0,50,88
12/09/2020,CGF,OH,AGL,CE,Federal Contract Tower,0,13,14,0,27,0,3,0,0,3,0,16,14,0,30,10,0,10,40
12/10/2020,CGF,OH,AGL,CE,Federal Contract Tower,0,14,16,0,30,0,0,27,0,27,0,14,43,0,57,46,0,46,103
12/11/2020,CGF,OH,AGL,CE,Federal Contract Tower,0,13,16,0,29,0,0,57,0,57,0,13,73,0,86,52,0,52,138
12/12/2020,CGF,OH,AGL,CE,Federal Contract Tower,0,8,5,0,13,0,0,3,0,3,0,8,8,0,16,0,0,0,16
12/13/2020,CGF,OH,AGL,CE,Federal Contract Tower,0,19,9,0,28,0,0,8,0,8,0,19,17,0,36,44,0,44,80
12/14/2020,CGF,OH,AGL,CE,Federal Contract Tower,0,16,10,0,26,0,0,4,0,4,0,16,14,0,30,10,0,10,40
12/15/2020,CGF,OH,AGL,CE,Federal Contract Tower,0,16,17,0,33,0,2,20,0,22,0,18,37,0,55,32,0,32,87
12/16/2020,CGF,OH,AGL,CE,Federal Contract Tower,0,9,6,0,15,0,0,3,0,3,0,9,9,0,18,12,0,12,30
12/17/2020,CGF,OH,AGL,CE,Federal Contract Tower,0,12,11,0,23,0,0,3,0,3,0,12,14,0,26,44,0,44,70
12/18/2020,CGF,OH,AGL,CE,Federal Contract Tower,0,12,18,0,30,0,0,2,0,2,0,12,20,0,32,50,0,50,82
12/19/2020,CGF,OH,AGL,CE,Federal Contract Tower,0,20,16,0,36,0,0,26,0,26,0,20,42,0,62,24,0,24,86
12/20/2020,CGF,OH,AGL,CE,Federal Contract Tower,0,8,5,0,13,0,0,0,0,0,0,8,5,0,13,0,0,0,13
12/21/2020,CGF,OH,AGL,CE,Federal Contract Tower,0,6,13,0,19,0,0,0,0,0,0,6,13,0,19,14,0,14,33
12/22/2020,CGF,OH,AGL,CE,Federal Contract Tower,0,15,15,0,30,0,4,6,0,10,0,19,21,0,40,22,0,22,62
12/23/2020,CGF,OH,AGL,CE,Federal Contract Tower,0,20,14,0,34,0,2,18,0,20,0,22,32,0,54,10,0,10,64
12/24/2020,CGF,OH,AGL,CE,Federal Contract Tower,0,10,3,0,13,0,0,0,0,0,0,10,3,0,13,0,0,0,13
12/26/2020,CGF,OH,AGL,CE,Federal Contract Tower,0,21,11,0,32,0,0,0,0,0,0,21,11,0,32,0,0,0,32
12/27/2020,CGF,OH,AGL,CE,Federal Contract Tower,0,16,13,0,29,0,0,7,0,7,0,16,20,0,36,0,0,0,36
12/28/2020,CGF,OH,AGL,CE,Federal Contract Tower,0,17,17,0,34,0,4,0,0,4,0,21,17,0,38,0,0,0,38
12/29/2020,CGF,OH,AGL,CE,Federal Contract Tower,0,13,13,0,26,0,0,31,0,31,0,13,44,0,57,44,0,44,101
12/30/2020,CGF,OH,AGL,CE,Federal Contract Tower,0,9,3,0,12,0,0,2,0,2,0,9,5,0,14,0,0,0,14
12/31/2020,CGF,OH,AGL,CE,Federal Contract Tower,0,11,11,0,22,0,0,12,0,12,0,11,23,0,34,32,0,32,66
01/01/2021,CGF,OH,AGL,CE,Federal Contract Tower,0,8,1,0,9,0,0,2,0,2,0,8,3,0,11,2,0,2,13
01/02/2021,CGF,OH,AGL,CE,Federal Contract Tower,0,16,4,0,20,0,0,0,0,0,0,16,4,0,20,0,0,0,20
01/03/2021,CGF,OH,AGL,CE,Federal Contract Tower,0,15,15,0,30,0,0,0,0,0,0,15,15,0,30,2,0,2,32
01/04/2021,CGF,OH,AGL,CE,Federal Contract Tower,0,21,10,0,31,0,0,0,0,0,0,21,10,0,31,0,0,0,31
01/05/2021,CGF,OH,AGL,CE,Federal Contract Tower,0,9,7,0,16,0,0,7,0,7,0,9,14,0,23,8,0,8,31
01/06/2021,CGF,OH,AGL,CE,Federal Contract Tower,0,11,3,0,14,0,0,9,0,9,0,11,12,0,23,16,0,16,39
01/07/2021,CGF,OH,AGL,CE,Federal Contract Tower,0,9,3,0,12,0,0,3,0,3,0,9,6,0,15,56,4,60,75
01/08/2021,CGF,OH,AGL,CE,Federal Contract Tower,0,15,7,0,22,0,0,6,0,6,0,15,13,0,28,0,0,0,28
01/09/2021,CGF,OH,AGL,CE,Federal Contract Tower,0,14,11,0,25,0,0,49,0,49,0,14,60,0,74,32,0,32,106
01/10/2021,CGF,OH,AGL,CE,Federal Contract Tower,0,16,11,0,27,0,0,26,0,26,0,16,37,0,53,48,0,48,101
01/11/2021,CGF,OH,AGL,CE,Federal Contract Tower,0,15,10,0,25,0,0,1,0,1,0,15,11,0,26,0,0,0,26
01/12/2021,CGF,OH,AGL,CE,Federal Contract Tower,0,20,7,0,27,0,0,6,0,6,0,20,13,0,33,12,0,12,45
01/13/2021,CGF,OH,AGL,CE,Federal Contract Tower,0,11,11,0,22,0,2,30,0,32,0,13,41,0,54,42,0,42,96
01/14/2021,CGF,OH,AGL,CE,Federal Contract Tower,0,15,8,0,23,0,2,24,0,26,0,17,32,0,49,8,0,8,57
01/15/2021,CGF,OH,AGL,CE,Federal Contract Tower,0,14,10,0,24,0,0,0,0,0,0,14,10,0,24,0,0,0,24
01/16/2021,CGF,OH,AGL,CE,Federal Contract Tower,0,14,0,0,14,0,0,1,0,1,0,14,1,0,15,6,0,6,21
01/17/2021,CGF,OH,AGL,CE,Federal Contract Tower,0,14,8,0,22,0,0,0,0,0,0,14,8,0,22,0,0,0,22
01/18/2021,CGF,OH,AGL,CE,Federal Contract Tower,0,7,16,0,23,0,0,0,0,0,0,7,16,0,23,0,0,0,23
01/19/2021,CGF,OH,AGL,CE,Federal Contract Tower,0,9,21,0,30,0,0,2,0,2,0,9,23,0,32,42,0,42,74
01/20/2021,CGF,OH,AGL,CE,Federal Contract Tower,0,14,13,0,27,0,3,9,0,12,0,17,22,0,39,44,0,44,83
01/21/2021,CGF,OH,AGL,CE,Federal Contract Tower,0,6,17,0,23,0,8,15,0,23,0,14,32,0,46,8,0,8,54
01/22/2021,CGF,OH,AGL,CE,Federal Contract Tower,0,14,12,0,26,0,0,2,0,2,0,14,14,0,28,6,0,6,34
01/23/2021,CGF,OH,AGL,CE,Federal Contract Tower,0,8,10,0,18,0,4,14,0,18,0,12,24,0,36,20,0,20,56
01/24/2021,CGF,OH,AGL,CE,Federal Contract Tower,0,13,5,0,18,0,0,8,0,8,0,13,13,0,26,28,0,28,54
01/25/2021,CGF,OH,AGL,CE,Federal Contract Tower,0,14,5,0,19,0,0,3,0,3,0,14,8,0,22,42,0,42,64
01/26/2021,CGF,OH,AGL,CE,Federal Contract Tower,0,14,2,0,16,0,0,0,0,0,0,14,2,0,16,0,0,0,16
01/27/2021,CGF,OH,AGL,CE,Federal Contract Tower,0,15,8,0,23,0,0,6,0,6,0,15,14,0,29,20,0,20,49
01/28/2021,CGF,OH,AGL,CE,Federal Contract Tower,0,13,3,0,16,0,2,4,0,6,0,15,7,0,22,20,0,20,42
01/29/2021,CGF,OH,AGL,CE,Federal Contract Tower,0,18,5,0,23,0,0,14,0,14,0,18,19,0,37,46,0,46,83
01/30/2021,CGF,OH,AGL,CE,Federal Contract Tower,0,10,11,0,21,0,0,18,0,18,0,10,29,0,39,42,0,42,81
01/31/2021,CGF,OH,AGL,CE,Federal Contract Tower,0,7,4,0,11,0,0,0,0,0,0,7,4,0,11,0,0,0,11
02/01/2021,CGF,OH,AGL,CE,Federal Contract Tower,0,8,3,0,11,0,0,0,0,0,0,8,3,0,11,0,0,0,11
02/02/2021,CGF,OH,AGL,CE,Federal Contract Tower,0,16,2,0,18,0,0,5,0,5,0,16,7,0,23,6,0,6,29
02/03/2021,CGF,OH,AGL,CE,Federal Contract Tower,0,16,7,0,23,0,0,0,0,0,0,16,7,0,23,0,0,0,23
02/04/2021,CGF,OH,AGL,CE,Federal Contract Tower,0,16,11,0,27,0,2,21,1,24,0,18,32,1,51,26,0,26,77
02/05/2021,CGF,OH,AGL,CE,Federal Contract Tower,0,15,5,0,20,0,0,0,0,0,0,15,5,0,20,0,0,0,20
02/06/2021,CGF,OH,AGL,CE,Federal Contract Tower,0,13,2,0,15,0,0,12,0,12,0,13,14,0,27,24,0,24,51
02/07/2021,CGF,OH,AGL,CE,Federal Contract Tower,0,4,11,0,15,0,0,1,0,1,0,4,12,0,16,0,0,0,16
02/08/2021,CGF,OH,AGL,CE,Federal Contract Tower,0,13,9,0,22,0,0,2,0,2,0,13,11,0,24,38,0,38,62
02/09/2021,CGF,OH,AGL,CE,Federal Contract Tower,0,9,8,0,17,0,0,0,0,0,0,9,8,0,17,10,0,10,27
02/10/2021,CGF,OH,AGL,CE,Federal Contract Tower,0,18,19,0,37,0,0,9,0,9,0,18,28,0,46,60,0,60,106
02/11/2021,CGF,OH,AGL,CE,Federal Contract Tower,0,16,10,0,26,0,0,7,0,7,0,16,17,0,33,0,0,0,33
02/12/2021,CGF,OH,AGL,CE,Federal Contract Tower,0,12,9,0,21,0,0,17,0,17,0,12,26,0,38,38,0,38,76
02/13/2021,CGF,OH,AGL,CE,Federal Contract Tower,0,7,9,0,16,0,0,8,0,8,0,7,17,0,24,26,0,26,50
02/14/2021,CGF,OH,AGL,CE,Federal Contract Tower,0,14,2,0,16,0,1,6,0,7,0,15,8,0,23,62,0,62,85
02/15/2021,CGF,OH,AGL,CE,Federal Contract Tower,0,8,2,0,10,0,0,0,0,0,0,8,2,0,10,0,0,0,10
02/16/2021,CGF,OH,AGL,CE,Federal Contract Tower,0,9,6,0,15,0,0,0,0,0,0,9,6,0,15,0,0,0,15
02/17/2021,CGF,OH,AGL,CE,Federal Contract Tower,0,7,18,0,25,0,3,24,0,27,0,10,42,0,52,46,0,46,98
02/18/2021,CGF,OH,AGL,CE,Federal Contract Tower,0,11,6,0,17,0,0,0,0,0,0,11,6,0,17,0,0,0,17
02/19/2021,CGF,OH,AGL,CE,Federal Contract Tower,0,11,6,0,17,0,0,0,0,0,0,11,6,0,17,0,0,0,17
02/20/2021,CGF,OH,AGL,CE,Federal Contract Tower,0,9,15,0,24,0,0,0,0,0,0,9,15,0,24,0,0,0,24
02/21/2021,CGF,OH,AGL,CE,Federal Contract Tower,0,15,7,0,22,0,2,20,0,22,0,17,27,0,44,16,0,16,60
02/22/2021,CGF,OH,AGL,CE,Federal Contract Tower,0,11,6,0,17,0,0,0,0,0,0,11,6,0,17,0,0,0,17
02/23/2021,CGF,OH,AGL,CE,Federal Contract Tower,0,6,3,0,9,0,0,10,0,10,0,6,13,0,19,4,0,4,23
02/24/2021,CGF,OH,AGL,CE,Federal Contract Tower,0,15,18,0,33,0,1,13,0,14,0,16,31,0,47,4,0,4,51
02/25/2021,CGF,OH,AGL,CE,Federal Contract Tower,0,11,10,0,21,0,0,29,0,29,0,11,39,0,50,34,0,34,84
02/26/2021,CGF,OH,AGL,CE,Federal Contract Tower,0,19,15,0,34,0,0,30,0,30,0,19,45,0,64,20,0,20,84
02/27/2021,CGF,OH,AGL,CE,Federal Contract Tower,0,29,9,0,38,0,0,12,0,12,0,29,21,0,50,12,0,12,62
02/28/2021,CGF,OH,AGL,CE,Federal Contract Tower,0,24,17,0,41,0,0,4,0,4,0,24,21,0,45,6,0,6,51
03/01/2021,CGF,OH,AGL,CE,Federal Contract Tower,0,18,11,0,29,0,0,6,0,6,0,18,17,0,35,0,0,0,35
03/02/2021,CGF,OH,AGL,CE,Federal Contract Tower,0,16,7,0,23,0,0,37,0,37,0,16,44,0,60,58,0,58,118
03/03/2021,CGF,OH,AGL,CE,Federal Contract Tower,0,15,7,0,22,0,0,36,0,36,0,15,43,0,58,42,0,42,100
03/04/2021,CGF,OH,AGL,CE,Federal Contract Tower,0,19,17,0,36,0,0,0,0,0,0,19,17,0,36,0,0,0,36
03/05/2021,CGF,OH,AGL,CE,Federal Contract Tower,0,23,7,0,30,0,0,28,0,28,0,23,35,0,58,14,0,14,72
03/06/2021,CGF,OH,AGL,CE,Federal Contract Tower,0,13,12,0,25,0,0,24,0,24,0,13,36,0,49,8,0,8,57
03/07/2021,CGF,OH,AGL,CE,Federal Contract Tower,0,20,6,0,26,0,0,44,0,44,0,20,50,0,70,40,0,40,110
03/08/2021,CGF,OH,AGL,CE,Federal Contract Tower,0,21,18,0,39,0,0,12,0,12,0,21,30,0,51,20,0,20,71
03/09/2021,CGF,OH,AGL,CE,Federal Contract Tower,0,16,8,0,24,0,0,31,0,31,0,16,39,0,55,88,0,88,143
03/10/2021,CGF,OH,AGL,CE,Federal Contract Tower,0,11,17,0,28,0,0,16,0,16,0,11,33,0,44,0,0,0,44
03/11/2021,CGF,OH,AGL,CE,Federal Contract Tower,0,16,18,0,34,0,4,12,0,16,0,20,30,0,50,2,0,2,52
03/12/2021,CGF,OH,AGL,CE,Federal Contract Tower,0,24,11,0,35,0,0,23,0,23,0,24,34,0,58,22,0,22,80
03/13/2021,CGF,OH,AGL,CE,Federal Contract Tower,0,20,14,0,34,0,0,41,0,41,0,20,55,0,75,44,0,44,119
03/14/2021,CGF,OH,AGL,CE,Federal Contract Tower,0,18,13,0,31,0,0,37,0,37,0,18,50,0,68,24,0,24,92
03/15/2021,CGF,OH,AGL,CE,Federal Contract Tower,0,8,17,0,25,0,4,21,0,25,0,12,38,0,50,26,0,26,76
03/16/2021,CGF,OH,AGL,CE,Federal Contract Tower,0,14,15,0,29,0,0,10,0,10,0,14,25,0,39,70,0,70,109
03/17/2021,CGF,OH,AGL,CE,Federal Contract Tower,0,15,23,0,38,0,0,36,0,36,0,15,59,0,74,68,0,68,142
03/18/2021,CGF,OH,AGL,CE,Federal Contract Tower,0,18,7,0,25,0,0,2,0,2,0,18,9,0,27,4,0,4,31
03/19/2021,CGF,OH,AGL,CE,Federal Contract Tower,0,24,22,0,46,0,4,26,0,30,0,28,48,0,76,40,0,40,116
03/20/2021,CGF,OH,AGL,CE,Federal Contract Tower,0,18,5,0,23,0,3,57,0,60,0,21,62,0,83,64,0,64,147
03/21/2021,CGF,OH,AGL,CE,Federal Contract Tower,0,14,12,0,26,0,1,42,0,43,0,15,54,0,69,78,0,78,147
03/22/2021,CGF,OH,AGL,CE,Federal Contract Tower,0,21,6,0,27,0,4,35,0,39,0,25,41,0,66,68,0,68,134
03/23/2021,CGF,OH,AGL,CE,Federal Contract Tower,0,20,9,0,29,0,0,28,0,28,0,20,37,0,57,14,0,14,71
03/24/2021,CGF,OH,AGL,CE,Federal Contract Tower,0,16,10,0,26,0,0,9,0,9,0,16,19,0,35,10,0,10,45
03/25/2021,CGF,OH,AGL,CE,Federal Contract Tower,0,19,17,0,36,0,0,11,0,11,0,19,28,0,47,48,0,48,95
03/26/2021,CGF,OH,AGL,CE,Federal Contract Tower,0,20,9,0,29,0,4,2,0,6,0,24,11,0,35,0,0,0,35
03/27/2021,CGF,OH,AGL,CE,Federal Contract Tower,0,19,13,0,32,0,0,22,0,22,0,19,35,0,54,50,0,50,104
03/28/2021,CGF,OH,AGL,CE,Federal Contract Tower,0,30,20,0,50,0,0,0,0,0,0,30,20,0,50,0,0,0,50
03/29/2021,CGF,OH,AGL,CE,Federal Contract Tower,0,18,8,0,26,0,5,37,0,42,0,23,45,0,68,40,0,40,108
03/30/2021,CGF,OH,AGL,CE,Federal Contract Tower,0,12,18,0,30,0,0,6,0,6,0,12,24,0,36,8,0,8,44
03/31/2021,CGF,OH,AGL,CE,Federal Contract Tower,0,20,22,0,42,0,0,14,0,14,0,20,36,0,56,28,0,28,84
04/01/2021,CGF,OH,AGL,CE,Federal Contract Tower,0,12,16,0,28,0,0,0,0,0,0,12,16,0,28,0,0,0,28
04/02/2021,CGF,OH,AGL,CE,Federal Contract Tower,0,13,18,0,31,0,1,27,0,28,0,14,45,0,59,62,0,62,121
04/03/2021,CGF,OH,AGL,CE,Federal Contract Tower,0,14,11,0,25,0,0,20,0,20,0,14,31,0,45,12,0,12,57
04/04/2021,CGF,OH,AGL,CE,Federal Contract Tower,0,14,16,0,30,0,2,50,0,52,0,16,66,0,82,112,0,112,194
04/05/2021,CGF,OH,AGL,CE,Federal Contract Tower,0,29,13,0,42,0,2,9,0,11,0,31,22,0,53,12,0,12,65
04/06/2021,CGF,OH,AGL,CE,Federal Contract Tower,0,17,11,0,28,0,0,39,0,39,0,17,50,0,67,68,0,68,135
04/07/2021,CGF,OH,AGL,CE,Federal Contract Tower,0,16,20,0,36,0,0,36,0,36,0,16,56,0,72,52,0,52,124
04/08/2021,CGF,OH,AGL,CE,Federal Contract Tower,0,15,10,0,25,0,0,17,0,17,0,15,27,0,42,6,0,6,48
04/09/2021,CGF,OH,AGL,CE,Federal Contract Tower,0,6,16,0,22,0,0,32,0,32,0,6,48,0,54,26,0,26,80
04/10/2021,CGF,OH,AGL,CE,Federal Contract Tower,0,18,3,0,21,0,0,20,0,20,0,18,23,0,41,6,0,6,47
04/11/2021,CGF,OH,AGL,CE,Federal Contract Tower,0,10,8,0,18,0,0,20,0,20,0,10,28,0,38,28,0,28,66
04/12/2021,CGF,OH,AGL,CE,Federal Contract Tower,0,24,11,0,35,0,0,9,0,9,0,24,20,0,44,14,0,14,58
04/13/2021,CGF,OH,AGL,CE,Federal Contract Tower,0,20,14,0,34,0,3,33,0,36,0,23,47,0,70,52,0,52,122
04/14/2021,CGF,OH,AGL,CE,Federal Contract Tower,0,12,14,0,26,0,0,15,0,15,0,12,29,0,41,64,0,64,105
04/15/2021,CGF,OH,AGL,CE,Federal Contract Tower,0,22,16,0,38,0,1,2,0,3,0,23,18,0,41,0,0,0,41
04/16/2021,CGF,OH,AGL,CE,Federal Contract Tower,0,11,18,0,29,0,0,1,0,1,0,11,19,0,30,2,0,2,32
04/17/2021,CGF,OH,AGL,CE,Federal Contract Tower,0,9,14,0,23,0,0,11,0,11,0,9,25,0,34,14,0,14,48
04/18/2021,CGF,OH,AGL,CE,Federal Contract Tower,0,12,21,0,33,0,5,29,0,34,0,17,50,0,67,16,0,16,83
04/19/2021,CGF,OH,AGL,CE,Federal Contract Tower,0,14,12,0,26,0,7,23,0,30,0,21,35,0,56,20,0,20,76
04/20/2021,CGF,OH,AGL,CE,Federal Contract Tower,0,14,9,0,23,0,0,2,0,2,0,14,11,0,25,12,0,12,37
04/21/2021,CGF,OH,AGL,CE,Federal Contract Tower,0,17,1,0,18,0,0,2,0,2,0,17,3,0,20,0,0,0,20
04/22/2021,CGF,OH,AGL,CE,Federal Contract Tower,0,15,13,0,28,0,0,11,0,11,0,15,24,0,39,12,0,12,51
04/23/2021,CGF,OH,AGL,CE,Federal Contract Tower,0,11,11,0,22,0,0,26,0,26,0,11,37,0,48,20,0,20,68
04/24/2021,CGF,OH,AGL,CE,Federal Contract Tower,0,11,3,0,14,0,2,22,0,24,0,13,25,0,38,20,0,20,58
04/25/2021,CGF,OH,AGL,CE,Federal Contract Tower,0,12,12,0,24,0,0,8,0,8,0,12,20,0,32,18,0,18,50
04/26/2021,CGF,OH,AGL,CE,Federal Contract Tower,0,14,27,0,41,0,4,20,0,24,0,18,47,0,65,24,0,24,89
04/27/2021,CGF,OH,AGL,CE,Federal Contract Tower,0,12,21,0,33,0,0,26,0,26,0,12,47,0,59,40,0,40,99
04/28/2021,CGF,OH,AGL,CE,Federal Contract Tower,0,12,19,0,31,0,2,14,0,16,0,14,33,0,47,20,0,20,67
04/29/2021,CGF,OH,AGL,CE,Federal Contract Tower,0,14,22,0,36,0,0,0,0,0,0,14,22,0,36,0,0,0,36
04/30/2021,CGF,OH,AGL,CE,Federal Contract Tower,0,25,12,0,37,0,0,10,0,10,0,25,22,0,47,32,0,32,79
05/01/2021,CGF,OH,AGL,CE,Federal Contract Tower,0,15,18,0,33,0,0,29,0,29,0,15,47,0,62,100,0,100,162
05/02/2021,CGF,OH,AGL,CE,Federal Contract Tower,0,24,15,0,39,0,1,39,0,40,0,25,54,0,79,48,0,48,127
05/03/2021,CGF,OH,AGL,CE,Federal Contract Tower,0,34,7,0,41,0,0,0,0,0,0,34,7,0,41,0,0,0,41
05/04/2021,CGF,OH,AGL,CE,Federal Contract Tower,0,17,17,0,34,0,0,4,0,4,0,17,21,0,38,10,0,10,48
05/05/2021,CGF,OH,AGL,CE,Federal Contract Tower,0,26,20,0,46,0,0,0,0,0,0,26,20,0,46,4,0,4,50
05/06/2021,CGF,OH,AGL,CE,Federal Contract Tower,0,20,21,0,41,0,6,35,0,41,0,26,56,0,82,50,0,50,132
05/07/2021,CGF,OH,AGL,CE,Federal Contract Tower,0,11,13,0,24,0,0,22,0,22,0,11,35,0,46,48,0,48,94
05/08/2021,CGF,OH,AGL,CE,Federal Contract Tower,0,21,13,0,34,0,0,13,0,13,0,21,26,0,47,20,0,20,67
05/09/2021,CGF,OH,AGL,CE,Federal Contract Tower,0,16,14,0,30,0,0,0,0,0,0,16,14,0,30,0,0,0,30
05/10/2021,CGF,OH,AGL,CE,Federal Contract Tower,0,20,21,0,41,0,0,17,0,17,0,20,38,0,58,22,0,22,80
05/11/2021,CGF,OH,AGL,CE,Federal Contract Tower,0,20,8,0,28,0,2,12,0,14,0,22,20,0,42,10,0,10,52
05/12/2021,CGF,OH,AGL,CE,Federal Contract Tower,0,14,15,0,29,0,2,33,0,35,0,16,48,0,64,66,0,66,130
05/13/2021,CGF,OH,AGL,CE,Federal Contract Tower,0,26,26,0,52,0,0,30,0,30,0,26,56,0,82,28,0,28,110
05/14/2021,CGF,OH,AGL,CE,Federal Contract Tower,0,16,25,0,41,0,0,43,0,43,0,16,68,0,84,86,0,86,170
05/15/2021,CGF,OH,AGL,CE,Federal Contract Tower,0,23,12,0,35,0,0,43,0,43,0,23,55,0,78,16,0,16,94
05/16/2021,CGF,OH,AGL,CE,Federal Contract Tower,0,17,14,0,31,0,0,19,0,19,0,17,33,0,50,42,0,42,92
05/17/2021,CGF,OH,AGL,CE,Federal Contract Tower,0,19,10,0,29,0,3,25,0,28,0,22,35,0,57,42,0,42,99
05/18/2021,CGF,OH,AGL,CE,Federal Contract Tower,0,28,21,0,49,0,0,29,0,29,0,28,50,0,78,34,0,34,112
05/19/2021,CGF,OH,AGL,CE,Federal Contract Tower,0,22,31,0,53,0,3,35,0,38,0,25,66,0,91,46,0,46,137
05/20/2021,CGF,OH,AGL,CE,Federal Contract Tower,0,18,20,0,38,0,1,29,0,30,0,19,49,0,68,82,0,82,150
05/21/2021,CGF,OH,AGL,CE,Federal Contract Tower,0,13,16,0,29,0,2,28,0,30,0,15,44,0,59,60,0,60,119
05/22/2021,CGF,OH,AGL,CE,Federal Contract Tower,0,11,13,0,24,0,0,25,0,25,0,11,38,0,49,18,0,18,67
05/23/2021,CGF,OH,AGL,CE,Federal Contract Tower,0,21,9,0,30,0,2,12,0,14,0,23,21,0,44,10,0,10,54
05/24/2021,CGF,OH,AGL,CE,Federal Contract Tower,0,23,10,0,33,0,0,15,0,15,0,23,25,0,48,28,0,28,76
05/25/2021,CGF,OH,AGL,CE,Federal Contract Tower,0,13,19,0,32,0,2,17,0,19,0,15,36,0,51,32,0,32,83
05/26/2021,CGF,OH,AGL,CE,Federal Contract Tower,0,12,10,0,22,0,2,6,0,8,0,14,16,0,30,6,0,6,36
05/27/2021,CGF,OH,AGL,CE,Federal Contract Tower,0,16,15,0,31,0,2,19,0,21,0,18,34,0,52,16,0,16,68
05/28/2021,CGF,OH,AGL,CE,Federal Contract Tower,0,9,13,0,22,0,0,0,0,0,0,9,13,0,22,0,0,0,22
05/29/2021,CGF,OH,AGL,CE,Federal Contract Tower,0,15,12,0,27,0,0,2,0,2,0,15,14,0,29,0,0,0,29
05/30/2021,CGF,OH,AGL,CE,Federal Contract Tower,0,18,11,0,29,0,0,24,0,24,0,18,35,0,53,36,0,36,89
05/31/2021,CGF,OH,AGL,CE,Federal Contract Tower,0,19,12,0,31,0,0,35,2,37,0,19,47,2,68,38,0,38,106
06/01/2021,CGF,OH,AGL,CE,Federal Contract Tower,0,19,19,0,38,0,0,24,0,24,0,19,43,0,62,64,0,64,126
06/02/2021,CGF,OH,AGL,CE,Federal Contract Tower,0,15,17,0,32,0,0,12,0,12,0,15,29,0,44,54,0,54,98
06/03/2021,CGF,OH,AGL,CE,Federal Contract Tower,0,12,20,0,32,0,1,10,0,11,0,13,30,0,43,20,0,20,63
06/04/2021,CGF,OH,AGL,CE,Federal Contract Tower,0,18,19,0,37,0,4,11,0,15,0,22,30,0,52,4,0,4,56
06/05/2021,CGF,OH,AGL,CE,Federal Contract Tower,0,18,10,0,28,0,0,27,0,27,0,18,37,0,55,8,0,8,63
06/06/2021,CGF,OH,AGL,CE,Federal Contract Tower,0,23,32,0,55,0,1,51,0,52,0,24,83,0,107,56,0,56,163
06/07/2021,CGF,OH,AGL,CE,Federal Contract Tower,0,17,11,0,28,0,0,15,0,15,0,17,26,0,43,76,0,76,119
06/08/2021,CGF,OH,AGL,CE,Federal Contract Tower,0,24,22,0,46,0,0,19,0,19,0,24,41,0,65,0,0,0,65
06/09/2021,CGF,OH,AGL,CE,Federal Contract Tower,0,23,13,0,36,0,3,11,0,14,0,26,24,0,50,40,0,40,90
06/10/2021,CGF,OH,AGL,CE,Federal Contract Tower,0,19,20,0,39,0,0,14,0,14,0,19,34,0,53,26,0,26,79
06/11/2021,CGF,OH,AGL,CE,Federal Contract Tower,0,22,17,0,39,0,1,8,0,9,0,23,25,0,48,44,0,44,92
06/12/2021,CGF,OH,AGL,CE,Federal Contract Tower,0,21,10,0,31,0,1,17,0,18,0,22,27,0,49,18,0,18,67
06/13/2021,CGF,OH,AGL,CE,Federal Contract Tower,0,12,24,0,36,0,0,23,0,23,0,12,47,0,59,30,0,30,89
06/14/2021,CGF,OH,AGL,CE,Federal Contract Tower,0,13,13,0,26,0,0,4,0,4,0,13,17,0,30,20,0,20,50
06/15/2021,CGF,OH,AGL,CE,Federal Contract Tower,0,8,14,0,22,0,0,10,0,10,0,8,24,0,32,22,0,22,54
06/16/2021,CGF,OH,AGL,CE,Federal Contract Tower,0,13,27,0,40,0,2,22,0,24,0,15,49,0,64,60,0,60,124
06/17/2021,CGF,OH,AGL,CE,Federal Contract Tower,0,18,14,0,32,0,1,36,0,37,0,19,50,0,69,68,0,68,137
06/18/2021,CGF,OH,AGL,CE,Federal Contract Tower,0,24,7,0,31,0,0,1,0,1,0,24,8,0,32,0,0,0,32
06/19/2021,CGF,OH,AGL,CE,Federal Contract Tower,0,22,3,0,25,0,2,9,0,11,0,24,12,0,36,8,0,8,44
06/20/2021,CGF,OH,AGL,CE,Federal Contract Tower,0,20,9,0,29,0,0,15,0,15,0,20,24,0,44,14,0,14,58
06/21/2021,CGF,OH,AGL,CE,Federal Contract Tower,0,14,23,0,37,0,0,4,0,4,0,14,27,0,41,24,0,24,65
06/22/2021,CGF,OH,AGL,CE,Federal Contract Tower,0,36,16,0,52,0,0,42,0,42,0,36,58,0,94,48,0,48,142
06/23/2021,CGF,OH,AGL,CE,Federal Contract Tower,0,22,21,0,43,0,0,52,0,52,0,22,73,0,95,30,0,30,125
06/24/2021,CGF,OH,AGL,CE,Federal Contract Tower,0,17,15,0,32,0,3,35,0,38,0,20,50,0,70,34,0,34,104
06/25/2021,CGF,OH,AGL,CE,Federal Contract Tower,0,11,18,0,29,0,2,16,0,18,0,13,34,0,47,10,0,10,57
06/26/2021,CGF,OH,AGL,CE,Federal Contract Tower,0,10,8,0,18,0,2,9,0,11,0,12,17,0,29,0,0,0,29
06/27/2021,CGF,OH,AGL,CE,Federal Contract Tower,0,23,21,0,44,0,2,9,0,11,0,25,30,0,55,20,0,20,75
06/28/2021,CGF,OH,AGL,CE,Federal Contract Tower,0,19,21,0,40,0,0,10,0,10,0,19,31,0,50,34,0,34,84
06/29/2021,CGF,OH,AGL,CE,Federal Contract Tower,0,13,19,0,32,0,0,13,0,13,0,13,32,0,45,18,0,18,63
06/30/2021,CGF,OH,AGL,CE,Federal Contract Tower,0,18,14,0,32,0,0,6,0,6,0,18,20,0,38,16,0,16,54
07/01/2021,CGF,OH,AGL,CE,Federal Contract Tower,0,14,25,0,39,0,0,3,0,3,0,14,28,0,42,18,0,18,60
07/02/2021,CGF,OH,AGL,CE,Federal Contract Tower,0,19,23,0,42,0,0,9,0,9,0,19,32,0,51,4,0,4,55
07/03/2021,CGF,OH,AGL,CE,Federal Contract Tower,0,16,11,0,27,0,0,14,0,14,0,16,25,0,41,44,0,44,85
07/04/2021,CGF,OH,AGL,CE,Federal Contract Tower,0,6,2,0,8,0,0,14,0,14,0,6,16,0,22,0,0,0,22
07/05/2021,CGF,OH,AGL,CE,Federal Contract Tower,0,14,21,0,35,0,0,14,0,14,0,14,35,0,49,30,0,30,79
07/06/2021,CGF,OH,AGL,CE,Federal Contract Tower,0,19,10,0,29,0,0,15,0,15,0,19,25,0,44,26,0,26,70
07/07/2021,CGF,OH,AGL,CE,Federal Contract Tower,0,12,15,0,27,0,12,4,0,16,0,24,19,0,43,12,0,12,55
07/08/2021,CGF,OH,AGL,CE,Federal Contract Tower,0,6,10,0,16,0,0,9,0,9,0,6,19,0,25,18,0,18,43
07/09/2021,CGF,OH,AGL,CE,Federal Contract Tower,0,13,15,0,28,0,0,16,0,16,0,13,31,0,44,28,0,28,72
07/10/2021,CGF,OH,AGL,CE,Federal Contract Tower,0,12,18,0,30,0,0,38,0,38,0,12,56,0,68,72,0,72,140
07/11/2021,CGF,OH,AGL,CE,Federal Contract Tower,0,22,8,0,30,0,0,3,0,3,0,22,11,0,33,0,0,0,33
07/12/2021,CGF,OH,AGL,CE,Federal Contract Tower,0,10,10,0,20,0,0,0,0,0,0,10,10,0,20,0,0,0,20
07/13/2021,CGF,OH,AGL,CE,Federal Contract Tower,0,26,25,0,51,0,0,11,0,11,0,26,36,0,62,40,0,40,102
07/14/2021,CGF,OH,AGL,CE,Federal Contract Tower,0,34,27,0,61,0,0,18,0,18,0,34,45,0,79,20,0,20,99
07/15/2021,CGF,OH,AGL,CE,Federal Contract Tower,0,19,32,0,51,0,2,11,0,13,0,21,43,0,64,46,0,46,110
07/16/2021,CGF,OH,AGL,CE,Federal Contract Tower,0,24,27,0,51,0,2,3,0,5,0,26,30,0,56,20,0,20,76
07/17/2021,CGF,OH,AGL,CE,Federal Contract Tower,0,9,12,0,21,0,0,0,0,0,0,9,12,0,21,2,0,2,23
07/18/2021,CGF,OH,AGL,CE,Federal Contract Tower,0,19,30,0,49,0,4,38,0,42,0,23,68,0,91,66,0,66,157
07/19/2021,CGF,OH,AGL,CE,Federal Contract Tower,0,23,17,0,40,0,0,20,0,20,0,23,37,0,60,58,0,58,118
07/20/2021,CGF,OH,AGL,CE,Federal Contract Tower,0,25,22,0,47,0,0,17,0,17,0,25,39,0,64,22,0,22,86
07/21/2021,CGF,OH,AGL,CE,Federal Contract Tower,0,17,20,0,37,0,2,21,0,23,0,19,41,0,60,14,0,14,74
07/22/2021,CGF,OH,AGL,CE,Federal Contract Tower,0,13,14,0,27,0,0,21,0,21,0,13,35,0,48,10,0,10,58
07/23/2021,CGF,OH,AGL,CE,Federal Contract Tower,0,19,30,0,49,0,0,17,0,17,0,19,47,0,66,52,0,52,118
07/24/2021,CGF,OH,AGL,CE,Federal Contract Tower,0,4,17,0,21,0,2,2,0,4,0,6,19,0,25,2,0,2,27
07/25/2021,CGF,OH,AGL,CE,Federal Contract Tower,0,7,24,0,31,0,0,15,0,15,0,7,39,0,46,16,0,16,62
07/26/2021,CGF,OH,AGL,CE,Federal Contract Tower,0,12,15,0,27,0,0,15,0,15,0,12,30,0,42,34,0,34,76
07/27/2021,CGF,OH,AGL,CE,Federal Contract Tower,0,14,23,0,37,0,0,18,2,20,0,14,41,2,57,18,0,18,75
07/28/2021,CGF,OH,AGL,CE,Federal Contract Tower,0,19,29,0,48,0,0,15,0,15,0,19,44,0,63,22,0,22,85
07/29/2021,CGF,OH,AGL,CE,Federal Contract Tower,0,17,28,0,45,0,0,4,0,4,0,17,32,0,49,0,0,0,49
07/30/2021,CGF,OH,AGL,CE,Federal Contract Tower,0,17,34,0,51,0,0,14,0,14,0,17,48,0,65,10,0,10,75
07/31/2021,CGF,OH,AGL,CE,Federal Contract Tower,0,12,17,0,29,0,0,27,0,27,0,12,44,0,56,26,0,26,82
08/01/2021,CGF,OH,AGL,CE,Federal Contract Tower,0,16,10,0,26,0,0,4,0,4,0,16,14,0,30,0,0,0,30
08/02/2021,CGF,OH,AGL,CE,Federal Contract Tower,0,20,13,0,33,0,6,20,0,26,0,26,33,0,59,18,0,18,77
08/03/2021,CGF,OH,AGL,CE,Federal Contract Tower,0,16,8,0,24,0,0,31,0,31,0,16,39,0,55,30,0,30,85
08/04/2021,CGF,OH,AGL,CE,Federal Contract Tower,0,20,16,0,36,0,0,18,0,18,0,20,34,0,54,46,0,46,100
08/05/2021,CGF,OH,AGL,CE,Federal Contract Tower,0,29,23,0,52,0,2,14,0,16,0,31,37,0,68,12,0,12,80
08/06/2021,CGF,OH,AGL,CE,Federal Contract Tower,0,19,27,0,46,0,0,29,2,31,0,19,56,2,77,22,0,22,99
08/07/2021,CGF,OH,AGL,CE,Federal Contract Tower,0,7,10,0,17,0,0,8,0,8,0,7,18,0,25,12,0,12,37
08/08/2021,CGF,OH,AGL,CE,Federal Contract Tower,0,9,25,0,34,0,0,14,0,14,0,9,39,0,48,42,0,42,90
08/09/2021,CGF,OH,AGL,CE,Federal Contract Tower,0,18,15,0,33,0,0,21,0,21,0,18,36,0,54,4,0,4,58
08/10/2021,CGF,OH,AGL,CE,Federal Contract Tower,0,10,16,2,28,0,0,12,0,12,0,10,28,2,40,20,0,20,60
08/11/2021,CGF,OH,AGL,CE,Federal Contract Tower,0,30,10,0,40,0,0,6,0,6,0,30,16,0,46,4,0,4,50
08/12/2021,CGF,OH,AGL,CE,Federal Contract Tower,0,31,16,0,47,0,0,6,0,6,0,31,22,0,53,18,0,18,71
08/13/2021,CGF,OH,AGL,CE,Federal Contract Tower,0,14,13,0,27,0,0,14,0,14,0,14,27,0,41,8,0,8,49
08/14/2021,CGF,OH,AGL,CE,Federal Contract Tower,0,9,19,0,28,0,2,24,0,26,0,11,43,0,54,30,0,30,84
08/15/2021,CGF,OH,AGL,CE,Federal Contract Tower,0,21,22,0,43,0,2,26,0,28,0,23,48,0,71,14,0,14,85
08/16/2021,CGF,OH,AGL,CE,Federal Contract Tower,0,14,21,0,35,0,0,2,0,2,0,14,23,0,37,0,0,0,37
08/17/2021,CGF,OH,AGL,CE,Federal Contract Tower,0,12,19,0,31,0,2,0,0,2,0,14,19,0,33,0,0,0,33
08/18/2021,CGF,OH,AGL,CE,Federal Contract Tower,0,19,31,0,50,0,0,2,0,2,0,19,33,0,52,6,0,6,58
08/19/2021,CGF,OH,AGL,CE,Federal Contract Tower,0,20,22,0,42,0,0,17,0,17,0,20,39,0,59,30,0,30,89
08/20/2021,CGF,OH,AGL,CE,Federal Contract Tower,0,17,21,0,38,0,0,30,0,30,0,17,51,0,68,50,0,50,118
08/21/2021,CGF,OH,AGL,CE,Federal Contract Tower,0,10,21,0,31,0,0,21,0,21,0,10,42,0,52,30,0,30,82
08/22/2021,CGF,OH,AGL,CE,Federal Contract Tower,0,9,14,0,23,0,0,18,0,18,0,9,32,0,41,8,0,8,49
08/23/2021,CGF,OH,AGL,CE,Federal Contract Tower,0,17,22,0,39,0,0,10,0,10,0,17,32,0,49,12,0,12,61
08/24/2021,CGF,OH,AGL,CE,Federal Contract Tower,0,30,18,0,48,0,0,24,0,24,0,30,42,0,72,6,0,6,78
08/25/2021,CGF,OH,AGL,CE,Federal Contract Tower,0,18,19,0,37,0,0,9,0,9,0,18,28,0,46,28,0,28,74
08/26/2021,CGF,OH,AGL,CE,Federal Contract Tower,0,19,26,0,45,0,0,18,0,18,0,19,44,0,63,44,0,44,107
08/27/2021,CGF,OH,AGL,CE,Federal Contract Tower,0,14,23,0,37,0,0,11,0,11,0,14,34,0,48,26,0,26,74
08/28/2021,CGF,OH,AGL,CE,Federal Contract Tower,0,13,13,0,26,0,0,6,0,6,0,13,19,0,32,22,0,22,54
08/29/2021,CGF,OH,AGL,CE,Federal Contract Tower,0,16,18,0,34,0,0,16,0,16,0,16,34,0,50,2,0,2,52
08/30/2021,CGF,OH,AGL,CE,Federal Contract Tower,0,18,8,0,26,0,0,6,0,6,0,18,14,0,32,6,0,6,38
08/31/2021,CGF,OH,AGL,CE,Federal Contract Tower,0,17,12,0,29,0,0,25,0,25,0,17,37,0,54,82,0,82,136
09/01/2021,CGF,OH,AGL,CE,Federal Contract Tower,0,26,13,0,39,0,0,19,0,19,0,26,32,0,58,42,0,42,100
09/02/2021,CGF,OH,AGL,CE,Federal Contract Tower,0,24,15,0,39,0,0,38,0,38,0,24,53,0,77,94,0,94,171
09/03/2021,CGF,OH,AGL,CE,Federal Contract Tower,0,22,37,0,59,0,3,41,0,44,0,25,78,0,103,126,0,126,229
09/04/2021,CGF,OH,AGL,CE,Federal Contract Tower,0,15,18,0,33,0,0,21,0,21,0,15,39,0,54,26,0,26,80
09/05/2021,CGF,OH,AGL,CE,Federal Contract Tower,0,11,18,0,29,0,3,22,0,25,0,14,40,0,54,32,0,32,86
09/06/2021,CGF,OH,AGL,CE,Federal Contract Tower,0,14,19,0,33,0,6,23,0,29,0,20,42,0,62,20,0,20,82
09/07/2021,CGF,OH,AGL,CE,Federal Contract Tower,0,16,20,0,36,0,0,21,0,21,0,16,41,0,57,6,0,6,63
09/08/2021,CGF,OH,AGL,CE,Federal Contract Tower,0,14,14,0,28,0,0,13,0,13,0,14,27,0,41,28,0,28,69
09/09/2021,CGF,OH,AGL,CE,Federal Contract Tower,0,10,14,0,24,0,0,10,0,10,0,10,24,0,34,0,0,0,34
09/10/2021,CGF,OH,AGL,CE,Federal Contract Tower,0,11,22,0,33,0,0,24,0,24,0,11,46,0,57,52,0,52,109
09/11/2021,CGF,OH,AGL,CE,Federal Contract Tower,0,6,8,0,14,0,0,18,0,18,0,6,26,0,32,16,0,16,48
09/12/2021,CGF,OH,AGL,CE,Federal Contract Tower,0,16,13,0,29,0,2,15,0,17,0,18,28,0,46,20,0,20,66
09/13/2021,CGF,OH,AGL,CE,Federal Contract Tower,0,16,27,0,43,0,2,16,0,18,0,18,43,0,61,36,0,36,97
09/14/2021,CGF,OH,AGL,CE,Federal Contract Tower,0,18,12,0,30,0,0,19,0,19,0,18,31,0,49,48,0,48,97
09/15/2021,CGF,OH,AGL,CE,Federal Contract Tower,0,15,9,0,24,0,1,11,0,12,0,16,20,0,36,24,0,24,60
09/16/2021,CGF,OH,AGL,CE,Federal Contract Tower,0,17,25,0,42,0,0,29,0,29,0,17,54,0,71,20,0,20,91
09/17/2021,CGF,OH,AGL,CE,Federal Contract Tower,0,13,13,0,26,0,0,24,0,24,0,13,37,0,50,22,0,22,72
09/18/2021,CGF,OH,AGL,CE,Federal Contract Tower,0,18,11,0,29,0,0,19,0,19,0,18,30,0,48,16,0,16,64
09/19/2021,CGF,OH,AGL,CE,Federal Contract Tower,0,18,20,0,38,0,1,28,0,29,0,19,48,0,67,26,0,26,93
09/20/2021,CGF,OH,AGL,CE,Federal Contract Tower,0,17,30,0,47,0,3,24,0,27,0,20,54,0,74,48,0,48,122
09/21/2021,CGF,OH,AGL,CE,Federal Contract Tower,0,17,19,0,36,0,3,7,0,10,0,20,26,0,46,0,0,0,46
09/22/2021,CGF,OH,AGL,CE,Federal Contract Tower,0,11,23,0,34,0,0,0,0,0,0,11,23,0,34,0,0,0,34
09/23/2021,CGF,OH,AGL,CE,Federal Contract Tower,0,21,18,0,39,0,0,0,0,0,0,21,18,0,39,0,0,0,39
09/24/2021,CGF,OH,AGL,CE,Federal Contract Tower,0,22,29,0,51,0,1,39,0,40,0,23,68,0,91,24,0,24,115
09/25/2021,CGF,OH,AGL,CE,Federal Contract Tower,0,11,9,0,20,0,0,8,0,8,0,11,17,0,28,8,0,8,36
09/26/2021,CGF,OH,AGL,CE,Federal Contract Tower,0,15,19,0,34,0,0,27,0,27,0,15,46,0,61,50,0,50,111
09/27/2021,CGF,OH,AGL,CE,Federal Contract Tower,0,26,30,0,56,0,2,31,0,33,0,28,61,0,89,20,0,20,109
09/28/2021,CGF,OH,AGL,CE,Federal Contract Tower,0,18,23,0,41,0,0,15,0,15,0,18,38,0,56,48,0,48,104
09/29/2021,CGF,OH,AGL,CE,Federal Contract Tower,0,15,15,0,30,0,2,13,0,15,0,17,28,0,45,16,0,16,61
09/30/2021,CGF,OH,AGL,CE,Federal Contract Tower,0,25,15,0,40,0,2,21,0,23,0,27,36,0,63,32,0,32,95
10/01/2021,CGF,OH,AGL,CE,Federal Contract Tower,0,24,27,0,51,0,0,20,0,20,0,24,47,0,71,40,0,40,111
10/02/2021,CGF,OH,AGL,CE,Federal Contract Tower,0,24,15,0,39,0,0,32,0,32,0,24,47,0,71,26,0,26,97
10/03/2021,CGF,OH,AGL,CE,Federal Contract Tower,0,23,19,0,42,0,0,1,0,1,0,23,20,0,43,0,0,0,43
10/04/2021,CGF,OH,AGL,CE,Federal Contract Tower,0,21,29,0,50,0,0,0,0,0,0,21,29,0,50,0,0,0,50
10/05/2021,CGF,OH,AGL,CE,Federal Contract Tower,0,13,21,0,34,0,0,1,0,1,0,13,22,0,35,0,0,0,35
10/06/2021,CGF,OH,AGL,CE,Federal Contract Tower,0,20,25,0,45,0,0,21,0,21,0,20,46,0,66,78,0,78,144
10/07/2021,CGF,OH,AGL,CE,Federal Contract Tower,0,13,18,0,31,0,0,7,0,7,0,13,25,0,38,20,0,20,58
10/08/2021,CGF,OH,AGL,CE,Federal Contract Tower,0,16,23,0,39,0,0,1,0,1,0,16,24,0,40,0,0,0,40
10/09/2021,CGF,OH,AGL,CE,Federal Contract Tower,0,13,7,0,20,0,0,17,0,17,0,13,24,0,37,14,0,14,51
10/10/2021,CGF,OH,AGL,CE,Federal Contract Tower,0,14,15,0,29,0,0,8,1,9,0,14,23,1,38,12,0,12,50
10/11/2021,CGF,OH,AGL,CE,Federal Contract Tower,0,14,8,0,22,0,0,16,0,16,0,14,24,0,38,24,0,24,62
10/12/2021,CGF,OH,AGL,CE,Federal Contract Tower,0,17,24,0,41,0,0,15,0,15,0,17,39,0,56,18,0,18,74
10/13/2021,CGF,OH,AGL,CE,Federal Contract Tower,0,14,23,0,37,0,0,21,0,21,0,14,44,0,58,30,0,30,88
10/14/2021,CGF,OH,AGL,CE,Federal Contract Tower,0,34,21,0,55,0,0,23,0,23,0,34,44,0,78,20,0,20,98
10/15/2021,CGF,OH,AGL,CE,Federal Contract Tower,0,18,12,0,30,0,0,8,0,8,0,18,20,0,38,10,0,10,48
10/16/2021,CGF,OH,AGL,CE,Federal Contract Tower,0,9,15,0,24,0,0,2,0,2,0,9,17,0,26,0,0,0,26
10/17/2021,CGF,OH,AGL,CE,Federal Contract Tower,0,20,19,0,39,0,0,4,0,4,0,20,23,0,43,0,0,0,43
10/18/2021,CGF,OH,AGL,CE,Federal Contract Tower,0,15,26,0,41,0,0,15,0,15,0,15,41,0,56,2,0,2,58
10/19/2021,CGF,OH,AGL,CE,Federal Contract Tower,0,13,27,0,40,0,0,21,0,21,0,13,48,0,61,42,0,42,103
10/20/2021,CGF,OH,AGL,CE,Federal Contract Tower,0,24,27,0,51,0,0,34,0,34,0,24,61,0,85,34,0,34,119
10/21/2021,CGF,OH,AGL,CE,Federal Contract Tower,0,20,20,0,40,0,0,6,0,6,0,20,26,0,46,10,0,10,56
10/22/2021,CGF,OH,AGL,CE,Federal Contract Tower,0,15,15,0,30,0,0,9,0,9,0,15,24,0,39,0,0,0,39
10/23/2021,CGF,OH,AGL,CE,Federal Contract Tower,0,18,11,0,29,0,1,7,0,8,0,19,18,0,37,14,0,14,51
10/24/2021,CGF,OH,AGL,CE,Federal Contract Tower,0,18,25,0,43,0,0,12,0,12,0,18,37,0,55,0,0,0,55
10/25/2021,CGF,OH,AGL,CE,Federal Contract Tower,0,17,4,0,21,0,0,4,0,4,0,17,8,0,25,2,0,2,27
10/26/2021,CGF,OH,AGL,CE,Federal Contract Tower,0,14,8,0,22,0,0,0,0,0,0,14,8,0,22,0,0,0,22
10/27/2021,CGF,OH,AGL,CE,Federal Contract Tower,0,18,31,0,49,0,0,0,0,0,0,18,31,0,49,0,0,0,49
10/28/2021,CGF,OH,AGL,CE,Federal Contract Tower,0,20,23,0,43,0,0,22,0,22,0,20,45,0,65,14,0,14,79
10/29/2021,CGF,OH,AGL,CE,Federal Contract Tower,0,25,15,0,40,0,0,1,0,1,0,25,16,0,41,0,0,0,41
10/30/2021,CGF,OH,AGL,CE,Federal Contract Tower,0,14,12,0,26,0,1,12,0,13,0,15,24,0,39,24,0,24,63
10/31/2021,CGF,OH,AGL,CE,Federal Contract Tower,0,10,17,0,27,0,0,8,0,8,0,10,25,0,35,2,0,2,37
11/01/2021,CGF,OH,AGL,CE,Federal Contract Tower,0,13,16,0,29,0,0,12,0,12,0,13,28,0,41,0,0,0,41
11/02/2021,CGF,OH,AGL,CE,Federal Contract Tower,0,13,22,0,35,0,1,5,0,6,0,14,27,0,41,0,0,0,41
11/03/2021,CGF,OH,AGL,CE,Federal Contract Tower,0,14,18,0,32,0,6,17,0,23,0,20,35,0,55,46,0,46,101
11/04/2021,CGF,OH,AGL,CE,Federal Contract Tower,0,12,15,0,27,0,0,8,0,8,0,12,23,0,35,6,0,6,41
11/05/2021,CGF,OH,AGL,CE,Federal Contract Tower,0,15,30,0,45,0,0,46,0,46,0,15,76,0,91,14,12,26,117
11/06/2021,CGF,OH,AGL,CE,Federal Contract Tower,0,10,17,0,27,0,0,34,0,34,0,10,51,0,61,84,0,84,145
11/07/2021,CGF,OH,AGL,CE,Federal Contract Tower,0,18,19,0,37,0,0,48,0,48,0,18,67,0,85,0,0,0,85
11/08/2021,CGF,OH,AGL,CE,Federal Contract Tower,0,11,20,0,31,0,0,31,0,31,0,11,51,0,62,42,0,42,104
11/09/2021,CGF,OH,AGL,CE,Federal Contract Tower,0,7,23,0,30,0,0,27,0,27,0,7,50,0,57,32,0,32,89
11/10/2021,CGF,OH,AGL,CE,Federal Contract Tower,0,19,22,0,41,0,0,20,0,20,0,19,42,0,61,42,0,42,103
11/11/2021,CGF,OH,AGL,CE,Federal Contract Tower,0,26,28,0,54,0,0,7,0,7,0,26,35,0,61,38,0,38,99
11/12/2021,CGF,OH,AGL,CE,Federal Contract Tower,0,22,7,0,29,0,6,2,0,8,0,28,9,0,37,0,0,0,37
11/13/2021,CGF,OH,AGL,CE,Federal Contract Tower,0,12,8,0,20,0,0,2,0,2,0,12,10,0,22,0,0,0,22
11/14/2021,CGF,OH,AGL,CE,Federal Contract Tower,0,6,8,0,14,0,0,2,0,2,0,6,10,0,16,14,0,14,30
11/15/2021,CGF,OH,AGL,CE,Federal Contract Tower,0,15,13,0,28,0,0,2,0,2,0,15,15,0,30,0,0,0,30
11/16/2021,CGF,OH,AGL,CE,Federal Contract Tower,0,15,25,0,40,0,0,10,1,11,0,15,35,1,51,46,0,46,97
11/17/2021,CGF,OH,AGL,CE,Federal Contract Tower,0,31,20,0,51,0,0,3,0,3,0,31,23,0,54,6,0,6,60
11/18/2021,CGF,OH,AGL,CE,Federal Contract Tower,0,28,30,0,58,0,0,6,0,6,0,28,36,0,64,0,0,0,64
11/19/2021,CGF,OH,AGL,CE,Federal Contract Tower,0,16,20,0,36,0,0,10,0,10,0,16,30,0,46,24,0,24,70
11/21/2021,CGF,OH,AGL,CE,Federal Contract Tower,0,10,12,0,22,0,0,3,0,3,0,10,15,0,25,0,0,0,25
11/22/2021,CGF,OH,AGL,CE,Federal Contract Tower,0,9,18,0,27,0,0,4,0,4,0,9,22,0,31,18,0,18,49
11/23/2021,CGF,OH,AGL,CE,Federal Contract Tower,0,26,20,0,46,0,0,39,0,39,0,26,59,0,85,44,0,44,129
11/24/2021,CGF,OH,AGL,CE,Federal Contract Tower,0,16,23,0,39,0,0,36,0,36,0,16,59,0,75,12,0,12,87
11/25/2021,CGF,OH,AGL,CE,Federal Contract Tower,0,4,5,0,9,0,0,0,0,0,0,4,5,0,9,0,0,0,9
11/26/2021,CGF,OH,AGL,CE,Federal Contract Tower,0,11,6,0,17,0,0,1,0,1,0,11,7,0,18,0,0,0,18
11/27/2021,CGF,OH,AGL,CE,Federal Contract Tower,0,10,26,0,36,0,0,19,0,19,0,10,45,0,55,24,0,24,79
11/28/2021,CGF,OH,AGL,CE,Federal Contract Tower,0,18,20,0,38,0,0,0,0,0,0,18,20,0,38,0,0,0,38
11/29/2021,CGF,OH,AGL,CE,Federal Contract Tower,0,24,26,0,50,0,0,13,0,13,0,24,39,0,63,34,0,34,97
11/30/2021,CGF,OH,AGL,CE,Federal Contract Tower,0,10,21,0,31,0,0,7,0,7,0,10,28,0,38,20,0,20,58
12/01/2021,CGF,OH,AGL,CE,Federal Contract Tower,0,13,12,0,25,0,0,22,0,22,0,13,34,0,47,26,0,26,73
12/02/2021,CGF,OH,AGL,CE,Federal Contract Tower,0,6,21,0,27,0,0,4,0,4,0,6,25,0,31,0,0,0,31
12/03/2021,CGF,OH,AGL,CE,Federal Contract Tower,0,14,16,0,30,0,0,1,0,1,0,14,17,0,31,0,0,0,31
12/04/2021,CGF,OH,AGL,CE,Federal Contract Tower,0,7,7,0,14,0,0,5,0,5,0,7,12,0,19,2,0,2,21
12/05/2021,CGF,OH,AGL,CE,Federal Contract Tower,0,21,10,0,31,0,0,9,0,9,0,21,19,0,40,4,0,4,44
12/06/2021,CGF,OH,AGL,CE,Federal Contract Tower,0,15,10,0,25,0,0,0,0,0,0,15,10,0,25,0,0,0,25
12/07/2021,CGF,OH,AGL,CE,Federal Contract Tower,0,17,18,0,35,0,0,10,0,10,0,17,28,0,45,14,0,14,59
12/08/2021,CGF,OH,AGL,CE,Federal Contract Tower,0,18,18,0,36,0,0,3,0,3,0,18,21,0,39,36,0,36,75
12/09/2021,CGF,OH,AGL,CE,Federal Contract Tower,0,14,12,0,26,0,0,3,0,3,0,14,15,0,29,4,0,4,33
12/10/2021,CGF,OH,AGL,CE,Federal Contract Tower,0,18,19,0,37,0,0,17,0,17,0,18,36,0,54,72,0,72,126
12/11/2021,CGF,OH,AGL,CE,Federal Contract Tower,0,11,1,0,12,0,0,0,0,0,0,11,1,0,12,0,0,0,12
12/12/2021,CGF,OH,AGL,CE,Federal Contract Tower,0,16,19,0,35,0,4,30,0,34,0,20,49,0,69,60,0,60,129
12/13/2021,CGF,OH,AGL,CE,Federal Contract Tower,0,21,7,0,28,0,0,22,0,22,0,21,29,0,50,22,0,22,72
12/14/2021,CGF,OH,AGL,CE,Federal Contract Tower,0,5,36,0,41,0,0,34,0,34,0,5,70,0,75,56,0,56,131
12/15/2021,CGF,OH,AGL,CE,Federal Contract Tower,0,17,18,0,35,0,0,0,0,0,0,17,18,0,35,0,0,0,35
12/16/2021,CGF,OH,AGL,CE,Federal Contract Tower,0,18,14,0,32,0,0,1,0,1,0,18,15,0,33,0,0,0,33
12/17/2021,CGF,OH,AGL,CE,Federal Contract Tower,0,20,23,0,43,0,0,29,0,29,0,20,52,0,72,16,0,16,88
12/18/2021,CGF,OH,AGL,CE,Federal Contract Tower,0,15,19,0,34,0,0,0,0,0,0,15,19,0,34,0,0,0,34
12/19/2021,CGF,OH,AGL,CE,Federal Contract Tower,0,16,11,0,27,0,0,16,0,16,0,16,27,0,43,54,0,54,97
12/20/2021,CGF,OH,AGL,CE,Federal Contract Tower,0,13,22,0,35,0,0,26,0,26,0,13,48,0,61,28,0,28,89
12/21/2021,CGF,OH,AGL,CE,Federal Contract Tower,0,18,19,0,37,0,0,23,0,23,0,18,42,0,60,30,0,30,90
12/22/2021,CGF,OH,AGL,CE,Federal Contract Tower,0,12,10,0,22,0,0,1,0,1,0,12,11,0,23,2,0,2,25
12/23/2021,CGF,OH,AGL,CE,Federal Contract Tower,0,17,16,0,33,0,0,11,0,11,0,17,27,0,44,36,0,36,80
12/24/2021,CGF,OH,AGL,CE,Federal Contract Tower,0,7,4,0,11,0,0,15,0,15,0,7,19,0,26,2,0,2,28
12/25/2021,CGF,OH,AGL,CE,Federal Contract Tower,0,13,5,0,18,0,0,0,0,0,0,13,5,0,18,0,0,0,18
12/26/2021,CGF,OH,AGL,CE,Federal Contract Tower,0,14,20,0,34,0,0,6,0,6,0,14,26,0,40,36,0,36,76
12/27/2021,CGF,OH,AGL,CE,Federal Contract Tower,0,11,10,0,21,0,0,2,0,2,0,11,12,0,23,0,0,0,23
12/28/2021,CGF,OH,AGL,CE,Federal Contract Tower,0,22,7,0,29,0,0,8,0,8,0,22,15,0,37,2,0,2,39
12/29/2021,CGF,OH,AGL,CE,Federal Contract Tower,0,15,17,0,32,0,0,0,0,0,0,15,17,0,32,0,0,0,32
12/30/2021,CGF,OH,AGL,CE,Federal Contract Tower,0,8,8,0,16,0,0,0,0,0,0,8,8,0,16,0,0,0,16
12/31/2021,CGF,OH,AGL,CE,Federal Contract Tower,0,3,4,0,7,0,0,14,0,14,0,3,18,0,21,30,0,30,51
01/01/2022,CGF,OH,AGL,CE,Federal Contract Tower,0,2,3,0,5,0,0,0,0,0,0,2,3,0,5,0,0,0,5
01/02/2022,CGF,OH,AGL,CE,Federal Contract Tower,0,7,15,0,22,0,0,0,0,0,0,7,15,0,22,8,0,8,30
01/03/2022,CGF,OH,AGL,CE,Federal Contract Tower,0,32,13,0,45,0,0,4,0,4,0,32,17,0,49,8,0,8,57
01/04/2022,CGF,OH,AGL,CE,Federal Contract Tower,0,8,17,0,25,0,0,14,0,14,0,8,31,0,39,38,0,38,77
01/05/2022,CGF,OH,AGL,CE,Federal Contract Tower,0,11,6,0,17,0,0,0,0,0,0,11,6,0,17,0,0,0,17
01/06/2022,CGF,OH,AGL,CE,Federal Contract Tower,0,3,7,0,10,0,0,8,0,8,0,3,15,0,18,32,0,32,50
01/07/2022,CGF,OH,AGL,CE,Federal Contract Tower,0,3,16,0,19,0,0,0,0,0,0,3,16,0,19,0,0,0,19
01/08/2022,CGF,OH,AGL,CE,Federal Contract Tower,0,10,6,0,16,0,0,10,0,10,0,10,16,0,26,0,0,0,26
01/09/2022,CGF,OH,AGL,CE,Federal Contract Tower,0,9,11,0,20,0,0,0,0,0,0,9,11,0,20,0,0,0,20
01/10/2022,CGF,OH,AGL,CE,Federal Contract Tower,0,7,10,2,19,0,0,0,0,0,0,7,10,2,19,0,0,0,19
01/11/2022,CGF,OH,AGL,CE,Federal Contract Tower,0,11,12,0,23,0,0,18,0,18,0,11,30,0,41,8,0,8,49
01/12/2022,CGF,OH,AGL,CE,Federal Contract Tower,0,16,13,0,29,0,0,32,0,32,0,16,45,0,61,12,0,12,73
01/13/2022,CGF,OH,AGL,CE,Federal Contract Tower,0,10,7,0,17,0,0,9,0,9,0,10,16,0,26,36,0,36,62
01/14/2022,CGF,OH,AGL,CE,Federal Contract Tower,0,12,13,0,25,0,0,0,0,0,0,12,13,0,25,0,0,0,25
01/15/2022,CGF,OH,AGL,CE,Federal Contract Tower,0,5,11,0,16,0,0,18,0,18,0,5,29,0,34,26,0,26,60
01/16/2022,CGF,OH,AGL,CE,Federal Contract Tower,0,3,10,0,13,0,0,24,0,24,0,3,34,0,37,24,0,24,61
01/17/2022,CGF,OH,AGL,CE,Federal Contract Tower,0,2,6,0,8,0,0,0,0,0,0,2,6,0,8,0,0,0,8
01/18/2022,CGF,OH,AGL,CE,Federal Contract Tower,0,7,11,0,18,0,0,0,0,0,0,7,11,0,18,0,0,0,18
01/19/2022,CGF,OH,AGL,CE,Federal Contract Tower,0,22,13,0,35,0,0,3,0,3,0,22,16,0,38,22,0,22,60
01/20/2022,CGF,OH,AGL,CE,Federal Contract Tower,0,11,7,0,18,0,0,0,0,0,0,11,7,0,18,0,0,0,18
01/21/2022,CGF,OH,AGL,CE,Federal Contract Tower,0,9,19,0,28,0,0,4,0,4,0,9,23,0,32,6,0,6,38
01/22/2022,CGF,OH,AGL,CE,Federal Contract Tower,0,13,10,0,23,0,2,7,0,9,0,15,17,0,32,30,0,30,62
01/23/2022,CGF,OH,AGL,CE,Federal Contract Tower,0,7,5,0,12,0,0,0,0,0,0,7,5,0,12,0,0,0,12
01/24/2022,CGF,OH,AGL,CE,Federal Contract Tower,0,5,19,0,24,0,0,0,0,0,0,5,19,0,24,0,0,0,24
01/25/2022,CGF,OH,AGL,CE,Federal Contract Tower,0,4,19,0,23,0,0,12,0,12,0,4,31,0,35,6,0,6,41
01/26/2022,CGF,OH,AGL,CE,Federal Contract Tower,0,8,25,0,33,0,0,11,0,11,0,8,36,0,44,24,0,24,68
01/27/2022,CGF,OH,AGL,CE,Federal Contract Tower,0,9,15,0,24,0,0,4,0,4,0,9,19,0,28,2,0,2,30
01/28/2022,CGF,OH,AGL,CE,Federal Contract Tower,0,11,7,0,18,0,0,0,0,0,0,11,7,0,18,0,0,0,18
01/29/2022,CGF,OH,AGL,CE,Federal Contract Tower,0,7,1,0,8,0,0,10,0,10,0,7,11,0,18,8,0,8,26
01/30/2022,CGF,OH,AGL,CE,Federal Contract Tower,0,11,10,0,21,0,0,9,0,9,0,11,19,0,30,0,0,0,30
01/31/2022,CGF,OH,AGL,CE,Federal Contract Tower,0,9,9,0,18,0,0,17,0,17,0,9,26,0,35,34,0,34,69
02/01/2022,CGF,OH,AGL,CE,Federal Contract Tower,0,9,9,0,18,0,0,9,0,9,0,9,18,0,27,0,0,0,27
02/02/2022,CGF,OH,AGL,CE,Federal Contract Tower,0,11,9,0,20,0,0,0,0,0,0,11,9,0,20,0,0,0,20
02/03/2022,CGF,OH,AGL,CE,Federal Contract Tower,0,2,0,0,2,0,0,0,0,0,0,2,0,0,2,0,0,0,2
02/04/2022,CGF,OH,AGL,CE,Federal Contract Tower,0,9,2,0,11,0,0,0,0,0,0,9,2,0,11,0,0,0,11
02/05/2022,CGF,OH,AGL,CE,Federal Contract Tower,0,4,6,0,10,0,0,5,0,5,0,4,11,0,15,0,0,0,15
02/06/2022,CGF,OH,AGL,CE,Federal Contract Tower,0,5,12,0,17,0,0,2,0,2,0,5,14,0,19,0,0,0,19
02/07/2022,CGF,OH,AGL,CE,Federal Contract Tower,0,11,6,0,17,0,2,11,0,13,0,13,17,0,30,26,0,26,56
02/08/2022,CGF,OH,AGL,CE,Federal Contract Tower,0,14,16,0,30,0,0,9,0,9,0,14,25,0,39,44,0,44,83
02/09/2022,CGF,OH,AGL,CE,Federal Contract Tower,0,12,8,0,20,0,0,19,0,19,0,12,27,0,39,24,0,24,63
02/10/2022,CGF,OH,AGL,CE,Federal Contract Tower,0,17,8,0,25,0,0,4,0,4,0,17,12,0,29,0,0,0,29
02/11/2022,CGF,OH,AGL,CE,Federal Contract Tower,0,15,11,0,26,0,0,2,0,2,0,15,13,0,28,0,0,0,28
02/12/2022,CGF,OH,AGL,CE,Federal Contract Tower,0,15,5,0,20,0,0,1,0,1,0,15,6,0,21,0,0,0,21
02/13/2022,CGF,OH,AGL,CE,Federal Contract Tower,0,12,11,0,23,0,0,1,0,1,0,12,12,0,24,0,0,0,24
02/14/2022,CGF,OH,AGL,CE,Federal Contract Tower,0,4,19,0,23,0,0,21,0,21,0,4,40,0,44,88,0,88,132
02/15/2022,CGF,OH,AGL,CE,Federal Contract Tower,0,20,20,0,40,0,0,34,0,34,0,20,54,0,74,50,0,50,124
02/16/2022,CGF,OH,AGL,CE,Federal Contract Tower,0,15,9,0,24,0,0,11,0,11,0,15,20,0,35,0,0,0,35
02/17/2022,CGF,OH,AGL,CE,Federal Contract Tower,0,12,11,0,23,0,0,0,0,0,0,12,11,0,23,0,0,0,23
02/18/2022,CGF,OH,AGL,CE,Federal Contract Tower,0,2,9,0,11,0,0,1,0,1,0,2,10,0,12,0,0,0,12
02/19/2022,CGF,OH,AGL,CE,Federal Contract Tower,0,3,8,0,11,0,0,2,0,2,0,3,10,0,13,2,0,2,15
02/20/2022,CGF,OH,AGL,CE,Federal Contract Tower,0,8,12,0,20,0,4,6,0,10,0,12,18,0,30,0,0,0,30
02/21/2022,CGF,OH,AGL,CE,Federal Contract Tower,0,14,27,0,41,0,0,46,0,46,0,14,73,0,87,64,0,64,151
02/22/2022,CGF,OH,AGL,CE,Federal Contract Tower,0,14,11,0,25,0,0,0,0,0,0,14,11,0,25,0,0,0,25
02/23/2022,CGF,OH,AGL,CE,Federal Contract Tower,0,20,23,0,43,0,0,4,0,4,0,20,27,0,47,0,0,0,47
02/24/2022,CGF,OH,AGL,CE,Federal Contract Tower,0,8,13,0,21,0,1,18,0,19,0,9,31,0,40,8,0,8,48
02/25/2022,CGF,OH,AGL,CE,Federal Contract Tower,0,9,12,0,21,0,0,0,0,0,0,9,12,0,21,0,0,0,21
02/26/2022,CGF,OH,AGL,CE,Federal Contract Tower,0,9,25,0,34,0,0,11,1,12,0,9,36,1,46,32,0,32,78
02/27/2022,CGF,OH,AGL,CE,Federal Contract Tower,0,8,8,0,16,0,0,10,0,10,0,8,18,0,26,6,0,6,32
02/28/2022,CGF,OH,AGL,CE,Federal Contract Tower,0,12,14,0,26,0,0,19,0,19,0,12,33,0,45,8,0,8,53
03/01/2022,CGF,OH,AGL,CE,Federal Contract Tower,0,15,20,0,35,0,0,9,0,9,0,15,29,0,44,10,0,10,54
03/02/2022,CGF,OH,AGL,CE,Federal Contract Tower,0,13,8,0,21,0,0,22,0,22,0,13,30,0,43,46,0,46,89
03/03/2022,CGF,OH,AGL,CE,Federal Contract Tower,0,12,11,0,23,0,0,4,0,4,0,12,15,0,27,32,0,32,59
03/04/2022,CGF,OH,AGL,CE,Federal Contract Tower,0,15,29,0,44,0,0,18,0,18,0,15,47,0,62,30,0,30,92
03/05/2022,CGF,OH,AGL,CE,Federal Contract Tower,0,5,9,0,14,0,0,11,0,11,0,5,20,0,25,4,0,4,29
03/06/2022,CGF,OH,AGL,CE,Federal Contract Tower,0,14,11,0,25,0,0,4,0,4,0,14,15,0,29,6,0,6,35
03/07/2022,CGF,OH,AGL,CE,Federal Contract Tower,0,6,12,0,18,0,2,0,0,2,0,8,12,0,20,0,0,0,20
03/08/2022,CGF,OH,AGL,CE,Federal Contract Tower,0,14,9,0,23,0,0,19,0,19,0,14,28,0,42,18,0,18,60
03/09/2022,CGF,OH,AGL,CE,Federal Contract Tower,0,22,20,0,42,0,0,16,0,16,0,22,36,0,58,46,0,46,104
03/10/2022,CGF,OH,AGL,CE,Federal Contract Tower,0,21,25,0,46,0,0,31,0,31,0,21,56,0,77,38,0,38,115
03/11/2022,CGF,OH,AGL,CE,Federal Contract Tower,0,15,18,0,33,0,0,15,0,15,0,15,33,0,48,16,0,16,64
03/12/2022,CGF,OH,AGL,CE,Federal Contract Tower,0,6,8,0,14,0,0,5,0,5,0,6,13,0,19,0,0,0,19
03/13/2022,CGF,OH,AGL,CE,Federal Contract Tower,0,13,13,0,26,0,2,2,0,4,0,15,15,0,30,0,0,0,30
03/14/2022,CGF,OH,AGL,CE,Federal Contract Tower,0,17,14,0,31,0,0,9,0,9,0,17,23,0,40,28,0,28,68
03/15/2022,CGF,OH,AGL,CE,Federal Contract Tower,0,17,26,0,43,0,0,28,0,28,0,17,54,0,71,18,0,18,89
03/16/2022,CGF,OH,AGL,CE,Federal Contract Tower,0,9,17,0,26,0,0,31,0,31,0,9,48,0,57,12,0,12,69
03/17/2022,CGF,OH,AGL,CE,Federal Contract Tower,0,6,16,0,22,0,0,44,0,44,0,6,60,0,66,32,0,32,98
03/18/2022,CGF,OH,AGL,CE,Federal Contract Tower,0,13,14,0,27,0,0,16,0,16,0,13,30,0,43,46,0,46,89
03/19/2022,CGF,OH,AGL,CE,Federal Contract Tower,0,14,8,0,22,0,0,0,0,0,0,14,8,0,22,0,0,0,22
03/20/2022,CGF,OH,AGL,CE,Federal Contract Tower,0,6,14,0,20,0,0,8,0,8,0,6,22,0,28,14,0,14,42
03/21/2022,CGF,OH,AGL,CE,Federal Contract Tower,0,5,17,0,22,0,0,27,0,27,0,5,44,0,49,60,0,60,109
03/22/2022,CGF,OH,AGL,CE,Federal Contract Tower,0,7,8,0,15,0,0,8,0,8,0,7,16,0,23,20,0,20,43
03/23/2022,CGF,OH,AGL,CE,Federal Contract Tower,0,12,15,0,27,0,0,3,0,3,0,12,18,0,30,20,0,20,50
03/24/2022,CGF,OH,AGL,CE,Federal Contract Tower,0,4,18,0,22,0,0,7,0,7,0,4,25,0,29,2,0,2,31
03/25/2022,CGF,OH,AGL,CE,Federal Contract Tower,0,11,7,0,18,0,0,0,0,0,0,11,7,0,18,2,0,2,20
03/26/2022,CGF,OH,AGL,CE,Federal Contract Tower,0,6,16,0,22,0,0,0,0,0,0,6,16,0,22,0,0,0,22
03/27/2022,CGF,OH,AGL,CE,Federal Contract Tower,0,8,11,0,19,0,0,0,0,0,0,8,11,0,19,0,0,0,19
03/28/2022,CGF,OH,AGL,CE,Federal Contract Tower,0,24,14,0,38,0,0,1,0,1,0,24,15,0,39,20,0,20,59
03/29/2022,CGF,OH,AGL,CE,Federal Contract Tower,0,13,15,0,28,0,0,24,0,24,0,13,39,0,52,42,0,42,94
03/30/2022,CGF,OH,AGL,CE,Federal Contract Tower,0,11,5,0,16,0,0,6,0,6,0,11,11,0,22,16,0,16,38
03/31/2022,CGF,OH,AGL,CE,Federal Contract Tower,0,13,13,0,26,0,0,2,0,2,0,13,15,0,28,0,0,0,28
04/01/2022,CGF,OH,AGL,CE,Federal Contract Tower,0,9,5,0,14,0,0,5,0,5,0,9,10,0,19,2,0,2,21
04/02/2022,CGF,OH,AGL,CE,Federal Contract Tower,0,8,9,0,17,0,0,40,0,40,0,8,49,0,57,48,0,48,105
04/03/2022,CGF,OH,AGL,CE,Federal Contract Tower,0,14,17,0,31,0,0,16,0,16,0,14,33,0,47,6,0,6,53
04/04/2022,CGF,OH,AGL,CE,Federal Contract Tower,0,5,13,0,18,0,0,3,0,3,0,5,16,0,21,2,0,2,23
04/05/2022,CGF,OH,AGL,CE,Federal Contract Tower,0,8,28,0,36,0,0,32,0,32,0,8,60,0,68,38,0,38,106
04/06/2022,CGF,OH,AGL,CE,Federal Contract Tower,0,10,28,0,38,0,0,1,0,1,0,10,29,0,39,0,0,0,39
04/07/2022,CGF,OH,AGL,CE,Federal Contract Tower,0,16,27,0,43,0,0,17,0,17,0,16,44,0,60,14,0,14,74
04/08/2022,CGF,OH,AGL,CE,Federal Contract Tower,0,13,22,0,35,0,0,4,0,4,0,13,26,0,39,0,0,0,39
04/09/2022,CGF,OH,AGL,CE,Federal Contract Tower,0,12,19,0,31,0,0,3,0,3,0,12,22,0,34,0,0,0,34
04/10/2022,CGF,OH,AGL,CE,Federal Contract Tower,0,12,16,0,28,0,0,21,0,21,0,12,37,0,49,10,0,10,59
04/11/2022,CGF,OH,AGL,CE,Federal Contract Tower,0,14,16,0,30,0,0,2,2,4,0,14,18,2,34,0,0,0,34
04/12/2022,CGF,OH,AGL,CE,Federal Contract Tower,0,14,24,0,38,0,0,21,2,23,0,14,45,2,61,26,0,26,87
04/13/2022,CGF,OH,AGL,CE,Federal Contract Tower,0,29,26,0,55,0,0,9,0,9,0,29,35,0,64,0,0,0,64
04/14/2022,CGF,OH,AGL,CE,Federal Contract Tower,0,16,23,0,39,0,0,7,0,7,0,16,30,0,46,30,0,30,76
04/15/2022,CGF,OH,AGL,CE,Federal Contract Tower,0,8,13,0,21,0,0,9,0,9,0,8,22,0,30,10,0,10,40
04/16/2022,CGF,OH,AGL,CE,Federal Contract Tower,0,7,9,0,16,0,0,14,0,14,0,7,23,0,30,22,0,22,52
04/17/2022,CGF,OH,AGL,CE,Federal Contract Tower,0,13,6,0,19,0,2,12,0,14,0,15,18,0,33,0,0,0,33
04/18/2022,CGF,OH,AGL,CE,Federal Contract Tower,0,21,17,0,38,0,0,1,0,1,0,21,18,0,39,0,0,0,39
04/19/2022,CGF,OH,AGL,CE,Federal Contract Tower,0,24,16,0,40,0,0,3,0,3,0,24,19,0,43,4,0,4,47
04/20/2022,CGF,OH,AGL,CE,Federal Contract Tower,0,6,31,0,37,0,0,26,0,26,0,6,57,0,63,32,0,32,95
04/21/2022,CGF,OH,AGL,CE,Federal Contract Tower,0,6,17,0,23,0,0,9,0,9,0,6,26,0,32,12,0,12,44
04/22/2022,CGF,OH,AGL,CE,Federal Contract Tower,0,15,15,0,30,0,0,29,0,29,0,15,44,0,59,50,0,50,109
04/23/2022,CGF,OH,AGL,CE,Federal Contract Tower,0,7,12,0,19,0,0,27,0,27,0,7,39,0,46,6,0,6,52
04/24/2022,CGF,OH,AGL,CE,Federal Contract Tower,0,14,23,0,37,0,0,20,0,20,0,14,43,0,57,26,0,26,83
04/25/2022,CGF,OH,AGL,CE,Federal Contract Tower,0,8,13,0,21,0,0,3,0,3,0,8,16,0,24,0,0,0,24
04/26/2022,CGF,OH,AGL,CE,Federal Contract Tower,0,1,26,0,27,0,0,8,0,8,0,1,34,0,35,18,0,18,53
04/27/2022,CGF,OH,AGL,CE,Federal Contract Tower,0,12,26,0,38,0,0,7,0,7,0,12,33,0,45,8,0,8,53
04/28/2022,CGF,OH,AGL,CE,Federal Contract Tower,0,14,34,0,48,0,5,33,0,38,0,19,67,0,86,36,0,36,122
04/29/2022,CGF,OH,AGL,CE,Federal Contract Tower,0,9,11,0,20,0,0,36,0,36,0,9,47,0,56,18,0,18,74
04/30/2022,CGF,OH,AGL,CE,Federal Contract Tower,0,10,22,0,32,0,0,30,0,30,0,10,52,0,62,10,0,10,72
05/01/2022,CGF,OH,AGL,CE,Federal Contract Tower,0,16,16,0,32,0,0,2,0,2,0,16,18,0,34,2,0,2,36
05/02/2022,CGF,OH,AGL,CE,Federal Contract Tower,0,9,13,0,22,0,0,8,0,8,0,9,21,0,30,46,0,46,76
05/03/2022,CGF,OH,AGL,CE,Federal Contract Tower,0,7,16,0,23,0,0,7,0,7,0,7,23,0,30,28,0,28,58
05/04/2022,CGF,OH,AGL,CE,Federal Contract Tower,0,13,23,0,36,0,0,0,0,0,0,13,23,0,36,0,0,0,36
05/05/2022,CGF,OH,AGL,CE,Federal Contract Tower,0,17,23,0,40,0,0,24,0,24,0,17,47,0,64,40,0,40,104
05/06/2022,CGF,OH,AGL,CE,Federal Contract Tower,0,9,7,0,16,0,2,2,0,4,0,11,9,0,20,0,0,0,20
05/07/2022,CGF,OH,AGL,CE,Federal Contract Tower,0,12,5,0,17,0,0,6,0,6,0,12,11,0,23,0,0,0,23
05/08/2022,CGF,OH,AGL,CE,Federal Contract Tower,0,16,12,0,28,0,0,22,0,22,0,16,34,0,50,24,0,24,74
05/09/2022,CGF,OH,AGL,CE,Federal Contract Tower,0,25,21,0,46,0,0,14,0,14,0,25,35,0,60,2,0,2,62
05/10/2022,CGF,OH,AGL,CE,Federal Contract Tower,0,10,18,0,28,0,0,13,0,13,0,10,31,0,41,70,0,70,111
05/11/2022,CGF,OH,AGL,CE,Federal Contract Tower,0,24,20,0,44,0,0,32,0,32,0,24,52,0,76,20,0,20,96
05/12/2022,CGF,OH,AGL,CE,Federal Contract Tower,0,20,17,4,41,0,0,16,0,16,0,20,33,4,57,8,0,8,65
05/13/2022,CGF,OH,AGL,CE,Federal Contract Tower,0,14,21,0,35,0,0,20,0,20,0,14,41,0,55,50,0,50,105
05/14/2022,CGF,OH,AGL,CE,Federal Contract Tower,0,20,15,0,35,0,0,14,0,14,0,20,29,0,49,18,0,18,67
05/15/2022,CGF,OH,AGL,CE,Federal Contract Tower,0,13,30,0,43,0,0,14,0,14,0,13,44,0,57,40,0,40,97
05/16/2022,CGF,OH,AGL,CE,Federal Contract Tower,0,15,20,0,35,0,0,9,0,9,0,15,29,0,44,6,0,6,50
05/17/2022,CGF,OH,AGL,CE,Federal Contract Tower,0,16,15,0,31,0,0,30,0,30,0,16,45,0,61,88,0,88,149
05/18/2022,CGF,OH,AGL,CE,Federal Contract Tower,0,30,16,0,46,0,0,2,0,2,0,30,18,0,48,14,0,14,62
05/19/2022,CGF,OH,AGL,CE,Federal Contract Tower,0,26,35,0,61,0,0,29,0,29,0,26,64,0,90,30,0,30,120
05/20/2022,CGF,OH,AGL,CE,Federal Contract Tower,0,22,11,0,33,0,0,2,0,2,0,22,13,0,35,0,0,0,35
05/21/2022,CGF,OH,AGL,CE,Federal Contract Tower,0,16,7,0,23,0,4,15,0,19,0,20,22,0,42,8,0,8,50
05/22/2022,CGF,OH,AGL,CE,Federal Contract Tower,0,16,9,0,25,0,0,6,0,6,0,16,15,0,31,0,0,0,31
05/23/2022,CGF,OH,AGL,CE,Federal Contract Tower,0,21,16,0,37,0,0,20,0,20,0,21,36,0,57,60,0,60,117
05/24/2022,CGF,OH,AGL,CE,Federal Contract Tower,0,12,27,0,39,0,0,26,0,26,0,12,53,0,65,14,0,14,79
05/25/2022,CGF,OH,AGL,CE,Federal Contract Tower,0,28,28,0,56,0,2,12,0,14,0,30,40,0,70,38,0,38,108
05/26/2022,CGF,OH,AGL,CE,Federal Contract Tower,0,13,13,0,26,0,0,9,0,9,0,13,22,0,35,8,0,8,43
05/27/2022,CGF,OH,AGL,CE,Federal Contract Tower,0,20,15,0,35,0,0,8,0,8,0,20,23,0,43,0,0,0,43
05/28/2022,CGF,OH,AGL,CE,Federal Contract Tower,0,8,18,0,26,0,0,20,0,20,0,8,38,0,46,22,0,22,68
05/29/2022,CGF,OH,AGL,CE,Federal Contract Tower,0,7,7,0,14,0,0,28,0,28,0,7,35,0,42,40,0,40,82
05/30/2022,CGF,OH,AGL,CE,Federal Contract Tower,0,12,14,0,26,0,0,7,0,7,0,12,21,0,33,56,0,56,89
05/31/2022,CGF,OH,AGL,CE,Federal Contract Tower,0,16,22,0,38,0,0,52,0,52,0,16,74,0,90,124,0,124,214
06/01/2022,CGF,OH,AGL,CE,Federal Contract Tower,0,17,10,0,27,0,0,21,0,21,0,17,31,0,48,48,0,48,96
06/02/2022,CGF,OH,AGL,CE,Federal Contract Tower,0,18,22,0,40,0,0,19,0,19,0,18,41,0,59,34,0,34,93
06/03/2022,CGF,OH,AGL,CE,Federal Contract Tower,0,18,14,0,32,0,0,37,2,39,0,18,51,2,71,16,2,18,89
06/04/2022,CGF,OH,AGL,CE,Federal Contract Tower,0,5,5,0,10,0,0,35,0,35,0,5,40,0,45,62,0,62,107
06/05/2022,CGF,OH,AGL,CE,Federal Contract Tower,0,16,24,0,40,0,0,28,0,28,0,16,52,0,68,54,0,54,122
06/06/2022,CGF,OH,AGL,CE,Federal Contract Tower,0,16,13,0,29,0,0,2,0,2,0,16,15,0,31,15,0,15,46
06/07/2022,CGF,OH,AGL,CE,Federal Contract Tower,0,14,17,0,31,0,0,3,0,3,0,14,20,0,34,0,0,0,34
06/08/2022,CGF,OH,AGL,CE,Federal Contract Tower,0,27,34,0,61,0,0,32,14,46,0,27,66,14,107,80,0,80,187
06/09/2022,CGF,OH,AGL,CE,Federal Contract Tower,0,17,19,0,36,0,0,13,0,13,0,17,32,0,49,25,0,25,74
06/10/2022,CGF,OH,AGL,CE,Federal Contract Tower,0,28,27,0,55,0,0,52,0,52,0,28,79,0,107,54,0,54,161
06/11/2022,CGF,OH,AGL,CE,Federal Contract Tower,0,21,9,0,30,0,0,65,0,65,0,21,74,0,95,34,0,34,129
06/12/2022,CGF,OH,AGL,CE,Federal Contract Tower,0,16,15,0,31,0,0,10,0,10,0,16,25,0,41,4,0,4,45
06/13/2022,CGF,OH,AGL,CE,Federal Contract Tower,0,17,23,0,40,0,0,29,0,29,0,17,52,0,69,30,0,30,99
06/14/2022,CGF,OH,AGL,CE,Federal Contract Tower,0,16,12,0,28,0,0,16,4,20,0,16,28,4,48,16,0,16,64
06/15/2022,CGF,OH,AGL,CE,Federal Contract Tower,0,22,19,0,41,0,0,20,0,20,0,22,39,0,61,46,0,46,107
06/16/2022,CGF,OH,AGL,CE,Federal Contract Tower,0,10,10,0,20,0,0,18,0,18,0,10,28,0,38,16,0,16,54
06/17/2022,CGF,OH,AGL,CE,Federal Contract Tower,0,22,18,0,40,0,0,28,0,28,0,22,46,0,68,18,0,18,86
06/18/2022,CGF,OH,AGL,CE,Federal Contract Tower,0,9,7,0,16,0,0,6,0,6,0,9,13,0,22,6,0,6,28
06/19/2022,CGF,OH,AGL,CE,Federal Contract Tower,0,19,26,0,45,0,0,43,0,43,0,19,69,0,88,24,0,24,112
06/20/2022,CGF,OH,AGL,CE,Federal Contract Tower,0,19,21,0,40,0,0,29,0,29,0,19,50,0,69,84,0,84,153
06/21/2022,CGF,OH,AGL,CE,Federal Contract Tower,0,29,26,0,55,0,0,29,0,29,0,29,55,0,84,38,0,38,122
06/22/2022,CGF,OH,AGL,CE,Federal Contract Tower,0,19,17,0,36,0,0,27,0,27,0,19,44,0,63,34,0,34,97
06/23/2022,CGF,OH,AGL,CE,Federal Contract Tower,0,19,32,0,51,0,0,30,0,30,0,19,62,0,81,44,0,44,125
06/24/2022,CGF,OH,AGL,CE,Federal Contract Tower,0,10,6,0,16,0,0,48,0,48,0,10,54,0,64,82,0,82,146
06/25/2022,CGF,OH,AGL,CE,Federal Contract Tower,0,20,11,0,31,0,0,23,0,23,0,20,34,0,54,44,0,44,98
06/26/2022,CGF,OH,AGL,CE,Federal Contract Tower,0,16,17,0,33,0,0,13,0,13,0,16,30,0,46,6,0,6,52
06/27/2022,CGF,OH,AGL,CE,Federal Contract Tower,0,27,19,0,46,0,0,31,0,31,0,27,50,0,77,88,0,88,165
06/28/2022,CGF,OH,AGL,CE,Federal Contract Tower,0,15,35,0,50,0,0,49,0,49,0,15,84,0,99,162,0,162,261
06/29/2022,CGF,OH,AGL,CE,Federal Contract Tower,0,14,19,0,33,0,0,23,0,23,0,14,42,0,56,56,0,56,112
06/30/2022,CGF,OH,AGL,CE,Federal Contract Tower,0,18,35,0,53,0,2,27,0,29,0,20,62,0,82,60,0,60,142
07/01/2022,CGF,OH,AGL,CE,Federal Contract Tower,0,22,13,0,35,0,4,20,0,24,0,26,33,0,59,18,0,18,77
07/02/2022,CGF,OH,AGL,CE,Federal Contract Tower,0,6,15,0,21,0,1,27,0,28,0,7,42,0,49,46,0,46,95
07/03/2022,CGF,OH,AGL,CE,Federal Contract Tower,0,7,6,0,13,0,0,32,0,32,0,7,38,0,45,34,0,34,79
07/04/2022,CGF,OH,AGL,CE,Federal Contract Tower,0,6,7,0,13,0,0,33,0,33,0,6,40,0,46,8,0,8,54
07/05/2022,CGF,OH,AGL,CE,Federal Contract Tower,0,21,22,0,43,0,0,8,0,8,0,21,30,0,51,4,0,4,55
07/06/2022,CGF,OH,AGL,CE,Federal Contract Tower,0,23,19,0,42,0,0,13,0,13,0,23,32,0,55,10,0,10,65
07/07/2022,CGF,OH,AGL,CE,Federal Contract Tower,0,12,33,0,45,0,0,36,0,36,0,12,69,0,81,48,0,48,129
07/08/2022,CGF,OH,AGL,CE,Federal Contract Tower,0,17,12,0,29,0,0,20,0,20,0,17,32,0,49,72,0,72,121
07/09/2022,CGF,OH,AGL,CE,Federal Contract Tower,0,15,16,0,31,0,0,18,0,18,0,15,34,0,49,44,0,44,93
07/10/2022,CGF,OH,AGL,CE,Federal Contract Tower,0,13,20,0,33,0,0,25,0,25,0,13,45,0,58,44,0,44,102
07/11/2022,CGF,OH,AGL,CE,Federal Contract Tower,0,8,11,0,19,0,0,25,0,25,0,8,36,0,44,16,0,16,60
07/12/2022,CGF,OH,AGL,CE,Federal Contract Tower,0,12,15,0,27,0,0,25,0,25,0,12,40,0,52,50,0,50,102
07/13/2022,CGF,OH,AGL,CE,Federal Contract Tower,0,15,20,0,35,0,0,19,0,19,0,15,39,0,54,46,0,46,100
07/14/2022,CGF,OH,AGL,CE,Federal Contract Tower,0,16,21,0,37,0,0,35,0,35,0,16,56,0,72,102,0,102,174
07/15/2022,CGF,OH,AGL,CE,Federal Contract Tower,0,8,13,0,21,0,1,51,0,52,0,9,64,0,73,94,0,94,167
07/16/2022,CGF,OH,AGL,CE,Federal Contract Tower,0,8,18,0,26,0,0,25,0,25,0,8,43,0,51,28,0,28,79
07/17/2022,CGF,OH,AGL,CE,Federal Contract Tower,0,14,15,0,29,0,0,6,0,6,0,14,21,0,35,34,0,34,69
07/18/2022,CGF,OH,AGL,CE,Federal Contract Tower,0,20,27,0,47,0,0,8,0,8,0,20,35,0,55,28,0,28,83
07/19/2022,CGF,OH,AGL,CE,Federal Contract Tower,0,22,22,0,44,0,0,37,0,37,0,22,59,0,81,30,0,30,111
07/20/2022,CGF,OH,AGL,CE,Federal Contract Tower,0,13,15,0,28,0,1,11,0,12,0,14,26,0,40,6,0,6,46
07/21/2022,CGF,OH,AGL,CE,Federal Contract Tower,0,12,12,0,24,0,0,34,0,34,0,12,46,0,58,38,0,38,96
07/22/2022,CGF,OH,AGL,CE,Federal Contract Tower,0,13,19,0,32,0,0,61,0,61,0,13,80,0,93,44,0,44,137
07/23/2022,CGF,OH,AGL,CE,Federal Contract Tower,0,9,9,0,18,0,0,19,0,19,0,9,28,0,37,36,0,36,73
07/24/2022,CGF,OH,AGL,CE,Federal Contract Tower,0,18,18,0,36,0,0,12,0,12,0,18,30,0,48,28,0,28,76
07/25/2022,CGF,OH,AGL,CE,Federal Contract Tower,0,12,21,0,33,0,0,41,0,41,0,12,62,0,74,74,0,74,148
07/26/2022,CGF,OH,AGL,CE,Federal Contract Tower,0,27,17,0,44,0,0,32,0,32,0,27,49,0,76,38,0,38,114
07/27/2022,CGF,OH,AGL,CE,Federal Contract Tower,0,14,27,0,41,0,0,5,0,5,0,14,32,0,46,32,0,32,78
07/28/2022,CGF,OH,AGL,CE,Federal Contract Tower,0,23,27,0,50,0,0,24,0,24,0,23,51,0,74,14,0,14,88
07/29/2022,CGF,OH,AGL,CE,Federal Contract Tower,0,9,15,0,24,0,0,26,0,26,0,9,41,0,50,34,0,34,84
07/30/2022,CGF,OH,AGL,CE,Federal Contract Tower,0,9,10,0,19,0,0,52,0,52,0,9,62,0,71,64,0,64,135
07/31/2022,CGF,OH,AGL,CE,Federal Contract Tower,0,16,19,0,35,0,0,52,0,52,0,16,71,0,87,62,0,62,149
08/01/2022,CGF,OH,AGL,CE,Federal Contract Tower,0,11,14,0,25,0,0,12,0,12,0,11,26,0,37,28,0,28,65
08/02/2022,CGF,OH,AGL,CE,Federal Contract Tower,0,19,38,0,57,0,0,34,0,34,0,19,72,0,91,46,0,46,137
08/03/2022,CGF,OH,AGL,CE,Federal Contract Tower,0,15,14,0,29,0,1,35,0,36,0,16,49,0,65,32,0,32,97
08/04/2022,CGF,OH,AGL,CE,Federal Contract Tower,0,18,25,0,43,0,0,20,0,20,0,18,45,0,63,34,0,34,97
08/05/2022,CGF,OH,AGL,CE,Federal Contract Tower,0,18,20,2,40,0,0,30,0,30,0,18,50,2,70,16,0,16,86
08/06/2022,CGF,OH,AGL,CE,Federal Contract Tower,0,14,8,0,22,0,0,26,0,26,0,14,34,0,48,56,0,56,104
08/07/2022,CGF,OH,AGL,CE,Federal Contract Tower,0,18,15,0,33,0,0,41,0,41,0,18,56,0,74,56,0,56,130
08/08/2022,CGF,OH,AGL,CE,Federal Contract Tower,0,21,16,0,37,0,0,18,0,18,0,21,34,0,55,8,0,8,63
08/09/2022,CGF,OH,AGL,CE,Federal Contract Tower,0,12,20,0,32,0,0,35,0,35,0,12,55,0,67,46,0,46,113
08/10/2022,CGF,OH,AGL,CE,Federal Contract Tower,0,13,27,0,40,0,0,43,0,43,0,13,70,0,83,52,0,52,135
08/11/2022,CGF,OH,AGL,CE,Federal Contract Tower,0,14,17,0,31,0,0,34,0,34,0,14,51,0,65,90,0,90,155
08/12/2022,CGF,OH,AGL,CE,Federal Contract Tower,0,18,15,2,35,0,0,30,0,30,0,18,45,2,65,34,0,34,99
08/13/2022,CGF,OH,AGL,CE,Federal Contract Tower,0,16,21,0,37,0,0,50,0,50,0,16,71,0,87,40,0,40,127
08/14/2022,CGF,OH,AGL,CE,Federal Contract Tower,0,15,14,0,29,0,0,44,0,44,0,15,58,0,73,60,0,60,133
08/15/2022,CGF,OH,AGL,CE,Federal Contract Tower,0,30,31,0,61,0,0,30,1,31,0,30,61,1,92,51,0,51,143
08/16/2022,CGF,OH,AGL,CE,Federal Contract Tower,0,20,20,0,40,0,0,42,0,42,0,20,62,0,82,88,0,88,170
08/17/2022,CGF,OH,AGL,CE,Federal Contract Tower,0,27,24,0,51,0,0,32,0,32,0,27,56,0,83,44,0,44,127
08/18/2022,CGF,OH,AGL,CE,Federal Contract Tower,0,24,17,0,41,0,0,43,0,43,0,24,60,0,84,67,0,67,151
08/19/2022,CGF,OH,AGL,CE,Federal Contract Tower,0,20,18,0,38,0,0,56,0,56,0,20,74,0,94,42,0,42,136
08/20/2022,CGF,OH,AGL,CE,Federal Contract Tower,0,12,14,0,26,0,0,58,0,58,0,12,72,0,84,50,0,50,134
08/21/2022,CGF,OH,AGL,CE,Federal Contract Tower,0,13,9,0,22,0,0,10,0,10,0,13,19,0,32,6,0,6,38
08/22/2022,CGF,OH,AGL,CE,Federal Contract Tower,0,14,15,0,29,0,0,3,0,3,0,14,18,0,32,6,0,6,38
08/23/2022,CGF,OH,AGL,CE,Federal Contract Tower,0,16,19,0,35,0,0,37,0,37,0,16,56,0,72,36,0,36,108
08/24/2022,CGF,OH,AGL,CE,Federal Contract Tower,0,21,20,0,41,0,0,70,0,70,0,21,90,0,111,64,0,64,175
08/25/2022,CGF,OH,AGL,CE,Federal Contract Tower,0,13,20,0,33,0,0,41,0,41,0,13,61,0,74,24,0,24,98
08/26/2022,CGF,OH,AGL,CE,Federal Contract Tower,0,12,21,0,33,0,0,10,0,10,0,12,31,0,43,14,0,14,57
08/27/2022,CGF,OH,AGL,CE,Federal Contract Tower,0,14,14,0,28,0,0,40,0,40,0,14,54,0,68,36,0,36,104
08/28/2022,CGF,OH,AGL,CE,Federal Contract Tower,0,10,15,0,25,0,0,69,0,69,0,10,84,0,94,32,0,32,126
08/29/2022,CGF,OH,AGL,CE,Federal Contract Tower,0,7,18,0,25,0,0,4,0,4,0,7,22,0,29,36,0,36,65
08/30/2022,CGF,OH,AGL,CE,Federal Contract Tower,0,16,12,0,28,0,0,17,0,17,0,16,29,0,45,10,0,10,55
08/31/2022,CGF,OH,AGL,CE,Federal Contract Tower,0,13,24,0,37,0,0,19,0,19,0,13,43,0,56,14,0,14,70
09/01/2022,CGF,OH,AGL,CE,Federal Contract Tower,0,15,20,0,35,0,0,44,0,44,0,15,64,0,79,18,0,18,97
09/02/2022,CGF,OH,AGL,CE,Federal Contract Tower,0,10,25,0,35,0,3,25,0,28,0,13,50,0,63,24,0,24,87
09/03/2022,CGF,OH,AGL,CE,Federal Contract Tower,0,14,6,0,20,0,4,35,0,39,0,18,41,0,59,50,0,50,109
09/04/2022,CGF,OH,AGL,CE,Federal Contract Tower,0,7,12,0,19,0,2,1,0,3,0,9,13,0,22,0,0,0,22
09/05/2022,CGF,OH,AGL,CE,Federal Contract Tower,0,12,26,0,38,0,0,0,0,0,0,12,26,0,38,0,0,0,38
09/06/2022,CGF,OH,AGL,CE,Federal Contract Tower,0,24,25,0,49,0,0,10,0,10,0,24,35,0,59,24,0,24,83
09/07/2022,CGF,OH,AGL,CE,Federal Contract Tower,0,18,30,0,48,0,0,29,0,29,0,18,59,0,77,42,0,42,119
09/08/2022,CGF,OH,AGL,CE,Federal Contract Tower,0,14,19,0,33,0,0,35,0,35,0,14,54,0,68,48,0,48,116
09/09/2022,CGF,OH,AGL,CE,Federal Contract Tower,0,16,26,0,42,0,1,34,0,35,0,17,60,0,77,76,0,76,153
09/10/2022,CGF,OH,AGL,CE,Federal Contract Tower,0,17,15,0,32,0,0,33,0,33,0,17,48,0,65,32,0,32,97
09/11/2022,CGF,OH,AGL,CE,Federal Contract Tower,0,14,33,0,47,0,0,17,0,17,0,14,50,0,64,56,0,56,120
09/12/2022,CGF,OH,AGL,CE,Federal Contract Tower,0,16,16,0,32,0,0,5,0,5,0,16,21,0,37,28,0,28,65
09/13/2022,CGF,OH,AGL,CE,Federal Contract Tower,0,14,27,1,42,0,0,8,0,8,0,14,35,1,50,66,0,66,116
09/14/2022,CGF,OH,AGL,CE,Federal Contract Tower,0,20,30,0,50,0,0,44,0,44,0,20,74,0,94,0,0,0,94
09/15/2022,CGF,OH,AGL,CE,Federal Contract Tower,0,21,40,0,61,0,0,28,0,28,0,21,68,0,89,82,0,82,171
09/17/2022,CGF,OH,AGL,CE,Federal Contract Tower,0,17,13,0,30,0,0,48,0,48,0,17,61,0,78,80,0,80,158
09/18/2022,CGF,OH,AGL,CE,Federal Contract Tower,0,25,20,0,45,0,0,30,0,30,0,25,50,0,75,46,0,46,121
09/19/2022,CGF,OH,AGL,CE,Federal Contract Tower,0,23,25,0,48,0,0,7,0,7,0,23,32,0,55,20,0,20,75
09/20/2022,CGF,OH,AGL,CE,Federal Contract Tower,0,7,19,0,26,0,0,34,0,34,0,7,53,0,60,30,0,30,90
09/21/2022,CGF,OH,AGL,CE,Federal Contract Tower,0,29,28,0,57,0,0,10,0,10,0,29,38,0,67,14,0,14,81
09/22/2022,CGF,OH,AGL,CE,Federal Contract Tower,0,17,25,0,42,0,0,5,0,5,0,17,30,0,47,0,0,0,47
09/23/2022,CGF,OH,AGL,CE,Federal Contract Tower,0,19,27,0,46,0,0,45,0,45,0,19,72,0,91,44,0,44,135
09/24/2022,CGF,OH,AGL,CE,Federal Contract Tower,0,12,8,0,20,0,0,75,0,75,0,12,83,0,95,88,0,88,183
09/25/2022,CGF,OH,AGL,CE,Federal Contract Tower,0,11,18,0,29,0,0,7,0,7,0,11,25,0,36,14,0,14,50
09/26/2022,CGF,OH,AGL,CE,Federal Contract Tower,0,18,13,0,31,0,0,6,0,6,0,18,19,0,37,2,0,2,39
09/27/2022,CGF,OH,AGL,CE,Federal Contract Tower,0,16,9,0,25,0,0,9,0,9,0,16,18,0,34,4,0,4,38
09/28/2022,CGF,OH,AGL,CE,Federal Contract Tower,0,17,18,0,35,0,0,8,0,8,0,17,26,0,43,18,0,18,61
09/29/2022,CGF,OH,AGL,CE,Federal Contract Tower,0,13,26,0,39,0,0,42,0,42,0,13,68,0,81,84,0,84,165
10/01/2022,CGF,OH,AGL,CE,Federal Contract Tower,0,14,9,0,23,0,2,22,0,24,0,16,31,0,47,38,0,38,85
10/02/2022,CGF,OH,AGL,CE,Federal Contract Tower,0,20,14,0,34,0,0,1,0,1,0,20,15,0,35,0,0,0,35
10/03/2022,CGF,OH,AGL,CE,Federal Contract Tower,0,8,19,0,27,0,0,28,0,28,0,8,47,0,55,68,0,68,123
10/04/2022,CGF,OH,AGL,CE,Federal Contract Tower,0,17,18,0,35,0,0,39,0,39,0,17,57,0,74,116,0,116,190
10/05/2022,CGF,OH,AGL,CE,Federal Contract Tower,0,31,24,0,55,0,0,26,0,26,0,31,50,0,81,108,0,108,189
10/06/2022,CGF,OH,AGL,CE,Federal Contract Tower,0,8,23,0,31,0,0,58,0,58,0,8,81,0,89,134,0,134,223
10/07/2022,CGF,OH,AGL,CE,Federal Contract Tower,0,20,33,0,53,0,0,1,0,1,0,20,34,0,54,2,0,2,56
10/08/2022,CGF,OH,AGL,CE,Federal Contract Tower,0,15,14,0,29,0,0,47,0,47,0,15,61,0,76,76,0,76,152
10/09/2022,CGF,OH,AGL,CE,Federal Contract Tower,0,24,24,0,48,0,0,46,0,46,0,24,70,0,94,82,0,82,176
10/10/2022,CGF,OH,AGL,CE,Federal Contract Tower,0,30,18,0,48,0,0,33,0,33,0,30,51,0,81,62,0,62,143
10/11/2022,CGF,OH,AGL,CE,Federal Contract Tower,0,20,36,0,56,0,4,59,0,63,0,24,95,0,119,100,0,100,219
10/12/2022,CGF,OH,AGL,CE,Federal Contract Tower,0,17,29,0,46,0,0,12,0,12,0,17,41,0,58,34,0,34,92
10/13/2022,CGF,OH,AGL,CE,Federal Contract Tower,0,28,21,0,49,0,0,13,0,13,0,28,34,0,62,24,0,24,86
10/14/2022,CGF,OH,AGL,CE,Federal Contract Tower,0,19,14,0,33,0,0,24,0,24,0,19,38,0,57,20,0,20,77
10/15/2022,CGF,OH,AGL,CE,Federal Contract Tower,0,13,10,0,23,0,0,28,0,28,0,13,38,0,51,42,0,42,93
10/16/2022,CGF,OH,AGL,CE,Federal Contract Tower,0,28,24,0,52,0,0,54,0,54,0,28,78,0,106,54,0,54,160
10/17/2022,CGF,OH,AGL,CE,Federal Contract Tower,0,18,25,0,43,0,0,0,0,0,0,18,25,0,43,0,0,0,43
10/18/2022,CGF,OH,AGL,CE,Federal Contract Tower,0,17,9,0,26,0,0,0,0,0,0,17,9,0,26,0,0,0,26
10/19/2022,CGF,OH,AGL,CE,Federal Contract Tower,0,23,15,0,38,0,0,0,0,0,0,23,15,0,38,0,0,0,38
10/20/2022,CGF,OH,AGL,CE,Federal Contract Tower,0,12,18,0,30,0,0,21,0,21,0,12,39,0,51,44,0,44,95
10/21/2022,CGF,OH,AGL,CE,Federal Contract Tower,0,17,22,0,39,0,0,12,0,12,0,17,34,0,51,16,0,16,67
10/22/2022,CGF,OH,AGL,CE,Federal Contract Tower,0,20,10,0,30,0,1,15,0,16,0,21,25,0,46,12,0,12,58
10/23/2022,CGF,OH,AGL,CE,Federal Contract Tower,0,25,17,0,42,0,0,45,0,45,0,25,62,0,87,82,0,82,169
10/25/2022,CGF,OH,AGL,CE,Federal Contract Tower,0,15,12,0,27,0,0,27,0,27,0,15,39,0,54,104,0,104,158
10/26/2022,CGF,OH,AGL,CE,Federal Contract Tower,0,14,11,0,25,0,0,0,0,0,0,14,11,0,25,16,2,18,43
10/27/2022,CGF,OH,AGL,CE,Federal Contract Tower,0,11,23,0,34,0,0,23,0,23,0,11,46,0,57,66,0,66,123
10/28/2022,CGF,OH,AGL,CE,Federal Contract Tower,0,14,19,0,33,0,0,37,0,37,0,14,56,0,70,106,0,106,176
10/29/2022,CGF,OH,AGL,CE,Federal Contract Tower,0,15,8,0,23,0,0,39,0,39,0,15,47,0,62,24,0,24,86
10/30/2022,CGF,OH,AGL,CE,Federal Contract Tower,0,11,11,0,22,0,0,28,0,28,0,11,39,0,50,76,0,76,126
10/31/2022,CGF,OH,AGL,CE,Federal Contract Tower,0,14,2,0,16,0,0,7,0,7,0,14,9,0,23,16,0,16,39
11/01/2022,CGF,OH,AGL,CE,Federal Contract Tower,0,15,4,0,19,0,0,0,0,0,0,15,4,0,19,0,0,0,19
11/02/2022,CGF,OH,AGL,CE,Federal Contract Tower,0,13,12,0,25,0,0,54,0,54,0,13,66,0,79,128,0,128,207
11/03/2022,CGF,OH,AGL,CE,Federal Contract Tower,0,30,16,0,46,0,4,31,0,35,0,34,47,0,81,94,0,94,175
11/04/2022,CGF,OH,AGL,CE,Federal Contract Tower,0,16,13,0,29,0,0,22,0,22,0,16,35,0,51,24,0,24,75
11/05/2022,CGF,OH,AGL,CE,Federal Contract Tower,0,11,8,0,19,0,0,4,0,4,0,11,12,0,23,2,0,2,25
11/06/2022,CGF,OH,AGL,CE,Federal Contract Tower,0,16,12,0,28,0,0,53,0,53,0,16,65,0,81,30,0,30,111
11/07/2022,CGF,OH,AGL,CE,Federal Contract Tower,0,19,13,0,32,0,0,31,0,31,0,19,44,0,63,0,0,0,63
11/08/2022,CGF,OH,AGL,CE,Federal Contract Tower,0,15,14,0,29,0,0,38,0,38,0,15,52,0,67,58,0,58,125
11/09/2022,CGF,OH,AGL,CE,Federal Contract Tower,0,10,13,0,23,0,0,33,0,33,0,10,46,0,56,62,0,62,118
11/10/2022,CGF,OH,AGL,CE,Federal Contract Tower,0,13,16,0,29,0,0,27,0,27,0,13,43,0,56,22,0,22,78
11/11/2022,CGF,OH,AGL,CE,Federal Contract Tower,0,14,18,0,32,0,0,0,0,0,0,14,18,0,32,0,0,0,32
11/12/2022,CGF,OH,AGL,CE,Federal Contract Tower,0,8,5,0,13,0,0,0,0,0,0,8,5,0,13,0,0,0,13
11/13/2022,CGF,OH,AGL,CE,Federal Contract Tower,0,13,12,0,25,0,0,1,0,1,0,13,13,0,26,0,0,0,26
11/14/2022,CGF,OH,AGL,CE,Federal Contract Tower,0,20,12,0,32,0,0,4,0,4,0,20,16,0,36,6,0,6,42
11/15/2022,CGF,OH,AGL,CE,Federal Contract Tower,0,12,28,0,40,0,0,5,0,5,0,12,33,0,45,6,0,6,51
11/16/2022,CGF,OH,AGL,CE,Federal Contract Tower,0,12,9,0,21,0,0,11,0,11,0,12,20,0,32,16,0,16,48
11/17/2022,CGF,OH,AGL,CE,Federal Contract Tower,0,15,13,0,28,0,0,0,0,0,0,15,13,0,28,0,0,0,28
11/18/2022,CGF,OH,AGL,CE,Federal Contract Tower,0,26,14,0,40,0,0,3,0,3,0,26,17,0,43,0,0,0,43
11/19/2022,CGF,OH,AGL,CE,Federal Contract Tower,0,13,10,0,23,0,0,9,0,9,0,13,19,0,32,24,0,24,56
11/20/2022,CGF,OH,AGL,CE,Federal Contract Tower,0,7,5,0,12,0,0,6,0,6,0,7,11,0,18,10,0,10,28
11/21/2022,CGF,OH,AGL,CE,Federal Contract Tower,0,21,7,0,28,0,0,0,0,0,0,21,7,0,28,0,0,0,28
11/22/2022,CGF,OH,AGL,CE,Federal Contract Tower,0,31,24,0,55,0,0,44,0,44,0,31,68,0,99,92,0,92,191
11/23/2022,CGF,OH,AGL,CE,Federal Contract Tower,0,21,26,0,47,0,0,62,0,62,0,21,88,0,109,98,0,98,207
11/24/2022,CGF,OH,AGL,CE,Federal Contract Tower,0,15,2,0,17,0,0,25,0,25,0,15,27,0,42,38,0,38,80
11/25/2022,CGF,OH,AGL,CE,Federal Contract Tower,0,11,6,0,17,0,0,17,0,17,0,11,23,0,34,12,0,12,46
11/26/2022,CGF,OH,AGL,CE,Federal Contract Tower,0,21,19,0,40,0,0,36,0,36,0,21,55,0,76,38,0,38,114
11/27/2022,CGF,OH,AGL,CE,Federal Contract Tower,0,26,15,0,41,0,0,0,0,0,0,26,15,0,41,0,0,0,41
11/28/2022,CGF,OH,AGL,CE,Federal Contract Tower,0,28,21,0,49,0,0,6,0,6,0,28,27,0,55,0,0,0,55
11/29/2022,CGF,OH,AGL,CE,Federal Contract Tower,0,14,11,0,25,0,0,21,0,21,0,14,32,0,46,58,0,58,104
11/30/2022,CGF,OH,AGL,CE,Federal Contract Tower,0,18,12,0,30,0,0,0,0,0,0,18,12,0,30,0,0,0,30
12/01/2022,CGF,OH,AGL,CE,Federal Contract Tower,0,19,7,0,26,0,0,19,0,19,0,19,26,0,45,58,0,58,103
12/02/2022,CGF,OH,AGL,CE,Federal Contract Tower,0,5,10,0,15,0,0,4,0,4,0,5,14,0,19,0,0,0,19
12/03/2022,CGF,OH,AGL,CE,Federal Contract Tower,0,5,5,0,10,0,0,0,0,0,0,5,5,0,10,0,0,0,10
12/04/2022,CGF,OH,AGL,CE,Federal Contract Tower,0,17,16,0,33,0,0,56,0,56,0,17,72,0,89,56,0,56,145
12/05/2022,CGF,OH,AGL,CE,Federal Contract Tower,0,22,13,0,35,0,0,21,0,21,0,22,34,0,56,48,0,48,104
12/06/2022,CGF,OH,AGL,CE,Federal Contract Tower,0,12,13,0,25,0,0,0,0,0,0,12,13,0,25,0,0,0,25
12/07/2022,CGF,OH,AGL,CE,Federal Contract Tower,0,11,14,0,25,0,0,0,0,0,0,11,14,0,25,0,0,0,25
12/08/2022,CGF,OH,AGL,CE,Federal Contract Tower,0,16,25,0,41,0,0,2,0,2,0,16,27,0,43,0,0,0,43
12/09/2022,CGF,OH,AGL,CE,Federal Contract Tower,0,12,15,0,27,0,0,18,0,18,0,12,33,0,45,56,0,56,101
12/10/2022,CGF,OH,AGL,CE,Federal Contract Tower,0,14,13,0,27,0,0,12,0,12,0,14,25,0,39,50,0,50,89
12/11/2022,CGF,OH,AGL,CE,Federal Contract Tower,0,13,13,0,26,0,0,0,0,0,0,13,13,0,26,0,0,0,26
12/12/2022,CGF,OH,AGL,CE,Federal Contract Tower,0,9,20,0,29,0,0,1,0,1,0,9,21,0,30,0,0,0,30
12/13/2022,CGF,OH,AGL,CE,Federal Contract Tower,0,4,35,0,39,0,0,34,0,34,0,4,69,0,73,48,0,48,121
12/14/2022,CGF,OH,AGL,CE,Federal Contract Tower,0,13,13,0,26,0,0,16,0,16,0,13,29,0,42,39,0,39,81
12/15/2022,CGF,OH,AGL,CE,Federal Contract Tower,0,14,10,0,24,0,0,0,0,0,0,14,10,0,24,0,0,0,24
12/16/2022,CGF,OH,AGL,CE,Federal Contract Tower,0,16,20,0,36,0,0,20,0,20,0,16,40,0,56,24,0,24,80
12/17/2022,CGF,OH,AGL,CE,Federal Contract Tower,0,16,13,0,29,0,0,8,0,8,0,16,21,0,37,14,0,14,51
12/18/2022,CGF,OH,AGL,CE,Federal Contract Tower,0,11,4,0,15,0,0,0,0,0,0,11,4,0,15,0,0,0,15
12/19/2022,CGF,OH,AGL,CE,Federal Contract Tower,0,14,18,0,32,0,0,2,0,2,0,14,20,0,34,0,0,0,34
12/20/2022,CGF,OH,AGL,CE,Federal Contract Tower,0,12,10,0,22,0,0,24,0,24,0,12,34,0,46,42,0,42,88
12/21/2022,CGF,OH,AGL,CE,Federal Contract Tower,0,14,13,0,27,0,0,11,0,11,0,14,24,0,38,6,0,6,44
12/22/2022,CGF,OH,AGL,CE,Federal Contract Tower,0,14,16,0,30,0,1,0,0,1,0,15,16,0,31,0,0,0,31
12/23/2022,CGF,OH,AGL,CE,Federal Contract Tower,0,0,1,0,1,0,0,0,0,0,0,0,1,0,1,0,0,0,1
12/24/2022,CGF,OH,AGL,CE,Federal Contract Tower,0,13,4,0,17,0,0,0,0,0,0,13,4,0,17,0,0,0,17
12/25/2022,CGF,OH,AGL,CE,Federal Contract Tower,0,8,0,0,8,0,0,0,0,0,0,8,0,0,8,0,0,0,8
12/26/2022,CGF,OH,AGL,CE,Federal Contract Tower,0,12,8,0,20,0,0,1,0,1,0,12,9,0,21,0,0,0,21
12/27/2022,CGF,OH,AGL,CE,Federal Contract Tower,0,14,16,0,30,0,0,4,0,4,0,14,20,0,34,14,0,14,48
12/28/2022,CGF,OH,AGL,CE,Federal Contract Tower,0,20,8,0,28,0,0,3,0,3,0,20,11,0,31,10,0,10,41
12/29/2022,CGF,OH,AGL,CE,Federal Contract Tower,0,4,7,0,11,0,0,1,0,1,0,4,8,0,12,0,0,0,12
12/30/2022,CGF,OH,AGL,CE,Federal Contract Tower,0,16,11,0,27,0,0,1,0,1,0,16,12,0,28,0,0,0,28
12/31/2022,CGF,OH,AGL,CE,Federal Contract Tower,0,7,2,0,9,0,0,0,0,0,0,7,2,0,9,0,0,0,9
01/01/2023,CGF,OH,AGL,CE,Federal Contract Tower,0,8,2,0,10,0,0,2,0,2,0,8,4,0,12,0,0,0,12
01/02/2023,CGF,OH,AGL,CE,Federal Contract Tower,0,16,15,0,31,0,0,1,0,1,0,16,16,0,32,0,0,0,32
01/03/2023,CGF,OH,AGL,CE,Federal Contract Tower,0,11,11,0,22,0,0,0,0,0,0,11,11,0,22,0,0,0,22
01/04/2023,CGF,OH,AGL,CE,Federal Contract Tower,0,14,13,0,27,0,0,4,0,4,0,14,17,0,31,10,0,10,41
01/05/2023,CGF,OH,AGL,CE,Federal Contract Tower,0,15,7,0,22,0,1,28,0,29,0,16,35,0,51,70,0,70,121
01/06/2023,CGF,OH,AGL,CE,Federal Contract Tower,0,4,11,0,15,0,0,0,0,0,0,4,11,0,15,0,0,0,15
01/07/2023,CGF,OH,AGL,CE,Federal Contract Tower,0,12,7,0,19,0,0,0,0,0,0,12,7,0,19,0,0,0,19
01/08/2023,CGF,OH,AGL,CE,Federal Contract Tower,0,21,9,0,30,0,0,8,0,8,0,21,17,0,38,34,0,34,72
01/09/2023,CGF,OH,AGL,CE,Federal Contract Tower,0,15,9,0,24,0,0,17,0,17,0,15,26,0,41,50,0,50,91
01/10/2023,CGF,OH,AGL,CE,Federal Contract Tower,0,12,11,0,23,0,0,12,0,12,0,12,23,0,35,40,0,40,75
01/11/2023,CGF,OH,AGL,CE,Federal Contract Tower,0,7,17,0,24,0,0,44,0,44,0,7,61,0,68,30,0,30,98
01/12/2023,CGF,OH,AGL,CE,Federal Contract Tower,0,7,21,0,28,0,0,1,0,1,0,7,22,0,29,0,0,0,29
01/13/2023,CGF,OH,AGL,CE,Federal Contract Tower,0,3,2,0,5,0,0,0,0,0,0,3,2,0,5,0,0,0,5
01/14/2023,CGF,OH,AGL,CE,Federal Contract Tower,0,5,6,0,11,0,0,0,0,0,0,5,6,0,11,0,0,0,11
01/15/2023,CGF,OH,AGL,CE,Federal Contract Tower,0,19,12,0,31,0,0,29,0,29,0,19,41,0,60,60,0,60,120
01/16/2023,CGF,OH,AGL,CE,Federal Contract Tower,0,16,16,0,32,0,1,15,0,16,0,17,31,0,48,26,0,26,74
01/17/2023,CGF,OH,AGL,CE,Federal Contract Tower,0,14,21,0,35,0,0,8,0,8,0,14,29,0,43,32,0,32,75
01/18/2023,CGF,OH,AGL,CE,Federal Contract Tower,0,13,10,0,23,0,0,0,0,0,0,13,10,0,23,0,0,0,23
01/19/2023,CGF,OH,AGL,CE,Federal Contract Tower,0,21,15,2,38,0,0,8,0,8,0,21,23,2,46,20,0,20,66
01/20/2023,CGF,OH,AGL,CE,Federal Contract Tower,0,13,19,0,32,0,0,2,0,2,0,13,21,0,34,0,0,0,34
01/21/2023,CGF,OH,AGL,CE,Federal Contract Tower,0,10,5,0,15,0,0,10,0,10,0,10,15,0,25,6,0,6,31
01/22/2023,CGF,OH,AGL,CE,Federal Contract Tower,0,7,2,0,9,0,0,4,0,4,0,7,6,0,13,8,0,8,21
01/23/2023,CGF,OH,AGL,CE,Federal Contract Tower,0,11,17,0,28,0,0,0,0,0,0,11,17,0,28,0,0,0,28
01/24/2023,CGF,OH,AGL,CE,Federal Contract Tower,0,12,9,0,21,0,0,6,0,6,0,12,15,0,27,16,0,16,43
01/25/2023,CGF,OH,AGL,CE,Federal Contract Tower,0,13,6,0,19,0,0,6,0,6,0,13,12,0,25,0,0,0,25
01/26/2023,CGF,OH,AGL,CE,Federal Contract Tower,0,4,13,0,17,0,0,0,0,0,0,4,13,0,17,0,0,0,17
01/27/2023,CGF,OH,AGL,CE,Federal Contract Tower,0,7,7,0,14,0,0,1,0,1,0,7,8,0,15,0,0,0,15
01/28/2023,CGF,OH,AGL,CE,Federal Contract Tower,0,4,11,0,15,0,0,10,0,10,0,4,21,0,25,12,0,12,37
01/29/2023,CGF,OH,AGL,CE,Federal Contract Tower,0,7,7,0,14,0,0,0,0,0,0,7,7,0,14,0,0,0,14
01/30/2023,CGF,OH,AGL,CE,Federal Contract Tower,0,11,5,0,16,0,0,0,0,0,0,11,5,0,16,0,0,0,16
02/01/2023,CGF,OH,AGL,CE,Federal Contract Tower,0,5,12,0,17,0,0,22,0,22,0,5,34,0,39,48,0,48,87
02/02/2023,CGF,OH,AGL,CE,Federal Contract Tower,0,8,15,0,23,0,0,15,0,15,0,8,30,0,38,14,0,14,52
02/03/2023,CGF,OH,AGL,CE,Federal Contract Tower,0,8,10,0,18,0,0,0,0,0,0,8,10,0,18,0,0,0,18
02/04/2023,CGF,OH,AGL,CE,Federal Contract Tower,0,11,5,0,16,0,0,9,0,9,0,11,14,0,25,18,0,18,43
02/05/2023,CGF,OH,AGL,CE,Federal Contract Tower,0,8,6,0,14,0,0,4,0,4,0,8,10,0,18,0,0,0,18
02/06/2023,CGF,OH,AGL,CE,Federal Contract Tower,0,12,14,0,26,0,0,3,0,3,0,12,17,0,29,10,0,10,39
02/07/2023,CGF,OH,AGL,CE,Federal Contract Tower,0,12,11,0,23,0,4,0,0,4,0,16,11,0,27,0,0,0,27
02/08/2023,CGF,OH,AGL,CE,Federal Contract Tower,0,15,10,0,25,0,0,32,0,32,0,15,42,0,57,74,0,74,131
02/09/2023,CGF,OH,AGL,CE,Federal Contract Tower,0,19,17,0,36,0,0,0,0,0,0,19,17,0,36,0,0,0,36
02/10/2023,CGF,OH,AGL,CE,Federal Contract Tower,0,7,22,0,29,0,0,7,0,7,0,7,29,0,36,2,0,2,38
02/11/2023,CGF,OH,AGL,CE,Federal Contract Tower,0,5,2,0,7,0,35,0,0,35,0,40,2,0,42,56,0,56,98
02/12/2023,CGF,OH,AGL,CE,Federal Contract Tower,0,8,5,0,13,0,0,33,0,33,0,8,38,0,46,22,0,22,68
02/13/2023,CGF,OH,AGL,CE,Federal Contract Tower,0,9,5,0,14,0,0,15,0,15,0,9,20,0,29,2,0,2,31
02/14/2023,CGF,OH,AGL,CE,Federal Contract Tower,0,15,8,0,23,0,0,11,0,11,0,15,19,0,34,58,0,58,92
02/15/2023,CGF,OH,AGL,CE,Federal Contract Tower,0,12,6,0,18,0,0,4,0,4,0,12,10,0,22,0,0,0,22
02/16/2023,CGF,OH,AGL,CE,Federal Contract Tower,0,14,13,0,27,0,0,1,0,1,0,14,14,0,28,0,0,0,28
02/17/2023,CGF,OH,AGL,CE,Federal Contract Tower,0,5,5,0,10,0,0,0,0,0,0,5,5,0,10,0,0,0,10
02/18/2023,CGF,OH,AGL,CE,Federal Contract Tower,0,8,9,0,17,0,0,19,0,19,0,8,28,0,36,26,0,26,62
02/19/2023,CGF,OH,AGL,CE,Federal Contract Tower,0,14,15,0,29,0,0,19,0,19,0,14,34,0,48,16,0,16,64
02/20/2023,CGF,OH,AGL,CE,Federal Contract Tower,0,12,32,0,44,0,0,18,0,18,0,12,50,0,62,14,0,14,76
02/21/2023,CGF,OH,AGL,CE,Federal Contract Tower,0,23,16,0,39,0,1,8,0,9,0,24,24,0,48,10,2,12,60
02/22/2023,CGF,OH,AGL,CE,Federal Contract Tower,0,16,5,0,21,0,0,1,0,1,0,16,6,0,22,0,0,0,22
02/23/2023,CGF,OH,AGL,CE,Federal Contract Tower,0,9,14,0,23,0,0,3,0,3,0,9,17,0,26,0,0,0,26
02/24/2023,CGF,OH,AGL,CE,Federal Contract Tower,0,13,8,1,22,0,0,7,0,7,0,13,15,1,29,30,0,30,59
02/25/2023,CGF,OH,AGL,CE,Federal Contract Tower,0,18,6,0,24,0,0,11,0,11,0,18,17,0,35,42,0,42,77
02/26/2023,CGF,OH,AGL,CE,Federal Contract Tower,0,9,10,0,19,0,0,21,0,21,0,9,31,0,40,40,0,40,80
02/27/2023,CGF,OH,AGL,CE,Federal Contract Tower,0,20,14,0,34,0,0,0,0,0,0,20,14,0,34,0,0,0,34
02/28/2023,CGF,OH,AGL,CE,Federal Contract Tower,0,21,21,0,42,0,0,0,0,0,0,21,21,0,42,0,0,0,42
03/01/2023,CGF,OH,AGL,CE,Federal Contract Tower,0,11,27,0,38,0,0,39,0,39,0,11,66,0,77,78,0,78,155
03/02/2023,CGF,OH,AGL,CE,Federal Contract Tower,0,18,15,0,33,0,0,2,0,2,0,18,17,0,35,2,0,2,37
03/03/2023,CGF,OH,AGL,CE,Federal Contract Tower,0,13,10,0,23,0,0,4,0,4,0,13,14,0,27,14,0,14,41
03/04/2023,CGF,OH,AGL,CE,Federal Contract Tower,0,9,6,0,15,0,0,5,0,5,0,9,11,0,20,0,0,0,20
03/05/2023,CGF,OH,AGL,CE,Federal Contract Tower,0,10,18,0,28,0,0,23,0,23,0,10,41,0,51,22,0,22,73
03/06/2023,CGF,OH,AGL,CE,Federal Contract Tower,0,12,16,0,28,0,0,5,0,5,0,12,21,0,33,8,0,8,41
03/07/2023,CGF,OH,AGL,CE,Federal Contract Tower,0,21,25,0,46,0,0,10,0,10,0,21,35,0,56,0,0,0,56
03/08/2023,CGF,OH,AGL,CE,Federal Contract Tower,0,9,19,0,28,0,0,25,0,25,0,9,44,0,53,46,0,46,99
03/09/2023,CGF,OH,AGL,CE,Federal Contract Tower,0,23,33,0,56,0,0,25,0,25,0,23,58,0,81,48,0,48,129
03/10/2023,CGF,OH,AGL,CE,Federal Contract Tower,0,11,8,0,19,0,0,0,0,0,0,11,8,0,19,0,0,0,19
03/11/2023,CGF,OH,AGL,CE,Federal Contract Tower,0,14,1,0,15,0,0,0,0,0,0,14,1,0,15,14,0,14,29
03/12/2023,CGF,OH,AGL,CE,Federal Contract Tower,0,11,22,0,33,0,0,0,0,0,0,11,22,0,33,0,0,0,33
03/13/2023,CGF,OH,AGL,CE,Federal Contract Tower,0,17,9,0,26,0,0,0,0,0,0,17,9,0,26,0,0,0,26
03/14/2023,CGF,OH,AGL,CE,Federal Contract Tower,0,11,9,0,20,0,0,1,0,1,0,11,10,0,21,0,0,0,21
03/15/2023,CGF,OH,AGL,CE,Federal Contract Tower,0,15,5,0,20,0,0,15,0,15,0,15,20,0,35,20,0,20,55
03/16/2023,CGF,OH,AGL,CE,Federal Contract Tower,0,8,16,1,25,0,0,17,0,17,0,8,33,1,42,14,0,14,56
03/17/2023,CGF,OH,AGL,CE,Federal Contract Tower,0,10,16,0,26,0,0,0,0,0,0,10,16,0,26,0,0,0,26
03/18/2023,CGF,OH,AGL,CE,Federal Contract Tower,0,14,9,0,23,0,0,1,0,1,0,14,10,0,24,0,0,0,24
03/19/2023,CGF,OH,AGL,CE,Federal Contract Tower,0,7,10,0,17,0,0,1,0,1,0,7,11,0,18,0,0,0,18
03/20/2023,CGF,OH,AGL,CE,Federal Contract Tower,0,20,21,0,41,0,4,4,0,8,0,24,25,0,49,0,0,0,49
03/21/2023,CGF,OH,AGL,CE,Federal Contract Tower,0,9,17,0,26,0,0,36,0,36,0,9,53,0,62,88,0,88,150
03/22/2023,CGF,OH,AGL,CE,Federal Contract Tower,0,8,14,0,22,0,0,6,0,6,0,8,20,0,28,14,0,14,42
03/23/2023,CGF,OH,AGL,CE,Federal Contract Tower,0,21,14,0,35,0,0,0,0,0,0,21,14,0,35,0,0,0,35
03/24/2023,CGF,OH,AGL,CE,Federal Contract Tower,0,18,13,0,31,0,0,10,0,10,0,18,23,0,41,14,0,14,55
03/25/2023,CGF,OH,AGL,CE,Federal Contract Tower,0,11,7,0,18,0,0,0,0,0,0,11,7,0,18,0,0,0,18
03/26/2023,CGF,OH,AGL,CE,Federal Contract Tower,0,10,29,0,39,0,0,39,0,39,0,10,68,0,78,26,0,26,104
03/27/2023,CGF,OH,AGL,CE,Federal Contract Tower,0,18,17,0,35,0,0,0,0,0,0,18,17,0,35,0,0,0,35
03/28/2023,CGF,OH,AGL,CE,Federal Contract Tower,0,14,14,0,28,0,0,16,0,16,0,14,30,0,44,48,0,48,92
03/29/2023,CGF,OH,AGL,CE,Federal Contract Tower,0,13,8,0,21,0,0,5,0,5,0,13,13,0,26,8,0,8,34
03/30/2023,CGF,OH,AGL,CE,Federal Contract Tower,0,16,23,0,39,0,0,29,0,29,0,16,52,0,68,42,0,42,110
03/31/2023,CGF,OH,AGL,CE,Federal Contract Tower,0,15,13,0,28,0,0,0,0,0,0,15,13,0,28,0,0,0,28
04/01/2023,CGF,OH,AGL,CE,Federal Contract Tower,0,7,7,0,14,0,0,1,0,1,0,7,8,0,15,0,0,0,15
04/02/2023,CGF,OH,AGL,CE,Federal Contract Tower,0,20,19,0,39,0,0,46,0,46,0,20,65,0,85,38,0,38,123
04/03/2023,CGF,OH,AGL,CE,Federal Contract Tower,0,8,18,0,26,0,0,22,0,22,0,8,40,0,48,110,0,110,158
04/04/2023,CGF,OH,AGL,CE,Federal Contract Tower,0,14,9,0,23,0,0,31,0,31,0,14,40,0,54,44,0,44,98
04/05/2023,CGF,OH,AGL,CE,Federal Contract Tower,0,8,10,0,18,0,0,4,0,4,0,8,14,0,22,14,0,14,36
04/06/2023,CGF,OH,AGL,CE,Federal Contract Tower,0,17,24,0,41,0,0,10,0,10,0,17,34,0,51,38,0,38,89
04/07/2023,CGF,OH,AGL,CE,Federal Contract Tower,0,10,19,0,29,0,0,27,0,27,0,10,46,0,56,52,0,52,108
04/08/2023,CGF,OH,AGL,CE,Federal Contract Tower,0,3,13,0,16,0,0,22,0,22,0,3,35,0,38,4,0,4,42
04/09/2023,CGF,OH,AGL,CE,Federal Contract Tower,0,19,12,0,31,0,0,10,0,10,0,19,22,0,41,8,0,8,49
04/10/2023,CGF,OH,AGL,CE,Federal Contract Tower,0,20,24,0,44,0,0,36,0,36,0,20,60,0,80,64,0,64,144
04/11/2023,CGF,OH,AGL,CE,Federal Contract Tower,0,26,17,0,43,0,0,18,0,18,0,26,35,0,61,32,0,32,93
04/12/2023,CGF,OH,AGL,CE,Federal Contract Tower,0,21,25,0,46,0,0,5,0,5,0,21,30,0,51,6,0,6,57
04/13/2023,CGF,OH,AGL,CE,Federal Contract Tower,0,9,23,0,32,0,0,45,0,45,0,9,68,0,77,70,0,70,147
04/14/2023,CGF,OH,AGL,CE,Federal Contract Tower,0,9,23,0,32,0,0,27,0,27,0,9,50,0,59,50,0,50,109
04/15/2023,CGF,OH,AGL,CE,Federal Contract Tower,0,13,11,0,24,0,0,30,0,30,0,13,41,0,54,40,0,40,94
04/16/2023,CGF,OH,AGL,CE,Federal Contract Tower,0,20,14,0,34,0,0,5,0,5,0,20,19,0,39,2,0,2,41
04/17/2023,CGF,OH,AGL,CE,Federal Contract Tower,0,18,24,0,42,0,0,1,0,1,0,18,25,0,43,0,0,0,43
04/18/2023,CGF,OH,AGL,CE,Federal Contract Tower,0,15,23,0,38,0,0,4,0,4,0,15,27,0,42,0,0,0,42
04/19/2023,CGF,OH,AGL,CE,Federal Contract Tower,0,19,31,0,50,0,0,29,0,29,0,19,60,0,79,22,0,22,101
04/20/2023,CGF,OH,AGL,CE,Federal Contract Tower,0,16,23,0,39,0,0,39,1,40,0,16,62,1,79,56,2,58,137
04/21/2023,CGF,OH,AGL,CE,Federal Contract Tower,0,10,13,0,23,0,0,14,0,14,0,10,27,0,37,20,0,20,57
04/22/2023,CGF,OH,AGL,CE,Federal Contract Tower,0,11,8,0,19,0,0,2,0,2,0,11,10,0,21,4,0,4,25
04/23/2023,CGF,OH,AGL,CE,Federal Contract Tower,0,14,19,0,33,0,0,8,0,8,0,14,27,0,41,20,0,20,61
04/24/2023,CGF,OH,AGL,CE,Federal Contract Tower,0,13,18,0,31,0,0,0,0,0,0,13,18,0,31,8,0,8,39
04/25/2023,CGF,OH,AGL,CE,Federal Contract Tower,0,10,21,0,31,0,0,19,0,19,0,10,40,0,50,82,0,82,132
04/26/2023,CGF,OH,AGL,CE,Federal Contract Tower,0,17,25,0,42,0,0,28,0,28,0,17,53,0,70,110,0,110,180
04/27/2023,CGF,OH,AGL,CE,Federal Contract Tower,0,19,31,0,50,0,0,46,0,46,0,19,77,0,96,50,0,50,146
04/28/2023,CGF,OH,AGL,CE,Federal Contract Tower,0,29,7,0,36,0,0,1,0,1,0,29,8,0,37,0,0,0,37
04/29/2023,CGF,OH,AGL,CE,Federal Contract Tower,0,13,6,0,19,0,0,4,0,4,0,13,10,0,23,0,0,0,23
04/30/2023,CGF,OH,AGL,CE,Federal Contract Tower,0,17,11,0,28,0,0,4,0,4,0,17,15,0,32,2,0,2,34
05/01/2023,CGF,OH,AGL,CE,Federal Contract Tower,0,11,11,0,22,0,0,1,0,1,0,11,12,0,23,0,0,0,23
05/02/2023,CGF,OH,AGL,CE,Federal Contract Tower,0,19,18,0,37,0,0,0,0,0,0,19,18,0,37,0,0,0,37
05/03/2023,CGF,OH,AGL,CE,Federal Contract Tower,0,15,24,0,39,0,0,0,0,0,0,15,24,0,39,0,0,0,39
05/04/2023,CGF,OH,AGL,CE,Federal Contract Tower,0,24,14,0,38,0,0,13,0,13,0,24,27,0,51,16,0,16,67
05/05/2023,CGF,OH,AGL,CE,Federal Contract Tower,0,7,16,0,23,0,0,42,0,42,0,7,58,0,65,80,0,80,145
05/06/2023,CGF,OH,AGL,CE,Federal Contract Tower,0,7,2,0,9,0,0,34,0,34,0,7,36,0,43,28,0,28,71
05/07/2023,CGF,OH,AGL,CE,Federal Contract Tower,0,12,9,0,21,0,0,8,0,8,0,12,17,0,29,2,0,2,31
05/08/2023,CGF,OH,AGL,CE,Federal Contract Tower,0,12,12,0,24,0,0,13,0,13,0,12,25,0,37,18,0,18,55
05/09/2023,CGF,OH,AGL,CE,Federal Contract Tower,0,18,12,0,30,0,0,26,0,26,0,18,38,0,56,44,0,44,100
05/10/2023,CGF,OH,AGL,CE,Federal Contract Tower,0,13,42,0,55,0,0,30,0,30,0,13,72,0,85,40,0,40,125
05/11/2023,CGF,OH,AGL,CE,Federal Contract Tower,0,20,39,0,59,0,0,44,0,44,0,20,83,0,103,32,0,32,135
05/12/2023,CGF,OH,AGL,CE,Federal Contract Tower,0,17,27,0,44,0,0,18,0,18,0,17,45,0,62,12,0,12,74
05/13/2023,CGF,OH,AGL,CE,Federal Contract Tower,0,19,11,0,30,0,0,19,0,19,0,19,30,0,49,30,0,30,79
05/14/2023,CGF,OH,AGL,CE,Federal Contract Tower,0,17,11,0,28,0,0,15,0,15,0,17,26,0,43,4,0,4,47
05/15/2023,CGF,OH,AGL,CE,Federal Contract Tower,0,18,14,0,32,0,0,26,0,26,0,18,40,0,58,44,0,44,102
05/16/2023,CGF,OH,AGL,CE,Federal Contract Tower,0,21,25,0,46,0,0,28,0,28,0,21,53,0,74,60,0,60,134
05/17/2023,CGF,OH,AGL,CE,Federal Contract Tower,0,36,19,0,55,0,0,37,0,37,0,36,56,0,92,90,0,90,182
05/18/2023,CGF,OH,AGL,CE,Federal Contract Tower,0,23,30,0,53,0,0,36,0,36,0,23,66,0,89,36,0,36,125
05/19/2023,CGF,OH,AGL,CE,Federal Contract Tower,0,27,25,0,52,0,0,24,0,24,0,27,49,0,76,38,0,38,114
05/20/2023,CGF,OH,AGL,CE,Federal Contract Tower,0,17,5,0,22,0,0,4,0,4,0,17,9,0,26,2,0,2,28
05/21/2023,CGF,OH,AGL,CE,Federal Contract Tower,0,22,9,0,31,0,0,48,0,48,0,22,57,0,79,64,0,64,143
05/22/2023,CGF,OH,AGL,CE,Federal Contract Tower,0,24,16,0,40,0,0,25,0,25,0,24,41,0,65,20,0,20,85
05/23/2023,CGF,OH,AGL,CE,Federal Contract Tower,0,30,18,0,48,0,0,29,1,30,0,30,47,1,78,36,0,36,114
05/24/2023,CGF,OH,AGL,CE,Federal Contract Tower,0,16,29,0,45,0,0,23,0,23,0,16,52,0,68,4,0,4,72
05/25/2023,CGF,OH,AGL,CE,Federal Contract Tower,0,26,22,0,48,0,0,29,0,29,0,26,51,0,77,26,0,26,103
05/26/2023,CGF,OH,AGL,CE,Federal Contract Tower,0,16,20,0,36,0,6,35,0,41,0,22,55,0,77,24,0,24,101
05/27/2023,CGF,OH,AGL,CE,Federal Contract Tower,0,7,13,0,20,0,0,35,0,35,0,7,48,0,55,78,0,78,133
05/28/2023,CGF,OH,AGL,CE,Federal Contract Tower,0,11,9,0,20,0,0,30,0,30,0,11,39,0,50,50,0,50,100
05/29/2023,CGF,OH,AGL,CE,Federal Contract Tower,0,8,7,0,15,0,0,40,0,40,0,8,47,0,55,6,0,6,61
05/30/2023,CGF,OH,AGL,CE,Federal Contract Tower,0,9,19,0,28,0,0,25,0,25,0,9,44,0,53,36,0,36,89
05/31/2023,CGF,OH,AGL,CE,Federal Contract Tower,0,10,15,0,25,0,0,27,0,27,0,10,42,0,52,18,0,18,70
06/01/2023,CGF,OH,AGL,CE,Federal Contract Tower,0,26,19,0,45,0,0,34,0,34,0,26,53,0,79,12,0,12,91
06/02/2023,CGF,OH,AGL,CE,Federal Contract Tower,0,21,12,0,33,0,0,30,0,30,0,21,42,0,63,16,0,16,79
06/03/2023,CGF,OH,AGL,CE,Federal Contract Tower,0,14,9,0,23,0,0,26,0,26,0,14,35,0,49,30,0,30,79
06/04/2023,CGF,OH,AGL,CE,Federal Contract Tower,0,16,25,0,41,0,0,13,0,13,0,16,38,0,54,0,0,0,54
06/05/2023,CGF,OH,AGL,CE,Federal Contract Tower,0,22,21,0,43,0,2,22,0,24,0,24,43,0,67,24,0,24,91
06/06/2023,CGF,OH,AGL,CE,Federal Contract Tower,0,17,19,0,36,0,0,10,0,10,0,17,29,0,46,38,0,38,84
06/07/2023,CGF,OH,AGL,CE,Federal Contract Tower,0,19,6,0,25,0,0,30,0,30,0,19,36,0,55,28,0,28,83
06/08/2023,CGF,OH,AGL,CE,Federal Contract Tower,0,21,16,0,37,0,0,29,0,29,0,21,45,0,66,32,0,32,98
06/09/2023,CGF,OH,AGL,CE,Federal Contract Tower,0,10,12,0,22,0,0,12,0,12,0,10,24,0,34,16,0,16,50
06/10/2023,CGF,OH,AGL,CE,Federal Contract Tower,0,19,7,0,26,0,0,27,0,27,0,19,34,0,53,18,0,18,71
06/11/2023,CGF,OH,AGL,CE,Federal Contract Tower,0,29,20,0,49,0,0,25,0,25,0,29,45,0,74,66,0,66,140
06/12/2023,CGF,OH,AGL,CE,Federal Contract Tower,0,9,19,0,28,0,0,0,0,0,0,9,19,0,28,0,0,0,28
06/13/2023,CGF,OH,AGL,CE,Federal Contract Tower,0,18,17,0,35,0,0,7,0,7,0,18,24,0,42,20,0,20,62
06/14/2023,CGF,OH,AGL,CE,Federal Contract Tower,0,19,13,0,32,0,0,20,0,20,0,19,33,0,52,36,0,36,88
06/15/2023,CGF,OH,AGL,CE,Federal Contract Tower,0,23,14,0,37,0,0,30,0,30,0,23,44,0,67,52,0,52,119
06/16/2023,CGF,OH,AGL,CE,Federal Contract Tower,0,23,15,0,38,0,0,1,0,1,0,23,16,0,39,6,0,6,45
06/17/2023,CGF,OH,AGL,CE,Federal Contract Tower,0,17,10,0,27,0,0,33,0,33,0,17,43,0,60,70,0,70,130
06/18/2023,CGF,OH,AGL,CE,Federal Contract Tower,0,23,12,0,35,0,0,40,0,40,0,23,52,0,75,36,0,36,111
06/19/2023,CGF,OH,AGL,CE,Federal Contract Tower,0,18,8,0,26,0,0,26,0,26,0,18,34,0,52,44,0,44,96
06/20/2023,CGF,OH,AGL,CE,Federal Contract Tower,0,11,18,0,29,0,0,33,0,33,0,11,51,0,62,96,0,96,158
06/21/2023,CGF,OH,AGL,CE,Federal Contract Tower,0,17,12,0,29,0,0,52,0,52,0,17,64,0,81,68,0,68,149
06/22/2023,CGF,OH,AGL,CE,Federal Contract Tower,0,20,26,0,46,0,0,30,0,30,0,20,56,0,76,112,0,112,188
06/23/2023,CGF,OH,AGL,CE,Federal Contract Tower,0,27,19,0,46,0,0,10,0,10,0,27,29,0,56,24,0,24,80
06/24/2023,CGF,OH,AGL,CE,Federal Contract Tower,0,11,16,0,27,0,0,13,0,13,0,11,29,0,40,40,0,40,80
06/25/2023,CGF,OH,AGL,CE,Federal Contract Tower,0,17,16,0,33,0,0,23,0,23,0,17,39,0,56,46,0,46,102
06/26/2023,CGF,OH,AGL,CE,Federal Contract Tower,0,16,13,0,29,0,0,5,0,5,0,16,18,0,34,20,0,20,54
06/27/2023,CGF,OH,AGL,CE,Federal Contract Tower,0,13,15,4,32,0,0,0,0,0,0,13,15,4,32,0,0,0,32
06/28/2023,CGF,OH,AGL,CE,Federal Contract Tower,0,9,15,0,24,0,0,0,0,0,0,9,15,0,24,0,0,0,24
06/29/2023,CGF,OH,AGL,CE,Federal Contract Tower,0,9,20,0,29,0,0,3,0,3,0,9,23,0,32,4,0,4,36
06/30/2023,CGF,OH,AGL,CE,Federal Contract Tower,0,19,19,0,38,0,0,24,0,24,0,19,43,0,62,48,0,48,110
07/01/2023,CGF,OH,AGL,CE,Federal Contract Tower,0,12,15,0,27,0,0,15,0,15,0,12,30,0,42,38,0,38,80
07/02/2023,CGF,OH,AGL,CE,Federal Contract Tower,0,13,3,0,16,0,0,2,0,2,0,13,5,0,18,6,0,6,24
07/03/2023,CGF,OH,AGL,CE,Federal Contract Tower,0,4,12,0,16,0,0,12,0,12,0,4,24,0,28,36,0,36,64
07/04/2023,CGF,OH,AGL,CE,Federal Contract Tower,0,11,3,0,14,0,0,21,0,21,0,11,24,0,35,26,0,26,61
07/05/2023,CGF,OH,AGL,CE,Federal Contract Tower,0,9,19,0,28,0,0,36,0,36,0,9,55,0,64,50,0,50,114
07/06/2023,CGF,OH,AGL,CE,Federal Contract Tower,0,10,17,0,27,0,0,7,0,7,0,10,24,0,34,18,0,18,52
07/07/2023,CGF,OH,AGL,CE,Federal Contract Tower,0,10,11,0,21,0,0,34,0,34,0,10,45,0,55,20,0,20,75
07/08/2023,CGF,OH,AGL,CE,Federal Contract Tower,0,9,19,0,28,0,0,29,0,29,0,9,48,0,57,34,0,34,91
07/09/2023,CGF,OH,AGL,CE,Federal Contract Tower,0,12,14,0,26,0,0,2,0,2,0,12,16,0,28,8,0,8,36
07/10/2023,CGF,OH,AGL,CE,Federal Contract Tower,0,23,13,0,36,0,2,36,0,38,0,25,49,0,74,60,0,60,134
07/11/2023,CGF,OH,AGL,CE,Federal Contract Tower,0,16,17,0,33,0,0,24,0,24,0,16,41,0,57,16,0,16,73
07/12/2023,CGF,OH,AGL,CE,Federal Contract Tower,0,20,21,0,41,0,0,8,0,8,0,20,29,0,49,12,0,12,61
07/13/2023,CGF,OH,AGL,CE,Federal Contract Tower,0,14,18,0,32,0,2,8,0,10,0,16,26,0,42,4,0,4,46
07/14/2023,CGF,OH,AGL,CE,Federal Contract Tower,0,18,19,0,37,0,2,33,0,35,0,20,52,0,72,26,0,26,98
07/15/2023,CGF,OH,AGL,CE,Federal Contract Tower,0,7,14,0,21,0,0,24,0,24,0,7,38,0,45,40,0,40,85
07/16/2023,CGF,OH,AGL,CE,Federal Contract Tower,0,19,20,0,39,0,0,16,0,16,0,19,36,0,55,42,0,42,97
07/17/2023,CGF,OH,AGL,CE,Federal Contract Tower,0,13,16,0,29,0,0,11,0,11,0,13,27,0,40,38,0,38,78
07/18/2023,CGF,OH,AGL,CE,Federal Contract Tower,0,22,17,0,39,0,0,43,0,43,0,22,60,0,82,82,0,82,164
07/19/2023,CGF,OH,AGL,CE,Federal Contract Tower,0,19,24,0,43,0,0,43,0,43,0,19,67,0,86,70,0,70,156
07/20/2023,CGF,OH,AGL,CE,Federal Contract Tower,0,14,16,0,30,0,0,14,0,14,0,14,30,0,44,30,0,30,74
07/21/2023,CGF,OH,AGL,CE,Federal Contract Tower,0,23,8,0,31,0,0,19,0,19,0,23,27,0,50,24,0,24,74
07/22/2023,CGF,OH,AGL,CE,Federal Contract Tower,0,13,16,0,29,0,0,62,0,62,0,13,78,0,91,58,0,58,149
07/23/2023,CGF,OH,AGL,CE,Federal Contract Tower,0,11,6,0,17,0,0,13,0,13,0,11,19,0,30,4,0,4,34
07/24/2023,CGF,OH,AGL,CE,Federal Contract Tower,0,19,17,0,36,0,0,26,0,26,0,19,43,0,62,70,0,70,132
07/25/2023,CGF,OH,AGL,CE,Federal Contract Tower,0,21,20,0,41,0,0,21,0,21,0,21,41,0,62,120,0,120,182
07/26/2023,CGF,OH,AGL,CE,Federal Contract Tower,0,25,10,0,35,0,0,14,0,14,0,25,24,0,49,72,0,72,121
07/27/2023,CGF,OH,AGL,CE,Federal Contract Tower,0,17,20,0,37,0,0,26,0,26,0,17,46,0,63,42,0,42,105
07/28/2023,CGF,OH,AGL,CE,Federal Contract Tower,0,8,18,0,26,0,0,23,0,23,0,8,41,0,49,62,0,62,111
07/29/2023,CGF,OH,AGL,CE,Federal Contract Tower,0,21,12,0,33,0,0,8,0,8,0,21,20,0,41,20,0,20,61
07/30/2023,CGF,OH,AGL,CE,Federal Contract Tower,0,17,11,0,28,0,0,39,0,39,0,17,50,0,67,34,0,34,101
07/31/2023,CGF,OH,AGL,CE,Federal Contract Tower,0,30,17,0,47,0,0,18,0,18,0,30,35,0,65,70,0,70,135
08/01/2023,CGF,OH,AGL,CE,Federal Contract Tower,0,9,15,0,24,0,0,23,0,23,0,9,38,0,47,38,0,38,85
08/02/2023,CGF,OH,AGL,CE,Federal Contract Tower,0,17,14,0,31,0,0,30,0,30,0,17,44,0,61,44,0,44,105
08/03/2023,CGF,OH,AGL,CE,Federal Contract Tower,0,17,10,0,27,0,0,32,0,32,0,17,42,0,59,30,0,30,89
08/04/2023,CGF,OH,AGL,CE,Federal Contract Tower,0,14,8,0,22,0,0,19,0,19,0,14,27,0,41,108,0,108,149
08/05/2023,CGF,OH,AGL,CE,Federal Contract Tower,0,18,10,0,28,0,0,25,0,25,0,18,35,0,53,34,0,34,87
08/06/2023,CGF,OH,AGL,CE,Federal Contract Tower,0,21,21,0,42,0,0,38,0,38,0,21,59,0,80,28,0,28,108
08/07/2023,CGF,OH,AGL,CE,Federal Contract Tower,0,20,8,0,28,0,0,0,0,0,0,20,8,0,28,0,0,0,28
08/08/2023,CGF,OH,AGL,CE,Federal Contract Tower,0,18,13,0,31,0,0,27,0,27,0,18,40,0,58,30,0,30,88
08/09/2023,CGF,OH,AGL,CE,Federal Contract Tower,0,29,23,0,52,0,0,46,0,46,0,29,69,0,98,82,0,82,180
08/10/2023,CGF,OH,AGL,CE,Federal Contract Tower,0,27,10,0,37,0,0,20,0,20,0,27,30,0,57,26,0,26,83
08/11/2023,CGF,OH,AGL,CE,Federal Contract Tower,0,10,12,0,22,0,0,23,0,23,0,10,35,0,45,54,0,54,99
08/12/2023,CGF,OH,AGL,CE,Federal Contract Tower,0,15,6,0,21,0,0,12,0,12,0,15,18,0,33,0,0,0,33
08/13/2023,CGF,OH,AGL,CE,Federal Contract Tower,0,19,19,0,38,0,0,27,0,27,0,19,46,0,65,14,0,14,79
08/14/2023,CGF,OH,AGL,CE,Federal Contract Tower,0,20,22,0,42,0,0,7,2,9,0,20,29,2,51,8,0,8,59
08/15/2023,CGF,OH,AGL,CE,Federal Contract Tower,0,14,18,0,32,0,0,8,0,8,0,14,26,0,40,84,0,84,124
08/16/2023,CGF,OH,AGL,CE,Federal Contract Tower,0,26,18,0,44,0,0,30,0,30,0,26,48,0,74,58,0,58,132
08/17/2023,CGF,OH,AGL,CE,Federal Contract Tower,0,26,12,0,38,0,0,19,0,19,0,26,31,0,57,8,0,8,65
08/18/2023,CGF,OH,AGL,CE,Federal Contract Tower,0,19,17,0,36,0,0,12,0,12,0,19,29,0,48,2,0,2,50
08/19/2023,CGF,OH,AGL,CE,Federal Contract Tower,0,10,8,0,18,0,0,40,0,40,0,10,48,0,58,72,0,72,130
08/20/2023,CGF,OH,AGL,CE,Federal Contract Tower,0,11,16,0,27,0,0,31,0,31,0,11,47,0,58,46,0,46,104
08/21/2023,CGF,OH,AGL,CE,Federal Contract Tower,0,12,17,0,29,0,0,9,0,9,0,12,26,0,38,20,0,20,58
08/22/2023,CGF,OH,AGL,CE,Federal Contract Tower,0,19,19,0,38,0,0,25,0,25,0,19,44,0,63,58,0,58,121
08/23/2023,CGF,OH,AGL,CE,Federal Contract Tower,0,16,15,0,31,0,0,9,0,9,0,16,24,0,40,30,0,30,70
08/24/2023,CGF,OH,AGL,CE,Federal Contract Tower,0,21,13,0,34,0,0,7,0,7,0,21,20,0,41,16,0,16,57
08/25/2023,CGF,OH,AGL,CE,Federal Contract Tower,0,12,18,0,30,0,0,3,0,3,0,12,21,0,33,12,0,12,45
08/26/2023,CGF,OH,AGL,CE,Federal Contract Tower,0,10,5,0,15,0,0,39,0,39,0,10,44,0,54,66,0,66,120
08/27/2023,CGF,OH,AGL,CE,Federal Contract Tower,0,19,9,0,28,0,0,29,0,29,0,19,38,0,57,38,0,38,95
08/28/2023,CGF,OH,AGL,CE,Federal Contract Tower,0,12,9,0,21,0,0,43,0,43,0,12,52,0,64,94,0,94,158
08/29/2023,CGF,OH,AGL,CE,Federal Contract Tower,0,18,23,0,41,0,0,45,0,45,0,18,68,0,86,84,0,84,170
08/30/2023,CGF,OH,AGL,CE,Federal Contract Tower,0,5,18,0,23,0,0,2,0,2,0,5,20,0,25,10,0,10,35
08/31/2023,CGF,OH,AGL,CE,Federal Contract Tower,0,14,24,0,38,0,0,62,0,62,0,14,86,0,100,68,0,68,168
01/01/2020,CGF,OH,AGL,CE,Federal Contract Tower,0,4,4,0,8,0,0,17,0,17,0,4,21,0,25,18,0,18,43
01/02/2020,CGF,OH,AGL,CE,Federal Contract Tower,0,8,10,0,18,0,0,4,0,4,0,8,14,0,22,4,0,4,26
01/03/2020,CGF,OH,AGL,CE,Federal Contract Tower,0,11,8,0,19,0,0,0,0,0,0,11,8,0,19,0,0,0,19
01/04/2020,CGF,OH,AGL,CE,Federal Contract Tower,0,3,8,0,11,0,0,0,0,0,0,3,8,0,11,0,0,0,11
01/05/2020,CGF,OH,AGL,CE,Federal Contract Tower,0,17,15,0,32,0,0,6,0,6,0,17,21,0,38,22,0,22,60
01/06/2020,CGF,OH,AGL,CE,Federal Contract Tower,0,13,20,0,33,0,0,20,0,20,0,13,40,0,53,14,0,14,67
01/07/2020,CGF,OH,AGL,CE,Federal Contract Tower,0,12,20,0,32,0,0,31,0,31,0,12,51,0,63,12,0,12,75
01/08/2020,CGF,OH,AGL,CE,Federal Contract Tower,0,14,11,0,25,0,0,8,0,8,0,14,19,0,33,0,0,0,33
01/09/2020,CGF,OH,AGL,CE,Federal Contract Tower,0,4,25,0,29,0,0,7,0,7,0,4,32,0,36,0,0,0,36
01/10/2020,CGF,OH,AGL,CE,Federal Contract Tower,0,9,16,0,25,0,0,0,0,0,0,9,16,0,25,0,0,0,25
01/11/2020,CGF,OH,AGL,CE,Federal Contract Tower,0,6,3,0,9,0,0,0,0,0,0,6,3,0,9,0,0,0,9
01/12/2020,CGF,OH,AGL,CE,Federal Contract Tower,0,14,14,0,28,0,0,5,0,5,0,14,19,0,33,8,0,8,41
01/13/2020,CGF,OH,AGL,CE,Federal Contract Tower,0,11,13,0,24,0,0,1,0,1,0,11,14,0,25,0,0,0,25
01/14/2020,CGF,OH,AGL,CE,Federal Contract Tower,0,11,17,0,28,0,0,5,0,5,0,11,22,0,33,0,0,0,33
01/15/2020,CGF,OH,AGL,CE,Federal Contract Tower,0,6,13,0,19,0,0,15,0,15,0,6,28,0,34,12,0,12,46
01/16/2020,CGF,OH,AGL,CE,Federal Contract Tower,0,8,9,0,17,0,0,0,0,0,0,8,9,0,17,2,0,2,19
01/17/2020,CGF,OH,AGL,CE,Federal Contract Tower,0,14,6,0,20,0,0,13,0,13,0,14,19,0,33,20,0,20,53
01/18/2020,CGF,OH,AGL,CE,Federal Contract Tower,0,4,3,0,7,0,0,0,0,0,0,4,3,0,7,0,0,0,7
01/19/2020,CGF,OH,AGL,CE,Federal Contract Tower,0,6,4,0,10,0,0,0,0,0,0,6,4,0,10,0,0,0,10
01/20/2020,CGF,OH,AGL,CE,Federal Contract Tower,0,6,23,0,29,0,0,0,0,0,0,6,23,0,29,0,0,0,29
01/21/2020,CGF,OH,AGL,CE,Federal Contract Tower,0,6,17,0,23,0,0,3,0,3,0,6,20,0,26,4,0,4,30
01/22/2020,CGF,OH,AGL,CE,Federal Contract Tower,0,5,14,0,19,0,0,15,0,15,0,5,29,0,34,14,0,14,48
01/23/2020,CGF,OH,AGL,CE,Federal Contract Tower,0,11,26,0,37,0,0,25,0,25,0,11,51,0,62,18,0,18,80
01/24/2020,CGF,OH,AGL,CE,Federal Contract Tower,0,14,17,0,31,0,0,3,0,3,0,14,20,0,34,0,0,0,34
01/25/2020,CGF,OH,AGL,CE,Federal Contract Tower,0,4,9,0,13,0,0,2,0,2,0,4,11,0,15,0,0,0,15
01/26/2020,CGF,OH,AGL,CE,Federal Contract Tower,0,11,16,0,27,0,0,4,0,4,0,11,20,0,31,0,0,0,31
01/27/2020,CGF,OH,AGL,CE,Federal Contract Tower,0,13,12,0,25,0,0,0,0,0,0,13,12,0,25,0,0,0,25
01/28/2020,CGF,OH,AGL,CE,Federal Contract Tower,0,20,5,0,25,0,0,0,0,0,0,20,5,0,25,0,0,0,25
01/29/2020,CGF,OH,AGL,CE,Federal Contract Tower,0,12,11,0,23,0,0,10,0,10,0,12,21,0,33,34,0,34,67
01/30/2020,CGF,OH,AGL,CE,Federal Contract Tower,0,16,17,2,35,0,0,6,0,6,0,16,23,2,41,10,0,10,51
01/31/2020,CGF,OH,AGL,CE,Federal Contract Tower,0,14,11,0,25,0,0,7,0,7,0,14,18,0,32,6,0,6,38
02/01/2020,CGF,OH,AGL,CE,Federal Contract Tower,0,9,6,0,15,0,0,9,0,9,0,9,15,0,24,12,0,12,36
02/02/2020,CGF,OH,AGL,CE,Federal Contract Tower,0,8,4,0,12,0,0,7,0,7,0,8,11,0,19,2,0,2,21
02/03/2020,CGF,OH,AGL,CE,Federal Contract Tower,0,13,15,0,28,0,0,25,0,25,0,13,40,0,53,5,0,5,58
02/04/2020,CGF,OH,AGL,CE,Federal Contract Tower,0,14,14,0,28,0,0,2,0,2,0,14,16,0,30,0,0,0,30
02/05/2020,CGF,OH,AGL,CE,Federal Contract Tower,0,11,17,0,28,0,0,18,0,18,0,11,35,0,46,28,0,28,74
02/06/2020,CGF,OH,AGL,CE,Federal Contract Tower,0,9,11,0,20,0,0,0,0,0,0,9,11,0,20,0,0,0,20
02/07/2020,CGF,OH,AGL,CE,Federal Contract Tower,0,12,5,0,17,0,0,0,0,0,0,12,5,0,17,0,0,0,17
02/08/2020,CGF,OH,AGL,CE,Federal Contract Tower,0,5,5,0,10,0,0,5,0,5,0,5,10,0,15,12,0,12,27
02/09/2020,CGF,OH,AGL,CE,Federal Contract Tower,0,6,8,0,14,0,0,7,0,7,0,6,15,0,21,2,0,2,23
02/10/2020,CGF,OH,AGL,CE,Federal Contract Tower,0,8,23,0,31,0,0,0,0,0,0,8,23,0,31,0,0,0,31
02/11/2020,CGF,OH,AGL,CE,Federal Contract Tower,0,18,20,0,38,0,0,6,0,6,0,18,26,0,44,40,0,40,84
02/12/2020,CGF,OH,AGL,CE,Federal Contract Tower,0,9,22,0,31,0,0,29,0,29,0,9,51,0,60,16,0,16,76
02/13/2020,CGF,OH,AGL,CE,Federal Contract Tower,0,3,17,0,20,0,0,0,0,0,0,3,17,0,20,0,0,0,20
02/14/2020,CGF,OH,AGL,CE,Federal Contract Tower,0,12,14,0,26,0,2,10,0,12,0,14,24,0,38,6,0,6,44
02/15/2020,CGF,OH,AGL,CE,Federal Contract Tower,0,10,9,0,19,0,0,9,0,9,0,10,18,0,28,4,0,4,32
02/16/2020,CGF,OH,AGL,CE,Federal Contract Tower,0,10,17,0,27,0,0,21,0,21,0,10,38,0,48,12,0,12,60
02/17/2020,CGF,OH,AGL,CE,Federal Contract Tower,0,6,21,0,27,0,0,18,0,18,0,6,39,0,45,14,0,14,59
02/18/2020,CGF,OH,AGL,CE,Federal Contract Tower,0,11,10,0,21,0,0,1,0,1,0,11,11,0,22,0,0,0,22
02/19/2020,CGF,OH,AGL,CE,Federal Contract Tower,0,7,15,0,22,0,0,26,0,26,0,7,41,0,48,10,0,10,58
02/20/2020,CGF,OH,AGL,CE,Federal Contract Tower,0,19,25,0,44,0,0,10,0,10,0,19,35,0,54,99,0,99,153
02/21/2020,CGF,OH,AGL,CE,Federal Contract Tower,0,11,9,0,20,0,0,31,0,31,0,11,40,0,51,18,0,18,69
02/22/2020,CGF,OH,AGL,CE,Federal Contract Tower,0,9,5,0,14,0,0,33,0,33,0,9,38,0,47,0,0,0,47
02/23/2020,CGF,OH,AGL,CE,Federal Contract Tower,0,5,8,0,13,0,0,35,0,35,0,5,43,0,48,12,0,12,60
02/24/2020,CGF,OH,AGL,CE,Federal Contract Tower,0,8,21,0,29,0,0,14,0,14,0,8,35,0,43,11,0,11,54
02/25/2020,CGF,OH,AGL,CE,Federal Contract Tower,0,7,8,0,15,0,0,0,0,0,0,7,8,0,15,0,0,0,15
02/26/2020,CGF,OH,AGL,CE,Federal Contract Tower,0,8,13,0,21,0,0,0,0,0,0,8,13,0,21,0,0,0,21
02/27/2020,CGF,OH,AGL,CE,Federal Contract Tower,0,4,6,0,10,0,0,1,0,1,0,4,7,0,11,0,0,0,11
02/28/2020,CGF,OH,AGL,CE,Federal Contract Tower,0,9,6,0,15,0,0,0,0,0,0,9,6,0,15,24,0,24,39
02/29/2020,CGF,OH,AGL,CE,Federal Contract Tower,0,7,5,0,12,0,0,2,0,2,0,7,7,0,14,0,0,0,14
03/01/2020,CGF,OH,AGL,CE,Federal Contract Tower,0,14,11,0,25,0,0,26,0,26,0,14,37,0,51,6,0,6,57
03/02/2020,CGF,OH,AGL,CE,Federal Contract Tower,0,10,12,0,22,0,0,0,0,0,0,10,12,0,22,0,0,0,22
03/03/2020,CGF,OH,AGL,CE,Federal Contract Tower,0,17,18,0,35,0,0,6,0,6,0,17,24,0,41,0,0,0,41
03/04/2020,CGF,OH,AGL,CE,Federal Contract Tower,0,11,12,0,23,0,0,5,0,5,0,11,17,0,28,6,0,6,34
03/05/2020,CGF,OH,AGL,CE,Federal Contract Tower,6,17,0,0,23,0,0,30,0,30,6,17,30,0,53,12,0,12,65
03/06/2020,CGF,OH,AGL,CE,Federal Contract Tower,0,12,16,0,28,0,0,0,0,0,0,12,16,0,28,0,0,0,28
03/07/2020,CGF,OH,AGL,CE,Federal Contract Tower,0,6,15,0,21,0,0,48,0,48,0,6,63,0,69,38,0,38,107
03/08/2020,CGF,OH,AGL,CE,Federal Contract Tower,0,7,12,0,19,0,0,44,0,44,0,7,56,0,63,29,0,29,92
03/09/2020,CGF,OH,AGL,CE,Federal Contract Tower,0,8,14,0,22,0,0,9,0,9,0,8,23,0,31,28,0,28,59
03/10/2020,CGF,OH,AGL,CE,Federal Contract Tower,0,15,32,0,47,0,0,2,0,2,0,15,34,0,49,0,0,0,49
03/11/2020,CGF,OH,AGL,CE,Federal Contract Tower,0,4,16,0,20,0,0,18,0,18,0,4,34,0,38,18,0,18,56
03/12/2020,CGF,OH,AGL,CE,Federal Contract Tower,0,12,22,0,34,0,0,19,0,19,0,12,41,0,53,10,0,10,63
03/13/2020,CGF,OH,AGL,CE,Federal Contract Tower,0,14,16,0,30,0,0,5,0,5,0,14,21,0,35,10,0,10,45
03/14/2020,CGF,OH,AGL,CE,Federal Contract Tower,0,10,11,0,21,0,0,25,0,25,0,10,36,0,46,58,0,58,104
03/15/2020,CGF,OH,AGL,CE,Federal Contract Tower,0,6,14,0,20,0,0,17,0,17,0,6,31,0,37,2,0,2,39
03/16/2020,CGF,OH,AGL,CE,Federal Contract Tower,0,11,5,0,16,0,0,13,0,13,0,11,18,0,29,8,0,8,37
03/17/2020,CGF,OH,AGL,CE,Federal Contract Tower,0,6,7,0,13,0,0,3,0,3,0,6,10,0,16,0,0,0,16
03/18/2020,CGF,OH,AGL,CE,Federal Contract Tower,0,11,9,0,20,0,0,7,0,7,0,11,16,0,27,0,0,0,27
03/19/2020,CGF,OH,AGL,CE,Federal Contract Tower,0,9,19,0,28,0,0,1,0,1,0,9,20,0,29,6,0,6,35
03/20/2020,CGF,OH,AGL,CE,Federal Contract Tower,0,6,1,0,7,0,0,1,0,1,0,6,2,0,8,0,0,0,8
03/21/2020,CGF,OH,AGL,CE,Federal Contract Tower,0,18,2,0,20,0,0,2,0,2,0,18,4,0,22,0,0,0,22
03/22/2020,CGF,OH,AGL,CE,Federal Contract Tower,0,16,15,0,31,0,0,19,0,19,0,16,34,0,50,16,0,16,66
03/23/2020,CGF,OH,AGL,CE,Federal Contract Tower,0,12,0,0,12,0,0,0,0,0,0,12,0,0,12,0,0,0,12
03/24/2020,CGF,OH,AGL,CE,Federal Contract Tower,0,11,1,0,12,0,0,1,0,1,0,11,2,0,13,0,0,0,13
03/25/2020,CGF,OH,AGL,CE,Federal Contract Tower,0,17,5,0,22,0,0,10,0,10,0,17,15,0,32,0,0,0,32
03/26/2020,CGF,OH,AGL,CE,Federal Contract Tower,0,7,2,0,9,0,0,6,0,6,0,7,8,0,15,0,0,0,15
03/27/2020,CGF,OH,AGL,CE,Federal Contract Tower,0,5,0,0,5,0,0,2,0,2,0,5,2,0,7,8,0,8,15
03/28/2020,CGF,OH,AGL,CE,Federal Contract Tower,0,9,0,0,9,0,0,0,0,0,0,9,0,0,9,0,0,0,9
03/29/2020,CGF,OH,AGL,CE,Federal Contract Tower,0,11,5,0,16,0,0,4,0,4,0,11,9,0,20,0,0,0,20
03/30/2020,CGF,OH,AGL,CE,Federal Contract Tower,0,21,5,0,26,0,0,0,0,0,0,21,5,0,26,0,0,0,26
03/31/2020,CGF,OH,AGL,CE,Federal Contract Tower,0,7,2,0,9,0,0,0,0,0,0,7,2,0,9,0,0,0,9
04/01/2020,CGF,OH,AGL,CE,Federal Contract Tower,0,9,0,0,9,0,0,4,0,4,0,9,4,0,13,0,0,0,13
04/02/2020,CGF,OH,AGL,CE,Federal Contract Tower,0,13,3,0,16,0,0,15,0,15,0,13,18,0,31,0,0,0,31
04/03/2020,CGF,OH,AGL,CE,Federal Contract Tower,0,11,3,0,14,0,0,14,0,14,0,11,17,0,28,12,0,12,40
04/04/2020,CGF,OH,AGL,CE,Federal Contract Tower,0,13,7,0,20,0,0,38,0,38,0,13,45,0,58,48,0,48,106
04/05/2020,CGF,OH,AGL,CE,Federal Contract Tower,0,14,0,0,14,0,0,5,0,5,0,14,5,0,19,0,0,0,19
04/06/2020,CGF,OH,AGL,CE,Federal Contract Tower,0,6,6,0,12,0,0,18,0,18,0,6,24,0,30,10,0,10,40
04/07/2020,CGF,OH,AGL,CE,Federal Contract Tower,0,6,2,0,8,0,0,3,0,3,0,6,5,0,11,0,0,0,11
04/08/2020,CGF,OH,AGL,CE,Federal Contract Tower,0,8,6,0,14,0,0,3,0,3,0,8,9,0,17,0,0,0,17
04/09/2020,CGF,OH,AGL,CE,Federal Contract Tower,0,11,0,0,11,0,0,2,0,2,0,11,2,0,13,2,0,2,15
04/10/2020,CGF,OH,AGL,CE,Federal Contract Tower,0,12,1,0,13,0,0,2,0,2,0,12,3,0,15,0,0,0,15
04/11/2020,CGF,OH,AGL,CE,Federal Contract Tower,0,10,1,0,11,0,0,19,0,19,0,10,20,0,30,8,0,8,38
04/12/2020,CGF,OH,AGL,CE,Federal Contract Tower,0,6,0,0,6,0,0,2,0,2,0,6,2,0,8,0,0,0,8
04/13/2020,CGF,OH,AGL,CE,Federal Contract Tower,0,13,0,0,13,0,0,0,0,0,0,13,0,0,13,0,0,0,13
04/14/2020,CGF,OH,AGL,CE,Federal Contract Tower,0,4,3,0,7,0,0,10,0,10,0,4,13,0,17,26,0,26,43
04/15/2020,CGF,OH,AGL,CE,Federal Contract Tower,0,8,7,0,15,0,0,4,0,4,0,8,11,0,19,0,0,0,19
04/16/2020,CGF,OH,AGL,CE,Federal Contract Tower,0,6,2,0,8,0,0,0,0,0,0,6,2,0,8,0,0,0,8
04/17/2020,CGF,OH,AGL,CE,Federal Contract Tower,0,3,0,0,3,0,0,0,0,0,0,3,0,0,3,0,0,0,3
04/18/2020,CGF,OH,AGL,CE,Federal Contract Tower,0,10,6,0,16,0,0,3,0,3,0,10,9,0,19,30,0,30,49
04/19/2020,CGF,OH,AGL,CE,Federal Contract Tower,0,5,3,0,8,0,0,3,0,3,0,5,6,0,11,12,0,12,23
04/20/2020,CGF,OH,AGL,CE,Federal Contract Tower,0,6,11,0,17,0,2,19,0,21,0,8,30,0,38,20,0,20,58
04/21/2020,CGF,OH,AGL,CE,Federal Contract Tower,0,8,5,0,13,0,0,0,0,0,0,8,5,0,13,0,0,0,13
04/22/2020,CGF,OH,AGL,CE,Federal Contract Tower,0,10,4,0,14,0,0,13,0,13,0,10,17,0,27,0,0,0,27
04/23/2020,CGF,OH,AGL,CE,Federal Contract Tower,0,5,0,0,5,0,0,3,0,3,0,5,3,0,8,0,0,0,8
04/24/2020,CGF,OH,AGL,CE,Federal Contract Tower,0,10,9,0,19,0,4,0,0,4,0,14,9,0,23,0,0,0,23
04/25/2020,CGF,OH,AGL,CE,Federal Contract Tower,0,8,6,0,14,0,0,21,0,21,0,8,27,0,35,12,0,12,47
04/26/2020,CGF,OH,AGL,CE,Federal Contract Tower,0,5,2,0,7,0,0,0,0,0,0,5,2,0,7,0,0,0,7
04/27/2020,CGF,OH,AGL,CE,Federal Contract Tower,0,4,6,0,10,0,0,9,0,9,0,4,15,0,19,0,0,0,19
04/28/2020,CGF,OH,AGL,CE,Federal Contract Tower,0,8,3,0,11,0,0,3,0,3,0,8,6,0,14,6,0,6,20
04/29/2020,CGF,OH,AGL,CE,Federal Contract Tower,0,10,7,0,17,0,0,3,0,3,0,10,10,0,20,4,0,4,24
04/30/2020,CGF,OH,AGL,CE,Federal Contract Tower,0,9,3,0,12,0,0,1,0,1,0,9,4,0,13,0,0,0,13
05/01/2020,CGF,OH,AGL,CE,Federal Contract Tower,0,8,4,0,12,0,0,1,0,1,0,8,5,0,13,2,0,2,15
05/02/2020,CGF,OH,AGL,CE,Federal Contract Tower,0,8,5,0,13,0,0,5,0,5,0,8,10,0,18,0,0,0,18
05/03/2020,CGF,OH,AGL,CE,Federal Contract Tower,0,5,4,0,9,0,0,26,0,26,0,5,30,0,35,40,0,40,75
05/04/2020,CGF,OH,AGL,CE,Federal Contract Tower,0,11,4,0,15,0,0,12,2,14,0,11,16,2,29,28,0,28,57
05/05/2020,CGF,OH,AGL,CE,Federal Contract Tower,0,5,6,0,11,0,0,10,0,10,0,5,16,0,21,36,0,36,57
05/06/2020,CGF,OH,AGL,CE,Federal Contract Tower,0,9,2,0,11,0,12,3,0,15,0,21,5,0,26,9,0,9,35
05/07/2020,CGF,OH,AGL,CE,Federal Contract Tower,0,16,9,0,25,0,0,8,0,8,0,16,17,0,33,0,0,0,33
05/08/2020,CGF,OH,AGL,CE,Federal Contract Tower,0,18,1,0,19,0,0,2,0,2,0,18,3,0,21,0,0,0,21
05/09/2020,CGF,OH,AGL,CE,Federal Contract Tower,0,18,0,0,18,0,0,8,0,8,0,18,8,0,26,0,0,0,26
05/10/2020,CGF,OH,AGL,CE,Federal Contract Tower,0,9,2,0,11,0,0,5,0,5,0,9,7,0,16,2,0,2,18
05/11/2020,CGF,OH,AGL,CE,Federal Contract Tower,0,17,9,0,26,0,0,0,0,0,0,17,9,0,26,0,0,0,26
05/12/2020,CGF,OH,AGL,CE,Federal Contract Tower,0,25,5,0,30,0,0,17,0,17,0,25,22,0,47,30,0,30,77
05/13/2020,CGF,OH,AGL,CE,Federal Contract Tower,0,17,2,0,19,0,0,35,0,35,0,17,37,0,54,8,0,8,62
05/14/2020,CGF,OH,AGL,CE,Federal Contract Tower,0,20,4,0,24,0,0,3,0,3,0,20,7,0,27,0,0,0,27
05/15/2020,CGF,OH,AGL,CE,Federal Contract Tower,0,16,3,0,19,0,0,2,0,2,0,16,5,0,21,0,0,0,21
05/16/2020,CGF,OH,AGL,CE,Federal Contract Tower,0,17,5,0,22,0,1,21,0,22,0,18,26,0,44,16,0,16,60
05/17/2020,CGF,OH,AGL,CE,Federal Contract Tower,0,7,10,0,17,0,0,6,0,6,0,7,16,0,23,0,0,0,23
05/18/2020,CGF,OH,AGL,CE,Federal Contract Tower,0,16,10,0,26,0,0,0,0,0,0,16,10,0,26,0,0,0,26
05/19/2020,CGF,OH,AGL,CE,Federal Contract Tower,0,15,7,0,22,0,0,6,0,6,0,15,13,0,28,2,0,2,30
05/20/2020,CGF,OH,AGL,CE,Federal Contract Tower,0,14,4,0,18,0,0,16,0,16,0,14,20,0,34,26,0,26,60
05/21/2020,CGF,OH,AGL,CE,Federal Contract Tower,0,12,11,0,23,0,0,18,0,18,0,12,29,0,41,6,0,6,47
05/22/2020,CGF,OH,AGL,CE,Federal Contract Tower,0,12,19,0,31,0,0,0,0,0,0,12,19,0,31,0,0,0,31
05/23/2020,CGF,OH,AGL,CE,Federal Contract Tower,0,12,19,0,31,0,0,11,0,11,0,12,30,0,42,40,0,40,82
05/24/2020,CGF,OH,AGL,CE,Federal Contract Tower,0,21,4,0,25,0,0,15,0,15,0,21,19,0,40,38,0,38,78
05/25/2020,CGF,OH,AGL,CE,Federal Contract Tower,0,15,10,0,25,0,0,18,0,18,0,15,28,0,43,36,0,36,79
05/26/2020,CGF,OH,AGL,CE,Federal Contract Tower,0,10,14,0,24,0,0,21,0,21,0,10,35,0,45,22,0,22,67
05/27/2020,CGF,OH,AGL,CE,Federal Contract Tower,0,20,26,0,46,0,0,13,0,13,0,20,39,0,59,0,0,0,59
05/28/2020,CGF,OH,AGL,CE,Federal Contract Tower,0,23,30,0,53,0,0,6,0,6,0,23,36,0,59,4,0,4,63
05/29/2020,CGF,OH,AGL,CE,Federal Contract Tower,0,18,11,0,29,0,0,1,0,1,0,18,12,0,30,14,0,14,44
05/30/2020,CGF,OH,AGL,CE,Federal Contract Tower,0,14,8,0,22,0,0,13,0,13,0,14,21,0,35,24,0,24,59
05/31/2020,CGF,OH,AGL,CE,Federal Contract Tower,0,10,7,0,17,0,1,27,0,28,0,11,34,0,45,12,0,12,57
06/01/2020,CGF,OH,AGL,CE,Federal Contract Tower,0,8,11,0,19,0,0,26,0,26,0,8,37,0,45,80,0,80,125
06/02/2020,CGF,OH,AGL,CE,Federal Contract Tower,0,18,16,0,34,0,0,15,0,15,0,18,31,0,49,12,0,12,61
06/03/2020,CGF,OH,AGL,CE,Federal Contract Tower,0,20,5,0,25,0,0,9,0,9,0,20,14,0,34,6,0,6,40
06/04/2020,CGF,OH,AGL,CE,Federal Contract Tower,0,17,4,0,21,0,0,1,0,1,0,17,5,0,22,0,0,0,22
06/05/2020,CGF,OH,AGL,CE,Federal Contract Tower,0,19,13,0,32,0,0,8,0,8,0,19,21,0,40,6,0,6,46
06/06/2020,CGF,OH,AGL,CE,Federal Contract Tower,0,10,12,0,22,0,0,17,0,17,0,10,29,0,39,30,0,30,69
06/07/2020,CGF,OH,AGL,CE,Federal Contract Tower,0,9,4,0,13,0,0,32,0,32,0,9,36,0,45,2,0,2,47
06/08/2020,CGF,OH,AGL,CE,Federal Contract Tower,0,13,8,0,21,0,0,25,0,25,0,13,33,0,46,41,0,41,87
06/09/2020,CGF,OH,AGL,CE,Federal Contract Tower,0,11,11,0,22,0,0,24,0,24,0,11,35,0,46,20,0,20,66
06/10/2020,CGF,OH,AGL,CE,Federal Contract Tower,0,15,1,0,16,0,0,7,0,7,0,15,8,0,23,0,0,0,23
06/11/2020,CGF,OH,AGL,CE,Federal Contract Tower,0,18,14,0,32,0,0,14,0,14,0,18,28,0,46,10,0,10,56
06/12/2020,CGF,OH,AGL,CE,Federal Contract Tower,0,13,5,0,18,0,1,31,0,32,0,14,36,0,50,20,0,20,70
06/13/2020,CGF,OH,AGL,CE,Federal Contract Tower,0,19,12,0,31,0,0,13,0,13,0,19,25,0,44,8,0,8,52
06/14/2020,CGF,OH,AGL,CE,Federal Contract Tower,0,13,8,0,21,0,0,7,0,7,0,13,15,0,28,16,0,16,44
06/15/2020,CGF,OH,AGL,CE,Federal Contract Tower,0,18,19,0,37,0,0,22,0,22,0,18,41,0,59,0,0,0,59
06/16/2020,CGF,OH,AGL,CE,Federal Contract Tower,0,17,9,0,26,0,0,14,0,14,0,17,23,0,40,10,0,10,50
06/17/2020,CGF,OH,AGL,CE,Federal Contract Tower,0,14,34,0,48,0,0,32,0,32,0,14,66,0,80,38,0,38,118
06/18/2020,CGF,OH,AGL,CE,Federal Contract Tower,0,8,13,0,21,0,0,10,0,10,0,8,23,0,31,8,0,8,39
06/19/2020,CGF,OH,AGL,CE,Federal Contract Tower,0,13,8,0,21,0,0,15,0,15,0,13,23,0,36,46,0,46,82
06/20/2020,CGF,OH,AGL,CE,Federal Contract Tower,0,17,6,0,23,0,1,30,0,31,0,18,36,0,54,42,0,42,96
06/21/2020,CGF,OH,AGL,CE,Federal Contract Tower,0,13,12,0,25,0,0,12,0,12,0,13,24,0,37,42,0,42,79
06/22/2020,CGF,OH,AGL,CE,Federal Contract Tower,0,16,20,0,36,0,0,6,0,6,0,16,26,0,42,10,0,10,52
06/23/2020,CGF,OH,AGL,CE,Federal Contract Tower,0,20,14,0,34,0,0,0,0,0,0,20,14,0,34,26,0,26,60
06/24/2020,CGF,OH,AGL,CE,Federal Contract Tower,0,18,22,0,40,0,0,15,0,15,0,18,37,0,55,26,0,26,81
06/25/2020,CGF,OH,AGL,CE,Federal Contract Tower,0,18,21,0,39,0,0,22,0,22,0,18,43,0,61,46,0,46,107
06/26/2020,CGF,OH,AGL,CE,Federal Contract Tower,0,21,11,0,32,0,0,30,0,30,0,21,41,0,62,45,0,45,107
06/27/2020,CGF,OH,AGL,CE,Federal Contract Tower,0,22,3,0,25,0,0,11,0,11,0,22,14,0,36,16,0,16,52
06/28/2020,CGF,OH,AGL,CE,Federal Contract Tower,0,15,6,0,21,0,0,27,0,27,0,15,33,0,48,16,0,16,64
06/29/2020,CGF,OH,AGL,CE,Federal Contract Tower,0,14,9,0,23,0,4,32,0,36,0,18,41,0,59,68,0,68,127
06/30/2020,CGF,OH,AGL,CE,Federal Contract Tower,0,8,11,0,19,0,2,31,0,33,0,10,42,0,52,74,0,74,126
07/01/2020,CGF,OH,AGL,CE,Federal Contract Tower,0,18,12,0,30,0,0,10,0,10,0,18,22,0,40,36,0,36,76
07/02/2020,CGF,OH,AGL,CE,Federal Contract Tower,0,15,10,0,25,0,0,36,0,36,0,15,46,0,61,92,0,92,153
07/03/2020,CGF,OH,AGL,CE,Federal Contract Tower,0,16,10,0,26,0,0,33,0,33,0,16,43,0,59,66,0,66,125
07/04/2020,CGF,OH,AGL,CE,Federal Contract Tower,0,9,2,0,11,0,0,15,0,15,0,9,17,0,26,0,0,0,26
07/05/2020,CGF,OH,AGL,CE,Federal Contract Tower,0,21,11,0,32,0,1,24,0,25,0,22,35,0,57,34,0,34,91
07/06/2020,CGF,OH,AGL,CE,Federal Contract Tower,0,14,14,0,28,0,0,35,0,35,0,14,49,0,63,120,0,120,183
07/07/2020,CGF,OH,AGL,CE,Federal Contract Tower,0,9,12,0,21,0,0,21,0,21,0,9,33,0,42,0,0,0,42
07/08/2020,CGF,OH,AGL,CE,Federal Contract Tower,0,20,9,0,29,0,4,20,0,24,0,24,29,0,53,52,0,52,105
07/09/2020,CGF,OH,AGL,CE,Federal Contract Tower,0,17,21,0,38,0,0,15,0,15,0,17,36,0,53,68,0,68,121
07/10/2020,CGF,OH,AGL,CE,Federal Contract Tower,0,8,3,0,11,0,0,9,0,9,0,8,12,0,20,76,0,76,96
07/11/2020,CGF,OH,AGL,CE,Federal Contract Tower,0,11,5,0,16,0,0,6,0,6,0,11,11,0,22,0,0,0,22
07/12/2020,CGF,OH,AGL,CE,Federal Contract Tower,0,15,2,0,17,0,2,27,0,29,0,17,29,0,46,34,0,34,80
07/13/2020,CGF,OH,AGL,CE,Federal Contract Tower,0,17,14,0,31,0,3,32,0,35,0,20,46,0,66,28,0,28,94
07/14/2020,CGF,OH,AGL,CE,Federal Contract Tower,0,18,22,0,40,0,0,26,0,26,0,18,48,0,66,36,0,36,102
07/15/2020,CGF,OH,AGL,CE,Federal Contract Tower,0,8,17,0,25,0,0,19,4,23,0,8,36,4,48,0,0,0,48
07/16/2020,CGF,OH,AGL,CE,Federal Contract Tower,0,15,12,0,27,0,0,16,0,16,0,15,28,0,43,16,0,16,59
07/17/2020,CGF,OH,AGL,CE,Federal Contract Tower,0,13,11,0,24,0,0,22,0,22,0,13,33,0,46,32,0,32,78
07/18/2020,CGF,OH,AGL,CE,Federal Contract Tower,0,8,6,0,14,0,0,43,0,43,0,8,49,0,57,28,0,28,85
07/19/2020,CGF,OH,AGL,CE,Federal Contract Tower,0,6,6,0,12,0,0,16,0,16,0,6,22,0,28,18,0,18,46
07/20/2020,CGF,OH,AGL,CE,Federal Contract Tower,0,12,18,0,30,0,0,22,0,22,0,12,40,0,52,56,0,56,108
07/21/2020,CGF,OH,AGL,CE,Federal Contract Tower,0,15,28,0,43,0,0,42,0,42,0,15,70,0,85,76,0,76,161
07/22/2020,CGF,OH,AGL,CE,Federal Contract Tower,0,18,6,0,24,0,0,12,0,12,0,18,18,0,36,0,0,0,36
07/23/2020,CGF,OH,AGL,CE,Federal Contract Tower,0,18,17,0,35,0,0,12,0,12,0,18,29,0,47,58,0,58,105
07/24/2020,CGF,OH,AGL,CE,Federal Contract Tower,0,12,14,0,26,0,0,31,0,31,0,12,45,0,57,10,0,10,67
07/25/2020,CGF,OH,AGL,CE,Federal Contract Tower,0,13,20,0,33,0,0,42,0,42,0,13,62,0,75,26,0,26,101
07/26/2020,CGF,OH,AGL,CE,Federal Contract Tower,0,13,11,0,24,0,0,33,0,33,0,13,44,0,57,60,0,60,117
07/27/2020,CGF,OH,AGL,CE,Federal Contract Tower,0,19,20,0,39,0,0,7,0,7,0,19,27,0,46,22,0,22,68
07/28/2020,CGF,OH,AGL,CE,Federal Contract Tower,0,22,15,0,37,0,2,28,0,30,0,24,43,0,67,60,0,60,127
07/29/2020,CGF,OH,AGL,CE,Federal Contract Tower,0,9,22,0,31,0,0,21,0,21,0,9,43,0,52,29,0,29,81
07/30/2020,CGF,OH,AGL,CE,Federal Contract Tower,0,18,18,0,36,0,0,21,0,21,0,18,39,0,57,104,0,104,161
07/31/2020,CGF,OH,AGL,CE,Federal Contract Tower,0,18,26,0,44,0,0,22,0,22,0,18,48,0,66,28,0,28,94
08/01/2020,CGF,OH,AGL,CE,Federal Contract Tower,0,11,10,0,21,0,0,21,0,21,0,11,31,0,42,84,0,84,126
08/02/2020,CGF,OH,AGL,CE,Federal Contract Tower,0,15,13,0,28,0,0,0,0,0,0,15,13,0,28,0,0,0,28
08/03/2020,CGF,OH,AGL,CE,Federal Contract Tower,0,22,8,0,30,0,0,18,0,18,0,22,26,0,48,66,0,66,114
08/04/2020,CGF,OH,AGL,CE,Federal Contract Tower,0,14,12,0,26,0,0,18,0,18,0,14,30,0,44,38,0,38,82
08/05/2020,CGF,OH,AGL,CE,Federal Contract Tower,0,13,22,0,35,0,0,23,0,23,0,13,45,0,58,28,0,28,86
08/06/2020,CGF,OH,AGL,CE,Federal Contract Tower,0,8,12,0,20,0,0,9,0,9,0,8,21,0,29,18,0,18,47
08/07/2020,CGF,OH,AGL,CE,Federal Contract Tower,0,16,7,0,23,0,14,40,0,54,0,30,47,0,77,36,0,36,113
08/08/2020,CGF,OH,AGL,CE,Federal Contract Tower,0,8,8,0,16,0,0,29,0,29,0,8,37,0,45,60,0,60,105
08/09/2020,CGF,OH,AGL,CE,Federal Contract Tower,0,16,16,0,32,0,0,29,0,29,0,16,45,0,61,56,0,56,117
08/10/2020,CGF,OH,AGL,CE,Federal Contract Tower,0,12,13,0,25,0,0,36,0,36,0,12,49,0,61,62,0,62,123
08/11/2020,CGF,OH,AGL,CE,Federal Contract Tower,0,16,15,0,31,0,0,7,0,7,0,16,22,0,38,124,0,124,162
08/12/2020,CGF,OH,AGL,CE,Federal Contract Tower,0,17,26,0,43,0,0,17,0,17,0,17,43,0,60,16,0,16,76
08/13/2020,CGF,OH,AGL,CE,Federal Contract Tower,0,21,8,0,29,0,2,27,0,29,0,23,35,0,58,60,0,60,118
08/14/2020,CGF,OH,AGL,CE,Federal Contract Tower,0,9,12,0,21,0,2,21,0,23,0,11,33,0,44,14,0,14,58
08/15/2020,CGF,OH,AGL,CE,Federal Contract Tower,0,16,6,0,22,0,0,17,0,17,0,16,23,0,39,14,0,14,53
08/16/2020,CGF,OH,AGL,CE,Federal Contract Tower,0,14,4,0,18,0,0,19,0,19,0,14,23,0,37,18,0,18,55
08/17/2020,CGF,OH,AGL,CE,Federal Contract Tower,0,15,22,0,37,0,0,16,0,16,0,15,38,0,53,2,0,2,55
08/18/2020,CGF,OH,AGL,CE,Federal Contract Tower,0,8,11,0,19,0,0,26,0,26,0,8,37,0,45,52,0,52,97
08/19/2020,CGF,OH,AGL,CE,Federal Contract Tower,0,11,31,0,42,0,0,20,0,20,0,11,51,0,62,66,0,66,128
08/20/2020,CGF,OH,AGL,CE,Federal Contract Tower,0,16,22,0,38,0,0,45,0,45,0,16,67,0,83,60,0,60,143
08/21/2020,CGF,OH,AGL,CE,Federal Contract Tower,0,18,23,0,41,0,0,23,0,23,0,18,46,0,64,72,0,72,136
08/22/2020,CGF,OH,AGL,CE,Federal Contract Tower,0,12,7,0,19,0,0,39,0,39,0,12,46,0,58,80,0,80,138
08/23/2020,CGF,OH,AGL,CE,Federal Contract Tower,0,13,13,0,26,0,6,31,0,37,0,19,44,0,63,58,0,58,121
08/24/2020,CGF,OH,AGL,CE,Federal Contract Tower,0,12,11,0,23,0,0,5,0,5,0,12,16,0,28,0,0,0,28
08/25/2020,CGF,OH,AGL,CE,Federal Contract Tower,0,13,11,0,24,0,0,0,0,0,0,13,11,0,24,58,0,58,82
08/26/2020,CGF,OH,AGL,CE,Federal Contract Tower,0,13,24,0,37,0,2,22,0,24,0,15,46,0,61,12,0,12,73
08/27/2020,CGF,OH,AGL,CE,Federal Contract Tower,0,18,17,0,35,0,3,24,0,27,0,21,41,0,62,20,0,20,82
08/28/2020,CGF,OH,AGL,CE,Federal Contract Tower,0,7,14,0,21,0,4,0,0,4,0,11,14,0,25,0,0,0,25
08/29/2020,CGF,OH,AGL,CE,Federal Contract Tower,0,14,5,0,19,0,0,8,0,8,0,14,13,0,27,14,0,14,41
08/30/2020,CGF,OH,AGL,CE,Federal Contract Tower,0,12,20,0,32,0,0,50,0,50,0,12,70,0,82,48,0,48,130
08/31/2020,CGF,OH,AGL,CE,Federal Contract Tower,0,9,17,0,26,0,2,25,0,27,0,11,42,0,53,44,0,44,97
09/01/2020,CGF,OH,AGL,CE,Federal Contract Tower,0,15,19,0,34,0,0,19,0,19,0,15,38,0,53,48,0,48,101
09/02/2020,CGF,OH,AGL,CE,Federal Contract Tower,0,9,25,0,34,0,0,1,0,1,0,9,26,0,35,0,0,0,35
09/03/2020,CGF,OH,AGL,CE,Federal Contract Tower,0,10,15,0,25,0,0,20,0,20,0,10,35,0,45,6,0,6,51
09/04/2020,CGF,OH,AGL,CE,Federal Contract Tower,0,19,10,0,29,0,8,23,0,31,0,27,33,0,60,12,0,12,72
09/05/2020,CGF,OH,AGL,CE,Federal Contract Tower,0,11,15,0,26,0,2,31,0,33,0,13,46,0,59,48,0,48,107
09/06/2020,CGF,OH,AGL,CE,Federal Contract Tower,0,11,5,0,16,0,0,31,0,31,0,11,36,0,47,34,0,34,81
09/07/2020,CGF,OH,AGL,CE,Federal Contract Tower,0,12,17,0,29,0,0,4,0,4,0,12,21,0,33,0,0,0,33
09/08/2020,CGF,OH,AGL,CE,Federal Contract Tower,0,21,14,0,35,0,0,17,0,17,0,21,31,0,52,16,0,16,68
09/09/2020,CGF,OH,AGL,CE,Federal Contract Tower,0,4,28,0,32,0,0,20,0,20,0,4,48,0,52,20,0,20,72
09/10/2020,CGF,OH,AGL,CE,Federal Contract Tower,0,9,8,0,17,0,0,0,0,0,0,9,8,0,17,0,0,0,17
09/11/2020,CGF,OH,AGL,CE,Federal Contract Tower,0,10,18,0,28,0,0,21,0,21,0,10,39,0,49,54,0,54,103
09/12/2020,CGF,OH,AGL,CE,Federal Contract Tower,0,12,18,0,30,0,0,31,0,31,0,12,49,0,61,66,0,66,127
09/13/2020,CGF,OH,AGL,CE,Federal Contract Tower,0,22,12,0,34,0,0,13,0,13,0,22,25,0,47,42,0,42,89
09/14/2020,CGF,OH,AGL,CE,Federal Contract Tower,0,12,11,0,23,0,0,29,0,29,0,12,40,0,52,46,0,46,98
09/15/2020,CGF,OH,AGL,CE,Federal Contract Tower,0,22,27,0,49,0,0,52,0,52,0,22,79,0,101,48,0,48,149
09/16/2020,CGF,OH,AGL,CE,Federal Contract Tower,0,15,28,0,43,0,0,39,0,39,0,15,67,0,82,48,0,48,130
09/17/2020,CGF,OH,AGL,CE,Federal Contract Tower,0,13,19,0,32,0,0,30,0,30,0,13,49,0,62,50,0,50,112
09/18/2020,CGF,OH,AGL,CE,Federal Contract Tower,0,19,13,0,32,0,0,32,0,32,0,19,45,0,64,16,0,16,80
09/19/2020,CGF,OH,AGL,CE,Federal Contract Tower,0,14,17,0,31,0,4,62,0,66,0,18,79,0,97,32,0,32,129
09/20/2020,CGF,OH,AGL,CE,Federal Contract Tower,0,20,17,0,37,0,0,24,0,24,0,20,41,0,61,16,0,16,77
09/21/2020,CGF,OH,AGL,CE,Federal Contract Tower,0,16,16,0,32,0,0,19,0,19,0,16,35,0,51,66,0,66,117
09/22/2020,CGF,OH,AGL,CE,Federal Contract Tower,0,14,15,0,29,0,0,22,0,22,0,14,37,0,51,40,0,40,91
09/23/2020,CGF,OH,AGL,CE,Federal Contract Tower,0,19,22,0,41,0,6,33,0,39,0,25,55,0,80,14,0,14,94
09/24/2020,CGF,OH,AGL,CE,Federal Contract Tower,0,21,19,0,40,0,0,12,0,12,0,21,31,0,52,52,0,52,104
09/25/2020,CGF,OH,AGL,CE,Federal Contract Tower,0,24,16,0,40,0,0,39,0,39,0,24,55,0,79,58,0,58,137
09/26/2020,CGF,OH,AGL,CE,Federal Contract Tower,0,15,12,0,27,0,4,23,0,27,0,19,35,0,54,6,0,6,60
09/27/2020,CGF,OH,AGL,CE,Federal Contract Tower,0,23,21,0,44,0,0,16,0,16,0,23,37,0,60,12,0,12,72
09/28/2020,CGF,OH,AGL,CE,Federal Contract Tower,0,12,16,0,28,0,0,9,0,9,0,12,25,0,37,14,0,14,51
09/29/2020,CGF,OH,AGL,CE,Federal Contract Tower,0,12,13,0,25,0,0,10,0,10,0,12,23,0,35,22,0,22,57
09/30/2020,CGF,OH,AGL,CE,Federal Contract Tower,0,20,24,0,44,0,0,7,0,7,0,20,31,0,51,0,0,0,51
10/01/2020,CGF,OH,AGL,CE,Federal Contract Tower,0,21,20,0,41,0,0,12,0,12,0,21,32,0,53,8,0,8,61
10/02/2020,CGF,OH,AGL,CE,Federal Contract Tower,0,13,16,0,29,0,0,10,0,10,0,13,26,0,39,21,0,21,60
10/03/2020,CGF,OH,AGL,CE,Federal Contract Tower,0,19,7,0,26,0,0,29,0,29,0,19,36,0,55,56,0,56,111
10/04/2020,CGF,OH,AGL,CE,Federal Contract Tower,0,16,11,0,27,0,6,5,0,11,0,22,16,0,38,2,0,2,40
10/05/2020,CGF,OH,AGL,CE,Federal Contract Tower,0,16,8,0,24,0,0,13,0,13,0,16,21,0,37,28,0,28,65
10/06/2020,CGF,OH,AGL,CE,Federal Contract Tower,0,10,18,0,28,0,0,13,0,13,0,10,31,0,41,2,0,2,43
10/07/2020,CGF,OH,AGL,CE,Federal Contract Tower,0,14,14,0,28,0,0,11,0,11,0,14,25,0,39,8,0,8,47
10/08/2020,CGF,OH,AGL,CE,Federal Contract Tower,0,20,16,0,36,0,2,33,0,35,0,22,49,0,71,74,0,74,145
10/09/2020,CGF,OH,AGL,CE,Federal Contract Tower,0,15,17,0,32,0,0,34,0,34,0,15,51,0,66,52,0,52,118
10/10/2020,CGF,OH,AGL,CE,Federal Contract Tower,0,10,5,0,15,0,2,24,2,28,0,12,29,2,43,6,0,6,49
10/11/2020,CGF,OH,AGL,CE,Federal Contract Tower,0,12,19,0,31,0,0,21,0,21,0,12,40,0,52,10,0,10,62
10/12/2020,CGF,OH,AGL,CE,Federal Contract Tower,0,29,8,0,37,0,2,4,0,6,0,31,12,0,43,20,0,20,63
10/13/2020,CGF,OH,AGL,CE,Federal Contract Tower,0,26,13,0,39,0,0,31,0,31,0,26,44,0,70,72,0,72,142
10/14/2020,CGF,OH,AGL,CE,Federal Contract Tower,0,16,11,0,27,0,2,42,0,44,0,18,53,0,71,92,0,92,163
10/15/2020,CGF,OH,AGL,CE,Federal Contract Tower,0,15,25,0,40,0,0,3,0,3,0,15,28,0,43,4,0,4,47
10/16/2020,CGF,OH,AGL,CE,Federal Contract Tower,0,17,20,0,37,0,2,30,0,32,0,19,50,0,69,62,0,62,131
10/17/2020,CGF,OH,AGL,CE,Federal Contract Tower,0,9,15,0,24,0,0,42,0,42,0,9,57,0,66,74,0,74,140
10/18/2020,CGF,OH,AGL,CE,Federal Contract Tower,0,26,15,0,41,0,0,6,0,6,0,26,21,0,47,0,0,0,47
10/19/2020,CGF,OH,AGL,CE,Federal Contract Tower,0,16,8,0,24,0,0,0,0,0,0,16,8,0,24,0,0,0,24
10/20/2020,CGF,OH,AGL,CE,Federal Contract Tower,0,16,15,0,31,0,0,0,0,0,0,16,15,0,31,0,0,0,31
10/21/2020,CGF,OH,AGL,CE,Federal Contract Tower,0,25,31,0,56,0,0,2,0,2,0,25,33,0,58,4,0,4,62
10/22/2020,CGF,OH,AGL,CE,Federal Contract Tower,0,14,17,0,31,0,0,40,0,40,0,14,57,0,71,46,0,46,117
10/23/2020,CGF,OH,AGL,CE,Federal Contract Tower,0,14,11,0,25,0,0,18,0,18,0,14,29,0,43,18,0,18,61
10/24/2020,CGF,OH,AGL,CE,Federal Contract Tower,0,15,7,0,22,0,0,8,0,8,0,15,15,0,30,14,0,14,44
10/25/2020,CGF,OH,AGL,CE,Federal Contract Tower,0,14,28,0,42,0,2,27,0,29,0,16,55,0,71,66,0,66,137
10/26/2020,CGF,OH,AGL,CE,Federal Contract Tower,0,20,15,0,35,0,0,0,0,0,0,20,15,0,35,0,0,0,35
10/27/2020,CGF,OH,AGL,CE,Federal Contract Tower,0,16,15,0,31,0,0,3,0,3,0,16,18,0,34,28,0,28,62
10/28/2020,CGF,OH,AGL,CE,Federal Contract Tower,0,12,25,0,37,0,0,18,0,18,0,12,43,0,55,10,0,10,65
10/29/2020,CGF,OH,AGL,CE,Federal Contract Tower,0,13,16,0,29,0,0,0,0,0,0,13,16,0,29,0,0,0,29
10/30/2020,CGF,OH,AGL,CE,Federal Contract Tower,0,18,11,0,29,0,0,8,0,8,0,18,19,0,37,14,0,14,51
10/31/2020,CGF,OH,AGL,CE,Federal Contract Tower,0,6,11,0,17,0,0,33,0,33,0,6,44,0,50,26,0,26,76
11/01/2020,CGF,OH,AGL,CE,Federal Contract Tower,0,10,8,0,18,0,0,0,0,0,0,10,8,0,18,0,0,0,18
11/02/2020,CGF,OH,AGL,CE,Federal Contract Tower,0,16,7,0,23,0,0,3,0,3,0,16,10,0,26,12,0,12,38
11/03/2020,CGF,OH,AGL,CE,Federal Contract Tower,0,9,11,0,20,0,0,32,0,32,0,9,43,0,52,94,0,94,146
11/04/2020,CGF,OH,AGL,CE,Federal Contract Tower,0,14,7,0,21,0,0,27,0,27,0,14,34,0,48,12,0,12,60
11/05/2020,CGF,OH,AGL,CE,Federal Contract Tower,0,12,14,0,26,0,0,22,4,26,0,12,36,4,52,34,0,34,86
11/06/2020,CGF,OH,AGL,CE,Federal Contract Tower,0,15,11,0,26,0,9,41,0,50,0,24,52,0,76,100,0,100,176
11/07/2020,CGF,OH,AGL,CE,Federal Contract Tower,0,14,11,0,25,0,9,35,0,44,0,23,46,0,69,84,0,84,153
11/08/2020,CGF,OH,AGL,CE,Federal Contract Tower,0,14,13,0,27,0,4,72,0,76,0,18,85,0,103,30,0,30,133
11/09/2020,CGF,OH,AGL,CE,Federal Contract Tower,0,18,3,0,21,0,2,19,0,21,0,20,22,0,42,56,0,56,98
11/10/2020,CGF,OH,AGL,CE,Federal Contract Tower,0,15,4,0,19,0,2,21,0,23,0,17,25,0,42,75,0,75,117
11/11/2020,CGF,OH,AGL,CE,Federal Contract Tower,0,13,7,0,20,0,0,13,0,13,0,13,20,0,33,96,0,96,129
11/12/2020,CGF,OH,AGL,CE,Federal Contract Tower,0,19,15,0,34,0,0,24,0,24,0,19,39,0,58,58,0,58,116
11/13/2020,CGF,OH,AGL,CE,Federal Contract Tower,0,15,13,0,28,0,0,9,0,9,0,15,22,0,37,14,0,14,51
11/14/2020,CGF,OH,AGL,CE,Federal Contract Tower,0,16,20,0,36,0,0,49,0,49,0,16,69,0,85,92,0,92,177
11/15/2020,CGF,OH,AGL,CE,Federal Contract Tower,0,10,2,0,12,0,0,0,0,0,0,10,2,0,12,0,0,0,12
11/16/2020,CGF,OH,AGL,CE,Federal Contract Tower,0,14,6,0,20,0,3,8,0,11,0,17,14,0,31,22,0,22,53
11/17/2020,CGF,OH,AGL,CE,Federal Contract Tower,0,8,11,0,19,0,0,0,0,0,0,8,11,0,19,0,0,0,19
11/18/2020,CGF,OH,AGL,CE,Federal Contract Tower,0,15,19,0,34,0,2,18,0,20,0,17,37,0,54,92,0,92,146
11/19/2020,CGF,OH,AGL,CE,Federal Contract Tower,0,28,13,0,41,0,0,5,0,5,0,28,18,0,46,0,0,0,46
11/20/2020,CGF,OH,AGL,CE,Federal Contract Tower,0,23,17,0,40,0,0,10,0,10,0,23,27,0,50,44,0,44,94
11/21/2020,CGF,OH,AGL,CE,Federal Contract Tower,0,17,25,0,42,0,0,18,0,18,0,17,43,0,60,60,0,60,120
11/22/2020,CGF,OH,AGL,CE,Federal Contract Tower,0,10,2,0,12,0,0,0,0,0,0,10,2,0,12,0,0,0,12
11/23/2020,CGF,OH,AGL,CE,Federal Contract Tower,0,16,6,0,22,0,0,9,0,9,0,16,15,0,31,16,0,16,47
11/24/2020,CGF,OH,AGL,CE,Federal Contract Tower,0,12,18,0,30,0,6,24,0,30,0,18,42,0,60,46,0,46,106
11/25/2020,CGF,OH,AGL,CE,Federal Contract Tower,0,5,9,0,14,0,0,3,0,3,0,5,12,0,17,20,0,20,37
11/26/2020,CGF,OH,AGL,CE,Federal Contract Tower,0,5,2,0,7,0,0,0,0,0,0,5,2,0,7,0,0,0,7
11/27/2020,CGF,OH,AGL,CE,Federal Contract Tower,0,5,6,0,11,0,0,5,0,5,0,5,11,0,16,84,0,84,100
11/28/2020,CGF,OH,AGL,CE,Federal Contract Tower,0,15,9,0,24,0,0,46,0,46,0,15,55,0,70,58,0,58,128
11/29/2020,CGF,OH,AGL,CE,Federal Contract Tower,0,20,19,0,39,0,0,44,0,44,0,20,63,0,83,70,0,70,153
12/01/2020,CGF,OH,AGL,CE,Federal Contract Tower,0,0,0,0,0,0,0,0,0,0,0,0,0,0,0,0,0,0,0
12/02/2020,CGF,OH,AGL,CE,Federal Contract Tower,0,11,9,0,20,0,8,5,0,13,0,19,14,0,33,0,0,0,33
12/03/2020,CGF,OH,AGL,CE,Federal Contract Tower,0,8,9,0,17,0,0,16,0,16,0,8,25,0,33,8,0,8,41
12/04/2020,CGF,OH,AGL,CE,Federal Contract Tower,0,15,12,0,27,0,0,16,0,16,0,15,28,0,43,12,0,12,55
12/05/2020,CGF,OH,AGL,CE,Federal Contract Tower,0,16,2,0,18,0,0,2,0,2,0,16,4,0,20,50,0,50,70
12/06/2020,CGF,OH,AGL,CE,Federal Contract Tower,0,18,7,0,25,0,0,13,0,13,0,18,20,0,38,94,0,94,132
12/07/2020,CGF,OH,AGL,CE,Federal Contract Tower,0,19,2,0,21,0,0,3,0,3,0,19,5,0,24,6,0,6,30
12/08/2020,CGF,OH,AGL,CE,Federal Contract Tower,0,8,10,0,18,0,1,19,0,20,0,9,29,0,38,50,0,50,88
12/09/2020,CGF,OH,AGL,CE,Federal Contract Tower,0,13,14,0,27,0,3,0,0,3,0,16,14,0,30,10,0,10,40
12/10/2020,CGF,OH,AGL,CE,Federal Contract Tower,0,14,16,0,30,0,0,27,0,27,0,14,43,0,57,46,0,46,103
12/11/2020,CGF,OH,AGL,CE,Federal Contract Tower,0,13,16,0,29,0,0,57,0,57,0,13,73,0,86,52,0,52,138
12/12/2020,CGF,OH,AGL,CE,Federal Contract Tower,0,8,5,0,13,0,0,3,0,3,0,8,8,0,16,0,0,0,16
12/13/2020,CGF,OH,AGL,CE,Federal Contract Tower,0,19,9,0,28,0,0,8,0,8,0,19,17,0,36,44,0,44,80
12/14/2020,CGF,OH,AGL,CE,Federal Contract Tower,0,16,10,0,26,0,0,4,0,4,0,16,14,0,30,10,0,10,40
12/15/2020,CGF,OH,AGL,CE,Federal Contract Tower,0,16,17,0,33,0,2,20,0,22,0,18,37,0,55,32,0,32,87
12/16/2020,CGF,OH,AGL,CE,Federal Contract Tower,0,9,6,0,15,0,0,3,0,3,0,9,9,0,18,12,0,12,30
12/17/2020,CGF,OH,AGL,CE,Federal Contract Tower,0,12,11,0,23,0,0,3,0,3,0,12,14,0,26,44,0,44,70
12/18/2020,CGF,OH,AGL,CE,Federal Contract Tower,0,12,18,0,30,0,0,2,0,2,0,12,20,0,32,50,0,50,82
12/19/2020,CGF,OH,AGL,CE,Federal Contract Tower,0,20,16,0,36,0,0,26,0,26,0,20,42,0,62,24,0,24,86
12/20/2020,CGF,OH,AGL,CE,Federal Contract Tower,0,8,5,0,13,0,0,0,0,0,0,8,5,0,13,0,0,0,13
12/21/2020,CGF,OH,AGL,CE,Federal Contract Tower,0,6,13,0,19,0,0,0,0,0,0,6,13,0,19,14,0,14,33
12/22/2020,CGF,OH,AGL,CE,Federal Contract Tower,0,15,15,0,30,0,4,6,0,10,0,19,21,0,40,22,0,22,62
12/23/2020,CGF,OH,AGL,CE,Federal Contract Tower,0,20,14,0,34,0,2,18,0,20,0,22,32,0,54,10,0,10,64
12/24/2020,CGF,OH,AGL,CE,Federal Contract Tower,0,10,3,0,13,0,0,0,0,0,0,10,3,0,13,0,0,0,13
12/26/2020,CGF,OH,AGL,CE,Federal Contract Tower,0,21,11,0,32,0,0,0,0,0,0,21,11,0,32,0,0,0,32
12/27/2020,CGF,OH,AGL,CE,Federal Contract Tower,0,16,13,0,29,0,0,7,0,7,0,16,20,0,36,0,0,0,36
12/28/2020,CGF,OH,AGL,CE,Federal Contract Tower,0,17,17,0,34,0,4,0,0,4,0,21,17,0,38,0,0,0,38
12/29/2020,CGF,OH,AGL,CE,Federal Contract Tower,0,13,13,0,26,0,0,31,0,31,0,13,44,0,57,44,0,44,101
12/30/2020,CGF,OH,AGL,CE,Federal Contract Tower,0,9,3,0,12,0,0,2,0,2,0,9,5,0,14,0,0,0,14
12/31/2020,CGF,OH,AGL,CE,Federal Contract Tower,0,11,11,0,22,0,0,12,0,12,0,11,23,0,34,32,0,32,66
01/01/2021,CGF,OH,AGL,CE,Federal Contract Tower,0,8,1,0,9,0,0,2,0,2,0,8,3,0,11,2,0,2,13
01/02/2021,CGF,OH,AGL,CE,Federal Contract Tower,0,16,4,0,20,0,0,0,0,0,0,16,4,0,20,0,0,0,20
01/03/2021,CGF,OH,AGL,CE,Federal Contract Tower,0,15,15,0,30,0,0,0,0,0,0,15,15,0,30,2,0,2,32
01/04/2021,CGF,OH,AGL,CE,Federal Contract Tower,0,21,10,0,31,0,0,0,0,0,0,21,10,0,31,0,0,0,31
01/05/2021,CGF,OH,AGL,CE,Federal Contract Tower,0,9,7,0,16,0,0,7,0,7,0,9,14,0,23,8,0,8,31
01/06/2021,CGF,OH,AGL,CE,Federal Contract Tower,0,11,3,0,14,0,0,9,0,9,0,11,12,0,23,16,0,16,39
01/07/2021,CGF,OH,AGL,CE,Federal Contract Tower,0,9,3,0,12,0,0,3,0,3,0,9,6,0,15,56,4,60,75
01/08/2021,CGF,OH,AGL,CE,Federal Contract Tower,0,15,7,0,22,0,0,6,0,6,0,15,13,0,28,0,0,0,28
01/09/2021,CGF,OH,AGL,CE,Federal Contract Tower,0,14,11,0,25,0,0,49,0,49,0,14,60,0,74,32,0,32,106
01/10/2021,CGF,OH,AGL,CE,Federal Contract Tower,0,16,11,0,27,0,0,26,0,26,0,16,37,0,53,48,0,48,101
01/11/2021,CGF,OH,AGL,CE,Federal Contract Tower,0,15,10,0,25,0,0,1,0,1,0,15,11,0,26,0,0,0,26
01/12/2021,CGF,OH,AGL,CE,Federal Contract Tower,0,20,7,0,27,0,0,6,0,6,0,20,13,0,33,12,0,12,45
01/13/2021,CGF,OH,AGL,CE,Federal Contract Tower,0,11,11,0,22,0,2,30,0,32,0,13,41,0,54,42,0,42,96
01/14/2021,CGF,OH,AGL,CE,Federal Contract Tower,0,15,8,0,23,0,2,24,0,26,0,17,32,0,49,8,0,8,57
01/15/2021,CGF,OH,AGL,CE,Federal Contract Tower,0,14,10,0,24,0,0,0,0,0,0,14,10,0,24,0,0,0,24
01/16/2021,CGF,OH,AGL,CE,Federal Contract Tower,0,14,0,0,14,0,0,1,0,1,0,14,1,0,15,6,0,6,21
01/17/2021,CGF,OH,AGL,CE,Federal Contract Tower,0,14,8,0,22,0,0,0,0,0,0,14,8,0,22,0,0,0,22
01/18/2021,CGF,OH,AGL,CE,Federal Contract Tower,0,7,16,0,23,0,0,0,0,0,0,7,16,0,23,0,0,0,23
01/19/2021,CGF,OH,AGL,CE,Federal Contract Tower,0,9,21,0,30,0,0,2,0,2,0,9,23,0,32,42,0,42,74
01/20/2021,CGF,OH,AGL,CE,Federal Contract Tower,0,14,13,0,27,0,3,9,0,12,0,17,22,0,39,44,0,44,83
01/21/2021,CGF,OH,AGL,CE,Federal Contract Tower,0,6,17,0,23,0,8,15,0,23,0,14,32,0,46,8,0,8,54
01/22/2021,CGF,OH,AGL,CE,Federal Contract Tower,0,14,12,0,26,0,0,2,0,2,0,14,14,0,28,6,0,6,34
01/23/2021,CGF,OH,AGL,CE,Federal Contract Tower,0,8,10,0,18,0,4,14,0,18,0,12,24,0,36,20,0,20,56
01/24/2021,CGF,OH,AGL,CE,Federal Contract Tower,0,13,5,0,18,0,0,8,0,8,0,13,13,0,26,28,0,28,54
01/25/2021,CGF,OH,AGL,CE,Federal Contract Tower,0,14,5,0,19,0,0,3,0,3,0,14,8,0,22,42,0,42,64
01/26/2021,CGF,OH,AGL,CE,Federal Contract Tower,0,14,2,0,16,0,0,0,0,0,0,14,2,0,16,0,0,0,16
01/27/2021,CGF,OH,AGL,CE,Federal Contract Tower,0,15,8,0,23,0,0,6,0,6,0,15,14,0,29,20,0,20,49
01/28/2021,CGF,OH,AGL,CE,Federal Contract Tower,0,13,3,0,16,0,2,4,0,6,0,15,7,0,22,20,0,20,42
01/29/2021,CGF,OH,AGL,CE,Federal Contract Tower,0,18,5,0,23,0,0,14,0,14,0,18,19,0,37,46,0,46,83
01/30/2021,CGF,OH,AGL,CE,Federal Contract Tower,0,10,11,0,21,0,0,18,0,18,0,10,29,0,39,42,0,42,81
01/31/2021,CGF,OH,AGL,CE,Federal Contract Tower,0,7,4,0,11,0,0,0,0,0,0,7,4,0,11,0,0,0,11
02/01/2021,CGF,OH,AGL,CE,Federal Contract Tower,0,8,3,0,11,0,0,0,0,0,0,8,3,0,11,0,0,0,11
02/02/2021,CGF,OH,AGL,CE,Federal Contract Tower,0,16,2,0,18,0,0,5,0,5,0,16,7,0,23,6,0,6,29
02/03/2021,CGF,OH,AGL,CE,Federal Contract Tower,0,16,7,0,23,0,0,0,0,0,0,16,7,0,23,0,0,0,23
02/04/2021,CGF,OH,AGL,CE,Federal Contract Tower,0,16,11,0,27,0,2,21,1,24,0,18,32,1,51,26,0,26,77
02/05/2021,CGF,OH,AGL,CE,Federal Contract Tower,0,15,5,0,20,0,0,0,0,0,0,15,5,0,20,0,0,0,20
02/06/2021,CGF,OH,AGL,CE,Federal Contract Tower,0,13,2,0,15,0,0,12,0,12,0,13,14,0,27,24,0,24,51
02/07/2021,CGF,OH,AGL,CE,Federal Contract Tower,0,4,11,0,15,0,0,1,0,1,0,4,12,0,16,0,0,0,16
02/08/2021,CGF,OH,AGL,CE,Federal Contract Tower,0,13,9,0,22,0,0,2,0,2,0,13,11,0,24,38,0,38,62
02/09/2021,CGF,OH,AGL,CE,Federal Contract Tower,0,9,8,0,17,0,0,0,0,0,0,9,8,0,17,10,0,10,27
02/10/2021,CGF,OH,AGL,CE,Federal Contract Tower,0,18,19,0,37,0,0,9,0,9,0,18,28,0,46,60,0,60,106
02/11/2021,CGF,OH,AGL,CE,Federal Contract Tower,0,16,10,0,26,0,0,7,0,7,0,16,17,0,33,0,0,0,33
02/12/2021,CGF,OH,AGL,CE,Federal Contract Tower,0,12,9,0,21,0,0,17,0,17,0,12,26,0,38,38,0,38,76
02/13/2021,CGF,OH,AGL,CE,Federal Contract Tower,0,7,9,0,16,0,0,8,0,8,0,7,17,0,24,26,0,26,50
02/14/2021,CGF,OH,AGL,CE,Federal Contract Tower,0,14,2,0,16,0,1,6,0,7,0,15,8,0,23,62,0,62,85
02/15/2021,CGF,OH,AGL,CE,Federal Contract Tower,0,8,2,0,10,0,0,0,0,0,0,8,2,0,10,0,0,0,10
02/16/2021,CGF,OH,AGL,CE,Federal Contract Tower,0,9,6,0,15,0,0,0,0,0,0,9,6,0,15,0,0,0,15
02/17/2021,CGF,OH,AGL,CE,Federal Contract Tower,0,7,18,0,25,0,3,24,0,27,0,10,42,0,52,46,0,46,98
02/18/2021,CGF,OH,AGL,CE,Federal Contract Tower,0,11,6,0,17,0,0,0,0,0,0,11,6,0,17,0,0,0,17
02/19/2021,CGF,OH,AGL,CE,Federal Contract Tower,0,11,6,0,17,0,0,0,0,0,0,11,6,0,17,0,0,0,17
02/20/2021,CGF,OH,AGL,CE,Federal Contract Tower,0,9,15,0,24,0,0,0,0,0,0,9,15,0,24,0,0,0,24
02/21/2021,CGF,OH,AGL,CE,Federal Contract Tower,0,15,7,0,22,0,2,20,0,22,0,17,27,0,44,16,0,16,60
02/22/2021,CGF,OH,AGL,CE,Federal Contract Tower,0,11,6,0,17,0,0,0,0,0,0,11,6,0,17,0,0,0,17
02/23/2021,CGF,OH,AGL,CE,Federal Contract Tower,0,6,3,0,9,0,0,10,0,10,0,6,13,0,19,4,0,4,23
02/24/2021,CGF,OH,AGL,CE,Federal Contract Tower,0,15,18,0,33,0,1,13,0,14,0,16,31,0,47,4,0,4,51
02/25/2021,CGF,OH,AGL,CE,Federal Contract Tower,0,11,10,0,21,0,0,29,0,29,0,11,39,0,50,34,0,34,84
02/26/2021,CGF,OH,AGL,CE,Federal Contract Tower,0,19,15,0,34,0,0,30,0,30,0,19,45,0,64,20,0,20,84
02/27/2021,CGF,OH,AGL,CE,Federal Contract Tower,0,29,9,0,38,0,0,12,0,12,0,29,21,0,50,12,0,12,62
02/28/2021,CGF,OH,AGL,CE,Federal Contract Tower,0,24,17,0,41,0,0,4,0,4,0,24,21,0,45,6,0,6,51
03/01/2021,CGF,OH,AGL,CE,Federal Contract Tower,0,18,11,0,29,0,0,6,0,6,0,18,17,0,35,0,0,0,35
03/02/2021,CGF,OH,AGL,CE,Federal Contract Tower,0,16,7,0,23,0,0,37,0,37,0,16,44,0,60,58,0,58,118
03/03/2021,CGF,OH,AGL,CE,Federal Contract Tower,0,15,7,0,22,0,0,36,0,36,0,15,43,0,58,42,0,42,100
03/04/2021,CGF,OH,AGL,CE,Federal Contract Tower,0,19,17,0,36,0,0,0,0,0,0,19,17,0,36,0,0,0,36
03/05/2021,CGF,OH,AGL,CE,Federal Contract Tower,0,23,7,0,30,0,0,28,0,28,0,23,35,0,58,14,0,14,72
03/06/2021,CGF,OH,AGL,CE,Federal Contract Tower,0,13,12,0,25,0,0,24,0,24,0,13,36,0,49,8,0,8,57
03/07/2021,CGF,OH,AGL,CE,Federal Contract Tower,0,20,6,0,26,0,0,44,0,44,0,20,50,0,70,40,0,40,110
03/08/2021,CGF,OH,AGL,CE,Federal Contract Tower,0,21,18,0,39,0,0,12,0,12,0,21,30,0,51,20,0,20,71
03/09/2021,CGF,OH,AGL,CE,Federal Contract Tower,0,16,8,0,24,0,0,31,0,31,0,16,39,0,55,88,0,88,143
03/10/2021,CGF,OH,AGL,CE,Federal Contract Tower,0,11,17,0,28,0,0,16,0,16,0,11,33,0,44,0,0,0,44
03/11/2021,CGF,OH,AGL,CE,Federal Contract Tower,0,16,18,0,34,0,4,12,0,16,0,20,30,0,50,2,0,2,52
03/12/2021,CGF,OH,AGL,CE,Federal Contract Tower,0,24,11,0,35,0,0,23,0,23,0,24,34,0,58,22,0,22,80
03/13/2021,CGF,OH,AGL,CE,Federal Contract Tower,0,20,14,0,34,0,0,41,0,41,0,20,55,0,75,44,0,44,119
03/14/2021,CGF,OH,AGL,CE,Federal Contract Tower,0,18,13,0,31,0,0,37,0,37,0,18,50,0,68,24,0,24,92
03/15/2021,CGF,OH,AGL,CE,Federal Contract Tower,0,8,17,0,25,0,4,21,0,25,0,12,38,0,50,26,0,26,76
03/16/2021,CGF,OH,AGL,CE,Federal Contract Tower,0,14,15,0,29,0,0,10,0,10,0,14,25,0,39,70,0,70,109
03/17/2021,CGF,OH,AGL,CE,Federal Contract Tower,0,15,23,0,38,0,0,36,0,36,0,15,59,0,74,68,0,68,142
03/18/2021,CGF,OH,AGL,CE,Federal Contract Tower,0,18,7,0,25,0,0,2,0,2,0,18,9,0,27,4,0,4,31
03/19/2021,CGF,OH,AGL,CE,Federal Contract Tower,0,24,22,0,46,0,4,26,0,30,0,28,48,0,76,40,0,40,116
03/20/2021,CGF,OH,AGL,CE,Federal Contract Tower,0,18,5,0,23,0,3,57,0,60,0,21,62,0,83,64,0,64,147
03/21/2021,CGF,OH,AGL,CE,Federal Contract Tower,0,14,12,0,26,0,1,42,0,43,0,15,54,0,69,78,0,78,147
03/22/2021,CGF,OH,AGL,CE,Federal Contract Tower,0,21,6,0,27,0,4,35,0,39,0,25,41,0,66,68,0,68,134
03/23/2021,CGF,OH,AGL,CE,Federal Contract Tower,0,20,9,0,29,0,0,28,0,28,0,20,37,0,57,14,0,14,71
03/24/2021,CGF,OH,AGL,CE,Federal Contract Tower,0,16,10,0,26,0,0,9,0,9,0,16,19,0,35,10,0,10,45
03/25/2021,CGF,OH,AGL,CE,Federal Contract Tower,0,19,17,0,36,0,0,11,0,11,0,19,28,0,47,48,0,48,95
03/26/2021,CGF,OH,AGL,CE,Federal Contract Tower,0,20,9,0,29,0,4,2,0,6,0,24,11,0,35,0,0,0,35
03/27/2021,CGF,OH,AGL,CE,Federal Contract Tower,0,19,13,0,32,0,0,22,0,22,0,19,35,0,54,50,0,50,104
03/28/2021,CGF,OH,AGL,CE,Federal Contract Tower,0,30,20,0,50,0,0,0,0,0,0,30,20,0,50,0,0,0,50
03/29/2021,CGF,OH,AGL,CE,Federal Contract Tower,0,18,8,0,26,0,5,37,0,42,0,23,45,0,68,40,0,40,108
03/30/2021,CGF,OH,AGL,CE,Federal Contract Tower,0,12,18,0,30,0,0,6,0,6,0,12,24,0,36,8,0,8,44
03/31/2021,CGF,OH,AGL,CE,Federal Contract Tower,0,20,22,0,42,0,0,14,0,14,0,20,36,0,56,28,0,28,84
04/01/2021,CGF,OH,AGL,CE,Federal Contract Tower,0,12,16,0,28,0,0,0,0,0,0,12,16,0,28,0,0,0,28
04/02/2021,CGF,OH,AGL,CE,Federal Contract Tower,0,13,18,0,31,0,1,27,0,28,0,14,45,0,59,62,0,62,121
04/03/2021,CGF,OH,AGL,CE,Federal Contract Tower,0,14,11,0,25,0,0,20,0,20,0,14,31,0,45,12,0,12,57
04/04/2021,CGF,OH,AGL,CE,Federal Contract Tower,0,14,16,0,30,0,2,50,0,52,0,16,66,0,82,112,0,112,194
04/05/2021,CGF,OH,AGL,CE,Federal Contract Tower,0,29,13,0,42,0,2,9,0,11,0,31,22,0,53,12,0,12,65
04/06/2021,CGF,OH,AGL,CE,Federal Contract Tower,0,17,11,0,28,0,0,39,0,39,0,17,50,0,67,68,0,68,135
04/07/2021,CGF,OH,AGL,CE,Federal Contract Tower,0,16,20,0,36,0,0,36,0,36,0,16,56,0,72,52,0,52,124
04/08/2021,CGF,OH,AGL,CE,Federal Contract Tower,0,15,10,0,25,0,0,17,0,17,0,15,27,0,42,6,0,6,48
04/09/2021,CGF,OH,AGL,CE,Federal Contract Tower,0,6,16,0,22,0,0,32,0,32,0,6,48,0,54,26,0,26,80
04/10/2021,CGF,OH,AGL,CE,Federal Contract Tower,0,18,3,0,21,0,0,20,0,20,0,18,23,0,41,6,0,6,47
04/11/2021,CGF,OH,AGL,CE,Federal Contract Tower,0,10,8,0,18,0,0,20,0,20,0,10,28,0,38,28,0,28,66
04/12/2021,CGF,OH,AGL,CE,Federal Contract Tower,0,24,11,0,35,0,0,9,0,9,0,24,20,0,44,14,0,14,58
04/13/2021,CGF,OH,AGL,CE,Federal Contract Tower,0,20,14,0,34,0,3,33,0,36,0,23,47,0,70,52,0,52,122
04/14/2021,CGF,OH,AGL,CE,Federal Contract Tower,0,12,14,0,26,0,0,15,0,15,0,12,29,0,41,64,0,64,105
04/15/2021,CGF,OH,AGL,CE,Federal Contract Tower,0,22,16,0,38,0,1,2,0,3,0,23,18,0,41,0,0,0,41
04/16/2021,CGF,OH,AGL,CE,Federal Contract Tower,0,11,18,0,29,0,0,1,0,1,0,11,19,0,30,2,0,2,32
04/17/2021,CGF,OH,AGL,CE,Federal Contract Tower,0,9,14,0,23,0,0,11,0,11,0,9,25,0,34,14,0,14,48
04/18/2021,CGF,OH,AGL,CE,Federal Contract Tower,0,12,21,0,33,0,5,29,0,34,0,17,50,0,67,16,0,16,83
04/19/2021,CGF,OH,AGL,CE,Federal Contract Tower,0,14,12,0,26,0,7,23,0,30,0,21,35,0,56,20,0,20,76
04/20/2021,CGF,OH,AGL,CE,Federal Contract Tower,0,14,9,0,23,0,0,2,0,2,0,14,11,0,25,12,0,12,37
04/21/2021,CGF,OH,AGL,CE,Federal Contract Tower,0,17,1,0,18,0,0,2,0,2,0,17,3,0,20,0,0,0,20
04/22/2021,CGF,OH,AGL,CE,Federal Contract Tower,0,15,13,0,28,0,0,11,0,11,0,15,24,0,39,12,0,12,51
04/23/2021,CGF,OH,AGL,CE,Federal Contract Tower,0,11,11,0,22,0,0,26,0,26,0,11,37,0,48,20,0,20,68
04/24/2021,CGF,OH,AGL,CE,Federal Contract Tower,0,11,3,0,14,0,2,22,0,24,0,13,25,0,38,20,0,20,58
04/25/2021,CGF,OH,AGL,CE,Federal Contract Tower,0,12,12,0,24,0,0,8,0,8,0,12,20,0,32,18,0,18,50
04/26/2021,CGF,OH,AGL,CE,Federal Contract Tower,0,14,27,0,41,0,4,20,0,24,0,18,47,0,65,24,0,24,89
04/27/2021,CGF,OH,AGL,CE,Federal Contract Tower,0,12,21,0,33,0,0,26,0,26,0,12,47,0,59,40,0,40,99
04/28/2021,CGF,OH,AGL,CE,Federal Contract Tower,0,12,19,0,31,0,2,14,0,16,0,14,33,0,47,20,0,20,67
04/29/2021,CGF,OH,AGL,CE,Federal Contract Tower,0,14,22,0,36,0,0,0,0,0,0,14,22,0,36,0,0,0,36
04/30/2021,CGF,OH,AGL,CE,Federal Contract Tower,0,25,12,0,37,0,0,10,0,10,0,25,22,0,47,32,0,32,79
05/01/2021,CGF,OH,AGL,CE,Federal Contract Tower,0,15,18,0,33,0,0,29,0,29,0,15,47,0,62,100,0,100,162
05/02/2021,CGF,OH,AGL,CE,Federal Contract Tower,0,24,15,0,39,0,1,39,0,40,0,25,54,0,79,48,0,48,127
05/03/2021,CGF,OH,AGL,CE,Federal Contract Tower,0,34,7,0,41,0,0,0,0,0,0,34,7,0,41,0,0,0,41
05/04/2021,CGF,OH,AGL,CE,Federal Contract Tower,0,17,17,0,34,0,0,4,0,4,0,17,21,0,38,10,0,10,48
05/05/2021,CGF,OH,AGL,CE,Federal Contract Tower,0,26,20,0,46,0,0,0,0,0,0,26,20,0,46,4,0,4,50
05/06/2021,CGF,OH,AGL,CE,Federal Contract Tower,0,20,21,0,41,0,6,35,0,41,0,26,56,0,82,50,0,50,132
05/07/2021,CGF,OH,AGL,CE,Federal Contract Tower,0,11,13,0,24,0,0,22,0,22,0,11,35,0,46,48,0,48,94
05/08/2021,CGF,OH,AGL,CE,Federal Contract Tower,0,21,13,0,34,0,0,13,0,13,0,21,26,0,47,20,0,20,67
05/09/2021,CGF,OH,AGL,CE,Federal Contract Tower,0,16,14,0,30,0,0,0,0,0,0,16,14,0,30,0,0,0,30
05/10/2021,CGF,OH,AGL,CE,Federal Contract Tower,0,20,21,0,41,0,0,17,0,17,0,20,38,0,58,22,0,22,80
05/11/2021,CGF,OH,AGL,CE,Federal Contract Tower,0,20,8,0,28,0,2,12,0,14,0,22,20,0,42,10,0,10,52
05/12/2021,CGF,OH,AGL,CE,Federal Contract Tower,0,14,15,0,29,0,2,33,0,35,0,16,48,0,64,66,0,66,130
05/13/2021,CGF,OH,AGL,CE,Federal Contract Tower,0,26,26,0,52,0,0,30,0,30,0,26,56,0,82,28,0,28,110
05/14/2021,CGF,OH,AGL,CE,Federal Contract Tower,0,16,25,0,41,0,0,43,0,43,0,16,68,0,84,86,0,86,170
05/15/2021,CGF,OH,AGL,CE,Federal Contract Tower,0,23,12,0,35,0,0,43,0,43,0,23,55,0,78,16,0,16,94
05/16/2021,CGF,OH,AGL,CE,Federal Contract Tower,0,17,14,0,31,0,0,19,0,19,0,17,33,0,50,42,0,42,92
05/17/2021,CGF,OH,AGL,CE,Federal Contract Tower,0,19,10,0,29,0,3,25,0,28,0,22,35,0,57,42,0,42,99
05/18/2021,CGF,OH,AGL,CE,Federal Contract Tower,0,28,21,0,49,0,0,29,0,29,0,28,50,0,78,34,0,34,112
05/19/2021,CGF,OH,AGL,CE,Federal Contract Tower,0,22,31,0,53,0,3,35,0,38,0,25,66,0,91,46,0,46,137
05/20/2021,CGF,OH,AGL,CE,Federal Contract Tower,0,18,20,0,38,0,1,29,0,30,0,19,49,0,68,82,0,82,150
05/21/2021,CGF,OH,AGL,CE,Federal Contract Tower,0,13,16,0,29,0,2,28,0,30,0,15,44,0,59,60,0,60,119
05/22/2021,CGF,OH,AGL,CE,Federal Contract Tower,0,11,13,0,24,0,0,25,0,25,0,11,38,0,49,18,0,18,67
05/23/2021,CGF,OH,AGL,CE,Federal Contract Tower,0,21,9,0,30,0,2,12,0,14,0,23,21,0,44,10,0,10,54
05/24/2021,CGF,OH,AGL,CE,Federal Contract Tower,0,23,10,0,33,0,0,15,0,15,0,23,25,0,48,28,0,28,76
05/25/2021,CGF,OH,AGL,CE,Federal Contract Tower,0,13,19,0,32,0,2,17,0,19,0,15,36,0,51,32,0,32,83
05/26/2021,CGF,OH,AGL,CE,Federal Contract Tower,0,12,10,0,22,0,2,6,0,8,0,14,16,0,30,6,0,6,36
05/27/2021,CGF,OH,AGL,CE,Federal Contract Tower,0,16,15,0,31,0,2,19,0,21,0,18,34,0,52,16,0,16,68
05/28/2021,CGF,OH,AGL,CE,Federal Contract Tower,0,9,13,0,22,0,0,0,0,0,0,9,13,0,22,0,0,0,22
05/29/2021,CGF,OH,AGL,CE,Federal Contract Tower,0,15,12,0,27,0,0,2,0,2,0,15,14,0,29,0,0,0,29
05/30/2021,CGF,OH,AGL,CE,Federal Contract Tower,0,18,11,0,29,0,0,24,0,24,0,18,35,0,53,36,0,36,89
05/31/2021,CGF,OH,AGL,CE,Federal Contract Tower,0,19,12,0,31,0,0,35,2,37,0,19,47,2,68,38,0,38,106
06/01/2021,CGF,OH,AGL,CE,Federal Contract Tower,0,19,19,0,38,0,0,24,0,24,0,19,43,0,62,64,0,64,126
06/02/2021,CGF,OH,AGL,CE,Federal Contract Tower,0,15,17,0,32,0,0,12,0,12,0,15,29,0,44,54,0,54,98
06/03/2021,CGF,OH,AGL,CE,Federal Contract Tower,0,12,20,0,32,0,1,10,0,11,0,13,30,0,43,20,0,20,63
06/04/2021,CGF,OH,AGL,CE,Federal Contract Tower,0,18,19,0,37,0,4,11,0,15,0,22,30,0,52,4,0,4,56
06/05/2021,CGF,OH,AGL,CE,Federal Contract Tower,0,18,10,0,28,0,0,27,0,27,0,18,37,0,55,8,0,8,63
06/06/2021,CGF,OH,AGL,CE,Federal Contract Tower,0,23,32,0,55,0,1,51,0,52,0,24,83,0,107,56,0,56,163
06/07/2021,CGF,OH,AGL,CE,Federal Contract Tower,0,17,11,0,28,0,0,15,0,15,0,17,26,0,43,76,0,76,119
06/08/2021,CGF,OH,AGL,CE,Federal Contract Tower,0,24,22,0,46,0,0,19,0,19,0,24,41,0,65,0,0,0,65
06/09/2021,CGF,OH,AGL,CE,Federal Contract Tower,0,23,13,0,36,0,3,11,0,14,0,26,24,0,50,40,0,40,90
06/10/2021,CGF,OH,AGL,CE,Federal Contract Tower,0,19,20,0,39,0,0,14,0,14,0,19,34,0,53,26,0,26,79
06/11/2021,CGF,OH,AGL,CE,Federal Contract Tower,0,22,17,0,39,0,1,8,0,9,0,23,25,0,48,44,0,44,92
06/12/2021,CGF,OH,AGL,CE,Federal Contract Tower,0,21,10,0,31,0,1,17,0,18,0,22,27,0,49,18,0,18,67
06/13/2021,CGF,OH,AGL,CE,Federal Contract Tower,0,12,24,0,36,0,0,23,0,23,0,12,47,0,59,30,0,30,89
06/14/2021,CGF,OH,AGL,CE,Federal Contract Tower,0,13,13,0,26,0,0,4,0,4,0,13,17,0,30,20,0,20,50
06/15/2021,CGF,OH,AGL,CE,Federal Contract Tower,0,8,14,0,22,0,0,10,0,10,0,8,24,0,32,22,0,22,54
06/16/2021,CGF,OH,AGL,CE,Federal Contract Tower,0,13,27,0,40,0,2,22,0,24,0,15,49,0,64,60,0,60,124
06/17/2021,CGF,OH,AGL,CE,Federal Contract Tower,0,18,14,0,32,0,1,36,0,37,0,19,50,0,69,68,0,68,137
06/18/2021,CGF,OH,AGL,CE,Federal Contract Tower,0,24,7,0,31,0,0,1,0,1,0,24,8,0,32,0,0,0,32
06/19/2021,CGF,OH,AGL,CE,Federal Contract Tower,0,22,3,0,25,0,2,9,0,11,0,24,12,0,36,8,0,8,44
06/20/2021,CGF,OH,AGL,CE,Federal Contract Tower,0,20,9,0,29,0,0,15,0,15,0,20,24,0,44,14,0,14,58
06/21/2021,CGF,OH,AGL,CE,Federal Contract Tower,0,14,23,0,37,0,0,4,0,4,0,14,27,0,41,24,0,24,65
06/22/2021,CGF,OH,AGL,CE,Federal Contract Tower,0,36,16,0,52,0,0,42,0,42,0,36,58,0,94,48,0,48,142
06/23/2021,CGF,OH,AGL,CE,Federal Contract Tower,0,22,21,0,43,0,0,52,0,52,0,22,73,0,95,30,0,30,125
06/24/2021,CGF,OH,AGL,CE,Federal Contract Tower,0,17,15,0,32,0,3,35,0,38,0,20,50,0,70,34,0,34,104
06/25/2021,CGF,OH,AGL,CE,Federal Contract Tower,0,11,18,0,29,0,2,16,0,18,0,13,34,0,47,10,0,10,57
06/26/2021,CGF,OH,AGL,CE,Federal Contract Tower,0,10,8,0,18,0,2,9,0,11,0,12,17,0,29,0,0,0,29
06/27/2021,CGF,OH,AGL,CE,Federal Contract Tower,0,23,21,0,44,0,2,9,0,11,0,25,30,0,55,20,0,20,75
06/28/2021,CGF,OH,AGL,CE,Federal Contract Tower,0,19,21,0,40,0,0,10,0,10,0,19,31,0,50,34,0,34,84
06/29/2021,CGF,OH,AGL,CE,Federal Contract Tower,0,13,19,0,32,0,0,13,0,13,0,13,32,0,45,18,0,18,63
06/30/2021,CGF,OH,AGL,CE,Federal Contract Tower,0,18,14,0,32,0,0,6,0,6,0,18,20,0,38,16,0,16,54
07/01/2021,CGF,OH,AGL,CE,Federal Contract Tower,0,14,25,0,39,0,0,3,0,3,0,14,28,0,42,18,0,18,60
07/02/2021,CGF,OH,AGL,CE,Federal Contract Tower,0,19,23,0,42,0,0,9,0,9,0,19,32,0,51,4,0,4,55
07/03/2021,CGF,OH,AGL,CE,Federal Contract Tower,0,16,11,0,27,0,0,14,0,14,0,16,25,0,41,44,0,44,85
07/04/2021,CGF,OH,AGL,CE,Federal Contract Tower,0,6,2,0,8,0,0,14,0,14,0,6,16,0,22,0,0,0,22
07/05/2021,CGF,OH,AGL,CE,Federal Contract Tower,0,14,21,0,35,0,0,14,0,14,0,14,35,0,49,30,0,30,79
07/06/2021,CGF,OH,AGL,CE,Federal Contract Tower,0,19,10,0,29,0,0,15,0,15,0,19,25,0,44,26,0,26,70
07/07/2021,CGF,OH,AGL,CE,Federal Contract Tower,0,12,15,0,27,0,12,4,0,16,0,24,19,0,43,12,0,12,55
07/08/2021,CGF,OH,AGL,CE,Federal Contract Tower,0,6,10,0,16,0,0,9,0,9,0,6,19,0,25,18,0,18,43
07/09/2021,CGF,OH,AGL,CE,Federal Contract Tower,0,13,15,0,28,0,0,16,0,16,0,13,31,0,44,28,0,28,72
07/10/2021,CGF,OH,AGL,CE,Federal Contract Tower,0,12,18,0,30,0,0,38,0,38,0,12,56,0,68,72,0,72,140
07/11/2021,CGF,OH,AGL,CE,Federal Contract Tower,0,22,8,0,30,0,0,3,0,3,0,22,11,0,33,0,0,0,33
07/12/2021,CGF,OH,AGL,CE,Federal Contract Tower,0,10,10,0,20,0,0,0,0,0,0,10,10,0,20,0,0,0,20
07/13/2021,CGF,OH,AGL,CE,Federal Contract Tower,0,26,25,0,51,0,0,11,0,11,0,26,36,0,62,40,0,40,102
07/14/2021,CGF,OH,AGL,CE,Federal Contract Tower,0,34,27,0,61,0,0,18,0,18,0,34,45,0,79,20,0,20,99
07/15/2021,CGF,OH,AGL,CE,Federal Contract Tower,0,19,32,0,51,0,2,11,0,13,0,21,43,0,64,46,0,46,110
07/16/2021,CGF,OH,AGL,CE,Federal Contract Tower,0,24,27,0,51,0,2,3,0,5,0,26,30,0,56,20,0,20,76
07/17/2021,CGF,OH,AGL,CE,Federal Contract Tower,0,9,12,0,21,0,0,0,0,0,0,9,12,0,21,2,0,2,23
07/18/2021,CGF,OH,AGL,CE,Federal Contract Tower,0,19,30,0,49,0,4,38,0,42,0,23,68,0,91,66,0,66,157
07/19/2021,CGF,OH,AGL,CE,Federal Contract Tower,0,23,17,0,40,0,0,20,0,20,0,23,37,0,60,58,0,58,118
07/20/2021,CGF,OH,AGL,CE,Federal Contract Tower,0,25,22,0,47,0,0,17,0,17,0,25,39,0,64,22,0,22,86
07/21/2021,CGF,OH,AGL,CE,Federal Contract Tower,0,17,20,0,37,0,2,21,0,23,0,19,41,0,60,14,0,14,74
07/22/2021,CGF,OH,AGL,CE,Federal Contract Tower,0,13,14,0,27,0,0,21,0,21,0,13,35,0,48,10,0,10,58
07/23/2021,CGF,OH,AGL,CE,Federal Contract Tower,0,19,30,0,49,0,0,17,0,17,0,19,47,0,66,52,0,52,118
07/24/2021,CGF,OH,AGL,CE,Federal Contract Tower,0,4,17,0,21,0,2,2,0,4,0,6,19,0,25,2,0,2,27
07/25/2021,CGF,OH,AGL,CE,Federal Contract Tower,0,7,24,0,31,0,0,15,0,15,0,7,39,0,46,16,0,16,62
07/26/2021,CGF,OH,AGL,CE,Federal Contract Tower,0,12,15,0,27,0,0,15,0,15,0,12,30,0,42,34,0,34,76
07/27/2021,CGF,OH,AGL,CE,Federal Contract Tower,0,14,23,0,37,0,0,18,2,20,0,14,41,2,57,18,0,18,75
07/28/2021,CGF,OH,AGL,CE,Federal Contract Tower,0,19,29,0,48,0,0,15,0,15,0,19,44,0,63,22,0,22,85
07/29/2021,CGF,OH,AGL,CE,Federal Contract Tower,0,17,28,0,45,0,0,4,0,4,0,17,32,0,49,0,0,0,49
07/30/2021,CGF,OH,AGL,CE,Federal Contract Tower,0,17,34,0,51,0,0,14,0,14,0,17,48,0,65,10,0,10,75
07/31/2021,CGF,OH,AGL,CE,Federal Contract Tower,0,12,17,0,29,0,0,27,0,27,0,12,44,0,56,26,0,26,82
08/01/2021,CGF,OH,AGL,CE,Federal Contract Tower,0,16,10,0,26,0,0,4,0,4,0,16,14,0,30,0,0,0,30
08/02/2021,CGF,OH,AGL,CE,Federal Contract Tower,0,20,13,0,33,0,6,20,0,26,0,26,33,0,59,18,0,18,77
08/03/2021,CGF,OH,AGL,CE,Federal Contract Tower,0,16,8,0,24,0,0,31,0,31,0,16,39,0,55,30,0,30,85
08/04/2021,CGF,OH,AGL,CE,Federal Contract Tower,0,20,16,0,36,0,0,18,0,18,0,20,34,0,54,46,0,46,100
08/05/2021,CGF,OH,AGL,CE,Federal Contract Tower,0,29,23,0,52,0,2,14,0,16,0,31,37,0,68,12,0,12,80
08/06/2021,CGF,OH,AGL,CE,Federal Contract Tower,0,19,27,0,46,0,0,29,2,31,0,19,56,2,77,22,0,22,99
08/07/2021,CGF,OH,AGL,CE,Federal Contract Tower,0,7,10,0,17,0,0,8,0,8,0,7,18,0,25,12,0,12,37
08/08/2021,CGF,OH,AGL,CE,Federal Contract Tower,0,9,25,0,34,0,0,14,0,14,0,9,39,0,48,42,0,42,90
08/09/2021,CGF,OH,AGL,CE,Federal Contract Tower,0,18,15,0,33,0,0,21,0,21,0,18,36,0,54,4,0,4,58
08/10/2021,CGF,OH,AGL,CE,Federal Contract Tower,0,10,16,2,28,0,0,12,0,12,0,10,28,2,40,20,0,20,60
08/11/2021,CGF,OH,AGL,CE,Federal Contract Tower,0,30,10,0,40,0,0,6,0,6,0,30,16,0,46,4,0,4,50
08/12/2021,CGF,OH,AGL,CE,Federal Contract Tower,0,31,16,0,47,0,0,6,0,6,0,31,22,0,53,18,0,18,71
08/13/2021,CGF,OH,AGL,CE,Federal Contract Tower,0,14,13,0,27,0,0,14,0,14,0,14,27,0,41,8,0,8,49
08/14/2021,CGF,OH,AGL,CE,Federal Contract Tower,0,9,19,0,28,0,2,24,0,26,0,11,43,0,54,30,0,30,84
08/15/2021,CGF,OH,AGL,CE,Federal Contract Tower,0,21,22,0,43,0,2,26,0,28,0,23,48,0,71,14,0,14,85
08/16/2021,CGF,OH,AGL,CE,Federal Contract Tower,0,14,21,0,35,0,0,2,0,2,0,14,23,0,37,0,0,0,37
08/17/2021,CGF,OH,AGL,CE,Federal Contract Tower,0,12,19,0,31,0,2,0,0,2,0,14,19,0,33,0,0,0,33
08/18/2021,CGF,OH,AGL,CE,Federal Contract Tower,0,19,31,0,50,0,0,2,0,2,0,19,33,0,52,6,0,6,58
08/19/2021,CGF,OH,AGL,CE,Federal Contract Tower,0,20,22,0,42,0,0,17,0,17,0,20,39,0,59,30,0,30,89
08/20/2021,CGF,OH,AGL,CE,Federal Contract Tower,0,17,21,0,38,0,0,30,0,30,0,17,51,0,68,50,0,50,118
08/21/2021,CGF,OH,AGL,CE,Federal Contract Tower,0,10,21,0,31,0,0,21,0,21,0,10,42,0,52,30,0,30,82
08/22/2021,CGF,OH,AGL,CE,Federal Contract Tower,0,9,14,0,23,0,0,18,0,18,0,9,32,0,41,8,0,8,49
08/23/2021,CGF,OH,AGL,CE,Federal Contract Tower,0,17,22,0,39,0,0,10,0,10,0,17,32,0,49,12,0,12,61
08/24/2021,CGF,OH,AGL,CE,Federal Contract Tower,0,30,18,0,48,0,0,24,0,24,0,30,42,0,72,6,0,6,78
08/25/2021,CGF,OH,AGL,CE,Federal Contract Tower,0,18,19,0,37,0,0,9,0,9,0,18,28,0,46,28,0,28,74
08/26/2021,CGF,OH,AGL,CE,Federal Contract Tower,0,19,26,0,45,0,0,18,0,18,0,19,44,0,63,44,0,44,107
08/27/2021,CGF,OH,AGL,CE,Federal Contract Tower,0,14,23,0,37,0,0,11,0,11,0,14,34,0,48,26,0,26,74
08/28/2021,CGF,OH,AGL,CE,Federal Contract Tower,0,13,13,0,26,0,0,6,0,6,0,13,19,0,32,22,0,22,54
08/29/2021,CGF,OH,AGL,CE,Federal Contract Tower,0,16,18,0,34,0,0,16,0,16,0,16,34,0,50,2,0,2,52
08/30/2021,CGF,OH,AGL,CE,Federal Contract Tower,0,18,8,0,26,0,0,6,0,6,0,18,14,0,32,6,0,6,38
08/31/2021,CGF,OH,AGL,CE,Federal Contract Tower,0,17,12,0,29,0,0,25,0,25,0,17,37,0,54,82,0,82,136
09/01/2021,CGF,OH,AGL,CE,Federal Contract Tower,0,26,13,0,39,0,0,19,0,19,0,26,32,0,58,42,0,42,100
09/02/2021,CGF,OH,AGL,CE,Federal Contract Tower,0,24,15,0,39,0,0,38,0,38,0,24,53,0,77,94,0,94,171
09/03/2021,CGF,OH,AGL,CE,Federal Contract Tower,0,22,37,0,59,0,3,41,0,44,0,25,78,0,103,126,0,126,229
09/04/2021,CGF,OH,AGL,CE,Federal Contract Tower,0,15,18,0,33,0,0,21,0,21,0,15,39,0,54,26,0,26,80
09/05/2021,CGF,OH,AGL,CE,Federal Contract Tower,0,11,18,0,29,0,3,22,0,25,0,14,40,0,54,32,0,32,86
09/06/2021,CGF,OH,AGL,CE,Federal Contract Tower,0,14,19,0,33,0,6,23,0,29,0,20,42,0,62,20,0,20,82
09/07/2021,CGF,OH,AGL,CE,Federal Contract Tower,0,16,20,0,36,0,0,21,0,21,0,16,41,0,57,6,0,6,63
09/08/2021,CGF,OH,AGL,CE,Federal Contract Tower,0,14,14,0,28,0,0,13,0,13,0,14,27,0,41,28,0,28,69
09/09/2021,CGF,OH,AGL,CE,Federal Contract Tower,0,10,14,0,24,0,0,10,0,10,0,10,24,0,34,0,0,0,34
09/10/2021,CGF,OH,AGL,CE,Federal Contract Tower,0,11,22,0,33,0,0,24,0,24,0,11,46,0,57,52,0,52,109
09/11/2021,CGF,OH,AGL,CE,Federal Contract Tower,0,6,8,0,14,0,0,18,0,18,0,6,26,0,32,16,0,16,48
09/12/2021,CGF,OH,AGL,CE,Federal Contract Tower,0,16,13,0,29,0,2,15,0,17,0,18,28,0,46,20,0,20,66
09/13/2021,CGF,OH,AGL,CE,Federal Contract Tower,0,16,27,0,43,0,2,16,0,18,0,18,43,0,61,36,0,36,97
09/14/2021,CGF,OH,AGL,CE,Federal Contract Tower,0,18,12,0,30,0,0,19,0,19,0,18,31,0,49,48,0,48,97
09/15/2021,CGF,OH,AGL,CE,Federal Contract Tower,0,15,9,0,24,0,1,11,0,12,0,16,20,0,36,24,0,24,60
09/16/2021,CGF,OH,AGL,CE,Federal Contract Tower,0,17,25,0,42,0,0,29,0,29,0,17,54,0,71,20,0,20,91
09/17/2021,CGF,OH,AGL,CE,Federal Contract Tower,0,13,13,0,26,0,0,24,0,24,0,13,37,0,50,22,0,22,72
09/18/2021,CGF,OH,AGL,CE,Federal Contract Tower,0,18,11,0,29,0,0,19,0,19,0,18,30,0,48,16,0,16,64
09/19/2021,CGF,OH,AGL,CE,Federal Contract Tower,0,18,20,0,38,0,1,28,0,29,0,19,48,0,67,26,0,26,93
09/20/2021,CGF,OH,AGL,CE,Federal Contract Tower,0,17,30,0,47,0,3,24,0,27,0,20,54,0,74,48,0,48,122
09/21/2021,CGF,OH,AGL,CE,Federal Contract Tower,0,17,19,0,36,0,3,7,0,10,0,20,26,0,46,0,0,0,46
09/22/2021,CGF,OH,AGL,CE,Federal Contract Tower,0,11,23,0,34,0,0,0,0,0,0,11,23,0,34,0,0,0,34
09/23/2021,CGF,OH,AGL,CE,Federal Contract Tower,0,21,18,0,39,0,0,0,0,0,0,21,18,0,39,0,0,0,39
09/24/2021,CGF,OH,AGL,CE,Federal Contract Tower,0,22,29,0,51,0,1,39,0,40,0,23,68,0,91,24,0,24,115
09/25/2021,CGF,OH,AGL,CE,Federal Contract Tower,0,11,9,0,20,0,0,8,0,8,0,11,17,0,28,8,0,8,36
09/26/2021,CGF,OH,AGL,CE,Federal Contract Tower,0,15,19,0,34,0,0,27,0,27,0,15,46,0,61,50,0,50,111
09/27/2021,CGF,OH,AGL,CE,Federal Contract Tower,0,26,30,0,56,0,2,31,0,33,0,28,61,0,89,20,0,20,109
09/28/2021,CGF,OH,AGL,CE,Federal Contract Tower,0,18,23,0,41,0,0,15,0,15,0,18,38,0,56,48,0,48,104
09/29/2021,CGF,OH,AGL,CE,Federal Contract Tower,0,15,15,0,30,0,2,13,0,15,0,17,28,0,45,16,0,16,61
09/30/2021,CGF,OH,AGL,CE,Federal Contract Tower,0,25,15,0,40,0,2,21,0,23,0,27,36,0,63,32,0,32,95
10/01/2021,CGF,OH,AGL,CE,Federal Contract Tower,0,24,27,0,51,0,0,20,0,20,0,24,47,0,71,40,0,40,111
10/02/2021,CGF,OH,AGL,CE,Federal Contract Tower,0,24,15,0,39,0,0,32,0,32,0,24,47,0,71,26,0,26,97
10/03/2021,CGF,OH,AGL,CE,Federal Contract Tower,0,23,19,0,42,0,0,1,0,1,0,23,20,0,43,0,0,0,43
10/04/2021,CGF,OH,AGL,CE,Federal Contract Tower,0,21,29,0,50,0,0,0,0,0,0,21,29,0,50,0,0,0,50
10/05/2021,CGF,OH,AGL,CE,Federal Contract Tower,0,13,21,0,34,0,0,1,0,1,0,13,22,0,35,0,0,0,35
10/06/2021,CGF,OH,AGL,CE,Federal Contract Tower,0,20,25,0,45,0,0,21,0,21,0,20,46,0,66,78,0,78,144
10/07/2021,CGF,OH,AGL,CE,Federal Contract Tower,0,13,18,0,31,0,0,7,0,7,0,13,25,0,38,20,0,20,58
10/08/2021,CGF,OH,AGL,CE,Federal Contract Tower,0,16,23,0,39,0,0,1,0,1,0,16,24,0,40,0,0,0,40
10/09/2021,CGF,OH,AGL,CE,Federal Contract Tower,0,13,7,0,20,0,0,17,0,17,0,13,24,0,37,14,0,14,51
10/10/2021,CGF,OH,AGL,CE,Federal Contract Tower,0,14,15,0,29,0,0,8,1,9,0,14,23,1,38,12,0,12,50
10/11/2021,CGF,OH,AGL,CE,Federal Contract Tower,0,14,8,0,22,0,0,16,0,16,0,14,24,0,38,24,0,24,62
10/12/2021,CGF,OH,AGL,CE,Federal Contract Tower,0,17,24,0,41,0,0,15,0,15,0,17,39,0,56,18,0,18,74
10/13/2021,CGF,OH,AGL,CE,Federal Contract Tower,0,14,23,0,37,0,0,21,0,21,0,14,44,0,58,30,0,30,88
10/14/2021,CGF,OH,AGL,CE,Federal Contract Tower,0,34,21,0,55,0,0,23,0,23,0,34,44,0,78,20,0,20,98
10/15/2021,CGF,OH,AGL,CE,Federal Contract Tower,0,18,12,0,30,0,0,8,0,8,0,18,20,0,38,10,0,10,48
10/16/2021,CGF,OH,AGL,CE,Federal Contract Tower,0,9,15,0,24,0,0,2,0,2,0,9,17,0,26,0,0,0,26
10/17/2021,CGF,OH,AGL,CE,Federal Contract Tower,0,20,19,0,39,0,0,4,0,4,0,20,23,0,43,0,0,0,43
10/18/2021,CGF,OH,AGL,CE,Federal Contract Tower,0,15,26,0,41,0,0,15,0,15,0,15,41,0,56,2,0,2,58
10/19/2021,CGF,OH,AGL,CE,Federal Contract Tower,0,13,27,0,40,0,0,21,0,21,0,13,48,0,61,42,0,42,103
10/20/2021,CGF,OH,AGL,CE,Federal Contract Tower,0,24,27,0,51,0,0,34,0,34,0,24,61,0,85,34,0,34,119
10/21/2021,CGF,OH,AGL,CE,Federal Contract Tower,0,20,20,0,40,0,0,6,0,6,0,20,26,0,46,10,0,10,56
10/22/2021,CGF,OH,AGL,CE,Federal Contract Tower,0,15,15,0,30,0,0,9,0,9,0,15,24,0,39,0,0,0,39
10/23/2021,CGF,OH,AGL,CE,Federal Contract Tower,0,18,11,0,29,0,1,7,0,8,0,19,18,0,37,14,0,14,51
10/24/2021,CGF,OH,AGL,CE,Federal Contract Tower,0,18,25,0,43,0,0,12,0,12,0,18,37,0,55,0,0,0,55
10/25/2021,CGF,OH,AGL,CE,Federal Contract Tower,0,17,4,0,21,0,0,4,0,4,0,17,8,0,25,2,0,2,27
10/26/2021,CGF,OH,AGL,CE,Federal Contract Tower,0,14,8,0,22,0,0,0,0,0,0,14,8,0,22,0,0,0,22
10/27/2021,CGF,OH,AGL,CE,Federal Contract Tower,0,18,31,0,49,0,0,0,0,0,0,18,31,0,49,0,0,0,49
10/28/2021,CGF,OH,AGL,CE,Federal Contract Tower,0,20,23,0,43,0,0,22,0,22,0,20,45,0,65,14,0,14,79
10/29/2021,CGF,OH,AGL,CE,Federal Contract Tower,0,25,15,0,40,0,0,1,0,1,0,25,16,0,41,0,0,0,41
10/30/2021,CGF,OH,AGL,CE,Federal Contract Tower,0,14,12,0,26,0,1,12,0,13,0,15,24,0,39,24,0,24,63
10/31/2021,CGF,OH,AGL,CE,Federal Contract Tower,0,10,17,0,27,0,0,8,0,8,0,10,25,0,35,2,0,2,37
11/01/2021,CGF,OH,AGL,CE,Federal Contract Tower,0,13,16,0,29,0,0,12,0,12,0,13,28,0,41,0,0,0,41
11/02/2021,CGF,OH,AGL,CE,Federal Contract Tower,0,13,22,0,35,0,1,5,0,6,0,14,27,0,41,0,0,0,41
11/03/2021,CGF,OH,AGL,CE,Federal Contract Tower,0,14,18,0,32,0,6,17,0,23,0,20,35,0,55,46,0,46,101
11/04/2021,CGF,OH,AGL,CE,Federal Contract Tower,0,12,15,0,27,0,0,8,0,8,0,12,23,0,35,6,0,6,41
11/05/2021,CGF,OH,AGL,CE,Federal Contract Tower,0,15,30,0,45,0,0,46,0,46,0,15,76,0,91,14,12,26,117
11/06/2021,CGF,OH,AGL,CE,Federal Contract Tower,0,10,17,0,27,0,0,34,0,34,0,10,51,0,61,84,0,84,145
11/07/2021,CGF,OH,AGL,CE,Federal Contract Tower,0,18,19,0,37,0,0,48,0,48,0,18,67,0,85,0,0,0,85
11/08/2021,CGF,OH,AGL,CE,Federal Contract Tower,0,11,20,0,31,0,0,31,0,31,0,11,51,0,62,42,0,42,104
11/09/2021,CGF,OH,AGL,CE,Federal Contract Tower,0,7,23,0,30,0,0,27,0,27,0,7,50,0,57,32,0,32,89
11/10/2021,CGF,OH,AGL,CE,Federal Contract Tower,0,19,22,0,41,0,0,20,0,20,0,19,42,0,61,42,0,42,103
11/11/2021,CGF,OH,AGL,CE,Federal Contract Tower,0,26,28,0,54,0,0,7,0,7,0,26,35,0,61,38,0,38,99
11/12/2021,CGF,OH,AGL,CE,Federal Contract Tower,0,22,7,0,29,0,6,2,0,8,0,28,9,0,37,0,0,0,37
11/13/2021,CGF,OH,AGL,CE,Federal Contract Tower,0,12,8,0,20,0,0,2,0,2,0,12,10,0,22,0,0,0,22
11/14/2021,CGF,OH,AGL,CE,Federal Contract Tower,0,6,8,0,14,0,0,2,0,2,0,6,10,0,16,14,0,14,30
11/15/2021,CGF,OH,AGL,CE,Federal Contract Tower,0,15,13,0,28,0,0,2,0,2,0,15,15,0,30,0,0,0,30
11/16/2021,CGF,OH,AGL,CE,Federal Contract Tower,0,15,25,0,40,0,0,10,1,11,0,15,35,1,51,46,0,46,97
11/17/2021,CGF,OH,AGL,CE,Federal Contract Tower,0,31,20,0,51,0,0,3,0,3,0,31,23,0,54,6,0,6,60
11/18/2021,CGF,OH,AGL,CE,Federal Contract Tower,0,28,30,0,58,0,0,6,0,6,0,28,36,0,64,0,0,0,64
11/19/2021,CGF,OH,AGL,CE,Federal Contract Tower,0,16,20,0,36,0,0,10,0,10,0,16,30,0,46,24,0,24,70
11/21/2021,CGF,OH,AGL,CE,Federal Contract Tower,0,10,12,0,22,0,0,3,0,3,0,10,15,0,25,0,0,0,25
11/22/2021,CGF,OH,AGL,CE,Federal Contract Tower,0,9,18,0,27,0,0,4,0,4,0,9,22,0,31,18,0,18,49
11/23/2021,CGF,OH,AGL,CE,Federal Contract Tower,0,26,20,0,46,0,0,39,0,39,0,26,59,0,85,44,0,44,129
11/24/2021,CGF,OH,AGL,CE,Federal Contract Tower,0,16,23,0,39,0,0,36,0,36,0,16,59,0,75,12,0,12,87
11/25/2021,CGF,OH,AGL,CE,Federal Contract Tower,0,4,5,0,9,0,0,0,0,0,0,4,5,0,9,0,0,0,9
11/26/2021,CGF,OH,AGL,CE,Federal Contract Tower,0,11,6,0,17,0,0,1,0,1,0,11,7,0,18,0,0,0,18
11/27/2021,CGF,OH,AGL,CE,Federal Contract Tower,0,10,26,0,36,0,0,19,0,19,0,10,45,0,55,24,0,24,79
11/28/2021,CGF,OH,AGL,CE,Federal Contract Tower,0,18,20,0,38,0,0,0,0,0,0,18,20,0,38,0,0,0,38
11/29/2021,CGF,OH,AGL,CE,Federal Contract Tower,0,24,26,0,50,0,0,13,0,13,0,24,39,0,63,34,0,34,97
11/30/2021,CGF,OH,AGL,CE,Federal Contract Tower,0,10,21,0,31,0,0,7,0,7,0,10,28,0,38,20,0,20,58
12/01/2021,CGF,OH,AGL,CE,Federal Contract Tower,0,13,12,0,25,0,0,22,0,22,0,13,34,0,47,26,0,26,73
12/02/2021,CGF,OH,AGL,CE,Federal Contract Tower,0,6,21,0,27,0,0,4,0,4,0,6,25,0,31,0,0,0,31
12/03/2021,CGF,OH,AGL,CE,Federal Contract Tower,0,14,16,0,30,0,0,1,0,1,0,14,17,0,31,0,0,0,31
12/04/2021,CGF,OH,AGL,CE,Federal Contract Tower,0,7,7,0,14,0,0,5,0,5,0,7,12,0,19,2,0,2,21
12/05/2021,CGF,OH,AGL,CE,Federal Contract Tower,0,21,10,0,31,0,0,9,0,9,0,21,19,0,40,4,0,4,44
12/06/2021,CGF,OH,AGL,CE,Federal Contract Tower,0,15,10,0,25,0,0,0,0,0,0,15,10,0,25,0,0,0,25
12/07/2021,CGF,OH,AGL,CE,Federal Contract Tower,0,17,18,0,35,0,0,10,0,10,0,17,28,0,45,14,0,14,59
12/08/2021,CGF,OH,AGL,CE,Federal Contract Tower,0,18,18,0,36,0,0,3,0,3,0,18,21,0,39,36,0,36,75
12/09/2021,CGF,OH,AGL,CE,Federal Contract Tower,0,14,12,0,26,0,0,3,0,3,0,14,15,0,29,4,0,4,33
12/10/2021,CGF,OH,AGL,CE,Federal Contract Tower,0,18,19,0,37,0,0,17,0,17,0,18,36,0,54,72,0,72,126
12/11/2021,CGF,OH,AGL,CE,Federal Contract Tower,0,11,1,0,12,0,0,0,0,0,0,11,1,0,12,0,0,0,12
12/12/2021,CGF,OH,AGL,CE,Federal Contract Tower,0,16,19,0,35,0,4,30,0,34,0,20,49,0,69,60,0,60,129
12/13/2021,CGF,OH,AGL,CE,Federal Contract Tower,0,21,7,0,28,0,0,22,0,22,0,21,29,0,50,22,0,22,72
12/14/2021,CGF,OH,AGL,CE,Federal Contract Tower,0,5,36,0,41,0,0,34,0,34,0,5,70,0,75,56,0,56,131
12/15/2021,CGF,OH,AGL,CE,Federal Contract Tower,0,17,18,0,35,0,0,0,0,0,0,17,18,0,35,0,0,0,35
12/16/2021,CGF,OH,AGL,CE,Federal Contract Tower,0,18,14,0,32,0,0,1,0,1,0,18,15,0,33,0,0,0,33
12/17/2021,CGF,OH,AGL,CE,Federal Contract Tower,0,20,23,0,43,0,0,29,0,29,0,20,52,0,72,16,0,16,88
12/18/2021,CGF,OH,AGL,CE,Federal Contract Tower,0,15,19,0,34,0,0,0,0,0,0,15,19,0,34,0,0,0,34
12/19/2021,CGF,OH,AGL,CE,Federal Contract Tower,0,16,11,0,27,0,0,16,0,16,0,16,27,0,43,54,0,54,97
12/20/2021,CGF,OH,AGL,CE,Federal Contract Tower,0,13,22,0,35,0,0,26,0,26,0,13,48,0,61,28,0,28,89
12/21/2021,CGF,OH,AGL,CE,Federal Contract Tower,0,18,19,0,37,0,0,23,0,23,0,18,42,0,60,30,0,30,90
12/22/2021,CGF,OH,AGL,CE,Federal Contract Tower,0,12,10,0,22,0,0,1,0,1,0,12,11,0,23,2,0,2,25
12/23/2021,CGF,OH,AGL,CE,Federal Contract Tower,0,17,16,0,33,0,0,11,0,11,0,17,27,0,44,36,0,36,80
12/24/2021,CGF,OH,AGL,CE,Federal Contract Tower,0,7,4,0,11,0,0,15,0,15,0,7,19,0,26,2,0,2,28
12/25/2021,CGF,OH,AGL,CE,Federal Contract Tower,0,13,5,0,18,0,0,0,0,0,0,13,5,0,18,0,0,0,18
12/26/2021,CGF,OH,AGL,CE,Federal Contract Tower,0,14,20,0,34,0,0,6,0,6,0,14,26,0,40,36,0,36,76
12/27/2021,CGF,OH,AGL,CE,Federal Contract Tower,0,11,10,0,21,0,0,2,0,2,0,11,12,0,23,0,0,0,23
12/28/2021,CGF,OH,AGL,CE,Federal Contract Tower,0,22,7,0,29,0,0,8,0,8,0,22,15,0,37,2,0,2,39
12/29/2021,CGF,OH,AGL,CE,Federal Contract Tower,0,15,17,0,32,0,0,0,0,0,0,15,17,0,32,0,0,0,32
12/30/2021,CGF,OH,AGL,CE,Federal Contract Tower,0,8,8,0,16,0,0,0,0,0,0,8,8,0,16,0,0,0,16
12/31/2021,CGF,OH,AGL,CE,Federal Contract Tower,0,3,4,0,7,0,0,14,0,14,0,3,18,0,21,30,0,30,51
01/01/2022,CGF,OH,AGL,CE,Federal Contract Tower,0,2,3,0,5,0,0,0,0,0,0,2,3,0,5,0,0,0,5
01/02/2022,CGF,OH,AGL,CE,Federal Contract Tower,0,7,15,0,22,0,0,0,0,0,0,7,15,0,22,8,0,8,30
01/03/2022,CGF,OH,AGL,CE,Federal Contract Tower,0,32,13,0,45,0,0,4,0,4,0,32,17,0,49,8,0,8,57
01/04/2022,CGF,OH,AGL,CE,Federal Contract Tower,0,8,17,0,25,0,0,14,0,14,0,8,31,0,39,38,0,38,77
01/05/2022,CGF,OH,AGL,CE,Federal Contract Tower,0,11,6,0,17,0,0,0,0,0,0,11,6,0,17,0,0,0,17
01/06/2022,CGF,OH,AGL,CE,Federal Contract Tower,0,3,7,0,10,0,0,8,0,8,0,3,15,0,18,32,0,32,50
01/07/2022,CGF,OH,AGL,CE,Federal Contract Tower,0,3,16,0,19,0,0,0,0,0,0,3,16,0,19,0,0,0,19
01/08/2022,CGF,OH,AGL,CE,Federal Contract Tower,0,10,6,0,16,0,0,10,0,10,0,10,16,0,26,0,0,0,26
01/09/2022,CGF,OH,AGL,CE,Federal Contract Tower,0,9,11,0,20,0,0,0,0,0,0,9,11,0,20,0,0,0,20
01/10/2022,CGF,OH,AGL,CE,Federal Contract Tower,0,7,10,2,19,0,0,0,0,0,0,7,10,2,19,0,0,0,19
01/11/2022,CGF,OH,AGL,CE,Federal Contract Tower,0,11,12,0,23,0,0,18,0,18,0,11,30,0,41,8,0,8,49
01/12/2022,CGF,OH,AGL,CE,Federal Contract Tower,0,16,13,0,29,0,0,32,0,32,0,16,45,0,61,12,0,12,73
01/13/2022,CGF,OH,AGL,CE,Federal Contract Tower,0,10,7,0,17,0,0,9,0,9,0,10,16,0,26,36,0,36,62
01/14/2022,CGF,OH,AGL,CE,Federal Contract Tower,0,12,13,0,25,0,0,0,0,0,0,12,13,0,25,0,0,0,25
01/15/2022,CGF,OH,AGL,CE,Federal Contract Tower,0,5,11,0,16,0,0,18,0,18,0,5,29,0,34,26,0,26,60
01/16/2022,CGF,OH,AGL,CE,Federal Contract Tower,0,3,10,0,13,0,0,24,0,24,0,3,34,0,37,24,0,24,61
01/17/2022,CGF,OH,AGL,CE,Federal Contract Tower,0,2,6,0,8,0,0,0,0,0,0,2,6,0,8,0,0,0,8
01/18/2022,CGF,OH,AGL,CE,Federal Contract Tower,0,7,11,0,18,0,0,0,0,0,0,7,11,0,18,0,0,0,18
01/19/2022,CGF,OH,AGL,CE,Federal Contract Tower,0,22,13,0,35,0,0,3,0,3,0,22,16,0,38,22,0,22,60
01/20/2022,CGF,OH,AGL,CE,Federal Contract Tower,0,11,7,0,18,0,0,0,0,0,0,11,7,0,18,0,0,0,18
01/21/2022,CGF,OH,AGL,CE,Federal Contract Tower,0,9,19,0,28,0,0,4,0,4,0,9,23,0,32,6,0,6,38
01/22/2022,CGF,OH,AGL,CE,Federal Contract Tower,0,13,10,0,23,0,2,7,0,9,0,15,17,0,32,30,0,30,62
01/23/2022,CGF,OH,AGL,CE,Federal Contract Tower,0,7,5,0,12,0,0,0,0,0,0,7,5,0,12,0,0,0,12
01/24/2022,CGF,OH,AGL,CE,Federal Contract Tower,0,5,19,0,24,0,0,0,0,0,0,5,19,0,24,0,0,0,24
01/25/2022,CGF,OH,AGL,CE,Federal Contract Tower,0,4,19,0,23,0,0,12,0,12,0,4,31,0,35,6,0,6,41
01/26/2022,CGF,OH,AGL,CE,Federal Contract Tower,0,8,25,0,33,0,0,11,0,11,0,8,36,0,44,24,0,24,68
01/27/2022,CGF,OH,AGL,CE,Federal Contract Tower,0,9,15,0,24,0,0,4,0,4,0,9,19,0,28,2,0,2,30
01/28/2022,CGF,OH,AGL,CE,Federal Contract Tower,0,11,7,0,18,0,0,0,0,0,0,11,7,0,18,0,0,0,18
01/29/2022,CGF,OH,AGL,CE,Federal Contract Tower,0,7,1,0,8,0,0,10,0,10,0,7,11,0,18,8,0,8,26
01/30/2022,CGF,OH,AGL,CE,Federal Contract Tower,0,11,10,0,21,0,0,9,0,9,0,11,19,0,30,0,0,0,30
01/31/2022,CGF,OH,AGL,CE,Federal Contract Tower,0,9,9,0,18,0,0,17,0,17,0,9,26,0,35,34,0,34,69
02/01/2022,CGF,OH,AGL,CE,Federal Contract Tower,0,9,9,0,18,0,0,9,0,9,0,9,18,0,27,0,0,0,27
02/02/2022,CGF,OH,AGL,CE,Federal Contract Tower,0,11,9,0,20,0,0,0,0,0,0,11,9,0,20,0,0,0,20
02/03/2022,CGF,OH,AGL,CE,Federal Contract Tower,0,2,0,0,2,0,0,0,0,0,0,2,0,0,2,0,0,0,2
02/04/2022,CGF,OH,AGL,CE,Federal Contract Tower,0,9,2,0,11,0,0,0,0,0,0,9,2,0,11,0,0,0,11
02/05/2022,CGF,OH,AGL,CE,Federal Contract Tower,0,4,6,0,10,0,0,5,0,5,0,4,11,0,15,0,0,0,15
02/06/2022,CGF,OH,AGL,CE,Federal Contract Tower,0,5,12,0,17,0,0,2,0,2,0,5,14,0,19,0,0,0,19
02/07/2022,CGF,OH,AGL,CE,Federal Contract Tower,0,11,6,0,17,0,2,11,0,13,0,13,17,0,30,26,0,26,56
02/08/2022,CGF,OH,AGL,CE,Federal Contract Tower,0,14,16,0,30,0,0,9,0,9,0,14,25,0,39,44,0,44,83
02/09/2022,CGF,OH,AGL,CE,Federal Contract Tower,0,12,8,0,20,0,0,19,0,19,0,12,27,0,39,24,0,24,63
02/10/2022,CGF,OH,AGL,CE,Federal Contract Tower,0,17,8,0,25,0,0,4,0,4,0,17,12,0,29,0,0,0,29
02/11/2022,CGF,OH,AGL,CE,Federal Contract Tower,0,15,11,0,26,0,0,2,0,2,0,15,13,0,28,0,0,0,28
02/12/2022,CGF,OH,AGL,CE,Federal Contract Tower,0,15,5,0,20,0,0,1,0,1,0,15,6,0,21,0,0,0,21
02/13/2022,CGF,OH,AGL,CE,Federal Contract Tower,0,12,11,0,23,0,0,1,0,1,0,12,12,0,24,0,0,0,24
02/14/2022,CGF,OH,AGL,CE,Federal Contract Tower,0,4,19,0,23,0,0,21,0,21,0,4,40,0,44,88,0,88,132
02/15/2022,CGF,OH,AGL,CE,Federal Contract Tower,0,20,20,0,40,0,0,34,0,34,0,20,54,0,74,50,0,50,124
02/16/2022,CGF,OH,AGL,CE,Federal Contract Tower,0,15,9,0,24,0,0,11,0,11,0,15,20,0,35,0,0,0,35
02/17/2022,CGF,OH,AGL,CE,Federal Contract Tower,0,12,11,0,23,0,0,0,0,0,0,12,11,0,23,0,0,0,23
02/18/2022,CGF,OH,AGL,CE,Federal Contract Tower,0,2,9,0,11,0,0,1,0,1,0,2,10,0,12,0,0,0,12
02/19/2022,CGF,OH,AGL,CE,Federal Contract Tower,0,3,8,0,11,0,0,2,0,2,0,3,10,0,13,2,0,2,15
02/20/2022,CGF,OH,AGL,CE,Federal Contract Tower,0,8,12,0,20,0,4,6,0,10,0,12,18,0,30,0,0,0,30
02/21/2022,CGF,OH,AGL,CE,Federal Contract Tower,0,14,27,0,41,0,0,46,0,46,0,14,73,0,87,64,0,64,151
02/22/2022,CGF,OH,AGL,CE,Federal Contract Tower,0,14,11,0,25,0,0,0,0,0,0,14,11,0,25,0,0,0,25
02/23/2022,CGF,OH,AGL,CE,Federal Contract Tower,0,20,23,0,43,0,0,4,0,4,0,20,27,0,47,0,0,0,47
02/24/2022,CGF,OH,AGL,CE,Federal Contract Tower,0,8,13,0,21,0,1,18,0,19,0,9,31,0,40,8,0,8,48
02/25/2022,CGF,OH,AGL,CE,Federal Contract Tower,0,9,12,0,21,0,0,0,0,0,0,9,12,0,21,0,0,0,21
02/26/2022,CGF,OH,AGL,CE,Federal Contract Tower,0,9,25,0,34,0,0,11,1,12,0,9,36,1,46,32,0,32,78
02/27/2022,CGF,OH,AGL,CE,Federal Contract Tower,0,8,8,0,16,0,0,10,0,10,0,8,18,0,26,6,0,6,32
02/28/2022,CGF,OH,AGL,CE,Federal Contract Tower,0,12,14,0,26,0,0,19,0,19,0,12,33,0,45,8,0,8,53
03/01/2022,CGF,OH,AGL,CE,Federal Contract Tower,0,15,20,0,35,0,0,9,0,9,0,15,29,0,44,10,0,10,54
03/02/2022,CGF,OH,AGL,CE,Federal Contract Tower,0,13,8,0,21,0,0,22,0,22,0,13,30,0,43,46,0,46,89
03/03/2022,CGF,OH,AGL,CE,Federal Contract Tower,0,12,11,0,23,0,0,4,0,4,0,12,15,0,27,32,0,32,59
03/04/2022,CGF,OH,AGL,CE,Federal Contract Tower,0,15,29,0,44,0,0,18,0,18,0,15,47,0,62,30,0,30,92
03/05/2022,CGF,OH,AGL,CE,Federal Contract Tower,0,5,9,0,14,0,0,11,0,11,0,5,20,0,25,4,0,4,29
03/06/2022,CGF,OH,AGL,CE,Federal Contract Tower,0,14,11,0,25,0,0,4,0,4,0,14,15,0,29,6,0,6,35
03/07/2022,CGF,OH,AGL,CE,Federal Contract Tower,0,6,12,0,18,0,2,0,0,2,0,8,12,0,20,0,0,0,20
03/08/2022,CGF,OH,AGL,CE,Federal Contract Tower,0,14,9,0,23,0,0,19,0,19,0,14,28,0,42,18,0,18,60
03/09/2022,CGF,OH,AGL,CE,Federal Contract Tower,0,22,20,0,42,0,0,16,0,16,0,22,36,0,58,46,0,46,104
03/10/2022,CGF,OH,AGL,CE,Federal Contract Tower,0,21,25,0,46,0,0,31,0,31,0,21,56,0,77,38,0,38,115
03/11/2022,CGF,OH,AGL,CE,Federal Contract Tower,0,15,18,0,33,0,0,15,0,15,0,15,33,0,48,16,0,16,64
03/12/2022,CGF,OH,AGL,CE,Federal Contract Tower,0,6,8,0,14,0,0,5,0,5,0,6,13,0,19,0,0,0,19
03/13/2022,CGF,OH,AGL,CE,Federal Contract Tower,0,13,13,0,26,0,2,2,0,4,0,15,15,0,30,0,0,0,30
03/14/2022,CGF,OH,AGL,CE,Federal Contract Tower,0,17,14,0,31,0,0,9,0,9,0,17,23,0,40,28,0,28,68
03/15/2022,CGF,OH,AGL,CE,Federal Contract Tower,0,17,26,0,43,0,0,28,0,28,0,17,54,0,71,18,0,18,89
03/16/2022,CGF,OH,AGL,CE,Federal Contract Tower,0,9,17,0,26,0,0,31,0,31,0,9,48,0,57,12,0,12,69
03/17/2022,CGF,OH,AGL,CE,Federal Contract Tower,0,6,16,0,22,0,0,44,0,44,0,6,60,0,66,32,0,32,98
03/18/2022,CGF,OH,AGL,CE,Federal Contract Tower,0,13,14,0,27,0,0,16,0,16,0,13,30,0,43,46,0,46,89
03/19/2022,CGF,OH,AGL,CE,Federal Contract Tower,0,14,8,0,22,0,0,0,0,0,0,14,8,0,22,0,0,0,22
03/20/2022,CGF,OH,AGL,CE,Federal Contract Tower,0,6,14,0,20,0,0,8,0,8,0,6,22,0,28,14,0,14,42
03/21/2022,CGF,OH,AGL,CE,Federal Contract Tower,0,5,17,0,22,0,0,27,0,27,0,5,44,0,49,60,0,60,109
03/22/2022,CGF,OH,AGL,CE,Federal Contract Tower,0,7,8,0,15,0,0,8,0,8,0,7,16,0,23,20,0,20,43
03/23/2022,CGF,OH,AGL,CE,Federal Contract Tower,0,12,15,0,27,0,0,3,0,3,0,12,18,0,30,20,0,20,50
03/24/2022,CGF,OH,AGL,CE,Federal Contract Tower,0,4,18,0,22,0,0,7,0,7,0,4,25,0,29,2,0,2,31
03/25/2022,CGF,OH,AGL,CE,Federal Contract Tower,0,11,7,0,18,0,0,0,0,0,0,11,7,0,18,2,0,2,20
03/26/2022,CGF,OH,AGL,CE,Federal Contract Tower,0,6,16,0,22,0,0,0,0,0,0,6,16,0,22,0,0,0,22
03/27/2022,CGF,OH,AGL,CE,Federal Contract Tower,0,8,11,0,19,0,0,0,0,0,0,8,11,0,19,0,0,0,19
03/28/2022,CGF,OH,AGL,CE,Federal Contract Tower,0,24,14,0,38,0,0,1,0,1,0,24,15,0,39,20,0,20,59
03/29/2022,CGF,OH,AGL,CE,Federal Contract Tower,0,13,15,0,28,0,0,24,0,24,0,13,39,0,52,42,0,42,94
03/30/2022,CGF,OH,AGL,CE,Federal Contract Tower,0,11,5,0,16,0,0,6,0,6,0,11,11,0,22,16,0,16,38
03/31/2022,CGF,OH,AGL,CE,Federal Contract Tower,0,13,13,0,26,0,0,2,0,2,0,13,15,0,28,0,0,0,28
04/01/2022,CGF,OH,AGL,CE,Federal Contract Tower,0,9,5,0,14,0,0,5,0,5,0,9,10,0,19,2,0,2,21
04/02/2022,CGF,OH,AGL,CE,Federal Contract Tower,0,8,9,0,17,0,0,40,0,40,0,8,49,0,57,48,0,48,105
04/03/2022,CGF,OH,AGL,CE,Federal Contract Tower,0,14,17,0,31,0,0,16,0,16,0,14,33,0,47,6,0,6,53
04/04/2022,CGF,OH,AGL,CE,Federal Contract Tower,0,5,13,0,18,0,0,3,0,3,0,5,16,0,21,2,0,2,23
04/05/2022,CGF,OH,AGL,CE,Federal Contract Tower,0,8,28,0,36,0,0,32,0,32,0,8,60,0,68,38,0,38,106
04/06/2022,CGF,OH,AGL,CE,Federal Contract Tower,0,10,28,0,38,0,0,1,0,1,0,10,29,0,39,0,0,0,39
04/07/2022,CGF,OH,AGL,CE,Federal Contract Tower,0,16,27,0,43,0,0,17,0,17,0,16,44,0,60,14,0,14,74
04/08/2022,CGF,OH,AGL,CE,Federal Contract Tower,0,13,22,0,35,0,0,4,0,4,0,13,26,0,39,0,0,0,39
04/09/2022,CGF,OH,AGL,CE,Federal Contract Tower,0,12,19,0,31,0,0,3,0,3,0,12,22,0,34,0,0,0,34
04/10/2022,CGF,OH,AGL,CE,Federal Contract Tower,0,12,16,0,28,0,0,21,0,21,0,12,37,0,49,10,0,10,59
04/11/2022,CGF,OH,AGL,CE,Federal Contract Tower,0,14,16,0,30,0,0,2,2,4,0,14,18,2,34,0,0,0,34
04/12/2022,CGF,OH,AGL,CE,Federal Contract Tower,0,14,24,0,38,0,0,21,2,23,0,14,45,2,61,26,0,26,87
04/13/2022,CGF,OH,AGL,CE,Federal Contract Tower,0,29,26,0,55,0,0,9,0,9,0,29,35,0,64,0,0,0,64
04/14/2022,CGF,OH,AGL,CE,Federal Contract Tower,0,16,23,0,39,0,0,7,0,7,0,16,30,0,46,30,0,30,76
04/15/2022,CGF,OH,AGL,CE,Federal Contract Tower,0,8,13,0,21,0,0,9,0,9,0,8,22,0,30,10,0,10,40
04/16/2022,CGF,OH,AGL,CE,Federal Contract Tower,0,7,9,0,16,0,0,14,0,14,0,7,23,0,30,22,0,22,52
04/17/2022,CGF,OH,AGL,CE,Federal Contract Tower,0,13,6,0,19,0,2,12,0,14,0,15,18,0,33,0,0,0,33
04/18/2022,CGF,OH,AGL,CE,Federal Contract Tower,0,21,17,0,38,0,0,1,0,1,0,21,18,0,39,0,0,0,39
04/19/2022,CGF,OH,AGL,CE,Federal Contract Tower,0,24,16,0,40,0,0,3,0,3,0,24,19,0,43,4,0,4,47
04/20/2022,CGF,OH,AGL,CE,Federal Contract Tower,0,6,31,0,37,0,0,26,0,26,0,6,57,0,63,32,0,32,95
04/21/2022,CGF,OH,AGL,CE,Federal Contract Tower,0,6,17,0,23,0,0,9,0,9,0,6,26,0,32,12,0,12,44
04/22/2022,CGF,OH,AGL,CE,Federal Contract Tower,0,15,15,0,30,0,0,29,0,29,0,15,44,0,59,50,0,50,109
04/23/2022,CGF,OH,AGL,CE,Federal Contract Tower,0,7,12,0,19,0,0,27,0,27,0,7,39,0,46,6,0,6,52
04/24/2022,CGF,OH,AGL,CE,Federal Contract Tower,0,14,23,0,37,0,0,20,0,20,0,14,43,0,57,26,0,26,83
04/25/2022,CGF,OH,AGL,CE,Federal Contract Tower,0,8,13,0,21,0,0,3,0,3,0,8,16,0,24,0,0,0,24
04/26/2022,CGF,OH,AGL,CE,Federal Contract Tower,0,1,26,0,27,0,0,8,0,8,0,1,34,0,35,18,0,18,53
04/27/2022,CGF,OH,AGL,CE,Federal Contract Tower,0,12,26,0,38,0,0,7,0,7,0,12,33,0,45,8,0,8,53
04/28/2022,CGF,OH,AGL,CE,Federal Contract Tower,0,14,34,0,48,0,5,33,0,38,0,19,67,0,86,36,0,36,122
04/29/2022,CGF,OH,AGL,CE,Federal Contract Tower,0,9,11,0,20,0,0,36,0,36,0,9,47,0,56,18,0,18,74
04/30/2022,CGF,OH,AGL,CE,Federal Contract Tower,0,10,22,0,32,0,0,30,0,30,0,10,52,0,62,10,0,10,72
05/01/2022,CGF,OH,AGL,CE,Federal Contract Tower,0,16,16,0,32,0,0,2,0,2,0,16,18,0,34,2,0,2,36
05/02/2022,CGF,OH,AGL,CE,Federal Contract Tower,0,9,13,0,22,0,0,8,0,8,0,9,21,0,30,46,0,46,76
05/03/2022,CGF,OH,AGL,CE,Federal Contract Tower,0,7,16,0,23,0,0,7,0,7,0,7,23,0,30,28,0,28,58
05/04/2022,CGF,OH,AGL,CE,Federal Contract Tower,0,13,23,0,36,0,0,0,0,0,0,13,23,0,36,0,0,0,36
05/05/2022,CGF,OH,AGL,CE,Federal Contract Tower,0,17,23,0,40,0,0,24,0,24,0,17,47,0,64,40,0,40,104
05/06/2022,CGF,OH,AGL,CE,Federal Contract Tower,0,9,7,0,16,0,2,2,0,4,0,11,9,0,20,0,0,0,20
05/07/2022,CGF,OH,AGL,CE,Federal Contract Tower,0,12,5,0,17,0,0,6,0,6,0,12,11,0,23,0,0,0,23
05/08/2022,CGF,OH,AGL,CE,Federal Contract Tower,0,16,12,0,28,0,0,22,0,22,0,16,34,0,50,24,0,24,74
05/09/2022,CGF,OH,AGL,CE,Federal Contract Tower,0,25,21,0,46,0,0,14,0,14,0,25,35,0,60,2,0,2,62
05/10/2022,CGF,OH,AGL,CE,Federal Contract Tower,0,10,18,0,28,0,0,13,0,13,0,10,31,0,41,70,0,70,111
05/11/2022,CGF,OH,AGL,CE,Federal Contract Tower,0,24,20,0,44,0,0,32,0,32,0,24,52,0,76,20,0,20,96
05/12/2022,CGF,OH,AGL,CE,Federal Contract Tower,0,20,17,4,41,0,0,16,0,16,0,20,33,4,57,8,0,8,65
05/13/2022,CGF,OH,AGL,CE,Federal Contract Tower,0,14,21,0,35,0,0,20,0,20,0,14,41,0,55,50,0,50,105
05/14/2022,CGF,OH,AGL,CE,Federal Contract Tower,0,20,15,0,35,0,0,14,0,14,0,20,29,0,49,18,0,18,67
05/15/2022,CGF,OH,AGL,CE,Federal Contract Tower,0,13,30,0,43,0,0,14,0,14,0,13,44,0,57,40,0,40,97
05/16/2022,CGF,OH,AGL,CE,Federal Contract Tower,0,15,20,0,35,0,0,9,0,9,0,15,29,0,44,6,0,6,50
05/17/2022,CGF,OH,AGL,CE,Federal Contract Tower,0,16,15,0,31,0,0,30,0,30,0,16,45,0,61,88,0,88,149
05/18/2022,CGF,OH,AGL,CE,Federal Contract Tower,0,30,16,0,46,0,0,2,0,2,0,30,18,0,48,14,0,14,62
05/19/2022,CGF,OH,AGL,CE,Federal Contract Tower,0,26,35,0,61,0,0,29,0,29,0,26,64,0,90,30,0,30,120
05/20/2022,CGF,OH,AGL,CE,Federal Contract Tower,0,22,11,0,33,0,0,2,0,2,0,22,13,0,35,0,0,0,35
05/21/2022,CGF,OH,AGL,CE,Federal Contract Tower,0,16,7,0,23,0,4,15,0,19,0,20,22,0,42,8,0,8,50
05/22/2022,CGF,OH,AGL,CE,Federal Contract Tower,0,16,9,0,25,0,0,6,0,6,0,16,15,0,31,0,0,0,31
05/23/2022,CGF,OH,AGL,CE,Federal Contract Tower,0,21,16,0,37,0,0,20,0,20,0,21,36,0,57,60,0,60,117
05/24/2022,CGF,OH,AGL,CE,Federal Contract Tower,0,12,27,0,39,0,0,26,0,26,0,12,53,0,65,14,0,14,79
05/25/2022,CGF,OH,AGL,CE,Federal Contract Tower,0,28,28,0,56,0,2,12,0,14,0,30,40,0,70,38,0,38,108
05/26/2022,CGF,OH,AGL,CE,Federal Contract Tower,0,13,13,0,26,0,0,9,0,9,0,13,22,0,35,8,0,8,43
05/27/2022,CGF,OH,AGL,CE,Federal Contract Tower,0,20,15,0,35,0,0,8,0,8,0,20,23,0,43,0,0,0,43
05/28/2022,CGF,OH,AGL,CE,Federal Contract Tower,0,8,18,0,26,0,0,20,0,20,0,8,38,0,46,22,0,22,68
05/29/2022,CGF,OH,AGL,CE,Federal Contract Tower,0,7,7,0,14,0,0,28,0,28,0,7,35,0,42,40,0,40,82
05/30/2022,CGF,OH,AGL,CE,Federal Contract Tower,0,12,14,0,26,0,0,7,0,7,0,12,21,0,33,56,0,56,89
05/31/2022,CGF,OH,AGL,CE,Federal Contract Tower,0,16,22,0,38,0,0,52,0,52,0,16,74,0,90,124,0,124,214
06/01/2022,CGF,OH,AGL,CE,Federal Contract Tower,0,17,10,0,27,0,0,21,0,21,0,17,31,0,48,48,0,48,96
06/02/2022,CGF,OH,AGL,CE,Federal Contract Tower,0,18,22,0,40,0,0,19,0,19,0,18,41,0,59,34,0,34,93
06/03/2022,CGF,OH,AGL,CE,Federal Contract Tower,0,18,14,0,32,0,0,37,2,39,0,18,51,2,71,16,2,18,89
06/04/2022,CGF,OH,AGL,CE,Federal Contract Tower,0,5,5,0,10,0,0,35,0,35,0,5,40,0,45,62,0,62,107
06/05/2022,CGF,OH,AGL,CE,Federal Contract Tower,0,16,24,0,40,0,0,28,0,28,0,16,52,0,68,54,0,54,122
06/06/2022,CGF,OH,AGL,CE,Federal Contract Tower,0,16,13,0,29,0,0,2,0,2,0,16,15,0,31,15,0,15,46
06/07/2022,CGF,OH,AGL,CE,Federal Contract Tower,0,14,17,0,31,0,0,3,0,3,0,14,20,0,34,0,0,0,34
06/08/2022,CGF,OH,AGL,CE,Federal Contract Tower,0,27,34,0,61,0,0,32,14,46,0,27,66,14,107,80,0,80,187
06/09/2022,CGF,OH,AGL,CE,Federal Contract Tower,0,17,19,0,36,0,0,13,0,13,0,17,32,0,49,25,0,25,74
06/10/2022,CGF,OH,AGL,CE,Federal Contract Tower,0,28,27,0,55,0,0,52,0,52,0,28,79,0,107,54,0,54,161
06/11/2022,CGF,OH,AGL,CE,Federal Contract Tower,0,21,9,0,30,0,0,65,0,65,0,21,74,0,95,34,0,34,129
06/12/2022,CGF,OH,AGL,CE,Federal Contract Tower,0,16,15,0,31,0,0,10,0,10,0,16,25,0,41,4,0,4,45
06/13/2022,CGF,OH,AGL,CE,Federal Contract Tower,0,17,23,0,40,0,0,29,0,29,0,17,52,0,69,30,0,30,99
06/14/2022,CGF,OH,AGL,CE,Federal Contract Tower,0,16,12,0,28,0,0,16,4,20,0,16,28,4,48,16,0,16,64
06/15/2022,CGF,OH,AGL,CE,Federal Contract Tower,0,22,19,0,41,0,0,20,0,20,0,22,39,0,61,46,0,46,107
06/16/2022,CGF,OH,AGL,CE,Federal Contract Tower,0,10,10,0,20,0,0,18,0,18,0,10,28,0,38,16,0,16,54
06/17/2022,CGF,OH,AGL,CE,Federal Contract Tower,0,22,18,0,40,0,0,28,0,28,0,22,46,0,68,18,0,18,86
06/18/2022,CGF,OH,AGL,CE,Federal Contract Tower,0,9,7,0,16,0,0,6,0,6,0,9,13,0,22,6,0,6,28
06/19/2022,CGF,OH,AGL,CE,Federal Contract Tower,0,19,26,0,45,0,0,43,0,43,0,19,69,0,88,24,0,24,112
06/20/2022,CGF,OH,AGL,CE,Federal Contract Tower,0,19,21,0,40,0,0,29,0,29,0,19,50,0,69,84,0,84,153
06/21/2022,CGF,OH,AGL,CE,Federal Contract Tower,0,29,26,0,55,0,0,29,0,29,0,29,55,0,84,38,0,38,122
06/22/2022,CGF,OH,AGL,CE,Federal Contract Tower,0,19,17,0,36,0,0,27,0,27,0,19,44,0,63,34,0,34,97
06/23/2022,CGF,OH,AGL,CE,Federal Contract Tower,0,19,32,0,51,0,0,30,0,30,0,19,62,0,81,44,0,44,125
06/24/2022,CGF,OH,AGL,CE,Federal Contract Tower,0,10,6,0,16,0,0,48,0,48,0,10,54,0,64,82,0,82,146
06/25/2022,CGF,OH,AGL,CE,Federal Contract Tower,0,20,11,0,31,0,0,23,0,23,0,20,34,0,54,44,0,44,98
06/26/2022,CGF,OH,AGL,CE,Federal Contract Tower,0,16,17,0,33,0,0,13,0,13,0,16,30,0,46,6,0,6,52
06/27/2022,CGF,OH,AGL,CE,Federal Contract Tower,0,27,19,0,46,0,0,31,0,31,0,27,50,0,77,88,0,88,165
06/28/2022,CGF,OH,AGL,CE,Federal Contract Tower,0,15,35,0,50,0,0,49,0,49,0,15,84,0,99,162,0,162,261
06/29/2022,CGF,OH,AGL,CE,Federal Contract Tower,0,14,19,0,33,0,0,23,0,23,0,14,42,0,56,56,0,56,112
06/30/2022,CGF,OH,AGL,CE,Federal Contract Tower,0,18,35,0,53,0,2,27,0,29,0,20,62,0,82,60,0,60,142
07/01/2022,CGF,OH,AGL,CE,Federal Contract Tower,0,22,13,0,35,0,4,20,0,24,0,26,33,0,59,18,0,18,77
07/02/2022,CGF,OH,AGL,CE,Federal Contract Tower,0,6,15,0,21,0,1,27,0,28,0,7,42,0,49,46,0,46,95
07/03/2022,CGF,OH,AGL,CE,Federal Contract Tower,0,7,6,0,13,0,0,32,0,32,0,7,38,0,45,34,0,34,79
07/04/2022,CGF,OH,AGL,CE,Federal Contract Tower,0,6,7,0,13,0,0,33,0,33,0,6,40,0,46,8,0,8,54
07/05/2022,CGF,OH,AGL,CE,Federal Contract Tower,0,21,22,0,43,0,0,8,0,8,0,21,30,0,51,4,0,4,55
07/06/2022,CGF,OH,AGL,CE,Federal Contract Tower,0,23,19,0,42,0,0,13,0,13,0,23,32,0,55,10,0,10,65
07/07/2022,CGF,OH,AGL,CE,Federal Contract Tower,0,12,33,0,45,0,0,36,0,36,0,12,69,0,81,48,0,48,129
07/08/2022,CGF,OH,AGL,CE,Federal Contract Tower,0,17,12,0,29,0,0,20,0,20,0,17,32,0,49,72,0,72,121
07/09/2022,CGF,OH,AGL,CE,Federal Contract Tower,0,15,16,0,31,0,0,18,0,18,0,15,34,0,49,44,0,44,93
07/10/2022,CGF,OH,AGL,CE,Federal Contract Tower,0,13,20,0,33,0,0,25,0,25,0,13,45,0,58,44,0,44,102
07/11/2022,CGF,OH,AGL,CE,Federal Contract Tower,0,8,11,0,19,0,0,25,0,25,0,8,36,0,44,16,0,16,60
07/12/2022,CGF,OH,AGL,CE,Federal Contract Tower,0,12,15,0,27,0,0,25,0,25,0,12,40,0,52,50,0,50,102
07/13/2022,CGF,OH,AGL,CE,Federal Contract Tower,0,15,20,0,35,0,0,19,0,19,0,15,39,0,54,46,0,46,100
07/14/2022,CGF,OH,AGL,CE,Federal Contract Tower,0,16,21,0,37,0,0,35,0,35,0,16,56,0,72,102,0,102,174
07/15/2022,CGF,OH,AGL,CE,Federal Contract Tower,0,8,13,0,21,0,1,51,0,52,0,9,64,0,73,94,0,94,167
07/16/2022,CGF,OH,AGL,CE,Federal Contract Tower,0,8,18,0,26,0,0,25,0,25,0,8,43,0,51,28,0,28,79
07/17/2022,CGF,OH,AGL,CE,Federal Contract Tower,0,14,15,0,29,0,0,6,0,6,0,14,21,0,35,34,0,34,69
07/18/2022,CGF,OH,AGL,CE,Federal Contract Tower,0,20,27,0,47,0,0,8,0,8,0,20,35,0,55,28,0,28,83
07/19/2022,CGF,OH,AGL,CE,Federal Contract Tower,0,22,22,0,44,0,0,37,0,37,0,22,59,0,81,30,0,30,111
07/20/2022,CGF,OH,AGL,CE,Federal Contract Tower,0,13,15,0,28,0,1,11,0,12,0,14,26,0,40,6,0,6,46
07/21/2022,CGF,OH,AGL,CE,Federal Contract Tower,0,12,12,0,24,0,0,34,0,34,0,12,46,0,58,38,0,38,96
07/22/2022,CGF,OH,AGL,CE,Federal Contract Tower,0,13,19,0,32,0,0,61,0,61,0,13,80,0,93,44,0,44,137
07/23/2022,CGF,OH,AGL,CE,Federal Contract Tower,0,9,9,0,18,0,0,19,0,19,0,9,28,0,37,36,0,36,73
07/24/2022,CGF,OH,AGL,CE,Federal Contract Tower,0,18,18,0,36,0,0,12,0,12,0,18,30,0,48,28,0,28,76
07/25/2022,CGF,OH,AGL,CE,Federal Contract Tower,0,12,21,0,33,0,0,41,0,41,0,12,62,0,74,74,0,74,148
07/26/2022,CGF,OH,AGL,CE,Federal Contract Tower,0,27,17,0,44,0,0,32,0,32,0,27,49,0,76,38,0,38,114
07/27/2022,CGF,OH,AGL,CE,Federal Contract Tower,0,14,27,0,41,0,0,5,0,5,0,14,32,0,46,32,0,32,78
07/28/2022,CGF,OH,AGL,CE,Federal Contract Tower,0,23,27,0,50,0,0,24,0,24,0,23,51,0,74,14,0,14,88
07/29/2022,CGF,OH,AGL,CE,Federal Contract Tower,0,9,15,0,24,0,0,26,0,26,0,9,41,0,50,34,0,34,84
07/30/2022,CGF,OH,AGL,CE,Federal Contract Tower,0,9,10,0,19,0,0,52,0,52,0,9,62,0,71,64,0,64,135
07/31/2022,CGF,OH,AGL,CE,Federal Contract Tower,0,16,19,0,35,0,0,52,0,52,0,16,71,0,87,62,0,62,149
08/01/2022,CGF,OH,AGL,CE,Federal Contract Tower,0,11,14,0,25,0,0,12,0,12,0,11,26,0,37,28,0,28,65
08/02/2022,CGF,OH,AGL,CE,Federal Contract Tower,0,19,38,0,57,0,0,34,0,34,0,19,72,0,91,46,0,46,137
08/03/2022,CGF,OH,AGL,CE,Federal Contract Tower,0,15,14,0,29,0,1,35,0,36,0,16,49,0,65,32,0,32,97
08/04/2022,CGF,OH,AGL,CE,Federal Contract Tower,0,18,25,0,43,0,0,20,0,20,0,18,45,0,63,34,0,34,97
08/05/2022,CGF,OH,AGL,CE,Federal Contract Tower,0,18,20,2,40,0,0,30,0,30,0,18,50,2,70,16,0,16,86
08/06/2022,CGF,OH,AGL,CE,Federal Contract Tower,0,14,8,0,22,0,0,26,0,26,0,14,34,0,48,56,0,56,104
08/07/2022,CGF,OH,AGL,CE,Federal Contract Tower,0,18,15,0,33,0,0,41,0,41,0,18,56,0,74,56,0,56,130
08/08/2022,CGF,OH,AGL,CE,Federal Contract Tower,0,21,16,0,37,0,0,18,0,18,0,21,34,0,55,8,0,8,63
08/09/2022,CGF,OH,AGL,CE,Federal Contract Tower,0,12,20,0,32,0,0,35,0,35,0,12,55,0,67,46,0,46,113
08/10/2022,CGF,OH,AGL,CE,Federal Contract Tower,0,13,27,0,40,0,0,43,0,43,0,13,70,0,83,52,0,52,135
08/11/2022,CGF,OH,AGL,CE,Federal Contract Tower,0,14,17,0,31,0,0,34,0,34,0,14,51,0,65,90,0,90,155
08/12/2022,CGF,OH,AGL,CE,Federal Contract Tower,0,18,15,2,35,0,0,30,0,30,0,18,45,2,65,34,0,34,99
08/13/2022,CGF,OH,AGL,CE,Federal Contract Tower,0,16,21,0,37,0,0,50,0,50,0,16,71,0,87,40,0,40,127
08/14/2022,CGF,OH,AGL,CE,Federal Contract Tower,0,15,14,0,29,0,0,44,0,44,0,15,58,0,73,60,0,60,133
08/15/2022,CGF,OH,AGL,CE,Federal Contract Tower,0,30,31,0,61,0,0,30,1,31,0,30,61,1,92,51,0,51,143
08/16/2022,CGF,OH,AGL,CE,Federal Contract Tower,0,20,20,0,40,0,0,42,0,42,0,20,62,0,82,88,0,88,170
08/17/2022,CGF,OH,AGL,CE,Federal Contract Tower,0,27,24,0,51,0,0,32,0,32,0,27,56,0,83,44,0,44,127
08/18/2022,CGF,OH,AGL,CE,Federal Contract Tower,0,24,17,0,41,0,0,43,0,43,0,24,60,0,84,67,0,67,151
08/19/2022,CGF,OH,AGL,CE,Federal Contract Tower,0,20,18,0,38,0,0,56,0,56,0,20,74,0,94,42,0,42,136
08/20/2022,CGF,OH,AGL,CE,Federal Contract Tower,0,12,14,0,26,0,0,58,0,58,0,12,72,0,84,50,0,50,134
08/21/2022,CGF,OH,AGL,CE,Federal Contract Tower,0,13,9,0,22,0,0,10,0,10,0,13,19,0,32,6,0,6,38
08/22/2022,CGF,OH,AGL,CE,Federal Contract Tower,0,14,15,0,29,0,0,3,0,3,0,14,18,0,32,6,0,6,38
08/23/2022,CGF,OH,AGL,CE,Federal Contract Tower,0,16,19,0,35,0,0,37,0,37,0,16,56,0,72,36,0,36,108
08/24/2022,CGF,OH,AGL,CE,Federal Contract Tower,0,21,20,0,41,0,0,70,0,70,0,21,90,0,111,64,0,64,175
08/25/2022,CGF,OH,AGL,CE,Federal Contract Tower,0,13,20,0,33,0,0,41,0,41,0,13,61,0,74,24,0,24,98
08/26/2022,CGF,OH,AGL,CE,Federal Contract Tower,0,12,21,0,33,0,0,10,0,10,0,12,31,0,43,14,0,14,57
08/27/2022,CGF,OH,AGL,CE,Federal Contract Tower,0,14,14,0,28,0,0,40,0,40,0,14,54,0,68,36,0,36,104
08/28/2022,CGF,OH,AGL,CE,Federal Contract Tower,0,10,15,0,25,0,0,69,0,69,0,10,84,0,94,32,0,32,126
08/29/2022,CGF,OH,AGL,CE,Federal Contract Tower,0,7,18,0,25,0,0,4,0,4,0,7,22,0,29,36,0,36,65
08/30/2022,CGF,OH,AGL,CE,Federal Contract Tower,0,16,12,0,28,0,0,17,0,17,0,16,29,0,45,10,0,10,55
08/31/2022,CGF,OH,AGL,CE,Federal Contract Tower,0,13,24,0,37,0,0,19,0,19,0,13,43,0,56,14,0,14,70
09/01/2022,CGF,OH,AGL,CE,Federal Contract Tower,0,15,20,0,35,0,0,44,0,44,0,15,64,0,79,18,0,18,97
09/02/2022,CGF,OH,AGL,CE,Federal Contract Tower,0,10,25,0,35,0,3,25,0,28,0,13,50,0,63,24,0,24,87
09/03/2022,CGF,OH,AGL,CE,Federal Contract Tower,0,14,6,0,20,0,4,35,0,39,0,18,41,0,59,50,0,50,109
09/04/2022,CGF,OH,AGL,CE,Federal Contract Tower,0,7,12,0,19,0,2,1,0,3,0,9,13,0,22,0,0,0,22
09/05/2022,CGF,OH,AGL,CE,Federal Contract Tower,0,12,26,0,38,0,0,0,0,0,0,12,26,0,38,0,0,0,38
09/06/2022,CGF,OH,AGL,CE,Federal Contract Tower,0,24,25,0,49,0,0,10,0,10,0,24,35,0,59,24,0,24,83
09/07/2022,CGF,OH,AGL,CE,Federal Contract Tower,0,18,30,0,48,0,0,29,0,29,0,18,59,0,77,42,0,42,119
09/08/2022,CGF,OH,AGL,CE,Federal Contract Tower,0,14,19,0,33,0,0,35,0,35,0,14,54,0,68,48,0,48,116
09/09/2022,CGF,OH,AGL,CE,Federal Contract Tower,0,16,26,0,42,0,1,34,0,35,0,17,60,0,77,76,0,76,153
09/10/2022,CGF,OH,AGL,CE,Federal Contract Tower,0,17,15,0,32,0,0,33,0,33,0,17,48,0,65,32,0,32,97
09/11/2022,CGF,OH,AGL,CE,Federal Contract Tower,0,14,33,0,47,0,0,17,0,17,0,14,50,0,64,56,0,56,120
09/12/2022,CGF,OH,AGL,CE,Federal Contract Tower,0,16,16,0,32,0,0,5,0,5,0,16,21,0,37,28,0,28,65
09/13/2022,CGF,OH,AGL,CE,Federal Contract Tower,0,14,27,1,42,0,0,8,0,8,0,14,35,1,50,66,0,66,116
09/14/2022,CGF,OH,AGL,CE,Federal Contract Tower,0,20,30,0,50,0,0,44,0,44,0,20,74,0,94,0,0,0,94
09/15/2022,CGF,OH,AGL,CE,Federal Contract Tower,0,21,40,0,61,0,0,28,0,28,0,21,68,0,89,82,0,82,171
09/17/2022,CGF,OH,AGL,CE,Federal Contract Tower,0,17,13,0,30,0,0,48,0,48,0,17,61,0,78,80,0,80,158
09/18/2022,CGF,OH,AGL,CE,Federal Contract Tower,0,25,20,0,45,0,0,30,0,30,0,25,50,0,75,46,0,46,121
09/19/2022,CGF,OH,AGL,CE,Federal Contract Tower,0,23,25,0,48,0,0,7,0,7,0,23,32,0,55,20,0,20,75
09/20/2022,CGF,OH,AGL,CE,Federal Contract Tower,0,7,19,0,26,0,0,34,0,34,0,7,53,0,60,30,0,30,90
09/21/2022,CGF,OH,AGL,CE,Federal Contract Tower,0,29,28,0,57,0,0,10,0,10,0,29,38,0,67,14,0,14,81
09/22/2022,CGF,OH,AGL,CE,Federal Contract Tower,0,17,25,0,42,0,0,5,0,5,0,17,30,0,47,0,0,0,47
09/23/2022,CGF,OH,AGL,CE,Federal Contract Tower,0,19,27,0,46,0,0,45,0,45,0,19,72,0,91,44,0,44,135
09/24/2022,CGF,OH,AGL,CE,Federal Contract Tower,0,12,8,0,20,0,0,75,0,75,0,12,83,0,95,88,0,88,183
09/25/2022,CGF,OH,AGL,CE,Federal Contract Tower,0,11,18,0,29,0,0,7,0,7,0,11,25,0,36,14,0,14,50
09/26/2022,CGF,OH,AGL,CE,Federal Contract Tower,0,18,13,0,31,0,0,6,0,6,0,18,19,0,37,2,0,2,39
09/27/2022,CGF,OH,AGL,CE,Federal Contract Tower,0,16,9,0,25,0,0,9,0,9,0,16,18,0,34,4,0,4,38
09/28/2022,CGF,OH,AGL,CE,Federal Contract Tower,0,17,18,0,35,0,0,8,0,8,0,17,26,0,43,18,0,18,61
09/29/2022,CGF,OH,AGL,CE,Federal Contract Tower,0,13,26,0,39,0,0,42,0,42,0,13,68,0,81,84,0,84,165
10/01/2022,CGF,OH,AGL,CE,Federal Contract Tower,0,14,9,0,23,0,2,22,0,24,0,16,31,0,47,38,0,38,85
10/02/2022,CGF,OH,AGL,CE,Federal Contract Tower,0,20,14,0,34,0,0,1,0,1,0,20,15,0,35,0,0,0,35
10/03/2022,CGF,OH,AGL,CE,Federal Contract Tower,0,8,19,0,27,0,0,28,0,28,0,8,47,0,55,68,0,68,123
10/04/2022,CGF,OH,AGL,CE,Federal Contract Tower,0,17,18,0,35,0,0,39,0,39,0,17,57,0,74,116,0,116,190
10/05/2022,CGF,OH,AGL,CE,Federal Contract Tower,0,31,24,0,55,0,0,26,0,26,0,31,50,0,81,108,0,108,189
10/06/2022,CGF,OH,AGL,CE,Federal Contract Tower,0,8,23,0,31,0,0,58,0,58,0,8,81,0,89,134,0,134,223
10/07/2022,CGF,OH,AGL,CE,Federal Contract Tower,0,20,33,0,53,0,0,1,0,1,0,20,34,0,54,2,0,2,56
10/08/2022,CGF,OH,AGL,CE,Federal Contract Tower,0,15,14,0,29,0,0,47,0,47,0,15,61,0,76,76,0,76,152
10/09/2022,CGF,OH,AGL,CE,Federal Contract Tower,0,24,24,0,48,0,0,46,0,46,0,24,70,0,94,82,0,82,176
10/10/2022,CGF,OH,AGL,CE,Federal Contract Tower,0,30,18,0,48,0,0,33,0,33,0,30,51,0,81,62,0,62,143
10/11/2022,CGF,OH,AGL,CE,Federal Contract Tower,0,20,36,0,56,0,4,59,0,63,0,24,95,0,119,100,0,100,219
10/12/2022,CGF,OH,AGL,CE,Federal Contract Tower,0,17,29,0,46,0,0,12,0,12,0,17,41,0,58,34,0,34,92
10/13/2022,CGF,OH,AGL,CE,Federal Contract Tower,0,28,21,0,49,0,0,13,0,13,0,28,34,0,62,24,0,24,86
10/14/2022,CGF,OH,AGL,CE,Federal Contract Tower,0,19,14,0,33,0,0,24,0,24,0,19,38,0,57,20,0,20,77
10/15/2022,CGF,OH,AGL,CE,Federal Contract Tower,0,13,10,0,23,0,0,28,0,28,0,13,38,0,51,42,0,42,93
10/16/2022,CGF,OH,AGL,CE,Federal Contract Tower,0,28,24,0,52,0,0,54,0,54,0,28,78,0,106,54,0,54,160
10/17/2022,CGF,OH,AGL,CE,Federal Contract Tower,0,18,25,0,43,0,0,0,0,0,0,18,25,0,43,0,0,0,43
10/18/2022,CGF,OH,AGL,CE,Federal Contract Tower,0,17,9,0,26,0,0,0,0,0,0,17,9,0,26,0,0,0,26
10/19/2022,CGF,OH,AGL,CE,Federal Contract Tower,0,23,15,0,38,0,0,0,0,0,0,23,15,0,38,0,0,0,38
10/20/2022,CGF,OH,AGL,CE,Federal Contract Tower,0,12,18,0,30,0,0,21,0,21,0,12,39,0,51,44,0,44,95
10/21/2022,CGF,OH,AGL,CE,Federal Contract Tower,0,17,22,0,39,0,0,12,0,12,0,17,34,0,51,16,0,16,67
10/22/2022,CGF,OH,AGL,CE,Federal Contract Tower,0,20,10,0,30,0,1,15,0,16,0,21,25,0,46,12,0,12,58
10/23/2022,CGF,OH,AGL,CE,Federal Contract Tower,0,25,17,0,42,0,0,45,0,45,0,25,62,0,87,82,0,82,169
10/25/2022,CGF,OH,AGL,CE,Federal Contract Tower,0,15,12,0,27,0,0,27,0,27,0,15,39,0,54,104,0,104,158
10/26/2022,CGF,OH,AGL,CE,Federal Contract Tower,0,14,11,0,25,0,0,0,0,0,0,14,11,0,25,16,2,18,43
10/27/2022,CGF,OH,AGL,CE,Federal Contract Tower,0,11,23,0,34,0,0,23,0,23,0,11,46,0,57,66,0,66,123
10/28/2022,CGF,OH,AGL,CE,Federal Contract Tower,0,14,19,0,33,0,0,37,0,37,0,14,56,0,70,106,0,106,176
10/29/2022,CGF,OH,AGL,CE,Federal Contract Tower,0,15,8,0,23,0,0,39,0,39,0,15,47,0,62,24,0,24,86
10/30/2022,CGF,OH,AGL,CE,Federal Contract Tower,0,11,11,0,22,0,0,28,0,28,0,11,39,0,50,76,0,76,126
10/31/2022,CGF,OH,AGL,CE,Federal Contract Tower,0,14,2,0,16,0,0,7,0,7,0,14,9,0,23,16,0,16,39
11/01/2022,CGF,OH,AGL,CE,Federal Contract Tower,0,15,4,0,19,0,0,0,0,0,0,15,4,0,19,0,0,0,19
11/02/2022,CGF,OH,AGL,CE,Federal Contract Tower,0,13,12,0,25,0,0,54,0,54,0,13,66,0,79,128,0,128,207
11/03/2022,CGF,OH,AGL,CE,Federal Contract Tower,0,30,16,0,46,0,4,31,0,35,0,34,47,0,81,94,0,94,175
11/04/2022,CGF,OH,AGL,CE,Federal Contract Tower,0,16,13,0,29,0,0,22,0,22,0,16,35,0,51,24,0,24,75
11/05/2022,CGF,OH,AGL,CE,Federal Contract Tower,0,11,8,0,19,0,0,4,0,4,0,11,12,0,23,2,0,2,25
11/06/2022,CGF,OH,AGL,CE,Federal Contract Tower,0,16,12,0,28,0,0,53,0,53,0,16,65,0,81,30,0,30,111
11/07/2022,CGF,OH,AGL,CE,Federal Contract Tower,0,19,13,0,32,0,0,31,0,31,0,19,44,0,63,0,0,0,63
11/08/2022,CGF,OH,AGL,CE,Federal Contract Tower,0,15,14,0,29,0,0,38,0,38,0,15,52,0,67,58,0,58,125
11/09/2022,CGF,OH,AGL,CE,Federal Contract Tower,0,10,13,0,23,0,0,33,0,33,0,10,46,0,56,62,0,62,118
11/10/2022,CGF,OH,AGL,CE,Federal Contract Tower,0,13,16,0,29,0,0,27,0,27,0,13,43,0,56,22,0,22,78
11/11/2022,CGF,OH,AGL,CE,Federal Contract Tower,0,14,18,0,32,0,0,0,0,0,0,14,18,0,32,0,0,0,32
11/12/2022,CGF,OH,AGL,CE,Federal Contract Tower,0,8,5,0,13,0,0,0,0,0,0,8,5,0,13,0,0,0,13
11/13/2022,CGF,OH,AGL,CE,Federal Contract Tower,0,13,12,0,25,0,0,1,0,1,0,13,13,0,26,0,0,0,26
11/14/2022,CGF,OH,AGL,CE,Federal Contract Tower,0,20,12,0,32,0,0,4,0,4,0,20,16,0,36,6,0,6,42
11/15/2022,CGF,OH,AGL,CE,Federal Contract Tower,0,12,28,0,40,0,0,5,0,5,0,12,33,0,45,6,0,6,51
11/16/2022,CGF,OH,AGL,CE,Federal Contract Tower,0,12,9,0,21,0,0,11,0,11,0,12,20,0,32,16,0,16,48
11/17/2022,CGF,OH,AGL,CE,Federal Contract Tower,0,15,13,0,28,0,0,0,0,0,0,15,13,0,28,0,0,0,28
11/18/2022,CGF,OH,AGL,CE,Federal Contract Tower,0,26,14,0,40,0,0,3,0,3,0,26,17,0,43,0,0,0,43
11/19/2022,CGF,OH,AGL,CE,Federal Contract Tower,0,13,10,0,23,0,0,9,0,9,0,13,19,0,32,24,0,24,56
11/20/2022,CGF,OH,AGL,CE,Federal Contract Tower,0,7,5,0,12,0,0,6,0,6,0,7,11,0,18,10,0,10,28
11/21/2022,CGF,OH,AGL,CE,Federal Contract Tower,0,21,7,0,28,0,0,0,0,0,0,21,7,0,28,0,0,0,28
11/22/2022,CGF,OH,AGL,CE,Federal Contract Tower,0,31,24,0,55,0,0,44,0,44,0,31,68,0,99,92,0,92,191
11/23/2022,CGF,OH,AGL,CE,Federal Contract Tower,0,21,26,0,47,0,0,62,0,62,0,21,88,0,109,98,0,98,207
11/24/2022,CGF,OH,AGL,CE,Federal Contract Tower,0,15,2,0,17,0,0,25,0,25,0,15,27,0,42,38,0,38,80
11/25/2022,CGF,OH,AGL,CE,Federal Contract Tower,0,11,6,0,17,0,0,17,0,17,0,11,23,0,34,12,0,12,46
11/26/2022,CGF,OH,AGL,CE,Federal Contract Tower,0,21,19,0,40,0,0,36,0,36,0,21,55,0,76,38,0,38,114
11/27/2022,CGF,OH,AGL,CE,Federal Contract Tower,0,26,15,0,41,0,0,0,0,0,0,26,15,0,41,0,0,0,41
11/28/2022,CGF,OH,AGL,CE,Federal Contract Tower,0,28,21,0,49,0,0,6,0,6,0,28,27,0,55,0,0,0,55
11/29/2022,CGF,OH,AGL,CE,Federal Contract Tower,0,14,11,0,25,0,0,21,0,21,0,14,32,0,46,58,0,58,104
11/30/2022,CGF,OH,AGL,CE,Federal Contract Tower,0,18,12,0,30,0,0,0,0,0,0,18,12,0,30,0,0,0,30
12/01/2022,CGF,OH,AGL,CE,Federal Contract Tower,0,19,7,0,26,0,0,19,0,19,0,19,26,0,45,58,0,58,103
12/02/2022,CGF,OH,AGL,CE,Federal Contract Tower,0,5,10,0,15,0,0,4,0,4,0,5,14,0,19,0,0,0,19
12/03/2022,CGF,OH,AGL,CE,Federal Contract Tower,0,5,5,0,10,0,0,0,0,0,0,5,5,0,10,0,0,0,10
12/04/2022,CGF,OH,AGL,CE,Federal Contract Tower,0,17,16,0,33,0,0,56,0,56,0,17,72,0,89,56,0,56,145
12/05/2022,CGF,OH,AGL,CE,Federal Contract Tower,0,22,13,0,35,0,0,21,0,21,0,22,34,0,56,48,0,48,104
12/06/2022,CGF,OH,AGL,CE,Federal Contract Tower,0,12,13,0,25,0,0,0,0,0,0,12,13,0,25,0,0,0,25
12/07/2022,CGF,OH,AGL,CE,Federal Contract Tower,0,11,14,0,25,0,0,0,0,0,0,11,14,0,25,0,0,0,25
12/08/2022,CGF,OH,AGL,CE,Federal Contract Tower,0,16,25,0,41,0,0,2,0,2,0,16,27,0,43,0,0,0,43
12/09/2022,CGF,OH,AGL,CE,Federal Contract Tower,0,12,15,0,27,0,0,18,0,18,0,12,33,0,45,56,0,56,101
12/10/2022,CGF,OH,AGL,CE,Federal Contract Tower,0,14,13,0,27,0,0,12,0,12,0,14,25,0,39,50,0,50,89
12/11/2022,CGF,OH,AGL,CE,Federal Contract Tower,0,13,13,0,26,0,0,0,0,0,0,13,13,0,26,0,0,0,26
12/12/2022,CGF,OH,AGL,CE,Federal Contract Tower,0,9,20,0,29,0,0,1,0,1,0,9,21,0,30,0,0,0,30
12/13/2022,CGF,OH,AGL,CE,Federal Contract Tower,0,4,35,0,39,0,0,34,0,34,0,4,69,0,73,48,0,48,121
12/14/2022,CGF,OH,AGL,CE,Federal Contract Tower,0,13,13,0,26,0,0,16,0,16,0,13,29,0,42,39,0,39,81
12/15/2022,CGF,OH,AGL,CE,Federal Contract Tower,0,14,10,0,24,0,0,0,0,0,0,14,10,0,24,0,0,0,24
12/16/2022,CGF,OH,AGL,CE,Federal Contract Tower,0,16,20,0,36,0,0,20,0,20,0,16,40,0,56,24,0,24,80
12/17/2022,CGF,OH,AGL,CE,Federal Contract Tower,0,16,13,0,29,0,0,8,0,8,0,16,21,0,37,14,0,14,51
12/18/2022,CGF,OH,AGL,CE,Federal Contract Tower,0,11,4,0,15,0,0,0,0,0,0,11,4,0,15,0,0,0,15
12/19/2022,CGF,OH,AGL,CE,Federal Contract Tower,0,14,18,0,32,0,0,2,0,2,0,14,20,0,34,0,0,0,34
12/20/2022,CGF,OH,AGL,CE,Federal Contract Tower,0,12,10,0,22,0,0,24,0,24,0,12,34,0,46,42,0,42,88
12/21/2022,CGF,OH,AGL,CE,Federal Contract Tower,0,14,13,0,27,0,0,11,0,11,0,14,24,0,38,6,0,6,44
12/22/2022,CGF,OH,AGL,CE,Federal Contract Tower,0,14,16,0,30,0,1,0,0,1,0,15,16,0,31,0,0,0,31
12/23/2022,CGF,OH,AGL,CE,Federal Contract Tower,0,0,1,0,1,0,0,0,0,0,0,0,1,0,1,0,0,0,1
12/24/2022,CGF,OH,AGL,CE,Federal Contract Tower,0,13,4,0,17,0,0,0,0,0,0,13,4,0,17,0,0,0,17
12/25/2022,CGF,OH,AGL,CE,Federal Contract Tower,0,8,0,0,8,0,0,0,0,0,0,8,0,0,8,0,0,0,8
12/26/2022,CGF,OH,AGL,CE,Federal Contract Tower,0,12,8,0,20,0,0,1,0,1,0,12,9,0,21,0,0,0,21
12/27/2022,CGF,OH,AGL,CE,Federal Contract Tower,0,14,16,0,30,0,0,4,0,4,0,14,20,0,34,14,0,14,48
12/28/2022,CGF,OH,AGL,CE,Federal Contract Tower,0,20,8,0,28,0,0,3,0,3,0,20,11,0,31,10,0,10,41
12/29/2022,CGF,OH,AGL,CE,Federal Contract Tower,0,4,7,0,11,0,0,1,0,1,0,4,8,0,12,0,0,0,12
12/30/2022,CGF,OH,AGL,CE,Federal Contract Tower,0,16,11,0,27,0,0,1,0,1,0,16,12,0,28,0,0,0,28
12/31/2022,CGF,OH,AGL,CE,Federal Contract Tower,0,7,2,0,9,0,0,0,0,0,0,7,2,0,9,0,0,0,9
01/01/2023,CGF,OH,AGL,CE,Federal Contract Tower,0,8,2,0,10,0,0,2,0,2,0,8,4,0,12,0,0,0,12
01/02/2023,CGF,OH,AGL,CE,Federal Contract Tower,0,16,15,0,31,0,0,1,0,1,0,16,16,0,32,0,0,0,32
01/03/2023,CGF,OH,AGL,CE,Federal Contract Tower,0,11,11,0,22,0,0,0,0,0,0,11,11,0,22,0,0,0,22
01/04/2023,CGF,OH,AGL,CE,Federal Contract Tower,0,14,13,0,27,0,0,4,0,4,0,14,17,0,31,10,0,10,41
01/05/2023,CGF,OH,AGL,CE,Federal Contract Tower,0,15,7,0,22,0,1,28,0,29,0,16,35,0,51,70,0,70,121
01/06/2023,CGF,OH,AGL,CE,Federal Contract Tower,0,4,11,0,15,0,0,0,0,0,0,4,11,0,15,0,0,0,15
01/07/2023,CGF,OH,AGL,CE,Federal Contract Tower,0,12,7,0,19,0,0,0,0,0,0,12,7,0,19,0,0,0,19
01/08/2023,CGF,OH,AGL,CE,Federal Contract Tower,0,21,9,0,30,0,0,8,0,8,0,21,17,0,38,34,0,34,72
01/09/2023,CGF,OH,AGL,CE,Federal Contract Tower,0,15,9,0,24,0,0,17,0,17,0,15,26,0,41,50,0,50,91
01/10/2023,CGF,OH,AGL,CE,Federal Contract Tower,0,12,11,0,23,0,0,12,0,12,0,12,23,0,35,40,0,40,75
01/11/2023,CGF,OH,AGL,CE,Federal Contract Tower,0,7,17,0,24,0,0,44,0,44,0,7,61,0,68,30,0,30,98
01/12/2023,CGF,OH,AGL,CE,Federal Contract Tower,0,7,21,0,28,0,0,1,0,1,0,7,22,0,29,0,0,0,29
01/13/2023,CGF,OH,AGL,CE,Federal Contract Tower,0,3,2,0,5,0,0,0,0,0,0,3,2,0,5,0,0,0,5
01/14/2023,CGF,OH,AGL,CE,Federal Contract Tower,0,5,6,0,11,0,0,0,0,0,0,5,6,0,11,0,0,0,11
01/15/2023,CGF,OH,AGL,CE,Federal Contract Tower,0,19,12,0,31,0,0,29,0,29,0,19,41,0,60,60,0,60,120
01/16/2023,CGF,OH,AGL,CE,Federal Contract Tower,0,16,16,0,32,0,1,15,0,16,0,17,31,0,48,26,0,26,74
01/17/2023,CGF,OH,AGL,CE,Federal Contract Tower,0,14,21,0,35,0,0,8,0,8,0,14,29,0,43,32,0,32,75
01/18/2023,CGF,OH,AGL,CE,Federal Contract Tower,0,13,10,0,23,0,0,0,0,0,0,13,10,0,23,0,0,0,23
01/19/2023,CGF,OH,AGL,CE,Federal Contract Tower,0,21,15,2,38,0,0,8,0,8,0,21,23,2,46,20,0,20,66
01/20/2023,CGF,OH,AGL,CE,Federal Contract Tower,0,13,19,0,32,0,0,2,0,2,0,13,21,0,34,0,0,0,34
01/21/2023,CGF,OH,AGL,CE,Federal Contract Tower,0,10,5,0,15,0,0,10,0,10,0,10,15,0,25,6,0,6,31
01/22/2023,CGF,OH,AGL,CE,Federal Contract Tower,0,7,2,0,9,0,0,4,0,4,0,7,6,0,13,8,0,8,21
01/23/2023,CGF,OH,AGL,CE,Federal Contract Tower,0,11,17,0,28,0,0,0,0,0,0,11,17,0,28,0,0,0,28
01/24/2023,CGF,OH,AGL,CE,Federal Contract Tower,0,12,9,0,21,0,0,6,0,6,0,12,15,0,27,16,0,16,43
01/25/2023,CGF,OH,AGL,CE,Federal Contract Tower,0,13,6,0,19,0,0,6,0,6,0,13,12,0,25,0,0,0,25
01/26/2023,CGF,OH,AGL,CE,Federal Contract Tower,0,4,13,0,17,0,0,0,0,0,0,4,13,0,17,0,0,0,17
01/27/2023,CGF,OH,AGL,CE,Federal Contract Tower,0,7,7,0,14,0,0,1,0,1,0,7,8,0,15,0,0,0,15
01/28/2023,CGF,OH,AGL,CE,Federal Contract Tower,0,4,11,0,15,0,0,10,0,10,0,4,21,0,25,12,0,12,37
01/29/2023,CGF,OH,AGL,CE,Federal Contract Tower,0,7,7,0,14,0,0,0,0,0,0,7,7,0,14,0,0,0,14
01/30/2023,CGF,OH,AGL,CE,Federal Contract Tower,0,11,5,0,16,0,0,0,0,0,0,11,5,0,16,0,0,0,16
02/01/2023,CGF,OH,AGL,CE,Federal Contract Tower,0,5,12,0,17,0,0,22,0,22,0,5,34,0,39,48,0,48,87
02/02/2023,CGF,OH,AGL,CE,Federal Contract Tower,0,8,15,0,23,0,0,15,0,15,0,8,30,0,38,14,0,14,52
02/03/2023,CGF,OH,AGL,CE,Federal Contract Tower,0,8,10,0,18,0,0,0,0,0,0,8,10,0,18,0,0,0,18
02/04/2023,CGF,OH,AGL,CE,Federal Contract Tower,0,11,5,0,16,0,0,9,0,9,0,11,14,0,25,18,0,18,43
02/05/2023,CGF,OH,AGL,CE,Federal Contract Tower,0,8,6,0,14,0,0,4,0,4,0,8,10,0,18,0,0,0,18
02/06/2023,CGF,OH,AGL,CE,Federal Contract Tower,0,12,14,0,26,0,0,3,0,3,0,12,17,0,29,10,0,10,39
02/07/2023,CGF,OH,AGL,CE,Federal Contract Tower,0,12,11,0,23,0,4,0,0,4,0,16,11,0,27,0,0,0,27
02/08/2023,CGF,OH,AGL,CE,Federal Contract Tower,0,15,10,0,25,0,0,32,0,32,0,15,42,0,57,74,0,74,131
02/09/2023,CGF,OH,AGL,CE,Federal Contract Tower,0,19,17,0,36,0,0,0,0,0,0,19,17,0,36,0,0,0,36
02/10/2023,CGF,OH,AGL,CE,Federal Contract Tower,0,7,22,0,29,0,0,7,0,7,0,7,29,0,36,2,0,2,38
02/11/2023,CGF,OH,AGL,CE,Federal Contract Tower,0,5,2,0,7,0,35,0,0,35,0,40,2,0,42,56,0,56,98
02/12/2023,CGF,OH,AGL,CE,Federal Contract Tower,0,8,5,0,13,0,0,33,0,33,0,8,38,0,46,22,0,22,68
02/13/2023,CGF,OH,AGL,CE,Federal Contract Tower,0,9,5,0,14,0,0,15,0,15,0,9,20,0,29,2,0,2,31
02/14/2023,CGF,OH,AGL,CE,Federal Contract Tower,0,15,8,0,23,0,0,11,0,11,0,15,19,0,34,58,0,58,92
02/15/2023,CGF,OH,AGL,CE,Federal Contract Tower,0,12,6,0,18,0,0,4,0,4,0,12,10,0,22,0,0,0,22
02/16/2023,CGF,OH,AGL,CE,Federal Contract Tower,0,14,13,0,27,0,0,1,0,1,0,14,14,0,28,0,0,0,28
02/17/2023,CGF,OH,AGL,CE,Federal Contract Tower,0,5,5,0,10,0,0,0,0,0,0,5,5,0,10,0,0,0,10
02/18/2023,CGF,OH,AGL,CE,Federal Contract Tower,0,8,9,0,17,0,0,19,0,19,0,8,28,0,36,26,0,26,62
02/19/2023,CGF,OH,AGL,CE,Federal Contract Tower,0,14,15,0,29,0,0,19,0,19,0,14,34,0,48,16,0,16,64
02/20/2023,CGF,OH,AGL,CE,Federal Contract Tower,0,12,32,0,44,0,0,18,0,18,0,12,50,0,62,14,0,14,76
02/21/2023,CGF,OH,AGL,CE,Federal Contract Tower,0,23,16,0,39,0,1,8,0,9,0,24,24,0,48,10,2,12,60
02/22/2023,CGF,OH,AGL,CE,Federal Contract Tower,0,16,5,0,21,0,0,1,0,1,0,16,6,0,22,0,0,0,22
02/23/2023,CGF,OH,AGL,CE,Federal Contract Tower,0,9,14,0,23,0,0,3,0,3,0,9,17,0,26,0,0,0,26
02/24/2023,CGF,OH,AGL,CE,Federal Contract Tower,0,13,8,1,22,0,0,7,0,7,0,13,15,1,29,30,0,30,59
02/25/2023,CGF,OH,AGL,CE,Federal Contract Tower,0,18,6,0,24,0,0,11,0,11,0,18,17,0,35,42,0,42,77
02/26/2023,CGF,OH,AGL,CE,Federal Contract Tower,0,9,10,0,19,0,0,21,0,21,0,9,31,0,40,40,0,40,80
02/27/2023,CGF,OH,AGL,CE,Federal Contract Tower,0,20,14,0,34,0,0,0,0,0,0,20,14,0,34,0,0,0,34
02/28/2023,CGF,OH,AGL,CE,Federal Contract Tower,0,21,21,0,42,0,0,0,0,0,0,21,21,0,42,0,0,0,42
03/01/2023,CGF,OH,AGL,CE,Federal Contract Tower,0,11,27,0,38,0,0,39,0,39,0,11,66,0,77,78,0,78,155
03/02/2023,CGF,OH,AGL,CE,Federal Contract Tower,0,18,15,0,33,0,0,2,0,2,0,18,17,0,35,2,0,2,37
03/03/2023,CGF,OH,AGL,CE,Federal Contract Tower,0,13,10,0,23,0,0,4,0,4,0,13,14,0,27,14,0,14,41
03/04/2023,CGF,OH,AGL,CE,Federal Contract Tower,0,9,6,0,15,0,0,5,0,5,0,9,11,0,20,0,0,0,20
03/05/2023,CGF,OH,AGL,CE,Federal Contract Tower,0,10,18,0,28,0,0,23,0,23,0,10,41,0,51,22,0,22,73
03/06/2023,CGF,OH,AGL,CE,Federal Contract Tower,0,12,16,0,28,0,0,5,0,5,0,12,21,0,33,8,0,8,41
03/07/2023,CGF,OH,AGL,CE,Federal Contract Tower,0,21,25,0,46,0,0,10,0,10,0,21,35,0,56,0,0,0,56
03/08/2023,CGF,OH,AGL,CE,Federal Contract Tower,0,9,19,0,28,0,0,25,0,25,0,9,44,0,53,46,0,46,99
03/09/2023,CGF,OH,AGL,CE,Federal Contract Tower,0,23,33,0,56,0,0,25,0,25,0,23,58,0,81,48,0,48,129
03/10/2023,CGF,OH,AGL,CE,Federal Contract Tower,0,11,8,0,19,0,0,0,0,0,0,11,8,0,19,0,0,0,19
03/11/2023,CGF,OH,AGL,CE,Federal Contract Tower,0,14,1,0,15,0,0,0,0,0,0,14,1,0,15,14,0,14,29
03/12/2023,CGF,OH,AGL,CE,Federal Contract Tower,0,11,22,0,33,0,0,0,0,0,0,11,22,0,33,0,0,0,33
03/13/2023,CGF,OH,AGL,CE,Federal Contract Tower,0,17,9,0,26,0,0,0,0,0,0,17,9,0,26,0,0,0,26
03/14/2023,CGF,OH,AGL,CE,Federal Contract Tower,0,11,9,0,20,0,0,1,0,1,0,11,10,0,21,0,0,0,21
03/15/2023,CGF,OH,AGL,CE,Federal Contract Tower,0,15,5,0,20,0,0,15,0,15,0,15,20,0,35,20,0,20,55
03/16/2023,CGF,OH,AGL,CE,Federal Contract Tower,0,8,16,1,25,0,0,17,0,17,0,8,33,1,42,14,0,14,56
03/17/2023,CGF,OH,AGL,CE,Federal Contract Tower,0,10,16,0,26,0,0,0,0,0,0,10,16,0,26,0,0,0,26
03/18/2023,CGF,OH,AGL,CE,Federal Contract Tower,0,14,9,0,23,0,0,1,0,1,0,14,10,0,24,0,0,0,24
03/19/2023,CGF,OH,AGL,CE,Federal Contract Tower,0,7,10,0,17,0,0,1,0,1,0,7,11,0,18,0,0,0,18
03/20/2023,CGF,OH,AGL,CE,Federal Contract Tower,0,20,21,0,41,0,4,4,0,8,0,24,25,0,49,0,0,0,49
03/21/2023,CGF,OH,AGL,CE,Federal Contract Tower,0,9,17,0,26,0,0,36,0,36,0,9,53,0,62,88,0,88,150
03/22/2023,CGF,OH,AGL,CE,Federal Contract Tower,0,8,14,0,22,0,0,6,0,6,0,8,20,0,28,14,0,14,42
03/23/2023,CGF,OH,AGL,CE,Federal Contract Tower,0,21,14,0,35,0,0,0,0,0,0,21,14,0,35,0,0,0,35
03/24/2023,CGF,OH,AGL,CE,Federal Contract Tower,0,18,13,0,31,0,0,10,0,10,0,18,23,0,41,14,0,14,55
03/25/2023,CGF,OH,AGL,CE,Federal Contract Tower,0,11,7,0,18,0,0,0,0,0,0,11,7,0,18,0,0,0,18
03/26/2023,CGF,OH,AGL,CE,Federal Contract Tower,0,10,29,0,39,0,0,39,0,39,0,10,68,0,78,26,0,26,104
03/27/2023,CGF,OH,AGL,CE,Federal Contract Tower,0,18,17,0,35,0,0,0,0,0,0,18,17,0,35,0,0,0,35
03/28/2023,CGF,OH,AGL,CE,Federal Contract Tower,0,14,14,0,28,0,0,16,0,16,0,14,30,0,44,48,0,48,92
03/29/2023,CGF,OH,AGL,CE,Federal Contract Tower,0,13,8,0,21,0,0,5,0,5,0,13,13,0,26,8,0,8,34
03/30/2023,CGF,OH,AGL,CE,Federal Contract Tower,0,16,23,0,39,0,0,29,0,29,0,16,52,0,68,42,0,42,110
03/31/2023,CGF,OH,AGL,CE,Federal Contract Tower,0,15,13,0,28,0,0,0,0,0,0,15,13,0,28,0,0,0,28
04/01/2023,CGF,OH,AGL,CE,Federal Contract Tower,0,7,7,0,14,0,0,1,0,1,0,7,8,0,15,0,0,0,15
04/02/2023,CGF,OH,AGL,CE,Federal Contract Tower,0,20,19,0,39,0,0,46,0,46,0,20,65,0,85,38,0,38,123
04/03/2023,CGF,OH,AGL,CE,Federal Contract Tower,0,8,18,0,26,0,0,22,0,22,0,8,40,0,48,110,0,110,158
04/04/2023,CGF,OH,AGL,CE,Federal Contract Tower,0,14,9,0,23,0,0,31,0,31,0,14,40,0,54,44,0,44,98
04/05/2023,CGF,OH,AGL,CE,Federal Contract Tower,0,8,10,0,18,0,0,4,0,4,0,8,14,0,22,14,0,14,36
04/06/2023,CGF,OH,AGL,CE,Federal Contract Tower,0,17,24,0,41,0,0,10,0,10,0,17,34,0,51,38,0,38,89
04/07/2023,CGF,OH,AGL,CE,Federal Contract Tower,0,10,19,0,29,0,0,27,0,27,0,10,46,0,56,52,0,52,108
04/08/2023,CGF,OH,AGL,CE,Federal Contract Tower,0,3,13,0,16,0,0,22,0,22,0,3,35,0,38,4,0,4,42
04/09/2023,CGF,OH,AGL,CE,Federal Contract Tower,0,19,12,0,31,0,0,10,0,10,0,19,22,0,41,8,0,8,49
04/10/2023,CGF,OH,AGL,CE,Federal Contract Tower,0,20,24,0,44,0,0,36,0,36,0,20,60,0,80,64,0,64,144
04/11/2023,CGF,OH,AGL,CE,Federal Contract Tower,0,26,17,0,43,0,0,18,0,18,0,26,35,0,61,32,0,32,93
04/12/2023,CGF,OH,AGL,CE,Federal Contract Tower,0,21,25,0,46,0,0,5,0,5,0,21,30,0,51,6,0,6,57
04/13/2023,CGF,OH,AGL,CE,Federal Contract Tower,0,9,23,0,32,0,0,45,0,45,0,9,68,0,77,70,0,70,147
04/14/2023,CGF,OH,AGL,CE,Federal Contract Tower,0,9,23,0,32,0,0,27,0,27,0,9,50,0,59,50,0,50,109
04/15/2023,CGF,OH,AGL,CE,Federal Contract Tower,0,13,11,0,24,0,0,30,0,30,0,13,41,0,54,40,0,40,94
04/16/2023,CGF,OH,AGL,CE,Federal Contract Tower,0,20,14,0,34,0,0,5,0,5,0,20,19,0,39,2,0,2,41
04/17/2023,CGF,OH,AGL,CE,Federal Contract Tower,0,18,24,0,42,0,0,1,0,1,0,18,25,0,43,0,0,0,43
04/18/2023,CGF,OH,AGL,CE,Federal Contract Tower,0,15,23,0,38,0,0,4,0,4,0,15,27,0,42,0,0,0,42
04/19/2023,CGF,OH,AGL,CE,Federal Contract Tower,0,19,31,0,50,0,0,29,0,29,0,19,60,0,79,22,0,22,101
04/20/2023,CGF,OH,AGL,CE,Federal Contract Tower,0,16,23,0,39,0,0,39,1,40,0,16,62,1,79,56,2,58,137
04/21/2023,CGF,OH,AGL,CE,Federal Contract Tower,0,10,13,0,23,0,0,14,0,14,0,10,27,0,37,20,0,20,57
04/22/2023,CGF,OH,AGL,CE,Federal Contract Tower,0,11,8,0,19,0,0,2,0,2,0,11,10,0,21,4,0,4,25
04/23/2023,CGF,OH,AGL,CE,Federal Contract Tower,0,14,19,0,33,0,0,8,0,8,0,14,27,0,41,20,0,20,61
04/24/2023,CGF,OH,AGL,CE,Federal Contract Tower,0,13,18,0,31,0,0,0,0,0,0,13,18,0,31,8,0,8,39
04/25/2023,CGF,OH,AGL,CE,Federal Contract Tower,0,10,21,0,31,0,0,19,0,19,0,10,40,0,50,82,0,82,132
04/26/2023,CGF,OH,AGL,CE,Federal Contract Tower,0,17,25,0,42,0,0,28,0,28,0,17,53,0,70,110,0,110,180
04/27/2023,CGF,OH,AGL,CE,Federal Contract Tower,0,19,31,0,50,0,0,46,0,46,0,19,77,0,96,50,0,50,146
04/28/2023,CGF,OH,AGL,CE,Federal Contract Tower,0,29,7,0,36,0,0,1,0,1,0,29,8,0,37,0,0,0,37
04/29/2023,CGF,OH,AGL,CE,Federal Contract Tower,0,13,6,0,19,0,0,4,0,4,0,13,10,0,23,0,0,0,23
04/30/2023,CGF,OH,AGL,CE,Federal Contract Tower,0,17,11,0,28,0,0,4,0,4,0,17,15,0,32,2,0,2,34
05/01/2023,CGF,OH,AGL,CE,Federal Contract Tower,0,11,11,0,22,0,0,1,0,1,0,11,12,0,23,0,0,0,23
05/02/2023,CGF,OH,AGL,CE,Federal Contract Tower,0,19,18,0,37,0,0,0,0,0,0,19,18,0,37,0,0,0,37
05/03/2023,CGF,OH,AGL,CE,Federal Contract Tower,0,15,24,0,39,0,0,0,0,0,0,15,24,0,39,0,0,0,39
05/04/2023,CGF,OH,AGL,CE,Federal Contract Tower,0,24,14,0,38,0,0,13,0,13,0,24,27,0,51,16,0,16,67
05/05/2023,CGF,OH,AGL,CE,Federal Contract Tower,0,7,16,0,23,0,0,42,0,42,0,7,58,0,65,80,0,80,145
05/06/2023,CGF,OH,AGL,CE,Federal Contract Tower,0,7,2,0,9,0,0,34,0,34,0,7,36,0,43,28,0,28,71
05/07/2023,CGF,OH,AGL,CE,Federal Contract Tower,0,12,9,0,21,0,0,8,0,8,0,12,17,0,29,2,0,2,31
05/08/2023,CGF,OH,AGL,CE,Federal Contract Tower,0,12,12,0,24,0,0,13,0,13,0,12,25,0,37,18,0,18,55
05/09/2023,CGF,OH,AGL,CE,Federal Contract Tower,0,18,12,0,30,0,0,26,0,26,0,18,38,0,56,44,0,44,100
05/10/2023,CGF,OH,AGL,CE,Federal Contract Tower,0,13,42,0,55,0,0,30,0,30,0,13,72,0,85,40,0,40,125
05/11/2023,CGF,OH,AGL,CE,Federal Contract Tower,0,20,39,0,59,0,0,44,0,44,0,20,83,0,103,32,0,32,135
05/12/2023,CGF,OH,AGL,CE,Federal Contract Tower,0,17,27,0,44,0,0,18,0,18,0,17,45,0,62,12,0,12,74
05/13/2023,CGF,OH,AGL,CE,Federal Contract Tower,0,19,11,0,30,0,0,19,0,19,0,19,30,0,49,30,0,30,79
05/14/2023,CGF,OH,AGL,CE,Federal Contract Tower,0,17,11,0,28,0,0,15,0,15,0,17,26,0,43,4,0,4,47
05/15/2023,CGF,OH,AGL,CE,Federal Contract Tower,0,18,14,0,32,0,0,26,0,26,0,18,40,0,58,44,0,44,102
05/16/2023,CGF,OH,AGL,CE,Federal Contract Tower,0,21,25,0,46,0,0,28,0,28,0,21,53,0,74,60,0,60,134
05/17/2023,CGF,OH,AGL,CE,Federal Contract Tower,0,36,19,0,55,0,0,37,0,37,0,36,56,0,92,90,0,90,182
05/18/2023,CGF,OH,AGL,CE,Federal Contract Tower,0,23,30,0,53,0,0,36,0,36,0,23,66,0,89,36,0,36,125
05/19/2023,CGF,OH,AGL,CE,Federal Contract Tower,0,27,25,0,52,0,0,24,0,24,0,27,49,0,76,38,0,38,114
05/20/2023,CGF,OH,AGL,CE,Federal Contract Tower,0,17,5,0,22,0,0,4,0,4,0,17,9,0,26,2,0,2,28
05/21/2023,CGF,OH,AGL,CE,Federal Contract Tower,0,22,9,0,31,0,0,48,0,48,0,22,57,0,79,64,0,64,143
05/22/2023,CGF,OH,AGL,CE,Federal Contract Tower,0,24,16,0,40,0,0,25,0,25,0,24,41,0,65,20,0,20,85
05/23/2023,CGF,OH,AGL,CE,Federal Contract Tower,0,30,18,0,48,0,0,29,1,30,0,30,47,1,78,36,0,36,114
05/24/2023,CGF,OH,AGL,CE,Federal Contract Tower,0,16,29,0,45,0,0,23,0,23,0,16,52,0,68,4,0,4,72
05/25/2023,CGF,OH,AGL,CE,Federal Contract Tower,0,26,22,0,48,0,0,29,0,29,0,26,51,0,77,26,0,26,103
05/26/2023,CGF,OH,AGL,CE,Federal Contract Tower,0,16,20,0,36,0,6,35,0,41,0,22,55,0,77,24,0,24,101
05/27/2023,CGF,OH,AGL,CE,Federal Contract Tower,0,7,13,0,20,0,0,35,0,35,0,7,48,0,55,78,0,78,133
05/28/2023,CGF,OH,AGL,CE,Federal Contract Tower,0,11,9,0,20,0,0,30,0,30,0,11,39,0,50,50,0,50,100
05/29/2023,CGF,OH,AGL,CE,Federal Contract Tower,0,8,7,0,15,0,0,40,0,40,0,8,47,0,55,6,0,6,61
05/30/2023,CGF,OH,AGL,CE,Federal Contract Tower,0,9,19,0,28,0,0,25,0,25,0,9,44,0,53,36,0,36,89
05/31/2023,CGF,OH,AGL,CE,Federal Contract Tower,0,10,15,0,25,0,0,27,0,27,0,10,42,0,52,18,0,18,70
06/01/2023,CGF,OH,AGL,CE,Federal Contract Tower,0,26,19,0,45,0,0,34,0,34,0,26,53,0,79,12,0,12,91
06/02/2023,CGF,OH,AGL,CE,Federal Contract Tower,0,21,12,0,33,0,0,30,0,30,0,21,42,0,63,16,0,16,79
06/03/2023,CGF,OH,AGL,CE,Federal Contract Tower,0,14,9,0,23,0,0,26,0,26,0,14,35,0,49,30,0,30,79
06/04/2023,CGF,OH,AGL,CE,Federal Contract Tower,0,16,25,0,41,0,0,13,0,13,0,16,38,0,54,0,0,0,54
06/05/2023,CGF,OH,AGL,CE,Federal Contract Tower,0,22,21,0,43,0,2,22,0,24,0,24,43,0,67,24,0,24,91
06/06/2023,CGF,OH,AGL,CE,Federal Contract Tower,0,17,19,0,36,0,0,10,0,10,0,17,29,0,46,38,0,38,84
06/07/2023,CGF,OH,AGL,CE,Federal Contract Tower,0,19,6,0,25,0,0,30,0,30,0,19,36,0,55,28,0,28,83
06/08/2023,CGF,OH,AGL,CE,Federal Contract Tower,0,21,16,0,37,0,0,29,0,29,0,21,45,0,66,32,0,32,98
06/09/2023,CGF,OH,AGL,CE,Federal Contract Tower,0,10,12,0,22,0,0,12,0,12,0,10,24,0,34,16,0,16,50
06/10/2023,CGF,OH,AGL,CE,Federal Contract Tower,0,19,7,0,26,0,0,27,0,27,0,19,34,0,53,18,0,18,71
06/11/2023,CGF,OH,AGL,CE,Federal Contract Tower,0,29,20,0,49,0,0,25,0,25,0,29,45,0,74,66,0,66,140
06/12/2023,CGF,OH,AGL,CE,Federal Contract Tower,0,9,19,0,28,0,0,0,0,0,0,9,19,0,28,0,0,0,28
06/13/2023,CGF,OH,AGL,CE,Federal Contract Tower,0,18,17,0,35,0,0,7,0,7,0,18,24,0,42,20,0,20,62
06/14/2023,CGF,OH,AGL,CE,Federal Contract Tower,0,19,13,0,32,0,0,20,0,20,0,19,33,0,52,36,0,36,88
06/15/2023,CGF,OH,AGL,CE,Federal Contract Tower,0,23,14,0,37,0,0,30,0,30,0,23,44,0,67,52,0,52,119
06/16/2023,CGF,OH,AGL,CE,Federal Contract Tower,0,23,15,0,38,0,0,1,0,1,0,23,16,0,39,6,0,6,45
06/17/2023,CGF,OH,AGL,CE,Federal Contract Tower,0,17,10,0,27,0,0,33,0,33,0,17,43,0,60,70,0,70,130
06/18/2023,CGF,OH,AGL,CE,Federal Contract Tower,0,23,12,0,35,0,0,40,0,40,0,23,52,0,75,36,0,36,111
06/19/2023,CGF,OH,AGL,CE,Federal Contract Tower,0,18,8,0,26,0,0,26,0,26,0,18,34,0,52,44,0,44,96
06/20/2023,CGF,OH,AGL,CE,Federal Contract Tower,0,11,18,0,29,0,0,33,0,33,0,11,51,0,62,96,0,96,158
06/21/2023,CGF,OH,AGL,CE,Federal Contract Tower,0,17,12,0,29,0,0,52,0,52,0,17,64,0,81,68,0,68,149
06/22/2023,CGF,OH,AGL,CE,Federal Contract Tower,0,20,26,0,46,0,0,30,0,30,0,20,56,0,76,112,0,112,188
06/23/2023,CGF,OH,AGL,CE,Federal Contract Tower,0,27,19,0,46,0,0,10,0,10,0,27,29,0,56,24,0,24,80
06/24/2023,CGF,OH,AGL,CE,Federal Contract Tower,0,11,16,0,27,0,0,13,0,13,0,11,29,0,40,40,0,40,80
06/25/2023,CGF,OH,AGL,CE,Federal Contract Tower,0,17,16,0,33,0,0,23,0,23,0,17,39,0,56,46,0,46,102
06/26/2023,CGF,OH,AGL,CE,Federal Contract Tower,0,16,13,0,29,0,0,5,0,5,0,16,18,0,34,20,0,20,54
06/27/2023,CGF,OH,AGL,CE,Federal Contract Tower,0,13,15,4,32,0,0,0,0,0,0,13,15,4,32,0,0,0,32
06/28/2023,CGF,OH,AGL,CE,Federal Contract Tower,0,9,15,0,24,0,0,0,0,0,0,9,15,0,24,0,0,0,24
06/29/2023,CGF,OH,AGL,CE,Federal Contract Tower,0,9,20,0,29,0,0,3,0,3,0,9,23,0,32,4,0,4,36
06/30/2023,CGF,OH,AGL,CE,Federal Contract Tower,0,19,19,0,38,0,0,24,0,24,0,19,43,0,62,48,0,48,110
07/01/2023,CGF,OH,AGL,CE,Federal Contract Tower,0,12,15,0,27,0,0,15,0,15,0,12,30,0,42,38,0,38,80
07/02/2023,CGF,OH,AGL,CE,Federal Contract Tower,0,13,3,0,16,0,0,2,0,2,0,13,5,0,18,6,0,6,24
07/03/2023,CGF,OH,AGL,CE,Federal Contract Tower,0,4,12,0,16,0,0,12,0,12,0,4,24,0,28,36,0,36,64
07/04/2023,CGF,OH,AGL,CE,Federal Contract Tower,0,11,3,0,14,0,0,21,0,21,0,11,24,0,35,26,0,26,61
07/05/2023,CGF,OH,AGL,CE,Federal Contract Tower,0,9,19,0,28,0,0,36,0,36,0,9,55,0,64,50,0,50,114
07/06/2023,CGF,OH,AGL,CE,Federal Contract Tower,0,10,17,0,27,0,0,7,0,7,0,10,24,0,34,18,0,18,52
07/07/2023,CGF,OH,AGL,CE,Federal Contract Tower,0,10,11,0,21,0,0,34,0,34,0,10,45,0,55,20,0,20,75
07/08/2023,CGF,OH,AGL,CE,Federal Contract Tower,0,9,19,0,28,0,0,29,0,29,0,9,48,0,57,34,0,34,91
07/09/2023,CGF,OH,AGL,CE,Federal Contract Tower,0,12,14,0,26,0,0,2,0,2,0,12,16,0,28,8,0,8,36
07/10/2023,CGF,OH,AGL,CE,Federal Contract Tower,0,23,13,0,36,0,2,36,0,38,0,25,49,0,74,60,0,60,134
07/11/2023,CGF,OH,AGL,CE,Federal Contract Tower,0,16,17,0,33,0,0,24,0,24,0,16,41,0,57,16,0,16,73
07/12/2023,CGF,OH,AGL,CE,Federal Contract Tower,0,20,21,0,41,0,0,8,0,8,0,20,29,0,49,12,0,12,61
07/13/2023,CGF,OH,AGL,CE,Federal Contract Tower,0,14,18,0,32,0,2,8,0,10,0,16,26,0,42,4,0,4,46
07/14/2023,CGF,OH,AGL,CE,Federal Contract Tower,0,18,19,0,37,0,2,33,0,35,0,20,52,0,72,26,0,26,98
07/15/2023,CGF,OH,AGL,CE,Federal Contract Tower,0,7,14,0,21,0,0,24,0,24,0,7,38,0,45,40,0,40,85
07/16/2023,CGF,OH,AGL,CE,Federal Contract Tower,0,19,20,0,39,0,0,16,0,16,0,19,36,0,55,42,0,42,97
07/17/2023,CGF,OH,AGL,CE,Federal Contract Tower,0,13,16,0,29,0,0,11,0,11,0,13,27,0,40,38,0,38,78
07/18/2023,CGF,OH,AGL,CE,Federal Contract Tower,0,22,17,0,39,0,0,43,0,43,0,22,60,0,82,82,0,82,164
07/19/2023,CGF,OH,AGL,CE,Federal Contract Tower,0,19,24,0,43,0,0,43,0,43,0,19,67,0,86,70,0,70,156
07/20/2023,CGF,OH,AGL,CE,Federal Contract Tower,0,14,16,0,30,0,0,14,0,14,0,14,30,0,44,30,0,30,74
07/21/2023,CGF,OH,AGL,CE,Federal Contract Tower,0,23,8,0,31,0,0,19,0,19,0,23,27,0,50,24,0,24,74
07/22/2023,CGF,OH,AGL,CE,Federal Contract Tower,0,13,16,0,29,0,0,62,0,62,0,13,78,0,91,58,0,58,149
07/23/2023,CGF,OH,AGL,CE,Federal Contract Tower,0,11,6,0,17,0,0,13,0,13,0,11,19,0,30,4,0,4,34
07/24/2023,CGF,OH,AGL,CE,Federal Contract Tower,0,19,17,0,36,0,0,26,0,26,0,19,43,0,62,70,0,70,132
07/25/2023,CGF,OH,AGL,CE,Federal Contract Tower,0,21,20,0,41,0,0,21,0,21,0,21,41,0,62,120,0,120,182
07/26/2023,CGF,OH,AGL,CE,Federal Contract Tower,0,25,10,0,35,0,0,14,0,14,0,25,24,0,49,72,0,72,121
07/27/2023,CGF,OH,AGL,CE,Federal Contract Tower,0,17,20,0,37,0,0,26,0,26,0,17,46,0,63,42,0,42,105
07/28/2023,CGF,OH,AGL,CE,Federal Contract Tower,0,8,18,0,26,0,0,23,0,23,0,8,41,0,49,62,0,62,111
07/29/2023,CGF,OH,AGL,CE,Federal Contract Tower,0,21,12,0,33,0,0,8,0,8,0,21,20,0,41,20,0,20,61
07/30/2023,CGF,OH,AGL,CE,Federal Contract Tower,0,17,11,0,28,0,0,39,0,39,0,17,50,0,67,34,0,34,101
07/31/2023,CGF,OH,AGL,CE,Federal Contract Tower,0,30,17,0,47,0,0,18,0,18,0,30,35,0,65,70,0,70,135
08/01/2023,CGF,OH,AGL,CE,Federal Contract Tower,0,9,15,0,24,0,0,23,0,23,0,9,38,0,47,38,0,38,85
08/02/2023,CGF,OH,AGL,CE,Federal Contract Tower,0,17,14,0,31,0,0,30,0,30,0,17,44,0,61,44,0,44,105
08/03/2023,CGF,OH,AGL,CE,Federal Contract Tower,0,17,10,0,27,0,0,32,0,32,0,17,42,0,59,30,0,30,89
08/04/2023,CGF,OH,AGL,CE,Federal Contract Tower,0,14,8,0,22,0,0,19,0,19,0,14,27,0,41,108,0,108,149
08/05/2023,CGF,OH,AGL,CE,Federal Contract Tower,0,18,10,0,28,0,0,25,0,25,0,18,35,0,53,34,0,34,87
08/06/2023,CGF,OH,AGL,CE,Federal Contract Tower,0,21,21,0,42,0,0,38,0,38,0,21,59,0,80,28,0,28,108
08/07/2023,CGF,OH,AGL,CE,Federal Contract Tower,0,20,8,0,28,0,0,0,0,0,0,20,8,0,28,0,0,0,28
08/08/2023,CGF,OH,AGL,CE,Federal Contract Tower,0,18,13,0,31,0,0,27,0,27,0,18,40,0,58,30,0,30,88
08/09/2023,CGF,OH,AGL,CE,Federal Contract Tower,0,29,23,0,52,0,0,46,0,46,0,29,69,0,98,82,0,82,180
08/10/2023,CGF,OH,AGL,CE,Federal Contract Tower,0,27,10,0,37,0,0,20,0,20,0,27,30,0,57,26,0,26,83
08/11/2023,CGF,OH,AGL,CE,Federal Contract Tower,0,10,12,0,22,0,0,23,0,23,0,10,35,0,45,54,0,54,99
08/12/2023,CGF,OH,AGL,CE,Federal Contract Tower,0,15,6,0,21,0,0,12,0,12,0,15,18,0,33,0,0,0,33
08/13/2023,CGF,OH,AGL,CE,Federal Contract Tower,0,19,19,0,38,0,0,27,0,27,0,19,46,0,65,14,0,14,79
08/14/2023,CGF,OH,AGL,CE,Federal Contract Tower,0,20,22,0,42,0,0,7,2,9,0,20,29,2,51,8,0,8,59
08/15/2023,CGF,OH,AGL,CE,Federal Contract Tower,0,14,18,0,32,0,0,8,0,8,0,14,26,0,40,84,0,84,124
08/16/2023,CGF,OH,AGL,CE,Federal Contract Tower,0,26,18,0,44,0,0,30,0,30,0,26,48,0,74,58,0,58,132
08/17/2023,CGF,OH,AGL,CE,Federal Contract Tower,0,26,12,0,38,0,0,19,0,19,0,26,31,0,57,8,0,8,65
08/18/2023,CGF,OH,AGL,CE,Federal Contract Tower,0,19,17,0,36,0,0,12,0,12,0,19,29,0,48,2,0,2,50
08/19/2023,CGF,OH,AGL,CE,Federal Contract Tower,0,10,8,0,18,0,0,40,0,40,0,10,48,0,58,72,0,72,130
08/20/2023,CGF,OH,AGL,CE,Federal Contract Tower,0,11,16,0,27,0,0,31,0,31,0,11,47,0,58,46,0,46,104
08/21/2023,CGF,OH,AGL,CE,Federal Contract Tower,0,12,17,0,29,0,0,9,0,9,0,12,26,0,38,20,0,20,58
08/22/2023,CGF,OH,AGL,CE,Federal Contract Tower,0,19,19,0,38,0,0,25,0,25,0,19,44,0,63,58,0,58,121
08/23/2023,CGF,OH,AGL,CE,Federal Contract Tower,0,16,15,0,31,0,0,9,0,9,0,16,24,0,40,30,0,30,70
08/24/2023,CGF,OH,AGL,CE,Federal Contract Tower,0,21,13,0,34,0,0,7,0,7,0,21,20,0,41,16,0,16,57
08/25/2023,CGF,OH,AGL,CE,Federal Contract Tower,0,12,18,0,30,0,0,3,0,3,0,12,21,0,33,12,0,12,45
08/26/2023,CGF,OH,AGL,CE,Federal Contract Tower,0,10,5,0,15,0,0,39,0,39,0,10,44,0,54,66,0,66,120
08/27/2023,CGF,OH,AGL,CE,Federal Contract Tower,0,19,9,0,28,0,0,29,0,29,0,19,38,0,57,38,0,38,95
08/28/2023,CGF,OH,AGL,CE,Federal Contract Tower,0,12,9,0,21,0,0,43,0,43,0,12,52,0,64,94,0,94,158
08/29/2023,CGF,OH,AGL,CE,Federal Contract Tower,0,18,23,0,41,0,0,45,0,45,0,18,68,0,86,84,0,84,170
08/30/2023,CGF,OH,AGL,CE,Federal Contract Tower,0,5,18,0,23,0,0,2,0,2,0,5,20,0,25,10,0,10,35
08/31/2023,CGF,OH,AGL,CE,Federal Contract Tower,0,14,24,0,38,0,0,62,0,62,0,14,86,0,100,68,0,68,168
