01/01/2020,DTN,LA,ASW,CE,Federal Contract Tower,0,0,15,0,15,0,0,16,0,16,0,0,31,0,31,0,0,0,31
01/02/2020,DTN,LA,ASW,CE,Federal Contract Tower,0,0,8,0,8,0,0,0,0,0,0,0,8,0,8,0,0,0,8
01/03/2020,DTN,LA,ASW,CE,Federal Contract Tower,0,0,5,0,5,0,3,14,0,17,0,3,19,0,22,42,0,42,64
01/04/2020,DTN,LA,ASW,CE,Federal Contract Tower,0,0,17,0,17,0,3,87,0,90,0,3,104,0,107,106,0,106,213
01/05/2020,DTN,LA,ASW,CE,Federal Contract Tower,0,0,18,0,18,0,0,49,0,49,0,0,67,0,67,70,0,70,137
01/06/2020,DTN,LA,ASW,CE,Federal Contract Tower,0,0,17,0,17,0,0,59,0,59,0,0,76,0,76,90,0,90,166
01/07/2020,DTN,LA,ASW,CE,Federal Contract Tower,0,4,10,0,14,0,2,68,0,70,0,6,78,0,84,92,0,92,176
01/08/2020,DTN,LA,ASW,CE,Federal Contract Tower,0,0,13,0,13,0,3,61,0,64,0,3,74,0,77,104,0,104,181
01/09/2020,DTN,LA,ASW,CE,Federal Contract Tower,0,0,16,0,16,0,1,4,0,5,0,1,20,0,21,0,0,0,21
01/10/2020,DTN,LA,ASW,CE,Federal Contract Tower,0,0,3,0,3,0,1,2,0,3,0,1,5,0,6,0,0,0,6
01/11/2020,DTN,LA,ASW,CE,Federal Contract Tower,0,0,8,0,8,0,0,11,0,11,0,0,19,0,19,8,0,8,27
01/12/2020,DTN,LA,ASW,CE,Federal Contract Tower,0,0,20,0,20,0,0,35,0,35,0,0,55,0,55,42,0,42,97
01/14/2020,DTN,LA,ASW,CE,Federal Contract Tower,0,0,34,0,34,0,0,0,0,0,0,0,34,0,34,0,0,0,34
01/15/2020,DTN,LA,ASW,CE,Federal Contract Tower,0,0,25,0,25,0,0,5,0,5,0,0,30,0,30,0,0,0,30
01/16/2020,DTN,LA,ASW,CE,Federal Contract Tower,0,2,5,0,7,0,0,4,0,4,0,2,9,0,11,2,0,2,13
01/17/2020,DTN,LA,ASW,CE,Federal Contract Tower,0,1,9,0,10,0,1,23,0,24,0,2,32,0,34,34,0,34,68
01/18/2020,DTN,LA,ASW,CE,Federal Contract Tower,0,0,6,0,6,0,0,17,0,17,0,0,23,0,23,10,0,10,33
01/19/2020,DTN,LA,ASW,CE,Federal Contract Tower,0,0,16,0,16,0,2,53,0,55,0,2,69,0,71,46,0,46,117
01/20/2020,DTN,LA,ASW,CE,Federal Contract Tower,0,0,16,0,16,0,0,80,0,80,0,0,96,0,96,154,0,154,250
01/21/2020,DTN,LA,ASW,CE,Federal Contract Tower,0,2,16,0,18,0,8,43,3,54,0,10,59,3,72,156,0,156,228
01/22/2020,DTN,LA,ASW,CE,Federal Contract Tower,0,0,8,0,8,0,0,2,0,2,0,0,10,0,10,0,0,0,10
01/23/2020,DTN,LA,ASW,CE,Federal Contract Tower,0,0,19,0,19,0,0,4,0,4,0,0,23,0,23,0,0,0,23
01/24/2020,DTN,LA,ASW,CE,Federal Contract Tower,0,0,17,0,17,0,0,51,0,51,0,0,68,0,68,28,0,28,96
01/25/2020,DTN,LA,ASW,CE,Federal Contract Tower,0,0,7,0,7,0,5,96,0,101,0,5,103,0,108,124,0,124,232
01/26/2020,DTN,LA,ASW,CE,Federal Contract Tower,0,0,12,0,12,0,0,0,0,0,0,0,12,0,12,4,0,4,16
01/27/2020,DTN,LA,ASW,CE,Federal Contract Tower,0,2,18,0,20,0,1,47,0,48,0,3,65,0,68,138,0,138,206
01/28/2020,DTN,LA,ASW,CE,Federal Contract Tower,0,0,6,0,6,0,0,1,0,1,0,0,7,0,7,0,0,0,7
01/29/2020,DTN,LA,ASW,CE,Federal Contract Tower,0,0,15,0,15,0,0,8,0,8,0,0,23,0,23,132,0,132,155
01/30/2020,DTN,LA,ASW,CE,Federal Contract Tower,0,1,13,0,14,0,1,3,0,4,0,2,16,0,18,30,0,30,48
01/31/2020,DTN,LA,ASW,CE,Federal Contract Tower,0,1,11,0,12,0,0,19,1,20,0,1,30,1,32,30,0,30,62
02/01/2020,DTN,LA,ASW,CE,Federal Contract Tower,0,0,12,0,12,0,8,86,0,94,0,8,98,0,106,86,0,86,192
02/02/2020,DTN,LA,ASW,CE,Federal Contract Tower,0,2,14,0,16,0,0,85,0,85,0,2,99,0,101,130,0,130,231
02/03/2020,DTN,LA,ASW,CE,Federal Contract Tower,0,0,28,1,29,0,0,11,0,11,0,0,39,1,40,18,0,18,58
02/04/2020,DTN,LA,ASW,CE,Federal Contract Tower,0,0,17,0,17,0,0,3,0,3,0,0,20,0,20,1,0,1,21
02/05/2020,DTN,LA,ASW,CE,Federal Contract Tower,0,0,6,0,6,0,0,0,0,0,0,0,6,0,6,0,0,0,6
02/06/2020,DTN,LA,ASW,CE,Federal Contract Tower,0,0,9,0,9,0,0,15,0,15,0,0,24,0,24,46,0,46,70
02/07/2020,DTN,LA,ASW,CE,Federal Contract Tower,0,1,16,1,18,0,6,73,9,88,0,7,89,10,106,86,0,86,192
02/08/2020,DTN,LA,ASW,CE,Federal Contract Tower,0,0,15,0,15,0,1,69,0,70,0,1,84,0,85,112,0,112,197
02/09/2020,DTN,LA,ASW,CE,Federal Contract Tower,0,0,15,0,15,0,0,3,1,4,0,0,18,1,19,0,0,0,19
02/10/2020,DTN,LA,ASW,CE,Federal Contract Tower,0,0,2,0,2,0,0,0,0,0,0,0,2,0,2,0,0,0,2
02/11/2020,DTN,LA,ASW,CE,Federal Contract Tower,0,0,6,0,6,0,0,0,0,0,0,0,6,0,6,0,0,0,6
02/12/2020,DTN,LA,ASW,CE,Federal Contract Tower,0,0,5,0,5,0,0,0,0,0,0,0,5,0,5,0,0,0,5
02/13/2020,DTN,LA,ASW,CE,Federal Contract Tower,0,0,19,0,19,0,0,26,0,26,0,0,45,0,45,50,0,50,95
02/14/2020,DTN,LA,ASW,CE,Federal Contract Tower,0,0,16,0,16,0,5,61,2,68,0,5,77,2,84,36,0,36,120
02/15/2020,DTN,LA,ASW,CE,Federal Contract Tower,0,0,9,0,9,0,13,69,0,82,0,13,78,0,91,66,0,66,157
02/16/2020,DTN,LA,ASW,CE,Federal Contract Tower,0,0,24,0,24,0,0,10,0,10,0,0,34,0,34,2,0,2,36
02/17/2020,DTN,LA,ASW,CE,Federal Contract Tower,0,0,24,0,24,0,0,21,0,21,0,0,45,0,45,4,0,4,49
02/18/2020,DTN,LA,ASW,CE,Federal Contract Tower,0,0,4,0,4,0,0,4,0,4,0,0,8,0,8,2,0,2,10
02/19/2020,DTN,LA,ASW,CE,Federal Contract Tower,0,0,7,0,7,0,0,2,0,2,0,0,9,0,9,0,0,0,9
02/20/2020,DTN,LA,ASW,CE,Federal Contract Tower,0,0,3,0,3,0,0,1,0,1,0,0,4,0,4,0,0,0,4
02/21/2020,DTN,LA,ASW,CE,Federal Contract Tower,0,0,19,0,19,0,6,74,5,85,0,6,93,5,104,74,0,74,178
02/22/2020,DTN,LA,ASW,CE,Federal Contract Tower,0,0,12,0,12,0,21,60,0,81,0,21,72,0,93,124,0,124,217
02/23/2020,DTN,LA,ASW,CE,Federal Contract Tower,0,0,14,0,14,0,0,11,0,11,0,0,25,0,25,44,0,44,69
02/24/2020,DTN,LA,ASW,CE,Federal Contract Tower,0,0,6,0,6,0,0,3,0,3,0,0,9,0,9,6,0,6,15
02/25/2020,DTN,LA,ASW,CE,Federal Contract Tower,0,1,11,0,12,0,3,73,0,76,0,4,84,0,88,96,0,96,184
02/26/2020,DTN,LA,ASW,CE,Federal Contract Tower,0,0,12,0,12,0,1,23,0,24,0,1,35,0,36,12,0,12,48
02/27/2020,DTN,LA,ASW,CE,Federal Contract Tower,0,0,13,0,13,0,1,69,4,74,0,1,82,4,87,72,0,72,159
02/28/2020,DTN,LA,ASW,CE,Federal Contract Tower,0,0,10,0,10,0,1,63,1,65,0,1,73,1,75,80,0,80,155
02/29/2020,DTN,LA,ASW,CE,Federal Contract Tower,0,0,5,0,5,0,2,69,0,71,0,2,74,0,76,30,0,30,106
03/01/2020,DTN,LA,ASW,CE,Federal Contract Tower,0,0,17,0,17,0,0,12,0,12,0,0,29,0,29,0,0,0,29
03/02/2020,DTN,LA,ASW,CE,Federal Contract Tower,0,1,9,0,10,0,3,4,0,7,0,4,13,0,17,32,0,32,49
03/03/2020,DTN,LA,ASW,CE,Federal Contract Tower,0,0,8,0,8,0,0,3,0,3,0,0,11,0,11,2,0,2,13
03/04/2020,DTN,LA,ASW,CE,Federal Contract Tower,0,0,1,0,1,0,0,1,0,1,0,0,2,0,2,0,0,0,2
03/05/2020,DTN,LA,ASW,CE,Federal Contract Tower,0,1,17,0,18,0,0,60,2,62,0,1,77,2,80,74,0,74,154
03/06/2020,DTN,LA,ASW,CE,Federal Contract Tower,0,1,16,0,17,0,6,76,0,82,0,7,92,0,99,80,0,80,179
03/07/2020,DTN,LA,ASW,CE,Federal Contract Tower,0,0,10,0,10,0,2,76,0,78,0,2,86,0,88,102,0,102,190
03/08/2020,DTN,LA,ASW,CE,Federal Contract Tower,0,0,17,0,17,0,0,68,0,68,0,0,85,0,85,64,0,64,149
03/09/2020,DTN,LA,ASW,CE,Federal Contract Tower,0,3,18,0,21,0,0,5,0,5,0,3,23,0,26,6,0,6,32
03/10/2020,DTN,LA,ASW,CE,Federal Contract Tower,0,0,19,0,19,0,2,46,0,48,0,2,65,0,67,50,0,50,117
03/11/2020,DTN,LA,ASW,CE,Federal Contract Tower,0,0,21,0,21,0,0,36,0,36,0,0,57,0,57,54,0,54,111
03/12/2020,DTN,LA,ASW,CE,Federal Contract Tower,0,0,16,0,16,0,0,39,0,39,0,0,55,0,55,24,0,24,79
03/13/2020,DTN,LA,ASW,CE,Federal Contract Tower,0,0,14,0,14,0,0,0,0,0,0,0,14,0,14,0,0,0,14
03/14/2020,DTN,LA,ASW,CE,Federal Contract Tower,0,2,14,0,16,0,2,25,0,27,0,4,39,0,43,22,0,22,65
03/15/2020,DTN,LA,ASW,CE,Federal Contract Tower,0,0,25,0,25,0,0,6,0,6,0,0,31,0,31,10,0,10,41
03/16/2020,DTN,LA,ASW,CE,Federal Contract Tower,0,4,19,0,23,0,0,5,0,5,0,4,24,0,28,6,0,6,34
03/17/2020,DTN,LA,ASW,CE,Federal Contract Tower,0,1,10,0,11,0,4,39,0,43,0,5,49,0,54,70,0,70,124
03/18/2020,DTN,LA,ASW,CE,Federal Contract Tower,0,1,7,0,8,0,0,30,0,30,0,1,37,0,38,22,0,22,60
03/19/2020,DTN,LA,ASW,CE,Federal Contract Tower,0,0,1,0,1,0,1,14,0,15,0,1,15,0,16,6,0,6,22
03/20/2020,DTN,LA,ASW,CE,Federal Contract Tower,0,0,1,0,1,0,0,0,0,0,0,0,1,0,1,0,0,0,1
03/21/2020,DTN,LA,ASW,CE,Federal Contract Tower,0,0,11,0,11,0,0,21,0,21,0,0,32,0,32,48,0,48,80
03/22/2020,DTN,LA,ASW,CE,Federal Contract Tower,0,0,0,0,0,0,0,0,0,0,0,0,0,0,0,0,0,0,0
03/23/2020,DTN,LA,ASW,CE,Federal Contract Tower,0,0,4,0,4,0,0,0,0,0,0,0,4,0,4,0,0,0,4
03/24/2020,DTN,LA,ASW,CE,Federal Contract Tower,0,0,1,0,1,0,1,15,0,16,0,1,16,0,17,2,0,2,19
03/25/2020,DTN,LA,ASW,CE,Federal Contract Tower,0,0,6,0,6,0,2,38,0,40,0,2,44,0,46,32,0,32,78
03/26/2020,DTN,LA,ASW,CE,Federal Contract Tower,0,0,7,0,7,0,0,39,0,39,0,0,46,0,46,38,0,38,84
03/27/2020,DTN,LA,ASW,CE,Federal Contract Tower,0,0,5,0,5,0,1,11,0,12,0,1,16,0,17,4,0,4,21
03/28/2020,DTN,LA,ASW,CE,Federal Contract Tower,0,0,0,0,0,0,0,2,0,2,0,0,2,0,2,4,0,4,6
03/29/2020,DTN,LA,ASW,CE,Federal Contract Tower,0,0,5,0,5,0,0,80,0,80,0,0,85,0,85,120,0,120,205
03/30/2020,DTN,LA,ASW,CE,Federal Contract Tower,0,0,3,0,3,0,0,3,0,3,0,0,6,0,6,0,0,0,6
03/31/2020,DTN,LA,ASW,CE,Federal Contract Tower,0,0,4,0,4,0,0,25,0,25,0,0,29,0,29,10,0,10,39
04/01/2020,DTN,LA,ASW,CE,Federal Contract Tower,0,0,1,0,1,0,2,103,0,105,0,2,104,0,106,56,0,56,162
04/02/2020,DTN,LA,ASW,CE,Federal Contract Tower,0,0,2,0,2,0,0,28,0,28,0,0,30,0,30,60,0,60,90
04/03/2020,DTN,LA,ASW,CE,Federal Contract Tower,0,0,3,0,3,0,0,11,0,11,0,0,14,0,14,8,0,8,22
04/04/2020,DTN,LA,ASW,CE,Federal Contract Tower,0,0,2,0,2,0,0,0,0,0,0,0,2,0,2,0,0,0,2
04/05/2020,DTN,LA,ASW,CE,Federal Contract Tower,0,0,2,0,2,0,0,23,0,23,0,0,25,0,25,14,0,14,39
04/06/2020,DTN,LA,ASW,CE,Federal Contract Tower,0,0,5,0,5,0,0,38,0,38,0,0,43,0,43,50,0,50,93
04/07/2020,DTN,LA,ASW,CE,Federal Contract Tower,0,0,2,0,2,0,0,21,0,21,0,0,23,0,23,78,0,78,101
04/08/2020,DTN,LA,ASW,CE,Federal Contract Tower,0,0,2,0,2,0,0,36,0,36,0,0,38,0,38,36,0,36,74
04/09/2020,DTN,LA,ASW,CE,Federal Contract Tower,0,0,6,0,6,0,2,32,1,35,0,2,38,1,41,96,0,96,137
04/10/2020,DTN,LA,ASW,CE,Federal Contract Tower,0,0,5,0,5,0,2,36,0,38,0,2,41,0,43,42,0,42,85
04/11/2020,DTN,LA,ASW,CE,Federal Contract Tower,0,0,5,0,5,0,2,44,0,46,0,2,49,0,51,40,0,40,91
04/12/2020,DTN,LA,ASW,CE,Federal Contract Tower,0,0,1,0,1,0,0,4,0,4,0,0,5,0,5,0,0,0,5
04/13/2020,DTN,LA,ASW,CE,Federal Contract Tower,0,0,4,0,4,0,0,23,0,23,0,0,27,0,27,54,0,54,81
04/14/2020,DTN,LA,ASW,CE,Federal Contract Tower,0,0,5,0,5,0,0,17,0,17,0,0,22,0,22,70,0,70,92
04/15/2020,DTN,LA,ASW,CE,Federal Contract Tower,0,0,9,0,9,0,0,70,0,70,0,0,79,0,79,150,0,150,229
04/16/2020,DTN,LA,ASW,CE,Federal Contract Tower,0,0,9,0,9,0,0,78,0,78,0,0,87,0,87,142,0,142,229
04/17/2020,DTN,LA,ASW,CE,Federal Contract Tower,0,0,4,0,4,0,0,20,0,20,0,0,24,0,24,62,0,62,86
04/18/2020,DTN,LA,ASW,CE,Federal Contract Tower,0,0,10,0,10,0,0,14,0,14,0,0,24,0,24,32,0,32,56
04/19/2020,DTN,LA,ASW,CE,Federal Contract Tower,0,0,0,0,0,0,0,0,0,0,0,0,0,0,0,0,0,0,0
04/20/2020,DTN,LA,ASW,CE,Federal Contract Tower,0,0,18,0,18,0,0,29,0,29,0,0,47,0,47,80,0,80,127
04/21/2020,DTN,LA,ASW,CE,Federal Contract Tower,0,0,4,0,4,0,0,72,0,72,0,0,76,0,76,88,0,88,164
04/22/2020,DTN,LA,ASW,CE,Federal Contract Tower,0,0,0,0,0,0,0,19,0,19,0,0,19,0,19,4,0,4,23
04/23/2020,DTN,LA,ASW,CE,Federal Contract Tower,0,0,3,0,3,0,0,48,0,48,0,0,51,0,51,112,0,112,163
04/24/2020,DTN,LA,ASW,CE,Federal Contract Tower,0,0,10,0,10,0,0,42,0,42,0,0,52,0,52,82,0,82,134
04/25/2020,DTN,LA,ASW,CE,Federal Contract Tower,0,0,3,0,3,0,0,27,0,27,0,0,30,0,30,26,0,26,56
04/26/2020,DTN,LA,ASW,CE,Federal Contract Tower,0,0,9,0,9,0,0,73,0,73,0,0,82,0,82,82,0,82,164
04/27/2020,DTN,LA,ASW,CE,Federal Contract Tower,0,1,9,0,10,0,1,48,0,49,0,2,57,0,59,20,0,20,79
04/28/2020,DTN,LA,ASW,CE,Federal Contract Tower,0,0,2,0,2,0,2,5,0,7,0,2,7,0,9,2,0,2,11
04/29/2020,DTN,LA,ASW,CE,Federal Contract Tower,0,0,7,0,7,0,0,19,0,19,0,0,26,0,26,22,0,22,48
04/30/2020,DTN,LA,ASW,CE,Federal Contract Tower,0,0,7,0,7,0,0,92,0,92,0,0,99,0,99,108,0,108,207
05/01/2020,DTN,LA,ASW,CE,Federal Contract Tower,0,0,15,0,15,0,0,58,0,58,0,0,73,0,73,72,0,72,145
05/02/2020,DTN,LA,ASW,CE,Federal Contract Tower,0,0,11,0,11,0,0,37,0,37,0,0,48,0,48,18,0,18,66
05/04/2020,DTN,LA,ASW,CE,Federal Contract Tower,0,1,9,0,10,0,1,60,0,61,0,2,69,0,71,146,0,146,217
05/05/2020,DTN,LA,ASW,CE,Federal Contract Tower,0,0,10,0,10,0,0,19,0,19,0,0,29,0,29,48,0,48,77
05/06/2020,DTN,LA,ASW,CE,Federal Contract Tower,0,0,9,0,9,0,0,74,0,74,0,0,83,0,83,120,0,120,203
05/07/2020,DTN,LA,ASW,CE,Federal Contract Tower,0,0,11,0,11,0,0,33,0,33,0,0,44,0,44,58,0,58,102
05/08/2020,DTN,LA,ASW,CE,Federal Contract Tower,0,2,3,0,5,0,1,7,0,8,0,3,10,0,13,0,0,0,13
05/09/2020,DTN,LA,ASW,CE,Federal Contract Tower,0,0,7,0,7,0,2,58,0,60,0,2,65,0,67,82,0,82,149
05/10/2020,DTN,LA,ASW,CE,Federal Contract Tower,0,0,8,0,8,0,0,46,0,46,0,0,54,0,54,52,0,52,106
05/11/2020,DTN,LA,ASW,CE,Federal Contract Tower,0,0,10,0,10,0,1,72,0,73,0,1,82,0,83,132,0,132,215
05/12/2020,DTN,LA,ASW,CE,Federal Contract Tower,0,0,7,0,7,0,0,21,1,22,0,0,28,1,29,30,0,30,59
05/13/2020,DTN,LA,ASW,CE,Federal Contract Tower,0,0,15,0,15,0,0,24,0,24,0,0,39,0,39,6,0,6,45
05/14/2020,DTN,LA,ASW,CE,Federal Contract Tower,0,0,7,0,7,0,0,26,0,26,0,0,33,0,33,4,0,4,37
05/15/2020,DTN,LA,ASW,CE,Federal Contract Tower,0,0,5,0,5,0,0,18,0,18,0,0,23,0,23,62,0,62,85
05/16/2020,DTN,LA,ASW,CE,Federal Contract Tower,0,0,1,0,1,0,0,1,0,1,0,0,2,0,2,0,0,0,2
05/17/2020,DTN,LA,ASW,CE,Federal Contract Tower,0,0,5,0,5,0,0,13,0,13,0,0,18,0,18,24,0,24,42
05/18/2020,DTN,LA,ASW,CE,Federal Contract Tower,0,0,4,0,4,0,2,45,0,47,0,2,49,0,51,72,0,72,123
05/19/2020,DTN,LA,ASW,CE,Federal Contract Tower,0,0,5,0,5,0,2,47,0,49,0,2,52,0,54,54,0,54,108
05/20/2020,DTN,LA,ASW,CE,Federal Contract Tower,0,0,11,0,11,0,0,28,0,28,0,0,39,0,39,42,0,42,81
05/21/2020,DTN,LA,ASW,CE,Federal Contract Tower,0,0,16,0,16,0,0,41,0,41,0,0,57,0,57,62,0,62,119
05/22/2020,DTN,LA,ASW,CE,Federal Contract Tower,0,0,13,0,13,0,2,43,0,45,0,2,56,0,58,12,0,12,70
05/23/2020,DTN,LA,ASW,CE,Federal Contract Tower,0,0,8,0,8,0,1,18,0,19,0,1,26,0,27,12,0,12,39
05/24/2020,DTN,LA,ASW,CE,Federal Contract Tower,0,0,9,0,9,0,0,13,0,13,0,0,22,0,22,30,0,30,52
05/25/2020,DTN,LA,ASW,CE,Federal Contract Tower,0,0,10,0,10,0,0,9,0,9,0,0,19,0,19,24,0,24,43
05/26/2020,DTN,LA,ASW,CE,Federal Contract Tower,0,2,10,0,12,0,0,29,1,30,0,2,39,1,42,54,0,54,96
05/27/2020,DTN,LA,ASW,CE,Federal Contract Tower,0,0,9,0,9,0,0,30,0,30,0,0,39,0,39,38,0,38,77
05/28/2020,DTN,LA,ASW,CE,Federal Contract Tower,0,0,8,0,8,0,0,34,0,34,0,0,42,0,42,2,0,2,44
05/29/2020,DTN,LA,ASW,CE,Federal Contract Tower,0,2,26,0,28,0,1,72,0,73,0,3,98,0,101,58,0,58,159
05/30/2020,DTN,LA,ASW,CE,Federal Contract Tower,0,0,21,0,21,0,1,90,0,91,0,1,111,0,112,62,0,62,174
05/31/2020,DTN,LA,ASW,CE,Federal Contract Tower,0,0,13,0,13,0,1,67,0,68,0,1,80,0,81,106,0,106,187
06/01/2020,DTN,LA,ASW,CE,Federal Contract Tower,0,0,11,0,11,0,0,56,0,56,0,0,67,0,67,120,0,120,187
06/02/2020,DTN,LA,ASW,CE,Federal Contract Tower,0,0,9,0,9,0,0,43,0,43,0,0,52,0,52,38,0,38,90
06/03/2020,DTN,LA,ASW,CE,Federal Contract Tower,0,0,15,0,15,0,0,59,0,59,0,0,74,0,74,84,0,84,158
06/04/2020,DTN,LA,ASW,CE,Federal Contract Tower,0,0,9,0,9,0,0,39,0,39,0,0,48,0,48,70,0,70,118
06/05/2020,DTN,LA,ASW,CE,Federal Contract Tower,0,0,20,0,20,0,2,56,0,58,0,2,76,0,78,90,0,90,168
06/06/2020,DTN,LA,ASW,CE,Federal Contract Tower,0,2,10,0,12,0,2,50,0,52,0,4,60,0,64,64,0,64,128
06/07/2020,DTN,LA,ASW,CE,Federal Contract Tower,0,0,7,0,7,0,0,35,0,35,0,0,42,0,42,26,0,26,68
06/08/2020,DTN,LA,ASW,CE,Federal Contract Tower,0,0,2,0,2,0,0,3,0,3,0,0,5,0,5,0,0,0,5
06/09/2020,DTN,LA,ASW,CE,Federal Contract Tower,0,0,17,0,17,0,0,12,0,12,0,0,29,0,29,0,0,0,29
06/10/2020,DTN,LA,ASW,CE,Federal Contract Tower,0,0,15,0,15,0,0,42,0,42,0,0,57,0,57,42,0,42,99
06/11/2020,DTN,LA,ASW,CE,Federal Contract Tower,0,0,12,0,12,0,0,51,0,51,0,0,63,0,63,102,0,102,165
06/12/2020,DTN,LA,ASW,CE,Federal Contract Tower,0,0,17,0,17,0,3,61,0,64,0,3,78,0,81,14,0,14,95
06/13/2020,DTN,LA,ASW,CE,Federal Contract Tower,0,0,10,0,10,0,2,56,0,58,0,2,66,0,68,36,0,36,104
06/14/2020,DTN,LA,ASW,CE,Federal Contract Tower,0,0,20,0,20,0,0,49,0,49,0,0,69,0,69,62,0,62,131
06/15/2020,DTN,LA,ASW,CE,Federal Contract Tower,0,0,13,0,13,0,0,57,0,57,0,0,70,0,70,62,0,62,132
06/16/2020,DTN,LA,ASW,CE,Federal Contract Tower,0,0,12,0,12,0,2,52,0,54,0,2,64,0,66,42,0,42,108
06/17/2020,DTN,LA,ASW,CE,Federal Contract Tower,0,0,16,0,16,0,0,100,0,100,0,0,116,0,116,98,0,98,214
06/18/2020,DTN,LA,ASW,CE,Federal Contract Tower,0,0,12,0,12,0,0,62,0,62,0,0,74,0,74,88,0,88,162
06/19/2020,DTN,LA,ASW,CE,Federal Contract Tower,0,0,13,0,13,0,0,68,0,68,0,0,81,0,81,48,0,48,129
06/20/2020,DTN,LA,ASW,CE,Federal Contract Tower,0,2,20,0,22,0,0,56,0,56,0,2,76,0,78,24,0,24,102
06/21/2020,DTN,LA,ASW,CE,Federal Contract Tower,0,0,19,0,19,0,0,30,2,32,0,0,49,2,51,0,0,0,51
06/22/2020,DTN,LA,ASW,CE,Federal Contract Tower,0,0,13,0,13,0,0,25,0,25,0,0,38,0,38,42,0,42,80
06/23/2020,DTN,LA,ASW,CE,Federal Contract Tower,0,0,9,0,9,0,0,20,0,20,0,0,29,0,29,14,0,14,43
06/24/2020,DTN,LA,ASW,CE,Federal Contract Tower,0,0,6,0,6,0,0,45,0,45,0,0,51,0,51,100,0,100,151
06/25/2020,DTN,LA,ASW,CE,Federal Contract Tower,0,0,14,0,14,0,0,5,0,5,0,0,19,0,19,10,0,10,29
06/26/2020,DTN,LA,ASW,CE,Federal Contract Tower,0,1,11,0,12,0,1,18,0,19,0,2,29,0,31,32,0,32,63
06/27/2020,DTN,LA,ASW,CE,Federal Contract Tower,0,0,19,0,19,0,0,30,0,30,0,0,49,0,49,38,0,38,87
06/28/2020,DTN,LA,ASW,CE,Federal Contract Tower,0,0,17,0,17,0,0,36,0,36,0,0,53,0,53,88,0,88,141
06/29/2020,DTN,LA,ASW,CE,Federal Contract Tower,0,0,27,1,28,0,0,23,0,23,0,0,50,1,51,28,0,28,79
06/30/2020,DTN,LA,ASW,CE,Federal Contract Tower,0,1,19,1,21,0,4,29,0,33,0,5,48,1,54,34,0,34,88
07/01/2020,DTN,LA,ASW,CE,Federal Contract Tower,0,0,18,0,18,0,0,47,0,47,0,0,65,0,65,30,0,30,95
07/02/2020,DTN,LA,ASW,CE,Federal Contract Tower,0,0,21,0,21,0,0,59,6,65,0,0,80,6,86,126,0,126,212
07/03/2020,DTN,LA,ASW,CE,Federal Contract Tower,0,0,15,0,15,0,0,29,0,29,0,0,44,0,44,36,0,36,80
07/04/2020,DTN,LA,ASW,CE,Federal Contract Tower,0,0,8,0,8,0,0,38,0,38,0,0,46,0,46,22,0,22,68
07/05/2020,DTN,LA,ASW,CE,Federal Contract Tower,0,0,8,0,8,0,0,10,0,10,0,0,18,0,18,8,0,8,26
07/06/2020,DTN,LA,ASW,CE,Federal Contract Tower,0,0,9,0,9,0,0,29,0,29,0,0,38,0,38,70,0,70,108
07/07/2020,DTN,LA,ASW,CE,Federal Contract Tower,0,0,9,0,9,0,0,18,0,18,0,0,27,0,27,22,0,22,49
07/08/2020,DTN,LA,ASW,CE,Federal Contract Tower,0,0,11,0,11,0,0,45,0,45,0,0,56,0,56,36,0,36,92
07/09/2020,DTN,LA,ASW,CE,Federal Contract Tower,0,0,21,0,21,0,0,57,0,57,0,0,78,0,78,50,0,50,128
07/10/2020,DTN,LA,ASW,CE,Federal Contract Tower,0,0,24,1,25,0,2,77,7,86,0,2,101,8,111,66,0,66,177
07/11/2020,DTN,LA,ASW,CE,Federal Contract Tower,0,0,11,0,11,0,1,62,0,63,0,1,73,0,74,86,0,86,160
07/13/2020,DTN,LA,ASW,CE,Federal Contract Tower,0,0,12,0,12,0,0,46,0,46,0,0,58,0,58,112,0,112,170
07/14/2020,DTN,LA,ASW,CE,Federal Contract Tower,0,0,11,0,11,0,0,60,5,65,0,0,71,5,76,76,0,76,152
07/15/2020,DTN,LA,ASW,CE,Federal Contract Tower,0,0,16,0,16,0,0,72,0,72,0,0,88,0,88,116,0,116,204
07/16/2020,DTN,LA,ASW,CE,Federal Contract Tower,0,0,12,0,12,0,0,52,0,52,0,0,64,0,64,66,0,66,130
07/17/2020,DTN,LA,ASW,CE,Federal Contract Tower,0,0,6,0,6,0,3,62,0,65,0,3,68,0,71,96,0,96,167
07/18/2020,DTN,LA,ASW,CE,Federal Contract Tower,0,1,16,0,17,0,1,57,0,58,0,2,73,0,75,100,0,100,175
07/19/2020,DTN,LA,ASW,CE,Federal Contract Tower,0,0,19,0,19,0,0,44,0,44,0,0,63,0,63,2,0,2,65
07/20/2020,DTN,LA,ASW,CE,Federal Contract Tower,0,0,19,0,19,0,0,48,0,48,0,0,67,0,67,88,0,88,155
07/21/2020,DTN,LA,ASW,CE,Federal Contract Tower,0,0,12,0,12,0,0,40,0,40,0,0,52,0,52,32,0,32,84
07/22/2020,DTN,LA,ASW,CE,Federal Contract Tower,0,0,15,0,15,0,0,36,0,36,0,0,51,0,51,68,0,68,119
07/23/2020,DTN,LA,ASW,CE,Federal Contract Tower,0,0,13,0,13,0,3,77,2,82,0,3,90,2,95,128,0,128,223
07/24/2020,DTN,LA,ASW,CE,Federal Contract Tower,0,0,19,0,19,0,0,29,0,29,0,0,48,0,48,54,0,54,102
07/25/2020,DTN,LA,ASW,CE,Federal Contract Tower,0,4,23,0,27,0,1,32,0,33,0,5,55,0,60,36,0,36,96
07/26/2020,DTN,LA,ASW,CE,Federal Contract Tower,0,0,10,0,10,0,0,17,0,17,0,0,27,0,27,60,0,60,87
07/27/2020,DTN,LA,ASW,CE,Federal Contract Tower,0,0,10,0,10,0,0,54,0,54,0,0,64,0,64,182,0,182,246
07/28/2020,DTN,LA,ASW,CE,Federal Contract Tower,0,0,10,0,10,0,0,61,0,61,0,0,71,0,71,158,0,158,229
07/29/2020,DTN,LA,ASW,CE,Federal Contract Tower,0,0,8,0,8,0,2,50,0,52,0,2,58,0,60,88,0,88,148
07/30/2020,DTN,LA,ASW,CE,Federal Contract Tower,0,0,9,0,9,0,9,17,0,26,0,9,26,0,35,16,0,16,51
07/31/2020,DTN,LA,ASW,CE,Federal Contract Tower,0,0,8,0,8,0,0,17,0,17,0,0,25,0,25,36,0,36,61
08/01/2020,DTN,LA,ASW,CE,Federal Contract Tower,0,0,16,0,16,0,2,82,0,84,0,2,98,0,100,68,0,68,168
08/02/2020,DTN,LA,ASW,CE,Federal Contract Tower,0,0,18,0,18,0,0,62,0,62,0,0,80,0,80,54,0,54,134
08/03/2020,DTN,LA,ASW,CE,Federal Contract Tower,0,0,17,0,17,0,3,51,0,54,0,3,68,0,71,88,0,88,159
08/04/2020,DTN,LA,ASW,CE,Federal Contract Tower,0,0,19,0,19,0,0,51,0,51,0,0,70,0,70,118,0,118,188
08/05/2020,DTN,LA,ASW,CE,Federal Contract Tower,0,0,15,0,15,0,0,49,0,49,0,0,64,0,64,56,0,56,120
08/06/2020,DTN,LA,ASW,CE,Federal Contract Tower,0,0,9,0,9,0,0,88,0,88,0,0,97,0,97,92,0,92,189
08/07/2020,DTN,LA,ASW,CE,Federal Contract Tower,0,2,12,0,14,0,0,49,0,49,0,2,61,0,63,66,0,66,129
08/08/2020,DTN,LA,ASW,CE,Federal Contract Tower,0,0,12,0,12,0,2,53,0,55,0,2,65,0,67,94,0,94,161
08/09/2020,DTN,LA,ASW,CE,Federal Contract Tower,0,0,11,0,11,0,0,47,0,47,0,0,58,0,58,94,0,94,152
08/10/2020,DTN,LA,ASW,CE,Federal Contract Tower,0,0,6,0,6,0,0,62,0,62,0,0,68,0,68,118,0,118,186
08/11/2020,DTN,LA,ASW,CE,Federal Contract Tower,0,0,12,0,12,0,0,50,2,52,0,0,62,2,64,114,0,114,178
08/12/2020,DTN,LA,ASW,CE,Federal Contract Tower,0,0,8,0,8,0,0,0,0,0,0,0,8,0,8,20,0,20,28
08/13/2020,DTN,LA,ASW,CE,Federal Contract Tower,0,0,23,0,23,0,0,63,0,63,0,0,86,0,86,128,0,128,214
08/14/2020,DTN,LA,ASW,CE,Federal Contract Tower,0,0,11,0,11,0,0,48,0,48,0,0,59,0,59,74,0,74,133
08/15/2020,DTN,LA,ASW,CE,Federal Contract Tower,0,0,14,0,14,0,0,60,0,60,0,0,74,0,74,118,0,118,192
08/16/2020,DTN,LA,ASW,CE,Federal Contract Tower,0,0,21,0,21,0,0,52,0,52,0,0,73,0,73,54,0,54,127
08/18/2020,DTN,LA,ASW,CE,Federal Contract Tower,0,2,5,0,7,0,1,54,1,56,0,3,59,1,63,36,0,36,99
08/19/2020,DTN,LA,ASW,CE,Federal Contract Tower,0,0,13,0,13,0,0,48,0,48,0,0,61,0,61,88,0,88,149
08/20/2020,DTN,LA,ASW,CE,Federal Contract Tower,0,0,9,0,9,0,1,81,2,84,0,1,90,2,93,142,0,142,235
08/21/2020,DTN,LA,ASW,CE,Federal Contract Tower,0,0,20,0,20,0,2,71,0,73,0,2,91,0,93,70,0,70,163
08/22/2020,DTN,LA,ASW,CE,Federal Contract Tower,0,0,8,0,8,0,4,68,0,72,0,4,76,0,80,80,0,80,160
08/23/2020,DTN,LA,ASW,CE,Federal Contract Tower,0,0,11,0,11,0,0,48,0,48,0,0,59,0,59,40,0,40,99
08/24/2020,DTN,LA,ASW,CE,Federal Contract Tower,0,0,3,0,3,0,0,39,1,40,0,0,42,1,43,54,0,54,97
08/25/2020,DTN,LA,ASW,CE,Federal Contract Tower,0,0,14,0,14,0,1,29,1,31,0,1,43,1,45,22,0,22,67
08/26/2020,DTN,LA,ASW,CE,Federal Contract Tower,0,0,10,0,10,0,0,12,0,12,0,0,22,0,22,4,0,4,26
08/27/2020,DTN,LA,ASW,CE,Federal Contract Tower,0,0,0,0,0,0,0,1,0,1,0,0,1,0,1,0,0,0,1
08/28/2020,DTN,LA,ASW,CE,Federal Contract Tower,0,1,6,0,7,0,3,9,0,12,0,4,15,0,19,4,0,4,23
08/29/2020,DTN,LA,ASW,CE,Federal Contract Tower,0,0,14,0,14,0,1,37,0,38,0,1,51,0,52,26,0,26,78
08/30/2020,DTN,LA,ASW,CE,Federal Contract Tower,0,0,8,0,8,0,3,33,0,36,0,3,41,0,44,72,0,72,116
08/31/2020,DTN,LA,ASW,CE,Federal Contract Tower,0,2,10,0,12,0,1,19,0,20,0,3,29,0,32,32,0,32,64
09/01/2020,DTN,LA,ASW,CE,Federal Contract Tower,0,0,9,0,9,0,1,9,0,10,0,1,18,0,19,16,0,16,35
09/02/2020,DTN,LA,ASW,CE,Federal Contract Tower,0,0,7,0,7,0,0,37,0,37,0,0,44,0,44,52,0,52,96
09/03/2020,DTN,LA,ASW,CE,Federal Contract Tower,0,0,15,0,15,0,0,33,0,33,0,0,48,0,48,12,0,12,60
09/04/2020,DTN,LA,ASW,CE,Federal Contract Tower,0,1,21,0,22,0,2,38,0,40,0,3,59,0,62,16,0,16,78
09/05/2020,DTN,LA,ASW,CE,Federal Contract Tower,0,0,12,0,12,0,0,49,0,49,0,0,61,0,61,86,0,86,147
09/06/2020,DTN,LA,ASW,CE,Federal Contract Tower,0,0,8,0,8,0,0,53,0,53,0,0,61,0,61,54,0,54,115
09/07/2020,DTN,LA,ASW,CE,Federal Contract Tower,0,0,26,0,26,0,0,63,0,63,0,0,89,0,89,120,0,120,209
09/08/2020,DTN,LA,ASW,CE,Federal Contract Tower,0,0,14,0,14,0,42,1,0,43,0,42,15,0,57,2,0,2,59
09/09/2020,DTN,LA,ASW,CE,Federal Contract Tower,0,0,13,0,13,0,0,51,0,51,0,0,64,0,64,72,0,72,136
09/10/2020,DTN,LA,ASW,CE,Federal Contract Tower,0,0,17,0,17,0,0,51,0,51,0,0,68,0,68,72,0,72,140
09/11/2020,DTN,LA,ASW,CE,Federal Contract Tower,0,0,16,0,16,0,0,26,0,26,0,0,42,0,42,28,0,28,70
09/12/2020,DTN,LA,ASW,CE,Federal Contract Tower,0,0,13,0,13,0,0,56,0,56,0,0,69,0,69,62,0,62,131
09/13/2020,DTN,LA,ASW,CE,Federal Contract Tower,0,0,22,0,22,0,0,26,0,26,0,0,48,0,48,22,0,22,70
09/14/2020,DTN,LA,ASW,CE,Federal Contract Tower,0,0,18,0,18,0,0,32,0,32,0,0,50,0,50,86,0,86,136
09/15/2020,DTN,LA,ASW,CE,Federal Contract Tower,0,0,12,0,12,0,0,52,0,52,0,0,64,0,64,110,0,110,174
09/16/2020,DTN,LA,ASW,CE,Federal Contract Tower,0,0,23,0,23,0,2,34,2,38,0,2,57,2,61,40,0,40,101
09/17/2020,DTN,LA,ASW,CE,Federal Contract Tower,0,0,19,0,19,0,0,51,0,51,0,0,70,0,70,94,0,94,164
09/18/2020,DTN,LA,ASW,CE,Federal Contract Tower,0,2,27,0,29,0,0,32,0,32,0,2,59,0,61,24,0,24,85
09/19/2020,DTN,LA,ASW,CE,Federal Contract Tower,0,0,23,0,23,0,2,36,0,38,0,2,59,0,61,20,0,20,81
09/20/2020,DTN,LA,ASW,CE,Federal Contract Tower,0,1,15,0,16,0,0,37,0,37,0,1,52,0,53,14,0,14,67
09/21/2020,DTN,LA,ASW,CE,Federal Contract Tower,0,0,3,0,3,0,0,4,0,4,0,0,7,0,7,0,0,0,7
09/22/2020,DTN,LA,ASW,CE,Federal Contract Tower,0,2,3,0,5,0,0,1,0,1,0,2,4,0,6,0,0,0,6
09/23/2020,DTN,LA,ASW,CE,Federal Contract Tower,0,0,6,0,6,0,0,0,0,0,0,0,6,0,6,0,0,0,6
09/24/2020,DTN,LA,ASW,CE,Federal Contract Tower,0,0,24,0,24,0,0,5,0,5,0,0,29,0,29,19,0,19,48
09/25/2020,DTN,LA,ASW,CE,Federal Contract Tower,0,2,21,0,23,0,2,49,0,51,0,4,70,0,74,30,0,30,104
09/26/2020,DTN,LA,ASW,CE,Federal Contract Tower,0,0,8,0,8,0,0,29,0,29,0,0,37,0,37,56,0,56,93
09/27/2020,DTN,LA,ASW,CE,Federal Contract Tower,0,1,21,0,22,0,0,53,0,53,0,1,74,0,75,138,0,138,213
09/28/2020,DTN,LA,ASW,CE,Federal Contract Tower,0,0,6,0,6,0,0,21,0,21,0,0,27,0,27,12,0,12,39
09/29/2020,DTN,LA,ASW,CE,Federal Contract Tower,0,0,19,0,19,0,0,81,0,81,0,0,100,0,100,136,0,136,236
09/30/2020,DTN,LA,ASW,CE,Federal Contract Tower,0,0,5,0,5,0,0,107,0,107,0,0,112,0,112,104,0,104,216
10/01/2020,DTN,LA,ASW,CE,Federal Contract Tower,0,0,10,0,10,0,0,87,0,87,0,0,97,0,97,112,0,112,209
10/02/2020,DTN,LA,ASW,CE,Federal Contract Tower,0,0,19,0,19,0,0,67,0,67,0,0,86,0,86,62,0,62,148
10/03/2020,DTN,LA,ASW,CE,Federal Contract Tower,0,0,4,1,5,0,0,73,0,73,0,0,77,1,78,74,0,74,152
10/04/2020,DTN,LA,ASW,CE,Federal Contract Tower,0,0,7,0,7,0,0,53,0,53,0,0,60,0,60,86,0,86,146
10/05/2020,DTN,LA,ASW,CE,Federal Contract Tower,0,2,16,0,18,0,1,66,0,67,0,3,82,0,85,134,0,134,219
10/06/2020,DTN,LA,ASW,CE,Federal Contract Tower,0,0,14,0,14,0,0,61,4,65,0,0,75,4,79,138,0,138,217
10/07/2020,DTN,LA,ASW,CE,Federal Contract Tower,0,0,10,0,10,0,2,89,4,95,0,2,99,4,105,130,0,130,235
10/08/2020,DTN,LA,ASW,CE,Federal Contract Tower,0,3,11,0,14,0,1,31,0,32,0,4,42,0,46,48,0,48,94
10/09/2020,DTN,LA,ASW,CE,Federal Contract Tower,0,0,7,0,7,0,0,0,0,0,0,0,7,0,7,0,0,0,7
10/10/2020,DTN,LA,ASW,CE,Federal Contract Tower,0,0,3,0,3,0,4,24,0,28,0,4,27,0,31,26,0,26,57
10/11/2020,DTN,LA,ASW,CE,Federal Contract Tower,0,0,8,0,8,0,0,69,0,69,0,0,77,0,77,102,0,102,179
10/12/2020,DTN,LA,ASW,CE,Federal Contract Tower,0,0,13,0,13,0,0,47,0,47,0,0,60,0,60,122,0,122,182
10/13/2020,DTN,LA,ASW,CE,Federal Contract Tower,0,0,16,0,16,0,1,55,0,56,0,1,71,0,72,116,0,116,188
10/14/2020,DTN,LA,ASW,CE,Federal Contract Tower,0,0,29,0,29,0,2,73,0,75,0,2,102,0,104,86,0,86,190
10/15/2020,DTN,LA,ASW,CE,Federal Contract Tower,0,0,25,0,25,0,1,24,1,26,0,1,49,1,51,20,0,20,71
10/16/2020,DTN,LA,ASW,CE,Federal Contract Tower,0,2,25,0,27,0,1,58,0,59,0,3,83,0,86,18,0,18,104
10/17/2020,DTN,LA,ASW,CE,Federal Contract Tower,0,0,9,0,9,0,2,49,0,51,0,2,58,0,60,14,0,14,74
10/18/2020,DTN,LA,ASW,CE,Federal Contract Tower,0,0,18,0,18,0,0,34,0,34,0,0,52,0,52,38,0,38,90
10/19/2020,DTN,LA,ASW,CE,Federal Contract Tower,0,0,11,0,11,0,0,27,0,27,0,0,38,0,38,58,0,58,96
10/20/2020,DTN,LA,ASW,CE,Federal Contract Tower,0,0,13,0,13,0,0,53,0,53,0,0,66,0,66,96,0,96,162
10/21/2020,DTN,LA,ASW,CE,Federal Contract Tower,0,0,19,0,19,0,0,109,0,109,0,0,128,0,128,174,0,174,302
10/22/2020,DTN,LA,ASW,CE,Federal Contract Tower,0,0,26,0,26,0,0,118,0,118,0,0,144,0,144,138,0,138,282
10/23/2020,DTN,LA,ASW,CE,Federal Contract Tower,0,0,15,0,15,0,0,8,0,8,0,0,23,0,23,0,0,0,23
10/24/2020,DTN,LA,ASW,CE,Federal Contract Tower,0,0,28,0,28,0,0,10,0,10,0,0,38,0,38,0,0,0,38
10/25/2020,DTN,LA,ASW,CE,Federal Contract Tower,0,0,23,0,23,0,0,4,0,4,0,0,27,0,27,4,0,4,31
10/26/2020,DTN,LA,ASW,CE,Federal Contract Tower,0,3,15,0,18,0,0,12,0,12,0,3,27,0,30,2,0,2,32
10/27/2020,DTN,LA,ASW,CE,Federal Contract Tower,0,0,17,0,17,0,0,0,0,0,0,0,17,0,17,0,0,0,17
10/28/2020,DTN,LA,ASW,CE,Federal Contract Tower,0,0,2,0,2,0,0,0,0,0,0,0,2,0,2,0,0,0,2
10/29/2020,DTN,LA,ASW,CE,Federal Contract Tower,0,0,17,0,17,0,1,14,0,15,0,1,31,0,32,20,0,20,52
10/30/2020,DTN,LA,ASW,CE,Federal Contract Tower,0,0,21,0,21,0,7,62,0,69,0,7,83,0,90,48,0,48,138
10/31/2020,DTN,LA,ASW,CE,Federal Contract Tower,0,0,8,0,8,0,0,58,0,58,0,0,66,0,66,26,0,26,92
11/01/2020,DTN,LA,ASW,CE,Federal Contract Tower,0,0,14,0,14,0,0,41,0,41,0,0,55,0,55,58,0,58,113
11/02/2020,DTN,LA,ASW,CE,Federal Contract Tower,0,0,15,0,15,0,8,58,0,66,0,8,73,0,81,152,0,152,233
11/03/2020,DTN,LA,ASW,CE,Federal Contract Tower,0,0,12,0,12,0,2,53,0,55,0,2,65,0,67,126,0,126,193
11/04/2020,DTN,LA,ASW,CE,Federal Contract Tower,0,1,12,0,13,0,4,80,0,84,0,5,92,0,97,126,0,126,223
11/05/2020,DTN,LA,ASW,CE,Federal Contract Tower,0,0,25,0,25,0,62,2,0,64,0,62,27,0,89,62,0,62,151
11/06/2020,DTN,LA,ASW,CE,Federal Contract Tower,0,2,12,0,14,0,7,60,0,67,0,9,72,0,81,90,0,90,171
11/07/2020,DTN,LA,ASW,CE,Federal Contract Tower,0,0,12,0,12,0,9,54,0,63,0,9,66,0,75,60,0,60,135
11/08/2020,DTN,LA,ASW,CE,Federal Contract Tower,0,0,32,0,32,0,0,16,0,16,0,0,48,0,48,8,0,8,56
11/09/2020,DTN,LA,ASW,CE,Federal Contract Tower,0,0,13,0,13,0,0,29,0,29,0,0,42,0,42,54,0,54,96
11/10/2020,DTN,LA,ASW,CE,Federal Contract Tower,0,0,15,0,15,0,0,35,0,35,0,0,50,0,50,56,0,56,106
11/11/2020,DTN,LA,ASW,CE,Federal Contract Tower,0,0,21,0,21,0,0,74,0,74,0,0,95,0,95,150,0,150,245
11/12/2020,DTN,LA,ASW,CE,Federal Contract Tower,0,0,19,0,19,0,0,103,0,103,0,0,122,0,122,168,0,168,290
11/13/2020,DTN,LA,ASW,CE,Federal Contract Tower,0,1,15,0,16,0,5,36,4,45,0,6,51,4,61,26,0,26,87
11/14/2020,DTN,LA,ASW,CE,Federal Contract Tower,0,1,11,0,12,0,5,28,0,33,0,6,39,0,45,22,0,22,67
11/15/2020,DTN,LA,ASW,CE,Federal Contract Tower,0,0,15,1,16,0,0,51,1,52,0,0,66,2,68,28,0,28,96
11/16/2020,DTN,LA,ASW,CE,Federal Contract Tower,0,0,9,0,9,0,2,67,0,69,0,2,76,0,78,146,0,146,224
11/17/2020,DTN,LA,ASW,CE,Federal Contract Tower,0,1,21,0,22,0,3,41,3,47,0,4,62,3,69,34,0,34,103
11/18/2020,DTN,LA,ASW,CE,Federal Contract Tower,0,0,11,0,11,0,3,60,0,63,0,3,71,0,74,42,0,42,116
11/19/2020,DTN,LA,ASW,CE,Federal Contract Tower,0,0,7,0,7,0,0,53,0,53,0,0,60,0,60,30,0,30,90
11/20/2020,DTN,LA,ASW,CE,Federal Contract Tower,0,0,22,0,22,0,2,24,0,26,0,2,46,0,48,42,0,42,90
11/21/2020,DTN,LA,ASW,CE,Federal Contract Tower,0,0,24,0,24,0,1,72,0,73,0,1,96,0,97,90,0,90,187
11/22/2020,DTN,LA,ASW,CE,Federal Contract Tower,0,0,18,0,18,0,0,40,0,40,0,0,58,0,58,20,0,20,78
11/23/2020,DTN,LA,ASW,CE,Federal Contract Tower,0,0,10,0,10,0,2,64,0,66,0,2,74,0,76,60,0,60,136
11/24/2020,DTN,LA,ASW,CE,Federal Contract Tower,0,2,27,0,29,0,2,20,0,22,0,4,47,0,51,12,0,12,63
11/25/2020,DTN,LA,ASW,CE,Federal Contract Tower,0,0,13,0,13,0,0,62,0,62,0,0,75,0,75,40,0,40,115
11/26/2020,DTN,LA,ASW,CE,Federal Contract Tower,0,0,5,0,5,0,0,49,0,49,0,0,54,0,54,44,0,44,98
11/27/2020,DTN,LA,ASW,CE,Federal Contract Tower,0,0,7,0,7,0,0,0,0,0,0,0,7,0,7,0,0,0,7
11/28/2020,DTN,LA,ASW,CE,Federal Contract Tower,0,0,14,0,14,0,0,30,0,30,0,0,44,0,44,22,0,22,66
11/29/2020,DTN,LA,ASW,CE,Federal Contract Tower,0,0,20,0,20,0,0,2,0,2,0,0,22,0,22,0,0,0,22
11/30/2020,DTN,LA,ASW,CE,Federal Contract Tower,0,0,13,0,13,0,1,36,0,37,0,1,49,0,50,42,0,42,92
12/01/2020,DTN,LA,ASW,CE,Federal Contract Tower,0,0,11,0,11,0,0,63,1,64,0,0,74,1,75,82,0,82,157
12/02/2020,DTN,LA,ASW,CE,Federal Contract Tower,0,0,4,0,4,0,4,5,2,11,0,4,9,2,15,6,0,6,21
12/03/2020,DTN,LA,ASW,CE,Federal Contract Tower,0,0,19,0,19,0,0,4,0,4,0,0,23,0,23,44,0,44,67
12/04/2020,DTN,LA,ASW,CE,Federal Contract Tower,0,0,17,0,17,0,5,49,0,54,0,5,66,0,71,66,0,66,137
12/05/2020,DTN,LA,ASW,CE,Federal Contract Tower,0,0,14,0,14,0,0,83,0,83,0,0,97,0,97,60,0,60,157
12/06/2020,DTN,LA,ASW,CE,Federal Contract Tower,0,0,17,0,17,0,0,81,0,81,0,0,98,0,98,50,0,50,148
12/07/2020,DTN,LA,ASW,CE,Federal Contract Tower,0,0,18,1,19,0,0,50,1,51,0,0,68,2,70,58,0,58,128
12/08/2020,DTN,LA,ASW,CE,Federal Contract Tower,0,0,8,0,8,0,0,39,0,39,0,0,47,0,47,57,0,57,104
12/09/2020,DTN,LA,ASW,CE,Federal Contract Tower,0,0,15,0,15,0,2,65,0,67,0,2,80,0,82,50,0,50,132
12/10/2020,DTN,LA,ASW,CE,Federal Contract Tower,0,0,14,0,14,0,0,54,0,54,0,0,68,0,68,38,0,38,106
12/11/2020,DTN,LA,ASW,CE,Federal Contract Tower,0,0,0,0,0,0,0,5,0,5,0,0,5,0,5,0,0,0,5
12/12/2020,DTN,LA,ASW,CE,Federal Contract Tower,0,0,12,0,12,0,0,56,0,56,0,0,68,0,68,82,0,82,150
12/13/2020,DTN,LA,ASW,CE,Federal Contract Tower,0,0,6,0,6,0,0,4,0,4,0,0,10,0,10,4,0,4,14
12/14/2020,DTN,LA,ASW,CE,Federal Contract Tower,0,0,2,0,2,0,0,34,0,34,0,0,36,0,36,54,0,54,90
12/15/2020,DTN,LA,ASW,CE,Federal Contract Tower,0,2,0,0,2,0,0,0,0,0,0,2,0,0,2,0,0,0,2
12/16/2020,DTN,LA,ASW,CE,Federal Contract Tower,0,0,17,0,17,0,1,2,0,3,0,1,19,0,20,0,0,0,20
12/17/2020,DTN,LA,ASW,CE,Federal Contract Tower,0,0,14,2,16,0,0,51,0,51,0,0,65,2,67,66,0,66,133
12/18/2020,DTN,LA,ASW,CE,Federal Contract Tower,0,1,12,0,13,0,7,53,0,60,0,8,65,0,73,20,0,20,93
12/19/2020,DTN,LA,ASW,CE,Federal Contract Tower,0,0,0,0,0,0,0,0,0,0,0,0,0,0,0,0,0,0,0
12/21/2020,DTN,LA,ASW,CE,Federal Contract Tower,0,0,10,0,10,0,0,67,0,67,0,0,77,0,77,98,0,98,175
12/22/2020,DTN,LA,ASW,CE,Federal Contract Tower,0,0,12,0,12,0,2,54,0,56,0,2,66,0,68,94,0,94,162
12/23/2020,DTN,LA,ASW,CE,Federal Contract Tower,0,0,13,0,13,0,0,4,0,4,0,0,17,0,17,6,0,6,23
12/24/2020,DTN,LA,ASW,CE,Federal Contract Tower,0,0,4,0,4,0,0,20,0,20,0,0,24,0,24,30,0,30,54
12/25/2020,DTN,LA,ASW,CE,Federal Contract Tower,0,0,0,0,0,0,0,13,0,13,0,0,13,0,13,0,0,0,13
12/26/2020,DTN,LA,ASW,CE,Federal Contract Tower,0,0,12,0,12,0,4,38,0,42,0,4,50,0,54,32,0,32,86
12/27/2020,DTN,LA,ASW,CE,Federal Contract Tower,0,0,8,0,8,0,0,18,0,18,0,0,26,0,26,34,0,34,60
12/28/2020,DTN,LA,ASW,CE,Federal Contract Tower,0,0,24,0,24,0,0,8,0,8,0,0,32,0,32,0,0,0,32
12/29/2020,DTN,LA,ASW,CE,Federal Contract Tower,0,0,10,0,10,0,0,33,0,33,0,0,43,0,43,42,0,42,85
12/30/2020,DTN,LA,ASW,CE,Federal Contract Tower,0,0,1,0,1,0,0,8,0,8,0,0,9,0,9,4,0,4,13
12/31/2020,DTN,LA,ASW,CE,Federal Contract Tower,0,0,0,0,0,0,0,0,0,0,0,0,0,0,0,0,0,0,0
01/01/2021,DTN,LA,ASW,CE,Federal Contract Tower,0,1,0,0,1,0,0,7,0,7,0,1,7,0,8,12,0,12,20
01/02/2021,DTN,LA,ASW,CE,Federal Contract Tower,0,1,13,0,14,0,0,12,0,12,0,1,25,0,26,6,0,6,32
01/03/2021,DTN,LA,ASW,CE,Federal Contract Tower,0,0,11,0,11,0,0,85,0,85,0,0,96,0,96,74,0,74,170
01/04/2021,DTN,LA,ASW,CE,Federal Contract Tower,0,0,11,0,11,0,0,59,0,59,0,0,70,0,70,110,0,110,180
01/05/2021,DTN,LA,ASW,CE,Federal Contract Tower,0,0,8,0,8,0,2,68,0,70,0,2,76,0,78,83,0,83,161
01/06/2021,DTN,LA,ASW,CE,Federal Contract Tower,0,0,4,0,4,0,0,10,0,10,0,0,14,0,14,36,0,36,50
01/07/2021,DTN,LA,ASW,CE,Federal Contract Tower,0,0,10,0,10,0,0,2,0,2,0,0,12,0,12,0,0,0,12
01/08/2021,DTN,LA,ASW,CE,Federal Contract Tower,0,0,12,0,12,0,0,19,0,19,0,0,31,0,31,26,0,26,57
01/09/2021,DTN,LA,ASW,CE,Federal Contract Tower,0,0,16,0,16,0,0,64,0,64,0,0,80,0,80,104,0,104,184
01/10/2021,DTN,LA,ASW,CE,Federal Contract Tower,0,0,1,0,1,0,1,10,0,11,0,1,11,0,12,6,0,6,18
01/11/2021,DTN,LA,ASW,CE,Federal Contract Tower,0,0,16,0,16,0,0,19,0,19,0,0,35,0,35,32,0,32,67
01/12/2021,DTN,LA,ASW,CE,Federal Contract Tower,0,2,12,2,16,0,1,35,0,36,0,3,47,2,52,46,0,46,98
01/13/2021,DTN,LA,ASW,CE,Federal Contract Tower,0,0,19,0,19,0,0,48,3,51,0,0,67,3,70,88,0,88,158
01/14/2021,DTN,LA,ASW,CE,Federal Contract Tower,0,0,10,1,11,0,2,36,0,38,0,2,46,1,49,8,10,18,67
01/15/2021,DTN,LA,ASW,CE,Federal Contract Tower,0,0,5,0,5,0,0,9,0,9,0,0,14,0,14,0,0,0,14
01/16/2021,DTN,LA,ASW,CE,Federal Contract Tower,0,0,14,0,14,0,4,67,0,71,0,4,81,0,85,50,0,50,135
01/17/2021,DTN,LA,ASW,CE,Federal Contract Tower,0,0,15,0,15,0,0,40,0,40,0,0,55,0,55,72,0,72,127
01/18/2021,DTN,LA,ASW,CE,Federal Contract Tower,0,0,11,0,11,0,0,79,0,79,0,0,90,0,90,152,0,152,242
01/19/2021,DTN,LA,ASW,CE,Federal Contract Tower,0,0,5,0,5,0,0,1,0,1,0,0,6,0,6,2,0,2,8
01/20/2021,DTN,LA,ASW,CE,Federal Contract Tower,0,0,16,0,16,0,0,14,0,14,0,0,30,0,30,102,0,102,132
01/21/2021,DTN,LA,ASW,CE,Federal Contract Tower,0,0,5,0,5,0,0,0,0,0,0,0,5,0,5,0,0,0,5
01/22/2021,DTN,LA,ASW,CE,Federal Contract Tower,0,0,4,0,4,0,0,0,0,0,0,0,4,0,4,0,0,0,4
01/23/2021,DTN,LA,ASW,CE,Federal Contract Tower,0,0,20,0,20,0,0,2,0,2,0,0,22,0,22,0,0,0,22
01/24/2021,DTN,LA,ASW,CE,Federal Contract Tower,0,0,1,0,1,0,0,0,0,0,0,0,1,0,1,0,0,0,1
01/26/2021,DTN,LA,ASW,CE,Federal Contract Tower,0,0,11,0,11,0,1,81,0,82,0,1,92,0,93,138,0,138,231
01/27/2021,DTN,LA,ASW,CE,Federal Contract Tower,0,0,22,0,22,0,0,77,0,77,0,0,99,0,99,204,0,204,303
01/28/2021,DTN,LA,ASW,CE,Federal Contract Tower,0,0,13,0,13,0,0,60,2,62,0,0,73,2,75,154,0,154,229
01/29/2021,DTN,LA,ASW,CE,Federal Contract Tower,0,2,17,0,19,0,0,73,0,73,0,2,90,0,92,76,0,76,168
01/30/2021,DTN,LA,ASW,CE,Federal Contract Tower,0,0,5,0,5,0,0,1,0,1,0,0,6,0,6,12,0,12,18
01/31/2021,DTN,LA,ASW,CE,Federal Contract Tower,0,0,18,0,18,0,0,30,0,30,0,0,48,0,48,34,0,34,82
02/01/2021,DTN,LA,ASW,CE,Federal Contract Tower,0,0,22,0,22,0,1,62,0,63,0,1,84,0,85,92,0,92,177
02/02/2021,DTN,LA,ASW,CE,Federal Contract Tower,0,0,17,0,17,0,1,71,0,72,0,1,88,0,89,96,0,96,185
02/03/2021,DTN,LA,ASW,CE,Federal Contract Tower,0,0,11,0,11,0,0,0,0,0,0,0,11,0,11,56,0,56,67
02/04/2021,DTN,LA,ASW,CE,Federal Contract Tower,0,0,21,1,22,0,0,24,0,24,0,0,45,1,46,50,0,50,96
02/05/2021,DTN,LA,ASW,CE,Federal Contract Tower,0,0,12,0,12,0,0,62,0,62,0,0,74,0,74,88,0,88,162
02/06/2021,DTN,LA,ASW,CE,Federal Contract Tower,0,0,7,0,7,0,0,8,0,8,0,0,15,0,15,42,0,42,57
02/07/2021,DTN,LA,ASW,CE,Federal Contract Tower,0,0,26,0,26,0,0,22,0,22,0,0,48,0,48,48,0,48,96
02/08/2021,DTN,LA,ASW,CE,Federal Contract Tower,0,0,14,0,14,0,0,8,0,8,0,0,22,0,22,0,0,0,22
02/09/2021,DTN,LA,ASW,CE,Federal Contract Tower,0,0,10,0,10,0,1,2,0,3,0,1,12,0,13,0,0,0,13
02/10/2021,DTN,LA,ASW,CE,Federal Contract Tower,0,0,6,0,6,0,1,0,0,1,0,1,6,0,7,0,0,0,7
02/11/2021,DTN,LA,ASW,CE,Federal Contract Tower,0,0,3,0,3,0,0,0,0,0,0,0,3,0,3,0,0,0,3
02/12/2021,DTN,LA,ASW,CE,Federal Contract Tower,0,0,6,0,6,0,0,10,0,10,0,0,16,0,16,10,0,10,26
02/13/2021,DTN,LA,ASW,CE,Federal Contract Tower,0,0,1,0,1,0,0,11,0,11,0,0,12,0,12,30,0,30,42
02/15/2021,DTN,LA,ASW,CE,Federal Contract Tower,0,0,0,0,0,0,0,0,0,0,0,0,0,0,0,0,0,0,0
02/16/2021,DTN,LA,ASW,CE,Federal Contract Tower,0,0,0,0,0,0,0,0,0,0,0,0,0,0,0,0,0,0,0
02/17/2021,DTN,LA,ASW,CE,Federal Contract Tower,0,0,0,0,0,0,0,0,0,0,0,0,0,0,0,0,0,0,0
02/18/2021,DTN,LA,ASW,CE,Federal Contract Tower,0,0,0,0,0,0,0,0,0,0,0,0,0,0,0,0,0,0,0
02/19/2021,DTN,LA,ASW,CE,Federal Contract Tower,0,0,0,0,0,0,0,0,0,0,0,0,0,0,0,0,0,0,0
02/20/2021,DTN,LA,ASW,CE,Federal Contract Tower,0,0,0,0,0,0,0,0,0,0,0,0,0,0,0,0,0,0,0
02/21/2021,DTN,LA,ASW,CE,Federal Contract Tower,0,0,2,0,2,0,0,6,0,6,0,0,8,0,8,30,0,30,38
02/22/2021,DTN,LA,ASW,CE,Federal Contract Tower,0,0,15,0,15,0,2,58,0,60,0,2,73,0,75,68,0,68,143
02/23/2021,DTN,LA,ASW,CE,Federal Contract Tower,0,0,13,0,13,0,5,67,0,72,0,5,80,0,85,122,0,122,207
02/24/2021,DTN,LA,ASW,CE,Federal Contract Tower,0,0,14,0,14,0,0,66,0,66,0,0,80,0,80,54,0,54,134
02/25/2021,DTN,LA,ASW,CE,Federal Contract Tower,0,0,25,0,25,0,0,23,0,23,0,0,48,0,48,16,0,16,64
02/26/2021,DTN,LA,ASW,CE,Federal Contract Tower,0,0,7,0,7,0,0,0,0,0,0,0,7,0,7,0,0,0,7
02/27/2021,DTN,LA,ASW,CE,Federal Contract Tower,0,4,2,0,6,0,2,7,0,9,0,6,9,0,15,8,0,8,23
02/28/2021,DTN,LA,ASW,CE,Federal Contract Tower,0,0,5,0,5,0,0,8,0,8,0,0,13,0,13,0,0,0,13
03/01/2021,DTN,LA,ASW,CE,Federal Contract Tower,0,0,3,0,3,0,0,0,0,0,0,0,3,0,3,0,0,0,3
03/02/2021,DTN,LA,ASW,CE,Federal Contract Tower,0,2,4,0,6,0,2,40,0,42,0,4,44,0,48,46,0,46,94
03/03/2021,DTN,LA,ASW,CE,Federal Contract Tower,0,0,16,0,16,0,0,76,3,79,0,0,92,3,95,144,0,144,239
03/04/2021,DTN,LA,ASW,CE,Federal Contract Tower,0,0,19,0,19,0,0,93,0,93,0,0,112,0,112,68,0,68,180
03/05/2021,DTN,LA,ASW,CE,Federal Contract Tower,0,0,7,0,7,0,1,14,0,15,0,1,21,0,22,32,0,32,54
03/06/2021,DTN,LA,ASW,CE,Federal Contract Tower,0,0,13,0,13,0,5,72,0,77,0,5,85,0,90,58,0,58,148
03/07/2021,DTN,LA,ASW,CE,Federal Contract Tower,0,0,13,0,13,0,0,91,0,91,0,0,104,0,104,126,0,126,230
03/08/2021,DTN,LA,ASW,CE,Federal Contract Tower,0,0,13,0,13,0,0,67,0,67,0,0,80,0,80,64,0,64,144
03/09/2021,DTN,LA,ASW,CE,Federal Contract Tower,0,0,5,0,5,0,0,20,0,20,0,0,25,0,25,2,0,2,27
03/10/2021,DTN,LA,ASW,CE,Federal Contract Tower,0,1,17,0,18,0,1,8,0,9,0,2,25,0,27,46,0,46,73
03/11/2021,DTN,LA,ASW,CE,Federal Contract Tower,0,0,15,0,15,0,0,19,2,21,0,0,34,2,36,18,0,18,54
03/12/2021,DTN,LA,ASW,CE,Federal Contract Tower,0,0,23,0,23,0,0,36,0,36,0,0,59,0,59,48,0,48,107
03/13/2021,DTN,LA,ASW,CE,Federal Contract Tower,0,1,21,0,22,0,2,54,0,56,0,3,75,0,78,74,0,74,152
03/14/2021,DTN,LA,ASW,CE,Federal Contract Tower,0,0,10,0,10,0,0,5,0,5,0,0,15,0,15,8,0,8,23
03/15/2021,DTN,LA,ASW,CE,Federal Contract Tower,0,0,12,0,12,0,4,53,0,57,0,4,65,0,69,68,0,68,137
03/16/2021,DTN,LA,ASW,CE,Federal Contract Tower,0,0,14,0,14,0,0,40,0,40,0,0,54,0,54,58,0,58,112
03/17/2021,DTN,LA,ASW,CE,Federal Contract Tower,0,0,7,0,7,0,0,6,0,6,0,0,13,0,13,4,0,4,17
03/18/2021,DTN,LA,ASW,CE,Federal Contract Tower,0,0,18,0,18,0,0,29,0,29,0,0,47,0,47,8,0,8,55
03/19/2021,DTN,LA,ASW,CE,Federal Contract Tower,0,0,17,0,17,0,1,41,0,42,0,1,58,0,59,42,0,42,101
03/20/2021,DTN,LA,ASW,CE,Federal Contract Tower,0,0,19,0,19,0,2,67,0,69,0,2,86,0,88,66,0,66,154
03/21/2021,DTN,LA,ASW,CE,Federal Contract Tower,0,0,18,0,18,0,2,78,0,80,0,2,96,0,98,120,0,120,218
03/22/2021,DTN,LA,ASW,CE,Federal Contract Tower,0,0,14,0,14,0,0,32,2,34,0,0,46,2,48,120,0,120,168
03/23/2021,DTN,LA,ASW,CE,Federal Contract Tower,0,0,14,1,15,0,1,44,1,46,0,1,58,2,61,14,0,14,75
03/24/2021,DTN,LA,ASW,CE,Federal Contract Tower,0,0,15,0,15,0,1,36,3,40,0,1,51,3,55,76,0,76,131
03/25/2021,DTN,LA,ASW,CE,Federal Contract Tower,0,0,15,0,15,0,7,5,0,12,0,7,20,0,27,4,0,4,31
03/26/2021,DTN,LA,ASW,CE,Federal Contract Tower,0,2,17,0,19,0,9,55,0,64,0,11,72,0,83,66,0,66,149
03/27/2021,DTN,LA,ASW,CE,Federal Contract Tower,0,1,3,0,4,0,4,12,0,16,0,5,15,0,20,26,0,26,46
03/28/2021,DTN,LA,ASW,CE,Federal Contract Tower,0,0,17,0,17,0,0,31,0,31,0,0,48,0,48,50,0,50,98
03/29/2021,DTN,LA,ASW,CE,Federal Contract Tower,0,0,10,0,10,0,3,64,0,67,0,3,74,0,77,110,0,110,187
03/30/2021,DTN,LA,ASW,CE,Federal Contract Tower,0,0,21,0,21,0,0,1,0,1,0,0,22,0,22,0,0,0,22
03/31/2021,DTN,LA,ASW,CE,Federal Contract Tower,0,0,8,0,8,0,0,6,0,6,0,0,14,0,14,8,0,8,22
04/01/2021,DTN,LA,ASW,CE,Federal Contract Tower,0,0,19,0,19,0,0,72,5,77,0,0,91,5,96,60,0,60,156
04/02/2021,DTN,LA,ASW,CE,Federal Contract Tower,0,0,6,0,6,0,4,53,0,57,0,4,59,0,63,52,0,52,115
04/03/2021,DTN,LA,ASW,CE,Federal Contract Tower,0,0,20,0,20,0,0,66,0,66,0,0,86,0,86,90,0,90,176
04/04/2021,DTN,LA,ASW,CE,Federal Contract Tower,0,0,8,0,8,0,0,40,0,40,0,0,48,0,48,38,0,38,86
04/05/2021,DTN,LA,ASW,CE,Federal Contract Tower,0,0,17,0,17,0,3,54,0,57,0,3,71,0,74,122,0,122,196
04/06/2021,DTN,LA,ASW,CE,Federal Contract Tower,0,0,24,1,25,0,1,25,0,26,0,1,49,1,51,2,0,2,53
04/07/2021,DTN,LA,ASW,CE,Federal Contract Tower,0,0,14,0,14,0,0,3,0,3,0,0,17,0,17,12,0,12,29
04/08/2021,DTN,LA,ASW,CE,Federal Contract Tower,0,0,29,0,29,0,2,107,2,111,0,2,136,2,140,124,0,124,264
04/09/2021,DTN,LA,ASW,CE,Federal Contract Tower,0,0,18,0,18,0,0,19,0,19,0,0,37,0,37,24,0,24,61
04/10/2021,DTN,LA,ASW,CE,Federal Contract Tower,0,2,16,0,18,0,8,40,0,48,0,10,56,0,66,116,0,116,182
04/11/2021,DTN,LA,ASW,CE,Federal Contract Tower,0,0,14,0,14,0,1,61,0,62,0,1,75,0,76,46,0,46,122
04/12/2021,DTN,LA,ASW,CE,Federal Contract Tower,0,0,14,0,14,0,0,47,0,47,0,0,61,0,61,28,0,28,89
04/13/2021,DTN,LA,ASW,CE,Federal Contract Tower,0,0,18,0,18,0,0,37,0,37,0,0,55,0,55,52,0,52,107
04/14/2021,DTN,LA,ASW,CE,Federal Contract Tower,0,2,13,0,15,0,0,2,0,2,0,2,15,0,17,4,0,4,21
04/15/2021,DTN,LA,ASW,CE,Federal Contract Tower,0,0,22,0,22,0,0,67,0,67,0,0,89,0,89,54,0,54,143
04/16/2021,DTN,LA,ASW,CE,Federal Contract Tower,0,0,10,0,10,0,1,2,0,3,0,1,12,0,13,24,0,24,37
04/17/2021,DTN,LA,ASW,CE,Federal Contract Tower,0,0,23,0,23,0,1,10,0,11,0,1,33,0,34,16,0,16,50
04/18/2021,DTN,LA,ASW,CE,Federal Contract Tower,0,0,31,0,31,0,2,90,0,92,0,2,121,0,123,84,0,84,207
04/19/2021,DTN,LA,ASW,CE,Federal Contract Tower,0,0,13,0,13,0,0,79,1,80,0,0,92,1,93,194,0,194,287
04/20/2021,DTN,LA,ASW,CE,Federal Contract Tower,0,0,21,0,21,0,4,50,5,59,0,4,71,5,80,46,0,46,126
04/21/2021,DTN,LA,ASW,CE,Federal Contract Tower,0,1,14,0,15,0,3,50,0,53,0,4,64,0,68,38,0,38,106
04/22/2021,DTN,LA,ASW,CE,Federal Contract Tower,0,0,20,0,20,0,0,74,0,74,0,0,94,0,94,138,0,138,232
04/23/2021,DTN,LA,ASW,CE,Federal Contract Tower,0,0,5,0,5,0,1,4,0,5,0,1,9,0,10,2,0,2,12
04/24/2021,DTN,LA,ASW,CE,Federal Contract Tower,0,0,10,0,10,0,6,56,0,62,0,6,66,0,72,50,0,50,122
04/25/2021,DTN,LA,ASW,CE,Federal Contract Tower,0,0,11,0,11,0,0,82,0,82,0,0,93,0,93,130,0,130,223
04/26/2021,DTN,LA,ASW,CE,Federal Contract Tower,0,0,21,0,21,0,0,67,5,72,0,0,88,5,93,92,0,92,185
04/27/2021,DTN,LA,ASW,CE,Federal Contract Tower,0,0,15,0,15,0,0,20,0,20,0,0,35,0,35,38,0,38,73
04/28/2021,DTN,LA,ASW,CE,Federal Contract Tower,0,0,17,0,17,0,0,19,0,19,0,0,36,0,36,6,0,6,42
04/29/2021,DTN,LA,ASW,CE,Federal Contract Tower,0,0,9,2,11,0,0,19,1,20,0,0,28,3,31,50,0,50,81
04/30/2021,DTN,LA,ASW,CE,Federal Contract Tower,0,0,17,0,17,0,0,10,0,10,0,0,27,0,27,2,0,2,29
05/01/2021,DTN,LA,ASW,CE,Federal Contract Tower,0,0,12,0,12,0,3,20,0,23,0,3,32,0,35,56,0,56,91
05/02/2021,DTN,LA,ASW,CE,Federal Contract Tower,0,0,11,0,11,0,2,67,0,69,0,2,78,0,80,66,0,66,146
05/03/2021,DTN,LA,ASW,CE,Federal Contract Tower,0,0,21,0,21,0,0,47,0,47,0,0,68,0,68,36,0,36,104
05/04/2021,DTN,LA,ASW,CE,Federal Contract Tower,0,0,4,0,4,0,0,20,0,20,0,0,24,0,24,0,0,0,24
05/05/2021,DTN,LA,ASW,CE,Federal Contract Tower,0,0,14,0,14,0,0,72,0,72,0,0,86,0,86,48,0,48,134
05/06/2021,DTN,LA,ASW,CE,Federal Contract Tower,0,0,12,0,12,0,0,40,0,40,0,0,52,0,52,64,0,64,116
05/07/2021,DTN,LA,ASW,CE,Federal Contract Tower,0,0,15,0,15,0,0,26,1,27,0,0,41,1,42,34,0,34,76
05/08/2021,DTN,LA,ASW,CE,Federal Contract Tower,0,0,6,0,6,0,0,24,0,24,0,0,30,0,30,10,0,10,40
05/09/2021,DTN,LA,ASW,CE,Federal Contract Tower,0,0,2,0,2,0,0,71,0,71,0,0,73,0,73,0,0,0,73
05/10/2021,DTN,LA,ASW,CE,Federal Contract Tower,0,0,7,0,7,0,0,2,0,2,0,0,9,0,9,0,0,0,9
05/11/2021,DTN,LA,ASW,CE,Federal Contract Tower,0,0,5,0,5,0,0,0,0,0,0,0,5,0,5,0,0,0,5
05/12/2021,DTN,LA,ASW,CE,Federal Contract Tower,0,0,19,0,19,0,0,6,0,6,0,0,25,0,25,0,0,0,25
05/13/2021,DTN,LA,ASW,CE,Federal Contract Tower,0,0,21,0,21,0,0,92,0,92,0,0,113,0,113,92,0,92,205
05/14/2021,DTN,LA,ASW,CE,Federal Contract Tower,0,0,23,0,23,0,0,92,0,92,0,0,115,0,115,92,0,92,207
05/15/2021,DTN,LA,ASW,CE,Federal Contract Tower,0,0,21,0,21,0,5,87,0,92,0,5,108,0,113,136,0,136,249
05/16/2021,DTN,LA,ASW,CE,Federal Contract Tower,0,0,25,0,25,0,0,57,0,57,0,0,82,0,82,76,0,76,158
05/17/2021,DTN,LA,ASW,CE,Federal Contract Tower,0,0,5,0,5,0,0,10,0,10,0,0,15,0,15,0,0,0,15
05/18/2021,DTN,LA,ASW,CE,Federal Contract Tower,0,2,11,0,13,0,1,19,0,20,0,3,30,0,33,0,0,0,33
05/19/2021,DTN,LA,ASW,CE,Federal Contract Tower,0,1,14,0,15,0,0,20,0,20,0,1,34,0,35,74,0,74,109
05/20/2021,DTN,LA,ASW,CE,Federal Contract Tower,0,0,10,0,10,0,1,7,0,8,0,1,17,0,18,4,0,4,22
05/21/2021,DTN,LA,ASW,CE,Federal Contract Tower,0,0,14,0,14,0,2,7,0,9,0,2,21,0,23,2,0,2,25
05/22/2021,DTN,LA,ASW,CE,Federal Contract Tower,0,0,17,0,17,0,0,66,0,66,0,0,83,0,83,128,0,128,211
05/23/2021,DTN,LA,ASW,CE,Federal Contract Tower,0,0,14,0,14,0,4,69,0,73,0,4,83,0,87,112,0,112,199
05/24/2021,DTN,LA,ASW,CE,Federal Contract Tower,0,0,1,18,19,0,0,39,0,39,0,0,40,18,58,76,0,76,134
05/25/2021,DTN,LA,ASW,CE,Federal Contract Tower,0,0,19,0,19,0,3,27,5,35,0,3,46,5,54,4,0,4,58
05/26/2021,DTN,LA,ASW,CE,Federal Contract Tower,0,0,36,0,36,0,0,57,0,57,0,0,93,0,93,42,0,42,135
05/27/2021,DTN,LA,ASW,CE,Federal Contract Tower,0,0,27,0,27,0,0,51,0,51,0,0,78,0,78,46,0,46,124
05/28/2021,DTN,LA,ASW,CE,Federal Contract Tower,0,0,15,0,15,0,0,20,0,20,0,0,35,0,35,30,0,30,65
05/29/2021,DTN,LA,ASW,CE,Federal Contract Tower,0,0,11,0,11,0,0,38,0,38,0,0,49,0,49,14,0,14,63
05/30/2021,DTN,LA,ASW,CE,Federal Contract Tower,0,0,14,0,14,0,0,50,0,50,0,0,64,0,64,54,0,54,118
05/31/2021,DTN,LA,ASW,CE,Federal Contract Tower,0,0,20,0,20,0,0,66,0,66,0,0,86,0,86,146,0,146,232
06/01/2021,DTN,LA,ASW,CE,Federal Contract Tower,0,0,18,0,18,0,2,20,1,23,0,2,38,1,41,40,0,40,81
06/02/2021,DTN,LA,ASW,CE,Federal Contract Tower,0,0,17,0,17,0,0,38,3,41,0,0,55,3,58,92,0,92,150
06/03/2021,DTN,LA,ASW,CE,Federal Contract Tower,0,0,21,0,21,0,0,46,0,46,0,0,67,0,67,24,0,24,91
06/04/2021,DTN,LA,ASW,CE,Federal Contract Tower,0,0,7,0,7,0,0,19,0,19,0,0,26,0,26,32,0,32,58
06/05/2021,DTN,LA,ASW,CE,Federal Contract Tower,0,0,7,0,7,0,0,7,0,7,0,0,14,0,14,0,0,0,14
06/06/2021,DTN,LA,ASW,CE,Federal Contract Tower,0,0,11,0,11,0,0,10,0,10,0,0,21,0,21,26,0,26,47
06/07/2021,DTN,LA,ASW,CE,Federal Contract Tower,0,0,25,0,25,0,1,20,0,21,0,1,45,0,46,24,0,24,70
06/08/2021,DTN,LA,ASW,CE,Federal Contract Tower,0,0,11,0,11,0,0,18,0,18,0,0,29,0,29,6,0,6,35
06/09/2021,DTN,LA,ASW,CE,Federal Contract Tower,0,0,32,0,32,0,0,44,0,44,0,0,76,0,76,114,0,114,190
06/10/2021,DTN,LA,ASW,CE,Federal Contract Tower,0,0,24,0,24,0,0,66,3,69,0,0,90,3,93,86,0,86,179
06/11/2021,DTN,LA,ASW,CE,Federal Contract Tower,0,3,14,0,17,0,0,53,0,53,0,3,67,0,70,50,0,50,120
06/12/2021,DTN,LA,ASW,CE,Federal Contract Tower,0,0,13,0,13,0,0,59,0,59,0,0,72,0,72,92,0,92,164
06/13/2021,DTN,LA,ASW,CE,Federal Contract Tower,0,0,19,0,19,0,1,70,0,71,0,1,89,0,90,108,0,108,198
06/14/2021,DTN,LA,ASW,CE,Federal Contract Tower,0,0,14,0,14,0,0,60,0,60,0,0,74,0,74,98,0,98,172
06/15/2021,DTN,LA,ASW,CE,Federal Contract Tower,0,1,14,0,15,0,0,68,0,68,0,1,82,0,83,74,0,74,157
06/16/2021,DTN,LA,ASW,CE,Federal Contract Tower,0,0,17,0,17,0,0,75,0,75,0,0,92,0,92,46,0,46,138
06/17/2021,DTN,LA,ASW,CE,Federal Contract Tower,0,0,18,0,18,0,0,79,5,84,0,0,97,5,102,128,0,128,230
06/18/2021,DTN,LA,ASW,CE,Federal Contract Tower,0,0,12,0,12,0,0,55,0,55,0,0,67,0,67,46,0,46,113
06/19/2021,DTN,LA,ASW,CE,Federal Contract Tower,0,1,5,0,6,0,0,46,0,46,0,1,51,0,52,50,0,50,102
06/20/2021,DTN,LA,ASW,CE,Federal Contract Tower,0,0,7,0,7,0,0,48,0,48,0,0,55,0,55,44,0,44,99
06/21/2021,DTN,LA,ASW,CE,Federal Contract Tower,0,0,11,0,11,0,0,14,0,14,0,0,25,0,25,2,0,2,27
06/22/2021,DTN,LA,ASW,CE,Federal Contract Tower,0,0,14,0,14,0,0,38,5,43,0,0,52,5,57,28,0,28,85
06/23/2021,DTN,LA,ASW,CE,Federal Contract Tower,0,0,14,0,14,0,0,63,0,63,0,0,77,0,77,132,0,132,209
06/24/2021,DTN,LA,ASW,CE,Federal Contract Tower,0,0,22,0,22,0,0,46,0,46,0,0,68,0,68,108,0,108,176
06/25/2021,DTN,LA,ASW,CE,Federal Contract Tower,0,0,19,0,19,0,2,33,0,35,0,2,52,0,54,30,0,30,84
06/26/2021,DTN,LA,ASW,CE,Federal Contract Tower,0,0,31,0,31,0,0,40,0,40,0,0,71,0,71,50,0,50,121
06/27/2021,DTN,LA,ASW,CE,Federal Contract Tower,0,0,14,0,14,0,0,40,0,40,0,0,54,0,54,52,0,52,106
06/28/2021,DTN,LA,ASW,CE,Federal Contract Tower,0,0,8,0,8,0,0,33,0,33,0,0,41,0,41,90,0,90,131
06/29/2021,DTN,LA,ASW,CE,Federal Contract Tower,0,0,20,0,20,0,5,58,0,63,0,5,78,0,83,20,0,20,103
06/30/2021,DTN,LA,ASW,CE,Federal Contract Tower,0,0,16,0,16,0,2,53,0,55,0,2,69,0,71,12,0,12,83
07/01/2021,DTN,LA,ASW,CE,Federal Contract Tower,0,0,12,0,12,0,0,76,0,76,0,0,88,0,88,102,0,102,190
07/02/2021,DTN,LA,ASW,CE,Federal Contract Tower,0,2,12,0,14,0,1,13,0,14,0,3,25,0,28,0,0,0,28
07/03/2021,DTN,LA,ASW,CE,Federal Contract Tower,0,0,7,0,7,0,2,75,0,77,0,2,82,0,84,40,0,40,124
07/04/2021,DTN,LA,ASW,CE,Federal Contract Tower,0,0,5,0,5,0,0,44,0,44,0,0,49,0,49,18,0,18,67
07/05/2021,DTN,LA,ASW,CE,Federal Contract Tower,0,2,19,0,21,0,0,70,0,70,0,2,89,0,91,86,0,86,177
07/06/2021,DTN,LA,ASW,CE,Federal Contract Tower,0,0,10,1,11,0,0,32,3,35,0,0,42,4,46,18,0,18,64
07/07/2021,DTN,LA,ASW,CE,Federal Contract Tower,0,0,12,0,12,0,1,39,0,40,0,1,51,0,52,20,0,20,72
07/08/2021,DTN,LA,ASW,CE,Federal Contract Tower,0,0,14,0,14,0,0,54,0,54,0,0,68,0,68,78,0,78,146
07/09/2021,DTN,LA,ASW,CE,Federal Contract Tower,0,0,11,0,11,0,2,39,0,41,0,2,50,0,52,56,0,56,108
07/10/2021,DTN,LA,ASW,CE,Federal Contract Tower,0,1,25,0,26,0,11,38,0,49,0,12,63,0,75,42,0,42,117
07/11/2021,DTN,LA,ASW,CE,Federal Contract Tower,0,0,15,0,15,0,0,19,0,19,0,0,34,0,34,24,0,24,58
07/12/2021,DTN,LA,ASW,CE,Federal Contract Tower,0,0,14,0,14,0,4,28,0,32,0,4,42,0,46,62,0,62,108
07/13/2021,DTN,LA,ASW,CE,Federal Contract Tower,0,0,14,0,14,0,4,66,1,71,0,4,80,1,85,98,0,98,183
07/14/2021,DTN,LA,ASW,CE,Federal Contract Tower,0,0,10,0,10,0,0,83,0,83,0,0,93,0,93,42,0,42,135
07/15/2021,DTN,LA,ASW,CE,Federal Contract Tower,0,0,25,0,25,0,1,65,0,66,0,1,90,0,91,72,0,72,163
07/16/2021,DTN,LA,ASW,CE,Federal Contract Tower,0,1,19,0,20,0,8,20,0,28,0,9,39,0,48,2,0,2,50
07/17/2021,DTN,LA,ASW,CE,Federal Contract Tower,0,0,9,0,9,0,0,53,0,53,0,0,62,0,62,22,0,22,84
07/18/2021,DTN,LA,ASW,CE,Federal Contract Tower,0,0,16,0,16,0,0,33,0,33,0,0,49,0,49,44,0,44,93
07/19/2021,DTN,LA,ASW,CE,Federal Contract Tower,0,0,15,0,15,0,2,14,0,16,0,2,29,0,31,12,0,12,43
07/20/2021,DTN,LA,ASW,CE,Federal Contract Tower,0,0,15,0,15,0,0,33,0,33,0,0,48,0,48,48,0,48,96
07/21/2021,DTN,LA,ASW,CE,Federal Contract Tower,0,0,28,0,28,0,1,55,0,56,0,1,83,0,84,80,0,80,164
07/22/2021,DTN,LA,ASW,CE,Federal Contract Tower,0,0,16,1,17,0,0,52,0,52,0,0,68,1,69,56,0,56,125
07/23/2021,DTN,LA,ASW,CE,Federal Contract Tower,0,0,9,0,9,0,2,39,0,41,0,2,48,0,50,42,0,42,92
07/24/2021,DTN,LA,ASW,CE,Federal Contract Tower,0,0,10,0,10,0,0,44,0,44,0,0,54,0,54,16,0,16,70
07/25/2021,DTN,LA,ASW,CE,Federal Contract Tower,0,0,13,0,13,0,0,55,0,55,0,0,68,0,68,46,0,46,114
07/27/2021,DTN,LA,ASW,CE,Federal Contract Tower,0,0,9,0,9,0,0,31,0,31,0,0,40,0,40,54,0,54,94
07/28/2021,DTN,LA,ASW,CE,Federal Contract Tower,0,0,12,0,12,0,1,32,0,33,0,1,44,0,45,20,0,20,65
07/29/2021,DTN,LA,ASW,CE,Federal Contract Tower,0,0,12,0,12,0,0,37,0,37,0,0,49,0,49,104,0,104,153
07/30/2021,DTN,LA,ASW,CE,Federal Contract Tower,0,0,10,0,10,0,1,72,0,73,0,1,82,0,83,48,0,48,131
07/31/2021,DTN,LA,ASW,CE,Federal Contract Tower,0,0,10,0,10,0,1,46,0,47,0,1,56,0,57,50,0,50,107
08/01/2021,DTN,LA,ASW,CE,Federal Contract Tower,0,0,9,0,9,0,0,22,0,22,0,0,31,0,31,0,0,0,31
08/02/2021,DTN,LA,ASW,CE,Federal Contract Tower,0,0,10,0,10,0,0,11,0,11,0,0,21,0,21,0,0,0,21
08/03/2021,DTN,LA,ASW,CE,Federal Contract Tower,0,0,20,0,20,0,0,58,0,58,0,0,78,0,78,36,0,36,114
08/04/2021,DTN,LA,ASW,CE,Federal Contract Tower,0,0,20,2,22,0,0,95,3,98,0,0,115,5,120,96,0,96,216
08/05/2021,DTN,LA,ASW,CE,Federal Contract Tower,0,0,14,0,14,0,0,80,0,80,0,0,94,0,94,130,0,130,224
08/06/2021,DTN,LA,ASW,CE,Federal Contract Tower,0,1,25,0,26,0,3,41,0,44,0,4,66,0,70,48,0,48,118
08/07/2021,DTN,LA,ASW,CE,Federal Contract Tower,0,0,11,0,11,0,5,62,0,67,0,5,73,0,78,72,0,72,150
08/08/2021,DTN,LA,ASW,CE,Federal Contract Tower,0,0,16,0,16,0,0,30,0,30,0,0,46,0,46,62,0,62,108
08/09/2021,DTN,LA,ASW,CE,Federal Contract Tower,0,1,11,0,12,0,3,37,0,40,0,4,48,0,52,60,0,60,112
08/10/2021,DTN,LA,ASW,CE,Federal Contract Tower,0,1,11,0,12,0,4,25,1,30,0,5,36,1,42,22,0,22,64
08/11/2021,DTN,LA,ASW,CE,Federal Contract Tower,0,0,4,0,4,0,2,40,0,42,0,2,44,0,46,48,0,48,94
08/12/2021,DTN,LA,ASW,CE,Federal Contract Tower,0,0,11,0,11,0,0,64,0,64,0,0,75,0,75,48,0,48,123
08/13/2021,DTN,LA,ASW,CE,Federal Contract Tower,0,1,11,0,12,0,6,51,0,57,0,7,62,0,69,40,0,40,109
08/14/2021,DTN,LA,ASW,CE,Federal Contract Tower,0,1,13,0,14,0,5,52,0,57,0,6,65,0,71,48,0,48,119
08/15/2021,DTN,LA,ASW,CE,Federal Contract Tower,0,0,9,0,9,0,0,51,0,51,0,0,60,0,60,62,0,62,122
08/16/2021,DTN,LA,ASW,CE,Federal Contract Tower,0,0,14,0,14,0,0,43,0,43,0,0,57,0,57,48,0,48,105
08/17/2021,DTN,LA,ASW,CE,Federal Contract Tower,0,0,19,0,19,0,0,32,0,32,0,0,51,0,51,46,0,46,97
08/18/2021,DTN,LA,ASW,CE,Federal Contract Tower,0,0,17,0,17,0,0,10,0,10,0,0,27,0,27,18,0,18,45
08/19/2021,DTN,LA,ASW,CE,Federal Contract Tower,0,0,10,0,10,0,0,14,0,14,0,0,24,0,24,34,0,34,58
08/20/2021,DTN,LA,ASW,CE,Federal Contract Tower,0,0,14,0,14,0,1,32,0,33,0,1,46,0,47,50,0,50,97
08/21/2021,DTN,LA,ASW,CE,Federal Contract Tower,0,1,16,0,17,0,2,52,0,54,0,3,68,0,71,100,0,100,171
08/22/2021,DTN,LA,ASW,CE,Federal Contract Tower,0,0,13,0,13,0,0,52,2,54,0,0,65,2,67,96,0,96,163
08/24/2021,DTN,LA,ASW,CE,Federal Contract Tower,0,0,22,0,22,0,6,65,6,77,0,6,87,6,99,58,0,58,157
08/25/2021,DTN,LA,ASW,CE,Federal Contract Tower,0,0,18,0,18,0,0,61,0,61,0,0,79,0,79,66,0,66,145
08/26/2021,DTN,LA,ASW,CE,Federal Contract Tower,0,0,23,0,23,0,3,66,0,69,0,3,89,0,92,86,0,86,178
08/27/2021,DTN,LA,ASW,CE,Federal Contract Tower,0,1,10,0,11,0,1,50,0,51,0,2,60,0,62,80,0,80,142
08/28/2021,DTN,LA,ASW,CE,Federal Contract Tower,0,2,13,0,15,0,2,33,2,37,0,4,46,2,52,10,0,10,62
08/31/2021,DTN,LA,ASW,CE,Federal Contract Tower,0,0,5,0,5,0,2,56,0,58,0,2,61,0,63,60,0,60,123
09/01/2021,DTN,LA,ASW,CE,Federal Contract Tower,0,0,18,0,18,0,1,44,0,45,0,1,62,0,63,52,0,52,115
09/02/2021,DTN,LA,ASW,CE,Federal Contract Tower,0,0,19,0,19,0,0,57,0,57,0,0,76,0,76,74,0,74,150
09/03/2021,DTN,LA,ASW,CE,Federal Contract Tower,0,0,16,0,16,0,1,51,0,52,0,1,67,0,68,72,0,72,140
09/04/2021,DTN,LA,ASW,CE,Federal Contract Tower,0,0,7,0,7,0,0,26,0,26,0,0,33,0,33,12,0,12,45
09/05/2021,DTN,LA,ASW,CE,Federal Contract Tower,0,0,10,0,10,0,0,24,0,24,0,0,34,0,34,6,0,6,40
09/06/2021,DTN,LA,ASW,CE,Federal Contract Tower,0,0,15,0,15,0,0,56,0,56,0,0,71,0,71,94,0,94,165
09/07/2021,DTN,LA,ASW,CE,Federal Contract Tower,0,0,10,0,10,0,1,44,0,45,0,1,54,0,55,34,0,34,89
09/08/2021,DTN,LA,ASW,CE,Federal Contract Tower,0,0,18,0,18,0,0,57,0,57,0,0,75,0,75,66,0,66,141
09/10/2021,DTN,LA,ASW,CE,Federal Contract Tower,0,0,15,0,15,0,2,79,0,81,0,2,94,0,96,140,0,140,236
09/11/2021,DTN,LA,ASW,CE,Federal Contract Tower,0,0,11,0,11,0,4,67,1,72,0,4,78,1,83,92,0,92,175
09/12/2021,DTN,LA,ASW,CE,Federal Contract Tower,0,0,9,0,9,0,83,0,0,83,0,83,9,0,92,108,0,108,200
09/13/2021,DTN,LA,ASW,CE,Federal Contract Tower,0,0,17,2,19,0,0,29,0,29,0,0,46,2,48,10,2,12,60
09/14/2021,DTN,LA,ASW,CE,Federal Contract Tower,0,0,2,0,2,0,0,29,0,29,0,0,31,0,31,78,0,78,109
09/15/2021,DTN,LA,ASW,CE,Federal Contract Tower,0,0,19,0,19,0,1,41,1,43,0,1,60,1,62,84,0,84,146
09/16/2021,DTN,LA,ASW,CE,Federal Contract Tower,0,0,17,0,17,0,0,36,0,36,0,0,53,0,53,34,0,34,87
09/17/2021,DTN,LA,ASW,CE,Federal Contract Tower,0,2,13,0,15,0,2,2,0,4,0,4,15,0,19,0,0,0,19
09/18/2021,DTN,LA,ASW,CE,Federal Contract Tower,0,0,10,0,10,0,0,4,0,4,0,0,14,0,14,4,0,4,18
09/19/2021,DTN,LA,ASW,CE,Federal Contract Tower,0,0,26,0,26,0,0,35,0,35,0,0,61,0,61,84,0,84,145
09/20/2021,DTN,LA,ASW,CE,Federal Contract Tower,0,1,20,0,21,0,2,38,0,40,0,3,58,0,61,44,0,44,105
09/21/2021,DTN,LA,ASW,CE,Federal Contract Tower,0,0,7,0,7,0,1,15,0,16,0,1,22,0,23,22,0,22,45
09/22/2021,DTN,LA,ASW,CE,Federal Contract Tower,0,0,21,0,21,0,1,65,0,66,0,1,86,0,87,40,0,40,127
09/23/2021,DTN,LA,ASW,CE,Federal Contract Tower,0,0,23,0,23,0,0,85,0,85,0,0,108,0,108,106,0,106,214
09/24/2021,DTN,LA,ASW,CE,Federal Contract Tower,0,0,6,0,6,0,2,52,1,55,0,2,58,1,61,56,0,56,117
09/25/2021,DTN,LA,ASW,CE,Federal Contract Tower,0,0,13,0,13,0,3,63,0,66,0,3,76,0,79,72,0,72,151
09/26/2021,DTN,LA,ASW,CE,Federal Contract Tower,0,0,10,0,10,0,0,52,0,52,0,0,62,0,62,40,0,40,102
09/27/2021,DTN,LA,ASW,CE,Federal Contract Tower,0,2,9,0,11,0,0,56,0,56,0,2,65,0,67,84,0,84,151
09/28/2021,DTN,LA,ASW,CE,Federal Contract Tower,0,0,15,0,15,0,0,15,0,15,0,0,30,0,30,6,0,6,36
09/29/2021,DTN,LA,ASW,CE,Federal Contract Tower,0,0,13,0,13,0,0,28,0,28,0,0,41,0,41,46,0,46,87
09/30/2021,DTN,LA,ASW,CE,Federal Contract Tower,0,0,17,0,17,0,0,29,0,29,0,0,46,0,46,18,0,18,64
10/01/2021,DTN,LA,ASW,CE,Federal Contract Tower,0,0,12,0,12,0,0,8,0,8,0,0,20,0,20,10,0,10,30
10/02/2021,DTN,LA,ASW,CE,Federal Contract Tower,0,0,8,0,8,0,1,17,0,18,0,1,25,0,26,40,0,40,66
10/03/2021,DTN,LA,ASW,CE,Federal Contract Tower,0,0,14,0,14,0,0,60,0,60,0,0,74,0,74,112,0,112,186
10/04/2021,DTN,LA,ASW,CE,Federal Contract Tower,0,0,18,0,18,0,0,72,1,73,0,0,90,1,91,100,0,100,191
10/05/2021,DTN,LA,ASW,CE,Federal Contract Tower,0,0,18,0,18,0,0,69,7,76,0,0,87,7,94,124,0,124,218
10/06/2021,DTN,LA,ASW,CE,Federal Contract Tower,0,0,11,0,11,0,0,60,2,62,0,0,71,2,73,132,0,132,205
10/07/2021,DTN,LA,ASW,CE,Federal Contract Tower,0,0,15,0,15,0,0,78,0,78,0,0,93,0,93,158,0,158,251
10/08/2021,DTN,LA,ASW,CE,Federal Contract Tower,0,2,23,0,25,0,3,54,0,57,0,5,77,0,82,36,0,36,118
10/09/2021,DTN,LA,ASW,CE,Federal Contract Tower,0,0,8,0,8,0,6,37,0,43,0,6,45,0,51,52,0,52,103
10/10/2021,DTN,LA,ASW,CE,Federal Contract Tower,0,0,27,0,27,0,0,29,0,29,0,0,56,0,56,26,0,26,82
10/12/2021,DTN,LA,ASW,CE,Federal Contract Tower,0,2,11,0,13,0,0,53,0,53,0,2,64,0,66,154,0,154,220
10/13/2021,DTN,LA,ASW,CE,Federal Contract Tower,0,0,15,0,15,0,1,50,1,52,0,1,65,1,67,14,0,14,81
10/14/2021,DTN,LA,ASW,CE,Federal Contract Tower,0,0,10,0,10,0,0,31,0,31,0,0,41,0,41,22,0,22,63
10/15/2021,DTN,LA,ASW,CE,Federal Contract Tower,0,0,13,0,13,0,3,28,1,32,0,3,41,1,45,0,0,0,45
10/16/2021,DTN,LA,ASW,CE,Federal Contract Tower,0,0,21,0,21,0,2,44,0,46,0,2,65,0,67,74,2,76,143
10/17/2021,DTN,LA,ASW,CE,Federal Contract Tower,0,0,18,0,18,0,4,70,0,74,0,4,88,0,92,74,0,74,166
10/18/2021,DTN,LA,ASW,CE,Federal Contract Tower,0,1,18,0,19,0,0,66,0,66,0,1,84,0,85,48,0,48,133
10/19/2021,DTN,LA,ASW,CE,Federal Contract Tower,0,0,5,0,5,0,0,58,1,59,0,0,63,1,64,48,0,48,112
10/20/2021,DTN,LA,ASW,CE,Federal Contract Tower,0,0,19,0,19,0,0,93,0,93,0,0,112,0,112,144,0,144,256
10/21/2021,DTN,LA,ASW,CE,Federal Contract Tower,0,0,15,0,15,0,0,74,0,74,0,0,89,0,89,100,0,100,189
10/22/2021,DTN,LA,ASW,CE,Federal Contract Tower,0,1,16,0,17,0,5,40,2,47,0,6,56,2,64,40,0,40,104
10/23/2021,DTN,LA,ASW,CE,Federal Contract Tower,0,0,15,0,15,0,2,32,0,34,0,2,47,0,49,26,0,26,75
10/24/2021,DTN,LA,ASW,CE,Federal Contract Tower,0,0,17,0,17,0,0,43,0,43,0,0,60,0,60,24,0,24,84
10/25/2021,DTN,LA,ASW,CE,Federal Contract Tower,0,0,11,0,11,0,1,35,0,36,0,1,46,0,47,42,0,42,89
10/26/2021,DTN,LA,ASW,CE,Federal Contract Tower,0,0,12,0,12,0,0,65,2,67,0,0,77,2,79,72,0,72,151
10/27/2021,DTN,LA,ASW,CE,Federal Contract Tower,0,0,3,0,3,0,0,11,0,11,0,0,14,0,14,0,0,0,14
10/28/2021,DTN,LA,ASW,CE,Federal Contract Tower,0,0,10,0,10,0,0,13,0,13,0,0,23,0,23,0,0,0,23
10/29/2021,DTN,LA,ASW,CE,Federal Contract Tower,0,0,17,0,17,0,0,9,0,9,0,0,26,0,26,0,0,0,26
10/30/2021,DTN,LA,ASW,CE,Federal Contract Tower,0,0,3,0,3,0,0,71,0,71,0,0,74,0,74,64,0,64,138
10/31/2021,DTN,LA,ASW,CE,Federal Contract Tower,0,1,23,0,24,0,1,82,0,83,0,2,105,0,107,42,0,42,149
11/01/2021,DTN,LA,ASW,CE,Federal Contract Tower,0,0,26,0,26,0,3,61,0,64,0,3,87,0,90,42,0,42,132
11/02/2021,DTN,LA,ASW,CE,Federal Contract Tower,0,0,12,0,12,0,0,41,0,41,0,0,53,0,53,28,0,28,81
11/03/2021,DTN,LA,ASW,CE,Federal Contract Tower,0,0,10,0,10,0,0,0,0,0,0,0,10,0,10,0,0,0,10
11/04/2021,DTN,LA,ASW,CE,Federal Contract Tower,0,1,17,0,18,0,0,71,0,71,0,1,88,0,89,42,0,42,131
11/05/2021,DTN,LA,ASW,CE,Federal Contract Tower,0,2,16,0,18,0,7,89,0,96,0,9,105,0,114,80,0,80,194
11/06/2021,DTN,LA,ASW,CE,Federal Contract Tower,0,2,14,0,16,0,2,40,0,42,0,4,54,0,58,10,0,10,68
11/07/2021,DTN,LA,ASW,CE,Federal Contract Tower,0,0,15,0,15,0,2,91,0,93,0,2,106,0,108,80,0,80,188
11/08/2021,DTN,LA,ASW,CE,Federal Contract Tower,0,0,16,0,16,0,2,47,0,49,0,2,63,0,65,84,0,84,149
11/09/2021,DTN,LA,ASW,CE,Federal Contract Tower,0,0,13,0,13,0,1,31,0,32,0,1,44,0,45,105,0,105,150
11/10/2021,DTN,LA,ASW,CE,Federal Contract Tower,0,0,13,0,13,0,0,45,0,45,0,0,58,0,58,36,0,36,94
11/11/2021,DTN,LA,ASW,CE,Federal Contract Tower,0,1,10,0,11,0,0,40,0,40,0,1,50,0,51,62,0,62,113
11/12/2021,DTN,LA,ASW,CE,Federal Contract Tower,0,0,22,0,22,0,1,46,0,47,0,1,68,0,69,42,0,42,111
11/13/2021,DTN,LA,ASW,CE,Federal Contract Tower,0,0,4,0,4,0,3,57,0,60,0,3,61,0,64,46,0,46,110
11/14/2021,DTN,LA,ASW,CE,Federal Contract Tower,0,0,21,0,21,0,0,57,0,57,0,0,78,0,78,22,0,22,100
11/16/2021,DTN,LA,ASW,CE,Federal Contract Tower,0,0,34,0,34,0,0,23,1,24,0,0,57,1,58,6,0,6,64
11/17/2021,DTN,LA,ASW,CE,Federal Contract Tower,0,0,12,0,12,0,1,25,0,26,0,1,37,0,38,12,0,12,50
11/18/2021,DTN,LA,ASW,CE,Federal Contract Tower,0,0,20,0,20,0,0,25,0,25,0,0,45,0,45,3,0,3,48
11/19/2021,DTN,LA,ASW,CE,Federal Contract Tower,0,0,14,0,14,0,5,65,0,70,0,5,79,0,84,100,0,100,184
11/20/2021,DTN,LA,ASW,CE,Federal Contract Tower,0,0,17,0,17,0,1,66,0,67,0,1,83,0,84,40,0,40,124
11/21/2021,DTN,LA,ASW,CE,Federal Contract Tower,0,0,11,0,11,0,0,3,0,3,0,0,14,0,14,0,0,0,14
11/22/2021,DTN,LA,ASW,CE,Federal Contract Tower,0,0,6,0,6,0,2,54,0,56,0,2,60,0,62,102,0,102,164
11/23/2021,DTN,LA,ASW,CE,Federal Contract Tower,0,2,18,0,20,0,2,34,0,36,0,4,52,0,56,24,0,24,80
11/24/2021,DTN,LA,ASW,CE,Federal Contract Tower,0,0,8,0,8,0,0,37,0,37,0,0,45,0,45,18,0,18,63
11/25/2021,DTN,LA,ASW,CE,Federal Contract Tower,0,0,1,0,1,0,0,1,0,1,0,0,2,0,2,0,0,0,2
11/26/2021,DTN,LA,ASW,CE,Federal Contract Tower,0,0,16,0,16,0,0,36,0,36,0,0,52,0,52,62,0,62,114
11/27/2021,DTN,LA,ASW,CE,Federal Contract Tower,0,0,20,0,20,0,0,28,0,28,0,0,48,0,48,30,0,30,78
11/28/2021,DTN,LA,ASW,CE,Federal Contract Tower,0,0,20,0,20,0,0,29,0,29,0,0,49,0,49,0,0,0,49
11/29/2021,DTN,LA,ASW,CE,Federal Contract Tower,0,2,14,0,16,0,0,49,0,49,0,2,63,0,65,96,0,96,161
11/30/2021,DTN,LA,ASW,CE,Federal Contract Tower,0,2,23,0,25,0,0,58,2,60,0,2,81,2,85,30,0,30,115
12/01/2021,DTN,LA,ASW,CE,Federal Contract Tower,0,0,25,0,25,0,4,51,0,55,0,4,76,0,80,42,0,42,122
12/02/2021,DTN,LA,ASW,CE,Federal Contract Tower,0,0,17,0,17,0,0,72,2,74,0,0,89,2,91,36,0,36,127
12/03/2021,DTN,LA,ASW,CE,Federal Contract Tower,0,0,4,0,4,0,0,7,0,7,0,0,11,0,11,8,0,8,19
12/04/2021,DTN,LA,ASW,CE,Federal Contract Tower,0,0,10,0,10,0,0,32,0,32,0,0,42,0,42,4,0,4,46
12/05/2021,DTN,LA,ASW,CE,Federal Contract Tower,0,0,22,0,22,0,0,25,0,25,0,0,47,0,47,24,0,24,71
12/06/2021,DTN,LA,ASW,CE,Federal Contract Tower,0,0,14,0,14,0,0,11,0,11,0,0,25,0,25,0,0,0,25
12/07/2021,DTN,LA,ASW,CE,Federal Contract Tower,0,0,29,0,29,0,3,19,1,23,0,3,48,1,52,108,0,108,160
12/08/2021,DTN,LA,ASW,CE,Federal Contract Tower,0,0,15,0,15,0,0,81,1,82,0,0,96,1,97,154,0,154,251
12/09/2021,DTN,LA,ASW,CE,Federal Contract Tower,0,0,21,0,21,0,0,8,0,8,0,0,29,0,29,20,0,20,49
12/10/2021,DTN,LA,ASW,CE,Federal Contract Tower,0,0,16,0,16,0,1,5,0,6,0,1,21,0,22,0,0,0,22
12/11/2021,DTN,LA,ASW,CE,Federal Contract Tower,0,0,8,0,8,0,0,35,0,35,0,0,43,0,43,90,0,90,133
12/12/2021,DTN,LA,ASW,CE,Federal Contract Tower,0,0,13,0,13,0,86,2,0,88,0,86,15,0,101,164,0,164,265
12/13/2021,DTN,LA,ASW,CE,Federal Contract Tower,0,0,15,0,15,0,0,44,0,44,0,0,59,0,59,70,0,70,129
12/14/2021,DTN,LA,ASW,CE,Federal Contract Tower,0,0,18,0,18,0,0,13,0,13,0,0,31,0,31,14,0,14,45
12/15/2021,DTN,LA,ASW,CE,Federal Contract Tower,0,0,31,0,31,0,0,21,0,21,0,0,52,0,52,10,0,10,62
12/16/2021,DTN,LA,ASW,CE,Federal Contract Tower,0,0,18,0,18,0,0,12,0,12,0,0,30,0,30,18,0,18,48
12/17/2021,DTN,LA,ASW,CE,Federal Contract Tower,0,0,20,0,20,0,0,18,0,18,0,0,38,0,38,8,0,8,46
12/18/2021,DTN,LA,ASW,CE,Federal Contract Tower,0,0,4,0,4,0,0,1,0,1,0,0,5,0,5,0,0,0,5
12/19/2021,DTN,LA,ASW,CE,Federal Contract Tower,0,0,16,0,16,0,0,44,0,44,0,0,60,0,60,102,0,102,162
12/20/2021,DTN,LA,ASW,CE,Federal Contract Tower,0,0,13,0,13,0,0,1,0,1,0,0,14,0,14,0,0,0,14
12/21/2021,DTN,LA,ASW,CE,Federal Contract Tower,0,0,15,0,15,0,0,63,0,63,0,0,78,0,78,32,0,32,110
12/22/2021,DTN,LA,ASW,CE,Federal Contract Tower,0,0,8,0,8,0,2,64,0,66,0,2,72,0,74,34,0,34,108
12/23/2021,DTN,LA,ASW,CE,Federal Contract Tower,0,0,18,0,18,0,0,33,0,33,0,0,51,0,51,4,0,4,55
12/24/2021,DTN,LA,ASW,CE,Federal Contract Tower,0,0,12,0,12,0,0,5,0,5,0,0,17,0,17,0,0,0,17
12/25/2021,DTN,LA,ASW,CE,Federal Contract Tower,0,0,2,0,2,0,0,4,0,4,0,0,6,0,6,0,0,0,6
12/26/2021,DTN,LA,ASW,CE,Federal Contract Tower,0,0,14,0,14,0,0,16,0,16,0,0,30,0,30,36,0,36,66
12/27/2021,DTN,LA,ASW,CE,Federal Contract Tower,0,0,13,0,13,0,0,23,0,23,0,0,36,0,36,50,0,50,86
12/28/2021,DTN,LA,ASW,CE,Federal Contract Tower,0,0,20,0,20,0,0,13,0,13,0,0,33,0,33,2,0,2,35
12/29/2021,DTN,LA,ASW,CE,Federal Contract Tower,0,0,14,0,14,0,0,21,0,21,0,0,35,0,35,72,0,72,107
12/30/2021,DTN,LA,ASW,CE,Federal Contract Tower,0,0,13,0,13,0,0,64,0,64,0,0,77,0,77,90,0,90,167
12/31/2021,DTN,LA,ASW,CE,Federal Contract Tower,0,0,24,0,24,0,0,18,0,18,0,0,42,0,42,70,0,70,112
01/01/2022,DTN,LA,ASW,CE,Federal Contract Tower,0,0,3,0,3,0,0,1,0,1,0,0,4,0,4,0,0,0,4
01/02/2022,DTN,LA,ASW,CE,Federal Contract Tower,0,0,11,0,11,0,0,9,0,9,0,0,20,0,20,0,0,0,20
01/03/2022,DTN,LA,ASW,CE,Federal Contract Tower,0,0,22,0,22,0,4,73,0,77,0,4,95,0,99,112,0,112,211
01/04/2022,DTN,LA,ASW,CE,Federal Contract Tower,0,0,12,0,12,0,0,47,0,47,0,0,59,0,59,48,0,48,107
01/05/2022,DTN,LA,ASW,CE,Federal Contract Tower,0,0,10,0,10,0,0,27,0,27,0,0,37,0,37,34,0,34,71
01/06/2022,DTN,LA,ASW,CE,Federal Contract Tower,0,0,11,0,11,0,0,11,0,11,0,0,22,0,22,10,0,10,32
01/07/2022,DTN,LA,ASW,CE,Federal Contract Tower,0,4,21,0,25,0,6,47,0,53,0,10,68,0,78,32,0,32,110
01/08/2022,DTN,LA,ASW,CE,Federal Contract Tower,0,0,8,0,8,0,2,0,0,2,0,2,8,0,10,0,0,0,10
01/09/2022,DTN,LA,ASW,CE,Federal Contract Tower,0,0,17,0,17,0,1,17,0,18,0,1,34,0,35,16,0,16,51
01/10/2022,DTN,LA,ASW,CE,Federal Contract Tower,0,3,16,0,19,0,2,38,0,40,0,5,54,0,59,54,0,54,113
01/11/2022,DTN,LA,ASW,CE,Federal Contract Tower,0,1,18,0,19,0,3,59,1,63,0,4,77,1,82,74,0,74,156
01/12/2022,DTN,LA,ASW,CE,Federal Contract Tower,0,0,14,0,14,0,2,65,0,67,0,2,79,0,81,80,0,80,161
01/13/2022,DTN,LA,ASW,CE,Federal Contract Tower,0,0,10,0,10,0,0,72,0,72,0,0,82,0,82,58,0,58,140
01/14/2022,DTN,LA,ASW,CE,Federal Contract Tower,0,0,21,0,21,0,0,63,0,63,0,0,84,0,84,48,0,48,132
01/15/2022,DTN,LA,ASW,CE,Federal Contract Tower,0,0,2,0,2,0,0,5,0,5,0,0,7,0,7,10,0,10,17
01/16/2022,DTN,LA,ASW,CE,Federal Contract Tower,0,0,14,0,14,0,0,36,0,36,0,0,50,0,50,54,0,54,104
01/17/2022,DTN,LA,ASW,CE,Federal Contract Tower,0,0,15,0,15,0,2,71,1,74,0,2,86,1,89,122,0,122,211
01/18/2022,DTN,LA,ASW,CE,Federal Contract Tower,0,0,13,0,13,0,1,23,0,24,0,1,36,0,37,6,0,6,43
01/19/2022,DTN,LA,ASW,CE,Federal Contract Tower,0,0,6,0,6,0,1,10,0,11,0,1,16,0,17,26,0,26,43
01/20/2022,DTN,LA,ASW,CE,Federal Contract Tower,0,0,8,0,8,0,0,7,0,7,0,0,15,0,15,22,0,22,37
01/21/2022,DTN,LA,ASW,CE,Federal Contract Tower,0,0,13,0,13,0,0,37,0,37,0,0,50,0,50,88,0,88,138
01/22/2022,DTN,LA,ASW,CE,Federal Contract Tower,0,0,14,0,14,0,5,56,0,61,0,5,70,0,75,32,0,32,107
01/23/2022,DTN,LA,ASW,CE,Federal Contract Tower,0,0,23,0,23,0,1,55,0,56,0,1,78,0,79,112,0,112,191
01/24/2022,DTN,LA,ASW,CE,Federal Contract Tower,0,0,10,0,10,0,0,18,0,18,0,0,28,0,28,20,0,20,48
01/25/2022,DTN,LA,ASW,CE,Federal Contract Tower,0,0,12,0,12,0,0,20,0,20,0,0,32,0,32,48,0,48,80
01/26/2022,DTN,LA,ASW,CE,Federal Contract Tower,0,0,12,0,12,0,1,72,0,73,0,1,84,0,85,236,0,236,321
01/27/2022,DTN,LA,ASW,CE,Federal Contract Tower,0,0,15,0,15,0,0,88,0,88,0,0,103,0,103,86,0,86,189
01/28/2022,DTN,LA,ASW,CE,Federal Contract Tower,0,0,20,0,20,0,0,41,0,41,0,0,61,0,61,40,0,40,101
01/29/2022,DTN,LA,ASW,CE,Federal Contract Tower,0,0,16,0,16,0,4,60,2,66,0,4,76,2,82,82,6,88,170
01/30/2022,DTN,LA,ASW,CE,Federal Contract Tower,0,0,13,0,13,0,0,51,0,51,0,0,64,0,64,10,0,10,74
01/31/2022,DTN,LA,ASW,CE,Federal Contract Tower,0,0,13,0,13,0,1,47,0,48,0,1,60,0,61,50,0,50,111
02/01/2022,DTN,LA,ASW,CE,Federal Contract Tower,0,0,19,0,19,0,0,10,0,10,0,0,29,0,29,12,0,12,41
02/02/2022,DTN,LA,ASW,CE,Federal Contract Tower,0,0,15,0,15,0,1,12,0,13,0,1,27,0,28,32,0,32,60
02/03/2022,DTN,LA,ASW,CE,Federal Contract Tower,0,0,0,0,0,0,0,0,0,0,0,0,0,0,0,0,0,0,0
02/04/2022,DTN,LA,ASW,CE,Federal Contract Tower,0,0,4,0,4,0,0,4,0,4,0,0,8,0,8,4,0,4,12
02/05/2022,DTN,LA,ASW,CE,Federal Contract Tower,0,0,15,0,15,0,2,71,0,73,0,2,86,0,88,122,0,122,210
02/06/2022,DTN,LA,ASW,CE,Federal Contract Tower,0,0,14,0,14,0,1,74,0,75,0,1,88,0,89,84,0,84,173
02/07/2022,DTN,LA,ASW,CE,Federal Contract Tower,0,1,14,0,15,0,0,52,6,58,0,1,66,6,73,44,0,44,117
02/08/2022,DTN,LA,ASW,CE,Federal Contract Tower,0,0,24,0,24,0,0,67,2,69,0,0,91,2,93,94,0,94,187
02/09/2022,DTN,LA,ASW,CE,Federal Contract Tower,0,1,19,0,20,0,0,62,0,62,0,1,81,0,82,76,0,76,158
02/10/2022,DTN,LA,ASW,CE,Federal Contract Tower,0,0,28,2,30,0,0,85,0,85,0,0,113,2,115,80,2,82,197
02/11/2022,DTN,LA,ASW,CE,Federal Contract Tower,0,0,22,0,22,0,0,63,0,63,0,0,85,0,85,102,0,102,187
02/12/2022,DTN,LA,ASW,CE,Federal Contract Tower,0,0,13,0,13,0,2,9,0,11,0,2,22,0,24,54,0,54,78
02/13/2022,DTN,LA,ASW,CE,Federal Contract Tower,0,0,14,0,14,0,2,49,0,51,0,2,63,0,65,96,0,96,161
02/14/2022,DTN,LA,ASW,CE,Federal Contract Tower,0,0,14,0,14,0,1,70,0,71,0,1,84,0,85,124,0,124,209
02/15/2022,DTN,LA,ASW,CE,Federal Contract Tower,0,0,25,0,25,0,2,60,0,62,0,2,85,0,87,52,0,52,139
02/16/2022,DTN,LA,ASW,CE,Federal Contract Tower,0,0,21,0,21,0,0,15,0,15,0,0,36,0,36,18,0,18,54
02/17/2022,DTN,LA,ASW,CE,Federal Contract Tower,0,0,5,0,5,0,1,6,0,7,0,1,11,0,12,0,0,0,12
02/18/2022,DTN,LA,ASW,CE,Federal Contract Tower,0,0,32,0,32,0,2,72,0,74,0,2,104,0,106,94,0,94,200
02/19/2022,DTN,LA,ASW,CE,Federal Contract Tower,0,0,21,0,21,0,5,106,0,111,0,5,127,0,132,120,0,120,252
02/20/2022,DTN,LA,ASW,CE,Federal Contract Tower,0,0,30,0,30,0,0,69,0,69,0,0,99,0,99,80,0,80,179
02/21/2022,DTN,LA,ASW,CE,Federal Contract Tower,0,0,15,0,15,0,0,12,0,12,0,0,27,0,27,0,0,0,27
02/22/2022,DTN,LA,ASW,CE,Federal Contract Tower,0,0,19,0,19,0,0,16,2,18,0,0,35,2,37,12,0,12,49
02/23/2022,DTN,LA,ASW,CE,Federal Contract Tower,0,0,15,0,15,0,0,3,0,3,0,0,18,0,18,0,0,0,18
02/24/2022,DTN,LA,ASW,CE,Federal Contract Tower,0,0,8,0,8,0,0,0,0,0,0,0,8,0,8,0,0,0,8
02/25/2022,DTN,LA,ASW,CE,Federal Contract Tower,0,0,17,0,17,0,1,19,0,20,0,1,36,0,37,0,0,0,37
02/26/2022,DTN,LA,ASW,CE,Federal Contract Tower,0,0,0,0,0,0,0,0,0,0,0,0,0,0,0,0,0,0,0
02/27/2022,DTN,LA,ASW,CE,Federal Contract Tower,0,0,15,0,15,0,0,48,0,48,0,0,63,0,63,80,0,80,143
02/28/2022,DTN,LA,ASW,CE,Federal Contract Tower,0,0,19,0,19,0,0,71,0,71,0,0,90,0,90,148,0,148,238
03/01/2022,DTN,LA,ASW,CE,Federal Contract Tower,0,0,10,0,10,0,2,56,0,58,0,2,66,0,68,104,0,104,172
03/02/2022,DTN,LA,ASW,CE,Federal Contract Tower,0,0,15,0,15,0,2,74,0,76,0,2,89,0,91,138,0,138,229
03/03/2022,DTN,LA,ASW,CE,Federal Contract Tower,0,0,20,0,20,0,0,93,3,96,0,0,113,3,116,174,0,174,290
03/04/2022,DTN,LA,ASW,CE,Federal Contract Tower,0,0,8,0,8,0,0,58,0,58,0,0,66,0,66,40,0,40,106
03/05/2022,DTN,LA,ASW,CE,Federal Contract Tower,0,0,18,0,18,0,0,22,0,22,0,0,40,0,40,12,0,12,52
03/06/2022,DTN,LA,ASW,CE,Federal Contract Tower,0,0,17,0,17,0,0,25,0,25,0,0,42,0,42,78,0,78,120
03/07/2022,DTN,LA,ASW,CE,Federal Contract Tower,0,0,6,0,6,0,0,31,0,31,0,0,37,0,37,118,0,118,155
03/08/2022,DTN,LA,ASW,CE,Federal Contract Tower,0,0,4,0,4,0,1,5,0,6,0,1,9,0,10,0,0,0,10
03/09/2022,DTN,LA,ASW,CE,Federal Contract Tower,0,0,22,0,22,0,0,47,3,50,0,0,69,3,72,66,0,66,138
03/10/2022,DTN,LA,ASW,CE,Federal Contract Tower,0,0,22,0,22,0,0,81,4,85,0,0,103,4,107,168,0,168,275
03/11/2022,DTN,LA,ASW,CE,Federal Contract Tower,0,0,17,0,17,0,2,33,0,35,0,2,50,0,52,30,0,30,82
03/12/2022,DTN,LA,ASW,CE,Federal Contract Tower,0,3,14,0,17,0,0,53,0,53,0,3,67,0,70,68,0,68,138
03/13/2022,DTN,LA,ASW,CE,Federal Contract Tower,0,0,23,0,23,0,0,81,0,81,0,0,104,0,104,66,0,66,170
03/14/2022,DTN,LA,ASW,CE,Federal Contract Tower,0,0,16,0,16,0,0,26,0,26,0,0,42,0,42,82,0,82,124
03/15/2022,DTN,LA,ASW,CE,Federal Contract Tower,0,0,21,0,21,0,1,7,0,8,0,1,28,0,29,0,0,0,29
03/16/2022,DTN,LA,ASW,CE,Federal Contract Tower,0,0,24,0,24,0,4,94,0,98,0,4,118,0,122,180,0,180,302
03/17/2022,DTN,LA,ASW,CE,Federal Contract Tower,0,0,11,0,11,0,1,68,0,69,0,1,79,0,80,48,0,48,128
03/18/2022,DTN,LA,ASW,CE,Federal Contract Tower,0,0,11,0,11,0,7,15,0,22,0,7,26,0,33,0,0,0,33
03/19/2022,DTN,LA,ASW,CE,Federal Contract Tower,0,0,12,0,12,0,4,84,0,88,0,4,96,0,100,72,0,72,172
03/20/2022,DTN,LA,ASW,CE,Federal Contract Tower,0,0,15,0,15,0,2,75,0,77,0,2,90,0,92,72,0,72,164
03/21/2022,DTN,LA,ASW,CE,Federal Contract Tower,0,0,6,0,6,0,0,2,0,2,0,0,8,0,8,0,0,0,8
03/22/2022,DTN,LA,ASW,CE,Federal Contract Tower,0,0,5,0,5,0,1,1,0,2,0,1,6,0,7,0,0,0,7
03/23/2022,DTN,LA,ASW,CE,Federal Contract Tower,0,0,8,0,8,0,0,0,0,0,0,0,8,0,8,64,0,64,72
03/24/2022,DTN,LA,ASW,CE,Federal Contract Tower,0,0,11,0,11,0,12,64,0,76,0,12,75,0,87,124,0,124,211
03/25/2022,DTN,LA,ASW,CE,Federal Contract Tower,0,2,11,0,13,0,2,71,0,73,0,4,82,0,86,68,0,68,154
03/26/2022,DTN,LA,ASW,CE,Federal Contract Tower,0,0,10,0,10,0,1,76,0,77,0,1,86,0,87,126,0,126,213
03/27/2022,DTN,LA,ASW,CE,Federal Contract Tower,0,0,17,0,17,0,1,54,0,55,0,1,71,0,72,94,0,94,166
03/28/2022,DTN,LA,ASW,CE,Federal Contract Tower,0,0,21,0,21,0,1,53,0,54,0,1,74,0,75,58,0,58,133
03/29/2022,DTN,LA,ASW,CE,Federal Contract Tower,0,0,24,0,24,0,1,12,4,17,0,1,36,4,41,22,0,22,63
03/30/2022,DTN,LA,ASW,CE,Federal Contract Tower,0,0,7,0,7,0,0,12,0,12,0,0,19,0,19,14,0,14,33
03/31/2022,DTN,LA,ASW,CE,Federal Contract Tower,0,0,15,0,15,0,0,74,0,74,0,0,89,0,89,78,0,78,167
04/01/2022,DTN,LA,ASW,CE,Federal Contract Tower,0,0,15,0,15,0,1,44,4,49,0,1,59,4,64,46,0,46,110
04/02/2022,DTN,LA,ASW,CE,Federal Contract Tower,0,0,9,0,9,0,1,74,0,75,0,1,83,0,84,46,0,46,130
04/03/2022,DTN,LA,ASW,CE,Federal Contract Tower,0,0,15,0,15,0,0,76,2,78,0,0,91,2,93,104,0,104,197
04/04/2022,DTN,LA,ASW,CE,Federal Contract Tower,0,0,22,0,22,0,0,34,0,34,0,0,56,0,56,56,0,56,112
04/05/2022,DTN,LA,ASW,CE,Federal Contract Tower,0,0,22,0,22,0,0,26,0,26,0,0,48,0,48,52,0,52,100
04/06/2022,DTN,LA,ASW,CE,Federal Contract Tower,0,3,25,0,28,0,0,14,0,14,0,3,39,0,42,20,0,20,62
04/07/2022,DTN,LA,ASW,CE,Federal Contract Tower,0,0,27,0,27,0,0,47,4,51,0,0,74,4,78,22,0,22,100
04/08/2022,DTN,LA,ASW,CE,Federal Contract Tower,0,0,6,0,6,0,0,13,0,13,0,0,19,0,19,0,0,0,19
04/09/2022,DTN,LA,ASW,CE,Federal Contract Tower,0,0,8,0,8,0,0,72,0,72,0,0,80,0,80,88,0,88,168
04/10/2022,DTN,LA,ASW,CE,Federal Contract Tower,0,0,13,0,13,0,0,22,0,22,0,0,35,0,35,0,0,0,35
04/11/2022,DTN,LA,ASW,CE,Federal Contract Tower,0,0,15,0,15,0,0,13,0,13,0,0,28,0,28,0,0,0,28
04/12/2022,DTN,LA,ASW,CE,Federal Contract Tower,0,0,17,0,17,0,0,8,0,8,0,0,25,0,25,26,0,26,51
04/13/2022,DTN,LA,ASW,CE,Federal Contract Tower,0,0,4,0,4,0,0,14,0,14,0,0,18,0,18,0,0,0,18
04/14/2022,DTN,LA,ASW,CE,Federal Contract Tower,0,0,18,0,18,0,0,103,0,103,0,0,121,0,121,168,0,168,289
04/15/2022,DTN,LA,ASW,CE,Federal Contract Tower,0,0,18,0,18,0,0,26,0,26,0,0,44,0,44,86,0,86,130
04/16/2022,DTN,LA,ASW,CE,Federal Contract Tower,0,0,10,0,10,0,0,17,0,17,0,0,27,0,27,46,0,46,73
04/17/2022,DTN,LA,ASW,CE,Federal Contract Tower,0,0,5,0,5,0,0,2,0,2,0,0,7,0,7,0,0,0,7
04/18/2022,DTN,LA,ASW,CE,Federal Contract Tower,0,0,13,0,13,0,0,51,0,51,0,0,64,0,64,120,0,120,184
04/19/2022,DTN,LA,ASW,CE,Federal Contract Tower,0,1,20,0,21,0,0,66,4,70,0,1,86,4,91,128,0,128,219
04/20/2022,DTN,LA,ASW,CE,Federal Contract Tower,0,1,14,0,15,0,0,20,1,21,0,1,34,1,36,8,0,8,44
04/21/2022,DTN,LA,ASW,CE,Federal Contract Tower,0,0,41,0,41,0,0,29,0,29,0,0,70,0,70,58,0,58,128
04/22/2022,DTN,LA,ASW,CE,Federal Contract Tower,0,2,13,0,15,0,1,53,0,54,0,3,66,0,69,110,0,110,179
04/23/2022,DTN,LA,ASW,CE,Federal Contract Tower,0,0,17,0,17,0,2,30,0,32,0,2,47,0,49,50,0,50,99
04/24/2022,DTN,LA,ASW,CE,Federal Contract Tower,0,0,15,0,15,0,0,41,0,41,0,0,56,0,56,6,0,6,62
04/25/2022,DTN,LA,ASW,CE,Federal Contract Tower,0,0,15,0,15,0,0,6,0,6,0,0,21,0,21,12,0,12,33
04/26/2022,DTN,LA,ASW,CE,Federal Contract Tower,0,0,15,0,15,0,0,57,0,57,0,0,72,0,72,132,0,132,204
04/27/2022,DTN,LA,ASW,CE,Federal Contract Tower,0,2,19,0,21,0,3,116,0,119,0,5,135,0,140,148,0,148,288
04/28/2022,DTN,LA,ASW,CE,Federal Contract Tower,0,0,18,0,18,0,0,76,0,76,0,0,94,0,94,94,0,94,188
04/29/2022,DTN,LA,ASW,CE,Federal Contract Tower,0,0,17,0,17,0,5,48,0,53,0,5,65,0,70,32,0,32,102
04/30/2022,DTN,LA,ASW,CE,Federal Contract Tower,0,1,11,0,12,0,1,20,0,21,0,2,31,0,33,18,0,18,51
05/01/2022,DTN,LA,ASW,CE,Federal Contract Tower,0,0,16,0,16,0,0,93,0,93,0,0,109,0,109,84,0,84,193
05/02/2022,DTN,LA,ASW,CE,Federal Contract Tower,0,2,27,0,29,0,0,40,0,40,0,2,67,0,69,16,0,16,85
05/03/2022,DTN,LA,ASW,CE,Federal Contract Tower,0,0,16,0,16,0,0,24,0,24,0,0,40,0,40,66,0,66,106
05/04/2022,DTN,LA,ASW,CE,Federal Contract Tower,0,0,13,0,13,0,1,23,0,24,0,1,36,0,37,68,0,68,105
05/05/2022,DTN,LA,ASW,CE,Federal Contract Tower,0,0,16,0,16,0,0,0,0,0,0,0,16,0,16,0,0,0,16
05/06/2022,DTN,LA,ASW,CE,Federal Contract Tower,0,0,21,0,21,0,4,60,0,64,0,4,81,0,85,80,0,80,165
05/07/2022,DTN,LA,ASW,CE,Federal Contract Tower,0,0,20,0,20,0,3,77,0,80,0,3,97,0,100,72,0,72,172
05/08/2022,DTN,LA,ASW,CE,Federal Contract Tower,0,0,20,0,20,0,0,44,0,44,0,0,64,0,64,96,0,96,160
05/09/2022,DTN,LA,ASW,CE,Federal Contract Tower,0,0,19,0,19,0,0,50,0,50,0,0,69,0,69,70,0,70,139
05/10/2022,DTN,LA,ASW,CE,Federal Contract Tower,0,0,28,0,28,0,0,48,2,50,0,0,76,2,78,50,0,50,128
05/11/2022,DTN,LA,ASW,CE,Federal Contract Tower,0,0,15,0,15,0,0,1,0,1,0,0,16,0,16,104,0,104,120
05/12/2022,DTN,LA,ASW,CE,Federal Contract Tower,0,0,8,0,8,0,0,80,0,80,0,0,88,0,88,78,0,78,166
05/13/2022,DTN,LA,ASW,CE,Federal Contract Tower,0,0,20,0,20,0,0,55,0,55,0,0,75,0,75,18,0,18,93
05/14/2022,DTN,LA,ASW,CE,Federal Contract Tower,0,0,13,0,13,0,0,51,0,51,0,0,64,0,64,80,0,80,144
05/15/2022,DTN,LA,ASW,CE,Federal Contract Tower,0,0,11,0,11,0,0,62,0,62,0,0,73,0,73,104,0,104,177
05/16/2022,DTN,LA,ASW,CE,Federal Contract Tower,0,1,18,0,19,0,0,49,0,49,0,1,67,0,68,70,0,70,138
05/17/2022,DTN,LA,ASW,CE,Federal Contract Tower,0,0,18,0,18,0,2,37,0,39,0,2,55,0,57,46,0,46,103
05/18/2022,DTN,LA,ASW,CE,Federal Contract Tower,0,0,22,0,22,0,1,41,0,42,0,1,63,0,64,62,0,62,126
05/19/2022,DTN,LA,ASW,CE,Federal Contract Tower,0,0,19,0,19,0,0,0,0,0,0,0,19,0,19,56,0,56,75
05/20/2022,DTN,LA,ASW,CE,Federal Contract Tower,0,0,18,0,18,0,0,17,0,17,0,0,35,0,35,18,0,18,53
05/21/2022,DTN,LA,ASW,CE,Federal Contract Tower,0,0,18,0,18,0,2,35,0,37,0,2,53,0,55,42,0,42,97
05/22/2022,DTN,LA,ASW,CE,Federal Contract Tower,0,0,15,0,15,0,0,22,0,22,0,0,37,0,37,24,0,24,61
05/23/2022,DTN,LA,ASW,CE,Federal Contract Tower,0,0,47,0,47,0,0,26,0,26,0,0,73,0,73,92,0,92,165
05/24/2022,DTN,LA,ASW,CE,Federal Contract Tower,0,0,9,0,9,0,0,2,0,2,0,0,11,0,11,2,0,2,13
05/25/2022,DTN,LA,ASW,CE,Federal Contract Tower,0,0,11,0,11,0,1,18,0,19,0,1,29,0,30,16,0,16,46
05/26/2022,DTN,LA,ASW,CE,Federal Contract Tower,0,0,21,0,21,0,0,50,0,50,0,0,71,0,71,36,0,36,107
05/27/2022,DTN,LA,ASW,CE,Federal Contract Tower,0,0,13,0,13,0,2,84,0,86,0,2,97,0,99,38,0,38,137
05/28/2022,DTN,LA,ASW,CE,Federal Contract Tower,0,0,11,0,11,0,0,65,0,65,0,0,76,0,76,140,0,140,216
05/29/2022,DTN,LA,ASW,CE,Federal Contract Tower,0,0,14,0,14,0,0,43,0,43,0,0,57,0,57,26,0,26,83
05/30/2022,DTN,LA,ASW,CE,Federal Contract Tower,0,0,10,0,10,0,0,45,0,45,0,0,55,0,55,64,0,64,119
05/31/2022,DTN,LA,ASW,CE,Federal Contract Tower,0,0,19,0,19,0,0,53,0,53,0,0,72,0,72,78,0,78,150
06/01/2022,DTN,LA,ASW,CE,Federal Contract Tower,0,0,38,0,38,0,0,36,0,36,0,0,74,0,74,40,0,40,114
06/02/2022,DTN,LA,ASW,CE,Federal Contract Tower,0,0,14,0,14,0,1,23,0,24,0,1,37,0,38,18,0,18,56
06/03/2022,DTN,LA,ASW,CE,Federal Contract Tower,0,0,25,0,25,0,3,47,0,50,0,3,72,0,75,52,0,52,127
06/04/2022,DTN,LA,ASW,CE,Federal Contract Tower,0,0,14,0,14,0,3,83,0,86,0,3,97,0,100,234,0,234,334
06/05/2022,DTN,LA,ASW,CE,Federal Contract Tower,0,0,22,0,22,0,1,48,0,49,0,1,70,0,71,64,0,64,135
06/06/2022,DTN,LA,ASW,CE,Federal Contract Tower,0,0,16,0,16,0,0,26,0,26,0,0,42,0,42,40,0,40,82
06/07/2022,DTN,LA,ASW,CE,Federal Contract Tower,0,0,12,0,12,0,0,31,0,31,0,0,43,0,43,32,0,32,75
06/08/2022,DTN,LA,ASW,CE,Federal Contract Tower,0,0,20,0,20,0,0,66,0,66,0,0,86,0,86,42,0,42,128
06/09/2022,DTN,LA,ASW,CE,Federal Contract Tower,0,0,17,0,17,0,0,59,0,59,0,0,76,0,76,58,0,58,134
06/10/2022,DTN,LA,ASW,CE,Federal Contract Tower,0,0,20,0,20,0,3,24,0,27,0,3,44,0,47,32,0,32,79
06/11/2022,DTN,LA,ASW,CE,Federal Contract Tower,0,0,12,0,12,0,2,26,0,28,0,2,38,0,40,14,0,14,54
06/12/2022,DTN,LA,ASW,CE,Federal Contract Tower,0,1,0,15,16,0,0,59,0,59,0,1,59,15,75,116,0,116,191
06/13/2022,DTN,LA,ASW,CE,Federal Contract Tower,0,1,19,0,20,0,1,40,0,41,0,2,59,0,61,10,0,10,71
06/14/2022,DTN,LA,ASW,CE,Federal Contract Tower,0,0,16,1,17,0,1,27,0,28,0,1,43,1,45,8,0,8,53
06/15/2022,DTN,LA,ASW,CE,Federal Contract Tower,0,0,32,0,32,0,1,60,0,61,0,1,92,0,93,62,0,62,155
06/16/2022,DTN,LA,ASW,CE,Federal Contract Tower,0,0,27,0,27,0,0,84,0,84,0,0,111,0,111,36,0,36,147
06/17/2022,DTN,LA,ASW,CE,Federal Contract Tower,0,0,22,0,22,0,0,44,0,44,0,0,66,0,66,58,0,58,124
06/18/2022,DTN,LA,ASW,CE,Federal Contract Tower,0,0,11,0,11,0,0,51,0,51,0,0,62,0,62,24,0,24,86
06/19/2022,DTN,LA,ASW,CE,Federal Contract Tower,0,0,22,0,22,0,0,44,0,44,0,0,66,0,66,6,0,6,72
06/20/2022,DTN,LA,ASW,CE,Federal Contract Tower,0,0,18,0,18,0,0,58,0,58,0,0,76,0,76,68,0,68,144
06/21/2022,DTN,LA,ASW,CE,Federal Contract Tower,0,0,23,0,23,0,0,38,2,40,0,0,61,2,63,22,0,22,85
06/22/2022,DTN,LA,ASW,CE,Federal Contract Tower,0,0,16,0,16,0,1,45,1,47,0,1,61,1,63,58,0,58,121
06/23/2022,DTN,LA,ASW,CE,Federal Contract Tower,0,0,18,0,18,0,0,51,0,51,0,0,69,0,69,50,0,50,119
06/24/2022,DTN,LA,ASW,CE,Federal Contract Tower,0,1,12,0,13,0,1,34,0,35,0,2,46,0,48,18,0,18,66
06/25/2022,DTN,LA,ASW,CE,Federal Contract Tower,0,0,7,0,7,0,0,49,0,49,0,0,56,0,56,64,0,64,120
06/26/2022,DTN,LA,ASW,CE,Federal Contract Tower,0,0,16,0,16,0,0,45,0,45,0,0,61,0,61,20,0,20,81
06/27/2022,DTN,LA,ASW,CE,Federal Contract Tower,0,0,16,0,16,0,0,35,0,35,0,0,51,0,51,58,0,58,109
06/28/2022,DTN,LA,ASW,CE,Federal Contract Tower,0,0,13,0,13,0,4,57,0,61,0,4,70,0,74,20,0,20,94
06/29/2022,DTN,LA,ASW,CE,Federal Contract Tower,0,0,9,0,9,0,3,80,2,85,0,3,89,2,94,58,0,58,152
06/30/2022,DTN,LA,ASW,CE,Federal Contract Tower,0,0,16,0,16,0,0,82,0,82,0,0,98,0,98,60,0,60,158
07/01/2022,DTN,LA,ASW,CE,Federal Contract Tower,0,1,18,0,19,0,2,32,0,34,0,3,50,0,53,12,0,12,65
07/02/2022,DTN,LA,ASW,CE,Federal Contract Tower,0,0,6,0,6,0,0,14,0,14,0,0,20,0,20,48,0,48,68
07/03/2022,DTN,LA,ASW,CE,Federal Contract Tower,0,0,9,0,9,0,0,33,0,33,0,0,42,0,42,30,0,30,72
07/04/2022,DTN,LA,ASW,CE,Federal Contract Tower,0,0,13,0,13,0,0,36,0,36,0,0,49,0,49,0,0,0,49
07/05/2022,DTN,LA,ASW,CE,Federal Contract Tower,0,0,20,2,22,0,0,38,0,38,0,0,58,2,60,18,2,20,80
07/06/2022,DTN,LA,ASW,CE,Federal Contract Tower,0,0,17,0,17,0,1,55,0,56,0,1,72,0,73,46,0,46,119
07/07/2022,DTN,LA,ASW,CE,Federal Contract Tower,0,0,13,0,13,0,0,61,0,61,0,0,74,0,74,90,0,90,164
07/08/2022,DTN,LA,ASW,CE,Federal Contract Tower,0,0,6,0,6,0,0,57,0,57,0,0,63,0,63,76,0,76,139
07/09/2022,DTN,LA,ASW,CE,Federal Contract Tower,0,0,17,0,17,0,1,39,0,40,0,1,56,0,57,32,0,32,89
07/10/2022,DTN,LA,ASW,CE,Federal Contract Tower,0,0,20,0,20,0,0,41,0,41,0,0,61,0,61,70,0,70,131
07/11/2022,DTN,LA,ASW,CE,Federal Contract Tower,0,0,12,0,12,0,2,36,0,38,0,2,48,0,50,54,0,54,104
07/12/2022,DTN,LA,ASW,CE,Federal Contract Tower,0,0,11,0,11,0,0,49,4,53,0,0,60,4,64,24,0,24,88
07/13/2022,DTN,LA,ASW,CE,Federal Contract Tower,0,0,11,0,11,0,0,49,0,49,0,0,60,0,60,84,0,84,144
07/14/2022,DTN,LA,ASW,CE,Federal Contract Tower,0,0,9,0,9,0,0,47,0,47,0,0,56,0,56,18,0,18,74
07/15/2022,DTN,LA,ASW,CE,Federal Contract Tower,0,0,15,4,19,0,2,48,0,50,0,2,63,4,69,42,0,42,111
07/16/2022,DTN,LA,ASW,CE,Federal Contract Tower,0,0,15,0,15,0,1,74,0,75,0,1,89,0,90,106,0,106,196
07/17/2022,DTN,LA,ASW,CE,Federal Contract Tower,0,0,10,0,10,0,0,56,0,56,0,0,66,0,66,138,0,138,204
07/18/2022,DTN,LA,ASW,CE,Federal Contract Tower,0,0,10,0,10,0,0,51,0,51,0,0,61,0,61,34,0,34,95
07/19/2022,DTN,LA,ASW,CE,Federal Contract Tower,0,1,15,0,16,0,1,25,4,30,0,2,40,4,46,20,0,20,66
07/20/2022,DTN,LA,ASW,CE,Federal Contract Tower,0,0,6,0,6,0,2,41,2,45,0,2,47,2,51,60,0,60,111
07/21/2022,DTN,LA,ASW,CE,Federal Contract Tower,0,0,6,0,6,0,0,36,0,36,0,0,42,0,42,50,0,50,92
07/22/2022,DTN,LA,ASW,CE,Federal Contract Tower,0,0,13,0,13,0,1,24,0,25,0,1,37,0,38,32,0,32,70
07/23/2022,DTN,LA,ASW,CE,Federal Contract Tower,0,0,19,0,19,0,4,51,0,55,0,4,70,0,74,74,0,74,148
07/24/2022,DTN,LA,ASW,CE,Federal Contract Tower,0,0,11,0,11,0,0,38,0,38,0,0,49,0,49,34,0,34,83
07/25/2022,DTN,LA,ASW,CE,Federal Contract Tower,0,0,13,0,13,0,0,42,0,42,0,0,55,0,55,52,0,52,107
07/26/2022,DTN,LA,ASW,CE,Federal Contract Tower,0,6,21,0,27,0,0,51,0,51,0,6,72,0,78,72,0,72,150
07/27/2022,DTN,LA,ASW,CE,Federal Contract Tower,0,0,22,0,22,0,1,30,0,31,0,1,52,0,53,8,0,8,61
07/28/2022,DTN,LA,ASW,CE,Federal Contract Tower,0,0,17,0,17,0,0,29,0,29,0,0,46,0,46,18,0,18,64
07/29/2022,DTN,LA,ASW,CE,Federal Contract Tower,0,0,16,0,16,0,3,20,0,23,0,3,36,0,39,0,0,0,39
07/30/2022,DTN,LA,ASW,CE,Federal Contract Tower,0,0,10,0,10,0,0,24,0,24,0,0,34,0,34,24,0,24,58
07/31/2022,DTN,LA,ASW,CE,Federal Contract Tower,0,0,17,0,17,0,0,43,0,43,0,0,60,0,60,86,0,86,146
08/01/2022,DTN,LA,ASW,CE,Federal Contract Tower,0,1,16,0,17,0,0,41,0,41,0,1,57,0,58,42,0,42,100
08/02/2022,DTN,LA,ASW,CE,Federal Contract Tower,0,1,19,0,20,0,1,29,0,30,0,2,48,0,50,34,0,34,84
08/03/2022,DTN,LA,ASW,CE,Federal Contract Tower,0,0,10,0,10,0,1,44,0,45,0,1,54,0,55,40,0,40,95
08/04/2022,DTN,LA,ASW,CE,Federal Contract Tower,0,0,16,0,16,0,0,45,0,45,0,0,61,0,61,62,0,62,123
08/05/2022,DTN,LA,ASW,CE,Federal Contract Tower,0,0,11,1,12,0,2,32,1,35,0,2,43,2,47,42,0,42,89
08/06/2022,DTN,LA,ASW,CE,Federal Contract Tower,0,0,20,0,20,0,2,25,2,29,0,2,45,2,49,38,0,38,87
08/07/2022,DTN,LA,ASW,CE,Federal Contract Tower,0,0,13,0,13,0,0,45,0,45,0,0,58,0,58,90,0,90,148
08/09/2022,DTN,LA,ASW,CE,Federal Contract Tower,0,0,8,0,8,0,0,26,0,26,0,0,34,0,34,28,0,28,62
08/10/2022,DTN,LA,ASW,CE,Federal Contract Tower,0,0,13,0,13,0,0,19,0,19,0,0,32,0,32,6,0,6,38
08/11/2022,DTN,LA,ASW,CE,Federal Contract Tower,0,0,18,0,18,0,0,42,0,42,0,0,60,0,60,46,0,46,106
08/12/2022,DTN,LA,ASW,CE,Federal Contract Tower,0,1,14,0,15,0,5,39,3,47,0,6,53,3,62,52,0,52,114
08/13/2022,DTN,LA,ASW,CE,Federal Contract Tower,0,1,4,0,5,0,0,61,0,61,0,1,65,0,66,128,0,128,194
08/14/2022,DTN,LA,ASW,CE,Federal Contract Tower,0,0,11,0,11,0,0,46,0,46,0,0,57,0,57,94,0,94,151
08/15/2022,DTN,LA,ASW,CE,Federal Contract Tower,0,0,24,0,24,0,2,54,0,56,0,2,78,0,80,68,0,68,148
08/16/2022,DTN,LA,ASW,CE,Federal Contract Tower,0,0,19,0,19,0,0,55,0,55,0,0,74,0,74,78,0,78,152
08/17/2022,DTN,LA,ASW,CE,Federal Contract Tower,0,0,17,0,17,0,1,40,0,41,0,1,57,0,58,28,0,28,86
08/18/2022,DTN,LA,ASW,CE,Federal Contract Tower,0,0,15,0,15,0,0,4,0,4,0,0,19,0,19,10,0,10,29
08/19/2022,DTN,LA,ASW,CE,Federal Contract Tower,0,0,14,0,14,0,2,33,2,37,0,2,47,2,51,34,0,34,85
08/20/2022,DTN,LA,ASW,CE,Federal Contract Tower,0,0,1,0,1,0,12,27,0,39,0,12,28,0,40,32,0,32,72
08/21/2022,DTN,LA,ASW,CE,Federal Contract Tower,0,0,10,0,10,0,0,11,0,11,0,0,21,0,21,32,0,32,53
08/23/2022,DTN,LA,ASW,CE,Federal Contract Tower,0,0,10,0,10,0,0,3,0,3,0,0,13,0,13,0,0,0,13
08/24/2022,DTN,LA,ASW,CE,Federal Contract Tower,0,0,8,0,8,0,0,6,0,6,0,0,14,0,14,6,0,6,20
08/25/2022,DTN,LA,ASW,CE,Federal Contract Tower,0,0,16,0,16,0,0,12,0,12,0,0,28,0,28,20,0,20,48
08/26/2022,DTN,LA,ASW,CE,Federal Contract Tower,0,2,20,0,22,0,17,17,0,34,0,19,37,0,56,22,0,22,78
08/27/2022,DTN,LA,ASW,CE,Federal Contract Tower,0,0,8,0,8,0,4,18,0,22,0,4,26,0,30,6,0,6,36
08/28/2022,DTN,LA,ASW,CE,Federal Contract Tower,0,0,12,0,12,0,0,27,0,27,0,0,39,0,39,98,0,98,137
08/29/2022,DTN,LA,ASW,CE,Federal Contract Tower,0,0,12,0,12,0,0,39,0,39,0,0,51,0,51,156,0,156,207
08/30/2022,DTN,LA,ASW,CE,Federal Contract Tower,0,0,14,0,14,0,0,35,3,38,0,0,49,3,52,34,0,34,86
08/31/2022,DTN,LA,ASW,CE,Federal Contract Tower,0,0,12,0,12,0,0,65,0,65,0,0,77,0,77,50,0,50,127
09/01/2022,DTN,LA,ASW,CE,Federal Contract Tower,0,0,6,0,6,0,0,28,0,28,0,0,34,0,34,40,0,40,74
09/02/2022,DTN,LA,ASW,CE,Federal Contract Tower,0,0,22,0,22,0,1,35,2,38,0,1,57,2,60,60,0,60,120
09/03/2022,DTN,LA,ASW,CE,Federal Contract Tower,0,0,17,0,17,0,2,40,0,42,0,2,57,0,59,68,0,68,127
09/04/2022,DTN,LA,ASW,CE,Federal Contract Tower,0,0,13,0,13,0,0,34,0,34,0,0,47,0,47,34,0,34,81
09/05/2022,DTN,LA,ASW,CE,Federal Contract Tower,0,0,8,0,8,0,0,37,0,37,0,0,45,0,45,50,0,50,95
09/06/2022,DTN,LA,ASW,CE,Federal Contract Tower,0,0,13,0,13,0,3,23,0,26,0,3,36,0,39,48,0,48,87
09/07/2022,DTN,LA,ASW,CE,Federal Contract Tower,0,0,10,0,10,0,1,25,0,26,0,1,35,0,36,90,0,90,126
09/08/2022,DTN,LA,ASW,CE,Federal Contract Tower,0,0,15,0,15,0,0,47,0,47,0,0,62,0,62,86,0,86,148
09/09/2022,DTN,LA,ASW,CE,Federal Contract Tower,0,0,20,0,20,0,17,49,0,66,0,17,69,0,86,64,0,64,150
09/10/2022,DTN,LA,ASW,CE,Federal Contract Tower,0,2,11,0,13,0,0,39,0,39,0,2,50,0,52,70,0,70,122
09/11/2022,DTN,LA,ASW,CE,Federal Contract Tower,0,0,15,0,15,0,0,55,0,55,0,0,70,0,70,10,0,10,80
09/12/2022,DTN,LA,ASW,CE,Federal Contract Tower,0,1,19,0,20,0,2,52,0,54,0,3,71,0,74,34,0,34,108
09/13/2022,DTN,LA,ASW,CE,Federal Contract Tower,0,2,21,0,23,0,2,54,0,56,0,4,75,0,79,72,0,72,151
09/14/2022,DTN,LA,ASW,CE,Federal Contract Tower,0,0,21,0,21,0,1,76,0,77,0,1,97,0,98,104,0,104,202
09/15/2022,DTN,LA,ASW,CE,Federal Contract Tower,0,0,12,0,12,0,0,76,3,79,0,0,88,3,91,108,0,108,199
09/16/2022,DTN,LA,ASW,CE,Federal Contract Tower,0,0,26,0,26,0,13,51,0,64,0,13,77,0,90,32,0,32,122
09/17/2022,DTN,LA,ASW,CE,Federal Contract Tower,0,0,13,0,13,0,8,58,0,66,0,8,71,0,79,78,0,78,157
09/19/2022,DTN,LA,ASW,CE,Federal Contract Tower,0,0,13,0,13,0,0,56,0,56,0,0,69,0,69,104,0,104,173
09/20/2022,DTN,LA,ASW,CE,Federal Contract Tower,0,0,16,0,16,0,0,39,0,39,0,0,55,0,55,78,0,78,133
09/21/2022,DTN,LA,ASW,CE,Federal Contract Tower,0,0,15,0,15,0,0,54,0,54,0,0,69,0,69,38,0,38,107
09/22/2022,DTN,LA,ASW,CE,Federal Contract Tower,0,0,20,0,20,0,1,38,0,39,0,1,58,0,59,22,0,22,81
09/23/2022,DTN,LA,ASW,CE,Federal Contract Tower,0,0,12,0,12,0,3,49,0,52,0,3,61,0,64,22,0,22,86
09/24/2022,DTN,LA,ASW,CE,Federal Contract Tower,0,2,8,0,10,0,2,34,0,36,0,4,42,0,46,44,0,44,90
09/25/2022,DTN,LA,ASW,CE,Federal Contract Tower,0,0,12,0,12,0,0,41,0,41,0,0,53,0,53,26,0,26,79
09/26/2022,DTN,LA,ASW,CE,Federal Contract Tower,0,0,15,0,15,0,0,43,0,43,0,0,58,0,58,58,0,58,116
09/27/2022,DTN,LA,ASW,CE,Federal Contract Tower,0,0,21,0,21,0,2,47,0,49,0,2,68,0,70,92,0,92,162
09/28/2022,DTN,LA,ASW,CE,Federal Contract Tower,0,0,10,0,10,0,1,45,0,46,0,1,55,0,56,56,0,56,112
09/29/2022,DTN,LA,ASW,CE,Federal Contract Tower,0,0,17,0,17,0,0,49,5,54,0,0,66,5,71,8,0,8,79
09/30/2022,DTN,LA,ASW,CE,Federal Contract Tower,0,2,18,0,20,0,0,41,0,41,0,2,59,0,61,20,0,20,81
10/01/2022,DTN,LA,ASW,CE,Federal Contract Tower,0,0,8,0,8,0,1,43,0,44,0,1,51,0,52,54,0,54,106
10/02/2022,DTN,LA,ASW,CE,Federal Contract Tower,0,0,14,0,14,0,0,60,0,60,0,0,74,0,74,98,0,98,172
10/03/2022,DTN,LA,ASW,CE,Federal Contract Tower,0,0,17,0,17,0,0,47,0,47,0,0,64,0,64,72,0,72,136
10/04/2022,DTN,LA,ASW,CE,Federal Contract Tower,0,1,20,0,21,0,4,54,0,58,0,5,74,0,79,66,0,66,145
10/05/2022,DTN,LA,ASW,CE,Federal Contract Tower,0,0,18,0,18,0,1,79,2,82,0,1,97,2,100,110,0,110,210
10/06/2022,DTN,LA,ASW,CE,Federal Contract Tower,0,0,17,0,17,0,0,54,0,54,0,0,71,0,71,50,0,50,121
10/07/2022,DTN,LA,ASW,CE,Federal Contract Tower,0,0,18,0,18,0,2,47,0,49,0,2,65,0,67,38,0,38,105
10/08/2022,DTN,LA,ASW,CE,Federal Contract Tower,0,0,16,0,16,0,2,60,2,64,0,2,76,2,80,64,0,64,144
10/09/2022,DTN,LA,ASW,CE,Federal Contract Tower,0,0,15,0,15,0,0,64,0,64,0,0,79,0,79,72,0,72,151
10/10/2022,DTN,LA,ASW,CE,Federal Contract Tower,0,0,12,0,12,0,0,68,0,68,0,0,80,0,80,66,0,66,146
10/11/2022,DTN,LA,ASW,CE,Federal Contract Tower,0,0,8,0,8,0,3,55,0,58,0,3,63,0,66,148,0,148,214
10/12/2022,DTN,LA,ASW,CE,Federal Contract Tower,0,0,20,0,20,0,0,15,0,15,0,0,35,0,35,2,0,2,37
10/13/2022,DTN,LA,ASW,CE,Federal Contract Tower,0,0,13,0,13,0,0,30,4,34,0,0,43,4,47,42,0,42,89
10/14/2022,DTN,LA,ASW,CE,Federal Contract Tower,0,0,11,0,11,0,7,56,0,63,0,7,67,0,74,92,0,92,166
10/15/2022,DTN,LA,ASW,CE,Federal Contract Tower,0,2,5,0,7,0,2,178,0,180,0,4,183,0,187,48,0,48,235
10/16/2022,DTN,LA,ASW,CE,Federal Contract Tower,0,0,20,0,20,0,0,8,0,8,0,0,28,0,28,8,0,8,36
10/17/2022,DTN,LA,ASW,CE,Federal Contract Tower,0,0,20,0,20,0,0,30,0,30,0,0,50,0,50,40,0,40,90
10/18/2022,DTN,LA,ASW,CE,Federal Contract Tower,0,0,15,0,15,0,0,35,0,35,0,0,50,0,50,12,0,12,62
10/19/2022,DTN,LA,ASW,CE,Federal Contract Tower,0,0,13,0,13,0,1,40,2,43,0,1,53,2,56,60,0,60,116
10/20/2022,DTN,LA,ASW,CE,Federal Contract Tower,0,0,18,0,18,0,0,68,2,70,0,0,86,2,88,54,0,54,142
10/21/2022,DTN,LA,ASW,CE,Federal Contract Tower,0,2,16,0,18,0,3,36,0,39,0,5,52,0,57,14,0,14,71
10/22/2022,DTN,LA,ASW,CE,Federal Contract Tower,0,0,8,0,8,0,0,28,0,28,0,0,36,0,36,44,0,44,80
10/23/2022,DTN,LA,ASW,CE,Federal Contract Tower,0,0,13,0,13,0,0,42,0,42,0,0,55,0,55,54,0,54,109
10/24/2022,DTN,LA,ASW,CE,Federal Contract Tower,0,0,9,0,9,0,0,15,0,15,0,0,24,0,24,34,0,34,58
10/25/2022,DTN,LA,ASW,CE,Federal Contract Tower,0,0,12,0,12,0,0,13,5,18,0,0,25,5,30,0,0,0,30
10/26/2022,DTN,LA,ASW,CE,Federal Contract Tower,0,0,17,0,17,0,1,65,2,68,0,1,82,2,85,38,0,38,123
10/27/2022,DTN,LA,ASW,CE,Federal Contract Tower,0,0,22,0,22,0,1,56,0,57,0,1,78,0,79,66,0,66,145
10/28/2022,DTN,LA,ASW,CE,Federal Contract Tower,0,0,8,0,8,0,2,9,0,11,0,2,17,0,19,44,0,44,63
10/29/2022,DTN,LA,ASW,CE,Federal Contract Tower,0,0,5,0,5,0,0,1,0,1,0,0,6,0,6,0,0,0,6
10/30/2022,DTN,LA,ASW,CE,Federal Contract Tower,0,0,19,0,19,0,0,24,0,24,0,0,43,0,43,52,0,52,95
10/31/2022,DTN,LA,ASW,CE,Federal Contract Tower,0,0,10,0,10,0,0,38,0,38,0,0,48,0,48,40,0,40,88
11/01/2022,DTN,LA,ASW,CE,Federal Contract Tower,0,0,10,0,10,2,0,34,0,36,2,0,44,0,46,20,0,20,66
11/02/2022,DTN,LA,ASW,CE,Federal Contract Tower,0,0,19,0,19,0,0,45,6,51,0,0,64,6,70,30,0,30,100
11/03/2022,DTN,LA,ASW,CE,Federal Contract Tower,0,0,19,0,19,0,0,48,0,48,0,0,67,0,67,44,0,44,111
11/04/2022,DTN,LA,ASW,CE,Federal Contract Tower,0,0,13,0,13,0,0,10,0,10,0,0,23,0,23,0,0,0,23
11/05/2022,DTN,LA,ASW,CE,Federal Contract Tower,0,0,9,0,9,0,0,42,0,42,0,0,51,0,51,72,0,72,123
11/06/2022,DTN,LA,ASW,CE,Federal Contract Tower,0,0,25,0,25,0,0,32,0,32,0,0,57,0,57,74,0,74,131
11/07/2022,DTN,LA,ASW,CE,Federal Contract Tower,0,0,15,0,15,0,0,19,0,19,0,0,34,0,34,32,0,32,66
11/08/2022,DTN,LA,ASW,CE,Federal Contract Tower,0,1,30,0,31,0,1,18,0,19,0,2,48,0,50,32,0,32,82
11/09/2022,DTN,LA,ASW,CE,Federal Contract Tower,0,0,25,0,25,0,1,41,0,42,0,1,66,0,67,70,0,70,137
11/10/2022,DTN,LA,ASW,CE,Federal Contract Tower,0,0,23,0,23,0,0,66,0,66,0,0,89,0,89,102,0,102,191
11/11/2022,DTN,LA,ASW,CE,Federal Contract Tower,0,2,14,0,16,0,1,8,0,9,0,3,22,0,25,30,0,30,55
11/12/2022,DTN,LA,ASW,CE,Federal Contract Tower,0,0,11,0,11,0,0,23,0,23,0,0,34,0,34,28,0,28,62
11/13/2022,DTN,LA,ASW,CE,Federal Contract Tower,0,0,15,0,15,0,0,64,0,64,0,0,79,0,79,42,0,42,121
11/14/2022,DTN,LA,ASW,CE,Federal Contract Tower,0,0,13,0,13,0,0,8,0,8,0,0,21,0,21,0,0,0,21
11/15/2022,DTN,LA,ASW,CE,Federal Contract Tower,0,2,11,0,13,0,1,7,0,8,0,3,18,0,21,26,0,26,47
11/16/2022,DTN,LA,ASW,CE,Federal Contract Tower,0,0,16,0,16,0,1,44,2,47,0,1,60,2,63,116,0,116,179
11/17/2022,DTN,LA,ASW,CE,Federal Contract Tower,0,2,16,0,18,0,1,50,0,51,0,3,66,0,69,70,0,70,139
11/18/2022,DTN,LA,ASW,CE,Federal Contract Tower,0,0,22,0,22,0,14,47,0,61,0,14,69,0,83,84,0,84,167
11/19/2022,DTN,LA,ASW,CE,Federal Contract Tower,0,0,19,0,19,0,3,38,0,41,0,3,57,0,60,40,0,40,100
11/20/2022,DTN,LA,ASW,CE,Federal Contract Tower,0,0,28,0,28,0,0,59,0,59,0,0,87,0,87,24,0,24,111
11/21/2022,DTN,LA,ASW,CE,Federal Contract Tower,0,0,22,0,22,0,0,44,0,44,0,0,66,0,66,52,0,52,118
11/22/2022,DTN,LA,ASW,CE,Federal Contract Tower,0,0,15,0,15,0,1,36,0,37,0,1,51,0,52,24,0,24,76
11/23/2022,DTN,LA,ASW,CE,Federal Contract Tower,0,0,17,0,17,0,1,39,0,40,0,1,56,0,57,32,0,32,89
11/24/2022,DTN,LA,ASW,CE,Federal Contract Tower,0,0,0,0,0,0,0,0,0,0,0,0,0,0,0,0,0,0,0
11/25/2022,DTN,LA,ASW,CE,Federal Contract Tower,0,0,9,0,9,0,0,2,0,2,0,0,11,0,11,0,0,0,11
11/26/2022,DTN,LA,ASW,CE,Federal Contract Tower,0,0,4,0,4,0,0,1,0,1,0,0,5,0,5,0,0,0,5
11/27/2022,DTN,LA,ASW,CE,Federal Contract Tower,0,0,20,0,20,0,0,65,0,65,0,0,85,0,85,68,0,68,153
11/28/2022,DTN,LA,ASW,CE,Federal Contract Tower,0,0,10,0,10,0,0,39,0,39,0,0,49,0,49,50,0,50,99
11/29/2022,DTN,LA,ASW,CE,Federal Contract Tower,0,2,9,0,11,0,0,9,0,9,0,2,18,0,20,6,0,6,26
11/30/2022,DTN,LA,ASW,CE,Federal Contract Tower,0,0,18,0,18,0,1,31,0,32,0,1,49,0,50,8,0,8,58
12/01/2022,DTN,LA,ASW,CE,Federal Contract Tower,0,0,9,0,9,0,0,46,0,46,0,0,55,0,55,138,0,138,193
12/02/2022,DTN,LA,ASW,CE,Federal Contract Tower,0,2,13,0,15,0,4,25,0,29,0,6,38,0,44,24,0,24,68
12/03/2022,DTN,LA,ASW,CE,Federal Contract Tower,0,0,13,0,13,0,0,8,0,8,0,0,21,0,21,6,0,6,27
12/04/2022,DTN,LA,ASW,CE,Federal Contract Tower,0,0,16,0,16,0,0,32,0,32,0,0,48,0,48,48,0,48,96
12/05/2022,DTN,LA,ASW,CE,Federal Contract Tower,0,0,15,0,15,0,0,17,0,17,0,0,32,0,32,12,0,12,44
12/06/2022,DTN,LA,ASW,CE,Federal Contract Tower,0,0,17,3,20,0,3,18,1,22,0,3,35,4,42,30,0,30,72
12/07/2022,DTN,LA,ASW,CE,Federal Contract Tower,0,0,20,0,20,0,0,26,0,26,0,0,46,0,46,46,0,46,92
12/08/2022,DTN,LA,ASW,CE,Federal Contract Tower,0,0,19,0,19,0,0,39,0,39,0,0,58,0,58,68,0,68,126
12/09/2022,DTN,LA,ASW,CE,Federal Contract Tower,0,0,18,0,18,0,0,8,0,8,0,0,26,0,26,14,0,14,40
12/10/2022,DTN,LA,ASW,CE,Federal Contract Tower,0,4,17,0,21,0,0,28,0,28,0,4,45,0,49,40,0,40,89
12/11/2022,DTN,LA,ASW,CE,Federal Contract Tower,0,0,23,0,23,0,0,0,0,0,0,0,23,0,23,0,0,0,23
12/12/2022,DTN,LA,ASW,CE,Federal Contract Tower,0,0,19,0,19,0,0,0,0,0,0,0,19,0,19,0,0,0,19
12/13/2022,DTN,LA,ASW,CE,Federal Contract Tower,0,0,1,0,1,0,0,1,0,1,0,0,2,0,2,0,0,0,2
12/14/2022,DTN,LA,ASW,CE,Federal Contract Tower,0,2,22,0,24,0,1,42,0,43,0,3,64,0,67,52,0,52,119
12/15/2022,DTN,LA,ASW,CE,Federal Contract Tower,0,0,28,0,28,0,0,62,0,62,0,0,90,0,90,74,0,74,164
12/16/2022,DTN,LA,ASW,CE,Federal Contract Tower,0,0,21,0,21,0,3,29,0,32,0,3,50,0,53,66,0,66,119
12/17/2022,DTN,LA,ASW,CE,Federal Contract Tower,0,1,13,0,14,0,3,42,0,45,0,4,55,0,59,34,0,34,93
12/18/2022,DTN,LA,ASW,CE,Federal Contract Tower,0,0,17,0,17,0,1,51,0,52,0,1,68,0,69,42,0,42,111
12/19/2022,DTN,LA,ASW,CE,Federal Contract Tower,0,0,3,0,3,0,0,3,0,3,0,0,6,0,6,0,0,0,6
12/20/2022,DTN,LA,ASW,CE,Federal Contract Tower,0,1,20,0,21,0,2,9,0,11,0,3,29,0,32,0,0,0,32
12/21/2022,DTN,LA,ASW,CE,Federal Contract Tower,0,0,22,0,22,0,0,24,0,24,0,0,46,0,46,20,0,20,66
12/22/2022,DTN,LA,ASW,CE,Federal Contract Tower,0,0,9,0,9,0,0,1,0,1,0,0,10,0,10,0,0,0,10
12/23/2022,DTN,LA,ASW,CE,Federal Contract Tower,0,0,14,0,14,0,2,19,0,21,0,2,33,0,35,8,0,8,43
12/24/2022,DTN,LA,ASW,CE,Federal Contract Tower,0,0,2,0,2,0,0,11,0,11,0,0,13,0,13,4,0,4,17
12/25/2022,DTN,LA,ASW,CE,Federal Contract Tower,0,0,4,0,4,0,0,17,0,17,0,0,21,0,21,68,0,68,89
12/26/2022,DTN,LA,ASW,CE,Federal Contract Tower,0,0,18,0,18,0,2,30,0,32,0,2,48,0,50,60,0,60,110
12/27/2022,DTN,LA,ASW,CE,Federal Contract Tower,0,0,14,0,14,0,7,26,0,33,0,7,40,0,47,40,0,40,87
12/28/2022,DTN,LA,ASW,CE,Federal Contract Tower,0,0,10,0,10,0,1,40,0,41,0,1,50,0,51,18,0,18,69
12/29/2022,DTN,LA,ASW,CE,Federal Contract Tower,0,0,10,0,10,0,0,9,0,9,0,0,19,0,19,8,0,8,27
12/30/2022,DTN,LA,ASW,CE,Federal Contract Tower,0,1,20,0,21,0,2,11,0,13,0,3,31,0,34,6,0,6,40
12/31/2022,DTN,LA,ASW,CE,Federal Contract Tower,0,1,15,0,16,0,1,21,0,22,0,2,36,0,38,14,0,14,52
01/01/2023,DTN,LA,ASW,CE,Federal Contract Tower,0,0,22,0,22,0,0,10,0,10,0,0,32,0,32,0,0,0,32
01/02/2023,DTN,LA,ASW,CE,Federal Contract Tower,0,2,11,0,13,0,0,6,0,6,0,2,17,0,19,2,0,2,21
01/03/2023,DTN,LA,ASW,CE,Federal Contract Tower,0,2,10,0,12,0,10,22,0,32,0,12,32,0,44,18,0,18,62
01/04/2023,DTN,LA,ASW,CE,Federal Contract Tower,0,0,18,0,18,0,0,46,0,46,0,0,64,0,64,56,0,56,120
01/05/2023,DTN,LA,ASW,CE,Federal Contract Tower,0,0,20,0,20,0,0,49,0,49,0,0,69,0,69,12,0,12,81
01/06/2023,DTN,LA,ASW,CE,Federal Contract Tower,0,0,10,0,10,0,4,42,0,46,0,4,52,0,56,34,0,34,90
01/07/2023,DTN,LA,ASW,CE,Federal Contract Tower,0,0,11,0,11,0,0,7,0,7,0,0,18,0,18,14,0,14,32
01/08/2023,DTN,LA,ASW,CE,Federal Contract Tower,0,0,9,0,9,0,0,51,0,51,0,0,60,0,60,64,0,64,124
01/09/2023,DTN,LA,ASW,CE,Federal Contract Tower,0,0,10,0,10,0,0,38,0,38,0,0,48,0,48,78,0,78,126
01/10/2023,DTN,LA,ASW,CE,Federal Contract Tower,0,0,21,0,21,0,2,20,0,22,0,2,41,0,43,10,0,10,53
01/11/2023,DTN,LA,ASW,CE,Federal Contract Tower,0,0,23,0,23,0,0,24,0,24,0,0,47,0,47,2,0,2,49
01/12/2023,DTN,LA,ASW,CE,Federal Contract Tower,0,0,7,0,7,0,0,14,0,14,0,0,21,0,21,0,0,0,21
01/13/2023,DTN,LA,ASW,CE,Federal Contract Tower,0,0,16,0,16,0,7,52,0,59,0,7,68,0,75,76,0,76,151
01/14/2023,DTN,LA,ASW,CE,Federal Contract Tower,0,0,11,0,11,0,5,51,0,56,0,5,62,0,67,26,0,26,93
01/15/2023,DTN,LA,ASW,CE,Federal Contract Tower,0,0,25,0,25,0,0,18,0,18,0,0,43,0,43,18,0,18,61
01/16/2023,DTN,LA,ASW,CE,Federal Contract Tower,0,0,14,0,14,0,0,17,0,17,0,0,31,0,31,0,0,0,31
01/17/2023,DTN,LA,ASW,CE,Federal Contract Tower,0,0,20,2,22,0,2,50,0,52,0,2,70,2,74,34,0,34,108
01/18/2023,DTN,LA,ASW,CE,Federal Contract Tower,0,0,8,0,8,0,0,6,0,6,0,0,14,0,14,0,0,0,14
01/19/2023,DTN,LA,ASW,CE,Federal Contract Tower,0,0,29,0,29,0,0,74,0,74,0,0,103,0,103,70,0,70,173
01/20/2023,DTN,LA,ASW,CE,Federal Contract Tower,0,2,10,0,12,0,2,34,2,38,0,4,44,2,50,34,0,34,84
01/21/2023,DTN,LA,ASW,CE,Federal Contract Tower,0,0,7,0,7,0,2,35,0,37,0,2,42,0,44,38,0,38,82
01/22/2023,DTN,LA,ASW,CE,Federal Contract Tower,0,0,18,0,18,0,0,14,0,14,0,0,32,0,32,2,0,2,34
01/23/2023,DTN,LA,ASW,CE,Federal Contract Tower,0,0,8,0,8,0,0,75,0,75,0,0,83,0,83,100,0,100,183
01/24/2023,DTN,LA,ASW,CE,Federal Contract Tower,0,0,2,0,2,0,0,1,0,1,0,0,3,0,3,0,0,0,3
01/25/2023,DTN,LA,ASW,CE,Federal Contract Tower,0,0,10,0,10,0,0,17,0,17,0,0,27,0,27,0,0,0,27
01/26/2023,DTN,LA,ASW,CE,Federal Contract Tower,0,0,18,0,18,0,0,54,0,54,0,0,72,0,72,20,0,20,92
01/27/2023,DTN,LA,ASW,CE,Federal Contract Tower,0,0,25,0,25,0,19,27,0,46,0,19,52,0,71,20,0,20,91
01/28/2023,DTN,LA,ASW,CE,Federal Contract Tower,0,0,9,0,9,0,0,5,0,5,0,0,14,0,14,2,0,2,16
01/29/2023,DTN,LA,ASW,CE,Federal Contract Tower,0,0,5,0,5,0,0,0,0,0,0,0,5,0,5,0,0,0,5
01/30/2023,DTN,LA,ASW,CE,Federal Contract Tower,0,0,6,0,6,0,0,0,0,0,0,0,6,0,6,0,0,0,6
01/31/2023,DTN,LA,ASW,CE,Federal Contract Tower,0,0,1,0,1,0,0,0,0,0,0,0,1,0,1,0,0,0,1
02/01/2023,DTN,LA,ASW,CE,Federal Contract Tower,0,0,4,0,4,0,0,0,0,0,0,0,4,0,4,0,0,0,4
02/02/2023,DTN,LA,ASW,CE,Federal Contract Tower,0,0,0,0,0,0,0,4,0,4,0,0,4,0,4,18,0,18,22
02/03/2023,DTN,LA,ASW,CE,Federal Contract Tower,0,0,26,0,26,0,15,52,0,67,0,15,78,0,93,112,0,112,205
02/04/2023,DTN,LA,ASW,CE,Federal Contract Tower,0,0,11,0,11,0,1,74,0,75,0,1,85,0,86,118,0,118,204
02/05/2023,DTN,LA,ASW,CE,Federal Contract Tower,0,0,8,0,8,0,2,51,0,53,0,2,59,0,61,58,0,58,119
02/07/2023,DTN,LA,ASW,CE,Federal Contract Tower,0,0,20,0,20,0,0,73,0,73,0,0,93,0,93,132,0,132,225
02/08/2023,DTN,LA,ASW,CE,Federal Contract Tower,0,0,18,0,18,0,0,4,0,4,0,0,22,0,22,0,0,0,22
02/09/2023,DTN,LA,ASW,CE,Federal Contract Tower,0,0,25,0,25,0,0,97,4,101,0,0,122,4,126,56,0,56,182
02/10/2023,DTN,LA,ASW,CE,Federal Contract Tower,0,1,18,0,19,0,1,18,0,19,0,2,36,0,38,52,0,52,90
02/11/2023,DTN,LA,ASW,CE,Federal Contract Tower,0,0,9,0,9,0,0,13,0,13,0,0,22,0,22,20,0,20,42
02/12/2023,DTN,LA,ASW,CE,Federal Contract Tower,0,0,20,0,20,0,1,75,0,76,0,1,95,0,96,68,0,68,164
02/13/2023,DTN,LA,ASW,CE,Federal Contract Tower,0,0,14,0,14,0,0,47,0,47,0,0,61,0,61,50,0,50,111
02/14/2023,DTN,LA,ASW,CE,Federal Contract Tower,0,0,11,0,11,0,0,5,0,5,0,0,16,0,16,0,0,0,16
02/15/2023,DTN,LA,ASW,CE,Federal Contract Tower,0,0,12,0,12,0,0,15,0,15,0,0,27,0,27,0,0,0,27
02/16/2023,DTN,LA,ASW,CE,Federal Contract Tower,0,0,15,0,15,0,0,19,0,19,0,0,34,0,34,2,0,2,36
02/17/2023,DTN,LA,ASW,CE,Federal Contract Tower,0,1,27,0,28,0,5,48,0,53,0,6,75,0,81,66,0,66,147
02/18/2023,DTN,LA,ASW,CE,Federal Contract Tower,0,0,15,0,15,0,6,44,0,50,0,6,59,0,65,22,0,22,87
02/19/2023,DTN,LA,ASW,CE,Federal Contract Tower,0,2,21,0,23,0,0,28,0,28,0,2,49,0,51,4,0,4,55
02/20/2023,DTN,LA,ASW,CE,Federal Contract Tower,0,0,14,0,14,0,0,12,0,12,0,0,26,0,26,0,0,0,26
02/21/2023,DTN,LA,ASW,CE,Federal Contract Tower,0,0,14,0,14,0,0,30,0,30,0,0,44,0,44,44,0,44,88
02/22/2023,DTN,LA,ASW,CE,Federal Contract Tower,0,0,15,2,17,0,0,16,0,16,0,0,31,2,33,14,2,16,49
02/23/2023,DTN,LA,ASW,CE,Federal Contract Tower,0,0,29,0,29,0,3,49,0,52,0,3,78,0,81,24,0,24,105
02/24/2023,DTN,LA,ASW,CE,Federal Contract Tower,0,0,23,0,23,0,1,12,0,13,0,1,35,0,36,26,0,26,62
02/25/2023,DTN,LA,ASW,CE,Federal Contract Tower,0,0,13,0,13,0,0,0,0,0,0,0,13,0,13,0,0,0,13
02/26/2023,DTN,LA,ASW,CE,Federal Contract Tower,0,2,13,0,15,0,0,19,0,19,0,2,32,0,34,52,0,52,86
02/27/2023,DTN,LA,ASW,CE,Federal Contract Tower,0,0,19,0,19,0,2,42,0,44,0,2,61,0,63,70,0,70,133
02/28/2023,DTN,LA,ASW,CE,Federal Contract Tower,0,0,13,4,17,0,5,57,0,62,0,5,70,4,79,114,0,114,193
03/01/2023,DTN,LA,ASW,CE,Federal Contract Tower,0,0,20,0,20,0,1,15,0,16,0,1,35,0,36,20,0,20,56
03/02/2023,DTN,LA,ASW,CE,Federal Contract Tower,0,0,8,0,8,0,0,10,0,10,0,0,18,0,18,8,0,8,26
03/03/2023,DTN,LA,ASW,CE,Federal Contract Tower,0,0,6,0,6,0,1,18,0,19,0,1,24,0,25,26,0,26,51
03/04/2023,DTN,LA,ASW,CE,Federal Contract Tower,0,0,18,0,18,0,4,83,0,87,0,4,101,0,105,54,0,54,159
03/05/2023,DTN,LA,ASW,CE,Federal Contract Tower,0,0,11,0,11,0,0,80,0,80,0,0,91,0,91,92,0,92,183
03/06/2023,DTN,LA,ASW,CE,Federal Contract Tower,0,0,13,0,13,0,3,24,0,27,0,3,37,0,40,48,0,48,88
03/07/2023,DTN,LA,ASW,CE,Federal Contract Tower,0,0,5,2,7,0,1,11,0,12,0,1,16,2,19,40,2,42,61
03/08/2023,DTN,LA,ASW,CE,Federal Contract Tower,0,0,12,0,12,0,2,40,1,43,0,2,52,1,55,16,8,24,79
03/09/2023,DTN,LA,ASW,CE,Federal Contract Tower,0,0,14,0,14,0,0,46,0,46,0,0,60,0,60,74,0,74,134
03/10/2023,DTN,LA,ASW,CE,Federal Contract Tower,0,0,27,0,27,0,1,22,0,23,0,1,49,0,50,16,0,16,66
03/11/2023,DTN,LA,ASW,CE,Federal Contract Tower,0,2,15,0,17,0,3,22,0,25,0,5,37,0,42,62,0,62,104
03/12/2023,DTN,LA,ASW,CE,Federal Contract Tower,0,0,27,0,27,0,0,15,0,15,0,0,42,0,42,72,0,72,114
03/13/2023,DTN,LA,ASW,CE,Federal Contract Tower,0,0,9,0,9,0,0,80,0,80,0,0,89,0,89,86,0,86,175
03/14/2023,DTN,LA,ASW,CE,Federal Contract Tower,0,0,17,0,17,0,3,51,0,54,0,3,68,0,71,162,0,162,233
03/15/2023,DTN,LA,ASW,CE,Federal Contract Tower,0,0,7,5,12,0,3,84,0,87,0,3,91,5,99,138,0,138,237
03/16/2023,DTN,LA,ASW,CE,Federal Contract Tower,0,0,11,0,11,0,0,13,0,13,0,0,24,0,24,0,0,0,24
03/17/2023,DTN,LA,ASW,CE,Federal Contract Tower,0,2,15,0,17,0,5,25,0,30,0,7,40,0,47,24,0,24,71
03/18/2023,DTN,LA,ASW,CE,Federal Contract Tower,0,0,11,0,11,0,0,57,0,57,0,0,68,0,68,166,0,166,234
03/19/2023,DTN,LA,ASW,CE,Federal Contract Tower,0,0,14,0,14,0,0,59,0,59,0,0,73,0,73,94,0,94,167
03/20/2023,DTN,LA,ASW,CE,Federal Contract Tower,0,0,5,0,5,0,2,58,0,60,0,2,63,0,65,66,0,66,131
03/21/2023,DTN,LA,ASW,CE,Federal Contract Tower,0,0,18,0,18,0,1,17,0,18,0,1,35,0,36,0,0,0,36
03/22/2023,DTN,LA,ASW,CE,Federal Contract Tower,0,0,23,0,23,0,0,39,3,42,0,0,62,3,65,54,0,54,119
03/23/2023,DTN,LA,ASW,CE,Federal Contract Tower,0,0,19,0,19,0,0,23,0,23,0,0,42,0,42,20,0,20,62
03/24/2023,DTN,LA,ASW,CE,Federal Contract Tower,0,0,12,0,12,0,2,8,0,10,0,2,20,0,22,2,0,2,24
03/25/2023,DTN,LA,ASW,CE,Federal Contract Tower,0,0,13,0,13,0,2,36,0,38,0,2,49,0,51,30,0,30,81
03/26/2023,DTN,LA,ASW,CE,Federal Contract Tower,0,0,3,0,3,0,2,26,0,28,0,2,29,0,31,0,0,0,31
03/27/2023,DTN,LA,ASW,CE,Federal Contract Tower,0,0,16,0,16,0,0,43,0,43,0,0,59,0,59,50,0,50,109
03/28/2023,DTN,LA,ASW,CE,Federal Contract Tower,0,0,22,0,22,0,1,25,0,26,0,1,47,0,48,8,0,8,56
03/29/2023,DTN,LA,ASW,CE,Federal Contract Tower,0,0,12,0,12,0,0,40,0,40,0,0,52,0,52,34,0,34,86
03/30/2023,DTN,LA,ASW,CE,Federal Contract Tower,0,0,19,0,19,0,0,47,0,47,0,0,66,0,66,34,0,34,100
03/31/2023,DTN,LA,ASW,CE,Federal Contract Tower,0,0,16,0,16,0,0,7,0,7,0,0,23,0,23,0,0,0,23
04/01/2023,DTN,LA,ASW,CE,Federal Contract Tower,0,0,17,0,17,0,5,58,0,63,0,5,75,0,80,62,0,62,142
04/02/2023,DTN,LA,ASW,CE,Federal Contract Tower,0,0,13,0,13,0,0,27,0,27,0,0,40,0,40,0,0,0,40
04/03/2023,DTN,LA,ASW,CE,Federal Contract Tower,0,0,25,0,25,0,0,28,0,28,0,0,53,0,53,4,0,4,57
04/04/2023,DTN,LA,ASW,CE,Federal Contract Tower,0,0,17,0,17,0,1,11,0,12,0,1,28,0,29,20,0,20,49
04/05/2023,DTN,LA,ASW,CE,Federal Contract Tower,0,0,10,0,10,0,0,5,0,5,0,0,15,0,15,0,0,0,15
04/06/2023,DTN,LA,ASW,CE,Federal Contract Tower,0,0,8,0,8,0,0,0,0,0,0,0,8,0,8,0,0,0,8
04/07/2023,DTN,LA,ASW,CE,Federal Contract Tower,0,0,15,0,15,0,0,0,0,0,0,0,15,0,15,0,0,0,15
04/08/2023,DTN,LA,ASW,CE,Federal Contract Tower,0,0,19,0,19,0,0,33,0,33,0,0,52,0,52,46,0,46,98
04/09/2023,DTN,LA,ASW,CE,Federal Contract Tower,0,0,9,0,9,0,0,22,0,22,0,0,31,0,31,54,0,54,85
04/10/2023,DTN,LA,ASW,CE,Federal Contract Tower,0,0,19,0,19,0,0,78,0,78,0,0,97,0,97,60,0,60,157
04/11/2023,DTN,LA,ASW,CE,Federal Contract Tower,0,2,20,0,22,0,0,62,0,62,0,2,82,0,84,58,0,58,142
04/12/2023,DTN,LA,ASW,CE,Federal Contract Tower,0,0,19,0,19,0,1,58,0,59,0,1,77,0,78,56,0,56,134
04/13/2023,DTN,LA,ASW,CE,Federal Contract Tower,0,0,27,0,27,0,3,40,0,43,0,3,67,0,70,42,0,42,112
04/14/2023,DTN,LA,ASW,CE,Federal Contract Tower,0,0,19,2,21,0,2,57,0,59,0,2,76,2,80,38,0,38,118
04/15/2023,DTN,LA,ASW,CE,Federal Contract Tower,0,0,8,0,8,0,0,17,0,17,0,0,25,0,25,8,0,8,33
04/16/2023,DTN,LA,ASW,CE,Federal Contract Tower,0,0,7,0,7,0,1,57,0,58,0,1,64,0,65,38,0,38,103
04/17/2023,DTN,LA,ASW,CE,Federal Contract Tower,0,0,13,0,13,0,0,57,0,57,0,0,70,0,70,82,0,82,152
04/18/2023,DTN,LA,ASW,CE,Federal Contract Tower,0,0,13,0,13,0,1,45,0,46,0,1,58,0,59,70,0,70,129
04/19/2023,DTN,LA,ASW,CE,Federal Contract Tower,0,0,22,0,22,3,0,36,2,41,3,0,58,2,63,26,0,26,89
04/20/2023,DTN,LA,ASW,CE,Federal Contract Tower,0,0,19,0,19,0,0,17,0,17,0,0,36,0,36,32,0,32,68
04/21/2023,DTN,LA,ASW,CE,Federal Contract Tower,0,0,12,0,12,0,0,15,0,15,0,0,27,0,27,0,0,0,27
04/22/2023,DTN,LA,ASW,CE,Federal Contract Tower,0,2,10,0,12,0,13,70,0,83,0,15,80,0,95,60,0,60,155
04/23/2023,DTN,LA,ASW,CE,Federal Contract Tower,0,0,10,0,10,0,0,30,0,30,0,0,40,0,40,60,0,60,100
04/24/2023,DTN,LA,ASW,CE,Federal Contract Tower,0,0,11,0,11,0,0,59,0,59,0,0,70,0,70,50,0,50,120
04/25/2023,DTN,LA,ASW,CE,Federal Contract Tower,0,0,20,0,20,0,5,39,0,44,0,5,59,0,64,60,0,60,124
04/26/2023,DTN,LA,ASW,CE,Federal Contract Tower,0,0,10,0,10,0,0,20,0,20,0,0,30,0,30,40,0,40,70
04/27/2023,DTN,LA,ASW,CE,Federal Contract Tower,0,0,20,0,20,0,0,26,0,26,0,0,46,0,46,0,0,0,46
04/28/2023,DTN,LA,ASW,CE,Federal Contract Tower,0,1,30,0,31,0,9,82,0,91,0,10,112,0,122,76,0,76,198
04/29/2023,DTN,LA,ASW,CE,Federal Contract Tower,0,0,11,0,11,0,0,1,0,1,0,0,12,0,12,0,0,0,12
04/30/2023,DTN,LA,ASW,CE,Federal Contract Tower,0,0,9,0,9,0,0,82,0,82,0,0,91,0,91,72,0,72,163
05/01/2023,DTN,LA,ASW,CE,Federal Contract Tower,0,0,10,0,10,0,0,46,0,46,0,0,56,0,56,28,0,28,84
05/02/2023,DTN,LA,ASW,CE,Federal Contract Tower,0,0,9,0,9,0,0,60,0,60,0,0,69,0,69,114,0,114,183
05/03/2023,DTN,LA,ASW,CE,Federal Contract Tower,0,0,13,0,13,0,0,60,0,60,0,0,73,0,73,60,0,60,133
05/04/2023,DTN,LA,ASW,CE,Federal Contract Tower,0,0,20,0,20,0,0,54,0,54,0,0,74,0,74,110,0,110,184
05/05/2023,DTN,LA,ASW,CE,Federal Contract Tower,0,0,15,0,15,0,0,12,0,12,0,0,27,0,27,12,0,12,39
05/06/2023,DTN,LA,ASW,CE,Federal Contract Tower,0,0,8,0,8,0,0,26,0,26,0,0,34,0,34,24,0,24,58
05/07/2023,DTN,LA,ASW,CE,Federal Contract Tower,0,0,16,0,16,0,1,17,0,18,0,1,33,0,34,36,4,40,74
05/08/2023,DTN,LA,ASW,CE,Federal Contract Tower,0,0,17,0,17,0,0,24,0,24,0,0,41,0,41,10,0,10,51
05/09/2023,DTN,LA,ASW,CE,Federal Contract Tower,0,2,17,0,19,0,0,44,0,44,0,2,61,0,63,66,0,66,129
05/10/2023,DTN,LA,ASW,CE,Federal Contract Tower,0,0,10,0,10,0,0,11,0,11,0,0,21,0,21,32,0,32,53
05/11/2023,DTN,LA,ASW,CE,Federal Contract Tower,0,0,10,0,10,0,0,15,0,15,0,0,25,0,25,32,0,32,57
05/12/2023,DTN,LA,ASW,CE,Federal Contract Tower,0,0,33,0,33,0,0,29,0,29,0,0,62,0,62,30,0,30,92
05/13/2023,DTN,LA,ASW,CE,Federal Contract Tower,0,0,13,0,13,0,2,35,0,37,0,2,48,0,50,58,0,58,108
05/14/2023,DTN,LA,ASW,CE,Federal Contract Tower,0,0,0,9,9,0,0,20,0,20,0,0,20,9,29,10,0,10,39
05/15/2023,DTN,LA,ASW,CE,Federal Contract Tower,0,0,13,0,13,0,0,41,0,41,0,0,54,0,54,82,0,82,136
05/16/2023,DTN,LA,ASW,CE,Federal Contract Tower,0,0,14,0,14,0,6,35,0,41,0,6,49,0,55,66,0,66,121
05/17/2023,DTN,LA,ASW,CE,Federal Contract Tower,0,2,26,0,28,0,1,55,0,56,0,3,81,0,84,88,0,88,172
05/18/2023,DTN,LA,ASW,CE,Federal Contract Tower,0,0,29,0,29,0,0,64,0,64,0,0,93,0,93,82,0,82,175
05/19/2023,DTN,LA,ASW,CE,Federal Contract Tower,0,1,16,0,17,0,5,59,0,64,0,6,75,0,81,98,0,98,179
05/20/2023,DTN,LA,ASW,CE,Federal Contract Tower,0,0,14,0,14,0,4,14,0,18,0,4,28,0,32,14,0,14,46
05/21/2023,DTN,LA,ASW,CE,Federal Contract Tower,0,0,18,0,18,0,0,51,0,51,0,0,69,0,69,112,0,112,181
05/22/2023,DTN,LA,ASW,CE,Federal Contract Tower,0,0,18,0,18,0,6,59,0,65,0,6,77,0,83,108,0,108,191
05/23/2023,DTN,LA,ASW,CE,Federal Contract Tower,0,2,22,0,24,0,0,51,0,51,0,2,73,0,75,98,0,98,173
05/24/2023,DTN,LA,ASW,CE,Federal Contract Tower,0,0,18,0,18,0,1,53,0,54,0,1,71,0,72,84,0,84,156
05/25/2023,DTN,LA,ASW,CE,Federal Contract Tower,0,0,20,0,20,0,0,60,0,60,0,0,80,0,80,74,0,74,154
05/26/2023,DTN,LA,ASW,CE,Federal Contract Tower,0,0,19,0,19,0,7,54,0,61,0,7,73,0,80,70,0,70,150
05/27/2023,DTN,LA,ASW,CE,Federal Contract Tower,0,0,6,0,6,0,4,38,0,42,0,4,44,0,48,32,0,32,80
05/29/2023,DTN,LA,ASW,CE,Federal Contract Tower,0,0,10,0,10,0,0,58,0,58,0,0,68,0,68,132,0,132,200
05/30/2023,DTN,LA,ASW,CE,Federal Contract Tower,0,0,6,0,6,0,2,52,0,54,0,2,58,0,60,104,0,104,164
05/31/2023,DTN,LA,ASW,CE,Federal Contract Tower,0,0,10,0,10,0,0,53,0,53,0,0,63,0,63,60,0,60,123
06/01/2023,DTN,LA,ASW,CE,Federal Contract Tower,0,1,18,1,20,0,0,49,0,49,0,1,67,1,69,76,0,76,145
06/02/2023,DTN,LA,ASW,CE,Federal Contract Tower,0,0,10,0,10,0,6,57,0,63,0,6,67,0,73,112,0,112,185
06/03/2023,DTN,LA,ASW,CE,Federal Contract Tower,0,0,8,0,8,0,2,31,0,33,0,2,39,0,41,12,0,12,53
06/04/2023,DTN,LA,ASW,CE,Federal Contract Tower,0,0,14,0,14,0,0,46,0,46,0,0,60,0,60,60,0,60,120
06/05/2023,DTN,LA,ASW,CE,Federal Contract Tower,0,0,10,0,10,0,0,36,0,36,0,0,46,0,46,78,0,78,124
06/06/2023,DTN,LA,ASW,CE,Federal Contract Tower,0,0,9,0,9,0,2,48,0,50,0,2,57,0,59,66,0,66,125
06/07/2023,DTN,LA,ASW,CE,Federal Contract Tower,0,0,11,0,11,0,0,51,0,51,0,0,62,0,62,93,0,93,155
06/08/2023,DTN,LA,ASW,CE,Federal Contract Tower,0,0,14,0,14,0,0,73,0,73,0,0,87,0,87,164,0,164,251
06/09/2023,DTN,LA,ASW,CE,Federal Contract Tower,0,0,12,0,12,0,1,86,0,87,0,1,98,0,99,182,0,182,281
06/10/2023,DTN,LA,ASW,CE,Federal Contract Tower,0,0,12,0,12,0,1,59,0,60,0,1,71,0,72,46,0,46,118
06/11/2023,DTN,LA,ASW,CE,Federal Contract Tower,0,0,12,0,12,0,0,45,0,45,0,0,57,0,57,70,0,70,127
06/12/2023,DTN,LA,ASW,CE,Federal Contract Tower,0,0,7,0,7,0,0,24,0,24,0,0,31,0,31,52,0,52,83
06/13/2023,DTN,LA,ASW,CE,Federal Contract Tower,0,0,4,0,4,0,0,6,0,6,0,0,10,0,10,0,0,0,10
06/14/2023,DTN,LA,ASW,CE,Federal Contract Tower,0,0,20,0,20,0,0,33,0,33,0,0,53,0,53,34,0,34,87
06/15/2023,DTN,LA,ASW,CE,Federal Contract Tower,0,0,27,0,27,0,0,27,0,27,0,0,54,0,54,50,0,50,104
06/16/2023,DTN,LA,ASW,CE,Federal Contract Tower,0,0,8,0,8,0,2,9,0,11,0,2,17,0,19,4,0,4,23
06/17/2023,DTN,LA,ASW,CE,Federal Contract Tower,0,0,4,0,4,0,0,1,0,1,0,0,5,0,5,0,0,0,5
06/18/2023,DTN,LA,ASW,CE,Federal Contract Tower,0,0,1,0,1,0,0,14,0,14,0,0,15,0,15,0,0,0,15
06/19/2023,DTN,LA,ASW,CE,Federal Contract Tower,0,0,3,0,3,0,0,21,0,21,0,0,24,0,24,48,0,48,72
06/20/2023,DTN,LA,ASW,CE,Federal Contract Tower,0,0,6,0,6,0,1,24,0,25,0,1,30,0,31,72,0,72,103
06/21/2023,DTN,LA,ASW,CE,Federal Contract Tower,0,0,11,0,11,0,2,47,0,49,0,2,58,0,60,86,0,86,146
06/22/2023,DTN,LA,ASW,CE,Federal Contract Tower,0,0,17,0,17,0,0,68,0,68,0,0,85,0,85,108,0,108,193
06/23/2023,DTN,LA,ASW,CE,Federal Contract Tower,0,0,9,0,9,0,5,49,0,54,0,5,58,0,63,38,0,38,101
06/24/2023,DTN,LA,ASW,CE,Federal Contract Tower,0,2,20,1,23,0,0,52,3,55,0,2,72,4,78,44,0,44,122
06/25/2023,DTN,LA,ASW,CE,Federal Contract Tower,0,0,18,0,18,0,0,34,0,34,0,0,52,0,52,66,0,66,118
06/26/2023,DTN,LA,ASW,CE,Federal Contract Tower,0,0,18,0,18,0,0,23,0,23,0,0,41,0,41,50,0,50,91
06/27/2023,DTN,LA,ASW,CE,Federal Contract Tower,0,0,29,0,29,0,0,49,0,49,0,0,78,0,78,108,0,108,186
06/28/2023,DTN,LA,ASW,CE,Federal Contract Tower,0,2,11,0,13,0,1,44,0,45,0,3,55,0,58,92,0,92,150
06/29/2023,DTN,LA,ASW,CE,Federal Contract Tower,0,0,9,0,9,0,1,43,0,44,0,1,52,0,53,26,0,26,79
06/30/2023,DTN,LA,ASW,CE,Federal Contract Tower,0,4,16,0,20,0,6,39,0,45,0,10,55,0,65,72,0,72,137
07/01/2023,DTN,LA,ASW,CE,Federal Contract Tower,0,2,9,0,11,0,5,44,0,49,0,7,53,0,60,40,0,40,100
07/02/2023,DTN,LA,ASW,CE,Federal Contract Tower,0,0,15,0,15,0,2,33,0,35,0,2,48,0,50,64,0,64,114
07/04/2023,DTN,LA,ASW,CE,Federal Contract Tower,0,0,2,0,2,0,0,43,0,43,0,0,45,0,45,24,0,24,69
07/05/2023,DTN,LA,ASW,CE,Federal Contract Tower,0,0,11,0,11,0,1,40,0,41,0,1,51,0,52,54,0,54,106
07/06/2023,DTN,LA,ASW,CE,Federal Contract Tower,0,0,14,0,14,0,0,31,0,31,0,0,45,0,45,28,0,28,73
07/07/2023,DTN,LA,ASW,CE,Federal Contract Tower,0,1,13,0,14,0,2,29,0,31,0,3,42,0,45,44,0,44,89
07/08/2023,DTN,LA,ASW,CE,Federal Contract Tower,0,0,6,0,6,0,2,40,0,42,0,2,46,0,48,30,0,30,78
07/09/2023,DTN,LA,ASW,CE,Federal Contract Tower,0,0,12,0,12,0,0,36,0,36,0,0,48,0,48,54,0,54,102
07/10/2023,DTN,LA,ASW,CE,Federal Contract Tower,0,1,14,0,15,0,0,33,0,33,0,1,47,0,48,114,0,114,162
07/11/2023,DTN,LA,ASW,CE,Federal Contract Tower,0,1,5,0,6,0,1,41,0,42,0,2,46,0,48,46,0,46,94
07/12/2023,DTN,LA,ASW,CE,Federal Contract Tower,0,0,13,0,13,0,2,46,0,48,0,2,59,0,61,122,0,122,183
07/13/2023,DTN,LA,ASW,CE,Federal Contract Tower,0,0,13,0,13,0,3,41,0,44,0,3,54,0,57,126,0,126,183
07/14/2023,DTN,LA,ASW,CE,Federal Contract Tower,0,1,20,0,21,0,1,50,0,51,0,2,70,0,72,78,0,78,150
07/15/2023,DTN,LA,ASW,CE,Federal Contract Tower,0,0,12,0,12,0,1,51,0,52,0,1,63,0,64,48,0,48,112
07/16/2023,DTN,LA,ASW,CE,Federal Contract Tower,0,0,13,0,13,0,1,34,0,35,0,1,47,0,48,14,0,14,62
07/17/2023,DTN,LA,ASW,CE,Federal Contract Tower,0,2,9,0,11,0,0,62,0,62,0,2,71,0,73,114,0,114,187
07/18/2023,DTN,LA,ASW,CE,Federal Contract Tower,0,0,17,0,17,0,0,37,0,37,0,0,54,0,54,14,0,14,68
07/19/2023,DTN,LA,ASW,CE,Federal Contract Tower,0,0,17,0,17,0,0,75,0,75,0,0,92,0,92,108,6,114,206
07/20/2023,DTN,LA,ASW,CE,Federal Contract Tower,0,0,20,0,20,0,1,50,0,51,0,1,70,0,71,52,0,52,123
07/21/2023,DTN,LA,ASW,CE,Federal Contract Tower,0,0,11,0,11,0,2,48,0,50,0,2,59,0,61,16,0,16,77
07/22/2023,DTN,LA,ASW,CE,Federal Contract Tower,0,0,15,0,15,0,0,17,0,17,0,0,32,0,32,6,0,6,38
07/23/2023,DTN,LA,ASW,CE,Federal Contract Tower,0,0,16,0,16,0,0,59,0,59,0,0,75,0,75,48,0,48,123
07/24/2023,DTN,LA,ASW,CE,Federal Contract Tower,0,0,15,0,15,0,0,51,0,51,0,0,66,0,66,68,0,68,134
07/25/2023,DTN,LA,ASW,CE,Federal Contract Tower,0,0,11,0,11,0,0,36,0,36,0,0,47,0,47,44,0,44,91
07/26/2023,DTN,LA,ASW,CE,Federal Contract Tower,0,0,13,0,13,0,0,35,0,35,0,0,48,0,48,110,0,110,158
07/27/2023,DTN,LA,ASW,CE,Federal Contract Tower,0,0,13,0,13,0,1,43,0,44,0,1,56,0,57,38,0,38,95
07/28/2023,DTN,LA,ASW,CE,Federal Contract Tower,0,0,10,0,10,0,2,42,0,44,0,2,52,0,54,8,0,8,62
07/29/2023,DTN,LA,ASW,CE,Federal Contract Tower,0,0,7,0,7,0,10,49,0,59,0,10,56,0,66,22,0,22,88
07/30/2023,DTN,LA,ASW,CE,Federal Contract Tower,0,2,20,0,22,0,4,39,0,43,0,6,59,0,65,82,0,82,147
07/31/2023,DTN,LA,ASW,CE,Federal Contract Tower,0,0,11,0,11,0,0,37,0,37,0,0,48,0,48,40,0,40,88
08/01/2023,DTN,LA,ASW,CE,Federal Contract Tower,0,0,8,0,8,0,0,34,0,34,0,0,42,0,42,54,0,54,96
08/02/2023,DTN,LA,ASW,CE,Federal Contract Tower,0,0,8,0,8,0,1,40,0,41,0,1,48,0,49,52,0,52,101
08/03/2023,DTN,LA,ASW,CE,Federal Contract Tower,0,0,12,0,12,0,0,37,0,37,0,0,49,0,49,50,0,50,99
08/04/2023,DTN,LA,ASW,CE,Federal Contract Tower,0,0,9,0,9,0,1,52,0,53,0,1,61,0,62,86,0,86,148
08/06/2023,DTN,LA,ASW,CE,Federal Contract Tower,0,0,4,0,4,0,0,44,0,44,0,0,48,0,48,70,0,70,118
08/07/2023,DTN,LA,ASW,CE,Federal Contract Tower,0,0,10,0,10,0,0,34,0,34,0,0,44,0,44,56,0,56,100
08/08/2023,DTN,LA,ASW,CE,Federal Contract Tower,0,0,7,0,7,0,0,37,0,37,0,0,44,0,44,64,0,64,108
08/09/2023,DTN,LA,ASW,CE,Federal Contract Tower,0,0,11,0,11,0,1,38,0,39,0,1,49,0,50,18,0,18,68
08/10/2023,DTN,LA,ASW,CE,Federal Contract Tower,0,0,25,0,25,0,2,52,0,54,0,2,77,0,79,86,0,86,165
08/11/2023,DTN,LA,ASW,CE,Federal Contract Tower,0,0,20,0,20,0,1,43,0,44,0,1,63,0,64,46,0,46,110
08/12/2023,DTN,LA,ASW,CE,Federal Contract Tower,0,0,9,0,9,0,0,52,0,52,0,0,61,0,61,34,0,34,95
08/13/2023,DTN,LA,ASW,CE,Federal Contract Tower,0,0,18,0,18,0,0,46,0,46,0,0,64,0,64,10,0,10,74
08/14/2023,DTN,LA,ASW,CE,Federal Contract Tower,0,0,8,0,8,0,0,61,0,61,0,0,69,0,69,90,0,90,159
08/15/2023,DTN,LA,ASW,CE,Federal Contract Tower,0,0,6,0,6,0,0,47,0,47,0,0,53,0,53,54,0,54,107
08/16/2023,DTN,LA,ASW,CE,Federal Contract Tower,0,0,7,0,7,0,1,51,0,52,0,1,58,0,59,62,0,62,121
08/17/2023,DTN,LA,ASW,CE,Federal Contract Tower,0,0,9,0,9,0,1,71,0,72,0,1,80,0,81,90,0,90,171
08/18/2023,DTN,LA,ASW,CE,Federal Contract Tower,0,0,8,0,8,0,1,49,0,50,0,1,57,0,58,22,0,22,80
08/19/2023,DTN,LA,ASW,CE,Federal Contract Tower,0,0,4,0,4,0,2,64,0,66,0,2,68,0,70,70,0,70,140
08/20/2023,DTN,LA,ASW,CE,Federal Contract Tower,0,0,10,0,10,0,0,50,0,50,0,0,60,0,60,18,0,18,78
08/21/2023,DTN,LA,ASW,CE,Federal Contract Tower,0,0,10,0,10,0,1,58,0,59,0,1,68,0,69,82,0,82,151
08/22/2023,DTN,LA,ASW,CE,Federal Contract Tower,0,0,9,0,9,0,0,43,0,43,0,0,52,0,52,18,0,18,70
08/23/2023,DTN,LA,ASW,CE,Federal Contract Tower,0,0,23,0,23,0,0,0,0,0,0,0,23,0,23,56,0,56,79
08/24/2023,DTN,LA,ASW,CE,Federal Contract Tower,0,0,18,0,18,0,0,54,0,54,0,0,72,0,72,42,0,42,114
08/25/2023,DTN,LA,ASW,CE,Federal Contract Tower,0,2,17,0,19,0,0,37,0,37,0,2,54,0,56,44,0,44,100
08/26/2023,DTN,LA,ASW,CE,Federal Contract Tower,0,0,6,0,6,0,15,38,0,53,0,15,44,0,59,60,0,60,119
08/28/2023,DTN,LA,ASW,CE,Federal Contract Tower,0,1,16,0,17,0,2,39,0,41,0,3,55,0,58,96,0,96,154
08/29/2023,DTN,LA,ASW,CE,Federal Contract Tower,0,0,17,0,17,0,4,44,0,48,0,4,61,0,65,16,0,16,81
08/30/2023,DTN,LA,ASW,CE,Federal Contract Tower,0,0,20,0,20,0,0,47,0,47,0,0,67,0,67,126,0,126,193
08/31/2023,DTN,LA,ASW,CE,Federal Contract Tower,0,0,7,0,7,0,0,57,0,57,0,0,64,0,64,84,0,84,148
01/01/2020,DTN,LA,ASW,CE,Federal Contract Tower,0,0,15,0,15,0,0,16,0,16,0,0,31,0,31,0,0,0,31
01/02/2020,DTN,LA,ASW,CE,Federal Contract Tower,0,0,8,0,8,0,0,0,0,0,0,0,8,0,8,0,0,0,8
01/03/2020,DTN,LA,ASW,CE,Federal Contract Tower,0,0,5,0,5,0,3,14,0,17,0,3,19,0,22,42,0,42,64
01/04/2020,DTN,LA,ASW,CE,Federal Contract Tower,0,0,17,0,17,0,3,87,0,90,0,3,104,0,107,106,0,106,213
01/05/2020,DTN,LA,ASW,CE,Federal Contract Tower,0,0,18,0,18,0,0,49,0,49,0,0,67,0,67,70,0,70,137
01/06/2020,DTN,LA,ASW,CE,Federal Contract Tower,0,0,17,0,17,0,0,59,0,59,0,0,76,0,76,90,0,90,166
01/07/2020,DTN,LA,ASW,CE,Federal Contract Tower,0,4,10,0,14,0,2,68,0,70,0,6,78,0,84,92,0,92,176
01/08/2020,DTN,LA,ASW,CE,Federal Contract Tower,0,0,13,0,13,0,3,61,0,64,0,3,74,0,77,104,0,104,181
01/09/2020,DTN,LA,ASW,CE,Federal Contract Tower,0,0,16,0,16,0,1,4,0,5,0,1,20,0,21,0,0,0,21
01/10/2020,DTN,LA,ASW,CE,Federal Contract Tower,0,0,3,0,3,0,1,2,0,3,0,1,5,0,6,0,0,0,6
01/11/2020,DTN,LA,ASW,CE,Federal Contract Tower,0,0,8,0,8,0,0,11,0,11,0,0,19,0,19,8,0,8,27
01/12/2020,DTN,LA,ASW,CE,Federal Contract Tower,0,0,20,0,20,0,0,35,0,35,0,0,55,0,55,42,0,42,97
01/14/2020,DTN,LA,ASW,CE,Federal Contract Tower,0,0,34,0,34,0,0,0,0,0,0,0,34,0,34,0,0,0,34
01/15/2020,DTN,LA,ASW,CE,Federal Contract Tower,0,0,25,0,25,0,0,5,0,5,0,0,30,0,30,0,0,0,30
01/16/2020,DTN,LA,ASW,CE,Federal Contract Tower,0,2,5,0,7,0,0,4,0,4,0,2,9,0,11,2,0,2,13
01/17/2020,DTN,LA,ASW,CE,Federal Contract Tower,0,1,9,0,10,0,1,23,0,24,0,2,32,0,34,34,0,34,68
01/18/2020,DTN,LA,ASW,CE,Federal Contract Tower,0,0,6,0,6,0,0,17,0,17,0,0,23,0,23,10,0,10,33
01/19/2020,DTN,LA,ASW,CE,Federal Contract Tower,0,0,16,0,16,0,2,53,0,55,0,2,69,0,71,46,0,46,117
01/20/2020,DTN,LA,ASW,CE,Federal Contract Tower,0,0,16,0,16,0,0,80,0,80,0,0,96,0,96,154,0,154,250
01/21/2020,DTN,LA,ASW,CE,Federal Contract Tower,0,2,16,0,18,0,8,43,3,54,0,10,59,3,72,156,0,156,228
01/22/2020,DTN,LA,ASW,CE,Federal Contract Tower,0,0,8,0,8,0,0,2,0,2,0,0,10,0,10,0,0,0,10
01/23/2020,DTN,LA,ASW,CE,Federal Contract Tower,0,0,19,0,19,0,0,4,0,4,0,0,23,0,23,0,0,0,23
01/24/2020,DTN,LA,ASW,CE,Federal Contract Tower,0,0,17,0,17,0,0,51,0,51,0,0,68,0,68,28,0,28,96
01/25/2020,DTN,LA,ASW,CE,Federal Contract Tower,0,0,7,0,7,0,5,96,0,101,0,5,103,0,108,124,0,124,232
01/26/2020,DTN,LA,ASW,CE,Federal Contract Tower,0,0,12,0,12,0,0,0,0,0,0,0,12,0,12,4,0,4,16
01/27/2020,DTN,LA,ASW,CE,Federal Contract Tower,0,2,18,0,20,0,1,47,0,48,0,3,65,0,68,138,0,138,206
01/28/2020,DTN,LA,ASW,CE,Federal Contract Tower,0,0,6,0,6,0,0,1,0,1,0,0,7,0,7,0,0,0,7
01/29/2020,DTN,LA,ASW,CE,Federal Contract Tower,0,0,15,0,15,0,0,8,0,8,0,0,23,0,23,132,0,132,155
01/30/2020,DTN,LA,ASW,CE,Federal Contract Tower,0,1,13,0,14,0,1,3,0,4,0,2,16,0,18,30,0,30,48
01/31/2020,DTN,LA,ASW,CE,Federal Contract Tower,0,1,11,0,12,0,0,19,1,20,0,1,30,1,32,30,0,30,62
02/01/2020,DTN,LA,ASW,CE,Federal Contract Tower,0,0,12,0,12,0,8,86,0,94,0,8,98,0,106,86,0,86,192
02/02/2020,DTN,LA,ASW,CE,Federal Contract Tower,0,2,14,0,16,0,0,85,0,85,0,2,99,0,101,130,0,130,231
02/03/2020,DTN,LA,ASW,CE,Federal Contract Tower,0,0,28,1,29,0,0,11,0,11,0,0,39,1,40,18,0,18,58
02/04/2020,DTN,LA,ASW,CE,Federal Contract Tower,0,0,17,0,17,0,0,3,0,3,0,0,20,0,20,1,0,1,21
02/05/2020,DTN,LA,ASW,CE,Federal Contract Tower,0,0,6,0,6,0,0,0,0,0,0,0,6,0,6,0,0,0,6
02/06/2020,DTN,LA,ASW,CE,Federal Contract Tower,0,0,9,0,9,0,0,15,0,15,0,0,24,0,24,46,0,46,70
02/07/2020,DTN,LA,ASW,CE,Federal Contract Tower,0,1,16,1,18,0,6,73,9,88,0,7,89,10,106,86,0,86,192
02/08/2020,DTN,LA,ASW,CE,Federal Contract Tower,0,0,15,0,15,0,1,69,0,70,0,1,84,0,85,112,0,112,197
02/09/2020,DTN,LA,ASW,CE,Federal Contract Tower,0,0,15,0,15,0,0,3,1,4,0,0,18,1,19,0,0,0,19
02/10/2020,DTN,LA,ASW,CE,Federal Contract Tower,0,0,2,0,2,0,0,0,0,0,0,0,2,0,2,0,0,0,2
02/11/2020,DTN,LA,ASW,CE,Federal Contract Tower,0,0,6,0,6,0,0,0,0,0,0,0,6,0,6,0,0,0,6
02/12/2020,DTN,LA,ASW,CE,Federal Contract Tower,0,0,5,0,5,0,0,0,0,0,0,0,5,0,5,0,0,0,5
02/13/2020,DTN,LA,ASW,CE,Federal Contract Tower,0,0,19,0,19,0,0,26,0,26,0,0,45,0,45,50,0,50,95
02/14/2020,DTN,LA,ASW,CE,Federal Contract Tower,0,0,16,0,16,0,5,61,2,68,0,5,77,2,84,36,0,36,120
02/15/2020,DTN,LA,ASW,CE,Federal Contract Tower,0,0,9,0,9,0,13,69,0,82,0,13,78,0,91,66,0,66,157
02/16/2020,DTN,LA,ASW,CE,Federal Contract Tower,0,0,24,0,24,0,0,10,0,10,0,0,34,0,34,2,0,2,36
02/17/2020,DTN,LA,ASW,CE,Federal Contract Tower,0,0,24,0,24,0,0,21,0,21,0,0,45,0,45,4,0,4,49
02/18/2020,DTN,LA,ASW,CE,Federal Contract Tower,0,0,4,0,4,0,0,4,0,4,0,0,8,0,8,2,0,2,10
02/19/2020,DTN,LA,ASW,CE,Federal Contract Tower,0,0,7,0,7,0,0,2,0,2,0,0,9,0,9,0,0,0,9
02/20/2020,DTN,LA,ASW,CE,Federal Contract Tower,0,0,3,0,3,0,0,1,0,1,0,0,4,0,4,0,0,0,4
02/21/2020,DTN,LA,ASW,CE,Federal Contract Tower,0,0,19,0,19,0,6,74,5,85,0,6,93,5,104,74,0,74,178
02/22/2020,DTN,LA,ASW,CE,Federal Contract Tower,0,0,12,0,12,0,21,60,0,81,0,21,72,0,93,124,0,124,217
02/23/2020,DTN,LA,ASW,CE,Federal Contract Tower,0,0,14,0,14,0,0,11,0,11,0,0,25,0,25,44,0,44,69
02/24/2020,DTN,LA,ASW,CE,Federal Contract Tower,0,0,6,0,6,0,0,3,0,3,0,0,9,0,9,6,0,6,15
02/25/2020,DTN,LA,ASW,CE,Federal Contract Tower,0,1,11,0,12,0,3,73,0,76,0,4,84,0,88,96,0,96,184
02/26/2020,DTN,LA,ASW,CE,Federal Contract Tower,0,0,12,0,12,0,1,23,0,24,0,1,35,0,36,12,0,12,48
02/27/2020,DTN,LA,ASW,CE,Federal Contract Tower,0,0,13,0,13,0,1,69,4,74,0,1,82,4,87,72,0,72,159
02/28/2020,DTN,LA,ASW,CE,Federal Contract Tower,0,0,10,0,10,0,1,63,1,65,0,1,73,1,75,80,0,80,155
02/29/2020,DTN,LA,ASW,CE,Federal Contract Tower,0,0,5,0,5,0,2,69,0,71,0,2,74,0,76,30,0,30,106
03/01/2020,DTN,LA,ASW,CE,Federal Contract Tower,0,0,17,0,17,0,0,12,0,12,0,0,29,0,29,0,0,0,29
03/02/2020,DTN,LA,ASW,CE,Federal Contract Tower,0,1,9,0,10,0,3,4,0,7,0,4,13,0,17,32,0,32,49
03/03/2020,DTN,LA,ASW,CE,Federal Contract Tower,0,0,8,0,8,0,0,3,0,3,0,0,11,0,11,2,0,2,13
03/04/2020,DTN,LA,ASW,CE,Federal Contract Tower,0,0,1,0,1,0,0,1,0,1,0,0,2,0,2,0,0,0,2
03/05/2020,DTN,LA,ASW,CE,Federal Contract Tower,0,1,17,0,18,0,0,60,2,62,0,1,77,2,80,74,0,74,154
03/06/2020,DTN,LA,ASW,CE,Federal Contract Tower,0,1,16,0,17,0,6,76,0,82,0,7,92,0,99,80,0,80,179
03/07/2020,DTN,LA,ASW,CE,Federal Contract Tower,0,0,10,0,10,0,2,76,0,78,0,2,86,0,88,102,0,102,190
03/08/2020,DTN,LA,ASW,CE,Federal Contract Tower,0,0,17,0,17,0,0,68,0,68,0,0,85,0,85,64,0,64,149
03/09/2020,DTN,LA,ASW,CE,Federal Contract Tower,0,3,18,0,21,0,0,5,0,5,0,3,23,0,26,6,0,6,32
03/10/2020,DTN,LA,ASW,CE,Federal Contract Tower,0,0,19,0,19,0,2,46,0,48,0,2,65,0,67,50,0,50,117
03/11/2020,DTN,LA,ASW,CE,Federal Contract Tower,0,0,21,0,21,0,0,36,0,36,0,0,57,0,57,54,0,54,111
03/12/2020,DTN,LA,ASW,CE,Federal Contract Tower,0,0,16,0,16,0,0,39,0,39,0,0,55,0,55,24,0,24,79
03/13/2020,DTN,LA,ASW,CE,Federal Contract Tower,0,0,14,0,14,0,0,0,0,0,0,0,14,0,14,0,0,0,14
03/14/2020,DTN,LA,ASW,CE,Federal Contract Tower,0,2,14,0,16,0,2,25,0,27,0,4,39,0,43,22,0,22,65
03/15/2020,DTN,LA,ASW,CE,Federal Contract Tower,0,0,25,0,25,0,0,6,0,6,0,0,31,0,31,10,0,10,41
03/16/2020,DTN,LA,ASW,CE,Federal Contract Tower,0,4,19,0,23,0,0,5,0,5,0,4,24,0,28,6,0,6,34
03/17/2020,DTN,LA,ASW,CE,Federal Contract Tower,0,1,10,0,11,0,4,39,0,43,0,5,49,0,54,70,0,70,124
03/18/2020,DTN,LA,ASW,CE,Federal Contract Tower,0,1,7,0,8,0,0,30,0,30,0,1,37,0,38,22,0,22,60
03/19/2020,DTN,LA,ASW,CE,Federal Contract Tower,0,0,1,0,1,0,1,14,0,15,0,1,15,0,16,6,0,6,22
03/20/2020,DTN,LA,ASW,CE,Federal Contract Tower,0,0,1,0,1,0,0,0,0,0,0,0,1,0,1,0,0,0,1
03/21/2020,DTN,LA,ASW,CE,Federal Contract Tower,0,0,11,0,11,0,0,21,0,21,0,0,32,0,32,48,0,48,80
03/22/2020,DTN,LA,ASW,CE,Federal Contract Tower,0,0,0,0,0,0,0,0,0,0,0,0,0,0,0,0,0,0,0
03/23/2020,DTN,LA,ASW,CE,Federal Contract Tower,0,0,4,0,4,0,0,0,0,0,0,0,4,0,4,0,0,0,4
03/24/2020,DTN,LA,ASW,CE,Federal Contract Tower,0,0,1,0,1,0,1,15,0,16,0,1,16,0,17,2,0,2,19
03/25/2020,DTN,LA,ASW,CE,Federal Contract Tower,0,0,6,0,6,0,2,38,0,40,0,2,44,0,46,32,0,32,78
03/26/2020,DTN,LA,ASW,CE,Federal Contract Tower,0,0,7,0,7,0,0,39,0,39,0,0,46,0,46,38,0,38,84
03/27/2020,DTN,LA,ASW,CE,Federal Contract Tower,0,0,5,0,5,0,1,11,0,12,0,1,16,0,17,4,0,4,21
03/28/2020,DTN,LA,ASW,CE,Federal Contract Tower,0,0,0,0,0,0,0,2,0,2,0,0,2,0,2,4,0,4,6
03/29/2020,DTN,LA,ASW,CE,Federal Contract Tower,0,0,5,0,5,0,0,80,0,80,0,0,85,0,85,120,0,120,205
03/30/2020,DTN,LA,ASW,CE,Federal Contract Tower,0,0,3,0,3,0,0,3,0,3,0,0,6,0,6,0,0,0,6
03/31/2020,DTN,LA,ASW,CE,Federal Contract Tower,0,0,4,0,4,0,0,25,0,25,0,0,29,0,29,10,0,10,39
04/01/2020,DTN,LA,ASW,CE,Federal Contract Tower,0,0,1,0,1,0,2,103,0,105,0,2,104,0,106,56,0,56,162
04/02/2020,DTN,LA,ASW,CE,Federal Contract Tower,0,0,2,0,2,0,0,28,0,28,0,0,30,0,30,60,0,60,90
04/03/2020,DTN,LA,ASW,CE,Federal Contract Tower,0,0,3,0,3,0,0,11,0,11,0,0,14,0,14,8,0,8,22
04/04/2020,DTN,LA,ASW,CE,Federal Contract Tower,0,0,2,0,2,0,0,0,0,0,0,0,2,0,2,0,0,0,2
04/05/2020,DTN,LA,ASW,CE,Federal Contract Tower,0,0,2,0,2,0,0,23,0,23,0,0,25,0,25,14,0,14,39
04/06/2020,DTN,LA,ASW,CE,Federal Contract Tower,0,0,5,0,5,0,0,38,0,38,0,0,43,0,43,50,0,50,93
04/07/2020,DTN,LA,ASW,CE,Federal Contract Tower,0,0,2,0,2,0,0,21,0,21,0,0,23,0,23,78,0,78,101
04/08/2020,DTN,LA,ASW,CE,Federal Contract Tower,0,0,2,0,2,0,0,36,0,36,0,0,38,0,38,36,0,36,74
04/09/2020,DTN,LA,ASW,CE,Federal Contract Tower,0,0,6,0,6,0,2,32,1,35,0,2,38,1,41,96,0,96,137
04/10/2020,DTN,LA,ASW,CE,Federal Contract Tower,0,0,5,0,5,0,2,36,0,38,0,2,41,0,43,42,0,42,85
04/11/2020,DTN,LA,ASW,CE,Federal Contract Tower,0,0,5,0,5,0,2,44,0,46,0,2,49,0,51,40,0,40,91
04/12/2020,DTN,LA,ASW,CE,Federal Contract Tower,0,0,1,0,1,0,0,4,0,4,0,0,5,0,5,0,0,0,5
04/13/2020,DTN,LA,ASW,CE,Federal Contract Tower,0,0,4,0,4,0,0,23,0,23,0,0,27,0,27,54,0,54,81
04/14/2020,DTN,LA,ASW,CE,Federal Contract Tower,0,0,5,0,5,0,0,17,0,17,0,0,22,0,22,70,0,70,92
04/15/2020,DTN,LA,ASW,CE,Federal Contract Tower,0,0,9,0,9,0,0,70,0,70,0,0,79,0,79,150,0,150,229
04/16/2020,DTN,LA,ASW,CE,Federal Contract Tower,0,0,9,0,9,0,0,78,0,78,0,0,87,0,87,142,0,142,229
04/17/2020,DTN,LA,ASW,CE,Federal Contract Tower,0,0,4,0,4,0,0,20,0,20,0,0,24,0,24,62,0,62,86
04/18/2020,DTN,LA,ASW,CE,Federal Contract Tower,0,0,10,0,10,0,0,14,0,14,0,0,24,0,24,32,0,32,56
04/19/2020,DTN,LA,ASW,CE,Federal Contract Tower,0,0,0,0,0,0,0,0,0,0,0,0,0,0,0,0,0,0,0
04/20/2020,DTN,LA,ASW,CE,Federal Contract Tower,0,0,18,0,18,0,0,29,0,29,0,0,47,0,47,80,0,80,127
04/21/2020,DTN,LA,ASW,CE,Federal Contract Tower,0,0,4,0,4,0,0,72,0,72,0,0,76,0,76,88,0,88,164
04/22/2020,DTN,LA,ASW,CE,Federal Contract Tower,0,0,0,0,0,0,0,19,0,19,0,0,19,0,19,4,0,4,23
04/23/2020,DTN,LA,ASW,CE,Federal Contract Tower,0,0,3,0,3,0,0,48,0,48,0,0,51,0,51,112,0,112,163
04/24/2020,DTN,LA,ASW,CE,Federal Contract Tower,0,0,10,0,10,0,0,42,0,42,0,0,52,0,52,82,0,82,134
04/25/2020,DTN,LA,ASW,CE,Federal Contract Tower,0,0,3,0,3,0,0,27,0,27,0,0,30,0,30,26,0,26,56
04/26/2020,DTN,LA,ASW,CE,Federal Contract Tower,0,0,9,0,9,0,0,73,0,73,0,0,82,0,82,82,0,82,164
04/27/2020,DTN,LA,ASW,CE,Federal Contract Tower,0,1,9,0,10,0,1,48,0,49,0,2,57,0,59,20,0,20,79
04/28/2020,DTN,LA,ASW,CE,Federal Contract Tower,0,0,2,0,2,0,2,5,0,7,0,2,7,0,9,2,0,2,11
04/29/2020,DTN,LA,ASW,CE,Federal Contract Tower,0,0,7,0,7,0,0,19,0,19,0,0,26,0,26,22,0,22,48
04/30/2020,DTN,LA,ASW,CE,Federal Contract Tower,0,0,7,0,7,0,0,92,0,92,0,0,99,0,99,108,0,108,207
05/01/2020,DTN,LA,ASW,CE,Federal Contract Tower,0,0,15,0,15,0,0,58,0,58,0,0,73,0,73,72,0,72,145
05/02/2020,DTN,LA,ASW,CE,Federal Contract Tower,0,0,11,0,11,0,0,37,0,37,0,0,48,0,48,18,0,18,66
05/04/2020,DTN,LA,ASW,CE,Federal Contract Tower,0,1,9,0,10,0,1,60,0,61,0,2,69,0,71,146,0,146,217
05/05/2020,DTN,LA,ASW,CE,Federal Contract Tower,0,0,10,0,10,0,0,19,0,19,0,0,29,0,29,48,0,48,77
05/06/2020,DTN,LA,ASW,CE,Federal Contract Tower,0,0,9,0,9,0,0,74,0,74,0,0,83,0,83,120,0,120,203
05/07/2020,DTN,LA,ASW,CE,Federal Contract Tower,0,0,11,0,11,0,0,33,0,33,0,0,44,0,44,58,0,58,102
05/08/2020,DTN,LA,ASW,CE,Federal Contract Tower,0,2,3,0,5,0,1,7,0,8,0,3,10,0,13,0,0,0,13
05/09/2020,DTN,LA,ASW,CE,Federal Contract Tower,0,0,7,0,7,0,2,58,0,60,0,2,65,0,67,82,0,82,149
05/10/2020,DTN,LA,ASW,CE,Federal Contract Tower,0,0,8,0,8,0,0,46,0,46,0,0,54,0,54,52,0,52,106
05/11/2020,DTN,LA,ASW,CE,Federal Contract Tower,0,0,10,0,10,0,1,72,0,73,0,1,82,0,83,132,0,132,215
05/12/2020,DTN,LA,ASW,CE,Federal Contract Tower,0,0,7,0,7,0,0,21,1,22,0,0,28,1,29,30,0,30,59
05/13/2020,DTN,LA,ASW,CE,Federal Contract Tower,0,0,15,0,15,0,0,24,0,24,0,0,39,0,39,6,0,6,45
05/14/2020,DTN,LA,ASW,CE,Federal Contract Tower,0,0,7,0,7,0,0,26,0,26,0,0,33,0,33,4,0,4,37
05/15/2020,DTN,LA,ASW,CE,Federal Contract Tower,0,0,5,0,5,0,0,18,0,18,0,0,23,0,23,62,0,62,85
05/16/2020,DTN,LA,ASW,CE,Federal Contract Tower,0,0,1,0,1,0,0,1,0,1,0,0,2,0,2,0,0,0,2
05/17/2020,DTN,LA,ASW,CE,Federal Contract Tower,0,0,5,0,5,0,0,13,0,13,0,0,18,0,18,24,0,24,42
05/18/2020,DTN,LA,ASW,CE,Federal Contract Tower,0,0,4,0,4,0,2,45,0,47,0,2,49,0,51,72,0,72,123
05/19/2020,DTN,LA,ASW,CE,Federal Contract Tower,0,0,5,0,5,0,2,47,0,49,0,2,52,0,54,54,0,54,108
05/20/2020,DTN,LA,ASW,CE,Federal Contract Tower,0,0,11,0,11,0,0,28,0,28,0,0,39,0,39,42,0,42,81
05/21/2020,DTN,LA,ASW,CE,Federal Contract Tower,0,0,16,0,16,0,0,41,0,41,0,0,57,0,57,62,0,62,119
05/22/2020,DTN,LA,ASW,CE,Federal Contract Tower,0,0,13,0,13,0,2,43,0,45,0,2,56,0,58,12,0,12,70
05/23/2020,DTN,LA,ASW,CE,Federal Contract Tower,0,0,8,0,8,0,1,18,0,19,0,1,26,0,27,12,0,12,39
05/24/2020,DTN,LA,ASW,CE,Federal Contract Tower,0,0,9,0,9,0,0,13,0,13,0,0,22,0,22,30,0,30,52
05/25/2020,DTN,LA,ASW,CE,Federal Contract Tower,0,0,10,0,10,0,0,9,0,9,0,0,19,0,19,24,0,24,43
05/26/2020,DTN,LA,ASW,CE,Federal Contract Tower,0,2,10,0,12,0,0,29,1,30,0,2,39,1,42,54,0,54,96
05/27/2020,DTN,LA,ASW,CE,Federal Contract Tower,0,0,9,0,9,0,0,30,0,30,0,0,39,0,39,38,0,38,77
05/28/2020,DTN,LA,ASW,CE,Federal Contract Tower,0,0,8,0,8,0,0,34,0,34,0,0,42,0,42,2,0,2,44
05/29/2020,DTN,LA,ASW,CE,Federal Contract Tower,0,2,26,0,28,0,1,72,0,73,0,3,98,0,101,58,0,58,159
05/30/2020,DTN,LA,ASW,CE,Federal Contract Tower,0,0,21,0,21,0,1,90,0,91,0,1,111,0,112,62,0,62,174
05/31/2020,DTN,LA,ASW,CE,Federal Contract Tower,0,0,13,0,13,0,1,67,0,68,0,1,80,0,81,106,0,106,187
06/01/2020,DTN,LA,ASW,CE,Federal Contract Tower,0,0,11,0,11,0,0,56,0,56,0,0,67,0,67,120,0,120,187
06/02/2020,DTN,LA,ASW,CE,Federal Contract Tower,0,0,9,0,9,0,0,43,0,43,0,0,52,0,52,38,0,38,90
06/03/2020,DTN,LA,ASW,CE,Federal Contract Tower,0,0,15,0,15,0,0,59,0,59,0,0,74,0,74,84,0,84,158
06/04/2020,DTN,LA,ASW,CE,Federal Contract Tower,0,0,9,0,9,0,0,39,0,39,0,0,48,0,48,70,0,70,118
06/05/2020,DTN,LA,ASW,CE,Federal Contract Tower,0,0,20,0,20,0,2,56,0,58,0,2,76,0,78,90,0,90,168
06/06/2020,DTN,LA,ASW,CE,Federal Contract Tower,0,2,10,0,12,0,2,50,0,52,0,4,60,0,64,64,0,64,128
06/07/2020,DTN,LA,ASW,CE,Federal Contract Tower,0,0,7,0,7,0,0,35,0,35,0,0,42,0,42,26,0,26,68
06/08/2020,DTN,LA,ASW,CE,Federal Contract Tower,0,0,2,0,2,0,0,3,0,3,0,0,5,0,5,0,0,0,5
06/09/2020,DTN,LA,ASW,CE,Federal Contract Tower,0,0,17,0,17,0,0,12,0,12,0,0,29,0,29,0,0,0,29
06/10/2020,DTN,LA,ASW,CE,Federal Contract Tower,0,0,15,0,15,0,0,42,0,42,0,0,57,0,57,42,0,42,99
06/11/2020,DTN,LA,ASW,CE,Federal Contract Tower,0,0,12,0,12,0,0,51,0,51,0,0,63,0,63,102,0,102,165
06/12/2020,DTN,LA,ASW,CE,Federal Contract Tower,0,0,17,0,17,0,3,61,0,64,0,3,78,0,81,14,0,14,95
06/13/2020,DTN,LA,ASW,CE,Federal Contract Tower,0,0,10,0,10,0,2,56,0,58,0,2,66,0,68,36,0,36,104
06/14/2020,DTN,LA,ASW,CE,Federal Contract Tower,0,0,20,0,20,0,0,49,0,49,0,0,69,0,69,62,0,62,131
06/15/2020,DTN,LA,ASW,CE,Federal Contract Tower,0,0,13,0,13,0,0,57,0,57,0,0,70,0,70,62,0,62,132
06/16/2020,DTN,LA,ASW,CE,Federal Contract Tower,0,0,12,0,12,0,2,52,0,54,0,2,64,0,66,42,0,42,108
06/17/2020,DTN,LA,ASW,CE,Federal Contract Tower,0,0,16,0,16,0,0,100,0,100,0,0,116,0,116,98,0,98,214
06/18/2020,DTN,LA,ASW,CE,Federal Contract Tower,0,0,12,0,12,0,0,62,0,62,0,0,74,0,74,88,0,88,162
06/19/2020,DTN,LA,ASW,CE,Federal Contract Tower,0,0,13,0,13,0,0,68,0,68,0,0,81,0,81,48,0,48,129
06/20/2020,DTN,LA,ASW,CE,Federal Contract Tower,0,2,20,0,22,0,0,56,0,56,0,2,76,0,78,24,0,24,102
06/21/2020,DTN,LA,ASW,CE,Federal Contract Tower,0,0,19,0,19,0,0,30,2,32,0,0,49,2,51,0,0,0,51
06/22/2020,DTN,LA,ASW,CE,Federal Contract Tower,0,0,13,0,13,0,0,25,0,25,0,0,38,0,38,42,0,42,80
06/23/2020,DTN,LA,ASW,CE,Federal Contract Tower,0,0,9,0,9,0,0,20,0,20,0,0,29,0,29,14,0,14,43
06/24/2020,DTN,LA,ASW,CE,Federal Contract Tower,0,0,6,0,6,0,0,45,0,45,0,0,51,0,51,100,0,100,151
06/25/2020,DTN,LA,ASW,CE,Federal Contract Tower,0,0,14,0,14,0,0,5,0,5,0,0,19,0,19,10,0,10,29
06/26/2020,DTN,LA,ASW,CE,Federal Contract Tower,0,1,11,0,12,0,1,18,0,19,0,2,29,0,31,32,0,32,63
06/27/2020,DTN,LA,ASW,CE,Federal Contract Tower,0,0,19,0,19,0,0,30,0,30,0,0,49,0,49,38,0,38,87
06/28/2020,DTN,LA,ASW,CE,Federal Contract Tower,0,0,17,0,17,0,0,36,0,36,0,0,53,0,53,88,0,88,141
06/29/2020,DTN,LA,ASW,CE,Federal Contract Tower,0,0,27,1,28,0,0,23,0,23,0,0,50,1,51,28,0,28,79
06/30/2020,DTN,LA,ASW,CE,Federal Contract Tower,0,1,19,1,21,0,4,29,0,33,0,5,48,1,54,34,0,34,88
07/01/2020,DTN,LA,ASW,CE,Federal Contract Tower,0,0,18,0,18,0,0,47,0,47,0,0,65,0,65,30,0,30,95
07/02/2020,DTN,LA,ASW,CE,Federal Contract Tower,0,0,21,0,21,0,0,59,6,65,0,0,80,6,86,126,0,126,212
07/03/2020,DTN,LA,ASW,CE,Federal Contract Tower,0,0,15,0,15,0,0,29,0,29,0,0,44,0,44,36,0,36,80
07/04/2020,DTN,LA,ASW,CE,Federal Contract Tower,0,0,8,0,8,0,0,38,0,38,0,0,46,0,46,22,0,22,68
07/05/2020,DTN,LA,ASW,CE,Federal Contract Tower,0,0,8,0,8,0,0,10,0,10,0,0,18,0,18,8,0,8,26
07/06/2020,DTN,LA,ASW,CE,Federal Contract Tower,0,0,9,0,9,0,0,29,0,29,0,0,38,0,38,70,0,70,108
07/07/2020,DTN,LA,ASW,CE,Federal Contract Tower,0,0,9,0,9,0,0,18,0,18,0,0,27,0,27,22,0,22,49
07/08/2020,DTN,LA,ASW,CE,Federal Contract Tower,0,0,11,0,11,0,0,45,0,45,0,0,56,0,56,36,0,36,92
07/09/2020,DTN,LA,ASW,CE,Federal Contract Tower,0,0,21,0,21,0,0,57,0,57,0,0,78,0,78,50,0,50,128
07/10/2020,DTN,LA,ASW,CE,Federal Contract Tower,0,0,24,1,25,0,2,77,7,86,0,2,101,8,111,66,0,66,177
07/11/2020,DTN,LA,ASW,CE,Federal Contract Tower,0,0,11,0,11,0,1,62,0,63,0,1,73,0,74,86,0,86,160
07/13/2020,DTN,LA,ASW,CE,Federal Contract Tower,0,0,12,0,12,0,0,46,0,46,0,0,58,0,58,112,0,112,170
07/14/2020,DTN,LA,ASW,CE,Federal Contract Tower,0,0,11,0,11,0,0,60,5,65,0,0,71,5,76,76,0,76,152
07/15/2020,DTN,LA,ASW,CE,Federal Contract Tower,0,0,16,0,16,0,0,72,0,72,0,0,88,0,88,116,0,116,204
07/16/2020,DTN,LA,ASW,CE,Federal Contract Tower,0,0,12,0,12,0,0,52,0,52,0,0,64,0,64,66,0,66,130
07/17/2020,DTN,LA,ASW,CE,Federal Contract Tower,0,0,6,0,6,0,3,62,0,65,0,3,68,0,71,96,0,96,167
07/18/2020,DTN,LA,ASW,CE,Federal Contract Tower,0,1,16,0,17,0,1,57,0,58,0,2,73,0,75,100,0,100,175
07/19/2020,DTN,LA,ASW,CE,Federal Contract Tower,0,0,19,0,19,0,0,44,0,44,0,0,63,0,63,2,0,2,65
07/20/2020,DTN,LA,ASW,CE,Federal Contract Tower,0,0,19,0,19,0,0,48,0,48,0,0,67,0,67,88,0,88,155
07/21/2020,DTN,LA,ASW,CE,Federal Contract Tower,0,0,12,0,12,0,0,40,0,40,0,0,52,0,52,32,0,32,84
07/22/2020,DTN,LA,ASW,CE,Federal Contract Tower,0,0,15,0,15,0,0,36,0,36,0,0,51,0,51,68,0,68,119
07/23/2020,DTN,LA,ASW,CE,Federal Contract Tower,0,0,13,0,13,0,3,77,2,82,0,3,90,2,95,128,0,128,223
07/24/2020,DTN,LA,ASW,CE,Federal Contract Tower,0,0,19,0,19,0,0,29,0,29,0,0,48,0,48,54,0,54,102
07/25/2020,DTN,LA,ASW,CE,Federal Contract Tower,0,4,23,0,27,0,1,32,0,33,0,5,55,0,60,36,0,36,96
07/26/2020,DTN,LA,ASW,CE,Federal Contract Tower,0,0,10,0,10,0,0,17,0,17,0,0,27,0,27,60,0,60,87
07/27/2020,DTN,LA,ASW,CE,Federal Contract Tower,0,0,10,0,10,0,0,54,0,54,0,0,64,0,64,182,0,182,246
07/28/2020,DTN,LA,ASW,CE,Federal Contract Tower,0,0,10,0,10,0,0,61,0,61,0,0,71,0,71,158,0,158,229
07/29/2020,DTN,LA,ASW,CE,Federal Contract Tower,0,0,8,0,8,0,2,50,0,52,0,2,58,0,60,88,0,88,148
07/30/2020,DTN,LA,ASW,CE,Federal Contract Tower,0,0,9,0,9,0,9,17,0,26,0,9,26,0,35,16,0,16,51
07/31/2020,DTN,LA,ASW,CE,Federal Contract Tower,0,0,8,0,8,0,0,17,0,17,0,0,25,0,25,36,0,36,61
08/01/2020,DTN,LA,ASW,CE,Federal Contract Tower,0,0,16,0,16,0,2,82,0,84,0,2,98,0,100,68,0,68,168
08/02/2020,DTN,LA,ASW,CE,Federal Contract Tower,0,0,18,0,18,0,0,62,0,62,0,0,80,0,80,54,0,54,134
08/03/2020,DTN,LA,ASW,CE,Federal Contract Tower,0,0,17,0,17,0,3,51,0,54,0,3,68,0,71,88,0,88,159
08/04/2020,DTN,LA,ASW,CE,Federal Contract Tower,0,0,19,0,19,0,0,51,0,51,0,0,70,0,70,118,0,118,188
08/05/2020,DTN,LA,ASW,CE,Federal Contract Tower,0,0,15,0,15,0,0,49,0,49,0,0,64,0,64,56,0,56,120
08/06/2020,DTN,LA,ASW,CE,Federal Contract Tower,0,0,9,0,9,0,0,88,0,88,0,0,97,0,97,92,0,92,189
08/07/2020,DTN,LA,ASW,CE,Federal Contract Tower,0,2,12,0,14,0,0,49,0,49,0,2,61,0,63,66,0,66,129
08/08/2020,DTN,LA,ASW,CE,Federal Contract Tower,0,0,12,0,12,0,2,53,0,55,0,2,65,0,67,94,0,94,161
08/09/2020,DTN,LA,ASW,CE,Federal Contract Tower,0,0,11,0,11,0,0,47,0,47,0,0,58,0,58,94,0,94,152
08/10/2020,DTN,LA,ASW,CE,Federal Contract Tower,0,0,6,0,6,0,0,62,0,62,0,0,68,0,68,118,0,118,186
08/11/2020,DTN,LA,ASW,CE,Federal Contract Tower,0,0,12,0,12,0,0,50,2,52,0,0,62,2,64,114,0,114,178
08/12/2020,DTN,LA,ASW,CE,Federal Contract Tower,0,0,8,0,8,0,0,0,0,0,0,0,8,0,8,20,0,20,28
08/13/2020,DTN,LA,ASW,CE,Federal Contract Tower,0,0,23,0,23,0,0,63,0,63,0,0,86,0,86,128,0,128,214
08/14/2020,DTN,LA,ASW,CE,Federal Contract Tower,0,0,11,0,11,0,0,48,0,48,0,0,59,0,59,74,0,74,133
08/15/2020,DTN,LA,ASW,CE,Federal Contract Tower,0,0,14,0,14,0,0,60,0,60,0,0,74,0,74,118,0,118,192
08/16/2020,DTN,LA,ASW,CE,Federal Contract Tower,0,0,21,0,21,0,0,52,0,52,0,0,73,0,73,54,0,54,127
08/18/2020,DTN,LA,ASW,CE,Federal Contract Tower,0,2,5,0,7,0,1,54,1,56,0,3,59,1,63,36,0,36,99
08/19/2020,DTN,LA,ASW,CE,Federal Contract Tower,0,0,13,0,13,0,0,48,0,48,0,0,61,0,61,88,0,88,149
08/20/2020,DTN,LA,ASW,CE,Federal Contract Tower,0,0,9,0,9,0,1,81,2,84,0,1,90,2,93,142,0,142,235
08/21/2020,DTN,LA,ASW,CE,Federal Contract Tower,0,0,20,0,20,0,2,71,0,73,0,2,91,0,93,70,0,70,163
08/22/2020,DTN,LA,ASW,CE,Federal Contract Tower,0,0,8,0,8,0,4,68,0,72,0,4,76,0,80,80,0,80,160
08/23/2020,DTN,LA,ASW,CE,Federal Contract Tower,0,0,11,0,11,0,0,48,0,48,0,0,59,0,59,40,0,40,99
08/24/2020,DTN,LA,ASW,CE,Federal Contract Tower,0,0,3,0,3,0,0,39,1,40,0,0,42,1,43,54,0,54,97
08/25/2020,DTN,LA,ASW,CE,Federal Contract Tower,0,0,14,0,14,0,1,29,1,31,0,1,43,1,45,22,0,22,67
08/26/2020,DTN,LA,ASW,CE,Federal Contract Tower,0,0,10,0,10,0,0,12,0,12,0,0,22,0,22,4,0,4,26
08/27/2020,DTN,LA,ASW,CE,Federal Contract Tower,0,0,0,0,0,0,0,1,0,1,0,0,1,0,1,0,0,0,1
08/28/2020,DTN,LA,ASW,CE,Federal Contract Tower,0,1,6,0,7,0,3,9,0,12,0,4,15,0,19,4,0,4,23
08/29/2020,DTN,LA,ASW,CE,Federal Contract Tower,0,0,14,0,14,0,1,37,0,38,0,1,51,0,52,26,0,26,78
08/30/2020,DTN,LA,ASW,CE,Federal Contract Tower,0,0,8,0,8,0,3,33,0,36,0,3,41,0,44,72,0,72,116
08/31/2020,DTN,LA,ASW,CE,Federal Contract Tower,0,2,10,0,12,0,1,19,0,20,0,3,29,0,32,32,0,32,64
09/01/2020,DTN,LA,ASW,CE,Federal Contract Tower,0,0,9,0,9,0,1,9,0,10,0,1,18,0,19,16,0,16,35
09/02/2020,DTN,LA,ASW,CE,Federal Contract Tower,0,0,7,0,7,0,0,37,0,37,0,0,44,0,44,52,0,52,96
09/03/2020,DTN,LA,ASW,CE,Federal Contract Tower,0,0,15,0,15,0,0,33,0,33,0,0,48,0,48,12,0,12,60
09/04/2020,DTN,LA,ASW,CE,Federal Contract Tower,0,1,21,0,22,0,2,38,0,40,0,3,59,0,62,16,0,16,78
09/05/2020,DTN,LA,ASW,CE,Federal Contract Tower,0,0,12,0,12,0,0,49,0,49,0,0,61,0,61,86,0,86,147
09/06/2020,DTN,LA,ASW,CE,Federal Contract Tower,0,0,8,0,8,0,0,53,0,53,0,0,61,0,61,54,0,54,115
09/07/2020,DTN,LA,ASW,CE,Federal Contract Tower,0,0,26,0,26,0,0,63,0,63,0,0,89,0,89,120,0,120,209
09/08/2020,DTN,LA,ASW,CE,Federal Contract Tower,0,0,14,0,14,0,42,1,0,43,0,42,15,0,57,2,0,2,59
09/09/2020,DTN,LA,ASW,CE,Federal Contract Tower,0,0,13,0,13,0,0,51,0,51,0,0,64,0,64,72,0,72,136
09/10/2020,DTN,LA,ASW,CE,Federal Contract Tower,0,0,17,0,17,0,0,51,0,51,0,0,68,0,68,72,0,72,140
09/11/2020,DTN,LA,ASW,CE,Federal Contract Tower,0,0,16,0,16,0,0,26,0,26,0,0,42,0,42,28,0,28,70
09/12/2020,DTN,LA,ASW,CE,Federal Contract Tower,0,0,13,0,13,0,0,56,0,56,0,0,69,0,69,62,0,62,131
09/13/2020,DTN,LA,ASW,CE,Federal Contract Tower,0,0,22,0,22,0,0,26,0,26,0,0,48,0,48,22,0,22,70
09/14/2020,DTN,LA,ASW,CE,Federal Contract Tower,0,0,18,0,18,0,0,32,0,32,0,0,50,0,50,86,0,86,136
09/15/2020,DTN,LA,ASW,CE,Federal Contract Tower,0,0,12,0,12,0,0,52,0,52,0,0,64,0,64,110,0,110,174
09/16/2020,DTN,LA,ASW,CE,Federal Contract Tower,0,0,23,0,23,0,2,34,2,38,0,2,57,2,61,40,0,40,101
09/17/2020,DTN,LA,ASW,CE,Federal Contract Tower,0,0,19,0,19,0,0,51,0,51,0,0,70,0,70,94,0,94,164
09/18/2020,DTN,LA,ASW,CE,Federal Contract Tower,0,2,27,0,29,0,0,32,0,32,0,2,59,0,61,24,0,24,85
09/19/2020,DTN,LA,ASW,CE,Federal Contract Tower,0,0,23,0,23,0,2,36,0,38,0,2,59,0,61,20,0,20,81
09/20/2020,DTN,LA,ASW,CE,Federal Contract Tower,0,1,15,0,16,0,0,37,0,37,0,1,52,0,53,14,0,14,67
09/21/2020,DTN,LA,ASW,CE,Federal Contract Tower,0,0,3,0,3,0,0,4,0,4,0,0,7,0,7,0,0,0,7
09/22/2020,DTN,LA,ASW,CE,Federal Contract Tower,0,2,3,0,5,0,0,1,0,1,0,2,4,0,6,0,0,0,6
09/23/2020,DTN,LA,ASW,CE,Federal Contract Tower,0,0,6,0,6,0,0,0,0,0,0,0,6,0,6,0,0,0,6
09/24/2020,DTN,LA,ASW,CE,Federal Contract Tower,0,0,24,0,24,0,0,5,0,5,0,0,29,0,29,19,0,19,48
09/25/2020,DTN,LA,ASW,CE,Federal Contract Tower,0,2,21,0,23,0,2,49,0,51,0,4,70,0,74,30,0,30,104
09/26/2020,DTN,LA,ASW,CE,Federal Contract Tower,0,0,8,0,8,0,0,29,0,29,0,0,37,0,37,56,0,56,93
09/27/2020,DTN,LA,ASW,CE,Federal Contract Tower,0,1,21,0,22,0,0,53,0,53,0,1,74,0,75,138,0,138,213
09/28/2020,DTN,LA,ASW,CE,Federal Contract Tower,0,0,6,0,6,0,0,21,0,21,0,0,27,0,27,12,0,12,39
09/29/2020,DTN,LA,ASW,CE,Federal Contract Tower,0,0,19,0,19,0,0,81,0,81,0,0,100,0,100,136,0,136,236
09/30/2020,DTN,LA,ASW,CE,Federal Contract Tower,0,0,5,0,5,0,0,107,0,107,0,0,112,0,112,104,0,104,216
10/01/2020,DTN,LA,ASW,CE,Federal Contract Tower,0,0,10,0,10,0,0,87,0,87,0,0,97,0,97,112,0,112,209
10/02/2020,DTN,LA,ASW,CE,Federal Contract Tower,0,0,19,0,19,0,0,67,0,67,0,0,86,0,86,62,0,62,148
10/03/2020,DTN,LA,ASW,CE,Federal Contract Tower,0,0,4,1,5,0,0,73,0,73,0,0,77,1,78,74,0,74,152
10/04/2020,DTN,LA,ASW,CE,Federal Contract Tower,0,0,7,0,7,0,0,53,0,53,0,0,60,0,60,86,0,86,146
10/05/2020,DTN,LA,ASW,CE,Federal Contract Tower,0,2,16,0,18,0,1,66,0,67,0,3,82,0,85,134,0,134,219
10/06/2020,DTN,LA,ASW,CE,Federal Contract Tower,0,0,14,0,14,0,0,61,4,65,0,0,75,4,79,138,0,138,217
10/07/2020,DTN,LA,ASW,CE,Federal Contract Tower,0,0,10,0,10,0,2,89,4,95,0,2,99,4,105,130,0,130,235
10/08/2020,DTN,LA,ASW,CE,Federal Contract Tower,0,3,11,0,14,0,1,31,0,32,0,4,42,0,46,48,0,48,94
10/09/2020,DTN,LA,ASW,CE,Federal Contract Tower,0,0,7,0,7,0,0,0,0,0,0,0,7,0,7,0,0,0,7
10/10/2020,DTN,LA,ASW,CE,Federal Contract Tower,0,0,3,0,3,0,4,24,0,28,0,4,27,0,31,26,0,26,57
10/11/2020,DTN,LA,ASW,CE,Federal Contract Tower,0,0,8,0,8,0,0,69,0,69,0,0,77,0,77,102,0,102,179
10/12/2020,DTN,LA,ASW,CE,Federal Contract Tower,0,0,13,0,13,0,0,47,0,47,0,0,60,0,60,122,0,122,182
10/13/2020,DTN,LA,ASW,CE,Federal Contract Tower,0,0,16,0,16,0,1,55,0,56,0,1,71,0,72,116,0,116,188
10/14/2020,DTN,LA,ASW,CE,Federal Contract Tower,0,0,29,0,29,0,2,73,0,75,0,2,102,0,104,86,0,86,190
10/15/2020,DTN,LA,ASW,CE,Federal Contract Tower,0,0,25,0,25,0,1,24,1,26,0,1,49,1,51,20,0,20,71
10/16/2020,DTN,LA,ASW,CE,Federal Contract Tower,0,2,25,0,27,0,1,58,0,59,0,3,83,0,86,18,0,18,104
10/17/2020,DTN,LA,ASW,CE,Federal Contract Tower,0,0,9,0,9,0,2,49,0,51,0,2,58,0,60,14,0,14,74
10/18/2020,DTN,LA,ASW,CE,Federal Contract Tower,0,0,18,0,18,0,0,34,0,34,0,0,52,0,52,38,0,38,90
10/19/2020,DTN,LA,ASW,CE,Federal Contract Tower,0,0,11,0,11,0,0,27,0,27,0,0,38,0,38,58,0,58,96
10/20/2020,DTN,LA,ASW,CE,Federal Contract Tower,0,0,13,0,13,0,0,53,0,53,0,0,66,0,66,96,0,96,162
10/21/2020,DTN,LA,ASW,CE,Federal Contract Tower,0,0,19,0,19,0,0,109,0,109,0,0,128,0,128,174,0,174,302
10/22/2020,DTN,LA,ASW,CE,Federal Contract Tower,0,0,26,0,26,0,0,118,0,118,0,0,144,0,144,138,0,138,282
10/23/2020,DTN,LA,ASW,CE,Federal Contract Tower,0,0,15,0,15,0,0,8,0,8,0,0,23,0,23,0,0,0,23
10/24/2020,DTN,LA,ASW,CE,Federal Contract Tower,0,0,28,0,28,0,0,10,0,10,0,0,38,0,38,0,0,0,38
10/25/2020,DTN,LA,ASW,CE,Federal Contract Tower,0,0,23,0,23,0,0,4,0,4,0,0,27,0,27,4,0,4,31
10/26/2020,DTN,LA,ASW,CE,Federal Contract Tower,0,3,15,0,18,0,0,12,0,12,0,3,27,0,30,2,0,2,32
10/27/2020,DTN,LA,ASW,CE,Federal Contract Tower,0,0,17,0,17,0,0,0,0,0,0,0,17,0,17,0,0,0,17
10/28/2020,DTN,LA,ASW,CE,Federal Contract Tower,0,0,2,0,2,0,0,0,0,0,0,0,2,0,2,0,0,0,2
10/29/2020,DTN,LA,ASW,CE,Federal Contract Tower,0,0,17,0,17,0,1,14,0,15,0,1,31,0,32,20,0,20,52
10/30/2020,DTN,LA,ASW,CE,Federal Contract Tower,0,0,21,0,21,0,7,62,0,69,0,7,83,0,90,48,0,48,138
10/31/2020,DTN,LA,ASW,CE,Federal Contract Tower,0,0,8,0,8,0,0,58,0,58,0,0,66,0,66,26,0,26,92
11/01/2020,DTN,LA,ASW,CE,Federal Contract Tower,0,0,14,0,14,0,0,41,0,41,0,0,55,0,55,58,0,58,113
11/02/2020,DTN,LA,ASW,CE,Federal Contract Tower,0,0,15,0,15,0,8,58,0,66,0,8,73,0,81,152,0,152,233
11/03/2020,DTN,LA,ASW,CE,Federal Contract Tower,0,0,12,0,12,0,2,53,0,55,0,2,65,0,67,126,0,126,193
11/04/2020,DTN,LA,ASW,CE,Federal Contract Tower,0,1,12,0,13,0,4,80,0,84,0,5,92,0,97,126,0,126,223
11/05/2020,DTN,LA,ASW,CE,Federal Contract Tower,0,0,25,0,25,0,62,2,0,64,0,62,27,0,89,62,0,62,151
11/06/2020,DTN,LA,ASW,CE,Federal Contract Tower,0,2,12,0,14,0,7,60,0,67,0,9,72,0,81,90,0,90,171
11/07/2020,DTN,LA,ASW,CE,Federal Contract Tower,0,0,12,0,12,0,9,54,0,63,0,9,66,0,75,60,0,60,135
11/08/2020,DTN,LA,ASW,CE,Federal Contract Tower,0,0,32,0,32,0,0,16,0,16,0,0,48,0,48,8,0,8,56
11/09/2020,DTN,LA,ASW,CE,Federal Contract Tower,0,0,13,0,13,0,0,29,0,29,0,0,42,0,42,54,0,54,96
11/10/2020,DTN,LA,ASW,CE,Federal Contract Tower,0,0,15,0,15,0,0,35,0,35,0,0,50,0,50,56,0,56,106
11/11/2020,DTN,LA,ASW,CE,Federal Contract Tower,0,0,21,0,21,0,0,74,0,74,0,0,95,0,95,150,0,150,245
11/12/2020,DTN,LA,ASW,CE,Federal Contract Tower,0,0,19,0,19,0,0,103,0,103,0,0,122,0,122,168,0,168,290
11/13/2020,DTN,LA,ASW,CE,Federal Contract Tower,0,1,15,0,16,0,5,36,4,45,0,6,51,4,61,26,0,26,87
11/14/2020,DTN,LA,ASW,CE,Federal Contract Tower,0,1,11,0,12,0,5,28,0,33,0,6,39,0,45,22,0,22,67
11/15/2020,DTN,LA,ASW,CE,Federal Contract Tower,0,0,15,1,16,0,0,51,1,52,0,0,66,2,68,28,0,28,96
11/16/2020,DTN,LA,ASW,CE,Federal Contract Tower,0,0,9,0,9,0,2,67,0,69,0,2,76,0,78,146,0,146,224
11/17/2020,DTN,LA,ASW,CE,Federal Contract Tower,0,1,21,0,22,0,3,41,3,47,0,4,62,3,69,34,0,34,103
11/18/2020,DTN,LA,ASW,CE,Federal Contract Tower,0,0,11,0,11,0,3,60,0,63,0,3,71,0,74,42,0,42,116
11/19/2020,DTN,LA,ASW,CE,Federal Contract Tower,0,0,7,0,7,0,0,53,0,53,0,0,60,0,60,30,0,30,90
11/20/2020,DTN,LA,ASW,CE,Federal Contract Tower,0,0,22,0,22,0,2,24,0,26,0,2,46,0,48,42,0,42,90
11/21/2020,DTN,LA,ASW,CE,Federal Contract Tower,0,0,24,0,24,0,1,72,0,73,0,1,96,0,97,90,0,90,187
11/22/2020,DTN,LA,ASW,CE,Federal Contract Tower,0,0,18,0,18,0,0,40,0,40,0,0,58,0,58,20,0,20,78
11/23/2020,DTN,LA,ASW,CE,Federal Contract Tower,0,0,10,0,10,0,2,64,0,66,0,2,74,0,76,60,0,60,136
11/24/2020,DTN,LA,ASW,CE,Federal Contract Tower,0,2,27,0,29,0,2,20,0,22,0,4,47,0,51,12,0,12,63
11/25/2020,DTN,LA,ASW,CE,Federal Contract Tower,0,0,13,0,13,0,0,62,0,62,0,0,75,0,75,40,0,40,115
11/26/2020,DTN,LA,ASW,CE,Federal Contract Tower,0,0,5,0,5,0,0,49,0,49,0,0,54,0,54,44,0,44,98
11/27/2020,DTN,LA,ASW,CE,Federal Contract Tower,0,0,7,0,7,0,0,0,0,0,0,0,7,0,7,0,0,0,7
11/28/2020,DTN,LA,ASW,CE,Federal Contract Tower,0,0,14,0,14,0,0,30,0,30,0,0,44,0,44,22,0,22,66
11/29/2020,DTN,LA,ASW,CE,Federal Contract Tower,0,0,20,0,20,0,0,2,0,2,0,0,22,0,22,0,0,0,22
11/30/2020,DTN,LA,ASW,CE,Federal Contract Tower,0,0,13,0,13,0,1,36,0,37,0,1,49,0,50,42,0,42,92
12/01/2020,DTN,LA,ASW,CE,Federal Contract Tower,0,0,11,0,11,0,0,63,1,64,0,0,74,1,75,82,0,82,157
12/02/2020,DTN,LA,ASW,CE,Federal Contract Tower,0,0,4,0,4,0,4,5,2,11,0,4,9,2,15,6,0,6,21
12/03/2020,DTN,LA,ASW,CE,Federal Contract Tower,0,0,19,0,19,0,0,4,0,4,0,0,23,0,23,44,0,44,67
12/04/2020,DTN,LA,ASW,CE,Federal Contract Tower,0,0,17,0,17,0,5,49,0,54,0,5,66,0,71,66,0,66,137
12/05/2020,DTN,LA,ASW,CE,Federal Contract Tower,0,0,14,0,14,0,0,83,0,83,0,0,97,0,97,60,0,60,157
12/06/2020,DTN,LA,ASW,CE,Federal Contract Tower,0,0,17,0,17,0,0,81,0,81,0,0,98,0,98,50,0,50,148
12/07/2020,DTN,LA,ASW,CE,Federal Contract Tower,0,0,18,1,19,0,0,50,1,51,0,0,68,2,70,58,0,58,128
12/08/2020,DTN,LA,ASW,CE,Federal Contract Tower,0,0,8,0,8,0,0,39,0,39,0,0,47,0,47,57,0,57,104
12/09/2020,DTN,LA,ASW,CE,Federal Contract Tower,0,0,15,0,15,0,2,65,0,67,0,2,80,0,82,50,0,50,132
12/10/2020,DTN,LA,ASW,CE,Federal Contract Tower,0,0,14,0,14,0,0,54,0,54,0,0,68,0,68,38,0,38,106
12/11/2020,DTN,LA,ASW,CE,Federal Contract Tower,0,0,0,0,0,0,0,5,0,5,0,0,5,0,5,0,0,0,5
12/12/2020,DTN,LA,ASW,CE,Federal Contract Tower,0,0,12,0,12,0,0,56,0,56,0,0,68,0,68,82,0,82,150
12/13/2020,DTN,LA,ASW,CE,Federal Contract Tower,0,0,6,0,6,0,0,4,0,4,0,0,10,0,10,4,0,4,14
12/14/2020,DTN,LA,ASW,CE,Federal Contract Tower,0,0,2,0,2,0,0,34,0,34,0,0,36,0,36,54,0,54,90
12/15/2020,DTN,LA,ASW,CE,Federal Contract Tower,0,2,0,0,2,0,0,0,0,0,0,2,0,0,2,0,0,0,2
12/16/2020,DTN,LA,ASW,CE,Federal Contract Tower,0,0,17,0,17,0,1,2,0,3,0,1,19,0,20,0,0,0,20
12/17/2020,DTN,LA,ASW,CE,Federal Contract Tower,0,0,14,2,16,0,0,51,0,51,0,0,65,2,67,66,0,66,133
12/18/2020,DTN,LA,ASW,CE,Federal Contract Tower,0,1,12,0,13,0,7,53,0,60,0,8,65,0,73,20,0,20,93
12/19/2020,DTN,LA,ASW,CE,Federal Contract Tower,0,0,0,0,0,0,0,0,0,0,0,0,0,0,0,0,0,0,0
12/21/2020,DTN,LA,ASW,CE,Federal Contract Tower,0,0,10,0,10,0,0,67,0,67,0,0,77,0,77,98,0,98,175
12/22/2020,DTN,LA,ASW,CE,Federal Contract Tower,0,0,12,0,12,0,2,54,0,56,0,2,66,0,68,94,0,94,162
12/23/2020,DTN,LA,ASW,CE,Federal Contract Tower,0,0,13,0,13,0,0,4,0,4,0,0,17,0,17,6,0,6,23
12/24/2020,DTN,LA,ASW,CE,Federal Contract Tower,0,0,4,0,4,0,0,20,0,20,0,0,24,0,24,30,0,30,54
12/25/2020,DTN,LA,ASW,CE,Federal Contract Tower,0,0,0,0,0,0,0,13,0,13,0,0,13,0,13,0,0,0,13
12/26/2020,DTN,LA,ASW,CE,Federal Contract Tower,0,0,12,0,12,0,4,38,0,42,0,4,50,0,54,32,0,32,86
12/27/2020,DTN,LA,ASW,CE,Federal Contract Tower,0,0,8,0,8,0,0,18,0,18,0,0,26,0,26,34,0,34,60
12/28/2020,DTN,LA,ASW,CE,Federal Contract Tower,0,0,24,0,24,0,0,8,0,8,0,0,32,0,32,0,0,0,32
12/29/2020,DTN,LA,ASW,CE,Federal Contract Tower,0,0,10,0,10,0,0,33,0,33,0,0,43,0,43,42,0,42,85
12/30/2020,DTN,LA,ASW,CE,Federal Contract Tower,0,0,1,0,1,0,0,8,0,8,0,0,9,0,9,4,0,4,13
12/31/2020,DTN,LA,ASW,CE,Federal Contract Tower,0,0,0,0,0,0,0,0,0,0,0,0,0,0,0,0,0,0,0
01/01/2021,DTN,LA,ASW,CE,Federal Contract Tower,0,1,0,0,1,0,0,7,0,7,0,1,7,0,8,12,0,12,20
01/02/2021,DTN,LA,ASW,CE,Federal Contract Tower,0,1,13,0,14,0,0,12,0,12,0,1,25,0,26,6,0,6,32
01/03/2021,DTN,LA,ASW,CE,Federal Contract Tower,0,0,11,0,11,0,0,85,0,85,0,0,96,0,96,74,0,74,170
01/04/2021,DTN,LA,ASW,CE,Federal Contract Tower,0,0,11,0,11,0,0,59,0,59,0,0,70,0,70,110,0,110,180
01/05/2021,DTN,LA,ASW,CE,Federal Contract Tower,0,0,8,0,8,0,2,68,0,70,0,2,76,0,78,83,0,83,161
01/06/2021,DTN,LA,ASW,CE,Federal Contract Tower,0,0,4,0,4,0,0,10,0,10,0,0,14,0,14,36,0,36,50
01/07/2021,DTN,LA,ASW,CE,Federal Contract Tower,0,0,10,0,10,0,0,2,0,2,0,0,12,0,12,0,0,0,12
01/08/2021,DTN,LA,ASW,CE,Federal Contract Tower,0,0,12,0,12,0,0,19,0,19,0,0,31,0,31,26,0,26,57
01/09/2021,DTN,LA,ASW,CE,Federal Contract Tower,0,0,16,0,16,0,0,64,0,64,0,0,80,0,80,104,0,104,184
01/10/2021,DTN,LA,ASW,CE,Federal Contract Tower,0,0,1,0,1,0,1,10,0,11,0,1,11,0,12,6,0,6,18
01/11/2021,DTN,LA,ASW,CE,Federal Contract Tower,0,0,16,0,16,0,0,19,0,19,0,0,35,0,35,32,0,32,67
01/12/2021,DTN,LA,ASW,CE,Federal Contract Tower,0,2,12,2,16,0,1,35,0,36,0,3,47,2,52,46,0,46,98
01/13/2021,DTN,LA,ASW,CE,Federal Contract Tower,0,0,19,0,19,0,0,48,3,51,0,0,67,3,70,88,0,88,158
01/14/2021,DTN,LA,ASW,CE,Federal Contract Tower,0,0,10,1,11,0,2,36,0,38,0,2,46,1,49,8,10,18,67
01/15/2021,DTN,LA,ASW,CE,Federal Contract Tower,0,0,5,0,5,0,0,9,0,9,0,0,14,0,14,0,0,0,14
01/16/2021,DTN,LA,ASW,CE,Federal Contract Tower,0,0,14,0,14,0,4,67,0,71,0,4,81,0,85,50,0,50,135
01/17/2021,DTN,LA,ASW,CE,Federal Contract Tower,0,0,15,0,15,0,0,40,0,40,0,0,55,0,55,72,0,72,127
01/18/2021,DTN,LA,ASW,CE,Federal Contract Tower,0,0,11,0,11,0,0,79,0,79,0,0,90,0,90,152,0,152,242
01/19/2021,DTN,LA,ASW,CE,Federal Contract Tower,0,0,5,0,5,0,0,1,0,1,0,0,6,0,6,2,0,2,8
01/20/2021,DTN,LA,ASW,CE,Federal Contract Tower,0,0,16,0,16,0,0,14,0,14,0,0,30,0,30,102,0,102,132
01/21/2021,DTN,LA,ASW,CE,Federal Contract Tower,0,0,5,0,5,0,0,0,0,0,0,0,5,0,5,0,0,0,5
01/22/2021,DTN,LA,ASW,CE,Federal Contract Tower,0,0,4,0,4,0,0,0,0,0,0,0,4,0,4,0,0,0,4
01/23/2021,DTN,LA,ASW,CE,Federal Contract Tower,0,0,20,0,20,0,0,2,0,2,0,0,22,0,22,0,0,0,22
01/24/2021,DTN,LA,ASW,CE,Federal Contract Tower,0,0,1,0,1,0,0,0,0,0,0,0,1,0,1,0,0,0,1
01/26/2021,DTN,LA,ASW,CE,Federal Contract Tower,0,0,11,0,11,0,1,81,0,82,0,1,92,0,93,138,0,138,231
01/27/2021,DTN,LA,ASW,CE,Federal Contract Tower,0,0,22,0,22,0,0,77,0,77,0,0,99,0,99,204,0,204,303
01/28/2021,DTN,LA,ASW,CE,Federal Contract Tower,0,0,13,0,13,0,0,60,2,62,0,0,73,2,75,154,0,154,229
01/29/2021,DTN,LA,ASW,CE,Federal Contract Tower,0,2,17,0,19,0,0,73,0,73,0,2,90,0,92,76,0,76,168
01/30/2021,DTN,LA,ASW,CE,Federal Contract Tower,0,0,5,0,5,0,0,1,0,1,0,0,6,0,6,12,0,12,18
01/31/2021,DTN,LA,ASW,CE,Federal Contract Tower,0,0,18,0,18,0,0,30,0,30,0,0,48,0,48,34,0,34,82
02/01/2021,DTN,LA,ASW,CE,Federal Contract Tower,0,0,22,0,22,0,1,62,0,63,0,1,84,0,85,92,0,92,177
02/02/2021,DTN,LA,ASW,CE,Federal Contract Tower,0,0,17,0,17,0,1,71,0,72,0,1,88,0,89,96,0,96,185
02/03/2021,DTN,LA,ASW,CE,Federal Contract Tower,0,0,11,0,11,0,0,0,0,0,0,0,11,0,11,56,0,56,67
02/04/2021,DTN,LA,ASW,CE,Federal Contract Tower,0,0,21,1,22,0,0,24,0,24,0,0,45,1,46,50,0,50,96
02/05/2021,DTN,LA,ASW,CE,Federal Contract Tower,0,0,12,0,12,0,0,62,0,62,0,0,74,0,74,88,0,88,162
02/06/2021,DTN,LA,ASW,CE,Federal Contract Tower,0,0,7,0,7,0,0,8,0,8,0,0,15,0,15,42,0,42,57
02/07/2021,DTN,LA,ASW,CE,Federal Contract Tower,0,0,26,0,26,0,0,22,0,22,0,0,48,0,48,48,0,48,96
02/08/2021,DTN,LA,ASW,CE,Federal Contract Tower,0,0,14,0,14,0,0,8,0,8,0,0,22,0,22,0,0,0,22
02/09/2021,DTN,LA,ASW,CE,Federal Contract Tower,0,0,10,0,10,0,1,2,0,3,0,1,12,0,13,0,0,0,13
02/10/2021,DTN,LA,ASW,CE,Federal Contract Tower,0,0,6,0,6,0,1,0,0,1,0,1,6,0,7,0,0,0,7
02/11/2021,DTN,LA,ASW,CE,Federal Contract Tower,0,0,3,0,3,0,0,0,0,0,0,0,3,0,3,0,0,0,3
02/12/2021,DTN,LA,ASW,CE,Federal Contract Tower,0,0,6,0,6,0,0,10,0,10,0,0,16,0,16,10,0,10,26
02/13/2021,DTN,LA,ASW,CE,Federal Contract Tower,0,0,1,0,1,0,0,11,0,11,0,0,12,0,12,30,0,30,42
02/15/2021,DTN,LA,ASW,CE,Federal Contract Tower,0,0,0,0,0,0,0,0,0,0,0,0,0,0,0,0,0,0,0
02/16/2021,DTN,LA,ASW,CE,Federal Contract Tower,0,0,0,0,0,0,0,0,0,0,0,0,0,0,0,0,0,0,0
02/17/2021,DTN,LA,ASW,CE,Federal Contract Tower,0,0,0,0,0,0,0,0,0,0,0,0,0,0,0,0,0,0,0
02/18/2021,DTN,LA,ASW,CE,Federal Contract Tower,0,0,0,0,0,0,0,0,0,0,0,0,0,0,0,0,0,0,0
02/19/2021,DTN,LA,ASW,CE,Federal Contract Tower,0,0,0,0,0,0,0,0,0,0,0,0,0,0,0,0,0,0,0
02/20/2021,DTN,LA,ASW,CE,Federal Contract Tower,0,0,0,0,0,0,0,0,0,0,0,0,0,0,0,0,0,0,0
02/21/2021,DTN,LA,ASW,CE,Federal Contract Tower,0,0,2,0,2,0,0,6,0,6,0,0,8,0,8,30,0,30,38
02/22/2021,DTN,LA,ASW,CE,Federal Contract Tower,0,0,15,0,15,0,2,58,0,60,0,2,73,0,75,68,0,68,143
02/23/2021,DTN,LA,ASW,CE,Federal Contract Tower,0,0,13,0,13,0,5,67,0,72,0,5,80,0,85,122,0,122,207
02/24/2021,DTN,LA,ASW,CE,Federal Contract Tower,0,0,14,0,14,0,0,66,0,66,0,0,80,0,80,54,0,54,134
02/25/2021,DTN,LA,ASW,CE,Federal Contract Tower,0,0,25,0,25,0,0,23,0,23,0,0,48,0,48,16,0,16,64
02/26/2021,DTN,LA,ASW,CE,Federal Contract Tower,0,0,7,0,7,0,0,0,0,0,0,0,7,0,7,0,0,0,7
02/27/2021,DTN,LA,ASW,CE,Federal Contract Tower,0,4,2,0,6,0,2,7,0,9,0,6,9,0,15,8,0,8,23
02/28/2021,DTN,LA,ASW,CE,Federal Contract Tower,0,0,5,0,5,0,0,8,0,8,0,0,13,0,13,0,0,0,13
03/01/2021,DTN,LA,ASW,CE,Federal Contract Tower,0,0,3,0,3,0,0,0,0,0,0,0,3,0,3,0,0,0,3
03/02/2021,DTN,LA,ASW,CE,Federal Contract Tower,0,2,4,0,6,0,2,40,0,42,0,4,44,0,48,46,0,46,94
03/03/2021,DTN,LA,ASW,CE,Federal Contract Tower,0,0,16,0,16,0,0,76,3,79,0,0,92,3,95,144,0,144,239
03/04/2021,DTN,LA,ASW,CE,Federal Contract Tower,0,0,19,0,19,0,0,93,0,93,0,0,112,0,112,68,0,68,180
03/05/2021,DTN,LA,ASW,CE,Federal Contract Tower,0,0,7,0,7,0,1,14,0,15,0,1,21,0,22,32,0,32,54
03/06/2021,DTN,LA,ASW,CE,Federal Contract Tower,0,0,13,0,13,0,5,72,0,77,0,5,85,0,90,58,0,58,148
03/07/2021,DTN,LA,ASW,CE,Federal Contract Tower,0,0,13,0,13,0,0,91,0,91,0,0,104,0,104,126,0,126,230
03/08/2021,DTN,LA,ASW,CE,Federal Contract Tower,0,0,13,0,13,0,0,67,0,67,0,0,80,0,80,64,0,64,144
03/09/2021,DTN,LA,ASW,CE,Federal Contract Tower,0,0,5,0,5,0,0,20,0,20,0,0,25,0,25,2,0,2,27
03/10/2021,DTN,LA,ASW,CE,Federal Contract Tower,0,1,17,0,18,0,1,8,0,9,0,2,25,0,27,46,0,46,73
03/11/2021,DTN,LA,ASW,CE,Federal Contract Tower,0,0,15,0,15,0,0,19,2,21,0,0,34,2,36,18,0,18,54
03/12/2021,DTN,LA,ASW,CE,Federal Contract Tower,0,0,23,0,23,0,0,36,0,36,0,0,59,0,59,48,0,48,107
03/13/2021,DTN,LA,ASW,CE,Federal Contract Tower,0,1,21,0,22,0,2,54,0,56,0,3,75,0,78,74,0,74,152
03/14/2021,DTN,LA,ASW,CE,Federal Contract Tower,0,0,10,0,10,0,0,5,0,5,0,0,15,0,15,8,0,8,23
03/15/2021,DTN,LA,ASW,CE,Federal Contract Tower,0,0,12,0,12,0,4,53,0,57,0,4,65,0,69,68,0,68,137
03/16/2021,DTN,LA,ASW,CE,Federal Contract Tower,0,0,14,0,14,0,0,40,0,40,0,0,54,0,54,58,0,58,112
03/17/2021,DTN,LA,ASW,CE,Federal Contract Tower,0,0,7,0,7,0,0,6,0,6,0,0,13,0,13,4,0,4,17
03/18/2021,DTN,LA,ASW,CE,Federal Contract Tower,0,0,18,0,18,0,0,29,0,29,0,0,47,0,47,8,0,8,55
03/19/2021,DTN,LA,ASW,CE,Federal Contract Tower,0,0,17,0,17,0,1,41,0,42,0,1,58,0,59,42,0,42,101
03/20/2021,DTN,LA,ASW,CE,Federal Contract Tower,0,0,19,0,19,0,2,67,0,69,0,2,86,0,88,66,0,66,154
03/21/2021,DTN,LA,ASW,CE,Federal Contract Tower,0,0,18,0,18,0,2,78,0,80,0,2,96,0,98,120,0,120,218
03/22/2021,DTN,LA,ASW,CE,Federal Contract Tower,0,0,14,0,14,0,0,32,2,34,0,0,46,2,48,120,0,120,168
03/23/2021,DTN,LA,ASW,CE,Federal Contract Tower,0,0,14,1,15,0,1,44,1,46,0,1,58,2,61,14,0,14,75
03/24/2021,DTN,LA,ASW,CE,Federal Contract Tower,0,0,15,0,15,0,1,36,3,40,0,1,51,3,55,76,0,76,131
03/25/2021,DTN,LA,ASW,CE,Federal Contract Tower,0,0,15,0,15,0,7,5,0,12,0,7,20,0,27,4,0,4,31
03/26/2021,DTN,LA,ASW,CE,Federal Contract Tower,0,2,17,0,19,0,9,55,0,64,0,11,72,0,83,66,0,66,149
03/27/2021,DTN,LA,ASW,CE,Federal Contract Tower,0,1,3,0,4,0,4,12,0,16,0,5,15,0,20,26,0,26,46
03/28/2021,DTN,LA,ASW,CE,Federal Contract Tower,0,0,17,0,17,0,0,31,0,31,0,0,48,0,48,50,0,50,98
03/29/2021,DTN,LA,ASW,CE,Federal Contract Tower,0,0,10,0,10,0,3,64,0,67,0,3,74,0,77,110,0,110,187
03/30/2021,DTN,LA,ASW,CE,Federal Contract Tower,0,0,21,0,21,0,0,1,0,1,0,0,22,0,22,0,0,0,22
03/31/2021,DTN,LA,ASW,CE,Federal Contract Tower,0,0,8,0,8,0,0,6,0,6,0,0,14,0,14,8,0,8,22
04/01/2021,DTN,LA,ASW,CE,Federal Contract Tower,0,0,19,0,19,0,0,72,5,77,0,0,91,5,96,60,0,60,156
04/02/2021,DTN,LA,ASW,CE,Federal Contract Tower,0,0,6,0,6,0,4,53,0,57,0,4,59,0,63,52,0,52,115
04/03/2021,DTN,LA,ASW,CE,Federal Contract Tower,0,0,20,0,20,0,0,66,0,66,0,0,86,0,86,90,0,90,176
04/04/2021,DTN,LA,ASW,CE,Federal Contract Tower,0,0,8,0,8,0,0,40,0,40,0,0,48,0,48,38,0,38,86
04/05/2021,DTN,LA,ASW,CE,Federal Contract Tower,0,0,17,0,17,0,3,54,0,57,0,3,71,0,74,122,0,122,196
04/06/2021,DTN,LA,ASW,CE,Federal Contract Tower,0,0,24,1,25,0,1,25,0,26,0,1,49,1,51,2,0,2,53
04/07/2021,DTN,LA,ASW,CE,Federal Contract Tower,0,0,14,0,14,0,0,3,0,3,0,0,17,0,17,12,0,12,29
04/08/2021,DTN,LA,ASW,CE,Federal Contract Tower,0,0,29,0,29,0,2,107,2,111,0,2,136,2,140,124,0,124,264
04/09/2021,DTN,LA,ASW,CE,Federal Contract Tower,0,0,18,0,18,0,0,19,0,19,0,0,37,0,37,24,0,24,61
04/10/2021,DTN,LA,ASW,CE,Federal Contract Tower,0,2,16,0,18,0,8,40,0,48,0,10,56,0,66,116,0,116,182
04/11/2021,DTN,LA,ASW,CE,Federal Contract Tower,0,0,14,0,14,0,1,61,0,62,0,1,75,0,76,46,0,46,122
04/12/2021,DTN,LA,ASW,CE,Federal Contract Tower,0,0,14,0,14,0,0,47,0,47,0,0,61,0,61,28,0,28,89
04/13/2021,DTN,LA,ASW,CE,Federal Contract Tower,0,0,18,0,18,0,0,37,0,37,0,0,55,0,55,52,0,52,107
04/14/2021,DTN,LA,ASW,CE,Federal Contract Tower,0,2,13,0,15,0,0,2,0,2,0,2,15,0,17,4,0,4,21
04/15/2021,DTN,LA,ASW,CE,Federal Contract Tower,0,0,22,0,22,0,0,67,0,67,0,0,89,0,89,54,0,54,143
04/16/2021,DTN,LA,ASW,CE,Federal Contract Tower,0,0,10,0,10,0,1,2,0,3,0,1,12,0,13,24,0,24,37
04/17/2021,DTN,LA,ASW,CE,Federal Contract Tower,0,0,23,0,23,0,1,10,0,11,0,1,33,0,34,16,0,16,50
04/18/2021,DTN,LA,ASW,CE,Federal Contract Tower,0,0,31,0,31,0,2,90,0,92,0,2,121,0,123,84,0,84,207
04/19/2021,DTN,LA,ASW,CE,Federal Contract Tower,0,0,13,0,13,0,0,79,1,80,0,0,92,1,93,194,0,194,287
04/20/2021,DTN,LA,ASW,CE,Federal Contract Tower,0,0,21,0,21,0,4,50,5,59,0,4,71,5,80,46,0,46,126
04/21/2021,DTN,LA,ASW,CE,Federal Contract Tower,0,1,14,0,15,0,3,50,0,53,0,4,64,0,68,38,0,38,106
04/22/2021,DTN,LA,ASW,CE,Federal Contract Tower,0,0,20,0,20,0,0,74,0,74,0,0,94,0,94,138,0,138,232
04/23/2021,DTN,LA,ASW,CE,Federal Contract Tower,0,0,5,0,5,0,1,4,0,5,0,1,9,0,10,2,0,2,12
04/24/2021,DTN,LA,ASW,CE,Federal Contract Tower,0,0,10,0,10,0,6,56,0,62,0,6,66,0,72,50,0,50,122
04/25/2021,DTN,LA,ASW,CE,Federal Contract Tower,0,0,11,0,11,0,0,82,0,82,0,0,93,0,93,130,0,130,223
04/26/2021,DTN,LA,ASW,CE,Federal Contract Tower,0,0,21,0,21,0,0,67,5,72,0,0,88,5,93,92,0,92,185
04/27/2021,DTN,LA,ASW,CE,Federal Contract Tower,0,0,15,0,15,0,0,20,0,20,0,0,35,0,35,38,0,38,73
04/28/2021,DTN,LA,ASW,CE,Federal Contract Tower,0,0,17,0,17,0,0,19,0,19,0,0,36,0,36,6,0,6,42
04/29/2021,DTN,LA,ASW,CE,Federal Contract Tower,0,0,9,2,11,0,0,19,1,20,0,0,28,3,31,50,0,50,81
04/30/2021,DTN,LA,ASW,CE,Federal Contract Tower,0,0,17,0,17,0,0,10,0,10,0,0,27,0,27,2,0,2,29
05/01/2021,DTN,LA,ASW,CE,Federal Contract Tower,0,0,12,0,12,0,3,20,0,23,0,3,32,0,35,56,0,56,91
05/02/2021,DTN,LA,ASW,CE,Federal Contract Tower,0,0,11,0,11,0,2,67,0,69,0,2,78,0,80,66,0,66,146
05/03/2021,DTN,LA,ASW,CE,Federal Contract Tower,0,0,21,0,21,0,0,47,0,47,0,0,68,0,68,36,0,36,104
05/04/2021,DTN,LA,ASW,CE,Federal Contract Tower,0,0,4,0,4,0,0,20,0,20,0,0,24,0,24,0,0,0,24
05/05/2021,DTN,LA,ASW,CE,Federal Contract Tower,0,0,14,0,14,0,0,72,0,72,0,0,86,0,86,48,0,48,134
05/06/2021,DTN,LA,ASW,CE,Federal Contract Tower,0,0,12,0,12,0,0,40,0,40,0,0,52,0,52,64,0,64,116
05/07/2021,DTN,LA,ASW,CE,Federal Contract Tower,0,0,15,0,15,0,0,26,1,27,0,0,41,1,42,34,0,34,76
05/08/2021,DTN,LA,ASW,CE,Federal Contract Tower,0,0,6,0,6,0,0,24,0,24,0,0,30,0,30,10,0,10,40
05/09/2021,DTN,LA,ASW,CE,Federal Contract Tower,0,0,2,0,2,0,0,71,0,71,0,0,73,0,73,0,0,0,73
05/10/2021,DTN,LA,ASW,CE,Federal Contract Tower,0,0,7,0,7,0,0,2,0,2,0,0,9,0,9,0,0,0,9
05/11/2021,DTN,LA,ASW,CE,Federal Contract Tower,0,0,5,0,5,0,0,0,0,0,0,0,5,0,5,0,0,0,5
05/12/2021,DTN,LA,ASW,CE,Federal Contract Tower,0,0,19,0,19,0,0,6,0,6,0,0,25,0,25,0,0,0,25
05/13/2021,DTN,LA,ASW,CE,Federal Contract Tower,0,0,21,0,21,0,0,92,0,92,0,0,113,0,113,92,0,92,205
05/14/2021,DTN,LA,ASW,CE,Federal Contract Tower,0,0,23,0,23,0,0,92,0,92,0,0,115,0,115,92,0,92,207
05/15/2021,DTN,LA,ASW,CE,Federal Contract Tower,0,0,21,0,21,0,5,87,0,92,0,5,108,0,113,136,0,136,249
05/16/2021,DTN,LA,ASW,CE,Federal Contract Tower,0,0,25,0,25,0,0,57,0,57,0,0,82,0,82,76,0,76,158
05/17/2021,DTN,LA,ASW,CE,Federal Contract Tower,0,0,5,0,5,0,0,10,0,10,0,0,15,0,15,0,0,0,15
05/18/2021,DTN,LA,ASW,CE,Federal Contract Tower,0,2,11,0,13,0,1,19,0,20,0,3,30,0,33,0,0,0,33
05/19/2021,DTN,LA,ASW,CE,Federal Contract Tower,0,1,14,0,15,0,0,20,0,20,0,1,34,0,35,74,0,74,109
05/20/2021,DTN,LA,ASW,CE,Federal Contract Tower,0,0,10,0,10,0,1,7,0,8,0,1,17,0,18,4,0,4,22
05/21/2021,DTN,LA,ASW,CE,Federal Contract Tower,0,0,14,0,14,0,2,7,0,9,0,2,21,0,23,2,0,2,25
05/22/2021,DTN,LA,ASW,CE,Federal Contract Tower,0,0,17,0,17,0,0,66,0,66,0,0,83,0,83,128,0,128,211
05/23/2021,DTN,LA,ASW,CE,Federal Contract Tower,0,0,14,0,14,0,4,69,0,73,0,4,83,0,87,112,0,112,199
05/24/2021,DTN,LA,ASW,CE,Federal Contract Tower,0,0,1,18,19,0,0,39,0,39,0,0,40,18,58,76,0,76,134
05/25/2021,DTN,LA,ASW,CE,Federal Contract Tower,0,0,19,0,19,0,3,27,5,35,0,3,46,5,54,4,0,4,58
05/26/2021,DTN,LA,ASW,CE,Federal Contract Tower,0,0,36,0,36,0,0,57,0,57,0,0,93,0,93,42,0,42,135
05/27/2021,DTN,LA,ASW,CE,Federal Contract Tower,0,0,27,0,27,0,0,51,0,51,0,0,78,0,78,46,0,46,124
05/28/2021,DTN,LA,ASW,CE,Federal Contract Tower,0,0,15,0,15,0,0,20,0,20,0,0,35,0,35,30,0,30,65
05/29/2021,DTN,LA,ASW,CE,Federal Contract Tower,0,0,11,0,11,0,0,38,0,38,0,0,49,0,49,14,0,14,63
05/30/2021,DTN,LA,ASW,CE,Federal Contract Tower,0,0,14,0,14,0,0,50,0,50,0,0,64,0,64,54,0,54,118
05/31/2021,DTN,LA,ASW,CE,Federal Contract Tower,0,0,20,0,20,0,0,66,0,66,0,0,86,0,86,146,0,146,232
06/01/2021,DTN,LA,ASW,CE,Federal Contract Tower,0,0,18,0,18,0,2,20,1,23,0,2,38,1,41,40,0,40,81
06/02/2021,DTN,LA,ASW,CE,Federal Contract Tower,0,0,17,0,17,0,0,38,3,41,0,0,55,3,58,92,0,92,150
06/03/2021,DTN,LA,ASW,CE,Federal Contract Tower,0,0,21,0,21,0,0,46,0,46,0,0,67,0,67,24,0,24,91
06/04/2021,DTN,LA,ASW,CE,Federal Contract Tower,0,0,7,0,7,0,0,19,0,19,0,0,26,0,26,32,0,32,58
06/05/2021,DTN,LA,ASW,CE,Federal Contract Tower,0,0,7,0,7,0,0,7,0,7,0,0,14,0,14,0,0,0,14
06/06/2021,DTN,LA,ASW,CE,Federal Contract Tower,0,0,11,0,11,0,0,10,0,10,0,0,21,0,21,26,0,26,47
06/07/2021,DTN,LA,ASW,CE,Federal Contract Tower,0,0,25,0,25,0,1,20,0,21,0,1,45,0,46,24,0,24,70
06/08/2021,DTN,LA,ASW,CE,Federal Contract Tower,0,0,11,0,11,0,0,18,0,18,0,0,29,0,29,6,0,6,35
06/09/2021,DTN,LA,ASW,CE,Federal Contract Tower,0,0,32,0,32,0,0,44,0,44,0,0,76,0,76,114,0,114,190
06/10/2021,DTN,LA,ASW,CE,Federal Contract Tower,0,0,24,0,24,0,0,66,3,69,0,0,90,3,93,86,0,86,179
06/11/2021,DTN,LA,ASW,CE,Federal Contract Tower,0,3,14,0,17,0,0,53,0,53,0,3,67,0,70,50,0,50,120
06/12/2021,DTN,LA,ASW,CE,Federal Contract Tower,0,0,13,0,13,0,0,59,0,59,0,0,72,0,72,92,0,92,164
06/13/2021,DTN,LA,ASW,CE,Federal Contract Tower,0,0,19,0,19,0,1,70,0,71,0,1,89,0,90,108,0,108,198
06/14/2021,DTN,LA,ASW,CE,Federal Contract Tower,0,0,14,0,14,0,0,60,0,60,0,0,74,0,74,98,0,98,172
06/15/2021,DTN,LA,ASW,CE,Federal Contract Tower,0,1,14,0,15,0,0,68,0,68,0,1,82,0,83,74,0,74,157
06/16/2021,DTN,LA,ASW,CE,Federal Contract Tower,0,0,17,0,17,0,0,75,0,75,0,0,92,0,92,46,0,46,138
06/17/2021,DTN,LA,ASW,CE,Federal Contract Tower,0,0,18,0,18,0,0,79,5,84,0,0,97,5,102,128,0,128,230
06/18/2021,DTN,LA,ASW,CE,Federal Contract Tower,0,0,12,0,12,0,0,55,0,55,0,0,67,0,67,46,0,46,113
06/19/2021,DTN,LA,ASW,CE,Federal Contract Tower,0,1,5,0,6,0,0,46,0,46,0,1,51,0,52,50,0,50,102
06/20/2021,DTN,LA,ASW,CE,Federal Contract Tower,0,0,7,0,7,0,0,48,0,48,0,0,55,0,55,44,0,44,99
06/21/2021,DTN,LA,ASW,CE,Federal Contract Tower,0,0,11,0,11,0,0,14,0,14,0,0,25,0,25,2,0,2,27
06/22/2021,DTN,LA,ASW,CE,Federal Contract Tower,0,0,14,0,14,0,0,38,5,43,0,0,52,5,57,28,0,28,85
06/23/2021,DTN,LA,ASW,CE,Federal Contract Tower,0,0,14,0,14,0,0,63,0,63,0,0,77,0,77,132,0,132,209
06/24/2021,DTN,LA,ASW,CE,Federal Contract Tower,0,0,22,0,22,0,0,46,0,46,0,0,68,0,68,108,0,108,176
06/25/2021,DTN,LA,ASW,CE,Federal Contract Tower,0,0,19,0,19,0,2,33,0,35,0,2,52,0,54,30,0,30,84
06/26/2021,DTN,LA,ASW,CE,Federal Contract Tower,0,0,31,0,31,0,0,40,0,40,0,0,71,0,71,50,0,50,121
06/27/2021,DTN,LA,ASW,CE,Federal Contract Tower,0,0,14,0,14,0,0,40,0,40,0,0,54,0,54,52,0,52,106
06/28/2021,DTN,LA,ASW,CE,Federal Contract Tower,0,0,8,0,8,0,0,33,0,33,0,0,41,0,41,90,0,90,131
06/29/2021,DTN,LA,ASW,CE,Federal Contract Tower,0,0,20,0,20,0,5,58,0,63,0,5,78,0,83,20,0,20,103
06/30/2021,DTN,LA,ASW,CE,Federal Contract Tower,0,0,16,0,16,0,2,53,0,55,0,2,69,0,71,12,0,12,83
07/01/2021,DTN,LA,ASW,CE,Federal Contract Tower,0,0,12,0,12,0,0,76,0,76,0,0,88,0,88,102,0,102,190
07/02/2021,DTN,LA,ASW,CE,Federal Contract Tower,0,2,12,0,14,0,1,13,0,14,0,3,25,0,28,0,0,0,28
07/03/2021,DTN,LA,ASW,CE,Federal Contract Tower,0,0,7,0,7,0,2,75,0,77,0,2,82,0,84,40,0,40,124
07/04/2021,DTN,LA,ASW,CE,Federal Contract Tower,0,0,5,0,5,0,0,44,0,44,0,0,49,0,49,18,0,18,67
07/05/2021,DTN,LA,ASW,CE,Federal Contract Tower,0,2,19,0,21,0,0,70,0,70,0,2,89,0,91,86,0,86,177
07/06/2021,DTN,LA,ASW,CE,Federal Contract Tower,0,0,10,1,11,0,0,32,3,35,0,0,42,4,46,18,0,18,64
07/07/2021,DTN,LA,ASW,CE,Federal Contract Tower,0,0,12,0,12,0,1,39,0,40,0,1,51,0,52,20,0,20,72
07/08/2021,DTN,LA,ASW,CE,Federal Contract Tower,0,0,14,0,14,0,0,54,0,54,0,0,68,0,68,78,0,78,146
07/09/2021,DTN,LA,ASW,CE,Federal Contract Tower,0,0,11,0,11,0,2,39,0,41,0,2,50,0,52,56,0,56,108
07/10/2021,DTN,LA,ASW,CE,Federal Contract Tower,0,1,25,0,26,0,11,38,0,49,0,12,63,0,75,42,0,42,117
07/11/2021,DTN,LA,ASW,CE,Federal Contract Tower,0,0,15,0,15,0,0,19,0,19,0,0,34,0,34,24,0,24,58
07/12/2021,DTN,LA,ASW,CE,Federal Contract Tower,0,0,14,0,14,0,4,28,0,32,0,4,42,0,46,62,0,62,108
07/13/2021,DTN,LA,ASW,CE,Federal Contract Tower,0,0,14,0,14,0,4,66,1,71,0,4,80,1,85,98,0,98,183
07/14/2021,DTN,LA,ASW,CE,Federal Contract Tower,0,0,10,0,10,0,0,83,0,83,0,0,93,0,93,42,0,42,135
07/15/2021,DTN,LA,ASW,CE,Federal Contract Tower,0,0,25,0,25,0,1,65,0,66,0,1,90,0,91,72,0,72,163
07/16/2021,DTN,LA,ASW,CE,Federal Contract Tower,0,1,19,0,20,0,8,20,0,28,0,9,39,0,48,2,0,2,50
07/17/2021,DTN,LA,ASW,CE,Federal Contract Tower,0,0,9,0,9,0,0,53,0,53,0,0,62,0,62,22,0,22,84
07/18/2021,DTN,LA,ASW,CE,Federal Contract Tower,0,0,16,0,16,0,0,33,0,33,0,0,49,0,49,44,0,44,93
07/19/2021,DTN,LA,ASW,CE,Federal Contract Tower,0,0,15,0,15,0,2,14,0,16,0,2,29,0,31,12,0,12,43
07/20/2021,DTN,LA,ASW,CE,Federal Contract Tower,0,0,15,0,15,0,0,33,0,33,0,0,48,0,48,48,0,48,96
07/21/2021,DTN,LA,ASW,CE,Federal Contract Tower,0,0,28,0,28,0,1,55,0,56,0,1,83,0,84,80,0,80,164
07/22/2021,DTN,LA,ASW,CE,Federal Contract Tower,0,0,16,1,17,0,0,52,0,52,0,0,68,1,69,56,0,56,125
07/23/2021,DTN,LA,ASW,CE,Federal Contract Tower,0,0,9,0,9,0,2,39,0,41,0,2,48,0,50,42,0,42,92
07/24/2021,DTN,LA,ASW,CE,Federal Contract Tower,0,0,10,0,10,0,0,44,0,44,0,0,54,0,54,16,0,16,70
07/25/2021,DTN,LA,ASW,CE,Federal Contract Tower,0,0,13,0,13,0,0,55,0,55,0,0,68,0,68,46,0,46,114
07/27/2021,DTN,LA,ASW,CE,Federal Contract Tower,0,0,9,0,9,0,0,31,0,31,0,0,40,0,40,54,0,54,94
07/28/2021,DTN,LA,ASW,CE,Federal Contract Tower,0,0,12,0,12,0,1,32,0,33,0,1,44,0,45,20,0,20,65
07/29/2021,DTN,LA,ASW,CE,Federal Contract Tower,0,0,12,0,12,0,0,37,0,37,0,0,49,0,49,104,0,104,153
07/30/2021,DTN,LA,ASW,CE,Federal Contract Tower,0,0,10,0,10,0,1,72,0,73,0,1,82,0,83,48,0,48,131
07/31/2021,DTN,LA,ASW,CE,Federal Contract Tower,0,0,10,0,10,0,1,46,0,47,0,1,56,0,57,50,0,50,107
08/01/2021,DTN,LA,ASW,CE,Federal Contract Tower,0,0,9,0,9,0,0,22,0,22,0,0,31,0,31,0,0,0,31
08/02/2021,DTN,LA,ASW,CE,Federal Contract Tower,0,0,10,0,10,0,0,11,0,11,0,0,21,0,21,0,0,0,21
08/03/2021,DTN,LA,ASW,CE,Federal Contract Tower,0,0,20,0,20,0,0,58,0,58,0,0,78,0,78,36,0,36,114
08/04/2021,DTN,LA,ASW,CE,Federal Contract Tower,0,0,20,2,22,0,0,95,3,98,0,0,115,5,120,96,0,96,216
08/05/2021,DTN,LA,ASW,CE,Federal Contract Tower,0,0,14,0,14,0,0,80,0,80,0,0,94,0,94,130,0,130,224
08/06/2021,DTN,LA,ASW,CE,Federal Contract Tower,0,1,25,0,26,0,3,41,0,44,0,4,66,0,70,48,0,48,118
08/07/2021,DTN,LA,ASW,CE,Federal Contract Tower,0,0,11,0,11,0,5,62,0,67,0,5,73,0,78,72,0,72,150
08/08/2021,DTN,LA,ASW,CE,Federal Contract Tower,0,0,16,0,16,0,0,30,0,30,0,0,46,0,46,62,0,62,108
08/09/2021,DTN,LA,ASW,CE,Federal Contract Tower,0,1,11,0,12,0,3,37,0,40,0,4,48,0,52,60,0,60,112
08/10/2021,DTN,LA,ASW,CE,Federal Contract Tower,0,1,11,0,12,0,4,25,1,30,0,5,36,1,42,22,0,22,64
08/11/2021,DTN,LA,ASW,CE,Federal Contract Tower,0,0,4,0,4,0,2,40,0,42,0,2,44,0,46,48,0,48,94
08/12/2021,DTN,LA,ASW,CE,Federal Contract Tower,0,0,11,0,11,0,0,64,0,64,0,0,75,0,75,48,0,48,123
08/13/2021,DTN,LA,ASW,CE,Federal Contract Tower,0,1,11,0,12,0,6,51,0,57,0,7,62,0,69,40,0,40,109
08/14/2021,DTN,LA,ASW,CE,Federal Contract Tower,0,1,13,0,14,0,5,52,0,57,0,6,65,0,71,48,0,48,119
08/15/2021,DTN,LA,ASW,CE,Federal Contract Tower,0,0,9,0,9,0,0,51,0,51,0,0,60,0,60,62,0,62,122
08/16/2021,DTN,LA,ASW,CE,Federal Contract Tower,0,0,14,0,14,0,0,43,0,43,0,0,57,0,57,48,0,48,105
08/17/2021,DTN,LA,ASW,CE,Federal Contract Tower,0,0,19,0,19,0,0,32,0,32,0,0,51,0,51,46,0,46,97
08/18/2021,DTN,LA,ASW,CE,Federal Contract Tower,0,0,17,0,17,0,0,10,0,10,0,0,27,0,27,18,0,18,45
08/19/2021,DTN,LA,ASW,CE,Federal Contract Tower,0,0,10,0,10,0,0,14,0,14,0,0,24,0,24,34,0,34,58
08/20/2021,DTN,LA,ASW,CE,Federal Contract Tower,0,0,14,0,14,0,1,32,0,33,0,1,46,0,47,50,0,50,97
08/21/2021,DTN,LA,ASW,CE,Federal Contract Tower,0,1,16,0,17,0,2,52,0,54,0,3,68,0,71,100,0,100,171
08/22/2021,DTN,LA,ASW,CE,Federal Contract Tower,0,0,13,0,13,0,0,52,2,54,0,0,65,2,67,96,0,96,163
08/24/2021,DTN,LA,ASW,CE,Federal Contract Tower,0,0,22,0,22,0,6,65,6,77,0,6,87,6,99,58,0,58,157
08/25/2021,DTN,LA,ASW,CE,Federal Contract Tower,0,0,18,0,18,0,0,61,0,61,0,0,79,0,79,66,0,66,145
08/26/2021,DTN,LA,ASW,CE,Federal Contract Tower,0,0,23,0,23,0,3,66,0,69,0,3,89,0,92,86,0,86,178
08/27/2021,DTN,LA,ASW,CE,Federal Contract Tower,0,1,10,0,11,0,1,50,0,51,0,2,60,0,62,80,0,80,142
08/28/2021,DTN,LA,ASW,CE,Federal Contract Tower,0,2,13,0,15,0,2,33,2,37,0,4,46,2,52,10,0,10,62
08/31/2021,DTN,LA,ASW,CE,Federal Contract Tower,0,0,5,0,5,0,2,56,0,58,0,2,61,0,63,60,0,60,123
09/01/2021,DTN,LA,ASW,CE,Federal Contract Tower,0,0,18,0,18,0,1,44,0,45,0,1,62,0,63,52,0,52,115
09/02/2021,DTN,LA,ASW,CE,Federal Contract Tower,0,0,19,0,19,0,0,57,0,57,0,0,76,0,76,74,0,74,150
09/03/2021,DTN,LA,ASW,CE,Federal Contract Tower,0,0,16,0,16,0,1,51,0,52,0,1,67,0,68,72,0,72,140
09/04/2021,DTN,LA,ASW,CE,Federal Contract Tower,0,0,7,0,7,0,0,26,0,26,0,0,33,0,33,12,0,12,45
09/05/2021,DTN,LA,ASW,CE,Federal Contract Tower,0,0,10,0,10,0,0,24,0,24,0,0,34,0,34,6,0,6,40
09/06/2021,DTN,LA,ASW,CE,Federal Contract Tower,0,0,15,0,15,0,0,56,0,56,0,0,71,0,71,94,0,94,165
09/07/2021,DTN,LA,ASW,CE,Federal Contract Tower,0,0,10,0,10,0,1,44,0,45,0,1,54,0,55,34,0,34,89
09/08/2021,DTN,LA,ASW,CE,Federal Contract Tower,0,0,18,0,18,0,0,57,0,57,0,0,75,0,75,66,0,66,141
09/10/2021,DTN,LA,ASW,CE,Federal Contract Tower,0,0,15,0,15,0,2,79,0,81,0,2,94,0,96,140,0,140,236
09/11/2021,DTN,LA,ASW,CE,Federal Contract Tower,0,0,11,0,11,0,4,67,1,72,0,4,78,1,83,92,0,92,175
09/12/2021,DTN,LA,ASW,CE,Federal Contract Tower,0,0,9,0,9,0,83,0,0,83,0,83,9,0,92,108,0,108,200
09/13/2021,DTN,LA,ASW,CE,Federal Contract Tower,0,0,17,2,19,0,0,29,0,29,0,0,46,2,48,10,2,12,60
09/14/2021,DTN,LA,ASW,CE,Federal Contract Tower,0,0,2,0,2,0,0,29,0,29,0,0,31,0,31,78,0,78,109
09/15/2021,DTN,LA,ASW,CE,Federal Contract Tower,0,0,19,0,19,0,1,41,1,43,0,1,60,1,62,84,0,84,146
09/16/2021,DTN,LA,ASW,CE,Federal Contract Tower,0,0,17,0,17,0,0,36,0,36,0,0,53,0,53,34,0,34,87
09/17/2021,DTN,LA,ASW,CE,Federal Contract Tower,0,2,13,0,15,0,2,2,0,4,0,4,15,0,19,0,0,0,19
09/18/2021,DTN,LA,ASW,CE,Federal Contract Tower,0,0,10,0,10,0,0,4,0,4,0,0,14,0,14,4,0,4,18
09/19/2021,DTN,LA,ASW,CE,Federal Contract Tower,0,0,26,0,26,0,0,35,0,35,0,0,61,0,61,84,0,84,145
09/20/2021,DTN,LA,ASW,CE,Federal Contract Tower,0,1,20,0,21,0,2,38,0,40,0,3,58,0,61,44,0,44,105
09/21/2021,DTN,LA,ASW,CE,Federal Contract Tower,0,0,7,0,7,0,1,15,0,16,0,1,22,0,23,22,0,22,45
09/22/2021,DTN,LA,ASW,CE,Federal Contract Tower,0,0,21,0,21,0,1,65,0,66,0,1,86,0,87,40,0,40,127
09/23/2021,DTN,LA,ASW,CE,Federal Contract Tower,0,0,23,0,23,0,0,85,0,85,0,0,108,0,108,106,0,106,214
09/24/2021,DTN,LA,ASW,CE,Federal Contract Tower,0,0,6,0,6,0,2,52,1,55,0,2,58,1,61,56,0,56,117
09/25/2021,DTN,LA,ASW,CE,Federal Contract Tower,0,0,13,0,13,0,3,63,0,66,0,3,76,0,79,72,0,72,151
09/26/2021,DTN,LA,ASW,CE,Federal Contract Tower,0,0,10,0,10,0,0,52,0,52,0,0,62,0,62,40,0,40,102
09/27/2021,DTN,LA,ASW,CE,Federal Contract Tower,0,2,9,0,11,0,0,56,0,56,0,2,65,0,67,84,0,84,151
09/28/2021,DTN,LA,ASW,CE,Federal Contract Tower,0,0,15,0,15,0,0,15,0,15,0,0,30,0,30,6,0,6,36
09/29/2021,DTN,LA,ASW,CE,Federal Contract Tower,0,0,13,0,13,0,0,28,0,28,0,0,41,0,41,46,0,46,87
09/30/2021,DTN,LA,ASW,CE,Federal Contract Tower,0,0,17,0,17,0,0,29,0,29,0,0,46,0,46,18,0,18,64
10/01/2021,DTN,LA,ASW,CE,Federal Contract Tower,0,0,12,0,12,0,0,8,0,8,0,0,20,0,20,10,0,10,30
10/02/2021,DTN,LA,ASW,CE,Federal Contract Tower,0,0,8,0,8,0,1,17,0,18,0,1,25,0,26,40,0,40,66
10/03/2021,DTN,LA,ASW,CE,Federal Contract Tower,0,0,14,0,14,0,0,60,0,60,0,0,74,0,74,112,0,112,186
10/04/2021,DTN,LA,ASW,CE,Federal Contract Tower,0,0,18,0,18,0,0,72,1,73,0,0,90,1,91,100,0,100,191
10/05/2021,DTN,LA,ASW,CE,Federal Contract Tower,0,0,18,0,18,0,0,69,7,76,0,0,87,7,94,124,0,124,218
10/06/2021,DTN,LA,ASW,CE,Federal Contract Tower,0,0,11,0,11,0,0,60,2,62,0,0,71,2,73,132,0,132,205
10/07/2021,DTN,LA,ASW,CE,Federal Contract Tower,0,0,15,0,15,0,0,78,0,78,0,0,93,0,93,158,0,158,251
10/08/2021,DTN,LA,ASW,CE,Federal Contract Tower,0,2,23,0,25,0,3,54,0,57,0,5,77,0,82,36,0,36,118
10/09/2021,DTN,LA,ASW,CE,Federal Contract Tower,0,0,8,0,8,0,6,37,0,43,0,6,45,0,51,52,0,52,103
10/10/2021,DTN,LA,ASW,CE,Federal Contract Tower,0,0,27,0,27,0,0,29,0,29,0,0,56,0,56,26,0,26,82
10/12/2021,DTN,LA,ASW,CE,Federal Contract Tower,0,2,11,0,13,0,0,53,0,53,0,2,64,0,66,154,0,154,220
10/13/2021,DTN,LA,ASW,CE,Federal Contract Tower,0,0,15,0,15,0,1,50,1,52,0,1,65,1,67,14,0,14,81
10/14/2021,DTN,LA,ASW,CE,Federal Contract Tower,0,0,10,0,10,0,0,31,0,31,0,0,41,0,41,22,0,22,63
10/15/2021,DTN,LA,ASW,CE,Federal Contract Tower,0,0,13,0,13,0,3,28,1,32,0,3,41,1,45,0,0,0,45
10/16/2021,DTN,LA,ASW,CE,Federal Contract Tower,0,0,21,0,21,0,2,44,0,46,0,2,65,0,67,74,2,76,143
10/17/2021,DTN,LA,ASW,CE,Federal Contract Tower,0,0,18,0,18,0,4,70,0,74,0,4,88,0,92,74,0,74,166
10/18/2021,DTN,LA,ASW,CE,Federal Contract Tower,0,1,18,0,19,0,0,66,0,66,0,1,84,0,85,48,0,48,133
10/19/2021,DTN,LA,ASW,CE,Federal Contract Tower,0,0,5,0,5,0,0,58,1,59,0,0,63,1,64,48,0,48,112
10/20/2021,DTN,LA,ASW,CE,Federal Contract Tower,0,0,19,0,19,0,0,93,0,93,0,0,112,0,112,144,0,144,256
10/21/2021,DTN,LA,ASW,CE,Federal Contract Tower,0,0,15,0,15,0,0,74,0,74,0,0,89,0,89,100,0,100,189
10/22/2021,DTN,LA,ASW,CE,Federal Contract Tower,0,1,16,0,17,0,5,40,2,47,0,6,56,2,64,40,0,40,104
10/23/2021,DTN,LA,ASW,CE,Federal Contract Tower,0,0,15,0,15,0,2,32,0,34,0,2,47,0,49,26,0,26,75
10/24/2021,DTN,LA,ASW,CE,Federal Contract Tower,0,0,17,0,17,0,0,43,0,43,0,0,60,0,60,24,0,24,84
10/25/2021,DTN,LA,ASW,CE,Federal Contract Tower,0,0,11,0,11,0,1,35,0,36,0,1,46,0,47,42,0,42,89
10/26/2021,DTN,LA,ASW,CE,Federal Contract Tower,0,0,12,0,12,0,0,65,2,67,0,0,77,2,79,72,0,72,151
10/27/2021,DTN,LA,ASW,CE,Federal Contract Tower,0,0,3,0,3,0,0,11,0,11,0,0,14,0,14,0,0,0,14
10/28/2021,DTN,LA,ASW,CE,Federal Contract Tower,0,0,10,0,10,0,0,13,0,13,0,0,23,0,23,0,0,0,23
10/29/2021,DTN,LA,ASW,CE,Federal Contract Tower,0,0,17,0,17,0,0,9,0,9,0,0,26,0,26,0,0,0,26
10/30/2021,DTN,LA,ASW,CE,Federal Contract Tower,0,0,3,0,3,0,0,71,0,71,0,0,74,0,74,64,0,64,138
10/31/2021,DTN,LA,ASW,CE,Federal Contract Tower,0,1,23,0,24,0,1,82,0,83,0,2,105,0,107,42,0,42,149
11/01/2021,DTN,LA,ASW,CE,Federal Contract Tower,0,0,26,0,26,0,3,61,0,64,0,3,87,0,90,42,0,42,132
11/02/2021,DTN,LA,ASW,CE,Federal Contract Tower,0,0,12,0,12,0,0,41,0,41,0,0,53,0,53,28,0,28,81
11/03/2021,DTN,LA,ASW,CE,Federal Contract Tower,0,0,10,0,10,0,0,0,0,0,0,0,10,0,10,0,0,0,10
11/04/2021,DTN,LA,ASW,CE,Federal Contract Tower,0,1,17,0,18,0,0,71,0,71,0,1,88,0,89,42,0,42,131
11/05/2021,DTN,LA,ASW,CE,Federal Contract Tower,0,2,16,0,18,0,7,89,0,96,0,9,105,0,114,80,0,80,194
11/06/2021,DTN,LA,ASW,CE,Federal Contract Tower,0,2,14,0,16,0,2,40,0,42,0,4,54,0,58,10,0,10,68
11/07/2021,DTN,LA,ASW,CE,Federal Contract Tower,0,0,15,0,15,0,2,91,0,93,0,2,106,0,108,80,0,80,188
11/08/2021,DTN,LA,ASW,CE,Federal Contract Tower,0,0,16,0,16,0,2,47,0,49,0,2,63,0,65,84,0,84,149
11/09/2021,DTN,LA,ASW,CE,Federal Contract Tower,0,0,13,0,13,0,1,31,0,32,0,1,44,0,45,105,0,105,150
11/10/2021,DTN,LA,ASW,CE,Federal Contract Tower,0,0,13,0,13,0,0,45,0,45,0,0,58,0,58,36,0,36,94
11/11/2021,DTN,LA,ASW,CE,Federal Contract Tower,0,1,10,0,11,0,0,40,0,40,0,1,50,0,51,62,0,62,113
11/12/2021,DTN,LA,ASW,CE,Federal Contract Tower,0,0,22,0,22,0,1,46,0,47,0,1,68,0,69,42,0,42,111
11/13/2021,DTN,LA,ASW,CE,Federal Contract Tower,0,0,4,0,4,0,3,57,0,60,0,3,61,0,64,46,0,46,110
11/14/2021,DTN,LA,ASW,CE,Federal Contract Tower,0,0,21,0,21,0,0,57,0,57,0,0,78,0,78,22,0,22,100
11/16/2021,DTN,LA,ASW,CE,Federal Contract Tower,0,0,34,0,34,0,0,23,1,24,0,0,57,1,58,6,0,6,64
11/17/2021,DTN,LA,ASW,CE,Federal Contract Tower,0,0,12,0,12,0,1,25,0,26,0,1,37,0,38,12,0,12,50
11/18/2021,DTN,LA,ASW,CE,Federal Contract Tower,0,0,20,0,20,0,0,25,0,25,0,0,45,0,45,3,0,3,48
11/19/2021,DTN,LA,ASW,CE,Federal Contract Tower,0,0,14,0,14,0,5,65,0,70,0,5,79,0,84,100,0,100,184
11/20/2021,DTN,LA,ASW,CE,Federal Contract Tower,0,0,17,0,17,0,1,66,0,67,0,1,83,0,84,40,0,40,124
11/21/2021,DTN,LA,ASW,CE,Federal Contract Tower,0,0,11,0,11,0,0,3,0,3,0,0,14,0,14,0,0,0,14
11/22/2021,DTN,LA,ASW,CE,Federal Contract Tower,0,0,6,0,6,0,2,54,0,56,0,2,60,0,62,102,0,102,164
11/23/2021,DTN,LA,ASW,CE,Federal Contract Tower,0,2,18,0,20,0,2,34,0,36,0,4,52,0,56,24,0,24,80
11/24/2021,DTN,LA,ASW,CE,Federal Contract Tower,0,0,8,0,8,0,0,37,0,37,0,0,45,0,45,18,0,18,63
11/25/2021,DTN,LA,ASW,CE,Federal Contract Tower,0,0,1,0,1,0,0,1,0,1,0,0,2,0,2,0,0,0,2
11/26/2021,DTN,LA,ASW,CE,Federal Contract Tower,0,0,16,0,16,0,0,36,0,36,0,0,52,0,52,62,0,62,114
11/27/2021,DTN,LA,ASW,CE,Federal Contract Tower,0,0,20,0,20,0,0,28,0,28,0,0,48,0,48,30,0,30,78
11/28/2021,DTN,LA,ASW,CE,Federal Contract Tower,0,0,20,0,20,0,0,29,0,29,0,0,49,0,49,0,0,0,49
11/29/2021,DTN,LA,ASW,CE,Federal Contract Tower,0,2,14,0,16,0,0,49,0,49,0,2,63,0,65,96,0,96,161
11/30/2021,DTN,LA,ASW,CE,Federal Contract Tower,0,2,23,0,25,0,0,58,2,60,0,2,81,2,85,30,0,30,115
12/01/2021,DTN,LA,ASW,CE,Federal Contract Tower,0,0,25,0,25,0,4,51,0,55,0,4,76,0,80,42,0,42,122
12/02/2021,DTN,LA,ASW,CE,Federal Contract Tower,0,0,17,0,17,0,0,72,2,74,0,0,89,2,91,36,0,36,127
12/03/2021,DTN,LA,ASW,CE,Federal Contract Tower,0,0,4,0,4,0,0,7,0,7,0,0,11,0,11,8,0,8,19
12/04/2021,DTN,LA,ASW,CE,Federal Contract Tower,0,0,10,0,10,0,0,32,0,32,0,0,42,0,42,4,0,4,46
12/05/2021,DTN,LA,ASW,CE,Federal Contract Tower,0,0,22,0,22,0,0,25,0,25,0,0,47,0,47,24,0,24,71
12/06/2021,DTN,LA,ASW,CE,Federal Contract Tower,0,0,14,0,14,0,0,11,0,11,0,0,25,0,25,0,0,0,25
12/07/2021,DTN,LA,ASW,CE,Federal Contract Tower,0,0,29,0,29,0,3,19,1,23,0,3,48,1,52,108,0,108,160
12/08/2021,DTN,LA,ASW,CE,Federal Contract Tower,0,0,15,0,15,0,0,81,1,82,0,0,96,1,97,154,0,154,251
12/09/2021,DTN,LA,ASW,CE,Federal Contract Tower,0,0,21,0,21,0,0,8,0,8,0,0,29,0,29,20,0,20,49
12/10/2021,DTN,LA,ASW,CE,Federal Contract Tower,0,0,16,0,16,0,1,5,0,6,0,1,21,0,22,0,0,0,22
12/11/2021,DTN,LA,ASW,CE,Federal Contract Tower,0,0,8,0,8,0,0,35,0,35,0,0,43,0,43,90,0,90,133
12/12/2021,DTN,LA,ASW,CE,Federal Contract Tower,0,0,13,0,13,0,86,2,0,88,0,86,15,0,101,164,0,164,265
12/13/2021,DTN,LA,ASW,CE,Federal Contract Tower,0,0,15,0,15,0,0,44,0,44,0,0,59,0,59,70,0,70,129
12/14/2021,DTN,LA,ASW,CE,Federal Contract Tower,0,0,18,0,18,0,0,13,0,13,0,0,31,0,31,14,0,14,45
12/15/2021,DTN,LA,ASW,CE,Federal Contract Tower,0,0,31,0,31,0,0,21,0,21,0,0,52,0,52,10,0,10,62
12/16/2021,DTN,LA,ASW,CE,Federal Contract Tower,0,0,18,0,18,0,0,12,0,12,0,0,30,0,30,18,0,18,48
12/17/2021,DTN,LA,ASW,CE,Federal Contract Tower,0,0,20,0,20,0,0,18,0,18,0,0,38,0,38,8,0,8,46
12/18/2021,DTN,LA,ASW,CE,Federal Contract Tower,0,0,4,0,4,0,0,1,0,1,0,0,5,0,5,0,0,0,5
12/19/2021,DTN,LA,ASW,CE,Federal Contract Tower,0,0,16,0,16,0,0,44,0,44,0,0,60,0,60,102,0,102,162
12/20/2021,DTN,LA,ASW,CE,Federal Contract Tower,0,0,13,0,13,0,0,1,0,1,0,0,14,0,14,0,0,0,14
12/21/2021,DTN,LA,ASW,CE,Federal Contract Tower,0,0,15,0,15,0,0,63,0,63,0,0,78,0,78,32,0,32,110
12/22/2021,DTN,LA,ASW,CE,Federal Contract Tower,0,0,8,0,8,0,2,64,0,66,0,2,72,0,74,34,0,34,108
12/23/2021,DTN,LA,ASW,CE,Federal Contract Tower,0,0,18,0,18,0,0,33,0,33,0,0,51,0,51,4,0,4,55
12/24/2021,DTN,LA,ASW,CE,Federal Contract Tower,0,0,12,0,12,0,0,5,0,5,0,0,17,0,17,0,0,0,17
12/25/2021,DTN,LA,ASW,CE,Federal Contract Tower,0,0,2,0,2,0,0,4,0,4,0,0,6,0,6,0,0,0,6
12/26/2021,DTN,LA,ASW,CE,Federal Contract Tower,0,0,14,0,14,0,0,16,0,16,0,0,30,0,30,36,0,36,66
12/27/2021,DTN,LA,ASW,CE,Federal Contract Tower,0,0,13,0,13,0,0,23,0,23,0,0,36,0,36,50,0,50,86
12/28/2021,DTN,LA,ASW,CE,Federal Contract Tower,0,0,20,0,20,0,0,13,0,13,0,0,33,0,33,2,0,2,35
12/29/2021,DTN,LA,ASW,CE,Federal Contract Tower,0,0,14,0,14,0,0,21,0,21,0,0,35,0,35,72,0,72,107
12/30/2021,DTN,LA,ASW,CE,Federal Contract Tower,0,0,13,0,13,0,0,64,0,64,0,0,77,0,77,90,0,90,167
12/31/2021,DTN,LA,ASW,CE,Federal Contract Tower,0,0,24,0,24,0,0,18,0,18,0,0,42,0,42,70,0,70,112
01/01/2022,DTN,LA,ASW,CE,Federal Contract Tower,0,0,3,0,3,0,0,1,0,1,0,0,4,0,4,0,0,0,4
01/02/2022,DTN,LA,ASW,CE,Federal Contract Tower,0,0,11,0,11,0,0,9,0,9,0,0,20,0,20,0,0,0,20
01/03/2022,DTN,LA,ASW,CE,Federal Contract Tower,0,0,22,0,22,0,4,73,0,77,0,4,95,0,99,112,0,112,211
01/04/2022,DTN,LA,ASW,CE,Federal Contract Tower,0,0,12,0,12,0,0,47,0,47,0,0,59,0,59,48,0,48,107
01/05/2022,DTN,LA,ASW,CE,Federal Contract Tower,0,0,10,0,10,0,0,27,0,27,0,0,37,0,37,34,0,34,71
01/06/2022,DTN,LA,ASW,CE,Federal Contract Tower,0,0,11,0,11,0,0,11,0,11,0,0,22,0,22,10,0,10,32
01/07/2022,DTN,LA,ASW,CE,Federal Contract Tower,0,4,21,0,25,0,6,47,0,53,0,10,68,0,78,32,0,32,110
01/08/2022,DTN,LA,ASW,CE,Federal Contract Tower,0,0,8,0,8,0,2,0,0,2,0,2,8,0,10,0,0,0,10
01/09/2022,DTN,LA,ASW,CE,Federal Contract Tower,0,0,17,0,17,0,1,17,0,18,0,1,34,0,35,16,0,16,51
01/10/2022,DTN,LA,ASW,CE,Federal Contract Tower,0,3,16,0,19,0,2,38,0,40,0,5,54,0,59,54,0,54,113
01/11/2022,DTN,LA,ASW,CE,Federal Contract Tower,0,1,18,0,19,0,3,59,1,63,0,4,77,1,82,74,0,74,156
01/12/2022,DTN,LA,ASW,CE,Federal Contract Tower,0,0,14,0,14,0,2,65,0,67,0,2,79,0,81,80,0,80,161
01/13/2022,DTN,LA,ASW,CE,Federal Contract Tower,0,0,10,0,10,0,0,72,0,72,0,0,82,0,82,58,0,58,140
01/14/2022,DTN,LA,ASW,CE,Federal Contract Tower,0,0,21,0,21,0,0,63,0,63,0,0,84,0,84,48,0,48,132
01/15/2022,DTN,LA,ASW,CE,Federal Contract Tower,0,0,2,0,2,0,0,5,0,5,0,0,7,0,7,10,0,10,17
01/16/2022,DTN,LA,ASW,CE,Federal Contract Tower,0,0,14,0,14,0,0,36,0,36,0,0,50,0,50,54,0,54,104
01/17/2022,DTN,LA,ASW,CE,Federal Contract Tower,0,0,15,0,15,0,2,71,1,74,0,2,86,1,89,122,0,122,211
01/18/2022,DTN,LA,ASW,CE,Federal Contract Tower,0,0,13,0,13,0,1,23,0,24,0,1,36,0,37,6,0,6,43
01/19/2022,DTN,LA,ASW,CE,Federal Contract Tower,0,0,6,0,6,0,1,10,0,11,0,1,16,0,17,26,0,26,43
01/20/2022,DTN,LA,ASW,CE,Federal Contract Tower,0,0,8,0,8,0,0,7,0,7,0,0,15,0,15,22,0,22,37
01/21/2022,DTN,LA,ASW,CE,Federal Contract Tower,0,0,13,0,13,0,0,37,0,37,0,0,50,0,50,88,0,88,138
01/22/2022,DTN,LA,ASW,CE,Federal Contract Tower,0,0,14,0,14,0,5,56,0,61,0,5,70,0,75,32,0,32,107
01/23/2022,DTN,LA,ASW,CE,Federal Contract Tower,0,0,23,0,23,0,1,55,0,56,0,1,78,0,79,112,0,112,191
01/24/2022,DTN,LA,ASW,CE,Federal Contract Tower,0,0,10,0,10,0,0,18,0,18,0,0,28,0,28,20,0,20,48
01/25/2022,DTN,LA,ASW,CE,Federal Contract Tower,0,0,12,0,12,0,0,20,0,20,0,0,32,0,32,48,0,48,80
01/26/2022,DTN,LA,ASW,CE,Federal Contract Tower,0,0,12,0,12,0,1,72,0,73,0,1,84,0,85,236,0,236,321
01/27/2022,DTN,LA,ASW,CE,Federal Contract Tower,0,0,15,0,15,0,0,88,0,88,0,0,103,0,103,86,0,86,189
01/28/2022,DTN,LA,ASW,CE,Federal Contract Tower,0,0,20,0,20,0,0,41,0,41,0,0,61,0,61,40,0,40,101
01/29/2022,DTN,LA,ASW,CE,Federal Contract Tower,0,0,16,0,16,0,4,60,2,66,0,4,76,2,82,82,6,88,170
01/30/2022,DTN,LA,ASW,CE,Federal Contract Tower,0,0,13,0,13,0,0,51,0,51,0,0,64,0,64,10,0,10,74
01/31/2022,DTN,LA,ASW,CE,Federal Contract Tower,0,0,13,0,13,0,1,47,0,48,0,1,60,0,61,50,0,50,111
02/01/2022,DTN,LA,ASW,CE,Federal Contract Tower,0,0,19,0,19,0,0,10,0,10,0,0,29,0,29,12,0,12,41
02/02/2022,DTN,LA,ASW,CE,Federal Contract Tower,0,0,15,0,15,0,1,12,0,13,0,1,27,0,28,32,0,32,60
02/03/2022,DTN,LA,ASW,CE,Federal Contract Tower,0,0,0,0,0,0,0,0,0,0,0,0,0,0,0,0,0,0,0
02/04/2022,DTN,LA,ASW,CE,Federal Contract Tower,0,0,4,0,4,0,0,4,0,4,0,0,8,0,8,4,0,4,12
02/05/2022,DTN,LA,ASW,CE,Federal Contract Tower,0,0,15,0,15,0,2,71,0,73,0,2,86,0,88,122,0,122,210
02/06/2022,DTN,LA,ASW,CE,Federal Contract Tower,0,0,14,0,14,0,1,74,0,75,0,1,88,0,89,84,0,84,173
02/07/2022,DTN,LA,ASW,CE,Federal Contract Tower,0,1,14,0,15,0,0,52,6,58,0,1,66,6,73,44,0,44,117
02/08/2022,DTN,LA,ASW,CE,Federal Contract Tower,0,0,24,0,24,0,0,67,2,69,0,0,91,2,93,94,0,94,187
02/09/2022,DTN,LA,ASW,CE,Federal Contract Tower,0,1,19,0,20,0,0,62,0,62,0,1,81,0,82,76,0,76,158
02/10/2022,DTN,LA,ASW,CE,Federal Contract Tower,0,0,28,2,30,0,0,85,0,85,0,0,113,2,115,80,2,82,197
02/11/2022,DTN,LA,ASW,CE,Federal Contract Tower,0,0,22,0,22,0,0,63,0,63,0,0,85,0,85,102,0,102,187
02/12/2022,DTN,LA,ASW,CE,Federal Contract Tower,0,0,13,0,13,0,2,9,0,11,0,2,22,0,24,54,0,54,78
02/13/2022,DTN,LA,ASW,CE,Federal Contract Tower,0,0,14,0,14,0,2,49,0,51,0,2,63,0,65,96,0,96,161
02/14/2022,DTN,LA,ASW,CE,Federal Contract Tower,0,0,14,0,14,0,1,70,0,71,0,1,84,0,85,124,0,124,209
02/15/2022,DTN,LA,ASW,CE,Federal Contract Tower,0,0,25,0,25,0,2,60,0,62,0,2,85,0,87,52,0,52,139
02/16/2022,DTN,LA,ASW,CE,Federal Contract Tower,0,0,21,0,21,0,0,15,0,15,0,0,36,0,36,18,0,18,54
02/17/2022,DTN,LA,ASW,CE,Federal Contract Tower,0,0,5,0,5,0,1,6,0,7,0,1,11,0,12,0,0,0,12
02/18/2022,DTN,LA,ASW,CE,Federal Contract Tower,0,0,32,0,32,0,2,72,0,74,0,2,104,0,106,94,0,94,200
02/19/2022,DTN,LA,ASW,CE,Federal Contract Tower,0,0,21,0,21,0,5,106,0,111,0,5,127,0,132,120,0,120,252
02/20/2022,DTN,LA,ASW,CE,Federal Contract Tower,0,0,30,0,30,0,0,69,0,69,0,0,99,0,99,80,0,80,179
02/21/2022,DTN,LA,ASW,CE,Federal Contract Tower,0,0,15,0,15,0,0,12,0,12,0,0,27,0,27,0,0,0,27
02/22/2022,DTN,LA,ASW,CE,Federal Contract Tower,0,0,19,0,19,0,0,16,2,18,0,0,35,2,37,12,0,12,49
02/23/2022,DTN,LA,ASW,CE,Federal Contract Tower,0,0,15,0,15,0,0,3,0,3,0,0,18,0,18,0,0,0,18
02/24/2022,DTN,LA,ASW,CE,Federal Contract Tower,0,0,8,0,8,0,0,0,0,0,0,0,8,0,8,0,0,0,8
02/25/2022,DTN,LA,ASW,CE,Federal Contract Tower,0,0,17,0,17,0,1,19,0,20,0,1,36,0,37,0,0,0,37
02/26/2022,DTN,LA,ASW,CE,Federal Contract Tower,0,0,0,0,0,0,0,0,0,0,0,0,0,0,0,0,0,0,0
02/27/2022,DTN,LA,ASW,CE,Federal Contract Tower,0,0,15,0,15,0,0,48,0,48,0,0,63,0,63,80,0,80,143
02/28/2022,DTN,LA,ASW,CE,Federal Contract Tower,0,0,19,0,19,0,0,71,0,71,0,0,90,0,90,148,0,148,238
03/01/2022,DTN,LA,ASW,CE,Federal Contract Tower,0,0,10,0,10,0,2,56,0,58,0,2,66,0,68,104,0,104,172
03/02/2022,DTN,LA,ASW,CE,Federal Contract Tower,0,0,15,0,15,0,2,74,0,76,0,2,89,0,91,138,0,138,229
03/03/2022,DTN,LA,ASW,CE,Federal Contract Tower,0,0,20,0,20,0,0,93,3,96,0,0,113,3,116,174,0,174,290
03/04/2022,DTN,LA,ASW,CE,Federal Contract Tower,0,0,8,0,8,0,0,58,0,58,0,0,66,0,66,40,0,40,106
03/05/2022,DTN,LA,ASW,CE,Federal Contract Tower,0,0,18,0,18,0,0,22,0,22,0,0,40,0,40,12,0,12,52
03/06/2022,DTN,LA,ASW,CE,Federal Contract Tower,0,0,17,0,17,0,0,25,0,25,0,0,42,0,42,78,0,78,120
03/07/2022,DTN,LA,ASW,CE,Federal Contract Tower,0,0,6,0,6,0,0,31,0,31,0,0,37,0,37,118,0,118,155
03/08/2022,DTN,LA,ASW,CE,Federal Contract Tower,0,0,4,0,4,0,1,5,0,6,0,1,9,0,10,0,0,0,10
03/09/2022,DTN,LA,ASW,CE,Federal Contract Tower,0,0,22,0,22,0,0,47,3,50,0,0,69,3,72,66,0,66,138
03/10/2022,DTN,LA,ASW,CE,Federal Contract Tower,0,0,22,0,22,0,0,81,4,85,0,0,103,4,107,168,0,168,275
03/11/2022,DTN,LA,ASW,CE,Federal Contract Tower,0,0,17,0,17,0,2,33,0,35,0,2,50,0,52,30,0,30,82
03/12/2022,DTN,LA,ASW,CE,Federal Contract Tower,0,3,14,0,17,0,0,53,0,53,0,3,67,0,70,68,0,68,138
03/13/2022,DTN,LA,ASW,CE,Federal Contract Tower,0,0,23,0,23,0,0,81,0,81,0,0,104,0,104,66,0,66,170
03/14/2022,DTN,LA,ASW,CE,Federal Contract Tower,0,0,16,0,16,0,0,26,0,26,0,0,42,0,42,82,0,82,124
03/15/2022,DTN,LA,ASW,CE,Federal Contract Tower,0,0,21,0,21,0,1,7,0,8,0,1,28,0,29,0,0,0,29
03/16/2022,DTN,LA,ASW,CE,Federal Contract Tower,0,0,24,0,24,0,4,94,0,98,0,4,118,0,122,180,0,180,302
03/17/2022,DTN,LA,ASW,CE,Federal Contract Tower,0,0,11,0,11,0,1,68,0,69,0,1,79,0,80,48,0,48,128
03/18/2022,DTN,LA,ASW,CE,Federal Contract Tower,0,0,11,0,11,0,7,15,0,22,0,7,26,0,33,0,0,0,33
03/19/2022,DTN,LA,ASW,CE,Federal Contract Tower,0,0,12,0,12,0,4,84,0,88,0,4,96,0,100,72,0,72,172
03/20/2022,DTN,LA,ASW,CE,Federal Contract Tower,0,0,15,0,15,0,2,75,0,77,0,2,90,0,92,72,0,72,164
03/21/2022,DTN,LA,ASW,CE,Federal Contract Tower,0,0,6,0,6,0,0,2,0,2,0,0,8,0,8,0,0,0,8
03/22/2022,DTN,LA,ASW,CE,Federal Contract Tower,0,0,5,0,5,0,1,1,0,2,0,1,6,0,7,0,0,0,7
03/23/2022,DTN,LA,ASW,CE,Federal Contract Tower,0,0,8,0,8,0,0,0,0,0,0,0,8,0,8,64,0,64,72
03/24/2022,DTN,LA,ASW,CE,Federal Contract Tower,0,0,11,0,11,0,12,64,0,76,0,12,75,0,87,124,0,124,211
03/25/2022,DTN,LA,ASW,CE,Federal Contract Tower,0,2,11,0,13,0,2,71,0,73,0,4,82,0,86,68,0,68,154
03/26/2022,DTN,LA,ASW,CE,Federal Contract Tower,0,0,10,0,10,0,1,76,0,77,0,1,86,0,87,126,0,126,213
03/27/2022,DTN,LA,ASW,CE,Federal Contract Tower,0,0,17,0,17,0,1,54,0,55,0,1,71,0,72,94,0,94,166
03/28/2022,DTN,LA,ASW,CE,Federal Contract Tower,0,0,21,0,21,0,1,53,0,54,0,1,74,0,75,58,0,58,133
03/29/2022,DTN,LA,ASW,CE,Federal Contract Tower,0,0,24,0,24,0,1,12,4,17,0,1,36,4,41,22,0,22,63
03/30/2022,DTN,LA,ASW,CE,Federal Contract Tower,0,0,7,0,7,0,0,12,0,12,0,0,19,0,19,14,0,14,33
03/31/2022,DTN,LA,ASW,CE,Federal Contract Tower,0,0,15,0,15,0,0,74,0,74,0,0,89,0,89,78,0,78,167
04/01/2022,DTN,LA,ASW,CE,Federal Contract Tower,0,0,15,0,15,0,1,44,4,49,0,1,59,4,64,46,0,46,110
04/02/2022,DTN,LA,ASW,CE,Federal Contract Tower,0,0,9,0,9,0,1,74,0,75,0,1,83,0,84,46,0,46,130
04/03/2022,DTN,LA,ASW,CE,Federal Contract Tower,0,0,15,0,15,0,0,76,2,78,0,0,91,2,93,104,0,104,197
04/04/2022,DTN,LA,ASW,CE,Federal Contract Tower,0,0,22,0,22,0,0,34,0,34,0,0,56,0,56,56,0,56,112
04/05/2022,DTN,LA,ASW,CE,Federal Contract Tower,0,0,22,0,22,0,0,26,0,26,0,0,48,0,48,52,0,52,100
04/06/2022,DTN,LA,ASW,CE,Federal Contract Tower,0,3,25,0,28,0,0,14,0,14,0,3,39,0,42,20,0,20,62
04/07/2022,DTN,LA,ASW,CE,Federal Contract Tower,0,0,27,0,27,0,0,47,4,51,0,0,74,4,78,22,0,22,100
04/08/2022,DTN,LA,ASW,CE,Federal Contract Tower,0,0,6,0,6,0,0,13,0,13,0,0,19,0,19,0,0,0,19
04/09/2022,DTN,LA,ASW,CE,Federal Contract Tower,0,0,8,0,8,0,0,72,0,72,0,0,80,0,80,88,0,88,168
04/10/2022,DTN,LA,ASW,CE,Federal Contract Tower,0,0,13,0,13,0,0,22,0,22,0,0,35,0,35,0,0,0,35
04/11/2022,DTN,LA,ASW,CE,Federal Contract Tower,0,0,15,0,15,0,0,13,0,13,0,0,28,0,28,0,0,0,28
04/12/2022,DTN,LA,ASW,CE,Federal Contract Tower,0,0,17,0,17,0,0,8,0,8,0,0,25,0,25,26,0,26,51
04/13/2022,DTN,LA,ASW,CE,Federal Contract Tower,0,0,4,0,4,0,0,14,0,14,0,0,18,0,18,0,0,0,18
04/14/2022,DTN,LA,ASW,CE,Federal Contract Tower,0,0,18,0,18,0,0,103,0,103,0,0,121,0,121,168,0,168,289
04/15/2022,DTN,LA,ASW,CE,Federal Contract Tower,0,0,18,0,18,0,0,26,0,26,0,0,44,0,44,86,0,86,130
04/16/2022,DTN,LA,ASW,CE,Federal Contract Tower,0,0,10,0,10,0,0,17,0,17,0,0,27,0,27,46,0,46,73
04/17/2022,DTN,LA,ASW,CE,Federal Contract Tower,0,0,5,0,5,0,0,2,0,2,0,0,7,0,7,0,0,0,7
04/18/2022,DTN,LA,ASW,CE,Federal Contract Tower,0,0,13,0,13,0,0,51,0,51,0,0,64,0,64,120,0,120,184
04/19/2022,DTN,LA,ASW,CE,Federal Contract Tower,0,1,20,0,21,0,0,66,4,70,0,1,86,4,91,128,0,128,219
04/20/2022,DTN,LA,ASW,CE,Federal Contract Tower,0,1,14,0,15,0,0,20,1,21,0,1,34,1,36,8,0,8,44
04/21/2022,DTN,LA,ASW,CE,Federal Contract Tower,0,0,41,0,41,0,0,29,0,29,0,0,70,0,70,58,0,58,128
04/22/2022,DTN,LA,ASW,CE,Federal Contract Tower,0,2,13,0,15,0,1,53,0,54,0,3,66,0,69,110,0,110,179
04/23/2022,DTN,LA,ASW,CE,Federal Contract Tower,0,0,17,0,17,0,2,30,0,32,0,2,47,0,49,50,0,50,99
04/24/2022,DTN,LA,ASW,CE,Federal Contract Tower,0,0,15,0,15,0,0,41,0,41,0,0,56,0,56,6,0,6,62
04/25/2022,DTN,LA,ASW,CE,Federal Contract Tower,0,0,15,0,15,0,0,6,0,6,0,0,21,0,21,12,0,12,33
04/26/2022,DTN,LA,ASW,CE,Federal Contract Tower,0,0,15,0,15,0,0,57,0,57,0,0,72,0,72,132,0,132,204
04/27/2022,DTN,LA,ASW,CE,Federal Contract Tower,0,2,19,0,21,0,3,116,0,119,0,5,135,0,140,148,0,148,288
04/28/2022,DTN,LA,ASW,CE,Federal Contract Tower,0,0,18,0,18,0,0,76,0,76,0,0,94,0,94,94,0,94,188
04/29/2022,DTN,LA,ASW,CE,Federal Contract Tower,0,0,17,0,17,0,5,48,0,53,0,5,65,0,70,32,0,32,102
04/30/2022,DTN,LA,ASW,CE,Federal Contract Tower,0,1,11,0,12,0,1,20,0,21,0,2,31,0,33,18,0,18,51
05/01/2022,DTN,LA,ASW,CE,Federal Contract Tower,0,0,16,0,16,0,0,93,0,93,0,0,109,0,109,84,0,84,193
05/02/2022,DTN,LA,ASW,CE,Federal Contract Tower,0,2,27,0,29,0,0,40,0,40,0,2,67,0,69,16,0,16,85
05/03/2022,DTN,LA,ASW,CE,Federal Contract Tower,0,0,16,0,16,0,0,24,0,24,0,0,40,0,40,66,0,66,106
05/04/2022,DTN,LA,ASW,CE,Federal Contract Tower,0,0,13,0,13,0,1,23,0,24,0,1,36,0,37,68,0,68,105
05/05/2022,DTN,LA,ASW,CE,Federal Contract Tower,0,0,16,0,16,0,0,0,0,0,0,0,16,0,16,0,0,0,16
05/06/2022,DTN,LA,ASW,CE,Federal Contract Tower,0,0,21,0,21,0,4,60,0,64,0,4,81,0,85,80,0,80,165
05/07/2022,DTN,LA,ASW,CE,Federal Contract Tower,0,0,20,0,20,0,3,77,0,80,0,3,97,0,100,72,0,72,172
05/08/2022,DTN,LA,ASW,CE,Federal Contract Tower,0,0,20,0,20,0,0,44,0,44,0,0,64,0,64,96,0,96,160
05/09/2022,DTN,LA,ASW,CE,Federal Contract Tower,0,0,19,0,19,0,0,50,0,50,0,0,69,0,69,70,0,70,139
05/10/2022,DTN,LA,ASW,CE,Federal Contract Tower,0,0,28,0,28,0,0,48,2,50,0,0,76,2,78,50,0,50,128
05/11/2022,DTN,LA,ASW,CE,Federal Contract Tower,0,0,15,0,15,0,0,1,0,1,0,0,16,0,16,104,0,104,120
05/12/2022,DTN,LA,ASW,CE,Federal Contract Tower,0,0,8,0,8,0,0,80,0,80,0,0,88,0,88,78,0,78,166
05/13/2022,DTN,LA,ASW,CE,Federal Contract Tower,0,0,20,0,20,0,0,55,0,55,0,0,75,0,75,18,0,18,93
05/14/2022,DTN,LA,ASW,CE,Federal Contract Tower,0,0,13,0,13,0,0,51,0,51,0,0,64,0,64,80,0,80,144
05/15/2022,DTN,LA,ASW,CE,Federal Contract Tower,0,0,11,0,11,0,0,62,0,62,0,0,73,0,73,104,0,104,177
05/16/2022,DTN,LA,ASW,CE,Federal Contract Tower,0,1,18,0,19,0,0,49,0,49,0,1,67,0,68,70,0,70,138
05/17/2022,DTN,LA,ASW,CE,Federal Contract Tower,0,0,18,0,18,0,2,37,0,39,0,2,55,0,57,46,0,46,103
05/18/2022,DTN,LA,ASW,CE,Federal Contract Tower,0,0,22,0,22,0,1,41,0,42,0,1,63,0,64,62,0,62,126
05/19/2022,DTN,LA,ASW,CE,Federal Contract Tower,0,0,19,0,19,0,0,0,0,0,0,0,19,0,19,56,0,56,75
05/20/2022,DTN,LA,ASW,CE,Federal Contract Tower,0,0,18,0,18,0,0,17,0,17,0,0,35,0,35,18,0,18,53
05/21/2022,DTN,LA,ASW,CE,Federal Contract Tower,0,0,18,0,18,0,2,35,0,37,0,2,53,0,55,42,0,42,97
05/22/2022,DTN,LA,ASW,CE,Federal Contract Tower,0,0,15,0,15,0,0,22,0,22,0,0,37,0,37,24,0,24,61
05/23/2022,DTN,LA,ASW,CE,Federal Contract Tower,0,0,47,0,47,0,0,26,0,26,0,0,73,0,73,92,0,92,165
05/24/2022,DTN,LA,ASW,CE,Federal Contract Tower,0,0,9,0,9,0,0,2,0,2,0,0,11,0,11,2,0,2,13
05/25/2022,DTN,LA,ASW,CE,Federal Contract Tower,0,0,11,0,11,0,1,18,0,19,0,1,29,0,30,16,0,16,46
05/26/2022,DTN,LA,ASW,CE,Federal Contract Tower,0,0,21,0,21,0,0,50,0,50,0,0,71,0,71,36,0,36,107
05/27/2022,DTN,LA,ASW,CE,Federal Contract Tower,0,0,13,0,13,0,2,84,0,86,0,2,97,0,99,38,0,38,137
05/28/2022,DTN,LA,ASW,CE,Federal Contract Tower,0,0,11,0,11,0,0,65,0,65,0,0,76,0,76,140,0,140,216
05/29/2022,DTN,LA,ASW,CE,Federal Contract Tower,0,0,14,0,14,0,0,43,0,43,0,0,57,0,57,26,0,26,83
05/30/2022,DTN,LA,ASW,CE,Federal Contract Tower,0,0,10,0,10,0,0,45,0,45,0,0,55,0,55,64,0,64,119
05/31/2022,DTN,LA,ASW,CE,Federal Contract Tower,0,0,19,0,19,0,0,53,0,53,0,0,72,0,72,78,0,78,150
06/01/2022,DTN,LA,ASW,CE,Federal Contract Tower,0,0,38,0,38,0,0,36,0,36,0,0,74,0,74,40,0,40,114
06/02/2022,DTN,LA,ASW,CE,Federal Contract Tower,0,0,14,0,14,0,1,23,0,24,0,1,37,0,38,18,0,18,56
06/03/2022,DTN,LA,ASW,CE,Federal Contract Tower,0,0,25,0,25,0,3,47,0,50,0,3,72,0,75,52,0,52,127
06/04/2022,DTN,LA,ASW,CE,Federal Contract Tower,0,0,14,0,14,0,3,83,0,86,0,3,97,0,100,234,0,234,334
06/05/2022,DTN,LA,ASW,CE,Federal Contract Tower,0,0,22,0,22,0,1,48,0,49,0,1,70,0,71,64,0,64,135
06/06/2022,DTN,LA,ASW,CE,Federal Contract Tower,0,0,16,0,16,0,0,26,0,26,0,0,42,0,42,40,0,40,82
06/07/2022,DTN,LA,ASW,CE,Federal Contract Tower,0,0,12,0,12,0,0,31,0,31,0,0,43,0,43,32,0,32,75
06/08/2022,DTN,LA,ASW,CE,Federal Contract Tower,0,0,20,0,20,0,0,66,0,66,0,0,86,0,86,42,0,42,128
06/09/2022,DTN,LA,ASW,CE,Federal Contract Tower,0,0,17,0,17,0,0,59,0,59,0,0,76,0,76,58,0,58,134
06/10/2022,DTN,LA,ASW,CE,Federal Contract Tower,0,0,20,0,20,0,3,24,0,27,0,3,44,0,47,32,0,32,79
06/11/2022,DTN,LA,ASW,CE,Federal Contract Tower,0,0,12,0,12,0,2,26,0,28,0,2,38,0,40,14,0,14,54
06/12/2022,DTN,LA,ASW,CE,Federal Contract Tower,0,1,0,15,16,0,0,59,0,59,0,1,59,15,75,116,0,116,191
06/13/2022,DTN,LA,ASW,CE,Federal Contract Tower,0,1,19,0,20,0,1,40,0,41,0,2,59,0,61,10,0,10,71
06/14/2022,DTN,LA,ASW,CE,Federal Contract Tower,0,0,16,1,17,0,1,27,0,28,0,1,43,1,45,8,0,8,53
06/15/2022,DTN,LA,ASW,CE,Federal Contract Tower,0,0,32,0,32,0,1,60,0,61,0,1,92,0,93,62,0,62,155
06/16/2022,DTN,LA,ASW,CE,Federal Contract Tower,0,0,27,0,27,0,0,84,0,84,0,0,111,0,111,36,0,36,147
06/17/2022,DTN,LA,ASW,CE,Federal Contract Tower,0,0,22,0,22,0,0,44,0,44,0,0,66,0,66,58,0,58,124
06/18/2022,DTN,LA,ASW,CE,Federal Contract Tower,0,0,11,0,11,0,0,51,0,51,0,0,62,0,62,24,0,24,86
06/19/2022,DTN,LA,ASW,CE,Federal Contract Tower,0,0,22,0,22,0,0,44,0,44,0,0,66,0,66,6,0,6,72
06/20/2022,DTN,LA,ASW,CE,Federal Contract Tower,0,0,18,0,18,0,0,58,0,58,0,0,76,0,76,68,0,68,144
06/21/2022,DTN,LA,ASW,CE,Federal Contract Tower,0,0,23,0,23,0,0,38,2,40,0,0,61,2,63,22,0,22,85
06/22/2022,DTN,LA,ASW,CE,Federal Contract Tower,0,0,16,0,16,0,1,45,1,47,0,1,61,1,63,58,0,58,121
06/23/2022,DTN,LA,ASW,CE,Federal Contract Tower,0,0,18,0,18,0,0,51,0,51,0,0,69,0,69,50,0,50,119
06/24/2022,DTN,LA,ASW,CE,Federal Contract Tower,0,1,12,0,13,0,1,34,0,35,0,2,46,0,48,18,0,18,66
06/25/2022,DTN,LA,ASW,CE,Federal Contract Tower,0,0,7,0,7,0,0,49,0,49,0,0,56,0,56,64,0,64,120
06/26/2022,DTN,LA,ASW,CE,Federal Contract Tower,0,0,16,0,16,0,0,45,0,45,0,0,61,0,61,20,0,20,81
06/27/2022,DTN,LA,ASW,CE,Federal Contract Tower,0,0,16,0,16,0,0,35,0,35,0,0,51,0,51,58,0,58,109
06/28/2022,DTN,LA,ASW,CE,Federal Contract Tower,0,0,13,0,13,0,4,57,0,61,0,4,70,0,74,20,0,20,94
06/29/2022,DTN,LA,ASW,CE,Federal Contract Tower,0,0,9,0,9,0,3,80,2,85,0,3,89,2,94,58,0,58,152
06/30/2022,DTN,LA,ASW,CE,Federal Contract Tower,0,0,16,0,16,0,0,82,0,82,0,0,98,0,98,60,0,60,158
07/01/2022,DTN,LA,ASW,CE,Federal Contract Tower,0,1,18,0,19,0,2,32,0,34,0,3,50,0,53,12,0,12,65
07/02/2022,DTN,LA,ASW,CE,Federal Contract Tower,0,0,6,0,6,0,0,14,0,14,0,0,20,0,20,48,0,48,68
07/03/2022,DTN,LA,ASW,CE,Federal Contract Tower,0,0,9,0,9,0,0,33,0,33,0,0,42,0,42,30,0,30,72
07/04/2022,DTN,LA,ASW,CE,Federal Contract Tower,0,0,13,0,13,0,0,36,0,36,0,0,49,0,49,0,0,0,49
07/05/2022,DTN,LA,ASW,CE,Federal Contract Tower,0,0,20,2,22,0,0,38,0,38,0,0,58,2,60,18,2,20,80
07/06/2022,DTN,LA,ASW,CE,Federal Contract Tower,0,0,17,0,17,0,1,55,0,56,0,1,72,0,73,46,0,46,119
07/07/2022,DTN,LA,ASW,CE,Federal Contract Tower,0,0,13,0,13,0,0,61,0,61,0,0,74,0,74,90,0,90,164
07/08/2022,DTN,LA,ASW,CE,Federal Contract Tower,0,0,6,0,6,0,0,57,0,57,0,0,63,0,63,76,0,76,139
07/09/2022,DTN,LA,ASW,CE,Federal Contract Tower,0,0,17,0,17,0,1,39,0,40,0,1,56,0,57,32,0,32,89
07/10/2022,DTN,LA,ASW,CE,Federal Contract Tower,0,0,20,0,20,0,0,41,0,41,0,0,61,0,61,70,0,70,131
07/11/2022,DTN,LA,ASW,CE,Federal Contract Tower,0,0,12,0,12,0,2,36,0,38,0,2,48,0,50,54,0,54,104
07/12/2022,DTN,LA,ASW,CE,Federal Contract Tower,0,0,11,0,11,0,0,49,4,53,0,0,60,4,64,24,0,24,88
07/13/2022,DTN,LA,ASW,CE,Federal Contract Tower,0,0,11,0,11,0,0,49,0,49,0,0,60,0,60,84,0,84,144
07/14/2022,DTN,LA,ASW,CE,Federal Contract Tower,0,0,9,0,9,0,0,47,0,47,0,0,56,0,56,18,0,18,74
07/15/2022,DTN,LA,ASW,CE,Federal Contract Tower,0,0,15,4,19,0,2,48,0,50,0,2,63,4,69,42,0,42,111
07/16/2022,DTN,LA,ASW,CE,Federal Contract Tower,0,0,15,0,15,0,1,74,0,75,0,1,89,0,90,106,0,106,196
07/17/2022,DTN,LA,ASW,CE,Federal Contract Tower,0,0,10,0,10,0,0,56,0,56,0,0,66,0,66,138,0,138,204
07/18/2022,DTN,LA,ASW,CE,Federal Contract Tower,0,0,10,0,10,0,0,51,0,51,0,0,61,0,61,34,0,34,95
07/19/2022,DTN,LA,ASW,CE,Federal Contract Tower,0,1,15,0,16,0,1,25,4,30,0,2,40,4,46,20,0,20,66
07/20/2022,DTN,LA,ASW,CE,Federal Contract Tower,0,0,6,0,6,0,2,41,2,45,0,2,47,2,51,60,0,60,111
07/21/2022,DTN,LA,ASW,CE,Federal Contract Tower,0,0,6,0,6,0,0,36,0,36,0,0,42,0,42,50,0,50,92
07/22/2022,DTN,LA,ASW,CE,Federal Contract Tower,0,0,13,0,13,0,1,24,0,25,0,1,37,0,38,32,0,32,70
07/23/2022,DTN,LA,ASW,CE,Federal Contract Tower,0,0,19,0,19,0,4,51,0,55,0,4,70,0,74,74,0,74,148
07/24/2022,DTN,LA,ASW,CE,Federal Contract Tower,0,0,11,0,11,0,0,38,0,38,0,0,49,0,49,34,0,34,83
07/25/2022,DTN,LA,ASW,CE,Federal Contract Tower,0,0,13,0,13,0,0,42,0,42,0,0,55,0,55,52,0,52,107
07/26/2022,DTN,LA,ASW,CE,Federal Contract Tower,0,6,21,0,27,0,0,51,0,51,0,6,72,0,78,72,0,72,150
07/27/2022,DTN,LA,ASW,CE,Federal Contract Tower,0,0,22,0,22,0,1,30,0,31,0,1,52,0,53,8,0,8,61
07/28/2022,DTN,LA,ASW,CE,Federal Contract Tower,0,0,17,0,17,0,0,29,0,29,0,0,46,0,46,18,0,18,64
07/29/2022,DTN,LA,ASW,CE,Federal Contract Tower,0,0,16,0,16,0,3,20,0,23,0,3,36,0,39,0,0,0,39
07/30/2022,DTN,LA,ASW,CE,Federal Contract Tower,0,0,10,0,10,0,0,24,0,24,0,0,34,0,34,24,0,24,58
07/31/2022,DTN,LA,ASW,CE,Federal Contract Tower,0,0,17,0,17,0,0,43,0,43,0,0,60,0,60,86,0,86,146
08/01/2022,DTN,LA,ASW,CE,Federal Contract Tower,0,1,16,0,17,0,0,41,0,41,0,1,57,0,58,42,0,42,100
08/02/2022,DTN,LA,ASW,CE,Federal Contract Tower,0,1,19,0,20,0,1,29,0,30,0,2,48,0,50,34,0,34,84
08/03/2022,DTN,LA,ASW,CE,Federal Contract Tower,0,0,10,0,10,0,1,44,0,45,0,1,54,0,55,40,0,40,95
08/04/2022,DTN,LA,ASW,CE,Federal Contract Tower,0,0,16,0,16,0,0,45,0,45,0,0,61,0,61,62,0,62,123
08/05/2022,DTN,LA,ASW,CE,Federal Contract Tower,0,0,11,1,12,0,2,32,1,35,0,2,43,2,47,42,0,42,89
08/06/2022,DTN,LA,ASW,CE,Federal Contract Tower,0,0,20,0,20,0,2,25,2,29,0,2,45,2,49,38,0,38,87
08/07/2022,DTN,LA,ASW,CE,Federal Contract Tower,0,0,13,0,13,0,0,45,0,45,0,0,58,0,58,90,0,90,148
08/09/2022,DTN,LA,ASW,CE,Federal Contract Tower,0,0,8,0,8,0,0,26,0,26,0,0,34,0,34,28,0,28,62
08/10/2022,DTN,LA,ASW,CE,Federal Contract Tower,0,0,13,0,13,0,0,19,0,19,0,0,32,0,32,6,0,6,38
08/11/2022,DTN,LA,ASW,CE,Federal Contract Tower,0,0,18,0,18,0,0,42,0,42,0,0,60,0,60,46,0,46,106
08/12/2022,DTN,LA,ASW,CE,Federal Contract Tower,0,1,14,0,15,0,5,39,3,47,0,6,53,3,62,52,0,52,114
08/13/2022,DTN,LA,ASW,CE,Federal Contract Tower,0,1,4,0,5,0,0,61,0,61,0,1,65,0,66,128,0,128,194
08/14/2022,DTN,LA,ASW,CE,Federal Contract Tower,0,0,11,0,11,0,0,46,0,46,0,0,57,0,57,94,0,94,151
08/15/2022,DTN,LA,ASW,CE,Federal Contract Tower,0,0,24,0,24,0,2,54,0,56,0,2,78,0,80,68,0,68,148
08/16/2022,DTN,LA,ASW,CE,Federal Contract Tower,0,0,19,0,19,0,0,55,0,55,0,0,74,0,74,78,0,78,152
08/17/2022,DTN,LA,ASW,CE,Federal Contract Tower,0,0,17,0,17,0,1,40,0,41,0,1,57,0,58,28,0,28,86
08/18/2022,DTN,LA,ASW,CE,Federal Contract Tower,0,0,15,0,15,0,0,4,0,4,0,0,19,0,19,10,0,10,29
08/19/2022,DTN,LA,ASW,CE,Federal Contract Tower,0,0,14,0,14,0,2,33,2,37,0,2,47,2,51,34,0,34,85
08/20/2022,DTN,LA,ASW,CE,Federal Contract Tower,0,0,1,0,1,0,12,27,0,39,0,12,28,0,40,32,0,32,72
08/21/2022,DTN,LA,ASW,CE,Federal Contract Tower,0,0,10,0,10,0,0,11,0,11,0,0,21,0,21,32,0,32,53
08/23/2022,DTN,LA,ASW,CE,Federal Contract Tower,0,0,10,0,10,0,0,3,0,3,0,0,13,0,13,0,0,0,13
08/24/2022,DTN,LA,ASW,CE,Federal Contract Tower,0,0,8,0,8,0,0,6,0,6,0,0,14,0,14,6,0,6,20
08/25/2022,DTN,LA,ASW,CE,Federal Contract Tower,0,0,16,0,16,0,0,12,0,12,0,0,28,0,28,20,0,20,48
08/26/2022,DTN,LA,ASW,CE,Federal Contract Tower,0,2,20,0,22,0,17,17,0,34,0,19,37,0,56,22,0,22,78
08/27/2022,DTN,LA,ASW,CE,Federal Contract Tower,0,0,8,0,8,0,4,18,0,22,0,4,26,0,30,6,0,6,36
08/28/2022,DTN,LA,ASW,CE,Federal Contract Tower,0,0,12,0,12,0,0,27,0,27,0,0,39,0,39,98,0,98,137
08/29/2022,DTN,LA,ASW,CE,Federal Contract Tower,0,0,12,0,12,0,0,39,0,39,0,0,51,0,51,156,0,156,207
08/30/2022,DTN,LA,ASW,CE,Federal Contract Tower,0,0,14,0,14,0,0,35,3,38,0,0,49,3,52,34,0,34,86
08/31/2022,DTN,LA,ASW,CE,Federal Contract Tower,0,0,12,0,12,0,0,65,0,65,0,0,77,0,77,50,0,50,127
09/01/2022,DTN,LA,ASW,CE,Federal Contract Tower,0,0,6,0,6,0,0,28,0,28,0,0,34,0,34,40,0,40,74
09/02/2022,DTN,LA,ASW,CE,Federal Contract Tower,0,0,22,0,22,0,1,35,2,38,0,1,57,2,60,60,0,60,120
09/03/2022,DTN,LA,ASW,CE,Federal Contract Tower,0,0,17,0,17,0,2,40,0,42,0,2,57,0,59,68,0,68,127
09/04/2022,DTN,LA,ASW,CE,Federal Contract Tower,0,0,13,0,13,0,0,34,0,34,0,0,47,0,47,34,0,34,81
09/05/2022,DTN,LA,ASW,CE,Federal Contract Tower,0,0,8,0,8,0,0,37,0,37,0,0,45,0,45,50,0,50,95
09/06/2022,DTN,LA,ASW,CE,Federal Contract Tower,0,0,13,0,13,0,3,23,0,26,0,3,36,0,39,48,0,48,87
09/07/2022,DTN,LA,ASW,CE,Federal Contract Tower,0,0,10,0,10,0,1,25,0,26,0,1,35,0,36,90,0,90,126
09/08/2022,DTN,LA,ASW,CE,Federal Contract Tower,0,0,15,0,15,0,0,47,0,47,0,0,62,0,62,86,0,86,148
09/09/2022,DTN,LA,ASW,CE,Federal Contract Tower,0,0,20,0,20,0,17,49,0,66,0,17,69,0,86,64,0,64,150
09/10/2022,DTN,LA,ASW,CE,Federal Contract Tower,0,2,11,0,13,0,0,39,0,39,0,2,50,0,52,70,0,70,122
09/11/2022,DTN,LA,ASW,CE,Federal Contract Tower,0,0,15,0,15,0,0,55,0,55,0,0,70,0,70,10,0,10,80
09/12/2022,DTN,LA,ASW,CE,Federal Contract Tower,0,1,19,0,20,0,2,52,0,54,0,3,71,0,74,34,0,34,108
09/13/2022,DTN,LA,ASW,CE,Federal Contract Tower,0,2,21,0,23,0,2,54,0,56,0,4,75,0,79,72,0,72,151
09/14/2022,DTN,LA,ASW,CE,Federal Contract Tower,0,0,21,0,21,0,1,76,0,77,0,1,97,0,98,104,0,104,202
09/15/2022,DTN,LA,ASW,CE,Federal Contract Tower,0,0,12,0,12,0,0,76,3,79,0,0,88,3,91,108,0,108,199
09/16/2022,DTN,LA,ASW,CE,Federal Contract Tower,0,0,26,0,26,0,13,51,0,64,0,13,77,0,90,32,0,32,122
09/17/2022,DTN,LA,ASW,CE,Federal Contract Tower,0,0,13,0,13,0,8,58,0,66,0,8,71,0,79,78,0,78,157
09/19/2022,DTN,LA,ASW,CE,Federal Contract Tower,0,0,13,0,13,0,0,56,0,56,0,0,69,0,69,104,0,104,173
09/20/2022,DTN,LA,ASW,CE,Federal Contract Tower,0,0,16,0,16,0,0,39,0,39,0,0,55,0,55,78,0,78,133
09/21/2022,DTN,LA,ASW,CE,Federal Contract Tower,0,0,15,0,15,0,0,54,0,54,0,0,69,0,69,38,0,38,107
09/22/2022,DTN,LA,ASW,CE,Federal Contract Tower,0,0,20,0,20,0,1,38,0,39,0,1,58,0,59,22,0,22,81
09/23/2022,DTN,LA,ASW,CE,Federal Contract Tower,0,0,12,0,12,0,3,49,0,52,0,3,61,0,64,22,0,22,86
09/24/2022,DTN,LA,ASW,CE,Federal Contract Tower,0,2,8,0,10,0,2,34,0,36,0,4,42,0,46,44,0,44,90
09/25/2022,DTN,LA,ASW,CE,Federal Contract Tower,0,0,12,0,12,0,0,41,0,41,0,0,53,0,53,26,0,26,79
09/26/2022,DTN,LA,ASW,CE,Federal Contract Tower,0,0,15,0,15,0,0,43,0,43,0,0,58,0,58,58,0,58,116
09/27/2022,DTN,LA,ASW,CE,Federal Contract Tower,0,0,21,0,21,0,2,47,0,49,0,2,68,0,70,92,0,92,162
09/28/2022,DTN,LA,ASW,CE,Federal Contract Tower,0,0,10,0,10,0,1,45,0,46,0,1,55,0,56,56,0,56,112
09/29/2022,DTN,LA,ASW,CE,Federal Contract Tower,0,0,17,0,17,0,0,49,5,54,0,0,66,5,71,8,0,8,79
09/30/2022,DTN,LA,ASW,CE,Federal Contract Tower,0,2,18,0,20,0,0,41,0,41,0,2,59,0,61,20,0,20,81
10/01/2022,DTN,LA,ASW,CE,Federal Contract Tower,0,0,8,0,8,0,1,43,0,44,0,1,51,0,52,54,0,54,106
10/02/2022,DTN,LA,ASW,CE,Federal Contract Tower,0,0,14,0,14,0,0,60,0,60,0,0,74,0,74,98,0,98,172
10/03/2022,DTN,LA,ASW,CE,Federal Contract Tower,0,0,17,0,17,0,0,47,0,47,0,0,64,0,64,72,0,72,136
10/04/2022,DTN,LA,ASW,CE,Federal Contract Tower,0,1,20,0,21,0,4,54,0,58,0,5,74,0,79,66,0,66,145
10/05/2022,DTN,LA,ASW,CE,Federal Contract Tower,0,0,18,0,18,0,1,79,2,82,0,1,97,2,100,110,0,110,210
10/06/2022,DTN,LA,ASW,CE,Federal Contract Tower,0,0,17,0,17,0,0,54,0,54,0,0,71,0,71,50,0,50,121
10/07/2022,DTN,LA,ASW,CE,Federal Contract Tower,0,0,18,0,18,0,2,47,0,49,0,2,65,0,67,38,0,38,105
10/08/2022,DTN,LA,ASW,CE,Federal Contract Tower,0,0,16,0,16,0,2,60,2,64,0,2,76,2,80,64,0,64,144
10/09/2022,DTN,LA,ASW,CE,Federal Contract Tower,0,0,15,0,15,0,0,64,0,64,0,0,79,0,79,72,0,72,151
10/10/2022,DTN,LA,ASW,CE,Federal Contract Tower,0,0,12,0,12,0,0,68,0,68,0,0,80,0,80,66,0,66,146
10/11/2022,DTN,LA,ASW,CE,Federal Contract Tower,0,0,8,0,8,0,3,55,0,58,0,3,63,0,66,148,0,148,214
10/12/2022,DTN,LA,ASW,CE,Federal Contract Tower,0,0,20,0,20,0,0,15,0,15,0,0,35,0,35,2,0,2,37
10/13/2022,DTN,LA,ASW,CE,Federal Contract Tower,0,0,13,0,13,0,0,30,4,34,0,0,43,4,47,42,0,42,89
10/14/2022,DTN,LA,ASW,CE,Federal Contract Tower,0,0,11,0,11,0,7,56,0,63,0,7,67,0,74,92,0,92,166
10/15/2022,DTN,LA,ASW,CE,Federal Contract Tower,0,2,5,0,7,0,2,178,0,180,0,4,183,0,187,48,0,48,235
10/16/2022,DTN,LA,ASW,CE,Federal Contract Tower,0,0,20,0,20,0,0,8,0,8,0,0,28,0,28,8,0,8,36
10/17/2022,DTN,LA,ASW,CE,Federal Contract Tower,0,0,20,0,20,0,0,30,0,30,0,0,50,0,50,40,0,40,90
10/18/2022,DTN,LA,ASW,CE,Federal Contract Tower,0,0,15,0,15,0,0,35,0,35,0,0,50,0,50,12,0,12,62
10/19/2022,DTN,LA,ASW,CE,Federal Contract Tower,0,0,13,0,13,0,1,40,2,43,0,1,53,2,56,60,0,60,116
10/20/2022,DTN,LA,ASW,CE,Federal Contract Tower,0,0,18,0,18,0,0,68,2,70,0,0,86,2,88,54,0,54,142
10/21/2022,DTN,LA,ASW,CE,Federal Contract Tower,0,2,16,0,18,0,3,36,0,39,0,5,52,0,57,14,0,14,71
10/22/2022,DTN,LA,ASW,CE,Federal Contract Tower,0,0,8,0,8,0,0,28,0,28,0,0,36,0,36,44,0,44,80
10/23/2022,DTN,LA,ASW,CE,Federal Contract Tower,0,0,13,0,13,0,0,42,0,42,0,0,55,0,55,54,0,54,109
10/24/2022,DTN,LA,ASW,CE,Federal Contract Tower,0,0,9,0,9,0,0,15,0,15,0,0,24,0,24,34,0,34,58
10/25/2022,DTN,LA,ASW,CE,Federal Contract Tower,0,0,12,0,12,0,0,13,5,18,0,0,25,5,30,0,0,0,30
10/26/2022,DTN,LA,ASW,CE,Federal Contract Tower,0,0,17,0,17,0,1,65,2,68,0,1,82,2,85,38,0,38,123
10/27/2022,DTN,LA,ASW,CE,Federal Contract Tower,0,0,22,0,22,0,1,56,0,57,0,1,78,0,79,66,0,66,145
10/28/2022,DTN,LA,ASW,CE,Federal Contract Tower,0,0,8,0,8,0,2,9,0,11,0,2,17,0,19,44,0,44,63
10/29/2022,DTN,LA,ASW,CE,Federal Contract Tower,0,0,5,0,5,0,0,1,0,1,0,0,6,0,6,0,0,0,6
10/30/2022,DTN,LA,ASW,CE,Federal Contract Tower,0,0,19,0,19,0,0,24,0,24,0,0,43,0,43,52,0,52,95
10/31/2022,DTN,LA,ASW,CE,Federal Contract Tower,0,0,10,0,10,0,0,38,0,38,0,0,48,0,48,40,0,40,88
11/01/2022,DTN,LA,ASW,CE,Federal Contract Tower,0,0,10,0,10,2,0,34,0,36,2,0,44,0,46,20,0,20,66
11/02/2022,DTN,LA,ASW,CE,Federal Contract Tower,0,0,19,0,19,0,0,45,6,51,0,0,64,6,70,30,0,30,100
11/03/2022,DTN,LA,ASW,CE,Federal Contract Tower,0,0,19,0,19,0,0,48,0,48,0,0,67,0,67,44,0,44,111
11/04/2022,DTN,LA,ASW,CE,Federal Contract Tower,0,0,13,0,13,0,0,10,0,10,0,0,23,0,23,0,0,0,23
11/05/2022,DTN,LA,ASW,CE,Federal Contract Tower,0,0,9,0,9,0,0,42,0,42,0,0,51,0,51,72,0,72,123
11/06/2022,DTN,LA,ASW,CE,Federal Contract Tower,0,0,25,0,25,0,0,32,0,32,0,0,57,0,57,74,0,74,131
11/07/2022,DTN,LA,ASW,CE,Federal Contract Tower,0,0,15,0,15,0,0,19,0,19,0,0,34,0,34,32,0,32,66
11/08/2022,DTN,LA,ASW,CE,Federal Contract Tower,0,1,30,0,31,0,1,18,0,19,0,2,48,0,50,32,0,32,82
11/09/2022,DTN,LA,ASW,CE,Federal Contract Tower,0,0,25,0,25,0,1,41,0,42,0,1,66,0,67,70,0,70,137
11/10/2022,DTN,LA,ASW,CE,Federal Contract Tower,0,0,23,0,23,0,0,66,0,66,0,0,89,0,89,102,0,102,191
11/11/2022,DTN,LA,ASW,CE,Federal Contract Tower,0,2,14,0,16,0,1,8,0,9,0,3,22,0,25,30,0,30,55
11/12/2022,DTN,LA,ASW,CE,Federal Contract Tower,0,0,11,0,11,0,0,23,0,23,0,0,34,0,34,28,0,28,62
11/13/2022,DTN,LA,ASW,CE,Federal Contract Tower,0,0,15,0,15,0,0,64,0,64,0,0,79,0,79,42,0,42,121
11/14/2022,DTN,LA,ASW,CE,Federal Contract Tower,0,0,13,0,13,0,0,8,0,8,0,0,21,0,21,0,0,0,21
11/15/2022,DTN,LA,ASW,CE,Federal Contract Tower,0,2,11,0,13,0,1,7,0,8,0,3,18,0,21,26,0,26,47
11/16/2022,DTN,LA,ASW,CE,Federal Contract Tower,0,0,16,0,16,0,1,44,2,47,0,1,60,2,63,116,0,116,179
11/17/2022,DTN,LA,ASW,CE,Federal Contract Tower,0,2,16,0,18,0,1,50,0,51,0,3,66,0,69,70,0,70,139
11/18/2022,DTN,LA,ASW,CE,Federal Contract Tower,0,0,22,0,22,0,14,47,0,61,0,14,69,0,83,84,0,84,167
11/19/2022,DTN,LA,ASW,CE,Federal Contract Tower,0,0,19,0,19,0,3,38,0,41,0,3,57,0,60,40,0,40,100
11/20/2022,DTN,LA,ASW,CE,Federal Contract Tower,0,0,28,0,28,0,0,59,0,59,0,0,87,0,87,24,0,24,111
11/21/2022,DTN,LA,ASW,CE,Federal Contract Tower,0,0,22,0,22,0,0,44,0,44,0,0,66,0,66,52,0,52,118
11/22/2022,DTN,LA,ASW,CE,Federal Contract Tower,0,0,15,0,15,0,1,36,0,37,0,1,51,0,52,24,0,24,76
11/23/2022,DTN,LA,ASW,CE,Federal Contract Tower,0,0,17,0,17,0,1,39,0,40,0,1,56,0,57,32,0,32,89
11/24/2022,DTN,LA,ASW,CE,Federal Contract Tower,0,0,0,0,0,0,0,0,0,0,0,0,0,0,0,0,0,0,0
11/25/2022,DTN,LA,ASW,CE,Federal Contract Tower,0,0,9,0,9,0,0,2,0,2,0,0,11,0,11,0,0,0,11
11/26/2022,DTN,LA,ASW,CE,Federal Contract Tower,0,0,4,0,4,0,0,1,0,1,0,0,5,0,5,0,0,0,5
11/27/2022,DTN,LA,ASW,CE,Federal Contract Tower,0,0,20,0,20,0,0,65,0,65,0,0,85,0,85,68,0,68,153
11/28/2022,DTN,LA,ASW,CE,Federal Contract Tower,0,0,10,0,10,0,0,39,0,39,0,0,49,0,49,50,0,50,99
11/29/2022,DTN,LA,ASW,CE,Federal Contract Tower,0,2,9,0,11,0,0,9,0,9,0,2,18,0,20,6,0,6,26
11/30/2022,DTN,LA,ASW,CE,Federal Contract Tower,0,0,18,0,18,0,1,31,0,32,0,1,49,0,50,8,0,8,58
12/01/2022,DTN,LA,ASW,CE,Federal Contract Tower,0,0,9,0,9,0,0,46,0,46,0,0,55,0,55,138,0,138,193
12/02/2022,DTN,LA,ASW,CE,Federal Contract Tower,0,2,13,0,15,0,4,25,0,29,0,6,38,0,44,24,0,24,68
12/03/2022,DTN,LA,ASW,CE,Federal Contract Tower,0,0,13,0,13,0,0,8,0,8,0,0,21,0,21,6,0,6,27
12/04/2022,DTN,LA,ASW,CE,Federal Contract Tower,0,0,16,0,16,0,0,32,0,32,0,0,48,0,48,48,0,48,96
12/05/2022,DTN,LA,ASW,CE,Federal Contract Tower,0,0,15,0,15,0,0,17,0,17,0,0,32,0,32,12,0,12,44
12/06/2022,DTN,LA,ASW,CE,Federal Contract Tower,0,0,17,3,20,0,3,18,1,22,0,3,35,4,42,30,0,30,72
12/07/2022,DTN,LA,ASW,CE,Federal Contract Tower,0,0,20,0,20,0,0,26,0,26,0,0,46,0,46,46,0,46,92
12/08/2022,DTN,LA,ASW,CE,Federal Contract Tower,0,0,19,0,19,0,0,39,0,39,0,0,58,0,58,68,0,68,126
12/09/2022,DTN,LA,ASW,CE,Federal Contract Tower,0,0,18,0,18,0,0,8,0,8,0,0,26,0,26,14,0,14,40
12/10/2022,DTN,LA,ASW,CE,Federal Contract Tower,0,4,17,0,21,0,0,28,0,28,0,4,45,0,49,40,0,40,89
12/11/2022,DTN,LA,ASW,CE,Federal Contract Tower,0,0,23,0,23,0,0,0,0,0,0,0,23,0,23,0,0,0,23
12/12/2022,DTN,LA,ASW,CE,Federal Contract Tower,0,0,19,0,19,0,0,0,0,0,0,0,19,0,19,0,0,0,19
12/13/2022,DTN,LA,ASW,CE,Federal Contract Tower,0,0,1,0,1,0,0,1,0,1,0,0,2,0,2,0,0,0,2
12/14/2022,DTN,LA,ASW,CE,Federal Contract Tower,0,2,22,0,24,0,1,42,0,43,0,3,64,0,67,52,0,52,119
12/15/2022,DTN,LA,ASW,CE,Federal Contract Tower,0,0,28,0,28,0,0,62,0,62,0,0,90,0,90,74,0,74,164
12/16/2022,DTN,LA,ASW,CE,Federal Contract Tower,0,0,21,0,21,0,3,29,0,32,0,3,50,0,53,66,0,66,119
12/17/2022,DTN,LA,ASW,CE,Federal Contract Tower,0,1,13,0,14,0,3,42,0,45,0,4,55,0,59,34,0,34,93
12/18/2022,DTN,LA,ASW,CE,Federal Contract Tower,0,0,17,0,17,0,1,51,0,52,0,1,68,0,69,42,0,42,111
12/19/2022,DTN,LA,ASW,CE,Federal Contract Tower,0,0,3,0,3,0,0,3,0,3,0,0,6,0,6,0,0,0,6
12/20/2022,DTN,LA,ASW,CE,Federal Contract Tower,0,1,20,0,21,0,2,9,0,11,0,3,29,0,32,0,0,0,32
12/21/2022,DTN,LA,ASW,CE,Federal Contract Tower,0,0,22,0,22,0,0,24,0,24,0,0,46,0,46,20,0,20,66
12/22/2022,DTN,LA,ASW,CE,Federal Contract Tower,0,0,9,0,9,0,0,1,0,1,0,0,10,0,10,0,0,0,10
12/23/2022,DTN,LA,ASW,CE,Federal Contract Tower,0,0,14,0,14,0,2,19,0,21,0,2,33,0,35,8,0,8,43
12/24/2022,DTN,LA,ASW,CE,Federal Contract Tower,0,0,2,0,2,0,0,11,0,11,0,0,13,0,13,4,0,4,17
12/25/2022,DTN,LA,ASW,CE,Federal Contract Tower,0,0,4,0,4,0,0,17,0,17,0,0,21,0,21,68,0,68,89
12/26/2022,DTN,LA,ASW,CE,Federal Contract Tower,0,0,18,0,18,0,2,30,0,32,0,2,48,0,50,60,0,60,110
12/27/2022,DTN,LA,ASW,CE,Federal Contract Tower,0,0,14,0,14,0,7,26,0,33,0,7,40,0,47,40,0,40,87
12/28/2022,DTN,LA,ASW,CE,Federal Contract Tower,0,0,10,0,10,0,1,40,0,41,0,1,50,0,51,18,0,18,69
12/29/2022,DTN,LA,ASW,CE,Federal Contract Tower,0,0,10,0,10,0,0,9,0,9,0,0,19,0,19,8,0,8,27
12/30/2022,DTN,LA,ASW,CE,Federal Contract Tower,0,1,20,0,21,0,2,11,0,13,0,3,31,0,34,6,0,6,40
12/31/2022,DTN,LA,ASW,CE,Federal Contract Tower,0,1,15,0,16,0,1,21,0,22,0,2,36,0,38,14,0,14,52
01/01/2023,DTN,LA,ASW,CE,Federal Contract Tower,0,0,22,0,22,0,0,10,0,10,0,0,32,0,32,0,0,0,32
01/02/2023,DTN,LA,ASW,CE,Federal Contract Tower,0,2,11,0,13,0,0,6,0,6,0,2,17,0,19,2,0,2,21
01/03/2023,DTN,LA,ASW,CE,Federal Contract Tower,0,2,10,0,12,0,10,22,0,32,0,12,32,0,44,18,0,18,62
01/04/2023,DTN,LA,ASW,CE,Federal Contract Tower,0,0,18,0,18,0,0,46,0,46,0,0,64,0,64,56,0,56,120
01/05/2023,DTN,LA,ASW,CE,Federal Contract Tower,0,0,20,0,20,0,0,49,0,49,0,0,69,0,69,12,0,12,81
01/06/2023,DTN,LA,ASW,CE,Federal Contract Tower,0,0,10,0,10,0,4,42,0,46,0,4,52,0,56,34,0,34,90
01/07/2023,DTN,LA,ASW,CE,Federal Contract Tower,0,0,11,0,11,0,0,7,0,7,0,0,18,0,18,14,0,14,32
01/08/2023,DTN,LA,ASW,CE,Federal Contract Tower,0,0,9,0,9,0,0,51,0,51,0,0,60,0,60,64,0,64,124
01/09/2023,DTN,LA,ASW,CE,Federal Contract Tower,0,0,10,0,10,0,0,38,0,38,0,0,48,0,48,78,0,78,126
01/10/2023,DTN,LA,ASW,CE,Federal Contract Tower,0,0,21,0,21,0,2,20,0,22,0,2,41,0,43,10,0,10,53
01/11/2023,DTN,LA,ASW,CE,Federal Contract Tower,0,0,23,0,23,0,0,24,0,24,0,0,47,0,47,2,0,2,49
01/12/2023,DTN,LA,ASW,CE,Federal Contract Tower,0,0,7,0,7,0,0,14,0,14,0,0,21,0,21,0,0,0,21
01/13/2023,DTN,LA,ASW,CE,Federal Contract Tower,0,0,16,0,16,0,7,52,0,59,0,7,68,0,75,76,0,76,151
01/14/2023,DTN,LA,ASW,CE,Federal Contract Tower,0,0,11,0,11,0,5,51,0,56,0,5,62,0,67,26,0,26,93
01/15/2023,DTN,LA,ASW,CE,Federal Contract Tower,0,0,25,0,25,0,0,18,0,18,0,0,43,0,43,18,0,18,61
01/16/2023,DTN,LA,ASW,CE,Federal Contract Tower,0,0,14,0,14,0,0,17,0,17,0,0,31,0,31,0,0,0,31
01/17/2023,DTN,LA,ASW,CE,Federal Contract Tower,0,0,20,2,22,0,2,50,0,52,0,2,70,2,74,34,0,34,108
01/18/2023,DTN,LA,ASW,CE,Federal Contract Tower,0,0,8,0,8,0,0,6,0,6,0,0,14,0,14,0,0,0,14
01/19/2023,DTN,LA,ASW,CE,Federal Contract Tower,0,0,29,0,29,0,0,74,0,74,0,0,103,0,103,70,0,70,173
01/20/2023,DTN,LA,ASW,CE,Federal Contract Tower,0,2,10,0,12,0,2,34,2,38,0,4,44,2,50,34,0,34,84
01/21/2023,DTN,LA,ASW,CE,Federal Contract Tower,0,0,7,0,7,0,2,35,0,37,0,2,42,0,44,38,0,38,82
01/22/2023,DTN,LA,ASW,CE,Federal Contract Tower,0,0,18,0,18,0,0,14,0,14,0,0,32,0,32,2,0,2,34
01/23/2023,DTN,LA,ASW,CE,Federal Contract Tower,0,0,8,0,8,0,0,75,0,75,0,0,83,0,83,100,0,100,183
01/24/2023,DTN,LA,ASW,CE,Federal Contract Tower,0,0,2,0,2,0,0,1,0,1,0,0,3,0,3,0,0,0,3
01/25/2023,DTN,LA,ASW,CE,Federal Contract Tower,0,0,10,0,10,0,0,17,0,17,0,0,27,0,27,0,0,0,27
01/26/2023,DTN,LA,ASW,CE,Federal Contract Tower,0,0,18,0,18,0,0,54,0,54,0,0,72,0,72,20,0,20,92
01/27/2023,DTN,LA,ASW,CE,Federal Contract Tower,0,0,25,0,25,0,19,27,0,46,0,19,52,0,71,20,0,20,91
01/28/2023,DTN,LA,ASW,CE,Federal Contract Tower,0,0,9,0,9,0,0,5,0,5,0,0,14,0,14,2,0,2,16
01/29/2023,DTN,LA,ASW,CE,Federal Contract Tower,0,0,5,0,5,0,0,0,0,0,0,0,5,0,5,0,0,0,5
01/30/2023,DTN,LA,ASW,CE,Federal Contract Tower,0,0,6,0,6,0,0,0,0,0,0,0,6,0,6,0,0,0,6
01/31/2023,DTN,LA,ASW,CE,Federal Contract Tower,0,0,1,0,1,0,0,0,0,0,0,0,1,0,1,0,0,0,1
02/01/2023,DTN,LA,ASW,CE,Federal Contract Tower,0,0,4,0,4,0,0,0,0,0,0,0,4,0,4,0,0,0,4
02/02/2023,DTN,LA,ASW,CE,Federal Contract Tower,0,0,0,0,0,0,0,4,0,4,0,0,4,0,4,18,0,18,22
02/03/2023,DTN,LA,ASW,CE,Federal Contract Tower,0,0,26,0,26,0,15,52,0,67,0,15,78,0,93,112,0,112,205
02/04/2023,DTN,LA,ASW,CE,Federal Contract Tower,0,0,11,0,11,0,1,74,0,75,0,1,85,0,86,118,0,118,204
02/05/2023,DTN,LA,ASW,CE,Federal Contract Tower,0,0,8,0,8,0,2,51,0,53,0,2,59,0,61,58,0,58,119
02/07/2023,DTN,LA,ASW,CE,Federal Contract Tower,0,0,20,0,20,0,0,73,0,73,0,0,93,0,93,132,0,132,225
02/08/2023,DTN,LA,ASW,CE,Federal Contract Tower,0,0,18,0,18,0,0,4,0,4,0,0,22,0,22,0,0,0,22
02/09/2023,DTN,LA,ASW,CE,Federal Contract Tower,0,0,25,0,25,0,0,97,4,101,0,0,122,4,126,56,0,56,182
02/10/2023,DTN,LA,ASW,CE,Federal Contract Tower,0,1,18,0,19,0,1,18,0,19,0,2,36,0,38,52,0,52,90
02/11/2023,DTN,LA,ASW,CE,Federal Contract Tower,0,0,9,0,9,0,0,13,0,13,0,0,22,0,22,20,0,20,42
02/12/2023,DTN,LA,ASW,CE,Federal Contract Tower,0,0,20,0,20,0,1,75,0,76,0,1,95,0,96,68,0,68,164
02/13/2023,DTN,LA,ASW,CE,Federal Contract Tower,0,0,14,0,14,0,0,47,0,47,0,0,61,0,61,50,0,50,111
02/14/2023,DTN,LA,ASW,CE,Federal Contract Tower,0,0,11,0,11,0,0,5,0,5,0,0,16,0,16,0,0,0,16
02/15/2023,DTN,LA,ASW,CE,Federal Contract Tower,0,0,12,0,12,0,0,15,0,15,0,0,27,0,27,0,0,0,27
02/16/2023,DTN,LA,ASW,CE,Federal Contract Tower,0,0,15,0,15,0,0,19,0,19,0,0,34,0,34,2,0,2,36
02/17/2023,DTN,LA,ASW,CE,Federal Contract Tower,0,1,27,0,28,0,5,48,0,53,0,6,75,0,81,66,0,66,147
02/18/2023,DTN,LA,ASW,CE,Federal Contract Tower,0,0,15,0,15,0,6,44,0,50,0,6,59,0,65,22,0,22,87
02/19/2023,DTN,LA,ASW,CE,Federal Contract Tower,0,2,21,0,23,0,0,28,0,28,0,2,49,0,51,4,0,4,55
02/20/2023,DTN,LA,ASW,CE,Federal Contract Tower,0,0,14,0,14,0,0,12,0,12,0,0,26,0,26,0,0,0,26
02/21/2023,DTN,LA,ASW,CE,Federal Contract Tower,0,0,14,0,14,0,0,30,0,30,0,0,44,0,44,44,0,44,88
02/22/2023,DTN,LA,ASW,CE,Federal Contract Tower,0,0,15,2,17,0,0,16,0,16,0,0,31,2,33,14,2,16,49
02/23/2023,DTN,LA,ASW,CE,Federal Contract Tower,0,0,29,0,29,0,3,49,0,52,0,3,78,0,81,24,0,24,105
02/24/2023,DTN,LA,ASW,CE,Federal Contract Tower,0,0,23,0,23,0,1,12,0,13,0,1,35,0,36,26,0,26,62
02/25/2023,DTN,LA,ASW,CE,Federal Contract Tower,0,0,13,0,13,0,0,0,0,0,0,0,13,0,13,0,0,0,13
02/26/2023,DTN,LA,ASW,CE,Federal Contract Tower,0,2,13,0,15,0,0,19,0,19,0,2,32,0,34,52,0,52,86
02/27/2023,DTN,LA,ASW,CE,Federal Contract Tower,0,0,19,0,19,0,2,42,0,44,0,2,61,0,63,70,0,70,133
02/28/2023,DTN,LA,ASW,CE,Federal Contract Tower,0,0,13,4,17,0,5,57,0,62,0,5,70,4,79,114,0,114,193
03/01/2023,DTN,LA,ASW,CE,Federal Contract Tower,0,0,20,0,20,0,1,15,0,16,0,1,35,0,36,20,0,20,56
03/02/2023,DTN,LA,ASW,CE,Federal Contract Tower,0,0,8,0,8,0,0,10,0,10,0,0,18,0,18,8,0,8,26
03/03/2023,DTN,LA,ASW,CE,Federal Contract Tower,0,0,6,0,6,0,1,18,0,19,0,1,24,0,25,26,0,26,51
03/04/2023,DTN,LA,ASW,CE,Federal Contract Tower,0,0,18,0,18,0,4,83,0,87,0,4,101,0,105,54,0,54,159
03/05/2023,DTN,LA,ASW,CE,Federal Contract Tower,0,0,11,0,11,0,0,80,0,80,0,0,91,0,91,92,0,92,183
03/06/2023,DTN,LA,ASW,CE,Federal Contract Tower,0,0,13,0,13,0,3,24,0,27,0,3,37,0,40,48,0,48,88
03/07/2023,DTN,LA,ASW,CE,Federal Contract Tower,0,0,5,2,7,0,1,11,0,12,0,1,16,2,19,40,2,42,61
03/08/2023,DTN,LA,ASW,CE,Federal Contract Tower,0,0,12,0,12,0,2,40,1,43,0,2,52,1,55,16,8,24,79
03/09/2023,DTN,LA,ASW,CE,Federal Contract Tower,0,0,14,0,14,0,0,46,0,46,0,0,60,0,60,74,0,74,134
03/10/2023,DTN,LA,ASW,CE,Federal Contract Tower,0,0,27,0,27,0,1,22,0,23,0,1,49,0,50,16,0,16,66
03/11/2023,DTN,LA,ASW,CE,Federal Contract Tower,0,2,15,0,17,0,3,22,0,25,0,5,37,0,42,62,0,62,104
03/12/2023,DTN,LA,ASW,CE,Federal Contract Tower,0,0,27,0,27,0,0,15,0,15,0,0,42,0,42,72,0,72,114
03/13/2023,DTN,LA,ASW,CE,Federal Contract Tower,0,0,9,0,9,0,0,80,0,80,0,0,89,0,89,86,0,86,175
03/14/2023,DTN,LA,ASW,CE,Federal Contract Tower,0,0,17,0,17,0,3,51,0,54,0,3,68,0,71,162,0,162,233
03/15/2023,DTN,LA,ASW,CE,Federal Contract Tower,0,0,7,5,12,0,3,84,0,87,0,3,91,5,99,138,0,138,237
03/16/2023,DTN,LA,ASW,CE,Federal Contract Tower,0,0,11,0,11,0,0,13,0,13,0,0,24,0,24,0,0,0,24
03/17/2023,DTN,LA,ASW,CE,Federal Contract Tower,0,2,15,0,17,0,5,25,0,30,0,7,40,0,47,24,0,24,71
03/18/2023,DTN,LA,ASW,CE,Federal Contract Tower,0,0,11,0,11,0,0,57,0,57,0,0,68,0,68,166,0,166,234
03/19/2023,DTN,LA,ASW,CE,Federal Contract Tower,0,0,14,0,14,0,0,59,0,59,0,0,73,0,73,94,0,94,167
03/20/2023,DTN,LA,ASW,CE,Federal Contract Tower,0,0,5,0,5,0,2,58,0,60,0,2,63,0,65,66,0,66,131
03/21/2023,DTN,LA,ASW,CE,Federal Contract Tower,0,0,18,0,18,0,1,17,0,18,0,1,35,0,36,0,0,0,36
03/22/2023,DTN,LA,ASW,CE,Federal Contract Tower,0,0,23,0,23,0,0,39,3,42,0,0,62,3,65,54,0,54,119
03/23/2023,DTN,LA,ASW,CE,Federal Contract Tower,0,0,19,0,19,0,0,23,0,23,0,0,42,0,42,20,0,20,62
03/24/2023,DTN,LA,ASW,CE,Federal Contract Tower,0,0,12,0,12,0,2,8,0,10,0,2,20,0,22,2,0,2,24
03/25/2023,DTN,LA,ASW,CE,Federal Contract Tower,0,0,13,0,13,0,2,36,0,38,0,2,49,0,51,30,0,30,81
03/26/2023,DTN,LA,ASW,CE,Federal Contract Tower,0,0,3,0,3,0,2,26,0,28,0,2,29,0,31,0,0,0,31
03/27/2023,DTN,LA,ASW,CE,Federal Contract Tower,0,0,16,0,16,0,0,43,0,43,0,0,59,0,59,50,0,50,109
03/28/2023,DTN,LA,ASW,CE,Federal Contract Tower,0,0,22,0,22,0,1,25,0,26,0,1,47,0,48,8,0,8,56
03/29/2023,DTN,LA,ASW,CE,Federal Contract Tower,0,0,12,0,12,0,0,40,0,40,0,0,52,0,52,34,0,34,86
03/30/2023,DTN,LA,ASW,CE,Federal Contract Tower,0,0,19,0,19,0,0,47,0,47,0,0,66,0,66,34,0,34,100
03/31/2023,DTN,LA,ASW,CE,Federal Contract Tower,0,0,16,0,16,0,0,7,0,7,0,0,23,0,23,0,0,0,23
04/01/2023,DTN,LA,ASW,CE,Federal Contract Tower,0,0,17,0,17,0,5,58,0,63,0,5,75,0,80,62,0,62,142
04/02/2023,DTN,LA,ASW,CE,Federal Contract Tower,0,0,13,0,13,0,0,27,0,27,0,0,40,0,40,0,0,0,40
04/03/2023,DTN,LA,ASW,CE,Federal Contract Tower,0,0,25,0,25,0,0,28,0,28,0,0,53,0,53,4,0,4,57
04/04/2023,DTN,LA,ASW,CE,Federal Contract Tower,0,0,17,0,17,0,1,11,0,12,0,1,28,0,29,20,0,20,49
04/05/2023,DTN,LA,ASW,CE,Federal Contract Tower,0,0,10,0,10,0,0,5,0,5,0,0,15,0,15,0,0,0,15
04/06/2023,DTN,LA,ASW,CE,Federal Contract Tower,0,0,8,0,8,0,0,0,0,0,0,0,8,0,8,0,0,0,8
04/07/2023,DTN,LA,ASW,CE,Federal Contract Tower,0,0,15,0,15,0,0,0,0,0,0,0,15,0,15,0,0,0,15
04/08/2023,DTN,LA,ASW,CE,Federal Contract Tower,0,0,19,0,19,0,0,33,0,33,0,0,52,0,52,46,0,46,98
04/09/2023,DTN,LA,ASW,CE,Federal Contract Tower,0,0,9,0,9,0,0,22,0,22,0,0,31,0,31,54,0,54,85
04/10/2023,DTN,LA,ASW,CE,Federal Contract Tower,0,0,19,0,19,0,0,78,0,78,0,0,97,0,97,60,0,60,157
04/11/2023,DTN,LA,ASW,CE,Federal Contract Tower,0,2,20,0,22,0,0,62,0,62,0,2,82,0,84,58,0,58,142
04/12/2023,DTN,LA,ASW,CE,Federal Contract Tower,0,0,19,0,19,0,1,58,0,59,0,1,77,0,78,56,0,56,134
04/13/2023,DTN,LA,ASW,CE,Federal Contract Tower,0,0,27,0,27,0,3,40,0,43,0,3,67,0,70,42,0,42,112
04/14/2023,DTN,LA,ASW,CE,Federal Contract Tower,0,0,19,2,21,0,2,57,0,59,0,2,76,2,80,38,0,38,118
04/15/2023,DTN,LA,ASW,CE,Federal Contract Tower,0,0,8,0,8,0,0,17,0,17,0,0,25,0,25,8,0,8,33
04/16/2023,DTN,LA,ASW,CE,Federal Contract Tower,0,0,7,0,7,0,1,57,0,58,0,1,64,0,65,38,0,38,103
04/17/2023,DTN,LA,ASW,CE,Federal Contract Tower,0,0,13,0,13,0,0,57,0,57,0,0,70,0,70,82,0,82,152
04/18/2023,DTN,LA,ASW,CE,Federal Contract Tower,0,0,13,0,13,0,1,45,0,46,0,1,58,0,59,70,0,70,129
04/19/2023,DTN,LA,ASW,CE,Federal Contract Tower,0,0,22,0,22,3,0,36,2,41,3,0,58,2,63,26,0,26,89
04/20/2023,DTN,LA,ASW,CE,Federal Contract Tower,0,0,19,0,19,0,0,17,0,17,0,0,36,0,36,32,0,32,68
04/21/2023,DTN,LA,ASW,CE,Federal Contract Tower,0,0,12,0,12,0,0,15,0,15,0,0,27,0,27,0,0,0,27
04/22/2023,DTN,LA,ASW,CE,Federal Contract Tower,0,2,10,0,12,0,13,70,0,83,0,15,80,0,95,60,0,60,155
04/23/2023,DTN,LA,ASW,CE,Federal Contract Tower,0,0,10,0,10,0,0,30,0,30,0,0,40,0,40,60,0,60,100
04/24/2023,DTN,LA,ASW,CE,Federal Contract Tower,0,0,11,0,11,0,0,59,0,59,0,0,70,0,70,50,0,50,120
04/25/2023,DTN,LA,ASW,CE,Federal Contract Tower,0,0,20,0,20,0,5,39,0,44,0,5,59,0,64,60,0,60,124
04/26/2023,DTN,LA,ASW,CE,Federal Contract Tower,0,0,10,0,10,0,0,20,0,20,0,0,30,0,30,40,0,40,70
04/27/2023,DTN,LA,ASW,CE,Federal Contract Tower,0,0,20,0,20,0,0,26,0,26,0,0,46,0,46,0,0,0,46
04/28/2023,DTN,LA,ASW,CE,Federal Contract Tower,0,1,30,0,31,0,9,82,0,91,0,10,112,0,122,76,0,76,198
04/29/2023,DTN,LA,ASW,CE,Federal Contract Tower,0,0,11,0,11,0,0,1,0,1,0,0,12,0,12,0,0,0,12
04/30/2023,DTN,LA,ASW,CE,Federal Contract Tower,0,0,9,0,9,0,0,82,0,82,0,0,91,0,91,72,0,72,163
05/01/2023,DTN,LA,ASW,CE,Federal Contract Tower,0,0,10,0,10,0,0,46,0,46,0,0,56,0,56,28,0,28,84
05/02/2023,DTN,LA,ASW,CE,Federal Contract Tower,0,0,9,0,9,0,0,60,0,60,0,0,69,0,69,114,0,114,183
05/03/2023,DTN,LA,ASW,CE,Federal Contract Tower,0,0,13,0,13,0,0,60,0,60,0,0,73,0,73,60,0,60,133
05/04/2023,DTN,LA,ASW,CE,Federal Contract Tower,0,0,20,0,20,0,0,54,0,54,0,0,74,0,74,110,0,110,184
05/05/2023,DTN,LA,ASW,CE,Federal Contract Tower,0,0,15,0,15,0,0,12,0,12,0,0,27,0,27,12,0,12,39
05/06/2023,DTN,LA,ASW,CE,Federal Contract Tower,0,0,8,0,8,0,0,26,0,26,0,0,34,0,34,24,0,24,58
05/07/2023,DTN,LA,ASW,CE,Federal Contract Tower,0,0,16,0,16,0,1,17,0,18,0,1,33,0,34,36,4,40,74
05/08/2023,DTN,LA,ASW,CE,Federal Contract Tower,0,0,17,0,17,0,0,24,0,24,0,0,41,0,41,10,0,10,51
05/09/2023,DTN,LA,ASW,CE,Federal Contract Tower,0,2,17,0,19,0,0,44,0,44,0,2,61,0,63,66,0,66,129
05/10/2023,DTN,LA,ASW,CE,Federal Contract Tower,0,0,10,0,10,0,0,11,0,11,0,0,21,0,21,32,0,32,53
05/11/2023,DTN,LA,ASW,CE,Federal Contract Tower,0,0,10,0,10,0,0,15,0,15,0,0,25,0,25,32,0,32,57
05/12/2023,DTN,LA,ASW,CE,Federal Contract Tower,0,0,33,0,33,0,0,29,0,29,0,0,62,0,62,30,0,30,92
05/13/2023,DTN,LA,ASW,CE,Federal Contract Tower,0,0,13,0,13,0,2,35,0,37,0,2,48,0,50,58,0,58,108
05/14/2023,DTN,LA,ASW,CE,Federal Contract Tower,0,0,0,9,9,0,0,20,0,20,0,0,20,9,29,10,0,10,39
05/15/2023,DTN,LA,ASW,CE,Federal Contract Tower,0,0,13,0,13,0,0,41,0,41,0,0,54,0,54,82,0,82,136
05/16/2023,DTN,LA,ASW,CE,Federal Contract Tower,0,0,14,0,14,0,6,35,0,41,0,6,49,0,55,66,0,66,121
05/17/2023,DTN,LA,ASW,CE,Federal Contract Tower,0,2,26,0,28,0,1,55,0,56,0,3,81,0,84,88,0,88,172
05/18/2023,DTN,LA,ASW,CE,Federal Contract Tower,0,0,29,0,29,0,0,64,0,64,0,0,93,0,93,82,0,82,175
05/19/2023,DTN,LA,ASW,CE,Federal Contract Tower,0,1,16,0,17,0,5,59,0,64,0,6,75,0,81,98,0,98,179
05/20/2023,DTN,LA,ASW,CE,Federal Contract Tower,0,0,14,0,14,0,4,14,0,18,0,4,28,0,32,14,0,14,46
05/21/2023,DTN,LA,ASW,CE,Federal Contract Tower,0,0,18,0,18,0,0,51,0,51,0,0,69,0,69,112,0,112,181
05/22/2023,DTN,LA,ASW,CE,Federal Contract Tower,0,0,18,0,18,0,6,59,0,65,0,6,77,0,83,108,0,108,191
05/23/2023,DTN,LA,ASW,CE,Federal Contract Tower,0,2,22,0,24,0,0,51,0,51,0,2,73,0,75,98,0,98,173
05/24/2023,DTN,LA,ASW,CE,Federal Contract Tower,0,0,18,0,18,0,1,53,0,54,0,1,71,0,72,84,0,84,156
05/25/2023,DTN,LA,ASW,CE,Federal Contract Tower,0,0,20,0,20,0,0,60,0,60,0,0,80,0,80,74,0,74,154
05/26/2023,DTN,LA,ASW,CE,Federal Contract Tower,0,0,19,0,19,0,7,54,0,61,0,7,73,0,80,70,0,70,150
05/27/2023,DTN,LA,ASW,CE,Federal Contract Tower,0,0,6,0,6,0,4,38,0,42,0,4,44,0,48,32,0,32,80
05/29/2023,DTN,LA,ASW,CE,Federal Contract Tower,0,0,10,0,10,0,0,58,0,58,0,0,68,0,68,132,0,132,200
05/30/2023,DTN,LA,ASW,CE,Federal Contract Tower,0,0,6,0,6,0,2,52,0,54,0,2,58,0,60,104,0,104,164
05/31/2023,DTN,LA,ASW,CE,Federal Contract Tower,0,0,10,0,10,0,0,53,0,53,0,0,63,0,63,60,0,60,123
06/01/2023,DTN,LA,ASW,CE,Federal Contract Tower,0,1,18,1,20,0,0,49,0,49,0,1,67,1,69,76,0,76,145
06/02/2023,DTN,LA,ASW,CE,Federal Contract Tower,0,0,10,0,10,0,6,57,0,63,0,6,67,0,73,112,0,112,185
06/03/2023,DTN,LA,ASW,CE,Federal Contract Tower,0,0,8,0,8,0,2,31,0,33,0,2,39,0,41,12,0,12,53
06/04/2023,DTN,LA,ASW,CE,Federal Contract Tower,0,0,14,0,14,0,0,46,0,46,0,0,60,0,60,60,0,60,120
06/05/2023,DTN,LA,ASW,CE,Federal Contract Tower,0,0,10,0,10,0,0,36,0,36,0,0,46,0,46,78,0,78,124
06/06/2023,DTN,LA,ASW,CE,Federal Contract Tower,0,0,9,0,9,0,2,48,0,50,0,2,57,0,59,66,0,66,125
06/07/2023,DTN,LA,ASW,CE,Federal Contract Tower,0,0,11,0,11,0,0,51,0,51,0,0,62,0,62,93,0,93,155
06/08/2023,DTN,LA,ASW,CE,Federal Contract Tower,0,0,14,0,14,0,0,73,0,73,0,0,87,0,87,164,0,164,251
06/09/2023,DTN,LA,ASW,CE,Federal Contract Tower,0,0,12,0,12,0,1,86,0,87,0,1,98,0,99,182,0,182,281
06/10/2023,DTN,LA,ASW,CE,Federal Contract Tower,0,0,12,0,12,0,1,59,0,60,0,1,71,0,72,46,0,46,118
06/11/2023,DTN,LA,ASW,CE,Federal Contract Tower,0,0,12,0,12,0,0,45,0,45,0,0,57,0,57,70,0,70,127
06/12/2023,DTN,LA,ASW,CE,Federal Contract Tower,0,0,7,0,7,0,0,24,0,24,0,0,31,0,31,52,0,52,83
06/13/2023,DTN,LA,ASW,CE,Federal Contract Tower,0,0,4,0,4,0,0,6,0,6,0,0,10,0,10,0,0,0,10
06/14/2023,DTN,LA,ASW,CE,Federal Contract Tower,0,0,20,0,20,0,0,33,0,33,0,0,53,0,53,34,0,34,87
06/15/2023,DTN,LA,ASW,CE,Federal Contract Tower,0,0,27,0,27,0,0,27,0,27,0,0,54,0,54,50,0,50,104
06/16/2023,DTN,LA,ASW,CE,Federal Contract Tower,0,0,8,0,8,0,2,9,0,11,0,2,17,0,19,4,0,4,23
06/17/2023,DTN,LA,ASW,CE,Federal Contract Tower,0,0,4,0,4,0,0,1,0,1,0,0,5,0,5,0,0,0,5
06/18/2023,DTN,LA,ASW,CE,Federal Contract Tower,0,0,1,0,1,0,0,14,0,14,0,0,15,0,15,0,0,0,15
06/19/2023,DTN,LA,ASW,CE,Federal Contract Tower,0,0,3,0,3,0,0,21,0,21,0,0,24,0,24,48,0,48,72
06/20/2023,DTN,LA,ASW,CE,Federal Contract Tower,0,0,6,0,6,0,1,24,0,25,0,1,30,0,31,72,0,72,103
06/21/2023,DTN,LA,ASW,CE,Federal Contract Tower,0,0,11,0,11,0,2,47,0,49,0,2,58,0,60,86,0,86,146
06/22/2023,DTN,LA,ASW,CE,Federal Contract Tower,0,0,17,0,17,0,0,68,0,68,0,0,85,0,85,108,0,108,193
06/23/2023,DTN,LA,ASW,CE,Federal Contract Tower,0,0,9,0,9,0,5,49,0,54,0,5,58,0,63,38,0,38,101
06/24/2023,DTN,LA,ASW,CE,Federal Contract Tower,0,2,20,1,23,0,0,52,3,55,0,2,72,4,78,44,0,44,122
06/25/2023,DTN,LA,ASW,CE,Federal Contract Tower,0,0,18,0,18,0,0,34,0,34,0,0,52,0,52,66,0,66,118
06/26/2023,DTN,LA,ASW,CE,Federal Contract Tower,0,0,18,0,18,0,0,23,0,23,0,0,41,0,41,50,0,50,91
06/27/2023,DTN,LA,ASW,CE,Federal Contract Tower,0,0,29,0,29,0,0,49,0,49,0,0,78,0,78,108,0,108,186
06/28/2023,DTN,LA,ASW,CE,Federal Contract Tower,0,2,11,0,13,0,1,44,0,45,0,3,55,0,58,92,0,92,150
06/29/2023,DTN,LA,ASW,CE,Federal Contract Tower,0,0,9,0,9,0,1,43,0,44,0,1,52,0,53,26,0,26,79
06/30/2023,DTN,LA,ASW,CE,Federal Contract Tower,0,4,16,0,20,0,6,39,0,45,0,10,55,0,65,72,0,72,137
07/01/2023,DTN,LA,ASW,CE,Federal Contract Tower,0,2,9,0,11,0,5,44,0,49,0,7,53,0,60,40,0,40,100
07/02/2023,DTN,LA,ASW,CE,Federal Contract Tower,0,0,15,0,15,0,2,33,0,35,0,2,48,0,50,64,0,64,114
07/04/2023,DTN,LA,ASW,CE,Federal Contract Tower,0,0,2,0,2,0,0,43,0,43,0,0,45,0,45,24,0,24,69
07/05/2023,DTN,LA,ASW,CE,Federal Contract Tower,0,0,11,0,11,0,1,40,0,41,0,1,51,0,52,54,0,54,106
07/06/2023,DTN,LA,ASW,CE,Federal Contract Tower,0,0,14,0,14,0,0,31,0,31,0,0,45,0,45,28,0,28,73
07/07/2023,DTN,LA,ASW,CE,Federal Contract Tower,0,1,13,0,14,0,2,29,0,31,0,3,42,0,45,44,0,44,89
07/08/2023,DTN,LA,ASW,CE,Federal Contract Tower,0,0,6,0,6,0,2,40,0,42,0,2,46,0,48,30,0,30,78
07/09/2023,DTN,LA,ASW,CE,Federal Contract Tower,0,0,12,0,12,0,0,36,0,36,0,0,48,0,48,54,0,54,102
07/10/2023,DTN,LA,ASW,CE,Federal Contract Tower,0,1,14,0,15,0,0,33,0,33,0,1,47,0,48,114,0,114,162
07/11/2023,DTN,LA,ASW,CE,Federal Contract Tower,0,1,5,0,6,0,1,41,0,42,0,2,46,0,48,46,0,46,94
07/12/2023,DTN,LA,ASW,CE,Federal Contract Tower,0,0,13,0,13,0,2,46,0,48,0,2,59,0,61,122,0,122,183
07/13/2023,DTN,LA,ASW,CE,Federal Contract Tower,0,0,13,0,13,0,3,41,0,44,0,3,54,0,57,126,0,126,183
07/14/2023,DTN,LA,ASW,CE,Federal Contract Tower,0,1,20,0,21,0,1,50,0,51,0,2,70,0,72,78,0,78,150
07/15/2023,DTN,LA,ASW,CE,Federal Contract Tower,0,0,12,0,12,0,1,51,0,52,0,1,63,0,64,48,0,48,112
07/16/2023,DTN,LA,ASW,CE,Federal Contract Tower,0,0,13,0,13,0,1,34,0,35,0,1,47,0,48,14,0,14,62
07/17/2023,DTN,LA,ASW,CE,Federal Contract Tower,0,2,9,0,11,0,0,62,0,62,0,2,71,0,73,114,0,114,187
07/18/2023,DTN,LA,ASW,CE,Federal Contract Tower,0,0,17,0,17,0,0,37,0,37,0,0,54,0,54,14,0,14,68
07/19/2023,DTN,LA,ASW,CE,Federal Contract Tower,0,0,17,0,17,0,0,75,0,75,0,0,92,0,92,108,6,114,206
07/20/2023,DTN,LA,ASW,CE,Federal Contract Tower,0,0,20,0,20,0,1,50,0,51,0,1,70,0,71,52,0,52,123
07/21/2023,DTN,LA,ASW,CE,Federal Contract Tower,0,0,11,0,11,0,2,48,0,50,0,2,59,0,61,16,0,16,77
07/22/2023,DTN,LA,ASW,CE,Federal Contract Tower,0,0,15,0,15,0,0,17,0,17,0,0,32,0,32,6,0,6,38
07/23/2023,DTN,LA,ASW,CE,Federal Contract Tower,0,0,16,0,16,0,0,59,0,59,0,0,75,0,75,48,0,48,123
07/24/2023,DTN,LA,ASW,CE,Federal Contract Tower,0,0,15,0,15,0,0,51,0,51,0,0,66,0,66,68,0,68,134
07/25/2023,DTN,LA,ASW,CE,Federal Contract Tower,0,0,11,0,11,0,0,36,0,36,0,0,47,0,47,44,0,44,91
07/26/2023,DTN,LA,ASW,CE,Federal Contract Tower,0,0,13,0,13,0,0,35,0,35,0,0,48,0,48,110,0,110,158
07/27/2023,DTN,LA,ASW,CE,Federal Contract Tower,0,0,13,0,13,0,1,43,0,44,0,1,56,0,57,38,0,38,95
07/28/2023,DTN,LA,ASW,CE,Federal Contract Tower,0,0,10,0,10,0,2,42,0,44,0,2,52,0,54,8,0,8,62
07/29/2023,DTN,LA,ASW,CE,Federal Contract Tower,0,0,7,0,7,0,10,49,0,59,0,10,56,0,66,22,0,22,88
07/30/2023,DTN,LA,ASW,CE,Federal Contract Tower,0,2,20,0,22,0,4,39,0,43,0,6,59,0,65,82,0,82,147
07/31/2023,DTN,LA,ASW,CE,Federal Contract Tower,0,0,11,0,11,0,0,37,0,37,0,0,48,0,48,40,0,40,88
08/01/2023,DTN,LA,ASW,CE,Federal Contract Tower,0,0,8,0,8,0,0,34,0,34,0,0,42,0,42,54,0,54,96
08/02/2023,DTN,LA,ASW,CE,Federal Contract Tower,0,0,8,0,8,0,1,40,0,41,0,1,48,0,49,52,0,52,101
08/03/2023,DTN,LA,ASW,CE,Federal Contract Tower,0,0,12,0,12,0,0,37,0,37,0,0,49,0,49,50,0,50,99
08/04/2023,DTN,LA,ASW,CE,Federal Contract Tower,0,0,9,0,9,0,1,52,0,53,0,1,61,0,62,86,0,86,148
08/06/2023,DTN,LA,ASW,CE,Federal Contract Tower,0,0,4,0,4,0,0,44,0,44,0,0,48,0,48,70,0,70,118
08/07/2023,DTN,LA,ASW,CE,Federal Contract Tower,0,0,10,0,10,0,0,34,0,34,0,0,44,0,44,56,0,56,100
08/08/2023,DTN,LA,ASW,CE,Federal Contract Tower,0,0,7,0,7,0,0,37,0,37,0,0,44,0,44,64,0,64,108
08/09/2023,DTN,LA,ASW,CE,Federal Contract Tower,0,0,11,0,11,0,1,38,0,39,0,1,49,0,50,18,0,18,68
08/10/2023,DTN,LA,ASW,CE,Federal Contract Tower,0,0,25,0,25,0,2,52,0,54,0,2,77,0,79,86,0,86,165
08/11/2023,DTN,LA,ASW,CE,Federal Contract Tower,0,0,20,0,20,0,1,43,0,44,0,1,63,0,64,46,0,46,110
08/12/2023,DTN,LA,ASW,CE,Federal Contract Tower,0,0,9,0,9,0,0,52,0,52,0,0,61,0,61,34,0,34,95
08/13/2023,DTN,LA,ASW,CE,Federal Contract Tower,0,0,18,0,18,0,0,46,0,46,0,0,64,0,64,10,0,10,74
08/14/2023,DTN,LA,ASW,CE,Federal Contract Tower,0,0,8,0,8,0,0,61,0,61,0,0,69,0,69,90,0,90,159
08/15/2023,DTN,LA,ASW,CE,Federal Contract Tower,0,0,6,0,6,0,0,47,0,47,0,0,53,0,53,54,0,54,107
08/16/2023,DTN,LA,ASW,CE,Federal Contract Tower,0,0,7,0,7,0,1,51,0,52,0,1,58,0,59,62,0,62,121
08/17/2023,DTN,LA,ASW,CE,Federal Contract Tower,0,0,9,0,9,0,1,71,0,72,0,1,80,0,81,90,0,90,171
08/18/2023,DTN,LA,ASW,CE,Federal Contract Tower,0,0,8,0,8,0,1,49,0,50,0,1,57,0,58,22,0,22,80
08/19/2023,DTN,LA,ASW,CE,Federal Contract Tower,0,0,4,0,4,0,2,64,0,66,0,2,68,0,70,70,0,70,140
08/20/2023,DTN,LA,ASW,CE,Federal Contract Tower,0,0,10,0,10,0,0,50,0,50,0,0,60,0,60,18,0,18,78
08/21/2023,DTN,LA,ASW,CE,Federal Contract Tower,0,0,10,0,10,0,1,58,0,59,0,1,68,0,69,82,0,82,151
08/22/2023,DTN,LA,ASW,CE,Federal Contract Tower,0,0,9,0,9,0,0,43,0,43,0,0,52,0,52,18,0,18,70
08/23/2023,DTN,LA,ASW,CE,Federal Contract Tower,0,0,23,0,23,0,0,0,0,0,0,0,23,0,23,56,0,56,79
08/24/2023,DTN,LA,ASW,CE,Federal Contract Tower,0,0,18,0,18,0,0,54,0,54,0,0,72,0,72,42,0,42,114
08/25/2023,DTN,LA,ASW,CE,Federal Contract Tower,0,2,17,0,19,0,0,37,0,37,0,2,54,0,56,44,0,44,100
08/26/2023,DTN,LA,ASW,CE,Federal Contract Tower,0,0,6,0,6,0,15,38,0,53,0,15,44,0,59,60,0,60,119
08/28/2023,DTN,LA,ASW,CE,Federal Contract Tower,0,1,16,0,17,0,2,39,0,41,0,3,55,0,58,96,0,96,154
08/29/2023,DTN,LA,ASW,CE,Federal Contract Tower,0,0,17,0,17,0,4,44,0,48,0,4,61,0,65,16,0,16,81
08/30/2023,DTN,LA,ASW,CE,Federal Contract Tower,0,0,20,0,20,0,0,47,0,47,0,0,67,0,67,126,0,126,193
08/31/2023,DTN,LA,ASW,CE,Federal Contract Tower,0,0,7,0,7,0,0,57,0,57,0,0,64,0,64,84,0,84,148
