01/01/2020,HFD,CT,ANE,EN,Federal Contract Tower,0,0,2,0,2,0,2,26,0,28,0,2,28,0,30,32,0,32,62
01/02/2020,HFD,CT,ANE,EN,Federal Contract Tower,0,0,3,0,3,0,0,98,0,98,0,0,101,0,101,32,0,32,133
01/03/2020,HFD,CT,ANE,EN,Federal Contract Tower,0,0,4,0,4,0,0,20,0,20,0,0,24,0,24,34,0,34,58
01/04/2020,HFD,CT,ANE,EN,Federal Contract Tower,0,0,3,0,3,0,0,0,0,0,0,0,3,0,3,0,0,0,3
01/05/2020,HFD,CT,ANE,EN,Federal Contract Tower,0,0,4,0,4,0,0,19,0,19,0,0,23,0,23,0,0,0,23
01/06/2020,HFD,CT,ANE,EN,Federal Contract Tower,0,0,5,0,5,0,0,23,0,23,0,0,28,0,28,34,0,34,62
01/07/2020,HFD,CT,ANE,EN,Federal Contract Tower,0,0,5,0,5,0,0,66,0,66,0,0,71,0,71,74,0,74,145
01/08/2020,HFD,CT,ANE,EN,Federal Contract Tower,0,0,2,0,2,0,0,31,0,31,0,0,33,0,33,44,0,44,77
01/09/2020,HFD,CT,ANE,EN,Federal Contract Tower,0,0,4,0,4,0,0,103,0,103,0,0,107,0,107,86,0,86,193
01/10/2020,HFD,CT,ANE,EN,Federal Contract Tower,0,0,15,0,15,0,0,33,0,33,0,0,48,0,48,58,0,58,106
01/11/2020,HFD,CT,ANE,EN,Federal Contract Tower,0,0,6,0,6,0,0,30,0,30,0,0,36,0,36,0,0,0,36
01/12/2020,HFD,CT,ANE,EN,Federal Contract Tower,0,0,6,0,6,0,0,3,2,5,0,0,9,2,11,6,20,26,37
01/13/2020,HFD,CT,ANE,EN,Federal Contract Tower,0,0,18,0,18,0,0,10,0,10,0,0,28,0,28,84,0,84,112
01/14/2020,HFD,CT,ANE,EN,Federal Contract Tower,0,1,13,0,14,0,0,50,0,50,0,1,63,0,64,56,0,56,120
01/15/2020,HFD,CT,ANE,EN,Federal Contract Tower,0,2,8,0,10,0,0,114,0,114,0,2,122,0,124,164,0,164,288
01/16/2020,HFD,CT,ANE,EN,Federal Contract Tower,0,0,6,0,6,0,0,8,0,8,0,0,14,0,14,8,0,8,22
01/17/2020,HFD,CT,ANE,EN,Federal Contract Tower,0,0,2,0,2,0,0,39,0,39,0,0,41,0,41,54,0,54,95
01/18/2020,HFD,CT,ANE,EN,Federal Contract Tower,0,0,5,0,5,0,0,47,0,47,0,0,52,0,52,60,0,60,112
01/19/2020,HFD,CT,ANE,EN,Federal Contract Tower,0,0,1,0,1,0,0,18,0,18,0,0,19,0,19,10,0,10,29
01/20/2020,HFD,CT,ANE,EN,Federal Contract Tower,0,0,5,0,5,0,0,36,2,38,0,0,41,2,43,80,0,80,123
01/21/2020,HFD,CT,ANE,EN,Federal Contract Tower,0,2,11,0,13,0,1,62,0,63,0,3,73,0,76,86,0,86,162
01/22/2020,HFD,CT,ANE,EN,Federal Contract Tower,0,0,6,0,6,0,0,99,0,99,0,0,105,0,105,116,6,122,227
01/23/2020,HFD,CT,ANE,EN,Federal Contract Tower,0,0,11,0,11,0,0,86,0,86,0,0,97,0,97,92,0,92,189
01/24/2020,HFD,CT,ANE,EN,Federal Contract Tower,0,1,9,0,10,0,0,92,0,92,0,1,101,0,102,126,0,126,228
01/25/2020,HFD,CT,ANE,EN,Federal Contract Tower,0,0,0,0,0,0,0,0,0,0,0,0,0,0,0,8,0,8,8
01/26/2020,HFD,CT,ANE,EN,Federal Contract Tower,0,0,8,0,8,0,0,58,0,58,0,0,66,0,66,104,0,104,170
01/27/2020,HFD,CT,ANE,EN,Federal Contract Tower,0,0,6,0,6,0,0,55,0,55,0,0,61,0,61,0,62,62,123
01/28/2020,HFD,CT,ANE,EN,Federal Contract Tower,0,2,0,0,2,0,0,29,0,29,0,2,29,0,31,14,0,14,45
01/29/2020,HFD,CT,ANE,EN,Federal Contract Tower,0,5,11,0,16,0,0,81,4,85,0,5,92,4,101,132,0,132,233
01/30/2020,HFD,CT,ANE,EN,Federal Contract Tower,0,2,10,0,12,0,0,90,0,90,0,2,100,0,102,96,0,96,198
01/31/2020,HFD,CT,ANE,EN,Federal Contract Tower,0,0,6,0,6,0,1,70,0,71,0,1,76,0,77,100,0,100,177
02/01/2020,HFD,CT,ANE,EN,Federal Contract Tower,0,0,4,0,4,0,0,0,0,0,0,0,4,0,4,0,0,0,4
02/02/2020,HFD,CT,ANE,EN,Federal Contract Tower,0,0,5,0,5,0,0,71,0,71,0,0,76,0,76,74,0,74,150
02/03/2020,HFD,CT,ANE,EN,Federal Contract Tower,0,1,9,0,10,0,0,82,0,82,0,1,91,0,92,190,0,190,282
02/04/2020,HFD,CT,ANE,EN,Federal Contract Tower,0,3,11,0,14,0,0,63,0,63,0,3,74,0,77,144,0,144,221
02/05/2020,HFD,CT,ANE,EN,Federal Contract Tower,0,0,5,0,5,0,0,96,0,96,0,0,101,0,101,158,0,158,259
02/06/2020,HFD,CT,ANE,EN,Federal Contract Tower,0,0,0,0,0,0,0,0,0,0,0,0,0,0,0,0,0,0,0
02/07/2020,HFD,CT,ANE,EN,Federal Contract Tower,0,0,3,0,3,0,0,0,0,0,0,0,3,0,3,0,0,0,3
02/08/2020,HFD,CT,ANE,EN,Federal Contract Tower,0,0,4,0,4,0,0,63,1,64,0,0,67,1,68,118,28,146,214
02/09/2020,HFD,CT,ANE,EN,Federal Contract Tower,0,0,9,0,9,0,0,90,0,90,0,0,99,0,99,108,0,108,207
02/10/2020,HFD,CT,ANE,EN,Federal Contract Tower,0,0,6,0,6,0,0,44,0,44,0,0,50,0,50,44,0,44,94
02/11/2020,HFD,CT,ANE,EN,Federal Contract Tower,0,0,2,0,2,0,0,2,0,2,0,0,4,0,4,10,0,10,14
02/12/2020,HFD,CT,ANE,EN,Federal Contract Tower,0,3,12,0,15,0,1,117,0,118,0,4,129,0,133,124,2,126,259
02/13/2020,HFD,CT,ANE,EN,Federal Contract Tower,0,0,2,0,2,0,0,0,2,2,0,0,2,2,4,0,14,14,18
02/14/2020,HFD,CT,ANE,EN,Federal Contract Tower,0,0,6,0,6,0,0,26,0,26,0,0,32,0,32,24,0,24,56
02/15/2020,HFD,CT,ANE,EN,Federal Contract Tower,0,0,13,0,13,0,0,114,0,114,0,0,127,0,127,120,0,120,247
02/16/2020,HFD,CT,ANE,EN,Federal Contract Tower,0,0,5,0,5,0,0,88,0,88,0,0,93,0,93,88,0,88,181
02/17/2020,HFD,CT,ANE,EN,Federal Contract Tower,0,0,11,0,11,0,0,102,0,102,0,0,113,0,113,82,0,82,195
02/18/2020,HFD,CT,ANE,EN,Federal Contract Tower,0,3,5,0,8,0,0,1,0,1,0,3,6,0,9,12,0,12,21
02/19/2020,HFD,CT,ANE,EN,Federal Contract Tower,0,0,11,0,11,0,0,43,0,43,0,0,54,0,54,42,12,54,108
02/20/2020,HFD,CT,ANE,EN,Federal Contract Tower,0,0,8,0,8,0,1,95,0,96,0,1,103,0,104,108,0,108,212
02/21/2020,HFD,CT,ANE,EN,Federal Contract Tower,0,5,9,0,14,0,2,75,0,77,0,7,84,0,91,60,0,60,151
02/22/2020,HFD,CT,ANE,EN,Federal Contract Tower,0,0,7,0,7,0,0,97,0,97,0,0,104,0,104,60,0,60,164
02/23/2020,HFD,CT,ANE,EN,Federal Contract Tower,0,0,8,0,8,0,0,121,0,121,0,0,129,0,129,88,2,90,219
02/24/2020,HFD,CT,ANE,EN,Federal Contract Tower,0,0,4,0,4,0,0,134,0,134,0,0,138,0,138,130,0,130,268
02/25/2020,HFD,CT,ANE,EN,Federal Contract Tower,0,0,12,0,12,0,0,47,0,47,0,0,59,0,59,2,134,136,195
02/26/2020,HFD,CT,ANE,EN,Federal Contract Tower,0,8,9,0,17,0,0,5,0,5,0,8,14,0,22,26,0,26,48
02/27/2020,HFD,CT,ANE,EN,Federal Contract Tower,0,5,0,0,5,0,5,0,0,5,0,10,0,0,10,0,0,0,10
02/28/2020,HFD,CT,ANE,EN,Federal Contract Tower,0,1,11,0,12,0,0,45,0,45,0,1,56,0,57,34,0,34,91
02/29/2020,HFD,CT,ANE,EN,Federal Contract Tower,0,2,10,0,12,0,0,53,0,53,0,2,63,0,65,92,0,92,157
03/01/2020,HFD,CT,ANE,EN,Federal Contract Tower,0,0,7,0,7,0,0,51,0,51,0,0,58,0,58,46,0,46,104
03/02/2020,HFD,CT,ANE,EN,Federal Contract Tower,0,1,10,0,11,0,0,80,0,80,0,1,90,0,91,20,0,20,111
03/03/2020,HFD,CT,ANE,EN,Federal Contract Tower,0,1,6,0,7,0,0,38,0,38,0,1,44,0,45,20,0,20,65
03/04/2020,HFD,CT,ANE,EN,Federal Contract Tower,0,3,11,0,14,0,1,20,0,21,0,4,31,0,35,26,2,28,63
03/05/2020,HFD,CT,ANE,EN,Federal Contract Tower,0,0,9,0,9,0,1,104,2,107,0,1,113,2,116,70,0,70,186
03/06/2020,HFD,CT,ANE,EN,Federal Contract Tower,0,0,13,0,13,0,0,69,0,69,0,0,82,0,82,134,0,134,216
03/07/2020,HFD,CT,ANE,EN,Federal Contract Tower,0,0,4,0,4,0,0,57,0,57,0,0,61,0,61,54,0,54,115
03/08/2020,HFD,CT,ANE,EN,Federal Contract Tower,0,0,9,0,9,0,0,97,0,97,0,0,106,0,106,80,0,80,186
03/09/2020,HFD,CT,ANE,EN,Federal Contract Tower,0,0,9,0,9,0,1,79,0,80,0,1,88,0,89,76,0,76,165
03/10/2020,HFD,CT,ANE,EN,Federal Contract Tower,0,2,12,0,14,0,2,39,0,41,0,4,51,0,55,34,0,34,89
03/11/2020,HFD,CT,ANE,EN,Federal Contract Tower,0,2,17,0,19,0,2,88,0,90,0,4,105,0,109,80,0,80,189
03/12/2020,HFD,CT,ANE,EN,Federal Contract Tower,0,0,13,0,13,0,0,35,0,35,0,0,48,0,48,58,0,58,106
03/13/2020,HFD,CT,ANE,EN,Federal Contract Tower,0,0,3,0,3,0,0,1,0,1,0,0,4,0,4,6,0,6,10
03/14/2020,HFD,CT,ANE,EN,Federal Contract Tower,0,0,5,0,5,0,0,80,0,80,0,0,85,0,85,80,0,80,165
03/15/2020,HFD,CT,ANE,EN,Federal Contract Tower,0,0,5,0,5,0,0,114,0,114,0,0,119,0,119,96,0,96,215
03/16/2020,HFD,CT,ANE,EN,Federal Contract Tower,0,0,8,0,8,0,0,64,0,64,0,0,72,0,72,84,0,84,156
03/17/2020,HFD,CT,ANE,EN,Federal Contract Tower,0,0,2,0,2,0,0,0,0,0,0,0,2,0,2,0,0,0,2
03/18/2020,HFD,CT,ANE,EN,Federal Contract Tower,0,7,0,0,7,0,1,83,0,84,0,8,83,0,91,74,2,76,167
03/19/2020,HFD,CT,ANE,EN,Federal Contract Tower,0,0,1,0,1,0,0,0,0,0,0,0,1,0,1,0,0,0,1
03/20/2020,HFD,CT,ANE,EN,Federal Contract Tower,0,0,4,0,4,0,0,4,0,4,0,0,8,0,8,6,0,6,14
03/21/2020,HFD,CT,ANE,EN,Federal Contract Tower,0,0,7,0,7,0,0,54,0,54,0,0,61,0,61,48,0,48,109
03/22/2020,HFD,CT,ANE,EN,Federal Contract Tower,0,3,7,0,10,0,1,99,0,100,0,4,106,0,110,106,0,106,216
03/23/2020,HFD,CT,ANE,EN,Federal Contract Tower,0,0,1,0,1,0,0,2,0,2,0,0,3,0,3,0,0,0,3
03/24/2020,HFD,CT,ANE,EN,Federal Contract Tower,0,0,5,2,7,0,0,29,0,29,0,0,34,2,36,48,0,48,84
03/25/2020,HFD,CT,ANE,EN,Federal Contract Tower,0,0,0,0,0,0,0,8,2,10,0,0,8,2,10,30,0,30,40
03/26/2020,HFD,CT,ANE,EN,Federal Contract Tower,0,0,2,0,2,0,6,54,0,60,0,6,56,0,62,46,4,50,112
03/27/2020,HFD,CT,ANE,EN,Federal Contract Tower,0,0,4,0,4,0,0,44,0,44,0,0,48,0,48,14,0,14,62
03/28/2020,HFD,CT,ANE,EN,Federal Contract Tower,0,0,3,0,3,0,0,59,0,59,0,0,62,0,62,92,0,92,154
03/29/2020,HFD,CT,ANE,EN,Federal Contract Tower,0,0,0,0,0,0,0,0,0,0,0,0,0,0,0,0,0,0,0
03/30/2020,HFD,CT,ANE,EN,Federal Contract Tower,0,0,4,0,4,0,0,1,0,1,0,0,5,0,5,0,0,0,5
03/31/2020,HFD,CT,ANE,EN,Federal Contract Tower,0,0,2,0,2,0,0,18,0,18,0,0,20,0,20,90,0,90,110
04/01/2020,HFD,CT,ANE,EN,Federal Contract Tower,0,0,0,0,0,0,1,60,0,61,0,1,60,0,61,58,8,66,127
04/02/2020,HFD,CT,ANE,EN,Federal Contract Tower,0,1,0,0,1,0,0,5,0,5,0,1,5,0,6,0,0,0,6
04/03/2020,HFD,CT,ANE,EN,Federal Contract Tower,0,1,2,0,3,0,0,3,0,3,0,1,5,0,6,16,0,16,22
04/04/2020,HFD,CT,ANE,EN,Federal Contract Tower,0,0,7,0,7,0,0,31,0,31,0,0,38,0,38,124,0,124,162
04/05/2020,HFD,CT,ANE,EN,Federal Contract Tower,0,0,9,0,9,0,0,31,0,31,0,0,40,0,40,68,0,68,108
04/06/2020,HFD,CT,ANE,EN,Federal Contract Tower,0,0,7,0,7,0,0,59,0,59,0,0,66,0,66,54,0,54,120
04/07/2020,HFD,CT,ANE,EN,Federal Contract Tower,0,0,1,0,1,0,0,50,0,50,0,0,51,0,51,26,0,26,77
04/08/2020,HFD,CT,ANE,EN,Federal Contract Tower,0,0,13,0,13,0,0,14,0,14,0,0,27,0,27,48,0,48,75
04/09/2020,HFD,CT,ANE,EN,Federal Contract Tower,0,0,0,0,0,0,0,0,0,0,0,0,0,0,0,0,0,0,0
04/10/2020,HFD,CT,ANE,EN,Federal Contract Tower,0,0,0,0,0,0,0,4,0,4,0,0,4,0,4,0,0,0,4
04/11/2020,HFD,CT,ANE,EN,Federal Contract Tower,0,0,0,0,0,0,0,16,0,16,0,0,16,0,16,26,0,26,42
04/12/2020,HFD,CT,ANE,EN,Federal Contract Tower,0,0,3,0,3,0,1,69,0,70,0,1,72,0,73,38,0,38,111
04/13/2020,HFD,CT,ANE,EN,Federal Contract Tower,0,0,0,0,0,0,0,0,0,0,0,0,0,0,0,0,0,0,0
04/14/2020,HFD,CT,ANE,EN,Federal Contract Tower,0,0,5,0,5,0,0,60,0,60,0,0,65,0,65,26,0,26,91
04/15/2020,HFD,CT,ANE,EN,Federal Contract Tower,0,0,4,0,4,0,0,18,0,18,0,0,22,0,22,6,0,6,28
04/16/2020,HFD,CT,ANE,EN,Federal Contract Tower,0,0,0,0,0,0,1,10,2,13,0,1,10,2,13,18,0,18,31
04/17/2020,HFD,CT,ANE,EN,Federal Contract Tower,0,0,1,0,1,0,0,34,0,34,0,0,35,0,35,20,0,20,55
04/18/2020,HFD,CT,ANE,EN,Federal Contract Tower,0,0,0,0,0,0,0,0,0,0,0,0,0,0,0,0,0,0,0
04/19/2020,HFD,CT,ANE,EN,Federal Contract Tower,0,0,0,0,0,0,0,56,0,56,0,0,56,0,56,12,0,12,68
04/20/2020,HFD,CT,ANE,EN,Federal Contract Tower,0,0,1,0,1,0,0,58,0,58,0,0,59,0,59,100,0,100,159
04/21/2020,HFD,CT,ANE,EN,Federal Contract Tower,0,0,2,0,2,0,0,6,0,6,0,0,8,0,8,12,0,12,20
04/22/2020,HFD,CT,ANE,EN,Federal Contract Tower,0,0,1,0,1,0,0,5,0,5,0,0,6,0,6,0,0,0,6
04/23/2020,HFD,CT,ANE,EN,Federal Contract Tower,0,0,2,2,4,0,2,85,0,87,0,2,87,2,91,136,0,136,227
04/24/2020,HFD,CT,ANE,EN,Federal Contract Tower,0,0,7,0,7,0,0,1,0,1,0,0,8,0,8,14,0,14,22
04/25/2020,HFD,CT,ANE,EN,Federal Contract Tower,0,0,2,0,2,0,0,115,0,115,0,0,117,0,117,94,0,94,211
04/26/2020,HFD,CT,ANE,EN,Federal Contract Tower,0,0,0,0,0,0,0,15,0,15,0,0,15,0,15,60,0,60,75
04/27/2020,HFD,CT,ANE,EN,Federal Contract Tower,0,0,10,0,10,0,0,0,0,0,0,0,10,0,10,0,0,0,10
04/28/2020,HFD,CT,ANE,EN,Federal Contract Tower,0,2,7,0,9,0,0,71,0,71,0,2,78,0,80,100,0,100,180
04/29/2020,HFD,CT,ANE,EN,Federal Contract Tower,0,0,5,2,7,0,0,77,0,77,0,0,82,2,84,122,6,128,212
04/30/2020,HFD,CT,ANE,EN,Federal Contract Tower,0,0,2,1,3,0,0,0,0,0,0,0,2,1,3,0,0,0,3
05/01/2020,HFD,CT,ANE,EN,Federal Contract Tower,0,0,8,0,8,0,0,5,0,5,0,0,13,0,13,70,0,70,83
05/02/2020,HFD,CT,ANE,EN,Federal Contract Tower,0,0,6,0,6,0,0,79,0,79,0,0,85,0,85,112,0,112,197
05/03/2020,HFD,CT,ANE,EN,Federal Contract Tower,0,0,8,0,8,0,0,59,0,59,0,0,67,0,67,58,0,58,125
05/04/2020,HFD,CT,ANE,EN,Federal Contract Tower,0,0,1,0,1,0,2,32,0,34,0,2,33,0,35,62,0,62,97
05/05/2020,HFD,CT,ANE,EN,Federal Contract Tower,0,0,3,0,3,0,3,50,0,53,0,3,53,0,56,39,0,39,95
05/06/2020,HFD,CT,ANE,EN,Federal Contract Tower,0,0,9,0,9,0,3,60,0,63,0,3,69,0,72,76,0,76,148
05/07/2020,HFD,CT,ANE,EN,Federal Contract Tower,0,0,9,0,9,0,0,92,0,92,0,0,101,0,101,74,2,76,177
05/08/2020,HFD,CT,ANE,EN,Federal Contract Tower,0,0,4,0,4,0,0,47,0,47,0,0,51,0,51,118,0,118,169
05/09/2020,HFD,CT,ANE,EN,Federal Contract Tower,0,0,0,0,0,0,0,0,0,0,0,0,0,0,0,0,0,0,0
05/10/2020,HFD,CT,ANE,EN,Federal Contract Tower,0,0,4,0,4,0,0,16,0,16,0,0,20,0,20,8,0,8,28
05/11/2020,HFD,CT,ANE,EN,Federal Contract Tower,0,0,6,0,6,0,0,13,0,13,0,0,19,0,19,110,0,110,129
05/12/2020,HFD,CT,ANE,EN,Federal Contract Tower,0,0,1,0,1,0,1,47,0,48,0,1,48,0,49,86,2,88,137
05/13/2020,HFD,CT,ANE,EN,Federal Contract Tower,0,0,3,0,3,0,2,62,0,64,0,2,65,0,67,88,0,88,155
05/14/2020,HFD,CT,ANE,EN,Federal Contract Tower,0,0,1,0,1,0,3,124,0,127,0,3,125,0,128,142,0,142,270
05/15/2020,HFD,CT,ANE,EN,Federal Contract Tower,0,0,4,0,4,0,0,32,0,32,0,0,36,0,36,36,0,36,72
05/16/2020,HFD,CT,ANE,EN,Federal Contract Tower,0,0,8,0,8,0,0,78,2,80,0,0,86,2,88,132,0,132,220
05/17/2020,HFD,CT,ANE,EN,Federal Contract Tower,0,0,2,0,2,0,0,89,0,89,0,0,91,0,91,100,0,100,191
05/18/2020,HFD,CT,ANE,EN,Federal Contract Tower,0,0,5,0,5,0,0,64,0,64,0,0,69,0,69,94,0,94,163
05/19/2020,HFD,CT,ANE,EN,Federal Contract Tower,0,0,4,0,4,0,1,37,0,38,0,1,41,0,42,46,0,46,88
05/20/2020,HFD,CT,ANE,EN,Federal Contract Tower,0,2,13,0,15,0,6,105,0,111,0,8,118,0,126,124,0,124,250
05/21/2020,HFD,CT,ANE,EN,Federal Contract Tower,0,0,7,0,7,0,7,119,0,126,0,7,126,0,133,130,0,130,263
05/22/2020,HFD,CT,ANE,EN,Federal Contract Tower,0,0,15,0,15,0,1,105,0,106,0,1,120,0,121,144,0,144,265
05/23/2020,HFD,CT,ANE,EN,Federal Contract Tower,0,0,10,0,10,0,0,1,0,1,0,0,11,0,11,0,0,0,11
05/24/2020,HFD,CT,ANE,EN,Federal Contract Tower,0,0,11,0,11,0,0,88,0,88,0,0,99,0,99,136,0,136,235
05/25/2020,HFD,CT,ANE,EN,Federal Contract Tower,0,0,23,0,23,0,0,4,0,4,0,0,27,0,27,16,0,16,43
05/26/2020,HFD,CT,ANE,EN,Federal Contract Tower,0,0,17,1,18,0,0,50,0,50,0,0,67,1,68,64,0,64,132
05/27/2020,HFD,CT,ANE,EN,Federal Contract Tower,0,0,13,0,13,0,2,68,0,70,0,2,81,0,83,70,0,70,153
05/28/2020,HFD,CT,ANE,EN,Federal Contract Tower,0,0,18,0,18,0,0,4,0,4,0,0,22,0,22,8,0,8,30
05/29/2020,HFD,CT,ANE,EN,Federal Contract Tower,0,0,10,0,10,0,0,0,0,0,0,0,10,0,10,10,0,10,20
05/30/2020,HFD,CT,ANE,EN,Federal Contract Tower,0,0,10,0,10,0,0,66,0,66,0,0,76,0,76,72,0,72,148
05/31/2020,HFD,CT,ANE,EN,Federal Contract Tower,0,0,5,0,5,0,0,78,0,78,0,0,83,0,83,60,0,60,143
06/01/2020,HFD,CT,ANE,EN,Federal Contract Tower,0,0,9,0,9,0,0,73,0,73,0,0,82,0,82,90,0,90,172
06/02/2020,HFD,CT,ANE,EN,Federal Contract Tower,0,0,9,0,9,0,3,99,0,102,0,3,108,0,111,190,0,190,301
06/03/2020,HFD,CT,ANE,EN,Federal Contract Tower,0,0,12,0,12,0,0,71,0,71,0,0,83,0,83,0,118,118,201
06/04/2020,HFD,CT,ANE,EN,Federal Contract Tower,0,1,14,0,15,0,9,97,2,108,0,10,111,2,123,52,2,54,177
06/05/2020,HFD,CT,ANE,EN,Federal Contract Tower,0,1,14,0,15,0,0,25,0,25,0,1,39,0,40,32,0,32,72
06/06/2020,HFD,CT,ANE,EN,Federal Contract Tower,0,0,9,0,9,0,0,27,2,29,0,0,36,2,38,60,0,60,98
06/07/2020,HFD,CT,ANE,EN,Federal Contract Tower,0,0,10,0,10,0,0,54,0,54,0,0,64,0,64,86,0,86,150
06/08/2020,HFD,CT,ANE,EN,Federal Contract Tower,0,0,3,0,3,0,1,94,0,95,0,1,97,0,98,112,0,112,210
06/09/2020,HFD,CT,ANE,EN,Federal Contract Tower,0,2,9,2,13,0,1,112,0,113,0,3,121,2,126,108,0,108,234
06/10/2020,HFD,CT,ANE,EN,Federal Contract Tower,0,0,9,0,9,0,0,73,0,73,0,0,82,0,82,108,0,108,190
06/11/2020,HFD,CT,ANE,EN,Federal Contract Tower,0,0,4,0,4,0,0,0,0,0,0,0,4,0,4,0,0,0,4
06/12/2020,HFD,CT,ANE,EN,Federal Contract Tower,0,0,8,0,8,0,0,124,0,124,0,0,132,0,132,160,14,174,306
06/13/2020,HFD,CT,ANE,EN,Federal Contract Tower,0,0,8,0,8,0,0,118,0,118,0,0,126,0,126,124,0,124,250
06/14/2020,HFD,CT,ANE,EN,Federal Contract Tower,0,0,0,0,0,0,0,82,0,82,0,0,82,0,82,98,0,98,180
06/15/2020,HFD,CT,ANE,EN,Federal Contract Tower,0,0,10,0,10,0,2,78,0,80,0,2,88,0,90,118,0,118,208
06/16/2020,HFD,CT,ANE,EN,Federal Contract Tower,0,0,16,0,16,0,2,102,4,108,0,2,118,4,124,167,7,174,298
06/17/2020,HFD,CT,ANE,EN,Federal Contract Tower,0,1,15,0,16,0,1,118,0,119,0,2,133,0,135,184,16,200,335
06/18/2020,HFD,CT,ANE,EN,Federal Contract Tower,0,5,25,0,30,0,1,97,0,98,0,6,122,0,128,118,0,118,246
06/19/2020,HFD,CT,ANE,EN,Federal Contract Tower,0,0,14,0,14,0,0,75,0,75,0,0,89,0,89,126,0,126,215
06/20/2020,HFD,CT,ANE,EN,Federal Contract Tower,0,0,8,0,8,0,0,99,0,99,0,0,107,0,107,102,0,102,209
06/21/2020,HFD,CT,ANE,EN,Federal Contract Tower,0,4,11,0,15,0,0,77,0,77,0,4,88,0,92,28,0,28,120
06/22/2020,HFD,CT,ANE,EN,Federal Contract Tower,0,22,14,0,36,0,0,106,0,106,0,22,120,0,142,138,0,138,280
06/23/2020,HFD,CT,ANE,EN,Federal Contract Tower,0,8,11,2,21,0,0,108,0,108,0,8,119,2,129,98,0,98,227
06/24/2020,HFD,CT,ANE,EN,Federal Contract Tower,0,0,3,1,4,0,0,39,0,39,0,0,42,1,43,72,12,84,127
06/25/2020,HFD,CT,ANE,EN,Federal Contract Tower,0,0,7,0,7,0,5,124,0,129,0,5,131,0,136,152,0,152,288
06/26/2020,HFD,CT,ANE,EN,Federal Contract Tower,0,4,11,0,15,0,0,152,0,152,0,4,163,0,167,146,0,146,313
06/27/2020,HFD,CT,ANE,EN,Federal Contract Tower,0,2,6,1,9,0,0,46,0,46,0,2,52,1,55,76,0,76,131
06/28/2020,HFD,CT,ANE,EN,Federal Contract Tower,0,18,9,0,27,0,1,28,0,29,0,19,37,0,56,148,0,148,204
06/29/2020,HFD,CT,ANE,EN,Federal Contract Tower,0,3,11,0,14,0,0,31,0,31,0,3,42,0,45,52,0,52,97
06/30/2020,HFD,CT,ANE,EN,Federal Contract Tower,0,2,11,0,13,0,3,6,0,9,0,5,17,0,22,18,0,18,40
07/01/2020,HFD,CT,ANE,EN,Federal Contract Tower,0,2,14,0,16,0,0,32,0,32,0,2,46,0,48,70,0,70,118
07/02/2020,HFD,CT,ANE,EN,Federal Contract Tower,0,4,12,0,16,0,0,123,0,123,0,4,135,0,139,88,0,88,227
07/03/2020,HFD,CT,ANE,EN,Federal Contract Tower,0,0,8,0,8,0,0,40,0,40,0,0,48,0,48,54,0,54,102
07/04/2020,HFD,CT,ANE,EN,Federal Contract Tower,0,0,4,0,4,0,0,57,0,57,0,0,61,0,61,74,0,74,135
07/05/2020,HFD,CT,ANE,EN,Federal Contract Tower,0,0,19,0,19,0,0,73,0,73,0,0,92,0,92,52,0,52,144
07/06/2020,HFD,CT,ANE,EN,Federal Contract Tower,0,0,9,0,9,0,3,75,0,78,0,3,84,0,87,94,0,94,181
07/07/2020,HFD,CT,ANE,EN,Federal Contract Tower,0,0,28,0,28,0,0,21,0,21,0,0,49,0,49,102,0,102,151
07/08/2020,HFD,CT,ANE,EN,Federal Contract Tower,0,0,7,0,7,0,0,24,0,24,0,0,31,0,31,26,0,26,57
07/09/2020,HFD,CT,ANE,EN,Federal Contract Tower,0,2,10,2,14,0,0,100,0,100,0,2,110,2,114,78,0,78,192
07/10/2020,HFD,CT,ANE,EN,Federal Contract Tower,0,0,11,0,11,0,0,3,0,3,0,0,14,0,14,16,0,16,30
07/11/2020,HFD,CT,ANE,EN,Federal Contract Tower,0,0,15,0,15,0,0,14,0,14,0,0,29,0,29,46,0,46,75
07/12/2020,HFD,CT,ANE,EN,Federal Contract Tower,0,0,11,0,11,0,0,125,0,125,0,0,136,0,136,146,0,146,282
07/13/2020,HFD,CT,ANE,EN,Federal Contract Tower,0,0,4,0,4,0,0,81,0,81,0,0,85,0,85,106,0,106,191
07/14/2020,HFD,CT,ANE,EN,Federal Contract Tower,0,0,7,2,9,0,0,88,0,88,0,0,95,2,97,110,0,110,207
07/15/2020,HFD,CT,ANE,EN,Federal Contract Tower,0,0,15,0,15,0,0,104,0,104,0,0,119,0,119,126,0,126,245
07/16/2020,HFD,CT,ANE,EN,Federal Contract Tower,0,0,9,3,12,0,0,141,1,142,0,0,150,4,154,118,8,126,280
07/17/2020,HFD,CT,ANE,EN,Federal Contract Tower,0,0,18,0,18,0,0,2,0,2,0,0,20,0,20,0,0,0,20
07/18/2020,HFD,CT,ANE,EN,Federal Contract Tower,0,0,1,0,1,0,0,111,0,111,0,0,112,0,112,94,0,94,206
07/19/2020,HFD,CT,ANE,EN,Federal Contract Tower,0,1,11,0,12,0,0,105,0,105,0,1,116,0,117,126,0,126,243
07/20/2020,HFD,CT,ANE,EN,Federal Contract Tower,0,0,10,0,10,0,0,54,0,54,0,0,64,0,64,66,0,66,130
07/21/2020,HFD,CT,ANE,EN,Federal Contract Tower,0,0,6,1,7,0,4,114,0,118,0,4,120,1,125,86,0,86,211
07/22/2020,HFD,CT,ANE,EN,Federal Contract Tower,0,2,13,0,15,0,0,63,2,65,0,2,76,2,80,104,4,108,188
07/23/2020,HFD,CT,ANE,EN,Federal Contract Tower,0,1,13,0,14,0,0,38,0,38,0,1,51,0,52,42,0,42,94
07/24/2020,HFD,CT,ANE,EN,Federal Contract Tower,0,1,12,1,14,0,0,109,0,109,0,1,121,1,123,106,0,106,229
07/25/2020,HFD,CT,ANE,EN,Federal Contract Tower,0,2,8,0,10,0,0,111,0,111,0,2,119,0,121,112,0,112,233
07/26/2020,HFD,CT,ANE,EN,Federal Contract Tower,0,2,4,0,6,0,2,59,0,61,0,4,63,0,67,62,0,62,129
07/27/2020,HFD,CT,ANE,EN,Federal Contract Tower,0,1,6,0,7,0,0,89,0,89,0,1,95,0,96,74,0,74,170
07/28/2020,HFD,CT,ANE,EN,Federal Contract Tower,0,1,13,0,14,0,0,62,0,62,0,1,75,0,76,62,22,84,160
07/29/2020,HFD,CT,ANE,EN,Federal Contract Tower,0,0,17,0,17,0,1,130,0,131,0,1,147,0,148,116,0,116,264
07/30/2020,HFD,CT,ANE,EN,Federal Contract Tower,0,0,6,0,6,0,0,62,0,62,0,0,68,0,68,70,28,98,166
07/31/2020,HFD,CT,ANE,EN,Federal Contract Tower,0,0,15,0,15,0,0,103,0,103,0,0,118,0,118,120,0,120,238
08/01/2020,HFD,CT,ANE,EN,Federal Contract Tower,0,0,4,0,4,0,0,129,0,129,0,0,133,0,133,62,0,62,195
08/02/2020,HFD,CT,ANE,EN,Federal Contract Tower,0,0,4,0,4,0,0,11,0,11,0,0,15,0,15,20,0,20,35
08/03/2020,HFD,CT,ANE,EN,Federal Contract Tower,0,0,3,0,3,0,0,107,0,107,0,0,110,0,110,86,2,88,198
08/06/2020,HFD,CT,ANE,EN,Federal Contract Tower,0,0,9,0,9,0,1,86,0,87,0,1,95,0,96,18,0,18,114
08/07/2020,HFD,CT,ANE,EN,Federal Contract Tower,0,0,15,0,15,0,0,54,0,54,0,0,69,0,69,68,0,68,137
08/08/2020,HFD,CT,ANE,EN,Federal Contract Tower,0,0,14,0,14,0,0,80,0,80,0,0,94,0,94,32,0,32,126
08/09/2020,HFD,CT,ANE,EN,Federal Contract Tower,0,0,6,0,6,0,0,102,0,102,0,0,108,0,108,68,0,68,176
08/10/2020,HFD,CT,ANE,EN,Federal Contract Tower,0,0,10,0,10,0,0,77,0,77,0,0,87,0,87,84,0,84,171
08/11/2020,HFD,CT,ANE,EN,Federal Contract Tower,0,2,10,2,14,0,4,64,0,68,0,6,74,2,82,68,0,68,150
08/12/2020,HFD,CT,ANE,EN,Federal Contract Tower,0,3,3,0,6,0,4,68,0,72,0,7,71,0,78,160,0,160,238
08/13/2020,HFD,CT,ANE,EN,Federal Contract Tower,0,0,22,0,22,0,0,101,0,101,0,0,123,0,123,108,0,108,231
08/14/2020,HFD,CT,ANE,EN,Federal Contract Tower,0,1,13,0,14,0,0,112,0,112,0,1,125,0,126,118,6,124,250
08/15/2020,HFD,CT,ANE,EN,Federal Contract Tower,0,0,12,0,12,0,0,55,0,55,0,0,67,0,67,80,0,80,147
08/16/2020,HFD,CT,ANE,EN,Federal Contract Tower,0,2,10,2,14,0,0,8,0,8,0,2,18,2,22,36,0,36,58
08/17/2020,HFD,CT,ANE,EN,Federal Contract Tower,0,0,16,0,16,0,0,93,0,93,0,0,109,0,109,108,0,108,217
08/18/2020,HFD,CT,ANE,EN,Federal Contract Tower,0,6,10,0,16,0,2,90,0,92,0,8,100,0,108,80,10,90,198
08/19/2020,HFD,CT,ANE,EN,Federal Contract Tower,0,0,10,0,10,0,2,91,0,93,0,2,101,0,103,84,4,88,191
08/20/2020,HFD,CT,ANE,EN,Federal Contract Tower,0,0,6,0,6,0,0,114,0,114,0,0,120,0,120,94,0,94,214
08/21/2020,HFD,CT,ANE,EN,Federal Contract Tower,0,2,10,0,12,0,2,144,0,146,0,4,154,0,158,70,0,70,228
08/22/2020,HFD,CT,ANE,EN,Federal Contract Tower,0,1,1,0,2,0,1,91,0,92,0,2,92,0,94,26,0,26,120
08/23/2020,HFD,CT,ANE,EN,Federal Contract Tower,0,0,6,0,6,0,0,86,0,86,0,0,92,0,92,66,0,66,158
08/24/2020,HFD,CT,ANE,EN,Federal Contract Tower,0,0,9,0,9,0,0,58,0,58,0,0,67,0,67,92,0,92,159
08/25/2020,HFD,CT,ANE,EN,Federal Contract Tower,0,4,12,0,16,0,2,75,0,77,0,6,87,0,93,62,0,62,155
08/26/2020,HFD,CT,ANE,EN,Federal Contract Tower,0,2,7,0,9,0,2,120,0,122,0,4,127,0,131,24,0,24,155
08/27/2020,HFD,CT,ANE,EN,Federal Contract Tower,0,0,19,0,19,0,0,17,0,17,0,0,36,0,36,16,0,16,52
08/28/2020,HFD,CT,ANE,EN,Federal Contract Tower,0,2,11,0,13,0,0,111,0,111,0,2,122,0,124,118,0,118,242
08/29/2020,HFD,CT,ANE,EN,Federal Contract Tower,0,2,5,0,7,0,0,2,0,2,0,2,7,0,9,0,0,0,9
08/30/2020,HFD,CT,ANE,EN,Federal Contract Tower,0,1,10,0,11,0,0,61,0,61,0,1,71,0,72,24,0,24,96
08/31/2020,HFD,CT,ANE,EN,Federal Contract Tower,0,2,9,0,11,0,1,115,0,116,0,3,124,0,127,194,0,194,321
09/01/2020,HFD,CT,ANE,EN,Federal Contract Tower,0,2,13,0,15,0,0,83,0,83,0,2,96,0,98,178,0,178,276
09/02/2020,HFD,CT,ANE,EN,Federal Contract Tower,0,2,10,0,12,0,0,0,0,0,0,2,10,0,12,0,0,0,12
09/03/2020,HFD,CT,ANE,EN,Federal Contract Tower,0,0,10,0,10,0,0,98,0,98,0,0,108,0,108,152,0,152,260
09/04/2020,HFD,CT,ANE,EN,Federal Contract Tower,0,0,5,0,5,0,0,0,0,0,0,0,5,0,5,86,0,86,91
09/05/2020,HFD,CT,ANE,EN,Federal Contract Tower,0,0,9,0,9,0,1,116,0,117,0,1,125,0,126,90,0,90,216
09/06/2020,HFD,CT,ANE,EN,Federal Contract Tower,0,0,8,0,8,0,1,71,0,72,0,1,79,0,80,24,0,24,104
09/07/2020,HFD,CT,ANE,EN,Federal Contract Tower,0,0,4,0,4,0,0,108,0,108,0,0,112,0,112,118,0,118,230
09/08/2020,HFD,CT,ANE,EN,Federal Contract Tower,0,2,7,0,9,0,2,71,0,73,0,4,78,0,82,136,0,136,218
09/09/2020,HFD,CT,ANE,EN,Federal Contract Tower,0,0,7,0,7,0,0,73,0,73,0,0,80,0,80,96,0,96,176
09/10/2020,HFD,CT,ANE,EN,Federal Contract Tower,0,2,11,0,13,0,0,0,0,0,0,2,11,0,13,0,0,0,13
09/11/2020,HFD,CT,ANE,EN,Federal Contract Tower,0,0,16,0,16,0,0,75,0,75,0,0,91,0,91,108,8,116,207
09/12/2020,HFD,CT,ANE,EN,Federal Contract Tower,0,0,10,0,10,0,0,138,0,138,0,0,148,0,148,76,0,76,224
09/13/2020,HFD,CT,ANE,EN,Federal Contract Tower,0,0,16,0,16,0,0,42,0,42,0,0,58,0,58,76,0,76,134
09/14/2020,HFD,CT,ANE,EN,Federal Contract Tower,0,6,6,1,13,0,0,54,1,55,0,6,60,2,68,52,6,58,126
09/15/2020,HFD,CT,ANE,EN,Federal Contract Tower,0,0,12,0,12,0,1,84,3,88,0,1,96,3,100,46,0,46,146
09/16/2020,HFD,CT,ANE,EN,Federal Contract Tower,0,3,7,0,10,0,0,88,0,88,0,3,95,0,98,62,0,62,160
09/17/2020,HFD,CT,ANE,EN,Federal Contract Tower,0,0,11,1,12,0,5,86,0,91,0,5,97,1,103,162,0,162,265
09/18/2020,HFD,CT,ANE,EN,Federal Contract Tower,0,0,29,0,29,0,0,57,0,57,0,0,86,0,86,54,0,54,140
09/19/2020,HFD,CT,ANE,EN,Federal Contract Tower,0,0,4,0,4,0,0,103,0,103,0,0,107,0,107,142,0,142,249
09/20/2020,HFD,CT,ANE,EN,Federal Contract Tower,0,0,5,0,5,0,0,67,0,67,0,0,72,0,72,51,0,51,123
09/21/2020,HFD,CT,ANE,EN,Federal Contract Tower,0,0,8,0,8,0,0,78,0,78,0,0,86,0,86,24,0,24,110
09/22/2020,HFD,CT,ANE,EN,Federal Contract Tower,0,1,4,0,5,0,0,61,2,63,0,1,65,2,68,42,4,46,114
09/23/2020,HFD,CT,ANE,EN,Federal Contract Tower,0,1,5,0,6,0,2,111,0,113,0,3,116,0,119,116,8,124,243
09/24/2020,HFD,CT,ANE,EN,Federal Contract Tower,0,6,5,0,11,0,1,110,0,111,0,7,115,0,122,88,0,88,210
09/25/2020,HFD,CT,ANE,EN,Federal Contract Tower,0,0,8,0,8,0,0,110,0,110,0,0,118,0,118,96,0,96,214
09/26/2020,HFD,CT,ANE,EN,Federal Contract Tower,0,0,12,0,12,0,0,83,0,83,0,0,95,0,95,176,0,176,271
09/27/2020,HFD,CT,ANE,EN,Federal Contract Tower,0,1,20,0,21,0,0,21,0,21,0,1,41,0,42,37,0,37,79
09/28/2020,HFD,CT,ANE,EN,Federal Contract Tower,0,1,14,0,15,0,0,27,0,27,0,1,41,0,42,88,0,88,130
09/29/2020,HFD,CT,ANE,EN,Federal Contract Tower,0,3,23,0,26,0,0,17,0,17,0,3,40,0,43,18,0,18,61
09/30/2020,HFD,CT,ANE,EN,Federal Contract Tower,0,0,4,0,4,0,0,20,0,20,0,0,24,0,24,8,0,8,32
10/01/2020,HFD,CT,ANE,EN,Federal Contract Tower,0,0,17,0,17,0,0,134,0,134,0,0,151,0,151,118,0,118,269
10/02/2020,HFD,CT,ANE,EN,Federal Contract Tower,0,0,7,0,7,0,0,62,0,62,0,0,69,0,69,54,0,54,123
10/03/2020,HFD,CT,ANE,EN,Federal Contract Tower,0,0,4,0,4,0,0,120,0,120,0,0,124,0,124,82,0,82,206
10/04/2020,HFD,CT,ANE,EN,Federal Contract Tower,0,0,10,0,10,0,0,100,0,100,0,0,110,0,110,56,0,56,166
10/05/2020,HFD,CT,ANE,EN,Federal Contract Tower,0,0,8,0,8,0,0,66,0,66,0,0,74,0,74,72,0,72,146
10/06/2020,HFD,CT,ANE,EN,Federal Contract Tower,0,3,9,0,12,0,1,52,0,53,0,4,61,0,65,76,0,76,141
10/07/2020,HFD,CT,ANE,EN,Federal Contract Tower,0,1,5,0,6,0,0,47,0,47,0,1,52,0,53,30,0,30,83
10/08/2020,HFD,CT,ANE,EN,Federal Contract Tower,0,3,1,1,5,0,0,31,0,31,0,3,32,1,36,16,0,16,52
10/09/2020,HFD,CT,ANE,EN,Federal Contract Tower,0,0,10,0,10,0,0,168,0,168,0,0,178,0,178,132,0,132,310
10/10/2020,HFD,CT,ANE,EN,Federal Contract Tower,0,0,8,0,8,0,0,68,0,68,0,0,76,0,76,92,0,92,168
10/11/2020,HFD,CT,ANE,EN,Federal Contract Tower,0,1,9,0,10,0,0,112,0,112,0,1,121,0,122,86,0,86,208
10/12/2020,HFD,CT,ANE,EN,Federal Contract Tower,0,0,22,0,22,0,0,11,0,11,0,0,33,0,33,58,0,58,91
10/13/2020,HFD,CT,ANE,EN,Federal Contract Tower,0,0,14,0,14,0,0,0,0,0,0,0,14,0,14,0,0,0,14
10/14/2020,HFD,CT,ANE,EN,Federal Contract Tower,0,2,8,0,10,0,2,121,0,123,0,4,129,0,133,78,0,78,211
10/15/2020,HFD,CT,ANE,EN,Federal Contract Tower,0,0,6,0,6,0,0,81,0,81,0,0,87,0,87,82,2,84,171
10/16/2020,HFD,CT,ANE,EN,Federal Contract Tower,0,1,12,0,13,0,0,2,0,2,0,1,14,0,15,16,0,16,31
10/17/2020,HFD,CT,ANE,EN,Federal Contract Tower,0,0,11,0,11,0,0,92,0,92,0,0,103,0,103,118,0,118,221
10/18/2020,HFD,CT,ANE,EN,Federal Contract Tower,0,0,16,1,17,0,0,123,2,125,0,0,139,3,142,169,0,169,311
10/19/2020,HFD,CT,ANE,EN,Federal Contract Tower,0,0,7,1,8,0,0,66,0,66,0,0,73,1,74,160,0,160,234
10/20/2020,HFD,CT,ANE,EN,Federal Contract Tower,0,2,19,0,21,0,0,6,0,6,0,2,25,0,27,36,0,36,63
10/21/2020,HFD,CT,ANE,EN,Federal Contract Tower,0,4,15,2,21,0,0,26,0,26,0,4,41,2,47,106,0,106,153
10/22/2020,HFD,CT,ANE,EN,Federal Contract Tower,0,2,20,0,22,0,1,136,0,137,0,3,156,0,159,122,0,122,281
10/23/2020,HFD,CT,ANE,EN,Federal Contract Tower,0,2,19,1,22,0,0,0,0,0,0,2,19,1,22,0,0,0,22
10/24/2020,HFD,CT,ANE,EN,Federal Contract Tower,0,0,21,0,21,0,0,7,0,7,0,0,28,0,28,74,0,74,102
10/25/2020,HFD,CT,ANE,EN,Federal Contract Tower,0,0,6,0,6,0,0,115,0,115,0,0,121,0,121,112,0,112,233
10/26/2020,HFD,CT,ANE,EN,Federal Contract Tower,0,0,14,0,14,0,0,2,0,2,0,0,16,0,16,10,0,10,26
10/27/2020,HFD,CT,ANE,EN,Federal Contract Tower,0,1,16,2,19,0,4,81,0,85,0,5,97,2,104,150,0,150,254
10/28/2020,HFD,CT,ANE,EN,Federal Contract Tower,0,1,24,0,25,0,0,1,0,1,0,1,25,0,26,0,0,0,26
10/29/2020,HFD,CT,ANE,EN,Federal Contract Tower,0,0,7,2,9,0,0,0,0,0,0,0,7,2,9,0,0,0,9
10/30/2020,HFD,CT,ANE,EN,Federal Contract Tower,0,0,1,0,1,0,0,3,0,3,0,0,4,0,4,2,0,2,6
10/31/2020,HFD,CT,ANE,EN,Federal Contract Tower,0,0,6,0,6,0,0,106,0,106,0,0,112,0,112,116,0,116,228
11/01/2020,HFD,CT,ANE,EN,Federal Contract Tower,0,0,3,0,3,0,0,28,0,28,0,0,31,0,31,80,0,80,111
11/02/2020,HFD,CT,ANE,EN,Federal Contract Tower,0,0,1,0,1,0,0,0,0,0,0,0,1,0,1,30,0,30,31
11/03/2020,HFD,CT,ANE,EN,Federal Contract Tower,0,1,3,0,4,0,0,38,0,38,0,1,41,0,42,27,0,27,69
11/04/2020,HFD,CT,ANE,EN,Federal Contract Tower,0,0,8,0,8,0,0,104,2,106,0,0,112,2,114,148,0,148,262
11/05/2020,HFD,CT,ANE,EN,Federal Contract Tower,0,0,5,0,5,0,0,91,0,91,0,0,96,0,96,96,0,96,192
11/06/2020,HFD,CT,ANE,EN,Federal Contract Tower,0,0,3,0,3,0,1,113,0,114,0,1,116,0,117,82,0,82,199
11/07/2020,HFD,CT,ANE,EN,Federal Contract Tower,0,0,8,0,8,0,0,123,0,123,0,0,131,0,131,96,0,96,227
11/08/2020,HFD,CT,ANE,EN,Federal Contract Tower,0,0,3,0,3,0,0,118,0,118,0,0,121,0,121,142,0,142,263
11/09/2020,HFD,CT,ANE,EN,Federal Contract Tower,0,0,13,0,13,0,0,111,0,111,0,0,124,0,124,82,0,82,206
11/10/2020,HFD,CT,ANE,EN,Federal Contract Tower,0,0,8,0,8,0,0,72,0,72,0,0,80,0,80,54,0,54,134
11/11/2020,HFD,CT,ANE,EN,Federal Contract Tower,0,1,7,0,8,0,0,2,0,2,0,1,9,0,10,28,0,28,38
11/12/2020,HFD,CT,ANE,EN,Federal Contract Tower,0,3,6,0,9,0,0,27,0,27,0,3,33,0,36,116,0,116,152
11/13/2020,HFD,CT,ANE,EN,Federal Contract Tower,0,0,8,1,9,0,0,0,0,0,0,0,8,1,9,0,0,0,9
11/14/2020,HFD,CT,ANE,EN,Federal Contract Tower,0,0,11,0,11,0,0,100,0,100,0,0,111,0,111,114,0,114,225
11/15/2020,HFD,CT,ANE,EN,Federal Contract Tower,0,0,5,0,5,0,0,37,0,37,0,0,42,0,42,16,0,16,58
11/16/2020,HFD,CT,ANE,EN,Federal Contract Tower,0,0,2,0,2,0,0,25,0,25,0,0,27,0,27,28,0,28,55
11/17/2020,HFD,CT,ANE,EN,Federal Contract Tower,0,0,3,0,3,0,0,37,0,37,0,0,40,0,40,68,0,68,108
11/18/2020,HFD,CT,ANE,EN,Federal Contract Tower,0,0,7,0,7,0,3,52,0,55,0,3,59,0,62,26,0,26,88
11/19/2020,HFD,CT,ANE,EN,Federal Contract Tower,0,2,3,0,5,0,3,75,0,78,0,5,78,0,83,50,0,50,133
11/20/2020,HFD,CT,ANE,EN,Federal Contract Tower,0,0,15,0,15,0,0,73,2,75,0,0,88,2,90,78,0,78,168
11/21/2020,HFD,CT,ANE,EN,Federal Contract Tower,0,0,7,0,7,0,0,104,0,104,0,0,111,0,111,116,2,118,229
11/22/2020,HFD,CT,ANE,EN,Federal Contract Tower,0,0,5,0,5,0,0,31,0,31,0,0,36,0,36,42,0,42,78
11/23/2020,HFD,CT,ANE,EN,Federal Contract Tower,0,2,1,0,3,0,0,2,0,2,0,2,3,0,5,0,0,0,5
11/24/2020,HFD,CT,ANE,EN,Federal Contract Tower,0,2,2,0,4,0,0,66,0,66,0,2,68,0,70,50,0,50,120
11/25/2020,HFD,CT,ANE,EN,Federal Contract Tower,0,3,0,0,3,0,0,47,0,47,0,3,47,0,50,46,0,46,96
11/26/2020,HFD,CT,ANE,EN,Federal Contract Tower,0,0,1,0,1,0,0,0,0,0,0,0,1,0,1,0,0,0,1
11/27/2020,HFD,CT,ANE,EN,Federal Contract Tower,0,0,6,0,6,0,0,86,0,86,0,0,92,0,92,42,0,42,134
11/28/2020,HFD,CT,ANE,EN,Federal Contract Tower,0,0,7,0,7,0,0,78,0,78,0,0,85,0,85,24,0,24,109
11/29/2020,HFD,CT,ANE,EN,Federal Contract Tower,0,0,8,0,8,0,0,113,0,113,0,0,121,0,121,54,0,54,175
11/30/2020,HFD,CT,ANE,EN,Federal Contract Tower,0,0,1,0,1,0,0,2,0,2,0,0,3,0,3,0,0,0,3
12/01/2020,HFD,CT,ANE,EN,Federal Contract Tower,0,0,5,0,5,0,0,17,0,17,0,0,22,0,22,18,0,18,40
12/02/2020,HFD,CT,ANE,EN,Federal Contract Tower,0,3,4,0,7,0,0,63,0,63,0,3,67,0,70,152,0,152,222
12/03/2020,HFD,CT,ANE,EN,Federal Contract Tower,0,1,7,0,8,0,0,90,0,90,0,1,97,0,98,130,0,130,228
12/04/2020,HFD,CT,ANE,EN,Federal Contract Tower,0,0,1,0,1,0,0,66,0,66,0,0,67,0,67,54,0,54,121
12/05/2020,HFD,CT,ANE,EN,Federal Contract Tower,0,0,0,0,0,0,0,0,0,0,0,0,0,0,0,0,0,0,0
12/06/2020,HFD,CT,ANE,EN,Federal Contract Tower,0,0,5,0,5,0,0,22,0,22,0,0,27,0,27,0,0,0,27
12/07/2020,HFD,CT,ANE,EN,Federal Contract Tower,0,0,4,0,4,0,0,67,0,67,0,0,71,0,71,62,0,62,133
12/08/2020,HFD,CT,ANE,EN,Federal Contract Tower,0,2,1,0,3,0,0,45,0,45,0,2,46,0,48,82,0,82,130
12/09/2020,HFD,CT,ANE,EN,Federal Contract Tower,0,2,6,0,8,0,0,52,0,52,0,2,58,0,60,100,4,104,164
12/10/2020,HFD,CT,ANE,EN,Federal Contract Tower,0,0,4,0,4,0,0,89,0,89,0,0,93,0,93,100,4,104,197
12/11/2020,HFD,CT,ANE,EN,Federal Contract Tower,0,0,7,0,7,0,0,88,0,88,0,0,95,0,95,84,0,84,179
12/12/2020,HFD,CT,ANE,EN,Federal Contract Tower,0,0,4,0,4,0,0,0,0,0,0,0,4,0,4,0,0,0,4
12/13/2020,HFD,CT,ANE,EN,Federal Contract Tower,0,0,5,0,5,0,0,98,0,98,0,0,103,0,103,24,0,24,127
12/14/2020,HFD,CT,ANE,EN,Federal Contract Tower,0,1,2,1,4,0,0,2,0,2,0,1,4,1,6,0,0,0,6
12/15/2020,HFD,CT,ANE,EN,Federal Contract Tower,0,5,4,0,9,0,2,47,2,51,0,7,51,2,60,46,0,46,106
12/16/2020,HFD,CT,ANE,EN,Federal Contract Tower,0,1,2,0,3,0,0,67,2,69,0,1,69,2,72,100,2,102,174
12/17/2020,HFD,CT,ANE,EN,Federal Contract Tower,0,0,0,0,0,0,0,0,0,0,0,0,0,0,0,0,0,0,0
12/18/2020,HFD,CT,ANE,EN,Federal Contract Tower,0,0,3,0,3,0,0,14,0,14,0,0,17,0,17,12,0,12,29
12/19/2020,HFD,CT,ANE,EN,Federal Contract Tower,0,0,6,0,6,0,0,74,0,74,0,0,80,0,80,98,0,98,178
12/20/2020,HFD,CT,ANE,EN,Federal Contract Tower,0,0,4,0,4,0,0,26,0,26,0,0,30,0,30,94,0,94,124
12/21/2020,HFD,CT,ANE,EN,Federal Contract Tower,0,0,4,0,4,0,0,0,0,0,0,0,4,0,4,16,0,16,20
12/22/2020,HFD,CT,ANE,EN,Federal Contract Tower,0,0,7,0,7,0,0,43,0,43,0,0,50,0,50,124,0,124,174
12/23/2020,HFD,CT,ANE,EN,Federal Contract Tower,0,0,4,0,4,0,0,116,0,116,0,0,120,0,120,94,0,94,214
12/24/2020,HFD,CT,ANE,EN,Federal Contract Tower,0,0,0,0,0,0,0,21,0,21,0,0,21,0,21,54,0,54,75
12/25/2020,HFD,CT,ANE,EN,Federal Contract Tower,0,0,1,0,1,0,0,0,0,0,0,0,1,0,1,0,0,0,1
12/26/2020,HFD,CT,ANE,EN,Federal Contract Tower,0,0,2,0,2,0,0,32,0,32,0,0,34,0,34,50,0,50,84
12/27/2020,HFD,CT,ANE,EN,Federal Contract Tower,0,0,4,0,4,0,0,130,0,130,0,0,134,0,134,64,0,64,198
12/28/2020,HFD,CT,ANE,EN,Federal Contract Tower,0,0,2,0,2,0,0,49,0,49,0,0,51,0,51,86,0,86,137
12/29/2020,HFD,CT,ANE,EN,Federal Contract Tower,0,0,0,1,1,0,1,29,0,30,0,1,29,1,31,24,0,24,55
12/30/2020,HFD,CT,ANE,EN,Federal Contract Tower,0,0,9,0,9,0,4,72,0,76,0,4,81,0,85,57,0,57,142
12/31/2020,HFD,CT,ANE,EN,Federal Contract Tower,0,0,10,0,10,0,0,23,0,23,0,0,33,0,33,24,0,24,57
01/01/2021,HFD,CT,ANE,EN,Federal Contract Tower,0,0,4,0,4,0,0,60,0,60,0,0,64,0,64,36,0,36,100
01/02/2021,HFD,CT,ANE,EN,Federal Contract Tower,0,0,7,0,7,0,0,20,0,20,0,0,27,0,27,24,0,24,51
01/03/2021,HFD,CT,ANE,EN,Federal Contract Tower,0,0,2,0,2,0,0,6,0,6,0,0,8,0,8,58,0,58,66
01/04/2021,HFD,CT,ANE,EN,Federal Contract Tower,0,0,3,0,3,0,0,52,0,52,0,0,55,0,55,96,0,96,151
01/05/2021,HFD,CT,ANE,EN,Federal Contract Tower,0,1,2,0,3,0,2,58,0,60,0,3,60,0,63,136,0,136,199
01/06/2021,HFD,CT,ANE,EN,Federal Contract Tower,0,0,4,0,4,0,1,67,0,68,0,1,71,0,72,34,0,34,106
01/07/2021,HFD,CT,ANE,EN,Federal Contract Tower,0,0,6,0,6,0,1,71,0,72,0,1,77,0,78,54,0,54,132
01/08/2021,HFD,CT,ANE,EN,Federal Contract Tower,0,0,4,0,4,0,0,102,0,102,0,0,106,0,106,79,0,79,185
01/09/2021,HFD,CT,ANE,EN,Federal Contract Tower,0,0,10,0,10,0,0,70,0,70,0,0,80,0,80,66,0,66,146
01/10/2021,HFD,CT,ANE,EN,Federal Contract Tower,0,1,12,0,13,0,0,110,0,110,0,1,122,0,123,80,0,80,203
01/11/2021,HFD,CT,ANE,EN,Federal Contract Tower,0,2,3,0,5,0,0,57,0,57,0,2,60,0,62,48,0,48,110
01/12/2021,HFD,CT,ANE,EN,Federal Contract Tower,0,5,10,0,15,0,0,49,0,49,0,5,59,0,64,90,0,90,154
01/13/2021,HFD,CT,ANE,EN,Federal Contract Tower,0,7,3,0,10,0,0,77,0,77,0,7,80,0,87,116,0,116,203
01/14/2021,HFD,CT,ANE,EN,Federal Contract Tower,0,0,2,1,3,0,0,11,0,11,0,0,13,1,14,4,0,4,18
01/15/2021,HFD,CT,ANE,EN,Federal Contract Tower,0,2,1,0,3,0,0,2,0,2,0,2,3,0,5,14,0,14,19
01/16/2021,HFD,CT,ANE,EN,Federal Contract Tower,0,0,9,0,9,0,0,3,0,3,0,0,12,0,12,6,0,6,18
01/17/2021,HFD,CT,ANE,EN,Federal Contract Tower,0,0,3,0,3,0,0,28,0,28,0,0,31,0,31,18,0,18,49
01/18/2021,HFD,CT,ANE,EN,Federal Contract Tower,0,0,5,0,5,0,0,71,0,71,0,0,76,0,76,66,0,66,142
01/19/2021,HFD,CT,ANE,EN,Federal Contract Tower,0,0,9,0,9,0,1,64,2,67,0,1,73,2,76,34,0,34,110
01/20/2021,HFD,CT,ANE,EN,Federal Contract Tower,0,0,5,0,5,0,0,7,0,7,0,0,12,0,12,8,4,12,24
01/21/2021,HFD,CT,ANE,EN,Federal Contract Tower,0,0,2,0,2,0,1,41,0,42,0,1,43,0,44,78,4,82,126
01/22/2021,HFD,CT,ANE,EN,Federal Contract Tower,0,0,5,0,5,0,1,63,0,64,0,1,68,0,69,66,0,66,135
01/23/2021,HFD,CT,ANE,EN,Federal Contract Tower,0,0,1,0,1,0,2,16,0,18,0,2,17,0,19,2,0,2,21
01/24/2021,HFD,CT,ANE,EN,Federal Contract Tower,0,0,0,0,0,0,0,20,0,20,0,0,20,0,20,26,0,26,46
01/25/2021,HFD,CT,ANE,EN,Federal Contract Tower,0,0,8,0,8,0,0,106,0,106,0,0,114,0,114,100,0,100,214
01/26/2021,HFD,CT,ANE,EN,Federal Contract Tower,0,0,7,0,7,0,0,22,0,22,0,0,29,0,29,16,0,16,45
01/27/2021,HFD,CT,ANE,EN,Federal Contract Tower,0,4,6,0,10,0,0,6,2,8,0,4,12,2,18,23,12,35,53
01/28/2021,HFD,CT,ANE,EN,Federal Contract Tower,0,2,4,0,6,0,0,32,0,32,0,2,36,0,38,90,0,90,128
01/29/2021,HFD,CT,ANE,EN,Federal Contract Tower,0,1,1,1,3,0,4,10,0,14,0,5,11,1,17,14,0,14,31
01/30/2021,HFD,CT,ANE,EN,Federal Contract Tower,0,0,16,0,16,0,0,93,0,93,0,0,109,0,109,44,0,44,153
01/31/2021,HFD,CT,ANE,EN,Federal Contract Tower,0,1,9,0,10,0,2,86,0,88,0,3,95,0,98,60,0,60,158
02/01/2021,HFD,CT,ANE,EN,Federal Contract Tower,0,0,0,0,0,0,0,0,0,0,0,0,0,0,0,0,0,0,0
02/02/2021,HFD,CT,ANE,EN,Federal Contract Tower,0,0,2,0,2,0,0,0,0,0,0,0,2,0,2,0,0,0,2
02/03/2021,HFD,CT,ANE,EN,Federal Contract Tower,0,0,0,0,0,0,21,0,0,21,0,21,0,0,21,68,14,82,103
02/04/2021,HFD,CT,ANE,EN,Federal Contract Tower,0,0,7,0,7,0,0,86,0,86,0,0,93,0,93,90,0,90,183
02/05/2021,HFD,CT,ANE,EN,Federal Contract Tower,0,0,3,0,3,0,0,6,0,6,0,0,9,0,9,8,0,8,17
02/06/2021,HFD,CT,ANE,EN,Federal Contract Tower,0,0,10,0,10,0,2,56,0,58,0,2,66,0,68,40,0,40,108
02/07/2021,HFD,CT,ANE,EN,Federal Contract Tower,0,0,0,0,0,0,0,0,0,0,0,0,0,0,0,0,0,0,0
02/08/2021,HFD,CT,ANE,EN,Federal Contract Tower,0,0,5,0,5,0,0,46,0,46,0,0,51,0,51,30,0,30,81
02/09/2021,HFD,CT,ANE,EN,Federal Contract Tower,0,0,0,0,0,0,0,0,0,0,0,0,0,0,0,0,0,0,0
02/10/2021,HFD,CT,ANE,EN,Federal Contract Tower,0,0,11,0,11,0,2,70,0,72,0,2,81,0,83,22,0,22,105
02/11/2021,HFD,CT,ANE,EN,Federal Contract Tower,0,0,6,0,6,0,1,67,0,68,0,1,73,0,74,70,0,70,144
02/12/2021,HFD,CT,ANE,EN,Federal Contract Tower,0,0,7,0,7,0,1,70,0,71,0,1,77,0,78,50,0,50,128
02/13/2021,HFD,CT,ANE,EN,Federal Contract Tower,0,0,3,0,3,0,0,110,0,110,0,0,113,0,113,56,0,56,169
02/14/2021,HFD,CT,ANE,EN,Federal Contract Tower,0,0,1,0,1,0,0,6,0,6,0,0,7,0,7,72,0,72,79
02/15/2021,HFD,CT,ANE,EN,Federal Contract Tower,0,0,2,0,2,0,0,3,0,3,0,0,5,0,5,14,0,14,19
02/16/2021,HFD,CT,ANE,EN,Federal Contract Tower,0,0,0,0,0,0,0,2,0,2,0,0,2,0,2,2,0,2,4
02/17/2021,HFD,CT,ANE,EN,Federal Contract Tower,0,1,18,0,19,0,4,94,3,101,0,5,112,3,120,38,16,54,174
02/18/2021,HFD,CT,ANE,EN,Federal Contract Tower,0,1,0,0,1,0,0,3,0,3,0,1,3,0,4,0,0,0,4
02/19/2021,HFD,CT,ANE,EN,Federal Contract Tower,0,0,1,0,1,0,0,0,0,0,0,0,1,0,1,0,0,0,1
02/20/2021,HFD,CT,ANE,EN,Federal Contract Tower,0,0,11,0,11,0,0,64,0,64,0,0,75,0,75,32,0,32,107
02/21/2021,HFD,CT,ANE,EN,Federal Contract Tower,0,0,10,0,10,0,0,94,0,94,0,0,104,0,104,118,0,118,222
02/22/2021,HFD,CT,ANE,EN,Federal Contract Tower,0,2,2,0,4,0,0,5,0,5,0,2,7,0,9,38,0,38,47
02/23/2021,HFD,CT,ANE,EN,Federal Contract Tower,0,0,9,0,9,0,3,26,2,31,0,3,35,2,40,30,14,44,84
02/24/2021,HFD,CT,ANE,EN,Federal Contract Tower,0,0,6,0,6,0,0,89,0,89,0,0,95,0,95,82,0,82,177
02/25/2021,HFD,CT,ANE,EN,Federal Contract Tower,0,0,4,0,4,0,0,14,2,16,0,0,18,2,20,26,16,42,62
02/26/2021,HFD,CT,ANE,EN,Federal Contract Tower,0,1,9,0,10,0,0,125,0,125,0,1,134,0,135,140,0,140,275
02/27/2021,HFD,CT,ANE,EN,Federal Contract Tower,0,2,1,0,3,0,0,0,0,0,0,2,1,0,3,0,0,0,3
02/28/2021,HFD,CT,ANE,EN,Federal Contract Tower,0,0,5,0,5,0,0,72,0,72,0,0,77,0,77,100,0,100,177
03/01/2021,HFD,CT,ANE,EN,Federal Contract Tower,0,0,4,0,4,0,0,0,0,0,0,0,4,0,4,2,0,2,6
03/02/2021,HFD,CT,ANE,EN,Federal Contract Tower,0,0,3,0,3,0,0,4,0,4,0,0,7,0,7,2,0,2,9
03/03/2021,HFD,CT,ANE,EN,Federal Contract Tower,0,0,5,0,5,0,0,86,0,86,0,0,91,0,91,109,0,109,200
03/04/2021,HFD,CT,ANE,EN,Federal Contract Tower,0,0,2,0,2,0,0,51,0,51,0,0,53,0,53,42,0,42,95
03/05/2021,HFD,CT,ANE,EN,Federal Contract Tower,0,0,0,0,0,0,0,14,0,14,0,0,14,0,14,8,0,8,22
03/06/2021,HFD,CT,ANE,EN,Federal Contract Tower,0,0,2,0,2,0,0,62,0,62,0,0,64,0,64,74,2,76,140
03/07/2021,HFD,CT,ANE,EN,Federal Contract Tower,0,0,5,0,5,0,0,120,0,120,0,0,125,0,125,104,0,104,229
03/08/2021,HFD,CT,ANE,EN,Federal Contract Tower,0,0,7,0,7,0,0,69,0,69,0,0,76,0,76,80,0,80,156
03/09/2021,HFD,CT,ANE,EN,Federal Contract Tower,0,0,4,0,4,0,3,73,2,78,0,3,77,2,82,58,6,64,146
03/10/2021,HFD,CT,ANE,EN,Federal Contract Tower,0,11,3,0,14,0,2,104,0,106,0,13,107,0,120,162,0,162,282
03/11/2021,HFD,CT,ANE,EN,Federal Contract Tower,0,1,7,0,8,0,5,62,0,67,0,6,69,0,75,86,0,86,161
03/12/2021,HFD,CT,ANE,EN,Federal Contract Tower,0,0,5,0,5,0,0,72,0,72,0,0,77,0,77,118,0,118,195
03/13/2021,HFD,CT,ANE,EN,Federal Contract Tower,0,0,4,0,4,0,0,46,0,46,0,0,50,0,50,54,0,54,104
03/14/2021,HFD,CT,ANE,EN,Federal Contract Tower,0,0,2,0,2,0,0,10,0,10,0,0,12,0,12,28,0,28,40
03/15/2021,HFD,CT,ANE,EN,Federal Contract Tower,0,0,0,1,1,0,0,18,1,19,0,0,18,2,20,26,0,26,46
03/16/2021,HFD,CT,ANE,EN,Federal Contract Tower,0,1,8,0,9,0,1,92,0,93,0,2,100,0,102,164,2,166,268
03/17/2021,HFD,CT,ANE,EN,Federal Contract Tower,0,4,11,0,15,0,4,59,0,63,0,8,70,0,78,284,0,284,362
03/18/2021,HFD,CT,ANE,EN,Federal Contract Tower,0,4,10,0,14,0,0,1,0,1,0,4,11,0,15,0,0,0,15
03/19/2021,HFD,CT,ANE,EN,Federal Contract Tower,0,3,5,0,8,0,0,7,0,7,0,3,12,0,15,0,0,0,15
03/20/2021,HFD,CT,ANE,EN,Federal Contract Tower,0,5,17,0,22,0,0,131,0,131,0,5,148,0,153,168,0,168,321
03/21/2021,HFD,CT,ANE,EN,Federal Contract Tower,0,1,5,0,6,0,0,110,0,110,0,1,115,0,116,146,0,146,262
03/22/2021,HFD,CT,ANE,EN,Federal Contract Tower,0,0,7,0,7,0,0,87,0,87,0,0,94,0,94,116,0,116,210
03/23/2021,HFD,CT,ANE,EN,Federal Contract Tower,0,0,4,0,4,0,0,105,0,105,0,0,109,0,109,180,0,180,289
03/24/2021,HFD,CT,ANE,EN,Federal Contract Tower,0,1,4,0,5,0,3,64,0,67,0,4,68,0,72,138,0,138,210
03/25/2021,HFD,CT,ANE,EN,Federal Contract Tower,0,2,11,0,13,0,1,65,0,66,0,3,76,0,79,84,10,94,173
03/26/2021,HFD,CT,ANE,EN,Federal Contract Tower,0,0,3,0,3,0,0,0,0,0,0,0,3,0,3,0,0,0,3
03/27/2021,HFD,CT,ANE,EN,Federal Contract Tower,0,0,9,0,9,0,0,126,0,126,0,0,135,0,135,168,0,168,303
03/28/2021,HFD,CT,ANE,EN,Federal Contract Tower,0,0,4,0,4,0,0,0,0,0,0,0,4,0,4,0,0,0,4
03/29/2021,HFD,CT,ANE,EN,Federal Contract Tower,0,0,0,0,0,0,0,2,0,2,0,0,2,0,2,0,0,0,2
03/30/2021,HFD,CT,ANE,EN,Federal Contract Tower,0,0,4,0,4,0,2,123,0,125,0,2,127,0,129,186,0,186,315
03/31/2021,HFD,CT,ANE,EN,Federal Contract Tower,0,0,13,0,13,0,1,24,0,25,0,1,37,0,38,107,10,117,155
04/01/2021,HFD,CT,ANE,EN,Federal Contract Tower,0,0,1,0,1,0,0,2,4,6,0,0,3,4,7,0,14,14,21
04/02/2021,HFD,CT,ANE,EN,Federal Contract Tower,0,12,0,0,12,0,50,0,0,50,0,62,0,0,62,176,0,176,238
04/03/2021,HFD,CT,ANE,EN,Federal Contract Tower,0,0,6,0,6,0,0,145,0,145,0,0,151,0,151,132,0,132,283
04/04/2021,HFD,CT,ANE,EN,Federal Contract Tower,0,1,4,0,5,0,2,54,0,56,0,3,58,0,61,114,0,114,175
04/05/2021,HFD,CT,ANE,EN,Federal Contract Tower,0,0,6,0,6,0,0,38,0,38,0,0,44,0,44,34,0,34,78
04/06/2021,HFD,CT,ANE,EN,Federal Contract Tower,0,3,4,0,7,0,1,123,0,124,0,4,127,0,131,216,2,218,349
04/07/2021,HFD,CT,ANE,EN,Federal Contract Tower,0,1,0,0,1,0,2,142,0,144,0,3,142,0,145,252,0,252,397
04/08/2021,HFD,CT,ANE,EN,Federal Contract Tower,0,0,5,0,5,0,1,150,0,151,0,1,155,0,156,228,0,228,384
04/09/2021,HFD,CT,ANE,EN,Federal Contract Tower,0,0,11,0,11,0,0,139,0,139,0,0,150,0,150,166,0,166,316
04/10/2021,HFD,CT,ANE,EN,Federal Contract Tower,0,2,13,0,15,0,0,117,0,117,0,2,130,0,132,260,0,260,392
04/11/2021,HFD,CT,ANE,EN,Federal Contract Tower,0,0,9,0,9,0,0,0,0,0,0,0,9,0,9,0,0,0,9
04/12/2021,HFD,CT,ANE,EN,Federal Contract Tower,0,1,14,0,15,0,0,26,0,26,0,1,40,0,41,14,0,14,55
04/13/2021,HFD,CT,ANE,EN,Federal Contract Tower,0,0,7,0,7,0,2,97,0,99,0,2,104,0,106,130,0,130,236
04/14/2021,HFD,CT,ANE,EN,Federal Contract Tower,0,7,9,0,16,0,1,102,2,105,0,8,111,2,121,154,6,160,281
04/15/2021,HFD,CT,ANE,EN,Federal Contract Tower,0,0,2,0,2,0,0,0,0,0,0,0,2,0,2,0,0,0,2
04/16/2021,HFD,CT,ANE,EN,Federal Contract Tower,0,0,2,0,2,0,0,0,0,0,0,0,2,0,2,0,0,0,2
04/18/2021,HFD,CT,ANE,EN,Federal Contract Tower,0,1,8,0,9,0,0,153,0,153,0,1,161,0,162,156,0,156,318
04/19/2021,HFD,CT,ANE,EN,Federal Contract Tower,0,0,3,0,3,0,0,97,0,97,0,0,100,0,100,104,0,104,204
04/20/2021,HFD,CT,ANE,EN,Federal Contract Tower,0,4,6,2,12,0,0,79,0,79,0,4,85,2,91,96,0,96,187
04/21/2021,HFD,CT,ANE,EN,Federal Contract Tower,0,1,1,0,2,0,4,22,0,26,0,5,23,0,28,46,0,46,74
04/22/2021,HFD,CT,ANE,EN,Federal Contract Tower,0,1,3,0,4,0,0,3,0,3,0,1,6,0,7,2,0,2,9
04/23/2021,HFD,CT,ANE,EN,Federal Contract Tower,0,0,2,0,2,0,0,21,0,21,0,0,23,0,23,12,0,12,35
04/24/2021,HFD,CT,ANE,EN,Federal Contract Tower,0,1,12,0,13,0,0,146,0,146,0,1,158,0,159,128,0,128,287
04/25/2021,HFD,CT,ANE,EN,Federal Contract Tower,0,1,12,0,13,0,0,15,0,15,0,1,27,0,28,6,0,6,34
04/26/2021,HFD,CT,ANE,EN,Federal Contract Tower,0,0,5,0,5,0,0,27,0,27,0,0,32,0,32,4,0,4,36
04/27/2021,HFD,CT,ANE,EN,Federal Contract Tower,0,2,7,0,9,0,2,125,0,127,0,4,132,0,136,164,0,164,300
04/28/2021,HFD,CT,ANE,EN,Federal Contract Tower,0,0,9,0,9,0,3,121,0,124,0,3,130,0,133,182,0,182,315
04/29/2021,HFD,CT,ANE,EN,Federal Contract Tower,0,0,4,0,4,0,0,0,0,0,0,0,4,0,4,50,0,50,54
04/30/2021,HFD,CT,ANE,EN,Federal Contract Tower,0,0,3,0,3,0,0,10,0,10,0,0,13,0,13,0,0,0,13
05/01/2021,HFD,CT,ANE,EN,Federal Contract Tower,0,0,2,0,2,0,0,65,0,65,0,0,67,0,67,68,0,68,135
05/02/2021,HFD,CT,ANE,EN,Federal Contract Tower,0,0,2,0,2,0,2,66,2,70,0,2,68,2,72,54,0,54,126
05/03/2021,HFD,CT,ANE,EN,Federal Contract Tower,0,2,18,0,20,0,0,81,0,81,0,2,99,0,101,110,0,110,211
05/04/2021,HFD,CT,ANE,EN,Federal Contract Tower,0,2,9,0,11,0,0,1,0,1,0,2,10,0,12,14,2,16,28
05/05/2021,HFD,CT,ANE,EN,Federal Contract Tower,0,2,2,0,4,0,0,0,0,0,0,2,2,0,4,0,0,0,4
05/06/2021,HFD,CT,ANE,EN,Federal Contract Tower,0,0,11,0,11,0,0,111,0,111,0,0,122,0,122,58,0,58,180
05/07/2021,HFD,CT,ANE,EN,Federal Contract Tower,0,0,2,0,2,0,2,145,0,147,0,2,147,0,149,246,0,246,395
05/08/2021,HFD,CT,ANE,EN,Federal Contract Tower,0,0,3,0,3,0,0,102,0,102,0,0,105,0,105,172,0,172,277
05/09/2021,HFD,CT,ANE,EN,Federal Contract Tower,0,2,11,0,13,0,0,100,0,100,0,2,111,0,113,46,0,46,159
05/10/2021,HFD,CT,ANE,EN,Federal Contract Tower,0,0,10,0,10,0,0,54,0,54,0,0,64,0,64,132,0,132,196
05/11/2021,HFD,CT,ANE,EN,Federal Contract Tower,0,3,7,1,11,0,1,66,0,67,0,4,73,1,78,44,0,44,122
05/12/2021,HFD,CT,ANE,EN,Federal Contract Tower,0,2,1,0,3,0,1,66,0,67,0,3,67,0,70,116,0,116,186
05/13/2021,HFD,CT,ANE,EN,Federal Contract Tower,0,0,7,0,7,0,0,134,0,134,0,0,141,0,141,298,0,298,439
05/14/2021,HFD,CT,ANE,EN,Federal Contract Tower,0,1,3,0,4,0,0,121,0,121,0,1,124,0,125,150,0,150,275
05/15/2021,HFD,CT,ANE,EN,Federal Contract Tower,0,0,8,0,8,0,0,128,0,128,0,0,136,0,136,168,0,168,304
05/16/2021,HFD,CT,ANE,EN,Federal Contract Tower,0,2,5,0,7,0,0,62,0,62,0,2,67,0,69,30,0,30,99
05/17/2021,HFD,CT,ANE,EN,Federal Contract Tower,0,0,4,0,4,0,0,88,0,88,0,0,92,0,92,124,0,124,216
05/18/2021,HFD,CT,ANE,EN,Federal Contract Tower,0,3,9,0,12,0,1,128,0,129,0,4,137,0,141,146,0,146,287
05/19/2021,HFD,CT,ANE,EN,Federal Contract Tower,0,0,8,0,8,0,0,80,0,80,0,0,88,0,88,144,0,144,232
05/20/2021,HFD,CT,ANE,EN,Federal Contract Tower,0,0,8,0,8,0,0,118,0,118,0,0,126,0,126,256,0,256,382
05/21/2021,HFD,CT,ANE,EN,Federal Contract Tower,0,0,13,0,13,0,0,87,0,87,0,0,100,0,100,174,0,174,274
05/22/2021,HFD,CT,ANE,EN,Federal Contract Tower,0,2,7,0,9,0,0,92,0,92,0,2,99,0,101,142,0,142,243
05/23/2021,HFD,CT,ANE,EN,Federal Contract Tower,0,0,7,0,7,0,0,63,2,65,0,0,70,2,72,50,10,60,132
05/24/2021,HFD,CT,ANE,EN,Federal Contract Tower,0,1,5,0,6,0,0,137,0,137,0,1,142,0,143,188,0,188,331
05/25/2021,HFD,CT,ANE,EN,Federal Contract Tower,0,3,12,0,15,0,0,105,0,105,0,3,117,0,120,208,0,208,328
05/26/2021,HFD,CT,ANE,EN,Federal Contract Tower,0,0,4,0,4,0,0,49,0,49,0,0,53,0,53,283,0,283,336
05/27/2021,HFD,CT,ANE,EN,Federal Contract Tower,0,0,7,0,7,0,0,149,0,149,0,0,156,0,156,160,0,160,316
05/28/2021,HFD,CT,ANE,EN,Federal Contract Tower,0,0,8,0,8,0,0,84,0,84,0,0,92,0,92,206,0,206,298
05/29/2021,HFD,CT,ANE,EN,Federal Contract Tower,0,0,9,0,9,0,0,0,0,0,0,0,9,0,9,0,0,0,9
05/30/2021,HFD,CT,ANE,EN,Federal Contract Tower,0,0,4,0,4,0,0,0,0,0,0,0,4,0,4,0,0,0,4
05/31/2021,HFD,CT,ANE,EN,Federal Contract Tower,0,6,21,0,27,0,0,25,0,25,0,6,46,0,52,70,0,70,122
06/01/2021,HFD,CT,ANE,EN,Federal Contract Tower,0,2,5,0,7,0,0,149,0,149,0,2,154,0,156,93,0,93,249
06/02/2021,HFD,CT,ANE,EN,Federal Contract Tower,0,2,6,0,8,0,0,95,0,95,0,2,101,0,103,112,2,114,217
06/03/2021,HFD,CT,ANE,EN,Federal Contract Tower,0,0,17,0,17,0,0,5,0,5,0,0,22,0,22,0,0,0,22
06/04/2021,HFD,CT,ANE,EN,Federal Contract Tower,0,0,6,0,6,0,0,11,0,11,0,0,17,0,17,12,0,12,29
06/05/2021,HFD,CT,ANE,EN,Federal Contract Tower,0,0,15,0,15,0,0,147,0,147,0,0,162,0,162,184,0,184,346
06/06/2021,HFD,CT,ANE,EN,Federal Contract Tower,0,3,9,0,12,0,0,139,0,139,0,3,148,0,151,174,0,174,325
06/07/2021,HFD,CT,ANE,EN,Federal Contract Tower,0,1,6,0,7,0,0,107,0,107,0,1,113,0,114,82,0,82,196
06/08/2021,HFD,CT,ANE,EN,Federal Contract Tower,0,1,8,0,9,0,0,77,0,77,0,1,85,0,86,86,0,86,172
06/09/2021,HFD,CT,ANE,EN,Federal Contract Tower,0,0,14,0,14,0,0,42,1,43,0,0,56,1,57,136,4,140,197
06/10/2021,HFD,CT,ANE,EN,Federal Contract Tower,0,0,22,0,22,0,0,114,0,114,0,0,136,0,136,206,0,206,342
06/11/2021,HFD,CT,ANE,EN,Federal Contract Tower,0,1,10,0,11,0,1,86,0,87,0,2,96,0,98,68,0,68,166
06/12/2021,HFD,CT,ANE,EN,Federal Contract Tower,0,0,20,0,20,0,0,127,0,127,0,0,147,0,147,68,0,68,215
06/13/2021,HFD,CT,ANE,EN,Federal Contract Tower,0,3,5,0,8,0,0,146,0,146,0,3,151,0,154,130,0,130,284
06/14/2021,HFD,CT,ANE,EN,Federal Contract Tower,0,1,7,0,8,0,1,1,0,2,0,2,8,0,10,0,0,0,10
06/15/2021,HFD,CT,ANE,EN,Federal Contract Tower,0,4,14,0,18,0,0,45,4,49,0,4,59,4,67,78,0,78,145
06/16/2021,HFD,CT,ANE,EN,Federal Contract Tower,0,2,9,0,11,0,1,126,0,127,0,3,135,0,138,84,0,84,222
06/17/2021,HFD,CT,ANE,EN,Federal Contract Tower,0,0,16,0,16,0,0,155,0,155,0,0,171,0,171,194,0,194,365
06/18/2021,HFD,CT,ANE,EN,Federal Contract Tower,0,2,15,0,17,0,0,132,0,132,0,2,147,0,149,134,0,134,283
06/19/2021,HFD,CT,ANE,EN,Federal Contract Tower,0,4,8,0,12,0,0,106,0,106,0,4,114,0,118,86,0,86,204
06/20/2021,HFD,CT,ANE,EN,Federal Contract Tower,0,1,6,0,7,0,0,108,0,108,0,1,114,0,115,106,0,106,221
06/21/2021,HFD,CT,ANE,EN,Federal Contract Tower,0,4,37,0,41,0,0,32,0,32,0,4,69,0,73,22,0,22,95
06/22/2021,HFD,CT,ANE,EN,Federal Contract Tower,0,0,11,0,11,0,0,27,0,27,0,0,38,0,38,61,2,63,101
06/23/2021,HFD,CT,ANE,EN,Federal Contract Tower,0,2,8,0,10,0,2,123,0,125,0,4,131,0,135,112,0,112,247
06/24/2021,HFD,CT,ANE,EN,Federal Contract Tower,0,0,11,0,11,0,0,131,0,131,0,0,142,0,142,210,0,210,352
06/25/2021,HFD,CT,ANE,EN,Federal Contract Tower,0,4,21,0,25,0,0,65,0,65,0,4,86,0,90,80,0,80,170
06/26/2021,HFD,CT,ANE,EN,Federal Contract Tower,0,0,15,0,15,0,0,41,0,41,0,0,56,0,56,74,0,74,130
06/27/2021,HFD,CT,ANE,EN,Federal Contract Tower,0,22,16,0,38,0,0,76,0,76,0,22,92,0,114,40,0,40,154
06/28/2021,HFD,CT,ANE,EN,Federal Contract Tower,0,3,9,0,12,0,0,142,0,142,0,3,151,0,154,102,0,102,256
06/29/2021,HFD,CT,ANE,EN,Federal Contract Tower,0,2,9,0,11,0,3,105,0,108,0,5,114,0,119,52,0,52,171
06/30/2021,HFD,CT,ANE,EN,Federal Contract Tower,0,0,7,0,7,0,1,83,0,84,0,1,90,0,91,98,0,98,189
07/01/2021,HFD,CT,ANE,EN,Federal Contract Tower,0,0,13,0,13,0,0,56,0,56,0,0,69,0,69,84,0,84,153
07/02/2021,HFD,CT,ANE,EN,Federal Contract Tower,0,2,6,0,8,0,0,0,0,0,0,2,6,0,8,0,0,0,8
07/03/2021,HFD,CT,ANE,EN,Federal Contract Tower,0,2,19,0,21,0,0,0,0,0,0,2,19,0,21,0,0,0,21
07/04/2021,HFD,CT,ANE,EN,Federal Contract Tower,0,0,11,0,11,0,0,8,0,8,0,0,19,0,19,0,0,0,19
07/05/2021,HFD,CT,ANE,EN,Federal Contract Tower,0,0,23,0,23,0,0,52,0,52,0,0,75,0,75,70,0,70,145
07/06/2021,HFD,CT,ANE,EN,Federal Contract Tower,0,2,3,0,5,0,0,73,0,73,0,2,76,0,78,24,2,26,104
07/07/2021,HFD,CT,ANE,EN,Federal Contract Tower,0,1,5,0,6,0,0,71,0,71,0,1,76,0,77,124,0,124,201
07/08/2021,HFD,CT,ANE,EN,Federal Contract Tower,0,1,0,0,1,0,2,0,0,2,0,3,0,0,3,6,0,6,9
07/09/2021,HFD,CT,ANE,EN,Federal Contract Tower,0,0,2,0,2,0,0,37,0,37,0,0,39,0,39,42,0,42,81
07/10/2021,HFD,CT,ANE,EN,Federal Contract Tower,0,2,27,0,29,0,0,147,0,147,0,2,174,0,176,168,0,168,344
07/11/2021,HFD,CT,ANE,EN,Federal Contract Tower,0,0,19,0,19,0,0,71,0,71,0,0,90,0,90,110,0,110,200
07/12/2021,HFD,CT,ANE,EN,Federal Contract Tower,0,2,11,0,13,0,0,0,0,0,0,2,11,0,13,0,0,0,13
07/13/2021,HFD,CT,ANE,EN,Federal Contract Tower,0,4,21,0,25,0,0,2,0,2,0,4,23,0,27,0,0,0,27
07/14/2021,HFD,CT,ANE,EN,Federal Contract Tower,0,0,14,0,14,0,0,16,0,16,0,0,30,0,30,110,0,110,140
07/15/2021,HFD,CT,ANE,EN,Federal Contract Tower,0,0,9,0,9,0,0,177,0,177,0,0,186,0,186,266,0,266,452
07/16/2021,HFD,CT,ANE,EN,Federal Contract Tower,0,0,9,0,9,0,0,104,0,104,0,0,113,0,113,90,0,90,203
07/17/2021,HFD,CT,ANE,EN,Federal Contract Tower,0,0,9,0,9,0,2,129,0,131,0,2,138,0,140,152,0,152,292
07/18/2021,HFD,CT,ANE,EN,Federal Contract Tower,0,1,9,0,10,0,0,0,0,0,0,1,9,0,10,6,0,6,16
07/19/2021,HFD,CT,ANE,EN,Federal Contract Tower,0,0,24,0,24,0,0,23,0,23,0,0,47,0,47,40,0,40,87
07/20/2021,HFD,CT,ANE,EN,Federal Contract Tower,0,5,25,0,30,0,0,0,0,0,0,5,25,0,30,40,0,40,70
07/21/2021,HFD,CT,ANE,EN,Federal Contract Tower,0,4,12,0,16,0,1,109,0,110,0,5,121,0,126,152,0,152,278
07/22/2021,HFD,CT,ANE,EN,Federal Contract Tower,0,0,14,0,14,0,0,193,0,193,0,0,207,0,207,176,0,176,383
07/23/2021,HFD,CT,ANE,EN,Federal Contract Tower,0,0,3,0,3,0,0,172,0,172,0,0,175,0,175,128,0,128,303
07/24/2021,HFD,CT,ANE,EN,Federal Contract Tower,0,1,9,0,10,0,1,218,0,219,0,2,227,0,229,138,0,138,367
07/25/2021,HFD,CT,ANE,EN,Federal Contract Tower,0,0,8,0,8,0,0,5,0,5,0,0,13,0,13,22,0,22,35
07/26/2021,HFD,CT,ANE,EN,Federal Contract Tower,0,1,16,0,17,0,0,64,0,64,0,1,80,0,81,18,0,18,99
07/27/2021,HFD,CT,ANE,EN,Federal Contract Tower,0,0,7,0,7,0,0,86,0,86,0,0,93,0,93,94,2,96,189
07/28/2021,HFD,CT,ANE,EN,Federal Contract Tower,0,3,18,0,21,0,0,136,0,136,0,3,154,0,157,180,0,180,337
07/29/2021,HFD,CT,ANE,EN,Federal Contract Tower,0,0,11,0,11,0,0,10,0,10,0,0,21,0,21,32,0,32,53
07/30/2021,HFD,CT,ANE,EN,Federal Contract Tower,0,0,11,0,11,0,1,163,0,164,0,1,174,0,175,144,0,144,319
07/31/2021,HFD,CT,ANE,EN,Federal Contract Tower,0,0,4,0,4,0,0,174,0,174,0,0,178,0,178,126,0,126,304
08/01/2021,HFD,CT,ANE,EN,Federal Contract Tower,0,0,5,0,5,0,2,100,0,102,0,2,105,0,107,164,0,164,271
08/02/2021,HFD,CT,ANE,EN,Federal Contract Tower,0,0,14,0,14,0,0,131,0,131,0,0,145,0,145,102,0,102,247
08/03/2021,HFD,CT,ANE,EN,Federal Contract Tower,0,0,7,0,7,0,2,228,0,230,0,2,235,0,237,150,0,150,387
08/04/2021,HFD,CT,ANE,EN,Federal Contract Tower,0,2,4,0,6,0,2,100,2,104,0,4,104,2,110,254,14,268,378
08/05/2021,HFD,CT,ANE,EN,Federal Contract Tower,0,0,5,0,5,0,0,27,0,27,0,0,32,0,32,60,0,60,92
08/06/2021,HFD,CT,ANE,EN,Federal Contract Tower,0,3,17,0,20,0,0,170,0,170,0,3,187,0,190,110,0,110,300
08/07/2021,HFD,CT,ANE,EN,Federal Contract Tower,0,0,10,0,10,0,2,147,0,149,0,2,157,0,159,124,0,124,283
08/08/2021,HFD,CT,ANE,EN,Federal Contract Tower,0,0,12,0,12,0,0,122,0,122,0,0,134,0,134,136,0,136,270
08/09/2021,HFD,CT,ANE,EN,Federal Contract Tower,0,5,21,0,26,0,0,76,0,76,0,5,97,0,102,140,0,140,242
08/10/2021,HFD,CT,ANE,EN,Federal Contract Tower,0,2,18,0,20,0,0,22,0,22,0,2,40,0,42,138,0,138,180
08/11/2021,HFD,CT,ANE,EN,Federal Contract Tower,0,1,10,0,11,0,0,55,0,55,0,1,65,0,66,198,4,202,268
08/12/2021,HFD,CT,ANE,EN,Federal Contract Tower,0,0,12,0,12,0,3,112,2,117,0,3,124,2,129,94,8,102,231
08/13/2021,HFD,CT,ANE,EN,Federal Contract Tower,0,0,6,0,6,0,0,106,0,106,0,0,112,0,112,186,0,186,298
08/14/2021,HFD,CT,ANE,EN,Federal Contract Tower,0,0,6,0,6,0,0,46,0,46,0,0,52,0,52,110,0,110,162
08/15/2021,HFD,CT,ANE,EN,Federal Contract Tower,0,0,11,0,11,0,0,163,0,163,0,0,174,0,174,106,0,106,280
08/16/2021,HFD,CT,ANE,EN,Federal Contract Tower,0,0,8,0,8,0,2,124,0,126,0,2,132,0,134,74,0,74,208
08/17/2021,HFD,CT,ANE,EN,Federal Contract Tower,0,5,12,0,17,0,0,136,2,138,0,5,148,2,155,164,2,166,321
08/18/2021,HFD,CT,ANE,EN,Federal Contract Tower,0,1,24,0,25,0,0,56,2,58,0,1,80,2,83,162,2,164,247
08/19/2021,HFD,CT,ANE,EN,Federal Contract Tower,0,9,4,0,13,0,1,10,0,11,0,10,14,0,24,68,12,80,104
08/20/2021,HFD,CT,ANE,EN,Federal Contract Tower,0,1,20,0,21,0,1,70,0,71,0,2,90,0,92,216,0,216,308
08/21/2021,HFD,CT,ANE,EN,Federal Contract Tower,0,0,29,0,29,0,0,38,0,38,0,0,67,0,67,66,0,66,133
08/22/2021,HFD,CT,ANE,EN,Federal Contract Tower,0,0,0,0,0,0,0,0,0,0,0,0,0,0,0,0,0,0,0
08/23/2021,HFD,CT,ANE,EN,Federal Contract Tower,0,0,3,0,3,0,0,1,0,1,0,0,4,0,4,0,0,0,4
08/24/2021,HFD,CT,ANE,EN,Federal Contract Tower,0,0,21,0,21,0,0,141,2,143,0,0,162,2,164,102,0,102,266
08/25/2021,HFD,CT,ANE,EN,Federal Contract Tower,0,2,7,0,9,0,0,156,0,156,0,2,163,0,165,174,0,174,339
08/26/2021,HFD,CT,ANE,EN,Federal Contract Tower,0,0,7,0,7,0,0,117,0,117,0,0,124,0,124,132,0,132,256
08/27/2021,HFD,CT,ANE,EN,Federal Contract Tower,0,0,6,0,6,0,2,107,0,109,0,2,113,0,115,184,0,184,299
08/28/2021,HFD,CT,ANE,EN,Federal Contract Tower,0,1,12,0,13,0,0,103,0,103,0,1,115,0,116,194,0,194,310
08/29/2021,HFD,CT,ANE,EN,Federal Contract Tower,0,1,22,0,23,0,0,37,0,37,0,1,59,0,60,84,0,84,144
08/30/2021,HFD,CT,ANE,EN,Federal Contract Tower,0,1,16,0,17,0,0,36,0,36,0,1,52,0,53,0,0,0,53
08/31/2021,HFD,CT,ANE,EN,Federal Contract Tower,0,0,9,0,9,0,0,157,0,157,0,0,166,0,166,68,0,68,234
09/01/2021,HFD,CT,ANE,EN,Federal Contract Tower,0,0,10,0,10,0,0,5,0,5,0,0,15,0,15,0,0,0,15
09/02/2021,HFD,CT,ANE,EN,Federal Contract Tower,0,0,5,0,5,0,0,37,0,37,0,0,42,0,42,20,0,20,62
09/03/2021,HFD,CT,ANE,EN,Federal Contract Tower,0,0,10,0,10,0,1,164,0,165,0,1,174,0,175,144,0,144,319
09/04/2021,HFD,CT,ANE,EN,Federal Contract Tower,0,0,3,0,3,0,0,78,0,78,0,0,81,0,81,20,0,20,101
09/05/2021,HFD,CT,ANE,EN,Federal Contract Tower,0,0,7,0,7,0,0,45,0,45,0,0,52,0,52,72,0,72,124
09/06/2021,HFD,CT,ANE,EN,Federal Contract Tower,0,2,16,0,18,0,0,78,0,78,0,2,94,0,96,28,0,28,124
09/07/2021,HFD,CT,ANE,EN,Federal Contract Tower,0,5,10,0,15,0,0,145,0,145,0,5,155,0,160,104,0,104,264
09/08/2021,HFD,CT,ANE,EN,Federal Contract Tower,0,2,15,0,17,0,3,79,0,82,0,5,94,0,99,24,0,24,123
09/09/2021,HFD,CT,ANE,EN,Federal Contract Tower,0,0,17,0,17,0,0,7,0,7,0,0,24,0,24,0,0,0,24
09/10/2021,HFD,CT,ANE,EN,Federal Contract Tower,0,7,15,0,22,0,0,134,0,134,0,7,149,0,156,94,0,94,250
09/11/2021,HFD,CT,ANE,EN,Federal Contract Tower,0,0,9,0,9,0,0,126,0,126,0,0,135,0,135,58,0,58,193
09/12/2021,HFD,CT,ANE,EN,Federal Contract Tower,0,0,7,0,7,0,0,95,0,95,0,0,102,0,102,70,0,70,172
09/13/2021,HFD,CT,ANE,EN,Federal Contract Tower,0,1,6,0,7,0,0,104,0,104,0,1,110,0,111,186,2,188,299
09/14/2021,HFD,CT,ANE,EN,Federal Contract Tower,0,0,4,0,4,0,1,131,0,132,0,1,135,0,136,82,0,82,218
09/15/2021,HFD,CT,ANE,EN,Federal Contract Tower,0,3,18,0,21,0,1,58,0,59,0,4,76,0,80,76,0,76,156
09/16/2021,HFD,CT,ANE,EN,Federal Contract Tower,0,0,10,0,10,0,0,12,4,16,0,0,22,4,26,64,0,64,90
09/17/2021,HFD,CT,ANE,EN,Federal Contract Tower,0,2,18,0,20,0,0,19,0,19,0,2,37,0,39,38,0,38,77
09/18/2021,HFD,CT,ANE,EN,Federal Contract Tower,0,1,17,0,18,0,0,108,0,108,0,1,125,0,126,94,0,94,220
09/19/2021,HFD,CT,ANE,EN,Federal Contract Tower,0,0,2,0,2,0,0,182,0,182,0,0,184,0,184,124,0,124,308
09/21/2021,HFD,CT,ANE,EN,Federal Contract Tower,0,3,17,2,22,0,0,0,0,0,0,3,17,2,22,92,0,92,114
09/22/2021,HFD,CT,ANE,EN,Federal Contract Tower,0,3,13,0,16,0,0,5,0,5,0,3,18,0,21,72,0,72,93
09/23/2021,HFD,CT,ANE,EN,Federal Contract Tower,0,2,12,0,14,0,0,11,0,11,0,2,23,0,25,20,0,20,45
09/24/2021,HFD,CT,ANE,EN,Federal Contract Tower,0,1,11,0,12,0,0,65,0,65,0,1,76,0,77,92,0,92,169
09/25/2021,HFD,CT,ANE,EN,Federal Contract Tower,0,3,8,0,11,0,0,128,0,128,0,3,136,0,139,100,0,100,239
09/26/2021,HFD,CT,ANE,EN,Federal Contract Tower,0,2,7,0,9,0,1,112,0,113,0,3,119,0,122,56,0,56,178
09/27/2021,HFD,CT,ANE,EN,Federal Contract Tower,0,1,4,0,5,0,0,108,0,108,0,1,112,0,113,122,0,122,235
09/28/2021,HFD,CT,ANE,EN,Federal Contract Tower,0,0,10,0,10,0,0,34,2,36,0,0,44,2,46,58,0,58,104
09/29/2021,HFD,CT,ANE,EN,Federal Contract Tower,0,0,10,0,10,0,1,127,0,128,0,1,137,0,138,100,8,108,246
09/30/2021,HFD,CT,ANE,EN,Federal Contract Tower,0,3,17,0,20,0,0,104,0,104,0,3,121,0,124,110,0,110,234
10/01/2021,HFD,CT,ANE,EN,Federal Contract Tower,0,4,9,0,13,0,1,128,0,129,0,5,137,0,142,154,0,154,296
10/02/2021,HFD,CT,ANE,EN,Federal Contract Tower,0,3,8,0,11,0,2,185,0,187,0,5,193,0,198,152,0,152,350
10/03/2021,HFD,CT,ANE,EN,Federal Contract Tower,0,0,5,0,5,0,0,104,0,104,0,0,109,0,109,80,0,80,189
10/04/2021,HFD,CT,ANE,EN,Federal Contract Tower,0,0,5,0,5,0,0,0,0,0,0,0,5,0,5,0,0,0,5
10/05/2021,HFD,CT,ANE,EN,Federal Contract Tower,0,4,41,0,45,0,0,5,0,5,0,4,46,0,50,110,0,110,160
10/06/2021,HFD,CT,ANE,EN,Federal Contract Tower,0,3,13,0,16,0,1,128,0,129,0,4,141,0,145,122,0,122,267
10/07/2021,HFD,CT,ANE,EN,Federal Contract Tower,0,0,21,0,21,0,0,78,2,80,0,0,99,2,101,54,4,58,159
10/08/2021,HFD,CT,ANE,EN,Federal Contract Tower,0,2,11,0,13,0,0,115,0,115,0,2,126,0,128,54,0,54,182
10/09/2021,HFD,CT,ANE,EN,Federal Contract Tower,0,0,20,0,20,0,0,65,0,65,0,0,85,0,85,136,0,136,221
10/10/2021,HFD,CT,ANE,EN,Federal Contract Tower,0,1,19,0,20,0,0,42,0,42,0,1,61,0,62,42,0,42,104
10/11/2021,HFD,CT,ANE,EN,Federal Contract Tower,0,2,18,0,20,0,0,42,0,42,0,2,60,0,62,54,0,54,116
10/12/2021,HFD,CT,ANE,EN,Federal Contract Tower,0,0,14,0,14,0,0,109,0,109,0,0,123,0,123,0,102,102,225
10/13/2021,HFD,CT,ANE,EN,Federal Contract Tower,0,4,11,0,15,0,0,71,0,71,0,4,82,0,86,81,0,81,167
10/14/2021,HFD,CT,ANE,EN,Federal Contract Tower,0,0,9,0,9,0,0,158,0,158,0,0,167,0,167,128,0,128,295
10/15/2021,HFD,CT,ANE,EN,Federal Contract Tower,0,0,6,5,11,0,0,6,9,15,0,0,12,14,26,0,0,0,26
10/16/2021,HFD,CT,ANE,EN,Federal Contract Tower,0,1,3,0,4,0,0,31,0,31,0,1,34,0,35,66,0,66,101
10/17/2021,HFD,CT,ANE,EN,Federal Contract Tower,0,0,3,0,3,0,0,113,0,113,0,0,116,0,116,64,0,64,180
10/18/2021,HFD,CT,ANE,EN,Federal Contract Tower,0,3,11,0,14,0,0,88,0,88,0,3,99,0,102,55,0,55,157
10/19/2021,HFD,CT,ANE,EN,Federal Contract Tower,0,3,9,0,12,0,1,84,0,85,0,4,93,0,97,66,8,74,171
10/21/2021,HFD,CT,ANE,EN,Federal Contract Tower,0,4,15,2,21,0,4,151,0,155,0,8,166,2,176,115,0,115,291
10/22/2021,HFD,CT,ANE,EN,Federal Contract Tower,0,0,15,0,15,0,0,109,0,109,0,0,124,0,124,146,0,146,270
10/23/2021,HFD,CT,ANE,EN,Federal Contract Tower,0,3,7,0,10,0,2,129,0,131,0,5,136,0,141,98,0,98,239
10/24/2021,HFD,CT,ANE,EN,Federal Contract Tower,0,4,13,0,17,0,0,140,0,140,0,4,153,0,157,120,0,120,277
10/25/2021,HFD,CT,ANE,EN,Federal Contract Tower,0,1,11,0,12,0,0,0,0,0,0,1,11,0,12,0,0,0,12
10/26/2021,HFD,CT,ANE,EN,Federal Contract Tower,0,2,3,0,5,0,0,0,0,0,0,2,3,0,5,0,0,0,5
10/27/2021,HFD,CT,ANE,EN,Federal Contract Tower,0,3,2,0,5,0,0,4,0,4,0,3,6,0,9,0,0,0,9
10/28/2021,HFD,CT,ANE,EN,Federal Contract Tower,0,0,16,0,16,0,0,155,0,155,0,0,171,0,171,230,0,230,401
10/29/2021,HFD,CT,ANE,EN,Federal Contract Tower,0,0,14,0,14,0,0,67,0,67,0,0,81,0,81,142,0,142,223
10/30/2021,HFD,CT,ANE,EN,Federal Contract Tower,0,2,14,0,16,0,0,0,0,0,0,2,14,0,16,0,0,0,16
10/31/2021,HFD,CT,ANE,EN,Federal Contract Tower,0,2,13,0,15,0,0,94,0,94,0,2,107,0,109,172,0,172,281
11/01/2021,HFD,CT,ANE,EN,Federal Contract Tower,0,0,8,0,8,0,1,97,0,98,0,1,105,0,106,104,0,104,210
11/02/2021,HFD,CT,ANE,EN,Federal Contract Tower,0,0,10,1,11,0,0,105,1,106,0,0,115,2,117,112,0,112,229
11/03/2021,HFD,CT,ANE,EN,Federal Contract Tower,0,1,11,0,12,0,1,137,0,138,0,2,148,0,150,84,0,84,234
11/04/2021,HFD,CT,ANE,EN,Federal Contract Tower,0,0,8,0,8,0,0,177,0,177,0,0,185,0,185,186,0,186,371
11/05/2021,HFD,CT,ANE,EN,Federal Contract Tower,0,1,22,0,23,0,0,138,0,138,0,1,160,0,161,162,0,162,323
11/06/2021,HFD,CT,ANE,EN,Federal Contract Tower,0,8,9,0,17,0,0,109,0,109,0,8,118,0,126,118,0,118,244
11/07/2021,HFD,CT,ANE,EN,Federal Contract Tower,0,1,8,0,9,0,0,119,0,119,0,1,127,0,128,74,0,74,202
11/08/2021,HFD,CT,ANE,EN,Federal Contract Tower,0,3,7,0,10,0,1,112,0,113,0,4,119,0,123,186,0,186,309
11/09/2021,HFD,CT,ANE,EN,Federal Contract Tower,0,1,9,2,12,0,0,125,0,125,0,1,134,2,137,70,0,70,207
11/10/2021,HFD,CT,ANE,EN,Federal Contract Tower,0,0,7,0,7,0,0,119,0,119,0,0,126,0,126,116,0,116,242
11/11/2021,HFD,CT,ANE,EN,Federal Contract Tower,0,0,12,0,12,0,0,171,0,171,0,0,183,0,183,22,0,22,205
11/12/2021,HFD,CT,ANE,EN,Federal Contract Tower,0,0,4,0,4,0,0,5,0,5,0,0,9,0,9,0,0,0,9
11/13/2021,HFD,CT,ANE,EN,Federal Contract Tower,0,0,14,1,15,0,0,44,1,45,0,0,58,2,60,58,0,58,118
11/14/2021,HFD,CT,ANE,EN,Federal Contract Tower,0,0,14,0,14,0,0,129,0,129,0,0,143,0,143,110,0,110,253
11/15/2021,HFD,CT,ANE,EN,Federal Contract Tower,0,7,13,0,20,0,0,70,0,70,0,7,83,0,90,70,0,70,160
11/16/2021,HFD,CT,ANE,EN,Federal Contract Tower,0,4,9,0,13,0,0,102,0,102,0,4,111,0,115,36,0,36,151
11/17/2021,HFD,CT,ANE,EN,Federal Contract Tower,0,11,7,0,18,0,3,117,0,120,0,14,124,0,138,196,0,196,334
11/18/2021,HFD,CT,ANE,EN,Federal Contract Tower,0,4,11,0,15,0,2,142,0,144,0,6,153,0,159,144,0,144,303
11/19/2021,HFD,CT,ANE,EN,Federal Contract Tower,0,0,11,0,11,0,0,47,0,47,0,0,58,0,58,70,0,70,128
11/20/2021,HFD,CT,ANE,EN,Federal Contract Tower,0,0,5,0,5,0,0,150,0,150,0,0,155,0,155,112,0,112,267
11/21/2021,HFD,CT,ANE,EN,Federal Contract Tower,0,0,12,0,12,0,0,96,0,96,0,0,108,0,108,110,0,110,218
11/22/2021,HFD,CT,ANE,EN,Federal Contract Tower,0,2,9,2,13,0,0,51,0,51,0,2,60,2,64,48,0,48,112
11/23/2021,HFD,CT,ANE,EN,Federal Contract Tower,0,0,11,0,11,0,0,79,0,79,0,0,90,0,90,26,0,26,116
11/24/2021,HFD,CT,ANE,EN,Federal Contract Tower,0,2,8,0,10,0,2,91,0,93,0,4,99,0,103,128,0,128,231
11/25/2021,HFD,CT,ANE,EN,Federal Contract Tower,0,0,5,0,5,0,0,34,0,34,0,0,39,0,39,26,0,26,65
11/26/2021,HFD,CT,ANE,EN,Federal Contract Tower,0,0,6,0,6,0,0,2,0,2,0,0,8,0,8,0,0,0,8
11/27/2021,HFD,CT,ANE,EN,Federal Contract Tower,0,0,9,0,9,0,0,27,0,27,0,0,36,0,36,18,0,18,54
11/28/2021,HFD,CT,ANE,EN,Federal Contract Tower,0,0,8,0,8,0,0,36,0,36,0,0,44,0,44,12,0,12,56
11/29/2021,HFD,CT,ANE,EN,Federal Contract Tower,0,0,6,0,6,0,0,123,0,123,0,0,129,0,129,114,0,114,243
11/30/2021,HFD,CT,ANE,EN,Federal Contract Tower,0,0,14,0,14,0,0,110,0,110,0,0,124,0,124,128,2,130,254
12/01/2021,HFD,CT,ANE,EN,Federal Contract Tower,0,0,9,0,9,0,0,128,4,132,0,0,137,4,141,112,0,112,253
12/02/2021,HFD,CT,ANE,EN,Federal Contract Tower,0,0,3,0,3,0,0,68,2,70,0,0,71,2,73,118,14,132,205
12/03/2021,HFD,CT,ANE,EN,Federal Contract Tower,0,0,6,0,6,0,0,43,0,43,0,0,49,0,49,50,0,50,99
12/04/2021,HFD,CT,ANE,EN,Federal Contract Tower,0,0,3,0,3,0,0,108,0,108,0,0,111,0,111,206,0,206,317
12/05/2021,HFD,CT,ANE,EN,Federal Contract Tower,0,0,8,0,8,0,0,109,0,109,0,0,117,0,117,210,0,210,327
12/06/2021,HFD,CT,ANE,EN,Federal Contract Tower,0,0,2,0,2,0,1,1,0,2,0,1,3,0,4,0,0,0,4
12/07/2021,HFD,CT,ANE,EN,Federal Contract Tower,0,3,3,0,6,0,1,107,0,108,0,4,110,0,114,118,2,120,234
12/08/2021,HFD,CT,ANE,EN,Federal Contract Tower,0,0,2,0,2,0,0,36,0,36,0,0,38,0,38,80,0,80,118
12/09/2021,HFD,CT,ANE,EN,Federal Contract Tower,0,4,8,0,12,0,0,125,2,127,0,4,133,2,139,88,8,96,235
12/10/2021,HFD,CT,ANE,EN,Federal Contract Tower,0,1,5,0,6,0,1,111,0,112,0,2,116,0,118,158,0,158,276
12/11/2021,HFD,CT,ANE,EN,Federal Contract Tower,0,0,1,0,1,0,0,0,0,0,0,0,1,0,1,0,0,0,1
12/12/2021,HFD,CT,ANE,EN,Federal Contract Tower,0,0,6,0,6,0,0,80,2,82,0,0,86,2,88,100,0,100,188
12/13/2021,HFD,CT,ANE,EN,Federal Contract Tower,0,1,3,0,4,0,2,90,0,92,0,3,93,0,96,114,0,114,210
12/14/2021,HFD,CT,ANE,EN,Federal Contract Tower,0,2,14,2,18,0,0,111,0,111,0,2,125,2,129,102,6,108,237
12/15/2021,HFD,CT,ANE,EN,Federal Contract Tower,0,2,16,0,18,0,0,118,0,118,0,2,134,0,136,66,0,66,202
12/16/2021,HFD,CT,ANE,EN,Federal Contract Tower,0,4,8,0,12,0,0,133,8,141,0,4,141,8,153,122,16,138,291
12/18/2021,HFD,CT,ANE,EN,Federal Contract Tower,0,0,0,0,0,0,0,0,0,0,0,0,0,0,0,38,0,38,38
12/19/2021,HFD,CT,ANE,EN,Federal Contract Tower,0,0,3,0,3,0,0,40,0,40,0,0,43,0,43,48,0,48,91
12/20/2021,HFD,CT,ANE,EN,Federal Contract Tower,0,0,7,0,7,0,1,116,0,117,0,1,123,0,124,152,0,152,276
12/21/2021,HFD,CT,ANE,EN,Federal Contract Tower,0,1,4,0,5,0,0,132,0,132,0,1,136,0,137,173,0,173,310
12/22/2021,HFD,CT,ANE,EN,Federal Contract Tower,0,0,5,0,5,0,0,21,0,21,0,0,26,0,26,6,0,6,32
12/23/2021,HFD,CT,ANE,EN,Federal Contract Tower,0,0,6,0,6,0,0,79,0,79,0,0,85,0,85,98,0,98,183
12/24/2021,HFD,CT,ANE,EN,Federal Contract Tower,0,0,0,0,0,0,0,10,0,10,0,0,10,0,10,10,0,10,20
12/25/2021,HFD,CT,ANE,EN,Federal Contract Tower,0,0,0,0,0,0,0,0,0,0,0,0,0,0,0,0,0,0,0
12/26/2021,HFD,CT,ANE,EN,Federal Contract Tower,0,0,2,0,2,0,0,34,0,34,0,0,36,0,36,34,0,34,70
12/27/2021,HFD,CT,ANE,EN,Federal Contract Tower,0,0,7,0,7,0,0,92,0,92,0,0,99,0,99,142,0,142,241
12/28/2021,HFD,CT,ANE,EN,Federal Contract Tower,0,0,6,0,6,0,0,50,0,50,0,0,56,0,56,54,0,54,110
12/29/2021,HFD,CT,ANE,EN,Federal Contract Tower,0,0,0,0,0,0,0,2,0,2,0,0,2,0,2,0,0,0,2
12/30/2021,HFD,CT,ANE,EN,Federal Contract Tower,0,0,4,0,4,0,0,0,0,0,0,0,4,0,4,0,0,0,4
12/31/2021,HFD,CT,ANE,EN,Federal Contract Tower,0,0,5,0,5,0,0,1,0,1,0,0,6,0,6,0,0,0,6
01/01/2022,HFD,CT,ANE,EN,Federal Contract Tower,0,0,0,0,0,0,0,0,0,0,0,0,0,0,0,0,0,0,0
01/02/2022,HFD,CT,ANE,EN,Federal Contract Tower,0,0,6,0,6,0,0,12,0,12,0,0,18,0,18,18,0,18,36
01/03/2022,HFD,CT,ANE,EN,Federal Contract Tower,0,0,5,0,5,0,0,55,4,59,0,0,60,4,64,38,0,38,102
01/04/2022,HFD,CT,ANE,EN,Federal Contract Tower,0,0,10,0,10,0,0,123,0,123,0,0,133,0,133,62,2,64,197
01/05/2022,HFD,CT,ANE,EN,Federal Contract Tower,0,0,3,0,3,0,0,0,0,0,0,0,3,0,3,0,0,0,3
01/06/2022,HFD,CT,ANE,EN,Federal Contract Tower,0,0,7,0,7,0,0,105,0,105,0,0,112,0,112,84,0,84,196
01/07/2022,HFD,CT,ANE,EN,Federal Contract Tower,0,0,0,0,0,0,0,2,0,2,0,0,2,0,2,0,0,0,2
01/08/2022,HFD,CT,ANE,EN,Federal Contract Tower,0,0,4,0,4,0,0,90,0,90,0,0,94,0,94,132,0,132,226
01/09/2022,HFD,CT,ANE,EN,Federal Contract Tower,0,0,0,0,0,0,0,0,0,0,0,0,0,0,0,0,0,0,0
01/10/2022,HFD,CT,ANE,EN,Federal Contract Tower,0,0,2,0,2,0,0,68,0,68,0,0,70,0,70,50,0,50,120
01/11/2022,HFD,CT,ANE,EN,Federal Contract Tower,0,0,5,0,5,0,0,81,0,81,0,0,86,0,86,14,0,14,100
01/12/2022,HFD,CT,ANE,EN,Federal Contract Tower,0,0,4,0,4,0,0,51,2,53,0,0,55,2,57,64,0,64,121
01/13/2022,HFD,CT,ANE,EN,Federal Contract Tower,0,2,11,0,13,0,0,202,0,202,0,2,213,0,215,182,0,182,397
01/14/2022,HFD,CT,ANE,EN,Federal Contract Tower,0,0,8,0,8,0,0,45,0,45,0,0,53,0,53,87,0,87,140
01/15/2022,HFD,CT,ANE,EN,Federal Contract Tower,0,0,2,0,2,0,0,62,0,62,0,0,64,0,64,78,0,78,142
01/16/2022,HFD,CT,ANE,EN,Federal Contract Tower,0,0,4,0,4,0,0,154,0,154,0,0,158,0,158,142,0,142,300
01/17/2022,HFD,CT,ANE,EN,Federal Contract Tower,0,0,1,0,1,0,0,1,0,1,0,0,2,0,2,0,0,0,2
01/18/2022,HFD,CT,ANE,EN,Federal Contract Tower,0,4,0,0,4,0,0,10,0,10,0,4,10,0,14,10,0,10,24
01/19/2022,HFD,CT,ANE,EN,Federal Contract Tower,0,2,7,0,9,0,0,52,2,54,0,2,59,2,63,44,8,52,115
01/20/2022,HFD,CT,ANE,EN,Federal Contract Tower,0,0,1,0,1,0,0,32,0,32,0,0,33,0,33,14,0,14,47
01/21/2022,HFD,CT,ANE,EN,Federal Contract Tower,0,3,8,0,11,0,0,115,0,115,0,3,123,0,126,88,0,88,214
01/22/2022,HFD,CT,ANE,EN,Federal Contract Tower,0,1,9,0,10,0,0,156,0,156,0,1,165,0,166,196,0,196,362
01/23/2022,HFD,CT,ANE,EN,Federal Contract Tower,0,0,6,0,6,0,0,117,0,117,0,0,123,0,123,110,0,110,233
01/24/2022,HFD,CT,ANE,EN,Federal Contract Tower,0,4,4,0,8,0,0,107,0,107,0,4,111,0,115,140,0,140,255
01/25/2022,HFD,CT,ANE,EN,Federal Contract Tower,0,0,5,0,5,0,0,65,0,65,0,0,70,0,70,24,16,40,110
01/26/2022,HFD,CT,ANE,EN,Federal Contract Tower,0,0,4,0,4,0,0,86,0,86,0,0,90,0,90,32,0,32,122
01/27/2022,HFD,CT,ANE,EN,Federal Contract Tower,0,0,6,0,6,0,0,147,0,147,0,0,153,0,153,8,0,8,161
01/28/2022,HFD,CT,ANE,EN,Federal Contract Tower,1,0,0,0,1,0,0,12,0,12,1,0,12,0,13,48,0,48,61
01/29/2022,HFD,CT,ANE,EN,Federal Contract Tower,0,0,0,0,0,0,0,0,0,0,0,0,0,0,0,0,0,0,0
01/30/2022,HFD,CT,ANE,EN,Federal Contract Tower,0,0,3,0,3,0,0,34,0,34,0,0,37,0,37,4,0,4,41
01/31/2022,HFD,CT,ANE,EN,Federal Contract Tower,0,0,11,0,11,0,0,117,0,117,0,0,128,0,128,84,2,86,214
02/01/2022,HFD,CT,ANE,EN,Federal Contract Tower,0,0,13,0,13,0,0,64,0,64,0,0,77,0,77,110,0,110,187
02/02/2022,HFD,CT,ANE,EN,Federal Contract Tower,0,2,9,0,11,0,1,49,0,50,0,3,58,0,61,204,12,216,277
02/03/2022,HFD,CT,ANE,EN,Federal Contract Tower,0,2,0,0,2,0,0,0,0,0,0,2,0,0,2,0,0,0,2
02/04/2022,HFD,CT,ANE,EN,Federal Contract Tower,0,0,0,0,0,0,0,0,0,0,0,0,0,0,0,0,0,0,0
02/05/2022,HFD,CT,ANE,EN,Federal Contract Tower,0,0,10,0,10,0,0,54,0,54,0,0,64,0,64,34,0,34,98
02/06/2022,HFD,CT,ANE,EN,Federal Contract Tower,0,0,10,0,10,0,0,155,0,155,0,0,165,0,165,104,0,104,269
02/07/2022,HFD,CT,ANE,EN,Federal Contract Tower,0,2,0,0,2,0,0,0,0,0,0,2,0,0,2,0,0,0,2
02/08/2022,HFD,CT,ANE,EN,Federal Contract Tower,0,0,9,0,9,0,0,41,0,41,0,0,50,0,50,94,0,94,144
02/09/2022,HFD,CT,ANE,EN,Federal Contract Tower,0,0,9,0,9,0,2,132,0,134,0,2,141,0,143,128,4,132,275
02/10/2022,HFD,CT,ANE,EN,Federal Contract Tower,0,6,8,0,14,0,0,96,12,108,0,6,104,12,122,12,0,12,134
02/11/2022,HFD,CT,ANE,EN,Federal Contract Tower,0,1,8,0,9,0,0,136,0,136,0,1,144,0,145,77,0,77,222
02/12/2022,HFD,CT,ANE,EN,Federal Contract Tower,0,0,6,0,6,0,0,115,0,115,0,0,121,0,121,116,0,116,237
02/13/2022,HFD,CT,ANE,EN,Federal Contract Tower,0,0,1,0,1,0,0,0,0,0,0,0,1,0,1,26,0,26,27
02/14/2022,HFD,CT,ANE,EN,Federal Contract Tower,0,0,5,0,5,0,0,65,0,65,0,0,70,0,70,64,0,64,134
02/15/2022,HFD,CT,ANE,EN,Federal Contract Tower,0,0,5,0,5,0,2,112,2,116,0,2,117,2,121,74,0,74,195
02/16/2022,HFD,CT,ANE,EN,Federal Contract Tower,0,1,12,0,13,0,0,68,0,68,0,1,80,0,81,70,6,76,157
02/17/2022,HFD,CT,ANE,EN,Federal Contract Tower,0,1,2,0,3,0,2,17,0,19,0,3,19,0,22,0,10,10,32
02/18/2022,HFD,CT,ANE,EN,Federal Contract Tower,0,0,0,0,0,0,0,11,0,11,0,0,11,0,11,0,0,0,11
02/19/2022,HFD,CT,ANE,EN,Federal Contract Tower,0,0,7,0,7,0,0,16,0,16,0,0,23,0,23,34,0,34,57
02/20/2022,HFD,CT,ANE,EN,Federal Contract Tower,0,0,5,0,5,0,0,111,0,111,0,0,116,0,116,178,0,178,294
02/21/2022,HFD,CT,ANE,EN,Federal Contract Tower,0,0,12,0,12,0,0,174,0,174,0,0,186,0,186,190,0,190,376
02/22/2022,HFD,CT,ANE,EN,Federal Contract Tower,0,1,7,0,8,0,0,0,0,0,0,1,7,0,8,0,0,0,8
02/23/2022,HFD,CT,ANE,EN,Federal Contract Tower,0,3,8,0,11,0,2,37,4,43,0,5,45,4,54,38,24,62,116
02/24/2022,HFD,CT,ANE,EN,Federal Contract Tower,0,4,10,0,14,0,0,144,0,144,0,4,154,0,158,8,0,8,166
02/25/2022,HFD,CT,ANE,EN,Federal Contract Tower,0,0,1,0,1,0,0,0,0,0,0,0,1,0,1,0,0,0,1
02/26/2022,HFD,CT,ANE,EN,Federal Contract Tower,0,0,4,0,4,0,0,107,2,109,0,0,111,2,113,170,2,172,285
02/27/2022,HFD,CT,ANE,EN,Federal Contract Tower,0,0,5,0,5,0,0,49,0,49,0,0,54,0,54,78,0,78,132
02/28/2022,HFD,CT,ANE,EN,Federal Contract Tower,0,2,9,0,11,0,0,100,0,100,0,2,109,0,111,86,12,98,209
03/01/2022,HFD,CT,ANE,EN,Federal Contract Tower,0,0,5,0,5,0,1,50,0,51,0,1,55,0,56,114,10,124,180
03/02/2022,HFD,CT,ANE,EN,Federal Contract Tower,0,0,6,0,6,0,3,122,2,127,0,3,128,2,133,62,8,70,203
03/03/2022,HFD,CT,ANE,EN,Federal Contract Tower,0,0,5,0,5,0,0,35,0,35,0,0,40,0,40,10,0,10,50
03/04/2022,HFD,CT,ANE,EN,Federal Contract Tower,0,0,9,0,9,0,0,135,0,135,0,0,144,0,144,194,0,194,338
03/05/2022,HFD,CT,ANE,EN,Federal Contract Tower,0,0,4,0,4,0,0,141,0,141,0,0,145,0,145,240,0,240,385
03/06/2022,HFD,CT,ANE,EN,Federal Contract Tower,0,0,1,0,1,0,0,7,0,7,0,0,8,0,8,0,0,0,8
03/07/2022,HFD,CT,ANE,EN,Federal Contract Tower,0,0,14,0,14,0,0,55,0,55,0,0,69,0,69,78,28,106,175
03/08/2022,HFD,CT,ANE,EN,Federal Contract Tower,0,0,5,0,5,0,0,42,0,42,0,0,47,0,47,0,0,0,47
03/09/2022,HFD,CT,ANE,EN,Federal Contract Tower,0,0,3,0,3,0,0,5,0,5,0,0,8,0,8,8,0,8,16
03/10/2022,HFD,CT,ANE,EN,Federal Contract Tower,0,2,4,0,6,0,0,142,0,142,0,2,146,0,148,170,0,170,318
03/11/2022,HFD,CT,ANE,EN,Federal Contract Tower,0,0,8,0,8,0,0,131,0,131,0,0,139,0,139,160,0,160,299
03/12/2022,HFD,CT,ANE,EN,Federal Contract Tower,0,0,0,0,0,0,0,0,0,0,0,0,0,0,0,0,0,0,0
03/13/2022,HFD,CT,ANE,EN,Federal Contract Tower,0,0,2,0,2,0,1,21,0,22,0,1,23,0,24,0,0,0,24
03/14/2022,HFD,CT,ANE,EN,Federal Contract Tower,0,0,7,0,7,0,1,108,0,109,0,1,115,0,116,78,0,78,194
03/15/2022,HFD,CT,ANE,EN,Federal Contract Tower,0,0,2,0,2,0,0,120,0,120,0,0,122,0,122,150,0,150,272
03/16/2022,HFD,CT,ANE,EN,Federal Contract Tower,0,0,7,0,7,0,1,110,0,111,0,1,117,0,118,82,0,82,200
03/17/2022,HFD,CT,ANE,EN,Federal Contract Tower,0,0,10,0,10,0,0,0,0,0,0,0,10,0,10,0,0,0,10
03/18/2022,HFD,CT,ANE,EN,Federal Contract Tower,0,0,10,0,10,0,1,154,0,155,0,1,164,0,165,254,0,254,419
03/19/2022,HFD,CT,ANE,EN,Federal Contract Tower,0,0,1,0,1,0,0,0,0,0,0,0,1,0,1,0,0,0,1
03/20/2022,HFD,CT,ANE,EN,Federal Contract Tower,0,0,7,0,7,0,0,83,0,83,0,0,90,0,90,124,0,124,214
03/21/2022,HFD,CT,ANE,EN,Federal Contract Tower,0,0,5,0,5,0,0,75,0,75,0,0,80,0,80,66,0,66,146
03/22/2022,HFD,CT,ANE,EN,Federal Contract Tower,0,2,3,0,5,0,3,56,0,59,0,5,59,0,64,34,0,34,98
03/23/2022,HFD,CT,ANE,EN,Federal Contract Tower,0,1,10,0,11,0,3,145,0,148,0,4,155,0,159,184,0,184,343
03/24/2022,HFD,CT,ANE,EN,Federal Contract Tower,0,2,2,0,4,0,0,0,0,0,0,2,2,0,4,0,0,0,4
03/25/2022,HFD,CT,ANE,EN,Federal Contract Tower,0,2,8,0,10,0,1,112,0,113,0,3,120,0,123,162,0,162,285
03/26/2022,HFD,CT,ANE,EN,Federal Contract Tower,0,0,6,0,6,0,0,86,0,86,0,0,92,0,92,258,2,260,352
03/27/2022,HFD,CT,ANE,EN,Federal Contract Tower,0,1,7,0,8,0,0,65,2,67,0,1,72,2,75,130,2,132,207
03/28/2022,HFD,CT,ANE,EN,Federal Contract Tower,0,1,2,0,3,0,0,14,0,14,0,1,16,0,17,0,0,0,17
03/29/2022,HFD,CT,ANE,EN,Federal Contract Tower,0,0,9,0,9,0,0,28,0,28,0,0,37,0,37,56,0,56,93
03/30/2022,HFD,CT,ANE,EN,Federal Contract Tower,0,2,9,0,11,0,3,147,0,150,0,5,156,0,161,96,0,96,257
03/31/2022,HFD,CT,ANE,EN,Federal Contract Tower,0,0,1,0,1,0,0,0,0,0,0,0,1,0,1,0,0,0,1
04/01/2022,HFD,CT,ANE,EN,Federal Contract Tower,0,0,8,0,8,0,0,13,0,13,0,0,21,0,21,65,0,65,86
04/02/2022,HFD,CT,ANE,EN,Federal Contract Tower,0,0,6,0,6,0,0,99,0,99,0,0,105,0,105,114,0,114,219
04/03/2022,HFD,CT,ANE,EN,Federal Contract Tower,0,1,4,0,5,0,0,55,0,55,0,1,59,0,60,50,0,50,110
04/04/2022,HFD,CT,ANE,EN,Federal Contract Tower,0,0,15,0,15,0,0,78,0,78,0,0,93,0,93,92,0,92,185
04/05/2022,HFD,CT,ANE,EN,Federal Contract Tower,0,0,13,0,13,0,1,145,0,146,0,1,158,0,159,148,0,148,307
04/06/2022,HFD,CT,ANE,EN,Federal Contract Tower,0,1,3,0,4,0,0,1,0,1,0,1,4,0,5,0,0,0,5
04/07/2022,HFD,CT,ANE,EN,Federal Contract Tower,0,2,5,0,7,0,0,1,0,1,0,2,6,0,8,16,0,16,24
04/08/2022,HFD,CT,ANE,EN,Federal Contract Tower,0,0,12,0,12,0,1,53,0,54,0,1,65,0,66,108,0,108,174
04/09/2022,HFD,CT,ANE,EN,Federal Contract Tower,0,0,9,0,9,0,0,9,0,9,0,0,18,0,18,40,0,40,58
04/10/2022,HFD,CT,ANE,EN,Federal Contract Tower,0,2,10,0,12,0,0,87,0,87,0,2,97,0,99,88,0,88,187
04/11/2022,HFD,CT,ANE,EN,Federal Contract Tower,0,2,11,0,13,0,0,173,0,173,0,2,184,0,186,260,0,260,446
04/12/2022,HFD,CT,ANE,EN,Federal Contract Tower,0,1,11,0,12,0,2,79,0,81,0,3,90,0,93,128,0,128,221
04/13/2022,HFD,CT,ANE,EN,Federal Contract Tower,0,0,6,0,6,0,0,112,0,112,0,0,118,0,118,198,0,198,316
04/14/2022,HFD,CT,ANE,EN,Federal Contract Tower,0,2,3,0,5,0,0,47,0,47,0,2,50,0,52,24,2,26,78
04/15/2022,HFD,CT,ANE,EN,Federal Contract Tower,0,0,9,0,9,0,1,121,0,122,0,1,130,0,131,98,0,98,229
04/16/2022,HFD,CT,ANE,EN,Federal Contract Tower,0,0,4,0,4,0,0,46,0,46,0,0,50,0,50,62,0,62,112
04/17/2022,HFD,CT,ANE,EN,Federal Contract Tower,0,0,3,0,3,0,0,31,0,31,0,0,34,0,34,8,0,8,42
04/18/2022,HFD,CT,ANE,EN,Federal Contract Tower,0,1,1,0,2,0,0,114,0,114,0,1,115,0,116,170,0,170,286
04/19/2022,HFD,CT,ANE,EN,Federal Contract Tower,0,0,6,0,6,0,0,9,0,9,0,0,15,0,15,2,0,2,17
04/20/2022,HFD,CT,ANE,EN,Federal Contract Tower,0,5,6,0,11,0,4,58,0,62,0,9,64,0,73,88,6,94,167
04/21/2022,HFD,CT,ANE,EN,Federal Contract Tower,0,0,8,0,8,0,1,68,0,69,0,1,76,0,77,66,2,68,145
04/22/2022,HFD,CT,ANE,EN,Federal Contract Tower,0,0,6,0,6,0,0,92,0,92,0,0,98,0,98,42,0,42,140
04/23/2022,HFD,CT,ANE,EN,Federal Contract Tower,0,3,5,0,8,0,0,199,0,199,0,3,204,0,207,234,0,234,441
04/24/2022,HFD,CT,ANE,EN,Federal Contract Tower,0,0,9,0,9,0,0,130,0,130,0,0,139,0,139,158,0,158,297
04/25/2022,HFD,CT,ANE,EN,Federal Contract Tower,0,2,6,0,8,0,0,116,0,116,0,2,122,0,124,224,0,224,348
04/26/2022,HFD,CT,ANE,EN,Federal Contract Tower,0,3,16,0,19,0,0,4,0,4,0,3,20,0,23,0,0,0,23
04/27/2022,HFD,CT,ANE,EN,Federal Contract Tower,0,6,5,2,13,0,3,40,0,43,0,9,45,2,56,30,4,34,90
04/28/2022,HFD,CT,ANE,EN,Federal Contract Tower,0,0,1,0,1,0,0,21,0,21,0,0,22,0,22,18,0,18,40
04/29/2022,HFD,CT,ANE,EN,Federal Contract Tower,0,0,8,0,8,0,0,33,0,33,0,0,41,0,41,10,0,10,51
04/30/2022,HFD,CT,ANE,EN,Federal Contract Tower,0,0,12,0,12,0,0,136,0,136,0,0,148,0,148,112,0,112,260
05/01/2022,HFD,CT,ANE,EN,Federal Contract Tower,0,0,6,0,6,0,0,149,0,149,0,0,155,0,155,148,0,148,303
05/02/2022,HFD,CT,ANE,EN,Federal Contract Tower,0,0,5,0,5,0,0,44,0,44,0,0,49,0,49,110,0,110,159
05/03/2022,HFD,CT,ANE,EN,Federal Contract Tower,0,0,24,0,24,0,0,14,0,14,0,0,38,0,38,116,8,124,162
05/04/2022,HFD,CT,ANE,EN,Federal Contract Tower,0,0,8,0,8,0,0,1,0,1,0,0,9,0,9,0,0,0,9
05/05/2022,HFD,CT,ANE,EN,Federal Contract Tower,0,0,4,0,4,0,0,174,0,174,0,0,178,0,178,18,0,18,196
05/06/2022,HFD,CT,ANE,EN,Federal Contract Tower,0,0,9,0,9,0,0,88,0,88,0,0,97,0,97,170,0,170,267
05/07/2022,HFD,CT,ANE,EN,Federal Contract Tower,0,1,5,0,6,0,0,14,0,14,0,1,19,0,20,0,0,0,20
05/08/2022,HFD,CT,ANE,EN,Federal Contract Tower,0,0,6,0,6,0,0,29,0,29,0,0,35,0,35,14,0,14,49
05/09/2022,HFD,CT,ANE,EN,Federal Contract Tower,0,0,2,0,2,0,0,31,0,31,0,0,33,0,33,102,0,102,135
05/10/2022,HFD,CT,ANE,EN,Federal Contract Tower,0,2,4,0,6,0,0,51,0,51,0,2,55,0,57,26,0,26,83
05/11/2022,HFD,CT,ANE,EN,Federal Contract Tower,0,0,4,0,4,0,1,102,0,103,0,1,106,0,107,164,0,164,271
05/12/2022,HFD,CT,ANE,EN,Federal Contract Tower,0,0,8,0,8,0,0,130,0,130,0,0,138,0,138,194,0,194,332
05/13/2022,HFD,CT,ANE,EN,Federal Contract Tower,0,0,10,0,10,0,0,65,0,65,0,0,75,0,75,0,180,180,255
05/14/2022,HFD,CT,ANE,EN,Federal Contract Tower,0,5,13,0,18,0,0,129,0,129,0,5,142,0,147,206,0,206,353
05/15/2022,HFD,CT,ANE,EN,Federal Contract Tower,0,2,12,0,14,0,0,75,0,75,0,2,87,0,89,156,0,156,245
05/16/2022,HFD,CT,ANE,EN,Federal Contract Tower,0,0,3,0,3,0,0,78,0,78,0,0,81,0,81,110,0,110,191
05/17/2022,HFD,CT,ANE,EN,Federal Contract Tower,0,2,0,0,2,0,0,37,0,37,0,2,37,0,39,36,0,36,75
05/18/2022,HFD,CT,ANE,EN,Federal Contract Tower,0,2,4,0,6,0,0,134,0,134,0,2,138,0,140,80,0,80,220
05/19/2022,HFD,CT,ANE,EN,Federal Contract Tower,0,0,13,0,13,0,0,4,0,4,0,0,17,0,17,4,0,4,21
05/20/2022,HFD,CT,ANE,EN,Federal Contract Tower,0,0,7,0,7,0,0,101,0,101,0,0,108,0,108,212,0,212,320
05/21/2022,HFD,CT,ANE,EN,Federal Contract Tower,0,1,9,0,10,0,1,84,0,85,0,2,93,0,95,131,0,131,226
05/22/2022,HFD,CT,ANE,EN,Federal Contract Tower,0,0,3,0,3,0,0,117,2,119,0,0,120,2,122,144,0,144,266
05/23/2022,HFD,CT,ANE,EN,Federal Contract Tower,0,0,6,0,6,0,0,157,0,157,0,0,163,0,163,220,0,220,383
05/24/2022,HFD,CT,ANE,EN,Federal Contract Tower,0,0,4,0,4,0,0,140,0,140,0,0,144,0,144,150,0,150,294
05/25/2022,HFD,CT,ANE,EN,Federal Contract Tower,0,0,6,0,6,0,0,168,0,168,0,0,174,0,174,244,0,244,418
05/26/2022,HFD,CT,ANE,EN,Federal Contract Tower,0,0,10,0,10,0,0,112,0,112,0,0,122,0,122,196,0,196,318
05/27/2022,HFD,CT,ANE,EN,Federal Contract Tower,0,1,21,0,22,0,0,19,0,19,0,1,40,0,41,36,0,36,77
05/28/2022,HFD,CT,ANE,EN,Federal Contract Tower,0,3,9,0,12,0,0,2,0,2,0,3,11,0,14,0,0,0,14
05/29/2022,HFD,CT,ANE,EN,Federal Contract Tower,0,0,8,0,8,0,0,157,0,157,0,0,165,0,165,128,0,128,293
05/30/2022,HFD,CT,ANE,EN,Federal Contract Tower,0,3,12,0,15,0,0,159,0,159,0,3,171,0,174,98,0,98,272
05/31/2022,HFD,CT,ANE,EN,Federal Contract Tower,0,2,6,0,8,0,0,109,0,109,0,2,115,0,117,96,0,96,213
06/01/2022,HFD,CT,ANE,EN,Federal Contract Tower,0,0,8,0,8,0,0,29,0,29,0,0,37,0,37,116,0,116,153
06/02/2022,HFD,CT,ANE,EN,Federal Contract Tower,0,0,17,0,17,0,0,2,2,4,0,0,19,2,21,38,2,40,61
06/03/2022,HFD,CT,ANE,EN,Federal Contract Tower,0,1,15,0,16,0,0,82,0,82,0,1,97,0,98,168,0,168,266
06/04/2022,HFD,CT,ANE,EN,Federal Contract Tower,0,0,13,0,13,0,1,142,0,143,0,1,155,0,156,294,0,294,450
06/05/2022,HFD,CT,ANE,EN,Federal Contract Tower,0,0,10,0,10,0,0,179,0,179,0,0,189,0,189,252,0,252,441
06/06/2022,HFD,CT,ANE,EN,Federal Contract Tower,0,0,4,0,4,0,0,137,0,137,0,0,141,0,141,178,0,178,319
06/07/2022,HFD,CT,ANE,EN,Federal Contract Tower,0,1,7,0,8,0,0,93,0,93,0,1,100,0,101,84,0,84,185
06/08/2022,HFD,CT,ANE,EN,Federal Contract Tower,0,1,5,0,6,0,0,88,0,88,0,1,93,0,94,172,0,172,266
06/09/2022,HFD,CT,ANE,EN,Federal Contract Tower,0,0,10,0,10,0,0,60,0,60,0,0,70,0,70,40,0,40,110
06/10/2022,HFD,CT,ANE,EN,Federal Contract Tower,0,1,2,0,3,0,0,118,0,118,0,1,120,0,121,106,0,106,227
06/11/2022,HFD,CT,ANE,EN,Federal Contract Tower,0,0,13,0,13,0,0,208,0,208,0,0,221,0,221,188,0,188,409
06/12/2022,HFD,CT,ANE,EN,Federal Contract Tower,0,0,11,0,11,0,0,63,0,63,0,0,74,0,74,94,0,94,168
06/13/2022,HFD,CT,ANE,EN,Federal Contract Tower,0,0,11,0,11,0,2,88,4,94,0,2,99,4,105,154,0,154,259
06/14/2022,HFD,CT,ANE,EN,Federal Contract Tower,0,2,10,0,12,0,4,108,0,112,0,6,118,0,124,248,0,248,372
06/15/2022,HFD,CT,ANE,EN,Federal Contract Tower,0,1,10,0,11,0,2,120,0,122,0,3,130,0,133,120,0,120,253
06/16/2022,HFD,CT,ANE,EN,Federal Contract Tower,0,2,17,0,19,0,0,45,0,45,0,2,62,0,64,138,0,138,202
06/17/2022,HFD,CT,ANE,EN,Federal Contract Tower,0,0,25,0,25,0,0,42,0,42,0,0,67,0,67,56,0,56,123
06/18/2022,HFD,CT,ANE,EN,Federal Contract Tower,0,3,5,0,8,0,0,42,2,44,0,3,47,2,52,24,6,30,82
06/19/2022,HFD,CT,ANE,EN,Federal Contract Tower,0,2,10,0,12,0,1,51,0,52,0,3,61,0,64,16,0,16,80
06/20/2022,HFD,CT,ANE,EN,Federal Contract Tower,0,10,7,0,17,0,0,174,0,174,0,10,181,0,191,128,8,136,327
06/21/2022,HFD,CT,ANE,EN,Federal Contract Tower,0,6,15,0,21,0,5,143,0,148,0,11,158,0,169,136,0,136,305
06/22/2022,HFD,CT,ANE,EN,Federal Contract Tower,0,2,18,0,20,0,0,1,0,1,0,2,19,0,21,30,0,30,51
06/23/2022,HFD,CT,ANE,EN,Federal Contract Tower,0,0,13,0,13,0,0,76,3,79,0,0,89,3,92,88,0,88,180
06/24/2022,HFD,CT,ANE,EN,Federal Contract Tower,0,4,16,0,20,0,0,171,0,171,0,4,187,0,191,164,4,168,359
06/25/2022,HFD,CT,ANE,EN,Federal Contract Tower,0,3,12,0,15,0,2,166,0,168,0,5,178,0,183,172,0,172,355
06/26/2022,HFD,CT,ANE,EN,Federal Contract Tower,0,11,11,0,22,0,0,118,0,118,0,11,129,0,140,37,0,37,177
06/27/2022,HFD,CT,ANE,EN,Federal Contract Tower,0,0,12,0,12,0,0,1,0,1,0,0,13,0,13,0,0,0,13
06/28/2022,HFD,CT,ANE,EN,Federal Contract Tower,0,1,6,0,7,0,1,153,0,154,0,2,159,0,161,70,28,98,259
06/29/2022,HFD,CT,ANE,EN,Federal Contract Tower,0,2,13,0,15,0,6,106,0,112,0,8,119,0,127,156,2,158,285
06/30/2022,HFD,CT,ANE,EN,Federal Contract Tower,0,1,11,0,12,0,1,124,0,125,0,2,135,0,137,176,0,176,313
07/01/2022,HFD,CT,ANE,EN,Federal Contract Tower,0,2,8,0,10,0,0,124,0,124,0,2,132,0,134,144,0,144,278
07/02/2022,HFD,CT,ANE,EN,Federal Contract Tower,0,0,7,0,7,0,0,27,0,27,0,0,34,0,34,52,0,52,86
07/03/2022,HFD,CT,ANE,EN,Federal Contract Tower,0,0,5,0,5,0,0,102,0,102,0,0,107,0,107,36,0,36,143
07/04/2022,HFD,CT,ANE,EN,Federal Contract Tower,0,0,6,0,6,0,1,87,0,88,0,1,93,0,94,78,0,78,172
07/05/2022,HFD,CT,ANE,EN,Federal Contract Tower,0,0,12,0,12,0,0,71,0,71,0,0,83,0,83,108,0,108,191
07/06/2022,HFD,CT,ANE,EN,Federal Contract Tower,0,3,15,0,18,0,0,87,0,87,0,3,102,0,105,148,6,154,259
07/07/2022,HFD,CT,ANE,EN,Federal Contract Tower,0,0,15,0,15,0,0,127,0,127,0,0,142,0,142,180,6,186,328
07/08/2022,HFD,CT,ANE,EN,Federal Contract Tower,0,0,6,0,6,0,2,124,0,126,0,2,130,0,132,162,0,162,294
07/09/2022,HFD,CT,ANE,EN,Federal Contract Tower,0,0,5,0,5,0,2,123,0,125,0,2,128,0,130,162,0,162,292
07/10/2022,HFD,CT,ANE,EN,Federal Contract Tower,0,0,6,0,6,0,1,139,0,140,0,1,145,0,146,156,0,156,302
07/11/2022,HFD,CT,ANE,EN,Federal Contract Tower,0,0,1,0,1,0,3,117,0,120,0,3,118,0,121,88,0,88,209
07/12/2022,HFD,CT,ANE,EN,Federal Contract Tower,0,0,4,0,4,0,1,30,0,31,0,1,34,0,35,16,0,16,51
07/13/2022,HFD,CT,ANE,EN,Federal Contract Tower,0,4,17,0,21,0,1,130,2,133,0,5,147,2,154,142,8,150,304
07/14/2022,HFD,CT,ANE,EN,Federal Contract Tower,0,0,18,0,18,0,0,68,0,68,0,0,86,0,86,64,0,64,150
07/15/2022,HFD,CT,ANE,EN,Federal Contract Tower,0,0,7,0,7,0,0,179,0,179,0,0,186,0,186,170,0,170,356
07/16/2022,HFD,CT,ANE,EN,Federal Contract Tower,0,0,3,0,3,0,0,101,0,101,0,0,104,0,104,182,0,182,286
07/17/2022,HFD,CT,ANE,EN,Federal Contract Tower,0,0,16,0,16,0,0,102,0,102,0,0,118,0,118,105,0,105,223
07/18/2022,HFD,CT,ANE,EN,Federal Contract Tower,0,0,4,0,4,0,0,0,0,0,0,0,4,0,4,0,0,0,4
07/19/2022,HFD,CT,ANE,EN,Federal Contract Tower,0,0,3,0,3,0,0,90,0,90,0,0,93,0,93,80,0,80,173
07/20/2022,HFD,CT,ANE,EN,Federal Contract Tower,0,0,11,0,11,0,1,83,0,84,0,1,94,0,95,120,0,120,215
07/21/2022,HFD,CT,ANE,EN,Federal Contract Tower,0,0,2,0,2,0,0,32,0,32,0,0,34,0,34,10,2,12,46
07/22/2022,HFD,CT,ANE,EN,Federal Contract Tower,0,0,9,0,9,0,1,129,0,130,0,1,138,0,139,166,0,166,305
07/23/2022,HFD,CT,ANE,EN,Federal Contract Tower,0,0,10,0,10,0,0,127,0,127,0,0,137,0,137,78,0,78,215
07/24/2022,HFD,CT,ANE,EN,Federal Contract Tower,0,1,8,0,9,0,0,76,0,76,0,1,84,0,85,64,0,64,149
07/25/2022,HFD,CT,ANE,EN,Federal Contract Tower,0,0,8,0,8,0,0,32,0,32,0,0,40,0,40,24,0,24,64
07/26/2022,HFD,CT,ANE,EN,Federal Contract Tower,0,2,10,0,12,0,1,100,0,101,0,3,110,0,113,152,0,152,265
07/27/2022,HFD,CT,ANE,EN,Federal Contract Tower,0,0,5,0,5,0,3,134,0,137,0,3,139,0,142,112,0,112,254
07/28/2022,HFD,CT,ANE,EN,Federal Contract Tower,0,0,13,0,13,0,0,22,0,22,0,0,35,0,35,108,0,108,143
07/29/2022,HFD,CT,ANE,EN,Federal Contract Tower,0,0,8,0,8,0,0,116,0,116,0,0,124,0,124,204,0,204,328
07/30/2022,HFD,CT,ANE,EN,Federal Contract Tower,0,0,5,0,5,0,0,94,0,94,0,0,99,0,99,42,0,42,141
07/31/2022,HFD,CT,ANE,EN,Federal Contract Tower,0,1,6,0,7,0,0,145,0,145,0,1,151,0,152,140,0,140,292
08/01/2022,HFD,CT,ANE,EN,Federal Contract Tower,0,0,10,0,10,0,0,76,0,76,0,0,86,0,86,271,0,271,357
08/02/2022,HFD,CT,ANE,EN,Federal Contract Tower,0,0,5,0,5,0,2,67,1,70,0,2,72,1,75,84,0,84,159
08/03/2022,HFD,CT,ANE,EN,Federal Contract Tower,0,0,5,0,5,0,2,148,0,150,0,2,153,0,155,146,0,146,301
08/04/2022,HFD,CT,ANE,EN,Federal Contract Tower,0,1,7,0,8,0,1,114,0,115,0,2,121,0,123,201,0,201,324
08/05/2022,HFD,CT,ANE,EN,Federal Contract Tower,0,0,5,0,5,0,0,82,0,82,0,0,87,0,87,222,0,222,309
08/06/2022,HFD,CT,ANE,EN,Federal Contract Tower,0,0,10,0,10,0,0,110,0,110,0,0,120,0,120,102,0,102,222
08/07/2022,HFD,CT,ANE,EN,Federal Contract Tower,0,0,10,0,10,0,0,67,0,67,0,0,77,0,77,106,0,106,183
08/08/2022,HFD,CT,ANE,EN,Federal Contract Tower,0,1,6,0,7,0,0,81,0,81,0,1,87,0,88,50,0,50,138
08/09/2022,HFD,CT,ANE,EN,Federal Contract Tower,0,1,7,1,9,0,0,56,0,56,0,1,63,1,65,84,0,84,149
08/10/2022,HFD,CT,ANE,EN,Federal Contract Tower,0,0,9,0,9,0,2,104,0,106,0,2,113,0,115,172,0,172,287
08/11/2022,HFD,CT,ANE,EN,Federal Contract Tower,0,1,14,2,17,0,0,90,0,90,0,1,104,2,107,0,0,0,107
08/12/2022,HFD,CT,ANE,EN,Federal Contract Tower,0,1,11,0,12,0,14,140,0,154,0,15,151,0,166,184,0,184,350
08/13/2022,HFD,CT,ANE,EN,Federal Contract Tower,0,2,18,0,20,0,0,168,0,168,0,2,186,0,188,154,0,154,342
08/14/2022,HFD,CT,ANE,EN,Federal Contract Tower,0,0,18,0,18,0,0,140,0,140,0,0,158,0,158,182,0,182,340
08/15/2022,HFD,CT,ANE,EN,Federal Contract Tower,0,2,4,2,8,0,1,141,0,142,0,3,145,2,150,168,0,168,318
08/16/2022,HFD,CT,ANE,EN,Federal Contract Tower,0,0,10,0,10,0,0,107,0,107,0,0,117,0,117,110,0,110,227
08/17/2022,HFD,CT,ANE,EN,Federal Contract Tower,0,0,8,1,9,0,0,66,1,67,0,0,74,2,76,256,0,256,332
08/18/2022,HFD,CT,ANE,EN,Federal Contract Tower,0,0,13,0,13,0,0,90,0,90,0,0,103,0,103,42,0,42,145
08/19/2022,HFD,CT,ANE,EN,Federal Contract Tower,0,0,8,0,8,0,0,0,0,0,0,0,8,0,8,98,0,98,106
08/20/2022,HFD,CT,ANE,EN,Federal Contract Tower,0,0,9,0,9,0,0,134,0,134,0,0,143,0,143,202,0,202,345
08/21/2022,HFD,CT,ANE,EN,Federal Contract Tower,0,0,11,0,11,0,0,94,0,94,0,0,105,0,105,54,0,54,159
08/22/2022,HFD,CT,ANE,EN,Federal Contract Tower,0,2,10,0,12,0,0,10,0,10,0,2,20,0,22,32,0,32,54
08/23/2022,HFD,CT,ANE,EN,Federal Contract Tower,0,5,9,0,14,0,0,1,0,1,0,5,10,0,15,0,0,0,15
08/24/2022,HFD,CT,ANE,EN,Federal Contract Tower,0,2,10,0,12,0,0,108,0,108,0,2,118,0,120,138,0,138,258
08/25/2022,HFD,CT,ANE,EN,Federal Contract Tower,0,0,9,3,12,0,0,152,0,152,0,0,161,3,164,302,0,302,466
08/26/2022,HFD,CT,ANE,EN,Federal Contract Tower,0,0,5,0,5,0,1,55,0,56,0,1,60,0,61,86,0,86,147
08/27/2022,HFD,CT,ANE,EN,Federal Contract Tower,0,0,11,0,11,0,1,119,0,120,0,1,130,0,131,122,0,122,253
08/28/2022,HFD,CT,ANE,EN,Federal Contract Tower,0,2,22,0,24,0,0,81,0,81,0,2,103,0,105,76,0,76,181
08/29/2022,HFD,CT,ANE,EN,Federal Contract Tower,0,0,21,0,21,0,0,59,0,59,0,0,80,0,80,101,0,101,181
08/30/2022,HFD,CT,ANE,EN,Federal Contract Tower,0,0,16,0,16,0,0,35,0,35,0,0,51,0,51,104,0,104,155
08/31/2022,HFD,CT,ANE,EN,Federal Contract Tower,0,2,18,0,20,0,0,89,0,89,0,2,107,0,109,94,0,94,203
09/01/2022,HFD,CT,ANE,EN,Federal Contract Tower,0,1,9,0,10,0,0,96,0,96,0,1,105,0,106,90,0,90,196
09/02/2022,HFD,CT,ANE,EN,Federal Contract Tower,0,0,10,0,10,0,0,179,0,179,0,0,189,0,189,249,0,249,438
09/03/2022,HFD,CT,ANE,EN,Federal Contract Tower,0,1,10,0,11,0,0,104,0,104,0,1,114,0,115,38,0,38,153
09/04/2022,HFD,CT,ANE,EN,Federal Contract Tower,0,1,10,0,11,0,0,89,0,89,0,1,99,0,100,188,0,188,288
09/05/2022,HFD,CT,ANE,EN,Federal Contract Tower,0,2,7,0,9,0,0,0,0,0,0,2,7,0,9,0,0,0,9
09/06/2022,HFD,CT,ANE,EN,Federal Contract Tower,0,2,9,0,11,0,0,0,0,0,0,2,9,0,11,0,0,0,11
09/07/2022,HFD,CT,ANE,EN,Federal Contract Tower,0,0,22,0,22,0,0,52,0,52,0,0,74,0,74,78,2,80,154
09/08/2022,HFD,CT,ANE,EN,Federal Contract Tower,0,0,10,0,10,0,0,129,0,129,0,0,139,0,139,150,0,150,289
09/09/2022,HFD,CT,ANE,EN,Federal Contract Tower,0,2,10,0,12,0,1,155,0,156,0,3,165,0,168,146,0,146,314
09/10/2022,HFD,CT,ANE,EN,Federal Contract Tower,0,1,12,0,13,0,0,120,0,120,0,1,132,0,133,134,2,136,269
09/11/2022,HFD,CT,ANE,EN,Federal Contract Tower,0,0,6,0,6,0,0,80,0,80,0,0,86,0,86,138,0,138,224
09/12/2022,HFD,CT,ANE,EN,Federal Contract Tower,0,0,12,2,14,0,0,20,0,20,0,0,32,2,34,20,0,20,54
09/13/2022,HFD,CT,ANE,EN,Federal Contract Tower,0,0,3,0,3,0,0,6,0,6,0,0,9,0,9,20,0,20,29
09/14/2022,HFD,CT,ANE,EN,Federal Contract Tower,0,0,2,0,2,0,6,118,0,124,0,6,120,0,126,78,0,78,204
09/15/2022,HFD,CT,ANE,EN,Federal Contract Tower,0,0,8,0,8,0,0,148,0,148,0,0,156,0,156,68,0,68,224
09/16/2022,HFD,CT,ANE,EN,Federal Contract Tower,0,2,11,0,13,0,0,138,0,138,0,2,149,0,151,164,0,164,315
09/17/2022,HFD,CT,ANE,EN,Federal Contract Tower,0,4,6,0,10,0,0,108,0,108,0,4,114,0,118,160,0,160,278
09/18/2022,HFD,CT,ANE,EN,Federal Contract Tower,0,0,12,0,12,0,0,115,0,115,0,0,127,0,127,140,0,140,267
09/19/2022,HFD,CT,ANE,EN,Federal Contract Tower,0,0,4,0,4,0,0,63,0,63,0,0,67,0,67,74,0,74,141
09/20/2022,HFD,CT,ANE,EN,Federal Contract Tower,0,1,10,0,11,0,0,59,0,59,0,1,69,0,70,84,0,84,154
09/21/2022,HFD,CT,ANE,EN,Federal Contract Tower,0,0,20,0,20,0,3,100,0,103,0,3,120,0,123,108,0,108,231
09/22/2022,HFD,CT,ANE,EN,Federal Contract Tower,0,0,12,0,12,0,2,8,0,10,0,2,20,0,22,12,0,12,34
09/23/2022,HFD,CT,ANE,EN,Federal Contract Tower,0,1,6,0,7,0,1,59,0,60,0,2,65,0,67,30,0,30,97
09/24/2022,HFD,CT,ANE,EN,Federal Contract Tower,0,1,11,0,12,0,1,126,0,127,0,2,137,0,139,126,0,126,265
09/25/2022,HFD,CT,ANE,EN,Federal Contract Tower,0,2,11,0,13,0,0,95,0,95,0,2,106,0,108,94,0,94,202
09/26/2022,HFD,CT,ANE,EN,Federal Contract Tower,0,0,14,0,14,0,2,66,0,68,0,2,80,0,82,66,0,66,148
09/27/2022,HFD,CT,ANE,EN,Federal Contract Tower,0,2,11,0,13,0,0,130,0,130,0,2,141,0,143,98,0,98,241
09/29/2022,HFD,CT,ANE,EN,Federal Contract Tower,0,0,13,0,13,0,3,104,0,107,0,3,117,0,120,172,2,174,294
09/30/2022,HFD,CT,ANE,EN,Federal Contract Tower,0,0,12,0,12,0,0,144,0,144,0,0,156,0,156,190,0,190,346
10/01/2022,HFD,CT,ANE,EN,Federal Contract Tower,0,0,7,0,7,0,0,3,0,3,0,0,10,0,10,0,0,0,10
10/02/2022,HFD,CT,ANE,EN,Federal Contract Tower,0,0,5,0,5,0,0,12,0,12,0,0,17,0,17,6,0,6,23
10/03/2022,HFD,CT,ANE,EN,Federal Contract Tower,0,0,6,0,6,0,0,66,0,66,0,0,72,0,72,101,0,101,173
10/04/2022,HFD,CT,ANE,EN,Federal Contract Tower,0,0,9,0,9,0,0,7,0,7,0,0,16,0,16,0,0,0,16
10/05/2022,HFD,CT,ANE,EN,Federal Contract Tower,0,0,24,0,24,0,0,2,0,2,0,0,26,0,26,2,0,2,28
10/06/2022,HFD,CT,ANE,EN,Federal Contract Tower,0,2,14,0,16,0,1,169,0,170,0,3,183,0,186,24,4,28,214
10/07/2022,HFD,CT,ANE,EN,Federal Contract Tower,0,0,9,0,9,2,2,160,0,164,2,2,169,0,173,157,0,157,330
10/08/2022,HFD,CT,ANE,EN,Federal Contract Tower,4,0,9,0,13,0,6,137,0,143,4,6,146,0,156,72,0,72,228
10/09/2022,HFD,CT,ANE,EN,Federal Contract Tower,0,0,6,0,6,0,0,99,0,99,0,0,105,0,105,119,0,119,224
10/10/2022,HFD,CT,ANE,EN,Federal Contract Tower,0,0,6,0,6,0,0,125,0,125,0,0,131,0,131,182,0,182,313
10/11/2022,HFD,CT,ANE,EN,Federal Contract Tower,0,0,6,0,6,0,0,127,0,127,0,0,133,0,133,91,0,91,224
10/12/2022,HFD,CT,ANE,EN,Federal Contract Tower,0,2,18,0,20,0,0,134,2,136,0,2,152,2,156,140,0,140,296
10/13/2022,HFD,CT,ANE,EN,Federal Contract Tower,0,0,9,0,9,0,0,0,0,0,0,0,9,0,9,0,0,0,9
10/14/2022,HFD,CT,ANE,EN,Federal Contract Tower,0,2,18,0,20,0,0,45,0,45,0,2,63,0,65,26,0,26,91
10/15/2022,HFD,CT,ANE,EN,Federal Contract Tower,0,5,8,0,13,0,7,127,0,134,0,12,135,0,147,112,0,112,259
10/16/2022,HFD,CT,ANE,EN,Federal Contract Tower,0,0,8,0,8,0,0,119,0,119,0,0,127,0,127,110,0,110,237
10/17/2022,HFD,CT,ANE,EN,Federal Contract Tower,0,2,8,0,10,0,0,15,0,15,0,2,23,0,25,40,0,40,65
10/18/2022,HFD,CT,ANE,EN,Federal Contract Tower,0,0,2,0,2,0,10,67,2,79,0,10,69,2,81,163,4,167,248
10/19/2022,HFD,CT,ANE,EN,Federal Contract Tower,0,0,10,0,10,0,0,99,0,99,0,0,109,0,109,72,0,72,181
10/20/2022,HFD,CT,ANE,EN,Federal Contract Tower,0,0,6,0,6,0,0,90,0,90,0,0,96,0,96,145,0,145,241
10/21/2022,HFD,CT,ANE,EN,Federal Contract Tower,0,0,9,0,9,0,0,165,0,165,0,0,174,0,174,176,0,176,350
10/22/2022,HFD,CT,ANE,EN,Federal Contract Tower,0,1,6,0,7,0,0,157,0,157,0,1,163,0,164,236,0,236,400
10/23/2022,HFD,CT,ANE,EN,Federal Contract Tower,0,0,8,0,8,0,0,68,0,68,0,0,76,0,76,168,0,168,244
10/24/2022,HFD,CT,ANE,EN,Federal Contract Tower,0,0,5,0,5,0,0,0,0,0,0,0,5,0,5,0,0,0,5
10/25/2022,HFD,CT,ANE,EN,Federal Contract Tower,0,0,2,0,2,0,0,1,0,1,0,0,3,0,3,0,0,0,3
10/26/2022,HFD,CT,ANE,EN,Federal Contract Tower,0,2,6,0,8,0,0,1,0,1,0,2,7,0,9,0,0,0,9
10/27/2022,HFD,CT,ANE,EN,Federal Contract Tower,0,0,4,0,4,0,0,118,0,118,0,0,122,0,122,139,0,139,261
10/28/2022,HFD,CT,ANE,EN,Federal Contract Tower,0,3,6,0,9,0,2,150,0,152,0,5,156,0,161,232,0,232,393
10/29/2022,HFD,CT,ANE,EN,Federal Contract Tower,0,0,7,0,7,0,0,144,0,144,0,0,151,0,151,66,0,66,217
10/30/2022,HFD,CT,ANE,EN,Federal Contract Tower,0,0,4,0,4,0,0,166,0,166,0,0,170,0,170,164,0,164,334
10/31/2022,HFD,CT,ANE,EN,Federal Contract Tower,0,0,8,0,8,0,0,83,0,83,0,0,91,0,91,222,0,222,313
11/01/2022,HFD,CT,ANE,EN,Federal Contract Tower,0,0,22,0,22,0,0,12,0,12,0,0,34,0,34,16,0,16,50
11/02/2022,HFD,CT,ANE,EN,Federal Contract Tower,0,0,7,0,7,0,2,110,0,112,0,2,117,0,119,158,0,158,277
11/03/2022,HFD,CT,ANE,EN,Federal Contract Tower,0,0,13,0,13,0,0,135,0,135,0,0,148,0,148,203,0,203,351
11/04/2022,HFD,CT,ANE,EN,Federal Contract Tower,0,5,15,0,20,0,6,111,0,117,0,11,126,0,137,48,0,48,185
11/05/2022,HFD,CT,ANE,EN,Federal Contract Tower,0,0,17,0,17,0,2,80,0,82,0,2,97,0,99,76,0,76,175
11/06/2022,HFD,CT,ANE,EN,Federal Contract Tower,0,1,12,0,13,0,0,64,0,64,0,1,76,0,77,58,0,58,135
11/07/2022,HFD,CT,ANE,EN,Federal Contract Tower,0,1,7,0,8,0,11,103,0,114,0,12,110,0,122,190,0,190,312
11/08/2022,HFD,CT,ANE,EN,Federal Contract Tower,0,2,7,0,9,0,4,57,0,61,0,6,64,0,70,74,0,74,144
11/09/2022,HFD,CT,ANE,EN,Federal Contract Tower,0,3,7,0,10,0,7,126,4,137,0,10,133,4,147,174,8,182,329
11/10/2022,HFD,CT,ANE,EN,Federal Contract Tower,0,4,13,0,17,0,0,98,0,98,0,4,111,0,115,118,0,118,233
11/11/2022,HFD,CT,ANE,EN,Federal Contract Tower,0,1,9,0,10,0,0,17,0,17,0,1,26,0,27,66,0,66,93
11/12/2022,HFD,CT,ANE,EN,Federal Contract Tower,0,5,2,0,7,0,2,35,0,37,0,7,37,0,44,18,0,18,62
11/13/2022,HFD,CT,ANE,EN,Federal Contract Tower,0,0,7,0,7,0,0,41,0,41,0,0,48,0,48,38,0,38,86
11/14/2022,HFD,CT,ANE,EN,Federal Contract Tower,0,0,2,0,2,0,0,83,0,83,0,0,85,0,85,66,0,66,151
11/15/2022,HFD,CT,ANE,EN,Federal Contract Tower,0,0,6,0,6,0,0,82,1,83,0,0,88,1,89,216,0,216,305
11/16/2022,HFD,CT,ANE,EN,Federal Contract Tower,0,0,9,0,9,0,0,12,0,12,0,0,21,0,21,36,0,36,57
11/17/2022,HFD,CT,ANE,EN,Federal Contract Tower,0,0,10,0,10,0,0,67,0,67,0,0,77,0,77,64,0,64,141
11/18/2022,HFD,CT,ANE,EN,Federal Contract Tower,0,2,12,0,14,0,8,102,0,110,0,10,114,0,124,128,0,128,252
11/19/2022,HFD,CT,ANE,EN,Federal Contract Tower,0,2,7,0,9,0,4,129,0,133,0,6,136,0,142,218,0,218,360
11/20/2022,HFD,CT,ANE,EN,Federal Contract Tower,0,4,7,0,11,0,0,34,0,34,0,4,41,0,45,0,0,0,45
11/21/2022,HFD,CT,ANE,EN,Federal Contract Tower,0,0,5,0,5,0,0,113,0,113,0,0,118,0,118,120,0,120,238
11/22/2022,HFD,CT,ANE,EN,Federal Contract Tower,0,0,7,0,7,0,0,86,0,86,0,0,93,0,93,126,2,128,221
11/23/2022,HFD,CT,ANE,EN,Federal Contract Tower,0,0,5,0,5,0,0,116,0,116,0,0,121,0,121,156,0,156,277
11/24/2022,HFD,CT,ANE,EN,Federal Contract Tower,0,0,2,0,2,0,1,35,0,36,0,1,37,0,38,12,0,12,50
11/25/2022,HFD,CT,ANE,EN,Federal Contract Tower,0,0,5,0,5,0,0,0,0,0,0,0,5,0,5,10,0,10,15
11/26/2022,HFD,CT,ANE,EN,Federal Contract Tower,0,0,5,0,5,0,0,91,0,91,0,0,96,0,96,66,0,66,162
11/27/2022,HFD,CT,ANE,EN,Federal Contract Tower,0,2,3,0,5,0,0,52,0,52,0,2,55,0,57,128,0,128,185
11/28/2022,HFD,CT,ANE,EN,Federal Contract Tower,0,5,3,0,8,0,2,28,0,30,0,7,31,0,38,22,0,22,60
11/29/2022,HFD,CT,ANE,EN,Federal Contract Tower,0,2,4,0,6,0,3,71,0,74,0,5,75,0,80,165,2,167,247
11/30/2022,HFD,CT,ANE,EN,Federal Contract Tower,0,0,2,0,2,0,0,4,0,4,0,0,6,0,6,32,0,32,38
12/01/2022,HFD,CT,ANE,EN,Federal Contract Tower,0,1,3,0,4,0,4,19,0,23,0,5,22,0,27,6,0,6,33
12/02/2022,HFD,CT,ANE,EN,Federal Contract Tower,0,2,18,0,20,0,0,131,0,131,0,2,149,0,151,234,0,234,385
12/03/2022,HFD,CT,ANE,EN,Federal Contract Tower,0,0,4,0,4,0,0,0,0,0,0,0,4,0,4,10,0,10,14
12/04/2022,HFD,CT,ANE,EN,Federal Contract Tower,0,1,10,0,11,0,2,105,0,107,0,3,115,0,118,102,0,102,220
12/05/2022,HFD,CT,ANE,EN,Federal Contract Tower,0,0,7,0,7,0,1,90,0,91,0,1,97,0,98,150,0,150,248
12/06/2022,HFD,CT,ANE,EN,Federal Contract Tower,0,1,7,0,8,0,0,17,0,17,0,1,24,0,25,86,2,88,113
12/07/2022,HFD,CT,ANE,EN,Federal Contract Tower,0,0,1,0,1,0,0,0,0,0,0,0,1,0,1,0,0,0,1
12/08/2022,HFD,CT,ANE,EN,Federal Contract Tower,0,0,3,0,3,0,7,85,0,92,0,7,88,0,95,239,0,239,334
12/09/2022,HFD,CT,ANE,EN,Federal Contract Tower,0,0,3,0,3,0,17,128,0,145,0,17,131,0,148,184,0,184,332
12/10/2022,HFD,CT,ANE,EN,Federal Contract Tower,0,0,7,0,7,0,5,79,2,86,0,5,86,2,93,178,0,178,271
12/11/2022,HFD,CT,ANE,EN,Federal Contract Tower,0,0,0,0,0,0,2,54,0,56,0,2,54,0,56,26,0,26,82
12/12/2022,HFD,CT,ANE,EN,Federal Contract Tower,0,0,4,0,4,0,0,31,0,31,0,0,35,0,35,32,0,32,67
12/13/2022,HFD,CT,ANE,EN,Federal Contract Tower,0,0,3,0,3,0,0,65,0,65,0,0,68,0,68,164,0,164,232
12/14/2022,HFD,CT,ANE,EN,Federal Contract Tower,0,2,5,0,7,0,4,18,0,22,0,6,23,0,29,38,0,38,67
12/15/2022,HFD,CT,ANE,EN,Federal Contract Tower,0,0,2,0,2,0,0,4,0,4,0,0,6,0,6,157,0,157,163
12/16/2022,HFD,CT,ANE,EN,Federal Contract Tower,0,0,2,0,2,0,0,0,0,0,0,0,2,0,2,0,0,0,2
12/17/2022,HFD,CT,ANE,EN,Federal Contract Tower,0,0,1,0,1,0,0,30,0,30,0,0,31,0,31,22,0,22,53
12/18/2022,HFD,CT,ANE,EN,Federal Contract Tower,0,0,11,0,11,0,4,93,0,97,0,4,104,0,108,120,0,120,228
12/19/2022,HFD,CT,ANE,EN,Federal Contract Tower,0,0,10,0,10,0,0,84,0,84,0,0,94,0,94,114,0,114,208
12/20/2022,HFD,CT,ANE,EN,Federal Contract Tower,0,2,6,0,8,0,2,84,0,86,0,4,90,0,94,176,0,176,270
12/21/2022,HFD,CT,ANE,EN,Federal Contract Tower,0,0,9,0,9,0,4,109,0,113,0,4,118,0,122,134,0,134,256
12/22/2022,HFD,CT,ANE,EN,Federal Contract Tower,0,0,0,0,0,0,0,32,0,32,0,0,32,0,32,106,0,106,138
12/23/2022,HFD,CT,ANE,EN,Federal Contract Tower,0,2,0,0,2,0,0,0,0,0,0,2,0,0,2,0,0,0,2
12/24/2022,HFD,CT,ANE,EN,Federal Contract Tower,0,0,2,0,2,0,0,12,0,12,0,0,14,0,14,0,0,0,14
12/25/2022,HFD,CT,ANE,EN,Federal Contract Tower,0,0,0,0,0,0,0,1,0,1,0,0,1,0,1,0,0,0,1
12/26/2022,HFD,CT,ANE,EN,Federal Contract Tower,0,0,6,0,6,0,0,91,0,91,0,0,97,0,97,86,0,86,183
12/27/2022,HFD,CT,ANE,EN,Federal Contract Tower,0,1,8,0,9,0,0,59,0,59,0,1,67,0,68,107,0,107,175
12/28/2022,HFD,CT,ANE,EN,Federal Contract Tower,0,0,2,0,2,0,2,61,0,63,0,2,63,0,65,36,0,36,101
12/29/2022,HFD,CT,ANE,EN,Federal Contract Tower,0,1,8,0,9,0,9,101,0,110,0,10,109,0,119,70,0,70,189
12/30/2022,HFD,CT,ANE,EN,Federal Contract Tower,0,0,8,0,8,0,2,105,0,107,0,2,113,0,115,248,0,248,363
12/31/2022,HFD,CT,ANE,EN,Federal Contract Tower,0,0,7,0,7,0,0,0,0,0,0,0,7,0,7,0,0,0,7
01/01/2023,HFD,CT,ANE,EN,Federal Contract Tower,0,0,0,0,0,0,0,11,0,11,0,0,11,0,11,0,0,0,11
01/02/2023,HFD,CT,ANE,EN,Federal Contract Tower,0,0,4,0,4,0,0,130,0,130,0,0,134,0,134,181,0,181,315
01/03/2023,HFD,CT,ANE,EN,Federal Contract Tower,0,0,0,0,0,0,0,0,0,0,0,0,0,0,0,0,0,0,0
01/04/2023,HFD,CT,ANE,EN,Federal Contract Tower,0,2,2,0,4,0,0,0,0,0,0,2,2,0,4,0,0,0,4
01/05/2023,HFD,CT,ANE,EN,Federal Contract Tower,0,0,3,0,3,0,0,1,0,1,0,0,4,0,4,0,0,0,4
01/06/2023,HFD,CT,ANE,EN,Federal Contract Tower,0,2,2,0,4,0,0,0,0,0,0,2,2,0,4,0,0,0,4
01/07/2023,HFD,CT,ANE,EN,Federal Contract Tower,0,0,1,0,1,0,2,105,0,107,0,2,106,0,108,130,0,130,238
01/08/2023,HFD,CT,ANE,EN,Federal Contract Tower,0,0,5,4,9,0,0,122,0,122,0,0,127,4,131,201,0,201,332
01/09/2023,HFD,CT,ANE,EN,Federal Contract Tower,0,1,8,0,9,0,0,90,0,90,0,1,98,0,99,153,0,153,252
01/10/2023,HFD,CT,ANE,EN,Federal Contract Tower,0,0,5,0,5,0,0,52,0,52,0,0,57,0,57,198,0,198,255
01/11/2023,HFD,CT,ANE,EN,Federal Contract Tower,0,2,10,0,12,0,0,75,0,75,0,2,85,0,87,214,0,214,301
01/12/2023,HFD,CT,ANE,EN,Federal Contract Tower,0,1,0,0,1,0,0,0,0,0,0,1,0,0,1,0,0,0,1
01/13/2023,HFD,CT,ANE,EN,Federal Contract Tower,0,4,7,0,11,0,0,0,0,0,0,4,7,0,11,0,0,0,11
01/14/2023,HFD,CT,ANE,EN,Federal Contract Tower,0,0,3,0,3,0,0,8,0,8,0,0,11,0,11,90,0,90,101
01/15/2023,HFD,CT,ANE,EN,Federal Contract Tower,0,0,2,0,2,0,2,25,0,27,0,2,27,0,29,20,0,20,49
01/16/2023,HFD,CT,ANE,EN,Federal Contract Tower,0,0,8,0,8,0,0,58,0,58,0,0,66,0,66,135,0,135,201
01/17/2023,HFD,CT,ANE,EN,Federal Contract Tower,0,0,8,0,8,0,0,63,0,63,0,0,71,0,71,207,0,207,278
01/18/2023,HFD,CT,ANE,EN,Federal Contract Tower,0,0,12,0,12,0,2,45,4,51,0,2,57,4,63,52,18,70,133
01/19/2023,HFD,CT,ANE,EN,Federal Contract Tower,0,0,5,0,5,0,0,25,0,25,0,0,30,0,30,134,0,134,164
01/20/2023,HFD,CT,ANE,EN,Federal Contract Tower,0,0,4,0,4,0,0,2,0,2,0,0,6,0,6,0,0,0,6
01/21/2023,HFD,CT,ANE,EN,Federal Contract Tower,0,0,1,0,1,0,4,86,0,90,0,4,87,0,91,228,0,228,319
01/22/2023,HFD,CT,ANE,EN,Federal Contract Tower,0,0,2,0,2,0,0,39,0,39,0,0,41,0,41,228,0,228,269
01/23/2023,HFD,CT,ANE,EN,Federal Contract Tower,0,0,4,0,4,0,0,1,0,1,0,0,5,0,5,0,0,0,5
01/24/2023,HFD,CT,ANE,EN,Federal Contract Tower,0,0,5,0,5,0,0,56,0,56,0,0,61,0,61,68,0,68,129
01/25/2023,HFD,CT,ANE,EN,Federal Contract Tower,0,0,2,0,2,0,0,18,0,18,0,0,20,0,20,84,0,84,104
01/26/2023,HFD,CT,ANE,EN,Federal Contract Tower,0,1,8,0,9,0,0,16,0,16,0,1,24,0,25,0,0,0,25
01/27/2023,HFD,CT,ANE,EN,Federal Contract Tower,0,1,6,0,7,0,4,100,0,104,0,5,106,0,111,252,0,252,363
01/28/2023,HFD,CT,ANE,EN,Federal Contract Tower,0,0,8,0,8,0,2,63,0,65,0,2,71,0,73,122,0,122,195
01/29/2023,HFD,CT,ANE,EN,Federal Contract Tower,0,0,8,0,8,0,0,103,0,103,0,0,111,0,111,148,0,148,259
01/30/2023,HFD,CT,ANE,EN,Federal Contract Tower,0,0,6,0,6,0,0,107,0,107,0,0,113,0,113,162,0,162,275
01/31/2023,HFD,CT,ANE,EN,Federal Contract Tower,0,0,1,0,1,0,1,43,0,44,0,1,44,0,45,116,0,116,161
02/01/2023,HFD,CT,ANE,EN,Federal Contract Tower,0,1,4,0,5,0,0,95,0,95,0,1,99,0,100,124,0,124,224
02/02/2023,HFD,CT,ANE,EN,Federal Contract Tower,0,0,3,0,3,0,1,70,0,71,0,1,73,0,74,152,0,152,226
02/03/2023,HFD,CT,ANE,EN,Federal Contract Tower,0,0,2,0,2,0,5,2,0,7,0,5,4,0,9,0,0,0,9
02/04/2023,HFD,CT,ANE,EN,Federal Contract Tower,0,0,2,0,2,0,0,14,0,14,0,0,16,0,16,58,0,58,74
02/05/2023,HFD,CT,ANE,EN,Federal Contract Tower,0,2,3,0,5,0,0,73,0,73,0,2,76,0,78,122,0,122,200
02/06/2023,HFD,CT,ANE,EN,Federal Contract Tower,0,0,1,0,1,0,0,16,0,16,0,0,17,0,17,0,0,0,17
02/07/2023,HFD,CT,ANE,EN,Federal Contract Tower,0,3,4,0,7,0,1,121,0,122,0,4,125,0,129,220,0,220,349
02/08/2023,HFD,CT,ANE,EN,Federal Contract Tower,0,0,0,0,0,0,0,19,0,19,0,0,19,0,19,24,0,24,43
02/09/2023,HFD,CT,ANE,EN,Federal Contract Tower,0,0,4,0,4,0,0,42,0,42,0,0,46,0,46,210,8,218,264
02/10/2023,HFD,CT,ANE,EN,Federal Contract Tower,0,0,2,0,2,0,2,1,0,3,0,2,3,0,5,0,0,0,5
02/11/2023,HFD,CT,ANE,EN,Federal Contract Tower,0,1,3,0,4,0,0,52,0,52,0,1,55,0,56,94,0,94,150
02/12/2023,HFD,CT,ANE,EN,Federal Contract Tower,0,0,0,0,0,0,0,11,0,11,0,0,11,0,11,52,0,52,63
02/13/2023,HFD,CT,ANE,EN,Federal Contract Tower,0,0,1,0,1,0,0,17,0,17,0,0,18,0,18,12,0,12,30
02/14/2023,HFD,CT,ANE,EN,Federal Contract Tower,0,1,1,0,2,0,0,9,0,9,0,1,10,0,11,12,0,12,23
02/15/2023,HFD,CT,ANE,EN,Federal Contract Tower,0,0,8,0,8,0,1,35,0,36,0,1,43,0,44,84,0,84,128
02/16/2023,HFD,CT,ANE,EN,Federal Contract Tower,0,0,0,0,0,0,0,0,0,0,0,0,0,0,0,0,0,0,0
02/17/2023,HFD,CT,ANE,EN,Federal Contract Tower,0,1,7,0,8,0,0,0,0,0,0,1,7,0,8,0,0,0,8
02/18/2023,HFD,CT,ANE,EN,Federal Contract Tower,0,0,2,0,2,0,1,20,0,21,0,1,22,0,23,6,0,6,29
02/19/2023,HFD,CT,ANE,EN,Federal Contract Tower,0,0,3,0,3,0,0,128,0,128,0,0,131,0,131,230,0,230,361
02/20/2023,HFD,CT,ANE,EN,Federal Contract Tower,0,0,2,0,2,0,0,10,0,10,0,0,12,0,12,12,0,12,24
02/21/2023,HFD,CT,ANE,EN,Federal Contract Tower,0,0,4,0,4,0,0,0,0,0,0,0,4,0,4,0,0,0,4
02/22/2023,HFD,CT,ANE,EN,Federal Contract Tower,0,0,0,0,0,0,0,5,0,5,0,0,5,0,5,0,0,0,5
02/23/2023,HFD,CT,ANE,EN,Federal Contract Tower,0,2,0,0,2,0,0,0,0,0,0,2,0,0,2,0,0,0,2
02/24/2023,HFD,CT,ANE,EN,Federal Contract Tower,0,1,1,0,2,0,0,2,0,2,0,1,3,0,4,0,0,0,4
02/25/2023,HFD,CT,ANE,EN,Federal Contract Tower,0,3,4,0,7,0,0,24,0,24,0,3,28,0,31,68,0,68,99
02/26/2023,HFD,CT,ANE,EN,Federal Contract Tower,0,0,8,0,8,0,2,21,0,23,0,2,29,0,31,66,0,66,97
02/27/2023,HFD,CT,ANE,EN,Federal Contract Tower,0,0,6,0,6,0,0,141,0,141,0,0,147,0,147,313,0,313,460
02/28/2023,HFD,CT,ANE,EN,Federal Contract Tower,0,0,0,0,0,0,0,0,0,0,0,0,0,0,0,0,0,0,0
03/01/2023,HFD,CT,ANE,EN,Federal Contract Tower,0,1,1,0,2,0,5,55,9,69,0,6,56,9,71,210,0,210,281
03/02/2023,HFD,CT,ANE,EN,Federal Contract Tower,0,0,1,0,1,0,0,7,0,7,0,0,8,0,8,38,0,38,46
03/03/2023,HFD,CT,ANE,EN,Federal Contract Tower,0,0,9,0,9,0,8,103,2,113,0,8,112,2,122,233,0,233,355
03/04/2023,HFD,CT,ANE,EN,Federal Contract Tower,0,0,0,0,0,0,0,2,0,2,0,0,2,0,2,0,0,0,2
03/05/2023,HFD,CT,ANE,EN,Federal Contract Tower,0,0,10,0,10,0,0,91,0,91,0,0,101,0,101,178,0,178,279
03/06/2023,HFD,CT,ANE,EN,Federal Contract Tower,0,0,4,0,4,0,0,64,0,64,0,0,68,0,68,90,0,90,158
03/07/2023,HFD,CT,ANE,EN,Federal Contract Tower,0,1,1,0,2,0,0,21,0,21,0,1,22,0,23,64,0,64,87
03/08/2023,HFD,CT,ANE,EN,Federal Contract Tower,0,0,7,0,7,0,0,45,0,45,0,0,52,0,52,72,0,72,124
03/09/2023,HFD,CT,ANE,EN,Federal Contract Tower,0,0,3,0,3,0,0,88,0,88,0,0,91,0,91,170,0,170,261
03/10/2023,HFD,CT,ANE,EN,Federal Contract Tower,0,2,3,0,5,0,0,146,0,146,0,2,149,0,151,362,0,362,513
03/11/2023,HFD,CT,ANE,EN,Federal Contract Tower,0,2,4,0,6,0,0,3,0,3,0,2,7,0,9,0,0,0,9
03/12/2023,HFD,CT,ANE,EN,Federal Contract Tower,0,1,15,0,16,0,0,121,0,121,0,1,136,0,137,207,0,207,344
03/13/2023,HFD,CT,ANE,EN,Federal Contract Tower,0,0,0,0,0,0,0,24,0,24,0,0,24,0,24,186,0,186,210
03/14/2023,HFD,CT,ANE,EN,Federal Contract Tower,0,0,0,0,0,0,0,0,0,0,0,0,0,0,0,0,0,0,0
03/15/2023,HFD,CT,ANE,EN,Federal Contract Tower,0,0,1,0,1,0,0,6,0,6,0,0,7,0,7,0,0,0,7
03/16/2023,HFD,CT,ANE,EN,Federal Contract Tower,0,5,4,0,9,0,7,130,0,137,0,12,134,0,146,110,0,110,256
03/17/2023,HFD,CT,ANE,EN,Federal Contract Tower,0,2,12,0,14,0,31,89,0,120,0,33,101,0,134,264,0,264,398
03/18/2023,HFD,CT,ANE,EN,Federal Contract Tower,0,0,8,0,8,0,12,65,9,86,0,12,73,9,94,120,2,122,216
03/19/2023,HFD,CT,ANE,EN,Federal Contract Tower,0,0,4,0,4,0,4,11,0,15,0,4,15,0,19,74,0,74,93
03/20/2023,HFD,CT,ANE,EN,Federal Contract Tower,0,4,3,0,7,0,43,114,0,157,0,47,117,0,164,256,0,256,420
03/21/2023,HFD,CT,ANE,EN,Federal Contract Tower,0,0,4,0,4,0,2,90,0,92,0,2,94,0,96,186,0,186,282
03/22/2023,HFD,CT,ANE,EN,Federal Contract Tower,0,2,3,0,5,0,3,130,0,133,0,5,133,0,138,206,0,206,344
03/23/2023,HFD,CT,ANE,EN,Federal Contract Tower,0,0,6,2,8,0,1,4,0,5,0,1,10,2,13,10,0,10,23
03/24/2023,HFD,CT,ANE,EN,Federal Contract Tower,0,0,4,0,4,0,19,78,0,97,0,19,82,0,101,212,0,212,313
03/25/2023,HFD,CT,ANE,EN,Federal Contract Tower,0,0,1,0,1,0,1,4,0,5,0,1,5,0,6,74,0,74,80
03/26/2023,HFD,CT,ANE,EN,Federal Contract Tower,0,0,6,1,7,0,0,43,0,43,0,0,49,1,50,152,0,152,202
03/27/2023,HFD,CT,ANE,EN,Federal Contract Tower,0,0,2,0,2,0,0,90,0,90,0,0,92,0,92,228,0,228,320
03/28/2023,HFD,CT,ANE,EN,Federal Contract Tower,0,0,1,0,1,0,0,29,0,29,0,0,30,0,30,80,0,80,110
03/29/2023,HFD,CT,ANE,EN,Federal Contract Tower,0,1,10,0,11,0,2,138,0,140,0,3,148,0,151,218,0,218,369
03/30/2023,HFD,CT,ANE,EN,Federal Contract Tower,0,5,3,0,8,0,12,35,0,47,0,17,38,0,55,53,0,53,108
03/31/2023,HFD,CT,ANE,EN,Federal Contract Tower,0,0,6,0,6,0,5,72,0,77,0,5,78,0,83,176,0,176,259
04/01/2023,HFD,CT,ANE,EN,Federal Contract Tower,0,0,1,0,1,0,0,4,0,4,0,0,5,0,5,0,0,0,5
04/02/2023,HFD,CT,ANE,EN,Federal Contract Tower,0,5,2,0,7,0,2,29,0,31,0,7,31,0,38,32,0,32,70
04/03/2023,HFD,CT,ANE,EN,Federal Contract Tower,0,0,3,0,3,0,16,38,0,54,0,16,41,0,57,26,0,26,83
04/04/2023,HFD,CT,ANE,EN,Federal Contract Tower,0,5,2,0,7,0,0,106,2,108,0,5,108,2,115,1,0,1,116
04/05/2023,HFD,CT,ANE,EN,Federal Contract Tower,0,0,9,0,9,0,0,4,0,4,0,0,13,0,13,92,0,92,105
04/06/2023,HFD,CT,ANE,EN,Federal Contract Tower,0,2,7,0,9,0,0,31,0,31,0,2,38,0,40,68,0,68,108
04/07/2023,HFD,CT,ANE,EN,Federal Contract Tower,0,0,3,0,3,0,0,60,0,60,0,0,63,0,63,42,0,42,105
04/08/2023,HFD,CT,ANE,EN,Federal Contract Tower,0,3,1,0,4,0,4,133,0,137,0,7,134,0,141,182,0,182,323
04/09/2023,HFD,CT,ANE,EN,Federal Contract Tower,0,2,3,0,5,0,2,91,0,93,0,4,94,0,98,136,0,136,234
04/10/2023,HFD,CT,ANE,EN,Federal Contract Tower,0,3,3,0,6,0,4,124,0,128,0,7,127,0,134,322,0,322,456
04/11/2023,HFD,CT,ANE,EN,Federal Contract Tower,0,8,4,0,12,0,1,49,0,50,0,9,53,0,62,124,0,124,186
04/12/2023,HFD,CT,ANE,EN,Federal Contract Tower,0,0,2,0,2,0,0,36,0,36,0,0,38,0,38,22,0,22,60
04/13/2023,HFD,CT,ANE,EN,Federal Contract Tower,0,5,9,0,14,0,6,97,0,103,0,11,106,0,117,256,0,256,373
04/14/2023,HFD,CT,ANE,EN,Federal Contract Tower,0,4,4,0,8,0,18,144,0,162,0,22,148,0,170,280,0,280,450
04/15/2023,HFD,CT,ANE,EN,Federal Contract Tower,0,1,20,0,21,0,4,62,0,66,0,5,82,0,87,196,0,196,283
04/16/2023,HFD,CT,ANE,EN,Federal Contract Tower,0,0,39,0,39,0,0,3,0,3,0,0,42,0,42,0,0,0,42
04/17/2023,HFD,CT,ANE,EN,Federal Contract Tower,0,2,6,0,8,0,0,6,0,6,0,2,12,0,14,66,4,70,84
04/19/2023,HFD,CT,ANE,EN,Federal Contract Tower,0,1,9,0,10,0,6,102,0,108,0,7,111,0,118,124,2,126,244
04/20/2023,HFD,CT,ANE,EN,Federal Contract Tower,0,6,5,0,11,0,8,134,0,142,0,14,139,0,153,324,0,324,477
04/21/2023,HFD,CT,ANE,EN,Federal Contract Tower,0,0,7,0,7,0,9,118,0,127,0,9,125,0,134,212,0,212,346
04/22/2023,HFD,CT,ANE,EN,Federal Contract Tower,0,1,12,0,13,0,0,1,0,1,0,1,13,0,14,44,0,44,58
04/23/2023,HFD,CT,ANE,EN,Federal Contract Tower,0,1,7,0,8,0,0,0,0,0,0,1,7,0,8,0,0,0,8
04/24/2023,HFD,CT,ANE,EN,Federal Contract Tower,0,3,13,0,16,0,6,76,0,82,0,9,89,0,98,248,0,248,346
04/25/2023,HFD,CT,ANE,EN,Federal Contract Tower,0,2,4,0,6,0,8,86,0,94,0,10,90,0,100,264,0,264,364
04/26/2023,HFD,CT,ANE,EN,Federal Contract Tower,0,5,20,0,25,0,5,99,0,104,0,10,119,0,129,94,0,94,223
04/27/2023,HFD,CT,ANE,EN,Federal Contract Tower,0,8,14,0,22,0,2,32,2,36,0,10,46,2,58,91,0,91,149
04/28/2023,HFD,CT,ANE,EN,Federal Contract Tower,0,4,7,2,13,0,4,89,1,94,0,8,96,3,107,186,0,186,293
04/29/2023,HFD,CT,ANE,EN,Federal Contract Tower,0,3,6,0,9,0,5,7,0,12,0,8,13,0,21,60,0,60,81
04/30/2023,HFD,CT,ANE,EN,Federal Contract Tower,0,0,11,0,11,0,0,0,0,0,0,0,11,0,11,0,0,0,11
05/01/2023,HFD,CT,ANE,EN,Federal Contract Tower,0,2,6,0,8,0,6,42,0,48,0,8,48,0,56,84,0,84,140
05/02/2023,HFD,CT,ANE,EN,Federal Contract Tower,0,2,7,0,9,0,4,10,0,14,0,6,17,0,23,38,0,38,61
05/03/2023,HFD,CT,ANE,EN,Federal Contract Tower,0,1,4,0,5,0,4,68,0,72,0,5,72,0,77,237,0,237,314
05/04/2023,HFD,CT,ANE,EN,Federal Contract Tower,0,0,7,0,7,0,5,38,0,43,0,5,45,0,50,196,0,196,246
05/05/2023,HFD,CT,ANE,EN,Federal Contract Tower,0,3,9,0,12,0,15,69,0,84,0,18,78,0,96,244,0,244,340
05/06/2023,HFD,CT,ANE,EN,Federal Contract Tower,0,2,4,0,6,0,39,127,0,166,0,41,131,0,172,130,0,130,302
05/07/2023,HFD,CT,ANE,EN,Federal Contract Tower,0,2,7,0,9,0,45,101,0,146,0,47,108,0,155,254,0,254,409
05/08/2023,HFD,CT,ANE,EN,Federal Contract Tower,0,3,8,0,11,0,26,90,0,116,0,29,98,0,127,104,0,104,231
05/09/2023,HFD,CT,ANE,EN,Federal Contract Tower,0,1,10,0,11,0,13,102,0,115,0,14,112,0,126,220,0,220,346
05/10/2023,HFD,CT,ANE,EN,Federal Contract Tower,0,0,2,0,2,0,8,104,0,112,0,8,106,0,114,209,0,209,323
05/11/2023,HFD,CT,ANE,EN,Federal Contract Tower,0,4,7,0,11,0,31,115,0,146,0,35,122,0,157,165,0,165,322
05/12/2023,HFD,CT,ANE,EN,Federal Contract Tower,0,0,4,2,6,0,28,124,0,152,0,28,128,2,158,134,0,134,292
05/13/2023,HFD,CT,ANE,EN,Federal Contract Tower,0,3,10,0,13,0,28,59,0,87,0,31,69,0,100,98,0,98,198
05/14/2023,HFD,CT,ANE,EN,Federal Contract Tower,0,2,2,0,4,0,17,81,0,98,0,19,83,0,102,81,0,81,183
05/15/2023,HFD,CT,ANE,EN,Federal Contract Tower,0,3,3,0,6,0,16,79,0,95,0,19,82,0,101,214,0,214,315
05/16/2023,HFD,CT,ANE,EN,Federal Contract Tower,0,3,5,0,8,0,13,46,0,59,0,16,51,0,67,56,0,56,123
05/17/2023,HFD,CT,ANE,EN,Federal Contract Tower,0,3,4,0,7,0,0,22,0,22,0,3,26,0,29,36,0,36,65
05/18/2023,HFD,CT,ANE,EN,Federal Contract Tower,0,6,5,0,11,0,12,141,0,153,0,18,146,0,164,324,0,324,488
05/19/2023,HFD,CT,ANE,EN,Federal Contract Tower,0,5,5,0,10,0,20,81,0,101,0,25,86,0,111,242,0,242,353
05/20/2023,HFD,CT,ANE,EN,Federal Contract Tower,0,0,4,0,4,0,0,0,0,0,0,0,4,0,4,40,0,40,44
05/21/2023,HFD,CT,ANE,EN,Federal Contract Tower,0,0,11,0,11,0,17,63,2,82,0,17,74,2,93,192,0,192,285
05/22/2023,HFD,CT,ANE,EN,Federal Contract Tower,0,4,9,0,13,0,26,93,0,119,0,30,102,0,132,250,0,250,382
05/23/2023,HFD,CT,ANE,EN,Federal Contract Tower,0,4,8,0,12,0,17,102,0,119,0,21,110,0,131,242,0,242,373
05/24/2023,HFD,CT,ANE,EN,Federal Contract Tower,0,10,5,0,15,0,15,72,0,87,0,25,77,0,102,212,0,212,314
05/25/2023,HFD,CT,ANE,EN,Federal Contract Tower,0,5,1,0,6,0,33,83,0,116,0,38,84,0,122,198,0,198,320
05/26/2023,HFD,CT,ANE,EN,Federal Contract Tower,0,6,5,0,11,0,30,118,0,148,0,36,123,0,159,172,0,172,331
05/27/2023,HFD,CT,ANE,EN,Federal Contract Tower,0,0,6,0,6,0,27,133,0,160,0,27,139,0,166,246,0,246,412
05/28/2023,HFD,CT,ANE,EN,Federal Contract Tower,0,5,0,0,5,0,31,98,0,129,0,36,98,0,134,208,0,208,342
05/29/2023,HFD,CT,ANE,EN,Federal Contract Tower,0,2,5,0,7,0,17,38,2,57,0,19,43,2,64,82,0,82,146
05/30/2023,HFD,CT,ANE,EN,Federal Contract Tower,0,4,4,0,8,0,16,106,0,122,0,20,110,0,130,132,0,132,262
05/31/2023,HFD,CT,ANE,EN,Federal Contract Tower,0,2,8,0,10,0,9,90,0,99,0,11,98,0,109,244,0,244,353
06/01/2023,HFD,CT,ANE,EN,Federal Contract Tower,0,2,2,0,4,0,47,161,0,208,0,49,163,0,212,342,0,342,554
06/02/2023,HFD,CT,ANE,EN,Federal Contract Tower,0,0,7,0,7,0,16,84,0,100,0,16,91,0,107,254,2,256,363
06/03/2023,HFD,CT,ANE,EN,Federal Contract Tower,0,4,10,0,14,0,0,2,0,2,0,4,12,0,16,6,2,8,24
06/04/2023,HFD,CT,ANE,EN,Federal Contract Tower,0,0,8,0,8,0,9,40,0,49,0,9,48,0,57,130,0,130,187
06/05/2023,HFD,CT,ANE,EN,Federal Contract Tower,0,4,11,0,15,0,14,43,0,57,0,18,54,0,72,150,0,150,222
06/06/2023,HFD,CT,ANE,EN,Federal Contract Tower,0,0,18,0,18,0,3,17,0,20,0,3,35,0,38,76,0,76,114
06/07/2023,HFD,CT,ANE,EN,Federal Contract Tower,0,2,14,0,16,0,2,0,0,2,0,4,14,0,18,10,0,10,28
06/08/2023,HFD,CT,ANE,EN,Federal Contract Tower,0,5,12,0,17,0,4,10,0,14,0,9,22,0,31,38,0,38,69
06/09/2023,HFD,CT,ANE,EN,Federal Contract Tower,0,0,9,0,9,0,28,52,0,80,0,28,61,0,89,162,0,162,251
06/10/2023,HFD,CT,ANE,EN,Federal Contract Tower,0,11,13,0,24,0,44,201,0,245,0,55,214,0,269,106,0,106,375
06/11/2023,HFD,CT,ANE,EN,Federal Contract Tower,0,2,7,0,9,0,22,130,0,152,0,24,137,0,161,327,0,327,488
06/12/2023,HFD,CT,ANE,EN,Federal Contract Tower,0,0,5,0,5,0,11,46,0,57,0,11,51,0,62,206,0,206,268
06/13/2023,HFD,CT,ANE,EN,Federal Contract Tower,0,4,10,0,14,0,7,30,0,37,0,11,40,0,51,124,0,124,175
06/14/2023,HFD,CT,ANE,EN,Federal Contract Tower,0,2,2,0,4,0,8,48,0,56,0,10,50,0,60,71,0,71,131
06/15/2023,HFD,CT,ANE,EN,Federal Contract Tower,0,7,8,0,15,0,38,120,0,158,0,45,128,0,173,257,0,257,430
06/16/2023,HFD,CT,ANE,EN,Federal Contract Tower,0,1,9,2,12,0,13,54,0,67,0,14,63,2,79,132,0,132,211
06/17/2023,HFD,CT,ANE,EN,Federal Contract Tower,0,0,7,0,7,0,4,15,0,19,0,4,22,0,26,28,0,28,54
06/18/2023,HFD,CT,ANE,EN,Federal Contract Tower,0,0,8,0,8,0,11,71,0,82,0,11,79,0,90,169,0,169,259
06/19/2023,HFD,CT,ANE,EN,Federal Contract Tower,0,3,10,0,13,0,30,117,0,147,0,33,127,0,160,312,0,312,472
06/20/2023,HFD,CT,ANE,EN,Federal Contract Tower,0,3,7,0,10,0,9,56,0,65,0,12,63,0,75,225,0,225,300
06/21/2023,HFD,CT,ANE,EN,Federal Contract Tower,0,1,12,0,13,0,16,140,0,156,0,17,152,0,169,242,0,242,411
06/22/2023,HFD,CT,ANE,EN,Federal Contract Tower,0,6,10,0,16,0,17,61,0,78,0,23,71,0,94,204,0,204,298
06/23/2023,HFD,CT,ANE,EN,Federal Contract Tower,0,5,8,0,13,0,9,34,0,43,0,14,42,0,56,166,0,166,222
06/24/2023,HFD,CT,ANE,EN,Federal Contract Tower,0,4,9,0,13,0,0,4,0,4,0,4,13,0,17,0,0,0,17
06/25/2023,HFD,CT,ANE,EN,Federal Contract Tower,0,11,14,0,25,0,11,31,0,42,0,22,45,0,67,59,0,59,126
06/26/2023,HFD,CT,ANE,EN,Federal Contract Tower,0,0,8,0,8,0,2,18,0,20,0,2,26,0,28,160,0,160,188
06/27/2023,HFD,CT,ANE,EN,Federal Contract Tower,0,4,4,0,8,0,2,7,0,9,0,6,11,0,17,130,0,130,147
06/28/2023,HFD,CT,ANE,EN,Federal Contract Tower,0,5,5,0,10,0,3,0,0,3,0,8,5,0,13,6,0,6,19
06/29/2023,HFD,CT,ANE,EN,Federal Contract Tower,0,2,12,0,14,0,32,129,0,161,0,34,141,0,175,206,0,206,381
06/30/2023,HFD,CT,ANE,EN,Federal Contract Tower,0,2,20,0,22,0,5,43,0,48,0,7,63,0,70,126,0,126,196
07/01/2023,HFD,CT,ANE,EN,Federal Contract Tower,0,2,14,0,16,0,4,27,0,31,0,6,41,0,47,38,0,38,85
07/02/2023,HFD,CT,ANE,EN,Federal Contract Tower,0,0,5,0,5,0,0,0,0,0,0,0,5,0,5,0,0,0,5
07/03/2023,HFD,CT,ANE,EN,Federal Contract Tower,0,1,9,0,10,0,20,27,0,47,0,21,36,0,57,214,0,214,271
07/04/2023,HFD,CT,ANE,EN,Federal Contract Tower,0,0,6,0,6,0,0,1,0,1,0,0,7,0,7,0,0,0,7
07/05/2023,HFD,CT,ANE,EN,Federal Contract Tower,0,1,5,0,6,0,28,131,0,159,0,29,136,0,165,195,0,195,360
07/06/2023,HFD,CT,ANE,EN,Federal Contract Tower,0,5,5,0,10,0,26,132,0,158,0,31,137,0,168,351,0,351,519
07/07/2023,HFD,CT,ANE,EN,Federal Contract Tower,0,2,13,0,15,0,23,114,0,137,0,25,127,0,152,332,0,332,484
07/08/2023,HFD,CT,ANE,EN,Federal Contract Tower,0,3,15,0,18,0,15,58,0,73,0,18,73,0,91,274,0,274,365
07/09/2023,HFD,CT,ANE,EN,Federal Contract Tower,0,0,11,0,11,0,6,15,0,21,0,6,26,0,32,128,0,128,160
07/10/2023,HFD,CT,ANE,EN,Federal Contract Tower,0,1,6,0,7,0,0,10,0,10,0,1,16,0,17,85,0,85,102
07/11/2023,HFD,CT,ANE,EN,Federal Contract Tower,0,1,6,0,7,0,19,121,0,140,0,20,127,0,147,138,0,138,285
07/12/2023,HFD,CT,ANE,EN,Federal Contract Tower,0,0,6,0,6,0,12,139,0,151,0,12,145,0,157,342,0,342,499
07/13/2023,HFD,CT,ANE,EN,Federal Contract Tower,0,2,3,0,5,0,25,114,0,139,0,27,117,0,144,294,0,294,438
07/14/2023,HFD,CT,ANE,EN,Federal Contract Tower,0,2,4,0,6,0,8,30,0,38,0,10,34,0,44,82,0,82,126
07/15/2023,HFD,CT,ANE,EN,Federal Contract Tower,0,2,11,0,13,0,20,63,0,83,0,22,74,0,96,294,0,294,390
07/16/2023,HFD,CT,ANE,EN,Federal Contract Tower,0,0,4,0,4,0,0,0,0,0,0,0,4,0,4,0,0,0,4
07/17/2023,HFD,CT,ANE,EN,Federal Contract Tower,0,4,8,0,12,0,8,84,0,92,0,12,92,0,104,249,0,249,353
07/18/2023,HFD,CT,ANE,EN,Federal Contract Tower,0,3,12,0,15,0,4,11,0,15,0,7,23,0,30,38,0,38,68
07/19/2023,HFD,CT,ANE,EN,Federal Contract Tower,0,10,14,0,24,0,24,161,0,185,0,34,175,0,209,348,0,348,557
07/20/2023,HFD,CT,ANE,EN,Federal Contract Tower,0,3,7,0,10,0,37,163,0,200,0,40,170,0,210,279,0,279,489
07/21/2023,HFD,CT,ANE,EN,Federal Contract Tower,0,0,11,0,11,0,0,2,0,2,0,0,13,0,13,0,0,0,13
07/22/2023,HFD,CT,ANE,EN,Federal Contract Tower,0,4,7,0,11,0,19,125,0,144,0,23,132,0,155,194,10,204,359
07/23/2023,HFD,CT,ANE,EN,Federal Contract Tower,0,1,4,0,5,0,25,208,0,233,0,26,212,0,238,226,0,226,464
07/24/2023,HFD,CT,ANE,EN,Federal Contract Tower,0,0,6,0,6,0,15,115,0,130,0,15,121,0,136,248,0,248,384
07/25/2023,HFD,CT,ANE,EN,Federal Contract Tower,0,0,6,3,9,0,2,68,1,71,0,2,74,4,80,138,22,160,240
07/26/2023,HFD,CT,ANE,EN,Federal Contract Tower,0,0,4,0,4,0,23,123,0,146,0,23,127,0,150,254,0,254,404
07/27/2023,HFD,CT,ANE,EN,Federal Contract Tower,0,0,2,0,2,0,9,7,0,16,0,9,9,0,18,26,0,26,44
07/28/2023,HFD,CT,ANE,EN,Federal Contract Tower,0,0,3,0,3,0,42,173,0,215,0,42,176,0,218,266,0,266,484
07/29/2023,HFD,CT,ANE,EN,Federal Contract Tower,0,2,2,0,4,0,8,38,0,46,0,10,40,0,50,64,0,64,114
07/30/2023,HFD,CT,ANE,EN,Federal Contract Tower,0,3,12,0,15,0,18,143,0,161,0,21,155,0,176,168,0,168,344
07/31/2023,HFD,CT,ANE,EN,Federal Contract Tower,0,2,10,0,12,0,43,122,0,165,0,45,132,0,177,278,0,278,455
08/01/2023,HFD,CT,ANE,EN,Federal Contract Tower,0,9,4,0,13,0,9,163,0,172,0,18,167,0,185,98,0,98,283
08/02/2023,HFD,CT,ANE,EN,Federal Contract Tower,0,8,9,0,17,0,20,134,0,154,0,28,143,0,171,212,0,212,383
08/04/2023,HFD,CT,ANE,EN,Federal Contract Tower,0,3,6,0,9,0,2,21,0,23,0,5,27,0,32,236,0,236,268
08/05/2023,HFD,CT,ANE,EN,Federal Contract Tower,0,2,9,0,11,0,14,138,0,152,0,16,147,0,163,218,0,218,381
08/06/2023,HFD,CT,ANE,EN,Federal Contract Tower,0,1,8,0,9,0,19,182,0,201,0,20,190,0,210,206,0,206,416
08/07/2023,HFD,CT,ANE,EN,Federal Contract Tower,0,0,10,0,10,0,0,0,0,0,0,0,10,0,10,0,0,0,10
08/08/2023,HFD,CT,ANE,EN,Federal Contract Tower,0,1,5,0,6,0,7,21,2,30,0,8,26,2,36,142,0,142,178
08/09/2023,HFD,CT,ANE,EN,Federal Contract Tower,0,2,3,0,5,0,10,57,0,67,0,12,60,0,72,62,0,62,134
08/10/2023,HFD,CT,ANE,EN,Federal Contract Tower,0,2,9,0,11,0,22,67,0,89,0,24,76,0,100,128,0,128,228
08/11/2023,HFD,CT,ANE,EN,Federal Contract Tower,0,2,15,0,17,0,8,94,0,102,0,10,109,0,119,190,0,190,309
08/12/2023,HFD,CT,ANE,EN,Federal Contract Tower,0,3,6,0,9,0,24,113,0,137,0,27,119,0,146,228,5,233,379
08/13/2023,HFD,CT,ANE,EN,Federal Contract Tower,0,8,8,0,16,0,10,111,0,121,0,18,119,0,137,142,0,142,279
08/14/2023,HFD,CT,ANE,EN,Federal Contract Tower,0,2,7,0,9,0,18,100,0,118,0,20,107,0,127,211,0,211,338
08/15/2023,HFD,CT,ANE,EN,Federal Contract Tower,0,5,19,0,24,0,0,0,0,0,0,5,19,0,24,0,0,0,24
08/16/2023,HFD,CT,ANE,EN,Federal Contract Tower,0,6,20,0,26,0,3,18,0,21,0,9,38,0,47,134,0,134,181
08/17/2023,HFD,CT,ANE,EN,Federal Contract Tower,0,2,22,0,24,0,2,6,0,8,0,4,28,0,32,44,0,44,76
08/18/2023,HFD,CT,ANE,EN,Federal Contract Tower,0,6,10,0,16,0,7,32,0,39,0,13,42,0,55,102,0,102,157
08/19/2023,HFD,CT,ANE,EN,Federal Contract Tower,0,4,3,0,7,0,12,134,0,146,0,16,137,0,153,202,0,202,355
08/20/2023,HFD,CT,ANE,EN,Federal Contract Tower,0,2,1,0,3,0,22,128,0,150,0,24,129,0,153,206,0,206,359
08/21/2023,HFD,CT,ANE,EN,Federal Contract Tower,0,3,11,0,14,0,8,91,0,99,0,11,102,0,113,136,0,136,249
08/22/2023,HFD,CT,ANE,EN,Federal Contract Tower,0,0,6,0,6,0,27,106,0,133,0,27,112,0,139,214,0,214,353
08/23/2023,HFD,CT,ANE,EN,Federal Contract Tower,0,0,8,0,8,0,26,172,0,198,0,26,180,0,206,344,0,344,550
08/24/2023,HFD,CT,ANE,EN,Federal Contract Tower,0,6,8,0,14,0,15,52,0,67,0,21,60,0,81,122,0,122,203
08/25/2023,HFD,CT,ANE,EN,Federal Contract Tower,0,0,18,0,18,0,0,0,0,0,0,0,18,0,18,0,0,0,18
08/26/2023,HFD,CT,ANE,EN,Federal Contract Tower,0,6,5,0,11,0,13,76,0,89,0,19,81,0,100,104,0,104,204
08/27/2023,HFD,CT,ANE,EN,Federal Contract Tower,0,5,10,0,15,0,10,104,0,114,0,15,114,0,129,156,0,156,285
08/28/2023,HFD,CT,ANE,EN,Federal Contract Tower,0,7,19,0,26,0,13,38,0,51,0,20,57,0,77,184,0,184,261
08/29/2023,HFD,CT,ANE,EN,Federal Contract Tower,0,4,9,0,13,0,5,45,0,50,0,9,54,0,63,196,0,196,259
08/30/2023,HFD,CT,ANE,EN,Federal Contract Tower,0,2,16,2,20,0,8,30,0,38,0,10,46,2,58,62,0,62,120
08/31/2023,HFD,CT,ANE,EN,Federal Contract Tower,0,1,10,0,11,0,14,108,0,122,0,15,118,0,133,42,0,42,175
01/01/2020,HFD,CT,ANE,EN,Federal Contract Tower,0,0,2,0,2,0,2,26,0,28,0,2,28,0,30,32,0,32,62
01/02/2020,HFD,CT,ANE,EN,Federal Contract Tower,0,0,3,0,3,0,0,98,0,98,0,0,101,0,101,32,0,32,133
01/03/2020,HFD,CT,ANE,EN,Federal Contract Tower,0,0,4,0,4,0,0,20,0,20,0,0,24,0,24,34,0,34,58
01/04/2020,HFD,CT,ANE,EN,Federal Contract Tower,0,0,3,0,3,0,0,0,0,0,0,0,3,0,3,0,0,0,3
01/05/2020,HFD,CT,ANE,EN,Federal Contract Tower,0,0,4,0,4,0,0,19,0,19,0,0,23,0,23,0,0,0,23
01/06/2020,HFD,CT,ANE,EN,Federal Contract Tower,0,0,5,0,5,0,0,23,0,23,0,0,28,0,28,34,0,34,62
01/07/2020,HFD,CT,ANE,EN,Federal Contract Tower,0,0,5,0,5,0,0,66,0,66,0,0,71,0,71,74,0,74,145
01/08/2020,HFD,CT,ANE,EN,Federal Contract Tower,0,0,2,0,2,0,0,31,0,31,0,0,33,0,33,44,0,44,77
01/09/2020,HFD,CT,ANE,EN,Federal Contract Tower,0,0,4,0,4,0,0,103,0,103,0,0,107,0,107,86,0,86,193
01/10/2020,HFD,CT,ANE,EN,Federal Contract Tower,0,0,15,0,15,0,0,33,0,33,0,0,48,0,48,58,0,58,106
01/11/2020,HFD,CT,ANE,EN,Federal Contract Tower,0,0,6,0,6,0,0,30,0,30,0,0,36,0,36,0,0,0,36
01/12/2020,HFD,CT,ANE,EN,Federal Contract Tower,0,0,6,0,6,0,0,3,2,5,0,0,9,2,11,6,20,26,37
01/13/2020,HFD,CT,ANE,EN,Federal Contract Tower,0,0,18,0,18,0,0,10,0,10,0,0,28,0,28,84,0,84,112
01/14/2020,HFD,CT,ANE,EN,Federal Contract Tower,0,1,13,0,14,0,0,50,0,50,0,1,63,0,64,56,0,56,120
01/15/2020,HFD,CT,ANE,EN,Federal Contract Tower,0,2,8,0,10,0,0,114,0,114,0,2,122,0,124,164,0,164,288
01/16/2020,HFD,CT,ANE,EN,Federal Contract Tower,0,0,6,0,6,0,0,8,0,8,0,0,14,0,14,8,0,8,22
01/17/2020,HFD,CT,ANE,EN,Federal Contract Tower,0,0,2,0,2,0,0,39,0,39,0,0,41,0,41,54,0,54,95
01/18/2020,HFD,CT,ANE,EN,Federal Contract Tower,0,0,5,0,5,0,0,47,0,47,0,0,52,0,52,60,0,60,112
01/19/2020,HFD,CT,ANE,EN,Federal Contract Tower,0,0,1,0,1,0,0,18,0,18,0,0,19,0,19,10,0,10,29
01/20/2020,HFD,CT,ANE,EN,Federal Contract Tower,0,0,5,0,5,0,0,36,2,38,0,0,41,2,43,80,0,80,123
01/21/2020,HFD,CT,ANE,EN,Federal Contract Tower,0,2,11,0,13,0,1,62,0,63,0,3,73,0,76,86,0,86,162
01/22/2020,HFD,CT,ANE,EN,Federal Contract Tower,0,0,6,0,6,0,0,99,0,99,0,0,105,0,105,116,6,122,227
01/23/2020,HFD,CT,ANE,EN,Federal Contract Tower,0,0,11,0,11,0,0,86,0,86,0,0,97,0,97,92,0,92,189
01/24/2020,HFD,CT,ANE,EN,Federal Contract Tower,0,1,9,0,10,0,0,92,0,92,0,1,101,0,102,126,0,126,228
01/25/2020,HFD,CT,ANE,EN,Federal Contract Tower,0,0,0,0,0,0,0,0,0,0,0,0,0,0,0,8,0,8,8
01/26/2020,HFD,CT,ANE,EN,Federal Contract Tower,0,0,8,0,8,0,0,58,0,58,0,0,66,0,66,104,0,104,170
01/27/2020,HFD,CT,ANE,EN,Federal Contract Tower,0,0,6,0,6,0,0,55,0,55,0,0,61,0,61,0,62,62,123
01/28/2020,HFD,CT,ANE,EN,Federal Contract Tower,0,2,0,0,2,0,0,29,0,29,0,2,29,0,31,14,0,14,45
01/29/2020,HFD,CT,ANE,EN,Federal Contract Tower,0,5,11,0,16,0,0,81,4,85,0,5,92,4,101,132,0,132,233
01/30/2020,HFD,CT,ANE,EN,Federal Contract Tower,0,2,10,0,12,0,0,90,0,90,0,2,100,0,102,96,0,96,198
01/31/2020,HFD,CT,ANE,EN,Federal Contract Tower,0,0,6,0,6,0,1,70,0,71,0,1,76,0,77,100,0,100,177
02/01/2020,HFD,CT,ANE,EN,Federal Contract Tower,0,0,4,0,4,0,0,0,0,0,0,0,4,0,4,0,0,0,4
02/02/2020,HFD,CT,ANE,EN,Federal Contract Tower,0,0,5,0,5,0,0,71,0,71,0,0,76,0,76,74,0,74,150
02/03/2020,HFD,CT,ANE,EN,Federal Contract Tower,0,1,9,0,10,0,0,82,0,82,0,1,91,0,92,190,0,190,282
02/04/2020,HFD,CT,ANE,EN,Federal Contract Tower,0,3,11,0,14,0,0,63,0,63,0,3,74,0,77,144,0,144,221
02/05/2020,HFD,CT,ANE,EN,Federal Contract Tower,0,0,5,0,5,0,0,96,0,96,0,0,101,0,101,158,0,158,259
02/06/2020,HFD,CT,ANE,EN,Federal Contract Tower,0,0,0,0,0,0,0,0,0,0,0,0,0,0,0,0,0,0,0
02/07/2020,HFD,CT,ANE,EN,Federal Contract Tower,0,0,3,0,3,0,0,0,0,0,0,0,3,0,3,0,0,0,3
02/08/2020,HFD,CT,ANE,EN,Federal Contract Tower,0,0,4,0,4,0,0,63,1,64,0,0,67,1,68,118,28,146,214
02/09/2020,HFD,CT,ANE,EN,Federal Contract Tower,0,0,9,0,9,0,0,90,0,90,0,0,99,0,99,108,0,108,207
02/10/2020,HFD,CT,ANE,EN,Federal Contract Tower,0,0,6,0,6,0,0,44,0,44,0,0,50,0,50,44,0,44,94
02/11/2020,HFD,CT,ANE,EN,Federal Contract Tower,0,0,2,0,2,0,0,2,0,2,0,0,4,0,4,10,0,10,14
02/12/2020,HFD,CT,ANE,EN,Federal Contract Tower,0,3,12,0,15,0,1,117,0,118,0,4,129,0,133,124,2,126,259
02/13/2020,HFD,CT,ANE,EN,Federal Contract Tower,0,0,2,0,2,0,0,0,2,2,0,0,2,2,4,0,14,14,18
02/14/2020,HFD,CT,ANE,EN,Federal Contract Tower,0,0,6,0,6,0,0,26,0,26,0,0,32,0,32,24,0,24,56
02/15/2020,HFD,CT,ANE,EN,Federal Contract Tower,0,0,13,0,13,0,0,114,0,114,0,0,127,0,127,120,0,120,247
02/16/2020,HFD,CT,ANE,EN,Federal Contract Tower,0,0,5,0,5,0,0,88,0,88,0,0,93,0,93,88,0,88,181
02/17/2020,HFD,CT,ANE,EN,Federal Contract Tower,0,0,11,0,11,0,0,102,0,102,0,0,113,0,113,82,0,82,195
02/18/2020,HFD,CT,ANE,EN,Federal Contract Tower,0,3,5,0,8,0,0,1,0,1,0,3,6,0,9,12,0,12,21
02/19/2020,HFD,CT,ANE,EN,Federal Contract Tower,0,0,11,0,11,0,0,43,0,43,0,0,54,0,54,42,12,54,108
02/20/2020,HFD,CT,ANE,EN,Federal Contract Tower,0,0,8,0,8,0,1,95,0,96,0,1,103,0,104,108,0,108,212
02/21/2020,HFD,CT,ANE,EN,Federal Contract Tower,0,5,9,0,14,0,2,75,0,77,0,7,84,0,91,60,0,60,151
02/22/2020,HFD,CT,ANE,EN,Federal Contract Tower,0,0,7,0,7,0,0,97,0,97,0,0,104,0,104,60,0,60,164
02/23/2020,HFD,CT,ANE,EN,Federal Contract Tower,0,0,8,0,8,0,0,121,0,121,0,0,129,0,129,88,2,90,219
02/24/2020,HFD,CT,ANE,EN,Federal Contract Tower,0,0,4,0,4,0,0,134,0,134,0,0,138,0,138,130,0,130,268
02/25/2020,HFD,CT,ANE,EN,Federal Contract Tower,0,0,12,0,12,0,0,47,0,47,0,0,59,0,59,2,134,136,195
02/26/2020,HFD,CT,ANE,EN,Federal Contract Tower,0,8,9,0,17,0,0,5,0,5,0,8,14,0,22,26,0,26,48
02/27/2020,HFD,CT,ANE,EN,Federal Contract Tower,0,5,0,0,5,0,5,0,0,5,0,10,0,0,10,0,0,0,10
02/28/2020,HFD,CT,ANE,EN,Federal Contract Tower,0,1,11,0,12,0,0,45,0,45,0,1,56,0,57,34,0,34,91
02/29/2020,HFD,CT,ANE,EN,Federal Contract Tower,0,2,10,0,12,0,0,53,0,53,0,2,63,0,65,92,0,92,157
03/01/2020,HFD,CT,ANE,EN,Federal Contract Tower,0,0,7,0,7,0,0,51,0,51,0,0,58,0,58,46,0,46,104
03/02/2020,HFD,CT,ANE,EN,Federal Contract Tower,0,1,10,0,11,0,0,80,0,80,0,1,90,0,91,20,0,20,111
03/03/2020,HFD,CT,ANE,EN,Federal Contract Tower,0,1,6,0,7,0,0,38,0,38,0,1,44,0,45,20,0,20,65
03/04/2020,HFD,CT,ANE,EN,Federal Contract Tower,0,3,11,0,14,0,1,20,0,21,0,4,31,0,35,26,2,28,63
03/05/2020,HFD,CT,ANE,EN,Federal Contract Tower,0,0,9,0,9,0,1,104,2,107,0,1,113,2,116,70,0,70,186
03/06/2020,HFD,CT,ANE,EN,Federal Contract Tower,0,0,13,0,13,0,0,69,0,69,0,0,82,0,82,134,0,134,216
03/07/2020,HFD,CT,ANE,EN,Federal Contract Tower,0,0,4,0,4,0,0,57,0,57,0,0,61,0,61,54,0,54,115
03/08/2020,HFD,CT,ANE,EN,Federal Contract Tower,0,0,9,0,9,0,0,97,0,97,0,0,106,0,106,80,0,80,186
03/09/2020,HFD,CT,ANE,EN,Federal Contract Tower,0,0,9,0,9,0,1,79,0,80,0,1,88,0,89,76,0,76,165
03/10/2020,HFD,CT,ANE,EN,Federal Contract Tower,0,2,12,0,14,0,2,39,0,41,0,4,51,0,55,34,0,34,89
03/11/2020,HFD,CT,ANE,EN,Federal Contract Tower,0,2,17,0,19,0,2,88,0,90,0,4,105,0,109,80,0,80,189
03/12/2020,HFD,CT,ANE,EN,Federal Contract Tower,0,0,13,0,13,0,0,35,0,35,0,0,48,0,48,58,0,58,106
03/13/2020,HFD,CT,ANE,EN,Federal Contract Tower,0,0,3,0,3,0,0,1,0,1,0,0,4,0,4,6,0,6,10
03/14/2020,HFD,CT,ANE,EN,Federal Contract Tower,0,0,5,0,5,0,0,80,0,80,0,0,85,0,85,80,0,80,165
03/15/2020,HFD,CT,ANE,EN,Federal Contract Tower,0,0,5,0,5,0,0,114,0,114,0,0,119,0,119,96,0,96,215
03/16/2020,HFD,CT,ANE,EN,Federal Contract Tower,0,0,8,0,8,0,0,64,0,64,0,0,72,0,72,84,0,84,156
03/17/2020,HFD,CT,ANE,EN,Federal Contract Tower,0,0,2,0,2,0,0,0,0,0,0,0,2,0,2,0,0,0,2
03/18/2020,HFD,CT,ANE,EN,Federal Contract Tower,0,7,0,0,7,0,1,83,0,84,0,8,83,0,91,74,2,76,167
03/19/2020,HFD,CT,ANE,EN,Federal Contract Tower,0,0,1,0,1,0,0,0,0,0,0,0,1,0,1,0,0,0,1
03/20/2020,HFD,CT,ANE,EN,Federal Contract Tower,0,0,4,0,4,0,0,4,0,4,0,0,8,0,8,6,0,6,14
03/21/2020,HFD,CT,ANE,EN,Federal Contract Tower,0,0,7,0,7,0,0,54,0,54,0,0,61,0,61,48,0,48,109
03/22/2020,HFD,CT,ANE,EN,Federal Contract Tower,0,3,7,0,10,0,1,99,0,100,0,4,106,0,110,106,0,106,216
03/23/2020,HFD,CT,ANE,EN,Federal Contract Tower,0,0,1,0,1,0,0,2,0,2,0,0,3,0,3,0,0,0,3
03/24/2020,HFD,CT,ANE,EN,Federal Contract Tower,0,0,5,2,7,0,0,29,0,29,0,0,34,2,36,48,0,48,84
03/25/2020,HFD,CT,ANE,EN,Federal Contract Tower,0,0,0,0,0,0,0,8,2,10,0,0,8,2,10,30,0,30,40
03/26/2020,HFD,CT,ANE,EN,Federal Contract Tower,0,0,2,0,2,0,6,54,0,60,0,6,56,0,62,46,4,50,112
03/27/2020,HFD,CT,ANE,EN,Federal Contract Tower,0,0,4,0,4,0,0,44,0,44,0,0,48,0,48,14,0,14,62
03/28/2020,HFD,CT,ANE,EN,Federal Contract Tower,0,0,3,0,3,0,0,59,0,59,0,0,62,0,62,92,0,92,154
03/29/2020,HFD,CT,ANE,EN,Federal Contract Tower,0,0,0,0,0,0,0,0,0,0,0,0,0,0,0,0,0,0,0
03/30/2020,HFD,CT,ANE,EN,Federal Contract Tower,0,0,4,0,4,0,0,1,0,1,0,0,5,0,5,0,0,0,5
03/31/2020,HFD,CT,ANE,EN,Federal Contract Tower,0,0,2,0,2,0,0,18,0,18,0,0,20,0,20,90,0,90,110
04/01/2020,HFD,CT,ANE,EN,Federal Contract Tower,0,0,0,0,0,0,1,60,0,61,0,1,60,0,61,58,8,66,127
04/02/2020,HFD,CT,ANE,EN,Federal Contract Tower,0,1,0,0,1,0,0,5,0,5,0,1,5,0,6,0,0,0,6
04/03/2020,HFD,CT,ANE,EN,Federal Contract Tower,0,1,2,0,3,0,0,3,0,3,0,1,5,0,6,16,0,16,22
04/04/2020,HFD,CT,ANE,EN,Federal Contract Tower,0,0,7,0,7,0,0,31,0,31,0,0,38,0,38,124,0,124,162
04/05/2020,HFD,CT,ANE,EN,Federal Contract Tower,0,0,9,0,9,0,0,31,0,31,0,0,40,0,40,68,0,68,108
04/06/2020,HFD,CT,ANE,EN,Federal Contract Tower,0,0,7,0,7,0,0,59,0,59,0,0,66,0,66,54,0,54,120
04/07/2020,HFD,CT,ANE,EN,Federal Contract Tower,0,0,1,0,1,0,0,50,0,50,0,0,51,0,51,26,0,26,77
04/08/2020,HFD,CT,ANE,EN,Federal Contract Tower,0,0,13,0,13,0,0,14,0,14,0,0,27,0,27,48,0,48,75
04/09/2020,HFD,CT,ANE,EN,Federal Contract Tower,0,0,0,0,0,0,0,0,0,0,0,0,0,0,0,0,0,0,0
04/10/2020,HFD,CT,ANE,EN,Federal Contract Tower,0,0,0,0,0,0,0,4,0,4,0,0,4,0,4,0,0,0,4
04/11/2020,HFD,CT,ANE,EN,Federal Contract Tower,0,0,0,0,0,0,0,16,0,16,0,0,16,0,16,26,0,26,42
04/12/2020,HFD,CT,ANE,EN,Federal Contract Tower,0,0,3,0,3,0,1,69,0,70,0,1,72,0,73,38,0,38,111
04/13/2020,HFD,CT,ANE,EN,Federal Contract Tower,0,0,0,0,0,0,0,0,0,0,0,0,0,0,0,0,0,0,0
04/14/2020,HFD,CT,ANE,EN,Federal Contract Tower,0,0,5,0,5,0,0,60,0,60,0,0,65,0,65,26,0,26,91
04/15/2020,HFD,CT,ANE,EN,Federal Contract Tower,0,0,4,0,4,0,0,18,0,18,0,0,22,0,22,6,0,6,28
04/16/2020,HFD,CT,ANE,EN,Federal Contract Tower,0,0,0,0,0,0,1,10,2,13,0,1,10,2,13,18,0,18,31
04/17/2020,HFD,CT,ANE,EN,Federal Contract Tower,0,0,1,0,1,0,0,34,0,34,0,0,35,0,35,20,0,20,55
04/18/2020,HFD,CT,ANE,EN,Federal Contract Tower,0,0,0,0,0,0,0,0,0,0,0,0,0,0,0,0,0,0,0
04/19/2020,HFD,CT,ANE,EN,Federal Contract Tower,0,0,0,0,0,0,0,56,0,56,0,0,56,0,56,12,0,12,68
04/20/2020,HFD,CT,ANE,EN,Federal Contract Tower,0,0,1,0,1,0,0,58,0,58,0,0,59,0,59,100,0,100,159
04/21/2020,HFD,CT,ANE,EN,Federal Contract Tower,0,0,2,0,2,0,0,6,0,6,0,0,8,0,8,12,0,12,20
04/22/2020,HFD,CT,ANE,EN,Federal Contract Tower,0,0,1,0,1,0,0,5,0,5,0,0,6,0,6,0,0,0,6
04/23/2020,HFD,CT,ANE,EN,Federal Contract Tower,0,0,2,2,4,0,2,85,0,87,0,2,87,2,91,136,0,136,227
04/24/2020,HFD,CT,ANE,EN,Federal Contract Tower,0,0,7,0,7,0,0,1,0,1,0,0,8,0,8,14,0,14,22
04/25/2020,HFD,CT,ANE,EN,Federal Contract Tower,0,0,2,0,2,0,0,115,0,115,0,0,117,0,117,94,0,94,211
04/26/2020,HFD,CT,ANE,EN,Federal Contract Tower,0,0,0,0,0,0,0,15,0,15,0,0,15,0,15,60,0,60,75
04/27/2020,HFD,CT,ANE,EN,Federal Contract Tower,0,0,10,0,10,0,0,0,0,0,0,0,10,0,10,0,0,0,10
04/28/2020,HFD,CT,ANE,EN,Federal Contract Tower,0,2,7,0,9,0,0,71,0,71,0,2,78,0,80,100,0,100,180
04/29/2020,HFD,CT,ANE,EN,Federal Contract Tower,0,0,5,2,7,0,0,77,0,77,0,0,82,2,84,122,6,128,212
04/30/2020,HFD,CT,ANE,EN,Federal Contract Tower,0,0,2,1,3,0,0,0,0,0,0,0,2,1,3,0,0,0,3
05/01/2020,HFD,CT,ANE,EN,Federal Contract Tower,0,0,8,0,8,0,0,5,0,5,0,0,13,0,13,70,0,70,83
05/02/2020,HFD,CT,ANE,EN,Federal Contract Tower,0,0,6,0,6,0,0,79,0,79,0,0,85,0,85,112,0,112,197
05/03/2020,HFD,CT,ANE,EN,Federal Contract Tower,0,0,8,0,8,0,0,59,0,59,0,0,67,0,67,58,0,58,125
05/04/2020,HFD,CT,ANE,EN,Federal Contract Tower,0,0,1,0,1,0,2,32,0,34,0,2,33,0,35,62,0,62,97
05/05/2020,HFD,CT,ANE,EN,Federal Contract Tower,0,0,3,0,3,0,3,50,0,53,0,3,53,0,56,39,0,39,95
05/06/2020,HFD,CT,ANE,EN,Federal Contract Tower,0,0,9,0,9,0,3,60,0,63,0,3,69,0,72,76,0,76,148
05/07/2020,HFD,CT,ANE,EN,Federal Contract Tower,0,0,9,0,9,0,0,92,0,92,0,0,101,0,101,74,2,76,177
05/08/2020,HFD,CT,ANE,EN,Federal Contract Tower,0,0,4,0,4,0,0,47,0,47,0,0,51,0,51,118,0,118,169
05/09/2020,HFD,CT,ANE,EN,Federal Contract Tower,0,0,0,0,0,0,0,0,0,0,0,0,0,0,0,0,0,0,0
05/10/2020,HFD,CT,ANE,EN,Federal Contract Tower,0,0,4,0,4,0,0,16,0,16,0,0,20,0,20,8,0,8,28
05/11/2020,HFD,CT,ANE,EN,Federal Contract Tower,0,0,6,0,6,0,0,13,0,13,0,0,19,0,19,110,0,110,129
05/12/2020,HFD,CT,ANE,EN,Federal Contract Tower,0,0,1,0,1,0,1,47,0,48,0,1,48,0,49,86,2,88,137
05/13/2020,HFD,CT,ANE,EN,Federal Contract Tower,0,0,3,0,3,0,2,62,0,64,0,2,65,0,67,88,0,88,155
05/14/2020,HFD,CT,ANE,EN,Federal Contract Tower,0,0,1,0,1,0,3,124,0,127,0,3,125,0,128,142,0,142,270
05/15/2020,HFD,CT,ANE,EN,Federal Contract Tower,0,0,4,0,4,0,0,32,0,32,0,0,36,0,36,36,0,36,72
05/16/2020,HFD,CT,ANE,EN,Federal Contract Tower,0,0,8,0,8,0,0,78,2,80,0,0,86,2,88,132,0,132,220
05/17/2020,HFD,CT,ANE,EN,Federal Contract Tower,0,0,2,0,2,0,0,89,0,89,0,0,91,0,91,100,0,100,191
05/18/2020,HFD,CT,ANE,EN,Federal Contract Tower,0,0,5,0,5,0,0,64,0,64,0,0,69,0,69,94,0,94,163
05/19/2020,HFD,CT,ANE,EN,Federal Contract Tower,0,0,4,0,4,0,1,37,0,38,0,1,41,0,42,46,0,46,88
05/20/2020,HFD,CT,ANE,EN,Federal Contract Tower,0,2,13,0,15,0,6,105,0,111,0,8,118,0,126,124,0,124,250
05/21/2020,HFD,CT,ANE,EN,Federal Contract Tower,0,0,7,0,7,0,7,119,0,126,0,7,126,0,133,130,0,130,263
05/22/2020,HFD,CT,ANE,EN,Federal Contract Tower,0,0,15,0,15,0,1,105,0,106,0,1,120,0,121,144,0,144,265
05/23/2020,HFD,CT,ANE,EN,Federal Contract Tower,0,0,10,0,10,0,0,1,0,1,0,0,11,0,11,0,0,0,11
05/24/2020,HFD,CT,ANE,EN,Federal Contract Tower,0,0,11,0,11,0,0,88,0,88,0,0,99,0,99,136,0,136,235
05/25/2020,HFD,CT,ANE,EN,Federal Contract Tower,0,0,23,0,23,0,0,4,0,4,0,0,27,0,27,16,0,16,43
05/26/2020,HFD,CT,ANE,EN,Federal Contract Tower,0,0,17,1,18,0,0,50,0,50,0,0,67,1,68,64,0,64,132
05/27/2020,HFD,CT,ANE,EN,Federal Contract Tower,0,0,13,0,13,0,2,68,0,70,0,2,81,0,83,70,0,70,153
05/28/2020,HFD,CT,ANE,EN,Federal Contract Tower,0,0,18,0,18,0,0,4,0,4,0,0,22,0,22,8,0,8,30
05/29/2020,HFD,CT,ANE,EN,Federal Contract Tower,0,0,10,0,10,0,0,0,0,0,0,0,10,0,10,10,0,10,20
05/30/2020,HFD,CT,ANE,EN,Federal Contract Tower,0,0,10,0,10,0,0,66,0,66,0,0,76,0,76,72,0,72,148
05/31/2020,HFD,CT,ANE,EN,Federal Contract Tower,0,0,5,0,5,0,0,78,0,78,0,0,83,0,83,60,0,60,143
06/01/2020,HFD,CT,ANE,EN,Federal Contract Tower,0,0,9,0,9,0,0,73,0,73,0,0,82,0,82,90,0,90,172
06/02/2020,HFD,CT,ANE,EN,Federal Contract Tower,0,0,9,0,9,0,3,99,0,102,0,3,108,0,111,190,0,190,301
06/03/2020,HFD,CT,ANE,EN,Federal Contract Tower,0,0,12,0,12,0,0,71,0,71,0,0,83,0,83,0,118,118,201
06/04/2020,HFD,CT,ANE,EN,Federal Contract Tower,0,1,14,0,15,0,9,97,2,108,0,10,111,2,123,52,2,54,177
06/05/2020,HFD,CT,ANE,EN,Federal Contract Tower,0,1,14,0,15,0,0,25,0,25,0,1,39,0,40,32,0,32,72
06/06/2020,HFD,CT,ANE,EN,Federal Contract Tower,0,0,9,0,9,0,0,27,2,29,0,0,36,2,38,60,0,60,98
06/07/2020,HFD,CT,ANE,EN,Federal Contract Tower,0,0,10,0,10,0,0,54,0,54,0,0,64,0,64,86,0,86,150
06/08/2020,HFD,CT,ANE,EN,Federal Contract Tower,0,0,3,0,3,0,1,94,0,95,0,1,97,0,98,112,0,112,210
06/09/2020,HFD,CT,ANE,EN,Federal Contract Tower,0,2,9,2,13,0,1,112,0,113,0,3,121,2,126,108,0,108,234
06/10/2020,HFD,CT,ANE,EN,Federal Contract Tower,0,0,9,0,9,0,0,73,0,73,0,0,82,0,82,108,0,108,190
06/11/2020,HFD,CT,ANE,EN,Federal Contract Tower,0,0,4,0,4,0,0,0,0,0,0,0,4,0,4,0,0,0,4
06/12/2020,HFD,CT,ANE,EN,Federal Contract Tower,0,0,8,0,8,0,0,124,0,124,0,0,132,0,132,160,14,174,306
06/13/2020,HFD,CT,ANE,EN,Federal Contract Tower,0,0,8,0,8,0,0,118,0,118,0,0,126,0,126,124,0,124,250
06/14/2020,HFD,CT,ANE,EN,Federal Contract Tower,0,0,0,0,0,0,0,82,0,82,0,0,82,0,82,98,0,98,180
06/15/2020,HFD,CT,ANE,EN,Federal Contract Tower,0,0,10,0,10,0,2,78,0,80,0,2,88,0,90,118,0,118,208
06/16/2020,HFD,CT,ANE,EN,Federal Contract Tower,0,0,16,0,16,0,2,102,4,108,0,2,118,4,124,167,7,174,298
06/17/2020,HFD,CT,ANE,EN,Federal Contract Tower,0,1,15,0,16,0,1,118,0,119,0,2,133,0,135,184,16,200,335
06/18/2020,HFD,CT,ANE,EN,Federal Contract Tower,0,5,25,0,30,0,1,97,0,98,0,6,122,0,128,118,0,118,246
06/19/2020,HFD,CT,ANE,EN,Federal Contract Tower,0,0,14,0,14,0,0,75,0,75,0,0,89,0,89,126,0,126,215
06/20/2020,HFD,CT,ANE,EN,Federal Contract Tower,0,0,8,0,8,0,0,99,0,99,0,0,107,0,107,102,0,102,209
06/21/2020,HFD,CT,ANE,EN,Federal Contract Tower,0,4,11,0,15,0,0,77,0,77,0,4,88,0,92,28,0,28,120
06/22/2020,HFD,CT,ANE,EN,Federal Contract Tower,0,22,14,0,36,0,0,106,0,106,0,22,120,0,142,138,0,138,280
06/23/2020,HFD,CT,ANE,EN,Federal Contract Tower,0,8,11,2,21,0,0,108,0,108,0,8,119,2,129,98,0,98,227
06/24/2020,HFD,CT,ANE,EN,Federal Contract Tower,0,0,3,1,4,0,0,39,0,39,0,0,42,1,43,72,12,84,127
06/25/2020,HFD,CT,ANE,EN,Federal Contract Tower,0,0,7,0,7,0,5,124,0,129,0,5,131,0,136,152,0,152,288
06/26/2020,HFD,CT,ANE,EN,Federal Contract Tower,0,4,11,0,15,0,0,152,0,152,0,4,163,0,167,146,0,146,313
06/27/2020,HFD,CT,ANE,EN,Federal Contract Tower,0,2,6,1,9,0,0,46,0,46,0,2,52,1,55,76,0,76,131
06/28/2020,HFD,CT,ANE,EN,Federal Contract Tower,0,18,9,0,27,0,1,28,0,29,0,19,37,0,56,148,0,148,204
06/29/2020,HFD,CT,ANE,EN,Federal Contract Tower,0,3,11,0,14,0,0,31,0,31,0,3,42,0,45,52,0,52,97
06/30/2020,HFD,CT,ANE,EN,Federal Contract Tower,0,2,11,0,13,0,3,6,0,9,0,5,17,0,22,18,0,18,40
07/01/2020,HFD,CT,ANE,EN,Federal Contract Tower,0,2,14,0,16,0,0,32,0,32,0,2,46,0,48,70,0,70,118
07/02/2020,HFD,CT,ANE,EN,Federal Contract Tower,0,4,12,0,16,0,0,123,0,123,0,4,135,0,139,88,0,88,227
07/03/2020,HFD,CT,ANE,EN,Federal Contract Tower,0,0,8,0,8,0,0,40,0,40,0,0,48,0,48,54,0,54,102
07/04/2020,HFD,CT,ANE,EN,Federal Contract Tower,0,0,4,0,4,0,0,57,0,57,0,0,61,0,61,74,0,74,135
07/05/2020,HFD,CT,ANE,EN,Federal Contract Tower,0,0,19,0,19,0,0,73,0,73,0,0,92,0,92,52,0,52,144
07/06/2020,HFD,CT,ANE,EN,Federal Contract Tower,0,0,9,0,9,0,3,75,0,78,0,3,84,0,87,94,0,94,181
07/07/2020,HFD,CT,ANE,EN,Federal Contract Tower,0,0,28,0,28,0,0,21,0,21,0,0,49,0,49,102,0,102,151
07/08/2020,HFD,CT,ANE,EN,Federal Contract Tower,0,0,7,0,7,0,0,24,0,24,0,0,31,0,31,26,0,26,57
07/09/2020,HFD,CT,ANE,EN,Federal Contract Tower,0,2,10,2,14,0,0,100,0,100,0,2,110,2,114,78,0,78,192
07/10/2020,HFD,CT,ANE,EN,Federal Contract Tower,0,0,11,0,11,0,0,3,0,3,0,0,14,0,14,16,0,16,30
07/11/2020,HFD,CT,ANE,EN,Federal Contract Tower,0,0,15,0,15,0,0,14,0,14,0,0,29,0,29,46,0,46,75
07/12/2020,HFD,CT,ANE,EN,Federal Contract Tower,0,0,11,0,11,0,0,125,0,125,0,0,136,0,136,146,0,146,282
07/13/2020,HFD,CT,ANE,EN,Federal Contract Tower,0,0,4,0,4,0,0,81,0,81,0,0,85,0,85,106,0,106,191
07/14/2020,HFD,CT,ANE,EN,Federal Contract Tower,0,0,7,2,9,0,0,88,0,88,0,0,95,2,97,110,0,110,207
07/15/2020,HFD,CT,ANE,EN,Federal Contract Tower,0,0,15,0,15,0,0,104,0,104,0,0,119,0,119,126,0,126,245
07/16/2020,HFD,CT,ANE,EN,Federal Contract Tower,0,0,9,3,12,0,0,141,1,142,0,0,150,4,154,118,8,126,280
07/17/2020,HFD,CT,ANE,EN,Federal Contract Tower,0,0,18,0,18,0,0,2,0,2,0,0,20,0,20,0,0,0,20
07/18/2020,HFD,CT,ANE,EN,Federal Contract Tower,0,0,1,0,1,0,0,111,0,111,0,0,112,0,112,94,0,94,206
07/19/2020,HFD,CT,ANE,EN,Federal Contract Tower,0,1,11,0,12,0,0,105,0,105,0,1,116,0,117,126,0,126,243
07/20/2020,HFD,CT,ANE,EN,Federal Contract Tower,0,0,10,0,10,0,0,54,0,54,0,0,64,0,64,66,0,66,130
07/21/2020,HFD,CT,ANE,EN,Federal Contract Tower,0,0,6,1,7,0,4,114,0,118,0,4,120,1,125,86,0,86,211
07/22/2020,HFD,CT,ANE,EN,Federal Contract Tower,0,2,13,0,15,0,0,63,2,65,0,2,76,2,80,104,4,108,188
07/23/2020,HFD,CT,ANE,EN,Federal Contract Tower,0,1,13,0,14,0,0,38,0,38,0,1,51,0,52,42,0,42,94
07/24/2020,HFD,CT,ANE,EN,Federal Contract Tower,0,1,12,1,14,0,0,109,0,109,0,1,121,1,123,106,0,106,229
07/25/2020,HFD,CT,ANE,EN,Federal Contract Tower,0,2,8,0,10,0,0,111,0,111,0,2,119,0,121,112,0,112,233
07/26/2020,HFD,CT,ANE,EN,Federal Contract Tower,0,2,4,0,6,0,2,59,0,61,0,4,63,0,67,62,0,62,129
07/27/2020,HFD,CT,ANE,EN,Federal Contract Tower,0,1,6,0,7,0,0,89,0,89,0,1,95,0,96,74,0,74,170
07/28/2020,HFD,CT,ANE,EN,Federal Contract Tower,0,1,13,0,14,0,0,62,0,62,0,1,75,0,76,62,22,84,160
07/29/2020,HFD,CT,ANE,EN,Federal Contract Tower,0,0,17,0,17,0,1,130,0,131,0,1,147,0,148,116,0,116,264
07/30/2020,HFD,CT,ANE,EN,Federal Contract Tower,0,0,6,0,6,0,0,62,0,62,0,0,68,0,68,70,28,98,166
07/31/2020,HFD,CT,ANE,EN,Federal Contract Tower,0,0,15,0,15,0,0,103,0,103,0,0,118,0,118,120,0,120,238
08/01/2020,HFD,CT,ANE,EN,Federal Contract Tower,0,0,4,0,4,0,0,129,0,129,0,0,133,0,133,62,0,62,195
08/02/2020,HFD,CT,ANE,EN,Federal Contract Tower,0,0,4,0,4,0,0,11,0,11,0,0,15,0,15,20,0,20,35
08/03/2020,HFD,CT,ANE,EN,Federal Contract Tower,0,0,3,0,3,0,0,107,0,107,0,0,110,0,110,86,2,88,198
08/06/2020,HFD,CT,ANE,EN,Federal Contract Tower,0,0,9,0,9,0,1,86,0,87,0,1,95,0,96,18,0,18,114
08/07/2020,HFD,CT,ANE,EN,Federal Contract Tower,0,0,15,0,15,0,0,54,0,54,0,0,69,0,69,68,0,68,137
08/08/2020,HFD,CT,ANE,EN,Federal Contract Tower,0,0,14,0,14,0,0,80,0,80,0,0,94,0,94,32,0,32,126
08/09/2020,HFD,CT,ANE,EN,Federal Contract Tower,0,0,6,0,6,0,0,102,0,102,0,0,108,0,108,68,0,68,176
08/10/2020,HFD,CT,ANE,EN,Federal Contract Tower,0,0,10,0,10,0,0,77,0,77,0,0,87,0,87,84,0,84,171
08/11/2020,HFD,CT,ANE,EN,Federal Contract Tower,0,2,10,2,14,0,4,64,0,68,0,6,74,2,82,68,0,68,150
08/12/2020,HFD,CT,ANE,EN,Federal Contract Tower,0,3,3,0,6,0,4,68,0,72,0,7,71,0,78,160,0,160,238
08/13/2020,HFD,CT,ANE,EN,Federal Contract Tower,0,0,22,0,22,0,0,101,0,101,0,0,123,0,123,108,0,108,231
08/14/2020,HFD,CT,ANE,EN,Federal Contract Tower,0,1,13,0,14,0,0,112,0,112,0,1,125,0,126,118,6,124,250
08/15/2020,HFD,CT,ANE,EN,Federal Contract Tower,0,0,12,0,12,0,0,55,0,55,0,0,67,0,67,80,0,80,147
08/16/2020,HFD,CT,ANE,EN,Federal Contract Tower,0,2,10,2,14,0,0,8,0,8,0,2,18,2,22,36,0,36,58
08/17/2020,HFD,CT,ANE,EN,Federal Contract Tower,0,0,16,0,16,0,0,93,0,93,0,0,109,0,109,108,0,108,217
08/18/2020,HFD,CT,ANE,EN,Federal Contract Tower,0,6,10,0,16,0,2,90,0,92,0,8,100,0,108,80,10,90,198
08/19/2020,HFD,CT,ANE,EN,Federal Contract Tower,0,0,10,0,10,0,2,91,0,93,0,2,101,0,103,84,4,88,191
08/20/2020,HFD,CT,ANE,EN,Federal Contract Tower,0,0,6,0,6,0,0,114,0,114,0,0,120,0,120,94,0,94,214
08/21/2020,HFD,CT,ANE,EN,Federal Contract Tower,0,2,10,0,12,0,2,144,0,146,0,4,154,0,158,70,0,70,228
08/22/2020,HFD,CT,ANE,EN,Federal Contract Tower,0,1,1,0,2,0,1,91,0,92,0,2,92,0,94,26,0,26,120
08/23/2020,HFD,CT,ANE,EN,Federal Contract Tower,0,0,6,0,6,0,0,86,0,86,0,0,92,0,92,66,0,66,158
08/24/2020,HFD,CT,ANE,EN,Federal Contract Tower,0,0,9,0,9,0,0,58,0,58,0,0,67,0,67,92,0,92,159
08/25/2020,HFD,CT,ANE,EN,Federal Contract Tower,0,4,12,0,16,0,2,75,0,77,0,6,87,0,93,62,0,62,155
08/26/2020,HFD,CT,ANE,EN,Federal Contract Tower,0,2,7,0,9,0,2,120,0,122,0,4,127,0,131,24,0,24,155
08/27/2020,HFD,CT,ANE,EN,Federal Contract Tower,0,0,19,0,19,0,0,17,0,17,0,0,36,0,36,16,0,16,52
08/28/2020,HFD,CT,ANE,EN,Federal Contract Tower,0,2,11,0,13,0,0,111,0,111,0,2,122,0,124,118,0,118,242
08/29/2020,HFD,CT,ANE,EN,Federal Contract Tower,0,2,5,0,7,0,0,2,0,2,0,2,7,0,9,0,0,0,9
08/30/2020,HFD,CT,ANE,EN,Federal Contract Tower,0,1,10,0,11,0,0,61,0,61,0,1,71,0,72,24,0,24,96
08/31/2020,HFD,CT,ANE,EN,Federal Contract Tower,0,2,9,0,11,0,1,115,0,116,0,3,124,0,127,194,0,194,321
09/01/2020,HFD,CT,ANE,EN,Federal Contract Tower,0,2,13,0,15,0,0,83,0,83,0,2,96,0,98,178,0,178,276
09/02/2020,HFD,CT,ANE,EN,Federal Contract Tower,0,2,10,0,12,0,0,0,0,0,0,2,10,0,12,0,0,0,12
09/03/2020,HFD,CT,ANE,EN,Federal Contract Tower,0,0,10,0,10,0,0,98,0,98,0,0,108,0,108,152,0,152,260
09/04/2020,HFD,CT,ANE,EN,Federal Contract Tower,0,0,5,0,5,0,0,0,0,0,0,0,5,0,5,86,0,86,91
09/05/2020,HFD,CT,ANE,EN,Federal Contract Tower,0,0,9,0,9,0,1,116,0,117,0,1,125,0,126,90,0,90,216
09/06/2020,HFD,CT,ANE,EN,Federal Contract Tower,0,0,8,0,8,0,1,71,0,72,0,1,79,0,80,24,0,24,104
09/07/2020,HFD,CT,ANE,EN,Federal Contract Tower,0,0,4,0,4,0,0,108,0,108,0,0,112,0,112,118,0,118,230
09/08/2020,HFD,CT,ANE,EN,Federal Contract Tower,0,2,7,0,9,0,2,71,0,73,0,4,78,0,82,136,0,136,218
09/09/2020,HFD,CT,ANE,EN,Federal Contract Tower,0,0,7,0,7,0,0,73,0,73,0,0,80,0,80,96,0,96,176
09/10/2020,HFD,CT,ANE,EN,Federal Contract Tower,0,2,11,0,13,0,0,0,0,0,0,2,11,0,13,0,0,0,13
09/11/2020,HFD,CT,ANE,EN,Federal Contract Tower,0,0,16,0,16,0,0,75,0,75,0,0,91,0,91,108,8,116,207
09/12/2020,HFD,CT,ANE,EN,Federal Contract Tower,0,0,10,0,10,0,0,138,0,138,0,0,148,0,148,76,0,76,224
09/13/2020,HFD,CT,ANE,EN,Federal Contract Tower,0,0,16,0,16,0,0,42,0,42,0,0,58,0,58,76,0,76,134
09/14/2020,HFD,CT,ANE,EN,Federal Contract Tower,0,6,6,1,13,0,0,54,1,55,0,6,60,2,68,52,6,58,126
09/15/2020,HFD,CT,ANE,EN,Federal Contract Tower,0,0,12,0,12,0,1,84,3,88,0,1,96,3,100,46,0,46,146
09/16/2020,HFD,CT,ANE,EN,Federal Contract Tower,0,3,7,0,10,0,0,88,0,88,0,3,95,0,98,62,0,62,160
09/17/2020,HFD,CT,ANE,EN,Federal Contract Tower,0,0,11,1,12,0,5,86,0,91,0,5,97,1,103,162,0,162,265
09/18/2020,HFD,CT,ANE,EN,Federal Contract Tower,0,0,29,0,29,0,0,57,0,57,0,0,86,0,86,54,0,54,140
09/19/2020,HFD,CT,ANE,EN,Federal Contract Tower,0,0,4,0,4,0,0,103,0,103,0,0,107,0,107,142,0,142,249
09/20/2020,HFD,CT,ANE,EN,Federal Contract Tower,0,0,5,0,5,0,0,67,0,67,0,0,72,0,72,51,0,51,123
09/21/2020,HFD,CT,ANE,EN,Federal Contract Tower,0,0,8,0,8,0,0,78,0,78,0,0,86,0,86,24,0,24,110
09/22/2020,HFD,CT,ANE,EN,Federal Contract Tower,0,1,4,0,5,0,0,61,2,63,0,1,65,2,68,42,4,46,114
09/23/2020,HFD,CT,ANE,EN,Federal Contract Tower,0,1,5,0,6,0,2,111,0,113,0,3,116,0,119,116,8,124,243
09/24/2020,HFD,CT,ANE,EN,Federal Contract Tower,0,6,5,0,11,0,1,110,0,111,0,7,115,0,122,88,0,88,210
09/25/2020,HFD,CT,ANE,EN,Federal Contract Tower,0,0,8,0,8,0,0,110,0,110,0,0,118,0,118,96,0,96,214
09/26/2020,HFD,CT,ANE,EN,Federal Contract Tower,0,0,12,0,12,0,0,83,0,83,0,0,95,0,95,176,0,176,271
09/27/2020,HFD,CT,ANE,EN,Federal Contract Tower,0,1,20,0,21,0,0,21,0,21,0,1,41,0,42,37,0,37,79
09/28/2020,HFD,CT,ANE,EN,Federal Contract Tower,0,1,14,0,15,0,0,27,0,27,0,1,41,0,42,88,0,88,130
09/29/2020,HFD,CT,ANE,EN,Federal Contract Tower,0,3,23,0,26,0,0,17,0,17,0,3,40,0,43,18,0,18,61
09/30/2020,HFD,CT,ANE,EN,Federal Contract Tower,0,0,4,0,4,0,0,20,0,20,0,0,24,0,24,8,0,8,32
10/01/2020,HFD,CT,ANE,EN,Federal Contract Tower,0,0,17,0,17,0,0,134,0,134,0,0,151,0,151,118,0,118,269
10/02/2020,HFD,CT,ANE,EN,Federal Contract Tower,0,0,7,0,7,0,0,62,0,62,0,0,69,0,69,54,0,54,123
10/03/2020,HFD,CT,ANE,EN,Federal Contract Tower,0,0,4,0,4,0,0,120,0,120,0,0,124,0,124,82,0,82,206
10/04/2020,HFD,CT,ANE,EN,Federal Contract Tower,0,0,10,0,10,0,0,100,0,100,0,0,110,0,110,56,0,56,166
10/05/2020,HFD,CT,ANE,EN,Federal Contract Tower,0,0,8,0,8,0,0,66,0,66,0,0,74,0,74,72,0,72,146
10/06/2020,HFD,CT,ANE,EN,Federal Contract Tower,0,3,9,0,12,0,1,52,0,53,0,4,61,0,65,76,0,76,141
10/07/2020,HFD,CT,ANE,EN,Federal Contract Tower,0,1,5,0,6,0,0,47,0,47,0,1,52,0,53,30,0,30,83
10/08/2020,HFD,CT,ANE,EN,Federal Contract Tower,0,3,1,1,5,0,0,31,0,31,0,3,32,1,36,16,0,16,52
10/09/2020,HFD,CT,ANE,EN,Federal Contract Tower,0,0,10,0,10,0,0,168,0,168,0,0,178,0,178,132,0,132,310
10/10/2020,HFD,CT,ANE,EN,Federal Contract Tower,0,0,8,0,8,0,0,68,0,68,0,0,76,0,76,92,0,92,168
10/11/2020,HFD,CT,ANE,EN,Federal Contract Tower,0,1,9,0,10,0,0,112,0,112,0,1,121,0,122,86,0,86,208
10/12/2020,HFD,CT,ANE,EN,Federal Contract Tower,0,0,22,0,22,0,0,11,0,11,0,0,33,0,33,58,0,58,91
10/13/2020,HFD,CT,ANE,EN,Federal Contract Tower,0,0,14,0,14,0,0,0,0,0,0,0,14,0,14,0,0,0,14
10/14/2020,HFD,CT,ANE,EN,Federal Contract Tower,0,2,8,0,10,0,2,121,0,123,0,4,129,0,133,78,0,78,211
10/15/2020,HFD,CT,ANE,EN,Federal Contract Tower,0,0,6,0,6,0,0,81,0,81,0,0,87,0,87,82,2,84,171
10/16/2020,HFD,CT,ANE,EN,Federal Contract Tower,0,1,12,0,13,0,0,2,0,2,0,1,14,0,15,16,0,16,31
10/17/2020,HFD,CT,ANE,EN,Federal Contract Tower,0,0,11,0,11,0,0,92,0,92,0,0,103,0,103,118,0,118,221
10/18/2020,HFD,CT,ANE,EN,Federal Contract Tower,0,0,16,1,17,0,0,123,2,125,0,0,139,3,142,169,0,169,311
10/19/2020,HFD,CT,ANE,EN,Federal Contract Tower,0,0,7,1,8,0,0,66,0,66,0,0,73,1,74,160,0,160,234
10/20/2020,HFD,CT,ANE,EN,Federal Contract Tower,0,2,19,0,21,0,0,6,0,6,0,2,25,0,27,36,0,36,63
10/21/2020,HFD,CT,ANE,EN,Federal Contract Tower,0,4,15,2,21,0,0,26,0,26,0,4,41,2,47,106,0,106,153
10/22/2020,HFD,CT,ANE,EN,Federal Contract Tower,0,2,20,0,22,0,1,136,0,137,0,3,156,0,159,122,0,122,281
10/23/2020,HFD,CT,ANE,EN,Federal Contract Tower,0,2,19,1,22,0,0,0,0,0,0,2,19,1,22,0,0,0,22
10/24/2020,HFD,CT,ANE,EN,Federal Contract Tower,0,0,21,0,21,0,0,7,0,7,0,0,28,0,28,74,0,74,102
10/25/2020,HFD,CT,ANE,EN,Federal Contract Tower,0,0,6,0,6,0,0,115,0,115,0,0,121,0,121,112,0,112,233
10/26/2020,HFD,CT,ANE,EN,Federal Contract Tower,0,0,14,0,14,0,0,2,0,2,0,0,16,0,16,10,0,10,26
10/27/2020,HFD,CT,ANE,EN,Federal Contract Tower,0,1,16,2,19,0,4,81,0,85,0,5,97,2,104,150,0,150,254
10/28/2020,HFD,CT,ANE,EN,Federal Contract Tower,0,1,24,0,25,0,0,1,0,1,0,1,25,0,26,0,0,0,26
10/29/2020,HFD,CT,ANE,EN,Federal Contract Tower,0,0,7,2,9,0,0,0,0,0,0,0,7,2,9,0,0,0,9
10/30/2020,HFD,CT,ANE,EN,Federal Contract Tower,0,0,1,0,1,0,0,3,0,3,0,0,4,0,4,2,0,2,6
10/31/2020,HFD,CT,ANE,EN,Federal Contract Tower,0,0,6,0,6,0,0,106,0,106,0,0,112,0,112,116,0,116,228
11/01/2020,HFD,CT,ANE,EN,Federal Contract Tower,0,0,3,0,3,0,0,28,0,28,0,0,31,0,31,80,0,80,111
11/02/2020,HFD,CT,ANE,EN,Federal Contract Tower,0,0,1,0,1,0,0,0,0,0,0,0,1,0,1,30,0,30,31
11/03/2020,HFD,CT,ANE,EN,Federal Contract Tower,0,1,3,0,4,0,0,38,0,38,0,1,41,0,42,27,0,27,69
11/04/2020,HFD,CT,ANE,EN,Federal Contract Tower,0,0,8,0,8,0,0,104,2,106,0,0,112,2,114,148,0,148,262
11/05/2020,HFD,CT,ANE,EN,Federal Contract Tower,0,0,5,0,5,0,0,91,0,91,0,0,96,0,96,96,0,96,192
11/06/2020,HFD,CT,ANE,EN,Federal Contract Tower,0,0,3,0,3,0,1,113,0,114,0,1,116,0,117,82,0,82,199
11/07/2020,HFD,CT,ANE,EN,Federal Contract Tower,0,0,8,0,8,0,0,123,0,123,0,0,131,0,131,96,0,96,227
11/08/2020,HFD,CT,ANE,EN,Federal Contract Tower,0,0,3,0,3,0,0,118,0,118,0,0,121,0,121,142,0,142,263
11/09/2020,HFD,CT,ANE,EN,Federal Contract Tower,0,0,13,0,13,0,0,111,0,111,0,0,124,0,124,82,0,82,206
11/10/2020,HFD,CT,ANE,EN,Federal Contract Tower,0,0,8,0,8,0,0,72,0,72,0,0,80,0,80,54,0,54,134
11/11/2020,HFD,CT,ANE,EN,Federal Contract Tower,0,1,7,0,8,0,0,2,0,2,0,1,9,0,10,28,0,28,38
11/12/2020,HFD,CT,ANE,EN,Federal Contract Tower,0,3,6,0,9,0,0,27,0,27,0,3,33,0,36,116,0,116,152
11/13/2020,HFD,CT,ANE,EN,Federal Contract Tower,0,0,8,1,9,0,0,0,0,0,0,0,8,1,9,0,0,0,9
11/14/2020,HFD,CT,ANE,EN,Federal Contract Tower,0,0,11,0,11,0,0,100,0,100,0,0,111,0,111,114,0,114,225
11/15/2020,HFD,CT,ANE,EN,Federal Contract Tower,0,0,5,0,5,0,0,37,0,37,0,0,42,0,42,16,0,16,58
11/16/2020,HFD,CT,ANE,EN,Federal Contract Tower,0,0,2,0,2,0,0,25,0,25,0,0,27,0,27,28,0,28,55
11/17/2020,HFD,CT,ANE,EN,Federal Contract Tower,0,0,3,0,3,0,0,37,0,37,0,0,40,0,40,68,0,68,108
11/18/2020,HFD,CT,ANE,EN,Federal Contract Tower,0,0,7,0,7,0,3,52,0,55,0,3,59,0,62,26,0,26,88
11/19/2020,HFD,CT,ANE,EN,Federal Contract Tower,0,2,3,0,5,0,3,75,0,78,0,5,78,0,83,50,0,50,133
11/20/2020,HFD,CT,ANE,EN,Federal Contract Tower,0,0,15,0,15,0,0,73,2,75,0,0,88,2,90,78,0,78,168
11/21/2020,HFD,CT,ANE,EN,Federal Contract Tower,0,0,7,0,7,0,0,104,0,104,0,0,111,0,111,116,2,118,229
11/22/2020,HFD,CT,ANE,EN,Federal Contract Tower,0,0,5,0,5,0,0,31,0,31,0,0,36,0,36,42,0,42,78
11/23/2020,HFD,CT,ANE,EN,Federal Contract Tower,0,2,1,0,3,0,0,2,0,2,0,2,3,0,5,0,0,0,5
11/24/2020,HFD,CT,ANE,EN,Federal Contract Tower,0,2,2,0,4,0,0,66,0,66,0,2,68,0,70,50,0,50,120
11/25/2020,HFD,CT,ANE,EN,Federal Contract Tower,0,3,0,0,3,0,0,47,0,47,0,3,47,0,50,46,0,46,96
11/26/2020,HFD,CT,ANE,EN,Federal Contract Tower,0,0,1,0,1,0,0,0,0,0,0,0,1,0,1,0,0,0,1
11/27/2020,HFD,CT,ANE,EN,Federal Contract Tower,0,0,6,0,6,0,0,86,0,86,0,0,92,0,92,42,0,42,134
11/28/2020,HFD,CT,ANE,EN,Federal Contract Tower,0,0,7,0,7,0,0,78,0,78,0,0,85,0,85,24,0,24,109
11/29/2020,HFD,CT,ANE,EN,Federal Contract Tower,0,0,8,0,8,0,0,113,0,113,0,0,121,0,121,54,0,54,175
11/30/2020,HFD,CT,ANE,EN,Federal Contract Tower,0,0,1,0,1,0,0,2,0,2,0,0,3,0,3,0,0,0,3
12/01/2020,HFD,CT,ANE,EN,Federal Contract Tower,0,0,5,0,5,0,0,17,0,17,0,0,22,0,22,18,0,18,40
12/02/2020,HFD,CT,ANE,EN,Federal Contract Tower,0,3,4,0,7,0,0,63,0,63,0,3,67,0,70,152,0,152,222
12/03/2020,HFD,CT,ANE,EN,Federal Contract Tower,0,1,7,0,8,0,0,90,0,90,0,1,97,0,98,130,0,130,228
12/04/2020,HFD,CT,ANE,EN,Federal Contract Tower,0,0,1,0,1,0,0,66,0,66,0,0,67,0,67,54,0,54,121
12/05/2020,HFD,CT,ANE,EN,Federal Contract Tower,0,0,0,0,0,0,0,0,0,0,0,0,0,0,0,0,0,0,0
12/06/2020,HFD,CT,ANE,EN,Federal Contract Tower,0,0,5,0,5,0,0,22,0,22,0,0,27,0,27,0,0,0,27
12/07/2020,HFD,CT,ANE,EN,Federal Contract Tower,0,0,4,0,4,0,0,67,0,67,0,0,71,0,71,62,0,62,133
12/08/2020,HFD,CT,ANE,EN,Federal Contract Tower,0,2,1,0,3,0,0,45,0,45,0,2,46,0,48,82,0,82,130
12/09/2020,HFD,CT,ANE,EN,Federal Contract Tower,0,2,6,0,8,0,0,52,0,52,0,2,58,0,60,100,4,104,164
12/10/2020,HFD,CT,ANE,EN,Federal Contract Tower,0,0,4,0,4,0,0,89,0,89,0,0,93,0,93,100,4,104,197
12/11/2020,HFD,CT,ANE,EN,Federal Contract Tower,0,0,7,0,7,0,0,88,0,88,0,0,95,0,95,84,0,84,179
12/12/2020,HFD,CT,ANE,EN,Federal Contract Tower,0,0,4,0,4,0,0,0,0,0,0,0,4,0,4,0,0,0,4
12/13/2020,HFD,CT,ANE,EN,Federal Contract Tower,0,0,5,0,5,0,0,98,0,98,0,0,103,0,103,24,0,24,127
12/14/2020,HFD,CT,ANE,EN,Federal Contract Tower,0,1,2,1,4,0,0,2,0,2,0,1,4,1,6,0,0,0,6
12/15/2020,HFD,CT,ANE,EN,Federal Contract Tower,0,5,4,0,9,0,2,47,2,51,0,7,51,2,60,46,0,46,106
12/16/2020,HFD,CT,ANE,EN,Federal Contract Tower,0,1,2,0,3,0,0,67,2,69,0,1,69,2,72,100,2,102,174
12/17/2020,HFD,CT,ANE,EN,Federal Contract Tower,0,0,0,0,0,0,0,0,0,0,0,0,0,0,0,0,0,0,0
12/18/2020,HFD,CT,ANE,EN,Federal Contract Tower,0,0,3,0,3,0,0,14,0,14,0,0,17,0,17,12,0,12,29
12/19/2020,HFD,CT,ANE,EN,Federal Contract Tower,0,0,6,0,6,0,0,74,0,74,0,0,80,0,80,98,0,98,178
12/20/2020,HFD,CT,ANE,EN,Federal Contract Tower,0,0,4,0,4,0,0,26,0,26,0,0,30,0,30,94,0,94,124
12/21/2020,HFD,CT,ANE,EN,Federal Contract Tower,0,0,4,0,4,0,0,0,0,0,0,0,4,0,4,16,0,16,20
12/22/2020,HFD,CT,ANE,EN,Federal Contract Tower,0,0,7,0,7,0,0,43,0,43,0,0,50,0,50,124,0,124,174
12/23/2020,HFD,CT,ANE,EN,Federal Contract Tower,0,0,4,0,4,0,0,116,0,116,0,0,120,0,120,94,0,94,214
12/24/2020,HFD,CT,ANE,EN,Federal Contract Tower,0,0,0,0,0,0,0,21,0,21,0,0,21,0,21,54,0,54,75
12/25/2020,HFD,CT,ANE,EN,Federal Contract Tower,0,0,1,0,1,0,0,0,0,0,0,0,1,0,1,0,0,0,1
12/26/2020,HFD,CT,ANE,EN,Federal Contract Tower,0,0,2,0,2,0,0,32,0,32,0,0,34,0,34,50,0,50,84
12/27/2020,HFD,CT,ANE,EN,Federal Contract Tower,0,0,4,0,4,0,0,130,0,130,0,0,134,0,134,64,0,64,198
12/28/2020,HFD,CT,ANE,EN,Federal Contract Tower,0,0,2,0,2,0,0,49,0,49,0,0,51,0,51,86,0,86,137
12/29/2020,HFD,CT,ANE,EN,Federal Contract Tower,0,0,0,1,1,0,1,29,0,30,0,1,29,1,31,24,0,24,55
12/30/2020,HFD,CT,ANE,EN,Federal Contract Tower,0,0,9,0,9,0,4,72,0,76,0,4,81,0,85,57,0,57,142
12/31/2020,HFD,CT,ANE,EN,Federal Contract Tower,0,0,10,0,10,0,0,23,0,23,0,0,33,0,33,24,0,24,57
01/01/2021,HFD,CT,ANE,EN,Federal Contract Tower,0,0,4,0,4,0,0,60,0,60,0,0,64,0,64,36,0,36,100
01/02/2021,HFD,CT,ANE,EN,Federal Contract Tower,0,0,7,0,7,0,0,20,0,20,0,0,27,0,27,24,0,24,51
01/03/2021,HFD,CT,ANE,EN,Federal Contract Tower,0,0,2,0,2,0,0,6,0,6,0,0,8,0,8,58,0,58,66
01/04/2021,HFD,CT,ANE,EN,Federal Contract Tower,0,0,3,0,3,0,0,52,0,52,0,0,55,0,55,96,0,96,151
01/05/2021,HFD,CT,ANE,EN,Federal Contract Tower,0,1,2,0,3,0,2,58,0,60,0,3,60,0,63,136,0,136,199
01/06/2021,HFD,CT,ANE,EN,Federal Contract Tower,0,0,4,0,4,0,1,67,0,68,0,1,71,0,72,34,0,34,106
01/07/2021,HFD,CT,ANE,EN,Federal Contract Tower,0,0,6,0,6,0,1,71,0,72,0,1,77,0,78,54,0,54,132
01/08/2021,HFD,CT,ANE,EN,Federal Contract Tower,0,0,4,0,4,0,0,102,0,102,0,0,106,0,106,79,0,79,185
01/09/2021,HFD,CT,ANE,EN,Federal Contract Tower,0,0,10,0,10,0,0,70,0,70,0,0,80,0,80,66,0,66,146
01/10/2021,HFD,CT,ANE,EN,Federal Contract Tower,0,1,12,0,13,0,0,110,0,110,0,1,122,0,123,80,0,80,203
01/11/2021,HFD,CT,ANE,EN,Federal Contract Tower,0,2,3,0,5,0,0,57,0,57,0,2,60,0,62,48,0,48,110
01/12/2021,HFD,CT,ANE,EN,Federal Contract Tower,0,5,10,0,15,0,0,49,0,49,0,5,59,0,64,90,0,90,154
01/13/2021,HFD,CT,ANE,EN,Federal Contract Tower,0,7,3,0,10,0,0,77,0,77,0,7,80,0,87,116,0,116,203
01/14/2021,HFD,CT,ANE,EN,Federal Contract Tower,0,0,2,1,3,0,0,11,0,11,0,0,13,1,14,4,0,4,18
01/15/2021,HFD,CT,ANE,EN,Federal Contract Tower,0,2,1,0,3,0,0,2,0,2,0,2,3,0,5,14,0,14,19
01/16/2021,HFD,CT,ANE,EN,Federal Contract Tower,0,0,9,0,9,0,0,3,0,3,0,0,12,0,12,6,0,6,18
01/17/2021,HFD,CT,ANE,EN,Federal Contract Tower,0,0,3,0,3,0,0,28,0,28,0,0,31,0,31,18,0,18,49
01/18/2021,HFD,CT,ANE,EN,Federal Contract Tower,0,0,5,0,5,0,0,71,0,71,0,0,76,0,76,66,0,66,142
01/19/2021,HFD,CT,ANE,EN,Federal Contract Tower,0,0,9,0,9,0,1,64,2,67,0,1,73,2,76,34,0,34,110
01/20/2021,HFD,CT,ANE,EN,Federal Contract Tower,0,0,5,0,5,0,0,7,0,7,0,0,12,0,12,8,4,12,24
01/21/2021,HFD,CT,ANE,EN,Federal Contract Tower,0,0,2,0,2,0,1,41,0,42,0,1,43,0,44,78,4,82,126
01/22/2021,HFD,CT,ANE,EN,Federal Contract Tower,0,0,5,0,5,0,1,63,0,64,0,1,68,0,69,66,0,66,135
01/23/2021,HFD,CT,ANE,EN,Federal Contract Tower,0,0,1,0,1,0,2,16,0,18,0,2,17,0,19,2,0,2,21
01/24/2021,HFD,CT,ANE,EN,Federal Contract Tower,0,0,0,0,0,0,0,20,0,20,0,0,20,0,20,26,0,26,46
01/25/2021,HFD,CT,ANE,EN,Federal Contract Tower,0,0,8,0,8,0,0,106,0,106,0,0,114,0,114,100,0,100,214
01/26/2021,HFD,CT,ANE,EN,Federal Contract Tower,0,0,7,0,7,0,0,22,0,22,0,0,29,0,29,16,0,16,45
01/27/2021,HFD,CT,ANE,EN,Federal Contract Tower,0,4,6,0,10,0,0,6,2,8,0,4,12,2,18,23,12,35,53
01/28/2021,HFD,CT,ANE,EN,Federal Contract Tower,0,2,4,0,6,0,0,32,0,32,0,2,36,0,38,90,0,90,128
01/29/2021,HFD,CT,ANE,EN,Federal Contract Tower,0,1,1,1,3,0,4,10,0,14,0,5,11,1,17,14,0,14,31
01/30/2021,HFD,CT,ANE,EN,Federal Contract Tower,0,0,16,0,16,0,0,93,0,93,0,0,109,0,109,44,0,44,153
01/31/2021,HFD,CT,ANE,EN,Federal Contract Tower,0,1,9,0,10,0,2,86,0,88,0,3,95,0,98,60,0,60,158
02/01/2021,HFD,CT,ANE,EN,Federal Contract Tower,0,0,0,0,0,0,0,0,0,0,0,0,0,0,0,0,0,0,0
02/02/2021,HFD,CT,ANE,EN,Federal Contract Tower,0,0,2,0,2,0,0,0,0,0,0,0,2,0,2,0,0,0,2
02/03/2021,HFD,CT,ANE,EN,Federal Contract Tower,0,0,0,0,0,0,21,0,0,21,0,21,0,0,21,68,14,82,103
02/04/2021,HFD,CT,ANE,EN,Federal Contract Tower,0,0,7,0,7,0,0,86,0,86,0,0,93,0,93,90,0,90,183
02/05/2021,HFD,CT,ANE,EN,Federal Contract Tower,0,0,3,0,3,0,0,6,0,6,0,0,9,0,9,8,0,8,17
02/06/2021,HFD,CT,ANE,EN,Federal Contract Tower,0,0,10,0,10,0,2,56,0,58,0,2,66,0,68,40,0,40,108
02/07/2021,HFD,CT,ANE,EN,Federal Contract Tower,0,0,0,0,0,0,0,0,0,0,0,0,0,0,0,0,0,0,0
02/08/2021,HFD,CT,ANE,EN,Federal Contract Tower,0,0,5,0,5,0,0,46,0,46,0,0,51,0,51,30,0,30,81
02/09/2021,HFD,CT,ANE,EN,Federal Contract Tower,0,0,0,0,0,0,0,0,0,0,0,0,0,0,0,0,0,0,0
02/10/2021,HFD,CT,ANE,EN,Federal Contract Tower,0,0,11,0,11,0,2,70,0,72,0,2,81,0,83,22,0,22,105
02/11/2021,HFD,CT,ANE,EN,Federal Contract Tower,0,0,6,0,6,0,1,67,0,68,0,1,73,0,74,70,0,70,144
02/12/2021,HFD,CT,ANE,EN,Federal Contract Tower,0,0,7,0,7,0,1,70,0,71,0,1,77,0,78,50,0,50,128
02/13/2021,HFD,CT,ANE,EN,Federal Contract Tower,0,0,3,0,3,0,0,110,0,110,0,0,113,0,113,56,0,56,169
02/14/2021,HFD,CT,ANE,EN,Federal Contract Tower,0,0,1,0,1,0,0,6,0,6,0,0,7,0,7,72,0,72,79
02/15/2021,HFD,CT,ANE,EN,Federal Contract Tower,0,0,2,0,2,0,0,3,0,3,0,0,5,0,5,14,0,14,19
02/16/2021,HFD,CT,ANE,EN,Federal Contract Tower,0,0,0,0,0,0,0,2,0,2,0,0,2,0,2,2,0,2,4
02/17/2021,HFD,CT,ANE,EN,Federal Contract Tower,0,1,18,0,19,0,4,94,3,101,0,5,112,3,120,38,16,54,174
02/18/2021,HFD,CT,ANE,EN,Federal Contract Tower,0,1,0,0,1,0,0,3,0,3,0,1,3,0,4,0,0,0,4
02/19/2021,HFD,CT,ANE,EN,Federal Contract Tower,0,0,1,0,1,0,0,0,0,0,0,0,1,0,1,0,0,0,1
02/20/2021,HFD,CT,ANE,EN,Federal Contract Tower,0,0,11,0,11,0,0,64,0,64,0,0,75,0,75,32,0,32,107
02/21/2021,HFD,CT,ANE,EN,Federal Contract Tower,0,0,10,0,10,0,0,94,0,94,0,0,104,0,104,118,0,118,222
02/22/2021,HFD,CT,ANE,EN,Federal Contract Tower,0,2,2,0,4,0,0,5,0,5,0,2,7,0,9,38,0,38,47
02/23/2021,HFD,CT,ANE,EN,Federal Contract Tower,0,0,9,0,9,0,3,26,2,31,0,3,35,2,40,30,14,44,84
02/24/2021,HFD,CT,ANE,EN,Federal Contract Tower,0,0,6,0,6,0,0,89,0,89,0,0,95,0,95,82,0,82,177
02/25/2021,HFD,CT,ANE,EN,Federal Contract Tower,0,0,4,0,4,0,0,14,2,16,0,0,18,2,20,26,16,42,62
02/26/2021,HFD,CT,ANE,EN,Federal Contract Tower,0,1,9,0,10,0,0,125,0,125,0,1,134,0,135,140,0,140,275
02/27/2021,HFD,CT,ANE,EN,Federal Contract Tower,0,2,1,0,3,0,0,0,0,0,0,2,1,0,3,0,0,0,3
02/28/2021,HFD,CT,ANE,EN,Federal Contract Tower,0,0,5,0,5,0,0,72,0,72,0,0,77,0,77,100,0,100,177
03/01/2021,HFD,CT,ANE,EN,Federal Contract Tower,0,0,4,0,4,0,0,0,0,0,0,0,4,0,4,2,0,2,6
03/02/2021,HFD,CT,ANE,EN,Federal Contract Tower,0,0,3,0,3,0,0,4,0,4,0,0,7,0,7,2,0,2,9
03/03/2021,HFD,CT,ANE,EN,Federal Contract Tower,0,0,5,0,5,0,0,86,0,86,0,0,91,0,91,109,0,109,200
03/04/2021,HFD,CT,ANE,EN,Federal Contract Tower,0,0,2,0,2,0,0,51,0,51,0,0,53,0,53,42,0,42,95
03/05/2021,HFD,CT,ANE,EN,Federal Contract Tower,0,0,0,0,0,0,0,14,0,14,0,0,14,0,14,8,0,8,22
03/06/2021,HFD,CT,ANE,EN,Federal Contract Tower,0,0,2,0,2,0,0,62,0,62,0,0,64,0,64,74,2,76,140
03/07/2021,HFD,CT,ANE,EN,Federal Contract Tower,0,0,5,0,5,0,0,120,0,120,0,0,125,0,125,104,0,104,229
03/08/2021,HFD,CT,ANE,EN,Federal Contract Tower,0,0,7,0,7,0,0,69,0,69,0,0,76,0,76,80,0,80,156
03/09/2021,HFD,CT,ANE,EN,Federal Contract Tower,0,0,4,0,4,0,3,73,2,78,0,3,77,2,82,58,6,64,146
03/10/2021,HFD,CT,ANE,EN,Federal Contract Tower,0,11,3,0,14,0,2,104,0,106,0,13,107,0,120,162,0,162,282
03/11/2021,HFD,CT,ANE,EN,Federal Contract Tower,0,1,7,0,8,0,5,62,0,67,0,6,69,0,75,86,0,86,161
03/12/2021,HFD,CT,ANE,EN,Federal Contract Tower,0,0,5,0,5,0,0,72,0,72,0,0,77,0,77,118,0,118,195
03/13/2021,HFD,CT,ANE,EN,Federal Contract Tower,0,0,4,0,4,0,0,46,0,46,0,0,50,0,50,54,0,54,104
03/14/2021,HFD,CT,ANE,EN,Federal Contract Tower,0,0,2,0,2,0,0,10,0,10,0,0,12,0,12,28,0,28,40
03/15/2021,HFD,CT,ANE,EN,Federal Contract Tower,0,0,0,1,1,0,0,18,1,19,0,0,18,2,20,26,0,26,46
03/16/2021,HFD,CT,ANE,EN,Federal Contract Tower,0,1,8,0,9,0,1,92,0,93,0,2,100,0,102,164,2,166,268
03/17/2021,HFD,CT,ANE,EN,Federal Contract Tower,0,4,11,0,15,0,4,59,0,63,0,8,70,0,78,284,0,284,362
03/18/2021,HFD,CT,ANE,EN,Federal Contract Tower,0,4,10,0,14,0,0,1,0,1,0,4,11,0,15,0,0,0,15
03/19/2021,HFD,CT,ANE,EN,Federal Contract Tower,0,3,5,0,8,0,0,7,0,7,0,3,12,0,15,0,0,0,15
03/20/2021,HFD,CT,ANE,EN,Federal Contract Tower,0,5,17,0,22,0,0,131,0,131,0,5,148,0,153,168,0,168,321
03/21/2021,HFD,CT,ANE,EN,Federal Contract Tower,0,1,5,0,6,0,0,110,0,110,0,1,115,0,116,146,0,146,262
03/22/2021,HFD,CT,ANE,EN,Federal Contract Tower,0,0,7,0,7,0,0,87,0,87,0,0,94,0,94,116,0,116,210
03/23/2021,HFD,CT,ANE,EN,Federal Contract Tower,0,0,4,0,4,0,0,105,0,105,0,0,109,0,109,180,0,180,289
03/24/2021,HFD,CT,ANE,EN,Federal Contract Tower,0,1,4,0,5,0,3,64,0,67,0,4,68,0,72,138,0,138,210
03/25/2021,HFD,CT,ANE,EN,Federal Contract Tower,0,2,11,0,13,0,1,65,0,66,0,3,76,0,79,84,10,94,173
03/26/2021,HFD,CT,ANE,EN,Federal Contract Tower,0,0,3,0,3,0,0,0,0,0,0,0,3,0,3,0,0,0,3
03/27/2021,HFD,CT,ANE,EN,Federal Contract Tower,0,0,9,0,9,0,0,126,0,126,0,0,135,0,135,168,0,168,303
03/28/2021,HFD,CT,ANE,EN,Federal Contract Tower,0,0,4,0,4,0,0,0,0,0,0,0,4,0,4,0,0,0,4
03/29/2021,HFD,CT,ANE,EN,Federal Contract Tower,0,0,0,0,0,0,0,2,0,2,0,0,2,0,2,0,0,0,2
03/30/2021,HFD,CT,ANE,EN,Federal Contract Tower,0,0,4,0,4,0,2,123,0,125,0,2,127,0,129,186,0,186,315
03/31/2021,HFD,CT,ANE,EN,Federal Contract Tower,0,0,13,0,13,0,1,24,0,25,0,1,37,0,38,107,10,117,155
04/01/2021,HFD,CT,ANE,EN,Federal Contract Tower,0,0,1,0,1,0,0,2,4,6,0,0,3,4,7,0,14,14,21
04/02/2021,HFD,CT,ANE,EN,Federal Contract Tower,0,12,0,0,12,0,50,0,0,50,0,62,0,0,62,176,0,176,238
04/03/2021,HFD,CT,ANE,EN,Federal Contract Tower,0,0,6,0,6,0,0,145,0,145,0,0,151,0,151,132,0,132,283
04/04/2021,HFD,CT,ANE,EN,Federal Contract Tower,0,1,4,0,5,0,2,54,0,56,0,3,58,0,61,114,0,114,175
04/05/2021,HFD,CT,ANE,EN,Federal Contract Tower,0,0,6,0,6,0,0,38,0,38,0,0,44,0,44,34,0,34,78
04/06/2021,HFD,CT,ANE,EN,Federal Contract Tower,0,3,4,0,7,0,1,123,0,124,0,4,127,0,131,216,2,218,349
04/07/2021,HFD,CT,ANE,EN,Federal Contract Tower,0,1,0,0,1,0,2,142,0,144,0,3,142,0,145,252,0,252,397
04/08/2021,HFD,CT,ANE,EN,Federal Contract Tower,0,0,5,0,5,0,1,150,0,151,0,1,155,0,156,228,0,228,384
04/09/2021,HFD,CT,ANE,EN,Federal Contract Tower,0,0,11,0,11,0,0,139,0,139,0,0,150,0,150,166,0,166,316
04/10/2021,HFD,CT,ANE,EN,Federal Contract Tower,0,2,13,0,15,0,0,117,0,117,0,2,130,0,132,260,0,260,392
04/11/2021,HFD,CT,ANE,EN,Federal Contract Tower,0,0,9,0,9,0,0,0,0,0,0,0,9,0,9,0,0,0,9
04/12/2021,HFD,CT,ANE,EN,Federal Contract Tower,0,1,14,0,15,0,0,26,0,26,0,1,40,0,41,14,0,14,55
04/13/2021,HFD,CT,ANE,EN,Federal Contract Tower,0,0,7,0,7,0,2,97,0,99,0,2,104,0,106,130,0,130,236
04/14/2021,HFD,CT,ANE,EN,Federal Contract Tower,0,7,9,0,16,0,1,102,2,105,0,8,111,2,121,154,6,160,281
04/15/2021,HFD,CT,ANE,EN,Federal Contract Tower,0,0,2,0,2,0,0,0,0,0,0,0,2,0,2,0,0,0,2
04/16/2021,HFD,CT,ANE,EN,Federal Contract Tower,0,0,2,0,2,0,0,0,0,0,0,0,2,0,2,0,0,0,2
04/18/2021,HFD,CT,ANE,EN,Federal Contract Tower,0,1,8,0,9,0,0,153,0,153,0,1,161,0,162,156,0,156,318
04/19/2021,HFD,CT,ANE,EN,Federal Contract Tower,0,0,3,0,3,0,0,97,0,97,0,0,100,0,100,104,0,104,204
04/20/2021,HFD,CT,ANE,EN,Federal Contract Tower,0,4,6,2,12,0,0,79,0,79,0,4,85,2,91,96,0,96,187
04/21/2021,HFD,CT,ANE,EN,Federal Contract Tower,0,1,1,0,2,0,4,22,0,26,0,5,23,0,28,46,0,46,74
04/22/2021,HFD,CT,ANE,EN,Federal Contract Tower,0,1,3,0,4,0,0,3,0,3,0,1,6,0,7,2,0,2,9
04/23/2021,HFD,CT,ANE,EN,Federal Contract Tower,0,0,2,0,2,0,0,21,0,21,0,0,23,0,23,12,0,12,35
04/24/2021,HFD,CT,ANE,EN,Federal Contract Tower,0,1,12,0,13,0,0,146,0,146,0,1,158,0,159,128,0,128,287
04/25/2021,HFD,CT,ANE,EN,Federal Contract Tower,0,1,12,0,13,0,0,15,0,15,0,1,27,0,28,6,0,6,34
04/26/2021,HFD,CT,ANE,EN,Federal Contract Tower,0,0,5,0,5,0,0,27,0,27,0,0,32,0,32,4,0,4,36
04/27/2021,HFD,CT,ANE,EN,Federal Contract Tower,0,2,7,0,9,0,2,125,0,127,0,4,132,0,136,164,0,164,300
04/28/2021,HFD,CT,ANE,EN,Federal Contract Tower,0,0,9,0,9,0,3,121,0,124,0,3,130,0,133,182,0,182,315
04/29/2021,HFD,CT,ANE,EN,Federal Contract Tower,0,0,4,0,4,0,0,0,0,0,0,0,4,0,4,50,0,50,54
04/30/2021,HFD,CT,ANE,EN,Federal Contract Tower,0,0,3,0,3,0,0,10,0,10,0,0,13,0,13,0,0,0,13
05/01/2021,HFD,CT,ANE,EN,Federal Contract Tower,0,0,2,0,2,0,0,65,0,65,0,0,67,0,67,68,0,68,135
05/02/2021,HFD,CT,ANE,EN,Federal Contract Tower,0,0,2,0,2,0,2,66,2,70,0,2,68,2,72,54,0,54,126
05/03/2021,HFD,CT,ANE,EN,Federal Contract Tower,0,2,18,0,20,0,0,81,0,81,0,2,99,0,101,110,0,110,211
05/04/2021,HFD,CT,ANE,EN,Federal Contract Tower,0,2,9,0,11,0,0,1,0,1,0,2,10,0,12,14,2,16,28
05/05/2021,HFD,CT,ANE,EN,Federal Contract Tower,0,2,2,0,4,0,0,0,0,0,0,2,2,0,4,0,0,0,4
05/06/2021,HFD,CT,ANE,EN,Federal Contract Tower,0,0,11,0,11,0,0,111,0,111,0,0,122,0,122,58,0,58,180
05/07/2021,HFD,CT,ANE,EN,Federal Contract Tower,0,0,2,0,2,0,2,145,0,147,0,2,147,0,149,246,0,246,395
05/08/2021,HFD,CT,ANE,EN,Federal Contract Tower,0,0,3,0,3,0,0,102,0,102,0,0,105,0,105,172,0,172,277
05/09/2021,HFD,CT,ANE,EN,Federal Contract Tower,0,2,11,0,13,0,0,100,0,100,0,2,111,0,113,46,0,46,159
05/10/2021,HFD,CT,ANE,EN,Federal Contract Tower,0,0,10,0,10,0,0,54,0,54,0,0,64,0,64,132,0,132,196
05/11/2021,HFD,CT,ANE,EN,Federal Contract Tower,0,3,7,1,11,0,1,66,0,67,0,4,73,1,78,44,0,44,122
05/12/2021,HFD,CT,ANE,EN,Federal Contract Tower,0,2,1,0,3,0,1,66,0,67,0,3,67,0,70,116,0,116,186
05/13/2021,HFD,CT,ANE,EN,Federal Contract Tower,0,0,7,0,7,0,0,134,0,134,0,0,141,0,141,298,0,298,439
05/14/2021,HFD,CT,ANE,EN,Federal Contract Tower,0,1,3,0,4,0,0,121,0,121,0,1,124,0,125,150,0,150,275
05/15/2021,HFD,CT,ANE,EN,Federal Contract Tower,0,0,8,0,8,0,0,128,0,128,0,0,136,0,136,168,0,168,304
05/16/2021,HFD,CT,ANE,EN,Federal Contract Tower,0,2,5,0,7,0,0,62,0,62,0,2,67,0,69,30,0,30,99
05/17/2021,HFD,CT,ANE,EN,Federal Contract Tower,0,0,4,0,4,0,0,88,0,88,0,0,92,0,92,124,0,124,216
05/18/2021,HFD,CT,ANE,EN,Federal Contract Tower,0,3,9,0,12,0,1,128,0,129,0,4,137,0,141,146,0,146,287
05/19/2021,HFD,CT,ANE,EN,Federal Contract Tower,0,0,8,0,8,0,0,80,0,80,0,0,88,0,88,144,0,144,232
05/20/2021,HFD,CT,ANE,EN,Federal Contract Tower,0,0,8,0,8,0,0,118,0,118,0,0,126,0,126,256,0,256,382
05/21/2021,HFD,CT,ANE,EN,Federal Contract Tower,0,0,13,0,13,0,0,87,0,87,0,0,100,0,100,174,0,174,274
05/22/2021,HFD,CT,ANE,EN,Federal Contract Tower,0,2,7,0,9,0,0,92,0,92,0,2,99,0,101,142,0,142,243
05/23/2021,HFD,CT,ANE,EN,Federal Contract Tower,0,0,7,0,7,0,0,63,2,65,0,0,70,2,72,50,10,60,132
05/24/2021,HFD,CT,ANE,EN,Federal Contract Tower,0,1,5,0,6,0,0,137,0,137,0,1,142,0,143,188,0,188,331
05/25/2021,HFD,CT,ANE,EN,Federal Contract Tower,0,3,12,0,15,0,0,105,0,105,0,3,117,0,120,208,0,208,328
05/26/2021,HFD,CT,ANE,EN,Federal Contract Tower,0,0,4,0,4,0,0,49,0,49,0,0,53,0,53,283,0,283,336
05/27/2021,HFD,CT,ANE,EN,Federal Contract Tower,0,0,7,0,7,0,0,149,0,149,0,0,156,0,156,160,0,160,316
05/28/2021,HFD,CT,ANE,EN,Federal Contract Tower,0,0,8,0,8,0,0,84,0,84,0,0,92,0,92,206,0,206,298
05/29/2021,HFD,CT,ANE,EN,Federal Contract Tower,0,0,9,0,9,0,0,0,0,0,0,0,9,0,9,0,0,0,9
05/30/2021,HFD,CT,ANE,EN,Federal Contract Tower,0,0,4,0,4,0,0,0,0,0,0,0,4,0,4,0,0,0,4
05/31/2021,HFD,CT,ANE,EN,Federal Contract Tower,0,6,21,0,27,0,0,25,0,25,0,6,46,0,52,70,0,70,122
06/01/2021,HFD,CT,ANE,EN,Federal Contract Tower,0,2,5,0,7,0,0,149,0,149,0,2,154,0,156,93,0,93,249
06/02/2021,HFD,CT,ANE,EN,Federal Contract Tower,0,2,6,0,8,0,0,95,0,95,0,2,101,0,103,112,2,114,217
06/03/2021,HFD,CT,ANE,EN,Federal Contract Tower,0,0,17,0,17,0,0,5,0,5,0,0,22,0,22,0,0,0,22
06/04/2021,HFD,CT,ANE,EN,Federal Contract Tower,0,0,6,0,6,0,0,11,0,11,0,0,17,0,17,12,0,12,29
06/05/2021,HFD,CT,ANE,EN,Federal Contract Tower,0,0,15,0,15,0,0,147,0,147,0,0,162,0,162,184,0,184,346
06/06/2021,HFD,CT,ANE,EN,Federal Contract Tower,0,3,9,0,12,0,0,139,0,139,0,3,148,0,151,174,0,174,325
06/07/2021,HFD,CT,ANE,EN,Federal Contract Tower,0,1,6,0,7,0,0,107,0,107,0,1,113,0,114,82,0,82,196
06/08/2021,HFD,CT,ANE,EN,Federal Contract Tower,0,1,8,0,9,0,0,77,0,77,0,1,85,0,86,86,0,86,172
06/09/2021,HFD,CT,ANE,EN,Federal Contract Tower,0,0,14,0,14,0,0,42,1,43,0,0,56,1,57,136,4,140,197
06/10/2021,HFD,CT,ANE,EN,Federal Contract Tower,0,0,22,0,22,0,0,114,0,114,0,0,136,0,136,206,0,206,342
06/11/2021,HFD,CT,ANE,EN,Federal Contract Tower,0,1,10,0,11,0,1,86,0,87,0,2,96,0,98,68,0,68,166
06/12/2021,HFD,CT,ANE,EN,Federal Contract Tower,0,0,20,0,20,0,0,127,0,127,0,0,147,0,147,68,0,68,215
06/13/2021,HFD,CT,ANE,EN,Federal Contract Tower,0,3,5,0,8,0,0,146,0,146,0,3,151,0,154,130,0,130,284
06/14/2021,HFD,CT,ANE,EN,Federal Contract Tower,0,1,7,0,8,0,1,1,0,2,0,2,8,0,10,0,0,0,10
06/15/2021,HFD,CT,ANE,EN,Federal Contract Tower,0,4,14,0,18,0,0,45,4,49,0,4,59,4,67,78,0,78,145
06/16/2021,HFD,CT,ANE,EN,Federal Contract Tower,0,2,9,0,11,0,1,126,0,127,0,3,135,0,138,84,0,84,222
06/17/2021,HFD,CT,ANE,EN,Federal Contract Tower,0,0,16,0,16,0,0,155,0,155,0,0,171,0,171,194,0,194,365
06/18/2021,HFD,CT,ANE,EN,Federal Contract Tower,0,2,15,0,17,0,0,132,0,132,0,2,147,0,149,134,0,134,283
06/19/2021,HFD,CT,ANE,EN,Federal Contract Tower,0,4,8,0,12,0,0,106,0,106,0,4,114,0,118,86,0,86,204
06/20/2021,HFD,CT,ANE,EN,Federal Contract Tower,0,1,6,0,7,0,0,108,0,108,0,1,114,0,115,106,0,106,221
06/21/2021,HFD,CT,ANE,EN,Federal Contract Tower,0,4,37,0,41,0,0,32,0,32,0,4,69,0,73,22,0,22,95
06/22/2021,HFD,CT,ANE,EN,Federal Contract Tower,0,0,11,0,11,0,0,27,0,27,0,0,38,0,38,61,2,63,101
06/23/2021,HFD,CT,ANE,EN,Federal Contract Tower,0,2,8,0,10,0,2,123,0,125,0,4,131,0,135,112,0,112,247
06/24/2021,HFD,CT,ANE,EN,Federal Contract Tower,0,0,11,0,11,0,0,131,0,131,0,0,142,0,142,210,0,210,352
06/25/2021,HFD,CT,ANE,EN,Federal Contract Tower,0,4,21,0,25,0,0,65,0,65,0,4,86,0,90,80,0,80,170
06/26/2021,HFD,CT,ANE,EN,Federal Contract Tower,0,0,15,0,15,0,0,41,0,41,0,0,56,0,56,74,0,74,130
06/27/2021,HFD,CT,ANE,EN,Federal Contract Tower,0,22,16,0,38,0,0,76,0,76,0,22,92,0,114,40,0,40,154
06/28/2021,HFD,CT,ANE,EN,Federal Contract Tower,0,3,9,0,12,0,0,142,0,142,0,3,151,0,154,102,0,102,256
06/29/2021,HFD,CT,ANE,EN,Federal Contract Tower,0,2,9,0,11,0,3,105,0,108,0,5,114,0,119,52,0,52,171
06/30/2021,HFD,CT,ANE,EN,Federal Contract Tower,0,0,7,0,7,0,1,83,0,84,0,1,90,0,91,98,0,98,189
07/01/2021,HFD,CT,ANE,EN,Federal Contract Tower,0,0,13,0,13,0,0,56,0,56,0,0,69,0,69,84,0,84,153
07/02/2021,HFD,CT,ANE,EN,Federal Contract Tower,0,2,6,0,8,0,0,0,0,0,0,2,6,0,8,0,0,0,8
07/03/2021,HFD,CT,ANE,EN,Federal Contract Tower,0,2,19,0,21,0,0,0,0,0,0,2,19,0,21,0,0,0,21
07/04/2021,HFD,CT,ANE,EN,Federal Contract Tower,0,0,11,0,11,0,0,8,0,8,0,0,19,0,19,0,0,0,19
07/05/2021,HFD,CT,ANE,EN,Federal Contract Tower,0,0,23,0,23,0,0,52,0,52,0,0,75,0,75,70,0,70,145
07/06/2021,HFD,CT,ANE,EN,Federal Contract Tower,0,2,3,0,5,0,0,73,0,73,0,2,76,0,78,24,2,26,104
07/07/2021,HFD,CT,ANE,EN,Federal Contract Tower,0,1,5,0,6,0,0,71,0,71,0,1,76,0,77,124,0,124,201
07/08/2021,HFD,CT,ANE,EN,Federal Contract Tower,0,1,0,0,1,0,2,0,0,2,0,3,0,0,3,6,0,6,9
07/09/2021,HFD,CT,ANE,EN,Federal Contract Tower,0,0,2,0,2,0,0,37,0,37,0,0,39,0,39,42,0,42,81
07/10/2021,HFD,CT,ANE,EN,Federal Contract Tower,0,2,27,0,29,0,0,147,0,147,0,2,174,0,176,168,0,168,344
07/11/2021,HFD,CT,ANE,EN,Federal Contract Tower,0,0,19,0,19,0,0,71,0,71,0,0,90,0,90,110,0,110,200
07/12/2021,HFD,CT,ANE,EN,Federal Contract Tower,0,2,11,0,13,0,0,0,0,0,0,2,11,0,13,0,0,0,13
07/13/2021,HFD,CT,ANE,EN,Federal Contract Tower,0,4,21,0,25,0,0,2,0,2,0,4,23,0,27,0,0,0,27
07/14/2021,HFD,CT,ANE,EN,Federal Contract Tower,0,0,14,0,14,0,0,16,0,16,0,0,30,0,30,110,0,110,140
07/15/2021,HFD,CT,ANE,EN,Federal Contract Tower,0,0,9,0,9,0,0,177,0,177,0,0,186,0,186,266,0,266,452
07/16/2021,HFD,CT,ANE,EN,Federal Contract Tower,0,0,9,0,9,0,0,104,0,104,0,0,113,0,113,90,0,90,203
07/17/2021,HFD,CT,ANE,EN,Federal Contract Tower,0,0,9,0,9,0,2,129,0,131,0,2,138,0,140,152,0,152,292
07/18/2021,HFD,CT,ANE,EN,Federal Contract Tower,0,1,9,0,10,0,0,0,0,0,0,1,9,0,10,6,0,6,16
07/19/2021,HFD,CT,ANE,EN,Federal Contract Tower,0,0,24,0,24,0,0,23,0,23,0,0,47,0,47,40,0,40,87
07/20/2021,HFD,CT,ANE,EN,Federal Contract Tower,0,5,25,0,30,0,0,0,0,0,0,5,25,0,30,40,0,40,70
07/21/2021,HFD,CT,ANE,EN,Federal Contract Tower,0,4,12,0,16,0,1,109,0,110,0,5,121,0,126,152,0,152,278
07/22/2021,HFD,CT,ANE,EN,Federal Contract Tower,0,0,14,0,14,0,0,193,0,193,0,0,207,0,207,176,0,176,383
07/23/2021,HFD,CT,ANE,EN,Federal Contract Tower,0,0,3,0,3,0,0,172,0,172,0,0,175,0,175,128,0,128,303
07/24/2021,HFD,CT,ANE,EN,Federal Contract Tower,0,1,9,0,10,0,1,218,0,219,0,2,227,0,229,138,0,138,367
07/25/2021,HFD,CT,ANE,EN,Federal Contract Tower,0,0,8,0,8,0,0,5,0,5,0,0,13,0,13,22,0,22,35
07/26/2021,HFD,CT,ANE,EN,Federal Contract Tower,0,1,16,0,17,0,0,64,0,64,0,1,80,0,81,18,0,18,99
07/27/2021,HFD,CT,ANE,EN,Federal Contract Tower,0,0,7,0,7,0,0,86,0,86,0,0,93,0,93,94,2,96,189
07/28/2021,HFD,CT,ANE,EN,Federal Contract Tower,0,3,18,0,21,0,0,136,0,136,0,3,154,0,157,180,0,180,337
07/29/2021,HFD,CT,ANE,EN,Federal Contract Tower,0,0,11,0,11,0,0,10,0,10,0,0,21,0,21,32,0,32,53
07/30/2021,HFD,CT,ANE,EN,Federal Contract Tower,0,0,11,0,11,0,1,163,0,164,0,1,174,0,175,144,0,144,319
07/31/2021,HFD,CT,ANE,EN,Federal Contract Tower,0,0,4,0,4,0,0,174,0,174,0,0,178,0,178,126,0,126,304
08/01/2021,HFD,CT,ANE,EN,Federal Contract Tower,0,0,5,0,5,0,2,100,0,102,0,2,105,0,107,164,0,164,271
08/02/2021,HFD,CT,ANE,EN,Federal Contract Tower,0,0,14,0,14,0,0,131,0,131,0,0,145,0,145,102,0,102,247
08/03/2021,HFD,CT,ANE,EN,Federal Contract Tower,0,0,7,0,7,0,2,228,0,230,0,2,235,0,237,150,0,150,387
08/04/2021,HFD,CT,ANE,EN,Federal Contract Tower,0,2,4,0,6,0,2,100,2,104,0,4,104,2,110,254,14,268,378
08/05/2021,HFD,CT,ANE,EN,Federal Contract Tower,0,0,5,0,5,0,0,27,0,27,0,0,32,0,32,60,0,60,92
08/06/2021,HFD,CT,ANE,EN,Federal Contract Tower,0,3,17,0,20,0,0,170,0,170,0,3,187,0,190,110,0,110,300
08/07/2021,HFD,CT,ANE,EN,Federal Contract Tower,0,0,10,0,10,0,2,147,0,149,0,2,157,0,159,124,0,124,283
08/08/2021,HFD,CT,ANE,EN,Federal Contract Tower,0,0,12,0,12,0,0,122,0,122,0,0,134,0,134,136,0,136,270
08/09/2021,HFD,CT,ANE,EN,Federal Contract Tower,0,5,21,0,26,0,0,76,0,76,0,5,97,0,102,140,0,140,242
08/10/2021,HFD,CT,ANE,EN,Federal Contract Tower,0,2,18,0,20,0,0,22,0,22,0,2,40,0,42,138,0,138,180
08/11/2021,HFD,CT,ANE,EN,Federal Contract Tower,0,1,10,0,11,0,0,55,0,55,0,1,65,0,66,198,4,202,268
08/12/2021,HFD,CT,ANE,EN,Federal Contract Tower,0,0,12,0,12,0,3,112,2,117,0,3,124,2,129,94,8,102,231
08/13/2021,HFD,CT,ANE,EN,Federal Contract Tower,0,0,6,0,6,0,0,106,0,106,0,0,112,0,112,186,0,186,298
08/14/2021,HFD,CT,ANE,EN,Federal Contract Tower,0,0,6,0,6,0,0,46,0,46,0,0,52,0,52,110,0,110,162
08/15/2021,HFD,CT,ANE,EN,Federal Contract Tower,0,0,11,0,11,0,0,163,0,163,0,0,174,0,174,106,0,106,280
08/16/2021,HFD,CT,ANE,EN,Federal Contract Tower,0,0,8,0,8,0,2,124,0,126,0,2,132,0,134,74,0,74,208
08/17/2021,HFD,CT,ANE,EN,Federal Contract Tower,0,5,12,0,17,0,0,136,2,138,0,5,148,2,155,164,2,166,321
08/18/2021,HFD,CT,ANE,EN,Federal Contract Tower,0,1,24,0,25,0,0,56,2,58,0,1,80,2,83,162,2,164,247
08/19/2021,HFD,CT,ANE,EN,Federal Contract Tower,0,9,4,0,13,0,1,10,0,11,0,10,14,0,24,68,12,80,104
08/20/2021,HFD,CT,ANE,EN,Federal Contract Tower,0,1,20,0,21,0,1,70,0,71,0,2,90,0,92,216,0,216,308
08/21/2021,HFD,CT,ANE,EN,Federal Contract Tower,0,0,29,0,29,0,0,38,0,38,0,0,67,0,67,66,0,66,133
08/22/2021,HFD,CT,ANE,EN,Federal Contract Tower,0,0,0,0,0,0,0,0,0,0,0,0,0,0,0,0,0,0,0
08/23/2021,HFD,CT,ANE,EN,Federal Contract Tower,0,0,3,0,3,0,0,1,0,1,0,0,4,0,4,0,0,0,4
08/24/2021,HFD,CT,ANE,EN,Federal Contract Tower,0,0,21,0,21,0,0,141,2,143,0,0,162,2,164,102,0,102,266
08/25/2021,HFD,CT,ANE,EN,Federal Contract Tower,0,2,7,0,9,0,0,156,0,156,0,2,163,0,165,174,0,174,339
08/26/2021,HFD,CT,ANE,EN,Federal Contract Tower,0,0,7,0,7,0,0,117,0,117,0,0,124,0,124,132,0,132,256
08/27/2021,HFD,CT,ANE,EN,Federal Contract Tower,0,0,6,0,6,0,2,107,0,109,0,2,113,0,115,184,0,184,299
08/28/2021,HFD,CT,ANE,EN,Federal Contract Tower,0,1,12,0,13,0,0,103,0,103,0,1,115,0,116,194,0,194,310
08/29/2021,HFD,CT,ANE,EN,Federal Contract Tower,0,1,22,0,23,0,0,37,0,37,0,1,59,0,60,84,0,84,144
08/30/2021,HFD,CT,ANE,EN,Federal Contract Tower,0,1,16,0,17,0,0,36,0,36,0,1,52,0,53,0,0,0,53
08/31/2021,HFD,CT,ANE,EN,Federal Contract Tower,0,0,9,0,9,0,0,157,0,157,0,0,166,0,166,68,0,68,234
09/01/2021,HFD,CT,ANE,EN,Federal Contract Tower,0,0,10,0,10,0,0,5,0,5,0,0,15,0,15,0,0,0,15
09/02/2021,HFD,CT,ANE,EN,Federal Contract Tower,0,0,5,0,5,0,0,37,0,37,0,0,42,0,42,20,0,20,62
09/03/2021,HFD,CT,ANE,EN,Federal Contract Tower,0,0,10,0,10,0,1,164,0,165,0,1,174,0,175,144,0,144,319
09/04/2021,HFD,CT,ANE,EN,Federal Contract Tower,0,0,3,0,3,0,0,78,0,78,0,0,81,0,81,20,0,20,101
09/05/2021,HFD,CT,ANE,EN,Federal Contract Tower,0,0,7,0,7,0,0,45,0,45,0,0,52,0,52,72,0,72,124
09/06/2021,HFD,CT,ANE,EN,Federal Contract Tower,0,2,16,0,18,0,0,78,0,78,0,2,94,0,96,28,0,28,124
09/07/2021,HFD,CT,ANE,EN,Federal Contract Tower,0,5,10,0,15,0,0,145,0,145,0,5,155,0,160,104,0,104,264
09/08/2021,HFD,CT,ANE,EN,Federal Contract Tower,0,2,15,0,17,0,3,79,0,82,0,5,94,0,99,24,0,24,123
09/09/2021,HFD,CT,ANE,EN,Federal Contract Tower,0,0,17,0,17,0,0,7,0,7,0,0,24,0,24,0,0,0,24
09/10/2021,HFD,CT,ANE,EN,Federal Contract Tower,0,7,15,0,22,0,0,134,0,134,0,7,149,0,156,94,0,94,250
09/11/2021,HFD,CT,ANE,EN,Federal Contract Tower,0,0,9,0,9,0,0,126,0,126,0,0,135,0,135,58,0,58,193
09/12/2021,HFD,CT,ANE,EN,Federal Contract Tower,0,0,7,0,7,0,0,95,0,95,0,0,102,0,102,70,0,70,172
09/13/2021,HFD,CT,ANE,EN,Federal Contract Tower,0,1,6,0,7,0,0,104,0,104,0,1,110,0,111,186,2,188,299
09/14/2021,HFD,CT,ANE,EN,Federal Contract Tower,0,0,4,0,4,0,1,131,0,132,0,1,135,0,136,82,0,82,218
09/15/2021,HFD,CT,ANE,EN,Federal Contract Tower,0,3,18,0,21,0,1,58,0,59,0,4,76,0,80,76,0,76,156
09/16/2021,HFD,CT,ANE,EN,Federal Contract Tower,0,0,10,0,10,0,0,12,4,16,0,0,22,4,26,64,0,64,90
09/17/2021,HFD,CT,ANE,EN,Federal Contract Tower,0,2,18,0,20,0,0,19,0,19,0,2,37,0,39,38,0,38,77
09/18/2021,HFD,CT,ANE,EN,Federal Contract Tower,0,1,17,0,18,0,0,108,0,108,0,1,125,0,126,94,0,94,220
09/19/2021,HFD,CT,ANE,EN,Federal Contract Tower,0,0,2,0,2,0,0,182,0,182,0,0,184,0,184,124,0,124,308
09/21/2021,HFD,CT,ANE,EN,Federal Contract Tower,0,3,17,2,22,0,0,0,0,0,0,3,17,2,22,92,0,92,114
09/22/2021,HFD,CT,ANE,EN,Federal Contract Tower,0,3,13,0,16,0,0,5,0,5,0,3,18,0,21,72,0,72,93
09/23/2021,HFD,CT,ANE,EN,Federal Contract Tower,0,2,12,0,14,0,0,11,0,11,0,2,23,0,25,20,0,20,45
09/24/2021,HFD,CT,ANE,EN,Federal Contract Tower,0,1,11,0,12,0,0,65,0,65,0,1,76,0,77,92,0,92,169
09/25/2021,HFD,CT,ANE,EN,Federal Contract Tower,0,3,8,0,11,0,0,128,0,128,0,3,136,0,139,100,0,100,239
09/26/2021,HFD,CT,ANE,EN,Federal Contract Tower,0,2,7,0,9,0,1,112,0,113,0,3,119,0,122,56,0,56,178
09/27/2021,HFD,CT,ANE,EN,Federal Contract Tower,0,1,4,0,5,0,0,108,0,108,0,1,112,0,113,122,0,122,235
09/28/2021,HFD,CT,ANE,EN,Federal Contract Tower,0,0,10,0,10,0,0,34,2,36,0,0,44,2,46,58,0,58,104
09/29/2021,HFD,CT,ANE,EN,Federal Contract Tower,0,0,10,0,10,0,1,127,0,128,0,1,137,0,138,100,8,108,246
09/30/2021,HFD,CT,ANE,EN,Federal Contract Tower,0,3,17,0,20,0,0,104,0,104,0,3,121,0,124,110,0,110,234
10/01/2021,HFD,CT,ANE,EN,Federal Contract Tower,0,4,9,0,13,0,1,128,0,129,0,5,137,0,142,154,0,154,296
10/02/2021,HFD,CT,ANE,EN,Federal Contract Tower,0,3,8,0,11,0,2,185,0,187,0,5,193,0,198,152,0,152,350
10/03/2021,HFD,CT,ANE,EN,Federal Contract Tower,0,0,5,0,5,0,0,104,0,104,0,0,109,0,109,80,0,80,189
10/04/2021,HFD,CT,ANE,EN,Federal Contract Tower,0,0,5,0,5,0,0,0,0,0,0,0,5,0,5,0,0,0,5
10/05/2021,HFD,CT,ANE,EN,Federal Contract Tower,0,4,41,0,45,0,0,5,0,5,0,4,46,0,50,110,0,110,160
10/06/2021,HFD,CT,ANE,EN,Federal Contract Tower,0,3,13,0,16,0,1,128,0,129,0,4,141,0,145,122,0,122,267
10/07/2021,HFD,CT,ANE,EN,Federal Contract Tower,0,0,21,0,21,0,0,78,2,80,0,0,99,2,101,54,4,58,159
10/08/2021,HFD,CT,ANE,EN,Federal Contract Tower,0,2,11,0,13,0,0,115,0,115,0,2,126,0,128,54,0,54,182
10/09/2021,HFD,CT,ANE,EN,Federal Contract Tower,0,0,20,0,20,0,0,65,0,65,0,0,85,0,85,136,0,136,221
10/10/2021,HFD,CT,ANE,EN,Federal Contract Tower,0,1,19,0,20,0,0,42,0,42,0,1,61,0,62,42,0,42,104
10/11/2021,HFD,CT,ANE,EN,Federal Contract Tower,0,2,18,0,20,0,0,42,0,42,0,2,60,0,62,54,0,54,116
10/12/2021,HFD,CT,ANE,EN,Federal Contract Tower,0,0,14,0,14,0,0,109,0,109,0,0,123,0,123,0,102,102,225
10/13/2021,HFD,CT,ANE,EN,Federal Contract Tower,0,4,11,0,15,0,0,71,0,71,0,4,82,0,86,81,0,81,167
10/14/2021,HFD,CT,ANE,EN,Federal Contract Tower,0,0,9,0,9,0,0,158,0,158,0,0,167,0,167,128,0,128,295
10/15/2021,HFD,CT,ANE,EN,Federal Contract Tower,0,0,6,5,11,0,0,6,9,15,0,0,12,14,26,0,0,0,26
10/16/2021,HFD,CT,ANE,EN,Federal Contract Tower,0,1,3,0,4,0,0,31,0,31,0,1,34,0,35,66,0,66,101
10/17/2021,HFD,CT,ANE,EN,Federal Contract Tower,0,0,3,0,3,0,0,113,0,113,0,0,116,0,116,64,0,64,180
10/18/2021,HFD,CT,ANE,EN,Federal Contract Tower,0,3,11,0,14,0,0,88,0,88,0,3,99,0,102,55,0,55,157
10/19/2021,HFD,CT,ANE,EN,Federal Contract Tower,0,3,9,0,12,0,1,84,0,85,0,4,93,0,97,66,8,74,171
10/21/2021,HFD,CT,ANE,EN,Federal Contract Tower,0,4,15,2,21,0,4,151,0,155,0,8,166,2,176,115,0,115,291
10/22/2021,HFD,CT,ANE,EN,Federal Contract Tower,0,0,15,0,15,0,0,109,0,109,0,0,124,0,124,146,0,146,270
10/23/2021,HFD,CT,ANE,EN,Federal Contract Tower,0,3,7,0,10,0,2,129,0,131,0,5,136,0,141,98,0,98,239
10/24/2021,HFD,CT,ANE,EN,Federal Contract Tower,0,4,13,0,17,0,0,140,0,140,0,4,153,0,157,120,0,120,277
10/25/2021,HFD,CT,ANE,EN,Federal Contract Tower,0,1,11,0,12,0,0,0,0,0,0,1,11,0,12,0,0,0,12
10/26/2021,HFD,CT,ANE,EN,Federal Contract Tower,0,2,3,0,5,0,0,0,0,0,0,2,3,0,5,0,0,0,5
10/27/2021,HFD,CT,ANE,EN,Federal Contract Tower,0,3,2,0,5,0,0,4,0,4,0,3,6,0,9,0,0,0,9
10/28/2021,HFD,CT,ANE,EN,Federal Contract Tower,0,0,16,0,16,0,0,155,0,155,0,0,171,0,171,230,0,230,401
10/29/2021,HFD,CT,ANE,EN,Federal Contract Tower,0,0,14,0,14,0,0,67,0,67,0,0,81,0,81,142,0,142,223
10/30/2021,HFD,CT,ANE,EN,Federal Contract Tower,0,2,14,0,16,0,0,0,0,0,0,2,14,0,16,0,0,0,16
10/31/2021,HFD,CT,ANE,EN,Federal Contract Tower,0,2,13,0,15,0,0,94,0,94,0,2,107,0,109,172,0,172,281
11/01/2021,HFD,CT,ANE,EN,Federal Contract Tower,0,0,8,0,8,0,1,97,0,98,0,1,105,0,106,104,0,104,210
11/02/2021,HFD,CT,ANE,EN,Federal Contract Tower,0,0,10,1,11,0,0,105,1,106,0,0,115,2,117,112,0,112,229
11/03/2021,HFD,CT,ANE,EN,Federal Contract Tower,0,1,11,0,12,0,1,137,0,138,0,2,148,0,150,84,0,84,234
11/04/2021,HFD,CT,ANE,EN,Federal Contract Tower,0,0,8,0,8,0,0,177,0,177,0,0,185,0,185,186,0,186,371
11/05/2021,HFD,CT,ANE,EN,Federal Contract Tower,0,1,22,0,23,0,0,138,0,138,0,1,160,0,161,162,0,162,323
11/06/2021,HFD,CT,ANE,EN,Federal Contract Tower,0,8,9,0,17,0,0,109,0,109,0,8,118,0,126,118,0,118,244
11/07/2021,HFD,CT,ANE,EN,Federal Contract Tower,0,1,8,0,9,0,0,119,0,119,0,1,127,0,128,74,0,74,202
11/08/2021,HFD,CT,ANE,EN,Federal Contract Tower,0,3,7,0,10,0,1,112,0,113,0,4,119,0,123,186,0,186,309
11/09/2021,HFD,CT,ANE,EN,Federal Contract Tower,0,1,9,2,12,0,0,125,0,125,0,1,134,2,137,70,0,70,207
11/10/2021,HFD,CT,ANE,EN,Federal Contract Tower,0,0,7,0,7,0,0,119,0,119,0,0,126,0,126,116,0,116,242
11/11/2021,HFD,CT,ANE,EN,Federal Contract Tower,0,0,12,0,12,0,0,171,0,171,0,0,183,0,183,22,0,22,205
11/12/2021,HFD,CT,ANE,EN,Federal Contract Tower,0,0,4,0,4,0,0,5,0,5,0,0,9,0,9,0,0,0,9
11/13/2021,HFD,CT,ANE,EN,Federal Contract Tower,0,0,14,1,15,0,0,44,1,45,0,0,58,2,60,58,0,58,118
11/14/2021,HFD,CT,ANE,EN,Federal Contract Tower,0,0,14,0,14,0,0,129,0,129,0,0,143,0,143,110,0,110,253
11/15/2021,HFD,CT,ANE,EN,Federal Contract Tower,0,7,13,0,20,0,0,70,0,70,0,7,83,0,90,70,0,70,160
11/16/2021,HFD,CT,ANE,EN,Federal Contract Tower,0,4,9,0,13,0,0,102,0,102,0,4,111,0,115,36,0,36,151
11/17/2021,HFD,CT,ANE,EN,Federal Contract Tower,0,11,7,0,18,0,3,117,0,120,0,14,124,0,138,196,0,196,334
11/18/2021,HFD,CT,ANE,EN,Federal Contract Tower,0,4,11,0,15,0,2,142,0,144,0,6,153,0,159,144,0,144,303
11/19/2021,HFD,CT,ANE,EN,Federal Contract Tower,0,0,11,0,11,0,0,47,0,47,0,0,58,0,58,70,0,70,128
11/20/2021,HFD,CT,ANE,EN,Federal Contract Tower,0,0,5,0,5,0,0,150,0,150,0,0,155,0,155,112,0,112,267
11/21/2021,HFD,CT,ANE,EN,Federal Contract Tower,0,0,12,0,12,0,0,96,0,96,0,0,108,0,108,110,0,110,218
11/22/2021,HFD,CT,ANE,EN,Federal Contract Tower,0,2,9,2,13,0,0,51,0,51,0,2,60,2,64,48,0,48,112
11/23/2021,HFD,CT,ANE,EN,Federal Contract Tower,0,0,11,0,11,0,0,79,0,79,0,0,90,0,90,26,0,26,116
11/24/2021,HFD,CT,ANE,EN,Federal Contract Tower,0,2,8,0,10,0,2,91,0,93,0,4,99,0,103,128,0,128,231
11/25/2021,HFD,CT,ANE,EN,Federal Contract Tower,0,0,5,0,5,0,0,34,0,34,0,0,39,0,39,26,0,26,65
11/26/2021,HFD,CT,ANE,EN,Federal Contract Tower,0,0,6,0,6,0,0,2,0,2,0,0,8,0,8,0,0,0,8
11/27/2021,HFD,CT,ANE,EN,Federal Contract Tower,0,0,9,0,9,0,0,27,0,27,0,0,36,0,36,18,0,18,54
11/28/2021,HFD,CT,ANE,EN,Federal Contract Tower,0,0,8,0,8,0,0,36,0,36,0,0,44,0,44,12,0,12,56
11/29/2021,HFD,CT,ANE,EN,Federal Contract Tower,0,0,6,0,6,0,0,123,0,123,0,0,129,0,129,114,0,114,243
11/30/2021,HFD,CT,ANE,EN,Federal Contract Tower,0,0,14,0,14,0,0,110,0,110,0,0,124,0,124,128,2,130,254
12/01/2021,HFD,CT,ANE,EN,Federal Contract Tower,0,0,9,0,9,0,0,128,4,132,0,0,137,4,141,112,0,112,253
12/02/2021,HFD,CT,ANE,EN,Federal Contract Tower,0,0,3,0,3,0,0,68,2,70,0,0,71,2,73,118,14,132,205
12/03/2021,HFD,CT,ANE,EN,Federal Contract Tower,0,0,6,0,6,0,0,43,0,43,0,0,49,0,49,50,0,50,99
12/04/2021,HFD,CT,ANE,EN,Federal Contract Tower,0,0,3,0,3,0,0,108,0,108,0,0,111,0,111,206,0,206,317
12/05/2021,HFD,CT,ANE,EN,Federal Contract Tower,0,0,8,0,8,0,0,109,0,109,0,0,117,0,117,210,0,210,327
12/06/2021,HFD,CT,ANE,EN,Federal Contract Tower,0,0,2,0,2,0,1,1,0,2,0,1,3,0,4,0,0,0,4
12/07/2021,HFD,CT,ANE,EN,Federal Contract Tower,0,3,3,0,6,0,1,107,0,108,0,4,110,0,114,118,2,120,234
12/08/2021,HFD,CT,ANE,EN,Federal Contract Tower,0,0,2,0,2,0,0,36,0,36,0,0,38,0,38,80,0,80,118
12/09/2021,HFD,CT,ANE,EN,Federal Contract Tower,0,4,8,0,12,0,0,125,2,127,0,4,133,2,139,88,8,96,235
12/10/2021,HFD,CT,ANE,EN,Federal Contract Tower,0,1,5,0,6,0,1,111,0,112,0,2,116,0,118,158,0,158,276
12/11/2021,HFD,CT,ANE,EN,Federal Contract Tower,0,0,1,0,1,0,0,0,0,0,0,0,1,0,1,0,0,0,1
12/12/2021,HFD,CT,ANE,EN,Federal Contract Tower,0,0,6,0,6,0,0,80,2,82,0,0,86,2,88,100,0,100,188
12/13/2021,HFD,CT,ANE,EN,Federal Contract Tower,0,1,3,0,4,0,2,90,0,92,0,3,93,0,96,114,0,114,210
12/14/2021,HFD,CT,ANE,EN,Federal Contract Tower,0,2,14,2,18,0,0,111,0,111,0,2,125,2,129,102,6,108,237
12/15/2021,HFD,CT,ANE,EN,Federal Contract Tower,0,2,16,0,18,0,0,118,0,118,0,2,134,0,136,66,0,66,202
12/16/2021,HFD,CT,ANE,EN,Federal Contract Tower,0,4,8,0,12,0,0,133,8,141,0,4,141,8,153,122,16,138,291
12/18/2021,HFD,CT,ANE,EN,Federal Contract Tower,0,0,0,0,0,0,0,0,0,0,0,0,0,0,0,38,0,38,38
12/19/2021,HFD,CT,ANE,EN,Federal Contract Tower,0,0,3,0,3,0,0,40,0,40,0,0,43,0,43,48,0,48,91
12/20/2021,HFD,CT,ANE,EN,Federal Contract Tower,0,0,7,0,7,0,1,116,0,117,0,1,123,0,124,152,0,152,276
12/21/2021,HFD,CT,ANE,EN,Federal Contract Tower,0,1,4,0,5,0,0,132,0,132,0,1,136,0,137,173,0,173,310
12/22/2021,HFD,CT,ANE,EN,Federal Contract Tower,0,0,5,0,5,0,0,21,0,21,0,0,26,0,26,6,0,6,32
12/23/2021,HFD,CT,ANE,EN,Federal Contract Tower,0,0,6,0,6,0,0,79,0,79,0,0,85,0,85,98,0,98,183
12/24/2021,HFD,CT,ANE,EN,Federal Contract Tower,0,0,0,0,0,0,0,10,0,10,0,0,10,0,10,10,0,10,20
12/25/2021,HFD,CT,ANE,EN,Federal Contract Tower,0,0,0,0,0,0,0,0,0,0,0,0,0,0,0,0,0,0,0
12/26/2021,HFD,CT,ANE,EN,Federal Contract Tower,0,0,2,0,2,0,0,34,0,34,0,0,36,0,36,34,0,34,70
12/27/2021,HFD,CT,ANE,EN,Federal Contract Tower,0,0,7,0,7,0,0,92,0,92,0,0,99,0,99,142,0,142,241
12/28/2021,HFD,CT,ANE,EN,Federal Contract Tower,0,0,6,0,6,0,0,50,0,50,0,0,56,0,56,54,0,54,110
12/29/2021,HFD,CT,ANE,EN,Federal Contract Tower,0,0,0,0,0,0,0,2,0,2,0,0,2,0,2,0,0,0,2
12/30/2021,HFD,CT,ANE,EN,Federal Contract Tower,0,0,4,0,4,0,0,0,0,0,0,0,4,0,4,0,0,0,4
12/31/2021,HFD,CT,ANE,EN,Federal Contract Tower,0,0,5,0,5,0,0,1,0,1,0,0,6,0,6,0,0,0,6
01/01/2022,HFD,CT,ANE,EN,Federal Contract Tower,0,0,0,0,0,0,0,0,0,0,0,0,0,0,0,0,0,0,0
01/02/2022,HFD,CT,ANE,EN,Federal Contract Tower,0,0,6,0,6,0,0,12,0,12,0,0,18,0,18,18,0,18,36
01/03/2022,HFD,CT,ANE,EN,Federal Contract Tower,0,0,5,0,5,0,0,55,4,59,0,0,60,4,64,38,0,38,102
01/04/2022,HFD,CT,ANE,EN,Federal Contract Tower,0,0,10,0,10,0,0,123,0,123,0,0,133,0,133,62,2,64,197
01/05/2022,HFD,CT,ANE,EN,Federal Contract Tower,0,0,3,0,3,0,0,0,0,0,0,0,3,0,3,0,0,0,3
01/06/2022,HFD,CT,ANE,EN,Federal Contract Tower,0,0,7,0,7,0,0,105,0,105,0,0,112,0,112,84,0,84,196
01/07/2022,HFD,CT,ANE,EN,Federal Contract Tower,0,0,0,0,0,0,0,2,0,2,0,0,2,0,2,0,0,0,2
01/08/2022,HFD,CT,ANE,EN,Federal Contract Tower,0,0,4,0,4,0,0,90,0,90,0,0,94,0,94,132,0,132,226
01/09/2022,HFD,CT,ANE,EN,Federal Contract Tower,0,0,0,0,0,0,0,0,0,0,0,0,0,0,0,0,0,0,0
01/10/2022,HFD,CT,ANE,EN,Federal Contract Tower,0,0,2,0,2,0,0,68,0,68,0,0,70,0,70,50,0,50,120
01/11/2022,HFD,CT,ANE,EN,Federal Contract Tower,0,0,5,0,5,0,0,81,0,81,0,0,86,0,86,14,0,14,100
01/12/2022,HFD,CT,ANE,EN,Federal Contract Tower,0,0,4,0,4,0,0,51,2,53,0,0,55,2,57,64,0,64,121
01/13/2022,HFD,CT,ANE,EN,Federal Contract Tower,0,2,11,0,13,0,0,202,0,202,0,2,213,0,215,182,0,182,397
01/14/2022,HFD,CT,ANE,EN,Federal Contract Tower,0,0,8,0,8,0,0,45,0,45,0,0,53,0,53,87,0,87,140
01/15/2022,HFD,CT,ANE,EN,Federal Contract Tower,0,0,2,0,2,0,0,62,0,62,0,0,64,0,64,78,0,78,142
01/16/2022,HFD,CT,ANE,EN,Federal Contract Tower,0,0,4,0,4,0,0,154,0,154,0,0,158,0,158,142,0,142,300
01/17/2022,HFD,CT,ANE,EN,Federal Contract Tower,0,0,1,0,1,0,0,1,0,1,0,0,2,0,2,0,0,0,2
01/18/2022,HFD,CT,ANE,EN,Federal Contract Tower,0,4,0,0,4,0,0,10,0,10,0,4,10,0,14,10,0,10,24
01/19/2022,HFD,CT,ANE,EN,Federal Contract Tower,0,2,7,0,9,0,0,52,2,54,0,2,59,2,63,44,8,52,115
01/20/2022,HFD,CT,ANE,EN,Federal Contract Tower,0,0,1,0,1,0,0,32,0,32,0,0,33,0,33,14,0,14,47
01/21/2022,HFD,CT,ANE,EN,Federal Contract Tower,0,3,8,0,11,0,0,115,0,115,0,3,123,0,126,88,0,88,214
01/22/2022,HFD,CT,ANE,EN,Federal Contract Tower,0,1,9,0,10,0,0,156,0,156,0,1,165,0,166,196,0,196,362
01/23/2022,HFD,CT,ANE,EN,Federal Contract Tower,0,0,6,0,6,0,0,117,0,117,0,0,123,0,123,110,0,110,233
01/24/2022,HFD,CT,ANE,EN,Federal Contract Tower,0,4,4,0,8,0,0,107,0,107,0,4,111,0,115,140,0,140,255
01/25/2022,HFD,CT,ANE,EN,Federal Contract Tower,0,0,5,0,5,0,0,65,0,65,0,0,70,0,70,24,16,40,110
01/26/2022,HFD,CT,ANE,EN,Federal Contract Tower,0,0,4,0,4,0,0,86,0,86,0,0,90,0,90,32,0,32,122
01/27/2022,HFD,CT,ANE,EN,Federal Contract Tower,0,0,6,0,6,0,0,147,0,147,0,0,153,0,153,8,0,8,161
01/28/2022,HFD,CT,ANE,EN,Federal Contract Tower,1,0,0,0,1,0,0,12,0,12,1,0,12,0,13,48,0,48,61
01/29/2022,HFD,CT,ANE,EN,Federal Contract Tower,0,0,0,0,0,0,0,0,0,0,0,0,0,0,0,0,0,0,0
01/30/2022,HFD,CT,ANE,EN,Federal Contract Tower,0,0,3,0,3,0,0,34,0,34,0,0,37,0,37,4,0,4,41
01/31/2022,HFD,CT,ANE,EN,Federal Contract Tower,0,0,11,0,11,0,0,117,0,117,0,0,128,0,128,84,2,86,214
02/01/2022,HFD,CT,ANE,EN,Federal Contract Tower,0,0,13,0,13,0,0,64,0,64,0,0,77,0,77,110,0,110,187
02/02/2022,HFD,CT,ANE,EN,Federal Contract Tower,0,2,9,0,11,0,1,49,0,50,0,3,58,0,61,204,12,216,277
02/03/2022,HFD,CT,ANE,EN,Federal Contract Tower,0,2,0,0,2,0,0,0,0,0,0,2,0,0,2,0,0,0,2
02/04/2022,HFD,CT,ANE,EN,Federal Contract Tower,0,0,0,0,0,0,0,0,0,0,0,0,0,0,0,0,0,0,0
02/05/2022,HFD,CT,ANE,EN,Federal Contract Tower,0,0,10,0,10,0,0,54,0,54,0,0,64,0,64,34,0,34,98
02/06/2022,HFD,CT,ANE,EN,Federal Contract Tower,0,0,10,0,10,0,0,155,0,155,0,0,165,0,165,104,0,104,269
02/07/2022,HFD,CT,ANE,EN,Federal Contract Tower,0,2,0,0,2,0,0,0,0,0,0,2,0,0,2,0,0,0,2
02/08/2022,HFD,CT,ANE,EN,Federal Contract Tower,0,0,9,0,9,0,0,41,0,41,0,0,50,0,50,94,0,94,144
02/09/2022,HFD,CT,ANE,EN,Federal Contract Tower,0,0,9,0,9,0,2,132,0,134,0,2,141,0,143,128,4,132,275
02/10/2022,HFD,CT,ANE,EN,Federal Contract Tower,0,6,8,0,14,0,0,96,12,108,0,6,104,12,122,12,0,12,134
02/11/2022,HFD,CT,ANE,EN,Federal Contract Tower,0,1,8,0,9,0,0,136,0,136,0,1,144,0,145,77,0,77,222
02/12/2022,HFD,CT,ANE,EN,Federal Contract Tower,0,0,6,0,6,0,0,115,0,115,0,0,121,0,121,116,0,116,237
02/13/2022,HFD,CT,ANE,EN,Federal Contract Tower,0,0,1,0,1,0,0,0,0,0,0,0,1,0,1,26,0,26,27
02/14/2022,HFD,CT,ANE,EN,Federal Contract Tower,0,0,5,0,5,0,0,65,0,65,0,0,70,0,70,64,0,64,134
02/15/2022,HFD,CT,ANE,EN,Federal Contract Tower,0,0,5,0,5,0,2,112,2,116,0,2,117,2,121,74,0,74,195
02/16/2022,HFD,CT,ANE,EN,Federal Contract Tower,0,1,12,0,13,0,0,68,0,68,0,1,80,0,81,70,6,76,157
02/17/2022,HFD,CT,ANE,EN,Federal Contract Tower,0,1,2,0,3,0,2,17,0,19,0,3,19,0,22,0,10,10,32
02/18/2022,HFD,CT,ANE,EN,Federal Contract Tower,0,0,0,0,0,0,0,11,0,11,0,0,11,0,11,0,0,0,11
02/19/2022,HFD,CT,ANE,EN,Federal Contract Tower,0,0,7,0,7,0,0,16,0,16,0,0,23,0,23,34,0,34,57
02/20/2022,HFD,CT,ANE,EN,Federal Contract Tower,0,0,5,0,5,0,0,111,0,111,0,0,116,0,116,178,0,178,294
02/21/2022,HFD,CT,ANE,EN,Federal Contract Tower,0,0,12,0,12,0,0,174,0,174,0,0,186,0,186,190,0,190,376
02/22/2022,HFD,CT,ANE,EN,Federal Contract Tower,0,1,7,0,8,0,0,0,0,0,0,1,7,0,8,0,0,0,8
02/23/2022,HFD,CT,ANE,EN,Federal Contract Tower,0,3,8,0,11,0,2,37,4,43,0,5,45,4,54,38,24,62,116
02/24/2022,HFD,CT,ANE,EN,Federal Contract Tower,0,4,10,0,14,0,0,144,0,144,0,4,154,0,158,8,0,8,166
02/25/2022,HFD,CT,ANE,EN,Federal Contract Tower,0,0,1,0,1,0,0,0,0,0,0,0,1,0,1,0,0,0,1
02/26/2022,HFD,CT,ANE,EN,Federal Contract Tower,0,0,4,0,4,0,0,107,2,109,0,0,111,2,113,170,2,172,285
02/27/2022,HFD,CT,ANE,EN,Federal Contract Tower,0,0,5,0,5,0,0,49,0,49,0,0,54,0,54,78,0,78,132
02/28/2022,HFD,CT,ANE,EN,Federal Contract Tower,0,2,9,0,11,0,0,100,0,100,0,2,109,0,111,86,12,98,209
03/01/2022,HFD,CT,ANE,EN,Federal Contract Tower,0,0,5,0,5,0,1,50,0,51,0,1,55,0,56,114,10,124,180
03/02/2022,HFD,CT,ANE,EN,Federal Contract Tower,0,0,6,0,6,0,3,122,2,127,0,3,128,2,133,62,8,70,203
03/03/2022,HFD,CT,ANE,EN,Federal Contract Tower,0,0,5,0,5,0,0,35,0,35,0,0,40,0,40,10,0,10,50
03/04/2022,HFD,CT,ANE,EN,Federal Contract Tower,0,0,9,0,9,0,0,135,0,135,0,0,144,0,144,194,0,194,338
03/05/2022,HFD,CT,ANE,EN,Federal Contract Tower,0,0,4,0,4,0,0,141,0,141,0,0,145,0,145,240,0,240,385
03/06/2022,HFD,CT,ANE,EN,Federal Contract Tower,0,0,1,0,1,0,0,7,0,7,0,0,8,0,8,0,0,0,8
03/07/2022,HFD,CT,ANE,EN,Federal Contract Tower,0,0,14,0,14,0,0,55,0,55,0,0,69,0,69,78,28,106,175
03/08/2022,HFD,CT,ANE,EN,Federal Contract Tower,0,0,5,0,5,0,0,42,0,42,0,0,47,0,47,0,0,0,47
03/09/2022,HFD,CT,ANE,EN,Federal Contract Tower,0,0,3,0,3,0,0,5,0,5,0,0,8,0,8,8,0,8,16
03/10/2022,HFD,CT,ANE,EN,Federal Contract Tower,0,2,4,0,6,0,0,142,0,142,0,2,146,0,148,170,0,170,318
03/11/2022,HFD,CT,ANE,EN,Federal Contract Tower,0,0,8,0,8,0,0,131,0,131,0,0,139,0,139,160,0,160,299
03/12/2022,HFD,CT,ANE,EN,Federal Contract Tower,0,0,0,0,0,0,0,0,0,0,0,0,0,0,0,0,0,0,0
03/13/2022,HFD,CT,ANE,EN,Federal Contract Tower,0,0,2,0,2,0,1,21,0,22,0,1,23,0,24,0,0,0,24
03/14/2022,HFD,CT,ANE,EN,Federal Contract Tower,0,0,7,0,7,0,1,108,0,109,0,1,115,0,116,78,0,78,194
03/15/2022,HFD,CT,ANE,EN,Federal Contract Tower,0,0,2,0,2,0,0,120,0,120,0,0,122,0,122,150,0,150,272
03/16/2022,HFD,CT,ANE,EN,Federal Contract Tower,0,0,7,0,7,0,1,110,0,111,0,1,117,0,118,82,0,82,200
03/17/2022,HFD,CT,ANE,EN,Federal Contract Tower,0,0,10,0,10,0,0,0,0,0,0,0,10,0,10,0,0,0,10
03/18/2022,HFD,CT,ANE,EN,Federal Contract Tower,0,0,10,0,10,0,1,154,0,155,0,1,164,0,165,254,0,254,419
03/19/2022,HFD,CT,ANE,EN,Federal Contract Tower,0,0,1,0,1,0,0,0,0,0,0,0,1,0,1,0,0,0,1
03/20/2022,HFD,CT,ANE,EN,Federal Contract Tower,0,0,7,0,7,0,0,83,0,83,0,0,90,0,90,124,0,124,214
03/21/2022,HFD,CT,ANE,EN,Federal Contract Tower,0,0,5,0,5,0,0,75,0,75,0,0,80,0,80,66,0,66,146
03/22/2022,HFD,CT,ANE,EN,Federal Contract Tower,0,2,3,0,5,0,3,56,0,59,0,5,59,0,64,34,0,34,98
03/23/2022,HFD,CT,ANE,EN,Federal Contract Tower,0,1,10,0,11,0,3,145,0,148,0,4,155,0,159,184,0,184,343
03/24/2022,HFD,CT,ANE,EN,Federal Contract Tower,0,2,2,0,4,0,0,0,0,0,0,2,2,0,4,0,0,0,4
03/25/2022,HFD,CT,ANE,EN,Federal Contract Tower,0,2,8,0,10,0,1,112,0,113,0,3,120,0,123,162,0,162,285
03/26/2022,HFD,CT,ANE,EN,Federal Contract Tower,0,0,6,0,6,0,0,86,0,86,0,0,92,0,92,258,2,260,352
03/27/2022,HFD,CT,ANE,EN,Federal Contract Tower,0,1,7,0,8,0,0,65,2,67,0,1,72,2,75,130,2,132,207
03/28/2022,HFD,CT,ANE,EN,Federal Contract Tower,0,1,2,0,3,0,0,14,0,14,0,1,16,0,17,0,0,0,17
03/29/2022,HFD,CT,ANE,EN,Federal Contract Tower,0,0,9,0,9,0,0,28,0,28,0,0,37,0,37,56,0,56,93
03/30/2022,HFD,CT,ANE,EN,Federal Contract Tower,0,2,9,0,11,0,3,147,0,150,0,5,156,0,161,96,0,96,257
03/31/2022,HFD,CT,ANE,EN,Federal Contract Tower,0,0,1,0,1,0,0,0,0,0,0,0,1,0,1,0,0,0,1
04/01/2022,HFD,CT,ANE,EN,Federal Contract Tower,0,0,8,0,8,0,0,13,0,13,0,0,21,0,21,65,0,65,86
04/02/2022,HFD,CT,ANE,EN,Federal Contract Tower,0,0,6,0,6,0,0,99,0,99,0,0,105,0,105,114,0,114,219
04/03/2022,HFD,CT,ANE,EN,Federal Contract Tower,0,1,4,0,5,0,0,55,0,55,0,1,59,0,60,50,0,50,110
04/04/2022,HFD,CT,ANE,EN,Federal Contract Tower,0,0,15,0,15,0,0,78,0,78,0,0,93,0,93,92,0,92,185
04/05/2022,HFD,CT,ANE,EN,Federal Contract Tower,0,0,13,0,13,0,1,145,0,146,0,1,158,0,159,148,0,148,307
04/06/2022,HFD,CT,ANE,EN,Federal Contract Tower,0,1,3,0,4,0,0,1,0,1,0,1,4,0,5,0,0,0,5
04/07/2022,HFD,CT,ANE,EN,Federal Contract Tower,0,2,5,0,7,0,0,1,0,1,0,2,6,0,8,16,0,16,24
04/08/2022,HFD,CT,ANE,EN,Federal Contract Tower,0,0,12,0,12,0,1,53,0,54,0,1,65,0,66,108,0,108,174
04/09/2022,HFD,CT,ANE,EN,Federal Contract Tower,0,0,9,0,9,0,0,9,0,9,0,0,18,0,18,40,0,40,58
04/10/2022,HFD,CT,ANE,EN,Federal Contract Tower,0,2,10,0,12,0,0,87,0,87,0,2,97,0,99,88,0,88,187
04/11/2022,HFD,CT,ANE,EN,Federal Contract Tower,0,2,11,0,13,0,0,173,0,173,0,2,184,0,186,260,0,260,446
04/12/2022,HFD,CT,ANE,EN,Federal Contract Tower,0,1,11,0,12,0,2,79,0,81,0,3,90,0,93,128,0,128,221
04/13/2022,HFD,CT,ANE,EN,Federal Contract Tower,0,0,6,0,6,0,0,112,0,112,0,0,118,0,118,198,0,198,316
04/14/2022,HFD,CT,ANE,EN,Federal Contract Tower,0,2,3,0,5,0,0,47,0,47,0,2,50,0,52,24,2,26,78
04/15/2022,HFD,CT,ANE,EN,Federal Contract Tower,0,0,9,0,9,0,1,121,0,122,0,1,130,0,131,98,0,98,229
04/16/2022,HFD,CT,ANE,EN,Federal Contract Tower,0,0,4,0,4,0,0,46,0,46,0,0,50,0,50,62,0,62,112
04/17/2022,HFD,CT,ANE,EN,Federal Contract Tower,0,0,3,0,3,0,0,31,0,31,0,0,34,0,34,8,0,8,42
04/18/2022,HFD,CT,ANE,EN,Federal Contract Tower,0,1,1,0,2,0,0,114,0,114,0,1,115,0,116,170,0,170,286
04/19/2022,HFD,CT,ANE,EN,Federal Contract Tower,0,0,6,0,6,0,0,9,0,9,0,0,15,0,15,2,0,2,17
04/20/2022,HFD,CT,ANE,EN,Federal Contract Tower,0,5,6,0,11,0,4,58,0,62,0,9,64,0,73,88,6,94,167
04/21/2022,HFD,CT,ANE,EN,Federal Contract Tower,0,0,8,0,8,0,1,68,0,69,0,1,76,0,77,66,2,68,145
04/22/2022,HFD,CT,ANE,EN,Federal Contract Tower,0,0,6,0,6,0,0,92,0,92,0,0,98,0,98,42,0,42,140
04/23/2022,HFD,CT,ANE,EN,Federal Contract Tower,0,3,5,0,8,0,0,199,0,199,0,3,204,0,207,234,0,234,441
04/24/2022,HFD,CT,ANE,EN,Federal Contract Tower,0,0,9,0,9,0,0,130,0,130,0,0,139,0,139,158,0,158,297
04/25/2022,HFD,CT,ANE,EN,Federal Contract Tower,0,2,6,0,8,0,0,116,0,116,0,2,122,0,124,224,0,224,348
04/26/2022,HFD,CT,ANE,EN,Federal Contract Tower,0,3,16,0,19,0,0,4,0,4,0,3,20,0,23,0,0,0,23
04/27/2022,HFD,CT,ANE,EN,Federal Contract Tower,0,6,5,2,13,0,3,40,0,43,0,9,45,2,56,30,4,34,90
04/28/2022,HFD,CT,ANE,EN,Federal Contract Tower,0,0,1,0,1,0,0,21,0,21,0,0,22,0,22,18,0,18,40
04/29/2022,HFD,CT,ANE,EN,Federal Contract Tower,0,0,8,0,8,0,0,33,0,33,0,0,41,0,41,10,0,10,51
04/30/2022,HFD,CT,ANE,EN,Federal Contract Tower,0,0,12,0,12,0,0,136,0,136,0,0,148,0,148,112,0,112,260
05/01/2022,HFD,CT,ANE,EN,Federal Contract Tower,0,0,6,0,6,0,0,149,0,149,0,0,155,0,155,148,0,148,303
05/02/2022,HFD,CT,ANE,EN,Federal Contract Tower,0,0,5,0,5,0,0,44,0,44,0,0,49,0,49,110,0,110,159
05/03/2022,HFD,CT,ANE,EN,Federal Contract Tower,0,0,24,0,24,0,0,14,0,14,0,0,38,0,38,116,8,124,162
05/04/2022,HFD,CT,ANE,EN,Federal Contract Tower,0,0,8,0,8,0,0,1,0,1,0,0,9,0,9,0,0,0,9
05/05/2022,HFD,CT,ANE,EN,Federal Contract Tower,0,0,4,0,4,0,0,174,0,174,0,0,178,0,178,18,0,18,196
05/06/2022,HFD,CT,ANE,EN,Federal Contract Tower,0,0,9,0,9,0,0,88,0,88,0,0,97,0,97,170,0,170,267
05/07/2022,HFD,CT,ANE,EN,Federal Contract Tower,0,1,5,0,6,0,0,14,0,14,0,1,19,0,20,0,0,0,20
05/08/2022,HFD,CT,ANE,EN,Federal Contract Tower,0,0,6,0,6,0,0,29,0,29,0,0,35,0,35,14,0,14,49
05/09/2022,HFD,CT,ANE,EN,Federal Contract Tower,0,0,2,0,2,0,0,31,0,31,0,0,33,0,33,102,0,102,135
05/10/2022,HFD,CT,ANE,EN,Federal Contract Tower,0,2,4,0,6,0,0,51,0,51,0,2,55,0,57,26,0,26,83
05/11/2022,HFD,CT,ANE,EN,Federal Contract Tower,0,0,4,0,4,0,1,102,0,103,0,1,106,0,107,164,0,164,271
05/12/2022,HFD,CT,ANE,EN,Federal Contract Tower,0,0,8,0,8,0,0,130,0,130,0,0,138,0,138,194,0,194,332
05/13/2022,HFD,CT,ANE,EN,Federal Contract Tower,0,0,10,0,10,0,0,65,0,65,0,0,75,0,75,0,180,180,255
05/14/2022,HFD,CT,ANE,EN,Federal Contract Tower,0,5,13,0,18,0,0,129,0,129,0,5,142,0,147,206,0,206,353
05/15/2022,HFD,CT,ANE,EN,Federal Contract Tower,0,2,12,0,14,0,0,75,0,75,0,2,87,0,89,156,0,156,245
05/16/2022,HFD,CT,ANE,EN,Federal Contract Tower,0,0,3,0,3,0,0,78,0,78,0,0,81,0,81,110,0,110,191
05/17/2022,HFD,CT,ANE,EN,Federal Contract Tower,0,2,0,0,2,0,0,37,0,37,0,2,37,0,39,36,0,36,75
05/18/2022,HFD,CT,ANE,EN,Federal Contract Tower,0,2,4,0,6,0,0,134,0,134,0,2,138,0,140,80,0,80,220
05/19/2022,HFD,CT,ANE,EN,Federal Contract Tower,0,0,13,0,13,0,0,4,0,4,0,0,17,0,17,4,0,4,21
05/20/2022,HFD,CT,ANE,EN,Federal Contract Tower,0,0,7,0,7,0,0,101,0,101,0,0,108,0,108,212,0,212,320
05/21/2022,HFD,CT,ANE,EN,Federal Contract Tower,0,1,9,0,10,0,1,84,0,85,0,2,93,0,95,131,0,131,226
05/22/2022,HFD,CT,ANE,EN,Federal Contract Tower,0,0,3,0,3,0,0,117,2,119,0,0,120,2,122,144,0,144,266
05/23/2022,HFD,CT,ANE,EN,Federal Contract Tower,0,0,6,0,6,0,0,157,0,157,0,0,163,0,163,220,0,220,383
05/24/2022,HFD,CT,ANE,EN,Federal Contract Tower,0,0,4,0,4,0,0,140,0,140,0,0,144,0,144,150,0,150,294
05/25/2022,HFD,CT,ANE,EN,Federal Contract Tower,0,0,6,0,6,0,0,168,0,168,0,0,174,0,174,244,0,244,418
05/26/2022,HFD,CT,ANE,EN,Federal Contract Tower,0,0,10,0,10,0,0,112,0,112,0,0,122,0,122,196,0,196,318
05/27/2022,HFD,CT,ANE,EN,Federal Contract Tower,0,1,21,0,22,0,0,19,0,19,0,1,40,0,41,36,0,36,77
05/28/2022,HFD,CT,ANE,EN,Federal Contract Tower,0,3,9,0,12,0,0,2,0,2,0,3,11,0,14,0,0,0,14
05/29/2022,HFD,CT,ANE,EN,Federal Contract Tower,0,0,8,0,8,0,0,157,0,157,0,0,165,0,165,128,0,128,293
05/30/2022,HFD,CT,ANE,EN,Federal Contract Tower,0,3,12,0,15,0,0,159,0,159,0,3,171,0,174,98,0,98,272
05/31/2022,HFD,CT,ANE,EN,Federal Contract Tower,0,2,6,0,8,0,0,109,0,109,0,2,115,0,117,96,0,96,213
06/01/2022,HFD,CT,ANE,EN,Federal Contract Tower,0,0,8,0,8,0,0,29,0,29,0,0,37,0,37,116,0,116,153
06/02/2022,HFD,CT,ANE,EN,Federal Contract Tower,0,0,17,0,17,0,0,2,2,4,0,0,19,2,21,38,2,40,61
06/03/2022,HFD,CT,ANE,EN,Federal Contract Tower,0,1,15,0,16,0,0,82,0,82,0,1,97,0,98,168,0,168,266
06/04/2022,HFD,CT,ANE,EN,Federal Contract Tower,0,0,13,0,13,0,1,142,0,143,0,1,155,0,156,294,0,294,450
06/05/2022,HFD,CT,ANE,EN,Federal Contract Tower,0,0,10,0,10,0,0,179,0,179,0,0,189,0,189,252,0,252,441
06/06/2022,HFD,CT,ANE,EN,Federal Contract Tower,0,0,4,0,4,0,0,137,0,137,0,0,141,0,141,178,0,178,319
06/07/2022,HFD,CT,ANE,EN,Federal Contract Tower,0,1,7,0,8,0,0,93,0,93,0,1,100,0,101,84,0,84,185
06/08/2022,HFD,CT,ANE,EN,Federal Contract Tower,0,1,5,0,6,0,0,88,0,88,0,1,93,0,94,172,0,172,266
06/09/2022,HFD,CT,ANE,EN,Federal Contract Tower,0,0,10,0,10,0,0,60,0,60,0,0,70,0,70,40,0,40,110
06/10/2022,HFD,CT,ANE,EN,Federal Contract Tower,0,1,2,0,3,0,0,118,0,118,0,1,120,0,121,106,0,106,227
06/11/2022,HFD,CT,ANE,EN,Federal Contract Tower,0,0,13,0,13,0,0,208,0,208,0,0,221,0,221,188,0,188,409
06/12/2022,HFD,CT,ANE,EN,Federal Contract Tower,0,0,11,0,11,0,0,63,0,63,0,0,74,0,74,94,0,94,168
06/13/2022,HFD,CT,ANE,EN,Federal Contract Tower,0,0,11,0,11,0,2,88,4,94,0,2,99,4,105,154,0,154,259
06/14/2022,HFD,CT,ANE,EN,Federal Contract Tower,0,2,10,0,12,0,4,108,0,112,0,6,118,0,124,248,0,248,372
06/15/2022,HFD,CT,ANE,EN,Federal Contract Tower,0,1,10,0,11,0,2,120,0,122,0,3,130,0,133,120,0,120,253
06/16/2022,HFD,CT,ANE,EN,Federal Contract Tower,0,2,17,0,19,0,0,45,0,45,0,2,62,0,64,138,0,138,202
06/17/2022,HFD,CT,ANE,EN,Federal Contract Tower,0,0,25,0,25,0,0,42,0,42,0,0,67,0,67,56,0,56,123
06/18/2022,HFD,CT,ANE,EN,Federal Contract Tower,0,3,5,0,8,0,0,42,2,44,0,3,47,2,52,24,6,30,82
06/19/2022,HFD,CT,ANE,EN,Federal Contract Tower,0,2,10,0,12,0,1,51,0,52,0,3,61,0,64,16,0,16,80
06/20/2022,HFD,CT,ANE,EN,Federal Contract Tower,0,10,7,0,17,0,0,174,0,174,0,10,181,0,191,128,8,136,327
06/21/2022,HFD,CT,ANE,EN,Federal Contract Tower,0,6,15,0,21,0,5,143,0,148,0,11,158,0,169,136,0,136,305
06/22/2022,HFD,CT,ANE,EN,Federal Contract Tower,0,2,18,0,20,0,0,1,0,1,0,2,19,0,21,30,0,30,51
06/23/2022,HFD,CT,ANE,EN,Federal Contract Tower,0,0,13,0,13,0,0,76,3,79,0,0,89,3,92,88,0,88,180
06/24/2022,HFD,CT,ANE,EN,Federal Contract Tower,0,4,16,0,20,0,0,171,0,171,0,4,187,0,191,164,4,168,359
06/25/2022,HFD,CT,ANE,EN,Federal Contract Tower,0,3,12,0,15,0,2,166,0,168,0,5,178,0,183,172,0,172,355
06/26/2022,HFD,CT,ANE,EN,Federal Contract Tower,0,11,11,0,22,0,0,118,0,118,0,11,129,0,140,37,0,37,177
06/27/2022,HFD,CT,ANE,EN,Federal Contract Tower,0,0,12,0,12,0,0,1,0,1,0,0,13,0,13,0,0,0,13
06/28/2022,HFD,CT,ANE,EN,Federal Contract Tower,0,1,6,0,7,0,1,153,0,154,0,2,159,0,161,70,28,98,259
06/29/2022,HFD,CT,ANE,EN,Federal Contract Tower,0,2,13,0,15,0,6,106,0,112,0,8,119,0,127,156,2,158,285
06/30/2022,HFD,CT,ANE,EN,Federal Contract Tower,0,1,11,0,12,0,1,124,0,125,0,2,135,0,137,176,0,176,313
07/01/2022,HFD,CT,ANE,EN,Federal Contract Tower,0,2,8,0,10,0,0,124,0,124,0,2,132,0,134,144,0,144,278
07/02/2022,HFD,CT,ANE,EN,Federal Contract Tower,0,0,7,0,7,0,0,27,0,27,0,0,34,0,34,52,0,52,86
07/03/2022,HFD,CT,ANE,EN,Federal Contract Tower,0,0,5,0,5,0,0,102,0,102,0,0,107,0,107,36,0,36,143
07/04/2022,HFD,CT,ANE,EN,Federal Contract Tower,0,0,6,0,6,0,1,87,0,88,0,1,93,0,94,78,0,78,172
07/05/2022,HFD,CT,ANE,EN,Federal Contract Tower,0,0,12,0,12,0,0,71,0,71,0,0,83,0,83,108,0,108,191
07/06/2022,HFD,CT,ANE,EN,Federal Contract Tower,0,3,15,0,18,0,0,87,0,87,0,3,102,0,105,148,6,154,259
07/07/2022,HFD,CT,ANE,EN,Federal Contract Tower,0,0,15,0,15,0,0,127,0,127,0,0,142,0,142,180,6,186,328
07/08/2022,HFD,CT,ANE,EN,Federal Contract Tower,0,0,6,0,6,0,2,124,0,126,0,2,130,0,132,162,0,162,294
07/09/2022,HFD,CT,ANE,EN,Federal Contract Tower,0,0,5,0,5,0,2,123,0,125,0,2,128,0,130,162,0,162,292
07/10/2022,HFD,CT,ANE,EN,Federal Contract Tower,0,0,6,0,6,0,1,139,0,140,0,1,145,0,146,156,0,156,302
07/11/2022,HFD,CT,ANE,EN,Federal Contract Tower,0,0,1,0,1,0,3,117,0,120,0,3,118,0,121,88,0,88,209
07/12/2022,HFD,CT,ANE,EN,Federal Contract Tower,0,0,4,0,4,0,1,30,0,31,0,1,34,0,35,16,0,16,51
07/13/2022,HFD,CT,ANE,EN,Federal Contract Tower,0,4,17,0,21,0,1,130,2,133,0,5,147,2,154,142,8,150,304
07/14/2022,HFD,CT,ANE,EN,Federal Contract Tower,0,0,18,0,18,0,0,68,0,68,0,0,86,0,86,64,0,64,150
07/15/2022,HFD,CT,ANE,EN,Federal Contract Tower,0,0,7,0,7,0,0,179,0,179,0,0,186,0,186,170,0,170,356
07/16/2022,HFD,CT,ANE,EN,Federal Contract Tower,0,0,3,0,3,0,0,101,0,101,0,0,104,0,104,182,0,182,286
07/17/2022,HFD,CT,ANE,EN,Federal Contract Tower,0,0,16,0,16,0,0,102,0,102,0,0,118,0,118,105,0,105,223
07/18/2022,HFD,CT,ANE,EN,Federal Contract Tower,0,0,4,0,4,0,0,0,0,0,0,0,4,0,4,0,0,0,4
07/19/2022,HFD,CT,ANE,EN,Federal Contract Tower,0,0,3,0,3,0,0,90,0,90,0,0,93,0,93,80,0,80,173
07/20/2022,HFD,CT,ANE,EN,Federal Contract Tower,0,0,11,0,11,0,1,83,0,84,0,1,94,0,95,120,0,120,215
07/21/2022,HFD,CT,ANE,EN,Federal Contract Tower,0,0,2,0,2,0,0,32,0,32,0,0,34,0,34,10,2,12,46
07/22/2022,HFD,CT,ANE,EN,Federal Contract Tower,0,0,9,0,9,0,1,129,0,130,0,1,138,0,139,166,0,166,305
07/23/2022,HFD,CT,ANE,EN,Federal Contract Tower,0,0,10,0,10,0,0,127,0,127,0,0,137,0,137,78,0,78,215
07/24/2022,HFD,CT,ANE,EN,Federal Contract Tower,0,1,8,0,9,0,0,76,0,76,0,1,84,0,85,64,0,64,149
07/25/2022,HFD,CT,ANE,EN,Federal Contract Tower,0,0,8,0,8,0,0,32,0,32,0,0,40,0,40,24,0,24,64
07/26/2022,HFD,CT,ANE,EN,Federal Contract Tower,0,2,10,0,12,0,1,100,0,101,0,3,110,0,113,152,0,152,265
07/27/2022,HFD,CT,ANE,EN,Federal Contract Tower,0,0,5,0,5,0,3,134,0,137,0,3,139,0,142,112,0,112,254
07/28/2022,HFD,CT,ANE,EN,Federal Contract Tower,0,0,13,0,13,0,0,22,0,22,0,0,35,0,35,108,0,108,143
07/29/2022,HFD,CT,ANE,EN,Federal Contract Tower,0,0,8,0,8,0,0,116,0,116,0,0,124,0,124,204,0,204,328
07/30/2022,HFD,CT,ANE,EN,Federal Contract Tower,0,0,5,0,5,0,0,94,0,94,0,0,99,0,99,42,0,42,141
07/31/2022,HFD,CT,ANE,EN,Federal Contract Tower,0,1,6,0,7,0,0,145,0,145,0,1,151,0,152,140,0,140,292
08/01/2022,HFD,CT,ANE,EN,Federal Contract Tower,0,0,10,0,10,0,0,76,0,76,0,0,86,0,86,271,0,271,357
08/02/2022,HFD,CT,ANE,EN,Federal Contract Tower,0,0,5,0,5,0,2,67,1,70,0,2,72,1,75,84,0,84,159
08/03/2022,HFD,CT,ANE,EN,Federal Contract Tower,0,0,5,0,5,0,2,148,0,150,0,2,153,0,155,146,0,146,301
08/04/2022,HFD,CT,ANE,EN,Federal Contract Tower,0,1,7,0,8,0,1,114,0,115,0,2,121,0,123,201,0,201,324
08/05/2022,HFD,CT,ANE,EN,Federal Contract Tower,0,0,5,0,5,0,0,82,0,82,0,0,87,0,87,222,0,222,309
08/06/2022,HFD,CT,ANE,EN,Federal Contract Tower,0,0,10,0,10,0,0,110,0,110,0,0,120,0,120,102,0,102,222
08/07/2022,HFD,CT,ANE,EN,Federal Contract Tower,0,0,10,0,10,0,0,67,0,67,0,0,77,0,77,106,0,106,183
08/08/2022,HFD,CT,ANE,EN,Federal Contract Tower,0,1,6,0,7,0,0,81,0,81,0,1,87,0,88,50,0,50,138
08/09/2022,HFD,CT,ANE,EN,Federal Contract Tower,0,1,7,1,9,0,0,56,0,56,0,1,63,1,65,84,0,84,149
08/10/2022,HFD,CT,ANE,EN,Federal Contract Tower,0,0,9,0,9,0,2,104,0,106,0,2,113,0,115,172,0,172,287
08/11/2022,HFD,CT,ANE,EN,Federal Contract Tower,0,1,14,2,17,0,0,90,0,90,0,1,104,2,107,0,0,0,107
08/12/2022,HFD,CT,ANE,EN,Federal Contract Tower,0,1,11,0,12,0,14,140,0,154,0,15,151,0,166,184,0,184,350
08/13/2022,HFD,CT,ANE,EN,Federal Contract Tower,0,2,18,0,20,0,0,168,0,168,0,2,186,0,188,154,0,154,342
08/14/2022,HFD,CT,ANE,EN,Federal Contract Tower,0,0,18,0,18,0,0,140,0,140,0,0,158,0,158,182,0,182,340
08/15/2022,HFD,CT,ANE,EN,Federal Contract Tower,0,2,4,2,8,0,1,141,0,142,0,3,145,2,150,168,0,168,318
08/16/2022,HFD,CT,ANE,EN,Federal Contract Tower,0,0,10,0,10,0,0,107,0,107,0,0,117,0,117,110,0,110,227
08/17/2022,HFD,CT,ANE,EN,Federal Contract Tower,0,0,8,1,9,0,0,66,1,67,0,0,74,2,76,256,0,256,332
08/18/2022,HFD,CT,ANE,EN,Federal Contract Tower,0,0,13,0,13,0,0,90,0,90,0,0,103,0,103,42,0,42,145
08/19/2022,HFD,CT,ANE,EN,Federal Contract Tower,0,0,8,0,8,0,0,0,0,0,0,0,8,0,8,98,0,98,106
08/20/2022,HFD,CT,ANE,EN,Federal Contract Tower,0,0,9,0,9,0,0,134,0,134,0,0,143,0,143,202,0,202,345
08/21/2022,HFD,CT,ANE,EN,Federal Contract Tower,0,0,11,0,11,0,0,94,0,94,0,0,105,0,105,54,0,54,159
08/22/2022,HFD,CT,ANE,EN,Federal Contract Tower,0,2,10,0,12,0,0,10,0,10,0,2,20,0,22,32,0,32,54
08/23/2022,HFD,CT,ANE,EN,Federal Contract Tower,0,5,9,0,14,0,0,1,0,1,0,5,10,0,15,0,0,0,15
08/24/2022,HFD,CT,ANE,EN,Federal Contract Tower,0,2,10,0,12,0,0,108,0,108,0,2,118,0,120,138,0,138,258
08/25/2022,HFD,CT,ANE,EN,Federal Contract Tower,0,0,9,3,12,0,0,152,0,152,0,0,161,3,164,302,0,302,466
08/26/2022,HFD,CT,ANE,EN,Federal Contract Tower,0,0,5,0,5,0,1,55,0,56,0,1,60,0,61,86,0,86,147
08/27/2022,HFD,CT,ANE,EN,Federal Contract Tower,0,0,11,0,11,0,1,119,0,120,0,1,130,0,131,122,0,122,253
08/28/2022,HFD,CT,ANE,EN,Federal Contract Tower,0,2,22,0,24,0,0,81,0,81,0,2,103,0,105,76,0,76,181
08/29/2022,HFD,CT,ANE,EN,Federal Contract Tower,0,0,21,0,21,0,0,59,0,59,0,0,80,0,80,101,0,101,181
08/30/2022,HFD,CT,ANE,EN,Federal Contract Tower,0,0,16,0,16,0,0,35,0,35,0,0,51,0,51,104,0,104,155
08/31/2022,HFD,CT,ANE,EN,Federal Contract Tower,0,2,18,0,20,0,0,89,0,89,0,2,107,0,109,94,0,94,203
09/01/2022,HFD,CT,ANE,EN,Federal Contract Tower,0,1,9,0,10,0,0,96,0,96,0,1,105,0,106,90,0,90,196
09/02/2022,HFD,CT,ANE,EN,Federal Contract Tower,0,0,10,0,10,0,0,179,0,179,0,0,189,0,189,249,0,249,438
09/03/2022,HFD,CT,ANE,EN,Federal Contract Tower,0,1,10,0,11,0,0,104,0,104,0,1,114,0,115,38,0,38,153
09/04/2022,HFD,CT,ANE,EN,Federal Contract Tower,0,1,10,0,11,0,0,89,0,89,0,1,99,0,100,188,0,188,288
09/05/2022,HFD,CT,ANE,EN,Federal Contract Tower,0,2,7,0,9,0,0,0,0,0,0,2,7,0,9,0,0,0,9
09/06/2022,HFD,CT,ANE,EN,Federal Contract Tower,0,2,9,0,11,0,0,0,0,0,0,2,9,0,11,0,0,0,11
09/07/2022,HFD,CT,ANE,EN,Federal Contract Tower,0,0,22,0,22,0,0,52,0,52,0,0,74,0,74,78,2,80,154
09/08/2022,HFD,CT,ANE,EN,Federal Contract Tower,0,0,10,0,10,0,0,129,0,129,0,0,139,0,139,150,0,150,289
09/09/2022,HFD,CT,ANE,EN,Federal Contract Tower,0,2,10,0,12,0,1,155,0,156,0,3,165,0,168,146,0,146,314
09/10/2022,HFD,CT,ANE,EN,Federal Contract Tower,0,1,12,0,13,0,0,120,0,120,0,1,132,0,133,134,2,136,269
09/11/2022,HFD,CT,ANE,EN,Federal Contract Tower,0,0,6,0,6,0,0,80,0,80,0,0,86,0,86,138,0,138,224
09/12/2022,HFD,CT,ANE,EN,Federal Contract Tower,0,0,12,2,14,0,0,20,0,20,0,0,32,2,34,20,0,20,54
09/13/2022,HFD,CT,ANE,EN,Federal Contract Tower,0,0,3,0,3,0,0,6,0,6,0,0,9,0,9,20,0,20,29
09/14/2022,HFD,CT,ANE,EN,Federal Contract Tower,0,0,2,0,2,0,6,118,0,124,0,6,120,0,126,78,0,78,204
09/15/2022,HFD,CT,ANE,EN,Federal Contract Tower,0,0,8,0,8,0,0,148,0,148,0,0,156,0,156,68,0,68,224
09/16/2022,HFD,CT,ANE,EN,Federal Contract Tower,0,2,11,0,13,0,0,138,0,138,0,2,149,0,151,164,0,164,315
09/17/2022,HFD,CT,ANE,EN,Federal Contract Tower,0,4,6,0,10,0,0,108,0,108,0,4,114,0,118,160,0,160,278
09/18/2022,HFD,CT,ANE,EN,Federal Contract Tower,0,0,12,0,12,0,0,115,0,115,0,0,127,0,127,140,0,140,267
09/19/2022,HFD,CT,ANE,EN,Federal Contract Tower,0,0,4,0,4,0,0,63,0,63,0,0,67,0,67,74,0,74,141
09/20/2022,HFD,CT,ANE,EN,Federal Contract Tower,0,1,10,0,11,0,0,59,0,59,0,1,69,0,70,84,0,84,154
09/21/2022,HFD,CT,ANE,EN,Federal Contract Tower,0,0,20,0,20,0,3,100,0,103,0,3,120,0,123,108,0,108,231
09/22/2022,HFD,CT,ANE,EN,Federal Contract Tower,0,0,12,0,12,0,2,8,0,10,0,2,20,0,22,12,0,12,34
09/23/2022,HFD,CT,ANE,EN,Federal Contract Tower,0,1,6,0,7,0,1,59,0,60,0,2,65,0,67,30,0,30,97
09/24/2022,HFD,CT,ANE,EN,Federal Contract Tower,0,1,11,0,12,0,1,126,0,127,0,2,137,0,139,126,0,126,265
09/25/2022,HFD,CT,ANE,EN,Federal Contract Tower,0,2,11,0,13,0,0,95,0,95,0,2,106,0,108,94,0,94,202
09/26/2022,HFD,CT,ANE,EN,Federal Contract Tower,0,0,14,0,14,0,2,66,0,68,0,2,80,0,82,66,0,66,148
09/27/2022,HFD,CT,ANE,EN,Federal Contract Tower,0,2,11,0,13,0,0,130,0,130,0,2,141,0,143,98,0,98,241
09/29/2022,HFD,CT,ANE,EN,Federal Contract Tower,0,0,13,0,13,0,3,104,0,107,0,3,117,0,120,172,2,174,294
09/30/2022,HFD,CT,ANE,EN,Federal Contract Tower,0,0,12,0,12,0,0,144,0,144,0,0,156,0,156,190,0,190,346
10/01/2022,HFD,CT,ANE,EN,Federal Contract Tower,0,0,7,0,7,0,0,3,0,3,0,0,10,0,10,0,0,0,10
10/02/2022,HFD,CT,ANE,EN,Federal Contract Tower,0,0,5,0,5,0,0,12,0,12,0,0,17,0,17,6,0,6,23
10/03/2022,HFD,CT,ANE,EN,Federal Contract Tower,0,0,6,0,6,0,0,66,0,66,0,0,72,0,72,101,0,101,173
10/04/2022,HFD,CT,ANE,EN,Federal Contract Tower,0,0,9,0,9,0,0,7,0,7,0,0,16,0,16,0,0,0,16
10/05/2022,HFD,CT,ANE,EN,Federal Contract Tower,0,0,24,0,24,0,0,2,0,2,0,0,26,0,26,2,0,2,28
10/06/2022,HFD,CT,ANE,EN,Federal Contract Tower,0,2,14,0,16,0,1,169,0,170,0,3,183,0,186,24,4,28,214
10/07/2022,HFD,CT,ANE,EN,Federal Contract Tower,0,0,9,0,9,2,2,160,0,164,2,2,169,0,173,157,0,157,330
10/08/2022,HFD,CT,ANE,EN,Federal Contract Tower,4,0,9,0,13,0,6,137,0,143,4,6,146,0,156,72,0,72,228
10/09/2022,HFD,CT,ANE,EN,Federal Contract Tower,0,0,6,0,6,0,0,99,0,99,0,0,105,0,105,119,0,119,224
10/10/2022,HFD,CT,ANE,EN,Federal Contract Tower,0,0,6,0,6,0,0,125,0,125,0,0,131,0,131,182,0,182,313
10/11/2022,HFD,CT,ANE,EN,Federal Contract Tower,0,0,6,0,6,0,0,127,0,127,0,0,133,0,133,91,0,91,224
10/12/2022,HFD,CT,ANE,EN,Federal Contract Tower,0,2,18,0,20,0,0,134,2,136,0,2,152,2,156,140,0,140,296
10/13/2022,HFD,CT,ANE,EN,Federal Contract Tower,0,0,9,0,9,0,0,0,0,0,0,0,9,0,9,0,0,0,9
10/14/2022,HFD,CT,ANE,EN,Federal Contract Tower,0,2,18,0,20,0,0,45,0,45,0,2,63,0,65,26,0,26,91
10/15/2022,HFD,CT,ANE,EN,Federal Contract Tower,0,5,8,0,13,0,7,127,0,134,0,12,135,0,147,112,0,112,259
10/16/2022,HFD,CT,ANE,EN,Federal Contract Tower,0,0,8,0,8,0,0,119,0,119,0,0,127,0,127,110,0,110,237
10/17/2022,HFD,CT,ANE,EN,Federal Contract Tower,0,2,8,0,10,0,0,15,0,15,0,2,23,0,25,40,0,40,65
10/18/2022,HFD,CT,ANE,EN,Federal Contract Tower,0,0,2,0,2,0,10,67,2,79,0,10,69,2,81,163,4,167,248
10/19/2022,HFD,CT,ANE,EN,Federal Contract Tower,0,0,10,0,10,0,0,99,0,99,0,0,109,0,109,72,0,72,181
10/20/2022,HFD,CT,ANE,EN,Federal Contract Tower,0,0,6,0,6,0,0,90,0,90,0,0,96,0,96,145,0,145,241
10/21/2022,HFD,CT,ANE,EN,Federal Contract Tower,0,0,9,0,9,0,0,165,0,165,0,0,174,0,174,176,0,176,350
10/22/2022,HFD,CT,ANE,EN,Federal Contract Tower,0,1,6,0,7,0,0,157,0,157,0,1,163,0,164,236,0,236,400
10/23/2022,HFD,CT,ANE,EN,Federal Contract Tower,0,0,8,0,8,0,0,68,0,68,0,0,76,0,76,168,0,168,244
10/24/2022,HFD,CT,ANE,EN,Federal Contract Tower,0,0,5,0,5,0,0,0,0,0,0,0,5,0,5,0,0,0,5
10/25/2022,HFD,CT,ANE,EN,Federal Contract Tower,0,0,2,0,2,0,0,1,0,1,0,0,3,0,3,0,0,0,3
10/26/2022,HFD,CT,ANE,EN,Federal Contract Tower,0,2,6,0,8,0,0,1,0,1,0,2,7,0,9,0,0,0,9
10/27/2022,HFD,CT,ANE,EN,Federal Contract Tower,0,0,4,0,4,0,0,118,0,118,0,0,122,0,122,139,0,139,261
10/28/2022,HFD,CT,ANE,EN,Federal Contract Tower,0,3,6,0,9,0,2,150,0,152,0,5,156,0,161,232,0,232,393
10/29/2022,HFD,CT,ANE,EN,Federal Contract Tower,0,0,7,0,7,0,0,144,0,144,0,0,151,0,151,66,0,66,217
10/30/2022,HFD,CT,ANE,EN,Federal Contract Tower,0,0,4,0,4,0,0,166,0,166,0,0,170,0,170,164,0,164,334
10/31/2022,HFD,CT,ANE,EN,Federal Contract Tower,0,0,8,0,8,0,0,83,0,83,0,0,91,0,91,222,0,222,313
11/01/2022,HFD,CT,ANE,EN,Federal Contract Tower,0,0,22,0,22,0,0,12,0,12,0,0,34,0,34,16,0,16,50
11/02/2022,HFD,CT,ANE,EN,Federal Contract Tower,0,0,7,0,7,0,2,110,0,112,0,2,117,0,119,158,0,158,277
11/03/2022,HFD,CT,ANE,EN,Federal Contract Tower,0,0,13,0,13,0,0,135,0,135,0,0,148,0,148,203,0,203,351
11/04/2022,HFD,CT,ANE,EN,Federal Contract Tower,0,5,15,0,20,0,6,111,0,117,0,11,126,0,137,48,0,48,185
11/05/2022,HFD,CT,ANE,EN,Federal Contract Tower,0,0,17,0,17,0,2,80,0,82,0,2,97,0,99,76,0,76,175
11/06/2022,HFD,CT,ANE,EN,Federal Contract Tower,0,1,12,0,13,0,0,64,0,64,0,1,76,0,77,58,0,58,135
11/07/2022,HFD,CT,ANE,EN,Federal Contract Tower,0,1,7,0,8,0,11,103,0,114,0,12,110,0,122,190,0,190,312
11/08/2022,HFD,CT,ANE,EN,Federal Contract Tower,0,2,7,0,9,0,4,57,0,61,0,6,64,0,70,74,0,74,144
11/09/2022,HFD,CT,ANE,EN,Federal Contract Tower,0,3,7,0,10,0,7,126,4,137,0,10,133,4,147,174,8,182,329
11/10/2022,HFD,CT,ANE,EN,Federal Contract Tower,0,4,13,0,17,0,0,98,0,98,0,4,111,0,115,118,0,118,233
11/11/2022,HFD,CT,ANE,EN,Federal Contract Tower,0,1,9,0,10,0,0,17,0,17,0,1,26,0,27,66,0,66,93
11/12/2022,HFD,CT,ANE,EN,Federal Contract Tower,0,5,2,0,7,0,2,35,0,37,0,7,37,0,44,18,0,18,62
11/13/2022,HFD,CT,ANE,EN,Federal Contract Tower,0,0,7,0,7,0,0,41,0,41,0,0,48,0,48,38,0,38,86
11/14/2022,HFD,CT,ANE,EN,Federal Contract Tower,0,0,2,0,2,0,0,83,0,83,0,0,85,0,85,66,0,66,151
11/15/2022,HFD,CT,ANE,EN,Federal Contract Tower,0,0,6,0,6,0,0,82,1,83,0,0,88,1,89,216,0,216,305
11/16/2022,HFD,CT,ANE,EN,Federal Contract Tower,0,0,9,0,9,0,0,12,0,12,0,0,21,0,21,36,0,36,57
11/17/2022,HFD,CT,ANE,EN,Federal Contract Tower,0,0,10,0,10,0,0,67,0,67,0,0,77,0,77,64,0,64,141
11/18/2022,HFD,CT,ANE,EN,Federal Contract Tower,0,2,12,0,14,0,8,102,0,110,0,10,114,0,124,128,0,128,252
11/19/2022,HFD,CT,ANE,EN,Federal Contract Tower,0,2,7,0,9,0,4,129,0,133,0,6,136,0,142,218,0,218,360
11/20/2022,HFD,CT,ANE,EN,Federal Contract Tower,0,4,7,0,11,0,0,34,0,34,0,4,41,0,45,0,0,0,45
11/21/2022,HFD,CT,ANE,EN,Federal Contract Tower,0,0,5,0,5,0,0,113,0,113,0,0,118,0,118,120,0,120,238
11/22/2022,HFD,CT,ANE,EN,Federal Contract Tower,0,0,7,0,7,0,0,86,0,86,0,0,93,0,93,126,2,128,221
11/23/2022,HFD,CT,ANE,EN,Federal Contract Tower,0,0,5,0,5,0,0,116,0,116,0,0,121,0,121,156,0,156,277
11/24/2022,HFD,CT,ANE,EN,Federal Contract Tower,0,0,2,0,2,0,1,35,0,36,0,1,37,0,38,12,0,12,50
11/25/2022,HFD,CT,ANE,EN,Federal Contract Tower,0,0,5,0,5,0,0,0,0,0,0,0,5,0,5,10,0,10,15
11/26/2022,HFD,CT,ANE,EN,Federal Contract Tower,0,0,5,0,5,0,0,91,0,91,0,0,96,0,96,66,0,66,162
11/27/2022,HFD,CT,ANE,EN,Federal Contract Tower,0,2,3,0,5,0,0,52,0,52,0,2,55,0,57,128,0,128,185
11/28/2022,HFD,CT,ANE,EN,Federal Contract Tower,0,5,3,0,8,0,2,28,0,30,0,7,31,0,38,22,0,22,60
11/29/2022,HFD,CT,ANE,EN,Federal Contract Tower,0,2,4,0,6,0,3,71,0,74,0,5,75,0,80,165,2,167,247
11/30/2022,HFD,CT,ANE,EN,Federal Contract Tower,0,0,2,0,2,0,0,4,0,4,0,0,6,0,6,32,0,32,38
12/01/2022,HFD,CT,ANE,EN,Federal Contract Tower,0,1,3,0,4,0,4,19,0,23,0,5,22,0,27,6,0,6,33
12/02/2022,HFD,CT,ANE,EN,Federal Contract Tower,0,2,18,0,20,0,0,131,0,131,0,2,149,0,151,234,0,234,385
12/03/2022,HFD,CT,ANE,EN,Federal Contract Tower,0,0,4,0,4,0,0,0,0,0,0,0,4,0,4,10,0,10,14
12/04/2022,HFD,CT,ANE,EN,Federal Contract Tower,0,1,10,0,11,0,2,105,0,107,0,3,115,0,118,102,0,102,220
12/05/2022,HFD,CT,ANE,EN,Federal Contract Tower,0,0,7,0,7,0,1,90,0,91,0,1,97,0,98,150,0,150,248
12/06/2022,HFD,CT,ANE,EN,Federal Contract Tower,0,1,7,0,8,0,0,17,0,17,0,1,24,0,25,86,2,88,113
12/07/2022,HFD,CT,ANE,EN,Federal Contract Tower,0,0,1,0,1,0,0,0,0,0,0,0,1,0,1,0,0,0,1
12/08/2022,HFD,CT,ANE,EN,Federal Contract Tower,0,0,3,0,3,0,7,85,0,92,0,7,88,0,95,239,0,239,334
12/09/2022,HFD,CT,ANE,EN,Federal Contract Tower,0,0,3,0,3,0,17,128,0,145,0,17,131,0,148,184,0,184,332
12/10/2022,HFD,CT,ANE,EN,Federal Contract Tower,0,0,7,0,7,0,5,79,2,86,0,5,86,2,93,178,0,178,271
12/11/2022,HFD,CT,ANE,EN,Federal Contract Tower,0,0,0,0,0,0,2,54,0,56,0,2,54,0,56,26,0,26,82
12/12/2022,HFD,CT,ANE,EN,Federal Contract Tower,0,0,4,0,4,0,0,31,0,31,0,0,35,0,35,32,0,32,67
12/13/2022,HFD,CT,ANE,EN,Federal Contract Tower,0,0,3,0,3,0,0,65,0,65,0,0,68,0,68,164,0,164,232
12/14/2022,HFD,CT,ANE,EN,Federal Contract Tower,0,2,5,0,7,0,4,18,0,22,0,6,23,0,29,38,0,38,67
12/15/2022,HFD,CT,ANE,EN,Federal Contract Tower,0,0,2,0,2,0,0,4,0,4,0,0,6,0,6,157,0,157,163
12/16/2022,HFD,CT,ANE,EN,Federal Contract Tower,0,0,2,0,2,0,0,0,0,0,0,0,2,0,2,0,0,0,2
12/17/2022,HFD,CT,ANE,EN,Federal Contract Tower,0,0,1,0,1,0,0,30,0,30,0,0,31,0,31,22,0,22,53
12/18/2022,HFD,CT,ANE,EN,Federal Contract Tower,0,0,11,0,11,0,4,93,0,97,0,4,104,0,108,120,0,120,228
12/19/2022,HFD,CT,ANE,EN,Federal Contract Tower,0,0,10,0,10,0,0,84,0,84,0,0,94,0,94,114,0,114,208
12/20/2022,HFD,CT,ANE,EN,Federal Contract Tower,0,2,6,0,8,0,2,84,0,86,0,4,90,0,94,176,0,176,270
12/21/2022,HFD,CT,ANE,EN,Federal Contract Tower,0,0,9,0,9,0,4,109,0,113,0,4,118,0,122,134,0,134,256
12/22/2022,HFD,CT,ANE,EN,Federal Contract Tower,0,0,0,0,0,0,0,32,0,32,0,0,32,0,32,106,0,106,138
12/23/2022,HFD,CT,ANE,EN,Federal Contract Tower,0,2,0,0,2,0,0,0,0,0,0,2,0,0,2,0,0,0,2
12/24/2022,HFD,CT,ANE,EN,Federal Contract Tower,0,0,2,0,2,0,0,12,0,12,0,0,14,0,14,0,0,0,14
12/25/2022,HFD,CT,ANE,EN,Federal Contract Tower,0,0,0,0,0,0,0,1,0,1,0,0,1,0,1,0,0,0,1
12/26/2022,HFD,CT,ANE,EN,Federal Contract Tower,0,0,6,0,6,0,0,91,0,91,0,0,97,0,97,86,0,86,183
12/27/2022,HFD,CT,ANE,EN,Federal Contract Tower,0,1,8,0,9,0,0,59,0,59,0,1,67,0,68,107,0,107,175
12/28/2022,HFD,CT,ANE,EN,Federal Contract Tower,0,0,2,0,2,0,2,61,0,63,0,2,63,0,65,36,0,36,101
12/29/2022,HFD,CT,ANE,EN,Federal Contract Tower,0,1,8,0,9,0,9,101,0,110,0,10,109,0,119,70,0,70,189
12/30/2022,HFD,CT,ANE,EN,Federal Contract Tower,0,0,8,0,8,0,2,105,0,107,0,2,113,0,115,248,0,248,363
12/31/2022,HFD,CT,ANE,EN,Federal Contract Tower,0,0,7,0,7,0,0,0,0,0,0,0,7,0,7,0,0,0,7
01/01/2023,HFD,CT,ANE,EN,Federal Contract Tower,0,0,0,0,0,0,0,11,0,11,0,0,11,0,11,0,0,0,11
01/02/2023,HFD,CT,ANE,EN,Federal Contract Tower,0,0,4,0,4,0,0,130,0,130,0,0,134,0,134,181,0,181,315
01/03/2023,HFD,CT,ANE,EN,Federal Contract Tower,0,0,0,0,0,0,0,0,0,0,0,0,0,0,0,0,0,0,0
01/04/2023,HFD,CT,ANE,EN,Federal Contract Tower,0,2,2,0,4,0,0,0,0,0,0,2,2,0,4,0,0,0,4
01/05/2023,HFD,CT,ANE,EN,Federal Contract Tower,0,0,3,0,3,0,0,1,0,1,0,0,4,0,4,0,0,0,4
01/06/2023,HFD,CT,ANE,EN,Federal Contract Tower,0,2,2,0,4,0,0,0,0,0,0,2,2,0,4,0,0,0,4
01/07/2023,HFD,CT,ANE,EN,Federal Contract Tower,0,0,1,0,1,0,2,105,0,107,0,2,106,0,108,130,0,130,238
01/08/2023,HFD,CT,ANE,EN,Federal Contract Tower,0,0,5,4,9,0,0,122,0,122,0,0,127,4,131,201,0,201,332
01/09/2023,HFD,CT,ANE,EN,Federal Contract Tower,0,1,8,0,9,0,0,90,0,90,0,1,98,0,99,153,0,153,252
01/10/2023,HFD,CT,ANE,EN,Federal Contract Tower,0,0,5,0,5,0,0,52,0,52,0,0,57,0,57,198,0,198,255
01/11/2023,HFD,CT,ANE,EN,Federal Contract Tower,0,2,10,0,12,0,0,75,0,75,0,2,85,0,87,214,0,214,301
01/12/2023,HFD,CT,ANE,EN,Federal Contract Tower,0,1,0,0,1,0,0,0,0,0,0,1,0,0,1,0,0,0,1
01/13/2023,HFD,CT,ANE,EN,Federal Contract Tower,0,4,7,0,11,0,0,0,0,0,0,4,7,0,11,0,0,0,11
01/14/2023,HFD,CT,ANE,EN,Federal Contract Tower,0,0,3,0,3,0,0,8,0,8,0,0,11,0,11,90,0,90,101
01/15/2023,HFD,CT,ANE,EN,Federal Contract Tower,0,0,2,0,2,0,2,25,0,27,0,2,27,0,29,20,0,20,49
01/16/2023,HFD,CT,ANE,EN,Federal Contract Tower,0,0,8,0,8,0,0,58,0,58,0,0,66,0,66,135,0,135,201
01/17/2023,HFD,CT,ANE,EN,Federal Contract Tower,0,0,8,0,8,0,0,63,0,63,0,0,71,0,71,207,0,207,278
01/18/2023,HFD,CT,ANE,EN,Federal Contract Tower,0,0,12,0,12,0,2,45,4,51,0,2,57,4,63,52,18,70,133
01/19/2023,HFD,CT,ANE,EN,Federal Contract Tower,0,0,5,0,5,0,0,25,0,25,0,0,30,0,30,134,0,134,164
01/20/2023,HFD,CT,ANE,EN,Federal Contract Tower,0,0,4,0,4,0,0,2,0,2,0,0,6,0,6,0,0,0,6
01/21/2023,HFD,CT,ANE,EN,Federal Contract Tower,0,0,1,0,1,0,4,86,0,90,0,4,87,0,91,228,0,228,319
01/22/2023,HFD,CT,ANE,EN,Federal Contract Tower,0,0,2,0,2,0,0,39,0,39,0,0,41,0,41,228,0,228,269
01/23/2023,HFD,CT,ANE,EN,Federal Contract Tower,0,0,4,0,4,0,0,1,0,1,0,0,5,0,5,0,0,0,5
01/24/2023,HFD,CT,ANE,EN,Federal Contract Tower,0,0,5,0,5,0,0,56,0,56,0,0,61,0,61,68,0,68,129
01/25/2023,HFD,CT,ANE,EN,Federal Contract Tower,0,0,2,0,2,0,0,18,0,18,0,0,20,0,20,84,0,84,104
01/26/2023,HFD,CT,ANE,EN,Federal Contract Tower,0,1,8,0,9,0,0,16,0,16,0,1,24,0,25,0,0,0,25
01/27/2023,HFD,CT,ANE,EN,Federal Contract Tower,0,1,6,0,7,0,4,100,0,104,0,5,106,0,111,252,0,252,363
01/28/2023,HFD,CT,ANE,EN,Federal Contract Tower,0,0,8,0,8,0,2,63,0,65,0,2,71,0,73,122,0,122,195
01/29/2023,HFD,CT,ANE,EN,Federal Contract Tower,0,0,8,0,8,0,0,103,0,103,0,0,111,0,111,148,0,148,259
01/30/2023,HFD,CT,ANE,EN,Federal Contract Tower,0,0,6,0,6,0,0,107,0,107,0,0,113,0,113,162,0,162,275
01/31/2023,HFD,CT,ANE,EN,Federal Contract Tower,0,0,1,0,1,0,1,43,0,44,0,1,44,0,45,116,0,116,161
02/01/2023,HFD,CT,ANE,EN,Federal Contract Tower,0,1,4,0,5,0,0,95,0,95,0,1,99,0,100,124,0,124,224
02/02/2023,HFD,CT,ANE,EN,Federal Contract Tower,0,0,3,0,3,0,1,70,0,71,0,1,73,0,74,152,0,152,226
02/03/2023,HFD,CT,ANE,EN,Federal Contract Tower,0,0,2,0,2,0,5,2,0,7,0,5,4,0,9,0,0,0,9
02/04/2023,HFD,CT,ANE,EN,Federal Contract Tower,0,0,2,0,2,0,0,14,0,14,0,0,16,0,16,58,0,58,74
02/05/2023,HFD,CT,ANE,EN,Federal Contract Tower,0,2,3,0,5,0,0,73,0,73,0,2,76,0,78,122,0,122,200
02/06/2023,HFD,CT,ANE,EN,Federal Contract Tower,0,0,1,0,1,0,0,16,0,16,0,0,17,0,17,0,0,0,17
02/07/2023,HFD,CT,ANE,EN,Federal Contract Tower,0,3,4,0,7,0,1,121,0,122,0,4,125,0,129,220,0,220,349
02/08/2023,HFD,CT,ANE,EN,Federal Contract Tower,0,0,0,0,0,0,0,19,0,19,0,0,19,0,19,24,0,24,43
02/09/2023,HFD,CT,ANE,EN,Federal Contract Tower,0,0,4,0,4,0,0,42,0,42,0,0,46,0,46,210,8,218,264
02/10/2023,HFD,CT,ANE,EN,Federal Contract Tower,0,0,2,0,2,0,2,1,0,3,0,2,3,0,5,0,0,0,5
02/11/2023,HFD,CT,ANE,EN,Federal Contract Tower,0,1,3,0,4,0,0,52,0,52,0,1,55,0,56,94,0,94,150
02/12/2023,HFD,CT,ANE,EN,Federal Contract Tower,0,0,0,0,0,0,0,11,0,11,0,0,11,0,11,52,0,52,63
02/13/2023,HFD,CT,ANE,EN,Federal Contract Tower,0,0,1,0,1,0,0,17,0,17,0,0,18,0,18,12,0,12,30
02/14/2023,HFD,CT,ANE,EN,Federal Contract Tower,0,1,1,0,2,0,0,9,0,9,0,1,10,0,11,12,0,12,23
02/15/2023,HFD,CT,ANE,EN,Federal Contract Tower,0,0,8,0,8,0,1,35,0,36,0,1,43,0,44,84,0,84,128
02/16/2023,HFD,CT,ANE,EN,Federal Contract Tower,0,0,0,0,0,0,0,0,0,0,0,0,0,0,0,0,0,0,0
02/17/2023,HFD,CT,ANE,EN,Federal Contract Tower,0,1,7,0,8,0,0,0,0,0,0,1,7,0,8,0,0,0,8
02/18/2023,HFD,CT,ANE,EN,Federal Contract Tower,0,0,2,0,2,0,1,20,0,21,0,1,22,0,23,6,0,6,29
02/19/2023,HFD,CT,ANE,EN,Federal Contract Tower,0,0,3,0,3,0,0,128,0,128,0,0,131,0,131,230,0,230,361
02/20/2023,HFD,CT,ANE,EN,Federal Contract Tower,0,0,2,0,2,0,0,10,0,10,0,0,12,0,12,12,0,12,24
02/21/2023,HFD,CT,ANE,EN,Federal Contract Tower,0,0,4,0,4,0,0,0,0,0,0,0,4,0,4,0,0,0,4
02/22/2023,HFD,CT,ANE,EN,Federal Contract Tower,0,0,0,0,0,0,0,5,0,5,0,0,5,0,5,0,0,0,5
02/23/2023,HFD,CT,ANE,EN,Federal Contract Tower,0,2,0,0,2,0,0,0,0,0,0,2,0,0,2,0,0,0,2
02/24/2023,HFD,CT,ANE,EN,Federal Contract Tower,0,1,1,0,2,0,0,2,0,2,0,1,3,0,4,0,0,0,4
02/25/2023,HFD,CT,ANE,EN,Federal Contract Tower,0,3,4,0,7,0,0,24,0,24,0,3,28,0,31,68,0,68,99
02/26/2023,HFD,CT,ANE,EN,Federal Contract Tower,0,0,8,0,8,0,2,21,0,23,0,2,29,0,31,66,0,66,97
02/27/2023,HFD,CT,ANE,EN,Federal Contract Tower,0,0,6,0,6,0,0,141,0,141,0,0,147,0,147,313,0,313,460
02/28/2023,HFD,CT,ANE,EN,Federal Contract Tower,0,0,0,0,0,0,0,0,0,0,0,0,0,0,0,0,0,0,0
03/01/2023,HFD,CT,ANE,EN,Federal Contract Tower,0,1,1,0,2,0,5,55,9,69,0,6,56,9,71,210,0,210,281
03/02/2023,HFD,CT,ANE,EN,Federal Contract Tower,0,0,1,0,1,0,0,7,0,7,0,0,8,0,8,38,0,38,46
03/03/2023,HFD,CT,ANE,EN,Federal Contract Tower,0,0,9,0,9,0,8,103,2,113,0,8,112,2,122,233,0,233,355
03/04/2023,HFD,CT,ANE,EN,Federal Contract Tower,0,0,0,0,0,0,0,2,0,2,0,0,2,0,2,0,0,0,2
03/05/2023,HFD,CT,ANE,EN,Federal Contract Tower,0,0,10,0,10,0,0,91,0,91,0,0,101,0,101,178,0,178,279
03/06/2023,HFD,CT,ANE,EN,Federal Contract Tower,0,0,4,0,4,0,0,64,0,64,0,0,68,0,68,90,0,90,158
03/07/2023,HFD,CT,ANE,EN,Federal Contract Tower,0,1,1,0,2,0,0,21,0,21,0,1,22,0,23,64,0,64,87
03/08/2023,HFD,CT,ANE,EN,Federal Contract Tower,0,0,7,0,7,0,0,45,0,45,0,0,52,0,52,72,0,72,124
03/09/2023,HFD,CT,ANE,EN,Federal Contract Tower,0,0,3,0,3,0,0,88,0,88,0,0,91,0,91,170,0,170,261
03/10/2023,HFD,CT,ANE,EN,Federal Contract Tower,0,2,3,0,5,0,0,146,0,146,0,2,149,0,151,362,0,362,513
03/11/2023,HFD,CT,ANE,EN,Federal Contract Tower,0,2,4,0,6,0,0,3,0,3,0,2,7,0,9,0,0,0,9
03/12/2023,HFD,CT,ANE,EN,Federal Contract Tower,0,1,15,0,16,0,0,121,0,121,0,1,136,0,137,207,0,207,344
03/13/2023,HFD,CT,ANE,EN,Federal Contract Tower,0,0,0,0,0,0,0,24,0,24,0,0,24,0,24,186,0,186,210
03/14/2023,HFD,CT,ANE,EN,Federal Contract Tower,0,0,0,0,0,0,0,0,0,0,0,0,0,0,0,0,0,0,0
03/15/2023,HFD,CT,ANE,EN,Federal Contract Tower,0,0,1,0,1,0,0,6,0,6,0,0,7,0,7,0,0,0,7
03/16/2023,HFD,CT,ANE,EN,Federal Contract Tower,0,5,4,0,9,0,7,130,0,137,0,12,134,0,146,110,0,110,256
03/17/2023,HFD,CT,ANE,EN,Federal Contract Tower,0,2,12,0,14,0,31,89,0,120,0,33,101,0,134,264,0,264,398
03/18/2023,HFD,CT,ANE,EN,Federal Contract Tower,0,0,8,0,8,0,12,65,9,86,0,12,73,9,94,120,2,122,216
03/19/2023,HFD,CT,ANE,EN,Federal Contract Tower,0,0,4,0,4,0,4,11,0,15,0,4,15,0,19,74,0,74,93
03/20/2023,HFD,CT,ANE,EN,Federal Contract Tower,0,4,3,0,7,0,43,114,0,157,0,47,117,0,164,256,0,256,420
03/21/2023,HFD,CT,ANE,EN,Federal Contract Tower,0,0,4,0,4,0,2,90,0,92,0,2,94,0,96,186,0,186,282
03/22/2023,HFD,CT,ANE,EN,Federal Contract Tower,0,2,3,0,5,0,3,130,0,133,0,5,133,0,138,206,0,206,344
03/23/2023,HFD,CT,ANE,EN,Federal Contract Tower,0,0,6,2,8,0,1,4,0,5,0,1,10,2,13,10,0,10,23
03/24/2023,HFD,CT,ANE,EN,Federal Contract Tower,0,0,4,0,4,0,19,78,0,97,0,19,82,0,101,212,0,212,313
03/25/2023,HFD,CT,ANE,EN,Federal Contract Tower,0,0,1,0,1,0,1,4,0,5,0,1,5,0,6,74,0,74,80
03/26/2023,HFD,CT,ANE,EN,Federal Contract Tower,0,0,6,1,7,0,0,43,0,43,0,0,49,1,50,152,0,152,202
03/27/2023,HFD,CT,ANE,EN,Federal Contract Tower,0,0,2,0,2,0,0,90,0,90,0,0,92,0,92,228,0,228,320
03/28/2023,HFD,CT,ANE,EN,Federal Contract Tower,0,0,1,0,1,0,0,29,0,29,0,0,30,0,30,80,0,80,110
03/29/2023,HFD,CT,ANE,EN,Federal Contract Tower,0,1,10,0,11,0,2,138,0,140,0,3,148,0,151,218,0,218,369
03/30/2023,HFD,CT,ANE,EN,Federal Contract Tower,0,5,3,0,8,0,12,35,0,47,0,17,38,0,55,53,0,53,108
03/31/2023,HFD,CT,ANE,EN,Federal Contract Tower,0,0,6,0,6,0,5,72,0,77,0,5,78,0,83,176,0,176,259
04/01/2023,HFD,CT,ANE,EN,Federal Contract Tower,0,0,1,0,1,0,0,4,0,4,0,0,5,0,5,0,0,0,5
04/02/2023,HFD,CT,ANE,EN,Federal Contract Tower,0,5,2,0,7,0,2,29,0,31,0,7,31,0,38,32,0,32,70
04/03/2023,HFD,CT,ANE,EN,Federal Contract Tower,0,0,3,0,3,0,16,38,0,54,0,16,41,0,57,26,0,26,83
04/04/2023,HFD,CT,ANE,EN,Federal Contract Tower,0,5,2,0,7,0,0,106,2,108,0,5,108,2,115,1,0,1,116
04/05/2023,HFD,CT,ANE,EN,Federal Contract Tower,0,0,9,0,9,0,0,4,0,4,0,0,13,0,13,92,0,92,105
04/06/2023,HFD,CT,ANE,EN,Federal Contract Tower,0,2,7,0,9,0,0,31,0,31,0,2,38,0,40,68,0,68,108
04/07/2023,HFD,CT,ANE,EN,Federal Contract Tower,0,0,3,0,3,0,0,60,0,60,0,0,63,0,63,42,0,42,105
04/08/2023,HFD,CT,ANE,EN,Federal Contract Tower,0,3,1,0,4,0,4,133,0,137,0,7,134,0,141,182,0,182,323
04/09/2023,HFD,CT,ANE,EN,Federal Contract Tower,0,2,3,0,5,0,2,91,0,93,0,4,94,0,98,136,0,136,234
04/10/2023,HFD,CT,ANE,EN,Federal Contract Tower,0,3,3,0,6,0,4,124,0,128,0,7,127,0,134,322,0,322,456
04/11/2023,HFD,CT,ANE,EN,Federal Contract Tower,0,8,4,0,12,0,1,49,0,50,0,9,53,0,62,124,0,124,186
04/12/2023,HFD,CT,ANE,EN,Federal Contract Tower,0,0,2,0,2,0,0,36,0,36,0,0,38,0,38,22,0,22,60
04/13/2023,HFD,CT,ANE,EN,Federal Contract Tower,0,5,9,0,14,0,6,97,0,103,0,11,106,0,117,256,0,256,373
04/14/2023,HFD,CT,ANE,EN,Federal Contract Tower,0,4,4,0,8,0,18,144,0,162,0,22,148,0,170,280,0,280,450
04/15/2023,HFD,CT,ANE,EN,Federal Contract Tower,0,1,20,0,21,0,4,62,0,66,0,5,82,0,87,196,0,196,283
04/16/2023,HFD,CT,ANE,EN,Federal Contract Tower,0,0,39,0,39,0,0,3,0,3,0,0,42,0,42,0,0,0,42
04/17/2023,HFD,CT,ANE,EN,Federal Contract Tower,0,2,6,0,8,0,0,6,0,6,0,2,12,0,14,66,4,70,84
04/19/2023,HFD,CT,ANE,EN,Federal Contract Tower,0,1,9,0,10,0,6,102,0,108,0,7,111,0,118,124,2,126,244
04/20/2023,HFD,CT,ANE,EN,Federal Contract Tower,0,6,5,0,11,0,8,134,0,142,0,14,139,0,153,324,0,324,477
04/21/2023,HFD,CT,ANE,EN,Federal Contract Tower,0,0,7,0,7,0,9,118,0,127,0,9,125,0,134,212,0,212,346
04/22/2023,HFD,CT,ANE,EN,Federal Contract Tower,0,1,12,0,13,0,0,1,0,1,0,1,13,0,14,44,0,44,58
04/23/2023,HFD,CT,ANE,EN,Federal Contract Tower,0,1,7,0,8,0,0,0,0,0,0,1,7,0,8,0,0,0,8
04/24/2023,HFD,CT,ANE,EN,Federal Contract Tower,0,3,13,0,16,0,6,76,0,82,0,9,89,0,98,248,0,248,346
04/25/2023,HFD,CT,ANE,EN,Federal Contract Tower,0,2,4,0,6,0,8,86,0,94,0,10,90,0,100,264,0,264,364
04/26/2023,HFD,CT,ANE,EN,Federal Contract Tower,0,5,20,0,25,0,5,99,0,104,0,10,119,0,129,94,0,94,223
04/27/2023,HFD,CT,ANE,EN,Federal Contract Tower,0,8,14,0,22,0,2,32,2,36,0,10,46,2,58,91,0,91,149
04/28/2023,HFD,CT,ANE,EN,Federal Contract Tower,0,4,7,2,13,0,4,89,1,94,0,8,96,3,107,186,0,186,293
04/29/2023,HFD,CT,ANE,EN,Federal Contract Tower,0,3,6,0,9,0,5,7,0,12,0,8,13,0,21,60,0,60,81
04/30/2023,HFD,CT,ANE,EN,Federal Contract Tower,0,0,11,0,11,0,0,0,0,0,0,0,11,0,11,0,0,0,11
05/01/2023,HFD,CT,ANE,EN,Federal Contract Tower,0,2,6,0,8,0,6,42,0,48,0,8,48,0,56,84,0,84,140
05/02/2023,HFD,CT,ANE,EN,Federal Contract Tower,0,2,7,0,9,0,4,10,0,14,0,6,17,0,23,38,0,38,61
05/03/2023,HFD,CT,ANE,EN,Federal Contract Tower,0,1,4,0,5,0,4,68,0,72,0,5,72,0,77,237,0,237,314
05/04/2023,HFD,CT,ANE,EN,Federal Contract Tower,0,0,7,0,7,0,5,38,0,43,0,5,45,0,50,196,0,196,246
05/05/2023,HFD,CT,ANE,EN,Federal Contract Tower,0,3,9,0,12,0,15,69,0,84,0,18,78,0,96,244,0,244,340
05/06/2023,HFD,CT,ANE,EN,Federal Contract Tower,0,2,4,0,6,0,39,127,0,166,0,41,131,0,172,130,0,130,302
05/07/2023,HFD,CT,ANE,EN,Federal Contract Tower,0,2,7,0,9,0,45,101,0,146,0,47,108,0,155,254,0,254,409
05/08/2023,HFD,CT,ANE,EN,Federal Contract Tower,0,3,8,0,11,0,26,90,0,116,0,29,98,0,127,104,0,104,231
05/09/2023,HFD,CT,ANE,EN,Federal Contract Tower,0,1,10,0,11,0,13,102,0,115,0,14,112,0,126,220,0,220,346
05/10/2023,HFD,CT,ANE,EN,Federal Contract Tower,0,0,2,0,2,0,8,104,0,112,0,8,106,0,114,209,0,209,323
05/11/2023,HFD,CT,ANE,EN,Federal Contract Tower,0,4,7,0,11,0,31,115,0,146,0,35,122,0,157,165,0,165,322
05/12/2023,HFD,CT,ANE,EN,Federal Contract Tower,0,0,4,2,6,0,28,124,0,152,0,28,128,2,158,134,0,134,292
05/13/2023,HFD,CT,ANE,EN,Federal Contract Tower,0,3,10,0,13,0,28,59,0,87,0,31,69,0,100,98,0,98,198
05/14/2023,HFD,CT,ANE,EN,Federal Contract Tower,0,2,2,0,4,0,17,81,0,98,0,19,83,0,102,81,0,81,183
05/15/2023,HFD,CT,ANE,EN,Federal Contract Tower,0,3,3,0,6,0,16,79,0,95,0,19,82,0,101,214,0,214,315
05/16/2023,HFD,CT,ANE,EN,Federal Contract Tower,0,3,5,0,8,0,13,46,0,59,0,16,51,0,67,56,0,56,123
05/17/2023,HFD,CT,ANE,EN,Federal Contract Tower,0,3,4,0,7,0,0,22,0,22,0,3,26,0,29,36,0,36,65
05/18/2023,HFD,CT,ANE,EN,Federal Contract Tower,0,6,5,0,11,0,12,141,0,153,0,18,146,0,164,324,0,324,488
05/19/2023,HFD,CT,ANE,EN,Federal Contract Tower,0,5,5,0,10,0,20,81,0,101,0,25,86,0,111,242,0,242,353
05/20/2023,HFD,CT,ANE,EN,Federal Contract Tower,0,0,4,0,4,0,0,0,0,0,0,0,4,0,4,40,0,40,44
05/21/2023,HFD,CT,ANE,EN,Federal Contract Tower,0,0,11,0,11,0,17,63,2,82,0,17,74,2,93,192,0,192,285
05/22/2023,HFD,CT,ANE,EN,Federal Contract Tower,0,4,9,0,13,0,26,93,0,119,0,30,102,0,132,250,0,250,382
05/23/2023,HFD,CT,ANE,EN,Federal Contract Tower,0,4,8,0,12,0,17,102,0,119,0,21,110,0,131,242,0,242,373
05/24/2023,HFD,CT,ANE,EN,Federal Contract Tower,0,10,5,0,15,0,15,72,0,87,0,25,77,0,102,212,0,212,314
05/25/2023,HFD,CT,ANE,EN,Federal Contract Tower,0,5,1,0,6,0,33,83,0,116,0,38,84,0,122,198,0,198,320
05/26/2023,HFD,CT,ANE,EN,Federal Contract Tower,0,6,5,0,11,0,30,118,0,148,0,36,123,0,159,172,0,172,331
05/27/2023,HFD,CT,ANE,EN,Federal Contract Tower,0,0,6,0,6,0,27,133,0,160,0,27,139,0,166,246,0,246,412
05/28/2023,HFD,CT,ANE,EN,Federal Contract Tower,0,5,0,0,5,0,31,98,0,129,0,36,98,0,134,208,0,208,342
05/29/2023,HFD,CT,ANE,EN,Federal Contract Tower,0,2,5,0,7,0,17,38,2,57,0,19,43,2,64,82,0,82,146
05/30/2023,HFD,CT,ANE,EN,Federal Contract Tower,0,4,4,0,8,0,16,106,0,122,0,20,110,0,130,132,0,132,262
05/31/2023,HFD,CT,ANE,EN,Federal Contract Tower,0,2,8,0,10,0,9,90,0,99,0,11,98,0,109,244,0,244,353
06/01/2023,HFD,CT,ANE,EN,Federal Contract Tower,0,2,2,0,4,0,47,161,0,208,0,49,163,0,212,342,0,342,554
06/02/2023,HFD,CT,ANE,EN,Federal Contract Tower,0,0,7,0,7,0,16,84,0,100,0,16,91,0,107,254,2,256,363
06/03/2023,HFD,CT,ANE,EN,Federal Contract Tower,0,4,10,0,14,0,0,2,0,2,0,4,12,0,16,6,2,8,24
06/04/2023,HFD,CT,ANE,EN,Federal Contract Tower,0,0,8,0,8,0,9,40,0,49,0,9,48,0,57,130,0,130,187
06/05/2023,HFD,CT,ANE,EN,Federal Contract Tower,0,4,11,0,15,0,14,43,0,57,0,18,54,0,72,150,0,150,222
06/06/2023,HFD,CT,ANE,EN,Federal Contract Tower,0,0,18,0,18,0,3,17,0,20,0,3,35,0,38,76,0,76,114
06/07/2023,HFD,CT,ANE,EN,Federal Contract Tower,0,2,14,0,16,0,2,0,0,2,0,4,14,0,18,10,0,10,28
06/08/2023,HFD,CT,ANE,EN,Federal Contract Tower,0,5,12,0,17,0,4,10,0,14,0,9,22,0,31,38,0,38,69
06/09/2023,HFD,CT,ANE,EN,Federal Contract Tower,0,0,9,0,9,0,28,52,0,80,0,28,61,0,89,162,0,162,251
06/10/2023,HFD,CT,ANE,EN,Federal Contract Tower,0,11,13,0,24,0,44,201,0,245,0,55,214,0,269,106,0,106,375
06/11/2023,HFD,CT,ANE,EN,Federal Contract Tower,0,2,7,0,9,0,22,130,0,152,0,24,137,0,161,327,0,327,488
06/12/2023,HFD,CT,ANE,EN,Federal Contract Tower,0,0,5,0,5,0,11,46,0,57,0,11,51,0,62,206,0,206,268
06/13/2023,HFD,CT,ANE,EN,Federal Contract Tower,0,4,10,0,14,0,7,30,0,37,0,11,40,0,51,124,0,124,175
06/14/2023,HFD,CT,ANE,EN,Federal Contract Tower,0,2,2,0,4,0,8,48,0,56,0,10,50,0,60,71,0,71,131
06/15/2023,HFD,CT,ANE,EN,Federal Contract Tower,0,7,8,0,15,0,38,120,0,158,0,45,128,0,173,257,0,257,430
06/16/2023,HFD,CT,ANE,EN,Federal Contract Tower,0,1,9,2,12,0,13,54,0,67,0,14,63,2,79,132,0,132,211
06/17/2023,HFD,CT,ANE,EN,Federal Contract Tower,0,0,7,0,7,0,4,15,0,19,0,4,22,0,26,28,0,28,54
06/18/2023,HFD,CT,ANE,EN,Federal Contract Tower,0,0,8,0,8,0,11,71,0,82,0,11,79,0,90,169,0,169,259
06/19/2023,HFD,CT,ANE,EN,Federal Contract Tower,0,3,10,0,13,0,30,117,0,147,0,33,127,0,160,312,0,312,472
06/20/2023,HFD,CT,ANE,EN,Federal Contract Tower,0,3,7,0,10,0,9,56,0,65,0,12,63,0,75,225,0,225,300
06/21/2023,HFD,CT,ANE,EN,Federal Contract Tower,0,1,12,0,13,0,16,140,0,156,0,17,152,0,169,242,0,242,411
06/22/2023,HFD,CT,ANE,EN,Federal Contract Tower,0,6,10,0,16,0,17,61,0,78,0,23,71,0,94,204,0,204,298
06/23/2023,HFD,CT,ANE,EN,Federal Contract Tower,0,5,8,0,13,0,9,34,0,43,0,14,42,0,56,166,0,166,222
06/24/2023,HFD,CT,ANE,EN,Federal Contract Tower,0,4,9,0,13,0,0,4,0,4,0,4,13,0,17,0,0,0,17
06/25/2023,HFD,CT,ANE,EN,Federal Contract Tower,0,11,14,0,25,0,11,31,0,42,0,22,45,0,67,59,0,59,126
06/26/2023,HFD,CT,ANE,EN,Federal Contract Tower,0,0,8,0,8,0,2,18,0,20,0,2,26,0,28,160,0,160,188
06/27/2023,HFD,CT,ANE,EN,Federal Contract Tower,0,4,4,0,8,0,2,7,0,9,0,6,11,0,17,130,0,130,147
06/28/2023,HFD,CT,ANE,EN,Federal Contract Tower,0,5,5,0,10,0,3,0,0,3,0,8,5,0,13,6,0,6,19
06/29/2023,HFD,CT,ANE,EN,Federal Contract Tower,0,2,12,0,14,0,32,129,0,161,0,34,141,0,175,206,0,206,381
06/30/2023,HFD,CT,ANE,EN,Federal Contract Tower,0,2,20,0,22,0,5,43,0,48,0,7,63,0,70,126,0,126,196
07/01/2023,HFD,CT,ANE,EN,Federal Contract Tower,0,2,14,0,16,0,4,27,0,31,0,6,41,0,47,38,0,38,85
07/02/2023,HFD,CT,ANE,EN,Federal Contract Tower,0,0,5,0,5,0,0,0,0,0,0,0,5,0,5,0,0,0,5
07/03/2023,HFD,CT,ANE,EN,Federal Contract Tower,0,1,9,0,10,0,20,27,0,47,0,21,36,0,57,214,0,214,271
07/04/2023,HFD,CT,ANE,EN,Federal Contract Tower,0,0,6,0,6,0,0,1,0,1,0,0,7,0,7,0,0,0,7
07/05/2023,HFD,CT,ANE,EN,Federal Contract Tower,0,1,5,0,6,0,28,131,0,159,0,29,136,0,165,195,0,195,360
07/06/2023,HFD,CT,ANE,EN,Federal Contract Tower,0,5,5,0,10,0,26,132,0,158,0,31,137,0,168,351,0,351,519
07/07/2023,HFD,CT,ANE,EN,Federal Contract Tower,0,2,13,0,15,0,23,114,0,137,0,25,127,0,152,332,0,332,484
07/08/2023,HFD,CT,ANE,EN,Federal Contract Tower,0,3,15,0,18,0,15,58,0,73,0,18,73,0,91,274,0,274,365
07/09/2023,HFD,CT,ANE,EN,Federal Contract Tower,0,0,11,0,11,0,6,15,0,21,0,6,26,0,32,128,0,128,160
07/10/2023,HFD,CT,ANE,EN,Federal Contract Tower,0,1,6,0,7,0,0,10,0,10,0,1,16,0,17,85,0,85,102
07/11/2023,HFD,CT,ANE,EN,Federal Contract Tower,0,1,6,0,7,0,19,121,0,140,0,20,127,0,147,138,0,138,285
07/12/2023,HFD,CT,ANE,EN,Federal Contract Tower,0,0,6,0,6,0,12,139,0,151,0,12,145,0,157,342,0,342,499
07/13/2023,HFD,CT,ANE,EN,Federal Contract Tower,0,2,3,0,5,0,25,114,0,139,0,27,117,0,144,294,0,294,438
07/14/2023,HFD,CT,ANE,EN,Federal Contract Tower,0,2,4,0,6,0,8,30,0,38,0,10,34,0,44,82,0,82,126
07/15/2023,HFD,CT,ANE,EN,Federal Contract Tower,0,2,11,0,13,0,20,63,0,83,0,22,74,0,96,294,0,294,390
07/16/2023,HFD,CT,ANE,EN,Federal Contract Tower,0,0,4,0,4,0,0,0,0,0,0,0,4,0,4,0,0,0,4
07/17/2023,HFD,CT,ANE,EN,Federal Contract Tower,0,4,8,0,12,0,8,84,0,92,0,12,92,0,104,249,0,249,353
07/18/2023,HFD,CT,ANE,EN,Federal Contract Tower,0,3,12,0,15,0,4,11,0,15,0,7,23,0,30,38,0,38,68
07/19/2023,HFD,CT,ANE,EN,Federal Contract Tower,0,10,14,0,24,0,24,161,0,185,0,34,175,0,209,348,0,348,557
07/20/2023,HFD,CT,ANE,EN,Federal Contract Tower,0,3,7,0,10,0,37,163,0,200,0,40,170,0,210,279,0,279,489
07/21/2023,HFD,CT,ANE,EN,Federal Contract Tower,0,0,11,0,11,0,0,2,0,2,0,0,13,0,13,0,0,0,13
07/22/2023,HFD,CT,ANE,EN,Federal Contract Tower,0,4,7,0,11,0,19,125,0,144,0,23,132,0,155,194,10,204,359
07/23/2023,HFD,CT,ANE,EN,Federal Contract Tower,0,1,4,0,5,0,25,208,0,233,0,26,212,0,238,226,0,226,464
07/24/2023,HFD,CT,ANE,EN,Federal Contract Tower,0,0,6,0,6,0,15,115,0,130,0,15,121,0,136,248,0,248,384
07/25/2023,HFD,CT,ANE,EN,Federal Contract Tower,0,0,6,3,9,0,2,68,1,71,0,2,74,4,80,138,22,160,240
07/26/2023,HFD,CT,ANE,EN,Federal Contract Tower,0,0,4,0,4,0,23,123,0,146,0,23,127,0,150,254,0,254,404
07/27/2023,HFD,CT,ANE,EN,Federal Contract Tower,0,0,2,0,2,0,9,7,0,16,0,9,9,0,18,26,0,26,44
07/28/2023,HFD,CT,ANE,EN,Federal Contract Tower,0,0,3,0,3,0,42,173,0,215,0,42,176,0,218,266,0,266,484
07/29/2023,HFD,CT,ANE,EN,Federal Contract Tower,0,2,2,0,4,0,8,38,0,46,0,10,40,0,50,64,0,64,114
07/30/2023,HFD,CT,ANE,EN,Federal Contract Tower,0,3,12,0,15,0,18,143,0,161,0,21,155,0,176,168,0,168,344
07/31/2023,HFD,CT,ANE,EN,Federal Contract Tower,0,2,10,0,12,0,43,122,0,165,0,45,132,0,177,278,0,278,455
08/01/2023,HFD,CT,ANE,EN,Federal Contract Tower,0,9,4,0,13,0,9,163,0,172,0,18,167,0,185,98,0,98,283
08/02/2023,HFD,CT,ANE,EN,Federal Contract Tower,0,8,9,0,17,0,20,134,0,154,0,28,143,0,171,212,0,212,383
08/04/2023,HFD,CT,ANE,EN,Federal Contract Tower,0,3,6,0,9,0,2,21,0,23,0,5,27,0,32,236,0,236,268
08/05/2023,HFD,CT,ANE,EN,Federal Contract Tower,0,2,9,0,11,0,14,138,0,152,0,16,147,0,163,218,0,218,381
08/06/2023,HFD,CT,ANE,EN,Federal Contract Tower,0,1,8,0,9,0,19,182,0,201,0,20,190,0,210,206,0,206,416
08/07/2023,HFD,CT,ANE,EN,Federal Contract Tower,0,0,10,0,10,0,0,0,0,0,0,0,10,0,10,0,0,0,10
08/08/2023,HFD,CT,ANE,EN,Federal Contract Tower,0,1,5,0,6,0,7,21,2,30,0,8,26,2,36,142,0,142,178
08/09/2023,HFD,CT,ANE,EN,Federal Contract Tower,0,2,3,0,5,0,10,57,0,67,0,12,60,0,72,62,0,62,134
08/10/2023,HFD,CT,ANE,EN,Federal Contract Tower,0,2,9,0,11,0,22,67,0,89,0,24,76,0,100,128,0,128,228
08/11/2023,HFD,CT,ANE,EN,Federal Contract Tower,0,2,15,0,17,0,8,94,0,102,0,10,109,0,119,190,0,190,309
08/12/2023,HFD,CT,ANE,EN,Federal Contract Tower,0,3,6,0,9,0,24,113,0,137,0,27,119,0,146,228,5,233,379
08/13/2023,HFD,CT,ANE,EN,Federal Contract Tower,0,8,8,0,16,0,10,111,0,121,0,18,119,0,137,142,0,142,279
08/14/2023,HFD,CT,ANE,EN,Federal Contract Tower,0,2,7,0,9,0,18,100,0,118,0,20,107,0,127,211,0,211,338
08/15/2023,HFD,CT,ANE,EN,Federal Contract Tower,0,5,19,0,24,0,0,0,0,0,0,5,19,0,24,0,0,0,24
08/16/2023,HFD,CT,ANE,EN,Federal Contract Tower,0,6,20,0,26,0,3,18,0,21,0,9,38,0,47,134,0,134,181
08/17/2023,HFD,CT,ANE,EN,Federal Contract Tower,0,2,22,0,24,0,2,6,0,8,0,4,28,0,32,44,0,44,76
08/18/2023,HFD,CT,ANE,EN,Federal Contract Tower,0,6,10,0,16,0,7,32,0,39,0,13,42,0,55,102,0,102,157
08/19/2023,HFD,CT,ANE,EN,Federal Contract Tower,0,4,3,0,7,0,12,134,0,146,0,16,137,0,153,202,0,202,355
08/20/2023,HFD,CT,ANE,EN,Federal Contract Tower,0,2,1,0,3,0,22,128,0,150,0,24,129,0,153,206,0,206,359
08/21/2023,HFD,CT,ANE,EN,Federal Contract Tower,0,3,11,0,14,0,8,91,0,99,0,11,102,0,113,136,0,136,249
08/22/2023,HFD,CT,ANE,EN,Federal Contract Tower,0,0,6,0,6,0,27,106,0,133,0,27,112,0,139,214,0,214,353
08/23/2023,HFD,CT,ANE,EN,Federal Contract Tower,0,0,8,0,8,0,26,172,0,198,0,26,180,0,206,344,0,344,550
08/24/2023,HFD,CT,ANE,EN,Federal Contract Tower,0,6,8,0,14,0,15,52,0,67,0,21,60,0,81,122,0,122,203
08/25/2023,HFD,CT,ANE,EN,Federal Contract Tower,0,0,18,0,18,0,0,0,0,0,0,0,18,0,18,0,0,0,18
08/26/2023,HFD,CT,ANE,EN,Federal Contract Tower,0,6,5,0,11,0,13,76,0,89,0,19,81,0,100,104,0,104,204
08/27/2023,HFD,CT,ANE,EN,Federal Contract Tower,0,5,10,0,15,0,10,104,0,114,0,15,114,0,129,156,0,156,285
08/28/2023,HFD,CT,ANE,EN,Federal Contract Tower,0,7,19,0,26,0,13,38,0,51,0,20,57,0,77,184,0,184,261
08/29/2023,HFD,CT,ANE,EN,Federal Contract Tower,0,4,9,0,13,0,5,45,0,50,0,9,54,0,63,196,0,196,259
08/30/2023,HFD,CT,ANE,EN,Federal Contract Tower,0,2,16,2,20,0,8,30,0,38,0,10,46,2,58,62,0,62,120
08/31/2023,HFD,CT,ANE,EN,Federal Contract Tower,0,1,10,0,11,0,14,108,0,122,0,15,118,0,133,42,0,42,175
