01/01/2020,RNM,CA,AWP,WE,Federal Contract Tower,0,0,1,0,1,0,0,108,0,108,0,0,109,0,109,44,0,44,153
01/02/2020,RNM,CA,AWP,WE,Federal Contract Tower,0,0,4,0,4,0,0,156,0,156,0,0,160,0,160,162,0,162,322
01/03/2020,RNM,CA,AWP,WE,Federal Contract Tower,0,0,1,0,1,0,0,168,0,168,0,0,169,0,169,164,1,165,334
01/04/2020,RNM,CA,AWP,WE,Federal Contract Tower,0,0,3,0,3,0,0,162,0,162,0,0,165,0,165,187,0,187,352
01/05/2020,RNM,CA,AWP,WE,Federal Contract Tower,0,0,2,0,2,0,0,154,0,154,0,0,156,0,156,154,0,154,310
01/06/2020,RNM,CA,AWP,WE,Federal Contract Tower,0,0,2,0,2,0,0,47,0,47,0,0,49,0,49,52,0,52,101
01/07/2020,RNM,CA,AWP,WE,Federal Contract Tower,0,0,2,0,2,0,0,182,4,186,0,0,184,4,188,332,4,336,524
01/08/2020,RNM,CA,AWP,WE,Federal Contract Tower,0,0,21,2,23,0,0,63,0,63,0,0,84,2,86,292,0,292,378
01/09/2020,RNM,CA,AWP,WE,Federal Contract Tower,0,0,6,0,6,0,0,13,0,13,0,0,19,0,19,134,0,134,153
01/10/2020,RNM,CA,AWP,WE,Federal Contract Tower,0,0,7,0,7,0,0,211,0,211,0,0,218,0,218,324,0,324,542
01/11/2020,RNM,CA,AWP,WE,Federal Contract Tower,0,1,2,0,3,0,0,191,0,191,0,1,193,0,194,108,0,108,302
01/12/2020,RNM,CA,AWP,WE,Federal Contract Tower,0,0,6,0,6,0,0,157,0,157,0,0,163,0,163,198,0,198,361
01/13/2020,RNM,CA,AWP,WE,Federal Contract Tower,0,0,5,0,5,0,0,171,2,173,0,0,176,2,178,416,0,416,594
01/14/2020,RNM,CA,AWP,WE,Federal Contract Tower,0,0,10,0,10,0,0,165,2,167,0,0,175,2,177,396,0,396,573
01/15/2020,RNM,CA,AWP,WE,Federal Contract Tower,0,0,0,0,0,0,0,199,2,201,0,0,199,2,201,434,2,436,637
01/16/2020,RNM,CA,AWP,WE,Federal Contract Tower,0,2,14,0,16,0,77,0,0,77,0,79,14,0,93,172,4,176,269
01/17/2020,RNM,CA,AWP,WE,Federal Contract Tower,0,2,19,0,21,0,0,50,0,50,0,2,69,0,71,36,0,36,107
01/18/2020,RNM,CA,AWP,WE,Federal Contract Tower,0,0,4,0,4,0,0,210,0,210,0,0,214,0,214,208,0,208,422
01/19/2020,RNM,CA,AWP,WE,Federal Contract Tower,0,0,4,0,4,0,0,152,0,152,0,0,156,0,156,196,0,196,352
01/20/2020,RNM,CA,AWP,WE,Federal Contract Tower,0,0,8,0,8,0,0,180,0,180,0,0,188,0,188,234,0,234,422
01/21/2020,RNM,CA,AWP,WE,Federal Contract Tower,0,0,18,0,18,0,0,7,0,7,0,0,25,0,25,108,0,108,133
01/22/2020,RNM,CA,AWP,WE,Federal Contract Tower,0,0,5,0,5,0,0,171,0,171,0,0,176,0,176,404,0,404,580
01/23/2020,RNM,CA,AWP,WE,Federal Contract Tower,0,0,6,0,6,0,0,229,0,229,0,0,235,0,235,494,0,494,729
01/24/2020,RNM,CA,AWP,WE,Federal Contract Tower,0,0,8,0,8,0,0,201,0,201,0,0,209,0,209,454,0,454,663
01/25/2020,RNM,CA,AWP,WE,Federal Contract Tower,0,0,6,2,8,0,0,167,1,168,0,0,173,3,176,312,0,312,488
01/26/2020,RNM,CA,AWP,WE,Federal Contract Tower,0,0,7,0,7,0,0,42,0,42,0,0,49,0,49,46,0,46,95
01/27/2020,RNM,CA,AWP,WE,Federal Contract Tower,0,2,6,0,8,0,0,199,0,199,0,2,205,0,207,327,0,327,534
01/28/2020,RNM,CA,AWP,WE,Federal Contract Tower,0,0,3,0,3,0,0,247,0,247,0,0,250,0,250,329,0,329,579
01/29/2020,RNM,CA,AWP,WE,Federal Contract Tower,0,0,9,0,9,0,0,116,2,118,0,0,125,2,127,194,0,194,321
01/30/2020,RNM,CA,AWP,WE,Federal Contract Tower,0,1,4,0,5,0,0,189,0,189,0,1,193,0,194,368,0,368,562
01/31/2020,RNM,CA,AWP,WE,Federal Contract Tower,0,1,3,0,4,0,0,171,2,173,0,1,174,2,177,246,0,246,423
02/01/2020,RNM,CA,AWP,WE,Federal Contract Tower,0,0,1,0,1,0,0,191,0,191,0,0,192,0,192,234,0,234,426
02/02/2020,RNM,CA,AWP,WE,Federal Contract Tower,0,0,7,0,7,0,0,194,0,194,0,0,201,0,201,352,0,352,553
02/03/2020,RNM,CA,AWP,WE,Federal Contract Tower,0,0,4,0,4,0,0,100,1,101,0,0,104,1,105,194,0,194,299
02/04/2020,RNM,CA,AWP,WE,Federal Contract Tower,0,1,3,0,4,0,0,63,5,68,0,1,66,5,72,124,0,124,196
02/05/2020,RNM,CA,AWP,WE,Federal Contract Tower,0,0,3,0,3,0,0,178,1,179,0,0,181,1,182,274,2,276,458
02/06/2020,RNM,CA,AWP,WE,Federal Contract Tower,0,2,4,0,6,0,0,202,2,204,0,2,206,2,210,358,2,360,570
02/07/2020,RNM,CA,AWP,WE,Federal Contract Tower,0,0,3,0,3,0,0,220,0,220,0,0,223,0,223,322,0,322,545
02/08/2020,RNM,CA,AWP,WE,Federal Contract Tower,0,0,4,0,4,0,0,209,0,209,0,0,213,0,213,220,0,220,433
02/09/2020,RNM,CA,AWP,WE,Federal Contract Tower,0,0,2,0,2,0,0,0,0,0,0,0,2,0,2,0,0,0,2
02/10/2020,RNM,CA,AWP,WE,Federal Contract Tower,0,2,14,0,16,0,0,0,0,0,0,2,14,0,16,200,0,200,216
02/11/2020,RNM,CA,AWP,WE,Federal Contract Tower,0,0,2,0,2,0,0,111,4,115,0,0,113,4,117,362,0,362,479
02/12/2020,RNM,CA,AWP,WE,Federal Contract Tower,0,0,2,0,2,0,0,170,0,170,0,0,172,0,172,402,0,402,574
02/13/2020,RNM,CA,AWP,WE,Federal Contract Tower,0,2,6,0,8,0,0,197,0,197,0,2,203,0,205,478,0,478,683
02/14/2020,RNM,CA,AWP,WE,Federal Contract Tower,0,0,3,0,3,0,0,219,0,219,0,0,222,0,222,492,0,492,714
02/15/2020,RNM,CA,AWP,WE,Federal Contract Tower,0,0,4,0,4,0,0,260,0,260,0,0,264,0,264,416,0,416,680
02/16/2020,RNM,CA,AWP,WE,Federal Contract Tower,0,0,1,0,1,0,0,159,0,159,0,0,160,0,160,354,0,354,514
02/17/2020,RNM,CA,AWP,WE,Federal Contract Tower,0,0,2,0,2,0,0,220,0,220,0,0,222,0,222,395,0,395,617
02/18/2020,RNM,CA,AWP,WE,Federal Contract Tower,0,0,11,0,11,0,0,150,0,150,0,0,161,0,161,354,0,354,515
02/19/2020,RNM,CA,AWP,WE,Federal Contract Tower,0,0,11,0,11,0,0,123,0,123,0,0,134,0,134,357,0,357,491
02/20/2020,RNM,CA,AWP,WE,Federal Contract Tower,0,0,5,0,5,0,0,181,0,181,0,0,186,0,186,408,0,408,594
02/21/2020,RNM,CA,AWP,WE,Federal Contract Tower,0,0,8,0,8,0,0,198,2,200,0,0,206,2,208,410,12,422,630
02/22/2020,RNM,CA,AWP,WE,Federal Contract Tower,0,0,0,0,0,0,0,0,0,0,0,0,0,0,0,0,0,0,0
02/23/2020,RNM,CA,AWP,WE,Federal Contract Tower,0,0,11,0,11,0,0,53,0,53,0,0,64,0,64,418,0,418,482
02/24/2020,RNM,CA,AWP,WE,Federal Contract Tower,0,3,7,0,10,0,0,200,2,202,0,3,207,2,212,408,0,408,620
02/25/2020,RNM,CA,AWP,WE,Federal Contract Tower,0,0,1,0,1,0,0,91,2,93,0,0,92,2,94,258,0,258,352
02/26/2020,RNM,CA,AWP,WE,Federal Contract Tower,0,1,3,0,4,0,0,40,0,40,0,1,43,0,44,118,0,118,162
02/27/2020,RNM,CA,AWP,WE,Federal Contract Tower,0,2,8,0,10,0,0,133,0,133,0,2,141,0,143,278,0,278,421
02/28/2020,RNM,CA,AWP,WE,Federal Contract Tower,0,0,7,0,7,0,0,209,0,209,0,0,216,0,216,486,0,486,702
02/29/2020,RNM,CA,AWP,WE,Federal Contract Tower,0,0,8,0,8,0,0,243,0,243,0,0,251,0,251,410,0,410,661
03/01/2020,RNM,CA,AWP,WE,Federal Contract Tower,0,0,2,0,2,0,0,5,2,7,0,0,7,2,9,8,0,8,17
03/02/2020,RNM,CA,AWP,WE,Federal Contract Tower,0,0,4,0,4,0,2,78,4,84,0,2,82,4,88,450,0,450,538
03/03/2020,RNM,CA,AWP,WE,Federal Contract Tower,0,0,6,0,6,0,0,209,0,209,0,0,215,0,215,440,0,440,655
03/04/2020,RNM,CA,AWP,WE,Federal Contract Tower,0,0,8,0,8,0,0,189,0,189,0,0,197,0,197,518,0,518,715
03/05/2020,RNM,CA,AWP,WE,Federal Contract Tower,0,0,3,0,3,0,0,205,0,205,0,0,208,0,208,556,0,556,764
03/06/2020,RNM,CA,AWP,WE,Federal Contract Tower,0,0,13,0,13,0,0,200,0,200,0,0,213,0,213,486,0,486,699
03/07/2020,RNM,CA,AWP,WE,Federal Contract Tower,0,0,18,0,18,0,0,99,0,99,0,0,117,0,117,142,0,142,259
03/08/2020,RNM,CA,AWP,WE,Federal Contract Tower,0,2,10,0,12,0,0,68,0,68,0,2,78,0,80,196,0,196,276
03/09/2020,RNM,CA,AWP,WE,Federal Contract Tower,0,0,4,0,4,0,0,131,4,135,0,0,135,4,139,504,0,504,643
03/10/2020,RNM,CA,AWP,WE,Federal Contract Tower,0,2,4,0,6,0,0,0,0,0,0,2,4,0,6,0,0,0,6
03/11/2020,RNM,CA,AWP,WE,Federal Contract Tower,0,1,13,0,14,0,0,38,0,38,0,1,51,0,52,208,0,208,260
03/12/2020,RNM,CA,AWP,WE,Federal Contract Tower,0,1,0,0,1,0,0,0,0,0,0,1,0,0,1,0,0,0,1
03/13/2020,RNM,CA,AWP,WE,Federal Contract Tower,0,0,1,0,1,0,0,0,0,0,0,0,1,0,1,0,0,0,1
03/14/2020,RNM,CA,AWP,WE,Federal Contract Tower,0,0,10,0,10,0,0,11,0,11,0,0,21,0,21,40,0,40,61
03/15/2020,RNM,CA,AWP,WE,Federal Contract Tower,0,0,7,0,7,0,0,37,0,37,0,0,44,0,44,154,0,154,198
03/16/2020,RNM,CA,AWP,WE,Federal Contract Tower,0,0,10,0,10,0,0,58,0,58,0,0,68,0,68,462,2,464,532
03/17/2020,RNM,CA,AWP,WE,Federal Contract Tower,0,0,3,0,3,0,0,93,4,97,0,0,96,4,100,477,0,477,577
03/18/2020,RNM,CA,AWP,WE,Federal Contract Tower,0,0,3,0,3,0,0,6,4,10,0,0,9,4,13,20,0,20,33
03/19/2020,RNM,CA,AWP,WE,Federal Contract Tower,0,0,2,0,2,0,0,17,0,17,0,0,19,0,19,102,0,102,121
03/20/2020,RNM,CA,AWP,WE,Federal Contract Tower,0,2,1,0,3,0,0,83,0,83,0,2,84,0,86,220,16,236,322
03/21/2020,RNM,CA,AWP,WE,Federal Contract Tower,0,0,6,0,6,0,0,64,0,64,0,0,70,0,70,217,0,217,287
03/22/2020,RNM,CA,AWP,WE,Federal Contract Tower,0,0,0,0,0,0,0,103,0,103,0,0,103,0,103,402,0,402,505
03/23/2020,RNM,CA,AWP,WE,Federal Contract Tower,0,0,3,0,3,0,0,21,1,22,0,0,24,1,25,38,0,38,63
03/24/2020,RNM,CA,AWP,WE,Federal Contract Tower,0,0,3,1,4,0,0,48,2,50,0,0,51,3,54,78,0,78,132
03/25/2020,RNM,CA,AWP,WE,Federal Contract Tower,0,0,7,0,7,0,0,16,0,16,0,0,23,0,23,48,0,48,71
03/26/2020,RNM,CA,AWP,WE,Federal Contract Tower,0,0,2,0,2,0,0,27,10,37,0,0,29,10,39,52,0,52,91
03/27/2020,RNM,CA,AWP,WE,Federal Contract Tower,0,0,5,1,6,0,0,84,2,86,0,0,89,3,92,106,0,106,198
03/28/2020,RNM,CA,AWP,WE,Federal Contract Tower,0,0,1,0,1,0,0,117,0,117,0,0,118,0,118,132,0,132,250
03/29/2020,RNM,CA,AWP,WE,Federal Contract Tower,0,0,2,0,2,0,0,59,0,59,0,0,61,0,61,88,0,88,149
03/30/2020,RNM,CA,AWP,WE,Federal Contract Tower,0,0,1,0,1,0,0,71,4,75,0,0,72,4,76,96,8,104,180
03/31/2020,RNM,CA,AWP,WE,Federal Contract Tower,0,0,1,0,1,0,0,59,0,59,0,0,60,0,60,78,0,78,138
04/01/2020,RNM,CA,AWP,WE,Federal Contract Tower,0,0,6,0,6,0,0,68,0,68,0,0,74,0,74,180,0,180,254
04/02/2020,RNM,CA,AWP,WE,Federal Contract Tower,0,0,9,0,9,0,0,37,0,37,0,0,46,0,46,112,0,112,158
04/03/2020,RNM,CA,AWP,WE,Federal Contract Tower,0,0,1,0,1,0,0,80,1,81,0,0,81,1,82,204,0,204,286
04/04/2020,RNM,CA,AWP,WE,Federal Contract Tower,0,0,6,0,6,0,0,52,0,52,0,0,58,0,58,80,0,80,138
04/05/2020,RNM,CA,AWP,WE,Federal Contract Tower,0,0,3,0,3,0,0,26,4,30,0,0,29,4,33,55,0,55,88
04/06/2020,RNM,CA,AWP,WE,Federal Contract Tower,0,0,1,0,1,0,0,0,0,0,0,0,1,0,1,0,0,0,1
04/07/2020,RNM,CA,AWP,WE,Federal Contract Tower,0,0,1,0,1,0,0,0,0,0,0,0,1,0,1,0,0,0,1
04/08/2020,RNM,CA,AWP,WE,Federal Contract Tower,0,0,1,0,1,0,0,4,3,7,0,0,5,3,8,0,2,2,10
04/09/2020,RNM,CA,AWP,WE,Federal Contract Tower,0,0,0,2,2,0,0,8,4,12,0,0,8,6,14,16,0,16,30
04/10/2020,RNM,CA,AWP,WE,Federal Contract Tower,0,0,3,0,3,0,0,0,0,0,0,0,3,0,3,0,0,0,3
04/11/2020,RNM,CA,AWP,WE,Federal Contract Tower,0,0,12,0,12,0,0,68,4,72,0,0,80,4,84,84,0,84,168
04/12/2020,RNM,CA,AWP,WE,Federal Contract Tower,0,0,3,0,3,0,0,0,0,0,0,0,3,0,3,0,0,0,3
04/13/2020,RNM,CA,AWP,WE,Federal Contract Tower,0,0,4,0,4,0,0,4,0,4,0,0,8,0,8,0,0,0,8
04/14/2020,RNM,CA,AWP,WE,Federal Contract Tower,0,0,0,0,0,0,0,93,4,97,0,0,93,4,97,138,22,160,257
04/15/2020,RNM,CA,AWP,WE,Federal Contract Tower,0,0,2,0,2,0,0,164,6,170,0,0,166,6,172,264,12,276,448
04/16/2020,RNM,CA,AWP,WE,Federal Contract Tower,0,0,1,0,1,0,0,155,0,155,0,0,156,0,156,250,0,250,406
04/17/2020,RNM,CA,AWP,WE,Federal Contract Tower,0,0,2,0,2,0,0,52,2,54,0,0,54,2,56,124,6,130,186
04/18/2020,RNM,CA,AWP,WE,Federal Contract Tower,0,0,4,0,4,0,0,9,0,9,0,0,13,0,13,40,0,40,53
04/19/2020,RNM,CA,AWP,WE,Federal Contract Tower,0,0,11,0,11,0,0,39,0,39,0,0,50,0,50,66,0,66,116
04/20/2020,RNM,CA,AWP,WE,Federal Contract Tower,0,0,4,0,4,0,0,36,6,42,0,0,40,6,46,142,0,142,188
04/21/2020,RNM,CA,AWP,WE,Federal Contract Tower,0,0,6,0,6,0,0,33,0,33,0,0,39,0,39,186,0,186,225
04/22/2020,RNM,CA,AWP,WE,Federal Contract Tower,0,0,1,0,1,0,0,152,0,152,0,0,153,0,153,246,0,246,399
04/23/2020,RNM,CA,AWP,WE,Federal Contract Tower,0,0,5,0,5,0,0,163,0,163,0,0,168,0,168,128,0,128,296
04/24/2020,RNM,CA,AWP,WE,Federal Contract Tower,0,0,1,0,1,0,0,117,0,117,0,0,118,0,118,168,0,168,286
04/25/2020,RNM,CA,AWP,WE,Federal Contract Tower,0,0,8,0,8,0,0,146,0,146,0,0,154,0,154,236,1,237,391
04/26/2020,RNM,CA,AWP,WE,Federal Contract Tower,0,0,0,0,0,0,0,123,0,123,0,0,123,0,123,91,0,91,214
04/27/2020,RNM,CA,AWP,WE,Federal Contract Tower,0,0,1,0,1,0,0,119,0,119,0,0,120,0,120,136,0,136,256
04/28/2020,RNM,CA,AWP,WE,Federal Contract Tower,0,0,7,0,7,0,0,86,0,86,0,0,93,0,93,178,16,194,287
04/29/2020,RNM,CA,AWP,WE,Federal Contract Tower,0,0,8,1,9,0,0,59,0,59,0,0,67,1,68,168,0,168,236
04/30/2020,RNM,CA,AWP,WE,Federal Contract Tower,0,0,9,0,9,0,0,62,2,64,0,0,71,2,73,188,2,190,263
05/01/2020,RNM,CA,AWP,WE,Federal Contract Tower,0,0,1,0,1,0,0,89,0,89,0,0,90,0,90,298,0,298,388
05/02/2020,RNM,CA,AWP,WE,Federal Contract Tower,0,0,3,0,3,0,0,179,0,179,0,0,182,0,182,346,0,346,528
05/03/2020,RNM,CA,AWP,WE,Federal Contract Tower,0,2,4,0,6,0,0,116,0,116,0,2,120,0,122,156,0,156,278
05/04/2020,RNM,CA,AWP,WE,Federal Contract Tower,0,0,1,0,1,0,0,88,2,90,0,0,89,2,91,170,2,172,263
05/05/2020,RNM,CA,AWP,WE,Federal Contract Tower,0,0,2,0,2,0,0,149,0,149,0,0,151,0,151,254,0,254,405
05/06/2020,RNM,CA,AWP,WE,Federal Contract Tower,0,2,6,0,8,0,0,107,2,109,0,2,113,2,117,119,4,123,240
05/07/2020,RNM,CA,AWP,WE,Federal Contract Tower,0,0,3,0,3,0,0,138,0,138,0,0,141,0,141,252,0,252,393
05/08/2020,RNM,CA,AWP,WE,Federal Contract Tower,0,0,6,0,6,0,0,121,4,125,0,0,127,4,131,179,0,179,310
05/09/2020,RNM,CA,AWP,WE,Federal Contract Tower,0,0,8,0,8,0,0,89,0,89,0,0,97,0,97,88,0,88,185
05/10/2020,RNM,CA,AWP,WE,Federal Contract Tower,0,0,3,0,3,0,0,33,2,35,0,0,36,2,38,46,2,48,86
05/11/2020,RNM,CA,AWP,WE,Federal Contract Tower,0,1,4,0,5,0,0,81,0,81,0,1,85,0,86,132,0,132,218
05/12/2020,RNM,CA,AWP,WE,Federal Contract Tower,0,3,7,1,11,0,0,97,6,103,0,3,104,7,114,146,0,146,260
05/13/2020,RNM,CA,AWP,WE,Federal Contract Tower,0,0,8,0,8,0,0,71,0,71,0,0,79,0,79,134,0,134,213
05/14/2020,RNM,CA,AWP,WE,Federal Contract Tower,0,0,4,0,4,0,0,149,2,151,0,0,153,2,155,244,0,244,399
05/15/2020,RNM,CA,AWP,WE,Federal Contract Tower,0,0,3,0,3,0,0,158,0,158,0,0,161,0,161,270,0,270,431
05/16/2020,RNM,CA,AWP,WE,Federal Contract Tower,0,0,3,0,3,0,0,134,0,134,0,0,137,0,137,169,0,169,306
05/17/2020,RNM,CA,AWP,WE,Federal Contract Tower,0,0,5,0,5,0,0,119,0,119,0,0,124,0,124,142,0,142,266
05/18/2020,RNM,CA,AWP,WE,Federal Contract Tower,0,1,11,0,12,0,0,29,9,38,0,1,40,9,50,90,2,92,142
05/19/2020,RNM,CA,AWP,WE,Federal Contract Tower,0,1,6,0,7,0,0,57,0,57,0,1,63,0,64,123,0,123,187
05/20/2020,RNM,CA,AWP,WE,Federal Contract Tower,0,1,5,0,6,0,0,118,4,122,0,1,123,4,128,168,0,168,296
05/21/2020,RNM,CA,AWP,WE,Federal Contract Tower,0,1,5,0,6,0,0,172,2,174,0,1,177,2,180,326,0,326,506
05/22/2020,RNM,CA,AWP,WE,Federal Contract Tower,0,0,6,0,6,0,0,130,0,130,0,0,136,0,136,216,0,216,352
05/23/2020,RNM,CA,AWP,WE,Federal Contract Tower,0,0,7,0,7,0,0,130,4,134,0,0,137,4,141,292,4,296,437
05/24/2020,RNM,CA,AWP,WE,Federal Contract Tower,0,0,5,0,5,0,0,159,0,159,0,0,164,0,164,234,0,234,398
05/25/2020,RNM,CA,AWP,WE,Federal Contract Tower,0,3,4,0,7,0,0,141,0,141,0,3,145,0,148,256,0,256,404
05/26/2020,RNM,CA,AWP,WE,Federal Contract Tower,0,1,10,0,11,0,0,166,2,168,0,1,176,2,179,352,0,352,531
05/27/2020,RNM,CA,AWP,WE,Federal Contract Tower,0,3,1,0,4,0,0,157,2,159,0,3,158,2,163,382,0,382,545
05/28/2020,RNM,CA,AWP,WE,Federal Contract Tower,0,0,2,0,2,0,0,154,2,156,0,0,156,2,158,396,0,396,554
05/29/2020,RNM,CA,AWP,WE,Federal Contract Tower,0,0,16,0,16,0,0,55,0,55,0,0,71,0,71,116,0,116,187
05/30/2020,RNM,CA,AWP,WE,Federal Contract Tower,0,0,9,0,9,0,0,181,0,181,0,0,190,0,190,328,0,328,518
05/31/2020,RNM,CA,AWP,WE,Federal Contract Tower,0,0,1,0,1,0,0,179,0,179,0,0,180,0,180,236,0,236,416
06/01/2020,RNM,CA,AWP,WE,Federal Contract Tower,0,0,3,0,3,0,0,239,2,241,0,0,242,2,244,494,4,498,742
06/02/2020,RNM,CA,AWP,WE,Federal Contract Tower,0,0,6,0,6,0,0,141,0,141,0,0,147,0,147,410,2,412,559
06/03/2020,RNM,CA,AWP,WE,Federal Contract Tower,0,0,3,0,3,0,0,163,0,163,0,0,166,0,166,391,0,391,557
06/04/2020,RNM,CA,AWP,WE,Federal Contract Tower,0,0,7,0,7,0,0,122,6,128,0,0,129,6,135,352,18,370,505
06/05/2020,RNM,CA,AWP,WE,Federal Contract Tower,0,0,10,0,10,0,0,47,0,47,0,0,57,0,57,206,0,206,263
06/06/2020,RNM,CA,AWP,WE,Federal Contract Tower,0,0,10,0,10,0,0,4,0,4,0,0,14,0,14,16,0,16,30
06/07/2020,RNM,CA,AWP,WE,Federal Contract Tower,0,0,7,0,7,0,0,99,0,99,0,0,106,0,106,198,0,198,304
06/08/2020,RNM,CA,AWP,WE,Federal Contract Tower,0,0,4,0,4,0,0,161,0,161,0,0,165,0,165,310,0,310,475
06/09/2020,RNM,CA,AWP,WE,Federal Contract Tower,0,0,1,0,1,0,0,131,4,135,0,0,132,4,136,114,0,114,250
06/10/2020,RNM,CA,AWP,WE,Federal Contract Tower,0,0,3,0,3,0,0,158,0,158,0,0,161,0,161,206,0,206,367
06/11/2020,RNM,CA,AWP,WE,Federal Contract Tower,0,0,2,0,2,0,0,229,0,229,0,0,231,0,231,222,0,222,453
06/12/2020,RNM,CA,AWP,WE,Federal Contract Tower,0,0,10,0,10,0,0,173,0,173,0,0,183,0,183,358,0,358,541
06/13/2020,RNM,CA,AWP,WE,Federal Contract Tower,0,0,4,0,4,0,0,145,0,145,0,0,149,0,149,214,3,217,366
06/14/2020,RNM,CA,AWP,WE,Federal Contract Tower,0,0,1,0,1,0,0,113,0,113,0,0,114,0,114,153,0,153,267
06/15/2020,RNM,CA,AWP,WE,Federal Contract Tower,0,0,12,0,12,0,0,109,4,113,0,0,121,4,125,202,0,202,327
06/16/2020,RNM,CA,AWP,WE,Federal Contract Tower,0,0,15,0,15,0,0,115,0,115,0,0,130,0,130,366,0,366,496
06/17/2020,RNM,CA,AWP,WE,Federal Contract Tower,0,0,7,0,7,0,0,98,2,100,0,0,105,2,107,290,0,290,397
06/18/2020,RNM,CA,AWP,WE,Federal Contract Tower,0,1,9,0,10,0,2,175,4,181,0,3,184,4,191,320,4,324,515
06/19/2020,RNM,CA,AWP,WE,Federal Contract Tower,0,1,17,0,18,0,0,167,2,169,0,1,184,2,187,244,0,244,431
06/20/2020,RNM,CA,AWP,WE,Federal Contract Tower,0,0,9,0,9,0,0,80,0,80,0,0,89,0,89,134,0,134,223
06/21/2020,RNM,CA,AWP,WE,Federal Contract Tower,0,0,12,0,12,0,0,106,0,106,0,0,118,0,118,142,0,142,260
06/22/2020,RNM,CA,AWP,WE,Federal Contract Tower,0,0,7,0,7,0,0,145,0,145,0,0,152,0,152,296,0,296,448
06/23/2020,RNM,CA,AWP,WE,Federal Contract Tower,0,0,7,0,7,0,0,146,0,146,0,0,153,0,153,360,0,360,513
06/24/2020,RNM,CA,AWP,WE,Federal Contract Tower,0,0,7,0,7,0,0,145,0,145,0,0,152,0,152,348,0,348,500
06/25/2020,RNM,CA,AWP,WE,Federal Contract Tower,0,0,11,0,11,0,0,171,2,173,0,0,182,2,184,391,6,397,581
06/26/2020,RNM,CA,AWP,WE,Federal Contract Tower,0,0,5,0,5,0,0,191,2,193,0,0,196,2,198,422,0,422,620
06/27/2020,RNM,CA,AWP,WE,Federal Contract Tower,0,0,6,0,6,0,0,190,0,190,0,0,196,0,196,348,0,348,544
06/28/2020,RNM,CA,AWP,WE,Federal Contract Tower,0,0,7,0,7,0,0,60,0,60,0,0,67,0,67,174,0,174,241
06/29/2020,RNM,CA,AWP,WE,Federal Contract Tower,0,0,12,0,12,0,0,49,2,51,0,0,61,2,63,164,2,166,229
06/30/2020,RNM,CA,AWP,WE,Federal Contract Tower,0,0,7,0,7,0,0,213,0,213,0,0,220,0,220,342,0,342,562
07/01/2020,RNM,CA,AWP,WE,Federal Contract Tower,0,0,8,0,8,0,0,104,2,106,0,0,112,2,114,230,0,230,344
07/02/2020,RNM,CA,AWP,WE,Federal Contract Tower,0,0,8,0,8,0,0,148,0,148,0,0,156,0,156,366,0,366,522
07/03/2020,RNM,CA,AWP,WE,Federal Contract Tower,0,0,1,0,1,0,0,212,0,212,0,0,213,0,213,346,0,346,559
07/04/2020,RNM,CA,AWP,WE,Federal Contract Tower,0,0,2,0,2,0,0,112,0,112,0,0,114,0,114,126,0,126,240
07/05/2020,RNM,CA,AWP,WE,Federal Contract Tower,0,0,2,0,2,0,0,113,0,113,0,0,115,0,115,126,0,126,241
07/06/2020,RNM,CA,AWP,WE,Federal Contract Tower,0,0,5,0,5,0,0,141,0,141,0,0,146,0,146,272,0,272,418
07/07/2020,RNM,CA,AWP,WE,Federal Contract Tower,0,0,5,0,5,0,0,254,2,256,0,0,259,2,261,294,0,294,555
07/08/2020,RNM,CA,AWP,WE,Federal Contract Tower,0,0,5,0,5,0,0,178,8,186,0,0,183,8,191,432,14,446,637
07/09/2020,RNM,CA,AWP,WE,Federal Contract Tower,0,0,1,0,1,0,0,146,20,166,0,0,147,20,167,197,22,219,386
07/10/2020,RNM,CA,AWP,WE,Federal Contract Tower,0,0,3,0,3,0,0,159,2,161,0,0,162,2,164,266,0,266,430
07/11/2020,RNM,CA,AWP,WE,Federal Contract Tower,0,0,1,0,1,0,0,144,0,144,0,0,145,0,145,164,0,164,309
07/12/2020,RNM,CA,AWP,WE,Federal Contract Tower,0,1,1,0,2,0,0,121,0,121,0,1,122,0,123,173,0,173,296
07/13/2020,RNM,CA,AWP,WE,Federal Contract Tower,0,1,1,0,2,0,0,139,6,145,0,1,140,6,147,266,0,266,413
07/14/2020,RNM,CA,AWP,WE,Federal Contract Tower,0,0,5,0,5,0,0,224,0,224,0,0,229,0,229,334,0,334,563
07/15/2020,RNM,CA,AWP,WE,Federal Contract Tower,0,1,8,0,9,0,0,228,6,234,0,1,236,6,243,456,22,478,721
07/16/2020,RNM,CA,AWP,WE,Federal Contract Tower,0,0,3,0,3,0,0,261,0,261,0,0,264,0,264,496,0,496,760
07/17/2020,RNM,CA,AWP,WE,Federal Contract Tower,0,0,4,0,4,0,0,206,2,208,0,0,210,2,212,322,18,340,552
07/18/2020,RNM,CA,AWP,WE,Federal Contract Tower,0,0,5,0,5,0,0,184,0,184,0,0,189,0,189,265,0,265,454
07/19/2020,RNM,CA,AWP,WE,Federal Contract Tower,0,2,1,0,3,0,0,154,0,154,0,2,155,0,157,280,0,280,437
07/20/2020,RNM,CA,AWP,WE,Federal Contract Tower,0,2,4,0,6,0,0,184,2,186,0,2,188,2,192,338,0,338,530
07/21/2020,RNM,CA,AWP,WE,Federal Contract Tower,0,1,7,0,8,0,0,215,0,215,0,1,222,0,223,406,0,406,629
07/22/2020,RNM,CA,AWP,WE,Federal Contract Tower,0,3,11,0,14,0,0,196,0,196,0,3,207,0,210,424,0,424,634
07/23/2020,RNM,CA,AWP,WE,Federal Contract Tower,0,0,6,0,6,0,0,193,4,197,0,0,199,4,203,402,0,402,605
07/24/2020,RNM,CA,AWP,WE,Federal Contract Tower,0,0,9,0,9,0,0,304,4,308,0,0,313,4,317,448,0,448,765
07/25/2020,RNM,CA,AWP,WE,Federal Contract Tower,0,0,6,0,6,0,0,183,2,185,0,0,189,2,191,356,0,356,547
07/26/2020,RNM,CA,AWP,WE,Federal Contract Tower,0,0,12,0,12,0,0,144,0,144,0,0,156,0,156,280,0,280,436
07/27/2020,RNM,CA,AWP,WE,Federal Contract Tower,0,0,5,0,5,0,0,125,2,127,0,0,130,2,132,238,0,238,370
07/28/2020,RNM,CA,AWP,WE,Federal Contract Tower,0,0,10,0,10,0,0,263,0,263,0,0,273,0,273,557,0,557,830
07/29/2020,RNM,CA,AWP,WE,Federal Contract Tower,0,0,4,0,4,0,0,275,0,275,0,0,279,0,279,0,426,426,705
07/30/2020,RNM,CA,AWP,WE,Federal Contract Tower,0,0,7,0,7,0,0,311,0,311,0,0,318,0,318,490,0,490,808
07/31/2020,RNM,CA,AWP,WE,Federal Contract Tower,0,0,1,0,1,0,0,214,0,214,0,0,215,0,215,370,0,370,585
08/01/2020,RNM,CA,AWP,WE,Federal Contract Tower,0,0,2,0,2,0,0,189,0,189,0,0,191,0,191,370,0,370,561
08/02/2020,RNM,CA,AWP,WE,Federal Contract Tower,0,0,9,0,9,0,0,136,0,136,0,0,145,0,145,314,0,314,459
08/03/2020,RNM,CA,AWP,WE,Federal Contract Tower,0,0,3,0,3,0,0,155,2,157,0,0,158,2,160,308,0,308,468
08/04/2020,RNM,CA,AWP,WE,Federal Contract Tower,0,0,6,0,6,0,0,198,0,198,0,0,204,0,204,428,0,428,632
08/05/2020,RNM,CA,AWP,WE,Federal Contract Tower,0,0,2,0,2,0,0,203,4,207,0,0,205,4,209,386,0,386,595
08/06/2020,RNM,CA,AWP,WE,Federal Contract Tower,0,0,5,0,5,0,0,239,0,239,0,0,244,0,244,406,0,406,650
08/07/2020,RNM,CA,AWP,WE,Federal Contract Tower,0,0,10,0,10,0,0,308,4,312,0,0,318,4,322,636,4,640,962
08/08/2020,RNM,CA,AWP,WE,Federal Contract Tower,0,1,6,0,7,0,0,221,2,223,0,1,227,2,230,318,22,340,570
08/09/2020,RNM,CA,AWP,WE,Federal Contract Tower,0,1,3,0,4,0,0,160,2,162,0,1,163,2,166,268,8,276,442
08/10/2020,RNM,CA,AWP,WE,Federal Contract Tower,0,0,6,0,6,0,0,146,0,146,0,0,152,0,152,270,0,270,422
08/11/2020,RNM,CA,AWP,WE,Federal Contract Tower,0,2,1,0,3,0,4,220,0,224,0,6,221,0,227,428,0,428,655
08/12/2020,RNM,CA,AWP,WE,Federal Contract Tower,0,0,2,0,2,0,0,215,0,215,0,0,217,0,217,396,0,396,613
08/13/2020,RNM,CA,AWP,WE,Federal Contract Tower,0,0,5,0,5,0,0,168,0,168,0,0,173,0,173,395,0,395,568
08/14/2020,RNM,CA,AWP,WE,Federal Contract Tower,0,0,4,0,4,0,0,181,4,185,0,0,185,4,189,260,4,264,453
08/15/2020,RNM,CA,AWP,WE,Federal Contract Tower,0,0,1,0,1,0,0,130,2,132,0,0,131,2,133,223,20,243,376
08/16/2020,RNM,CA,AWP,WE,Federal Contract Tower,0,0,6,0,6,0,0,173,0,173,0,0,179,0,179,289,0,289,468
08/17/2020,RNM,CA,AWP,WE,Federal Contract Tower,0,0,2,0,2,0,0,132,10,142,0,0,134,10,144,290,0,290,434
08/18/2020,RNM,CA,AWP,WE,Federal Contract Tower,0,0,5,0,5,0,0,84,2,86,0,0,89,2,91,325,0,325,416
08/19/2020,RNM,CA,AWP,WE,Federal Contract Tower,0,0,4,0,4,0,0,132,0,132,0,0,136,0,136,295,0,295,431
08/20/2020,RNM,CA,AWP,WE,Federal Contract Tower,0,0,4,0,4,0,0,145,2,147,0,0,149,2,151,301,2,303,454
08/21/2020,RNM,CA,AWP,WE,Federal Contract Tower,0,0,8,0,8,0,0,123,0,123,0,0,131,0,131,238,0,238,369
08/22/2020,RNM,CA,AWP,WE,Federal Contract Tower,0,2,3,0,5,0,0,205,2,207,0,2,208,2,212,275,12,287,499
08/23/2020,RNM,CA,AWP,WE,Federal Contract Tower,0,0,4,0,4,0,0,97,0,97,0,0,101,0,101,237,0,237,338
08/24/2020,RNM,CA,AWP,WE,Federal Contract Tower,0,0,9,0,9,0,0,127,0,127,0,0,136,0,136,332,0,332,468
08/25/2020,RNM,CA,AWP,WE,Federal Contract Tower,0,0,3,0,3,0,0,178,2,180,0,0,181,2,183,454,0,454,637
08/26/2020,RNM,CA,AWP,WE,Federal Contract Tower,0,0,13,0,13,0,0,219,4,223,0,0,232,4,236,434,0,434,670
08/27/2020,RNM,CA,AWP,WE,Federal Contract Tower,0,0,2,0,2,0,0,172,0,172,0,0,174,0,174,334,0,334,508
08/28/2020,RNM,CA,AWP,WE,Federal Contract Tower,0,0,4,0,4,0,0,218,0,218,0,0,222,0,222,332,0,332,554
08/29/2020,RNM,CA,AWP,WE,Federal Contract Tower,0,0,2,0,2,0,0,195,0,195,0,0,197,0,197,416,0,416,613
08/30/2020,RNM,CA,AWP,WE,Federal Contract Tower,0,0,3,0,3,0,0,98,0,98,0,0,101,0,101,274,0,274,375
08/31/2020,RNM,CA,AWP,WE,Federal Contract Tower,0,0,6,0,6,0,0,101,5,106,0,0,107,5,112,386,0,386,498
09/01/2020,RNM,CA,AWP,WE,Federal Contract Tower,0,0,8,0,8,0,0,188,6,194,0,0,196,6,202,294,0,294,496
09/02/2020,RNM,CA,AWP,WE,Federal Contract Tower,0,0,4,0,4,0,0,219,4,223,0,0,223,4,227,477,0,477,704
09/03/2020,RNM,CA,AWP,WE,Federal Contract Tower,0,0,3,0,3,0,0,0,0,0,0,0,3,0,3,328,0,328,331
09/04/2020,RNM,CA,AWP,WE,Federal Contract Tower,0,0,7,0,7,0,0,188,2,190,0,0,195,2,197,370,8,378,575
09/05/2020,RNM,CA,AWP,WE,Federal Contract Tower,0,0,3,0,3,0,0,198,0,198,0,0,201,0,201,172,0,172,373
09/06/2020,RNM,CA,AWP,WE,Federal Contract Tower,0,0,0,0,0,0,0,154,0,154,0,0,154,0,154,34,1,35,189
09/07/2020,RNM,CA,AWP,WE,Federal Contract Tower,0,0,3,0,3,0,0,139,0,139,0,0,142,0,142,130,0,130,272
09/08/2020,RNM,CA,AWP,WE,Federal Contract Tower,0,0,8,0,8,0,0,105,0,105,0,0,113,0,113,170,0,170,283
09/09/2020,RNM,CA,AWP,WE,Federal Contract Tower,0,0,4,0,4,0,0,134,0,134,0,0,138,0,138,254,0,254,392
09/10/2020,RNM,CA,AWP,WE,Federal Contract Tower,0,0,13,0,13,0,0,205,0,205,0,0,218,0,218,268,0,268,486
09/11/2020,RNM,CA,AWP,WE,Federal Contract Tower,0,0,11,0,11,0,0,176,0,176,0,0,187,0,187,394,0,394,581
09/12/2020,RNM,CA,AWP,WE,Federal Contract Tower,0,0,5,0,5,0,0,119,0,119,0,0,124,0,124,233,0,233,357
09/13/2020,RNM,CA,AWP,WE,Federal Contract Tower,0,0,8,0,8,0,0,89,0,89,0,0,97,0,97,302,0,302,399
09/14/2020,RNM,CA,AWP,WE,Federal Contract Tower,0,0,4,0,4,0,0,94,6,100,0,0,98,6,104,266,0,266,370
09/15/2020,RNM,CA,AWP,WE,Federal Contract Tower,0,0,8,0,8,0,0,125,0,125,0,0,133,0,133,176,0,176,309
09/16/2020,RNM,CA,AWP,WE,Federal Contract Tower,0,2,6,0,8,0,0,107,0,107,0,2,113,0,115,191,0,191,306
09/17/2020,RNM,CA,AWP,WE,Federal Contract Tower,0,0,6,0,6,0,0,125,0,125,0,0,131,0,131,342,1,343,474
09/18/2020,RNM,CA,AWP,WE,Federal Contract Tower,0,0,4,0,4,0,0,103,0,103,0,0,107,0,107,230,0,230,337
09/19/2020,RNM,CA,AWP,WE,Federal Contract Tower,0,2,1,0,3,0,0,96,0,96,0,2,97,0,99,209,0,209,308
09/20/2020,RNM,CA,AWP,WE,Federal Contract Tower,0,0,3,0,3,0,0,111,0,111,0,0,114,0,114,190,0,190,304
09/21/2020,RNM,CA,AWP,WE,Federal Contract Tower,0,0,6,0,6,0,0,125,4,129,0,0,131,4,135,266,0,266,401
09/22/2020,RNM,CA,AWP,WE,Federal Contract Tower,0,0,9,0,9,0,0,186,6,192,0,0,195,6,201,316,24,340,541
09/23/2020,RNM,CA,AWP,WE,Federal Contract Tower,0,0,8,0,8,0,0,201,2,203,0,0,209,2,211,384,0,384,595
09/24/2020,RNM,CA,AWP,WE,Federal Contract Tower,0,0,4,0,4,0,0,194,2,196,0,0,198,2,200,354,0,354,554
09/25/2020,RNM,CA,AWP,WE,Federal Contract Tower,0,0,7,0,7,0,0,223,2,225,0,0,230,2,232,528,0,528,760
09/26/2020,RNM,CA,AWP,WE,Federal Contract Tower,0,0,2,0,2,0,0,144,0,144,0,0,146,0,146,288,0,288,434
09/27/2020,RNM,CA,AWP,WE,Federal Contract Tower,0,0,10,0,10,0,0,173,0,173,0,0,183,0,183,181,0,181,364
09/28/2020,RNM,CA,AWP,WE,Federal Contract Tower,0,0,7,0,7,0,0,126,2,128,0,0,133,2,135,202,0,202,337
09/29/2020,RNM,CA,AWP,WE,Federal Contract Tower,0,0,3,0,3,0,0,142,0,142,0,0,145,0,145,240,2,242,387
09/30/2020,RNM,CA,AWP,WE,Federal Contract Tower,0,0,3,0,3,0,0,137,0,137,0,0,140,0,140,246,0,246,386
10/01/2020,RNM,CA,AWP,WE,Federal Contract Tower,0,2,4,0,6,0,0,142,0,142,0,2,146,0,148,288,0,288,436
10/02/2020,RNM,CA,AWP,WE,Federal Contract Tower,0,0,3,0,3,0,0,179,2,181,0,0,182,2,184,466,0,466,650
10/03/2020,RNM,CA,AWP,WE,Federal Contract Tower,0,0,8,0,8,0,0,126,0,126,0,0,134,0,134,234,0,234,368
10/04/2020,RNM,CA,AWP,WE,Federal Contract Tower,0,0,6,0,6,0,0,87,0,87,0,0,93,0,93,118,0,118,211
10/05/2020,RNM,CA,AWP,WE,Federal Contract Tower,0,2,8,0,10,0,0,116,0,116,0,2,124,0,126,208,0,208,334
10/06/2020,RNM,CA,AWP,WE,Federal Contract Tower,0,0,12,0,12,0,0,113,2,115,0,0,125,2,127,161,2,163,290
10/07/2020,RNM,CA,AWP,WE,Federal Contract Tower,0,0,10,0,10,0,0,134,2,136,0,0,144,2,146,366,0,366,512
10/08/2020,RNM,CA,AWP,WE,Federal Contract Tower,0,0,19,0,19,0,0,99,0,99,0,0,118,0,118,430,0,430,548
10/09/2020,RNM,CA,AWP,WE,Federal Contract Tower,0,0,21,0,21,0,0,97,2,99,0,0,118,2,120,229,0,229,349
10/10/2020,RNM,CA,AWP,WE,Federal Contract Tower,0,0,8,0,8,0,0,99,0,99,0,0,107,0,107,256,0,256,363
10/11/2020,RNM,CA,AWP,WE,Federal Contract Tower,0,0,7,0,7,0,0,99,2,101,0,0,106,2,108,164,0,164,272
10/12/2020,RNM,CA,AWP,WE,Federal Contract Tower,0,0,3,0,3,0,0,116,2,118,0,0,119,2,121,323,6,329,450
10/13/2020,RNM,CA,AWP,WE,Federal Contract Tower,0,0,10,0,10,0,0,149,0,149,0,0,159,0,159,250,0,250,409
10/14/2020,RNM,CA,AWP,WE,Federal Contract Tower,0,0,7,0,7,0,0,156,0,156,0,0,163,0,163,342,0,342,505
10/15/2020,RNM,CA,AWP,WE,Federal Contract Tower,0,0,8,0,8,0,0,148,0,148,0,0,156,0,156,332,0,332,488
10/16/2020,RNM,CA,AWP,WE,Federal Contract Tower,0,0,4,0,4,0,0,136,2,138,0,0,140,2,142,333,0,333,475
10/17/2020,RNM,CA,AWP,WE,Federal Contract Tower,0,0,5,0,5,0,0,159,0,159,0,0,164,0,164,337,0,337,501
10/18/2020,RNM,CA,AWP,WE,Federal Contract Tower,0,0,9,0,9,0,0,117,0,117,0,0,126,0,126,240,0,240,366
10/19/2020,RNM,CA,AWP,WE,Federal Contract Tower,0,2,7,0,9,0,0,121,0,121,0,2,128,0,130,178,0,178,308
10/20/2020,RNM,CA,AWP,WE,Federal Contract Tower,0,0,4,0,4,0,0,110,0,110,0,0,114,0,114,234,0,234,348
10/21/2020,RNM,CA,AWP,WE,Federal Contract Tower,0,0,7,0,7,0,0,111,0,111,0,0,118,0,118,230,0,230,348
10/22/2020,RNM,CA,AWP,WE,Federal Contract Tower,0,0,18,0,18,0,0,125,0,125,0,0,143,0,143,292,0,292,435
10/23/2020,RNM,CA,AWP,WE,Federal Contract Tower,0,2,14,0,16,0,0,102,0,102,0,2,116,0,118,222,0,222,340
10/24/2020,RNM,CA,AWP,WE,Federal Contract Tower,0,0,5,0,5,0,0,44,0,44,0,0,49,0,49,162,0,162,211
10/25/2020,RNM,CA,AWP,WE,Federal Contract Tower,0,0,4,0,4,0,0,7,0,7,0,0,11,0,11,10,0,10,21
10/26/2020,RNM,CA,AWP,WE,Federal Contract Tower,0,0,3,0,3,0,0,51,0,51,0,0,54,0,54,59,0,59,113
10/27/2020,RNM,CA,AWP,WE,Federal Contract Tower,0,0,3,0,3,0,0,90,2,92,0,0,93,2,95,202,6,208,303
10/28/2020,RNM,CA,AWP,WE,Federal Contract Tower,0,0,6,0,6,0,0,213,0,213,0,0,219,0,219,324,0,324,543
10/29/2020,RNM,CA,AWP,WE,Federal Contract Tower,0,0,7,0,7,0,0,189,6,195,0,0,196,6,202,272,10,282,484
10/30/2020,RNM,CA,AWP,WE,Federal Contract Tower,0,0,5,0,5,0,0,180,4,184,0,0,185,4,189,302,0,302,491
10/31/2020,RNM,CA,AWP,WE,Federal Contract Tower,0,0,4,0,4,0,0,153,0,153,0,0,157,0,157,214,0,214,371
11/01/2020,RNM,CA,AWP,WE,Federal Contract Tower,0,0,3,0,3,0,0,132,0,132,0,0,135,0,135,176,0,176,311
11/02/2020,RNM,CA,AWP,WE,Federal Contract Tower,0,0,7,0,7,0,0,126,0,126,0,0,133,0,133,308,0,308,441
11/03/2020,RNM,CA,AWP,WE,Federal Contract Tower,0,0,2,0,2,0,0,130,0,130,0,0,132,0,132,292,0,292,424
11/04/2020,RNM,CA,AWP,WE,Federal Contract Tower,0,2,5,0,7,0,0,115,0,115,0,2,120,0,122,280,0,280,402
11/05/2020,RNM,CA,AWP,WE,Federal Contract Tower,0,0,5,0,5,0,0,126,2,128,0,0,131,2,133,252,0,252,385
11/06/2020,RNM,CA,AWP,WE,Federal Contract Tower,0,0,10,0,10,0,0,108,0,108,0,0,118,0,118,248,0,248,366
11/07/2020,RNM,CA,AWP,WE,Federal Contract Tower,0,0,1,0,1,0,0,0,0,0,0,0,1,0,1,0,0,0,1
11/08/2020,RNM,CA,AWP,WE,Federal Contract Tower,0,0,2,0,2,0,0,0,0,0,0,0,2,0,2,0,0,0,2
11/09/2020,RNM,CA,AWP,WE,Federal Contract Tower,0,2,8,0,10,0,0,127,0,127,0,2,135,0,137,300,0,300,437
11/10/2020,RNM,CA,AWP,WE,Federal Contract Tower,0,0,4,0,4,0,0,123,0,123,0,0,127,0,127,348,0,348,475
11/11/2020,RNM,CA,AWP,WE,Federal Contract Tower,0,0,4,0,4,0,0,172,0,172,0,0,176,0,176,536,0,536,712
11/12/2020,RNM,CA,AWP,WE,Federal Contract Tower,0,0,4,0,4,0,0,159,0,159,0,0,163,0,163,664,0,664,827
11/13/2020,RNM,CA,AWP,WE,Federal Contract Tower,0,0,7,0,7,0,0,133,2,135,0,0,140,2,142,366,0,366,508
11/14/2020,RNM,CA,AWP,WE,Federal Contract Tower,0,0,5,0,5,0,0,147,0,147,0,0,152,0,152,350,0,350,502
11/15/2020,RNM,CA,AWP,WE,Federal Contract Tower,0,0,5,0,5,0,0,163,0,163,0,0,168,0,168,241,0,241,409
11/16/2020,RNM,CA,AWP,WE,Federal Contract Tower,0,2,4,0,6,0,0,122,4,126,0,2,126,4,132,256,0,256,388
11/17/2020,RNM,CA,AWP,WE,Federal Contract Tower,0,0,8,0,8,0,0,154,8,162,0,0,162,8,170,400,0,400,570
11/18/2020,RNM,CA,AWP,WE,Federal Contract Tower,0,2,8,0,10,0,0,180,0,180,0,2,188,0,190,588,0,588,778
11/19/2020,RNM,CA,AWP,WE,Federal Contract Tower,0,0,6,0,6,0,0,165,2,167,0,0,171,2,173,540,0,540,713
11/20/2020,RNM,CA,AWP,WE,Federal Contract Tower,0,0,10,0,10,0,0,136,7,143,0,0,146,7,153,512,4,516,669
11/21/2020,RNM,CA,AWP,WE,Federal Contract Tower,0,0,7,0,7,0,0,137,0,137,0,0,144,0,144,300,0,300,444
11/22/2020,RNM,CA,AWP,WE,Federal Contract Tower,0,0,6,0,6,0,0,116,0,116,0,0,122,0,122,276,0,276,398
11/23/2020,RNM,CA,AWP,WE,Federal Contract Tower,0,0,8,0,8,0,0,110,0,110,0,0,118,0,118,406,0,406,524
11/24/2020,RNM,CA,AWP,WE,Federal Contract Tower,0,0,4,0,4,0,0,176,2,178,0,0,180,2,182,472,0,472,654
11/25/2020,RNM,CA,AWP,WE,Federal Contract Tower,0,1,1,0,2,0,0,162,4,166,0,1,163,4,168,538,0,538,706
11/26/2020,RNM,CA,AWP,WE,Federal Contract Tower,0,1,1,0,2,0,0,43,0,43,0,1,44,0,45,102,0,102,147
11/27/2020,RNM,CA,AWP,WE,Federal Contract Tower,0,0,3,0,3,0,0,67,0,67,0,0,70,0,70,136,0,136,206
11/28/2020,RNM,CA,AWP,WE,Federal Contract Tower,0,0,7,0,7,0,0,126,0,126,0,0,133,0,133,250,0,250,383
11/29/2020,RNM,CA,AWP,WE,Federal Contract Tower,0,2,1,0,3,0,0,121,0,121,0,2,122,0,124,191,0,191,315
11/30/2020,RNM,CA,AWP,WE,Federal Contract Tower,0,0,4,0,4,0,0,138,2,140,0,0,142,2,144,300,0,300,444
12/01/2020,RNM,CA,AWP,WE,Federal Contract Tower,0,0,2,0,2,0,0,123,0,123,0,0,125,0,125,156,0,156,281
12/02/2020,RNM,CA,AWP,WE,Federal Contract Tower,0,0,3,0,3,0,0,146,6,152,0,0,149,6,155,302,12,314,469
12/03/2020,RNM,CA,AWP,WE,Federal Contract Tower,0,0,0,0,0,0,0,34,2,36,0,0,34,2,36,46,0,46,82
12/04/2020,RNM,CA,AWP,WE,Federal Contract Tower,0,2,3,0,5,0,0,132,0,132,0,2,135,0,137,362,0,362,499
12/06/2020,RNM,CA,AWP,WE,Federal Contract Tower,0,2,1,0,3,0,0,177,0,177,0,2,178,0,180,285,0,285,465
12/07/2020,RNM,CA,AWP,WE,Federal Contract Tower,0,0,0,0,0,0,0,71,4,75,0,0,71,4,75,208,0,208,283
12/08/2020,RNM,CA,AWP,WE,Federal Contract Tower,0,0,0,0,0,0,0,39,0,39,0,0,39,0,39,78,0,78,117
12/09/2020,RNM,CA,AWP,WE,Federal Contract Tower,0,0,0,0,0,0,0,172,2,174,0,0,172,2,174,456,0,456,630
12/10/2020,RNM,CA,AWP,WE,Federal Contract Tower,0,0,21,0,21,0,0,111,0,111,0,0,132,0,132,294,0,294,426
12/11/2020,RNM,CA,AWP,WE,Federal Contract Tower,0,0,9,0,9,0,0,100,2,102,0,0,109,2,111,306,0,306,417
12/12/2020,RNM,CA,AWP,WE,Federal Contract Tower,0,0,14,0,14,0,0,12,0,12,0,0,26,0,26,8,0,8,34
12/13/2020,RNM,CA,AWP,WE,Federal Contract Tower,0,0,3,0,3,0,0,158,0,158,0,0,161,0,161,264,0,264,425
12/14/2020,RNM,CA,AWP,WE,Federal Contract Tower,0,0,4,0,4,0,0,53,0,53,0,0,57,0,57,258,0,258,315
12/15/2020,RNM,CA,AWP,WE,Federal Contract Tower,0,0,0,0,0,0,0,119,0,119,0,0,119,0,119,287,0,287,406
12/16/2020,RNM,CA,AWP,WE,Federal Contract Tower,0,0,3,0,3,0,0,164,0,164,0,0,167,0,167,370,0,370,537
12/17/2020,RNM,CA,AWP,WE,Federal Contract Tower,0,0,20,0,20,0,0,90,2,92,0,0,110,2,112,232,0,232,344
12/18/2020,RNM,CA,AWP,WE,Federal Contract Tower,0,0,1,0,1,0,0,158,0,158,0,0,159,0,159,410,0,410,569
12/19/2020,RNM,CA,AWP,WE,Federal Contract Tower,0,0,4,0,4,0,0,127,0,127,0,0,131,0,131,234,0,234,365
12/20/2020,RNM,CA,AWP,WE,Federal Contract Tower,0,0,1,0,1,0,0,131,0,131,0,0,132,0,132,230,0,230,362
12/21/2020,RNM,CA,AWP,WE,Federal Contract Tower,0,0,3,0,3,0,0,119,0,119,0,0,122,0,122,411,0,411,533
12/22/2020,RNM,CA,AWP,WE,Federal Contract Tower,0,2,1,0,3,0,0,136,0,136,0,2,137,0,139,368,0,368,507
12/23/2020,RNM,CA,AWP,WE,Federal Contract Tower,0,0,1,0,1,0,0,71,0,71,0,0,72,0,72,112,0,112,184
12/24/2020,RNM,CA,AWP,WE,Federal Contract Tower,0,0,0,0,0,0,0,40,0,40,0,0,40,0,40,50,0,50,90
12/25/2020,RNM,CA,AWP,WE,Federal Contract Tower,0,0,0,0,0,0,0,40,0,40,0,0,40,0,40,50,0,50,90
12/26/2020,RNM,CA,AWP,WE,Federal Contract Tower,0,0,2,0,2,0,0,149,0,149,0,0,151,0,151,264,0,264,415
12/27/2020,RNM,CA,AWP,WE,Federal Contract Tower,0,2,3,0,5,0,0,38,0,38,0,2,41,0,43,46,0,46,89
12/28/2020,RNM,CA,AWP,WE,Federal Contract Tower,0,0,1,0,1,0,0,0,2,2,0,0,1,2,3,0,0,0,3
12/29/2020,RNM,CA,AWP,WE,Federal Contract Tower,0,0,2,0,2,0,0,87,0,87,0,0,89,0,89,230,0,230,319
12/30/2020,RNM,CA,AWP,WE,Federal Contract Tower,0,0,0,0,0,0,0,148,11,159,0,0,148,11,159,316,0,316,475
12/31/2020,RNM,CA,AWP,WE,Federal Contract Tower,0,0,3,0,3,0,0,64,0,64,0,0,67,0,67,162,0,162,229
01/01/2021,RNM,CA,AWP,WE,Federal Contract Tower,0,0,1,0,1,0,0,80,0,80,0,0,81,0,81,128,0,128,209
01/02/2021,RNM,CA,AWP,WE,Federal Contract Tower,0,0,4,0,4,0,0,155,0,155,0,0,159,0,159,248,0,248,407
01/03/2021,RNM,CA,AWP,WE,Federal Contract Tower,0,0,3,0,3,0,0,93,0,93,0,0,96,0,96,185,0,185,281
01/05/2021,RNM,CA,AWP,WE,Federal Contract Tower,0,1,4,0,5,0,0,91,0,91,0,1,95,0,96,306,0,306,402
01/06/2021,RNM,CA,AWP,WE,Federal Contract Tower,0,0,7,0,7,0,0,137,4,141,0,0,144,4,148,410,0,410,558
01/07/2021,RNM,CA,AWP,WE,Federal Contract Tower,0,0,3,0,3,0,0,156,0,156,0,0,159,0,159,450,0,450,609
01/08/2021,RNM,CA,AWP,WE,Federal Contract Tower,0,0,3,0,3,0,0,165,0,165,0,0,168,0,168,10,0,10,178
01/09/2021,RNM,CA,AWP,WE,Federal Contract Tower,0,0,1,0,1,0,0,120,0,120,0,0,121,0,121,232,0,232,353
01/10/2021,RNM,CA,AWP,WE,Federal Contract Tower,0,0,7,0,7,0,0,141,0,141,0,0,148,0,148,180,0,180,328
01/11/2021,RNM,CA,AWP,WE,Federal Contract Tower,0,1,1,0,2,0,0,117,2,119,0,1,118,2,121,188,0,188,309
01/12/2021,RNM,CA,AWP,WE,Federal Contract Tower,0,1,2,0,3,0,0,125,0,125,0,1,127,0,128,288,0,288,416
01/13/2021,RNM,CA,AWP,WE,Federal Contract Tower,0,0,5,0,5,0,0,128,2,130,0,0,133,2,135,300,14,314,449
01/14/2021,RNM,CA,AWP,WE,Federal Contract Tower,0,0,2,0,2,0,0,147,0,147,0,0,149,0,149,363,0,363,512
01/15/2021,RNM,CA,AWP,WE,Federal Contract Tower,0,0,0,0,0,0,0,105,0,105,0,0,105,0,105,344,0,344,449
01/16/2021,RNM,CA,AWP,WE,Federal Contract Tower,0,0,3,0,3,0,0,148,0,148,0,0,151,0,151,278,0,278,429
01/17/2021,RNM,CA,AWP,WE,Federal Contract Tower,0,0,1,0,1,0,0,80,0,80,0,0,81,0,81,140,0,140,221
01/18/2021,RNM,CA,AWP,WE,Federal Contract Tower,0,0,4,0,4,0,0,135,0,135,0,0,139,0,139,404,0,404,543
01/19/2021,RNM,CA,AWP,WE,Federal Contract Tower,0,0,0,0,0,0,0,23,0,23,0,0,23,0,23,99,0,99,122
01/20/2021,RNM,CA,AWP,WE,Federal Contract Tower,0,0,0,0,0,0,0,35,4,39,0,0,35,4,39,138,0,138,177
01/21/2021,RNM,CA,AWP,WE,Federal Contract Tower,0,0,4,0,4,0,0,149,2,151,0,0,153,2,155,348,0,348,503
01/22/2021,RNM,CA,AWP,WE,Federal Contract Tower,0,0,19,0,19,0,0,15,0,15,0,0,34,0,34,18,0,18,52
01/23/2021,RNM,CA,AWP,WE,Federal Contract Tower,0,0,2,0,2,0,0,0,0,0,0,0,2,0,2,0,0,0,2
01/24/2021,RNM,CA,AWP,WE,Federal Contract Tower,0,2,15,0,17,0,0,38,0,38,0,2,53,0,55,188,0,188,243
01/25/2021,RNM,CA,AWP,WE,Federal Contract Tower,0,0,0,0,0,0,0,2,0,2,0,0,2,0,2,8,0,8,10
01/26/2021,RNM,CA,AWP,WE,Federal Contract Tower,0,0,3,0,3,0,0,143,4,147,0,0,146,4,150,234,0,234,384
01/27/2021,RNM,CA,AWP,WE,Federal Contract Tower,0,2,3,0,5,0,0,139,7,146,0,2,142,7,151,385,0,385,536
01/28/2021,RNM,CA,AWP,WE,Federal Contract Tower,0,0,3,0,3,0,0,122,0,122,0,0,125,0,125,366,0,366,491
01/29/2021,RNM,CA,AWP,WE,Federal Contract Tower,0,0,2,0,2,0,0,2,0,2,0,0,4,0,4,0,0,0,4
01/30/2021,RNM,CA,AWP,WE,Federal Contract Tower,0,1,6,0,7,0,0,189,0,189,0,1,195,0,196,367,0,367,563
01/31/2021,RNM,CA,AWP,WE,Federal Contract Tower,0,0,5,0,5,0,0,119,0,119,0,0,124,0,124,310,0,310,434
02/01/2021,RNM,CA,AWP,WE,Federal Contract Tower,0,2,1,0,3,0,0,113,0,113,0,2,114,0,116,407,0,407,523
02/02/2021,RNM,CA,AWP,WE,Federal Contract Tower,0,0,1,0,1,0,0,156,4,160,0,0,157,4,161,405,0,405,566
02/03/2021,RNM,CA,AWP,WE,Federal Contract Tower,0,1,12,0,13,0,0,120,0,120,0,1,132,0,133,441,0,441,574
02/04/2021,RNM,CA,AWP,WE,Federal Contract Tower,0,0,10,0,10,0,0,117,0,117,0,0,127,0,127,382,0,382,509
02/05/2021,RNM,CA,AWP,WE,Federal Contract Tower,0,0,6,0,6,0,0,206,6,212,0,0,212,6,218,492,0,492,710
02/06/2021,RNM,CA,AWP,WE,Federal Contract Tower,0,0,4,0,4,0,0,163,0,163,0,0,167,0,167,275,0,275,442
02/07/2021,RNM,CA,AWP,WE,Federal Contract Tower,0,0,2,0,2,0,0,137,0,137,0,0,139,0,139,244,0,244,383
02/08/2021,RNM,CA,AWP,WE,Federal Contract Tower,0,1,17,0,18,0,0,143,0,143,0,1,160,0,161,375,0,375,536
02/09/2021,RNM,CA,AWP,WE,Federal Contract Tower,0,2,12,0,14,0,0,37,2,39,0,2,49,2,53,268,0,268,321
02/10/2021,RNM,CA,AWP,WE,Federal Contract Tower,0,0,17,0,17,0,0,62,2,64,0,0,79,2,81,218,0,218,299
02/11/2021,RNM,CA,AWP,WE,Federal Contract Tower,0,0,3,0,3,0,0,177,0,177,0,0,180,0,180,398,0,398,578
02/12/2021,RNM,CA,AWP,WE,Federal Contract Tower,0,0,6,0,6,0,0,17,0,17,0,0,23,0,23,90,0,90,113
02/13/2021,RNM,CA,AWP,WE,Federal Contract Tower,0,0,8,0,8,0,0,54,0,54,0,0,62,0,62,152,0,152,214
02/14/2021,RNM,CA,AWP,WE,Federal Contract Tower,0,0,5,0,5,0,0,139,0,139,0,0,144,0,144,262,0,262,406
02/15/2021,RNM,CA,AWP,WE,Federal Contract Tower,0,0,13,0,13,0,0,138,2,140,0,0,151,2,153,266,0,266,419
02/16/2021,RNM,CA,AWP,WE,Federal Contract Tower,0,4,17,0,21,0,0,43,0,43,0,4,60,0,64,199,0,199,263
02/17/2021,RNM,CA,AWP,WE,Federal Contract Tower,0,0,10,0,10,0,0,205,0,205,0,0,215,0,215,354,0,354,569
02/18/2021,RNM,CA,AWP,WE,Federal Contract Tower,0,0,2,0,2,0,0,114,2,116,0,0,116,2,118,124,22,146,264
02/19/2021,RNM,CA,AWP,WE,Federal Contract Tower,0,0,4,0,4,0,0,215,0,215,0,0,219,0,219,404,0,404,623
02/20/2021,RNM,CA,AWP,WE,Federal Contract Tower,0,2,4,0,6,0,0,153,0,153,0,2,157,0,159,308,0,308,467
02/21/2021,RNM,CA,AWP,WE,Federal Contract Tower,0,1,0,0,1,0,0,49,0,49,0,1,49,0,50,44,0,44,94
02/22/2021,RNM,CA,AWP,WE,Federal Contract Tower,0,1,4,0,5,0,0,103,2,105,0,1,107,2,110,235,0,235,345
02/23/2021,RNM,CA,AWP,WE,Federal Contract Tower,0,0,5,0,5,0,0,176,2,178,0,0,181,2,183,406,0,406,589
02/24/2021,RNM,CA,AWP,WE,Federal Contract Tower,0,2,5,0,7,0,0,182,6,188,0,2,187,6,195,341,0,341,536
02/25/2021,RNM,CA,AWP,WE,Federal Contract Tower,0,1,1,0,2,0,0,102,0,102,0,1,103,0,104,202,0,202,306
02/26/2021,RNM,CA,AWP,WE,Federal Contract Tower,0,2,2,0,4,0,0,150,0,150,0,2,152,0,154,217,0,217,371
02/27/2021,RNM,CA,AWP,WE,Federal Contract Tower,0,1,2,0,3,0,0,163,0,163,0,1,165,0,166,238,0,238,404
02/28/2021,RNM,CA,AWP,WE,Federal Contract Tower,0,2,2,0,4,0,0,56,0,56,0,2,58,0,60,83,0,83,143
03/01/2021,RNM,CA,AWP,WE,Federal Contract Tower,0,0,3,0,3,0,0,113,0,113,0,0,116,0,116,193,0,193,309
03/02/2021,RNM,CA,AWP,WE,Federal Contract Tower,0,0,6,0,6,0,0,147,2,149,0,0,153,2,155,326,0,326,481
03/03/2021,RNM,CA,AWP,WE,Federal Contract Tower,0,0,1,0,1,0,0,17,0,17,0,0,18,0,18,20,0,20,38
03/04/2021,RNM,CA,AWP,WE,Federal Contract Tower,0,0,1,0,1,0,0,106,4,110,0,0,107,4,111,270,0,270,381
03/05/2021,RNM,CA,AWP,WE,Federal Contract Tower,0,0,2,0,2,0,0,150,0,150,0,0,152,0,152,272,0,272,424
03/06/2021,RNM,CA,AWP,WE,Federal Contract Tower,0,1,6,0,7,0,0,132,0,132,0,1,138,0,139,311,0,311,450
03/07/2021,RNM,CA,AWP,WE,Federal Contract Tower,0,1,9,0,10,0,0,62,0,62,0,1,71,0,72,121,0,121,193
03/08/2021,RNM,CA,AWP,WE,Federal Contract Tower,0,0,14,0,14,0,0,111,2,113,0,0,125,2,127,366,0,366,493
03/09/2021,RNM,CA,AWP,WE,Federal Contract Tower,0,0,15,0,15,0,0,52,0,52,0,0,67,0,67,138,0,138,205
03/10/2021,RNM,CA,AWP,WE,Federal Contract Tower,0,0,4,0,4,0,0,6,4,10,0,0,10,4,14,0,0,0,14
03/11/2021,RNM,CA,AWP,WE,Federal Contract Tower,0,0,4,0,4,0,0,25,2,27,0,0,29,2,31,34,0,34,65
03/12/2021,RNM,CA,AWP,WE,Federal Contract Tower,0,0,4,0,4,0,0,55,2,57,0,0,59,2,61,68,0,68,129
03/13/2021,RNM,CA,AWP,WE,Federal Contract Tower,0,0,5,0,5,0,0,45,0,45,0,0,50,0,50,88,0,88,138
03/14/2021,RNM,CA,AWP,WE,Federal Contract Tower,0,0,17,0,17,0,0,50,0,50,0,0,67,0,67,168,0,168,235
03/15/2021,RNM,CA,AWP,WE,Federal Contract Tower,0,0,2,0,2,0,0,0,0,0,0,0,2,0,2,0,0,0,2
03/16/2021,RNM,CA,AWP,WE,Federal Contract Tower,0,0,1,0,1,0,0,113,0,113,0,0,114,0,114,234,0,234,348
03/17/2021,RNM,CA,AWP,WE,Federal Contract Tower,0,0,1,1,2,0,0,206,0,206,0,0,207,1,208,396,0,396,604
03/18/2021,RNM,CA,AWP,WE,Federal Contract Tower,0,0,6,0,6,0,0,145,4,149,0,0,151,4,155,304,0,304,459
03/19/2021,RNM,CA,AWP,WE,Federal Contract Tower,0,1,7,0,8,0,0,188,0,188,0,1,195,0,196,311,0,311,507
03/20/2021,RNM,CA,AWP,WE,Federal Contract Tower,0,0,4,0,4,0,0,44,0,44,0,0,48,0,48,48,0,48,96
03/21/2021,RNM,CA,AWP,WE,Federal Contract Tower,0,0,5,0,5,0,0,109,0,109,0,0,114,0,114,228,0,228,342
03/22/2021,RNM,CA,AWP,WE,Federal Contract Tower,0,0,1,0,1,0,0,159,1,160,0,0,160,1,161,325,0,325,486
03/23/2021,RNM,CA,AWP,WE,Federal Contract Tower,0,0,5,0,5,0,0,27,2,29,0,0,32,2,34,104,0,104,138
03/24/2021,RNM,CA,AWP,WE,Federal Contract Tower,0,0,2,0,2,0,0,136,0,136,0,0,138,0,138,306,0,306,444
03/25/2021,RNM,CA,AWP,WE,Federal Contract Tower,0,0,8,0,8,0,0,14,2,16,0,0,22,2,24,56,0,56,80
03/26/2021,RNM,CA,AWP,WE,Federal Contract Tower,0,0,9,0,9,0,0,80,0,80,0,0,89,0,89,209,0,209,298
03/27/2021,RNM,CA,AWP,WE,Federal Contract Tower,0,0,4,0,4,0,0,174,0,174,0,0,178,0,178,306,0,306,484
03/28/2021,RNM,CA,AWP,WE,Federal Contract Tower,0,1,4,0,5,0,0,137,0,137,0,1,141,0,142,255,0,255,397
03/29/2021,RNM,CA,AWP,WE,Federal Contract Tower,0,1,4,0,5,0,0,171,2,173,0,1,175,2,178,355,0,355,533
03/30/2021,RNM,CA,AWP,WE,Federal Contract Tower,0,0,6,0,6,0,0,161,0,161,0,0,167,0,167,351,0,351,518
03/31/2021,RNM,CA,AWP,WE,Federal Contract Tower,0,2,0,1,3,0,0,102,2,104,0,2,102,3,107,153,0,153,260
04/01/2021,RNM,CA,AWP,WE,Federal Contract Tower,0,0,2,0,2,0,0,99,0,99,0,0,101,0,101,244,0,244,345
04/02/2021,RNM,CA,AWP,WE,Federal Contract Tower,0,0,6,0,6,0,0,93,0,93,0,0,99,0,99,302,0,302,401
04/03/2021,RNM,CA,AWP,WE,Federal Contract Tower,0,0,1,0,1,0,0,102,0,102,0,0,103,0,103,135,0,135,238
04/04/2021,RNM,CA,AWP,WE,Federal Contract Tower,0,0,0,0,0,0,0,79,0,79,0,0,79,0,79,153,0,153,232
04/05/2021,RNM,CA,AWP,WE,Federal Contract Tower,0,0,8,0,8,0,0,127,6,133,0,0,135,6,141,281,0,281,422
04/06/2021,RNM,CA,AWP,WE,Federal Contract Tower,0,0,5,0,5,0,0,132,4,136,0,0,137,4,141,250,0,250,391
04/07/2021,RNM,CA,AWP,WE,Federal Contract Tower,0,0,6,0,6,0,0,194,0,194,0,0,200,0,200,411,0,411,611
04/08/2021,RNM,CA,AWP,WE,Federal Contract Tower,0,0,6,0,6,0,0,146,0,146,0,0,152,0,152,305,0,305,457
04/09/2021,RNM,CA,AWP,WE,Federal Contract Tower,0,2,6,0,8,0,0,155,4,159,0,2,161,4,167,287,0,287,454
04/10/2021,RNM,CA,AWP,WE,Federal Contract Tower,0,0,7,0,7,0,2,120,2,124,0,2,127,2,131,245,0,245,376
04/11/2021,RNM,CA,AWP,WE,Federal Contract Tower,0,0,4,0,4,0,0,106,0,106,0,0,110,0,110,224,0,224,334
04/12/2021,RNM,CA,AWP,WE,Federal Contract Tower,0,0,13,0,13,0,0,108,4,112,0,0,121,4,125,198,0,198,323
04/13/2021,RNM,CA,AWP,WE,Federal Contract Tower,0,0,13,2,15,0,0,10,2,12,0,0,23,4,27,40,2,42,69
04/14/2021,RNM,CA,AWP,WE,Federal Contract Tower,0,0,18,0,18,0,0,79,6,85,0,0,97,6,103,202,16,218,321
04/15/2021,RNM,CA,AWP,WE,Federal Contract Tower,0,0,7,0,7,0,0,182,0,182,0,0,189,0,189,320,0,320,509
04/16/2021,RNM,CA,AWP,WE,Federal Contract Tower,0,0,5,0,5,0,0,128,0,128,0,0,133,0,133,242,0,242,375
04/17/2021,RNM,CA,AWP,WE,Federal Contract Tower,0,0,5,0,5,0,0,139,0,139,0,0,144,0,144,282,0,282,426
04/18/2021,RNM,CA,AWP,WE,Federal Contract Tower,0,0,1,0,1,0,0,67,0,67,0,0,68,0,68,63,0,63,131
04/19/2021,RNM,CA,AWP,WE,Federal Contract Tower,0,0,1,0,1,0,0,125,0,125,0,0,126,0,126,316,0,316,442
04/20/2021,RNM,CA,AWP,WE,Federal Contract Tower,0,1,2,0,3,0,0,126,2,128,0,1,128,2,131,370,0,370,501
04/21/2021,RNM,CA,AWP,WE,Federal Contract Tower,0,1,17,0,18,0,0,32,0,32,0,1,49,0,50,54,0,54,104
04/22/2021,RNM,CA,AWP,WE,Federal Contract Tower,0,0,18,0,18,0,0,8,0,8,0,0,26,0,26,24,0,24,50
04/23/2021,RNM,CA,AWP,WE,Federal Contract Tower,0,0,16,0,16,0,0,38,0,38,0,0,54,0,54,71,0,71,125
04/24/2021,RNM,CA,AWP,WE,Federal Contract Tower,0,0,16,0,16,0,0,86,0,86,0,0,102,0,102,130,0,130,232
04/25/2021,RNM,CA,AWP,WE,Federal Contract Tower,0,1,5,0,6,0,0,108,0,108,0,1,113,0,114,222,0,222,336
04/26/2021,RNM,CA,AWP,WE,Federal Contract Tower,0,1,1,0,2,0,0,9,0,9,0,1,10,0,11,38,0,38,49
04/27/2021,RNM,CA,AWP,WE,Federal Contract Tower,0,0,10,2,12,0,0,106,4,110,0,0,116,6,122,226,0,226,348
04/29/2021,RNM,CA,AWP,WE,Federal Contract Tower,0,1,4,0,5,0,0,168,4,172,0,1,172,4,177,310,0,310,487
04/30/2021,RNM,CA,AWP,WE,Federal Contract Tower,0,1,3,0,4,0,0,163,0,163,0,1,166,0,167,262,0,262,429
05/01/2021,RNM,CA,AWP,WE,Federal Contract Tower,0,0,14,0,14,0,0,269,0,269,0,0,283,0,283,186,0,186,469
05/02/2021,RNM,CA,AWP,WE,Federal Contract Tower,0,0,16,0,16,0,0,16,0,16,0,0,32,0,32,13,0,13,45
05/03/2021,RNM,CA,AWP,WE,Federal Contract Tower,0,0,6,0,6,0,0,110,0,110,0,0,116,0,116,229,0,229,345
05/04/2021,RNM,CA,AWP,WE,Federal Contract Tower,0,0,3,0,3,0,0,171,2,173,0,0,174,2,176,467,0,467,643
05/05/2021,RNM,CA,AWP,WE,Federal Contract Tower,0,0,3,0,3,0,0,133,0,133,0,0,136,0,136,308,0,308,444
05/06/2021,RNM,CA,AWP,WE,Federal Contract Tower,0,0,12,0,12,0,0,140,0,140,0,0,152,0,152,268,0,268,420
05/07/2021,RNM,CA,AWP,WE,Federal Contract Tower,0,0,8,0,8,0,0,113,0,113,0,0,121,0,121,200,0,200,321
05/08/2021,RNM,CA,AWP,WE,Federal Contract Tower,0,0,8,0,8,0,0,123,0,123,0,0,131,0,131,208,0,208,339
05/09/2021,RNM,CA,AWP,WE,Federal Contract Tower,0,0,6,0,6,0,0,45,0,45,0,0,51,0,51,112,0,112,163
05/10/2021,RNM,CA,AWP,WE,Federal Contract Tower,0,0,9,0,9,0,0,140,0,140,0,0,149,0,149,283,0,283,432
05/11/2021,RNM,CA,AWP,WE,Federal Contract Tower,0,0,7,0,7,0,0,130,2,132,0,0,137,2,139,225,0,225,364
05/12/2021,RNM,CA,AWP,WE,Federal Contract Tower,0,0,17,0,17,0,0,147,4,151,0,0,164,4,168,274,0,274,442
05/13/2021,RNM,CA,AWP,WE,Federal Contract Tower,0,0,8,0,8,0,0,122,2,124,0,0,130,2,132,310,2,312,444
05/14/2021,RNM,CA,AWP,WE,Federal Contract Tower,0,0,3,0,3,0,0,92,0,92,0,0,95,0,95,303,0,303,398
05/15/2021,RNM,CA,AWP,WE,Federal Contract Tower,0,0,15,0,15,0,0,111,0,111,0,0,126,0,126,191,0,191,317
05/16/2021,RNM,CA,AWP,WE,Federal Contract Tower,0,0,16,0,16,0,0,12,0,12,0,0,28,0,28,41,0,41,69
05/17/2021,RNM,CA,AWP,WE,Federal Contract Tower,0,0,18,0,18,0,0,32,0,32,0,0,50,0,50,98,0,98,148
05/18/2021,RNM,CA,AWP,WE,Federal Contract Tower,0,0,10,0,10,0,0,107,0,107,0,0,117,0,117,250,0,250,367
05/19/2021,RNM,CA,AWP,WE,Federal Contract Tower,0,0,13,0,13,0,0,141,0,141,0,0,154,0,154,252,0,252,406
05/20/2021,RNM,CA,AWP,WE,Federal Contract Tower,0,0,13,0,13,0,0,59,0,59,0,0,72,0,72,114,0,114,186
05/21/2021,RNM,CA,AWP,WE,Federal Contract Tower,0,0,12,0,12,0,0,55,0,55,0,0,67,0,67,112,0,112,179
05/22/2021,RNM,CA,AWP,WE,Federal Contract Tower,0,0,6,0,6,0,0,121,0,121,0,0,127,0,127,162,0,162,289
05/23/2021,RNM,CA,AWP,WE,Federal Contract Tower,0,0,3,0,3,0,0,183,0,183,0,0,186,0,186,258,0,258,444
05/24/2021,RNM,CA,AWP,WE,Federal Contract Tower,0,0,2,0,2,0,0,161,2,163,0,0,163,2,165,329,0,329,494
05/25/2021,RNM,CA,AWP,WE,Federal Contract Tower,0,1,5,0,6,0,0,211,2,213,0,1,216,2,219,304,0,304,523
05/26/2021,RNM,CA,AWP,WE,Federal Contract Tower,0,3,6,0,9,0,0,178,4,182,0,3,184,4,191,404,0,404,595
05/27/2021,RNM,CA,AWP,WE,Federal Contract Tower,0,0,2,0,2,0,0,193,0,193,0,0,195,0,195,397,0,397,592
05/28/2021,RNM,CA,AWP,WE,Federal Contract Tower,0,0,3,0,3,0,0,174,0,174,0,0,177,0,177,348,0,348,525
05/29/2021,RNM,CA,AWP,WE,Federal Contract Tower,0,0,10,0,10,0,0,90,0,90,0,0,100,0,100,223,0,223,323
05/30/2021,RNM,CA,AWP,WE,Federal Contract Tower,0,0,5,0,5,0,0,115,0,115,0,0,120,0,120,220,0,220,340
05/31/2021,RNM,CA,AWP,WE,Federal Contract Tower,0,0,8,0,8,0,0,120,0,120,0,0,128,0,128,156,0,156,284
06/01/2021,RNM,CA,AWP,WE,Federal Contract Tower,0,2,5,0,7,0,0,152,0,152,0,2,157,0,159,274,0,274,433
06/02/2021,RNM,CA,AWP,WE,Federal Contract Tower,0,2,14,0,16,0,0,136,2,138,0,2,150,2,154,356,0,356,510
06/03/2021,RNM,CA,AWP,WE,Federal Contract Tower,0,0,12,0,12,0,0,151,0,151,0,0,163,0,163,401,0,401,564
06/04/2021,RNM,CA,AWP,WE,Federal Contract Tower,0,0,10,0,10,0,0,181,0,181,0,0,191,0,191,416,2,418,609
06/05/2021,RNM,CA,AWP,WE,Federal Contract Tower,0,0,7,0,7,0,0,163,0,163,0,0,170,0,170,303,0,303,473
06/06/2021,RNM,CA,AWP,WE,Federal Contract Tower,0,0,12,0,12,0,0,109,0,109,0,0,121,0,121,222,0,222,343
06/07/2021,RNM,CA,AWP,WE,Federal Contract Tower,0,0,22,0,22,0,0,38,2,40,0,0,60,2,62,60,2,62,124
06/08/2021,RNM,CA,AWP,WE,Federal Contract Tower,0,0,10,0,10,0,0,155,2,157,0,0,165,2,167,353,0,353,520
06/09/2021,RNM,CA,AWP,WE,Federal Contract Tower,0,0,6,0,6,0,0,159,0,159,0,0,165,0,165,388,0,388,553
06/10/2021,RNM,CA,AWP,WE,Federal Contract Tower,0,0,1,0,1,0,0,175,2,177,0,0,176,2,178,332,0,332,510
06/11/2021,RNM,CA,AWP,WE,Federal Contract Tower,0,0,2,0,2,0,0,139,0,139,0,0,141,0,141,340,0,340,481
06/12/2021,RNM,CA,AWP,WE,Federal Contract Tower,0,0,2,0,2,0,0,150,0,150,0,0,152,0,152,263,0,263,415
06/13/2021,RNM,CA,AWP,WE,Federal Contract Tower,0,0,3,0,3,0,0,130,0,130,0,0,133,0,133,196,0,196,329
06/14/2021,RNM,CA,AWP,WE,Federal Contract Tower,0,1,3,0,4,0,0,119,2,121,0,1,122,2,125,242,6,248,373
06/15/2021,RNM,CA,AWP,WE,Federal Contract Tower,0,0,1,0,1,0,0,128,2,130,0,0,129,2,131,290,0,290,421
06/16/2021,RNM,CA,AWP,WE,Federal Contract Tower,0,0,16,0,16,0,0,123,2,125,0,0,139,2,141,182,24,206,347
06/17/2021,RNM,CA,AWP,WE,Federal Contract Tower,0,0,3,0,3,0,0,101,6,107,0,0,104,6,110,252,0,252,362
06/18/2021,RNM,CA,AWP,WE,Federal Contract Tower,0,0,10,0,10,0,0,140,0,140,0,0,150,0,150,315,0,315,465
06/19/2021,RNM,CA,AWP,WE,Federal Contract Tower,0,2,1,0,3,0,0,143,0,143,0,2,144,0,146,178,0,178,324
06/20/2021,RNM,CA,AWP,WE,Federal Contract Tower,0,0,5,0,5,0,0,222,0,222,0,0,227,0,227,151,0,151,378
06/21/2021,RNM,CA,AWP,WE,Federal Contract Tower,0,0,6,0,6,0,0,133,4,137,0,0,139,4,143,310,0,310,453
06/22/2021,RNM,CA,AWP,WE,Federal Contract Tower,0,2,15,0,17,0,0,136,2,138,0,2,151,2,155,308,6,314,469
06/23/2021,RNM,CA,AWP,WE,Federal Contract Tower,0,1,5,0,6,0,0,191,0,191,0,1,196,0,197,100,0,100,297
06/24/2021,RNM,CA,AWP,WE,Federal Contract Tower,0,0,12,0,12,0,0,136,2,138,0,0,148,2,150,334,0,334,484
06/25/2021,RNM,CA,AWP,WE,Federal Contract Tower,0,0,9,0,9,0,0,123,0,123,0,0,132,0,132,327,0,327,459
06/27/2021,RNM,CA,AWP,WE,Federal Contract Tower,0,0,6,0,6,0,0,104,0,104,0,0,110,0,110,196,0,196,306
06/28/2021,RNM,CA,AWP,WE,Federal Contract Tower,0,0,9,0,9,0,0,162,0,162,0,0,171,0,171,405,0,405,576
06/29/2021,RNM,CA,AWP,WE,Federal Contract Tower,0,0,20,2,22,0,0,108,1,109,0,0,128,3,131,266,0,266,397
06/30/2021,RNM,CA,AWP,WE,Federal Contract Tower,0,0,13,1,14,0,0,143,4,147,0,0,156,5,161,306,0,306,467
07/01/2021,RNM,CA,AWP,WE,Federal Contract Tower,0,2,5,0,7,0,0,135,2,137,0,2,140,2,144,272,0,272,416
07/02/2021,RNM,CA,AWP,WE,Federal Contract Tower,0,0,13,0,13,0,0,182,2,184,0,0,195,2,197,314,0,314,511
07/03/2021,RNM,CA,AWP,WE,Federal Contract Tower,0,0,5,0,5,0,0,146,0,146,0,0,151,0,151,191,0,191,342
07/04/2021,RNM,CA,AWP,WE,Federal Contract Tower,0,0,5,0,5,0,0,62,0,62,0,0,67,0,67,58,0,58,125
07/05/2021,RNM,CA,AWP,WE,Federal Contract Tower,0,0,9,0,9,0,0,111,0,111,0,0,120,0,120,206,0,206,326
07/06/2021,RNM,CA,AWP,WE,Federal Contract Tower,0,2,11,0,13,0,0,148,2,150,0,2,159,2,163,262,0,262,425
07/07/2021,RNM,CA,AWP,WE,Federal Contract Tower,0,0,6,1,7,0,0,153,0,153,0,0,159,1,160,331,0,331,491
07/08/2021,RNM,CA,AWP,WE,Federal Contract Tower,0,0,7,0,7,0,0,146,0,146,0,0,153,0,153,246,0,246,399
07/09/2021,RNM,CA,AWP,WE,Federal Contract Tower,0,0,8,0,8,0,0,144,0,144,0,0,152,0,152,294,0,294,446
07/10/2021,RNM,CA,AWP,WE,Federal Contract Tower,0,0,1,0,1,0,0,184,0,184,0,0,185,0,185,179,0,179,364
07/11/2021,RNM,CA,AWP,WE,Federal Contract Tower,0,0,3,0,3,0,0,99,0,99,0,0,102,0,102,222,0,222,324
07/12/2021,RNM,CA,AWP,WE,Federal Contract Tower,0,0,5,0,5,0,0,134,8,142,0,0,139,8,147,347,0,347,494
07/13/2021,RNM,CA,AWP,WE,Federal Contract Tower,0,2,5,0,7,0,0,136,4,140,0,2,141,4,147,520,12,532,679
07/14/2021,RNM,CA,AWP,WE,Federal Contract Tower,0,0,4,0,4,0,0,185,0,185,0,0,189,0,189,362,0,362,551
07/15/2021,RNM,CA,AWP,WE,Federal Contract Tower,0,2,5,0,7,0,0,194,0,194,0,2,199,0,201,248,0,248,449
07/16/2021,RNM,CA,AWP,WE,Federal Contract Tower,0,0,6,0,6,0,0,174,0,174,0,0,180,0,180,319,0,319,499
07/17/2021,RNM,CA,AWP,WE,Federal Contract Tower,0,0,3,0,3,0,0,117,0,117,0,0,120,0,120,181,0,181,301
07/18/2021,RNM,CA,AWP,WE,Federal Contract Tower,0,0,3,0,3,0,0,91,0,91,0,0,94,0,94,148,0,148,242
07/19/2021,RNM,CA,AWP,WE,Federal Contract Tower,0,0,2,0,2,0,0,116,2,118,0,0,118,2,120,266,0,266,386
07/20/2021,RNM,CA,AWP,WE,Federal Contract Tower,0,0,1,0,1,0,0,142,2,144,0,0,143,2,145,318,0,318,463
07/21/2021,RNM,CA,AWP,WE,Federal Contract Tower,0,0,5,0,5,0,0,117,0,117,0,0,122,0,122,276,0,276,398
07/22/2021,RNM,CA,AWP,WE,Federal Contract Tower,0,1,6,0,7,0,0,109,0,109,0,1,115,0,116,188,0,188,304
07/23/2021,RNM,CA,AWP,WE,Federal Contract Tower,0,0,9,0,9,0,0,152,0,152,0,0,161,0,161,301,0,301,462
07/24/2021,RNM,CA,AWP,WE,Federal Contract Tower,0,0,6,0,6,0,0,119,0,119,0,0,125,0,125,210,0,210,335
07/25/2021,RNM,CA,AWP,WE,Federal Contract Tower,0,0,6,0,6,0,0,51,0,51,0,0,57,0,57,73,0,73,130
07/26/2021,RNM,CA,AWP,WE,Federal Contract Tower,0,0,12,0,12,0,0,7,2,9,0,0,19,2,21,0,0,0,21
07/27/2021,RNM,CA,AWP,WE,Federal Contract Tower,0,0,13,0,13,0,0,123,2,125,0,0,136,2,138,182,0,182,320
07/28/2021,RNM,CA,AWP,WE,Federal Contract Tower,0,2,1,0,3,0,0,164,4,168,0,2,165,4,171,326,0,326,497
07/29/2021,RNM,CA,AWP,WE,Federal Contract Tower,0,0,0,0,0,0,0,130,0,130,0,0,130,0,130,220,0,220,350
07/30/2021,RNM,CA,AWP,WE,Federal Contract Tower,0,0,5,0,5,0,0,121,0,121,0,0,126,0,126,214,0,214,340
07/31/2021,RNM,CA,AWP,WE,Federal Contract Tower,0,0,2,0,2,0,0,144,0,144,0,0,146,0,146,288,0,288,434
08/01/2021,RNM,CA,AWP,WE,Federal Contract Tower,0,0,2,0,2,0,0,134,0,134,0,0,136,0,136,143,0,143,279
08/02/2021,RNM,CA,AWP,WE,Federal Contract Tower,0,0,1,0,1,0,0,114,0,114,0,0,115,0,115,244,0,244,359
08/03/2021,RNM,CA,AWP,WE,Federal Contract Tower,0,0,5,0,5,0,0,153,0,153,0,0,158,0,158,410,0,410,568
08/04/2021,RNM,CA,AWP,WE,Federal Contract Tower,0,0,8,0,8,0,0,143,2,145,0,0,151,2,153,342,0,342,495
08/05/2021,RNM,CA,AWP,WE,Federal Contract Tower,0,0,7,0,7,0,0,153,0,153,0,0,160,0,160,298,0,298,458
08/06/2021,RNM,CA,AWP,WE,Federal Contract Tower,0,2,12,0,14,0,0,106,0,106,0,2,118,0,120,237,0,237,357
08/07/2021,RNM,CA,AWP,WE,Federal Contract Tower,0,0,5,0,5,0,0,132,0,132,0,0,137,0,137,166,0,166,303
08/08/2021,RNM,CA,AWP,WE,Federal Contract Tower,0,0,14,0,14,0,0,116,0,116,0,0,130,0,130,168,0,168,298
08/09/2021,RNM,CA,AWP,WE,Federal Contract Tower,0,1,2,0,3,0,0,129,0,129,0,1,131,0,132,272,0,272,404
08/10/2021,RNM,CA,AWP,WE,Federal Contract Tower,0,2,5,0,7,0,0,132,2,134,0,2,137,2,141,307,0,307,448
08/11/2021,RNM,CA,AWP,WE,Federal Contract Tower,0,1,2,0,3,0,0,140,0,140,0,1,142,0,143,124,0,124,267
08/12/2021,RNM,CA,AWP,WE,Federal Contract Tower,0,0,5,0,5,0,0,98,2,100,0,0,103,2,105,148,0,148,253
08/13/2021,RNM,CA,AWP,WE,Federal Contract Tower,0,0,2,0,2,0,0,113,0,113,0,0,115,0,115,172,0,172,287
08/14/2021,RNM,CA,AWP,WE,Federal Contract Tower,0,0,1,0,1,0,0,122,0,122,0,0,123,0,123,206,0,206,329
08/15/2021,RNM,CA,AWP,WE,Federal Contract Tower,0,0,3,0,3,0,0,142,0,142,0,0,145,0,145,195,0,195,340
08/16/2021,RNM,CA,AWP,WE,Federal Contract Tower,0,1,4,0,5,0,0,146,0,146,0,1,150,0,151,322,0,322,473
08/17/2021,RNM,CA,AWP,WE,Federal Contract Tower,0,1,12,0,13,0,0,118,0,118,0,1,130,0,131,316,0,316,447
08/18/2021,RNM,CA,AWP,WE,Federal Contract Tower,0,0,22,0,22,0,0,22,0,22,0,0,44,0,44,56,0,56,100
08/19/2021,RNM,CA,AWP,WE,Federal Contract Tower,0,0,22,0,22,0,0,75,0,75,0,0,97,0,97,146,0,146,243
08/20/2021,RNM,CA,AWP,WE,Federal Contract Tower,0,0,18,0,18,0,0,90,8,98,0,0,108,8,116,113,0,113,229
08/21/2021,RNM,CA,AWP,WE,Federal Contract Tower,0,0,7,0,7,0,0,8,0,8,0,0,15,0,15,6,0,6,21
08/22/2021,RNM,CA,AWP,WE,Federal Contract Tower,0,0,20,0,20,0,0,69,0,69,0,0,89,0,89,66,0,66,155
08/23/2021,RNM,CA,AWP,WE,Federal Contract Tower,0,0,11,0,11,0,0,103,2,105,0,0,114,2,116,156,0,156,272
08/24/2021,RNM,CA,AWP,WE,Federal Contract Tower,0,0,5,0,5,0,0,150,2,152,0,0,155,2,157,236,0,236,393
08/25/2021,RNM,CA,AWP,WE,Federal Contract Tower,0,2,5,0,7,0,0,148,2,150,0,2,153,2,157,218,1,219,376
08/26/2021,RNM,CA,AWP,WE,Federal Contract Tower,0,2,8,0,10,0,0,136,2,138,0,2,144,2,148,220,0,220,368
08/27/2021,RNM,CA,AWP,WE,Federal Contract Tower,0,0,8,0,8,0,0,130,4,134,0,0,138,4,142,221,0,221,363
08/28/2021,RNM,CA,AWP,WE,Federal Contract Tower,0,0,5,0,5,0,0,139,0,139,0,0,144,0,144,205,0,205,349
08/29/2021,RNM,CA,AWP,WE,Federal Contract Tower,0,0,3,0,3,0,0,104,0,104,0,0,107,0,107,158,0,158,265
08/30/2021,RNM,CA,AWP,WE,Federal Contract Tower,0,0,5,0,5,0,0,84,2,86,0,0,89,2,91,138,0,138,229
08/31/2021,RNM,CA,AWP,WE,Federal Contract Tower,0,0,9,0,9,0,0,8,6,14,0,0,17,6,23,8,12,20,43
09/01/2021,RNM,CA,AWP,WE,Federal Contract Tower,0,2,22,0,24,0,0,56,4,60,0,2,78,4,84,66,0,66,150
09/02/2021,RNM,CA,AWP,WE,Federal Contract Tower,0,0,10,0,10,0,0,104,2,106,0,0,114,2,116,190,0,190,306
09/03/2021,RNM,CA,AWP,WE,Federal Contract Tower,0,0,7,0,7,0,0,139,0,139,0,0,146,0,146,230,0,230,376
09/04/2021,RNM,CA,AWP,WE,Federal Contract Tower,0,0,6,0,6,0,0,128,0,128,0,0,134,0,134,134,0,134,268
09/05/2021,RNM,CA,AWP,WE,Federal Contract Tower,0,0,4,0,4,0,0,124,0,124,0,0,128,0,128,181,0,181,309
09/06/2021,RNM,CA,AWP,WE,Federal Contract Tower,0,0,115,0,115,0,0,135,0,135,0,0,250,0,250,188,0,188,438
09/07/2021,RNM,CA,AWP,WE,Federal Contract Tower,0,0,6,0,6,0,0,134,0,134,0,0,140,0,140,252,0,252,392
09/08/2021,RNM,CA,AWP,WE,Federal Contract Tower,0,1,7,0,8,0,0,212,0,212,0,1,219,0,220,278,0,278,498
09/09/2021,RNM,CA,AWP,WE,Federal Contract Tower,0,2,3,0,5,0,0,126,0,126,0,2,129,0,131,208,0,208,339
09/10/2021,RNM,CA,AWP,WE,Federal Contract Tower,0,0,3,0,3,0,0,100,0,100,0,0,103,0,103,146,0,146,249
09/11/2021,RNM,CA,AWP,WE,Federal Contract Tower,0,0,5,0,5,0,0,129,0,129,0,0,134,0,134,201,0,201,335
09/12/2021,RNM,CA,AWP,WE,Federal Contract Tower,0,0,4,0,4,0,0,163,0,163,0,0,167,0,167,207,0,207,374
09/13/2021,RNM,CA,AWP,WE,Federal Contract Tower,0,2,2,0,4,0,0,163,0,163,0,2,165,0,167,260,0,260,427
09/14/2021,RNM,CA,AWP,WE,Federal Contract Tower,0,1,10,0,11,0,0,128,0,128,0,1,138,0,139,283,0,283,422
09/15/2021,RNM,CA,AWP,WE,Federal Contract Tower,0,1,6,0,7,0,0,154,2,156,0,1,160,2,163,308,0,308,471
09/16/2021,RNM,CA,AWP,WE,Federal Contract Tower,0,0,9,0,9,0,0,146,6,152,0,0,155,6,161,242,0,242,403
09/17/2021,RNM,CA,AWP,WE,Federal Contract Tower,0,2,8,0,10,0,0,117,0,117,0,2,125,0,127,226,0,226,353
09/18/2021,RNM,CA,AWP,WE,Federal Contract Tower,0,0,2,0,2,0,0,132,0,132,0,0,134,0,134,145,0,145,279
09/19/2021,RNM,CA,AWP,WE,Federal Contract Tower,0,2,4,0,6,0,0,99,0,99,0,2,103,0,105,147,0,147,252
09/20/2021,RNM,CA,AWP,WE,Federal Contract Tower,0,2,2,0,4,0,0,129,2,131,0,2,131,2,135,224,0,224,359
09/21/2021,RNM,CA,AWP,WE,Federal Contract Tower,0,2,2,0,4,0,0,156,2,158,0,2,158,2,162,182,0,182,344
09/22/2021,RNM,CA,AWP,WE,Federal Contract Tower,0,0,1,0,1,0,0,133,4,137,0,0,134,4,138,206,0,206,344
09/23/2021,RNM,CA,AWP,WE,Federal Contract Tower,0,0,3,0,3,0,0,134,0,134,0,0,137,0,137,284,0,284,421
09/24/2021,RNM,CA,AWP,WE,Federal Contract Tower,0,0,3,0,3,0,0,76,8,84,0,0,79,8,87,44,0,44,131
09/25/2021,RNM,CA,AWP,WE,Federal Contract Tower,0,0,9,0,9,0,0,142,0,142,0,0,151,0,151,281,0,281,432
09/26/2021,RNM,CA,AWP,WE,Federal Contract Tower,0,2,11,0,13,0,0,12,0,12,0,2,23,0,25,32,0,32,57
09/27/2021,RNM,CA,AWP,WE,Federal Contract Tower,0,0,13,0,13,0,0,6,0,6,0,0,19,0,19,4,0,4,23
09/28/2021,RNM,CA,AWP,WE,Federal Contract Tower,0,0,25,0,25,0,0,57,0,57,0,0,82,0,82,110,0,110,192
09/29/2021,RNM,CA,AWP,WE,Federal Contract Tower,0,0,11,0,11,0,0,176,2,178,0,0,187,2,189,278,0,278,467
09/30/2021,RNM,CA,AWP,WE,Federal Contract Tower,0,0,0,0,0,0,0,131,0,131,0,0,131,0,131,245,0,245,376
10/01/2021,RNM,CA,AWP,WE,Federal Contract Tower,0,0,3,0,3,0,0,184,0,184,0,0,187,0,187,221,0,221,408
10/02/2021,RNM,CA,AWP,WE,Federal Contract Tower,0,0,1,0,1,0,0,120,0,120,0,0,121,0,121,18,0,18,139
10/03/2021,RNM,CA,AWP,WE,Federal Contract Tower,0,0,2,0,2,0,0,87,0,87,0,0,89,0,89,109,0,109,198
10/04/2021,RNM,CA,AWP,WE,Federal Contract Tower,0,0,3,0,3,0,0,113,0,113,0,0,116,0,116,178,0,178,294
10/05/2021,RNM,CA,AWP,WE,Federal Contract Tower,0,0,12,0,12,0,0,76,4,80,0,0,88,4,92,133,0,133,225
10/06/2021,RNM,CA,AWP,WE,Federal Contract Tower,0,0,33,0,33,0,0,19,0,19,0,0,52,0,52,23,0,23,75
10/07/2021,RNM,CA,AWP,WE,Federal Contract Tower,0,0,25,0,25,0,0,20,2,22,0,0,45,2,47,49,0,49,96
10/08/2021,RNM,CA,AWP,WE,Federal Contract Tower,0,0,14,0,14,0,0,10,0,10,0,0,24,0,24,6,0,6,30
10/09/2021,RNM,CA,AWP,WE,Federal Contract Tower,0,0,1,0,1,0,0,181,0,181,0,0,182,0,182,234,0,234,416
10/10/2021,RNM,CA,AWP,WE,Federal Contract Tower,0,0,2,0,2,0,0,176,0,176,0,0,178,0,178,306,0,306,484
10/11/2021,RNM,CA,AWP,WE,Federal Contract Tower,0,2,9,0,11,0,0,37,0,37,0,2,46,0,48,86,0,86,134
10/12/2021,RNM,CA,AWP,WE,Federal Contract Tower,0,0,6,0,6,0,0,121,2,123,0,0,127,2,129,302,0,302,431
10/13/2021,RNM,CA,AWP,WE,Federal Contract Tower,0,2,6,0,8,0,0,196,0,196,0,2,202,0,204,319,0,319,523
10/14/2021,RNM,CA,AWP,WE,Federal Contract Tower,0,0,1,0,1,0,0,179,2,181,0,0,180,2,182,270,0,270,452
10/15/2021,RNM,CA,AWP,WE,Federal Contract Tower,0,0,0,0,0,0,0,66,2,68,0,0,66,2,68,64,0,64,132
10/16/2021,RNM,CA,AWP,WE,Federal Contract Tower,0,0,2,0,2,0,0,145,0,145,0,0,147,0,147,316,0,316,463
10/17/2021,RNM,CA,AWP,WE,Federal Contract Tower,0,0,11,0,11,0,0,126,0,126,0,0,137,0,137,162,0,162,299
10/18/2021,RNM,CA,AWP,WE,Federal Contract Tower,0,0,7,0,7,0,0,8,0,8,0,0,15,0,15,20,0,20,35
10/19/2021,RNM,CA,AWP,WE,Federal Contract Tower,0,0,0,0,0,0,0,169,2,171,0,0,169,2,171,222,0,222,393
10/20/2021,RNM,CA,AWP,WE,Federal Contract Tower,0,0,1,0,1,0,0,146,0,146,0,0,147,0,147,365,0,365,512
10/21/2021,RNM,CA,AWP,WE,Federal Contract Tower,0,0,3,0,3,0,0,184,0,184,0,0,187,0,187,203,0,203,390
10/22/2021,RNM,CA,AWP,WE,Federal Contract Tower,0,0,10,0,10,0,0,154,6,160,0,0,164,6,170,293,4,297,467
10/24/2021,RNM,CA,AWP,WE,Federal Contract Tower,0,0,5,0,5,0,0,138,0,138,0,0,143,0,143,343,0,343,486
10/25/2021,RNM,CA,AWP,WE,Federal Contract Tower,0,2,8,0,10,0,0,2,0,2,0,2,10,0,12,0,0,0,12
10/26/2021,RNM,CA,AWP,WE,Federal Contract Tower,0,2,10,0,12,0,0,121,2,123,0,2,131,2,135,339,0,339,474
10/27/2021,RNM,CA,AWP,WE,Federal Contract Tower,0,0,2,0,2,0,0,167,0,167,0,0,169,0,169,278,0,278,447
10/28/2021,RNM,CA,AWP,WE,Federal Contract Tower,0,0,5,0,5,0,0,144,2,146,0,0,149,2,151,182,0,182,333
10/29/2021,RNM,CA,AWP,WE,Federal Contract Tower,0,0,3,0,3,0,0,169,0,169,0,0,172,0,172,198,0,198,370
10/30/2021,RNM,CA,AWP,WE,Federal Contract Tower,0,0,5,0,5,0,0,171,0,171,0,0,176,0,176,171,0,171,347
10/31/2021,RNM,CA,AWP,WE,Federal Contract Tower,0,0,4,0,4,0,0,77,0,77,0,0,81,0,81,136,0,136,217
11/01/2021,RNM,CA,AWP,WE,Federal Contract Tower,0,0,14,0,14,0,0,117,0,117,0,0,131,0,131,240,0,240,371
11/02/2021,RNM,CA,AWP,WE,Federal Contract Tower,0,0,17,0,17,0,0,129,6,135,0,0,146,6,152,250,0,250,402
11/03/2021,RNM,CA,AWP,WE,Federal Contract Tower,0,0,9,0,9,0,0,197,4,201,0,0,206,4,210,330,0,330,540
11/04/2021,RNM,CA,AWP,WE,Federal Contract Tower,0,0,10,0,10,0,0,161,0,161,0,0,171,0,171,252,0,252,423
11/05/2021,RNM,CA,AWP,WE,Federal Contract Tower,0,0,9,0,9,0,0,157,0,157,0,0,166,0,166,180,2,182,348
11/06/2021,RNM,CA,AWP,WE,Federal Contract Tower,0,0,6,0,6,0,0,138,0,138,0,0,144,0,144,282,0,282,426
11/07/2021,RNM,CA,AWP,WE,Federal Contract Tower,0,0,8,0,8,0,0,122,0,122,0,0,130,0,130,234,0,234,364
11/08/2021,RNM,CA,AWP,WE,Federal Contract Tower,0,0,4,0,4,0,0,151,0,151,0,0,155,0,155,290,0,290,445
11/09/2021,RNM,CA,AWP,WE,Federal Contract Tower,0,2,11,0,13,0,0,107,0,107,0,2,118,0,120,218,0,218,338
11/10/2021,RNM,CA,AWP,WE,Federal Contract Tower,0,0,2,0,2,0,0,154,0,154,0,0,156,0,156,220,0,220,376
11/11/2021,RNM,CA,AWP,WE,Federal Contract Tower,0,2,3,0,5,0,0,113,0,113,0,2,116,0,118,214,0,214,332
11/12/2021,RNM,CA,AWP,WE,Federal Contract Tower,0,0,1,0,1,0,0,69,0,69,0,0,70,0,70,178,0,178,248
11/13/2021,RNM,CA,AWP,WE,Federal Contract Tower,0,0,2,0,2,0,0,130,0,130,0,0,132,0,132,268,0,268,400
11/14/2021,RNM,CA,AWP,WE,Federal Contract Tower,0,0,5,0,5,0,0,111,0,111,0,0,116,0,116,148,0,148,264
11/15/2021,RNM,CA,AWP,WE,Federal Contract Tower,0,0,3,0,3,0,0,163,0,163,0,0,166,0,166,300,0,300,466
11/16/2021,RNM,CA,AWP,WE,Federal Contract Tower,0,0,16,0,16,0,0,136,0,136,0,0,152,0,152,231,0,231,383
11/17/2021,RNM,CA,AWP,WE,Federal Contract Tower,0,0,2,0,2,0,0,175,2,177,0,0,177,2,179,210,4,214,393
11/18/2021,RNM,CA,AWP,WE,Federal Contract Tower,0,0,13,0,13,0,0,98,0,98,0,0,111,0,111,194,0,194,305
11/19/2021,RNM,CA,AWP,WE,Federal Contract Tower,0,2,9,0,11,0,0,108,2,110,0,2,117,2,121,356,2,358,479
11/20/2021,RNM,CA,AWP,WE,Federal Contract Tower,0,0,9,0,9,0,0,124,0,124,0,0,133,0,133,249,0,249,382
11/21/2021,RNM,CA,AWP,WE,Federal Contract Tower,0,0,1,0,1,0,0,72,0,72,0,0,73,0,73,64,0,64,137
11/22/2021,RNM,CA,AWP,WE,Federal Contract Tower,0,0,1,0,1,0,0,121,0,121,0,0,122,0,122,200,0,200,322
11/23/2021,RNM,CA,AWP,WE,Federal Contract Tower,0,0,4,0,4,0,0,135,2,137,0,0,139,2,141,234,0,234,375
11/24/2021,RNM,CA,AWP,WE,Federal Contract Tower,0,0,7,0,7,0,0,188,0,188,0,0,195,0,195,296,0,296,491
11/25/2021,RNM,CA,AWP,WE,Federal Contract Tower,0,0,0,0,0,0,0,20,0,20,0,0,20,0,20,12,0,12,32
11/26/2021,RNM,CA,AWP,WE,Federal Contract Tower,0,0,1,0,1,0,0,60,0,60,0,0,61,0,61,160,0,160,221
11/27/2021,RNM,CA,AWP,WE,Federal Contract Tower,0,0,1,0,1,0,0,142,0,142,0,0,143,0,143,204,0,204,347
11/28/2021,RNM,CA,AWP,WE,Federal Contract Tower,0,1,3,0,4,0,0,128,0,128,0,1,131,0,132,203,0,203,335
11/29/2021,RNM,CA,AWP,WE,Federal Contract Tower,0,0,3,0,3,0,0,155,0,155,0,0,158,0,158,341,0,341,499
11/30/2021,RNM,CA,AWP,WE,Federal Contract Tower,0,0,2,0,2,0,0,110,0,110,0,0,112,0,112,200,0,200,312
12/01/2021,RNM,CA,AWP,WE,Federal Contract Tower,0,2,4,0,6,0,0,142,2,144,0,2,146,2,150,174,0,174,324
12/02/2021,RNM,CA,AWP,WE,Federal Contract Tower,0,0,8,0,8,0,0,119,0,119,0,0,127,0,127,176,0,176,303
12/03/2021,RNM,CA,AWP,WE,Federal Contract Tower,0,0,11,0,11,0,0,105,0,105,0,0,116,0,116,185,0,185,301
12/04/2021,RNM,CA,AWP,WE,Federal Contract Tower,0,0,10,0,10,0,0,120,0,120,0,0,130,0,130,206,0,206,336
12/05/2021,RNM,CA,AWP,WE,Federal Contract Tower,0,2,4,0,6,0,0,111,0,111,0,2,115,0,117,217,0,217,334
12/06/2021,RNM,CA,AWP,WE,Federal Contract Tower,0,0,9,0,9,0,0,132,2,134,0,0,141,2,143,260,0,260,403
12/07/2021,RNM,CA,AWP,WE,Federal Contract Tower,0,0,28,0,28,0,0,30,2,32,0,0,58,2,60,96,10,106,166
12/08/2021,RNM,CA,AWP,WE,Federal Contract Tower,0,0,9,0,9,0,0,138,2,140,0,0,147,2,149,372,0,372,521
12/09/2021,RNM,CA,AWP,WE,Federal Contract Tower,0,0,1,0,1,0,0,0,0,0,0,0,1,0,1,0,0,0,1
12/10/2021,RNM,CA,AWP,WE,Federal Contract Tower,0,0,15,0,15,0,1,94,0,95,0,1,109,0,110,170,0,170,280
12/11/2021,RNM,CA,AWP,WE,Federal Contract Tower,0,0,1,0,1,0,0,179,0,179,0,0,180,0,180,250,0,250,430
12/12/2021,RNM,CA,AWP,WE,Federal Contract Tower,0,0,2,0,2,0,0,142,0,142,0,0,144,0,144,187,0,187,331
12/13/2021,RNM,CA,AWP,WE,Federal Contract Tower,0,0,23,0,23,0,0,37,2,39,0,0,60,2,62,108,0,108,170
12/14/2021,RNM,CA,AWP,WE,Federal Contract Tower,0,0,0,0,0,0,0,0,0,0,0,0,0,0,0,0,0,0,0
12/15/2021,RNM,CA,AWP,WE,Federal Contract Tower,0,0,10,0,10,0,0,197,6,203,0,0,207,6,213,296,0,296,509
12/16/2021,RNM,CA,AWP,WE,Federal Contract Tower,0,0,18,0,18,0,0,147,0,147,0,0,165,0,165,204,4,208,373
12/17/2021,RNM,CA,AWP,WE,Federal Contract Tower,0,1,8,0,9,0,0,176,8,184,0,1,184,8,193,331,0,331,524
12/18/2021,RNM,CA,AWP,WE,Federal Contract Tower,0,0,3,0,3,0,0,131,0,131,0,0,134,0,134,246,0,246,380
12/19/2021,RNM,CA,AWP,WE,Federal Contract Tower,0,0,8,0,8,0,0,139,0,139,0,0,147,0,147,218,0,218,365
12/20/2021,RNM,CA,AWP,WE,Federal Contract Tower,0,2,3,0,5,0,0,122,0,122,0,2,125,0,127,224,0,224,351
12/21/2021,RNM,CA,AWP,WE,Federal Contract Tower,0,0,4,0,4,0,0,139,0,139,0,0,143,0,143,214,0,214,357
12/22/2021,RNM,CA,AWP,WE,Federal Contract Tower,0,2,4,0,6,0,0,154,4,158,0,2,158,4,164,242,0,242,406
12/23/2021,RNM,CA,AWP,WE,Federal Contract Tower,0,0,7,0,7,0,0,25,0,25,0,0,32,0,32,80,0,80,112
12/24/2021,RNM,CA,AWP,WE,Federal Contract Tower,0,0,1,0,1,0,0,2,0,2,0,0,3,0,3,18,0,18,21
12/25/2021,RNM,CA,AWP,WE,Federal Contract Tower,0,0,0,0,0,0,0,0,0,0,0,0,0,0,0,0,0,0,0
12/26/2021,RNM,CA,AWP,WE,Federal Contract Tower,0,0,0,0,0,0,0,57,0,57,0,0,57,0,57,160,0,160,217
12/27/2021,RNM,CA,AWP,WE,Federal Contract Tower,0,0,5,0,5,0,0,29,2,31,0,0,34,2,36,52,6,58,94
12/28/2021,RNM,CA,AWP,WE,Federal Contract Tower,0,0,3,0,3,0,0,8,0,8,0,0,11,0,11,38,0,38,49
12/29/2021,RNM,CA,AWP,WE,Federal Contract Tower,0,0,1,0,1,0,0,8,2,10,0,0,9,2,11,68,0,68,79
12/30/2021,RNM,CA,AWP,WE,Federal Contract Tower,0,0,6,0,6,0,0,21,0,21,0,0,27,0,27,46,0,46,73
12/31/2021,RNM,CA,AWP,WE,Federal Contract Tower,0,0,9,0,9,0,0,31,0,31,0,0,40,0,40,86,0,86,126
01/01/2022,RNM,CA,AWP,WE,Federal Contract Tower,0,0,0,0,0,0,0,76,0,76,0,0,76,0,76,132,0,132,208
01/02/2022,RNM,CA,AWP,WE,Federal Contract Tower,0,0,5,0,5,0,0,123,0,123,0,0,128,0,128,212,0,212,340
01/03/2022,RNM,CA,AWP,WE,Federal Contract Tower,0,0,0,0,0,0,0,136,0,136,0,0,136,0,136,180,0,180,316
01/04/2022,RNM,CA,AWP,WE,Federal Contract Tower,0,0,3,0,3,0,0,148,2,150,0,0,151,2,153,252,2,254,407
01/05/2022,RNM,CA,AWP,WE,Federal Contract Tower,0,0,1,0,1,0,0,156,2,158,0,0,157,2,159,176,0,176,335
01/06/2022,RNM,CA,AWP,WE,Federal Contract Tower,0,0,2,0,2,0,0,175,0,175,0,0,177,0,177,280,0,280,457
01/07/2022,RNM,CA,AWP,WE,Federal Contract Tower,0,0,22,0,22,0,0,111,0,111,0,0,133,0,133,174,0,174,307
01/08/2022,RNM,CA,AWP,WE,Federal Contract Tower,0,0,10,0,10,0,0,93,0,93,0,0,103,0,103,328,0,328,431
01/09/2022,RNM,CA,AWP,WE,Federal Contract Tower,0,0,1,0,1,0,0,131,0,131,0,0,132,0,132,304,0,304,436
01/10/2022,RNM,CA,AWP,WE,Federal Contract Tower,0,0,3,0,3,0,0,76,0,76,0,0,79,0,79,138,2,140,219
01/11/2022,RNM,CA,AWP,WE,Federal Contract Tower,0,2,0,0,2,0,0,102,2,104,0,2,102,2,106,196,0,196,302
01/12/2022,RNM,CA,AWP,WE,Federal Contract Tower,0,0,10,0,10,0,0,174,0,174,0,0,184,0,184,180,0,180,364
01/13/2022,RNM,CA,AWP,WE,Federal Contract Tower,0,1,11,0,12,0,0,140,4,144,0,1,151,4,156,266,2,268,424
01/14/2022,RNM,CA,AWP,WE,Federal Contract Tower,0,1,5,0,6,0,0,149,0,149,0,1,154,0,155,256,0,256,411
01/15/2022,RNM,CA,AWP,WE,Federal Contract Tower,0,0,3,0,3,0,0,73,0,73,0,0,76,0,76,106,0,106,182
01/16/2022,RNM,CA,AWP,WE,Federal Contract Tower,0,0,5,0,5,0,0,164,0,164,0,0,169,0,169,250,0,250,419
01/17/2022,RNM,CA,AWP,WE,Federal Contract Tower,0,0,9,0,9,0,0,37,0,37,0,0,46,0,46,104,0,104,150
01/18/2022,RNM,CA,AWP,WE,Federal Contract Tower,0,0,20,0,20,0,0,33,0,33,0,0,53,0,53,112,0,112,165
01/19/2022,RNM,CA,AWP,WE,Federal Contract Tower,0,0,15,0,15,0,0,116,0,116,0,0,131,0,131,210,0,210,341
01/20/2022,RNM,CA,AWP,WE,Federal Contract Tower,0,0,6,0,6,0,0,164,4,168,0,0,170,4,174,274,0,274,448
01/21/2022,RNM,CA,AWP,WE,Federal Contract Tower,0,0,4,0,4,0,0,158,0,158,0,0,162,0,162,306,0,306,468
01/22/2022,RNM,CA,AWP,WE,Federal Contract Tower,0,0,1,0,1,0,0,80,0,80,0,0,81,0,81,160,0,160,241
01/23/2022,RNM,CA,AWP,WE,Federal Contract Tower,0,0,0,0,0,0,0,126,0,126,0,0,126,0,126,174,0,174,300
01/24/2022,RNM,CA,AWP,WE,Federal Contract Tower,0,0,8,0,8,0,0,179,2,181,0,0,187,2,189,339,2,341,530
01/25/2022,RNM,CA,AWP,WE,Federal Contract Tower,0,0,4,0,4,0,0,147,2,149,0,0,151,2,153,327,0,327,480
01/26/2022,RNM,CA,AWP,WE,Federal Contract Tower,0,0,3,0,3,0,0,165,0,165,0,0,168,0,168,228,0,228,396
01/27/2022,RNM,CA,AWP,WE,Federal Contract Tower,0,0,6,0,6,0,0,144,0,144,0,0,150,0,150,156,0,156,306
01/28/2022,RNM,CA,AWP,WE,Federal Contract Tower,0,0,3,0,3,0,0,64,0,64,0,0,67,0,67,114,0,114,181
01/29/2022,RNM,CA,AWP,WE,Federal Contract Tower,0,0,3,0,3,0,0,163,0,163,0,0,166,0,166,343,0,343,509
01/30/2022,RNM,CA,AWP,WE,Federal Contract Tower,0,0,6,0,6,0,0,189,0,189,0,0,195,0,195,277,0,277,472
01/31/2022,RNM,CA,AWP,WE,Federal Contract Tower,0,0,6,0,6,0,0,188,0,188,0,0,194,0,194,330,0,330,524
02/01/2022,RNM,CA,AWP,WE,Federal Contract Tower,0,0,18,1,19,0,0,111,4,115,0,0,129,5,134,172,0,172,306
02/02/2022,RNM,CA,AWP,WE,Federal Contract Tower,0,0,0,0,0,0,0,126,4,130,0,0,126,4,130,226,24,250,380
02/03/2022,RNM,CA,AWP,WE,Federal Contract Tower,0,0,1,0,1,0,0,170,4,174,0,0,171,4,175,202,0,202,377
02/04/2022,RNM,CA,AWP,WE,Federal Contract Tower,0,0,0,0,0,0,0,70,0,70,0,0,70,0,70,92,0,92,162
02/05/2022,RNM,CA,AWP,WE,Federal Contract Tower,0,0,7,0,7,0,0,179,0,179,0,0,186,0,186,262,0,262,448
02/06/2022,RNM,CA,AWP,WE,Federal Contract Tower,0,0,1,0,1,0,0,136,0,136,0,0,137,0,137,277,0,277,414
02/07/2022,RNM,CA,AWP,WE,Federal Contract Tower,0,0,3,0,3,0,0,47,0,47,0,0,50,0,50,141,0,141,191
02/08/2022,RNM,CA,AWP,WE,Federal Contract Tower,0,0,7,0,7,0,0,161,5,166,0,0,168,5,173,302,0,302,475
02/09/2022,RNM,CA,AWP,WE,Federal Contract Tower,0,0,1,0,1,0,0,120,0,120,0,0,121,0,121,172,0,172,293
02/10/2022,RNM,CA,AWP,WE,Federal Contract Tower,0,0,1,0,1,0,0,51,0,51,0,0,52,0,52,32,0,32,84
02/11/2022,RNM,CA,AWP,WE,Federal Contract Tower,0,0,5,0,5,0,0,211,0,211,0,0,216,0,216,270,0,270,486
02/12/2022,RNM,CA,AWP,WE,Federal Contract Tower,0,0,3,0,3,0,0,117,0,117,0,0,120,0,120,268,0,268,388
02/13/2022,RNM,CA,AWP,WE,Federal Contract Tower,0,0,5,0,5,0,0,132,0,132,0,0,137,0,137,202,0,202,339
02/14/2022,RNM,CA,AWP,WE,Federal Contract Tower,0,0,4,0,4,0,0,127,0,127,0,0,131,0,131,259,0,259,390
02/15/2022,RNM,CA,AWP,WE,Federal Contract Tower,0,0,11,0,11,0,0,2,0,2,0,0,13,0,13,4,0,4,17
02/16/2022,RNM,CA,AWP,WE,Federal Contract Tower,0,1,4,0,5,0,0,165,0,165,0,1,169,0,170,268,0,268,438
02/17/2022,RNM,CA,AWP,WE,Federal Contract Tower,0,2,4,0,6,0,0,111,0,111,0,2,115,0,117,184,0,184,301
02/18/2022,RNM,CA,AWP,WE,Federal Contract Tower,0,0,9,0,9,0,0,187,2,189,0,0,196,2,198,360,0,360,558
02/19/2022,RNM,CA,AWP,WE,Federal Contract Tower,0,0,5,0,5,0,0,176,0,176,0,0,181,0,181,324,0,324,505
02/20/2022,RNM,CA,AWP,WE,Federal Contract Tower,0,0,7,0,7,0,0,175,0,175,0,0,182,0,182,281,0,281,463
02/21/2022,RNM,CA,AWP,WE,Federal Contract Tower,0,0,16,0,16,0,0,20,0,20,0,0,36,0,36,26,0,26,62
02/22/2022,RNM,CA,AWP,WE,Federal Contract Tower,0,0,3,0,3,0,0,0,0,0,0,0,3,0,3,0,0,0,3
02/23/2022,RNM,CA,AWP,WE,Federal Contract Tower,0,0,0,0,0,0,0,14,0,14,0,0,14,0,14,22,0,22,36
02/24/2022,RNM,CA,AWP,WE,Federal Contract Tower,0,0,7,0,7,0,0,188,2,190,0,0,195,2,197,250,0,250,447
02/25/2022,RNM,CA,AWP,WE,Federal Contract Tower,0,0,3,0,3,0,0,206,2,208,0,0,209,2,211,366,0,366,577
02/26/2022,RNM,CA,AWP,WE,Federal Contract Tower,0,0,1,0,1,0,0,140,0,140,0,0,141,0,141,311,0,311,452
02/27/2022,RNM,CA,AWP,WE,Federal Contract Tower,0,0,2,0,2,0,0,166,0,166,0,0,168,0,168,220,0,220,388
02/28/2022,RNM,CA,AWP,WE,Federal Contract Tower,0,0,3,0,3,0,0,120,0,120,0,0,123,0,123,338,0,338,461
03/01/2022,RNM,CA,AWP,WE,Federal Contract Tower,0,0,5,0,5,0,0,207,0,207,0,0,212,0,212,310,0,310,522
03/02/2022,RNM,CA,AWP,WE,Federal Contract Tower,0,0,6,0,6,0,0,201,4,205,0,0,207,4,211,282,2,284,495
03/03/2022,RNM,CA,AWP,WE,Federal Contract Tower,0,0,9,0,9,0,0,119,0,119,0,0,128,0,128,244,0,244,372
03/04/2022,RNM,CA,AWP,WE,Federal Contract Tower,0,0,10,0,10,0,0,33,0,33,0,0,43,0,43,32,0,32,75
03/05/2022,RNM,CA,AWP,WE,Federal Contract Tower,0,0,6,0,6,0,0,25,0,25,0,0,31,0,31,34,0,34,65
03/06/2022,RNM,CA,AWP,WE,Federal Contract Tower,0,0,9,0,9,0,0,125,0,125,0,0,134,0,134,338,0,338,472
03/07/2022,RNM,CA,AWP,WE,Federal Contract Tower,0,0,10,0,10,0,0,103,2,105,0,0,113,2,115,321,4,325,440
03/08/2022,RNM,CA,AWP,WE,Federal Contract Tower,0,0,2,0,2,0,0,177,2,179,0,0,179,2,181,212,0,212,393
03/09/2022,RNM,CA,AWP,WE,Federal Contract Tower,0,2,7,0,9,0,0,177,0,177,0,2,184,0,186,258,0,258,444
03/10/2022,RNM,CA,AWP,WE,Federal Contract Tower,0,0,17,0,17,0,0,42,4,46,0,0,59,4,63,182,0,182,245
03/11/2022,RNM,CA,AWP,WE,Federal Contract Tower,0,0,4,0,4,0,0,87,0,87,0,0,91,0,91,220,0,220,311
03/12/2022,RNM,CA,AWP,WE,Federal Contract Tower,0,0,3,0,3,0,0,126,0,126,0,0,129,0,129,225,0,225,354
03/13/2022,RNM,CA,AWP,WE,Federal Contract Tower,0,0,3,0,3,0,0,137,0,137,0,0,140,0,140,226,0,226,366
03/14/2022,RNM,CA,AWP,WE,Federal Contract Tower,0,0,9,0,9,0,0,107,2,109,0,0,116,2,118,184,0,184,302
03/15/2022,RNM,CA,AWP,WE,Federal Contract Tower,0,2,3,0,5,0,0,140,4,144,0,2,143,4,149,304,0,304,453
03/16/2022,RNM,CA,AWP,WE,Federal Contract Tower,0,0,10,1,11,0,0,157,1,158,0,0,167,2,169,284,0,284,453
03/17/2022,RNM,CA,AWP,WE,Federal Contract Tower,0,0,1,0,1,0,0,195,4,199,0,0,196,4,200,176,0,176,376
03/18/2022,RNM,CA,AWP,WE,Federal Contract Tower,0,0,7,0,7,0,0,164,2,166,0,0,171,2,173,276,0,276,449
03/19/2022,RNM,CA,AWP,WE,Federal Contract Tower,0,0,7,0,7,0,0,107,0,107,0,0,114,0,114,320,0,320,434
03/20/2022,RNM,CA,AWP,WE,Federal Contract Tower,0,0,21,0,21,0,0,27,0,27,0,0,48,0,48,93,0,93,141
03/21/2022,RNM,CA,AWP,WE,Federal Contract Tower,0,0,4,0,4,0,0,110,0,110,0,0,114,0,114,198,0,198,312
03/22/2022,RNM,CA,AWP,WE,Federal Contract Tower,0,0,6,0,6,0,0,143,4,147,0,0,149,4,153,223,2,225,378
03/23/2022,RNM,CA,AWP,WE,Federal Contract Tower,0,0,6,0,6,0,0,87,2,89,0,0,93,2,95,110,8,118,213
03/24/2022,RNM,CA,AWP,WE,Federal Contract Tower,0,0,4,0,4,0,0,183,4,187,0,0,187,4,191,188,0,188,379
03/25/2022,RNM,CA,AWP,WE,Federal Contract Tower,0,0,5,0,5,0,0,159,0,159,0,0,164,0,164,236,0,236,400
03/26/2022,RNM,CA,AWP,WE,Federal Contract Tower,0,0,3,0,3,0,0,161,0,161,0,0,164,0,164,268,0,268,432
03/27/2022,RNM,CA,AWP,WE,Federal Contract Tower,0,0,9,0,9,0,0,108,0,108,0,0,117,0,117,220,0,220,337
03/28/2022,RNM,CA,AWP,WE,Federal Contract Tower,0,0,5,0,5,0,0,8,0,8,0,0,13,0,13,30,0,30,43
03/29/2022,RNM,CA,AWP,WE,Federal Contract Tower,0,0,23,0,23,0,0,76,0,76,0,0,99,0,99,102,0,102,201
03/30/2022,RNM,CA,AWP,WE,Federal Contract Tower,0,0,13,0,13,0,0,170,2,172,0,0,183,2,185,256,2,258,443
03/31/2022,RNM,CA,AWP,WE,Federal Contract Tower,0,0,27,0,27,0,0,20,0,20,0,0,47,0,47,12,0,12,59
04/01/2022,RNM,CA,AWP,WE,Federal Contract Tower,0,0,26,0,26,0,0,84,0,84,0,0,110,0,110,158,0,158,268
04/02/2022,RNM,CA,AWP,WE,Federal Contract Tower,0,0,20,0,20,0,0,0,0,0,0,0,20,0,20,0,0,0,20
04/03/2022,RNM,CA,AWP,WE,Federal Contract Tower,0,0,13,0,13,0,0,1,0,1,0,0,14,0,14,6,0,6,20
04/04/2022,RNM,CA,AWP,WE,Federal Contract Tower,0,0,3,0,3,0,0,123,0,123,0,0,126,0,126,346,0,346,472
04/05/2022,RNM,CA,AWP,WE,Federal Contract Tower,0,0,7,0,7,0,0,181,4,185,0,0,188,4,192,348,0,348,540
04/06/2022,RNM,CA,AWP,WE,Federal Contract Tower,0,0,1,0,1,0,0,188,2,190,0,0,189,2,191,270,0,270,461
04/07/2022,RNM,CA,AWP,WE,Federal Contract Tower,0,0,0,0,0,0,0,59,2,61,0,0,59,2,61,120,0,120,181
04/08/2022,RNM,CA,AWP,WE,Federal Contract Tower,0,0,2,0,2,0,0,114,0,114,0,0,116,0,116,142,0,142,258
04/09/2022,RNM,CA,AWP,WE,Federal Contract Tower,0,0,4,0,4,0,0,157,0,157,0,0,161,0,161,296,0,296,457
04/10/2022,RNM,CA,AWP,WE,Federal Contract Tower,0,0,23,0,23,0,0,61,0,61,0,0,84,0,84,228,0,228,312
04/11/2022,RNM,CA,AWP,WE,Federal Contract Tower,0,0,6,0,6,0,0,47,0,47,0,0,53,0,53,114,0,114,167
04/12/2022,RNM,CA,AWP,WE,Federal Contract Tower,0,0,9,0,9,0,0,119,4,123,0,0,128,4,132,230,0,230,362
04/13/2022,RNM,CA,AWP,WE,Federal Contract Tower,0,0,2,0,2,0,0,207,2,209,0,0,209,2,211,386,0,386,597
04/14/2022,RNM,CA,AWP,WE,Federal Contract Tower,0,0,5,0,5,0,0,192,2,194,0,0,197,2,199,388,0,388,587
04/15/2022,RNM,CA,AWP,WE,Federal Contract Tower,0,0,4,0,4,0,0,172,0,172,0,0,176,0,176,326,0,326,502
04/16/2022,RNM,CA,AWP,WE,Federal Contract Tower,0,0,12,0,12,0,0,63,0,63,0,0,75,0,75,282,0,282,357
04/17/2022,RNM,CA,AWP,WE,Federal Contract Tower,0,0,1,0,1,0,0,104,0,104,0,0,105,0,105,162,0,162,267
04/18/2022,RNM,CA,AWP,WE,Federal Contract Tower,0,0,3,0,3,0,0,156,4,160,0,0,159,4,163,312,0,312,475
04/19/2022,RNM,CA,AWP,WE,Federal Contract Tower,0,0,4,0,4,0,0,157,0,157,0,0,161,0,161,398,0,398,559
04/20/2022,RNM,CA,AWP,WE,Federal Contract Tower,0,0,14,0,14,0,2,102,4,108,0,2,116,4,122,232,4,236,358
04/21/2022,RNM,CA,AWP,WE,Federal Contract Tower,0,0,3,0,3,0,0,116,6,122,0,0,119,6,125,244,4,248,373
04/22/2022,RNM,CA,AWP,WE,Federal Contract Tower,0,0,3,0,3,0,0,17,1,18,0,0,20,1,21,52,0,52,73
04/23/2022,RNM,CA,AWP,WE,Federal Contract Tower,0,0,0,0,0,0,2,136,0,138,0,2,136,0,138,256,0,256,394
04/24/2022,RNM,CA,AWP,WE,Federal Contract Tower,0,1,1,0,2,0,0,125,0,125,0,1,126,0,127,186,0,186,313
04/25/2022,RNM,CA,AWP,WE,Federal Contract Tower,0,1,3,0,4,0,0,111,2,113,0,1,114,2,117,206,0,206,323
04/26/2022,RNM,CA,AWP,WE,Federal Contract Tower,0,0,2,0,2,0,0,177,0,177,0,0,179,0,179,276,0,276,455
04/27/2022,RNM,CA,AWP,WE,Federal Contract Tower,0,0,5,0,5,0,0,117,0,117,0,0,122,0,122,260,0,260,382
04/28/2022,RNM,CA,AWP,WE,Federal Contract Tower,0,0,10,0,10,0,0,79,0,79,0,0,89,0,89,178,0,178,267
04/29/2022,RNM,CA,AWP,WE,Federal Contract Tower,0,0,5,0,5,0,0,160,0,160,0,0,165,0,165,279,0,279,444
04/30/2022,RNM,CA,AWP,WE,Federal Contract Tower,0,0,3,0,3,0,1,192,0,193,0,1,195,0,196,322,0,322,518
05/01/2022,RNM,CA,AWP,WE,Federal Contract Tower,0,0,12,0,12,0,0,99,0,99,0,0,111,0,111,134,0,134,245
05/02/2022,RNM,CA,AWP,WE,Federal Contract Tower,0,0,5,0,5,0,4,113,0,117,0,4,118,0,122,268,14,282,404
05/03/2022,RNM,CA,AWP,WE,Federal Contract Tower,0,0,13,0,13,0,0,120,2,122,0,0,133,2,135,266,3,269,404
05/04/2022,RNM,CA,AWP,WE,Federal Contract Tower,0,0,4,0,4,0,0,227,2,229,0,0,231,2,233,492,0,492,725
05/05/2022,RNM,CA,AWP,WE,Federal Contract Tower,0,0,8,0,8,0,0,118,0,118,0,0,126,0,126,456,0,456,582
05/06/2022,RNM,CA,AWP,WE,Federal Contract Tower,0,0,4,0,4,0,0,152,4,156,0,0,156,4,160,298,10,308,468
05/07/2022,RNM,CA,AWP,WE,Federal Contract Tower,0,0,4,0,4,0,0,121,0,121,0,0,125,0,125,149,0,149,274
05/08/2022,RNM,CA,AWP,WE,Federal Contract Tower,0,0,14,0,14,0,0,17,0,17,0,0,31,0,31,82,0,82,113
05/09/2022,RNM,CA,AWP,WE,Federal Contract Tower,0,0,8,0,8,0,0,90,0,90,0,0,98,0,98,214,0,214,312
05/10/2022,RNM,CA,AWP,WE,Federal Contract Tower,0,1,3,0,4,0,0,135,0,135,0,1,138,0,139,286,0,286,425
05/11/2022,RNM,CA,AWP,WE,Federal Contract Tower,0,4,8,0,12,0,0,135,2,137,0,4,143,2,149,144,8,152,301
05/12/2022,RNM,CA,AWP,WE,Federal Contract Tower,0,0,4,0,4,0,0,161,2,163,0,0,165,2,167,410,2,412,579
05/13/2022,RNM,CA,AWP,WE,Federal Contract Tower,0,2,0,0,2,0,0,136,0,136,0,2,136,0,138,392,0,392,530
05/14/2022,RNM,CA,AWP,WE,Federal Contract Tower,0,0,4,0,4,0,0,130,0,130,0,0,134,0,134,274,0,274,408
05/15/2022,RNM,CA,AWP,WE,Federal Contract Tower,0,0,1,0,1,0,0,78,0,78,0,0,79,0,79,186,0,186,265
05/16/2022,RNM,CA,AWP,WE,Federal Contract Tower,0,2,1,0,3,0,0,115,0,115,0,2,116,0,118,232,0,232,350
05/17/2022,RNM,CA,AWP,WE,Federal Contract Tower,0,0,6,0,6,0,0,86,0,86,0,0,92,0,92,150,0,150,242
05/18/2022,RNM,CA,AWP,WE,Federal Contract Tower,0,0,7,0,7,0,0,118,2,120,0,0,125,2,127,274,0,274,401
05/19/2022,RNM,CA,AWP,WE,Federal Contract Tower,0,0,4,0,4,0,0,93,2,95,0,0,97,2,99,222,0,222,321
05/20/2022,RNM,CA,AWP,WE,Federal Contract Tower,0,0,14,0,14,0,0,36,0,36,0,0,50,0,50,186,0,186,236
05/21/2022,RNM,CA,AWP,WE,Federal Contract Tower,0,0,20,0,20,0,0,42,2,44,0,0,62,2,64,104,0,104,168
05/22/2022,RNM,CA,AWP,WE,Federal Contract Tower,0,1,9,0,10,0,0,94,0,94,0,1,103,0,104,172,0,172,276
05/23/2022,RNM,CA,AWP,WE,Federal Contract Tower,0,1,8,0,9,0,0,105,0,105,0,1,113,0,114,212,0,212,326
05/24/2022,RNM,CA,AWP,WE,Federal Contract Tower,0,0,14,0,14,0,0,140,2,142,0,0,154,2,156,344,0,344,500
05/25/2022,RNM,CA,AWP,WE,Federal Contract Tower,0,0,14,0,14,0,0,176,0,176,0,0,190,0,190,322,0,322,512
05/26/2022,RNM,CA,AWP,WE,Federal Contract Tower,0,0,6,0,6,0,0,141,0,141,0,0,147,0,147,332,0,332,479
05/27/2022,RNM,CA,AWP,WE,Federal Contract Tower,0,0,10,0,10,0,0,96,0,96,0,0,106,0,106,202,0,202,308
05/28/2022,RNM,CA,AWP,WE,Federal Contract Tower,0,0,19,0,19,0,0,40,0,40,0,0,59,0,59,148,0,148,207
05/29/2022,RNM,CA,AWP,WE,Federal Contract Tower,0,0,11,0,11,0,0,48,0,48,0,0,59,0,59,138,0,138,197
05/30/2022,RNM,CA,AWP,WE,Federal Contract Tower,0,0,5,0,5,0,0,157,0,157,0,0,162,0,162,242,0,242,404
05/31/2022,RNM,CA,AWP,WE,Federal Contract Tower,0,0,3,0,3,0,0,124,0,124,0,0,127,0,127,326,0,326,453
06/01/2022,RNM,CA,AWP,WE,Federal Contract Tower,0,0,9,0,9,0,0,158,0,158,0,0,167,0,167,360,0,360,527
06/02/2022,RNM,CA,AWP,WE,Federal Contract Tower,0,0,14,0,14,0,0,193,0,193,0,0,207,0,207,342,0,342,549
06/03/2022,RNM,CA,AWP,WE,Federal Contract Tower,0,0,4,0,4,0,0,111,0,111,0,0,115,0,115,272,0,272,387
06/04/2022,RNM,CA,AWP,WE,Federal Contract Tower,0,0,8,0,8,0,0,103,0,103,0,0,111,0,111,320,0,320,431
06/05/2022,RNM,CA,AWP,WE,Federal Contract Tower,0,0,5,0,5,0,0,132,0,132,0,0,137,0,137,152,0,152,289
06/06/2022,RNM,CA,AWP,WE,Federal Contract Tower,0,0,2,0,2,0,0,141,0,141,0,0,143,0,143,334,0,334,477
06/07/2022,RNM,CA,AWP,WE,Federal Contract Tower,0,0,7,0,7,0,0,141,0,141,0,0,148,0,148,308,0,308,456
06/08/2022,RNM,CA,AWP,WE,Federal Contract Tower,0,0,8,0,8,0,0,127,0,127,0,0,135,0,135,282,0,282,417
06/09/2022,RNM,CA,AWP,WE,Federal Contract Tower,0,0,15,0,15,0,0,195,0,195,0,0,210,0,210,398,0,398,608
06/10/2022,RNM,CA,AWP,WE,Federal Contract Tower,0,0,3,0,3,0,0,156,0,156,0,0,159,0,159,304,0,304,463
06/11/2022,RNM,CA,AWP,WE,Federal Contract Tower,0,0,2,0,2,0,2,167,0,169,0,2,169,0,171,364,0,364,535
06/12/2022,RNM,CA,AWP,WE,Federal Contract Tower,0,2,5,0,7,0,0,136,2,138,0,2,141,2,145,316,0,316,461
06/13/2022,RNM,CA,AWP,WE,Federal Contract Tower,0,0,8,0,8,0,2,135,0,137,0,2,143,0,145,166,0,166,311
06/14/2022,RNM,CA,AWP,WE,Federal Contract Tower,0,0,3,0,3,0,0,131,2,133,0,0,134,2,136,360,0,360,496
06/15/2022,RNM,CA,AWP,WE,Federal Contract Tower,0,0,3,0,3,0,0,139,0,139,0,0,142,0,142,486,0,486,628
06/16/2022,RNM,CA,AWP,WE,Federal Contract Tower,0,0,8,0,8,0,0,146,0,146,0,0,154,0,154,346,0,346,500
06/17/2022,RNM,CA,AWP,WE,Federal Contract Tower,0,0,6,0,6,0,0,136,0,136,0,0,142,0,142,310,0,310,452
06/18/2022,RNM,CA,AWP,WE,Federal Contract Tower,0,0,2,0,2,0,0,107,0,107,0,0,109,0,109,248,0,248,357
06/19/2022,RNM,CA,AWP,WE,Federal Contract Tower,0,0,6,0,6,0,0,118,0,118,0,0,124,0,124,264,0,264,388
06/20/2022,RNM,CA,AWP,WE,Federal Contract Tower,0,0,1,0,1,0,0,127,0,127,0,0,128,0,128,194,0,194,322
06/21/2022,RNM,CA,AWP,WE,Federal Contract Tower,0,0,3,0,3,0,0,173,0,173,0,0,176,0,176,160,0,160,336
06/22/2022,RNM,CA,AWP,WE,Federal Contract Tower,0,0,0,0,0,0,0,99,0,99,0,0,99,0,99,312,0,312,411
06/23/2022,RNM,CA,AWP,WE,Federal Contract Tower,0,0,2,0,2,0,2,150,0,152,0,2,152,0,154,282,0,282,436
06/24/2022,RNM,CA,AWP,WE,Federal Contract Tower,0,0,3,0,3,0,0,233,0,233,0,0,236,0,236,366,0,366,602
06/25/2022,RNM,CA,AWP,WE,Federal Contract Tower,0,0,1,0,1,0,0,134,0,134,0,0,135,0,135,292,0,292,427
06/26/2022,RNM,CA,AWP,WE,Federal Contract Tower,0,0,2,0,2,0,0,127,0,127,0,0,129,0,129,192,0,192,321
06/27/2022,RNM,CA,AWP,WE,Federal Contract Tower,0,0,10,0,10,0,0,128,0,128,0,0,138,0,138,264,0,264,402
06/28/2022,RNM,CA,AWP,WE,Federal Contract Tower,0,2,4,0,6,0,0,116,2,118,0,2,120,2,124,253,0,253,377
06/29/2022,RNM,CA,AWP,WE,Federal Contract Tower,0,0,8,0,8,0,0,119,2,121,0,0,127,2,129,180,0,180,309
06/30/2022,RNM,CA,AWP,WE,Federal Contract Tower,0,0,5,0,5,0,0,152,2,154,0,0,157,2,159,310,0,310,469
07/01/2022,RNM,CA,AWP,WE,Federal Contract Tower,0,0,12,0,12,0,0,186,0,186,0,0,198,0,198,276,0,276,474
07/02/2022,RNM,CA,AWP,WE,Federal Contract Tower,0,0,4,0,4,0,0,175,0,175,0,0,179,0,179,302,0,302,481
07/03/2022,RNM,CA,AWP,WE,Federal Contract Tower,0,0,5,0,5,0,0,107,0,107,0,0,112,0,112,324,0,324,436
07/04/2022,RNM,CA,AWP,WE,Federal Contract Tower,0,0,2,0,2,0,0,102,0,102,0,0,104,0,104,90,0,90,194
07/05/2022,RNM,CA,AWP,WE,Federal Contract Tower,0,0,5,0,5,0,0,104,0,104,0,0,109,0,109,245,0,245,354
07/06/2022,RNM,CA,AWP,WE,Federal Contract Tower,0,0,12,0,12,0,0,141,0,141,0,0,153,0,153,320,0,320,473
07/07/2022,RNM,CA,AWP,WE,Federal Contract Tower,0,0,4,0,4,0,0,144,0,144,0,0,148,0,148,334,0,334,482
07/08/2022,RNM,CA,AWP,WE,Federal Contract Tower,0,0,8,0,8,0,0,149,0,149,0,0,157,0,157,440,0,440,597
07/09/2022,RNM,CA,AWP,WE,Federal Contract Tower,0,0,5,0,5,0,0,115,0,115,0,0,120,0,120,274,0,274,394
07/10/2022,RNM,CA,AWP,WE,Federal Contract Tower,0,0,5,0,5,0,0,134,0,134,0,0,139,0,139,268,0,268,407
07/11/2022,RNM,CA,AWP,WE,Federal Contract Tower,0,2,4,0,6,0,0,147,0,147,0,2,151,0,153,352,0,352,505
07/12/2022,RNM,CA,AWP,WE,Federal Contract Tower,0,0,2,0,2,0,0,139,0,139,0,0,141,0,141,306,0,306,447
07/13/2022,RNM,CA,AWP,WE,Federal Contract Tower,1,0,1,0,2,0,0,204,0,204,1,0,205,0,206,448,0,448,654
07/14/2022,RNM,CA,AWP,WE,Federal Contract Tower,0,0,1,0,1,0,0,125,0,125,0,0,126,0,126,491,0,491,617
07/15/2022,RNM,CA,AWP,WE,Federal Contract Tower,0,0,0,0,0,0,0,127,0,127,0,0,127,0,127,238,0,238,365
07/16/2022,RNM,CA,AWP,WE,Federal Contract Tower,0,0,5,0,5,0,0,114,0,114,0,0,119,0,119,368,0,368,487
07/17/2022,RNM,CA,AWP,WE,Federal Contract Tower,0,0,3,0,3,0,0,95,0,95,0,0,98,0,98,129,0,129,227
07/18/2022,RNM,CA,AWP,WE,Federal Contract Tower,0,0,1,0,1,0,0,132,2,134,0,0,133,2,135,318,2,320,455
07/19/2022,RNM,CA,AWP,WE,Federal Contract Tower,0,0,3,0,3,0,0,168,4,172,0,0,171,4,175,154,0,154,329
07/20/2022,RNM,CA,AWP,WE,Federal Contract Tower,0,0,1,0,1,0,0,147,0,147,0,0,148,0,148,352,0,352,500
07/21/2022,RNM,CA,AWP,WE,Federal Contract Tower,0,0,3,0,3,0,0,119,0,119,0,0,122,0,122,338,0,338,460
07/22/2022,RNM,CA,AWP,WE,Federal Contract Tower,0,0,3,0,3,0,0,155,2,157,0,0,158,2,160,286,0,286,446
07/23/2022,RNM,CA,AWP,WE,Federal Contract Tower,0,0,6,0,6,0,0,97,0,97,0,0,103,0,103,306,0,306,409
07/24/2022,RNM,CA,AWP,WE,Federal Contract Tower,0,0,6,0,6,0,0,110,0,110,0,0,116,0,116,196,0,196,312
07/25/2022,RNM,CA,AWP,WE,Federal Contract Tower,0,3,6,0,9,0,0,105,0,105,0,3,111,0,114,302,0,302,416
07/26/2022,RNM,CA,AWP,WE,Federal Contract Tower,0,0,8,0,8,0,0,153,2,155,0,0,161,2,163,224,0,224,387
07/27/2022,RNM,CA,AWP,WE,Federal Contract Tower,0,0,2,0,2,0,0,173,0,173,0,0,175,0,175,298,0,298,473
07/28/2022,RNM,CA,AWP,WE,Federal Contract Tower,0,0,4,0,4,0,0,143,0,143,0,0,147,0,147,342,0,342,489
07/29/2022,RNM,CA,AWP,WE,Federal Contract Tower,0,0,3,0,3,0,0,145,0,145,0,0,148,0,148,344,0,344,492
07/30/2022,RNM,CA,AWP,WE,Federal Contract Tower,0,0,2,0,2,0,0,136,0,136,0,0,138,0,138,259,0,259,397
07/31/2022,RNM,CA,AWP,WE,Federal Contract Tower,0,0,2,0,2,0,0,103,0,103,0,0,105,0,105,178,0,178,283
08/01/2022,RNM,CA,AWP,WE,Federal Contract Tower,0,0,7,0,7,0,0,104,2,106,0,0,111,2,113,204,0,204,317
08/02/2022,RNM,CA,AWP,WE,Federal Contract Tower,0,1,0,0,1,0,0,149,0,149,0,1,149,0,150,290,0,290,440
08/03/2022,RNM,CA,AWP,WE,Federal Contract Tower,0,1,1,0,2,0,0,118,0,118,0,1,119,0,120,320,20,340,460
08/04/2022,RNM,CA,AWP,WE,Federal Contract Tower,0,0,5,0,5,0,0,100,0,100,0,0,105,0,105,266,0,266,371
08/05/2022,RNM,CA,AWP,WE,Federal Contract Tower,0,0,4,0,4,0,0,116,0,116,0,0,120,0,120,204,4,208,328
08/06/2022,RNM,CA,AWP,WE,Federal Contract Tower,0,0,1,0,1,0,0,117,0,117,0,0,118,0,118,272,0,272,390
08/07/2022,RNM,CA,AWP,WE,Federal Contract Tower,0,0,1,0,1,0,0,98,0,98,0,0,99,0,99,224,0,224,323
08/09/2022,RNM,CA,AWP,WE,Federal Contract Tower,0,0,1,0,1,0,0,90,4,94,0,0,91,4,95,118,0,118,213
08/10/2022,RNM,CA,AWP,WE,Federal Contract Tower,0,0,0,0,0,0,0,111,0,111,0,0,111,0,111,196,6,202,313
08/11/2022,RNM,CA,AWP,WE,Federal Contract Tower,0,0,3,0,3,0,0,81,0,81,0,0,84,0,84,206,2,208,292
08/12/2022,RNM,CA,AWP,WE,Federal Contract Tower,0,0,2,0,2,0,0,93,0,93,0,0,95,0,95,174,0,174,269
08/13/2022,RNM,CA,AWP,WE,Federal Contract Tower,0,0,3,0,3,0,0,83,0,83,0,0,86,0,86,180,0,180,266
08/14/2022,RNM,CA,AWP,WE,Federal Contract Tower,0,0,0,0,0,0,0,88,2,90,0,0,88,2,90,245,0,245,335
08/15/2022,RNM,CA,AWP,WE,Federal Contract Tower,0,0,2,0,2,0,0,110,2,112,0,0,112,2,114,222,2,224,338
08/16/2022,RNM,CA,AWP,WE,Federal Contract Tower,0,0,2,0,2,0,0,118,0,118,0,0,120,0,120,228,0,228,348
08/17/2022,RNM,CA,AWP,WE,Federal Contract Tower,0,0,2,0,2,0,0,137,0,137,0,0,139,0,139,318,0,318,457
08/18/2022,RNM,CA,AWP,WE,Federal Contract Tower,0,0,4,0,4,0,0,104,0,104,0,0,108,0,108,258,4,262,370
08/19/2022,RNM,CA,AWP,WE,Federal Contract Tower,0,0,5,0,5,0,0,129,0,129,0,0,134,0,134,313,0,313,447
08/20/2022,RNM,CA,AWP,WE,Federal Contract Tower,0,0,6,0,6,0,0,109,0,109,0,0,115,0,115,184,0,184,299
08/21/2022,RNM,CA,AWP,WE,Federal Contract Tower,0,0,10,0,10,0,0,103,0,103,0,0,113,0,113,180,0,180,293
08/22/2022,RNM,CA,AWP,WE,Federal Contract Tower,0,2,2,0,4,0,0,156,0,156,0,2,158,0,160,211,2,213,373
08/23/2022,RNM,CA,AWP,WE,Federal Contract Tower,0,0,4,0,4,0,0,132,0,132,0,0,136,0,136,338,0,338,474
08/24/2022,RNM,CA,AWP,WE,Federal Contract Tower,0,0,4,0,4,0,0,140,2,142,0,0,144,2,146,280,4,284,430
08/25/2022,RNM,CA,AWP,WE,Federal Contract Tower,0,2,5,0,7,0,0,151,4,155,0,2,156,4,162,248,4,252,414
08/26/2022,RNM,CA,AWP,WE,Federal Contract Tower,0,0,2,0,2,0,0,154,0,154,0,0,156,0,156,318,0,318,474
08/27/2022,RNM,CA,AWP,WE,Federal Contract Tower,0,0,5,0,5,0,0,141,0,141,0,0,146,0,146,356,0,356,502
08/28/2022,RNM,CA,AWP,WE,Federal Contract Tower,0,0,1,0,1,0,0,116,0,116,0,0,117,0,117,180,0,180,297
08/29/2022,RNM,CA,AWP,WE,Federal Contract Tower,0,0,2,0,2,0,0,94,6,100,0,0,96,6,102,242,16,258,360
08/30/2022,RNM,CA,AWP,WE,Federal Contract Tower,0,0,2,0,2,0,0,131,0,131,0,0,133,0,133,314,0,314,447
08/31/2022,RNM,CA,AWP,WE,Federal Contract Tower,0,0,0,0,0,0,0,0,0,0,0,0,0,0,0,162,2,164,164
09/01/2022,RNM,CA,AWP,WE,Federal Contract Tower,0,0,0,0,0,0,0,135,0,135,0,0,135,0,135,188,0,188,323
09/03/2022,RNM,CA,AWP,WE,Federal Contract Tower,0,0,3,0,3,0,0,78,0,78,0,0,81,0,81,136,0,136,217
09/04/2022,RNM,CA,AWP,WE,Federal Contract Tower,0,0,1,0,1,0,0,69,0,69,0,0,70,0,70,146,0,146,216
09/05/2022,RNM,CA,AWP,WE,Federal Contract Tower,0,0,3,0,3,0,0,108,0,108,0,0,111,0,111,158,0,158,269
09/06/2022,RNM,CA,AWP,WE,Federal Contract Tower,0,0,2,0,2,0,0,95,0,95,0,0,97,0,97,210,0,210,307
09/07/2022,RNM,CA,AWP,WE,Federal Contract Tower,0,0,1,0,1,0,0,62,0,62,0,0,63,0,63,7,0,7,70
09/08/2022,RNM,CA,AWP,WE,Federal Contract Tower,0,0,5,1,6,0,0,85,2,87,0,0,90,3,93,274,2,276,369
09/09/2022,RNM,CA,AWP,WE,Federal Contract Tower,0,0,0,0,0,0,0,8,0,8,0,0,8,0,8,8,0,8,16
09/10/2022,RNM,CA,AWP,WE,Federal Contract Tower,0,0,10,0,10,0,0,49,0,49,0,0,59,0,59,78,0,78,137
09/11/2022,RNM,CA,AWP,WE,Federal Contract Tower,0,0,3,0,3,0,0,55,0,55,0,0,58,0,58,82,0,82,140
09/12/2022,RNM,CA,AWP,WE,Federal Contract Tower,0,0,10,0,10,0,0,43,2,45,0,0,53,2,55,64,0,64,119
09/13/2022,RNM,CA,AWP,WE,Federal Contract Tower,0,0,8,0,8,0,0,60,0,60,0,0,68,0,68,142,0,142,210
09/14/2022,RNM,CA,AWP,WE,Federal Contract Tower,0,0,4,0,4,0,0,68,0,68,0,0,72,0,72,220,0,220,292
09/15/2022,RNM,CA,AWP,WE,Federal Contract Tower,0,0,15,0,15,0,0,140,0,140,0,0,155,0,155,196,0,196,351
09/16/2022,RNM,CA,AWP,WE,Federal Contract Tower,0,0,3,0,3,0,0,151,0,151,0,0,154,0,154,366,0,366,520
09/17/2022,RNM,CA,AWP,WE,Federal Contract Tower,0,0,6,0,6,0,0,84,0,84,0,0,90,0,90,156,0,156,246
09/18/2022,RNM,CA,AWP,WE,Federal Contract Tower,0,0,9,0,9,0,0,106,0,106,0,0,115,0,115,254,0,254,369
09/19/2022,RNM,CA,AWP,WE,Federal Contract Tower,0,4,3,0,7,0,0,84,0,84,0,4,87,0,91,222,0,222,313
09/20/2022,RNM,CA,AWP,WE,Federal Contract Tower,0,0,3,0,3,0,0,167,0,167,0,0,170,0,170,418,0,418,588
09/21/2022,RNM,CA,AWP,WE,Federal Contract Tower,0,0,2,0,2,0,0,125,0,125,0,0,127,0,127,264,0,264,391
09/22/2022,RNM,CA,AWP,WE,Federal Contract Tower,0,0,2,0,2,0,0,148,0,148,0,0,150,0,150,254,0,254,404
09/23/2022,RNM,CA,AWP,WE,Federal Contract Tower,0,0,2,0,2,0,0,127,0,127,0,0,129,0,129,280,0,280,409
09/24/2022,RNM,CA,AWP,WE,Federal Contract Tower,0,0,2,0,2,0,0,106,0,106,0,0,108,0,108,194,0,194,302
09/25/2022,RNM,CA,AWP,WE,Federal Contract Tower,0,2,0,0,2,0,0,88,0,88,0,2,88,0,90,182,0,182,272
09/26/2022,RNM,CA,AWP,WE,Federal Contract Tower,0,1,5,0,6,0,0,89,0,89,0,1,94,0,95,199,0,199,294
09/27/2022,RNM,CA,AWP,WE,Federal Contract Tower,0,0,0,0,0,0,0,147,0,147,0,0,147,0,147,284,0,284,431
09/28/2022,RNM,CA,AWP,WE,Federal Contract Tower,0,2,10,0,12,0,0,117,2,119,0,2,127,2,131,266,20,286,417
09/29/2022,RNM,CA,AWP,WE,Federal Contract Tower,0,0,5,0,5,0,0,104,2,106,0,0,109,2,111,204,12,216,327
09/30/2022,RNM,CA,AWP,WE,Federal Contract Tower,0,0,12,0,12,0,0,114,0,114,0,0,126,0,126,388,0,388,514
10/01/2022,RNM,CA,AWP,WE,Federal Contract Tower,0,0,5,0,5,0,0,62,0,62,0,0,67,0,67,155,0,155,222
10/02/2022,RNM,CA,AWP,WE,Federal Contract Tower,0,1,5,0,6,0,0,76,0,76,0,1,81,0,82,238,0,238,320
10/03/2022,RNM,CA,AWP,WE,Federal Contract Tower,0,0,7,0,7,0,0,127,0,127,0,0,134,0,134,308,0,308,442
10/04/2022,RNM,CA,AWP,WE,Federal Contract Tower,0,0,7,0,7,0,0,151,0,151,0,0,158,0,158,344,0,344,502
10/05/2022,RNM,CA,AWP,WE,Federal Contract Tower,0,0,19,0,19,0,0,126,0,126,0,0,145,0,145,248,0,248,393
10/06/2022,RNM,CA,AWP,WE,Federal Contract Tower,0,0,4,0,4,0,0,59,0,59,0,0,63,0,63,130,0,130,193
10/07/2022,RNM,CA,AWP,WE,Federal Contract Tower,0,0,3,0,3,0,0,207,0,207,0,0,210,0,210,492,0,492,702
10/08/2022,RNM,CA,AWP,WE,Federal Contract Tower,0,0,1,0,1,0,0,147,0,147,0,0,148,0,148,260,0,260,408
10/09/2022,RNM,CA,AWP,WE,Federal Contract Tower,0,0,0,0,0,0,0,120,0,120,0,0,120,0,120,278,0,278,398
10/10/2022,RNM,CA,AWP,WE,Federal Contract Tower,0,0,6,0,6,0,0,102,0,102,0,0,108,0,108,269,0,269,377
10/11/2022,RNM,CA,AWP,WE,Federal Contract Tower,0,0,11,0,11,0,0,89,2,91,0,0,100,2,102,156,0,156,258
10/12/2022,RNM,CA,AWP,WE,Federal Contract Tower,0,0,3,0,3,0,0,56,0,56,0,0,59,0,59,138,0,138,197
10/13/2022,RNM,CA,AWP,WE,Federal Contract Tower,0,0,21,0,21,0,0,97,0,97,0,0,118,0,118,258,0,258,376
10/14/2022,RNM,CA,AWP,WE,Federal Contract Tower,0,0,13,0,13,0,0,15,0,15,0,0,28,0,28,50,0,50,78
10/15/2022,RNM,CA,AWP,WE,Federal Contract Tower,0,0,6,0,6,0,0,15,0,15,0,0,21,0,21,66,0,66,87
10/16/2022,RNM,CA,AWP,WE,Federal Contract Tower,0,0,14,0,14,0,0,30,0,30,0,0,44,0,44,130,0,130,174
10/17/2022,RNM,CA,AWP,WE,Federal Contract Tower,0,0,3,0,3,0,0,144,0,144,0,0,147,0,147,322,2,324,471
10/18/2022,RNM,CA,AWP,WE,Federal Contract Tower,0,0,1,0,1,0,0,110,0,110,0,0,111,0,111,186,0,186,297
10/19/2022,RNM,CA,AWP,WE,Federal Contract Tower,0,0,2,0,2,0,0,79,0,79,0,0,81,0,81,242,0,242,323
10/20/2022,RNM,CA,AWP,WE,Federal Contract Tower,0,0,6,0,6,0,0,128,0,128,0,0,134,0,134,246,0,246,380
10/21/2022,RNM,CA,AWP,WE,Federal Contract Tower,0,0,9,0,9,0,0,196,0,196,0,0,205,0,205,402,0,402,607
10/22/2022,RNM,CA,AWP,WE,Federal Contract Tower,0,0,14,0,14,0,0,34,0,34,0,0,48,0,48,96,0,96,144
10/23/2022,RNM,CA,AWP,WE,Federal Contract Tower,0,0,11,0,11,0,0,84,2,86,0,0,95,2,97,248,0,248,345
10/24/2022,RNM,CA,AWP,WE,Federal Contract Tower,0,1,3,0,4,0,0,171,0,171,0,1,174,0,175,223,0,223,398
10/25/2022,RNM,CA,AWP,WE,Federal Contract Tower,0,0,6,0,6,0,0,155,0,155,0,0,161,0,161,268,0,268,429
10/26/2022,RNM,CA,AWP,WE,Federal Contract Tower,0,1,3,0,4,0,0,118,2,120,0,1,121,2,124,334,0,334,458
10/27/2022,RNM,CA,AWP,WE,Federal Contract Tower,0,2,4,0,6,0,0,178,0,178,0,2,182,0,184,284,0,284,468
10/28/2022,RNM,CA,AWP,WE,Federal Contract Tower,0,0,3,0,3,0,0,167,0,167,0,0,170,0,170,441,0,441,611
10/29/2022,RNM,CA,AWP,WE,Federal Contract Tower,0,0,5,0,5,0,0,153,0,153,0,0,158,0,158,208,0,208,366
10/30/2022,RNM,CA,AWP,WE,Federal Contract Tower,0,0,3,0,3,0,0,100,0,100,0,0,103,0,103,280,0,280,383
10/31/2022,RNM,CA,AWP,WE,Federal Contract Tower,0,0,2,0,2,0,0,126,0,126,0,0,128,0,128,356,0,356,484
11/01/2022,RNM,CA,AWP,WE,Federal Contract Tower,0,0,7,0,7,0,0,114,0,114,0,0,121,0,121,284,0,284,405
11/02/2022,RNM,CA,AWP,WE,Federal Contract Tower,0,0,12,0,12,0,0,47,0,47,0,0,59,0,59,76,0,76,135
11/03/2022,RNM,CA,AWP,WE,Federal Contract Tower,0,0,0,0,0,0,0,14,6,20,0,0,14,6,20,4,0,4,24
11/04/2022,RNM,CA,AWP,WE,Federal Contract Tower,0,0,3,0,3,0,0,75,0,75,0,0,78,0,78,178,0,178,256
11/05/2022,RNM,CA,AWP,WE,Federal Contract Tower,0,0,7,0,7,0,0,186,0,186,0,0,193,0,193,372,0,372,565
11/06/2022,RNM,CA,AWP,WE,Federal Contract Tower,0,2,3,0,5,0,0,118,0,118,0,2,121,0,123,338,0,338,461
11/07/2022,RNM,CA,AWP,WE,Federal Contract Tower,0,0,9,0,9,0,0,20,0,20,0,0,29,0,29,138,0,138,167
11/08/2022,RNM,CA,AWP,WE,Federal Contract Tower,0,0,0,0,0,0,0,4,2,6,0,0,4,2,6,2,0,2,8
11/10/2022,RNM,CA,AWP,WE,Federal Contract Tower,0,1,2,0,3,0,0,157,0,157,0,1,159,0,160,233,0,233,393
11/11/2022,RNM,CA,AWP,WE,Federal Contract Tower,0,0,1,0,1,0,0,116,0,116,0,0,117,0,117,358,0,358,475
11/12/2022,RNM,CA,AWP,WE,Federal Contract Tower,0,0,0,0,0,0,0,121,0,121,0,0,121,0,121,324,0,324,445
11/13/2022,RNM,CA,AWP,WE,Federal Contract Tower,0,0,14,0,14,0,0,64,0,64,0,0,78,0,78,196,0,196,274
11/14/2022,RNM,CA,AWP,WE,Federal Contract Tower,0,2,0,0,2,0,0,93,0,93,0,2,93,0,95,311,0,311,406
11/15/2022,RNM,CA,AWP,WE,Federal Contract Tower,0,0,1,0,1,0,0,146,0,146,0,0,147,0,147,274,0,274,421
11/16/2022,RNM,CA,AWP,WE,Federal Contract Tower,0,0,1,0,1,0,0,32,0,32,0,0,33,0,33,16,0,16,49
11/17/2022,RNM,CA,AWP,WE,Federal Contract Tower,0,0,1,0,1,0,0,138,0,138,0,0,139,0,139,130,0,130,269
11/18/2022,RNM,CA,AWP,WE,Federal Contract Tower,0,0,4,0,4,0,0,161,0,161,0,0,165,0,165,276,0,276,441
11/19/2022,RNM,CA,AWP,WE,Federal Contract Tower,0,0,4,0,4,0,0,58,0,58,0,0,62,0,62,172,0,172,234
11/20/2022,RNM,CA,AWP,WE,Federal Contract Tower,0,0,1,0,1,0,0,129,0,129,0,0,130,0,130,218,0,218,348
11/21/2022,RNM,CA,AWP,WE,Federal Contract Tower,0,0,2,0,2,0,0,119,0,119,0,0,121,0,121,276,0,276,397
11/22/2022,RNM,CA,AWP,WE,Federal Contract Tower,0,0,2,0,2,0,0,179,3,182,0,0,181,3,184,222,0,222,406
11/23/2022,RNM,CA,AWP,WE,Federal Contract Tower,0,0,5,0,5,0,0,165,0,165,0,0,170,0,170,320,0,320,490
11/24/2022,RNM,CA,AWP,WE,Federal Contract Tower,0,0,0,0,0,0,0,6,0,6,0,0,6,0,6,14,0,14,20
11/25/2022,RNM,CA,AWP,WE,Federal Contract Tower,0,0,1,0,1,0,0,70,0,70,0,0,71,0,71,96,0,96,167
11/26/2022,RNM,CA,AWP,WE,Federal Contract Tower,0,0,0,0,0,0,0,112,0,112,0,0,112,0,112,274,0,274,386
11/27/2022,RNM,CA,AWP,WE,Federal Contract Tower,0,0,7,0,7,0,0,102,0,102,0,0,109,0,109,256,0,256,365
11/28/2022,RNM,CA,AWP,WE,Federal Contract Tower,0,0,14,0,14,0,0,39,0,39,0,0,53,0,53,124,0,124,177
11/29/2022,RNM,CA,AWP,WE,Federal Contract Tower,0,0,10,0,10,0,0,60,0,60,0,0,70,0,70,174,0,174,244
11/30/2022,RNM,CA,AWP,WE,Federal Contract Tower,0,0,15,0,15,0,0,71,0,71,0,0,86,0,86,160,0,160,246
12/01/2022,RNM,CA,AWP,WE,Federal Contract Tower,0,0,5,0,5,0,0,39,2,41,0,0,44,2,46,184,6,190,236
12/02/2022,RNM,CA,AWP,WE,Federal Contract Tower,0,0,4,0,4,0,0,82,0,82,0,0,86,0,86,268,0,268,354
12/03/2022,RNM,CA,AWP,WE,Federal Contract Tower,0,1,0,0,1,0,0,132,0,132,0,1,132,0,133,268,0,268,401
12/04/2022,RNM,CA,AWP,WE,Federal Contract Tower,0,1,3,0,4,0,0,107,0,107,0,1,110,0,111,224,0,224,335
12/05/2022,RNM,CA,AWP,WE,Federal Contract Tower,0,0,5,0,5,0,0,64,0,64,0,0,69,0,69,168,0,168,237
12/06/2022,RNM,CA,AWP,WE,Federal Contract Tower,0,0,10,0,10,0,0,55,0,55,0,0,65,0,65,84,0,84,149
12/07/2022,RNM,CA,AWP,WE,Federal Contract Tower,0,0,7,0,7,0,0,72,0,72,0,0,79,0,79,224,0,224,303
12/08/2022,RNM,CA,AWP,WE,Federal Contract Tower,0,0,4,0,4,0,0,184,0,184,0,0,188,0,188,258,0,258,446
12/10/2022,RNM,CA,AWP,WE,Federal Contract Tower,0,0,0,0,0,0,0,158,0,158,0,0,158,0,158,355,0,355,513
12/11/2022,RNM,CA,AWP,WE,Federal Contract Tower,0,0,0,0,0,0,0,3,0,3,0,0,3,0,3,12,0,12,15
12/12/2022,RNM,CA,AWP,WE,Federal Contract Tower,0,1,5,0,6,0,0,6,0,6,0,1,11,0,12,38,0,38,50
12/13/2022,RNM,CA,AWP,WE,Federal Contract Tower,0,0,12,0,12,0,0,125,0,125,0,0,137,0,137,289,0,289,426
12/14/2022,RNM,CA,AWP,WE,Federal Contract Tower,0,1,7,0,8,0,0,178,0,178,0,1,185,0,186,335,0,335,521
12/15/2022,RNM,CA,AWP,WE,Federal Contract Tower,0,1,5,0,6,0,0,152,0,152,0,1,157,0,158,334,0,334,492
12/16/2022,RNM,CA,AWP,WE,Federal Contract Tower,0,0,5,0,5,0,0,173,0,173,0,0,178,0,178,394,0,394,572
12/17/2022,RNM,CA,AWP,WE,Federal Contract Tower,0,0,0,0,0,0,0,93,0,93,0,0,93,0,93,309,0,309,402
12/18/2022,RNM,CA,AWP,WE,Federal Contract Tower,0,0,3,0,3,0,0,157,0,157,0,0,160,0,160,294,0,294,454
12/19/2022,RNM,CA,AWP,WE,Federal Contract Tower,0,1,7,0,8,0,0,99,0,99,0,1,106,0,107,220,0,220,327
12/20/2022,RNM,CA,AWP,WE,Federal Contract Tower,0,1,1,0,2,0,0,172,2,174,0,1,173,2,176,430,6,436,612
12/21/2022,RNM,CA,AWP,WE,Federal Contract Tower,0,3,2,0,5,0,0,231,4,235,0,3,233,4,240,308,0,308,548
12/22/2022,RNM,CA,AWP,WE,Federal Contract Tower,0,0,0,0,0,0,0,142,0,142,0,0,142,0,142,248,0,248,390
12/23/2022,RNM,CA,AWP,WE,Federal Contract Tower,0,0,1,0,1,0,0,126,0,126,0,0,127,0,127,260,0,260,387
12/24/2022,RNM,CA,AWP,WE,Federal Contract Tower,0,0,0,0,0,0,0,76,0,76,0,0,76,0,76,88,0,88,164
12/25/2022,RNM,CA,AWP,WE,Federal Contract Tower,0,0,0,0,0,0,0,31,2,33,0,0,31,2,33,46,0,46,79
12/26/2022,RNM,CA,AWP,WE,Federal Contract Tower,0,0,0,0,0,0,0,112,0,112,0,0,112,0,112,256,0,256,368
12/27/2022,RNM,CA,AWP,WE,Federal Contract Tower,0,0,4,0,4,0,0,64,0,64,0,0,68,0,68,228,0,228,296
12/28/2022,RNM,CA,AWP,WE,Federal Contract Tower,0,0,7,0,7,0,0,27,2,29,0,0,34,2,36,34,0,34,70
12/29/2022,RNM,CA,AWP,WE,Federal Contract Tower,0,0,11,0,11,0,0,36,0,36,0,0,47,0,47,88,0,88,135
12/30/2022,RNM,CA,AWP,WE,Federal Contract Tower,0,0,16,0,16,0,0,7,0,7,0,0,23,0,23,16,0,16,39
12/31/2022,RNM,CA,AWP,WE,Federal Contract Tower,0,0,3,0,3,0,0,0,0,0,0,0,3,0,3,0,0,0,3
01/01/2023,RNM,CA,AWP,WE,Federal Contract Tower,0,0,1,0,1,0,0,0,0,0,0,0,1,0,1,0,0,0,1
01/02/2023,RNM,CA,AWP,WE,Federal Contract Tower,0,0,9,0,9,0,0,26,0,26,0,0,35,0,35,110,0,110,145
01/03/2023,RNM,CA,AWP,WE,Federal Contract Tower,0,0,6,0,6,0,0,1,0,1,0,0,7,0,7,1,0,1,8
01/04/2023,RNM,CA,AWP,WE,Federal Contract Tower,0,0,3,0,3,0,0,16,0,16,0,0,19,0,19,50,0,50,69
01/05/2023,RNM,CA,AWP,WE,Federal Contract Tower,0,0,2,0,2,0,0,0,0,0,0,0,2,0,2,0,0,0,2
01/06/2023,RNM,CA,AWP,WE,Federal Contract Tower,0,0,7,0,7,0,0,155,0,155,0,0,162,0,162,436,0,436,598
01/07/2023,RNM,CA,AWP,WE,Federal Contract Tower,0,0,3,0,3,0,0,148,0,148,0,0,151,0,151,360,0,360,511
01/08/2023,RNM,CA,AWP,WE,Federal Contract Tower,0,0,3,0,3,0,0,125,0,125,0,0,128,0,128,398,0,398,526
01/09/2023,RNM,CA,AWP,WE,Federal Contract Tower,0,0,3,0,3,0,0,70,0,70,0,0,73,0,73,286,0,286,359
01/10/2023,RNM,CA,AWP,WE,Federal Contract Tower,0,0,1,0,1,0,0,0,0,0,0,0,1,0,1,0,0,0,1
01/11/2023,RNM,CA,AWP,WE,Federal Contract Tower,0,0,6,0,6,0,0,154,2,156,0,0,160,2,162,310,0,310,472
01/12/2023,RNM,CA,AWP,WE,Federal Contract Tower,0,0,5,0,5,0,0,175,4,179,0,0,180,4,184,428,0,428,612
01/13/2023,RNM,CA,AWP,WE,Federal Contract Tower,0,0,1,0,1,0,0,189,0,189,0,0,190,0,190,442,0,442,632
01/14/2023,RNM,CA,AWP,WE,Federal Contract Tower,0,0,4,0,4,0,0,35,0,35,0,0,39,0,39,94,0,94,133
01/15/2023,RNM,CA,AWP,WE,Federal Contract Tower,0,0,4,0,4,0,0,0,0,0,0,0,4,0,4,0,0,0,4
01/16/2023,RNM,CA,AWP,WE,Federal Contract Tower,0,0,4,0,4,0,0,0,0,0,0,0,4,0,4,0,0,0,4
01/17/2023,RNM,CA,AWP,WE,Federal Contract Tower,0,0,13,0,13,0,0,34,0,34,0,0,47,0,47,86,0,86,133
01/18/2023,RNM,CA,AWP,WE,Federal Contract Tower,0,1,2,0,3,0,0,154,0,154,0,1,156,0,157,326,0,326,483
01/19/2023,RNM,CA,AWP,WE,Federal Contract Tower,0,0,9,0,9,0,0,146,2,148,0,0,155,2,157,270,0,270,427
01/20/2023,RNM,CA,AWP,WE,Federal Contract Tower,0,0,9,0,9,0,0,158,0,158,0,0,167,0,167,404,6,410,577
01/21/2023,RNM,CA,AWP,WE,Federal Contract Tower,0,1,6,0,7,0,0,129,0,129,0,1,135,0,136,326,0,326,462
01/22/2023,RNM,CA,AWP,WE,Federal Contract Tower,0,0,5,0,5,0,0,117,0,117,0,0,122,0,122,286,0,286,408
01/23/2023,RNM,CA,AWP,WE,Federal Contract Tower,0,2,4,0,6,0,0,86,0,86,0,2,90,0,92,156,0,156,248
01/24/2023,RNM,CA,AWP,WE,Federal Contract Tower,0,0,0,0,0,0,0,175,5,180,0,0,175,5,180,405,2,407,587
01/25/2023,RNM,CA,AWP,WE,Federal Contract Tower,0,2,1,0,3,0,0,126,0,126,0,2,127,0,129,304,0,304,433
01/26/2023,RNM,CA,AWP,WE,Federal Contract Tower,0,0,5,0,5,0,0,25,0,25,0,0,30,0,30,40,0,40,70
01/27/2023,RNM,CA,AWP,WE,Federal Contract Tower,0,0,4,0,4,0,0,156,0,156,0,0,160,0,160,380,0,380,540
01/28/2023,RNM,CA,AWP,WE,Federal Contract Tower,0,0,12,0,12,0,0,147,0,147,0,0,159,0,159,358,0,358,517
01/29/2023,RNM,CA,AWP,WE,Federal Contract Tower,0,0,5,0,5,0,0,7,0,7,0,0,12,0,12,68,0,68,80
01/30/2023,RNM,CA,AWP,WE,Federal Contract Tower,0,0,2,0,2,0,0,9,0,9,0,0,11,0,11,30,0,30,41
01/31/2023,RNM,CA,AWP,WE,Federal Contract Tower,0,0,4,0,4,0,0,128,0,128,0,0,132,0,132,298,0,298,430
02/01/2023,RNM,CA,AWP,WE,Federal Contract Tower,0,2,1,0,3,0,0,185,2,187,0,2,186,2,190,358,0,358,548
02/02/2023,RNM,CA,AWP,WE,Federal Contract Tower,0,2,4,0,6,0,0,158,2,160,0,2,162,2,166,362,0,362,528
02/03/2023,RNM,CA,AWP,WE,Federal Contract Tower,0,0,1,0,1,0,0,190,0,190,0,0,191,0,191,370,0,370,561
02/04/2023,RNM,CA,AWP,WE,Federal Contract Tower,0,0,0,0,0,0,0,142,0,142,0,0,142,0,142,284,0,284,426
02/05/2023,RNM,CA,AWP,WE,Federal Contract Tower,0,2,5,0,7,0,0,50,0,50,0,2,55,0,57,102,0,102,159
02/06/2023,RNM,CA,AWP,WE,Federal Contract Tower,0,1,4,0,5,0,0,135,8,143,0,1,139,8,148,262,14,276,424
02/07/2023,RNM,CA,AWP,WE,Federal Contract Tower,0,1,9,0,10,0,0,125,4,129,0,1,134,4,139,274,2,276,415
02/09/2023,RNM,CA,AWP,WE,Federal Contract Tower,0,0,1,0,1,0,0,116,0,116,0,0,117,0,117,226,0,226,343
02/10/2023,RNM,CA,AWP,WE,Federal Contract Tower,0,0,0,0,0,0,0,74,0,74,0,0,74,0,74,182,0,182,256
02/11/2023,RNM,CA,AWP,WE,Federal Contract Tower,0,0,8,0,8,0,0,44,0,44,0,0,52,0,52,146,0,146,198
02/13/2023,RNM,CA,AWP,WE,Federal Contract Tower,0,2,14,0,16,0,0,73,2,75,0,2,87,2,91,292,0,292,383
02/14/2023,RNM,CA,AWP,WE,Federal Contract Tower,0,0,2,0,2,0,0,0,0,0,0,0,2,0,2,0,0,0,2
02/15/2023,RNM,CA,AWP,WE,Federal Contract Tower,0,0,5,0,5,0,0,107,2,109,0,0,112,2,114,182,6,188,302
02/16/2023,RNM,CA,AWP,WE,Federal Contract Tower,0,2,1,0,3,0,0,80,0,80,0,2,81,0,83,190,0,190,273
02/17/2023,RNM,CA,AWP,WE,Federal Contract Tower,0,0,2,0,2,0,0,96,0,96,0,0,98,0,98,244,0,244,342
02/18/2023,RNM,CA,AWP,WE,Federal Contract Tower,0,0,5,0,5,0,0,179,0,179,0,0,184,0,184,318,0,318,502
02/19/2023,RNM,CA,AWP,WE,Federal Contract Tower,0,2,3,0,5,0,0,131,0,131,0,2,134,0,136,145,0,145,281
02/20/2023,RNM,CA,AWP,WE,Federal Contract Tower,0,0,1,0,1,0,0,196,0,196,0,0,197,0,197,310,0,310,507
02/21/2023,RNM,CA,AWP,WE,Federal Contract Tower,0,0,5,0,5,0,0,87,0,87,0,0,92,0,92,234,0,234,326
02/22/2023,RNM,CA,AWP,WE,Federal Contract Tower,0,0,0,0,0,0,0,10,4,14,0,0,10,4,14,0,0,0,14
02/23/2023,RNM,CA,AWP,WE,Federal Contract Tower,0,2,0,0,2,0,0,10,4,14,0,2,10,4,16,0,0,0,16
02/24/2023,RNM,CA,AWP,WE,Federal Contract Tower,0,0,1,2,3,0,0,18,0,18,0,0,19,2,21,54,2,56,77
02/25/2023,RNM,CA,AWP,WE,Federal Contract Tower,0,0,0,0,0,0,0,0,0,0,0,0,0,0,0,0,0,0,0
02/26/2023,RNM,CA,AWP,WE,Federal Contract Tower,0,0,4,0,4,0,0,47,2,49,0,0,51,2,53,158,4,162,215
02/27/2023,RNM,CA,AWP,WE,Federal Contract Tower,0,0,4,0,4,0,0,103,0,103,0,0,107,0,107,324,0,324,431
02/28/2023,RNM,CA,AWP,WE,Federal Contract Tower,0,0,9,0,9,0,0,25,2,27,0,0,34,2,36,96,0,96,132
03/01/2023,RNM,CA,AWP,WE,Federal Contract Tower,0,0,1,0,1,0,0,2,0,2,0,0,3,0,3,0,0,0,3
03/02/2023,RNM,CA,AWP,WE,Federal Contract Tower,0,0,4,1,5,0,0,219,0,219,0,0,223,1,224,442,0,442,666
03/03/2023,RNM,CA,AWP,WE,Federal Contract Tower,0,0,3,0,3,0,0,222,0,222,0,0,225,0,225,532,0,532,757
03/04/2023,RNM,CA,AWP,WE,Federal Contract Tower,0,0,8,0,8,0,0,33,0,33,0,0,41,0,41,106,0,106,147
03/05/2023,RNM,CA,AWP,WE,Federal Contract Tower,0,0,13,0,13,0,0,62,0,62,0,0,75,0,75,264,0,264,339
03/06/2023,RNM,CA,AWP,WE,Federal Contract Tower,0,2,12,0,14,0,0,101,0,101,0,2,113,0,115,168,0,168,283
03/07/2023,RNM,CA,AWP,WE,Federal Contract Tower,0,0,4,0,4,0,0,143,4,147,0,0,147,4,151,364,0,364,515
03/08/2023,RNM,CA,AWP,WE,Federal Contract Tower,0,2,9,0,11,0,0,145,10,155,0,2,154,10,166,308,18,326,492
03/09/2023,RNM,CA,AWP,WE,Federal Contract Tower,0,0,5,0,5,0,0,181,0,181,0,0,186,0,186,310,0,310,496
03/10/2023,RNM,CA,AWP,WE,Federal Contract Tower,0,0,18,0,18,0,0,19,0,19,0,0,37,0,37,80,0,80,117
03/11/2023,RNM,CA,AWP,WE,Federal Contract Tower,0,0,1,0,1,0,0,0,0,0,0,0,1,0,1,0,0,0,1
03/13/2023,RNM,CA,AWP,WE,Federal Contract Tower,0,0,3,0,3,0,0,11,0,11,0,0,14,0,14,2,0,2,16
03/14/2023,RNM,CA,AWP,WE,Federal Contract Tower,0,0,5,0,5,0,0,10,1,11,0,0,15,1,16,34,0,34,50
03/15/2023,RNM,CA,AWP,WE,Federal Contract Tower,0,0,0,0,0,0,0,0,0,0,0,0,0,0,0,0,0,0,0
03/16/2023,RNM,CA,AWP,WE,Federal Contract Tower,0,1,22,0,23,0,0,45,2,47,0,1,67,2,70,144,2,146,216
03/17/2023,RNM,CA,AWP,WE,Federal Contract Tower,0,0,10,0,10,0,0,233,0,233,0,0,243,0,243,470,0,470,713
03/18/2023,RNM,CA,AWP,WE,Federal Contract Tower,0,1,7,0,8,0,0,159,0,159,0,1,166,0,167,234,0,234,401
03/19/2023,RNM,CA,AWP,WE,Federal Contract Tower,0,0,4,0,4,0,0,92,0,92,0,0,96,0,96,252,0,252,348
03/20/2023,RNM,CA,AWP,WE,Federal Contract Tower,0,0,6,0,6,0,0,0,0,0,0,0,6,0,6,4,0,4,10
03/21/2023,RNM,CA,AWP,WE,Federal Contract Tower,0,2,1,0,3,0,0,0,0,0,0,2,1,0,3,0,0,0,3
03/22/2023,RNM,CA,AWP,WE,Federal Contract Tower,0,0,4,0,4,0,0,17,6,23,0,0,21,6,27,28,2,30,57
03/23/2023,RNM,CA,AWP,WE,Federal Contract Tower,0,0,7,0,7,0,0,17,0,17,0,0,24,0,24,28,0,28,52
03/24/2023,RNM,CA,AWP,WE,Federal Contract Tower,0,0,11,0,11,0,0,119,0,119,0,0,130,0,130,292,0,292,422
03/25/2023,RNM,CA,AWP,WE,Federal Contract Tower,0,0,5,0,5,0,0,190,0,190,0,0,195,0,195,294,0,294,489
03/26/2023,RNM,CA,AWP,WE,Federal Contract Tower,0,2,5,0,7,0,0,208,0,208,0,2,213,0,215,348,0,348,563
03/27/2023,RNM,CA,AWP,WE,Federal Contract Tower,0,0,9,0,9,0,0,163,2,165,0,0,172,2,174,194,0,194,368
03/28/2023,RNM,CA,AWP,WE,Federal Contract Tower,0,0,6,0,6,0,0,231,0,231,0,0,237,0,237,364,0,364,601
03/29/2023,RNM,CA,AWP,WE,Federal Contract Tower,0,2,4,0,6,0,0,0,0,0,0,2,4,0,6,0,0,0,6
03/30/2023,RNM,CA,AWP,WE,Federal Contract Tower,0,0,2,0,2,0,0,3,0,3,0,0,5,0,5,0,0,0,5
03/31/2023,RNM,CA,AWP,WE,Federal Contract Tower,0,0,4,0,4,0,0,255,0,255,0,0,259,0,259,340,0,340,599
04/01/2023,RNM,CA,AWP,WE,Federal Contract Tower,0,2,1,0,3,0,0,243,0,243,0,2,244,0,246,306,0,306,552
04/02/2023,RNM,CA,AWP,WE,Federal Contract Tower,0,0,7,0,7,0,0,207,0,207,0,0,214,0,214,272,0,272,486
04/03/2023,RNM,CA,AWP,WE,Federal Contract Tower,0,0,5,0,5,0,0,14,0,14,0,0,19,0,19,64,0,64,83
04/04/2023,RNM,CA,AWP,WE,Federal Contract Tower,0,0,5,0,5,0,0,133,2,135,0,0,138,2,140,340,0,340,480
04/05/2023,RNM,CA,AWP,WE,Federal Contract Tower,0,0,5,0,5,0,0,141,0,141,0,0,146,0,146,416,0,416,562
04/06/2023,RNM,CA,AWP,WE,Federal Contract Tower,0,1,5,0,6,0,0,171,0,171,0,1,176,0,177,396,0,396,573
04/07/2023,RNM,CA,AWP,WE,Federal Contract Tower,0,0,3,0,3,0,0,216,0,216,0,0,219,0,219,458,0,458,677
04/08/2023,RNM,CA,AWP,WE,Federal Contract Tower,0,0,5,0,5,0,0,151,0,151,0,0,156,0,156,392,0,392,548
04/09/2023,RNM,CA,AWP,WE,Federal Contract Tower,0,0,7,0,7,0,0,97,0,97,0,0,104,0,104,208,0,208,312
04/10/2023,RNM,CA,AWP,WE,Federal Contract Tower,0,0,3,0,3,0,0,127,0,127,0,0,130,0,130,274,0,274,404
04/11/2023,RNM,CA,AWP,WE,Federal Contract Tower,0,2,13,0,15,0,0,96,0,96,0,2,109,0,111,188,0,188,299
04/12/2023,RNM,CA,AWP,WE,Federal Contract Tower,0,0,22,0,22,0,0,2,0,2,0,0,24,0,24,2,0,2,26
04/13/2023,RNM,CA,AWP,WE,Federal Contract Tower,0,2,19,0,21,0,0,0,0,0,0,2,19,0,21,0,0,0,21
04/14/2023,RNM,CA,AWP,WE,Federal Contract Tower,0,0,25,0,25,0,0,70,0,70,0,0,95,0,95,156,0,156,251
04/15/2023,RNM,CA,AWP,WE,Federal Contract Tower,0,0,3,0,3,0,0,168,0,168,0,0,171,0,171,330,0,330,501
04/16/2023,RNM,CA,AWP,WE,Federal Contract Tower,0,0,17,0,17,0,0,45,0,45,0,0,62,0,62,28,0,28,90
04/17/2023,RNM,CA,AWP,WE,Federal Contract Tower,0,0,17,0,17,0,0,23,0,23,0,0,40,0,40,58,0,58,98
04/18/2023,RNM,CA,AWP,WE,Federal Contract Tower,0,0,17,0,17,0,0,58,0,58,0,0,75,0,75,116,0,116,191
04/19/2023,RNM,CA,AWP,WE,Federal Contract Tower,0,0,13,0,13,0,0,193,0,193,0,0,206,0,206,232,0,232,438
04/20/2023,RNM,CA,AWP,WE,Federal Contract Tower,0,1,6,0,7,0,228,0,0,228,0,229,6,0,235,348,0,348,583
04/21/2023,RNM,CA,AWP,WE,Federal Contract Tower,0,0,3,0,3,0,0,219,0,219,0,0,222,0,222,408,0,408,630
04/23/2023,RNM,CA,AWP,WE,Federal Contract Tower,0,0,5,0,5,0,0,138,0,138,0,0,143,0,143,208,0,208,351
04/24/2023,RNM,CA,AWP,WE,Federal Contract Tower,0,0,16,0,16,0,0,127,0,127,0,0,143,0,143,274,0,274,417
04/25/2023,RNM,CA,AWP,WE,Federal Contract Tower,0,0,25,0,25,0,0,74,0,74,0,0,99,0,99,140,0,140,239
04/26/2023,RNM,CA,AWP,WE,Federal Contract Tower,0,0,4,0,4,0,0,206,2,208,0,0,210,2,212,366,0,366,578
04/27/2023,RNM,CA,AWP,WE,Federal Contract Tower,0,0,6,0,6,0,0,198,0,198,0,0,204,0,204,324,0,324,528
04/28/2023,RNM,CA,AWP,WE,Federal Contract Tower,0,0,12,0,12,0,0,188,0,188,0,0,200,0,200,322,0,322,522
04/29/2023,RNM,CA,AWP,WE,Federal Contract Tower,0,0,15,0,15,0,0,171,0,171,0,0,186,0,186,284,0,284,470
04/30/2023,RNM,CA,AWP,WE,Federal Contract Tower,0,0,10,0,10,0,0,122,0,122,0,0,132,0,132,266,0,266,398
05/01/2023,RNM,CA,AWP,WE,Federal Contract Tower,0,0,22,0,22,0,0,34,0,34,0,0,56,0,56,102,0,102,158
05/02/2023,RNM,CA,AWP,WE,Federal Contract Tower,0,2,23,0,25,0,0,77,0,77,0,2,100,0,102,244,0,244,346
05/03/2023,RNM,CA,AWP,WE,Federal Contract Tower,0,2,10,0,12,0,0,131,0,131,0,2,141,0,143,234,0,234,377
05/04/2023,RNM,CA,AWP,WE,Federal Contract Tower,0,0,6,0,6,0,0,12,2,14,0,0,18,2,20,56,0,56,76
05/05/2023,RNM,CA,AWP,WE,Federal Contract Tower,0,0,14,0,14,0,0,67,2,69,0,0,81,2,83,200,0,200,283
05/06/2023,RNM,CA,AWP,WE,Federal Contract Tower,0,0,6,0,6,0,0,127,0,127,0,0,133,0,133,244,0,244,377
05/07/2023,RNM,CA,AWP,WE,Federal Contract Tower,0,3,4,0,7,0,0,170,0,170,0,3,174,0,177,300,0,300,477
05/08/2023,RNM,CA,AWP,WE,Federal Contract Tower,0,1,4,0,5,0,0,183,2,185,0,1,187,2,190,278,0,278,468
05/09/2023,RNM,CA,AWP,WE,Federal Contract Tower,0,0,10,0,10,0,0,123,0,123,0,0,133,0,133,236,0,236,369
05/10/2023,RNM,CA,AWP,WE,Federal Contract Tower,0,1,15,0,16,0,0,72,2,74,0,1,87,2,90,238,0,238,328
05/11/2023,RNM,CA,AWP,WE,Federal Contract Tower,0,2,16,0,18,0,0,166,0,166,0,2,182,0,184,278,0,278,462
05/12/2023,RNM,CA,AWP,WE,Federal Contract Tower,0,0,11,0,11,0,0,137,0,137,0,0,148,0,148,116,0,116,264
05/13/2023,RNM,CA,AWP,WE,Federal Contract Tower,0,0,13,0,13,0,0,143,0,143,0,0,156,0,156,192,0,192,348
05/14/2023,RNM,CA,AWP,WE,Federal Contract Tower,0,0,7,0,7,0,0,109,0,109,0,0,116,0,116,222,0,222,338
05/15/2023,RNM,CA,AWP,WE,Federal Contract Tower,0,0,14,0,14,0,0,116,0,116,0,0,130,0,130,234,0,234,364
05/16/2023,RNM,CA,AWP,WE,Federal Contract Tower,0,0,19,0,19,0,0,200,0,200,0,0,219,0,219,308,0,308,527
05/17/2023,RNM,CA,AWP,WE,Federal Contract Tower,0,0,25,0,25,0,0,146,0,146,0,0,171,0,171,242,0,242,413
05/18/2023,RNM,CA,AWP,WE,Federal Contract Tower,1,0,6,0,7,0,0,59,0,59,1,0,65,0,66,122,0,122,188
05/19/2023,RNM,CA,AWP,WE,Federal Contract Tower,0,3,18,0,21,0,0,83,0,83,0,3,101,0,104,198,0,198,302
05/20/2023,RNM,CA,AWP,WE,Federal Contract Tower,0,1,13,0,14,0,0,148,0,148,0,1,161,0,162,254,0,254,416
05/21/2023,RNM,CA,AWP,WE,Federal Contract Tower,0,2,13,0,15,0,0,140,0,140,0,2,153,0,155,238,0,238,393
05/22/2023,RNM,CA,AWP,WE,Federal Contract Tower,0,2,26,0,28,0,0,76,0,76,0,2,102,0,104,160,0,160,264
05/23/2023,RNM,CA,AWP,WE,Federal Contract Tower,0,0,6,0,6,0,0,0,0,0,0,0,6,0,6,0,0,0,6
05/24/2023,RNM,CA,AWP,WE,Federal Contract Tower,0,0,19,0,19,0,0,2,0,2,0,0,21,0,21,0,0,0,21
05/25/2023,RNM,CA,AWP,WE,Federal Contract Tower,0,0,16,0,16,0,0,154,0,154,0,0,170,0,170,344,0,344,514
05/26/2023,RNM,CA,AWP,WE,Federal Contract Tower,0,0,14,0,14,0,0,139,2,141,0,0,153,2,155,244,0,244,399
05/27/2023,RNM,CA,AWP,WE,Federal Contract Tower,0,0,12,0,12,0,0,86,0,86,0,0,98,0,98,132,0,132,230
05/28/2023,RNM,CA,AWP,WE,Federal Contract Tower,0,0,11,0,11,0,0,49,0,49,0,0,60,0,60,82,0,82,142
05/29/2023,RNM,CA,AWP,WE,Federal Contract Tower,0,0,5,0,5,0,0,2,0,2,0,0,7,0,7,0,0,0,7
05/30/2023,RNM,CA,AWP,WE,Federal Contract Tower,0,0,16,0,16,0,0,40,4,44,0,0,56,4,60,122,0,122,182
05/31/2023,RNM,CA,AWP,WE,Federal Contract Tower,0,0,22,0,22,0,0,30,0,30,0,0,52,0,52,104,0,104,156
06/01/2023,RNM,CA,AWP,WE,Federal Contract Tower,0,0,18,0,18,0,0,22,0,22,0,0,40,0,40,66,0,66,106
06/02/2023,RNM,CA,AWP,WE,Federal Contract Tower,0,0,26,0,26,0,0,130,0,130,0,0,156,0,156,204,0,204,360
06/03/2023,RNM,CA,AWP,WE,Federal Contract Tower,0,0,17,0,17,0,0,87,0,87,0,0,104,0,104,156,0,156,260
06/04/2023,RNM,CA,AWP,WE,Federal Contract Tower,0,1,9,0,10,0,0,149,0,149,0,1,158,0,159,270,0,270,429
06/05/2023,RNM,CA,AWP,WE,Federal Contract Tower,0,3,20,0,23,0,0,53,0,53,0,3,73,0,76,134,0,134,210
06/06/2023,RNM,CA,AWP,WE,Federal Contract Tower,0,0,11,0,11,0,0,109,2,111,0,0,120,2,122,324,0,324,446
06/07/2023,RNM,CA,AWP,WE,Federal Contract Tower,0,0,16,0,16,0,0,72,0,72,0,0,88,0,88,224,0,224,312
06/08/2023,RNM,CA,AWP,WE,Federal Contract Tower,0,1,14,0,15,0,0,162,2,164,0,1,176,2,179,200,0,200,379
06/09/2023,RNM,CA,AWP,WE,Federal Contract Tower,0,0,17,0,17,0,0,94,0,94,0,0,111,0,111,116,0,116,227
06/10/2023,RNM,CA,AWP,WE,Federal Contract Tower,0,0,14,0,14,0,0,13,0,13,0,0,27,0,27,32,0,32,59
06/11/2023,RNM,CA,AWP,WE,Federal Contract Tower,0,0,5,0,5,0,0,2,0,2,0,0,7,0,7,14,0,14,21
06/12/2023,RNM,CA,AWP,WE,Federal Contract Tower,0,0,14,0,14,0,0,24,0,24,0,0,38,0,38,58,0,58,96
06/13/2023,RNM,CA,AWP,WE,Federal Contract Tower,0,0,8,0,8,0,0,73,2,75,0,0,81,2,83,150,4,154,237
06/14/2023,RNM,CA,AWP,WE,Federal Contract Tower,0,0,14,0,14,0,0,92,0,92,0,0,106,0,106,100,0,100,206
06/15/2023,RNM,CA,AWP,WE,Federal Contract Tower,0,2,6,0,8,0,0,103,2,105,0,2,109,2,113,236,2,238,351
06/16/2023,RNM,CA,AWP,WE,Federal Contract Tower,0,0,9,0,9,0,0,174,0,174,0,0,183,0,183,322,0,322,505
06/17/2023,RNM,CA,AWP,WE,Federal Contract Tower,0,0,10,0,10,0,0,218,0,218,0,0,228,0,228,338,0,338,566
06/18/2023,RNM,CA,AWP,WE,Federal Contract Tower,0,0,3,0,3,0,0,131,0,131,0,0,134,0,134,203,0,203,337
06/19/2023,RNM,CA,AWP,WE,Federal Contract Tower,0,0,10,0,10,0,0,115,0,115,0,0,125,0,125,154,0,154,279
06/20/2023,RNM,CA,AWP,WE,Federal Contract Tower,0,0,5,0,5,0,0,211,4,215,0,0,216,4,220,278,0,278,498
06/21/2023,RNM,CA,AWP,WE,Federal Contract Tower,0,0,6,0,6,0,0,206,4,210,0,0,212,4,216,368,6,374,590
06/22/2023,RNM,CA,AWP,WE,Federal Contract Tower,0,0,9,0,9,0,0,174,0,174,0,0,183,0,183,337,0,337,520
06/23/2023,RNM,CA,AWP,WE,Federal Contract Tower,0,0,12,0,12,0,0,155,0,155,0,0,167,0,167,314,0,314,481
06/24/2023,RNM,CA,AWP,WE,Federal Contract Tower,0,0,6,0,6,0,0,157,0,157,0,0,163,0,163,230,0,230,393
06/25/2023,RNM,CA,AWP,WE,Federal Contract Tower,0,0,1,0,1,0,0,151,0,151,0,0,152,0,152,212,0,212,364
06/26/2023,RNM,CA,AWP,WE,Federal Contract Tower,0,0,4,0,4,0,0,175,0,175,0,0,179,0,179,320,0,320,499
06/27/2023,RNM,CA,AWP,WE,Federal Contract Tower,0,0,3,0,3,0,0,194,0,194,0,0,197,0,197,367,0,367,564
06/28/2023,RNM,CA,AWP,WE,Federal Contract Tower,0,1,8,0,9,0,0,142,2,144,0,1,150,2,153,202,2,204,357
06/29/2023,RNM,CA,AWP,WE,Federal Contract Tower,0,1,5,0,6,0,0,142,2,144,0,1,147,2,150,224,0,224,374
06/30/2023,RNM,CA,AWP,WE,Federal Contract Tower,0,1,5,0,6,0,0,168,0,168,0,1,173,0,174,290,0,290,464
07/01/2023,RNM,CA,AWP,WE,Federal Contract Tower,0,0,3,0,3,0,0,170,0,170,0,0,173,0,173,240,0,240,413
07/02/2023,RNM,CA,AWP,WE,Federal Contract Tower,0,0,7,0,7,0,0,135,0,135,0,0,142,0,142,170,0,170,312
07/03/2023,RNM,CA,AWP,WE,Federal Contract Tower,0,2,9,0,11,0,0,160,2,162,0,2,169,2,173,286,0,286,459
07/04/2023,RNM,CA,AWP,WE,Federal Contract Tower,0,0,5,0,5,0,0,81,0,81,0,0,86,0,86,94,0,94,180
07/05/2023,RNM,CA,AWP,WE,Federal Contract Tower,0,0,6,0,6,0,0,187,0,187,0,0,193,0,193,368,0,368,561
07/06/2023,RNM,CA,AWP,WE,Federal Contract Tower,0,3,8,0,11,0,0,144,0,144,0,3,152,0,155,210,0,210,365
07/07/2023,RNM,CA,AWP,WE,Federal Contract Tower,0,0,6,0,6,0,0,132,0,132,0,0,138,0,138,296,0,296,434
07/08/2023,RNM,CA,AWP,WE,Federal Contract Tower,0,0,2,0,2,0,0,166,0,166,0,0,168,0,168,374,0,374,542
07/09/2023,RNM,CA,AWP,WE,Federal Contract Tower,0,0,4,0,4,0,0,142,0,142,0,0,146,0,146,256,0,256,402
07/10/2023,RNM,CA,AWP,WE,Federal Contract Tower,0,4,5,0,9,0,0,164,0,164,0,4,169,0,173,356,0,356,529
07/11/2023,RNM,CA,AWP,WE,Federal Contract Tower,0,0,1,0,1,0,0,154,4,158,0,0,155,4,159,324,2,326,485
07/12/2023,RNM,CA,AWP,WE,Federal Contract Tower,0,2,5,0,7,0,0,179,2,181,0,2,184,2,188,294,0,294,482
07/13/2023,RNM,CA,AWP,WE,Federal Contract Tower,0,0,7,0,7,0,0,184,4,188,0,0,191,4,195,292,0,292,487
07/14/2023,RNM,CA,AWP,WE,Federal Contract Tower,0,0,6,0,6,0,0,204,0,204,0,0,210,0,210,368,0,368,578
07/15/2023,RNM,CA,AWP,WE,Federal Contract Tower,0,0,4,0,4,0,0,172,0,172,0,0,176,0,176,224,0,224,400
07/16/2023,RNM,CA,AWP,WE,Federal Contract Tower,0,0,7,0,7,0,0,148,0,148,0,0,155,0,155,267,0,267,422
07/17/2023,RNM,CA,AWP,WE,Federal Contract Tower,0,0,9,0,9,0,0,121,0,121,0,0,130,0,130,290,0,290,420
07/18/2023,RNM,CA,AWP,WE,Federal Contract Tower,0,2,4,0,6,0,0,122,0,122,0,2,126,0,128,306,0,306,434
07/19/2023,RNM,CA,AWP,WE,Federal Contract Tower,0,0,4,0,4,0,0,166,2,168,0,0,170,2,172,298,0,298,470
07/20/2023,RNM,CA,AWP,WE,Federal Contract Tower,0,1,8,0,9,0,0,164,0,164,0,1,172,0,173,304,0,304,477
07/21/2023,RNM,CA,AWP,WE,Federal Contract Tower,0,1,4,0,5,0,0,171,0,171,0,1,175,0,176,300,0,300,476
07/22/2023,RNM,CA,AWP,WE,Federal Contract Tower,0,0,7,0,7,0,0,140,0,140,0,0,147,0,147,262,0,262,409
07/23/2023,RNM,CA,AWP,WE,Federal Contract Tower,0,0,5,0,5,0,0,57,0,57,0,0,62,0,62,82,0,82,144
07/24/2023,RNM,CA,AWP,WE,Federal Contract Tower,0,3,9,0,12,0,0,151,2,153,0,3,160,2,165,296,12,308,473
07/25/2023,RNM,CA,AWP,WE,Federal Contract Tower,0,0,4,0,4,0,0,215,0,215,0,0,219,0,219,344,0,344,563
07/26/2023,RNM,CA,AWP,WE,Federal Contract Tower,0,2,4,0,6,0,0,194,0,194,0,2,198,0,200,182,0,182,382
07/27/2023,RNM,CA,AWP,WE,Federal Contract Tower,0,0,0,0,0,0,0,159,2,161,0,0,159,2,161,294,0,294,455
07/28/2023,RNM,CA,AWP,WE,Federal Contract Tower,0,0,11,0,11,0,0,171,2,173,0,0,182,2,184,286,18,304,488
07/29/2023,RNM,CA,AWP,WE,Federal Contract Tower,0,0,8,0,8,0,0,134,0,134,0,0,142,0,142,210,0,210,352
07/30/2023,RNM,CA,AWP,WE,Federal Contract Tower,0,0,8,0,8,0,0,125,0,125,0,0,133,0,133,250,0,250,383
07/31/2023,RNM,CA,AWP,WE,Federal Contract Tower,0,2,7,0,9,0,0,50,0,50,0,2,57,0,59,192,0,192,251
08/01/2023,RNM,CA,AWP,WE,Federal Contract Tower,0,0,3,0,3,0,0,160,4,164,0,0,163,4,167,320,0,320,487
08/02/2023,RNM,CA,AWP,WE,Federal Contract Tower,0,0,6,0,6,0,0,185,0,185,0,0,191,0,191,336,0,336,527
08/03/2023,RNM,CA,AWP,WE,Federal Contract Tower,0,0,12,0,12,0,0,185,0,185,0,0,197,0,197,344,0,344,541
08/04/2023,RNM,CA,AWP,WE,Federal Contract Tower,0,0,8,0,8,0,0,152,0,152,0,0,160,0,160,266,0,266,426
08/05/2023,RNM,CA,AWP,WE,Federal Contract Tower,0,0,7,0,7,0,0,137,0,137,0,0,144,0,144,229,0,229,373
08/06/2023,RNM,CA,AWP,WE,Federal Contract Tower,0,0,6,0,6,0,0,166,0,166,0,0,172,0,172,236,0,236,408
08/07/2023,RNM,CA,AWP,WE,Federal Contract Tower,0,2,3,0,5,0,0,162,0,162,0,2,165,0,167,294,0,294,461
08/08/2023,RNM,CA,AWP,WE,Federal Contract Tower,0,0,3,0,3,0,0,114,0,114,0,0,117,0,117,300,0,300,417
08/09/2023,RNM,CA,AWP,WE,Federal Contract Tower,0,0,4,0,4,0,0,165,0,165,0,0,169,0,169,246,0,246,415
08/10/2023,RNM,CA,AWP,WE,Federal Contract Tower,0,0,10,0,10,0,0,106,0,106,0,0,116,0,116,275,0,275,391
08/11/2023,RNM,CA,AWP,WE,Federal Contract Tower,0,0,11,0,11,0,0,83,0,83,0,0,94,0,94,218,0,218,312
08/12/2023,RNM,CA,AWP,WE,Federal Contract Tower,0,0,2,0,2,0,0,182,0,182,0,0,184,0,184,326,0,326,510
08/13/2023,RNM,CA,AWP,WE,Federal Contract Tower,0,0,6,0,6,0,0,142,0,142,0,0,148,0,148,186,0,186,334
08/14/2023,RNM,CA,AWP,WE,Federal Contract Tower,0,0,11,0,11,0,0,152,2,154,0,0,163,2,165,325,0,325,490
08/15/2023,RNM,CA,AWP,WE,Federal Contract Tower,0,0,12,0,12,0,0,143,0,143,0,0,155,0,155,344,2,346,501
08/16/2023,RNM,CA,AWP,WE,Federal Contract Tower,0,0,2,0,2,0,0,149,6,155,0,0,151,6,157,332,2,334,491
08/17/2023,RNM,CA,AWP,WE,Federal Contract Tower,0,0,1,0,1,0,0,176,0,176,0,0,177,0,177,256,0,256,433
08/18/2023,RNM,CA,AWP,WE,Federal Contract Tower,0,2,9,0,11,0,0,222,0,222,0,2,231,0,233,244,0,244,477
08/19/2023,RNM,CA,AWP,WE,Federal Contract Tower,0,0,5,0,5,0,0,67,0,67,0,0,72,0,72,108,0,108,180
08/20/2023,RNM,CA,AWP,WE,Federal Contract Tower,0,0,0,0,0,0,0,0,0,0,0,0,0,0,0,0,0,0,0
08/21/2023,RNM,CA,AWP,WE,Federal Contract Tower,0,2,8,0,10,0,0,12,0,12,0,2,20,0,22,30,0,30,52
08/22/2023,RNM,CA,AWP,WE,Federal Contract Tower,0,0,1,0,1,0,0,169,0,169,0,0,170,0,170,283,0,283,453
08/24/2023,RNM,CA,AWP,WE,Federal Contract Tower,0,2,10,0,12,0,0,160,2,162,0,2,170,2,174,302,12,314,488
08/25/2023,RNM,CA,AWP,WE,Federal Contract Tower,0,0,6,0,6,0,0,159,0,159,0,0,165,0,165,362,0,362,527
08/26/2023,RNM,CA,AWP,WE,Federal Contract Tower,0,0,3,0,3,0,0,154,0,154,0,0,157,0,157,298,0,298,455
08/27/2023,RNM,CA,AWP,WE,Federal Contract Tower,0,0,2,0,2,0,0,123,0,123,0,0,125,0,125,176,0,176,301
08/28/2023,RNM,CA,AWP,WE,Federal Contract Tower,0,0,2,0,2,0,0,124,0,124,0,0,126,0,126,236,0,236,362
08/29/2023,RNM,CA,AWP,WE,Federal Contract Tower,0,0,2,0,2,0,0,137,2,139,0,0,139,2,141,164,0,164,305
08/30/2023,RNM,CA,AWP,WE,Federal Contract Tower,0,0,4,0,4,0,0,167,4,171,0,0,171,4,175,296,0,296,471
08/31/2023,RNM,CA,AWP,WE,Federal Contract Tower,0,0,10,0,10,0,0,139,0,139,0,0,149,0,149,356,0,356,505
01/01/2020,RNM,CA,AWP,WE,Federal Contract Tower,0,0,1,0,1,0,0,108,0,108,0,0,109,0,109,44,0,44,153
01/02/2020,RNM,CA,AWP,WE,Federal Contract Tower,0,0,4,0,4,0,0,156,0,156,0,0,160,0,160,162,0,162,322
01/03/2020,RNM,CA,AWP,WE,Federal Contract Tower,0,0,1,0,1,0,0,168,0,168,0,0,169,0,169,164,1,165,334
01/04/2020,RNM,CA,AWP,WE,Federal Contract Tower,0,0,3,0,3,0,0,162,0,162,0,0,165,0,165,187,0,187,352
01/05/2020,RNM,CA,AWP,WE,Federal Contract Tower,0,0,2,0,2,0,0,154,0,154,0,0,156,0,156,154,0,154,310
01/06/2020,RNM,CA,AWP,WE,Federal Contract Tower,0,0,2,0,2,0,0,47,0,47,0,0,49,0,49,52,0,52,101
01/07/2020,RNM,CA,AWP,WE,Federal Contract Tower,0,0,2,0,2,0,0,182,4,186,0,0,184,4,188,332,4,336,524
01/08/2020,RNM,CA,AWP,WE,Federal Contract Tower,0,0,21,2,23,0,0,63,0,63,0,0,84,2,86,292,0,292,378
01/09/2020,RNM,CA,AWP,WE,Federal Contract Tower,0,0,6,0,6,0,0,13,0,13,0,0,19,0,19,134,0,134,153
01/10/2020,RNM,CA,AWP,WE,Federal Contract Tower,0,0,7,0,7,0,0,211,0,211,0,0,218,0,218,324,0,324,542
01/11/2020,RNM,CA,AWP,WE,Federal Contract Tower,0,1,2,0,3,0,0,191,0,191,0,1,193,0,194,108,0,108,302
01/12/2020,RNM,CA,AWP,WE,Federal Contract Tower,0,0,6,0,6,0,0,157,0,157,0,0,163,0,163,198,0,198,361
01/13/2020,RNM,CA,AWP,WE,Federal Contract Tower,0,0,5,0,5,0,0,171,2,173,0,0,176,2,178,416,0,416,594
01/14/2020,RNM,CA,AWP,WE,Federal Contract Tower,0,0,10,0,10,0,0,165,2,167,0,0,175,2,177,396,0,396,573
01/15/2020,RNM,CA,AWP,WE,Federal Contract Tower,0,0,0,0,0,0,0,199,2,201,0,0,199,2,201,434,2,436,637
01/16/2020,RNM,CA,AWP,WE,Federal Contract Tower,0,2,14,0,16,0,77,0,0,77,0,79,14,0,93,172,4,176,269
01/17/2020,RNM,CA,AWP,WE,Federal Contract Tower,0,2,19,0,21,0,0,50,0,50,0,2,69,0,71,36,0,36,107
01/18/2020,RNM,CA,AWP,WE,Federal Contract Tower,0,0,4,0,4,0,0,210,0,210,0,0,214,0,214,208,0,208,422
01/19/2020,RNM,CA,AWP,WE,Federal Contract Tower,0,0,4,0,4,0,0,152,0,152,0,0,156,0,156,196,0,196,352
01/20/2020,RNM,CA,AWP,WE,Federal Contract Tower,0,0,8,0,8,0,0,180,0,180,0,0,188,0,188,234,0,234,422
01/21/2020,RNM,CA,AWP,WE,Federal Contract Tower,0,0,18,0,18,0,0,7,0,7,0,0,25,0,25,108,0,108,133
01/22/2020,RNM,CA,AWP,WE,Federal Contract Tower,0,0,5,0,5,0,0,171,0,171,0,0,176,0,176,404,0,404,580
01/23/2020,RNM,CA,AWP,WE,Federal Contract Tower,0,0,6,0,6,0,0,229,0,229,0,0,235,0,235,494,0,494,729
01/24/2020,RNM,CA,AWP,WE,Federal Contract Tower,0,0,8,0,8,0,0,201,0,201,0,0,209,0,209,454,0,454,663
01/25/2020,RNM,CA,AWP,WE,Federal Contract Tower,0,0,6,2,8,0,0,167,1,168,0,0,173,3,176,312,0,312,488
01/26/2020,RNM,CA,AWP,WE,Federal Contract Tower,0,0,7,0,7,0,0,42,0,42,0,0,49,0,49,46,0,46,95
01/27/2020,RNM,CA,AWP,WE,Federal Contract Tower,0,2,6,0,8,0,0,199,0,199,0,2,205,0,207,327,0,327,534
01/28/2020,RNM,CA,AWP,WE,Federal Contract Tower,0,0,3,0,3,0,0,247,0,247,0,0,250,0,250,329,0,329,579
01/29/2020,RNM,CA,AWP,WE,Federal Contract Tower,0,0,9,0,9,0,0,116,2,118,0,0,125,2,127,194,0,194,321
01/30/2020,RNM,CA,AWP,WE,Federal Contract Tower,0,1,4,0,5,0,0,189,0,189,0,1,193,0,194,368,0,368,562
01/31/2020,RNM,CA,AWP,WE,Federal Contract Tower,0,1,3,0,4,0,0,171,2,173,0,1,174,2,177,246,0,246,423
02/01/2020,RNM,CA,AWP,WE,Federal Contract Tower,0,0,1,0,1,0,0,191,0,191,0,0,192,0,192,234,0,234,426
02/02/2020,RNM,CA,AWP,WE,Federal Contract Tower,0,0,7,0,7,0,0,194,0,194,0,0,201,0,201,352,0,352,553
02/03/2020,RNM,CA,AWP,WE,Federal Contract Tower,0,0,4,0,4,0,0,100,1,101,0,0,104,1,105,194,0,194,299
02/04/2020,RNM,CA,AWP,WE,Federal Contract Tower,0,1,3,0,4,0,0,63,5,68,0,1,66,5,72,124,0,124,196
02/05/2020,RNM,CA,AWP,WE,Federal Contract Tower,0,0,3,0,3,0,0,178,1,179,0,0,181,1,182,274,2,276,458
02/06/2020,RNM,CA,AWP,WE,Federal Contract Tower,0,2,4,0,6,0,0,202,2,204,0,2,206,2,210,358,2,360,570
02/07/2020,RNM,CA,AWP,WE,Federal Contract Tower,0,0,3,0,3,0,0,220,0,220,0,0,223,0,223,322,0,322,545
02/08/2020,RNM,CA,AWP,WE,Federal Contract Tower,0,0,4,0,4,0,0,209,0,209,0,0,213,0,213,220,0,220,433
02/09/2020,RNM,CA,AWP,WE,Federal Contract Tower,0,0,2,0,2,0,0,0,0,0,0,0,2,0,2,0,0,0,2
02/10/2020,RNM,CA,AWP,WE,Federal Contract Tower,0,2,14,0,16,0,0,0,0,0,0,2,14,0,16,200,0,200,216
02/11/2020,RNM,CA,AWP,WE,Federal Contract Tower,0,0,2,0,2,0,0,111,4,115,0,0,113,4,117,362,0,362,479
02/12/2020,RNM,CA,AWP,WE,Federal Contract Tower,0,0,2,0,2,0,0,170,0,170,0,0,172,0,172,402,0,402,574
02/13/2020,RNM,CA,AWP,WE,Federal Contract Tower,0,2,6,0,8,0,0,197,0,197,0,2,203,0,205,478,0,478,683
02/14/2020,RNM,CA,AWP,WE,Federal Contract Tower,0,0,3,0,3,0,0,219,0,219,0,0,222,0,222,492,0,492,714
02/15/2020,RNM,CA,AWP,WE,Federal Contract Tower,0,0,4,0,4,0,0,260,0,260,0,0,264,0,264,416,0,416,680
02/16/2020,RNM,CA,AWP,WE,Federal Contract Tower,0,0,1,0,1,0,0,159,0,159,0,0,160,0,160,354,0,354,514
02/17/2020,RNM,CA,AWP,WE,Federal Contract Tower,0,0,2,0,2,0,0,220,0,220,0,0,222,0,222,395,0,395,617
02/18/2020,RNM,CA,AWP,WE,Federal Contract Tower,0,0,11,0,11,0,0,150,0,150,0,0,161,0,161,354,0,354,515
02/19/2020,RNM,CA,AWP,WE,Federal Contract Tower,0,0,11,0,11,0,0,123,0,123,0,0,134,0,134,357,0,357,491
02/20/2020,RNM,CA,AWP,WE,Federal Contract Tower,0,0,5,0,5,0,0,181,0,181,0,0,186,0,186,408,0,408,594
02/21/2020,RNM,CA,AWP,WE,Federal Contract Tower,0,0,8,0,8,0,0,198,2,200,0,0,206,2,208,410,12,422,630
02/22/2020,RNM,CA,AWP,WE,Federal Contract Tower,0,0,0,0,0,0,0,0,0,0,0,0,0,0,0,0,0,0,0
02/23/2020,RNM,CA,AWP,WE,Federal Contract Tower,0,0,11,0,11,0,0,53,0,53,0,0,64,0,64,418,0,418,482
02/24/2020,RNM,CA,AWP,WE,Federal Contract Tower,0,3,7,0,10,0,0,200,2,202,0,3,207,2,212,408,0,408,620
02/25/2020,RNM,CA,AWP,WE,Federal Contract Tower,0,0,1,0,1,0,0,91,2,93,0,0,92,2,94,258,0,258,352
02/26/2020,RNM,CA,AWP,WE,Federal Contract Tower,0,1,3,0,4,0,0,40,0,40,0,1,43,0,44,118,0,118,162
02/27/2020,RNM,CA,AWP,WE,Federal Contract Tower,0,2,8,0,10,0,0,133,0,133,0,2,141,0,143,278,0,278,421
02/28/2020,RNM,CA,AWP,WE,Federal Contract Tower,0,0,7,0,7,0,0,209,0,209,0,0,216,0,216,486,0,486,702
02/29/2020,RNM,CA,AWP,WE,Federal Contract Tower,0,0,8,0,8,0,0,243,0,243,0,0,251,0,251,410,0,410,661
03/01/2020,RNM,CA,AWP,WE,Federal Contract Tower,0,0,2,0,2,0,0,5,2,7,0,0,7,2,9,8,0,8,17
03/02/2020,RNM,CA,AWP,WE,Federal Contract Tower,0,0,4,0,4,0,2,78,4,84,0,2,82,4,88,450,0,450,538
03/03/2020,RNM,CA,AWP,WE,Federal Contract Tower,0,0,6,0,6,0,0,209,0,209,0,0,215,0,215,440,0,440,655
03/04/2020,RNM,CA,AWP,WE,Federal Contract Tower,0,0,8,0,8,0,0,189,0,189,0,0,197,0,197,518,0,518,715
03/05/2020,RNM,CA,AWP,WE,Federal Contract Tower,0,0,3,0,3,0,0,205,0,205,0,0,208,0,208,556,0,556,764
03/06/2020,RNM,CA,AWP,WE,Federal Contract Tower,0,0,13,0,13,0,0,200,0,200,0,0,213,0,213,486,0,486,699
03/07/2020,RNM,CA,AWP,WE,Federal Contract Tower,0,0,18,0,18,0,0,99,0,99,0,0,117,0,117,142,0,142,259
03/08/2020,RNM,CA,AWP,WE,Federal Contract Tower,0,2,10,0,12,0,0,68,0,68,0,2,78,0,80,196,0,196,276
03/09/2020,RNM,CA,AWP,WE,Federal Contract Tower,0,0,4,0,4,0,0,131,4,135,0,0,135,4,139,504,0,504,643
03/10/2020,RNM,CA,AWP,WE,Federal Contract Tower,0,2,4,0,6,0,0,0,0,0,0,2,4,0,6,0,0,0,6
03/11/2020,RNM,CA,AWP,WE,Federal Contract Tower,0,1,13,0,14,0,0,38,0,38,0,1,51,0,52,208,0,208,260
03/12/2020,RNM,CA,AWP,WE,Federal Contract Tower,0,1,0,0,1,0,0,0,0,0,0,1,0,0,1,0,0,0,1
03/13/2020,RNM,CA,AWP,WE,Federal Contract Tower,0,0,1,0,1,0,0,0,0,0,0,0,1,0,1,0,0,0,1
03/14/2020,RNM,CA,AWP,WE,Federal Contract Tower,0,0,10,0,10,0,0,11,0,11,0,0,21,0,21,40,0,40,61
03/15/2020,RNM,CA,AWP,WE,Federal Contract Tower,0,0,7,0,7,0,0,37,0,37,0,0,44,0,44,154,0,154,198
03/16/2020,RNM,CA,AWP,WE,Federal Contract Tower,0,0,10,0,10,0,0,58,0,58,0,0,68,0,68,462,2,464,532
03/17/2020,RNM,CA,AWP,WE,Federal Contract Tower,0,0,3,0,3,0,0,93,4,97,0,0,96,4,100,477,0,477,577
03/18/2020,RNM,CA,AWP,WE,Federal Contract Tower,0,0,3,0,3,0,0,6,4,10,0,0,9,4,13,20,0,20,33
03/19/2020,RNM,CA,AWP,WE,Federal Contract Tower,0,0,2,0,2,0,0,17,0,17,0,0,19,0,19,102,0,102,121
03/20/2020,RNM,CA,AWP,WE,Federal Contract Tower,0,2,1,0,3,0,0,83,0,83,0,2,84,0,86,220,16,236,322
03/21/2020,RNM,CA,AWP,WE,Federal Contract Tower,0,0,6,0,6,0,0,64,0,64,0,0,70,0,70,217,0,217,287
03/22/2020,RNM,CA,AWP,WE,Federal Contract Tower,0,0,0,0,0,0,0,103,0,103,0,0,103,0,103,402,0,402,505
03/23/2020,RNM,CA,AWP,WE,Federal Contract Tower,0,0,3,0,3,0,0,21,1,22,0,0,24,1,25,38,0,38,63
03/24/2020,RNM,CA,AWP,WE,Federal Contract Tower,0,0,3,1,4,0,0,48,2,50,0,0,51,3,54,78,0,78,132
03/25/2020,RNM,CA,AWP,WE,Federal Contract Tower,0,0,7,0,7,0,0,16,0,16,0,0,23,0,23,48,0,48,71
03/26/2020,RNM,CA,AWP,WE,Federal Contract Tower,0,0,2,0,2,0,0,27,10,37,0,0,29,10,39,52,0,52,91
03/27/2020,RNM,CA,AWP,WE,Federal Contract Tower,0,0,5,1,6,0,0,84,2,86,0,0,89,3,92,106,0,106,198
03/28/2020,RNM,CA,AWP,WE,Federal Contract Tower,0,0,1,0,1,0,0,117,0,117,0,0,118,0,118,132,0,132,250
03/29/2020,RNM,CA,AWP,WE,Federal Contract Tower,0,0,2,0,2,0,0,59,0,59,0,0,61,0,61,88,0,88,149
03/30/2020,RNM,CA,AWP,WE,Federal Contract Tower,0,0,1,0,1,0,0,71,4,75,0,0,72,4,76,96,8,104,180
03/31/2020,RNM,CA,AWP,WE,Federal Contract Tower,0,0,1,0,1,0,0,59,0,59,0,0,60,0,60,78,0,78,138
04/01/2020,RNM,CA,AWP,WE,Federal Contract Tower,0,0,6,0,6,0,0,68,0,68,0,0,74,0,74,180,0,180,254
04/02/2020,RNM,CA,AWP,WE,Federal Contract Tower,0,0,9,0,9,0,0,37,0,37,0,0,46,0,46,112,0,112,158
04/03/2020,RNM,CA,AWP,WE,Federal Contract Tower,0,0,1,0,1,0,0,80,1,81,0,0,81,1,82,204,0,204,286
04/04/2020,RNM,CA,AWP,WE,Federal Contract Tower,0,0,6,0,6,0,0,52,0,52,0,0,58,0,58,80,0,80,138
04/05/2020,RNM,CA,AWP,WE,Federal Contract Tower,0,0,3,0,3,0,0,26,4,30,0,0,29,4,33,55,0,55,88
04/06/2020,RNM,CA,AWP,WE,Federal Contract Tower,0,0,1,0,1,0,0,0,0,0,0,0,1,0,1,0,0,0,1
04/07/2020,RNM,CA,AWP,WE,Federal Contract Tower,0,0,1,0,1,0,0,0,0,0,0,0,1,0,1,0,0,0,1
04/08/2020,RNM,CA,AWP,WE,Federal Contract Tower,0,0,1,0,1,0,0,4,3,7,0,0,5,3,8,0,2,2,10
04/09/2020,RNM,CA,AWP,WE,Federal Contract Tower,0,0,0,2,2,0,0,8,4,12,0,0,8,6,14,16,0,16,30
04/10/2020,RNM,CA,AWP,WE,Federal Contract Tower,0,0,3,0,3,0,0,0,0,0,0,0,3,0,3,0,0,0,3
04/11/2020,RNM,CA,AWP,WE,Federal Contract Tower,0,0,12,0,12,0,0,68,4,72,0,0,80,4,84,84,0,84,168
04/12/2020,RNM,CA,AWP,WE,Federal Contract Tower,0,0,3,0,3,0,0,0,0,0,0,0,3,0,3,0,0,0,3
04/13/2020,RNM,CA,AWP,WE,Federal Contract Tower,0,0,4,0,4,0,0,4,0,4,0,0,8,0,8,0,0,0,8
04/14/2020,RNM,CA,AWP,WE,Federal Contract Tower,0,0,0,0,0,0,0,93,4,97,0,0,93,4,97,138,22,160,257
04/15/2020,RNM,CA,AWP,WE,Federal Contract Tower,0,0,2,0,2,0,0,164,6,170,0,0,166,6,172,264,12,276,448
04/16/2020,RNM,CA,AWP,WE,Federal Contract Tower,0,0,1,0,1,0,0,155,0,155,0,0,156,0,156,250,0,250,406
04/17/2020,RNM,CA,AWP,WE,Federal Contract Tower,0,0,2,0,2,0,0,52,2,54,0,0,54,2,56,124,6,130,186
04/18/2020,RNM,CA,AWP,WE,Federal Contract Tower,0,0,4,0,4,0,0,9,0,9,0,0,13,0,13,40,0,40,53
04/19/2020,RNM,CA,AWP,WE,Federal Contract Tower,0,0,11,0,11,0,0,39,0,39,0,0,50,0,50,66,0,66,116
04/20/2020,RNM,CA,AWP,WE,Federal Contract Tower,0,0,4,0,4,0,0,36,6,42,0,0,40,6,46,142,0,142,188
04/21/2020,RNM,CA,AWP,WE,Federal Contract Tower,0,0,6,0,6,0,0,33,0,33,0,0,39,0,39,186,0,186,225
04/22/2020,RNM,CA,AWP,WE,Federal Contract Tower,0,0,1,0,1,0,0,152,0,152,0,0,153,0,153,246,0,246,399
04/23/2020,RNM,CA,AWP,WE,Federal Contract Tower,0,0,5,0,5,0,0,163,0,163,0,0,168,0,168,128,0,128,296
04/24/2020,RNM,CA,AWP,WE,Federal Contract Tower,0,0,1,0,1,0,0,117,0,117,0,0,118,0,118,168,0,168,286
04/25/2020,RNM,CA,AWP,WE,Federal Contract Tower,0,0,8,0,8,0,0,146,0,146,0,0,154,0,154,236,1,237,391
04/26/2020,RNM,CA,AWP,WE,Federal Contract Tower,0,0,0,0,0,0,0,123,0,123,0,0,123,0,123,91,0,91,214
04/27/2020,RNM,CA,AWP,WE,Federal Contract Tower,0,0,1,0,1,0,0,119,0,119,0,0,120,0,120,136,0,136,256
04/28/2020,RNM,CA,AWP,WE,Federal Contract Tower,0,0,7,0,7,0,0,86,0,86,0,0,93,0,93,178,16,194,287
04/29/2020,RNM,CA,AWP,WE,Federal Contract Tower,0,0,8,1,9,0,0,59,0,59,0,0,67,1,68,168,0,168,236
04/30/2020,RNM,CA,AWP,WE,Federal Contract Tower,0,0,9,0,9,0,0,62,2,64,0,0,71,2,73,188,2,190,263
05/01/2020,RNM,CA,AWP,WE,Federal Contract Tower,0,0,1,0,1,0,0,89,0,89,0,0,90,0,90,298,0,298,388
05/02/2020,RNM,CA,AWP,WE,Federal Contract Tower,0,0,3,0,3,0,0,179,0,179,0,0,182,0,182,346,0,346,528
05/03/2020,RNM,CA,AWP,WE,Federal Contract Tower,0,2,4,0,6,0,0,116,0,116,0,2,120,0,122,156,0,156,278
05/04/2020,RNM,CA,AWP,WE,Federal Contract Tower,0,0,1,0,1,0,0,88,2,90,0,0,89,2,91,170,2,172,263
05/05/2020,RNM,CA,AWP,WE,Federal Contract Tower,0,0,2,0,2,0,0,149,0,149,0,0,151,0,151,254,0,254,405
05/06/2020,RNM,CA,AWP,WE,Federal Contract Tower,0,2,6,0,8,0,0,107,2,109,0,2,113,2,117,119,4,123,240
05/07/2020,RNM,CA,AWP,WE,Federal Contract Tower,0,0,3,0,3,0,0,138,0,138,0,0,141,0,141,252,0,252,393
05/08/2020,RNM,CA,AWP,WE,Federal Contract Tower,0,0,6,0,6,0,0,121,4,125,0,0,127,4,131,179,0,179,310
05/09/2020,RNM,CA,AWP,WE,Federal Contract Tower,0,0,8,0,8,0,0,89,0,89,0,0,97,0,97,88,0,88,185
05/10/2020,RNM,CA,AWP,WE,Federal Contract Tower,0,0,3,0,3,0,0,33,2,35,0,0,36,2,38,46,2,48,86
05/11/2020,RNM,CA,AWP,WE,Federal Contract Tower,0,1,4,0,5,0,0,81,0,81,0,1,85,0,86,132,0,132,218
05/12/2020,RNM,CA,AWP,WE,Federal Contract Tower,0,3,7,1,11,0,0,97,6,103,0,3,104,7,114,146,0,146,260
05/13/2020,RNM,CA,AWP,WE,Federal Contract Tower,0,0,8,0,8,0,0,71,0,71,0,0,79,0,79,134,0,134,213
05/14/2020,RNM,CA,AWP,WE,Federal Contract Tower,0,0,4,0,4,0,0,149,2,151,0,0,153,2,155,244,0,244,399
05/15/2020,RNM,CA,AWP,WE,Federal Contract Tower,0,0,3,0,3,0,0,158,0,158,0,0,161,0,161,270,0,270,431
05/16/2020,RNM,CA,AWP,WE,Federal Contract Tower,0,0,3,0,3,0,0,134,0,134,0,0,137,0,137,169,0,169,306
05/17/2020,RNM,CA,AWP,WE,Federal Contract Tower,0,0,5,0,5,0,0,119,0,119,0,0,124,0,124,142,0,142,266
05/18/2020,RNM,CA,AWP,WE,Federal Contract Tower,0,1,11,0,12,0,0,29,9,38,0,1,40,9,50,90,2,92,142
05/19/2020,RNM,CA,AWP,WE,Federal Contract Tower,0,1,6,0,7,0,0,57,0,57,0,1,63,0,64,123,0,123,187
05/20/2020,RNM,CA,AWP,WE,Federal Contract Tower,0,1,5,0,6,0,0,118,4,122,0,1,123,4,128,168,0,168,296
05/21/2020,RNM,CA,AWP,WE,Federal Contract Tower,0,1,5,0,6,0,0,172,2,174,0,1,177,2,180,326,0,326,506
05/22/2020,RNM,CA,AWP,WE,Federal Contract Tower,0,0,6,0,6,0,0,130,0,130,0,0,136,0,136,216,0,216,352
05/23/2020,RNM,CA,AWP,WE,Federal Contract Tower,0,0,7,0,7,0,0,130,4,134,0,0,137,4,141,292,4,296,437
05/24/2020,RNM,CA,AWP,WE,Federal Contract Tower,0,0,5,0,5,0,0,159,0,159,0,0,164,0,164,234,0,234,398
05/25/2020,RNM,CA,AWP,WE,Federal Contract Tower,0,3,4,0,7,0,0,141,0,141,0,3,145,0,148,256,0,256,404
05/26/2020,RNM,CA,AWP,WE,Federal Contract Tower,0,1,10,0,11,0,0,166,2,168,0,1,176,2,179,352,0,352,531
05/27/2020,RNM,CA,AWP,WE,Federal Contract Tower,0,3,1,0,4,0,0,157,2,159,0,3,158,2,163,382,0,382,545
05/28/2020,RNM,CA,AWP,WE,Federal Contract Tower,0,0,2,0,2,0,0,154,2,156,0,0,156,2,158,396,0,396,554
05/29/2020,RNM,CA,AWP,WE,Federal Contract Tower,0,0,16,0,16,0,0,55,0,55,0,0,71,0,71,116,0,116,187
05/30/2020,RNM,CA,AWP,WE,Federal Contract Tower,0,0,9,0,9,0,0,181,0,181,0,0,190,0,190,328,0,328,518
05/31/2020,RNM,CA,AWP,WE,Federal Contract Tower,0,0,1,0,1,0,0,179,0,179,0,0,180,0,180,236,0,236,416
06/01/2020,RNM,CA,AWP,WE,Federal Contract Tower,0,0,3,0,3,0,0,239,2,241,0,0,242,2,244,494,4,498,742
06/02/2020,RNM,CA,AWP,WE,Federal Contract Tower,0,0,6,0,6,0,0,141,0,141,0,0,147,0,147,410,2,412,559
06/03/2020,RNM,CA,AWP,WE,Federal Contract Tower,0,0,3,0,3,0,0,163,0,163,0,0,166,0,166,391,0,391,557
06/04/2020,RNM,CA,AWP,WE,Federal Contract Tower,0,0,7,0,7,0,0,122,6,128,0,0,129,6,135,352,18,370,505
06/05/2020,RNM,CA,AWP,WE,Federal Contract Tower,0,0,10,0,10,0,0,47,0,47,0,0,57,0,57,206,0,206,263
06/06/2020,RNM,CA,AWP,WE,Federal Contract Tower,0,0,10,0,10,0,0,4,0,4,0,0,14,0,14,16,0,16,30
06/07/2020,RNM,CA,AWP,WE,Federal Contract Tower,0,0,7,0,7,0,0,99,0,99,0,0,106,0,106,198,0,198,304
06/08/2020,RNM,CA,AWP,WE,Federal Contract Tower,0,0,4,0,4,0,0,161,0,161,0,0,165,0,165,310,0,310,475
06/09/2020,RNM,CA,AWP,WE,Federal Contract Tower,0,0,1,0,1,0,0,131,4,135,0,0,132,4,136,114,0,114,250
06/10/2020,RNM,CA,AWP,WE,Federal Contract Tower,0,0,3,0,3,0,0,158,0,158,0,0,161,0,161,206,0,206,367
06/11/2020,RNM,CA,AWP,WE,Federal Contract Tower,0,0,2,0,2,0,0,229,0,229,0,0,231,0,231,222,0,222,453
06/12/2020,RNM,CA,AWP,WE,Federal Contract Tower,0,0,10,0,10,0,0,173,0,173,0,0,183,0,183,358,0,358,541
06/13/2020,RNM,CA,AWP,WE,Federal Contract Tower,0,0,4,0,4,0,0,145,0,145,0,0,149,0,149,214,3,217,366
06/14/2020,RNM,CA,AWP,WE,Federal Contract Tower,0,0,1,0,1,0,0,113,0,113,0,0,114,0,114,153,0,153,267
06/15/2020,RNM,CA,AWP,WE,Federal Contract Tower,0,0,12,0,12,0,0,109,4,113,0,0,121,4,125,202,0,202,327
06/16/2020,RNM,CA,AWP,WE,Federal Contract Tower,0,0,15,0,15,0,0,115,0,115,0,0,130,0,130,366,0,366,496
06/17/2020,RNM,CA,AWP,WE,Federal Contract Tower,0,0,7,0,7,0,0,98,2,100,0,0,105,2,107,290,0,290,397
06/18/2020,RNM,CA,AWP,WE,Federal Contract Tower,0,1,9,0,10,0,2,175,4,181,0,3,184,4,191,320,4,324,515
06/19/2020,RNM,CA,AWP,WE,Federal Contract Tower,0,1,17,0,18,0,0,167,2,169,0,1,184,2,187,244,0,244,431
06/20/2020,RNM,CA,AWP,WE,Federal Contract Tower,0,0,9,0,9,0,0,80,0,80,0,0,89,0,89,134,0,134,223
06/21/2020,RNM,CA,AWP,WE,Federal Contract Tower,0,0,12,0,12,0,0,106,0,106,0,0,118,0,118,142,0,142,260
06/22/2020,RNM,CA,AWP,WE,Federal Contract Tower,0,0,7,0,7,0,0,145,0,145,0,0,152,0,152,296,0,296,448
06/23/2020,RNM,CA,AWP,WE,Federal Contract Tower,0,0,7,0,7,0,0,146,0,146,0,0,153,0,153,360,0,360,513
06/24/2020,RNM,CA,AWP,WE,Federal Contract Tower,0,0,7,0,7,0,0,145,0,145,0,0,152,0,152,348,0,348,500
06/25/2020,RNM,CA,AWP,WE,Federal Contract Tower,0,0,11,0,11,0,0,171,2,173,0,0,182,2,184,391,6,397,581
06/26/2020,RNM,CA,AWP,WE,Federal Contract Tower,0,0,5,0,5,0,0,191,2,193,0,0,196,2,198,422,0,422,620
06/27/2020,RNM,CA,AWP,WE,Federal Contract Tower,0,0,6,0,6,0,0,190,0,190,0,0,196,0,196,348,0,348,544
06/28/2020,RNM,CA,AWP,WE,Federal Contract Tower,0,0,7,0,7,0,0,60,0,60,0,0,67,0,67,174,0,174,241
06/29/2020,RNM,CA,AWP,WE,Federal Contract Tower,0,0,12,0,12,0,0,49,2,51,0,0,61,2,63,164,2,166,229
06/30/2020,RNM,CA,AWP,WE,Federal Contract Tower,0,0,7,0,7,0,0,213,0,213,0,0,220,0,220,342,0,342,562
07/01/2020,RNM,CA,AWP,WE,Federal Contract Tower,0,0,8,0,8,0,0,104,2,106,0,0,112,2,114,230,0,230,344
07/02/2020,RNM,CA,AWP,WE,Federal Contract Tower,0,0,8,0,8,0,0,148,0,148,0,0,156,0,156,366,0,366,522
07/03/2020,RNM,CA,AWP,WE,Federal Contract Tower,0,0,1,0,1,0,0,212,0,212,0,0,213,0,213,346,0,346,559
07/04/2020,RNM,CA,AWP,WE,Federal Contract Tower,0,0,2,0,2,0,0,112,0,112,0,0,114,0,114,126,0,126,240
07/05/2020,RNM,CA,AWP,WE,Federal Contract Tower,0,0,2,0,2,0,0,113,0,113,0,0,115,0,115,126,0,126,241
07/06/2020,RNM,CA,AWP,WE,Federal Contract Tower,0,0,5,0,5,0,0,141,0,141,0,0,146,0,146,272,0,272,418
07/07/2020,RNM,CA,AWP,WE,Federal Contract Tower,0,0,5,0,5,0,0,254,2,256,0,0,259,2,261,294,0,294,555
07/08/2020,RNM,CA,AWP,WE,Federal Contract Tower,0,0,5,0,5,0,0,178,8,186,0,0,183,8,191,432,14,446,637
07/09/2020,RNM,CA,AWP,WE,Federal Contract Tower,0,0,1,0,1,0,0,146,20,166,0,0,147,20,167,197,22,219,386
07/10/2020,RNM,CA,AWP,WE,Federal Contract Tower,0,0,3,0,3,0,0,159,2,161,0,0,162,2,164,266,0,266,430
07/11/2020,RNM,CA,AWP,WE,Federal Contract Tower,0,0,1,0,1,0,0,144,0,144,0,0,145,0,145,164,0,164,309
07/12/2020,RNM,CA,AWP,WE,Federal Contract Tower,0,1,1,0,2,0,0,121,0,121,0,1,122,0,123,173,0,173,296
07/13/2020,RNM,CA,AWP,WE,Federal Contract Tower,0,1,1,0,2,0,0,139,6,145,0,1,140,6,147,266,0,266,413
07/14/2020,RNM,CA,AWP,WE,Federal Contract Tower,0,0,5,0,5,0,0,224,0,224,0,0,229,0,229,334,0,334,563
07/15/2020,RNM,CA,AWP,WE,Federal Contract Tower,0,1,8,0,9,0,0,228,6,234,0,1,236,6,243,456,22,478,721
07/16/2020,RNM,CA,AWP,WE,Federal Contract Tower,0,0,3,0,3,0,0,261,0,261,0,0,264,0,264,496,0,496,760
07/17/2020,RNM,CA,AWP,WE,Federal Contract Tower,0,0,4,0,4,0,0,206,2,208,0,0,210,2,212,322,18,340,552
07/18/2020,RNM,CA,AWP,WE,Federal Contract Tower,0,0,5,0,5,0,0,184,0,184,0,0,189,0,189,265,0,265,454
07/19/2020,RNM,CA,AWP,WE,Federal Contract Tower,0,2,1,0,3,0,0,154,0,154,0,2,155,0,157,280,0,280,437
07/20/2020,RNM,CA,AWP,WE,Federal Contract Tower,0,2,4,0,6,0,0,184,2,186,0,2,188,2,192,338,0,338,530
07/21/2020,RNM,CA,AWP,WE,Federal Contract Tower,0,1,7,0,8,0,0,215,0,215,0,1,222,0,223,406,0,406,629
07/22/2020,RNM,CA,AWP,WE,Federal Contract Tower,0,3,11,0,14,0,0,196,0,196,0,3,207,0,210,424,0,424,634
07/23/2020,RNM,CA,AWP,WE,Federal Contract Tower,0,0,6,0,6,0,0,193,4,197,0,0,199,4,203,402,0,402,605
07/24/2020,RNM,CA,AWP,WE,Federal Contract Tower,0,0,9,0,9,0,0,304,4,308,0,0,313,4,317,448,0,448,765
07/25/2020,RNM,CA,AWP,WE,Federal Contract Tower,0,0,6,0,6,0,0,183,2,185,0,0,189,2,191,356,0,356,547
07/26/2020,RNM,CA,AWP,WE,Federal Contract Tower,0,0,12,0,12,0,0,144,0,144,0,0,156,0,156,280,0,280,436
07/27/2020,RNM,CA,AWP,WE,Federal Contract Tower,0,0,5,0,5,0,0,125,2,127,0,0,130,2,132,238,0,238,370
07/28/2020,RNM,CA,AWP,WE,Federal Contract Tower,0,0,10,0,10,0,0,263,0,263,0,0,273,0,273,557,0,557,830
07/29/2020,RNM,CA,AWP,WE,Federal Contract Tower,0,0,4,0,4,0,0,275,0,275,0,0,279,0,279,0,426,426,705
07/30/2020,RNM,CA,AWP,WE,Federal Contract Tower,0,0,7,0,7,0,0,311,0,311,0,0,318,0,318,490,0,490,808
07/31/2020,RNM,CA,AWP,WE,Federal Contract Tower,0,0,1,0,1,0,0,214,0,214,0,0,215,0,215,370,0,370,585
08/01/2020,RNM,CA,AWP,WE,Federal Contract Tower,0,0,2,0,2,0,0,189,0,189,0,0,191,0,191,370,0,370,561
08/02/2020,RNM,CA,AWP,WE,Federal Contract Tower,0,0,9,0,9,0,0,136,0,136,0,0,145,0,145,314,0,314,459
08/03/2020,RNM,CA,AWP,WE,Federal Contract Tower,0,0,3,0,3,0,0,155,2,157,0,0,158,2,160,308,0,308,468
08/04/2020,RNM,CA,AWP,WE,Federal Contract Tower,0,0,6,0,6,0,0,198,0,198,0,0,204,0,204,428,0,428,632
08/05/2020,RNM,CA,AWP,WE,Federal Contract Tower,0,0,2,0,2,0,0,203,4,207,0,0,205,4,209,386,0,386,595
08/06/2020,RNM,CA,AWP,WE,Federal Contract Tower,0,0,5,0,5,0,0,239,0,239,0,0,244,0,244,406,0,406,650
08/07/2020,RNM,CA,AWP,WE,Federal Contract Tower,0,0,10,0,10,0,0,308,4,312,0,0,318,4,322,636,4,640,962
08/08/2020,RNM,CA,AWP,WE,Federal Contract Tower,0,1,6,0,7,0,0,221,2,223,0,1,227,2,230,318,22,340,570
08/09/2020,RNM,CA,AWP,WE,Federal Contract Tower,0,1,3,0,4,0,0,160,2,162,0,1,163,2,166,268,8,276,442
08/10/2020,RNM,CA,AWP,WE,Federal Contract Tower,0,0,6,0,6,0,0,146,0,146,0,0,152,0,152,270,0,270,422
08/11/2020,RNM,CA,AWP,WE,Federal Contract Tower,0,2,1,0,3,0,4,220,0,224,0,6,221,0,227,428,0,428,655
08/12/2020,RNM,CA,AWP,WE,Federal Contract Tower,0,0,2,0,2,0,0,215,0,215,0,0,217,0,217,396,0,396,613
08/13/2020,RNM,CA,AWP,WE,Federal Contract Tower,0,0,5,0,5,0,0,168,0,168,0,0,173,0,173,395,0,395,568
08/14/2020,RNM,CA,AWP,WE,Federal Contract Tower,0,0,4,0,4,0,0,181,4,185,0,0,185,4,189,260,4,264,453
08/15/2020,RNM,CA,AWP,WE,Federal Contract Tower,0,0,1,0,1,0,0,130,2,132,0,0,131,2,133,223,20,243,376
08/16/2020,RNM,CA,AWP,WE,Federal Contract Tower,0,0,6,0,6,0,0,173,0,173,0,0,179,0,179,289,0,289,468
08/17/2020,RNM,CA,AWP,WE,Federal Contract Tower,0,0,2,0,2,0,0,132,10,142,0,0,134,10,144,290,0,290,434
08/18/2020,RNM,CA,AWP,WE,Federal Contract Tower,0,0,5,0,5,0,0,84,2,86,0,0,89,2,91,325,0,325,416
08/19/2020,RNM,CA,AWP,WE,Federal Contract Tower,0,0,4,0,4,0,0,132,0,132,0,0,136,0,136,295,0,295,431
08/20/2020,RNM,CA,AWP,WE,Federal Contract Tower,0,0,4,0,4,0,0,145,2,147,0,0,149,2,151,301,2,303,454
08/21/2020,RNM,CA,AWP,WE,Federal Contract Tower,0,0,8,0,8,0,0,123,0,123,0,0,131,0,131,238,0,238,369
08/22/2020,RNM,CA,AWP,WE,Federal Contract Tower,0,2,3,0,5,0,0,205,2,207,0,2,208,2,212,275,12,287,499
08/23/2020,RNM,CA,AWP,WE,Federal Contract Tower,0,0,4,0,4,0,0,97,0,97,0,0,101,0,101,237,0,237,338
08/24/2020,RNM,CA,AWP,WE,Federal Contract Tower,0,0,9,0,9,0,0,127,0,127,0,0,136,0,136,332,0,332,468
08/25/2020,RNM,CA,AWP,WE,Federal Contract Tower,0,0,3,0,3,0,0,178,2,180,0,0,181,2,183,454,0,454,637
08/26/2020,RNM,CA,AWP,WE,Federal Contract Tower,0,0,13,0,13,0,0,219,4,223,0,0,232,4,236,434,0,434,670
08/27/2020,RNM,CA,AWP,WE,Federal Contract Tower,0,0,2,0,2,0,0,172,0,172,0,0,174,0,174,334,0,334,508
08/28/2020,RNM,CA,AWP,WE,Federal Contract Tower,0,0,4,0,4,0,0,218,0,218,0,0,222,0,222,332,0,332,554
08/29/2020,RNM,CA,AWP,WE,Federal Contract Tower,0,0,2,0,2,0,0,195,0,195,0,0,197,0,197,416,0,416,613
08/30/2020,RNM,CA,AWP,WE,Federal Contract Tower,0,0,3,0,3,0,0,98,0,98,0,0,101,0,101,274,0,274,375
08/31/2020,RNM,CA,AWP,WE,Federal Contract Tower,0,0,6,0,6,0,0,101,5,106,0,0,107,5,112,386,0,386,498
09/01/2020,RNM,CA,AWP,WE,Federal Contract Tower,0,0,8,0,8,0,0,188,6,194,0,0,196,6,202,294,0,294,496
09/02/2020,RNM,CA,AWP,WE,Federal Contract Tower,0,0,4,0,4,0,0,219,4,223,0,0,223,4,227,477,0,477,704
09/03/2020,RNM,CA,AWP,WE,Federal Contract Tower,0,0,3,0,3,0,0,0,0,0,0,0,3,0,3,328,0,328,331
09/04/2020,RNM,CA,AWP,WE,Federal Contract Tower,0,0,7,0,7,0,0,188,2,190,0,0,195,2,197,370,8,378,575
09/05/2020,RNM,CA,AWP,WE,Federal Contract Tower,0,0,3,0,3,0,0,198,0,198,0,0,201,0,201,172,0,172,373
09/06/2020,RNM,CA,AWP,WE,Federal Contract Tower,0,0,0,0,0,0,0,154,0,154,0,0,154,0,154,34,1,35,189
09/07/2020,RNM,CA,AWP,WE,Federal Contract Tower,0,0,3,0,3,0,0,139,0,139,0,0,142,0,142,130,0,130,272
09/08/2020,RNM,CA,AWP,WE,Federal Contract Tower,0,0,8,0,8,0,0,105,0,105,0,0,113,0,113,170,0,170,283
09/09/2020,RNM,CA,AWP,WE,Federal Contract Tower,0,0,4,0,4,0,0,134,0,134,0,0,138,0,138,254,0,254,392
09/10/2020,RNM,CA,AWP,WE,Federal Contract Tower,0,0,13,0,13,0,0,205,0,205,0,0,218,0,218,268,0,268,486
09/11/2020,RNM,CA,AWP,WE,Federal Contract Tower,0,0,11,0,11,0,0,176,0,176,0,0,187,0,187,394,0,394,581
09/12/2020,RNM,CA,AWP,WE,Federal Contract Tower,0,0,5,0,5,0,0,119,0,119,0,0,124,0,124,233,0,233,357
09/13/2020,RNM,CA,AWP,WE,Federal Contract Tower,0,0,8,0,8,0,0,89,0,89,0,0,97,0,97,302,0,302,399
09/14/2020,RNM,CA,AWP,WE,Federal Contract Tower,0,0,4,0,4,0,0,94,6,100,0,0,98,6,104,266,0,266,370
09/15/2020,RNM,CA,AWP,WE,Federal Contract Tower,0,0,8,0,8,0,0,125,0,125,0,0,133,0,133,176,0,176,309
09/16/2020,RNM,CA,AWP,WE,Federal Contract Tower,0,2,6,0,8,0,0,107,0,107,0,2,113,0,115,191,0,191,306
09/17/2020,RNM,CA,AWP,WE,Federal Contract Tower,0,0,6,0,6,0,0,125,0,125,0,0,131,0,131,342,1,343,474
09/18/2020,RNM,CA,AWP,WE,Federal Contract Tower,0,0,4,0,4,0,0,103,0,103,0,0,107,0,107,230,0,230,337
09/19/2020,RNM,CA,AWP,WE,Federal Contract Tower,0,2,1,0,3,0,0,96,0,96,0,2,97,0,99,209,0,209,308
09/20/2020,RNM,CA,AWP,WE,Federal Contract Tower,0,0,3,0,3,0,0,111,0,111,0,0,114,0,114,190,0,190,304
09/21/2020,RNM,CA,AWP,WE,Federal Contract Tower,0,0,6,0,6,0,0,125,4,129,0,0,131,4,135,266,0,266,401
09/22/2020,RNM,CA,AWP,WE,Federal Contract Tower,0,0,9,0,9,0,0,186,6,192,0,0,195,6,201,316,24,340,541
09/23/2020,RNM,CA,AWP,WE,Federal Contract Tower,0,0,8,0,8,0,0,201,2,203,0,0,209,2,211,384,0,384,595
09/24/2020,RNM,CA,AWP,WE,Federal Contract Tower,0,0,4,0,4,0,0,194,2,196,0,0,198,2,200,354,0,354,554
09/25/2020,RNM,CA,AWP,WE,Federal Contract Tower,0,0,7,0,7,0,0,223,2,225,0,0,230,2,232,528,0,528,760
09/26/2020,RNM,CA,AWP,WE,Federal Contract Tower,0,0,2,0,2,0,0,144,0,144,0,0,146,0,146,288,0,288,434
09/27/2020,RNM,CA,AWP,WE,Federal Contract Tower,0,0,10,0,10,0,0,173,0,173,0,0,183,0,183,181,0,181,364
09/28/2020,RNM,CA,AWP,WE,Federal Contract Tower,0,0,7,0,7,0,0,126,2,128,0,0,133,2,135,202,0,202,337
09/29/2020,RNM,CA,AWP,WE,Federal Contract Tower,0,0,3,0,3,0,0,142,0,142,0,0,145,0,145,240,2,242,387
09/30/2020,RNM,CA,AWP,WE,Federal Contract Tower,0,0,3,0,3,0,0,137,0,137,0,0,140,0,140,246,0,246,386
10/01/2020,RNM,CA,AWP,WE,Federal Contract Tower,0,2,4,0,6,0,0,142,0,142,0,2,146,0,148,288,0,288,436
10/02/2020,RNM,CA,AWP,WE,Federal Contract Tower,0,0,3,0,3,0,0,179,2,181,0,0,182,2,184,466,0,466,650
10/03/2020,RNM,CA,AWP,WE,Federal Contract Tower,0,0,8,0,8,0,0,126,0,126,0,0,134,0,134,234,0,234,368
10/04/2020,RNM,CA,AWP,WE,Federal Contract Tower,0,0,6,0,6,0,0,87,0,87,0,0,93,0,93,118,0,118,211
10/05/2020,RNM,CA,AWP,WE,Federal Contract Tower,0,2,8,0,10,0,0,116,0,116,0,2,124,0,126,208,0,208,334
10/06/2020,RNM,CA,AWP,WE,Federal Contract Tower,0,0,12,0,12,0,0,113,2,115,0,0,125,2,127,161,2,163,290
10/07/2020,RNM,CA,AWP,WE,Federal Contract Tower,0,0,10,0,10,0,0,134,2,136,0,0,144,2,146,366,0,366,512
10/08/2020,RNM,CA,AWP,WE,Federal Contract Tower,0,0,19,0,19,0,0,99,0,99,0,0,118,0,118,430,0,430,548
10/09/2020,RNM,CA,AWP,WE,Federal Contract Tower,0,0,21,0,21,0,0,97,2,99,0,0,118,2,120,229,0,229,349
10/10/2020,RNM,CA,AWP,WE,Federal Contract Tower,0,0,8,0,8,0,0,99,0,99,0,0,107,0,107,256,0,256,363
10/11/2020,RNM,CA,AWP,WE,Federal Contract Tower,0,0,7,0,7,0,0,99,2,101,0,0,106,2,108,164,0,164,272
10/12/2020,RNM,CA,AWP,WE,Federal Contract Tower,0,0,3,0,3,0,0,116,2,118,0,0,119,2,121,323,6,329,450
10/13/2020,RNM,CA,AWP,WE,Federal Contract Tower,0,0,10,0,10,0,0,149,0,149,0,0,159,0,159,250,0,250,409
10/14/2020,RNM,CA,AWP,WE,Federal Contract Tower,0,0,7,0,7,0,0,156,0,156,0,0,163,0,163,342,0,342,505
10/15/2020,RNM,CA,AWP,WE,Federal Contract Tower,0,0,8,0,8,0,0,148,0,148,0,0,156,0,156,332,0,332,488
10/16/2020,RNM,CA,AWP,WE,Federal Contract Tower,0,0,4,0,4,0,0,136,2,138,0,0,140,2,142,333,0,333,475
10/17/2020,RNM,CA,AWP,WE,Federal Contract Tower,0,0,5,0,5,0,0,159,0,159,0,0,164,0,164,337,0,337,501
10/18/2020,RNM,CA,AWP,WE,Federal Contract Tower,0,0,9,0,9,0,0,117,0,117,0,0,126,0,126,240,0,240,366
10/19/2020,RNM,CA,AWP,WE,Federal Contract Tower,0,2,7,0,9,0,0,121,0,121,0,2,128,0,130,178,0,178,308
10/20/2020,RNM,CA,AWP,WE,Federal Contract Tower,0,0,4,0,4,0,0,110,0,110,0,0,114,0,114,234,0,234,348
10/21/2020,RNM,CA,AWP,WE,Federal Contract Tower,0,0,7,0,7,0,0,111,0,111,0,0,118,0,118,230,0,230,348
10/22/2020,RNM,CA,AWP,WE,Federal Contract Tower,0,0,18,0,18,0,0,125,0,125,0,0,143,0,143,292,0,292,435
10/23/2020,RNM,CA,AWP,WE,Federal Contract Tower,0,2,14,0,16,0,0,102,0,102,0,2,116,0,118,222,0,222,340
10/24/2020,RNM,CA,AWP,WE,Federal Contract Tower,0,0,5,0,5,0,0,44,0,44,0,0,49,0,49,162,0,162,211
10/25/2020,RNM,CA,AWP,WE,Federal Contract Tower,0,0,4,0,4,0,0,7,0,7,0,0,11,0,11,10,0,10,21
10/26/2020,RNM,CA,AWP,WE,Federal Contract Tower,0,0,3,0,3,0,0,51,0,51,0,0,54,0,54,59,0,59,113
10/27/2020,RNM,CA,AWP,WE,Federal Contract Tower,0,0,3,0,3,0,0,90,2,92,0,0,93,2,95,202,6,208,303
10/28/2020,RNM,CA,AWP,WE,Federal Contract Tower,0,0,6,0,6,0,0,213,0,213,0,0,219,0,219,324,0,324,543
10/29/2020,RNM,CA,AWP,WE,Federal Contract Tower,0,0,7,0,7,0,0,189,6,195,0,0,196,6,202,272,10,282,484
10/30/2020,RNM,CA,AWP,WE,Federal Contract Tower,0,0,5,0,5,0,0,180,4,184,0,0,185,4,189,302,0,302,491
10/31/2020,RNM,CA,AWP,WE,Federal Contract Tower,0,0,4,0,4,0,0,153,0,153,0,0,157,0,157,214,0,214,371
11/01/2020,RNM,CA,AWP,WE,Federal Contract Tower,0,0,3,0,3,0,0,132,0,132,0,0,135,0,135,176,0,176,311
11/02/2020,RNM,CA,AWP,WE,Federal Contract Tower,0,0,7,0,7,0,0,126,0,126,0,0,133,0,133,308,0,308,441
11/03/2020,RNM,CA,AWP,WE,Federal Contract Tower,0,0,2,0,2,0,0,130,0,130,0,0,132,0,132,292,0,292,424
11/04/2020,RNM,CA,AWP,WE,Federal Contract Tower,0,2,5,0,7,0,0,115,0,115,0,2,120,0,122,280,0,280,402
11/05/2020,RNM,CA,AWP,WE,Federal Contract Tower,0,0,5,0,5,0,0,126,2,128,0,0,131,2,133,252,0,252,385
11/06/2020,RNM,CA,AWP,WE,Federal Contract Tower,0,0,10,0,10,0,0,108,0,108,0,0,118,0,118,248,0,248,366
11/07/2020,RNM,CA,AWP,WE,Federal Contract Tower,0,0,1,0,1,0,0,0,0,0,0,0,1,0,1,0,0,0,1
11/08/2020,RNM,CA,AWP,WE,Federal Contract Tower,0,0,2,0,2,0,0,0,0,0,0,0,2,0,2,0,0,0,2
11/09/2020,RNM,CA,AWP,WE,Federal Contract Tower,0,2,8,0,10,0,0,127,0,127,0,2,135,0,137,300,0,300,437
11/10/2020,RNM,CA,AWP,WE,Federal Contract Tower,0,0,4,0,4,0,0,123,0,123,0,0,127,0,127,348,0,348,475
11/11/2020,RNM,CA,AWP,WE,Federal Contract Tower,0,0,4,0,4,0,0,172,0,172,0,0,176,0,176,536,0,536,712
11/12/2020,RNM,CA,AWP,WE,Federal Contract Tower,0,0,4,0,4,0,0,159,0,159,0,0,163,0,163,664,0,664,827
11/13/2020,RNM,CA,AWP,WE,Federal Contract Tower,0,0,7,0,7,0,0,133,2,135,0,0,140,2,142,366,0,366,508
11/14/2020,RNM,CA,AWP,WE,Federal Contract Tower,0,0,5,0,5,0,0,147,0,147,0,0,152,0,152,350,0,350,502
11/15/2020,RNM,CA,AWP,WE,Federal Contract Tower,0,0,5,0,5,0,0,163,0,163,0,0,168,0,168,241,0,241,409
11/16/2020,RNM,CA,AWP,WE,Federal Contract Tower,0,2,4,0,6,0,0,122,4,126,0,2,126,4,132,256,0,256,388
11/17/2020,RNM,CA,AWP,WE,Federal Contract Tower,0,0,8,0,8,0,0,154,8,162,0,0,162,8,170,400,0,400,570
11/18/2020,RNM,CA,AWP,WE,Federal Contract Tower,0,2,8,0,10,0,0,180,0,180,0,2,188,0,190,588,0,588,778
11/19/2020,RNM,CA,AWP,WE,Federal Contract Tower,0,0,6,0,6,0,0,165,2,167,0,0,171,2,173,540,0,540,713
11/20/2020,RNM,CA,AWP,WE,Federal Contract Tower,0,0,10,0,10,0,0,136,7,143,0,0,146,7,153,512,4,516,669
11/21/2020,RNM,CA,AWP,WE,Federal Contract Tower,0,0,7,0,7,0,0,137,0,137,0,0,144,0,144,300,0,300,444
11/22/2020,RNM,CA,AWP,WE,Federal Contract Tower,0,0,6,0,6,0,0,116,0,116,0,0,122,0,122,276,0,276,398
11/23/2020,RNM,CA,AWP,WE,Federal Contract Tower,0,0,8,0,8,0,0,110,0,110,0,0,118,0,118,406,0,406,524
11/24/2020,RNM,CA,AWP,WE,Federal Contract Tower,0,0,4,0,4,0,0,176,2,178,0,0,180,2,182,472,0,472,654
11/25/2020,RNM,CA,AWP,WE,Federal Contract Tower,0,1,1,0,2,0,0,162,4,166,0,1,163,4,168,538,0,538,706
11/26/2020,RNM,CA,AWP,WE,Federal Contract Tower,0,1,1,0,2,0,0,43,0,43,0,1,44,0,45,102,0,102,147
11/27/2020,RNM,CA,AWP,WE,Federal Contract Tower,0,0,3,0,3,0,0,67,0,67,0,0,70,0,70,136,0,136,206
11/28/2020,RNM,CA,AWP,WE,Federal Contract Tower,0,0,7,0,7,0,0,126,0,126,0,0,133,0,133,250,0,250,383
11/29/2020,RNM,CA,AWP,WE,Federal Contract Tower,0,2,1,0,3,0,0,121,0,121,0,2,122,0,124,191,0,191,315
11/30/2020,RNM,CA,AWP,WE,Federal Contract Tower,0,0,4,0,4,0,0,138,2,140,0,0,142,2,144,300,0,300,444
12/01/2020,RNM,CA,AWP,WE,Federal Contract Tower,0,0,2,0,2,0,0,123,0,123,0,0,125,0,125,156,0,156,281
12/02/2020,RNM,CA,AWP,WE,Federal Contract Tower,0,0,3,0,3,0,0,146,6,152,0,0,149,6,155,302,12,314,469
12/03/2020,RNM,CA,AWP,WE,Federal Contract Tower,0,0,0,0,0,0,0,34,2,36,0,0,34,2,36,46,0,46,82
12/04/2020,RNM,CA,AWP,WE,Federal Contract Tower,0,2,3,0,5,0,0,132,0,132,0,2,135,0,137,362,0,362,499
12/06/2020,RNM,CA,AWP,WE,Federal Contract Tower,0,2,1,0,3,0,0,177,0,177,0,2,178,0,180,285,0,285,465
12/07/2020,RNM,CA,AWP,WE,Federal Contract Tower,0,0,0,0,0,0,0,71,4,75,0,0,71,4,75,208,0,208,283
12/08/2020,RNM,CA,AWP,WE,Federal Contract Tower,0,0,0,0,0,0,0,39,0,39,0,0,39,0,39,78,0,78,117
12/09/2020,RNM,CA,AWP,WE,Federal Contract Tower,0,0,0,0,0,0,0,172,2,174,0,0,172,2,174,456,0,456,630
12/10/2020,RNM,CA,AWP,WE,Federal Contract Tower,0,0,21,0,21,0,0,111,0,111,0,0,132,0,132,294,0,294,426
12/11/2020,RNM,CA,AWP,WE,Federal Contract Tower,0,0,9,0,9,0,0,100,2,102,0,0,109,2,111,306,0,306,417
12/12/2020,RNM,CA,AWP,WE,Federal Contract Tower,0,0,14,0,14,0,0,12,0,12,0,0,26,0,26,8,0,8,34
12/13/2020,RNM,CA,AWP,WE,Federal Contract Tower,0,0,3,0,3,0,0,158,0,158,0,0,161,0,161,264,0,264,425
12/14/2020,RNM,CA,AWP,WE,Federal Contract Tower,0,0,4,0,4,0,0,53,0,53,0,0,57,0,57,258,0,258,315
12/15/2020,RNM,CA,AWP,WE,Federal Contract Tower,0,0,0,0,0,0,0,119,0,119,0,0,119,0,119,287,0,287,406
12/16/2020,RNM,CA,AWP,WE,Federal Contract Tower,0,0,3,0,3,0,0,164,0,164,0,0,167,0,167,370,0,370,537
12/17/2020,RNM,CA,AWP,WE,Federal Contract Tower,0,0,20,0,20,0,0,90,2,92,0,0,110,2,112,232,0,232,344
12/18/2020,RNM,CA,AWP,WE,Federal Contract Tower,0,0,1,0,1,0,0,158,0,158,0,0,159,0,159,410,0,410,569
12/19/2020,RNM,CA,AWP,WE,Federal Contract Tower,0,0,4,0,4,0,0,127,0,127,0,0,131,0,131,234,0,234,365
12/20/2020,RNM,CA,AWP,WE,Federal Contract Tower,0,0,1,0,1,0,0,131,0,131,0,0,132,0,132,230,0,230,362
12/21/2020,RNM,CA,AWP,WE,Federal Contract Tower,0,0,3,0,3,0,0,119,0,119,0,0,122,0,122,411,0,411,533
12/22/2020,RNM,CA,AWP,WE,Federal Contract Tower,0,2,1,0,3,0,0,136,0,136,0,2,137,0,139,368,0,368,507
12/23/2020,RNM,CA,AWP,WE,Federal Contract Tower,0,0,1,0,1,0,0,71,0,71,0,0,72,0,72,112,0,112,184
12/24/2020,RNM,CA,AWP,WE,Federal Contract Tower,0,0,0,0,0,0,0,40,0,40,0,0,40,0,40,50,0,50,90
12/25/2020,RNM,CA,AWP,WE,Federal Contract Tower,0,0,0,0,0,0,0,40,0,40,0,0,40,0,40,50,0,50,90
12/26/2020,RNM,CA,AWP,WE,Federal Contract Tower,0,0,2,0,2,0,0,149,0,149,0,0,151,0,151,264,0,264,415
12/27/2020,RNM,CA,AWP,WE,Federal Contract Tower,0,2,3,0,5,0,0,38,0,38,0,2,41,0,43,46,0,46,89
12/28/2020,RNM,CA,AWP,WE,Federal Contract Tower,0,0,1,0,1,0,0,0,2,2,0,0,1,2,3,0,0,0,3
12/29/2020,RNM,CA,AWP,WE,Federal Contract Tower,0,0,2,0,2,0,0,87,0,87,0,0,89,0,89,230,0,230,319
12/30/2020,RNM,CA,AWP,WE,Federal Contract Tower,0,0,0,0,0,0,0,148,11,159,0,0,148,11,159,316,0,316,475
12/31/2020,RNM,CA,AWP,WE,Federal Contract Tower,0,0,3,0,3,0,0,64,0,64,0,0,67,0,67,162,0,162,229
01/01/2021,RNM,CA,AWP,WE,Federal Contract Tower,0,0,1,0,1,0,0,80,0,80,0,0,81,0,81,128,0,128,209
01/02/2021,RNM,CA,AWP,WE,Federal Contract Tower,0,0,4,0,4,0,0,155,0,155,0,0,159,0,159,248,0,248,407
01/03/2021,RNM,CA,AWP,WE,Federal Contract Tower,0,0,3,0,3,0,0,93,0,93,0,0,96,0,96,185,0,185,281
01/05/2021,RNM,CA,AWP,WE,Federal Contract Tower,0,1,4,0,5,0,0,91,0,91,0,1,95,0,96,306,0,306,402
01/06/2021,RNM,CA,AWP,WE,Federal Contract Tower,0,0,7,0,7,0,0,137,4,141,0,0,144,4,148,410,0,410,558
01/07/2021,RNM,CA,AWP,WE,Federal Contract Tower,0,0,3,0,3,0,0,156,0,156,0,0,159,0,159,450,0,450,609
01/08/2021,RNM,CA,AWP,WE,Federal Contract Tower,0,0,3,0,3,0,0,165,0,165,0,0,168,0,168,10,0,10,178
01/09/2021,RNM,CA,AWP,WE,Federal Contract Tower,0,0,1,0,1,0,0,120,0,120,0,0,121,0,121,232,0,232,353
01/10/2021,RNM,CA,AWP,WE,Federal Contract Tower,0,0,7,0,7,0,0,141,0,141,0,0,148,0,148,180,0,180,328
01/11/2021,RNM,CA,AWP,WE,Federal Contract Tower,0,1,1,0,2,0,0,117,2,119,0,1,118,2,121,188,0,188,309
01/12/2021,RNM,CA,AWP,WE,Federal Contract Tower,0,1,2,0,3,0,0,125,0,125,0,1,127,0,128,288,0,288,416
01/13/2021,RNM,CA,AWP,WE,Federal Contract Tower,0,0,5,0,5,0,0,128,2,130,0,0,133,2,135,300,14,314,449
01/14/2021,RNM,CA,AWP,WE,Federal Contract Tower,0,0,2,0,2,0,0,147,0,147,0,0,149,0,149,363,0,363,512
01/15/2021,RNM,CA,AWP,WE,Federal Contract Tower,0,0,0,0,0,0,0,105,0,105,0,0,105,0,105,344,0,344,449
01/16/2021,RNM,CA,AWP,WE,Federal Contract Tower,0,0,3,0,3,0,0,148,0,148,0,0,151,0,151,278,0,278,429
01/17/2021,RNM,CA,AWP,WE,Federal Contract Tower,0,0,1,0,1,0,0,80,0,80,0,0,81,0,81,140,0,140,221
01/18/2021,RNM,CA,AWP,WE,Federal Contract Tower,0,0,4,0,4,0,0,135,0,135,0,0,139,0,139,404,0,404,543
01/19/2021,RNM,CA,AWP,WE,Federal Contract Tower,0,0,0,0,0,0,0,23,0,23,0,0,23,0,23,99,0,99,122
01/20/2021,RNM,CA,AWP,WE,Federal Contract Tower,0,0,0,0,0,0,0,35,4,39,0,0,35,4,39,138,0,138,177
01/21/2021,RNM,CA,AWP,WE,Federal Contract Tower,0,0,4,0,4,0,0,149,2,151,0,0,153,2,155,348,0,348,503
01/22/2021,RNM,CA,AWP,WE,Federal Contract Tower,0,0,19,0,19,0,0,15,0,15,0,0,34,0,34,18,0,18,52
01/23/2021,RNM,CA,AWP,WE,Federal Contract Tower,0,0,2,0,2,0,0,0,0,0,0,0,2,0,2,0,0,0,2
01/24/2021,RNM,CA,AWP,WE,Federal Contract Tower,0,2,15,0,17,0,0,38,0,38,0,2,53,0,55,188,0,188,243
01/25/2021,RNM,CA,AWP,WE,Federal Contract Tower,0,0,0,0,0,0,0,2,0,2,0,0,2,0,2,8,0,8,10
01/26/2021,RNM,CA,AWP,WE,Federal Contract Tower,0,0,3,0,3,0,0,143,4,147,0,0,146,4,150,234,0,234,384
01/27/2021,RNM,CA,AWP,WE,Federal Contract Tower,0,2,3,0,5,0,0,139,7,146,0,2,142,7,151,385,0,385,536
01/28/2021,RNM,CA,AWP,WE,Federal Contract Tower,0,0,3,0,3,0,0,122,0,122,0,0,125,0,125,366,0,366,491
01/29/2021,RNM,CA,AWP,WE,Federal Contract Tower,0,0,2,0,2,0,0,2,0,2,0,0,4,0,4,0,0,0,4
01/30/2021,RNM,CA,AWP,WE,Federal Contract Tower,0,1,6,0,7,0,0,189,0,189,0,1,195,0,196,367,0,367,563
01/31/2021,RNM,CA,AWP,WE,Federal Contract Tower,0,0,5,0,5,0,0,119,0,119,0,0,124,0,124,310,0,310,434
02/01/2021,RNM,CA,AWP,WE,Federal Contract Tower,0,2,1,0,3,0,0,113,0,113,0,2,114,0,116,407,0,407,523
02/02/2021,RNM,CA,AWP,WE,Federal Contract Tower,0,0,1,0,1,0,0,156,4,160,0,0,157,4,161,405,0,405,566
02/03/2021,RNM,CA,AWP,WE,Federal Contract Tower,0,1,12,0,13,0,0,120,0,120,0,1,132,0,133,441,0,441,574
02/04/2021,RNM,CA,AWP,WE,Federal Contract Tower,0,0,10,0,10,0,0,117,0,117,0,0,127,0,127,382,0,382,509
02/05/2021,RNM,CA,AWP,WE,Federal Contract Tower,0,0,6,0,6,0,0,206,6,212,0,0,212,6,218,492,0,492,710
02/06/2021,RNM,CA,AWP,WE,Federal Contract Tower,0,0,4,0,4,0,0,163,0,163,0,0,167,0,167,275,0,275,442
02/07/2021,RNM,CA,AWP,WE,Federal Contract Tower,0,0,2,0,2,0,0,137,0,137,0,0,139,0,139,244,0,244,383
02/08/2021,RNM,CA,AWP,WE,Federal Contract Tower,0,1,17,0,18,0,0,143,0,143,0,1,160,0,161,375,0,375,536
02/09/2021,RNM,CA,AWP,WE,Federal Contract Tower,0,2,12,0,14,0,0,37,2,39,0,2,49,2,53,268,0,268,321
02/10/2021,RNM,CA,AWP,WE,Federal Contract Tower,0,0,17,0,17,0,0,62,2,64,0,0,79,2,81,218,0,218,299
02/11/2021,RNM,CA,AWP,WE,Federal Contract Tower,0,0,3,0,3,0,0,177,0,177,0,0,180,0,180,398,0,398,578
02/12/2021,RNM,CA,AWP,WE,Federal Contract Tower,0,0,6,0,6,0,0,17,0,17,0,0,23,0,23,90,0,90,113
02/13/2021,RNM,CA,AWP,WE,Federal Contract Tower,0,0,8,0,8,0,0,54,0,54,0,0,62,0,62,152,0,152,214
02/14/2021,RNM,CA,AWP,WE,Federal Contract Tower,0,0,5,0,5,0,0,139,0,139,0,0,144,0,144,262,0,262,406
02/15/2021,RNM,CA,AWP,WE,Federal Contract Tower,0,0,13,0,13,0,0,138,2,140,0,0,151,2,153,266,0,266,419
02/16/2021,RNM,CA,AWP,WE,Federal Contract Tower,0,4,17,0,21,0,0,43,0,43,0,4,60,0,64,199,0,199,263
02/17/2021,RNM,CA,AWP,WE,Federal Contract Tower,0,0,10,0,10,0,0,205,0,205,0,0,215,0,215,354,0,354,569
02/18/2021,RNM,CA,AWP,WE,Federal Contract Tower,0,0,2,0,2,0,0,114,2,116,0,0,116,2,118,124,22,146,264
02/19/2021,RNM,CA,AWP,WE,Federal Contract Tower,0,0,4,0,4,0,0,215,0,215,0,0,219,0,219,404,0,404,623
02/20/2021,RNM,CA,AWP,WE,Federal Contract Tower,0,2,4,0,6,0,0,153,0,153,0,2,157,0,159,308,0,308,467
02/21/2021,RNM,CA,AWP,WE,Federal Contract Tower,0,1,0,0,1,0,0,49,0,49,0,1,49,0,50,44,0,44,94
02/22/2021,RNM,CA,AWP,WE,Federal Contract Tower,0,1,4,0,5,0,0,103,2,105,0,1,107,2,110,235,0,235,345
02/23/2021,RNM,CA,AWP,WE,Federal Contract Tower,0,0,5,0,5,0,0,176,2,178,0,0,181,2,183,406,0,406,589
02/24/2021,RNM,CA,AWP,WE,Federal Contract Tower,0,2,5,0,7,0,0,182,6,188,0,2,187,6,195,341,0,341,536
02/25/2021,RNM,CA,AWP,WE,Federal Contract Tower,0,1,1,0,2,0,0,102,0,102,0,1,103,0,104,202,0,202,306
02/26/2021,RNM,CA,AWP,WE,Federal Contract Tower,0,2,2,0,4,0,0,150,0,150,0,2,152,0,154,217,0,217,371
02/27/2021,RNM,CA,AWP,WE,Federal Contract Tower,0,1,2,0,3,0,0,163,0,163,0,1,165,0,166,238,0,238,404
02/28/2021,RNM,CA,AWP,WE,Federal Contract Tower,0,2,2,0,4,0,0,56,0,56,0,2,58,0,60,83,0,83,143
03/01/2021,RNM,CA,AWP,WE,Federal Contract Tower,0,0,3,0,3,0,0,113,0,113,0,0,116,0,116,193,0,193,309
03/02/2021,RNM,CA,AWP,WE,Federal Contract Tower,0,0,6,0,6,0,0,147,2,149,0,0,153,2,155,326,0,326,481
03/03/2021,RNM,CA,AWP,WE,Federal Contract Tower,0,0,1,0,1,0,0,17,0,17,0,0,18,0,18,20,0,20,38
03/04/2021,RNM,CA,AWP,WE,Federal Contract Tower,0,0,1,0,1,0,0,106,4,110,0,0,107,4,111,270,0,270,381
03/05/2021,RNM,CA,AWP,WE,Federal Contract Tower,0,0,2,0,2,0,0,150,0,150,0,0,152,0,152,272,0,272,424
03/06/2021,RNM,CA,AWP,WE,Federal Contract Tower,0,1,6,0,7,0,0,132,0,132,0,1,138,0,139,311,0,311,450
03/07/2021,RNM,CA,AWP,WE,Federal Contract Tower,0,1,9,0,10,0,0,62,0,62,0,1,71,0,72,121,0,121,193
03/08/2021,RNM,CA,AWP,WE,Federal Contract Tower,0,0,14,0,14,0,0,111,2,113,0,0,125,2,127,366,0,366,493
03/09/2021,RNM,CA,AWP,WE,Federal Contract Tower,0,0,15,0,15,0,0,52,0,52,0,0,67,0,67,138,0,138,205
03/10/2021,RNM,CA,AWP,WE,Federal Contract Tower,0,0,4,0,4,0,0,6,4,10,0,0,10,4,14,0,0,0,14
03/11/2021,RNM,CA,AWP,WE,Federal Contract Tower,0,0,4,0,4,0,0,25,2,27,0,0,29,2,31,34,0,34,65
03/12/2021,RNM,CA,AWP,WE,Federal Contract Tower,0,0,4,0,4,0,0,55,2,57,0,0,59,2,61,68,0,68,129
03/13/2021,RNM,CA,AWP,WE,Federal Contract Tower,0,0,5,0,5,0,0,45,0,45,0,0,50,0,50,88,0,88,138
03/14/2021,RNM,CA,AWP,WE,Federal Contract Tower,0,0,17,0,17,0,0,50,0,50,0,0,67,0,67,168,0,168,235
03/15/2021,RNM,CA,AWP,WE,Federal Contract Tower,0,0,2,0,2,0,0,0,0,0,0,0,2,0,2,0,0,0,2
03/16/2021,RNM,CA,AWP,WE,Federal Contract Tower,0,0,1,0,1,0,0,113,0,113,0,0,114,0,114,234,0,234,348
03/17/2021,RNM,CA,AWP,WE,Federal Contract Tower,0,0,1,1,2,0,0,206,0,206,0,0,207,1,208,396,0,396,604
03/18/2021,RNM,CA,AWP,WE,Federal Contract Tower,0,0,6,0,6,0,0,145,4,149,0,0,151,4,155,304,0,304,459
03/19/2021,RNM,CA,AWP,WE,Federal Contract Tower,0,1,7,0,8,0,0,188,0,188,0,1,195,0,196,311,0,311,507
03/20/2021,RNM,CA,AWP,WE,Federal Contract Tower,0,0,4,0,4,0,0,44,0,44,0,0,48,0,48,48,0,48,96
03/21/2021,RNM,CA,AWP,WE,Federal Contract Tower,0,0,5,0,5,0,0,109,0,109,0,0,114,0,114,228,0,228,342
03/22/2021,RNM,CA,AWP,WE,Federal Contract Tower,0,0,1,0,1,0,0,159,1,160,0,0,160,1,161,325,0,325,486
03/23/2021,RNM,CA,AWP,WE,Federal Contract Tower,0,0,5,0,5,0,0,27,2,29,0,0,32,2,34,104,0,104,138
03/24/2021,RNM,CA,AWP,WE,Federal Contract Tower,0,0,2,0,2,0,0,136,0,136,0,0,138,0,138,306,0,306,444
03/25/2021,RNM,CA,AWP,WE,Federal Contract Tower,0,0,8,0,8,0,0,14,2,16,0,0,22,2,24,56,0,56,80
03/26/2021,RNM,CA,AWP,WE,Federal Contract Tower,0,0,9,0,9,0,0,80,0,80,0,0,89,0,89,209,0,209,298
03/27/2021,RNM,CA,AWP,WE,Federal Contract Tower,0,0,4,0,4,0,0,174,0,174,0,0,178,0,178,306,0,306,484
03/28/2021,RNM,CA,AWP,WE,Federal Contract Tower,0,1,4,0,5,0,0,137,0,137,0,1,141,0,142,255,0,255,397
03/29/2021,RNM,CA,AWP,WE,Federal Contract Tower,0,1,4,0,5,0,0,171,2,173,0,1,175,2,178,355,0,355,533
03/30/2021,RNM,CA,AWP,WE,Federal Contract Tower,0,0,6,0,6,0,0,161,0,161,0,0,167,0,167,351,0,351,518
03/31/2021,RNM,CA,AWP,WE,Federal Contract Tower,0,2,0,1,3,0,0,102,2,104,0,2,102,3,107,153,0,153,260
04/01/2021,RNM,CA,AWP,WE,Federal Contract Tower,0,0,2,0,2,0,0,99,0,99,0,0,101,0,101,244,0,244,345
04/02/2021,RNM,CA,AWP,WE,Federal Contract Tower,0,0,6,0,6,0,0,93,0,93,0,0,99,0,99,302,0,302,401
04/03/2021,RNM,CA,AWP,WE,Federal Contract Tower,0,0,1,0,1,0,0,102,0,102,0,0,103,0,103,135,0,135,238
04/04/2021,RNM,CA,AWP,WE,Federal Contract Tower,0,0,0,0,0,0,0,79,0,79,0,0,79,0,79,153,0,153,232
04/05/2021,RNM,CA,AWP,WE,Federal Contract Tower,0,0,8,0,8,0,0,127,6,133,0,0,135,6,141,281,0,281,422
04/06/2021,RNM,CA,AWP,WE,Federal Contract Tower,0,0,5,0,5,0,0,132,4,136,0,0,137,4,141,250,0,250,391
04/07/2021,RNM,CA,AWP,WE,Federal Contract Tower,0,0,6,0,6,0,0,194,0,194,0,0,200,0,200,411,0,411,611
04/08/2021,RNM,CA,AWP,WE,Federal Contract Tower,0,0,6,0,6,0,0,146,0,146,0,0,152,0,152,305,0,305,457
04/09/2021,RNM,CA,AWP,WE,Federal Contract Tower,0,2,6,0,8,0,0,155,4,159,0,2,161,4,167,287,0,287,454
04/10/2021,RNM,CA,AWP,WE,Federal Contract Tower,0,0,7,0,7,0,2,120,2,124,0,2,127,2,131,245,0,245,376
04/11/2021,RNM,CA,AWP,WE,Federal Contract Tower,0,0,4,0,4,0,0,106,0,106,0,0,110,0,110,224,0,224,334
04/12/2021,RNM,CA,AWP,WE,Federal Contract Tower,0,0,13,0,13,0,0,108,4,112,0,0,121,4,125,198,0,198,323
04/13/2021,RNM,CA,AWP,WE,Federal Contract Tower,0,0,13,2,15,0,0,10,2,12,0,0,23,4,27,40,2,42,69
04/14/2021,RNM,CA,AWP,WE,Federal Contract Tower,0,0,18,0,18,0,0,79,6,85,0,0,97,6,103,202,16,218,321
04/15/2021,RNM,CA,AWP,WE,Federal Contract Tower,0,0,7,0,7,0,0,182,0,182,0,0,189,0,189,320,0,320,509
04/16/2021,RNM,CA,AWP,WE,Federal Contract Tower,0,0,5,0,5,0,0,128,0,128,0,0,133,0,133,242,0,242,375
04/17/2021,RNM,CA,AWP,WE,Federal Contract Tower,0,0,5,0,5,0,0,139,0,139,0,0,144,0,144,282,0,282,426
04/18/2021,RNM,CA,AWP,WE,Federal Contract Tower,0,0,1,0,1,0,0,67,0,67,0,0,68,0,68,63,0,63,131
04/19/2021,RNM,CA,AWP,WE,Federal Contract Tower,0,0,1,0,1,0,0,125,0,125,0,0,126,0,126,316,0,316,442
04/20/2021,RNM,CA,AWP,WE,Federal Contract Tower,0,1,2,0,3,0,0,126,2,128,0,1,128,2,131,370,0,370,501
04/21/2021,RNM,CA,AWP,WE,Federal Contract Tower,0,1,17,0,18,0,0,32,0,32,0,1,49,0,50,54,0,54,104
04/22/2021,RNM,CA,AWP,WE,Federal Contract Tower,0,0,18,0,18,0,0,8,0,8,0,0,26,0,26,24,0,24,50
04/23/2021,RNM,CA,AWP,WE,Federal Contract Tower,0,0,16,0,16,0,0,38,0,38,0,0,54,0,54,71,0,71,125
04/24/2021,RNM,CA,AWP,WE,Federal Contract Tower,0,0,16,0,16,0,0,86,0,86,0,0,102,0,102,130,0,130,232
04/25/2021,RNM,CA,AWP,WE,Federal Contract Tower,0,1,5,0,6,0,0,108,0,108,0,1,113,0,114,222,0,222,336
04/26/2021,RNM,CA,AWP,WE,Federal Contract Tower,0,1,1,0,2,0,0,9,0,9,0,1,10,0,11,38,0,38,49
04/27/2021,RNM,CA,AWP,WE,Federal Contract Tower,0,0,10,2,12,0,0,106,4,110,0,0,116,6,122,226,0,226,348
04/29/2021,RNM,CA,AWP,WE,Federal Contract Tower,0,1,4,0,5,0,0,168,4,172,0,1,172,4,177,310,0,310,487
04/30/2021,RNM,CA,AWP,WE,Federal Contract Tower,0,1,3,0,4,0,0,163,0,163,0,1,166,0,167,262,0,262,429
05/01/2021,RNM,CA,AWP,WE,Federal Contract Tower,0,0,14,0,14,0,0,269,0,269,0,0,283,0,283,186,0,186,469
05/02/2021,RNM,CA,AWP,WE,Federal Contract Tower,0,0,16,0,16,0,0,16,0,16,0,0,32,0,32,13,0,13,45
05/03/2021,RNM,CA,AWP,WE,Federal Contract Tower,0,0,6,0,6,0,0,110,0,110,0,0,116,0,116,229,0,229,345
05/04/2021,RNM,CA,AWP,WE,Federal Contract Tower,0,0,3,0,3,0,0,171,2,173,0,0,174,2,176,467,0,467,643
05/05/2021,RNM,CA,AWP,WE,Federal Contract Tower,0,0,3,0,3,0,0,133,0,133,0,0,136,0,136,308,0,308,444
05/06/2021,RNM,CA,AWP,WE,Federal Contract Tower,0,0,12,0,12,0,0,140,0,140,0,0,152,0,152,268,0,268,420
05/07/2021,RNM,CA,AWP,WE,Federal Contract Tower,0,0,8,0,8,0,0,113,0,113,0,0,121,0,121,200,0,200,321
05/08/2021,RNM,CA,AWP,WE,Federal Contract Tower,0,0,8,0,8,0,0,123,0,123,0,0,131,0,131,208,0,208,339
05/09/2021,RNM,CA,AWP,WE,Federal Contract Tower,0,0,6,0,6,0,0,45,0,45,0,0,51,0,51,112,0,112,163
05/10/2021,RNM,CA,AWP,WE,Federal Contract Tower,0,0,9,0,9,0,0,140,0,140,0,0,149,0,149,283,0,283,432
05/11/2021,RNM,CA,AWP,WE,Federal Contract Tower,0,0,7,0,7,0,0,130,2,132,0,0,137,2,139,225,0,225,364
05/12/2021,RNM,CA,AWP,WE,Federal Contract Tower,0,0,17,0,17,0,0,147,4,151,0,0,164,4,168,274,0,274,442
05/13/2021,RNM,CA,AWP,WE,Federal Contract Tower,0,0,8,0,8,0,0,122,2,124,0,0,130,2,132,310,2,312,444
05/14/2021,RNM,CA,AWP,WE,Federal Contract Tower,0,0,3,0,3,0,0,92,0,92,0,0,95,0,95,303,0,303,398
05/15/2021,RNM,CA,AWP,WE,Federal Contract Tower,0,0,15,0,15,0,0,111,0,111,0,0,126,0,126,191,0,191,317
05/16/2021,RNM,CA,AWP,WE,Federal Contract Tower,0,0,16,0,16,0,0,12,0,12,0,0,28,0,28,41,0,41,69
05/17/2021,RNM,CA,AWP,WE,Federal Contract Tower,0,0,18,0,18,0,0,32,0,32,0,0,50,0,50,98,0,98,148
05/18/2021,RNM,CA,AWP,WE,Federal Contract Tower,0,0,10,0,10,0,0,107,0,107,0,0,117,0,117,250,0,250,367
05/19/2021,RNM,CA,AWP,WE,Federal Contract Tower,0,0,13,0,13,0,0,141,0,141,0,0,154,0,154,252,0,252,406
05/20/2021,RNM,CA,AWP,WE,Federal Contract Tower,0,0,13,0,13,0,0,59,0,59,0,0,72,0,72,114,0,114,186
05/21/2021,RNM,CA,AWP,WE,Federal Contract Tower,0,0,12,0,12,0,0,55,0,55,0,0,67,0,67,112,0,112,179
05/22/2021,RNM,CA,AWP,WE,Federal Contract Tower,0,0,6,0,6,0,0,121,0,121,0,0,127,0,127,162,0,162,289
05/23/2021,RNM,CA,AWP,WE,Federal Contract Tower,0,0,3,0,3,0,0,183,0,183,0,0,186,0,186,258,0,258,444
05/24/2021,RNM,CA,AWP,WE,Federal Contract Tower,0,0,2,0,2,0,0,161,2,163,0,0,163,2,165,329,0,329,494
05/25/2021,RNM,CA,AWP,WE,Federal Contract Tower,0,1,5,0,6,0,0,211,2,213,0,1,216,2,219,304,0,304,523
05/26/2021,RNM,CA,AWP,WE,Federal Contract Tower,0,3,6,0,9,0,0,178,4,182,0,3,184,4,191,404,0,404,595
05/27/2021,RNM,CA,AWP,WE,Federal Contract Tower,0,0,2,0,2,0,0,193,0,193,0,0,195,0,195,397,0,397,592
05/28/2021,RNM,CA,AWP,WE,Federal Contract Tower,0,0,3,0,3,0,0,174,0,174,0,0,177,0,177,348,0,348,525
05/29/2021,RNM,CA,AWP,WE,Federal Contract Tower,0,0,10,0,10,0,0,90,0,90,0,0,100,0,100,223,0,223,323
05/30/2021,RNM,CA,AWP,WE,Federal Contract Tower,0,0,5,0,5,0,0,115,0,115,0,0,120,0,120,220,0,220,340
05/31/2021,RNM,CA,AWP,WE,Federal Contract Tower,0,0,8,0,8,0,0,120,0,120,0,0,128,0,128,156,0,156,284
06/01/2021,RNM,CA,AWP,WE,Federal Contract Tower,0,2,5,0,7,0,0,152,0,152,0,2,157,0,159,274,0,274,433
06/02/2021,RNM,CA,AWP,WE,Federal Contract Tower,0,2,14,0,16,0,0,136,2,138,0,2,150,2,154,356,0,356,510
06/03/2021,RNM,CA,AWP,WE,Federal Contract Tower,0,0,12,0,12,0,0,151,0,151,0,0,163,0,163,401,0,401,564
06/04/2021,RNM,CA,AWP,WE,Federal Contract Tower,0,0,10,0,10,0,0,181,0,181,0,0,191,0,191,416,2,418,609
06/05/2021,RNM,CA,AWP,WE,Federal Contract Tower,0,0,7,0,7,0,0,163,0,163,0,0,170,0,170,303,0,303,473
06/06/2021,RNM,CA,AWP,WE,Federal Contract Tower,0,0,12,0,12,0,0,109,0,109,0,0,121,0,121,222,0,222,343
06/07/2021,RNM,CA,AWP,WE,Federal Contract Tower,0,0,22,0,22,0,0,38,2,40,0,0,60,2,62,60,2,62,124
06/08/2021,RNM,CA,AWP,WE,Federal Contract Tower,0,0,10,0,10,0,0,155,2,157,0,0,165,2,167,353,0,353,520
06/09/2021,RNM,CA,AWP,WE,Federal Contract Tower,0,0,6,0,6,0,0,159,0,159,0,0,165,0,165,388,0,388,553
06/10/2021,RNM,CA,AWP,WE,Federal Contract Tower,0,0,1,0,1,0,0,175,2,177,0,0,176,2,178,332,0,332,510
06/11/2021,RNM,CA,AWP,WE,Federal Contract Tower,0,0,2,0,2,0,0,139,0,139,0,0,141,0,141,340,0,340,481
06/12/2021,RNM,CA,AWP,WE,Federal Contract Tower,0,0,2,0,2,0,0,150,0,150,0,0,152,0,152,263,0,263,415
06/13/2021,RNM,CA,AWP,WE,Federal Contract Tower,0,0,3,0,3,0,0,130,0,130,0,0,133,0,133,196,0,196,329
06/14/2021,RNM,CA,AWP,WE,Federal Contract Tower,0,1,3,0,4,0,0,119,2,121,0,1,122,2,125,242,6,248,373
06/15/2021,RNM,CA,AWP,WE,Federal Contract Tower,0,0,1,0,1,0,0,128,2,130,0,0,129,2,131,290,0,290,421
06/16/2021,RNM,CA,AWP,WE,Federal Contract Tower,0,0,16,0,16,0,0,123,2,125,0,0,139,2,141,182,24,206,347
06/17/2021,RNM,CA,AWP,WE,Federal Contract Tower,0,0,3,0,3,0,0,101,6,107,0,0,104,6,110,252,0,252,362
06/18/2021,RNM,CA,AWP,WE,Federal Contract Tower,0,0,10,0,10,0,0,140,0,140,0,0,150,0,150,315,0,315,465
06/19/2021,RNM,CA,AWP,WE,Federal Contract Tower,0,2,1,0,3,0,0,143,0,143,0,2,144,0,146,178,0,178,324
06/20/2021,RNM,CA,AWP,WE,Federal Contract Tower,0,0,5,0,5,0,0,222,0,222,0,0,227,0,227,151,0,151,378
06/21/2021,RNM,CA,AWP,WE,Federal Contract Tower,0,0,6,0,6,0,0,133,4,137,0,0,139,4,143,310,0,310,453
06/22/2021,RNM,CA,AWP,WE,Federal Contract Tower,0,2,15,0,17,0,0,136,2,138,0,2,151,2,155,308,6,314,469
06/23/2021,RNM,CA,AWP,WE,Federal Contract Tower,0,1,5,0,6,0,0,191,0,191,0,1,196,0,197,100,0,100,297
06/24/2021,RNM,CA,AWP,WE,Federal Contract Tower,0,0,12,0,12,0,0,136,2,138,0,0,148,2,150,334,0,334,484
06/25/2021,RNM,CA,AWP,WE,Federal Contract Tower,0,0,9,0,9,0,0,123,0,123,0,0,132,0,132,327,0,327,459
06/27/2021,RNM,CA,AWP,WE,Federal Contract Tower,0,0,6,0,6,0,0,104,0,104,0,0,110,0,110,196,0,196,306
06/28/2021,RNM,CA,AWP,WE,Federal Contract Tower,0,0,9,0,9,0,0,162,0,162,0,0,171,0,171,405,0,405,576
06/29/2021,RNM,CA,AWP,WE,Federal Contract Tower,0,0,20,2,22,0,0,108,1,109,0,0,128,3,131,266,0,266,397
06/30/2021,RNM,CA,AWP,WE,Federal Contract Tower,0,0,13,1,14,0,0,143,4,147,0,0,156,5,161,306,0,306,467
07/01/2021,RNM,CA,AWP,WE,Federal Contract Tower,0,2,5,0,7,0,0,135,2,137,0,2,140,2,144,272,0,272,416
07/02/2021,RNM,CA,AWP,WE,Federal Contract Tower,0,0,13,0,13,0,0,182,2,184,0,0,195,2,197,314,0,314,511
07/03/2021,RNM,CA,AWP,WE,Federal Contract Tower,0,0,5,0,5,0,0,146,0,146,0,0,151,0,151,191,0,191,342
07/04/2021,RNM,CA,AWP,WE,Federal Contract Tower,0,0,5,0,5,0,0,62,0,62,0,0,67,0,67,58,0,58,125
07/05/2021,RNM,CA,AWP,WE,Federal Contract Tower,0,0,9,0,9,0,0,111,0,111,0,0,120,0,120,206,0,206,326
07/06/2021,RNM,CA,AWP,WE,Federal Contract Tower,0,2,11,0,13,0,0,148,2,150,0,2,159,2,163,262,0,262,425
07/07/2021,RNM,CA,AWP,WE,Federal Contract Tower,0,0,6,1,7,0,0,153,0,153,0,0,159,1,160,331,0,331,491
07/08/2021,RNM,CA,AWP,WE,Federal Contract Tower,0,0,7,0,7,0,0,146,0,146,0,0,153,0,153,246,0,246,399
07/09/2021,RNM,CA,AWP,WE,Federal Contract Tower,0,0,8,0,8,0,0,144,0,144,0,0,152,0,152,294,0,294,446
07/10/2021,RNM,CA,AWP,WE,Federal Contract Tower,0,0,1,0,1,0,0,184,0,184,0,0,185,0,185,179,0,179,364
07/11/2021,RNM,CA,AWP,WE,Federal Contract Tower,0,0,3,0,3,0,0,99,0,99,0,0,102,0,102,222,0,222,324
07/12/2021,RNM,CA,AWP,WE,Federal Contract Tower,0,0,5,0,5,0,0,134,8,142,0,0,139,8,147,347,0,347,494
07/13/2021,RNM,CA,AWP,WE,Federal Contract Tower,0,2,5,0,7,0,0,136,4,140,0,2,141,4,147,520,12,532,679
07/14/2021,RNM,CA,AWP,WE,Federal Contract Tower,0,0,4,0,4,0,0,185,0,185,0,0,189,0,189,362,0,362,551
07/15/2021,RNM,CA,AWP,WE,Federal Contract Tower,0,2,5,0,7,0,0,194,0,194,0,2,199,0,201,248,0,248,449
07/16/2021,RNM,CA,AWP,WE,Federal Contract Tower,0,0,6,0,6,0,0,174,0,174,0,0,180,0,180,319,0,319,499
07/17/2021,RNM,CA,AWP,WE,Federal Contract Tower,0,0,3,0,3,0,0,117,0,117,0,0,120,0,120,181,0,181,301
07/18/2021,RNM,CA,AWP,WE,Federal Contract Tower,0,0,3,0,3,0,0,91,0,91,0,0,94,0,94,148,0,148,242
07/19/2021,RNM,CA,AWP,WE,Federal Contract Tower,0,0,2,0,2,0,0,116,2,118,0,0,118,2,120,266,0,266,386
07/20/2021,RNM,CA,AWP,WE,Federal Contract Tower,0,0,1,0,1,0,0,142,2,144,0,0,143,2,145,318,0,318,463
07/21/2021,RNM,CA,AWP,WE,Federal Contract Tower,0,0,5,0,5,0,0,117,0,117,0,0,122,0,122,276,0,276,398
07/22/2021,RNM,CA,AWP,WE,Federal Contract Tower,0,1,6,0,7,0,0,109,0,109,0,1,115,0,116,188,0,188,304
07/23/2021,RNM,CA,AWP,WE,Federal Contract Tower,0,0,9,0,9,0,0,152,0,152,0,0,161,0,161,301,0,301,462
07/24/2021,RNM,CA,AWP,WE,Federal Contract Tower,0,0,6,0,6,0,0,119,0,119,0,0,125,0,125,210,0,210,335
07/25/2021,RNM,CA,AWP,WE,Federal Contract Tower,0,0,6,0,6,0,0,51,0,51,0,0,57,0,57,73,0,73,130
07/26/2021,RNM,CA,AWP,WE,Federal Contract Tower,0,0,12,0,12,0,0,7,2,9,0,0,19,2,21,0,0,0,21
07/27/2021,RNM,CA,AWP,WE,Federal Contract Tower,0,0,13,0,13,0,0,123,2,125,0,0,136,2,138,182,0,182,320
07/28/2021,RNM,CA,AWP,WE,Federal Contract Tower,0,2,1,0,3,0,0,164,4,168,0,2,165,4,171,326,0,326,497
07/29/2021,RNM,CA,AWP,WE,Federal Contract Tower,0,0,0,0,0,0,0,130,0,130,0,0,130,0,130,220,0,220,350
07/30/2021,RNM,CA,AWP,WE,Federal Contract Tower,0,0,5,0,5,0,0,121,0,121,0,0,126,0,126,214,0,214,340
07/31/2021,RNM,CA,AWP,WE,Federal Contract Tower,0,0,2,0,2,0,0,144,0,144,0,0,146,0,146,288,0,288,434
08/01/2021,RNM,CA,AWP,WE,Federal Contract Tower,0,0,2,0,2,0,0,134,0,134,0,0,136,0,136,143,0,143,279
08/02/2021,RNM,CA,AWP,WE,Federal Contract Tower,0,0,1,0,1,0,0,114,0,114,0,0,115,0,115,244,0,244,359
08/03/2021,RNM,CA,AWP,WE,Federal Contract Tower,0,0,5,0,5,0,0,153,0,153,0,0,158,0,158,410,0,410,568
08/04/2021,RNM,CA,AWP,WE,Federal Contract Tower,0,0,8,0,8,0,0,143,2,145,0,0,151,2,153,342,0,342,495
08/05/2021,RNM,CA,AWP,WE,Federal Contract Tower,0,0,7,0,7,0,0,153,0,153,0,0,160,0,160,298,0,298,458
08/06/2021,RNM,CA,AWP,WE,Federal Contract Tower,0,2,12,0,14,0,0,106,0,106,0,2,118,0,120,237,0,237,357
08/07/2021,RNM,CA,AWP,WE,Federal Contract Tower,0,0,5,0,5,0,0,132,0,132,0,0,137,0,137,166,0,166,303
08/08/2021,RNM,CA,AWP,WE,Federal Contract Tower,0,0,14,0,14,0,0,116,0,116,0,0,130,0,130,168,0,168,298
08/09/2021,RNM,CA,AWP,WE,Federal Contract Tower,0,1,2,0,3,0,0,129,0,129,0,1,131,0,132,272,0,272,404
08/10/2021,RNM,CA,AWP,WE,Federal Contract Tower,0,2,5,0,7,0,0,132,2,134,0,2,137,2,141,307,0,307,448
08/11/2021,RNM,CA,AWP,WE,Federal Contract Tower,0,1,2,0,3,0,0,140,0,140,0,1,142,0,143,124,0,124,267
08/12/2021,RNM,CA,AWP,WE,Federal Contract Tower,0,0,5,0,5,0,0,98,2,100,0,0,103,2,105,148,0,148,253
08/13/2021,RNM,CA,AWP,WE,Federal Contract Tower,0,0,2,0,2,0,0,113,0,113,0,0,115,0,115,172,0,172,287
08/14/2021,RNM,CA,AWP,WE,Federal Contract Tower,0,0,1,0,1,0,0,122,0,122,0,0,123,0,123,206,0,206,329
08/15/2021,RNM,CA,AWP,WE,Federal Contract Tower,0,0,3,0,3,0,0,142,0,142,0,0,145,0,145,195,0,195,340
08/16/2021,RNM,CA,AWP,WE,Federal Contract Tower,0,1,4,0,5,0,0,146,0,146,0,1,150,0,151,322,0,322,473
08/17/2021,RNM,CA,AWP,WE,Federal Contract Tower,0,1,12,0,13,0,0,118,0,118,0,1,130,0,131,316,0,316,447
08/18/2021,RNM,CA,AWP,WE,Federal Contract Tower,0,0,22,0,22,0,0,22,0,22,0,0,44,0,44,56,0,56,100
08/19/2021,RNM,CA,AWP,WE,Federal Contract Tower,0,0,22,0,22,0,0,75,0,75,0,0,97,0,97,146,0,146,243
08/20/2021,RNM,CA,AWP,WE,Federal Contract Tower,0,0,18,0,18,0,0,90,8,98,0,0,108,8,116,113,0,113,229
08/21/2021,RNM,CA,AWP,WE,Federal Contract Tower,0,0,7,0,7,0,0,8,0,8,0,0,15,0,15,6,0,6,21
08/22/2021,RNM,CA,AWP,WE,Federal Contract Tower,0,0,20,0,20,0,0,69,0,69,0,0,89,0,89,66,0,66,155
08/23/2021,RNM,CA,AWP,WE,Federal Contract Tower,0,0,11,0,11,0,0,103,2,105,0,0,114,2,116,156,0,156,272
08/24/2021,RNM,CA,AWP,WE,Federal Contract Tower,0,0,5,0,5,0,0,150,2,152,0,0,155,2,157,236,0,236,393
08/25/2021,RNM,CA,AWP,WE,Federal Contract Tower,0,2,5,0,7,0,0,148,2,150,0,2,153,2,157,218,1,219,376
08/26/2021,RNM,CA,AWP,WE,Federal Contract Tower,0,2,8,0,10,0,0,136,2,138,0,2,144,2,148,220,0,220,368
08/27/2021,RNM,CA,AWP,WE,Federal Contract Tower,0,0,8,0,8,0,0,130,4,134,0,0,138,4,142,221,0,221,363
08/28/2021,RNM,CA,AWP,WE,Federal Contract Tower,0,0,5,0,5,0,0,139,0,139,0,0,144,0,144,205,0,205,349
08/29/2021,RNM,CA,AWP,WE,Federal Contract Tower,0,0,3,0,3,0,0,104,0,104,0,0,107,0,107,158,0,158,265
08/30/2021,RNM,CA,AWP,WE,Federal Contract Tower,0,0,5,0,5,0,0,84,2,86,0,0,89,2,91,138,0,138,229
08/31/2021,RNM,CA,AWP,WE,Federal Contract Tower,0,0,9,0,9,0,0,8,6,14,0,0,17,6,23,8,12,20,43
09/01/2021,RNM,CA,AWP,WE,Federal Contract Tower,0,2,22,0,24,0,0,56,4,60,0,2,78,4,84,66,0,66,150
09/02/2021,RNM,CA,AWP,WE,Federal Contract Tower,0,0,10,0,10,0,0,104,2,106,0,0,114,2,116,190,0,190,306
09/03/2021,RNM,CA,AWP,WE,Federal Contract Tower,0,0,7,0,7,0,0,139,0,139,0,0,146,0,146,230,0,230,376
09/04/2021,RNM,CA,AWP,WE,Federal Contract Tower,0,0,6,0,6,0,0,128,0,128,0,0,134,0,134,134,0,134,268
09/05/2021,RNM,CA,AWP,WE,Federal Contract Tower,0,0,4,0,4,0,0,124,0,124,0,0,128,0,128,181,0,181,309
09/06/2021,RNM,CA,AWP,WE,Federal Contract Tower,0,0,115,0,115,0,0,135,0,135,0,0,250,0,250,188,0,188,438
09/07/2021,RNM,CA,AWP,WE,Federal Contract Tower,0,0,6,0,6,0,0,134,0,134,0,0,140,0,140,252,0,252,392
09/08/2021,RNM,CA,AWP,WE,Federal Contract Tower,0,1,7,0,8,0,0,212,0,212,0,1,219,0,220,278,0,278,498
09/09/2021,RNM,CA,AWP,WE,Federal Contract Tower,0,2,3,0,5,0,0,126,0,126,0,2,129,0,131,208,0,208,339
09/10/2021,RNM,CA,AWP,WE,Federal Contract Tower,0,0,3,0,3,0,0,100,0,100,0,0,103,0,103,146,0,146,249
09/11/2021,RNM,CA,AWP,WE,Federal Contract Tower,0,0,5,0,5,0,0,129,0,129,0,0,134,0,134,201,0,201,335
09/12/2021,RNM,CA,AWP,WE,Federal Contract Tower,0,0,4,0,4,0,0,163,0,163,0,0,167,0,167,207,0,207,374
09/13/2021,RNM,CA,AWP,WE,Federal Contract Tower,0,2,2,0,4,0,0,163,0,163,0,2,165,0,167,260,0,260,427
09/14/2021,RNM,CA,AWP,WE,Federal Contract Tower,0,1,10,0,11,0,0,128,0,128,0,1,138,0,139,283,0,283,422
09/15/2021,RNM,CA,AWP,WE,Federal Contract Tower,0,1,6,0,7,0,0,154,2,156,0,1,160,2,163,308,0,308,471
09/16/2021,RNM,CA,AWP,WE,Federal Contract Tower,0,0,9,0,9,0,0,146,6,152,0,0,155,6,161,242,0,242,403
09/17/2021,RNM,CA,AWP,WE,Federal Contract Tower,0,2,8,0,10,0,0,117,0,117,0,2,125,0,127,226,0,226,353
09/18/2021,RNM,CA,AWP,WE,Federal Contract Tower,0,0,2,0,2,0,0,132,0,132,0,0,134,0,134,145,0,145,279
09/19/2021,RNM,CA,AWP,WE,Federal Contract Tower,0,2,4,0,6,0,0,99,0,99,0,2,103,0,105,147,0,147,252
09/20/2021,RNM,CA,AWP,WE,Federal Contract Tower,0,2,2,0,4,0,0,129,2,131,0,2,131,2,135,224,0,224,359
09/21/2021,RNM,CA,AWP,WE,Federal Contract Tower,0,2,2,0,4,0,0,156,2,158,0,2,158,2,162,182,0,182,344
09/22/2021,RNM,CA,AWP,WE,Federal Contract Tower,0,0,1,0,1,0,0,133,4,137,0,0,134,4,138,206,0,206,344
09/23/2021,RNM,CA,AWP,WE,Federal Contract Tower,0,0,3,0,3,0,0,134,0,134,0,0,137,0,137,284,0,284,421
09/24/2021,RNM,CA,AWP,WE,Federal Contract Tower,0,0,3,0,3,0,0,76,8,84,0,0,79,8,87,44,0,44,131
09/25/2021,RNM,CA,AWP,WE,Federal Contract Tower,0,0,9,0,9,0,0,142,0,142,0,0,151,0,151,281,0,281,432
09/26/2021,RNM,CA,AWP,WE,Federal Contract Tower,0,2,11,0,13,0,0,12,0,12,0,2,23,0,25,32,0,32,57
09/27/2021,RNM,CA,AWP,WE,Federal Contract Tower,0,0,13,0,13,0,0,6,0,6,0,0,19,0,19,4,0,4,23
09/28/2021,RNM,CA,AWP,WE,Federal Contract Tower,0,0,25,0,25,0,0,57,0,57,0,0,82,0,82,110,0,110,192
09/29/2021,RNM,CA,AWP,WE,Federal Contract Tower,0,0,11,0,11,0,0,176,2,178,0,0,187,2,189,278,0,278,467
09/30/2021,RNM,CA,AWP,WE,Federal Contract Tower,0,0,0,0,0,0,0,131,0,131,0,0,131,0,131,245,0,245,376
10/01/2021,RNM,CA,AWP,WE,Federal Contract Tower,0,0,3,0,3,0,0,184,0,184,0,0,187,0,187,221,0,221,408
10/02/2021,RNM,CA,AWP,WE,Federal Contract Tower,0,0,1,0,1,0,0,120,0,120,0,0,121,0,121,18,0,18,139
10/03/2021,RNM,CA,AWP,WE,Federal Contract Tower,0,0,2,0,2,0,0,87,0,87,0,0,89,0,89,109,0,109,198
10/04/2021,RNM,CA,AWP,WE,Federal Contract Tower,0,0,3,0,3,0,0,113,0,113,0,0,116,0,116,178,0,178,294
10/05/2021,RNM,CA,AWP,WE,Federal Contract Tower,0,0,12,0,12,0,0,76,4,80,0,0,88,4,92,133,0,133,225
10/06/2021,RNM,CA,AWP,WE,Federal Contract Tower,0,0,33,0,33,0,0,19,0,19,0,0,52,0,52,23,0,23,75
10/07/2021,RNM,CA,AWP,WE,Federal Contract Tower,0,0,25,0,25,0,0,20,2,22,0,0,45,2,47,49,0,49,96
10/08/2021,RNM,CA,AWP,WE,Federal Contract Tower,0,0,14,0,14,0,0,10,0,10,0,0,24,0,24,6,0,6,30
10/09/2021,RNM,CA,AWP,WE,Federal Contract Tower,0,0,1,0,1,0,0,181,0,181,0,0,182,0,182,234,0,234,416
10/10/2021,RNM,CA,AWP,WE,Federal Contract Tower,0,0,2,0,2,0,0,176,0,176,0,0,178,0,178,306,0,306,484
10/11/2021,RNM,CA,AWP,WE,Federal Contract Tower,0,2,9,0,11,0,0,37,0,37,0,2,46,0,48,86,0,86,134
10/12/2021,RNM,CA,AWP,WE,Federal Contract Tower,0,0,6,0,6,0,0,121,2,123,0,0,127,2,129,302,0,302,431
10/13/2021,RNM,CA,AWP,WE,Federal Contract Tower,0,2,6,0,8,0,0,196,0,196,0,2,202,0,204,319,0,319,523
10/14/2021,RNM,CA,AWP,WE,Federal Contract Tower,0,0,1,0,1,0,0,179,2,181,0,0,180,2,182,270,0,270,452
10/15/2021,RNM,CA,AWP,WE,Federal Contract Tower,0,0,0,0,0,0,0,66,2,68,0,0,66,2,68,64,0,64,132
10/16/2021,RNM,CA,AWP,WE,Federal Contract Tower,0,0,2,0,2,0,0,145,0,145,0,0,147,0,147,316,0,316,463
10/17/2021,RNM,CA,AWP,WE,Federal Contract Tower,0,0,11,0,11,0,0,126,0,126,0,0,137,0,137,162,0,162,299
10/18/2021,RNM,CA,AWP,WE,Federal Contract Tower,0,0,7,0,7,0,0,8,0,8,0,0,15,0,15,20,0,20,35
10/19/2021,RNM,CA,AWP,WE,Federal Contract Tower,0,0,0,0,0,0,0,169,2,171,0,0,169,2,171,222,0,222,393
10/20/2021,RNM,CA,AWP,WE,Federal Contract Tower,0,0,1,0,1,0,0,146,0,146,0,0,147,0,147,365,0,365,512
10/21/2021,RNM,CA,AWP,WE,Federal Contract Tower,0,0,3,0,3,0,0,184,0,184,0,0,187,0,187,203,0,203,390
10/22/2021,RNM,CA,AWP,WE,Federal Contract Tower,0,0,10,0,10,0,0,154,6,160,0,0,164,6,170,293,4,297,467
10/24/2021,RNM,CA,AWP,WE,Federal Contract Tower,0,0,5,0,5,0,0,138,0,138,0,0,143,0,143,343,0,343,486
10/25/2021,RNM,CA,AWP,WE,Federal Contract Tower,0,2,8,0,10,0,0,2,0,2,0,2,10,0,12,0,0,0,12
10/26/2021,RNM,CA,AWP,WE,Federal Contract Tower,0,2,10,0,12,0,0,121,2,123,0,2,131,2,135,339,0,339,474
10/27/2021,RNM,CA,AWP,WE,Federal Contract Tower,0,0,2,0,2,0,0,167,0,167,0,0,169,0,169,278,0,278,447
10/28/2021,RNM,CA,AWP,WE,Federal Contract Tower,0,0,5,0,5,0,0,144,2,146,0,0,149,2,151,182,0,182,333
10/29/2021,RNM,CA,AWP,WE,Federal Contract Tower,0,0,3,0,3,0,0,169,0,169,0,0,172,0,172,198,0,198,370
10/30/2021,RNM,CA,AWP,WE,Federal Contract Tower,0,0,5,0,5,0,0,171,0,171,0,0,176,0,176,171,0,171,347
10/31/2021,RNM,CA,AWP,WE,Federal Contract Tower,0,0,4,0,4,0,0,77,0,77,0,0,81,0,81,136,0,136,217
11/01/2021,RNM,CA,AWP,WE,Federal Contract Tower,0,0,14,0,14,0,0,117,0,117,0,0,131,0,131,240,0,240,371
11/02/2021,RNM,CA,AWP,WE,Federal Contract Tower,0,0,17,0,17,0,0,129,6,135,0,0,146,6,152,250,0,250,402
11/03/2021,RNM,CA,AWP,WE,Federal Contract Tower,0,0,9,0,9,0,0,197,4,201,0,0,206,4,210,330,0,330,540
11/04/2021,RNM,CA,AWP,WE,Federal Contract Tower,0,0,10,0,10,0,0,161,0,161,0,0,171,0,171,252,0,252,423
11/05/2021,RNM,CA,AWP,WE,Federal Contract Tower,0,0,9,0,9,0,0,157,0,157,0,0,166,0,166,180,2,182,348
11/06/2021,RNM,CA,AWP,WE,Federal Contract Tower,0,0,6,0,6,0,0,138,0,138,0,0,144,0,144,282,0,282,426
11/07/2021,RNM,CA,AWP,WE,Federal Contract Tower,0,0,8,0,8,0,0,122,0,122,0,0,130,0,130,234,0,234,364
11/08/2021,RNM,CA,AWP,WE,Federal Contract Tower,0,0,4,0,4,0,0,151,0,151,0,0,155,0,155,290,0,290,445
11/09/2021,RNM,CA,AWP,WE,Federal Contract Tower,0,2,11,0,13,0,0,107,0,107,0,2,118,0,120,218,0,218,338
11/10/2021,RNM,CA,AWP,WE,Federal Contract Tower,0,0,2,0,2,0,0,154,0,154,0,0,156,0,156,220,0,220,376
11/11/2021,RNM,CA,AWP,WE,Federal Contract Tower,0,2,3,0,5,0,0,113,0,113,0,2,116,0,118,214,0,214,332
11/12/2021,RNM,CA,AWP,WE,Federal Contract Tower,0,0,1,0,1,0,0,69,0,69,0,0,70,0,70,178,0,178,248
11/13/2021,RNM,CA,AWP,WE,Federal Contract Tower,0,0,2,0,2,0,0,130,0,130,0,0,132,0,132,268,0,268,400
11/14/2021,RNM,CA,AWP,WE,Federal Contract Tower,0,0,5,0,5,0,0,111,0,111,0,0,116,0,116,148,0,148,264
11/15/2021,RNM,CA,AWP,WE,Federal Contract Tower,0,0,3,0,3,0,0,163,0,163,0,0,166,0,166,300,0,300,466
11/16/2021,RNM,CA,AWP,WE,Federal Contract Tower,0,0,16,0,16,0,0,136,0,136,0,0,152,0,152,231,0,231,383
11/17/2021,RNM,CA,AWP,WE,Federal Contract Tower,0,0,2,0,2,0,0,175,2,177,0,0,177,2,179,210,4,214,393
11/18/2021,RNM,CA,AWP,WE,Federal Contract Tower,0,0,13,0,13,0,0,98,0,98,0,0,111,0,111,194,0,194,305
11/19/2021,RNM,CA,AWP,WE,Federal Contract Tower,0,2,9,0,11,0,0,108,2,110,0,2,117,2,121,356,2,358,479
11/20/2021,RNM,CA,AWP,WE,Federal Contract Tower,0,0,9,0,9,0,0,124,0,124,0,0,133,0,133,249,0,249,382
11/21/2021,RNM,CA,AWP,WE,Federal Contract Tower,0,0,1,0,1,0,0,72,0,72,0,0,73,0,73,64,0,64,137
11/22/2021,RNM,CA,AWP,WE,Federal Contract Tower,0,0,1,0,1,0,0,121,0,121,0,0,122,0,122,200,0,200,322
11/23/2021,RNM,CA,AWP,WE,Federal Contract Tower,0,0,4,0,4,0,0,135,2,137,0,0,139,2,141,234,0,234,375
11/24/2021,RNM,CA,AWP,WE,Federal Contract Tower,0,0,7,0,7,0,0,188,0,188,0,0,195,0,195,296,0,296,491
11/25/2021,RNM,CA,AWP,WE,Federal Contract Tower,0,0,0,0,0,0,0,20,0,20,0,0,20,0,20,12,0,12,32
11/26/2021,RNM,CA,AWP,WE,Federal Contract Tower,0,0,1,0,1,0,0,60,0,60,0,0,61,0,61,160,0,160,221
11/27/2021,RNM,CA,AWP,WE,Federal Contract Tower,0,0,1,0,1,0,0,142,0,142,0,0,143,0,143,204,0,204,347
11/28/2021,RNM,CA,AWP,WE,Federal Contract Tower,0,1,3,0,4,0,0,128,0,128,0,1,131,0,132,203,0,203,335
11/29/2021,RNM,CA,AWP,WE,Federal Contract Tower,0,0,3,0,3,0,0,155,0,155,0,0,158,0,158,341,0,341,499
11/30/2021,RNM,CA,AWP,WE,Federal Contract Tower,0,0,2,0,2,0,0,110,0,110,0,0,112,0,112,200,0,200,312
12/01/2021,RNM,CA,AWP,WE,Federal Contract Tower,0,2,4,0,6,0,0,142,2,144,0,2,146,2,150,174,0,174,324
12/02/2021,RNM,CA,AWP,WE,Federal Contract Tower,0,0,8,0,8,0,0,119,0,119,0,0,127,0,127,176,0,176,303
12/03/2021,RNM,CA,AWP,WE,Federal Contract Tower,0,0,11,0,11,0,0,105,0,105,0,0,116,0,116,185,0,185,301
12/04/2021,RNM,CA,AWP,WE,Federal Contract Tower,0,0,10,0,10,0,0,120,0,120,0,0,130,0,130,206,0,206,336
12/05/2021,RNM,CA,AWP,WE,Federal Contract Tower,0,2,4,0,6,0,0,111,0,111,0,2,115,0,117,217,0,217,334
12/06/2021,RNM,CA,AWP,WE,Federal Contract Tower,0,0,9,0,9,0,0,132,2,134,0,0,141,2,143,260,0,260,403
12/07/2021,RNM,CA,AWP,WE,Federal Contract Tower,0,0,28,0,28,0,0,30,2,32,0,0,58,2,60,96,10,106,166
12/08/2021,RNM,CA,AWP,WE,Federal Contract Tower,0,0,9,0,9,0,0,138,2,140,0,0,147,2,149,372,0,372,521
12/09/2021,RNM,CA,AWP,WE,Federal Contract Tower,0,0,1,0,1,0,0,0,0,0,0,0,1,0,1,0,0,0,1
12/10/2021,RNM,CA,AWP,WE,Federal Contract Tower,0,0,15,0,15,0,1,94,0,95,0,1,109,0,110,170,0,170,280
12/11/2021,RNM,CA,AWP,WE,Federal Contract Tower,0,0,1,0,1,0,0,179,0,179,0,0,180,0,180,250,0,250,430
12/12/2021,RNM,CA,AWP,WE,Federal Contract Tower,0,0,2,0,2,0,0,142,0,142,0,0,144,0,144,187,0,187,331
12/13/2021,RNM,CA,AWP,WE,Federal Contract Tower,0,0,23,0,23,0,0,37,2,39,0,0,60,2,62,108,0,108,170
12/14/2021,RNM,CA,AWP,WE,Federal Contract Tower,0,0,0,0,0,0,0,0,0,0,0,0,0,0,0,0,0,0,0
12/15/2021,RNM,CA,AWP,WE,Federal Contract Tower,0,0,10,0,10,0,0,197,6,203,0,0,207,6,213,296,0,296,509
12/16/2021,RNM,CA,AWP,WE,Federal Contract Tower,0,0,18,0,18,0,0,147,0,147,0,0,165,0,165,204,4,208,373
12/17/2021,RNM,CA,AWP,WE,Federal Contract Tower,0,1,8,0,9,0,0,176,8,184,0,1,184,8,193,331,0,331,524
12/18/2021,RNM,CA,AWP,WE,Federal Contract Tower,0,0,3,0,3,0,0,131,0,131,0,0,134,0,134,246,0,246,380
12/19/2021,RNM,CA,AWP,WE,Federal Contract Tower,0,0,8,0,8,0,0,139,0,139,0,0,147,0,147,218,0,218,365
12/20/2021,RNM,CA,AWP,WE,Federal Contract Tower,0,2,3,0,5,0,0,122,0,122,0,2,125,0,127,224,0,224,351
12/21/2021,RNM,CA,AWP,WE,Federal Contract Tower,0,0,4,0,4,0,0,139,0,139,0,0,143,0,143,214,0,214,357
12/22/2021,RNM,CA,AWP,WE,Federal Contract Tower,0,2,4,0,6,0,0,154,4,158,0,2,158,4,164,242,0,242,406
12/23/2021,RNM,CA,AWP,WE,Federal Contract Tower,0,0,7,0,7,0,0,25,0,25,0,0,32,0,32,80,0,80,112
12/24/2021,RNM,CA,AWP,WE,Federal Contract Tower,0,0,1,0,1,0,0,2,0,2,0,0,3,0,3,18,0,18,21
12/25/2021,RNM,CA,AWP,WE,Federal Contract Tower,0,0,0,0,0,0,0,0,0,0,0,0,0,0,0,0,0,0,0
12/26/2021,RNM,CA,AWP,WE,Federal Contract Tower,0,0,0,0,0,0,0,57,0,57,0,0,57,0,57,160,0,160,217
12/27/2021,RNM,CA,AWP,WE,Federal Contract Tower,0,0,5,0,5,0,0,29,2,31,0,0,34,2,36,52,6,58,94
12/28/2021,RNM,CA,AWP,WE,Federal Contract Tower,0,0,3,0,3,0,0,8,0,8,0,0,11,0,11,38,0,38,49
12/29/2021,RNM,CA,AWP,WE,Federal Contract Tower,0,0,1,0,1,0,0,8,2,10,0,0,9,2,11,68,0,68,79
12/30/2021,RNM,CA,AWP,WE,Federal Contract Tower,0,0,6,0,6,0,0,21,0,21,0,0,27,0,27,46,0,46,73
12/31/2021,RNM,CA,AWP,WE,Federal Contract Tower,0,0,9,0,9,0,0,31,0,31,0,0,40,0,40,86,0,86,126
01/01/2022,RNM,CA,AWP,WE,Federal Contract Tower,0,0,0,0,0,0,0,76,0,76,0,0,76,0,76,132,0,132,208
01/02/2022,RNM,CA,AWP,WE,Federal Contract Tower,0,0,5,0,5,0,0,123,0,123,0,0,128,0,128,212,0,212,340
01/03/2022,RNM,CA,AWP,WE,Federal Contract Tower,0,0,0,0,0,0,0,136,0,136,0,0,136,0,136,180,0,180,316
01/04/2022,RNM,CA,AWP,WE,Federal Contract Tower,0,0,3,0,3,0,0,148,2,150,0,0,151,2,153,252,2,254,407
01/05/2022,RNM,CA,AWP,WE,Federal Contract Tower,0,0,1,0,1,0,0,156,2,158,0,0,157,2,159,176,0,176,335
01/06/2022,RNM,CA,AWP,WE,Federal Contract Tower,0,0,2,0,2,0,0,175,0,175,0,0,177,0,177,280,0,280,457
01/07/2022,RNM,CA,AWP,WE,Federal Contract Tower,0,0,22,0,22,0,0,111,0,111,0,0,133,0,133,174,0,174,307
01/08/2022,RNM,CA,AWP,WE,Federal Contract Tower,0,0,10,0,10,0,0,93,0,93,0,0,103,0,103,328,0,328,431
01/09/2022,RNM,CA,AWP,WE,Federal Contract Tower,0,0,1,0,1,0,0,131,0,131,0,0,132,0,132,304,0,304,436
01/10/2022,RNM,CA,AWP,WE,Federal Contract Tower,0,0,3,0,3,0,0,76,0,76,0,0,79,0,79,138,2,140,219
01/11/2022,RNM,CA,AWP,WE,Federal Contract Tower,0,2,0,0,2,0,0,102,2,104,0,2,102,2,106,196,0,196,302
01/12/2022,RNM,CA,AWP,WE,Federal Contract Tower,0,0,10,0,10,0,0,174,0,174,0,0,184,0,184,180,0,180,364
01/13/2022,RNM,CA,AWP,WE,Federal Contract Tower,0,1,11,0,12,0,0,140,4,144,0,1,151,4,156,266,2,268,424
01/14/2022,RNM,CA,AWP,WE,Federal Contract Tower,0,1,5,0,6,0,0,149,0,149,0,1,154,0,155,256,0,256,411
01/15/2022,RNM,CA,AWP,WE,Federal Contract Tower,0,0,3,0,3,0,0,73,0,73,0,0,76,0,76,106,0,106,182
01/16/2022,RNM,CA,AWP,WE,Federal Contract Tower,0,0,5,0,5,0,0,164,0,164,0,0,169,0,169,250,0,250,419
01/17/2022,RNM,CA,AWP,WE,Federal Contract Tower,0,0,9,0,9,0,0,37,0,37,0,0,46,0,46,104,0,104,150
01/18/2022,RNM,CA,AWP,WE,Federal Contract Tower,0,0,20,0,20,0,0,33,0,33,0,0,53,0,53,112,0,112,165
01/19/2022,RNM,CA,AWP,WE,Federal Contract Tower,0,0,15,0,15,0,0,116,0,116,0,0,131,0,131,210,0,210,341
01/20/2022,RNM,CA,AWP,WE,Federal Contract Tower,0,0,6,0,6,0,0,164,4,168,0,0,170,4,174,274,0,274,448
01/21/2022,RNM,CA,AWP,WE,Federal Contract Tower,0,0,4,0,4,0,0,158,0,158,0,0,162,0,162,306,0,306,468
01/22/2022,RNM,CA,AWP,WE,Federal Contract Tower,0,0,1,0,1,0,0,80,0,80,0,0,81,0,81,160,0,160,241
01/23/2022,RNM,CA,AWP,WE,Federal Contract Tower,0,0,0,0,0,0,0,126,0,126,0,0,126,0,126,174,0,174,300
01/24/2022,RNM,CA,AWP,WE,Federal Contract Tower,0,0,8,0,8,0,0,179,2,181,0,0,187,2,189,339,2,341,530
01/25/2022,RNM,CA,AWP,WE,Federal Contract Tower,0,0,4,0,4,0,0,147,2,149,0,0,151,2,153,327,0,327,480
01/26/2022,RNM,CA,AWP,WE,Federal Contract Tower,0,0,3,0,3,0,0,165,0,165,0,0,168,0,168,228,0,228,396
01/27/2022,RNM,CA,AWP,WE,Federal Contract Tower,0,0,6,0,6,0,0,144,0,144,0,0,150,0,150,156,0,156,306
01/28/2022,RNM,CA,AWP,WE,Federal Contract Tower,0,0,3,0,3,0,0,64,0,64,0,0,67,0,67,114,0,114,181
01/29/2022,RNM,CA,AWP,WE,Federal Contract Tower,0,0,3,0,3,0,0,163,0,163,0,0,166,0,166,343,0,343,509
01/30/2022,RNM,CA,AWP,WE,Federal Contract Tower,0,0,6,0,6,0,0,189,0,189,0,0,195,0,195,277,0,277,472
01/31/2022,RNM,CA,AWP,WE,Federal Contract Tower,0,0,6,0,6,0,0,188,0,188,0,0,194,0,194,330,0,330,524
02/01/2022,RNM,CA,AWP,WE,Federal Contract Tower,0,0,18,1,19,0,0,111,4,115,0,0,129,5,134,172,0,172,306
02/02/2022,RNM,CA,AWP,WE,Federal Contract Tower,0,0,0,0,0,0,0,126,4,130,0,0,126,4,130,226,24,250,380
02/03/2022,RNM,CA,AWP,WE,Federal Contract Tower,0,0,1,0,1,0,0,170,4,174,0,0,171,4,175,202,0,202,377
02/04/2022,RNM,CA,AWP,WE,Federal Contract Tower,0,0,0,0,0,0,0,70,0,70,0,0,70,0,70,92,0,92,162
02/05/2022,RNM,CA,AWP,WE,Federal Contract Tower,0,0,7,0,7,0,0,179,0,179,0,0,186,0,186,262,0,262,448
02/06/2022,RNM,CA,AWP,WE,Federal Contract Tower,0,0,1,0,1,0,0,136,0,136,0,0,137,0,137,277,0,277,414
02/07/2022,RNM,CA,AWP,WE,Federal Contract Tower,0,0,3,0,3,0,0,47,0,47,0,0,50,0,50,141,0,141,191
02/08/2022,RNM,CA,AWP,WE,Federal Contract Tower,0,0,7,0,7,0,0,161,5,166,0,0,168,5,173,302,0,302,475
02/09/2022,RNM,CA,AWP,WE,Federal Contract Tower,0,0,1,0,1,0,0,120,0,120,0,0,121,0,121,172,0,172,293
02/10/2022,RNM,CA,AWP,WE,Federal Contract Tower,0,0,1,0,1,0,0,51,0,51,0,0,52,0,52,32,0,32,84
02/11/2022,RNM,CA,AWP,WE,Federal Contract Tower,0,0,5,0,5,0,0,211,0,211,0,0,216,0,216,270,0,270,486
02/12/2022,RNM,CA,AWP,WE,Federal Contract Tower,0,0,3,0,3,0,0,117,0,117,0,0,120,0,120,268,0,268,388
02/13/2022,RNM,CA,AWP,WE,Federal Contract Tower,0,0,5,0,5,0,0,132,0,132,0,0,137,0,137,202,0,202,339
02/14/2022,RNM,CA,AWP,WE,Federal Contract Tower,0,0,4,0,4,0,0,127,0,127,0,0,131,0,131,259,0,259,390
02/15/2022,RNM,CA,AWP,WE,Federal Contract Tower,0,0,11,0,11,0,0,2,0,2,0,0,13,0,13,4,0,4,17
02/16/2022,RNM,CA,AWP,WE,Federal Contract Tower,0,1,4,0,5,0,0,165,0,165,0,1,169,0,170,268,0,268,438
02/17/2022,RNM,CA,AWP,WE,Federal Contract Tower,0,2,4,0,6,0,0,111,0,111,0,2,115,0,117,184,0,184,301
02/18/2022,RNM,CA,AWP,WE,Federal Contract Tower,0,0,9,0,9,0,0,187,2,189,0,0,196,2,198,360,0,360,558
02/19/2022,RNM,CA,AWP,WE,Federal Contract Tower,0,0,5,0,5,0,0,176,0,176,0,0,181,0,181,324,0,324,505
02/20/2022,RNM,CA,AWP,WE,Federal Contract Tower,0,0,7,0,7,0,0,175,0,175,0,0,182,0,182,281,0,281,463
02/21/2022,RNM,CA,AWP,WE,Federal Contract Tower,0,0,16,0,16,0,0,20,0,20,0,0,36,0,36,26,0,26,62
02/22/2022,RNM,CA,AWP,WE,Federal Contract Tower,0,0,3,0,3,0,0,0,0,0,0,0,3,0,3,0,0,0,3
02/23/2022,RNM,CA,AWP,WE,Federal Contract Tower,0,0,0,0,0,0,0,14,0,14,0,0,14,0,14,22,0,22,36
02/24/2022,RNM,CA,AWP,WE,Federal Contract Tower,0,0,7,0,7,0,0,188,2,190,0,0,195,2,197,250,0,250,447
02/25/2022,RNM,CA,AWP,WE,Federal Contract Tower,0,0,3,0,3,0,0,206,2,208,0,0,209,2,211,366,0,366,577
02/26/2022,RNM,CA,AWP,WE,Federal Contract Tower,0,0,1,0,1,0,0,140,0,140,0,0,141,0,141,311,0,311,452
02/27/2022,RNM,CA,AWP,WE,Federal Contract Tower,0,0,2,0,2,0,0,166,0,166,0,0,168,0,168,220,0,220,388
02/28/2022,RNM,CA,AWP,WE,Federal Contract Tower,0,0,3,0,3,0,0,120,0,120,0,0,123,0,123,338,0,338,461
03/01/2022,RNM,CA,AWP,WE,Federal Contract Tower,0,0,5,0,5,0,0,207,0,207,0,0,212,0,212,310,0,310,522
03/02/2022,RNM,CA,AWP,WE,Federal Contract Tower,0,0,6,0,6,0,0,201,4,205,0,0,207,4,211,282,2,284,495
03/03/2022,RNM,CA,AWP,WE,Federal Contract Tower,0,0,9,0,9,0,0,119,0,119,0,0,128,0,128,244,0,244,372
03/04/2022,RNM,CA,AWP,WE,Federal Contract Tower,0,0,10,0,10,0,0,33,0,33,0,0,43,0,43,32,0,32,75
03/05/2022,RNM,CA,AWP,WE,Federal Contract Tower,0,0,6,0,6,0,0,25,0,25,0,0,31,0,31,34,0,34,65
03/06/2022,RNM,CA,AWP,WE,Federal Contract Tower,0,0,9,0,9,0,0,125,0,125,0,0,134,0,134,338,0,338,472
03/07/2022,RNM,CA,AWP,WE,Federal Contract Tower,0,0,10,0,10,0,0,103,2,105,0,0,113,2,115,321,4,325,440
03/08/2022,RNM,CA,AWP,WE,Federal Contract Tower,0,0,2,0,2,0,0,177,2,179,0,0,179,2,181,212,0,212,393
03/09/2022,RNM,CA,AWP,WE,Federal Contract Tower,0,2,7,0,9,0,0,177,0,177,0,2,184,0,186,258,0,258,444
03/10/2022,RNM,CA,AWP,WE,Federal Contract Tower,0,0,17,0,17,0,0,42,4,46,0,0,59,4,63,182,0,182,245
03/11/2022,RNM,CA,AWP,WE,Federal Contract Tower,0,0,4,0,4,0,0,87,0,87,0,0,91,0,91,220,0,220,311
03/12/2022,RNM,CA,AWP,WE,Federal Contract Tower,0,0,3,0,3,0,0,126,0,126,0,0,129,0,129,225,0,225,354
03/13/2022,RNM,CA,AWP,WE,Federal Contract Tower,0,0,3,0,3,0,0,137,0,137,0,0,140,0,140,226,0,226,366
03/14/2022,RNM,CA,AWP,WE,Federal Contract Tower,0,0,9,0,9,0,0,107,2,109,0,0,116,2,118,184,0,184,302
03/15/2022,RNM,CA,AWP,WE,Federal Contract Tower,0,2,3,0,5,0,0,140,4,144,0,2,143,4,149,304,0,304,453
03/16/2022,RNM,CA,AWP,WE,Federal Contract Tower,0,0,10,1,11,0,0,157,1,158,0,0,167,2,169,284,0,284,453
03/17/2022,RNM,CA,AWP,WE,Federal Contract Tower,0,0,1,0,1,0,0,195,4,199,0,0,196,4,200,176,0,176,376
03/18/2022,RNM,CA,AWP,WE,Federal Contract Tower,0,0,7,0,7,0,0,164,2,166,0,0,171,2,173,276,0,276,449
03/19/2022,RNM,CA,AWP,WE,Federal Contract Tower,0,0,7,0,7,0,0,107,0,107,0,0,114,0,114,320,0,320,434
03/20/2022,RNM,CA,AWP,WE,Federal Contract Tower,0,0,21,0,21,0,0,27,0,27,0,0,48,0,48,93,0,93,141
03/21/2022,RNM,CA,AWP,WE,Federal Contract Tower,0,0,4,0,4,0,0,110,0,110,0,0,114,0,114,198,0,198,312
03/22/2022,RNM,CA,AWP,WE,Federal Contract Tower,0,0,6,0,6,0,0,143,4,147,0,0,149,4,153,223,2,225,378
03/23/2022,RNM,CA,AWP,WE,Federal Contract Tower,0,0,6,0,6,0,0,87,2,89,0,0,93,2,95,110,8,118,213
03/24/2022,RNM,CA,AWP,WE,Federal Contract Tower,0,0,4,0,4,0,0,183,4,187,0,0,187,4,191,188,0,188,379
03/25/2022,RNM,CA,AWP,WE,Federal Contract Tower,0,0,5,0,5,0,0,159,0,159,0,0,164,0,164,236,0,236,400
03/26/2022,RNM,CA,AWP,WE,Federal Contract Tower,0,0,3,0,3,0,0,161,0,161,0,0,164,0,164,268,0,268,432
03/27/2022,RNM,CA,AWP,WE,Federal Contract Tower,0,0,9,0,9,0,0,108,0,108,0,0,117,0,117,220,0,220,337
03/28/2022,RNM,CA,AWP,WE,Federal Contract Tower,0,0,5,0,5,0,0,8,0,8,0,0,13,0,13,30,0,30,43
03/29/2022,RNM,CA,AWP,WE,Federal Contract Tower,0,0,23,0,23,0,0,76,0,76,0,0,99,0,99,102,0,102,201
03/30/2022,RNM,CA,AWP,WE,Federal Contract Tower,0,0,13,0,13,0,0,170,2,172,0,0,183,2,185,256,2,258,443
03/31/2022,RNM,CA,AWP,WE,Federal Contract Tower,0,0,27,0,27,0,0,20,0,20,0,0,47,0,47,12,0,12,59
04/01/2022,RNM,CA,AWP,WE,Federal Contract Tower,0,0,26,0,26,0,0,84,0,84,0,0,110,0,110,158,0,158,268
04/02/2022,RNM,CA,AWP,WE,Federal Contract Tower,0,0,20,0,20,0,0,0,0,0,0,0,20,0,20,0,0,0,20
04/03/2022,RNM,CA,AWP,WE,Federal Contract Tower,0,0,13,0,13,0,0,1,0,1,0,0,14,0,14,6,0,6,20
04/04/2022,RNM,CA,AWP,WE,Federal Contract Tower,0,0,3,0,3,0,0,123,0,123,0,0,126,0,126,346,0,346,472
04/05/2022,RNM,CA,AWP,WE,Federal Contract Tower,0,0,7,0,7,0,0,181,4,185,0,0,188,4,192,348,0,348,540
04/06/2022,RNM,CA,AWP,WE,Federal Contract Tower,0,0,1,0,1,0,0,188,2,190,0,0,189,2,191,270,0,270,461
04/07/2022,RNM,CA,AWP,WE,Federal Contract Tower,0,0,0,0,0,0,0,59,2,61,0,0,59,2,61,120,0,120,181
04/08/2022,RNM,CA,AWP,WE,Federal Contract Tower,0,0,2,0,2,0,0,114,0,114,0,0,116,0,116,142,0,142,258
04/09/2022,RNM,CA,AWP,WE,Federal Contract Tower,0,0,4,0,4,0,0,157,0,157,0,0,161,0,161,296,0,296,457
04/10/2022,RNM,CA,AWP,WE,Federal Contract Tower,0,0,23,0,23,0,0,61,0,61,0,0,84,0,84,228,0,228,312
04/11/2022,RNM,CA,AWP,WE,Federal Contract Tower,0,0,6,0,6,0,0,47,0,47,0,0,53,0,53,114,0,114,167
04/12/2022,RNM,CA,AWP,WE,Federal Contract Tower,0,0,9,0,9,0,0,119,4,123,0,0,128,4,132,230,0,230,362
04/13/2022,RNM,CA,AWP,WE,Federal Contract Tower,0,0,2,0,2,0,0,207,2,209,0,0,209,2,211,386,0,386,597
04/14/2022,RNM,CA,AWP,WE,Federal Contract Tower,0,0,5,0,5,0,0,192,2,194,0,0,197,2,199,388,0,388,587
04/15/2022,RNM,CA,AWP,WE,Federal Contract Tower,0,0,4,0,4,0,0,172,0,172,0,0,176,0,176,326,0,326,502
04/16/2022,RNM,CA,AWP,WE,Federal Contract Tower,0,0,12,0,12,0,0,63,0,63,0,0,75,0,75,282,0,282,357
04/17/2022,RNM,CA,AWP,WE,Federal Contract Tower,0,0,1,0,1,0,0,104,0,104,0,0,105,0,105,162,0,162,267
04/18/2022,RNM,CA,AWP,WE,Federal Contract Tower,0,0,3,0,3,0,0,156,4,160,0,0,159,4,163,312,0,312,475
04/19/2022,RNM,CA,AWP,WE,Federal Contract Tower,0,0,4,0,4,0,0,157,0,157,0,0,161,0,161,398,0,398,559
04/20/2022,RNM,CA,AWP,WE,Federal Contract Tower,0,0,14,0,14,0,2,102,4,108,0,2,116,4,122,232,4,236,358
04/21/2022,RNM,CA,AWP,WE,Federal Contract Tower,0,0,3,0,3,0,0,116,6,122,0,0,119,6,125,244,4,248,373
04/22/2022,RNM,CA,AWP,WE,Federal Contract Tower,0,0,3,0,3,0,0,17,1,18,0,0,20,1,21,52,0,52,73
04/23/2022,RNM,CA,AWP,WE,Federal Contract Tower,0,0,0,0,0,0,2,136,0,138,0,2,136,0,138,256,0,256,394
04/24/2022,RNM,CA,AWP,WE,Federal Contract Tower,0,1,1,0,2,0,0,125,0,125,0,1,126,0,127,186,0,186,313
04/25/2022,RNM,CA,AWP,WE,Federal Contract Tower,0,1,3,0,4,0,0,111,2,113,0,1,114,2,117,206,0,206,323
04/26/2022,RNM,CA,AWP,WE,Federal Contract Tower,0,0,2,0,2,0,0,177,0,177,0,0,179,0,179,276,0,276,455
04/27/2022,RNM,CA,AWP,WE,Federal Contract Tower,0,0,5,0,5,0,0,117,0,117,0,0,122,0,122,260,0,260,382
04/28/2022,RNM,CA,AWP,WE,Federal Contract Tower,0,0,10,0,10,0,0,79,0,79,0,0,89,0,89,178,0,178,267
04/29/2022,RNM,CA,AWP,WE,Federal Contract Tower,0,0,5,0,5,0,0,160,0,160,0,0,165,0,165,279,0,279,444
04/30/2022,RNM,CA,AWP,WE,Federal Contract Tower,0,0,3,0,3,0,1,192,0,193,0,1,195,0,196,322,0,322,518
05/01/2022,RNM,CA,AWP,WE,Federal Contract Tower,0,0,12,0,12,0,0,99,0,99,0,0,111,0,111,134,0,134,245
05/02/2022,RNM,CA,AWP,WE,Federal Contract Tower,0,0,5,0,5,0,4,113,0,117,0,4,118,0,122,268,14,282,404
05/03/2022,RNM,CA,AWP,WE,Federal Contract Tower,0,0,13,0,13,0,0,120,2,122,0,0,133,2,135,266,3,269,404
05/04/2022,RNM,CA,AWP,WE,Federal Contract Tower,0,0,4,0,4,0,0,227,2,229,0,0,231,2,233,492,0,492,725
05/05/2022,RNM,CA,AWP,WE,Federal Contract Tower,0,0,8,0,8,0,0,118,0,118,0,0,126,0,126,456,0,456,582
05/06/2022,RNM,CA,AWP,WE,Federal Contract Tower,0,0,4,0,4,0,0,152,4,156,0,0,156,4,160,298,10,308,468
05/07/2022,RNM,CA,AWP,WE,Federal Contract Tower,0,0,4,0,4,0,0,121,0,121,0,0,125,0,125,149,0,149,274
05/08/2022,RNM,CA,AWP,WE,Federal Contract Tower,0,0,14,0,14,0,0,17,0,17,0,0,31,0,31,82,0,82,113
05/09/2022,RNM,CA,AWP,WE,Federal Contract Tower,0,0,8,0,8,0,0,90,0,90,0,0,98,0,98,214,0,214,312
05/10/2022,RNM,CA,AWP,WE,Federal Contract Tower,0,1,3,0,4,0,0,135,0,135,0,1,138,0,139,286,0,286,425
05/11/2022,RNM,CA,AWP,WE,Federal Contract Tower,0,4,8,0,12,0,0,135,2,137,0,4,143,2,149,144,8,152,301
05/12/2022,RNM,CA,AWP,WE,Federal Contract Tower,0,0,4,0,4,0,0,161,2,163,0,0,165,2,167,410,2,412,579
05/13/2022,RNM,CA,AWP,WE,Federal Contract Tower,0,2,0,0,2,0,0,136,0,136,0,2,136,0,138,392,0,392,530
05/14/2022,RNM,CA,AWP,WE,Federal Contract Tower,0,0,4,0,4,0,0,130,0,130,0,0,134,0,134,274,0,274,408
05/15/2022,RNM,CA,AWP,WE,Federal Contract Tower,0,0,1,0,1,0,0,78,0,78,0,0,79,0,79,186,0,186,265
05/16/2022,RNM,CA,AWP,WE,Federal Contract Tower,0,2,1,0,3,0,0,115,0,115,0,2,116,0,118,232,0,232,350
05/17/2022,RNM,CA,AWP,WE,Federal Contract Tower,0,0,6,0,6,0,0,86,0,86,0,0,92,0,92,150,0,150,242
05/18/2022,RNM,CA,AWP,WE,Federal Contract Tower,0,0,7,0,7,0,0,118,2,120,0,0,125,2,127,274,0,274,401
05/19/2022,RNM,CA,AWP,WE,Federal Contract Tower,0,0,4,0,4,0,0,93,2,95,0,0,97,2,99,222,0,222,321
05/20/2022,RNM,CA,AWP,WE,Federal Contract Tower,0,0,14,0,14,0,0,36,0,36,0,0,50,0,50,186,0,186,236
05/21/2022,RNM,CA,AWP,WE,Federal Contract Tower,0,0,20,0,20,0,0,42,2,44,0,0,62,2,64,104,0,104,168
05/22/2022,RNM,CA,AWP,WE,Federal Contract Tower,0,1,9,0,10,0,0,94,0,94,0,1,103,0,104,172,0,172,276
05/23/2022,RNM,CA,AWP,WE,Federal Contract Tower,0,1,8,0,9,0,0,105,0,105,0,1,113,0,114,212,0,212,326
05/24/2022,RNM,CA,AWP,WE,Federal Contract Tower,0,0,14,0,14,0,0,140,2,142,0,0,154,2,156,344,0,344,500
05/25/2022,RNM,CA,AWP,WE,Federal Contract Tower,0,0,14,0,14,0,0,176,0,176,0,0,190,0,190,322,0,322,512
05/26/2022,RNM,CA,AWP,WE,Federal Contract Tower,0,0,6,0,6,0,0,141,0,141,0,0,147,0,147,332,0,332,479
05/27/2022,RNM,CA,AWP,WE,Federal Contract Tower,0,0,10,0,10,0,0,96,0,96,0,0,106,0,106,202,0,202,308
05/28/2022,RNM,CA,AWP,WE,Federal Contract Tower,0,0,19,0,19,0,0,40,0,40,0,0,59,0,59,148,0,148,207
05/29/2022,RNM,CA,AWP,WE,Federal Contract Tower,0,0,11,0,11,0,0,48,0,48,0,0,59,0,59,138,0,138,197
05/30/2022,RNM,CA,AWP,WE,Federal Contract Tower,0,0,5,0,5,0,0,157,0,157,0,0,162,0,162,242,0,242,404
05/31/2022,RNM,CA,AWP,WE,Federal Contract Tower,0,0,3,0,3,0,0,124,0,124,0,0,127,0,127,326,0,326,453
06/01/2022,RNM,CA,AWP,WE,Federal Contract Tower,0,0,9,0,9,0,0,158,0,158,0,0,167,0,167,360,0,360,527
06/02/2022,RNM,CA,AWP,WE,Federal Contract Tower,0,0,14,0,14,0,0,193,0,193,0,0,207,0,207,342,0,342,549
06/03/2022,RNM,CA,AWP,WE,Federal Contract Tower,0,0,4,0,4,0,0,111,0,111,0,0,115,0,115,272,0,272,387
06/04/2022,RNM,CA,AWP,WE,Federal Contract Tower,0,0,8,0,8,0,0,103,0,103,0,0,111,0,111,320,0,320,431
06/05/2022,RNM,CA,AWP,WE,Federal Contract Tower,0,0,5,0,5,0,0,132,0,132,0,0,137,0,137,152,0,152,289
06/06/2022,RNM,CA,AWP,WE,Federal Contract Tower,0,0,2,0,2,0,0,141,0,141,0,0,143,0,143,334,0,334,477
06/07/2022,RNM,CA,AWP,WE,Federal Contract Tower,0,0,7,0,7,0,0,141,0,141,0,0,148,0,148,308,0,308,456
06/08/2022,RNM,CA,AWP,WE,Federal Contract Tower,0,0,8,0,8,0,0,127,0,127,0,0,135,0,135,282,0,282,417
06/09/2022,RNM,CA,AWP,WE,Federal Contract Tower,0,0,15,0,15,0,0,195,0,195,0,0,210,0,210,398,0,398,608
06/10/2022,RNM,CA,AWP,WE,Federal Contract Tower,0,0,3,0,3,0,0,156,0,156,0,0,159,0,159,304,0,304,463
06/11/2022,RNM,CA,AWP,WE,Federal Contract Tower,0,0,2,0,2,0,2,167,0,169,0,2,169,0,171,364,0,364,535
06/12/2022,RNM,CA,AWP,WE,Federal Contract Tower,0,2,5,0,7,0,0,136,2,138,0,2,141,2,145,316,0,316,461
06/13/2022,RNM,CA,AWP,WE,Federal Contract Tower,0,0,8,0,8,0,2,135,0,137,0,2,143,0,145,166,0,166,311
06/14/2022,RNM,CA,AWP,WE,Federal Contract Tower,0,0,3,0,3,0,0,131,2,133,0,0,134,2,136,360,0,360,496
06/15/2022,RNM,CA,AWP,WE,Federal Contract Tower,0,0,3,0,3,0,0,139,0,139,0,0,142,0,142,486,0,486,628
06/16/2022,RNM,CA,AWP,WE,Federal Contract Tower,0,0,8,0,8,0,0,146,0,146,0,0,154,0,154,346,0,346,500
06/17/2022,RNM,CA,AWP,WE,Federal Contract Tower,0,0,6,0,6,0,0,136,0,136,0,0,142,0,142,310,0,310,452
06/18/2022,RNM,CA,AWP,WE,Federal Contract Tower,0,0,2,0,2,0,0,107,0,107,0,0,109,0,109,248,0,248,357
06/19/2022,RNM,CA,AWP,WE,Federal Contract Tower,0,0,6,0,6,0,0,118,0,118,0,0,124,0,124,264,0,264,388
06/20/2022,RNM,CA,AWP,WE,Federal Contract Tower,0,0,1,0,1,0,0,127,0,127,0,0,128,0,128,194,0,194,322
06/21/2022,RNM,CA,AWP,WE,Federal Contract Tower,0,0,3,0,3,0,0,173,0,173,0,0,176,0,176,160,0,160,336
06/22/2022,RNM,CA,AWP,WE,Federal Contract Tower,0,0,0,0,0,0,0,99,0,99,0,0,99,0,99,312,0,312,411
06/23/2022,RNM,CA,AWP,WE,Federal Contract Tower,0,0,2,0,2,0,2,150,0,152,0,2,152,0,154,282,0,282,436
06/24/2022,RNM,CA,AWP,WE,Federal Contract Tower,0,0,3,0,3,0,0,233,0,233,0,0,236,0,236,366,0,366,602
06/25/2022,RNM,CA,AWP,WE,Federal Contract Tower,0,0,1,0,1,0,0,134,0,134,0,0,135,0,135,292,0,292,427
06/26/2022,RNM,CA,AWP,WE,Federal Contract Tower,0,0,2,0,2,0,0,127,0,127,0,0,129,0,129,192,0,192,321
06/27/2022,RNM,CA,AWP,WE,Federal Contract Tower,0,0,10,0,10,0,0,128,0,128,0,0,138,0,138,264,0,264,402
06/28/2022,RNM,CA,AWP,WE,Federal Contract Tower,0,2,4,0,6,0,0,116,2,118,0,2,120,2,124,253,0,253,377
06/29/2022,RNM,CA,AWP,WE,Federal Contract Tower,0,0,8,0,8,0,0,119,2,121,0,0,127,2,129,180,0,180,309
06/30/2022,RNM,CA,AWP,WE,Federal Contract Tower,0,0,5,0,5,0,0,152,2,154,0,0,157,2,159,310,0,310,469
07/01/2022,RNM,CA,AWP,WE,Federal Contract Tower,0,0,12,0,12,0,0,186,0,186,0,0,198,0,198,276,0,276,474
07/02/2022,RNM,CA,AWP,WE,Federal Contract Tower,0,0,4,0,4,0,0,175,0,175,0,0,179,0,179,302,0,302,481
07/03/2022,RNM,CA,AWP,WE,Federal Contract Tower,0,0,5,0,5,0,0,107,0,107,0,0,112,0,112,324,0,324,436
07/04/2022,RNM,CA,AWP,WE,Federal Contract Tower,0,0,2,0,2,0,0,102,0,102,0,0,104,0,104,90,0,90,194
07/05/2022,RNM,CA,AWP,WE,Federal Contract Tower,0,0,5,0,5,0,0,104,0,104,0,0,109,0,109,245,0,245,354
07/06/2022,RNM,CA,AWP,WE,Federal Contract Tower,0,0,12,0,12,0,0,141,0,141,0,0,153,0,153,320,0,320,473
07/07/2022,RNM,CA,AWP,WE,Federal Contract Tower,0,0,4,0,4,0,0,144,0,144,0,0,148,0,148,334,0,334,482
07/08/2022,RNM,CA,AWP,WE,Federal Contract Tower,0,0,8,0,8,0,0,149,0,149,0,0,157,0,157,440,0,440,597
07/09/2022,RNM,CA,AWP,WE,Federal Contract Tower,0,0,5,0,5,0,0,115,0,115,0,0,120,0,120,274,0,274,394
07/10/2022,RNM,CA,AWP,WE,Federal Contract Tower,0,0,5,0,5,0,0,134,0,134,0,0,139,0,139,268,0,268,407
07/11/2022,RNM,CA,AWP,WE,Federal Contract Tower,0,2,4,0,6,0,0,147,0,147,0,2,151,0,153,352,0,352,505
07/12/2022,RNM,CA,AWP,WE,Federal Contract Tower,0,0,2,0,2,0,0,139,0,139,0,0,141,0,141,306,0,306,447
07/13/2022,RNM,CA,AWP,WE,Federal Contract Tower,1,0,1,0,2,0,0,204,0,204,1,0,205,0,206,448,0,448,654
07/14/2022,RNM,CA,AWP,WE,Federal Contract Tower,0,0,1,0,1,0,0,125,0,125,0,0,126,0,126,491,0,491,617
07/15/2022,RNM,CA,AWP,WE,Federal Contract Tower,0,0,0,0,0,0,0,127,0,127,0,0,127,0,127,238,0,238,365
07/16/2022,RNM,CA,AWP,WE,Federal Contract Tower,0,0,5,0,5,0,0,114,0,114,0,0,119,0,119,368,0,368,487
07/17/2022,RNM,CA,AWP,WE,Federal Contract Tower,0,0,3,0,3,0,0,95,0,95,0,0,98,0,98,129,0,129,227
07/18/2022,RNM,CA,AWP,WE,Federal Contract Tower,0,0,1,0,1,0,0,132,2,134,0,0,133,2,135,318,2,320,455
07/19/2022,RNM,CA,AWP,WE,Federal Contract Tower,0,0,3,0,3,0,0,168,4,172,0,0,171,4,175,154,0,154,329
07/20/2022,RNM,CA,AWP,WE,Federal Contract Tower,0,0,1,0,1,0,0,147,0,147,0,0,148,0,148,352,0,352,500
07/21/2022,RNM,CA,AWP,WE,Federal Contract Tower,0,0,3,0,3,0,0,119,0,119,0,0,122,0,122,338,0,338,460
07/22/2022,RNM,CA,AWP,WE,Federal Contract Tower,0,0,3,0,3,0,0,155,2,157,0,0,158,2,160,286,0,286,446
07/23/2022,RNM,CA,AWP,WE,Federal Contract Tower,0,0,6,0,6,0,0,97,0,97,0,0,103,0,103,306,0,306,409
07/24/2022,RNM,CA,AWP,WE,Federal Contract Tower,0,0,6,0,6,0,0,110,0,110,0,0,116,0,116,196,0,196,312
07/25/2022,RNM,CA,AWP,WE,Federal Contract Tower,0,3,6,0,9,0,0,105,0,105,0,3,111,0,114,302,0,302,416
07/26/2022,RNM,CA,AWP,WE,Federal Contract Tower,0,0,8,0,8,0,0,153,2,155,0,0,161,2,163,224,0,224,387
07/27/2022,RNM,CA,AWP,WE,Federal Contract Tower,0,0,2,0,2,0,0,173,0,173,0,0,175,0,175,298,0,298,473
07/28/2022,RNM,CA,AWP,WE,Federal Contract Tower,0,0,4,0,4,0,0,143,0,143,0,0,147,0,147,342,0,342,489
07/29/2022,RNM,CA,AWP,WE,Federal Contract Tower,0,0,3,0,3,0,0,145,0,145,0,0,148,0,148,344,0,344,492
07/30/2022,RNM,CA,AWP,WE,Federal Contract Tower,0,0,2,0,2,0,0,136,0,136,0,0,138,0,138,259,0,259,397
07/31/2022,RNM,CA,AWP,WE,Federal Contract Tower,0,0,2,0,2,0,0,103,0,103,0,0,105,0,105,178,0,178,283
08/01/2022,RNM,CA,AWP,WE,Federal Contract Tower,0,0,7,0,7,0,0,104,2,106,0,0,111,2,113,204,0,204,317
08/02/2022,RNM,CA,AWP,WE,Federal Contract Tower,0,1,0,0,1,0,0,149,0,149,0,1,149,0,150,290,0,290,440
08/03/2022,RNM,CA,AWP,WE,Federal Contract Tower,0,1,1,0,2,0,0,118,0,118,0,1,119,0,120,320,20,340,460
08/04/2022,RNM,CA,AWP,WE,Federal Contract Tower,0,0,5,0,5,0,0,100,0,100,0,0,105,0,105,266,0,266,371
08/05/2022,RNM,CA,AWP,WE,Federal Contract Tower,0,0,4,0,4,0,0,116,0,116,0,0,120,0,120,204,4,208,328
08/06/2022,RNM,CA,AWP,WE,Federal Contract Tower,0,0,1,0,1,0,0,117,0,117,0,0,118,0,118,272,0,272,390
08/07/2022,RNM,CA,AWP,WE,Federal Contract Tower,0,0,1,0,1,0,0,98,0,98,0,0,99,0,99,224,0,224,323
08/09/2022,RNM,CA,AWP,WE,Federal Contract Tower,0,0,1,0,1,0,0,90,4,94,0,0,91,4,95,118,0,118,213
08/10/2022,RNM,CA,AWP,WE,Federal Contract Tower,0,0,0,0,0,0,0,111,0,111,0,0,111,0,111,196,6,202,313
08/11/2022,RNM,CA,AWP,WE,Federal Contract Tower,0,0,3,0,3,0,0,81,0,81,0,0,84,0,84,206,2,208,292
08/12/2022,RNM,CA,AWP,WE,Federal Contract Tower,0,0,2,0,2,0,0,93,0,93,0,0,95,0,95,174,0,174,269
08/13/2022,RNM,CA,AWP,WE,Federal Contract Tower,0,0,3,0,3,0,0,83,0,83,0,0,86,0,86,180,0,180,266
08/14/2022,RNM,CA,AWP,WE,Federal Contract Tower,0,0,0,0,0,0,0,88,2,90,0,0,88,2,90,245,0,245,335
08/15/2022,RNM,CA,AWP,WE,Federal Contract Tower,0,0,2,0,2,0,0,110,2,112,0,0,112,2,114,222,2,224,338
08/16/2022,RNM,CA,AWP,WE,Federal Contract Tower,0,0,2,0,2,0,0,118,0,118,0,0,120,0,120,228,0,228,348
08/17/2022,RNM,CA,AWP,WE,Federal Contract Tower,0,0,2,0,2,0,0,137,0,137,0,0,139,0,139,318,0,318,457
08/18/2022,RNM,CA,AWP,WE,Federal Contract Tower,0,0,4,0,4,0,0,104,0,104,0,0,108,0,108,258,4,262,370
08/19/2022,RNM,CA,AWP,WE,Federal Contract Tower,0,0,5,0,5,0,0,129,0,129,0,0,134,0,134,313,0,313,447
08/20/2022,RNM,CA,AWP,WE,Federal Contract Tower,0,0,6,0,6,0,0,109,0,109,0,0,115,0,115,184,0,184,299
08/21/2022,RNM,CA,AWP,WE,Federal Contract Tower,0,0,10,0,10,0,0,103,0,103,0,0,113,0,113,180,0,180,293
08/22/2022,RNM,CA,AWP,WE,Federal Contract Tower,0,2,2,0,4,0,0,156,0,156,0,2,158,0,160,211,2,213,373
08/23/2022,RNM,CA,AWP,WE,Federal Contract Tower,0,0,4,0,4,0,0,132,0,132,0,0,136,0,136,338,0,338,474
08/24/2022,RNM,CA,AWP,WE,Federal Contract Tower,0,0,4,0,4,0,0,140,2,142,0,0,144,2,146,280,4,284,430
08/25/2022,RNM,CA,AWP,WE,Federal Contract Tower,0,2,5,0,7,0,0,151,4,155,0,2,156,4,162,248,4,252,414
08/26/2022,RNM,CA,AWP,WE,Federal Contract Tower,0,0,2,0,2,0,0,154,0,154,0,0,156,0,156,318,0,318,474
08/27/2022,RNM,CA,AWP,WE,Federal Contract Tower,0,0,5,0,5,0,0,141,0,141,0,0,146,0,146,356,0,356,502
08/28/2022,RNM,CA,AWP,WE,Federal Contract Tower,0,0,1,0,1,0,0,116,0,116,0,0,117,0,117,180,0,180,297
08/29/2022,RNM,CA,AWP,WE,Federal Contract Tower,0,0,2,0,2,0,0,94,6,100,0,0,96,6,102,242,16,258,360
08/30/2022,RNM,CA,AWP,WE,Federal Contract Tower,0,0,2,0,2,0,0,131,0,131,0,0,133,0,133,314,0,314,447
08/31/2022,RNM,CA,AWP,WE,Federal Contract Tower,0,0,0,0,0,0,0,0,0,0,0,0,0,0,0,162,2,164,164
09/01/2022,RNM,CA,AWP,WE,Federal Contract Tower,0,0,0,0,0,0,0,135,0,135,0,0,135,0,135,188,0,188,323
09/03/2022,RNM,CA,AWP,WE,Federal Contract Tower,0,0,3,0,3,0,0,78,0,78,0,0,81,0,81,136,0,136,217
09/04/2022,RNM,CA,AWP,WE,Federal Contract Tower,0,0,1,0,1,0,0,69,0,69,0,0,70,0,70,146,0,146,216
09/05/2022,RNM,CA,AWP,WE,Federal Contract Tower,0,0,3,0,3,0,0,108,0,108,0,0,111,0,111,158,0,158,269
09/06/2022,RNM,CA,AWP,WE,Federal Contract Tower,0,0,2,0,2,0,0,95,0,95,0,0,97,0,97,210,0,210,307
09/07/2022,RNM,CA,AWP,WE,Federal Contract Tower,0,0,1,0,1,0,0,62,0,62,0,0,63,0,63,7,0,7,70
09/08/2022,RNM,CA,AWP,WE,Federal Contract Tower,0,0,5,1,6,0,0,85,2,87,0,0,90,3,93,274,2,276,369
09/09/2022,RNM,CA,AWP,WE,Federal Contract Tower,0,0,0,0,0,0,0,8,0,8,0,0,8,0,8,8,0,8,16
09/10/2022,RNM,CA,AWP,WE,Federal Contract Tower,0,0,10,0,10,0,0,49,0,49,0,0,59,0,59,78,0,78,137
09/11/2022,RNM,CA,AWP,WE,Federal Contract Tower,0,0,3,0,3,0,0,55,0,55,0,0,58,0,58,82,0,82,140
09/12/2022,RNM,CA,AWP,WE,Federal Contract Tower,0,0,10,0,10,0,0,43,2,45,0,0,53,2,55,64,0,64,119
09/13/2022,RNM,CA,AWP,WE,Federal Contract Tower,0,0,8,0,8,0,0,60,0,60,0,0,68,0,68,142,0,142,210
09/14/2022,RNM,CA,AWP,WE,Federal Contract Tower,0,0,4,0,4,0,0,68,0,68,0,0,72,0,72,220,0,220,292
09/15/2022,RNM,CA,AWP,WE,Federal Contract Tower,0,0,15,0,15,0,0,140,0,140,0,0,155,0,155,196,0,196,351
09/16/2022,RNM,CA,AWP,WE,Federal Contract Tower,0,0,3,0,3,0,0,151,0,151,0,0,154,0,154,366,0,366,520
09/17/2022,RNM,CA,AWP,WE,Federal Contract Tower,0,0,6,0,6,0,0,84,0,84,0,0,90,0,90,156,0,156,246
09/18/2022,RNM,CA,AWP,WE,Federal Contract Tower,0,0,9,0,9,0,0,106,0,106,0,0,115,0,115,254,0,254,369
09/19/2022,RNM,CA,AWP,WE,Federal Contract Tower,0,4,3,0,7,0,0,84,0,84,0,4,87,0,91,222,0,222,313
09/20/2022,RNM,CA,AWP,WE,Federal Contract Tower,0,0,3,0,3,0,0,167,0,167,0,0,170,0,170,418,0,418,588
09/21/2022,RNM,CA,AWP,WE,Federal Contract Tower,0,0,2,0,2,0,0,125,0,125,0,0,127,0,127,264,0,264,391
09/22/2022,RNM,CA,AWP,WE,Federal Contract Tower,0,0,2,0,2,0,0,148,0,148,0,0,150,0,150,254,0,254,404
09/23/2022,RNM,CA,AWP,WE,Federal Contract Tower,0,0,2,0,2,0,0,127,0,127,0,0,129,0,129,280,0,280,409
09/24/2022,RNM,CA,AWP,WE,Federal Contract Tower,0,0,2,0,2,0,0,106,0,106,0,0,108,0,108,194,0,194,302
09/25/2022,RNM,CA,AWP,WE,Federal Contract Tower,0,2,0,0,2,0,0,88,0,88,0,2,88,0,90,182,0,182,272
09/26/2022,RNM,CA,AWP,WE,Federal Contract Tower,0,1,5,0,6,0,0,89,0,89,0,1,94,0,95,199,0,199,294
09/27/2022,RNM,CA,AWP,WE,Federal Contract Tower,0,0,0,0,0,0,0,147,0,147,0,0,147,0,147,284,0,284,431
09/28/2022,RNM,CA,AWP,WE,Federal Contract Tower,0,2,10,0,12,0,0,117,2,119,0,2,127,2,131,266,20,286,417
09/29/2022,RNM,CA,AWP,WE,Federal Contract Tower,0,0,5,0,5,0,0,104,2,106,0,0,109,2,111,204,12,216,327
09/30/2022,RNM,CA,AWP,WE,Federal Contract Tower,0,0,12,0,12,0,0,114,0,114,0,0,126,0,126,388,0,388,514
10/01/2022,RNM,CA,AWP,WE,Federal Contract Tower,0,0,5,0,5,0,0,62,0,62,0,0,67,0,67,155,0,155,222
10/02/2022,RNM,CA,AWP,WE,Federal Contract Tower,0,1,5,0,6,0,0,76,0,76,0,1,81,0,82,238,0,238,320
10/03/2022,RNM,CA,AWP,WE,Federal Contract Tower,0,0,7,0,7,0,0,127,0,127,0,0,134,0,134,308,0,308,442
10/04/2022,RNM,CA,AWP,WE,Federal Contract Tower,0,0,7,0,7,0,0,151,0,151,0,0,158,0,158,344,0,344,502
10/05/2022,RNM,CA,AWP,WE,Federal Contract Tower,0,0,19,0,19,0,0,126,0,126,0,0,145,0,145,248,0,248,393
10/06/2022,RNM,CA,AWP,WE,Federal Contract Tower,0,0,4,0,4,0,0,59,0,59,0,0,63,0,63,130,0,130,193
10/07/2022,RNM,CA,AWP,WE,Federal Contract Tower,0,0,3,0,3,0,0,207,0,207,0,0,210,0,210,492,0,492,702
10/08/2022,RNM,CA,AWP,WE,Federal Contract Tower,0,0,1,0,1,0,0,147,0,147,0,0,148,0,148,260,0,260,408
10/09/2022,RNM,CA,AWP,WE,Federal Contract Tower,0,0,0,0,0,0,0,120,0,120,0,0,120,0,120,278,0,278,398
10/10/2022,RNM,CA,AWP,WE,Federal Contract Tower,0,0,6,0,6,0,0,102,0,102,0,0,108,0,108,269,0,269,377
10/11/2022,RNM,CA,AWP,WE,Federal Contract Tower,0,0,11,0,11,0,0,89,2,91,0,0,100,2,102,156,0,156,258
10/12/2022,RNM,CA,AWP,WE,Federal Contract Tower,0,0,3,0,3,0,0,56,0,56,0,0,59,0,59,138,0,138,197
10/13/2022,RNM,CA,AWP,WE,Federal Contract Tower,0,0,21,0,21,0,0,97,0,97,0,0,118,0,118,258,0,258,376
10/14/2022,RNM,CA,AWP,WE,Federal Contract Tower,0,0,13,0,13,0,0,15,0,15,0,0,28,0,28,50,0,50,78
10/15/2022,RNM,CA,AWP,WE,Federal Contract Tower,0,0,6,0,6,0,0,15,0,15,0,0,21,0,21,66,0,66,87
10/16/2022,RNM,CA,AWP,WE,Federal Contract Tower,0,0,14,0,14,0,0,30,0,30,0,0,44,0,44,130,0,130,174
10/17/2022,RNM,CA,AWP,WE,Federal Contract Tower,0,0,3,0,3,0,0,144,0,144,0,0,147,0,147,322,2,324,471
10/18/2022,RNM,CA,AWP,WE,Federal Contract Tower,0,0,1,0,1,0,0,110,0,110,0,0,111,0,111,186,0,186,297
10/19/2022,RNM,CA,AWP,WE,Federal Contract Tower,0,0,2,0,2,0,0,79,0,79,0,0,81,0,81,242,0,242,323
10/20/2022,RNM,CA,AWP,WE,Federal Contract Tower,0,0,6,0,6,0,0,128,0,128,0,0,134,0,134,246,0,246,380
10/21/2022,RNM,CA,AWP,WE,Federal Contract Tower,0,0,9,0,9,0,0,196,0,196,0,0,205,0,205,402,0,402,607
10/22/2022,RNM,CA,AWP,WE,Federal Contract Tower,0,0,14,0,14,0,0,34,0,34,0,0,48,0,48,96,0,96,144
10/23/2022,RNM,CA,AWP,WE,Federal Contract Tower,0,0,11,0,11,0,0,84,2,86,0,0,95,2,97,248,0,248,345
10/24/2022,RNM,CA,AWP,WE,Federal Contract Tower,0,1,3,0,4,0,0,171,0,171,0,1,174,0,175,223,0,223,398
10/25/2022,RNM,CA,AWP,WE,Federal Contract Tower,0,0,6,0,6,0,0,155,0,155,0,0,161,0,161,268,0,268,429
10/26/2022,RNM,CA,AWP,WE,Federal Contract Tower,0,1,3,0,4,0,0,118,2,120,0,1,121,2,124,334,0,334,458
10/27/2022,RNM,CA,AWP,WE,Federal Contract Tower,0,2,4,0,6,0,0,178,0,178,0,2,182,0,184,284,0,284,468
10/28/2022,RNM,CA,AWP,WE,Federal Contract Tower,0,0,3,0,3,0,0,167,0,167,0,0,170,0,170,441,0,441,611
10/29/2022,RNM,CA,AWP,WE,Federal Contract Tower,0,0,5,0,5,0,0,153,0,153,0,0,158,0,158,208,0,208,366
10/30/2022,RNM,CA,AWP,WE,Federal Contract Tower,0,0,3,0,3,0,0,100,0,100,0,0,103,0,103,280,0,280,383
10/31/2022,RNM,CA,AWP,WE,Federal Contract Tower,0,0,2,0,2,0,0,126,0,126,0,0,128,0,128,356,0,356,484
11/01/2022,RNM,CA,AWP,WE,Federal Contract Tower,0,0,7,0,7,0,0,114,0,114,0,0,121,0,121,284,0,284,405
11/02/2022,RNM,CA,AWP,WE,Federal Contract Tower,0,0,12,0,12,0,0,47,0,47,0,0,59,0,59,76,0,76,135
11/03/2022,RNM,CA,AWP,WE,Federal Contract Tower,0,0,0,0,0,0,0,14,6,20,0,0,14,6,20,4,0,4,24
11/04/2022,RNM,CA,AWP,WE,Federal Contract Tower,0,0,3,0,3,0,0,75,0,75,0,0,78,0,78,178,0,178,256
11/05/2022,RNM,CA,AWP,WE,Federal Contract Tower,0,0,7,0,7,0,0,186,0,186,0,0,193,0,193,372,0,372,565
11/06/2022,RNM,CA,AWP,WE,Federal Contract Tower,0,2,3,0,5,0,0,118,0,118,0,2,121,0,123,338,0,338,461
11/07/2022,RNM,CA,AWP,WE,Federal Contract Tower,0,0,9,0,9,0,0,20,0,20,0,0,29,0,29,138,0,138,167
11/08/2022,RNM,CA,AWP,WE,Federal Contract Tower,0,0,0,0,0,0,0,4,2,6,0,0,4,2,6,2,0,2,8
11/10/2022,RNM,CA,AWP,WE,Federal Contract Tower,0,1,2,0,3,0,0,157,0,157,0,1,159,0,160,233,0,233,393
11/11/2022,RNM,CA,AWP,WE,Federal Contract Tower,0,0,1,0,1,0,0,116,0,116,0,0,117,0,117,358,0,358,475
11/12/2022,RNM,CA,AWP,WE,Federal Contract Tower,0,0,0,0,0,0,0,121,0,121,0,0,121,0,121,324,0,324,445
11/13/2022,RNM,CA,AWP,WE,Federal Contract Tower,0,0,14,0,14,0,0,64,0,64,0,0,78,0,78,196,0,196,274
11/14/2022,RNM,CA,AWP,WE,Federal Contract Tower,0,2,0,0,2,0,0,93,0,93,0,2,93,0,95,311,0,311,406
11/15/2022,RNM,CA,AWP,WE,Federal Contract Tower,0,0,1,0,1,0,0,146,0,146,0,0,147,0,147,274,0,274,421
11/16/2022,RNM,CA,AWP,WE,Federal Contract Tower,0,0,1,0,1,0,0,32,0,32,0,0,33,0,33,16,0,16,49
11/17/2022,RNM,CA,AWP,WE,Federal Contract Tower,0,0,1,0,1,0,0,138,0,138,0,0,139,0,139,130,0,130,269
11/18/2022,RNM,CA,AWP,WE,Federal Contract Tower,0,0,4,0,4,0,0,161,0,161,0,0,165,0,165,276,0,276,441
11/19/2022,RNM,CA,AWP,WE,Federal Contract Tower,0,0,4,0,4,0,0,58,0,58,0,0,62,0,62,172,0,172,234
11/20/2022,RNM,CA,AWP,WE,Federal Contract Tower,0,0,1,0,1,0,0,129,0,129,0,0,130,0,130,218,0,218,348
11/21/2022,RNM,CA,AWP,WE,Federal Contract Tower,0,0,2,0,2,0,0,119,0,119,0,0,121,0,121,276,0,276,397
11/22/2022,RNM,CA,AWP,WE,Federal Contract Tower,0,0,2,0,2,0,0,179,3,182,0,0,181,3,184,222,0,222,406
11/23/2022,RNM,CA,AWP,WE,Federal Contract Tower,0,0,5,0,5,0,0,165,0,165,0,0,170,0,170,320,0,320,490
11/24/2022,RNM,CA,AWP,WE,Federal Contract Tower,0,0,0,0,0,0,0,6,0,6,0,0,6,0,6,14,0,14,20
11/25/2022,RNM,CA,AWP,WE,Federal Contract Tower,0,0,1,0,1,0,0,70,0,70,0,0,71,0,71,96,0,96,167
11/26/2022,RNM,CA,AWP,WE,Federal Contract Tower,0,0,0,0,0,0,0,112,0,112,0,0,112,0,112,274,0,274,386
11/27/2022,RNM,CA,AWP,WE,Federal Contract Tower,0,0,7,0,7,0,0,102,0,102,0,0,109,0,109,256,0,256,365
11/28/2022,RNM,CA,AWP,WE,Federal Contract Tower,0,0,14,0,14,0,0,39,0,39,0,0,53,0,53,124,0,124,177
11/29/2022,RNM,CA,AWP,WE,Federal Contract Tower,0,0,10,0,10,0,0,60,0,60,0,0,70,0,70,174,0,174,244
11/30/2022,RNM,CA,AWP,WE,Federal Contract Tower,0,0,15,0,15,0,0,71,0,71,0,0,86,0,86,160,0,160,246
12/01/2022,RNM,CA,AWP,WE,Federal Contract Tower,0,0,5,0,5,0,0,39,2,41,0,0,44,2,46,184,6,190,236
12/02/2022,RNM,CA,AWP,WE,Federal Contract Tower,0,0,4,0,4,0,0,82,0,82,0,0,86,0,86,268,0,268,354
12/03/2022,RNM,CA,AWP,WE,Federal Contract Tower,0,1,0,0,1,0,0,132,0,132,0,1,132,0,133,268,0,268,401
12/04/2022,RNM,CA,AWP,WE,Federal Contract Tower,0,1,3,0,4,0,0,107,0,107,0,1,110,0,111,224,0,224,335
12/05/2022,RNM,CA,AWP,WE,Federal Contract Tower,0,0,5,0,5,0,0,64,0,64,0,0,69,0,69,168,0,168,237
12/06/2022,RNM,CA,AWP,WE,Federal Contract Tower,0,0,10,0,10,0,0,55,0,55,0,0,65,0,65,84,0,84,149
12/07/2022,RNM,CA,AWP,WE,Federal Contract Tower,0,0,7,0,7,0,0,72,0,72,0,0,79,0,79,224,0,224,303
12/08/2022,RNM,CA,AWP,WE,Federal Contract Tower,0,0,4,0,4,0,0,184,0,184,0,0,188,0,188,258,0,258,446
12/10/2022,RNM,CA,AWP,WE,Federal Contract Tower,0,0,0,0,0,0,0,158,0,158,0,0,158,0,158,355,0,355,513
12/11/2022,RNM,CA,AWP,WE,Federal Contract Tower,0,0,0,0,0,0,0,3,0,3,0,0,3,0,3,12,0,12,15
12/12/2022,RNM,CA,AWP,WE,Federal Contract Tower,0,1,5,0,6,0,0,6,0,6,0,1,11,0,12,38,0,38,50
12/13/2022,RNM,CA,AWP,WE,Federal Contract Tower,0,0,12,0,12,0,0,125,0,125,0,0,137,0,137,289,0,289,426
12/14/2022,RNM,CA,AWP,WE,Federal Contract Tower,0,1,7,0,8,0,0,178,0,178,0,1,185,0,186,335,0,335,521
12/15/2022,RNM,CA,AWP,WE,Federal Contract Tower,0,1,5,0,6,0,0,152,0,152,0,1,157,0,158,334,0,334,492
12/16/2022,RNM,CA,AWP,WE,Federal Contract Tower,0,0,5,0,5,0,0,173,0,173,0,0,178,0,178,394,0,394,572
12/17/2022,RNM,CA,AWP,WE,Federal Contract Tower,0,0,0,0,0,0,0,93,0,93,0,0,93,0,93,309,0,309,402
12/18/2022,RNM,CA,AWP,WE,Federal Contract Tower,0,0,3,0,3,0,0,157,0,157,0,0,160,0,160,294,0,294,454
12/19/2022,RNM,CA,AWP,WE,Federal Contract Tower,0,1,7,0,8,0,0,99,0,99,0,1,106,0,107,220,0,220,327
12/20/2022,RNM,CA,AWP,WE,Federal Contract Tower,0,1,1,0,2,0,0,172,2,174,0,1,173,2,176,430,6,436,612
12/21/2022,RNM,CA,AWP,WE,Federal Contract Tower,0,3,2,0,5,0,0,231,4,235,0,3,233,4,240,308,0,308,548
12/22/2022,RNM,CA,AWP,WE,Federal Contract Tower,0,0,0,0,0,0,0,142,0,142,0,0,142,0,142,248,0,248,390
12/23/2022,RNM,CA,AWP,WE,Federal Contract Tower,0,0,1,0,1,0,0,126,0,126,0,0,127,0,127,260,0,260,387
12/24/2022,RNM,CA,AWP,WE,Federal Contract Tower,0,0,0,0,0,0,0,76,0,76,0,0,76,0,76,88,0,88,164
12/25/2022,RNM,CA,AWP,WE,Federal Contract Tower,0,0,0,0,0,0,0,31,2,33,0,0,31,2,33,46,0,46,79
12/26/2022,RNM,CA,AWP,WE,Federal Contract Tower,0,0,0,0,0,0,0,112,0,112,0,0,112,0,112,256,0,256,368
12/27/2022,RNM,CA,AWP,WE,Federal Contract Tower,0,0,4,0,4,0,0,64,0,64,0,0,68,0,68,228,0,228,296
12/28/2022,RNM,CA,AWP,WE,Federal Contract Tower,0,0,7,0,7,0,0,27,2,29,0,0,34,2,36,34,0,34,70
12/29/2022,RNM,CA,AWP,WE,Federal Contract Tower,0,0,11,0,11,0,0,36,0,36,0,0,47,0,47,88,0,88,135
12/30/2022,RNM,CA,AWP,WE,Federal Contract Tower,0,0,16,0,16,0,0,7,0,7,0,0,23,0,23,16,0,16,39
12/31/2022,RNM,CA,AWP,WE,Federal Contract Tower,0,0,3,0,3,0,0,0,0,0,0,0,3,0,3,0,0,0,3
01/01/2023,RNM,CA,AWP,WE,Federal Contract Tower,0,0,1,0,1,0,0,0,0,0,0,0,1,0,1,0,0,0,1
01/02/2023,RNM,CA,AWP,WE,Federal Contract Tower,0,0,9,0,9,0,0,26,0,26,0,0,35,0,35,110,0,110,145
01/03/2023,RNM,CA,AWP,WE,Federal Contract Tower,0,0,6,0,6,0,0,1,0,1,0,0,7,0,7,1,0,1,8
01/04/2023,RNM,CA,AWP,WE,Federal Contract Tower,0,0,3,0,3,0,0,16,0,16,0,0,19,0,19,50,0,50,69
01/05/2023,RNM,CA,AWP,WE,Federal Contract Tower,0,0,2,0,2,0,0,0,0,0,0,0,2,0,2,0,0,0,2
01/06/2023,RNM,CA,AWP,WE,Federal Contract Tower,0,0,7,0,7,0,0,155,0,155,0,0,162,0,162,436,0,436,598
01/07/2023,RNM,CA,AWP,WE,Federal Contract Tower,0,0,3,0,3,0,0,148,0,148,0,0,151,0,151,360,0,360,511
01/08/2023,RNM,CA,AWP,WE,Federal Contract Tower,0,0,3,0,3,0,0,125,0,125,0,0,128,0,128,398,0,398,526
01/09/2023,RNM,CA,AWP,WE,Federal Contract Tower,0,0,3,0,3,0,0,70,0,70,0,0,73,0,73,286,0,286,359
01/10/2023,RNM,CA,AWP,WE,Federal Contract Tower,0,0,1,0,1,0,0,0,0,0,0,0,1,0,1,0,0,0,1
01/11/2023,RNM,CA,AWP,WE,Federal Contract Tower,0,0,6,0,6,0,0,154,2,156,0,0,160,2,162,310,0,310,472
01/12/2023,RNM,CA,AWP,WE,Federal Contract Tower,0,0,5,0,5,0,0,175,4,179,0,0,180,4,184,428,0,428,612
01/13/2023,RNM,CA,AWP,WE,Federal Contract Tower,0,0,1,0,1,0,0,189,0,189,0,0,190,0,190,442,0,442,632
01/14/2023,RNM,CA,AWP,WE,Federal Contract Tower,0,0,4,0,4,0,0,35,0,35,0,0,39,0,39,94,0,94,133
01/15/2023,RNM,CA,AWP,WE,Federal Contract Tower,0,0,4,0,4,0,0,0,0,0,0,0,4,0,4,0,0,0,4
01/16/2023,RNM,CA,AWP,WE,Federal Contract Tower,0,0,4,0,4,0,0,0,0,0,0,0,4,0,4,0,0,0,4
01/17/2023,RNM,CA,AWP,WE,Federal Contract Tower,0,0,13,0,13,0,0,34,0,34,0,0,47,0,47,86,0,86,133
01/18/2023,RNM,CA,AWP,WE,Federal Contract Tower,0,1,2,0,3,0,0,154,0,154,0,1,156,0,157,326,0,326,483
01/19/2023,RNM,CA,AWP,WE,Federal Contract Tower,0,0,9,0,9,0,0,146,2,148,0,0,155,2,157,270,0,270,427
01/20/2023,RNM,CA,AWP,WE,Federal Contract Tower,0,0,9,0,9,0,0,158,0,158,0,0,167,0,167,404,6,410,577
01/21/2023,RNM,CA,AWP,WE,Federal Contract Tower,0,1,6,0,7,0,0,129,0,129,0,1,135,0,136,326,0,326,462
01/22/2023,RNM,CA,AWP,WE,Federal Contract Tower,0,0,5,0,5,0,0,117,0,117,0,0,122,0,122,286,0,286,408
01/23/2023,RNM,CA,AWP,WE,Federal Contract Tower,0,2,4,0,6,0,0,86,0,86,0,2,90,0,92,156,0,156,248
01/24/2023,RNM,CA,AWP,WE,Federal Contract Tower,0,0,0,0,0,0,0,175,5,180,0,0,175,5,180,405,2,407,587
01/25/2023,RNM,CA,AWP,WE,Federal Contract Tower,0,2,1,0,3,0,0,126,0,126,0,2,127,0,129,304,0,304,433
01/26/2023,RNM,CA,AWP,WE,Federal Contract Tower,0,0,5,0,5,0,0,25,0,25,0,0,30,0,30,40,0,40,70
01/27/2023,RNM,CA,AWP,WE,Federal Contract Tower,0,0,4,0,4,0,0,156,0,156,0,0,160,0,160,380,0,380,540
01/28/2023,RNM,CA,AWP,WE,Federal Contract Tower,0,0,12,0,12,0,0,147,0,147,0,0,159,0,159,358,0,358,517
01/29/2023,RNM,CA,AWP,WE,Federal Contract Tower,0,0,5,0,5,0,0,7,0,7,0,0,12,0,12,68,0,68,80
01/30/2023,RNM,CA,AWP,WE,Federal Contract Tower,0,0,2,0,2,0,0,9,0,9,0,0,11,0,11,30,0,30,41
01/31/2023,RNM,CA,AWP,WE,Federal Contract Tower,0,0,4,0,4,0,0,128,0,128,0,0,132,0,132,298,0,298,430
02/01/2023,RNM,CA,AWP,WE,Federal Contract Tower,0,2,1,0,3,0,0,185,2,187,0,2,186,2,190,358,0,358,548
02/02/2023,RNM,CA,AWP,WE,Federal Contract Tower,0,2,4,0,6,0,0,158,2,160,0,2,162,2,166,362,0,362,528
02/03/2023,RNM,CA,AWP,WE,Federal Contract Tower,0,0,1,0,1,0,0,190,0,190,0,0,191,0,191,370,0,370,561
02/04/2023,RNM,CA,AWP,WE,Federal Contract Tower,0,0,0,0,0,0,0,142,0,142,0,0,142,0,142,284,0,284,426
02/05/2023,RNM,CA,AWP,WE,Federal Contract Tower,0,2,5,0,7,0,0,50,0,50,0,2,55,0,57,102,0,102,159
02/06/2023,RNM,CA,AWP,WE,Federal Contract Tower,0,1,4,0,5,0,0,135,8,143,0,1,139,8,148,262,14,276,424
02/07/2023,RNM,CA,AWP,WE,Federal Contract Tower,0,1,9,0,10,0,0,125,4,129,0,1,134,4,139,274,2,276,415
02/09/2023,RNM,CA,AWP,WE,Federal Contract Tower,0,0,1,0,1,0,0,116,0,116,0,0,117,0,117,226,0,226,343
02/10/2023,RNM,CA,AWP,WE,Federal Contract Tower,0,0,0,0,0,0,0,74,0,74,0,0,74,0,74,182,0,182,256
02/11/2023,RNM,CA,AWP,WE,Federal Contract Tower,0,0,8,0,8,0,0,44,0,44,0,0,52,0,52,146,0,146,198
02/13/2023,RNM,CA,AWP,WE,Federal Contract Tower,0,2,14,0,16,0,0,73,2,75,0,2,87,2,91,292,0,292,383
02/14/2023,RNM,CA,AWP,WE,Federal Contract Tower,0,0,2,0,2,0,0,0,0,0,0,0,2,0,2,0,0,0,2
02/15/2023,RNM,CA,AWP,WE,Federal Contract Tower,0,0,5,0,5,0,0,107,2,109,0,0,112,2,114,182,6,188,302
02/16/2023,RNM,CA,AWP,WE,Federal Contract Tower,0,2,1,0,3,0,0,80,0,80,0,2,81,0,83,190,0,190,273
02/17/2023,RNM,CA,AWP,WE,Federal Contract Tower,0,0,2,0,2,0,0,96,0,96,0,0,98,0,98,244,0,244,342
02/18/2023,RNM,CA,AWP,WE,Federal Contract Tower,0,0,5,0,5,0,0,179,0,179,0,0,184,0,184,318,0,318,502
02/19/2023,RNM,CA,AWP,WE,Federal Contract Tower,0,2,3,0,5,0,0,131,0,131,0,2,134,0,136,145,0,145,281
02/20/2023,RNM,CA,AWP,WE,Federal Contract Tower,0,0,1,0,1,0,0,196,0,196,0,0,197,0,197,310,0,310,507
02/21/2023,RNM,CA,AWP,WE,Federal Contract Tower,0,0,5,0,5,0,0,87,0,87,0,0,92,0,92,234,0,234,326
02/22/2023,RNM,CA,AWP,WE,Federal Contract Tower,0,0,0,0,0,0,0,10,4,14,0,0,10,4,14,0,0,0,14
02/23/2023,RNM,CA,AWP,WE,Federal Contract Tower,0,2,0,0,2,0,0,10,4,14,0,2,10,4,16,0,0,0,16
02/24/2023,RNM,CA,AWP,WE,Federal Contract Tower,0,0,1,2,3,0,0,18,0,18,0,0,19,2,21,54,2,56,77
02/25/2023,RNM,CA,AWP,WE,Federal Contract Tower,0,0,0,0,0,0,0,0,0,0,0,0,0,0,0,0,0,0,0
02/26/2023,RNM,CA,AWP,WE,Federal Contract Tower,0,0,4,0,4,0,0,47,2,49,0,0,51,2,53,158,4,162,215
02/27/2023,RNM,CA,AWP,WE,Federal Contract Tower,0,0,4,0,4,0,0,103,0,103,0,0,107,0,107,324,0,324,431
02/28/2023,RNM,CA,AWP,WE,Federal Contract Tower,0,0,9,0,9,0,0,25,2,27,0,0,34,2,36,96,0,96,132
03/01/2023,RNM,CA,AWP,WE,Federal Contract Tower,0,0,1,0,1,0,0,2,0,2,0,0,3,0,3,0,0,0,3
03/02/2023,RNM,CA,AWP,WE,Federal Contract Tower,0,0,4,1,5,0,0,219,0,219,0,0,223,1,224,442,0,442,666
03/03/2023,RNM,CA,AWP,WE,Federal Contract Tower,0,0,3,0,3,0,0,222,0,222,0,0,225,0,225,532,0,532,757
03/04/2023,RNM,CA,AWP,WE,Federal Contract Tower,0,0,8,0,8,0,0,33,0,33,0,0,41,0,41,106,0,106,147
03/05/2023,RNM,CA,AWP,WE,Federal Contract Tower,0,0,13,0,13,0,0,62,0,62,0,0,75,0,75,264,0,264,339
03/06/2023,RNM,CA,AWP,WE,Federal Contract Tower,0,2,12,0,14,0,0,101,0,101,0,2,113,0,115,168,0,168,283
03/07/2023,RNM,CA,AWP,WE,Federal Contract Tower,0,0,4,0,4,0,0,143,4,147,0,0,147,4,151,364,0,364,515
03/08/2023,RNM,CA,AWP,WE,Federal Contract Tower,0,2,9,0,11,0,0,145,10,155,0,2,154,10,166,308,18,326,492
03/09/2023,RNM,CA,AWP,WE,Federal Contract Tower,0,0,5,0,5,0,0,181,0,181,0,0,186,0,186,310,0,310,496
03/10/2023,RNM,CA,AWP,WE,Federal Contract Tower,0,0,18,0,18,0,0,19,0,19,0,0,37,0,37,80,0,80,117
03/11/2023,RNM,CA,AWP,WE,Federal Contract Tower,0,0,1,0,1,0,0,0,0,0,0,0,1,0,1,0,0,0,1
03/13/2023,RNM,CA,AWP,WE,Federal Contract Tower,0,0,3,0,3,0,0,11,0,11,0,0,14,0,14,2,0,2,16
03/14/2023,RNM,CA,AWP,WE,Federal Contract Tower,0,0,5,0,5,0,0,10,1,11,0,0,15,1,16,34,0,34,50
03/15/2023,RNM,CA,AWP,WE,Federal Contract Tower,0,0,0,0,0,0,0,0,0,0,0,0,0,0,0,0,0,0,0
03/16/2023,RNM,CA,AWP,WE,Federal Contract Tower,0,1,22,0,23,0,0,45,2,47,0,1,67,2,70,144,2,146,216
03/17/2023,RNM,CA,AWP,WE,Federal Contract Tower,0,0,10,0,10,0,0,233,0,233,0,0,243,0,243,470,0,470,713
03/18/2023,RNM,CA,AWP,WE,Federal Contract Tower,0,1,7,0,8,0,0,159,0,159,0,1,166,0,167,234,0,234,401
03/19/2023,RNM,CA,AWP,WE,Federal Contract Tower,0,0,4,0,4,0,0,92,0,92,0,0,96,0,96,252,0,252,348
03/20/2023,RNM,CA,AWP,WE,Federal Contract Tower,0,0,6,0,6,0,0,0,0,0,0,0,6,0,6,4,0,4,10
03/21/2023,RNM,CA,AWP,WE,Federal Contract Tower,0,2,1,0,3,0,0,0,0,0,0,2,1,0,3,0,0,0,3
03/22/2023,RNM,CA,AWP,WE,Federal Contract Tower,0,0,4,0,4,0,0,17,6,23,0,0,21,6,27,28,2,30,57
03/23/2023,RNM,CA,AWP,WE,Federal Contract Tower,0,0,7,0,7,0,0,17,0,17,0,0,24,0,24,28,0,28,52
03/24/2023,RNM,CA,AWP,WE,Federal Contract Tower,0,0,11,0,11,0,0,119,0,119,0,0,130,0,130,292,0,292,422
03/25/2023,RNM,CA,AWP,WE,Federal Contract Tower,0,0,5,0,5,0,0,190,0,190,0,0,195,0,195,294,0,294,489
03/26/2023,RNM,CA,AWP,WE,Federal Contract Tower,0,2,5,0,7,0,0,208,0,208,0,2,213,0,215,348,0,348,563
03/27/2023,RNM,CA,AWP,WE,Federal Contract Tower,0,0,9,0,9,0,0,163,2,165,0,0,172,2,174,194,0,194,368
03/28/2023,RNM,CA,AWP,WE,Federal Contract Tower,0,0,6,0,6,0,0,231,0,231,0,0,237,0,237,364,0,364,601
03/29/2023,RNM,CA,AWP,WE,Federal Contract Tower,0,2,4,0,6,0,0,0,0,0,0,2,4,0,6,0,0,0,6
03/30/2023,RNM,CA,AWP,WE,Federal Contract Tower,0,0,2,0,2,0,0,3,0,3,0,0,5,0,5,0,0,0,5
03/31/2023,RNM,CA,AWP,WE,Federal Contract Tower,0,0,4,0,4,0,0,255,0,255,0,0,259,0,259,340,0,340,599
04/01/2023,RNM,CA,AWP,WE,Federal Contract Tower,0,2,1,0,3,0,0,243,0,243,0,2,244,0,246,306,0,306,552
04/02/2023,RNM,CA,AWP,WE,Federal Contract Tower,0,0,7,0,7,0,0,207,0,207,0,0,214,0,214,272,0,272,486
04/03/2023,RNM,CA,AWP,WE,Federal Contract Tower,0,0,5,0,5,0,0,14,0,14,0,0,19,0,19,64,0,64,83
04/04/2023,RNM,CA,AWP,WE,Federal Contract Tower,0,0,5,0,5,0,0,133,2,135,0,0,138,2,140,340,0,340,480
04/05/2023,RNM,CA,AWP,WE,Federal Contract Tower,0,0,5,0,5,0,0,141,0,141,0,0,146,0,146,416,0,416,562
04/06/2023,RNM,CA,AWP,WE,Federal Contract Tower,0,1,5,0,6,0,0,171,0,171,0,1,176,0,177,396,0,396,573
04/07/2023,RNM,CA,AWP,WE,Federal Contract Tower,0,0,3,0,3,0,0,216,0,216,0,0,219,0,219,458,0,458,677
04/08/2023,RNM,CA,AWP,WE,Federal Contract Tower,0,0,5,0,5,0,0,151,0,151,0,0,156,0,156,392,0,392,548
04/09/2023,RNM,CA,AWP,WE,Federal Contract Tower,0,0,7,0,7,0,0,97,0,97,0,0,104,0,104,208,0,208,312
04/10/2023,RNM,CA,AWP,WE,Federal Contract Tower,0,0,3,0,3,0,0,127,0,127,0,0,130,0,130,274,0,274,404
04/11/2023,RNM,CA,AWP,WE,Federal Contract Tower,0,2,13,0,15,0,0,96,0,96,0,2,109,0,111,188,0,188,299
04/12/2023,RNM,CA,AWP,WE,Federal Contract Tower,0,0,22,0,22,0,0,2,0,2,0,0,24,0,24,2,0,2,26
04/13/2023,RNM,CA,AWP,WE,Federal Contract Tower,0,2,19,0,21,0,0,0,0,0,0,2,19,0,21,0,0,0,21
04/14/2023,RNM,CA,AWP,WE,Federal Contract Tower,0,0,25,0,25,0,0,70,0,70,0,0,95,0,95,156,0,156,251
04/15/2023,RNM,CA,AWP,WE,Federal Contract Tower,0,0,3,0,3,0,0,168,0,168,0,0,171,0,171,330,0,330,501
04/16/2023,RNM,CA,AWP,WE,Federal Contract Tower,0,0,17,0,17,0,0,45,0,45,0,0,62,0,62,28,0,28,90
04/17/2023,RNM,CA,AWP,WE,Federal Contract Tower,0,0,17,0,17,0,0,23,0,23,0,0,40,0,40,58,0,58,98
04/18/2023,RNM,CA,AWP,WE,Federal Contract Tower,0,0,17,0,17,0,0,58,0,58,0,0,75,0,75,116,0,116,191
04/19/2023,RNM,CA,AWP,WE,Federal Contract Tower,0,0,13,0,13,0,0,193,0,193,0,0,206,0,206,232,0,232,438
04/20/2023,RNM,CA,AWP,WE,Federal Contract Tower,0,1,6,0,7,0,228,0,0,228,0,229,6,0,235,348,0,348,583
04/21/2023,RNM,CA,AWP,WE,Federal Contract Tower,0,0,3,0,3,0,0,219,0,219,0,0,222,0,222,408,0,408,630
04/23/2023,RNM,CA,AWP,WE,Federal Contract Tower,0,0,5,0,5,0,0,138,0,138,0,0,143,0,143,208,0,208,351
04/24/2023,RNM,CA,AWP,WE,Federal Contract Tower,0,0,16,0,16,0,0,127,0,127,0,0,143,0,143,274,0,274,417
04/25/2023,RNM,CA,AWP,WE,Federal Contract Tower,0,0,25,0,25,0,0,74,0,74,0,0,99,0,99,140,0,140,239
04/26/2023,RNM,CA,AWP,WE,Federal Contract Tower,0,0,4,0,4,0,0,206,2,208,0,0,210,2,212,366,0,366,578
04/27/2023,RNM,CA,AWP,WE,Federal Contract Tower,0,0,6,0,6,0,0,198,0,198,0,0,204,0,204,324,0,324,528
04/28/2023,RNM,CA,AWP,WE,Federal Contract Tower,0,0,12,0,12,0,0,188,0,188,0,0,200,0,200,322,0,322,522
04/29/2023,RNM,CA,AWP,WE,Federal Contract Tower,0,0,15,0,15,0,0,171,0,171,0,0,186,0,186,284,0,284,470
04/30/2023,RNM,CA,AWP,WE,Federal Contract Tower,0,0,10,0,10,0,0,122,0,122,0,0,132,0,132,266,0,266,398
05/01/2023,RNM,CA,AWP,WE,Federal Contract Tower,0,0,22,0,22,0,0,34,0,34,0,0,56,0,56,102,0,102,158
05/02/2023,RNM,CA,AWP,WE,Federal Contract Tower,0,2,23,0,25,0,0,77,0,77,0,2,100,0,102,244,0,244,346
05/03/2023,RNM,CA,AWP,WE,Federal Contract Tower,0,2,10,0,12,0,0,131,0,131,0,2,141,0,143,234,0,234,377
05/04/2023,RNM,CA,AWP,WE,Federal Contract Tower,0,0,6,0,6,0,0,12,2,14,0,0,18,2,20,56,0,56,76
05/05/2023,RNM,CA,AWP,WE,Federal Contract Tower,0,0,14,0,14,0,0,67,2,69,0,0,81,2,83,200,0,200,283
05/06/2023,RNM,CA,AWP,WE,Federal Contract Tower,0,0,6,0,6,0,0,127,0,127,0,0,133,0,133,244,0,244,377
05/07/2023,RNM,CA,AWP,WE,Federal Contract Tower,0,3,4,0,7,0,0,170,0,170,0,3,174,0,177,300,0,300,477
05/08/2023,RNM,CA,AWP,WE,Federal Contract Tower,0,1,4,0,5,0,0,183,2,185,0,1,187,2,190,278,0,278,468
05/09/2023,RNM,CA,AWP,WE,Federal Contract Tower,0,0,10,0,10,0,0,123,0,123,0,0,133,0,133,236,0,236,369
05/10/2023,RNM,CA,AWP,WE,Federal Contract Tower,0,1,15,0,16,0,0,72,2,74,0,1,87,2,90,238,0,238,328
05/11/2023,RNM,CA,AWP,WE,Federal Contract Tower,0,2,16,0,18,0,0,166,0,166,0,2,182,0,184,278,0,278,462
05/12/2023,RNM,CA,AWP,WE,Federal Contract Tower,0,0,11,0,11,0,0,137,0,137,0,0,148,0,148,116,0,116,264
05/13/2023,RNM,CA,AWP,WE,Federal Contract Tower,0,0,13,0,13,0,0,143,0,143,0,0,156,0,156,192,0,192,348
05/14/2023,RNM,CA,AWP,WE,Federal Contract Tower,0,0,7,0,7,0,0,109,0,109,0,0,116,0,116,222,0,222,338
05/15/2023,RNM,CA,AWP,WE,Federal Contract Tower,0,0,14,0,14,0,0,116,0,116,0,0,130,0,130,234,0,234,364
05/16/2023,RNM,CA,AWP,WE,Federal Contract Tower,0,0,19,0,19,0,0,200,0,200,0,0,219,0,219,308,0,308,527
05/17/2023,RNM,CA,AWP,WE,Federal Contract Tower,0,0,25,0,25,0,0,146,0,146,0,0,171,0,171,242,0,242,413
05/18/2023,RNM,CA,AWP,WE,Federal Contract Tower,1,0,6,0,7,0,0,59,0,59,1,0,65,0,66,122,0,122,188
05/19/2023,RNM,CA,AWP,WE,Federal Contract Tower,0,3,18,0,21,0,0,83,0,83,0,3,101,0,104,198,0,198,302
05/20/2023,RNM,CA,AWP,WE,Federal Contract Tower,0,1,13,0,14,0,0,148,0,148,0,1,161,0,162,254,0,254,416
05/21/2023,RNM,CA,AWP,WE,Federal Contract Tower,0,2,13,0,15,0,0,140,0,140,0,2,153,0,155,238,0,238,393
05/22/2023,RNM,CA,AWP,WE,Federal Contract Tower,0,2,26,0,28,0,0,76,0,76,0,2,102,0,104,160,0,160,264
05/23/2023,RNM,CA,AWP,WE,Federal Contract Tower,0,0,6,0,6,0,0,0,0,0,0,0,6,0,6,0,0,0,6
05/24/2023,RNM,CA,AWP,WE,Federal Contract Tower,0,0,19,0,19,0,0,2,0,2,0,0,21,0,21,0,0,0,21
05/25/2023,RNM,CA,AWP,WE,Federal Contract Tower,0,0,16,0,16,0,0,154,0,154,0,0,170,0,170,344,0,344,514
05/26/2023,RNM,CA,AWP,WE,Federal Contract Tower,0,0,14,0,14,0,0,139,2,141,0,0,153,2,155,244,0,244,399
05/27/2023,RNM,CA,AWP,WE,Federal Contract Tower,0,0,12,0,12,0,0,86,0,86,0,0,98,0,98,132,0,132,230
05/28/2023,RNM,CA,AWP,WE,Federal Contract Tower,0,0,11,0,11,0,0,49,0,49,0,0,60,0,60,82,0,82,142
05/29/2023,RNM,CA,AWP,WE,Federal Contract Tower,0,0,5,0,5,0,0,2,0,2,0,0,7,0,7,0,0,0,7
05/30/2023,RNM,CA,AWP,WE,Federal Contract Tower,0,0,16,0,16,0,0,40,4,44,0,0,56,4,60,122,0,122,182
05/31/2023,RNM,CA,AWP,WE,Federal Contract Tower,0,0,22,0,22,0,0,30,0,30,0,0,52,0,52,104,0,104,156
06/01/2023,RNM,CA,AWP,WE,Federal Contract Tower,0,0,18,0,18,0,0,22,0,22,0,0,40,0,40,66,0,66,106
06/02/2023,RNM,CA,AWP,WE,Federal Contract Tower,0,0,26,0,26,0,0,130,0,130,0,0,156,0,156,204,0,204,360
06/03/2023,RNM,CA,AWP,WE,Federal Contract Tower,0,0,17,0,17,0,0,87,0,87,0,0,104,0,104,156,0,156,260
06/04/2023,RNM,CA,AWP,WE,Federal Contract Tower,0,1,9,0,10,0,0,149,0,149,0,1,158,0,159,270,0,270,429
06/05/2023,RNM,CA,AWP,WE,Federal Contract Tower,0,3,20,0,23,0,0,53,0,53,0,3,73,0,76,134,0,134,210
06/06/2023,RNM,CA,AWP,WE,Federal Contract Tower,0,0,11,0,11,0,0,109,2,111,0,0,120,2,122,324,0,324,446
06/07/2023,RNM,CA,AWP,WE,Federal Contract Tower,0,0,16,0,16,0,0,72,0,72,0,0,88,0,88,224,0,224,312
06/08/2023,RNM,CA,AWP,WE,Federal Contract Tower,0,1,14,0,15,0,0,162,2,164,0,1,176,2,179,200,0,200,379
06/09/2023,RNM,CA,AWP,WE,Federal Contract Tower,0,0,17,0,17,0,0,94,0,94,0,0,111,0,111,116,0,116,227
06/10/2023,RNM,CA,AWP,WE,Federal Contract Tower,0,0,14,0,14,0,0,13,0,13,0,0,27,0,27,32,0,32,59
06/11/2023,RNM,CA,AWP,WE,Federal Contract Tower,0,0,5,0,5,0,0,2,0,2,0,0,7,0,7,14,0,14,21
06/12/2023,RNM,CA,AWP,WE,Federal Contract Tower,0,0,14,0,14,0,0,24,0,24,0,0,38,0,38,58,0,58,96
06/13/2023,RNM,CA,AWP,WE,Federal Contract Tower,0,0,8,0,8,0,0,73,2,75,0,0,81,2,83,150,4,154,237
06/14/2023,RNM,CA,AWP,WE,Federal Contract Tower,0,0,14,0,14,0,0,92,0,92,0,0,106,0,106,100,0,100,206
06/15/2023,RNM,CA,AWP,WE,Federal Contract Tower,0,2,6,0,8,0,0,103,2,105,0,2,109,2,113,236,2,238,351
06/16/2023,RNM,CA,AWP,WE,Federal Contract Tower,0,0,9,0,9,0,0,174,0,174,0,0,183,0,183,322,0,322,505
06/17/2023,RNM,CA,AWP,WE,Federal Contract Tower,0,0,10,0,10,0,0,218,0,218,0,0,228,0,228,338,0,338,566
06/18/2023,RNM,CA,AWP,WE,Federal Contract Tower,0,0,3,0,3,0,0,131,0,131,0,0,134,0,134,203,0,203,337
06/19/2023,RNM,CA,AWP,WE,Federal Contract Tower,0,0,10,0,10,0,0,115,0,115,0,0,125,0,125,154,0,154,279
06/20/2023,RNM,CA,AWP,WE,Federal Contract Tower,0,0,5,0,5,0,0,211,4,215,0,0,216,4,220,278,0,278,498
06/21/2023,RNM,CA,AWP,WE,Federal Contract Tower,0,0,6,0,6,0,0,206,4,210,0,0,212,4,216,368,6,374,590
06/22/2023,RNM,CA,AWP,WE,Federal Contract Tower,0,0,9,0,9,0,0,174,0,174,0,0,183,0,183,337,0,337,520
06/23/2023,RNM,CA,AWP,WE,Federal Contract Tower,0,0,12,0,12,0,0,155,0,155,0,0,167,0,167,314,0,314,481
06/24/2023,RNM,CA,AWP,WE,Federal Contract Tower,0,0,6,0,6,0,0,157,0,157,0,0,163,0,163,230,0,230,393
06/25/2023,RNM,CA,AWP,WE,Federal Contract Tower,0,0,1,0,1,0,0,151,0,151,0,0,152,0,152,212,0,212,364
06/26/2023,RNM,CA,AWP,WE,Federal Contract Tower,0,0,4,0,4,0,0,175,0,175,0,0,179,0,179,320,0,320,499
06/27/2023,RNM,CA,AWP,WE,Federal Contract Tower,0,0,3,0,3,0,0,194,0,194,0,0,197,0,197,367,0,367,564
06/28/2023,RNM,CA,AWP,WE,Federal Contract Tower,0,1,8,0,9,0,0,142,2,144,0,1,150,2,153,202,2,204,357
06/29/2023,RNM,CA,AWP,WE,Federal Contract Tower,0,1,5,0,6,0,0,142,2,144,0,1,147,2,150,224,0,224,374
06/30/2023,RNM,CA,AWP,WE,Federal Contract Tower,0,1,5,0,6,0,0,168,0,168,0,1,173,0,174,290,0,290,464
07/01/2023,RNM,CA,AWP,WE,Federal Contract Tower,0,0,3,0,3,0,0,170,0,170,0,0,173,0,173,240,0,240,413
07/02/2023,RNM,CA,AWP,WE,Federal Contract Tower,0,0,7,0,7,0,0,135,0,135,0,0,142,0,142,170,0,170,312
07/03/2023,RNM,CA,AWP,WE,Federal Contract Tower,0,2,9,0,11,0,0,160,2,162,0,2,169,2,173,286,0,286,459
07/04/2023,RNM,CA,AWP,WE,Federal Contract Tower,0,0,5,0,5,0,0,81,0,81,0,0,86,0,86,94,0,94,180
07/05/2023,RNM,CA,AWP,WE,Federal Contract Tower,0,0,6,0,6,0,0,187,0,187,0,0,193,0,193,368,0,368,561
07/06/2023,RNM,CA,AWP,WE,Federal Contract Tower,0,3,8,0,11,0,0,144,0,144,0,3,152,0,155,210,0,210,365
07/07/2023,RNM,CA,AWP,WE,Federal Contract Tower,0,0,6,0,6,0,0,132,0,132,0,0,138,0,138,296,0,296,434
07/08/2023,RNM,CA,AWP,WE,Federal Contract Tower,0,0,2,0,2,0,0,166,0,166,0,0,168,0,168,374,0,374,542
07/09/2023,RNM,CA,AWP,WE,Federal Contract Tower,0,0,4,0,4,0,0,142,0,142,0,0,146,0,146,256,0,256,402
07/10/2023,RNM,CA,AWP,WE,Federal Contract Tower,0,4,5,0,9,0,0,164,0,164,0,4,169,0,173,356,0,356,529
07/11/2023,RNM,CA,AWP,WE,Federal Contract Tower,0,0,1,0,1,0,0,154,4,158,0,0,155,4,159,324,2,326,485
07/12/2023,RNM,CA,AWP,WE,Federal Contract Tower,0,2,5,0,7,0,0,179,2,181,0,2,184,2,188,294,0,294,482
07/13/2023,RNM,CA,AWP,WE,Federal Contract Tower,0,0,7,0,7,0,0,184,4,188,0,0,191,4,195,292,0,292,487
07/14/2023,RNM,CA,AWP,WE,Federal Contract Tower,0,0,6,0,6,0,0,204,0,204,0,0,210,0,210,368,0,368,578
07/15/2023,RNM,CA,AWP,WE,Federal Contract Tower,0,0,4,0,4,0,0,172,0,172,0,0,176,0,176,224,0,224,400
07/16/2023,RNM,CA,AWP,WE,Federal Contract Tower,0,0,7,0,7,0,0,148,0,148,0,0,155,0,155,267,0,267,422
07/17/2023,RNM,CA,AWP,WE,Federal Contract Tower,0,0,9,0,9,0,0,121,0,121,0,0,130,0,130,290,0,290,420
07/18/2023,RNM,CA,AWP,WE,Federal Contract Tower,0,2,4,0,6,0,0,122,0,122,0,2,126,0,128,306,0,306,434
07/19/2023,RNM,CA,AWP,WE,Federal Contract Tower,0,0,4,0,4,0,0,166,2,168,0,0,170,2,172,298,0,298,470
07/20/2023,RNM,CA,AWP,WE,Federal Contract Tower,0,1,8,0,9,0,0,164,0,164,0,1,172,0,173,304,0,304,477
07/21/2023,RNM,CA,AWP,WE,Federal Contract Tower,0,1,4,0,5,0,0,171,0,171,0,1,175,0,176,300,0,300,476
07/22/2023,RNM,CA,AWP,WE,Federal Contract Tower,0,0,7,0,7,0,0,140,0,140,0,0,147,0,147,262,0,262,409
07/23/2023,RNM,CA,AWP,WE,Federal Contract Tower,0,0,5,0,5,0,0,57,0,57,0,0,62,0,62,82,0,82,144
07/24/2023,RNM,CA,AWP,WE,Federal Contract Tower,0,3,9,0,12,0,0,151,2,153,0,3,160,2,165,296,12,308,473
07/25/2023,RNM,CA,AWP,WE,Federal Contract Tower,0,0,4,0,4,0,0,215,0,215,0,0,219,0,219,344,0,344,563
07/26/2023,RNM,CA,AWP,WE,Federal Contract Tower,0,2,4,0,6,0,0,194,0,194,0,2,198,0,200,182,0,182,382
07/27/2023,RNM,CA,AWP,WE,Federal Contract Tower,0,0,0,0,0,0,0,159,2,161,0,0,159,2,161,294,0,294,455
07/28/2023,RNM,CA,AWP,WE,Federal Contract Tower,0,0,11,0,11,0,0,171,2,173,0,0,182,2,184,286,18,304,488
07/29/2023,RNM,CA,AWP,WE,Federal Contract Tower,0,0,8,0,8,0,0,134,0,134,0,0,142,0,142,210,0,210,352
07/30/2023,RNM,CA,AWP,WE,Federal Contract Tower,0,0,8,0,8,0,0,125,0,125,0,0,133,0,133,250,0,250,383
07/31/2023,RNM,CA,AWP,WE,Federal Contract Tower,0,2,7,0,9,0,0,50,0,50,0,2,57,0,59,192,0,192,251
08/01/2023,RNM,CA,AWP,WE,Federal Contract Tower,0,0,3,0,3,0,0,160,4,164,0,0,163,4,167,320,0,320,487
08/02/2023,RNM,CA,AWP,WE,Federal Contract Tower,0,0,6,0,6,0,0,185,0,185,0,0,191,0,191,336,0,336,527
08/03/2023,RNM,CA,AWP,WE,Federal Contract Tower,0,0,12,0,12,0,0,185,0,185,0,0,197,0,197,344,0,344,541
08/04/2023,RNM,CA,AWP,WE,Federal Contract Tower,0,0,8,0,8,0,0,152,0,152,0,0,160,0,160,266,0,266,426
08/05/2023,RNM,CA,AWP,WE,Federal Contract Tower,0,0,7,0,7,0,0,137,0,137,0,0,144,0,144,229,0,229,373
08/06/2023,RNM,CA,AWP,WE,Federal Contract Tower,0,0,6,0,6,0,0,166,0,166,0,0,172,0,172,236,0,236,408
08/07/2023,RNM,CA,AWP,WE,Federal Contract Tower,0,2,3,0,5,0,0,162,0,162,0,2,165,0,167,294,0,294,461
08/08/2023,RNM,CA,AWP,WE,Federal Contract Tower,0,0,3,0,3,0,0,114,0,114,0,0,117,0,117,300,0,300,417
08/09/2023,RNM,CA,AWP,WE,Federal Contract Tower,0,0,4,0,4,0,0,165,0,165,0,0,169,0,169,246,0,246,415
08/10/2023,RNM,CA,AWP,WE,Federal Contract Tower,0,0,10,0,10,0,0,106,0,106,0,0,116,0,116,275,0,275,391
08/11/2023,RNM,CA,AWP,WE,Federal Contract Tower,0,0,11,0,11,0,0,83,0,83,0,0,94,0,94,218,0,218,312
08/12/2023,RNM,CA,AWP,WE,Federal Contract Tower,0,0,2,0,2,0,0,182,0,182,0,0,184,0,184,326,0,326,510
08/13/2023,RNM,CA,AWP,WE,Federal Contract Tower,0,0,6,0,6,0,0,142,0,142,0,0,148,0,148,186,0,186,334
08/14/2023,RNM,CA,AWP,WE,Federal Contract Tower,0,0,11,0,11,0,0,152,2,154,0,0,163,2,165,325,0,325,490
08/15/2023,RNM,CA,AWP,WE,Federal Contract Tower,0,0,12,0,12,0,0,143,0,143,0,0,155,0,155,344,2,346,501
08/16/2023,RNM,CA,AWP,WE,Federal Contract Tower,0,0,2,0,2,0,0,149,6,155,0,0,151,6,157,332,2,334,491
08/17/2023,RNM,CA,AWP,WE,Federal Contract Tower,0,0,1,0,1,0,0,176,0,176,0,0,177,0,177,256,0,256,433
08/18/2023,RNM,CA,AWP,WE,Federal Contract Tower,0,2,9,0,11,0,0,222,0,222,0,2,231,0,233,244,0,244,477
08/19/2023,RNM,CA,AWP,WE,Federal Contract Tower,0,0,5,0,5,0,0,67,0,67,0,0,72,0,72,108,0,108,180
08/20/2023,RNM,CA,AWP,WE,Federal Contract Tower,0,0,0,0,0,0,0,0,0,0,0,0,0,0,0,0,0,0,0
08/21/2023,RNM,CA,AWP,WE,Federal Contract Tower,0,2,8,0,10,0,0,12,0,12,0,2,20,0,22,30,0,30,52
08/22/2023,RNM,CA,AWP,WE,Federal Contract Tower,0,0,1,0,1,0,0,169,0,169,0,0,170,0,170,283,0,283,453
08/24/2023,RNM,CA,AWP,WE,Federal Contract Tower,0,2,10,0,12,0,0,160,2,162,0,2,170,2,174,302,12,314,488
08/25/2023,RNM,CA,AWP,WE,Federal Contract Tower,0,0,6,0,6,0,0,159,0,159,0,0,165,0,165,362,0,362,527
08/26/2023,RNM,CA,AWP,WE,Federal Contract Tower,0,0,3,0,3,0,0,154,0,154,0,0,157,0,157,298,0,298,455
08/27/2023,RNM,CA,AWP,WE,Federal Contract Tower,0,0,2,0,2,0,0,123,0,123,0,0,125,0,125,176,0,176,301
08/28/2023,RNM,CA,AWP,WE,Federal Contract Tower,0,0,2,0,2,0,0,124,0,124,0,0,126,0,126,236,0,236,362
08/29/2023,RNM,CA,AWP,WE,Federal Contract Tower,0,0,2,0,2,0,0,137,2,139,0,0,139,2,141,164,0,164,305
08/30/2023,RNM,CA,AWP,WE,Federal Contract Tower,0,0,4,0,4,0,0,167,4,171,0,0,171,4,175,296,0,296,471
08/31/2023,RNM,CA,AWP,WE,Federal Contract Tower,0,0,10,0,10,0,0,139,0,139,0,0,149,0,149,356,0,356,505
