01/01/2020,TWF,ID,ANM,WE,Combination Non-Radar Approach Control & Tower w/o Radar,8,14,12,0,34,0,0,0,0,0,8,14,12,0,34,0,0,0,34
01/02/2020,TWF,ID,ANM,WE,Combination Non-Radar Approach Control & Tower w/o Radar,1,10,2,1,14,0,0,6,0,6,1,10,8,1,20,2,6,8,28
01/03/2020,TWF,ID,ANM,WE,Combination Non-Radar Approach Control & Tower w/o Radar,0,11,5,0,16,0,0,32,1,33,0,11,37,1,49,104,0,104,153
01/04/2020,TWF,ID,ANM,WE,Combination Non-Radar Approach Control & Tower w/o Radar,4,15,16,0,35,0,1,9,10,20,4,16,25,10,55,2,0,2,57
01/05/2020,TWF,ID,ANM,WE,Combination Non-Radar Approach Control & Tower w/o Radar,0,4,0,0,4,0,0,0,0,0,0,4,0,0,4,0,0,0,4
01/06/2020,TWF,ID,ANM,WE,Combination Non-Radar Approach Control & Tower w/o Radar,4,11,6,2,23,0,0,22,0,22,4,11,28,2,45,86,0,86,131
01/07/2020,TWF,ID,ANM,WE,Combination Non-Radar Approach Control & Tower w/o Radar,0,15,10,0,25,0,0,15,0,15,0,15,25,0,40,46,0,46,86
01/08/2020,TWF,ID,ANM,WE,Combination Non-Radar Approach Control & Tower w/o Radar,0,15,4,2,21,0,0,3,0,3,0,15,7,2,24,0,0,0,24
01/09/2020,TWF,ID,ANM,WE,Combination Non-Radar Approach Control & Tower w/o Radar,0,13,2,2,17,0,0,12,7,19,0,13,14,9,36,32,0,32,68
01/10/2020,TWF,ID,ANM,WE,Combination Non-Radar Approach Control & Tower w/o Radar,0,10,12,4,26,0,0,36,0,36,0,10,48,4,62,53,2,55,117
01/11/2020,TWF,ID,ANM,WE,Combination Non-Radar Approach Control & Tower w/o Radar,8,19,1,0,28,0,0,0,0,0,8,19,1,0,28,0,0,0,28
01/12/2020,TWF,ID,ANM,WE,Combination Non-Radar Approach Control & Tower w/o Radar,12,12,10,0,34,0,0,4,0,4,12,12,14,0,38,0,0,0,38
01/13/2020,TWF,ID,ANM,WE,Combination Non-Radar Approach Control & Tower w/o Radar,11,9,2,2,24,0,0,13,2,15,11,9,15,4,39,58,0,58,97
01/14/2020,TWF,ID,ANM,WE,Combination Non-Radar Approach Control & Tower w/o Radar,4,14,7,2,27,0,1,2,0,3,4,15,9,2,30,0,0,0,30
01/15/2020,TWF,ID,ANM,WE,Combination Non-Radar Approach Control & Tower w/o Radar,2,12,7,1,22,0,0,23,1,24,2,12,30,2,46,126,0,126,172
01/16/2020,TWF,ID,ANM,WE,Combination Non-Radar Approach Control & Tower w/o Radar,0,14,6,4,24,0,0,15,2,17,0,14,21,6,41,46,0,46,87
01/17/2020,TWF,ID,ANM,WE,Combination Non-Radar Approach Control & Tower w/o Radar,0,14,3,0,17,0,0,25,0,25,0,14,28,0,42,114,0,114,156
01/18/2020,TWF,ID,ANM,WE,Combination Non-Radar Approach Control & Tower w/o Radar,0,11,12,0,23,0,2,40,0,42,0,13,52,0,65,98,0,98,163
01/19/2020,TWF,ID,ANM,WE,Combination Non-Radar Approach Control & Tower w/o Radar,0,2,0,0,2,0,0,11,0,11,0,2,11,0,13,20,0,20,33
01/20/2020,TWF,ID,ANM,WE,Combination Non-Radar Approach Control & Tower w/o Radar,0,25,17,0,42,0,0,15,0,15,0,25,32,0,57,70,0,70,127
01/21/2020,TWF,ID,ANM,WE,Combination Non-Radar Approach Control & Tower w/o Radar,0,13,5,0,18,0,0,13,0,13,0,13,18,0,31,14,0,14,45
01/22/2020,TWF,ID,ANM,WE,Combination Non-Radar Approach Control & Tower w/o Radar,1,17,9,2,29,0,0,29,0,29,1,17,38,2,58,112,0,112,170
01/23/2020,TWF,ID,ANM,WE,Combination Non-Radar Approach Control & Tower w/o Radar,0,14,7,1,22,0,0,24,0,24,0,14,31,1,46,130,0,130,176
01/24/2020,TWF,ID,ANM,WE,Combination Non-Radar Approach Control & Tower w/o Radar,8,27,12,0,47,0,1,8,0,9,8,28,20,0,56,86,0,86,142
01/25/2020,TWF,ID,ANM,WE,Combination Non-Radar Approach Control & Tower w/o Radar,1,12,6,0,19,0,0,23,0,23,1,12,29,0,42,66,0,66,108
01/26/2020,TWF,ID,ANM,WE,Combination Non-Radar Approach Control & Tower w/o Radar,11,15,13,0,39,0,0,2,0,2,11,15,15,0,41,10,0,10,51
01/27/2020,TWF,ID,ANM,WE,Combination Non-Radar Approach Control & Tower w/o Radar,1,12,4,0,17,0,0,16,0,16,1,12,20,0,33,76,0,76,109
01/28/2020,TWF,ID,ANM,WE,Combination Non-Radar Approach Control & Tower w/o Radar,9,25,3,0,37,0,2,1,0,3,9,27,4,0,40,0,0,0,40
01/29/2020,TWF,ID,ANM,WE,Combination Non-Radar Approach Control & Tower w/o Radar,1,12,8,2,23,0,0,11,0,11,1,12,19,2,34,36,0,36,70
01/30/2020,TWF,ID,ANM,WE,Combination Non-Radar Approach Control & Tower w/o Radar,2,25,15,0,42,0,0,6,0,6,2,25,21,0,48,40,0,40,88
01/31/2020,TWF,ID,ANM,WE,Combination Non-Radar Approach Control & Tower w/o Radar,6,17,5,2,30,0,0,29,0,29,6,17,34,2,59,52,0,52,111
02/01/2020,TWF,ID,ANM,WE,Combination Non-Radar Approach Control & Tower w/o Radar,0,12,7,0,19,0,0,39,4,43,0,12,46,4,62,110,0,110,172
02/02/2020,TWF,ID,ANM,WE,Combination Non-Radar Approach Control & Tower w/o Radar,9,10,5,0,24,0,0,0,0,0,9,10,5,0,24,6,0,6,30
02/03/2020,TWF,ID,ANM,WE,Combination Non-Radar Approach Control & Tower w/o Radar,8,19,9,0,36,0,1,1,0,2,8,20,10,0,38,0,0,0,38
02/04/2020,TWF,ID,ANM,WE,Combination Non-Radar Approach Control & Tower w/o Radar,0,15,4,0,19,0,0,12,0,12,0,15,16,0,31,102,0,102,133
02/05/2020,TWF,ID,ANM,WE,Combination Non-Radar Approach Control & Tower w/o Radar,7,16,5,0,28,0,0,2,0,2,7,16,7,0,30,0,0,0,30
02/06/2020,TWF,ID,ANM,WE,Combination Non-Radar Approach Control & Tower w/o Radar,0,11,6,0,17,0,0,7,0,7,0,11,13,0,24,4,0,4,28
02/07/2020,TWF,ID,ANM,WE,Combination Non-Radar Approach Control & Tower w/o Radar,0,15,4,0,19,0,0,7,0,7,0,15,11,0,26,0,0,0,26
02/08/2020,TWF,ID,ANM,WE,Combination Non-Radar Approach Control & Tower w/o Radar,0,12,3,1,16,0,1,2,1,4,0,13,5,2,20,0,0,0,20
02/09/2020,TWF,ID,ANM,WE,Combination Non-Radar Approach Control & Tower w/o Radar,0,3,2,0,5,0,0,12,0,12,0,3,14,0,17,36,0,36,53
02/10/2020,TWF,ID,ANM,WE,Combination Non-Radar Approach Control & Tower w/o Radar,0,11,2,0,13,0,0,22,1,23,0,11,24,1,36,22,0,22,58
02/11/2020,TWF,ID,ANM,WE,Combination Non-Radar Approach Control & Tower w/o Radar,0,17,5,0,22,0,0,31,0,31,0,17,36,0,53,42,0,42,95
02/12/2020,TWF,ID,ANM,WE,Combination Non-Radar Approach Control & Tower w/o Radar,0,13,10,2,25,0,0,32,0,32,0,13,42,2,57,30,0,30,87
02/13/2020,TWF,ID,ANM,WE,Combination Non-Radar Approach Control & Tower w/o Radar,2,14,5,2,23,0,0,49,3,52,2,14,54,5,75,88,4,92,167
02/14/2020,TWF,ID,ANM,WE,Combination Non-Radar Approach Control & Tower w/o Radar,0,12,2,0,14,0,0,18,0,18,0,12,20,0,32,108,0,108,140
02/15/2020,TWF,ID,ANM,WE,Combination Non-Radar Approach Control & Tower w/o Radar,0,16,4,0,20,0,0,23,2,25,0,16,27,2,45,100,0,100,145
02/16/2020,TWF,ID,ANM,WE,Combination Non-Radar Approach Control & Tower w/o Radar,6,9,5,0,20,0,0,0,0,0,6,9,5,0,20,0,0,0,20
02/17/2020,TWF,ID,ANM,WE,Combination Non-Radar Approach Control & Tower w/o Radar,0,11,3,0,14,0,0,17,0,17,0,11,20,0,31,16,0,16,47
02/18/2020,TWF,ID,ANM,WE,Combination Non-Radar Approach Control & Tower w/o Radar,0,1,5,1,7,0,0,17,1,18,0,1,22,2,25,76,0,76,101
02/19/2020,TWF,ID,ANM,WE,Combination Non-Radar Approach Control & Tower w/o Radar,0,12,14,1,27,0,0,51,1,52,0,12,65,2,79,48,10,58,137
02/20/2020,TWF,ID,ANM,WE,Combination Non-Radar Approach Control & Tower w/o Radar,0,11,6,1,18,0,1,30,2,33,0,12,36,3,51,32,4,36,87
02/21/2020,TWF,ID,ANM,WE,Combination Non-Radar Approach Control & Tower w/o Radar,0,14,3,0,17,0,0,37,0,37,0,14,40,0,54,138,0,138,192
02/22/2020,TWF,ID,ANM,WE,Combination Non-Radar Approach Control & Tower w/o Radar,1,10,2,0,13,0,0,43,0,43,1,10,45,0,56,52,0,52,108
02/23/2020,TWF,ID,ANM,WE,Combination Non-Radar Approach Control & Tower w/o Radar,0,8,5,0,13,0,0,38,0,38,0,8,43,0,51,22,12,34,85
02/24/2020,TWF,ID,ANM,WE,Combination Non-Radar Approach Control & Tower w/o Radar,0,8,0,0,8,0,0,21,0,21,0,8,21,0,29,48,0,48,77
02/25/2020,TWF,ID,ANM,WE,Combination Non-Radar Approach Control & Tower w/o Radar,0,13,4,1,18,0,1,47,1,49,0,14,51,2,67,86,0,86,153
02/26/2020,TWF,ID,ANM,WE,Combination Non-Radar Approach Control & Tower w/o Radar,0,13,4,0,17,0,0,45,1,46,0,13,49,1,63,68,8,76,139
02/27/2020,TWF,ID,ANM,WE,Combination Non-Radar Approach Control & Tower w/o Radar,0,14,9,0,23,0,0,54,2,56,0,14,63,2,79,116,0,116,195
02/28/2020,TWF,ID,ANM,WE,Combination Non-Radar Approach Control & Tower w/o Radar,0,18,6,1,25,0,0,31,0,31,0,18,37,1,56,51,0,51,107
02/29/2020,TWF,ID,ANM,WE,Combination Non-Radar Approach Control & Tower w/o Radar,0,11,4,0,15,0,0,26,0,26,0,11,30,0,41,82,0,82,123
03/01/2020,TWF,ID,ANM,WE,Combination Non-Radar Approach Control & Tower w/o Radar,0,6,0,0,6,0,0,25,0,25,0,6,25,0,31,78,0,78,109
03/02/2020,TWF,ID,ANM,WE,Combination Non-Radar Approach Control & Tower w/o Radar,0,12,11,1,24,0,0,23,0,23,0,12,34,1,47,80,0,80,127
03/03/2020,TWF,ID,ANM,WE,Combination Non-Radar Approach Control & Tower w/o Radar,0,13,3,0,16,0,0,18,0,18,0,13,21,0,34,60,0,60,94
03/04/2020,TWF,ID,ANM,WE,Combination Non-Radar Approach Control & Tower w/o Radar,0,14,4,0,18,0,0,33,0,33,0,14,37,0,51,50,0,50,101
03/05/2020,TWF,ID,ANM,WE,Combination Non-Radar Approach Control & Tower w/o Radar,0,14,13,0,27,0,1,50,0,51,0,15,63,0,78,26,0,26,104
03/06/2020,TWF,ID,ANM,WE,Combination Non-Radar Approach Control & Tower w/o Radar,0,12,0,0,12,0,0,13,0,13,0,12,13,0,25,16,0,16,41
03/07/2020,TWF,ID,ANM,WE,Combination Non-Radar Approach Control & Tower w/o Radar,0,10,3,0,13,0,0,3,0,3,0,10,6,0,16,14,2,16,32
03/08/2020,TWF,ID,ANM,WE,Combination Non-Radar Approach Control & Tower w/o Radar,0,4,1,0,5,0,0,24,0,24,0,4,25,0,29,2,0,2,31
03/09/2020,TWF,ID,ANM,WE,Combination Non-Radar Approach Control & Tower w/o Radar,0,4,0,0,4,0,0,10,0,10,0,4,10,0,14,31,0,31,45
03/10/2020,TWF,ID,ANM,WE,Combination Non-Radar Approach Control & Tower w/o Radar,0,12,1,0,13,0,1,36,0,37,0,13,37,0,50,134,0,134,184
03/11/2020,TWF,ID,ANM,WE,Combination Non-Radar Approach Control & Tower w/o Radar,0,16,5,0,21,0,0,52,0,52,0,16,57,0,73,103,0,103,176
03/12/2020,TWF,ID,ANM,WE,Combination Non-Radar Approach Control & Tower w/o Radar,0,12,8,0,20,0,1,35,0,36,0,13,43,0,56,120,0,120,176
03/13/2020,TWF,ID,ANM,WE,Combination Non-Radar Approach Control & Tower w/o Radar,0,13,6,0,19,0,1,40,0,41,0,14,46,0,60,90,0,90,150
03/14/2020,TWF,ID,ANM,WE,Combination Non-Radar Approach Control & Tower w/o Radar,7,25,2,0,34,0,0,1,0,1,7,25,3,0,35,0,0,0,35
03/15/2020,TWF,ID,ANM,WE,Combination Non-Radar Approach Control & Tower w/o Radar,7,10,4,0,21,0,0,6,0,6,7,10,10,0,27,0,6,6,33
03/16/2020,TWF,ID,ANM,WE,Combination Non-Radar Approach Control & Tower w/o Radar,0,9,6,0,15,0,1,22,0,23,0,10,28,0,38,76,0,76,114
03/17/2020,TWF,ID,ANM,WE,Combination Non-Radar Approach Control & Tower w/o Radar,0,13,1,0,14,0,0,13,0,13,0,13,14,0,27,16,0,16,43
03/18/2020,TWF,ID,ANM,WE,Combination Non-Radar Approach Control & Tower w/o Radar,7,8,14,1,30,0,0,47,0,47,7,8,61,1,77,162,0,162,239
03/19/2020,TWF,ID,ANM,WE,Combination Non-Radar Approach Control & Tower w/o Radar,0,16,2,1,19,0,1,35,1,37,0,17,37,2,56,156,0,156,212
03/20/2020,TWF,ID,ANM,WE,Combination Non-Radar Approach Control & Tower w/o Radar,0,11,6,0,17,0,1,50,0,51,0,12,56,0,68,186,0,186,254
03/21/2020,TWF,ID,ANM,WE,Combination Non-Radar Approach Control & Tower w/o Radar,0,10,2,0,12,0,1,50,0,51,0,11,52,0,63,69,0,69,132
03/22/2020,TWF,ID,ANM,WE,Combination Non-Radar Approach Control & Tower w/o Radar,0,7,4,0,11,0,0,38,0,38,0,7,42,0,49,54,0,54,103
03/23/2020,TWF,ID,ANM,WE,Combination Non-Radar Approach Control & Tower w/o Radar,0,10,0,2,12,0,0,26,0,26,0,10,26,2,38,30,14,44,82
03/24/2020,TWF,ID,ANM,WE,Combination Non-Radar Approach Control & Tower w/o Radar,0,13,1,4,18,0,0,26,2,28,0,13,27,6,46,88,0,88,134
03/25/2020,TWF,ID,ANM,WE,Combination Non-Radar Approach Control & Tower w/o Radar,0,13,1,0,14,0,1,11,0,12,0,14,12,0,26,74,0,74,100
03/26/2020,TWF,ID,ANM,WE,Combination Non-Radar Approach Control & Tower w/o Radar,0,10,4,0,14,0,0,18,0,18,0,10,22,0,32,70,0,70,102
03/27/2020,TWF,ID,ANM,WE,Combination Non-Radar Approach Control & Tower w/o Radar,0,9,2,0,11,0,0,29,0,29,0,9,31,0,40,56,0,56,96
03/28/2020,TWF,ID,ANM,WE,Combination Non-Radar Approach Control & Tower w/o Radar,0,7,0,0,7,0,0,17,0,17,0,7,17,0,24,28,0,28,52
03/29/2020,TWF,ID,ANM,WE,Combination Non-Radar Approach Control & Tower w/o Radar,0,5,0,0,5,0,0,0,0,0,0,5,0,0,5,0,0,0,5
03/30/2020,TWF,ID,ANM,WE,Combination Non-Radar Approach Control & Tower w/o Radar,0,9,1,0,10,0,0,18,0,18,0,9,19,0,28,110,0,110,138
03/31/2020,TWF,ID,ANM,WE,Combination Non-Radar Approach Control & Tower w/o Radar,3,14,0,1,18,0,1,4,0,5,3,15,4,1,23,110,24,134,157
04/01/2020,TWF,ID,ANM,WE,Combination Non-Radar Approach Control & Tower w/o Radar,0,9,0,0,9,0,0,7,3,10,0,9,7,3,19,36,0,36,55
04/02/2020,TWF,ID,ANM,WE,Combination Non-Radar Approach Control & Tower w/o Radar,0,6,3,0,9,0,0,27,0,27,0,6,30,0,36,62,0,62,98
04/03/2020,TWF,ID,ANM,WE,Combination Non-Radar Approach Control & Tower w/o Radar,0,7,0,0,7,0,0,36,0,36,0,7,36,0,43,86,0,86,129
04/04/2020,TWF,ID,ANM,WE,Combination Non-Radar Approach Control & Tower w/o Radar,0,5,3,0,8,0,0,26,0,26,0,5,29,0,34,52,0,52,86
04/05/2020,TWF,ID,ANM,WE,Combination Non-Radar Approach Control & Tower w/o Radar,0,2,1,0,3,0,0,8,0,8,0,2,9,0,11,6,0,6,17
04/06/2020,TWF,ID,ANM,WE,Combination Non-Radar Approach Control & Tower w/o Radar,0,6,0,0,6,0,0,15,0,15,0,6,15,0,21,72,0,72,93
04/07/2020,TWF,ID,ANM,WE,Combination Non-Radar Approach Control & Tower w/o Radar,0,8,4,0,12,0,0,46,0,46,0,8,50,0,58,176,0,176,234
04/08/2020,TWF,ID,ANM,WE,Combination Non-Radar Approach Control & Tower w/o Radar,0,10,4,4,18,0,0,41,2,43,0,10,45,6,61,86,12,98,159
04/09/2020,TWF,ID,ANM,WE,Combination Non-Radar Approach Control & Tower w/o Radar,0,9,4,0,13,0,0,46,0,46,0,9,50,0,59,118,0,118,177
04/10/2020,TWF,ID,ANM,WE,Combination Non-Radar Approach Control & Tower w/o Radar,0,8,1,0,9,0,0,36,0,36,0,8,37,0,45,42,0,42,87
04/11/2020,TWF,ID,ANM,WE,Combination Non-Radar Approach Control & Tower w/o Radar,0,7,0,0,7,0,0,0,0,0,0,7,0,0,7,0,0,0,7
04/12/2020,TWF,ID,ANM,WE,Combination Non-Radar Approach Control & Tower w/o Radar,0,2,0,0,2,0,0,19,0,19,0,2,19,0,21,4,0,4,25
04/13/2020,TWF,ID,ANM,WE,Combination Non-Radar Approach Control & Tower w/o Radar,0,6,1,0,7,0,1,20,0,21,0,7,21,0,28,48,0,48,76
04/14/2020,TWF,ID,ANM,WE,Combination Non-Radar Approach Control & Tower w/o Radar,0,8,3,1,12,0,0,24,3,27,0,8,27,4,39,48,0,48,87
04/15/2020,TWF,ID,ANM,WE,Combination Non-Radar Approach Control & Tower w/o Radar,0,8,0,0,8,0,0,3,0,3,0,8,3,0,11,0,0,0,11
04/16/2020,TWF,ID,ANM,WE,Combination Non-Radar Approach Control & Tower w/o Radar,0,8,0,1,9,0,0,21,2,23,0,8,21,3,32,94,4,98,130
04/17/2020,TWF,ID,ANM,WE,Combination Non-Radar Approach Control & Tower w/o Radar,0,7,1,0,8,0,1,62,0,63,0,8,63,0,71,124,0,124,195
04/18/2020,TWF,ID,ANM,WE,Combination Non-Radar Approach Control & Tower w/o Radar,0,6,2,0,8,0,2,31,0,33,0,8,33,0,41,76,0,76,117
04/19/2020,TWF,ID,ANM,WE,Combination Non-Radar Approach Control & Tower w/o Radar,0,2,4,0,6,0,0,12,0,12,0,2,16,0,18,10,0,10,28
04/20/2020,TWF,ID,ANM,WE,Combination Non-Radar Approach Control & Tower w/o Radar,0,5,5,3,13,0,0,42,0,42,0,5,47,3,55,76,24,100,155
04/21/2020,TWF,ID,ANM,WE,Combination Non-Radar Approach Control & Tower w/o Radar,0,9,3,0,12,0,0,29,0,29,0,9,32,0,41,22,0,22,63
04/22/2020,TWF,ID,ANM,WE,Combination Non-Radar Approach Control & Tower w/o Radar,0,12,0,0,12,0,0,17,0,17,0,12,17,0,29,32,0,32,61
04/23/2020,TWF,ID,ANM,WE,Combination Non-Radar Approach Control & Tower w/o Radar,0,8,1,0,9,0,0,3,0,3,0,8,4,0,12,2,0,2,14
04/24/2020,TWF,ID,ANM,WE,Combination Non-Radar Approach Control & Tower w/o Radar,0,8,3,0,11,0,0,33,0,33,0,8,36,0,44,33,0,33,77
04/25/2020,TWF,ID,ANM,WE,Combination Non-Radar Approach Control & Tower w/o Radar,0,8,2,0,10,0,9,23,0,32,0,17,25,0,42,84,0,84,126
04/26/2020,TWF,ID,ANM,WE,Combination Non-Radar Approach Control & Tower w/o Radar,0,4,6,0,10,0,0,24,0,24,0,4,30,0,34,28,0,28,62
04/27/2020,TWF,ID,ANM,WE,Combination Non-Radar Approach Control & Tower w/o Radar,0,7,1,0,8,0,0,24,0,24,0,7,25,0,32,22,0,22,54
04/28/2020,TWF,ID,ANM,WE,Combination Non-Radar Approach Control & Tower w/o Radar,0,10,5,0,15,0,0,43,0,43,0,10,48,0,58,74,14,88,146
04/29/2020,TWF,ID,ANM,WE,Combination Non-Radar Approach Control & Tower w/o Radar,0,10,0,0,10,0,0,48,0,48,0,10,48,0,58,40,0,40,98
04/30/2020,TWF,ID,ANM,WE,Combination Non-Radar Approach Control & Tower w/o Radar,0,9,6,0,15,0,0,19,0,19,0,9,25,0,34,24,0,24,58
05/01/2020,TWF,ID,ANM,WE,Combination Non-Radar Approach Control & Tower w/o Radar,0,9,10,0,19,0,1,46,0,47,0,10,56,0,66,98,0,98,164
05/02/2020,TWF,ID,ANM,WE,Combination Non-Radar Approach Control & Tower w/o Radar,0,5,0,0,5,0,2,15,0,17,0,7,15,0,22,16,0,16,38
05/03/2020,TWF,ID,ANM,WE,Combination Non-Radar Approach Control & Tower w/o Radar,0,1,0,0,1,0,0,3,0,3,0,1,3,0,4,0,0,0,4
05/04/2020,TWF,ID,ANM,WE,Combination Non-Radar Approach Control & Tower w/o Radar,0,7,4,0,11,0,0,20,0,20,0,7,24,0,31,44,0,44,75
05/05/2020,TWF,ID,ANM,WE,Combination Non-Radar Approach Control & Tower w/o Radar,0,17,1,0,18,0,0,72,0,72,0,17,73,0,90,134,0,134,224
05/06/2020,TWF,ID,ANM,WE,Combination Non-Radar Approach Control & Tower w/o Radar,0,11,5,0,16,0,3,5,0,8,0,14,10,0,24,0,0,0,24
05/07/2020,TWF,ID,ANM,WE,Combination Non-Radar Approach Control & Tower w/o Radar,0,10,2,0,12,0,1,42,0,43,0,11,44,0,55,56,0,56,111
05/08/2020,TWF,ID,ANM,WE,Combination Non-Radar Approach Control & Tower w/o Radar,0,7,3,0,10,0,2,45,0,47,0,9,48,0,57,132,0,132,189
05/09/2020,TWF,ID,ANM,WE,Combination Non-Radar Approach Control & Tower w/o Radar,0,6,2,0,8,0,1,32,0,33,0,7,34,0,41,14,0,14,55
05/10/2020,TWF,ID,ANM,WE,Combination Non-Radar Approach Control & Tower w/o Radar,0,4,0,0,4,0,0,23,0,23,0,4,23,0,27,12,0,12,39
05/11/2020,TWF,ID,ANM,WE,Combination Non-Radar Approach Control & Tower w/o Radar,0,2,5,0,7,0,0,29,0,29,0,2,34,0,36,32,0,32,68
05/12/2020,TWF,ID,ANM,WE,Combination Non-Radar Approach Control & Tower w/o Radar,0,8,1,4,13,0,2,15,0,17,0,10,16,4,30,72,16,88,118
05/13/2020,TWF,ID,ANM,WE,Combination Non-Radar Approach Control & Tower w/o Radar,0,9,4,0,13,0,0,20,0,20,0,9,24,0,33,86,0,86,119
05/14/2020,TWF,ID,ANM,WE,Combination Non-Radar Approach Control & Tower w/o Radar,0,10,4,0,14,0,0,28,0,28,0,10,32,0,42,66,0,66,108
05/15/2020,TWF,ID,ANM,WE,Combination Non-Radar Approach Control & Tower w/o Radar,0,10,6,0,16,0,2,32,0,34,0,12,38,0,50,76,0,76,126
05/16/2020,TWF,ID,ANM,WE,Combination Non-Radar Approach Control & Tower w/o Radar,0,7,3,0,10,0,0,56,0,56,0,7,59,0,66,10,0,10,76
05/17/2020,TWF,ID,ANM,WE,Combination Non-Radar Approach Control & Tower w/o Radar,0,2,7,0,9,0,2,42,0,44,0,4,49,0,53,36,0,36,89
05/18/2020,TWF,ID,ANM,WE,Combination Non-Radar Approach Control & Tower w/o Radar,0,4,3,0,7,0,6,39,0,45,0,10,42,0,52,54,18,72,124
05/19/2020,TWF,ID,ANM,WE,Combination Non-Radar Approach Control & Tower w/o Radar,0,9,3,2,14,0,1,13,0,14,0,10,16,2,28,148,12,160,188
05/20/2020,TWF,ID,ANM,WE,Combination Non-Radar Approach Control & Tower w/o Radar,0,20,2,0,22,0,0,8,0,8,0,20,10,0,30,60,0,60,90
05/21/2020,TWF,ID,ANM,WE,Combination Non-Radar Approach Control & Tower w/o Radar,0,11,13,0,24,0,0,24,0,24,0,11,37,0,48,104,0,104,152
05/22/2020,TWF,ID,ANM,WE,Combination Non-Radar Approach Control & Tower w/o Radar,0,12,4,0,16,0,0,5,0,5,0,12,9,0,21,0,0,0,21
05/23/2020,TWF,ID,ANM,WE,Combination Non-Radar Approach Control & Tower w/o Radar,0,12,7,0,19,0,0,13,0,13,0,12,20,0,32,26,0,26,58
05/24/2020,TWF,ID,ANM,WE,Combination Non-Radar Approach Control & Tower w/o Radar,0,1,6,0,7,0,0,35,0,35,0,1,41,0,42,14,0,14,56
05/25/2020,TWF,ID,ANM,WE,Combination Non-Radar Approach Control & Tower w/o Radar,0,1,8,0,9,0,1,73,0,74,0,2,81,0,83,24,0,24,107
05/26/2020,TWF,ID,ANM,WE,Combination Non-Radar Approach Control & Tower w/o Radar,0,7,13,0,20,0,2,46,0,48,0,9,59,0,68,78,4,82,150
05/27/2020,TWF,ID,ANM,WE,Combination Non-Radar Approach Control & Tower w/o Radar,0,9,4,6,19,0,5,67,0,72,0,14,71,6,91,74,6,80,171
05/28/2020,TWF,ID,ANM,WE,Combination Non-Radar Approach Control & Tower w/o Radar,0,12,7,0,19,0,0,66,0,66,0,12,73,0,85,142,0,142,227
05/29/2020,TWF,ID,ANM,WE,Combination Non-Radar Approach Control & Tower w/o Radar,0,13,9,0,22,0,0,60,0,60,0,13,69,0,82,80,0,80,162
05/30/2020,TWF,ID,ANM,WE,Combination Non-Radar Approach Control & Tower w/o Radar,0,12,3,0,15,0,0,13,0,13,0,12,16,0,28,6,0,6,34
05/31/2020,TWF,ID,ANM,WE,Combination Non-Radar Approach Control & Tower w/o Radar,0,3,17,1,21,0,0,56,0,56,0,3,73,1,77,14,0,14,91
06/01/2020,TWF,ID,ANM,WE,Combination Non-Radar Approach Control & Tower w/o Radar,0,17,9,0,26,0,0,40,0,40,0,17,49,0,66,56,0,56,122
06/02/2020,TWF,ID,ANM,WE,Combination Non-Radar Approach Control & Tower w/o Radar,0,9,6,0,15,0,3,63,0,66,0,12,69,0,81,62,0,62,143
06/03/2020,TWF,ID,ANM,WE,Combination Non-Radar Approach Control & Tower w/o Radar,0,15,8,2,25,0,1,58,0,59,0,16,66,2,84,73,0,73,157
06/04/2020,TWF,ID,ANM,WE,Combination Non-Radar Approach Control & Tower w/o Radar,0,13,0,0,13,0,2,32,0,34,0,15,32,0,47,56,0,56,103
06/05/2020,TWF,ID,ANM,WE,Combination Non-Radar Approach Control & Tower w/o Radar,0,10,5,0,15,0,1,54,0,55,0,11,59,0,70,60,0,60,130
06/06/2020,TWF,ID,ANM,WE,Combination Non-Radar Approach Control & Tower w/o Radar,0,8,0,0,8,0,0,9,0,9,0,8,9,0,17,20,12,32,49
06/07/2020,TWF,ID,ANM,WE,Combination Non-Radar Approach Control & Tower w/o Radar,0,0,4,0,4,0,0,1,0,1,0,0,5,0,5,4,0,4,9
06/08/2020,TWF,ID,ANM,WE,Combination Non-Radar Approach Control & Tower w/o Radar,1,3,5,4,13,0,1,8,0,9,1,4,13,4,22,0,26,26,48
06/09/2020,TWF,ID,ANM,WE,Combination Non-Radar Approach Control & Tower w/o Radar,0,8,9,0,17,0,6,22,0,28,0,14,31,0,45,116,0,116,161
06/10/2020,TWF,ID,ANM,WE,Combination Non-Radar Approach Control & Tower w/o Radar,0,13,8,0,21,0,3,58,0,61,0,16,66,0,82,98,0,98,180
06/11/2020,TWF,ID,ANM,WE,Combination Non-Radar Approach Control & Tower w/o Radar,0,12,4,0,16,0,1,37,2,40,0,13,41,2,56,76,2,78,134
06/12/2020,TWF,ID,ANM,WE,Combination Non-Radar Approach Control & Tower w/o Radar,0,12,2,0,14,0,2,38,2,42,0,14,40,2,56,32,0,32,88
06/13/2020,TWF,ID,ANM,WE,Combination Non-Radar Approach Control & Tower w/o Radar,0,8,1,0,9,0,0,16,0,16,0,8,17,0,25,0,0,0,25
06/14/2020,TWF,ID,ANM,WE,Combination Non-Radar Approach Control & Tower w/o Radar,0,4,4,0,8,0,0,28,0,28,0,4,32,0,36,12,0,12,48
06/15/2020,TWF,ID,ANM,WE,Combination Non-Radar Approach Control & Tower w/o Radar,0,5,5,1,11,0,1,36,1,38,0,6,41,2,49,64,0,64,113
06/16/2020,TWF,ID,ANM,WE,Combination Non-Radar Approach Control & Tower w/o Radar,0,11,5,0,16,0,0,9,0,9,0,11,14,0,25,40,0,40,65
06/17/2020,TWF,ID,ANM,WE,Combination Non-Radar Approach Control & Tower w/o Radar,1,9,5,0,15,0,0,10,0,10,1,9,15,0,25,0,0,0,25
06/18/2020,TWF,ID,ANM,WE,Combination Non-Radar Approach Control & Tower w/o Radar,0,7,9,4,20,0,0,128,0,128,0,7,137,4,148,88,26,114,262
06/19/2020,TWF,ID,ANM,WE,Combination Non-Radar Approach Control & Tower w/o Radar,0,10,8,0,18,0,0,85,0,85,0,10,93,0,103,66,0,66,169
06/20/2020,TWF,ID,ANM,WE,Combination Non-Radar Approach Control & Tower w/o Radar,1,6,7,1,15,0,1,52,1,54,1,7,59,2,69,34,0,34,103
06/21/2020,TWF,ID,ANM,WE,Combination Non-Radar Approach Control & Tower w/o Radar,1,1,1,0,3,0,2,18,0,20,1,3,19,0,23,0,0,0,23
06/22/2020,TWF,ID,ANM,WE,Combination Non-Radar Approach Control & Tower w/o Radar,1,4,17,0,22,0,1,60,0,61,1,5,77,0,83,32,0,32,115
06/23/2020,TWF,ID,ANM,WE,Combination Non-Radar Approach Control & Tower w/o Radar,1,12,6,0,19,0,0,73,0,73,1,12,79,0,92,48,0,48,140
06/24/2020,TWF,ID,ANM,WE,Combination Non-Radar Approach Control & Tower w/o Radar,1,11,11,0,23,0,1,80,0,81,1,12,91,0,104,51,18,69,173
06/25/2020,TWF,ID,ANM,WE,Combination Non-Radar Approach Control & Tower w/o Radar,1,14,10,0,25,0,6,40,0,46,1,20,50,0,71,82,4,86,157
06/26/2020,TWF,ID,ANM,WE,Combination Non-Radar Approach Control & Tower w/o Radar,1,10,13,0,24,0,1,45,0,46,1,11,58,0,70,124,0,124,194
06/27/2020,TWF,ID,ANM,WE,Combination Non-Radar Approach Control & Tower w/o Radar,0,10,3,0,13,0,1,40,0,41,0,11,43,0,54,84,0,84,138
06/28/2020,TWF,ID,ANM,WE,Combination Non-Radar Approach Control & Tower w/o Radar,1,5,9,0,15,0,1,16,0,17,1,6,25,0,32,0,0,0,32
06/29/2020,TWF,ID,ANM,WE,Combination Non-Radar Approach Control & Tower w/o Radar,0,12,10,2,24,0,0,5,0,5,0,12,15,2,29,90,0,90,119
06/30/2020,TWF,ID,ANM,WE,Combination Non-Radar Approach Control & Tower w/o Radar,2,10,7,2,21,0,0,29,0,29,2,10,36,2,50,92,0,92,142
07/01/2020,TWF,ID,ANM,WE,Combination Non-Radar Approach Control & Tower w/o Radar,1,9,22,0,32,0,1,87,0,88,1,10,109,0,120,58,0,58,178
07/02/2020,TWF,ID,ANM,WE,Combination Non-Radar Approach Control & Tower w/o Radar,0,11,10,0,21,0,8,45,0,53,0,19,55,0,74,44,0,44,118
07/03/2020,TWF,ID,ANM,WE,Combination Non-Radar Approach Control & Tower w/o Radar,0,8,3,0,11,0,1,86,0,87,0,9,89,0,98,42,0,42,140
07/04/2020,TWF,ID,ANM,WE,Combination Non-Radar Approach Control & Tower w/o Radar,0,3,0,0,3,0,6,11,0,17,0,9,11,0,20,4,0,4,24
07/05/2020,TWF,ID,ANM,WE,Combination Non-Radar Approach Control & Tower w/o Radar,0,3,3,0,6,0,0,30,0,30,0,3,33,0,36,10,0,10,46
07/06/2020,TWF,ID,ANM,WE,Combination Non-Radar Approach Control & Tower w/o Radar,1,7,8,0,16,0,1,59,0,60,1,8,67,0,76,36,0,36,112
07/07/2020,TWF,ID,ANM,WE,Combination Non-Radar Approach Control & Tower w/o Radar,0,17,6,0,23,0,1,27,0,28,0,18,33,0,51,22,0,22,73
07/08/2020,TWF,ID,ANM,WE,Combination Non-Radar Approach Control & Tower w/o Radar,0,12,11,0,23,0,0,58,2,60,0,12,69,2,83,68,0,68,151
07/09/2020,TWF,ID,ANM,WE,Combination Non-Radar Approach Control & Tower w/o Radar,0,14,6,0,20,0,0,61,0,61,0,14,67,0,81,90,0,90,171
07/10/2020,TWF,ID,ANM,WE,Combination Non-Radar Approach Control & Tower w/o Radar,0,11,6,0,17,0,1,37,1,39,0,12,43,1,56,10,0,10,66
07/11/2020,TWF,ID,ANM,WE,Combination Non-Radar Approach Control & Tower w/o Radar,0,9,3,0,12,0,7,58,0,65,0,16,61,0,77,158,0,158,235
07/12/2020,TWF,ID,ANM,WE,Combination Non-Radar Approach Control & Tower w/o Radar,1,5,1,0,7,0,0,19,0,19,1,5,20,0,26,20,0,20,46
07/13/2020,TWF,ID,ANM,WE,Combination Non-Radar Approach Control & Tower w/o Radar,2,8,8,1,19,0,1,49,1,51,2,9,57,2,70,60,0,60,130
07/14/2020,TWF,ID,ANM,WE,Combination Non-Radar Approach Control & Tower w/o Radar,1,9,13,0,23,0,2,53,0,55,1,11,66,0,78,67,12,79,157
07/15/2020,TWF,ID,ANM,WE,Combination Non-Radar Approach Control & Tower w/o Radar,0,11,20,0,31,0,1,54,0,55,0,12,74,0,86,122,0,122,208
07/16/2020,TWF,ID,ANM,WE,Combination Non-Radar Approach Control & Tower w/o Radar,0,15,10,0,25,0,0,127,2,129,0,15,137,2,154,44,0,44,198
07/17/2020,TWF,ID,ANM,WE,Combination Non-Radar Approach Control & Tower w/o Radar,0,9,8,2,19,0,0,69,2,71,0,9,77,4,90,66,0,66,156
07/18/2020,TWF,ID,ANM,WE,Combination Non-Radar Approach Control & Tower w/o Radar,1,12,4,0,17,0,1,56,2,59,1,13,60,2,76,48,0,48,124
07/19/2020,TWF,ID,ANM,WE,Combination Non-Radar Approach Control & Tower w/o Radar,0,7,6,0,13,0,0,47,0,47,0,7,53,0,60,2,0,2,62
07/20/2020,TWF,ID,ANM,WE,Combination Non-Radar Approach Control & Tower w/o Radar,0,9,1,2,12,2,34,63,2,101,2,43,64,4,113,96,0,96,209
07/21/2020,TWF,ID,ANM,WE,Combination Non-Radar Approach Control & Tower w/o Radar,1,12,0,0,13,0,19,72,0,91,1,31,72,0,104,74,0,74,178
07/22/2020,TWF,ID,ANM,WE,Combination Non-Radar Approach Control & Tower w/o Radar,1,10,9,0,20,0,1,27,0,28,1,11,36,0,48,68,0,68,116
07/23/2020,TWF,ID,ANM,WE,Combination Non-Radar Approach Control & Tower w/o Radar,0,11,19,0,30,0,2,37,0,39,0,13,56,0,69,39,0,39,108
07/24/2020,TWF,ID,ANM,WE,Combination Non-Radar Approach Control & Tower w/o Radar,1,14,6,0,21,0,5,55,0,60,1,19,61,0,81,72,0,72,153
07/25/2020,TWF,ID,ANM,WE,Combination Non-Radar Approach Control & Tower w/o Radar,1,8,8,0,17,0,0,68,0,68,1,8,76,0,85,76,0,76,161
07/26/2020,TWF,ID,ANM,WE,Combination Non-Radar Approach Control & Tower w/o Radar,0,5,2,0,7,0,0,56,0,56,0,5,58,0,63,4,0,4,67
07/27/2020,TWF,ID,ANM,WE,Combination Non-Radar Approach Control & Tower w/o Radar,0,5,2,2,9,0,0,60,0,60,0,5,62,2,69,70,0,70,139
07/28/2020,TWF,ID,ANM,WE,Combination Non-Radar Approach Control & Tower w/o Radar,0,14,1,2,17,0,2,26,0,28,0,16,27,2,45,84,0,84,129
07/29/2020,TWF,ID,ANM,WE,Combination Non-Radar Approach Control & Tower w/o Radar,1,14,9,2,26,2,0,67,0,69,3,14,76,2,95,72,0,72,167
07/30/2020,TWF,ID,ANM,WE,Combination Non-Radar Approach Control & Tower w/o Radar,0,9,5,2,16,0,5,67,0,72,0,14,72,2,88,38,10,48,136
07/31/2020,TWF,ID,ANM,WE,Combination Non-Radar Approach Control & Tower w/o Radar,1,9,4,0,14,0,67,112,0,179,1,76,116,0,193,90,0,90,283
08/01/2020,TWF,ID,ANM,WE,Combination Non-Radar Approach Control & Tower w/o Radar,1,9,5,0,15,0,0,51,0,51,1,9,56,0,66,42,0,42,108
08/02/2020,TWF,ID,ANM,WE,Combination Non-Radar Approach Control & Tower w/o Radar,2,5,6,0,13,0,12,39,0,51,2,17,45,0,64,0,0,0,64
08/03/2020,TWF,ID,ANM,WE,Combination Non-Radar Approach Control & Tower w/o Radar,3,19,3,1,26,0,2,52,1,55,3,21,55,2,81,32,0,32,113
08/04/2020,TWF,ID,ANM,WE,Combination Non-Radar Approach Control & Tower w/o Radar,0,17,8,2,27,0,1,77,0,78,0,18,85,2,105,90,14,104,209
08/05/2020,TWF,ID,ANM,WE,Combination Non-Radar Approach Control & Tower w/o Radar,0,24,13,2,39,0,1,61,10,72,0,25,74,12,111,90,8,98,209
08/06/2020,TWF,ID,ANM,WE,Combination Non-Radar Approach Control & Tower w/o Radar,0,16,3,1,20,1,19,65,0,85,1,35,68,1,105,90,0,90,195
08/07/2020,TWF,ID,ANM,WE,Combination Non-Radar Approach Control & Tower w/o Radar,0,16,6,0,22,1,41,47,0,89,1,57,53,0,111,52,2,54,165
08/08/2020,TWF,ID,ANM,WE,Combination Non-Radar Approach Control & Tower w/o Radar,0,9,5,0,14,0,44,76,2,122,0,53,81,2,136,98,0,98,234
08/09/2020,TWF,ID,ANM,WE,Combination Non-Radar Approach Control & Tower w/o Radar,0,7,3,0,10,0,3,30,0,33,0,10,33,0,43,12,0,12,55
08/10/2020,TWF,ID,ANM,WE,Combination Non-Radar Approach Control & Tower w/o Radar,1,12,7,0,20,0,1,40,0,41,1,13,47,0,61,144,0,144,205
08/11/2020,TWF,ID,ANM,WE,Combination Non-Radar Approach Control & Tower w/o Radar,0,10,5,2,17,0,1,41,0,42,0,11,46,2,59,112,22,134,193
08/12/2020,TWF,ID,ANM,WE,Combination Non-Radar Approach Control & Tower w/o Radar,0,26,7,2,35,0,4,49,3,56,0,30,56,5,91,106,4,110,201
08/13/2020,TWF,ID,ANM,WE,Combination Non-Radar Approach Control & Tower w/o Radar,0,16,5,0,21,0,6,57,0,63,0,22,62,0,84,124,0,124,208
08/14/2020,TWF,ID,ANM,WE,Combination Non-Radar Approach Control & Tower w/o Radar,0,15,6,1,22,0,27,60,0,87,0,42,66,1,109,80,0,80,189
08/15/2020,TWF,ID,ANM,WE,Combination Non-Radar Approach Control & Tower w/o Radar,0,14,4,0,18,4,2,62,0,68,4,16,66,0,86,48,0,48,134
08/16/2020,TWF,ID,ANM,WE,Combination Non-Radar Approach Control & Tower w/o Radar,1,8,3,0,12,1,7,34,0,42,2,15,37,0,54,6,0,6,60
08/17/2020,TWF,ID,ANM,WE,Combination Non-Radar Approach Control & Tower w/o Radar,0,12,4,6,22,7,7,45,0,59,7,19,49,6,81,50,0,50,131
08/18/2020,TWF,ID,ANM,WE,Combination Non-Radar Approach Control & Tower w/o Radar,0,15,3,1,19,2,8,43,0,53,2,23,46,1,72,75,0,75,147
08/19/2020,TWF,ID,ANM,WE,Combination Non-Radar Approach Control & Tower w/o Radar,1,15,19,0,35,5,13,86,0,104,6,28,105,0,139,104,0,104,243
08/20/2020,TWF,ID,ANM,WE,Combination Non-Radar Approach Control & Tower w/o Radar,3,23,19,0,45,0,2,27,0,29,3,25,46,0,74,12,0,12,86
08/21/2020,TWF,ID,ANM,WE,Combination Non-Radar Approach Control & Tower w/o Radar,4,22,16,0,42,1,0,4,0,5,5,22,20,0,47,0,0,0,47
08/22/2020,TWF,ID,ANM,WE,Combination Non-Radar Approach Control & Tower w/o Radar,2,12,5,0,19,0,1,27,0,28,2,13,32,0,47,34,0,34,81
08/23/2020,TWF,ID,ANM,WE,Combination Non-Radar Approach Control & Tower w/o Radar,3,3,4,0,10,0,0,7,0,7,3,3,11,0,17,0,0,0,17
08/24/2020,TWF,ID,ANM,WE,Combination Non-Radar Approach Control & Tower w/o Radar,3,13,7,0,23,0,1,11,0,12,3,14,18,0,35,0,0,0,35
08/25/2020,TWF,ID,ANM,WE,Combination Non-Radar Approach Control & Tower w/o Radar,0,13,3,1,17,6,10,25,0,41,6,23,28,1,58,46,0,46,104
08/26/2020,TWF,ID,ANM,WE,Combination Non-Radar Approach Control & Tower w/o Radar,2,12,14,1,29,1,31,47,3,82,3,43,61,4,111,64,0,64,175
08/27/2020,TWF,ID,ANM,WE,Combination Non-Radar Approach Control & Tower w/o Radar,2,16,6,0,24,1,0,29,0,30,3,16,35,0,54,74,0,74,128
08/28/2020,TWF,ID,ANM,WE,Combination Non-Radar Approach Control & Tower w/o Radar,3,14,10,1,28,0,4,55,0,59,3,18,65,1,87,116,4,120,207
08/29/2020,TWF,ID,ANM,WE,Combination Non-Radar Approach Control & Tower w/o Radar,1,17,8,0,26,1,0,48,0,49,2,17,56,0,75,34,0,34,109
08/30/2020,TWF,ID,ANM,WE,Combination Non-Radar Approach Control & Tower w/o Radar,0,5,2,0,7,1,0,13,0,14,1,5,15,0,21,10,0,10,31
08/31/2020,TWF,ID,ANM,WE,Combination Non-Radar Approach Control & Tower w/o Radar,0,13,9,0,22,2,1,29,0,32,2,14,38,0,54,92,0,92,146
09/01/2020,TWF,ID,ANM,WE,Combination Non-Radar Approach Control & Tower w/o Radar,0,17,6,0,23,4,2,43,0,49,4,19,49,0,72,98,0,98,170
09/02/2020,TWF,ID,ANM,WE,Combination Non-Radar Approach Control & Tower w/o Radar,0,12,7,0,19,0,2,39,0,41,0,14,46,0,60,59,0,59,119
09/03/2020,TWF,ID,ANM,WE,Combination Non-Radar Approach Control & Tower w/o Radar,1,14,3,1,19,4,1,44,1,50,5,15,47,2,69,52,6,58,127
09/04/2020,TWF,ID,ANM,WE,Combination Non-Radar Approach Control & Tower w/o Radar,1,14,9,0,24,3,0,68,0,71,4,14,77,0,95,42,0,42,137
09/05/2020,TWF,ID,ANM,WE,Combination Non-Radar Approach Control & Tower w/o Radar,3,10,7,0,20,1,0,46,0,47,4,10,53,0,67,58,0,58,125
09/06/2020,TWF,ID,ANM,WE,Combination Non-Radar Approach Control & Tower w/o Radar,4,6,6,0,16,2,3,15,0,20,6,9,21,0,36,0,0,0,36
09/07/2020,TWF,ID,ANM,WE,Combination Non-Radar Approach Control & Tower w/o Radar,1,14,3,0,18,5,1,17,0,23,6,15,20,0,41,2,0,2,43
09/08/2020,TWF,ID,ANM,WE,Combination Non-Radar Approach Control & Tower w/o Radar,17,13,7,0,37,0,4,37,0,41,17,17,44,0,78,40,0,40,118
09/09/2020,TWF,ID,ANM,WE,Combination Non-Radar Approach Control & Tower w/o Radar,2,14,7,0,23,0,5,45,0,50,2,19,52,0,73,46,0,46,119
09/10/2020,TWF,ID,ANM,WE,Combination Non-Radar Approach Control & Tower w/o Radar,1,14,8,0,23,0,3,43,0,46,1,17,51,0,69,78,0,78,147
09/11/2020,TWF,ID,ANM,WE,Combination Non-Radar Approach Control & Tower w/o Radar,0,17,4,2,23,0,4,45,0,49,0,21,49,2,72,52,0,52,124
09/12/2020,TWF,ID,ANM,WE,Combination Non-Radar Approach Control & Tower w/o Radar,0,13,5,0,18,0,9,53,0,62,0,22,58,0,80,26,0,26,106
09/13/2020,TWF,ID,ANM,WE,Combination Non-Radar Approach Control & Tower w/o Radar,1,14,23,1,39,16,12,17,2,47,17,26,40,3,86,2,0,2,88
09/14/2020,TWF,ID,ANM,WE,Combination Non-Radar Approach Control & Tower w/o Radar,1,11,12,0,24,27,26,31,0,84,28,37,43,0,108,114,0,114,222
09/15/2020,TWF,ID,ANM,WE,Combination Non-Radar Approach Control & Tower w/o Radar,1,18,7,2,28,25,17,116,0,158,26,35,123,2,186,72,0,72,258
09/16/2020,TWF,ID,ANM,WE,Combination Non-Radar Approach Control & Tower w/o Radar,2,15,13,0,30,0,26,35,0,61,2,41,48,0,91,84,0,84,175
09/17/2020,TWF,ID,ANM,WE,Combination Non-Radar Approach Control & Tower w/o Radar,2,23,5,2,32,40,31,38,0,109,42,54,43,2,141,53,0,53,194
09/18/2020,TWF,ID,ANM,WE,Combination Non-Radar Approach Control & Tower w/o Radar,0,13,9,0,22,0,36,51,0,87,0,49,60,0,109,0,0,0,109
09/19/2020,TWF,ID,ANM,WE,Combination Non-Radar Approach Control & Tower w/o Radar,3,10,1,0,14,4,16,25,0,45,7,26,26,0,59,44,0,44,103
09/20/2020,TWF,ID,ANM,WE,Combination Non-Radar Approach Control & Tower w/o Radar,5,2,5,0,12,2,22,69,0,93,7,24,74,0,105,0,0,0,105
09/21/2020,TWF,ID,ANM,WE,Combination Non-Radar Approach Control & Tower w/o Radar,2,11,6,0,19,2,2,56,0,60,4,13,62,0,79,64,0,64,143
09/22/2020,TWF,ID,ANM,WE,Combination Non-Radar Approach Control & Tower w/o Radar,1,15,12,0,28,2,5,59,0,66,3,20,71,0,94,98,0,98,192
09/23/2020,TWF,ID,ANM,WE,Combination Non-Radar Approach Control & Tower w/o Radar,0,17,12,2,31,0,27,77,0,104,0,44,89,2,135,22,16,38,173
09/24/2020,TWF,ID,ANM,WE,Combination Non-Radar Approach Control & Tower w/o Radar,3,12,5,1,21,0,33,52,1,86,3,45,57,2,107,76,0,76,183
09/25/2020,TWF,ID,ANM,WE,Combination Non-Radar Approach Control & Tower w/o Radar,2,18,3,0,23,6,33,59,1,99,8,51,62,1,122,102,0,102,224
09/26/2020,TWF,ID,ANM,WE,Combination Non-Radar Approach Control & Tower w/o Radar,0,13,10,0,23,0,0,13,0,13,0,13,23,0,36,26,0,26,62
09/27/2020,TWF,ID,ANM,WE,Combination Non-Radar Approach Control & Tower w/o Radar,3,4,6,0,13,0,0,19,0,19,3,4,25,0,32,0,0,0,32
09/28/2020,TWF,ID,ANM,WE,Combination Non-Radar Approach Control & Tower w/o Radar,0,5,1,2,8,0,0,20,0,20,0,5,21,2,28,4,8,12,40
09/29/2020,TWF,ID,ANM,WE,Combination Non-Radar Approach Control & Tower w/o Radar,1,12,2,0,15,0,4,52,0,56,1,16,54,0,71,30,0,30,101
09/30/2020,TWF,ID,ANM,WE,Combination Non-Radar Approach Control & Tower w/o Radar,0,27,6,1,34,0,0,41,1,42,0,27,47,2,76,68,6,74,150
10/01/2020,TWF,ID,ANM,WE,Combination Non-Radar Approach Control & Tower w/o Radar,2,14,10,0,26,0,3,56,0,59,2,17,66,0,85,71,0,71,156
10/02/2020,TWF,ID,ANM,WE,Combination Non-Radar Approach Control & Tower w/o Radar,1,11,1,0,13,0,4,28,0,32,1,15,29,0,45,50,0,50,95
10/03/2020,TWF,ID,ANM,WE,Combination Non-Radar Approach Control & Tower w/o Radar,2,7,6,0,15,4,4,22,0,30,6,11,28,0,45,44,0,44,89
10/04/2020,TWF,ID,ANM,WE,Combination Non-Radar Approach Control & Tower w/o Radar,1,6,2,0,9,0,3,43,0,46,1,9,45,0,55,0,0,0,55
10/05/2020,TWF,ID,ANM,WE,Combination Non-Radar Approach Control & Tower w/o Radar,3,6,5,0,14,1,1,26,0,28,4,7,31,0,42,2,0,2,44
10/06/2020,TWF,ID,ANM,WE,Combination Non-Radar Approach Control & Tower w/o Radar,0,17,12,0,29,1,2,39,0,42,1,19,51,0,71,16,0,16,87
10/07/2020,TWF,ID,ANM,WE,Combination Non-Radar Approach Control & Tower w/o Radar,0,15,5,0,20,0,1,40,5,46,0,16,45,5,66,88,0,88,154
10/08/2020,TWF,ID,ANM,WE,Combination Non-Radar Approach Control & Tower w/o Radar,0,17,10,5,32,0,0,44,2,46,0,17,54,7,78,49,24,73,151
10/09/2020,TWF,ID,ANM,WE,Combination Non-Radar Approach Control & Tower w/o Radar,0,18,12,0,30,0,7,43,0,50,0,25,55,0,80,132,0,132,212
10/10/2020,TWF,ID,ANM,WE,Combination Non-Radar Approach Control & Tower w/o Radar,1,11,1,0,13,0,15,14,0,29,1,26,15,0,42,64,0,64,106
10/11/2020,TWF,ID,ANM,WE,Combination Non-Radar Approach Control & Tower w/o Radar,0,8,5,0,13,0,2,5,0,7,0,10,10,0,20,0,0,0,20
10/12/2020,TWF,ID,ANM,WE,Combination Non-Radar Approach Control & Tower w/o Radar,0,9,6,0,15,0,0,12,0,12,0,9,18,0,27,6,0,6,33
10/13/2020,TWF,ID,ANM,WE,Combination Non-Radar Approach Control & Tower w/o Radar,0,14,11,0,25,0,1,30,0,31,0,15,41,0,56,57,0,57,113
10/14/2020,TWF,ID,ANM,WE,Combination Non-Radar Approach Control & Tower w/o Radar,0,16,7,0,23,0,0,13,0,13,0,16,20,0,36,18,0,18,54
10/15/2020,TWF,ID,ANM,WE,Combination Non-Radar Approach Control & Tower w/o Radar,0,17,7,2,26,0,0,45,5,50,0,17,52,7,76,42,4,46,122
10/16/2020,TWF,ID,ANM,WE,Combination Non-Radar Approach Control & Tower w/o Radar,1,15,3,0,19,0,2,63,0,65,1,17,66,0,84,94,0,94,178
10/17/2020,TWF,ID,ANM,WE,Combination Non-Radar Approach Control & Tower w/o Radar,2,6,1,0,9,0,6,18,0,24,2,12,19,0,33,4,0,4,37
10/18/2020,TWF,ID,ANM,WE,Combination Non-Radar Approach Control & Tower w/o Radar,0,5,4,0,9,0,9,20,0,29,0,14,24,0,38,0,0,0,38
10/19/2020,TWF,ID,ANM,WE,Combination Non-Radar Approach Control & Tower w/o Radar,0,10,2,0,12,0,1,26,0,27,0,11,28,0,39,58,0,58,97
10/20/2020,TWF,ID,ANM,WE,Combination Non-Radar Approach Control & Tower w/o Radar,0,15,9,0,24,0,3,35,0,38,0,18,44,0,62,76,0,76,138
10/21/2020,TWF,ID,ANM,WE,Combination Non-Radar Approach Control & Tower w/o Radar,0,16,15,0,31,0,0,29,0,29,0,16,44,0,60,55,0,55,115
10/22/2020,TWF,ID,ANM,WE,Combination Non-Radar Approach Control & Tower w/o Radar,0,14,6,3,23,0,1,30,2,33,0,15,36,5,56,113,16,129,185
10/23/2020,TWF,ID,ANM,WE,Combination Non-Radar Approach Control & Tower w/o Radar,1,13,11,1,26,0,5,46,0,51,1,18,57,1,77,184,0,184,261
10/24/2020,TWF,ID,ANM,WE,Combination Non-Radar Approach Control & Tower w/o Radar,1,7,0,0,8,0,1,3,0,4,1,8,3,0,12,0,0,0,12
10/25/2020,TWF,ID,ANM,WE,Combination Non-Radar Approach Control & Tower w/o Radar,2,6,4,0,12,0,0,8,0,8,2,6,12,0,20,12,0,12,32
10/26/2020,TWF,ID,ANM,WE,Combination Non-Radar Approach Control & Tower w/o Radar,0,5,7,0,12,0,0,16,0,16,0,5,23,0,28,6,0,6,34
10/27/2020,TWF,ID,ANM,WE,Combination Non-Radar Approach Control & Tower w/o Radar,1,12,4,0,17,0,1,36,0,37,1,13,40,0,54,98,0,98,152
10/28/2020,TWF,ID,ANM,WE,Combination Non-Radar Approach Control & Tower w/o Radar,0,19,3,0,22,0,2,51,0,53,0,21,54,0,75,22,0,22,97
10/29/2020,TWF,ID,ANM,WE,Combination Non-Radar Approach Control & Tower w/o Radar,0,17,8,6,31,0,0,73,3,76,0,17,81,9,107,132,14,146,253
10/30/2020,TWF,ID,ANM,WE,Combination Non-Radar Approach Control & Tower w/o Radar,0,13,5,0,18,0,0,51,0,51,0,13,56,0,69,49,0,49,118
10/31/2020,TWF,ID,ANM,WE,Combination Non-Radar Approach Control & Tower w/o Radar,0,9,0,1,10,0,0,31,1,32,0,9,31,2,42,28,0,28,70
11/01/2020,TWF,ID,ANM,WE,Combination Non-Radar Approach Control & Tower w/o Radar,0,6,0,0,6,0,0,26,0,26,0,6,26,0,32,2,0,2,34
11/02/2020,TWF,ID,ANM,WE,Combination Non-Radar Approach Control & Tower w/o Radar,0,12,9,2,23,0,0,37,0,37,0,12,46,2,60,38,0,38,98
11/03/2020,TWF,ID,ANM,WE,Combination Non-Radar Approach Control & Tower w/o Radar,0,13,8,0,21,0,0,35,0,35,0,13,43,0,56,64,0,64,120
11/04/2020,TWF,ID,ANM,WE,Combination Non-Radar Approach Control & Tower w/o Radar,0,10,5,5,20,0,2,44,0,46,0,12,49,5,66,38,4,42,108
11/05/2020,TWF,ID,ANM,WE,Combination Non-Radar Approach Control & Tower w/o Radar,1,14,5,1,21,0,2,53,1,56,1,16,58,2,77,124,0,124,201
11/06/2020,TWF,ID,ANM,WE,Combination Non-Radar Approach Control & Tower w/o Radar,0,17,6,0,23,0,2,15,0,17,0,19,21,0,40,30,0,30,70
11/07/2020,TWF,ID,ANM,WE,Combination Non-Radar Approach Control & Tower w/o Radar,0,5,13,0,18,0,1,11,0,12,0,6,24,0,30,34,0,34,64
11/08/2020,TWF,ID,ANM,WE,Combination Non-Radar Approach Control & Tower w/o Radar,4,6,6,0,16,0,0,0,0,0,4,6,6,0,16,0,0,0,16
11/09/2020,TWF,ID,ANM,WE,Combination Non-Radar Approach Control & Tower w/o Radar,1,13,3,0,17,0,0,16,0,16,1,13,19,0,33,48,0,48,81
11/10/2020,TWF,ID,ANM,WE,Combination Non-Radar Approach Control & Tower w/o Radar,0,12,8,0,20,0,0,10,0,10,0,12,18,0,30,104,0,104,134
11/11/2020,TWF,ID,ANM,WE,Combination Non-Radar Approach Control & Tower w/o Radar,1,14,8,0,23,0,0,13,0,13,1,14,21,0,36,13,0,13,49
11/12/2020,TWF,ID,ANM,WE,Combination Non-Radar Approach Control & Tower w/o Radar,0,20,8,0,28,0,1,59,0,60,0,21,67,0,88,66,0,66,154
11/13/2020,TWF,ID,ANM,WE,Combination Non-Radar Approach Control & Tower w/o Radar,3,14,13,0,30,0,0,6,0,6,3,14,19,0,36,2,0,2,38
11/14/2020,TWF,ID,ANM,WE,Combination Non-Radar Approach Control & Tower w/o Radar,1,10,2,0,13,0,2,11,0,13,1,12,13,0,26,16,0,16,42
11/15/2020,TWF,ID,ANM,WE,Combination Non-Radar Approach Control & Tower w/o Radar,0,9,2,0,11,0,0,0,0,0,0,9,2,0,11,0,0,0,11
11/16/2020,TWF,ID,ANM,WE,Combination Non-Radar Approach Control & Tower w/o Radar,2,13,6,0,21,0,2,23,0,25,2,15,29,0,46,36,0,36,82
11/17/2020,TWF,ID,ANM,WE,Combination Non-Radar Approach Control & Tower w/o Radar,1,11,2,0,14,0,0,24,0,24,1,11,26,0,38,18,0,18,56
11/18/2020,TWF,ID,ANM,WE,Combination Non-Radar Approach Control & Tower w/o Radar,0,19,4,0,23,0,0,8,0,8,0,19,12,0,31,34,0,34,65
11/19/2020,TWF,ID,ANM,WE,Combination Non-Radar Approach Control & Tower w/o Radar,1,12,8,0,21,0,0,20,0,20,1,12,28,0,41,30,0,30,71
11/20/2020,TWF,ID,ANM,WE,Combination Non-Radar Approach Control & Tower w/o Radar,0,17,3,0,20,0,3,57,0,60,0,20,60,0,80,135,0,135,215
11/21/2020,TWF,ID,ANM,WE,Combination Non-Radar Approach Control & Tower w/o Radar,1,9,0,0,10,0,4,55,2,61,1,13,55,2,71,108,0,108,179
11/22/2020,TWF,ID,ANM,WE,Combination Non-Radar Approach Control & Tower w/o Radar,3,5,3,0,11,0,0,26,0,26,3,5,29,0,37,19,0,19,56
11/23/2020,TWF,ID,ANM,WE,Combination Non-Radar Approach Control & Tower w/o Radar,2,12,6,0,20,0,0,35,0,35,2,12,41,0,55,60,0,60,115
11/24/2020,TWF,ID,ANM,WE,Combination Non-Radar Approach Control & Tower w/o Radar,2,14,2,2,20,0,0,48,1,49,2,14,50,3,69,214,0,214,283
11/25/2020,TWF,ID,ANM,WE,Combination Non-Radar Approach Control & Tower w/o Radar,8,11,7,0,26,0,0,8,0,8,8,11,15,0,34,16,0,16,50
11/26/2020,TWF,ID,ANM,WE,Combination Non-Radar Approach Control & Tower w/o Radar,0,7,0,0,7,0,0,1,0,1,0,7,1,0,8,0,0,0,8
11/27/2020,TWF,ID,ANM,WE,Combination Non-Radar Approach Control & Tower w/o Radar,0,12,0,0,12,0,0,48,2,50,0,12,48,2,62,52,0,52,114
11/28/2020,TWF,ID,ANM,WE,Combination Non-Radar Approach Control & Tower w/o Radar,0,12,2,0,14,0,4,15,0,19,0,16,17,0,33,14,0,14,47
11/29/2020,TWF,ID,ANM,WE,Combination Non-Radar Approach Control & Tower w/o Radar,0,7,4,0,11,0,1,25,0,26,0,8,29,0,37,12,0,12,49
11/30/2020,TWF,ID,ANM,WE,Combination Non-Radar Approach Control & Tower w/o Radar,2,10,7,0,19,0,0,34,1,35,2,10,41,1,54,34,0,34,88
12/01/2020,TWF,ID,ANM,WE,Combination Non-Radar Approach Control & Tower w/o Radar,0,20,7,1,28,0,0,40,5,45,0,20,47,6,73,67,2,69,142
12/02/2020,TWF,ID,ANM,WE,Combination Non-Radar Approach Control & Tower w/o Radar,0,18,6,1,25,0,0,39,1,40,0,18,45,2,65,99,0,99,164
12/03/2020,TWF,ID,ANM,WE,Combination Non-Radar Approach Control & Tower w/o Radar,0,16,7,0,23,0,0,57,0,57,0,16,64,0,80,74,0,74,154
12/04/2020,TWF,ID,ANM,WE,Combination Non-Radar Approach Control & Tower w/o Radar,0,12,3,0,15,0,0,48,0,48,0,12,51,0,63,91,0,91,154
12/05/2020,TWF,ID,ANM,WE,Combination Non-Radar Approach Control & Tower w/o Radar,0,9,3,0,12,0,2,43,0,45,0,11,46,0,57,62,0,62,119
12/06/2020,TWF,ID,ANM,WE,Combination Non-Radar Approach Control & Tower w/o Radar,1,4,1,0,6,0,0,22,0,22,1,4,23,0,28,18,0,18,46
12/07/2020,TWF,ID,ANM,WE,Combination Non-Radar Approach Control & Tower w/o Radar,0,5,7,0,12,0,0,20,0,20,0,5,27,0,32,26,0,26,58
12/08/2020,TWF,ID,ANM,WE,Combination Non-Radar Approach Control & Tower w/o Radar,0,18,14,0,32,0,0,58,1,59,0,18,72,1,91,64,0,64,155
12/09/2020,TWF,ID,ANM,WE,Combination Non-Radar Approach Control & Tower w/o Radar,0,13,3,2,18,0,1,45,0,46,0,14,48,2,64,28,0,28,92
12/10/2020,TWF,ID,ANM,WE,Combination Non-Radar Approach Control & Tower w/o Radar,0,16,6,6,28,0,0,43,1,44,0,16,49,7,72,121,14,135,207
12/11/2020,TWF,ID,ANM,WE,Combination Non-Radar Approach Control & Tower w/o Radar,0,14,6,0,20,0,1,18,1,20,0,15,24,1,40,44,0,44,84
12/12/2020,TWF,ID,ANM,WE,Combination Non-Radar Approach Control & Tower w/o Radar,0,7,3,0,10,0,0,27,1,28,0,7,30,1,38,28,0,28,66
12/13/2020,TWF,ID,ANM,WE,Combination Non-Radar Approach Control & Tower w/o Radar,1,5,3,0,9,0,0,4,0,4,1,5,7,0,13,0,0,0,13
12/14/2020,TWF,ID,ANM,WE,Combination Non-Radar Approach Control & Tower w/o Radar,0,17,5,2,24,0,0,0,0,0,0,17,5,2,24,0,0,0,24
12/15/2020,TWF,ID,ANM,WE,Combination Non-Radar Approach Control & Tower w/o Radar,0,10,4,0,14,0,1,10,0,11,0,11,14,0,25,14,0,14,39
12/16/2020,TWF,ID,ANM,WE,Combination Non-Radar Approach Control & Tower w/o Radar,0,17,7,0,24,0,0,41,0,41,0,17,48,0,65,42,0,42,107
12/17/2020,TWF,ID,ANM,WE,Combination Non-Radar Approach Control & Tower w/o Radar,1,27,11,0,39,0,0,0,0,0,1,27,11,0,39,0,0,0,39
12/18/2020,TWF,ID,ANM,WE,Combination Non-Radar Approach Control & Tower w/o Radar,1,17,14,2,34,0,0,44,0,44,1,17,58,2,78,47,0,47,125
12/19/2020,TWF,ID,ANM,WE,Combination Non-Radar Approach Control & Tower w/o Radar,0,13,3,1,17,0,1,35,1,37,0,14,38,2,54,40,0,40,94
12/20/2020,TWF,ID,ANM,WE,Combination Non-Radar Approach Control & Tower w/o Radar,0,13,14,0,27,0,0,19,0,19,0,13,33,0,46,0,0,0,46
12/21/2020,TWF,ID,ANM,WE,Combination Non-Radar Approach Control & Tower w/o Radar,0,14,8,0,22,0,0,44,0,44,0,14,52,0,66,34,0,34,100
12/22/2020,TWF,ID,ANM,WE,Combination Non-Radar Approach Control & Tower w/o Radar,0,21,3,1,25,0,0,6,1,7,0,21,9,2,32,0,0,0,32
12/23/2020,TWF,ID,ANM,WE,Combination Non-Radar Approach Control & Tower w/o Radar,0,19,7,2,28,0,0,25,3,28,0,19,32,5,56,42,0,42,98
12/24/2020,TWF,ID,ANM,WE,Combination Non-Radar Approach Control & Tower w/o Radar,1,11,0,0,12,0,0,14,0,14,1,11,14,0,26,50,0,50,76
12/25/2020,TWF,ID,ANM,WE,Combination Non-Radar Approach Control & Tower w/o Radar,0,5,0,0,5,0,0,4,0,4,0,5,4,0,9,0,0,0,9
12/26/2020,TWF,ID,ANM,WE,Combination Non-Radar Approach Control & Tower w/o Radar,0,26,19,0,45,0,0,4,0,4,0,26,23,0,49,12,0,12,61
12/27/2020,TWF,ID,ANM,WE,Combination Non-Radar Approach Control & Tower w/o Radar,0,9,14,0,23,0,0,13,0,13,0,9,27,0,36,0,0,0,36
12/28/2020,TWF,ID,ANM,WE,Combination Non-Radar Approach Control & Tower w/o Radar,0,8,1,1,10,0,0,9,1,10,0,8,10,2,20,0,0,0,20
12/29/2020,TWF,ID,ANM,WE,Combination Non-Radar Approach Control & Tower w/o Radar,1,16,12,3,32,0,0,26,0,26,1,16,38,3,58,24,0,24,82
12/30/2020,TWF,ID,ANM,WE,Combination Non-Radar Approach Control & Tower w/o Radar,4,13,4,1,22,0,2,21,0,23,4,15,25,1,45,40,0,40,85
12/31/2020,TWF,ID,ANM,WE,Combination Non-Radar Approach Control & Tower w/o Radar,2,15,0,0,17,0,0,10,0,10,2,15,10,0,27,68,0,68,95
01/01/2021,TWF,ID,ANM,WE,Combination Non-Radar Approach Control & Tower w/o Radar,1,20,5,0,26,0,1,20,0,21,1,21,25,0,47,0,0,0,47
01/02/2021,TWF,ID,ANM,WE,Combination Non-Radar Approach Control & Tower w/o Radar,0,27,2,0,29,0,2,24,0,26,0,29,26,0,55,14,0,14,69
01/03/2021,TWF,ID,ANM,WE,Combination Non-Radar Approach Control & Tower w/o Radar,0,37,12,0,49,0,0,0,0,0,0,37,12,0,49,0,0,0,49
01/04/2021,TWF,ID,ANM,WE,Combination Non-Radar Approach Control & Tower w/o Radar,3,14,4,0,21,0,0,6,0,6,3,14,10,0,27,18,0,18,45
01/05/2021,TWF,ID,ANM,WE,Combination Non-Radar Approach Control & Tower w/o Radar,0,13,9,0,22,0,0,22,0,22,0,13,31,0,44,20,0,20,64
01/06/2021,TWF,ID,ANM,WE,Combination Non-Radar Approach Control & Tower w/o Radar,0,15,13,4,32,0,0,37,0,37,0,15,50,4,69,24,0,24,93
01/07/2021,TWF,ID,ANM,WE,Combination Non-Radar Approach Control & Tower w/o Radar,0,14,11,3,28,0,0,14,1,15,0,14,25,4,43,44,0,44,87
01/08/2021,TWF,ID,ANM,WE,Combination Non-Radar Approach Control & Tower w/o Radar,0,13,2,0,15,0,0,20,0,20,0,13,22,0,35,54,0,54,89
01/09/2021,TWF,ID,ANM,WE,Combination Non-Radar Approach Control & Tower w/o Radar,0,11,7,0,18,0,0,5,0,5,0,11,12,0,23,34,0,34,57
01/10/2021,TWF,ID,ANM,WE,Combination Non-Radar Approach Control & Tower w/o Radar,1,12,6,0,19,0,0,24,0,24,1,12,30,0,43,0,0,0,43
01/11/2021,TWF,ID,ANM,WE,Combination Non-Radar Approach Control & Tower w/o Radar,0,8,4,0,12,0,0,42,0,42,0,8,46,0,54,40,0,40,94
01/12/2021,TWF,ID,ANM,WE,Combination Non-Radar Approach Control & Tower w/o Radar,2,19,12,0,33,0,0,23,0,23,2,19,35,0,56,60,0,60,116
01/13/2021,TWF,ID,ANM,WE,Combination Non-Radar Approach Control & Tower w/o Radar,0,21,6,0,27,0,0,1,0,1,0,21,7,0,28,0,0,0,28
01/14/2021,TWF,ID,ANM,WE,Combination Non-Radar Approach Control & Tower w/o Radar,0,12,7,0,19,0,0,35,1,36,0,12,42,1,55,16,0,16,71
01/15/2021,TWF,ID,ANM,WE,Combination Non-Radar Approach Control & Tower w/o Radar,0,14,9,0,23,0,2,38,0,40,0,16,47,0,63,0,0,0,63
01/16/2021,TWF,ID,ANM,WE,Combination Non-Radar Approach Control & Tower w/o Radar,0,8,9,0,17,0,2,31,0,33,0,10,40,0,50,60,0,60,110
01/17/2021,TWF,ID,ANM,WE,Combination Non-Radar Approach Control & Tower w/o Radar,1,4,6,0,11,0,6,14,0,20,1,10,20,0,31,2,22,24,55
01/18/2021,TWF,ID,ANM,WE,Combination Non-Radar Approach Control & Tower w/o Radar,0,11,4,0,15,0,0,15,0,15,0,11,19,0,30,0,0,0,30
01/19/2021,TWF,ID,ANM,WE,Combination Non-Radar Approach Control & Tower w/o Radar,0,15,7,4,26,0,0,57,0,57,0,15,64,4,83,42,0,42,125
01/20/2021,TWF,ID,ANM,WE,Combination Non-Radar Approach Control & Tower w/o Radar,0,18,9,0,27,0,0,32,0,32,0,18,41,0,59,32,0,32,91
01/21/2021,TWF,ID,ANM,WE,Combination Non-Radar Approach Control & Tower w/o Radar,0,18,10,0,28,0,0,26,0,26,0,18,36,0,54,40,0,40,94
01/22/2021,TWF,ID,ANM,WE,Combination Non-Radar Approach Control & Tower w/o Radar,1,13,7,2,23,0,4,15,0,19,1,17,22,2,42,62,0,62,104
01/23/2021,TWF,ID,ANM,WE,Combination Non-Radar Approach Control & Tower w/o Radar,2,14,5,1,22,0,0,5,0,5,2,14,10,1,27,0,0,0,27
01/24/2021,TWF,ID,ANM,WE,Combination Non-Radar Approach Control & Tower w/o Radar,0,11,6,1,18,0,0,23,0,23,0,11,29,1,41,12,0,12,53
01/25/2021,TWF,ID,ANM,WE,Combination Non-Radar Approach Control & Tower w/o Radar,0,9,7,0,16,0,0,28,0,28,0,9,35,0,44,14,0,14,58
01/26/2021,TWF,ID,ANM,WE,Combination Non-Radar Approach Control & Tower w/o Radar,0,14,5,0,19,0,0,26,1,27,0,14,31,1,46,80,0,80,126
01/27/2021,TWF,ID,ANM,WE,Combination Non-Radar Approach Control & Tower w/o Radar,3,19,7,0,29,0,2,1,5,8,3,21,8,5,37,0,4,4,41
01/28/2021,TWF,ID,ANM,WE,Combination Non-Radar Approach Control & Tower w/o Radar,13,22,2,1,38,0,0,5,0,5,13,22,7,1,43,0,0,0,43
01/29/2021,TWF,ID,ANM,WE,Combination Non-Radar Approach Control & Tower w/o Radar,1,28,13,0,42,0,0,9,0,9,1,28,22,0,51,9,0,9,60
01/30/2021,TWF,ID,ANM,WE,Combination Non-Radar Approach Control & Tower w/o Radar,0,8,8,1,17,0,2,33,3,38,0,10,41,4,55,38,0,38,93
01/31/2021,TWF,ID,ANM,WE,Combination Non-Radar Approach Control & Tower w/o Radar,0,8,5,0,13,0,1,31,0,32,0,9,36,0,45,0,0,0,45
02/01/2021,TWF,ID,ANM,WE,Combination Non-Radar Approach Control & Tower w/o Radar,0,8,1,0,9,0,0,30,0,30,0,8,31,0,39,72,0,72,111
02/02/2021,TWF,ID,ANM,WE,Combination Non-Radar Approach Control & Tower w/o Radar,0,14,7,0,21,0,0,29,0,29,0,14,36,0,50,16,0,16,66
02/03/2021,TWF,ID,ANM,WE,Combination Non-Radar Approach Control & Tower w/o Radar,1,15,8,0,24,0,0,10,0,10,1,15,18,0,34,4,0,4,38
02/04/2021,TWF,ID,ANM,WE,Combination Non-Radar Approach Control & Tower w/o Radar,0,14,5,0,19,0,0,28,6,34,0,14,33,6,53,70,0,70,123
02/05/2021,TWF,ID,ANM,WE,Combination Non-Radar Approach Control & Tower w/o Radar,1,15,6,0,22,0,0,5,0,5,1,15,11,0,27,0,0,0,27
02/06/2021,TWF,ID,ANM,WE,Combination Non-Radar Approach Control & Tower w/o Radar,0,7,3,0,10,0,6,18,0,24,0,13,21,0,34,76,0,76,110
02/07/2021,TWF,ID,ANM,WE,Combination Non-Radar Approach Control & Tower w/o Radar,0,3,5,0,8,0,0,4,0,4,0,3,9,0,12,2,0,2,14
02/08/2021,TWF,ID,ANM,WE,Combination Non-Radar Approach Control & Tower w/o Radar,0,9,11,0,20,0,0,27,0,27,0,9,38,0,47,40,0,40,87
02/09/2021,TWF,ID,ANM,WE,Combination Non-Radar Approach Control & Tower w/o Radar,0,14,6,4,24,0,0,51,8,59,0,14,57,12,83,38,16,54,137
02/10/2021,TWF,ID,ANM,WE,Combination Non-Radar Approach Control & Tower w/o Radar,1,14,4,0,19,0,2,45,0,47,1,16,49,0,66,66,0,66,132
02/11/2021,TWF,ID,ANM,WE,Combination Non-Radar Approach Control & Tower w/o Radar,1,13,3,1,18,0,0,20,0,20,1,13,23,1,38,44,5,49,87
02/12/2021,TWF,ID,ANM,WE,Combination Non-Radar Approach Control & Tower w/o Radar,0,30,14,0,44,0,0,2,0,2,0,30,16,0,46,0,0,0,46
02/13/2021,TWF,ID,ANM,WE,Combination Non-Radar Approach Control & Tower w/o Radar,0,27,8,0,35,0,0,0,0,0,0,27,8,0,35,0,0,0,35
02/14/2021,TWF,ID,ANM,WE,Combination Non-Radar Approach Control & Tower w/o Radar,1,13,6,0,20,0,1,8,0,9,1,14,14,0,29,4,0,4,33
02/15/2021,TWF,ID,ANM,WE,Combination Non-Radar Approach Control & Tower w/o Radar,0,30,8,0,38,0,0,0,0,0,0,30,8,0,38,0,0,0,38
02/16/2021,TWF,ID,ANM,WE,Combination Non-Radar Approach Control & Tower w/o Radar,1,9,5,0,15,0,2,3,0,5,1,11,8,0,20,4,0,4,24
02/17/2021,TWF,ID,ANM,WE,Combination Non-Radar Approach Control & Tower w/o Radar,0,13,3,1,17,0,0,12,0,12,0,13,15,1,29,12,0,12,41
02/18/2021,TWF,ID,ANM,WE,Combination Non-Radar Approach Control & Tower w/o Radar,0,10,9,2,21,0,1,32,0,33,0,11,41,2,54,94,10,104,158
02/19/2021,TWF,ID,ANM,WE,Combination Non-Radar Approach Control & Tower w/o Radar,0,16,2,0,18,0,1,11,0,12,0,17,13,0,30,46,0,46,76
02/20/2021,TWF,ID,ANM,WE,Combination Non-Radar Approach Control & Tower w/o Radar,1,12,2,0,15,0,0,13,0,13,1,12,15,0,28,44,0,44,72
02/21/2021,TWF,ID,ANM,WE,Combination Non-Radar Approach Control & Tower w/o Radar,0,8,2,0,10,0,0,9,0,9,0,8,11,0,19,1,0,1,20
02/22/2021,TWF,ID,ANM,WE,Combination Non-Radar Approach Control & Tower w/o Radar,0,9,6,0,15,0,0,24,0,24,0,9,30,0,39,45,0,45,84
02/23/2021,TWF,ID,ANM,WE,Combination Non-Radar Approach Control & Tower w/o Radar,0,18,7,0,25,0,0,21,0,21,0,18,28,0,46,32,0,32,78
02/24/2021,TWF,ID,ANM,WE,Combination Non-Radar Approach Control & Tower w/o Radar,0,17,3,0,20,0,0,25,0,25,0,17,28,0,45,38,0,38,83
02/25/2021,TWF,ID,ANM,WE,Combination Non-Radar Approach Control & Tower w/o Radar,0,17,10,0,27,0,1,45,0,46,0,18,55,0,73,110,0,110,183
02/26/2021,TWF,ID,ANM,WE,Combination Non-Radar Approach Control & Tower w/o Radar,0,20,4,0,24,0,0,16,0,16,0,20,20,0,40,20,0,20,60
02/27/2021,TWF,ID,ANM,WE,Combination Non-Radar Approach Control & Tower w/o Radar,0,7,1,0,8,0,2,19,0,21,0,9,20,0,29,66,0,66,95
02/28/2021,TWF,ID,ANM,WE,Combination Non-Radar Approach Control & Tower w/o Radar,0,13,7,0,20,0,1,34,0,35,0,14,41,0,55,6,0,6,61
03/01/2021,TWF,ID,ANM,WE,Combination Non-Radar Approach Control & Tower w/o Radar,0,11,11,0,22,0,0,50,0,50,0,11,61,0,72,78,0,78,150
03/02/2021,TWF,ID,ANM,WE,Combination Non-Radar Approach Control & Tower w/o Radar,0,20,3,2,25,0,0,53,6,59,0,20,56,8,84,78,16,94,178
03/03/2021,TWF,ID,ANM,WE,Combination Non-Radar Approach Control & Tower w/o Radar,0,17,7,1,25,0,0,63,0,63,0,17,70,1,88,48,0,48,136
03/04/2021,TWF,ID,ANM,WE,Combination Non-Radar Approach Control & Tower w/o Radar,0,13,4,0,17,0,0,89,0,89,0,13,93,0,106,126,0,126,232
03/05/2021,TWF,ID,ANM,WE,Combination Non-Radar Approach Control & Tower w/o Radar,0,10,10,0,20,0,0,52,0,52,0,10,62,0,72,30,0,30,102
03/06/2021,TWF,ID,ANM,WE,Combination Non-Radar Approach Control & Tower w/o Radar,0,9,0,0,9,0,0,15,2,17,0,9,15,2,26,18,2,20,46
03/07/2021,TWF,ID,ANM,WE,Combination Non-Radar Approach Control & Tower w/o Radar,0,6,1,0,7,0,0,36,0,36,0,6,37,0,43,14,0,14,57
03/08/2021,TWF,ID,ANM,WE,Combination Non-Radar Approach Control & Tower w/o Radar,0,12,12,0,24,0,0,40,0,40,0,12,52,0,64,72,0,72,136
03/09/2021,TWF,ID,ANM,WE,Combination Non-Radar Approach Control & Tower w/o Radar,1,15,8,2,26,0,0,48,0,48,1,15,56,2,74,156,0,156,230
03/10/2021,TWF,ID,ANM,WE,Combination Non-Radar Approach Control & Tower w/o Radar,0,20,10,2,32,0,0,58,1,59,0,20,68,3,91,102,0,102,193
03/11/2021,TWF,ID,ANM,WE,Combination Non-Radar Approach Control & Tower w/o Radar,0,19,6,1,26,0,0,40,0,40,0,19,46,1,66,88,16,104,170
03/12/2021,TWF,ID,ANM,WE,Combination Non-Radar Approach Control & Tower w/o Radar,0,14,5,0,19,0,0,70,0,70,0,14,75,0,89,66,2,68,157
03/13/2021,TWF,ID,ANM,WE,Combination Non-Radar Approach Control & Tower w/o Radar,0,10,4,0,14,0,0,55,0,55,0,10,59,0,69,52,0,52,121
03/14/2021,TWF,ID,ANM,WE,Combination Non-Radar Approach Control & Tower w/o Radar,0,5,6,0,11,0,0,33,0,33,0,5,39,0,44,4,0,4,48
03/15/2021,TWF,ID,ANM,WE,Combination Non-Radar Approach Control & Tower w/o Radar,0,9,6,0,15,0,0,20,0,20,0,9,26,0,35,38,0,38,73
03/16/2021,TWF,ID,ANM,WE,Combination Non-Radar Approach Control & Tower w/o Radar,0,11,10,3,24,0,4,56,3,63,0,15,66,6,87,38,29,67,154
03/17/2021,TWF,ID,ANM,WE,Combination Non-Radar Approach Control & Tower w/o Radar,0,18,13,2,33,0,0,87,0,87,0,18,100,2,120,74,10,84,204
03/18/2021,TWF,ID,ANM,WE,Combination Non-Radar Approach Control & Tower w/o Radar,0,20,16,3,39,0,0,58,3,61,0,20,74,6,100,182,24,206,306
03/19/2021,TWF,ID,ANM,WE,Combination Non-Radar Approach Control & Tower w/o Radar,0,12,4,2,18,0,0,23,0,23,0,12,27,2,41,178,0,178,219
03/20/2021,TWF,ID,ANM,WE,Combination Non-Radar Approach Control & Tower w/o Radar,0,17,7,0,24,0,0,16,0,16,0,17,23,0,40,77,0,77,117
03/21/2021,TWF,ID,ANM,WE,Combination Non-Radar Approach Control & Tower w/o Radar,0,5,3,0,8,0,0,8,0,8,0,5,11,0,16,14,0,14,30
03/22/2021,TWF,ID,ANM,WE,Combination Non-Radar Approach Control & Tower w/o Radar,0,12,5,0,17,0,0,8,0,8,0,12,13,0,25,38,0,38,63
03/23/2021,TWF,ID,ANM,WE,Combination Non-Radar Approach Control & Tower w/o Radar,0,16,3,1,20,0,2,17,1,20,0,18,20,2,40,72,0,72,112
03/24/2021,TWF,ID,ANM,WE,Combination Non-Radar Approach Control & Tower w/o Radar,2,9,10,2,23,0,4,47,1,52,2,13,57,3,75,124,18,142,217
03/25/2021,TWF,ID,ANM,WE,Combination Non-Radar Approach Control & Tower w/o Radar,5,26,6,0,37,0,0,6,0,6,5,26,12,0,43,20,0,20,63
03/26/2021,TWF,ID,ANM,WE,Combination Non-Radar Approach Control & Tower w/o Radar,1,14,4,0,19,0,5,28,0,33,1,19,32,0,52,56,0,56,108
03/27/2021,TWF,ID,ANM,WE,Combination Non-Radar Approach Control & Tower w/o Radar,1,5,7,0,13,0,3,37,0,40,1,8,44,0,53,82,0,82,135
03/28/2021,TWF,ID,ANM,WE,Combination Non-Radar Approach Control & Tower w/o Radar,0,3,4,0,7,0,0,5,0,5,0,3,9,0,12,2,0,2,14
03/29/2021,TWF,ID,ANM,WE,Combination Non-Radar Approach Control & Tower w/o Radar,0,14,5,0,19,0,0,6,0,6,0,14,11,0,25,0,0,0,25
03/30/2021,TWF,ID,ANM,WE,Combination Non-Radar Approach Control & Tower w/o Radar,0,5,1,0,6,0,0,14,1,15,0,5,15,1,21,110,0,110,131
03/31/2021,TWF,ID,ANM,WE,Combination Non-Radar Approach Control & Tower w/o Radar,0,4,4,0,8,0,0,27,0,27,0,4,31,0,35,58,12,70,105
04/01/2021,TWF,ID,ANM,WE,Combination Non-Radar Approach Control & Tower w/o Radar,0,6,8,1,15,0,0,24,0,24,0,6,32,1,39,162,0,162,201
04/02/2021,TWF,ID,ANM,WE,Combination Non-Radar Approach Control & Tower w/o Radar,0,15,2,0,17,0,0,39,0,39,0,15,41,0,56,106,0,106,162
04/03/2021,TWF,ID,ANM,WE,Combination Non-Radar Approach Control & Tower w/o Radar,1,7,3,1,12,0,0,54,3,57,1,7,57,4,69,74,0,74,143
04/04/2021,TWF,ID,ANM,WE,Combination Non-Radar Approach Control & Tower w/o Radar,2,4,2,0,8,0,0,20,0,20,2,4,22,0,28,6,0,6,34
04/05/2021,TWF,ID,ANM,WE,Combination Non-Radar Approach Control & Tower w/o Radar,1,9,6,0,16,0,0,11,0,11,1,9,17,0,27,20,0,20,47
04/06/2021,TWF,ID,ANM,WE,Combination Non-Radar Approach Control & Tower w/o Radar,0,12,2,0,14,0,0,18,0,18,0,12,20,0,32,14,0,14,46
04/07/2021,TWF,ID,ANM,WE,Combination Non-Radar Approach Control & Tower w/o Radar,0,16,3,2,21,0,0,70,0,70,0,16,73,2,91,100,0,100,191
04/08/2021,TWF,ID,ANM,WE,Combination Non-Radar Approach Control & Tower w/o Radar,0,15,4,0,19,0,0,17,0,17,0,15,21,0,36,62,0,62,98
04/09/2021,TWF,ID,ANM,WE,Combination Non-Radar Approach Control & Tower w/o Radar,0,15,11,1,27,0,0,63,0,63,0,15,74,1,90,126,12,138,228
04/10/2021,TWF,ID,ANM,WE,Combination Non-Radar Approach Control & Tower w/o Radar,0,0,0,0,0,0,0,0,0,0,0,0,0,0,0,48,0,48,48
04/11/2021,TWF,ID,ANM,WE,Combination Non-Radar Approach Control & Tower w/o Radar,1,10,5,0,16,0,1,29,0,30,1,11,34,0,46,0,0,0,46
04/12/2021,TWF,ID,ANM,WE,Combination Non-Radar Approach Control & Tower w/o Radar,0,13,2,3,18,0,0,46,2,48,0,13,48,5,66,60,14,74,140
04/13/2021,TWF,ID,ANM,WE,Combination Non-Radar Approach Control & Tower w/o Radar,0,17,7,0,24,0,0,13,0,13,0,17,20,0,37,19,0,19,56
04/14/2021,TWF,ID,ANM,WE,Combination Non-Radar Approach Control & Tower w/o Radar,0,15,9,0,24,0,0,7,0,7,0,15,16,0,31,22,0,22,53
04/15/2021,TWF,ID,ANM,WE,Combination Non-Radar Approach Control & Tower w/o Radar,0,17,4,2,23,0,0,46,0,46,0,17,50,2,69,118,18,136,205
04/16/2021,TWF,ID,ANM,WE,Combination Non-Radar Approach Control & Tower w/o Radar,0,12,5,2,19,0,7,62,4,73,0,19,67,6,92,78,14,92,184
04/17/2021,TWF,ID,ANM,WE,Combination Non-Radar Approach Control & Tower w/o Radar,0,7,8,0,15,0,1,63,9,73,0,8,71,9,88,30,0,30,118
04/18/2021,TWF,ID,ANM,WE,Combination Non-Radar Approach Control & Tower w/o Radar,0,5,12,0,17,0,2,37,4,43,0,7,49,4,60,6,0,6,66
04/19/2021,TWF,ID,ANM,WE,Combination Non-Radar Approach Control & Tower w/o Radar,1,3,3,0,7,0,0,18,0,18,1,3,21,0,25,10,0,10,35
04/20/2021,TWF,ID,ANM,WE,Combination Non-Radar Approach Control & Tower w/o Radar,0,15,10,0,25,0,1,66,0,67,0,16,76,0,92,66,0,66,158
04/21/2021,TWF,ID,ANM,WE,Combination Non-Radar Approach Control & Tower w/o Radar,1,13,15,1,30,0,2,54,1,57,1,15,69,2,87,0,0,0,87
04/22/2021,TWF,ID,ANM,WE,Combination Non-Radar Approach Control & Tower w/o Radar,0,13,9,0,22,0,2,36,0,38,0,15,45,0,60,30,0,30,90
04/23/2021,TWF,ID,ANM,WE,Combination Non-Radar Approach Control & Tower w/o Radar,0,13,7,0,20,0,0,44,0,44,0,13,51,0,64,32,0,32,96
04/24/2021,TWF,ID,ANM,WE,Combination Non-Radar Approach Control & Tower w/o Radar,0,4,7,0,11,0,0,20,0,20,0,4,27,0,31,64,0,64,95
04/25/2021,TWF,ID,ANM,WE,Combination Non-Radar Approach Control & Tower w/o Radar,0,5,5,0,10,0,0,10,0,10,0,5,15,0,20,14,0,14,34
04/26/2021,TWF,ID,ANM,WE,Combination Non-Radar Approach Control & Tower w/o Radar,0,9,6,2,17,0,0,18,0,18,0,9,24,2,35,38,8,46,81
04/27/2021,TWF,ID,ANM,WE,Combination Non-Radar Approach Control & Tower w/o Radar,0,16,5,3,24,0,0,49,2,51,0,16,54,5,75,94,4,98,173
04/28/2021,TWF,ID,ANM,WE,Combination Non-Radar Approach Control & Tower w/o Radar,0,18,12,0,30,0,1,48,2,51,0,19,60,2,81,54,0,54,135
04/29/2021,TWF,ID,ANM,WE,Combination Non-Radar Approach Control & Tower w/o Radar,0,16,7,0,23,0,1,60,0,61,0,17,67,0,84,88,0,88,172
04/30/2021,TWF,ID,ANM,WE,Combination Non-Radar Approach Control & Tower w/o Radar,0,12,10,2,24,0,0,41,2,43,0,12,51,4,67,60,0,60,127
05/01/2021,TWF,ID,ANM,WE,Combination Non-Radar Approach Control & Tower w/o Radar,0,0,0,0,0,0,0,0,0,0,0,0,0,0,0,26,0,26,26
05/02/2021,TWF,ID,ANM,WE,Combination Non-Radar Approach Control & Tower w/o Radar,0,8,3,0,11,0,0,4,1,5,0,8,7,1,16,0,0,0,16
05/03/2021,TWF,ID,ANM,WE,Combination Non-Radar Approach Control & Tower w/o Radar,0,11,4,2,17,0,1,46,3,50,0,12,50,5,67,66,0,66,133
05/04/2021,TWF,ID,ANM,WE,Combination Non-Radar Approach Control & Tower w/o Radar,0,14,4,1,19,0,0,26,1,27,0,14,30,2,46,56,0,56,102
05/05/2021,TWF,ID,ANM,WE,Combination Non-Radar Approach Control & Tower w/o Radar,0,20,15,0,35,0,1,59,0,60,0,21,74,0,95,82,0,82,177
05/06/2021,TWF,ID,ANM,WE,Combination Non-Radar Approach Control & Tower w/o Radar,0,14,8,0,22,0,2,89,0,91,0,16,97,0,113,70,0,70,183
05/07/2021,TWF,ID,ANM,WE,Combination Non-Radar Approach Control & Tower w/o Radar,0,14,2,0,16,0,0,17,2,19,0,14,19,2,35,44,0,44,79
05/08/2021,TWF,ID,ANM,WE,Combination Non-Radar Approach Control & Tower w/o Radar,0,9,5,0,14,0,0,21,1,22,0,9,26,1,36,8,0,8,44
05/09/2021,TWF,ID,ANM,WE,Combination Non-Radar Approach Control & Tower w/o Radar,0,7,5,0,12,0,0,17,1,18,0,7,22,1,30,20,0,20,50
05/10/2021,TWF,ID,ANM,WE,Combination Non-Radar Approach Control & Tower w/o Radar,0,8,2,0,10,0,0,9,0,9,0,8,11,0,19,14,0,14,33
05/11/2021,TWF,ID,ANM,WE,Combination Non-Radar Approach Control & Tower w/o Radar,0,11,8,0,19,0,0,66,0,66,0,11,74,0,85,47,0,47,132
05/12/2021,TWF,ID,ANM,WE,Combination Non-Radar Approach Control & Tower w/o Radar,0,16,9,0,25,0,1,77,0,78,0,17,86,0,103,78,0,78,181
05/13/2021,TWF,ID,ANM,WE,Combination Non-Radar Approach Control & Tower w/o Radar,0,12,6,0,18,0,0,61,4,65,0,12,67,4,83,66,4,70,153
05/14/2021,TWF,ID,ANM,WE,Combination Non-Radar Approach Control & Tower w/o Radar,0,16,6,0,22,0,0,40,0,40,0,16,46,0,62,53,0,53,115
05/15/2021,TWF,ID,ANM,WE,Combination Non-Radar Approach Control & Tower w/o Radar,0,12,6,0,18,0,0,31,2,33,0,12,37,2,51,56,0,56,107
05/16/2021,TWF,ID,ANM,WE,Combination Non-Radar Approach Control & Tower w/o Radar,0,8,7,0,15,0,3,37,0,40,0,11,44,0,55,0,0,0,55
05/17/2021,TWF,ID,ANM,WE,Combination Non-Radar Approach Control & Tower w/o Radar,0,11,2,0,13,0,0,43,0,43,0,11,45,0,56,42,0,42,98
05/18/2021,TWF,ID,ANM,WE,Combination Non-Radar Approach Control & Tower w/o Radar,0,14,3,3,20,0,0,32,3,35,0,14,35,6,55,48,0,48,103
05/19/2021,TWF,ID,ANM,WE,Combination Non-Radar Approach Control & Tower w/o Radar,0,21,14,2,37,0,0,49,2,51,0,21,63,4,88,44,0,44,132
05/20/2021,TWF,ID,ANM,WE,Combination Non-Radar Approach Control & Tower w/o Radar,0,14,10,2,26,0,0,31,4,35,0,14,41,6,61,92,6,98,159
05/21/2021,TWF,ID,ANM,WE,Combination Non-Radar Approach Control & Tower w/o Radar,0,19,9,0,28,0,1,22,2,25,0,20,31,2,53,49,0,49,102
05/22/2021,TWF,ID,ANM,WE,Combination Non-Radar Approach Control & Tower w/o Radar,0,18,1,0,19,0,1,18,0,19,0,19,19,0,38,44,0,44,82
05/23/2021,TWF,ID,ANM,WE,Combination Non-Radar Approach Control & Tower w/o Radar,0,8,0,0,8,0,0,6,0,6,0,8,6,0,14,0,0,0,14
05/24/2021,TWF,ID,ANM,WE,Combination Non-Radar Approach Control & Tower w/o Radar,2,13,7,0,22,0,0,19,0,19,2,13,26,0,41,56,0,56,97
05/25/2021,TWF,ID,ANM,WE,Combination Non-Radar Approach Control & Tower w/o Radar,1,14,5,2,22,0,0,50,2,52,1,14,55,4,74,104,0,104,178
05/26/2021,TWF,ID,ANM,WE,Combination Non-Radar Approach Control & Tower w/o Radar,0,21,16,1,38,0,1,30,1,32,0,22,46,2,70,16,0,16,86
05/27/2021,TWF,ID,ANM,WE,Combination Non-Radar Approach Control & Tower w/o Radar,0,22,11,1,34,0,0,104,5,109,0,22,115,6,143,72,0,72,215
05/28/2021,TWF,ID,ANM,WE,Combination Non-Radar Approach Control & Tower w/o Radar,0,15,7,0,22,0,0,44,0,44,0,15,51,0,66,24,0,24,90
05/29/2021,TWF,ID,ANM,WE,Combination Non-Radar Approach Control & Tower w/o Radar,0,12,6,0,18,0,0,57,0,57,0,12,63,0,75,60,0,60,135
05/30/2021,TWF,ID,ANM,WE,Combination Non-Radar Approach Control & Tower w/o Radar,0,9,1,1,11,0,0,37,5,42,0,9,38,6,53,10,6,16,69
05/31/2021,TWF,ID,ANM,WE,Combination Non-Radar Approach Control & Tower w/o Radar,1,5,3,0,9,0,0,26,0,26,1,5,29,0,35,26,0,26,61
06/01/2021,TWF,ID,ANM,WE,Combination Non-Radar Approach Control & Tower w/o Radar,0,9,9,3,21,0,1,57,6,64,0,10,66,9,85,56,6,62,147
06/02/2021,TWF,ID,ANM,WE,Combination Non-Radar Approach Control & Tower w/o Radar,1,16,6,0,23,0,1,73,0,74,1,17,79,0,97,20,0,20,117
06/03/2021,TWF,ID,ANM,WE,Combination Non-Radar Approach Control & Tower w/o Radar,0,13,8,2,23,0,1,37,0,38,0,14,45,2,61,20,0,20,81
06/04/2021,TWF,ID,ANM,WE,Combination Non-Radar Approach Control & Tower w/o Radar,0,19,5,0,24,0,0,46,0,46,0,19,51,0,70,28,0,28,98
06/05/2021,TWF,ID,ANM,WE,Combination Non-Radar Approach Control & Tower w/o Radar,0,6,1,0,7,0,2,10,0,12,0,8,11,0,19,12,0,12,31
06/06/2021,TWF,ID,ANM,WE,Combination Non-Radar Approach Control & Tower w/o Radar,0,9,7,0,16,0,0,44,0,44,0,9,51,0,60,6,0,6,66
06/07/2021,TWF,ID,ANM,WE,Combination Non-Radar Approach Control & Tower w/o Radar,0,12,7,0,19,0,0,48,2,50,0,12,55,2,69,50,0,50,119
06/08/2021,TWF,ID,ANM,WE,Combination Non-Radar Approach Control & Tower w/o Radar,0,14,3,2,19,0,13,56,0,69,0,27,59,2,88,96,6,102,190
06/09/2021,TWF,ID,ANM,WE,Combination Non-Radar Approach Control & Tower w/o Radar,0,14,12,1,27,0,0,67,0,67,0,14,79,1,94,46,0,46,140
06/10/2021,TWF,ID,ANM,WE,Combination Non-Radar Approach Control & Tower w/o Radar,1,20,8,0,29,0,1,16,1,18,1,21,24,1,47,26,0,26,73
06/11/2021,TWF,ID,ANM,WE,Combination Non-Radar Approach Control & Tower w/o Radar,0,15,8,0,23,0,0,71,0,71,0,15,79,0,94,52,0,52,146
06/12/2021,TWF,ID,ANM,WE,Combination Non-Radar Approach Control & Tower w/o Radar,0,12,6,4,22,0,2,61,0,63,0,14,67,4,85,52,0,52,137
06/13/2021,TWF,ID,ANM,WE,Combination Non-Radar Approach Control & Tower w/o Radar,0,11,4,0,15,1,0,19,0,20,1,11,23,0,35,4,0,4,39
06/14/2021,TWF,ID,ANM,WE,Combination Non-Radar Approach Control & Tower w/o Radar,0,15,5,0,20,13,1,40,1,55,13,16,45,1,75,40,0,40,115
06/15/2021,TWF,ID,ANM,WE,Combination Non-Radar Approach Control & Tower w/o Radar,1,14,9,0,24,0,5,50,0,55,1,19,59,0,79,76,0,76,155
06/16/2021,TWF,ID,ANM,WE,Combination Non-Radar Approach Control & Tower w/o Radar,0,13,5,0,18,0,1,46,0,47,0,14,51,0,65,38,0,38,103
06/17/2021,TWF,ID,ANM,WE,Combination Non-Radar Approach Control & Tower w/o Radar,0,19,12,7,38,0,1,55,1,57,0,20,67,8,95,64,14,78,173
06/18/2021,TWF,ID,ANM,WE,Combination Non-Radar Approach Control & Tower w/o Radar,0,18,3,0,21,0,0,80,0,80,0,18,83,0,101,76,0,76,177
06/19/2021,TWF,ID,ANM,WE,Combination Non-Radar Approach Control & Tower w/o Radar,0,11,5,0,16,0,3,58,0,61,0,14,63,0,77,40,0,40,117
06/20/2021,TWF,ID,ANM,WE,Combination Non-Radar Approach Control & Tower w/o Radar,0,10,9,0,19,0,0,23,0,23,0,10,32,0,42,0,0,0,42
06/21/2021,TWF,ID,ANM,WE,Combination Non-Radar Approach Control & Tower w/o Radar,0,15,8,2,25,0,4,52,0,56,0,19,60,2,81,86,0,86,167
06/22/2021,TWF,ID,ANM,WE,Combination Non-Radar Approach Control & Tower w/o Radar,0,16,4,2,22,8,4,56,0,68,8,20,60,2,90,36,6,42,132
06/23/2021,TWF,ID,ANM,WE,Combination Non-Radar Approach Control & Tower w/o Radar,0,20,5,0,25,0,4,60,4,68,0,24,65,4,93,65,0,65,158
06/24/2021,TWF,ID,ANM,WE,Combination Non-Radar Approach Control & Tower w/o Radar,0,16,10,3,29,0,1,53,1,55,0,17,63,4,84,94,0,94,178
06/25/2021,TWF,ID,ANM,WE,Combination Non-Radar Approach Control & Tower w/o Radar,0,13,2,0,15,0,2,26,0,28,0,15,28,0,43,20,0,20,63
06/26/2021,TWF,ID,ANM,WE,Combination Non-Radar Approach Control & Tower w/o Radar,0,13,4,0,17,0,0,51,2,53,0,13,55,2,70,30,0,30,100
06/27/2021,TWF,ID,ANM,WE,Combination Non-Radar Approach Control & Tower w/o Radar,0,11,4,0,15,0,0,25,0,25,0,11,29,0,40,0,0,0,40
06/28/2021,TWF,ID,ANM,WE,Combination Non-Radar Approach Control & Tower w/o Radar,2,14,1,0,17,0,2,40,0,42,2,16,41,0,59,34,0,34,93
06/29/2021,TWF,ID,ANM,WE,Combination Non-Radar Approach Control & Tower w/o Radar,0,15,3,2,20,1,2,26,1,30,1,17,29,3,50,50,12,62,112
06/30/2021,TWF,ID,ANM,WE,Combination Non-Radar Approach Control & Tower w/o Radar,1,18,6,3,28,1,2,72,1,76,2,20,78,4,104,16,0,16,120
07/01/2021,TWF,ID,ANM,WE,Combination Non-Radar Approach Control & Tower w/o Radar,1,18,2,1,22,8,9,46,1,64,9,27,48,2,86,64,0,64,150
07/02/2021,TWF,ID,ANM,WE,Combination Non-Radar Approach Control & Tower w/o Radar,0,21,4,0,25,1,9,88,0,98,1,30,92,0,123,22,0,22,145
07/03/2021,TWF,ID,ANM,WE,Combination Non-Radar Approach Control & Tower w/o Radar,0,15,2,0,17,0,47,40,0,87,0,62,42,0,104,8,0,8,112
07/04/2021,TWF,ID,ANM,WE,Combination Non-Radar Approach Control & Tower w/o Radar,0,10,4,0,14,0,1,26,0,27,0,11,30,0,41,0,0,0,41
07/05/2021,TWF,ID,ANM,WE,Combination Non-Radar Approach Control & Tower w/o Radar,0,6,7,0,13,0,0,18,0,18,0,6,25,0,31,8,0,8,39
07/06/2021,TWF,ID,ANM,WE,Combination Non-Radar Approach Control & Tower w/o Radar,0,26,15,0,41,0,0,44,0,44,0,26,59,0,85,64,0,64,149
07/07/2021,TWF,ID,ANM,WE,Combination Non-Radar Approach Control & Tower w/o Radar,0,21,6,2,29,0,5,57,2,64,0,26,63,4,93,30,28,58,151
07/08/2021,TWF,ID,ANM,WE,Combination Non-Radar Approach Control & Tower w/o Radar,0,24,15,2,41,0,1,45,0,46,0,25,60,2,87,36,8,44,131
07/09/2021,TWF,ID,ANM,WE,Combination Non-Radar Approach Control & Tower w/o Radar,0,22,11,0,33,2,6,61,0,69,2,28,72,0,102,18,0,18,120
07/10/2021,TWF,ID,ANM,WE,Combination Non-Radar Approach Control & Tower w/o Radar,0,57,35,0,92,0,0,60,2,62,0,57,95,2,154,74,0,74,228
07/11/2021,TWF,ID,ANM,WE,Combination Non-Radar Approach Control & Tower w/o Radar,0,8,12,0,20,0,2,30,0,32,0,10,42,0,52,6,0,6,58
07/12/2021,TWF,ID,ANM,WE,Combination Non-Radar Approach Control & Tower w/o Radar,3,8,0,6,17,0,0,58,1,59,3,8,58,7,76,66,18,84,160
07/13/2021,TWF,ID,ANM,WE,Combination Non-Radar Approach Control & Tower w/o Radar,1,19,7,5,32,0,0,22,2,24,1,19,29,7,56,64,8,72,128
07/14/2021,TWF,ID,ANM,WE,Combination Non-Radar Approach Control & Tower w/o Radar,1,13,4,2,20,0,46,45,6,97,1,59,49,8,117,44,28,72,189
07/15/2021,TWF,ID,ANM,WE,Combination Non-Radar Approach Control & Tower w/o Radar,2,19,6,0,27,0,0,46,0,46,2,19,52,0,73,58,0,58,131
07/16/2021,TWF,ID,ANM,WE,Combination Non-Radar Approach Control & Tower w/o Radar,0,15,5,0,20,0,1,62,0,63,0,16,67,0,83,33,0,33,116
07/17/2021,TWF,ID,ANM,WE,Combination Non-Radar Approach Control & Tower w/o Radar,0,17,3,0,20,0,2,64,0,66,0,19,67,0,86,38,0,38,124
07/18/2021,TWF,ID,ANM,WE,Combination Non-Radar Approach Control & Tower w/o Radar,0,7,7,0,14,0,2,62,3,67,0,9,69,3,81,18,0,18,99
07/19/2021,TWF,ID,ANM,WE,Combination Non-Radar Approach Control & Tower w/o Radar,2,11,4,0,17,0,0,29,0,29,2,11,33,0,46,0,0,0,46
07/20/2021,TWF,ID,ANM,WE,Combination Non-Radar Approach Control & Tower w/o Radar,0,16,5,2,23,2,11,54,0,67,2,27,59,2,90,40,8,48,138
07/21/2021,TWF,ID,ANM,WE,Combination Non-Radar Approach Control & Tower w/o Radar,1,15,20,2,38,0,12,67,0,79,1,27,87,2,117,80,8,88,205
07/22/2021,TWF,ID,ANM,WE,Combination Non-Radar Approach Control & Tower w/o Radar,0,19,5,1,25,0,1,44,3,48,0,20,49,4,73,46,4,50,123
07/23/2021,TWF,ID,ANM,WE,Combination Non-Radar Approach Control & Tower w/o Radar,0,17,8,0,25,0,1,32,0,33,0,18,40,0,58,0,0,0,58
07/24/2021,TWF,ID,ANM,WE,Combination Non-Radar Approach Control & Tower w/o Radar,0,15,1,0,16,0,6,41,8,55,0,21,42,8,71,46,0,46,117
07/25/2021,TWF,ID,ANM,WE,Combination Non-Radar Approach Control & Tower w/o Radar,2,12,2,0,16,0,0,43,2,45,2,12,45,2,61,1,0,1,62
07/26/2021,TWF,ID,ANM,WE,Combination Non-Radar Approach Control & Tower w/o Radar,1,14,8,1,24,0,1,46,1,48,1,15,54,2,72,52,0,52,124
07/27/2021,TWF,ID,ANM,WE,Combination Non-Radar Approach Control & Tower w/o Radar,0,15,9,0,24,0,1,33,0,34,0,16,42,0,58,58,0,58,116
07/28/2021,TWF,ID,ANM,WE,Combination Non-Radar Approach Control & Tower w/o Radar,0,21,3,0,24,0,1,25,0,26,0,22,28,0,50,13,0,13,63
07/29/2021,TWF,ID,ANM,WE,Combination Non-Radar Approach Control & Tower w/o Radar,0,18,7,0,25,0,0,48,3,51,0,18,55,3,76,78,0,78,154
07/30/2021,TWF,ID,ANM,WE,Combination Non-Radar Approach Control & Tower w/o Radar,0,23,3,0,26,0,0,33,2,35,0,23,36,2,61,36,0,36,97
07/31/2021,TWF,ID,ANM,WE,Combination Non-Radar Approach Control & Tower w/o Radar,0,9,3,0,12,0,3,26,0,29,0,12,29,0,41,18,0,18,59
08/01/2021,TWF,ID,ANM,WE,Combination Non-Radar Approach Control & Tower w/o Radar,1,13,5,0,19,0,0,3,0,3,1,13,8,0,22,2,0,2,24
08/02/2021,TWF,ID,ANM,WE,Combination Non-Radar Approach Control & Tower w/o Radar,0,10,5,0,15,0,1,24,0,25,0,11,29,0,40,86,0,86,126
08/03/2021,TWF,ID,ANM,WE,Combination Non-Radar Approach Control & Tower w/o Radar,0,13,8,1,22,0,0,56,1,57,0,13,64,2,79,74,10,84,163
08/04/2021,TWF,ID,ANM,WE,Combination Non-Radar Approach Control & Tower w/o Radar,0,18,5,0,23,0,18,57,2,77,0,36,62,2,100,36,0,36,136
08/05/2021,TWF,ID,ANM,WE,Combination Non-Radar Approach Control & Tower w/o Radar,3,14,2,0,19,0,0,37,0,37,3,14,39,0,56,30,0,30,86
08/06/2021,TWF,ID,ANM,WE,Combination Non-Radar Approach Control & Tower w/o Radar,0,15,15,0,30,0,0,28,0,28,0,15,43,0,58,4,0,4,62
08/07/2021,TWF,ID,ANM,WE,Combination Non-Radar Approach Control & Tower w/o Radar,2,13,3,0,18,0,2,52,0,54,2,15,55,0,72,36,0,36,108
08/08/2021,TWF,ID,ANM,WE,Combination Non-Radar Approach Control & Tower w/o Radar,0,15,5,1,21,0,0,21,1,22,0,15,26,2,43,0,24,24,67
08/09/2021,TWF,ID,ANM,WE,Combination Non-Radar Approach Control & Tower w/o Radar,0,15,7,0,22,0,0,34,2,36,0,15,41,2,58,68,6,74,132
08/10/2021,TWF,ID,ANM,WE,Combination Non-Radar Approach Control & Tower w/o Radar,1,19,7,2,29,0,1,42,3,46,1,20,49,5,75,24,16,40,115
08/11/2021,TWF,ID,ANM,WE,Combination Non-Radar Approach Control & Tower w/o Radar,1,15,7,2,25,0,0,37,2,39,1,15,44,4,64,28,0,28,92
08/12/2021,TWF,ID,ANM,WE,Combination Non-Radar Approach Control & Tower w/o Radar,1,18,7,4,30,0,1,37,0,38,1,19,44,4,68,28,18,46,114
08/13/2021,TWF,ID,ANM,WE,Combination Non-Radar Approach Control & Tower w/o Radar,0,12,7,1,20,0,5,15,1,21,0,17,22,2,41,12,0,12,53
08/14/2021,TWF,ID,ANM,WE,Combination Non-Radar Approach Control & Tower w/o Radar,0,15,3,0,18,9,0,14,0,23,9,15,17,0,41,30,0,30,71
08/15/2021,TWF,ID,ANM,WE,Combination Non-Radar Approach Control & Tower w/o Radar,0,17,6,0,23,4,1,10,0,15,4,18,16,0,38,0,0,0,38
08/16/2021,TWF,ID,ANM,WE,Combination Non-Radar Approach Control & Tower w/o Radar,1,18,8,2,29,1,0,10,1,12,2,18,18,3,41,0,6,6,47
08/17/2021,TWF,ID,ANM,WE,Combination Non-Radar Approach Control & Tower w/o Radar,0,16,13,2,31,4,28,49,7,88,4,44,62,9,119,70,6,76,195
08/18/2021,TWF,ID,ANM,WE,Combination Non-Radar Approach Control & Tower w/o Radar,0,23,17,2,42,0,4,37,2,43,0,27,54,4,85,16,12,28,113
08/19/2021,TWF,ID,ANM,WE,Combination Non-Radar Approach Control & Tower w/o Radar,0,16,9,1,26,0,0,30,1,31,0,16,39,2,57,92,4,96,153
08/20/2021,TWF,ID,ANM,WE,Combination Non-Radar Approach Control & Tower w/o Radar,0,15,4,0,19,0,0,49,0,49,0,15,53,0,68,86,0,86,154
08/21/2021,TWF,ID,ANM,WE,Combination Non-Radar Approach Control & Tower w/o Radar,0,18,2,0,20,0,2,20,0,22,0,20,22,0,42,6,0,6,48
08/22/2021,TWF,ID,ANM,WE,Combination Non-Radar Approach Control & Tower w/o Radar,2,9,0,0,11,0,0,29,0,29,2,9,29,0,40,18,0,18,58
08/23/2021,TWF,ID,ANM,WE,Combination Non-Radar Approach Control & Tower w/o Radar,0,17,2,0,19,0,2,21,2,25,0,19,23,2,44,82,0,82,126
08/24/2021,TWF,ID,ANM,WE,Combination Non-Radar Approach Control & Tower w/o Radar,0,20,12,1,33,0,1,38,0,39,0,21,50,1,72,92,0,92,164
08/25/2021,TWF,ID,ANM,WE,Combination Non-Radar Approach Control & Tower w/o Radar,0,30,3,0,33,0,0,38,0,38,0,30,41,0,71,64,0,64,135
08/26/2021,TWF,ID,ANM,WE,Combination Non-Radar Approach Control & Tower w/o Radar,0,22,1,0,23,0,12,38,2,52,0,34,39,2,75,86,0,86,161
08/27/2021,TWF,ID,ANM,WE,Combination Non-Radar Approach Control & Tower w/o Radar,0,21,8,0,29,0,0,37,2,39,0,21,45,2,68,14,0,14,82
08/28/2021,TWF,ID,ANM,WE,Combination Non-Radar Approach Control & Tower w/o Radar,1,13,12,0,26,0,2,63,0,65,1,15,75,0,91,8,0,8,99
08/29/2021,TWF,ID,ANM,WE,Combination Non-Radar Approach Control & Tower w/o Radar,2,9,1,0,12,0,0,40,2,42,2,9,41,2,54,8,0,8,62
08/30/2021,TWF,ID,ANM,WE,Combination Non-Radar Approach Control & Tower w/o Radar,2,15,7,1,25,0,0,36,3,39,2,15,43,4,64,112,20,132,196
08/31/2021,TWF,ID,ANM,WE,Combination Non-Radar Approach Control & Tower w/o Radar,0,25,3,2,30,0,0,33,0,33,0,25,36,2,63,104,0,104,167
09/01/2021,TWF,ID,ANM,WE,Combination Non-Radar Approach Control & Tower w/o Radar,0,16,2,0,18,0,1,47,0,48,0,17,49,0,66,38,0,38,104
09/02/2021,TWF,ID,ANM,WE,Combination Non-Radar Approach Control & Tower w/o Radar,2,19,4,0,25,0,0,50,2,52,2,19,54,2,77,100,0,100,177
09/03/2021,TWF,ID,ANM,WE,Combination Non-Radar Approach Control & Tower w/o Radar,1,14,5,0,20,0,1,37,0,38,1,15,42,0,58,8,0,8,66
09/04/2021,TWF,ID,ANM,WE,Combination Non-Radar Approach Control & Tower w/o Radar,0,15,8,0,23,2,4,50,0,56,2,19,58,0,79,10,0,10,89
09/05/2021,TWF,ID,ANM,WE,Combination Non-Radar Approach Control & Tower w/o Radar,0,8,3,0,11,0,3,21,0,24,0,11,24,0,35,0,0,0,35
09/06/2021,TWF,ID,ANM,WE,Combination Non-Radar Approach Control & Tower w/o Radar,0,9,7,0,16,0,3,21,0,24,0,12,28,0,40,0,0,0,40
09/07/2021,TWF,ID,ANM,WE,Combination Non-Radar Approach Control & Tower w/o Radar,1,14,10,1,26,0,1,27,2,30,1,15,37,3,56,26,0,26,82
09/08/2021,TWF,ID,ANM,WE,Combination Non-Radar Approach Control & Tower w/o Radar,0,17,8,0,25,0,1,34,1,36,0,18,42,1,61,16,0,16,77
09/09/2021,TWF,ID,ANM,WE,Combination Non-Radar Approach Control & Tower w/o Radar,0,17,23,1,41,0,0,34,1,35,0,17,57,2,76,86,0,86,162
09/10/2021,TWF,ID,ANM,WE,Combination Non-Radar Approach Control & Tower w/o Radar,0,19,4,0,23,2,0,25,1,28,2,19,29,1,51,12,0,12,63
09/11/2021,TWF,ID,ANM,WE,Combination Non-Radar Approach Control & Tower w/o Radar,1,11,8,0,20,0,1,32,0,33,1,12,40,0,53,10,0,10,63
09/12/2021,TWF,ID,ANM,WE,Combination Non-Radar Approach Control & Tower w/o Radar,0,11,3,5,19,0,2,27,1,30,0,13,30,6,49,12,0,12,61
09/13/2021,TWF,ID,ANM,WE,Combination Non-Radar Approach Control & Tower w/o Radar,0,13,8,0,21,0,0,60,0,60,0,13,68,0,81,19,0,19,100
09/14/2021,TWF,ID,ANM,WE,Combination Non-Radar Approach Control & Tower w/o Radar,0,17,6,1,24,0,1,42,1,44,0,18,48,2,68,36,0,36,104
09/15/2021,TWF,ID,ANM,WE,Combination Non-Radar Approach Control & Tower w/o Radar,0,26,11,6,43,0,4,47,2,53,0,30,58,8,96,28,10,38,134
09/16/2021,TWF,ID,ANM,WE,Combination Non-Radar Approach Control & Tower w/o Radar,0,20,11,1,32,0,0,38,1,39,0,20,49,2,71,48,0,48,119
09/17/2021,TWF,ID,ANM,WE,Combination Non-Radar Approach Control & Tower w/o Radar,0,17,9,0,26,0,0,64,0,64,0,17,73,0,90,100,2,102,192
09/18/2021,TWF,ID,ANM,WE,Combination Non-Radar Approach Control & Tower w/o Radar,0,15,7,0,22,0,1,10,1,12,0,16,17,1,34,6,0,6,40
09/19/2021,TWF,ID,ANM,WE,Combination Non-Radar Approach Control & Tower w/o Radar,0,9,5,1,15,0,0,11,0,11,0,9,16,1,26,6,0,6,32
09/20/2021,TWF,ID,ANM,WE,Combination Non-Radar Approach Control & Tower w/o Radar,0,8,7,0,15,0,1,32,0,33,0,9,39,0,48,30,0,30,78
09/21/2021,TWF,ID,ANM,WE,Combination Non-Radar Approach Control & Tower w/o Radar,0,15,1,3,19,0,0,36,1,37,0,15,37,4,56,24,0,24,80
09/22/2021,TWF,ID,ANM,WE,Combination Non-Radar Approach Control & Tower w/o Radar,0,15,9,0,24,0,1,65,0,66,0,16,74,0,90,30,0,30,120
09/23/2021,TWF,ID,ANM,WE,Combination Non-Radar Approach Control & Tower w/o Radar,0,15,6,0,21,0,0,39,0,39,0,15,45,0,60,44,0,44,104
09/24/2021,TWF,ID,ANM,WE,Combination Non-Radar Approach Control & Tower w/o Radar,0,21,1,0,22,0,1,61,0,62,0,22,62,0,84,60,0,60,144
09/25/2021,TWF,ID,ANM,WE,Combination Non-Radar Approach Control & Tower w/o Radar,0,16,8,0,24,1,1,51,0,53,1,17,59,0,77,28,0,28,105
09/26/2021,TWF,ID,ANM,WE,Combination Non-Radar Approach Control & Tower w/o Radar,0,7,4,0,11,0,0,26,0,26,0,7,30,0,37,6,0,6,43
09/27/2021,TWF,ID,ANM,WE,Combination Non-Radar Approach Control & Tower w/o Radar,0,7,4,0,11,0,2,21,0,23,0,9,25,0,34,14,0,14,48
09/28/2021,TWF,ID,ANM,WE,Combination Non-Radar Approach Control & Tower w/o Radar,0,17,5,3,25,0,2,6,1,9,0,19,11,4,34,8,0,8,42
09/29/2021,TWF,ID,ANM,WE,Combination Non-Radar Approach Control & Tower w/o Radar,0,15,9,3,27,0,0,40,0,40,0,15,49,3,67,72,0,72,139
09/30/2021,TWF,ID,ANM,WE,Combination Non-Radar Approach Control & Tower w/o Radar,0,18,5,0,23,0,1,45,0,46,0,19,50,0,69,72,0,72,141
10/01/2021,TWF,ID,ANM,WE,Combination Non-Radar Approach Control & Tower w/o Radar,0,17,7,0,24,0,0,52,2,54,0,17,59,2,78,48,0,48,126
10/02/2021,TWF,ID,ANM,WE,Combination Non-Radar Approach Control & Tower w/o Radar,0,14,2,0,16,0,2,36,0,38,0,16,38,0,54,42,0,42,96
10/03/2021,TWF,ID,ANM,WE,Combination Non-Radar Approach Control & Tower w/o Radar,0,11,1,0,12,0,0,35,0,35,0,11,36,0,47,0,0,0,47
10/04/2021,TWF,ID,ANM,WE,Combination Non-Radar Approach Control & Tower w/o Radar,0,12,9,1,22,0,0,35,1,36,0,12,44,2,58,50,0,50,108
10/05/2021,TWF,ID,ANM,WE,Combination Non-Radar Approach Control & Tower w/o Radar,0,18,6,1,25,0,4,51,6,61,0,22,57,7,86,42,4,46,132
10/06/2021,TWF,ID,ANM,WE,Combination Non-Radar Approach Control & Tower w/o Radar,0,16,3,2,21,0,0,28,0,28,0,16,31,2,49,52,0,52,101
10/07/2021,TWF,ID,ANM,WE,Combination Non-Radar Approach Control & Tower w/o Radar,0,19,11,4,34,0,0,18,0,18,0,19,29,4,52,30,0,30,82
10/08/2021,TWF,ID,ANM,WE,Combination Non-Radar Approach Control & Tower w/o Radar,0,24,9,0,33,0,0,16,0,16,0,24,25,0,49,0,0,0,49
10/09/2021,TWF,ID,ANM,WE,Combination Non-Radar Approach Control & Tower w/o Radar,0,10,3,0,13,0,0,7,0,7,0,10,10,0,20,0,0,0,20
10/10/2021,TWF,ID,ANM,WE,Combination Non-Radar Approach Control & Tower w/o Radar,0,17,7,0,24,0,0,36,0,36,0,17,43,0,60,16,0,16,76
10/11/2021,TWF,ID,ANM,WE,Combination Non-Radar Approach Control & Tower w/o Radar,0,24,10,0,34,0,0,3,0,3,0,24,13,0,37,0,0,0,37
10/12/2021,TWF,ID,ANM,WE,Combination Non-Radar Approach Control & Tower w/o Radar,0,23,8,0,31,0,1,37,0,38,0,24,45,0,69,50,0,50,119
10/13/2021,TWF,ID,ANM,WE,Combination Non-Radar Approach Control & Tower w/o Radar,0,22,13,0,35,0,8,20,0,28,0,30,33,0,63,30,0,30,93
10/14/2021,TWF,ID,ANM,WE,Combination Non-Radar Approach Control & Tower w/o Radar,0,24,14,4,42,0,5,28,6,39,0,29,42,10,81,36,2,38,119
10/15/2021,TWF,ID,ANM,WE,Combination Non-Radar Approach Control & Tower w/o Radar,0,19,8,0,27,0,2,50,0,52,0,21,58,0,79,76,0,76,155
10/16/2021,TWF,ID,ANM,WE,Combination Non-Radar Approach Control & Tower w/o Radar,0,12,1,1,14,0,2,43,0,45,0,14,44,1,59,48,0,48,107
10/17/2021,TWF,ID,ANM,WE,Combination Non-Radar Approach Control & Tower w/o Radar,0,8,7,0,15,0,1,23,2,26,0,9,30,2,41,2,0,2,43
10/18/2021,TWF,ID,ANM,WE,Combination Non-Radar Approach Control & Tower w/o Radar,0,11,2,2,15,0,3,22,3,28,0,14,24,5,43,14,0,14,57
10/19/2021,TWF,ID,ANM,WE,Combination Non-Radar Approach Control & Tower w/o Radar,0,18,9,3,30,0,1,59,1,61,0,19,68,4,91,52,0,52,143
10/20/2021,TWF,ID,ANM,WE,Combination Non-Radar Approach Control & Tower w/o Radar,0,22,5,2,29,0,1,19,0,20,0,23,24,2,49,4,8,12,61
10/21/2021,TWF,ID,ANM,WE,Combination Non-Radar Approach Control & Tower w/o Radar,0,13,9,1,23,0,0,46,1,47,0,13,55,2,70,56,0,56,126
10/22/2021,TWF,ID,ANM,WE,Combination Non-Radar Approach Control & Tower w/o Radar,0,14,9,0,23,0,0,17,0,17,0,14,26,0,40,18,0,18,58
10/23/2021,TWF,ID,ANM,WE,Combination Non-Radar Approach Control & Tower w/o Radar,0,15,4,0,19,0,2,57,0,59,0,17,61,0,78,20,0,20,98
10/24/2021,TWF,ID,ANM,WE,Combination Non-Radar Approach Control & Tower w/o Radar,0,10,7,0,17,0,0,2,0,2,0,10,9,0,19,0,0,0,19
10/25/2021,TWF,ID,ANM,WE,Combination Non-Radar Approach Control & Tower w/o Radar,0,18,8,0,26,0,0,2,0,2,0,18,10,0,28,0,0,0,28
10/26/2021,TWF,ID,ANM,WE,Combination Non-Radar Approach Control & Tower w/o Radar,0,22,13,0,35,0,0,21,0,21,0,22,34,0,56,36,0,36,92
10/27/2021,TWF,ID,ANM,WE,Combination Non-Radar Approach Control & Tower w/o Radar,0,19,14,0,33,0,0,24,0,24,0,19,38,0,57,54,0,54,111
10/28/2021,TWF,ID,ANM,WE,Combination Non-Radar Approach Control & Tower w/o Radar,0,16,10,1,27,0,0,77,1,78,0,16,87,2,105,60,0,60,165
10/29/2021,TWF,ID,ANM,WE,Combination Non-Radar Approach Control & Tower w/o Radar,0,13,11,0,24,0,0,67,0,67,0,13,78,0,91,42,0,42,133
10/30/2021,TWF,ID,ANM,WE,Combination Non-Radar Approach Control & Tower w/o Radar,0,13,5,0,18,0,0,63,0,63,0,13,68,0,81,130,0,130,211
10/31/2021,TWF,ID,ANM,WE,Combination Non-Radar Approach Control & Tower w/o Radar,0,9,7,0,16,0,0,25,0,25,0,9,32,0,41,24,0,24,65
11/01/2021,TWF,ID,ANM,WE,Combination Non-Radar Approach Control & Tower w/o Radar,0,10,0,0,10,0,0,34,0,34,0,10,34,0,44,0,0,0,44
11/02/2021,TWF,ID,ANM,WE,Combination Non-Radar Approach Control & Tower w/o Radar,0,15,6,0,21,0,1,45,2,48,0,16,51,2,69,22,8,30,99
11/03/2021,TWF,ID,ANM,WE,Combination Non-Radar Approach Control & Tower w/o Radar,0,19,1,2,22,0,1,44,0,45,0,20,45,2,67,66,0,66,133
11/04/2021,TWF,ID,ANM,WE,Combination Non-Radar Approach Control & Tower w/o Radar,0,18,3,0,21,0,0,29,0,29,0,18,32,0,50,32,0,32,82
11/05/2021,TWF,ID,ANM,WE,Combination Non-Radar Approach Control & Tower w/o Radar,0,19,5,2,26,0,1,44,3,48,0,20,49,5,74,82,12,94,168
11/06/2021,TWF,ID,ANM,WE,Combination Non-Radar Approach Control & Tower w/o Radar,0,10,3,0,13,0,0,41,0,41,0,10,44,0,54,52,0,52,106
11/07/2021,TWF,ID,ANM,WE,Combination Non-Radar Approach Control & Tower w/o Radar,0,4,1,0,5,0,0,24,0,24,0,4,25,0,29,4,0,4,33
11/08/2021,TWF,ID,ANM,WE,Combination Non-Radar Approach Control & Tower w/o Radar,0,11,6,6,23,0,1,24,6,31,0,12,30,12,54,28,28,56,110
11/09/2021,TWF,ID,ANM,WE,Combination Non-Radar Approach Control & Tower w/o Radar,0,22,10,0,32,0,0,4,0,4,0,22,14,0,36,8,0,8,44
11/10/2021,TWF,ID,ANM,WE,Combination Non-Radar Approach Control & Tower w/o Radar,0,8,6,2,16,0,1,37,0,38,0,9,43,2,54,32,0,32,86
11/11/2021,TWF,ID,ANM,WE,Combination Non-Radar Approach Control & Tower w/o Radar,0,14,6,0,20,0,0,30,0,30,0,14,36,0,50,46,0,46,96
11/12/2021,TWF,ID,ANM,WE,Combination Non-Radar Approach Control & Tower w/o Radar,0,12,7,1,20,0,0,47,0,47,0,12,54,1,67,60,2,62,129
11/13/2021,TWF,ID,ANM,WE,Combination Non-Radar Approach Control & Tower w/o Radar,0,8,3,0,11,0,1,34,0,35,0,9,37,0,46,84,0,84,130
11/14/2021,TWF,ID,ANM,WE,Combination Non-Radar Approach Control & Tower w/o Radar,0,4,2,0,6,0,0,41,0,41,0,4,43,0,47,20,0,20,67
11/15/2021,TWF,ID,ANM,WE,Combination Non-Radar Approach Control & Tower w/o Radar,0,10,1,0,11,0,1,30,2,33,0,11,31,2,44,48,0,48,92
11/16/2021,TWF,ID,ANM,WE,Combination Non-Radar Approach Control & Tower w/o Radar,0,19,8,1,28,0,4,18,1,23,0,23,26,2,51,48,0,48,99
11/17/2021,TWF,ID,ANM,WE,Combination Non-Radar Approach Control & Tower w/o Radar,0,14,5,0,19,0,1,43,0,44,0,15,48,0,63,108,0,108,171
11/18/2021,TWF,ID,ANM,WE,Combination Non-Radar Approach Control & Tower w/o Radar,1,15,1,4,21,1,0,22,1,24,2,15,23,5,45,66,0,66,111
11/19/2021,TWF,ID,ANM,WE,Combination Non-Radar Approach Control & Tower w/o Radar,0,27,10,2,39,0,0,17,0,17,0,27,27,2,56,52,4,56,112
11/20/2021,TWF,ID,ANM,WE,Combination Non-Radar Approach Control & Tower w/o Radar,0,15,9,0,24,0,1,32,0,33,0,16,41,0,57,34,0,34,91
11/21/2021,TWF,ID,ANM,WE,Combination Non-Radar Approach Control & Tower w/o Radar,0,5,6,0,11,0,0,17,0,17,0,5,23,0,28,20,0,20,48
11/22/2021,TWF,ID,ANM,WE,Combination Non-Radar Approach Control & Tower w/o Radar,0,9,3,3,15,0,0,20,1,21,0,9,23,4,36,28,6,34,70
11/23/2021,TWF,ID,ANM,WE,Combination Non-Radar Approach Control & Tower w/o Radar,0,15,5,0,20,0,4,7,0,11,0,19,12,0,31,0,0,0,31
11/24/2021,TWF,ID,ANM,WE,Combination Non-Radar Approach Control & Tower w/o Radar,2,16,1,2,21,0,0,13,0,13,2,16,14,2,34,18,16,34,68
11/25/2021,TWF,ID,ANM,WE,Combination Non-Radar Approach Control & Tower w/o Radar,0,3,1,0,4,0,0,17,0,17,0,3,18,0,21,12,0,12,33
11/26/2021,TWF,ID,ANM,WE,Combination Non-Radar Approach Control & Tower w/o Radar,0,12,2,0,14,0,0,10,0,10,0,12,12,0,24,14,0,14,38
11/27/2021,TWF,ID,ANM,WE,Combination Non-Radar Approach Control & Tower w/o Radar,0,13,2,0,15,0,2,29,0,31,0,15,31,0,46,22,0,22,68
11/28/2021,TWF,ID,ANM,WE,Combination Non-Radar Approach Control & Tower w/o Radar,0,8,10,0,18,0,0,38,0,38,0,8,48,0,56,18,0,18,74
11/29/2021,TWF,ID,ANM,WE,Combination Non-Radar Approach Control & Tower w/o Radar,0,12,5,5,22,0,0,43,1,44,0,12,48,6,66,12,0,12,78
11/30/2021,TWF,ID,ANM,WE,Combination Non-Radar Approach Control & Tower w/o Radar,0,20,5,1,26,0,1,32,1,34,0,21,37,2,60,48,0,48,108
12/01/2021,TWF,ID,ANM,WE,Combination Non-Radar Approach Control & Tower w/o Radar,0,5,4,0,9,0,0,6,0,6,0,5,10,0,15,4,0,4,19
12/02/2021,TWF,ID,ANM,WE,Combination Non-Radar Approach Control & Tower w/o Radar,0,12,7,0,19,0,0,46,0,46,0,12,53,0,65,44,0,44,109
12/03/2021,TWF,ID,ANM,WE,Combination Non-Radar Approach Control & Tower w/o Radar,0,10,5,7,22,0,0,46,8,54,0,10,51,15,76,30,8,38,114
12/04/2021,TWF,ID,ANM,WE,Combination Non-Radar Approach Control & Tower w/o Radar,0,3,7,0,10,0,4,47,0,51,0,7,54,0,61,18,0,18,79
12/05/2021,TWF,ID,ANM,WE,Combination Non-Radar Approach Control & Tower w/o Radar,0,5,2,0,7,0,0,2,0,2,0,5,4,0,9,0,0,0,9
12/06/2021,TWF,ID,ANM,WE,Combination Non-Radar Approach Control & Tower w/o Radar,0,7,5,0,12,0,0,8,0,8,0,7,13,0,20,34,0,34,54
12/07/2021,TWF,ID,ANM,WE,Combination Non-Radar Approach Control & Tower w/o Radar,0,13,5,0,18,0,0,26,1,27,0,13,31,1,45,54,0,54,99
12/08/2021,TWF,ID,ANM,WE,Combination Non-Radar Approach Control & Tower w/o Radar,2,10,7,2,21,0,0,20,3,23,2,10,27,5,44,32,0,32,76
12/09/2021,TWF,ID,ANM,WE,Combination Non-Radar Approach Control & Tower w/o Radar,2,11,13,4,30,0,0,16,0,16,2,11,29,4,46,14,0,14,60
12/10/2021,TWF,ID,ANM,WE,Combination Non-Radar Approach Control & Tower w/o Radar,1,13,7,0,21,0,0,14,0,14,1,13,21,0,35,16,0,16,51
12/11/2021,TWF,ID,ANM,WE,Combination Non-Radar Approach Control & Tower w/o Radar,0,12,4,0,16,0,4,7,1,12,0,16,11,1,28,0,0,0,28
12/12/2021,TWF,ID,ANM,WE,Combination Non-Radar Approach Control & Tower w/o Radar,0,13,5,0,18,0,0,9,0,9,0,13,14,0,27,12,0,12,39
12/13/2021,TWF,ID,ANM,WE,Combination Non-Radar Approach Control & Tower w/o Radar,0,10,3,0,13,0,2,6,2,10,0,12,9,2,23,0,0,0,23
12/14/2021,TWF,ID,ANM,WE,Combination Non-Radar Approach Control & Tower w/o Radar,0,22,6,0,28,0,0,0,0,0,0,22,6,0,28,0,0,0,28
12/15/2021,TWF,ID,ANM,WE,Combination Non-Radar Approach Control & Tower w/o Radar,0,9,15,0,24,0,0,12,0,12,0,9,27,0,36,24,0,24,60
12/16/2021,TWF,ID,ANM,WE,Combination Non-Radar Approach Control & Tower w/o Radar,0,20,8,0,28,0,0,3,0,3,0,20,11,0,31,4,0,4,35
12/17/2021,TWF,ID,ANM,WE,Combination Non-Radar Approach Control & Tower w/o Radar,0,11,9,2,22,0,0,30,0,30,0,11,39,2,52,20,0,20,72
12/18/2021,TWF,ID,ANM,WE,Combination Non-Radar Approach Control & Tower w/o Radar,0,15,6,0,21,0,1,40,0,41,0,16,46,0,62,60,0,60,122
12/19/2021,TWF,ID,ANM,WE,Combination Non-Radar Approach Control & Tower w/o Radar,2,21,13,0,36,0,1,21,0,22,2,22,34,0,58,16,0,16,74
12/20/2021,TWF,ID,ANM,WE,Combination Non-Radar Approach Control & Tower w/o Radar,0,15,6,0,21,0,0,33,0,33,0,15,39,0,54,38,0,38,92
12/21/2021,TWF,ID,ANM,WE,Combination Non-Radar Approach Control & Tower w/o Radar,0,10,3,3,16,0,0,58,0,58,0,10,61,3,74,46,0,46,120
12/22/2021,TWF,ID,ANM,WE,Combination Non-Radar Approach Control & Tower w/o Radar,0,42,15,0,57,0,9,19,0,28,0,51,34,0,85,2,0,2,87
12/23/2021,TWF,ID,ANM,WE,Combination Non-Radar Approach Control & Tower w/o Radar,6,28,27,0,61,0,1,2,0,3,6,29,29,0,64,0,0,0,64
12/24/2021,TWF,ID,ANM,WE,Combination Non-Radar Approach Control & Tower w/o Radar,0,12,1,0,13,0,0,0,0,0,0,12,1,0,13,0,0,0,13
12/25/2021,TWF,ID,ANM,WE,Combination Non-Radar Approach Control & Tower w/o Radar,6,20,5,0,31,0,0,1,0,1,6,20,6,0,32,0,0,0,32
12/26/2021,TWF,ID,ANM,WE,Combination Non-Radar Approach Control & Tower w/o Radar,9,19,21,0,49,0,2,1,0,3,9,21,22,0,52,0,0,0,52
12/27/2021,TWF,ID,ANM,WE,Combination Non-Radar Approach Control & Tower w/o Radar,2,27,23,0,52,0,0,1,0,1,2,27,24,0,53,0,0,0,53
12/28/2021,TWF,ID,ANM,WE,Combination Non-Radar Approach Control & Tower w/o Radar,0,10,6,0,16,0,0,4,0,4,0,10,10,0,20,0,0,0,20
12/29/2021,TWF,ID,ANM,WE,Combination Non-Radar Approach Control & Tower w/o Radar,0,31,11,0,42,0,0,1,0,1,0,31,12,0,43,0,0,0,43
12/30/2021,TWF,ID,ANM,WE,Combination Non-Radar Approach Control & Tower w/o Radar,0,27,9,0,36,0,0,3,0,3,0,27,12,0,39,0,0,0,39
12/31/2021,TWF,ID,ANM,WE,Combination Non-Radar Approach Control & Tower w/o Radar,0,13,3,0,16,0,2,2,0,4,0,15,5,0,20,6,0,6,26
01/01/2022,TWF,ID,ANM,WE,Combination Non-Radar Approach Control & Tower w/o Radar,0,7,2,0,9,0,1,21,0,22,0,8,23,0,31,7,0,7,38
01/02/2022,TWF,ID,ANM,WE,Combination Non-Radar Approach Control & Tower w/o Radar,0,17,13,0,30,0,1,8,0,9,0,18,21,0,39,2,0,2,41
01/03/2022,TWF,ID,ANM,WE,Combination Non-Radar Approach Control & Tower w/o Radar,0,16,11,0,27,0,0,1,0,1,0,16,12,0,28,2,0,2,30
01/04/2022,TWF,ID,ANM,WE,Combination Non-Radar Approach Control & Tower w/o Radar,0,18,4,0,22,0,0,0,0,0,0,18,4,0,22,0,0,0,22
01/05/2022,TWF,ID,ANM,WE,Combination Non-Radar Approach Control & Tower w/o Radar,0,16,10,0,26,0,0,2,0,2,0,16,12,0,28,2,0,2,30
01/06/2022,TWF,ID,ANM,WE,Combination Non-Radar Approach Control & Tower w/o Radar,0,10,12,0,22,0,0,3,0,3,0,10,15,0,25,0,0,0,25
01/07/2022,TWF,ID,ANM,WE,Combination Non-Radar Approach Control & Tower w/o Radar,0,18,3,0,21,0,0,9,0,9,0,18,12,0,30,6,0,6,36
01/08/2022,TWF,ID,ANM,WE,Combination Non-Radar Approach Control & Tower w/o Radar,0,14,5,0,19,0,1,37,0,38,0,15,42,0,57,4,0,4,61
01/09/2022,TWF,ID,ANM,WE,Combination Non-Radar Approach Control & Tower w/o Radar,0,6,13,0,19,0,0,33,2,35,0,6,46,2,54,18,0,18,72
01/10/2022,TWF,ID,ANM,WE,Combination Non-Radar Approach Control & Tower w/o Radar,0,8,6,1,15,0,0,27,0,27,0,8,33,1,42,48,0,48,90
01/11/2022,TWF,ID,ANM,WE,Combination Non-Radar Approach Control & Tower w/o Radar,0,13,4,0,17,0,1,38,0,39,0,14,42,0,56,90,2,92,148
01/12/2022,TWF,ID,ANM,WE,Combination Non-Radar Approach Control & Tower w/o Radar,0,17,4,4,25,0,0,50,0,50,0,17,54,4,75,32,0,32,107
01/13/2022,TWF,ID,ANM,WE,Combination Non-Radar Approach Control & Tower w/o Radar,0,11,4,5,20,0,2,38,5,45,0,13,42,10,65,50,10,60,125
01/14/2022,TWF,ID,ANM,WE,Combination Non-Radar Approach Control & Tower w/o Radar,0,12,6,0,18,0,1,23,0,24,0,13,29,0,42,26,0,26,68
01/15/2022,TWF,ID,ANM,WE,Combination Non-Radar Approach Control & Tower w/o Radar,0,7,1,0,8,0,0,0,0,0,0,7,1,0,8,0,0,0,8
01/16/2022,TWF,ID,ANM,WE,Combination Non-Radar Approach Control & Tower w/o Radar,0,7,5,0,12,0,0,0,0,0,0,7,5,0,12,0,0,0,12
01/17/2022,TWF,ID,ANM,WE,Combination Non-Radar Approach Control & Tower w/o Radar,0,10,1,0,11,0,0,18,0,18,0,10,19,0,29,12,0,12,41
01/18/2022,TWF,ID,ANM,WE,Combination Non-Radar Approach Control & Tower w/o Radar,0,6,5,0,11,0,0,0,0,0,0,6,5,0,11,0,0,0,11
01/19/2022,TWF,ID,ANM,WE,Combination Non-Radar Approach Control & Tower w/o Radar,0,18,9,0,27,0,0,0,0,0,0,18,9,0,27,0,0,0,27
01/20/2022,TWF,ID,ANM,WE,Combination Non-Radar Approach Control & Tower w/o Radar,0,17,12,0,29,0,0,4,0,4,0,17,16,0,33,26,0,26,59
01/21/2022,TWF,ID,ANM,WE,Combination Non-Radar Approach Control & Tower w/o Radar,0,16,14,0,30,0,0,0,0,0,0,16,14,0,30,0,0,0,30
01/22/2022,TWF,ID,ANM,WE,Combination Non-Radar Approach Control & Tower w/o Radar,0,11,4,0,15,0,0,3,0,3,0,11,7,0,18,10,0,10,28
01/23/2022,TWF,ID,ANM,WE,Combination Non-Radar Approach Control & Tower w/o Radar,0,4,17,0,21,0,0,3,0,3,0,4,20,0,24,0,0,0,24
01/24/2022,TWF,ID,ANM,WE,Combination Non-Radar Approach Control & Tower w/o Radar,0,8,14,0,22,0,0,0,0,0,0,8,14,0,22,0,0,0,22
01/25/2022,TWF,ID,ANM,WE,Combination Non-Radar Approach Control & Tower w/o Radar,0,10,9,0,19,0,0,2,0,2,0,10,11,0,21,0,0,0,21
01/26/2022,TWF,ID,ANM,WE,Combination Non-Radar Approach Control & Tower w/o Radar,0,12,5,0,17,0,0,28,0,28,0,12,33,0,45,64,0,64,109
01/27/2022,TWF,ID,ANM,WE,Combination Non-Radar Approach Control & Tower w/o Radar,0,16,14,0,30,0,0,14,0,14,0,16,28,0,44,56,0,56,100
01/28/2022,TWF,ID,ANM,WE,Combination Non-Radar Approach Control & Tower w/o Radar,0,15,4,0,19,0,1,43,0,44,0,16,47,0,63,80,0,80,143
01/29/2022,TWF,ID,ANM,WE,Combination Non-Radar Approach Control & Tower w/o Radar,0,7,8,0,15,0,2,39,0,41,0,9,47,0,56,46,0,46,102
01/30/2022,TWF,ID,ANM,WE,Combination Non-Radar Approach Control & Tower w/o Radar,0,1,5,0,6,0,0,12,0,12,0,1,17,0,18,14,0,14,32
01/31/2022,TWF,ID,ANM,WE,Combination Non-Radar Approach Control & Tower w/o Radar,0,14,3,0,17,0,0,16,0,16,0,14,19,0,33,16,0,16,49
02/01/2022,TWF,ID,ANM,WE,Combination Non-Radar Approach Control & Tower w/o Radar,0,4,2,0,6,0,0,11,0,11,0,4,13,0,17,4,0,4,21
02/02/2022,TWF,ID,ANM,WE,Combination Non-Radar Approach Control & Tower w/o Radar,0,11,5,0,16,0,0,6,0,6,0,11,11,0,22,0,0,0,22
02/03/2022,TWF,ID,ANM,WE,Combination Non-Radar Approach Control & Tower w/o Radar,0,14,4,3,21,0,0,18,5,23,0,14,22,8,44,50,0,50,94
02/04/2022,TWF,ID,ANM,WE,Combination Non-Radar Approach Control & Tower w/o Radar,0,15,4,0,19,0,0,45,0,45,0,15,49,0,64,102,0,102,166
02/05/2022,TWF,ID,ANM,WE,Combination Non-Radar Approach Control & Tower w/o Radar,0,9,6,0,15,0,3,26,0,29,0,12,32,0,44,30,0,30,74
02/06/2022,TWF,ID,ANM,WE,Combination Non-Radar Approach Control & Tower w/o Radar,0,4,4,0,8,0,0,30,0,30,0,4,34,0,38,10,0,10,48
02/07/2022,TWF,ID,ANM,WE,Combination Non-Radar Approach Control & Tower w/o Radar,1,7,6,1,15,0,0,20,1,21,1,7,26,2,36,10,0,10,46
02/08/2022,TWF,ID,ANM,WE,Combination Non-Radar Approach Control & Tower w/o Radar,0,6,4,0,10,0,0,43,0,43,0,6,47,0,53,58,0,58,111
02/09/2022,TWF,ID,ANM,WE,Combination Non-Radar Approach Control & Tower w/o Radar,0,10,9,2,21,0,0,48,0,48,0,10,57,2,69,58,0,58,127
02/10/2022,TWF,ID,ANM,WE,Combination Non-Radar Approach Control & Tower w/o Radar,0,14,7,0,21,0,0,57,1,58,0,14,64,1,79,58,0,58,137
02/11/2022,TWF,ID,ANM,WE,Combination Non-Radar Approach Control & Tower w/o Radar,0,12,7,0,19,0,2,48,2,52,0,14,55,2,71,24,0,24,95
02/12/2022,TWF,ID,ANM,WE,Combination Non-Radar Approach Control & Tower w/o Radar,0,9,5,0,14,0,0,30,0,30,0,9,35,0,44,10,0,10,54
02/13/2022,TWF,ID,ANM,WE,Combination Non-Radar Approach Control & Tower w/o Radar,0,4,1,0,5,0,0,45,0,45,0,4,46,0,50,6,0,6,56
02/14/2022,TWF,ID,ANM,WE,Combination Non-Radar Approach Control & Tower w/o Radar,0,11,4,0,15,0,0,31,0,31,0,11,35,0,46,42,6,48,94
02/15/2022,TWF,ID,ANM,WE,Combination Non-Radar Approach Control & Tower w/o Radar,0,14,6,0,20,0,0,9,0,9,0,14,15,0,29,32,0,32,61
02/16/2022,TWF,ID,ANM,WE,Combination Non-Radar Approach Control & Tower w/o Radar,0,12,4,2,18,0,0,10,0,10,0,12,14,2,28,0,2,2,30
02/17/2022,TWF,ID,ANM,WE,Combination Non-Radar Approach Control & Tower w/o Radar,0,17,6,0,23,0,0,35,0,35,0,17,41,0,58,72,0,72,130
02/18/2022,TWF,ID,ANM,WE,Combination Non-Radar Approach Control & Tower w/o Radar,0,11,6,0,17,0,0,68,4,72,0,11,74,4,89,50,2,52,141
02/19/2022,TWF,ID,ANM,WE,Combination Non-Radar Approach Control & Tower w/o Radar,0,18,6,0,24,0,0,41,0,41,0,18,47,0,65,38,0,38,103
02/20/2022,TWF,ID,ANM,WE,Combination Non-Radar Approach Control & Tower w/o Radar,2,16,3,0,21,0,0,11,0,11,2,16,14,0,32,0,0,0,32
02/21/2022,TWF,ID,ANM,WE,Combination Non-Radar Approach Control & Tower w/o Radar,0,14,3,0,17,0,0,22,0,22,0,14,25,0,39,43,0,43,82
02/22/2022,TWF,ID,ANM,WE,Combination Non-Radar Approach Control & Tower w/o Radar,2,11,2,1,16,0,0,8,1,9,2,11,10,2,25,0,4,4,29
02/23/2022,TWF,ID,ANM,WE,Combination Non-Radar Approach Control & Tower w/o Radar,0,15,2,0,17,0,0,4,0,4,0,15,6,0,21,8,0,8,29
02/24/2022,TWF,ID,ANM,WE,Combination Non-Radar Approach Control & Tower w/o Radar,0,24,12,0,36,0,0,11,0,11,0,24,23,0,47,36,0,36,83
02/25/2022,TWF,ID,ANM,WE,Combination Non-Radar Approach Control & Tower w/o Radar,0,19,10,0,29,0,0,27,2,29,0,19,37,2,58,67,0,67,125
02/26/2022,TWF,ID,ANM,WE,Combination Non-Radar Approach Control & Tower w/o Radar,0,13,2,1,16,0,1,31,2,34,0,14,33,3,50,26,0,26,76
02/27/2022,TWF,ID,ANM,WE,Combination Non-Radar Approach Control & Tower w/o Radar,0,6,4,0,10,0,0,32,1,33,0,6,36,1,43,22,0,22,65
02/28/2022,TWF,ID,ANM,WE,Combination Non-Radar Approach Control & Tower w/o Radar,0,10,11,0,21,0,0,41,1,42,0,10,52,1,63,52,0,52,115
03/01/2022,TWF,ID,ANM,WE,Combination Non-Radar Approach Control & Tower w/o Radar,0,10,6,0,16,0,0,49,0,49,0,10,55,0,65,46,0,46,111
03/02/2022,TWF,ID,ANM,WE,Combination Non-Radar Approach Control & Tower w/o Radar,0,16,8,0,24,0,0,52,0,52,0,16,60,0,76,50,0,50,126
03/03/2022,TWF,ID,ANM,WE,Combination Non-Radar Approach Control & Tower w/o Radar,0,13,3,0,16,0,0,63,0,63,0,13,66,0,79,112,0,112,191
03/04/2022,TWF,ID,ANM,WE,Combination Non-Radar Approach Control & Tower w/o Radar,4,38,23,0,65,0,0,32,0,32,4,38,55,0,97,42,0,42,139
03/05/2022,TWF,ID,ANM,WE,Combination Non-Radar Approach Control & Tower w/o Radar,1,24,6,0,31,0,0,3,0,3,1,24,9,0,34,0,0,0,34
03/06/2022,TWF,ID,ANM,WE,Combination Non-Radar Approach Control & Tower w/o Radar,0,1,3,0,4,0,1,1,0,2,0,2,4,0,6,0,0,0,6
03/07/2022,TWF,ID,ANM,WE,Combination Non-Radar Approach Control & Tower w/o Radar,0,6,8,8,22,0,0,46,0,46,0,6,54,8,68,82,0,82,150
03/08/2022,TWF,ID,ANM,WE,Combination Non-Radar Approach Control & Tower w/o Radar,2,15,7,1,25,0,0,13,0,13,2,15,20,1,38,34,0,34,72
03/09/2022,TWF,ID,ANM,WE,Combination Non-Radar Approach Control & Tower w/o Radar,0,19,9,0,28,0,0,2,0,2,0,19,11,0,30,0,0,0,30
03/10/2022,TWF,ID,ANM,WE,Combination Non-Radar Approach Control & Tower w/o Radar,0,10,3,3,16,0,0,49,0,49,0,10,52,3,65,92,6,98,163
03/11/2022,TWF,ID,ANM,WE,Combination Non-Radar Approach Control & Tower w/o Radar,0,14,7,0,21,0,2,55,0,57,0,16,62,0,78,38,0,38,116
03/12/2022,TWF,ID,ANM,WE,Combination Non-Radar Approach Control & Tower w/o Radar,0,9,10,0,19,0,2,34,1,37,0,11,44,1,56,46,0,46,102
03/13/2022,TWF,ID,ANM,WE,Combination Non-Radar Approach Control & Tower w/o Radar,0,4,0,0,4,0,0,5,0,5,0,4,5,0,9,6,0,6,15
03/14/2022,TWF,ID,ANM,WE,Combination Non-Radar Approach Control & Tower w/o Radar,0,12,4,0,16,0,0,33,0,33,0,12,37,0,49,58,0,58,107
03/15/2022,TWF,ID,ANM,WE,Combination Non-Radar Approach Control & Tower w/o Radar,0,28,10,0,38,0,0,22,0,22,0,28,32,0,60,50,0,50,110
03/16/2022,TWF,ID,ANM,WE,Combination Non-Radar Approach Control & Tower w/o Radar,0,9,15,0,24,0,0,64,0,64,0,9,79,0,88,16,0,16,104
03/17/2022,TWF,ID,ANM,WE,Combination Non-Radar Approach Control & Tower w/o Radar,0,15,16,3,34,0,0,89,0,89,0,15,105,3,123,34,10,44,167
03/18/2022,TWF,ID,ANM,WE,Combination Non-Radar Approach Control & Tower w/o Radar,0,13,6,0,19,0,0,63,1,64,0,13,69,1,83,48,0,48,131
03/19/2022,TWF,ID,ANM,WE,Combination Non-Radar Approach Control & Tower w/o Radar,0,8,3,0,11,0,0,9,0,9,0,8,12,0,20,0,0,0,20
03/20/2022,TWF,ID,ANM,WE,Combination Non-Radar Approach Control & Tower w/o Radar,0,9,1,0,10,0,0,6,0,6,0,9,7,0,16,2,0,2,18
03/21/2022,TWF,ID,ANM,WE,Combination Non-Radar Approach Control & Tower w/o Radar,0,6,4,0,10,0,0,34,0,34,0,6,38,0,44,48,0,48,92
03/22/2022,TWF,ID,ANM,WE,Combination Non-Radar Approach Control & Tower w/o Radar,0,4,2,0,6,0,0,43,0,43,0,4,45,0,49,34,0,34,83
03/23/2022,TWF,ID,ANM,WE,Combination Non-Radar Approach Control & Tower w/o Radar,0,12,3,0,15,0,1,50,4,55,0,13,53,4,70,32,0,32,102
03/24/2022,TWF,ID,ANM,WE,Combination Non-Radar Approach Control & Tower w/o Radar,0,13,4,0,17,0,0,50,0,50,0,13,54,0,67,38,0,38,105
03/25/2022,TWF,ID,ANM,WE,Combination Non-Radar Approach Control & Tower w/o Radar,0,9,1,0,10,0,1,82,0,83,0,10,83,0,93,66,0,66,159
03/26/2022,TWF,ID,ANM,WE,Combination Non-Radar Approach Control & Tower w/o Radar,0,10,1,0,11,0,0,61,0,61,0,10,62,0,72,16,0,16,88
03/27/2022,TWF,ID,ANM,WE,Combination Non-Radar Approach Control & Tower w/o Radar,0,1,4,0,5,0,0,38,0,38,0,1,42,0,43,32,0,32,75
03/28/2022,TWF,ID,ANM,WE,Combination Non-Radar Approach Control & Tower w/o Radar,0,13,6,0,19,0,0,27,0,27,0,13,33,0,46,50,0,50,96
03/29/2022,TWF,ID,ANM,WE,Combination Non-Radar Approach Control & Tower w/o Radar,0,19,6,0,25,0,0,30,4,34,0,19,36,4,59,40,0,40,99
03/30/2022,TWF,ID,ANM,WE,Combination Non-Radar Approach Control & Tower w/o Radar,0,13,5,0,18,0,1,30,0,31,0,14,35,0,49,36,0,36,85
03/31/2022,TWF,ID,ANM,WE,Combination Non-Radar Approach Control & Tower w/o Radar,0,11,8,1,20,0,0,22,1,23,0,11,30,2,43,30,0,30,73
04/01/2022,TWF,ID,ANM,WE,Combination Non-Radar Approach Control & Tower w/o Radar,0,11,6,0,17,0,0,42,0,42,0,11,48,0,59,82,0,82,141
04/02/2022,TWF,ID,ANM,WE,Combination Non-Radar Approach Control & Tower w/o Radar,0,8,1,0,9,0,0,35,0,35,0,8,36,0,44,30,0,30,74
04/03/2022,TWF,ID,ANM,WE,Combination Non-Radar Approach Control & Tower w/o Radar,0,2,0,0,2,0,0,37,0,37,0,2,37,0,39,15,0,15,54
04/04/2022,TWF,ID,ANM,WE,Combination Non-Radar Approach Control & Tower w/o Radar,0,9,5,2,16,0,0,6,0,6,0,9,11,2,22,40,0,40,62
04/05/2022,TWF,ID,ANM,WE,Combination Non-Radar Approach Control & Tower w/o Radar,0,11,10,2,23,0,0,8,0,8,0,11,18,2,31,22,0,22,53
04/06/2022,TWF,ID,ANM,WE,Combination Non-Radar Approach Control & Tower w/o Radar,0,13,7,1,21,0,0,36,0,36,0,13,43,1,57,102,0,102,159
04/07/2022,TWF,ID,ANM,WE,Combination Non-Radar Approach Control & Tower w/o Radar,0,11,8,0,19,0,0,76,0,76,0,11,84,0,95,98,0,98,193
04/08/2022,TWF,ID,ANM,WE,Combination Non-Radar Approach Control & Tower w/o Radar,0,12,6,0,18,0,0,55,1,56,0,12,61,1,74,138,0,138,212
04/09/2022,TWF,ID,ANM,WE,Combination Non-Radar Approach Control & Tower w/o Radar,0,10,4,3,17,0,0,5,1,6,0,10,9,4,23,0,20,20,43
04/10/2022,TWF,ID,ANM,WE,Combination Non-Radar Approach Control & Tower w/o Radar,0,2,4,4,10,0,0,3,0,3,0,2,7,4,13,0,0,0,13
04/11/2022,TWF,ID,ANM,WE,Combination Non-Radar Approach Control & Tower w/o Radar,0,4,0,0,4,0,0,3,0,3,0,4,3,0,7,0,0,0,7
04/12/2022,TWF,ID,ANM,WE,Combination Non-Radar Approach Control & Tower w/o Radar,1,17,3,2,23,0,0,4,0,4,1,17,7,2,27,0,0,0,27
04/13/2022,TWF,ID,ANM,WE,Combination Non-Radar Approach Control & Tower w/o Radar,2,10,2,0,14,0,0,16,0,16,2,10,18,0,30,22,0,22,52
04/14/2022,TWF,ID,ANM,WE,Combination Non-Radar Approach Control & Tower w/o Radar,0,17,4,2,23,0,0,12,0,12,0,17,16,2,35,36,0,36,71
04/15/2022,TWF,ID,ANM,WE,Combination Non-Radar Approach Control & Tower w/o Radar,0,11,6,1,18,0,0,45,3,48,0,11,51,4,66,52,0,52,118
04/16/2022,TWF,ID,ANM,WE,Combination Non-Radar Approach Control & Tower w/o Radar,0,11,3,0,14,0,0,19,0,19,0,11,22,0,33,38,0,38,71
04/17/2022,TWF,ID,ANM,WE,Combination Non-Radar Approach Control & Tower w/o Radar,0,2,2,0,4,0,0,24,0,24,0,2,26,0,28,10,0,10,38
04/18/2022,TWF,ID,ANM,WE,Combination Non-Radar Approach Control & Tower w/o Radar,0,3,7,0,10,0,0,28,0,28,0,3,35,0,38,28,0,28,66
04/19/2022,TWF,ID,ANM,WE,Combination Non-Radar Approach Control & Tower w/o Radar,0,13,4,6,23,0,0,11,0,11,0,13,15,6,34,12,0,12,46
04/20/2022,TWF,ID,ANM,WE,Combination Non-Radar Approach Control & Tower w/o Radar,0,7,3,1,11,0,0,20,1,21,0,7,23,2,32,20,0,20,52
04/21/2022,TWF,ID,ANM,WE,Combination Non-Radar Approach Control & Tower w/o Radar,0,14,17,0,31,0,0,29,0,29,0,14,46,0,60,82,0,82,142
04/22/2022,TWF,ID,ANM,WE,Combination Non-Radar Approach Control & Tower w/o Radar,0,13,7,0,20,0,0,14,0,14,0,13,21,0,34,24,0,24,58
04/23/2022,TWF,ID,ANM,WE,Combination Non-Radar Approach Control & Tower w/o Radar,2,4,3,0,9,0,0,36,1,37,2,4,39,1,46,26,0,26,72
04/24/2022,TWF,ID,ANM,WE,Combination Non-Radar Approach Control & Tower w/o Radar,0,3,8,0,11,0,0,60,0,60,0,3,68,0,71,4,0,4,75
04/25/2022,TWF,ID,ANM,WE,Combination Non-Radar Approach Control & Tower w/o Radar,0,8,15,1,24,0,0,66,0,66,0,8,81,1,90,68,0,68,158
04/26/2022,TWF,ID,ANM,WE,Combination Non-Radar Approach Control & Tower w/o Radar,0,9,8,0,17,0,0,33,0,33,0,9,41,0,50,20,0,20,70
04/27/2022,TWF,ID,ANM,WE,Combination Non-Radar Approach Control & Tower w/o Radar,0,12,19,0,31,0,0,41,0,41,0,12,60,0,72,50,0,50,122
04/28/2022,TWF,ID,ANM,WE,Combination Non-Radar Approach Control & Tower w/o Radar,0,9,15,0,24,0,0,26,0,26,0,9,41,0,50,50,0,50,100
04/29/2022,TWF,ID,ANM,WE,Combination Non-Radar Approach Control & Tower w/o Radar,0,11,12,0,23,0,0,23,0,23,0,11,35,0,46,92,0,92,138
04/30/2022,TWF,ID,ANM,WE,Combination Non-Radar Approach Control & Tower w/o Radar,0,6,1,0,7,0,0,42,0,42,0,6,43,0,49,111,0,111,160
05/01/2022,TWF,ID,ANM,WE,Combination Non-Radar Approach Control & Tower w/o Radar,0,11,10,0,21,0,0,7,0,7,0,11,17,0,28,64,0,64,92
05/02/2022,TWF,ID,ANM,WE,Combination Non-Radar Approach Control & Tower w/o Radar,0,13,8,0,21,0,0,41,0,41,0,13,49,0,62,110,0,110,172
05/03/2022,TWF,ID,ANM,WE,Combination Non-Radar Approach Control & Tower w/o Radar,0,20,15,0,35,0,0,4,0,4,0,20,19,0,39,56,0,56,95
05/04/2022,TWF,ID,ANM,WE,Combination Non-Radar Approach Control & Tower w/o Radar,0,17,12,2,31,0,2,71,0,73,0,19,83,2,104,112,0,112,216
05/05/2022,TWF,ID,ANM,WE,Combination Non-Radar Approach Control & Tower w/o Radar,0,11,8,4,23,0,0,30,1,31,0,11,38,5,54,42,0,42,96
05/06/2022,TWF,ID,ANM,WE,Combination Non-Radar Approach Control & Tower w/o Radar,0,21,7,0,28,0,0,35,0,35,0,21,42,0,63,58,0,58,121
05/07/2022,TWF,ID,ANM,WE,Combination Non-Radar Approach Control & Tower w/o Radar,0,6,10,0,16,0,0,7,0,7,0,6,17,0,23,8,0,8,31
05/08/2022,TWF,ID,ANM,WE,Combination Non-Radar Approach Control & Tower w/o Radar,0,5,3,0,8,0,0,4,0,4,0,5,7,0,12,0,0,0,12
05/09/2022,TWF,ID,ANM,WE,Combination Non-Radar Approach Control & Tower w/o Radar,0,12,14,0,26,0,0,14,0,14,0,12,28,0,40,12,0,12,52
05/10/2022,TWF,ID,ANM,WE,Combination Non-Radar Approach Control & Tower w/o Radar,0,9,10,0,19,0,0,40,0,40,0,9,50,0,59,44,0,44,103
05/11/2022,TWF,ID,ANM,WE,Combination Non-Radar Approach Control & Tower w/o Radar,0,16,6,0,22,0,1,42,0,43,0,17,48,0,65,52,0,52,117
05/12/2022,TWF,ID,ANM,WE,Combination Non-Radar Approach Control & Tower w/o Radar,0,14,6,4,24,0,0,23,2,25,0,14,29,6,49,48,16,64,113
05/13/2022,TWF,ID,ANM,WE,Combination Non-Radar Approach Control & Tower w/o Radar,0,18,10,1,29,0,0,49,0,49,0,18,59,1,78,52,0,52,130
05/14/2022,TWF,ID,ANM,WE,Combination Non-Radar Approach Control & Tower w/o Radar,0,5,3,0,8,0,0,31,0,31,0,5,34,0,39,58,0,58,97
05/15/2022,TWF,ID,ANM,WE,Combination Non-Radar Approach Control & Tower w/o Radar,0,5,5,1,11,0,0,46,1,47,0,5,51,2,58,4,0,4,62
05/16/2022,TWF,ID,ANM,WE,Combination Non-Radar Approach Control & Tower w/o Radar,0,9,1,0,10,0,0,18,0,18,0,9,19,0,28,0,0,0,28
05/17/2022,TWF,ID,ANM,WE,Combination Non-Radar Approach Control & Tower w/o Radar,0,12,11,0,23,0,0,54,0,54,0,12,65,0,77,82,0,82,159
05/18/2022,TWF,ID,ANM,WE,Combination Non-Radar Approach Control & Tower w/o Radar,0,12,6,0,18,0,1,43,0,44,0,13,49,0,62,54,0,54,116
05/19/2022,TWF,ID,ANM,WE,Combination Non-Radar Approach Control & Tower w/o Radar,0,13,6,0,19,0,0,3,0,3,0,13,9,0,22,0,0,0,22
05/20/2022,TWF,ID,ANM,WE,Combination Non-Radar Approach Control & Tower w/o Radar,0,11,1,2,14,0,5,78,0,83,0,16,79,2,97,90,0,90,187
05/21/2022,TWF,ID,ANM,WE,Combination Non-Radar Approach Control & Tower w/o Radar,0,4,5,5,14,0,0,40,8,48,0,4,45,13,62,26,0,26,88
05/22/2022,TWF,ID,ANM,WE,Combination Non-Radar Approach Control & Tower w/o Radar,0,4,6,0,10,0,0,10,0,10,0,4,16,0,20,0,0,0,20
05/23/2022,TWF,ID,ANM,WE,Combination Non-Radar Approach Control & Tower w/o Radar,1,8,6,0,15,0,2,43,0,45,1,10,49,0,60,68,0,68,128
05/24/2022,TWF,ID,ANM,WE,Combination Non-Radar Approach Control & Tower w/o Radar,0,14,2,0,16,0,0,38,0,38,0,14,40,0,54,46,0,46,100
05/25/2022,TWF,ID,ANM,WE,Combination Non-Radar Approach Control & Tower w/o Radar,0,11,7,0,18,0,2,65,0,67,0,13,72,0,85,78,0,78,163
05/26/2022,TWF,ID,ANM,WE,Combination Non-Radar Approach Control & Tower w/o Radar,0,12,5,0,17,0,0,42,0,42,0,12,47,0,59,98,0,98,157
05/27/2022,TWF,ID,ANM,WE,Combination Non-Radar Approach Control & Tower w/o Radar,0,13,4,0,17,0,2,37,0,39,0,15,41,0,56,56,0,56,112
05/28/2022,TWF,ID,ANM,WE,Combination Non-Radar Approach Control & Tower w/o Radar,0,8,0,0,8,0,0,4,0,4,0,8,4,0,12,4,0,4,16
05/29/2022,TWF,ID,ANM,WE,Combination Non-Radar Approach Control & Tower w/o Radar,0,4,1,0,5,0,0,2,0,2,0,4,3,0,7,0,0,0,7
05/30/2022,TWF,ID,ANM,WE,Combination Non-Radar Approach Control & Tower w/o Radar,0,7,2,0,9,0,0,7,0,7,0,7,9,0,16,0,0,0,16
05/31/2022,TWF,ID,ANM,WE,Combination Non-Radar Approach Control & Tower w/o Radar,0,11,11,0,22,0,0,36,0,36,0,11,47,0,58,4,0,4,62
06/01/2022,TWF,ID,ANM,WE,Combination Non-Radar Approach Control & Tower w/o Radar,0,10,13,0,23,0,0,57,0,57,0,10,70,0,80,58,0,58,138
06/02/2022,TWF,ID,ANM,WE,Combination Non-Radar Approach Control & Tower w/o Radar,0,8,8,1,17,0,2,64,1,67,0,10,72,2,84,86,0,86,170
06/03/2022,TWF,ID,ANM,WE,Combination Non-Radar Approach Control & Tower w/o Radar,0,13,5,0,18,0,0,68,0,68,0,13,73,0,86,100,0,100,186
06/04/2022,TWF,ID,ANM,WE,Combination Non-Radar Approach Control & Tower w/o Radar,0,9,5,0,14,0,0,39,8,47,0,9,44,8,61,24,0,24,85
06/05/2022,TWF,ID,ANM,WE,Combination Non-Radar Approach Control & Tower w/o Radar,0,2,5,0,7,0,0,19,1,20,0,2,24,1,27,22,0,22,49
06/06/2022,TWF,ID,ANM,WE,Combination Non-Radar Approach Control & Tower w/o Radar,0,5,7,2,14,0,0,40,3,43,0,5,47,5,57,64,0,64,121
06/07/2022,TWF,ID,ANM,WE,Combination Non-Radar Approach Control & Tower w/o Radar,0,12,5,0,17,0,0,47,0,47,0,12,52,0,64,44,0,44,108
06/08/2022,TWF,ID,ANM,WE,Combination Non-Radar Approach Control & Tower w/o Radar,0,10,3,0,13,0,1,51,1,53,0,11,54,1,66,78,0,78,144
06/09/2022,TWF,ID,ANM,WE,Combination Non-Radar Approach Control & Tower w/o Radar,0,10,11,0,21,0,0,60,0,60,0,10,71,0,81,108,0,108,189
06/10/2022,TWF,ID,ANM,WE,Combination Non-Radar Approach Control & Tower w/o Radar,0,9,2,0,11,0,0,55,0,55,0,9,57,0,66,60,0,60,126
06/11/2022,TWF,ID,ANM,WE,Combination Non-Radar Approach Control & Tower w/o Radar,0,6,7,0,13,0,1,40,0,41,0,7,47,0,54,48,0,48,102
06/12/2022,TWF,ID,ANM,WE,Combination Non-Radar Approach Control & Tower w/o Radar,0,4,6,0,10,0,0,11,0,11,0,4,17,0,21,0,0,0,21
06/13/2022,TWF,ID,ANM,WE,Combination Non-Radar Approach Control & Tower w/o Radar,0,6,4,4,14,0,1,28,0,29,0,7,32,4,43,36,12,48,91
06/14/2022,TWF,ID,ANM,WE,Combination Non-Radar Approach Control & Tower w/o Radar,0,15,7,5,27,0,0,34,11,45,0,15,41,16,72,14,8,22,94
06/15/2022,TWF,ID,ANM,WE,Combination Non-Radar Approach Control & Tower w/o Radar,1,13,3,0,17,0,2,31,0,33,1,15,34,0,50,52,0,52,102
06/16/2022,TWF,ID,ANM,WE,Combination Non-Radar Approach Control & Tower w/o Radar,0,9,7,0,16,0,1,36,4,41,0,10,43,4,57,62,0,62,119
06/17/2022,TWF,ID,ANM,WE,Combination Non-Radar Approach Control & Tower w/o Radar,0,19,9,0,28,0,1,20,0,21,0,20,29,0,49,14,0,14,63
06/18/2022,TWF,ID,ANM,WE,Combination Non-Radar Approach Control & Tower w/o Radar,0,9,9,1,19,0,2,53,1,56,0,11,62,2,75,32,0,32,107
06/19/2022,TWF,ID,ANM,WE,Combination Non-Radar Approach Control & Tower w/o Radar,1,4,3,0,8,0,0,21,0,21,1,4,24,0,29,0,0,0,29
06/20/2022,TWF,ID,ANM,WE,Combination Non-Radar Approach Control & Tower w/o Radar,1,9,3,0,13,0,0,29,0,29,1,9,32,0,42,34,0,34,76
06/21/2022,TWF,ID,ANM,WE,Combination Non-Radar Approach Control & Tower w/o Radar,0,10,4,0,14,0,0,40,0,40,0,10,44,0,54,6,0,6,60
06/22/2022,TWF,ID,ANM,WE,Combination Non-Radar Approach Control & Tower w/o Radar,1,10,4,1,16,0,0,62,1,63,1,10,66,2,79,60,18,78,157
06/23/2022,TWF,ID,ANM,WE,Combination Non-Radar Approach Control & Tower w/o Radar,1,8,6,0,15,0,0,45,0,45,1,8,51,0,60,66,0,66,126
06/24/2022,TWF,ID,ANM,WE,Combination Non-Radar Approach Control & Tower w/o Radar,0,13,6,0,19,0,17,37,0,54,0,30,43,0,73,18,0,18,91
06/25/2022,TWF,ID,ANM,WE,Combination Non-Radar Approach Control & Tower w/o Radar,0,13,7,0,20,0,2,65,0,67,0,15,72,0,87,64,0,64,151
06/26/2022,TWF,ID,ANM,WE,Combination Non-Radar Approach Control & Tower w/o Radar,0,0,0,0,0,0,0,0,0,0,0,0,0,0,0,0,0,0,0
06/27/2022,TWF,ID,ANM,WE,Combination Non-Radar Approach Control & Tower w/o Radar,0,7,5,0,12,2,1,23,0,26,2,8,28,0,38,16,0,16,54
06/28/2022,TWF,ID,ANM,WE,Combination Non-Radar Approach Control & Tower w/o Radar,2,8,7,2,19,2,1,35,0,38,4,9,42,2,57,30,0,30,87
06/29/2022,TWF,ID,ANM,WE,Combination Non-Radar Approach Control & Tower w/o Radar,0,11,4,1,16,11,0,90,2,103,11,11,94,3,119,104,0,104,223
06/30/2022,TWF,ID,ANM,WE,Combination Non-Radar Approach Control & Tower w/o Radar,1,6,2,0,9,0,4,50,0,54,1,10,52,0,63,58,0,58,121
07/01/2022,TWF,ID,ANM,WE,Combination Non-Radar Approach Control & Tower w/o Radar,0,9,8,0,17,8,6,70,0,84,8,15,78,0,101,100,0,100,201
07/02/2022,TWF,ID,ANM,WE,Combination Non-Radar Approach Control & Tower w/o Radar,1,16,3,0,20,6,12,39,0,57,7,28,42,0,77,52,0,52,129
07/03/2022,TWF,ID,ANM,WE,Combination Non-Radar Approach Control & Tower w/o Radar,0,5,4,0,9,0,0,20,0,20,0,5,24,0,29,18,0,18,47
07/04/2022,TWF,ID,ANM,WE,Combination Non-Radar Approach Control & Tower w/o Radar,0,1,2,0,3,0,1,27,0,28,0,2,29,0,31,0,0,0,31
07/05/2022,TWF,ID,ANM,WE,Combination Non-Radar Approach Control & Tower w/o Radar,0,36,24,1,61,2,0,38,4,44,2,36,62,5,105,38,0,38,143
07/06/2022,TWF,ID,ANM,WE,Combination Non-Radar Approach Control & Tower w/o Radar,0,17,19,2,38,0,1,50,2,53,0,18,69,4,91,98,0,98,189
07/07/2022,TWF,ID,ANM,WE,Combination Non-Radar Approach Control & Tower w/o Radar,0,15,11,3,29,0,0,54,2,56,0,15,65,5,85,65,4,69,154
07/08/2022,TWF,ID,ANM,WE,Combination Non-Radar Approach Control & Tower w/o Radar,0,21,7,1,29,1,2,58,4,65,1,23,65,5,94,52,0,52,146
07/09/2022,TWF,ID,ANM,WE,Combination Non-Radar Approach Control & Tower w/o Radar,0,14,7,0,21,2,1,62,0,65,2,15,69,0,86,44,0,44,130
07/10/2022,TWF,ID,ANM,WE,Combination Non-Radar Approach Control & Tower w/o Radar,0,3,4,0,7,3,0,29,0,32,3,3,33,0,39,6,0,6,45
07/11/2022,TWF,ID,ANM,WE,Combination Non-Radar Approach Control & Tower w/o Radar,0,3,1,0,4,0,0,18,1,19,0,3,19,1,23,0,0,0,23
07/12/2022,TWF,ID,ANM,WE,Combination Non-Radar Approach Control & Tower w/o Radar,0,5,7,1,13,0,11,81,0,92,0,16,88,1,105,64,8,72,177
07/13/2022,TWF,ID,ANM,WE,Combination Non-Radar Approach Control & Tower w/o Radar,3,7,5,0,15,12,1,41,0,54,15,8,46,0,69,6,0,6,75
07/14/2022,TWF,ID,ANM,WE,Combination Non-Radar Approach Control & Tower w/o Radar,0,9,1,2,12,53,15,54,0,122,53,24,55,2,134,54,18,72,206
07/15/2022,TWF,ID,ANM,WE,Combination Non-Radar Approach Control & Tower w/o Radar,0,9,0,0,9,75,0,36,0,111,75,9,36,0,120,22,0,22,142
07/16/2022,TWF,ID,ANM,WE,Combination Non-Radar Approach Control & Tower w/o Radar,0,3,1,0,4,2,2,50,0,54,2,5,51,0,58,72,0,72,130
07/17/2022,TWF,ID,ANM,WE,Combination Non-Radar Approach Control & Tower w/o Radar,2,3,2,0,7,2,0,26,0,28,4,3,28,0,35,8,0,8,43
07/18/2022,TWF,ID,ANM,WE,Combination Non-Radar Approach Control & Tower w/o Radar,0,6,8,2,16,0,20,28,0,48,0,26,36,2,64,52,16,68,132
07/19/2022,TWF,ID,ANM,WE,Combination Non-Radar Approach Control & Tower w/o Radar,1,8,4,1,14,0,10,55,1,66,1,18,59,2,80,118,0,118,198
07/20/2022,TWF,ID,ANM,WE,Combination Non-Radar Approach Control & Tower w/o Radar,0,12,7,0,19,1,0,48,0,49,1,12,55,0,68,104,0,104,172
07/21/2022,TWF,ID,ANM,WE,Combination Non-Radar Approach Control & Tower w/o Radar,0,8,4,0,12,1,0,61,0,62,1,8,65,0,74,70,0,70,144
07/22/2022,TWF,ID,ANM,WE,Combination Non-Radar Approach Control & Tower w/o Radar,0,10,2,0,12,0,0,52,0,52,0,10,54,0,64,54,0,54,118
07/23/2022,TWF,ID,ANM,WE,Combination Non-Radar Approach Control & Tower w/o Radar,0,8,5,0,13,2,0,47,0,49,2,8,52,0,62,28,0,28,90
07/24/2022,TWF,ID,ANM,WE,Combination Non-Radar Approach Control & Tower w/o Radar,0,1,5,0,6,0,0,28,0,28,0,1,33,0,34,2,0,2,36
07/25/2022,TWF,ID,ANM,WE,Combination Non-Radar Approach Control & Tower w/o Radar,0,7,4,0,11,0,2,66,4,72,0,9,70,4,83,24,0,24,107
07/26/2022,TWF,ID,ANM,WE,Combination Non-Radar Approach Control & Tower w/o Radar,0,6,10,1,17,0,0,61,2,63,0,6,71,3,80,38,0,38,118
07/27/2022,TWF,ID,ANM,WE,Combination Non-Radar Approach Control & Tower w/o Radar,0,7,3,2,12,0,2,52,0,54,0,9,55,2,66,40,12,52,118
07/28/2022,TWF,ID,ANM,WE,Combination Non-Radar Approach Control & Tower w/o Radar,0,10,7,1,18,0,4,63,1,68,0,14,70,2,86,34,3,37,123
07/29/2022,TWF,ID,ANM,WE,Combination Non-Radar Approach Control & Tower w/o Radar,0,8,8,0,16,0,0,39,0,39,0,8,47,0,55,34,0,34,89
07/30/2022,TWF,ID,ANM,WE,Combination Non-Radar Approach Control & Tower w/o Radar,0,6,2,0,8,0,0,90,0,90,0,6,92,0,98,26,0,26,124
07/31/2022,TWF,ID,ANM,WE,Combination Non-Radar Approach Control & Tower w/o Radar,0,3,2,0,5,0,0,28,0,28,0,3,30,0,33,8,0,8,41
08/01/2022,TWF,ID,ANM,WE,Combination Non-Radar Approach Control & Tower w/o Radar,0,4,6,0,10,1,1,27,0,29,1,5,33,0,39,52,0,52,91
08/02/2022,TWF,ID,ANM,WE,Combination Non-Radar Approach Control & Tower w/o Radar,0,7,5,0,12,0,2,26,0,28,0,9,31,0,40,36,0,36,76
08/03/2022,TWF,ID,ANM,WE,Combination Non-Radar Approach Control & Tower w/o Radar,0,7,4,1,12,1,1,62,4,68,1,8,66,5,80,74,0,74,154
08/04/2022,TWF,ID,ANM,WE,Combination Non-Radar Approach Control & Tower w/o Radar,0,6,1,2,9,0,0,56,4,60,0,6,57,6,69,46,0,46,115
08/05/2022,TWF,ID,ANM,WE,Combination Non-Radar Approach Control & Tower w/o Radar,0,8,1,0,9,0,0,43,1,44,0,8,44,1,53,64,0,64,117
08/06/2022,TWF,ID,ANM,WE,Combination Non-Radar Approach Control & Tower w/o Radar,0,7,1,2,10,0,0,27,9,36,0,7,28,11,46,64,0,64,110
08/07/2022,TWF,ID,ANM,WE,Combination Non-Radar Approach Control & Tower w/o Radar,0,0,2,0,2,0,0,6,0,6,0,0,8,0,8,0,0,0,8
08/08/2022,TWF,ID,ANM,WE,Combination Non-Radar Approach Control & Tower w/o Radar,0,8,5,0,13,0,8,55,0,63,0,16,60,0,76,36,2,38,114
08/09/2022,TWF,ID,ANM,WE,Combination Non-Radar Approach Control & Tower w/o Radar,0,12,9,2,23,0,0,66,0,66,0,12,75,2,89,14,10,24,113
08/10/2022,TWF,ID,ANM,WE,Combination Non-Radar Approach Control & Tower w/o Radar,0,11,12,1,24,0,2,46,6,54,0,13,58,7,78,82,18,100,178
08/11/2022,TWF,ID,ANM,WE,Combination Non-Radar Approach Control & Tower w/o Radar,0,11,6,3,20,0,1,45,9,55,0,12,51,12,75,76,0,76,151
08/12/2022,TWF,ID,ANM,WE,Combination Non-Radar Approach Control & Tower w/o Radar,0,10,1,0,11,1,18,37,0,56,1,28,38,0,67,0,0,0,67
08/13/2022,TWF,ID,ANM,WE,Combination Non-Radar Approach Control & Tower w/o Radar,0,2,6,0,8,1,1,48,0,50,1,3,54,0,58,66,0,66,124
08/14/2022,TWF,ID,ANM,WE,Combination Non-Radar Approach Control & Tower w/o Radar,0,7,1,0,8,3,1,16,0,20,3,8,17,0,28,20,0,20,48
08/15/2022,TWF,ID,ANM,WE,Combination Non-Radar Approach Control & Tower w/o Radar,0,5,3,4,12,0,4,59,6,69,0,9,62,10,81,36,0,36,117
08/16/2022,TWF,ID,ANM,WE,Combination Non-Radar Approach Control & Tower w/o Radar,0,8,7,0,15,6,4,62,0,72,6,12,69,0,87,112,0,112,199
08/17/2022,TWF,ID,ANM,WE,Combination Non-Radar Approach Control & Tower w/o Radar,0,6,10,3,19,2,0,49,0,51,2,6,59,3,70,34,12,46,116
08/18/2022,TWF,ID,ANM,WE,Combination Non-Radar Approach Control & Tower w/o Radar,0,9,9,5,23,1,1,45,4,51,1,10,54,9,74,92,4,96,170
08/19/2022,TWF,ID,ANM,WE,Combination Non-Radar Approach Control & Tower w/o Radar,0,8,5,5,18,3,8,46,4,61,3,16,51,9,79,18,0,18,97
08/20/2022,TWF,ID,ANM,WE,Combination Non-Radar Approach Control & Tower w/o Radar,0,6,5,0,11,0,2,39,0,41,0,8,44,0,52,72,0,72,124
08/21/2022,TWF,ID,ANM,WE,Combination Non-Radar Approach Control & Tower w/o Radar,0,3,4,0,7,0,0,32,0,32,0,3,36,0,39,0,0,0,39
08/22/2022,TWF,ID,ANM,WE,Combination Non-Radar Approach Control & Tower w/o Radar,0,6,0,0,6,0,2,41,0,43,0,8,41,0,49,18,0,18,67
08/23/2022,TWF,ID,ANM,WE,Combination Non-Radar Approach Control & Tower w/o Radar,0,12,3,0,15,2,2,48,0,52,2,14,51,0,67,42,0,42,109
08/24/2022,TWF,ID,ANM,WE,Combination Non-Radar Approach Control & Tower w/o Radar,0,14,2,2,18,0,3,49,2,54,0,17,51,4,72,56,0,56,128
08/25/2022,TWF,ID,ANM,WE,Combination Non-Radar Approach Control & Tower w/o Radar,0,8,1,1,10,0,0,42,6,48,0,8,43,7,58,48,0,48,106
08/26/2022,TWF,ID,ANM,WE,Combination Non-Radar Approach Control & Tower w/o Radar,0,7,3,0,10,1,0,46,0,47,1,7,49,0,57,52,0,52,109
08/27/2022,TWF,ID,ANM,WE,Combination Non-Radar Approach Control & Tower w/o Radar,2,5,6,0,13,0,0,35,2,37,2,5,41,2,50,62,0,62,112
08/28/2022,TWF,ID,ANM,WE,Combination Non-Radar Approach Control & Tower w/o Radar,0,1,2,0,3,0,1,16,2,19,0,2,18,2,22,2,0,2,24
08/29/2022,TWF,ID,ANM,WE,Combination Non-Radar Approach Control & Tower w/o Radar,0,4,5,1,10,0,0,27,3,30,0,4,32,4,40,4,12,16,56
08/30/2022,TWF,ID,ANM,WE,Combination Non-Radar Approach Control & Tower w/o Radar,0,7,8,4,19,2,0,36,1,39,2,7,44,5,58,22,40,62,120
08/31/2022,TWF,ID,ANM,WE,Combination Non-Radar Approach Control & Tower w/o Radar,0,13,9,2,24,0,12,37,2,51,0,25,46,4,75,44,12,56,131
09/01/2022,TWF,ID,ANM,WE,Combination Non-Radar Approach Control & Tower w/o Radar,0,7,10,0,17,1,0,29,2,32,1,7,39,2,49,2,2,4,53
09/02/2022,TWF,ID,ANM,WE,Combination Non-Radar Approach Control & Tower w/o Radar,0,7,4,0,11,2,0,41,1,44,2,7,45,1,55,50,0,50,105
09/03/2022,TWF,ID,ANM,WE,Combination Non-Radar Approach Control & Tower w/o Radar,0,9,0,0,9,3,0,26,0,29,3,9,26,0,38,68,0,68,106
09/04/2022,TWF,ID,ANM,WE,Combination Non-Radar Approach Control & Tower w/o Radar,0,3,0,0,3,14,3,15,0,32,14,6,15,0,35,10,0,10,45
09/05/2022,TWF,ID,ANM,WE,Combination Non-Radar Approach Control & Tower w/o Radar,0,4,2,0,6,0,1,42,0,43,0,5,44,0,49,6,0,6,55
09/06/2022,TWF,ID,ANM,WE,Combination Non-Radar Approach Control & Tower w/o Radar,0,4,4,1,9,12,26,35,0,73,12,30,39,1,82,54,0,54,136
09/07/2022,TWF,ID,ANM,WE,Combination Non-Radar Approach Control & Tower w/o Radar,0,6,10,0,16,0,1,47,3,51,0,7,57,3,67,50,0,50,117
09/08/2022,TWF,ID,ANM,WE,Combination Non-Radar Approach Control & Tower w/o Radar,1,9,17,0,27,31,65,33,0,129,32,74,50,0,156,18,0,18,174
09/09/2022,TWF,ID,ANM,WE,Combination Non-Radar Approach Control & Tower w/o Radar,0,14,15,0,29,4,2,34,2,42,4,16,49,2,71,128,0,128,199
09/10/2022,TWF,ID,ANM,WE,Combination Non-Radar Approach Control & Tower w/o Radar,0,3,3,0,6,4,6,20,0,30,4,9,23,0,36,60,0,60,96
09/11/2022,TWF,ID,ANM,WE,Combination Non-Radar Approach Control & Tower w/o Radar,0,6,5,0,11,0,0,17,2,19,0,6,22,2,30,0,0,0,30
09/12/2022,TWF,ID,ANM,WE,Combination Non-Radar Approach Control & Tower w/o Radar,0,4,2,0,6,0,1,41,0,42,0,5,43,0,48,0,0,0,48
09/13/2022,TWF,ID,ANM,WE,Combination Non-Radar Approach Control & Tower w/o Radar,0,8,3,0,11,0,0,41,1,42,0,8,44,1,53,102,10,112,165
09/14/2022,TWF,ID,ANM,WE,Combination Non-Radar Approach Control & Tower w/o Radar,0,7,6,3,16,10,7,43,4,64,10,14,49,7,80,46,18,64,144
09/15/2022,TWF,ID,ANM,WE,Combination Non-Radar Approach Control & Tower w/o Radar,0,9,1,9,19,0,0,16,1,17,0,9,17,10,36,42,14,56,92
09/16/2022,TWF,ID,ANM,WE,Combination Non-Radar Approach Control & Tower w/o Radar,0,7,4,0,11,12,15,32,0,59,12,22,36,0,70,80,0,80,150
09/17/2022,TWF,ID,ANM,WE,Combination Non-Radar Approach Control & Tower w/o Radar,0,18,4,0,22,0,3,23,0,26,0,21,27,0,48,30,0,30,78
09/18/2022,TWF,ID,ANM,WE,Combination Non-Radar Approach Control & Tower w/o Radar,0,6,1,0,7,0,0,11,0,11,0,6,12,0,18,0,0,0,18
09/19/2022,TWF,ID,ANM,WE,Combination Non-Radar Approach Control & Tower w/o Radar,0,8,2,0,10,0,0,29,0,29,0,8,31,0,39,50,0,50,89
09/20/2022,TWF,ID,ANM,WE,Combination Non-Radar Approach Control & Tower w/o Radar,0,13,2,1,16,0,0,43,1,44,0,13,45,2,60,48,0,48,108
09/21/2022,TWF,ID,ANM,WE,Combination Non-Radar Approach Control & Tower w/o Radar,0,15,8,0,23,0,0,15,0,15,0,15,23,0,38,18,0,18,56
09/22/2022,TWF,ID,ANM,WE,Combination Non-Radar Approach Control & Tower w/o Radar,0,16,8,0,24,0,0,26,0,26,0,16,34,0,50,76,0,76,126
09/23/2022,TWF,ID,ANM,WE,Combination Non-Radar Approach Control & Tower w/o Radar,0,14,5,0,19,0,0,44,0,44,0,14,49,0,63,22,0,22,85
09/24/2022,TWF,ID,ANM,WE,Combination Non-Radar Approach Control & Tower w/o Radar,0,8,4,0,12,0,1,59,0,60,0,9,63,0,72,52,0,52,124
09/25/2022,TWF,ID,ANM,WE,Combination Non-Radar Approach Control & Tower w/o Radar,0,5,2,0,7,0,0,36,4,40,0,5,38,4,47,2,0,2,49
09/26/2022,TWF,ID,ANM,WE,Combination Non-Radar Approach Control & Tower w/o Radar,0,3,1,0,4,0,0,57,4,61,0,3,58,4,65,32,0,32,97
09/27/2022,TWF,ID,ANM,WE,Combination Non-Radar Approach Control & Tower w/o Radar,0,7,1,0,8,0,1,50,0,51,0,8,51,0,59,44,0,44,103
09/28/2022,TWF,ID,ANM,WE,Combination Non-Radar Approach Control & Tower w/o Radar,0,7,7,0,14,0,0,44,0,44,0,7,51,0,58,76,8,84,142
09/29/2022,TWF,ID,ANM,WE,Combination Non-Radar Approach Control & Tower w/o Radar,0,14,3,0,17,0,2,48,1,51,0,16,51,1,68,58,0,58,126
09/30/2022,TWF,ID,ANM,WE,Combination Non-Radar Approach Control & Tower w/o Radar,1,8,4,2,15,0,1,45,0,46,1,9,49,2,61,82,0,82,143
10/01/2022,TWF,ID,ANM,WE,Combination Non-Radar Approach Control & Tower w/o Radar,0,4,3,1,8,0,0,46,1,47,0,4,49,2,55,43,0,43,98
10/02/2022,TWF,ID,ANM,WE,Combination Non-Radar Approach Control & Tower w/o Radar,0,4,6,0,10,0,0,33,0,33,0,4,39,0,43,6,0,6,49
10/03/2022,TWF,ID,ANM,WE,Combination Non-Radar Approach Control & Tower w/o Radar,0,4,5,1,10,0,0,49,1,50,0,4,54,2,60,42,0,42,102
10/04/2022,TWF,ID,ANM,WE,Combination Non-Radar Approach Control & Tower w/o Radar,0,7,13,1,21,0,0,47,2,49,0,7,60,3,70,84,0,84,154
10/05/2022,TWF,ID,ANM,WE,Combination Non-Radar Approach Control & Tower w/o Radar,0,9,8,0,17,0,7,56,1,64,0,16,64,1,81,96,14,110,191
10/06/2022,TWF,ID,ANM,WE,Combination Non-Radar Approach Control & Tower w/o Radar,0,9,8,2,19,0,0,55,2,57,0,9,63,4,76,32,0,32,108
10/07/2022,TWF,ID,ANM,WE,Combination Non-Radar Approach Control & Tower w/o Radar,0,7,10,0,17,0,1,34,0,35,0,8,44,0,52,82,0,82,134
10/08/2022,TWF,ID,ANM,WE,Combination Non-Radar Approach Control & Tower w/o Radar,0,9,4,0,13,0,0,51,0,51,0,9,55,0,64,54,0,54,118
10/09/2022,TWF,ID,ANM,WE,Combination Non-Radar Approach Control & Tower w/o Radar,0,5,3,0,8,0,0,29,0,29,0,5,32,0,37,0,0,0,37
10/10/2022,TWF,ID,ANM,WE,Combination Non-Radar Approach Control & Tower w/o Radar,0,3,8,0,11,0,0,30,0,30,0,3,38,0,41,0,0,0,41
10/11/2022,TWF,ID,ANM,WE,Combination Non-Radar Approach Control & Tower w/o Radar,0,5,10,4,19,0,0,22,2,24,0,5,32,6,43,17,0,17,60
10/12/2022,TWF,ID,ANM,WE,Combination Non-Radar Approach Control & Tower w/o Radar,0,8,4,3,15,0,0,35,0,35,0,8,39,3,50,28,0,28,78
10/13/2022,TWF,ID,ANM,WE,Combination Non-Radar Approach Control & Tower w/o Radar,0,9,1,3,13,0,0,51,1,52,0,9,52,4,65,116,6,122,187
10/14/2022,TWF,ID,ANM,WE,Combination Non-Radar Approach Control & Tower w/o Radar,0,7,5,0,12,0,0,50,0,50,0,7,55,0,62,68,0,68,130
10/15/2022,TWF,ID,ANM,WE,Combination Non-Radar Approach Control & Tower w/o Radar,0,8,4,0,12,0,0,37,0,37,0,8,41,0,49,24,0,24,73
10/16/2022,TWF,ID,ANM,WE,Combination Non-Radar Approach Control & Tower w/o Radar,0,2,0,0,2,0,0,8,0,8,0,2,8,0,10,10,0,10,20
10/17/2022,TWF,ID,ANM,WE,Combination Non-Radar Approach Control & Tower w/o Radar,0,10,6,0,16,0,0,32,0,32,0,10,38,0,48,22,0,22,70
10/18/2022,TWF,ID,ANM,WE,Combination Non-Radar Approach Control & Tower w/o Radar,0,10,4,0,14,0,1,59,0,60,0,11,63,0,74,120,0,120,194
10/19/2022,TWF,ID,ANM,WE,Combination Non-Radar Approach Control & Tower w/o Radar,0,17,6,0,23,0,0,59,6,65,0,17,65,6,88,92,0,92,180
10/20/2022,TWF,ID,ANM,WE,Combination Non-Radar Approach Control & Tower w/o Radar,0,10,4,0,14,0,0,37,0,37,0,10,41,0,51,56,0,56,107
10/21/2022,TWF,ID,ANM,WE,Combination Non-Radar Approach Control & Tower w/o Radar,0,10,9,0,19,0,2,36,0,38,0,12,45,0,57,2,0,2,59
10/22/2022,TWF,ID,ANM,WE,Combination Non-Radar Approach Control & Tower w/o Radar,4,3,1,0,8,0,0,5,0,5,4,3,6,0,13,0,0,0,13
10/23/2022,TWF,ID,ANM,WE,Combination Non-Radar Approach Control & Tower w/o Radar,0,1,7,0,8,0,0,10,0,10,0,1,17,0,18,0,0,0,18
10/24/2022,TWF,ID,ANM,WE,Combination Non-Radar Approach Control & Tower w/o Radar,0,7,9,2,18,0,0,13,0,13,0,7,22,2,31,28,0,28,59
10/25/2022,TWF,ID,ANM,WE,Combination Non-Radar Approach Control & Tower w/o Radar,0,10,7,2,19,0,3,26,0,29,0,13,33,2,48,26,0,26,74
10/26/2022,TWF,ID,ANM,WE,Combination Non-Radar Approach Control & Tower w/o Radar,0,12,0,2,14,0,0,15,1,16,0,12,15,3,30,28,2,30,60
10/27/2022,TWF,ID,ANM,WE,Combination Non-Radar Approach Control & Tower w/o Radar,0,6,10,0,16,0,0,54,0,54,0,6,64,0,70,50,0,50,120
10/28/2022,TWF,ID,ANM,WE,Combination Non-Radar Approach Control & Tower w/o Radar,0,7,1,11,19,0,0,57,0,57,0,7,58,11,76,32,0,32,108
10/29/2022,TWF,ID,ANM,WE,Combination Non-Radar Approach Control & Tower w/o Radar,0,4,6,0,10,0,0,41,0,41,0,4,47,0,51,32,0,32,83
10/30/2022,TWF,ID,ANM,WE,Combination Non-Radar Approach Control & Tower w/o Radar,0,3,2,2,7,0,0,22,0,22,0,3,24,2,29,18,0,18,47
10/31/2022,TWF,ID,ANM,WE,Combination Non-Radar Approach Control & Tower w/o Radar,0,4,8,0,12,0,0,34,2,36,0,4,42,2,48,26,0,26,74
11/01/2022,TWF,ID,ANM,WE,Combination Non-Radar Approach Control & Tower w/o Radar,0,14,1,0,15,0,0,23,3,26,0,14,24,3,41,28,0,28,69
11/02/2022,TWF,ID,ANM,WE,Combination Non-Radar Approach Control & Tower w/o Radar,0,20,4,2,26,0,0,32,1,33,0,20,36,3,59,46,14,60,119
11/03/2022,TWF,ID,ANM,WE,Combination Non-Radar Approach Control & Tower w/o Radar,0,9,21,1,31,0,0,14,0,14,0,9,35,1,45,18,0,18,63
11/04/2022,TWF,ID,ANM,WE,Combination Non-Radar Approach Control & Tower w/o Radar,0,12,8,0,20,0,0,5,0,5,0,12,13,0,25,28,0,28,53
11/05/2022,TWF,ID,ANM,WE,Combination Non-Radar Approach Control & Tower w/o Radar,0,3,0,1,4,0,0,0,0,0,0,3,0,1,4,0,0,0,4
11/06/2022,TWF,ID,ANM,WE,Combination Non-Radar Approach Control & Tower w/o Radar,0,6,5,0,11,0,0,14,0,14,0,6,19,0,25,4,0,4,29
11/07/2022,TWF,ID,ANM,WE,Combination Non-Radar Approach Control & Tower w/o Radar,0,9,5,0,14,0,0,5,0,5,0,9,10,0,19,8,0,8,27
11/08/2022,TWF,ID,ANM,WE,Combination Non-Radar Approach Control & Tower w/o Radar,0,9,6,0,15,0,0,6,0,6,0,9,12,0,21,22,0,22,43
11/09/2022,TWF,ID,ANM,WE,Combination Non-Radar Approach Control & Tower w/o Radar,0,19,8,0,27,0,0,6,0,6,0,19,14,0,33,26,0,26,59
11/10/2022,TWF,ID,ANM,WE,Combination Non-Radar Approach Control & Tower w/o Radar,0,8,11,0,19,0,0,18,0,18,0,8,29,0,37,8,0,8,45
11/11/2022,TWF,ID,ANM,WE,Combination Non-Radar Approach Control & Tower w/o Radar,0,5,5,0,10,0,0,55,4,59,0,5,60,4,69,50,0,50,119
11/12/2022,TWF,ID,ANM,WE,Combination Non-Radar Approach Control & Tower w/o Radar,0,6,6,0,12,0,1,34,0,35,0,7,40,0,47,67,0,67,114
11/13/2022,TWF,ID,ANM,WE,Combination Non-Radar Approach Control & Tower w/o Radar,0,5,6,0,11,0,1,14,2,17,0,6,20,2,28,0,0,0,28
11/14/2022,TWF,ID,ANM,WE,Combination Non-Radar Approach Control & Tower w/o Radar,0,8,0,0,8,0,0,35,0,35,0,8,35,0,43,22,0,22,65
11/15/2022,TWF,ID,ANM,WE,Combination Non-Radar Approach Control & Tower w/o Radar,0,9,3,4,16,0,0,22,0,22,0,9,25,4,38,42,0,42,80
11/16/2022,TWF,ID,ANM,WE,Combination Non-Radar Approach Control & Tower w/o Radar,0,16,3,1,20,0,7,44,5,56,0,23,47,6,76,72,16,88,164
11/17/2022,TWF,ID,ANM,WE,Combination Non-Radar Approach Control & Tower w/o Radar,0,14,14,0,28,0,0,12,1,13,0,14,26,1,41,8,0,8,49
11/18/2022,TWF,ID,ANM,WE,Combination Non-Radar Approach Control & Tower w/o Radar,0,13,5,0,18,0,1,35,0,36,0,14,40,0,54,48,0,48,102
11/19/2022,TWF,ID,ANM,WE,Combination Non-Radar Approach Control & Tower w/o Radar,0,5,5,0,10,0,0,28,0,28,0,5,33,0,38,24,0,24,62
11/20/2022,TWF,ID,ANM,WE,Combination Non-Radar Approach Control & Tower w/o Radar,0,3,5,0,8,0,0,23,0,23,0,3,28,0,31,16,22,38,69
11/21/2022,TWF,ID,ANM,WE,Combination Non-Radar Approach Control & Tower w/o Radar,0,6,3,1,10,0,0,18,1,19,0,6,21,2,29,0,0,0,29
11/22/2022,TWF,ID,ANM,WE,Combination Non-Radar Approach Control & Tower w/o Radar,0,11,11,1,23,0,0,21,4,25,0,11,32,5,48,12,10,22,70
11/23/2022,TWF,ID,ANM,WE,Combination Non-Radar Approach Control & Tower w/o Radar,0,8,4,0,12,0,0,9,0,9,0,8,13,0,21,0,0,0,21
11/24/2022,TWF,ID,ANM,WE,Combination Non-Radar Approach Control & Tower w/o Radar,0,2,0,0,2,0,0,2,0,2,0,2,2,0,4,0,0,0,4
11/25/2022,TWF,ID,ANM,WE,Combination Non-Radar Approach Control & Tower w/o Radar,0,9,3,0,12,0,0,12,0,12,0,9,15,0,24,24,0,24,48
11/26/2022,TWF,ID,ANM,WE,Combination Non-Radar Approach Control & Tower w/o Radar,0,6,3,0,9,0,0,3,0,3,0,6,6,0,12,2,0,2,14
11/27/2022,TWF,ID,ANM,WE,Combination Non-Radar Approach Control & Tower w/o Radar,0,8,5,0,13,0,0,12,0,12,0,8,17,0,25,12,0,12,37
11/28/2022,TWF,ID,ANM,WE,Combination Non-Radar Approach Control & Tower w/o Radar,0,9,4,1,14,0,0,0,1,1,0,9,4,2,15,0,0,0,15
11/29/2022,TWF,ID,ANM,WE,Combination Non-Radar Approach Control & Tower w/o Radar,0,11,3,0,14,0,0,24,0,24,0,11,27,0,38,64,0,64,102
11/30/2022,TWF,ID,ANM,WE,Combination Non-Radar Approach Control & Tower w/o Radar,0,12,7,6,25,0,0,14,2,16,0,12,21,8,41,22,26,48,89
12/01/2022,TWF,ID,ANM,WE,Combination Non-Radar Approach Control & Tower w/o Radar,0,13,7,4,24,0,0,2,2,4,0,13,9,6,28,0,0,0,28
12/02/2022,TWF,ID,ANM,WE,Combination Non-Radar Approach Control & Tower w/o Radar,0,12,6,0,18,0,1,22,0,23,0,13,28,0,41,54,0,54,95
12/03/2022,TWF,ID,ANM,WE,Combination Non-Radar Approach Control & Tower w/o Radar,0,4,5,0,9,0,0,28,0,28,0,4,33,0,37,44,0,44,81
12/04/2022,TWF,ID,ANM,WE,Combination Non-Radar Approach Control & Tower w/o Radar,0,4,4,0,8,0,0,1,0,1,0,4,5,0,9,0,0,0,9
12/05/2022,TWF,ID,ANM,WE,Combination Non-Radar Approach Control & Tower w/o Radar,0,13,11,13,37,0,0,25,8,33,0,13,36,21,70,10,0,10,80
12/06/2022,TWF,ID,ANM,WE,Combination Non-Radar Approach Control & Tower w/o Radar,0,18,7,0,25,0,0,12,0,12,0,18,19,0,37,30,0,30,67
12/07/2022,TWF,ID,ANM,WE,Combination Non-Radar Approach Control & Tower w/o Radar,0,13,6,1,20,0,0,23,4,27,0,13,29,5,47,30,2,32,79
12/08/2022,TWF,ID,ANM,WE,Combination Non-Radar Approach Control & Tower w/o Radar,0,9,7,0,16,0,0,36,0,36,0,9,43,0,52,74,0,74,126
12/09/2022,TWF,ID,ANM,WE,Combination Non-Radar Approach Control & Tower w/o Radar,0,9,5,0,14,0,0,16,0,16,0,9,21,0,30,36,0,36,66
12/10/2022,TWF,ID,ANM,WE,Combination Non-Radar Approach Control & Tower w/o Radar,0,7,7,0,14,0,0,8,0,8,0,7,15,0,22,70,0,70,92
12/11/2022,TWF,ID,ANM,WE,Combination Non-Radar Approach Control & Tower w/o Radar,0,11,3,0,14,0,0,5,0,5,0,11,8,0,19,0,0,0,19
12/12/2022,TWF,ID,ANM,WE,Combination Non-Radar Approach Control & Tower w/o Radar,1,18,9,0,28,0,0,2,0,2,1,18,11,0,30,16,0,16,46
12/13/2022,TWF,ID,ANM,WE,Combination Non-Radar Approach Control & Tower w/o Radar,0,18,7,0,25,0,0,0,0,0,0,18,7,0,25,0,0,0,25
12/14/2022,TWF,ID,ANM,WE,Combination Non-Radar Approach Control & Tower w/o Radar,0,13,10,0,23,0,0,18,4,22,0,13,28,4,45,80,0,80,125
12/15/2022,TWF,ID,ANM,WE,Combination Non-Radar Approach Control & Tower w/o Radar,0,11,9,0,20,0,0,8,4,12,0,11,17,4,32,58,0,58,90
12/16/2022,TWF,ID,ANM,WE,Combination Non-Radar Approach Control & Tower w/o Radar,0,23,7,0,30,0,0,27,0,27,0,23,34,0,57,40,0,40,97
12/17/2022,TWF,ID,ANM,WE,Combination Non-Radar Approach Control & Tower w/o Radar,0,34,21,0,55,0,0,22,0,22,0,34,43,0,77,86,0,86,163
12/18/2022,TWF,ID,ANM,WE,Combination Non-Radar Approach Control & Tower w/o Radar,0,6,1,0,7,0,0,11,0,11,0,6,12,0,18,4,0,4,22
12/19/2022,TWF,ID,ANM,WE,Combination Non-Radar Approach Control & Tower w/o Radar,0,4,0,2,6,0,0,19,0,19,0,4,19,2,25,0,0,0,25
12/20/2022,TWF,ID,ANM,WE,Combination Non-Radar Approach Control & Tower w/o Radar,0,14,7,0,21,0,0,31,0,31,0,14,38,0,52,72,0,72,124
12/21/2022,TWF,ID,ANM,WE,Combination Non-Radar Approach Control & Tower w/o Radar,0,26,9,1,36,0,0,3,0,3,0,26,12,1,39,0,0,0,39
12/22/2022,TWF,ID,ANM,WE,Combination Non-Radar Approach Control & Tower w/o Radar,0,16,5,0,21,0,0,23,0,23,0,16,28,0,44,10,0,10,54
12/23/2022,TWF,ID,ANM,WE,Combination Non-Radar Approach Control & Tower w/o Radar,0,7,10,0,17,0,0,0,0,0,0,7,10,0,17,0,0,0,17
12/24/2022,TWF,ID,ANM,WE,Combination Non-Radar Approach Control & Tower w/o Radar,0,7,1,0,8,0,0,0,0,0,0,7,1,0,8,0,0,0,8
12/25/2022,TWF,ID,ANM,WE,Combination Non-Radar Approach Control & Tower w/o Radar,0,1,0,0,1,0,0,8,0,8,0,1,8,0,9,0,0,0,9
12/26/2022,TWF,ID,ANM,WE,Combination Non-Radar Approach Control & Tower w/o Radar,2,13,13,0,28,0,0,25,0,25,2,13,38,0,53,82,0,82,135
12/27/2022,TWF,ID,ANM,WE,Combination Non-Radar Approach Control & Tower w/o Radar,0,15,36,0,51,0,0,4,0,4,0,15,40,0,55,0,0,0,55
12/28/2022,TWF,ID,ANM,WE,Combination Non-Radar Approach Control & Tower w/o Radar,0,12,1,0,13,0,0,15,0,15,0,12,16,0,28,49,0,49,77
12/29/2022,TWF,ID,ANM,WE,Combination Non-Radar Approach Control & Tower w/o Radar,0,12,2,2,16,0,0,26,2,28,0,12,28,4,44,62,0,62,106
12/30/2022,TWF,ID,ANM,WE,Combination Non-Radar Approach Control & Tower w/o Radar,0,16,18,0,34,0,0,0,0,0,0,16,18,0,34,0,0,0,34
12/31/2022,TWF,ID,ANM,WE,Combination Non-Radar Approach Control & Tower w/o Radar,0,11,1,0,12,0,0,2,0,2,0,11,3,0,14,8,0,8,22
01/01/2023,TWF,ID,ANM,WE,Combination Non-Radar Approach Control & Tower w/o Radar,0,1,1,0,2,0,0,0,0,0,0,1,1,0,2,0,0,0,2
01/02/2023,TWF,ID,ANM,WE,Combination Non-Radar Approach Control & Tower w/o Radar,0,6,8,0,14,0,0,24,0,24,0,6,32,0,38,34,0,34,72
01/03/2023,TWF,ID,ANM,WE,Combination Non-Radar Approach Control & Tower w/o Radar,0,7,5,12,24,0,0,18,1,19,0,7,23,13,43,12,18,30,73
01/04/2023,TWF,ID,ANM,WE,Combination Non-Radar Approach Control & Tower w/o Radar,0,10,6,0,16,0,1,50,0,51,0,11,56,0,67,114,0,114,181
01/05/2023,TWF,ID,ANM,WE,Combination Non-Radar Approach Control & Tower w/o Radar,0,16,10,2,28,0,0,8,2,10,0,16,18,4,38,64,0,64,102
01/06/2023,TWF,ID,ANM,WE,Combination Non-Radar Approach Control & Tower w/o Radar,6,27,9,11,53,0,2,27,0,29,6,29,36,11,82,62,0,62,144
01/07/2023,TWF,ID,ANM,WE,Combination Non-Radar Approach Control & Tower w/o Radar,0,5,2,1,8,0,0,31,4,35,0,5,33,5,43,122,0,122,165
01/08/2023,TWF,ID,ANM,WE,Combination Non-Radar Approach Control & Tower w/o Radar,0,6,8,0,14,0,0,8,0,8,0,6,16,0,22,0,0,0,22
01/09/2023,TWF,ID,ANM,WE,Combination Non-Radar Approach Control & Tower w/o Radar,0,9,12,1,22,0,0,9,1,10,0,9,21,2,32,28,0,28,60
01/10/2023,TWF,ID,ANM,WE,Combination Non-Radar Approach Control & Tower w/o Radar,0,10,9,5,24,0,0,14,0,14,0,10,23,5,38,14,0,14,52
01/11/2023,TWF,ID,ANM,WE,Combination Non-Radar Approach Control & Tower w/o Radar,0,9,6,0,15,0,0,47,0,47,0,9,53,0,62,84,0,84,146
01/12/2023,TWF,ID,ANM,WE,Combination Non-Radar Approach Control & Tower w/o Radar,0,7,6,4,17,0,0,57,4,61,0,7,63,8,78,70,0,70,148
01/13/2023,TWF,ID,ANM,WE,Combination Non-Radar Approach Control & Tower w/o Radar,0,6,1,24,31,0,0,34,1,35,0,6,35,25,66,94,40,134,200
01/14/2023,TWF,ID,ANM,WE,Combination Non-Radar Approach Control & Tower w/o Radar,0,6,10,0,16,0,0,26,0,26,0,6,36,0,42,34,0,34,76
01/15/2023,TWF,ID,ANM,WE,Combination Non-Radar Approach Control & Tower w/o Radar,0,9,5,0,14,0,0,13,0,13,0,9,18,0,27,6,0,6,33
01/16/2023,TWF,ID,ANM,WE,Combination Non-Radar Approach Control & Tower w/o Radar,0,0,0,0,0,0,0,0,0,0,0,0,0,0,0,0,0,0,0
01/17/2023,TWF,ID,ANM,WE,Combination Non-Radar Approach Control & Tower w/o Radar,0,7,8,1,16,0,0,9,1,10,0,7,17,2,26,0,0,0,26
01/18/2023,TWF,ID,ANM,WE,Combination Non-Radar Approach Control & Tower w/o Radar,0,10,5,2,17,0,0,30,0,30,0,10,35,2,47,78,0,78,125
01/19/2023,TWF,ID,ANM,WE,Combination Non-Radar Approach Control & Tower w/o Radar,0,13,2,2,17,0,0,0,0,0,0,13,2,2,17,0,0,0,17
01/20/2023,TWF,ID,ANM,WE,Combination Non-Radar Approach Control & Tower w/o Radar,0,9,27,1,37,0,0,36,0,36,0,9,63,1,73,70,2,72,145
01/21/2023,TWF,ID,ANM,WE,Combination Non-Radar Approach Control & Tower w/o Radar,0,13,10,0,23,0,0,44,2,46,0,13,54,2,69,38,0,38,107
01/22/2023,TWF,ID,ANM,WE,Combination Non-Radar Approach Control & Tower w/o Radar,0,16,7,0,23,0,0,0,0,0,0,16,7,0,23,0,0,0,23
01/23/2023,TWF,ID,ANM,WE,Combination Non-Radar Approach Control & Tower w/o Radar,0,7,7,0,14,0,0,21,1,22,0,7,28,1,36,0,0,0,36
01/24/2023,TWF,ID,ANM,WE,Combination Non-Radar Approach Control & Tower w/o Radar,0,10,4,5,19,0,0,46,1,47,0,10,50,6,66,68,10,78,144
01/25/2023,TWF,ID,ANM,WE,Combination Non-Radar Approach Control & Tower w/o Radar,0,12,10,0,22,0,0,8,0,8,0,12,18,0,30,82,0,82,112
01/26/2023,TWF,ID,ANM,WE,Combination Non-Radar Approach Control & Tower w/o Radar,0,12,10,5,27,0,1,28,0,29,0,13,38,5,56,82,14,96,152
01/27/2023,TWF,ID,ANM,WE,Combination Non-Radar Approach Control & Tower w/o Radar,0,9,5,0,14,0,0,10,0,10,0,9,15,0,24,58,0,58,82
01/28/2023,TWF,ID,ANM,WE,Combination Non-Radar Approach Control & Tower w/o Radar,0,4,1,0,5,0,0,18,0,18,0,4,19,0,23,42,0,42,65
01/29/2023,TWF,ID,ANM,WE,Combination Non-Radar Approach Control & Tower w/o Radar,0,10,3,0,13,0,0,8,0,8,0,10,11,0,21,0,0,0,21
01/30/2023,TWF,ID,ANM,WE,Combination Non-Radar Approach Control & Tower w/o Radar,0,8,3,2,13,0,0,27,1,28,0,8,30,3,41,0,0,0,41
01/31/2023,TWF,ID,ANM,WE,Combination Non-Radar Approach Control & Tower w/o Radar,1,8,9,0,18,0,0,16,0,16,1,8,25,0,34,0,0,0,34
02/01/2023,TWF,ID,ANM,WE,Combination Non-Radar Approach Control & Tower w/o Radar,0,4,16,8,28,0,5,33,3,41,0,9,49,11,69,10,10,20,89
02/02/2023,TWF,ID,ANM,WE,Combination Non-Radar Approach Control & Tower w/o Radar,0,6,2,4,12,0,2,33,1,36,0,8,35,5,48,28,0,28,76
02/03/2023,TWF,ID,ANM,WE,Combination Non-Radar Approach Control & Tower w/o Radar,0,7,5,0,12,0,0,31,2,33,0,7,36,2,45,30,4,34,79
02/04/2023,TWF,ID,ANM,WE,Combination Non-Radar Approach Control & Tower w/o Radar,0,4,3,0,7,0,0,24,2,26,0,4,27,2,33,20,0,20,53
02/05/2023,TWF,ID,ANM,WE,Combination Non-Radar Approach Control & Tower w/o Radar,0,7,2,0,9,0,0,8,0,8,0,7,10,0,17,0,0,0,17
02/06/2023,TWF,ID,ANM,WE,Combination Non-Radar Approach Control & Tower w/o Radar,0,7,3,0,10,0,0,4,1,5,0,7,7,1,15,0,0,0,15
02/07/2023,TWF,ID,ANM,WE,Combination Non-Radar Approach Control & Tower w/o Radar,0,7,4,0,11,0,2,39,0,41,0,9,43,0,52,34,0,34,86
02/08/2023,TWF,ID,ANM,WE,Combination Non-Radar Approach Control & Tower w/o Radar,0,8,6,2,16,0,2,11,0,13,0,10,17,2,29,28,0,28,57
02/09/2023,TWF,ID,ANM,WE,Combination Non-Radar Approach Control & Tower w/o Radar,0,7,6,2,15,0,0,40,5,45,0,7,46,7,60,8,0,8,68
02/10/2023,TWF,ID,ANM,WE,Combination Non-Radar Approach Control & Tower w/o Radar,0,9,7,0,16,0,0,39,0,39,0,9,46,0,55,72,0,72,127
02/11/2023,TWF,ID,ANM,WE,Combination Non-Radar Approach Control & Tower w/o Radar,0,8,4,0,12,0,0,43,0,43,0,8,47,0,55,78,0,78,133
02/12/2023,TWF,ID,ANM,WE,Combination Non-Radar Approach Control & Tower w/o Radar,0,7,4,0,11,0,0,49,0,49,0,7,53,0,60,18,0,18,78
02/13/2023,TWF,ID,ANM,WE,Combination Non-Radar Approach Control & Tower w/o Radar,0,6,5,0,11,0,0,15,0,15,0,6,20,0,26,32,0,32,58
02/14/2023,TWF,ID,ANM,WE,Combination Non-Radar Approach Control & Tower w/o Radar,0,8,2,2,12,0,0,0,0,0,0,8,2,2,12,0,0,0,12
02/15/2023,TWF,ID,ANM,WE,Combination Non-Radar Approach Control & Tower w/o Radar,0,8,5,3,16,0,0,34,3,37,0,8,39,6,53,28,0,28,81
02/16/2023,TWF,ID,ANM,WE,Combination Non-Radar Approach Control & Tower w/o Radar,0,8,5,3,16,0,0,42,2,44,0,8,47,5,60,62,20,82,142
02/17/2023,TWF,ID,ANM,WE,Combination Non-Radar Approach Control & Tower w/o Radar,0,6,1,0,7,0,0,34,0,34,0,6,35,0,41,52,0,52,93
02/18/2023,TWF,ID,ANM,WE,Combination Non-Radar Approach Control & Tower w/o Radar,1,4,6,0,11,0,0,34,0,34,1,4,40,0,45,74,0,74,119
02/19/2023,TWF,ID,ANM,WE,Combination Non-Radar Approach Control & Tower w/o Radar,0,2,7,0,9,0,0,12,0,12,0,2,19,0,21,6,0,6,27
02/20/2023,TWF,ID,ANM,WE,Combination Non-Radar Approach Control & Tower w/o Radar,0,5,4,0,9,0,0,25,0,25,0,5,29,0,34,14,0,14,48
02/21/2023,TWF,ID,ANM,WE,Combination Non-Radar Approach Control & Tower w/o Radar,0,7,2,0,9,0,0,11,0,11,0,7,13,0,20,6,0,6,26
02/22/2023,TWF,ID,ANM,WE,Combination Non-Radar Approach Control & Tower w/o Radar,0,19,12,2,33,0,0,9,0,9,0,19,21,2,42,8,0,8,50
02/23/2023,TWF,ID,ANM,WE,Combination Non-Radar Approach Control & Tower w/o Radar,0,12,6,1,19,0,0,21,0,21,0,12,27,1,40,21,0,21,61
02/24/2023,TWF,ID,ANM,WE,Combination Non-Radar Approach Control & Tower w/o Radar,0,7,3,2,12,0,0,33,3,36,0,7,36,5,48,12,12,24,72
02/25/2023,TWF,ID,ANM,WE,Combination Non-Radar Approach Control & Tower w/o Radar,0,7,3,0,10,0,0,129,0,129,0,7,132,0,139,20,0,20,159
02/26/2023,TWF,ID,ANM,WE,Combination Non-Radar Approach Control & Tower w/o Radar,0,3,10,0,13,0,0,3,0,3,0,3,13,0,16,0,0,0,16
02/27/2023,TWF,ID,ANM,WE,Combination Non-Radar Approach Control & Tower w/o Radar,0,12,6,0,18,0,0,9,1,10,0,12,15,1,28,0,0,0,28
02/28/2023,TWF,ID,ANM,WE,Combination Non-Radar Approach Control & Tower w/o Radar,0,16,7,0,23,0,0,4,0,4,0,16,11,0,27,0,0,0,27
03/01/2023,TWF,ID,ANM,WE,Combination Non-Radar Approach Control & Tower w/o Radar,0,15,7,0,22,0,0,6,0,6,0,15,13,0,28,36,0,36,64
03/02/2023,TWF,ID,ANM,WE,Combination Non-Radar Approach Control & Tower w/o Radar,1,6,9,0,16,0,0,62,0,62,1,6,71,0,78,52,0,52,130
03/03/2023,TWF,ID,ANM,WE,Combination Non-Radar Approach Control & Tower w/o Radar,0,9,5,0,14,0,0,24,1,25,0,9,29,1,39,18,0,18,57
03/04/2023,TWF,ID,ANM,WE,Combination Non-Radar Approach Control & Tower w/o Radar,1,15,8,1,25,0,0,6,2,8,1,15,14,3,33,6,0,6,39
03/05/2023,TWF,ID,ANM,WE,Combination Non-Radar Approach Control & Tower w/o Radar,0,4,8,0,12,0,0,3,1,4,0,4,11,1,16,0,0,0,16
03/06/2023,TWF,ID,ANM,WE,Combination Non-Radar Approach Control & Tower w/o Radar,0,5,5,0,10,0,0,10,0,10,0,5,15,0,20,0,0,0,20
03/07/2023,TWF,ID,ANM,WE,Combination Non-Radar Approach Control & Tower w/o Radar,1,10,3,1,15,0,0,21,1,22,1,10,24,2,37,36,0,36,73
03/08/2023,TWF,ID,ANM,WE,Combination Non-Radar Approach Control & Tower w/o Radar,0,16,4,0,20,0,0,7,0,7,0,16,11,0,27,46,0,46,73
03/09/2023,TWF,ID,ANM,WE,Combination Non-Radar Approach Control & Tower w/o Radar,0,8,9,2,19,0,0,20,3,23,0,8,29,5,42,22,2,24,66
03/10/2023,TWF,ID,ANM,WE,Combination Non-Radar Approach Control & Tower w/o Radar,0,8,0,0,8,0,0,0,0,0,0,8,0,0,8,0,0,0,8
03/11/2023,TWF,ID,ANM,WE,Combination Non-Radar Approach Control & Tower w/o Radar,0,4,4,0,8,0,1,70,0,71,0,5,74,0,79,26,0,26,105
03/12/2023,TWF,ID,ANM,WE,Combination Non-Radar Approach Control & Tower w/o Radar,1,3,2,0,6,0,0,8,0,8,1,3,10,0,14,0,0,0,14
03/13/2023,TWF,ID,ANM,WE,Combination Non-Radar Approach Control & Tower w/o Radar,0,7,9,0,16,0,0,14,0,14,0,7,23,0,30,48,0,48,78
03/14/2023,TWF,ID,ANM,WE,Combination Non-Radar Approach Control & Tower w/o Radar,0,16,8,0,24,0,0,16,4,20,0,16,24,4,44,26,0,26,70
03/15/2023,TWF,ID,ANM,WE,Combination Non-Radar Approach Control & Tower w/o Radar,0,9,5,0,14,0,0,19,0,19,0,9,24,0,33,30,0,30,63
03/16/2023,TWF,ID,ANM,WE,Combination Non-Radar Approach Control & Tower w/o Radar,0,10,10,0,20,0,0,57,0,57,0,10,67,0,77,50,0,50,127
03/17/2023,TWF,ID,ANM,WE,Combination Non-Radar Approach Control & Tower w/o Radar,0,8,7,0,15,0,0,66,0,66,0,8,73,0,81,52,0,52,133
03/18/2023,TWF,ID,ANM,WE,Combination Non-Radar Approach Control & Tower w/o Radar,0,4,1,0,5,0,0,42,1,43,0,4,43,1,48,36,0,36,84
03/19/2023,TWF,ID,ANM,WE,Combination Non-Radar Approach Control & Tower w/o Radar,0,2,6,0,8,0,0,30,2,32,0,2,36,2,40,28,0,28,68
03/20/2023,TWF,ID,ANM,WE,Combination Non-Radar Approach Control & Tower w/o Radar,4,17,19,0,40,0,0,5,0,5,4,17,24,0,45,0,0,0,45
03/21/2023,TWF,ID,ANM,WE,Combination Non-Radar Approach Control & Tower w/o Radar,0,8,11,0,19,0,0,59,1,60,0,8,70,1,79,76,2,78,157
03/22/2023,TWF,ID,ANM,WE,Combination Non-Radar Approach Control & Tower w/o Radar,0,20,4,1,25,0,0,35,1,36,0,20,39,2,61,32,6,38,99
03/23/2023,TWF,ID,ANM,WE,Combination Non-Radar Approach Control & Tower w/o Radar,0,28,13,2,43,0,0,35,0,35,0,28,48,2,78,18,0,18,96
03/24/2023,TWF,ID,ANM,WE,Combination Non-Radar Approach Control & Tower w/o Radar,0,12,4,0,16,0,0,26,0,26,0,12,30,0,42,4,0,4,46
03/25/2023,TWF,ID,ANM,WE,Combination Non-Radar Approach Control & Tower w/o Radar,0,6,0,0,6,0,0,20,0,20,0,6,20,0,26,24,0,24,50
03/26/2023,TWF,ID,ANM,WE,Combination Non-Radar Approach Control & Tower w/o Radar,5,5,4,0,14,0,0,10,0,10,5,5,14,0,24,4,0,4,28
03/27/2023,TWF,ID,ANM,WE,Combination Non-Radar Approach Control & Tower w/o Radar,0,6,6,0,12,0,0,73,0,73,0,6,79,0,85,0,0,0,85
03/28/2023,TWF,ID,ANM,WE,Combination Non-Radar Approach Control & Tower w/o Radar,0,11,5,0,16,0,0,31,8,39,0,11,36,8,55,16,0,16,71
03/29/2023,TWF,ID,ANM,WE,Combination Non-Radar Approach Control & Tower w/o Radar,1,19,12,0,32,0,0,4,0,4,1,19,16,0,36,10,0,10,46
03/30/2023,TWF,ID,ANM,WE,Combination Non-Radar Approach Control & Tower w/o Radar,0,11,11,0,22,0,0,0,0,0,0,11,11,0,22,0,0,0,22
03/31/2023,TWF,ID,ANM,WE,Combination Non-Radar Approach Control & Tower w/o Radar,0,8,13,0,21,0,0,19,0,19,0,8,32,0,40,26,0,26,66
04/01/2023,TWF,ID,ANM,WE,Combination Non-Radar Approach Control & Tower w/o Radar,0,7,4,0,11,0,0,3,0,3,0,7,7,0,14,4,0,4,18
04/02/2023,TWF,ID,ANM,WE,Combination Non-Radar Approach Control & Tower w/o Radar,0,4,3,0,7,0,0,1,0,1,0,4,4,0,8,0,0,0,8
04/03/2023,TWF,ID,ANM,WE,Combination Non-Radar Approach Control & Tower w/o Radar,0,9,4,0,13,0,0,3,1,4,0,9,7,1,17,0,0,0,17
04/04/2023,TWF,ID,ANM,WE,Combination Non-Radar Approach Control & Tower w/o Radar,0,8,5,0,13,0,0,14,0,14,0,8,19,0,27,93,0,93,120
04/05/2023,TWF,ID,ANM,WE,Combination Non-Radar Approach Control & Tower w/o Radar,0,8,6,0,14,0,1,39,0,40,0,9,45,0,54,80,0,80,134
04/06/2023,TWF,ID,ANM,WE,Combination Non-Radar Approach Control & Tower w/o Radar,0,8,8,0,16,0,0,35,2,37,0,8,43,2,53,2,0,2,55
04/07/2023,TWF,ID,ANM,WE,Combination Non-Radar Approach Control & Tower w/o Radar,0,7,7,0,14,0,0,31,0,31,0,7,38,0,45,88,0,88,133
04/08/2023,TWF,ID,ANM,WE,Combination Non-Radar Approach Control & Tower w/o Radar,0,3,4,0,7,0,0,51,0,51,0,3,55,0,58,32,0,32,90
04/09/2023,TWF,ID,ANM,WE,Combination Non-Radar Approach Control & Tower w/o Radar,0,1,0,0,1,0,0,32,0,32,0,1,32,0,33,0,0,0,33
04/10/2023,TWF,ID,ANM,WE,Combination Non-Radar Approach Control & Tower w/o Radar,0,6,4,1,11,0,0,39,0,39,0,6,43,1,50,12,0,12,62
04/11/2023,TWF,ID,ANM,WE,Combination Non-Radar Approach Control & Tower w/o Radar,0,7,11,0,18,0,0,31,0,31,0,7,42,0,49,22,0,22,71
04/12/2023,TWF,ID,ANM,WE,Combination Non-Radar Approach Control & Tower w/o Radar,0,8,9,0,17,0,1,38,0,39,0,9,47,0,56,10,0,10,66
04/13/2023,TWF,ID,ANM,WE,Combination Non-Radar Approach Control & Tower w/o Radar,0,6,9,0,15,0,0,3,0,3,0,6,12,0,18,0,0,0,18
04/14/2023,TWF,ID,ANM,WE,Combination Non-Radar Approach Control & Tower w/o Radar,0,9,2,0,11,0,0,25,0,25,0,9,27,0,36,52,0,52,88
04/15/2023,TWF,ID,ANM,WE,Combination Non-Radar Approach Control & Tower w/o Radar,0,4,2,0,6,0,6,52,0,58,0,10,54,0,64,32,0,32,96
04/16/2023,TWF,ID,ANM,WE,Combination Non-Radar Approach Control & Tower w/o Radar,0,4,1,0,5,0,0,30,0,30,0,4,31,0,35,36,0,36,71
04/17/2023,TWF,ID,ANM,WE,Combination Non-Radar Approach Control & Tower w/o Radar,0,5,2,0,7,0,0,10,0,10,0,5,12,0,17,0,0,0,17
04/18/2023,TWF,ID,ANM,WE,Combination Non-Radar Approach Control & Tower w/o Radar,0,5,6,1,12,0,0,9,0,9,0,5,15,1,21,12,0,12,33
04/19/2023,TWF,ID,ANM,WE,Combination Non-Radar Approach Control & Tower w/o Radar,0,9,3,0,12,0,0,34,4,38,0,9,37,4,50,86,0,86,136
04/20/2023,TWF,ID,ANM,WE,Combination Non-Radar Approach Control & Tower w/o Radar,0,10,4,0,14,0,0,25,1,26,0,10,29,1,40,44,0,44,84
04/21/2023,TWF,ID,ANM,WE,Combination Non-Radar Approach Control & Tower w/o Radar,0,16,3,0,19,0,0,9,0,9,0,16,12,0,28,0,0,0,28
04/22/2023,TWF,ID,ANM,WE,Combination Non-Radar Approach Control & Tower w/o Radar,0,4,1,0,5,0,0,48,0,48,0,4,49,0,53,8,0,8,61
04/23/2023,TWF,ID,ANM,WE,Combination Non-Radar Approach Control & Tower w/o Radar,0,1,12,0,13,0,0,41,0,41,0,1,53,0,54,40,0,40,94
04/24/2023,TWF,ID,ANM,WE,Combination Non-Radar Approach Control & Tower w/o Radar,0,2,7,0,9,0,0,15,0,15,0,2,22,0,24,10,0,10,34
04/25/2023,TWF,ID,ANM,WE,Combination Non-Radar Approach Control & Tower w/o Radar,0,7,7,0,14,0,0,49,0,49,0,7,56,0,63,104,0,104,167
04/26/2023,TWF,ID,ANM,WE,Combination Non-Radar Approach Control & Tower w/o Radar,0,8,8,0,16,0,0,64,0,64,0,8,72,0,80,72,0,72,152
04/27/2023,TWF,ID,ANM,WE,Combination Non-Radar Approach Control & Tower w/o Radar,0,5,2,0,7,0,0,29,0,29,0,5,31,0,36,44,0,44,80
04/28/2023,TWF,ID,ANM,WE,Combination Non-Radar Approach Control & Tower w/o Radar,0,10,1,0,11,0,3,47,0,50,0,13,48,0,61,62,0,62,123
04/29/2023,TWF,ID,ANM,WE,Combination Non-Radar Approach Control & Tower w/o Radar,0,4,5,0,9,0,0,50,0,50,0,4,55,0,59,30,0,30,89
04/30/2023,TWF,ID,ANM,WE,Combination Non-Radar Approach Control & Tower w/o Radar,0,1,2,0,3,0,0,27,0,27,0,1,29,0,30,34,0,34,64
05/01/2023,TWF,ID,ANM,WE,Combination Non-Radar Approach Control & Tower w/o Radar,0,5,5,0,10,0,0,13,6,19,0,5,18,6,29,52,0,52,81
05/02/2023,TWF,ID,ANM,WE,Combination Non-Radar Approach Control & Tower w/o Radar,1,9,1,2,13,0,0,23,2,25,1,9,24,4,38,28,0,28,66
05/03/2023,TWF,ID,ANM,WE,Combination Non-Radar Approach Control & Tower w/o Radar,1,7,10,0,18,0,0,43,0,43,1,7,53,0,61,110,0,110,171
05/04/2023,TWF,ID,ANM,WE,Combination Non-Radar Approach Control & Tower w/o Radar,0,5,7,0,12,0,0,15,0,15,0,5,22,0,27,36,0,36,63
05/05/2023,TWF,ID,ANM,WE,Combination Non-Radar Approach Control & Tower w/o Radar,0,7,4,0,11,0,0,8,0,8,0,7,12,0,19,0,0,0,19
05/06/2023,TWF,ID,ANM,WE,Combination Non-Radar Approach Control & Tower w/o Radar,0,4,5,0,9,0,0,23,0,23,0,4,28,0,32,41,0,41,73
05/07/2023,TWF,ID,ANM,WE,Combination Non-Radar Approach Control & Tower w/o Radar,0,1,3,0,4,0,0,6,0,6,0,1,9,0,10,12,0,12,22
05/08/2023,TWF,ID,ANM,WE,Combination Non-Radar Approach Control & Tower w/o Radar,0,4,6,0,10,0,1,19,0,20,0,5,25,0,30,80,0,80,110
05/09/2023,TWF,ID,ANM,WE,Combination Non-Radar Approach Control & Tower w/o Radar,0,9,8,1,18,0,0,48,0,48,0,9,56,1,66,68,18,86,152
05/10/2023,TWF,ID,ANM,WE,Combination Non-Radar Approach Control & Tower w/o Radar,0,7,5,1,13,0,0,54,0,54,0,7,59,1,67,52,0,52,119
05/11/2023,TWF,ID,ANM,WE,Combination Non-Radar Approach Control & Tower w/o Radar,0,9,11,0,20,0,0,34,0,34,0,9,45,0,54,40,0,40,94
05/12/2023,TWF,ID,ANM,WE,Combination Non-Radar Approach Control & Tower w/o Radar,0,8,1,0,9,0,0,53,0,53,0,8,54,0,62,28,0,28,90
05/13/2023,TWF,ID,ANM,WE,Combination Non-Radar Approach Control & Tower w/o Radar,0,4,3,0,7,0,0,19,0,19,0,4,22,0,26,32,0,32,58
05/14/2023,TWF,ID,ANM,WE,Combination Non-Radar Approach Control & Tower w/o Radar,0,4,1,0,5,0,0,10,0,10,0,4,11,0,15,0,0,0,15
05/15/2023,TWF,ID,ANM,WE,Combination Non-Radar Approach Control & Tower w/o Radar,0,3,4,0,7,0,0,25,0,25,0,3,29,0,32,78,0,78,110
05/16/2023,TWF,ID,ANM,WE,Combination Non-Radar Approach Control & Tower w/o Radar,0,5,3,0,8,0,0,39,2,41,0,5,42,2,49,57,2,59,108
05/17/2023,TWF,ID,ANM,WE,Combination Non-Radar Approach Control & Tower w/o Radar,0,12,4,1,17,0,0,39,0,39,0,12,43,1,56,58,10,68,124
05/18/2023,TWF,ID,ANM,WE,Combination Non-Radar Approach Control & Tower w/o Radar,0,12,3,0,15,0,0,70,0,70,0,12,73,0,85,52,0,52,137
05/19/2023,TWF,ID,ANM,WE,Combination Non-Radar Approach Control & Tower w/o Radar,0,11,3,0,14,0,2,34,0,36,0,13,37,0,50,44,0,44,94
05/20/2023,TWF,ID,ANM,WE,Combination Non-Radar Approach Control & Tower w/o Radar,0,4,4,0,8,0,0,28,0,28,0,4,32,0,36,40,0,40,76
05/21/2023,TWF,ID,ANM,WE,Combination Non-Radar Approach Control & Tower w/o Radar,0,1,2,0,3,0,0,40,0,40,0,1,42,0,43,22,0,22,65
05/22/2023,TWF,ID,ANM,WE,Combination Non-Radar Approach Control & Tower w/o Radar,0,5,2,0,7,0,0,42,0,42,0,5,44,0,49,22,0,22,71
05/23/2023,TWF,ID,ANM,WE,Combination Non-Radar Approach Control & Tower w/o Radar,0,9,2,0,11,0,0,35,0,35,0,9,37,0,46,94,0,94,140
05/24/2023,TWF,ID,ANM,WE,Combination Non-Radar Approach Control & Tower w/o Radar,0,10,3,0,13,0,3,20,4,27,0,13,23,4,40,58,0,58,98
05/25/2023,TWF,ID,ANM,WE,Combination Non-Radar Approach Control & Tower w/o Radar,0,11,4,0,15,0,0,45,2,47,0,11,49,2,62,52,0,52,114
05/26/2023,TWF,ID,ANM,WE,Combination Non-Radar Approach Control & Tower w/o Radar,1,7,3,0,11,0,0,32,0,32,1,7,35,0,43,56,0,56,99
05/27/2023,TWF,ID,ANM,WE,Combination Non-Radar Approach Control & Tower w/o Radar,0,7,7,0,14,0,0,13,0,13,0,7,20,0,27,40,0,40,67
05/28/2023,TWF,ID,ANM,WE,Combination Non-Radar Approach Control & Tower w/o Radar,0,1,1,0,2,0,1,18,0,19,0,2,19,0,21,6,0,6,27
05/29/2023,TWF,ID,ANM,WE,Combination Non-Radar Approach Control & Tower w/o Radar,0,1,1,1,3,0,0,23,0,23,0,1,24,1,26,32,0,32,58
05/30/2023,TWF,ID,ANM,WE,Combination Non-Radar Approach Control & Tower w/o Radar,0,6,8,0,14,0,0,36,1,37,0,6,44,1,51,52,0,52,103
05/31/2023,TWF,ID,ANM,WE,Combination Non-Radar Approach Control & Tower w/o Radar,0,8,1,0,9,0,0,37,0,37,0,8,38,0,46,70,0,70,116
06/01/2023,TWF,ID,ANM,WE,Combination Non-Radar Approach Control & Tower w/o Radar,0,12,14,2,28,0,0,32,2,34,0,12,46,4,62,60,0,60,122
06/02/2023,TWF,ID,ANM,WE,Combination Non-Radar Approach Control & Tower w/o Radar,0,7,7,0,14,0,0,56,0,56,0,7,63,0,70,32,0,32,102
06/03/2023,TWF,ID,ANM,WE,Combination Non-Radar Approach Control & Tower w/o Radar,0,3,0,4,7,0,0,40,0,40,0,3,40,4,47,82,2,84,131
06/04/2023,TWF,ID,ANM,WE,Combination Non-Radar Approach Control & Tower w/o Radar,0,1,1,0,2,0,2,21,0,23,0,3,22,0,25,14,0,14,39
06/05/2023,TWF,ID,ANM,WE,Combination Non-Radar Approach Control & Tower w/o Radar,0,6,7,2,15,0,0,36,0,36,0,6,43,2,51,0,0,0,51
06/06/2023,TWF,ID,ANM,WE,Combination Non-Radar Approach Control & Tower w/o Radar,6,7,4,2,19,0,0,40,2,42,6,7,44,4,61,26,4,30,91
06/07/2023,TWF,ID,ANM,WE,Combination Non-Radar Approach Control & Tower w/o Radar,0,8,0,2,10,0,0,25,1,26,0,8,25,3,36,78,2,80,116
06/08/2023,TWF,ID,ANM,WE,Combination Non-Radar Approach Control & Tower w/o Radar,0,9,5,8,22,0,0,31,0,31,0,9,36,8,53,28,8,36,89
06/09/2023,TWF,ID,ANM,WE,Combination Non-Radar Approach Control & Tower w/o Radar,0,7,4,2,13,0,0,44,0,44,0,7,48,2,57,38,8,46,103
06/10/2023,TWF,ID,ANM,WE,Combination Non-Radar Approach Control & Tower w/o Radar,0,6,5,0,11,0,0,31,8,39,0,6,36,8,50,34,0,34,84
06/11/2023,TWF,ID,ANM,WE,Combination Non-Radar Approach Control & Tower w/o Radar,0,1,0,0,1,0,0,10,0,10,0,1,10,0,11,0,0,0,11
06/12/2023,TWF,ID,ANM,WE,Combination Non-Radar Approach Control & Tower w/o Radar,0,5,6,2,13,0,0,47,0,47,0,5,53,2,60,62,0,62,122
06/13/2023,TWF,ID,ANM,WE,Combination Non-Radar Approach Control & Tower w/o Radar,0,8,10,0,18,0,1,29,2,32,0,9,39,2,50,52,0,52,102
06/14/2023,TWF,ID,ANM,WE,Combination Non-Radar Approach Control & Tower w/o Radar,0,7,3,4,14,0,0,29,2,31,0,7,32,6,45,24,48,72,117
06/15/2023,TWF,ID,ANM,WE,Combination Non-Radar Approach Control & Tower w/o Radar,0,7,9,1,17,0,0,52,2,54,0,7,61,3,71,24,0,24,95
06/16/2023,TWF,ID,ANM,WE,Combination Non-Radar Approach Control & Tower w/o Radar,0,7,1,0,8,0,1,50,0,51,0,8,51,0,59,72,0,72,131
06/17/2023,TWF,ID,ANM,WE,Combination Non-Radar Approach Control & Tower w/o Radar,0,4,3,0,7,0,0,105,1,106,0,4,108,1,113,0,0,0,113
06/18/2023,TWF,ID,ANM,WE,Combination Non-Radar Approach Control & Tower w/o Radar,0,2,2,0,4,0,0,18,0,18,0,2,20,0,22,0,0,0,22
06/19/2023,TWF,ID,ANM,WE,Combination Non-Radar Approach Control & Tower w/o Radar,1,4,7,0,12,0,0,34,0,34,1,4,41,0,46,36,0,36,82
06/20/2023,TWF,ID,ANM,WE,Combination Non-Radar Approach Control & Tower w/o Radar,0,7,7,0,14,0,0,52,4,56,0,7,59,4,70,28,0,28,98
06/21/2023,TWF,ID,ANM,WE,Combination Non-Radar Approach Control & Tower w/o Radar,0,8,8,0,16,0,3,37,0,40,0,11,45,0,56,50,0,50,106
06/22/2023,TWF,ID,ANM,WE,Combination Non-Radar Approach Control & Tower w/o Radar,0,12,5,1,18,0,4,93,0,97,0,16,98,1,115,36,0,36,151
06/23/2023,TWF,ID,ANM,WE,Combination Non-Radar Approach Control & Tower w/o Radar,0,9,5,0,14,0,0,39,2,41,0,9,44,2,55,34,0,34,89
06/24/2023,TWF,ID,ANM,WE,Combination Non-Radar Approach Control & Tower w/o Radar,0,8,6,0,14,0,0,41,0,41,0,8,47,0,55,24,0,24,79
06/25/2023,TWF,ID,ANM,WE,Combination Non-Radar Approach Control & Tower w/o Radar,0,3,5,1,9,0,0,23,0,23,0,3,28,1,32,10,0,10,42
06/26/2023,TWF,ID,ANM,WE,Combination Non-Radar Approach Control & Tower w/o Radar,0,6,3,0,9,0,0,36,0,36,0,6,39,0,45,48,0,48,93
06/27/2023,TWF,ID,ANM,WE,Combination Non-Radar Approach Control & Tower w/o Radar,0,11,4,0,15,0,0,12,0,12,0,11,16,0,27,21,0,21,48
06/28/2023,TWF,ID,ANM,WE,Combination Non-Radar Approach Control & Tower w/o Radar,0,11,9,1,21,0,0,33,1,34,0,11,42,2,55,18,0,18,73
06/29/2023,TWF,ID,ANM,WE,Combination Non-Radar Approach Control & Tower w/o Radar,0,7,2,1,10,0,0,81,0,81,0,7,83,1,91,64,0,64,155
06/30/2023,TWF,ID,ANM,WE,Combination Non-Radar Approach Control & Tower w/o Radar,0,8,1,0,9,0,4,58,0,62,0,12,59,0,71,18,0,18,89
07/01/2023,TWF,ID,ANM,WE,Combination Non-Radar Approach Control & Tower w/o Radar,0,5,8,0,13,0,0,57,0,57,0,5,65,0,70,26,0,26,96
07/02/2023,TWF,ID,ANM,WE,Combination Non-Radar Approach Control & Tower w/o Radar,0,0,0,0,0,0,0,0,0,0,0,0,0,0,0,0,0,0,0
07/03/2023,TWF,ID,ANM,WE,Combination Non-Radar Approach Control & Tower w/o Radar,0,11,4,0,15,0,0,32,0,32,0,11,36,0,47,6,0,6,53
07/04/2023,TWF,ID,ANM,WE,Combination Non-Radar Approach Control & Tower w/o Radar,0,1,1,0,2,0,0,21,0,21,0,1,22,0,23,0,0,0,23
07/05/2023,TWF,ID,ANM,WE,Combination Non-Radar Approach Control & Tower w/o Radar,0,8,7,1,16,0,0,44,3,47,0,8,51,4,63,22,2,24,87
07/06/2023,TWF,ID,ANM,WE,Combination Non-Radar Approach Control & Tower w/o Radar,0,10,10,0,20,0,0,35,3,38,0,10,45,3,58,54,0,54,112
07/07/2023,TWF,ID,ANM,WE,Combination Non-Radar Approach Control & Tower w/o Radar,0,9,5,0,14,0,0,24,9,33,0,9,29,9,47,14,0,14,61
07/08/2023,TWF,ID,ANM,WE,Combination Non-Radar Approach Control & Tower w/o Radar,2,6,3,0,11,0,1,39,0,40,2,7,42,0,51,38,0,38,89
07/09/2023,TWF,ID,ANM,WE,Combination Non-Radar Approach Control & Tower w/o Radar,1,2,6,0,9,0,0,21,0,21,1,2,27,0,30,20,0,20,50
07/10/2023,TWF,ID,ANM,WE,Combination Non-Radar Approach Control & Tower w/o Radar,0,9,4,0,13,0,1,33,0,34,0,10,37,0,47,40,0,40,87
07/11/2023,TWF,ID,ANM,WE,Combination Non-Radar Approach Control & Tower w/o Radar,0,22,18,3,43,0,0,36,0,36,0,22,54,3,79,46,0,46,125
07/12/2023,TWF,ID,ANM,WE,Combination Non-Radar Approach Control & Tower w/o Radar,0,13,5,0,18,0,3,59,0,62,0,16,64,0,80,54,0,54,134
07/13/2023,TWF,ID,ANM,WE,Combination Non-Radar Approach Control & Tower w/o Radar,0,11,12,2,25,0,4,44,3,51,0,15,56,5,76,80,0,80,156
07/14/2023,TWF,ID,ANM,WE,Combination Non-Radar Approach Control & Tower w/o Radar,0,12,5,0,17,0,6,67,0,73,0,18,72,0,90,24,0,24,114
07/15/2023,TWF,ID,ANM,WE,Combination Non-Radar Approach Control & Tower w/o Radar,0,9,7,0,16,0,3,34,0,37,0,12,41,0,53,50,0,50,103
07/16/2023,TWF,ID,ANM,WE,Combination Non-Radar Approach Control & Tower w/o Radar,0,6,3,0,9,0,0,23,0,23,0,6,26,0,32,0,0,0,32
07/17/2023,TWF,ID,ANM,WE,Combination Non-Radar Approach Control & Tower w/o Radar,0,5,11,0,16,0,2,13,0,15,0,7,24,0,31,0,0,0,31
07/18/2023,TWF,ID,ANM,WE,Combination Non-Radar Approach Control & Tower w/o Radar,0,10,6,0,16,0,0,49,0,49,0,10,55,0,65,0,0,0,65
07/19/2023,TWF,ID,ANM,WE,Combination Non-Radar Approach Control & Tower w/o Radar,0,11,4,2,17,2,0,79,4,85,2,11,83,6,102,46,4,50,152
07/20/2023,TWF,ID,ANM,WE,Combination Non-Radar Approach Control & Tower w/o Radar,0,10,3,5,18,0,0,48,0,48,0,10,51,5,66,54,0,54,120
07/21/2023,TWF,ID,ANM,WE,Combination Non-Radar Approach Control & Tower w/o Radar,0,7,2,4,13,0,2,49,0,51,0,9,51,4,64,42,0,42,106
07/22/2023,TWF,ID,ANM,WE,Combination Non-Radar Approach Control & Tower w/o Radar,0,4,1,0,5,0,6,70,2,78,0,10,71,2,83,42,0,42,125
07/23/2023,TWF,ID,ANM,WE,Combination Non-Radar Approach Control & Tower w/o Radar,0,3,2,0,5,0,0,33,0,33,0,3,35,0,38,0,0,0,38
07/24/2023,TWF,ID,ANM,WE,Combination Non-Radar Approach Control & Tower w/o Radar,0,3,0,0,3,0,1,34,0,35,0,4,34,0,38,0,0,0,38
07/25/2023,TWF,ID,ANM,WE,Combination Non-Radar Approach Control & Tower w/o Radar,0,7,3,3,13,0,2,62,0,64,0,9,65,3,77,74,6,80,157
07/26/2023,TWF,ID,ANM,WE,Combination Non-Radar Approach Control & Tower w/o Radar,0,10,6,0,16,2,3,56,3,64,2,13,62,3,80,60,0,60,140
07/27/2023,TWF,ID,ANM,WE,Combination Non-Radar Approach Control & Tower w/o Radar,0,5,10,0,15,4,1,68,2,75,4,6,78,2,90,14,0,14,104
07/28/2023,TWF,ID,ANM,WE,Combination Non-Radar Approach Control & Tower w/o Radar,0,9,5,0,14,9,11,125,0,145,9,20,130,0,159,32,0,32,191
07/29/2023,TWF,ID,ANM,WE,Combination Non-Radar Approach Control & Tower w/o Radar,0,7,8,0,15,2,0,50,0,52,2,7,58,0,67,26,0,26,93
07/30/2023,TWF,ID,ANM,WE,Combination Non-Radar Approach Control & Tower w/o Radar,0,1,0,0,1,1,3,36,0,40,1,4,36,0,41,4,0,4,45
07/31/2023,TWF,ID,ANM,WE,Combination Non-Radar Approach Control & Tower w/o Radar,0,1,6,1,8,0,2,33,0,35,0,3,39,1,43,30,6,36,79
08/01/2023,TWF,ID,ANM,WE,Combination Non-Radar Approach Control & Tower w/o Radar,0,9,2,0,11,1,0,54,0,55,1,9,56,0,66,6,0,6,72
08/02/2023,TWF,ID,ANM,WE,Combination Non-Radar Approach Control & Tower w/o Radar,1,11,4,0,16,0,1,29,1,31,1,12,33,1,47,0,4,4,51
08/03/2023,TWF,ID,ANM,WE,Combination Non-Radar Approach Control & Tower w/o Radar,0,7,4,2,13,0,0,38,0,38,0,7,42,2,51,24,18,42,93
08/04/2023,TWF,ID,ANM,WE,Combination Non-Radar Approach Control & Tower w/o Radar,0,10,7,0,17,0,0,44,0,44,0,10,51,0,61,42,0,42,103
08/05/2023,TWF,ID,ANM,WE,Combination Non-Radar Approach Control & Tower w/o Radar,0,4,4,0,8,0,2,30,2,34,0,6,34,2,42,16,0,16,58
08/06/2023,TWF,ID,ANM,WE,Combination Non-Radar Approach Control & Tower w/o Radar,0,1,6,0,7,0,1,15,0,16,0,2,21,0,23,6,0,6,29
08/07/2023,TWF,ID,ANM,WE,Combination Non-Radar Approach Control & Tower w/o Radar,0,3,6,0,9,0,0,32,0,32,0,3,38,0,41,44,0,44,85
08/08/2023,TWF,ID,ANM,WE,Combination Non-Radar Approach Control & Tower w/o Radar,0,12,10,0,22,0,1,20,0,21,0,13,30,0,43,0,0,0,43
08/09/2023,TWF,ID,ANM,WE,Combination Non-Radar Approach Control & Tower w/o Radar,0,6,8,0,14,0,0,50,0,50,0,6,58,0,64,60,0,60,124
08/10/2023,TWF,ID,ANM,WE,Combination Non-Radar Approach Control & Tower w/o Radar,0,10,2,0,12,0,0,40,0,40,0,10,42,0,52,66,0,66,118
08/11/2023,TWF,ID,ANM,WE,Combination Non-Radar Approach Control & Tower w/o Radar,0,6,3,0,9,0,0,60,0,60,0,6,63,0,69,32,0,32,101
08/12/2023,TWF,ID,ANM,WE,Combination Non-Radar Approach Control & Tower w/o Radar,0,4,6,0,10,0,0,30,0,30,0,4,36,0,40,52,0,52,92
08/13/2023,TWF,ID,ANM,WE,Combination Non-Radar Approach Control & Tower w/o Radar,0,2,9,0,11,0,0,30,0,30,0,2,39,0,41,6,0,6,47
08/14/2023,TWF,ID,ANM,WE,Combination Non-Radar Approach Control & Tower w/o Radar,0,8,4,0,12,0,0,26,0,26,0,8,30,0,38,38,0,38,76
08/15/2023,TWF,ID,ANM,WE,Combination Non-Radar Approach Control & Tower w/o Radar,0,11,5,2,18,0,0,39,1,40,0,11,44,3,58,24,0,24,82
08/16/2023,TWF,ID,ANM,WE,Combination Non-Radar Approach Control & Tower w/o Radar,0,11,5,0,16,1,0,51,2,54,1,11,56,2,70,66,0,66,136
08/17/2023,TWF,ID,ANM,WE,Combination Non-Radar Approach Control & Tower w/o Radar,0,6,10,0,16,2,2,21,0,25,2,8,31,0,41,14,0,14,55
08/18/2023,TWF,ID,ANM,WE,Combination Non-Radar Approach Control & Tower w/o Radar,0,8,5,0,13,1,5,41,0,47,1,13,46,0,60,28,0,28,88
08/19/2023,TWF,ID,ANM,WE,Combination Non-Radar Approach Control & Tower w/o Radar,0,5,0,0,5,0,5,25,0,30,0,10,25,0,35,28,0,28,63
08/20/2023,TWF,ID,ANM,WE,Combination Non-Radar Approach Control & Tower w/o Radar,1,8,4,0,13,0,0,9,0,9,1,8,13,0,22,8,0,8,30
08/21/2023,TWF,ID,ANM,WE,Combination Non-Radar Approach Control & Tower w/o Radar,0,8,4,0,12,0,1,3,0,4,0,9,7,0,16,0,0,0,16
08/22/2023,TWF,ID,ANM,WE,Combination Non-Radar Approach Control & Tower w/o Radar,0,15,6,0,21,0,2,22,0,24,0,17,28,0,45,36,0,36,81
08/23/2023,TWF,ID,ANM,WE,Combination Non-Radar Approach Control & Tower w/o Radar,1,12,14,0,27,0,0,51,0,51,1,12,65,0,78,58,0,58,136
08/24/2023,TWF,ID,ANM,WE,Combination Non-Radar Approach Control & Tower w/o Radar,2,6,4,0,12,0,1,40,0,41,2,7,44,0,53,20,14,34,87
08/25/2023,TWF,ID,ANM,WE,Combination Non-Radar Approach Control & Tower w/o Radar,0,6,10,0,16,1,0,45,0,46,1,6,55,0,62,34,0,34,96
08/26/2023,TWF,ID,ANM,WE,Combination Non-Radar Approach Control & Tower w/o Radar,0,6,3,0,9,1,11,23,0,35,1,17,26,0,44,4,0,4,48
08/27/2023,TWF,ID,ANM,WE,Combination Non-Radar Approach Control & Tower w/o Radar,0,3,1,0,4,0,3,24,0,27,0,6,25,0,31,36,0,36,67
08/28/2023,TWF,ID,ANM,WE,Combination Non-Radar Approach Control & Tower w/o Radar,0,4,5,0,9,3,4,43,0,50,3,8,48,0,59,36,0,36,95
08/29/2023,TWF,ID,ANM,WE,Combination Non-Radar Approach Control & Tower w/o Radar,0,10,9,0,19,0,2,31,0,33,0,12,40,0,52,2,0,2,54
08/30/2023,TWF,ID,ANM,WE,Combination Non-Radar Approach Control & Tower w/o Radar,0,8,15,1,24,0,0,45,3,48,0,8,60,4,72,46,6,52,124
08/31/2023,TWF,ID,ANM,WE,Combination Non-Radar Approach Control & Tower w/o Radar,0,8,6,1,15,0,1,31,1,33,0,9,37,2,48,24,0,24,72
01/01/2020,TWF,ID,ANM,WE,Combination Non-Radar Approach Control & Tower w/o Radar,8,14,12,0,34,0,0,0,0,0,8,14,12,0,34,0,0,0,34
01/02/2020,TWF,ID,ANM,WE,Combination Non-Radar Approach Control & Tower w/o Radar,1,10,2,1,14,0,0,6,0,6,1,10,8,1,20,2,6,8,28
01/03/2020,TWF,ID,ANM,WE,Combination Non-Radar Approach Control & Tower w/o Radar,0,11,5,0,16,0,0,32,1,33,0,11,37,1,49,104,0,104,153
01/04/2020,TWF,ID,ANM,WE,Combination Non-Radar Approach Control & Tower w/o Radar,4,15,16,0,35,0,1,9,10,20,4,16,25,10,55,2,0,2,57
01/05/2020,TWF,ID,ANM,WE,Combination Non-Radar Approach Control & Tower w/o Radar,0,4,0,0,4,0,0,0,0,0,0,4,0,0,4,0,0,0,4
01/06/2020,TWF,ID,ANM,WE,Combination Non-Radar Approach Control & Tower w/o Radar,4,11,6,2,23,0,0,22,0,22,4,11,28,2,45,86,0,86,131
01/07/2020,TWF,ID,ANM,WE,Combination Non-Radar Approach Control & Tower w/o Radar,0,15,10,0,25,0,0,15,0,15,0,15,25,0,40,46,0,46,86
01/08/2020,TWF,ID,ANM,WE,Combination Non-Radar Approach Control & Tower w/o Radar,0,15,4,2,21,0,0,3,0,3,0,15,7,2,24,0,0,0,24
01/09/2020,TWF,ID,ANM,WE,Combination Non-Radar Approach Control & Tower w/o Radar,0,13,2,2,17,0,0,12,7,19,0,13,14,9,36,32,0,32,68
01/10/2020,TWF,ID,ANM,WE,Combination Non-Radar Approach Control & Tower w/o Radar,0,10,12,4,26,0,0,36,0,36,0,10,48,4,62,53,2,55,117
01/11/2020,TWF,ID,ANM,WE,Combination Non-Radar Approach Control & Tower w/o Radar,8,19,1,0,28,0,0,0,0,0,8,19,1,0,28,0,0,0,28
01/12/2020,TWF,ID,ANM,WE,Combination Non-Radar Approach Control & Tower w/o Radar,12,12,10,0,34,0,0,4,0,4,12,12,14,0,38,0,0,0,38
01/13/2020,TWF,ID,ANM,WE,Combination Non-Radar Approach Control & Tower w/o Radar,11,9,2,2,24,0,0,13,2,15,11,9,15,4,39,58,0,58,97
01/14/2020,TWF,ID,ANM,WE,Combination Non-Radar Approach Control & Tower w/o Radar,4,14,7,2,27,0,1,2,0,3,4,15,9,2,30,0,0,0,30
01/15/2020,TWF,ID,ANM,WE,Combination Non-Radar Approach Control & Tower w/o Radar,2,12,7,1,22,0,0,23,1,24,2,12,30,2,46,126,0,126,172
01/16/2020,TWF,ID,ANM,WE,Combination Non-Radar Approach Control & Tower w/o Radar,0,14,6,4,24,0,0,15,2,17,0,14,21,6,41,46,0,46,87
01/17/2020,TWF,ID,ANM,WE,Combination Non-Radar Approach Control & Tower w/o Radar,0,14,3,0,17,0,0,25,0,25,0,14,28,0,42,114,0,114,156
01/18/2020,TWF,ID,ANM,WE,Combination Non-Radar Approach Control & Tower w/o Radar,0,11,12,0,23,0,2,40,0,42,0,13,52,0,65,98,0,98,163
01/19/2020,TWF,ID,ANM,WE,Combination Non-Radar Approach Control & Tower w/o Radar,0,2,0,0,2,0,0,11,0,11,0,2,11,0,13,20,0,20,33
01/20/2020,TWF,ID,ANM,WE,Combination Non-Radar Approach Control & Tower w/o Radar,0,25,17,0,42,0,0,15,0,15,0,25,32,0,57,70,0,70,127
01/21/2020,TWF,ID,ANM,WE,Combination Non-Radar Approach Control & Tower w/o Radar,0,13,5,0,18,0,0,13,0,13,0,13,18,0,31,14,0,14,45
01/22/2020,TWF,ID,ANM,WE,Combination Non-Radar Approach Control & Tower w/o Radar,1,17,9,2,29,0,0,29,0,29,1,17,38,2,58,112,0,112,170
01/23/2020,TWF,ID,ANM,WE,Combination Non-Radar Approach Control & Tower w/o Radar,0,14,7,1,22,0,0,24,0,24,0,14,31,1,46,130,0,130,176
01/24/2020,TWF,ID,ANM,WE,Combination Non-Radar Approach Control & Tower w/o Radar,8,27,12,0,47,0,1,8,0,9,8,28,20,0,56,86,0,86,142
01/25/2020,TWF,ID,ANM,WE,Combination Non-Radar Approach Control & Tower w/o Radar,1,12,6,0,19,0,0,23,0,23,1,12,29,0,42,66,0,66,108
01/26/2020,TWF,ID,ANM,WE,Combination Non-Radar Approach Control & Tower w/o Radar,11,15,13,0,39,0,0,2,0,2,11,15,15,0,41,10,0,10,51
01/27/2020,TWF,ID,ANM,WE,Combination Non-Radar Approach Control & Tower w/o Radar,1,12,4,0,17,0,0,16,0,16,1,12,20,0,33,76,0,76,109
01/28/2020,TWF,ID,ANM,WE,Combination Non-Radar Approach Control & Tower w/o Radar,9,25,3,0,37,0,2,1,0,3,9,27,4,0,40,0,0,0,40
01/29/2020,TWF,ID,ANM,WE,Combination Non-Radar Approach Control & Tower w/o Radar,1,12,8,2,23,0,0,11,0,11,1,12,19,2,34,36,0,36,70
01/30/2020,TWF,ID,ANM,WE,Combination Non-Radar Approach Control & Tower w/o Radar,2,25,15,0,42,0,0,6,0,6,2,25,21,0,48,40,0,40,88
01/31/2020,TWF,ID,ANM,WE,Combination Non-Radar Approach Control & Tower w/o Radar,6,17,5,2,30,0,0,29,0,29,6,17,34,2,59,52,0,52,111
02/01/2020,TWF,ID,ANM,WE,Combination Non-Radar Approach Control & Tower w/o Radar,0,12,7,0,19,0,0,39,4,43,0,12,46,4,62,110,0,110,172
02/02/2020,TWF,ID,ANM,WE,Combination Non-Radar Approach Control & Tower w/o Radar,9,10,5,0,24,0,0,0,0,0,9,10,5,0,24,6,0,6,30
02/03/2020,TWF,ID,ANM,WE,Combination Non-Radar Approach Control & Tower w/o Radar,8,19,9,0,36,0,1,1,0,2,8,20,10,0,38,0,0,0,38
02/04/2020,TWF,ID,ANM,WE,Combination Non-Radar Approach Control & Tower w/o Radar,0,15,4,0,19,0,0,12,0,12,0,15,16,0,31,102,0,102,133
02/05/2020,TWF,ID,ANM,WE,Combination Non-Radar Approach Control & Tower w/o Radar,7,16,5,0,28,0,0,2,0,2,7,16,7,0,30,0,0,0,30
02/06/2020,TWF,ID,ANM,WE,Combination Non-Radar Approach Control & Tower w/o Radar,0,11,6,0,17,0,0,7,0,7,0,11,13,0,24,4,0,4,28
02/07/2020,TWF,ID,ANM,WE,Combination Non-Radar Approach Control & Tower w/o Radar,0,15,4,0,19,0,0,7,0,7,0,15,11,0,26,0,0,0,26
02/08/2020,TWF,ID,ANM,WE,Combination Non-Radar Approach Control & Tower w/o Radar,0,12,3,1,16,0,1,2,1,4,0,13,5,2,20,0,0,0,20
02/09/2020,TWF,ID,ANM,WE,Combination Non-Radar Approach Control & Tower w/o Radar,0,3,2,0,5,0,0,12,0,12,0,3,14,0,17,36,0,36,53
02/10/2020,TWF,ID,ANM,WE,Combination Non-Radar Approach Control & Tower w/o Radar,0,11,2,0,13,0,0,22,1,23,0,11,24,1,36,22,0,22,58
02/11/2020,TWF,ID,ANM,WE,Combination Non-Radar Approach Control & Tower w/o Radar,0,17,5,0,22,0,0,31,0,31,0,17,36,0,53,42,0,42,95
02/12/2020,TWF,ID,ANM,WE,Combination Non-Radar Approach Control & Tower w/o Radar,0,13,10,2,25,0,0,32,0,32,0,13,42,2,57,30,0,30,87
02/13/2020,TWF,ID,ANM,WE,Combination Non-Radar Approach Control & Tower w/o Radar,2,14,5,2,23,0,0,49,3,52,2,14,54,5,75,88,4,92,167
02/14/2020,TWF,ID,ANM,WE,Combination Non-Radar Approach Control & Tower w/o Radar,0,12,2,0,14,0,0,18,0,18,0,12,20,0,32,108,0,108,140
02/15/2020,TWF,ID,ANM,WE,Combination Non-Radar Approach Control & Tower w/o Radar,0,16,4,0,20,0,0,23,2,25,0,16,27,2,45,100,0,100,145
02/16/2020,TWF,ID,ANM,WE,Combination Non-Radar Approach Control & Tower w/o Radar,6,9,5,0,20,0,0,0,0,0,6,9,5,0,20,0,0,0,20
02/17/2020,TWF,ID,ANM,WE,Combination Non-Radar Approach Control & Tower w/o Radar,0,11,3,0,14,0,0,17,0,17,0,11,20,0,31,16,0,16,47
02/18/2020,TWF,ID,ANM,WE,Combination Non-Radar Approach Control & Tower w/o Radar,0,1,5,1,7,0,0,17,1,18,0,1,22,2,25,76,0,76,101
02/19/2020,TWF,ID,ANM,WE,Combination Non-Radar Approach Control & Tower w/o Radar,0,12,14,1,27,0,0,51,1,52,0,12,65,2,79,48,10,58,137
02/20/2020,TWF,ID,ANM,WE,Combination Non-Radar Approach Control & Tower w/o Radar,0,11,6,1,18,0,1,30,2,33,0,12,36,3,51,32,4,36,87
02/21/2020,TWF,ID,ANM,WE,Combination Non-Radar Approach Control & Tower w/o Radar,0,14,3,0,17,0,0,37,0,37,0,14,40,0,54,138,0,138,192
02/22/2020,TWF,ID,ANM,WE,Combination Non-Radar Approach Control & Tower w/o Radar,1,10,2,0,13,0,0,43,0,43,1,10,45,0,56,52,0,52,108
02/23/2020,TWF,ID,ANM,WE,Combination Non-Radar Approach Control & Tower w/o Radar,0,8,5,0,13,0,0,38,0,38,0,8,43,0,51,22,12,34,85
02/24/2020,TWF,ID,ANM,WE,Combination Non-Radar Approach Control & Tower w/o Radar,0,8,0,0,8,0,0,21,0,21,0,8,21,0,29,48,0,48,77
02/25/2020,TWF,ID,ANM,WE,Combination Non-Radar Approach Control & Tower w/o Radar,0,13,4,1,18,0,1,47,1,49,0,14,51,2,67,86,0,86,153
02/26/2020,TWF,ID,ANM,WE,Combination Non-Radar Approach Control & Tower w/o Radar,0,13,4,0,17,0,0,45,1,46,0,13,49,1,63,68,8,76,139
02/27/2020,TWF,ID,ANM,WE,Combination Non-Radar Approach Control & Tower w/o Radar,0,14,9,0,23,0,0,54,2,56,0,14,63,2,79,116,0,116,195
02/28/2020,TWF,ID,ANM,WE,Combination Non-Radar Approach Control & Tower w/o Radar,0,18,6,1,25,0,0,31,0,31,0,18,37,1,56,51,0,51,107
02/29/2020,TWF,ID,ANM,WE,Combination Non-Radar Approach Control & Tower w/o Radar,0,11,4,0,15,0,0,26,0,26,0,11,30,0,41,82,0,82,123
03/01/2020,TWF,ID,ANM,WE,Combination Non-Radar Approach Control & Tower w/o Radar,0,6,0,0,6,0,0,25,0,25,0,6,25,0,31,78,0,78,109
03/02/2020,TWF,ID,ANM,WE,Combination Non-Radar Approach Control & Tower w/o Radar,0,12,11,1,24,0,0,23,0,23,0,12,34,1,47,80,0,80,127
03/03/2020,TWF,ID,ANM,WE,Combination Non-Radar Approach Control & Tower w/o Radar,0,13,3,0,16,0,0,18,0,18,0,13,21,0,34,60,0,60,94
03/04/2020,TWF,ID,ANM,WE,Combination Non-Radar Approach Control & Tower w/o Radar,0,14,4,0,18,0,0,33,0,33,0,14,37,0,51,50,0,50,101
03/05/2020,TWF,ID,ANM,WE,Combination Non-Radar Approach Control & Tower w/o Radar,0,14,13,0,27,0,1,50,0,51,0,15,63,0,78,26,0,26,104
03/06/2020,TWF,ID,ANM,WE,Combination Non-Radar Approach Control & Tower w/o Radar,0,12,0,0,12,0,0,13,0,13,0,12,13,0,25,16,0,16,41
03/07/2020,TWF,ID,ANM,WE,Combination Non-Radar Approach Control & Tower w/o Radar,0,10,3,0,13,0,0,3,0,3,0,10,6,0,16,14,2,16,32
03/08/2020,TWF,ID,ANM,WE,Combination Non-Radar Approach Control & Tower w/o Radar,0,4,1,0,5,0,0,24,0,24,0,4,25,0,29,2,0,2,31
03/09/2020,TWF,ID,ANM,WE,Combination Non-Radar Approach Control & Tower w/o Radar,0,4,0,0,4,0,0,10,0,10,0,4,10,0,14,31,0,31,45
03/10/2020,TWF,ID,ANM,WE,Combination Non-Radar Approach Control & Tower w/o Radar,0,12,1,0,13,0,1,36,0,37,0,13,37,0,50,134,0,134,184
03/11/2020,TWF,ID,ANM,WE,Combination Non-Radar Approach Control & Tower w/o Radar,0,16,5,0,21,0,0,52,0,52,0,16,57,0,73,103,0,103,176
03/12/2020,TWF,ID,ANM,WE,Combination Non-Radar Approach Control & Tower w/o Radar,0,12,8,0,20,0,1,35,0,36,0,13,43,0,56,120,0,120,176
03/13/2020,TWF,ID,ANM,WE,Combination Non-Radar Approach Control & Tower w/o Radar,0,13,6,0,19,0,1,40,0,41,0,14,46,0,60,90,0,90,150
03/14/2020,TWF,ID,ANM,WE,Combination Non-Radar Approach Control & Tower w/o Radar,7,25,2,0,34,0,0,1,0,1,7,25,3,0,35,0,0,0,35
03/15/2020,TWF,ID,ANM,WE,Combination Non-Radar Approach Control & Tower w/o Radar,7,10,4,0,21,0,0,6,0,6,7,10,10,0,27,0,6,6,33
03/16/2020,TWF,ID,ANM,WE,Combination Non-Radar Approach Control & Tower w/o Radar,0,9,6,0,15,0,1,22,0,23,0,10,28,0,38,76,0,76,114
03/17/2020,TWF,ID,ANM,WE,Combination Non-Radar Approach Control & Tower w/o Radar,0,13,1,0,14,0,0,13,0,13,0,13,14,0,27,16,0,16,43
03/18/2020,TWF,ID,ANM,WE,Combination Non-Radar Approach Control & Tower w/o Radar,7,8,14,1,30,0,0,47,0,47,7,8,61,1,77,162,0,162,239
03/19/2020,TWF,ID,ANM,WE,Combination Non-Radar Approach Control & Tower w/o Radar,0,16,2,1,19,0,1,35,1,37,0,17,37,2,56,156,0,156,212
03/20/2020,TWF,ID,ANM,WE,Combination Non-Radar Approach Control & Tower w/o Radar,0,11,6,0,17,0,1,50,0,51,0,12,56,0,68,186,0,186,254
03/21/2020,TWF,ID,ANM,WE,Combination Non-Radar Approach Control & Tower w/o Radar,0,10,2,0,12,0,1,50,0,51,0,11,52,0,63,69,0,69,132
03/22/2020,TWF,ID,ANM,WE,Combination Non-Radar Approach Control & Tower w/o Radar,0,7,4,0,11,0,0,38,0,38,0,7,42,0,49,54,0,54,103
03/23/2020,TWF,ID,ANM,WE,Combination Non-Radar Approach Control & Tower w/o Radar,0,10,0,2,12,0,0,26,0,26,0,10,26,2,38,30,14,44,82
03/24/2020,TWF,ID,ANM,WE,Combination Non-Radar Approach Control & Tower w/o Radar,0,13,1,4,18,0,0,26,2,28,0,13,27,6,46,88,0,88,134
03/25/2020,TWF,ID,ANM,WE,Combination Non-Radar Approach Control & Tower w/o Radar,0,13,1,0,14,0,1,11,0,12,0,14,12,0,26,74,0,74,100
03/26/2020,TWF,ID,ANM,WE,Combination Non-Radar Approach Control & Tower w/o Radar,0,10,4,0,14,0,0,18,0,18,0,10,22,0,32,70,0,70,102
03/27/2020,TWF,ID,ANM,WE,Combination Non-Radar Approach Control & Tower w/o Radar,0,9,2,0,11,0,0,29,0,29,0,9,31,0,40,56,0,56,96
03/28/2020,TWF,ID,ANM,WE,Combination Non-Radar Approach Control & Tower w/o Radar,0,7,0,0,7,0,0,17,0,17,0,7,17,0,24,28,0,28,52
03/29/2020,TWF,ID,ANM,WE,Combination Non-Radar Approach Control & Tower w/o Radar,0,5,0,0,5,0,0,0,0,0,0,5,0,0,5,0,0,0,5
03/30/2020,TWF,ID,ANM,WE,Combination Non-Radar Approach Control & Tower w/o Radar,0,9,1,0,10,0,0,18,0,18,0,9,19,0,28,110,0,110,138
03/31/2020,TWF,ID,ANM,WE,Combination Non-Radar Approach Control & Tower w/o Radar,3,14,0,1,18,0,1,4,0,5,3,15,4,1,23,110,24,134,157
04/01/2020,TWF,ID,ANM,WE,Combination Non-Radar Approach Control & Tower w/o Radar,0,9,0,0,9,0,0,7,3,10,0,9,7,3,19,36,0,36,55
04/02/2020,TWF,ID,ANM,WE,Combination Non-Radar Approach Control & Tower w/o Radar,0,6,3,0,9,0,0,27,0,27,0,6,30,0,36,62,0,62,98
04/03/2020,TWF,ID,ANM,WE,Combination Non-Radar Approach Control & Tower w/o Radar,0,7,0,0,7,0,0,36,0,36,0,7,36,0,43,86,0,86,129
04/04/2020,TWF,ID,ANM,WE,Combination Non-Radar Approach Control & Tower w/o Radar,0,5,3,0,8,0,0,26,0,26,0,5,29,0,34,52,0,52,86
04/05/2020,TWF,ID,ANM,WE,Combination Non-Radar Approach Control & Tower w/o Radar,0,2,1,0,3,0,0,8,0,8,0,2,9,0,11,6,0,6,17
04/06/2020,TWF,ID,ANM,WE,Combination Non-Radar Approach Control & Tower w/o Radar,0,6,0,0,6,0,0,15,0,15,0,6,15,0,21,72,0,72,93
04/07/2020,TWF,ID,ANM,WE,Combination Non-Radar Approach Control & Tower w/o Radar,0,8,4,0,12,0,0,46,0,46,0,8,50,0,58,176,0,176,234
04/08/2020,TWF,ID,ANM,WE,Combination Non-Radar Approach Control & Tower w/o Radar,0,10,4,4,18,0,0,41,2,43,0,10,45,6,61,86,12,98,159
04/09/2020,TWF,ID,ANM,WE,Combination Non-Radar Approach Control & Tower w/o Radar,0,9,4,0,13,0,0,46,0,46,0,9,50,0,59,118,0,118,177
04/10/2020,TWF,ID,ANM,WE,Combination Non-Radar Approach Control & Tower w/o Radar,0,8,1,0,9,0,0,36,0,36,0,8,37,0,45,42,0,42,87
04/11/2020,TWF,ID,ANM,WE,Combination Non-Radar Approach Control & Tower w/o Radar,0,7,0,0,7,0,0,0,0,0,0,7,0,0,7,0,0,0,7
04/12/2020,TWF,ID,ANM,WE,Combination Non-Radar Approach Control & Tower w/o Radar,0,2,0,0,2,0,0,19,0,19,0,2,19,0,21,4,0,4,25
04/13/2020,TWF,ID,ANM,WE,Combination Non-Radar Approach Control & Tower w/o Radar,0,6,1,0,7,0,1,20,0,21,0,7,21,0,28,48,0,48,76
04/14/2020,TWF,ID,ANM,WE,Combination Non-Radar Approach Control & Tower w/o Radar,0,8,3,1,12,0,0,24,3,27,0,8,27,4,39,48,0,48,87
04/15/2020,TWF,ID,ANM,WE,Combination Non-Radar Approach Control & Tower w/o Radar,0,8,0,0,8,0,0,3,0,3,0,8,3,0,11,0,0,0,11
04/16/2020,TWF,ID,ANM,WE,Combination Non-Radar Approach Control & Tower w/o Radar,0,8,0,1,9,0,0,21,2,23,0,8,21,3,32,94,4,98,130
04/17/2020,TWF,ID,ANM,WE,Combination Non-Radar Approach Control & Tower w/o Radar,0,7,1,0,8,0,1,62,0,63,0,8,63,0,71,124,0,124,195
04/18/2020,TWF,ID,ANM,WE,Combination Non-Radar Approach Control & Tower w/o Radar,0,6,2,0,8,0,2,31,0,33,0,8,33,0,41,76,0,76,117
04/19/2020,TWF,ID,ANM,WE,Combination Non-Radar Approach Control & Tower w/o Radar,0,2,4,0,6,0,0,12,0,12,0,2,16,0,18,10,0,10,28
04/20/2020,TWF,ID,ANM,WE,Combination Non-Radar Approach Control & Tower w/o Radar,0,5,5,3,13,0,0,42,0,42,0,5,47,3,55,76,24,100,155
04/21/2020,TWF,ID,ANM,WE,Combination Non-Radar Approach Control & Tower w/o Radar,0,9,3,0,12,0,0,29,0,29,0,9,32,0,41,22,0,22,63
04/22/2020,TWF,ID,ANM,WE,Combination Non-Radar Approach Control & Tower w/o Radar,0,12,0,0,12,0,0,17,0,17,0,12,17,0,29,32,0,32,61
04/23/2020,TWF,ID,ANM,WE,Combination Non-Radar Approach Control & Tower w/o Radar,0,8,1,0,9,0,0,3,0,3,0,8,4,0,12,2,0,2,14
04/24/2020,TWF,ID,ANM,WE,Combination Non-Radar Approach Control & Tower w/o Radar,0,8,3,0,11,0,0,33,0,33,0,8,36,0,44,33,0,33,77
04/25/2020,TWF,ID,ANM,WE,Combination Non-Radar Approach Control & Tower w/o Radar,0,8,2,0,10,0,9,23,0,32,0,17,25,0,42,84,0,84,126
04/26/2020,TWF,ID,ANM,WE,Combination Non-Radar Approach Control & Tower w/o Radar,0,4,6,0,10,0,0,24,0,24,0,4,30,0,34,28,0,28,62
04/27/2020,TWF,ID,ANM,WE,Combination Non-Radar Approach Control & Tower w/o Radar,0,7,1,0,8,0,0,24,0,24,0,7,25,0,32,22,0,22,54
04/28/2020,TWF,ID,ANM,WE,Combination Non-Radar Approach Control & Tower w/o Radar,0,10,5,0,15,0,0,43,0,43,0,10,48,0,58,74,14,88,146
04/29/2020,TWF,ID,ANM,WE,Combination Non-Radar Approach Control & Tower w/o Radar,0,10,0,0,10,0,0,48,0,48,0,10,48,0,58,40,0,40,98
04/30/2020,TWF,ID,ANM,WE,Combination Non-Radar Approach Control & Tower w/o Radar,0,9,6,0,15,0,0,19,0,19,0,9,25,0,34,24,0,24,58
05/01/2020,TWF,ID,ANM,WE,Combination Non-Radar Approach Control & Tower w/o Radar,0,9,10,0,19,0,1,46,0,47,0,10,56,0,66,98,0,98,164
05/02/2020,TWF,ID,ANM,WE,Combination Non-Radar Approach Control & Tower w/o Radar,0,5,0,0,5,0,2,15,0,17,0,7,15,0,22,16,0,16,38
05/03/2020,TWF,ID,ANM,WE,Combination Non-Radar Approach Control & Tower w/o Radar,0,1,0,0,1,0,0,3,0,3,0,1,3,0,4,0,0,0,4
05/04/2020,TWF,ID,ANM,WE,Combination Non-Radar Approach Control & Tower w/o Radar,0,7,4,0,11,0,0,20,0,20,0,7,24,0,31,44,0,44,75
05/05/2020,TWF,ID,ANM,WE,Combination Non-Radar Approach Control & Tower w/o Radar,0,17,1,0,18,0,0,72,0,72,0,17,73,0,90,134,0,134,224
05/06/2020,TWF,ID,ANM,WE,Combination Non-Radar Approach Control & Tower w/o Radar,0,11,5,0,16,0,3,5,0,8,0,14,10,0,24,0,0,0,24
05/07/2020,TWF,ID,ANM,WE,Combination Non-Radar Approach Control & Tower w/o Radar,0,10,2,0,12,0,1,42,0,43,0,11,44,0,55,56,0,56,111
05/08/2020,TWF,ID,ANM,WE,Combination Non-Radar Approach Control & Tower w/o Radar,0,7,3,0,10,0,2,45,0,47,0,9,48,0,57,132,0,132,189
05/09/2020,TWF,ID,ANM,WE,Combination Non-Radar Approach Control & Tower w/o Radar,0,6,2,0,8,0,1,32,0,33,0,7,34,0,41,14,0,14,55
05/10/2020,TWF,ID,ANM,WE,Combination Non-Radar Approach Control & Tower w/o Radar,0,4,0,0,4,0,0,23,0,23,0,4,23,0,27,12,0,12,39
05/11/2020,TWF,ID,ANM,WE,Combination Non-Radar Approach Control & Tower w/o Radar,0,2,5,0,7,0,0,29,0,29,0,2,34,0,36,32,0,32,68
05/12/2020,TWF,ID,ANM,WE,Combination Non-Radar Approach Control & Tower w/o Radar,0,8,1,4,13,0,2,15,0,17,0,10,16,4,30,72,16,88,118
05/13/2020,TWF,ID,ANM,WE,Combination Non-Radar Approach Control & Tower w/o Radar,0,9,4,0,13,0,0,20,0,20,0,9,24,0,33,86,0,86,119
05/14/2020,TWF,ID,ANM,WE,Combination Non-Radar Approach Control & Tower w/o Radar,0,10,4,0,14,0,0,28,0,28,0,10,32,0,42,66,0,66,108
05/15/2020,TWF,ID,ANM,WE,Combination Non-Radar Approach Control & Tower w/o Radar,0,10,6,0,16,0,2,32,0,34,0,12,38,0,50,76,0,76,126
05/16/2020,TWF,ID,ANM,WE,Combination Non-Radar Approach Control & Tower w/o Radar,0,7,3,0,10,0,0,56,0,56,0,7,59,0,66,10,0,10,76
05/17/2020,TWF,ID,ANM,WE,Combination Non-Radar Approach Control & Tower w/o Radar,0,2,7,0,9,0,2,42,0,44,0,4,49,0,53,36,0,36,89
05/18/2020,TWF,ID,ANM,WE,Combination Non-Radar Approach Control & Tower w/o Radar,0,4,3,0,7,0,6,39,0,45,0,10,42,0,52,54,18,72,124
05/19/2020,TWF,ID,ANM,WE,Combination Non-Radar Approach Control & Tower w/o Radar,0,9,3,2,14,0,1,13,0,14,0,10,16,2,28,148,12,160,188
05/20/2020,TWF,ID,ANM,WE,Combination Non-Radar Approach Control & Tower w/o Radar,0,20,2,0,22,0,0,8,0,8,0,20,10,0,30,60,0,60,90
05/21/2020,TWF,ID,ANM,WE,Combination Non-Radar Approach Control & Tower w/o Radar,0,11,13,0,24,0,0,24,0,24,0,11,37,0,48,104,0,104,152
05/22/2020,TWF,ID,ANM,WE,Combination Non-Radar Approach Control & Tower w/o Radar,0,12,4,0,16,0,0,5,0,5,0,12,9,0,21,0,0,0,21
05/23/2020,TWF,ID,ANM,WE,Combination Non-Radar Approach Control & Tower w/o Radar,0,12,7,0,19,0,0,13,0,13,0,12,20,0,32,26,0,26,58
05/24/2020,TWF,ID,ANM,WE,Combination Non-Radar Approach Control & Tower w/o Radar,0,1,6,0,7,0,0,35,0,35,0,1,41,0,42,14,0,14,56
05/25/2020,TWF,ID,ANM,WE,Combination Non-Radar Approach Control & Tower w/o Radar,0,1,8,0,9,0,1,73,0,74,0,2,81,0,83,24,0,24,107
05/26/2020,TWF,ID,ANM,WE,Combination Non-Radar Approach Control & Tower w/o Radar,0,7,13,0,20,0,2,46,0,48,0,9,59,0,68,78,4,82,150
05/27/2020,TWF,ID,ANM,WE,Combination Non-Radar Approach Control & Tower w/o Radar,0,9,4,6,19,0,5,67,0,72,0,14,71,6,91,74,6,80,171
05/28/2020,TWF,ID,ANM,WE,Combination Non-Radar Approach Control & Tower w/o Radar,0,12,7,0,19,0,0,66,0,66,0,12,73,0,85,142,0,142,227
05/29/2020,TWF,ID,ANM,WE,Combination Non-Radar Approach Control & Tower w/o Radar,0,13,9,0,22,0,0,60,0,60,0,13,69,0,82,80,0,80,162
05/30/2020,TWF,ID,ANM,WE,Combination Non-Radar Approach Control & Tower w/o Radar,0,12,3,0,15,0,0,13,0,13,0,12,16,0,28,6,0,6,34
05/31/2020,TWF,ID,ANM,WE,Combination Non-Radar Approach Control & Tower w/o Radar,0,3,17,1,21,0,0,56,0,56,0,3,73,1,77,14,0,14,91
06/01/2020,TWF,ID,ANM,WE,Combination Non-Radar Approach Control & Tower w/o Radar,0,17,9,0,26,0,0,40,0,40,0,17,49,0,66,56,0,56,122
06/02/2020,TWF,ID,ANM,WE,Combination Non-Radar Approach Control & Tower w/o Radar,0,9,6,0,15,0,3,63,0,66,0,12,69,0,81,62,0,62,143
06/03/2020,TWF,ID,ANM,WE,Combination Non-Radar Approach Control & Tower w/o Radar,0,15,8,2,25,0,1,58,0,59,0,16,66,2,84,73,0,73,157
06/04/2020,TWF,ID,ANM,WE,Combination Non-Radar Approach Control & Tower w/o Radar,0,13,0,0,13,0,2,32,0,34,0,15,32,0,47,56,0,56,103
06/05/2020,TWF,ID,ANM,WE,Combination Non-Radar Approach Control & Tower w/o Radar,0,10,5,0,15,0,1,54,0,55,0,11,59,0,70,60,0,60,130
06/06/2020,TWF,ID,ANM,WE,Combination Non-Radar Approach Control & Tower w/o Radar,0,8,0,0,8,0,0,9,0,9,0,8,9,0,17,20,12,32,49
06/07/2020,TWF,ID,ANM,WE,Combination Non-Radar Approach Control & Tower w/o Radar,0,0,4,0,4,0,0,1,0,1,0,0,5,0,5,4,0,4,9
06/08/2020,TWF,ID,ANM,WE,Combination Non-Radar Approach Control & Tower w/o Radar,1,3,5,4,13,0,1,8,0,9,1,4,13,4,22,0,26,26,48
06/09/2020,TWF,ID,ANM,WE,Combination Non-Radar Approach Control & Tower w/o Radar,0,8,9,0,17,0,6,22,0,28,0,14,31,0,45,116,0,116,161
06/10/2020,TWF,ID,ANM,WE,Combination Non-Radar Approach Control & Tower w/o Radar,0,13,8,0,21,0,3,58,0,61,0,16,66,0,82,98,0,98,180
06/11/2020,TWF,ID,ANM,WE,Combination Non-Radar Approach Control & Tower w/o Radar,0,12,4,0,16,0,1,37,2,40,0,13,41,2,56,76,2,78,134
06/12/2020,TWF,ID,ANM,WE,Combination Non-Radar Approach Control & Tower w/o Radar,0,12,2,0,14,0,2,38,2,42,0,14,40,2,56,32,0,32,88
06/13/2020,TWF,ID,ANM,WE,Combination Non-Radar Approach Control & Tower w/o Radar,0,8,1,0,9,0,0,16,0,16,0,8,17,0,25,0,0,0,25
06/14/2020,TWF,ID,ANM,WE,Combination Non-Radar Approach Control & Tower w/o Radar,0,4,4,0,8,0,0,28,0,28,0,4,32,0,36,12,0,12,48
06/15/2020,TWF,ID,ANM,WE,Combination Non-Radar Approach Control & Tower w/o Radar,0,5,5,1,11,0,1,36,1,38,0,6,41,2,49,64,0,64,113
06/16/2020,TWF,ID,ANM,WE,Combination Non-Radar Approach Control & Tower w/o Radar,0,11,5,0,16,0,0,9,0,9,0,11,14,0,25,40,0,40,65
06/17/2020,TWF,ID,ANM,WE,Combination Non-Radar Approach Control & Tower w/o Radar,1,9,5,0,15,0,0,10,0,10,1,9,15,0,25,0,0,0,25
06/18/2020,TWF,ID,ANM,WE,Combination Non-Radar Approach Control & Tower w/o Radar,0,7,9,4,20,0,0,128,0,128,0,7,137,4,148,88,26,114,262
06/19/2020,TWF,ID,ANM,WE,Combination Non-Radar Approach Control & Tower w/o Radar,0,10,8,0,18,0,0,85,0,85,0,10,93,0,103,66,0,66,169
06/20/2020,TWF,ID,ANM,WE,Combination Non-Radar Approach Control & Tower w/o Radar,1,6,7,1,15,0,1,52,1,54,1,7,59,2,69,34,0,34,103
06/21/2020,TWF,ID,ANM,WE,Combination Non-Radar Approach Control & Tower w/o Radar,1,1,1,0,3,0,2,18,0,20,1,3,19,0,23,0,0,0,23
06/22/2020,TWF,ID,ANM,WE,Combination Non-Radar Approach Control & Tower w/o Radar,1,4,17,0,22,0,1,60,0,61,1,5,77,0,83,32,0,32,115
06/23/2020,TWF,ID,ANM,WE,Combination Non-Radar Approach Control & Tower w/o Radar,1,12,6,0,19,0,0,73,0,73,1,12,79,0,92,48,0,48,140
06/24/2020,TWF,ID,ANM,WE,Combination Non-Radar Approach Control & Tower w/o Radar,1,11,11,0,23,0,1,80,0,81,1,12,91,0,104,51,18,69,173
06/25/2020,TWF,ID,ANM,WE,Combination Non-Radar Approach Control & Tower w/o Radar,1,14,10,0,25,0,6,40,0,46,1,20,50,0,71,82,4,86,157
06/26/2020,TWF,ID,ANM,WE,Combination Non-Radar Approach Control & Tower w/o Radar,1,10,13,0,24,0,1,45,0,46,1,11,58,0,70,124,0,124,194
06/27/2020,TWF,ID,ANM,WE,Combination Non-Radar Approach Control & Tower w/o Radar,0,10,3,0,13,0,1,40,0,41,0,11,43,0,54,84,0,84,138
06/28/2020,TWF,ID,ANM,WE,Combination Non-Radar Approach Control & Tower w/o Radar,1,5,9,0,15,0,1,16,0,17,1,6,25,0,32,0,0,0,32
06/29/2020,TWF,ID,ANM,WE,Combination Non-Radar Approach Control & Tower w/o Radar,0,12,10,2,24,0,0,5,0,5,0,12,15,2,29,90,0,90,119
06/30/2020,TWF,ID,ANM,WE,Combination Non-Radar Approach Control & Tower w/o Radar,2,10,7,2,21,0,0,29,0,29,2,10,36,2,50,92,0,92,142
07/01/2020,TWF,ID,ANM,WE,Combination Non-Radar Approach Control & Tower w/o Radar,1,9,22,0,32,0,1,87,0,88,1,10,109,0,120,58,0,58,178
07/02/2020,TWF,ID,ANM,WE,Combination Non-Radar Approach Control & Tower w/o Radar,0,11,10,0,21,0,8,45,0,53,0,19,55,0,74,44,0,44,118
07/03/2020,TWF,ID,ANM,WE,Combination Non-Radar Approach Control & Tower w/o Radar,0,8,3,0,11,0,1,86,0,87,0,9,89,0,98,42,0,42,140
07/04/2020,TWF,ID,ANM,WE,Combination Non-Radar Approach Control & Tower w/o Radar,0,3,0,0,3,0,6,11,0,17,0,9,11,0,20,4,0,4,24
07/05/2020,TWF,ID,ANM,WE,Combination Non-Radar Approach Control & Tower w/o Radar,0,3,3,0,6,0,0,30,0,30,0,3,33,0,36,10,0,10,46
07/06/2020,TWF,ID,ANM,WE,Combination Non-Radar Approach Control & Tower w/o Radar,1,7,8,0,16,0,1,59,0,60,1,8,67,0,76,36,0,36,112
07/07/2020,TWF,ID,ANM,WE,Combination Non-Radar Approach Control & Tower w/o Radar,0,17,6,0,23,0,1,27,0,28,0,18,33,0,51,22,0,22,73
07/08/2020,TWF,ID,ANM,WE,Combination Non-Radar Approach Control & Tower w/o Radar,0,12,11,0,23,0,0,58,2,60,0,12,69,2,83,68,0,68,151
07/09/2020,TWF,ID,ANM,WE,Combination Non-Radar Approach Control & Tower w/o Radar,0,14,6,0,20,0,0,61,0,61,0,14,67,0,81,90,0,90,171
07/10/2020,TWF,ID,ANM,WE,Combination Non-Radar Approach Control & Tower w/o Radar,0,11,6,0,17,0,1,37,1,39,0,12,43,1,56,10,0,10,66
07/11/2020,TWF,ID,ANM,WE,Combination Non-Radar Approach Control & Tower w/o Radar,0,9,3,0,12,0,7,58,0,65,0,16,61,0,77,158,0,158,235
07/12/2020,TWF,ID,ANM,WE,Combination Non-Radar Approach Control & Tower w/o Radar,1,5,1,0,7,0,0,19,0,19,1,5,20,0,26,20,0,20,46
07/13/2020,TWF,ID,ANM,WE,Combination Non-Radar Approach Control & Tower w/o Radar,2,8,8,1,19,0,1,49,1,51,2,9,57,2,70,60,0,60,130
07/14/2020,TWF,ID,ANM,WE,Combination Non-Radar Approach Control & Tower w/o Radar,1,9,13,0,23,0,2,53,0,55,1,11,66,0,78,67,12,79,157
07/15/2020,TWF,ID,ANM,WE,Combination Non-Radar Approach Control & Tower w/o Radar,0,11,20,0,31,0,1,54,0,55,0,12,74,0,86,122,0,122,208
07/16/2020,TWF,ID,ANM,WE,Combination Non-Radar Approach Control & Tower w/o Radar,0,15,10,0,25,0,0,127,2,129,0,15,137,2,154,44,0,44,198
07/17/2020,TWF,ID,ANM,WE,Combination Non-Radar Approach Control & Tower w/o Radar,0,9,8,2,19,0,0,69,2,71,0,9,77,4,90,66,0,66,156
07/18/2020,TWF,ID,ANM,WE,Combination Non-Radar Approach Control & Tower w/o Radar,1,12,4,0,17,0,1,56,2,59,1,13,60,2,76,48,0,48,124
07/19/2020,TWF,ID,ANM,WE,Combination Non-Radar Approach Control & Tower w/o Radar,0,7,6,0,13,0,0,47,0,47,0,7,53,0,60,2,0,2,62
07/20/2020,TWF,ID,ANM,WE,Combination Non-Radar Approach Control & Tower w/o Radar,0,9,1,2,12,2,34,63,2,101,2,43,64,4,113,96,0,96,209
07/21/2020,TWF,ID,ANM,WE,Combination Non-Radar Approach Control & Tower w/o Radar,1,12,0,0,13,0,19,72,0,91,1,31,72,0,104,74,0,74,178
07/22/2020,TWF,ID,ANM,WE,Combination Non-Radar Approach Control & Tower w/o Radar,1,10,9,0,20,0,1,27,0,28,1,11,36,0,48,68,0,68,116
07/23/2020,TWF,ID,ANM,WE,Combination Non-Radar Approach Control & Tower w/o Radar,0,11,19,0,30,0,2,37,0,39,0,13,56,0,69,39,0,39,108
07/24/2020,TWF,ID,ANM,WE,Combination Non-Radar Approach Control & Tower w/o Radar,1,14,6,0,21,0,5,55,0,60,1,19,61,0,81,72,0,72,153
07/25/2020,TWF,ID,ANM,WE,Combination Non-Radar Approach Control & Tower w/o Radar,1,8,8,0,17,0,0,68,0,68,1,8,76,0,85,76,0,76,161
07/26/2020,TWF,ID,ANM,WE,Combination Non-Radar Approach Control & Tower w/o Radar,0,5,2,0,7,0,0,56,0,56,0,5,58,0,63,4,0,4,67
07/27/2020,TWF,ID,ANM,WE,Combination Non-Radar Approach Control & Tower w/o Radar,0,5,2,2,9,0,0,60,0,60,0,5,62,2,69,70,0,70,139
07/28/2020,TWF,ID,ANM,WE,Combination Non-Radar Approach Control & Tower w/o Radar,0,14,1,2,17,0,2,26,0,28,0,16,27,2,45,84,0,84,129
07/29/2020,TWF,ID,ANM,WE,Combination Non-Radar Approach Control & Tower w/o Radar,1,14,9,2,26,2,0,67,0,69,3,14,76,2,95,72,0,72,167
07/30/2020,TWF,ID,ANM,WE,Combination Non-Radar Approach Control & Tower w/o Radar,0,9,5,2,16,0,5,67,0,72,0,14,72,2,88,38,10,48,136
07/31/2020,TWF,ID,ANM,WE,Combination Non-Radar Approach Control & Tower w/o Radar,1,9,4,0,14,0,67,112,0,179,1,76,116,0,193,90,0,90,283
08/01/2020,TWF,ID,ANM,WE,Combination Non-Radar Approach Control & Tower w/o Radar,1,9,5,0,15,0,0,51,0,51,1,9,56,0,66,42,0,42,108
08/02/2020,TWF,ID,ANM,WE,Combination Non-Radar Approach Control & Tower w/o Radar,2,5,6,0,13,0,12,39,0,51,2,17,45,0,64,0,0,0,64
08/03/2020,TWF,ID,ANM,WE,Combination Non-Radar Approach Control & Tower w/o Radar,3,19,3,1,26,0,2,52,1,55,3,21,55,2,81,32,0,32,113
08/04/2020,TWF,ID,ANM,WE,Combination Non-Radar Approach Control & Tower w/o Radar,0,17,8,2,27,0,1,77,0,78,0,18,85,2,105,90,14,104,209
08/05/2020,TWF,ID,ANM,WE,Combination Non-Radar Approach Control & Tower w/o Radar,0,24,13,2,39,0,1,61,10,72,0,25,74,12,111,90,8,98,209
08/06/2020,TWF,ID,ANM,WE,Combination Non-Radar Approach Control & Tower w/o Radar,0,16,3,1,20,1,19,65,0,85,1,35,68,1,105,90,0,90,195
08/07/2020,TWF,ID,ANM,WE,Combination Non-Radar Approach Control & Tower w/o Radar,0,16,6,0,22,1,41,47,0,89,1,57,53,0,111,52,2,54,165
08/08/2020,TWF,ID,ANM,WE,Combination Non-Radar Approach Control & Tower w/o Radar,0,9,5,0,14,0,44,76,2,122,0,53,81,2,136,98,0,98,234
08/09/2020,TWF,ID,ANM,WE,Combination Non-Radar Approach Control & Tower w/o Radar,0,7,3,0,10,0,3,30,0,33,0,10,33,0,43,12,0,12,55
08/10/2020,TWF,ID,ANM,WE,Combination Non-Radar Approach Control & Tower w/o Radar,1,12,7,0,20,0,1,40,0,41,1,13,47,0,61,144,0,144,205
08/11/2020,TWF,ID,ANM,WE,Combination Non-Radar Approach Control & Tower w/o Radar,0,10,5,2,17,0,1,41,0,42,0,11,46,2,59,112,22,134,193
08/12/2020,TWF,ID,ANM,WE,Combination Non-Radar Approach Control & Tower w/o Radar,0,26,7,2,35,0,4,49,3,56,0,30,56,5,91,106,4,110,201
08/13/2020,TWF,ID,ANM,WE,Combination Non-Radar Approach Control & Tower w/o Radar,0,16,5,0,21,0,6,57,0,63,0,22,62,0,84,124,0,124,208
08/14/2020,TWF,ID,ANM,WE,Combination Non-Radar Approach Control & Tower w/o Radar,0,15,6,1,22,0,27,60,0,87,0,42,66,1,109,80,0,80,189
08/15/2020,TWF,ID,ANM,WE,Combination Non-Radar Approach Control & Tower w/o Radar,0,14,4,0,18,4,2,62,0,68,4,16,66,0,86,48,0,48,134
08/16/2020,TWF,ID,ANM,WE,Combination Non-Radar Approach Control & Tower w/o Radar,1,8,3,0,12,1,7,34,0,42,2,15,37,0,54,6,0,6,60
08/17/2020,TWF,ID,ANM,WE,Combination Non-Radar Approach Control & Tower w/o Radar,0,12,4,6,22,7,7,45,0,59,7,19,49,6,81,50,0,50,131
08/18/2020,TWF,ID,ANM,WE,Combination Non-Radar Approach Control & Tower w/o Radar,0,15,3,1,19,2,8,43,0,53,2,23,46,1,72,75,0,75,147
08/19/2020,TWF,ID,ANM,WE,Combination Non-Radar Approach Control & Tower w/o Radar,1,15,19,0,35,5,13,86,0,104,6,28,105,0,139,104,0,104,243
08/20/2020,TWF,ID,ANM,WE,Combination Non-Radar Approach Control & Tower w/o Radar,3,23,19,0,45,0,2,27,0,29,3,25,46,0,74,12,0,12,86
08/21/2020,TWF,ID,ANM,WE,Combination Non-Radar Approach Control & Tower w/o Radar,4,22,16,0,42,1,0,4,0,5,5,22,20,0,47,0,0,0,47
08/22/2020,TWF,ID,ANM,WE,Combination Non-Radar Approach Control & Tower w/o Radar,2,12,5,0,19,0,1,27,0,28,2,13,32,0,47,34,0,34,81
08/23/2020,TWF,ID,ANM,WE,Combination Non-Radar Approach Control & Tower w/o Radar,3,3,4,0,10,0,0,7,0,7,3,3,11,0,17,0,0,0,17
08/24/2020,TWF,ID,ANM,WE,Combination Non-Radar Approach Control & Tower w/o Radar,3,13,7,0,23,0,1,11,0,12,3,14,18,0,35,0,0,0,35
08/25/2020,TWF,ID,ANM,WE,Combination Non-Radar Approach Control & Tower w/o Radar,0,13,3,1,17,6,10,25,0,41,6,23,28,1,58,46,0,46,104
08/26/2020,TWF,ID,ANM,WE,Combination Non-Radar Approach Control & Tower w/o Radar,2,12,14,1,29,1,31,47,3,82,3,43,61,4,111,64,0,64,175
08/27/2020,TWF,ID,ANM,WE,Combination Non-Radar Approach Control & Tower w/o Radar,2,16,6,0,24,1,0,29,0,30,3,16,35,0,54,74,0,74,128
08/28/2020,TWF,ID,ANM,WE,Combination Non-Radar Approach Control & Tower w/o Radar,3,14,10,1,28,0,4,55,0,59,3,18,65,1,87,116,4,120,207
08/29/2020,TWF,ID,ANM,WE,Combination Non-Radar Approach Control & Tower w/o Radar,1,17,8,0,26,1,0,48,0,49,2,17,56,0,75,34,0,34,109
08/30/2020,TWF,ID,ANM,WE,Combination Non-Radar Approach Control & Tower w/o Radar,0,5,2,0,7,1,0,13,0,14,1,5,15,0,21,10,0,10,31
08/31/2020,TWF,ID,ANM,WE,Combination Non-Radar Approach Control & Tower w/o Radar,0,13,9,0,22,2,1,29,0,32,2,14,38,0,54,92,0,92,146
09/01/2020,TWF,ID,ANM,WE,Combination Non-Radar Approach Control & Tower w/o Radar,0,17,6,0,23,4,2,43,0,49,4,19,49,0,72,98,0,98,170
09/02/2020,TWF,ID,ANM,WE,Combination Non-Radar Approach Control & Tower w/o Radar,0,12,7,0,19,0,2,39,0,41,0,14,46,0,60,59,0,59,119
09/03/2020,TWF,ID,ANM,WE,Combination Non-Radar Approach Control & Tower w/o Radar,1,14,3,1,19,4,1,44,1,50,5,15,47,2,69,52,6,58,127
09/04/2020,TWF,ID,ANM,WE,Combination Non-Radar Approach Control & Tower w/o Radar,1,14,9,0,24,3,0,68,0,71,4,14,77,0,95,42,0,42,137
09/05/2020,TWF,ID,ANM,WE,Combination Non-Radar Approach Control & Tower w/o Radar,3,10,7,0,20,1,0,46,0,47,4,10,53,0,67,58,0,58,125
09/06/2020,TWF,ID,ANM,WE,Combination Non-Radar Approach Control & Tower w/o Radar,4,6,6,0,16,2,3,15,0,20,6,9,21,0,36,0,0,0,36
09/07/2020,TWF,ID,ANM,WE,Combination Non-Radar Approach Control & Tower w/o Radar,1,14,3,0,18,5,1,17,0,23,6,15,20,0,41,2,0,2,43
09/08/2020,TWF,ID,ANM,WE,Combination Non-Radar Approach Control & Tower w/o Radar,17,13,7,0,37,0,4,37,0,41,17,17,44,0,78,40,0,40,118
09/09/2020,TWF,ID,ANM,WE,Combination Non-Radar Approach Control & Tower w/o Radar,2,14,7,0,23,0,5,45,0,50,2,19,52,0,73,46,0,46,119
09/10/2020,TWF,ID,ANM,WE,Combination Non-Radar Approach Control & Tower w/o Radar,1,14,8,0,23,0,3,43,0,46,1,17,51,0,69,78,0,78,147
09/11/2020,TWF,ID,ANM,WE,Combination Non-Radar Approach Control & Tower w/o Radar,0,17,4,2,23,0,4,45,0,49,0,21,49,2,72,52,0,52,124
09/12/2020,TWF,ID,ANM,WE,Combination Non-Radar Approach Control & Tower w/o Radar,0,13,5,0,18,0,9,53,0,62,0,22,58,0,80,26,0,26,106
09/13/2020,TWF,ID,ANM,WE,Combination Non-Radar Approach Control & Tower w/o Radar,1,14,23,1,39,16,12,17,2,47,17,26,40,3,86,2,0,2,88
09/14/2020,TWF,ID,ANM,WE,Combination Non-Radar Approach Control & Tower w/o Radar,1,11,12,0,24,27,26,31,0,84,28,37,43,0,108,114,0,114,222
09/15/2020,TWF,ID,ANM,WE,Combination Non-Radar Approach Control & Tower w/o Radar,1,18,7,2,28,25,17,116,0,158,26,35,123,2,186,72,0,72,258
09/16/2020,TWF,ID,ANM,WE,Combination Non-Radar Approach Control & Tower w/o Radar,2,15,13,0,30,0,26,35,0,61,2,41,48,0,91,84,0,84,175
09/17/2020,TWF,ID,ANM,WE,Combination Non-Radar Approach Control & Tower w/o Radar,2,23,5,2,32,40,31,38,0,109,42,54,43,2,141,53,0,53,194
09/18/2020,TWF,ID,ANM,WE,Combination Non-Radar Approach Control & Tower w/o Radar,0,13,9,0,22,0,36,51,0,87,0,49,60,0,109,0,0,0,109
09/19/2020,TWF,ID,ANM,WE,Combination Non-Radar Approach Control & Tower w/o Radar,3,10,1,0,14,4,16,25,0,45,7,26,26,0,59,44,0,44,103
09/20/2020,TWF,ID,ANM,WE,Combination Non-Radar Approach Control & Tower w/o Radar,5,2,5,0,12,2,22,69,0,93,7,24,74,0,105,0,0,0,105
09/21/2020,TWF,ID,ANM,WE,Combination Non-Radar Approach Control & Tower w/o Radar,2,11,6,0,19,2,2,56,0,60,4,13,62,0,79,64,0,64,143
09/22/2020,TWF,ID,ANM,WE,Combination Non-Radar Approach Control & Tower w/o Radar,1,15,12,0,28,2,5,59,0,66,3,20,71,0,94,98,0,98,192
09/23/2020,TWF,ID,ANM,WE,Combination Non-Radar Approach Control & Tower w/o Radar,0,17,12,2,31,0,27,77,0,104,0,44,89,2,135,22,16,38,173
09/24/2020,TWF,ID,ANM,WE,Combination Non-Radar Approach Control & Tower w/o Radar,3,12,5,1,21,0,33,52,1,86,3,45,57,2,107,76,0,76,183
09/25/2020,TWF,ID,ANM,WE,Combination Non-Radar Approach Control & Tower w/o Radar,2,18,3,0,23,6,33,59,1,99,8,51,62,1,122,102,0,102,224
09/26/2020,TWF,ID,ANM,WE,Combination Non-Radar Approach Control & Tower w/o Radar,0,13,10,0,23,0,0,13,0,13,0,13,23,0,36,26,0,26,62
09/27/2020,TWF,ID,ANM,WE,Combination Non-Radar Approach Control & Tower w/o Radar,3,4,6,0,13,0,0,19,0,19,3,4,25,0,32,0,0,0,32
09/28/2020,TWF,ID,ANM,WE,Combination Non-Radar Approach Control & Tower w/o Radar,0,5,1,2,8,0,0,20,0,20,0,5,21,2,28,4,8,12,40
09/29/2020,TWF,ID,ANM,WE,Combination Non-Radar Approach Control & Tower w/o Radar,1,12,2,0,15,0,4,52,0,56,1,16,54,0,71,30,0,30,101
09/30/2020,TWF,ID,ANM,WE,Combination Non-Radar Approach Control & Tower w/o Radar,0,27,6,1,34,0,0,41,1,42,0,27,47,2,76,68,6,74,150
10/01/2020,TWF,ID,ANM,WE,Combination Non-Radar Approach Control & Tower w/o Radar,2,14,10,0,26,0,3,56,0,59,2,17,66,0,85,71,0,71,156
10/02/2020,TWF,ID,ANM,WE,Combination Non-Radar Approach Control & Tower w/o Radar,1,11,1,0,13,0,4,28,0,32,1,15,29,0,45,50,0,50,95
10/03/2020,TWF,ID,ANM,WE,Combination Non-Radar Approach Control & Tower w/o Radar,2,7,6,0,15,4,4,22,0,30,6,11,28,0,45,44,0,44,89
10/04/2020,TWF,ID,ANM,WE,Combination Non-Radar Approach Control & Tower w/o Radar,1,6,2,0,9,0,3,43,0,46,1,9,45,0,55,0,0,0,55
10/05/2020,TWF,ID,ANM,WE,Combination Non-Radar Approach Control & Tower w/o Radar,3,6,5,0,14,1,1,26,0,28,4,7,31,0,42,2,0,2,44
10/06/2020,TWF,ID,ANM,WE,Combination Non-Radar Approach Control & Tower w/o Radar,0,17,12,0,29,1,2,39,0,42,1,19,51,0,71,16,0,16,87
10/07/2020,TWF,ID,ANM,WE,Combination Non-Radar Approach Control & Tower w/o Radar,0,15,5,0,20,0,1,40,5,46,0,16,45,5,66,88,0,88,154
10/08/2020,TWF,ID,ANM,WE,Combination Non-Radar Approach Control & Tower w/o Radar,0,17,10,5,32,0,0,44,2,46,0,17,54,7,78,49,24,73,151
10/09/2020,TWF,ID,ANM,WE,Combination Non-Radar Approach Control & Tower w/o Radar,0,18,12,0,30,0,7,43,0,50,0,25,55,0,80,132,0,132,212
10/10/2020,TWF,ID,ANM,WE,Combination Non-Radar Approach Control & Tower w/o Radar,1,11,1,0,13,0,15,14,0,29,1,26,15,0,42,64,0,64,106
10/11/2020,TWF,ID,ANM,WE,Combination Non-Radar Approach Control & Tower w/o Radar,0,8,5,0,13,0,2,5,0,7,0,10,10,0,20,0,0,0,20
10/12/2020,TWF,ID,ANM,WE,Combination Non-Radar Approach Control & Tower w/o Radar,0,9,6,0,15,0,0,12,0,12,0,9,18,0,27,6,0,6,33
10/13/2020,TWF,ID,ANM,WE,Combination Non-Radar Approach Control & Tower w/o Radar,0,14,11,0,25,0,1,30,0,31,0,15,41,0,56,57,0,57,113
10/14/2020,TWF,ID,ANM,WE,Combination Non-Radar Approach Control & Tower w/o Radar,0,16,7,0,23,0,0,13,0,13,0,16,20,0,36,18,0,18,54
10/15/2020,TWF,ID,ANM,WE,Combination Non-Radar Approach Control & Tower w/o Radar,0,17,7,2,26,0,0,45,5,50,0,17,52,7,76,42,4,46,122
10/16/2020,TWF,ID,ANM,WE,Combination Non-Radar Approach Control & Tower w/o Radar,1,15,3,0,19,0,2,63,0,65,1,17,66,0,84,94,0,94,178
10/17/2020,TWF,ID,ANM,WE,Combination Non-Radar Approach Control & Tower w/o Radar,2,6,1,0,9,0,6,18,0,24,2,12,19,0,33,4,0,4,37
10/18/2020,TWF,ID,ANM,WE,Combination Non-Radar Approach Control & Tower w/o Radar,0,5,4,0,9,0,9,20,0,29,0,14,24,0,38,0,0,0,38
10/19/2020,TWF,ID,ANM,WE,Combination Non-Radar Approach Control & Tower w/o Radar,0,10,2,0,12,0,1,26,0,27,0,11,28,0,39,58,0,58,97
10/20/2020,TWF,ID,ANM,WE,Combination Non-Radar Approach Control & Tower w/o Radar,0,15,9,0,24,0,3,35,0,38,0,18,44,0,62,76,0,76,138
10/21/2020,TWF,ID,ANM,WE,Combination Non-Radar Approach Control & Tower w/o Radar,0,16,15,0,31,0,0,29,0,29,0,16,44,0,60,55,0,55,115
10/22/2020,TWF,ID,ANM,WE,Combination Non-Radar Approach Control & Tower w/o Radar,0,14,6,3,23,0,1,30,2,33,0,15,36,5,56,113,16,129,185
10/23/2020,TWF,ID,ANM,WE,Combination Non-Radar Approach Control & Tower w/o Radar,1,13,11,1,26,0,5,46,0,51,1,18,57,1,77,184,0,184,261
10/24/2020,TWF,ID,ANM,WE,Combination Non-Radar Approach Control & Tower w/o Radar,1,7,0,0,8,0,1,3,0,4,1,8,3,0,12,0,0,0,12
10/25/2020,TWF,ID,ANM,WE,Combination Non-Radar Approach Control & Tower w/o Radar,2,6,4,0,12,0,0,8,0,8,2,6,12,0,20,12,0,12,32
10/26/2020,TWF,ID,ANM,WE,Combination Non-Radar Approach Control & Tower w/o Radar,0,5,7,0,12,0,0,16,0,16,0,5,23,0,28,6,0,6,34
10/27/2020,TWF,ID,ANM,WE,Combination Non-Radar Approach Control & Tower w/o Radar,1,12,4,0,17,0,1,36,0,37,1,13,40,0,54,98,0,98,152
10/28/2020,TWF,ID,ANM,WE,Combination Non-Radar Approach Control & Tower w/o Radar,0,19,3,0,22,0,2,51,0,53,0,21,54,0,75,22,0,22,97
10/29/2020,TWF,ID,ANM,WE,Combination Non-Radar Approach Control & Tower w/o Radar,0,17,8,6,31,0,0,73,3,76,0,17,81,9,107,132,14,146,253
10/30/2020,TWF,ID,ANM,WE,Combination Non-Radar Approach Control & Tower w/o Radar,0,13,5,0,18,0,0,51,0,51,0,13,56,0,69,49,0,49,118
10/31/2020,TWF,ID,ANM,WE,Combination Non-Radar Approach Control & Tower w/o Radar,0,9,0,1,10,0,0,31,1,32,0,9,31,2,42,28,0,28,70
11/01/2020,TWF,ID,ANM,WE,Combination Non-Radar Approach Control & Tower w/o Radar,0,6,0,0,6,0,0,26,0,26,0,6,26,0,32,2,0,2,34
11/02/2020,TWF,ID,ANM,WE,Combination Non-Radar Approach Control & Tower w/o Radar,0,12,9,2,23,0,0,37,0,37,0,12,46,2,60,38,0,38,98
11/03/2020,TWF,ID,ANM,WE,Combination Non-Radar Approach Control & Tower w/o Radar,0,13,8,0,21,0,0,35,0,35,0,13,43,0,56,64,0,64,120
11/04/2020,TWF,ID,ANM,WE,Combination Non-Radar Approach Control & Tower w/o Radar,0,10,5,5,20,0,2,44,0,46,0,12,49,5,66,38,4,42,108
11/05/2020,TWF,ID,ANM,WE,Combination Non-Radar Approach Control & Tower w/o Radar,1,14,5,1,21,0,2,53,1,56,1,16,58,2,77,124,0,124,201
11/06/2020,TWF,ID,ANM,WE,Combination Non-Radar Approach Control & Tower w/o Radar,0,17,6,0,23,0,2,15,0,17,0,19,21,0,40,30,0,30,70
11/07/2020,TWF,ID,ANM,WE,Combination Non-Radar Approach Control & Tower w/o Radar,0,5,13,0,18,0,1,11,0,12,0,6,24,0,30,34,0,34,64
11/08/2020,TWF,ID,ANM,WE,Combination Non-Radar Approach Control & Tower w/o Radar,4,6,6,0,16,0,0,0,0,0,4,6,6,0,16,0,0,0,16
11/09/2020,TWF,ID,ANM,WE,Combination Non-Radar Approach Control & Tower w/o Radar,1,13,3,0,17,0,0,16,0,16,1,13,19,0,33,48,0,48,81
11/10/2020,TWF,ID,ANM,WE,Combination Non-Radar Approach Control & Tower w/o Radar,0,12,8,0,20,0,0,10,0,10,0,12,18,0,30,104,0,104,134
11/11/2020,TWF,ID,ANM,WE,Combination Non-Radar Approach Control & Tower w/o Radar,1,14,8,0,23,0,0,13,0,13,1,14,21,0,36,13,0,13,49
11/12/2020,TWF,ID,ANM,WE,Combination Non-Radar Approach Control & Tower w/o Radar,0,20,8,0,28,0,1,59,0,60,0,21,67,0,88,66,0,66,154
11/13/2020,TWF,ID,ANM,WE,Combination Non-Radar Approach Control & Tower w/o Radar,3,14,13,0,30,0,0,6,0,6,3,14,19,0,36,2,0,2,38
11/14/2020,TWF,ID,ANM,WE,Combination Non-Radar Approach Control & Tower w/o Radar,1,10,2,0,13,0,2,11,0,13,1,12,13,0,26,16,0,16,42
11/15/2020,TWF,ID,ANM,WE,Combination Non-Radar Approach Control & Tower w/o Radar,0,9,2,0,11,0,0,0,0,0,0,9,2,0,11,0,0,0,11
11/16/2020,TWF,ID,ANM,WE,Combination Non-Radar Approach Control & Tower w/o Radar,2,13,6,0,21,0,2,23,0,25,2,15,29,0,46,36,0,36,82
11/17/2020,TWF,ID,ANM,WE,Combination Non-Radar Approach Control & Tower w/o Radar,1,11,2,0,14,0,0,24,0,24,1,11,26,0,38,18,0,18,56
11/18/2020,TWF,ID,ANM,WE,Combination Non-Radar Approach Control & Tower w/o Radar,0,19,4,0,23,0,0,8,0,8,0,19,12,0,31,34,0,34,65
11/19/2020,TWF,ID,ANM,WE,Combination Non-Radar Approach Control & Tower w/o Radar,1,12,8,0,21,0,0,20,0,20,1,12,28,0,41,30,0,30,71
11/20/2020,TWF,ID,ANM,WE,Combination Non-Radar Approach Control & Tower w/o Radar,0,17,3,0,20,0,3,57,0,60,0,20,60,0,80,135,0,135,215
11/21/2020,TWF,ID,ANM,WE,Combination Non-Radar Approach Control & Tower w/o Radar,1,9,0,0,10,0,4,55,2,61,1,13,55,2,71,108,0,108,179
11/22/2020,TWF,ID,ANM,WE,Combination Non-Radar Approach Control & Tower w/o Radar,3,5,3,0,11,0,0,26,0,26,3,5,29,0,37,19,0,19,56
11/23/2020,TWF,ID,ANM,WE,Combination Non-Radar Approach Control & Tower w/o Radar,2,12,6,0,20,0,0,35,0,35,2,12,41,0,55,60,0,60,115
11/24/2020,TWF,ID,ANM,WE,Combination Non-Radar Approach Control & Tower w/o Radar,2,14,2,2,20,0,0,48,1,49,2,14,50,3,69,214,0,214,283
11/25/2020,TWF,ID,ANM,WE,Combination Non-Radar Approach Control & Tower w/o Radar,8,11,7,0,26,0,0,8,0,8,8,11,15,0,34,16,0,16,50
11/26/2020,TWF,ID,ANM,WE,Combination Non-Radar Approach Control & Tower w/o Radar,0,7,0,0,7,0,0,1,0,1,0,7,1,0,8,0,0,0,8
11/27/2020,TWF,ID,ANM,WE,Combination Non-Radar Approach Control & Tower w/o Radar,0,12,0,0,12,0,0,48,2,50,0,12,48,2,62,52,0,52,114
11/28/2020,TWF,ID,ANM,WE,Combination Non-Radar Approach Control & Tower w/o Radar,0,12,2,0,14,0,4,15,0,19,0,16,17,0,33,14,0,14,47
11/29/2020,TWF,ID,ANM,WE,Combination Non-Radar Approach Control & Tower w/o Radar,0,7,4,0,11,0,1,25,0,26,0,8,29,0,37,12,0,12,49
11/30/2020,TWF,ID,ANM,WE,Combination Non-Radar Approach Control & Tower w/o Radar,2,10,7,0,19,0,0,34,1,35,2,10,41,1,54,34,0,34,88
12/01/2020,TWF,ID,ANM,WE,Combination Non-Radar Approach Control & Tower w/o Radar,0,20,7,1,28,0,0,40,5,45,0,20,47,6,73,67,2,69,142
12/02/2020,TWF,ID,ANM,WE,Combination Non-Radar Approach Control & Tower w/o Radar,0,18,6,1,25,0,0,39,1,40,0,18,45,2,65,99,0,99,164
12/03/2020,TWF,ID,ANM,WE,Combination Non-Radar Approach Control & Tower w/o Radar,0,16,7,0,23,0,0,57,0,57,0,16,64,0,80,74,0,74,154
12/04/2020,TWF,ID,ANM,WE,Combination Non-Radar Approach Control & Tower w/o Radar,0,12,3,0,15,0,0,48,0,48,0,12,51,0,63,91,0,91,154
12/05/2020,TWF,ID,ANM,WE,Combination Non-Radar Approach Control & Tower w/o Radar,0,9,3,0,12,0,2,43,0,45,0,11,46,0,57,62,0,62,119
12/06/2020,TWF,ID,ANM,WE,Combination Non-Radar Approach Control & Tower w/o Radar,1,4,1,0,6,0,0,22,0,22,1,4,23,0,28,18,0,18,46
12/07/2020,TWF,ID,ANM,WE,Combination Non-Radar Approach Control & Tower w/o Radar,0,5,7,0,12,0,0,20,0,20,0,5,27,0,32,26,0,26,58
12/08/2020,TWF,ID,ANM,WE,Combination Non-Radar Approach Control & Tower w/o Radar,0,18,14,0,32,0,0,58,1,59,0,18,72,1,91,64,0,64,155
12/09/2020,TWF,ID,ANM,WE,Combination Non-Radar Approach Control & Tower w/o Radar,0,13,3,2,18,0,1,45,0,46,0,14,48,2,64,28,0,28,92
12/10/2020,TWF,ID,ANM,WE,Combination Non-Radar Approach Control & Tower w/o Radar,0,16,6,6,28,0,0,43,1,44,0,16,49,7,72,121,14,135,207
12/11/2020,TWF,ID,ANM,WE,Combination Non-Radar Approach Control & Tower w/o Radar,0,14,6,0,20,0,1,18,1,20,0,15,24,1,40,44,0,44,84
12/12/2020,TWF,ID,ANM,WE,Combination Non-Radar Approach Control & Tower w/o Radar,0,7,3,0,10,0,0,27,1,28,0,7,30,1,38,28,0,28,66
12/13/2020,TWF,ID,ANM,WE,Combination Non-Radar Approach Control & Tower w/o Radar,1,5,3,0,9,0,0,4,0,4,1,5,7,0,13,0,0,0,13
12/14/2020,TWF,ID,ANM,WE,Combination Non-Radar Approach Control & Tower w/o Radar,0,17,5,2,24,0,0,0,0,0,0,17,5,2,24,0,0,0,24
12/15/2020,TWF,ID,ANM,WE,Combination Non-Radar Approach Control & Tower w/o Radar,0,10,4,0,14,0,1,10,0,11,0,11,14,0,25,14,0,14,39
12/16/2020,TWF,ID,ANM,WE,Combination Non-Radar Approach Control & Tower w/o Radar,0,17,7,0,24,0,0,41,0,41,0,17,48,0,65,42,0,42,107
12/17/2020,TWF,ID,ANM,WE,Combination Non-Radar Approach Control & Tower w/o Radar,1,27,11,0,39,0,0,0,0,0,1,27,11,0,39,0,0,0,39
12/18/2020,TWF,ID,ANM,WE,Combination Non-Radar Approach Control & Tower w/o Radar,1,17,14,2,34,0,0,44,0,44,1,17,58,2,78,47,0,47,125
12/19/2020,TWF,ID,ANM,WE,Combination Non-Radar Approach Control & Tower w/o Radar,0,13,3,1,17,0,1,35,1,37,0,14,38,2,54,40,0,40,94
12/20/2020,TWF,ID,ANM,WE,Combination Non-Radar Approach Control & Tower w/o Radar,0,13,14,0,27,0,0,19,0,19,0,13,33,0,46,0,0,0,46
12/21/2020,TWF,ID,ANM,WE,Combination Non-Radar Approach Control & Tower w/o Radar,0,14,8,0,22,0,0,44,0,44,0,14,52,0,66,34,0,34,100
12/22/2020,TWF,ID,ANM,WE,Combination Non-Radar Approach Control & Tower w/o Radar,0,21,3,1,25,0,0,6,1,7,0,21,9,2,32,0,0,0,32
12/23/2020,TWF,ID,ANM,WE,Combination Non-Radar Approach Control & Tower w/o Radar,0,19,7,2,28,0,0,25,3,28,0,19,32,5,56,42,0,42,98
12/24/2020,TWF,ID,ANM,WE,Combination Non-Radar Approach Control & Tower w/o Radar,1,11,0,0,12,0,0,14,0,14,1,11,14,0,26,50,0,50,76
12/25/2020,TWF,ID,ANM,WE,Combination Non-Radar Approach Control & Tower w/o Radar,0,5,0,0,5,0,0,4,0,4,0,5,4,0,9,0,0,0,9
12/26/2020,TWF,ID,ANM,WE,Combination Non-Radar Approach Control & Tower w/o Radar,0,26,19,0,45,0,0,4,0,4,0,26,23,0,49,12,0,12,61
12/27/2020,TWF,ID,ANM,WE,Combination Non-Radar Approach Control & Tower w/o Radar,0,9,14,0,23,0,0,13,0,13,0,9,27,0,36,0,0,0,36
12/28/2020,TWF,ID,ANM,WE,Combination Non-Radar Approach Control & Tower w/o Radar,0,8,1,1,10,0,0,9,1,10,0,8,10,2,20,0,0,0,20
12/29/2020,TWF,ID,ANM,WE,Combination Non-Radar Approach Control & Tower w/o Radar,1,16,12,3,32,0,0,26,0,26,1,16,38,3,58,24,0,24,82
12/30/2020,TWF,ID,ANM,WE,Combination Non-Radar Approach Control & Tower w/o Radar,4,13,4,1,22,0,2,21,0,23,4,15,25,1,45,40,0,40,85
12/31/2020,TWF,ID,ANM,WE,Combination Non-Radar Approach Control & Tower w/o Radar,2,15,0,0,17,0,0,10,0,10,2,15,10,0,27,68,0,68,95
01/01/2021,TWF,ID,ANM,WE,Combination Non-Radar Approach Control & Tower w/o Radar,1,20,5,0,26,0,1,20,0,21,1,21,25,0,47,0,0,0,47
01/02/2021,TWF,ID,ANM,WE,Combination Non-Radar Approach Control & Tower w/o Radar,0,27,2,0,29,0,2,24,0,26,0,29,26,0,55,14,0,14,69
01/03/2021,TWF,ID,ANM,WE,Combination Non-Radar Approach Control & Tower w/o Radar,0,37,12,0,49,0,0,0,0,0,0,37,12,0,49,0,0,0,49
01/04/2021,TWF,ID,ANM,WE,Combination Non-Radar Approach Control & Tower w/o Radar,3,14,4,0,21,0,0,6,0,6,3,14,10,0,27,18,0,18,45
01/05/2021,TWF,ID,ANM,WE,Combination Non-Radar Approach Control & Tower w/o Radar,0,13,9,0,22,0,0,22,0,22,0,13,31,0,44,20,0,20,64
01/06/2021,TWF,ID,ANM,WE,Combination Non-Radar Approach Control & Tower w/o Radar,0,15,13,4,32,0,0,37,0,37,0,15,50,4,69,24,0,24,93
01/07/2021,TWF,ID,ANM,WE,Combination Non-Radar Approach Control & Tower w/o Radar,0,14,11,3,28,0,0,14,1,15,0,14,25,4,43,44,0,44,87
01/08/2021,TWF,ID,ANM,WE,Combination Non-Radar Approach Control & Tower w/o Radar,0,13,2,0,15,0,0,20,0,20,0,13,22,0,35,54,0,54,89
01/09/2021,TWF,ID,ANM,WE,Combination Non-Radar Approach Control & Tower w/o Radar,0,11,7,0,18,0,0,5,0,5,0,11,12,0,23,34,0,34,57
01/10/2021,TWF,ID,ANM,WE,Combination Non-Radar Approach Control & Tower w/o Radar,1,12,6,0,19,0,0,24,0,24,1,12,30,0,43,0,0,0,43
01/11/2021,TWF,ID,ANM,WE,Combination Non-Radar Approach Control & Tower w/o Radar,0,8,4,0,12,0,0,42,0,42,0,8,46,0,54,40,0,40,94
01/12/2021,TWF,ID,ANM,WE,Combination Non-Radar Approach Control & Tower w/o Radar,2,19,12,0,33,0,0,23,0,23,2,19,35,0,56,60,0,60,116
01/13/2021,TWF,ID,ANM,WE,Combination Non-Radar Approach Control & Tower w/o Radar,0,21,6,0,27,0,0,1,0,1,0,21,7,0,28,0,0,0,28
01/14/2021,TWF,ID,ANM,WE,Combination Non-Radar Approach Control & Tower w/o Radar,0,12,7,0,19,0,0,35,1,36,0,12,42,1,55,16,0,16,71
01/15/2021,TWF,ID,ANM,WE,Combination Non-Radar Approach Control & Tower w/o Radar,0,14,9,0,23,0,2,38,0,40,0,16,47,0,63,0,0,0,63
01/16/2021,TWF,ID,ANM,WE,Combination Non-Radar Approach Control & Tower w/o Radar,0,8,9,0,17,0,2,31,0,33,0,10,40,0,50,60,0,60,110
01/17/2021,TWF,ID,ANM,WE,Combination Non-Radar Approach Control & Tower w/o Radar,1,4,6,0,11,0,6,14,0,20,1,10,20,0,31,2,22,24,55
01/18/2021,TWF,ID,ANM,WE,Combination Non-Radar Approach Control & Tower w/o Radar,0,11,4,0,15,0,0,15,0,15,0,11,19,0,30,0,0,0,30
01/19/2021,TWF,ID,ANM,WE,Combination Non-Radar Approach Control & Tower w/o Radar,0,15,7,4,26,0,0,57,0,57,0,15,64,4,83,42,0,42,125
01/20/2021,TWF,ID,ANM,WE,Combination Non-Radar Approach Control & Tower w/o Radar,0,18,9,0,27,0,0,32,0,32,0,18,41,0,59,32,0,32,91
01/21/2021,TWF,ID,ANM,WE,Combination Non-Radar Approach Control & Tower w/o Radar,0,18,10,0,28,0,0,26,0,26,0,18,36,0,54,40,0,40,94
01/22/2021,TWF,ID,ANM,WE,Combination Non-Radar Approach Control & Tower w/o Radar,1,13,7,2,23,0,4,15,0,19,1,17,22,2,42,62,0,62,104
01/23/2021,TWF,ID,ANM,WE,Combination Non-Radar Approach Control & Tower w/o Radar,2,14,5,1,22,0,0,5,0,5,2,14,10,1,27,0,0,0,27
01/24/2021,TWF,ID,ANM,WE,Combination Non-Radar Approach Control & Tower w/o Radar,0,11,6,1,18,0,0,23,0,23,0,11,29,1,41,12,0,12,53
01/25/2021,TWF,ID,ANM,WE,Combination Non-Radar Approach Control & Tower w/o Radar,0,9,7,0,16,0,0,28,0,28,0,9,35,0,44,14,0,14,58
01/26/2021,TWF,ID,ANM,WE,Combination Non-Radar Approach Control & Tower w/o Radar,0,14,5,0,19,0,0,26,1,27,0,14,31,1,46,80,0,80,126
01/27/2021,TWF,ID,ANM,WE,Combination Non-Radar Approach Control & Tower w/o Radar,3,19,7,0,29,0,2,1,5,8,3,21,8,5,37,0,4,4,41
01/28/2021,TWF,ID,ANM,WE,Combination Non-Radar Approach Control & Tower w/o Radar,13,22,2,1,38,0,0,5,0,5,13,22,7,1,43,0,0,0,43
01/29/2021,TWF,ID,ANM,WE,Combination Non-Radar Approach Control & Tower w/o Radar,1,28,13,0,42,0,0,9,0,9,1,28,22,0,51,9,0,9,60
01/30/2021,TWF,ID,ANM,WE,Combination Non-Radar Approach Control & Tower w/o Radar,0,8,8,1,17,0,2,33,3,38,0,10,41,4,55,38,0,38,93
01/31/2021,TWF,ID,ANM,WE,Combination Non-Radar Approach Control & Tower w/o Radar,0,8,5,0,13,0,1,31,0,32,0,9,36,0,45,0,0,0,45
02/01/2021,TWF,ID,ANM,WE,Combination Non-Radar Approach Control & Tower w/o Radar,0,8,1,0,9,0,0,30,0,30,0,8,31,0,39,72,0,72,111
02/02/2021,TWF,ID,ANM,WE,Combination Non-Radar Approach Control & Tower w/o Radar,0,14,7,0,21,0,0,29,0,29,0,14,36,0,50,16,0,16,66
02/03/2021,TWF,ID,ANM,WE,Combination Non-Radar Approach Control & Tower w/o Radar,1,15,8,0,24,0,0,10,0,10,1,15,18,0,34,4,0,4,38
02/04/2021,TWF,ID,ANM,WE,Combination Non-Radar Approach Control & Tower w/o Radar,0,14,5,0,19,0,0,28,6,34,0,14,33,6,53,70,0,70,123
02/05/2021,TWF,ID,ANM,WE,Combination Non-Radar Approach Control & Tower w/o Radar,1,15,6,0,22,0,0,5,0,5,1,15,11,0,27,0,0,0,27
02/06/2021,TWF,ID,ANM,WE,Combination Non-Radar Approach Control & Tower w/o Radar,0,7,3,0,10,0,6,18,0,24,0,13,21,0,34,76,0,76,110
02/07/2021,TWF,ID,ANM,WE,Combination Non-Radar Approach Control & Tower w/o Radar,0,3,5,0,8,0,0,4,0,4,0,3,9,0,12,2,0,2,14
02/08/2021,TWF,ID,ANM,WE,Combination Non-Radar Approach Control & Tower w/o Radar,0,9,11,0,20,0,0,27,0,27,0,9,38,0,47,40,0,40,87
02/09/2021,TWF,ID,ANM,WE,Combination Non-Radar Approach Control & Tower w/o Radar,0,14,6,4,24,0,0,51,8,59,0,14,57,12,83,38,16,54,137
02/10/2021,TWF,ID,ANM,WE,Combination Non-Radar Approach Control & Tower w/o Radar,1,14,4,0,19,0,2,45,0,47,1,16,49,0,66,66,0,66,132
02/11/2021,TWF,ID,ANM,WE,Combination Non-Radar Approach Control & Tower w/o Radar,1,13,3,1,18,0,0,20,0,20,1,13,23,1,38,44,5,49,87
02/12/2021,TWF,ID,ANM,WE,Combination Non-Radar Approach Control & Tower w/o Radar,0,30,14,0,44,0,0,2,0,2,0,30,16,0,46,0,0,0,46
02/13/2021,TWF,ID,ANM,WE,Combination Non-Radar Approach Control & Tower w/o Radar,0,27,8,0,35,0,0,0,0,0,0,27,8,0,35,0,0,0,35
02/14/2021,TWF,ID,ANM,WE,Combination Non-Radar Approach Control & Tower w/o Radar,1,13,6,0,20,0,1,8,0,9,1,14,14,0,29,4,0,4,33
02/15/2021,TWF,ID,ANM,WE,Combination Non-Radar Approach Control & Tower w/o Radar,0,30,8,0,38,0,0,0,0,0,0,30,8,0,38,0,0,0,38
02/16/2021,TWF,ID,ANM,WE,Combination Non-Radar Approach Control & Tower w/o Radar,1,9,5,0,15,0,2,3,0,5,1,11,8,0,20,4,0,4,24
02/17/2021,TWF,ID,ANM,WE,Combination Non-Radar Approach Control & Tower w/o Radar,0,13,3,1,17,0,0,12,0,12,0,13,15,1,29,12,0,12,41
02/18/2021,TWF,ID,ANM,WE,Combination Non-Radar Approach Control & Tower w/o Radar,0,10,9,2,21,0,1,32,0,33,0,11,41,2,54,94,10,104,158
02/19/2021,TWF,ID,ANM,WE,Combination Non-Radar Approach Control & Tower w/o Radar,0,16,2,0,18,0,1,11,0,12,0,17,13,0,30,46,0,46,76
02/20/2021,TWF,ID,ANM,WE,Combination Non-Radar Approach Control & Tower w/o Radar,1,12,2,0,15,0,0,13,0,13,1,12,15,0,28,44,0,44,72
02/21/2021,TWF,ID,ANM,WE,Combination Non-Radar Approach Control & Tower w/o Radar,0,8,2,0,10,0,0,9,0,9,0,8,11,0,19,1,0,1,20
02/22/2021,TWF,ID,ANM,WE,Combination Non-Radar Approach Control & Tower w/o Radar,0,9,6,0,15,0,0,24,0,24,0,9,30,0,39,45,0,45,84
02/23/2021,TWF,ID,ANM,WE,Combination Non-Radar Approach Control & Tower w/o Radar,0,18,7,0,25,0,0,21,0,21,0,18,28,0,46,32,0,32,78
02/24/2021,TWF,ID,ANM,WE,Combination Non-Radar Approach Control & Tower w/o Radar,0,17,3,0,20,0,0,25,0,25,0,17,28,0,45,38,0,38,83
02/25/2021,TWF,ID,ANM,WE,Combination Non-Radar Approach Control & Tower w/o Radar,0,17,10,0,27,0,1,45,0,46,0,18,55,0,73,110,0,110,183
02/26/2021,TWF,ID,ANM,WE,Combination Non-Radar Approach Control & Tower w/o Radar,0,20,4,0,24,0,0,16,0,16,0,20,20,0,40,20,0,20,60
02/27/2021,TWF,ID,ANM,WE,Combination Non-Radar Approach Control & Tower w/o Radar,0,7,1,0,8,0,2,19,0,21,0,9,20,0,29,66,0,66,95
02/28/2021,TWF,ID,ANM,WE,Combination Non-Radar Approach Control & Tower w/o Radar,0,13,7,0,20,0,1,34,0,35,0,14,41,0,55,6,0,6,61
03/01/2021,TWF,ID,ANM,WE,Combination Non-Radar Approach Control & Tower w/o Radar,0,11,11,0,22,0,0,50,0,50,0,11,61,0,72,78,0,78,150
03/02/2021,TWF,ID,ANM,WE,Combination Non-Radar Approach Control & Tower w/o Radar,0,20,3,2,25,0,0,53,6,59,0,20,56,8,84,78,16,94,178
03/03/2021,TWF,ID,ANM,WE,Combination Non-Radar Approach Control & Tower w/o Radar,0,17,7,1,25,0,0,63,0,63,0,17,70,1,88,48,0,48,136
03/04/2021,TWF,ID,ANM,WE,Combination Non-Radar Approach Control & Tower w/o Radar,0,13,4,0,17,0,0,89,0,89,0,13,93,0,106,126,0,126,232
03/05/2021,TWF,ID,ANM,WE,Combination Non-Radar Approach Control & Tower w/o Radar,0,10,10,0,20,0,0,52,0,52,0,10,62,0,72,30,0,30,102
03/06/2021,TWF,ID,ANM,WE,Combination Non-Radar Approach Control & Tower w/o Radar,0,9,0,0,9,0,0,15,2,17,0,9,15,2,26,18,2,20,46
03/07/2021,TWF,ID,ANM,WE,Combination Non-Radar Approach Control & Tower w/o Radar,0,6,1,0,7,0,0,36,0,36,0,6,37,0,43,14,0,14,57
03/08/2021,TWF,ID,ANM,WE,Combination Non-Radar Approach Control & Tower w/o Radar,0,12,12,0,24,0,0,40,0,40,0,12,52,0,64,72,0,72,136
03/09/2021,TWF,ID,ANM,WE,Combination Non-Radar Approach Control & Tower w/o Radar,1,15,8,2,26,0,0,48,0,48,1,15,56,2,74,156,0,156,230
03/10/2021,TWF,ID,ANM,WE,Combination Non-Radar Approach Control & Tower w/o Radar,0,20,10,2,32,0,0,58,1,59,0,20,68,3,91,102,0,102,193
03/11/2021,TWF,ID,ANM,WE,Combination Non-Radar Approach Control & Tower w/o Radar,0,19,6,1,26,0,0,40,0,40,0,19,46,1,66,88,16,104,170
03/12/2021,TWF,ID,ANM,WE,Combination Non-Radar Approach Control & Tower w/o Radar,0,14,5,0,19,0,0,70,0,70,0,14,75,0,89,66,2,68,157
03/13/2021,TWF,ID,ANM,WE,Combination Non-Radar Approach Control & Tower w/o Radar,0,10,4,0,14,0,0,55,0,55,0,10,59,0,69,52,0,52,121
03/14/2021,TWF,ID,ANM,WE,Combination Non-Radar Approach Control & Tower w/o Radar,0,5,6,0,11,0,0,33,0,33,0,5,39,0,44,4,0,4,48
03/15/2021,TWF,ID,ANM,WE,Combination Non-Radar Approach Control & Tower w/o Radar,0,9,6,0,15,0,0,20,0,20,0,9,26,0,35,38,0,38,73
03/16/2021,TWF,ID,ANM,WE,Combination Non-Radar Approach Control & Tower w/o Radar,0,11,10,3,24,0,4,56,3,63,0,15,66,6,87,38,29,67,154
03/17/2021,TWF,ID,ANM,WE,Combination Non-Radar Approach Control & Tower w/o Radar,0,18,13,2,33,0,0,87,0,87,0,18,100,2,120,74,10,84,204
03/18/2021,TWF,ID,ANM,WE,Combination Non-Radar Approach Control & Tower w/o Radar,0,20,16,3,39,0,0,58,3,61,0,20,74,6,100,182,24,206,306
03/19/2021,TWF,ID,ANM,WE,Combination Non-Radar Approach Control & Tower w/o Radar,0,12,4,2,18,0,0,23,0,23,0,12,27,2,41,178,0,178,219
03/20/2021,TWF,ID,ANM,WE,Combination Non-Radar Approach Control & Tower w/o Radar,0,17,7,0,24,0,0,16,0,16,0,17,23,0,40,77,0,77,117
03/21/2021,TWF,ID,ANM,WE,Combination Non-Radar Approach Control & Tower w/o Radar,0,5,3,0,8,0,0,8,0,8,0,5,11,0,16,14,0,14,30
03/22/2021,TWF,ID,ANM,WE,Combination Non-Radar Approach Control & Tower w/o Radar,0,12,5,0,17,0,0,8,0,8,0,12,13,0,25,38,0,38,63
03/23/2021,TWF,ID,ANM,WE,Combination Non-Radar Approach Control & Tower w/o Radar,0,16,3,1,20,0,2,17,1,20,0,18,20,2,40,72,0,72,112
03/24/2021,TWF,ID,ANM,WE,Combination Non-Radar Approach Control & Tower w/o Radar,2,9,10,2,23,0,4,47,1,52,2,13,57,3,75,124,18,142,217
03/25/2021,TWF,ID,ANM,WE,Combination Non-Radar Approach Control & Tower w/o Radar,5,26,6,0,37,0,0,6,0,6,5,26,12,0,43,20,0,20,63
03/26/2021,TWF,ID,ANM,WE,Combination Non-Radar Approach Control & Tower w/o Radar,1,14,4,0,19,0,5,28,0,33,1,19,32,0,52,56,0,56,108
03/27/2021,TWF,ID,ANM,WE,Combination Non-Radar Approach Control & Tower w/o Radar,1,5,7,0,13,0,3,37,0,40,1,8,44,0,53,82,0,82,135
03/28/2021,TWF,ID,ANM,WE,Combination Non-Radar Approach Control & Tower w/o Radar,0,3,4,0,7,0,0,5,0,5,0,3,9,0,12,2,0,2,14
03/29/2021,TWF,ID,ANM,WE,Combination Non-Radar Approach Control & Tower w/o Radar,0,14,5,0,19,0,0,6,0,6,0,14,11,0,25,0,0,0,25
03/30/2021,TWF,ID,ANM,WE,Combination Non-Radar Approach Control & Tower w/o Radar,0,5,1,0,6,0,0,14,1,15,0,5,15,1,21,110,0,110,131
03/31/2021,TWF,ID,ANM,WE,Combination Non-Radar Approach Control & Tower w/o Radar,0,4,4,0,8,0,0,27,0,27,0,4,31,0,35,58,12,70,105
04/01/2021,TWF,ID,ANM,WE,Combination Non-Radar Approach Control & Tower w/o Radar,0,6,8,1,15,0,0,24,0,24,0,6,32,1,39,162,0,162,201
04/02/2021,TWF,ID,ANM,WE,Combination Non-Radar Approach Control & Tower w/o Radar,0,15,2,0,17,0,0,39,0,39,0,15,41,0,56,106,0,106,162
04/03/2021,TWF,ID,ANM,WE,Combination Non-Radar Approach Control & Tower w/o Radar,1,7,3,1,12,0,0,54,3,57,1,7,57,4,69,74,0,74,143
04/04/2021,TWF,ID,ANM,WE,Combination Non-Radar Approach Control & Tower w/o Radar,2,4,2,0,8,0,0,20,0,20,2,4,22,0,28,6,0,6,34
04/05/2021,TWF,ID,ANM,WE,Combination Non-Radar Approach Control & Tower w/o Radar,1,9,6,0,16,0,0,11,0,11,1,9,17,0,27,20,0,20,47
04/06/2021,TWF,ID,ANM,WE,Combination Non-Radar Approach Control & Tower w/o Radar,0,12,2,0,14,0,0,18,0,18,0,12,20,0,32,14,0,14,46
04/07/2021,TWF,ID,ANM,WE,Combination Non-Radar Approach Control & Tower w/o Radar,0,16,3,2,21,0,0,70,0,70,0,16,73,2,91,100,0,100,191
04/08/2021,TWF,ID,ANM,WE,Combination Non-Radar Approach Control & Tower w/o Radar,0,15,4,0,19,0,0,17,0,17,0,15,21,0,36,62,0,62,98
04/09/2021,TWF,ID,ANM,WE,Combination Non-Radar Approach Control & Tower w/o Radar,0,15,11,1,27,0,0,63,0,63,0,15,74,1,90,126,12,138,228
04/10/2021,TWF,ID,ANM,WE,Combination Non-Radar Approach Control & Tower w/o Radar,0,0,0,0,0,0,0,0,0,0,0,0,0,0,0,48,0,48,48
04/11/2021,TWF,ID,ANM,WE,Combination Non-Radar Approach Control & Tower w/o Radar,1,10,5,0,16,0,1,29,0,30,1,11,34,0,46,0,0,0,46
04/12/2021,TWF,ID,ANM,WE,Combination Non-Radar Approach Control & Tower w/o Radar,0,13,2,3,18,0,0,46,2,48,0,13,48,5,66,60,14,74,140
04/13/2021,TWF,ID,ANM,WE,Combination Non-Radar Approach Control & Tower w/o Radar,0,17,7,0,24,0,0,13,0,13,0,17,20,0,37,19,0,19,56
04/14/2021,TWF,ID,ANM,WE,Combination Non-Radar Approach Control & Tower w/o Radar,0,15,9,0,24,0,0,7,0,7,0,15,16,0,31,22,0,22,53
04/15/2021,TWF,ID,ANM,WE,Combination Non-Radar Approach Control & Tower w/o Radar,0,17,4,2,23,0,0,46,0,46,0,17,50,2,69,118,18,136,205
04/16/2021,TWF,ID,ANM,WE,Combination Non-Radar Approach Control & Tower w/o Radar,0,12,5,2,19,0,7,62,4,73,0,19,67,6,92,78,14,92,184
04/17/2021,TWF,ID,ANM,WE,Combination Non-Radar Approach Control & Tower w/o Radar,0,7,8,0,15,0,1,63,9,73,0,8,71,9,88,30,0,30,118
04/18/2021,TWF,ID,ANM,WE,Combination Non-Radar Approach Control & Tower w/o Radar,0,5,12,0,17,0,2,37,4,43,0,7,49,4,60,6,0,6,66
04/19/2021,TWF,ID,ANM,WE,Combination Non-Radar Approach Control & Tower w/o Radar,1,3,3,0,7,0,0,18,0,18,1,3,21,0,25,10,0,10,35
04/20/2021,TWF,ID,ANM,WE,Combination Non-Radar Approach Control & Tower w/o Radar,0,15,10,0,25,0,1,66,0,67,0,16,76,0,92,66,0,66,158
04/21/2021,TWF,ID,ANM,WE,Combination Non-Radar Approach Control & Tower w/o Radar,1,13,15,1,30,0,2,54,1,57,1,15,69,2,87,0,0,0,87
04/22/2021,TWF,ID,ANM,WE,Combination Non-Radar Approach Control & Tower w/o Radar,0,13,9,0,22,0,2,36,0,38,0,15,45,0,60,30,0,30,90
04/23/2021,TWF,ID,ANM,WE,Combination Non-Radar Approach Control & Tower w/o Radar,0,13,7,0,20,0,0,44,0,44,0,13,51,0,64,32,0,32,96
04/24/2021,TWF,ID,ANM,WE,Combination Non-Radar Approach Control & Tower w/o Radar,0,4,7,0,11,0,0,20,0,20,0,4,27,0,31,64,0,64,95
04/25/2021,TWF,ID,ANM,WE,Combination Non-Radar Approach Control & Tower w/o Radar,0,5,5,0,10,0,0,10,0,10,0,5,15,0,20,14,0,14,34
04/26/2021,TWF,ID,ANM,WE,Combination Non-Radar Approach Control & Tower w/o Radar,0,9,6,2,17,0,0,18,0,18,0,9,24,2,35,38,8,46,81
04/27/2021,TWF,ID,ANM,WE,Combination Non-Radar Approach Control & Tower w/o Radar,0,16,5,3,24,0,0,49,2,51,0,16,54,5,75,94,4,98,173
04/28/2021,TWF,ID,ANM,WE,Combination Non-Radar Approach Control & Tower w/o Radar,0,18,12,0,30,0,1,48,2,51,0,19,60,2,81,54,0,54,135
04/29/2021,TWF,ID,ANM,WE,Combination Non-Radar Approach Control & Tower w/o Radar,0,16,7,0,23,0,1,60,0,61,0,17,67,0,84,88,0,88,172
04/30/2021,TWF,ID,ANM,WE,Combination Non-Radar Approach Control & Tower w/o Radar,0,12,10,2,24,0,0,41,2,43,0,12,51,4,67,60,0,60,127
05/01/2021,TWF,ID,ANM,WE,Combination Non-Radar Approach Control & Tower w/o Radar,0,0,0,0,0,0,0,0,0,0,0,0,0,0,0,26,0,26,26
05/02/2021,TWF,ID,ANM,WE,Combination Non-Radar Approach Control & Tower w/o Radar,0,8,3,0,11,0,0,4,1,5,0,8,7,1,16,0,0,0,16
05/03/2021,TWF,ID,ANM,WE,Combination Non-Radar Approach Control & Tower w/o Radar,0,11,4,2,17,0,1,46,3,50,0,12,50,5,67,66,0,66,133
05/04/2021,TWF,ID,ANM,WE,Combination Non-Radar Approach Control & Tower w/o Radar,0,14,4,1,19,0,0,26,1,27,0,14,30,2,46,56,0,56,102
05/05/2021,TWF,ID,ANM,WE,Combination Non-Radar Approach Control & Tower w/o Radar,0,20,15,0,35,0,1,59,0,60,0,21,74,0,95,82,0,82,177
05/06/2021,TWF,ID,ANM,WE,Combination Non-Radar Approach Control & Tower w/o Radar,0,14,8,0,22,0,2,89,0,91,0,16,97,0,113,70,0,70,183
05/07/2021,TWF,ID,ANM,WE,Combination Non-Radar Approach Control & Tower w/o Radar,0,14,2,0,16,0,0,17,2,19,0,14,19,2,35,44,0,44,79
05/08/2021,TWF,ID,ANM,WE,Combination Non-Radar Approach Control & Tower w/o Radar,0,9,5,0,14,0,0,21,1,22,0,9,26,1,36,8,0,8,44
05/09/2021,TWF,ID,ANM,WE,Combination Non-Radar Approach Control & Tower w/o Radar,0,7,5,0,12,0,0,17,1,18,0,7,22,1,30,20,0,20,50
05/10/2021,TWF,ID,ANM,WE,Combination Non-Radar Approach Control & Tower w/o Radar,0,8,2,0,10,0,0,9,0,9,0,8,11,0,19,14,0,14,33
05/11/2021,TWF,ID,ANM,WE,Combination Non-Radar Approach Control & Tower w/o Radar,0,11,8,0,19,0,0,66,0,66,0,11,74,0,85,47,0,47,132
05/12/2021,TWF,ID,ANM,WE,Combination Non-Radar Approach Control & Tower w/o Radar,0,16,9,0,25,0,1,77,0,78,0,17,86,0,103,78,0,78,181
05/13/2021,TWF,ID,ANM,WE,Combination Non-Radar Approach Control & Tower w/o Radar,0,12,6,0,18,0,0,61,4,65,0,12,67,4,83,66,4,70,153
05/14/2021,TWF,ID,ANM,WE,Combination Non-Radar Approach Control & Tower w/o Radar,0,16,6,0,22,0,0,40,0,40,0,16,46,0,62,53,0,53,115
05/15/2021,TWF,ID,ANM,WE,Combination Non-Radar Approach Control & Tower w/o Radar,0,12,6,0,18,0,0,31,2,33,0,12,37,2,51,56,0,56,107
05/16/2021,TWF,ID,ANM,WE,Combination Non-Radar Approach Control & Tower w/o Radar,0,8,7,0,15,0,3,37,0,40,0,11,44,0,55,0,0,0,55
05/17/2021,TWF,ID,ANM,WE,Combination Non-Radar Approach Control & Tower w/o Radar,0,11,2,0,13,0,0,43,0,43,0,11,45,0,56,42,0,42,98
05/18/2021,TWF,ID,ANM,WE,Combination Non-Radar Approach Control & Tower w/o Radar,0,14,3,3,20,0,0,32,3,35,0,14,35,6,55,48,0,48,103
05/19/2021,TWF,ID,ANM,WE,Combination Non-Radar Approach Control & Tower w/o Radar,0,21,14,2,37,0,0,49,2,51,0,21,63,4,88,44,0,44,132
05/20/2021,TWF,ID,ANM,WE,Combination Non-Radar Approach Control & Tower w/o Radar,0,14,10,2,26,0,0,31,4,35,0,14,41,6,61,92,6,98,159
05/21/2021,TWF,ID,ANM,WE,Combination Non-Radar Approach Control & Tower w/o Radar,0,19,9,0,28,0,1,22,2,25,0,20,31,2,53,49,0,49,102
05/22/2021,TWF,ID,ANM,WE,Combination Non-Radar Approach Control & Tower w/o Radar,0,18,1,0,19,0,1,18,0,19,0,19,19,0,38,44,0,44,82
05/23/2021,TWF,ID,ANM,WE,Combination Non-Radar Approach Control & Tower w/o Radar,0,8,0,0,8,0,0,6,0,6,0,8,6,0,14,0,0,0,14
05/24/2021,TWF,ID,ANM,WE,Combination Non-Radar Approach Control & Tower w/o Radar,2,13,7,0,22,0,0,19,0,19,2,13,26,0,41,56,0,56,97
05/25/2021,TWF,ID,ANM,WE,Combination Non-Radar Approach Control & Tower w/o Radar,1,14,5,2,22,0,0,50,2,52,1,14,55,4,74,104,0,104,178
05/26/2021,TWF,ID,ANM,WE,Combination Non-Radar Approach Control & Tower w/o Radar,0,21,16,1,38,0,1,30,1,32,0,22,46,2,70,16,0,16,86
05/27/2021,TWF,ID,ANM,WE,Combination Non-Radar Approach Control & Tower w/o Radar,0,22,11,1,34,0,0,104,5,109,0,22,115,6,143,72,0,72,215
05/28/2021,TWF,ID,ANM,WE,Combination Non-Radar Approach Control & Tower w/o Radar,0,15,7,0,22,0,0,44,0,44,0,15,51,0,66,24,0,24,90
05/29/2021,TWF,ID,ANM,WE,Combination Non-Radar Approach Control & Tower w/o Radar,0,12,6,0,18,0,0,57,0,57,0,12,63,0,75,60,0,60,135
05/30/2021,TWF,ID,ANM,WE,Combination Non-Radar Approach Control & Tower w/o Radar,0,9,1,1,11,0,0,37,5,42,0,9,38,6,53,10,6,16,69
05/31/2021,TWF,ID,ANM,WE,Combination Non-Radar Approach Control & Tower w/o Radar,1,5,3,0,9,0,0,26,0,26,1,5,29,0,35,26,0,26,61
06/01/2021,TWF,ID,ANM,WE,Combination Non-Radar Approach Control & Tower w/o Radar,0,9,9,3,21,0,1,57,6,64,0,10,66,9,85,56,6,62,147
06/02/2021,TWF,ID,ANM,WE,Combination Non-Radar Approach Control & Tower w/o Radar,1,16,6,0,23,0,1,73,0,74,1,17,79,0,97,20,0,20,117
06/03/2021,TWF,ID,ANM,WE,Combination Non-Radar Approach Control & Tower w/o Radar,0,13,8,2,23,0,1,37,0,38,0,14,45,2,61,20,0,20,81
06/04/2021,TWF,ID,ANM,WE,Combination Non-Radar Approach Control & Tower w/o Radar,0,19,5,0,24,0,0,46,0,46,0,19,51,0,70,28,0,28,98
06/05/2021,TWF,ID,ANM,WE,Combination Non-Radar Approach Control & Tower w/o Radar,0,6,1,0,7,0,2,10,0,12,0,8,11,0,19,12,0,12,31
06/06/2021,TWF,ID,ANM,WE,Combination Non-Radar Approach Control & Tower w/o Radar,0,9,7,0,16,0,0,44,0,44,0,9,51,0,60,6,0,6,66
06/07/2021,TWF,ID,ANM,WE,Combination Non-Radar Approach Control & Tower w/o Radar,0,12,7,0,19,0,0,48,2,50,0,12,55,2,69,50,0,50,119
06/08/2021,TWF,ID,ANM,WE,Combination Non-Radar Approach Control & Tower w/o Radar,0,14,3,2,19,0,13,56,0,69,0,27,59,2,88,96,6,102,190
06/09/2021,TWF,ID,ANM,WE,Combination Non-Radar Approach Control & Tower w/o Radar,0,14,12,1,27,0,0,67,0,67,0,14,79,1,94,46,0,46,140
06/10/2021,TWF,ID,ANM,WE,Combination Non-Radar Approach Control & Tower w/o Radar,1,20,8,0,29,0,1,16,1,18,1,21,24,1,47,26,0,26,73
06/11/2021,TWF,ID,ANM,WE,Combination Non-Radar Approach Control & Tower w/o Radar,0,15,8,0,23,0,0,71,0,71,0,15,79,0,94,52,0,52,146
06/12/2021,TWF,ID,ANM,WE,Combination Non-Radar Approach Control & Tower w/o Radar,0,12,6,4,22,0,2,61,0,63,0,14,67,4,85,52,0,52,137
06/13/2021,TWF,ID,ANM,WE,Combination Non-Radar Approach Control & Tower w/o Radar,0,11,4,0,15,1,0,19,0,20,1,11,23,0,35,4,0,4,39
06/14/2021,TWF,ID,ANM,WE,Combination Non-Radar Approach Control & Tower w/o Radar,0,15,5,0,20,13,1,40,1,55,13,16,45,1,75,40,0,40,115
06/15/2021,TWF,ID,ANM,WE,Combination Non-Radar Approach Control & Tower w/o Radar,1,14,9,0,24,0,5,50,0,55,1,19,59,0,79,76,0,76,155
06/16/2021,TWF,ID,ANM,WE,Combination Non-Radar Approach Control & Tower w/o Radar,0,13,5,0,18,0,1,46,0,47,0,14,51,0,65,38,0,38,103
06/17/2021,TWF,ID,ANM,WE,Combination Non-Radar Approach Control & Tower w/o Radar,0,19,12,7,38,0,1,55,1,57,0,20,67,8,95,64,14,78,173
06/18/2021,TWF,ID,ANM,WE,Combination Non-Radar Approach Control & Tower w/o Radar,0,18,3,0,21,0,0,80,0,80,0,18,83,0,101,76,0,76,177
06/19/2021,TWF,ID,ANM,WE,Combination Non-Radar Approach Control & Tower w/o Radar,0,11,5,0,16,0,3,58,0,61,0,14,63,0,77,40,0,40,117
06/20/2021,TWF,ID,ANM,WE,Combination Non-Radar Approach Control & Tower w/o Radar,0,10,9,0,19,0,0,23,0,23,0,10,32,0,42,0,0,0,42
06/21/2021,TWF,ID,ANM,WE,Combination Non-Radar Approach Control & Tower w/o Radar,0,15,8,2,25,0,4,52,0,56,0,19,60,2,81,86,0,86,167
06/22/2021,TWF,ID,ANM,WE,Combination Non-Radar Approach Control & Tower w/o Radar,0,16,4,2,22,8,4,56,0,68,8,20,60,2,90,36,6,42,132
06/23/2021,TWF,ID,ANM,WE,Combination Non-Radar Approach Control & Tower w/o Radar,0,20,5,0,25,0,4,60,4,68,0,24,65,4,93,65,0,65,158
06/24/2021,TWF,ID,ANM,WE,Combination Non-Radar Approach Control & Tower w/o Radar,0,16,10,3,29,0,1,53,1,55,0,17,63,4,84,94,0,94,178
06/25/2021,TWF,ID,ANM,WE,Combination Non-Radar Approach Control & Tower w/o Radar,0,13,2,0,15,0,2,26,0,28,0,15,28,0,43,20,0,20,63
06/26/2021,TWF,ID,ANM,WE,Combination Non-Radar Approach Control & Tower w/o Radar,0,13,4,0,17,0,0,51,2,53,0,13,55,2,70,30,0,30,100
06/27/2021,TWF,ID,ANM,WE,Combination Non-Radar Approach Control & Tower w/o Radar,0,11,4,0,15,0,0,25,0,25,0,11,29,0,40,0,0,0,40
06/28/2021,TWF,ID,ANM,WE,Combination Non-Radar Approach Control & Tower w/o Radar,2,14,1,0,17,0,2,40,0,42,2,16,41,0,59,34,0,34,93
06/29/2021,TWF,ID,ANM,WE,Combination Non-Radar Approach Control & Tower w/o Radar,0,15,3,2,20,1,2,26,1,30,1,17,29,3,50,50,12,62,112
06/30/2021,TWF,ID,ANM,WE,Combination Non-Radar Approach Control & Tower w/o Radar,1,18,6,3,28,1,2,72,1,76,2,20,78,4,104,16,0,16,120
07/01/2021,TWF,ID,ANM,WE,Combination Non-Radar Approach Control & Tower w/o Radar,1,18,2,1,22,8,9,46,1,64,9,27,48,2,86,64,0,64,150
07/02/2021,TWF,ID,ANM,WE,Combination Non-Radar Approach Control & Tower w/o Radar,0,21,4,0,25,1,9,88,0,98,1,30,92,0,123,22,0,22,145
07/03/2021,TWF,ID,ANM,WE,Combination Non-Radar Approach Control & Tower w/o Radar,0,15,2,0,17,0,47,40,0,87,0,62,42,0,104,8,0,8,112
07/04/2021,TWF,ID,ANM,WE,Combination Non-Radar Approach Control & Tower w/o Radar,0,10,4,0,14,0,1,26,0,27,0,11,30,0,41,0,0,0,41
07/05/2021,TWF,ID,ANM,WE,Combination Non-Radar Approach Control & Tower w/o Radar,0,6,7,0,13,0,0,18,0,18,0,6,25,0,31,8,0,8,39
07/06/2021,TWF,ID,ANM,WE,Combination Non-Radar Approach Control & Tower w/o Radar,0,26,15,0,41,0,0,44,0,44,0,26,59,0,85,64,0,64,149
07/07/2021,TWF,ID,ANM,WE,Combination Non-Radar Approach Control & Tower w/o Radar,0,21,6,2,29,0,5,57,2,64,0,26,63,4,93,30,28,58,151
07/08/2021,TWF,ID,ANM,WE,Combination Non-Radar Approach Control & Tower w/o Radar,0,24,15,2,41,0,1,45,0,46,0,25,60,2,87,36,8,44,131
07/09/2021,TWF,ID,ANM,WE,Combination Non-Radar Approach Control & Tower w/o Radar,0,22,11,0,33,2,6,61,0,69,2,28,72,0,102,18,0,18,120
07/10/2021,TWF,ID,ANM,WE,Combination Non-Radar Approach Control & Tower w/o Radar,0,57,35,0,92,0,0,60,2,62,0,57,95,2,154,74,0,74,228
07/11/2021,TWF,ID,ANM,WE,Combination Non-Radar Approach Control & Tower w/o Radar,0,8,12,0,20,0,2,30,0,32,0,10,42,0,52,6,0,6,58
07/12/2021,TWF,ID,ANM,WE,Combination Non-Radar Approach Control & Tower w/o Radar,3,8,0,6,17,0,0,58,1,59,3,8,58,7,76,66,18,84,160
07/13/2021,TWF,ID,ANM,WE,Combination Non-Radar Approach Control & Tower w/o Radar,1,19,7,5,32,0,0,22,2,24,1,19,29,7,56,64,8,72,128
07/14/2021,TWF,ID,ANM,WE,Combination Non-Radar Approach Control & Tower w/o Radar,1,13,4,2,20,0,46,45,6,97,1,59,49,8,117,44,28,72,189
07/15/2021,TWF,ID,ANM,WE,Combination Non-Radar Approach Control & Tower w/o Radar,2,19,6,0,27,0,0,46,0,46,2,19,52,0,73,58,0,58,131
07/16/2021,TWF,ID,ANM,WE,Combination Non-Radar Approach Control & Tower w/o Radar,0,15,5,0,20,0,1,62,0,63,0,16,67,0,83,33,0,33,116
07/17/2021,TWF,ID,ANM,WE,Combination Non-Radar Approach Control & Tower w/o Radar,0,17,3,0,20,0,2,64,0,66,0,19,67,0,86,38,0,38,124
07/18/2021,TWF,ID,ANM,WE,Combination Non-Radar Approach Control & Tower w/o Radar,0,7,7,0,14,0,2,62,3,67,0,9,69,3,81,18,0,18,99
07/19/2021,TWF,ID,ANM,WE,Combination Non-Radar Approach Control & Tower w/o Radar,2,11,4,0,17,0,0,29,0,29,2,11,33,0,46,0,0,0,46
07/20/2021,TWF,ID,ANM,WE,Combination Non-Radar Approach Control & Tower w/o Radar,0,16,5,2,23,2,11,54,0,67,2,27,59,2,90,40,8,48,138
07/21/2021,TWF,ID,ANM,WE,Combination Non-Radar Approach Control & Tower w/o Radar,1,15,20,2,38,0,12,67,0,79,1,27,87,2,117,80,8,88,205
07/22/2021,TWF,ID,ANM,WE,Combination Non-Radar Approach Control & Tower w/o Radar,0,19,5,1,25,0,1,44,3,48,0,20,49,4,73,46,4,50,123
07/23/2021,TWF,ID,ANM,WE,Combination Non-Radar Approach Control & Tower w/o Radar,0,17,8,0,25,0,1,32,0,33,0,18,40,0,58,0,0,0,58
07/24/2021,TWF,ID,ANM,WE,Combination Non-Radar Approach Control & Tower w/o Radar,0,15,1,0,16,0,6,41,8,55,0,21,42,8,71,46,0,46,117
07/25/2021,TWF,ID,ANM,WE,Combination Non-Radar Approach Control & Tower w/o Radar,2,12,2,0,16,0,0,43,2,45,2,12,45,2,61,1,0,1,62
07/26/2021,TWF,ID,ANM,WE,Combination Non-Radar Approach Control & Tower w/o Radar,1,14,8,1,24,0,1,46,1,48,1,15,54,2,72,52,0,52,124
07/27/2021,TWF,ID,ANM,WE,Combination Non-Radar Approach Control & Tower w/o Radar,0,15,9,0,24,0,1,33,0,34,0,16,42,0,58,58,0,58,116
07/28/2021,TWF,ID,ANM,WE,Combination Non-Radar Approach Control & Tower w/o Radar,0,21,3,0,24,0,1,25,0,26,0,22,28,0,50,13,0,13,63
07/29/2021,TWF,ID,ANM,WE,Combination Non-Radar Approach Control & Tower w/o Radar,0,18,7,0,25,0,0,48,3,51,0,18,55,3,76,78,0,78,154
07/30/2021,TWF,ID,ANM,WE,Combination Non-Radar Approach Control & Tower w/o Radar,0,23,3,0,26,0,0,33,2,35,0,23,36,2,61,36,0,36,97
07/31/2021,TWF,ID,ANM,WE,Combination Non-Radar Approach Control & Tower w/o Radar,0,9,3,0,12,0,3,26,0,29,0,12,29,0,41,18,0,18,59
08/01/2021,TWF,ID,ANM,WE,Combination Non-Radar Approach Control & Tower w/o Radar,1,13,5,0,19,0,0,3,0,3,1,13,8,0,22,2,0,2,24
08/02/2021,TWF,ID,ANM,WE,Combination Non-Radar Approach Control & Tower w/o Radar,0,10,5,0,15,0,1,24,0,25,0,11,29,0,40,86,0,86,126
08/03/2021,TWF,ID,ANM,WE,Combination Non-Radar Approach Control & Tower w/o Radar,0,13,8,1,22,0,0,56,1,57,0,13,64,2,79,74,10,84,163
08/04/2021,TWF,ID,ANM,WE,Combination Non-Radar Approach Control & Tower w/o Radar,0,18,5,0,23,0,18,57,2,77,0,36,62,2,100,36,0,36,136
08/05/2021,TWF,ID,ANM,WE,Combination Non-Radar Approach Control & Tower w/o Radar,3,14,2,0,19,0,0,37,0,37,3,14,39,0,56,30,0,30,86
08/06/2021,TWF,ID,ANM,WE,Combination Non-Radar Approach Control & Tower w/o Radar,0,15,15,0,30,0,0,28,0,28,0,15,43,0,58,4,0,4,62
08/07/2021,TWF,ID,ANM,WE,Combination Non-Radar Approach Control & Tower w/o Radar,2,13,3,0,18,0,2,52,0,54,2,15,55,0,72,36,0,36,108
08/08/2021,TWF,ID,ANM,WE,Combination Non-Radar Approach Control & Tower w/o Radar,0,15,5,1,21,0,0,21,1,22,0,15,26,2,43,0,24,24,67
08/09/2021,TWF,ID,ANM,WE,Combination Non-Radar Approach Control & Tower w/o Radar,0,15,7,0,22,0,0,34,2,36,0,15,41,2,58,68,6,74,132
08/10/2021,TWF,ID,ANM,WE,Combination Non-Radar Approach Control & Tower w/o Radar,1,19,7,2,29,0,1,42,3,46,1,20,49,5,75,24,16,40,115
08/11/2021,TWF,ID,ANM,WE,Combination Non-Radar Approach Control & Tower w/o Radar,1,15,7,2,25,0,0,37,2,39,1,15,44,4,64,28,0,28,92
08/12/2021,TWF,ID,ANM,WE,Combination Non-Radar Approach Control & Tower w/o Radar,1,18,7,4,30,0,1,37,0,38,1,19,44,4,68,28,18,46,114
08/13/2021,TWF,ID,ANM,WE,Combination Non-Radar Approach Control & Tower w/o Radar,0,12,7,1,20,0,5,15,1,21,0,17,22,2,41,12,0,12,53
08/14/2021,TWF,ID,ANM,WE,Combination Non-Radar Approach Control & Tower w/o Radar,0,15,3,0,18,9,0,14,0,23,9,15,17,0,41,30,0,30,71
08/15/2021,TWF,ID,ANM,WE,Combination Non-Radar Approach Control & Tower w/o Radar,0,17,6,0,23,4,1,10,0,15,4,18,16,0,38,0,0,0,38
08/16/2021,TWF,ID,ANM,WE,Combination Non-Radar Approach Control & Tower w/o Radar,1,18,8,2,29,1,0,10,1,12,2,18,18,3,41,0,6,6,47
08/17/2021,TWF,ID,ANM,WE,Combination Non-Radar Approach Control & Tower w/o Radar,0,16,13,2,31,4,28,49,7,88,4,44,62,9,119,70,6,76,195
08/18/2021,TWF,ID,ANM,WE,Combination Non-Radar Approach Control & Tower w/o Radar,0,23,17,2,42,0,4,37,2,43,0,27,54,4,85,16,12,28,113
08/19/2021,TWF,ID,ANM,WE,Combination Non-Radar Approach Control & Tower w/o Radar,0,16,9,1,26,0,0,30,1,31,0,16,39,2,57,92,4,96,153
08/20/2021,TWF,ID,ANM,WE,Combination Non-Radar Approach Control & Tower w/o Radar,0,15,4,0,19,0,0,49,0,49,0,15,53,0,68,86,0,86,154
08/21/2021,TWF,ID,ANM,WE,Combination Non-Radar Approach Control & Tower w/o Radar,0,18,2,0,20,0,2,20,0,22,0,20,22,0,42,6,0,6,48
08/22/2021,TWF,ID,ANM,WE,Combination Non-Radar Approach Control & Tower w/o Radar,2,9,0,0,11,0,0,29,0,29,2,9,29,0,40,18,0,18,58
08/23/2021,TWF,ID,ANM,WE,Combination Non-Radar Approach Control & Tower w/o Radar,0,17,2,0,19,0,2,21,2,25,0,19,23,2,44,82,0,82,126
08/24/2021,TWF,ID,ANM,WE,Combination Non-Radar Approach Control & Tower w/o Radar,0,20,12,1,33,0,1,38,0,39,0,21,50,1,72,92,0,92,164
08/25/2021,TWF,ID,ANM,WE,Combination Non-Radar Approach Control & Tower w/o Radar,0,30,3,0,33,0,0,38,0,38,0,30,41,0,71,64,0,64,135
08/26/2021,TWF,ID,ANM,WE,Combination Non-Radar Approach Control & Tower w/o Radar,0,22,1,0,23,0,12,38,2,52,0,34,39,2,75,86,0,86,161
08/27/2021,TWF,ID,ANM,WE,Combination Non-Radar Approach Control & Tower w/o Radar,0,21,8,0,29,0,0,37,2,39,0,21,45,2,68,14,0,14,82
08/28/2021,TWF,ID,ANM,WE,Combination Non-Radar Approach Control & Tower w/o Radar,1,13,12,0,26,0,2,63,0,65,1,15,75,0,91,8,0,8,99
08/29/2021,TWF,ID,ANM,WE,Combination Non-Radar Approach Control & Tower w/o Radar,2,9,1,0,12,0,0,40,2,42,2,9,41,2,54,8,0,8,62
08/30/2021,TWF,ID,ANM,WE,Combination Non-Radar Approach Control & Tower w/o Radar,2,15,7,1,25,0,0,36,3,39,2,15,43,4,64,112,20,132,196
08/31/2021,TWF,ID,ANM,WE,Combination Non-Radar Approach Control & Tower w/o Radar,0,25,3,2,30,0,0,33,0,33,0,25,36,2,63,104,0,104,167
09/01/2021,TWF,ID,ANM,WE,Combination Non-Radar Approach Control & Tower w/o Radar,0,16,2,0,18,0,1,47,0,48,0,17,49,0,66,38,0,38,104
09/02/2021,TWF,ID,ANM,WE,Combination Non-Radar Approach Control & Tower w/o Radar,2,19,4,0,25,0,0,50,2,52,2,19,54,2,77,100,0,100,177
09/03/2021,TWF,ID,ANM,WE,Combination Non-Radar Approach Control & Tower w/o Radar,1,14,5,0,20,0,1,37,0,38,1,15,42,0,58,8,0,8,66
09/04/2021,TWF,ID,ANM,WE,Combination Non-Radar Approach Control & Tower w/o Radar,0,15,8,0,23,2,4,50,0,56,2,19,58,0,79,10,0,10,89
09/05/2021,TWF,ID,ANM,WE,Combination Non-Radar Approach Control & Tower w/o Radar,0,8,3,0,11,0,3,21,0,24,0,11,24,0,35,0,0,0,35
09/06/2021,TWF,ID,ANM,WE,Combination Non-Radar Approach Control & Tower w/o Radar,0,9,7,0,16,0,3,21,0,24,0,12,28,0,40,0,0,0,40
09/07/2021,TWF,ID,ANM,WE,Combination Non-Radar Approach Control & Tower w/o Radar,1,14,10,1,26,0,1,27,2,30,1,15,37,3,56,26,0,26,82
09/08/2021,TWF,ID,ANM,WE,Combination Non-Radar Approach Control & Tower w/o Radar,0,17,8,0,25,0,1,34,1,36,0,18,42,1,61,16,0,16,77
09/09/2021,TWF,ID,ANM,WE,Combination Non-Radar Approach Control & Tower w/o Radar,0,17,23,1,41,0,0,34,1,35,0,17,57,2,76,86,0,86,162
09/10/2021,TWF,ID,ANM,WE,Combination Non-Radar Approach Control & Tower w/o Radar,0,19,4,0,23,2,0,25,1,28,2,19,29,1,51,12,0,12,63
09/11/2021,TWF,ID,ANM,WE,Combination Non-Radar Approach Control & Tower w/o Radar,1,11,8,0,20,0,1,32,0,33,1,12,40,0,53,10,0,10,63
09/12/2021,TWF,ID,ANM,WE,Combination Non-Radar Approach Control & Tower w/o Radar,0,11,3,5,19,0,2,27,1,30,0,13,30,6,49,12,0,12,61
09/13/2021,TWF,ID,ANM,WE,Combination Non-Radar Approach Control & Tower w/o Radar,0,13,8,0,21,0,0,60,0,60,0,13,68,0,81,19,0,19,100
09/14/2021,TWF,ID,ANM,WE,Combination Non-Radar Approach Control & Tower w/o Radar,0,17,6,1,24,0,1,42,1,44,0,18,48,2,68,36,0,36,104
09/15/2021,TWF,ID,ANM,WE,Combination Non-Radar Approach Control & Tower w/o Radar,0,26,11,6,43,0,4,47,2,53,0,30,58,8,96,28,10,38,134
09/16/2021,TWF,ID,ANM,WE,Combination Non-Radar Approach Control & Tower w/o Radar,0,20,11,1,32,0,0,38,1,39,0,20,49,2,71,48,0,48,119
09/17/2021,TWF,ID,ANM,WE,Combination Non-Radar Approach Control & Tower w/o Radar,0,17,9,0,26,0,0,64,0,64,0,17,73,0,90,100,2,102,192
09/18/2021,TWF,ID,ANM,WE,Combination Non-Radar Approach Control & Tower w/o Radar,0,15,7,0,22,0,1,10,1,12,0,16,17,1,34,6,0,6,40
09/19/2021,TWF,ID,ANM,WE,Combination Non-Radar Approach Control & Tower w/o Radar,0,9,5,1,15,0,0,11,0,11,0,9,16,1,26,6,0,6,32
09/20/2021,TWF,ID,ANM,WE,Combination Non-Radar Approach Control & Tower w/o Radar,0,8,7,0,15,0,1,32,0,33,0,9,39,0,48,30,0,30,78
09/21/2021,TWF,ID,ANM,WE,Combination Non-Radar Approach Control & Tower w/o Radar,0,15,1,3,19,0,0,36,1,37,0,15,37,4,56,24,0,24,80
09/22/2021,TWF,ID,ANM,WE,Combination Non-Radar Approach Control & Tower w/o Radar,0,15,9,0,24,0,1,65,0,66,0,16,74,0,90,30,0,30,120
09/23/2021,TWF,ID,ANM,WE,Combination Non-Radar Approach Control & Tower w/o Radar,0,15,6,0,21,0,0,39,0,39,0,15,45,0,60,44,0,44,104
09/24/2021,TWF,ID,ANM,WE,Combination Non-Radar Approach Control & Tower w/o Radar,0,21,1,0,22,0,1,61,0,62,0,22,62,0,84,60,0,60,144
09/25/2021,TWF,ID,ANM,WE,Combination Non-Radar Approach Control & Tower w/o Radar,0,16,8,0,24,1,1,51,0,53,1,17,59,0,77,28,0,28,105
09/26/2021,TWF,ID,ANM,WE,Combination Non-Radar Approach Control & Tower w/o Radar,0,7,4,0,11,0,0,26,0,26,0,7,30,0,37,6,0,6,43
09/27/2021,TWF,ID,ANM,WE,Combination Non-Radar Approach Control & Tower w/o Radar,0,7,4,0,11,0,2,21,0,23,0,9,25,0,34,14,0,14,48
09/28/2021,TWF,ID,ANM,WE,Combination Non-Radar Approach Control & Tower w/o Radar,0,17,5,3,25,0,2,6,1,9,0,19,11,4,34,8,0,8,42
09/29/2021,TWF,ID,ANM,WE,Combination Non-Radar Approach Control & Tower w/o Radar,0,15,9,3,27,0,0,40,0,40,0,15,49,3,67,72,0,72,139
09/30/2021,TWF,ID,ANM,WE,Combination Non-Radar Approach Control & Tower w/o Radar,0,18,5,0,23,0,1,45,0,46,0,19,50,0,69,72,0,72,141
10/01/2021,TWF,ID,ANM,WE,Combination Non-Radar Approach Control & Tower w/o Radar,0,17,7,0,24,0,0,52,2,54,0,17,59,2,78,48,0,48,126
10/02/2021,TWF,ID,ANM,WE,Combination Non-Radar Approach Control & Tower w/o Radar,0,14,2,0,16,0,2,36,0,38,0,16,38,0,54,42,0,42,96
10/03/2021,TWF,ID,ANM,WE,Combination Non-Radar Approach Control & Tower w/o Radar,0,11,1,0,12,0,0,35,0,35,0,11,36,0,47,0,0,0,47
10/04/2021,TWF,ID,ANM,WE,Combination Non-Radar Approach Control & Tower w/o Radar,0,12,9,1,22,0,0,35,1,36,0,12,44,2,58,50,0,50,108
10/05/2021,TWF,ID,ANM,WE,Combination Non-Radar Approach Control & Tower w/o Radar,0,18,6,1,25,0,4,51,6,61,0,22,57,7,86,42,4,46,132
10/06/2021,TWF,ID,ANM,WE,Combination Non-Radar Approach Control & Tower w/o Radar,0,16,3,2,21,0,0,28,0,28,0,16,31,2,49,52,0,52,101
10/07/2021,TWF,ID,ANM,WE,Combination Non-Radar Approach Control & Tower w/o Radar,0,19,11,4,34,0,0,18,0,18,0,19,29,4,52,30,0,30,82
10/08/2021,TWF,ID,ANM,WE,Combination Non-Radar Approach Control & Tower w/o Radar,0,24,9,0,33,0,0,16,0,16,0,24,25,0,49,0,0,0,49
10/09/2021,TWF,ID,ANM,WE,Combination Non-Radar Approach Control & Tower w/o Radar,0,10,3,0,13,0,0,7,0,7,0,10,10,0,20,0,0,0,20
10/10/2021,TWF,ID,ANM,WE,Combination Non-Radar Approach Control & Tower w/o Radar,0,17,7,0,24,0,0,36,0,36,0,17,43,0,60,16,0,16,76
10/11/2021,TWF,ID,ANM,WE,Combination Non-Radar Approach Control & Tower w/o Radar,0,24,10,0,34,0,0,3,0,3,0,24,13,0,37,0,0,0,37
10/12/2021,TWF,ID,ANM,WE,Combination Non-Radar Approach Control & Tower w/o Radar,0,23,8,0,31,0,1,37,0,38,0,24,45,0,69,50,0,50,119
10/13/2021,TWF,ID,ANM,WE,Combination Non-Radar Approach Control & Tower w/o Radar,0,22,13,0,35,0,8,20,0,28,0,30,33,0,63,30,0,30,93
10/14/2021,TWF,ID,ANM,WE,Combination Non-Radar Approach Control & Tower w/o Radar,0,24,14,4,42,0,5,28,6,39,0,29,42,10,81,36,2,38,119
10/15/2021,TWF,ID,ANM,WE,Combination Non-Radar Approach Control & Tower w/o Radar,0,19,8,0,27,0,2,50,0,52,0,21,58,0,79,76,0,76,155
10/16/2021,TWF,ID,ANM,WE,Combination Non-Radar Approach Control & Tower w/o Radar,0,12,1,1,14,0,2,43,0,45,0,14,44,1,59,48,0,48,107
10/17/2021,TWF,ID,ANM,WE,Combination Non-Radar Approach Control & Tower w/o Radar,0,8,7,0,15,0,1,23,2,26,0,9,30,2,41,2,0,2,43
10/18/2021,TWF,ID,ANM,WE,Combination Non-Radar Approach Control & Tower w/o Radar,0,11,2,2,15,0,3,22,3,28,0,14,24,5,43,14,0,14,57
10/19/2021,TWF,ID,ANM,WE,Combination Non-Radar Approach Control & Tower w/o Radar,0,18,9,3,30,0,1,59,1,61,0,19,68,4,91,52,0,52,143
10/20/2021,TWF,ID,ANM,WE,Combination Non-Radar Approach Control & Tower w/o Radar,0,22,5,2,29,0,1,19,0,20,0,23,24,2,49,4,8,12,61
10/21/2021,TWF,ID,ANM,WE,Combination Non-Radar Approach Control & Tower w/o Radar,0,13,9,1,23,0,0,46,1,47,0,13,55,2,70,56,0,56,126
10/22/2021,TWF,ID,ANM,WE,Combination Non-Radar Approach Control & Tower w/o Radar,0,14,9,0,23,0,0,17,0,17,0,14,26,0,40,18,0,18,58
10/23/2021,TWF,ID,ANM,WE,Combination Non-Radar Approach Control & Tower w/o Radar,0,15,4,0,19,0,2,57,0,59,0,17,61,0,78,20,0,20,98
10/24/2021,TWF,ID,ANM,WE,Combination Non-Radar Approach Control & Tower w/o Radar,0,10,7,0,17,0,0,2,0,2,0,10,9,0,19,0,0,0,19
10/25/2021,TWF,ID,ANM,WE,Combination Non-Radar Approach Control & Tower w/o Radar,0,18,8,0,26,0,0,2,0,2,0,18,10,0,28,0,0,0,28
10/26/2021,TWF,ID,ANM,WE,Combination Non-Radar Approach Control & Tower w/o Radar,0,22,13,0,35,0,0,21,0,21,0,22,34,0,56,36,0,36,92
10/27/2021,TWF,ID,ANM,WE,Combination Non-Radar Approach Control & Tower w/o Radar,0,19,14,0,33,0,0,24,0,24,0,19,38,0,57,54,0,54,111
10/28/2021,TWF,ID,ANM,WE,Combination Non-Radar Approach Control & Tower w/o Radar,0,16,10,1,27,0,0,77,1,78,0,16,87,2,105,60,0,60,165
10/29/2021,TWF,ID,ANM,WE,Combination Non-Radar Approach Control & Tower w/o Radar,0,13,11,0,24,0,0,67,0,67,0,13,78,0,91,42,0,42,133
10/30/2021,TWF,ID,ANM,WE,Combination Non-Radar Approach Control & Tower w/o Radar,0,13,5,0,18,0,0,63,0,63,0,13,68,0,81,130,0,130,211
10/31/2021,TWF,ID,ANM,WE,Combination Non-Radar Approach Control & Tower w/o Radar,0,9,7,0,16,0,0,25,0,25,0,9,32,0,41,24,0,24,65
11/01/2021,TWF,ID,ANM,WE,Combination Non-Radar Approach Control & Tower w/o Radar,0,10,0,0,10,0,0,34,0,34,0,10,34,0,44,0,0,0,44
11/02/2021,TWF,ID,ANM,WE,Combination Non-Radar Approach Control & Tower w/o Radar,0,15,6,0,21,0,1,45,2,48,0,16,51,2,69,22,8,30,99
11/03/2021,TWF,ID,ANM,WE,Combination Non-Radar Approach Control & Tower w/o Radar,0,19,1,2,22,0,1,44,0,45,0,20,45,2,67,66,0,66,133
11/04/2021,TWF,ID,ANM,WE,Combination Non-Radar Approach Control & Tower w/o Radar,0,18,3,0,21,0,0,29,0,29,0,18,32,0,50,32,0,32,82
11/05/2021,TWF,ID,ANM,WE,Combination Non-Radar Approach Control & Tower w/o Radar,0,19,5,2,26,0,1,44,3,48,0,20,49,5,74,82,12,94,168
11/06/2021,TWF,ID,ANM,WE,Combination Non-Radar Approach Control & Tower w/o Radar,0,10,3,0,13,0,0,41,0,41,0,10,44,0,54,52,0,52,106
11/07/2021,TWF,ID,ANM,WE,Combination Non-Radar Approach Control & Tower w/o Radar,0,4,1,0,5,0,0,24,0,24,0,4,25,0,29,4,0,4,33
11/08/2021,TWF,ID,ANM,WE,Combination Non-Radar Approach Control & Tower w/o Radar,0,11,6,6,23,0,1,24,6,31,0,12,30,12,54,28,28,56,110
11/09/2021,TWF,ID,ANM,WE,Combination Non-Radar Approach Control & Tower w/o Radar,0,22,10,0,32,0,0,4,0,4,0,22,14,0,36,8,0,8,44
11/10/2021,TWF,ID,ANM,WE,Combination Non-Radar Approach Control & Tower w/o Radar,0,8,6,2,16,0,1,37,0,38,0,9,43,2,54,32,0,32,86
11/11/2021,TWF,ID,ANM,WE,Combination Non-Radar Approach Control & Tower w/o Radar,0,14,6,0,20,0,0,30,0,30,0,14,36,0,50,46,0,46,96
11/12/2021,TWF,ID,ANM,WE,Combination Non-Radar Approach Control & Tower w/o Radar,0,12,7,1,20,0,0,47,0,47,0,12,54,1,67,60,2,62,129
11/13/2021,TWF,ID,ANM,WE,Combination Non-Radar Approach Control & Tower w/o Radar,0,8,3,0,11,0,1,34,0,35,0,9,37,0,46,84,0,84,130
11/14/2021,TWF,ID,ANM,WE,Combination Non-Radar Approach Control & Tower w/o Radar,0,4,2,0,6,0,0,41,0,41,0,4,43,0,47,20,0,20,67
11/15/2021,TWF,ID,ANM,WE,Combination Non-Radar Approach Control & Tower w/o Radar,0,10,1,0,11,0,1,30,2,33,0,11,31,2,44,48,0,48,92
11/16/2021,TWF,ID,ANM,WE,Combination Non-Radar Approach Control & Tower w/o Radar,0,19,8,1,28,0,4,18,1,23,0,23,26,2,51,48,0,48,99
11/17/2021,TWF,ID,ANM,WE,Combination Non-Radar Approach Control & Tower w/o Radar,0,14,5,0,19,0,1,43,0,44,0,15,48,0,63,108,0,108,171
11/18/2021,TWF,ID,ANM,WE,Combination Non-Radar Approach Control & Tower w/o Radar,1,15,1,4,21,1,0,22,1,24,2,15,23,5,45,66,0,66,111
11/19/2021,TWF,ID,ANM,WE,Combination Non-Radar Approach Control & Tower w/o Radar,0,27,10,2,39,0,0,17,0,17,0,27,27,2,56,52,4,56,112
11/20/2021,TWF,ID,ANM,WE,Combination Non-Radar Approach Control & Tower w/o Radar,0,15,9,0,24,0,1,32,0,33,0,16,41,0,57,34,0,34,91
11/21/2021,TWF,ID,ANM,WE,Combination Non-Radar Approach Control & Tower w/o Radar,0,5,6,0,11,0,0,17,0,17,0,5,23,0,28,20,0,20,48
11/22/2021,TWF,ID,ANM,WE,Combination Non-Radar Approach Control & Tower w/o Radar,0,9,3,3,15,0,0,20,1,21,0,9,23,4,36,28,6,34,70
11/23/2021,TWF,ID,ANM,WE,Combination Non-Radar Approach Control & Tower w/o Radar,0,15,5,0,20,0,4,7,0,11,0,19,12,0,31,0,0,0,31
11/24/2021,TWF,ID,ANM,WE,Combination Non-Radar Approach Control & Tower w/o Radar,2,16,1,2,21,0,0,13,0,13,2,16,14,2,34,18,16,34,68
11/25/2021,TWF,ID,ANM,WE,Combination Non-Radar Approach Control & Tower w/o Radar,0,3,1,0,4,0,0,17,0,17,0,3,18,0,21,12,0,12,33
11/26/2021,TWF,ID,ANM,WE,Combination Non-Radar Approach Control & Tower w/o Radar,0,12,2,0,14,0,0,10,0,10,0,12,12,0,24,14,0,14,38
11/27/2021,TWF,ID,ANM,WE,Combination Non-Radar Approach Control & Tower w/o Radar,0,13,2,0,15,0,2,29,0,31,0,15,31,0,46,22,0,22,68
11/28/2021,TWF,ID,ANM,WE,Combination Non-Radar Approach Control & Tower w/o Radar,0,8,10,0,18,0,0,38,0,38,0,8,48,0,56,18,0,18,74
11/29/2021,TWF,ID,ANM,WE,Combination Non-Radar Approach Control & Tower w/o Radar,0,12,5,5,22,0,0,43,1,44,0,12,48,6,66,12,0,12,78
11/30/2021,TWF,ID,ANM,WE,Combination Non-Radar Approach Control & Tower w/o Radar,0,20,5,1,26,0,1,32,1,34,0,21,37,2,60,48,0,48,108
12/01/2021,TWF,ID,ANM,WE,Combination Non-Radar Approach Control & Tower w/o Radar,0,5,4,0,9,0,0,6,0,6,0,5,10,0,15,4,0,4,19
12/02/2021,TWF,ID,ANM,WE,Combination Non-Radar Approach Control & Tower w/o Radar,0,12,7,0,19,0,0,46,0,46,0,12,53,0,65,44,0,44,109
12/03/2021,TWF,ID,ANM,WE,Combination Non-Radar Approach Control & Tower w/o Radar,0,10,5,7,22,0,0,46,8,54,0,10,51,15,76,30,8,38,114
12/04/2021,TWF,ID,ANM,WE,Combination Non-Radar Approach Control & Tower w/o Radar,0,3,7,0,10,0,4,47,0,51,0,7,54,0,61,18,0,18,79
12/05/2021,TWF,ID,ANM,WE,Combination Non-Radar Approach Control & Tower w/o Radar,0,5,2,0,7,0,0,2,0,2,0,5,4,0,9,0,0,0,9
12/06/2021,TWF,ID,ANM,WE,Combination Non-Radar Approach Control & Tower w/o Radar,0,7,5,0,12,0,0,8,0,8,0,7,13,0,20,34,0,34,54
12/07/2021,TWF,ID,ANM,WE,Combination Non-Radar Approach Control & Tower w/o Radar,0,13,5,0,18,0,0,26,1,27,0,13,31,1,45,54,0,54,99
12/08/2021,TWF,ID,ANM,WE,Combination Non-Radar Approach Control & Tower w/o Radar,2,10,7,2,21,0,0,20,3,23,2,10,27,5,44,32,0,32,76
12/09/2021,TWF,ID,ANM,WE,Combination Non-Radar Approach Control & Tower w/o Radar,2,11,13,4,30,0,0,16,0,16,2,11,29,4,46,14,0,14,60
12/10/2021,TWF,ID,ANM,WE,Combination Non-Radar Approach Control & Tower w/o Radar,1,13,7,0,21,0,0,14,0,14,1,13,21,0,35,16,0,16,51
12/11/2021,TWF,ID,ANM,WE,Combination Non-Radar Approach Control & Tower w/o Radar,0,12,4,0,16,0,4,7,1,12,0,16,11,1,28,0,0,0,28
12/12/2021,TWF,ID,ANM,WE,Combination Non-Radar Approach Control & Tower w/o Radar,0,13,5,0,18,0,0,9,0,9,0,13,14,0,27,12,0,12,39
12/13/2021,TWF,ID,ANM,WE,Combination Non-Radar Approach Control & Tower w/o Radar,0,10,3,0,13,0,2,6,2,10,0,12,9,2,23,0,0,0,23
12/14/2021,TWF,ID,ANM,WE,Combination Non-Radar Approach Control & Tower w/o Radar,0,22,6,0,28,0,0,0,0,0,0,22,6,0,28,0,0,0,28
12/15/2021,TWF,ID,ANM,WE,Combination Non-Radar Approach Control & Tower w/o Radar,0,9,15,0,24,0,0,12,0,12,0,9,27,0,36,24,0,24,60
12/16/2021,TWF,ID,ANM,WE,Combination Non-Radar Approach Control & Tower w/o Radar,0,20,8,0,28,0,0,3,0,3,0,20,11,0,31,4,0,4,35
12/17/2021,TWF,ID,ANM,WE,Combination Non-Radar Approach Control & Tower w/o Radar,0,11,9,2,22,0,0,30,0,30,0,11,39,2,52,20,0,20,72
12/18/2021,TWF,ID,ANM,WE,Combination Non-Radar Approach Control & Tower w/o Radar,0,15,6,0,21,0,1,40,0,41,0,16,46,0,62,60,0,60,122
12/19/2021,TWF,ID,ANM,WE,Combination Non-Radar Approach Control & Tower w/o Radar,2,21,13,0,36,0,1,21,0,22,2,22,34,0,58,16,0,16,74
12/20/2021,TWF,ID,ANM,WE,Combination Non-Radar Approach Control & Tower w/o Radar,0,15,6,0,21,0,0,33,0,33,0,15,39,0,54,38,0,38,92
12/21/2021,TWF,ID,ANM,WE,Combination Non-Radar Approach Control & Tower w/o Radar,0,10,3,3,16,0,0,58,0,58,0,10,61,3,74,46,0,46,120
12/22/2021,TWF,ID,ANM,WE,Combination Non-Radar Approach Control & Tower w/o Radar,0,42,15,0,57,0,9,19,0,28,0,51,34,0,85,2,0,2,87
12/23/2021,TWF,ID,ANM,WE,Combination Non-Radar Approach Control & Tower w/o Radar,6,28,27,0,61,0,1,2,0,3,6,29,29,0,64,0,0,0,64
12/24/2021,TWF,ID,ANM,WE,Combination Non-Radar Approach Control & Tower w/o Radar,0,12,1,0,13,0,0,0,0,0,0,12,1,0,13,0,0,0,13
12/25/2021,TWF,ID,ANM,WE,Combination Non-Radar Approach Control & Tower w/o Radar,6,20,5,0,31,0,0,1,0,1,6,20,6,0,32,0,0,0,32
12/26/2021,TWF,ID,ANM,WE,Combination Non-Radar Approach Control & Tower w/o Radar,9,19,21,0,49,0,2,1,0,3,9,21,22,0,52,0,0,0,52
12/27/2021,TWF,ID,ANM,WE,Combination Non-Radar Approach Control & Tower w/o Radar,2,27,23,0,52,0,0,1,0,1,2,27,24,0,53,0,0,0,53
12/28/2021,TWF,ID,ANM,WE,Combination Non-Radar Approach Control & Tower w/o Radar,0,10,6,0,16,0,0,4,0,4,0,10,10,0,20,0,0,0,20
12/29/2021,TWF,ID,ANM,WE,Combination Non-Radar Approach Control & Tower w/o Radar,0,31,11,0,42,0,0,1,0,1,0,31,12,0,43,0,0,0,43
12/30/2021,TWF,ID,ANM,WE,Combination Non-Radar Approach Control & Tower w/o Radar,0,27,9,0,36,0,0,3,0,3,0,27,12,0,39,0,0,0,39
12/31/2021,TWF,ID,ANM,WE,Combination Non-Radar Approach Control & Tower w/o Radar,0,13,3,0,16,0,2,2,0,4,0,15,5,0,20,6,0,6,26
01/01/2022,TWF,ID,ANM,WE,Combination Non-Radar Approach Control & Tower w/o Radar,0,7,2,0,9,0,1,21,0,22,0,8,23,0,31,7,0,7,38
01/02/2022,TWF,ID,ANM,WE,Combination Non-Radar Approach Control & Tower w/o Radar,0,17,13,0,30,0,1,8,0,9,0,18,21,0,39,2,0,2,41
01/03/2022,TWF,ID,ANM,WE,Combination Non-Radar Approach Control & Tower w/o Radar,0,16,11,0,27,0,0,1,0,1,0,16,12,0,28,2,0,2,30
01/04/2022,TWF,ID,ANM,WE,Combination Non-Radar Approach Control & Tower w/o Radar,0,18,4,0,22,0,0,0,0,0,0,18,4,0,22,0,0,0,22
01/05/2022,TWF,ID,ANM,WE,Combination Non-Radar Approach Control & Tower w/o Radar,0,16,10,0,26,0,0,2,0,2,0,16,12,0,28,2,0,2,30
01/06/2022,TWF,ID,ANM,WE,Combination Non-Radar Approach Control & Tower w/o Radar,0,10,12,0,22,0,0,3,0,3,0,10,15,0,25,0,0,0,25
01/07/2022,TWF,ID,ANM,WE,Combination Non-Radar Approach Control & Tower w/o Radar,0,18,3,0,21,0,0,9,0,9,0,18,12,0,30,6,0,6,36
01/08/2022,TWF,ID,ANM,WE,Combination Non-Radar Approach Control & Tower w/o Radar,0,14,5,0,19,0,1,37,0,38,0,15,42,0,57,4,0,4,61
01/09/2022,TWF,ID,ANM,WE,Combination Non-Radar Approach Control & Tower w/o Radar,0,6,13,0,19,0,0,33,2,35,0,6,46,2,54,18,0,18,72
01/10/2022,TWF,ID,ANM,WE,Combination Non-Radar Approach Control & Tower w/o Radar,0,8,6,1,15,0,0,27,0,27,0,8,33,1,42,48,0,48,90
01/11/2022,TWF,ID,ANM,WE,Combination Non-Radar Approach Control & Tower w/o Radar,0,13,4,0,17,0,1,38,0,39,0,14,42,0,56,90,2,92,148
01/12/2022,TWF,ID,ANM,WE,Combination Non-Radar Approach Control & Tower w/o Radar,0,17,4,4,25,0,0,50,0,50,0,17,54,4,75,32,0,32,107
01/13/2022,TWF,ID,ANM,WE,Combination Non-Radar Approach Control & Tower w/o Radar,0,11,4,5,20,0,2,38,5,45,0,13,42,10,65,50,10,60,125
01/14/2022,TWF,ID,ANM,WE,Combination Non-Radar Approach Control & Tower w/o Radar,0,12,6,0,18,0,1,23,0,24,0,13,29,0,42,26,0,26,68
01/15/2022,TWF,ID,ANM,WE,Combination Non-Radar Approach Control & Tower w/o Radar,0,7,1,0,8,0,0,0,0,0,0,7,1,0,8,0,0,0,8
01/16/2022,TWF,ID,ANM,WE,Combination Non-Radar Approach Control & Tower w/o Radar,0,7,5,0,12,0,0,0,0,0,0,7,5,0,12,0,0,0,12
01/17/2022,TWF,ID,ANM,WE,Combination Non-Radar Approach Control & Tower w/o Radar,0,10,1,0,11,0,0,18,0,18,0,10,19,0,29,12,0,12,41
01/18/2022,TWF,ID,ANM,WE,Combination Non-Radar Approach Control & Tower w/o Radar,0,6,5,0,11,0,0,0,0,0,0,6,5,0,11,0,0,0,11
01/19/2022,TWF,ID,ANM,WE,Combination Non-Radar Approach Control & Tower w/o Radar,0,18,9,0,27,0,0,0,0,0,0,18,9,0,27,0,0,0,27
01/20/2022,TWF,ID,ANM,WE,Combination Non-Radar Approach Control & Tower w/o Radar,0,17,12,0,29,0,0,4,0,4,0,17,16,0,33,26,0,26,59
01/21/2022,TWF,ID,ANM,WE,Combination Non-Radar Approach Control & Tower w/o Radar,0,16,14,0,30,0,0,0,0,0,0,16,14,0,30,0,0,0,30
01/22/2022,TWF,ID,ANM,WE,Combination Non-Radar Approach Control & Tower w/o Radar,0,11,4,0,15,0,0,3,0,3,0,11,7,0,18,10,0,10,28
01/23/2022,TWF,ID,ANM,WE,Combination Non-Radar Approach Control & Tower w/o Radar,0,4,17,0,21,0,0,3,0,3,0,4,20,0,24,0,0,0,24
01/24/2022,TWF,ID,ANM,WE,Combination Non-Radar Approach Control & Tower w/o Radar,0,8,14,0,22,0,0,0,0,0,0,8,14,0,22,0,0,0,22
01/25/2022,TWF,ID,ANM,WE,Combination Non-Radar Approach Control & Tower w/o Radar,0,10,9,0,19,0,0,2,0,2,0,10,11,0,21,0,0,0,21
01/26/2022,TWF,ID,ANM,WE,Combination Non-Radar Approach Control & Tower w/o Radar,0,12,5,0,17,0,0,28,0,28,0,12,33,0,45,64,0,64,109
01/27/2022,TWF,ID,ANM,WE,Combination Non-Radar Approach Control & Tower w/o Radar,0,16,14,0,30,0,0,14,0,14,0,16,28,0,44,56,0,56,100
01/28/2022,TWF,ID,ANM,WE,Combination Non-Radar Approach Control & Tower w/o Radar,0,15,4,0,19,0,1,43,0,44,0,16,47,0,63,80,0,80,143
01/29/2022,TWF,ID,ANM,WE,Combination Non-Radar Approach Control & Tower w/o Radar,0,7,8,0,15,0,2,39,0,41,0,9,47,0,56,46,0,46,102
01/30/2022,TWF,ID,ANM,WE,Combination Non-Radar Approach Control & Tower w/o Radar,0,1,5,0,6,0,0,12,0,12,0,1,17,0,18,14,0,14,32
01/31/2022,TWF,ID,ANM,WE,Combination Non-Radar Approach Control & Tower w/o Radar,0,14,3,0,17,0,0,16,0,16,0,14,19,0,33,16,0,16,49
02/01/2022,TWF,ID,ANM,WE,Combination Non-Radar Approach Control & Tower w/o Radar,0,4,2,0,6,0,0,11,0,11,0,4,13,0,17,4,0,4,21
02/02/2022,TWF,ID,ANM,WE,Combination Non-Radar Approach Control & Tower w/o Radar,0,11,5,0,16,0,0,6,0,6,0,11,11,0,22,0,0,0,22
02/03/2022,TWF,ID,ANM,WE,Combination Non-Radar Approach Control & Tower w/o Radar,0,14,4,3,21,0,0,18,5,23,0,14,22,8,44,50,0,50,94
02/04/2022,TWF,ID,ANM,WE,Combination Non-Radar Approach Control & Tower w/o Radar,0,15,4,0,19,0,0,45,0,45,0,15,49,0,64,102,0,102,166
02/05/2022,TWF,ID,ANM,WE,Combination Non-Radar Approach Control & Tower w/o Radar,0,9,6,0,15,0,3,26,0,29,0,12,32,0,44,30,0,30,74
02/06/2022,TWF,ID,ANM,WE,Combination Non-Radar Approach Control & Tower w/o Radar,0,4,4,0,8,0,0,30,0,30,0,4,34,0,38,10,0,10,48
02/07/2022,TWF,ID,ANM,WE,Combination Non-Radar Approach Control & Tower w/o Radar,1,7,6,1,15,0,0,20,1,21,1,7,26,2,36,10,0,10,46
02/08/2022,TWF,ID,ANM,WE,Combination Non-Radar Approach Control & Tower w/o Radar,0,6,4,0,10,0,0,43,0,43,0,6,47,0,53,58,0,58,111
02/09/2022,TWF,ID,ANM,WE,Combination Non-Radar Approach Control & Tower w/o Radar,0,10,9,2,21,0,0,48,0,48,0,10,57,2,69,58,0,58,127
02/10/2022,TWF,ID,ANM,WE,Combination Non-Radar Approach Control & Tower w/o Radar,0,14,7,0,21,0,0,57,1,58,0,14,64,1,79,58,0,58,137
02/11/2022,TWF,ID,ANM,WE,Combination Non-Radar Approach Control & Tower w/o Radar,0,12,7,0,19,0,2,48,2,52,0,14,55,2,71,24,0,24,95
02/12/2022,TWF,ID,ANM,WE,Combination Non-Radar Approach Control & Tower w/o Radar,0,9,5,0,14,0,0,30,0,30,0,9,35,0,44,10,0,10,54
02/13/2022,TWF,ID,ANM,WE,Combination Non-Radar Approach Control & Tower w/o Radar,0,4,1,0,5,0,0,45,0,45,0,4,46,0,50,6,0,6,56
02/14/2022,TWF,ID,ANM,WE,Combination Non-Radar Approach Control & Tower w/o Radar,0,11,4,0,15,0,0,31,0,31,0,11,35,0,46,42,6,48,94
02/15/2022,TWF,ID,ANM,WE,Combination Non-Radar Approach Control & Tower w/o Radar,0,14,6,0,20,0,0,9,0,9,0,14,15,0,29,32,0,32,61
02/16/2022,TWF,ID,ANM,WE,Combination Non-Radar Approach Control & Tower w/o Radar,0,12,4,2,18,0,0,10,0,10,0,12,14,2,28,0,2,2,30
02/17/2022,TWF,ID,ANM,WE,Combination Non-Radar Approach Control & Tower w/o Radar,0,17,6,0,23,0,0,35,0,35,0,17,41,0,58,72,0,72,130
02/18/2022,TWF,ID,ANM,WE,Combination Non-Radar Approach Control & Tower w/o Radar,0,11,6,0,17,0,0,68,4,72,0,11,74,4,89,50,2,52,141
02/19/2022,TWF,ID,ANM,WE,Combination Non-Radar Approach Control & Tower w/o Radar,0,18,6,0,24,0,0,41,0,41,0,18,47,0,65,38,0,38,103
02/20/2022,TWF,ID,ANM,WE,Combination Non-Radar Approach Control & Tower w/o Radar,2,16,3,0,21,0,0,11,0,11,2,16,14,0,32,0,0,0,32
02/21/2022,TWF,ID,ANM,WE,Combination Non-Radar Approach Control & Tower w/o Radar,0,14,3,0,17,0,0,22,0,22,0,14,25,0,39,43,0,43,82
02/22/2022,TWF,ID,ANM,WE,Combination Non-Radar Approach Control & Tower w/o Radar,2,11,2,1,16,0,0,8,1,9,2,11,10,2,25,0,4,4,29
02/23/2022,TWF,ID,ANM,WE,Combination Non-Radar Approach Control & Tower w/o Radar,0,15,2,0,17,0,0,4,0,4,0,15,6,0,21,8,0,8,29
02/24/2022,TWF,ID,ANM,WE,Combination Non-Radar Approach Control & Tower w/o Radar,0,24,12,0,36,0,0,11,0,11,0,24,23,0,47,36,0,36,83
02/25/2022,TWF,ID,ANM,WE,Combination Non-Radar Approach Control & Tower w/o Radar,0,19,10,0,29,0,0,27,2,29,0,19,37,2,58,67,0,67,125
02/26/2022,TWF,ID,ANM,WE,Combination Non-Radar Approach Control & Tower w/o Radar,0,13,2,1,16,0,1,31,2,34,0,14,33,3,50,26,0,26,76
02/27/2022,TWF,ID,ANM,WE,Combination Non-Radar Approach Control & Tower w/o Radar,0,6,4,0,10,0,0,32,1,33,0,6,36,1,43,22,0,22,65
02/28/2022,TWF,ID,ANM,WE,Combination Non-Radar Approach Control & Tower w/o Radar,0,10,11,0,21,0,0,41,1,42,0,10,52,1,63,52,0,52,115
03/01/2022,TWF,ID,ANM,WE,Combination Non-Radar Approach Control & Tower w/o Radar,0,10,6,0,16,0,0,49,0,49,0,10,55,0,65,46,0,46,111
03/02/2022,TWF,ID,ANM,WE,Combination Non-Radar Approach Control & Tower w/o Radar,0,16,8,0,24,0,0,52,0,52,0,16,60,0,76,50,0,50,126
03/03/2022,TWF,ID,ANM,WE,Combination Non-Radar Approach Control & Tower w/o Radar,0,13,3,0,16,0,0,63,0,63,0,13,66,0,79,112,0,112,191
03/04/2022,TWF,ID,ANM,WE,Combination Non-Radar Approach Control & Tower w/o Radar,4,38,23,0,65,0,0,32,0,32,4,38,55,0,97,42,0,42,139
03/05/2022,TWF,ID,ANM,WE,Combination Non-Radar Approach Control & Tower w/o Radar,1,24,6,0,31,0,0,3,0,3,1,24,9,0,34,0,0,0,34
03/06/2022,TWF,ID,ANM,WE,Combination Non-Radar Approach Control & Tower w/o Radar,0,1,3,0,4,0,1,1,0,2,0,2,4,0,6,0,0,0,6
03/07/2022,TWF,ID,ANM,WE,Combination Non-Radar Approach Control & Tower w/o Radar,0,6,8,8,22,0,0,46,0,46,0,6,54,8,68,82,0,82,150
03/08/2022,TWF,ID,ANM,WE,Combination Non-Radar Approach Control & Tower w/o Radar,2,15,7,1,25,0,0,13,0,13,2,15,20,1,38,34,0,34,72
03/09/2022,TWF,ID,ANM,WE,Combination Non-Radar Approach Control & Tower w/o Radar,0,19,9,0,28,0,0,2,0,2,0,19,11,0,30,0,0,0,30
03/10/2022,TWF,ID,ANM,WE,Combination Non-Radar Approach Control & Tower w/o Radar,0,10,3,3,16,0,0,49,0,49,0,10,52,3,65,92,6,98,163
03/11/2022,TWF,ID,ANM,WE,Combination Non-Radar Approach Control & Tower w/o Radar,0,14,7,0,21,0,2,55,0,57,0,16,62,0,78,38,0,38,116
03/12/2022,TWF,ID,ANM,WE,Combination Non-Radar Approach Control & Tower w/o Radar,0,9,10,0,19,0,2,34,1,37,0,11,44,1,56,46,0,46,102
03/13/2022,TWF,ID,ANM,WE,Combination Non-Radar Approach Control & Tower w/o Radar,0,4,0,0,4,0,0,5,0,5,0,4,5,0,9,6,0,6,15
03/14/2022,TWF,ID,ANM,WE,Combination Non-Radar Approach Control & Tower w/o Radar,0,12,4,0,16,0,0,33,0,33,0,12,37,0,49,58,0,58,107
03/15/2022,TWF,ID,ANM,WE,Combination Non-Radar Approach Control & Tower w/o Radar,0,28,10,0,38,0,0,22,0,22,0,28,32,0,60,50,0,50,110
03/16/2022,TWF,ID,ANM,WE,Combination Non-Radar Approach Control & Tower w/o Radar,0,9,15,0,24,0,0,64,0,64,0,9,79,0,88,16,0,16,104
03/17/2022,TWF,ID,ANM,WE,Combination Non-Radar Approach Control & Tower w/o Radar,0,15,16,3,34,0,0,89,0,89,0,15,105,3,123,34,10,44,167
03/18/2022,TWF,ID,ANM,WE,Combination Non-Radar Approach Control & Tower w/o Radar,0,13,6,0,19,0,0,63,1,64,0,13,69,1,83,48,0,48,131
03/19/2022,TWF,ID,ANM,WE,Combination Non-Radar Approach Control & Tower w/o Radar,0,8,3,0,11,0,0,9,0,9,0,8,12,0,20,0,0,0,20
03/20/2022,TWF,ID,ANM,WE,Combination Non-Radar Approach Control & Tower w/o Radar,0,9,1,0,10,0,0,6,0,6,0,9,7,0,16,2,0,2,18
03/21/2022,TWF,ID,ANM,WE,Combination Non-Radar Approach Control & Tower w/o Radar,0,6,4,0,10,0,0,34,0,34,0,6,38,0,44,48,0,48,92
03/22/2022,TWF,ID,ANM,WE,Combination Non-Radar Approach Control & Tower w/o Radar,0,4,2,0,6,0,0,43,0,43,0,4,45,0,49,34,0,34,83
03/23/2022,TWF,ID,ANM,WE,Combination Non-Radar Approach Control & Tower w/o Radar,0,12,3,0,15,0,1,50,4,55,0,13,53,4,70,32,0,32,102
03/24/2022,TWF,ID,ANM,WE,Combination Non-Radar Approach Control & Tower w/o Radar,0,13,4,0,17,0,0,50,0,50,0,13,54,0,67,38,0,38,105
03/25/2022,TWF,ID,ANM,WE,Combination Non-Radar Approach Control & Tower w/o Radar,0,9,1,0,10,0,1,82,0,83,0,10,83,0,93,66,0,66,159
03/26/2022,TWF,ID,ANM,WE,Combination Non-Radar Approach Control & Tower w/o Radar,0,10,1,0,11,0,0,61,0,61,0,10,62,0,72,16,0,16,88
03/27/2022,TWF,ID,ANM,WE,Combination Non-Radar Approach Control & Tower w/o Radar,0,1,4,0,5,0,0,38,0,38,0,1,42,0,43,32,0,32,75
03/28/2022,TWF,ID,ANM,WE,Combination Non-Radar Approach Control & Tower w/o Radar,0,13,6,0,19,0,0,27,0,27,0,13,33,0,46,50,0,50,96
03/29/2022,TWF,ID,ANM,WE,Combination Non-Radar Approach Control & Tower w/o Radar,0,19,6,0,25,0,0,30,4,34,0,19,36,4,59,40,0,40,99
03/30/2022,TWF,ID,ANM,WE,Combination Non-Radar Approach Control & Tower w/o Radar,0,13,5,0,18,0,1,30,0,31,0,14,35,0,49,36,0,36,85
03/31/2022,TWF,ID,ANM,WE,Combination Non-Radar Approach Control & Tower w/o Radar,0,11,8,1,20,0,0,22,1,23,0,11,30,2,43,30,0,30,73
04/01/2022,TWF,ID,ANM,WE,Combination Non-Radar Approach Control & Tower w/o Radar,0,11,6,0,17,0,0,42,0,42,0,11,48,0,59,82,0,82,141
04/02/2022,TWF,ID,ANM,WE,Combination Non-Radar Approach Control & Tower w/o Radar,0,8,1,0,9,0,0,35,0,35,0,8,36,0,44,30,0,30,74
04/03/2022,TWF,ID,ANM,WE,Combination Non-Radar Approach Control & Tower w/o Radar,0,2,0,0,2,0,0,37,0,37,0,2,37,0,39,15,0,15,54
04/04/2022,TWF,ID,ANM,WE,Combination Non-Radar Approach Control & Tower w/o Radar,0,9,5,2,16,0,0,6,0,6,0,9,11,2,22,40,0,40,62
04/05/2022,TWF,ID,ANM,WE,Combination Non-Radar Approach Control & Tower w/o Radar,0,11,10,2,23,0,0,8,0,8,0,11,18,2,31,22,0,22,53
04/06/2022,TWF,ID,ANM,WE,Combination Non-Radar Approach Control & Tower w/o Radar,0,13,7,1,21,0,0,36,0,36,0,13,43,1,57,102,0,102,159
04/07/2022,TWF,ID,ANM,WE,Combination Non-Radar Approach Control & Tower w/o Radar,0,11,8,0,19,0,0,76,0,76,0,11,84,0,95,98,0,98,193
04/08/2022,TWF,ID,ANM,WE,Combination Non-Radar Approach Control & Tower w/o Radar,0,12,6,0,18,0,0,55,1,56,0,12,61,1,74,138,0,138,212
04/09/2022,TWF,ID,ANM,WE,Combination Non-Radar Approach Control & Tower w/o Radar,0,10,4,3,17,0,0,5,1,6,0,10,9,4,23,0,20,20,43
04/10/2022,TWF,ID,ANM,WE,Combination Non-Radar Approach Control & Tower w/o Radar,0,2,4,4,10,0,0,3,0,3,0,2,7,4,13,0,0,0,13
04/11/2022,TWF,ID,ANM,WE,Combination Non-Radar Approach Control & Tower w/o Radar,0,4,0,0,4,0,0,3,0,3,0,4,3,0,7,0,0,0,7
04/12/2022,TWF,ID,ANM,WE,Combination Non-Radar Approach Control & Tower w/o Radar,1,17,3,2,23,0,0,4,0,4,1,17,7,2,27,0,0,0,27
04/13/2022,TWF,ID,ANM,WE,Combination Non-Radar Approach Control & Tower w/o Radar,2,10,2,0,14,0,0,16,0,16,2,10,18,0,30,22,0,22,52
04/14/2022,TWF,ID,ANM,WE,Combination Non-Radar Approach Control & Tower w/o Radar,0,17,4,2,23,0,0,12,0,12,0,17,16,2,35,36,0,36,71
04/15/2022,TWF,ID,ANM,WE,Combination Non-Radar Approach Control & Tower w/o Radar,0,11,6,1,18,0,0,45,3,48,0,11,51,4,66,52,0,52,118
04/16/2022,TWF,ID,ANM,WE,Combination Non-Radar Approach Control & Tower w/o Radar,0,11,3,0,14,0,0,19,0,19,0,11,22,0,33,38,0,38,71
04/17/2022,TWF,ID,ANM,WE,Combination Non-Radar Approach Control & Tower w/o Radar,0,2,2,0,4,0,0,24,0,24,0,2,26,0,28,10,0,10,38
04/18/2022,TWF,ID,ANM,WE,Combination Non-Radar Approach Control & Tower w/o Radar,0,3,7,0,10,0,0,28,0,28,0,3,35,0,38,28,0,28,66
04/19/2022,TWF,ID,ANM,WE,Combination Non-Radar Approach Control & Tower w/o Radar,0,13,4,6,23,0,0,11,0,11,0,13,15,6,34,12,0,12,46
04/20/2022,TWF,ID,ANM,WE,Combination Non-Radar Approach Control & Tower w/o Radar,0,7,3,1,11,0,0,20,1,21,0,7,23,2,32,20,0,20,52
04/21/2022,TWF,ID,ANM,WE,Combination Non-Radar Approach Control & Tower w/o Radar,0,14,17,0,31,0,0,29,0,29,0,14,46,0,60,82,0,82,142
04/22/2022,TWF,ID,ANM,WE,Combination Non-Radar Approach Control & Tower w/o Radar,0,13,7,0,20,0,0,14,0,14,0,13,21,0,34,24,0,24,58
04/23/2022,TWF,ID,ANM,WE,Combination Non-Radar Approach Control & Tower w/o Radar,2,4,3,0,9,0,0,36,1,37,2,4,39,1,46,26,0,26,72
04/24/2022,TWF,ID,ANM,WE,Combination Non-Radar Approach Control & Tower w/o Radar,0,3,8,0,11,0,0,60,0,60,0,3,68,0,71,4,0,4,75
04/25/2022,TWF,ID,ANM,WE,Combination Non-Radar Approach Control & Tower w/o Radar,0,8,15,1,24,0,0,66,0,66,0,8,81,1,90,68,0,68,158
04/26/2022,TWF,ID,ANM,WE,Combination Non-Radar Approach Control & Tower w/o Radar,0,9,8,0,17,0,0,33,0,33,0,9,41,0,50,20,0,20,70
04/27/2022,TWF,ID,ANM,WE,Combination Non-Radar Approach Control & Tower w/o Radar,0,12,19,0,31,0,0,41,0,41,0,12,60,0,72,50,0,50,122
04/28/2022,TWF,ID,ANM,WE,Combination Non-Radar Approach Control & Tower w/o Radar,0,9,15,0,24,0,0,26,0,26,0,9,41,0,50,50,0,50,100
04/29/2022,TWF,ID,ANM,WE,Combination Non-Radar Approach Control & Tower w/o Radar,0,11,12,0,23,0,0,23,0,23,0,11,35,0,46,92,0,92,138
04/30/2022,TWF,ID,ANM,WE,Combination Non-Radar Approach Control & Tower w/o Radar,0,6,1,0,7,0,0,42,0,42,0,6,43,0,49,111,0,111,160
05/01/2022,TWF,ID,ANM,WE,Combination Non-Radar Approach Control & Tower w/o Radar,0,11,10,0,21,0,0,7,0,7,0,11,17,0,28,64,0,64,92
05/02/2022,TWF,ID,ANM,WE,Combination Non-Radar Approach Control & Tower w/o Radar,0,13,8,0,21,0,0,41,0,41,0,13,49,0,62,110,0,110,172
05/03/2022,TWF,ID,ANM,WE,Combination Non-Radar Approach Control & Tower w/o Radar,0,20,15,0,35,0,0,4,0,4,0,20,19,0,39,56,0,56,95
05/04/2022,TWF,ID,ANM,WE,Combination Non-Radar Approach Control & Tower w/o Radar,0,17,12,2,31,0,2,71,0,73,0,19,83,2,104,112,0,112,216
05/05/2022,TWF,ID,ANM,WE,Combination Non-Radar Approach Control & Tower w/o Radar,0,11,8,4,23,0,0,30,1,31,0,11,38,5,54,42,0,42,96
05/06/2022,TWF,ID,ANM,WE,Combination Non-Radar Approach Control & Tower w/o Radar,0,21,7,0,28,0,0,35,0,35,0,21,42,0,63,58,0,58,121
05/07/2022,TWF,ID,ANM,WE,Combination Non-Radar Approach Control & Tower w/o Radar,0,6,10,0,16,0,0,7,0,7,0,6,17,0,23,8,0,8,31
05/08/2022,TWF,ID,ANM,WE,Combination Non-Radar Approach Control & Tower w/o Radar,0,5,3,0,8,0,0,4,0,4,0,5,7,0,12,0,0,0,12
05/09/2022,TWF,ID,ANM,WE,Combination Non-Radar Approach Control & Tower w/o Radar,0,12,14,0,26,0,0,14,0,14,0,12,28,0,40,12,0,12,52
05/10/2022,TWF,ID,ANM,WE,Combination Non-Radar Approach Control & Tower w/o Radar,0,9,10,0,19,0,0,40,0,40,0,9,50,0,59,44,0,44,103
05/11/2022,TWF,ID,ANM,WE,Combination Non-Radar Approach Control & Tower w/o Radar,0,16,6,0,22,0,1,42,0,43,0,17,48,0,65,52,0,52,117
05/12/2022,TWF,ID,ANM,WE,Combination Non-Radar Approach Control & Tower w/o Radar,0,14,6,4,24,0,0,23,2,25,0,14,29,6,49,48,16,64,113
05/13/2022,TWF,ID,ANM,WE,Combination Non-Radar Approach Control & Tower w/o Radar,0,18,10,1,29,0,0,49,0,49,0,18,59,1,78,52,0,52,130
05/14/2022,TWF,ID,ANM,WE,Combination Non-Radar Approach Control & Tower w/o Radar,0,5,3,0,8,0,0,31,0,31,0,5,34,0,39,58,0,58,97
05/15/2022,TWF,ID,ANM,WE,Combination Non-Radar Approach Control & Tower w/o Radar,0,5,5,1,11,0,0,46,1,47,0,5,51,2,58,4,0,4,62
05/16/2022,TWF,ID,ANM,WE,Combination Non-Radar Approach Control & Tower w/o Radar,0,9,1,0,10,0,0,18,0,18,0,9,19,0,28,0,0,0,28
05/17/2022,TWF,ID,ANM,WE,Combination Non-Radar Approach Control & Tower w/o Radar,0,12,11,0,23,0,0,54,0,54,0,12,65,0,77,82,0,82,159
05/18/2022,TWF,ID,ANM,WE,Combination Non-Radar Approach Control & Tower w/o Radar,0,12,6,0,18,0,1,43,0,44,0,13,49,0,62,54,0,54,116
05/19/2022,TWF,ID,ANM,WE,Combination Non-Radar Approach Control & Tower w/o Radar,0,13,6,0,19,0,0,3,0,3,0,13,9,0,22,0,0,0,22
05/20/2022,TWF,ID,ANM,WE,Combination Non-Radar Approach Control & Tower w/o Radar,0,11,1,2,14,0,5,78,0,83,0,16,79,2,97,90,0,90,187
05/21/2022,TWF,ID,ANM,WE,Combination Non-Radar Approach Control & Tower w/o Radar,0,4,5,5,14,0,0,40,8,48,0,4,45,13,62,26,0,26,88
05/22/2022,TWF,ID,ANM,WE,Combination Non-Radar Approach Control & Tower w/o Radar,0,4,6,0,10,0,0,10,0,10,0,4,16,0,20,0,0,0,20
05/23/2022,TWF,ID,ANM,WE,Combination Non-Radar Approach Control & Tower w/o Radar,1,8,6,0,15,0,2,43,0,45,1,10,49,0,60,68,0,68,128
05/24/2022,TWF,ID,ANM,WE,Combination Non-Radar Approach Control & Tower w/o Radar,0,14,2,0,16,0,0,38,0,38,0,14,40,0,54,46,0,46,100
05/25/2022,TWF,ID,ANM,WE,Combination Non-Radar Approach Control & Tower w/o Radar,0,11,7,0,18,0,2,65,0,67,0,13,72,0,85,78,0,78,163
05/26/2022,TWF,ID,ANM,WE,Combination Non-Radar Approach Control & Tower w/o Radar,0,12,5,0,17,0,0,42,0,42,0,12,47,0,59,98,0,98,157
05/27/2022,TWF,ID,ANM,WE,Combination Non-Radar Approach Control & Tower w/o Radar,0,13,4,0,17,0,2,37,0,39,0,15,41,0,56,56,0,56,112
05/28/2022,TWF,ID,ANM,WE,Combination Non-Radar Approach Control & Tower w/o Radar,0,8,0,0,8,0,0,4,0,4,0,8,4,0,12,4,0,4,16
05/29/2022,TWF,ID,ANM,WE,Combination Non-Radar Approach Control & Tower w/o Radar,0,4,1,0,5,0,0,2,0,2,0,4,3,0,7,0,0,0,7
05/30/2022,TWF,ID,ANM,WE,Combination Non-Radar Approach Control & Tower w/o Radar,0,7,2,0,9,0,0,7,0,7,0,7,9,0,16,0,0,0,16
05/31/2022,TWF,ID,ANM,WE,Combination Non-Radar Approach Control & Tower w/o Radar,0,11,11,0,22,0,0,36,0,36,0,11,47,0,58,4,0,4,62
06/01/2022,TWF,ID,ANM,WE,Combination Non-Radar Approach Control & Tower w/o Radar,0,10,13,0,23,0,0,57,0,57,0,10,70,0,80,58,0,58,138
06/02/2022,TWF,ID,ANM,WE,Combination Non-Radar Approach Control & Tower w/o Radar,0,8,8,1,17,0,2,64,1,67,0,10,72,2,84,86,0,86,170
06/03/2022,TWF,ID,ANM,WE,Combination Non-Radar Approach Control & Tower w/o Radar,0,13,5,0,18,0,0,68,0,68,0,13,73,0,86,100,0,100,186
06/04/2022,TWF,ID,ANM,WE,Combination Non-Radar Approach Control & Tower w/o Radar,0,9,5,0,14,0,0,39,8,47,0,9,44,8,61,24,0,24,85
06/05/2022,TWF,ID,ANM,WE,Combination Non-Radar Approach Control & Tower w/o Radar,0,2,5,0,7,0,0,19,1,20,0,2,24,1,27,22,0,22,49
06/06/2022,TWF,ID,ANM,WE,Combination Non-Radar Approach Control & Tower w/o Radar,0,5,7,2,14,0,0,40,3,43,0,5,47,5,57,64,0,64,121
06/07/2022,TWF,ID,ANM,WE,Combination Non-Radar Approach Control & Tower w/o Radar,0,12,5,0,17,0,0,47,0,47,0,12,52,0,64,44,0,44,108
06/08/2022,TWF,ID,ANM,WE,Combination Non-Radar Approach Control & Tower w/o Radar,0,10,3,0,13,0,1,51,1,53,0,11,54,1,66,78,0,78,144
06/09/2022,TWF,ID,ANM,WE,Combination Non-Radar Approach Control & Tower w/o Radar,0,10,11,0,21,0,0,60,0,60,0,10,71,0,81,108,0,108,189
06/10/2022,TWF,ID,ANM,WE,Combination Non-Radar Approach Control & Tower w/o Radar,0,9,2,0,11,0,0,55,0,55,0,9,57,0,66,60,0,60,126
06/11/2022,TWF,ID,ANM,WE,Combination Non-Radar Approach Control & Tower w/o Radar,0,6,7,0,13,0,1,40,0,41,0,7,47,0,54,48,0,48,102
06/12/2022,TWF,ID,ANM,WE,Combination Non-Radar Approach Control & Tower w/o Radar,0,4,6,0,10,0,0,11,0,11,0,4,17,0,21,0,0,0,21
06/13/2022,TWF,ID,ANM,WE,Combination Non-Radar Approach Control & Tower w/o Radar,0,6,4,4,14,0,1,28,0,29,0,7,32,4,43,36,12,48,91
06/14/2022,TWF,ID,ANM,WE,Combination Non-Radar Approach Control & Tower w/o Radar,0,15,7,5,27,0,0,34,11,45,0,15,41,16,72,14,8,22,94
06/15/2022,TWF,ID,ANM,WE,Combination Non-Radar Approach Control & Tower w/o Radar,1,13,3,0,17,0,2,31,0,33,1,15,34,0,50,52,0,52,102
06/16/2022,TWF,ID,ANM,WE,Combination Non-Radar Approach Control & Tower w/o Radar,0,9,7,0,16,0,1,36,4,41,0,10,43,4,57,62,0,62,119
06/17/2022,TWF,ID,ANM,WE,Combination Non-Radar Approach Control & Tower w/o Radar,0,19,9,0,28,0,1,20,0,21,0,20,29,0,49,14,0,14,63
06/18/2022,TWF,ID,ANM,WE,Combination Non-Radar Approach Control & Tower w/o Radar,0,9,9,1,19,0,2,53,1,56,0,11,62,2,75,32,0,32,107
06/19/2022,TWF,ID,ANM,WE,Combination Non-Radar Approach Control & Tower w/o Radar,1,4,3,0,8,0,0,21,0,21,1,4,24,0,29,0,0,0,29
06/20/2022,TWF,ID,ANM,WE,Combination Non-Radar Approach Control & Tower w/o Radar,1,9,3,0,13,0,0,29,0,29,1,9,32,0,42,34,0,34,76
06/21/2022,TWF,ID,ANM,WE,Combination Non-Radar Approach Control & Tower w/o Radar,0,10,4,0,14,0,0,40,0,40,0,10,44,0,54,6,0,6,60
06/22/2022,TWF,ID,ANM,WE,Combination Non-Radar Approach Control & Tower w/o Radar,1,10,4,1,16,0,0,62,1,63,1,10,66,2,79,60,18,78,157
06/23/2022,TWF,ID,ANM,WE,Combination Non-Radar Approach Control & Tower w/o Radar,1,8,6,0,15,0,0,45,0,45,1,8,51,0,60,66,0,66,126
06/24/2022,TWF,ID,ANM,WE,Combination Non-Radar Approach Control & Tower w/o Radar,0,13,6,0,19,0,17,37,0,54,0,30,43,0,73,18,0,18,91
06/25/2022,TWF,ID,ANM,WE,Combination Non-Radar Approach Control & Tower w/o Radar,0,13,7,0,20,0,2,65,0,67,0,15,72,0,87,64,0,64,151
06/26/2022,TWF,ID,ANM,WE,Combination Non-Radar Approach Control & Tower w/o Radar,0,0,0,0,0,0,0,0,0,0,0,0,0,0,0,0,0,0,0
06/27/2022,TWF,ID,ANM,WE,Combination Non-Radar Approach Control & Tower w/o Radar,0,7,5,0,12,2,1,23,0,26,2,8,28,0,38,16,0,16,54
06/28/2022,TWF,ID,ANM,WE,Combination Non-Radar Approach Control & Tower w/o Radar,2,8,7,2,19,2,1,35,0,38,4,9,42,2,57,30,0,30,87
06/29/2022,TWF,ID,ANM,WE,Combination Non-Radar Approach Control & Tower w/o Radar,0,11,4,1,16,11,0,90,2,103,11,11,94,3,119,104,0,104,223
06/30/2022,TWF,ID,ANM,WE,Combination Non-Radar Approach Control & Tower w/o Radar,1,6,2,0,9,0,4,50,0,54,1,10,52,0,63,58,0,58,121
07/01/2022,TWF,ID,ANM,WE,Combination Non-Radar Approach Control & Tower w/o Radar,0,9,8,0,17,8,6,70,0,84,8,15,78,0,101,100,0,100,201
07/02/2022,TWF,ID,ANM,WE,Combination Non-Radar Approach Control & Tower w/o Radar,1,16,3,0,20,6,12,39,0,57,7,28,42,0,77,52,0,52,129
07/03/2022,TWF,ID,ANM,WE,Combination Non-Radar Approach Control & Tower w/o Radar,0,5,4,0,9,0,0,20,0,20,0,5,24,0,29,18,0,18,47
07/04/2022,TWF,ID,ANM,WE,Combination Non-Radar Approach Control & Tower w/o Radar,0,1,2,0,3,0,1,27,0,28,0,2,29,0,31,0,0,0,31
07/05/2022,TWF,ID,ANM,WE,Combination Non-Radar Approach Control & Tower w/o Radar,0,36,24,1,61,2,0,38,4,44,2,36,62,5,105,38,0,38,143
07/06/2022,TWF,ID,ANM,WE,Combination Non-Radar Approach Control & Tower w/o Radar,0,17,19,2,38,0,1,50,2,53,0,18,69,4,91,98,0,98,189
07/07/2022,TWF,ID,ANM,WE,Combination Non-Radar Approach Control & Tower w/o Radar,0,15,11,3,29,0,0,54,2,56,0,15,65,5,85,65,4,69,154
07/08/2022,TWF,ID,ANM,WE,Combination Non-Radar Approach Control & Tower w/o Radar,0,21,7,1,29,1,2,58,4,65,1,23,65,5,94,52,0,52,146
07/09/2022,TWF,ID,ANM,WE,Combination Non-Radar Approach Control & Tower w/o Radar,0,14,7,0,21,2,1,62,0,65,2,15,69,0,86,44,0,44,130
07/10/2022,TWF,ID,ANM,WE,Combination Non-Radar Approach Control & Tower w/o Radar,0,3,4,0,7,3,0,29,0,32,3,3,33,0,39,6,0,6,45
07/11/2022,TWF,ID,ANM,WE,Combination Non-Radar Approach Control & Tower w/o Radar,0,3,1,0,4,0,0,18,1,19,0,3,19,1,23,0,0,0,23
07/12/2022,TWF,ID,ANM,WE,Combination Non-Radar Approach Control & Tower w/o Radar,0,5,7,1,13,0,11,81,0,92,0,16,88,1,105,64,8,72,177
07/13/2022,TWF,ID,ANM,WE,Combination Non-Radar Approach Control & Tower w/o Radar,3,7,5,0,15,12,1,41,0,54,15,8,46,0,69,6,0,6,75
07/14/2022,TWF,ID,ANM,WE,Combination Non-Radar Approach Control & Tower w/o Radar,0,9,1,2,12,53,15,54,0,122,53,24,55,2,134,54,18,72,206
07/15/2022,TWF,ID,ANM,WE,Combination Non-Radar Approach Control & Tower w/o Radar,0,9,0,0,9,75,0,36,0,111,75,9,36,0,120,22,0,22,142
07/16/2022,TWF,ID,ANM,WE,Combination Non-Radar Approach Control & Tower w/o Radar,0,3,1,0,4,2,2,50,0,54,2,5,51,0,58,72,0,72,130
07/17/2022,TWF,ID,ANM,WE,Combination Non-Radar Approach Control & Tower w/o Radar,2,3,2,0,7,2,0,26,0,28,4,3,28,0,35,8,0,8,43
07/18/2022,TWF,ID,ANM,WE,Combination Non-Radar Approach Control & Tower w/o Radar,0,6,8,2,16,0,20,28,0,48,0,26,36,2,64,52,16,68,132
07/19/2022,TWF,ID,ANM,WE,Combination Non-Radar Approach Control & Tower w/o Radar,1,8,4,1,14,0,10,55,1,66,1,18,59,2,80,118,0,118,198
07/20/2022,TWF,ID,ANM,WE,Combination Non-Radar Approach Control & Tower w/o Radar,0,12,7,0,19,1,0,48,0,49,1,12,55,0,68,104,0,104,172
07/21/2022,TWF,ID,ANM,WE,Combination Non-Radar Approach Control & Tower w/o Radar,0,8,4,0,12,1,0,61,0,62,1,8,65,0,74,70,0,70,144
07/22/2022,TWF,ID,ANM,WE,Combination Non-Radar Approach Control & Tower w/o Radar,0,10,2,0,12,0,0,52,0,52,0,10,54,0,64,54,0,54,118
07/23/2022,TWF,ID,ANM,WE,Combination Non-Radar Approach Control & Tower w/o Radar,0,8,5,0,13,2,0,47,0,49,2,8,52,0,62,28,0,28,90
07/24/2022,TWF,ID,ANM,WE,Combination Non-Radar Approach Control & Tower w/o Radar,0,1,5,0,6,0,0,28,0,28,0,1,33,0,34,2,0,2,36
07/25/2022,TWF,ID,ANM,WE,Combination Non-Radar Approach Control & Tower w/o Radar,0,7,4,0,11,0,2,66,4,72,0,9,70,4,83,24,0,24,107
07/26/2022,TWF,ID,ANM,WE,Combination Non-Radar Approach Control & Tower w/o Radar,0,6,10,1,17,0,0,61,2,63,0,6,71,3,80,38,0,38,118
07/27/2022,TWF,ID,ANM,WE,Combination Non-Radar Approach Control & Tower w/o Radar,0,7,3,2,12,0,2,52,0,54,0,9,55,2,66,40,12,52,118
07/28/2022,TWF,ID,ANM,WE,Combination Non-Radar Approach Control & Tower w/o Radar,0,10,7,1,18,0,4,63,1,68,0,14,70,2,86,34,3,37,123
07/29/2022,TWF,ID,ANM,WE,Combination Non-Radar Approach Control & Tower w/o Radar,0,8,8,0,16,0,0,39,0,39,0,8,47,0,55,34,0,34,89
07/30/2022,TWF,ID,ANM,WE,Combination Non-Radar Approach Control & Tower w/o Radar,0,6,2,0,8,0,0,90,0,90,0,6,92,0,98,26,0,26,124
07/31/2022,TWF,ID,ANM,WE,Combination Non-Radar Approach Control & Tower w/o Radar,0,3,2,0,5,0,0,28,0,28,0,3,30,0,33,8,0,8,41
08/01/2022,TWF,ID,ANM,WE,Combination Non-Radar Approach Control & Tower w/o Radar,0,4,6,0,10,1,1,27,0,29,1,5,33,0,39,52,0,52,91
08/02/2022,TWF,ID,ANM,WE,Combination Non-Radar Approach Control & Tower w/o Radar,0,7,5,0,12,0,2,26,0,28,0,9,31,0,40,36,0,36,76
08/03/2022,TWF,ID,ANM,WE,Combination Non-Radar Approach Control & Tower w/o Radar,0,7,4,1,12,1,1,62,4,68,1,8,66,5,80,74,0,74,154
08/04/2022,TWF,ID,ANM,WE,Combination Non-Radar Approach Control & Tower w/o Radar,0,6,1,2,9,0,0,56,4,60,0,6,57,6,69,46,0,46,115
08/05/2022,TWF,ID,ANM,WE,Combination Non-Radar Approach Control & Tower w/o Radar,0,8,1,0,9,0,0,43,1,44,0,8,44,1,53,64,0,64,117
08/06/2022,TWF,ID,ANM,WE,Combination Non-Radar Approach Control & Tower w/o Radar,0,7,1,2,10,0,0,27,9,36,0,7,28,11,46,64,0,64,110
08/07/2022,TWF,ID,ANM,WE,Combination Non-Radar Approach Control & Tower w/o Radar,0,0,2,0,2,0,0,6,0,6,0,0,8,0,8,0,0,0,8
08/08/2022,TWF,ID,ANM,WE,Combination Non-Radar Approach Control & Tower w/o Radar,0,8,5,0,13,0,8,55,0,63,0,16,60,0,76,36,2,38,114
08/09/2022,TWF,ID,ANM,WE,Combination Non-Radar Approach Control & Tower w/o Radar,0,12,9,2,23,0,0,66,0,66,0,12,75,2,89,14,10,24,113
08/10/2022,TWF,ID,ANM,WE,Combination Non-Radar Approach Control & Tower w/o Radar,0,11,12,1,24,0,2,46,6,54,0,13,58,7,78,82,18,100,178
08/11/2022,TWF,ID,ANM,WE,Combination Non-Radar Approach Control & Tower w/o Radar,0,11,6,3,20,0,1,45,9,55,0,12,51,12,75,76,0,76,151
08/12/2022,TWF,ID,ANM,WE,Combination Non-Radar Approach Control & Tower w/o Radar,0,10,1,0,11,1,18,37,0,56,1,28,38,0,67,0,0,0,67
08/13/2022,TWF,ID,ANM,WE,Combination Non-Radar Approach Control & Tower w/o Radar,0,2,6,0,8,1,1,48,0,50,1,3,54,0,58,66,0,66,124
08/14/2022,TWF,ID,ANM,WE,Combination Non-Radar Approach Control & Tower w/o Radar,0,7,1,0,8,3,1,16,0,20,3,8,17,0,28,20,0,20,48
08/15/2022,TWF,ID,ANM,WE,Combination Non-Radar Approach Control & Tower w/o Radar,0,5,3,4,12,0,4,59,6,69,0,9,62,10,81,36,0,36,117
08/16/2022,TWF,ID,ANM,WE,Combination Non-Radar Approach Control & Tower w/o Radar,0,8,7,0,15,6,4,62,0,72,6,12,69,0,87,112,0,112,199
08/17/2022,TWF,ID,ANM,WE,Combination Non-Radar Approach Control & Tower w/o Radar,0,6,10,3,19,2,0,49,0,51,2,6,59,3,70,34,12,46,116
08/18/2022,TWF,ID,ANM,WE,Combination Non-Radar Approach Control & Tower w/o Radar,0,9,9,5,23,1,1,45,4,51,1,10,54,9,74,92,4,96,170
08/19/2022,TWF,ID,ANM,WE,Combination Non-Radar Approach Control & Tower w/o Radar,0,8,5,5,18,3,8,46,4,61,3,16,51,9,79,18,0,18,97
08/20/2022,TWF,ID,ANM,WE,Combination Non-Radar Approach Control & Tower w/o Radar,0,6,5,0,11,0,2,39,0,41,0,8,44,0,52,72,0,72,124
08/21/2022,TWF,ID,ANM,WE,Combination Non-Radar Approach Control & Tower w/o Radar,0,3,4,0,7,0,0,32,0,32,0,3,36,0,39,0,0,0,39
08/22/2022,TWF,ID,ANM,WE,Combination Non-Radar Approach Control & Tower w/o Radar,0,6,0,0,6,0,2,41,0,43,0,8,41,0,49,18,0,18,67
08/23/2022,TWF,ID,ANM,WE,Combination Non-Radar Approach Control & Tower w/o Radar,0,12,3,0,15,2,2,48,0,52,2,14,51,0,67,42,0,42,109
08/24/2022,TWF,ID,ANM,WE,Combination Non-Radar Approach Control & Tower w/o Radar,0,14,2,2,18,0,3,49,2,54,0,17,51,4,72,56,0,56,128
08/25/2022,TWF,ID,ANM,WE,Combination Non-Radar Approach Control & Tower w/o Radar,0,8,1,1,10,0,0,42,6,48,0,8,43,7,58,48,0,48,106
08/26/2022,TWF,ID,ANM,WE,Combination Non-Radar Approach Control & Tower w/o Radar,0,7,3,0,10,1,0,46,0,47,1,7,49,0,57,52,0,52,109
08/27/2022,TWF,ID,ANM,WE,Combination Non-Radar Approach Control & Tower w/o Radar,2,5,6,0,13,0,0,35,2,37,2,5,41,2,50,62,0,62,112
08/28/2022,TWF,ID,ANM,WE,Combination Non-Radar Approach Control & Tower w/o Radar,0,1,2,0,3,0,1,16,2,19,0,2,18,2,22,2,0,2,24
08/29/2022,TWF,ID,ANM,WE,Combination Non-Radar Approach Control & Tower w/o Radar,0,4,5,1,10,0,0,27,3,30,0,4,32,4,40,4,12,16,56
08/30/2022,TWF,ID,ANM,WE,Combination Non-Radar Approach Control & Tower w/o Radar,0,7,8,4,19,2,0,36,1,39,2,7,44,5,58,22,40,62,120
08/31/2022,TWF,ID,ANM,WE,Combination Non-Radar Approach Control & Tower w/o Radar,0,13,9,2,24,0,12,37,2,51,0,25,46,4,75,44,12,56,131
09/01/2022,TWF,ID,ANM,WE,Combination Non-Radar Approach Control & Tower w/o Radar,0,7,10,0,17,1,0,29,2,32,1,7,39,2,49,2,2,4,53
09/02/2022,TWF,ID,ANM,WE,Combination Non-Radar Approach Control & Tower w/o Radar,0,7,4,0,11,2,0,41,1,44,2,7,45,1,55,50,0,50,105
09/03/2022,TWF,ID,ANM,WE,Combination Non-Radar Approach Control & Tower w/o Radar,0,9,0,0,9,3,0,26,0,29,3,9,26,0,38,68,0,68,106
09/04/2022,TWF,ID,ANM,WE,Combination Non-Radar Approach Control & Tower w/o Radar,0,3,0,0,3,14,3,15,0,32,14,6,15,0,35,10,0,10,45
09/05/2022,TWF,ID,ANM,WE,Combination Non-Radar Approach Control & Tower w/o Radar,0,4,2,0,6,0,1,42,0,43,0,5,44,0,49,6,0,6,55
09/06/2022,TWF,ID,ANM,WE,Combination Non-Radar Approach Control & Tower w/o Radar,0,4,4,1,9,12,26,35,0,73,12,30,39,1,82,54,0,54,136
09/07/2022,TWF,ID,ANM,WE,Combination Non-Radar Approach Control & Tower w/o Radar,0,6,10,0,16,0,1,47,3,51,0,7,57,3,67,50,0,50,117
09/08/2022,TWF,ID,ANM,WE,Combination Non-Radar Approach Control & Tower w/o Radar,1,9,17,0,27,31,65,33,0,129,32,74,50,0,156,18,0,18,174
09/09/2022,TWF,ID,ANM,WE,Combination Non-Radar Approach Control & Tower w/o Radar,0,14,15,0,29,4,2,34,2,42,4,16,49,2,71,128,0,128,199
09/10/2022,TWF,ID,ANM,WE,Combination Non-Radar Approach Control & Tower w/o Radar,0,3,3,0,6,4,6,20,0,30,4,9,23,0,36,60,0,60,96
09/11/2022,TWF,ID,ANM,WE,Combination Non-Radar Approach Control & Tower w/o Radar,0,6,5,0,11,0,0,17,2,19,0,6,22,2,30,0,0,0,30
09/12/2022,TWF,ID,ANM,WE,Combination Non-Radar Approach Control & Tower w/o Radar,0,4,2,0,6,0,1,41,0,42,0,5,43,0,48,0,0,0,48
09/13/2022,TWF,ID,ANM,WE,Combination Non-Radar Approach Control & Tower w/o Radar,0,8,3,0,11,0,0,41,1,42,0,8,44,1,53,102,10,112,165
09/14/2022,TWF,ID,ANM,WE,Combination Non-Radar Approach Control & Tower w/o Radar,0,7,6,3,16,10,7,43,4,64,10,14,49,7,80,46,18,64,144
09/15/2022,TWF,ID,ANM,WE,Combination Non-Radar Approach Control & Tower w/o Radar,0,9,1,9,19,0,0,16,1,17,0,9,17,10,36,42,14,56,92
09/16/2022,TWF,ID,ANM,WE,Combination Non-Radar Approach Control & Tower w/o Radar,0,7,4,0,11,12,15,32,0,59,12,22,36,0,70,80,0,80,150
09/17/2022,TWF,ID,ANM,WE,Combination Non-Radar Approach Control & Tower w/o Radar,0,18,4,0,22,0,3,23,0,26,0,21,27,0,48,30,0,30,78
09/18/2022,TWF,ID,ANM,WE,Combination Non-Radar Approach Control & Tower w/o Radar,0,6,1,0,7,0,0,11,0,11,0,6,12,0,18,0,0,0,18
09/19/2022,TWF,ID,ANM,WE,Combination Non-Radar Approach Control & Tower w/o Radar,0,8,2,0,10,0,0,29,0,29,0,8,31,0,39,50,0,50,89
09/20/2022,TWF,ID,ANM,WE,Combination Non-Radar Approach Control & Tower w/o Radar,0,13,2,1,16,0,0,43,1,44,0,13,45,2,60,48,0,48,108
09/21/2022,TWF,ID,ANM,WE,Combination Non-Radar Approach Control & Tower w/o Radar,0,15,8,0,23,0,0,15,0,15,0,15,23,0,38,18,0,18,56
09/22/2022,TWF,ID,ANM,WE,Combination Non-Radar Approach Control & Tower w/o Radar,0,16,8,0,24,0,0,26,0,26,0,16,34,0,50,76,0,76,126
09/23/2022,TWF,ID,ANM,WE,Combination Non-Radar Approach Control & Tower w/o Radar,0,14,5,0,19,0,0,44,0,44,0,14,49,0,63,22,0,22,85
09/24/2022,TWF,ID,ANM,WE,Combination Non-Radar Approach Control & Tower w/o Radar,0,8,4,0,12,0,1,59,0,60,0,9,63,0,72,52,0,52,124
09/25/2022,TWF,ID,ANM,WE,Combination Non-Radar Approach Control & Tower w/o Radar,0,5,2,0,7,0,0,36,4,40,0,5,38,4,47,2,0,2,49
09/26/2022,TWF,ID,ANM,WE,Combination Non-Radar Approach Control & Tower w/o Radar,0,3,1,0,4,0,0,57,4,61,0,3,58,4,65,32,0,32,97
09/27/2022,TWF,ID,ANM,WE,Combination Non-Radar Approach Control & Tower w/o Radar,0,7,1,0,8,0,1,50,0,51,0,8,51,0,59,44,0,44,103
09/28/2022,TWF,ID,ANM,WE,Combination Non-Radar Approach Control & Tower w/o Radar,0,7,7,0,14,0,0,44,0,44,0,7,51,0,58,76,8,84,142
09/29/2022,TWF,ID,ANM,WE,Combination Non-Radar Approach Control & Tower w/o Radar,0,14,3,0,17,0,2,48,1,51,0,16,51,1,68,58,0,58,126
09/30/2022,TWF,ID,ANM,WE,Combination Non-Radar Approach Control & Tower w/o Radar,1,8,4,2,15,0,1,45,0,46,1,9,49,2,61,82,0,82,143
10/01/2022,TWF,ID,ANM,WE,Combination Non-Radar Approach Control & Tower w/o Radar,0,4,3,1,8,0,0,46,1,47,0,4,49,2,55,43,0,43,98
10/02/2022,TWF,ID,ANM,WE,Combination Non-Radar Approach Control & Tower w/o Radar,0,4,6,0,10,0,0,33,0,33,0,4,39,0,43,6,0,6,49
10/03/2022,TWF,ID,ANM,WE,Combination Non-Radar Approach Control & Tower w/o Radar,0,4,5,1,10,0,0,49,1,50,0,4,54,2,60,42,0,42,102
10/04/2022,TWF,ID,ANM,WE,Combination Non-Radar Approach Control & Tower w/o Radar,0,7,13,1,21,0,0,47,2,49,0,7,60,3,70,84,0,84,154
10/05/2022,TWF,ID,ANM,WE,Combination Non-Radar Approach Control & Tower w/o Radar,0,9,8,0,17,0,7,56,1,64,0,16,64,1,81,96,14,110,191
10/06/2022,TWF,ID,ANM,WE,Combination Non-Radar Approach Control & Tower w/o Radar,0,9,8,2,19,0,0,55,2,57,0,9,63,4,76,32,0,32,108
10/07/2022,TWF,ID,ANM,WE,Combination Non-Radar Approach Control & Tower w/o Radar,0,7,10,0,17,0,1,34,0,35,0,8,44,0,52,82,0,82,134
10/08/2022,TWF,ID,ANM,WE,Combination Non-Radar Approach Control & Tower w/o Radar,0,9,4,0,13,0,0,51,0,51,0,9,55,0,64,54,0,54,118
10/09/2022,TWF,ID,ANM,WE,Combination Non-Radar Approach Control & Tower w/o Radar,0,5,3,0,8,0,0,29,0,29,0,5,32,0,37,0,0,0,37
10/10/2022,TWF,ID,ANM,WE,Combination Non-Radar Approach Control & Tower w/o Radar,0,3,8,0,11,0,0,30,0,30,0,3,38,0,41,0,0,0,41
10/11/2022,TWF,ID,ANM,WE,Combination Non-Radar Approach Control & Tower w/o Radar,0,5,10,4,19,0,0,22,2,24,0,5,32,6,43,17,0,17,60
10/12/2022,TWF,ID,ANM,WE,Combination Non-Radar Approach Control & Tower w/o Radar,0,8,4,3,15,0,0,35,0,35,0,8,39,3,50,28,0,28,78
10/13/2022,TWF,ID,ANM,WE,Combination Non-Radar Approach Control & Tower w/o Radar,0,9,1,3,13,0,0,51,1,52,0,9,52,4,65,116,6,122,187
10/14/2022,TWF,ID,ANM,WE,Combination Non-Radar Approach Control & Tower w/o Radar,0,7,5,0,12,0,0,50,0,50,0,7,55,0,62,68,0,68,130
10/15/2022,TWF,ID,ANM,WE,Combination Non-Radar Approach Control & Tower w/o Radar,0,8,4,0,12,0,0,37,0,37,0,8,41,0,49,24,0,24,73
10/16/2022,TWF,ID,ANM,WE,Combination Non-Radar Approach Control & Tower w/o Radar,0,2,0,0,2,0,0,8,0,8,0,2,8,0,10,10,0,10,20
10/17/2022,TWF,ID,ANM,WE,Combination Non-Radar Approach Control & Tower w/o Radar,0,10,6,0,16,0,0,32,0,32,0,10,38,0,48,22,0,22,70
10/18/2022,TWF,ID,ANM,WE,Combination Non-Radar Approach Control & Tower w/o Radar,0,10,4,0,14,0,1,59,0,60,0,11,63,0,74,120,0,120,194
10/19/2022,TWF,ID,ANM,WE,Combination Non-Radar Approach Control & Tower w/o Radar,0,17,6,0,23,0,0,59,6,65,0,17,65,6,88,92,0,92,180
10/20/2022,TWF,ID,ANM,WE,Combination Non-Radar Approach Control & Tower w/o Radar,0,10,4,0,14,0,0,37,0,37,0,10,41,0,51,56,0,56,107
10/21/2022,TWF,ID,ANM,WE,Combination Non-Radar Approach Control & Tower w/o Radar,0,10,9,0,19,0,2,36,0,38,0,12,45,0,57,2,0,2,59
10/22/2022,TWF,ID,ANM,WE,Combination Non-Radar Approach Control & Tower w/o Radar,4,3,1,0,8,0,0,5,0,5,4,3,6,0,13,0,0,0,13
10/23/2022,TWF,ID,ANM,WE,Combination Non-Radar Approach Control & Tower w/o Radar,0,1,7,0,8,0,0,10,0,10,0,1,17,0,18,0,0,0,18
10/24/2022,TWF,ID,ANM,WE,Combination Non-Radar Approach Control & Tower w/o Radar,0,7,9,2,18,0,0,13,0,13,0,7,22,2,31,28,0,28,59
10/25/2022,TWF,ID,ANM,WE,Combination Non-Radar Approach Control & Tower w/o Radar,0,10,7,2,19,0,3,26,0,29,0,13,33,2,48,26,0,26,74
10/26/2022,TWF,ID,ANM,WE,Combination Non-Radar Approach Control & Tower w/o Radar,0,12,0,2,14,0,0,15,1,16,0,12,15,3,30,28,2,30,60
10/27/2022,TWF,ID,ANM,WE,Combination Non-Radar Approach Control & Tower w/o Radar,0,6,10,0,16,0,0,54,0,54,0,6,64,0,70,50,0,50,120
10/28/2022,TWF,ID,ANM,WE,Combination Non-Radar Approach Control & Tower w/o Radar,0,7,1,11,19,0,0,57,0,57,0,7,58,11,76,32,0,32,108
10/29/2022,TWF,ID,ANM,WE,Combination Non-Radar Approach Control & Tower w/o Radar,0,4,6,0,10,0,0,41,0,41,0,4,47,0,51,32,0,32,83
10/30/2022,TWF,ID,ANM,WE,Combination Non-Radar Approach Control & Tower w/o Radar,0,3,2,2,7,0,0,22,0,22,0,3,24,2,29,18,0,18,47
10/31/2022,TWF,ID,ANM,WE,Combination Non-Radar Approach Control & Tower w/o Radar,0,4,8,0,12,0,0,34,2,36,0,4,42,2,48,26,0,26,74
11/01/2022,TWF,ID,ANM,WE,Combination Non-Radar Approach Control & Tower w/o Radar,0,14,1,0,15,0,0,23,3,26,0,14,24,3,41,28,0,28,69
11/02/2022,TWF,ID,ANM,WE,Combination Non-Radar Approach Control & Tower w/o Radar,0,20,4,2,26,0,0,32,1,33,0,20,36,3,59,46,14,60,119
11/03/2022,TWF,ID,ANM,WE,Combination Non-Radar Approach Control & Tower w/o Radar,0,9,21,1,31,0,0,14,0,14,0,9,35,1,45,18,0,18,63
11/04/2022,TWF,ID,ANM,WE,Combination Non-Radar Approach Control & Tower w/o Radar,0,12,8,0,20,0,0,5,0,5,0,12,13,0,25,28,0,28,53
11/05/2022,TWF,ID,ANM,WE,Combination Non-Radar Approach Control & Tower w/o Radar,0,3,0,1,4,0,0,0,0,0,0,3,0,1,4,0,0,0,4
11/06/2022,TWF,ID,ANM,WE,Combination Non-Radar Approach Control & Tower w/o Radar,0,6,5,0,11,0,0,14,0,14,0,6,19,0,25,4,0,4,29
11/07/2022,TWF,ID,ANM,WE,Combination Non-Radar Approach Control & Tower w/o Radar,0,9,5,0,14,0,0,5,0,5,0,9,10,0,19,8,0,8,27
11/08/2022,TWF,ID,ANM,WE,Combination Non-Radar Approach Control & Tower w/o Radar,0,9,6,0,15,0,0,6,0,6,0,9,12,0,21,22,0,22,43
11/09/2022,TWF,ID,ANM,WE,Combination Non-Radar Approach Control & Tower w/o Radar,0,19,8,0,27,0,0,6,0,6,0,19,14,0,33,26,0,26,59
11/10/2022,TWF,ID,ANM,WE,Combination Non-Radar Approach Control & Tower w/o Radar,0,8,11,0,19,0,0,18,0,18,0,8,29,0,37,8,0,8,45
11/11/2022,TWF,ID,ANM,WE,Combination Non-Radar Approach Control & Tower w/o Radar,0,5,5,0,10,0,0,55,4,59,0,5,60,4,69,50,0,50,119
11/12/2022,TWF,ID,ANM,WE,Combination Non-Radar Approach Control & Tower w/o Radar,0,6,6,0,12,0,1,34,0,35,0,7,40,0,47,67,0,67,114
11/13/2022,TWF,ID,ANM,WE,Combination Non-Radar Approach Control & Tower w/o Radar,0,5,6,0,11,0,1,14,2,17,0,6,20,2,28,0,0,0,28
11/14/2022,TWF,ID,ANM,WE,Combination Non-Radar Approach Control & Tower w/o Radar,0,8,0,0,8,0,0,35,0,35,0,8,35,0,43,22,0,22,65
11/15/2022,TWF,ID,ANM,WE,Combination Non-Radar Approach Control & Tower w/o Radar,0,9,3,4,16,0,0,22,0,22,0,9,25,4,38,42,0,42,80
11/16/2022,TWF,ID,ANM,WE,Combination Non-Radar Approach Control & Tower w/o Radar,0,16,3,1,20,0,7,44,5,56,0,23,47,6,76,72,16,88,164
11/17/2022,TWF,ID,ANM,WE,Combination Non-Radar Approach Control & Tower w/o Radar,0,14,14,0,28,0,0,12,1,13,0,14,26,1,41,8,0,8,49
11/18/2022,TWF,ID,ANM,WE,Combination Non-Radar Approach Control & Tower w/o Radar,0,13,5,0,18,0,1,35,0,36,0,14,40,0,54,48,0,48,102
11/19/2022,TWF,ID,ANM,WE,Combination Non-Radar Approach Control & Tower w/o Radar,0,5,5,0,10,0,0,28,0,28,0,5,33,0,38,24,0,24,62
11/20/2022,TWF,ID,ANM,WE,Combination Non-Radar Approach Control & Tower w/o Radar,0,3,5,0,8,0,0,23,0,23,0,3,28,0,31,16,22,38,69
11/21/2022,TWF,ID,ANM,WE,Combination Non-Radar Approach Control & Tower w/o Radar,0,6,3,1,10,0,0,18,1,19,0,6,21,2,29,0,0,0,29
11/22/2022,TWF,ID,ANM,WE,Combination Non-Radar Approach Control & Tower w/o Radar,0,11,11,1,23,0,0,21,4,25,0,11,32,5,48,12,10,22,70
11/23/2022,TWF,ID,ANM,WE,Combination Non-Radar Approach Control & Tower w/o Radar,0,8,4,0,12,0,0,9,0,9,0,8,13,0,21,0,0,0,21
11/24/2022,TWF,ID,ANM,WE,Combination Non-Radar Approach Control & Tower w/o Radar,0,2,0,0,2,0,0,2,0,2,0,2,2,0,4,0,0,0,4
11/25/2022,TWF,ID,ANM,WE,Combination Non-Radar Approach Control & Tower w/o Radar,0,9,3,0,12,0,0,12,0,12,0,9,15,0,24,24,0,24,48
11/26/2022,TWF,ID,ANM,WE,Combination Non-Radar Approach Control & Tower w/o Radar,0,6,3,0,9,0,0,3,0,3,0,6,6,0,12,2,0,2,14
11/27/2022,TWF,ID,ANM,WE,Combination Non-Radar Approach Control & Tower w/o Radar,0,8,5,0,13,0,0,12,0,12,0,8,17,0,25,12,0,12,37
11/28/2022,TWF,ID,ANM,WE,Combination Non-Radar Approach Control & Tower w/o Radar,0,9,4,1,14,0,0,0,1,1,0,9,4,2,15,0,0,0,15
11/29/2022,TWF,ID,ANM,WE,Combination Non-Radar Approach Control & Tower w/o Radar,0,11,3,0,14,0,0,24,0,24,0,11,27,0,38,64,0,64,102
11/30/2022,TWF,ID,ANM,WE,Combination Non-Radar Approach Control & Tower w/o Radar,0,12,7,6,25,0,0,14,2,16,0,12,21,8,41,22,26,48,89
12/01/2022,TWF,ID,ANM,WE,Combination Non-Radar Approach Control & Tower w/o Radar,0,13,7,4,24,0,0,2,2,4,0,13,9,6,28,0,0,0,28
12/02/2022,TWF,ID,ANM,WE,Combination Non-Radar Approach Control & Tower w/o Radar,0,12,6,0,18,0,1,22,0,23,0,13,28,0,41,54,0,54,95
12/03/2022,TWF,ID,ANM,WE,Combination Non-Radar Approach Control & Tower w/o Radar,0,4,5,0,9,0,0,28,0,28,0,4,33,0,37,44,0,44,81
12/04/2022,TWF,ID,ANM,WE,Combination Non-Radar Approach Control & Tower w/o Radar,0,4,4,0,8,0,0,1,0,1,0,4,5,0,9,0,0,0,9
12/05/2022,TWF,ID,ANM,WE,Combination Non-Radar Approach Control & Tower w/o Radar,0,13,11,13,37,0,0,25,8,33,0,13,36,21,70,10,0,10,80
12/06/2022,TWF,ID,ANM,WE,Combination Non-Radar Approach Control & Tower w/o Radar,0,18,7,0,25,0,0,12,0,12,0,18,19,0,37,30,0,30,67
12/07/2022,TWF,ID,ANM,WE,Combination Non-Radar Approach Control & Tower w/o Radar,0,13,6,1,20,0,0,23,4,27,0,13,29,5,47,30,2,32,79
12/08/2022,TWF,ID,ANM,WE,Combination Non-Radar Approach Control & Tower w/o Radar,0,9,7,0,16,0,0,36,0,36,0,9,43,0,52,74,0,74,126
12/09/2022,TWF,ID,ANM,WE,Combination Non-Radar Approach Control & Tower w/o Radar,0,9,5,0,14,0,0,16,0,16,0,9,21,0,30,36,0,36,66
12/10/2022,TWF,ID,ANM,WE,Combination Non-Radar Approach Control & Tower w/o Radar,0,7,7,0,14,0,0,8,0,8,0,7,15,0,22,70,0,70,92
12/11/2022,TWF,ID,ANM,WE,Combination Non-Radar Approach Control & Tower w/o Radar,0,11,3,0,14,0,0,5,0,5,0,11,8,0,19,0,0,0,19
12/12/2022,TWF,ID,ANM,WE,Combination Non-Radar Approach Control & Tower w/o Radar,1,18,9,0,28,0,0,2,0,2,1,18,11,0,30,16,0,16,46
12/13/2022,TWF,ID,ANM,WE,Combination Non-Radar Approach Control & Tower w/o Radar,0,18,7,0,25,0,0,0,0,0,0,18,7,0,25,0,0,0,25
12/14/2022,TWF,ID,ANM,WE,Combination Non-Radar Approach Control & Tower w/o Radar,0,13,10,0,23,0,0,18,4,22,0,13,28,4,45,80,0,80,125
12/15/2022,TWF,ID,ANM,WE,Combination Non-Radar Approach Control & Tower w/o Radar,0,11,9,0,20,0,0,8,4,12,0,11,17,4,32,58,0,58,90
12/16/2022,TWF,ID,ANM,WE,Combination Non-Radar Approach Control & Tower w/o Radar,0,23,7,0,30,0,0,27,0,27,0,23,34,0,57,40,0,40,97
12/17/2022,TWF,ID,ANM,WE,Combination Non-Radar Approach Control & Tower w/o Radar,0,34,21,0,55,0,0,22,0,22,0,34,43,0,77,86,0,86,163
12/18/2022,TWF,ID,ANM,WE,Combination Non-Radar Approach Control & Tower w/o Radar,0,6,1,0,7,0,0,11,0,11,0,6,12,0,18,4,0,4,22
12/19/2022,TWF,ID,ANM,WE,Combination Non-Radar Approach Control & Tower w/o Radar,0,4,0,2,6,0,0,19,0,19,0,4,19,2,25,0,0,0,25
12/20/2022,TWF,ID,ANM,WE,Combination Non-Radar Approach Control & Tower w/o Radar,0,14,7,0,21,0,0,31,0,31,0,14,38,0,52,72,0,72,124
12/21/2022,TWF,ID,ANM,WE,Combination Non-Radar Approach Control & Tower w/o Radar,0,26,9,1,36,0,0,3,0,3,0,26,12,1,39,0,0,0,39
12/22/2022,TWF,ID,ANM,WE,Combination Non-Radar Approach Control & Tower w/o Radar,0,16,5,0,21,0,0,23,0,23,0,16,28,0,44,10,0,10,54
12/23/2022,TWF,ID,ANM,WE,Combination Non-Radar Approach Control & Tower w/o Radar,0,7,10,0,17,0,0,0,0,0,0,7,10,0,17,0,0,0,17
12/24/2022,TWF,ID,ANM,WE,Combination Non-Radar Approach Control & Tower w/o Radar,0,7,1,0,8,0,0,0,0,0,0,7,1,0,8,0,0,0,8
12/25/2022,TWF,ID,ANM,WE,Combination Non-Radar Approach Control & Tower w/o Radar,0,1,0,0,1,0,0,8,0,8,0,1,8,0,9,0,0,0,9
12/26/2022,TWF,ID,ANM,WE,Combination Non-Radar Approach Control & Tower w/o Radar,2,13,13,0,28,0,0,25,0,25,2,13,38,0,53,82,0,82,135
12/27/2022,TWF,ID,ANM,WE,Combination Non-Radar Approach Control & Tower w/o Radar,0,15,36,0,51,0,0,4,0,4,0,15,40,0,55,0,0,0,55
12/28/2022,TWF,ID,ANM,WE,Combination Non-Radar Approach Control & Tower w/o Radar,0,12,1,0,13,0,0,15,0,15,0,12,16,0,28,49,0,49,77
12/29/2022,TWF,ID,ANM,WE,Combination Non-Radar Approach Control & Tower w/o Radar,0,12,2,2,16,0,0,26,2,28,0,12,28,4,44,62,0,62,106
12/30/2022,TWF,ID,ANM,WE,Combination Non-Radar Approach Control & Tower w/o Radar,0,16,18,0,34,0,0,0,0,0,0,16,18,0,34,0,0,0,34
12/31/2022,TWF,ID,ANM,WE,Combination Non-Radar Approach Control & Tower w/o Radar,0,11,1,0,12,0,0,2,0,2,0,11,3,0,14,8,0,8,22
01/01/2023,TWF,ID,ANM,WE,Combination Non-Radar Approach Control & Tower w/o Radar,0,1,1,0,2,0,0,0,0,0,0,1,1,0,2,0,0,0,2
01/02/2023,TWF,ID,ANM,WE,Combination Non-Radar Approach Control & Tower w/o Radar,0,6,8,0,14,0,0,24,0,24,0,6,32,0,38,34,0,34,72
01/03/2023,TWF,ID,ANM,WE,Combination Non-Radar Approach Control & Tower w/o Radar,0,7,5,12,24,0,0,18,1,19,0,7,23,13,43,12,18,30,73
01/04/2023,TWF,ID,ANM,WE,Combination Non-Radar Approach Control & Tower w/o Radar,0,10,6,0,16,0,1,50,0,51,0,11,56,0,67,114,0,114,181
01/05/2023,TWF,ID,ANM,WE,Combination Non-Radar Approach Control & Tower w/o Radar,0,16,10,2,28,0,0,8,2,10,0,16,18,4,38,64,0,64,102
01/06/2023,TWF,ID,ANM,WE,Combination Non-Radar Approach Control & Tower w/o Radar,6,27,9,11,53,0,2,27,0,29,6,29,36,11,82,62,0,62,144
01/07/2023,TWF,ID,ANM,WE,Combination Non-Radar Approach Control & Tower w/o Radar,0,5,2,1,8,0,0,31,4,35,0,5,33,5,43,122,0,122,165
01/08/2023,TWF,ID,ANM,WE,Combination Non-Radar Approach Control & Tower w/o Radar,0,6,8,0,14,0,0,8,0,8,0,6,16,0,22,0,0,0,22
01/09/2023,TWF,ID,ANM,WE,Combination Non-Radar Approach Control & Tower w/o Radar,0,9,12,1,22,0,0,9,1,10,0,9,21,2,32,28,0,28,60
01/10/2023,TWF,ID,ANM,WE,Combination Non-Radar Approach Control & Tower w/o Radar,0,10,9,5,24,0,0,14,0,14,0,10,23,5,38,14,0,14,52
01/11/2023,TWF,ID,ANM,WE,Combination Non-Radar Approach Control & Tower w/o Radar,0,9,6,0,15,0,0,47,0,47,0,9,53,0,62,84,0,84,146
01/12/2023,TWF,ID,ANM,WE,Combination Non-Radar Approach Control & Tower w/o Radar,0,7,6,4,17,0,0,57,4,61,0,7,63,8,78,70,0,70,148
01/13/2023,TWF,ID,ANM,WE,Combination Non-Radar Approach Control & Tower w/o Radar,0,6,1,24,31,0,0,34,1,35,0,6,35,25,66,94,40,134,200
01/14/2023,TWF,ID,ANM,WE,Combination Non-Radar Approach Control & Tower w/o Radar,0,6,10,0,16,0,0,26,0,26,0,6,36,0,42,34,0,34,76
01/15/2023,TWF,ID,ANM,WE,Combination Non-Radar Approach Control & Tower w/o Radar,0,9,5,0,14,0,0,13,0,13,0,9,18,0,27,6,0,6,33
01/16/2023,TWF,ID,ANM,WE,Combination Non-Radar Approach Control & Tower w/o Radar,0,0,0,0,0,0,0,0,0,0,0,0,0,0,0,0,0,0,0
01/17/2023,TWF,ID,ANM,WE,Combination Non-Radar Approach Control & Tower w/o Radar,0,7,8,1,16,0,0,9,1,10,0,7,17,2,26,0,0,0,26
01/18/2023,TWF,ID,ANM,WE,Combination Non-Radar Approach Control & Tower w/o Radar,0,10,5,2,17,0,0,30,0,30,0,10,35,2,47,78,0,78,125
01/19/2023,TWF,ID,ANM,WE,Combination Non-Radar Approach Control & Tower w/o Radar,0,13,2,2,17,0,0,0,0,0,0,13,2,2,17,0,0,0,17
01/20/2023,TWF,ID,ANM,WE,Combination Non-Radar Approach Control & Tower w/o Radar,0,9,27,1,37,0,0,36,0,36,0,9,63,1,73,70,2,72,145
01/21/2023,TWF,ID,ANM,WE,Combination Non-Radar Approach Control & Tower w/o Radar,0,13,10,0,23,0,0,44,2,46,0,13,54,2,69,38,0,38,107
01/22/2023,TWF,ID,ANM,WE,Combination Non-Radar Approach Control & Tower w/o Radar,0,16,7,0,23,0,0,0,0,0,0,16,7,0,23,0,0,0,23
01/23/2023,TWF,ID,ANM,WE,Combination Non-Radar Approach Control & Tower w/o Radar,0,7,7,0,14,0,0,21,1,22,0,7,28,1,36,0,0,0,36
01/24/2023,TWF,ID,ANM,WE,Combination Non-Radar Approach Control & Tower w/o Radar,0,10,4,5,19,0,0,46,1,47,0,10,50,6,66,68,10,78,144
01/25/2023,TWF,ID,ANM,WE,Combination Non-Radar Approach Control & Tower w/o Radar,0,12,10,0,22,0,0,8,0,8,0,12,18,0,30,82,0,82,112
01/26/2023,TWF,ID,ANM,WE,Combination Non-Radar Approach Control & Tower w/o Radar,0,12,10,5,27,0,1,28,0,29,0,13,38,5,56,82,14,96,152
01/27/2023,TWF,ID,ANM,WE,Combination Non-Radar Approach Control & Tower w/o Radar,0,9,5,0,14,0,0,10,0,10,0,9,15,0,24,58,0,58,82
01/28/2023,TWF,ID,ANM,WE,Combination Non-Radar Approach Control & Tower w/o Radar,0,4,1,0,5,0,0,18,0,18,0,4,19,0,23,42,0,42,65
01/29/2023,TWF,ID,ANM,WE,Combination Non-Radar Approach Control & Tower w/o Radar,0,10,3,0,13,0,0,8,0,8,0,10,11,0,21,0,0,0,21
01/30/2023,TWF,ID,ANM,WE,Combination Non-Radar Approach Control & Tower w/o Radar,0,8,3,2,13,0,0,27,1,28,0,8,30,3,41,0,0,0,41
01/31/2023,TWF,ID,ANM,WE,Combination Non-Radar Approach Control & Tower w/o Radar,1,8,9,0,18,0,0,16,0,16,1,8,25,0,34,0,0,0,34
02/01/2023,TWF,ID,ANM,WE,Combination Non-Radar Approach Control & Tower w/o Radar,0,4,16,8,28,0,5,33,3,41,0,9,49,11,69,10,10,20,89
02/02/2023,TWF,ID,ANM,WE,Combination Non-Radar Approach Control & Tower w/o Radar,0,6,2,4,12,0,2,33,1,36,0,8,35,5,48,28,0,28,76
02/03/2023,TWF,ID,ANM,WE,Combination Non-Radar Approach Control & Tower w/o Radar,0,7,5,0,12,0,0,31,2,33,0,7,36,2,45,30,4,34,79
02/04/2023,TWF,ID,ANM,WE,Combination Non-Radar Approach Control & Tower w/o Radar,0,4,3,0,7,0,0,24,2,26,0,4,27,2,33,20,0,20,53
02/05/2023,TWF,ID,ANM,WE,Combination Non-Radar Approach Control & Tower w/o Radar,0,7,2,0,9,0,0,8,0,8,0,7,10,0,17,0,0,0,17
02/06/2023,TWF,ID,ANM,WE,Combination Non-Radar Approach Control & Tower w/o Radar,0,7,3,0,10,0,0,4,1,5,0,7,7,1,15,0,0,0,15
02/07/2023,TWF,ID,ANM,WE,Combination Non-Radar Approach Control & Tower w/o Radar,0,7,4,0,11,0,2,39,0,41,0,9,43,0,52,34,0,34,86
02/08/2023,TWF,ID,ANM,WE,Combination Non-Radar Approach Control & Tower w/o Radar,0,8,6,2,16,0,2,11,0,13,0,10,17,2,29,28,0,28,57
02/09/2023,TWF,ID,ANM,WE,Combination Non-Radar Approach Control & Tower w/o Radar,0,7,6,2,15,0,0,40,5,45,0,7,46,7,60,8,0,8,68
02/10/2023,TWF,ID,ANM,WE,Combination Non-Radar Approach Control & Tower w/o Radar,0,9,7,0,16,0,0,39,0,39,0,9,46,0,55,72,0,72,127
02/11/2023,TWF,ID,ANM,WE,Combination Non-Radar Approach Control & Tower w/o Radar,0,8,4,0,12,0,0,43,0,43,0,8,47,0,55,78,0,78,133
02/12/2023,TWF,ID,ANM,WE,Combination Non-Radar Approach Control & Tower w/o Radar,0,7,4,0,11,0,0,49,0,49,0,7,53,0,60,18,0,18,78
02/13/2023,TWF,ID,ANM,WE,Combination Non-Radar Approach Control & Tower w/o Radar,0,6,5,0,11,0,0,15,0,15,0,6,20,0,26,32,0,32,58
02/14/2023,TWF,ID,ANM,WE,Combination Non-Radar Approach Control & Tower w/o Radar,0,8,2,2,12,0,0,0,0,0,0,8,2,2,12,0,0,0,12
02/15/2023,TWF,ID,ANM,WE,Combination Non-Radar Approach Control & Tower w/o Radar,0,8,5,3,16,0,0,34,3,37,0,8,39,6,53,28,0,28,81
02/16/2023,TWF,ID,ANM,WE,Combination Non-Radar Approach Control & Tower w/o Radar,0,8,5,3,16,0,0,42,2,44,0,8,47,5,60,62,20,82,142
02/17/2023,TWF,ID,ANM,WE,Combination Non-Radar Approach Control & Tower w/o Radar,0,6,1,0,7,0,0,34,0,34,0,6,35,0,41,52,0,52,93
02/18/2023,TWF,ID,ANM,WE,Combination Non-Radar Approach Control & Tower w/o Radar,1,4,6,0,11,0,0,34,0,34,1,4,40,0,45,74,0,74,119
02/19/2023,TWF,ID,ANM,WE,Combination Non-Radar Approach Control & Tower w/o Radar,0,2,7,0,9,0,0,12,0,12,0,2,19,0,21,6,0,6,27
02/20/2023,TWF,ID,ANM,WE,Combination Non-Radar Approach Control & Tower w/o Radar,0,5,4,0,9,0,0,25,0,25,0,5,29,0,34,14,0,14,48
02/21/2023,TWF,ID,ANM,WE,Combination Non-Radar Approach Control & Tower w/o Radar,0,7,2,0,9,0,0,11,0,11,0,7,13,0,20,6,0,6,26
02/22/2023,TWF,ID,ANM,WE,Combination Non-Radar Approach Control & Tower w/o Radar,0,19,12,2,33,0,0,9,0,9,0,19,21,2,42,8,0,8,50
02/23/2023,TWF,ID,ANM,WE,Combination Non-Radar Approach Control & Tower w/o Radar,0,12,6,1,19,0,0,21,0,21,0,12,27,1,40,21,0,21,61
02/24/2023,TWF,ID,ANM,WE,Combination Non-Radar Approach Control & Tower w/o Radar,0,7,3,2,12,0,0,33,3,36,0,7,36,5,48,12,12,24,72
02/25/2023,TWF,ID,ANM,WE,Combination Non-Radar Approach Control & Tower w/o Radar,0,7,3,0,10,0,0,129,0,129,0,7,132,0,139,20,0,20,159
02/26/2023,TWF,ID,ANM,WE,Combination Non-Radar Approach Control & Tower w/o Radar,0,3,10,0,13,0,0,3,0,3,0,3,13,0,16,0,0,0,16
02/27/2023,TWF,ID,ANM,WE,Combination Non-Radar Approach Control & Tower w/o Radar,0,12,6,0,18,0,0,9,1,10,0,12,15,1,28,0,0,0,28
02/28/2023,TWF,ID,ANM,WE,Combination Non-Radar Approach Control & Tower w/o Radar,0,16,7,0,23,0,0,4,0,4,0,16,11,0,27,0,0,0,27
03/01/2023,TWF,ID,ANM,WE,Combination Non-Radar Approach Control & Tower w/o Radar,0,15,7,0,22,0,0,6,0,6,0,15,13,0,28,36,0,36,64
03/02/2023,TWF,ID,ANM,WE,Combination Non-Radar Approach Control & Tower w/o Radar,1,6,9,0,16,0,0,62,0,62,1,6,71,0,78,52,0,52,130
03/03/2023,TWF,ID,ANM,WE,Combination Non-Radar Approach Control & Tower w/o Radar,0,9,5,0,14,0,0,24,1,25,0,9,29,1,39,18,0,18,57
03/04/2023,TWF,ID,ANM,WE,Combination Non-Radar Approach Control & Tower w/o Radar,1,15,8,1,25,0,0,6,2,8,1,15,14,3,33,6,0,6,39
03/05/2023,TWF,ID,ANM,WE,Combination Non-Radar Approach Control & Tower w/o Radar,0,4,8,0,12,0,0,3,1,4,0,4,11,1,16,0,0,0,16
03/06/2023,TWF,ID,ANM,WE,Combination Non-Radar Approach Control & Tower w/o Radar,0,5,5,0,10,0,0,10,0,10,0,5,15,0,20,0,0,0,20
03/07/2023,TWF,ID,ANM,WE,Combination Non-Radar Approach Control & Tower w/o Radar,1,10,3,1,15,0,0,21,1,22,1,10,24,2,37,36,0,36,73
03/08/2023,TWF,ID,ANM,WE,Combination Non-Radar Approach Control & Tower w/o Radar,0,16,4,0,20,0,0,7,0,7,0,16,11,0,27,46,0,46,73
03/09/2023,TWF,ID,ANM,WE,Combination Non-Radar Approach Control & Tower w/o Radar,0,8,9,2,19,0,0,20,3,23,0,8,29,5,42,22,2,24,66
03/10/2023,TWF,ID,ANM,WE,Combination Non-Radar Approach Control & Tower w/o Radar,0,8,0,0,8,0,0,0,0,0,0,8,0,0,8,0,0,0,8
03/11/2023,TWF,ID,ANM,WE,Combination Non-Radar Approach Control & Tower w/o Radar,0,4,4,0,8,0,1,70,0,71,0,5,74,0,79,26,0,26,105
03/12/2023,TWF,ID,ANM,WE,Combination Non-Radar Approach Control & Tower w/o Radar,1,3,2,0,6,0,0,8,0,8,1,3,10,0,14,0,0,0,14
03/13/2023,TWF,ID,ANM,WE,Combination Non-Radar Approach Control & Tower w/o Radar,0,7,9,0,16,0,0,14,0,14,0,7,23,0,30,48,0,48,78
03/14/2023,TWF,ID,ANM,WE,Combination Non-Radar Approach Control & Tower w/o Radar,0,16,8,0,24,0,0,16,4,20,0,16,24,4,44,26,0,26,70
03/15/2023,TWF,ID,ANM,WE,Combination Non-Radar Approach Control & Tower w/o Radar,0,9,5,0,14,0,0,19,0,19,0,9,24,0,33,30,0,30,63
03/16/2023,TWF,ID,ANM,WE,Combination Non-Radar Approach Control & Tower w/o Radar,0,10,10,0,20,0,0,57,0,57,0,10,67,0,77,50,0,50,127
03/17/2023,TWF,ID,ANM,WE,Combination Non-Radar Approach Control & Tower w/o Radar,0,8,7,0,15,0,0,66,0,66,0,8,73,0,81,52,0,52,133
03/18/2023,TWF,ID,ANM,WE,Combination Non-Radar Approach Control & Tower w/o Radar,0,4,1,0,5,0,0,42,1,43,0,4,43,1,48,36,0,36,84
03/19/2023,TWF,ID,ANM,WE,Combination Non-Radar Approach Control & Tower w/o Radar,0,2,6,0,8,0,0,30,2,32,0,2,36,2,40,28,0,28,68
03/20/2023,TWF,ID,ANM,WE,Combination Non-Radar Approach Control & Tower w/o Radar,4,17,19,0,40,0,0,5,0,5,4,17,24,0,45,0,0,0,45
03/21/2023,TWF,ID,ANM,WE,Combination Non-Radar Approach Control & Tower w/o Radar,0,8,11,0,19,0,0,59,1,60,0,8,70,1,79,76,2,78,157
03/22/2023,TWF,ID,ANM,WE,Combination Non-Radar Approach Control & Tower w/o Radar,0,20,4,1,25,0,0,35,1,36,0,20,39,2,61,32,6,38,99
03/23/2023,TWF,ID,ANM,WE,Combination Non-Radar Approach Control & Tower w/o Radar,0,28,13,2,43,0,0,35,0,35,0,28,48,2,78,18,0,18,96
03/24/2023,TWF,ID,ANM,WE,Combination Non-Radar Approach Control & Tower w/o Radar,0,12,4,0,16,0,0,26,0,26,0,12,30,0,42,4,0,4,46
03/25/2023,TWF,ID,ANM,WE,Combination Non-Radar Approach Control & Tower w/o Radar,0,6,0,0,6,0,0,20,0,20,0,6,20,0,26,24,0,24,50
03/26/2023,TWF,ID,ANM,WE,Combination Non-Radar Approach Control & Tower w/o Radar,5,5,4,0,14,0,0,10,0,10,5,5,14,0,24,4,0,4,28
03/27/2023,TWF,ID,ANM,WE,Combination Non-Radar Approach Control & Tower w/o Radar,0,6,6,0,12,0,0,73,0,73,0,6,79,0,85,0,0,0,85
03/28/2023,TWF,ID,ANM,WE,Combination Non-Radar Approach Control & Tower w/o Radar,0,11,5,0,16,0,0,31,8,39,0,11,36,8,55,16,0,16,71
03/29/2023,TWF,ID,ANM,WE,Combination Non-Radar Approach Control & Tower w/o Radar,1,19,12,0,32,0,0,4,0,4,1,19,16,0,36,10,0,10,46
03/30/2023,TWF,ID,ANM,WE,Combination Non-Radar Approach Control & Tower w/o Radar,0,11,11,0,22,0,0,0,0,0,0,11,11,0,22,0,0,0,22
03/31/2023,TWF,ID,ANM,WE,Combination Non-Radar Approach Control & Tower w/o Radar,0,8,13,0,21,0,0,19,0,19,0,8,32,0,40,26,0,26,66
04/01/2023,TWF,ID,ANM,WE,Combination Non-Radar Approach Control & Tower w/o Radar,0,7,4,0,11,0,0,3,0,3,0,7,7,0,14,4,0,4,18
04/02/2023,TWF,ID,ANM,WE,Combination Non-Radar Approach Control & Tower w/o Radar,0,4,3,0,7,0,0,1,0,1,0,4,4,0,8,0,0,0,8
04/03/2023,TWF,ID,ANM,WE,Combination Non-Radar Approach Control & Tower w/o Radar,0,9,4,0,13,0,0,3,1,4,0,9,7,1,17,0,0,0,17
04/04/2023,TWF,ID,ANM,WE,Combination Non-Radar Approach Control & Tower w/o Radar,0,8,5,0,13,0,0,14,0,14,0,8,19,0,27,93,0,93,120
04/05/2023,TWF,ID,ANM,WE,Combination Non-Radar Approach Control & Tower w/o Radar,0,8,6,0,14,0,1,39,0,40,0,9,45,0,54,80,0,80,134
04/06/2023,TWF,ID,ANM,WE,Combination Non-Radar Approach Control & Tower w/o Radar,0,8,8,0,16,0,0,35,2,37,0,8,43,2,53,2,0,2,55
04/07/2023,TWF,ID,ANM,WE,Combination Non-Radar Approach Control & Tower w/o Radar,0,7,7,0,14,0,0,31,0,31,0,7,38,0,45,88,0,88,133
04/08/2023,TWF,ID,ANM,WE,Combination Non-Radar Approach Control & Tower w/o Radar,0,3,4,0,7,0,0,51,0,51,0,3,55,0,58,32,0,32,90
04/09/2023,TWF,ID,ANM,WE,Combination Non-Radar Approach Control & Tower w/o Radar,0,1,0,0,1,0,0,32,0,32,0,1,32,0,33,0,0,0,33
04/10/2023,TWF,ID,ANM,WE,Combination Non-Radar Approach Control & Tower w/o Radar,0,6,4,1,11,0,0,39,0,39,0,6,43,1,50,12,0,12,62
04/11/2023,TWF,ID,ANM,WE,Combination Non-Radar Approach Control & Tower w/o Radar,0,7,11,0,18,0,0,31,0,31,0,7,42,0,49,22,0,22,71
04/12/2023,TWF,ID,ANM,WE,Combination Non-Radar Approach Control & Tower w/o Radar,0,8,9,0,17,0,1,38,0,39,0,9,47,0,56,10,0,10,66
04/13/2023,TWF,ID,ANM,WE,Combination Non-Radar Approach Control & Tower w/o Radar,0,6,9,0,15,0,0,3,0,3,0,6,12,0,18,0,0,0,18
04/14/2023,TWF,ID,ANM,WE,Combination Non-Radar Approach Control & Tower w/o Radar,0,9,2,0,11,0,0,25,0,25,0,9,27,0,36,52,0,52,88
04/15/2023,TWF,ID,ANM,WE,Combination Non-Radar Approach Control & Tower w/o Radar,0,4,2,0,6,0,6,52,0,58,0,10,54,0,64,32,0,32,96
04/16/2023,TWF,ID,ANM,WE,Combination Non-Radar Approach Control & Tower w/o Radar,0,4,1,0,5,0,0,30,0,30,0,4,31,0,35,36,0,36,71
04/17/2023,TWF,ID,ANM,WE,Combination Non-Radar Approach Control & Tower w/o Radar,0,5,2,0,7,0,0,10,0,10,0,5,12,0,17,0,0,0,17
04/18/2023,TWF,ID,ANM,WE,Combination Non-Radar Approach Control & Tower w/o Radar,0,5,6,1,12,0,0,9,0,9,0,5,15,1,21,12,0,12,33
04/19/2023,TWF,ID,ANM,WE,Combination Non-Radar Approach Control & Tower w/o Radar,0,9,3,0,12,0,0,34,4,38,0,9,37,4,50,86,0,86,136
04/20/2023,TWF,ID,ANM,WE,Combination Non-Radar Approach Control & Tower w/o Radar,0,10,4,0,14,0,0,25,1,26,0,10,29,1,40,44,0,44,84
04/21/2023,TWF,ID,ANM,WE,Combination Non-Radar Approach Control & Tower w/o Radar,0,16,3,0,19,0,0,9,0,9,0,16,12,0,28,0,0,0,28
04/22/2023,TWF,ID,ANM,WE,Combination Non-Radar Approach Control & Tower w/o Radar,0,4,1,0,5,0,0,48,0,48,0,4,49,0,53,8,0,8,61
04/23/2023,TWF,ID,ANM,WE,Combination Non-Radar Approach Control & Tower w/o Radar,0,1,12,0,13,0,0,41,0,41,0,1,53,0,54,40,0,40,94
04/24/2023,TWF,ID,ANM,WE,Combination Non-Radar Approach Control & Tower w/o Radar,0,2,7,0,9,0,0,15,0,15,0,2,22,0,24,10,0,10,34
04/25/2023,TWF,ID,ANM,WE,Combination Non-Radar Approach Control & Tower w/o Radar,0,7,7,0,14,0,0,49,0,49,0,7,56,0,63,104,0,104,167
04/26/2023,TWF,ID,ANM,WE,Combination Non-Radar Approach Control & Tower w/o Radar,0,8,8,0,16,0,0,64,0,64,0,8,72,0,80,72,0,72,152
04/27/2023,TWF,ID,ANM,WE,Combination Non-Radar Approach Control & Tower w/o Radar,0,5,2,0,7,0,0,29,0,29,0,5,31,0,36,44,0,44,80
04/28/2023,TWF,ID,ANM,WE,Combination Non-Radar Approach Control & Tower w/o Radar,0,10,1,0,11,0,3,47,0,50,0,13,48,0,61,62,0,62,123
04/29/2023,TWF,ID,ANM,WE,Combination Non-Radar Approach Control & Tower w/o Radar,0,4,5,0,9,0,0,50,0,50,0,4,55,0,59,30,0,30,89
04/30/2023,TWF,ID,ANM,WE,Combination Non-Radar Approach Control & Tower w/o Radar,0,1,2,0,3,0,0,27,0,27,0,1,29,0,30,34,0,34,64
05/01/2023,TWF,ID,ANM,WE,Combination Non-Radar Approach Control & Tower w/o Radar,0,5,5,0,10,0,0,13,6,19,0,5,18,6,29,52,0,52,81
05/02/2023,TWF,ID,ANM,WE,Combination Non-Radar Approach Control & Tower w/o Radar,1,9,1,2,13,0,0,23,2,25,1,9,24,4,38,28,0,28,66
05/03/2023,TWF,ID,ANM,WE,Combination Non-Radar Approach Control & Tower w/o Radar,1,7,10,0,18,0,0,43,0,43,1,7,53,0,61,110,0,110,171
05/04/2023,TWF,ID,ANM,WE,Combination Non-Radar Approach Control & Tower w/o Radar,0,5,7,0,12,0,0,15,0,15,0,5,22,0,27,36,0,36,63
05/05/2023,TWF,ID,ANM,WE,Combination Non-Radar Approach Control & Tower w/o Radar,0,7,4,0,11,0,0,8,0,8,0,7,12,0,19,0,0,0,19
05/06/2023,TWF,ID,ANM,WE,Combination Non-Radar Approach Control & Tower w/o Radar,0,4,5,0,9,0,0,23,0,23,0,4,28,0,32,41,0,41,73
05/07/2023,TWF,ID,ANM,WE,Combination Non-Radar Approach Control & Tower w/o Radar,0,1,3,0,4,0,0,6,0,6,0,1,9,0,10,12,0,12,22
05/08/2023,TWF,ID,ANM,WE,Combination Non-Radar Approach Control & Tower w/o Radar,0,4,6,0,10,0,1,19,0,20,0,5,25,0,30,80,0,80,110
05/09/2023,TWF,ID,ANM,WE,Combination Non-Radar Approach Control & Tower w/o Radar,0,9,8,1,18,0,0,48,0,48,0,9,56,1,66,68,18,86,152
05/10/2023,TWF,ID,ANM,WE,Combination Non-Radar Approach Control & Tower w/o Radar,0,7,5,1,13,0,0,54,0,54,0,7,59,1,67,52,0,52,119
05/11/2023,TWF,ID,ANM,WE,Combination Non-Radar Approach Control & Tower w/o Radar,0,9,11,0,20,0,0,34,0,34,0,9,45,0,54,40,0,40,94
05/12/2023,TWF,ID,ANM,WE,Combination Non-Radar Approach Control & Tower w/o Radar,0,8,1,0,9,0,0,53,0,53,0,8,54,0,62,28,0,28,90
05/13/2023,TWF,ID,ANM,WE,Combination Non-Radar Approach Control & Tower w/o Radar,0,4,3,0,7,0,0,19,0,19,0,4,22,0,26,32,0,32,58
05/14/2023,TWF,ID,ANM,WE,Combination Non-Radar Approach Control & Tower w/o Radar,0,4,1,0,5,0,0,10,0,10,0,4,11,0,15,0,0,0,15
05/15/2023,TWF,ID,ANM,WE,Combination Non-Radar Approach Control & Tower w/o Radar,0,3,4,0,7,0,0,25,0,25,0,3,29,0,32,78,0,78,110
05/16/2023,TWF,ID,ANM,WE,Combination Non-Radar Approach Control & Tower w/o Radar,0,5,3,0,8,0,0,39,2,41,0,5,42,2,49,57,2,59,108
05/17/2023,TWF,ID,ANM,WE,Combination Non-Radar Approach Control & Tower w/o Radar,0,12,4,1,17,0,0,39,0,39,0,12,43,1,56,58,10,68,124
05/18/2023,TWF,ID,ANM,WE,Combination Non-Radar Approach Control & Tower w/o Radar,0,12,3,0,15,0,0,70,0,70,0,12,73,0,85,52,0,52,137
05/19/2023,TWF,ID,ANM,WE,Combination Non-Radar Approach Control & Tower w/o Radar,0,11,3,0,14,0,2,34,0,36,0,13,37,0,50,44,0,44,94
05/20/2023,TWF,ID,ANM,WE,Combination Non-Radar Approach Control & Tower w/o Radar,0,4,4,0,8,0,0,28,0,28,0,4,32,0,36,40,0,40,76
05/21/2023,TWF,ID,ANM,WE,Combination Non-Radar Approach Control & Tower w/o Radar,0,1,2,0,3,0,0,40,0,40,0,1,42,0,43,22,0,22,65
05/22/2023,TWF,ID,ANM,WE,Combination Non-Radar Approach Control & Tower w/o Radar,0,5,2,0,7,0,0,42,0,42,0,5,44,0,49,22,0,22,71
05/23/2023,TWF,ID,ANM,WE,Combination Non-Radar Approach Control & Tower w/o Radar,0,9,2,0,11,0,0,35,0,35,0,9,37,0,46,94,0,94,140
05/24/2023,TWF,ID,ANM,WE,Combination Non-Radar Approach Control & Tower w/o Radar,0,10,3,0,13,0,3,20,4,27,0,13,23,4,40,58,0,58,98
05/25/2023,TWF,ID,ANM,WE,Combination Non-Radar Approach Control & Tower w/o Radar,0,11,4,0,15,0,0,45,2,47,0,11,49,2,62,52,0,52,114
05/26/2023,TWF,ID,ANM,WE,Combination Non-Radar Approach Control & Tower w/o Radar,1,7,3,0,11,0,0,32,0,32,1,7,35,0,43,56,0,56,99
05/27/2023,TWF,ID,ANM,WE,Combination Non-Radar Approach Control & Tower w/o Radar,0,7,7,0,14,0,0,13,0,13,0,7,20,0,27,40,0,40,67
05/28/2023,TWF,ID,ANM,WE,Combination Non-Radar Approach Control & Tower w/o Radar,0,1,1,0,2,0,1,18,0,19,0,2,19,0,21,6,0,6,27
05/29/2023,TWF,ID,ANM,WE,Combination Non-Radar Approach Control & Tower w/o Radar,0,1,1,1,3,0,0,23,0,23,0,1,24,1,26,32,0,32,58
05/30/2023,TWF,ID,ANM,WE,Combination Non-Radar Approach Control & Tower w/o Radar,0,6,8,0,14,0,0,36,1,37,0,6,44,1,51,52,0,52,103
05/31/2023,TWF,ID,ANM,WE,Combination Non-Radar Approach Control & Tower w/o Radar,0,8,1,0,9,0,0,37,0,37,0,8,38,0,46,70,0,70,116
06/01/2023,TWF,ID,ANM,WE,Combination Non-Radar Approach Control & Tower w/o Radar,0,12,14,2,28,0,0,32,2,34,0,12,46,4,62,60,0,60,122
06/02/2023,TWF,ID,ANM,WE,Combination Non-Radar Approach Control & Tower w/o Radar,0,7,7,0,14,0,0,56,0,56,0,7,63,0,70,32,0,32,102
06/03/2023,TWF,ID,ANM,WE,Combination Non-Radar Approach Control & Tower w/o Radar,0,3,0,4,7,0,0,40,0,40,0,3,40,4,47,82,2,84,131
06/04/2023,TWF,ID,ANM,WE,Combination Non-Radar Approach Control & Tower w/o Radar,0,1,1,0,2,0,2,21,0,23,0,3,22,0,25,14,0,14,39
06/05/2023,TWF,ID,ANM,WE,Combination Non-Radar Approach Control & Tower w/o Radar,0,6,7,2,15,0,0,36,0,36,0,6,43,2,51,0,0,0,51
06/06/2023,TWF,ID,ANM,WE,Combination Non-Radar Approach Control & Tower w/o Radar,6,7,4,2,19,0,0,40,2,42,6,7,44,4,61,26,4,30,91
06/07/2023,TWF,ID,ANM,WE,Combination Non-Radar Approach Control & Tower w/o Radar,0,8,0,2,10,0,0,25,1,26,0,8,25,3,36,78,2,80,116
06/08/2023,TWF,ID,ANM,WE,Combination Non-Radar Approach Control & Tower w/o Radar,0,9,5,8,22,0,0,31,0,31,0,9,36,8,53,28,8,36,89
06/09/2023,TWF,ID,ANM,WE,Combination Non-Radar Approach Control & Tower w/o Radar,0,7,4,2,13,0,0,44,0,44,0,7,48,2,57,38,8,46,103
06/10/2023,TWF,ID,ANM,WE,Combination Non-Radar Approach Control & Tower w/o Radar,0,6,5,0,11,0,0,31,8,39,0,6,36,8,50,34,0,34,84
06/11/2023,TWF,ID,ANM,WE,Combination Non-Radar Approach Control & Tower w/o Radar,0,1,0,0,1,0,0,10,0,10,0,1,10,0,11,0,0,0,11
06/12/2023,TWF,ID,ANM,WE,Combination Non-Radar Approach Control & Tower w/o Radar,0,5,6,2,13,0,0,47,0,47,0,5,53,2,60,62,0,62,122
06/13/2023,TWF,ID,ANM,WE,Combination Non-Radar Approach Control & Tower w/o Radar,0,8,10,0,18,0,1,29,2,32,0,9,39,2,50,52,0,52,102
06/14/2023,TWF,ID,ANM,WE,Combination Non-Radar Approach Control & Tower w/o Radar,0,7,3,4,14,0,0,29,2,31,0,7,32,6,45,24,48,72,117
06/15/2023,TWF,ID,ANM,WE,Combination Non-Radar Approach Control & Tower w/o Radar,0,7,9,1,17,0,0,52,2,54,0,7,61,3,71,24,0,24,95
06/16/2023,TWF,ID,ANM,WE,Combination Non-Radar Approach Control & Tower w/o Radar,0,7,1,0,8,0,1,50,0,51,0,8,51,0,59,72,0,72,131
06/17/2023,TWF,ID,ANM,WE,Combination Non-Radar Approach Control & Tower w/o Radar,0,4,3,0,7,0,0,105,1,106,0,4,108,1,113,0,0,0,113
06/18/2023,TWF,ID,ANM,WE,Combination Non-Radar Approach Control & Tower w/o Radar,0,2,2,0,4,0,0,18,0,18,0,2,20,0,22,0,0,0,22
06/19/2023,TWF,ID,ANM,WE,Combination Non-Radar Approach Control & Tower w/o Radar,1,4,7,0,12,0,0,34,0,34,1,4,41,0,46,36,0,36,82
06/20/2023,TWF,ID,ANM,WE,Combination Non-Radar Approach Control & Tower w/o Radar,0,7,7,0,14,0,0,52,4,56,0,7,59,4,70,28,0,28,98
06/21/2023,TWF,ID,ANM,WE,Combination Non-Radar Approach Control & Tower w/o Radar,0,8,8,0,16,0,3,37,0,40,0,11,45,0,56,50,0,50,106
06/22/2023,TWF,ID,ANM,WE,Combination Non-Radar Approach Control & Tower w/o Radar,0,12,5,1,18,0,4,93,0,97,0,16,98,1,115,36,0,36,151
06/23/2023,TWF,ID,ANM,WE,Combination Non-Radar Approach Control & Tower w/o Radar,0,9,5,0,14,0,0,39,2,41,0,9,44,2,55,34,0,34,89
06/24/2023,TWF,ID,ANM,WE,Combination Non-Radar Approach Control & Tower w/o Radar,0,8,6,0,14,0,0,41,0,41,0,8,47,0,55,24,0,24,79
06/25/2023,TWF,ID,ANM,WE,Combination Non-Radar Approach Control & Tower w/o Radar,0,3,5,1,9,0,0,23,0,23,0,3,28,1,32,10,0,10,42
06/26/2023,TWF,ID,ANM,WE,Combination Non-Radar Approach Control & Tower w/o Radar,0,6,3,0,9,0,0,36,0,36,0,6,39,0,45,48,0,48,93
06/27/2023,TWF,ID,ANM,WE,Combination Non-Radar Approach Control & Tower w/o Radar,0,11,4,0,15,0,0,12,0,12,0,11,16,0,27,21,0,21,48
06/28/2023,TWF,ID,ANM,WE,Combination Non-Radar Approach Control & Tower w/o Radar,0,11,9,1,21,0,0,33,1,34,0,11,42,2,55,18,0,18,73
06/29/2023,TWF,ID,ANM,WE,Combination Non-Radar Approach Control & Tower w/o Radar,0,7,2,1,10,0,0,81,0,81,0,7,83,1,91,64,0,64,155
06/30/2023,TWF,ID,ANM,WE,Combination Non-Radar Approach Control & Tower w/o Radar,0,8,1,0,9,0,4,58,0,62,0,12,59,0,71,18,0,18,89
07/01/2023,TWF,ID,ANM,WE,Combination Non-Radar Approach Control & Tower w/o Radar,0,5,8,0,13,0,0,57,0,57,0,5,65,0,70,26,0,26,96
07/02/2023,TWF,ID,ANM,WE,Combination Non-Radar Approach Control & Tower w/o Radar,0,0,0,0,0,0,0,0,0,0,0,0,0,0,0,0,0,0,0
07/03/2023,TWF,ID,ANM,WE,Combination Non-Radar Approach Control & Tower w/o Radar,0,11,4,0,15,0,0,32,0,32,0,11,36,0,47,6,0,6,53
07/04/2023,TWF,ID,ANM,WE,Combination Non-Radar Approach Control & Tower w/o Radar,0,1,1,0,2,0,0,21,0,21,0,1,22,0,23,0,0,0,23
07/05/2023,TWF,ID,ANM,WE,Combination Non-Radar Approach Control & Tower w/o Radar,0,8,7,1,16,0,0,44,3,47,0,8,51,4,63,22,2,24,87
07/06/2023,TWF,ID,ANM,WE,Combination Non-Radar Approach Control & Tower w/o Radar,0,10,10,0,20,0,0,35,3,38,0,10,45,3,58,54,0,54,112
07/07/2023,TWF,ID,ANM,WE,Combination Non-Radar Approach Control & Tower w/o Radar,0,9,5,0,14,0,0,24,9,33,0,9,29,9,47,14,0,14,61
07/08/2023,TWF,ID,ANM,WE,Combination Non-Radar Approach Control & Tower w/o Radar,2,6,3,0,11,0,1,39,0,40,2,7,42,0,51,38,0,38,89
07/09/2023,TWF,ID,ANM,WE,Combination Non-Radar Approach Control & Tower w/o Radar,1,2,6,0,9,0,0,21,0,21,1,2,27,0,30,20,0,20,50
07/10/2023,TWF,ID,ANM,WE,Combination Non-Radar Approach Control & Tower w/o Radar,0,9,4,0,13,0,1,33,0,34,0,10,37,0,47,40,0,40,87
07/11/2023,TWF,ID,ANM,WE,Combination Non-Radar Approach Control & Tower w/o Radar,0,22,18,3,43,0,0,36,0,36,0,22,54,3,79,46,0,46,125
07/12/2023,TWF,ID,ANM,WE,Combination Non-Radar Approach Control & Tower w/o Radar,0,13,5,0,18,0,3,59,0,62,0,16,64,0,80,54,0,54,134
07/13/2023,TWF,ID,ANM,WE,Combination Non-Radar Approach Control & Tower w/o Radar,0,11,12,2,25,0,4,44,3,51,0,15,56,5,76,80,0,80,156
07/14/2023,TWF,ID,ANM,WE,Combination Non-Radar Approach Control & Tower w/o Radar,0,12,5,0,17,0,6,67,0,73,0,18,72,0,90,24,0,24,114
07/15/2023,TWF,ID,ANM,WE,Combination Non-Radar Approach Control & Tower w/o Radar,0,9,7,0,16,0,3,34,0,37,0,12,41,0,53,50,0,50,103
07/16/2023,TWF,ID,ANM,WE,Combination Non-Radar Approach Control & Tower w/o Radar,0,6,3,0,9,0,0,23,0,23,0,6,26,0,32,0,0,0,32
07/17/2023,TWF,ID,ANM,WE,Combination Non-Radar Approach Control & Tower w/o Radar,0,5,11,0,16,0,2,13,0,15,0,7,24,0,31,0,0,0,31
07/18/2023,TWF,ID,ANM,WE,Combination Non-Radar Approach Control & Tower w/o Radar,0,10,6,0,16,0,0,49,0,49,0,10,55,0,65,0,0,0,65
07/19/2023,TWF,ID,ANM,WE,Combination Non-Radar Approach Control & Tower w/o Radar,0,11,4,2,17,2,0,79,4,85,2,11,83,6,102,46,4,50,152
07/20/2023,TWF,ID,ANM,WE,Combination Non-Radar Approach Control & Tower w/o Radar,0,10,3,5,18,0,0,48,0,48,0,10,51,5,66,54,0,54,120
07/21/2023,TWF,ID,ANM,WE,Combination Non-Radar Approach Control & Tower w/o Radar,0,7,2,4,13,0,2,49,0,51,0,9,51,4,64,42,0,42,106
07/22/2023,TWF,ID,ANM,WE,Combination Non-Radar Approach Control & Tower w/o Radar,0,4,1,0,5,0,6,70,2,78,0,10,71,2,83,42,0,42,125
07/23/2023,TWF,ID,ANM,WE,Combination Non-Radar Approach Control & Tower w/o Radar,0,3,2,0,5,0,0,33,0,33,0,3,35,0,38,0,0,0,38
07/24/2023,TWF,ID,ANM,WE,Combination Non-Radar Approach Control & Tower w/o Radar,0,3,0,0,3,0,1,34,0,35,0,4,34,0,38,0,0,0,38
07/25/2023,TWF,ID,ANM,WE,Combination Non-Radar Approach Control & Tower w/o Radar,0,7,3,3,13,0,2,62,0,64,0,9,65,3,77,74,6,80,157
07/26/2023,TWF,ID,ANM,WE,Combination Non-Radar Approach Control & Tower w/o Radar,0,10,6,0,16,2,3,56,3,64,2,13,62,3,80,60,0,60,140
07/27/2023,TWF,ID,ANM,WE,Combination Non-Radar Approach Control & Tower w/o Radar,0,5,10,0,15,4,1,68,2,75,4,6,78,2,90,14,0,14,104
07/28/2023,TWF,ID,ANM,WE,Combination Non-Radar Approach Control & Tower w/o Radar,0,9,5,0,14,9,11,125,0,145,9,20,130,0,159,32,0,32,191
07/29/2023,TWF,ID,ANM,WE,Combination Non-Radar Approach Control & Tower w/o Radar,0,7,8,0,15,2,0,50,0,52,2,7,58,0,67,26,0,26,93
07/30/2023,TWF,ID,ANM,WE,Combination Non-Radar Approach Control & Tower w/o Radar,0,1,0,0,1,1,3,36,0,40,1,4,36,0,41,4,0,4,45
07/31/2023,TWF,ID,ANM,WE,Combination Non-Radar Approach Control & Tower w/o Radar,0,1,6,1,8,0,2,33,0,35,0,3,39,1,43,30,6,36,79
08/01/2023,TWF,ID,ANM,WE,Combination Non-Radar Approach Control & Tower w/o Radar,0,9,2,0,11,1,0,54,0,55,1,9,56,0,66,6,0,6,72
08/02/2023,TWF,ID,ANM,WE,Combination Non-Radar Approach Control & Tower w/o Radar,1,11,4,0,16,0,1,29,1,31,1,12,33,1,47,0,4,4,51
08/03/2023,TWF,ID,ANM,WE,Combination Non-Radar Approach Control & Tower w/o Radar,0,7,4,2,13,0,0,38,0,38,0,7,42,2,51,24,18,42,93
08/04/2023,TWF,ID,ANM,WE,Combination Non-Radar Approach Control & Tower w/o Radar,0,10,7,0,17,0,0,44,0,44,0,10,51,0,61,42,0,42,103
08/05/2023,TWF,ID,ANM,WE,Combination Non-Radar Approach Control & Tower w/o Radar,0,4,4,0,8,0,2,30,2,34,0,6,34,2,42,16,0,16,58
08/06/2023,TWF,ID,ANM,WE,Combination Non-Radar Approach Control & Tower w/o Radar,0,1,6,0,7,0,1,15,0,16,0,2,21,0,23,6,0,6,29
08/07/2023,TWF,ID,ANM,WE,Combination Non-Radar Approach Control & Tower w/o Radar,0,3,6,0,9,0,0,32,0,32,0,3,38,0,41,44,0,44,85
08/08/2023,TWF,ID,ANM,WE,Combination Non-Radar Approach Control & Tower w/o Radar,0,12,10,0,22,0,1,20,0,21,0,13,30,0,43,0,0,0,43
08/09/2023,TWF,ID,ANM,WE,Combination Non-Radar Approach Control & Tower w/o Radar,0,6,8,0,14,0,0,50,0,50,0,6,58,0,64,60,0,60,124
08/10/2023,TWF,ID,ANM,WE,Combination Non-Radar Approach Control & Tower w/o Radar,0,10,2,0,12,0,0,40,0,40,0,10,42,0,52,66,0,66,118
08/11/2023,TWF,ID,ANM,WE,Combination Non-Radar Approach Control & Tower w/o Radar,0,6,3,0,9,0,0,60,0,60,0,6,63,0,69,32,0,32,101
08/12/2023,TWF,ID,ANM,WE,Combination Non-Radar Approach Control & Tower w/o Radar,0,4,6,0,10,0,0,30,0,30,0,4,36,0,40,52,0,52,92
08/13/2023,TWF,ID,ANM,WE,Combination Non-Radar Approach Control & Tower w/o Radar,0,2,9,0,11,0,0,30,0,30,0,2,39,0,41,6,0,6,47
08/14/2023,TWF,ID,ANM,WE,Combination Non-Radar Approach Control & Tower w/o Radar,0,8,4,0,12,0,0,26,0,26,0,8,30,0,38,38,0,38,76
08/15/2023,TWF,ID,ANM,WE,Combination Non-Radar Approach Control & Tower w/o Radar,0,11,5,2,18,0,0,39,1,40,0,11,44,3,58,24,0,24,82
08/16/2023,TWF,ID,ANM,WE,Combination Non-Radar Approach Control & Tower w/o Radar,0,11,5,0,16,1,0,51,2,54,1,11,56,2,70,66,0,66,136
08/17/2023,TWF,ID,ANM,WE,Combination Non-Radar Approach Control & Tower w/o Radar,0,6,10,0,16,2,2,21,0,25,2,8,31,0,41,14,0,14,55
08/18/2023,TWF,ID,ANM,WE,Combination Non-Radar Approach Control & Tower w/o Radar,0,8,5,0,13,1,5,41,0,47,1,13,46,0,60,28,0,28,88
08/19/2023,TWF,ID,ANM,WE,Combination Non-Radar Approach Control & Tower w/o Radar,0,5,0,0,5,0,5,25,0,30,0,10,25,0,35,28,0,28,63
08/20/2023,TWF,ID,ANM,WE,Combination Non-Radar Approach Control & Tower w/o Radar,1,8,4,0,13,0,0,9,0,9,1,8,13,0,22,8,0,8,30
08/21/2023,TWF,ID,ANM,WE,Combination Non-Radar Approach Control & Tower w/o Radar,0,8,4,0,12,0,1,3,0,4,0,9,7,0,16,0,0,0,16
08/22/2023,TWF,ID,ANM,WE,Combination Non-Radar Approach Control & Tower w/o Radar,0,15,6,0,21,0,2,22,0,24,0,17,28,0,45,36,0,36,81
08/23/2023,TWF,ID,ANM,WE,Combination Non-Radar Approach Control & Tower w/o Radar,1,12,14,0,27,0,0,51,0,51,1,12,65,0,78,58,0,58,136
08/24/2023,TWF,ID,ANM,WE,Combination Non-Radar Approach Control & Tower w/o Radar,2,6,4,0,12,0,1,40,0,41,2,7,44,0,53,20,14,34,87
08/25/2023,TWF,ID,ANM,WE,Combination Non-Radar Approach Control & Tower w/o Radar,0,6,10,0,16,1,0,45,0,46,1,6,55,0,62,34,0,34,96
08/26/2023,TWF,ID,ANM,WE,Combination Non-Radar Approach Control & Tower w/o Radar,0,6,3,0,9,1,11,23,0,35,1,17,26,0,44,4,0,4,48
08/27/2023,TWF,ID,ANM,WE,Combination Non-Radar Approach Control & Tower w/o Radar,0,3,1,0,4,0,3,24,0,27,0,6,25,0,31,36,0,36,67
08/28/2023,TWF,ID,ANM,WE,Combination Non-Radar Approach Control & Tower w/o Radar,0,4,5,0,9,3,4,43,0,50,3,8,48,0,59,36,0,36,95
08/29/2023,TWF,ID,ANM,WE,Combination Non-Radar Approach Control & Tower w/o Radar,0,10,9,0,19,0,2,31,0,33,0,12,40,0,52,2,0,2,54
08/30/2023,TWF,ID,ANM,WE,Combination Non-Radar Approach Control & Tower w/o Radar,0,8,15,1,24,0,0,45,3,48,0,8,60,4,72,46,6,52,124
08/31/2023,TWF,ID,ANM,WE,Combination Non-Radar Approach Control & Tower w/o Radar,0,8,6,1,15,0,1,31,1,33,0,9,37,2,48,24,0,24,72
