01/01/2000,BVY,MA,ANE,EN,Federal Contract Tower,0,0,5,0,5,0,0,84,0,84,0,0,89,0,89,94,0,94,183
01/02/2000,BVY,MA,ANE,EN,Federal Contract Tower,0,2,17,0,19,0,0,53,1,54,0,2,70,1,73,166,0,166,239
01/03/2000,BVY,MA,ANE,EN,Federal Contract Tower,0,0,3,0,3,0,0,87,0,87,0,0,90,0,90,60,0,60,150
01/04/2000,BVY,MA,ANE,EN,Federal Contract Tower,0,0,5,0,5,0,0,1,0,1,0,0,6,0,6,0,0,0,6
01/05/2000,BVY,MA,ANE,EN,Federal Contract Tower,0,1,10,0,11,0,1,57,0,58,0,2,67,0,69,8,0,8,77
01/06/2000,BVY,MA,ANE,EN,Federal Contract Tower,0,0,11,0,11,0,0,137,0,137,0,0,148,0,148,190,0,190,338
01/07/2000,BVY,MA,ANE,EN,Federal Contract Tower,0,0,17,0,17,0,0,58,1,59,0,0,75,1,76,48,0,48,124
01/08/2000,BVY,MA,ANE,EN,Federal Contract Tower,0,0,14,0,14,0,0,173,0,173,0,0,187,0,187,298,0,298,485
01/09/2000,BVY,MA,ANE,EN,Federal Contract Tower,0,3,18,0,21,0,0,194,1,195,0,3,212,1,216,318,0,318,534
01/10/2000,BVY,MA,ANE,EN,Federal Contract Tower,0,0,6,0,6,0,0,15,0,15,0,0,21,0,21,22,0,22,43
01/11/2000,BVY,MA,ANE,EN,Federal Contract Tower,0,0,6,0,6,0,0,32,0,32,0,0,38,0,38,40,0,40,78
01/12/2000,BVY,MA,ANE,EN,Federal Contract Tower,0,0,3,0,3,0,0,46,0,46,0,0,49,0,49,36,0,36,85
01/13/2000,BVY,MA,ANE,EN,Federal Contract Tower,0,0,7,0,7,0,0,0,0,0,0,0,7,0,7,0,0,0,7
01/14/2000,BVY,MA,ANE,EN,Federal Contract Tower,0,0,15,0,15,0,1,19,0,20,0,1,34,0,35,0,0,0,35
01/15/2000,BVY,MA,ANE,EN,Federal Contract Tower,0,0,12,0,12,0,0,119,0,119,0,0,131,0,131,200,0,200,331
01/16/2000,BVY,MA,ANE,EN,Federal Contract Tower,0,0,2,0,2,0,0,11,0,11,0,0,13,0,13,6,0,6,19
01/17/2000,BVY,MA,ANE,EN,Federal Contract Tower,0,0,2,0,2,0,0,14,0,14,0,0,16,0,16,0,0,0,16
01/18/2000,BVY,MA,ANE,EN,Federal Contract Tower,0,0,11,0,11,0,4,73,0,77,0,4,84,0,88,112,0,112,200
01/19/2000,BVY,MA,ANE,EN,Federal Contract Tower,0,0,11,0,11,0,3,84,0,87,0,3,95,0,98,92,0,92,190
01/20/2000,BVY,MA,ANE,EN,Federal Contract Tower,0,0,4,0,4,0,0,32,0,32,0,0,36,0,36,18,0,18,54
01/21/2000,BVY,MA,ANE,EN,Federal Contract Tower,0,0,9,0,9,0,1,6,0,7,0,1,15,0,16,0,0,0,16
01/22/2000,BVY,MA,ANE,EN,Federal Contract Tower,0,0,1,0,1,0,0,2,2,4,0,0,3,2,5,0,0,0,5
01/23/2000,BVY,MA,ANE,EN,Federal Contract Tower,0,0,9,0,9,0,1,142,0,143,0,1,151,0,152,288,0,288,440
01/24/2000,BVY,MA,ANE,EN,Federal Contract Tower,0,0,5,0,5,0,0,52,0,52,0,0,57,0,57,112,0,112,169
01/25/2000,BVY,MA,ANE,EN,Federal Contract Tower,0,0,0,0,0,0,0,0,0,0,0,0,0,0,0,0,0,0,0
01/26/2000,BVY,MA,ANE,EN,Federal Contract Tower,0,0,0,0,0,0,0,24,0,24,0,0,24,0,24,14,0,14,38
01/27/2000,BVY,MA,ANE,EN,Federal Contract Tower,0,0,6,0,6,0,0,68,2,70,0,0,74,2,76,40,0,40,116
01/28/2000,BVY,MA,ANE,EN,Federal Contract Tower,0,0,11,0,11,0,0,20,0,20,0,0,31,0,31,46,0,46,77
01/29/2000,BVY,MA,ANE,EN,Federal Contract Tower,0,0,12,0,12,0,1,162,0,163,0,1,174,0,175,266,0,266,441
01/30/2000,BVY,MA,ANE,EN,Federal Contract Tower,0,0,20,0,20,0,0,130,0,130,0,0,150,0,150,328,0,328,478
01/31/2000,BVY,MA,ANE,EN,Federal Contract Tower,0,0,4,0,4,0,0,21,0,21,0,0,25,0,25,12,0,12,37
02/01/2000,BVY,MA,ANE,EN,Federal Contract Tower,0,1,9,0,10,0,0,115,1,116,0,1,124,1,126,124,0,124,250
02/02/2000,BVY,MA,ANE,EN,Federal Contract Tower,0,0,12,0,12,0,0,31,0,31,0,0,43,0,43,0,0,0,43
02/03/2000,BVY,MA,ANE,EN,Federal Contract Tower,0,0,12,0,12,0,0,95,0,95,0,0,107,0,107,128,0,128,235
02/04/2000,BVY,MA,ANE,EN,Federal Contract Tower,0,0,7,0,7,0,0,83,0,83,0,0,90,0,90,100,0,100,190
02/05/2000,BVY,MA,ANE,EN,Federal Contract Tower,0,0,10,0,10,0,0,185,0,185,0,0,195,0,195,340,0,340,535
02/06/2000,BVY,MA,ANE,EN,Federal Contract Tower,0,1,7,0,8,0,0,86,0,86,0,1,93,0,94,126,0,126,220
02/07/2000,BVY,MA,ANE,EN,Federal Contract Tower,0,0,12,0,12,0,0,76,0,76,0,0,88,0,88,72,0,72,160
02/08/2000,BVY,MA,ANE,EN,Federal Contract Tower,0,0,13,0,13,0,1,88,0,89,0,1,101,0,102,184,0,184,286
02/09/2000,BVY,MA,ANE,EN,Federal Contract Tower,0,0,9,0,9,0,0,43,0,43,0,0,52,0,52,56,0,56,108
02/10/2000,BVY,MA,ANE,EN,Federal Contract Tower,0,0,9,0,9,0,0,101,1,102,0,0,110,1,111,162,0,162,273
02/11/2000,BVY,MA,ANE,EN,Federal Contract Tower,0,0,2,0,2,0,0,0,0,0,0,0,2,0,2,0,0,0,2
02/12/2000,BVY,MA,ANE,EN,Federal Contract Tower,0,0,16,0,16,0,1,204,0,205,0,1,220,0,221,474,0,474,695
02/13/2000,BVY,MA,ANE,EN,Federal Contract Tower,0,0,29,0,29,0,0,205,0,205,0,0,234,0,234,426,0,426,660
02/14/2000,BVY,MA,ANE,EN,Federal Contract Tower,0,0,5,0,5,0,0,11,0,11,0,0,16,0,16,14,0,14,30
02/15/2000,BVY,MA,ANE,EN,Federal Contract Tower,0,0,21,0,21,0,0,103,0,103,0,0,124,0,124,130,0,130,254
02/16/2000,BVY,MA,ANE,EN,Federal Contract Tower,0,0,18,0,18,0,4,48,0,52,0,4,66,0,70,58,0,58,128
02/17/2000,BVY,MA,ANE,EN,Federal Contract Tower,0,0,9,0,9,0,0,107,1,108,0,0,116,1,117,76,0,76,193
02/18/2000,BVY,MA,ANE,EN,Federal Contract Tower,0,0,9,0,9,0,0,41,0,41,0,0,50,0,50,80,0,80,130
02/19/2000,BVY,MA,ANE,EN,Federal Contract Tower,0,0,0,0,0,0,0,0,0,0,0,0,0,0,0,0,0,0,0
02/20/2000,BVY,MA,ANE,EN,Federal Contract Tower,0,0,9,0,9,0,0,87,0,87,0,0,96,0,96,192,0,192,288
02/21/2000,BVY,MA,ANE,EN,Federal Contract Tower,0,0,15,0,15,0,2,143,0,145,0,2,158,0,160,208,0,208,368
02/22/2000,BVY,MA,ANE,EN,Federal Contract Tower,0,0,13,0,13,0,3,134,2,139,0,3,147,2,152,196,6,202,354
02/23/2000,BVY,MA,ANE,EN,Federal Contract Tower,0,0,10,0,10,0,0,90,0,90,0,0,100,0,100,106,0,106,206
02/24/2000,BVY,MA,ANE,EN,Federal Contract Tower,0,0,15,0,15,0,0,119,0,119,0,0,134,0,134,204,0,204,338
02/25/2000,BVY,MA,ANE,EN,Federal Contract Tower,0,0,11,0,11,0,0,3,0,3,0,0,14,0,14,0,0,0,14
02/26/2000,BVY,MA,ANE,EN,Federal Contract Tower,0,0,7,0,7,0,0,0,0,0,0,0,7,0,7,0,0,0,7
02/27/2000,BVY,MA,ANE,EN,Federal Contract Tower,0,0,18,0,18,0,0,67,0,67,0,0,85,0,85,142,0,142,227
02/28/2000,BVY,MA,ANE,EN,Federal Contract Tower,0,0,16,0,16,0,0,20,0,20,0,0,36,0,36,4,0,4,40
02/29/2000,BVY,MA,ANE,EN,Federal Contract Tower,0,0,7,0,7,0,0,79,4,83,0,0,86,4,90,104,0,104,194
03/01/2000,BVY,MA,ANE,EN,Federal Contract Tower,0,1,14,0,15,0,1,128,2,131,0,2,142,2,146,194,0,194,340
03/02/2000,BVY,MA,ANE,EN,Federal Contract Tower,0,0,14,0,14,0,0,100,1,101,0,0,114,1,115,146,0,146,261
03/03/2000,BVY,MA,ANE,EN,Federal Contract Tower,0,0,7,0,7,0,0,76,0,76,0,0,83,0,83,46,0,46,129
03/04/2000,BVY,MA,ANE,EN,Federal Contract Tower,0,0,16,0,16,0,0,200,0,200,0,0,216,0,216,324,0,324,540
03/05/2000,BVY,MA,ANE,EN,Federal Contract Tower,0,0,18,0,18,0,0,169,2,171,0,0,187,2,189,338,0,338,527
03/06/2000,BVY,MA,ANE,EN,Federal Contract Tower,0,0,3,0,3,0,0,89,0,89,0,0,92,0,92,110,0,110,202
03/07/2000,BVY,MA,ANE,EN,Federal Contract Tower,0,1,11,0,12,0,0,123,0,123,0,1,134,0,135,214,0,214,349
03/08/2000,BVY,MA,ANE,EN,Federal Contract Tower,0,1,13,0,14,0,4,145,0,149,0,5,158,0,163,232,0,232,395
03/09/2000,BVY,MA,ANE,EN,Federal Contract Tower,0,0,13,0,13,0,0,62,0,62,0,0,75,0,75,102,0,102,177
03/10/2000,BVY,MA,ANE,EN,Federal Contract Tower,0,0,12,0,12,0,0,134,0,134,0,0,146,0,146,168,0,168,314
03/11/2000,BVY,MA,ANE,EN,Federal Contract Tower,0,0,2,0,2,0,0,63,0,63,0,0,65,0,65,180,0,180,245
03/12/2000,BVY,MA,ANE,EN,Federal Contract Tower,0,0,1,0,1,0,0,11,0,11,0,0,12,0,12,0,0,0,12
03/13/2000,BVY,MA,ANE,EN,Federal Contract Tower,0,0,7,0,7,0,0,86,0,86,0,0,93,0,93,74,0,74,167
03/14/2000,BVY,MA,ANE,EN,Federal Contract Tower,0,0,12,0,12,0,0,109,0,109,0,0,121,0,121,180,0,180,301
03/15/2000,BVY,MA,ANE,EN,Federal Contract Tower,0,1,19,0,20,0,0,158,0,158,0,1,177,0,178,352,0,352,530
03/16/2000,BVY,MA,ANE,EN,Federal Contract Tower,0,0,15,0,15,0,4,61,0,65,0,4,76,0,80,46,0,46,126
03/17/2000,BVY,MA,ANE,EN,Federal Contract Tower,0,0,2,0,2,0,0,0,0,0,0,0,2,0,2,0,0,0,2
03/18/2000,BVY,MA,ANE,EN,Federal Contract Tower,0,0,13,0,13,0,0,195,0,195,0,0,208,0,208,218,0,218,426
03/19/2000,BVY,MA,ANE,EN,Federal Contract Tower,0,0,16,0,16,0,2,184,0,186,0,2,200,0,202,240,0,240,442
03/20/2000,BVY,MA,ANE,EN,Federal Contract Tower,0,0,18,0,18,0,1,60,0,61,0,1,78,0,79,180,0,180,259
03/21/2000,BVY,MA,ANE,EN,Federal Contract Tower,0,0,16,0,16,0,1,1,0,2,0,1,17,0,18,0,0,0,18
03/22/2000,BVY,MA,ANE,EN,Federal Contract Tower,0,2,24,0,26,0,1,78,0,79,0,3,102,0,105,200,0,200,305
03/23/2000,BVY,MA,ANE,EN,Federal Contract Tower,0,0,18,0,18,0,1,104,0,105,0,1,122,0,123,190,0,190,313
03/24/2000,BVY,MA,ANE,EN,Federal Contract Tower,0,0,11,0,11,0,0,143,6,149,0,0,154,6,160,186,0,186,346
03/25/2000,BVY,MA,ANE,EN,Federal Contract Tower,0,0,18,0,18,0,0,206,3,209,0,0,224,3,227,292,0,292,519
03/26/2000,BVY,MA,ANE,EN,Federal Contract Tower,0,0,11,0,11,0,0,138,4,142,0,0,149,4,153,250,0,250,403
03/27/2000,BVY,MA,ANE,EN,Federal Contract Tower,0,0,17,0,17,0,0,122,0,122,0,0,139,0,139,178,0,178,317
03/28/2000,BVY,MA,ANE,EN,Federal Contract Tower,0,0,7,0,7,0,1,31,0,32,0,1,38,0,39,16,0,16,55
03/29/2000,BVY,MA,ANE,EN,Federal Contract Tower,0,0,11,0,11,0,1,73,0,74,0,1,84,0,85,112,0,112,197
03/30/2000,BVY,MA,ANE,EN,Federal Contract Tower,0,0,23,0,23,0,2,87,1,90,0,2,110,1,113,104,0,104,217
03/31/2000,BVY,MA,ANE,EN,Federal Contract Tower,0,0,17,0,17,0,2,160,0,162,0,2,177,0,179,252,0,252,431
04/01/2000,BVY,MA,ANE,EN,Federal Contract Tower,0,0,9,0,9,0,0,215,0,215,0,0,224,0,224,266,0,266,490
04/02/2000,BVY,MA,ANE,EN,Federal Contract Tower,0,1,13,0,14,0,1,128,0,129,0,2,141,0,143,210,0,210,353
04/03/2000,BVY,MA,ANE,EN,Federal Contract Tower,0,0,12,0,12,0,0,39,0,39,0,0,51,0,51,106,0,106,157
04/04/2000,BVY,MA,ANE,EN,Federal Contract Tower,0,1,14,0,15,0,1,17,0,18,0,2,31,0,33,10,0,10,43
04/05/2000,BVY,MA,ANE,EN,Federal Contract Tower,0,1,5,0,6,0,5,41,0,46,0,6,46,0,52,2,0,2,54
04/06/2000,BVY,MA,ANE,EN,Federal Contract Tower,0,0,17,0,17,0,0,114,0,114,0,0,131,0,131,200,0,200,331
04/07/2000,BVY,MA,ANE,EN,Federal Contract Tower,0,1,8,0,9,0,4,162,0,166,0,5,170,0,175,242,0,242,417
04/08/2000,BVY,MA,ANE,EN,Federal Contract Tower,0,0,12,0,12,0,0,114,0,114,0,0,126,0,126,204,0,204,330
04/09/2000,BVY,MA,ANE,EN,Federal Contract Tower,0,0,2,0,2,0,0,2,0,2,0,0,4,0,4,0,0,0,4
04/10/2000,BVY,MA,ANE,EN,Federal Contract Tower,0,0,9,1,10,0,0,35,0,35,0,0,44,1,45,28,0,28,73
04/11/2000,BVY,MA,ANE,EN,Federal Contract Tower,0,0,14,0,14,0,1,111,0,112,0,1,125,0,126,136,0,136,262
04/12/2000,BVY,MA,ANE,EN,Federal Contract Tower,0,0,9,0,9,0,1,48,0,49,0,1,57,0,58,68,0,68,126
04/13/2000,BVY,MA,ANE,EN,Federal Contract Tower,0,0,8,0,8,0,0,121,0,121,0,0,129,0,129,156,0,156,285
04/14/2000,BVY,MA,ANE,EN,Federal Contract Tower,0,2,19,0,21,0,1,144,0,145,0,3,163,0,166,146,0,146,312
04/15/2000,BVY,MA,ANE,EN,Federal Contract Tower,0,0,15,0,15,0,0,120,0,120,0,0,135,0,135,126,0,126,261
04/16/2000,BVY,MA,ANE,EN,Federal Contract Tower,0,1,23,0,24,0,0,23,0,23,0,1,46,0,47,64,0,64,111
04/17/2000,BVY,MA,ANE,EN,Federal Contract Tower,0,1,17,0,18,0,0,144,0,144,0,1,161,0,162,148,0,148,310
04/18/2000,BVY,MA,ANE,EN,Federal Contract Tower,0,1,18,0,19,0,0,59,0,59,0,1,77,0,78,118,0,118,196
04/19/2000,BVY,MA,ANE,EN,Federal Contract Tower,0,0,6,0,6,0,2,0,0,2,0,2,6,0,8,0,0,0,8
04/20/2000,BVY,MA,ANE,EN,Federal Contract Tower,0,0,27,0,27,0,0,100,0,100,0,0,127,0,127,166,0,166,293
04/21/2000,BVY,MA,ANE,EN,Federal Contract Tower,0,0,18,0,18,0,0,29,0,29,0,0,47,0,47,60,0,60,107
04/22/2000,BVY,MA,ANE,EN,Federal Contract Tower,0,0,1,0,1,0,1,0,0,1,0,1,1,0,2,0,0,0,2
04/23/2000,BVY,MA,ANE,EN,Federal Contract Tower,0,0,8,0,8,0,0,0,0,0,0,0,8,0,8,0,0,0,8
04/24/2000,BVY,MA,ANE,EN,Federal Contract Tower,0,0,8,0,8,0,3,82,0,85,0,3,90,0,93,118,0,118,211
04/25/2000,BVY,MA,ANE,EN,Federal Contract Tower,0,0,18,0,18,0,0,135,0,135,0,0,153,0,153,214,0,214,367
04/26/2000,BVY,MA,ANE,EN,Federal Contract Tower,0,0,6,0,6,0,0,0,0,0,0,0,6,0,6,0,0,0,6
04/27/2000,BVY,MA,ANE,EN,Federal Contract Tower,0,0,16,0,16,0,1,81,0,82,0,1,97,0,98,158,0,158,256
04/28/2000,BVY,MA,ANE,EN,Federal Contract Tower,0,0,17,0,17,0,2,107,0,109,0,2,124,0,126,270,0,270,396
04/29/2000,BVY,MA,ANE,EN,Federal Contract Tower,0,0,22,0,22,0,0,186,4,190,0,0,208,4,212,238,0,238,450
04/30/2000,BVY,MA,ANE,EN,Federal Contract Tower,0,0,9,0,9,0,0,127,0,127,0,0,136,0,136,134,0,134,270
05/01/2000,BVY,MA,ANE,EN,Federal Contract Tower,0,0,6,0,6,0,0,136,0,136,0,0,142,0,142,96,0,96,238
05/02/2000,BVY,MA,ANE,EN,Federal Contract Tower,0,0,14,0,14,0,0,72,0,72,0,0,86,0,86,92,0,92,178
05/03/2000,BVY,MA,ANE,EN,Federal Contract Tower,0,1,27,0,28,0,13,133,1,147,0,14,160,1,175,28,0,28,203
05/04/2000,BVY,MA,ANE,EN,Federal Contract Tower,0,1,17,0,18,0,6,112,0,118,0,7,129,0,136,140,0,140,276
05/05/2000,BVY,MA,ANE,EN,Federal Contract Tower,0,0,8,0,8,0,0,154,1,155,0,0,162,1,163,230,0,230,393
05/06/2000,BVY,MA,ANE,EN,Federal Contract Tower,0,1,18,0,19,0,6,176,5,187,0,7,194,5,206,276,0,276,482
05/07/2000,BVY,MA,ANE,EN,Federal Contract Tower,0,0,23,0,23,0,0,136,0,136,0,0,159,0,159,248,0,248,407
05/08/2000,BVY,MA,ANE,EN,Federal Contract Tower,0,1,10,0,11,0,1,100,0,101,0,2,110,0,112,100,0,100,212
05/09/2000,BVY,MA,ANE,EN,Federal Contract Tower,0,0,17,0,17,0,0,31,0,31,0,0,48,0,48,72,0,72,120
05/10/2000,BVY,MA,ANE,EN,Federal Contract Tower,0,0,10,0,10,0,0,1,0,1,0,0,11,0,11,0,0,0,11
05/11/2000,BVY,MA,ANE,EN,Federal Contract Tower,0,1,26,0,27,0,2,87,2,91,0,3,113,2,118,208,0,208,326
05/12/2000,BVY,MA,ANE,EN,Federal Contract Tower,0,1,10,0,11,0,3,140,0,143,0,4,150,0,154,212,0,212,366
05/13/2000,BVY,MA,ANE,EN,Federal Contract Tower,0,0,17,0,17,0,0,49,0,49,0,0,66,0,66,62,0,62,128
05/14/2000,BVY,MA,ANE,EN,Federal Contract Tower,0,0,25,0,25,0,0,166,0,166,0,0,191,0,191,234,0,234,425
05/15/2000,BVY,MA,ANE,EN,Federal Contract Tower,0,1,9,0,10,0,15,136,1,152,0,16,145,1,162,70,0,70,232
05/16/2000,BVY,MA,ANE,EN,Federal Contract Tower,0,0,8,0,8,0,0,170,0,170,0,0,178,0,178,284,0,284,462
05/17/2000,BVY,MA,ANE,EN,Federal Contract Tower,0,1,20,0,21,0,3,157,0,160,0,4,177,0,181,310,0,310,491
05/18/2000,BVY,MA,ANE,EN,Federal Contract Tower,0,0,8,0,8,0,0,19,0,19,0,0,27,0,27,66,0,66,93
05/19/2000,BVY,MA,ANE,EN,Federal Contract Tower,0,0,27,0,27,0,2,29,0,31,0,2,56,0,58,92,0,92,150
05/20/2000,BVY,MA,ANE,EN,Federal Contract Tower,0,0,15,0,15,0,3,174,0,177,0,3,189,0,192,358,0,358,550
05/21/2000,BVY,MA,ANE,EN,Federal Contract Tower,0,0,16,0,16,0,0,32,0,32,0,0,48,0,48,72,0,72,120
05/22/2000,BVY,MA,ANE,EN,Federal Contract Tower,0,0,19,0,19,0,0,73,0,73,0,0,92,0,92,124,0,124,216
05/23/2000,BVY,MA,ANE,EN,Federal Contract Tower,0,0,16,0,16,0,2,141,1,144,0,2,157,1,160,222,0,222,382
05/24/2000,BVY,MA,ANE,EN,Federal Contract Tower,0,0,3,0,3,0,0,0,0,0,0,0,3,0,3,0,0,0,3
05/25/2000,BVY,MA,ANE,EN,Federal Contract Tower,0,0,11,0,11,0,0,70,0,70,0,0,81,0,81,136,0,136,217
05/26/2000,BVY,MA,ANE,EN,Federal Contract Tower,0,0,25,0,25,0,3,162,4,169,0,3,187,4,194,194,0,194,388
05/27/2000,BVY,MA,ANE,EN,Federal Contract Tower,0,0,21,0,21,0,2,198,0,200,0,2,219,0,221,244,0,244,465
05/28/2000,BVY,MA,ANE,EN,Federal Contract Tower,0,0,13,0,13,0,0,128,0,128,0,0,141,0,141,200,0,200,341
05/29/2000,BVY,MA,ANE,EN,Federal Contract Tower,0,0,28,0,28,0,1,96,1,98,0,1,124,1,126,130,6,136,262
05/30/2000,BVY,MA,ANE,EN,Federal Contract Tower,0,0,14,0,14,0,1,112,0,113,0,1,126,0,127,308,0,308,435
05/31/2000,BVY,MA,ANE,EN,Federal Contract Tower,0,0,24,0,24,0,2,142,0,144,0,2,166,0,168,176,0,176,344
06/01/2000,BVY,MA,ANE,EN,Federal Contract Tower,0,0,13,0,13,0,0,121,0,121,0,0,134,0,134,166,0,166,300
06/02/2000,BVY,MA,ANE,EN,Federal Contract Tower,0,1,13,0,14,0,2,88,0,90,0,3,101,0,104,126,0,126,230
06/03/2000,BVY,MA,ANE,EN,Federal Contract Tower,0,1,15,0,16,0,2,144,0,146,0,3,159,0,162,138,0,138,300
06/04/2000,BVY,MA,ANE,EN,Federal Contract Tower,0,2,23,0,25,0,1,192,0,193,0,3,215,0,218,248,0,248,466
06/05/2000,BVY,MA,ANE,EN,Federal Contract Tower,0,0,13,0,13,0,0,100,0,100,0,0,113,0,113,142,0,142,255
06/06/2000,BVY,MA,ANE,EN,Federal Contract Tower,0,0,2,0,2,0,0,4,0,4,0,0,6,0,6,0,0,0,6
06/07/2000,BVY,MA,ANE,EN,Federal Contract Tower,0,1,9,0,10,0,1,114,0,115,0,2,123,0,125,160,0,160,285
06/08/2000,BVY,MA,ANE,EN,Federal Contract Tower,0,2,22,0,24,0,2,181,2,185,0,4,203,2,209,302,0,302,511
06/09/2000,BVY,MA,ANE,EN,Federal Contract Tower,0,0,21,0,21,0,0,92,1,93,0,0,113,1,114,90,0,90,204
06/10/2000,BVY,MA,ANE,EN,Federal Contract Tower,0,1,15,0,16,0,0,153,0,153,0,1,168,0,169,218,0,218,387
06/11/2000,BVY,MA,ANE,EN,Federal Contract Tower,0,2,23,0,25,0,0,134,0,134,0,2,157,0,159,250,0,250,409
06/12/2000,BVY,MA,ANE,EN,Federal Contract Tower,0,1,23,0,24,0,0,15,0,15,0,1,38,0,39,30,0,30,69
06/13/2000,BVY,MA,ANE,EN,Federal Contract Tower,0,1,14,0,15,0,2,156,0,158,0,3,170,0,173,280,0,280,453
06/14/2000,BVY,MA,ANE,EN,Federal Contract Tower,0,1,25,0,26,0,1,122,0,123,0,2,147,0,149,284,0,284,433
06/15/2000,BVY,MA,ANE,EN,Federal Contract Tower,0,1,37,0,38,0,0,36,0,36,0,1,73,0,74,114,0,114,188
06/16/2000,BVY,MA,ANE,EN,Federal Contract Tower,0,0,14,0,14,0,2,140,2,144,0,2,154,2,158,260,0,260,418
06/17/2000,BVY,MA,ANE,EN,Federal Contract Tower,0,0,12,0,12,0,0,106,0,106,0,0,118,0,118,188,0,188,306
06/18/2000,BVY,MA,ANE,EN,Federal Contract Tower,0,0,19,0,19,0,0,175,0,175,0,0,194,0,194,268,0,268,462
06/19/2000,BVY,MA,ANE,EN,Federal Contract Tower,0,1,18,0,19,0,1,170,0,171,0,2,188,0,190,292,0,292,482
06/20/2000,BVY,MA,ANE,EN,Federal Contract Tower,0,0,12,0,12,0,3,202,0,205,0,3,214,0,217,330,0,330,547
06/21/2000,BVY,MA,ANE,EN,Federal Contract Tower,0,0,6,0,6,0,1,129,0,130,0,1,135,0,136,76,0,76,212
06/22/2000,BVY,MA,ANE,EN,Federal Contract Tower,0,0,13,0,13,0,0,127,0,127,0,0,140,0,140,174,0,174,314
06/23/2000,BVY,MA,ANE,EN,Federal Contract Tower,0,1,20,0,21,0,1,165,0,166,0,2,185,0,187,196,0,196,383
06/24/2000,BVY,MA,ANE,EN,Federal Contract Tower,0,0,20,0,20,0,0,231,0,231,0,0,251,0,251,228,0,228,479
06/25/2000,BVY,MA,ANE,EN,Federal Contract Tower,0,1,19,0,20,0,0,121,0,121,0,1,140,0,141,152,0,152,293
06/26/2000,BVY,MA,ANE,EN,Federal Contract Tower,0,0,15,0,15,0,1,61,0,62,0,1,76,0,77,144,0,144,221
06/27/2000,BVY,MA,ANE,EN,Federal Contract Tower,0,1,19,0,20,0,1,37,0,38,0,2,56,0,58,102,0,102,160
06/28/2000,BVY,MA,ANE,EN,Federal Contract Tower,0,0,5,0,5,0,1,188,0,189,0,1,193,0,194,290,0,290,484
06/29/2000,BVY,MA,ANE,EN,Federal Contract Tower,0,0,14,0,14,0,0,101,0,101,0,0,115,0,115,130,0,130,245
06/30/2000,BVY,MA,ANE,EN,Federal Contract Tower,0,1,22,0,23,0,1,136,1,138,0,2,158,1,161,244,0,244,405
07/01/2000,BVY,MA,ANE,EN,Federal Contract Tower,0,1,8,0,9,0,1,218,0,219,0,2,226,0,228,324,0,324,552
07/02/2000,BVY,MA,ANE,EN,Federal Contract Tower,0,1,9,0,10,0,0,216,0,216,0,1,225,0,226,210,0,210,436
07/03/2000,BVY,MA,ANE,EN,Federal Contract Tower,0,1,5,0,6,0,2,124,0,126,0,3,129,0,132,70,0,70,202
07/04/2000,BVY,MA,ANE,EN,Federal Contract Tower,0,1,13,0,14,0,0,67,1,68,0,1,80,1,82,52,0,52,134
07/05/2000,BVY,MA,ANE,EN,Federal Contract Tower,0,1,10,0,11,0,0,138,0,138,0,1,148,0,149,172,0,172,321
07/06/2000,BVY,MA,ANE,EN,Federal Contract Tower,0,0,8,0,8,0,0,174,0,174,0,0,182,0,182,208,0,208,390
07/07/2000,BVY,MA,ANE,EN,Federal Contract Tower,0,3,19,0,22,0,1,165,0,166,0,4,184,0,188,212,0,212,400
07/08/2000,BVY,MA,ANE,EN,Federal Contract Tower,0,0,11,0,11,0,0,193,0,193,0,0,204,0,204,196,0,196,400
07/09/2000,BVY,MA,ANE,EN,Federal Contract Tower,0,3,13,0,16,0,4,152,0,156,0,7,165,0,172,310,0,310,482
07/10/2000,BVY,MA,ANE,EN,Federal Contract Tower,0,0,7,0,7,0,2,104,0,106,0,2,111,0,113,120,0,120,233
07/11/2000,BVY,MA,ANE,EN,Federal Contract Tower,0,0,10,0,10,0,0,218,0,218,0,0,228,0,228,228,0,228,456
07/12/2000,BVY,MA,ANE,EN,Federal Contract Tower,0,0,13,0,13,0,3,193,0,196,0,3,206,0,209,296,0,296,505
07/13/2000,BVY,MA,ANE,EN,Federal Contract Tower,0,0,7,0,7,0,0,173,0,173,0,0,180,0,180,178,0,178,358
07/14/2000,BVY,MA,ANE,EN,Federal Contract Tower,0,0,16,0,16,0,0,132,1,133,0,0,148,1,149,180,0,180,329
07/15/2000,BVY,MA,ANE,EN,Federal Contract Tower,0,0,14,0,14,0,2,110,0,112,0,2,124,0,126,156,0,156,282
07/16/2000,BVY,MA,ANE,EN,Federal Contract Tower,0,1,16,0,17,0,0,1,0,1,0,1,17,0,18,0,0,0,18
07/17/2000,BVY,MA,ANE,EN,Federal Contract Tower,0,2,14,0,16,0,0,21,0,21,0,2,35,0,37,30,0,30,67
07/18/2000,BVY,MA,ANE,EN,Federal Contract Tower,0,0,10,0,10,0,2,62,2,66,0,2,72,2,76,172,0,172,248
07/19/2000,BVY,MA,ANE,EN,Federal Contract Tower,0,0,12,0,12,0,9,179,1,189,0,9,191,1,201,248,0,248,449
07/20/2000,BVY,MA,ANE,EN,Federal Contract Tower,0,0,23,0,23,0,0,208,0,208,0,0,231,0,231,296,0,296,527
07/21/2000,BVY,MA,ANE,EN,Federal Contract Tower,0,2,18,0,20,0,2,146,0,148,0,4,164,0,168,202,0,202,370
07/22/2000,BVY,MA,ANE,EN,Federal Contract Tower,0,0,14,0,14,0,0,61,0,61,0,0,75,0,75,86,0,86,161
07/23/2000,BVY,MA,ANE,EN,Federal Contract Tower,0,0,5,0,5,0,0,238,0,238,0,0,243,0,243,330,0,330,573
07/24/2000,BVY,MA,ANE,EN,Federal Contract Tower,0,0,14,0,14,0,0,156,0,156,0,0,170,0,170,264,0,264,434
07/25/2000,BVY,MA,ANE,EN,Federal Contract Tower,0,2,17,0,19,0,0,94,0,94,0,2,111,0,113,106,0,106,219
07/26/2000,BVY,MA,ANE,EN,Federal Contract Tower,0,0,15,0,15,0,2,4,0,6,0,2,19,0,21,34,0,34,55
07/27/2000,BVY,MA,ANE,EN,Federal Contract Tower,0,0,5,0,5,0,0,0,0,0,0,0,5,0,5,0,0,0,5
07/28/2000,BVY,MA,ANE,EN,Federal Contract Tower,0,2,28,0,30,0,3,46,0,49,0,5,74,0,79,54,0,54,133
07/29/2000,BVY,MA,ANE,EN,Federal Contract Tower,0,1,25,0,26,0,1,123,0,124,0,2,148,0,150,184,0,184,334
07/30/2000,BVY,MA,ANE,EN,Federal Contract Tower,0,1,25,0,26,0,3,0,0,3,0,4,25,0,29,2,0,2,31
07/31/2000,BVY,MA,ANE,EN,Federal Contract Tower,0,0,20,0,20,0,0,30,0,30,0,0,50,0,50,42,0,42,92
08/01/2000,BVY,MA,ANE,EN,Federal Contract Tower,0,0,5,0,5,0,0,1,0,1,0,0,6,0,6,0,0,0,6
08/02/2000,BVY,MA,ANE,EN,Federal Contract Tower,0,0,19,0,19,0,0,27,0,27,0,0,46,0,46,24,0,24,70
08/03/2000,BVY,MA,ANE,EN,Federal Contract Tower,0,2,22,0,24,0,0,88,2,90,0,2,110,2,114,78,0,78,192
08/04/2000,BVY,MA,ANE,EN,Federal Contract Tower,0,3,24,0,27,0,5,189,0,194,0,8,213,0,221,204,0,204,425
08/05/2000,BVY,MA,ANE,EN,Federal Contract Tower,0,2,23,0,25,0,0,262,0,262,0,2,285,0,287,232,0,232,519
08/06/2000,BVY,MA,ANE,EN,Federal Contract Tower,0,0,19,0,19,0,0,254,0,254,0,0,273,0,273,250,0,250,523
08/07/2000,BVY,MA,ANE,EN,Federal Contract Tower,0,2,18,0,20,0,2,28,0,30,0,4,46,0,50,42,0,42,92
08/08/2000,BVY,MA,ANE,EN,Federal Contract Tower,0,0,14,0,14,0,3,142,0,145,0,3,156,0,159,200,0,200,359
08/09/2000,BVY,MA,ANE,EN,Federal Contract Tower,0,2,19,0,21,0,2,94,1,97,0,4,113,1,118,116,0,116,234
08/10/2000,BVY,MA,ANE,EN,Federal Contract Tower,0,2,19,0,21,0,2,138,0,140,0,4,157,0,161,198,0,198,359
08/11/2000,BVY,MA,ANE,EN,Federal Contract Tower,0,1,21,0,22,0,0,190,0,190,0,1,211,0,212,218,0,218,430
08/12/2000,BVY,MA,ANE,EN,Federal Contract Tower,0,1,27,0,28,0,0,84,0,84,0,1,111,0,112,130,0,130,242
08/13/2000,BVY,MA,ANE,EN,Federal Contract Tower,0,3,39,0,42,0,0,53,2,55,0,3,92,2,97,130,0,130,227
08/14/2000,BVY,MA,ANE,EN,Federal Contract Tower,0,0,13,0,13,0,0,0,0,0,0,0,13,0,13,0,0,0,13
08/15/2000,BVY,MA,ANE,EN,Federal Contract Tower,0,0,15,0,15,0,0,1,0,1,0,0,16,0,16,0,0,0,16
08/16/2000,BVY,MA,ANE,EN,Federal Contract Tower,0,1,20,0,21,0,5,71,0,76,0,6,91,0,97,130,0,130,227
08/17/2000,BVY,MA,ANE,EN,Federal Contract Tower,0,2,26,0,28,0,4,194,1,199,0,6,220,1,227,246,0,246,473
08/18/2000,BVY,MA,ANE,EN,Federal Contract Tower,0,1,14,0,15,0,1,178,0,179,0,2,192,0,194,364,0,364,558
08/19/2000,BVY,MA,ANE,EN,Federal Contract Tower,0,0,13,0,13,0,0,176,0,176,0,0,189,0,189,252,0,252,441
08/20/2000,BVY,MA,ANE,EN,Federal Contract Tower,0,1,22,0,23,0,1,190,0,191,0,2,212,0,214,288,0,288,502
08/21/2000,BVY,MA,ANE,EN,Federal Contract Tower,0,0,8,0,8,0,0,175,0,175,0,0,183,0,183,216,0,216,399
08/22/2000,BVY,MA,ANE,EN,Federal Contract Tower,0,1,14,0,15,0,1,183,2,186,0,2,197,2,201,196,0,196,397
08/23/2000,BVY,MA,ANE,EN,Federal Contract Tower,0,0,13,0,13,0,3,107,0,110,0,3,120,0,123,170,0,170,293
08/24/2000,BVY,MA,ANE,EN,Federal Contract Tower,0,1,16,0,17,0,1,125,3,129,0,2,141,3,146,140,0,140,286
08/25/2000,BVY,MA,ANE,EN,Federal Contract Tower,0,1,15,0,16,0,1,164,3,168,0,2,179,3,184,174,2,176,360
08/26/2000,BVY,MA,ANE,EN,Federal Contract Tower,0,0,13,0,13,0,0,199,12,211,0,0,212,12,224,214,0,214,438
08/27/2000,BVY,MA,ANE,EN,Federal Contract Tower,0,1,31,0,32,0,0,173,0,173,0,1,204,0,205,304,0,304,509
08/28/2000,BVY,MA,ANE,EN,Federal Contract Tower,0,1,15,0,16,0,1,148,0,149,0,2,163,0,165,188,0,188,353
08/29/2000,BVY,MA,ANE,EN,Federal Contract Tower,0,1,16,0,17,0,0,181,8,189,0,1,197,8,206,216,0,216,422
08/30/2000,BVY,MA,ANE,EN,Federal Contract Tower,0,1,21,0,22,0,0,143,0,143,0,1,164,0,165,206,0,206,371
08/31/2000,BVY,MA,ANE,EN,Federal Contract Tower,0,1,24,0,25,0,1,134,0,135,0,2,158,0,160,130,0,130,290
09/01/2000,BVY,MA,ANE,EN,Federal Contract Tower,0,1,10,0,11,0,1,147,0,148,0,2,157,0,159,152,0,152,311
09/02/2000,BVY,MA,ANE,EN,Federal Contract Tower,0,0,13,0,13,0,0,1,0,1,0,0,14,0,14,0,0,0,14
09/03/2000,BVY,MA,ANE,EN,Federal Contract Tower,0,0,13,0,13,0,0,5,0,5,0,0,18,0,18,4,0,4,22
09/04/2000,BVY,MA,ANE,EN,Federal Contract Tower,0,1,20,0,21,0,0,26,0,26,0,1,46,0,47,72,0,72,119
09/05/2000,BVY,MA,ANE,EN,Federal Contract Tower,0,1,10,0,11,0,3,138,0,141,0,4,148,0,152,186,0,186,338
09/06/2000,BVY,MA,ANE,EN,Federal Contract Tower,0,1,12,0,13,0,6,168,0,174,0,7,180,0,187,266,0,266,453
09/07/2000,BVY,MA,ANE,EN,Federal Contract Tower,0,2,21,0,23,0,0,189,1,190,0,2,210,1,213,284,0,284,497
09/08/2000,BVY,MA,ANE,EN,Federal Contract Tower,0,2,15,0,17,0,2,119,0,121,0,4,134,0,138,168,0,168,306
09/09/2000,BVY,MA,ANE,EN,Federal Contract Tower,0,2,20,0,22,0,2,195,0,197,0,4,215,0,219,252,0,252,471
09/10/2000,BVY,MA,ANE,EN,Federal Contract Tower,0,2,14,0,16,0,1,288,0,289,0,3,302,0,305,352,0,352,657
09/11/2000,BVY,MA,ANE,EN,Federal Contract Tower,0,0,7,0,7,0,0,125,0,125,0,0,132,0,132,304,0,304,436
09/12/2000,BVY,MA,ANE,EN,Federal Contract Tower,0,0,21,0,21,0,0,127,0,127,0,0,148,0,148,216,0,216,364
09/13/2000,BVY,MA,ANE,EN,Federal Contract Tower,0,1,15,0,16,0,1,117,1,119,0,2,132,1,135,152,0,152,287
09/14/2000,BVY,MA,ANE,EN,Federal Contract Tower,0,0,16,0,16,0,0,212,1,213,0,0,228,1,229,206,0,206,435
09/15/2000,BVY,MA,ANE,EN,Federal Contract Tower,0,0,15,0,15,0,0,26,0,26,0,0,41,0,41,18,0,18,59
09/16/2000,BVY,MA,ANE,EN,Federal Contract Tower,0,0,13,0,13,0,0,205,0,205,0,0,218,0,218,270,0,270,488
09/17/2000,BVY,MA,ANE,EN,Federal Contract Tower,0,0,22,0,22,0,0,166,0,166,0,0,188,0,188,166,0,166,354
09/18/2000,BVY,MA,ANE,EN,Federal Contract Tower,0,0,10,0,10,0,0,137,0,137,0,0,147,0,147,218,0,218,365
09/19/2000,BVY,MA,ANE,EN,Federal Contract Tower,0,0,18,0,18,0,0,104,0,104,0,0,122,0,122,108,0,108,230
09/20/2000,BVY,MA,ANE,EN,Federal Contract Tower,0,1,19,0,20,0,2,100,0,102,0,3,119,0,122,126,0,126,248
09/21/2000,BVY,MA,ANE,EN,Federal Contract Tower,0,1,19,0,20,0,0,71,0,71,0,1,90,0,91,76,0,76,167
09/22/2000,BVY,MA,ANE,EN,Federal Contract Tower,0,0,19,0,19,0,0,193,0,193,0,0,212,0,212,244,0,244,456
09/23/2000,BVY,MA,ANE,EN,Federal Contract Tower,0,0,15,0,15,0,1,181,0,182,0,1,196,0,197,184,0,184,381
09/24/2000,BVY,MA,ANE,EN,Federal Contract Tower,0,2,33,0,35,0,0,131,0,131,0,2,164,0,166,132,0,132,298
09/25/2000,BVY,MA,ANE,EN,Federal Contract Tower,0,1,19,0,20,0,3,128,0,131,0,4,147,0,151,202,0,202,353
09/26/2000,BVY,MA,ANE,EN,Federal Contract Tower,0,0,10,0,10,0,0,18,0,18,0,0,28,0,28,72,0,72,100
09/27/2000,BVY,MA,ANE,EN,Federal Contract Tower,0,1,18,0,19,0,2,185,0,187,0,3,203,0,206,390,0,390,596
09/28/2000,BVY,MA,ANE,EN,Federal Contract Tower,0,1,21,0,22,0,1,128,0,129,0,2,149,0,151,262,0,262,413
09/29/2000,BVY,MA,ANE,EN,Federal Contract Tower,0,1,18,0,19,0,0,180,1,181,0,1,198,1,200,264,0,264,464
09/30/2000,BVY,MA,ANE,EN,Federal Contract Tower,0,0,19,0,19,0,0,263,1,264,0,0,282,1,283,0,0,0,283
10/01/2000,BVY,MA,ANE,EN,Federal Contract Tower,0,3,26,0,29,0,5,260,2,267,0,8,286,2,296,346,0,346,642
10/02/2000,BVY,MA,ANE,EN,Federal Contract Tower,0,0,9,0,9,0,0,84,0,84,0,0,93,0,93,246,0,246,339
10/03/2000,BVY,MA,ANE,EN,Federal Contract Tower,0,1,21,0,22,0,0,118,2,120,0,1,139,2,142,286,0,286,428
10/04/2000,BVY,MA,ANE,EN,Federal Contract Tower,0,1,14,0,15,0,1,80,0,81,0,2,94,0,96,114,0,114,210
10/05/2000,BVY,MA,ANE,EN,Federal Contract Tower,0,0,14,0,14,0,0,63,1,64,0,0,77,1,78,138,0,138,216
10/06/2000,BVY,MA,ANE,EN,Federal Contract Tower,0,0,5,0,5,0,0,1,0,1,0,0,6,0,6,0,0,0,6
10/07/2000,BVY,MA,ANE,EN,Federal Contract Tower,0,0,17,0,17,0,0,241,0,241,0,0,258,0,258,276,0,276,534
10/08/2000,BVY,MA,ANE,EN,Federal Contract Tower,0,1,14,0,15,0,1,201,0,202,0,2,215,0,217,232,0,232,449
10/09/2000,BVY,MA,ANE,EN,Federal Contract Tower,0,1,13,0,14,0,1,69,0,70,0,2,82,0,84,94,0,94,178
10/10/2000,BVY,MA,ANE,EN,Federal Contract Tower,0,0,9,0,9,0,0,79,0,79,0,0,88,0,88,202,0,202,290
10/11/2000,BVY,MA,ANE,EN,Federal Contract Tower,0,0,10,0,10,0,0,110,2,112,0,0,120,2,122,92,2,94,216
10/12/2000,BVY,MA,ANE,EN,Federal Contract Tower,0,2,15,0,17,0,2,176,0,178,0,4,191,0,195,238,0,238,433
10/13/2000,BVY,MA,ANE,EN,Federal Contract Tower,0,1,13,0,14,0,0,190,0,190,0,1,203,0,204,204,0,204,408
10/14/2000,BVY,MA,ANE,EN,Federal Contract Tower,0,1,5,0,6,0,1,259,0,260,0,2,264,0,266,304,0,304,570
10/15/2000,BVY,MA,ANE,EN,Federal Contract Tower,0,2,20,0,22,0,2,225,0,227,0,4,245,0,249,316,0,316,565
10/16/2000,BVY,MA,ANE,EN,Federal Contract Tower,0,0,11,0,11,0,0,21,1,22,0,0,32,1,33,68,0,68,101
10/17/2000,BVY,MA,ANE,EN,Federal Contract Tower,0,1,23,1,25,0,0,83,2,85,0,1,106,3,110,202,0,202,312
10/18/2000,BVY,MA,ANE,EN,Federal Contract Tower,0,0,13,0,13,0,0,1,0,1,0,0,14,0,14,0,0,0,14
10/19/2000,BVY,MA,ANE,EN,Federal Contract Tower,0,0,9,0,9,0,0,102,0,102,0,0,111,0,111,116,0,116,227
10/20/2000,BVY,MA,ANE,EN,Federal Contract Tower,0,1,14,0,15,0,1,254,0,255,0,2,268,0,270,304,0,304,574
10/21/2000,BVY,MA,ANE,EN,Federal Contract Tower,0,1,20,0,21,0,0,195,0,195,0,1,215,0,216,264,0,264,480
10/22/2000,BVY,MA,ANE,EN,Federal Contract Tower,0,2,26,0,28,0,0,182,0,182,0,2,208,0,210,272,0,272,482
10/23/2000,BVY,MA,ANE,EN,Federal Contract Tower,0,1,22,0,23,0,2,123,0,125,0,3,145,0,148,230,0,230,378
10/24/2000,BVY,MA,ANE,EN,Federal Contract Tower,0,0,14,0,14,0,6,156,0,162,0,6,170,0,176,174,0,174,350
10/25/2000,BVY,MA,ANE,EN,Federal Contract Tower,0,0,7,0,7,0,1,159,0,160,0,1,166,0,167,272,0,272,439
10/26/2000,BVY,MA,ANE,EN,Federal Contract Tower,0,0,12,0,12,0,4,161,0,165,0,4,173,0,177,313,0,313,490
10/27/2000,BVY,MA,ANE,EN,Federal Contract Tower,0,1,21,0,22,0,2,121,0,123,0,3,142,0,145,280,0,280,425
10/28/2000,BVY,MA,ANE,EN,Federal Contract Tower,0,0,2,0,2,0,1,41,0,42,0,1,43,0,44,30,0,30,74
10/29/2000,BVY,MA,ANE,EN,Federal Contract Tower,0,0,10,0,10,0,0,21,0,21,0,0,31,0,31,56,0,56,87
10/30/2000,BVY,MA,ANE,EN,Federal Contract Tower,0,0,5,0,5,0,0,10,0,10,0,0,15,0,15,0,0,0,15
10/31/2000,BVY,MA,ANE,EN,Federal Contract Tower,0,0,3,0,3,0,0,2,0,2,0,0,5,0,5,10,0,10,15
11/01/2000,BVY,MA,ANE,EN,Federal Contract Tower,0,1,13,0,14,0,2,87,0,89,0,3,100,0,103,178,0,178,281
11/02/2000,BVY,MA,ANE,EN,Federal Contract Tower,0,0,12,0,12,0,0,133,0,133,0,0,145,0,145,180,0,180,325
11/03/2000,BVY,MA,ANE,EN,Federal Contract Tower,0,0,13,0,13,0,0,165,0,165,0,0,178,0,178,278,0,278,456
11/04/2000,BVY,MA,ANE,EN,Federal Contract Tower,0,0,17,0,17,0,0,225,2,227,0,0,242,2,244,364,0,364,608
11/05/2000,BVY,MA,ANE,EN,Federal Contract Tower,0,2,15,0,17,0,0,7,0,7,0,2,22,0,24,50,0,50,74
11/06/2000,BVY,MA,ANE,EN,Federal Contract Tower,0,1,11,0,12,0,2,79,1,82,0,3,90,1,94,204,0,204,298
11/07/2000,BVY,MA,ANE,EN,Federal Contract Tower,0,0,8,0,8,0,0,141,2,143,0,0,149,2,151,266,0,266,417
11/08/2000,BVY,MA,ANE,EN,Federal Contract Tower,0,1,12,0,13,0,3,81,0,84,0,4,93,0,97,164,0,164,261
11/09/2000,BVY,MA,ANE,EN,Federal Contract Tower,0,0,7,0,7,0,0,21,0,21,0,0,28,0,28,26,0,26,54
11/10/2000,BVY,MA,ANE,EN,Federal Contract Tower,0,0,8,0,8,0,0,1,0,1,0,0,9,0,9,0,0,0,9
11/11/2000,BVY,MA,ANE,EN,Federal Contract Tower,0,0,9,0,9,0,0,20,0,20,0,0,29,0,29,38,0,38,67
11/12/2000,BVY,MA,ANE,EN,Federal Contract Tower,0,0,18,0,18,0,0,209,0,209,0,0,227,0,227,378,0,378,605
11/13/2000,BVY,MA,ANE,EN,Federal Contract Tower,0,0,14,0,14,0,0,88,0,88,0,0,102,0,102,286,0,286,388
11/14/2000,BVY,MA,ANE,EN,Federal Contract Tower,0,0,11,0,11,0,0,21,0,21,0,0,32,0,32,40,0,40,72
11/15/2000,BVY,MA,ANE,EN,Federal Contract Tower,0,0,4,0,4,0,0,73,0,73,0,0,77,0,77,94,0,94,171
11/16/2000,BVY,MA,ANE,EN,Federal Contract Tower,0,0,15,0,15,0,2,136,0,138,0,2,151,0,153,186,0,186,339
11/17/2000,BVY,MA,ANE,EN,Federal Contract Tower,0,0,14,0,14,0,0,94,0,94,0,0,108,0,108,138,0,138,246
11/18/2000,BVY,MA,ANE,EN,Federal Contract Tower,0,0,11,0,11,0,0,172,0,172,0,0,183,0,183,246,0,246,429
11/19/2000,BVY,MA,ANE,EN,Federal Contract Tower,0,0,17,0,17,0,0,282,0,282,0,0,299,0,299,422,0,422,721
11/20/2000,BVY,MA,ANE,EN,Federal Contract Tower,0,1,15,0,16,0,1,113,0,114,0,2,128,0,130,160,0,160,290
11/21/2000,BVY,MA,ANE,EN,Federal Contract Tower,0,0,16,0,16,0,0,104,0,104,0,0,120,0,120,228,0,228,348
11/22/2000,BVY,MA,ANE,EN,Federal Contract Tower,0,1,18,0,19,0,3,117,0,120,0,4,135,0,139,188,0,188,327
11/23/2000,BVY,MA,ANE,EN,Federal Contract Tower,0,0,3,0,3,0,0,25,0,25,0,0,28,0,28,16,0,16,44
11/24/2000,BVY,MA,ANE,EN,Federal Contract Tower,0,0,11,0,11,0,2,177,0,179,0,2,188,0,190,176,0,176,366
11/25/2000,BVY,MA,ANE,EN,Federal Contract Tower,0,1,16,0,17,0,0,204,0,204,0,1,220,0,221,268,0,268,489
11/26/2000,BVY,MA,ANE,EN,Federal Contract Tower,0,0,6,0,6,0,3,10,0,13,0,3,16,0,19,36,0,36,55
11/27/2000,BVY,MA,ANE,EN,Federal Contract Tower,0,0,17,0,17,0,0,55,0,55,0,0,72,0,72,140,0,140,212
11/28/2000,BVY,MA,ANE,EN,Federal Contract Tower,0,0,14,0,14,0,1,99,0,100,0,1,113,0,114,296,0,296,410
11/29/2000,BVY,MA,ANE,EN,Federal Contract Tower,0,1,15,0,16,0,3,111,0,114,0,4,126,0,130,116,0,116,246
11/30/2000,BVY,MA,ANE,EN,Federal Contract Tower,0,0,2,0,2,0,0,22,0,22,0,0,24,0,24,26,0,26,50
12/01/2000,BVY,MA,ANE,EN,Federal Contract Tower,0,1,11,0,12,0,0,120,1,121,0,1,131,1,133,162,0,162,295
12/02/2000,BVY,MA,ANE,EN,Federal Contract Tower,0,1,11,0,12,0,0,143,0,143,0,1,154,0,155,208,0,208,363
12/03/2000,BVY,MA,ANE,EN,Federal Contract Tower,0,0,10,0,10,0,0,193,0,193,0,0,203,0,203,276,0,276,479
12/04/2000,BVY,MA,ANE,EN,Federal Contract Tower,0,0,6,0,6,0,0,149,0,149,0,0,155,0,155,210,0,210,365
12/05/2000,BVY,MA,ANE,EN,Federal Contract Tower,0,2,14,0,16,0,0,113,0,113,0,2,127,0,129,130,0,130,259
12/06/2000,BVY,MA,ANE,EN,Federal Contract Tower,0,1,9,0,10,0,2,109,0,111,0,3,118,0,121,186,0,186,307
12/07/2000,BVY,MA,ANE,EN,Federal Contract Tower,0,1,9,0,10,0,1,108,2,111,0,2,117,2,121,222,0,222,343
12/08/2000,BVY,MA,ANE,EN,Federal Contract Tower,0,0,10,0,10,0,0,46,0,46,0,0,56,0,56,140,0,140,196
12/09/2000,BVY,MA,ANE,EN,Federal Contract Tower,0,1,8,0,9,0,0,169,0,169,0,1,177,0,178,314,0,314,492
12/10/2000,BVY,MA,ANE,EN,Federal Contract Tower,0,1,13,0,14,0,0,169,1,170,0,1,182,1,184,372,0,372,556
12/11/2000,BVY,MA,ANE,EN,Federal Contract Tower,0,0,5,0,5,0,0,20,0,20,0,0,25,0,25,60,0,60,85
12/12/2000,BVY,MA,ANE,EN,Federal Contract Tower,0,0,0,0,0,0,0,1,0,1,0,0,1,0,1,8,0,8,9
12/13/2000,BVY,MA,ANE,EN,Federal Contract Tower,0,0,8,0,8,0,2,118,0,120,0,2,126,0,128,222,0,222,350
12/14/2000,BVY,MA,ANE,EN,Federal Contract Tower,0,0,2,0,2,0,0,0,0,0,0,0,2,0,2,0,0,0,2
12/15/2000,BVY,MA,ANE,EN,Federal Contract Tower,0,2,15,0,17,0,0,121,0,121,0,2,136,0,138,180,0,180,318
12/16/2000,BVY,MA,ANE,EN,Federal Contract Tower,0,0,12,0,12,0,0,107,0,107,0,0,119,0,119,272,0,272,391
12/17/2000,BVY,MA,ANE,EN,Federal Contract Tower,0,0,1,0,1,0,0,2,0,2,0,0,3,0,3,16,0,16,19
12/18/2000,BVY,MA,ANE,EN,Federal Contract Tower,0,0,6,0,6,0,2,23,0,25,0,2,29,0,31,0,0,0,31
12/19/2000,BVY,MA,ANE,EN,Federal Contract Tower,0,0,8,0,8,0,0,107,0,107,0,0,115,0,115,226,0,226,341
12/20/2000,BVY,MA,ANE,EN,Federal Contract Tower,0,0,3,0,3,0,0,9,0,9,0,0,12,0,12,0,0,0,12
12/21/2000,BVY,MA,ANE,EN,Federal Contract Tower,0,0,12,0,12,0,0,84,0,84,0,0,96,0,96,112,0,112,208
12/22/2000,BVY,MA,ANE,EN,Federal Contract Tower,0,0,10,0,10,0,0,32,0,32,0,0,42,0,42,78,0,78,120
12/23/2000,BVY,MA,ANE,EN,Federal Contract Tower,0,0,9,0,9,0,0,114,0,114,0,0,123,0,123,146,0,146,269
12/24/2000,BVY,MA,ANE,EN,Federal Contract Tower,0,0,8,0,8,0,0,78,0,78,0,0,86,0,86,44,0,44,130
12/25/2000,BVY,MA,ANE,EN,Federal Contract Tower,0,0,2,0,2,0,1,5,0,6,0,1,7,0,8,0,0,0,8
12/26/2000,BVY,MA,ANE,EN,Federal Contract Tower,0,1,16,0,17,0,1,30,0,31,0,2,46,0,48,8,0,8,56
12/27/2000,BVY,MA,ANE,EN,Federal Contract Tower,0,0,8,0,8,0,2,63,0,65,0,2,71,0,73,56,0,56,129
12/28/2000,BVY,MA,ANE,EN,Federal Contract Tower,0,0,11,0,11,0,0,75,0,75,0,0,86,0,86,58,0,58,144
12/29/2000,BVY,MA,ANE,EN,Federal Contract Tower,0,0,12,0,12,0,0,147,0,147,0,0,159,0,159,310,0,310,469
12/30/2000,BVY,MA,ANE,EN,Federal Contract Tower,0,0,4,0,4,0,0,33,0,33,0,0,37,0,37,160,0,160,197
12/31/2000,BVY,MA,ANE,EN,Federal Contract Tower,0,0,0,0,0,0,0,2,0,2,0,0,2,0,2,0,0,0,2
01/01/2001,BVY,MA,ANE,EN,Federal Contract Tower,0,0,3,0,3,0,0,41,0,41,0,0,44,0,44,94,0,94,138
01/02/2001,BVY,MA,ANE,EN,Federal Contract Tower,0,0,7,0,7,0,0,108,0,108,0,0,115,0,115,220,0,220,335
01/03/2001,BVY,MA,ANE,EN,Federal Contract Tower,0,0,2,0,2,0,0,99,0,99,0,0,101,0,101,178,0,178,279
01/04/2001,BVY,MA,ANE,EN,Federal Contract Tower,0,0,4,0,4,0,0,85,0,85,0,0,89,0,89,156,0,156,245
01/05/2001,BVY,MA,ANE,EN,Federal Contract Tower,0,0,6,0,6,0,0,117,0,117,0,0,123,0,123,204,0,204,327
01/06/2001,BVY,MA,ANE,EN,Federal Contract Tower,0,0,2,0,2,0,0,0,0,0,0,0,2,0,2,0,0,0,2
01/07/2001,BVY,MA,ANE,EN,Federal Contract Tower,0,0,10,0,10,0,0,125,0,125,0,0,135,0,135,232,0,232,367
01/08/2001,BVY,MA,ANE,EN,Federal Contract Tower,0,0,2,0,2,0,0,57,2,59,0,0,59,2,61,144,0,144,205
01/09/2001,BVY,MA,ANE,EN,Federal Contract Tower,0,0,1,0,1,0,0,24,0,24,0,0,25,0,25,52,0,52,77
01/10/2001,BVY,MA,ANE,EN,Federal Contract Tower,0,0,5,0,5,0,1,57,0,58,0,1,62,0,63,60,0,60,123
01/11/2001,BVY,MA,ANE,EN,Federal Contract Tower,0,0,6,0,6,0,2,61,3,66,0,2,67,3,72,12,0,12,84
01/12/2001,BVY,MA,ANE,EN,Federal Contract Tower,0,3,13,0,16,0,0,111,0,111,0,3,124,0,127,194,0,194,321
01/13/2001,BVY,MA,ANE,EN,Federal Contract Tower,0,0,15,0,15,0,0,151,0,151,0,0,166,0,166,212,0,212,378
01/14/2001,BVY,MA,ANE,EN,Federal Contract Tower,0,0,10,0,10,0,0,150,0,150,0,0,160,0,160,344,0,344,504
01/15/2001,BVY,MA,ANE,EN,Federal Contract Tower,0,0,2,0,2,0,0,1,0,1,0,0,3,0,3,0,0,0,3
01/16/2001,BVY,MA,ANE,EN,Federal Contract Tower,0,0,0,0,0,0,0,20,0,20,0,0,20,0,20,52,0,52,72
01/17/2001,BVY,MA,ANE,EN,Federal Contract Tower,0,0,10,0,10,0,0,92,0,92,0,0,102,0,102,110,0,110,212
01/18/2001,BVY,MA,ANE,EN,Federal Contract Tower,0,0,8,0,8,0,0,107,0,107,0,0,115,0,115,134,0,134,249
01/19/2001,BVY,MA,ANE,EN,Federal Contract Tower,0,0,5,0,5,0,0,7,0,7,0,0,12,0,12,74,0,74,86
01/20/2001,BVY,MA,ANE,EN,Federal Contract Tower,0,0,1,0,1,0,0,2,0,2,0,0,3,0,3,0,0,0,3
01/21/2001,BVY,MA,ANE,EN,Federal Contract Tower,0,0,1,0,1,0,0,8,0,8,0,0,9,0,9,20,0,20,29
01/22/2001,BVY,MA,ANE,EN,Federal Contract Tower,0,0,7,0,7,0,0,54,0,54,0,0,61,0,61,44,0,44,105
01/23/2001,BVY,MA,ANE,EN,Federal Contract Tower,0,0,8,0,8,0,0,117,0,117,0,0,125,0,125,192,0,192,317
01/24/2001,BVY,MA,ANE,EN,Federal Contract Tower,0,0,9,0,9,0,0,125,0,125,0,0,134,0,134,90,0,90,224
01/25/2001,BVY,MA,ANE,EN,Federal Contract Tower,0,0,10,0,10,0,3,98,0,101,0,3,108,0,111,184,0,184,295
01/26/2001,BVY,MA,ANE,EN,Federal Contract Tower,0,0,2,0,2,0,0,137,1,138,0,0,139,1,140,246,14,260,400
01/27/2001,BVY,MA,ANE,EN,Federal Contract Tower,0,0,13,0,13,0,0,83,0,83,0,0,96,0,96,220,0,220,316
01/28/2001,BVY,MA,ANE,EN,Federal Contract Tower,0,0,7,0,7,0,0,162,0,162,0,0,169,0,169,250,0,250,419
01/29/2001,BVY,MA,ANE,EN,Federal Contract Tower,0,0,7,0,7,0,1,121,0,122,0,1,128,0,129,178,0,178,307
01/30/2001,BVY,MA,ANE,EN,Federal Contract Tower,0,0,1,0,1,0,1,28,1,30,0,1,29,1,31,72,0,72,103
01/31/2001,BVY,MA,ANE,EN,Federal Contract Tower,0,4,16,0,20,0,0,17,0,17,0,4,33,0,37,50,0,50,87
02/01/2001,BVY,MA,ANE,EN,Federal Contract Tower,0,0,9,0,9,0,0,83,0,83,0,0,92,0,92,88,0,88,180
02/02/2001,BVY,MA,ANE,EN,Federal Contract Tower,0,1,20,0,21,0,0,92,1,93,0,1,112,1,114,192,0,192,306
02/03/2001,BVY,MA,ANE,EN,Federal Contract Tower,0,0,8,0,8,0,0,98,0,98,0,0,106,0,106,128,0,128,234
02/04/2001,BVY,MA,ANE,EN,Federal Contract Tower,0,1,19,0,20,0,0,156,0,156,0,1,175,0,176,344,0,344,520
02/05/2001,BVY,MA,ANE,EN,Federal Contract Tower,0,0,4,0,4,0,0,19,0,19,0,0,23,0,23,10,0,10,33
02/06/2001,BVY,MA,ANE,EN,Federal Contract Tower,0,1,7,0,8,0,1,39,0,40,0,2,46,0,48,60,0,60,108
02/07/2001,BVY,MA,ANE,EN,Federal Contract Tower,0,0,8,0,8,0,0,94,0,94,0,0,102,0,102,66,0,66,168
02/08/2001,BVY,MA,ANE,EN,Federal Contract Tower,0,0,15,0,15,0,0,95,0,95,0,0,110,0,110,106,0,106,216
02/09/2001,BVY,MA,ANE,EN,Federal Contract Tower,0,0,1,0,1,0,0,7,0,7,0,0,8,0,8,52,0,52,60
02/10/2001,BVY,MA,ANE,EN,Federal Contract Tower,0,0,0,0,0,0,3,0,0,3,0,3,0,0,3,0,0,0,3
02/11/2001,BVY,MA,ANE,EN,Federal Contract Tower,0,0,4,0,4,0,3,26,0,29,0,3,30,0,33,44,0,44,77
02/12/2001,BVY,MA,ANE,EN,Federal Contract Tower,0,0,17,0,17,0,0,107,0,107,0,0,124,0,124,132,0,132,256
02/13/2001,BVY,MA,ANE,EN,Federal Contract Tower,0,0,17,0,17,0,0,118,0,118,0,0,135,0,135,148,0,148,283
02/14/2001,BVY,MA,ANE,EN,Federal Contract Tower,0,0,5,0,5,0,0,83,2,85,0,0,88,2,90,142,0,142,232
02/15/2001,BVY,MA,ANE,EN,Federal Contract Tower,0,0,11,0,11,0,0,87,1,88,0,0,98,1,99,172,0,172,271
02/16/2001,BVY,MA,ANE,EN,Federal Contract Tower,0,0,9,0,9,0,2,80,0,82,0,2,89,0,91,120,0,120,211
02/17/2001,BVY,MA,ANE,EN,Federal Contract Tower,0,0,1,0,1,0,0,50,0,50,0,0,51,0,51,80,0,80,131
02/18/2001,BVY,MA,ANE,EN,Federal Contract Tower,0,0,10,0,10,0,0,173,0,173,0,0,183,0,183,296,0,296,479
02/19/2001,BVY,MA,ANE,EN,Federal Contract Tower,0,0,13,0,13,0,0,106,0,106,0,0,119,0,119,148,0,148,267
02/20/2001,BVY,MA,ANE,EN,Federal Contract Tower,0,0,7,0,7,0,0,105,0,105,0,0,112,0,112,244,0,244,356
02/21/2001,BVY,MA,ANE,EN,Federal Contract Tower,0,0,5,0,5,0,1,29,0,30,0,1,34,0,35,30,0,30,65
02/22/2001,BVY,MA,ANE,EN,Federal Contract Tower,0,1,19,0,20,0,0,97,0,97,0,1,116,0,117,210,0,210,327
02/23/2001,BVY,MA,ANE,EN,Federal Contract Tower,0,0,16,0,16,0,0,101,0,101,0,0,117,0,117,158,0,158,275
02/24/2001,BVY,MA,ANE,EN,Federal Contract Tower,0,2,20,0,22,0,0,134,0,134,0,2,154,0,156,192,0,192,348
02/25/2001,BVY,MA,ANE,EN,Federal Contract Tower,0,0,2,0,2,0,0,0,0,0,0,0,2,0,2,0,0,0,2
02/26/2001,BVY,MA,ANE,EN,Federal Contract Tower,0,0,4,0,4,0,0,38,0,38,0,0,42,0,42,20,0,20,62
02/27/2001,BVY,MA,ANE,EN,Federal Contract Tower,0,0,11,0,11,0,0,84,0,84,0,0,95,0,95,180,0,180,275
02/28/2001,BVY,MA,ANE,EN,Federal Contract Tower,0,0,18,0,18,0,0,118,2,120,0,0,136,2,138,112,0,112,250
03/01/2001,BVY,MA,ANE,EN,Federal Contract Tower,0,0,11,0,11,0,0,95,0,95,0,0,106,0,106,128,0,128,234
03/02/2001,BVY,MA,ANE,EN,Federal Contract Tower,0,0,14,0,14,0,0,50,0,50,0,0,64,0,64,146,0,146,210
03/03/2001,BVY,MA,ANE,EN,Federal Contract Tower,0,1,7,0,8,0,1,49,0,50,0,2,56,0,58,196,0,196,254
03/04/2001,BVY,MA,ANE,EN,Federal Contract Tower,0,1,12,0,13,0,2,153,0,155,0,3,165,0,168,320,0,320,488
03/05/2001,BVY,MA,ANE,EN,Federal Contract Tower,0,0,0,0,0,0,0,0,0,0,0,0,0,0,0,0,0,0,0
03/06/2001,BVY,MA,ANE,EN,Federal Contract Tower,0,0,0,0,0,0,0,0,0,0,0,0,0,0,0,0,0,0,0
03/07/2001,BVY,MA,ANE,EN,Federal Contract Tower,0,0,0,0,0,0,0,19,1,20,0,0,19,1,20,0,0,0,20
03/08/2001,BVY,MA,ANE,EN,Federal Contract Tower,0,0,5,0,5,0,0,73,0,73,0,0,78,0,78,72,0,72,150
03/09/2001,BVY,MA,ANE,EN,Federal Contract Tower,0,1,1,0,2,0,0,45,0,45,0,1,46,0,47,78,0,78,125
03/10/2001,BVY,MA,ANE,EN,Federal Contract Tower,0,1,2,0,3,0,0,23,0,23,0,1,25,0,26,28,0,28,54
03/11/2001,BVY,MA,ANE,EN,Federal Contract Tower,0,0,9,0,9,0,0,138,0,138,0,0,147,0,147,228,0,228,375
03/12/2001,BVY,MA,ANE,EN,Federal Contract Tower,0,0,6,0,6,0,0,95,0,95,0,0,101,0,101,138,0,138,239
03/13/2001,BVY,MA,ANE,EN,Federal Contract Tower,0,0,0,0,0,0,0,3,0,3,0,0,3,0,3,8,0,8,11
03/14/2001,BVY,MA,ANE,EN,Federal Contract Tower,0,0,5,0,5,0,0,50,0,50,0,0,55,0,55,54,0,54,109
03/15/2001,BVY,MA,ANE,EN,Federal Contract Tower,0,0,11,0,11,0,1,84,0,85,0,1,95,0,96,114,0,114,210
03/16/2001,BVY,MA,ANE,EN,Federal Contract Tower,0,2,15,0,17,0,0,123,0,123,0,2,138,0,140,234,0,234,374
03/17/2001,BVY,MA,ANE,EN,Federal Contract Tower,0,1,18,0,19,0,1,159,0,160,0,2,177,0,179,232,0,232,411
03/18/2001,BVY,MA,ANE,EN,Federal Contract Tower,0,0,7,0,7,0,0,108,0,108,0,0,115,0,115,173,0,173,288
03/19/2001,BVY,MA,ANE,EN,Federal Contract Tower,0,0,8,0,8,0,0,69,2,71,0,0,77,2,79,70,0,70,149
03/20/2001,BVY,MA,ANE,EN,Federal Contract Tower,0,0,15,0,15,0,1,157,3,161,0,1,172,3,176,262,0,262,438
03/21/2001,BVY,MA,ANE,EN,Federal Contract Tower,0,0,6,0,6,0,0,89,0,89,0,0,95,0,95,160,0,160,255
03/22/2001,BVY,MA,ANE,EN,Federal Contract Tower,0,0,0,0,0,0,0,0,0,0,0,0,0,0,0,0,0,0,0
03/23/2001,BVY,MA,ANE,EN,Federal Contract Tower,0,0,15,0,15,0,2,42,0,44,0,2,57,0,59,54,0,54,113
03/24/2001,BVY,MA,ANE,EN,Federal Contract Tower,0,0,5,0,5,0,0,94,0,94,0,0,99,0,99,116,0,116,215
03/25/2001,BVY,MA,ANE,EN,Federal Contract Tower,0,1,24,0,25,0,1,152,0,153,0,2,176,0,178,150,0,150,328
03/26/2001,BVY,MA,ANE,EN,Federal Contract Tower,0,0,16,0,16,0,0,71,0,71,0,0,87,0,87,132,0,132,219
03/27/2001,BVY,MA,ANE,EN,Federal Contract Tower,0,0,19,0,19,0,0,97,0,97,0,0,116,0,116,140,0,140,256
03/28/2001,BVY,MA,ANE,EN,Federal Contract Tower,0,0,10,0,10,0,4,130,0,134,0,4,140,0,144,216,0,216,360
03/29/2001,BVY,MA,ANE,EN,Federal Contract Tower,0,0,16,0,16,0,0,78,0,78,0,0,94,0,94,98,0,98,192
03/30/2001,BVY,MA,ANE,EN,Federal Contract Tower,0,0,3,0,3,0,0,0,0,0,0,0,3,0,3,0,0,0,3
03/31/2001,BVY,MA,ANE,EN,Federal Contract Tower,0,1,17,0,18,0,0,123,0,123,0,1,140,0,141,212,0,212,353
04/01/2001,BVY,MA,ANE,EN,Federal Contract Tower,0,1,10,0,11,0,4,75,0,79,0,5,85,0,90,376,0,376,466
04/02/2001,BVY,MA,ANE,EN,Federal Contract Tower,0,0,17,0,17,0,0,59,0,59,0,0,76,0,76,136,0,136,212
04/03/2001,BVY,MA,ANE,EN,Federal Contract Tower,0,1,17,0,18,0,0,128,0,128,0,1,145,0,146,178,0,178,324
04/04/2001,BVY,MA,ANE,EN,Federal Contract Tower,0,1,17,0,18,0,0,142,0,142,0,1,159,0,160,190,0,190,350
04/05/2001,BVY,MA,ANE,EN,Federal Contract Tower,0,1,13,0,14,0,0,150,0,150,0,1,163,0,164,234,0,234,398
04/06/2001,BVY,MA,ANE,EN,Federal Contract Tower,0,0,10,0,10,0,0,82,1,83,0,0,92,1,93,162,0,162,255
04/07/2001,BVY,MA,ANE,EN,Federal Contract Tower,0,0,15,0,15,0,0,117,0,117,0,0,132,0,132,196,0,196,328
04/08/2001,BVY,MA,ANE,EN,Federal Contract Tower,0,0,0,0,0,0,0,17,0,17,0,0,17,0,17,98,0,98,115
04/09/2001,BVY,MA,ANE,EN,Federal Contract Tower,0,0,5,0,5,0,0,107,0,107,0,0,112,0,112,150,0,150,262
04/10/2001,BVY,MA,ANE,EN,Federal Contract Tower,0,1,15,0,16,0,0,104,0,104,0,1,119,0,120,148,0,148,268
04/11/2001,BVY,MA,ANE,EN,Federal Contract Tower,0,2,19,0,21,0,0,146,0,146,0,2,165,0,167,242,0,242,409
04/12/2001,BVY,MA,ANE,EN,Federal Contract Tower,0,0,4,0,4,0,0,1,0,1,0,0,5,0,5,0,0,0,5
04/13/2001,BVY,MA,ANE,EN,Federal Contract Tower,0,0,16,0,16,0,3,68,0,71,0,3,84,0,87,54,0,54,141
04/14/2001,BVY,MA,ANE,EN,Federal Contract Tower,0,0,8,0,8,0,0,50,0,50,0,0,58,0,58,16,0,16,74
04/15/2001,BVY,MA,ANE,EN,Federal Contract Tower,0,0,14,0,14,0,2,107,0,109,0,2,121,0,123,100,0,100,223
04/16/2001,BVY,MA,ANE,EN,Federal Contract Tower,0,0,12,0,12,0,0,163,0,163,0,0,175,0,175,198,0,198,373
04/17/2001,BVY,MA,ANE,EN,Federal Contract Tower,0,0,5,0,5,0,0,85,0,85,0,0,90,0,90,154,0,154,244
04/18/2001,BVY,MA,ANE,EN,Federal Contract Tower,0,0,2,0,2,0,0,23,0,23,0,0,25,0,25,76,0,76,101
04/19/2001,BVY,MA,ANE,EN,Federal Contract Tower,0,0,20,0,20,0,0,112,0,112,0,0,132,0,132,38,0,38,170
04/20/2001,BVY,MA,ANE,EN,Federal Contract Tower,0,0,13,0,13,0,2,157,0,159,0,2,170,0,172,170,0,170,342
04/21/2001,BVY,MA,ANE,EN,Federal Contract Tower,0,0,9,0,9,0,0,147,0,147,0,0,156,0,156,172,0,172,328
04/22/2001,BVY,MA,ANE,EN,Federal Contract Tower,0,0,11,0,11,0,2,118,0,120,0,2,129,0,131,166,0,166,297
04/23/2001,BVY,MA,ANE,EN,Federal Contract Tower,0,0,8,0,8,0,2,91,0,93,0,2,99,0,101,118,0,118,219
04/24/2001,BVY,MA,ANE,EN,Federal Contract Tower,0,0,7,0,7,0,0,77,0,77,0,0,84,0,84,142,0,142,226
04/25/2001,BVY,MA,ANE,EN,Federal Contract Tower,0,0,12,0,12,0,0,122,2,124,0,0,134,2,136,216,0,216,352
04/26/2001,BVY,MA,ANE,EN,Federal Contract Tower,0,2,22,0,24,0,0,146,0,146,0,2,168,0,170,220,0,220,390
04/27/2001,BVY,MA,ANE,EN,Federal Contract Tower,0,0,10,0,10,0,2,123,0,125,0,2,133,0,135,194,0,194,329
04/28/2001,BVY,MA,ANE,EN,Federal Contract Tower,0,0,10,0,10,0,0,123,0,123,0,0,133,0,133,170,0,170,303
04/29/2001,BVY,MA,ANE,EN,Federal Contract Tower,0,0,17,0,17,0,0,171,0,171,0,0,188,0,188,190,0,190,378
04/30/2001,BVY,MA,ANE,EN,Federal Contract Tower,0,0,19,0,19,0,2,141,0,143,0,2,160,0,162,227,0,227,389
05/01/2001,BVY,MA,ANE,EN,Federal Contract Tower,0,1,4,0,5,0,0,126,0,126,0,1,130,0,131,186,0,186,317
05/02/2001,BVY,MA,ANE,EN,Federal Contract Tower,0,0,9,0,9,0,0,154,0,154,0,0,163,0,163,246,0,246,409
05/03/2001,BVY,MA,ANE,EN,Federal Contract Tower,0,1,6,0,7,0,3,136,0,139,0,4,142,0,146,260,0,260,406
05/04/2001,BVY,MA,ANE,EN,Federal Contract Tower,0,2,11,0,13,0,0,134,0,134,0,2,145,0,147,234,0,234,381
05/05/2001,BVY,MA,ANE,EN,Federal Contract Tower,0,0,10,1,11,0,0,119,0,119,0,0,129,1,130,206,0,206,336
05/06/2001,BVY,MA,ANE,EN,Federal Contract Tower,0,0,19,0,19,0,0,168,1,169,0,0,187,1,188,198,0,198,386
05/07/2001,BVY,MA,ANE,EN,Federal Contract Tower,0,0,13,0,13,0,0,107,0,107,0,0,120,0,120,174,0,174,294
05/08/2001,BVY,MA,ANE,EN,Federal Contract Tower,0,3,26,0,29,0,1,101,0,102,0,4,127,0,131,172,0,172,303
05/09/2001,BVY,MA,ANE,EN,Federal Contract Tower,0,2,18,0,20,0,4,160,0,164,0,6,178,0,184,262,0,262,446
05/10/2001,BVY,MA,ANE,EN,Federal Contract Tower,0,0,9,0,9,0,1,152,0,153,0,1,161,0,162,188,0,188,350
05/11/2001,BVY,MA,ANE,EN,Federal Contract Tower,0,0,13,0,13,0,0,173,1,174,0,0,186,1,187,258,0,258,445
05/12/2001,BVY,MA,ANE,EN,Federal Contract Tower,0,2,16,0,18,0,0,132,0,132,0,2,148,0,150,210,0,210,360
05/13/2001,BVY,MA,ANE,EN,Federal Contract Tower,0,0,14,0,14,0,0,150,0,150,0,0,164,0,164,214,0,214,378
05/14/2001,BVY,MA,ANE,EN,Federal Contract Tower,0,0,9,0,9,0,3,91,0,94,0,3,100,0,103,52,0,52,155
05/15/2001,BVY,MA,ANE,EN,Federal Contract Tower,0,1,13,0,14,0,0,58,0,58,0,1,71,0,72,122,0,122,194
05/16/2001,BVY,MA,ANE,EN,Federal Contract Tower,0,0,19,0,19,0,0,26,0,26,0,0,45,0,45,88,0,88,133
05/17/2001,BVY,MA,ANE,EN,Federal Contract Tower,0,2,17,0,19,0,1,126,1,128,0,3,143,1,147,282,0,282,429
05/18/2001,BVY,MA,ANE,EN,Federal Contract Tower,0,2,20,0,22,0,0,141,0,141,0,2,161,0,163,376,0,376,539
05/19/2001,BVY,MA,ANE,EN,Federal Contract Tower,0,1,18,0,19,0,3,152,0,155,0,4,170,0,174,206,0,206,380
05/20/2001,BVY,MA,ANE,EN,Federal Contract Tower,0,2,22,0,24,0,4,212,0,216,0,6,234,0,240,392,0,392,632
05/21/2001,BVY,MA,ANE,EN,Federal Contract Tower,0,0,15,0,15,0,0,75,0,75,0,0,90,0,90,102,0,102,192
05/22/2001,BVY,MA,ANE,EN,Federal Contract Tower,0,0,4,0,4,0,1,0,0,1,0,1,4,0,5,0,0,0,5
05/23/2001,BVY,MA,ANE,EN,Federal Contract Tower,0,1,16,0,17,0,1,99,0,100,0,2,115,0,117,184,0,184,301
05/24/2001,BVY,MA,ANE,EN,Federal Contract Tower,0,1,16,0,17,0,2,73,0,75,0,3,89,0,92,74,0,74,166
05/25/2001,BVY,MA,ANE,EN,Federal Contract Tower,0,1,15,0,16,0,1,176,0,177,0,2,191,0,193,286,0,286,479
05/26/2001,BVY,MA,ANE,EN,Federal Contract Tower,0,0,15,0,15,0,0,159,0,159,0,0,174,0,174,336,0,336,510
05/27/2001,BVY,MA,ANE,EN,Federal Contract Tower,0,0,1,0,1,0,0,1,0,1,0,0,2,0,2,2,0,2,4
05/28/2001,BVY,MA,ANE,EN,Federal Contract Tower,0,1,14,0,15,0,0,19,0,19,0,1,33,0,34,58,0,58,92
05/29/2001,BVY,MA,ANE,EN,Federal Contract Tower,0,0,12,0,12,0,0,134,1,135,0,0,146,1,147,242,0,242,389
05/30/2001,BVY,MA,ANE,EN,Federal Contract Tower,0,0,18,0,18,0,0,129,2,131,0,0,147,2,149,180,0,180,329
05/31/2001,BVY,MA,ANE,EN,Federal Contract Tower,0,0,9,0,9,0,2,78,5,85,0,2,87,5,94,120,0,120,214
06/01/2001,BVY,MA,ANE,EN,Federal Contract Tower,0,0,17,0,17,0,0,172,4,176,0,0,189,4,193,282,0,282,475
06/02/2001,BVY,MA,ANE,EN,Federal Contract Tower,0,0,3,0,3,0,0,1,0,1,0,0,4,0,4,0,0,0,4
06/03/2001,BVY,MA,ANE,EN,Federal Contract Tower,0,0,3,0,3,0,0,3,0,3,0,0,6,0,6,0,0,0,6
06/04/2001,BVY,MA,ANE,EN,Federal Contract Tower,0,2,10,0,12,0,2,92,0,94,0,4,102,0,106,100,0,100,206
06/05/2001,BVY,MA,ANE,EN,Federal Contract Tower,0,2,9,0,11,0,1,121,0,122,0,3,130,0,133,178,0,178,311
06/06/2001,BVY,MA,ANE,EN,Federal Contract Tower,0,1,11,0,12,0,0,125,5,130,0,1,136,5,142,238,0,238,380
06/07/2001,BVY,MA,ANE,EN,Federal Contract Tower,0,2,24,0,26,0,0,157,0,157,0,2,181,0,183,218,0,218,401
06/08/2001,BVY,MA,ANE,EN,Federal Contract Tower,0,2,13,0,15,0,3,177,3,183,0,5,190,3,198,304,0,304,502
06/09/2001,BVY,MA,ANE,EN,Federal Contract Tower,0,0,11,0,11,0,0,196,0,196,0,0,207,0,207,200,0,200,407
06/10/2001,BVY,MA,ANE,EN,Federal Contract Tower,0,2,10,0,12,0,3,208,0,211,0,5,218,0,223,286,0,286,509
06/11/2001,BVY,MA,ANE,EN,Federal Contract Tower,0,2,15,0,17,0,1,90,0,91,0,3,105,0,108,148,0,148,256
06/12/2001,BVY,MA,ANE,EN,Federal Contract Tower,0,1,16,0,17,0,0,24,0,24,0,1,40,0,41,40,0,40,81
06/13/2001,BVY,MA,ANE,EN,Federal Contract Tower,0,3,17,0,20,0,0,114,0,114,0,3,131,0,134,274,0,274,408
06/14/2001,BVY,MA,ANE,EN,Federal Contract Tower,0,1,14,1,16,0,0,118,0,118,0,1,132,1,134,272,0,272,406
06/15/2001,BVY,MA,ANE,EN,Federal Contract Tower,0,0,14,0,14,0,0,90,0,90,0,0,104,0,104,242,0,242,346
06/16/2001,BVY,MA,ANE,EN,Federal Contract Tower,0,0,12,0,12,0,0,134,0,134,0,0,146,0,146,382,0,382,528
06/17/2001,BVY,MA,ANE,EN,Federal Contract Tower,0,0,10,0,10,0,0,5,0,5,0,0,15,0,15,2,0,2,17
06/18/2001,BVY,MA,ANE,EN,Federal Contract Tower,0,0,9,0,9,0,0,148,2,150,0,0,157,2,159,206,0,206,365
06/19/2001,BVY,MA,ANE,EN,Federal Contract Tower,0,0,11,0,11,0,0,166,0,166,0,0,177,0,177,182,0,182,359
06/20/2001,BVY,MA,ANE,EN,Federal Contract Tower,0,0,8,0,8,0,0,106,0,106,0,0,114,0,114,114,0,114,228
06/21/2001,BVY,MA,ANE,EN,Federal Contract Tower,0,2,24,0,26,0,0,93,0,93,0,2,117,0,119,88,0,88,207
06/22/2001,BVY,MA,ANE,EN,Federal Contract Tower,0,2,12,0,14,0,0,25,0,25,0,2,37,0,39,24,0,24,63
06/23/2001,BVY,MA,ANE,EN,Federal Contract Tower,0,0,8,0,8,0,0,36,0,36,0,0,44,0,44,116,0,116,160
06/24/2001,BVY,MA,ANE,EN,Federal Contract Tower,0,2,21,0,23,0,5,49,0,54,0,7,70,0,77,120,0,120,197
06/25/2001,BVY,MA,ANE,EN,Federal Contract Tower,0,2,22,0,24,0,2,166,0,168,0,4,188,0,192,232,0,232,424
06/26/2001,BVY,MA,ANE,EN,Federal Contract Tower,0,2,21,0,23,0,8,162,0,170,0,10,183,0,193,230,0,230,423
06/27/2001,BVY,MA,ANE,EN,Federal Contract Tower,0,0,25,0,25,0,0,182,0,182,0,0,207,0,207,254,0,254,461
06/28/2001,BVY,MA,ANE,EN,Federal Contract Tower,0,0,15,0,15,0,0,171,0,171,0,0,186,0,186,288,0,288,474
06/29/2001,BVY,MA,ANE,EN,Federal Contract Tower,0,1,17,0,18,0,6,149,0,155,0,7,166,0,173,266,0,266,439
06/30/2001,BVY,MA,ANE,EN,Federal Contract Tower,0,1,16,0,17,0,4,105,0,109,0,5,121,0,126,222,0,222,348
07/01/2001,BVY,MA,ANE,EN,Federal Contract Tower,0,6,32,0,38,0,14,92,0,106,0,20,124,0,144,194,0,194,338
07/02/2001,BVY,MA,ANE,EN,Federal Contract Tower,0,2,8,0,10,0,0,97,0,97,0,2,105,0,107,78,0,78,185
07/03/2001,BVY,MA,ANE,EN,Federal Contract Tower,0,2,11,0,13,0,4,142,4,150,0,6,153,4,163,206,0,206,369
07/04/2001,BVY,MA,ANE,EN,Federal Contract Tower,0,2,9,0,11,0,6,74,1,81,0,8,83,1,92,118,0,118,210
07/05/2001,BVY,MA,ANE,EN,Federal Contract Tower,0,3,12,0,15,0,6,102,0,108,0,9,114,0,123,100,0,100,223
07/06/2001,BVY,MA,ANE,EN,Federal Contract Tower,0,2,10,0,12,0,0,159,1,160,0,2,169,1,172,192,0,192,364
07/07/2001,BVY,MA,ANE,EN,Federal Contract Tower,0,0,8,0,8,0,0,191,0,191,0,0,199,0,199,302,0,302,501
07/08/2001,BVY,MA,ANE,EN,Federal Contract Tower,0,3,17,0,20,0,0,46,0,46,0,3,63,0,66,90,0,90,156
07/09/2001,BVY,MA,ANE,EN,Federal Contract Tower,0,2,10,0,12,0,1,132,0,133,0,3,142,0,145,368,0,368,513
07/10/2001,BVY,MA,ANE,EN,Federal Contract Tower,0,1,17,0,18,0,0,45,0,45,0,1,62,0,63,114,0,114,177
07/11/2001,BVY,MA,ANE,EN,Federal Contract Tower,0,1,17,0,18,0,0,68,0,68,0,1,85,0,86,166,0,166,252
07/12/2001,BVY,MA,ANE,EN,Federal Contract Tower,0,1,12,0,13,0,0,131,0,131,0,1,143,0,144,236,0,236,380
07/13/2001,BVY,MA,ANE,EN,Federal Contract Tower,0,3,22,0,25,0,0,158,0,158,0,3,180,0,183,268,0,268,451
07/14/2001,BVY,MA,ANE,EN,Federal Contract Tower,0,1,10,0,11,0,2,125,0,127,0,3,135,0,138,230,0,230,368
07/15/2001,BVY,MA,ANE,EN,Federal Contract Tower,0,0,15,0,15,0,0,186,0,186,0,0,201,0,201,318,0,318,519
07/16/2001,BVY,MA,ANE,EN,Federal Contract Tower,0,1,12,0,13,0,0,153,0,153,0,1,165,0,166,286,0,286,452
07/17/2001,BVY,MA,ANE,EN,Federal Contract Tower,0,1,21,0,22,0,0,16,0,16,0,1,37,0,38,36,0,36,74
07/18/2001,BVY,MA,ANE,EN,Federal Contract Tower,0,2,20,0,22,0,0,94,0,94,0,2,114,0,116,208,0,208,324
07/19/2001,BVY,MA,ANE,EN,Federal Contract Tower,0,0,21,0,21,0,0,129,0,129,0,0,150,0,150,250,0,250,400
07/20/2001,BVY,MA,ANE,EN,Federal Contract Tower,0,3,20,0,23,0,5,161,0,166,0,8,181,0,189,282,2,284,473
07/21/2001,BVY,MA,ANE,EN,Federal Contract Tower,0,0,13,0,13,0,0,183,0,183,0,0,196,0,196,296,0,296,492
07/22/2001,BVY,MA,ANE,EN,Federal Contract Tower,0,4,23,0,27,0,0,160,0,160,0,4,183,0,187,258,0,258,445
07/23/2001,BVY,MA,ANE,EN,Federal Contract Tower,0,2,16,0,18,0,3,145,0,148,0,5,161,0,166,322,0,322,488
07/24/2001,BVY,MA,ANE,EN,Federal Contract Tower,0,0,15,0,15,0,0,91,0,91,0,0,106,0,106,238,0,238,344
07/25/2001,BVY,MA,ANE,EN,Federal Contract Tower,0,0,14,0,14,0,0,106,0,106,0,0,120,0,120,236,0,236,356
07/26/2001,BVY,MA,ANE,EN,Federal Contract Tower,0,2,22,2,26,0,0,41,0,41,0,2,63,2,67,102,0,102,169
07/27/2001,BVY,MA,ANE,EN,Federal Contract Tower,0,3,6,0,9,0,0,215,0,215,0,3,221,0,224,312,0,312,536
07/28/2001,BVY,MA,ANE,EN,Federal Contract Tower,0,4,15,0,19,0,0,188,0,188,0,4,203,0,207,194,0,194,401
07/29/2001,BVY,MA,ANE,EN,Federal Contract Tower,0,6,29,0,35,0,0,183,0,183,0,6,212,0,218,238,0,238,456
07/30/2001,BVY,MA,ANE,EN,Federal Contract Tower,0,2,1,0,3,0,0,149,0,149,0,2,150,0,152,292,0,292,444
07/31/2001,BVY,MA,ANE,EN,Federal Contract Tower,0,0,8,0,8,0,0,148,1,149,0,0,156,1,157,136,0,136,293
08/01/2001,BVY,MA,ANE,EN,Federal Contract Tower,0,2,13,0,15,0,0,163,0,163,0,2,176,0,178,268,0,268,446
08/02/2001,BVY,MA,ANE,EN,Federal Contract Tower,0,2,21,0,23,0,0,155,0,155,0,2,176,0,178,212,0,212,390
08/03/2001,BVY,MA,ANE,EN,Federal Contract Tower,0,0,11,0,11,0,0,94,1,95,0,0,105,1,106,176,0,176,282
08/04/2001,BVY,MA,ANE,EN,Federal Contract Tower,0,0,13,0,13,0,0,334,0,334,0,0,347,0,347,144,0,144,491
08/05/2001,BVY,MA,ANE,EN,Federal Contract Tower,0,3,25,0,28,0,2,68,0,70,0,5,93,0,98,184,0,184,282
08/06/2001,BVY,MA,ANE,EN,Federal Contract Tower,0,0,10,0,10,0,0,128,0,128,0,0,138,0,138,234,0,234,372
08/07/2001,BVY,MA,ANE,EN,Federal Contract Tower,0,2,15,0,17,0,0,127,0,127,0,2,142,0,144,156,0,156,300
08/08/2001,BVY,MA,ANE,EN,Federal Contract Tower,0,3,7,0,10,0,6,144,0,150,0,9,151,0,160,334,0,334,494
08/09/2001,BVY,MA,ANE,EN,Federal Contract Tower,0,2,14,0,16,0,2,127,0,129,0,4,141,0,145,244,0,244,389
08/10/2001,BVY,MA,ANE,EN,Federal Contract Tower,0,6,29,0,35,0,0,51,0,51,0,6,80,0,86,192,0,192,278
08/11/2001,BVY,MA,ANE,EN,Federal Contract Tower,0,4,13,0,17,0,0,135,0,135,0,4,148,0,152,232,0,232,384
08/12/2001,BVY,MA,ANE,EN,Federal Contract Tower,0,2,17,0,19,0,0,10,0,10,0,2,27,0,29,4,0,4,33
08/13/2001,BVY,MA,ANE,EN,Federal Contract Tower,0,0,14,0,14,0,0,42,0,42,0,0,56,0,56,132,0,132,188
08/14/2001,BVY,MA,ANE,EN,Federal Contract Tower,0,4,24,0,28,0,0,133,0,133,0,4,157,0,161,340,0,340,501
08/15/2001,BVY,MA,ANE,EN,Federal Contract Tower,0,0,13,0,13,0,0,169,1,170,0,0,182,1,183,250,0,250,433
08/16/2001,BVY,MA,ANE,EN,Federal Contract Tower,0,0,20,2,22,0,0,192,0,192,0,0,212,2,214,284,0,284,498
08/17/2001,BVY,MA,ANE,EN,Federal Contract Tower,0,3,20,0,23,0,3,109,0,112,0,6,129,0,135,294,0,294,429
08/18/2001,BVY,MA,ANE,EN,Federal Contract Tower,0,4,14,0,18,0,0,221,0,221,0,4,235,0,239,200,0,200,439
08/19/2001,BVY,MA,ANE,EN,Federal Contract Tower,0,0,20,0,20,0,0,226,0,226,0,0,246,0,246,316,0,316,562
08/20/2001,BVY,MA,ANE,EN,Federal Contract Tower,0,4,18,0,22,0,0,25,0,25,0,4,43,0,47,40,0,40,87
08/21/2001,BVY,MA,ANE,EN,Federal Contract Tower,0,2,16,0,18,0,1,27,0,28,0,3,43,0,46,44,0,44,90
08/22/2001,BVY,MA,ANE,EN,Federal Contract Tower,0,0,12,0,12,1,3,214,0,218,1,3,226,0,230,292,0,292,522
08/23/2001,BVY,MA,ANE,EN,Federal Contract Tower,0,4,19,0,23,0,0,152,0,152,0,4,171,0,175,290,0,290,465
08/24/2001,BVY,MA,ANE,EN,Federal Contract Tower,0,0,22,0,22,0,0,161,0,161,0,0,183,0,183,274,0,274,457
08/25/2001,BVY,MA,ANE,EN,Federal Contract Tower,0,0,12,0,12,0,0,194,0,194,0,0,206,0,206,222,0,222,428
08/26/2001,BVY,MA,ANE,EN,Federal Contract Tower,0,2,17,0,19,0,4,213,0,217,0,6,230,0,236,278,0,278,514
08/27/2001,BVY,MA,ANE,EN,Federal Contract Tower,0,3,25,0,28,0,1,86,0,87,0,4,111,0,115,254,0,254,369
08/28/2001,BVY,MA,ANE,EN,Federal Contract Tower,0,4,18,0,22,0,0,125,0,125,0,4,143,0,147,212,0,212,359
08/29/2001,BVY,MA,ANE,EN,Federal Contract Tower,0,0,13,0,13,0,0,204,0,204,0,0,217,0,217,166,0,166,383
08/30/2001,BVY,MA,ANE,EN,Federal Contract Tower,0,3,15,0,18,0,2,180,0,182,0,5,195,0,200,204,0,204,404
08/31/2001,BVY,MA,ANE,EN,Federal Contract Tower,0,6,29,0,35,0,2,100,0,102,0,8,129,0,137,140,0,140,277
09/01/2001,BVY,MA,ANE,EN,Federal Contract Tower,0,1,15,0,16,0,0,115,0,115,0,1,130,0,131,178,0,178,309
09/02/2001,BVY,MA,ANE,EN,Federal Contract Tower,0,6,9,0,15,0,0,220,4,224,0,6,229,4,239,226,0,226,465
09/03/2001,BVY,MA,ANE,EN,Federal Contract Tower,0,0,15,0,15,0,0,213,4,217,0,0,228,4,232,288,0,288,520
09/04/2001,BVY,MA,ANE,EN,Federal Contract Tower,0,2,14,0,16,0,0,78,11,89,0,2,92,11,105,180,0,180,285
09/05/2001,BVY,MA,ANE,EN,Federal Contract Tower,0,2,7,0,9,0,1,148,0,149,0,3,155,0,158,250,0,250,408
09/06/2001,BVY,MA,ANE,EN,Federal Contract Tower,0,0,9,0,9,0,0,188,0,188,0,0,197,0,197,234,0,234,431
09/07/2001,BVY,MA,ANE,EN,Federal Contract Tower,0,2,20,0,22,0,1,190,0,191,0,3,210,0,213,306,0,306,519
09/08/2001,BVY,MA,ANE,EN,Federal Contract Tower,0,4,17,0,21,0,4,172,0,176,0,8,189,0,197,192,0,192,389
09/09/2001,BVY,MA,ANE,EN,Federal Contract Tower,0,4,17,0,21,0,0,193,0,193,0,4,210,0,214,164,0,164,378
09/10/2001,BVY,MA,ANE,EN,Federal Contract Tower,0,0,14,0,14,0,4,110,0,114,0,4,124,0,128,158,0,158,286
09/11/2001,BVY,MA,ANE,EN,Federal Contract Tower,0,0,2,0,2,0,0,13,0,13,0,0,15,0,15,14,0,14,29
09/12/2001,BVY,MA,ANE,EN,Federal Contract Tower,0,2,0,0,2,0,0,0,0,0,0,2,0,0,2,0,0,0,2
09/13/2001,BVY,MA,ANE,EN,Federal Contract Tower,0,3,0,0,3,0,0,0,0,0,0,3,0,0,3,0,0,0,3
09/14/2001,BVY,MA,ANE,EN,Federal Contract Tower,0,7,1,0,8,0,0,0,1,1,0,7,1,1,9,0,0,0,9
09/15/2001,BVY,MA,ANE,EN,Federal Contract Tower,0,6,30,1,37,0,0,0,0,0,0,6,30,1,37,0,0,0,37
09/16/2001,BVY,MA,ANE,EN,Federal Contract Tower,0,6,40,0,46,0,0,0,0,0,0,6,40,0,46,0,0,0,46
09/17/2001,BVY,MA,ANE,EN,Federal Contract Tower,0,4,36,0,40,0,0,0,0,0,0,4,36,0,40,0,0,0,40
09/18/2001,BVY,MA,ANE,EN,Federal Contract Tower,0,4,36,0,40,0,0,0,0,0,0,4,36,0,40,0,0,0,40
09/19/2001,BVY,MA,ANE,EN,Federal Contract Tower,0,1,30,0,31,0,0,0,0,0,0,1,30,0,31,0,0,0,31
09/20/2001,BVY,MA,ANE,EN,Federal Contract Tower,0,0,34,2,36,0,0,0,0,0,0,0,34,2,36,0,0,0,36
09/21/2001,BVY,MA,ANE,EN,Federal Contract Tower,0,6,19,0,25,0,0,0,0,0,0,6,19,0,25,0,0,0,25
09/22/2001,BVY,MA,ANE,EN,Federal Contract Tower,0,2,35,0,37,0,0,0,0,0,0,2,35,0,37,0,0,0,37
09/23/2001,BVY,MA,ANE,EN,Federal Contract Tower,0,6,76,0,82,0,0,0,0,0,0,6,76,0,82,0,0,0,82
09/24/2001,BVY,MA,ANE,EN,Federal Contract Tower,0,1,15,0,16,0,0,0,0,0,0,1,15,0,16,0,0,0,16
09/25/2001,BVY,MA,ANE,EN,Federal Contract Tower,0,1,2,0,3,0,0,0,0,0,0,1,2,0,3,0,0,0,3
09/26/2001,BVY,MA,ANE,EN,Federal Contract Tower,0,9,62,0,71,0,0,0,0,0,0,9,62,0,71,0,0,0,71
09/27/2001,BVY,MA,ANE,EN,Federal Contract Tower,0,6,66,0,72,0,0,0,0,0,0,6,66,0,72,0,0,0,72
09/28/2001,BVY,MA,ANE,EN,Federal Contract Tower,0,2,41,0,43,0,0,0,0,0,0,2,41,0,43,0,0,0,43
09/29/2001,BVY,MA,ANE,EN,Federal Contract Tower,0,3,52,0,55,0,0,0,0,0,0,3,52,0,55,0,0,0,55
09/30/2001,BVY,MA,ANE,EN,Federal Contract Tower,0,3,56,0,59,0,0,0,0,0,0,3,56,0,59,0,0,0,59
10/01/2001,BVY,MA,ANE,EN,Federal Contract Tower,0,3,54,0,57,0,0,0,0,0,0,3,54,0,57,0,0,0,57
10/02/2001,BVY,MA,ANE,EN,Federal Contract Tower,0,5,76,1,82,0,0,0,0,0,0,5,76,1,82,0,0,0,82
10/03/2001,BVY,MA,ANE,EN,Federal Contract Tower,0,6,83,0,89,0,0,2,2,4,0,6,85,2,93,0,0,0,93
10/04/2001,BVY,MA,ANE,EN,Federal Contract Tower,0,5,75,0,80,0,0,0,0,0,0,5,75,0,80,0,0,0,80
10/05/2001,BVY,MA,ANE,EN,Federal Contract Tower,0,4,90,0,94,0,0,0,0,0,0,4,90,0,94,0,0,0,94
10/06/2001,BVY,MA,ANE,EN,Federal Contract Tower,0,0,3,0,3,0,0,6,0,6,0,0,9,0,9,28,0,28,37
10/07/2001,BVY,MA,ANE,EN,Federal Contract Tower,0,2,34,0,36,0,0,78,1,79,0,2,112,1,115,180,0,180,295
10/08/2001,BVY,MA,ANE,EN,Federal Contract Tower,0,6,36,0,42,0,0,41,0,41,0,6,77,0,83,74,0,74,157
10/09/2001,BVY,MA,ANE,EN,Federal Contract Tower,0,5,42,1,48,0,1,50,0,51,0,6,92,1,99,100,0,100,199
10/10/2001,BVY,MA,ANE,EN,Federal Contract Tower,0,0,34,0,34,0,0,43,0,43,0,0,77,0,77,92,0,92,169
10/11/2001,BVY,MA,ANE,EN,Federal Contract Tower,0,0,39,0,39,0,1,44,0,45,0,1,83,0,84,132,0,132,216
10/12/2001,BVY,MA,ANE,EN,Federal Contract Tower,0,1,39,1,41,0,0,67,1,68,0,1,106,2,109,134,0,134,243
10/13/2001,BVY,MA,ANE,EN,Federal Contract Tower,0,0,7,0,7,0,0,0,0,0,0,0,7,0,7,0,0,0,7
10/14/2001,BVY,MA,ANE,EN,Federal Contract Tower,0,0,6,0,6,0,0,0,0,0,0,0,6,0,6,0,0,0,6
10/15/2001,BVY,MA,ANE,EN,Federal Contract Tower,0,3,16,0,19,0,0,55,0,55,0,3,71,0,74,116,0,116,190
10/16/2001,BVY,MA,ANE,EN,Federal Contract Tower,0,0,38,0,38,0,0,82,0,82,0,0,120,0,120,146,0,146,266
10/17/2001,BVY,MA,ANE,EN,Federal Contract Tower,0,0,18,0,18,0,0,25,0,25,0,0,43,0,43,60,0,60,103
10/18/2001,BVY,MA,ANE,EN,Federal Contract Tower,0,0,39,2,41,0,1,56,0,57,0,1,95,2,98,174,0,174,272
10/19/2001,BVY,MA,ANE,EN,Federal Contract Tower,0,1,46,0,47,0,2,55,0,57,0,3,101,0,104,126,0,126,230
10/20/2001,BVY,MA,ANE,EN,Federal Contract Tower,0,1,39,0,40,0,0,55,0,55,0,1,94,0,95,48,0,48,143
10/21/2001,BVY,MA,ANE,EN,Federal Contract Tower,0,0,47,0,47,0,0,73,0,73,0,0,120,0,120,102,0,102,222
10/22/2001,BVY,MA,ANE,EN,Federal Contract Tower,0,0,32,1,33,0,1,62,0,63,0,1,94,1,96,156,0,156,252
10/23/2001,BVY,MA,ANE,EN,Federal Contract Tower,0,2,33,0,35,0,0,64,0,64,0,2,97,0,99,178,0,178,277
10/24/2001,BVY,MA,ANE,EN,Federal Contract Tower,0,3,29,2,34,0,0,37,0,37,0,3,66,2,71,90,0,90,161
10/25/2001,BVY,MA,ANE,EN,Federal Contract Tower,0,3,12,0,15,0,0,9,0,9,0,3,21,0,24,50,0,50,74
10/26/2001,BVY,MA,ANE,EN,Federal Contract Tower,0,9,38,0,47,0,6,69,0,75,0,15,107,0,122,86,0,86,208
10/27/2001,BVY,MA,ANE,EN,Federal Contract Tower,0,1,44,0,45,0,0,53,0,53,0,1,97,0,98,74,0,74,172
10/28/2001,BVY,MA,ANE,EN,Federal Contract Tower,0,1,49,0,50,0,4,71,0,75,0,5,120,0,125,154,0,154,279
10/29/2001,BVY,MA,ANE,EN,Federal Contract Tower,0,0,30,0,30,0,2,54,0,56,0,2,84,0,86,140,0,140,226
10/30/2001,BVY,MA,ANE,EN,Federal Contract Tower,0,0,27,0,27,0,1,57,3,61,0,1,84,3,88,182,0,182,270
10/31/2001,BVY,MA,ANE,EN,Federal Contract Tower,0,1,34,0,35,0,3,76,0,79,0,4,110,0,114,78,0,78,192
11/01/2001,BVY,MA,ANE,EN,Federal Contract Tower,0,0,36,0,36,0,0,44,0,44,0,0,80,0,80,134,0,134,214
11/02/2001,BVY,MA,ANE,EN,Federal Contract Tower,0,1,24,0,25,0,0,32,1,33,0,1,56,1,58,38,0,38,96
11/03/2001,BVY,MA,ANE,EN,Federal Contract Tower,0,2,34,0,36,0,0,62,0,62,0,2,96,0,98,148,0,148,246
11/04/2001,BVY,MA,ANE,EN,Federal Contract Tower,0,6,60,0,66,0,0,74,0,74,0,6,134,0,140,126,0,126,266
11/05/2001,BVY,MA,ANE,EN,Federal Contract Tower,0,1,16,0,17,0,4,28,0,32,0,5,44,0,49,104,0,104,153
11/06/2001,BVY,MA,ANE,EN,Federal Contract Tower,0,0,21,0,21,0,1,38,0,39,0,1,59,0,60,82,0,82,142
11/07/2001,BVY,MA,ANE,EN,Federal Contract Tower,0,0,29,2,31,0,0,42,0,42,0,0,71,2,73,136,0,136,209
11/08/2001,BVY,MA,ANE,EN,Federal Contract Tower,0,0,48,0,48,0,0,46,0,46,0,0,94,0,94,76,0,76,170
11/09/2001,BVY,MA,ANE,EN,Federal Contract Tower,0,3,18,0,21,0,0,28,0,28,0,3,46,0,49,56,0,56,105
11/10/2001,BVY,MA,ANE,EN,Federal Contract Tower,0,0,54,0,54,0,0,88,0,88,0,0,142,0,142,200,0,200,342
11/11/2001,BVY,MA,ANE,EN,Federal Contract Tower,0,0,21,2,23,0,0,37,0,37,0,0,58,2,60,58,0,58,118
11/12/2001,BVY,MA,ANE,EN,Federal Contract Tower,0,2,33,0,35,0,2,77,0,79,0,4,110,0,114,176,0,176,290
11/13/2001,BVY,MA,ANE,EN,Federal Contract Tower,0,2,39,0,41,0,0,59,0,59,0,2,98,0,100,172,0,172,272
11/14/2001,BVY,MA,ANE,EN,Federal Contract Tower,0,2,22,0,24,0,0,54,0,54,0,2,76,0,78,146,0,146,224
11/15/2001,BVY,MA,ANE,EN,Federal Contract Tower,0,4,42,1,47,0,0,56,0,56,0,4,98,1,103,108,0,108,211
11/16/2001,BVY,MA,ANE,EN,Federal Contract Tower,0,4,43,0,47,0,0,49,0,49,0,4,92,0,96,114,0,114,210
11/17/2001,BVY,MA,ANE,EN,Federal Contract Tower,0,4,54,0,58,0,0,57,0,57,0,4,111,0,115,136,0,136,251
11/18/2001,BVY,MA,ANE,EN,Federal Contract Tower,0,2,74,0,76,0,0,63,0,63,0,2,137,0,139,186,0,186,325
11/19/2001,BVY,MA,ANE,EN,Federal Contract Tower,0,5,27,0,32,0,4,32,0,36,0,9,59,0,68,42,0,42,110
11/20/2001,BVY,MA,ANE,EN,Federal Contract Tower,0,7,31,0,38,0,3,30,0,33,0,10,61,0,71,18,0,18,89
11/21/2001,BVY,MA,ANE,EN,Federal Contract Tower,0,4,41,0,45,0,0,69,0,69,0,4,110,0,114,160,0,160,274
11/22/2001,BVY,MA,ANE,EN,Federal Contract Tower,0,0,15,0,15,0,0,13,0,13,0,0,28,0,28,44,0,44,72
11/23/2001,BVY,MA,ANE,EN,Federal Contract Tower,0,5,53,0,58,0,1,72,0,73,0,6,125,0,131,152,0,152,283
11/24/2001,BVY,MA,ANE,EN,Federal Contract Tower,0,4,24,0,28,0,0,10,0,10,0,4,34,0,38,48,0,48,86
11/25/2001,BVY,MA,ANE,EN,Federal Contract Tower,0,2,50,0,52,0,0,51,0,51,0,2,101,0,103,100,0,100,203
11/26/2001,BVY,MA,ANE,EN,Federal Contract Tower,0,2,16,0,18,0,0,24,0,24,0,2,40,0,42,92,0,92,134
11/27/2001,BVY,MA,ANE,EN,Federal Contract Tower,0,3,34,0,37,0,1,60,0,61,0,4,94,0,98,176,0,176,274
11/28/2001,BVY,MA,ANE,EN,Federal Contract Tower,0,2,24,2,28,0,0,29,0,29,0,2,53,2,57,72,0,72,129
11/29/2001,BVY,MA,ANE,EN,Federal Contract Tower,0,0,19,0,19,0,0,3,0,3,0,0,22,0,22,4,0,4,26
11/30/2001,BVY,MA,ANE,EN,Federal Contract Tower,0,0,0,0,0,0,0,0,0,0,0,0,0,0,0,0,0,0,0
12/01/2001,BVY,MA,ANE,EN,Federal Contract Tower,0,0,31,0,31,0,0,151,0,151,0,0,182,0,182,216,0,216,398
12/02/2001,BVY,MA,ANE,EN,Federal Contract Tower,0,0,29,0,29,0,0,121,0,121,0,0,150,0,150,222,0,222,372
12/03/2001,BVY,MA,ANE,EN,Federal Contract Tower,0,1,18,1,20,0,3,118,0,121,0,4,136,1,141,234,0,234,375
12/04/2001,BVY,MA,ANE,EN,Federal Contract Tower,0,0,23,0,23,0,4,123,0,127,0,4,146,0,150,296,0,296,446
12/05/2001,BVY,MA,ANE,EN,Federal Contract Tower,0,0,18,2,20,0,1,108,0,109,0,1,126,2,129,316,0,316,445
12/06/2001,BVY,MA,ANE,EN,Federal Contract Tower,0,2,15,0,17,0,3,89,1,93,0,5,104,1,110,210,0,210,320
12/07/2001,BVY,MA,ANE,EN,Federal Contract Tower,0,2,9,0,11,0,2,109,1,112,0,4,118,1,123,122,0,122,245
12/08/2001,BVY,MA,ANE,EN,Federal Contract Tower,0,0,14,1,15,0,1,154,0,155,0,1,168,1,170,314,0,314,484
12/09/2001,BVY,MA,ANE,EN,Federal Contract Tower,0,0,1,0,1,0,0,2,0,2,0,0,3,0,3,0,0,0,3
12/10/2001,BVY,MA,ANE,EN,Federal Contract Tower,0,3,18,0,21,0,8,65,1,74,0,11,83,1,95,164,0,164,259
12/11/2001,BVY,MA,ANE,EN,Federal Contract Tower,0,1,14,0,15,0,2,111,0,113,0,3,125,0,128,190,0,190,318
12/12/2001,BVY,MA,ANE,EN,Federal Contract Tower,0,0,21,0,21,0,0,87,0,87,0,0,108,0,108,174,0,174,282
12/13/2001,BVY,MA,ANE,EN,Federal Contract Tower,0,0,0,0,0,0,0,0,0,0,0,0,0,0,0,0,0,0,0
12/14/2001,BVY,MA,ANE,EN,Federal Contract Tower,0,1,12,0,13,0,0,82,0,82,0,1,94,0,95,196,0,196,291
12/15/2001,BVY,MA,ANE,EN,Federal Contract Tower,0,0,14,0,14,0,1,23,0,24,0,1,37,0,38,96,0,96,134
12/16/2001,BVY,MA,ANE,EN,Federal Contract Tower,0,1,28,0,29,0,0,141,2,143,0,1,169,2,172,178,0,178,350
12/17/2001,BVY,MA,ANE,EN,Federal Contract Tower,0,0,9,0,9,0,0,9,0,9,0,0,18,0,18,20,0,20,38
12/18/2001,BVY,MA,ANE,EN,Federal Contract Tower,0,0,4,0,4,0,4,1,0,5,0,4,5,0,9,0,0,0,9
12/19/2001,BVY,MA,ANE,EN,Federal Contract Tower,0,0,11,1,12,0,1,109,1,111,0,1,120,2,123,168,0,168,291
12/20/2001,BVY,MA,ANE,EN,Federal Contract Tower,0,1,20,0,21,0,0,23,0,23,0,1,43,0,44,52,0,52,96
12/21/2001,BVY,MA,ANE,EN,Federal Contract Tower,0,5,9,0,14,0,0,58,0,58,0,5,67,0,72,76,0,76,148
12/22/2001,BVY,MA,ANE,EN,Federal Contract Tower,0,0,10,0,10,0,0,123,0,123,0,0,133,0,133,262,0,262,395
12/23/2001,BVY,MA,ANE,EN,Federal Contract Tower,0,0,18,0,18,0,0,147,0,147,0,0,165,0,165,206,0,206,371
12/24/2001,BVY,MA,ANE,EN,Federal Contract Tower,0,1,5,0,6,0,0,0,0,0,0,1,5,0,6,0,0,0,6
12/25/2001,BVY,MA,ANE,EN,Federal Contract Tower,0,2,2,0,4,0,0,9,0,9,0,2,11,0,13,4,0,4,17
12/26/2001,BVY,MA,ANE,EN,Federal Contract Tower,0,7,11,0,18,0,1,87,0,88,0,8,98,0,106,164,0,164,270
12/27/2001,BVY,MA,ANE,EN,Federal Contract Tower,0,5,11,0,16,0,0,115,0,115,0,5,126,0,131,164,0,164,295
12/28/2001,BVY,MA,ANE,EN,Federal Contract Tower,0,0,5,0,5,0,0,119,0,119,0,0,124,0,124,190,0,190,314
12/29/2001,BVY,MA,ANE,EN,Federal Contract Tower,0,0,6,0,6,0,0,113,0,113,0,0,119,0,119,290,0,290,409
12/30/2001,BVY,MA,ANE,EN,Federal Contract Tower,0,4,5,0,9,0,0,110,0,110,0,4,115,0,119,158,0,158,277
12/31/2001,BVY,MA,ANE,EN,Federal Contract Tower,0,4,6,0,10,0,3,80,0,83,0,7,86,0,93,74,0,74,167
01/01/2002,BVY,MA,ANE,EN,Federal Contract Tower,0,4,12,0,16,0,0,45,0,45,0,4,57,0,61,34,0,34,95
01/02/2002,BVY,MA,ANE,EN,Federal Contract Tower,0,2,11,0,13,0,0,76,0,76,0,2,87,0,89,60,0,60,149
01/03/2002,BVY,MA,ANE,EN,Federal Contract Tower,0,0,4,0,4,0,0,85,0,85,0,0,89,0,89,152,0,152,241
01/04/2002,BVY,MA,ANE,EN,Federal Contract Tower,0,3,8,3,14,0,1,80,1,82,0,4,88,4,96,146,0,146,242
01/05/2002,BVY,MA,ANE,EN,Federal Contract Tower,0,1,13,0,14,0,0,165,11,176,0,1,178,11,190,278,0,278,468
01/06/2002,BVY,MA,ANE,EN,Federal Contract Tower,0,0,16,0,16,0,0,119,10,129,0,0,135,10,145,320,0,320,465
01/07/2002,BVY,MA,ANE,EN,Federal Contract Tower,0,0,3,0,3,0,0,0,0,0,0,0,3,0,3,0,0,0,3
01/08/2002,BVY,MA,ANE,EN,Federal Contract Tower,0,0,6,0,6,0,0,90,12,102,0,0,96,12,108,56,0,56,164
01/09/2002,BVY,MA,ANE,EN,Federal Contract Tower,0,0,14,0,14,0,0,47,0,47,0,0,61,0,61,94,0,94,155
01/10/2002,BVY,MA,ANE,EN,Federal Contract Tower,0,1,10,0,11,0,0,101,0,101,0,1,111,0,112,142,0,142,254
01/11/2002,BVY,MA,ANE,EN,Federal Contract Tower,0,1,7,0,8,0,0,44,0,44,0,1,51,0,52,84,0,84,136
01/12/2002,BVY,MA,ANE,EN,Federal Contract Tower,0,0,17,0,17,0,0,159,0,159,0,0,176,0,176,236,0,236,412
01/13/2002,BVY,MA,ANE,EN,Federal Contract Tower,0,0,1,0,1,0,0,0,0,0,0,0,1,0,1,0,0,0,1
01/14/2002,BVY,MA,ANE,EN,Federal Contract Tower,0,3,11,0,14,0,0,83,1,84,0,3,94,1,98,50,0,50,148
01/15/2002,BVY,MA,ANE,EN,Federal Contract Tower,0,0,1,0,1,0,0,0,0,0,0,0,1,0,1,0,0,0,1
01/16/2002,BVY,MA,ANE,EN,Federal Contract Tower,0,0,6,0,6,0,0,106,0,106,0,0,112,0,112,150,0,150,262
01/17/2002,BVY,MA,ANE,EN,Federal Contract Tower,0,0,6,0,6,0,0,24,0,24,0,0,30,0,30,32,0,32,62
01/18/2002,BVY,MA,ANE,EN,Federal Contract Tower,0,0,9,0,9,0,0,116,0,116,0,0,125,0,125,138,0,138,263
01/19/2002,BVY,MA,ANE,EN,Federal Contract Tower,0,0,14,0,14,0,0,94,0,94,0,0,108,0,108,172,0,172,280
01/20/2002,BVY,MA,ANE,EN,Federal Contract Tower,0,0,9,0,9,0,0,79,0,79,0,0,88,0,88,202,0,202,290
01/21/2002,BVY,MA,ANE,EN,Federal Contract Tower,0,1,11,0,12,0,0,19,0,19,0,1,30,0,31,42,0,42,73
01/22/2002,BVY,MA,ANE,EN,Federal Contract Tower,0,1,16,0,17,0,1,78,2,81,0,2,94,2,98,94,0,94,192
01/23/2002,BVY,MA,ANE,EN,Federal Contract Tower,0,4,6,0,10,0,0,59,0,59,0,4,65,0,69,68,0,68,137
01/24/2002,BVY,MA,ANE,EN,Federal Contract Tower,0,2,8,0,10,0,0,25,0,25,0,2,33,0,35,50,0,50,85
01/25/2002,BVY,MA,ANE,EN,Federal Contract Tower,0,0,28,0,28,0,1,121,0,122,0,1,149,0,150,148,0,148,298
01/26/2002,BVY,MA,ANE,EN,Federal Contract Tower,0,0,18,0,18,0,2,128,0,130,0,2,146,0,148,176,0,176,324
01/27/2002,BVY,MA,ANE,EN,Federal Contract Tower,0,2,10,1,13,0,0,189,0,189,0,2,199,1,202,328,0,328,530
01/28/2002,BVY,MA,ANE,EN,Federal Contract Tower,0,1,8,2,11,0,0,87,0,87,0,1,95,2,98,206,0,206,304
01/29/2002,BVY,MA,ANE,EN,Federal Contract Tower,0,3,16,0,19,0,0,105,0,105,0,3,121,0,124,156,0,156,280
01/30/2002,BVY,MA,ANE,EN,Federal Contract Tower,0,0,4,0,4,0,0,0,0,0,0,0,4,0,4,0,0,0,4
01/31/2002,BVY,MA,ANE,EN,Federal Contract Tower,0,0,0,0,0,0,0,3,0,3,0,0,3,0,3,0,0,0,3
02/01/2002,BVY,MA,ANE,EN,Federal Contract Tower,0,0,0,0,0,0,0,0,0,0,0,0,0,0,0,0,0,0,0
02/02/2002,BVY,MA,ANE,EN,Federal Contract Tower,0,0,7,0,7,0,0,60,0,60,0,0,67,0,67,64,0,64,131
02/03/2002,BVY,MA,ANE,EN,Federal Contract Tower,0,0,17,0,17,0,0,114,0,114,0,0,131,0,131,170,0,170,301
02/04/2002,BVY,MA,ANE,EN,Federal Contract Tower,0,0,16,0,16,0,1,83,0,84,0,1,99,0,100,106,0,106,206
02/05/2002,BVY,MA,ANE,EN,Federal Contract Tower,0,0,5,0,5,0,0,79,0,79,0,0,84,0,84,48,0,48,132
02/06/2002,BVY,MA,ANE,EN,Federal Contract Tower,0,0,10,0,10,0,2,116,0,118,0,2,126,0,128,138,0,138,266
02/07/2002,BVY,MA,ANE,EN,Federal Contract Tower,0,0,22,0,22,0,0,75,0,75,0,0,97,0,97,152,0,152,249
02/08/2002,BVY,MA,ANE,EN,Federal Contract Tower,0,4,13,1,18,0,0,137,1,138,0,4,150,2,156,170,2,172,328
02/09/2002,BVY,MA,ANE,EN,Federal Contract Tower,0,0,18,0,18,0,0,177,0,177,0,0,195,0,195,278,0,278,473
02/10/2002,BVY,MA,ANE,EN,Federal Contract Tower,0,2,7,0,9,0,0,77,0,77,0,2,84,0,86,194,0,194,280
02/11/2002,BVY,MA,ANE,EN,Federal Contract Tower,0,0,2,0,2,0,0,22,0,22,0,0,24,0,24,16,0,16,40
02/12/2002,BVY,MA,ANE,EN,Federal Contract Tower,0,2,9,0,11,0,0,53,0,53,0,2,62,0,64,66,0,66,130
02/13/2002,BVY,MA,ANE,EN,Federal Contract Tower,0,3,11,0,14,0,0,58,0,58,0,3,69,0,72,88,0,88,160
02/14/2002,BVY,MA,ANE,EN,Federal Contract Tower,0,0,11,0,11,0,0,103,0,103,0,0,114,0,114,116,0,116,230
02/15/2002,BVY,MA,ANE,EN,Federal Contract Tower,0,4,17,1,22,0,0,72,1,73,0,4,89,2,95,108,0,108,203
02/16/2002,BVY,MA,ANE,EN,Federal Contract Tower,0,0,9,0,9,0,0,95,0,95,0,0,104,0,104,156,0,156,260
02/17/2002,BVY,MA,ANE,EN,Federal Contract Tower,0,0,2,0,2,0,0,19,0,19,0,0,21,0,21,106,0,106,127
02/18/2002,BVY,MA,ANE,EN,Federal Contract Tower,0,3,15,0,18,0,1,117,0,118,0,4,132,0,136,132,0,132,268
02/19/2002,BVY,MA,ANE,EN,Federal Contract Tower,0,3,19,0,22,0,0,154,0,154,0,3,173,0,176,246,0,246,422
02/20/2002,BVY,MA,ANE,EN,Federal Contract Tower,0,4,13,0,17,0,1,98,0,99,0,5,111,0,116,238,0,238,354
02/21/2002,BVY,MA,ANE,EN,Federal Contract Tower,0,5,6,0,11,0,0,0,0,0,0,5,6,0,11,0,0,0,11
02/22/2002,BVY,MA,ANE,EN,Federal Contract Tower,0,1,9,0,10,0,0,84,0,84,0,1,93,0,94,136,0,136,230
02/23/2002,BVY,MA,ANE,EN,Federal Contract Tower,0,0,19,0,19,0,0,172,0,172,0,0,191,0,191,238,0,238,429
02/24/2002,BVY,MA,ANE,EN,Federal Contract Tower,0,0,8,0,8,0,0,189,1,190,0,0,197,1,198,274,0,274,472
02/25/2002,BVY,MA,ANE,EN,Federal Contract Tower,0,1,14,0,15,0,3,72,0,75,0,4,86,0,90,130,0,130,220
02/26/2002,BVY,MA,ANE,EN,Federal Contract Tower,0,2,19,0,21,0,0,74,0,74,0,2,93,0,95,94,0,94,189
02/27/2002,BVY,MA,ANE,EN,Federal Contract Tower,0,2,9,0,11,0,1,22,0,23,0,3,31,0,34,44,0,44,78
02/28/2002,BVY,MA,ANE,EN,Federal Contract Tower,0,2,14,0,16,0,0,44,0,44,0,2,58,0,60,20,0,20,80
03/01/2002,BVY,MA,ANE,EN,Federal Contract Tower,0,2,10,0,12,0,1,124,0,125,0,3,134,0,137,150,0,150,287
03/02/2002,BVY,MA,ANE,EN,Federal Contract Tower,0,0,20,0,20,0,0,146,0,146,0,0,166,0,166,216,0,216,382
03/03/2002,BVY,MA,ANE,EN,Federal Contract Tower,0,1,4,0,5,0,0,2,1,3,0,1,6,1,8,0,0,0,8
03/04/2002,BVY,MA,ANE,EN,Federal Contract Tower,0,3,7,0,10,0,0,91,0,91,0,3,98,0,101,98,0,98,199
03/05/2002,BVY,MA,ANE,EN,Federal Contract Tower,0,1,2,0,3,0,0,98,0,98,0,1,100,0,101,94,0,94,195
03/06/2002,BVY,MA,ANE,EN,Federal Contract Tower,0,4,8,0,12,0,0,65,0,65,0,4,73,0,77,80,0,80,157
03/07/2002,BVY,MA,ANE,EN,Federal Contract Tower,0,0,15,1,16,0,0,144,1,145,0,0,159,2,161,314,0,314,475
03/08/2002,BVY,MA,ANE,EN,Federal Contract Tower,0,4,19,0,23,0,0,57,0,57,0,4,76,0,80,192,0,192,272
03/09/2002,BVY,MA,ANE,EN,Federal Contract Tower,0,0,13,0,13,0,0,98,0,98,0,0,111,0,111,182,0,182,293
03/10/2002,BVY,MA,ANE,EN,Federal Contract Tower,0,0,4,0,4,0,0,13,0,13,0,0,17,0,17,18,0,18,35
03/11/2002,BVY,MA,ANE,EN,Federal Contract Tower,0,4,17,0,21,0,0,73,0,73,0,4,90,0,94,32,0,32,126
03/12/2002,BVY,MA,ANE,EN,Federal Contract Tower,0,2,10,0,12,0,0,79,0,79,0,2,89,0,91,112,0,112,203
03/13/2002,BVY,MA,ANE,EN,Federal Contract Tower,0,3,13,0,16,0,0,47,0,47,0,3,60,0,63,96,0,96,159
03/14/2002,BVY,MA,ANE,EN,Federal Contract Tower,0,4,23,1,28,0,1,153,1,155,0,5,176,2,183,180,0,180,363
03/15/2002,BVY,MA,ANE,EN,Federal Contract Tower,0,6,17,0,23,0,0,39,0,39,0,6,56,0,62,182,0,182,244
03/16/2002,BVY,MA,ANE,EN,Federal Contract Tower,0,0,8,0,8,0,0,26,0,26,0,0,34,0,34,124,0,124,158
03/17/2002,BVY,MA,ANE,EN,Federal Contract Tower,0,0,18,0,18,0,0,210,0,210,0,0,228,0,228,204,0,204,432
03/18/2002,BVY,MA,ANE,EN,Federal Contract Tower,0,0,5,0,5,0,0,2,0,2,0,0,7,0,7,10,0,10,17
03/19/2002,BVY,MA,ANE,EN,Federal Contract Tower,0,0,4,0,4,0,0,3,0,3,0,0,7,0,7,22,0,22,29
03/20/2002,BVY,MA,ANE,EN,Federal Contract Tower,0,0,7,0,7,0,1,27,0,28,0,1,34,0,35,64,0,64,99
03/21/2002,BVY,MA,ANE,EN,Federal Contract Tower,0,0,15,0,15,0,1,98,0,99,0,1,113,0,114,128,0,128,242
03/22/2002,BVY,MA,ANE,EN,Federal Contract Tower,0,6,2,0,8,0,0,29,0,29,0,6,31,0,37,22,0,22,59
03/23/2002,BVY,MA,ANE,EN,Federal Contract Tower,0,0,12,0,12,0,0,70,0,70,0,0,82,0,82,96,0,96,178
03/24/2002,BVY,MA,ANE,EN,Federal Contract Tower,0,2,14,0,16,0,2,99,0,101,0,4,113,0,117,108,0,108,225
03/25/2002,BVY,MA,ANE,EN,Federal Contract Tower,0,0,13,0,13,0,0,88,0,88,0,0,101,0,101,118,0,118,219
03/26/2002,BVY,MA,ANE,EN,Federal Contract Tower,0,0,9,0,9,0,0,30,0,30,0,0,39,0,39,16,0,16,55
03/27/2002,BVY,MA,ANE,EN,Federal Contract Tower,0,0,13,0,13,0,0,45,0,45,0,0,58,0,58,108,0,108,166
03/28/2002,BVY,MA,ANE,EN,Federal Contract Tower,0,3,30,0,33,0,0,164,4,168,0,3,194,4,201,224,0,224,425
03/29/2002,BVY,MA,ANE,EN,Federal Contract Tower,0,1,17,0,18,0,0,180,0,180,0,1,197,0,198,220,0,220,418
03/30/2002,BVY,MA,ANE,EN,Federal Contract Tower,0,2,17,0,19,0,0,31,0,31,0,2,48,0,50,82,0,82,132
03/31/2002,BVY,MA,ANE,EN,Federal Contract Tower,0,0,11,0,11,0,0,93,0,93,0,0,104,0,104,210,0,210,314
04/01/2002,BVY,MA,ANE,EN,Federal Contract Tower,0,0,13,0,13,0,2,32,0,34,0,2,45,0,47,20,0,20,67
04/02/2002,BVY,MA,ANE,EN,Federal Contract Tower,0,2,17,0,19,0,2,122,2,126,0,4,139,2,145,204,0,204,349
04/03/2002,BVY,MA,ANE,EN,Federal Contract Tower,0,6,19,0,25,0,0,40,2,42,0,6,59,2,67,68,0,68,135
04/04/2002,BVY,MA,ANE,EN,Federal Contract Tower,0,1,24,0,25,0,2,110,1,113,0,3,134,1,138,194,0,194,332
04/05/2002,BVY,MA,ANE,EN,Federal Contract Tower,0,1,23,0,24,0,1,133,2,136,0,2,156,2,160,340,0,340,500
04/06/2002,BVY,MA,ANE,EN,Federal Contract Tower,0,0,16,0,16,0,0,126,0,126,0,0,142,0,142,242,0,242,384
04/07/2002,BVY,MA,ANE,EN,Federal Contract Tower,0,3,29,0,32,0,0,168,0,168,0,3,197,0,200,184,0,184,384
04/08/2002,BVY,MA,ANE,EN,Federal Contract Tower,0,1,15,0,16,0,0,65,0,65,0,1,80,0,81,162,0,162,243
04/09/2002,BVY,MA,ANE,EN,Federal Contract Tower,0,1,7,0,8,0,0,43,0,43,0,1,50,0,51,34,0,34,85
04/10/2002,BVY,MA,ANE,EN,Federal Contract Tower,0,2,22,0,24,0,0,149,6,155,0,2,171,6,179,286,0,286,465
04/11/2002,BVY,MA,ANE,EN,Federal Contract Tower,0,2,13,0,15,0,3,146,0,149,0,5,159,0,164,182,0,182,346
04/12/2002,BVY,MA,ANE,EN,Federal Contract Tower,0,4,28,0,32,0,0,132,2,134,0,4,160,2,166,234,0,234,400
04/13/2002,BVY,MA,ANE,EN,Federal Contract Tower,0,0,19,0,19,0,0,72,0,72,0,0,91,0,91,224,0,224,315
04/14/2002,BVY,MA,ANE,EN,Federal Contract Tower,0,2,21,0,23,0,0,101,0,101,0,2,122,0,124,142,0,142,266
04/15/2002,BVY,MA,ANE,EN,Federal Contract Tower,0,2,8,0,10,0,0,16,0,16,0,2,24,0,26,0,0,0,26
04/16/2002,BVY,MA,ANE,EN,Federal Contract Tower,0,0,7,0,7,0,0,120,0,120,0,0,127,0,127,168,0,168,295
04/17/2002,BVY,MA,ANE,EN,Federal Contract Tower,0,0,10,0,10,0,2,144,1,147,0,2,154,1,157,204,0,204,361
04/18/2002,BVY,MA,ANE,EN,Federal Contract Tower,0,0,11,0,11,0,0,92,0,92,0,0,103,0,103,228,0,228,331
04/19/2002,BVY,MA,ANE,EN,Federal Contract Tower,0,1,1,0,2,0,0,10,0,10,0,1,11,0,12,10,0,10,22
04/20/2002,BVY,MA,ANE,EN,Federal Contract Tower,0,0,20,0,20,0,0,142,0,142,0,0,162,0,162,222,0,222,384
04/21/2002,BVY,MA,ANE,EN,Federal Contract Tower,0,3,27,0,30,0,0,124,0,124,0,3,151,0,154,146,0,146,300
04/22/2002,BVY,MA,ANE,EN,Federal Contract Tower,0,3,4,0,7,0,0,22,0,22,0,3,26,0,29,22,0,22,51
04/23/2002,BVY,MA,ANE,EN,Federal Contract Tower,0,2,23,0,25,0,0,92,0,92,0,2,115,0,117,174,0,174,291
04/24/2002,BVY,MA,ANE,EN,Federal Contract Tower,0,2,17,2,21,0,0,182,0,182,0,2,199,2,203,376,0,376,579
04/25/2002,BVY,MA,ANE,EN,Federal Contract Tower,0,2,16,0,18,0,0,59,0,59,0,2,75,0,77,114,0,114,191
04/26/2002,BVY,MA,ANE,EN,Federal Contract Tower,0,5,24,0,29,0,0,117,1,118,0,5,141,1,147,138,0,138,285
04/27/2002,BVY,MA,ANE,EN,Federal Contract Tower,0,4,35,0,39,0,2,205,0,207,0,6,240,0,246,256,0,256,502
04/28/2002,BVY,MA,ANE,EN,Federal Contract Tower,0,0,5,0,5,0,0,7,0,7,0,0,12,0,12,2,0,2,14
04/29/2002,BVY,MA,ANE,EN,Federal Contract Tower,0,0,7,0,7,0,0,24,0,24,0,0,31,0,31,28,0,28,59
04/30/2002,BVY,MA,ANE,EN,Federal Contract Tower,0,0,21,0,21,0,0,100,2,102,0,0,121,2,123,154,0,154,277
05/01/2002,BVY,MA,ANE,EN,Federal Contract Tower,0,7,18,0,25,0,3,140,0,143,0,10,158,0,168,202,0,202,370
05/02/2002,BVY,MA,ANE,EN,Federal Contract Tower,0,0,9,0,9,0,0,17,0,17,0,0,26,0,26,28,0,28,54
05/03/2002,BVY,MA,ANE,EN,Federal Contract Tower,0,2,9,0,11,0,0,28,0,28,0,2,37,0,39,48,0,48,87
05/04/2002,BVY,MA,ANE,EN,Federal Contract Tower,0,0,26,2,28,0,0,144,21,165,0,0,170,23,193,124,0,124,317
05/05/2002,BVY,MA,ANE,EN,Federal Contract Tower,0,2,38,0,40,0,1,172,0,173,0,3,210,0,213,234,0,234,447
05/06/2002,BVY,MA,ANE,EN,Federal Contract Tower,0,0,16,0,16,0,0,135,0,135,0,0,151,0,151,268,0,268,419
05/07/2002,BVY,MA,ANE,EN,Federal Contract Tower,0,1,15,0,16,0,0,117,0,117,0,1,132,0,133,188,0,188,321
05/08/2002,BVY,MA,ANE,EN,Federal Contract Tower,0,0,19,0,19,0,0,139,0,139,0,0,158,0,158,266,0,266,424
05/09/2002,BVY,MA,ANE,EN,Federal Contract Tower,0,2,23,0,25,0,0,92,0,92,0,2,115,0,117,156,0,156,273
05/10/2002,BVY,MA,ANE,EN,Federal Contract Tower,0,3,16,0,19,0,0,99,1,100,0,3,115,1,119,88,0,88,207
05/11/2002,BVY,MA,ANE,EN,Federal Contract Tower,0,1,20,0,21,0,0,171,0,171,0,1,191,0,192,212,0,212,404
05/12/2002,BVY,MA,ANE,EN,Federal Contract Tower,0,3,17,0,20,0,0,66,0,66,0,3,83,0,86,132,0,132,218
05/13/2002,BVY,MA,ANE,EN,Federal Contract Tower,0,0,2,0,2,0,0,0,0,0,0,0,2,0,2,0,0,0,2
05/14/2002,BVY,MA,ANE,EN,Federal Contract Tower,0,3,20,0,23,0,0,49,0,49,0,3,69,0,72,30,0,30,102
05/15/2002,BVY,MA,ANE,EN,Federal Contract Tower,0,0,8,0,8,0,0,25,0,25,0,0,33,0,33,16,0,16,49
05/16/2002,BVY,MA,ANE,EN,Federal Contract Tower,0,0,13,0,13,0,0,128,2,130,0,0,141,2,143,242,0,242,385
05/17/2002,BVY,MA,ANE,EN,Federal Contract Tower,0,3,21,0,24,0,1,88,0,89,0,4,109,0,113,140,0,140,253
05/18/2002,BVY,MA,ANE,EN,Federal Contract Tower,0,5,9,0,14,0,0,3,0,3,0,5,12,0,17,8,0,8,25
05/19/2002,BVY,MA,ANE,EN,Federal Contract Tower,0,5,27,0,32,0,2,164,0,166,0,7,191,0,198,244,0,244,442
05/20/2002,BVY,MA,ANE,EN,Federal Contract Tower,0,1,14,0,15,0,4,115,0,119,0,5,129,0,134,212,0,212,346
05/21/2002,BVY,MA,ANE,EN,Federal Contract Tower,0,0,22,0,22,0,0,103,0,103,0,0,125,0,125,156,0,156,281
05/22/2002,BVY,MA,ANE,EN,Federal Contract Tower,0,4,15,0,19,0,0,169,0,169,0,4,184,0,188,340,0,340,528
05/23/2002,BVY,MA,ANE,EN,Federal Contract Tower,0,3,21,0,24,0,0,162,0,162,0,3,183,0,186,216,0,216,402
05/24/2002,BVY,MA,ANE,EN,Federal Contract Tower,0,4,16,0,20,0,0,180,6,186,0,4,196,6,206,248,0,248,454
05/25/2002,BVY,MA,ANE,EN,Federal Contract Tower,0,3,19,0,22,0,0,183,0,183,0,3,202,0,205,234,0,234,439
05/26/2002,BVY,MA,ANE,EN,Federal Contract Tower,0,2,9,0,11,0,0,85,0,85,0,2,94,0,96,72,0,72,168
05/27/2002,BVY,MA,ANE,EN,Federal Contract Tower,0,4,22,0,26,0,5,79,0,84,0,9,101,0,110,166,0,166,276
05/28/2002,BVY,MA,ANE,EN,Federal Contract Tower,0,2,12,0,14,0,0,35,0,35,0,2,47,0,49,108,0,108,157
05/29/2002,BVY,MA,ANE,EN,Federal Contract Tower,0,0,30,0,30,0,0,22,0,22,0,0,52,0,52,40,0,40,92
05/30/2002,BVY,MA,ANE,EN,Federal Contract Tower,0,0,30,0,30,0,0,82,0,82,0,0,112,0,112,174,0,174,286
05/31/2002,BVY,MA,ANE,EN,Federal Contract Tower,0,1,29,0,30,0,2,51,0,53,0,3,80,0,83,88,0,88,171
06/01/2002,BVY,MA,ANE,EN,Federal Contract Tower,0,4,13,0,17,0,3,114,0,117,0,7,127,0,134,136,0,136,270
06/02/2002,BVY,MA,ANE,EN,Federal Contract Tower,0,5,18,0,23,0,2,72,2,76,0,7,90,2,99,110,0,110,209
06/03/2002,BVY,MA,ANE,EN,Federal Contract Tower,0,0,14,0,14,0,0,112,0,112,0,0,126,0,126,104,0,104,230
06/04/2002,BVY,MA,ANE,EN,Federal Contract Tower,0,1,18,0,19,0,0,156,0,156,0,1,174,0,175,134,0,134,309
06/05/2002,BVY,MA,ANE,EN,Federal Contract Tower,0,0,4,0,4,0,0,0,52,52,0,0,4,52,56,122,0,122,178
06/06/2002,BVY,MA,ANE,EN,Federal Contract Tower,0,0,19,0,19,0,0,0,0,0,0,0,19,0,19,0,0,0,19
06/07/2002,BVY,MA,ANE,EN,Federal Contract Tower,0,6,23,0,29,0,0,61,0,61,0,6,84,0,90,74,0,74,164
06/08/2002,BVY,MA,ANE,EN,Federal Contract Tower,0,6,24,0,30,0,1,178,0,179,0,7,202,0,209,252,0,252,461
06/09/2002,BVY,MA,ANE,EN,Federal Contract Tower,0,5,24,2,31,0,0,155,0,155,0,5,179,2,186,186,0,186,372
06/10/2002,BVY,MA,ANE,EN,Federal Contract Tower,0,2,22,0,24,0,0,159,0,159,0,2,181,0,183,198,0,198,381
06/11/2002,BVY,MA,ANE,EN,Federal Contract Tower,0,1,21,0,22,0,0,87,0,87,0,1,108,0,109,180,0,180,289
06/12/2002,BVY,MA,ANE,EN,Federal Contract Tower,0,1,9,0,10,0,0,0,0,0,0,1,9,0,10,0,0,0,10
06/13/2002,BVY,MA,ANE,EN,Federal Contract Tower,0,3,42,0,45,0,0,58,0,58,0,3,100,0,103,120,0,120,223
06/14/2002,BVY,MA,ANE,EN,Federal Contract Tower,0,4,23,0,27,0,0,42,0,42,0,4,65,0,69,54,0,54,123
06/15/2002,BVY,MA,ANE,EN,Federal Contract Tower,0,2,8,0,10,0,0,0,0,0,0,2,8,0,10,0,0,0,10
06/16/2002,BVY,MA,ANE,EN,Federal Contract Tower,0,7,28,0,35,0,0,4,0,4,0,7,32,0,39,2,0,2,41
06/17/2002,BVY,MA,ANE,EN,Federal Contract Tower,0,2,18,0,20,0,0,119,0,119,0,2,137,0,139,168,0,168,307
06/18/2002,BVY,MA,ANE,EN,Federal Contract Tower,0,4,17,0,21,0,0,133,0,133,0,4,150,0,154,196,0,196,350
06/19/2002,BVY,MA,ANE,EN,Federal Contract Tower,0,0,23,0,23,0,0,143,0,143,0,0,166,0,166,186,4,190,356
06/20/2002,BVY,MA,ANE,EN,Federal Contract Tower,0,3,24,0,27,0,0,156,1,157,0,3,180,1,184,268,0,268,452
06/21/2002,BVY,MA,ANE,EN,Federal Contract Tower,0,5,18,0,23,0,1,178,0,179,0,6,196,0,202,260,0,260,462
06/22/2002,BVY,MA,ANE,EN,Federal Contract Tower,0,1,16,0,17,0,0,85,0,85,0,1,101,0,102,114,0,114,216
06/23/2002,BVY,MA,ANE,EN,Federal Contract Tower,0,2,32,0,34,0,0,42,0,42,0,2,74,0,76,106,0,106,182
06/24/2002,BVY,MA,ANE,EN,Federal Contract Tower,0,0,15,0,15,0,0,109,0,109,0,0,124,0,124,186,0,186,310
06/25/2002,BVY,MA,ANE,EN,Federal Contract Tower,0,3,16,0,19,0,0,156,4,160,0,3,172,4,179,242,0,242,421
06/26/2002,BVY,MA,ANE,EN,Federal Contract Tower,0,1,13,0,14,0,0,123,3,126,0,1,136,3,140,228,0,228,368
06/27/2002,BVY,MA,ANE,EN,Federal Contract Tower,0,4,25,0,29,0,0,105,0,105,0,4,130,0,134,196,0,196,330
06/28/2002,BVY,MA,ANE,EN,Federal Contract Tower,0,2,24,0,26,0,0,128,0,128,0,2,152,0,154,204,0,204,358
06/29/2002,BVY,MA,ANE,EN,Federal Contract Tower,0,2,12,0,14,0,0,213,0,213,0,2,225,0,227,142,0,142,369
06/30/2002,BVY,MA,ANE,EN,Federal Contract Tower,0,1,33,0,34,0,2,156,0,158,0,3,189,0,192,158,0,158,350
07/01/2002,BVY,MA,ANE,EN,Federal Contract Tower,0,2,22,2,26,0,2,98,0,100,0,4,120,2,126,158,4,162,288
07/02/2002,BVY,MA,ANE,EN,Federal Contract Tower,0,2,30,0,32,0,1,84,0,85,0,3,114,0,117,214,0,214,331
07/03/2002,BVY,MA,ANE,EN,Federal Contract Tower,0,3,25,0,28,0,0,165,1,166,0,3,190,1,194,226,0,226,420
07/04/2002,BVY,MA,ANE,EN,Federal Contract Tower,0,2,6,0,8,0,0,127,1,128,0,2,133,1,136,94,0,94,230
07/05/2002,BVY,MA,ANE,EN,Federal Contract Tower,0,1,21,0,22,0,1,142,0,143,0,2,163,0,165,166,0,166,331
07/06/2002,BVY,MA,ANE,EN,Federal Contract Tower,0,2,15,0,17,0,0,146,0,146,0,2,161,0,163,134,0,134,297
07/07/2002,BVY,MA,ANE,EN,Federal Contract Tower,0,9,31,0,40,0,0,112,0,112,0,9,143,0,152,222,0,222,374
07/08/2002,BVY,MA,ANE,EN,Federal Contract Tower,0,4,24,0,28,0,0,121,1,122,0,4,145,1,150,214,0,214,364
07/09/2002,BVY,MA,ANE,EN,Federal Contract Tower,0,3,17,6,26,0,2,110,1,113,0,5,127,7,139,160,0,160,299
07/10/2002,BVY,MA,ANE,EN,Federal Contract Tower,0,0,20,0,20,0,0,165,0,165,0,0,185,0,185,216,0,216,401
07/11/2002,BVY,MA,ANE,EN,Federal Contract Tower,0,1,15,0,16,0,0,134,3,137,0,1,149,3,153,144,0,144,297
07/12/2002,BVY,MA,ANE,EN,Federal Contract Tower,0,6,23,0,29,0,2,207,6,215,0,8,230,6,244,238,0,238,482
07/13/2002,BVY,MA,ANE,EN,Federal Contract Tower,0,3,17,0,20,0,0,177,5,182,0,3,194,5,202,118,0,118,320
07/14/2002,BVY,MA,ANE,EN,Federal Contract Tower,0,2,17,0,19,0,4,195,1,200,0,6,212,1,219,266,0,266,485
07/15/2002,BVY,MA,ANE,EN,Federal Contract Tower,0,5,15,0,20,0,0,94,1,95,0,5,109,1,115,94,0,94,209
07/16/2002,BVY,MA,ANE,EN,Federal Contract Tower,0,6,20,0,26,0,1,116,1,118,0,7,136,1,144,190,0,190,334
07/17/2002,BVY,MA,ANE,EN,Federal Contract Tower,0,0,21,0,21,0,0,134,5,139,0,0,155,5,160,230,0,230,390
07/18/2002,BVY,MA,ANE,EN,Federal Contract Tower,0,9,37,0,46,0,1,122,0,123,0,10,159,0,169,222,0,222,391
07/19/2002,BVY,MA,ANE,EN,Federal Contract Tower,0,5,27,0,32,0,0,0,0,0,0,5,27,0,32,0,0,0,32
07/20/2002,BVY,MA,ANE,EN,Federal Contract Tower,0,7,36,0,43,0,0,88,0,88,0,7,124,0,131,178,0,178,309
07/21/2002,BVY,MA,ANE,EN,Federal Contract Tower,0,5,24,0,29,0,0,191,0,191,0,5,215,0,220,230,0,230,450
07/22/2002,BVY,MA,ANE,EN,Federal Contract Tower,0,5,29,0,34,0,2,99,0,101,0,7,128,0,135,96,0,96,231
07/23/2002,BVY,MA,ANE,EN,Federal Contract Tower,0,3,18,0,21,0,0,70,0,70,0,3,88,0,91,110,0,110,201
07/24/2002,BVY,MA,ANE,EN,Federal Contract Tower,0,6,24,0,30,0,0,172,0,172,0,6,196,0,202,234,0,234,436
07/25/2002,BVY,MA,ANE,EN,Federal Contract Tower,0,2,33,0,35,0,0,185,0,185,0,2,218,0,220,228,0,228,448
07/26/2002,BVY,MA,ANE,EN,Federal Contract Tower,0,3,29,0,32,0,4,152,0,156,0,7,181,0,188,244,0,244,432
07/27/2002,BVY,MA,ANE,EN,Federal Contract Tower,0,2,43,0,45,0,2,70,0,72,0,4,113,0,117,80,0,80,197
07/28/2002,BVY,MA,ANE,EN,Federal Contract Tower,0,3,18,0,21,0,0,15,0,15,0,3,33,0,36,6,0,6,42
07/29/2002,BVY,MA,ANE,EN,Federal Contract Tower,0,4,30,0,34,0,2,111,1,114,0,6,141,1,148,190,0,190,338
07/30/2002,BVY,MA,ANE,EN,Federal Contract Tower,0,0,34,0,34,0,0,129,1,130,0,0,163,1,164,218,0,218,382
07/31/2002,BVY,MA,ANE,EN,Federal Contract Tower,0,4,19,0,23,0,0,163,0,163,0,4,182,0,186,298,0,298,484
08/01/2002,BVY,MA,ANE,EN,Federal Contract Tower,0,2,17,0,19,0,0,214,0,214,0,2,231,0,233,252,0,252,485
08/02/2002,BVY,MA,ANE,EN,Federal Contract Tower,0,4,22,0,26,0,0,123,0,123,0,4,145,0,149,194,0,194,343
08/03/2002,BVY,MA,ANE,EN,Federal Contract Tower,0,2,8,0,10,0,0,210,0,210,0,2,218,0,220,266,0,266,486
08/04/2002,BVY,MA,ANE,EN,Federal Contract Tower,0,3,24,0,27,0,0,181,0,181,0,3,205,0,208,212,0,212,420
08/05/2002,BVY,MA,ANE,EN,Federal Contract Tower,0,10,19,0,29,0,0,107,0,107,0,10,126,0,136,96,0,96,232
08/06/2002,BVY,MA,ANE,EN,Federal Contract Tower,0,1,10,0,11,0,0,87,0,87,0,1,97,0,98,88,0,88,186
08/07/2002,BVY,MA,ANE,EN,Federal Contract Tower,0,0,18,0,18,0,1,163,2,166,0,1,181,2,184,154,0,154,338
08/08/2002,BVY,MA,ANE,EN,Federal Contract Tower,0,2,17,0,19,0,0,162,0,162,0,2,179,0,181,200,0,200,381
08/09/2002,BVY,MA,ANE,EN,Federal Contract Tower,0,4,20,0,24,0,0,174,4,178,0,4,194,4,202,198,0,198,400
08/10/2002,BVY,MA,ANE,EN,Federal Contract Tower,0,4,30,0,34,0,1,200,0,201,0,5,230,0,235,258,0,258,493
08/11/2002,BVY,MA,ANE,EN,Federal Contract Tower,0,3,19,0,22,0,1,186,0,187,0,4,205,0,209,132,0,132,341
08/12/2002,BVY,MA,ANE,EN,Federal Contract Tower,0,2,15,0,17,0,0,98,0,98,0,2,113,0,115,74,0,74,189
08/13/2002,BVY,MA,ANE,EN,Federal Contract Tower,0,0,22,0,22,0,0,96,0,96,0,0,118,0,118,78,0,78,196
08/14/2002,BVY,MA,ANE,EN,Federal Contract Tower,0,0,16,0,16,0,0,111,0,111,0,0,127,0,127,216,0,216,343
08/15/2002,BVY,MA,ANE,EN,Federal Contract Tower,0,3,21,0,24,0,3,132,1,136,0,6,153,1,160,78,0,78,238
08/16/2002,BVY,MA,ANE,EN,Federal Contract Tower,0,1,30,0,31,0,0,81,0,81,0,1,111,0,112,154,0,154,266
08/17/2002,BVY,MA,ANE,EN,Federal Contract Tower,0,3,15,0,18,0,0,153,0,153,0,3,168,0,171,80,0,80,251
08/18/2002,BVY,MA,ANE,EN,Federal Contract Tower,0,0,29,0,29,0,0,125,0,125,0,0,154,0,154,176,0,176,330
08/19/2002,BVY,MA,ANE,EN,Federal Contract Tower,0,0,21,0,21,0,1,136,0,137,0,1,157,0,158,106,0,106,264
08/20/2002,BVY,MA,ANE,EN,Federal Contract Tower,0,1,36,0,37,0,0,88,4,92,0,1,124,4,129,120,0,120,249
08/21/2002,BVY,MA,ANE,EN,Federal Contract Tower,0,3,16,0,19,0,0,186,0,186,0,3,202,0,205,182,0,182,387
08/22/2002,BVY,MA,ANE,EN,Federal Contract Tower,0,0,21,0,21,0,0,131,0,131,0,0,152,0,152,190,0,190,342
08/23/2002,BVY,MA,ANE,EN,Federal Contract Tower,0,5,35,0,40,0,3,100,1,104,0,8,135,1,144,256,0,256,400
08/24/2002,BVY,MA,ANE,EN,Federal Contract Tower,0,1,19,0,20,0,1,68,0,69,0,2,87,0,89,80,0,80,169
08/25/2002,BVY,MA,ANE,EN,Federal Contract Tower,0,0,22,0,22,0,0,138,0,138,0,0,160,0,160,150,0,150,310
08/26/2002,BVY,MA,ANE,EN,Federal Contract Tower,0,1,20,0,21,0,0,158,1,159,0,1,178,1,180,180,0,180,360
08/27/2002,BVY,MA,ANE,EN,Federal Contract Tower,0,1,21,0,22,0,0,155,0,155,0,1,176,0,177,172,0,172,349
08/28/2002,BVY,MA,ANE,EN,Federal Contract Tower,0,0,17,0,17,0,0,131,1,132,0,0,148,1,149,204,0,204,353
08/29/2002,BVY,MA,ANE,EN,Federal Contract Tower,0,2,23,0,25,0,4,7,2,13,0,6,30,2,38,4,0,4,42
08/30/2002,BVY,MA,ANE,EN,Federal Contract Tower,0,3,21,0,24,0,0,76,0,76,0,3,97,0,100,122,0,122,222
08/31/2002,BVY,MA,ANE,EN,Federal Contract Tower,0,2,13,0,15,0,0,114,0,114,0,2,127,0,129,132,0,132,261
09/01/2002,BVY,MA,ANE,EN,Federal Contract Tower,0,3,16,0,19,0,0,117,0,117,0,3,133,0,136,208,0,208,344
09/02/2002,BVY,MA,ANE,EN,Federal Contract Tower,0,0,46,0,46,0,0,0,0,0,0,0,46,0,46,0,0,0,46
09/03/2002,BVY,MA,ANE,EN,Federal Contract Tower,0,4,6,0,10,0,0,0,0,0,0,4,6,0,10,0,0,0,10
09/04/2002,BVY,MA,ANE,EN,Federal Contract Tower,0,1,21,0,22,0,9,77,0,86,0,10,98,0,108,120,0,120,228
09/05/2002,BVY,MA,ANE,EN,Federal Contract Tower,0,4,17,0,21,0,0,148,13,161,0,4,165,13,182,154,6,160,342
09/06/2002,BVY,MA,ANE,EN,Federal Contract Tower,0,3,15,0,18,0,0,219,1,220,0,3,234,1,238,212,0,212,450
09/07/2002,BVY,MA,ANE,EN,Federal Contract Tower,0,5,22,0,27,0,0,149,0,149,0,5,171,0,176,242,0,242,418
09/08/2002,BVY,MA,ANE,EN,Federal Contract Tower,0,9,6,0,15,0,0,176,0,176,0,9,182,0,191,206,0,206,397
09/09/2002,BVY,MA,ANE,EN,Federal Contract Tower,0,1,12,0,13,0,0,112,2,114,0,1,124,2,127,204,0,204,331
09/10/2002,BVY,MA,ANE,EN,Federal Contract Tower,0,1,24,1,26,0,1,119,2,122,0,2,143,3,148,224,0,224,372
09/11/2002,BVY,MA,ANE,EN,Federal Contract Tower,0,1,15,0,16,0,0,61,0,61,0,1,76,0,77,154,2,156,233
09/12/2002,BVY,MA,ANE,EN,Federal Contract Tower,0,2,21,0,23,0,5,99,1,105,0,7,120,1,128,158,0,158,286
09/13/2002,BVY,MA,ANE,EN,Federal Contract Tower,0,5,19,0,24,0,1,135,1,137,0,6,154,1,161,144,0,144,305
09/14/2002,BVY,MA,ANE,EN,Federal Contract Tower,0,1,15,0,16,0,0,136,4,140,0,1,151,4,156,288,0,288,444
09/15/2002,BVY,MA,ANE,EN,Federal Contract Tower,0,4,28,0,32,0,0,40,3,43,0,4,68,3,75,124,0,124,199
09/16/2002,BVY,MA,ANE,EN,Federal Contract Tower,0,0,2,0,2,0,0,16,0,16,0,0,18,0,18,40,0,40,58
09/17/2002,BVY,MA,ANE,EN,Federal Contract Tower,0,2,29,0,31,0,0,98,0,98,0,2,127,0,129,150,0,150,279
09/18/2002,BVY,MA,ANE,EN,Federal Contract Tower,0,2,21,0,23,0,0,210,2,212,0,2,231,2,235,242,0,242,477
09/19/2002,BVY,MA,ANE,EN,Federal Contract Tower,0,1,23,0,24,0,3,171,1,175,0,4,194,1,199,226,0,226,425
09/20/2002,BVY,MA,ANE,EN,Federal Contract Tower,0,3,14,0,17,0,0,157,2,159,0,3,171,2,176,156,0,156,332
09/21/2002,BVY,MA,ANE,EN,Federal Contract Tower,0,7,23,0,30,0,3,130,0,133,0,10,153,0,163,262,0,262,425
09/22/2002,BVY,MA,ANE,EN,Federal Contract Tower,0,2,26,1,29,0,0,142,1,143,0,2,168,2,172,166,0,166,338
09/23/2002,BVY,MA,ANE,EN,Federal Contract Tower,0,0,16,0,16,0,0,31,0,31,0,0,47,0,47,114,0,114,161
09/24/2002,BVY,MA,ANE,EN,Federal Contract Tower,0,2,16,0,18,0,1,102,4,107,0,3,118,4,125,178,0,178,303
09/25/2002,BVY,MA,ANE,EN,Federal Contract Tower,0,5,30,0,35,0,2,111,1,114,0,7,141,1,149,212,0,212,361
09/26/2002,BVY,MA,ANE,EN,Federal Contract Tower,0,4,29,0,33,0,0,88,2,90,0,4,117,2,123,118,0,118,241
09/27/2002,BVY,MA,ANE,EN,Federal Contract Tower,0,3,8,0,11,0,0,0,0,0,0,3,8,0,11,0,0,0,11
09/28/2002,BVY,MA,ANE,EN,Federal Contract Tower,0,3,11,0,14,0,0,77,1,78,0,3,88,1,92,78,0,78,170
09/29/2002,BVY,MA,ANE,EN,Federal Contract Tower,0,4,20,0,24,0,0,218,0,218,0,4,238,0,242,230,0,230,472
09/30/2002,BVY,MA,ANE,EN,Federal Contract Tower,0,4,12,0,16,0,0,110,0,110,0,4,122,0,126,118,0,118,244
10/01/2002,BVY,MA,ANE,EN,Federal Contract Tower,0,0,12,0,12,0,0,139,0,139,0,0,151,0,151,228,0,228,379
10/02/2002,BVY,MA,ANE,EN,Federal Contract Tower,0,0,13,0,13,0,0,115,0,115,0,0,128,0,128,168,0,168,296
10/03/2002,BVY,MA,ANE,EN,Federal Contract Tower,0,0,19,0,19,0,0,45,0,45,0,0,64,0,64,100,0,100,164
10/04/2002,BVY,MA,ANE,EN,Federal Contract Tower,0,1,20,0,21,0,0,68,0,68,0,1,88,0,89,160,0,160,249
10/05/2002,BVY,MA,ANE,EN,Federal Contract Tower,0,1,12,0,13,0,0,54,0,54,0,1,66,0,67,78,0,78,145
10/06/2002,BVY,MA,ANE,EN,Federal Contract Tower,0,5,21,0,26,0,0,200,0,200,0,5,221,0,226,220,0,220,446
10/07/2002,BVY,MA,ANE,EN,Federal Contract Tower,0,0,10,0,10,0,0,48,0,48,0,0,58,0,58,126,0,126,184
10/08/2002,BVY,MA,ANE,EN,Federal Contract Tower,0,0,10,0,10,0,0,148,1,149,0,0,158,1,159,148,0,148,307
10/09/2002,BVY,MA,ANE,EN,Federal Contract Tower,0,1,18,0,19,0,0,147,0,147,0,1,165,0,166,234,0,234,400
10/10/2002,BVY,MA,ANE,EN,Federal Contract Tower,0,4,10,0,14,0,0,159,0,159,0,4,169,0,173,226,0,226,399
10/11/2002,BVY,MA,ANE,EN,Federal Contract Tower,0,2,8,1,11,0,0,60,1,61,0,2,68,2,72,124,0,124,196
10/12/2002,BVY,MA,ANE,EN,Federal Contract Tower,0,4,8,0,12,0,0,4,0,4,0,4,12,0,16,8,0,8,24
10/13/2002,BVY,MA,ANE,EN,Federal Contract Tower,0,2,15,0,17,0,0,0,0,0,0,2,15,0,17,0,0,0,17
10/14/2002,BVY,MA,ANE,EN,Federal Contract Tower,0,3,12,1,16,0,0,134,1,135,0,3,146,2,151,138,0,138,289
10/15/2002,BVY,MA,ANE,EN,Federal Contract Tower,0,2,8,0,10,0,0,160,0,160,0,2,168,0,170,212,0,212,382
10/16/2002,BVY,MA,ANE,EN,Federal Contract Tower,0,0,0,0,0,0,0,12,0,12,0,0,12,0,12,58,0,58,70
10/17/2002,BVY,MA,ANE,EN,Federal Contract Tower,0,3,7,0,10,0,2,139,2,143,0,5,146,2,153,196,0,196,349
10/18/2002,BVY,MA,ANE,EN,Federal Contract Tower,0,7,11,0,18,0,0,127,0,127,0,7,138,0,145,164,0,164,309
10/19/2002,BVY,MA,ANE,EN,Federal Contract Tower,0,1,4,0,5,0,1,68,0,69,0,2,72,0,74,100,0,100,174
10/20/2002,BVY,MA,ANE,EN,Federal Contract Tower,0,3,8,0,11,0,0,149,0,149,0,3,157,0,160,136,0,136,296
10/21/2002,BVY,MA,ANE,EN,Federal Contract Tower,0,4,9,0,13,0,0,122,1,123,0,4,131,1,136,220,0,220,356
10/22/2002,BVY,MA,ANE,EN,Federal Contract Tower,0,3,6,0,9,0,0,141,1,142,0,3,147,1,151,188,0,188,339
10/23/2002,BVY,MA,ANE,EN,Federal Contract Tower,0,0,11,0,11,0,0,41,0,41,0,0,52,0,52,144,0,144,196
10/24/2002,BVY,MA,ANE,EN,Federal Contract Tower,0,4,13,0,17,0,0,133,1,134,0,4,146,1,151,278,0,278,429
10/25/2002,BVY,MA,ANE,EN,Federal Contract Tower,0,6,9,0,15,0,0,153,0,153,0,6,162,0,168,168,0,168,336
10/26/2002,BVY,MA,ANE,EN,Federal Contract Tower,0,0,0,0,0,0,7,0,0,7,0,7,0,0,7,0,0,0,7
10/27/2002,BVY,MA,ANE,EN,Federal Contract Tower,0,4,12,0,16,0,1,152,0,153,0,5,164,0,169,152,0,152,321
10/28/2002,BVY,MA,ANE,EN,Federal Contract Tower,0,2,9,0,11,0,0,136,0,136,0,2,145,0,147,204,0,204,351
10/29/2002,BVY,MA,ANE,EN,Federal Contract Tower,0,0,14,0,14,0,0,133,1,134,0,0,147,1,148,148,0,148,296
10/30/2002,BVY,MA,ANE,EN,Federal Contract Tower,0,1,4,0,5,0,1,114,0,115,0,2,118,0,120,186,0,186,306
10/31/2002,BVY,MA,ANE,EN,Federal Contract Tower,0,1,13,0,14,0,0,118,2,120,0,1,131,2,134,180,0,180,314
11/01/2002,BVY,MA,ANE,EN,Federal Contract Tower,0,3,21,1,25,0,0,102,1,103,0,3,123,2,128,172,0,172,300
11/02/2002,BVY,MA,ANE,EN,Federal Contract Tower,0,0,13,0,13,0,0,142,0,142,0,0,155,0,155,250,0,250,405
11/03/2002,BVY,MA,ANE,EN,Federal Contract Tower,0,0,20,0,20,0,0,166,0,166,0,0,186,0,186,364,0,364,550
11/04/2002,BVY,MA,ANE,EN,Federal Contract Tower,0,2,9,0,11,0,0,112,0,112,0,2,121,0,123,220,0,220,343
11/05/2002,BVY,MA,ANE,EN,Federal Contract Tower,0,1,11,0,12,0,0,99,2,101,0,1,110,2,113,130,0,130,243
11/06/2002,BVY,MA,ANE,EN,Federal Contract Tower,0,0,2,1,3,0,0,0,0,0,0,0,2,1,3,0,0,0,3
11/07/2002,BVY,MA,ANE,EN,Federal Contract Tower,0,0,10,0,10,0,0,36,1,37,0,0,46,1,47,22,0,22,69
11/08/2002,BVY,MA,ANE,EN,Federal Contract Tower,0,3,9,0,12,0,0,100,4,104,0,3,109,4,116,162,0,162,278
11/09/2002,BVY,MA,ANE,EN,Federal Contract Tower,0,0,17,0,17,0,0,156,2,158,0,0,173,2,175,220,0,220,395
11/10/2002,BVY,MA,ANE,EN,Federal Contract Tower,0,0,17,0,17,0,2,71,1,74,0,2,88,1,91,134,0,134,225
11/11/2002,BVY,MA,ANE,EN,Federal Contract Tower,0,1,11,0,12,0,0,18,0,18,0,1,29,0,30,16,0,16,46
11/12/2002,BVY,MA,ANE,EN,Federal Contract Tower,0,1,11,0,12,0,0,53,3,56,0,1,64,3,68,64,0,64,132
11/13/2002,BVY,MA,ANE,EN,Federal Contract Tower,0,2,7,0,9,0,0,5,0,5,0,2,12,0,14,4,0,4,18
11/14/2002,BVY,MA,ANE,EN,Federal Contract Tower,0,2,21,0,23,0,0,163,3,166,0,2,184,3,189,222,0,222,411
11/15/2002,BVY,MA,ANE,EN,Federal Contract Tower,0,3,26,0,29,0,0,162,0,162,0,3,188,0,191,174,0,174,365
11/16/2002,BVY,MA,ANE,EN,Federal Contract Tower,0,0,0,0,0,0,0,2,0,2,0,0,2,0,2,20,0,20,22
11/17/2002,BVY,MA,ANE,EN,Federal Contract Tower,0,2,2,0,4,0,0,0,0,0,0,2,2,0,4,0,0,0,4
11/18/2002,BVY,MA,ANE,EN,Federal Contract Tower,0,3,2,0,5,0,0,10,0,10,0,3,12,0,15,0,0,0,15
11/19/2002,BVY,MA,ANE,EN,Federal Contract Tower,0,0,10,0,10,0,0,92,2,94,0,0,102,2,104,162,0,162,266
11/20/2002,BVY,MA,ANE,EN,Federal Contract Tower,0,2,25,0,27,0,3,138,5,146,0,5,163,5,173,252,0,252,425
11/21/2002,BVY,MA,ANE,EN,Federal Contract Tower,0,0,6,0,6,0,0,0,0,0,0,0,6,0,6,0,0,0,6
11/22/2002,BVY,MA,ANE,EN,Federal Contract Tower,0,1,4,0,5,0,0,0,0,0,0,1,4,0,5,0,0,0,5
11/23/2002,BVY,MA,ANE,EN,Federal Contract Tower,0,4,4,0,8,0,0,11,3,14,0,4,15,3,22,6,0,6,28
11/24/2002,BVY,MA,ANE,EN,Federal Contract Tower,0,1,17,0,18,0,0,126,0,126,0,1,143,0,144,104,0,104,248
11/25/2002,BVY,MA,ANE,EN,Federal Contract Tower,0,1,12,0,13,0,0,98,0,98,0,1,110,0,111,116,0,116,227
11/26/2002,BVY,MA,ANE,EN,Federal Contract Tower,0,2,23,0,25,0,0,135,5,140,0,2,158,5,165,168,0,168,333
11/27/2002,BVY,MA,ANE,EN,Federal Contract Tower,0,6,4,0,10,0,0,9,0,9,0,6,13,0,19,0,0,0,19
11/28/2002,BVY,MA,ANE,EN,Federal Contract Tower,0,0,1,0,1,0,0,20,0,20,0,0,21,0,21,14,0,14,35
11/29/2002,BVY,MA,ANE,EN,Federal Contract Tower,0,0,19,0,19,0,0,79,0,79,0,0,98,0,98,174,0,174,272
11/30/2002,BVY,MA,ANE,EN,Federal Contract Tower,0,0,12,0,12,0,0,118,1,119,0,0,130,1,131,122,0,122,253
12/01/2002,BVY,MA,ANE,EN,Federal Contract Tower,0,3,11,0,14,0,0,28,0,28,0,3,39,0,42,52,0,52,94
12/02/2002,BVY,MA,ANE,EN,Federal Contract Tower,0,4,15,0,19,0,0,89,1,90,0,4,104,1,109,146,0,146,255
12/03/2002,BVY,MA,ANE,EN,Federal Contract Tower,0,0,5,0,5,0,0,34,0,34,0,0,39,0,39,12,0,12,51
12/04/2002,BVY,MA,ANE,EN,Federal Contract Tower,0,0,11,0,11,0,0,120,0,120,0,0,131,0,131,152,0,152,283
12/05/2002,BVY,MA,ANE,EN,Federal Contract Tower,0,0,13,0,13,0,0,50,0,50,0,0,63,0,63,60,0,60,123
12/06/2002,BVY,MA,ANE,EN,Federal Contract Tower,0,0,5,0,5,0,0,11,0,11,0,0,16,0,16,0,0,0,16
12/07/2002,BVY,MA,ANE,EN,Federal Contract Tower,0,1,12,0,13,0,0,143,0,143,0,1,155,0,156,64,0,64,220
12/08/2002,BVY,MA,ANE,EN,Federal Contract Tower,0,3,19,0,22,0,0,131,0,131,0,3,150,0,153,106,0,106,259
12/09/2002,BVY,MA,ANE,EN,Federal Contract Tower,0,3,3,0,6,0,0,93,3,96,0,3,96,3,102,194,0,194,296
12/10/2002,BVY,MA,ANE,EN,Federal Contract Tower,0,1,18,0,19,0,0,102,1,103,0,1,120,1,122,122,0,122,244
12/11/2002,BVY,MA,ANE,EN,Federal Contract Tower,0,0,8,0,8,0,0,39,0,39,0,0,47,0,47,48,0,48,95
12/12/2002,BVY,MA,ANE,EN,Federal Contract Tower,0,0,2,0,2,0,0,4,0,4,0,0,6,0,6,0,0,0,6
12/13/2002,BVY,MA,ANE,EN,Federal Contract Tower,0,2,15,0,17,0,0,140,2,142,0,2,155,2,159,180,0,180,339
12/14/2002,BVY,MA,ANE,EN,Federal Contract Tower,0,0,1,0,1,0,0,0,0,0,0,0,1,0,1,0,0,0,1
12/15/2002,BVY,MA,ANE,EN,Federal Contract Tower,0,2,11,0,13,0,0,99,0,99,0,2,110,0,112,130,0,130,242
12/16/2002,BVY,MA,ANE,EN,Federal Contract Tower,0,0,1,0,1,0,0,2,0,2,0,0,3,0,3,0,0,0,3
12/17/2002,BVY,MA,ANE,EN,Federal Contract Tower,0,0,14,0,14,0,0,83,1,84,0,0,97,1,98,116,0,116,214
12/18/2002,BVY,MA,ANE,EN,Federal Contract Tower,0,2,10,0,12,0,0,153,0,153,0,2,163,0,165,272,0,272,437
12/19/2002,BVY,MA,ANE,EN,Federal Contract Tower,0,0,32,0,32,0,0,129,0,129,0,0,161,0,161,174,0,174,335
12/20/2002,BVY,MA,ANE,EN,Federal Contract Tower,0,4,5,0,9,0,0,0,0,0,0,4,5,0,9,0,0,0,9
12/21/2002,BVY,MA,ANE,EN,Federal Contract Tower,0,3,11,0,14,0,2,97,0,99,0,5,108,0,113,126,0,126,239
12/22/2002,BVY,MA,ANE,EN,Federal Contract Tower,0,2,8,0,10,0,0,124,0,124,0,2,132,0,134,200,0,200,334
12/23/2002,BVY,MA,ANE,EN,Federal Contract Tower,0,4,14,0,18,0,0,62,2,64,0,4,76,2,82,58,0,58,140
12/24/2002,BVY,MA,ANE,EN,Federal Contract Tower,0,2,5,0,7,0,0,75,0,75,0,2,80,0,82,74,0,74,156
12/25/2002,BVY,MA,ANE,EN,Federal Contract Tower,0,0,0,0,0,0,0,0,0,0,0,0,0,0,0,0,0,0,0
12/26/2002,BVY,MA,ANE,EN,Federal Contract Tower,0,0,5,0,5,0,0,13,4,17,0,0,18,4,22,0,0,0,22
12/27/2002,BVY,MA,ANE,EN,Federal Contract Tower,0,0,14,0,14,0,0,110,1,111,0,0,124,1,125,132,0,132,257
12/28/2002,BVY,MA,ANE,EN,Federal Contract Tower,0,2,10,0,12,0,0,123,0,123,0,2,133,0,135,198,0,198,333
12/29/2002,BVY,MA,ANE,EN,Federal Contract Tower,0,0,6,0,6,0,0,128,2,130,0,0,134,2,136,156,0,156,292
12/30/2002,BVY,MA,ANE,EN,Federal Contract Tower,0,1,9,0,10,0,0,74,3,77,0,1,83,3,87,62,0,62,149
12/31/2002,BVY,MA,ANE,EN,Federal Contract Tower,0,0,0,2,2,0,0,4,0,4,0,0,4,2,6,44,0,44,50
01/01/2003,BVY,MA,ANE,EN,Federal Contract Tower,0,1,5,0,6,0,0,63,0,63,0,1,68,0,69,74,0,74,143
01/02/2003,BVY,MA,ANE,EN,Federal Contract Tower,0,0,0,0,0,0,0,16,0,16,0,0,16,0,16,0,0,0,16
01/03/2003,BVY,MA,ANE,EN,Federal Contract Tower,0,0,4,0,4,0,0,15,0,15,0,0,19,0,19,4,0,4,23
01/04/2003,BVY,MA,ANE,EN,Federal Contract Tower,0,0,2,0,2,0,0,0,0,0,0,0,2,0,2,0,0,0,2
01/05/2003,BVY,MA,ANE,EN,Federal Contract Tower,0,0,6,0,6,0,0,111,2,113,0,0,117,2,119,52,0,52,171
01/06/2003,BVY,MA,ANE,EN,Federal Contract Tower,0,0,2,0,2,0,0,2,0,2,0,0,4,0,4,0,0,0,4
01/07/2003,BVY,MA,ANE,EN,Federal Contract Tower,0,0,5,0,5,0,0,62,0,62,0,0,67,0,67,28,0,28,95
01/08/2003,BVY,MA,ANE,EN,Federal Contract Tower,0,0,4,0,4,0,0,57,2,59,0,0,61,2,63,66,0,66,129
01/09/2003,BVY,MA,ANE,EN,Federal Contract Tower,0,2,3,0,5,0,0,41,0,41,0,2,44,0,46,26,0,26,72
01/10/2003,BVY,MA,ANE,EN,Federal Contract Tower,0,0,9,1,10,0,0,53,1,54,0,0,62,2,64,86,0,86,150
01/11/2003,BVY,MA,ANE,EN,Federal Contract Tower,0,0,14,0,14,0,0,74,1,75,0,0,88,1,89,96,0,96,185
01/12/2003,BVY,MA,ANE,EN,Federal Contract Tower,0,0,10,0,10,0,0,115,0,115,0,0,125,0,125,132,0,132,257
01/13/2003,BVY,MA,ANE,EN,Federal Contract Tower,0,0,4,0,4,0,0,58,3,61,0,0,62,3,65,64,2,66,131
01/14/2003,BVY,MA,ANE,EN,Federal Contract Tower,0,0,12,0,12,0,0,89,6,95,0,0,101,6,107,70,0,70,177
01/15/2003,BVY,MA,ANE,EN,Federal Contract Tower,0,0,10,0,10,0,0,99,4,103,0,0,109,4,113,94,0,94,207
01/16/2003,BVY,MA,ANE,EN,Federal Contract Tower,0,1,9,0,10,0,1,95,0,96,0,2,104,0,106,158,0,158,264
01/17/2003,BVY,MA,ANE,EN,Federal Contract Tower,0,2,6,0,8,0,2,98,2,102,0,4,104,2,110,132,0,132,242
01/18/2003,BVY,MA,ANE,EN,Federal Contract Tower,0,0,14,0,14,0,2,121,0,123,0,2,135,0,137,190,0,190,327
01/19/2003,BVY,MA,ANE,EN,Federal Contract Tower,0,2,8,0,10,0,0,89,0,89,0,2,97,0,99,202,0,202,301
01/20/2003,BVY,MA,ANE,EN,Federal Contract Tower,0,3,2,0,5,0,0,34,0,34,0,3,36,0,39,32,0,32,71
01/21/2003,BVY,MA,ANE,EN,Federal Contract Tower,0,2,6,0,8,0,1,38,1,40,0,3,44,1,48,28,0,28,76
01/22/2003,BVY,MA,ANE,EN,Federal Contract Tower,0,1,7,0,8,0,0,31,1,32,0,1,38,1,40,30,0,30,70
01/23/2003,BVY,MA,ANE,EN,Federal Contract Tower,0,1,7,0,8,0,0,52,0,52,0,1,59,0,60,36,0,36,96
01/24/2003,BVY,MA,ANE,EN,Federal Contract Tower,0,2,10,0,12,0,0,75,2,77,0,2,85,2,89,128,0,128,217
01/25/2003,BVY,MA,ANE,EN,Federal Contract Tower,0,2,18,0,20,0,0,113,2,115,0,2,131,2,135,120,0,120,255
01/26/2003,BVY,MA,ANE,EN,Federal Contract Tower,0,2,13,0,15,0,0,89,0,89,0,2,102,0,104,224,0,224,328
01/27/2003,BVY,MA,ANE,EN,Federal Contract Tower,0,0,4,0,4,0,0,40,1,41,0,0,44,1,45,38,0,38,83
01/28/2003,BVY,MA,ANE,EN,Federal Contract Tower,0,0,10,0,10,0,0,66,2,68,0,0,76,2,78,124,0,124,202
01/29/2003,BVY,MA,ANE,EN,Federal Contract Tower,0,0,4,0,4,0,0,40,0,40,0,0,44,0,44,126,0,126,170
01/30/2003,BVY,MA,ANE,EN,Federal Contract Tower,0,0,6,0,6,0,0,93,2,95,0,0,99,2,101,214,0,214,315
01/31/2003,BVY,MA,ANE,EN,Federal Contract Tower,0,4,10,0,14,0,0,53,2,55,0,4,63,2,69,152,0,152,221
02/01/2003,BVY,MA,ANE,EN,Federal Contract Tower,0,2,0,0,2,0,0,0,0,0,0,2,0,0,2,0,0,0,2
02/02/2003,BVY,MA,ANE,EN,Federal Contract Tower,0,0,1,0,1,0,0,0,0,0,0,0,1,0,1,0,0,0,1
02/03/2003,BVY,MA,ANE,EN,Federal Contract Tower,0,0,13,0,13,0,0,77,1,78,0,0,90,1,91,96,0,96,187
02/04/2003,BVY,MA,ANE,EN,Federal Contract Tower,0,0,7,0,7,0,0,20,0,20,0,0,27,0,27,14,0,14,41
02/05/2003,BVY,MA,ANE,EN,Federal Contract Tower,0,3,6,0,9,0,0,39,0,39,0,3,45,0,48,36,0,36,84
02/06/2003,BVY,MA,ANE,EN,Federal Contract Tower,0,1,18,0,19,0,0,127,0,127,0,1,145,0,146,174,0,174,320
02/07/2003,BVY,MA,ANE,EN,Federal Contract Tower,0,0,0,0,0,0,0,0,0,0,0,0,0,0,0,0,0,0,0
02/08/2003,BVY,MA,ANE,EN,Federal Contract Tower,0,0,10,0,10,0,0,80,1,81,0,0,90,1,91,114,0,114,205
02/09/2003,BVY,MA,ANE,EN,Federal Contract Tower,0,1,16,0,17,0,0,122,0,122,0,1,138,0,139,276,0,276,415
02/10/2003,BVY,MA,ANE,EN,Federal Contract Tower,0,4,7,0,11,0,0,29,0,29,0,4,36,0,40,100,0,100,140
02/11/2003,BVY,MA,ANE,EN,Federal Contract Tower,0,0,8,0,8,0,2,51,0,53,0,2,59,0,61,58,0,58,119
02/12/2003,BVY,MA,ANE,EN,Federal Contract Tower,0,0,8,0,8,0,0,15,5,20,0,0,23,5,28,0,0,0,28
02/13/2003,BVY,MA,ANE,EN,Federal Contract Tower,0,2,13,0,15,0,0,59,0,59,0,2,72,0,74,8,0,8,82
02/14/2003,BVY,MA,ANE,EN,Federal Contract Tower,0,2,1,0,3,0,2,86,2,90,0,4,87,2,93,102,0,102,195
02/15/2003,BVY,MA,ANE,EN,Federal Contract Tower,0,0,6,0,6,0,0,85,1,86,0,0,91,1,92,76,0,76,168
02/16/2003,BVY,MA,ANE,EN,Federal Contract Tower,0,0,8,0,8,0,0,107,0,107,0,0,115,0,115,206,0,206,321
02/17/2003,BVY,MA,ANE,EN,Federal Contract Tower,0,0,2,0,2,0,0,11,0,11,0,0,13,0,13,40,0,40,53
02/18/2003,BVY,MA,ANE,EN,Federal Contract Tower,0,0,0,0,0,0,0,6,0,6,0,0,6,0,6,0,0,0,6
02/19/2003,BVY,MA,ANE,EN,Federal Contract Tower,0,0,14,0,14,0,1,64,0,65,0,1,78,0,79,84,0,84,163
02/20/2003,BVY,MA,ANE,EN,Federal Contract Tower,0,2,21,0,23,0,0,112,0,112,0,2,133,0,135,160,0,160,295
02/21/2003,BVY,MA,ANE,EN,Federal Contract Tower,0,3,16,0,19,0,0,157,2,159,0,3,173,2,178,286,0,286,464
02/22/2003,BVY,MA,ANE,EN,Federal Contract Tower,0,0,4,0,4,0,0,17,0,17,0,0,21,0,21,82,0,82,103
02/23/2003,BVY,MA,ANE,EN,Federal Contract Tower,0,1,2,0,3,0,0,0,0,0,0,1,2,0,3,0,0,0,3
02/24/2003,BVY,MA,ANE,EN,Federal Contract Tower,0,0,8,0,8,0,0,74,2,76,0,0,82,2,84,102,0,102,186
02/25/2003,BVY,MA,ANE,EN,Federal Contract Tower,0,2,4,0,6,0,0,37,0,37,0,2,41,0,43,26,0,26,69
02/26/2003,BVY,MA,ANE,EN,Federal Contract Tower,0,0,16,0,16,0,0,124,0,124,0,0,140,0,140,220,0,220,360
02/27/2003,BVY,MA,ANE,EN,Federal Contract Tower,0,0,19,0,19,0,2,126,4,132,0,2,145,4,151,240,0,240,391
02/28/2003,BVY,MA,ANE,EN,Federal Contract Tower,0,4,12,1,17,0,1,57,0,58,0,5,69,1,75,52,0,52,127
03/01/2003,BVY,MA,ANE,EN,Federal Contract Tower,0,0,17,0,17,0,0,145,1,146,0,0,162,1,163,310,0,310,473
03/02/2003,BVY,MA,ANE,EN,Federal Contract Tower,0,0,0,0,0,0,0,0,0,0,0,0,0,0,0,0,0,0,0
03/03/2003,BVY,MA,ANE,EN,Federal Contract Tower,0,2,0,0,2,0,0,18,4,22,0,2,18,4,24,0,0,0,24
03/04/2003,BVY,MA,ANE,EN,Federal Contract Tower,0,0,2,0,2,0,0,91,2,93,0,0,93,2,95,138,0,138,233
03/05/2003,BVY,MA,ANE,EN,Federal Contract Tower,0,0,3,0,3,0,0,17,0,17,0,0,20,0,20,6,0,6,26
03/06/2003,BVY,MA,ANE,EN,Federal Contract Tower,0,0,8,0,8,0,0,25,0,25,0,0,33,0,33,68,0,68,101
03/07/2003,BVY,MA,ANE,EN,Federal Contract Tower,0,4,9,0,13,0,1,129,0,130,0,5,138,0,143,130,0,130,273
03/08/2003,BVY,MA,ANE,EN,Federal Contract Tower,0,0,25,0,25,0,0,162,1,163,0,0,187,1,188,300,0,300,488
03/09/2003,BVY,MA,ANE,EN,Federal Contract Tower,0,0,11,0,11,0,0,39,0,39,0,0,50,0,50,60,0,60,110
03/10/2003,BVY,MA,ANE,EN,Federal Contract Tower,0,0,7,0,7,0,0,58,2,60,0,0,65,2,67,42,0,42,109
03/11/2003,BVY,MA,ANE,EN,Federal Contract Tower,0,1,15,0,16,0,0,123,0,123,0,1,138,0,139,150,0,150,289
03/12/2003,BVY,MA,ANE,EN,Federal Contract Tower,0,2,13,0,15,0,1,98,1,100,0,3,111,1,115,100,0,100,215
03/13/2003,BVY,MA,ANE,EN,Federal Contract Tower,0,0,11,0,11,0,0,15,0,15,0,0,26,0,26,24,0,24,50
03/14/2003,BVY,MA,ANE,EN,Federal Contract Tower,0,2,5,0,7,0,0,85,0,85,0,2,90,0,92,150,2,152,244
03/15/2003,BVY,MA,ANE,EN,Federal Contract Tower,0,0,18,0,18,0,0,98,0,98,0,0,116,0,116,220,0,220,336
03/16/2003,BVY,MA,ANE,EN,Federal Contract Tower,0,3,12,0,15,0,0,160,0,160,0,3,172,0,175,218,0,218,393
03/17/2003,BVY,MA,ANE,EN,Federal Contract Tower,0,0,16,0,16,0,0,98,0,98,0,0,114,0,114,146,0,146,260
03/18/2003,BVY,MA,ANE,EN,Federal Contract Tower,0,3,22,0,25,0,0,39,0,39,0,3,61,0,64,80,0,80,144
03/19/2003,BVY,MA,ANE,EN,Federal Contract Tower,0,0,19,0,19,0,0,107,0,107,0,0,126,0,126,186,0,186,312
03/20/2003,BVY,MA,ANE,EN,Federal Contract Tower,0,0,8,0,8,0,0,108,1,109,0,0,116,1,117,186,0,186,303
03/21/2003,BVY,MA,ANE,EN,Federal Contract Tower,0,0,6,0,6,0,0,45,1,46,0,0,51,1,52,68,0,68,120
03/22/2003,BVY,MA,ANE,EN,Federal Contract Tower,0,0,13,0,13,0,0,24,0,24,0,0,37,0,37,100,0,100,137
03/23/2003,BVY,MA,ANE,EN,Federal Contract Tower,0,0,12,0,12,0,1,152,4,157,0,1,164,4,169,212,0,212,381
03/24/2003,BVY,MA,ANE,EN,Federal Contract Tower,0,0,4,0,4,0,0,60,1,61,0,0,64,1,65,112,0,112,177
03/25/2003,BVY,MA,ANE,EN,Federal Contract Tower,0,0,17,1,18,0,0,78,1,79,0,0,95,2,97,78,0,78,175
03/26/2003,BVY,MA,ANE,EN,Federal Contract Tower,0,2,19,0,21,0,0,83,2,85,0,2,102,2,106,172,0,172,278
03/27/2003,BVY,MA,ANE,EN,Federal Contract Tower,0,0,11,0,11,0,0,143,1,144,0,0,154,1,155,130,0,130,285
03/28/2003,BVY,MA,ANE,EN,Federal Contract Tower,0,3,18,0,21,0,0,137,2,139,0,3,155,2,160,150,0,150,310
03/29/2003,BVY,MA,ANE,EN,Federal Contract Tower,0,1,14,0,15,0,0,6,0,6,0,1,20,0,21,2,0,2,23
03/30/2003,BVY,MA,ANE,EN,Federal Contract Tower,0,0,4,0,4,0,0,0,0,0,0,0,4,0,4,0,0,0,4
03/31/2003,BVY,MA,ANE,EN,Federal Contract Tower,0,0,2,0,2,0,0,23,0,23,0,0,25,0,25,32,0,32,57
04/01/2003,BVY,MA,ANE,EN,Federal Contract Tower,0,0,11,0,11,0,0,85,1,86,0,0,96,1,97,130,0,130,227
04/02/2003,BVY,MA,ANE,EN,Federal Contract Tower,0,2,22,0,24,0,1,64,0,65,0,3,86,0,89,158,0,158,247
04/03/2003,BVY,MA,ANE,EN,Federal Contract Tower,0,0,14,0,14,0,0,11,1,12,0,0,25,1,26,0,0,0,26
04/04/2003,BVY,MA,ANE,EN,Federal Contract Tower,0,0,0,0,0,0,0,0,0,0,0,0,0,0,0,0,0,0,0
04/05/2003,BVY,MA,ANE,EN,Federal Contract Tower,0,0,2,0,2,0,0,0,0,0,0,0,2,0,2,0,0,0,2
04/06/2003,BVY,MA,ANE,EN,Federal Contract Tower,0,0,13,0,13,0,0,82,0,82,0,0,95,0,95,82,0,82,177
04/07/2003,BVY,MA,ANE,EN,Federal Contract Tower,0,0,13,0,13,0,0,40,0,40,0,0,53,0,53,40,0,40,93
04/08/2003,BVY,MA,ANE,EN,Federal Contract Tower,0,0,6,0,6,0,0,6,0,6,0,0,12,0,12,12,0,12,24
04/09/2003,BVY,MA,ANE,EN,Federal Contract Tower,0,0,9,0,9,0,0,2,0,2,0,0,11,0,11,0,0,0,11
04/10/2003,BVY,MA,ANE,EN,Federal Contract Tower,0,0,19,0,19,0,1,155,1,157,0,1,174,1,176,132,0,132,308
04/11/2003,BVY,MA,ANE,EN,Federal Contract Tower,0,2,9,2,13,0,0,53,0,53,0,2,62,2,66,48,0,48,114
04/12/2003,BVY,MA,ANE,EN,Federal Contract Tower,0,0,8,0,8,0,0,20,1,21,0,0,28,1,29,42,0,42,71
04/13/2003,BVY,MA,ANE,EN,Federal Contract Tower,0,0,17,1,18,0,0,176,2,178,0,0,193,3,196,312,0,312,508
04/14/2003,BVY,MA,ANE,EN,Federal Contract Tower,0,0,13,0,13,0,0,87,3,90,0,0,100,3,103,140,0,140,243
04/15/2003,BVY,MA,ANE,EN,Federal Contract Tower,0,0,12,0,12,0,0,131,3,134,0,0,143,3,146,196,0,196,342
04/16/2003,BVY,MA,ANE,EN,Federal Contract Tower,0,2,14,0,16,0,0,74,0,74,0,2,88,0,90,128,0,128,218
04/17/2003,BVY,MA,ANE,EN,Federal Contract Tower,0,1,14,0,15,0,2,84,2,88,0,3,98,2,103,90,0,90,193
04/18/2003,BVY,MA,ANE,EN,Federal Contract Tower,0,1,16,0,17,0,0,101,0,101,0,1,117,0,118,234,0,234,352
04/19/2003,BVY,MA,ANE,EN,Federal Contract Tower,0,2,31,0,33,0,1,183,1,185,0,3,214,1,218,268,0,268,486
04/20/2003,BVY,MA,ANE,EN,Federal Contract Tower,0,0,6,0,6,0,0,89,1,90,0,0,95,1,96,66,0,66,162
04/21/2003,BVY,MA,ANE,EN,Federal Contract Tower,0,0,18,0,18,0,0,143,0,143,0,0,161,0,161,198,0,198,359
04/22/2003,BVY,MA,ANE,EN,Federal Contract Tower,0,0,4,0,4,0,0,0,0,0,0,0,4,0,4,0,0,0,4
04/23/2003,BVY,MA,ANE,EN,Federal Contract Tower,0,2,13,0,15,0,0,47,0,47,0,2,60,0,62,120,0,120,182
04/24/2003,BVY,MA,ANE,EN,Federal Contract Tower,0,2,11,0,13,0,0,45,1,46,0,2,56,1,59,58,0,58,117
04/25/2003,BVY,MA,ANE,EN,Federal Contract Tower,0,0,12,0,12,0,0,178,1,179,0,0,190,1,191,176,0,176,367
04/26/2003,BVY,MA,ANE,EN,Federal Contract Tower,0,2,13,1,16,0,0,2,1,3,0,2,15,2,19,4,0,4,23
04/27/2003,BVY,MA,ANE,EN,Federal Contract Tower,0,0,14,0,14,0,0,140,0,140,0,0,154,0,154,202,0,202,356
04/28/2003,BVY,MA,ANE,EN,Federal Contract Tower,0,0,16,0,16,0,0,128,2,130,0,0,144,2,146,154,0,154,300
04/29/2003,BVY,MA,ANE,EN,Federal Contract Tower,0,4,8,0,12,0,0,143,0,143,0,4,151,0,155,104,0,104,259
04/30/2003,BVY,MA,ANE,EN,Federal Contract Tower,0,0,17,0,17,0,0,176,0,176,0,0,193,0,193,316,0,316,509
05/01/2003,BVY,MA,ANE,EN,Federal Contract Tower,0,6,20,0,26,0,0,19,0,19,0,6,39,0,45,52,0,52,97
05/02/2003,BVY,MA,ANE,EN,Federal Contract Tower,0,1,12,0,13,0,0,92,0,92,0,1,104,0,105,108,0,108,213
05/03/2003,BVY,MA,ANE,EN,Federal Contract Tower,0,0,11,0,11,0,0,109,0,109,0,0,120,0,120,114,0,114,234
05/04/2003,BVY,MA,ANE,EN,Federal Contract Tower,0,3,15,0,18,0,1,179,0,180,0,4,194,0,198,366,0,366,564
05/05/2003,BVY,MA,ANE,EN,Federal Contract Tower,0,1,21,0,22,0,0,119,2,121,0,1,140,2,143,142,0,142,285
05/06/2003,BVY,MA,ANE,EN,Federal Contract Tower,0,0,13,0,13,0,0,12,0,12,0,0,25,0,25,26,0,26,51
05/07/2003,BVY,MA,ANE,EN,Federal Contract Tower,0,0,17,0,17,0,0,92,0,92,0,0,109,0,109,262,0,262,371
05/08/2003,BVY,MA,ANE,EN,Federal Contract Tower,0,0,15,0,15,0,0,22,0,22,0,0,37,0,37,72,0,72,109
05/09/2003,BVY,MA,ANE,EN,Federal Contract Tower,0,2,28,0,30,0,0,70,0,70,0,2,98,0,100,148,0,148,248
05/10/2003,BVY,MA,ANE,EN,Federal Contract Tower,0,0,13,0,13,0,1,193,2,196,0,1,206,2,209,242,0,242,451
05/11/2003,BVY,MA,ANE,EN,Federal Contract Tower,0,0,15,0,15,0,0,118,2,120,0,0,133,2,135,112,0,112,247
05/12/2003,BVY,MA,ANE,EN,Federal Contract Tower,0,1,11,0,12,0,0,7,0,7,0,1,18,0,19,0,0,0,19
05/13/2003,BVY,MA,ANE,EN,Federal Contract Tower,0,0,17,0,17,0,0,45,0,45,0,0,62,0,62,138,0,138,200
05/14/2003,BVY,MA,ANE,EN,Federal Contract Tower,0,1,20,0,21,0,0,67,1,68,0,1,87,1,89,158,0,158,247
05/15/2003,BVY,MA,ANE,EN,Federal Contract Tower,0,3,23,0,26,0,0,102,0,102,0,3,125,0,128,176,0,176,304
05/16/2003,BVY,MA,ANE,EN,Federal Contract Tower,0,1,30,0,31,0,0,62,2,64,0,1,92,2,95,120,0,120,215
05/17/2003,BVY,MA,ANE,EN,Federal Contract Tower,0,2,18,1,21,0,1,142,0,143,0,3,160,1,164,206,0,206,370
05/18/2003,BVY,MA,ANE,EN,Federal Contract Tower,0,6,23,0,29,0,0,225,0,225,0,6,248,0,254,266,0,266,520
05/19/2003,BVY,MA,ANE,EN,Federal Contract Tower,0,1,13,0,14,0,0,143,2,145,0,1,156,2,159,190,0,190,349
05/20/2003,BVY,MA,ANE,EN,Federal Contract Tower,0,4,18,0,22,0,0,142,1,143,0,4,160,1,165,180,0,180,345
05/21/2003,BVY,MA,ANE,EN,Federal Contract Tower,0,4,31,0,35,0,0,30,2,32,0,4,61,2,67,56,0,56,123
05/22/2003,BVY,MA,ANE,EN,Federal Contract Tower,0,1,21,0,22,0,0,80,0,80,0,1,101,0,102,122,0,122,224
05/23/2003,BVY,MA,ANE,EN,Federal Contract Tower,0,1,9,0,10,0,0,0,0,0,0,1,9,0,10,0,0,0,10
05/24/2003,BVY,MA,ANE,EN,Federal Contract Tower,0,0,2,0,2,0,0,0,0,0,0,0,2,0,2,0,0,0,2
05/25/2003,BVY,MA,ANE,EN,Federal Contract Tower,0,0,14,2,16,0,0,4,0,4,0,0,18,2,20,20,0,20,40
05/26/2003,BVY,MA,ANE,EN,Federal Contract Tower,0,0,11,0,11,0,0,11,0,11,0,0,22,0,22,20,0,20,42
05/27/2003,BVY,MA,ANE,EN,Federal Contract Tower,0,2,17,0,19,0,0,64,2,66,0,2,81,2,85,78,0,78,163
05/28/2003,BVY,MA,ANE,EN,Federal Contract Tower,0,0,21,0,21,0,0,51,0,51,0,0,72,0,72,102,0,102,174
05/29/2003,BVY,MA,ANE,EN,Federal Contract Tower,0,1,12,0,13,0,0,116,0,116,0,1,128,0,129,182,0,182,311
05/30/2003,BVY,MA,ANE,EN,Federal Contract Tower,0,4,12,0,16,0,0,148,5,153,0,4,160,5,169,138,0,138,307
05/31/2003,BVY,MA,ANE,EN,Federal Contract Tower,0,4,22,2,28,0,0,120,1,121,0,4,142,3,149,136,0,136,285
06/01/2003,BVY,MA,ANE,EN,Federal Contract Tower,0,0,5,0,5,0,0,1,0,1,0,0,6,0,6,0,0,0,6
06/02/2003,BVY,MA,ANE,EN,Federal Contract Tower,0,1,8,0,9,0,0,98,0,98,0,1,106,0,107,112,0,112,219
06/03/2003,BVY,MA,ANE,EN,Federal Contract Tower,0,2,22,0,24,0,1,154,1,156,0,3,176,1,180,216,0,216,396
06/04/2003,BVY,MA,ANE,EN,Federal Contract Tower,0,0,9,0,9,0,0,80,0,80,0,0,89,0,89,152,0,152,241
06/05/2003,BVY,MA,ANE,EN,Federal Contract Tower,0,0,7,0,7,0,0,0,0,0,0,0,7,0,7,0,0,0,7
06/06/2003,BVY,MA,ANE,EN,Federal Contract Tower,0,1,19,0,20,0,0,179,2,181,0,1,198,2,201,214,0,214,415
06/07/2003,BVY,MA,ANE,EN,Federal Contract Tower,0,1,18,0,19,0,0,92,0,92,0,1,110,0,111,104,0,104,215
06/08/2003,BVY,MA,ANE,EN,Federal Contract Tower,0,0,24,0,24,0,0,22,4,26,0,0,46,4,50,42,0,42,92
06/09/2003,BVY,MA,ANE,EN,Federal Contract Tower,0,0,16,0,16,0,0,45,0,45,0,0,61,0,61,76,0,76,137
06/10/2003,BVY,MA,ANE,EN,Federal Contract Tower,0,0,17,0,17,0,0,204,0,204,0,0,221,0,221,242,0,242,463
06/11/2003,BVY,MA,ANE,EN,Federal Contract Tower,0,2,13,0,15,0,0,65,0,65,0,2,78,0,80,54,0,54,134
06/12/2003,BVY,MA,ANE,EN,Federal Contract Tower,0,1,37,0,38,0,0,117,1,118,0,1,154,1,156,216,0,216,372
06/13/2003,BVY,MA,ANE,EN,Federal Contract Tower,0,2,19,0,21,0,0,48,1,49,0,2,67,1,70,132,0,132,202
06/14/2003,BVY,MA,ANE,EN,Federal Contract Tower,0,0,24,0,24,0,0,50,0,50,0,0,74,0,74,126,0,126,200
06/15/2003,BVY,MA,ANE,EN,Federal Contract Tower,0,0,18,0,18,0,0,151,0,151,0,0,169,0,169,170,0,170,339
06/16/2003,BVY,MA,ANE,EN,Federal Contract Tower,0,0,23,0,23,0,0,158,2,160,0,0,181,2,183,174,0,174,357
06/17/2003,BVY,MA,ANE,EN,Federal Contract Tower,0,3,19,0,22,0,0,166,1,167,0,3,185,1,189,224,0,224,413
06/18/2003,BVY,MA,ANE,EN,Federal Contract Tower,0,2,15,0,17,0,0,35,0,35,0,2,50,0,52,28,0,28,80
06/19/2003,BVY,MA,ANE,EN,Federal Contract Tower,0,4,22,1,27,0,0,66,0,66,0,4,88,1,93,130,0,130,223
06/20/2003,BVY,MA,ANE,EN,Federal Contract Tower,0,0,22,0,22,0,0,115,0,115,0,0,137,0,137,90,0,90,227
06/21/2003,BVY,MA,ANE,EN,Federal Contract Tower,0,1,17,0,18,0,0,159,0,159,0,1,176,0,177,168,0,168,345
06/22/2003,BVY,MA,ANE,EN,Federal Contract Tower,0,0,18,0,18,0,0,10,0,10,0,0,28,0,28,6,0,6,34
06/23/2003,BVY,MA,ANE,EN,Federal Contract Tower,0,1,22,0,23,0,0,76,0,76,0,1,98,0,99,80,0,80,179
06/24/2003,BVY,MA,ANE,EN,Federal Contract Tower,0,1,13,0,14,0,0,185,0,185,0,1,198,0,199,160,0,160,359
06/25/2003,BVY,MA,ANE,EN,Federal Contract Tower,0,0,16,0,16,0,0,165,2,167,0,0,181,2,183,162,0,162,345
06/26/2003,BVY,MA,ANE,EN,Federal Contract Tower,0,0,26,0,26,0,0,111,0,111,0,0,137,0,137,178,0,178,315
06/27/2003,BVY,MA,ANE,EN,Federal Contract Tower,0,1,24,0,25,0,2,53,2,57,0,3,77,2,82,60,0,60,142
06/28/2003,BVY,MA,ANE,EN,Federal Contract Tower,0,0,14,0,14,0,0,156,0,156,0,0,170,0,170,156,0,156,326
06/29/2003,BVY,MA,ANE,EN,Federal Contract Tower,0,4,16,0,20,0,0,163,0,163,0,4,179,0,183,166,0,166,349
06/30/2003,BVY,MA,ANE,EN,Federal Contract Tower,0,4,18,0,22,0,0,66,2,68,0,4,84,2,90,90,0,90,180
07/01/2003,BVY,MA,ANE,EN,Federal Contract Tower,0,0,12,0,12,0,0,205,2,207,0,0,217,2,219,250,0,250,469
07/02/2003,BVY,MA,ANE,EN,Federal Contract Tower,0,4,11,0,15,0,0,180,0,180,0,4,191,0,195,178,0,178,373
07/03/2003,BVY,MA,ANE,EN,Federal Contract Tower,0,0,18,0,18,0,0,134,1,135,0,0,152,1,153,184,0,184,337
07/04/2003,BVY,MA,ANE,EN,Federal Contract Tower,0,1,14,0,15,0,0,81,1,82,0,1,95,1,97,98,0,98,195
07/05/2003,BVY,MA,ANE,EN,Federal Contract Tower,0,2,13,0,15,0,0,112,0,112,0,2,125,0,127,68,0,68,195
07/06/2003,BVY,MA,ANE,EN,Federal Contract Tower,0,2,17,0,19,0,0,177,0,177,0,2,194,0,196,124,0,124,320
07/07/2003,BVY,MA,ANE,EN,Federal Contract Tower,0,0,16,0,16,0,2,129,0,131,0,2,145,0,147,104,0,104,251
07/08/2003,BVY,MA,ANE,EN,Federal Contract Tower,0,1,26,0,27,0,1,117,0,118,0,2,143,0,145,128,0,128,273
07/09/2003,BVY,MA,ANE,EN,Federal Contract Tower,0,3,16,0,19,0,0,85,2,87,0,3,101,2,106,162,0,162,268
07/10/2003,BVY,MA,ANE,EN,Federal Contract Tower,0,4,15,0,19,0,0,177,2,179,0,4,192,2,198,288,0,288,486
07/11/2003,BVY,MA,ANE,EN,Federal Contract Tower,0,0,4,0,4,0,0,0,0,0,0,0,4,0,4,0,0,0,4
07/12/2003,BVY,MA,ANE,EN,Federal Contract Tower,0,3,26,0,29,0,0,123,0,123,0,3,149,0,152,96,0,96,248
07/13/2003,BVY,MA,ANE,EN,Federal Contract Tower,0,4,19,0,23,0,0,185,0,185,0,4,204,0,208,160,0,160,368
07/14/2003,BVY,MA,ANE,EN,Federal Contract Tower,0,0,18,0,18,0,0,123,0,123,0,0,141,0,141,146,0,146,287
07/15/2003,BVY,MA,ANE,EN,Federal Contract Tower,0,1,8,0,9,0,3,116,12,131,0,4,124,12,140,118,0,118,258
07/16/2003,BVY,MA,ANE,EN,Federal Contract Tower,0,9,23,0,32,0,0,81,0,81,0,9,104,0,113,180,0,180,293
07/17/2003,BVY,MA,ANE,EN,Federal Contract Tower,0,7,15,0,22,0,0,142,13,155,0,7,157,13,177,272,0,272,449
07/18/2003,BVY,MA,ANE,EN,Federal Contract Tower,0,7,23,0,30,0,2,136,6,144,0,9,159,6,174,160,0,160,334
07/19/2003,BVY,MA,ANE,EN,Federal Contract Tower,0,5,23,2,30,0,1,118,3,122,0,6,141,5,152,80,6,86,238
07/20/2003,BVY,MA,ANE,EN,Federal Contract Tower,0,3,20,0,23,0,0,241,0,241,0,3,261,0,264,120,0,120,384
07/21/2003,BVY,MA,ANE,EN,Federal Contract Tower,0,4,22,0,26,0,6,86,7,99,0,10,108,7,125,88,0,88,213
07/22/2003,BVY,MA,ANE,EN,Federal Contract Tower,0,2,5,0,7,0,0,22,2,24,0,2,27,2,31,14,0,14,45
07/23/2003,BVY,MA,ANE,EN,Federal Contract Tower,0,2,12,0,14,0,0,53,0,53,0,2,65,0,67,132,0,132,199
07/24/2003,BVY,MA,ANE,EN,Federal Contract Tower,0,5,24,0,29,0,0,22,0,22,0,5,46,0,51,20,0,20,71
07/25/2003,BVY,MA,ANE,EN,Federal Contract Tower,0,2,25,0,27,0,1,213,1,215,0,3,238,1,242,234,0,234,476
07/26/2003,BVY,MA,ANE,EN,Federal Contract Tower,0,0,23,0,23,0,0,190,0,190,0,0,213,0,213,194,0,194,407
07/27/2003,BVY,MA,ANE,EN,Federal Contract Tower,0,2,25,0,27,0,0,88,0,88,0,2,113,0,115,168,0,168,283
07/28/2003,BVY,MA,ANE,EN,Federal Contract Tower,0,2,13,0,15,0,2,121,0,123,0,4,134,0,138,58,0,58,196
07/29/2003,BVY,MA,ANE,EN,Federal Contract Tower,0,2,10,0,12,0,0,180,2,182,0,2,190,2,194,296,0,296,490
07/30/2003,BVY,MA,ANE,EN,Federal Contract Tower,0,2,10,0,12,0,0,147,0,147,0,2,157,0,159,186,0,186,345
07/31/2003,BVY,MA,ANE,EN,Federal Contract Tower,0,1,28,0,29,0,0,208,0,208,0,1,236,0,237,206,0,206,443
08/01/2003,BVY,MA,ANE,EN,Federal Contract Tower,0,2,16,0,18,0,1,0,0,1,0,3,16,0,19,2,0,2,21
08/02/2003,BVY,MA,ANE,EN,Federal Contract Tower,0,4,19,0,23,0,0,7,0,7,0,4,26,0,30,0,0,0,30
08/03/2003,BVY,MA,ANE,EN,Federal Contract Tower,0,5,21,0,26,0,0,5,0,5,0,5,26,0,31,0,0,0,31
08/04/2003,BVY,MA,ANE,EN,Federal Contract Tower,0,2,13,2,17,0,0,11,0,11,0,2,24,2,28,0,0,0,28
08/05/2003,BVY,MA,ANE,EN,Federal Contract Tower,0,0,19,0,19,0,0,46,0,46,0,0,65,0,65,144,0,144,209
08/06/2003,BVY,MA,ANE,EN,Federal Contract Tower,0,2,15,0,17,0,0,78,0,78,0,2,93,0,95,246,0,246,341
08/07/2003,BVY,MA,ANE,EN,Federal Contract Tower,0,3,21,2,26,0,0,83,0,83,0,3,104,2,109,160,0,160,269
08/08/2003,BVY,MA,ANE,EN,Federal Contract Tower,0,0,26,0,26,0,0,22,0,22,0,0,48,0,48,0,0,0,48
08/09/2003,BVY,MA,ANE,EN,Federal Contract Tower,0,2,22,0,24,0,0,22,0,22,0,2,44,0,46,78,0,78,124
08/10/2003,BVY,MA,ANE,EN,Federal Contract Tower,0,3,16,0,19,0,0,81,0,81,0,3,97,0,100,98,0,98,198
08/11/2003,BVY,MA,ANE,EN,Federal Contract Tower,0,2,5,1,8,0,0,69,0,69,0,2,74,1,77,148,0,148,225
08/12/2003,BVY,MA,ANE,EN,Federal Contract Tower,0,3,14,1,18,0,0,47,0,47,0,3,61,1,65,82,0,82,147
08/13/2003,BVY,MA,ANE,EN,Federal Contract Tower,0,2,14,1,17,0,0,53,0,53,0,2,67,1,70,122,0,122,192
08/14/2003,BVY,MA,ANE,EN,Federal Contract Tower,0,10,24,1,35,0,0,212,0,212,0,10,236,1,247,190,0,190,437
08/15/2003,BVY,MA,ANE,EN,Federal Contract Tower,0,4,19,1,24,0,0,201,2,203,0,4,220,3,227,226,0,226,453
08/16/2003,BVY,MA,ANE,EN,Federal Contract Tower,0,3,11,3,17,0,0,145,0,145,0,3,156,3,162,166,0,166,328
08/17/2003,BVY,MA,ANE,EN,Federal Contract Tower,0,2,6,2,10,0,0,147,5,152,0,2,153,7,162,114,0,114,276
08/18/2003,BVY,MA,ANE,EN,Federal Contract Tower,0,2,36,2,40,0,0,88,0,88,0,2,124,2,128,198,0,198,326
08/19/2003,BVY,MA,ANE,EN,Federal Contract Tower,0,0,15,0,15,0,0,172,0,172,0,0,187,0,187,226,0,226,413
08/20/2003,BVY,MA,ANE,EN,Federal Contract Tower,0,0,13,0,13,0,2,193,0,195,0,2,206,0,208,318,0,318,526
08/21/2003,BVY,MA,ANE,EN,Federal Contract Tower,0,0,12,0,12,0,4,163,0,167,0,4,175,0,179,244,0,244,423
08/22/2003,BVY,MA,ANE,EN,Federal Contract Tower,0,4,26,0,30,0,0,94,0,94,0,4,120,0,124,118,0,118,242
08/23/2003,BVY,MA,ANE,EN,Federal Contract Tower,0,0,21,0,21,0,0,140,0,140,0,0,161,0,161,84,0,84,245
08/24/2003,BVY,MA,ANE,EN,Federal Contract Tower,0,2,15,0,17,0,1,159,2,162,0,3,174,2,179,220,0,220,399
08/25/2003,BVY,MA,ANE,EN,Federal Contract Tower,0,1,12,0,13,0,0,125,0,125,0,1,137,0,138,118,0,118,256
08/26/2003,BVY,MA,ANE,EN,Federal Contract Tower,0,0,15,0,15,0,0,127,1,128,0,0,142,1,143,260,0,260,403
08/27/2003,BVY,MA,ANE,EN,Federal Contract Tower,0,1,11,0,12,0,0,160,0,160,0,1,171,0,172,200,0,200,372
08/28/2003,BVY,MA,ANE,EN,Federal Contract Tower,0,6,16,0,22,0,0,185,3,188,0,6,201,3,210,262,0,262,472
08/29/2003,BVY,MA,ANE,EN,Federal Contract Tower,0,4,20,0,24,0,0,140,1,141,0,4,160,1,165,178,0,178,343
08/30/2003,BVY,MA,ANE,EN,Federal Contract Tower,0,2,14,0,16,0,1,101,1,103,0,3,115,1,119,144,0,144,263
08/31/2003,BVY,MA,ANE,EN,Federal Contract Tower,0,1,17,0,18,0,0,172,3,175,0,1,189,3,193,152,0,152,345
09/01/2003,BVY,MA,ANE,EN,Federal Contract Tower,0,2,16,0,18,0,0,93,0,93,0,2,109,0,111,90,0,90,201
09/02/2003,BVY,MA,ANE,EN,Federal Contract Tower,0,2,16,0,18,0,0,12,0,12,0,2,28,0,30,2,0,2,32
09/03/2003,BVY,MA,ANE,EN,Federal Contract Tower,0,3,25,0,28,0,2,105,0,107,0,5,130,0,135,236,0,236,371
09/04/2003,BVY,MA,ANE,EN,Federal Contract Tower,0,1,4,0,5,0,0,0,0,0,0,1,4,0,5,0,0,0,5
09/05/2003,BVY,MA,ANE,EN,Federal Contract Tower,0,7,20,0,27,0,1,145,0,146,0,8,165,0,173,228,0,228,401
09/06/2003,BVY,MA,ANE,EN,Federal Contract Tower,0,1,13,0,14,0,0,171,1,172,0,1,184,1,186,208,0,208,394
09/07/2003,BVY,MA,ANE,EN,Federal Contract Tower,0,3,15,0,18,0,0,194,1,195,0,3,209,1,213,154,0,154,367
09/08/2003,BVY,MA,ANE,EN,Federal Contract Tower,0,2,14,0,16,0,0,118,0,118,0,2,132,0,134,170,0,170,304
09/09/2003,BVY,MA,ANE,EN,Federal Contract Tower,0,2,11,0,13,0,0,154,0,154,0,2,165,0,167,258,0,258,425
09/10/2003,BVY,MA,ANE,EN,Federal Contract Tower,0,3,18,0,21,0,0,154,0,154,0,3,172,0,175,206,0,206,381
09/11/2003,BVY,MA,ANE,EN,Federal Contract Tower,0,2,11,0,13,0,1,149,0,150,0,3,160,0,163,232,0,232,395
09/12/2003,BVY,MA,ANE,EN,Federal Contract Tower,0,3,17,0,20,0,0,142,4,146,0,3,159,4,166,204,0,204,370
09/13/2003,BVY,MA,ANE,EN,Federal Contract Tower,0,0,13,0,13,0,4,106,0,110,0,4,119,0,123,142,0,142,265
09/14/2003,BVY,MA,ANE,EN,Federal Contract Tower,0,2,30,0,32,0,0,98,0,98,0,2,128,0,130,184,0,184,314
09/15/2003,BVY,MA,ANE,EN,Federal Contract Tower,0,2,20,0,22,0,0,75,3,78,0,2,95,3,100,152,0,152,252
09/16/2003,BVY,MA,ANE,EN,Federal Contract Tower,0,0,18,0,18,0,0,57,0,57,0,0,75,0,75,132,0,132,207
09/17/2003,BVY,MA,ANE,EN,Federal Contract Tower,0,0,13,0,13,0,0,189,0,189,0,0,202,0,202,142,0,142,344
09/18/2003,BVY,MA,ANE,EN,Federal Contract Tower,0,2,13,0,15,0,0,141,1,142,0,2,154,1,157,212,0,212,369
09/19/2003,BVY,MA,ANE,EN,Federal Contract Tower,0,3,2,0,5,0,0,0,0,0,0,3,2,0,5,0,0,0,5
09/20/2003,BVY,MA,ANE,EN,Federal Contract Tower,0,0,26,0,26,0,0,124,0,124,0,0,150,0,150,194,0,194,344
09/21/2003,BVY,MA,ANE,EN,Federal Contract Tower,0,0,21,0,21,0,1,250,0,251,0,1,271,0,272,264,0,264,536
09/22/2003,BVY,MA,ANE,EN,Federal Contract Tower,0,4,29,0,33,0,0,144,1,145,0,4,173,1,178,238,0,238,416
09/23/2003,BVY,MA,ANE,EN,Federal Contract Tower,0,4,14,0,18,0,0,10,0,10,0,4,24,0,28,8,0,8,36
09/24/2003,BVY,MA,ANE,EN,Federal Contract Tower,0,3,11,0,14,0,0,178,0,178,0,3,189,0,192,202,0,202,394
09/25/2003,BVY,MA,ANE,EN,Federal Contract Tower,0,5,24,0,29,0,1,141,8,150,0,6,165,8,179,150,0,150,329
09/26/2003,BVY,MA,ANE,EN,Federal Contract Tower,0,2,26,0,28,0,0,51,0,51,0,2,77,0,79,88,0,88,167
09/27/2003,BVY,MA,ANE,EN,Federal Contract Tower,0,0,11,0,11,0,0,21,0,21,0,0,32,0,32,26,0,26,58
09/28/2003,BVY,MA,ANE,EN,Federal Contract Tower,0,0,5,0,5,0,0,0,0,0,0,0,5,0,5,0,0,0,5
09/29/2003,BVY,MA,ANE,EN,Federal Contract Tower,0,2,12,0,14,0,0,159,2,161,0,2,171,2,175,252,0,252,427
09/30/2003,BVY,MA,ANE,EN,Federal Contract Tower,0,1,19,0,20,0,0,135,1,136,0,1,154,1,156,196,0,196,352
10/01/2003,BVY,MA,ANE,EN,Federal Contract Tower,0,3,22,0,25,0,0,151,0,151,0,3,173,0,176,282,0,282,458
10/02/2003,BVY,MA,ANE,EN,Federal Contract Tower,0,3,14,0,17,0,1,114,2,117,0,4,128,2,134,212,0,212,346
10/03/2003,BVY,MA,ANE,EN,Federal Contract Tower,0,3,14,0,17,0,2,169,2,173,0,5,183,2,190,234,0,234,424
10/04/2003,BVY,MA,ANE,EN,Federal Contract Tower,0,1,10,0,11,0,0,29,0,29,0,1,39,0,40,52,0,52,92
10/05/2003,BVY,MA,ANE,EN,Federal Contract Tower,0,2,13,0,15,0,0,152,0,152,0,2,165,0,167,164,0,164,331
10/06/2003,BVY,MA,ANE,EN,Federal Contract Tower,0,0,6,0,6,0,0,93,2,95,0,0,99,2,101,148,0,148,249
10/07/2003,BVY,MA,ANE,EN,Federal Contract Tower,0,0,8,0,8,0,0,134,4,138,0,0,142,4,146,192,0,192,338
10/08/2003,BVY,MA,ANE,EN,Federal Contract Tower,0,0,15,0,15,0,0,135,0,135,0,0,150,0,150,238,0,238,388
10/09/2003,BVY,MA,ANE,EN,Federal Contract Tower,0,2,11,0,13,0,0,119,1,120,0,2,130,1,133,208,0,208,341
10/10/2003,BVY,MA,ANE,EN,Federal Contract Tower,0,4,22,0,26,0,2,110,1,113,0,6,132,1,139,154,0,154,293
10/11/2003,BVY,MA,ANE,EN,Federal Contract Tower,0,2,20,0,22,0,0,152,0,152,0,2,172,0,174,298,0,298,472
10/12/2003,BVY,MA,ANE,EN,Federal Contract Tower,0,0,14,0,14,0,0,3,0,3,0,0,17,0,17,0,0,0,17
10/13/2003,BVY,MA,ANE,EN,Federal Contract Tower,0,2,21,0,23,0,0,170,0,170,0,2,191,0,193,190,0,190,383
10/14/2003,BVY,MA,ANE,EN,Federal Contract Tower,0,5,27,0,32,0,4,99,0,103,0,9,126,0,135,196,0,196,331
10/15/2003,BVY,MA,ANE,EN,Federal Contract Tower,0,0,3,0,3,0,0,10,0,10,0,0,13,0,13,0,0,0,13
10/16/2003,BVY,MA,ANE,EN,Federal Contract Tower,0,3,18,0,21,0,0,112,0,112,0,3,130,0,133,200,0,200,333
10/17/2003,BVY,MA,ANE,EN,Federal Contract Tower,0,1,7,0,8,0,1,151,1,153,0,2,158,1,161,194,0,194,355
10/18/2003,BVY,MA,ANE,EN,Federal Contract Tower,0,0,6,0,6,0,2,163,0,165,0,2,169,0,171,226,0,226,397
10/19/2003,BVY,MA,ANE,EN,Federal Contract Tower,0,3,20,0,23,0,2,68,0,70,0,5,88,0,93,126,0,126,219
10/20/2003,BVY,MA,ANE,EN,Federal Contract Tower,0,0,12,0,12,0,0,113,2,115,0,0,125,2,127,78,0,78,205
10/21/2003,BVY,MA,ANE,EN,Federal Contract Tower,0,0,7,0,7,0,5,88,1,94,0,5,95,1,101,106,0,106,207
10/22/2003,BVY,MA,ANE,EN,Federal Contract Tower,0,0,8,0,8,0,0,34,0,34,0,0,42,0,42,60,0,60,102
10/23/2003,BVY,MA,ANE,EN,Federal Contract Tower,0,2,18,0,20,0,8,0,2,10,0,10,18,2,30,24,0,24,54
10/24/2003,BVY,MA,ANE,EN,Federal Contract Tower,0,2,14,0,16,0,2,109,2,113,0,4,123,2,129,206,0,206,335
10/25/2003,BVY,MA,ANE,EN,Federal Contract Tower,0,1,16,0,17,0,0,168,1,169,0,1,184,1,186,174,0,174,360
10/26/2003,BVY,MA,ANE,EN,Federal Contract Tower,0,1,16,0,17,0,0,32,0,32,0,1,48,0,49,86,0,86,135
10/27/2003,BVY,MA,ANE,EN,Federal Contract Tower,0,0,9,0,9,0,0,9,0,9,0,0,18,0,18,20,0,20,38
10/28/2003,BVY,MA,ANE,EN,Federal Contract Tower,0,3,23,0,26,0,3,129,1,133,0,6,152,1,159,134,0,134,293
10/29/2003,BVY,MA,ANE,EN,Federal Contract Tower,0,0,6,0,6,0,0,1,0,1,0,0,7,0,7,0,0,0,7
10/30/2003,BVY,MA,ANE,EN,Federal Contract Tower,0,0,13,0,13,0,0,117,0,117,0,0,130,0,130,182,0,182,312
10/31/2003,BVY,MA,ANE,EN,Federal Contract Tower,0,2,16,0,18,0,0,218,1,219,0,2,234,1,237,284,0,284,521
11/01/2003,BVY,MA,ANE,EN,Federal Contract Tower,0,2,15,0,17,0,0,212,0,212,0,2,227,0,229,336,0,336,565
11/02/2003,BVY,MA,ANE,EN,Federal Contract Tower,0,0,14,0,14,0,0,119,1,120,0,0,133,1,134,138,0,138,272
11/03/2003,BVY,MA,ANE,EN,Federal Contract Tower,0,2,14,0,16,0,0,21,0,21,0,2,35,0,37,46,0,46,83
11/04/2003,BVY,MA,ANE,EN,Federal Contract Tower,0,0,20,0,20,0,0,16,2,18,0,0,36,2,38,14,0,14,52
11/05/2003,BVY,MA,ANE,EN,Federal Contract Tower,0,0,0,0,0,0,0,1,0,1,0,0,1,0,1,0,0,0,1
11/06/2003,BVY,MA,ANE,EN,Federal Contract Tower,0,1,8,0,9,0,0,80,0,80,0,1,88,0,89,142,0,142,231
11/07/2003,BVY,MA,ANE,EN,Federal Contract Tower,0,2,15,0,17,0,1,131,0,132,0,3,146,0,149,182,0,182,331
11/08/2003,BVY,MA,ANE,EN,Federal Contract Tower,0,0,14,0,14,0,0,112,0,112,0,0,126,0,126,130,0,130,256
11/09/2003,BVY,MA,ANE,EN,Federal Contract Tower,0,2,18,0,20,0,0,132,0,132,0,2,150,0,152,108,2,110,262
11/10/2003,BVY,MA,ANE,EN,Federal Contract Tower,0,0,12,0,12,0,0,97,0,97,0,0,109,0,109,104,0,104,213
11/11/2003,BVY,MA,ANE,EN,Federal Contract Tower,0,2,13,0,15,0,0,98,1,99,0,2,111,1,114,110,0,110,224
11/12/2003,BVY,MA,ANE,EN,Federal Contract Tower,0,0,10,0,10,0,0,35,0,35,0,0,45,0,45,40,0,40,85
11/13/2003,BVY,MA,ANE,EN,Federal Contract Tower,0,0,3,0,3,0,2,9,1,12,0,2,12,1,15,16,0,16,31
11/14/2003,BVY,MA,ANE,EN,Federal Contract Tower,0,0,3,0,3,0,3,0,0,3,0,3,3,0,6,0,0,0,6
11/15/2003,BVY,MA,ANE,EN,Federal Contract Tower,0,0,8,0,8,0,1,130,3,134,0,1,138,3,142,122,0,122,264
11/16/2003,BVY,MA,ANE,EN,Federal Contract Tower,0,1,21,0,22,0,0,238,2,240,0,1,259,2,262,278,0,278,540
11/17/2003,BVY,MA,ANE,EN,Federal Contract Tower,0,0,12,0,12,0,0,87,0,87,0,0,99,0,99,108,0,108,207
11/18/2003,BVY,MA,ANE,EN,Federal Contract Tower,0,1,12,0,13,0,2,146,2,150,0,3,158,2,163,150,0,150,313
11/19/2003,BVY,MA,ANE,EN,Federal Contract Tower,0,1,14,0,15,0,0,18,1,19,0,1,32,1,34,2,0,2,36
11/20/2003,BVY,MA,ANE,EN,Federal Contract Tower,0,0,8,0,8,0,0,13,0,13,0,0,21,0,21,28,0,28,49
11/21/2003,BVY,MA,ANE,EN,Federal Contract Tower,0,2,22,0,24,0,0,33,0,33,0,2,55,0,57,34,0,34,91
11/22/2003,BVY,MA,ANE,EN,Federal Contract Tower,0,0,15,0,15,0,0,188,1,189,0,0,203,1,204,346,0,346,550
11/23/2003,BVY,MA,ANE,EN,Federal Contract Tower,0,2,21,0,23,0,0,156,0,156,0,2,177,0,179,206,0,206,385
11/24/2003,BVY,MA,ANE,EN,Federal Contract Tower,0,0,21,0,21,0,0,62,0,62,0,0,83,0,83,100,0,100,183
11/25/2003,BVY,MA,ANE,EN,Federal Contract Tower,0,1,17,0,18,0,1,82,0,83,0,2,99,0,101,20,0,20,121
11/26/2003,BVY,MA,ANE,EN,Federal Contract Tower,0,2,31,0,33,0,3,140,0,143,0,5,171,0,176,160,0,160,336
11/27/2003,BVY,MA,ANE,EN,Federal Contract Tower,0,0,9,0,9,0,2,76,0,78,0,2,85,0,87,42,0,42,129
11/28/2003,BVY,MA,ANE,EN,Federal Contract Tower,0,0,2,0,2,0,0,0,0,0,0,0,2,0,2,0,0,0,2
11/29/2003,BVY,MA,ANE,EN,Federal Contract Tower,0,0,9,0,9,0,1,24,0,25,0,1,33,0,34,52,0,52,86
11/30/2003,BVY,MA,ANE,EN,Federal Contract Tower,0,2,21,0,23,0,1,90,0,91,0,3,111,0,114,84,0,84,198
12/01/2003,BVY,MA,ANE,EN,Federal Contract Tower,0,1,9,0,10,0,0,23,4,27,0,1,32,4,37,10,0,10,47
12/02/2003,BVY,MA,ANE,EN,Federal Contract Tower,0,1,8,0,9,0,1,21,1,23,0,2,29,1,32,0,0,0,32
12/03/2003,BVY,MA,ANE,EN,Federal Contract Tower,0,0,7,0,7,0,0,96,0,96,0,0,103,0,103,128,0,128,231
12/04/2003,BVY,MA,ANE,EN,Federal Contract Tower,0,2,18,0,20,0,0,73,4,77,0,2,91,4,97,140,0,140,237
12/05/2003,BVY,MA,ANE,EN,Federal Contract Tower,0,1,6,0,7,0,1,78,0,79,0,2,84,0,86,136,0,136,222
12/06/2003,BVY,MA,ANE,EN,Federal Contract Tower,0,0,0,0,0,0,0,0,0,0,0,0,0,0,0,0,0,0,0
12/07/2003,BVY,MA,ANE,EN,Federal Contract Tower,0,0,0,0,0,0,0,0,0,0,0,0,0,0,0,0,0,0,0
12/08/2003,BVY,MA,ANE,EN,Federal Contract Tower,0,0,2,0,2,0,0,26,1,27,0,0,28,1,29,0,0,0,29
12/09/2003,BVY,MA,ANE,EN,Federal Contract Tower,0,0,1,0,1,0,0,30,2,32,0,0,31,2,33,4,0,4,37
12/10/2003,BVY,MA,ANE,EN,Federal Contract Tower,0,0,5,0,5,0,0,40,0,40,0,0,45,0,45,6,0,6,51
12/11/2003,BVY,MA,ANE,EN,Federal Contract Tower,0,0,1,0,1,0,0,1,0,1,0,0,2,0,2,0,0,0,2
12/12/2003,BVY,MA,ANE,EN,Federal Contract Tower,0,0,4,0,4,0,1,60,0,61,0,1,64,0,65,70,0,70,135
12/13/2003,BVY,MA,ANE,EN,Federal Contract Tower,0,1,12,0,13,0,0,125,0,125,0,1,137,0,138,110,0,110,248
12/14/2003,BVY,MA,ANE,EN,Federal Contract Tower,0,0,9,0,9,0,0,45,0,45,0,0,54,0,54,114,0,114,168
12/15/2003,BVY,MA,ANE,EN,Federal Contract Tower,0,0,2,0,2,0,2,3,0,5,0,2,5,0,7,0,0,0,7
12/16/2003,BVY,MA,ANE,EN,Federal Contract Tower,0,1,15,0,16,0,0,119,0,119,0,1,134,0,135,132,0,132,267
12/17/2003,BVY,MA,ANE,EN,Federal Contract Tower,0,0,6,0,6,0,2,46,0,48,0,2,52,0,54,40,0,40,94
12/18/2003,BVY,MA,ANE,EN,Federal Contract Tower,0,1,9,0,10,0,0,28,0,28,0,1,37,0,38,2,0,2,40
12/19/2003,BVY,MA,ANE,EN,Federal Contract Tower,0,1,13,0,14,0,0,122,0,122,0,1,135,0,136,124,0,124,260
12/20/2003,BVY,MA,ANE,EN,Federal Contract Tower,0,2,21,0,23,0,1,156,0,157,0,3,177,0,180,248,0,248,428
12/21/2003,BVY,MA,ANE,EN,Federal Contract Tower,0,1,14,0,15,0,2,93,0,95,0,3,107,0,110,114,0,114,224
12/22/2003,BVY,MA,ANE,EN,Federal Contract Tower,0,0,9,0,9,0,0,96,0,96,0,0,105,0,105,110,0,110,215
12/23/2003,BVY,MA,ANE,EN,Federal Contract Tower,0,2,17,0,19,0,0,104,1,105,0,2,121,1,124,138,0,138,262
12/24/2003,BVY,MA,ANE,EN,Federal Contract Tower,0,0,9,0,9,0,4,21,1,26,0,4,30,1,35,36,0,36,71
12/25/2003,BVY,MA,ANE,EN,Federal Contract Tower,0,0,2,0,2,0,1,1,0,2,0,1,3,0,4,0,0,0,4
12/26/2003,BVY,MA,ANE,EN,Federal Contract Tower,0,2,17,0,19,0,4,60,0,64,0,6,77,0,83,42,0,42,125
12/27/2003,BVY,MA,ANE,EN,Federal Contract Tower,0,0,17,0,17,0,0,133,1,134,0,0,150,1,151,168,0,168,319
12/28/2003,BVY,MA,ANE,EN,Federal Contract Tower,0,0,11,0,11,0,0,176,1,177,0,0,187,1,188,202,0,202,390
12/29/2003,BVY,MA,ANE,EN,Federal Contract Tower,0,1,10,0,11,0,1,110,0,111,0,2,120,0,122,158,0,158,280
12/30/2003,BVY,MA,ANE,EN,Federal Contract Tower,0,0,8,0,8,0,1,34,3,38,0,1,42,3,46,8,0,8,54
12/31/2003,BVY,MA,ANE,EN,Federal Contract Tower,0,0,6,0,6,0,0,96,0,96,0,0,102,0,102,46,0,46,148
01/01/2004,BVY,MA,ANE,EN,Federal Contract Tower,0,0,3,0,3,0,0,35,1,36,0,0,38,1,39,62,0,62,101
01/02/2004,BVY,MA,ANE,EN,Federal Contract Tower,0,0,0,0,0,0,0,12,0,12,0,0,12,0,12,0,0,0,12
01/03/2004,BVY,MA,ANE,EN,Federal Contract Tower,0,0,2,0,2,0,0,1,0,1,0,0,3,0,3,0,0,0,3
01/04/2004,BVY,MA,ANE,EN,Federal Contract Tower,0,1,7,1,9,0,0,71,0,71,0,1,78,1,80,102,0,102,182
01/05/2004,BVY,MA,ANE,EN,Federal Contract Tower,0,0,0,0,0,0,0,0,0,0,0,0,0,0,0,0,0,0,0
01/06/2004,BVY,MA,ANE,EN,Federal Contract Tower,0,1,5,0,6,0,0,61,0,61,0,1,66,0,67,36,0,36,103
01/07/2004,BVY,MA,ANE,EN,Federal Contract Tower,0,2,6,0,8,0,2,73,0,75,0,4,79,0,83,56,0,56,139
01/08/2004,BVY,MA,ANE,EN,Federal Contract Tower,0,3,11,0,14,0,0,54,0,54,0,3,65,0,68,16,0,16,84
01/09/2004,BVY,MA,ANE,EN,Federal Contract Tower,0,4,10,0,14,0,0,51,0,51,0,4,61,0,65,26,0,26,91
01/10/2004,BVY,MA,ANE,EN,Federal Contract Tower,0,2,9,0,11,0,0,72,0,72,0,2,81,0,83,88,0,88,171
01/11/2004,BVY,MA,ANE,EN,Federal Contract Tower,0,1,5,0,6,0,0,46,0,46,0,1,51,0,52,86,0,86,138
01/12/2004,BVY,MA,ANE,EN,Federal Contract Tower,0,1,3,0,4,0,0,34,1,35,0,1,37,1,39,34,2,36,75
01/13/2004,BVY,MA,ANE,EN,Federal Contract Tower,0,1,4,0,5,0,0,60,0,60,0,1,64,0,65,62,0,62,127
01/14/2004,BVY,MA,ANE,EN,Federal Contract Tower,0,0,3,0,3,0,2,29,0,31,0,2,32,0,34,0,0,0,34
01/15/2004,BVY,MA,ANE,EN,Federal Contract Tower,0,1,4,0,5,0,1,32,1,34,0,2,36,1,39,16,0,16,55
01/16/2004,BVY,MA,ANE,EN,Federal Contract Tower,0,0,4,0,4,0,1,3,1,5,0,1,7,1,9,0,0,0,9
01/17/2004,BVY,MA,ANE,EN,Federal Contract Tower,0,0,5,0,5,0,0,60,0,60,0,0,65,0,65,84,0,84,149
01/18/2004,BVY,MA,ANE,EN,Federal Contract Tower,0,0,0,0,0,0,0,0,0,0,0,0,0,0,0,0,0,0,0
01/19/2004,BVY,MA,ANE,EN,Federal Contract Tower,0,0,2,0,2,0,0,67,0,67,0,0,69,0,69,24,0,24,93
01/20/2004,BVY,MA,ANE,EN,Federal Contract Tower,0,2,8,0,10,0,1,45,0,46,0,3,53,0,56,30,0,30,86
01/21/2004,BVY,MA,ANE,EN,Federal Contract Tower,0,2,8,0,10,0,1,89,0,90,0,3,97,0,100,154,0,154,254
01/22/2004,BVY,MA,ANE,EN,Federal Contract Tower,0,0,4,0,4,0,0,58,2,60,0,0,62,2,64,56,0,56,120
01/23/2004,BVY,MA,ANE,EN,Federal Contract Tower,0,2,9,0,11,0,0,45,0,45,0,2,54,0,56,0,0,0,56
01/24/2004,BVY,MA,ANE,EN,Federal Contract Tower,0,2,12,0,14,0,0,88,1,89,0,2,100,1,103,106,0,106,209
01/25/2004,BVY,MA,ANE,EN,Federal Contract Tower,0,2,9,0,11,0,0,63,0,63,0,2,72,0,74,64,0,64,138
01/26/2004,BVY,MA,ANE,EN,Federal Contract Tower,0,1,8,0,9,0,4,51,0,55,0,5,59,0,64,90,0,90,154
01/27/2004,BVY,MA,ANE,EN,Federal Contract Tower,0,1,6,0,7,0,0,56,0,56,0,1,62,0,63,48,0,48,111
01/28/2004,BVY,MA,ANE,EN,Federal Contract Tower,0,0,3,0,3,0,0,6,0,6,0,0,9,0,9,0,0,0,9
01/29/2004,BVY,MA,ANE,EN,Federal Contract Tower,0,0,4,0,4,0,0,19,1,20,0,0,23,1,24,0,0,0,24
01/30/2004,BVY,MA,ANE,EN,Federal Contract Tower,0,1,7,0,8,0,1,45,0,46,0,2,52,0,54,24,0,24,78
01/31/2004,BVY,MA,ANE,EN,Federal Contract Tower,0,3,11,0,14,0,3,83,0,86,0,6,94,0,100,98,0,98,198
02/01/2004,BVY,MA,ANE,EN,Federal Contract Tower,0,0,10,0,10,0,0,145,0,145,0,0,155,0,155,180,0,180,335
02/02/2004,BVY,MA,ANE,EN,Federal Contract Tower,0,1,7,0,8,0,3,77,3,83,0,4,84,3,91,74,0,74,165
02/03/2004,BVY,MA,ANE,EN,Federal Contract Tower,0,0,4,0,4,0,0,33,0,33,0,0,37,0,37,42,0,42,79
02/04/2004,BVY,MA,ANE,EN,Federal Contract Tower,0,0,9,0,9,0,0,59,70,129,0,0,68,70,138,0,0,0,138
02/05/2004,BVY,MA,ANE,EN,Federal Contract Tower,0,2,14,0,16,0,0,107,0,107,0,2,121,0,123,178,0,178,301
02/06/2004,BVY,MA,ANE,EN,Federal Contract Tower,0,0,0,0,0,0,0,5,0,5,0,0,5,0,5,0,0,0,5
02/07/2004,BVY,MA,ANE,EN,Federal Contract Tower,0,0,0,0,0,0,0,8,0,8,0,0,8,0,8,18,0,18,26
02/08/2004,BVY,MA,ANE,EN,Federal Contract Tower,0,1,5,0,6,0,1,7,0,8,0,2,12,0,14,8,0,8,22
02/09/2004,BVY,MA,ANE,EN,Federal Contract Tower,0,1,12,0,13,0,0,65,0,65,0,1,77,0,78,26,0,26,104
02/10/2004,BVY,MA,ANE,EN,Federal Contract Tower,0,1,6,0,7,0,0,102,0,102,0,1,108,0,109,124,0,124,233
02/11/2004,BVY,MA,ANE,EN,Federal Contract Tower,0,1,11,0,12,0,0,80,0,80,0,1,91,0,92,72,0,72,164
02/12/2004,BVY,MA,ANE,EN,Federal Contract Tower,0,0,11,0,11,0,0,99,1,100,0,0,110,1,111,142,0,142,253
02/13/2004,BVY,MA,ANE,EN,Federal Contract Tower,0,1,12,0,13,0,2,87,0,89,0,3,99,0,102,172,0,172,274
02/14/2004,BVY,MA,ANE,EN,Federal Contract Tower,0,1,15,0,16,0,0,103,0,103,0,1,118,0,119,82,0,82,201
02/15/2004,BVY,MA,ANE,EN,Federal Contract Tower,0,0,5,0,5,0,0,69,0,69,0,0,74,0,74,36,0,36,110
02/16/2004,BVY,MA,ANE,EN,Federal Contract Tower,0,0,23,0,23,0,0,103,0,103,0,0,126,0,126,112,0,112,238
02/17/2004,BVY,MA,ANE,EN,Federal Contract Tower,0,1,13,0,14,0,1,74,2,77,0,2,87,2,91,88,0,88,179
02/18/2004,BVY,MA,ANE,EN,Federal Contract Tower,0,0,7,0,7,0,0,49,0,49,0,0,56,0,56,74,0,74,130
02/19/2004,BVY,MA,ANE,EN,Federal Contract Tower,0,0,11,0,11,0,1,75,1,77,0,1,86,1,88,102,0,102,190
02/20/2004,BVY,MA,ANE,EN,Federal Contract Tower,0,1,15,0,16,0,2,124,0,126,0,3,139,0,142,194,0,194,336
02/21/2004,BVY,MA,ANE,EN,Federal Contract Tower,0,0,4,0,4,0,1,0,0,1,0,1,4,0,5,0,0,0,5
02/22/2004,BVY,MA,ANE,EN,Federal Contract Tower,0,1,13,0,14,0,2,52,0,54,0,3,65,0,68,124,0,124,192
02/23/2004,BVY,MA,ANE,EN,Federal Contract Tower,0,0,10,0,10,0,2,75,0,77,0,2,85,0,87,144,0,144,231
02/24/2004,BVY,MA,ANE,EN,Federal Contract Tower,0,0,9,0,9,0,0,78,1,79,0,0,87,1,88,118,0,118,206
02/25/2004,BVY,MA,ANE,EN,Federal Contract Tower,0,0,7,0,7,0,0,74,1,75,0,0,81,1,82,142,0,142,224
02/26/2004,BVY,MA,ANE,EN,Federal Contract Tower,0,0,18,0,18,0,0,107,0,107,0,0,125,0,125,160,0,160,285
02/27/2004,BVY,MA,ANE,EN,Federal Contract Tower,0,1,14,0,15,0,0,114,0,114,0,1,128,0,129,146,0,146,275
02/28/2004,BVY,MA,ANE,EN,Federal Contract Tower,0,1,18,0,19,0,0,151,1,152,0,1,169,1,171,124,0,124,295
02/29/2004,BVY,MA,ANE,EN,Federal Contract Tower,0,0,9,0,9,0,0,165,0,165,0,0,174,0,174,278,0,278,452
03/01/2004,BVY,MA,ANE,EN,Federal Contract Tower,0,1,8,0,9,0,0,104,0,104,0,1,112,0,113,80,0,80,193
03/02/2004,BVY,MA,ANE,EN,Federal Contract Tower,0,3,15,0,18,0,1,66,0,67,0,4,81,0,85,88,0,88,173
03/03/2004,BVY,MA,ANE,EN,Federal Contract Tower,0,0,11,0,11,0,0,88,0,88,0,0,99,0,99,190,0,190,289
03/04/2004,BVY,MA,ANE,EN,Federal Contract Tower,0,0,13,0,13,0,0,46,4,50,0,0,59,4,63,52,0,52,115
03/05/2004,BVY,MA,ANE,EN,Federal Contract Tower,0,0,6,0,6,0,0,26,0,26,0,0,32,0,32,84,0,84,116
03/06/2004,BVY,MA,ANE,EN,Federal Contract Tower,0,0,9,0,9,0,0,5,0,5,0,0,14,0,14,0,0,0,14
03/07/2004,BVY,MA,ANE,EN,Federal Contract Tower,0,0,10,0,10,0,0,158,0,158,0,0,168,0,168,214,0,214,382
03/08/2004,BVY,MA,ANE,EN,Federal Contract Tower,0,0,0,0,0,0,0,1,0,1,0,0,1,0,1,0,0,0,1
03/09/2004,BVY,MA,ANE,EN,Federal Contract Tower,0,1,7,0,8,0,0,29,2,31,0,1,36,2,39,56,0,56,95
03/10/2004,BVY,MA,ANE,EN,Federal Contract Tower,0,2,14,0,16,0,6,78,1,85,0,8,92,1,101,162,0,162,263
03/11/2004,BVY,MA,ANE,EN,Federal Contract Tower,0,0,4,0,4,0,1,44,0,45,0,1,48,0,49,60,0,60,109
03/12/2004,BVY,MA,ANE,EN,Federal Contract Tower,0,0,6,0,6,0,1,46,0,47,0,1,52,0,53,88,0,88,141
03/13/2004,BVY,MA,ANE,EN,Federal Contract Tower,0,1,11,0,12,0,1,74,0,75,0,2,85,0,87,52,0,52,139
03/14/2004,BVY,MA,ANE,EN,Federal Contract Tower,0,0,24,0,24,0,0,165,0,165,0,0,189,0,189,310,0,310,499
03/15/2004,BVY,MA,ANE,EN,Federal Contract Tower,0,0,7,0,7,0,1,54,1,56,0,1,61,1,63,52,0,52,115
03/16/2004,BVY,MA,ANE,EN,Federal Contract Tower,0,0,9,0,9,0,0,47,1,48,0,0,56,1,57,78,0,78,135
03/17/2004,BVY,MA,ANE,EN,Federal Contract Tower,0,0,4,0,4,0,0,0,0,0,0,0,4,0,4,0,0,0,4
03/18/2004,BVY,MA,ANE,EN,Federal Contract Tower,0,1,13,0,14,0,0,26,2,28,0,1,39,2,42,50,0,50,92
03/19/2004,BVY,MA,ANE,EN,Federal Contract Tower,0,0,8,0,8,0,2,32,0,34,0,2,40,0,42,20,0,20,62
03/20/2004,BVY,MA,ANE,EN,Federal Contract Tower,0,1,16,0,17,0,1,104,0,105,0,2,120,0,122,112,0,112,234
03/21/2004,BVY,MA,ANE,EN,Federal Contract Tower,0,0,12,0,12,0,0,82,0,82,0,0,94,0,94,102,0,102,196
03/22/2004,BVY,MA,ANE,EN,Federal Contract Tower,0,0,6,0,6,0,0,51,2,53,0,0,57,2,59,56,0,56,115
03/23/2004,BVY,MA,ANE,EN,Federal Contract Tower,0,0,5,0,5,0,0,103,0,103,0,0,108,0,108,160,0,160,268
03/24/2004,BVY,MA,ANE,EN,Federal Contract Tower,0,0,16,0,16,0,0,104,0,104,0,0,120,0,120,68,0,68,188
03/25/2004,BVY,MA,ANE,EN,Federal Contract Tower,0,1,12,0,13,0,1,10,0,11,0,2,22,0,24,0,0,0,24
03/26/2004,BVY,MA,ANE,EN,Federal Contract Tower,0,2,23,0,25,0,0,99,1,100,0,2,122,1,125,188,0,188,313
03/27/2004,BVY,MA,ANE,EN,Federal Contract Tower,0,2,24,0,26,0,2,62,0,64,0,4,86,0,90,108,0,108,198
03/28/2004,BVY,MA,ANE,EN,Federal Contract Tower,0,2,20,0,22,0,1,57,0,58,0,3,77,0,80,74,0,74,154
03/29/2004,BVY,MA,ANE,EN,Federal Contract Tower,0,1,11,0,12,0,1,64,0,65,0,2,75,0,77,130,0,130,207
03/30/2004,BVY,MA,ANE,EN,Federal Contract Tower,0,1,13,0,14,0,0,56,2,58,0,1,69,2,72,100,0,100,172
03/31/2004,BVY,MA,ANE,EN,Federal Contract Tower,0,0,2,0,2,0,1,0,0,1,0,1,2,0,3,0,0,0,3
04/01/2004,BVY,MA,ANE,EN,Federal Contract Tower,0,0,0,0,0,0,0,0,0,0,0,0,0,0,0,0,0,0,0
04/02/2004,BVY,MA,ANE,EN,Federal Contract Tower,0,0,2,0,2,0,3,0,0,3,0,3,2,0,5,0,0,0,5
04/03/2004,BVY,MA,ANE,EN,Federal Contract Tower,0,0,10,0,10,0,0,0,0,0,0,0,10,0,10,0,0,0,10
04/04/2004,BVY,MA,ANE,EN,Federal Contract Tower,0,0,24,0,24,0,0,18,0,18,0,0,42,0,42,12,0,12,54
04/05/2004,BVY,MA,ANE,EN,Federal Contract Tower,0,0,4,0,4,0,0,17,0,17,0,0,21,0,21,2,0,2,23
04/06/2004,BVY,MA,ANE,EN,Federal Contract Tower,0,0,20,0,20,0,0,103,3,106,0,0,123,3,126,62,0,62,188
04/07/2004,BVY,MA,ANE,EN,Federal Contract Tower,0,0,10,0,10,0,0,135,2,137,0,0,145,2,147,214,0,214,361
04/08/2004,BVY,MA,ANE,EN,Federal Contract Tower,0,0,11,0,11,0,0,123,2,125,0,0,134,2,136,156,0,156,292
04/09/2004,BVY,MA,ANE,EN,Federal Contract Tower,0,0,9,0,9,0,1,109,0,110,0,1,118,0,119,224,0,224,343
04/10/2004,BVY,MA,ANE,EN,Federal Contract Tower,0,2,12,0,14,0,0,137,0,137,0,2,149,0,151,198,0,198,349
04/11/2004,BVY,MA,ANE,EN,Federal Contract Tower,0,0,11,0,11,0,2,55,0,57,0,2,66,0,68,80,0,80,148
04/12/2004,BVY,MA,ANE,EN,Federal Contract Tower,0,0,8,0,8,0,0,70,0,70,0,0,78,0,78,70,0,70,148
04/13/2004,BVY,MA,ANE,EN,Federal Contract Tower,0,0,9,0,9,0,0,0,0,0,0,0,9,0,9,0,0,0,9
04/14/2004,BVY,MA,ANE,EN,Federal Contract Tower,0,0,6,0,6,0,0,3,0,3,0,0,9,0,9,2,0,2,11
04/15/2004,BVY,MA,ANE,EN,Federal Contract Tower,0,2,15,0,17,0,6,42,0,48,0,8,57,0,65,102,0,102,167
04/16/2004,BVY,MA,ANE,EN,Federal Contract Tower,0,0,11,0,11,0,3,140,3,146,0,3,151,3,157,198,0,198,355
04/17/2004,BVY,MA,ANE,EN,Federal Contract Tower,0,2,19,0,21,0,6,154,0,160,0,8,173,0,181,252,0,252,433
04/18/2004,BVY,MA,ANE,EN,Federal Contract Tower,0,0,15,0,15,0,0,161,0,161,0,0,176,0,176,288,0,288,464
04/19/2004,BVY,MA,ANE,EN,Federal Contract Tower,0,2,14,0,16,0,1,66,0,67,0,3,80,0,83,94,0,94,177
04/20/2004,BVY,MA,ANE,EN,Federal Contract Tower,0,2,19,0,21,0,0,126,0,126,0,2,145,0,147,138,0,138,285
04/21/2004,BVY,MA,ANE,EN,Federal Contract Tower,0,0,15,0,15,0,0,75,0,75,0,0,90,0,90,88,0,88,178
04/22/2004,BVY,MA,ANE,EN,Federal Contract Tower,0,3,27,0,30,0,1,61,2,64,0,4,88,2,94,100,0,100,194
04/23/2004,BVY,MA,ANE,EN,Federal Contract Tower,0,0,10,0,10,0,0,16,0,16,0,0,26,0,26,0,0,0,26
04/24/2004,BVY,MA,ANE,EN,Federal Contract Tower,0,1,20,0,21,0,0,121,0,121,0,1,141,0,142,138,0,138,280
04/25/2004,BVY,MA,ANE,EN,Federal Contract Tower,0,3,21,0,24,0,0,189,0,189,0,3,210,0,213,188,0,188,401
04/26/2004,BVY,MA,ANE,EN,Federal Contract Tower,0,0,3,0,3,0,1,1,0,2,0,1,4,0,5,0,0,0,5
04/27/2004,BVY,MA,ANE,EN,Federal Contract Tower,0,2,10,0,12,0,0,23,0,23,0,2,33,0,35,14,0,14,49
04/28/2004,BVY,MA,ANE,EN,Federal Contract Tower,0,0,7,0,7,0,0,110,0,110,0,0,117,0,117,196,0,196,313
04/29/2004,BVY,MA,ANE,EN,Federal Contract Tower,0,1,17,0,18,0,0,115,2,117,0,1,132,2,135,142,0,142,277
04/30/2004,BVY,MA,ANE,EN,Federal Contract Tower,0,0,12,0,12,0,0,129,0,129,0,0,141,0,141,142,0,142,283
05/01/2004,BVY,MA,ANE,EN,Federal Contract Tower,0,2,8,0,10,0,0,145,2,147,0,2,153,2,157,154,0,154,311
05/02/2004,BVY,MA,ANE,EN,Federal Contract Tower,0,3,20,0,23,0,0,49,0,49,0,3,69,0,72,82,0,82,154
05/03/2004,BVY,MA,ANE,EN,Federal Contract Tower,0,1,11,0,12,0,0,2,0,2,0,1,13,0,14,0,0,0,14
05/04/2004,BVY,MA,ANE,EN,Federal Contract Tower,0,2,9,0,11,0,0,48,0,48,0,2,57,0,59,70,0,70,129
05/05/2004,BVY,MA,ANE,EN,Federal Contract Tower,0,3,10,0,13,0,0,56,1,57,0,3,66,1,70,106,0,106,176
05/06/2004,BVY,MA,ANE,EN,Federal Contract Tower,0,1,10,0,11,0,0,100,0,100,0,1,110,0,111,194,0,194,305
05/07/2004,BVY,MA,ANE,EN,Federal Contract Tower,0,2,12,0,14,0,1,81,5,87,0,3,93,5,101,176,0,176,277
05/08/2004,BVY,MA,ANE,EN,Federal Contract Tower,0,1,16,0,17,0,0,143,0,143,0,1,159,0,160,184,0,184,344
05/09/2004,BVY,MA,ANE,EN,Federal Contract Tower,0,2,17,0,19,0,1,45,0,46,0,3,62,0,65,162,0,162,227
05/10/2004,BVY,MA,ANE,EN,Federal Contract Tower,0,0,9,0,9,0,5,53,0,58,0,5,62,0,67,150,0,150,217
05/11/2004,BVY,MA,ANE,EN,Federal Contract Tower,0,0,6,0,6,0,2,78,0,80,0,2,84,0,86,178,0,178,264
05/12/2004,BVY,MA,ANE,EN,Federal Contract Tower,0,0,9,0,9,0,3,105,0,108,0,3,114,0,117,234,0,234,351
05/13/2004,BVY,MA,ANE,EN,Federal Contract Tower,0,2,26,0,28,0,1,67,0,68,0,3,93,0,96,74,0,74,170
05/14/2004,BVY,MA,ANE,EN,Federal Contract Tower,0,1,14,0,15,0,6,68,1,75,0,7,82,1,90,100,0,100,190
05/15/2004,BVY,MA,ANE,EN,Federal Contract Tower,0,1,18,0,19,0,0,143,0,143,0,1,161,0,162,146,0,146,308
05/16/2004,BVY,MA,ANE,EN,Federal Contract Tower,0,1,19,0,20,0,0,1,0,1,0,1,20,0,21,0,0,0,21
05/17/2004,BVY,MA,ANE,EN,Federal Contract Tower,0,1,9,0,10,0,1,41,0,42,0,2,50,0,52,52,0,52,104
05/18/2004,BVY,MA,ANE,EN,Federal Contract Tower,0,0,3,0,3,0,2,27,2,31,0,2,30,2,34,14,0,14,48
05/19/2004,BVY,MA,ANE,EN,Federal Contract Tower,0,1,14,0,15,0,3,120,0,123,0,4,134,0,138,192,0,192,330
05/20/2004,BVY,MA,ANE,EN,Federal Contract Tower,0,2,20,0,22,0,0,172,2,174,0,2,192,2,196,146,0,146,342
05/21/2004,BVY,MA,ANE,EN,Federal Contract Tower,0,1,18,0,19,0,0,114,3,117,0,1,132,3,136,142,0,142,278
05/22/2004,BVY,MA,ANE,EN,Federal Contract Tower,0,0,18,0,18,0,0,2,0,2,0,0,20,0,20,0,0,0,20
05/23/2004,BVY,MA,ANE,EN,Federal Contract Tower,0,0,25,0,25,0,0,3,0,3,0,0,28,0,28,0,0,0,28
05/24/2004,BVY,MA,ANE,EN,Federal Contract Tower,0,1,11,0,12,0,0,0,0,0,0,1,11,0,12,0,0,0,12
05/25/2004,BVY,MA,ANE,EN,Federal Contract Tower,0,0,14,0,14,0,0,1,0,1,0,0,15,0,15,0,0,0,15
05/26/2004,BVY,MA,ANE,EN,Federal Contract Tower,0,0,8,0,8,0,0,0,0,0,0,0,8,0,8,0,0,0,8
05/27/2004,BVY,MA,ANE,EN,Federal Contract Tower,0,2,21,0,23,0,0,90,2,92,0,2,111,2,115,122,0,122,237
05/28/2004,BVY,MA,ANE,EN,Federal Contract Tower,0,0,11,0,11,0,0,1,0,1,0,0,12,0,12,0,0,0,12
05/29/2004,BVY,MA,ANE,EN,Federal Contract Tower,0,1,10,0,11,0,0,123,0,123,0,1,133,0,134,138,0,138,272
05/30/2004,BVY,MA,ANE,EN,Federal Contract Tower,0,1,10,0,11,0,0,118,0,118,0,1,128,0,129,162,0,162,291
05/31/2004,BVY,MA,ANE,EN,Federal Contract Tower,0,2,24,0,26,0,0,136,0,136,0,2,160,0,162,220,0,220,382
06/01/2004,BVY,MA,ANE,EN,Federal Contract Tower,0,2,13,0,15,0,1,14,0,15,0,3,27,0,30,10,0,10,40
06/02/2004,BVY,MA,ANE,EN,Federal Contract Tower,0,3,6,0,9,0,0,24,0,24,0,3,30,0,33,28,0,28,61
06/03/2004,BVY,MA,ANE,EN,Federal Contract Tower,0,0,20,0,20,0,0,47,1,48,0,0,67,1,68,54,0,54,122
06/04/2004,BVY,MA,ANE,EN,Federal Contract Tower,0,2,13,0,15,0,5,154,2,161,0,7,167,2,176,238,0,238,414
06/05/2004,BVY,MA,ANE,EN,Federal Contract Tower,0,0,8,0,8,0,0,116,0,116,0,0,124,0,124,136,0,136,260
06/06/2004,BVY,MA,ANE,EN,Federal Contract Tower,0,3,17,0,20,0,2,44,0,46,0,5,61,0,66,58,0,58,124
06/07/2004,BVY,MA,ANE,EN,Federal Contract Tower,0,2,23,0,25,0,0,72,0,72,0,2,95,0,97,66,0,66,163
06/08/2004,BVY,MA,ANE,EN,Federal Contract Tower,0,3,17,0,20,0,0,109,0,109,0,3,126,0,129,60,0,60,189
06/09/2004,BVY,MA,ANE,EN,Federal Contract Tower,0,1,14,0,15,0,0,92,0,92,0,1,106,0,107,116,0,116,223
06/10/2004,BVY,MA,ANE,EN,Federal Contract Tower,0,3,14,0,17,0,0,79,0,79,0,3,93,0,96,66,0,66,162
06/11/2004,BVY,MA,ANE,EN,Federal Contract Tower,0,3,21,0,24,0,2,143,0,145,0,5,164,0,169,130,0,130,299
06/12/2004,BVY,MA,ANE,EN,Federal Contract Tower,0,2,11,0,13,0,0,210,0,210,0,2,221,0,223,238,0,238,461
06/13/2004,BVY,MA,ANE,EN,Federal Contract Tower,0,2,11,0,13,0,0,144,0,144,0,2,155,0,157,194,0,194,351
06/14/2004,BVY,MA,ANE,EN,Federal Contract Tower,0,1,14,0,15,0,0,52,2,54,0,1,66,2,69,34,0,34,103
06/15/2004,BVY,MA,ANE,EN,Federal Contract Tower,0,1,12,0,13,0,0,99,1,100,0,1,111,1,113,128,0,128,241
06/16/2004,BVY,MA,ANE,EN,Federal Contract Tower,0,2,20,0,22,0,3,130,1,134,0,5,150,1,156,212,0,212,368
06/17/2004,BVY,MA,ANE,EN,Federal Contract Tower,0,2,21,0,23,0,3,110,2,115,0,5,131,2,138,180,0,180,318
06/18/2004,BVY,MA,ANE,EN,Federal Contract Tower,0,1,10,0,11,0,2,4,0,6,0,3,14,0,17,0,0,0,17
06/19/2004,BVY,MA,ANE,EN,Federal Contract Tower,0,0,23,0,23,0,0,73,0,73,0,0,96,0,96,92,0,92,188
06/20/2004,BVY,MA,ANE,EN,Federal Contract Tower,0,1,15,0,16,0,0,140,0,140,0,1,155,0,156,192,0,192,348
06/21/2004,BVY,MA,ANE,EN,Federal Contract Tower,0,1,12,0,13,0,0,129,7,136,0,1,141,7,149,106,0,106,255
06/22/2004,BVY,MA,ANE,EN,Federal Contract Tower,0,0,22,0,22,0,0,68,0,68,0,0,90,0,90,188,0,188,278
06/23/2004,BVY,MA,ANE,EN,Federal Contract Tower,0,1,8,0,9,0,1,136,3,140,0,2,144,3,149,144,0,144,293
06/24/2004,BVY,MA,ANE,EN,Federal Contract Tower,0,4,35,0,39,0,3,88,0,91,0,7,123,0,130,130,0,130,260
06/25/2004,BVY,MA,ANE,EN,Federal Contract Tower,0,3,28,0,31,0,3,85,0,88,0,6,113,0,119,158,0,158,277
06/26/2004,BVY,MA,ANE,EN,Federal Contract Tower,0,0,27,0,27,0,0,11,0,11,0,0,38,0,38,0,0,0,38
06/27/2004,BVY,MA,ANE,EN,Federal Contract Tower,0,2,20,0,22,0,0,155,0,155,0,2,175,0,177,210,0,210,387
06/28/2004,BVY,MA,ANE,EN,Federal Contract Tower,0,1,15,0,16,0,4,102,0,106,0,5,117,0,122,112,0,112,234
06/29/2004,BVY,MA,ANE,EN,Federal Contract Tower,0,0,8,0,8,0,0,0,106,106,0,0,8,106,114,138,0,138,252
06/30/2004,BVY,MA,ANE,EN,Federal Contract Tower,0,1,13,0,14,0,2,150,1,153,0,3,163,1,167,242,0,242,409
07/01/2004,BVY,MA,ANE,EN,Federal Contract Tower,0,5,20,0,25,0,2,86,1,89,0,7,106,1,114,130,0,130,244
07/02/2004,BVY,MA,ANE,EN,Federal Contract Tower,0,2,17,0,19,0,0,84,2,86,0,2,101,2,105,132,2,134,239
07/03/2004,BVY,MA,ANE,EN,Federal Contract Tower,0,0,13,0,13,0,0,205,5,210,0,0,218,5,223,270,8,278,501
07/04/2004,BVY,MA,ANE,EN,Federal Contract Tower,0,3,13,0,16,0,0,105,0,105,0,3,118,0,121,94,0,94,215
07/05/2004,BVY,MA,ANE,EN,Federal Contract Tower,0,4,26,0,30,0,0,11,0,11,0,4,37,0,41,30,0,30,71
07/06/2004,BVY,MA,ANE,EN,Federal Contract Tower,0,4,18,0,22,0,2,128,4,134,0,6,146,4,156,286,0,286,442
07/07/2004,BVY,MA,ANE,EN,Federal Contract Tower,0,4,14,0,18,0,1,171,0,172,0,5,185,0,190,338,0,338,528
07/08/2004,BVY,MA,ANE,EN,Federal Contract Tower,0,4,16,0,20,0,5,10,0,15,0,9,26,0,35,78,0,78,113
07/09/2004,BVY,MA,ANE,EN,Federal Contract Tower,0,6,26,0,32,0,5,103,0,108,0,11,129,0,140,164,0,164,304
07/10/2004,BVY,MA,ANE,EN,Federal Contract Tower,0,3,14,0,17,0,0,360,0,360,0,3,374,0,377,276,0,276,653
07/11/2004,BVY,MA,ANE,EN,Federal Contract Tower,0,2,13,0,15,0,0,199,1,200,0,2,212,1,215,228,0,228,443
07/12/2004,BVY,MA,ANE,EN,Federal Contract Tower,0,4,17,0,21,0,2,137,1,140,0,6,154,1,161,184,0,184,345
07/13/2004,BVY,MA,ANE,EN,Federal Contract Tower,0,3,29,0,32,0,0,31,0,31,0,3,60,0,63,100,0,100,163
07/14/2004,BVY,MA,ANE,EN,Federal Contract Tower,0,0,2,0,2,0,0,1,0,1,0,0,3,0,3,0,0,0,3
07/15/2004,BVY,MA,ANE,EN,Federal Contract Tower,0,3,21,0,24,0,0,49,0,49,0,3,70,0,73,96,0,96,169
07/16/2004,BVY,MA,ANE,EN,Federal Contract Tower,0,3,17,0,20,0,0,180,0,180,0,3,197,0,200,244,0,244,444
07/17/2004,BVY,MA,ANE,EN,Federal Contract Tower,0,0,11,0,11,0,0,191,0,191,0,0,202,0,202,318,0,318,520
07/18/2004,BVY,MA,ANE,EN,Federal Contract Tower,0,0,18,0,18,0,0,154,0,154,0,0,172,0,172,164,0,164,336
07/19/2004,BVY,MA,ANE,EN,Federal Contract Tower,0,0,12,0,12,0,0,2,0,2,0,0,14,0,14,0,0,0,14
07/20/2004,BVY,MA,ANE,EN,Federal Contract Tower,0,3,20,0,23,0,1,61,0,62,0,4,81,0,85,90,0,90,175
07/21/2004,BVY,MA,ANE,EN,Federal Contract Tower,0,0,17,0,17,0,0,120,0,120,0,0,137,0,137,156,0,156,293
07/22/2004,BVY,MA,ANE,EN,Federal Contract Tower,0,1,35,0,36,0,0,112,0,112,0,1,147,0,148,224,0,224,372
07/23/2004,BVY,MA,ANE,EN,Federal Contract Tower,0,4,22,0,26,0,0,70,2,72,0,4,92,2,98,64,0,64,162
07/24/2004,BVY,MA,ANE,EN,Federal Contract Tower,0,2,13,0,15,0,1,24,0,25,0,3,37,0,40,18,0,18,58
07/25/2004,BVY,MA,ANE,EN,Federal Contract Tower,0,4,25,0,29,0,1,171,1,173,0,5,196,1,202,178,0,178,380
07/26/2004,BVY,MA,ANE,EN,Federal Contract Tower,0,4,20,0,24,0,0,28,0,28,0,4,48,0,52,0,0,0,52
07/27/2004,BVY,MA,ANE,EN,Federal Contract Tower,0,2,13,0,15,0,1,13,0,14,0,3,26,0,29,0,0,0,29
07/28/2004,BVY,MA,ANE,EN,Federal Contract Tower,0,2,6,0,8,0,9,0,0,9,0,11,6,0,17,0,0,0,17
07/29/2004,BVY,MA,ANE,EN,Federal Contract Tower,0,5,25,0,30,0,1,12,0,13,0,6,37,0,43,0,0,0,43
07/30/2004,BVY,MA,ANE,EN,Federal Contract Tower,0,4,23,0,27,0,0,108,0,108,0,4,131,0,135,208,0,208,343
07/31/2004,BVY,MA,ANE,EN,Federal Contract Tower,0,2,13,0,15,0,1,64,0,65,0,3,77,0,80,104,0,104,184
08/01/2004,BVY,MA,ANE,EN,Federal Contract Tower,0,0,15,0,15,0,0,60,0,60,0,0,75,0,75,94,0,94,169
08/02/2004,BVY,MA,ANE,EN,Federal Contract Tower,0,0,14,0,14,0,0,112,0,112,0,0,126,0,126,230,0,230,356
08/03/2004,BVY,MA,ANE,EN,Federal Contract Tower,0,3,18,0,21,0,1,132,24,157,0,4,150,24,178,182,2,184,362
08/04/2004,BVY,MA,ANE,EN,Federal Contract Tower,0,2,23,0,25,0,0,151,0,151,0,2,174,0,176,264,0,264,440
08/05/2004,BVY,MA,ANE,EN,Federal Contract Tower,0,3,19,0,22,0,0,110,0,110,0,3,129,0,132,194,0,194,326
08/06/2004,BVY,MA,ANE,EN,Federal Contract Tower,0,1,21,0,22,0,0,106,1,107,0,1,127,1,129,80,0,80,209
08/07/2004,BVY,MA,ANE,EN,Federal Contract Tower,0,2,7,0,9,0,2,129,0,131,0,4,136,0,140,180,0,180,320
08/08/2004,BVY,MA,ANE,EN,Federal Contract Tower,0,1,15,0,16,0,0,149,0,149,0,1,164,0,165,176,0,176,341
08/09/2004,BVY,MA,ANE,EN,Federal Contract Tower,0,3,15,0,18,0,3,139,0,142,0,6,154,0,160,238,0,238,398
08/10/2004,BVY,MA,ANE,EN,Federal Contract Tower,0,3,13,0,16,0,2,137,2,141,0,5,150,2,157,214,0,214,371
08/11/2004,BVY,MA,ANE,EN,Federal Contract Tower,0,3,17,0,20,0,3,59,0,62,0,6,76,0,82,44,0,44,126
08/12/2004,BVY,MA,ANE,EN,Federal Contract Tower,0,3,24,0,27,0,0,106,0,106,0,3,130,0,133,200,0,200,333
08/13/2004,BVY,MA,ANE,EN,Federal Contract Tower,0,2,6,0,8,0,1,7,0,8,0,3,13,0,16,10,0,10,26
08/14/2004,BVY,MA,ANE,EN,Federal Contract Tower,0,2,11,0,13,0,0,188,0,188,0,2,199,0,201,322,0,322,523
08/15/2004,BVY,MA,ANE,EN,Federal Contract Tower,0,2,14,0,16,0,0,1,0,1,0,2,15,0,17,0,0,0,17
08/16/2004,BVY,MA,ANE,EN,Federal Contract Tower,0,3,17,0,20,0,1,4,0,5,0,4,21,0,25,10,0,10,35
08/17/2004,BVY,MA,ANE,EN,Federal Contract Tower,0,5,34,0,39,0,2,147,2,151,0,7,181,2,190,226,0,226,416
08/18/2004,BVY,MA,ANE,EN,Federal Contract Tower,0,0,10,0,10,0,0,116,0,116,0,0,126,0,126,198,0,198,324
08/19/2004,BVY,MA,ANE,EN,Federal Contract Tower,0,0,19,0,19,0,0,83,0,83,0,0,102,0,102,98,0,98,200
08/20/2004,BVY,MA,ANE,EN,Federal Contract Tower,0,3,19,0,22,0,0,69,0,69,0,3,88,0,91,96,0,96,187
08/21/2004,BVY,MA,ANE,EN,Federal Contract Tower,0,0,6,0,6,0,1,4,0,5,0,1,10,0,11,6,0,6,17
08/22/2004,BVY,MA,ANE,EN,Federal Contract Tower,0,0,10,0,10,0,0,226,2,228,0,0,236,2,238,216,0,216,454
08/23/2004,BVY,MA,ANE,EN,Federal Contract Tower,0,0,14,0,14,0,0,125,1,126,0,0,139,1,140,168,0,168,308
08/24/2004,BVY,MA,ANE,EN,Federal Contract Tower,0,2,13,0,15,0,2,151,2,155,0,4,164,2,170,174,0,174,344
08/25/2004,BVY,MA,ANE,EN,Federal Contract Tower,0,0,18,0,18,0,0,212,1,213,0,0,230,1,231,292,0,292,523
08/26/2004,BVY,MA,ANE,EN,Federal Contract Tower,0,2,16,0,18,0,0,152,1,153,0,2,168,1,171,252,0,252,423
08/27/2004,BVY,MA,ANE,EN,Federal Contract Tower,0,3,21,0,24,0,7,137,0,144,0,10,158,0,168,208,0,208,376
08/28/2004,BVY,MA,ANE,EN,Federal Contract Tower,0,2,19,0,21,0,3,77,0,80,0,5,96,0,101,26,0,26,127
08/29/2004,BVY,MA,ANE,EN,Federal Contract Tower,0,4,25,0,29,0,1,86,0,87,0,5,111,0,116,114,0,114,230
08/30/2004,BVY,MA,ANE,EN,Federal Contract Tower,0,0,7,0,7,0,1,56,0,57,0,1,63,0,64,38,0,38,102
08/31/2004,BVY,MA,ANE,EN,Federal Contract Tower,0,1,13,0,14,0,1,42,1,44,0,2,55,1,58,68,0,68,126
09/01/2004,BVY,MA,ANE,EN,Federal Contract Tower,0,0,4,0,4,0,0,167,0,167,0,0,171,0,171,150,0,150,321
09/02/2004,BVY,MA,ANE,EN,Federal Contract Tower,0,2,20,0,22,0,0,127,4,131,0,2,147,4,153,174,0,174,327
09/03/2004,BVY,MA,ANE,EN,Federal Contract Tower,0,0,6,0,6,0,0,147,0,147,0,0,153,0,153,106,0,106,259
09/04/2004,BVY,MA,ANE,EN,Federal Contract Tower,0,4,13,0,17,0,0,130,0,130,0,4,143,0,147,124,0,124,271
09/05/2004,BVY,MA,ANE,EN,Federal Contract Tower,0,0,7,0,7,0,0,96,0,96,0,0,103,0,103,120,0,120,223
09/06/2004,BVY,MA,ANE,EN,Federal Contract Tower,0,3,16,0,19,0,1,129,2,132,0,4,145,2,151,132,0,132,283
09/07/2004,BVY,MA,ANE,EN,Federal Contract Tower,0,4,22,0,26,0,1,79,4,84,0,5,101,4,110,66,0,66,176
09/08/2004,BVY,MA,ANE,EN,Federal Contract Tower,0,0,11,0,11,0,0,2,0,2,0,0,13,0,13,0,0,0,13
09/09/2004,BVY,MA,ANE,EN,Federal Contract Tower,0,2,6,0,8,0,1,19,0,20,0,3,25,0,28,20,0,20,48
09/10/2004,BVY,MA,ANE,EN,Federal Contract Tower,0,3,12,0,15,0,3,92,0,95,0,6,104,0,110,80,0,80,190
09/11/2004,BVY,MA,ANE,EN,Federal Contract Tower,0,2,23,0,25,0,0,194,1,195,0,2,217,1,220,244,0,244,464
09/12/2004,BVY,MA,ANE,EN,Federal Contract Tower,0,3,21,0,24,0,6,229,0,235,0,9,250,0,259,162,0,162,421
09/13/2004,BVY,MA,ANE,EN,Federal Contract Tower,0,1,13,0,14,0,0,126,0,126,0,1,139,0,140,228,0,228,368
09/14/2004,BVY,MA,ANE,EN,Federal Contract Tower,0,2,12,0,14,0,1,118,4,123,0,3,130,4,137,140,0,140,277
09/15/2004,BVY,MA,ANE,EN,Federal Contract Tower,0,1,10,0,11,0,0,223,6,229,0,1,233,6,240,232,0,232,472
09/16/2004,BVY,MA,ANE,EN,Federal Contract Tower,0,3,29,0,32,0,0,84,0,84,0,3,113,0,116,176,0,176,292
09/17/2004,BVY,MA,ANE,EN,Federal Contract Tower,0,2,18,0,20,0,0,61,0,61,0,2,79,0,81,50,0,50,131
09/18/2004,BVY,MA,ANE,EN,Federal Contract Tower,0,0,5,0,5,0,0,0,0,0,0,0,5,0,5,0,0,0,5
09/19/2004,BVY,MA,ANE,EN,Federal Contract Tower,0,2,16,0,18,0,0,162,0,162,0,2,178,0,180,128,0,128,308
09/20/2004,BVY,MA,ANE,EN,Federal Contract Tower,0,0,6,0,6,0,2,105,0,107,0,2,111,0,113,168,0,168,281
09/21/2004,BVY,MA,ANE,EN,Federal Contract Tower,0,3,19,0,22,0,1,136,2,139,0,4,155,2,161,150,0,150,311
09/22/2004,BVY,MA,ANE,EN,Federal Contract Tower,0,1,13,0,14,0,0,145,5,150,0,1,158,5,164,238,0,238,402
09/23/2004,BVY,MA,ANE,EN,Federal Contract Tower,0,1,10,0,11,0,0,110,0,110,0,1,120,0,121,168,0,168,289
09/24/2004,BVY,MA,ANE,EN,Federal Contract Tower,0,3,22,0,25,0,0,142,0,142,0,3,164,0,167,154,0,154,321
09/25/2004,BVY,MA,ANE,EN,Federal Contract Tower,0,2,15,0,17,0,0,181,1,182,0,2,196,1,199,202,0,202,401
09/26/2004,BVY,MA,ANE,EN,Federal Contract Tower,0,3,23,0,26,0,3,154,0,157,0,6,177,0,183,142,0,142,325
09/27/2004,BVY,MA,ANE,EN,Federal Contract Tower,0,1,9,0,10,0,1,102,0,103,0,2,111,0,113,74,0,74,187
09/28/2004,BVY,MA,ANE,EN,Federal Contract Tower,0,1,7,0,8,0,0,0,0,0,0,1,7,0,8,0,0,0,8
09/29/2004,BVY,MA,ANE,EN,Federal Contract Tower,0,0,6,0,6,0,2,26,1,29,0,2,32,1,35,60,0,60,95
09/30/2004,BVY,MA,ANE,EN,Federal Contract Tower,0,3,21,0,24,0,1,168,0,169,0,4,189,0,193,204,0,204,397
10/01/2004,BVY,MA,ANE,EN,Federal Contract Tower,0,2,26,0,28,0,0,72,0,72,0,2,98,0,100,108,0,108,208
10/02/2004,BVY,MA,ANE,EN,Federal Contract Tower,0,4,21,0,25,0,0,14,0,14,0,4,35,0,39,0,0,0,39
10/03/2004,BVY,MA,ANE,EN,Federal Contract Tower,0,2,8,0,10,0,0,178,1,179,0,2,186,1,189,252,0,252,441
10/04/2004,BVY,MA,ANE,EN,Federal Contract Tower,0,0,5,0,5,0,0,136,0,136,0,0,141,0,141,278,0,278,419
10/05/2004,BVY,MA,ANE,EN,Federal Contract Tower,0,2,7,0,9,0,0,79,2,81,0,2,86,2,90,138,0,138,228
10/06/2004,BVY,MA,ANE,EN,Federal Contract Tower,0,0,13,0,13,0,0,122,1,123,0,0,135,1,136,222,0,222,358
10/07/2004,BVY,MA,ANE,EN,Federal Contract Tower,0,2,11,0,13,0,0,131,0,131,0,2,142,0,144,200,0,200,344
10/08/2004,BVY,MA,ANE,EN,Federal Contract Tower,0,6,27,0,33,0,3,154,1,158,0,9,181,1,191,312,0,312,503
10/09/2004,BVY,MA,ANE,EN,Federal Contract Tower,0,0,9,0,9,0,0,88,0,88,0,0,97,0,97,90,0,90,187
10/10/2004,BVY,MA,ANE,EN,Federal Contract Tower,0,0,11,0,11,0,0,112,1,113,0,0,123,1,124,176,0,176,300
10/11/2004,BVY,MA,ANE,EN,Federal Contract Tower,0,2,15,0,17,0,0,92,1,93,0,2,107,1,110,96,0,96,206
10/12/2004,BVY,MA,ANE,EN,Federal Contract Tower,0,4,16,0,20,0,0,71,0,71,0,4,87,0,91,140,0,140,231
10/13/2004,BVY,MA,ANE,EN,Federal Contract Tower,0,0,10,0,10,0,0,147,1,148,0,0,157,1,158,142,0,142,300
10/14/2004,BVY,MA,ANE,EN,Federal Contract Tower,0,0,37,0,37,0,0,22,0,22,0,0,59,0,59,46,0,46,105
10/15/2004,BVY,MA,ANE,EN,Federal Contract Tower,0,0,1,0,1,0,0,0,0,0,0,0,1,0,1,0,0,0,1
10/16/2004,BVY,MA,ANE,EN,Federal Contract Tower,0,0,11,0,11,0,0,99,0,99,0,0,110,0,110,86,0,86,196
10/17/2004,BVY,MA,ANE,EN,Federal Contract Tower,0,0,6,0,6,0,0,202,1,203,0,0,208,1,209,174,0,174,383
10/18/2004,BVY,MA,ANE,EN,Federal Contract Tower,0,3,8,0,11,0,0,155,2,157,0,3,163,2,168,284,0,284,452
10/19/2004,BVY,MA,ANE,EN,Federal Contract Tower,0,3,11,0,14,0,1,25,1,27,0,4,36,1,41,54,0,54,95
10/20/2004,BVY,MA,ANE,EN,Federal Contract Tower,0,3,21,0,24,0,0,50,2,52,0,3,71,2,76,118,0,118,194
10/21/2004,BVY,MA,ANE,EN,Federal Contract Tower,0,0,26,0,26,0,0,63,2,65,0,0,89,2,91,140,0,140,231
10/22/2004,BVY,MA,ANE,EN,Federal Contract Tower,0,5,24,0,29,0,0,15,2,17,0,5,39,2,46,30,0,30,76
10/23/2004,BVY,MA,ANE,EN,Federal Contract Tower,0,1,14,0,15,0,0,76,0,76,0,1,90,0,91,206,0,206,297
10/24/2004,BVY,MA,ANE,EN,Federal Contract Tower,0,2,19,0,21,0,0,16,0,16,0,2,35,0,37,76,0,76,113
10/25/2004,BVY,MA,ANE,EN,Federal Contract Tower,0,2,13,0,15,0,1,84,0,85,0,3,97,0,100,120,0,120,220
10/26/2004,BVY,MA,ANE,EN,Federal Contract Tower,0,6,9,0,15,0,0,121,10,131,0,6,130,10,146,120,0,120,266
10/27/2004,BVY,MA,ANE,EN,Federal Contract Tower,0,6,16,0,22,0,0,141,1,142,0,6,157,1,164,138,0,138,302
10/28/2004,BVY,MA,ANE,EN,Federal Contract Tower,0,5,19,0,24,0,0,117,1,118,0,5,136,1,142,132,0,132,274
10/29/2004,BVY,MA,ANE,EN,Federal Contract Tower,0,1,31,0,32,0,0,136,2,138,0,1,167,2,170,264,0,264,434
10/30/2004,BVY,MA,ANE,EN,Federal Contract Tower,0,1,5,0,6,0,0,2,0,2,0,1,7,0,8,0,0,0,8
10/31/2004,BVY,MA,ANE,EN,Federal Contract Tower,0,1,9,0,10,0,0,127,0,127,0,1,136,0,137,98,0,98,235
11/01/2004,BVY,MA,ANE,EN,Federal Contract Tower,0,1,10,0,11,0,0,91,1,92,0,1,101,1,103,22,0,22,125
11/02/2004,BVY,MA,ANE,EN,Federal Contract Tower,0,2,13,0,15,0,0,67,3,70,0,2,80,3,85,78,0,78,163
11/03/2004,BVY,MA,ANE,EN,Federal Contract Tower,0,2,7,0,9,0,1,33,1,35,0,3,40,1,44,60,0,60,104
11/04/2004,BVY,MA,ANE,EN,Federal Contract Tower,0,2,18,0,20,0,0,106,2,108,0,2,124,2,128,114,0,114,242
11/05/2004,BVY,MA,ANE,EN,Federal Contract Tower,0,3,2,0,5,0,0,3,2,5,0,3,5,2,10,0,0,0,10
11/06/2004,BVY,MA,ANE,EN,Federal Contract Tower,0,3,5,0,8,0,0,114,5,119,0,3,119,5,127,94,0,94,221
11/07/2004,BVY,MA,ANE,EN,Federal Contract Tower,0,6,16,0,22,0,0,150,0,150,0,6,166,0,172,186,0,186,358
11/08/2004,BVY,MA,ANE,EN,Federal Contract Tower,0,0,5,0,5,0,0,84,2,86,0,0,89,2,91,86,0,86,177
11/09/2004,BVY,MA,ANE,EN,Federal Contract Tower,0,2,16,0,18,0,0,93,2,95,0,2,109,2,113,82,0,82,195
11/10/2004,BVY,MA,ANE,EN,Federal Contract Tower,0,0,19,0,19,0,0,95,0,95,0,0,114,0,114,194,0,194,308
11/11/2004,BVY,MA,ANE,EN,Federal Contract Tower,0,1,14,0,15,0,0,118,1,119,0,1,132,1,134,172,0,172,306
11/12/2004,BVY,MA,ANE,EN,Federal Contract Tower,0,0,10,0,10,0,0,20,0,20,0,0,30,0,30,34,0,34,64
11/13/2004,BVY,MA,ANE,EN,Federal Contract Tower,0,2,3,0,5,0,0,35,0,35,0,2,38,0,40,80,0,80,120
11/14/2004,BVY,MA,ANE,EN,Federal Contract Tower,0,0,16,0,16,0,0,153,2,155,0,0,169,2,171,144,0,144,315
11/15/2004,BVY,MA,ANE,EN,Federal Contract Tower,0,0,11,0,11,0,0,75,2,77,0,0,86,2,88,82,0,82,170
11/16/2004,BVY,MA,ANE,EN,Federal Contract Tower,0,0,20,0,20,0,0,103,1,104,0,0,123,1,124,156,0,156,280
11/17/2004,BVY,MA,ANE,EN,Federal Contract Tower,0,0,18,0,18,0,0,124,2,126,0,0,142,2,144,154,0,154,298
11/18/2004,BVY,MA,ANE,EN,Federal Contract Tower,0,2,11,0,13,0,0,117,0,117,0,2,128,0,130,170,0,170,300
11/19/2004,BVY,MA,ANE,EN,Federal Contract Tower,0,3,7,0,10,0,0,120,0,120,0,3,127,0,130,108,0,108,238
11/20/2004,BVY,MA,ANE,EN,Federal Contract Tower,0,2,26,0,28,0,0,150,0,150,0,2,176,0,178,182,0,182,360
11/21/2004,BVY,MA,ANE,EN,Federal Contract Tower,0,3,15,0,18,0,0,0,0,0,0,3,15,0,18,0,0,0,18
11/22/2004,BVY,MA,ANE,EN,Federal Contract Tower,0,3,12,0,15,0,0,98,2,100,0,3,110,2,115,40,0,40,155
11/23/2004,BVY,MA,ANE,EN,Federal Contract Tower,0,5,32,0,37,0,0,123,4,127,0,5,155,4,164,134,0,134,298
11/24/2004,BVY,MA,ANE,EN,Federal Contract Tower,0,1,18,1,20,0,0,28,2,30,0,1,46,3,50,56,0,56,106
11/25/2004,BVY,MA,ANE,EN,Federal Contract Tower,0,1,5,0,6,0,0,3,0,3,0,1,8,0,9,0,0,0,9
11/26/2004,BVY,MA,ANE,EN,Federal Contract Tower,0,2,6,0,8,0,0,128,1,129,0,2,134,1,137,222,0,222,359
11/27/2004,BVY,MA,ANE,EN,Federal Contract Tower,0,5,14,0,19,0,0,136,0,136,0,5,150,0,155,178,0,178,333
11/28/2004,BVY,MA,ANE,EN,Federal Contract Tower,0,1,9,0,10,0,0,2,0,2,0,1,11,0,12,8,0,8,20
11/29/2004,BVY,MA,ANE,EN,Federal Contract Tower,0,0,7,0,7,0,0,44,1,45,0,0,51,1,52,18,0,18,70
11/30/2004,BVY,MA,ANE,EN,Federal Contract Tower,0,2,9,0,11,0,0,82,2,84,0,2,91,2,95,54,2,56,151
12/01/2004,BVY,MA,ANE,EN,Federal Contract Tower,0,0,2,0,2,0,0,2,0,2,0,0,4,0,4,0,0,0,4
12/02/2004,BVY,MA,ANE,EN,Federal Contract Tower,0,2,9,0,11,0,0,100,1,101,0,2,109,1,112,102,0,102,214
12/03/2004,BVY,MA,ANE,EN,Federal Contract Tower,0,0,11,0,11,0,0,63,0,63,0,0,74,0,74,56,0,56,130
12/04/2004,BVY,MA,ANE,EN,Federal Contract Tower,0,0,19,0,19,0,5,115,0,120,0,5,134,0,139,206,0,206,345
12/05/2004,BVY,MA,ANE,EN,Federal Contract Tower,0,6,3,0,9,0,0,133,0,133,0,6,136,0,142,66,0,66,208
12/06/2004,BVY,MA,ANE,EN,Federal Contract Tower,0,0,9,0,9,0,0,44,0,44,0,0,53,0,53,74,0,74,127
12/07/2004,BVY,MA,ANE,EN,Federal Contract Tower,0,0,3,0,3,0,0,0,0,0,0,0,3,0,3,0,0,0,3
12/08/2004,BVY,MA,ANE,EN,Federal Contract Tower,0,0,6,0,6,0,0,23,0,23,0,0,29,0,29,2,0,2,31
12/09/2004,BVY,MA,ANE,EN,Federal Contract Tower,0,3,13,0,16,0,0,102,10,112,0,3,115,10,128,76,4,80,208
12/10/2004,BVY,MA,ANE,EN,Federal Contract Tower,0,0,10,0,10,0,0,0,0,0,0,0,10,0,10,0,0,0,10
12/11/2004,BVY,MA,ANE,EN,Federal Contract Tower,0,0,2,0,2,0,0,0,0,0,0,0,2,0,2,0,0,0,2
12/12/2004,BVY,MA,ANE,EN,Federal Contract Tower,0,0,10,0,10,0,0,119,2,121,0,0,129,2,131,82,4,86,217
12/13/2004,BVY,MA,ANE,EN,Federal Contract Tower,0,0,6,0,6,0,0,52,1,53,0,0,58,1,59,86,0,86,145
12/14/2004,BVY,MA,ANE,EN,Federal Contract Tower,0,0,8,0,8,0,0,55,0,55,0,0,63,0,63,18,0,18,81
12/15/2004,BVY,MA,ANE,EN,Federal Contract Tower,0,2,9,0,11,0,0,55,2,57,0,2,64,2,68,94,0,94,162
12/16/2004,BVY,MA,ANE,EN,Federal Contract Tower,0,3,9,0,12,0,0,93,2,95,0,3,102,2,107,100,0,100,207
12/17/2004,BVY,MA,ANE,EN,Federal Contract Tower,0,1,5,0,6,0,0,49,0,49,0,1,54,0,55,22,0,22,77
12/18/2004,BVY,MA,ANE,EN,Federal Contract Tower,0,4,12,0,16,0,0,111,0,111,0,4,123,0,127,146,0,146,273
12/19/2004,BVY,MA,ANE,EN,Federal Contract Tower,0,3,4,0,7,0,0,67,0,67,0,3,71,0,74,36,0,36,110
12/20/2004,BVY,MA,ANE,EN,Federal Contract Tower,0,0,0,0,0,0,0,4,0,4,0,0,4,0,4,0,0,0,4
12/21/2004,BVY,MA,ANE,EN,Federal Contract Tower,0,0,8,0,8,0,1,49,0,50,0,1,57,0,58,44,0,44,102
12/22/2004,BVY,MA,ANE,EN,Federal Contract Tower,0,0,12,0,12,0,0,114,1,115,0,0,126,1,127,172,0,172,299
12/23/2004,BVY,MA,ANE,EN,Federal Contract Tower,0,3,3,0,6,0,0,20,2,22,0,3,23,2,28,2,0,2,30
12/24/2004,BVY,MA,ANE,EN,Federal Contract Tower,0,0,6,0,6,0,0,53,0,53,0,0,59,0,59,48,0,48,107
12/25/2004,BVY,MA,ANE,EN,Federal Contract Tower,0,1,1,0,2,0,0,9,0,9,0,1,10,0,11,8,0,8,19
12/26/2004,BVY,MA,ANE,EN,Federal Contract Tower,0,0,0,0,0,0,0,0,0,0,0,0,0,0,0,0,0,0,0
12/27/2004,BVY,MA,ANE,EN,Federal Contract Tower,0,0,4,0,4,0,0,18,0,18,0,0,22,0,22,0,0,0,22
12/28/2004,BVY,MA,ANE,EN,Federal Contract Tower,0,0,16,0,16,0,0,64,2,66,0,0,80,2,82,72,0,72,154
12/29/2004,BVY,MA,ANE,EN,Federal Contract Tower,0,0,4,0,4,0,0,66,0,66,0,0,70,0,70,90,0,90,160
12/30/2004,BVY,MA,ANE,EN,Federal Contract Tower,0,0,13,0,13,0,0,96,0,96,0,0,109,0,109,92,0,92,201
12/31/2004,BVY,MA,ANE,EN,Federal Contract Tower,0,0,11,0,11,0,0,45,0,45,0,0,56,0,56,58,0,58,114
01/01/2005,BVY,MA,ANE,EN,Federal Contract Tower,0,0,3,0,3,0,0,55,0,55,0,0,58,0,58,6,0,6,64
01/02/2005,BVY,MA,ANE,EN,Federal Contract Tower,0,2,8,0,10,0,0,117,0,117,0,2,125,0,127,200,0,200,327
01/03/2005,BVY,MA,ANE,EN,Federal Contract Tower,0,0,8,0,8,0,1,49,0,50,0,1,57,0,58,60,0,60,118
01/04/2005,BVY,MA,ANE,EN,Federal Contract Tower,0,0,6,0,6,0,0,15,0,15,0,0,21,0,21,16,0,16,37
01/05/2005,BVY,MA,ANE,EN,Federal Contract Tower,0,0,4,0,4,0,0,5,0,5,0,0,9,0,9,0,0,0,9
01/06/2005,BVY,MA,ANE,EN,Federal Contract Tower,0,0,0,0,0,0,0,0,0,0,0,0,0,0,0,0,0,0,0
01/07/2005,BVY,MA,ANE,EN,Federal Contract Tower,0,0,2,0,2,0,0,86,1,87,0,0,88,1,89,50,0,50,139
01/08/2005,BVY,MA,ANE,EN,Federal Contract Tower,0,0,0,0,0,0,0,6,0,6,0,0,6,0,6,30,0,30,36
01/09/2005,BVY,MA,ANE,EN,Federal Contract Tower,0,0,8,0,8,0,0,70,0,70,0,0,78,0,78,80,0,80,158
01/10/2005,BVY,MA,ANE,EN,Federal Contract Tower,0,0,2,0,2,0,0,39,0,39,0,0,41,0,41,38,2,40,81
01/11/2005,BVY,MA,ANE,EN,Federal Contract Tower,0,0,9,0,9,0,0,86,0,86,0,0,95,0,95,104,0,104,199
01/12/2005,BVY,MA,ANE,EN,Federal Contract Tower,0,0,3,0,3,0,0,0,0,0,0,0,3,0,3,0,0,0,3
01/13/2005,BVY,MA,ANE,EN,Federal Contract Tower,0,0,2,0,2,0,0,0,0,0,0,0,2,0,2,0,0,0,2
01/14/2005,BVY,MA,ANE,EN,Federal Contract Tower,0,2,3,0,5,0,0,3,0,3,0,2,6,0,8,0,0,0,8
01/15/2005,BVY,MA,ANE,EN,Federal Contract Tower,0,0,19,0,19,0,0,183,0,183,0,0,202,0,202,258,0,258,460
01/16/2005,BVY,MA,ANE,EN,Federal Contract Tower,0,1,22,0,23,0,0,64,0,64,0,1,86,0,87,48,0,48,135
01/17/2005,BVY,MA,ANE,EN,Federal Contract Tower,0,2,4,0,6,0,0,29,1,30,0,2,33,1,36,16,0,16,52
01/18/2005,BVY,MA,ANE,EN,Federal Contract Tower,0,2,1,0,3,0,0,35,0,35,0,2,36,0,38,8,0,8,46
01/19/2005,BVY,MA,ANE,EN,Federal Contract Tower,0,1,4,0,5,0,0,62,1,63,0,1,66,1,68,86,0,86,154
01/20/2005,BVY,MA,ANE,EN,Federal Contract Tower,0,5,6,0,11,0,0,54,0,54,0,5,60,0,65,28,0,28,93
01/21/2005,BVY,MA,ANE,EN,Federal Contract Tower,0,3,9,0,12,0,0,63,1,64,0,3,72,1,76,108,0,108,184
01/22/2005,BVY,MA,ANE,EN,Federal Contract Tower,0,2,4,0,6,0,0,32,0,32,0,2,36,0,38,54,0,54,92
01/23/2005,BVY,MA,ANE,EN,Federal Contract Tower,0,0,0,0,0,0,0,0,0,0,0,0,0,0,0,0,0,0,0
01/24/2005,BVY,MA,ANE,EN,Federal Contract Tower,0,0,3,0,3,0,1,18,0,19,0,1,21,0,22,16,0,16,38
01/25/2005,BVY,MA,ANE,EN,Federal Contract Tower,0,2,9,0,11,0,1,61,0,62,0,3,70,0,73,24,0,24,97
01/26/2005,BVY,MA,ANE,EN,Federal Contract Tower,0,0,1,0,1,0,0,0,0,0,0,0,1,0,1,0,0,0,1
01/27/2005,BVY,MA,ANE,EN,Federal Contract Tower,0,2,7,0,9,0,0,39,0,39,0,2,46,0,48,0,0,0,48
01/28/2005,BVY,MA,ANE,EN,Federal Contract Tower,0,4,8,0,12,0,0,74,2,76,0,4,82,2,88,56,0,56,144
01/29/2005,BVY,MA,ANE,EN,Federal Contract Tower,0,1,9,0,10,0,0,150,0,150,0,1,159,0,160,110,0,110,270
01/30/2005,BVY,MA,ANE,EN,Federal Contract Tower,0,0,9,0,9,0,0,161,1,162,0,0,170,1,171,122,0,122,293
01/31/2005,BVY,MA,ANE,EN,Federal Contract Tower,0,0,7,0,7,0,0,66,3,69,0,0,73,3,76,50,0,50,126
02/01/2005,BVY,MA,ANE,EN,Federal Contract Tower,0,0,19,0,19,0,0,131,0,131,0,0,150,0,150,150,0,150,300
02/02/2005,BVY,MA,ANE,EN,Federal Contract Tower,0,2,16,0,18,0,2,110,2,114,0,4,126,2,132,94,0,94,226
02/03/2005,BVY,MA,ANE,EN,Federal Contract Tower,0,0,15,0,15,0,0,19,0,19,0,0,34,0,34,52,0,52,86
02/04/2005,BVY,MA,ANE,EN,Federal Contract Tower,0,4,4,0,8,0,0,21,0,21,0,4,25,0,29,0,0,0,29
02/05/2005,BVY,MA,ANE,EN,Federal Contract Tower,0,0,33,0,33,0,0,178,0,178,0,0,211,0,211,240,0,240,451
02/06/2005,BVY,MA,ANE,EN,Federal Contract Tower,0,4,16,0,20,0,0,141,0,141,0,4,157,0,161,186,0,186,347
02/07/2005,BVY,MA,ANE,EN,Federal Contract Tower,0,0,7,0,7,0,0,64,0,64,0,0,71,0,71,46,0,46,117
02/08/2005,BVY,MA,ANE,EN,Federal Contract Tower,0,4,10,0,14,0,0,95,0,95,0,4,105,0,109,106,0,106,215
02/09/2005,BVY,MA,ANE,EN,Federal Contract Tower,0,2,6,0,8,0,0,95,0,95,0,2,101,0,103,96,0,96,199
02/10/2005,BVY,MA,ANE,EN,Federal Contract Tower,0,0,0,0,0,0,0,0,0,0,0,0,0,0,0,0,0,0,0
02/11/2005,BVY,MA,ANE,EN,Federal Contract Tower,0,2,0,0,2,0,0,30,3,33,0,2,30,3,35,22,0,22,57
02/12/2005,BVY,MA,ANE,EN,Federal Contract Tower,0,0,12,0,12,0,0,101,0,101,0,0,113,0,113,114,0,114,227
02/13/2005,BVY,MA,ANE,EN,Federal Contract Tower,0,2,9,0,11,0,0,128,0,128,0,2,137,0,139,120,0,120,259
02/14/2005,BVY,MA,ANE,EN,Federal Contract Tower,0,0,6,0,6,0,0,59,4,63,0,0,65,4,69,72,0,72,141
02/15/2005,BVY,MA,ANE,EN,Federal Contract Tower,0,0,7,0,7,0,0,54,0,54,0,0,61,0,61,26,0,26,87
02/16/2005,BVY,MA,ANE,EN,Federal Contract Tower,0,0,12,0,12,0,0,44,0,44,0,0,56,0,56,62,0,62,118
02/17/2005,BVY,MA,ANE,EN,Federal Contract Tower,0,6,4,0,10,0,0,66,2,68,0,6,70,2,78,62,0,62,140
02/18/2005,BVY,MA,ANE,EN,Federal Contract Tower,0,3,13,0,16,0,0,78,0,78,0,3,91,0,94,50,0,50,144
02/19/2005,BVY,MA,ANE,EN,Federal Contract Tower,0,1,18,0,19,0,0,138,0,138,0,1,156,0,157,196,0,196,353
02/20/2005,BVY,MA,ANE,EN,Federal Contract Tower,0,0,18,0,18,0,0,119,0,119,0,0,137,0,137,104,0,104,241
02/21/2005,BVY,MA,ANE,EN,Federal Contract Tower,0,0,0,0,0,0,0,0,0,0,0,0,0,0,0,0,0,0,0
02/22/2005,BVY,MA,ANE,EN,Federal Contract Tower,0,0,1,0,1,0,0,31,0,31,0,0,32,0,32,10,0,10,42
02/23/2005,BVY,MA,ANE,EN,Federal Contract Tower,0,0,13,0,13,0,0,45,0,45,0,0,58,0,58,16,0,16,74
02/24/2005,BVY,MA,ANE,EN,Federal Contract Tower,0,3,7,0,10,0,1,81,5,87,0,4,88,5,97,102,0,102,199
02/25/2005,BVY,MA,ANE,EN,Federal Contract Tower,0,1,2,0,3,0,0,86,0,86,0,1,88,0,89,100,0,100,189
02/26/2005,BVY,MA,ANE,EN,Federal Contract Tower,0,1,20,0,21,0,0,113,1,114,0,1,133,1,135,182,0,182,317
02/27/2005,BVY,MA,ANE,EN,Federal Contract Tower,0,2,4,0,6,0,0,80,1,81,0,2,84,1,87,54,0,54,141
02/28/2005,BVY,MA,ANE,EN,Federal Contract Tower,0,0,5,0,5,0,0,43,0,43,0,0,48,0,48,34,0,34,82
03/01/2005,BVY,MA,ANE,EN,Federal Contract Tower,0,3,5,0,8,0,0,0,0,0,0,3,5,0,8,0,0,0,8
03/02/2005,BVY,MA,ANE,EN,Federal Contract Tower,0,3,3,0,6,0,2,68,0,70,0,5,71,0,76,48,0,48,124
03/03/2005,BVY,MA,ANE,EN,Federal Contract Tower,0,3,12,0,15,0,0,38,4,42,0,3,50,4,57,16,0,16,73
03/04/2005,BVY,MA,ANE,EN,Federal Contract Tower,0,3,13,1,17,0,0,87,0,87,0,3,100,1,104,92,0,92,196
03/05/2005,BVY,MA,ANE,EN,Federal Contract Tower,0,0,20,0,20,0,0,148,0,148,0,0,168,0,168,90,0,90,258
03/06/2005,BVY,MA,ANE,EN,Federal Contract Tower,0,1,17,0,18,0,0,75,0,75,0,1,92,0,93,92,0,92,185
03/07/2005,BVY,MA,ANE,EN,Federal Contract Tower,0,1,8,0,9,0,0,39,0,39,0,1,47,0,48,30,0,30,78
03/08/2005,BVY,MA,ANE,EN,Federal Contract Tower,0,0,2,0,2,0,0,3,0,3,0,0,5,0,5,6,0,6,11
03/09/2005,BVY,MA,ANE,EN,Federal Contract Tower,0,3,5,0,8,0,0,41,1,42,0,3,46,1,50,0,0,0,50
03/10/2005,BVY,MA,ANE,EN,Federal Contract Tower,0,3,4,0,7,0,0,70,0,70,0,3,74,0,77,56,0,56,133
03/11/2005,BVY,MA,ANE,EN,Federal Contract Tower,0,2,4,0,6,0,0,62,1,63,0,2,66,1,69,8,0,8,77
03/12/2005,BVY,MA,ANE,EN,Federal Contract Tower,0,0,0,0,0,0,0,0,0,0,0,0,0,0,0,0,0,0,0
03/13/2005,BVY,MA,ANE,EN,Federal Contract Tower,0,2,9,0,11,0,0,44,0,44,0,2,53,0,55,116,0,116,171
03/14/2005,BVY,MA,ANE,EN,Federal Contract Tower,0,0,9,0,9,0,0,64,0,64,0,0,73,0,73,18,0,18,91
03/15/2005,BVY,MA,ANE,EN,Federal Contract Tower,0,0,8,0,8,0,0,92,0,92,0,0,100,0,100,68,0,68,168
03/16/2005,BVY,MA,ANE,EN,Federal Contract Tower,0,0,14,0,14,0,0,131,0,131,0,0,145,0,145,204,0,204,349
03/17/2005,BVY,MA,ANE,EN,Federal Contract Tower,0,0,9,0,9,0,0,120,0,120,0,0,129,0,129,134,0,134,263
03/18/2005,BVY,MA,ANE,EN,Federal Contract Tower,0,3,11,0,14,0,0,114,0,114,0,3,125,0,128,158,0,158,286
03/19/2005,BVY,MA,ANE,EN,Federal Contract Tower,0,5,22,0,27,0,0,175,0,175,0,5,197,0,202,202,0,202,404
03/20/2005,BVY,MA,ANE,EN,Federal Contract Tower,0,2,12,0,14,0,0,129,0,129,0,2,141,0,143,132,0,132,275
03/21/2005,BVY,MA,ANE,EN,Federal Contract Tower,0,2,4,0,6,0,0,33,1,34,0,2,37,1,40,26,0,26,66
03/22/2005,BVY,MA,ANE,EN,Federal Contract Tower,0,2,18,0,20,0,0,125,1,126,0,2,143,1,146,144,0,144,290
03/23/2005,BVY,MA,ANE,EN,Federal Contract Tower,0,0,19,0,19,0,0,60,0,60,0,0,79,0,79,38,0,38,117
03/24/2005,BVY,MA,ANE,EN,Federal Contract Tower,0,1,3,0,4,0,0,42,0,42,0,1,45,0,46,36,0,36,82
03/25/2005,BVY,MA,ANE,EN,Federal Contract Tower,0,2,10,0,12,0,0,66,1,67,0,2,76,1,79,28,0,28,107
03/26/2005,BVY,MA,ANE,EN,Federal Contract Tower,0,4,18,0,22,0,0,141,0,141,0,4,159,0,163,186,0,186,349
03/27/2005,BVY,MA,ANE,EN,Federal Contract Tower,0,4,11,0,15,0,2,76,0,78,0,6,87,0,93,76,0,76,169
03/28/2005,BVY,MA,ANE,EN,Federal Contract Tower,0,0,4,0,4,0,0,0,0,0,0,0,4,0,4,0,0,0,4
03/29/2005,BVY,MA,ANE,EN,Federal Contract Tower,0,2,18,1,21,0,0,0,0,0,0,2,18,1,21,0,0,0,21
03/30/2005,BVY,MA,ANE,EN,Federal Contract Tower,0,2,25,0,27,0,0,114,8,122,0,2,139,8,149,138,0,138,287
03/31/2005,BVY,MA,ANE,EN,Federal Contract Tower,0,2,22,0,24,0,0,96,1,97,0,2,118,1,121,104,0,104,225
04/01/2005,BVY,MA,ANE,EN,Federal Contract Tower,0,1,15,0,16,0,0,53,0,53,0,1,68,0,69,58,0,58,127
04/02/2005,BVY,MA,ANE,EN,Federal Contract Tower,0,1,0,0,1,0,0,0,0,0,0,1,0,0,1,0,0,0,1
04/03/2005,BVY,MA,ANE,EN,Federal Contract Tower,0,1,9,0,10,0,0,40,0,40,0,1,49,0,50,48,0,48,98
04/04/2005,BVY,MA,ANE,EN,Federal Contract Tower,0,3,15,0,18,0,0,28,1,29,0,3,43,1,47,36,0,36,83
04/05/2005,BVY,MA,ANE,EN,Federal Contract Tower,0,3,17,0,20,0,0,113,1,114,0,3,130,1,134,68,0,68,202
04/06/2005,BVY,MA,ANE,EN,Federal Contract Tower,0,0,26,0,26,0,0,97,0,97,0,0,123,0,123,98,0,98,221
04/07/2005,BVY,MA,ANE,EN,Federal Contract Tower,0,0,17,2,19,0,0,36,0,36,0,0,53,2,55,122,0,122,177
04/08/2005,BVY,MA,ANE,EN,Federal Contract Tower,0,4,7,0,11,0,0,65,0,65,0,4,72,0,76,64,0,64,140
04/09/2005,BVY,MA,ANE,EN,Federal Contract Tower,0,2,32,0,34,0,5,155,0,160,0,7,187,0,194,246,0,246,440
04/10/2005,BVY,MA,ANE,EN,Federal Contract Tower,0,2,36,0,38,0,0,173,0,173,0,2,209,0,211,112,0,112,323
04/11/2005,BVY,MA,ANE,EN,Federal Contract Tower,0,2,11,0,13,0,0,79,0,79,0,2,90,0,92,88,0,88,180
04/12/2005,BVY,MA,ANE,EN,Federal Contract Tower,0,0,7,0,7,0,0,36,0,36,0,0,43,0,43,28,0,28,71
04/13/2005,BVY,MA,ANE,EN,Federal Contract Tower,0,2,13,0,15,0,0,66,0,66,0,2,79,0,81,84,0,84,165
04/14/2005,BVY,MA,ANE,EN,Federal Contract Tower,0,4,20,0,24,0,0,75,2,77,0,4,95,2,101,58,0,58,159
04/15/2005,BVY,MA,ANE,EN,Federal Contract Tower,0,6,19,0,25,0,2,77,0,79,0,8,96,0,104,118,0,118,222
04/16/2005,BVY,MA,ANE,EN,Federal Contract Tower,0,2,12,0,14,0,0,118,0,118,0,2,130,0,132,156,0,156,288
04/17/2005,BVY,MA,ANE,EN,Federal Contract Tower,0,4,15,0,19,0,0,101,0,101,0,4,116,0,120,110,0,110,230
04/18/2005,BVY,MA,ANE,EN,Federal Contract Tower,0,2,11,0,13,0,0,88,0,88,0,2,99,0,101,88,0,88,189
04/19/2005,BVY,MA,ANE,EN,Federal Contract Tower,0,1,15,0,16,0,0,127,2,129,0,1,142,2,145,152,0,152,297
04/20/2005,BVY,MA,ANE,EN,Federal Contract Tower,0,2,12,0,14,0,0,86,0,86,0,2,98,0,100,90,0,90,190
04/21/2005,BVY,MA,ANE,EN,Federal Contract Tower,0,6,16,0,22,0,0,74,1,75,0,6,90,1,97,58,0,58,155
04/22/2005,BVY,MA,ANE,EN,Federal Contract Tower,0,7,17,0,24,0,0,146,0,146,0,7,163,0,170,136,0,136,306
04/23/2005,BVY,MA,ANE,EN,Federal Contract Tower,0,1,7,0,8,0,0,0,0,0,0,1,7,0,8,0,0,0,8
04/24/2005,BVY,MA,ANE,EN,Federal Contract Tower,0,0,10,0,10,0,0,19,0,19,0,0,29,0,29,32,0,32,61
04/25/2005,BVY,MA,ANE,EN,Federal Contract Tower,0,3,12,0,15,0,0,29,0,29,0,3,41,0,44,62,0,62,106
04/26/2005,BVY,MA,ANE,EN,Federal Contract Tower,0,2,18,0,20,0,0,123,0,123,0,2,141,0,143,100,0,100,243
04/27/2005,BVY,MA,ANE,EN,Federal Contract Tower,0,1,3,0,4,0,0,0,0,0,0,1,3,0,4,0,0,0,4
04/28/2005,BVY,MA,ANE,EN,Federal Contract Tower,0,11,36,0,47,0,0,50,0,50,0,11,86,0,97,22,0,22,119
04/29/2005,BVY,MA,ANE,EN,Federal Contract Tower,0,8,12,0,20,0,0,124,0,124,0,8,136,0,144,158,0,158,302
04/30/2005,BVY,MA,ANE,EN,Federal Contract Tower,0,1,13,0,14,0,0,31,0,31,0,1,44,0,45,46,0,46,91
05/01/2005,BVY,MA,ANE,EN,Federal Contract Tower,0,0,26,0,26,0,0,15,0,15,0,0,41,0,41,2,0,2,43
05/02/2005,BVY,MA,ANE,EN,Federal Contract Tower,0,0,9,0,9,0,0,44,0,44,0,0,53,0,53,100,0,100,153
05/03/2005,BVY,MA,ANE,EN,Federal Contract Tower,0,0,17,0,17,0,0,123,2,125,0,0,140,2,142,158,0,158,300
05/04/2005,BVY,MA,ANE,EN,Federal Contract Tower,0,2,16,0,18,0,0,90,1,91,0,2,106,1,109,130,0,130,239
05/05/2005,BVY,MA,ANE,EN,Federal Contract Tower,0,4,21,0,25,0,0,110,5,115,0,4,131,5,140,94,0,94,234
05/06/2005,BVY,MA,ANE,EN,Federal Contract Tower,0,3,13,0,16,0,0,134,0,134,0,3,147,0,150,200,0,200,350
05/07/2005,BVY,MA,ANE,EN,Federal Contract Tower,0,0,2,0,2,0,0,0,0,0,0,0,2,0,2,0,0,0,2
05/08/2005,BVY,MA,ANE,EN,Federal Contract Tower,0,1,9,0,10,0,0,2,0,2,0,1,11,0,12,2,0,2,14
05/09/2005,BVY,MA,ANE,EN,Federal Contract Tower,0,0,16,0,16,0,0,35,0,35,0,0,51,0,51,54,0,54,105
05/10/2005,BVY,MA,ANE,EN,Federal Contract Tower,0,0,25,0,25,0,0,79,0,79,0,0,104,0,104,76,0,76,180
05/11/2005,BVY,MA,ANE,EN,Federal Contract Tower,0,2,20,0,22,0,0,117,1,118,0,2,137,1,140,148,0,148,288
05/12/2005,BVY,MA,ANE,EN,Federal Contract Tower,0,2,16,0,18,0,0,75,0,75,0,2,91,0,93,32,0,32,125
05/13/2005,BVY,MA,ANE,EN,Federal Contract Tower,0,5,15,0,20,0,0,148,0,148,0,5,163,0,168,150,0,150,318
05/14/2005,BVY,MA,ANE,EN,Federal Contract Tower,0,2,23,0,25,0,0,129,0,129,0,2,152,0,154,176,0,176,330
05/15/2005,BVY,MA,ANE,EN,Federal Contract Tower,0,2,26,0,28,0,0,22,0,22,0,2,48,0,50,50,0,50,100
05/16/2005,BVY,MA,ANE,EN,Federal Contract Tower,0,2,5,0,7,0,0,38,0,38,0,2,43,0,45,54,0,54,99
05/17/2005,BVY,MA,ANE,EN,Federal Contract Tower,0,0,19,1,20,0,0,87,1,88,0,0,106,2,108,130,0,130,238
05/18/2005,BVY,MA,ANE,EN,Federal Contract Tower,0,0,19,2,21,0,0,15,1,16,0,0,34,3,37,14,0,14,51
05/19/2005,BVY,MA,ANE,EN,Federal Contract Tower,0,0,16,0,16,0,2,102,2,106,0,2,118,2,122,182,0,182,304
05/20/2005,BVY,MA,ANE,EN,Federal Contract Tower,0,5,18,0,23,0,0,120,0,120,0,5,138,0,143,188,0,188,331
05/21/2005,BVY,MA,ANE,EN,Federal Contract Tower,0,0,25,0,25,0,0,23,0,23,0,0,48,0,48,38,0,38,86
05/22/2005,BVY,MA,ANE,EN,Federal Contract Tower,0,1,28,0,29,0,0,10,0,10,0,1,38,0,39,40,0,40,79
05/23/2005,BVY,MA,ANE,EN,Federal Contract Tower,0,0,11,0,11,0,0,1,0,1,0,0,12,0,12,2,0,2,14
05/24/2005,BVY,MA,ANE,EN,Federal Contract Tower,0,1,4,0,5,0,0,0,0,0,0,1,4,0,5,0,0,0,5
05/25/2005,BVY,MA,ANE,EN,Federal Contract Tower,0,0,1,0,1,0,0,0,0,0,0,0,1,0,1,0,0,0,1
05/26/2005,BVY,MA,ANE,EN,Federal Contract Tower,0,0,11,0,11,0,0,0,0,0,0,0,11,0,11,0,0,0,11
05/27/2005,BVY,MA,ANE,EN,Federal Contract Tower,0,2,25,0,27,0,0,53,0,53,0,2,78,0,80,70,0,70,150
05/28/2005,BVY,MA,ANE,EN,Federal Contract Tower,0,0,17,0,17,0,0,124,0,124,0,0,141,0,141,198,0,198,339
05/29/2005,BVY,MA,ANE,EN,Federal Contract Tower,0,0,10,0,10,0,0,57,0,57,0,0,67,0,67,158,0,158,225
05/30/2005,BVY,MA,ANE,EN,Federal Contract Tower,0,1,15,0,16,0,0,98,0,98,0,1,113,0,114,132,0,132,246
05/31/2005,BVY,MA,ANE,EN,Federal Contract Tower,0,0,12,0,12,0,0,0,0,0,0,0,12,0,12,0,0,0,12
06/01/2005,BVY,MA,ANE,EN,Federal Contract Tower,0,0,22,0,22,0,0,89,0,89,0,0,111,0,111,76,0,76,187
06/02/2005,BVY,MA,ANE,EN,Federal Contract Tower,0,0,19,0,19,0,0,118,0,118,0,0,137,0,137,196,0,196,333
06/03/2005,BVY,MA,ANE,EN,Federal Contract Tower,0,3,11,0,14,0,0,121,1,122,0,3,132,1,136,136,0,136,272
06/04/2005,BVY,MA,ANE,EN,Federal Contract Tower,0,2,14,0,16,0,0,191,2,193,0,2,205,2,209,196,0,196,405
06/05/2005,BVY,MA,ANE,EN,Federal Contract Tower,0,2,14,0,16,0,0,172,0,172,0,2,186,0,188,166,0,166,354
06/06/2005,BVY,MA,ANE,EN,Federal Contract Tower,0,2,11,0,13,0,0,19,0,19,0,2,30,0,32,16,0,16,48
06/07/2005,BVY,MA,ANE,EN,Federal Contract Tower,0,7,11,0,18,0,2,94,0,96,0,9,105,0,114,88,0,88,202
06/08/2005,BVY,MA,ANE,EN,Federal Contract Tower,0,2,13,1,16,0,0,139,4,143,0,2,152,5,159,202,0,202,361
06/09/2005,BVY,MA,ANE,EN,Federal Contract Tower,0,7,13,1,21,0,0,78,0,78,0,7,91,1,99,176,0,176,275
06/10/2005,BVY,MA,ANE,EN,Federal Contract Tower,0,7,26,0,33,0,0,92,0,92,0,7,118,0,125,138,0,138,263
06/11/2005,BVY,MA,ANE,EN,Federal Contract Tower,0,2,18,0,20,0,0,114,1,115,0,2,132,1,135,122,0,122,257
06/12/2005,BVY,MA,ANE,EN,Federal Contract Tower,0,2,26,0,28,0,0,83,0,83,0,2,109,0,111,56,0,56,167
06/13/2005,BVY,MA,ANE,EN,Federal Contract Tower,0,9,10,0,19,0,0,80,0,80,0,9,90,0,99,46,0,46,145
06/14/2005,BVY,MA,ANE,EN,Federal Contract Tower,0,4,12,0,16,0,0,4,0,4,0,4,16,0,20,0,0,0,20
06/15/2005,BVY,MA,ANE,EN,Federal Contract Tower,0,2,24,0,26,0,0,0,0,0,0,2,24,0,26,0,0,0,26
06/16/2005,BVY,MA,ANE,EN,Federal Contract Tower,0,1,13,0,14,0,0,29,4,33,0,1,42,4,47,2,0,2,49
06/17/2005,BVY,MA,ANE,EN,Federal Contract Tower,0,3,16,0,19,0,0,49,0,49,0,3,65,0,68,56,0,56,124
06/18/2005,BVY,MA,ANE,EN,Federal Contract Tower,0,1,25,0,26,0,0,67,0,67,0,1,92,0,93,78,0,78,171
06/19/2005,BVY,MA,ANE,EN,Federal Contract Tower,0,1,14,0,15,0,0,141,0,141,0,1,155,0,156,238,0,238,394
06/20/2005,BVY,MA,ANE,EN,Federal Contract Tower,0,0,7,0,7,0,0,118,0,118,0,0,125,0,125,78,0,78,203
06/21/2005,BVY,MA,ANE,EN,Federal Contract Tower,0,2,13,0,15,0,0,127,1,128,0,2,140,1,143,88,0,88,231
06/22/2005,BVY,MA,ANE,EN,Federal Contract Tower,0,1,15,0,16,0,0,89,0,89,0,1,104,0,105,76,0,76,181
06/23/2005,BVY,MA,ANE,EN,Federal Contract Tower,0,3,17,0,20,0,1,177,4,182,0,4,194,4,202,158,0,158,360
06/24/2005,BVY,MA,ANE,EN,Federal Contract Tower,0,11,14,0,25,0,0,161,3,164,0,11,175,3,189,162,0,162,351
06/25/2005,BVY,MA,ANE,EN,Federal Contract Tower,0,3,2,0,5,0,1,101,2,104,0,4,103,2,109,102,0,102,211
06/26/2005,BVY,MA,ANE,EN,Federal Contract Tower,0,2,23,0,25,0,0,96,0,96,0,2,119,0,121,64,0,64,185
06/27/2005,BVY,MA,ANE,EN,Federal Contract Tower,0,5,22,1,28,0,0,68,3,71,0,5,90,4,99,64,0,64,163
06/28/2005,BVY,MA,ANE,EN,Federal Contract Tower,0,0,19,0,19,0,0,36,0,36,0,0,55,0,55,76,0,76,131
06/29/2005,BVY,MA,ANE,EN,Federal Contract Tower,0,5,15,0,20,0,0,54,0,54,0,5,69,0,74,106,0,106,180
06/30/2005,BVY,MA,ANE,EN,Federal Contract Tower,0,2,29,0,31,0,0,50,0,50,0,2,79,0,81,28,0,28,109
07/01/2005,BVY,MA,ANE,EN,Federal Contract Tower,0,5,26,0,31,0,0,0,0,0,0,5,26,0,31,22,0,22,53
07/02/2005,BVY,MA,ANE,EN,Federal Contract Tower,0,4,14,0,18,0,0,164,1,165,0,4,178,1,183,104,0,104,287
07/03/2005,BVY,MA,ANE,EN,Federal Contract Tower,0,2,14,0,16,0,0,181,4,185,0,2,195,4,201,132,0,132,333
07/04/2005,BVY,MA,ANE,EN,Federal Contract Tower,0,3,10,0,13,0,1,111,4,116,0,4,121,4,129,90,0,90,219
07/05/2005,BVY,MA,ANE,EN,Federal Contract Tower,0,0,17,0,17,0,2,127,6,135,0,2,144,6,152,64,0,64,216
07/06/2005,BVY,MA,ANE,EN,Federal Contract Tower,0,3,6,0,9,0,0,0,0,0,0,3,6,0,9,0,0,0,9
07/07/2005,BVY,MA,ANE,EN,Federal Contract Tower,0,8,29,0,37,0,0,27,0,27,0,8,56,0,64,28,0,28,92
07/08/2005,BVY,MA,ANE,EN,Federal Contract Tower,0,1,3,0,4,0,0,0,0,0,0,1,3,0,4,2,0,2,6
07/09/2005,BVY,MA,ANE,EN,Federal Contract Tower,0,3,27,0,30,0,0,75,0,75,0,3,102,0,105,124,0,124,229
07/10/2005,BVY,MA,ANE,EN,Federal Contract Tower,0,1,32,0,33,0,0,166,0,166,0,1,198,0,199,116,0,116,315
07/11/2005,BVY,MA,ANE,EN,Federal Contract Tower,0,3,12,0,15,0,0,125,0,125,0,3,137,0,140,62,0,62,202
07/12/2005,BVY,MA,ANE,EN,Federal Contract Tower,0,2,28,0,30,0,0,159,3,162,0,2,187,3,192,290,0,290,482
07/13/2005,BVY,MA,ANE,EN,Federal Contract Tower,0,7,34,0,41,0,0,129,0,129,0,7,163,0,170,206,0,206,376
07/14/2005,BVY,MA,ANE,EN,Federal Contract Tower,0,2,22,0,24,0,0,104,2,106,0,2,126,2,130,150,0,150,280
07/15/2005,BVY,MA,ANE,EN,Federal Contract Tower,0,7,25,0,32,0,3,172,0,175,0,10,197,0,207,154,0,154,361
07/16/2005,BVY,MA,ANE,EN,Federal Contract Tower,0,3,25,0,28,0,0,136,0,136,0,3,161,0,164,200,0,200,364
07/17/2005,BVY,MA,ANE,EN,Federal Contract Tower,0,2,32,0,34,0,0,34,0,34,0,2,66,0,68,102,0,102,170
07/18/2005,BVY,MA,ANE,EN,Federal Contract Tower,0,0,9,0,9,0,0,13,0,13,0,0,22,0,22,0,0,0,22
07/19/2005,BVY,MA,ANE,EN,Federal Contract Tower,0,4,18,0,22,0,0,45,1,46,0,4,63,1,68,30,0,30,98
07/20/2005,BVY,MA,ANE,EN,Federal Contract Tower,0,5,12,0,17,0,0,168,3,171,0,5,180,3,188,118,0,118,306
07/21/2005,BVY,MA,ANE,EN,Federal Contract Tower,0,0,23,0,23,0,0,139,1,140,0,0,162,1,163,158,0,158,321
07/22/2005,BVY,MA,ANE,EN,Federal Contract Tower,0,8,16,0,24,0,0,126,2,128,0,8,142,2,152,132,0,132,284
07/23/2005,BVY,MA,ANE,EN,Federal Contract Tower,0,4,19,0,23,0,0,127,0,127,0,4,146,0,150,134,0,134,284
07/24/2005,BVY,MA,ANE,EN,Federal Contract Tower,0,9,13,0,22,0,0,165,1,166,0,9,178,1,188,132,0,132,320
07/25/2005,BVY,MA,ANE,EN,Federal Contract Tower,0,1,7,0,8,0,0,71,0,71,0,1,78,0,79,100,0,100,179
07/26/2005,BVY,MA,ANE,EN,Federal Contract Tower,0,2,10,0,12,0,0,141,2,143,0,2,151,2,155,168,0,168,323
07/27/2005,BVY,MA,ANE,EN,Federal Contract Tower,0,0,9,0,9,0,1,63,0,64,0,1,72,0,73,74,0,74,147
07/28/2005,BVY,MA,ANE,EN,Federal Contract Tower,0,2,19,0,21,0,2,121,2,125,0,4,140,2,146,188,0,188,334
07/29/2005,BVY,MA,ANE,EN,Federal Contract Tower,0,6,10,0,16,0,0,158,1,159,0,6,168,1,175,132,0,132,307
07/30/2005,BVY,MA,ANE,EN,Federal Contract Tower,0,4,23,0,27,0,0,155,0,155,0,4,178,0,182,186,0,186,368
07/31/2005,BVY,MA,ANE,EN,Federal Contract Tower,0,6,33,0,39,0,0,109,0,109,0,6,142,0,148,186,0,186,334
08/01/2005,BVY,MA,ANE,EN,Federal Contract Tower,0,5,6,0,11,0,0,77,0,77,0,5,83,0,88,46,0,46,134
08/02/2005,BVY,MA,ANE,EN,Federal Contract Tower,0,1,12,0,13,0,0,143,3,146,0,1,155,3,159,156,0,156,315
08/03/2005,BVY,MA,ANE,EN,Federal Contract Tower,0,3,14,0,17,0,2,118,1,121,0,5,132,1,138,154,0,154,292
08/04/2005,BVY,MA,ANE,EN,Federal Contract Tower,0,8,21,0,29,0,0,140,0,140,0,8,161,0,169,152,0,152,321
08/05/2005,BVY,MA,ANE,EN,Federal Contract Tower,0,8,21,0,29,0,0,54,0,54,0,8,75,0,83,82,0,82,165
08/06/2005,BVY,MA,ANE,EN,Federal Contract Tower,0,2,28,0,30,0,0,146,0,146,0,2,174,0,176,208,0,208,384
08/07/2005,BVY,MA,ANE,EN,Federal Contract Tower,0,7,17,0,24,0,0,176,0,176,0,7,193,0,200,110,0,110,310
08/08/2005,BVY,MA,ANE,EN,Federal Contract Tower,0,3,11,0,14,0,0,104,0,104,0,3,115,0,118,136,0,136,254
08/09/2005,BVY,MA,ANE,EN,Federal Contract Tower,0,5,14,0,19,0,1,116,5,122,0,6,130,5,141,232,0,232,373
08/10/2005,BVY,MA,ANE,EN,Federal Contract Tower,0,5,12,0,17,0,0,133,0,133,0,5,145,0,150,186,0,186,336
08/11/2005,BVY,MA,ANE,EN,Federal Contract Tower,0,7,18,0,25,0,0,93,12,105,0,7,111,12,130,96,0,96,226
08/12/2005,BVY,MA,ANE,EN,Federal Contract Tower,0,0,18,0,18,0,0,114,0,114,0,0,132,0,132,94,0,94,226
08/13/2005,BVY,MA,ANE,EN,Federal Contract Tower,0,5,19,0,24,0,3,62,0,65,0,8,81,0,89,82,0,82,171
08/14/2005,BVY,MA,ANE,EN,Federal Contract Tower,0,0,19,0,19,0,1,36,0,37,0,1,55,0,56,92,0,92,148
08/15/2005,BVY,MA,ANE,EN,Federal Contract Tower,0,7,12,0,19,0,0,9,0,9,0,7,21,0,28,0,0,0,28
08/16/2005,BVY,MA,ANE,EN,Federal Contract Tower,0,1,13,0,14,0,0,147,1,148,0,1,160,1,162,128,0,128,290
08/17/2005,BVY,MA,ANE,EN,Federal Contract Tower,0,4,9,0,13,0,2,137,0,139,0,6,146,0,152,136,0,136,288
08/18/2005,BVY,MA,ANE,EN,Federal Contract Tower,0,6,8,0,14,0,0,146,0,146,0,6,154,0,160,128,0,128,288
08/19/2005,BVY,MA,ANE,EN,Federal Contract Tower,0,2,19,0,21,0,0,158,0,158,0,2,177,0,179,106,0,106,285
08/20/2005,BVY,MA,ANE,EN,Federal Contract Tower,0,0,23,2,25,0,0,22,2,24,0,0,45,4,49,28,0,28,77
08/21/2005,BVY,MA,ANE,EN,Federal Contract Tower,0,4,16,0,20,0,2,16,0,18,0,6,32,0,38,74,0,74,112
08/22/2005,BVY,MA,ANE,EN,Federal Contract Tower,0,0,16,0,16,0,0,125,0,125,0,0,141,0,141,128,0,128,269
08/23/2005,BVY,MA,ANE,EN,Federal Contract Tower,0,3,14,0,17,0,0,145,2,147,0,3,159,2,164,176,0,176,340
08/24/2005,BVY,MA,ANE,EN,Federal Contract Tower,0,7,19,0,26,0,0,126,0,126,0,7,145,0,152,124,0,124,276
08/25/2005,BVY,MA,ANE,EN,Federal Contract Tower,0,4,11,0,15,0,0,147,1,148,0,4,158,1,163,208,0,208,371
08/26/2005,BVY,MA,ANE,EN,Federal Contract Tower,0,5,9,0,14,0,1,155,2,158,0,6,164,2,172,128,0,128,300
08/27/2005,BVY,MA,ANE,EN,Federal Contract Tower,0,1,10,0,11,0,1,122,1,124,0,2,132,1,135,124,0,124,259
08/28/2005,BVY,MA,ANE,EN,Federal Contract Tower,0,0,14,0,14,0,0,87,0,87,0,0,101,0,101,162,0,162,263
08/29/2005,BVY,MA,ANE,EN,Federal Contract Tower,0,1,16,0,17,0,0,21,0,21,0,1,37,0,38,12,0,12,50
08/30/2005,BVY,MA,ANE,EN,Federal Contract Tower,0,3,16,0,19,0,0,0,0,0,0,3,16,0,19,4,0,4,23
08/31/2005,BVY,MA,ANE,EN,Federal Contract Tower,0,2,8,0,10,0,1,16,0,17,0,3,24,0,27,18,0,18,45
09/01/2005,BVY,MA,ANE,EN,Federal Contract Tower,0,0,4,0,4,0,0,120,1,121,0,0,124,1,125,146,0,146,271
09/02/2005,BVY,MA,ANE,EN,Federal Contract Tower,0,3,7,0,10,0,1,149,0,150,0,4,156,0,160,106,0,106,266
09/03/2005,BVY,MA,ANE,EN,Federal Contract Tower,0,0,13,0,13,0,0,135,0,135,0,0,148,0,148,178,0,178,326
09/04/2005,BVY,MA,ANE,EN,Federal Contract Tower,0,0,7,0,7,0,0,128,1,129,0,0,135,1,136,154,0,154,290
09/05/2005,BVY,MA,ANE,EN,Federal Contract Tower,0,0,11,0,11,0,0,132,0,132,0,0,143,0,143,90,0,90,233
09/06/2005,BVY,MA,ANE,EN,Federal Contract Tower,0,2,5,0,7,0,2,87,1,90,0,4,92,1,97,58,0,58,155
09/07/2005,BVY,MA,ANE,EN,Federal Contract Tower,0,1,11,0,12,0,0,100,0,100,0,1,111,0,112,192,0,192,304
09/08/2005,BVY,MA,ANE,EN,Federal Contract Tower,0,2,14,0,16,0,0,85,2,87,0,2,99,2,103,156,0,156,259
09/09/2005,BVY,MA,ANE,EN,Federal Contract Tower,0,2,8,0,10,0,0,80,2,82,0,2,88,2,92,98,0,98,190
09/10/2005,BVY,MA,ANE,EN,Federal Contract Tower,0,2,21,0,23,0,0,138,0,138,0,2,159,0,161,140,0,140,301
09/11/2005,BVY,MA,ANE,EN,Federal Contract Tower,0,1,23,0,24,0,0,146,0,146,0,1,169,0,170,100,0,100,270
09/12/2005,BVY,MA,ANE,EN,Federal Contract Tower,0,4,13,0,17,0,0,83,0,83,0,4,96,0,100,20,0,20,120
09/13/2005,BVY,MA,ANE,EN,Federal Contract Tower,0,0,18,0,18,0,1,86,0,87,0,1,104,0,105,76,0,76,181
09/14/2005,BVY,MA,ANE,EN,Federal Contract Tower,0,3,8,0,11,0,0,71,3,74,0,3,79,3,85,108,20,128,213
09/15/2005,BVY,MA,ANE,EN,Federal Contract Tower,0,4,9,0,13,0,0,3,0,3,0,4,12,0,16,0,0,0,16
09/16/2005,BVY,MA,ANE,EN,Federal Contract Tower,0,1,9,0,10,0,0,0,0,0,0,1,9,0,10,4,0,4,14
09/17/2005,BVY,MA,ANE,EN,Federal Contract Tower,0,0,9,0,9,0,0,0,0,0,0,0,9,0,9,4,0,4,13
09/18/2005,BVY,MA,ANE,EN,Federal Contract Tower,0,3,19,0,22,0,0,45,0,45,0,3,64,0,67,58,0,58,125
09/19/2005,BVY,MA,ANE,EN,Federal Contract Tower,0,2,12,0,14,0,0,88,0,88,0,2,100,0,102,66,0,66,168
09/20/2005,BVY,MA,ANE,EN,Federal Contract Tower,0,2,12,0,14,0,0,0,0,0,0,2,12,0,14,2,0,2,16
09/21/2005,BVY,MA,ANE,EN,Federal Contract Tower,0,0,19,0,19,0,0,110,1,111,0,0,129,1,130,118,0,118,248
09/22/2005,BVY,MA,ANE,EN,Federal Contract Tower,0,0,9,0,9,0,0,90,0,90,0,0,99,0,99,122,0,122,221
09/23/2005,BVY,MA,ANE,EN,Federal Contract Tower,0,2,5,0,7,0,0,74,0,74,0,2,79,0,81,54,0,54,135
09/24/2005,BVY,MA,ANE,EN,Federal Contract Tower,0,5,17,0,22,0,3,151,2,156,0,8,168,2,178,202,0,202,380
09/25/2005,BVY,MA,ANE,EN,Federal Contract Tower,0,1,13,0,14,0,0,123,0,123,0,1,136,0,137,168,0,168,305
09/26/2005,BVY,MA,ANE,EN,Federal Contract Tower,0,1,10,0,11,0,0,33,0,33,0,1,43,0,44,8,0,8,52
09/27/2005,BVY,MA,ANE,EN,Federal Contract Tower,0,4,1,0,5,0,0,76,0,76,0,4,77,0,81,30,0,30,111
09/28/2005,BVY,MA,ANE,EN,Federal Contract Tower,0,4,9,0,13,0,0,114,3,117,0,4,123,3,130,204,0,204,334
09/29/2005,BVY,MA,ANE,EN,Federal Contract Tower,0,4,6,0,10,0,3,31,0,34,0,7,37,0,44,60,0,60,104
09/30/2005,BVY,MA,ANE,EN,Federal Contract Tower,0,2,16,0,18,0,0,89,2,91,0,2,105,2,109,88,0,88,197
10/01/2005,BVY,MA,ANE,EN,Federal Contract Tower,0,0,7,0,7,0,0,155,4,159,0,0,162,4,166,162,0,162,328
10/02/2005,BVY,MA,ANE,EN,Federal Contract Tower,0,3,14,0,17,0,0,165,1,166,0,3,179,1,183,206,0,206,389
10/03/2005,BVY,MA,ANE,EN,Federal Contract Tower,0,3,12,2,17,0,0,46,2,48,0,3,58,4,65,30,0,30,95
10/04/2005,BVY,MA,ANE,EN,Federal Contract Tower,0,2,13,1,16,0,35,22,0,57,0,37,35,1,73,62,0,62,135
10/05/2005,BVY,MA,ANE,EN,Federal Contract Tower,0,1,13,0,14,0,0,66,0,66,0,1,79,0,80,172,0,172,252
10/06/2005,BVY,MA,ANE,EN,Federal Contract Tower,0,3,18,0,21,0,0,67,0,67,0,3,85,0,88,160,0,160,248
10/07/2005,BVY,MA,ANE,EN,Federal Contract Tower,0,4,12,0,16,0,0,40,0,40,0,4,52,0,56,18,0,18,74
10/08/2005,BVY,MA,ANE,EN,Federal Contract Tower,0,1,8,0,9,0,1,0,0,1,0,2,8,0,10,0,0,0,10
10/09/2005,BVY,MA,ANE,EN,Federal Contract Tower,0,0,6,0,6,0,0,0,0,0,0,0,6,0,6,0,0,0,6
10/10/2005,BVY,MA,ANE,EN,Federal Contract Tower,0,1,14,0,15,0,0,0,0,0,0,1,14,0,15,0,0,0,15
10/11/2005,BVY,MA,ANE,EN,Federal Contract Tower,0,2,10,0,12,0,0,0,0,0,0,2,10,0,12,6,0,6,18
10/12/2005,BVY,MA,ANE,EN,Federal Contract Tower,0,1,6,0,7,0,0,7,1,8,0,1,13,1,15,20,0,20,35
10/13/2005,BVY,MA,ANE,EN,Federal Contract Tower,0,3,8,0,11,0,0,13,0,13,0,3,21,0,24,18,0,18,42
10/14/2005,BVY,MA,ANE,EN,Federal Contract Tower,0,2,6,0,8,0,0,0,0,0,0,2,6,0,8,0,0,0,8
10/15/2005,BVY,MA,ANE,EN,Federal Contract Tower,0,1,7,0,8,0,0,0,0,0,0,1,7,0,8,0,0,0,8
10/16/2005,BVY,MA,ANE,EN,Federal Contract Tower,0,3,8,0,11,0,0,37,1,38,0,3,45,1,49,40,0,40,89
10/17/2005,BVY,MA,ANE,EN,Federal Contract Tower,0,0,6,0,6,0,0,47,0,47,0,0,53,0,53,40,0,40,93
10/18/2005,BVY,MA,ANE,EN,Federal Contract Tower,0,8,7,0,15,0,0,70,2,72,0,8,77,2,87,98,0,98,185
10/19/2005,BVY,MA,ANE,EN,Federal Contract Tower,0,2,15,2,19,0,0,98,1,99,0,2,113,3,118,212,0,212,330
10/20/2005,BVY,MA,ANE,EN,Federal Contract Tower,0,5,15,0,20,0,2,111,0,113,0,7,126,0,133,120,0,120,253
10/21/2005,BVY,MA,ANE,EN,Federal Contract Tower,0,4,12,0,16,0,0,137,1,138,0,4,149,1,154,68,0,68,222
10/22/2005,BVY,MA,ANE,EN,Federal Contract Tower,0,1,11,0,12,0,0,90,0,90,0,1,101,0,102,190,0,190,292
10/23/2005,BVY,MA,ANE,EN,Federal Contract Tower,0,3,11,1,15,0,0,10,0,10,0,3,21,1,25,2,0,2,27
10/24/2005,BVY,MA,ANE,EN,Federal Contract Tower,0,2,9,0,11,0,0,21,0,21,0,2,30,0,32,26,0,26,58
10/25/2005,BVY,MA,ANE,EN,Federal Contract Tower,0,0,0,0,0,0,0,0,0,0,0,0,0,0,0,0,0,0,0
10/26/2005,BVY,MA,ANE,EN,Federal Contract Tower,0,1,11,0,12,0,0,29,1,30,0,1,40,1,42,14,0,14,56
10/27/2005,BVY,MA,ANE,EN,Federal Contract Tower,0,4,14,0,18,0,0,96,1,97,0,4,110,1,115,78,0,78,193
10/28/2005,BVY,MA,ANE,EN,Federal Contract Tower,0,4,9,0,13,0,0,97,0,97,0,4,106,0,110,102,0,102,212
10/29/2005,BVY,MA,ANE,EN,Federal Contract Tower,0,0,3,0,3,0,0,18,0,18,0,0,21,0,21,24,0,24,45
10/30/2005,BVY,MA,ANE,EN,Federal Contract Tower,0,1,8,0,9,0,0,160,0,160,0,1,168,0,169,142,0,142,311
10/31/2005,BVY,MA,ANE,EN,Federal Contract Tower,0,2,11,0,13,0,1,69,0,70,0,3,80,0,83,26,0,26,109
11/01/2005,BVY,MA,ANE,EN,Federal Contract Tower,0,1,15,0,16,0,0,71,0,71,0,1,86,0,87,36,0,36,123
11/02/2005,BVY,MA,ANE,EN,Federal Contract Tower,0,0,21,0,21,0,0,82,1,83,0,0,103,1,104,138,0,138,242
11/03/2005,BVY,MA,ANE,EN,Federal Contract Tower,0,2,14,0,16,0,0,41,1,42,0,2,55,1,58,16,0,16,74
11/04/2005,BVY,MA,ANE,EN,Federal Contract Tower,0,2,15,0,17,0,0,115,1,116,0,2,130,1,133,82,0,82,215
11/05/2005,BVY,MA,ANE,EN,Federal Contract Tower,0,0,17,0,17,0,0,57,0,57,0,0,74,0,74,92,0,92,166
11/06/2005,BVY,MA,ANE,EN,Federal Contract Tower,0,0,3,0,3,0,0,0,0,0,0,0,3,0,3,0,0,0,3
11/07/2005,BVY,MA,ANE,EN,Federal Contract Tower,0,2,8,0,10,0,0,84,0,84,0,2,92,0,94,36,0,36,130
11/08/2005,BVY,MA,ANE,EN,Federal Contract Tower,0,0,6,0,6,0,0,92,0,92,0,0,98,0,98,78,0,78,176
11/09/2005,BVY,MA,ANE,EN,Federal Contract Tower,0,4,19,2,25,0,0,45,2,47,0,4,64,4,72,74,0,74,146
11/10/2005,BVY,MA,ANE,EN,Federal Contract Tower,0,3,11,1,15,0,0,42,1,43,0,3,53,2,58,44,0,44,102
11/11/2005,BVY,MA,ANE,EN,Federal Contract Tower,0,2,15,0,17,0,1,104,2,107,0,3,119,2,124,72,0,72,196
11/12/2005,BVY,MA,ANE,EN,Federal Contract Tower,0,2,16,0,18,0,0,161,2,163,0,2,177,2,181,224,0,224,405
11/13/2005,BVY,MA,ANE,EN,Federal Contract Tower,0,2,14,0,16,0,0,188,0,188,0,2,202,0,204,174,0,174,378
11/14/2005,BVY,MA,ANE,EN,Federal Contract Tower,0,2,12,0,14,0,0,64,1,65,0,2,76,1,79,36,0,36,115
11/15/2005,BVY,MA,ANE,EN,Federal Contract Tower,0,2,11,0,13,0,0,14,0,14,0,2,25,0,27,0,0,0,27
11/16/2005,BVY,MA,ANE,EN,Federal Contract Tower,0,0,10,0,10,0,0,27,0,27,0,0,37,0,37,64,0,64,101
11/17/2005,BVY,MA,ANE,EN,Federal Contract Tower,0,3,8,0,11,0,0,92,1,93,0,3,100,1,104,138,0,138,242
11/18/2005,BVY,MA,ANE,EN,Federal Contract Tower,0,5,12,0,17,0,0,114,1,115,0,5,126,1,132,66,0,66,198
11/19/2005,BVY,MA,ANE,EN,Federal Contract Tower,0,5,11,0,16,0,0,124,0,124,0,5,135,0,140,114,0,114,254
11/20/2005,BVY,MA,ANE,EN,Federal Contract Tower,0,3,15,0,18,0,0,131,0,131,0,3,146,0,149,162,0,162,311
11/21/2005,BVY,MA,ANE,EN,Federal Contract Tower,0,2,11,0,13,0,0,75,1,76,0,2,86,1,89,26,0,26,115
11/22/2005,BVY,MA,ANE,EN,Federal Contract Tower,0,4,7,0,11,0,0,0,0,0,0,4,7,0,11,0,0,0,11
11/23/2005,BVY,MA,ANE,EN,Federal Contract Tower,0,4,17,0,21,0,0,74,0,74,0,4,91,0,95,70,0,70,165
11/24/2005,BVY,MA,ANE,EN,Federal Contract Tower,0,0,0,0,0,0,0,0,0,0,0,0,0,0,0,0,0,0,0
11/25/2005,BVY,MA,ANE,EN,Federal Contract Tower,0,2,5,0,7,0,0,87,0,87,0,2,92,0,94,62,0,62,156
11/26/2005,BVY,MA,ANE,EN,Federal Contract Tower,0,2,20,0,22,0,1,85,0,86,0,3,105,0,108,118,0,118,226
11/27/2005,BVY,MA,ANE,EN,Federal Contract Tower,0,5,14,0,19,0,0,135,0,135,0,5,149,0,154,154,0,154,308
11/28/2005,BVY,MA,ANE,EN,Federal Contract Tower,0,0,12,0,12,0,0,22,0,22,0,0,34,0,34,28,0,28,62
11/29/2005,BVY,MA,ANE,EN,Federal Contract Tower,0,0,9,0,9,0,0,49,3,52,0,0,58,3,61,58,0,58,119
11/30/2005,BVY,MA,ANE,EN,Federal Contract Tower,0,3,16,0,19,0,0,0,0,0,0,3,16,0,19,2,0,2,21
12/01/2005,BVY,MA,ANE,EN,Federal Contract Tower,0,0,22,1,23,0,0,84,1,85,0,0,106,2,108,56,0,56,164
12/02/2005,BVY,MA,ANE,EN,Federal Contract Tower,0,1,6,0,7,0,1,50,1,52,0,2,56,1,59,62,0,62,121
12/03/2005,BVY,MA,ANE,EN,Federal Contract Tower,0,2,7,0,9,0,0,93,0,93,0,2,100,0,102,120,0,120,222
12/04/2005,BVY,MA,ANE,EN,Federal Contract Tower,0,0,5,0,5,0,0,0,0,0,0,0,5,0,5,0,0,0,5
12/05/2005,BVY,MA,ANE,EN,Federal Contract Tower,0,1,7,0,8,0,2,95,0,97,0,3,102,0,105,48,0,48,153
12/06/2005,BVY,MA,ANE,EN,Federal Contract Tower,0,3,5,0,8,0,0,34,0,34,0,3,39,0,42,20,2,22,64
12/07/2005,BVY,MA,ANE,EN,Federal Contract Tower,0,8,4,0,12,0,0,42,0,42,0,8,46,0,54,20,0,20,74
12/08/2005,BVY,MA,ANE,EN,Federal Contract Tower,0,11,14,0,25,0,1,129,7,137,0,12,143,7,162,180,0,180,342
12/09/2005,BVY,MA,ANE,EN,Federal Contract Tower,0,0,0,0,0,0,0,0,0,0,0,0,0,0,0,0,0,0,0
12/10/2005,BVY,MA,ANE,EN,Federal Contract Tower,0,0,10,0,10,0,0,67,1,68,0,0,77,1,78,100,0,100,178
12/11/2005,BVY,MA,ANE,EN,Federal Contract Tower,0,4,11,0,15,0,0,140,0,140,0,4,151,0,155,174,0,174,329
12/12/2005,BVY,MA,ANE,EN,Federal Contract Tower,0,1,4,0,5,0,0,78,0,78,0,1,82,0,83,160,0,160,243
12/13/2005,BVY,MA,ANE,EN,Federal Contract Tower,0,2,6,0,8,0,1,34,0,35,0,3,40,0,43,34,0,34,77
12/14/2005,BVY,MA,ANE,EN,Federal Contract Tower,0,1,17,0,18,0,0,56,0,56,0,1,73,0,74,80,0,80,154
12/15/2005,BVY,MA,ANE,EN,Federal Contract Tower,0,1,6,1,8,0,0,113,2,115,0,1,119,3,123,150,0,150,273
12/16/2005,BVY,MA,ANE,EN,Federal Contract Tower,0,0,2,0,2,0,0,0,0,0,0,0,2,0,2,0,0,0,2
12/17/2005,BVY,MA,ANE,EN,Federal Contract Tower,0,0,14,0,14,0,0,95,0,95,0,0,109,0,109,54,0,54,163
12/18/2005,BVY,MA,ANE,EN,Federal Contract Tower,0,5,16,0,21,0,0,128,1,129,0,5,144,1,150,244,0,244,394
12/19/2005,BVY,MA,ANE,EN,Federal Contract Tower,0,1,4,0,5,0,0,36,0,36,0,1,40,0,41,28,0,28,69
12/20/2005,BVY,MA,ANE,EN,Federal Contract Tower,0,2,11,0,13,0,1,106,4,111,0,3,117,4,124,116,0,116,240
12/21/2005,BVY,MA,ANE,EN,Federal Contract Tower,0,2,13,0,15,0,0,87,0,87,0,2,100,0,102,106,0,106,208
12/22/2005,BVY,MA,ANE,EN,Federal Contract Tower,0,1,9,0,10,0,0,78,4,82,0,1,87,4,92,58,0,58,150
12/23/2005,BVY,MA,ANE,EN,Federal Contract Tower,0,2,10,0,12,0,0,97,1,98,0,2,107,1,110,114,0,114,224
12/24/2005,BVY,MA,ANE,EN,Federal Contract Tower,0,2,1,0,3,0,1,95,2,98,0,3,96,2,101,110,0,110,211
12/25/2005,BVY,MA,ANE,EN,Federal Contract Tower,0,0,1,0,1,0,0,9,0,9,0,0,10,0,10,8,0,8,18
12/26/2005,BVY,MA,ANE,EN,Federal Contract Tower,0,2,2,0,4,0,0,0,0,0,0,2,2,0,4,0,0,0,4
12/27/2005,BVY,MA,ANE,EN,Federal Contract Tower,0,0,11,0,11,0,0,84,0,84,0,0,95,0,95,82,0,82,177
12/28/2005,BVY,MA,ANE,EN,Federal Contract Tower,0,1,22,0,23,0,2,122,1,125,0,3,144,1,148,194,0,194,342
12/29/2005,BVY,MA,ANE,EN,Federal Contract Tower,0,0,2,0,2,0,0,0,0,0,0,0,2,0,2,0,0,0,2
12/30/2005,BVY,MA,ANE,EN,Federal Contract Tower,0,7,8,0,15,0,0,71,0,71,0,7,79,0,86,80,0,80,166
12/31/2005,BVY,MA,ANE,EN,Federal Contract Tower,0,2,10,0,12,0,0,44,0,44,0,2,54,0,56,62,0,62,118
01/01/2006,BVY,MA,ANE,EN,Federal Contract Tower,0,0,1,0,1,0,0,5,0,5,0,0,6,0,6,0,0,0,6
01/02/2006,BVY,MA,ANE,EN,Federal Contract Tower,0,0,3,0,3,0,0,76,1,77,0,0,79,1,80,68,0,68,148
01/03/2006,BVY,MA,ANE,EN,Federal Contract Tower,0,1,0,0,1,0,0,0,0,0,0,1,0,0,1,0,0,0,1
01/04/2006,BVY,MA,ANE,EN,Federal Contract Tower,0,0,16,0,16,0,0,15,0,15,0,0,31,0,31,52,0,52,83
01/05/2006,BVY,MA,ANE,EN,Federal Contract Tower,0,0,0,0,0,0,0,2,0,2,0,0,2,0,2,0,0,0,2
01/06/2006,BVY,MA,ANE,EN,Federal Contract Tower,0,1,12,0,13,0,0,78,0,78,0,1,90,0,91,68,0,68,159
01/07/2006,BVY,MA,ANE,EN,Federal Contract Tower,0,6,10,1,17,0,0,134,0,134,0,6,144,1,151,236,0,236,387
01/08/2006,BVY,MA,ANE,EN,Federal Contract Tower,0,1,4,0,5,0,0,4,0,4,0,1,8,0,9,14,0,14,23
01/09/2006,BVY,MA,ANE,EN,Federal Contract Tower,0,0,12,0,12,0,0,29,0,29,0,0,41,0,41,66,0,66,107
01/10/2006,BVY,MA,ANE,EN,Federal Contract Tower,0,0,15,0,15,0,0,88,0,88,0,0,103,0,103,40,0,40,143
01/11/2006,BVY,MA,ANE,EN,Federal Contract Tower,0,2,11,0,13,0,0,52,0,52,0,2,63,0,65,112,0,112,177
01/12/2006,BVY,MA,ANE,EN,Federal Contract Tower,0,0,10,0,10,0,0,94,0,94,0,0,104,0,104,98,0,98,202
01/13/2006,BVY,MA,ANE,EN,Federal Contract Tower,0,0,11,0,11,0,0,112,0,112,0,0,123,0,123,158,0,158,281
01/14/2006,BVY,MA,ANE,EN,Federal Contract Tower,0,0,3,0,3,0,0,0,0,0,0,0,3,0,3,0,0,0,3
01/15/2006,BVY,MA,ANE,EN,Federal Contract Tower,0,0,0,0,0,0,0,3,0,3,0,0,3,0,3,20,0,20,23
01/16/2006,BVY,MA,ANE,EN,Federal Contract Tower,0,0,8,0,8,0,0,49,0,49,0,0,57,0,57,82,0,82,139
01/17/2006,BVY,MA,ANE,EN,Federal Contract Tower,0,2,6,0,8,0,0,79,7,86,0,2,85,7,94,114,0,114,208
01/18/2006,BVY,MA,ANE,EN,Federal Contract Tower,0,0,1,0,1,0,0,0,0,0,0,0,1,0,1,0,0,0,1
01/19/2006,BVY,MA,ANE,EN,Federal Contract Tower,0,0,1,0,1,0,0,80,1,81,0,0,81,1,82,90,0,90,172
01/20/2006,BVY,MA,ANE,EN,Federal Contract Tower,0,0,9,0,9,0,0,91,0,91,0,0,100,0,100,138,0,138,238
01/21/2006,BVY,MA,ANE,EN,Federal Contract Tower,0,0,3,0,3,0,0,84,2,86,0,0,87,2,89,142,0,142,231
01/22/2006,BVY,MA,ANE,EN,Federal Contract Tower,0,3,17,0,20,0,0,162,1,163,0,3,179,1,183,244,0,244,427
01/23/2006,BVY,MA,ANE,EN,Federal Contract Tower,0,0,0,0,0,0,0,0,0,0,0,0,0,0,0,0,0,0,0
01/24/2006,BVY,MA,ANE,EN,Federal Contract Tower,0,2,11,0,13,0,0,74,0,74,0,2,85,0,87,26,0,26,113
01/25/2006,BVY,MA,ANE,EN,Federal Contract Tower,0,6,6,0,12,0,0,16,0,16,0,6,22,0,28,6,0,6,34
01/26/2006,BVY,MA,ANE,EN,Federal Contract Tower,0,3,5,0,8,0,1,66,0,67,0,4,71,0,75,38,0,38,113
01/27/2006,BVY,MA,ANE,EN,Federal Contract Tower,0,1,20,0,21,0,0,95,0,95,0,1,115,0,116,116,0,116,232
01/28/2006,BVY,MA,ANE,EN,Federal Contract Tower,0,0,14,0,14,0,0,155,2,157,0,0,169,2,171,250,0,250,421
01/29/2006,BVY,MA,ANE,EN,Federal Contract Tower,0,0,8,0,8,0,1,114,2,117,0,1,122,2,125,180,2,182,307
01/30/2006,BVY,MA,ANE,EN,Federal Contract Tower,0,0,6,0,6,0,0,0,0,0,0,0,6,0,6,0,0,0,6
01/31/2006,BVY,MA,ANE,EN,Federal Contract Tower,0,1,2,0,3,0,0,0,0,0,0,1,2,0,3,0,0,0,3
02/01/2006,BVY,MA,ANE,EN,Federal Contract Tower,0,0,14,0,14,0,0,66,0,66,0,0,80,0,80,120,0,120,200
02/02/2006,BVY,MA,ANE,EN,Federal Contract Tower,0,0,19,0,19,0,0,62,2,64,0,0,81,2,83,98,0,98,181
02/03/2006,BVY,MA,ANE,EN,Federal Contract Tower,0,1,6,0,7,0,0,21,0,21,0,1,27,0,28,20,0,20,48
02/04/2006,BVY,MA,ANE,EN,Federal Contract Tower,0,0,7,1,8,0,0,152,3,155,0,0,159,4,163,262,0,262,425
02/05/2006,BVY,MA,ANE,EN,Federal Contract Tower,0,0,6,1,7,0,0,42,0,42,0,0,48,1,49,128,0,128,177
02/06/2006,BVY,MA,ANE,EN,Federal Contract Tower,0,3,1,0,4,0,0,36,1,37,0,3,37,1,41,12,2,14,55
02/07/2006,BVY,MA,ANE,EN,Federal Contract Tower,0,0,11,0,11,0,0,49,0,49,0,0,60,0,60,44,0,44,104
02/08/2006,BVY,MA,ANE,EN,Federal Contract Tower,0,3,9,0,12,0,0,76,0,76,0,3,85,0,88,174,0,174,262
02/09/2006,BVY,MA,ANE,EN,Federal Contract Tower,0,4,12,0,16,0,0,81,0,81,0,4,93,0,97,62,0,62,159
02/10/2006,BVY,MA,ANE,EN,Federal Contract Tower,0,5,5,0,10,0,0,86,1,87,0,5,91,1,97,90,0,90,187
02/11/2006,BVY,MA,ANE,EN,Federal Contract Tower,0,0,10,0,10,0,1,155,1,157,0,1,165,1,167,232,0,232,399
02/12/2006,BVY,MA,ANE,EN,Federal Contract Tower,0,0,0,0,0,0,0,0,0,0,0,0,0,0,0,0,0,0,0
02/13/2006,BVY,MA,ANE,EN,Federal Contract Tower,0,0,5,0,5,0,0,25,0,25,0,0,30,0,30,18,0,18,48
02/14/2006,BVY,MA,ANE,EN,Federal Contract Tower,0,3,6,0,9,0,0,76,0,76,0,3,82,0,85,120,0,120,205
02/15/2006,BVY,MA,ANE,EN,Federal Contract Tower,0,1,8,0,9,0,0,82,2,84,0,1,90,2,93,60,0,60,153
02/16/2006,BVY,MA,ANE,EN,Federal Contract Tower,0,8,13,0,21,0,0,89,1,90,0,8,102,1,111,140,0,140,251
02/17/2006,BVY,MA,ANE,EN,Federal Contract Tower,0,1,9,0,10,0,0,2,0,2,0,1,11,0,12,0,0,0,12
02/18/2006,BVY,MA,ANE,EN,Federal Contract Tower,0,0,6,0,6,0,0,14,0,14,0,0,20,0,20,28,0,28,48
02/19/2006,BVY,MA,ANE,EN,Federal Contract Tower,0,1,5,0,6,0,0,89,1,90,0,1,94,1,96,106,0,106,202
02/20/2006,BVY,MA,ANE,EN,Federal Contract Tower,0,2,9,0,11,0,0,77,1,78,0,2,86,1,89,92,0,92,181
02/21/2006,BVY,MA,ANE,EN,Federal Contract Tower,0,3,20,0,23,0,0,60,0,60,0,3,80,0,83,106,0,106,189
02/22/2006,BVY,MA,ANE,EN,Federal Contract Tower,0,2,14,0,16,0,0,110,0,110,0,2,124,0,126,166,0,166,292
02/23/2006,BVY,MA,ANE,EN,Federal Contract Tower,0,6,18,0,24,0,0,26,0,26,0,6,44,0,50,30,0,30,80
02/24/2006,BVY,MA,ANE,EN,Federal Contract Tower,0,3,2,0,5,0,0,20,0,20,0,3,22,0,25,20,0,20,45
02/25/2006,BVY,MA,ANE,EN,Federal Contract Tower,0,0,6,0,6,0,0,59,0,59,0,0,65,0,65,130,0,130,195
02/26/2006,BVY,MA,ANE,EN,Federal Contract Tower,0,3,5,0,8,0,0,52,0,52,0,3,57,0,60,80,0,80,140
02/27/2006,BVY,MA,ANE,EN,Federal Contract Tower,0,2,4,0,6,0,0,27,0,27,0,2,31,0,33,2,0,2,35
02/28/2006,BVY,MA,ANE,EN,Federal Contract Tower,0,0,2,0,2,0,0,59,0,59,0,0,61,0,61,30,0,30,91
03/01/2006,BVY,MA,ANE,EN,Federal Contract Tower,0,4,8,0,12,0,0,68,2,70,0,4,76,2,82,44,0,44,126
03/02/2006,BVY,MA,ANE,EN,Federal Contract Tower,0,0,6,1,7,0,0,32,3,35,0,0,38,4,42,38,0,38,80
03/03/2006,BVY,MA,ANE,EN,Federal Contract Tower,0,0,5,0,5,0,0,38,1,39,0,0,43,1,44,0,0,0,44
03/04/2006,BVY,MA,ANE,EN,Federal Contract Tower,0,2,4,0,6,0,0,53,0,53,0,2,57,0,59,108,0,108,167
03/05/2006,BVY,MA,ANE,EN,Federal Contract Tower,0,0,14,0,14,0,0,122,0,122,0,0,136,0,136,130,0,130,266
03/06/2006,BVY,MA,ANE,EN,Federal Contract Tower,0,0,4,0,4,0,0,79,2,81,0,0,83,2,85,102,0,102,187
03/07/2006,BVY,MA,ANE,EN,Federal Contract Tower,0,0,4,0,4,0,0,71,1,72,0,0,75,1,76,118,0,118,194
03/08/2006,BVY,MA,ANE,EN,Federal Contract Tower,0,1,10,0,11,0,0,126,1,127,0,1,136,1,138,180,0,180,318
03/09/2006,BVY,MA,ANE,EN,Federal Contract Tower,0,4,11,0,15,0,0,53,2,55,0,4,64,2,70,76,0,76,146
03/10/2006,BVY,MA,ANE,EN,Federal Contract Tower,0,3,3,0,6,0,0,49,0,49,0,3,52,0,55,16,0,16,71
03/11/2006,BVY,MA,ANE,EN,Federal Contract Tower,0,0,16,1,17,0,0,136,1,137,0,0,152,2,154,202,0,202,356
03/12/2006,BVY,MA,ANE,EN,Federal Contract Tower,0,0,14,0,14,0,0,99,0,99,0,0,113,0,113,164,0,164,277
03/13/2006,BVY,MA,ANE,EN,Federal Contract Tower,0,2,8,0,10,0,0,17,0,17,0,2,25,0,27,10,0,10,37
03/14/2006,BVY,MA,ANE,EN,Federal Contract Tower,0,0,7,0,7,0,0,16,0,16,0,0,23,0,23,14,0,14,37
03/15/2006,BVY,MA,ANE,EN,Federal Contract Tower,0,2,5,0,7,0,0,28,0,28,0,2,33,0,35,32,0,32,67
03/16/2006,BVY,MA,ANE,EN,Federal Contract Tower,0,1,7,0,8,0,0,63,0,63,0,1,70,0,71,52,0,52,123
03/17/2006,BVY,MA,ANE,EN,Federal Contract Tower,0,0,9,0,9,2,0,86,1,89,2,0,95,1,98,112,0,112,210
03/18/2006,BVY,MA,ANE,EN,Federal Contract Tower,0,2,16,0,18,0,0,112,4,116,0,2,128,4,134,212,0,212,346
03/19/2006,BVY,MA,ANE,EN,Federal Contract Tower,0,3,0,0,3,0,0,124,0,124,0,3,124,0,127,186,0,186,313
03/20/2006,BVY,MA,ANE,EN,Federal Contract Tower,0,2,3,0,5,0,0,41,0,41,0,2,44,0,46,30,0,30,76
03/21/2006,BVY,MA,ANE,EN,Federal Contract Tower,0,1,8,0,9,0,0,76,1,77,0,1,84,1,86,98,0,98,184
03/22/2006,BVY,MA,ANE,EN,Federal Contract Tower,0,0,11,1,12,0,0,57,1,58,0,0,68,2,70,80,2,82,152
03/23/2006,BVY,MA,ANE,EN,Federal Contract Tower,0,1,13,0,14,0,0,98,0,98,0,1,111,0,112,128,0,128,240
03/24/2006,BVY,MA,ANE,EN,Federal Contract Tower,0,4,9,0,13,0,0,89,3,92,0,4,98,3,105,112,2,114,219
03/25/2006,BVY,MA,ANE,EN,Federal Contract Tower,0,2,9,0,11,0,0,76,0,76,0,2,85,0,87,240,0,240,327
03/26/2006,BVY,MA,ANE,EN,Federal Contract Tower,0,3,10,0,13,0,0,104,0,104,0,3,114,0,117,148,0,148,265
03/27/2006,BVY,MA,ANE,EN,Federal Contract Tower,0,0,14,0,14,0,0,85,0,85,0,0,99,0,99,24,0,24,123
03/28/2006,BVY,MA,ANE,EN,Federal Contract Tower,0,0,20,0,20,0,0,112,4,116,0,0,132,4,136,116,0,116,252
03/29/2006,BVY,MA,ANE,EN,Federal Contract Tower,0,0,21,0,21,0,0,108,0,108,0,0,129,0,129,66,0,66,195
03/30/2006,BVY,MA,ANE,EN,Federal Contract Tower,0,2,16,0,18,0,0,114,4,118,0,2,130,4,136,202,0,202,338
03/31/2006,BVY,MA,ANE,EN,Federal Contract Tower,0,2,18,2,22,0,0,126,1,127,0,2,144,3,149,120,0,120,269
04/01/2006,BVY,MA,ANE,EN,Federal Contract Tower,0,0,16,0,16,0,0,51,0,51,0,0,67,0,67,102,0,102,169
04/02/2006,BVY,MA,ANE,EN,Federal Contract Tower,0,2,9,0,11,0,0,81,0,81,0,2,90,0,92,82,0,82,174
04/03/2006,BVY,MA,ANE,EN,Federal Contract Tower,0,2,9,0,11,0,0,59,0,59,0,2,68,0,70,58,0,58,128
04/04/2006,BVY,MA,ANE,EN,Federal Contract Tower,0,0,9,0,9,0,0,2,0,2,0,0,11,0,11,2,0,2,13
04/05/2006,BVY,MA,ANE,EN,Federal Contract Tower,0,0,4,0,4,0,0,14,0,14,0,0,18,0,18,0,0,0,18
04/06/2006,BVY,MA,ANE,EN,Federal Contract Tower,0,6,12,0,18,0,0,81,1,82,0,6,93,1,100,46,0,46,146
04/07/2006,BVY,MA,ANE,EN,Federal Contract Tower,0,0,10,0,10,0,0,79,0,79,0,0,89,0,89,118,0,118,207
04/08/2006,BVY,MA,ANE,EN,Federal Contract Tower,0,0,6,0,6,0,0,82,0,82,0,0,88,0,88,130,0,130,218
04/09/2006,BVY,MA,ANE,EN,Federal Contract Tower,0,1,9,0,10,0,0,152,2,154,0,1,161,2,164,254,0,254,418
04/10/2006,BVY,MA,ANE,EN,Federal Contract Tower,0,11,8,0,19,0,0,92,3,95,0,11,100,3,114,124,0,124,238
04/11/2006,BVY,MA,ANE,EN,Federal Contract Tower,0,2,14,0,16,0,0,100,10,110,0,2,114,10,126,132,10,142,268
04/12/2006,BVY,MA,ANE,EN,Federal Contract Tower,0,1,13,0,14,0,0,95,2,97,0,1,108,2,111,110,0,110,221
04/13/2006,BVY,MA,ANE,EN,Federal Contract Tower,0,2,9,0,11,0,0,26,0,26,0,2,35,0,37,2,0,2,39
04/14/2006,BVY,MA,ANE,EN,Federal Contract Tower,0,6,4,1,11,0,0,91,1,92,0,6,95,2,103,86,0,86,189
04/15/2006,BVY,MA,ANE,EN,Federal Contract Tower,0,0,16,0,16,0,0,80,0,80,0,0,96,0,96,126,0,126,222
04/16/2006,BVY,MA,ANE,EN,Federal Contract Tower,0,0,3,0,3,0,0,80,0,80,0,0,83,0,83,60,0,60,143
04/17/2006,BVY,MA,ANE,EN,Federal Contract Tower,0,9,12,0,21,0,0,120,0,120,0,9,132,0,141,114,0,114,255
04/18/2006,BVY,MA,ANE,EN,Federal Contract Tower,0,8,8,0,16,0,0,86,4,90,0,8,94,4,106,46,0,46,152
04/19/2006,BVY,MA,ANE,EN,Federal Contract Tower,0,2,5,0,7,0,0,77,2,79,0,2,82,2,86,86,0,86,172
04/20/2006,BVY,MA,ANE,EN,Federal Contract Tower,0,1,12,0,13,0,0,100,2,102,0,1,112,2,115,140,0,140,255
04/21/2006,BVY,MA,ANE,EN,Federal Contract Tower,0,4,10,0,14,0,0,113,1,114,0,4,123,1,128,130,0,130,258
04/22/2006,BVY,MA,ANE,EN,Federal Contract Tower,0,1,15,0,16,0,0,101,0,101,0,1,116,0,117,212,0,212,329
04/23/2006,BVY,MA,ANE,EN,Federal Contract Tower,0,2,17,0,19,0,0,28,0,28,0,2,45,0,47,88,0,88,135
04/24/2006,BVY,MA,ANE,EN,Federal Contract Tower,0,4,13,0,17,0,0,0,0,0,0,4,13,0,17,0,0,0,17
04/25/2006,BVY,MA,ANE,EN,Federal Contract Tower,0,1,9,0,10,0,0,76,1,77,0,1,85,1,87,80,0,80,167
04/26/2006,BVY,MA,ANE,EN,Federal Contract Tower,0,5,7,0,12,0,0,119,2,121,0,5,126,2,133,170,0,170,303
04/27/2006,BVY,MA,ANE,EN,Federal Contract Tower,0,5,19,0,24,0,0,83,0,83,0,5,102,0,107,114,0,114,221
04/28/2006,BVY,MA,ANE,EN,Federal Contract Tower,0,1,8,0,9,0,0,113,0,113,0,1,121,0,122,126,0,126,248
04/29/2006,BVY,MA,ANE,EN,Federal Contract Tower,0,1,11,0,12,0,0,109,0,109,0,1,120,0,121,156,0,156,277
04/30/2006,BVY,MA,ANE,EN,Federal Contract Tower,0,1,12,0,13,0,0,159,0,159,0,1,171,0,172,260,0,260,432
05/01/2006,BVY,MA,ANE,EN,Federal Contract Tower,0,2,6,0,8,0,0,28,0,28,0,2,34,0,36,32,0,32,68
05/02/2006,BVY,MA,ANE,EN,Federal Contract Tower,0,1,5,0,6,0,0,0,0,0,0,1,5,0,6,0,0,0,6
05/03/2006,BVY,MA,ANE,EN,Federal Contract Tower,0,0,3,0,3,0,0,0,0,0,0,0,3,0,3,0,0,0,3
05/04/2006,BVY,MA,ANE,EN,Federal Contract Tower,0,2,21,0,23,0,0,93,0,93,0,2,114,0,116,120,0,120,236
05/05/2006,BVY,MA,ANE,EN,Federal Contract Tower,0,5,7,0,12,0,0,109,0,109,0,5,116,0,121,144,0,144,265
05/06/2006,BVY,MA,ANE,EN,Federal Contract Tower,0,0,12,0,12,0,0,94,0,94,0,0,106,0,106,104,0,104,210
05/07/2006,BVY,MA,ANE,EN,Federal Contract Tower,0,3,6,0,9,0,0,135,0,135,0,3,141,0,144,148,0,148,292
05/08/2006,BVY,MA,ANE,EN,Federal Contract Tower,0,0,10,0,10,0,0,77,0,77,0,0,87,0,87,110,0,110,197
05/09/2006,BVY,MA,ANE,EN,Federal Contract Tower,0,0,14,0,14,0,0,22,0,22,0,0,36,0,36,22,0,22,58
05/10/2006,BVY,MA,ANE,EN,Federal Contract Tower,0,0,3,0,3,0,0,0,0,0,0,0,3,0,3,0,0,0,3
05/11/2006,BVY,MA,ANE,EN,Federal Contract Tower,0,0,0,0,0,0,0,0,0,0,0,0,0,0,0,0,0,0,0
05/12/2006,BVY,MA,ANE,EN,Federal Contract Tower,0,0,0,0,0,0,0,0,0,0,0,0,0,0,0,0,0,0,0
05/13/2006,BVY,MA,ANE,EN,Federal Contract Tower,0,0,3,0,3,0,0,0,0,0,0,0,3,0,3,0,0,0,3
05/14/2006,BVY,MA,ANE,EN,Federal Contract Tower,0,1,1,0,2,0,0,0,0,0,0,1,1,0,2,0,0,0,2
05/15/2006,BVY,MA,ANE,EN,Federal Contract Tower,0,0,1,0,1,0,0,0,0,0,0,0,1,0,1,0,0,0,1
05/16/2006,BVY,MA,ANE,EN,Federal Contract Tower,0,0,3,1,4,0,0,4,1,5,0,0,7,2,9,0,0,0,9
05/17/2006,BVY,MA,ANE,EN,Federal Contract Tower,0,2,10,0,12,0,0,140,4,144,0,2,150,4,156,74,0,74,230
05/18/2006,BVY,MA,ANE,EN,Federal Contract Tower,0,2,13,0,15,0,0,143,0,143,0,2,156,0,158,170,0,170,328
05/19/2006,BVY,MA,ANE,EN,Federal Contract Tower,0,4,4,0,8,0,0,19,0,19,0,4,23,0,27,0,0,0,27
05/20/2006,BVY,MA,ANE,EN,Federal Contract Tower,0,0,8,1,9,0,0,140,1,141,0,0,148,2,150,136,0,136,286
05/21/2006,BVY,MA,ANE,EN,Federal Contract Tower,0,0,11,0,11,0,0,66,0,66,0,0,77,0,77,92,0,92,169
05/22/2006,BVY,MA,ANE,EN,Federal Contract Tower,0,2,5,0,7,0,0,84,1,85,0,2,89,1,92,14,0,14,106
05/23/2006,BVY,MA,ANE,EN,Federal Contract Tower,0,0,18,0,18,0,0,39,1,40,0,0,57,1,58,38,0,38,96
05/24/2006,BVY,MA,ANE,EN,Federal Contract Tower,0,2,12,0,14,0,2,133,0,135,0,4,145,0,149,164,0,164,313
05/25/2006,BVY,MA,ANE,EN,Federal Contract Tower,0,3,11,1,15,0,0,139,9,148,0,3,150,10,163,196,0,196,359
05/26/2006,BVY,MA,ANE,EN,Federal Contract Tower,0,0,21,2,23,0,0,55,0,55,0,0,76,2,78,76,0,76,154
05/27/2006,BVY,MA,ANE,EN,Federal Contract Tower,0,0,10,0,10,0,0,59,0,59,0,0,69,0,69,136,0,136,205
05/28/2006,BVY,MA,ANE,EN,Federal Contract Tower,0,1,13,0,14,0,0,115,0,115,0,1,128,0,129,54,0,54,183
05/29/2006,BVY,MA,ANE,EN,Federal Contract Tower,0,2,4,0,6,0,0,123,0,123,0,2,127,0,129,68,0,68,197
05/30/2006,BVY,MA,ANE,EN,Federal Contract Tower,0,2,25,0,27,0,0,58,1,59,0,2,83,1,86,54,0,54,140
05/31/2006,BVY,MA,ANE,EN,Federal Contract Tower,0,3,21,0,24,0,0,68,0,68,0,3,89,0,92,120,0,120,212
06/01/2006,BVY,MA,ANE,EN,Federal Contract Tower,0,0,15,0,15,0,0,98,2,100,0,0,113,2,115,134,0,134,249
06/02/2006,BVY,MA,ANE,EN,Federal Contract Tower,0,0,15,0,15,0,0,0,0,0,0,0,15,0,15,0,0,0,15
06/03/2006,BVY,MA,ANE,EN,Federal Contract Tower,0,1,3,0,4,0,0,0,0,0,0,1,3,0,4,0,0,0,4
06/04/2006,BVY,MA,ANE,EN,Federal Contract Tower,0,0,18,2,20,0,0,0,0,0,0,0,18,2,20,0,0,0,20
06/05/2006,BVY,MA,ANE,EN,Federal Contract Tower,0,4,12,0,16,0,0,91,0,91,0,4,103,0,107,70,0,70,177
06/06/2006,BVY,MA,ANE,EN,Federal Contract Tower,0,4,9,2,15,0,0,109,4,113,0,4,118,6,128,98,0,98,226
06/07/2006,BVY,MA,ANE,EN,Federal Contract Tower,0,1,1,0,2,0,0,0,0,0,0,1,1,0,2,0,0,0,2
06/08/2006,BVY,MA,ANE,EN,Federal Contract Tower,0,2,13,0,15,0,0,0,0,0,0,2,13,0,15,0,0,0,15
06/09/2006,BVY,MA,ANE,EN,Federal Contract Tower,0,7,13,0,20,0,1,7,0,8,0,8,20,0,28,0,0,0,28
06/10/2006,BVY,MA,ANE,EN,Federal Contract Tower,0,1,9,0,10,0,0,0,0,0,0,1,9,0,10,0,0,0,10
06/11/2006,BVY,MA,ANE,EN,Federal Contract Tower,0,0,12,0,12,0,0,119,0,119,0,0,131,0,131,190,0,190,321
06/12/2006,BVY,MA,ANE,EN,Federal Contract Tower,0,0,18,0,18,0,0,104,0,104,0,0,122,0,122,120,0,120,242
06/13/2006,BVY,MA,ANE,EN,Federal Contract Tower,0,2,14,1,17,0,9,131,0,140,0,11,145,1,157,184,0,184,341
06/14/2006,BVY,MA,ANE,EN,Federal Contract Tower,0,2,9,1,12,0,0,42,4,46,0,2,51,5,58,38,0,38,96
06/15/2006,BVY,MA,ANE,EN,Federal Contract Tower,0,0,13,0,13,0,0,86,3,89,0,0,99,3,102,130,0,130,232
06/16/2006,BVY,MA,ANE,EN,Federal Contract Tower,0,5,12,0,17,0,0,163,4,167,0,5,175,4,184,206,0,206,390
06/17/2006,BVY,MA,ANE,EN,Federal Contract Tower,0,0,18,0,18,0,0,126,1,127,0,0,144,1,145,128,0,128,273
06/18/2006,BVY,MA,ANE,EN,Federal Contract Tower,0,1,21,0,22,0,0,136,0,136,0,1,157,0,158,140,0,140,298
06/19/2006,BVY,MA,ANE,EN,Federal Contract Tower,0,3,12,0,15,0,0,98,0,98,0,3,110,0,113,148,0,148,261
06/20/2006,BVY,MA,ANE,EN,Federal Contract Tower,0,3,18,0,21,0,0,95,3,98,0,3,113,3,119,106,0,106,225
06/21/2006,BVY,MA,ANE,EN,Federal Contract Tower,0,3,12,0,15,0,0,145,0,145,0,3,157,0,160,206,0,206,366
06/22/2006,BVY,MA,ANE,EN,Federal Contract Tower,0,0,8,0,8,0,2,95,0,97,0,2,103,0,105,88,0,88,193
06/23/2006,BVY,MA,ANE,EN,Federal Contract Tower,0,2,10,0,12,0,0,47,0,47,0,2,57,0,59,106,0,106,165
06/24/2006,BVY,MA,ANE,EN,Federal Contract Tower,0,0,8,0,8,0,0,0,0,0,0,0,8,0,8,0,0,0,8
06/25/2006,BVY,MA,ANE,EN,Federal Contract Tower,0,0,11,0,11,0,0,0,0,0,0,0,11,0,11,0,0,0,11
06/26/2006,BVY,MA,ANE,EN,Federal Contract Tower,0,2,3,0,5,0,0,62,1,63,0,2,65,1,68,88,0,88,156
06/27/2006,BVY,MA,ANE,EN,Federal Contract Tower,0,0,11,0,11,0,3,107,2,112,0,3,118,2,123,118,0,118,241
06/28/2006,BVY,MA,ANE,EN,Federal Contract Tower,0,4,8,0,12,0,2,6,0,8,0,6,14,0,20,16,0,16,36
06/29/2006,BVY,MA,ANE,EN,Federal Contract Tower,0,4,8,0,12,0,0,43,0,43,0,4,51,0,55,60,0,60,115
06/30/2006,BVY,MA,ANE,EN,Federal Contract Tower,0,2,24,0,26,0,0,90,0,90,0,2,114,0,116,184,0,184,300
07/01/2006,BVY,MA,ANE,EN,Federal Contract Tower,0,6,14,0,20,0,0,143,0,143,0,6,157,0,163,146,0,146,309
07/02/2006,BVY,MA,ANE,EN,Federal Contract Tower,0,0,5,0,5,0,2,80,1,83,0,2,85,1,88,104,0,104,192
07/03/2006,BVY,MA,ANE,EN,Federal Contract Tower,0,1,5,0,6,0,0,191,0,191,0,1,196,0,197,212,4,216,413
07/04/2006,BVY,MA,ANE,EN,Federal Contract Tower,0,2,13,0,15,1,1,47,4,53,1,3,60,4,68,78,2,80,148
07/05/2006,BVY,MA,ANE,EN,Federal Contract Tower,0,4,18,0,22,0,3,85,1,89,0,7,103,1,111,220,0,220,331
07/06/2006,BVY,MA,ANE,EN,Federal Contract Tower,0,3,19,0,22,0,1,75,2,78,0,4,94,2,100,128,0,128,228
07/07/2006,BVY,MA,ANE,EN,Federal Contract Tower,0,4,10,0,14,0,2,164,4,170,0,6,174,4,184,268,0,268,452
07/08/2006,BVY,MA,ANE,EN,Federal Contract Tower,0,2,7,0,9,0,0,131,0,131,0,2,138,0,140,134,0,134,274
07/09/2006,BVY,MA,ANE,EN,Federal Contract Tower,0,7,14,0,21,0,0,132,0,132,0,7,146,0,153,174,0,174,327
07/10/2006,BVY,MA,ANE,EN,Federal Contract Tower,0,0,5,0,5,0,3,115,0,118,0,3,120,0,123,118,0,118,241
07/11/2006,BVY,MA,ANE,EN,Federal Contract Tower,0,1,6,3,10,0,1,73,1,75,0,2,79,4,85,40,0,40,125
07/12/2006,BVY,MA,ANE,EN,Federal Contract Tower,0,0,5,0,5,0,0,34,0,34,0,0,39,0,39,42,0,42,81
07/13/2006,BVY,MA,ANE,EN,Federal Contract Tower,0,5,8,0,13,0,0,24,0,24,0,5,32,0,37,28,0,28,65
07/14/2006,BVY,MA,ANE,EN,Federal Contract Tower,0,3,6,0,9,0,2,143,3,148,0,5,149,3,157,170,0,170,327
07/15/2006,BVY,MA,ANE,EN,Federal Contract Tower,0,3,11,0,14,0,0,139,0,139,0,3,150,0,153,178,0,178,331
07/16/2006,BVY,MA,ANE,EN,Federal Contract Tower,0,0,21,0,21,0,0,163,0,163,0,0,184,0,184,146,0,146,330
07/17/2006,BVY,MA,ANE,EN,Federal Contract Tower,0,4,12,0,16,0,4,95,4,103,0,8,107,4,119,82,0,82,201
07/18/2006,BVY,MA,ANE,EN,Federal Contract Tower,0,0,16,0,16,0,4,99,3,106,0,4,115,3,122,66,0,66,188
07/19/2006,BVY,MA,ANE,EN,Federal Contract Tower,0,2,17,0,19,0,1,130,0,131,0,3,147,0,150,86,0,86,236
07/20/2006,BVY,MA,ANE,EN,Federal Contract Tower,0,2,19,1,22,0,1,76,1,78,0,3,95,2,100,96,0,96,196
07/21/2006,BVY,MA,ANE,EN,Federal Contract Tower,0,0,6,1,7,0,0,40,0,40,0,0,46,1,47,98,0,98,145
07/22/2006,BVY,MA,ANE,EN,Federal Contract Tower,0,0,0,1,1,0,0,0,0,0,0,0,0,1,1,0,0,0,1
07/23/2006,BVY,MA,ANE,EN,Federal Contract Tower,0,1,21,0,22,0,1,34,0,35,0,2,55,0,57,94,0,94,151
07/24/2006,BVY,MA,ANE,EN,Federal Contract Tower,0,2,6,0,8,0,0,135,0,135,0,2,141,0,143,110,0,110,253
07/25/2006,BVY,MA,ANE,EN,Federal Contract Tower,0,3,11,0,14,0,0,81,5,86,0,3,92,5,100,78,0,78,178
07/26/2006,BVY,MA,ANE,EN,Federal Contract Tower,0,2,13,0,15,0,0,115,7,122,0,2,128,7,137,128,0,128,265
07/27/2006,BVY,MA,ANE,EN,Federal Contract Tower,0,11,11,0,22,0,0,92,9,101,0,11,103,9,123,110,0,110,233
07/28/2006,BVY,MA,ANE,EN,Federal Contract Tower,0,6,17,2,25,1,3,88,2,94,1,9,105,4,119,176,0,176,295
07/29/2006,BVY,MA,ANE,EN,Federal Contract Tower,0,7,10,0,17,0,0,118,0,118,0,7,128,0,135,134,0,134,269
07/30/2006,BVY,MA,ANE,EN,Federal Contract Tower,0,4,7,0,11,0,2,118,1,121,0,6,125,1,132,108,0,108,240
07/31/2006,BVY,MA,ANE,EN,Federal Contract Tower,0,2,16,0,18,0,1,125,2,128,0,3,141,2,146,178,0,178,324
08/01/2006,BVY,MA,ANE,EN,Federal Contract Tower,0,4,5,0,9,0,0,83,2,85,0,4,88,2,94,140,0,140,234
08/02/2006,BVY,MA,ANE,EN,Federal Contract Tower,0,2,9,0,11,0,1,72,0,73,0,3,81,0,84,56,0,56,140
08/03/2006,BVY,MA,ANE,EN,Federal Contract Tower,0,3,10,0,13,0,0,64,0,64,0,3,74,0,77,76,0,76,153
08/04/2006,BVY,MA,ANE,EN,Federal Contract Tower,0,2,17,0,19,0,0,61,0,61,0,2,78,0,80,120,0,120,200
08/05/2006,BVY,MA,ANE,EN,Federal Contract Tower,0,2,9,0,11,0,0,337,1,338,0,2,346,1,349,226,0,226,575
08/06/2006,BVY,MA,ANE,EN,Federal Contract Tower,0,4,14,0,18,0,0,156,0,156,0,4,170,0,174,164,0,164,338
08/07/2006,BVY,MA,ANE,EN,Federal Contract Tower,0,2,11,0,13,0,1,59,2,62,0,3,70,2,75,54,0,54,129
08/08/2006,BVY,MA,ANE,EN,Federal Contract Tower,0,0,3,0,3,0,1,130,2,133,0,1,133,2,136,114,0,114,250
08/09/2006,BVY,MA,ANE,EN,Federal Contract Tower,0,6,14,1,21,0,0,161,2,163,0,6,175,3,184,234,0,234,418
08/10/2006,BVY,MA,ANE,EN,Federal Contract Tower,0,4,13,0,17,0,1,115,0,116,0,5,128,0,133,118,0,118,251
08/11/2006,BVY,MA,ANE,EN,Federal Contract Tower,0,1,13,0,14,0,0,131,0,131,0,1,144,0,145,190,0,190,335
08/12/2006,BVY,MA,ANE,EN,Federal Contract Tower,0,2,19,0,21,0,0,138,3,141,0,2,157,3,162,92,4,96,258
08/13/2006,BVY,MA,ANE,EN,Federal Contract Tower,0,2,15,0,17,0,0,94,2,96,0,2,109,2,113,104,0,104,217
08/14/2006,BVY,MA,ANE,EN,Federal Contract Tower,0,2,10,0,12,0,1,117,0,118,0,3,127,0,130,72,0,72,202
08/15/2006,BVY,MA,ANE,EN,Federal Contract Tower,0,2,27,0,29,0,3,77,0,80,0,5,104,0,109,86,0,86,195
08/16/2006,BVY,MA,ANE,EN,Federal Contract Tower,0,2,16,0,18,0,0,161,2,163,0,2,177,2,181,172,0,172,353
08/17/2006,BVY,MA,ANE,EN,Federal Contract Tower,0,4,10,0,14,0,2,125,2,129,0,6,135,2,143,120,0,120,263
08/18/2006,BVY,MA,ANE,EN,Federal Contract Tower,0,4,11,0,15,0,1,168,0,169,0,5,179,0,184,206,0,206,390
08/19/2006,BVY,MA,ANE,EN,Federal Contract Tower,0,3,16,0,19,0,1,88,1,90,0,4,104,1,109,102,16,118,227
08/20/2006,BVY,MA,ANE,EN,Federal Contract Tower,0,2,11,0,13,0,3,5,0,8,0,5,16,0,21,0,0,0,21
08/21/2006,BVY,MA,ANE,EN,Federal Contract Tower,0,2,20,0,22,0,1,88,2,91,0,3,108,2,113,70,0,70,183
08/22/2006,BVY,MA,ANE,EN,Federal Contract Tower,0,1,13,0,14,0,0,122,0,122,0,1,135,0,136,88,0,88,224
08/23/2006,BVY,MA,ANE,EN,Federal Contract Tower,0,6,24,0,30,0,0,154,0,154,0,6,178,0,184,160,0,160,344
08/24/2006,BVY,MA,ANE,EN,Federal Contract Tower,0,1,29,1,31,0,0,99,2,101,0,1,128,3,132,76,0,76,208
08/25/2006,BVY,MA,ANE,EN,Federal Contract Tower,0,2,20,0,22,0,0,6,0,6,0,2,26,0,28,6,0,6,34
08/26/2006,BVY,MA,ANE,EN,Federal Contract Tower,0,2,15,0,17,0,0,118,0,118,0,2,133,0,135,152,0,152,287
08/27/2006,BVY,MA,ANE,EN,Federal Contract Tower,0,5,17,0,22,0,3,84,4,91,0,8,101,4,113,186,0,186,299
08/28/2006,BVY,MA,ANE,EN,Federal Contract Tower,0,2,4,0,6,0,1,8,0,9,0,3,12,0,15,0,0,0,15
08/29/2006,BVY,MA,ANE,EN,Federal Contract Tower,0,2,3,2,7,0,0,0,0,0,0,2,3,2,7,0,0,0,7
08/30/2006,BVY,MA,ANE,EN,Federal Contract Tower,0,0,21,0,21,0,0,122,2,124,0,0,143,2,145,130,0,130,275
08/31/2006,BVY,MA,ANE,EN,Federal Contract Tower,0,6,17,0,23,0,1,122,0,123,0,7,139,0,146,82,0,82,228
09/01/2006,BVY,MA,ANE,EN,Federal Contract Tower,0,2,17,0,19,0,0,131,2,133,0,2,148,2,152,120,0,120,272
09/02/2006,BVY,MA,ANE,EN,Federal Contract Tower,0,2,6,0,8,0,0,28,0,28,0,2,34,0,36,94,0,94,130
09/03/2006,BVY,MA,ANE,EN,Federal Contract Tower,0,0,4,0,4,0,0,0,0,0,0,0,4,0,4,0,0,0,4
09/04/2006,BVY,MA,ANE,EN,Federal Contract Tower,0,0,12,0,12,0,4,85,0,89,0,4,97,0,101,48,0,48,149
09/05/2006,BVY,MA,ANE,EN,Federal Contract Tower,0,4,11,0,15,0,1,68,4,73,0,5,79,4,88,70,0,70,158
09/06/2006,BVY,MA,ANE,EN,Federal Contract Tower,0,0,14,0,14,0,1,73,1,75,0,1,87,1,89,52,0,52,141
09/07/2006,BVY,MA,ANE,EN,Federal Contract Tower,0,0,22,0,22,0,1,79,0,80,0,1,101,0,102,46,0,46,148
09/08/2006,BVY,MA,ANE,EN,Federal Contract Tower,0,8,17,0,25,0,4,146,1,151,0,12,163,1,176,86,0,86,262
09/09/2006,BVY,MA,ANE,EN,Federal Contract Tower,0,8,19,1,28,0,0,149,1,150,0,8,168,2,178,194,0,194,372
09/10/2006,BVY,MA,ANE,EN,Federal Contract Tower,0,2,11,0,13,0,0,116,1,117,0,2,127,1,130,42,0,42,172
09/11/2006,BVY,MA,ANE,EN,Federal Contract Tower,0,1,3,0,4,0,0,71,0,71,0,1,74,0,75,72,0,72,147
09/12/2006,BVY,MA,ANE,EN,Federal Contract Tower,0,6,9,0,15,0,1,79,1,81,0,7,88,1,96,82,0,82,178
09/13/2006,BVY,MA,ANE,EN,Federal Contract Tower,0,4,23,0,27,0,4,108,0,112,0,8,131,0,139,176,0,176,315
09/14/2006,BVY,MA,ANE,EN,Federal Contract Tower,0,6,19,0,25,0,0,56,0,56,0,6,75,0,81,20,0,20,101
09/15/2006,BVY,MA,ANE,EN,Federal Contract Tower,0,8,23,0,31,0,0,72,0,72,0,8,95,0,103,98,0,98,201
09/16/2006,BVY,MA,ANE,EN,Federal Contract Tower,0,1,12,0,13,0,2,110,0,112,0,3,122,0,125,154,0,154,279
09/17/2006,BVY,MA,ANE,EN,Federal Contract Tower,0,8,8,0,16,0,1,154,0,155,0,9,162,0,171,182,10,192,363
09/18/2006,BVY,MA,ANE,EN,Federal Contract Tower,0,1,12,0,13,0,1,94,4,99,0,2,106,4,112,124,0,124,236
09/19/2006,BVY,MA,ANE,EN,Federal Contract Tower,0,4,16,2,22,0,2,60,1,63,0,6,76,3,85,102,0,102,187
09/20/2006,BVY,MA,ANE,EN,Federal Contract Tower,0,3,11,0,14,0,1,100,4,105,0,4,111,4,119,136,0,136,255
09/21/2006,BVY,MA,ANE,EN,Federal Contract Tower,0,3,16,0,19,0,1,133,0,134,0,4,149,0,153,108,0,108,261
09/22/2006,BVY,MA,ANE,EN,Federal Contract Tower,0,2,14,0,16,0,1,241,0,242,0,3,255,0,258,160,0,160,418
09/23/2006,BVY,MA,ANE,EN,Federal Contract Tower,0,3,9,0,12,0,0,108,3,111,0,3,117,3,123,98,6,104,227
09/24/2006,BVY,MA,ANE,EN,Federal Contract Tower,0,8,7,0,15,1,1,85,0,87,1,9,92,0,102,90,0,90,192
09/25/2006,BVY,MA,ANE,EN,Federal Contract Tower,0,1,15,0,16,0,0,112,5,117,0,1,127,5,133,102,0,102,235
09/26/2006,BVY,MA,ANE,EN,Federal Contract Tower,0,4,6,0,10,0,0,146,3,149,0,4,152,3,159,128,0,128,287
09/27/2006,BVY,MA,ANE,EN,Federal Contract Tower,0,3,9,0,12,0,0,153,0,153,0,3,162,0,165,114,0,114,279
09/28/2006,BVY,MA,ANE,EN,Federal Contract Tower,0,3,19,0,22,0,3,137,0,140,0,6,156,0,162,152,0,152,314
09/29/2006,BVY,MA,ANE,EN,Federal Contract Tower,0,4,11,0,15,0,0,55,0,55,0,4,66,0,70,46,0,46,116
09/30/2006,BVY,MA,ANE,EN,Federal Contract Tower,0,2,12,0,14,0,0,184,0,184,0,2,196,0,198,214,0,214,412
10/01/2006,BVY,MA,ANE,EN,Federal Contract Tower,0,5,16,0,21,0,2,6,0,8,0,7,22,0,29,14,0,14,43
10/02/2006,BVY,MA,ANE,EN,Federal Contract Tower,0,4,11,0,15,0,0,102,1,103,0,4,113,1,118,84,0,84,202
10/03/2006,BVY,MA,ANE,EN,Federal Contract Tower,0,1,11,2,14,0,0,134,3,137,0,1,145,5,151,228,0,228,379
10/04/2006,BVY,MA,ANE,EN,Federal Contract Tower,0,2,9,0,11,0,0,116,0,116,0,2,125,0,127,160,0,160,287
10/05/2006,BVY,MA,ANE,EN,Federal Contract Tower,0,5,7,0,12,0,3,98,0,101,0,8,105,0,113,116,0,116,229
10/06/2006,BVY,MA,ANE,EN,Federal Contract Tower,0,4,12,0,16,0,0,102,2,104,0,4,114,2,120,112,0,112,232
10/07/2006,BVY,MA,ANE,EN,Federal Contract Tower,0,0,20,0,20,0,0,117,0,117,0,0,137,0,137,162,0,162,299
10/08/2006,BVY,MA,ANE,EN,Federal Contract Tower,0,3,9,0,12,0,1,173,0,174,0,4,182,0,186,102,0,102,288
10/09/2006,BVY,MA,ANE,EN,Federal Contract Tower,0,3,12,0,15,0,2,130,1,133,0,5,142,1,148,136,0,136,284
10/10/2006,BVY,MA,ANE,EN,Federal Contract Tower,0,3,7,0,10,0,1,118,0,119,0,4,125,0,129,118,0,118,247
10/11/2006,BVY,MA,ANE,EN,Federal Contract Tower,0,3,29,0,32,0,0,60,12,72,0,3,89,12,104,86,0,86,190
10/12/2006,BVY,MA,ANE,EN,Federal Contract Tower,0,3,9,0,12,0,0,51,0,51,0,3,60,0,63,54,0,54,117
10/13/2006,BVY,MA,ANE,EN,Federal Contract Tower,0,3,8,1,12,0,0,128,1,129,0,3,136,2,141,152,0,152,293
10/14/2006,BVY,MA,ANE,EN,Federal Contract Tower,0,1,10,0,11,0,3,139,0,142,0,4,149,0,153,160,0,160,313
10/15/2006,BVY,MA,ANE,EN,Federal Contract Tower,0,6,9,0,15,0,2,152,3,157,0,8,161,3,172,232,0,232,404
10/16/2006,BVY,MA,ANE,EN,Federal Contract Tower,0,2,3,0,5,0,4,102,0,106,0,6,105,0,111,88,0,88,199
10/17/2006,BVY,MA,ANE,EN,Federal Contract Tower,0,0,12,0,12,0,1,72,0,73,0,1,84,0,85,98,0,98,183
10/18/2006,BVY,MA,ANE,EN,Federal Contract Tower,0,2,4,0,6,0,0,55,0,55,0,2,59,0,61,42,0,42,103
10/19/2006,BVY,MA,ANE,EN,Federal Contract Tower,0,4,14,0,18,0,0,109,0,109,0,4,123,0,127,174,0,174,301
10/20/2006,BVY,MA,ANE,EN,Federal Contract Tower,0,0,6,0,6,0,0,0,0,0,0,0,6,0,6,0,0,0,6
10/21/2006,BVY,MA,ANE,EN,Federal Contract Tower,0,2,5,0,7,0,0,96,1,97,0,2,101,1,104,130,0,130,234
10/22/2006,BVY,MA,ANE,EN,Federal Contract Tower,0,0,10,0,10,0,0,138,0,138,0,0,148,0,148,94,0,94,242
10/23/2006,BVY,MA,ANE,EN,Federal Contract Tower,0,2,7,0,9,0,0,26,0,26,0,2,33,0,35,28,0,28,63
10/24/2006,BVY,MA,ANE,EN,Federal Contract Tower,0,0,7,0,7,0,0,76,0,76,0,0,83,0,83,68,0,68,151
10/25/2006,BVY,MA,ANE,EN,Federal Contract Tower,0,2,12,0,14,0,0,103,0,103,0,2,115,0,117,128,0,128,245
10/26/2006,BVY,MA,ANE,EN,Federal Contract Tower,0,3,11,2,16,0,1,143,4,148,0,4,154,6,164,164,0,164,328
10/27/2006,BVY,MA,ANE,EN,Federal Contract Tower,0,3,4,0,7,0,2,153,2,157,0,5,157,2,164,180,0,180,344
10/28/2006,BVY,MA,ANE,EN,Federal Contract Tower,0,0,2,0,2,0,0,0,0,0,0,0,2,0,2,0,0,0,2
10/29/2006,BVY,MA,ANE,EN,Federal Contract Tower,0,0,2,0,2,0,0,2,0,2,0,0,4,0,4,0,0,0,4
10/30/2006,BVY,MA,ANE,EN,Federal Contract Tower,0,2,9,0,11,0,2,70,7,79,0,4,79,7,90,76,0,76,166
10/31/2006,BVY,MA,ANE,EN,Federal Contract Tower,0,2,16,0,18,0,2,123,1,126,0,4,139,1,144,172,0,172,316
11/01/2006,BVY,MA,ANE,EN,Federal Contract Tower,0,1,6,1,8,0,0,115,1,116,0,1,121,2,124,148,0,148,272
11/02/2006,BVY,MA,ANE,EN,Federal Contract Tower,0,0,6,0,6,0,0,34,0,34,0,0,40,0,40,24,0,24,64
11/03/2006,BVY,MA,ANE,EN,Federal Contract Tower,0,3,12,0,15,0,1,125,3,129,0,4,137,3,144,220,0,220,364
11/04/2006,BVY,MA,ANE,EN,Federal Contract Tower,0,2,12,0,14,0,0,139,0,139,0,2,151,0,153,184,0,184,337
11/05/2006,BVY,MA,ANE,EN,Federal Contract Tower,0,3,8,0,11,0,0,121,2,123,0,3,129,2,134,230,0,230,364
11/06/2006,BVY,MA,ANE,EN,Federal Contract Tower,0,4,6,0,10,0,0,88,0,88,0,4,94,0,98,148,0,148,246
11/07/2006,BVY,MA,ANE,EN,Federal Contract Tower,0,0,9,1,10,0,0,106,2,108,0,0,115,3,118,212,0,212,330
11/08/2006,BVY,MA,ANE,EN,Federal Contract Tower,0,1,0,0,1,0,0,0,0,0,0,1,0,0,1,0,0,0,1
11/09/2006,BVY,MA,ANE,EN,Federal Contract Tower,0,5,12,0,17,0,0,51,0,51,0,5,63,0,68,52,0,52,120
11/10/2006,BVY,MA,ANE,EN,Federal Contract Tower,0,4,5,1,10,0,0,125,1,126,0,4,130,2,136,134,0,134,270
11/11/2006,BVY,MA,ANE,EN,Federal Contract Tower,0,2,17,0,19,0,0,167,0,167,0,2,184,0,186,248,0,248,434
11/12/2006,BVY,MA,ANE,EN,Federal Contract Tower,0,1,1,0,2,0,0,0,0,0,0,1,1,0,2,0,0,0,2
11/13/2006,BVY,MA,ANE,EN,Federal Contract Tower,0,1,0,0,1,0,0,0,0,0,0,1,0,0,1,0,0,0,1
11/14/2006,BVY,MA,ANE,EN,Federal Contract Tower,0,4,3,0,7,0,0,8,0,8,0,4,11,0,15,0,0,0,15
11/15/2006,BVY,MA,ANE,EN,Federal Contract Tower,0,6,10,0,16,0,0,52,3,55,0,6,62,3,71,104,2,106,177
11/16/2006,BVY,MA,ANE,EN,Federal Contract Tower,0,0,2,0,2,0,0,6,0,6,0,0,8,0,8,0,0,0,8
11/17/2006,BVY,MA,ANE,EN,Federal Contract Tower,0,9,7,0,16,0,0,70,9,79,0,9,77,9,95,104,0,104,199
11/18/2006,BVY,MA,ANE,EN,Federal Contract Tower,0,1,13,0,14,0,0,134,0,134,0,1,147,0,148,210,0,210,358
11/19/2006,BVY,MA,ANE,EN,Federal Contract Tower,0,3,8,2,13,0,0,110,2,112,0,3,118,4,125,0,192,192,317
11/20/2006,BVY,MA,ANE,EN,Federal Contract Tower,0,2,8,0,10,0,3,84,3,90,0,5,92,3,100,110,0,110,210
11/21/2006,BVY,MA,ANE,EN,Federal Contract Tower,0,2,10,1,13,0,0,101,2,103,0,2,111,3,116,128,0,128,244
11/22/2006,BVY,MA,ANE,EN,Federal Contract Tower,0,1,34,0,35,0,0,147,29,176,0,1,181,29,211,58,0,58,269
11/23/2006,BVY,MA,ANE,EN,Federal Contract Tower,0,0,0,0,0,0,0,0,0,0,0,0,0,0,0,0,0,0,0
11/24/2006,BVY,MA,ANE,EN,Federal Contract Tower,0,2,8,0,10,0,0,134,10,144,0,2,142,10,154,146,0,146,300
11/25/2006,BVY,MA,ANE,EN,Federal Contract Tower,0,4,13,0,17,0,0,133,0,133,0,4,146,0,150,174,0,174,324
11/26/2006,BVY,MA,ANE,EN,Federal Contract Tower,0,0,13,0,13,0,2,168,0,170,0,2,181,0,183,184,0,184,367
11/27/2006,BVY,MA,ANE,EN,Federal Contract Tower,0,2,7,0,9,0,0,108,2,110,0,2,115,2,119,134,0,134,253
11/28/2006,BVY,MA,ANE,EN,Federal Contract Tower,0,0,9,2,11,0,0,0,0,0,0,0,9,2,11,0,0,0,11
11/29/2006,BVY,MA,ANE,EN,Federal Contract Tower,0,1,4,0,5,0,0,0,0,0,0,1,4,0,5,0,0,0,5
11/30/2006,BVY,MA,ANE,EN,Federal Contract Tower,0,2,7,1,10,0,1,62,0,63,0,3,69,1,73,48,0,48,121
12/01/2006,BVY,MA,ANE,EN,Federal Contract Tower,0,1,5,0,6,0,0,9,0,9,0,1,14,0,15,30,0,30,45
12/02/2006,BVY,MA,ANE,EN,Federal Contract Tower,0,0,8,0,8,0,0,56,0,56,0,0,64,0,64,68,0,68,132
12/03/2006,BVY,MA,ANE,EN,Federal Contract Tower,0,5,12,0,17,0,0,177,2,179,0,5,189,2,196,198,0,198,394
12/04/2006,BVY,MA,ANE,EN,Federal Contract Tower,0,1,3,0,4,0,0,29,0,29,0,1,32,0,33,24,0,24,57
12/05/2006,BVY,MA,ANE,EN,Federal Contract Tower,0,3,6,0,9,0,0,87,0,87,0,3,93,0,96,186,0,186,282
12/06/2006,BVY,MA,ANE,EN,Federal Contract Tower,0,5,12,0,17,0,0,113,0,113,0,5,125,0,130,82,0,82,212
12/07/2006,BVY,MA,ANE,EN,Federal Contract Tower,0,5,11,0,16,0,0,103,2,105,0,5,114,2,121,250,0,250,371
12/08/2006,BVY,MA,ANE,EN,Federal Contract Tower,0,0,8,0,8,0,0,22,0,22,0,0,30,0,30,6,0,6,36
12/09/2006,BVY,MA,ANE,EN,Federal Contract Tower,0,0,12,0,12,0,0,125,0,125,0,0,137,0,137,169,0,169,306
12/10/2006,BVY,MA,ANE,EN,Federal Contract Tower,0,4,14,0,18,0,0,129,0,129,0,4,143,0,147,154,0,154,301
12/11/2006,BVY,MA,ANE,EN,Federal Contract Tower,0,0,7,0,7,0,1,84,1,86,0,1,91,1,93,98,0,98,191
12/12/2006,BVY,MA,ANE,EN,Federal Contract Tower,0,1,15,0,16,0,0,88,2,90,0,1,103,2,106,212,0,212,318
12/13/2006,BVY,MA,ANE,EN,Federal Contract Tower,0,3,7,0,10,0,0,26,2,28,0,3,33,2,38,18,0,18,56
12/14/2006,BVY,MA,ANE,EN,Federal Contract Tower,0,3,12,0,15,0,0,98,0,98,0,3,110,0,113,110,0,110,223
12/15/2006,BVY,MA,ANE,EN,Federal Contract Tower,0,1,14,0,15,0,0,23,0,23,0,1,37,0,38,2,0,2,40
12/16/2006,BVY,MA,ANE,EN,Federal Contract Tower,0,0,13,0,13,0,0,132,1,133,0,0,145,1,146,154,0,154,300
12/17/2006,BVY,MA,ANE,EN,Federal Contract Tower,0,1,9,0,10,0,0,118,0,118,0,1,127,0,128,126,0,126,254
12/18/2006,BVY,MA,ANE,EN,Federal Contract Tower,0,3,2,0,5,0,0,74,0,74,0,3,76,0,79,76,0,76,155
12/19/2006,BVY,MA,ANE,EN,Federal Contract Tower,0,1,13,0,14,0,0,94,1,95,0,1,107,1,109,88,0,88,197
12/20/2006,BVY,MA,ANE,EN,Federal Contract Tower,0,2,4,0,6,0,0,124,0,124,0,2,128,0,130,172,0,172,302
12/21/2006,BVY,MA,ANE,EN,Federal Contract Tower,0,0,7,0,7,0,0,80,4,84,0,0,87,4,91,72,0,72,163
12/22/2006,BVY,MA,ANE,EN,Federal Contract Tower,0,2,8,0,10,0,0,106,5,111,0,2,114,5,121,118,0,118,239
12/23/2006,BVY,MA,ANE,EN,Federal Contract Tower,0,0,7,0,7,0,0,0,0,0,0,0,7,0,7,0,0,0,7
12/24/2006,BVY,MA,ANE,EN,Federal Contract Tower,0,2,7,0,9,0,0,61,0,61,0,2,68,0,70,34,0,34,104
12/25/2006,BVY,MA,ANE,EN,Federal Contract Tower,0,0,0,0,0,0,0,20,0,20,0,0,20,0,20,10,0,10,30
12/26/2006,BVY,MA,ANE,EN,Federal Contract Tower,0,0,3,0,3,0,0,0,0,0,0,0,3,0,3,0,0,0,3
12/27/2006,BVY,MA,ANE,EN,Federal Contract Tower,0,2,2,0,4,0,0,92,1,93,0,2,94,1,97,92,0,92,189
12/28/2006,BVY,MA,ANE,EN,Federal Contract Tower,0,0,6,0,6,0,0,129,0,129,0,0,135,0,135,102,0,102,237
12/29/2006,BVY,MA,ANE,EN,Federal Contract Tower,0,0,5,0,5,0,0,128,4,132,0,0,133,4,137,194,0,194,331
12/30/2006,BVY,MA,ANE,EN,Federal Contract Tower,0,4,6,0,10,0,4,74,0,78,0,8,80,0,88,144,0,144,232
12/31/2006,BVY,MA,ANE,EN,Federal Contract Tower,0,2,0,0,2,0,0,0,103,103,0,2,0,103,105,98,2,100,205
01/01/2007,BVY,MA,ANE,EN,Federal Contract Tower,0,0,1,0,1,0,0,0,0,0,0,0,1,0,1,0,0,0,1
01/02/2007,BVY,MA,ANE,EN,Federal Contract Tower,0,0,2,0,2,0,0,61,0,61,0,0,63,0,63,28,0,28,91
01/03/2007,BVY,MA,ANE,EN,Federal Contract Tower,0,0,3,0,3,0,0,102,0,102,0,0,105,0,105,84,0,84,189
01/04/2007,BVY,MA,ANE,EN,Federal Contract Tower,0,2,12,0,14,0,0,126,6,132,0,2,138,6,146,180,0,180,326
01/05/2007,BVY,MA,ANE,EN,Federal Contract Tower,0,0,9,0,9,0,0,74,0,74,0,0,83,0,83,70,0,70,153
01/06/2007,BVY,MA,ANE,EN,Federal Contract Tower,0,1,5,0,6,0,0,38,0,38,0,1,43,0,44,40,0,40,84
01/07/2007,BVY,MA,ANE,EN,Federal Contract Tower,0,1,8,0,9,0,0,142,0,142,0,1,150,0,151,202,0,202,353
01/08/2007,BVY,MA,ANE,EN,Federal Contract Tower,0,0,4,0,4,0,0,3,0,3,0,0,7,0,7,0,0,0,7
01/09/2007,BVY,MA,ANE,EN,Federal Contract Tower,0,2,6,0,8,0,0,75,1,76,0,2,81,1,84,86,0,86,170
01/10/2007,BVY,MA,ANE,EN,Federal Contract Tower,0,1,6,0,7,0,0,93,1,94,0,1,99,1,101,12,0,12,113
01/11/2007,BVY,MA,ANE,EN,Federal Contract Tower,0,1,8,0,9,0,0,112,0,112,0,1,120,0,121,166,0,166,287
01/12/2007,BVY,MA,ANE,EN,Federal Contract Tower,0,4,6,0,10,0,2,125,4,131,0,6,131,4,141,130,2,132,273
01/13/2007,BVY,MA,ANE,EN,Federal Contract Tower,0,0,22,0,22,0,0,56,1,57,0,0,78,1,79,98,0,98,177
01/14/2007,BVY,MA,ANE,EN,Federal Contract Tower,0,0,1,0,1,0,0,0,0,0,0,0,1,0,1,0,0,0,1
01/15/2007,BVY,MA,ANE,EN,Federal Contract Tower,0,0,1,0,1,0,0,0,0,0,0,0,1,0,1,0,0,0,1
01/16/2007,BVY,MA,ANE,EN,Federal Contract Tower,0,6,3,0,9,0,0,28,0,28,0,6,31,0,37,30,0,30,67
01/17/2007,BVY,MA,ANE,EN,Federal Contract Tower,0,1,5,0,6,0,0,76,0,76,0,1,81,0,82,80,0,80,162
01/18/2007,BVY,MA,ANE,EN,Federal Contract Tower,0,2,6,0,8,0,0,84,0,84,0,2,90,0,92,78,0,78,170
01/19/2007,BVY,MA,ANE,EN,Federal Contract Tower,0,2,10,0,12,0,0,35,0,35,0,2,45,0,47,0,0,0,47
01/20/2007,BVY,MA,ANE,EN,Federal Contract Tower,0,0,0,0,0,0,0,28,0,28,0,0,28,0,28,20,0,20,48
01/21/2007,BVY,MA,ANE,EN,Federal Contract Tower,0,2,6,0,8,0,0,96,0,96,0,2,102,0,104,174,0,174,278
01/22/2007,BVY,MA,ANE,EN,Federal Contract Tower,0,2,3,0,5,0,0,40,5,45,0,2,43,5,50,56,0,56,106
01/23/2007,BVY,MA,ANE,EN,Federal Contract Tower,0,0,7,0,7,0,0,34,2,36,0,0,41,2,43,36,0,36,79
01/24/2007,BVY,MA,ANE,EN,Federal Contract Tower,0,2,3,0,5,0,0,92,0,92,0,2,95,0,97,114,0,114,211
01/25/2007,BVY,MA,ANE,EN,Federal Contract Tower,0,2,10,0,12,0,0,94,0,94,0,2,104,0,106,106,0,106,212
01/26/2007,BVY,MA,ANE,EN,Federal Contract Tower,0,4,9,0,13,0,0,91,0,91,0,4,100,0,104,82,0,82,186
01/27/2007,BVY,MA,ANE,EN,Federal Contract Tower,0,1,14,2,17,0,0,98,0,98,0,1,112,2,115,122,0,122,237
01/28/2007,BVY,MA,ANE,EN,Federal Contract Tower,0,2,9,0,11,0,0,120,0,120,0,2,129,0,131,200,0,200,331
01/29/2007,BVY,MA,ANE,EN,Federal Contract Tower,0,1,5,0,6,0,2,43,0,45,0,3,48,0,51,24,0,24,75
01/30/2007,BVY,MA,ANE,EN,Federal Contract Tower,0,2,10,0,12,0,0,53,0,53,0,2,63,0,65,78,0,78,143
01/31/2007,BVY,MA,ANE,EN,Federal Contract Tower,0,4,7,0,11,0,0,105,0,105,0,4,112,0,116,132,0,132,248
02/01/2007,BVY,MA,ANE,EN,Federal Contract Tower,0,0,10,0,10,0,0,70,1,71,0,0,80,1,81,112,4,116,197
02/02/2007,BVY,MA,ANE,EN,Federal Contract Tower,0,4,11,0,15,0,2,44,0,46,0,6,55,0,61,60,0,60,121
02/03/2007,BVY,MA,ANE,EN,Federal Contract Tower,0,1,5,0,6,0,0,78,0,78,0,1,83,0,84,58,0,58,142
02/04/2007,BVY,MA,ANE,EN,Federal Contract Tower,0,3,5,0,8,0,0,84,0,84,0,3,89,0,92,84,0,84,176
02/05/2007,BVY,MA,ANE,EN,Federal Contract Tower,0,2,4,0,6,0,1,27,1,29,0,3,31,1,35,0,0,0,35
02/06/2007,BVY,MA,ANE,EN,Federal Contract Tower,0,2,10,0,12,0,0,52,1,53,0,2,62,1,65,44,0,44,109
02/07/2007,BVY,MA,ANE,EN,Federal Contract Tower,0,4,8,0,12,0,0,81,0,81,0,4,89,0,93,108,0,108,201
02/08/2007,BVY,MA,ANE,EN,Federal Contract Tower,0,3,6,0,9,0,0,64,0,64,0,3,70,0,73,30,0,30,103
02/09/2007,BVY,MA,ANE,EN,Federal Contract Tower,0,1,3,0,4,0,0,81,0,81,0,1,84,0,85,26,0,26,111
02/10/2007,BVY,MA,ANE,EN,Federal Contract Tower,0,5,11,0,16,0,0,110,0,110,0,5,121,0,126,118,0,118,244
02/11/2007,BVY,MA,ANE,EN,Federal Contract Tower,0,2,8,0,10,0,1,122,0,123,0,3,130,0,133,140,0,140,273
02/12/2007,BVY,MA,ANE,EN,Federal Contract Tower,0,3,4,0,7,0,0,72,0,72,0,3,76,0,79,88,0,88,167
02/13/2007,BVY,MA,ANE,EN,Federal Contract Tower,0,5,8,0,13,0,0,61,2,63,0,5,69,2,76,100,0,100,176
02/14/2007,BVY,MA,ANE,EN,Federal Contract Tower,0,0,0,0,0,0,0,0,0,0,0,0,0,0,0,0,0,0,0
02/15/2007,BVY,MA,ANE,EN,Federal Contract Tower,0,0,2,0,2,0,0,18,0,18,0,0,20,0,20,0,0,0,20
02/16/2007,BVY,MA,ANE,EN,Federal Contract Tower,0,4,5,0,9,0,0,12,5,17,0,4,17,5,26,12,0,12,38
02/17/2007,BVY,MA,ANE,EN,Federal Contract Tower,0,0,3,0,3,0,0,59,0,59,0,0,62,0,62,76,0,76,138
02/18/2007,BVY,MA,ANE,EN,Federal Contract Tower,0,0,2,0,2,0,0,50,1,51,0,0,52,1,53,176,0,176,229
02/19/2007,BVY,MA,ANE,EN,Federal Contract Tower,0,5,5,0,10,0,0,30,2,32,0,5,35,2,42,4,0,4,46
02/20/2007,BVY,MA,ANE,EN,Federal Contract Tower,0,6,3,0,9,0,0,72,0,72,0,6,75,0,81,138,0,138,219
02/21/2007,BVY,MA,ANE,EN,Federal Contract Tower,0,2,3,0,5,0,0,84,1,85,0,2,87,1,90,74,0,74,164
02/22/2007,BVY,MA,ANE,EN,Federal Contract Tower,0,4,4,0,8,0,0,46,0,46,0,4,50,0,54,38,0,38,92
02/23/2007,BVY,MA,ANE,EN,Federal Contract Tower,0,2,2,0,4,0,0,35,0,35,0,2,37,0,39,28,0,28,67
02/24/2007,BVY,MA,ANE,EN,Federal Contract Tower,0,1,13,1,15,0,0,54,3,57,0,1,67,4,72,96,0,96,168
02/25/2007,BVY,MA,ANE,EN,Federal Contract Tower,0,2,8,0,10,0,0,121,2,123,0,2,129,2,133,178,0,178,311
02/26/2007,BVY,MA,ANE,EN,Federal Contract Tower,0,3,2,0,5,0,0,4,0,4,0,3,6,0,9,0,0,0,9
02/27/2007,BVY,MA,ANE,EN,Federal Contract Tower,0,1,10,0,11,0,0,76,0,76,0,1,86,0,87,120,0,120,207
02/28/2007,BVY,MA,ANE,EN,Federal Contract Tower,0,5,7,0,12,0,1,87,1,89,0,6,94,1,101,122,0,122,223
03/01/2007,BVY,MA,ANE,EN,Federal Contract Tower,0,3,6,0,9,0,0,97,0,97,0,3,103,0,106,118,0,118,224
03/02/2007,BVY,MA,ANE,EN,Federal Contract Tower,0,0,2,0,2,0,0,0,0,0,0,0,2,0,2,0,0,0,2
03/03/2007,BVY,MA,ANE,EN,Federal Contract Tower,0,2,9,0,11,0,0,100,4,104,0,2,109,4,115,136,0,136,251
03/04/2007,BVY,MA,ANE,EN,Federal Contract Tower,0,1,12,0,13,0,0,70,1,71,0,1,82,1,84,182,0,182,266
03/05/2007,BVY,MA,ANE,EN,Federal Contract Tower,0,1,3,0,4,0,0,44,2,46,0,1,47,2,50,70,0,70,120
03/06/2007,BVY,MA,ANE,EN,Federal Contract Tower,0,0,4,0,4,0,0,7,0,7,0,0,11,0,11,0,0,0,11
03/07/2007,BVY,MA,ANE,EN,Federal Contract Tower,0,0,3,0,3,0,0,58,0,58,0,0,61,0,61,92,0,92,153
03/08/2007,BVY,MA,ANE,EN,Federal Contract Tower,0,4,11,1,16,0,1,61,4,66,0,5,72,5,82,58,2,60,142
03/09/2007,BVY,MA,ANE,EN,Federal Contract Tower,0,5,8,0,13,0,2,90,0,92,0,7,98,0,105,98,0,98,203
03/10/2007,BVY,MA,ANE,EN,Federal Contract Tower,0,2,9,0,11,0,0,98,0,98,0,2,107,0,109,136,0,136,245
03/11/2007,BVY,MA,ANE,EN,Federal Contract Tower,0,1,13,0,14,0,0,117,1,118,0,1,130,1,132,116,0,116,248
03/12/2007,BVY,MA,ANE,EN,Federal Contract Tower,0,1,7,0,8,0,0,98,0,98,0,1,105,0,106,132,0,132,238
03/13/2007,BVY,MA,ANE,EN,Federal Contract Tower,0,7,13,0,20,0,0,111,0,111,0,7,124,0,131,162,0,162,293
03/14/2007,BVY,MA,ANE,EN,Federal Contract Tower,0,1,6,0,7,0,1,79,0,80,0,2,85,0,87,46,0,46,133
03/15/2007,BVY,MA,ANE,EN,Federal Contract Tower,0,4,9,0,13,0,0,7,0,7,0,4,16,0,20,0,0,0,20
03/16/2007,BVY,MA,ANE,EN,Federal Contract Tower,0,2,1,0,3,0,0,4,2,6,0,2,5,2,9,0,0,0,9
03/17/2007,BVY,MA,ANE,EN,Federal Contract Tower,0,0,4,0,4,0,0,0,0,0,0,0,4,0,4,0,0,0,4
03/18/2007,BVY,MA,ANE,EN,Federal Contract Tower,0,2,5,0,7,0,0,60,1,61,0,2,65,1,68,86,0,86,154
03/19/2007,BVY,MA,ANE,EN,Federal Contract Tower,0,4,6,0,10,0,2,62,3,67,0,6,68,3,77,34,0,34,111
03/20/2007,BVY,MA,ANE,EN,Federal Contract Tower,0,3,8,0,11,0,0,42,0,42,0,3,50,0,53,2,0,2,55
03/21/2007,BVY,MA,ANE,EN,Federal Contract Tower,0,3,5,0,8,0,0,103,0,103,0,3,108,0,111,130,0,130,241
03/22/2007,BVY,MA,ANE,EN,Federal Contract Tower,0,0,9,0,9,0,0,39,0,39,0,0,48,0,48,14,0,14,62
03/23/2007,BVY,MA,ANE,EN,Federal Contract Tower,0,4,5,0,9,0,0,98,4,102,0,4,103,4,111,104,0,104,215
03/24/2007,BVY,MA,ANE,EN,Federal Contract Tower,0,1,16,0,17,0,0,114,3,117,0,1,130,3,134,156,0,156,290
03/25/2007,BVY,MA,ANE,EN,Federal Contract Tower,0,6,3,0,9,0,0,66,0,66,0,6,69,0,75,90,0,90,165
03/26/2007,BVY,MA,ANE,EN,Federal Contract Tower,0,0,9,0,9,0,1,64,0,65,0,1,73,0,74,66,0,66,140
03/27/2007,BVY,MA,ANE,EN,Federal Contract Tower,0,4,12,0,16,0,0,57,0,57,0,4,69,0,73,100,0,100,173
03/28/2007,BVY,MA,ANE,EN,Federal Contract Tower,0,5,5,0,10,0,0,53,2,55,0,5,58,2,65,66,0,66,131
03/29/2007,BVY,MA,ANE,EN,Federal Contract Tower,0,0,9,0,9,0,0,54,0,54,0,0,63,0,63,24,0,24,87
03/30/2007,BVY,MA,ANE,EN,Federal Contract Tower,0,6,9,0,15,0,0,104,0,104,0,6,113,0,119,106,0,106,225
03/31/2007,BVY,MA,ANE,EN,Federal Contract Tower,0,1,13,0,14,0,0,183,0,183,0,1,196,0,197,224,0,224,421
04/01/2007,BVY,MA,ANE,EN,Federal Contract Tower,0,1,12,0,13,0,0,144,0,144,0,1,156,0,157,168,0,168,325
04/02/2007,BVY,MA,ANE,EN,Federal Contract Tower,0,4,6,0,10,0,0,0,0,0,0,4,6,0,10,0,0,0,10
04/03/2007,BVY,MA,ANE,EN,Federal Contract Tower,0,3,8,0,11,0,0,9,0,9,0,3,17,0,20,0,0,0,20
04/04/2007,BVY,MA,ANE,EN,Federal Contract Tower,0,3,3,0,6,0,0,7,1,8,0,3,10,1,14,20,0,20,34
04/05/2007,BVY,MA,ANE,EN,Federal Contract Tower,0,0,17,0,17,0,0,33,0,33,0,0,50,0,50,0,0,0,50
04/06/2007,BVY,MA,ANE,EN,Federal Contract Tower,0,1,3,2,6,0,3,97,1,101,0,4,100,3,107,146,0,146,253
04/07/2007,BVY,MA,ANE,EN,Federal Contract Tower,0,0,10,0,10,0,0,116,2,118,0,0,126,2,128,194,2,196,324
04/08/2007,BVY,MA,ANE,EN,Federal Contract Tower,0,2,3,0,5,0,0,40,1,41,0,2,43,1,46,20,0,20,66
04/09/2007,BVY,MA,ANE,EN,Federal Contract Tower,0,7,11,0,18,0,0,61,0,61,0,7,72,0,79,40,0,40,119
04/10/2007,BVY,MA,ANE,EN,Federal Contract Tower,0,7,7,0,14,0,0,93,1,94,0,7,100,1,108,70,0,70,178
04/11/2007,BVY,MA,ANE,EN,Federal Contract Tower,0,1,11,0,12,0,0,105,2,107,0,1,116,2,119,118,0,118,237
04/12/2007,BVY,MA,ANE,EN,Federal Contract Tower,0,2,9,0,11,0,0,5,0,5,0,2,14,0,16,2,0,2,18
04/13/2007,BVY,MA,ANE,EN,Federal Contract Tower,0,6,10,0,16,0,0,51,2,53,0,6,61,2,69,42,0,42,111
04/14/2007,BVY,MA,ANE,EN,Federal Contract Tower,0,1,7,0,8,0,1,135,2,138,0,2,142,2,146,214,0,214,360
04/15/2007,BVY,MA,ANE,EN,Federal Contract Tower,0,1,3,1,5,0,2,1,0,3,0,3,4,1,8,2,0,2,10
04/16/2007,BVY,MA,ANE,EN,Federal Contract Tower,0,0,5,0,5,0,0,0,0,0,0,0,5,0,5,0,0,0,5
04/17/2007,BVY,MA,ANE,EN,Federal Contract Tower,0,0,1,0,1,0,0,2,0,2,0,0,3,0,3,0,0,0,3
04/18/2007,BVY,MA,ANE,EN,Federal Contract Tower,0,0,4,2,6,0,0,1,0,1,0,0,5,2,7,8,0,8,15
04/19/2007,BVY,MA,ANE,EN,Federal Contract Tower,0,0,11,0,11,0,0,42,5,47,0,0,53,5,58,30,0,30,88
04/20/2007,BVY,MA,ANE,EN,Federal Contract Tower,0,0,13,0,13,0,0,129,1,130,0,0,142,1,143,116,0,116,259
04/21/2007,BVY,MA,ANE,EN,Federal Contract Tower,0,0,11,0,11,0,0,129,0,129,0,0,140,0,140,228,0,228,368
04/22/2007,BVY,MA,ANE,EN,Federal Contract Tower,0,1,21,0,22,0,0,133,0,133,0,1,154,0,155,114,0,114,269
04/23/2007,BVY,MA,ANE,EN,Federal Contract Tower,0,6,10,0,16,0,1,86,2,89,0,7,96,2,105,36,0,36,141
04/24/2007,BVY,MA,ANE,EN,Federal Contract Tower,0,5,13,0,18,0,2,105,2,109,0,7,118,2,127,98,0,98,225
04/25/2007,BVY,MA,ANE,EN,Federal Contract Tower,0,2,7,0,9,0,1,74,1,76,0,3,81,1,85,96,0,96,181
04/26/2007,BVY,MA,ANE,EN,Federal Contract Tower,0,2,8,0,10,0,0,80,4,84,0,2,88,4,94,116,0,116,210
04/27/2007,BVY,MA,ANE,EN,Federal Contract Tower,0,0,1,0,1,0,0,0,0,0,0,0,1,0,1,0,0,0,1
04/28/2007,BVY,MA,ANE,EN,Federal Contract Tower,0,2,19,0,21,0,0,10,0,10,0,2,29,0,31,30,0,30,61
04/29/2007,BVY,MA,ANE,EN,Federal Contract Tower,0,1,15,1,17,0,0,0,0,0,0,1,15,1,17,0,0,0,17
04/30/2007,BVY,MA,ANE,EN,Federal Contract Tower,0,4,18,0,22,0,1,36,0,37,0,5,54,0,59,18,0,18,77
05/01/2007,BVY,MA,ANE,EN,Federal Contract Tower,0,4,14,0,18,0,2,105,6,113,0,6,119,6,131,98,0,98,229
05/02/2007,BVY,MA,ANE,EN,Federal Contract Tower,0,3,15,0,18,0,0,64,0,64,0,3,79,0,82,86,0,86,168
05/03/2007,BVY,MA,ANE,EN,Federal Contract Tower,0,3,17,1,21,0,0,123,5,128,0,3,140,6,149,98,0,98,247
05/04/2007,BVY,MA,ANE,EN,Federal Contract Tower,0,1,10,0,11,0,0,120,0,120,0,1,130,0,131,48,0,48,179
05/05/2007,BVY,MA,ANE,EN,Federal Contract Tower,0,0,10,0,10,0,0,123,0,123,0,0,133,0,133,168,0,168,301
05/06/2007,BVY,MA,ANE,EN,Federal Contract Tower,0,8,17,0,25,0,0,113,0,113,0,8,130,0,138,84,0,84,222
05/07/2007,BVY,MA,ANE,EN,Federal Contract Tower,0,5,9,0,14,0,0,90,0,90,0,5,99,0,104,74,0,74,178
05/08/2007,BVY,MA,ANE,EN,Federal Contract Tower,0,5,16,0,21,0,3,132,1,136,0,8,148,1,157,96,0,96,253
05/09/2007,BVY,MA,ANE,EN,Federal Contract Tower,0,4,10,0,14,0,0,119,7,126,0,4,129,7,140,64,0,64,204
05/10/2007,BVY,MA,ANE,EN,Federal Contract Tower,0,0,15,0,15,0,2,112,0,114,0,2,127,0,129,154,0,154,283
05/11/2007,BVY,MA,ANE,EN,Federal Contract Tower,0,4,17,0,21,0,0,53,1,54,0,4,70,1,75,66,2,68,143
05/12/2007,BVY,MA,ANE,EN,Federal Contract Tower,0,2,8,0,10,0,0,127,0,127,0,2,135,0,137,178,0,178,315
05/13/2007,BVY,MA,ANE,EN,Federal Contract Tower,0,0,12,0,12,0,0,115,0,115,0,0,127,0,127,110,0,110,237
05/14/2007,BVY,MA,ANE,EN,Federal Contract Tower,0,2,11,0,13,0,0,93,0,93,0,2,104,0,106,52,0,52,158
05/15/2007,BVY,MA,ANE,EN,Federal Contract Tower,0,2,10,0,12,0,0,67,0,67,0,2,77,0,79,20,0,20,99
05/16/2007,BVY,MA,ANE,EN,Federal Contract Tower,0,3,17,0,20,0,0,18,0,18,0,3,35,0,38,24,0,24,62
05/17/2007,BVY,MA,ANE,EN,Federal Contract Tower,0,0,13,0,13,0,0,46,0,46,0,0,59,0,59,124,0,124,183
05/18/2007,BVY,MA,ANE,EN,Federal Contract Tower,0,0,7,0,7,0,0,0,0,0,0,0,7,0,7,0,0,0,7
05/19/2007,BVY,MA,ANE,EN,Federal Contract Tower,0,0,4,0,4,0,0,0,0,0,0,0,4,0,4,0,0,0,4
05/20/2007,BVY,MA,ANE,EN,Federal Contract Tower,0,0,8,0,8,0,0,0,0,0,0,0,8,0,8,0,0,0,8
05/21/2007,BVY,MA,ANE,EN,Federal Contract Tower,0,2,8,0,10,0,2,141,3,146,0,4,149,3,156,138,0,138,294
05/22/2007,BVY,MA,ANE,EN,Federal Contract Tower,0,5,18,0,23,0,0,143,0,143,0,5,161,0,166,88,0,88,254
05/23/2007,BVY,MA,ANE,EN,Federal Contract Tower,0,5,13,0,18,0,0,115,1,116,0,5,128,1,134,173,0,173,307
05/24/2007,BVY,MA,ANE,EN,Federal Contract Tower,0,2,17,0,19,0,0,117,0,117,0,2,134,0,136,88,0,88,224
05/25/2007,BVY,MA,ANE,EN,Federal Contract Tower,0,2,17,0,19,0,0,147,4,151,0,2,164,4,170,212,0,212,382
05/26/2007,BVY,MA,ANE,EN,Federal Contract Tower,0,0,10,0,10,0,2,167,0,169,0,2,177,0,179,204,0,204,383
05/27/2007,BVY,MA,ANE,EN,Federal Contract Tower,0,4,7,0,11,0,1,100,2,103,0,5,107,2,114,82,0,82,196
05/28/2007,BVY,MA,ANE,EN,Federal Contract Tower,0,5,17,0,22,0,0,79,2,81,0,5,96,2,103,102,0,102,205
05/29/2007,BVY,MA,ANE,EN,Federal Contract Tower,0,8,18,0,26,0,0,124,0,124,0,8,142,0,150,42,0,42,192
05/30/2007,BVY,MA,ANE,EN,Federal Contract Tower,0,4,11,0,15,0,3,115,0,118,0,7,126,0,133,156,0,156,289
05/31/2007,BVY,MA,ANE,EN,Federal Contract Tower,0,3,13,0,16,0,0,48,3,51,0,3,61,3,67,34,0,34,101
06/01/2007,BVY,MA,ANE,EN,Federal Contract Tower,0,2,13,0,15,0,0,91,0,91,0,2,104,0,106,118,0,118,224
06/02/2007,BVY,MA,ANE,EN,Federal Contract Tower,0,3,14,1,18,0,0,87,1,88,0,3,101,2,106,94,0,94,200
06/03/2007,BVY,MA,ANE,EN,Federal Contract Tower,0,2,6,0,8,0,0,0,0,0,0,2,6,0,8,2,0,2,10
06/04/2007,BVY,MA,ANE,EN,Federal Contract Tower,0,0,0,0,0,0,0,0,0,0,0,0,0,0,0,0,0,0,0
06/05/2007,BVY,MA,ANE,EN,Federal Contract Tower,0,3,2,0,5,0,1,58,0,59,0,4,60,0,64,90,0,90,154
06/06/2007,BVY,MA,ANE,EN,Federal Contract Tower,0,6,21,0,27,0,0,115,0,115,0,6,136,0,142,130,0,130,272
06/07/2007,BVY,MA,ANE,EN,Federal Contract Tower,0,4,23,0,27,0,0,163,0,163,0,4,186,0,190,152,0,152,342
06/08/2007,BVY,MA,ANE,EN,Federal Contract Tower,0,0,23,1,24,0,1,143,2,146,0,1,166,3,170,200,2,202,372
06/09/2007,BVY,MA,ANE,EN,Federal Contract Tower,0,0,5,0,5,0,0,0,0,0,0,0,5,0,5,0,0,0,5
06/10/2007,BVY,MA,ANE,EN,Federal Contract Tower,0,4,23,0,27,0,2,207,0,209,0,6,230,0,236,246,0,246,482
06/11/2007,BVY,MA,ANE,EN,Federal Contract Tower,0,2,4,0,6,0,0,114,1,115,0,2,118,1,121,166,0,166,287
06/12/2007,BVY,MA,ANE,EN,Federal Contract Tower,0,3,9,0,12,0,5,110,0,115,0,8,119,0,127,90,0,90,217
06/13/2007,BVY,MA,ANE,EN,Federal Contract Tower,0,2,18,0,20,0,0,7,2,9,0,2,25,2,29,8,0,8,37
06/14/2007,BVY,MA,ANE,EN,Federal Contract Tower,0,3,19,0,22,0,1,84,1,86,0,4,103,1,108,96,0,96,204
06/15/2007,BVY,MA,ANE,EN,Federal Contract Tower,0,4,13,1,18,0,0,110,1,111,0,4,123,2,129,80,0,80,209
06/16/2007,BVY,MA,ANE,EN,Federal Contract Tower,0,4,15,0,19,0,0,124,0,124,0,4,139,0,143,144,0,144,287
06/17/2007,BVY,MA,ANE,EN,Federal Contract Tower,0,4,10,0,14,0,0,116,0,116,0,4,126,0,130,118,0,118,248
06/18/2007,BVY,MA,ANE,EN,Federal Contract Tower,0,3,16,0,19,0,0,110,0,110,0,3,126,0,129,100,0,100,229
06/19/2007,BVY,MA,ANE,EN,Federal Contract Tower,0,5,6,0,11,0,0,140,1,141,0,5,146,1,152,144,0,144,296
06/20/2007,BVY,MA,ANE,EN,Federal Contract Tower,0,4,14,0,18,0,0,67,0,67,0,4,81,0,85,60,0,60,145
06/21/2007,BVY,MA,ANE,EN,Federal Contract Tower,0,3,18,0,21,0,1,108,2,111,0,4,126,2,132,112,0,112,244
06/22/2007,BVY,MA,ANE,EN,Federal Contract Tower,0,5,8,0,13,0,2,87,0,89,0,7,95,0,102,112,0,112,214
06/23/2007,BVY,MA,ANE,EN,Federal Contract Tower,0,5,8,1,14,0,0,81,1,82,0,5,89,2,96,68,0,68,164
06/24/2007,BVY,MA,ANE,EN,Federal Contract Tower,0,7,11,0,18,0,1,116,0,117,0,8,127,0,135,72,0,72,207
06/25/2007,BVY,MA,ANE,EN,Federal Contract Tower,0,3,5,0,8,0,4,65,0,69,0,7,70,0,77,42,0,42,119
06/26/2007,BVY,MA,ANE,EN,Federal Contract Tower,0,9,10,0,19,0,0,69,2,71,0,9,79,2,90,60,0,60,150
06/27/2007,BVY,MA,ANE,EN,Federal Contract Tower,0,1,8,0,9,0,0,98,0,98,0,1,106,0,107,90,0,90,197
06/28/2007,BVY,MA,ANE,EN,Federal Contract Tower,0,1,12,0,13,0,2,70,6,78,0,3,82,6,91,48,0,48,139
06/29/2007,BVY,MA,ANE,EN,Federal Contract Tower,0,5,22,0,27,0,0,135,0,135,0,5,157,0,162,178,0,178,340
06/30/2007,BVY,MA,ANE,EN,Federal Contract Tower,0,2,14,0,16,0,1,119,6,126,0,3,133,6,142,112,0,112,254
07/01/2007,BVY,MA,ANE,EN,Federal Contract Tower,0,7,15,0,22,0,0,127,0,127,0,7,142,0,149,110,0,110,259
07/02/2007,BVY,MA,ANE,EN,Federal Contract Tower,0,0,3,0,3,0,0,65,1,66,0,0,68,1,69,64,0,64,133
07/03/2007,BVY,MA,ANE,EN,Federal Contract Tower,0,1,18,0,19,0,0,190,17,207,0,1,208,17,226,146,0,146,372
07/04/2007,BVY,MA,ANE,EN,Federal Contract Tower,0,7,4,0,11,2,5,89,17,113,2,12,93,17,124,62,0,62,186
07/05/2007,BVY,MA,ANE,EN,Federal Contract Tower,0,2,14,0,16,0,0,30,0,30,0,2,44,0,46,22,0,22,68
07/06/2007,BVY,MA,ANE,EN,Federal Contract Tower,0,8,19,0,27,0,0,52,1,53,0,8,71,1,80,44,0,44,124
07/07/2007,BVY,MA,ANE,EN,Federal Contract Tower,0,3,11,0,14,0,3,120,0,123,0,6,131,0,137,150,0,150,287
07/08/2007,BVY,MA,ANE,EN,Federal Contract Tower,0,5,20,0,25,0,0,89,1,90,0,5,109,1,115,34,0,34,149
07/09/2007,BVY,MA,ANE,EN,Federal Contract Tower,0,4,8,0,12,0,0,22,0,22,0,4,30,0,34,12,0,12,46
07/10/2007,BVY,MA,ANE,EN,Federal Contract Tower,0,3,11,0,14,0,0,41,0,41,0,3,52,0,55,46,0,46,101
07/11/2007,BVY,MA,ANE,EN,Federal Contract Tower,0,2,18,0,20,0,0,75,0,75,0,2,93,0,95,60,0,60,155
07/12/2007,BVY,MA,ANE,EN,Federal Contract Tower,0,3,7,0,10,0,0,110,2,112,0,3,117,2,122,216,0,216,338
07/13/2007,BVY,MA,ANE,EN,Federal Contract Tower,0,2,17,0,19,0,1,118,0,119,0,3,135,0,138,136,0,136,274
07/14/2007,BVY,MA,ANE,EN,Federal Contract Tower,0,4,13,0,17,0,0,172,0,172,0,4,185,0,189,208,0,208,397
07/15/2007,BVY,MA,ANE,EN,Federal Contract Tower,0,4,11,0,15,0,0,88,1,89,0,4,99,1,104,72,0,72,176
07/16/2007,BVY,MA,ANE,EN,Federal Contract Tower,0,5,18,0,23,0,0,122,2,124,0,5,140,2,147,138,0,138,285
07/17/2007,BVY,MA,ANE,EN,Federal Contract Tower,0,4,6,0,10,0,0,116,11,127,0,4,122,11,137,212,0,212,349
07/18/2007,BVY,MA,ANE,EN,Federal Contract Tower,0,1,6,0,7,0,0,33,0,33,0,1,39,0,40,62,0,62,102
07/19/2007,BVY,MA,ANE,EN,Federal Contract Tower,0,5,17,0,22,0,0,1,0,1,0,5,18,0,23,0,0,0,23
07/20/2007,BVY,MA,ANE,EN,Federal Contract Tower,0,1,8,0,9,0,3,82,0,85,0,4,90,0,94,80,0,80,174
07/21/2007,BVY,MA,ANE,EN,Federal Contract Tower,0,7,20,0,27,0,0,130,0,130,0,7,150,0,157,74,0,74,231
07/22/2007,BVY,MA,ANE,EN,Federal Contract Tower,0,1,9,0,10,0,0,166,2,168,0,1,175,2,178,110,0,110,288
07/23/2007,BVY,MA,ANE,EN,Federal Contract Tower,0,0,3,0,3,0,0,9,0,9,0,0,12,0,12,0,0,0,12
07/24/2007,BVY,MA,ANE,EN,Federal Contract Tower,0,2,16,0,18,0,0,58,0,58,0,2,74,0,76,54,0,54,130
07/25/2007,BVY,MA,ANE,EN,Federal Contract Tower,0,3,11,0,14,0,0,96,0,96,0,3,107,0,110,118,0,118,228
07/26/2007,BVY,MA,ANE,EN,Federal Contract Tower,0,8,10,0,18,0,0,159,1,160,0,8,169,1,178,212,0,212,390
07/27/2007,BVY,MA,ANE,EN,Federal Contract Tower,0,4,15,0,19,0,0,128,0,128,0,4,143,0,147,140,0,140,287
07/28/2007,BVY,MA,ANE,EN,Federal Contract Tower,0,3,7,0,10,0,0,12,0,12,0,3,19,0,22,48,0,48,70
07/29/2007,BVY,MA,ANE,EN,Federal Contract Tower,0,5,18,0,23,0,0,94,1,95,0,5,112,1,118,38,0,38,156
07/30/2007,BVY,MA,ANE,EN,Federal Contract Tower,0,0,11,2,13,0,0,26,0,26,0,0,37,2,39,36,0,36,75
07/31/2007,BVY,MA,ANE,EN,Federal Contract Tower,0,4,22,0,26,0,0,80,0,80,0,4,102,0,106,96,0,96,202
08/01/2007,BVY,MA,ANE,EN,Federal Contract Tower,0,1,11,0,12,0,0,124,0,124,0,1,135,0,136,102,0,102,238
08/02/2007,BVY,MA,ANE,EN,Federal Contract Tower,0,2,11,0,13,0,1,128,1,130,0,3,139,1,143,136,0,136,279
08/03/2007,BVY,MA,ANE,EN,Federal Contract Tower,0,1,14,0,15,0,0,143,0,143,0,1,157,0,158,140,0,140,298
08/04/2007,BVY,MA,ANE,EN,Federal Contract Tower,0,1,7,0,8,0,1,123,0,124,0,2,130,0,132,154,0,154,286
08/05/2007,BVY,MA,ANE,EN,Federal Contract Tower,0,7,18,0,25,0,0,154,0,154,0,7,172,0,179,172,0,172,351
08/06/2007,BVY,MA,ANE,EN,Federal Contract Tower,0,4,12,0,16,0,0,66,0,66,0,4,78,0,82,82,0,82,164
08/07/2007,BVY,MA,ANE,EN,Federal Contract Tower,0,3,12,0,15,0,0,73,2,75,0,3,85,2,90,82,0,82,172
08/08/2007,BVY,MA,ANE,EN,Federal Contract Tower,0,5,8,0,13,0,1,36,0,37,0,6,44,0,50,30,0,30,80
08/09/2007,BVY,MA,ANE,EN,Federal Contract Tower,0,4,20,0,24,0,0,162,9,171,0,4,182,9,195,166,0,166,361
08/10/2007,BVY,MA,ANE,EN,Federal Contract Tower,0,0,9,0,9,0,1,94,1,96,0,1,103,1,105,120,0,120,225
08/11/2007,BVY,MA,ANE,EN,Federal Contract Tower,0,2,19,0,21,0,0,453,1,454,0,2,472,1,475,142,0,142,617
08/12/2007,BVY,MA,ANE,EN,Federal Contract Tower,0,2,21,0,23,0,0,142,0,142,0,2,163,0,165,156,0,156,321
08/13/2007,BVY,MA,ANE,EN,Federal Contract Tower,0,3,10,0,13,0,0,108,0,108,0,3,118,0,121,116,0,116,237
08/14/2007,BVY,MA,ANE,EN,Federal Contract Tower,0,4,8,0,12,0,0,143,1,144,0,4,151,1,156,86,0,86,242
08/15/2007,BVY,MA,ANE,EN,Federal Contract Tower,0,2,6,0,8,0,1,116,1,118,0,3,122,1,126,72,0,72,198
08/16/2007,BVY,MA,ANE,EN,Federal Contract Tower,0,3,9,0,12,0,0,116,0,116,0,3,125,0,128,96,0,96,224
08/17/2007,BVY,MA,ANE,EN,Federal Contract Tower,0,0,21,0,21,0,0,107,5,112,0,0,128,5,133,128,0,128,261
08/18/2007,BVY,MA,ANE,EN,Federal Contract Tower,0,1,11,0,12,0,0,88,6,94,0,1,99,6,106,114,0,114,220
08/19/2007,BVY,MA,ANE,EN,Federal Contract Tower,0,2,15,0,17,0,0,149,0,149,0,2,164,0,166,184,0,184,350
08/20/2007,BVY,MA,ANE,EN,Federal Contract Tower,0,1,19,1,21,0,0,100,2,102,0,1,119,3,123,74,0,74,197
08/21/2007,BVY,MA,ANE,EN,Federal Contract Tower,0,3,19,0,22,0,1,111,3,115,0,4,130,3,137,36,0,36,173
08/22/2007,BVY,MA,ANE,EN,Federal Contract Tower,0,0,10,0,10,0,0,89,0,89,0,0,99,0,99,92,0,92,191
08/23/2007,BVY,MA,ANE,EN,Federal Contract Tower,0,4,17,0,21,0,2,99,0,101,0,6,116,0,122,102,0,102,224
08/24/2007,BVY,MA,ANE,EN,Federal Contract Tower,0,10,11,0,21,0,1,86,0,87,0,11,97,0,108,64,0,64,172
08/25/2007,BVY,MA,ANE,EN,Federal Contract Tower,0,2,20,0,22,0,0,138,0,138,0,2,158,0,160,68,0,68,228
08/26/2007,BVY,MA,ANE,EN,Federal Contract Tower,0,5,6,0,11,0,0,111,0,111,0,5,117,0,122,100,0,100,222
08/27/2007,BVY,MA,ANE,EN,Federal Contract Tower,0,5,11,0,16,0,0,111,1,112,0,5,122,1,128,180,0,180,308
08/28/2007,BVY,MA,ANE,EN,Federal Contract Tower,0,2,10,2,14,0,0,113,1,114,0,2,123,3,128,96,0,96,224
08/29/2007,BVY,MA,ANE,EN,Federal Contract Tower,0,1,11,0,12,0,0,136,0,136,0,1,147,0,148,140,0,140,288
08/30/2007,BVY,MA,ANE,EN,Federal Contract Tower,0,4,14,0,18,0,0,109,2,111,0,4,123,2,129,94,0,94,223
08/31/2007,BVY,MA,ANE,EN,Federal Contract Tower,0,0,16,0,16,0,0,62,0,62,0,0,78,0,78,64,0,64,142
09/01/2007,BVY,MA,ANE,EN,Federal Contract Tower,0,0,8,0,8,0,0,110,0,110,0,0,118,0,118,78,0,78,196
09/02/2007,BVY,MA,ANE,EN,Federal Contract Tower,0,2,3,0,5,0,0,118,0,118,0,2,121,0,123,80,0,80,203
09/03/2007,BVY,MA,ANE,EN,Federal Contract Tower,0,2,10,0,12,0,0,94,0,94,0,2,104,0,106,28,0,28,134
09/04/2007,BVY,MA,ANE,EN,Federal Contract Tower,0,2,10,0,12,0,0,81,0,81,0,2,91,0,93,54,0,54,147
09/05/2007,BVY,MA,ANE,EN,Federal Contract Tower,0,2,7,0,9,0,1,110,2,113,0,3,117,2,122,82,0,82,204
09/06/2007,BVY,MA,ANE,EN,Federal Contract Tower,0,2,9,0,11,0,2,103,2,107,0,4,112,2,118,68,0,68,186
09/07/2007,BVY,MA,ANE,EN,Federal Contract Tower,0,6,17,0,23,0,1,126,2,129,0,7,143,2,152,122,0,122,274
09/08/2007,BVY,MA,ANE,EN,Federal Contract Tower,0,2,21,0,23,0,0,90,1,91,0,2,111,1,114,106,0,106,220
09/09/2007,BVY,MA,ANE,EN,Federal Contract Tower,0,3,9,0,12,0,1,12,0,13,0,4,21,0,25,14,0,14,39
09/10/2007,BVY,MA,ANE,EN,Federal Contract Tower,0,0,8,0,8,0,0,0,0,0,0,0,8,0,8,0,0,0,8
09/11/2007,BVY,MA,ANE,EN,Federal Contract Tower,0,1,3,0,4,0,0,0,0,0,0,1,3,0,4,0,0,0,4
09/12/2007,BVY,MA,ANE,EN,Federal Contract Tower,0,9,13,0,22,0,0,98,0,98,0,9,111,0,120,40,0,40,160
09/13/2007,BVY,MA,ANE,EN,Federal Contract Tower,0,8,13,0,21,0,0,121,0,121,0,8,134,0,142,166,0,166,308
09/14/2007,BVY,MA,ANE,EN,Federal Contract Tower,0,5,13,0,18,0,0,122,0,122,0,5,135,0,140,166,0,166,306
09/15/2007,BVY,MA,ANE,EN,Federal Contract Tower,0,1,15,0,16,0,0,44,0,44,0,1,59,0,60,40,0,40,100
09/16/2007,BVY,MA,ANE,EN,Federal Contract Tower,0,5,15,0,20,0,0,152,0,152,0,5,167,0,172,156,0,156,328
09/17/2007,BVY,MA,ANE,EN,Federal Contract Tower,0,0,7,0,7,0,0,87,0,87,0,0,94,0,94,156,0,156,250
09/18/2007,BVY,MA,ANE,EN,Federal Contract Tower,0,5,7,0,12,0,0,130,0,130,0,5,137,0,142,144,0,144,286
09/19/2007,BVY,MA,ANE,EN,Federal Contract Tower,0,2,18,0,20,0,0,72,0,72,0,2,90,0,92,100,0,100,192
09/20/2007,BVY,MA,ANE,EN,Federal Contract Tower,0,0,13,0,13,0,0,92,0,92,0,0,105,0,105,164,0,164,269
09/21/2007,BVY,MA,ANE,EN,Federal Contract Tower,0,2,19,0,21,0,0,153,0,153,0,2,172,0,174,158,0,158,332
09/22/2007,BVY,MA,ANE,EN,Federal Contract Tower,0,1,19,0,20,0,0,172,0,172,0,1,191,0,192,160,0,160,352
09/23/2007,BVY,MA,ANE,EN,Federal Contract Tower,0,5,21,0,26,0,2,220,0,222,0,7,241,0,248,188,0,188,436
09/24/2007,BVY,MA,ANE,EN,Federal Contract Tower,0,1,9,1,11,0,0,123,2,125,0,1,132,3,136,120,0,120,256
09/25/2007,BVY,MA,ANE,EN,Federal Contract Tower,0,2,9,1,12,0,0,132,1,133,0,2,141,2,145,146,0,146,291
09/26/2007,BVY,MA,ANE,EN,Federal Contract Tower,0,2,4,0,6,0,0,93,0,93,0,2,97,0,99,78,0,78,177
09/27/2007,BVY,MA,ANE,EN,Federal Contract Tower,0,0,9,0,9,0,0,79,0,79,0,0,88,0,88,54,0,54,142
09/28/2007,BVY,MA,ANE,EN,Federal Contract Tower,0,5,5,0,10,0,2,95,5,102,0,7,100,5,112,76,0,76,188
09/29/2007,BVY,MA,ANE,EN,Federal Contract Tower,0,1,5,0,6,0,1,134,0,135,0,2,139,0,141,202,0,202,343
09/30/2007,BVY,MA,ANE,EN,Federal Contract Tower,0,2,8,0,10,0,0,120,0,120,0,2,128,0,130,84,0,84,214
10/01/2007,BVY,MA,ANE,EN,Federal Contract Tower,0,2,9,0,11,0,0,86,0,86,0,2,95,0,97,134,0,134,231
10/02/2007,BVY,MA,ANE,EN,Federal Contract Tower,0,3,12,0,15,0,0,131,0,131,0,3,143,0,146,204,0,204,350
10/03/2007,BVY,MA,ANE,EN,Federal Contract Tower,0,1,7,0,8,0,0,15,0,15,0,1,22,0,23,2,0,2,25
10/04/2007,BVY,MA,ANE,EN,Federal Contract Tower,0,1,0,0,1,0,0,127,1,128,0,1,127,1,129,200,0,200,329
10/05/2007,BVY,MA,ANE,EN,Federal Contract Tower,0,5,15,0,20,0,0,99,0,99,0,5,114,0,119,106,0,106,225
10/06/2007,BVY,MA,ANE,EN,Federal Contract Tower,0,8,10,0,18,0,1,118,0,119,0,9,128,0,137,200,0,200,337
10/07/2007,BVY,MA,ANE,EN,Federal Contract Tower,0,6,8,0,14,0,0,55,0,55,0,6,63,0,69,38,0,38,107
10/08/2007,BVY,MA,ANE,EN,Federal Contract Tower,0,1,11,0,12,0,0,0,0,0,0,1,11,0,12,0,0,0,12
10/09/2007,BVY,MA,ANE,EN,Federal Contract Tower,0,4,14,0,18,0,0,117,0,117,0,4,131,0,135,168,0,168,303
10/10/2007,BVY,MA,ANE,EN,Federal Contract Tower,0,0,6,0,6,0,0,22,0,22,0,0,28,0,28,52,0,52,80
10/11/2007,BVY,MA,ANE,EN,Federal Contract Tower,0,5,14,0,19,0,0,3,0,3,0,5,17,0,22,12,0,12,34
10/12/2007,BVY,MA,ANE,EN,Federal Contract Tower,0,3,20,0,23,0,0,29,12,41,0,3,49,12,64,28,24,52,116
10/13/2007,BVY,MA,ANE,EN,Federal Contract Tower,0,6,4,0,10,0,0,147,0,147,0,6,151,0,157,196,0,196,353
10/14/2007,BVY,MA,ANE,EN,Federal Contract Tower,0,2,13,0,15,0,0,101,0,101,0,2,114,0,116,180,0,180,296
10/15/2007,BVY,MA,ANE,EN,Federal Contract Tower,0,1,4,0,5,0,1,99,0,100,0,2,103,0,105,30,0,30,135
10/16/2007,BVY,MA,ANE,EN,Federal Contract Tower,0,1,10,0,11,0,0,109,0,109,0,1,119,0,120,174,0,174,294
10/17/2007,BVY,MA,ANE,EN,Federal Contract Tower,0,4,7,0,11,0,2,139,2,143,0,6,146,2,154,160,0,160,314
10/18/2007,BVY,MA,ANE,EN,Federal Contract Tower,0,4,13,0,17,0,0,48,0,48,0,4,61,0,65,144,0,144,209
10/19/2007,BVY,MA,ANE,EN,Federal Contract Tower,0,3,10,0,13,0,0,0,0,0,0,3,10,0,13,0,0,0,13
10/20/2007,BVY,MA,ANE,EN,Federal Contract Tower,0,0,16,0,16,0,0,99,1,100,0,0,115,1,116,200,0,200,316
10/21/2007,BVY,MA,ANE,EN,Federal Contract Tower,0,3,11,0,14,0,0,152,0,152,0,3,163,0,166,258,0,258,424
10/22/2007,BVY,MA,ANE,EN,Federal Contract Tower,0,4,8,0,12,0,0,106,0,106,0,4,114,0,118,134,0,134,252
10/23/2007,BVY,MA,ANE,EN,Federal Contract Tower,0,2,12,0,14,0,0,28,0,28,0,2,40,0,42,24,0,24,66
10/24/2007,BVY,MA,ANE,EN,Federal Contract Tower,0,0,24,0,24,0,0,38,0,38,0,0,62,0,62,66,0,66,128
10/25/2007,BVY,MA,ANE,EN,Federal Contract Tower,0,0,15,0,15,0,0,109,0,109,0,0,124,0,124,128,0,128,252
10/26/2007,BVY,MA,ANE,EN,Federal Contract Tower,0,2,16,0,18,0,0,99,0,99,0,2,115,0,117,170,0,170,287
10/27/2007,BVY,MA,ANE,EN,Federal Contract Tower,0,0,0,0,0,0,0,0,0,0,0,0,0,0,0,0,0,0,0
10/28/2007,BVY,MA,ANE,EN,Federal Contract Tower,0,4,11,0,15,0,0,108,2,110,0,4,119,2,125,74,0,74,199
10/29/2007,BVY,MA,ANE,EN,Federal Contract Tower,0,5,9,0,14,0,0,72,0,72,0,5,81,0,86,118,0,118,204
10/30/2007,BVY,MA,ANE,EN,Federal Contract Tower,0,1,9,0,10,0,0,143,0,143,0,1,152,0,153,244,0,244,397
10/31/2007,BVY,MA,ANE,EN,Federal Contract Tower,0,1,9,0,10,0,0,76,0,76,0,1,85,0,86,62,0,62,148
11/01/2007,BVY,MA,ANE,EN,Federal Contract Tower,0,3,19,0,22,0,1,95,0,96,0,4,114,0,118,102,0,102,220
11/02/2007,BVY,MA,ANE,EN,Federal Contract Tower,0,5,11,0,16,0,0,127,4,131,0,5,138,4,147,200,0,200,347
11/03/2007,BVY,MA,ANE,EN,Federal Contract Tower,0,0,4,0,4,0,0,1,0,1,0,0,5,0,5,0,0,0,5
11/04/2007,BVY,MA,ANE,EN,Federal Contract Tower,0,2,10,0,12,0,0,110,0,110,0,2,120,0,122,168,0,168,290
11/05/2007,BVY,MA,ANE,EN,Federal Contract Tower,0,4,8,0,12,0,0,84,4,88,0,4,92,4,100,174,0,174,274
11/06/2007,BVY,MA,ANE,EN,Federal Contract Tower,0,1,0,0,1,0,0,29,0,29,0,1,29,0,30,0,0,0,30
11/07/2007,BVY,MA,ANE,EN,Federal Contract Tower,0,0,0,0,0,0,123,0,0,123,0,123,0,0,123,68,0,68,191
11/08/2007,BVY,MA,ANE,EN,Federal Contract Tower,0,7,5,0,12,0,0,141,0,141,0,7,146,0,153,298,0,298,451
11/09/2007,BVY,MA,ANE,EN,Federal Contract Tower,0,6,7,0,13,0,0,104,0,104,0,6,111,0,117,210,0,210,327
11/10/2007,BVY,MA,ANE,EN,Federal Contract Tower,0,1,11,0,12,0,0,84,3,87,0,1,95,3,99,130,0,130,229
11/11/2007,BVY,MA,ANE,EN,Federal Contract Tower,0,3,10,0,13,0,0,139,0,139,0,3,149,0,152,212,0,212,364
11/12/2007,BVY,MA,ANE,EN,Federal Contract Tower,0,0,8,0,8,0,0,88,0,88,0,0,96,0,96,78,0,78,174
11/13/2007,BVY,MA,ANE,EN,Federal Contract Tower,0,6,11,0,17,0,0,43,4,47,0,6,54,4,64,90,0,90,154
11/14/2007,BVY,MA,ANE,EN,Federal Contract Tower,0,3,6,0,9,0,0,76,0,76,0,3,82,0,85,122,0,122,207
11/15/2007,BVY,MA,ANE,EN,Federal Contract Tower,0,4,11,0,15,0,0,3,0,3,0,4,14,0,18,0,0,0,18
11/16/2007,BVY,MA,ANE,EN,Federal Contract Tower,0,5,7,0,12,0,0,63,0,63,0,5,70,0,75,22,0,22,97
11/17/2007,BVY,MA,ANE,EN,Federal Contract Tower,0,3,4,0,7,0,0,77,0,77,0,3,81,0,84,60,0,60,144
11/18/2007,BVY,MA,ANE,EN,Federal Contract Tower,0,2,5,0,7,0,0,137,0,137,0,2,142,0,144,272,0,272,416
11/19/2007,BVY,MA,ANE,EN,Federal Contract Tower,0,5,7,0,12,0,0,58,0,58,0,5,65,0,70,20,0,20,90
11/20/2007,BVY,MA,ANE,EN,Federal Contract Tower,0,1,15,0,16,0,0,10,0,10,0,1,25,0,26,18,0,18,44
11/21/2007,BVY,MA,ANE,EN,Federal Contract Tower,0,4,18,0,22,0,0,0,0,0,0,4,18,0,22,0,0,0,22
11/22/2007,BVY,MA,ANE,EN,Federal Contract Tower,0,0,0,0,0,0,0,1,0,1,0,0,1,0,1,0,0,0,1
11/23/2007,BVY,MA,ANE,EN,Federal Contract Tower,0,0,7,0,7,0,0,111,3,114,0,0,118,3,121,180,0,180,301
11/24/2007,BVY,MA,ANE,EN,Federal Contract Tower,0,3,7,0,10,0,0,143,0,143,0,3,150,0,153,234,0,234,387
11/25/2007,BVY,MA,ANE,EN,Federal Contract Tower,0,5,15,0,20,0,0,140,3,143,0,5,155,3,163,258,0,258,421
11/26/2007,BVY,MA,ANE,EN,Federal Contract Tower,0,3,9,1,13,0,0,3,1,4,0,3,12,2,17,2,2,4,21
11/27/2007,BVY,MA,ANE,EN,Federal Contract Tower,0,5,7,0,12,0,0,85,0,85,0,5,92,0,97,108,0,108,205
11/28/2007,BVY,MA,ANE,EN,Federal Contract Tower,0,1,14,0,15,0,0,89,1,90,0,1,103,1,105,174,0,174,279
11/29/2007,BVY,MA,ANE,EN,Federal Contract Tower,0,2,6,0,8,0,1,81,3,85,0,3,87,3,93,84,0,84,177
11/30/2007,BVY,MA,ANE,EN,Federal Contract Tower,0,1,9,0,10,0,0,122,0,122,0,1,131,0,132,184,0,184,316
12/01/2007,BVY,MA,ANE,EN,Federal Contract Tower,0,0,5,0,5,0,0,32,0,32,0,0,37,0,37,8,0,8,45
12/02/2007,BVY,MA,ANE,EN,Federal Contract Tower,0,3,5,0,8,0,89,0,0,89,0,92,5,0,97,142,0,142,239
12/03/2007,BVY,MA,ANE,EN,Federal Contract Tower,0,0,0,0,0,0,0,0,0,0,0,0,0,0,0,0,0,0,0
12/04/2007,BVY,MA,ANE,EN,Federal Contract Tower,0,0,9,0,9,0,0,32,0,32,0,0,41,0,41,86,0,86,127
12/05/2007,BVY,MA,ANE,EN,Federal Contract Tower,0,2,8,0,10,0,0,89,0,89,0,2,97,0,99,172,0,172,271
12/06/2007,BVY,MA,ANE,EN,Federal Contract Tower,0,2,8,0,10,0,0,109,1,110,0,2,117,1,120,112,0,112,232
12/07/2007,BVY,MA,ANE,EN,Federal Contract Tower,0,1,9,0,10,0,0,49,0,49,0,1,58,0,59,78,0,78,137
12/08/2007,BVY,MA,ANE,EN,Federal Contract Tower,0,1,8,0,9,0,0,85,2,87,0,1,93,2,96,226,0,226,322
12/09/2007,BVY,MA,ANE,EN,Federal Contract Tower,0,2,2,0,4,0,0,78,1,79,0,2,80,1,83,146,0,146,229
12/10/2007,BVY,MA,ANE,EN,Federal Contract Tower,0,0,0,0,0,0,0,0,0,0,0,0,0,0,0,0,0,0,0
12/11/2007,BVY,MA,ANE,EN,Federal Contract Tower,0,0,4,0,4,0,0,49,1,50,0,0,53,1,54,68,0,68,122
12/12/2007,BVY,MA,ANE,EN,Federal Contract Tower,0,2,6,0,8,0,0,52,0,52,0,2,58,0,60,62,0,62,122
12/13/2007,BVY,MA,ANE,EN,Federal Contract Tower,0,2,4,0,6,0,0,25,0,25,0,2,29,0,31,74,0,74,105
12/14/2007,BVY,MA,ANE,EN,Federal Contract Tower,0,0,9,0,9,0,0,36,0,36,0,0,45,0,45,0,0,0,45
12/15/2007,BVY,MA,ANE,EN,Federal Contract Tower,0,4,8,0,12,0,0,103,1,104,0,4,111,1,116,170,0,170,286
12/16/2007,BVY,MA,ANE,EN,Federal Contract Tower,0,0,1,0,1,0,0,0,0,0,0,0,1,0,1,0,0,0,1
12/17/2007,BVY,MA,ANE,EN,Federal Contract Tower,0,0,0,0,0,0,0,12,0,12,0,0,12,0,12,0,0,0,12
12/18/2007,BVY,MA,ANE,EN,Federal Contract Tower,0,0,14,0,14,0,0,69,4,73,0,0,83,4,87,108,0,108,195
12/19/2007,BVY,MA,ANE,EN,Federal Contract Tower,0,0,4,0,4,0,0,63,0,63,0,0,67,0,67,132,0,132,199
12/20/2007,BVY,MA,ANE,EN,Federal Contract Tower,0,0,0,0,0,0,0,0,0,0,0,0,0,0,0,0,0,0,0
12/21/2007,BVY,MA,ANE,EN,Federal Contract Tower,0,2,1,0,3,0,0,36,0,36,0,2,37,0,39,0,0,0,39
12/22/2007,BVY,MA,ANE,EN,Federal Contract Tower,0,2,6,0,8,0,0,77,0,77,0,2,83,0,85,92,0,92,177
12/23/2007,BVY,MA,ANE,EN,Federal Contract Tower,0,1,1,0,2,0,0,42,0,42,0,1,43,0,44,86,0,86,130
12/24/2007,BVY,MA,ANE,EN,Federal Contract Tower,0,2,1,1,4,0,0,65,1,66,0,2,66,2,70,82,0,82,152
12/25/2007,BVY,MA,ANE,EN,Federal Contract Tower,0,0,3,0,3,0,0,8,0,8,0,0,11,0,11,0,0,0,11
12/26/2007,BVY,MA,ANE,EN,Federal Contract Tower,0,0,7,1,8,0,0,103,0,103,0,0,110,1,111,132,0,132,243
12/27/2007,BVY,MA,ANE,EN,Federal Contract Tower,0,6,6,0,12,0,0,0,0,0,0,6,6,0,12,0,0,0,12
12/28/2007,BVY,MA,ANE,EN,Federal Contract Tower,0,0,7,0,7,0,0,114,0,114,0,0,121,0,121,210,0,210,331
12/29/2007,BVY,MA,ANE,EN,Federal Contract Tower,0,0,4,0,4,0,0,0,0,0,0,0,4,0,4,0,0,0,4
12/30/2007,BVY,MA,ANE,EN,Federal Contract Tower,0,5,7,1,13,0,0,155,1,156,0,5,162,2,169,264,0,264,433
12/31/2007,BVY,MA,ANE,EN,Federal Contract Tower,0,0,2,0,2,0,0,18,0,18,0,0,20,0,20,28,0,28,48
01/01/2008,BVY,MA,ANE,EN,Federal Contract Tower,0,2,1,0,3,0,0,4,0,4,0,2,5,0,7,10,0,10,17
01/02/2008,BVY,MA,ANE,EN,Federal Contract Tower,0,2,3,0,5,0,0,39,1,40,0,2,42,1,45,20,0,20,65
01/03/2008,BVY,MA,ANE,EN,Federal Contract Tower,0,0,2,0,2,0,0,22,1,23,0,0,24,1,25,4,0,4,29
01/04/2008,BVY,MA,ANE,EN,Federal Contract Tower,0,1,7,0,8,0,0,88,4,92,0,1,95,4,100,78,0,78,178
01/05/2008,BVY,MA,ANE,EN,Federal Contract Tower,0,2,12,0,14,0,2,122,2,126,0,4,134,2,140,266,0,266,406
01/06/2008,BVY,MA,ANE,EN,Federal Contract Tower,0,2,15,0,17,0,0,109,0,109,0,2,124,0,126,166,0,166,292
01/07/2008,BVY,MA,ANE,EN,Federal Contract Tower,0,2,4,0,6,0,0,54,2,56,0,2,58,2,62,50,0,50,112
01/08/2008,BVY,MA,ANE,EN,Federal Contract Tower,0,4,9,0,13,0,0,101,0,101,0,4,110,0,114,134,0,134,248
01/09/2008,BVY,MA,ANE,EN,Federal Contract Tower,0,1,4,0,5,0,0,15,0,15,0,1,19,0,20,16,0,16,36
01/10/2008,BVY,MA,ANE,EN,Federal Contract Tower,0,1,12,0,13,0,0,121,0,121,0,1,133,0,134,186,0,186,320
01/11/2008,BVY,MA,ANE,EN,Federal Contract Tower,0,2,4,0,6,0,0,0,0,0,0,2,4,0,6,0,0,0,6
01/12/2008,BVY,MA,ANE,EN,Federal Contract Tower,0,0,12,0,12,0,0,188,0,188,0,0,200,0,200,290,0,290,490
01/13/2008,BVY,MA,ANE,EN,Federal Contract Tower,0,2,6,0,8,0,0,141,1,142,0,2,147,1,150,182,0,182,332
01/14/2008,BVY,MA,ANE,EN,Federal Contract Tower,0,0,0,0,0,0,0,0,0,0,0,0,0,0,0,0,0,0,0
01/15/2008,BVY,MA,ANE,EN,Federal Contract Tower,0,0,4,0,4,0,0,53,0,53,0,0,57,0,57,28,0,28,85
01/16/2008,BVY,MA,ANE,EN,Federal Contract Tower,0,2,5,0,7,0,0,61,0,61,0,2,66,0,68,100,0,100,168
01/17/2008,BVY,MA,ANE,EN,Federal Contract Tower,0,2,5,0,7,0,0,72,0,72,0,2,77,0,79,90,0,90,169
01/18/2008,BVY,MA,ANE,EN,Federal Contract Tower,0,0,9,0,9,0,0,34,0,34,0,0,43,0,43,0,0,0,43
01/19/2008,BVY,MA,ANE,EN,Federal Contract Tower,0,0,8,0,8,0,0,101,0,101,0,0,109,0,109,114,0,114,223
01/20/2008,BVY,MA,ANE,EN,Federal Contract Tower,0,3,5,0,8,0,0,70,0,70,0,3,75,0,78,46,0,46,124
01/21/2008,BVY,MA,ANE,EN,Federal Contract Tower,0,2,8,0,10,0,0,89,0,89,0,2,97,0,99,36,0,36,135
01/22/2008,BVY,MA,ANE,EN,Federal Contract Tower,0,1,6,0,7,0,0,38,0,38,0,1,44,0,45,58,0,58,103
01/23/2008,BVY,MA,ANE,EN,Federal Contract Tower,0,0,0,0,0,0,0,64,0,64,0,0,64,0,64,84,0,84,148
01/24/2008,BVY,MA,ANE,EN,Federal Contract Tower,0,0,5,2,7,0,0,55,0,55,0,0,60,2,62,60,0,60,122
01/25/2008,BVY,MA,ANE,EN,Federal Contract Tower,0,2,7,0,9,0,0,93,0,93,0,2,100,0,102,74,6,80,182
01/26/2008,BVY,MA,ANE,EN,Federal Contract Tower,0,2,18,0,20,0,0,93,0,93,0,2,111,0,113,154,0,154,267
01/27/2008,BVY,MA,ANE,EN,Federal Contract Tower,0,1,1,0,2,0,0,2,0,2,0,1,3,0,4,0,0,0,4
01/28/2008,BVY,MA,ANE,EN,Federal Contract Tower,0,2,6,0,8,0,0,47,0,47,0,2,53,0,55,36,0,36,91
01/29/2008,BVY,MA,ANE,EN,Federal Contract Tower,0,2,9,0,11,0,0,64,2,66,0,2,73,2,77,174,0,174,251
01/30/2008,BVY,MA,ANE,EN,Federal Contract Tower,0,0,5,0,5,0,0,8,0,8,0,0,13,0,13,18,0,18,31
01/31/2008,BVY,MA,ANE,EN,Federal Contract Tower,0,2,7,0,9,0,0,114,0,114,0,2,121,0,123,210,0,210,333
02/01/2008,BVY,MA,ANE,EN,Federal Contract Tower,0,0,2,0,2,0,0,16,0,16,0,0,18,0,18,36,0,36,54
02/02/2008,BVY,MA,ANE,EN,Federal Contract Tower,0,0,1,0,1,0,0,66,0,66,0,0,67,0,67,98,0,98,165
02/03/2008,BVY,MA,ANE,EN,Federal Contract Tower,0,0,8,0,8,0,0,112,0,112,0,0,120,0,120,196,0,196,316
02/04/2008,BVY,MA,ANE,EN,Federal Contract Tower,0,0,7,0,7,0,0,35,0,35,0,0,42,0,42,30,0,30,72
02/05/2008,BVY,MA,ANE,EN,Federal Contract Tower,0,0,0,0,0,0,0,0,0,0,0,0,0,0,0,0,0,0,0
02/06/2008,BVY,MA,ANE,EN,Federal Contract Tower,0,2,2,0,4,0,0,1,0,1,0,2,3,0,5,0,0,0,5
02/07/2008,BVY,MA,ANE,EN,Federal Contract Tower,0,0,7,0,7,0,0,2,0,2,0,0,9,0,9,0,0,0,9
02/08/2008,BVY,MA,ANE,EN,Federal Contract Tower,0,0,4,0,4,0,0,0,0,0,0,0,4,0,4,0,0,0,4
02/09/2008,BVY,MA,ANE,EN,Federal Contract Tower,0,1,3,0,4,0,0,60,1,61,0,1,63,1,65,146,0,146,211
02/10/2008,BVY,MA,ANE,EN,Federal Contract Tower,0,1,1,0,2,0,0,15,0,15,0,1,16,0,17,32,0,32,49
02/11/2008,BVY,MA,ANE,EN,Federal Contract Tower,0,0,4,0,4,0,0,13,0,13,0,0,17,0,17,8,0,8,25
02/12/2008,BVY,MA,ANE,EN,Federal Contract Tower,0,4,11,0,15,0,2,98,0,100,0,6,109,0,115,106,0,106,221
02/13/2008,BVY,MA,ANE,EN,Federal Contract Tower,0,0,1,0,1,0,0,0,0,0,0,0,1,0,1,0,0,0,1
02/14/2008,BVY,MA,ANE,EN,Federal Contract Tower,0,2,7,0,9,0,0,68,0,68,0,2,75,0,77,56,0,56,133
02/15/2008,BVY,MA,ANE,EN,Federal Contract Tower,0,7,9,0,16,0,0,92,0,92,0,7,101,0,108,114,0,114,222
02/16/2008,BVY,MA,ANE,EN,Federal Contract Tower,0,0,7,0,7,0,0,103,0,103,0,0,110,0,110,238,0,238,348
02/17/2008,BVY,MA,ANE,EN,Federal Contract Tower,0,0,8,1,9,0,1,100,1,102,0,1,108,2,111,248,0,248,359
02/18/2008,BVY,MA,ANE,EN,Federal Contract Tower,0,4,6,0,10,0,0,1,0,1,0,4,7,0,11,0,0,0,11
02/19/2008,BVY,MA,ANE,EN,Federal Contract Tower,0,4,6,0,10,0,0,59,7,66,0,4,65,7,76,62,0,62,138
02/20/2008,BVY,MA,ANE,EN,Federal Contract Tower,0,3,5,0,8,0,0,78,0,78,0,3,83,0,86,104,0,104,190
02/21/2008,BVY,MA,ANE,EN,Federal Contract Tower,0,5,6,0,11,0,0,104,0,104,0,5,110,0,115,98,0,98,213
02/22/2008,BVY,MA,ANE,EN,Federal Contract Tower,0,0,1,0,1,0,0,2,0,2,0,0,3,0,3,0,0,0,3
02/23/2008,BVY,MA,ANE,EN,Federal Contract Tower,0,1,3,0,4,0,0,52,0,52,0,1,55,0,56,94,0,94,150
02/24/2008,BVY,MA,ANE,EN,Federal Contract Tower,0,2,10,0,12,0,0,124,1,125,0,2,134,1,137,206,0,206,343
02/25/2008,BVY,MA,ANE,EN,Federal Contract Tower,0,5,8,0,13,0,0,69,1,70,0,5,77,1,83,82,0,82,165
02/26/2008,BVY,MA,ANE,EN,Federal Contract Tower,0,2,6,0,8,0,0,50,4,54,0,2,56,4,62,112,0,112,174
02/27/2008,BVY,MA,ANE,EN,Federal Contract Tower,0,3,7,0,10,0,0,15,0,15,0,3,22,0,25,0,0,0,25
02/28/2008,BVY,MA,ANE,EN,Federal Contract Tower,0,1,8,0,9,0,1,60,0,61,0,2,68,0,70,64,0,64,134
02/29/2008,BVY,MA,ANE,EN,Federal Contract Tower,0,0,5,0,5,0,0,103,0,103,0,0,108,0,108,102,0,102,210
03/01/2008,BVY,MA,ANE,EN,Federal Contract Tower,0,0,4,0,4,0,0,9,0,9,0,0,13,0,13,16,0,16,29
03/02/2008,BVY,MA,ANE,EN,Federal Contract Tower,0,1,6,0,7,0,0,70,0,70,0,1,76,0,77,82,0,82,159
03/03/2008,BVY,MA,ANE,EN,Federal Contract Tower,0,4,9,0,13,0,0,74,0,74,0,4,83,0,87,92,0,92,179
03/04/2008,BVY,MA,ANE,EN,Federal Contract Tower,0,0,0,0,0,0,32,0,0,32,0,32,0,0,32,100,0,100,132
03/05/2008,BVY,MA,ANE,EN,Federal Contract Tower,0,1,8,0,9,0,0,16,0,16,0,1,24,0,25,4,0,4,29
03/06/2008,BVY,MA,ANE,EN,Federal Contract Tower,0,0,10,0,10,0,4,128,3,135,0,4,138,3,145,208,0,208,353
03/07/2008,BVY,MA,ANE,EN,Federal Contract Tower,0,9,10,0,19,0,0,75,0,75,0,9,85,0,94,190,0,190,284
03/08/2008,BVY,MA,ANE,EN,Federal Contract Tower,0,0,3,0,3,0,0,0,0,0,0,0,3,0,3,0,0,0,3
03/09/2008,BVY,MA,ANE,EN,Federal Contract Tower,0,1,3,0,4,0,0,25,1,26,0,1,28,1,30,6,0,6,36
03/10/2008,BVY,MA,ANE,EN,Federal Contract Tower,0,3,8,0,11,0,0,79,0,79,0,3,87,0,90,162,0,162,252
03/11/2008,BVY,MA,ANE,EN,Federal Contract Tower,0,3,11,0,14,0,0,97,0,97,0,3,108,0,111,172,0,172,283
03/12/2008,BVY,MA,ANE,EN,Federal Contract Tower,0,1,12,0,13,0,0,3,0,3,0,1,15,0,16,0,0,0,16
03/13/2008,BVY,MA,ANE,EN,Federal Contract Tower,0,0,12,0,12,0,0,92,0,92,0,0,104,0,104,202,0,202,306
03/14/2008,BVY,MA,ANE,EN,Federal Contract Tower,0,3,5,0,8,0,0,89,0,89,0,3,94,0,97,130,0,130,227
03/15/2008,BVY,MA,ANE,EN,Federal Contract Tower,0,1,7,0,8,0,0,0,0,0,0,1,7,0,8,0,0,0,8
03/16/2008,BVY,MA,ANE,EN,Federal Contract Tower,0,2,3,0,5,0,0,14,0,14,0,2,17,0,19,50,0,50,69
03/17/2008,BVY,MA,ANE,EN,Federal Contract Tower,0,2,14,0,16,0,0,73,0,73,0,2,87,0,89,110,0,110,199
03/18/2008,BVY,MA,ANE,EN,Federal Contract Tower,0,1,7,0,8,0,0,112,1,113,0,1,119,1,121,300,0,300,421
03/19/2008,BVY,MA,ANE,EN,Federal Contract Tower,0,0,0,0,0,0,4,0,0,4,0,4,0,0,4,0,0,0,4
03/20/2008,BVY,MA,ANE,EN,Federal Contract Tower,0,2,6,2,10,0,0,19,0,19,0,2,25,2,29,12,0,12,41
03/21/2008,BVY,MA,ANE,EN,Federal Contract Tower,0,1,8,0,9,0,0,10,2,12,0,1,18,2,21,0,0,0,21
03/22/2008,BVY,MA,ANE,EN,Federal Contract Tower,0,2,12,0,14,0,0,135,6,141,0,2,147,6,155,208,0,208,363
03/23/2008,BVY,MA,ANE,EN,Federal Contract Tower,0,4,7,0,11,0,0,94,0,94,0,4,101,0,105,100,0,100,205
03/24/2008,BVY,MA,ANE,EN,Federal Contract Tower,0,3,10,0,13,0,0,115,0,115,0,3,125,0,128,140,0,140,268
03/25/2008,BVY,MA,ANE,EN,Federal Contract Tower,0,3,17,0,20,0,0,114,0,114,0,3,131,0,134,182,0,182,316
03/26/2008,BVY,MA,ANE,EN,Federal Contract Tower,0,3,10,0,13,0,0,40,4,44,0,3,50,4,57,70,0,70,127
03/27/2008,BVY,MA,ANE,EN,Federal Contract Tower,0,4,13,0,17,0,0,97,0,97,0,4,110,0,114,140,0,140,254
03/28/2008,BVY,MA,ANE,EN,Federal Contract Tower,0,2,1,0,3,0,0,0,0,0,0,2,1,0,3,0,0,0,3
03/29/2008,BVY,MA,ANE,EN,Federal Contract Tower,0,0,15,0,15,0,0,63,1,64,0,0,78,1,79,62,0,62,141
03/30/2008,BVY,MA,ANE,EN,Federal Contract Tower,0,1,11,0,12,0,0,144,0,144,0,1,155,0,156,232,0,232,388
03/31/2008,BVY,MA,ANE,EN,Federal Contract Tower,0,3,12,2,17,0,0,27,3,30,0,3,39,5,47,40,0,40,87
04/01/2008,BVY,MA,ANE,EN,Federal Contract Tower,0,1,2,0,3,0,2,3,4,9,0,3,5,4,12,0,0,0,12
04/02/2008,BVY,MA,ANE,EN,Federal Contract Tower,0,0,5,0,5,0,1,17,0,18,0,1,22,0,23,0,0,0,23
04/03/2008,BVY,MA,ANE,EN,Federal Contract Tower,0,3,15,0,18,0,0,134,0,134,0,3,149,0,152,194,0,194,346
04/04/2008,BVY,MA,ANE,EN,Federal Contract Tower,0,2,3,0,5,0,0,0,0,0,0,2,3,0,5,0,0,0,5
04/05/2008,BVY,MA,ANE,EN,Federal Contract Tower,0,4,15,0,19,0,0,26,0,26,0,4,41,0,45,46,0,46,91
04/06/2008,BVY,MA,ANE,EN,Federal Contract Tower,0,4,13,2,19,0,0,19,0,19,0,4,32,2,38,24,0,24,62
04/07/2008,BVY,MA,ANE,EN,Federal Contract Tower,0,6,13,0,19,0,0,50,0,50,0,6,63,0,69,10,0,10,79
04/08/2008,BVY,MA,ANE,EN,Federal Contract Tower,0,1,14,0,15,0,0,77,0,77,0,1,91,0,92,200,0,200,292
04/09/2008,BVY,MA,ANE,EN,Federal Contract Tower,0,2,8,0,10,0,0,64,0,64,0,2,72,0,74,108,0,108,182
04/10/2008,BVY,MA,ANE,EN,Federal Contract Tower,0,0,8,0,8,0,0,60,0,60,0,0,68,0,68,118,0,118,186
04/11/2008,BVY,MA,ANE,EN,Federal Contract Tower,0,2,11,0,13,0,0,59,0,59,0,2,70,0,72,124,0,124,196
04/12/2008,BVY,MA,ANE,EN,Federal Contract Tower,0,2,9,0,11,0,0,31,0,31,0,2,40,0,42,42,0,42,84
04/13/2008,BVY,MA,ANE,EN,Federal Contract Tower,0,2,18,0,20,0,0,85,1,86,0,2,103,1,106,196,0,196,302
04/14/2008,BVY,MA,ANE,EN,Federal Contract Tower,0,2,10,0,12,0,0,77,0,77,0,2,87,0,89,76,0,76,165
04/15/2008,BVY,MA,ANE,EN,Federal Contract Tower,0,1,11,0,12,0,0,84,1,85,0,1,95,1,97,128,0,128,225
04/16/2008,BVY,MA,ANE,EN,Federal Contract Tower,0,0,14,0,14,0,0,122,0,122,0,0,136,0,136,176,0,176,312
04/17/2008,BVY,MA,ANE,EN,Federal Contract Tower,0,3,10,0,13,0,0,96,1,97,0,3,106,1,110,172,0,172,282
04/18/2008,BVY,MA,ANE,EN,Federal Contract Tower,0,9,15,0,24,0,0,108,4,112,0,9,123,4,136,186,0,186,322
04/19/2008,BVY,MA,ANE,EN,Federal Contract Tower,0,1,7,0,8,0,0,152,1,153,0,1,159,1,161,202,0,202,363
04/20/2008,BVY,MA,ANE,EN,Federal Contract Tower,0,0,7,0,7,0,0,84,2,86,0,0,91,2,93,126,0,126,219
04/21/2008,BVY,MA,ANE,EN,Federal Contract Tower,0,1,8,0,9,0,0,53,0,53,0,1,61,0,62,90,0,90,152
04/22/2008,BVY,MA,ANE,EN,Federal Contract Tower,0,2,15,0,17,0,0,73,0,73,0,2,88,0,90,190,2,192,282
04/23/2008,BVY,MA,ANE,EN,Federal Contract Tower,0,0,7,0,7,0,0,97,0,97,0,0,104,0,104,148,0,148,252
04/24/2008,BVY,MA,ANE,EN,Federal Contract Tower,0,0,8,0,8,0,0,99,0,99,0,0,107,0,107,118,0,118,225
04/25/2008,BVY,MA,ANE,EN,Federal Contract Tower,0,1,15,0,16,0,0,104,2,106,0,1,119,2,122,108,0,108,230
04/26/2008,BVY,MA,ANE,EN,Federal Contract Tower,0,0,17,0,17,0,0,108,0,108,0,0,125,0,125,130,0,130,255
04/27/2008,BVY,MA,ANE,EN,Federal Contract Tower,0,3,31,0,34,0,0,65,1,66,0,3,96,1,100,100,0,100,200
04/28/2008,BVY,MA,ANE,EN,Federal Contract Tower,0,3,8,0,11,0,0,10,0,10,0,3,18,0,21,38,0,38,59
04/29/2008,BVY,MA,ANE,EN,Federal Contract Tower,0,0,6,0,6,0,0,0,0,0,0,0,6,0,6,0,0,0,6
04/30/2008,BVY,MA,ANE,EN,Federal Contract Tower,0,2,7,0,9,0,0,78,0,78,0,2,85,0,87,114,0,114,201
05/01/2008,BVY,MA,ANE,EN,Federal Contract Tower,0,2,17,0,19,0,0,102,1,103,0,2,119,1,122,150,0,150,272
05/02/2008,BVY,MA,ANE,EN,Federal Contract Tower,0,2,17,0,19,0,0,65,0,65,0,2,82,0,84,164,0,164,248
05/03/2008,BVY,MA,ANE,EN,Federal Contract Tower,0,1,17,0,18,0,0,21,0,21,0,1,38,0,39,64,0,64,103
05/04/2008,BVY,MA,ANE,EN,Federal Contract Tower,0,0,11,0,11,0,0,0,0,0,0,0,11,0,11,0,0,0,11
05/05/2008,BVY,MA,ANE,EN,Federal Contract Tower,0,0,12,0,12,0,0,83,0,83,0,0,95,0,95,160,0,160,255
05/06/2008,BVY,MA,ANE,EN,Federal Contract Tower,0,2,18,0,20,0,0,95,1,96,0,2,113,1,116,176,0,176,292
05/07/2008,BVY,MA,ANE,EN,Federal Contract Tower,0,1,16,0,17,0,0,105,0,105,0,1,121,0,122,76,0,76,198
05/08/2008,BVY,MA,ANE,EN,Federal Contract Tower,0,4,19,0,23,0,0,83,0,83,0,4,102,0,106,154,0,154,260
05/09/2008,BVY,MA,ANE,EN,Federal Contract Tower,0,0,15,0,15,0,0,75,1,76,0,0,90,1,91,98,0,98,189
05/10/2008,BVY,MA,ANE,EN,Federal Contract Tower,0,3,14,0,17,0,0,50,0,50,0,3,64,0,67,52,0,52,119
05/11/2008,BVY,MA,ANE,EN,Federal Contract Tower,0,0,5,0,5,0,0,142,0,142,0,0,147,0,147,186,0,186,333
05/12/2008,BVY,MA,ANE,EN,Federal Contract Tower,0,4,6,0,10,0,0,23,0,23,0,4,29,0,33,34,0,34,67
05/13/2008,BVY,MA,ANE,EN,Federal Contract Tower,0,0,2,0,2,0,0,46,0,46,0,0,48,0,48,14,0,14,62
05/14/2008,BVY,MA,ANE,EN,Federal Contract Tower,0,2,8,0,10,0,3,161,6,170,0,5,169,6,180,202,0,202,382
05/15/2008,BVY,MA,ANE,EN,Federal Contract Tower,0,2,16,0,18,0,0,115,0,115,0,2,131,0,133,122,0,122,255
05/16/2008,BVY,MA,ANE,EN,Federal Contract Tower,0,3,27,3,33,0,0,55,1,56,0,3,82,4,89,48,0,48,137
05/17/2008,BVY,MA,ANE,EN,Federal Contract Tower,0,2,17,0,19,0,0,68,0,68,0,2,85,0,87,164,0,164,251
05/18/2008,BVY,MA,ANE,EN,Federal Contract Tower,0,3,6,0,9,0,0,121,0,121,0,3,127,0,130,150,0,150,280
05/19/2008,BVY,MA,ANE,EN,Federal Contract Tower,0,1,5,0,6,0,0,51,0,51,0,1,56,0,57,18,0,18,75
05/20/2008,BVY,MA,ANE,EN,Federal Contract Tower,0,3,11,0,14,0,0,80,0,80,0,3,91,0,94,78,0,78,172
05/21/2008,BVY,MA,ANE,EN,Federal Contract Tower,0,8,13,0,21,0,0,92,0,92,0,8,105,0,113,156,0,156,269
05/22/2008,BVY,MA,ANE,EN,Federal Contract Tower,0,2,15,0,17,0,0,104,0,104,0,2,119,0,121,172,0,172,293
05/23/2008,BVY,MA,ANE,EN,Federal Contract Tower,0,3,20,0,23,0,0,89,1,90,0,3,109,1,113,98,0,98,211
05/24/2008,BVY,MA,ANE,EN,Federal Contract Tower,0,2,15,0,17,0,0,119,0,119,0,2,134,0,136,102,0,102,238
05/25/2008,BVY,MA,ANE,EN,Federal Contract Tower,0,2,6,0,8,0,0,149,1,150,0,2,155,1,158,232,0,232,390
05/26/2008,BVY,MA,ANE,EN,Federal Contract Tower,0,2,4,0,6,0,0,69,2,71,0,2,73,2,77,24,0,24,101
05/27/2008,BVY,MA,ANE,EN,Federal Contract Tower,0,9,13,0,22,0,0,34,3,37,0,9,47,3,59,54,0,54,113
05/28/2008,BVY,MA,ANE,EN,Federal Contract Tower,0,3,14,0,17,0,0,122,0,122,0,3,136,0,139,154,0,154,293
05/29/2008,BVY,MA,ANE,EN,Federal Contract Tower,0,3,10,0,13,0,0,128,6,134,0,3,138,6,147,176,0,176,323
05/30/2008,BVY,MA,ANE,EN,Federal Contract Tower,0,3,16,0,19,0,0,175,0,175,0,3,191,0,194,326,0,326,520
05/31/2008,BVY,MA,ANE,EN,Federal Contract Tower,0,2,7,0,9,0,0,28,0,28,0,2,35,0,37,44,0,44,81
06/01/2008,BVY,MA,ANE,EN,Federal Contract Tower,0,4,8,0,12,0,0,125,0,125,0,4,133,0,137,136,0,136,273
06/02/2008,BVY,MA,ANE,EN,Federal Contract Tower,0,4,5,0,9,0,0,109,0,109,0,4,114,0,118,118,0,118,236
06/03/2008,BVY,MA,ANE,EN,Federal Contract Tower,0,3,11,0,14,0,0,122,0,122,0,3,133,0,136,146,0,146,282
06/04/2008,BVY,MA,ANE,EN,Federal Contract Tower,0,0,12,0,12,0,0,2,0,2,0,0,14,0,14,0,0,0,14
06/05/2008,BVY,MA,ANE,EN,Federal Contract Tower,0,2,12,0,14,0,0,0,0,0,0,2,12,0,14,0,0,0,14
06/06/2008,BVY,MA,ANE,EN,Federal Contract Tower,0,1,20,0,21,0,0,1,0,1,0,1,21,0,22,0,0,0,22
06/07/2008,BVY,MA,ANE,EN,Federal Contract Tower,0,0,25,0,25,0,0,102,0,102,0,0,127,0,127,296,0,296,423
06/08/2008,BVY,MA,ANE,EN,Federal Contract Tower,0,3,11,0,14,0,0,85,2,87,0,3,96,2,101,118,0,118,219
06/09/2008,BVY,MA,ANE,EN,Federal Contract Tower,0,3,5,0,8,0,0,97,1,98,0,3,102,1,106,58,0,58,164
06/10/2008,BVY,MA,ANE,EN,Federal Contract Tower,0,6,8,0,14,0,0,96,1,97,0,6,104,1,111,128,0,128,239
06/11/2008,BVY,MA,ANE,EN,Federal Contract Tower,0,2,9,0,11,0,0,105,0,105,0,2,114,0,116,82,0,82,198
06/12/2008,BVY,MA,ANE,EN,Federal Contract Tower,0,1,9,0,10,0,0,118,0,118,0,1,127,0,128,192,0,192,320
06/13/2008,BVY,MA,ANE,EN,Federal Contract Tower,0,5,6,0,11,0,0,139,4,143,0,5,145,4,154,202,0,202,356
06/14/2008,BVY,MA,ANE,EN,Federal Contract Tower,0,1,7,0,8,0,0,139,0,139,0,1,146,0,147,258,0,258,405
06/15/2008,BVY,MA,ANE,EN,Federal Contract Tower,0,3,29,0,32,0,0,1,0,1,0,3,30,0,33,0,0,0,33
06/16/2008,BVY,MA,ANE,EN,Federal Contract Tower,0,6,17,0,23,0,0,15,0,15,0,6,32,0,38,22,0,22,60
06/17/2008,BVY,MA,ANE,EN,Federal Contract Tower,0,2,12,0,14,0,1,97,0,98,0,3,109,0,112,152,0,152,264
06/18/2008,BVY,MA,ANE,EN,Federal Contract Tower,0,1,17,0,18,0,0,118,1,119,0,1,135,1,137,194,0,194,331
06/19/2008,BVY,MA,ANE,EN,Federal Contract Tower,0,1,11,0,12,0,2,130,0,132,0,3,141,0,144,208,0,208,352
06/20/2008,BVY,MA,ANE,EN,Federal Contract Tower,0,3,19,0,22,0,0,119,2,121,0,3,138,2,143,212,0,212,355
06/21/2008,BVY,MA,ANE,EN,Federal Contract Tower,0,1,14,0,15,0,0,156,1,157,0,1,170,1,172,312,0,312,484
06/22/2008,BVY,MA,ANE,EN,Federal Contract Tower,0,0,22,0,22,0,0,42,0,42,0,0,64,0,64,44,0,44,108
06/23/2008,BVY,MA,ANE,EN,Federal Contract Tower,0,11,5,0,16,0,0,5,0,5,0,11,10,0,21,14,0,14,35
06/24/2008,BVY,MA,ANE,EN,Federal Contract Tower,0,0,13,0,13,0,0,43,0,43,0,0,56,0,56,66,0,66,122
06/25/2008,BVY,MA,ANE,EN,Federal Contract Tower,0,3,15,0,18,0,0,158,0,158,0,3,173,0,176,228,0,228,404
06/26/2008,BVY,MA,ANE,EN,Federal Contract Tower,0,6,22,0,28,0,0,106,0,106,0,6,128,0,134,162,0,162,296
06/27/2008,BVY,MA,ANE,EN,Federal Contract Tower,0,3,14,0,17,0,0,97,0,97,0,3,111,0,114,122,0,122,236
06/28/2008,BVY,MA,ANE,EN,Federal Contract Tower,0,0,7,0,7,0,0,0,0,0,0,0,7,0,7,0,0,0,7
06/29/2008,BVY,MA,ANE,EN,Federal Contract Tower,0,6,11,0,17,0,0,9,0,9,0,6,20,0,26,6,0,6,32
06/30/2008,BVY,MA,ANE,EN,Federal Contract Tower,0,9,6,0,15,0,0,62,0,62,0,9,68,0,77,82,0,82,159
07/01/2008,BVY,MA,ANE,EN,Federal Contract Tower,0,1,20,0,21,0,0,123,2,125,0,1,143,2,146,156,0,156,302
07/02/2008,BVY,MA,ANE,EN,Federal Contract Tower,0,6,10,0,16,0,0,123,0,123,0,6,133,0,139,150,0,150,289
07/03/2008,BVY,MA,ANE,EN,Federal Contract Tower,0,0,20,0,20,0,0,146,0,146,0,0,166,0,166,164,0,164,330
07/04/2008,BVY,MA,ANE,EN,Federal Contract Tower,0,0,17,0,17,0,0,25,0,25,0,0,42,0,42,4,0,4,46
07/05/2008,BVY,MA,ANE,EN,Federal Contract Tower,0,0,4,0,4,0,0,73,0,73,0,0,77,0,77,90,0,90,167
07/06/2008,BVY,MA,ANE,EN,Federal Contract Tower,0,2,32,0,34,0,0,109,0,109,0,2,141,0,143,120,0,120,263
07/07/2008,BVY,MA,ANE,EN,Federal Contract Tower,0,2,11,0,13,0,0,63,0,63,0,2,74,0,76,86,0,86,162
07/08/2008,BVY,MA,ANE,EN,Federal Contract Tower,0,2,20,0,22,0,0,112,0,112,0,2,132,0,134,116,0,116,250
07/09/2008,BVY,MA,ANE,EN,Federal Contract Tower,0,2,9,0,11,0,0,105,0,105,0,2,114,0,116,124,0,124,240
07/10/2008,BVY,MA,ANE,EN,Federal Contract Tower,0,4,14,0,18,0,0,188,0,188,0,4,202,0,206,308,0,308,514
07/11/2008,BVY,MA,ANE,EN,Federal Contract Tower,0,8,14,0,22,0,0,170,0,170,0,8,184,0,192,124,0,124,316
07/12/2008,BVY,MA,ANE,EN,Federal Contract Tower,0,3,21,0,24,0,4,364,0,368,0,7,385,0,392,148,0,148,540
07/13/2008,BVY,MA,ANE,EN,Federal Contract Tower,0,6,12,1,19,0,0,93,0,93,0,6,105,1,112,86,0,86,198
07/14/2008,BVY,MA,ANE,EN,Federal Contract Tower,0,2,9,0,11,0,0,99,4,103,0,2,108,4,114,78,0,78,192
07/15/2008,BVY,MA,ANE,EN,Federal Contract Tower,0,4,19,0,23,0,0,157,0,157,0,4,176,0,180,220,0,220,400
07/16/2008,BVY,MA,ANE,EN,Federal Contract Tower,0,5,11,0,16,0,0,140,4,144,0,5,151,4,160,200,0,200,360
07/17/2008,BVY,MA,ANE,EN,Federal Contract Tower,0,4,15,0,19,0,0,119,0,119,0,4,134,0,138,146,0,146,284
07/18/2008,BVY,MA,ANE,EN,Federal Contract Tower,0,2,23,0,25,0,0,110,0,110,0,2,133,0,135,148,0,148,283
07/19/2008,BVY,MA,ANE,EN,Federal Contract Tower,0,1,9,1,11,0,1,101,0,102,0,2,110,1,113,140,0,140,253
07/20/2008,BVY,MA,ANE,EN,Federal Contract Tower,0,4,25,0,29,0,0,45,0,45,0,4,70,0,74,146,0,146,220
07/21/2008,BVY,MA,ANE,EN,Federal Contract Tower,0,1,13,1,15,0,0,33,2,35,0,1,46,3,50,76,0,76,126
07/22/2008,BVY,MA,ANE,EN,Federal Contract Tower,0,0,13,0,13,0,0,69,0,69,0,0,82,0,82,86,0,86,168
07/23/2008,BVY,MA,ANE,EN,Federal Contract Tower,0,0,7,0,7,0,0,5,0,5,0,0,12,0,12,4,0,4,16
07/24/2008,BVY,MA,ANE,EN,Federal Contract Tower,0,3,13,0,16,0,0,1,0,1,0,3,14,0,17,0,0,0,17
07/25/2008,BVY,MA,ANE,EN,Federal Contract Tower,0,6,17,0,23,0,0,139,0,139,0,6,156,0,162,158,0,158,320
07/26/2008,BVY,MA,ANE,EN,Federal Contract Tower,0,3,22,0,25,0,2,144,0,146,0,5,166,0,171,120,0,120,291
07/27/2008,BVY,MA,ANE,EN,Federal Contract Tower,0,6,14,0,20,0,1,47,0,48,0,7,61,0,68,56,0,56,124
07/28/2008,BVY,MA,ANE,EN,Federal Contract Tower,0,0,11,0,11,0,0,93,0,93,0,0,104,0,104,150,0,150,254
07/29/2008,BVY,MA,ANE,EN,Federal Contract Tower,0,5,5,0,10,0,0,113,0,113,0,5,118,0,123,178,0,178,301
07/30/2008,BVY,MA,ANE,EN,Federal Contract Tower,0,1,6,0,7,0,0,139,0,139,0,1,145,0,146,198,0,198,344
07/31/2008,BVY,MA,ANE,EN,Federal Contract Tower,0,5,8,0,13,0,0,72,0,72,0,5,80,0,85,110,0,110,195
08/01/2008,BVY,MA,ANE,EN,Federal Contract Tower,0,5,20,0,25,0,0,121,0,121,0,5,141,0,146,214,0,214,360
08/02/2008,BVY,MA,ANE,EN,Federal Contract Tower,0,5,19,2,26,0,0,24,2,26,0,5,43,4,52,110,0,110,162
08/03/2008,BVY,MA,ANE,EN,Federal Contract Tower,0,4,14,0,18,0,1,72,0,73,0,5,86,0,91,128,0,128,219
08/04/2008,BVY,MA,ANE,EN,Federal Contract Tower,0,1,10,0,11,0,0,104,3,107,0,1,114,3,118,142,0,142,260
08/05/2008,BVY,MA,ANE,EN,Federal Contract Tower,0,4,13,0,17,0,0,145,6,151,0,4,158,6,168,212,10,222,390
08/06/2008,BVY,MA,ANE,EN,Federal Contract Tower,0,0,3,0,3,0,0,7,0,7,0,0,10,0,10,20,0,20,30
08/07/2008,BVY,MA,ANE,EN,Federal Contract Tower,0,0,11,0,11,0,0,4,0,4,0,0,15,0,15,0,0,0,15
08/08/2008,BVY,MA,ANE,EN,Federal Contract Tower,0,1,14,0,15,0,0,20,0,20,0,1,34,0,35,34,0,34,69
08/09/2008,BVY,MA,ANE,EN,Federal Contract Tower,0,3,17,3,23,0,0,107,0,107,0,3,124,3,130,156,0,156,286
08/10/2008,BVY,MA,ANE,EN,Federal Contract Tower,0,0,13,0,13,0,0,130,0,130,0,0,143,0,143,286,0,286,429
08/11/2008,BVY,MA,ANE,EN,Federal Contract Tower,0,3,18,0,21,0,0,31,0,31,0,3,49,0,52,44,0,44,96
08/12/2008,BVY,MA,ANE,EN,Federal Contract Tower,0,2,15,0,17,0,0,27,0,27,0,2,42,0,44,46,0,46,90
08/13/2008,BVY,MA,ANE,EN,Federal Contract Tower,0,3,7,0,10,0,0,168,0,168,0,3,175,0,178,174,0,174,352
08/14/2008,BVY,MA,ANE,EN,Federal Contract Tower,0,5,13,0,18,0,1,106,1,108,0,6,119,1,126,110,0,110,236
08/15/2008,BVY,MA,ANE,EN,Federal Contract Tower,0,4,17,0,21,0,0,47,0,47,0,4,64,0,68,64,0,64,132
08/16/2008,BVY,MA,ANE,EN,Federal Contract Tower,0,2,9,0,11,0,0,72,0,72,0,2,81,0,83,124,0,124,207
08/17/2008,BVY,MA,ANE,EN,Federal Contract Tower,0,7,12,0,19,0,1,164,0,165,0,8,176,0,184,148,0,148,332
08/18/2008,BVY,MA,ANE,EN,Federal Contract Tower,0,3,6,0,9,0,0,101,0,101,0,3,107,0,110,102,0,102,212
08/19/2008,BVY,MA,ANE,EN,Federal Contract Tower,0,1,12,0,13,0,2,102,0,104,0,3,114,0,117,154,0,154,271
08/20/2008,BVY,MA,ANE,EN,Federal Contract Tower,0,0,11,0,11,0,0,134,0,134,0,0,145,0,145,162,0,162,307
08/21/2008,BVY,MA,ANE,EN,Federal Contract Tower,0,0,10,0,10,0,0,152,0,152,0,0,162,0,162,288,0,288,450
08/22/2008,BVY,MA,ANE,EN,Federal Contract Tower,0,3,7,0,10,0,0,102,0,102,0,3,109,0,112,64,0,64,176
08/23/2008,BVY,MA,ANE,EN,Federal Contract Tower,0,4,6,0,10,0,0,135,0,135,0,4,141,0,145,172,0,172,317
08/24/2008,BVY,MA,ANE,EN,Federal Contract Tower,0,2,15,0,17,0,0,115,0,115,0,2,130,0,132,182,0,182,314
08/25/2008,BVY,MA,ANE,EN,Federal Contract Tower,0,6,10,0,16,0,0,62,0,62,0,6,72,0,78,96,0,96,174
08/26/2008,BVY,MA,ANE,EN,Federal Contract Tower,0,1,10,0,11,124,0,0,0,124,124,1,10,0,135,152,0,152,287
08/27/2008,BVY,MA,ANE,EN,Federal Contract Tower,0,2,7,0,9,0,0,91,0,91,0,2,98,0,100,144,0,144,244
08/28/2008,BVY,MA,ANE,EN,Federal Contract Tower,0,1,11,0,12,0,0,91,0,91,0,1,102,0,103,92,0,92,195
08/29/2008,BVY,MA,ANE,EN,Federal Contract Tower,0,5,24,0,29,0,1,94,0,95,0,6,118,0,124,168,0,168,292
08/30/2008,BVY,MA,ANE,EN,Federal Contract Tower,0,0,20,0,20,0,0,61,1,62,0,0,81,1,82,120,0,120,202
08/31/2008,BVY,MA,ANE,EN,Federal Contract Tower,0,0,4,1,5,0,2,110,2,114,0,2,114,3,119,104,0,104,223
09/01/2008,BVY,MA,ANE,EN,Federal Contract Tower,0,1,9,0,10,0,0,97,0,97,0,1,106,0,107,76,0,76,183
09/02/2008,BVY,MA,ANE,EN,Federal Contract Tower,0,1,6,0,7,0,0,58,0,58,0,1,64,0,65,62,0,62,127
09/03/2008,BVY,MA,ANE,EN,Federal Contract Tower,0,5,7,0,12,0,0,104,0,104,0,5,111,0,116,130,0,130,246
09/04/2008,BVY,MA,ANE,EN,Federal Contract Tower,0,4,12,0,16,0,0,108,0,108,0,4,120,0,124,124,0,124,248
09/05/2008,BVY,MA,ANE,EN,Federal Contract Tower,0,3,13,0,16,0,1,83,0,84,0,4,96,0,100,110,0,110,210
09/06/2008,BVY,MA,ANE,EN,Federal Contract Tower,0,2,3,0,5,0,0,0,0,0,0,2,3,0,5,0,0,0,5
09/07/2008,BVY,MA,ANE,EN,Federal Contract Tower,0,1,4,0,5,0,0,54,0,54,0,1,58,0,59,68,0,68,127
09/08/2008,BVY,MA,ANE,EN,Federal Contract Tower,0,1,4,0,5,0,0,115,0,115,0,1,119,0,120,114,0,114,234
09/09/2008,BVY,MA,ANE,EN,Federal Contract Tower,0,1,10,0,11,0,0,31,0,31,0,1,41,0,42,28,0,28,70
09/10/2008,BVY,MA,ANE,EN,Federal Contract Tower,0,3,9,0,12,0,0,119,0,119,0,3,128,0,131,130,0,130,261
09/11/2008,BVY,MA,ANE,EN,Federal Contract Tower,0,3,10,0,13,0,0,116,0,116,0,3,126,0,129,52,0,52,181
09/12/2008,BVY,MA,ANE,EN,Federal Contract Tower,0,2,16,0,18,0,1,69,0,70,0,3,85,0,88,92,0,92,180
09/13/2008,BVY,MA,ANE,EN,Federal Contract Tower,0,0,21,0,21,0,0,102,0,102,0,0,123,0,123,186,0,186,309
09/14/2008,BVY,MA,ANE,EN,Federal Contract Tower,0,0,19,0,19,0,0,0,0,0,0,0,19,0,19,0,0,0,19
09/15/2008,BVY,MA,ANE,EN,Federal Contract Tower,0,4,10,0,14,0,0,73,0,73,0,4,83,0,87,20,0,20,107
09/16/2008,BVY,MA,ANE,EN,Federal Contract Tower,0,4,6,0,10,0,0,115,0,115,0,4,121,0,125,130,0,130,255
09/17/2008,BVY,MA,ANE,EN,Federal Contract Tower,0,3,6,0,9,0,4,105,1,110,0,7,111,1,119,146,0,146,265
09/18/2008,BVY,MA,ANE,EN,Federal Contract Tower,0,2,4,0,6,0,0,104,0,104,0,2,108,0,110,100,0,100,210
09/19/2008,BVY,MA,ANE,EN,Federal Contract Tower,0,6,12,0,18,0,0,146,0,146,0,6,158,0,164,174,0,174,338
09/20/2008,BVY,MA,ANE,EN,Federal Contract Tower,0,0,15,0,15,0,0,301,0,301,0,0,316,0,316,274,0,274,590
09/21/2008,BVY,MA,ANE,EN,Federal Contract Tower,0,1,13,0,14,0,0,227,0,227,0,1,240,0,241,166,0,166,407
09/22/2008,BVY,MA,ANE,EN,Federal Contract Tower,0,3,17,0,20,0,0,106,0,106,0,3,123,0,126,82,0,82,208
09/23/2008,BVY,MA,ANE,EN,Federal Contract Tower,0,2,15,0,17,0,0,109,0,109,0,2,124,0,126,126,0,126,252
09/24/2008,BVY,MA,ANE,EN,Federal Contract Tower,0,2,9,0,11,0,0,141,0,141,0,2,150,0,152,220,0,220,372
09/25/2008,BVY,MA,ANE,EN,Federal Contract Tower,0,2,9,0,11,0,0,125,1,126,0,2,134,1,137,166,0,166,303
09/26/2008,BVY,MA,ANE,EN,Federal Contract Tower,0,0,2,0,2,0,0,0,0,0,0,0,2,0,2,0,0,0,2
09/27/2008,BVY,MA,ANE,EN,Federal Contract Tower,0,0,1,0,1,0,0,0,0,0,0,0,1,0,1,0,0,0,1
09/28/2008,BVY,MA,ANE,EN,Federal Contract Tower,0,0,4,0,4,0,0,0,0,0,0,0,4,0,4,0,0,0,4
09/29/2008,BVY,MA,ANE,EN,Federal Contract Tower,0,3,7,0,10,0,0,43,0,43,0,3,50,0,53,62,0,62,115
09/30/2008,BVY,MA,ANE,EN,Federal Contract Tower,0,1,13,0,14,0,0,87,0,87,0,1,100,0,101,106,0,106,207
10/01/2008,BVY,MA,ANE,EN,Federal Contract Tower,0,4,7,0,11,0,0,66,0,66,0,4,73,0,77,86,0,86,163
10/02/2008,BVY,MA,ANE,EN,Federal Contract Tower,0,1,9,0,10,0,0,94,0,94,0,1,103,0,104,116,0,116,220
10/03/2008,BVY,MA,ANE,EN,Federal Contract Tower,0,3,9,0,12,0,0,66,0,66,0,3,75,0,78,0,0,0,78
10/04/2008,BVY,MA,ANE,EN,Federal Contract Tower,0,0,9,0,9,0,0,114,0,114,0,0,123,0,123,148,0,148,271
10/05/2008,BVY,MA,ANE,EN,Federal Contract Tower,0,2,13,0,15,0,0,127,0,127,0,2,140,0,142,116,0,116,258
10/06/2008,BVY,MA,ANE,EN,Federal Contract Tower,0,4,3,0,7,0,0,63,0,63,0,4,66,0,70,58,0,58,128
10/07/2008,BVY,MA,ANE,EN,Federal Contract Tower,0,4,8,0,12,0,0,136,0,136,0,4,144,0,148,100,0,100,248
10/08/2008,BVY,MA,ANE,EN,Federal Contract Tower,0,5,8,0,13,0,0,113,0,113,0,5,121,0,126,150,0,150,276
10/09/2008,BVY,MA,ANE,EN,Federal Contract Tower,0,2,8,0,10,0,0,63,0,63,0,2,71,0,73,68,0,68,141
10/10/2008,BVY,MA,ANE,EN,Federal Contract Tower,0,0,12,0,12,0,0,144,0,144,0,0,156,0,156,102,0,102,258
10/11/2008,BVY,MA,ANE,EN,Federal Contract Tower,0,0,13,0,13,0,0,144,0,144,0,0,157,0,157,226,0,226,383
10/12/2008,BVY,MA,ANE,EN,Federal Contract Tower,0,7,13,1,21,0,0,159,0,159,0,7,172,1,180,112,0,112,292
10/13/2008,BVY,MA,ANE,EN,Federal Contract Tower,0,1,13,0,14,0,0,109,0,109,0,1,122,0,123,160,0,160,283
10/14/2008,BVY,MA,ANE,EN,Federal Contract Tower,0,4,9,2,15,0,0,98,0,98,0,4,107,2,113,188,0,188,301
10/15/2008,BVY,MA,ANE,EN,Federal Contract Tower,0,2,6,0,8,0,0,99,0,99,0,2,105,0,107,88,0,88,195
10/16/2008,BVY,MA,ANE,EN,Federal Contract Tower,0,4,9,0,13,0,0,50,0,50,0,4,59,0,63,88,0,88,151
10/17/2008,BVY,MA,ANE,EN,Federal Contract Tower,0,5,8,0,13,0,0,106,0,106,0,5,114,0,119,114,0,114,233
10/18/2008,BVY,MA,ANE,EN,Federal Contract Tower,0,5,14,0,19,0,0,136,0,136,0,5,150,0,155,196,0,196,351
10/19/2008,BVY,MA,ANE,EN,Federal Contract Tower,0,6,3,1,10,0,0,97,0,97,0,6,100,1,107,76,0,76,183
10/20/2008,BVY,MA,ANE,EN,Federal Contract Tower,0,4,2,0,6,0,0,64,0,64,0,4,66,0,70,108,0,108,178
10/21/2008,BVY,MA,ANE,EN,Federal Contract Tower,0,1,15,0,16,0,0,70,0,70,0,1,85,0,86,82,0,82,168
10/22/2008,BVY,MA,ANE,EN,Federal Contract Tower,0,2,7,0,9,0,0,21,0,21,0,2,28,0,30,0,0,0,30
10/23/2008,BVY,MA,ANE,EN,Federal Contract Tower,0,4,7,0,11,0,0,102,0,102,0,4,109,0,113,84,0,84,197
10/24/2008,BVY,MA,ANE,EN,Federal Contract Tower,0,3,14,0,17,0,124,4,0,128,0,127,18,0,145,126,0,126,271
10/25/2008,BVY,MA,ANE,EN,Federal Contract Tower,0,1,10,0,11,0,0,109,0,109,0,1,119,0,120,208,0,208,328
10/26/2008,BVY,MA,ANE,EN,Federal Contract Tower,0,0,8,1,9,0,0,113,0,113,0,0,121,1,122,150,0,150,272
10/27/2008,BVY,MA,ANE,EN,Federal Contract Tower,0,0,13,0,13,0,0,90,2,92,0,0,103,2,105,216,0,216,321
10/28/2008,BVY,MA,ANE,EN,Federal Contract Tower,0,0,3,0,3,0,0,4,0,4,0,0,7,0,7,0,0,0,7
10/29/2008,BVY,MA,ANE,EN,Federal Contract Tower,0,8,8,0,16,0,0,53,2,55,0,8,61,2,71,78,0,78,149
10/30/2008,BVY,MA,ANE,EN,Federal Contract Tower,0,4,14,0,18,0,0,100,2,102,0,4,114,2,120,86,0,86,206
10/31/2008,BVY,MA,ANE,EN,Federal Contract Tower,0,5,9,0,14,0,0,139,0,139,0,5,148,0,153,142,0,142,295
11/01/2008,BVY,MA,ANE,EN,Federal Contract Tower,0,0,5,0,5,0,0,142,0,142,0,0,147,0,147,240,0,240,387
11/02/2008,BVY,MA,ANE,EN,Federal Contract Tower,0,1,11,0,12,0,0,164,0,164,0,1,175,0,176,176,0,176,352
11/03/2008,BVY,MA,ANE,EN,Federal Contract Tower,0,1,9,1,11,0,0,52,1,53,0,1,61,2,64,52,0,52,116
11/04/2008,BVY,MA,ANE,EN,Federal Contract Tower,0,2,7,0,9,0,0,100,0,100,0,2,107,0,109,106,0,106,215
11/05/2008,BVY,MA,ANE,EN,Federal Contract Tower,0,0,5,0,5,0,0,60,0,60,0,0,65,0,65,74,0,74,139
11/06/2008,BVY,MA,ANE,EN,Federal Contract Tower,0,0,3,0,3,0,0,0,0,0,0,0,3,0,3,0,0,0,3
11/07/2008,BVY,MA,ANE,EN,Federal Contract Tower,0,0,2,0,2,0,0,0,0,0,0,0,2,0,2,0,0,0,2
11/08/2008,BVY,MA,ANE,EN,Federal Contract Tower,0,2,16,0,18,0,0,0,0,0,0,2,16,0,18,0,0,0,18
11/09/2008,BVY,MA,ANE,EN,Federal Contract Tower,0,1,10,0,11,0,0,115,0,115,0,1,125,0,126,234,0,234,360
11/10/2008,BVY,MA,ANE,EN,Federal Contract Tower,0,0,13,0,13,0,0,73,4,77,0,0,86,4,90,96,0,96,186
11/11/2008,BVY,MA,ANE,EN,Federal Contract Tower,0,1,9,0,10,0,0,104,0,104,0,1,113,0,114,136,0,136,250
11/12/2008,BVY,MA,ANE,EN,Federal Contract Tower,0,0,7,0,7,0,0,79,0,79,0,0,86,0,86,132,0,132,218
11/13/2008,BVY,MA,ANE,EN,Federal Contract Tower,0,0,8,0,8,0,0,53,0,53,0,0,61,0,61,112,0,112,173
11/14/2008,BVY,MA,ANE,EN,Federal Contract Tower,0,0,0,0,0,0,0,0,0,0,0,0,0,0,0,0,0,0,0
11/15/2008,BVY,MA,ANE,EN,Federal Contract Tower,0,0,4,0,4,0,0,0,0,0,0,0,4,0,4,0,0,0,4
11/16/2008,BVY,MA,ANE,EN,Federal Contract Tower,0,0,2,0,2,0,0,47,0,47,0,0,49,0,49,78,0,78,127
11/17/2008,BVY,MA,ANE,EN,Federal Contract Tower,0,0,6,0,6,0,0,84,0,84,0,0,90,0,90,132,0,132,222
11/18/2008,BVY,MA,ANE,EN,Federal Contract Tower,0,2,4,0,6,0,0,76,0,76,0,2,80,0,82,116,0,116,198
11/19/2008,BVY,MA,ANE,EN,Federal Contract Tower,0,3,5,0,8,0,0,53,0,53,0,3,58,0,61,104,0,104,165
11/20/2008,BVY,MA,ANE,EN,Federal Contract Tower,0,0,10,0,10,0,0,76,0,76,0,0,86,0,86,104,0,104,190
11/21/2008,BVY,MA,ANE,EN,Federal Contract Tower,0,2,3,0,5,0,0,83,0,83,0,2,86,0,88,108,0,108,196
11/22/2008,BVY,MA,ANE,EN,Federal Contract Tower,0,0,3,0,3,0,0,57,0,57,0,0,60,0,60,68,0,68,128
11/23/2008,BVY,MA,ANE,EN,Federal Contract Tower,0,3,4,0,7,0,0,80,0,80,0,3,84,0,87,70,0,70,157
11/24/2008,BVY,MA,ANE,EN,Federal Contract Tower,0,5,4,0,9,0,0,76,2,78,0,5,80,2,87,112,0,112,199
11/25/2008,BVY,MA,ANE,EN,Federal Contract Tower,0,0,2,0,2,0,0,0,0,0,0,0,2,0,2,0,0,0,2
11/26/2008,BVY,MA,ANE,EN,Federal Contract Tower,0,4,20,0,24,0,0,110,0,110,0,4,130,0,134,168,0,168,302
11/27/2008,BVY,MA,ANE,EN,Federal Contract Tower,0,0,1,0,1,0,0,23,0,23,0,0,24,0,24,16,0,16,40
11/28/2008,BVY,MA,ANE,EN,Federal Contract Tower,0,0,3,0,3,0,0,37,0,37,0,0,40,0,40,60,0,60,100
11/29/2008,BVY,MA,ANE,EN,Federal Contract Tower,0,2,17,0,19,0,0,131,0,131,0,2,148,0,150,222,0,222,372
11/30/2008,BVY,MA,ANE,EN,Federal Contract Tower,0,5,10,0,15,0,0,99,0,99,0,5,109,0,114,222,0,222,336
12/01/2008,BVY,MA,ANE,EN,Federal Contract Tower,0,1,1,0,2,0,0,45,0,45,0,1,46,0,47,48,0,48,95
12/02/2008,BVY,MA,ANE,EN,Federal Contract Tower,0,2,5,0,7,0,1,97,1,99,0,3,102,1,106,120,0,120,226
12/03/2008,BVY,MA,ANE,EN,Federal Contract Tower,0,6,9,0,15,0,0,111,0,111,0,6,120,0,126,202,0,202,328
12/04/2008,BVY,MA,ANE,EN,Federal Contract Tower,0,1,9,0,10,0,0,54,0,54,0,1,63,0,64,58,0,58,122
12/05/2008,BVY,MA,ANE,EN,Federal Contract Tower,0,2,12,0,14,0,0,78,0,78,0,2,90,0,92,132,0,132,224
12/06/2008,BVY,MA,ANE,EN,Federal Contract Tower,0,0,11,0,11,0,0,126,0,126,0,0,137,0,137,226,4,230,367
12/07/2008,BVY,MA,ANE,EN,Federal Contract Tower,0,1,5,0,6,0,0,0,0,0,0,1,5,0,6,0,0,0,6
12/08/2008,BVY,MA,ANE,EN,Federal Contract Tower,0,2,2,0,4,0,0,15,0,15,0,2,17,0,19,18,0,18,37
12/09/2008,BVY,MA,ANE,EN,Federal Contract Tower,0,4,1,0,5,0,0,39,2,41,0,4,40,2,46,142,0,142,188
12/10/2008,BVY,MA,ANE,EN,Federal Contract Tower,0,1,10,0,11,0,0,3,0,3,0,1,13,0,14,0,0,0,14
12/11/2008,BVY,MA,ANE,EN,Federal Contract Tower,0,2,1,0,3,0,0,0,0,0,0,2,1,0,3,0,0,0,3
12/12/2008,BVY,MA,ANE,EN,Federal Contract Tower,0,3,4,0,7,0,0,12,0,12,0,3,16,0,19,0,0,0,19
12/13/2008,BVY,MA,ANE,EN,Federal Contract Tower,0,0,6,0,6,0,0,120,0,120,0,0,126,0,126,232,0,232,358
12/14/2008,BVY,MA,ANE,EN,Federal Contract Tower,0,1,5,0,6,0,0,121,1,122,0,1,126,1,128,180,0,180,308
12/15/2008,BVY,MA,ANE,EN,Federal Contract Tower,0,3,2,0,5,0,0,27,0,27,0,3,29,0,32,26,0,26,58
12/16/2008,BVY,MA,ANE,EN,Federal Contract Tower,0,6,3,0,9,0,0,44,0,44,0,6,47,0,53,90,0,90,143
12/17/2008,BVY,MA,ANE,EN,Federal Contract Tower,0,0,2,0,2,0,0,0,0,0,0,0,2,0,2,0,0,0,2
12/18/2008,BVY,MA,ANE,EN,Federal Contract Tower,0,3,6,0,9,0,0,94,3,97,0,3,100,3,106,138,0,138,244
12/19/2008,BVY,MA,ANE,EN,Federal Contract Tower,0,1,2,0,3,0,0,40,0,40,0,1,42,0,43,64,0,64,107
12/20/2008,BVY,MA,ANE,EN,Federal Contract Tower,0,0,0,0,0,0,0,0,0,0,0,0,0,0,0,0,0,0,0
12/21/2008,BVY,MA,ANE,EN,Federal Contract Tower,0,0,0,0,0,0,0,0,0,0,0,0,0,0,0,0,0,0,0
12/22/2008,BVY,MA,ANE,EN,Federal Contract Tower,0,0,0,0,0,0,0,16,0,16,0,0,16,0,16,0,0,0,16
12/23/2008,BVY,MA,ANE,EN,Federal Contract Tower,0,2,10,0,12,0,0,74,0,74,0,2,84,0,86,68,0,68,154
12/24/2008,BVY,MA,ANE,EN,Federal Contract Tower,0,0,2,0,2,0,0,0,0,0,0,0,2,0,2,0,0,0,2
12/25/2008,BVY,MA,ANE,EN,Federal Contract Tower,0,0,1,0,1,0,0,0,0,0,0,0,1,0,1,0,0,0,1
12/26/2008,BVY,MA,ANE,EN,Federal Contract Tower,0,5,3,0,8,0,0,96,0,96,0,5,99,0,104,112,0,112,216
12/27/2008,BVY,MA,ANE,EN,Federal Contract Tower,0,3,3,0,6,0,0,6,0,6,0,3,9,0,12,14,0,14,26
12/28/2008,BVY,MA,ANE,EN,Federal Contract Tower,0,0,12,0,12,0,0,52,0,52,0,0,64,0,64,74,0,74,138
12/29/2008,BVY,MA,ANE,EN,Federal Contract Tower,0,0,3,0,3,0,0,82,0,82,0,0,85,0,85,128,0,128,213
12/30/2008,BVY,MA,ANE,EN,Federal Contract Tower,0,0,3,0,3,0,0,13,0,13,0,0,16,0,16,4,0,4,20
12/31/2008,BVY,MA,ANE,EN,Federal Contract Tower,0,0,1,0,1,0,0,5,0,5,0,0,6,0,6,2,0,2,8
01/01/2009,BVY,MA,ANE,EN,Federal Contract Tower,0,0,2,0,2,0,0,0,0,0,0,0,2,0,2,0,0,0,2
01/02/2009,BVY,MA,ANE,EN,Federal Contract Tower,0,0,2,0,2,0,0,28,1,29,0,0,30,1,31,40,0,40,71
01/03/2009,BVY,MA,ANE,EN,Federal Contract Tower,0,1,7,0,8,0,0,62,0,62,0,1,69,0,70,132,0,132,202
01/04/2009,BVY,MA,ANE,EN,Federal Contract Tower,0,1,9,0,10,0,0,90,0,90,0,1,99,0,100,152,0,152,252
01/05/2009,BVY,MA,ANE,EN,Federal Contract Tower,0,0,5,0,5,0,0,30,0,30,0,0,35,0,35,14,0,14,49
01/06/2009,BVY,MA,ANE,EN,Federal Contract Tower,0,0,1,0,1,0,0,93,0,93,0,0,94,0,94,144,0,144,238
01/07/2009,BVY,MA,ANE,EN,Federal Contract Tower,0,0,1,0,1,0,0,0,0,0,0,0,1,0,1,0,0,0,1
01/08/2009,BVY,MA,ANE,EN,Federal Contract Tower,0,4,3,0,7,0,0,13,0,13,0,4,16,0,20,8,0,8,28
01/09/2009,BVY,MA,ANE,EN,Federal Contract Tower,0,2,9,0,11,0,0,76,0,76,0,2,85,0,87,80,0,80,167
01/10/2009,BVY,MA,ANE,EN,Federal Contract Tower,0,1,9,0,10,0,0,90,0,90,0,1,99,0,100,120,0,120,220
01/11/2009,BVY,MA,ANE,EN,Federal Contract Tower,0,0,2,0,2,0,0,6,0,6,0,0,8,0,8,0,0,0,8
01/12/2009,BVY,MA,ANE,EN,Federal Contract Tower,0,1,6,0,7,0,0,35,0,35,0,1,41,0,42,94,0,94,136
01/13/2009,BVY,MA,ANE,EN,Federal Contract Tower,0,2,3,0,5,0,0,69,0,69,0,2,72,0,74,122,0,122,196
01/14/2009,BVY,MA,ANE,EN,Federal Contract Tower,0,2,7,0,9,0,0,43,0,43,0,2,50,0,52,26,0,26,78
01/15/2009,BVY,MA,ANE,EN,Federal Contract Tower,0,2,7,2,11,0,0,37,0,37,0,2,44,2,48,42,0,42,90
01/16/2009,BVY,MA,ANE,EN,Federal Contract Tower,0,2,6,0,8,0,0,43,0,43,0,2,49,0,51,28,0,28,79
01/17/2009,BVY,MA,ANE,EN,Federal Contract Tower,0,0,5,1,6,0,0,96,0,96,0,0,101,1,102,168,0,168,270
01/18/2009,BVY,MA,ANE,EN,Federal Contract Tower,0,0,0,0,0,0,0,0,0,0,0,0,0,0,0,0,0,0,0
01/19/2009,BVY,MA,ANE,EN,Federal Contract Tower,0,0,2,0,2,0,0,39,0,39,0,0,41,0,41,66,0,66,107
01/20/2009,BVY,MA,ANE,EN,Federal Contract Tower,0,0,9,1,10,0,0,39,1,40,0,0,48,2,50,22,0,22,72
01/21/2009,BVY,MA,ANE,EN,Federal Contract Tower,0,0,6,2,8,0,0,51,3,54,0,0,57,5,62,60,0,60,122
01/22/2009,BVY,MA,ANE,EN,Federal Contract Tower,0,3,6,0,9,0,0,87,0,87,0,3,93,0,96,136,0,136,232
01/23/2009,BVY,MA,ANE,EN,Federal Contract Tower,0,2,15,1,18,0,0,77,1,78,0,2,92,2,96,114,0,114,210
01/24/2009,BVY,MA,ANE,EN,Federal Contract Tower,0,1,2,0,3,0,0,80,0,80,0,1,82,0,83,134,0,134,217
01/25/2009,BVY,MA,ANE,EN,Federal Contract Tower,0,0,5,0,5,0,0,86,4,90,0,0,91,4,95,118,0,118,213
01/26/2009,BVY,MA,ANE,EN,Federal Contract Tower,0,0,4,0,4,0,0,70,0,70,0,0,74,0,74,104,0,104,178
01/27/2009,BVY,MA,ANE,EN,Federal Contract Tower,0,0,2,0,2,0,0,68,2,70,0,0,70,2,72,90,0,90,162
01/28/2009,BVY,MA,ANE,EN,Federal Contract Tower,0,0,2,0,2,0,0,0,0,0,0,0,2,0,2,0,0,0,2
01/29/2009,BVY,MA,ANE,EN,Federal Contract Tower,0,0,0,0,0,0,0,39,0,39,0,0,39,0,39,60,0,60,99
01/30/2009,BVY,MA,ANE,EN,Federal Contract Tower,0,2,9,1,12,0,0,79,5,84,0,2,88,6,96,92,0,92,188
01/31/2009,BVY,MA,ANE,EN,Federal Contract Tower,0,0,6,0,6,0,0,76,0,76,0,0,82,0,82,112,0,112,194
02/01/2009,BVY,MA,ANE,EN,Federal Contract Tower,0,1,6,0,7,0,0,93,0,93,0,1,99,0,100,136,0,136,236
02/02/2009,BVY,MA,ANE,EN,Federal Contract Tower,0,0,3,3,6,0,0,95,0,95,0,0,98,3,101,148,0,148,249
02/03/2009,BVY,MA,ANE,EN,Federal Contract Tower,0,0,0,0,0,0,0,3,0,3,0,0,3,0,3,0,0,0,3
02/04/2009,BVY,MA,ANE,EN,Federal Contract Tower,0,2,5,0,7,0,0,42,2,44,0,2,47,2,51,22,0,22,73
02/05/2009,BVY,MA,ANE,EN,Federal Contract Tower,0,3,2,0,5,0,0,65,0,65,0,3,67,0,70,56,0,56,126
02/06/2009,BVY,MA,ANE,EN,Federal Contract Tower,0,1,7,0,8,0,0,50,0,50,0,1,57,0,58,40,0,40,98
02/07/2009,BVY,MA,ANE,EN,Federal Contract Tower,0,2,4,0,6,0,0,122,2,124,0,2,126,2,130,130,0,130,260
02/08/2009,BVY,MA,ANE,EN,Federal Contract Tower,0,1,6,0,7,0,0,19,0,19,0,1,25,0,26,0,0,0,26
02/09/2009,BVY,MA,ANE,EN,Federal Contract Tower,0,0,7,0,7,0,0,76,0,76,0,0,83,0,83,134,0,134,217
02/10/2009,BVY,MA,ANE,EN,Federal Contract Tower,0,1,6,0,7,0,0,71,0,71,0,1,77,0,78,94,0,94,172
02/11/2009,BVY,MA,ANE,EN,Federal Contract Tower,0,0,6,0,6,0,0,54,0,54,0,0,60,0,60,116,0,116,176
02/12/2009,BVY,MA,ANE,EN,Federal Contract Tower,0,2,2,0,4,0,2,42,0,44,0,4,44,0,48,64,0,64,112
02/13/2009,BVY,MA,ANE,EN,Federal Contract Tower,0,4,6,0,10,0,0,45,0,45,0,4,51,0,55,28,0,28,83
02/14/2009,BVY,MA,ANE,EN,Federal Contract Tower,0,0,4,0,4,0,0,75,0,75,0,0,79,0,79,106,0,106,185
02/15/2009,BVY,MA,ANE,EN,Federal Contract Tower,0,0,4,0,4,0,0,137,0,137,0,0,141,0,141,204,0,204,345
02/16/2009,BVY,MA,ANE,EN,Federal Contract Tower,0,0,9,0,9,0,0,119,0,119,0,0,128,0,128,140,0,140,268
02/17/2009,BVY,MA,ANE,EN,Federal Contract Tower,0,4,5,0,9,0,0,75,0,75,0,4,80,0,84,86,0,86,170
02/18/2009,BVY,MA,ANE,EN,Federal Contract Tower,0,2,3,0,5,0,0,48,2,50,0,2,51,2,55,110,0,110,165
02/19/2009,BVY,MA,ANE,EN,Federal Contract Tower,0,2,7,0,9,0,0,51,0,51,0,2,58,0,60,58,0,58,118
02/20/2009,BVY,MA,ANE,EN,Federal Contract Tower,0,3,4,0,7,0,0,29,0,29,0,3,33,0,36,20,0,20,56
02/21/2009,BVY,MA,ANE,EN,Federal Contract Tower,0,2,6,0,8,0,0,104,0,104,0,2,110,0,112,130,0,130,242
02/22/2009,BVY,MA,ANE,EN,Federal Contract Tower,0,3,2,0,5,0,0,20,0,20,0,3,22,0,25,90,0,90,115
02/23/2009,BVY,MA,ANE,EN,Federal Contract Tower,0,1,0,0,1,0,0,17,0,17,0,1,17,0,18,0,0,0,18
02/24/2009,BVY,MA,ANE,EN,Federal Contract Tower,0,1,8,0,9,0,0,92,0,92,0,1,100,0,101,102,0,102,203
02/25/2009,BVY,MA,ANE,EN,Federal Contract Tower,0,0,7,0,7,0,0,89,0,89,0,0,96,0,96,180,0,180,276
02/26/2009,BVY,MA,ANE,EN,Federal Contract Tower,0,0,9,0,9,0,0,61,0,61,0,0,70,0,70,102,0,102,172
02/27/2009,BVY,MA,ANE,EN,Federal Contract Tower,0,0,3,0,3,0,0,42,0,42,0,0,45,0,45,18,0,18,63
02/28/2009,BVY,MA,ANE,EN,Federal Contract Tower,0,0,7,0,7,0,0,110,1,111,0,0,117,1,118,230,0,230,348
03/01/2009,BVY,MA,ANE,EN,Federal Contract Tower,0,0,2,0,2,0,0,0,0,0,0,0,2,0,2,0,0,0,2
03/02/2009,BVY,MA,ANE,EN,Federal Contract Tower,0,0,0,0,0,0,0,0,0,0,0,0,0,0,0,0,0,0,0
03/03/2009,BVY,MA,ANE,EN,Federal Contract Tower,0,0,3,0,3,0,0,35,0,35,0,0,38,0,38,52,0,52,90
03/04/2009,BVY,MA,ANE,EN,Federal Contract Tower,0,3,9,0,12,0,0,73,0,73,0,3,82,0,85,120,0,120,205
03/05/2009,BVY,MA,ANE,EN,Federal Contract Tower,0,0,2,0,2,0,0,85,0,85,0,0,87,0,87,78,0,78,165
03/06/2009,BVY,MA,ANE,EN,Federal Contract Tower,0,0,3,0,3,0,2,93,1,96,0,2,96,1,99,114,0,114,213
03/07/2009,BVY,MA,ANE,EN,Federal Contract Tower,0,1,11,0,12,0,0,162,0,162,0,1,173,0,174,278,0,278,452
03/08/2009,BVY,MA,ANE,EN,Federal Contract Tower,0,2,5,0,7,0,0,67,0,67,0,2,72,0,74,70,0,70,144
03/09/2009,BVY,MA,ANE,EN,Federal Contract Tower,0,1,0,0,1,0,0,0,0,0,0,1,0,0,1,0,0,0,1
03/10/2009,BVY,MA,ANE,EN,Federal Contract Tower,0,1,5,0,6,0,0,96,0,96,0,1,101,0,102,202,0,202,304
03/11/2009,BVY,MA,ANE,EN,Federal Contract Tower,0,0,9,0,9,0,1,0,0,1,0,1,9,0,10,0,0,0,10
03/12/2009,BVY,MA,ANE,EN,Federal Contract Tower,0,0,4,0,4,0,0,55,0,55,0,0,59,0,59,88,0,88,147
03/13/2009,BVY,MA,ANE,EN,Federal Contract Tower,0,4,6,0,10,0,0,106,0,106,0,4,112,0,116,168,0,168,284
03/14/2009,BVY,MA,ANE,EN,Federal Contract Tower,0,0,11,0,11,0,0,137,0,137,0,0,148,0,148,188,0,188,336
03/15/2009,BVY,MA,ANE,EN,Federal Contract Tower,0,1,14,0,15,0,0,164,0,164,0,1,178,0,179,212,0,212,391
03/16/2009,BVY,MA,ANE,EN,Federal Contract Tower,0,2,8,0,10,0,0,74,0,74,0,2,82,0,84,82,0,82,166
03/17/2009,BVY,MA,ANE,EN,Federal Contract Tower,0,3,7,0,10,0,0,107,0,107,0,3,114,0,117,150,0,150,267
03/18/2009,BVY,MA,ANE,EN,Federal Contract Tower,0,3,8,0,11,0,0,67,0,67,0,3,75,0,78,64,0,64,142
03/19/2009,BVY,MA,ANE,EN,Federal Contract Tower,0,1,5,0,6,0,0,57,0,57,0,1,62,0,63,68,6,74,137
03/20/2009,BVY,MA,ANE,EN,Federal Contract Tower,0,6,4,0,10,0,0,103,0,103,0,6,107,0,113,152,0,152,265
03/21/2009,BVY,MA,ANE,EN,Federal Contract Tower,0,3,11,0,14,0,0,127,2,129,0,3,138,2,143,142,0,142,285
03/22/2009,BVY,MA,ANE,EN,Federal Contract Tower,0,0,14,0,14,0,0,123,0,123,0,0,137,0,137,156,0,156,293
03/23/2009,BVY,MA,ANE,EN,Federal Contract Tower,0,0,5,0,5,0,0,35,1,36,0,0,40,1,41,0,0,0,41
03/24/2009,BVY,MA,ANE,EN,Federal Contract Tower,0,1,8,0,9,0,0,23,0,23,0,1,31,0,32,44,0,44,76
03/25/2009,BVY,MA,ANE,EN,Federal Contract Tower,0,1,17,0,18,0,0,112,0,112,0,1,129,0,130,174,0,174,304
03/26/2009,BVY,MA,ANE,EN,Federal Contract Tower,0,3,7,0,10,0,0,73,0,73,0,3,80,0,83,64,0,64,147
03/27/2009,BVY,MA,ANE,EN,Federal Contract Tower,0,2,5,0,7,0,0,38,0,38,0,2,43,0,45,42,0,42,87
03/28/2009,BVY,MA,ANE,EN,Federal Contract Tower,0,1,16,0,17,0,0,67,0,67,0,1,83,0,84,168,0,168,252
03/29/2009,BVY,MA,ANE,EN,Federal Contract Tower,0,1,4,0,5,0,0,0,0,0,0,1,4,0,5,0,0,0,5
03/30/2009,BVY,MA,ANE,EN,Federal Contract Tower,0,2,9,0,11,0,0,10,0,10,0,2,19,0,21,0,0,0,21
03/31/2009,BVY,MA,ANE,EN,Federal Contract Tower,0,4,5,0,9,0,0,127,0,127,0,4,132,0,136,244,0,244,380
04/01/2009,BVY,MA,ANE,EN,Federal Contract Tower,0,1,13,0,14,0,0,70,0,70,0,1,83,0,84,72,0,72,156
04/02/2009,BVY,MA,ANE,EN,Federal Contract Tower,0,3,2,0,5,0,0,26,0,26,0,3,28,0,31,44,0,44,75
04/03/2009,BVY,MA,ANE,EN,Federal Contract Tower,0,0,2,0,2,0,0,0,0,0,0,0,2,0,2,0,0,0,2
04/04/2009,BVY,MA,ANE,EN,Federal Contract Tower,0,1,11,0,12,0,0,43,4,47,0,1,54,4,59,46,0,46,105
04/05/2009,BVY,MA,ANE,EN,Federal Contract Tower,0,2,5,0,7,0,0,88,0,88,0,2,93,0,95,40,0,40,135
04/06/2009,BVY,MA,ANE,EN,Federal Contract Tower,0,1,8,0,9,0,0,23,0,23,0,1,31,0,32,40,0,40,72
04/07/2009,BVY,MA,ANE,EN,Federal Contract Tower,0,2,6,0,8,0,0,0,0,0,0,2,6,0,8,16,0,16,24
04/08/2009,BVY,MA,ANE,EN,Federal Contract Tower,0,0,8,0,8,0,0,85,2,87,0,0,93,2,95,78,0,78,173
04/09/2009,BVY,MA,ANE,EN,Federal Contract Tower,0,4,10,0,14,0,0,112,0,112,0,4,122,0,126,140,0,140,266
04/10/2009,BVY,MA,ANE,EN,Federal Contract Tower,0,6,11,0,17,0,0,102,2,104,0,6,113,2,121,156,0,156,277
04/11/2009,BVY,MA,ANE,EN,Federal Contract Tower,0,0,3,0,3,0,0,0,0,0,0,0,3,0,3,0,0,0,3
04/12/2009,BVY,MA,ANE,EN,Federal Contract Tower,0,0,5,0,5,0,0,33,0,33,0,0,38,0,38,68,0,68,106
04/13/2009,BVY,MA,ANE,EN,Federal Contract Tower,0,2,4,0,6,0,0,75,0,75,0,2,79,0,81,6,0,6,87
04/14/2009,BVY,MA,ANE,EN,Federal Contract Tower,0,1,2,0,3,0,0,114,1,115,0,1,116,1,118,178,0,178,296
04/15/2009,BVY,MA,ANE,EN,Federal Contract Tower,0,6,12,0,18,0,0,87,0,87,0,6,99,0,105,19,0,19,124
04/16/2009,BVY,MA,ANE,EN,Federal Contract Tower,0,3,6,0,9,0,1,71,0,72,0,4,77,0,81,102,0,102,183
04/17/2009,BVY,MA,ANE,EN,Federal Contract Tower,0,4,11,0,15,0,0,118,0,118,0,4,129,0,133,110,0,110,243
04/18/2009,BVY,MA,ANE,EN,Federal Contract Tower,0,2,12,0,14,0,0,113,0,113,0,2,125,0,127,232,0,232,359
04/19/2009,BVY,MA,ANE,EN,Federal Contract Tower,0,0,14,0,14,0,0,123,0,123,0,0,137,0,137,100,0,100,237
04/20/2009,BVY,MA,ANE,EN,Federal Contract Tower,0,1,8,0,9,0,0,75,0,75,0,1,83,0,84,44,0,44,128
04/21/2009,BVY,MA,ANE,EN,Federal Contract Tower,0,1,1,0,2,0,0,0,0,0,0,1,1,0,2,0,0,0,2
04/22/2009,BVY,MA,ANE,EN,Federal Contract Tower,0,1,8,0,9,0,0,42,0,42,0,1,50,0,51,108,0,108,159
04/23/2009,BVY,MA,ANE,EN,Federal Contract Tower,0,3,8,0,11,0,0,62,0,62,0,3,70,0,73,46,0,46,119
04/24/2009,BVY,MA,ANE,EN,Federal Contract Tower,0,3,5,0,8,0,0,115,0,115,0,3,120,0,123,206,0,206,329
04/25/2009,BVY,MA,ANE,EN,Federal Contract Tower,0,3,14,0,17,0,0,161,2,163,0,3,175,2,180,198,0,198,378
04/26/2009,BVY,MA,ANE,EN,Federal Contract Tower,0,1,18,0,19,0,0,135,2,137,0,1,153,2,156,114,0,114,270
04/27/2009,BVY,MA,ANE,EN,Federal Contract Tower,0,1,8,0,9,0,0,86,0,86,0,1,94,0,95,114,0,114,209
04/28/2009,BVY,MA,ANE,EN,Federal Contract Tower,0,1,5,0,6,0,0,111,0,111,0,1,116,0,117,80,0,80,197
04/29/2009,BVY,MA,ANE,EN,Federal Contract Tower,0,3,13,0,16,0,0,74,7,81,0,3,87,7,97,80,0,80,177
04/30/2009,BVY,MA,ANE,EN,Federal Contract Tower,0,1,13,0,14,0,0,111,5,116,0,1,124,5,130,102,0,102,232
05/01/2009,BVY,MA,ANE,EN,Federal Contract Tower,0,1,9,0,10,0,0,25,1,26,0,1,34,1,36,36,0,36,72
05/02/2009,BVY,MA,ANE,EN,Federal Contract Tower,0,1,7,0,8,0,0,72,2,74,0,1,79,2,82,118,0,118,200
05/03/2009,BVY,MA,ANE,EN,Federal Contract Tower,0,4,10,1,15,0,0,116,2,118,0,4,126,3,133,164,0,164,297
05/04/2009,BVY,MA,ANE,EN,Federal Contract Tower,0,1,11,0,12,0,0,84,1,85,0,1,95,1,97,104,0,104,201
05/05/2009,BVY,MA,ANE,EN,Federal Contract Tower,0,0,4,0,4,0,0,4,0,4,0,0,8,0,8,0,0,0,8
05/06/2009,BVY,MA,ANE,EN,Federal Contract Tower,0,1,12,0,13,0,0,34,0,34,0,1,46,0,47,94,0,94,141
05/07/2009,BVY,MA,ANE,EN,Federal Contract Tower,0,3,6,0,9,0,0,8,0,8,0,3,14,0,17,10,0,10,27
05/08/2009,BVY,MA,ANE,EN,Federal Contract Tower,0,1,9,0,10,0,0,88,0,88,0,1,97,0,98,76,0,76,174
05/09/2009,BVY,MA,ANE,EN,Federal Contract Tower,0,3,15,0,18,0,0,94,0,94,0,3,109,0,112,156,0,156,268
05/10/2009,BVY,MA,ANE,EN,Federal Contract Tower,0,2,3,0,5,0,0,46,0,46,0,2,49,0,51,42,0,42,93
05/11/2009,BVY,MA,ANE,EN,Federal Contract Tower,0,4,8,0,12,0,0,95,2,97,0,4,103,2,109,90,0,90,199
05/12/2009,BVY,MA,ANE,EN,Federal Contract Tower,0,2,11,0,13,0,0,106,0,106,0,2,117,0,119,120,0,120,239
05/13/2009,BVY,MA,ANE,EN,Federal Contract Tower,0,2,7,0,9,0,0,125,2,127,0,2,132,2,136,148,0,148,284
05/14/2009,BVY,MA,ANE,EN,Federal Contract Tower,0,2,3,0,5,0,0,16,0,16,0,2,19,0,21,24,0,24,45
05/15/2009,BVY,MA,ANE,EN,Federal Contract Tower,0,1,22,0,23,0,0,92,0,92,0,1,114,0,115,122,0,122,237
05/16/2009,BVY,MA,ANE,EN,Federal Contract Tower,0,3,33,0,36,0,0,39,0,39,0,3,72,0,75,46,0,46,121
05/17/2009,BVY,MA,ANE,EN,Federal Contract Tower,0,1,11,0,12,0,0,63,0,63,0,1,74,0,75,40,0,40,115
05/18/2009,BVY,MA,ANE,EN,Federal Contract Tower,0,1,20,0,21,0,0,121,0,121,0,1,141,0,142,152,0,152,294
05/19/2009,BVY,MA,ANE,EN,Federal Contract Tower,0,1,6,0,7,0,0,138,2,140,0,1,144,2,147,136,0,136,283
05/20/2009,BVY,MA,ANE,EN,Federal Contract Tower,0,5,13,0,18,0,0,145,0,145,0,5,158,0,163,228,0,228,391
05/21/2009,BVY,MA,ANE,EN,Federal Contract Tower,0,0,12,0,12,0,0,72,0,72,0,0,84,0,84,60,0,60,144
05/22/2009,BVY,MA,ANE,EN,Federal Contract Tower,0,1,11,0,12,0,0,128,0,128,0,1,139,0,140,162,0,162,302
05/23/2009,BVY,MA,ANE,EN,Federal Contract Tower,0,0,14,0,14,0,0,124,1,125,0,0,138,1,139,162,0,162,301
05/24/2009,BVY,MA,ANE,EN,Federal Contract Tower,0,1,6,0,7,0,0,53,0,53,0,1,59,0,60,76,0,76,136
05/25/2009,BVY,MA,ANE,EN,Federal Contract Tower,0,0,10,0,10,0,0,125,0,125,0,0,135,0,135,154,0,154,289
05/26/2009,BVY,MA,ANE,EN,Federal Contract Tower,0,2,7,0,9,0,0,113,2,115,0,2,120,2,124,122,2,124,248
05/27/2009,BVY,MA,ANE,EN,Federal Contract Tower,0,2,16,0,18,0,0,7,0,7,0,2,23,0,25,34,0,34,59
05/28/2009,BVY,MA,ANE,EN,Federal Contract Tower,0,5,7,0,12,0,0,0,0,0,0,5,7,0,12,0,0,0,12
05/29/2009,BVY,MA,ANE,EN,Federal Contract Tower,0,3,9,0,12,0,0,1,0,1,0,3,10,0,13,0,0,0,13
05/30/2009,BVY,MA,ANE,EN,Federal Contract Tower,0,0,13,0,13,0,0,132,1,133,0,0,145,1,146,164,0,164,310
05/31/2009,BVY,MA,ANE,EN,Federal Contract Tower,0,3,10,0,13,0,0,117,0,117,0,3,127,0,130,124,0,124,254
06/01/2009,BVY,MA,ANE,EN,Federal Contract Tower,0,0,9,0,9,0,0,109,0,109,0,0,118,0,118,148,0,148,266
06/02/2009,BVY,MA,ANE,EN,Federal Contract Tower,0,1,4,0,5,0,0,126,0,126,0,1,130,0,131,116,0,116,247
06/03/2009,BVY,MA,ANE,EN,Federal Contract Tower,0,0,10,0,10,0,0,97,2,99,0,0,107,2,109,108,0,108,217
06/04/2009,BVY,MA,ANE,EN,Federal Contract Tower,0,0,6,0,6,0,2,78,21,101,0,2,84,21,107,114,0,114,221
06/05/2009,BVY,MA,ANE,EN,Federal Contract Tower,0,3,15,1,19,0,0,41,0,41,0,3,56,1,60,98,0,98,158
06/06/2009,BVY,MA,ANE,EN,Federal Contract Tower,0,3,24,0,27,0,0,69,0,69,0,3,93,0,96,132,0,132,228
06/07/2009,BVY,MA,ANE,EN,Federal Contract Tower,0,4,8,0,12,0,0,140,0,140,0,4,148,0,152,78,0,78,230
06/08/2009,BVY,MA,ANE,EN,Federal Contract Tower,0,2,15,0,17,0,0,117,0,117,0,2,132,0,134,84,0,84,218
06/09/2009,BVY,MA,ANE,EN,Federal Contract Tower,0,0,2,0,2,0,0,44,0,44,0,0,46,0,46,30,0,30,76
06/10/2009,BVY,MA,ANE,EN,Federal Contract Tower,0,2,26,0,28,0,0,22,0,22,0,2,48,0,50,48,0,48,98
06/11/2009,BVY,MA,ANE,EN,Federal Contract Tower,0,1,20,0,21,0,0,34,0,34,0,1,54,0,55,44,0,44,99
06/12/2009,BVY,MA,ANE,EN,Federal Contract Tower,0,5,4,0,9,0,0,29,0,29,0,5,33,0,38,40,0,40,78
06/13/2009,BVY,MA,ANE,EN,Federal Contract Tower,0,1,16,0,17,0,0,121,0,121,0,1,137,0,138,130,0,130,268
06/14/2009,BVY,MA,ANE,EN,Federal Contract Tower,0,3,21,0,24,0,0,22,0,22,0,3,43,0,46,24,0,24,70
06/15/2009,BVY,MA,ANE,EN,Federal Contract Tower,0,1,14,0,15,0,0,47,0,47,0,1,61,0,62,62,0,62,124
06/16/2009,BVY,MA,ANE,EN,Federal Contract Tower,0,2,17,0,19,0,0,119,0,119,0,2,136,0,138,162,0,162,300
06/17/2009,BVY,MA,ANE,EN,Federal Contract Tower,0,3,10,0,13,0,0,137,0,137,0,3,147,0,150,156,0,156,306
06/18/2009,BVY,MA,ANE,EN,Federal Contract Tower,0,4,11,0,15,0,0,52,0,52,0,4,63,0,67,66,0,66,133
06/19/2009,BVY,MA,ANE,EN,Federal Contract Tower,0,1,9,0,10,0,0,0,0,0,0,1,9,0,10,0,0,0,10
06/20/2009,BVY,MA,ANE,EN,Federal Contract Tower,0,2,19,0,21,0,0,73,0,73,0,2,92,0,94,150,0,150,244
06/21/2009,BVY,MA,ANE,EN,Federal Contract Tower,0,0,7,0,7,0,0,0,0,0,0,0,7,0,7,0,0,0,7
06/22/2009,BVY,MA,ANE,EN,Federal Contract Tower,0,0,8,0,8,0,0,0,0,0,0,0,8,0,8,0,0,0,8
06/23/2009,BVY,MA,ANE,EN,Federal Contract Tower,0,0,23,0,23,0,0,4,0,4,0,0,27,0,27,6,0,6,33
06/24/2009,BVY,MA,ANE,EN,Federal Contract Tower,0,0,3,0,3,0,0,0,0,0,0,0,3,0,3,0,0,0,3
06/25/2009,BVY,MA,ANE,EN,Federal Contract Tower,0,0,9,0,9,0,0,72,0,72,0,0,81,0,81,24,0,24,105
06/26/2009,BVY,MA,ANE,EN,Federal Contract Tower,0,2,8,0,10,0,0,81,0,81,0,2,89,0,91,96,0,96,187
06/27/2009,BVY,MA,ANE,EN,Federal Contract Tower,0,1,18,0,19,0,0,114,0,114,0,1,132,0,133,158,0,158,291
06/28/2009,BVY,MA,ANE,EN,Federal Contract Tower,0,1,2,0,3,0,0,0,0,0,0,1,2,0,3,0,0,0,3
06/29/2009,BVY,MA,ANE,EN,Federal Contract Tower,0,4,13,0,17,0,0,25,0,25,0,4,38,0,42,90,0,90,132
06/30/2009,BVY,MA,ANE,EN,Federal Contract Tower,0,0,13,0,13,0,0,0,0,0,0,0,13,0,13,0,0,0,13
07/01/2009,BVY,MA,ANE,EN,Federal Contract Tower,0,0,0,0,0,0,0,0,0,0,0,0,0,0,0,0,0,0,0
07/02/2009,BVY,MA,ANE,EN,Federal Contract Tower,0,0,6,0,6,0,0,0,0,0,0,0,6,0,6,0,0,0,6
07/03/2009,BVY,MA,ANE,EN,Federal Contract Tower,0,2,19,0,21,0,0,44,0,44,0,2,63,0,65,80,20,100,165
07/04/2009,BVY,MA,ANE,EN,Federal Contract Tower,0,4,8,0,12,0,0,48,0,48,0,4,56,0,60,40,0,40,100
07/05/2009,BVY,MA,ANE,EN,Federal Contract Tower,0,2,11,0,13,0,0,126,0,126,0,2,137,0,139,136,0,136,275
07/06/2009,BVY,MA,ANE,EN,Federal Contract Tower,0,2,7,0,9,0,0,157,0,157,0,2,164,0,166,184,2,186,352
07/07/2009,BVY,MA,ANE,EN,Federal Contract Tower,0,1,2,0,3,0,0,0,0,0,0,1,2,0,3,0,0,0,3
07/08/2009,BVY,MA,ANE,EN,Federal Contract Tower,0,0,20,0,20,0,0,4,0,4,0,0,24,0,24,22,0,22,46
07/09/2009,BVY,MA,ANE,EN,Federal Contract Tower,0,3,7,0,10,0,0,127,1,128,0,3,134,1,138,174,0,174,312
07/10/2009,BVY,MA,ANE,EN,Federal Contract Tower,0,4,12,0,16,0,0,171,0,171,0,4,183,0,187,244,0,244,431
07/11/2009,BVY,MA,ANE,EN,Federal Contract Tower,0,2,10,0,12,0,0,107,12,119,0,2,117,12,131,136,0,136,267
07/12/2009,BVY,MA,ANE,EN,Federal Contract Tower,0,3,9,0,12,0,0,98,0,98,0,3,107,0,110,86,0,86,196
07/13/2009,BVY,MA,ANE,EN,Federal Contract Tower,0,3,12,0,15,0,0,108,0,108,0,3,120,0,123,120,0,120,243
07/14/2009,BVY,MA,ANE,EN,Federal Contract Tower,0,1,1,0,2,0,0,113,0,113,0,1,114,0,115,130,0,130,245
07/15/2009,BVY,MA,ANE,EN,Federal Contract Tower,0,1,13,0,14,0,0,108,1,109,0,1,121,1,123,138,0,138,261
07/16/2009,BVY,MA,ANE,EN,Federal Contract Tower,0,4,6,0,10,0,0,62,0,62,0,4,68,0,72,30,0,30,102
07/17/2009,BVY,MA,ANE,EN,Federal Contract Tower,0,4,10,1,15,0,0,101,0,101,0,4,111,1,116,122,0,122,238
07/18/2009,BVY,MA,ANE,EN,Federal Contract Tower,0,0,17,0,17,0,2,36,0,38,0,2,53,0,55,90,0,90,145
07/19/2009,BVY,MA,ANE,EN,Federal Contract Tower,0,3,12,0,15,0,0,115,5,120,0,3,127,5,135,100,0,100,235
07/20/2009,BVY,MA,ANE,EN,Federal Contract Tower,0,0,6,0,6,0,0,109,0,109,0,0,115,0,115,64,0,64,179
07/21/2009,BVY,MA,ANE,EN,Federal Contract Tower,0,2,11,3,16,0,0,13,0,13,0,2,24,3,29,26,0,26,55
07/22/2009,BVY,MA,ANE,EN,Federal Contract Tower,0,5,12,0,17,0,0,39,0,39,0,5,51,0,56,50,0,50,106
07/23/2009,BVY,MA,ANE,EN,Federal Contract Tower,0,2,14,0,16,0,0,1,0,1,0,2,15,0,17,0,0,0,17
07/24/2009,BVY,MA,ANE,EN,Federal Contract Tower,0,3,15,0,18,0,0,13,0,13,0,3,28,0,31,12,0,12,43
07/25/2009,BVY,MA,ANE,EN,Federal Contract Tower,0,2,19,0,21,0,0,136,0,136,0,2,155,0,157,200,0,200,357
07/26/2009,BVY,MA,ANE,EN,Federal Contract Tower,0,1,5,0,6,0,0,53,0,53,0,1,58,0,59,120,0,120,179
07/27/2009,BVY,MA,ANE,EN,Federal Contract Tower,0,1,12,0,13,0,0,86,0,86,0,1,98,0,99,102,0,102,201
07/28/2009,BVY,MA,ANE,EN,Federal Contract Tower,0,1,12,0,13,0,0,114,2,116,0,1,126,2,129,124,0,124,253
07/29/2009,BVY,MA,ANE,EN,Federal Contract Tower,0,5,18,0,23,0,0,69,0,69,0,5,87,0,92,104,0,104,196
07/30/2009,BVY,MA,ANE,EN,Federal Contract Tower,0,3,10,0,13,0,0,56,0,56,0,3,66,0,69,52,0,52,121
07/31/2009,BVY,MA,ANE,EN,Federal Contract Tower,0,1,13,0,14,0,0,26,1,27,0,1,39,1,41,52,0,52,93
08/01/2009,BVY,MA,ANE,EN,Federal Contract Tower,0,3,6,1,10,0,4,129,0,133,0,7,135,1,143,180,0,180,323
08/02/2009,BVY,MA,ANE,EN,Federal Contract Tower,0,0,14,0,14,0,0,47,0,47,0,0,61,0,61,80,0,80,141
08/03/2009,BVY,MA,ANE,EN,Federal Contract Tower,0,4,10,0,14,0,0,93,0,93,0,4,103,0,107,100,0,100,207
08/04/2009,BVY,MA,ANE,EN,Federal Contract Tower,0,0,10,0,10,0,0,124,1,125,0,0,134,1,135,104,0,104,239
08/05/2009,BVY,MA,ANE,EN,Federal Contract Tower,0,4,17,0,21,0,0,79,0,79,0,4,96,0,100,102,0,102,202
08/06/2009,BVY,MA,ANE,EN,Federal Contract Tower,0,2,11,1,14,0,0,153,3,156,0,2,164,4,170,188,0,188,358
08/07/2009,BVY,MA,ANE,EN,Federal Contract Tower,0,0,6,0,6,0,0,159,0,159,0,0,165,0,165,140,0,140,305
08/08/2009,BVY,MA,ANE,EN,Federal Contract Tower,0,1,9,0,10,0,0,143,0,143,0,1,152,0,153,70,0,70,223
08/09/2009,BVY,MA,ANE,EN,Federal Contract Tower,0,10,4,0,14,0,0,127,0,127,0,10,131,0,141,100,0,100,241
08/10/2009,BVY,MA,ANE,EN,Federal Contract Tower,0,0,21,0,21,0,0,57,0,57,0,0,78,0,78,14,0,14,92
08/11/2009,BVY,MA,ANE,EN,Federal Contract Tower,0,3,19,0,22,0,0,58,0,58,0,3,77,0,80,56,0,56,136
08/12/2009,BVY,MA,ANE,EN,Federal Contract Tower,0,0,15,0,15,0,0,10,0,10,0,0,25,0,25,6,0,6,31
08/13/2009,BVY,MA,ANE,EN,Federal Contract Tower,0,2,16,0,18,0,0,38,0,38,0,2,54,0,56,48,0,48,104
08/14/2009,BVY,MA,ANE,EN,Federal Contract Tower,0,3,13,0,16,0,0,144,4,148,0,3,157,4,164,184,0,184,348
08/15/2009,BVY,MA,ANE,EN,Federal Contract Tower,0,1,10,0,11,0,0,129,0,129,0,1,139,0,140,138,0,138,278
08/16/2009,BVY,MA,ANE,EN,Federal Contract Tower,0,0,3,0,3,0,0,123,0,123,0,0,126,0,126,86,0,86,212
08/17/2009,BVY,MA,ANE,EN,Federal Contract Tower,0,1,5,0,6,0,0,94,0,94,0,1,99,0,100,172,0,172,272
08/18/2009,BVY,MA,ANE,EN,Federal Contract Tower,0,5,15,0,20,0,0,95,1,96,0,5,110,1,116,116,0,116,232
08/19/2009,BVY,MA,ANE,EN,Federal Contract Tower,0,3,11,0,14,0,0,110,0,110,0,3,121,0,124,126,0,126,250
08/20/2009,BVY,MA,ANE,EN,Federal Contract Tower,0,3,5,0,8,0,0,88,2,90,0,3,93,2,98,86,0,86,184
08/21/2009,BVY,MA,ANE,EN,Federal Contract Tower,0,5,11,0,16,0,0,56,0,56,0,5,67,0,72,68,0,68,140
08/22/2009,BVY,MA,ANE,EN,Federal Contract Tower,0,1,13,0,14,0,0,56,0,56,0,1,69,0,70,32,0,32,102
08/23/2009,BVY,MA,ANE,EN,Federal Contract Tower,0,2,9,0,11,0,0,43,0,43,0,2,52,0,54,68,0,68,122
08/24/2009,BVY,MA,ANE,EN,Federal Contract Tower,0,0,13,0,13,0,0,29,1,30,0,0,42,1,43,58,0,58,101
08/25/2009,BVY,MA,ANE,EN,Federal Contract Tower,0,0,6,0,6,0,0,95,1,96,0,0,101,1,102,136,0,136,238
08/26/2009,BVY,MA,ANE,EN,Federal Contract Tower,0,2,3,0,5,0,0,82,1,83,0,2,85,1,88,22,0,22,110
08/27/2009,BVY,MA,ANE,EN,Federal Contract Tower,0,3,12,2,17,0,0,105,0,105,0,3,117,2,122,62,0,62,184
08/28/2009,BVY,MA,ANE,EN,Federal Contract Tower,0,5,20,0,25,0,0,85,3,88,0,5,105,3,113,90,0,90,203
08/29/2009,BVY,MA,ANE,EN,Federal Contract Tower,0,0,0,0,0,0,0,0,0,0,0,0,0,0,0,0,0,0,0
08/30/2009,BVY,MA,ANE,EN,Federal Contract Tower,0,3,10,0,13,0,0,59,0,59,0,3,69,0,72,98,0,98,170
08/31/2009,BVY,MA,ANE,EN,Federal Contract Tower,0,1,6,0,7,0,0,85,2,87,0,1,91,2,94,92,0,92,186
09/01/2009,BVY,MA,ANE,EN,Federal Contract Tower,0,0,18,0,18,0,0,92,10,102,0,0,110,10,120,106,16,122,242
09/02/2009,BVY,MA,ANE,EN,Federal Contract Tower,0,0,12,0,12,0,0,103,1,104,0,0,115,1,116,70,2,72,188
09/03/2009,BVY,MA,ANE,EN,Federal Contract Tower,0,3,17,0,20,0,0,78,0,78,0,3,95,0,98,60,0,60,158
09/04/2009,BVY,MA,ANE,EN,Federal Contract Tower,0,3,14,0,17,0,0,105,1,106,0,3,119,1,123,134,0,134,257
09/05/2009,BVY,MA,ANE,EN,Federal Contract Tower,0,0,18,0,18,0,2,114,2,118,0,2,132,2,136,196,0,196,332
09/06/2009,BVY,MA,ANE,EN,Federal Contract Tower,0,1,8,0,9,0,0,81,0,81,0,1,89,0,90,108,0,108,198
09/07/2009,BVY,MA,ANE,EN,Federal Contract Tower,0,1,17,0,18,0,0,110,5,115,0,1,127,5,133,108,44,152,285
09/08/2009,BVY,MA,ANE,EN,Federal Contract Tower,0,2,7,0,9,0,0,68,0,68,0,2,75,0,77,30,0,30,107
09/09/2009,BVY,MA,ANE,EN,Federal Contract Tower,0,0,9,0,9,0,0,69,1,70,0,0,78,1,79,48,0,48,127
09/10/2009,BVY,MA,ANE,EN,Federal Contract Tower,0,2,5,0,7,0,0,75,0,75,0,2,80,0,82,50,0,50,132
09/11/2009,BVY,MA,ANE,EN,Federal Contract Tower,0,2,16,0,18,0,0,10,0,10,0,2,26,0,28,8,0,8,36
09/12/2009,BVY,MA,ANE,EN,Federal Contract Tower,0,0,6,0,6,0,0,0,0,0,0,0,6,0,6,0,0,0,6
09/13/2009,BVY,MA,ANE,EN,Federal Contract Tower,0,0,20,0,20,0,0,65,0,65,0,0,85,0,85,68,0,68,153
09/14/2009,BVY,MA,ANE,EN,Federal Contract Tower,0,0,8,0,8,0,0,89,0,89,0,0,97,0,97,78,0,78,175
09/15/2009,BVY,MA,ANE,EN,Federal Contract Tower,0,2,8,0,10,0,0,100,0,100,0,2,108,0,110,74,0,74,184
09/16/2009,BVY,MA,ANE,EN,Federal Contract Tower,0,2,17,0,19,0,0,43,0,43,0,2,60,0,62,34,0,34,96
09/17/2009,BVY,MA,ANE,EN,Federal Contract Tower,0,0,10,0,10,0,0,56,1,57,0,0,66,1,67,32,0,32,99
09/18/2009,BVY,MA,ANE,EN,Federal Contract Tower,0,4,8,0,12,0,0,81,1,82,0,4,89,1,94,96,0,96,190
09/19/2009,BVY,MA,ANE,EN,Federal Contract Tower,0,0,13,0,13,0,0,132,0,132,0,0,145,0,145,162,0,162,307
09/20/2009,BVY,MA,ANE,EN,Federal Contract Tower,0,0,9,0,9,0,0,195,0,195,0,0,204,0,204,170,0,170,374
09/21/2009,BVY,MA,ANE,EN,Federal Contract Tower,0,1,20,0,21,0,0,105,0,105,0,1,125,0,126,92,0,92,218
09/22/2009,BVY,MA,ANE,EN,Federal Contract Tower,0,5,21,0,26,0,0,57,3,60,0,5,78,3,86,72,6,78,164
09/23/2009,BVY,MA,ANE,EN,Federal Contract Tower,0,0,17,0,17,0,0,77,2,79,0,0,94,2,96,66,0,66,162
09/24/2009,BVY,MA,ANE,EN,Federal Contract Tower,0,0,6,0,6,0,0,83,3,86,0,0,89,3,92,84,0,84,176
09/25/2009,BVY,MA,ANE,EN,Federal Contract Tower,0,2,8,1,11,0,0,71,3,74,0,2,79,4,85,58,0,58,143
09/26/2009,BVY,MA,ANE,EN,Federal Contract Tower,0,1,16,0,17,0,0,136,0,136,0,1,152,0,153,170,0,170,323
09/27/2009,BVY,MA,ANE,EN,Federal Contract Tower,0,1,13,2,16,0,0,0,0,0,0,1,13,2,16,0,0,0,16
09/28/2009,BVY,MA,ANE,EN,Federal Contract Tower,0,2,5,0,7,0,0,68,0,68,0,2,73,0,75,48,0,48,123
09/29/2009,BVY,MA,ANE,EN,Federal Contract Tower,0,4,9,0,13,0,0,50,1,51,0,4,59,1,64,32,0,32,96
09/30/2009,BVY,MA,ANE,EN,Federal Contract Tower,0,1,20,0,21,0,0,76,4,80,0,1,96,4,101,90,0,90,191
10/01/2009,BVY,MA,ANE,EN,Federal Contract Tower,0,5,14,1,20,0,1,102,5,108,0,6,116,6,128,114,0,114,242
10/02/2009,BVY,MA,ANE,EN,Federal Contract Tower,0,4,17,0,21,0,0,93,0,93,0,4,110,0,114,32,0,32,146
10/03/2009,BVY,MA,ANE,EN,Federal Contract Tower,0,0,6,0,6,0,0,0,0,0,0,0,6,0,6,0,0,0,6
10/04/2009,BVY,MA,ANE,EN,Federal Contract Tower,0,2,23,0,25,0,0,18,0,18,0,2,41,0,43,58,0,58,101
10/05/2009,BVY,MA,ANE,EN,Federal Contract Tower,0,2,8,0,10,0,0,45,2,47,0,2,53,2,57,60,0,60,117
10/06/2009,BVY,MA,ANE,EN,Federal Contract Tower,0,2,7,0,9,0,0,89,0,89,0,2,96,0,98,204,0,204,302
10/07/2009,BVY,MA,ANE,EN,Federal Contract Tower,0,1,2,0,3,0,0,9,0,9,0,1,11,0,12,0,0,0,12
10/08/2009,BVY,MA,ANE,EN,Federal Contract Tower,0,4,13,0,17,0,0,60,1,61,0,4,73,1,78,84,0,84,162
10/09/2009,BVY,MA,ANE,EN,Federal Contract Tower,0,9,15,0,24,0,0,33,1,34,0,9,48,1,58,0,38,38,96
10/10/2009,BVY,MA,ANE,EN,Federal Contract Tower,0,4,17,1,22,0,0,52,0,52,0,4,69,1,74,48,0,48,122
10/11/2009,BVY,MA,ANE,EN,Federal Contract Tower,0,7,17,0,24,0,0,131,1,132,0,7,148,1,156,166,0,166,322
10/12/2009,BVY,MA,ANE,EN,Federal Contract Tower,0,3,14,0,17,0,4,108,0,112,0,7,122,0,129,148,0,148,277
10/13/2009,BVY,MA,ANE,EN,Federal Contract Tower,0,2,9,0,11,0,0,17,0,17,0,2,26,0,28,24,0,24,52
10/14/2009,BVY,MA,ANE,EN,Federal Contract Tower,0,3,12,0,15,0,0,90,0,90,0,3,102,0,105,114,0,114,219
10/15/2009,BVY,MA,ANE,EN,Federal Contract Tower,0,0,11,0,11,0,0,69,0,69,0,0,80,0,80,70,0,70,150
10/16/2009,BVY,MA,ANE,EN,Federal Contract Tower,0,0,6,0,6,0,0,19,0,19,0,0,25,0,25,30,0,30,55
10/17/2009,BVY,MA,ANE,EN,Federal Contract Tower,0,1,12,0,13,0,0,66,0,66,0,1,78,0,79,68,0,68,147
10/18/2009,BVY,MA,ANE,EN,Federal Contract Tower,0,0,1,0,1,0,0,0,0,0,0,0,1,0,1,0,0,0,1
10/19/2009,BVY,MA,ANE,EN,Federal Contract Tower,0,0,13,0,13,0,0,69,3,72,0,0,82,3,85,88,0,88,173
10/20/2009,BVY,MA,ANE,EN,Federal Contract Tower,0,2,13,0,15,0,0,88,0,88,0,2,101,0,103,70,0,70,173
10/21/2009,BVY,MA,ANE,EN,Federal Contract Tower,0,0,15,0,15,0,0,83,3,86,0,0,98,3,101,58,0,58,159
10/22/2009,BVY,MA,ANE,EN,Federal Contract Tower,0,0,10,1,11,0,0,48,1,49,0,0,58,2,60,22,0,22,82
10/23/2009,BVY,MA,ANE,EN,Federal Contract Tower,0,1,18,0,19,0,0,52,1,53,0,1,70,1,72,62,0,62,134
10/24/2009,BVY,MA,ANE,EN,Federal Contract Tower,0,2,6,0,8,0,0,0,0,0,0,2,6,0,8,0,0,0,8
10/25/2009,BVY,MA,ANE,EN,Federal Contract Tower,0,0,13,0,13,0,0,107,0,107,0,0,120,0,120,154,0,154,274
10/26/2009,BVY,MA,ANE,EN,Federal Contract Tower,0,0,7,0,7,0,2,47,0,49,0,2,54,0,56,18,0,18,74
10/27/2009,BVY,MA,ANE,EN,Federal Contract Tower,0,6,12,0,18,0,0,54,0,54,0,6,66,0,72,78,0,78,150
10/28/2009,BVY,MA,ANE,EN,Federal Contract Tower,0,0,3,0,3,0,0,0,0,0,0,0,3,0,3,0,0,0,3
10/29/2009,BVY,MA,ANE,EN,Federal Contract Tower,0,3,17,0,20,0,0,72,0,72,0,3,89,0,92,60,0,60,152
10/30/2009,BVY,MA,ANE,EN,Federal Contract Tower,0,1,14,0,15,0,0,111,1,112,0,1,125,1,127,96,0,96,223
10/31/2009,BVY,MA,ANE,EN,Federal Contract Tower,0,0,10,0,10,0,0,18,0,18,0,0,28,0,28,8,0,8,36
11/01/2009,BVY,MA,ANE,EN,Federal Contract Tower,0,1,11,0,12,0,0,126,0,126,0,1,137,0,138,154,0,154,292
11/02/2009,BVY,MA,ANE,EN,Federal Contract Tower,0,0,8,0,8,0,0,51,0,51,0,0,59,0,59,38,0,38,97
11/03/2009,BVY,MA,ANE,EN,Federal Contract Tower,0,0,15,0,15,0,0,78,1,79,0,0,93,1,94,92,0,92,186
11/04/2009,BVY,MA,ANE,EN,Federal Contract Tower,0,0,13,0,13,0,0,69,0,69,0,0,82,0,82,56,0,56,138
11/05/2009,BVY,MA,ANE,EN,Federal Contract Tower,0,0,8,0,8,0,0,57,0,57,0,0,65,0,65,78,0,78,143
11/06/2009,BVY,MA,ANE,EN,Federal Contract Tower,0,1,15,0,16,0,0,48,8,56,0,1,63,8,72,46,0,46,118
11/07/2009,BVY,MA,ANE,EN,Federal Contract Tower,0,1,9,0,10,0,0,122,1,123,0,1,131,1,133,110,0,110,243
11/08/2009,BVY,MA,ANE,EN,Federal Contract Tower,0,0,8,0,8,0,0,112,1,113,0,0,120,1,121,206,0,206,327
11/09/2009,BVY,MA,ANE,EN,Federal Contract Tower,0,0,11,0,11,0,0,80,0,80,0,0,91,0,91,8,0,8,99
11/10/2009,BVY,MA,ANE,EN,Federal Contract Tower,0,0,8,0,8,0,0,70,0,70,0,0,78,0,78,48,0,48,126
11/11/2009,BVY,MA,ANE,EN,Federal Contract Tower,0,1,14,0,15,0,0,77,0,77,0,1,91,0,92,12,0,12,104
11/12/2009,BVY,MA,ANE,EN,Federal Contract Tower,0,3,5,1,9,0,0,72,1,73,0,3,77,2,82,22,0,22,104
11/13/2009,BVY,MA,ANE,EN,Federal Contract Tower,0,3,9,0,12,0,0,31,2,33,0,3,40,2,45,18,0,18,63
11/14/2009,BVY,MA,ANE,EN,Federal Contract Tower,0,1,4,0,5,0,0,0,0,0,0,1,4,0,5,0,0,0,5
11/15/2009,BVY,MA,ANE,EN,Federal Contract Tower,0,0,16,0,16,0,0,8,0,8,0,0,24,0,24,8,0,8,32
11/16/2009,BVY,MA,ANE,EN,Federal Contract Tower,0,2,7,0,9,0,0,75,2,77,0,2,82,2,86,42,0,42,128
11/17/2009,BVY,MA,ANE,EN,Federal Contract Tower,0,2,6,0,8,0,1,114,0,115,0,3,120,0,123,170,0,170,293
11/18/2009,BVY,MA,ANE,EN,Federal Contract Tower,0,4,10,0,14,0,0,103,0,103,0,4,113,0,117,82,0,82,199
11/19/2009,BVY,MA,ANE,EN,Federal Contract Tower,0,9,16,0,25,0,0,104,1,105,0,9,120,1,130,106,0,106,236
11/20/2009,BVY,MA,ANE,EN,Federal Contract Tower,0,2,4,0,6,0,0,34,0,34,0,2,38,0,40,70,0,70,110
11/21/2009,BVY,MA,ANE,EN,Federal Contract Tower,0,0,12,0,12,0,0,152,3,155,0,0,164,3,167,246,0,246,413
11/22/2009,BVY,MA,ANE,EN,Federal Contract Tower,0,0,16,0,16,0,0,123,0,123,0,0,139,0,139,206,0,206,345
11/23/2009,BVY,MA,ANE,EN,Federal Contract Tower,0,6,16,0,22,0,0,18,0,18,0,6,34,0,40,30,0,30,70
11/24/2009,BVY,MA,ANE,EN,Federal Contract Tower,0,5,11,0,16,0,0,1,0,1,0,5,12,0,17,0,0,0,17
11/25/2009,BVY,MA,ANE,EN,Federal Contract Tower,0,0,7,0,7,0,0,0,0,0,0,0,7,0,7,0,0,0,7
11/26/2009,BVY,MA,ANE,EN,Federal Contract Tower,0,0,7,0,7,0,0,8,0,8,0,0,15,0,15,16,0,16,31
11/27/2009,BVY,MA,ANE,EN,Federal Contract Tower,0,0,8,0,8,0,0,2,0,2,0,0,10,0,10,2,0,2,12
11/28/2009,BVY,MA,ANE,EN,Federal Contract Tower,0,4,3,0,7,0,0,8,0,8,0,4,11,0,15,16,0,16,31
11/29/2009,BVY,MA,ANE,EN,Federal Contract Tower,0,4,16,0,20,0,0,133,0,133,0,4,149,0,153,150,0,150,303
11/30/2009,BVY,MA,ANE,EN,Federal Contract Tower,0,1,15,0,16,0,0,33,0,33,0,1,48,0,49,38,0,38,87
12/01/2009,BVY,MA,ANE,EN,Federal Contract Tower,0,4,3,1,8,0,0,70,0,70,0,4,73,1,78,52,0,52,130
12/02/2009,BVY,MA,ANE,EN,Federal Contract Tower,0,2,9,1,12,0,0,90,0,90,0,2,99,1,102,38,0,38,140
12/03/2009,BVY,MA,ANE,EN,Federal Contract Tower,0,0,3,0,3,0,0,31,0,31,0,0,34,0,34,38,0,38,72
12/04/2009,BVY,MA,ANE,EN,Federal Contract Tower,0,1,5,0,6,0,0,98,0,98,0,1,103,0,104,76,0,76,180
12/05/2009,BVY,MA,ANE,EN,Federal Contract Tower,0,0,5,0,5,0,0,19,0,19,0,0,24,0,24,14,0,14,38
12/06/2009,BVY,MA,ANE,EN,Federal Contract Tower,0,2,6,0,8,0,0,58,0,58,0,2,64,0,66,98,0,98,164
12/07/2009,BVY,MA,ANE,EN,Federal Contract Tower,0,3,3,0,6,0,0,44,0,44,0,3,47,0,50,14,0,14,64
12/08/2009,BVY,MA,ANE,EN,Federal Contract Tower,0,1,8,0,9,0,0,67,0,67,0,1,75,0,76,86,0,86,162
12/09/2009,BVY,MA,ANE,EN,Federal Contract Tower,0,0,4,0,4,0,0,0,0,0,0,0,4,0,4,0,0,0,4
12/10/2009,BVY,MA,ANE,EN,Federal Contract Tower,0,0,4,0,4,0,0,32,0,32,0,0,36,0,36,88,0,88,124
12/11/2009,BVY,MA,ANE,EN,Federal Contract Tower,0,7,1,0,8,0,0,20,2,22,0,7,21,2,30,28,0,28,58
12/12/2009,BVY,MA,ANE,EN,Federal Contract Tower,0,5,6,0,11,0,0,64,0,64,0,5,70,0,75,66,0,66,141
12/13/2009,BVY,MA,ANE,EN,Federal Contract Tower,0,0,3,0,3,0,0,40,0,40,0,0,43,0,43,32,0,32,75
12/14/2009,BVY,MA,ANE,EN,Federal Contract Tower,0,1,8,0,9,0,0,69,0,69,0,1,77,0,78,116,0,116,194
12/15/2009,BVY,MA,ANE,EN,Federal Contract Tower,0,5,5,0,10,0,0,64,0,64,0,5,69,0,74,78,0,78,152
12/16/2009,BVY,MA,ANE,EN,Federal Contract Tower,0,0,6,0,6,0,0,36,0,36,0,0,42,0,42,56,0,56,98
12/17/2009,BVY,MA,ANE,EN,Federal Contract Tower,0,0,4,0,4,0,2,29,0,31,0,2,33,0,35,70,0,70,105
12/18/2009,BVY,MA,ANE,EN,Federal Contract Tower,0,1,10,0,11,0,0,61,0,61,0,1,71,0,72,94,0,94,166
12/19/2009,BVY,MA,ANE,EN,Federal Contract Tower,0,2,7,0,9,0,0,88,0,88,0,2,95,0,97,104,0,104,201
12/20/2009,BVY,MA,ANE,EN,Federal Contract Tower,0,0,2,0,2,0,0,0,0,0,0,0,2,0,2,0,0,0,2
12/21/2009,BVY,MA,ANE,EN,Federal Contract Tower,0,0,1,0,1,0,0,44,0,44,0,0,45,0,45,6,0,6,51
12/22/2009,BVY,MA,ANE,EN,Federal Contract Tower,0,0,12,0,12,0,0,78,0,78,0,0,90,0,90,132,0,132,222
12/23/2009,BVY,MA,ANE,EN,Federal Contract Tower,0,2,10,0,12,0,0,63,0,63,0,2,73,0,75,26,0,26,101
12/24/2009,BVY,MA,ANE,EN,Federal Contract Tower,0,0,5,0,5,0,0,43,0,43,0,0,48,0,48,74,0,74,122
12/25/2009,BVY,MA,ANE,EN,Federal Contract Tower,0,0,0,0,0,0,0,7,0,7,0,0,7,0,7,14,0,14,21
12/26/2009,BVY,MA,ANE,EN,Federal Contract Tower,0,0,2,0,2,0,0,2,0,2,0,0,4,0,4,6,0,6,10
12/27/2009,BVY,MA,ANE,EN,Federal Contract Tower,0,1,2,0,3,0,0,2,0,2,0,1,4,0,5,0,0,0,5
12/28/2009,BVY,MA,ANE,EN,Federal Contract Tower,0,1,2,0,3,0,0,19,0,19,0,1,21,0,22,26,0,26,48
12/29/2009,BVY,MA,ANE,EN,Federal Contract Tower,0,1,3,0,4,0,0,5,0,5,0,1,8,0,9,0,0,0,9
12/30/2009,BVY,MA,ANE,EN,Federal Contract Tower,0,0,14,0,14,0,0,97,1,98,0,0,111,1,112,112,0,112,224
12/31/2009,BVY,MA,ANE,EN,Federal Contract Tower,0,0,3,0,3,0,0,16,0,16,0,0,19,0,19,4,0,4,23
01/01/2010,BVY,MA,ANE,EN,Federal Contract Tower,0,0,2,0,2,0,0,21,0,21,0,0,23,0,23,36,0,36,59
01/02/2010,BVY,MA,ANE,EN,Federal Contract Tower,0,0,2,0,2,0,0,0,0,0,0,0,2,0,2,0,0,0,2
01/03/2010,BVY,MA,ANE,EN,Federal Contract Tower,0,0,0,0,0,0,0,0,0,0,0,0,0,0,0,0,0,0,0
01/04/2010,BVY,MA,ANE,EN,Federal Contract Tower,0,2,5,0,7,0,1,13,0,14,0,3,18,0,21,0,0,0,21
01/05/2010,BVY,MA,ANE,EN,Federal Contract Tower,0,2,9,0,11,0,0,39,0,39,0,2,48,0,50,72,0,72,122
01/06/2010,BVY,MA,ANE,EN,Federal Contract Tower,0,1,3,0,4,0,0,56,6,62,0,1,59,6,66,30,0,30,96
01/07/2010,BVY,MA,ANE,EN,Federal Contract Tower,0,2,12,0,14,0,0,72,2,74,0,2,84,2,88,70,0,70,158
01/08/2010,BVY,MA,ANE,EN,Federal Contract Tower,0,1,1,0,2,0,0,34,0,34,0,1,35,0,36,26,0,26,62
01/09/2010,BVY,MA,ANE,EN,Federal Contract Tower,0,0,9,0,9,0,0,75,0,75,0,0,84,0,84,88,0,88,172
01/10/2010,BVY,MA,ANE,EN,Federal Contract Tower,0,2,6,0,8,0,0,91,0,91,0,2,97,0,99,88,0,88,187
01/11/2010,BVY,MA,ANE,EN,Federal Contract Tower,0,3,4,0,7,0,0,62,0,62,0,3,66,0,69,38,0,38,107
01/12/2010,BVY,MA,ANE,EN,Federal Contract Tower,0,1,13,0,14,0,0,54,0,54,0,1,67,0,68,54,0,54,122
01/13/2010,BVY,MA,ANE,EN,Federal Contract Tower,0,0,9,0,9,0,0,39,0,39,0,0,48,0,48,40,0,40,88
01/14/2010,BVY,MA,ANE,EN,Federal Contract Tower,0,0,6,0,6,0,0,58,0,58,0,0,64,0,64,94,0,94,158
01/15/2010,BVY,MA,ANE,EN,Federal Contract Tower,0,0,14,0,14,0,0,76,0,76,0,0,90,0,90,144,0,144,234
01/16/2010,BVY,MA,ANE,EN,Federal Contract Tower,0,0,10,0,10,0,0,149,3,152,0,0,159,3,162,186,0,186,348
01/17/2010,BVY,MA,ANE,EN,Federal Contract Tower,0,0,11,0,11,0,0,56,0,56,0,0,67,0,67,142,0,142,209
01/18/2010,BVY,MA,ANE,EN,Federal Contract Tower,0,0,4,0,4,0,0,4,0,4,0,0,8,0,8,0,0,0,8
01/19/2010,BVY,MA,ANE,EN,Federal Contract Tower,0,0,3,0,3,0,0,1,0,1,0,0,4,0,4,0,0,0,4
01/20/2010,BVY,MA,ANE,EN,Federal Contract Tower,0,2,7,0,9,0,0,30,0,30,0,2,37,0,39,10,0,10,49
01/21/2010,BVY,MA,ANE,EN,Federal Contract Tower,0,1,12,0,13,0,0,57,0,57,0,1,69,0,70,32,0,32,102
01/22/2010,BVY,MA,ANE,EN,Federal Contract Tower,0,3,7,0,10,0,0,77,4,81,0,3,84,4,91,58,0,58,149
01/23/2010,BVY,MA,ANE,EN,Federal Contract Tower,0,1,18,0,19,0,0,105,0,105,0,1,123,0,124,138,0,138,262
01/24/2010,BVY,MA,ANE,EN,Federal Contract Tower,0,0,7,0,7,0,0,74,0,74,0,0,81,0,81,96,0,96,177
01/25/2010,BVY,MA,ANE,EN,Federal Contract Tower,0,1,4,0,5,0,0,0,0,0,0,1,4,0,5,0,0,0,5
01/26/2010,BVY,MA,ANE,EN,Federal Contract Tower,0,4,7,0,11,0,0,34,0,34,0,4,41,0,45,2,0,2,47
01/27/2010,BVY,MA,ANE,EN,Federal Contract Tower,0,1,11,0,12,0,0,77,8,85,0,1,88,8,97,94,4,98,195
01/28/2010,BVY,MA,ANE,EN,Federal Contract Tower,0,0,6,0,6,0,0,48,0,48,0,0,54,0,54,86,0,86,140
01/29/2010,BVY,MA,ANE,EN,Federal Contract Tower,0,1,3,0,4,0,0,6,6,12,0,1,9,6,16,0,0,0,16
01/30/2010,BVY,MA,ANE,EN,Federal Contract Tower,0,0,10,0,10,0,0,75,0,75,0,0,85,0,85,86,0,86,171
01/31/2010,BVY,MA,ANE,EN,Federal Contract Tower,0,0,8,0,8,0,0,87,0,87,0,0,95,0,95,154,0,154,249
02/01/2010,BVY,MA,ANE,EN,Federal Contract Tower,0,1,7,0,8,0,0,56,0,56,0,1,63,0,64,36,0,36,100
02/02/2010,BVY,MA,ANE,EN,Federal Contract Tower,0,1,1,0,2,0,0,30,0,30,0,1,31,0,32,48,0,48,80
02/03/2010,BVY,MA,ANE,EN,Federal Contract Tower,0,0,5,0,5,0,0,26,0,26,0,0,31,0,31,30,0,30,61
02/04/2010,BVY,MA,ANE,EN,Federal Contract Tower,0,7,2,0,9,0,0,45,0,45,0,7,47,0,54,32,0,32,86
02/05/2010,BVY,MA,ANE,EN,Federal Contract Tower,0,2,4,0,6,0,0,80,1,81,0,2,84,1,87,58,0,58,145
02/06/2010,BVY,MA,ANE,EN,Federal Contract Tower,0,0,2,0,2,0,0,60,0,60,0,0,62,0,62,98,0,98,160
02/07/2010,BVY,MA,ANE,EN,Federal Contract Tower,0,3,13,0,16,0,0,76,2,78,0,3,89,2,94,78,0,78,172
02/08/2010,BVY,MA,ANE,EN,Federal Contract Tower,0,5,5,2,12,0,0,61,0,61,0,5,66,2,73,62,0,62,135
02/09/2010,BVY,MA,ANE,EN,Federal Contract Tower,0,0,6,0,6,0,0,98,0,98,0,0,104,0,104,140,0,140,244
02/10/2010,BVY,MA,ANE,EN,Federal Contract Tower,0,0,0,0,0,0,0,2,0,2,0,0,2,0,2,0,0,0,2
02/11/2010,BVY,MA,ANE,EN,Federal Contract Tower,0,2,3,0,5,0,0,28,0,28,0,2,31,0,33,40,0,40,73
02/12/2010,BVY,MA,ANE,EN,Federal Contract Tower,0,3,6,0,9,0,0,60,5,65,0,3,66,5,74,70,0,70,144
02/13/2010,BVY,MA,ANE,EN,Federal Contract Tower,0,0,3,0,3,0,0,93,0,93,0,0,96,0,96,162,0,162,258
02/14/2010,BVY,MA,ANE,EN,Federal Contract Tower,0,0,3,0,3,0,0,47,0,47,0,0,50,0,50,22,0,22,72
02/15/2010,BVY,MA,ANE,EN,Federal Contract Tower,0,0,6,0,6,0,1,55,1,57,0,1,61,1,63,52,0,52,115
02/16/2010,BVY,MA,ANE,EN,Federal Contract Tower,0,0,0,0,0,0,0,1,0,1,0,0,1,0,1,0,0,0,1
02/17/2010,BVY,MA,ANE,EN,Federal Contract Tower,0,1,3,0,4,0,0,48,0,48,0,1,51,0,52,32,0,32,84
02/18/2010,BVY,MA,ANE,EN,Federal Contract Tower,0,1,3,0,4,0,1,39,0,40,0,2,42,0,44,56,0,56,100
02/19/2010,BVY,MA,ANE,EN,Federal Contract Tower,0,2,2,1,5,0,0,52,0,52,0,2,54,1,57,28,0,28,85
02/20/2010,BVY,MA,ANE,EN,Federal Contract Tower,0,4,9,0,13,0,2,88,0,90,0,6,97,0,103,134,0,134,237
02/21/2010,BVY,MA,ANE,EN,Federal Contract Tower,0,0,6,0,6,0,0,81,4,85,0,0,87,4,91,110,0,110,201
02/22/2010,BVY,MA,ANE,EN,Federal Contract Tower,0,2,6,0,8,0,0,90,0,90,0,2,96,0,98,104,0,104,202
02/23/2010,BVY,MA,ANE,EN,Federal Contract Tower,0,0,2,0,2,0,0,35,0,35,0,0,37,0,37,54,0,54,91
02/24/2010,BVY,MA,ANE,EN,Federal Contract Tower,0,0,1,0,1,0,0,0,0,0,0,0,1,0,1,0,0,0,1
02/25/2010,BVY,MA,ANE,EN,Federal Contract Tower,0,0,0,0,0,0,0,0,0,0,0,0,0,0,0,0,0,0,0
02/26/2010,BVY,MA,ANE,EN,Federal Contract Tower,0,2,8,0,10,0,0,16,0,16,0,2,24,0,26,8,0,8,34
02/27/2010,BVY,MA,ANE,EN,Federal Contract Tower,0,0,8,0,8,0,0,0,0,0,0,0,8,0,8,0,0,0,8
02/28/2010,BVY,MA,ANE,EN,Federal Contract Tower,0,0,4,0,4,0,0,26,0,26,0,0,30,0,30,92,0,92,122
03/01/2010,BVY,MA,ANE,EN,Federal Contract Tower,0,1,5,0,6,0,0,18,2,20,0,1,23,2,26,14,0,14,40
03/02/2010,BVY,MA,ANE,EN,Federal Contract Tower,0,0,0,0,0,0,0,70,5,75,0,0,70,5,75,108,0,108,183
03/03/2010,BVY,MA,ANE,EN,Federal Contract Tower,0,0,2,0,2,0,0,0,0,0,0,0,2,0,2,0,0,0,2
03/04/2010,BVY,MA,ANE,EN,Federal Contract Tower,0,7,3,0,10,0,0,1,0,1,0,7,4,0,11,0,0,0,11
03/05/2010,BVY,MA,ANE,EN,Federal Contract Tower,0,0,6,0,6,0,0,66,2,68,0,0,72,2,74,54,0,54,128
03/06/2010,BVY,MA,ANE,EN,Federal Contract Tower,0,2,5,0,7,0,0,134,0,134,0,2,139,0,141,187,8,195,336
03/07/2010,BVY,MA,ANE,EN,Federal Contract Tower,0,1,10,0,11,0,0,153,0,153,0,1,163,0,164,124,0,124,288
03/08/2010,BVY,MA,ANE,EN,Federal Contract Tower,0,0,3,0,3,0,0,65,0,65,0,0,68,0,68,84,0,84,152
03/09/2010,BVY,MA,ANE,EN,Federal Contract Tower,0,2,6,0,8,0,0,78,0,78,0,2,84,0,86,68,0,68,154
03/10/2010,BVY,MA,ANE,EN,Federal Contract Tower,0,0,7,0,7,0,0,86,0,86,0,0,93,0,93,102,0,102,195
03/11/2010,BVY,MA,ANE,EN,Federal Contract Tower,0,0,7,0,7,0,0,60,0,60,0,0,67,0,67,80,0,80,147
03/12/2010,BVY,MA,ANE,EN,Federal Contract Tower,0,2,9,0,11,0,0,36,0,36,0,2,45,0,47,18,0,18,65
03/13/2010,BVY,MA,ANE,EN,Federal Contract Tower,0,3,2,0,5,0,0,6,0,6,0,3,8,0,11,26,0,26,37
03/14/2010,BVY,MA,ANE,EN,Federal Contract Tower,0,0,0,0,0,0,0,0,0,0,0,0,0,0,0,0,0,0,0
03/15/2010,BVY,MA,ANE,EN,Federal Contract Tower,0,1,1,0,2,0,0,0,0,0,0,1,1,0,2,0,0,0,2
03/16/2010,BVY,MA,ANE,EN,Federal Contract Tower,0,1,15,0,16,0,0,81,0,81,0,1,96,0,97,118,0,118,215
03/17/2010,BVY,MA,ANE,EN,Federal Contract Tower,0,1,6,0,7,0,0,107,3,110,0,1,113,3,117,160,0,160,277
03/18/2010,BVY,MA,ANE,EN,Federal Contract Tower,0,3,3,1,7,0,0,73,0,73,0,3,76,1,80,114,0,114,194
03/19/2010,BVY,MA,ANE,EN,Federal Contract Tower,0,1,5,0,6,0,0,100,0,100,0,1,105,0,106,130,0,130,236
03/20/2010,BVY,MA,ANE,EN,Federal Contract Tower,0,0,19,0,19,0,0,153,1,154,0,0,172,1,173,230,0,230,403
03/21/2010,BVY,MA,ANE,EN,Federal Contract Tower,0,0,12,0,12,0,0,120,0,120,0,0,132,0,132,212,0,212,344
03/22/2010,BVY,MA,ANE,EN,Federal Contract Tower,0,2,12,0,14,0,0,0,0,0,0,2,12,0,14,0,0,0,14
03/23/2010,BVY,MA,ANE,EN,Federal Contract Tower,0,2,1,0,3,0,0,0,0,0,0,2,1,0,3,0,0,0,3
03/24/2010,BVY,MA,ANE,EN,Federal Contract Tower,0,2,7,0,9,0,0,30,0,30,0,2,37,0,39,14,0,14,53
03/25/2010,BVY,MA,ANE,EN,Federal Contract Tower,0,0,7,0,7,0,0,79,0,79,0,0,86,0,86,108,0,108,194
03/26/2010,BVY,MA,ANE,EN,Federal Contract Tower,0,3,8,0,11,0,0,34,0,34,0,3,42,0,45,62,0,62,107
03/27/2010,BVY,MA,ANE,EN,Federal Contract Tower,0,0,17,0,17,0,0,134,0,134,0,0,151,0,151,176,0,176,327
03/28/2010,BVY,MA,ANE,EN,Federal Contract Tower,0,0,13,0,13,0,0,86,0,86,0,0,99,0,99,148,0,148,247
03/29/2010,BVY,MA,ANE,EN,Federal Contract Tower,0,0,7,0,7,0,0,0,0,0,0,0,7,0,7,0,0,0,7
03/30/2010,BVY,MA,ANE,EN,Federal Contract Tower,0,0,0,0,0,0,0,0,0,0,0,0,0,0,0,0,0,0,0
03/31/2010,BVY,MA,ANE,EN,Federal Contract Tower,0,1,20,0,21,0,0,0,0,0,0,1,20,0,21,0,0,0,21
04/01/2010,BVY,MA,ANE,EN,Federal Contract Tower,0,3,3,0,6,0,0,46,0,46,0,3,49,0,52,58,0,58,110
04/02/2010,BVY,MA,ANE,EN,Federal Contract Tower,0,3,23,0,26,0,0,168,0,168,0,3,191,0,194,244,0,244,438
04/03/2010,BVY,MA,ANE,EN,Federal Contract Tower,0,0,25,0,25,0,0,167,0,167,0,0,192,0,192,190,0,190,382
04/04/2010,BVY,MA,ANE,EN,Federal Contract Tower,0,0,6,1,7,0,0,37,0,37,0,0,43,1,44,28,2,30,74
04/05/2010,BVY,MA,ANE,EN,Federal Contract Tower,0,7,11,0,18,0,0,110,0,110,0,7,121,0,128,88,0,88,216
04/06/2010,BVY,MA,ANE,EN,Federal Contract Tower,0,2,7,0,9,0,0,87,5,92,0,2,94,5,101,72,0,72,173
04/07/2010,BVY,MA,ANE,EN,Federal Contract Tower,0,1,9,0,10,0,0,95,0,95,0,1,104,0,105,72,0,72,177
04/08/2010,BVY,MA,ANE,EN,Federal Contract Tower,0,0,13,0,13,0,0,47,0,47,0,0,60,0,60,84,0,84,144
04/09/2010,BVY,MA,ANE,EN,Federal Contract Tower,0,0,3,0,3,0,0,0,0,0,0,0,3,0,3,0,0,0,3
04/10/2010,BVY,MA,ANE,EN,Federal Contract Tower,0,0,13,0,13,0,0,103,5,108,0,0,116,5,121,96,0,96,217
04/11/2010,BVY,MA,ANE,EN,Federal Contract Tower,0,1,7,0,8,0,0,96,0,96,0,1,103,0,104,108,0,108,212
04/12/2010,BVY,MA,ANE,EN,Federal Contract Tower,0,0,9,0,9,0,0,86,2,88,0,0,95,2,97,98,0,98,195
04/13/2010,BVY,MA,ANE,EN,Federal Contract Tower,0,0,6,0,6,0,0,49,6,55,0,0,55,6,61,102,0,102,163
04/14/2010,BVY,MA,ANE,EN,Federal Contract Tower,0,0,10,0,10,0,0,87,1,88,0,0,97,1,98,64,0,64,162
04/15/2010,BVY,MA,ANE,EN,Federal Contract Tower,0,1,8,0,9,0,0,132,0,132,0,1,140,0,141,94,0,94,235
04/16/2010,BVY,MA,ANE,EN,Federal Contract Tower,0,2,7,0,9,0,0,4,0,4,0,2,11,0,13,0,0,0,13
04/17/2010,BVY,MA,ANE,EN,Federal Contract Tower,0,1,12,0,13,0,0,0,0,0,0,1,12,0,13,0,0,0,13
04/18/2010,BVY,MA,ANE,EN,Federal Contract Tower,0,0,13,0,13,0,0,16,1,17,0,0,29,1,30,46,0,46,76
04/19/2010,BVY,MA,ANE,EN,Federal Contract Tower,0,0,13,0,13,0,0,85,0,85,0,0,98,0,98,76,0,76,174
04/20/2010,BVY,MA,ANE,EN,Federal Contract Tower,0,2,10,0,12,0,0,91,1,92,0,2,101,1,104,112,0,112,216
04/21/2010,BVY,MA,ANE,EN,Federal Contract Tower,0,0,7,0,7,0,0,70,0,70,0,0,77,0,77,64,0,64,141
04/22/2010,BVY,MA,ANE,EN,Federal Contract Tower,0,2,8,0,10,0,0,59,0,59,0,2,67,0,69,42,0,42,111
04/23/2010,BVY,MA,ANE,EN,Federal Contract Tower,0,0,12,0,12,0,0,94,2,96,0,0,106,2,108,148,0,148,256
04/24/2010,BVY,MA,ANE,EN,Federal Contract Tower,0,1,13,0,14,0,0,146,2,148,0,1,159,2,162,252,0,252,414
04/25/2010,BVY,MA,ANE,EN,Federal Contract Tower,0,0,12,0,12,0,0,105,3,108,0,0,117,3,120,156,0,156,276
04/26/2010,BVY,MA,ANE,EN,Federal Contract Tower,0,0,12,0,12,0,0,56,0,56,0,0,68,0,68,58,0,58,126
04/27/2010,BVY,MA,ANE,EN,Federal Contract Tower,0,2,15,0,17,0,0,12,0,12,0,2,27,0,29,22,0,22,51
04/28/2010,BVY,MA,ANE,EN,Federal Contract Tower,0,6,18,0,24,0,0,24,0,24,0,6,42,0,48,24,0,24,72
04/29/2010,BVY,MA,ANE,EN,Federal Contract Tower,0,1,4,0,5,0,0,17,0,17,0,1,21,0,22,8,0,8,30
04/30/2010,BVY,MA,ANE,EN,Federal Contract Tower,0,1,8,0,9,0,0,89,0,89,0,1,97,0,98,62,0,62,160
05/01/2010,BVY,MA,ANE,EN,Federal Contract Tower,0,1,16,0,17,0,0,114,1,115,0,1,130,1,132,184,0,184,316
05/02/2010,BVY,MA,ANE,EN,Federal Contract Tower,0,5,6,0,11,0,0,117,0,117,0,5,123,0,128,100,0,100,228
05/03/2010,BVY,MA,ANE,EN,Federal Contract Tower,0,2,3,0,5,0,0,24,0,24,0,2,27,0,29,16,0,16,45
05/04/2010,BVY,MA,ANE,EN,Federal Contract Tower,0,6,12,0,18,0,2,44,0,46,0,8,56,0,64,34,0,34,98
05/05/2010,BVY,MA,ANE,EN,Federal Contract Tower,0,0,13,0,13,0,0,107,10,117,0,0,120,10,130,94,0,94,224
05/06/2010,BVY,MA,ANE,EN,Federal Contract Tower,0,2,16,0,18,0,1,74,0,75,0,3,90,0,93,84,0,84,177
05/07/2010,BVY,MA,ANE,EN,Federal Contract Tower,0,1,15,0,16,0,0,78,2,80,0,1,93,2,96,142,0,142,238
05/08/2010,BVY,MA,ANE,EN,Federal Contract Tower,0,2,13,0,15,0,0,10,0,10,0,2,23,0,25,18,0,18,43
05/09/2010,BVY,MA,ANE,EN,Federal Contract Tower,0,0,6,0,6,0,0,22,0,22,0,0,28,0,28,4,0,4,32
05/10/2010,BVY,MA,ANE,EN,Federal Contract Tower,0,3,3,0,6,0,0,48,0,48,0,3,51,0,54,56,0,56,110
05/11/2010,BVY,MA,ANE,EN,Federal Contract Tower,0,5,7,1,13,0,1,99,0,100,0,6,106,1,113,144,0,144,257
05/12/2010,BVY,MA,ANE,EN,Federal Contract Tower,0,2,12,2,16,0,0,31,1,32,0,2,43,3,48,26,0,26,74
05/13/2010,BVY,MA,ANE,EN,Federal Contract Tower,0,2,10,0,12,0,0,118,0,118,0,2,128,0,130,156,0,156,286
05/14/2010,BVY,MA,ANE,EN,Federal Contract Tower,0,2,11,0,13,0,0,26,0,26,0,2,37,0,39,66,0,66,105
05/15/2010,BVY,MA,ANE,EN,Federal Contract Tower,0,1,13,0,14,0,1,147,1,149,0,2,160,1,163,116,0,116,279
05/16/2010,BVY,MA,ANE,EN,Federal Contract Tower,0,2,10,0,12,0,0,121,0,121,0,2,131,0,133,74,0,74,207
05/17/2010,BVY,MA,ANE,EN,Federal Contract Tower,0,4,5,0,9,0,0,97,0,97,0,4,102,0,106,164,0,164,270
05/18/2010,BVY,MA,ANE,EN,Federal Contract Tower,0,2,6,0,8,0,0,92,0,92,0,2,98,0,100,154,0,154,254
05/19/2010,BVY,MA,ANE,EN,Federal Contract Tower,0,1,6,0,7,0,0,0,0,0,0,1,6,0,7,0,0,0,7
05/20/2010,BVY,MA,ANE,EN,Federal Contract Tower,0,3,11,0,14,0,1,102,0,103,0,4,113,0,117,162,0,162,279
05/21/2010,BVY,MA,ANE,EN,Federal Contract Tower,0,6,16,0,22,0,1,95,0,96,0,7,111,0,118,108,0,108,226
05/22/2010,BVY,MA,ANE,EN,Federal Contract Tower,0,3,12,0,15,0,0,81,0,81,0,3,93,0,96,124,0,124,220
05/23/2010,BVY,MA,ANE,EN,Federal Contract Tower,0,3,11,0,14,0,0,40,0,40,0,3,51,0,54,56,0,56,110
05/24/2010,BVY,MA,ANE,EN,Federal Contract Tower,0,2,11,0,13,0,0,80,3,83,0,2,91,3,96,108,0,108,204
05/25/2010,BVY,MA,ANE,EN,Federal Contract Tower,0,5,8,0,13,0,0,100,0,100,0,5,108,0,113,140,0,140,253
05/26/2010,BVY,MA,ANE,EN,Federal Contract Tower,0,5,15,0,20,0,0,81,2,83,0,5,96,2,103,132,0,132,235
05/27/2010,BVY,MA,ANE,EN,Federal Contract Tower,0,1,17,0,18,0,0,74,0,74,0,1,91,0,92,58,0,58,150
05/28/2010,BVY,MA,ANE,EN,Federal Contract Tower,0,6,9,0,15,0,0,91,0,91,0,6,100,0,106,112,0,112,218
05/29/2010,BVY,MA,ANE,EN,Federal Contract Tower,0,0,13,0,13,0,0,102,0,102,0,0,115,0,115,96,0,96,211
05/30/2010,BVY,MA,ANE,EN,Federal Contract Tower,0,2,10,0,12,0,0,82,0,82,0,2,92,0,94,82,0,82,176
05/31/2010,BVY,MA,ANE,EN,Federal Contract Tower,0,5,34,0,39,0,0,38,0,38,0,5,72,0,77,74,0,74,151
06/01/2010,BVY,MA,ANE,EN,Federal Contract Tower,0,4,9,0,13,0,0,13,0,13,0,4,22,0,26,32,0,32,58
06/02/2010,BVY,MA,ANE,EN,Federal Contract Tower,0,0,12,0,12,0,0,22,0,22,0,0,34,0,34,38,0,38,72
06/03/2010,BVY,MA,ANE,EN,Federal Contract Tower,0,2,7,0,9,0,0,37,0,37,0,2,44,0,46,50,0,50,96
06/04/2010,BVY,MA,ANE,EN,Federal Contract Tower,0,2,11,0,13,0,0,91,4,95,0,2,102,4,108,148,0,148,256
06/05/2010,BVY,MA,ANE,EN,Federal Contract Tower,0,0,15,0,15,0,0,40,0,40,0,0,55,0,55,50,0,50,105
06/06/2010,BVY,MA,ANE,EN,Federal Contract Tower,0,2,4,0,6,0,0,10,0,10,0,2,14,0,16,32,0,32,48
06/07/2010,BVY,MA,ANE,EN,Federal Contract Tower,0,4,10,0,14,0,1,110,0,111,0,5,120,0,125,124,0,124,249
06/08/2010,BVY,MA,ANE,EN,Federal Contract Tower,0,3,3,2,8,0,0,83,0,83,0,3,86,2,91,110,0,110,201
06/09/2010,BVY,MA,ANE,EN,Federal Contract Tower,0,3,13,0,16,0,0,72,0,72,0,3,85,0,88,42,0,42,130
06/10/2010,BVY,MA,ANE,EN,Federal Contract Tower,0,2,18,0,20,0,0,0,0,0,0,2,18,0,20,0,0,0,20
06/11/2010,BVY,MA,ANE,EN,Federal Contract Tower,0,3,29,0,32,0,0,82,0,82,0,3,111,0,114,260,0,260,374
06/12/2010,BVY,MA,ANE,EN,Federal Contract Tower,0,1,14,0,15,0,0,58,0,58,0,1,72,0,73,116,0,116,189
06/13/2010,BVY,MA,ANE,EN,Federal Contract Tower,0,2,10,0,12,0,0,0,0,0,0,2,10,0,12,0,0,0,12
06/14/2010,BVY,MA,ANE,EN,Federal Contract Tower,0,0,16,0,16,0,0,40,0,40,0,0,56,0,56,70,0,70,126
06/15/2010,BVY,MA,ANE,EN,Federal Contract Tower,0,4,4,1,9,0,1,87,0,88,0,5,91,1,97,82,0,82,179
06/16/2010,BVY,MA,ANE,EN,Federal Contract Tower,0,5,9,0,14,0,0,59,0,59,0,5,68,0,73,58,0,58,131
06/17/2010,BVY,MA,ANE,EN,Federal Contract Tower,0,7,23,0,30,0,0,27,0,27,0,7,50,0,57,42,0,42,99
06/18/2010,BVY,MA,ANE,EN,Federal Contract Tower,0,4,13,0,17,0,0,115,1,116,0,4,128,1,133,194,0,194,327
06/19/2010,BVY,MA,ANE,EN,Federal Contract Tower,0,3,8,1,12,0,0,100,1,101,0,3,108,2,113,94,0,94,207
06/20/2010,BVY,MA,ANE,EN,Federal Contract Tower,0,2,11,1,14,0,0,55,1,56,0,2,66,2,70,74,0,74,144
06/21/2010,BVY,MA,ANE,EN,Federal Contract Tower,0,3,17,0,20,0,0,106,1,107,0,3,123,1,127,102,0,102,229
06/22/2010,BVY,MA,ANE,EN,Federal Contract Tower,0,1,1,0,2,0,0,120,1,121,0,1,121,1,123,172,0,172,295
06/23/2010,BVY,MA,ANE,EN,Federal Contract Tower,0,2,8,0,10,0,0,56,0,56,0,2,64,0,66,62,0,62,128
06/24/2010,BVY,MA,ANE,EN,Federal Contract Tower,0,1,4,0,5,0,0,38,1,39,0,1,42,1,44,40,0,40,84
06/25/2010,BVY,MA,ANE,EN,Federal Contract Tower,0,8,10,0,18,0,0,135,0,135,0,8,145,0,153,174,0,174,327
06/26/2010,BVY,MA,ANE,EN,Federal Contract Tower,0,1,12,0,13,0,0,131,0,131,0,1,143,0,144,152,0,152,296
06/27/2010,BVY,MA,ANE,EN,Federal Contract Tower,0,2,15,0,17,0,0,121,0,121,0,2,136,0,138,152,0,152,290
06/28/2010,BVY,MA,ANE,EN,Federal Contract Tower,0,3,9,0,12,0,0,34,0,34,0,3,43,0,46,12,0,12,58
06/29/2010,BVY,MA,ANE,EN,Federal Contract Tower,0,3,10,0,13,0,0,89,0,89,0,3,99,0,102,90,0,90,192
06/30/2010,BVY,MA,ANE,EN,Federal Contract Tower,0,0,9,0,9,0,0,66,0,66,0,0,75,0,75,102,0,102,177
07/01/2010,BVY,MA,ANE,EN,Federal Contract Tower,0,0,12,0,12,0,0,92,1,93,0,0,104,1,105,76,0,76,181
07/02/2010,BVY,MA,ANE,EN,Federal Contract Tower,0,6,21,0,27,0,0,117,0,117,0,6,138,0,144,164,0,164,308
07/03/2010,BVY,MA,ANE,EN,Federal Contract Tower,0,3,2,0,5,0,0,110,0,110,0,3,112,0,115,82,0,82,197
07/04/2010,BVY,MA,ANE,EN,Federal Contract Tower,0,0,3,0,3,0,0,56,0,56,0,0,59,0,59,44,0,44,103
07/05/2010,BVY,MA,ANE,EN,Federal Contract Tower,0,5,6,0,11,0,0,130,3,133,0,5,136,3,144,164,0,164,308
07/06/2010,BVY,MA,ANE,EN,Federal Contract Tower,0,1,11,0,12,0,0,84,0,84,0,1,95,0,96,124,0,124,220
07/07/2010,BVY,MA,ANE,EN,Federal Contract Tower,0,5,16,0,21,0,0,68,0,68,0,5,84,0,89,40,0,40,129
07/08/2010,BVY,MA,ANE,EN,Federal Contract Tower,0,4,13,0,17,0,0,92,0,92,0,4,105,0,109,84,0,84,193
07/09/2010,BVY,MA,ANE,EN,Federal Contract Tower,0,0,15,0,15,0,0,109,1,110,0,0,124,1,125,150,0,150,275
07/10/2010,BVY,MA,ANE,EN,Federal Contract Tower,0,2,16,0,18,0,0,44,0,44,0,2,60,0,62,56,0,56,118
07/11/2010,BVY,MA,ANE,EN,Federal Contract Tower,0,5,22,0,27,0,0,97,0,97,0,5,119,0,124,168,0,168,292
07/12/2010,BVY,MA,ANE,EN,Federal Contract Tower,0,1,9,0,10,0,0,94,1,95,0,1,103,1,105,92,0,92,197
07/13/2010,BVY,MA,ANE,EN,Federal Contract Tower,0,0,12,0,12,0,0,63,0,63,0,0,75,0,75,94,0,94,169
07/14/2010,BVY,MA,ANE,EN,Federal Contract Tower,0,0,14,0,14,0,0,0,0,0,0,0,14,0,14,0,0,0,14
07/15/2010,BVY,MA,ANE,EN,Federal Contract Tower,0,5,13,0,18,0,0,106,0,106,0,5,119,0,124,202,0,202,326
07/16/2010,BVY,MA,ANE,EN,Federal Contract Tower,0,1,26,0,27,0,0,54,0,54,0,1,80,0,81,66,0,66,147
07/17/2010,BVY,MA,ANE,EN,Federal Contract Tower,0,0,7,0,7,0,0,89,2,91,0,0,96,2,98,88,0,88,186
07/18/2010,BVY,MA,ANE,EN,Federal Contract Tower,0,2,8,0,10,0,0,101,2,103,0,2,109,2,113,102,0,102,215
07/19/2010,BVY,MA,ANE,EN,Federal Contract Tower,0,2,10,0,12,0,0,79,0,79,0,2,89,0,91,122,0,122,213
07/20/2010,BVY,MA,ANE,EN,Federal Contract Tower,0,5,16,0,21,0,0,114,0,114,0,5,130,0,135,160,0,160,295
07/21/2010,BVY,MA,ANE,EN,Federal Contract Tower,0,0,12,0,12,0,0,65,0,65,0,0,77,0,77,56,0,56,133
07/22/2010,BVY,MA,ANE,EN,Federal Contract Tower,0,3,17,0,20,0,0,90,0,90,0,3,107,0,110,92,0,92,202
07/23/2010,BVY,MA,ANE,EN,Federal Contract Tower,0,3,21,0,24,0,0,88,0,88,0,3,109,0,112,102,0,102,214
07/24/2010,BVY,MA,ANE,EN,Federal Contract Tower,0,0,19,0,19,0,0,59,0,59,0,0,78,0,78,82,0,82,160
07/25/2010,BVY,MA,ANE,EN,Federal Contract Tower,0,2,14,0,16,0,0,74,0,74,0,2,88,0,90,76,0,76,166
07/26/2010,BVY,MA,ANE,EN,Federal Contract Tower,0,4,7,0,11,0,1,138,0,139,0,5,145,0,150,122,0,122,272
07/27/2010,BVY,MA,ANE,EN,Federal Contract Tower,0,3,7,0,10,0,1,121,0,122,0,4,128,0,132,124,0,124,256
07/28/2010,BVY,MA,ANE,EN,Federal Contract Tower,0,8,10,0,18,0,0,81,1,82,0,8,91,1,100,98,0,98,198
07/29/2010,BVY,MA,ANE,EN,Federal Contract Tower,0,0,6,0,6,0,0,59,0,59,0,0,65,0,65,66,0,66,131
07/30/2010,BVY,MA,ANE,EN,Federal Contract Tower,0,4,23,0,27,0,0,120,0,120,0,4,143,0,147,178,0,178,325
07/31/2010,BVY,MA,ANE,EN,Federal Contract Tower,0,2,8,0,10,0,0,144,0,144,0,2,152,0,154,202,0,202,356
08/01/2010,BVY,MA,ANE,EN,Federal Contract Tower,0,2,15,0,17,0,0,147,0,147,0,2,162,0,164,210,0,210,374
08/02/2010,BVY,MA,ANE,EN,Federal Contract Tower,0,3,14,0,17,0,0,88,0,88,0,3,102,0,105,124,0,124,229
08/03/2010,BVY,MA,ANE,EN,Federal Contract Tower,0,2,22,0,24,0,0,100,9,109,0,2,122,9,133,66,30,96,229
08/04/2010,BVY,MA,ANE,EN,Federal Contract Tower,0,5,13,0,18,0,0,83,6,89,0,5,96,6,107,120,16,136,243
08/05/2010,BVY,MA,ANE,EN,Federal Contract Tower,0,2,13,0,15,0,0,13,0,13,0,2,26,0,28,0,0,0,28
08/06/2010,BVY,MA,ANE,EN,Federal Contract Tower,0,8,7,0,15,0,0,127,0,127,0,8,134,0,142,82,0,82,224
08/07/2010,BVY,MA,ANE,EN,Federal Contract Tower,0,2,6,0,8,0,0,133,0,133,0,2,139,0,141,126,0,126,267
08/08/2010,BVY,MA,ANE,EN,Federal Contract Tower,0,2,13,0,15,0,0,104,1,105,0,2,117,1,120,100,0,100,220
08/09/2010,BVY,MA,ANE,EN,Federal Contract Tower,0,0,5,0,5,0,0,56,0,56,0,0,61,0,61,62,0,62,123
08/10/2010,BVY,MA,ANE,EN,Federal Contract Tower,0,2,2,0,4,0,0,59,1,60,0,2,61,1,64,114,0,114,178
08/11/2010,BVY,MA,ANE,EN,Federal Contract Tower,0,1,15,0,16,0,0,114,0,114,0,1,129,0,130,152,0,152,282
08/12/2010,BVY,MA,ANE,EN,Federal Contract Tower,0,2,12,0,14,0,0,87,1,88,0,2,99,1,102,140,2,142,244
08/13/2010,BVY,MA,ANE,EN,Federal Contract Tower,0,5,25,0,30,0,0,112,0,112,0,5,137,0,142,132,0,132,274
08/14/2010,BVY,MA,ANE,EN,Federal Contract Tower,0,5,6,0,11,0,0,137,0,137,0,5,143,0,148,134,0,134,282
08/15/2010,BVY,MA,ANE,EN,Federal Contract Tower,0,6,12,0,18,0,0,132,0,132,0,6,144,0,150,118,0,118,268
08/16/2010,BVY,MA,ANE,EN,Federal Contract Tower,0,3,13,1,17,0,0,32,0,32,0,3,45,1,49,50,0,50,99
08/17/2010,BVY,MA,ANE,EN,Federal Contract Tower,0,0,7,0,7,0,0,128,0,128,0,0,135,0,135,174,0,174,309
08/18/2010,BVY,MA,ANE,EN,Federal Contract Tower,0,0,14,0,14,0,0,93,0,93,0,0,107,0,107,90,0,90,197
08/19/2010,BVY,MA,ANE,EN,Federal Contract Tower,0,2,5,0,7,0,0,100,0,100,0,2,105,0,107,132,0,132,239
08/20/2010,BVY,MA,ANE,EN,Federal Contract Tower,0,3,9,0,12,0,0,109,0,109,0,3,118,0,121,92,0,92,213
08/21/2010,BVY,MA,ANE,EN,Federal Contract Tower,0,0,9,0,9,0,0,109,0,109,0,0,118,0,118,78,0,78,196
08/22/2010,BVY,MA,ANE,EN,Federal Contract Tower,0,3,16,0,19,0,0,43,0,43,0,3,59,0,62,84,0,84,146
08/23/2010,BVY,MA,ANE,EN,Federal Contract Tower,0,7,17,0,24,0,0,0,0,0,0,7,17,0,24,0,0,0,24
08/24/2010,BVY,MA,ANE,EN,Federal Contract Tower,0,4,19,0,23,0,0,2,0,2,0,4,21,0,25,0,0,0,25
08/25/2010,BVY,MA,ANE,EN,Federal Contract Tower,0,0,12,0,12,0,0,0,0,0,0,0,12,0,12,0,0,0,12
08/26/2010,BVY,MA,ANE,EN,Federal Contract Tower,0,0,9,0,9,0,0,95,0,95,0,0,104,0,104,188,0,188,292
08/27/2010,BVY,MA,ANE,EN,Federal Contract Tower,0,1,6,0,7,0,0,68,3,71,0,1,74,3,78,66,0,66,144
08/28/2010,BVY,MA,ANE,EN,Federal Contract Tower,0,5,5,0,10,0,0,137,0,137,0,5,142,0,147,154,0,154,301
08/29/2010,BVY,MA,ANE,EN,Federal Contract Tower,0,3,3,0,6,0,0,144,2,146,0,3,147,2,152,178,0,178,330
08/30/2010,BVY,MA,ANE,EN,Federal Contract Tower,0,4,8,0,12,0,0,74,0,74,0,4,82,0,86,62,0,62,148
08/31/2010,BVY,MA,ANE,EN,Federal Contract Tower,0,2,6,0,8,0,0,112,0,112,0,2,118,0,120,90,0,90,210
09/01/2010,BVY,MA,ANE,EN,Federal Contract Tower,0,1,11,0,12,0,0,81,0,81,0,1,92,0,93,64,0,64,157
09/02/2010,BVY,MA,ANE,EN,Federal Contract Tower,0,2,12,0,14,0,0,78,0,78,0,2,90,0,92,106,0,106,198
09/03/2010,BVY,MA,ANE,EN,Federal Contract Tower,0,4,8,0,12,0,0,42,0,42,0,4,50,0,54,64,0,64,118
09/04/2010,BVY,MA,ANE,EN,Federal Contract Tower,0,0,7,0,7,0,0,34,0,34,0,0,41,0,41,48,0,48,89
09/05/2010,BVY,MA,ANE,EN,Federal Contract Tower,0,0,9,0,9,0,0,82,0,82,0,0,91,0,91,86,0,86,177
09/06/2010,BVY,MA,ANE,EN,Federal Contract Tower,0,0,7,0,7,0,0,119,0,119,0,0,126,0,126,100,0,100,226
09/07/2010,BVY,MA,ANE,EN,Federal Contract Tower,0,4,12,0,16,0,0,84,0,84,0,4,96,0,100,92,0,92,192
09/08/2010,BVY,MA,ANE,EN,Federal Contract Tower,0,3,18,0,21,0,0,58,0,58,0,3,76,0,79,72,0,72,151
09/09/2010,BVY,MA,ANE,EN,Federal Contract Tower,0,3,10,0,13,0,0,94,1,95,0,3,104,1,108,160,0,160,268
09/10/2010,BVY,MA,ANE,EN,Federal Contract Tower,0,1,15,0,16,0,0,100,0,100,0,1,115,0,116,102,0,102,218
09/11/2010,BVY,MA,ANE,EN,Federal Contract Tower,0,0,13,0,13,0,0,122,0,122,0,0,135,0,135,206,0,206,341
09/12/2010,BVY,MA,ANE,EN,Federal Contract Tower,0,0,14,0,14,0,0,87,0,87,0,0,101,0,101,182,0,182,283
09/13/2010,BVY,MA,ANE,EN,Federal Contract Tower,0,2,6,2,10,0,0,28,0,28,0,2,34,2,38,38,0,38,76
09/14/2010,BVY,MA,ANE,EN,Federal Contract Tower,0,4,9,0,13,0,0,93,0,93,0,4,102,0,106,138,0,138,244
09/15/2010,BVY,MA,ANE,EN,Federal Contract Tower,0,3,2,0,5,0,1,79,2,82,0,4,81,2,87,104,4,108,195
09/16/2010,BVY,MA,ANE,EN,Federal Contract Tower,0,1,8,0,9,0,0,80,0,80,0,1,88,0,89,174,0,174,263
09/17/2010,BVY,MA,ANE,EN,Federal Contract Tower,0,9,16,0,25,0,0,5,0,5,0,9,21,0,30,0,0,0,30
09/18/2010,BVY,MA,ANE,EN,Federal Contract Tower,0,1,13,0,14,0,0,153,1,154,0,1,166,1,168,166,2,168,336
09/19/2010,BVY,MA,ANE,EN,Federal Contract Tower,0,9,12,0,21,0,0,178,0,178,0,9,190,0,199,114,0,114,313
09/20/2010,BVY,MA,ANE,EN,Federal Contract Tower,0,3,11,0,14,0,0,85,1,86,0,3,96,1,100,76,0,76,176
09/21/2010,BVY,MA,ANE,EN,Federal Contract Tower,0,5,11,0,16,0,0,84,1,85,0,5,95,1,101,142,0,142,243
09/22/2010,BVY,MA,ANE,EN,Federal Contract Tower,0,0,5,0,5,0,0,92,0,92,0,0,97,0,97,118,0,118,215
09/23/2010,BVY,MA,ANE,EN,Federal Contract Tower,0,1,18,0,19,0,0,107,0,107,0,1,125,0,126,104,0,104,230
09/24/2010,BVY,MA,ANE,EN,Federal Contract Tower,0,7,23,2,32,0,0,53,0,53,0,7,76,2,85,76,0,76,161
09/25/2010,BVY,MA,ANE,EN,Federal Contract Tower,0,3,14,1,18,0,0,113,1,114,0,3,127,2,132,144,0,144,276
09/26/2010,BVY,MA,ANE,EN,Federal Contract Tower,0,4,16,0,20,0,0,87,0,87,0,4,103,0,107,68,0,68,175
09/27/2010,BVY,MA,ANE,EN,Federal Contract Tower,0,0,2,0,2,0,0,0,0,0,0,0,2,0,2,0,0,0,2
09/28/2010,BVY,MA,ANE,EN,Federal Contract Tower,0,1,11,0,12,0,0,13,0,13,0,1,24,0,25,18,0,18,43
09/29/2010,BVY,MA,ANE,EN,Federal Contract Tower,0,0,5,0,5,0,0,94,2,96,0,0,99,2,101,110,0,110,211
09/30/2010,BVY,MA,ANE,EN,Federal Contract Tower,0,0,3,0,3,0,0,2,0,2,0,0,5,0,5,0,0,0,5
10/01/2010,BVY,MA,ANE,EN,Federal Contract Tower,0,2,13,0,15,0,5,1,0,6,0,7,14,0,21,0,0,0,21
10/02/2010,BVY,MA,ANE,EN,Federal Contract Tower,0,1,28,0,29,0,0,108,0,108,0,1,136,0,137,42,0,42,179
10/03/2010,BVY,MA,ANE,EN,Federal Contract Tower,0,4,12,0,16,0,0,89,0,89,0,4,101,0,105,94,0,94,199
10/04/2010,BVY,MA,ANE,EN,Federal Contract Tower,0,0,12,0,12,0,0,15,0,15,0,0,27,0,27,40,0,40,67
10/05/2010,BVY,MA,ANE,EN,Federal Contract Tower,0,1,13,0,14,0,0,1,0,1,0,1,14,0,15,0,0,0,15
10/06/2010,BVY,MA,ANE,EN,Federal Contract Tower,0,7,12,0,19,0,0,0,0,0,0,7,12,0,19,0,0,0,19
10/07/2010,BVY,MA,ANE,EN,Federal Contract Tower,0,4,6,0,10,0,0,61,0,61,0,4,67,0,71,106,0,106,177
10/08/2010,BVY,MA,ANE,EN,Federal Contract Tower,0,9,10,0,19,0,0,114,0,114,0,9,124,0,133,152,0,152,285
10/09/2010,BVY,MA,ANE,EN,Federal Contract Tower,0,0,10,0,10,0,0,84,0,84,0,0,94,0,94,130,0,130,224
10/10/2010,BVY,MA,ANE,EN,Federal Contract Tower,0,4,13,0,17,0,0,143,1,144,0,4,156,1,161,148,0,148,309
10/11/2010,BVY,MA,ANE,EN,Federal Contract Tower,0,4,17,0,21,0,0,117,0,117,0,4,134,0,138,162,0,162,300
10/12/2010,BVY,MA,ANE,EN,Federal Contract Tower,0,6,17,0,23,0,0,68,0,68,0,6,85,0,91,110,0,110,201
10/13/2010,BVY,MA,ANE,EN,Federal Contract Tower,0,5,18,0,23,0,0,97,0,97,0,5,115,0,120,164,0,164,284
10/14/2010,BVY,MA,ANE,EN,Federal Contract Tower,0,1,18,0,19,0,0,77,0,77,0,1,95,0,96,116,0,116,212
10/15/2010,BVY,MA,ANE,EN,Federal Contract Tower,0,2,7,0,9,0,0,8,0,8,0,2,15,0,17,0,0,0,17
10/16/2010,BVY,MA,ANE,EN,Federal Contract Tower,0,7,12,0,19,0,0,17,2,19,0,7,29,2,38,34,0,34,72
10/17/2010,BVY,MA,ANE,EN,Federal Contract Tower,0,3,4,0,7,0,0,112,0,112,0,3,116,0,119,186,0,186,305
10/18/2010,BVY,MA,ANE,EN,Federal Contract Tower,0,4,5,0,9,0,2,81,0,83,0,6,86,0,92,104,0,104,196
10/19/2010,BVY,MA,ANE,EN,Federal Contract Tower,0,3,11,0,14,0,0,79,0,79,0,3,90,0,93,56,0,56,149
10/20/2010,BVY,MA,ANE,EN,Federal Contract Tower,0,1,11,0,12,0,0,82,0,82,0,1,93,0,94,66,0,66,160
10/21/2010,BVY,MA,ANE,EN,Federal Contract Tower,0,2,16,0,18,0,0,32,0,32,0,2,48,0,50,82,0,82,132
10/22/2010,BVY,MA,ANE,EN,Federal Contract Tower,0,3,9,0,12,0,0,88,0,88,0,3,97,0,100,112,0,112,212
10/23/2010,BVY,MA,ANE,EN,Federal Contract Tower,0,1,16,0,17,0,0,118,3,121,0,1,134,3,138,166,0,166,304
10/24/2010,BVY,MA,ANE,EN,Federal Contract Tower,0,2,15,0,17,0,0,94,0,94,0,2,109,0,111,196,0,196,307
10/25/2010,BVY,MA,ANE,EN,Federal Contract Tower,0,3,16,0,19,0,0,44,0,44,0,3,60,0,63,118,0,118,181
10/26/2010,BVY,MA,ANE,EN,Federal Contract Tower,0,2,12,0,14,0,0,80,0,80,0,2,92,0,94,154,0,154,248
10/27/2010,BVY,MA,ANE,EN,Federal Contract Tower,0,0,9,0,9,0,0,6,0,6,0,0,15,0,15,0,0,0,15
10/28/2010,BVY,MA,ANE,EN,Federal Contract Tower,0,5,6,0,11,0,0,82,4,86,0,5,88,4,97,20,0,20,117
10/29/2010,BVY,MA,ANE,EN,Federal Contract Tower,0,6,13,0,19,0,0,120,0,120,0,6,133,0,139,136,0,136,275
10/30/2010,BVY,MA,ANE,EN,Federal Contract Tower,0,4,9,0,13,0,0,84,0,84,0,4,93,0,97,94,0,94,191
10/31/2010,BVY,MA,ANE,EN,Federal Contract Tower,0,2,9,0,11,0,0,74,0,74,0,2,83,0,85,102,0,102,187
11/01/2010,BVY,MA,ANE,EN,Federal Contract Tower,0,0,9,0,9,0,0,59,0,59,0,0,68,0,68,32,0,32,100
11/02/2010,BVY,MA,ANE,EN,Federal Contract Tower,0,3,6,0,9,0,0,120,0,120,0,3,126,0,129,148,0,148,277
11/03/2010,BVY,MA,ANE,EN,Federal Contract Tower,0,3,11,0,14,0,0,96,0,96,0,3,107,0,110,86,0,86,196
11/04/2010,BVY,MA,ANE,EN,Federal Contract Tower,0,0,10,0,10,0,0,6,1,7,0,0,16,1,17,4,0,4,21
11/05/2010,BVY,MA,ANE,EN,Federal Contract Tower,0,5,8,0,13,0,0,0,0,0,0,5,8,0,13,114,0,114,127
11/06/2010,BVY,MA,ANE,EN,Federal Contract Tower,0,0,10,0,10,0,0,87,1,88,0,0,97,1,98,208,0,208,306
11/07/2010,BVY,MA,ANE,EN,Federal Contract Tower,0,2,8,0,10,0,1,77,0,78,0,3,85,0,88,176,0,176,264
11/08/2010,BVY,MA,ANE,EN,Federal Contract Tower,0,2,1,0,3,0,0,2,0,2,0,2,3,0,5,0,0,0,5
11/09/2010,BVY,MA,ANE,EN,Federal Contract Tower,0,3,16,0,19,0,0,6,0,6,0,3,22,0,25,9,0,9,34
11/10/2010,BVY,MA,ANE,EN,Federal Contract Tower,0,1,9,0,10,0,0,41,0,41,0,1,50,0,51,46,0,46,97
11/11/2010,BVY,MA,ANE,EN,Federal Contract Tower,0,5,4,0,9,0,0,83,0,83,0,5,87,0,92,66,0,66,158
11/12/2010,BVY,MA,ANE,EN,Federal Contract Tower,0,0,9,0,9,0,0,148,0,148,0,0,157,0,157,220,0,220,377
11/13/2010,BVY,MA,ANE,EN,Federal Contract Tower,0,0,18,0,18,0,0,170,0,170,0,0,188,0,188,336,0,336,524
11/14/2010,BVY,MA,ANE,EN,Federal Contract Tower,0,6,16,0,22,0,0,119,0,119,0,6,135,0,141,270,0,270,411
11/15/2010,BVY,MA,ANE,EN,Federal Contract Tower,0,3,10,0,13,0,0,29,0,29,0,3,39,0,42,68,0,68,110
11/16/2010,BVY,MA,ANE,EN,Federal Contract Tower,0,1,17,0,18,0,0,42,0,42,0,1,59,0,60,114,0,114,174
11/17/2010,BVY,MA,ANE,EN,Federal Contract Tower,0,2,3,0,5,0,0,10,0,10,0,2,13,0,15,12,0,12,27
11/18/2010,BVY,MA,ANE,EN,Federal Contract Tower,0,3,5,0,8,0,0,77,0,77,0,3,82,0,85,94,0,94,179
11/19/2010,BVY,MA,ANE,EN,Federal Contract Tower,0,4,8,0,12,0,0,130,3,133,0,4,138,3,145,208,0,208,353
11/20/2010,BVY,MA,ANE,EN,Federal Contract Tower,0,0,6,0,6,0,0,68,2,70,0,0,74,2,76,90,0,90,166
11/21/2010,BVY,MA,ANE,EN,Federal Contract Tower,2,9,0,0,11,0,0,121,0,121,2,9,121,0,132,184,0,184,316
11/22/2010,BVY,MA,ANE,EN,Federal Contract Tower,0,1,12,0,13,0,0,57,0,57,0,1,69,0,70,166,0,166,236
11/23/2010,BVY,MA,ANE,EN,Federal Contract Tower,0,2,22,0,24,0,0,54,1,55,0,2,76,1,79,148,0,148,227
11/24/2010,BVY,MA,ANE,EN,Federal Contract Tower,0,2,4,0,6,0,0,15,0,15,0,2,19,0,21,8,0,8,29
11/25/2010,BVY,MA,ANE,EN,Federal Contract Tower,0,0,3,0,3,0,0,16,0,16,0,0,19,0,19,2,0,2,21
11/26/2010,BVY,MA,ANE,EN,Federal Contract Tower,0,0,3,0,3,0,0,26,0,26,0,0,29,0,29,38,0,38,67
11/27/2010,BVY,MA,ANE,EN,Federal Contract Tower,0,4,12,0,16,0,0,76,0,76,0,4,88,0,92,126,0,126,218
11/28/2010,BVY,MA,ANE,EN,Federal Contract Tower,0,1,9,0,10,0,0,118,0,118,0,1,127,0,128,170,0,170,298
11/29/2010,BVY,MA,ANE,EN,Federal Contract Tower,0,0,7,0,7,0,0,125,1,126,0,0,132,1,133,134,0,134,267
11/30/2010,BVY,MA,ANE,EN,Federal Contract Tower,0,3,13,0,16,0,0,77,0,77,0,3,90,0,93,116,0,116,209
12/01/2010,BVY,MA,ANE,EN,Federal Contract Tower,0,0,3,0,3,0,0,13,0,13,0,0,16,0,16,20,0,20,36
12/02/2010,BVY,MA,ANE,EN,Federal Contract Tower,0,0,5,0,5,0,0,84,1,85,0,0,89,1,90,144,0,144,234
12/03/2010,BVY,MA,ANE,EN,Federal Contract Tower,0,2,13,0,15,0,0,65,2,67,0,2,78,2,82,108,0,108,190
12/04/2010,BVY,MA,ANE,EN,Federal Contract Tower,0,0,6,0,6,0,0,96,0,96,0,0,102,0,102,164,0,164,266
12/05/2010,BVY,MA,ANE,EN,Federal Contract Tower,0,1,8,0,9,0,0,60,0,60,0,1,68,0,69,130,0,130,199
12/06/2010,BVY,MA,ANE,EN,Federal Contract Tower,0,1,2,0,3,0,0,28,0,28,0,1,30,0,31,50,0,50,81
12/07/2010,BVY,MA,ANE,EN,Federal Contract Tower,0,2,4,0,6,0,0,51,2,53,0,2,55,2,59,18,0,18,77
12/08/2010,BVY,MA,ANE,EN,Federal Contract Tower,0,0,2,0,2,0,0,44,0,44,0,0,46,0,46,18,0,18,64
12/09/2010,BVY,MA,ANE,EN,Federal Contract Tower,0,0,4,0,4,0,0,82,0,82,0,0,86,0,86,120,0,120,206
12/10/2010,BVY,MA,ANE,EN,Federal Contract Tower,0,2,5,0,7,0,0,49,0,49,0,2,54,0,56,60,0,60,116
12/11/2010,BVY,MA,ANE,EN,Federal Contract Tower,0,2,7,0,9,0,0,128,0,128,0,2,135,0,137,146,0,146,283
12/12/2010,BVY,MA,ANE,EN,Federal Contract Tower,0,1,5,0,6,0,0,1,0,1,0,1,6,0,7,0,0,0,7
12/13/2010,BVY,MA,ANE,EN,Federal Contract Tower,0,2,7,0,9,0,0,16,0,16,0,2,23,0,25,8,0,8,33
12/14/2010,BVY,MA,ANE,EN,Federal Contract Tower,0,4,2,0,6,0,0,46,0,46,0,4,48,0,52,66,0,66,118
12/15/2010,BVY,MA,ANE,EN,Federal Contract Tower,0,2,4,0,6,0,0,31,0,31,0,2,35,0,37,70,0,70,107
12/16/2010,BVY,MA,ANE,EN,Federal Contract Tower,0,0,1,0,1,0,0,60,0,60,0,0,61,0,61,102,0,102,163
12/17/2010,BVY,MA,ANE,EN,Federal Contract Tower,0,2,8,0,10,0,0,81,5,86,0,2,89,5,96,102,0,102,198
12/18/2010,BVY,MA,ANE,EN,Federal Contract Tower,0,4,18,0,22,0,0,146,0,146,0,4,164,0,168,236,0,236,404
12/19/2010,BVY,MA,ANE,EN,Federal Contract Tower,0,3,5,0,8,0,0,53,1,54,0,3,58,1,62,108,0,108,170
12/20/2010,BVY,MA,ANE,EN,Federal Contract Tower,0,2,4,0,6,0,0,20,0,20,0,2,24,0,26,30,0,30,56
12/21/2010,BVY,MA,ANE,EN,Federal Contract Tower,0,0,6,0,6,0,0,8,0,8,0,0,14,0,14,10,0,10,24
12/22/2010,BVY,MA,ANE,EN,Federal Contract Tower,0,1,1,0,2,0,0,20,0,20,0,1,21,0,22,68,0,68,90
12/23/2010,BVY,MA,ANE,EN,Federal Contract Tower,0,2,7,0,9,0,0,24,0,24,0,2,31,0,33,36,0,36,69
12/24/2010,BVY,MA,ANE,EN,Federal Contract Tower,0,1,5,0,6,0,0,64,0,64,0,1,69,0,70,108,0,108,178
12/25/2010,BVY,MA,ANE,EN,Federal Contract Tower,0,0,0,0,0,0,0,4,0,4,0,0,4,0,4,0,0,0,4
12/26/2010,BVY,MA,ANE,EN,Federal Contract Tower,0,0,6,0,6,0,0,1,0,1,0,0,7,0,7,0,0,0,7
12/27/2010,BVY,MA,ANE,EN,Federal Contract Tower,0,0,0,0,0,0,0,0,0,0,0,0,0,0,0,0,0,0,0
12/28/2010,BVY,MA,ANE,EN,Federal Contract Tower,0,2,2,0,4,0,0,17,0,17,0,2,19,0,21,0,0,0,21
12/29/2010,BVY,MA,ANE,EN,Federal Contract Tower,0,1,7,0,8,0,0,74,0,74,0,1,81,0,82,102,0,102,184
12/30/2010,BVY,MA,ANE,EN,Federal Contract Tower,0,1,6,0,7,0,0,94,1,95,0,1,100,1,102,160,0,160,262
12/31/2010,BVY,MA,ANE,EN,Federal Contract Tower,0,0,6,1,7,0,0,90,0,90,0,0,96,1,97,140,0,140,237
01/01/2011,BVY,MA,ANE,EN,Federal Contract Tower,0,0,3,0,3,0,0,68,0,68,0,0,71,0,71,84,0,84,155
01/02/2011,BVY,MA,ANE,EN,Federal Contract Tower,0,0,5,0,5,0,0,5,0,5,0,0,10,0,10,16,0,16,26
01/03/2011,BVY,MA,ANE,EN,Federal Contract Tower,0,1,6,0,7,0,0,34,0,34,0,1,40,0,41,54,0,54,95
01/04/2011,BVY,MA,ANE,EN,Federal Contract Tower,0,3,2,0,5,0,0,81,0,81,0,3,83,0,86,96,0,96,182
01/05/2011,BVY,MA,ANE,EN,Federal Contract Tower,0,0,2,0,2,0,0,57,0,57,0,0,59,0,59,94,0,94,153
01/06/2011,BVY,MA,ANE,EN,Federal Contract Tower,0,2,7,0,9,0,0,100,4,104,0,2,107,4,113,156,0,156,269
01/07/2011,BVY,MA,ANE,EN,Federal Contract Tower,0,0,4,1,5,0,0,19,0,19,0,0,23,1,24,22,0,22,46
01/08/2011,BVY,MA,ANE,EN,Federal Contract Tower,0,0,0,0,0,0,0,2,0,2,0,0,2,0,2,18,0,18,20
01/09/2011,BVY,MA,ANE,EN,Federal Contract Tower,1,3,0,0,4,0,0,39,0,39,1,3,39,0,43,80,0,80,123
01/10/2011,BVY,MA,ANE,EN,Federal Contract Tower,0,0,8,0,8,0,0,50,0,50,0,0,58,0,58,68,0,68,126
01/11/2011,BVY,MA,ANE,EN,Federal Contract Tower,0,2,7,0,9,0,0,81,2,83,0,2,88,2,92,128,0,128,220
01/12/2011,BVY,MA,ANE,EN,Federal Contract Tower,0,0,0,0,0,0,0,0,0,0,0,0,0,0,0,0,0,0,0
01/13/2011,BVY,MA,ANE,EN,Federal Contract Tower,0,0,1,0,1,0,0,32,0,32,0,0,33,0,33,0,0,0,33
01/14/2011,BVY,MA,ANE,EN,Federal Contract Tower,0,3,5,0,8,0,0,42,0,42,0,3,47,0,50,44,0,44,94
01/15/2011,BVY,MA,ANE,EN,Federal Contract Tower,0,1,7,0,8,0,0,75,0,75,0,1,82,0,83,60,0,60,143
01/16/2011,BVY,MA,ANE,EN,Federal Contract Tower,0,0,11,0,11,0,0,59,2,61,0,0,70,2,72,90,0,90,162
01/17/2011,BVY,MA,ANE,EN,Federal Contract Tower,0,1,7,0,8,0,0,63,2,65,0,1,70,2,73,92,0,92,165
01/18/2011,BVY,MA,ANE,EN,Federal Contract Tower,0,0,0,0,0,0,0,0,0,0,0,0,0,0,0,0,0,0,0
01/19/2011,BVY,MA,ANE,EN,Federal Contract Tower,0,0,1,0,1,0,0,0,0,0,0,0,1,0,1,0,0,0,1
01/20/2011,BVY,MA,ANE,EN,Federal Contract Tower,0,0,7,0,7,0,0,34,0,34,0,0,41,0,41,12,0,12,53
01/21/2011,BVY,MA,ANE,EN,Federal Contract Tower,0,3,0,0,3,0,0,3,0,3,0,3,3,0,6,0,0,0,6
01/22/2011,BVY,MA,ANE,EN,Federal Contract Tower,0,2,5,0,7,0,0,105,0,105,0,2,110,0,112,158,0,158,270
01/23/2011,BVY,MA,ANE,EN,Federal Contract Tower,0,3,7,0,10,0,0,90,0,90,0,3,97,0,100,134,0,134,234
01/24/2011,BVY,MA,ANE,EN,Federal Contract Tower,0,1,3,0,4,0,0,20,0,20,0,1,23,0,24,0,0,0,24
01/25/2011,BVY,MA,ANE,EN,Federal Contract Tower,0,1,4,0,5,0,0,18,0,18,0,1,22,0,23,0,0,0,23
01/26/2011,BVY,MA,ANE,EN,Federal Contract Tower,4,0,0,0,4,0,0,0,0,0,4,0,0,0,4,0,0,0,4
01/27/2011,BVY,MA,ANE,EN,Federal Contract Tower,0,0,0,0,0,0,0,12,1,13,0,0,12,1,13,0,0,0,13
01/28/2011,BVY,MA,ANE,EN,Federal Contract Tower,0,9,2,0,11,0,0,58,0,58,0,9,60,0,69,34,0,34,103
01/29/2011,BVY,MA,ANE,EN,Federal Contract Tower,0,1,6,0,7,0,0,84,0,84,0,1,90,0,91,216,0,216,307
01/30/2011,BVY,MA,ANE,EN,Federal Contract Tower,0,0,11,0,11,0,0,97,0,97,0,0,108,0,108,168,0,168,276
01/31/2011,BVY,MA,ANE,EN,Federal Contract Tower,0,0,5,1,6,0,1,56,1,58,0,1,61,2,64,82,0,82,146
02/01/2011,BVY,MA,ANE,EN,Federal Contract Tower,0,0,2,0,2,0,1,0,0,1,0,1,2,0,3,0,0,0,3
02/02/2011,BVY,MA,ANE,EN,Federal Contract Tower,0,0,0,0,0,0,0,0,0,0,0,0,0,0,0,0,0,0,0
02/03/2011,BVY,MA,ANE,EN,Federal Contract Tower,0,0,0,0,0,0,0,18,0,18,0,0,18,0,18,4,0,4,22
02/04/2011,BVY,MA,ANE,EN,Federal Contract Tower,0,2,1,0,3,0,0,58,0,58,0,2,59,0,61,84,0,84,145
02/05/2011,BVY,MA,ANE,EN,Federal Contract Tower,0,0,10,0,10,0,0,51,0,51,0,0,61,0,61,90,0,90,151
02/06/2011,BVY,MA,ANE,EN,Federal Contract Tower,0,1,6,0,7,0,1,51,0,52,0,2,57,0,59,110,0,110,169
02/07/2011,BVY,MA,ANE,EN,Federal Contract Tower,0,0,10,0,10,0,0,43,0,43,0,0,53,0,53,62,0,62,115
02/08/2011,BVY,MA,ANE,EN,Federal Contract Tower,0,0,0,0,0,0,0,0,0,0,0,0,0,0,0,0,0,0,0
02/09/2011,BVY,MA,ANE,EN,Federal Contract Tower,0,6,7,1,14,0,0,56,0,56,0,6,63,1,70,108,0,108,178
02/10/2011,BVY,MA,ANE,EN,Federal Contract Tower,0,4,4,1,9,0,0,45,2,47,0,4,49,3,56,54,0,54,110
02/11/2011,BVY,MA,ANE,EN,Federal Contract Tower,0,8,4,0,12,0,0,79,7,86,0,8,83,7,98,104,0,104,202
02/12/2011,BVY,MA,ANE,EN,Federal Contract Tower,0,1,9,0,10,0,0,91,0,91,0,1,100,0,101,160,0,160,261
02/13/2011,BVY,MA,ANE,EN,Federal Contract Tower,0,3,7,0,10,0,0,91,0,91,0,3,98,0,101,212,0,212,313
02/14/2011,BVY,MA,ANE,EN,Federal Contract Tower,0,2,0,0,2,0,0,52,0,52,0,2,52,0,54,34,0,34,88
02/15/2011,BVY,MA,ANE,EN,Federal Contract Tower,0,1,2,0,3,0,0,12,0,12,0,1,14,0,15,0,0,0,15
02/16/2011,BVY,MA,ANE,EN,Federal Contract Tower,0,0,6,0,6,0,0,103,0,103,0,0,109,0,109,216,0,216,325
02/17/2011,BVY,MA,ANE,EN,Federal Contract Tower,0,0,9,1,10,0,0,87,0,87,0,0,96,1,97,134,0,134,231
02/18/2011,BVY,MA,ANE,EN,Federal Contract Tower,0,0,10,0,10,0,0,97,0,97,0,0,107,0,107,154,0,154,261
02/19/2011,BVY,MA,ANE,EN,Federal Contract Tower,0,3,0,0,3,0,0,9,0,9,0,3,9,0,12,20,0,20,32
02/20/2011,BVY,MA,ANE,EN,Federal Contract Tower,0,2,6,0,8,0,0,43,0,43,0,2,49,0,51,124,0,124,175
02/21/2011,BVY,MA,ANE,EN,Federal Contract Tower,0,1,5,0,6,0,0,16,0,16,0,1,21,0,22,2,0,2,24
02/22/2011,BVY,MA,ANE,EN,Federal Contract Tower,0,2,2,0,4,0,0,46,0,46,0,2,48,0,50,62,0,62,112
02/23/2011,BVY,MA,ANE,EN,Federal Contract Tower,0,0,12,0,12,0,0,87,0,87,0,0,99,0,99,106,0,106,205
02/24/2011,BVY,MA,ANE,EN,Federal Contract Tower,0,0,12,0,12,0,0,92,0,92,0,0,104,0,104,150,0,150,254
02/25/2011,BVY,MA,ANE,EN,Federal Contract Tower,0,0,0,0,0,0,0,0,0,0,0,0,0,0,0,0,0,0,0
02/26/2011,BVY,MA,ANE,EN,Federal Contract Tower,0,1,6,0,7,0,0,61,0,61,0,1,67,0,68,70,0,70,138
02/27/2011,BVY,MA,ANE,EN,Federal Contract Tower,0,0,2,0,2,0,0,0,0,0,0,0,2,0,2,0,0,0,2
02/28/2011,BVY,MA,ANE,EN,Federal Contract Tower,0,2,1,0,3,0,0,0,0,0,0,2,1,0,3,0,0,0,3
03/01/2011,BVY,MA,ANE,EN,Federal Contract Tower,0,1,6,0,7,0,0,62,0,62,0,1,68,0,69,70,0,70,139
03/02/2011,BVY,MA,ANE,EN,Federal Contract Tower,0,4,3,0,7,0,0,33,0,33,0,4,36,0,40,2,0,2,42
03/03/2011,BVY,MA,ANE,EN,Federal Contract Tower,0,2,3,0,5,0,0,61,2,63,0,2,64,2,68,70,0,70,138
03/04/2011,BVY,MA,ANE,EN,Federal Contract Tower,0,2,5,0,7,0,0,81,1,82,0,2,86,1,89,116,0,116,205
03/05/2011,BVY,MA,ANE,EN,Federal Contract Tower,0,2,6,0,8,0,0,73,0,73,0,2,79,0,81,196,0,196,277
03/06/2011,BVY,MA,ANE,EN,Federal Contract Tower,0,1,2,0,3,0,0,21,0,21,0,1,23,0,24,40,0,40,64
03/07/2011,BVY,MA,ANE,EN,Federal Contract Tower,0,0,6,0,6,0,0,0,0,0,0,0,6,0,6,0,0,0,6
03/08/2011,BVY,MA,ANE,EN,Federal Contract Tower,0,2,9,0,11,0,0,51,0,51,0,2,60,0,62,58,0,58,120
03/09/2011,BVY,MA,ANE,EN,Federal Contract Tower,0,2,8,0,10,0,0,57,0,57,0,2,65,0,67,84,0,84,151
03/10/2011,BVY,MA,ANE,EN,Federal Contract Tower,0,0,3,0,3,0,0,3,0,3,0,0,6,0,6,0,0,0,6
03/11/2011,BVY,MA,ANE,EN,Federal Contract Tower,0,1,3,0,4,0,0,0,0,0,0,1,3,0,4,0,0,0,4
03/12/2011,BVY,MA,ANE,EN,Federal Contract Tower,0,3,9,0,12,0,0,96,0,96,0,3,105,0,108,180,0,180,288
03/13/2011,BVY,MA,ANE,EN,Federal Contract Tower,0,1,18,0,19,0,0,99,0,99,0,1,117,0,118,146,0,146,264
03/14/2011,BVY,MA,ANE,EN,Federal Contract Tower,0,0,6,0,6,0,0,79,0,79,0,0,85,0,85,78,0,78,163
03/15/2011,BVY,MA,ANE,EN,Federal Contract Tower,0,0,8,0,8,0,0,100,0,100,0,0,108,0,108,146,0,146,254
03/16/2011,BVY,MA,ANE,EN,Federal Contract Tower,0,0,10,0,10,0,0,4,0,4,0,0,14,0,14,12,0,12,26
03/17/2011,BVY,MA,ANE,EN,Federal Contract Tower,0,0,10,0,10,0,0,140,0,140,0,0,150,0,150,246,0,246,396
03/18/2011,BVY,MA,ANE,EN,Federal Contract Tower,0,2,2,0,4,0,0,34,0,34,0,2,36,0,38,12,0,12,50
03/19/2011,BVY,MA,ANE,EN,Federal Contract Tower,0,1,11,0,12,0,0,82,0,82,0,1,93,0,94,178,0,178,272
03/20/2011,BVY,MA,ANE,EN,Federal Contract Tower,0,2,11,0,13,0,0,172,0,172,0,2,183,0,185,298,0,298,483
03/21/2011,BVY,MA,ANE,EN,Federal Contract Tower,0,0,2,0,2,0,0,7,0,7,0,0,9,0,9,4,0,4,13
03/22/2011,BVY,MA,ANE,EN,Federal Contract Tower,0,2,8,0,10,0,0,52,0,52,0,2,60,0,62,136,0,136,198
03/23/2011,BVY,MA,ANE,EN,Federal Contract Tower,0,2,7,0,9,0,0,62,0,62,0,2,69,0,71,78,0,78,149
03/24/2011,BVY,MA,ANE,EN,Federal Contract Tower,0,0,7,1,8,0,0,30,0,30,0,0,37,1,38,52,0,52,90
03/25/2011,BVY,MA,ANE,EN,Federal Contract Tower,0,6,0,0,6,0,0,66,0,66,0,6,66,0,72,64,0,64,136
03/26/2011,BVY,MA,ANE,EN,Federal Contract Tower,0,0,14,0,14,0,0,75,1,76,0,0,89,1,90,142,0,142,232
03/27/2011,BVY,MA,ANE,EN,Federal Contract Tower,0,0,10,0,10,0,0,91,0,91,0,0,101,0,101,90,0,90,191
03/28/2011,BVY,MA,ANE,EN,Federal Contract Tower,0,3,1,0,4,0,0,53,0,53,0,3,54,0,57,66,0,66,123
03/29/2011,BVY,MA,ANE,EN,Federal Contract Tower,0,4,8,0,12,0,0,54,0,54,0,4,62,0,66,78,2,80,146
03/30/2011,BVY,MA,ANE,EN,Federal Contract Tower,0,6,10,0,16,0,0,107,2,109,0,6,117,2,125,140,0,140,265
03/31/2011,BVY,MA,ANE,EN,Federal Contract Tower,0,0,7,1,8,0,0,86,1,87,0,0,93,2,95,144,0,144,239
04/01/2011,BVY,MA,ANE,EN,Federal Contract Tower,0,4,1,0,5,0,0,0,0,0,0,4,1,0,5,0,0,0,5
04/02/2011,BVY,MA,ANE,EN,Federal Contract Tower,0,1,10,0,11,0,0,81,1,82,0,1,91,1,93,90,0,90,183
04/03/2011,BVY,MA,ANE,EN,Federal Contract Tower,0,1,7,0,8,0,0,88,0,88,0,1,95,0,96,84,0,84,180
04/04/2011,BVY,MA,ANE,EN,Federal Contract Tower,0,0,1,0,1,0,0,8,0,8,0,0,9,0,9,26,0,26,35
04/05/2011,BVY,MA,ANE,EN,Federal Contract Tower,0,6,2,0,8,0,0,7,0,7,0,6,9,0,15,0,0,0,15
04/06/2011,BVY,MA,ANE,EN,Federal Contract Tower,0,3,5,0,8,0,0,60,3,63,0,3,65,3,71,60,0,60,131
04/07/2011,BVY,MA,ANE,EN,Federal Contract Tower,0,3,12,0,15,0,0,75,0,75,0,3,87,0,90,160,0,160,250
04/08/2011,BVY,MA,ANE,EN,Federal Contract Tower,0,3,12,0,15,0,0,126,0,126,0,3,138,0,141,244,0,244,385
04/09/2011,BVY,MA,ANE,EN,Federal Contract Tower,0,0,16,0,16,0,0,135,0,135,0,0,151,0,151,218,0,218,369
04/10/2011,BVY,MA,ANE,EN,Federal Contract Tower,0,0,9,0,9,0,0,136,0,136,0,0,145,0,145,206,0,206,351
04/11/2011,BVY,MA,ANE,EN,Federal Contract Tower,0,3,4,0,7,0,0,35,0,35,0,3,39,0,42,76,0,76,118
04/12/2011,BVY,MA,ANE,EN,Federal Contract Tower,0,3,6,0,9,0,0,62,0,62,0,3,68,0,71,62,0,62,133
04/13/2011,BVY,MA,ANE,EN,Federal Contract Tower,0,1,5,0,6,0,0,0,0,0,0,1,5,0,6,0,0,0,6
04/14/2011,BVY,MA,ANE,EN,Federal Contract Tower,0,0,12,1,13,0,0,115,0,115,0,0,127,1,128,202,0,202,330
04/15/2011,BVY,MA,ANE,EN,Federal Contract Tower,0,3,4,1,8,0,0,80,0,80,0,3,84,1,88,128,0,128,216
04/16/2011,BVY,MA,ANE,EN,Federal Contract Tower,0,1,12,0,13,0,0,51,0,51,0,1,63,0,64,90,0,90,154
04/17/2011,BVY,MA,ANE,EN,Federal Contract Tower,0,0,9,0,9,0,0,28,0,28,0,0,37,0,37,26,0,26,63
04/18/2011,BVY,MA,ANE,EN,Federal Contract Tower,1,7,0,0,8,0,0,63,0,63,1,7,63,0,71,82,0,82,153
04/19/2011,BVY,MA,ANE,EN,Federal Contract Tower,0,2,10,1,13,0,0,27,1,28,0,2,37,2,41,34,0,34,75
04/20/2011,BVY,MA,ANE,EN,Federal Contract Tower,0,4,13,0,17,0,0,11,0,11,0,4,24,0,28,16,0,16,44
04/21/2011,BVY,MA,ANE,EN,Federal Contract Tower,0,1,4,1,6,0,0,21,0,21,0,1,25,1,27,28,0,28,55
04/22/2011,BVY,MA,ANE,EN,Federal Contract Tower,0,2,17,0,19,0,0,132,2,134,0,2,149,2,153,212,0,212,365
04/23/2011,BVY,MA,ANE,EN,Federal Contract Tower,0,0,5,0,5,0,0,2,1,3,0,0,7,1,8,32,0,32,40
04/24/2011,BVY,MA,ANE,EN,Federal Contract Tower,0,2,9,0,11,0,0,73,0,73,0,2,82,0,84,104,0,104,188
04/25/2011,BVY,MA,ANE,EN,Federal Contract Tower,0,5,6,0,11,0,0,5,0,5,0,5,11,0,16,20,0,20,36
04/26/2011,BVY,MA,ANE,EN,Federal Contract Tower,0,4,7,0,11,0,0,6,0,6,0,4,13,0,17,24,0,24,41
04/27/2011,BVY,MA,ANE,EN,Federal Contract Tower,0,1,16,0,17,0,0,65,0,65,0,1,81,0,82,132,0,132,214
04/28/2011,BVY,MA,ANE,EN,Federal Contract Tower,0,1,3,0,4,0,0,4,0,4,0,1,7,0,8,10,0,10,18
04/29/2011,BVY,MA,ANE,EN,Federal Contract Tower,0,4,13,0,17,0,0,101,3,104,0,4,114,3,121,178,0,178,299
04/30/2011,BVY,MA,ANE,EN,Federal Contract Tower,0,1,14,0,15,0,0,154,0,154,0,1,168,0,169,266,0,266,435
05/01/2011,BVY,MA,ANE,EN,Federal Contract Tower,0,2,21,0,23,0,0,176,0,176,0,2,197,0,199,318,0,318,517
05/02/2011,BVY,MA,ANE,EN,Federal Contract Tower,0,3,7,0,10,0,0,69,1,70,0,3,76,1,80,126,0,126,206
05/03/2011,BVY,MA,ANE,EN,Federal Contract Tower,0,2,6,1,9,0,0,80,1,81,0,2,86,2,90,154,0,154,244
05/04/2011,BVY,MA,ANE,EN,Federal Contract Tower,0,2,19,0,21,0,0,0,0,0,0,2,19,0,21,0,0,0,21
05/05/2011,BVY,MA,ANE,EN,Federal Contract Tower,0,2,28,0,30,0,0,69,0,69,0,2,97,0,99,136,0,136,235
05/06/2011,BVY,MA,ANE,EN,Federal Contract Tower,0,3,10,0,13,0,0,83,0,83,0,3,93,0,96,102,0,102,198
05/07/2011,BVY,MA,ANE,EN,Federal Contract Tower,0,2,11,0,13,0,0,73,4,77,0,2,84,4,90,116,0,116,206
05/08/2011,BVY,MA,ANE,EN,Federal Contract Tower,0,3,21,0,24,0,0,35,0,35,0,3,56,0,59,56,0,56,115
05/09/2011,BVY,MA,ANE,EN,Federal Contract Tower,0,1,7,0,8,0,0,49,0,49,0,1,56,0,57,66,0,66,123
05/10/2011,BVY,MA,ANE,EN,Federal Contract Tower,0,0,8,0,8,0,0,23,0,23,0,0,31,0,31,38,0,38,69
05/11/2011,BVY,MA,ANE,EN,Federal Contract Tower,0,3,27,0,30,0,0,29,0,29,0,3,56,0,59,40,0,40,99
05/12/2011,BVY,MA,ANE,EN,Federal Contract Tower,0,0,20,1,21,0,0,74,1,75,0,0,94,2,96,84,0,84,180
05/13/2011,BVY,MA,ANE,EN,Federal Contract Tower,0,6,8,0,14,0,0,114,0,114,0,6,122,0,128,154,0,154,282
05/14/2011,BVY,MA,ANE,EN,Federal Contract Tower,0,1,12,0,13,0,0,39,0,39,0,1,51,0,52,72,0,72,124
05/15/2011,BVY,MA,ANE,EN,Federal Contract Tower,0,2,14,0,16,0,0,0,0,0,0,2,14,0,16,0,0,0,16
05/16/2011,BVY,MA,ANE,EN,Federal Contract Tower,0,0,6,0,6,0,0,0,0,0,0,0,6,0,6,0,0,0,6
05/17/2011,BVY,MA,ANE,EN,Federal Contract Tower,0,0,2,0,2,0,0,0,0,0,0,0,2,0,2,0,0,0,2
05/18/2011,BVY,MA,ANE,EN,Federal Contract Tower,0,0,3,0,3,0,0,0,0,0,0,0,3,0,3,0,0,0,3
05/19/2011,BVY,MA,ANE,EN,Federal Contract Tower,0,1,11,0,12,0,0,0,0,0,0,1,11,0,12,18,0,18,30
05/20/2011,BVY,MA,ANE,EN,Federal Contract Tower,0,0,7,16,23,0,0,2,0,2,0,0,9,16,25,0,0,0,25
05/21/2011,BVY,MA,ANE,EN,Federal Contract Tower,0,4,18,0,22,0,0,120,0,120,0,4,138,0,142,240,0,240,382
05/22/2011,BVY,MA,ANE,EN,Federal Contract Tower,0,3,18,0,21,0,0,61,0,61,0,3,79,0,82,142,0,142,224
05/23/2011,BVY,MA,ANE,EN,Federal Contract Tower,0,1,14,3,18,0,0,0,0,0,0,1,14,3,18,0,0,0,18
05/24/2011,BVY,MA,ANE,EN,Federal Contract Tower,0,3,12,0,15,0,0,88,0,88,0,3,100,0,103,140,0,140,243
05/25/2011,BVY,MA,ANE,EN,Federal Contract Tower,0,3,6,0,9,0,0,140,2,142,0,3,146,2,151,264,0,264,415
05/26/2011,BVY,MA,ANE,EN,Federal Contract Tower,0,2,12,0,14,0,0,94,2,96,0,2,106,2,110,60,0,60,170
05/27/2011,BVY,MA,ANE,EN,Federal Contract Tower,0,3,16,0,19,0,0,79,0,79,0,3,95,0,98,106,0,106,204
05/28/2011,BVY,MA,ANE,EN,Federal Contract Tower,0,3,13,0,16,0,0,19,0,19,0,3,32,0,35,90,0,90,125
05/29/2011,BVY,MA,ANE,EN,Federal Contract Tower,0,3,14,0,17,0,0,104,0,104,0,3,118,0,121,154,0,154,275
05/30/2011,BVY,MA,ANE,EN,Federal Contract Tower,0,0,15,0,15,0,0,120,0,120,0,0,135,0,135,86,0,86,221
05/31/2011,BVY,MA,ANE,EN,Federal Contract Tower,0,4,9,0,13,0,0,99,3,102,0,4,108,3,115,116,0,116,231
06/01/2011,BVY,MA,ANE,EN,Federal Contract Tower,0,2,4,0,6,0,0,32,0,32,0,2,36,0,38,40,0,40,78
06/02/2011,BVY,MA,ANE,EN,Federal Contract Tower,0,5,8,1,14,0,1,58,1,60,0,6,66,2,74,24,0,24,98
06/03/2011,BVY,MA,ANE,EN,Federal Contract Tower,0,3,3,0,6,0,1,48,1,50,0,4,51,1,56,56,0,56,112
06/04/2011,BVY,MA,ANE,EN,Federal Contract Tower,0,5,3,0,8,0,0,142,4,146,0,5,145,4,154,102,0,102,256
06/05/2011,BVY,MA,ANE,EN,Federal Contract Tower,0,3,10,0,13,0,0,138,0,138,0,3,148,0,151,174,0,174,325
06/06/2011,BVY,MA,ANE,EN,Federal Contract Tower,0,0,28,1,29,0,2,72,2,76,0,2,100,3,105,78,0,78,183
06/07/2011,BVY,MA,ANE,EN,Federal Contract Tower,0,4,9,1,14,0,0,104,2,106,0,4,113,3,120,98,0,98,218
06/08/2011,BVY,MA,ANE,EN,Federal Contract Tower,0,0,3,0,3,0,0,78,0,78,0,0,81,0,81,80,0,80,161
06/09/2011,BVY,MA,ANE,EN,Federal Contract Tower,0,1,2,0,3,0,0,23,0,23,0,1,25,0,26,54,0,54,80
06/10/2011,BVY,MA,ANE,EN,Federal Contract Tower,0,6,20,0,26,0,2,87,1,90,0,8,107,1,116,134,0,134,250
06/11/2011,BVY,MA,ANE,EN,Federal Contract Tower,0,0,23,0,23,0,0,38,0,38,0,0,61,0,61,82,0,82,143
06/12/2011,BVY,MA,ANE,EN,Federal Contract Tower,0,2,16,0,18,0,0,0,0,0,0,2,16,0,18,0,0,0,18
06/13/2011,BVY,MA,ANE,EN,Federal Contract Tower,0,7,11,0,18,0,0,80,0,80,0,7,91,0,98,102,0,102,200
06/14/2011,BVY,MA,ANE,EN,Federal Contract Tower,0,2,5,0,7,0,0,38,0,38,0,2,43,0,45,40,0,40,85
06/15/2011,BVY,MA,ANE,EN,Federal Contract Tower,0,2,5,0,7,0,1,96,2,99,0,3,101,2,106,124,0,124,230
06/16/2011,BVY,MA,ANE,EN,Federal Contract Tower,0,1,8,0,9,0,0,125,1,126,0,1,133,1,135,152,0,152,287
06/17/2011,BVY,MA,ANE,EN,Federal Contract Tower,0,7,18,1,26,0,0,54,0,54,0,7,72,1,80,28,0,28,108
06/18/2011,BVY,MA,ANE,EN,Federal Contract Tower,0,3,24,0,27,0,0,91,0,91,0,3,115,0,118,162,0,162,280
06/19/2011,BVY,MA,ANE,EN,Federal Contract Tower,0,6,7,0,13,0,0,133,1,134,0,6,140,1,147,148,0,148,295
06/20/2011,BVY,MA,ANE,EN,Federal Contract Tower,0,4,6,1,11,0,0,101,2,103,0,4,107,3,114,86,0,86,200
06/21/2011,BVY,MA,ANE,EN,Federal Contract Tower,0,3,8,0,11,0,0,98,0,98,0,3,106,0,109,120,0,120,229
06/22/2011,BVY,MA,ANE,EN,Federal Contract Tower,0,3,16,0,19,0,0,52,3,55,0,3,68,3,74,78,0,78,152
06/23/2011,BVY,MA,ANE,EN,Federal Contract Tower,0,8,0,0,8,0,0,0,0,0,0,8,0,0,8,0,0,0,8
06/24/2011,BVY,MA,ANE,EN,Federal Contract Tower,0,0,9,0,9,0,0,0,0,0,0,0,9,0,9,0,0,0,9
06/25/2011,BVY,MA,ANE,EN,Federal Contract Tower,0,0,26,0,26,0,0,22,0,22,0,0,48,0,48,32,0,32,80
06/26/2011,BVY,MA,ANE,EN,Federal Contract Tower,0,0,24,0,24,0,0,83,0,83,0,0,107,0,107,84,0,84,191
06/27/2011,BVY,MA,ANE,EN,Federal Contract Tower,0,4,17,0,21,0,0,111,0,111,0,4,128,0,132,148,0,148,280
06/28/2011,BVY,MA,ANE,EN,Federal Contract Tower,0,1,14,0,15,0,1,100,0,101,0,2,114,0,116,142,0,142,258
06/29/2011,BVY,MA,ANE,EN,Federal Contract Tower,0,3,9,0,12,0,0,69,0,69,0,3,78,0,81,70,0,70,151
06/30/2011,BVY,MA,ANE,EN,Federal Contract Tower,0,5,13,0,18,0,1,130,0,131,0,6,143,0,149,138,0,138,287
07/01/2011,BVY,MA,ANE,EN,Federal Contract Tower,0,1,20,0,21,0,0,128,0,128,0,1,148,0,149,170,0,170,319
07/02/2011,BVY,MA,ANE,EN,Federal Contract Tower,0,2,9,0,11,0,0,122,0,122,0,2,131,0,133,144,0,144,277
07/03/2011,BVY,MA,ANE,EN,Federal Contract Tower,0,3,9,0,12,0,0,90,1,91,0,3,99,1,103,152,0,152,255
07/04/2011,BVY,MA,ANE,EN,Federal Contract Tower,0,2,9,0,11,0,0,35,0,35,0,2,44,0,46,16,0,16,62
07/05/2011,BVY,MA,ANE,EN,Federal Contract Tower,0,0,9,0,9,0,0,122,0,122,0,0,131,0,131,128,0,128,259
07/06/2011,BVY,MA,ANE,EN,Federal Contract Tower,0,1,10,0,11,0,0,82,0,82,0,1,92,0,93,50,0,50,143
07/07/2011,BVY,MA,ANE,EN,Federal Contract Tower,0,0,15,0,15,0,0,111,0,111,0,0,126,0,126,86,0,86,212
07/08/2011,BVY,MA,ANE,EN,Federal Contract Tower,0,0,14,0,14,0,0,56,0,56,0,0,70,0,70,102,0,102,172
07/09/2011,BVY,MA,ANE,EN,Federal Contract Tower,0,2,29,0,31,0,0,128,1,129,0,2,157,1,160,108,0,108,268
07/10/2011,BVY,MA,ANE,EN,Federal Contract Tower,0,1,12,0,13,0,2,178,0,180,0,3,190,0,193,190,0,190,383
07/11/2011,BVY,MA,ANE,EN,Federal Contract Tower,0,3,13,0,16,0,0,113,0,113,0,3,126,0,129,116,0,116,245
07/12/2011,BVY,MA,ANE,EN,Federal Contract Tower,0,6,8,0,14,0,0,73,0,73,0,6,81,0,87,132,0,132,219
07/13/2011,BVY,MA,ANE,EN,Federal Contract Tower,0,1,6,0,7,0,0,68,0,68,0,1,74,0,75,110,6,116,191
07/14/2011,BVY,MA,ANE,EN,Federal Contract Tower,0,0,8,0,8,0,0,107,0,107,0,0,115,0,115,190,0,190,305
07/15/2011,BVY,MA,ANE,EN,Federal Contract Tower,0,9,10,0,19,0,0,95,0,95,0,9,105,0,114,90,0,90,204
07/16/2011,BVY,MA,ANE,EN,Federal Contract Tower,0,3,16,0,19,0,0,121,3,124,0,3,137,3,143,142,0,142,285
07/17/2011,BVY,MA,ANE,EN,Federal Contract Tower,0,2,10,0,12,0,0,100,0,100,0,2,110,0,112,104,0,104,216
07/18/2011,BVY,MA,ANE,EN,Federal Contract Tower,0,2,3,0,5,0,0,16,0,16,0,2,19,0,21,12,0,12,33
07/19/2011,BVY,MA,ANE,EN,Federal Contract Tower,0,3,5,0,8,0,0,84,0,84,0,3,89,0,92,60,0,60,152
07/20/2011,BVY,MA,ANE,EN,Federal Contract Tower,0,2,9,0,11,0,0,93,1,94,0,2,102,1,105,120,0,120,225
07/21/2011,BVY,MA,ANE,EN,Federal Contract Tower,0,8,16,0,24,0,0,71,6,77,0,8,87,6,101,78,24,102,203
07/22/2011,BVY,MA,ANE,EN,Federal Contract Tower,0,0,9,0,9,0,0,60,0,60,0,0,69,0,69,56,0,56,125
07/23/2011,BVY,MA,ANE,EN,Federal Contract Tower,0,1,8,0,9,0,0,58,0,58,0,1,66,0,67,110,0,110,177
07/24/2011,BVY,MA,ANE,EN,Federal Contract Tower,0,1,8,0,9,0,0,112,0,112,0,1,120,0,121,76,0,76,197
07/25/2011,BVY,MA,ANE,EN,Federal Contract Tower,0,2,10,0,12,0,0,79,0,79,0,2,89,0,91,84,0,84,175
07/26/2011,BVY,MA,ANE,EN,Federal Contract Tower,0,6,16,0,22,0,0,35,0,35,0,6,51,0,57,20,0,20,77
07/27/2011,BVY,MA,ANE,EN,Federal Contract Tower,0,5,13,0,18,0,1,111,0,112,0,6,124,0,130,152,0,152,282
07/28/2011,BVY,MA,ANE,EN,Federal Contract Tower,0,4,7,0,11,0,0,104,0,104,0,4,111,0,115,144,0,144,259
07/29/2011,BVY,MA,ANE,EN,Federal Contract Tower,0,1,22,0,23,0,1,69,0,70,0,2,91,0,93,54,0,54,147
07/30/2011,BVY,MA,ANE,EN,Federal Contract Tower,0,4,15,0,19,0,1,122,2,125,0,5,137,2,144,146,0,146,290
07/31/2011,BVY,MA,ANE,EN,Federal Contract Tower,0,3,7,0,10,0,1,117,0,118,0,4,124,0,128,110,0,110,238
08/01/2011,BVY,MA,ANE,EN,Federal Contract Tower,0,3,12,1,16,0,0,85,2,87,0,3,97,3,103,42,0,42,145
08/02/2011,BVY,MA,ANE,EN,Federal Contract Tower,0,1,7,0,8,0,0,62,0,62,0,1,69,0,70,24,0,24,94
08/03/2011,BVY,MA,ANE,EN,Federal Contract Tower,0,1,14,0,15,0,0,81,0,81,0,1,95,0,96,112,0,112,208
08/04/2011,BVY,MA,ANE,EN,Federal Contract Tower,0,7,17,0,24,0,0,121,0,121,0,7,138,0,145,204,0,204,349
08/05/2011,BVY,MA,ANE,EN,Federal Contract Tower,0,5,14,0,19,0,0,90,2,92,0,5,104,2,111,100,0,100,211
08/06/2011,BVY,MA,ANE,EN,Federal Contract Tower,0,9,12,0,21,0,0,71,0,71,0,9,83,0,92,144,0,144,236
08/07/2011,BVY,MA,ANE,EN,Federal Contract Tower,0,3,30,0,33,0,0,0,0,0,0,3,30,0,33,0,0,0,33
08/08/2011,BVY,MA,ANE,EN,Federal Contract Tower,0,4,3,0,7,0,0,19,0,19,0,4,22,0,26,26,0,26,52
08/09/2011,BVY,MA,ANE,EN,Federal Contract Tower,0,1,6,0,7,0,1,37,0,38,0,2,43,0,45,70,0,70,115
08/10/2011,BVY,MA,ANE,EN,Federal Contract Tower,0,1,29,0,30,0,0,20,0,20,0,1,49,0,50,48,0,48,98
08/11/2011,BVY,MA,ANE,EN,Federal Contract Tower,0,5,9,0,14,0,1,140,0,141,0,6,149,0,155,150,0,150,305
08/12/2011,BVY,MA,ANE,EN,Federal Contract Tower,0,7,12,0,19,0,0,105,0,105,0,7,117,0,124,98,0,98,222
08/13/2011,BVY,MA,ANE,EN,Federal Contract Tower,0,5,6,0,11,0,0,114,0,114,0,5,120,0,125,84,0,84,209
08/14/2011,BVY,MA,ANE,EN,Federal Contract Tower,0,13,23,0,36,0,0,66,0,66,0,13,89,0,102,82,0,82,184
08/15/2011,BVY,MA,ANE,EN,Federal Contract Tower,0,1,4,0,5,0,0,2,0,2,0,1,6,0,7,6,0,6,13
08/16/2011,BVY,MA,ANE,EN,Federal Contract Tower,0,4,16,0,20,0,0,30,0,30,0,4,46,0,50,38,0,38,88
08/17/2011,BVY,MA,ANE,EN,Federal Contract Tower,0,2,12,0,14,0,0,131,0,131,0,2,143,0,145,168,0,168,313
08/18/2011,BVY,MA,ANE,EN,Federal Contract Tower,0,5,13,0,18,0,0,69,2,71,0,5,82,2,89,94,0,94,183
08/19/2011,BVY,MA,ANE,EN,Federal Contract Tower,0,3,15,0,18,0,0,80,0,80,0,3,95,0,98,74,0,74,172
08/20/2011,BVY,MA,ANE,EN,Federal Contract Tower,0,0,16,0,16,0,0,57,0,57,0,0,73,0,73,114,0,114,187
08/21/2011,BVY,MA,ANE,EN,Federal Contract Tower,0,1,16,0,17,0,0,80,0,80,0,1,96,0,97,181,0,181,278
08/22/2011,BVY,MA,ANE,EN,Federal Contract Tower,0,2,18,0,20,0,0,79,0,79,0,2,97,0,99,84,0,84,183
08/23/2011,BVY,MA,ANE,EN,Federal Contract Tower,0,2,13,0,15,0,1,106,0,107,0,3,119,0,122,108,0,108,230
08/24/2011,BVY,MA,ANE,EN,Federal Contract Tower,0,4,15,0,19,0,3,111,0,114,0,7,126,0,133,86,0,86,219
08/25/2011,BVY,MA,ANE,EN,Federal Contract Tower,0,0,7,0,7,0,1,33,0,34,0,1,40,0,41,28,0,28,69
08/26/2011,BVY,MA,ANE,EN,Federal Contract Tower,0,2,8,0,10,0,0,88,0,88,0,2,96,0,98,76,0,76,174
08/27/2011,BVY,MA,ANE,EN,Federal Contract Tower,0,4,10,0,14,0,0,34,0,34,0,4,44,0,48,90,0,90,138
08/28/2011,BVY,MA,ANE,EN,Federal Contract Tower,0,0,1,0,1,0,0,0,0,0,0,0,1,0,1,0,0,0,1
08/29/2011,BVY,MA,ANE,EN,Federal Contract Tower,0,4,10,0,14,0,0,74,3,77,0,4,84,3,91,114,0,114,205
08/30/2011,BVY,MA,ANE,EN,Federal Contract Tower,0,10,11,0,21,0,0,140,0,140,0,10,151,0,161,194,0,194,355
08/31/2011,BVY,MA,ANE,EN,Federal Contract Tower,0,0,9,0,9,0,0,80,1,81,0,0,89,1,90,104,0,104,194
09/01/2011,BVY,MA,ANE,EN,Federal Contract Tower,0,0,13,3,16,0,0,95,0,95,0,0,108,3,111,100,0,100,211
09/02/2011,BVY,MA,ANE,EN,Federal Contract Tower,0,6,15,0,21,0,0,93,2,95,0,6,108,2,116,84,0,84,200
09/03/2011,BVY,MA,ANE,EN,Federal Contract Tower,0,1,9,0,10,0,0,62,0,62,0,1,71,0,72,84,0,84,156
09/04/2011,BVY,MA,ANE,EN,Federal Contract Tower,0,2,14,0,16,0,0,103,0,103,0,2,117,0,119,152,0,152,271
09/05/2011,BVY,MA,ANE,EN,Federal Contract Tower,0,2,14,0,16,0,0,71,0,71,0,2,85,0,87,102,0,102,189
09/06/2011,BVY,MA,ANE,EN,Federal Contract Tower,0,1,16,0,17,0,0,25,0,25,0,1,41,0,42,38,0,38,80
09/07/2011,BVY,MA,ANE,EN,Federal Contract Tower,0,0,4,0,4,0,0,0,0,0,0,0,4,0,4,0,0,0,4
09/08/2011,BVY,MA,ANE,EN,Federal Contract Tower,0,0,17,0,17,0,0,0,0,0,0,0,17,0,17,0,0,0,17
09/09/2011,BVY,MA,ANE,EN,Federal Contract Tower,0,7,13,0,20,0,0,64,0,64,0,7,77,0,84,176,0,176,260
09/10/2011,BVY,MA,ANE,EN,Federal Contract Tower,0,2,17,0,19,0,0,94,0,94,0,2,111,0,113,132,0,132,245
09/11/2011,BVY,MA,ANE,EN,Federal Contract Tower,0,8,10,0,18,0,0,118,0,118,0,8,128,0,136,164,0,164,300
09/12/2011,BVY,MA,ANE,EN,Federal Contract Tower,0,3,9,0,12,0,0,40,2,42,0,3,49,2,54,66,0,66,120
09/13/2011,BVY,MA,ANE,EN,Federal Contract Tower,0,5,20,0,25,0,0,57,0,57,0,5,77,0,82,32,0,32,114
09/14/2011,BVY,MA,ANE,EN,Federal Contract Tower,0,3,8,0,11,0,0,73,0,73,0,3,81,0,84,104,0,104,188
09/15/2011,BVY,MA,ANE,EN,Federal Contract Tower,0,1,15,0,16,0,0,20,0,20,0,1,35,0,36,12,0,12,48
09/16/2011,BVY,MA,ANE,EN,Federal Contract Tower,0,2,9,0,11,0,0,82,0,82,0,2,91,0,93,106,0,106,199
09/17/2011,BVY,MA,ANE,EN,Federal Contract Tower,0,1,11,0,12,0,0,146,0,146,0,1,157,0,158,114,0,114,272
09/18/2011,BVY,MA,ANE,EN,Federal Contract Tower,0,6,8,0,14,0,0,136,0,136,0,6,144,0,150,114,0,114,264
09/19/2011,BVY,MA,ANE,EN,Federal Contract Tower,0,9,10,0,19,0,0,68,0,68,0,9,78,0,87,100,0,100,187
09/20/2011,BVY,MA,ANE,EN,Federal Contract Tower,0,5,5,0,10,0,1,24,0,25,0,6,29,0,35,16,0,16,51
09/21/2011,BVY,MA,ANE,EN,Federal Contract Tower,0,4,10,1,15,0,0,66,1,67,0,4,76,2,82,72,0,72,154
09/22/2011,BVY,MA,ANE,EN,Federal Contract Tower,0,0,6,0,6,0,0,1,0,1,0,0,7,0,7,0,0,0,7
09/23/2011,BVY,MA,ANE,EN,Federal Contract Tower,0,0,6,0,6,0,0,0,0,0,0,0,6,0,6,0,0,0,6
09/24/2011,BVY,MA,ANE,EN,Federal Contract Tower,0,2,12,0,14,0,0,41,0,41,0,2,53,0,55,126,0,126,181
09/25/2011,BVY,MA,ANE,EN,Federal Contract Tower,0,0,11,0,11,0,0,76,0,76,0,0,87,0,87,174,0,174,261
09/26/2011,BVY,MA,ANE,EN,Federal Contract Tower,0,3,11,0,14,0,0,66,0,66,0,3,77,0,80,68,0,68,148
09/27/2011,BVY,MA,ANE,EN,Federal Contract Tower,0,5,14,1,20,0,0,79,0,79,0,5,93,1,99,110,0,110,209
09/28/2011,BVY,MA,ANE,EN,Federal Contract Tower,0,2,12,0,14,0,0,64,0,64,0,2,76,0,78,120,0,120,198
09/29/2011,BVY,MA,ANE,EN,Federal Contract Tower,0,0,8,0,8,0,0,0,0,0,0,0,8,0,8,0,0,0,8
09/30/2011,BVY,MA,ANE,EN,Federal Contract Tower,0,1,12,2,15,0,0,99,3,102,0,1,111,5,117,102,0,102,219
10/01/2011,BVY,MA,ANE,EN,Federal Contract Tower,0,1,6,0,7,0,0,0,0,0,0,1,6,0,7,0,0,0,7
10/02/2011,BVY,MA,ANE,EN,Federal Contract Tower,0,2,15,0,17,0,0,9,0,9,0,2,24,0,26,18,0,18,44
10/03/2011,BVY,MA,ANE,EN,Federal Contract Tower,0,0,11,0,11,0,0,42,0,42,0,0,53,0,53,54,0,54,107
10/04/2011,BVY,MA,ANE,EN,Federal Contract Tower,0,4,10,0,14,0,0,7,0,7,0,4,17,0,21,0,0,0,21
10/05/2011,BVY,MA,ANE,EN,Federal Contract Tower,0,4,2,0,6,0,0,74,3,77,0,4,76,3,83,68,0,68,151
10/06/2011,BVY,MA,ANE,EN,Federal Contract Tower,0,1,8,2,11,0,0,65,0,65,0,1,73,2,76,96,0,96,172
10/07/2011,BVY,MA,ANE,EN,Federal Contract Tower,0,3,16,0,19,0,0,124,0,124,0,3,140,0,143,164,0,164,307
10/08/2011,BVY,MA,ANE,EN,Federal Contract Tower,0,0,8,0,8,0,0,117,0,117,0,0,125,0,125,148,0,148,273
10/09/2011,BVY,MA,ANE,EN,Federal Contract Tower,0,1,15,0,16,0,0,155,0,155,0,1,170,0,171,174,0,174,345
10/10/2011,BVY,MA,ANE,EN,Federal Contract Tower,0,1,10,0,11,0,1,113,0,114,0,2,123,0,125,118,0,118,243
10/11/2011,BVY,MA,ANE,EN,Federal Contract Tower,0,10,7,0,17,0,2,104,0,106,0,12,111,0,123,120,0,120,243
10/12/2011,BVY,MA,ANE,EN,Federal Contract Tower,0,3,13,0,16,0,0,62,2,64,0,3,75,2,80,158,0,158,238
10/13/2011,BVY,MA,ANE,EN,Federal Contract Tower,0,3,9,0,12,0,0,0,0,0,0,3,9,0,12,0,0,0,12
10/14/2011,BVY,MA,ANE,EN,Federal Contract Tower,0,0,2,0,2,0,0,0,0,0,0,0,2,0,2,0,0,0,2
10/15/2011,BVY,MA,ANE,EN,Federal Contract Tower,0,2,1,0,3,0,0,72,0,72,0,2,73,0,75,122,0,122,197
10/16/2011,BVY,MA,ANE,EN,Federal Contract Tower,0,3,11,0,14,0,0,93,0,93,0,3,104,0,107,102,0,102,209
10/17/2011,BVY,MA,ANE,EN,Federal Contract Tower,0,2,4,0,6,0,0,50,0,50,0,2,54,0,56,30,0,30,86
10/18/2011,BVY,MA,ANE,EN,Federal Contract Tower,0,4,9,0,13,0,2,89,0,91,0,6,98,0,104,158,0,158,262
10/19/2011,BVY,MA,ANE,EN,Federal Contract Tower,0,0,1,0,1,0,0,5,0,5,0,0,6,0,6,14,0,14,20
10/20/2011,BVY,MA,ANE,EN,Federal Contract Tower,0,4,7,0,11,0,0,28,1,29,0,4,35,1,40,30,0,30,70
10/21/2011,BVY,MA,ANE,EN,Federal Contract Tower,0,0,18,0,18,0,0,82,0,82,0,0,100,0,100,102,0,102,202
10/22/2011,BVY,MA,ANE,EN,Federal Contract Tower,0,0,15,0,15,0,0,136,0,136,0,0,151,0,151,258,0,258,409
10/23/2011,BVY,MA,ANE,EN,Federal Contract Tower,0,0,28,1,29,0,0,190,0,190,0,0,218,1,219,250,0,250,469
10/24/2011,BVY,MA,ANE,EN,Federal Contract Tower,0,4,20,1,25,0,0,89,1,90,0,4,109,2,115,150,0,150,265
10/25/2011,BVY,MA,ANE,EN,Federal Contract Tower,0,6,0,0,6,0,1,66,0,67,0,7,66,0,73,78,0,78,151
10/26/2011,BVY,MA,ANE,EN,Federal Contract Tower,0,5,11,0,16,0,0,51,0,51,0,5,62,0,67,128,0,128,195
10/27/2011,BVY,MA,ANE,EN,Federal Contract Tower,0,0,8,0,8,0,0,0,0,0,0,0,8,0,8,0,0,0,8
10/28/2011,BVY,MA,ANE,EN,Federal Contract Tower,0,2,5,0,7,0,0,83,0,83,0,2,88,0,90,116,0,116,206
10/29/2011,BVY,MA,ANE,EN,Federal Contract Tower,0,1,3,0,4,0,2,67,0,69,0,3,70,0,73,110,0,110,183
10/30/2011,BVY,MA,ANE,EN,Federal Contract Tower,0,2,3,0,5,0,0,14,0,14,0,2,17,0,19,18,0,18,37
10/31/2011,BVY,MA,ANE,EN,Federal Contract Tower,0,1,8,0,9,0,0,64,0,64,0,1,72,0,73,78,0,78,151
11/01/2011,BVY,MA,ANE,EN,Federal Contract Tower,0,2,11,0,13,0,0,50,0,50,0,2,61,0,63,58,0,58,121
11/02/2011,BVY,MA,ANE,EN,Federal Contract Tower,0,2,7,0,9,0,0,86,0,86,0,2,93,0,95,126,0,126,221
11/03/2011,BVY,MA,ANE,EN,Federal Contract Tower,0,6,7,0,13,0,0,53,0,53,0,6,60,0,66,94,0,94,160
11/04/2011,BVY,MA,ANE,EN,Federal Contract Tower,0,4,11,0,15,0,2,73,0,75,0,6,84,0,90,118,0,118,208
11/05/2011,BVY,MA,ANE,EN,Federal Contract Tower,0,4,15,0,19,0,0,121,0,121,0,4,136,0,140,198,0,198,338
11/06/2011,BVY,MA,ANE,EN,Federal Contract Tower,0,9,16,0,25,0,0,132,0,132,0,9,148,0,157,218,0,218,375
11/07/2011,BVY,MA,ANE,EN,Federal Contract Tower,0,0,14,0,14,0,0,70,0,70,0,0,84,0,84,130,0,130,214
11/08/2011,BVY,MA,ANE,EN,Federal Contract Tower,0,2,9,0,11,0,0,79,0,79,0,2,88,0,90,84,0,84,174
11/09/2011,BVY,MA,ANE,EN,Federal Contract Tower,0,1,4,0,5,0,0,91,0,91,0,1,95,0,96,110,0,110,206
11/10/2011,BVY,MA,ANE,EN,Federal Contract Tower,0,1,7,0,8,0,0,3,0,3,0,1,10,0,11,6,0,6,17
11/11/2011,BVY,MA,ANE,EN,Federal Contract Tower,0,1,10,0,11,0,0,55,0,55,0,1,65,0,66,72,0,72,138
11/12/2011,BVY,MA,ANE,EN,Federal Contract Tower,0,1,20,0,21,0,0,102,0,102,0,1,122,0,123,166,0,166,289
11/13/2011,BVY,MA,ANE,EN,Federal Contract Tower,0,2,6,0,8,0,0,109,0,109,0,2,115,0,117,136,0,136,253
11/14/2011,BVY,MA,ANE,EN,Federal Contract Tower,0,0,4,0,4,0,1,48,0,49,0,1,52,0,53,76,0,76,129
11/15/2011,BVY,MA,ANE,EN,Federal Contract Tower,0,1,8,0,9,0,0,59,0,59,0,1,67,0,68,80,0,80,148
11/16/2011,BVY,MA,ANE,EN,Federal Contract Tower,0,1,8,0,9,0,0,29,1,30,0,1,37,1,39,68,0,68,107
11/17/2011,BVY,MA,ANE,EN,Federal Contract Tower,0,4,7,0,11,0,1,27,0,28,0,5,34,0,39,38,0,38,77
11/18/2011,BVY,MA,ANE,EN,Federal Contract Tower,0,3,13,0,16,0,0,63,1,64,0,3,76,1,80,136,0,136,216
11/19/2011,BVY,MA,ANE,EN,Federal Contract Tower,0,4,10,0,14,0,0,76,0,76,0,4,86,0,90,152,0,152,242
11/20/2011,BVY,MA,ANE,EN,Federal Contract Tower,0,1,17,0,18,0,0,56,0,56,0,1,73,0,74,62,0,62,136
11/21/2011,BVY,MA,ANE,EN,Federal Contract Tower,0,4,4,0,8,0,0,78,0,78,0,4,82,0,86,106,0,106,192
11/22/2011,BVY,MA,ANE,EN,Federal Contract Tower,0,3,12,0,15,0,0,48,0,48,0,3,60,0,63,58,0,58,121
11/23/2011,BVY,MA,ANE,EN,Federal Contract Tower,0,4,9,0,13,0,0,0,0,0,0,4,9,0,13,0,0,0,13
11/24/2011,BVY,MA,ANE,EN,Federal Contract Tower,0,2,2,0,4,0,0,12,0,12,0,2,14,0,16,16,0,16,32
11/25/2011,BVY,MA,ANE,EN,Federal Contract Tower,0,1,9,0,10,0,0,95,2,97,0,1,104,2,107,148,0,148,255
11/26/2011,BVY,MA,ANE,EN,Federal Contract Tower,0,6,17,0,23,0,0,112,0,112,0,6,129,0,135,210,0,210,345
11/27/2011,BVY,MA,ANE,EN,Federal Contract Tower,0,5,12,0,17,0,0,43,0,43,0,5,55,0,60,104,0,104,164
11/28/2011,BVY,MA,ANE,EN,Federal Contract Tower,0,2,10,0,12,0,0,45,0,45,0,2,55,0,57,78,0,78,135
11/29/2011,BVY,MA,ANE,EN,Federal Contract Tower,0,2,9,0,11,0,0,59,0,59,0,2,68,0,70,96,0,96,166
11/30/2011,BVY,MA,ANE,EN,Federal Contract Tower,0,5,7,1,13,0,1,46,1,48,0,6,53,2,61,66,0,66,127
12/01/2011,BVY,MA,ANE,EN,Federal Contract Tower,0,2,0,0,2,0,0,51,3,54,0,2,51,3,56,88,0,88,144
12/02/2011,BVY,MA,ANE,EN,Federal Contract Tower,0,2,6,0,8,0,0,88,0,88,0,2,94,0,96,112,0,112,208
12/03/2011,BVY,MA,ANE,EN,Federal Contract Tower,0,0,13,0,13,0,0,107,0,107,0,0,120,0,120,154,0,154,274
12/04/2011,BVY,MA,ANE,EN,Federal Contract Tower,0,1,9,0,10,0,0,75,0,75,0,1,84,0,85,82,0,82,167
12/05/2011,BVY,MA,ANE,EN,Federal Contract Tower,0,2,8,0,10,0,0,61,0,61,0,2,69,0,71,106,0,106,177
12/06/2011,BVY,MA,ANE,EN,Federal Contract Tower,0,3,7,0,10,0,0,17,0,17,0,3,24,0,27,36,0,36,63
12/07/2011,BVY,MA,ANE,EN,Federal Contract Tower,0,0,7,0,7,0,0,0,0,0,0,0,7,0,7,0,0,0,7
12/08/2011,BVY,MA,ANE,EN,Federal Contract Tower,0,4,2,0,6,0,0,15,0,15,0,4,17,0,21,2,0,2,23
12/09/2011,BVY,MA,ANE,EN,Federal Contract Tower,0,1,11,0,12,0,1,94,0,95,0,2,105,0,107,134,0,134,241
12/10/2011,BVY,MA,ANE,EN,Federal Contract Tower,0,3,11,0,14,0,0,122,0,122,0,3,133,0,136,222,0,222,358
12/11/2011,BVY,MA,ANE,EN,Federal Contract Tower,0,4,7,0,11,0,0,128,1,129,0,4,135,1,140,236,0,236,376
12/12/2011,BVY,MA,ANE,EN,Federal Contract Tower,0,4,6,0,10,0,0,62,0,62,0,4,68,0,72,144,0,144,216
12/13/2011,BVY,MA,ANE,EN,Federal Contract Tower,0,4,14,1,19,0,0,74,1,75,0,4,88,2,94,96,0,96,190
12/14/2011,BVY,MA,ANE,EN,Federal Contract Tower,0,0,10,1,11,0,0,50,2,52,0,0,60,3,63,62,0,62,125
12/15/2011,BVY,MA,ANE,EN,Federal Contract Tower,0,4,9,0,13,0,0,14,0,14,0,4,23,0,27,10,0,10,37
12/16/2011,BVY,MA,ANE,EN,Federal Contract Tower,0,1,9,0,10,0,1,27,0,28,0,2,36,0,38,20,0,20,58
12/17/2011,BVY,MA,ANE,EN,Federal Contract Tower,0,3,14,0,17,0,0,71,4,75,0,3,85,4,92,234,0,234,326
12/18/2011,BVY,MA,ANE,EN,Federal Contract Tower,0,1,5,0,6,0,0,95,0,95,0,1,100,0,101,178,0,178,279
12/19/2011,BVY,MA,ANE,EN,Federal Contract Tower,0,4,4,0,8,0,0,43,0,43,0,4,47,0,51,40,0,40,91
12/20/2011,BVY,MA,ANE,EN,Federal Contract Tower,0,1,11,0,12,0,0,72,3,75,0,1,83,3,87,68,0,68,155
12/21/2011,BVY,MA,ANE,EN,Federal Contract Tower,0,2,8,0,10,0,0,29,0,29,0,2,37,0,39,96,0,96,135
12/22/2011,BVY,MA,ANE,EN,Federal Contract Tower,0,0,15,0,15,0,0,90,0,90,0,0,105,0,105,102,0,102,207
12/23/2011,BVY,MA,ANE,EN,Federal Contract Tower,0,2,2,0,4,0,0,10,0,10,0,2,12,0,14,8,0,8,22
12/24/2011,BVY,MA,ANE,EN,Federal Contract Tower,0,0,4,0,4,0,0,36,0,36,0,0,40,0,40,96,0,96,136
12/25/2011,BVY,MA,ANE,EN,Federal Contract Tower,0,0,3,0,3,0,0,1,0,1,0,0,4,0,4,0,0,0,4
12/26/2011,BVY,MA,ANE,EN,Federal Contract Tower,0,2,9,0,11,0,0,38,0,38,0,2,47,0,49,58,0,58,107
12/27/2011,BVY,MA,ANE,EN,Federal Contract Tower,0,0,10,0,10,0,0,54,0,54,0,0,64,0,64,96,0,96,160
12/28/2011,BVY,MA,ANE,EN,Federal Contract Tower,0,0,3,0,3,0,0,25,0,25,0,0,28,0,28,88,0,88,116
12/29/2011,BVY,MA,ANE,EN,Federal Contract Tower,0,0,6,1,7,0,0,61,0,61,0,0,67,1,68,50,0,50,118
12/30/2011,BVY,MA,ANE,EN,Federal Contract Tower,0,0,12,0,12,0,0,72,0,72,0,0,84,0,84,174,0,174,258
12/31/2011,BVY,MA,ANE,EN,Federal Contract Tower,0,0,3,0,3,0,0,0,0,0,0,0,3,0,3,0,0,0,3
01/01/2012,BVY,MA,ANE,EN,Federal Contract Tower,0,2,10,0,12,0,0,82,0,82,0,2,92,0,94,160,0,160,254
01/02/2012,BVY,MA,ANE,EN,Federal Contract Tower,0,3,4,0,7,0,0,57,0,57,0,3,61,0,64,96,0,96,160
01/03/2012,BVY,MA,ANE,EN,Federal Contract Tower,0,1,5,0,6,0,0,47,0,47,0,1,52,0,53,74,0,74,127
01/04/2012,BVY,MA,ANE,EN,Federal Contract Tower,0,1,8,0,9,0,0,63,0,63,0,1,71,0,72,32,0,32,104
01/05/2012,BVY,MA,ANE,EN,Federal Contract Tower,0,0,3,0,3,0,1,63,1,65,0,1,66,1,68,108,0,108,176
01/06/2012,BVY,MA,ANE,EN,Federal Contract Tower,0,4,10,0,14,0,1,52,0,53,0,5,62,0,67,60,0,60,127
01/07/2012,BVY,MA,ANE,EN,Federal Contract Tower,0,2,11,1,14,0,0,118,2,120,0,2,129,3,134,176,0,176,310
01/08/2012,BVY,MA,ANE,EN,Federal Contract Tower,0,3,9,1,13,0,0,103,1,104,0,3,112,2,117,140,0,140,257
01/09/2012,BVY,MA,ANE,EN,Federal Contract Tower,0,0,4,0,4,0,0,52,0,52,0,0,56,0,56,132,0,132,188
01/10/2012,BVY,MA,ANE,EN,Federal Contract Tower,0,0,9,1,10,0,0,60,1,61,0,0,69,2,71,100,0,100,171
01/11/2012,BVY,MA,ANE,EN,Federal Contract Tower,0,1,4,0,5,0,0,79,0,79,0,1,83,0,84,90,0,90,174
01/12/2012,BVY,MA,ANE,EN,Federal Contract Tower,0,0,2,0,2,0,0,0,0,0,0,0,2,0,2,0,0,0,2
01/13/2012,BVY,MA,ANE,EN,Federal Contract Tower,0,2,3,0,5,0,0,2,0,2,0,2,5,0,7,0,0,0,7
01/14/2012,BVY,MA,ANE,EN,Federal Contract Tower,0,0,7,0,7,0,0,70,0,70,0,0,77,0,77,74,0,74,151
01/15/2012,BVY,MA,ANE,EN,Federal Contract Tower,0,0,3,0,3,0,0,52,0,52,0,0,55,0,55,74,0,74,129
01/16/2012,BVY,MA,ANE,EN,Federal Contract Tower,0,2,2,0,4,0,0,82,0,82,0,2,84,0,86,126,0,126,212
01/17/2012,BVY,MA,ANE,EN,Federal Contract Tower,0,1,3,0,4,0,0,26,0,26,0,1,29,0,30,48,0,48,78
01/18/2012,BVY,MA,ANE,EN,Federal Contract Tower,0,0,1,0,1,0,0,11,0,11,0,0,12,0,12,2,0,2,14
01/19/2012,BVY,MA,ANE,EN,Federal Contract Tower,0,1,10,0,11,0,0,56,3,59,0,1,66,3,70,72,0,72,142
01/20/2012,BVY,MA,ANE,EN,Federal Contract Tower,0,0,6,0,6,0,0,99,0,99,0,0,105,0,105,114,0,114,219
01/21/2012,BVY,MA,ANE,EN,Federal Contract Tower,0,0,0,0,0,0,0,0,0,0,0,0,0,0,0,0,0,0,0
01/22/2012,BVY,MA,ANE,EN,Federal Contract Tower,0,3,4,0,7,0,0,74,0,74,0,3,78,0,81,132,0,132,213
01/23/2012,BVY,MA,ANE,EN,Federal Contract Tower,0,4,9,0,13,0,0,23,0,23,0,4,32,0,36,42,0,42,78
01/24/2012,BVY,MA,ANE,EN,Federal Contract Tower,0,3,5,1,9,0,0,72,0,72,0,3,77,1,81,206,0,206,287
01/25/2012,BVY,MA,ANE,EN,Federal Contract Tower,0,2,7,1,10,0,0,62,2,64,0,2,69,3,74,58,0,58,132
01/26/2012,BVY,MA,ANE,EN,Federal Contract Tower,0,0,8,0,8,0,0,84,0,84,0,0,92,0,92,104,0,104,196
01/27/2012,BVY,MA,ANE,EN,Federal Contract Tower,0,1,1,0,2,0,0,0,0,0,0,1,1,0,2,0,0,0,2
01/28/2012,BVY,MA,ANE,EN,Federal Contract Tower,0,0,9,0,9,0,0,113,4,117,0,0,122,4,126,232,0,232,358
01/29/2012,BVY,MA,ANE,EN,Federal Contract Tower,0,0,5,0,5,0,0,89,0,89,0,0,94,0,94,116,0,116,210
01/30/2012,BVY,MA,ANE,EN,Federal Contract Tower,0,0,8,0,8,0,0,36,0,36,0,0,44,0,44,46,0,46,90
01/31/2012,BVY,MA,ANE,EN,Federal Contract Tower,0,5,4,0,9,0,1,68,0,69,0,6,72,0,78,178,0,178,256
02/01/2012,BVY,MA,ANE,EN,Federal Contract Tower,0,3,7,0,10,0,1,18,2,21,0,4,25,2,31,22,0,22,53
02/02/2012,BVY,MA,ANE,EN,Federal Contract Tower,0,7,6,0,13,0,0,37,0,37,0,7,43,0,50,76,0,76,126
02/03/2012,BVY,MA,ANE,EN,Federal Contract Tower,0,5,4,0,9,0,0,74,0,74,0,5,78,0,83,116,0,116,199
02/04/2012,BVY,MA,ANE,EN,Federal Contract Tower,0,3,10,0,13,0,0,80,0,80,0,3,90,0,93,124,0,124,217
02/05/2012,BVY,MA,ANE,EN,Federal Contract Tower,0,3,5,0,8,0,0,0,0,0,0,3,5,0,8,100,0,100,108
02/06/2012,BVY,MA,ANE,EN,Federal Contract Tower,0,4,6,0,10,0,2,42,0,44,0,6,48,0,54,62,0,62,116
02/07/2012,BVY,MA,ANE,EN,Federal Contract Tower,0,2,4,0,6,0,0,56,0,56,0,2,60,0,62,102,0,102,164
02/08/2012,BVY,MA,ANE,EN,Federal Contract Tower,0,7,7,0,14,0,0,73,0,73,0,7,80,0,87,126,0,126,213
02/09/2012,BVY,MA,ANE,EN,Federal Contract Tower,0,4,3,1,8,0,0,58,0,58,0,4,61,1,66,106,0,106,172
02/10/2012,BVY,MA,ANE,EN,Federal Contract Tower,0,7,7,0,14,0,0,54,0,54,0,7,61,0,68,96,0,96,164
02/11/2012,BVY,MA,ANE,EN,Federal Contract Tower,0,2,0,0,2,0,0,0,0,0,0,2,0,0,2,0,0,0,2
02/12/2012,BVY,MA,ANE,EN,Federal Contract Tower,0,3,6,0,9,0,0,40,1,41,0,3,46,1,50,70,2,72,122
02/13/2012,BVY,MA,ANE,EN,Federal Contract Tower,0,6,2,0,8,0,3,20,0,23,0,9,22,0,31,16,0,16,47
02/14/2012,BVY,MA,ANE,EN,Federal Contract Tower,0,4,7,0,11,0,0,49,0,49,0,4,56,0,60,86,0,86,146
02/15/2012,BVY,MA,ANE,EN,Federal Contract Tower,0,4,13,0,17,0,0,42,0,42,0,4,55,0,59,114,0,114,173
02/16/2012,BVY,MA,ANE,EN,Federal Contract Tower,0,5,3,0,8,0,0,48,0,48,0,5,51,0,56,94,0,94,150
02/17/2012,BVY,MA,ANE,EN,Federal Contract Tower,0,3,7,0,10,0,0,47,2,49,0,3,54,2,59,94,0,94,153
02/18/2012,BVY,MA,ANE,EN,Federal Contract Tower,0,1,10,0,11,0,0,98,0,98,0,1,108,0,109,194,0,194,303
02/19/2012,BVY,MA,ANE,EN,Federal Contract Tower,0,5,5,1,11,0,0,87,0,87,0,5,92,1,98,142,0,142,240
02/20/2012,BVY,MA,ANE,EN,Federal Contract Tower,0,3,6,0,9,0,0,67,0,67,0,3,73,0,76,122,0,122,198
02/21/2012,BVY,MA,ANE,EN,Federal Contract Tower,0,7,6,0,13,0,0,67,0,67,0,7,73,0,80,126,0,126,206
02/22/2012,BVY,MA,ANE,EN,Federal Contract Tower,0,5,10,0,15,0,0,44,0,44,0,5,54,0,59,60,0,60,119
02/23/2012,BVY,MA,ANE,EN,Federal Contract Tower,0,5,16,0,21,0,0,32,0,32,0,5,48,0,53,50,0,50,103
02/24/2012,BVY,MA,ANE,EN,Federal Contract Tower,0,10,4,0,14,0,0,6,0,6,0,10,10,0,20,28,2,30,50
02/25/2012,BVY,MA,ANE,EN,Federal Contract Tower,0,4,1,0,5,0,0,3,2,5,0,4,4,2,10,0,0,0,10
02/26/2012,BVY,MA,ANE,EN,Federal Contract Tower,0,3,7,1,11,0,1,51,0,52,0,4,58,1,63,82,0,82,145
02/27/2012,BVY,MA,ANE,EN,Federal Contract Tower,0,3,2,1,6,0,1,54,2,57,0,4,56,3,63,88,0,88,151
02/28/2012,BVY,MA,ANE,EN,Federal Contract Tower,0,7,5,0,12,0,1,46,0,47,0,8,51,0,59,60,0,60,119
02/29/2012,BVY,MA,ANE,EN,Federal Contract Tower,0,1,8,0,9,0,1,23,3,27,0,2,31,3,36,34,0,34,70
03/01/2012,BVY,MA,ANE,EN,Federal Contract Tower,0,1,0,0,1,0,0,0,0,0,0,1,0,0,1,0,0,0,1
03/02/2012,BVY,MA,ANE,EN,Federal Contract Tower,0,2,2,0,4,0,0,2,0,2,0,2,4,0,6,12,0,12,18
03/03/2012,BVY,MA,ANE,EN,Federal Contract Tower,0,0,2,0,2,0,0,0,0,0,0,0,2,0,2,0,0,0,2
03/04/2012,BVY,MA,ANE,EN,Federal Contract Tower,0,4,13,0,17,0,0,80,0,80,0,4,93,0,97,98,0,98,195
03/05/2012,BVY,MA,ANE,EN,Federal Contract Tower,0,2,7,0,9,0,2,33,0,35,0,4,40,0,44,42,0,42,86
03/06/2012,BVY,MA,ANE,EN,Federal Contract Tower,0,5,7,0,12,0,0,57,2,59,0,5,64,2,71,100,0,100,171
03/07/2012,BVY,MA,ANE,EN,Federal Contract Tower,0,3,8,0,11,0,0,57,0,57,0,3,65,0,68,76,0,76,144
03/08/2012,BVY,MA,ANE,EN,Federal Contract Tower,0,5,6,0,11,0,0,18,0,18,0,5,24,0,29,6,0,6,35
03/09/2012,BVY,MA,ANE,EN,Federal Contract Tower,0,3,9,0,12,0,0,52,0,52,0,3,61,0,64,88,0,88,152
03/10/2012,BVY,MA,ANE,EN,Federal Contract Tower,0,5,7,0,12,0,0,104,0,104,0,5,111,0,116,180,0,180,296
03/11/2012,BVY,MA,ANE,EN,Federal Contract Tower,0,2,11,0,13,0,0,108,1,109,0,2,119,1,122,104,0,104,226
03/12/2012,BVY,MA,ANE,EN,Federal Contract Tower,0,1,1,0,2,0,0,67,0,67,0,1,68,0,69,48,0,48,117
03/13/2012,BVY,MA,ANE,EN,Federal Contract Tower,0,3,6,0,9,0,0,51,0,51,0,3,57,0,60,64,0,64,124
03/14/2012,BVY,MA,ANE,EN,Federal Contract Tower,0,0,3,0,3,0,0,0,0,0,0,0,3,0,3,0,0,0,3
03/15/2012,BVY,MA,ANE,EN,Federal Contract Tower,0,5,10,0,15,0,1,60,0,61,0,6,70,0,76,182,0,182,258
03/16/2012,BVY,MA,ANE,EN,Federal Contract Tower,0,3,9,0,12,0,0,31,0,31,0,3,40,0,43,94,0,94,137
03/17/2012,BVY,MA,ANE,EN,Federal Contract Tower,0,1,7,0,8,0,0,61,1,62,0,1,68,1,70,184,0,184,254
03/18/2012,BVY,MA,ANE,EN,Federal Contract Tower,0,3,12,1,16,0,0,141,1,142,0,3,153,2,158,186,0,186,344
03/19/2012,BVY,MA,ANE,EN,Federal Contract Tower,0,2,2,0,4,0,1,69,0,70,0,3,71,0,74,136,0,136,210
03/20/2012,BVY,MA,ANE,EN,Federal Contract Tower,0,4,6,0,10,0,0,81,0,81,0,4,87,0,91,168,0,168,259
03/21/2012,BVY,MA,ANE,EN,Federal Contract Tower,0,5,5,0,10,0,0,100,0,100,0,5,105,0,110,158,0,158,268
03/22/2012,BVY,MA,ANE,EN,Federal Contract Tower,0,0,5,0,5,0,1,71,0,72,0,1,76,0,77,46,0,46,123
03/23/2012,BVY,MA,ANE,EN,Federal Contract Tower,0,6,12,0,18,0,0,61,3,64,0,6,73,3,82,58,0,58,140
03/24/2012,BVY,MA,ANE,EN,Federal Contract Tower,0,1,19,0,20,0,0,100,0,100,0,1,119,0,120,132,0,132,252
03/25/2012,BVY,MA,ANE,EN,Federal Contract Tower,0,2,12,0,14,0,0,20,0,20,0,2,32,0,34,62,0,62,96
03/26/2012,BVY,MA,ANE,EN,Federal Contract Tower,0,0,4,0,4,0,0,16,0,16,0,0,20,0,20,4,0,4,24
03/27/2012,BVY,MA,ANE,EN,Federal Contract Tower,0,0,4,0,4,0,0,40,0,40,0,0,44,0,44,40,0,40,84
03/28/2012,BVY,MA,ANE,EN,Federal Contract Tower,0,1,3,0,4,0,0,50,0,50,0,1,53,0,54,82,0,82,136
03/29/2012,BVY,MA,ANE,EN,Federal Contract Tower,0,2,18,0,20,0,0,9,0,9,0,2,27,0,29,0,0,0,29
03/30/2012,BVY,MA,ANE,EN,Federal Contract Tower,0,5,9,0,14,0,2,67,0,69,0,7,76,0,83,48,0,48,131
03/31/2012,BVY,MA,ANE,EN,Federal Contract Tower,0,5,19,0,24,0,0,65,0,65,0,5,84,0,89,100,0,100,189
04/01/2012,BVY,MA,ANE,EN,Federal Contract Tower,0,2,9,0,11,0,0,110,0,110,0,2,119,0,121,166,0,166,287
04/02/2012,BVY,MA,ANE,EN,Federal Contract Tower,0,7,6,0,13,0,0,32,0,32,0,7,38,0,45,36,0,36,81
04/03/2012,BVY,MA,ANE,EN,Federal Contract Tower,0,2,6,0,8,0,0,71,2,73,0,2,77,2,81,64,0,64,145
04/04/2012,BVY,MA,ANE,EN,Federal Contract Tower,0,7,6,0,13,0,0,64,0,64,0,7,70,0,77,54,0,54,131
04/05/2012,BVY,MA,ANE,EN,Federal Contract Tower,0,4,12,0,16,0,0,38,0,38,0,4,50,0,54,48,0,48,102
04/06/2012,BVY,MA,ANE,EN,Federal Contract Tower,0,7,5,0,12,0,0,93,1,94,0,7,98,1,106,158,0,158,264
04/07/2012,BVY,MA,ANE,EN,Federal Contract Tower,0,4,12,0,16,0,0,123,0,123,0,4,135,0,139,136,0,136,275
04/08/2012,BVY,MA,ANE,EN,Federal Contract Tower,0,5,1,0,6,0,1,45,0,46,0,6,46,0,52,28,0,28,80
04/09/2012,BVY,MA,ANE,EN,Federal Contract Tower,0,2,7,0,9,0,0,34,0,34,0,2,41,0,43,42,0,42,85
04/10/2012,BVY,MA,ANE,EN,Federal Contract Tower,0,3,5,0,8,0,0,67,0,67,0,3,72,0,75,110,0,110,185
04/11/2012,BVY,MA,ANE,EN,Federal Contract Tower,0,6,4,0,10,0,1,36,4,41,0,7,40,4,51,42,0,42,93
04/12/2012,BVY,MA,ANE,EN,Federal Contract Tower,0,2,10,0,12,0,0,24,6,30,0,2,34,6,42,14,0,14,56
04/13/2012,BVY,MA,ANE,EN,Federal Contract Tower,0,4,8,0,12,0,0,108,1,109,0,4,116,1,121,130,0,130,251
04/14/2012,BVY,MA,ANE,EN,Federal Contract Tower,0,4,13,0,17,0,2,123,0,125,0,6,136,0,142,128,0,128,270
04/15/2012,BVY,MA,ANE,EN,Federal Contract Tower,0,2,9,0,11,0,0,114,0,114,0,2,123,0,125,136,0,136,261
04/16/2012,BVY,MA,ANE,EN,Federal Contract Tower,0,3,14,0,17,0,1,76,3,80,0,4,90,3,97,158,0,158,255
04/17/2012,BVY,MA,ANE,EN,Federal Contract Tower,0,4,5,0,9,0,0,80,0,80,0,4,85,0,89,70,0,70,159
04/18/2012,BVY,MA,ANE,EN,Federal Contract Tower,0,2,4,1,7,0,0,56,1,57,0,2,60,2,64,108,0,108,172
04/19/2012,BVY,MA,ANE,EN,Federal Contract Tower,0,0,10,0,10,0,0,82,0,82,0,0,92,0,92,154,0,154,246
04/20/2012,BVY,MA,ANE,EN,Federal Contract Tower,0,5,16,0,21,0,0,58,0,58,0,5,74,0,79,104,0,104,183
04/21/2012,BVY,MA,ANE,EN,Federal Contract Tower,0,4,7,0,11,0,1,52,0,53,0,5,59,0,64,146,0,146,210
04/22/2012,BVY,MA,ANE,EN,Federal Contract Tower,0,2,10,0,12,0,0,0,0,0,0,2,10,0,12,0,0,0,12
04/23/2012,BVY,MA,ANE,EN,Federal Contract Tower,0,4,5,0,9,0,0,0,0,0,0,4,5,0,9,0,0,0,9
04/24/2012,BVY,MA,ANE,EN,Federal Contract Tower,0,1,7,0,8,0,0,37,0,37,0,1,44,0,45,28,0,28,73
04/25/2012,BVY,MA,ANE,EN,Federal Contract Tower,0,1,7,1,9,0,1,65,3,69,0,2,72,4,78,94,0,94,172
04/26/2012,BVY,MA,ANE,EN,Federal Contract Tower,0,5,7,0,12,0,0,85,0,85,0,5,92,0,97,116,0,116,213
04/27/2012,BVY,MA,ANE,EN,Federal Contract Tower,0,3,8,0,11,0,1,24,0,25,0,4,32,0,36,16,0,16,52
04/28/2012,BVY,MA,ANE,EN,Federal Contract Tower,0,1,4,0,5,0,1,71,0,72,0,2,75,0,77,114,0,114,191
04/29/2012,BVY,MA,ANE,EN,Federal Contract Tower,0,4,9,0,13,0,4,102,0,106,0,8,111,0,119,120,0,120,239
04/30/2012,BVY,MA,ANE,EN,Federal Contract Tower,0,2,7,0,9,0,1,77,2,80,0,3,84,2,89,164,0,164,253
05/01/2012,BVY,MA,ANE,EN,Federal Contract Tower,0,0,9,0,9,0,0,2,0,2,0,0,11,0,11,0,0,0,11
05/02/2012,BVY,MA,ANE,EN,Federal Contract Tower,0,8,16,0,24,0,0,11,0,11,0,8,27,0,35,16,0,16,51
05/03/2012,BVY,MA,ANE,EN,Federal Contract Tower,0,6,25,0,31,0,0,9,0,9,0,6,34,0,40,32,0,32,72
05/04/2012,BVY,MA,ANE,EN,Federal Contract Tower,0,4,21,0,25,0,0,0,0,0,0,4,21,0,25,0,0,0,25
05/05/2012,BVY,MA,ANE,EN,Federal Contract Tower,0,1,15,0,16,0,0,27,0,27,0,1,42,0,43,94,0,94,137
05/06/2012,BVY,MA,ANE,EN,Federal Contract Tower,0,4,21,1,26,0,0,90,1,91,0,4,111,2,117,108,0,108,225
05/07/2012,BVY,MA,ANE,EN,Federal Contract Tower,0,6,4,0,10,0,1,93,0,94,0,7,97,0,104,162,0,162,266
05/08/2012,BVY,MA,ANE,EN,Federal Contract Tower,0,4,2,0,6,0,0,18,0,18,0,4,20,0,24,14,0,14,38
05/09/2012,BVY,MA,ANE,EN,Federal Contract Tower,0,1,18,0,19,0,0,0,0,0,0,1,18,0,19,0,0,0,19
05/10/2012,BVY,MA,ANE,EN,Federal Contract Tower,2,9,19,0,30,0,0,21,0,21,2,9,40,0,51,34,0,34,85
05/11/2012,BVY,MA,ANE,EN,Federal Contract Tower,0,4,13,0,17,0,0,44,2,46,0,4,57,2,63,52,0,52,115
05/12/2012,BVY,MA,ANE,EN,Federal Contract Tower,0,4,11,0,15,0,0,114,3,117,0,4,125,3,132,156,0,156,288
05/13/2012,BVY,MA,ANE,EN,Federal Contract Tower,0,2,16,0,18,0,0,113,0,113,0,2,129,0,131,148,0,148,279
05/14/2012,BVY,MA,ANE,EN,Federal Contract Tower,0,4,4,1,9,0,0,37,0,37,0,4,41,1,46,62,0,62,108
05/15/2012,BVY,MA,ANE,EN,Federal Contract Tower,0,2,4,0,6,0,0,31,0,31,0,2,35,0,37,46,0,46,83
05/16/2012,BVY,MA,ANE,EN,Federal Contract Tower,0,2,15,0,17,0,0,9,0,9,0,2,24,0,26,18,0,18,44
05/17/2012,BVY,MA,ANE,EN,Federal Contract Tower,0,3,15,0,18,0,2,111,1,114,0,5,126,1,132,170,2,172,304
05/18/2012,BVY,MA,ANE,EN,Federal Contract Tower,0,3,9,0,12,0,0,120,0,120,0,3,129,0,132,250,0,250,382
05/19/2012,BVY,MA,ANE,EN,Federal Contract Tower,0,3,15,0,18,0,2,130,4,136,0,5,145,4,154,106,0,106,260
05/20/2012,BVY,MA,ANE,EN,Federal Contract Tower,0,5,14,0,19,0,1,142,0,143,0,6,156,0,162,214,0,214,376
05/21/2012,BVY,MA,ANE,EN,Federal Contract Tower,0,4,22,0,26,0,0,8,0,8,0,4,30,0,34,20,0,20,54
05/22/2012,BVY,MA,ANE,EN,Federal Contract Tower,0,2,2,0,4,0,0,0,0,0,0,2,2,0,4,0,0,0,4
05/23/2012,BVY,MA,ANE,EN,Federal Contract Tower,0,7,20,0,27,0,0,28,0,28,0,7,48,0,55,44,0,44,99
05/24/2012,BVY,MA,ANE,EN,Federal Contract Tower,0,3,9,2,14,0,1,88,8,97,0,4,97,10,111,170,0,170,281
05/25/2012,BVY,MA,ANE,EN,Federal Contract Tower,0,4,18,0,22,0,0,30,0,30,0,4,48,0,52,66,0,66,118
05/26/2012,BVY,MA,ANE,EN,Federal Contract Tower,0,2,12,0,14,0,0,77,0,77,0,2,89,0,91,100,0,100,191
05/27/2012,BVY,MA,ANE,EN,Federal Contract Tower,0,2,3,0,5,0,0,75,0,75,0,2,78,0,80,106,0,106,186
05/28/2012,BVY,MA,ANE,EN,Federal Contract Tower,0,4,21,0,25,0,1,96,2,99,0,5,117,2,124,128,8,136,260
05/29/2012,BVY,MA,ANE,EN,Federal Contract Tower,0,4,6,0,10,0,0,10,0,10,0,4,16,0,20,34,0,34,54
05/30/2012,BVY,MA,ANE,EN,Federal Contract Tower,0,3,6,0,9,0,1,64,0,65,0,4,70,0,74,96,2,98,172
05/31/2012,BVY,MA,ANE,EN,Federal Contract Tower,0,10,8,0,18,0,0,74,0,74,0,10,82,0,92,44,0,44,136
06/01/2012,BVY,MA,ANE,EN,Federal Contract Tower,0,7,9,0,16,0,1,72,2,75,0,8,81,2,91,90,0,90,181
06/02/2012,BVY,MA,ANE,EN,Federal Contract Tower,0,2,10,0,12,0,0,0,0,0,0,2,10,0,12,0,0,0,12
06/03/2012,BVY,MA,ANE,EN,Federal Contract Tower,0,8,26,0,34,0,0,0,0,0,0,8,26,0,34,0,0,0,34
06/04/2012,BVY,MA,ANE,EN,Federal Contract Tower,0,5,5,0,10,0,0,0,0,0,0,5,5,0,10,0,0,0,10
06/05/2012,BVY,MA,ANE,EN,Federal Contract Tower,0,0,15,0,15,0,0,24,1,25,0,0,39,1,40,6,0,6,46
06/06/2012,BVY,MA,ANE,EN,Federal Contract Tower,0,9,13,0,22,0,1,56,0,57,0,10,69,0,79,128,0,128,207
06/07/2012,BVY,MA,ANE,EN,Federal Contract Tower,0,4,7,0,11,0,0,24,2,26,0,4,31,2,37,26,0,26,63
06/08/2012,BVY,MA,ANE,EN,Federal Contract Tower,0,4,16,0,20,0,2,84,0,86,0,6,100,0,106,150,0,150,256
06/09/2012,BVY,MA,ANE,EN,Federal Contract Tower,0,2,11,0,13,0,1,100,0,101,0,3,111,0,114,140,0,140,254
06/10/2012,BVY,MA,ANE,EN,Federal Contract Tower,0,7,21,0,28,0,0,138,1,139,0,7,159,1,167,106,0,106,273
06/11/2012,BVY,MA,ANE,EN,Federal Contract Tower,0,3,9,0,12,0,1,85,0,86,0,4,94,0,98,94,0,94,192
06/12/2012,BVY,MA,ANE,EN,Federal Contract Tower,0,7,11,0,18,0,0,101,2,103,0,7,112,2,121,84,0,84,205
06/13/2012,BVY,MA,ANE,EN,Federal Contract Tower,0,10,4,0,14,0,0,0,0,0,0,10,4,0,14,0,0,0,14
06/14/2012,BVY,MA,ANE,EN,Federal Contract Tower,0,8,13,0,21,0,0,54,1,55,0,8,67,1,76,120,0,120,196
06/15/2012,BVY,MA,ANE,EN,Federal Contract Tower,0,6,19,0,25,0,0,109,0,109,0,6,128,0,134,60,0,60,194
06/16/2012,BVY,MA,ANE,EN,Federal Contract Tower,0,2,22,0,24,0,2,47,0,49,0,4,69,0,73,68,0,68,141
06/17/2012,BVY,MA,ANE,EN,Federal Contract Tower,0,4,16,0,20,0,0,120,2,122,0,4,136,2,142,106,0,106,248
06/18/2012,BVY,MA,ANE,EN,Federal Contract Tower,0,4,14,1,19,0,0,99,0,99,0,4,113,1,118,204,0,204,322
06/19/2012,BVY,MA,ANE,EN,Federal Contract Tower,0,5,4,0,9,0,1,93,3,97,0,6,97,3,106,170,0,170,276
06/20/2012,BVY,MA,ANE,EN,Federal Contract Tower,0,2,10,1,13,0,2,77,3,82,0,4,87,4,95,88,0,88,183
06/21/2012,BVY,MA,ANE,EN,Federal Contract Tower,0,3,3,0,6,0,3,80,3,86,0,6,83,3,92,134,0,134,226
06/22/2012,BVY,MA,ANE,EN,Federal Contract Tower,0,10,7,0,17,0,2,50,0,52,0,12,57,0,69,106,0,106,175
06/23/2012,BVY,MA,ANE,EN,Federal Contract Tower,0,1,19,0,20,0,0,63,0,63,0,1,82,0,83,74,0,74,157
06/24/2012,BVY,MA,ANE,EN,Federal Contract Tower,0,6,9,0,15,0,0,113,0,113,0,6,122,0,128,106,0,106,234
06/25/2012,BVY,MA,ANE,EN,Federal Contract Tower,0,5,5,0,10,0,0,8,0,8,0,5,13,0,18,14,0,14,32
06/26/2012,BVY,MA,ANE,EN,Federal Contract Tower,0,3,9,0,12,0,0,44,0,44,0,3,53,0,56,82,0,82,138
06/27/2012,BVY,MA,ANE,EN,Federal Contract Tower,0,1,6,0,7,0,1,54,0,55,0,2,60,0,62,42,0,42,104
06/28/2012,BVY,MA,ANE,EN,Federal Contract Tower,0,6,8,0,14,0,0,102,0,102,0,6,110,0,116,104,6,110,226
06/29/2012,BVY,MA,ANE,EN,Federal Contract Tower,0,5,16,0,21,0,0,69,0,69,0,5,85,0,90,70,0,70,160
06/30/2012,BVY,MA,ANE,EN,Federal Contract Tower,0,3,7,0,10,0,4,87,0,91,0,7,94,0,101,118,0,118,219
07/01/2012,BVY,MA,ANE,EN,Federal Contract Tower,0,0,10,0,10,0,0,69,0,69,0,0,79,0,79,178,0,178,257
07/02/2012,BVY,MA,ANE,EN,Federal Contract Tower,0,1,4,0,5,0,0,61,0,61,0,1,65,0,66,112,0,112,178
07/03/2012,BVY,MA,ANE,EN,Federal Contract Tower,0,3,9,1,13,0,0,97,0,97,0,3,106,1,110,182,0,182,292
07/04/2012,BVY,MA,ANE,EN,Federal Contract Tower,0,2,4,0,6,0,0,27,0,27,0,2,31,0,33,28,0,28,61
07/05/2012,BVY,MA,ANE,EN,Federal Contract Tower,0,0,7,0,7,0,4,84,0,88,0,4,91,0,95,156,0,156,251
07/06/2012,BVY,MA,ANE,EN,Federal Contract Tower,0,1,9,0,10,0,0,99,1,100,0,1,108,1,110,198,0,198,308
07/07/2012,BVY,MA,ANE,EN,Federal Contract Tower,0,2,7,0,9,0,0,81,0,81,0,2,88,0,90,124,0,124,214
07/08/2012,BVY,MA,ANE,EN,Federal Contract Tower,0,7,12,0,19,0,0,102,0,102,0,7,114,0,121,132,0,132,253
07/09/2012,BVY,MA,ANE,EN,Federal Contract Tower,0,8,11,0,19,0,2,87,0,89,0,10,98,0,108,138,0,138,246
07/10/2012,BVY,MA,ANE,EN,Federal Contract Tower,0,5,9,0,14,0,0,73,0,73,0,5,82,0,87,136,0,136,223
07/11/2012,BVY,MA,ANE,EN,Federal Contract Tower,0,10,4,0,14,0,0,69,0,69,0,10,73,0,83,104,0,104,187
07/12/2012,BVY,MA,ANE,EN,Federal Contract Tower,0,4,7,0,11,0,0,109,0,109,0,4,116,0,120,204,0,204,324
07/13/2012,BVY,MA,ANE,EN,Federal Contract Tower,0,6,8,0,14,0,6,99,0,105,0,12,107,0,119,130,0,130,249
07/14/2012,BVY,MA,ANE,EN,Federal Contract Tower,0,8,5,0,13,0,1,88,0,89,0,9,93,0,102,190,4,194,296
07/15/2012,BVY,MA,ANE,EN,Federal Contract Tower,0,5,15,0,20,0,1,97,0,98,0,6,112,0,118,122,0,122,240
07/16/2012,BVY,MA,ANE,EN,Federal Contract Tower,0,3,13,0,16,0,7,61,0,68,0,10,74,0,84,62,0,62,146
07/17/2012,BVY,MA,ANE,EN,Federal Contract Tower,0,4,8,0,12,0,0,59,0,59,0,4,67,0,71,60,0,60,131
07/18/2012,BVY,MA,ANE,EN,Federal Contract Tower,0,2,7,0,9,0,2,27,0,29,0,4,34,0,38,24,0,24,62
07/19/2012,BVY,MA,ANE,EN,Federal Contract Tower,0,8,11,0,19,0,2,92,2,96,0,10,103,2,115,94,0,94,209
07/20/2012,BVY,MA,ANE,EN,Federal Contract Tower,0,4,13,0,17,0,0,93,0,93,0,4,106,0,110,154,0,154,264
07/21/2012,BVY,MA,ANE,EN,Federal Contract Tower,0,4,25,0,29,0,2,80,0,82,0,6,105,0,111,46,0,46,157
07/22/2012,BVY,MA,ANE,EN,Federal Contract Tower,0,8,19,0,27,0,2,98,0,100,0,10,117,0,127,116,0,116,243
07/23/2012,BVY,MA,ANE,EN,Federal Contract Tower,0,4,9,0,13,0,3,53,0,56,0,7,62,0,69,78,0,78,147
07/24/2012,BVY,MA,ANE,EN,Federal Contract Tower,0,4,4,0,8,0,3,79,0,82,0,7,83,0,90,170,0,170,260
07/25/2012,BVY,MA,ANE,EN,Federal Contract Tower,0,4,9,0,13,0,1,69,0,70,0,5,78,0,83,50,0,50,133
07/26/2012,BVY,MA,ANE,EN,Federal Contract Tower,0,8,15,0,23,0,0,59,0,59,0,8,74,0,82,100,0,100,182
07/27/2012,BVY,MA,ANE,EN,Federal Contract Tower,0,10,21,0,31,0,0,16,0,16,0,10,37,0,47,22,0,22,69
07/28/2012,BVY,MA,ANE,EN,Federal Contract Tower,0,3,15,0,18,0,0,69,0,69,0,3,84,0,87,120,0,120,207
07/29/2012,BVY,MA,ANE,EN,Federal Contract Tower,0,8,19,0,27,0,0,28,0,28,0,8,47,0,55,62,0,62,117
07/30/2012,BVY,MA,ANE,EN,Federal Contract Tower,0,6,9,2,17,0,1,85,0,86,0,7,94,2,103,100,0,100,203
07/31/2012,BVY,MA,ANE,EN,Federal Contract Tower,0,13,17,0,30,0,0,63,0,63,0,13,80,0,93,52,0,52,145
08/01/2012,BVY,MA,ANE,EN,Federal Contract Tower,0,9,16,0,25,0,1,26,0,27,0,10,42,0,52,22,0,22,74
08/02/2012,BVY,MA,ANE,EN,Federal Contract Tower,0,8,9,0,17,0,0,60,0,60,0,8,69,0,77,92,0,92,169
08/03/2012,BVY,MA,ANE,EN,Federal Contract Tower,0,4,14,0,18,0,0,88,3,91,0,4,102,3,109,162,0,162,271
08/04/2012,BVY,MA,ANE,EN,Federal Contract Tower,0,2,14,1,17,0,0,95,5,100,0,2,109,6,117,64,0,64,181
08/05/2012,BVY,MA,ANE,EN,Federal Contract Tower,0,8,20,0,28,0,0,90,0,90,0,8,110,0,118,140,0,140,258
08/06/2012,BVY,MA,ANE,EN,Federal Contract Tower,0,6,16,0,22,0,4,93,0,97,0,10,109,0,119,80,0,80,199
08/07/2012,BVY,MA,ANE,EN,Federal Contract Tower,0,2,9,0,11,0,0,95,0,95,0,2,104,0,106,96,0,96,202
08/08/2012,BVY,MA,ANE,EN,Federal Contract Tower,0,7,2,0,9,0,1,90,0,91,0,8,92,0,100,80,0,80,180
08/09/2012,BVY,MA,ANE,EN,Federal Contract Tower,0,3,15,0,18,0,0,66,0,66,0,3,81,0,84,94,0,94,178
08/10/2012,BVY,MA,ANE,EN,Federal Contract Tower,0,4,14,0,18,0,0,16,0,16,0,4,30,0,34,0,0,0,34
08/11/2012,BVY,MA,ANE,EN,Federal Contract Tower,0,2,16,0,18,0,0,30,0,30,0,2,46,0,48,64,0,64,112
08/12/2012,BVY,MA,ANE,EN,Federal Contract Tower,0,10,24,0,34,0,0,32,0,32,0,10,56,0,66,72,0,72,138
08/13/2012,BVY,MA,ANE,EN,Federal Contract Tower,0,5,9,2,16,0,2,78,0,80,0,7,87,2,96,90,0,90,186
08/14/2012,BVY,MA,ANE,EN,Federal Contract Tower,0,2,8,0,10,0,0,92,0,92,0,2,100,0,102,80,0,80,182
08/15/2012,BVY,MA,ANE,EN,Federal Contract Tower,0,3,10,0,13,0,2,37,0,39,0,5,47,0,52,74,0,74,126
08/16/2012,BVY,MA,ANE,EN,Federal Contract Tower,0,7,6,0,13,0,1,55,0,56,0,8,61,0,69,74,0,74,143
08/17/2012,BVY,MA,ANE,EN,Federal Contract Tower,0,3,14,0,17,0,0,102,0,102,0,3,116,0,119,162,0,162,281
08/18/2012,BVY,MA,ANE,EN,Federal Contract Tower,0,5,10,0,15,0,0,22,2,24,0,5,32,2,39,56,0,56,95
08/19/2012,BVY,MA,ANE,EN,Federal Contract Tower,0,6,17,0,23,0,0,88,0,88,0,6,105,0,111,118,0,118,229
08/20/2012,BVY,MA,ANE,EN,Federal Contract Tower,0,0,14,0,14,0,0,82,0,82,0,0,96,0,96,146,0,146,242
08/21/2012,BVY,MA,ANE,EN,Federal Contract Tower,0,2,19,0,21,0,7,100,0,107,0,9,119,0,128,132,0,132,260
08/22/2012,BVY,MA,ANE,EN,Federal Contract Tower,0,1,18,0,19,0,0,65,0,65,0,1,83,0,84,68,0,68,152
08/23/2012,BVY,MA,ANE,EN,Federal Contract Tower,0,3,11,0,14,0,3,80,1,84,0,6,91,1,98,118,0,118,216
08/24/2012,BVY,MA,ANE,EN,Federal Contract Tower,0,2,7,0,9,0,0,57,2,59,0,2,64,2,68,56,0,56,124
08/25/2012,BVY,MA,ANE,EN,Federal Contract Tower,0,4,11,0,15,0,0,82,0,82,0,4,93,0,97,104,0,104,201
08/26/2012,BVY,MA,ANE,EN,Federal Contract Tower,0,1,9,0,10,0,0,137,0,137,0,1,146,0,147,132,0,132,279
08/27/2012,BVY,MA,ANE,EN,Federal Contract Tower,0,3,10,0,13,0,2,94,0,96,0,5,104,0,109,22,0,22,131
08/28/2012,BVY,MA,ANE,EN,Federal Contract Tower,0,8,3,0,11,0,0,26,0,26,0,8,29,0,37,36,0,36,73
08/29/2012,BVY,MA,ANE,EN,Federal Contract Tower,0,2,8,0,10,0,1,68,0,69,0,3,76,0,79,48,0,48,127
08/30/2012,BVY,MA,ANE,EN,Federal Contract Tower,0,2,5,0,7,0,0,90,0,90,0,2,95,0,97,82,0,82,179
08/31/2012,BVY,MA,ANE,EN,Federal Contract Tower,0,3,9,0,12,0,2,61,0,63,0,5,70,0,75,44,2,46,121
09/01/2012,BVY,MA,ANE,EN,Federal Contract Tower,0,4,10,0,14,0,0,61,0,61,0,4,71,0,75,118,0,118,193
09/02/2012,BVY,MA,ANE,EN,Federal Contract Tower,0,4,5,0,9,0,2,93,0,95,0,6,98,0,104,146,0,146,250
09/03/2012,BVY,MA,ANE,EN,Federal Contract Tower,0,7,15,0,22,0,2,69,0,71,0,9,84,0,93,102,0,102,195
09/04/2012,BVY,MA,ANE,EN,Federal Contract Tower,0,5,13,0,18,0,0,14,0,14,0,5,27,0,32,38,0,38,70
09/05/2012,BVY,MA,ANE,EN,Federal Contract Tower,0,0,9,0,9,0,0,21,0,21,0,0,30,0,30,30,0,30,60
09/06/2012,BVY,MA,ANE,EN,Federal Contract Tower,0,6,14,0,20,0,0,62,0,62,0,6,76,0,82,68,0,68,150
09/07/2012,BVY,MA,ANE,EN,Federal Contract Tower,0,4,8,0,12,0,1,37,0,38,0,5,45,0,50,72,0,72,122
09/08/2012,BVY,MA,ANE,EN,Federal Contract Tower,0,5,13,0,18,0,0,37,0,37,0,5,50,0,55,80,0,80,135
09/09/2012,BVY,MA,ANE,EN,Federal Contract Tower,0,3,13,0,16,0,0,83,0,83,0,3,96,0,99,98,0,98,197
09/10/2012,BVY,MA,ANE,EN,Federal Contract Tower,0,6,4,0,10,0,2,71,0,73,0,8,75,0,83,84,0,84,167
09/11/2012,BVY,MA,ANE,EN,Federal Contract Tower,0,2,3,0,5,0,1,70,0,71,0,3,73,0,76,114,0,114,190
09/12/2012,BVY,MA,ANE,EN,Federal Contract Tower,0,1,12,0,13,0,0,73,0,73,0,1,85,0,86,84,0,84,170
09/13/2012,BVY,MA,ANE,EN,Federal Contract Tower,0,2,12,0,14,0,0,85,0,85,0,2,97,0,99,76,0,76,175
09/14/2012,BVY,MA,ANE,EN,Federal Contract Tower,0,5,7,0,12,0,0,96,0,96,0,5,103,0,108,88,0,88,196
09/15/2012,BVY,MA,ANE,EN,Federal Contract Tower,0,1,3,1,5,0,0,87,1,88,0,1,90,2,93,124,0,124,217
09/16/2012,BVY,MA,ANE,EN,Federal Contract Tower,0,7,7,0,14,0,0,117,0,117,0,7,124,0,131,134,0,134,265
09/17/2012,BVY,MA,ANE,EN,Federal Contract Tower,0,2,14,0,16,0,0,85,0,85,0,2,99,0,101,152,0,152,253
09/18/2012,BVY,MA,ANE,EN,Federal Contract Tower,0,7,8,0,15,0,0,43,0,43,0,7,51,0,58,82,0,82,140
09/19/2012,BVY,MA,ANE,EN,Federal Contract Tower,0,8,9,0,17,0,0,76,0,76,0,8,85,0,93,98,0,98,191
09/20/2012,BVY,MA,ANE,EN,Federal Contract Tower,0,3,9,1,13,0,1,83,1,85,0,4,92,2,98,86,0,86,184
09/21/2012,BVY,MA,ANE,EN,Federal Contract Tower,0,5,9,0,14,0,0,59,0,59,0,5,68,0,73,100,0,100,173
09/22/2012,BVY,MA,ANE,EN,Federal Contract Tower,0,9,29,1,39,0,3,19,0,22,0,12,48,1,61,16,0,16,77
09/23/2012,BVY,MA,ANE,EN,Federal Contract Tower,0,2,9,0,11,0,0,101,0,101,0,2,110,0,112,124,0,124,236
09/24/2012,BVY,MA,ANE,EN,Federal Contract Tower,0,2,9,1,12,0,1,80,1,82,0,3,89,2,94,112,0,112,206
09/25/2012,BVY,MA,ANE,EN,Federal Contract Tower,0,7,6,1,14,0,0,57,2,59,0,7,63,3,73,98,0,98,171
09/26/2012,BVY,MA,ANE,EN,Federal Contract Tower,0,1,4,0,5,0,1,56,0,57,0,2,60,0,62,48,0,48,110
09/27/2012,BVY,MA,ANE,EN,Federal Contract Tower,0,3,7,0,10,0,0,74,3,77,0,3,81,3,87,132,0,132,219
09/28/2012,BVY,MA,ANE,EN,Federal Contract Tower,0,5,16,0,21,0,0,5,0,5,0,5,21,0,26,12,0,12,38
09/29/2012,BVY,MA,ANE,EN,Federal Contract Tower,0,1,16,0,17,0,0,0,0,0,0,1,16,0,17,0,0,0,17
09/30/2012,BVY,MA,ANE,EN,Federal Contract Tower,0,8,15,0,23,0,0,0,0,0,0,8,15,0,23,0,0,0,23
10/01/2012,BVY,MA,ANE,EN,Federal Contract Tower,0,3,13,0,16,0,0,47,0,47,0,3,60,0,63,62,0,62,125
10/02/2012,BVY,MA,ANE,EN,Federal Contract Tower,0,3,2,0,5,0,0,70,0,70,0,3,72,0,75,170,0,170,245
10/03/2012,BVY,MA,ANE,EN,Federal Contract Tower,0,1,6,0,7,0,0,0,0,0,0,1,6,0,7,0,0,0,7
10/04/2012,BVY,MA,ANE,EN,Federal Contract Tower,0,4,5,0,9,0,0,0,0,0,0,4,5,0,9,0,0,0,9
10/05/2012,BVY,MA,ANE,EN,Federal Contract Tower,0,5,23,1,29,0,1,78,1,80,0,6,101,2,109,176,0,176,285
10/06/2012,BVY,MA,ANE,EN,Federal Contract Tower,0,3,13,0,16,0,0,108,0,108,0,3,121,0,124,126,0,126,250
10/07/2012,BVY,MA,ANE,EN,Federal Contract Tower,0,3,6,0,9,0,0,73,0,73,0,3,79,0,82,114,0,114,196
10/08/2012,BVY,MA,ANE,EN,Federal Contract Tower,0,4,7,0,11,0,0,52,0,52,0,4,59,0,63,84,0,84,147
10/09/2012,BVY,MA,ANE,EN,Federal Contract Tower,0,2,6,1,9,0,0,39,1,40,0,2,45,2,49,166,0,166,215
10/10/2012,BVY,MA,ANE,EN,Federal Contract Tower,0,4,6,0,10,0,0,0,0,0,0,4,6,0,10,0,0,0,10
10/11/2012,BVY,MA,ANE,EN,Federal Contract Tower,0,7,11,1,19,0,1,77,2,80,0,8,88,3,99,146,2,148,247
10/12/2012,BVY,MA,ANE,EN,Federal Contract Tower,0,3,20,0,23,0,0,61,2,63,0,3,81,2,86,124,0,124,210
10/13/2012,BVY,MA,ANE,EN,Federal Contract Tower,0,1,12,0,13,0,0,134,0,134,0,1,146,0,147,150,0,150,297
10/14/2012,BVY,MA,ANE,EN,Federal Contract Tower,0,8,10,0,18,0,0,55,0,55,0,8,65,0,73,104,0,104,177
10/15/2012,BVY,MA,ANE,EN,Federal Contract Tower,0,13,7,2,22,0,0,47,1,48,0,13,54,3,70,62,2,64,134
10/16/2012,BVY,MA,ANE,EN,Federal Contract Tower,0,6,9,0,15,0,0,77,3,80,0,6,86,3,95,96,0,96,191
10/17/2012,BVY,MA,ANE,EN,Federal Contract Tower,0,4,14,0,18,0,1,102,1,104,0,5,116,1,122,220,0,220,342
10/18/2012,BVY,MA,ANE,EN,Federal Contract Tower,0,7,14,2,23,0,1,88,2,91,0,8,102,4,114,76,0,76,190
10/19/2012,BVY,MA,ANE,EN,Federal Contract Tower,0,5,6,0,11,0,0,15,0,15,0,5,21,0,26,20,0,20,46
10/20/2012,BVY,MA,ANE,EN,Federal Contract Tower,0,1,16,0,17,0,0,57,0,57,0,1,73,0,74,124,0,124,198
10/21/2012,BVY,MA,ANE,EN,Federal Contract Tower,0,4,14,0,18,0,0,98,0,98,0,4,112,0,116,192,0,192,308
10/22/2012,BVY,MA,ANE,EN,Federal Contract Tower,0,4,6,0,10,0,0,36,0,36,0,4,42,0,46,54,0,54,100
10/23/2012,BVY,MA,ANE,EN,Federal Contract Tower,0,5,7,0,12,0,6,92,0,98,0,11,99,0,110,194,0,194,304
10/24/2012,BVY,MA,ANE,EN,Federal Contract Tower,0,4,10,1,15,0,0,88,0,88,0,4,98,1,103,214,0,214,317
10/25/2012,BVY,MA,ANE,EN,Federal Contract Tower,0,2,13,0,15,0,0,83,0,83,0,2,96,0,98,160,0,160,258
10/26/2012,BVY,MA,ANE,EN,Federal Contract Tower,0,8,8,0,16,0,0,49,0,49,0,8,57,0,65,72,0,72,137
10/27/2012,BVY,MA,ANE,EN,Federal Contract Tower,0,2,16,1,19,0,0,66,2,68,0,2,82,3,87,62,0,62,149
10/28/2012,BVY,MA,ANE,EN,Federal Contract Tower,0,4,0,0,4,0,0,2,0,2,0,4,2,0,6,6,0,6,12
10/29/2012,BVY,MA,ANE,EN,Federal Contract Tower,0,0,0,0,0,0,0,0,0,0,0,0,0,0,0,0,0,0,0
10/30/2012,BVY,MA,ANE,EN,Federal Contract Tower,0,0,0,0,0,0,0,8,0,8,0,0,8,0,8,0,0,0,8
10/31/2012,BVY,MA,ANE,EN,Federal Contract Tower,0,2,9,0,11,0,0,41,0,41,0,2,50,0,52,84,0,84,136
11/01/2012,BVY,MA,ANE,EN,Federal Contract Tower,0,1,11,0,12,0,4,62,0,66,0,5,73,0,78,134,0,134,212
11/02/2012,BVY,MA,ANE,EN,Federal Contract Tower,0,0,7,0,7,0,0,58,0,58,0,0,65,0,65,94,0,94,159
11/03/2012,BVY,MA,ANE,EN,Federal Contract Tower,0,0,15,0,15,0,0,81,0,81,0,0,96,0,96,108,0,108,204
11/04/2012,BVY,MA,ANE,EN,Federal Contract Tower,0,1,17,0,18,0,2,73,0,75,0,3,90,0,93,188,0,188,281
11/05/2012,BVY,MA,ANE,EN,Federal Contract Tower,0,3,1,0,4,0,0,50,0,50,0,3,51,0,54,144,0,144,198
11/06/2012,BVY,MA,ANE,EN,Federal Contract Tower,0,3,5,0,8,0,0,77,0,77,0,3,82,0,85,152,0,152,237
11/07/2012,BVY,MA,ANE,EN,Federal Contract Tower,0,3,0,0,3,0,0,4,0,4,0,3,4,0,7,0,0,0,7
11/08/2012,BVY,MA,ANE,EN,Federal Contract Tower,0,2,0,0,2,0,0,2,0,2,0,2,2,0,4,0,0,0,4
11/09/2012,BVY,MA,ANE,EN,Federal Contract Tower,0,1,11,0,12,0,0,55,2,57,0,1,66,2,69,58,0,58,127
11/10/2012,BVY,MA,ANE,EN,Federal Contract Tower,0,1,10,0,11,0,0,103,0,103,0,1,113,0,114,110,0,110,224
11/11/2012,BVY,MA,ANE,EN,Federal Contract Tower,0,3,13,0,16,0,2,107,0,109,0,5,120,0,125,154,0,154,279
11/12/2012,BVY,MA,ANE,EN,Federal Contract Tower,0,5,5,0,10,0,1,68,0,69,0,6,73,0,79,134,0,134,213
11/13/2012,BVY,MA,ANE,EN,Federal Contract Tower,0,1,4,0,5,0,0,18,0,18,0,1,22,0,23,30,0,30,53
11/14/2012,BVY,MA,ANE,EN,Federal Contract Tower,0,1,12,0,13,0,1,61,0,62,0,2,73,0,75,98,0,98,173
11/15/2012,BVY,MA,ANE,EN,Federal Contract Tower,0,6,4,0,10,0,0,71,0,71,0,6,75,0,81,104,0,104,185
11/16/2012,BVY,MA,ANE,EN,Federal Contract Tower,0,1,13,0,14,0,3,70,0,73,0,4,83,0,87,86,0,86,173
11/17/2012,BVY,MA,ANE,EN,Federal Contract Tower,0,4,12,0,16,0,2,106,1,109,0,6,118,1,125,232,0,232,357
11/18/2012,BVY,MA,ANE,EN,Federal Contract Tower,0,4,9,0,13,0,1,120,0,121,0,5,129,0,134,204,0,204,338
11/19/2012,BVY,MA,ANE,EN,Federal Contract Tower,0,1,3,0,4,0,0,61,0,61,0,1,64,0,65,94,0,94,159
11/20/2012,BVY,MA,ANE,EN,Federal Contract Tower,0,5,11,1,17,0,0,67,0,67,0,5,78,1,84,100,0,100,184
11/21/2012,BVY,MA,ANE,EN,Federal Contract Tower,0,4,14,0,18,0,0,67,0,67,0,4,81,0,85,84,0,84,169
11/22/2012,BVY,MA,ANE,EN,Federal Contract Tower,0,0,1,0,1,0,0,15,0,15,0,0,16,0,16,14,0,14,30
11/23/2012,BVY,MA,ANE,EN,Federal Contract Tower,0,3,7,0,10,0,0,63,0,63,0,3,70,0,73,84,0,84,157
11/24/2012,BVY,MA,ANE,EN,Federal Contract Tower,0,2,8,0,10,0,0,58,0,58,0,2,66,0,68,122,0,122,190
11/25/2012,BVY,MA,ANE,EN,Federal Contract Tower,0,3,8,0,11,0,0,44,0,44,0,3,52,0,55,78,0,78,133
11/26/2012,BVY,MA,ANE,EN,Federal Contract Tower,0,6,10,0,16,0,2,37,0,39,0,8,47,0,55,18,0,18,73
11/27/2012,BVY,MA,ANE,EN,Federal Contract Tower,0,6,9,0,15,0,2,13,0,15,0,8,22,0,30,40,0,40,70
11/28/2012,BVY,MA,ANE,EN,Federal Contract Tower,0,1,5,0,6,0,0,50,0,50,0,1,55,0,56,76,0,76,132
11/29/2012,BVY,MA,ANE,EN,Federal Contract Tower,0,0,6,0,6,0,0,62,0,62,0,0,68,0,68,66,0,66,134
11/30/2012,BVY,MA,ANE,EN,Federal Contract Tower,0,0,11,0,11,0,0,62,0,62,0,0,73,0,73,90,0,90,163
12/01/2012,BVY,MA,ANE,EN,Federal Contract Tower,0,0,1,0,1,0,0,8,0,8,0,0,9,0,9,36,0,36,45
12/02/2012,BVY,MA,ANE,EN,Federal Contract Tower,0,1,5,0,6,0,0,9,0,9,0,1,14,0,15,14,0,14,29
12/03/2012,BVY,MA,ANE,EN,Federal Contract Tower,0,1,15,0,16,0,0,59,0,59,0,1,74,0,75,108,0,108,183
12/04/2012,BVY,MA,ANE,EN,Federal Contract Tower,0,2,12,0,14,0,0,11,0,11,0,2,23,0,25,32,0,32,57
12/05/2012,BVY,MA,ANE,EN,Federal Contract Tower,0,4,10,0,14,0,1,48,0,49,0,5,58,0,63,80,0,80,143
12/06/2012,BVY,MA,ANE,EN,Federal Contract Tower,0,0,4,0,4,0,1,90,1,92,0,1,94,1,96,118,4,122,218
12/07/2012,BVY,MA,ANE,EN,Federal Contract Tower,0,4,4,0,8,0,0,82,0,82,0,4,86,0,90,140,0,140,230
12/08/2012,BVY,MA,ANE,EN,Federal Contract Tower,0,2,6,0,8,0,0,0,0,0,0,2,6,0,8,0,0,0,8
12/09/2012,BVY,MA,ANE,EN,Federal Contract Tower,0,3,14,0,17,0,0,90,0,90,0,3,104,0,107,228,0,228,335
12/10/2012,BVY,MA,ANE,EN,Federal Contract Tower,0,2,3,0,5,0,0,0,0,0,0,2,3,0,5,0,0,0,5
12/11/2012,BVY,MA,ANE,EN,Federal Contract Tower,0,4,3,0,7,0,0,54,0,54,0,4,57,0,61,68,0,68,129
12/12/2012,BVY,MA,ANE,EN,Federal Contract Tower,1,1,6,0,8,0,0,58,0,58,1,1,64,0,66,98,0,98,164
12/13/2012,BVY,MA,ANE,EN,Federal Contract Tower,0,2,4,0,6,0,0,68,0,68,0,2,72,0,74,120,0,120,194
12/14/2012,BVY,MA,ANE,EN,Federal Contract Tower,0,3,6,0,9,0,0,88,0,88,0,3,94,0,97,82,0,82,179
12/15/2012,BVY,MA,ANE,EN,Federal Contract Tower,0,1,13,0,14,0,0,101,0,101,0,1,114,0,115,180,0,180,295
12/16/2012,BVY,MA,ANE,EN,Federal Contract Tower,0,2,5,0,7,0,0,0,0,0,0,2,5,0,7,46,0,46,53
12/17/2012,BVY,MA,ANE,EN,Federal Contract Tower,0,0,1,0,1,0,0,0,0,0,0,0,1,0,1,0,0,0,1
12/18/2012,BVY,MA,ANE,EN,Federal Contract Tower,0,0,0,0,0,0,0,0,0,0,0,0,0,0,0,0,0,0,0
12/19/2012,BVY,MA,ANE,EN,Federal Contract Tower,0,2,5,0,7,0,0,26,0,26,0,2,31,0,33,14,0,14,47
12/20/2012,BVY,MA,ANE,EN,Federal Contract Tower,0,2,8,0,10,0,0,65,0,65,0,2,73,0,75,102,0,102,177
12/21/2012,BVY,MA,ANE,EN,Federal Contract Tower,0,2,0,0,2,0,0,10,0,10,0,2,10,0,12,0,0,0,12
12/22/2012,BVY,MA,ANE,EN,Federal Contract Tower,0,1,8,0,9,0,0,64,0,64,0,1,72,0,73,80,0,80,153
12/23/2012,BVY,MA,ANE,EN,Federal Contract Tower,0,2,10,1,13,0,0,85,0,85,0,2,95,1,98,104,0,104,202
12/24/2012,BVY,MA,ANE,EN,Federal Contract Tower,0,1,5,0,6,0,0,87,0,87,0,1,92,0,93,140,0,140,233
12/25/2012,BVY,MA,ANE,EN,Federal Contract Tower,0,0,0,0,0,0,0,2,0,2,0,0,2,0,2,0,0,0,2
12/26/2012,BVY,MA,ANE,EN,Federal Contract Tower,0,4,6,2,12,0,0,51,1,52,0,4,57,3,64,106,0,106,170
12/27/2012,BVY,MA,ANE,EN,Federal Contract Tower,0,3,2,0,5,0,0,0,0,0,0,3,2,0,5,0,0,0,5
12/28/2012,BVY,MA,ANE,EN,Federal Contract Tower,0,0,2,0,2,0,0,58,0,58,0,0,60,0,60,62,0,62,122
12/29/2012,BVY,MA,ANE,EN,Federal Contract Tower,0,1,6,0,7,0,0,49,0,49,0,1,55,0,56,156,0,156,212
12/30/2012,BVY,MA,ANE,EN,Federal Contract Tower,0,0,0,0,0,0,0,0,0,0,0,0,0,0,0,0,0,0,0
12/31/2012,BVY,MA,ANE,EN,Federal Contract Tower,0,1,2,0,3,0,0,48,0,48,0,1,50,0,51,44,0,44,95
01/01/2013,BVY,MA,ANE,EN,Federal Contract Tower,0,1,3,0,4,0,0,49,0,49,0,1,52,0,53,82,0,82,135
01/02/2013,BVY,MA,ANE,EN,Federal Contract Tower,0,4,5,0,9,0,2,26,0,28,0,6,31,0,37,26,0,26,63
01/03/2013,BVY,MA,ANE,EN,Federal Contract Tower,0,3,4,0,7,0,0,79,0,79,0,3,83,0,86,132,0,132,218
01/04/2013,BVY,MA,ANE,EN,Federal Contract Tower,0,5,8,0,13,0,2,40,0,42,0,7,48,0,55,26,0,26,81
01/05/2013,BVY,MA,ANE,EN,Federal Contract Tower,0,6,9,0,15,0,0,90,0,90,0,6,99,0,105,172,0,172,277
01/06/2013,BVY,MA,ANE,EN,Federal Contract Tower,0,0,7,0,7,0,0,54,0,54,0,0,61,0,61,116,0,116,177
01/07/2013,BVY,MA,ANE,EN,Federal Contract Tower,0,2,7,0,9,0,0,41,0,41,0,2,48,0,50,68,0,68,118
01/08/2013,BVY,MA,ANE,EN,Federal Contract Tower,0,3,12,0,15,0,0,58,0,58,0,3,70,0,73,48,0,48,121
01/09/2013,BVY,MA,ANE,EN,Federal Contract Tower,0,2,10,0,12,0,1,47,1,49,0,3,57,1,61,160,0,160,221
01/10/2013,BVY,MA,ANE,EN,Federal Contract Tower,0,0,10,0,10,0,0,50,0,50,0,0,60,0,60,58,0,58,118
01/11/2013,BVY,MA,ANE,EN,Federal Contract Tower,0,4,4,2,10,0,0,62,1,63,0,4,66,3,73,86,0,86,159
01/12/2013,BVY,MA,ANE,EN,Federal Contract Tower,0,1,14,0,15,0,0,0,0,0,0,1,14,0,15,0,0,0,15
01/13/2013,BVY,MA,ANE,EN,Federal Contract Tower,0,2,2,0,4,0,0,0,0,0,0,2,2,0,4,0,0,0,4
01/14/2013,BVY,MA,ANE,EN,Federal Contract Tower,0,2,16,0,18,0,0,40,0,40,0,2,56,0,58,94,0,94,152
01/15/2013,BVY,MA,ANE,EN,Federal Contract Tower,0,0,10,0,10,0,0,56,0,56,0,0,66,0,66,88,0,88,154
01/16/2013,BVY,MA,ANE,EN,Federal Contract Tower,0,2,3,0,5,0,0,0,0,0,0,2,3,0,5,0,0,0,5
01/17/2013,BVY,MA,ANE,EN,Federal Contract Tower,0,6,3,0,9,0,0,58,2,60,0,6,61,2,69,22,0,22,91
01/18/2013,BVY,MA,ANE,EN,Federal Contract Tower,0,4,3,0,7,0,1,43,0,44,0,5,46,0,51,16,0,16,67
01/19/2013,BVY,MA,ANE,EN,Federal Contract Tower,0,1,2,0,3,0,0,39,2,41,0,1,41,2,44,62,0,62,106
01/20/2013,BVY,MA,ANE,EN,Federal Contract Tower,0,1,1,0,2,0,0,28,0,28,0,1,29,0,30,10,0,10,40
01/21/2013,BVY,MA,ANE,EN,Federal Contract Tower,0,2,4,0,6,0,0,86,0,86,0,2,90,0,92,174,0,174,266
01/22/2013,BVY,MA,ANE,EN,Federal Contract Tower,0,1,3,0,4,0,0,34,0,34,0,1,37,0,38,68,0,68,106
01/23/2013,BVY,MA,ANE,EN,Federal Contract Tower,0,4,5,0,9,0,0,26,2,28,0,4,31,2,37,8,0,8,45
01/24/2013,BVY,MA,ANE,EN,Federal Contract Tower,0,1,0,0,1,0,0,33,2,35,0,1,33,2,36,10,0,10,46
01/25/2013,BVY,MA,ANE,EN,Federal Contract Tower,0,5,4,0,9,0,8,50,0,58,0,13,54,0,67,64,0,64,131
01/26/2013,BVY,MA,ANE,EN,Federal Contract Tower,0,1,4,0,5,0,0,74,0,74,0,1,78,0,79,102,0,102,181
01/27/2013,BVY,MA,ANE,EN,Federal Contract Tower,0,2,12,0,14,0,0,47,0,47,0,2,59,0,61,74,0,74,135
01/28/2013,BVY,MA,ANE,EN,Federal Contract Tower,0,2,3,0,5,0,0,40,0,40,0,2,43,0,45,54,0,54,99
01/29/2013,BVY,MA,ANE,EN,Federal Contract Tower,0,5,0,0,5,0,0,8,0,8,0,5,8,0,13,16,0,16,29
01/30/2013,BVY,MA,ANE,EN,Federal Contract Tower,0,4,4,0,8,0,0,0,0,0,0,4,4,0,8,0,0,0,8
01/31/2013,BVY,MA,ANE,EN,Federal Contract Tower,0,1,1,0,2,0,0,4,0,4,0,1,5,0,6,0,2,2,8
02/01/2013,BVY,MA,ANE,EN,Federal Contract Tower,0,5,3,0,8,0,0,42,0,42,0,5,45,0,50,46,0,46,96
02/02/2013,BVY,MA,ANE,EN,Federal Contract Tower,0,1,14,0,15,0,0,87,0,87,0,1,101,0,102,210,0,210,312
02/03/2013,BVY,MA,ANE,EN,Federal Contract Tower,0,7,6,0,13,0,0,37,0,37,0,7,43,0,50,158,0,158,208
02/04/2013,BVY,MA,ANE,EN,Federal Contract Tower,0,0,4,1,5,0,1,26,2,29,0,1,30,3,34,32,0,32,66
02/05/2013,BVY,MA,ANE,EN,Federal Contract Tower,0,0,5,0,5,0,0,77,0,77,0,0,82,0,82,126,0,126,208
02/06/2013,BVY,MA,ANE,EN,Federal Contract Tower,0,2,7,1,10,0,0,39,2,41,0,2,46,3,51,46,0,46,97
02/07/2013,BVY,MA,ANE,EN,Federal Contract Tower,0,7,4,0,11,0,0,54,2,56,0,7,58,2,67,52,0,52,119
02/08/2013,BVY,MA,ANE,EN,Federal Contract Tower,0,1,2,0,3,0,0,1,0,1,0,1,3,0,4,0,0,0,4
02/09/2013,BVY,MA,ANE,EN,Federal Contract Tower,0,0,0,0,0,0,0,0,0,0,0,0,0,0,0,0,0,0,0
02/10/2013,BVY,MA,ANE,EN,Federal Contract Tower,0,0,0,0,0,0,0,9,0,9,0,0,9,0,9,4,0,4,13
02/11/2013,BVY,MA,ANE,EN,Federal Contract Tower,0,2,2,0,4,0,1,7,4,12,0,3,9,4,16,0,0,0,16
02/12/2013,BVY,MA,ANE,EN,Federal Contract Tower,0,3,10,0,13,0,3,29,6,38,0,6,39,6,51,46,0,46,97
02/13/2013,BVY,MA,ANE,EN,Federal Contract Tower,0,0,11,0,11,0,0,65,1,66,0,0,76,1,77,72,0,72,149
02/14/2013,BVY,MA,ANE,EN,Federal Contract Tower,0,4,2,0,6,0,2,47,0,49,0,6,49,0,55,58,0,58,113
02/15/2013,BVY,MA,ANE,EN,Federal Contract Tower,0,2,8,0,10,0,0,59,2,61,0,2,67,2,71,86,0,86,157
02/16/2013,BVY,MA,ANE,EN,Federal Contract Tower,0,2,3,0,5,0,0,4,0,4,0,2,7,0,9,14,0,14,23
02/17/2013,BVY,MA,ANE,EN,Federal Contract Tower,0,0,0,0,0,0,0,0,0,0,0,0,0,0,0,0,0,0,0
02/18/2013,BVY,MA,ANE,EN,Federal Contract Tower,0,2,4,0,6,0,0,0,0,0,0,2,4,0,6,6,0,6,12
02/19/2013,BVY,MA,ANE,EN,Federal Contract Tower,0,1,7,1,9,0,1,53,1,55,0,2,60,2,64,80,0,80,144
02/20/2013,BVY,MA,ANE,EN,Federal Contract Tower,0,3,3,0,6,0,0,57,0,57,0,3,60,0,63,88,0,88,151
02/21/2013,BVY,MA,ANE,EN,Federal Contract Tower,0,1,3,0,4,0,3,28,5,36,0,4,31,5,40,16,0,16,56
02/22/2013,BVY,MA,ANE,EN,Federal Contract Tower,0,6,7,0,13,0,0,89,2,91,0,6,96,2,104,150,0,150,254
02/23/2013,BVY,MA,ANE,EN,Federal Contract Tower,0,1,2,0,3,0,0,54,0,54,0,1,56,0,57,138,0,138,195
02/24/2013,BVY,MA,ANE,EN,Federal Contract Tower,0,2,1,0,3,0,0,0,0,0,0,2,1,0,3,0,0,0,3
02/25/2013,BVY,MA,ANE,EN,Federal Contract Tower,0,4,4,0,8,0,2,60,0,62,0,6,64,0,70,154,0,154,224
02/26/2013,BVY,MA,ANE,EN,Federal Contract Tower,0,0,3,0,3,0,0,48,0,48,0,0,51,0,51,90,0,90,141
02/27/2013,BVY,MA,ANE,EN,Federal Contract Tower,0,3,3,0,6,0,0,0,0,0,0,3,3,0,6,0,0,0,6
02/28/2013,BVY,MA,ANE,EN,Federal Contract Tower,0,3,5,0,8,0,0,19,0,19,0,3,24,0,27,34,0,34,61
03/01/2013,BVY,MA,ANE,EN,Federal Contract Tower,0,1,12,0,13,0,0,56,0,56,0,1,68,0,69,94,0,94,163
03/02/2013,BVY,MA,ANE,EN,Federal Contract Tower,0,1,9,0,10,0,0,116,0,116,0,1,125,0,126,178,0,178,304
03/03/2013,BVY,MA,ANE,EN,Federal Contract Tower,0,0,8,0,8,0,0,41,0,41,0,0,49,0,49,126,0,126,175
03/04/2013,BVY,MA,ANE,EN,Federal Contract Tower,0,3,1,0,4,0,2,27,0,29,0,5,28,0,33,42,0,42,75
03/05/2013,BVY,MA,ANE,EN,Federal Contract Tower,0,2,10,0,12,0,0,69,1,70,0,2,79,1,82,122,0,122,204
03/06/2013,BVY,MA,ANE,EN,Federal Contract Tower,0,3,4,0,7,0,0,1,0,1,0,3,5,0,8,0,0,0,8
03/07/2013,BVY,MA,ANE,EN,Federal Contract Tower,0,0,0,0,0,0,0,0,0,0,0,0,0,0,0,0,0,0,0
03/08/2013,BVY,MA,ANE,EN,Federal Contract Tower,0,0,2,0,2,0,0,0,0,0,0,0,2,0,2,0,0,0,2
03/09/2013,BVY,MA,ANE,EN,Federal Contract Tower,0,2,8,0,10,0,1,81,4,86,0,3,89,4,96,92,0,92,188
03/10/2013,BVY,MA,ANE,EN,Federal Contract Tower,0,4,15,0,19,0,0,102,0,102,0,4,117,0,121,190,0,190,311
03/11/2013,BVY,MA,ANE,EN,Federal Contract Tower,0,2,12,0,14,0,0,71,0,71,0,2,83,0,85,140,0,140,225
03/12/2013,BVY,MA,ANE,EN,Federal Contract Tower,0,1,8,0,9,0,0,4,0,4,0,1,12,0,13,14,0,14,27
03/13/2013,BVY,MA,ANE,EN,Federal Contract Tower,0,9,9,0,18,0,0,72,0,72,0,9,81,0,90,92,0,92,182
03/14/2013,BVY,MA,ANE,EN,Federal Contract Tower,0,1,9,0,10,0,0,43,0,43,0,1,52,0,53,44,0,44,97
03/15/2013,BVY,MA,ANE,EN,Federal Contract Tower,0,1,11,0,12,0,0,64,0,64,0,1,75,0,76,90,0,90,166
03/16/2013,BVY,MA,ANE,EN,Federal Contract Tower,0,1,13,0,14,0,1,98,0,99,0,2,111,0,113,224,0,224,337
03/17/2013,BVY,MA,ANE,EN,Federal Contract Tower,3,8,0,0,11,0,0,96,1,97,3,8,96,1,108,152,0,152,260
03/18/2013,BVY,MA,ANE,EN,Federal Contract Tower,0,4,14,0,18,0,1,63,0,64,0,5,77,0,82,114,0,114,196
03/19/2013,BVY,MA,ANE,EN,Federal Contract Tower,0,0,0,0,0,0,0,0,0,0,0,0,0,0,0,0,0,0,0
03/20/2013,BVY,MA,ANE,EN,Federal Contract Tower,0,2,3,0,5,0,0,32,0,32,0,2,35,0,37,0,0,0,37
03/21/2013,BVY,MA,ANE,EN,Federal Contract Tower,0,3,6,0,9,0,0,35,0,35,0,3,41,0,44,36,0,36,80
03/22/2013,BVY,MA,ANE,EN,Federal Contract Tower,0,1,8,2,11,0,0,42,9,51,0,1,50,11,62,34,0,34,96
03/23/2013,BVY,MA,ANE,EN,Federal Contract Tower,0,1,7,0,8,0,0,63,0,63,0,1,70,0,71,56,0,56,127
03/24/2013,BVY,MA,ANE,EN,Federal Contract Tower,0,5,6,0,11,0,0,110,0,110,0,5,116,0,121,164,0,164,285
03/25/2013,BVY,MA,ANE,EN,Federal Contract Tower,0,1,5,0,6,0,0,30,0,30,0,1,35,0,36,74,0,74,110
03/26/2013,BVY,MA,ANE,EN,Federal Contract Tower,0,3,7,0,10,0,0,45,0,45,0,3,52,0,55,74,0,74,129
03/27/2013,BVY,MA,ANE,EN,Federal Contract Tower,0,5,9,0,14,0,2,62,0,64,0,7,71,0,78,82,0,82,160
03/28/2013,BVY,MA,ANE,EN,Federal Contract Tower,0,3,7,1,11,0,0,37,1,38,0,3,44,2,49,100,0,100,149
03/29/2013,BVY,MA,ANE,EN,Federal Contract Tower,0,4,10,0,14,0,0,96,1,97,0,4,106,1,111,128,0,128,239
03/30/2013,BVY,MA,ANE,EN,Federal Contract Tower,0,4,7,0,11,0,0,133,0,133,0,4,140,0,144,246,0,246,390
03/31/2013,BVY,MA,ANE,EN,Federal Contract Tower,0,4,5,0,9,0,1,45,0,46,0,5,50,0,55,74,0,74,129
04/01/2013,BVY,MA,ANE,EN,Federal Contract Tower,0,4,14,0,18,0,0,47,0,47,0,4,61,0,65,64,0,64,129
04/02/2013,BVY,MA,ANE,EN,Federal Contract Tower,0,0,6,0,6,0,0,23,0,23,0,0,29,0,29,70,0,70,99
04/03/2013,BVY,MA,ANE,EN,Federal Contract Tower,0,3,14,0,17,0,2,30,0,32,0,5,44,0,49,56,0,56,105
04/04/2013,BVY,MA,ANE,EN,Federal Contract Tower,0,1,9,0,10,0,0,64,0,64,0,1,73,0,74,112,0,112,186
04/05/2013,BVY,MA,ANE,EN,Federal Contract Tower,0,6,8,0,14,0,0,56,2,58,0,6,64,2,72,88,0,88,160
04/06/2013,BVY,MA,ANE,EN,Federal Contract Tower,0,4,2,0,6,0,1,85,0,86,0,5,87,0,92,124,0,124,216
04/07/2013,BVY,MA,ANE,EN,Federal Contract Tower,0,1,7,0,8,0,2,94,0,96,0,3,101,0,104,154,0,154,258
04/08/2013,BVY,MA,ANE,EN,Federal Contract Tower,0,4,10,0,14,0,1,56,0,57,0,5,66,0,71,84,0,84,155
04/09/2013,BVY,MA,ANE,EN,Federal Contract Tower,0,0,6,0,6,0,0,34,0,34,0,0,40,0,40,56,0,56,96
04/10/2013,BVY,MA,ANE,EN,Federal Contract Tower,0,4,19,0,23,0,0,38,0,38,0,4,57,0,61,50,0,50,111
04/11/2013,BVY,MA,ANE,EN,Federal Contract Tower,0,2,5,0,7,0,0,34,0,34,0,2,39,0,41,48,0,48,89
04/12/2013,BVY,MA,ANE,EN,Federal Contract Tower,0,4,4,0,8,0,0,6,0,6,0,4,10,0,14,8,0,8,22
04/13/2013,BVY,MA,ANE,EN,Federal Contract Tower,0,2,19,0,21,0,0,42,0,42,0,2,61,0,63,142,0,142,205
04/14/2013,BVY,MA,ANE,EN,Federal Contract Tower,0,2,7,0,9,0,0,78,2,80,0,2,85,2,89,128,0,128,217
04/15/2013,BVY,MA,ANE,EN,Federal Contract Tower,0,1,5,0,6,0,1,102,2,105,0,2,107,2,111,154,0,154,265
04/16/2013,BVY,MA,ANE,EN,Federal Contract Tower,0,2,10,0,12,0,1,42,0,43,0,3,52,0,55,72,0,72,127
04/17/2013,BVY,MA,ANE,EN,Federal Contract Tower,0,3,9,0,12,0,1,78,0,79,0,4,87,0,91,148,0,148,239
04/18/2013,BVY,MA,ANE,EN,Federal Contract Tower,0,5,5,0,10,0,1,28,0,29,0,6,33,0,39,50,0,50,89
04/19/2013,BVY,MA,ANE,EN,Federal Contract Tower,0,1,10,1,12,0,0,20,1,21,0,1,30,2,33,30,0,30,63
04/20/2013,BVY,MA,ANE,EN,Federal Contract Tower,0,1,8,0,9,0,0,68,0,68,0,1,76,0,77,142,0,142,219
04/21/2013,BVY,MA,ANE,EN,Federal Contract Tower,0,3,9,0,12,0,2,97,0,99,0,5,106,0,111,148,0,148,259
04/22/2013,BVY,MA,ANE,EN,Federal Contract Tower,0,3,5,0,8,0,0,54,1,55,0,3,59,1,63,74,0,74,137
04/23/2013,BVY,MA,ANE,EN,Federal Contract Tower,0,0,3,0,3,0,0,0,0,0,0,0,3,0,3,0,0,0,3
04/24/2013,BVY,MA,ANE,EN,Federal Contract Tower,0,4,3,0,7,0,0,56,1,57,0,4,59,1,64,88,0,88,152
04/25/2013,BVY,MA,ANE,EN,Federal Contract Tower,0,4,7,0,11,0,0,62,0,62,0,4,69,0,73,104,0,104,177
04/26/2013,BVY,MA,ANE,EN,Federal Contract Tower,0,5,11,1,17,0,0,83,2,85,0,5,94,3,102,76,0,76,178
04/27/2013,BVY,MA,ANE,EN,Federal Contract Tower,0,2,9,0,11,0,0,116,0,116,0,2,125,0,127,164,0,164,291
04/28/2013,BVY,MA,ANE,EN,Federal Contract Tower,0,0,4,0,4,0,0,113,0,113,0,0,117,0,117,130,0,130,247
04/29/2013,BVY,MA,ANE,EN,Federal Contract Tower,0,0,8,0,8,0,0,40,3,43,0,0,48,3,51,60,0,60,111
04/30/2013,BVY,MA,ANE,EN,Federal Contract Tower,0,1,9,0,10,0,0,61,2,63,0,1,70,2,73,82,0,82,155
05/01/2013,BVY,MA,ANE,EN,Federal Contract Tower,0,3,7,0,10,0,1,95,0,96,0,4,102,0,106,108,0,108,214
05/02/2013,BVY,MA,ANE,EN,Federal Contract Tower,0,4,13,1,18,0,2,69,1,72,0,6,82,2,90,62,0,62,152
05/03/2013,BVY,MA,ANE,EN,Federal Contract Tower,0,0,16,0,16,0,0,36,0,36,0,0,52,0,52,50,0,50,102
05/04/2013,BVY,MA,ANE,EN,Federal Contract Tower,0,1,17,0,18,0,1,87,2,90,0,2,104,2,108,146,0,146,254
05/05/2013,BVY,MA,ANE,EN,Federal Contract Tower,0,3,16,0,19,0,2,133,0,135,0,5,149,0,154,202,0,202,356
05/06/2013,BVY,MA,ANE,EN,Federal Contract Tower,0,4,7,0,11,0,0,36,0,36,0,4,43,0,47,82,0,82,129
05/07/2013,BVY,MA,ANE,EN,Federal Contract Tower,0,1,19,0,20,0,0,97,0,97,0,1,116,0,117,142,0,142,259
05/08/2013,BVY,MA,ANE,EN,Federal Contract Tower,0,1,13,0,14,0,0,15,0,15,0,1,28,0,29,28,0,28,57
05/09/2013,BVY,MA,ANE,EN,Federal Contract Tower,0,3,9,0,12,0,0,0,0,0,0,3,9,0,12,0,0,0,12
05/10/2013,BVY,MA,ANE,EN,Federal Contract Tower,0,2,9,0,11,0,0,51,0,51,0,2,60,0,62,68,0,68,130
05/11/2013,BVY,MA,ANE,EN,Federal Contract Tower,0,4,11,0,15,0,0,35,0,35,0,4,46,0,50,54,0,54,104
05/12/2013,BVY,MA,ANE,EN,Federal Contract Tower,0,4,10,0,14,0,0,22,0,22,0,4,32,0,36,16,0,16,52
05/13/2013,BVY,MA,ANE,EN,Federal Contract Tower,0,3,10,0,13,0,2,43,0,45,0,5,53,0,58,14,0,14,72
05/14/2013,BVY,MA,ANE,EN,Federal Contract Tower,0,3,6,0,9,0,0,49,0,49,0,3,55,0,58,108,0,108,166
05/15/2013,BVY,MA,ANE,EN,Federal Contract Tower,0,4,10,0,14,0,0,79,4,83,0,4,89,4,97,68,0,68,165
05/16/2013,BVY,MA,ANE,EN,Federal Contract Tower,0,1,7,0,8,0,0,42,0,42,0,1,49,0,50,66,0,66,116
05/17/2013,BVY,MA,ANE,EN,Federal Contract Tower,0,7,11,0,18,0,0,83,1,84,0,7,94,1,102,58,0,58,160
05/18/2013,BVY,MA,ANE,EN,Federal Contract Tower,0,1,14,0,15,0,0,124,4,128,0,1,138,4,143,172,0,172,315
05/19/2013,BVY,MA,ANE,EN,Federal Contract Tower,0,0,19,0,19,0,0,79,0,79,0,0,98,0,98,212,0,212,310
05/20/2013,BVY,MA,ANE,EN,Federal Contract Tower,0,5,15,0,20,0,0,46,0,46,0,5,61,0,66,76,0,76,142
05/21/2013,BVY,MA,ANE,EN,Federal Contract Tower,0,0,4,0,4,0,0,1,0,1,0,0,5,0,5,2,0,2,7
05/22/2013,BVY,MA,ANE,EN,Federal Contract Tower,0,0,10,0,10,0,0,0,0,0,0,0,10,0,10,0,0,0,10
05/23/2013,BVY,MA,ANE,EN,Federal Contract Tower,0,4,8,0,12,0,0,2,0,2,0,4,10,0,14,0,0,0,14
05/24/2013,BVY,MA,ANE,EN,Federal Contract Tower,0,2,8,0,10,0,0,4,0,4,0,2,12,0,14,0,0,0,14
05/25/2013,BVY,MA,ANE,EN,Federal Contract Tower,0,1,25,0,26,0,0,2,0,2,0,1,27,0,28,0,0,0,28
05/26/2013,BVY,MA,ANE,EN,Federal Contract Tower,0,3,7,0,10,0,0,32,0,32,0,3,39,0,42,20,0,20,62
05/27/2013,BVY,MA,ANE,EN,Federal Contract Tower,0,2,7,0,9,0,0,132,0,132,0,2,139,0,141,158,0,158,299
05/28/2013,BVY,MA,ANE,EN,Federal Contract Tower,0,0,21,0,21,0,1,131,1,133,0,1,152,1,154,164,0,164,318
05/29/2013,BVY,MA,ANE,EN,Federal Contract Tower,0,0,4,0,4,0,0,2,0,2,0,0,6,0,6,0,0,0,6
05/30/2013,BVY,MA,ANE,EN,Federal Contract Tower,0,4,15,1,20,0,0,59,5,64,0,4,74,6,84,86,8,94,178
05/31/2013,BVY,MA,ANE,EN,Federal Contract Tower,0,4,4,0,8,0,1,47,0,48,0,5,51,0,56,12,0,12,68
06/01/2013,BVY,MA,ANE,EN,Federal Contract Tower,0,0,13,0,13,0,0,80,0,80,0,0,93,0,93,166,0,166,259
06/02/2013,BVY,MA,ANE,EN,Federal Contract Tower,0,0,13,0,13,0,2,65,0,67,0,2,78,0,80,84,0,84,164
06/03/2013,BVY,MA,ANE,EN,Federal Contract Tower,0,1,11,0,12,0,1,16,0,17,0,2,27,0,29,68,0,68,97
06/04/2013,BVY,MA,ANE,EN,Federal Contract Tower,0,3,13,0,16,0,1,122,0,123,0,4,135,0,139,194,0,194,333
06/05/2013,BVY,MA,ANE,EN,Federal Contract Tower,0,1,15,0,16,0,1,88,0,89,0,2,103,0,105,112,0,112,217
06/06/2013,BVY,MA,ANE,EN,Federal Contract Tower,0,7,18,0,25,0,0,58,2,60,0,7,76,2,85,74,4,78,163
06/07/2013,BVY,MA,ANE,EN,Federal Contract Tower,0,3,11,0,14,0,0,0,0,0,0,3,11,0,14,0,0,0,14
06/08/2013,BVY,MA,ANE,EN,Federal Contract Tower,0,0,15,0,15,0,1,25,0,26,0,1,40,0,41,38,0,38,79
06/09/2013,BVY,MA,ANE,EN,Federal Contract Tower,0,4,5,0,9,0,0,142,0,142,0,4,147,0,151,260,0,260,411
06/10/2013,BVY,MA,ANE,EN,Federal Contract Tower,0,6,5,0,11,0,0,59,3,62,0,6,64,3,73,62,0,62,135
06/11/2013,BVY,MA,ANE,EN,Federal Contract Tower,0,4,10,0,14,0,0,2,0,2,0,4,12,0,16,0,0,0,16
06/12/2013,BVY,MA,ANE,EN,Federal Contract Tower,0,3,9,0,12,0,0,21,0,21,0,3,30,0,33,22,0,22,55
06/13/2013,BVY,MA,ANE,EN,Federal Contract Tower,0,4,8,1,13,0,1,29,1,31,0,5,37,2,44,68,4,72,116
06/14/2013,BVY,MA,ANE,EN,Federal Contract Tower,0,2,28,0,30,0,0,46,0,46,0,2,74,0,76,64,0,64,140
06/15/2013,BVY,MA,ANE,EN,Federal Contract Tower,0,8,12,0,20,0,1,116,0,117,0,9,128,0,137,196,0,196,333
06/16/2013,BVY,MA,ANE,EN,Federal Contract Tower,0,6,9,0,15,0,0,90,2,92,0,6,99,2,107,138,0,138,245
06/17/2013,BVY,MA,ANE,EN,Federal Contract Tower,0,3,4,0,7,0,0,55,1,56,0,3,59,1,63,40,0,40,103
06/18/2013,BVY,MA,ANE,EN,Federal Contract Tower,0,8,9,0,17,0,0,26,3,29,0,8,35,3,46,66,6,72,118
06/19/2013,BVY,MA,ANE,EN,Federal Contract Tower,0,7,13,0,20,0,1,84,1,86,0,8,97,1,106,122,0,122,228
06/20/2013,BVY,MA,ANE,EN,Federal Contract Tower,0,6,6,0,12,0,0,96,2,98,0,6,102,2,110,88,0,88,198
06/21/2013,BVY,MA,ANE,EN,Federal Contract Tower,0,7,12,0,19,0,1,106,0,107,0,8,118,0,126,90,0,90,216
06/22/2013,BVY,MA,ANE,EN,Federal Contract Tower,0,5,16,0,21,0,0,95,0,95,0,5,111,0,116,98,0,98,214
06/23/2013,BVY,MA,ANE,EN,Federal Contract Tower,0,3,20,0,23,0,0,75,0,75,0,3,95,0,98,138,0,138,236
06/24/2013,BVY,MA,ANE,EN,Federal Contract Tower,0,2,6,0,8,0,0,71,0,71,0,2,77,0,79,82,0,82,161
06/25/2013,BVY,MA,ANE,EN,Federal Contract Tower,0,2,7,1,10,0,0,53,2,55,0,2,60,3,65,48,0,48,113
06/26/2013,BVY,MA,ANE,EN,Federal Contract Tower,0,0,7,0,7,0,0,35,0,35,0,0,42,0,42,18,0,18,60
06/27/2013,BVY,MA,ANE,EN,Federal Contract Tower,0,6,19,0,25,0,0,0,0,0,0,6,19,0,25,0,0,0,25
06/28/2013,BVY,MA,ANE,EN,Federal Contract Tower,0,0,9,0,9,0,1,5,0,6,0,1,14,0,15,0,0,0,15
06/29/2013,BVY,MA,ANE,EN,Federal Contract Tower,0,4,16,0,20,0,0,47,0,47,0,4,63,0,67,110,0,110,177
06/30/2013,BVY,MA,ANE,EN,Federal Contract Tower,0,0,15,1,16,0,0,74,0,74,0,0,89,1,90,104,0,104,194
07/01/2013,BVY,MA,ANE,EN,Federal Contract Tower,0,7,14,3,24,0,0,2,0,2,0,7,16,3,26,2,0,2,28
07/02/2013,BVY,MA,ANE,EN,Federal Contract Tower,0,7,11,0,18,0,0,16,0,16,0,7,27,0,34,8,0,8,42
07/03/2013,BVY,MA,ANE,EN,Federal Contract Tower,0,9,9,0,18,0,1,79,2,82,0,10,88,2,100,62,0,62,162
07/04/2013,BVY,MA,ANE,EN,Federal Contract Tower,0,2,6,0,8,0,0,39,2,41,0,2,45,2,49,20,0,20,69
07/05/2013,BVY,MA,ANE,EN,Federal Contract Tower,0,2,6,1,9,0,4,100,1,105,0,6,106,2,114,110,0,110,224
07/06/2013,BVY,MA,ANE,EN,Federal Contract Tower,0,3,11,0,14,0,3,85,0,88,0,6,96,0,102,148,0,148,250
07/07/2013,BVY,MA,ANE,EN,Federal Contract Tower,0,2,9,0,11,0,0,110,3,113,0,2,119,3,124,92,0,92,216
07/08/2013,BVY,MA,ANE,EN,Federal Contract Tower,0,5,15,0,20,0,1,34,0,35,0,6,49,0,55,58,0,58,113
07/09/2013,BVY,MA,ANE,EN,Federal Contract Tower,0,4,18,0,22,0,0,7,0,7,0,4,25,0,29,4,0,4,33
07/10/2013,BVY,MA,ANE,EN,Federal Contract Tower,0,4,8,0,12,0,1,11,0,12,0,5,19,0,24,22,0,22,46
07/11/2013,BVY,MA,ANE,EN,Federal Contract Tower,0,8,11,0,19,0,2,78,0,80,0,10,89,0,99,80,0,80,179
07/12/2013,BVY,MA,ANE,EN,Federal Contract Tower,0,8,16,0,24,0,6,67,0,73,0,14,83,0,97,110,0,110,207
07/13/2013,BVY,MA,ANE,EN,Federal Contract Tower,0,5,14,2,21,0,0,48,7,55,0,5,62,9,76,80,2,82,158
07/14/2013,BVY,MA,ANE,EN,Federal Contract Tower,0,7,7,1,15,0,1,78,2,81,0,8,85,3,96,110,0,110,206
07/15/2013,BVY,MA,ANE,EN,Federal Contract Tower,0,8,5,0,13,0,2,95,2,99,0,10,100,2,112,116,0,116,228
07/16/2013,BVY,MA,ANE,EN,Federal Contract Tower,0,6,11,0,17,0,0,81,0,81,0,6,92,0,98,142,0,142,240
07/17/2013,BVY,MA,ANE,EN,Federal Contract Tower,0,6,14,0,20,0,6,79,0,85,0,12,93,0,105,96,0,96,201
07/18/2013,BVY,MA,ANE,EN,Federal Contract Tower,0,5,6,0,11,0,3,55,0,58,0,8,61,0,69,88,0,88,157
07/19/2013,BVY,MA,ANE,EN,Federal Contract Tower,0,3,15,0,18,0,3,44,0,47,0,6,59,0,65,30,0,30,95
07/20/2013,BVY,MA,ANE,EN,Federal Contract Tower,0,9,6,0,15,0,2,52,0,54,0,11,58,0,69,92,0,92,161
07/21/2013,BVY,MA,ANE,EN,Federal Contract Tower,0,11,10,0,21,0,5,101,0,106,0,16,111,0,127,76,0,76,203
07/22/2013,BVY,MA,ANE,EN,Federal Contract Tower,0,12,12,0,24,0,1,56,0,57,0,13,68,0,81,116,0,116,197
07/23/2013,BVY,MA,ANE,EN,Federal Contract Tower,0,2,7,0,9,0,0,0,0,0,0,2,7,0,9,0,0,0,9
07/24/2013,BVY,MA,ANE,EN,Federal Contract Tower,0,5,11,0,16,0,9,105,0,114,0,14,116,0,130,172,0,172,302
07/25/2013,BVY,MA,ANE,EN,Federal Contract Tower,0,8,20,2,30,0,0,23,0,23,0,8,43,2,53,24,0,24,77
07/26/2013,BVY,MA,ANE,EN,Federal Contract Tower,0,11,26,0,37,0,0,18,0,18,0,11,44,0,55,8,0,8,63
07/27/2013,BVY,MA,ANE,EN,Federal Contract Tower,0,2,14,0,16,0,0,103,0,103,0,2,117,0,119,158,0,158,277
07/28/2013,BVY,MA,ANE,EN,Federal Contract Tower,0,2,24,0,26,0,0,7,0,7,0,2,31,0,33,40,0,40,73
07/29/2013,BVY,MA,ANE,EN,Federal Contract Tower,0,8,12,0,20,0,0,42,0,42,0,8,54,0,62,50,0,50,112
07/30/2013,BVY,MA,ANE,EN,Federal Contract Tower,0,11,3,0,14,0,11,92,0,103,0,22,95,0,117,138,0,138,255
07/31/2013,BVY,MA,ANE,EN,Federal Contract Tower,0,1,7,0,8,0,2,77,0,79,0,3,84,0,87,130,0,130,217
08/01/2013,BVY,MA,ANE,EN,Federal Contract Tower,0,4,10,0,14,0,3,80,0,83,0,7,90,0,97,130,0,130,227
08/02/2013,BVY,MA,ANE,EN,Federal Contract Tower,0,5,13,0,18,0,0,30,0,30,0,5,43,0,48,46,0,46,94
08/03/2013,BVY,MA,ANE,EN,Federal Contract Tower,0,0,7,0,7,0,0,196,0,196,0,0,203,0,203,152,0,152,355
08/04/2013,BVY,MA,ANE,EN,Federal Contract Tower,0,1,10,0,11,0,2,92,0,94,0,3,102,0,105,64,0,64,169
08/05/2013,BVY,MA,ANE,EN,Federal Contract Tower,0,2,13,0,15,0,1,92,0,93,0,3,105,0,108,48,0,48,156
08/06/2013,BVY,MA,ANE,EN,Federal Contract Tower,0,3,7,1,11,0,4,97,0,101,0,7,104,1,112,110,0,110,222
08/07/2013,BVY,MA,ANE,EN,Federal Contract Tower,0,4,7,0,11,0,4,69,0,73,0,8,76,0,84,80,0,80,164
08/08/2013,BVY,MA,ANE,EN,Federal Contract Tower,0,4,21,0,25,0,1,29,3,33,0,5,50,3,58,26,0,26,84
08/09/2013,BVY,MA,ANE,EN,Federal Contract Tower,0,1,7,0,8,0,0,2,0,2,0,1,9,0,10,0,0,0,10
08/10/2013,BVY,MA,ANE,EN,Federal Contract Tower,0,3,18,0,21,0,0,84,0,84,0,3,102,0,105,86,0,86,191
08/11/2013,BVY,MA,ANE,EN,Federal Contract Tower,0,4,17,0,21,0,2,113,0,115,0,6,130,0,136,106,0,106,242
08/12/2013,BVY,MA,ANE,EN,Federal Contract Tower,0,0,10,0,10,0,0,112,1,113,0,0,122,1,123,76,0,76,199
08/13/2013,BVY,MA,ANE,EN,Federal Contract Tower,0,1,7,0,8,0,2,23,0,25,0,3,30,0,33,48,0,48,81
08/14/2013,BVY,MA,ANE,EN,Federal Contract Tower,0,1,8,0,9,0,3,82,1,86,0,4,90,1,95,72,0,72,167
08/15/2013,BVY,MA,ANE,EN,Federal Contract Tower,0,9,16,0,25,0,1,113,3,117,0,10,129,3,142,142,0,142,284
08/16/2013,BVY,MA,ANE,EN,Federal Contract Tower,0,1,6,0,7,0,1,93,2,96,0,2,99,2,103,94,0,94,197
08/17/2013,BVY,MA,ANE,EN,Federal Contract Tower,0,0,9,0,9,0,0,122,0,122,0,0,131,0,131,150,0,150,281
08/18/2013,BVY,MA,ANE,EN,Federal Contract Tower,0,4,13,0,17,0,0,85,0,85,0,4,98,0,102,148,0,148,250
08/19/2013,BVY,MA,ANE,EN,Federal Contract Tower,0,4,8,0,12,0,2,81,0,83,0,6,89,0,95,90,0,90,185
08/20/2013,BVY,MA,ANE,EN,Federal Contract Tower,0,4,14,0,18,0,2,124,0,126,0,6,138,0,144,200,0,200,344
08/21/2013,BVY,MA,ANE,EN,Federal Contract Tower,0,1,9,0,10,0,2,78,0,80,0,3,87,0,90,114,0,114,204
08/22/2013,BVY,MA,ANE,EN,Federal Contract Tower,0,9,6,2,17,0,0,47,2,49,0,9,53,4,66,72,4,76,142
08/23/2013,BVY,MA,ANE,EN,Federal Contract Tower,0,6,14,0,20,0,2,70,0,72,0,8,84,0,92,120,0,120,212
08/24/2013,BVY,MA,ANE,EN,Federal Contract Tower,0,0,10,0,10,0,3,131,0,134,0,3,141,0,144,182,0,182,326
08/25/2013,BVY,MA,ANE,EN,Federal Contract Tower,0,8,14,0,22,0,3,104,0,107,0,11,118,0,129,94,0,94,223
08/26/2013,BVY,MA,ANE,EN,Federal Contract Tower,0,12,12,0,24,0,2,54,0,56,0,14,66,0,80,34,0,34,114
08/27/2013,BVY,MA,ANE,EN,Federal Contract Tower,0,3,12,0,15,0,0,78,0,78,0,3,90,0,93,122,0,122,215
08/28/2013,BVY,MA,ANE,EN,Federal Contract Tower,0,6,16,0,22,0,0,74,0,74,0,6,90,0,96,94,0,94,190
08/29/2013,BVY,MA,ANE,EN,Federal Contract Tower,0,9,31,0,40,0,1,2,0,3,0,10,33,0,43,0,0,0,43
08/30/2013,BVY,MA,ANE,EN,Federal Contract Tower,0,6,23,0,29,0,4,76,0,80,0,10,99,0,109,116,0,116,225
08/31/2013,BVY,MA,ANE,EN,Federal Contract Tower,0,2,11,0,13,0,0,31,0,31,0,2,42,0,44,50,0,50,94
09/01/2013,BVY,MA,ANE,EN,Federal Contract Tower,0,1,14,0,15,0,0,16,0,16,0,1,30,0,31,38,0,38,69
09/02/2013,BVY,MA,ANE,EN,Federal Contract Tower,0,3,14,0,17,0,0,15,0,15,0,3,29,0,32,16,0,16,48
09/03/2013,BVY,MA,ANE,EN,Federal Contract Tower,0,6,13,2,21,0,1,40,0,41,0,7,53,2,62,84,0,84,146
09/04/2013,BVY,MA,ANE,EN,Federal Contract Tower,0,2,7,0,9,0,1,86,0,87,0,3,93,0,96,42,0,42,138
09/05/2013,BVY,MA,ANE,EN,Federal Contract Tower,0,4,7,0,11,0,1,49,0,50,0,5,56,0,61,48,0,48,109
09/06/2013,BVY,MA,ANE,EN,Federal Contract Tower,0,3,15,0,18,0,2,83,0,85,0,5,98,0,103,114,0,114,217
09/07/2013,BVY,MA,ANE,EN,Federal Contract Tower,0,3,9,1,13,0,1,110,1,112,0,4,119,2,125,134,0,134,259
09/08/2013,BVY,MA,ANE,EN,Federal Contract Tower,0,2,4,0,6,0,3,82,0,85,0,5,86,0,91,74,0,74,165
09/09/2013,BVY,MA,ANE,EN,Federal Contract Tower,0,2,7,0,9,0,2,93,0,95,0,4,100,0,104,78,0,78,182
09/10/2013,BVY,MA,ANE,EN,Federal Contract Tower,0,3,9,0,12,0,2,26,0,28,0,5,35,0,40,44,0,44,84
09/11/2013,BVY,MA,ANE,EN,Federal Contract Tower,0,2,14,0,16,0,1,73,0,74,0,3,87,0,90,114,0,114,204
09/12/2013,BVY,MA,ANE,EN,Federal Contract Tower,0,1,5,3,9,0,0,33,0,33,0,1,38,3,42,36,0,36,78
09/13/2013,BVY,MA,ANE,EN,Federal Contract Tower,0,5,23,2,30,0,0,32,0,32,0,5,55,2,62,46,0,46,108
09/14/2013,BVY,MA,ANE,EN,Federal Contract Tower,0,4,12,0,16,0,0,104,0,104,0,4,116,0,120,128,0,128,248
09/15/2013,BVY,MA,ANE,EN,Federal Contract Tower,0,4,19,0,23,0,0,144,0,144,0,4,163,0,167,190,0,190,357
09/16/2013,BVY,MA,ANE,EN,Federal Contract Tower,0,2,16,0,18,0,3,65,4,72,0,5,81,4,90,114,0,114,204
09/17/2013,BVY,MA,ANE,EN,Federal Contract Tower,0,1,12,1,14,0,2,69,0,71,0,3,81,1,85,74,0,74,159
09/18/2013,BVY,MA,ANE,EN,Federal Contract Tower,0,1,15,0,16,0,2,98,1,101,0,3,113,1,117,120,0,120,237
09/19/2013,BVY,MA,ANE,EN,Federal Contract Tower,0,2,13,0,15,0,2,69,0,71,0,4,82,0,86,86,0,86,172
09/20/2013,BVY,MA,ANE,EN,Federal Contract Tower,0,1,6,0,7,0,2,79,0,81,0,3,85,0,88,90,0,90,178
09/21/2013,BVY,MA,ANE,EN,Federal Contract Tower,0,1,18,0,19,0,0,106,0,106,0,1,124,0,125,172,0,172,297
09/22/2013,BVY,MA,ANE,EN,Federal Contract Tower,0,0,13,0,13,0,0,55,0,55,0,0,68,0,68,102,0,102,170
09/23/2013,BVY,MA,ANE,EN,Federal Contract Tower,0,5,4,0,9,0,3,54,0,57,0,8,58,0,66,92,0,92,158
09/24/2013,BVY,MA,ANE,EN,Federal Contract Tower,0,3,13,0,16,0,3,66,0,69,0,6,79,0,85,94,0,94,179
09/25/2013,BVY,MA,ANE,EN,Federal Contract Tower,0,0,13,0,13,0,1,99,1,101,0,1,112,1,114,176,0,176,290
09/26/2013,BVY,MA,ANE,EN,Federal Contract Tower,0,2,16,0,18,0,0,82,0,82,0,2,98,0,100,104,0,104,204
09/27/2013,BVY,MA,ANE,EN,Federal Contract Tower,0,2,13,0,15,0,1,104,2,107,0,3,117,2,122,168,0,168,290
09/28/2013,BVY,MA,ANE,EN,Federal Contract Tower,0,2,14,0,16,0,0,97,0,97,0,2,111,0,113,120,0,120,233
09/29/2013,BVY,MA,ANE,EN,Federal Contract Tower,0,5,15,0,20,0,0,82,0,82,0,5,97,0,102,142,0,142,244
09/30/2013,BVY,MA,ANE,EN,Federal Contract Tower,0,9,15,0,24,0,2,51,0,53,0,11,66,0,77,102,0,102,179
10/01/2013,BVY,MA,ANE,EN,Federal Contract Tower,0,4,9,0,13,0,3,69,1,73,0,7,78,1,86,126,0,126,212
10/02/2013,BVY,MA,ANE,EN,Federal Contract Tower,0,3,8,0,11,0,0,79,0,79,0,3,87,0,90,90,0,90,180
10/03/2013,BVY,MA,ANE,EN,Federal Contract Tower,0,8,12,0,20,0,5,73,0,78,0,13,85,0,98,42,0,42,140
10/04/2013,BVY,MA,ANE,EN,Federal Contract Tower,0,1,9,0,10,0,0,57,0,57,0,1,66,0,67,76,0,76,143
10/05/2013,BVY,MA,ANE,EN,Federal Contract Tower,0,2,13,0,15,0,1,68,0,69,0,3,81,0,84,170,2,172,256
10/06/2013,BVY,MA,ANE,EN,Federal Contract Tower,0,5,20,0,25,0,0,0,0,0,0,5,20,0,25,0,0,0,25
10/07/2013,BVY,MA,ANE,EN,Federal Contract Tower,0,2,6,0,8,0,0,14,0,14,0,2,20,0,22,2,0,2,24
10/08/2013,BVY,MA,ANE,EN,Federal Contract Tower,0,2,5,0,7,0,0,61,0,61,0,2,66,0,68,100,0,100,168
10/09/2013,BVY,MA,ANE,EN,Federal Contract Tower,0,4,12,0,16,0,8,65,0,73,0,12,77,0,89,44,0,44,133
10/10/2013,BVY,MA,ANE,EN,Federal Contract Tower,0,10,12,0,22,0,2,72,0,74,0,12,84,0,96,76,0,76,172
10/11/2013,BVY,MA,ANE,EN,Federal Contract Tower,0,6,10,0,16,0,3,64,0,67,0,9,74,0,83,84,0,84,167
10/12/2013,BVY,MA,ANE,EN,Federal Contract Tower,0,5,26,0,31,0,0,13,0,13,0,5,39,0,44,50,0,50,94
10/13/2013,BVY,MA,ANE,EN,Federal Contract Tower,0,2,7,0,9,0,4,118,0,122,0,6,125,0,131,130,0,130,261
10/14/2013,BVY,MA,ANE,EN,Federal Contract Tower,0,2,25,0,27,0,7,120,0,127,0,9,145,0,154,160,0,160,314
10/15/2013,BVY,MA,ANE,EN,Federal Contract Tower,0,1,15,0,16,0,1,66,0,67,0,2,81,0,83,116,0,116,199
10/16/2013,BVY,MA,ANE,EN,Federal Contract Tower,0,5,27,0,32,0,1,45,0,46,0,6,72,0,78,28,0,28,106
10/17/2013,BVY,MA,ANE,EN,Federal Contract Tower,0,5,8,0,13,0,0,47,0,47,0,5,55,0,60,56,0,56,116
10/18/2013,BVY,MA,ANE,EN,Federal Contract Tower,0,7,9,0,16,0,2,48,0,50,0,9,57,0,66,40,0,40,106
10/19/2013,BVY,MA,ANE,EN,Federal Contract Tower,0,2,12,0,14,0,0,80,0,80,0,2,92,0,94,84,0,84,178
10/20/2013,BVY,MA,ANE,EN,Federal Contract Tower,0,1,9,0,10,0,0,93,0,93,0,1,102,0,103,114,0,114,217
10/21/2013,BVY,MA,ANE,EN,Federal Contract Tower,0,1,5,0,6,0,8,80,1,89,0,9,85,1,95,90,0,90,185
10/22/2013,BVY,MA,ANE,EN,Federal Contract Tower,0,2,4,0,6,0,0,80,0,80,0,2,84,0,86,106,6,112,198
10/23/2013,BVY,MA,ANE,EN,Federal Contract Tower,0,4,15,0,19,0,0,57,0,57,0,4,72,0,76,62,0,62,138
10/24/2013,BVY,MA,ANE,EN,Federal Contract Tower,0,3,7,0,10,0,1,60,0,61,0,4,67,0,71,62,0,62,133
10/25/2013,BVY,MA,ANE,EN,Federal Contract Tower,0,2,9,0,11,0,0,73,0,73,0,2,82,0,84,196,0,196,280
10/26/2013,BVY,MA,ANE,EN,Federal Contract Tower,0,2,10,0,12,0,0,73,0,73,0,2,83,0,85,70,0,70,155
10/27/2013,BVY,MA,ANE,EN,Federal Contract Tower,0,3,7,0,10,0,2,68,0,70,0,5,75,0,80,112,0,112,192
10/28/2013,BVY,MA,ANE,EN,Federal Contract Tower,0,0,4,0,4,0,4,57,0,61,0,4,61,0,65,108,0,108,173
10/29/2013,BVY,MA,ANE,EN,Federal Contract Tower,0,5,10,2,17,0,1,88,0,89,0,6,98,2,106,102,4,106,212
10/30/2013,BVY,MA,ANE,EN,Federal Contract Tower,0,3,10,0,13,0,16,0,0,16,0,19,10,0,29,28,0,28,57
10/31/2013,BVY,MA,ANE,EN,Federal Contract Tower,0,4,14,1,19,0,0,15,2,17,0,4,29,3,36,10,0,10,46
11/01/2013,BVY,MA,ANE,EN,Federal Contract Tower,0,3,8,0,11,0,0,2,0,2,0,3,10,0,13,0,0,0,13
11/02/2013,BVY,MA,ANE,EN,Federal Contract Tower,0,0,10,0,10,0,0,135,0,135,0,0,145,0,145,70,0,70,215
11/03/2013,BVY,MA,ANE,EN,Federal Contract Tower,0,6,6,0,12,0,0,37,2,39,0,6,43,2,51,134,0,134,185
11/04/2013,BVY,MA,ANE,EN,Federal Contract Tower,0,3,12,0,15,0,2,92,1,95,0,5,104,1,110,170,0,170,280
11/05/2013,BVY,MA,ANE,EN,Federal Contract Tower,0,8,14,0,22,0,2,63,0,65,0,10,77,0,87,92,0,92,179
11/06/2013,BVY,MA,ANE,EN,Federal Contract Tower,0,3,14,0,17,0,1,68,0,69,0,4,82,0,86,44,0,44,130
11/07/2013,BVY,MA,ANE,EN,Federal Contract Tower,0,6,6,0,12,0,1,14,0,15,0,7,20,0,27,0,0,0,27
11/08/2013,BVY,MA,ANE,EN,Federal Contract Tower,0,1,14,0,15,0,0,58,0,58,0,1,72,0,73,108,0,108,181
11/09/2013,BVY,MA,ANE,EN,Federal Contract Tower,0,1,10,0,11,0,0,78,1,79,0,1,88,1,90,172,0,172,262
11/10/2013,BVY,MA,ANE,EN,Federal Contract Tower,0,11,0,0,11,0,0,74,0,74,0,11,74,0,85,216,0,216,301
11/11/2013,BVY,MA,ANE,EN,Federal Contract Tower,0,1,6,0,7,0,8,75,1,84,0,9,81,1,91,130,0,130,221
11/12/2013,BVY,MA,ANE,EN,Federal Contract Tower,0,2,5,0,7,0,2,33,0,35,0,4,38,0,42,12,0,12,54
11/13/2013,BVY,MA,ANE,EN,Federal Contract Tower,0,2,14,0,16,0,3,73,0,76,0,5,87,0,92,90,0,90,182
11/14/2013,BVY,MA,ANE,EN,Federal Contract Tower,0,5,9,0,14,0,0,43,0,43,0,5,52,0,57,116,0,116,173
11/15/2013,BVY,MA,ANE,EN,Federal Contract Tower,0,1,7,4,12,0,0,69,0,69,0,1,76,4,81,126,0,126,207
11/16/2013,BVY,MA,ANE,EN,Federal Contract Tower,0,4,14,0,18,0,0,103,0,103,0,4,117,0,121,110,0,110,231
11/17/2013,BVY,MA,ANE,EN,Federal Contract Tower,0,0,12,1,13,0,0,53,1,54,0,0,65,2,67,142,4,146,213
11/18/2013,BVY,MA,ANE,EN,Federal Contract Tower,0,4,10,0,14,0,2,24,1,27,0,6,34,1,41,20,0,20,61
11/19/2013,BVY,MA,ANE,EN,Federal Contract Tower,0,0,3,0,3,0,1,15,0,16,0,1,18,0,19,0,0,0,19
11/20/2013,BVY,MA,ANE,EN,Federal Contract Tower,0,1,11,2,14,0,4,78,0,82,0,5,89,2,96,132,0,132,228
11/21/2013,BVY,MA,ANE,EN,Federal Contract Tower,0,0,13,0,13,0,0,73,0,73,0,0,86,0,86,124,0,124,210
11/22/2013,BVY,MA,ANE,EN,Federal Contract Tower,0,0,5,0,5,0,0,3,0,3,0,0,8,0,8,20,0,20,28
11/23/2013,BVY,MA,ANE,EN,Federal Contract Tower,0,1,5,0,6,0,1,67,0,68,0,2,72,0,74,76,0,76,150
11/24/2013,BVY,MA,ANE,EN,Federal Contract Tower,0,0,8,0,8,0,0,5,0,5,0,0,13,0,13,18,0,18,31
11/25/2013,BVY,MA,ANE,EN,Federal Contract Tower,0,4,16,0,20,0,1,55,0,56,0,5,71,0,76,94,0,94,170
11/26/2013,BVY,MA,ANE,EN,Federal Contract Tower,0,4,18,0,22,0,0,32,0,32,0,4,50,0,54,48,0,48,102
11/27/2013,BVY,MA,ANE,EN,Federal Contract Tower,0,3,4,0,7,0,0,0,0,0,0,3,4,0,7,0,0,0,7
11/28/2013,BVY,MA,ANE,EN,Federal Contract Tower,0,1,1,0,2,0,0,0,0,0,0,1,1,0,2,6,0,6,8
11/29/2013,BVY,MA,ANE,EN,Federal Contract Tower,0,3,1,0,4,0,0,47,0,47,0,3,48,0,51,116,0,116,167
11/30/2013,BVY,MA,ANE,EN,Federal Contract Tower,0,8,15,0,23,0,0,86,0,86,0,8,101,0,109,154,0,154,263
12/01/2013,BVY,MA,ANE,EN,Federal Contract Tower,0,6,8,0,14,0,3,39,0,42,0,9,47,0,56,182,0,182,238
12/02/2013,BVY,MA,ANE,EN,Federal Contract Tower,0,2,3,0,5,0,0,0,0,0,0,2,3,0,5,0,0,0,5
12/03/2013,BVY,MA,ANE,EN,Federal Contract Tower,0,2,8,0,10,0,1,45,0,46,0,3,53,0,56,96,0,96,152
12/04/2013,BVY,MA,ANE,EN,Federal Contract Tower,0,0,9,0,9,0,0,71,0,71,0,0,80,0,80,104,0,104,184
12/05/2013,BVY,MA,ANE,EN,Federal Contract Tower,0,4,3,0,7,0,0,8,0,8,0,4,11,0,15,20,0,20,35
12/06/2013,BVY,MA,ANE,EN,Federal Contract Tower,0,3,6,0,9,0,0,39,0,39,0,3,45,0,48,122,0,122,170
12/07/2013,BVY,MA,ANE,EN,Federal Contract Tower,0,5,9,0,14,0,0,92,0,92,0,5,101,0,106,200,0,200,306
12/08/2013,BVY,MA,ANE,EN,Federal Contract Tower,0,0,3,1,4,0,0,62,1,63,0,0,65,2,67,142,2,144,211
12/09/2013,BVY,MA,ANE,EN,Federal Contract Tower,0,2,2,0,4,0,0,0,0,0,0,2,2,0,4,0,0,0,4
12/10/2013,BVY,MA,ANE,EN,Federal Contract Tower,0,1,7,0,8,0,0,6,0,6,0,1,13,0,14,24,0,24,38
12/11/2013,BVY,MA,ANE,EN,Federal Contract Tower,0,2,6,0,8,0,0,19,1,20,0,2,25,1,28,64,0,64,92
12/12/2013,BVY,MA,ANE,EN,Federal Contract Tower,0,6,7,0,13,0,3,30,0,33,0,9,37,0,46,54,0,54,100
12/13/2013,BVY,MA,ANE,EN,Federal Contract Tower,0,0,5,0,5,0,0,40,0,40,0,0,45,0,45,114,0,114,159
12/14/2013,BVY,MA,ANE,EN,Federal Contract Tower,0,6,9,0,15,0,0,41,0,41,0,6,50,0,56,126,0,126,182
12/15/2013,BVY,MA,ANE,EN,Federal Contract Tower,0,0,0,0,0,0,0,0,0,0,0,0,0,0,0,0,0,0,0
12/16/2013,BVY,MA,ANE,EN,Federal Contract Tower,0,1,1,0,2,0,0,15,0,15,0,1,16,0,17,8,0,8,25
12/17/2013,BVY,MA,ANE,EN,Federal Contract Tower,0,0,7,0,7,0,0,10,0,10,0,0,17,0,17,36,0,36,53
12/18/2013,BVY,MA,ANE,EN,Federal Contract Tower,0,3,6,0,9,0,0,40,0,40,0,3,46,0,49,50,0,50,99
12/19/2013,BVY,MA,ANE,EN,Federal Contract Tower,0,7,6,0,13,0,2,38,0,40,0,9,44,0,53,28,0,28,81
12/20/2013,BVY,MA,ANE,EN,Federal Contract Tower,0,5,12,0,17,0,0,75,0,75,0,5,87,0,92,146,0,146,238
12/21/2013,BVY,MA,ANE,EN,Federal Contract Tower,0,7,8,0,15,0,0,80,1,81,0,7,88,1,96,98,0,98,194
12/22/2013,BVY,MA,ANE,EN,Federal Contract Tower,0,2,0,0,2,0,0,0,0,0,0,2,0,0,2,0,0,0,2
12/23/2013,BVY,MA,ANE,EN,Federal Contract Tower,0,2,1,0,3,0,0,0,0,0,0,2,1,0,3,0,0,0,3
12/24/2013,BVY,MA,ANE,EN,Federal Contract Tower,0,3,3,0,6,0,1,68,0,69,0,4,71,0,75,80,0,80,155
12/25/2013,BVY,MA,ANE,EN,Federal Contract Tower,0,2,2,0,4,0,0,10,0,10,0,2,12,0,14,18,0,18,32
12/26/2013,BVY,MA,ANE,EN,Federal Contract Tower,0,3,7,0,10,0,1,10,0,11,0,4,17,0,21,12,0,12,33
12/27/2013,BVY,MA,ANE,EN,Federal Contract Tower,0,0,6,0,6,0,0,48,0,48,0,0,54,0,54,30,0,30,84
12/28/2013,BVY,MA,ANE,EN,Federal Contract Tower,0,0,11,0,11,0,0,86,0,86,0,0,97,0,97,176,0,176,273
12/29/2013,BVY,MA,ANE,EN,Federal Contract Tower,0,2,10,0,12,0,0,37,0,37,0,2,47,0,49,156,0,156,205
12/30/2013,BVY,MA,ANE,EN,Federal Contract Tower,0,4,3,0,7,0,4,56,0,60,0,8,59,0,67,102,0,102,169
12/31/2013,BVY,MA,ANE,EN,Federal Contract Tower,0,1,5,0,6,0,0,50,0,50,0,1,55,0,56,74,0,74,130
01/01/2014,BVY,MA,ANE,EN,Federal Contract Tower,0,4,0,0,4,0,2,31,0,33,0,6,31,0,37,58,0,58,95
01/02/2014,BVY,MA,ANE,EN,Federal Contract Tower,0,0,0,0,0,0,0,0,0,0,0,0,0,0,0,0,0,0,0
01/03/2014,BVY,MA,ANE,EN,Federal Contract Tower,0,1,0,0,1,0,0,6,0,6,0,1,6,0,7,0,0,0,7
01/04/2014,BVY,MA,ANE,EN,Federal Contract Tower,0,1,3,0,4,0,0,47,0,47,0,1,50,0,51,88,0,88,139
01/05/2014,BVY,MA,ANE,EN,Federal Contract Tower,0,5,10,0,15,0,0,52,0,52,0,5,62,0,67,102,0,102,169
01/06/2014,BVY,MA,ANE,EN,Federal Contract Tower,0,1,2,0,3,0,0,2,0,2,0,1,4,0,5,0,0,0,5
01/07/2014,BVY,MA,ANE,EN,Federal Contract Tower,0,2,9,0,11,0,0,18,2,20,0,2,27,2,31,0,0,0,31
01/08/2014,BVY,MA,ANE,EN,Federal Contract Tower,0,2,11,0,13,0,1,31,1,33,0,3,42,1,46,46,0,46,92
01/09/2014,BVY,MA,ANE,EN,Federal Contract Tower,0,2,3,0,5,0,3,43,0,46,0,5,46,0,51,44,0,44,95
01/10/2014,BVY,MA,ANE,EN,Federal Contract Tower,0,0,11,0,11,0,0,7,0,7,0,0,18,0,18,10,0,10,28
01/11/2014,BVY,MA,ANE,EN,Federal Contract Tower,0,0,0,0,0,0,0,0,0,0,0,0,0,0,0,0,0,0,0
01/12/2014,BVY,MA,ANE,EN,Federal Contract Tower,0,4,5,0,9,0,0,53,1,54,0,4,58,1,63,52,0,52,115
01/13/2014,BVY,MA,ANE,EN,Federal Contract Tower,0,2,11,0,13,0,2,74,0,76,0,4,85,0,89,78,0,78,167
01/14/2014,BVY,MA,ANE,EN,Federal Contract Tower,0,4,3,0,7,0,0,12,0,12,0,4,15,0,19,18,0,18,37
01/15/2014,BVY,MA,ANE,EN,Federal Contract Tower,0,2,14,0,16,0,0,58,3,61,0,2,72,3,77,36,0,36,113
01/16/2014,BVY,MA,ANE,EN,Federal Contract Tower,0,2,1,0,3,0,0,0,0,0,0,2,1,0,3,0,0,0,3
01/17/2014,BVY,MA,ANE,EN,Federal Contract Tower,0,5,14,0,19,0,0,57,0,57,0,5,71,0,76,64,0,64,140
01/18/2014,BVY,MA,ANE,EN,Federal Contract Tower,0,2,1,0,3,0,0,5,0,5,0,2,6,0,8,24,0,24,32
01/19/2014,BVY,MA,ANE,EN,Federal Contract Tower,0,1,4,0,5,0,0,2,0,2,0,1,6,0,7,6,0,6,13
01/20/2014,BVY,MA,ANE,EN,Federal Contract Tower,0,6,6,0,12,0,0,61,0,61,0,6,67,0,73,84,0,84,157
01/21/2014,BVY,MA,ANE,EN,Federal Contract Tower,0,0,5,0,5,0,0,20,0,20,0,0,25,0,25,54,0,54,79
01/22/2014,BVY,MA,ANE,EN,Federal Contract Tower,0,1,3,0,4,0,2,16,0,18,0,3,19,0,22,4,0,4,26
01/23/2014,BVY,MA,ANE,EN,Federal Contract Tower,0,6,2,0,8,0,0,26,0,26,0,6,28,0,34,34,0,34,68
01/24/2014,BVY,MA,ANE,EN,Federal Contract Tower,0,5,6,0,11,0,0,29,0,29,0,5,35,0,40,44,0,44,84
01/25/2014,BVY,MA,ANE,EN,Federal Contract Tower,0,5,5,1,11,0,0,20,2,22,0,5,25,3,33,42,4,46,79
01/26/2014,BVY,MA,ANE,EN,Federal Contract Tower,0,0,5,0,5,0,0,33,0,33,0,0,38,0,38,6,0,6,44
01/27/2014,BVY,MA,ANE,EN,Federal Contract Tower,0,1,3,0,4,0,1,32,0,33,0,2,35,0,37,44,0,44,81
01/28/2014,BVY,MA,ANE,EN,Federal Contract Tower,0,1,8,0,9,0,4,44,2,50,0,5,52,2,59,86,0,86,145
01/29/2014,BVY,MA,ANE,EN,Federal Contract Tower,0,4,4,0,8,0,0,44,0,44,0,4,48,0,52,46,0,46,98
01/30/2014,BVY,MA,ANE,EN,Federal Contract Tower,0,0,8,0,8,0,1,59,2,62,0,1,67,2,70,44,0,44,114
01/31/2014,BVY,MA,ANE,EN,Federal Contract Tower,0,6,11,0,17,0,0,55,2,57,0,6,66,2,74,124,0,124,198
02/01/2014,BVY,MA,ANE,EN,Federal Contract Tower,0,1,10,0,11,0,0,80,0,80,0,1,90,0,91,118,0,118,209
02/02/2014,BVY,MA,ANE,EN,Federal Contract Tower,0,1,5,0,6,0,0,80,0,80,0,1,85,0,86,160,0,160,246
02/03/2014,BVY,MA,ANE,EN,Federal Contract Tower,0,1,2,0,3,0,0,3,0,3,0,1,5,0,6,0,0,0,6
02/04/2014,BVY,MA,ANE,EN,Federal Contract Tower,0,4,9,0,13,0,2,64,1,67,0,6,73,1,80,62,0,62,142
02/05/2014,BVY,MA,ANE,EN,Federal Contract Tower,0,0,0,0,0,0,0,0,0,0,0,0,0,0,0,0,0,0,0
02/06/2014,BVY,MA,ANE,EN,Federal Contract Tower,0,1,6,1,8,0,0,26,1,27,0,1,32,2,35,24,0,24,59
02/07/2014,BVY,MA,ANE,EN,Federal Contract Tower,0,1,7,0,8,0,0,47,0,47,0,1,54,0,55,26,0,26,81
02/08/2014,BVY,MA,ANE,EN,Federal Contract Tower,0,1,13,0,14,0,0,61,0,61,0,1,74,0,75,118,0,118,193
02/09/2014,BVY,MA,ANE,EN,Federal Contract Tower,0,3,6,0,9,0,0,19,0,19,0,3,25,0,28,54,0,54,82
02/10/2014,BVY,MA,ANE,EN,Federal Contract Tower,0,3,4,0,7,0,0,34,0,34,0,3,38,0,41,40,0,40,81
02/11/2014,BVY,MA,ANE,EN,Federal Contract Tower,0,2,6,0,8,0,0,43,0,43,0,2,49,0,51,64,0,64,115
02/12/2014,BVY,MA,ANE,EN,Federal Contract Tower,0,0,7,0,7,0,5,41,2,48,0,5,48,2,55,22,0,22,77
02/13/2014,BVY,MA,ANE,EN,Federal Contract Tower,0,0,1,0,1,0,0,0,0,0,0,0,1,0,1,0,0,0,1
02/14/2014,BVY,MA,ANE,EN,Federal Contract Tower,0,3,4,0,7,0,0,6,0,6,0,3,10,0,13,0,0,0,13
02/15/2014,BVY,MA,ANE,EN,Federal Contract Tower,0,5,10,0,15,0,0,32,0,32,0,5,42,0,47,88,0,88,135
02/16/2014,BVY,MA,ANE,EN,Federal Contract Tower,0,3,3,0,6,0,0,19,0,19,0,3,22,0,25,30,0,30,55
02/17/2014,BVY,MA,ANE,EN,Federal Contract Tower,0,1,7,0,8,0,0,60,0,60,0,1,67,0,68,88,0,88,156
02/18/2014,BVY,MA,ANE,EN,Federal Contract Tower,0,2,5,0,7,0,2,1,0,3,0,4,6,0,10,0,0,0,10
02/19/2014,BVY,MA,ANE,EN,Federal Contract Tower,0,2,0,0,2,0,0,15,0,15,0,2,15,0,17,16,0,16,33
02/20/2014,BVY,MA,ANE,EN,Federal Contract Tower,0,5,5,0,10,0,3,64,1,68,0,8,69,1,78,72,0,72,150
02/21/2014,BVY,MA,ANE,EN,Federal Contract Tower,0,0,1,0,1,0,0,0,0,0,0,0,1,0,1,0,0,0,1
02/22/2014,BVY,MA,ANE,EN,Federal Contract Tower,0,1,10,0,11,0,2,66,0,68,0,3,76,0,79,88,0,88,167
02/23/2014,BVY,MA,ANE,EN,Federal Contract Tower,0,2,11,0,13,0,1,71,0,72,0,3,82,0,85,116,0,116,201
02/24/2014,BVY,MA,ANE,EN,Federal Contract Tower,0,1,5,0,6,0,2,32,4,38,0,3,37,4,44,52,0,52,96
02/25/2014,BVY,MA,ANE,EN,Federal Contract Tower,0,0,3,0,3,0,0,32,3,35,0,0,35,3,38,46,0,46,84
02/26/2014,BVY,MA,ANE,EN,Federal Contract Tower,0,3,8,0,11,0,0,23,0,23,0,3,31,0,34,32,0,32,66
02/27/2014,BVY,MA,ANE,EN,Federal Contract Tower,0,8,8,0,16,0,0,42,0,42,0,8,50,0,58,10,0,10,68
02/28/2014,BVY,MA,ANE,EN,Federal Contract Tower,0,3,12,1,16,0,4,34,1,39,0,7,46,2,55,16,0,16,71
03/01/2014,BVY,MA,ANE,EN,Federal Contract Tower,0,2,12,1,15,0,2,62,0,64,0,4,74,1,79,90,0,90,169
03/02/2014,BVY,MA,ANE,EN,Federal Contract Tower,0,2,7,0,9,0,0,35,0,35,0,2,42,0,44,66,0,66,110
03/03/2014,BVY,MA,ANE,EN,Federal Contract Tower,0,3,3,0,6,0,0,22,4,26,0,3,25,4,32,14,0,14,46
03/04/2014,BVY,MA,ANE,EN,Federal Contract Tower,0,2,6,0,8,0,2,31,0,33,0,4,37,0,41,68,0,68,109
03/05/2014,BVY,MA,ANE,EN,Federal Contract Tower,0,0,1,0,1,0,0,3,0,3,0,0,4,0,4,0,0,0,4
03/06/2014,BVY,MA,ANE,EN,Federal Contract Tower,0,0,4,2,6,0,0,34,3,37,0,0,38,5,43,72,0,72,115
03/07/2014,BVY,MA,ANE,EN,Federal Contract Tower,0,7,14,0,21,0,0,52,0,52,0,7,66,0,73,68,0,68,141
03/08/2014,BVY,MA,ANE,EN,Federal Contract Tower,0,2,11,0,13,0,1,96,0,97,0,3,107,0,110,136,0,136,246
03/09/2014,BVY,MA,ANE,EN,Federal Contract Tower,0,3,10,0,13,0,0,94,2,96,0,3,104,2,109,118,0,118,227
03/10/2014,BVY,MA,ANE,EN,Federal Contract Tower,0,5,11,0,16,0,1,47,0,48,0,6,58,0,64,134,0,134,198
03/11/2014,BVY,MA,ANE,EN,Federal Contract Tower,0,1,6,0,7,0,0,83,2,85,0,1,89,2,92,74,0,74,166
03/12/2014,BVY,MA,ANE,EN,Federal Contract Tower,0,4,4,0,8,0,0,10,0,10,0,4,14,0,18,10,0,10,28
03/13/2014,BVY,MA,ANE,EN,Federal Contract Tower,0,0,1,0,1,0,0,4,0,4,0,0,5,0,5,0,0,0,5
03/14/2014,BVY,MA,ANE,EN,Federal Contract Tower,0,0,5,1,6,0,0,35,1,36,0,0,40,2,42,18,0,18,60
03/15/2014,BVY,MA,ANE,EN,Federal Contract Tower,0,2,6,0,8,0,0,45,0,45,0,2,51,0,53,82,0,82,135
03/16/2014,BVY,MA,ANE,EN,Federal Contract Tower,0,3,7,0,10,0,0,30,0,30,0,3,37,0,40,36,0,36,76
03/17/2014,BVY,MA,ANE,EN,Federal Contract Tower,0,2,5,0,7,0,0,41,0,41,0,2,46,0,48,42,0,42,90
03/18/2014,BVY,MA,ANE,EN,Federal Contract Tower,0,3,8,0,11,0,0,66,1,67,0,3,74,1,78,86,0,86,164
03/19/2014,BVY,MA,ANE,EN,Federal Contract Tower,0,0,6,0,6,0,0,82,0,82,0,0,88,0,88,90,0,90,178
03/20/2014,BVY,MA,ANE,EN,Federal Contract Tower,0,2,4,0,6,0,0,25,0,25,0,2,29,0,31,40,0,40,71
03/21/2014,BVY,MA,ANE,EN,Federal Contract Tower,0,7,6,0,13,0,0,31,0,31,0,7,37,0,44,28,0,28,72
03/22/2014,BVY,MA,ANE,EN,Federal Contract Tower,0,1,7,0,8,0,0,28,0,28,0,1,35,0,36,36,0,36,72
03/23/2014,BVY,MA,ANE,EN,Federal Contract Tower,0,2,13,0,15,0,0,78,0,78,0,2,91,0,93,110,0,110,203
03/24/2014,BVY,MA,ANE,EN,Federal Contract Tower,0,3,8,2,13,0,1,36,3,40,0,4,44,5,53,16,0,16,69
03/25/2014,BVY,MA,ANE,EN,Federal Contract Tower,0,1,2,0,3,0,0,35,2,37,0,1,37,2,40,34,0,34,74
03/26/2014,BVY,MA,ANE,EN,Federal Contract Tower,0,2,2,0,4,0,0,2,0,2,0,2,4,0,6,0,0,0,6
03/27/2014,BVY,MA,ANE,EN,Federal Contract Tower,0,1,11,0,12,0,0,42,0,42,0,1,53,0,54,46,0,46,100
03/28/2014,BVY,MA,ANE,EN,Federal Contract Tower,0,3,2,1,6,0,0,31,2,33,0,3,33,3,39,12,0,12,51
03/29/2014,BVY,MA,ANE,EN,Federal Contract Tower,0,8,5,1,14,0,0,50,1,51,0,8,55,2,65,76,0,76,141
03/30/2014,BVY,MA,ANE,EN,Federal Contract Tower,0,3,1,0,4,0,0,0,0,0,0,3,1,0,4,0,0,0,4
03/31/2014,BVY,MA,ANE,EN,Federal Contract Tower,0,4,2,0,6,0,0,3,0,3,0,4,5,0,9,2,0,2,11
04/01/2014,BVY,MA,ANE,EN,Federal Contract Tower,0,6,10,0,16,0,0,60,1,61,0,6,70,1,77,54,0,54,131
04/02/2014,BVY,MA,ANE,EN,Federal Contract Tower,0,5,9,0,14,0,4,74,0,78,0,9,83,0,92,40,0,40,132
04/03/2014,BVY,MA,ANE,EN,Federal Contract Tower,0,3,10,0,13,0,2,56,0,58,0,5,66,0,71,44,0,44,115
04/04/2014,BVY,MA,ANE,EN,Federal Contract Tower,0,8,9,1,18,0,1,52,1,54,0,9,61,2,72,56,0,56,128
04/05/2014,BVY,MA,ANE,EN,Federal Contract Tower,0,2,21,0,23,0,0,14,1,15,0,2,35,1,38,0,0,0,38
04/06/2014,BVY,MA,ANE,EN,Federal Contract Tower,0,2,9,0,11,0,0,102,0,102,0,2,111,0,113,82,0,82,195
04/07/2014,BVY,MA,ANE,EN,Federal Contract Tower,0,1,7,0,8,0,1,58,1,60,0,2,65,1,68,116,0,116,184
04/08/2014,BVY,MA,ANE,EN,Federal Contract Tower,0,2,6,0,8,0,0,5,0,5,0,2,11,0,13,10,0,10,23
04/09/2014,BVY,MA,ANE,EN,Federal Contract Tower,0,1,3,0,4,0,0,49,2,51,0,1,52,2,55,90,0,90,145
04/10/2014,BVY,MA,ANE,EN,Federal Contract Tower,0,4,10,1,15,0,0,57,3,60,0,4,67,4,75,16,0,16,91
04/11/2014,BVY,MA,ANE,EN,Federal Contract Tower,0,2,12,0,14,0,0,65,5,70,0,2,77,5,84,110,0,110,194
04/12/2014,BVY,MA,ANE,EN,Federal Contract Tower,0,2,9,0,11,0,0,86,0,86,0,2,95,0,97,134,0,134,231
04/13/2014,BVY,MA,ANE,EN,Federal Contract Tower,0,3,9,0,12,0,0,39,0,39,0,3,48,0,51,60,0,60,111
04/14/2014,BVY,MA,ANE,EN,Federal Contract Tower,0,6,2,0,8,0,1,22,0,23,0,7,24,0,31,4,0,4,35
04/15/2014,BVY,MA,ANE,EN,Federal Contract Tower,0,0,5,0,5,0,0,0,0,0,0,0,5,0,5,0,0,0,5
04/16/2014,BVY,MA,ANE,EN,Federal Contract Tower,0,0,1,0,1,0,1,17,0,18,0,1,18,0,19,8,0,8,27
04/17/2014,BVY,MA,ANE,EN,Federal Contract Tower,0,0,10,0,10,0,3,45,3,51,0,3,55,3,61,60,0,60,121
04/18/2014,BVY,MA,ANE,EN,Federal Contract Tower,0,5,15,0,20,0,1,34,0,35,0,6,49,0,55,44,0,44,99
04/19/2014,BVY,MA,ANE,EN,Federal Contract Tower,0,3,8,0,11,0,0,65,0,65,0,3,73,0,76,116,0,116,192
04/20/2014,BVY,MA,ANE,EN,Federal Contract Tower,0,2,10,0,12,0,0,87,0,87,0,2,97,0,99,124,0,124,223
04/21/2014,BVY,MA,ANE,EN,Federal Contract Tower,0,3,9,0,12,0,3,60,0,63,0,6,69,0,75,52,0,52,127
04/22/2014,BVY,MA,ANE,EN,Federal Contract Tower,0,1,9,0,10,0,0,47,4,51,0,1,56,4,61,68,4,72,133
04/23/2014,BVY,MA,ANE,EN,Federal Contract Tower,0,2,3,0,5,0,0,21,0,21,0,2,24,0,26,66,0,66,92
04/24/2014,BVY,MA,ANE,EN,Federal Contract Tower,0,0,3,0,3,0,0,6,0,6,0,0,9,0,9,0,0,0,9
04/25/2014,BVY,MA,ANE,EN,Federal Contract Tower,0,10,10,0,20,0,2,89,1,92,0,12,99,1,112,94,0,94,206
04/26/2014,BVY,MA,ANE,EN,Federal Contract Tower,0,2,14,0,16,0,0,14,0,14,0,2,28,0,30,48,0,48,78
04/27/2014,BVY,MA,ANE,EN,Federal Contract Tower,0,5,6,1,12,0,0,11,1,12,0,5,17,2,24,0,0,0,24
04/28/2014,BVY,MA,ANE,EN,Federal Contract Tower,0,1,8,0,9,0,1,51,3,55,0,2,59,3,64,28,0,28,92
04/29/2014,BVY,MA,ANE,EN,Federal Contract Tower,0,4,9,0,13,0,0,13,0,13,0,4,22,0,26,6,0,6,32
04/30/2014,BVY,MA,ANE,EN,Federal Contract Tower,0,1,13,2,16,0,0,9,0,9,0,1,22,2,25,2,0,2,27
05/01/2014,BVY,MA,ANE,EN,Federal Contract Tower,0,3,10,0,13,0,0,7,0,7,0,3,17,0,20,14,0,14,34
05/02/2014,BVY,MA,ANE,EN,Federal Contract Tower,0,4,16,1,21,0,0,72,0,72,0,4,88,1,93,52,0,52,145
05/03/2014,BVY,MA,ANE,EN,Federal Contract Tower,0,4,8,0,12,0,0,84,0,84,0,4,92,0,96,104,0,104,200
05/04/2014,BVY,MA,ANE,EN,Federal Contract Tower,0,0,9,0,9,0,0,60,0,60,0,0,69,0,69,50,0,50,119
05/05/2014,BVY,MA,ANE,EN,Federal Contract Tower,0,5,7,0,12,0,1,31,5,37,0,6,38,5,49,0,0,0,49
05/06/2014,BVY,MA,ANE,EN,Federal Contract Tower,0,5,12,0,17,0,0,36,2,38,0,5,48,2,55,6,0,6,61
05/07/2014,BVY,MA,ANE,EN,Federal Contract Tower,0,5,13,0,18,0,0,76,0,76,0,5,89,0,94,84,0,84,178
05/08/2014,BVY,MA,ANE,EN,Federal Contract Tower,0,5,11,0,16,0,3,63,0,66,0,8,74,0,82,102,0,102,184
05/09/2014,BVY,MA,ANE,EN,Federal Contract Tower,0,6,24,0,30,0,0,5,0,5,0,6,29,0,35,24,0,24,59
05/10/2014,BVY,MA,ANE,EN,Federal Contract Tower,0,3,13,0,16,0,1,14,0,15,0,4,27,0,31,14,0,14,45
05/11/2014,BVY,MA,ANE,EN,Federal Contract Tower,0,0,8,0,8,0,0,59,0,59,0,0,67,0,67,30,0,30,97
05/12/2014,BVY,MA,ANE,EN,Federal Contract Tower,0,1,5,0,6,0,5,75,2,82,0,6,80,2,88,92,0,92,180
05/13/2014,BVY,MA,ANE,EN,Federal Contract Tower,0,3,7,1,11,0,1,33,2,36,0,4,40,3,47,78,0,78,125
05/14/2014,BVY,MA,ANE,EN,Federal Contract Tower,0,2,23,0,25,0,0,48,0,48,0,2,71,0,73,56,0,56,129
05/15/2014,BVY,MA,ANE,EN,Federal Contract Tower,0,3,14,0,17,0,0,39,0,39,0,3,53,0,56,54,0,54,110
05/16/2014,BVY,MA,ANE,EN,Federal Contract Tower,0,9,9,1,19,0,0,24,0,24,0,9,33,1,43,56,0,56,99
05/17/2014,BVY,MA,ANE,EN,Federal Contract Tower,0,0,11,0,11,0,0,32,1,33,0,0,43,1,44,56,0,56,100
05/18/2014,BVY,MA,ANE,EN,Federal Contract Tower,0,2,5,0,7,0,0,85,2,87,0,2,90,2,94,88,0,88,182
05/19/2014,BVY,MA,ANE,EN,Federal Contract Tower,0,5,4,0,9,0,3,56,0,59,0,8,60,0,68,112,0,112,180
05/20/2014,BVY,MA,ANE,EN,Federal Contract Tower,0,2,7,0,9,0,0,60,3,63,0,2,67,3,72,78,6,84,156
05/21/2014,BVY,MA,ANE,EN,Federal Contract Tower,0,4,10,0,14,0,0,69,0,69,0,4,79,0,83,112,0,112,195
05/22/2014,BVY,MA,ANE,EN,Federal Contract Tower,0,6,17,2,25,0,0,4,0,4,0,6,21,2,29,24,0,24,53
05/23/2014,BVY,MA,ANE,EN,Federal Contract Tower,0,6,9,0,15,0,0,16,0,16,0,6,25,0,31,74,0,74,105
05/24/2014,BVY,MA,ANE,EN,Federal Contract Tower,0,2,7,0,9,0,0,48,0,48,0,2,55,0,57,106,0,106,163
05/25/2014,BVY,MA,ANE,EN,Federal Contract Tower,0,5,4,0,9,0,0,46,0,46,0,5,50,0,55,94,0,94,149
05/26/2014,BVY,MA,ANE,EN,Federal Contract Tower,0,0,12,0,12,0,0,65,0,65,0,0,77,0,77,78,0,78,155
05/27/2014,BVY,MA,ANE,EN,Federal Contract Tower,0,5,12,0,17,0,2,6,0,8,0,7,18,0,25,20,0,20,45
05/28/2014,BVY,MA,ANE,EN,Federal Contract Tower,0,3,11,0,14,0,0,0,0,0,0,3,11,0,14,0,0,0,14
05/29/2014,BVY,MA,ANE,EN,Federal Contract Tower,0,8,7,0,15,0,2,46,2,50,0,10,53,2,65,28,0,28,93
05/30/2014,BVY,MA,ANE,EN,Federal Contract Tower,0,2,6,0,8,0,0,60,3,63,0,2,66,3,71,98,0,98,169
05/31/2014,BVY,MA,ANE,EN,Federal Contract Tower,0,4,11,0,15,0,0,55,0,55,0,4,66,0,70,88,0,88,158
06/01/2014,BVY,MA,ANE,EN,Federal Contract Tower,0,4,1,0,5,0,0,102,0,102,0,4,103,0,107,166,0,166,273
06/02/2014,BVY,MA,ANE,EN,Federal Contract Tower,0,2,7,0,9,0,3,74,0,77,0,5,81,0,86,106,0,106,192
06/03/2014,BVY,MA,ANE,EN,Federal Contract Tower,0,3,4,2,9,0,2,81,0,83,0,5,85,2,92,52,0,52,144
06/04/2014,BVY,MA,ANE,EN,Federal Contract Tower,0,15,12,0,27,0,0,16,0,16,0,15,28,0,43,48,0,48,91
06/05/2014,BVY,MA,ANE,EN,Federal Contract Tower,0,3,5,0,8,0,0,0,0,0,0,3,5,0,8,0,0,0,8
06/06/2014,BVY,MA,ANE,EN,Federal Contract Tower,0,6,10,0,16,0,0,65,0,65,0,6,75,0,81,64,0,64,145
06/07/2014,BVY,MA,ANE,EN,Federal Contract Tower,0,3,14,0,17,0,2,92,0,94,0,5,106,0,111,120,0,120,231
06/08/2014,BVY,MA,ANE,EN,Federal Contract Tower,0,7,13,0,20,0,0,79,0,79,0,7,92,0,99,76,0,76,175
06/09/2014,BVY,MA,ANE,EN,Federal Contract Tower,0,8,5,0,13,0,1,44,1,46,0,9,49,1,59,98,2,100,159
06/10/2014,BVY,MA,ANE,EN,Federal Contract Tower,0,1,7,0,8,0,0,27,0,27,0,1,34,0,35,96,0,96,131
06/11/2014,BVY,MA,ANE,EN,Federal Contract Tower,0,2,14,0,16,0,0,39,2,41,0,2,53,2,57,56,0,56,113
06/12/2014,BVY,MA,ANE,EN,Federal Contract Tower,0,3,16,0,19,0,0,26,0,26,0,3,42,0,45,38,0,38,83
06/13/2014,BVY,MA,ANE,EN,Federal Contract Tower,0,5,0,0,5,0,0,0,0,0,0,5,0,0,5,0,0,0,5
06/14/2014,BVY,MA,ANE,EN,Federal Contract Tower,0,6,11,0,17,0,0,18,0,18,0,6,29,0,35,26,0,26,61
06/15/2014,BVY,MA,ANE,EN,Federal Contract Tower,0,4,3,0,7,0,0,49,0,49,0,4,52,0,56,50,0,50,106
06/16/2014,BVY,MA,ANE,EN,Federal Contract Tower,0,3,6,0,9,0,0,75,2,77,0,3,81,2,86,126,0,126,212
06/17/2014,BVY,MA,ANE,EN,Federal Contract Tower,0,4,3,0,7,0,0,62,0,62,0,4,65,0,69,88,2,90,159
06/18/2014,BVY,MA,ANE,EN,Federal Contract Tower,0,0,11,0,11,0,2,45,0,47,0,2,56,0,58,46,0,46,104
06/19/2014,BVY,MA,ANE,EN,Federal Contract Tower,0,4,9,0,13,0,2,60,1,63,0,6,69,1,76,136,2,138,214
06/20/2014,BVY,MA,ANE,EN,Federal Contract Tower,0,2,6,0,8,0,4,80,0,84,0,6,86,0,92,82,0,82,174
06/21/2014,BVY,MA,ANE,EN,Federal Contract Tower,0,3,3,0,6,0,0,87,0,87,0,3,90,0,93,166,0,166,259
06/22/2014,BVY,MA,ANE,EN,Federal Contract Tower,0,4,2,0,6,0,6,85,0,91,0,10,87,0,97,110,0,110,207
06/23/2014,BVY,MA,ANE,EN,Federal Contract Tower,0,2,10,0,12,0,2,96,2,100,0,4,106,2,112,170,0,170,282
06/24/2014,BVY,MA,ANE,EN,Federal Contract Tower,0,6,10,0,16,0,0,74,1,75,0,6,84,1,91,134,0,134,225
06/25/2014,BVY,MA,ANE,EN,Federal Contract Tower,0,5,7,0,12,0,1,40,0,41,0,6,47,0,53,108,0,108,161
06/26/2014,BVY,MA,ANE,EN,Federal Contract Tower,0,4,6,0,10,0,0,9,0,9,0,4,15,0,19,0,0,0,19
06/27/2014,BVY,MA,ANE,EN,Federal Contract Tower,0,6,15,0,21,0,4,100,0,104,0,10,115,0,125,114,0,114,239
06/28/2014,BVY,MA,ANE,EN,Federal Contract Tower,0,5,19,0,24,0,0,87,0,87,0,5,106,0,111,142,0,142,253
06/29/2014,BVY,MA,ANE,EN,Federal Contract Tower,0,3,11,0,14,0,1,69,0,70,0,4,80,0,84,56,0,56,140
06/30/2014,BVY,MA,ANE,EN,Federal Contract Tower,0,2,9,1,12,0,2,62,0,64,0,4,71,1,76,56,0,56,132
07/01/2014,BVY,MA,ANE,EN,Federal Contract Tower,0,0,10,0,10,0,1,57,1,59,0,1,67,1,69,78,0,78,147
07/02/2014,BVY,MA,ANE,EN,Federal Contract Tower,0,8,11,0,19,0,2,46,0,48,0,10,57,0,67,70,0,70,137
07/03/2014,BVY,MA,ANE,EN,Federal Contract Tower,0,3,10,0,13,0,0,63,1,64,0,3,73,1,77,108,0,108,185
07/04/2014,BVY,MA,ANE,EN,Federal Contract Tower,0,2,5,0,7,0,0,9,0,9,0,2,14,0,16,0,0,0,16
07/05/2014,BVY,MA,ANE,EN,Federal Contract Tower,0,3,2,0,5,0,0,32,0,32,0,3,34,0,37,34,0,34,71
07/06/2014,BVY,MA,ANE,EN,Federal Contract Tower,0,0,22,0,22,0,2,61,0,63,0,2,83,0,85,30,0,30,115
07/07/2014,BVY,MA,ANE,EN,Federal Contract Tower,0,5,13,0,18,0,0,52,2,54,0,5,65,2,72,40,0,40,112
07/08/2014,BVY,MA,ANE,EN,Federal Contract Tower,0,2,8,0,10,0,0,51,0,51,0,2,59,0,61,32,0,32,93
07/09/2014,BVY,MA,ANE,EN,Federal Contract Tower,0,5,4,0,9,0,3,59,0,62,0,8,63,0,71,78,0,78,149
07/10/2014,BVY,MA,ANE,EN,Federal Contract Tower,0,9,13,0,22,0,0,119,0,119,0,9,132,0,141,178,0,178,319
07/11/2014,BVY,MA,ANE,EN,Federal Contract Tower,0,4,16,1,21,0,0,102,0,102,0,4,118,1,123,120,0,120,243
07/12/2014,BVY,MA,ANE,EN,Federal Contract Tower,0,2,8,0,10,0,0,89,0,89,0,2,97,0,99,88,0,88,187
07/13/2014,BVY,MA,ANE,EN,Federal Contract Tower,0,6,11,0,17,0,0,61,0,61,0,6,72,0,78,64,0,64,142
07/14/2014,BVY,MA,ANE,EN,Federal Contract Tower,0,5,7,0,12,0,0,56,0,56,0,5,63,0,68,64,0,64,132
07/15/2014,BVY,MA,ANE,EN,Federal Contract Tower,0,3,5,0,8,0,1,41,0,42,0,4,46,0,50,50,0,50,100
07/16/2014,BVY,MA,ANE,EN,Federal Contract Tower,0,3,17,0,20,0,0,9,0,9,0,3,26,0,29,6,0,6,35
07/17/2014,BVY,MA,ANE,EN,Federal Contract Tower,0,6,21,0,27,0,0,78,0,78,0,6,99,0,105,88,0,88,193
07/18/2014,BVY,MA,ANE,EN,Federal Contract Tower,0,6,11,0,17,0,0,120,0,120,0,6,131,0,137,136,0,136,273
07/19/2014,BVY,MA,ANE,EN,Federal Contract Tower,0,4,9,0,13,0,0,96,0,96,0,4,105,0,109,120,0,120,229
07/20/2014,BVY,MA,ANE,EN,Federal Contract Tower,0,5,13,0,18,0,0,96,0,96,0,5,109,0,114,130,0,130,244
07/21/2014,BVY,MA,ANE,EN,Federal Contract Tower,0,4,6,0,10,0,6,72,0,78,0,10,78,0,88,146,0,146,234
07/22/2014,BVY,MA,ANE,EN,Federal Contract Tower,0,4,14,1,19,0,0,80,0,80,0,4,94,1,99,90,0,90,189
07/23/2014,BVY,MA,ANE,EN,Federal Contract Tower,0,5,10,0,15,0,3,59,0,62,0,8,69,0,77,56,0,56,133
07/24/2014,BVY,MA,ANE,EN,Federal Contract Tower,0,13,13,2,28,0,0,80,0,80,0,13,93,2,108,104,0,104,212
07/25/2014,BVY,MA,ANE,EN,Federal Contract Tower,0,4,5,0,9,0,0,85,0,85,0,4,90,0,94,108,0,108,202
07/26/2014,BVY,MA,ANE,EN,Federal Contract Tower,0,4,6,0,10,0,0,84,0,84,0,4,90,0,94,102,0,102,196
07/27/2014,BVY,MA,ANE,EN,Federal Contract Tower,0,6,11,0,17,0,0,11,0,11,0,6,22,0,28,6,0,6,34
07/28/2014,BVY,MA,ANE,EN,Federal Contract Tower,0,3,3,0,6,0,0,27,0,27,0,3,30,0,33,54,0,54,87
07/29/2014,BVY,MA,ANE,EN,Federal Contract Tower,0,8,4,0,12,0,3,69,0,72,0,11,73,0,84,152,0,152,236
07/30/2014,BVY,MA,ANE,EN,Federal Contract Tower,0,11,11,0,22,0,1,85,0,86,0,12,96,0,108,116,0,116,224
07/31/2014,BVY,MA,ANE,EN,Federal Contract Tower,0,10,12,0,22,0,2,71,6,79,0,12,83,6,101,64,0,64,165
08/01/2014,BVY,MA,ANE,EN,Federal Contract Tower,0,10,4,0,14,0,1,77,0,78,0,11,81,0,92,68,0,68,160
08/02/2014,BVY,MA,ANE,EN,Federal Contract Tower,0,1,5,0,6,0,0,56,0,56,0,1,61,0,62,64,0,64,126
08/03/2014,BVY,MA,ANE,EN,Federal Contract Tower,0,0,14,0,14,0,1,59,0,60,0,1,73,0,74,104,0,104,178
08/04/2014,BVY,MA,ANE,EN,Federal Contract Tower,0,3,7,0,10,0,0,49,0,49,0,3,56,0,59,74,0,74,133
08/05/2014,BVY,MA,ANE,EN,Federal Contract Tower,0,2,13,1,16,0,0,51,0,51,0,2,64,1,67,64,0,64,131
08/06/2014,BVY,MA,ANE,EN,Federal Contract Tower,0,10,9,0,19,0,0,72,2,74,0,10,81,2,93,76,0,76,169
08/07/2014,BVY,MA,ANE,EN,Federal Contract Tower,0,6,16,0,22,0,0,50,0,50,0,6,66,0,72,36,0,36,108
08/08/2014,BVY,MA,ANE,EN,Federal Contract Tower,0,6,10,0,16,0,2,82,1,85,0,8,92,1,101,94,0,94,195
08/09/2014,BVY,MA,ANE,EN,Federal Contract Tower,0,1,9,0,10,0,0,113,0,113,0,1,122,0,123,116,0,116,239
08/10/2014,BVY,MA,ANE,EN,Federal Contract Tower,0,5,13,1,19,0,0,110,0,110,0,5,123,1,129,218,0,218,347
08/11/2014,BVY,MA,ANE,EN,Federal Contract Tower,0,8,14,0,22,0,2,80,0,82,0,10,94,0,104,78,0,78,182
08/12/2014,BVY,MA,ANE,EN,Federal Contract Tower,0,4,15,0,19,0,0,70,0,70,0,4,85,0,89,100,0,100,189
08/13/2014,BVY,MA,ANE,EN,Federal Contract Tower,0,2,8,0,10,0,0,0,0,0,0,2,8,0,10,0,0,0,10
08/14/2014,BVY,MA,ANE,EN,Federal Contract Tower,0,8,11,0,19,0,6,78,2,86,0,14,89,2,105,48,0,48,153
08/15/2014,BVY,MA,ANE,EN,Federal Contract Tower,0,6,13,0,19,0,2,83,0,85,0,8,96,0,104,96,0,96,200
08/16/2014,BVY,MA,ANE,EN,Federal Contract Tower,0,5,4,1,10,0,0,95,0,95,0,5,99,1,105,76,2,78,183
08/17/2014,BVY,MA,ANE,EN,Federal Contract Tower,0,11,8,0,19,0,6,54,0,60,0,17,62,0,79,66,0,66,145
08/18/2014,BVY,MA,ANE,EN,Federal Contract Tower,0,4,2,0,6,0,1,74,0,75,0,5,76,0,81,116,0,116,197
08/19/2014,BVY,MA,ANE,EN,Federal Contract Tower,0,9,9,0,18,0,2,93,3,98,0,11,102,3,116,32,0,32,148
08/20/2014,BVY,MA,ANE,EN,Federal Contract Tower,0,5,9,0,14,0,3,51,0,54,0,8,60,0,68,74,2,76,144
08/21/2014,BVY,MA,ANE,EN,Federal Contract Tower,0,6,10,1,17,0,3,55,2,60,0,9,65,3,77,46,0,46,123
08/22/2014,BVY,MA,ANE,EN,Federal Contract Tower,0,5,19,0,24,0,4,62,0,66,0,9,81,0,90,66,0,66,156
08/23/2014,BVY,MA,ANE,EN,Federal Contract Tower,0,4,16,0,20,0,4,72,0,76,0,8,88,0,96,74,0,74,170
08/24/2014,BVY,MA,ANE,EN,Federal Contract Tower,0,3,12,0,15,0,2,75,0,77,0,5,87,0,92,74,10,84,176
08/25/2014,BVY,MA,ANE,EN,Federal Contract Tower,0,4,7,0,11,0,0,85,0,85,0,4,92,0,96,84,0,84,180
08/26/2014,BVY,MA,ANE,EN,Federal Contract Tower,0,1,16,0,17,0,4,57,4,65,0,5,73,4,82,16,0,16,98
08/27/2014,BVY,MA,ANE,EN,Federal Contract Tower,0,3,12,0,15,0,3,48,0,51,0,6,60,0,66,64,0,64,130
08/28/2014,BVY,MA,ANE,EN,Federal Contract Tower,0,2,18,0,20,0,1,71,4,76,0,3,89,4,96,74,0,74,170
08/29/2014,BVY,MA,ANE,EN,Federal Contract Tower,0,6,15,0,21,0,2,104,0,106,0,8,119,0,127,124,0,124,251
08/30/2014,BVY,MA,ANE,EN,Federal Contract Tower,0,1,3,0,4,0,0,84,0,84,0,1,87,0,88,94,0,94,182
08/31/2014,BVY,MA,ANE,EN,Federal Contract Tower,0,3,7,0,10,0,0,20,0,20,0,3,27,0,30,4,0,4,34
09/01/2014,BVY,MA,ANE,EN,Federal Contract Tower,0,7,8,0,15,0,1,57,0,58,0,8,65,0,73,44,0,44,117
09/02/2014,BVY,MA,ANE,EN,Federal Contract Tower,0,1,11,0,12,0,0,42,0,42,0,1,53,0,54,32,0,32,86
09/03/2014,BVY,MA,ANE,EN,Federal Contract Tower,0,1,11,0,12,0,0,48,0,48,0,1,59,0,60,26,0,26,86
09/04/2014,BVY,MA,ANE,EN,Federal Contract Tower,0,2,7,0,9,0,0,67,2,69,0,2,74,2,78,80,0,80,158
09/05/2014,BVY,MA,ANE,EN,Federal Contract Tower,0,3,7,0,10,0,0,102,4,106,0,3,109,4,116,42,0,42,158
09/06/2014,BVY,MA,ANE,EN,Federal Contract Tower,0,0,6,0,6,0,0,41,0,41,0,0,47,0,47,30,0,30,77
09/07/2014,BVY,MA,ANE,EN,Federal Contract Tower,0,4,5,0,9,0,0,87,0,87,0,4,92,0,96,156,0,156,252
09/08/2014,BVY,MA,ANE,EN,Federal Contract Tower,0,6,3,0,9,0,0,71,2,73,0,6,74,2,82,76,0,76,158
09/09/2014,BVY,MA,ANE,EN,Federal Contract Tower,0,2,6,0,8,0,0,69,0,69,0,2,75,0,77,68,0,68,145
09/10/2014,BVY,MA,ANE,EN,Federal Contract Tower,0,4,15,0,19,0,0,22,0,22,0,4,37,0,41,12,0,12,53
09/11/2014,BVY,MA,ANE,EN,Federal Contract Tower,0,1,8,0,9,0,0,41,0,41,0,1,49,0,50,48,0,48,98
09/12/2014,BVY,MA,ANE,EN,Federal Contract Tower,0,8,4,0,12,0,0,86,0,86,0,8,90,0,98,96,0,96,194
09/13/2014,BVY,MA,ANE,EN,Federal Contract Tower,0,2,11,0,13,0,1,75,0,76,0,3,86,0,89,150,0,150,239
09/14/2014,BVY,MA,ANE,EN,Federal Contract Tower,0,3,10,0,13,0,1,71,0,72,0,4,81,0,85,36,0,36,121
09/15/2014,BVY,MA,ANE,EN,Federal Contract Tower,0,1,2,0,3,0,1,71,0,72,0,2,73,0,75,100,0,100,175
09/16/2014,BVY,MA,ANE,EN,Federal Contract Tower,0,9,10,0,19,0,0,39,0,39,0,9,49,0,58,32,0,32,90
09/17/2014,BVY,MA,ANE,EN,Federal Contract Tower,0,5,11,0,16,0,0,70,0,70,0,5,81,0,86,34,0,34,120
09/18/2014,BVY,MA,ANE,EN,Federal Contract Tower,0,5,6,0,11,0,2,52,1,55,0,7,58,1,66,132,0,132,198
09/19/2014,BVY,MA,ANE,EN,Federal Contract Tower,0,1,11,0,12,0,4,84,0,88,0,5,95,0,100,16,0,16,116
09/20/2014,BVY,MA,ANE,EN,Federal Contract Tower,0,6,12,0,18,0,3,90,4,97,0,9,102,4,115,128,2,130,245
09/21/2014,BVY,MA,ANE,EN,Federal Contract Tower,0,4,16,0,20,0,0,38,0,38,0,4,54,0,58,48,0,48,106
09/22/2014,BVY,MA,ANE,EN,Federal Contract Tower,0,6,7,0,13,0,1,54,1,56,0,7,61,1,69,24,0,24,93
09/23/2014,BVY,MA,ANE,EN,Federal Contract Tower,0,8,16,0,24,0,4,78,0,82,0,12,94,0,106,66,0,66,172
09/24/2014,BVY,MA,ANE,EN,Federal Contract Tower,0,1,11,0,12,0,2,53,0,55,0,3,64,0,67,60,0,60,127
09/25/2014,BVY,MA,ANE,EN,Federal Contract Tower,0,1,10,0,11,0,3,66,0,69,0,4,76,0,80,58,0,58,138
09/26/2014,BVY,MA,ANE,EN,Federal Contract Tower,0,4,9,0,13,0,4,78,0,82,0,8,87,0,95,66,0,66,161
09/27/2014,BVY,MA,ANE,EN,Federal Contract Tower,0,9,6,0,15,0,0,101,0,101,0,9,107,0,116,94,0,94,210
09/28/2014,BVY,MA,ANE,EN,Federal Contract Tower,0,6,11,0,17,0,2,105,0,107,0,8,116,0,124,90,0,90,214
09/29/2014,BVY,MA,ANE,EN,Federal Contract Tower,0,0,13,0,13,0,2,36,0,38,0,2,49,0,51,52,0,52,103
09/30/2014,BVY,MA,ANE,EN,Federal Contract Tower,0,5,13,0,18,0,0,0,0,0,0,5,13,0,18,0,0,0,18
10/01/2014,BVY,MA,ANE,EN,Federal Contract Tower,0,3,9,0,12,0,0,0,0,0,0,3,9,0,12,0,0,0,12
10/02/2014,BVY,MA,ANE,EN,Federal Contract Tower,0,3,7,0,10,0,0,3,0,3,0,3,10,0,13,6,0,6,19
10/03/2014,BVY,MA,ANE,EN,Federal Contract Tower,0,4,35,0,39,0,0,17,0,17,0,4,52,0,56,18,0,18,74
10/04/2014,BVY,MA,ANE,EN,Federal Contract Tower,0,1,8,0,9,0,0,0,0,0,0,1,8,0,9,0,0,0,9
10/05/2014,BVY,MA,ANE,EN,Federal Contract Tower,0,1,11,0,12,0,7,62,0,69,0,8,73,0,81,78,0,78,159
10/06/2014,BVY,MA,ANE,EN,Federal Contract Tower,0,5,11,0,16,0,4,64,0,68,0,9,75,0,84,56,0,56,140
10/07/2014,BVY,MA,ANE,EN,Federal Contract Tower,0,1,6,0,7,0,0,49,0,49,0,1,55,0,56,6,0,6,62
10/08/2014,BVY,MA,ANE,EN,Federal Contract Tower,0,3,3,0,6,0,0,46,1,47,0,3,49,1,53,10,0,10,63
10/09/2014,BVY,MA,ANE,EN,Federal Contract Tower,0,8,5,0,13,0,1,56,0,57,0,9,61,0,70,36,0,36,106
10/10/2014,BVY,MA,ANE,EN,Federal Contract Tower,0,9,6,0,15,0,2,97,0,99,0,11,103,0,114,122,0,122,236
10/11/2014,BVY,MA,ANE,EN,Federal Contract Tower,0,5,10,0,15,0,0,44,0,44,0,5,54,0,59,94,0,94,153
10/12/2014,BVY,MA,ANE,EN,Federal Contract Tower,0,3,11,0,14,0,0,108,0,108,0,3,119,0,122,130,0,130,252
10/13/2014,BVY,MA,ANE,EN,Federal Contract Tower,0,5,5,0,10,0,2,102,0,104,0,7,107,0,114,146,0,146,260
10/14/2014,BVY,MA,ANE,EN,Federal Contract Tower,0,9,12,0,21,0,0,26,0,26,0,9,38,0,47,36,0,36,83
10/15/2014,BVY,MA,ANE,EN,Federal Contract Tower,0,2,9,0,11,0,0,37,0,37,0,2,46,0,48,58,0,58,106
10/16/2014,BVY,MA,ANE,EN,Federal Contract Tower,0,2,1,0,3,0,0,0,0,0,0,2,1,0,3,0,0,0,3
10/17/2014,BVY,MA,ANE,EN,Federal Contract Tower,0,7,8,0,15,0,0,46,0,46,0,7,54,0,61,158,0,158,219
10/18/2014,BVY,MA,ANE,EN,Federal Contract Tower,0,8,14,0,22,0,0,41,2,43,0,8,55,2,65,114,0,114,179
10/19/2014,BVY,MA,ANE,EN,Federal Contract Tower,0,7,12,0,19,0,0,70,0,70,0,7,82,0,89,60,0,60,149
10/20/2014,BVY,MA,ANE,EN,Federal Contract Tower,0,3,5,0,8,0,3,74,0,77,0,6,79,0,85,104,0,104,189
10/21/2014,BVY,MA,ANE,EN,Federal Contract Tower,0,1,16,0,17,0,0,24,0,24,0,1,40,0,41,6,0,6,47
10/22/2014,BVY,MA,ANE,EN,Federal Contract Tower,0,10,1,0,11,0,0,0,0,0,0,10,1,0,11,0,0,0,11
10/23/2014,BVY,MA,ANE,EN,Federal Contract Tower,0,2,1,0,3,0,0,0,0,0,0,2,1,0,3,0,0,0,3
10/24/2014,BVY,MA,ANE,EN,Federal Contract Tower,0,2,4,0,6,0,0,14,0,14,0,2,18,0,20,36,0,36,56
10/25/2014,BVY,MA,ANE,EN,Federal Contract Tower,0,8,16,0,24,0,4,103,0,107,0,12,119,0,131,206,0,206,337
10/26/2014,BVY,MA,ANE,EN,Federal Contract Tower,0,6,5,1,12,0,2,70,0,72,0,8,75,1,84,58,0,58,142
10/27/2014,BVY,MA,ANE,EN,Federal Contract Tower,0,0,11,0,11,0,3,41,0,44,0,3,52,0,55,64,0,64,119
10/28/2014,BVY,MA,ANE,EN,Federal Contract Tower,0,3,6,0,9,0,0,40,0,40,0,3,46,0,49,44,0,44,93
10/29/2014,BVY,MA,ANE,EN,Federal Contract Tower,0,1,8,0,9,0,0,23,0,23,0,1,31,0,32,4,0,4,36
10/30/2014,BVY,MA,ANE,EN,Federal Contract Tower,0,3,11,0,14,0,4,52,0,56,0,7,63,0,70,104,0,104,174
10/31/2014,BVY,MA,ANE,EN,Federal Contract Tower,0,3,9,0,12,0,0,64,0,64,0,3,73,0,76,68,0,68,144
11/01/2014,BVY,MA,ANE,EN,Federal Contract Tower,0,0,7,0,7,0,0,2,0,2,0,0,9,0,9,0,0,0,9
11/02/2014,BVY,MA,ANE,EN,Federal Contract Tower,0,2,4,0,6,0,0,0,0,0,0,2,4,0,6,0,0,0,6
11/03/2014,BVY,MA,ANE,EN,Federal Contract Tower,0,0,1,0,1,0,0,29,1,30,0,0,30,1,31,26,0,26,57
11/04/2014,BVY,MA,ANE,EN,Federal Contract Tower,0,1,1,0,2,0,1,69,1,71,0,2,70,1,73,62,0,62,135
11/05/2014,BVY,MA,ANE,EN,Federal Contract Tower,0,5,6,0,11,0,0,55,0,55,0,5,61,0,66,36,0,36,102
11/06/2014,BVY,MA,ANE,EN,Federal Contract Tower,0,4,7,0,11,0,0,7,0,7,0,4,14,0,18,2,0,2,20
11/07/2014,BVY,MA,ANE,EN,Federal Contract Tower,0,4,2,0,6,0,1,37,0,38,0,5,39,0,44,84,0,84,128
11/08/2014,BVY,MA,ANE,EN,Federal Contract Tower,0,5,8,0,13,0,1,86,0,87,0,6,94,0,100,154,0,154,254
11/09/2014,BVY,MA,ANE,EN,Federal Contract Tower,0,3,12,0,15,0,4,69,0,73,0,7,81,0,88,104,0,104,192
11/10/2014,BVY,MA,ANE,EN,Federal Contract Tower,0,5,3,0,8,0,1,83,0,84,0,6,86,0,92,120,0,120,212
11/11/2014,BVY,MA,ANE,EN,Federal Contract Tower,0,0,12,0,12,0,0,104,0,104,0,0,116,0,116,168,0,168,284
11/12/2014,BVY,MA,ANE,EN,Federal Contract Tower,0,1,4,0,5,0,0,11,0,11,0,1,15,0,16,0,0,0,16
11/13/2014,BVY,MA,ANE,EN,Federal Contract Tower,0,0,11,0,11,0,0,56,2,58,0,0,67,2,69,54,0,54,123
11/14/2014,BVY,MA,ANE,EN,Federal Contract Tower,0,2,3,0,5,0,0,31,0,31,0,2,34,0,36,94,0,94,130
11/15/2014,BVY,MA,ANE,EN,Federal Contract Tower,0,0,10,0,10,0,0,58,0,58,0,0,68,0,68,122,0,122,190
11/16/2014,BVY,MA,ANE,EN,Federal Contract Tower,0,4,7,0,11,0,0,86,0,86,0,4,93,0,97,132,0,132,229
11/17/2014,BVY,MA,ANE,EN,Federal Contract Tower,0,2,1,0,3,0,0,0,0,0,0,2,1,0,3,0,0,0,3
11/18/2014,BVY,MA,ANE,EN,Federal Contract Tower,0,1,5,0,6,0,0,27,0,27,0,1,32,0,33,18,0,18,51
11/19/2014,BVY,MA,ANE,EN,Federal Contract Tower,0,2,11,0,13,0,4,45,0,49,0,6,56,0,62,10,0,10,72
11/20/2014,BVY,MA,ANE,EN,Federal Contract Tower,0,9,9,0,18,0,0,63,0,63,0,9,72,0,81,56,0,56,137
11/21/2014,BVY,MA,ANE,EN,Federal Contract Tower,0,5,8,0,13,0,0,53,0,53,0,5,61,0,66,50,0,50,116
11/22/2014,BVY,MA,ANE,EN,Federal Contract Tower,0,2,16,0,18,0,0,47,2,49,0,2,63,2,67,124,0,124,191
11/23/2014,BVY,MA,ANE,EN,Federal Contract Tower,0,4,11,0,15,0,0,71,0,71,0,4,82,0,86,112,0,112,198
11/24/2014,BVY,MA,ANE,EN,Federal Contract Tower,0,1,2,0,3,0,0,2,0,2,0,1,4,0,5,0,0,0,5
11/25/2014,BVY,MA,ANE,EN,Federal Contract Tower,0,1,20,0,21,0,0,62,0,62,0,1,82,0,83,68,0,68,151
11/26/2014,BVY,MA,ANE,EN,Federal Contract Tower,0,0,5,0,5,0,0,1,0,1,0,0,6,0,6,0,0,0,6
11/27/2014,BVY,MA,ANE,EN,Federal Contract Tower,0,0,1,0,1,0,0,7,0,7,0,0,8,0,8,40,0,40,48
11/28/2014,BVY,MA,ANE,EN,Federal Contract Tower,0,2,6,0,8,0,0,29,0,29,0,2,35,0,37,106,0,106,143
11/29/2014,BVY,MA,ANE,EN,Federal Contract Tower,0,7,17,0,24,0,0,62,0,62,0,7,79,0,86,44,0,44,130
11/30/2014,BVY,MA,ANE,EN,Federal Contract Tower,0,1,18,0,19,0,0,64,0,64,0,1,82,0,83,64,0,64,147
12/01/2014,BVY,MA,ANE,EN,Federal Contract Tower,0,3,2,1,6,0,0,69,2,71,0,3,71,3,77,84,0,84,161
12/02/2014,BVY,MA,ANE,EN,Federal Contract Tower,0,1,1,0,2,0,0,27,0,27,0,1,28,0,29,28,0,28,57
12/03/2014,BVY,MA,ANE,EN,Federal Contract Tower,0,4,2,0,6,0,0,0,0,0,0,4,2,0,6,0,0,0,6
12/04/2014,BVY,MA,ANE,EN,Federal Contract Tower,0,4,7,0,11,0,0,59,0,59,0,4,66,0,70,100,0,100,170
12/05/2014,BVY,MA,ANE,EN,Federal Contract Tower,0,8,8,0,16,0,0,51,0,51,0,8,59,0,67,198,0,198,265
12/06/2014,BVY,MA,ANE,EN,Federal Contract Tower,0,0,9,0,9,0,0,0,0,0,0,0,9,0,9,0,0,0,9
12/07/2014,BVY,MA,ANE,EN,Federal Contract Tower,0,2,2,0,4,0,0,29,0,29,0,2,31,0,33,98,0,98,131
12/08/2014,BVY,MA,ANE,EN,Federal Contract Tower,0,6,5,0,11,0,0,9,0,9,0,6,14,0,20,36,0,36,56
12/09/2014,BVY,MA,ANE,EN,Federal Contract Tower,0,0,1,0,1,0,0,0,0,0,0,0,1,0,1,0,0,0,1
12/10/2014,BVY,MA,ANE,EN,Federal Contract Tower,0,4,3,0,7,0,0,0,0,0,0,4,3,0,7,0,0,0,7
12/11/2014,BVY,MA,ANE,EN,Federal Contract Tower,0,0,10,0,10,0,0,2,0,2,0,0,12,0,12,0,0,0,12
12/12/2014,BVY,MA,ANE,EN,Federal Contract Tower,0,1,4,0,5,0,0,63,0,63,0,1,67,0,68,58,0,58,126
12/13/2014,BVY,MA,ANE,EN,Federal Contract Tower,0,2,9,0,11,0,0,23,1,24,0,2,32,1,35,72,0,72,107
12/14/2014,BVY,MA,ANE,EN,Federal Contract Tower,0,0,5,0,5,0,0,127,0,127,0,0,132,0,132,238,0,238,370
12/15/2014,BVY,MA,ANE,EN,Federal Contract Tower,0,2,12,0,14,0,1,64,0,65,0,3,76,0,79,120,0,120,199
12/16/2014,BVY,MA,ANE,EN,Federal Contract Tower,0,0,5,0,5,0,0,16,4,20,0,0,21,4,25,16,0,16,41
12/17/2014,BVY,MA,ANE,EN,Federal Contract Tower,0,2,1,0,3,0,0,9,0,9,0,2,10,0,12,18,0,18,30
12/18/2014,BVY,MA,ANE,EN,Federal Contract Tower,0,5,6,0,11,0,0,40,0,40,0,5,46,0,51,50,0,50,101
12/19/2014,BVY,MA,ANE,EN,Federal Contract Tower,0,5,11,0,16,0,0,49,2,51,0,5,60,2,67,74,0,74,141
12/20/2014,BVY,MA,ANE,EN,Federal Contract Tower,0,5,13,0,18,0,0,30,0,30,0,5,43,0,48,64,0,64,112
12/21/2014,BVY,MA,ANE,EN,Federal Contract Tower,0,2,3,0,5,0,0,15,0,15,0,2,18,0,20,56,0,56,76
12/22/2014,BVY,MA,ANE,EN,Federal Contract Tower,0,3,9,0,12,0,2,9,0,11,0,5,18,0,23,4,0,4,27
12/23/2014,BVY,MA,ANE,EN,Federal Contract Tower,0,2,3,0,5,0,0,0,0,0,0,2,3,0,5,0,0,0,5
12/24/2014,BVY,MA,ANE,EN,Federal Contract Tower,0,0,0,0,0,0,0,0,0,0,0,0,0,0,0,0,0,0,0
12/25/2014,BVY,MA,ANE,EN,Federal Contract Tower,0,0,5,0,5,0,0,2,0,2,0,0,7,0,7,0,0,0,7
12/26/2014,BVY,MA,ANE,EN,Federal Contract Tower,0,5,8,1,14,0,1,58,4,63,0,6,66,5,77,66,0,66,143
12/27/2014,BVY,MA,ANE,EN,Federal Contract Tower,0,2,7,0,9,0,0,109,0,109,0,2,116,0,118,102,0,102,220
12/28/2014,BVY,MA,ANE,EN,Federal Contract Tower,0,0,5,0,5,0,0,23,0,23,0,0,28,0,28,50,0,50,78
12/29/2014,BVY,MA,ANE,EN,Federal Contract Tower,0,0,6,1,7,0,0,60,0,60,0,0,66,1,67,50,0,50,117
12/30/2014,BVY,MA,ANE,EN,Federal Contract Tower,0,0,2,0,2,0,0,49,0,49,0,0,51,0,51,50,0,50,101
12/31/2014,BVY,MA,ANE,EN,Federal Contract Tower,0,0,5,0,5,0,0,43,0,43,0,0,48,0,48,32,0,32,80
01/01/2015,BVY,MA,ANE,EN,Federal Contract Tower,0,3,0,0,3,0,0,3,0,3,0,3,3,0,6,0,0,0,6
01/02/2015,BVY,MA,ANE,EN,Federal Contract Tower,0,6,6,0,12,0,0,39,0,39,0,6,45,0,51,70,0,70,121
01/03/2015,BVY,MA,ANE,EN,Federal Contract Tower,0,1,4,0,5,0,0,55,0,55,0,1,59,0,60,80,0,80,140
01/04/2015,BVY,MA,ANE,EN,Federal Contract Tower,0,0,6,0,6,0,0,0,0,0,0,0,6,0,6,0,0,0,6
01/05/2015,BVY,MA,ANE,EN,Federal Contract Tower,0,2,1,0,3,0,1,10,0,11,0,3,11,0,14,30,0,30,44
01/06/2015,BVY,MA,ANE,EN,Federal Contract Tower,0,2,5,0,7,0,0,20,0,20,0,2,25,0,27,22,0,22,49
01/07/2015,BVY,MA,ANE,EN,Federal Contract Tower,0,0,1,0,1,0,0,26,0,26,0,0,27,0,27,8,0,8,35
01/08/2015,BVY,MA,ANE,EN,Federal Contract Tower,0,0,4,0,4,0,0,30,2,32,0,0,34,2,36,30,2,32,68
01/09/2015,BVY,MA,ANE,EN,Federal Contract Tower,0,1,3,0,4,0,0,9,0,9,0,1,12,0,13,0,0,0,13
01/10/2015,BVY,MA,ANE,EN,Federal Contract Tower,0,1,9,0,10,0,1,57,0,58,0,2,66,0,68,76,0,76,144
01/11/2015,BVY,MA,ANE,EN,Federal Contract Tower,0,1,7,0,8,0,0,48,0,48,0,1,55,0,56,80,0,80,136
01/12/2015,BVY,MA,ANE,EN,Federal Contract Tower,0,0,5,0,5,0,0,0,0,0,0,0,5,0,5,0,0,0,5
01/13/2015,BVY,MA,ANE,EN,Federal Contract Tower,0,1,4,0,5,0,1,41,0,42,0,2,45,0,47,28,0,28,75
01/14/2015,BVY,MA,ANE,EN,Federal Contract Tower,0,4,12,0,16,0,1,35,0,36,0,5,47,0,52,94,0,94,146
01/15/2015,BVY,MA,ANE,EN,Federal Contract Tower,0,1,3,0,4,0,0,1,0,1,0,1,4,0,5,0,0,0,5
01/16/2015,BVY,MA,ANE,EN,Federal Contract Tower,0,0,5,0,5,0,1,16,0,17,0,1,21,0,22,40,0,40,62
01/17/2015,BVY,MA,ANE,EN,Federal Contract Tower,0,0,10,0,10,0,0,64,0,64,0,0,74,0,74,100,0,100,174
01/18/2015,BVY,MA,ANE,EN,Federal Contract Tower,0,0,2,0,2,0,0,13,0,13,0,0,15,0,15,2,0,2,17
01/19/2015,BVY,MA,ANE,EN,Federal Contract Tower,0,5,3,0,8,0,3,78,0,81,0,8,81,0,89,40,0,40,129
01/20/2015,BVY,MA,ANE,EN,Federal Contract Tower,0,3,8,0,11,0,0,23,9,32,0,3,31,9,43,28,0,28,71
01/21/2015,BVY,MA,ANE,EN,Federal Contract Tower,0,0,5,0,5,0,3,47,0,50,0,3,52,0,55,128,0,128,183
01/22/2015,BVY,MA,ANE,EN,Federal Contract Tower,0,0,0,1,1,0,2,37,2,41,0,2,37,3,42,78,0,78,120
01/23/2015,BVY,MA,ANE,EN,Federal Contract Tower,0,5,8,0,13,0,2,55,0,57,0,7,63,0,70,26,0,26,96
01/24/2015,BVY,MA,ANE,EN,Federal Contract Tower,0,0,0,0,0,0,0,0,0,0,0,0,0,0,0,0,0,0,0
01/25/2015,BVY,MA,ANE,EN,Federal Contract Tower,0,5,3,0,8,0,0,32,0,32,0,5,35,0,40,14,0,14,54
01/26/2015,BVY,MA,ANE,EN,Federal Contract Tower,0,1,0,0,1,0,0,9,0,9,0,1,9,0,10,12,0,12,22
01/27/2015,BVY,MA,ANE,EN,Federal Contract Tower,0,0,0,0,0,0,0,0,0,0,0,0,0,0,0,0,0,0,0
01/28/2015,BVY,MA,ANE,EN,Federal Contract Tower,0,0,0,0,0,0,0,18,0,18,0,0,18,0,18,0,0,0,18
01/29/2015,BVY,MA,ANE,EN,Federal Contract Tower,0,1,8,0,9,0,0,24,0,24,0,1,32,0,33,24,0,24,57
01/30/2015,BVY,MA,ANE,EN,Federal Contract Tower,0,1,3,0,4,0,0,2,0,2,0,1,5,0,6,0,0,0,6
01/31/2015,BVY,MA,ANE,EN,Federal Contract Tower,0,0,0,0,0,0,0,0,0,0,0,0,0,0,0,0,0,0,0
02/01/2015,BVY,MA,ANE,EN,Federal Contract Tower,0,2,5,0,7,0,0,35,0,35,0,2,40,0,42,84,0,84,126
02/02/2015,BVY,MA,ANE,EN,Federal Contract Tower,0,0,0,0,0,0,0,0,0,0,0,0,0,0,0,0,0,0,0
02/03/2015,BVY,MA,ANE,EN,Federal Contract Tower,0,2,0,0,2,0,1,18,0,19,0,3,18,0,21,16,0,16,37
02/04/2015,BVY,MA,ANE,EN,Federal Contract Tower,0,1,3,0,4,0,0,24,0,24,0,1,27,0,28,14,0,14,42
02/05/2015,BVY,MA,ANE,EN,Federal Contract Tower,0,1,2,0,3,0,1,4,0,5,0,2,6,0,8,0,0,0,8
02/06/2015,BVY,MA,ANE,EN,Federal Contract Tower,0,2,2,0,4,0,0,27,0,27,0,2,29,0,31,2,0,2,33
02/07/2015,BVY,MA,ANE,EN,Federal Contract Tower,0,0,6,0,6,0,0,35,0,35,0,0,41,0,41,62,0,62,103
02/08/2015,BVY,MA,ANE,EN,Federal Contract Tower,0,0,0,0,0,0,0,0,0,0,0,0,0,0,0,0,0,0,0
02/09/2015,BVY,MA,ANE,EN,Federal Contract Tower,0,0,0,0,0,0,0,0,0,0,0,0,0,0,0,0,0,0,0
02/10/2015,BVY,MA,ANE,EN,Federal Contract Tower,0,0,0,0,0,0,0,11,1,12,0,0,11,1,12,0,2,2,14
02/11/2015,BVY,MA,ANE,EN,Federal Contract Tower,0,0,3,0,3,0,0,8,0,8,0,0,11,0,11,2,0,2,13
02/12/2015,BVY,MA,ANE,EN,Federal Contract Tower,0,0,1,0,1,0,0,0,0,0,0,0,1,0,1,0,0,0,1
02/13/2015,BVY,MA,ANE,EN,Federal Contract Tower,0,2,4,0,6,0,0,33,0,33,0,2,37,0,39,18,0,18,57
02/14/2015,BVY,MA,ANE,EN,Federal Contract Tower,0,3,5,0,8,0,0,36,0,36,0,3,41,0,44,72,0,72,116
02/15/2015,BVY,MA,ANE,EN,Federal Contract Tower,0,0,0,0,0,0,0,0,0,0,0,0,0,0,0,0,0,0,0
02/16/2015,BVY,MA,ANE,EN,Federal Contract Tower,0,0,1,0,1,0,0,15,0,15,0,0,16,0,16,0,0,0,16
02/17/2015,BVY,MA,ANE,EN,Federal Contract Tower,0,4,4,0,8,0,0,2,0,2,0,4,6,0,10,0,0,0,10
02/18/2015,BVY,MA,ANE,EN,Federal Contract Tower,0,0,6,0,6,0,0,27,0,27,0,0,33,0,33,52,0,52,85
02/19/2015,BVY,MA,ANE,EN,Federal Contract Tower,0,2,1,0,3,0,0,13,0,13,0,2,14,0,16,0,0,0,16
02/20/2015,BVY,MA,ANE,EN,Federal Contract Tower,0,3,7,0,10,0,0,27,0,27,0,3,34,0,37,2,0,2,39
02/21/2015,BVY,MA,ANE,EN,Federal Contract Tower,0,0,3,0,3,0,0,26,0,26,0,0,29,0,29,46,0,46,75
02/22/2015,BVY,MA,ANE,EN,Federal Contract Tower,0,0,1,0,1,0,0,47,0,47,0,0,48,0,48,108,0,108,156
02/23/2015,BVY,MA,ANE,EN,Federal Contract Tower,0,9,2,0,11,0,1,37,0,38,0,10,39,0,49,6,0,6,55
02/24/2015,BVY,MA,ANE,EN,Federal Contract Tower,0,0,2,1,3,0,0,39,0,39,0,0,41,1,42,48,0,48,90
02/25/2015,BVY,MA,ANE,EN,Federal Contract Tower,0,6,10,0,16,0,0,41,0,41,0,6,51,0,57,20,0,20,77
02/26/2015,BVY,MA,ANE,EN,Federal Contract Tower,0,0,7,0,7,0,0,26,0,26,0,0,33,0,33,24,0,24,57
02/27/2015,BVY,MA,ANE,EN,Federal Contract Tower,0,4,7,0,11,0,1,69,0,70,0,5,76,0,81,80,0,80,161
02/28/2015,BVY,MA,ANE,EN,Federal Contract Tower,0,2,18,2,22,0,0,103,1,104,0,2,121,3,126,110,4,114,240
03/01/2015,BVY,MA,ANE,EN,Federal Contract Tower,0,0,5,0,5,0,0,44,0,44,0,0,49,0,49,100,0,100,149
03/02/2015,BVY,MA,ANE,EN,Federal Contract Tower,0,1,3,0,4,0,1,27,0,28,0,2,30,0,32,4,0,4,36
03/03/2015,BVY,MA,ANE,EN,Federal Contract Tower,0,3,3,1,7,0,0,59,1,60,0,3,62,2,67,142,0,142,209
03/04/2015,BVY,MA,ANE,EN,Federal Contract Tower,0,1,2,0,3,0,2,48,0,50,0,3,50,0,53,58,0,58,111
03/05/2015,BVY,MA,ANE,EN,Federal Contract Tower,0,2,4,1,7,0,1,31,1,33,0,3,35,2,40,78,0,78,118
03/06/2015,BVY,MA,ANE,EN,Federal Contract Tower,0,7,9,0,16,0,4,57,0,61,0,11,66,0,77,26,0,26,103
03/07/2015,BVY,MA,ANE,EN,Federal Contract Tower,0,3,15,0,18,0,4,78,0,82,0,7,93,0,100,116,0,116,216
03/08/2015,BVY,MA,ANE,EN,Federal Contract Tower,0,1,10,0,11,0,0,68,0,68,0,1,78,0,79,154,0,154,233
03/09/2015,BVY,MA,ANE,EN,Federal Contract Tower,0,3,3,0,6,0,1,52,0,53,0,4,55,0,59,14,0,14,73
03/10/2015,BVY,MA,ANE,EN,Federal Contract Tower,0,0,4,0,4,0,0,73,0,73,0,0,77,0,77,108,0,108,185
03/11/2015,BVY,MA,ANE,EN,Federal Contract Tower,0,0,6,2,8,0,1,43,2,46,0,1,49,4,54,40,0,40,94
03/12/2015,BVY,MA,ANE,EN,Federal Contract Tower,0,3,1,0,4,0,0,28,0,28,0,3,29,0,32,2,0,2,34
03/13/2015,BVY,MA,ANE,EN,Federal Contract Tower,0,0,8,0,8,0,0,50,0,50,0,0,58,0,58,100,0,100,158
03/14/2015,BVY,MA,ANE,EN,Federal Contract Tower,0,0,0,0,0,0,0,0,0,0,0,0,0,0,0,0,0,0,0
03/15/2015,BVY,MA,ANE,EN,Federal Contract Tower,0,2,4,0,6,0,0,2,0,2,0,2,6,0,8,2,0,2,10
03/16/2015,BVY,MA,ANE,EN,Federal Contract Tower,0,1,3,0,4,0,0,59,0,59,0,1,62,0,63,154,0,154,217
03/17/2015,BVY,MA,ANE,EN,Federal Contract Tower,0,1,1,0,2,0,0,15,0,15,0,1,16,0,17,26,0,26,43
03/18/2015,BVY,MA,ANE,EN,Federal Contract Tower,0,1,2,0,3,0,5,10,0,15,0,6,12,0,18,3,0,3,21
03/19/2015,BVY,MA,ANE,EN,Federal Contract Tower,0,0,5,0,5,0,1,61,0,62,0,1,66,0,67,48,0,48,115
03/20/2015,BVY,MA,ANE,EN,Federal Contract Tower,0,0,4,0,4,0,2,48,5,55,0,2,52,5,59,124,0,124,183
03/21/2015,BVY,MA,ANE,EN,Federal Contract Tower,0,0,0,0,0,0,0,7,0,7,0,0,7,0,7,12,0,12,19
03/22/2015,BVY,MA,ANE,EN,Federal Contract Tower,0,3,6,0,9,0,0,44,0,44,0,3,50,0,53,34,0,34,87
03/23/2015,BVY,MA,ANE,EN,Federal Contract Tower,0,2,5,0,7,0,3,30,0,33,0,5,35,0,40,32,0,32,72
03/24/2015,BVY,MA,ANE,EN,Federal Contract Tower,0,5,10,0,15,0,1,57,1,59,0,6,67,1,74,92,6,98,172
03/25/2015,BVY,MA,ANE,EN,Federal Contract Tower,0,3,5,0,8,0,1,67,0,68,0,4,72,0,76,78,0,78,154
03/26/2015,BVY,MA,ANE,EN,Federal Contract Tower,0,1,7,0,8,0,0,13,0,13,0,1,20,0,21,40,0,40,61
03/27/2015,BVY,MA,ANE,EN,Federal Contract Tower,0,2,4,0,6,0,0,28,0,28,0,2,32,0,34,70,0,70,104
03/28/2015,BVY,MA,ANE,EN,Federal Contract Tower,0,0,1,0,1,0,0,0,0,0,0,0,1,0,1,0,0,0,1
03/29/2015,BVY,MA,ANE,EN,Federal Contract Tower,0,0,14,0,14,0,0,134,7,141,0,0,148,7,155,296,4,300,455
03/30/2015,BVY,MA,ANE,EN,Federal Contract Tower,0,7,6,0,13,0,0,7,0,7,0,7,13,0,20,0,0,0,20
03/31/2015,BVY,MA,ANE,EN,Federal Contract Tower,0,3,6,1,10,0,0,84,3,87,0,3,90,4,97,126,0,126,223
04/01/2015,BVY,MA,ANE,EN,Federal Contract Tower,0,2,6,0,8,0,2,72,1,75,0,4,78,1,83,64,0,64,147
04/02/2015,BVY,MA,ANE,EN,Federal Contract Tower,0,4,9,0,13,0,0,46,2,48,0,4,55,2,61,70,2,72,133
04/03/2015,BVY,MA,ANE,EN,Federal Contract Tower,0,0,10,0,10,0,0,74,2,76,0,0,84,2,86,244,0,244,330
04/04/2015,BVY,MA,ANE,EN,Federal Contract Tower,0,0,6,0,6,0,0,13,0,13,0,0,19,0,19,26,0,26,45
04/05/2015,BVY,MA,ANE,EN,Federal Contract Tower,0,0,0,0,0,0,0,23,0,23,0,0,23,0,23,32,0,32,55
04/06/2015,BVY,MA,ANE,EN,Federal Contract Tower,0,5,7,0,12,0,1,62,2,65,0,6,69,2,77,94,0,94,171
04/07/2015,BVY,MA,ANE,EN,Federal Contract Tower,0,5,3,0,8,0,0,6,0,6,0,5,9,0,14,16,0,16,30
04/08/2015,BVY,MA,ANE,EN,Federal Contract Tower,0,3,4,0,7,0,1,32,0,33,0,4,36,0,40,58,0,58,98
04/09/2015,BVY,MA,ANE,EN,Federal Contract Tower,0,7,11,0,18,0,0,0,0,0,0,7,11,0,18,0,0,0,18
04/10/2015,BVY,MA,ANE,EN,Federal Contract Tower,0,5,4,0,9,0,0,0,0,0,0,5,4,0,9,0,0,0,9
04/11/2015,BVY,MA,ANE,EN,Federal Contract Tower,0,2,13,0,15,0,0,48,0,48,0,2,61,0,63,30,0,30,93
04/12/2015,BVY,MA,ANE,EN,Federal Contract Tower,0,4,12,0,16,0,2,179,0,181,0,6,191,0,197,282,0,282,479
04/13/2015,BVY,MA,ANE,EN,Federal Contract Tower,0,3,10,1,14,0,2,71,1,74,0,5,81,2,88,68,0,68,156
04/14/2015,BVY,MA,ANE,EN,Federal Contract Tower,0,8,8,0,16,0,2,55,0,57,0,10,63,0,73,54,0,54,127
04/15/2015,BVY,MA,ANE,EN,Federal Contract Tower,0,3,3,0,6,0,2,100,0,102,0,5,103,0,108,82,0,82,190
04/16/2015,BVY,MA,ANE,EN,Federal Contract Tower,0,1,14,0,15,0,1,87,0,88,0,2,101,0,103,92,0,92,195
04/17/2015,BVY,MA,ANE,EN,Federal Contract Tower,0,4,12,0,16,0,0,22,0,22,0,4,34,0,38,56,0,56,94
04/18/2015,BVY,MA,ANE,EN,Federal Contract Tower,0,2,12,0,14,0,0,104,0,104,0,2,116,0,118,156,0,156,274
04/19/2015,BVY,MA,ANE,EN,Federal Contract Tower,0,1,13,0,14,0,0,102,0,102,0,1,115,0,116,110,0,110,226
04/20/2015,BVY,MA,ANE,EN,Federal Contract Tower,0,2,3,0,5,0,0,5,0,5,0,2,8,0,10,6,0,6,16
04/21/2015,BVY,MA,ANE,EN,Federal Contract Tower,0,1,7,0,8,0,0,40,0,40,0,1,47,0,48,70,0,70,118
04/22/2015,BVY,MA,ANE,EN,Federal Contract Tower,0,5,8,0,13,0,0,42,0,42,0,5,50,0,55,66,0,66,121
04/23/2015,BVY,MA,ANE,EN,Federal Contract Tower,0,3,7,0,10,0,2,46,0,48,0,5,53,0,58,48,0,48,106
04/24/2015,BVY,MA,ANE,EN,Federal Contract Tower,0,5,11,0,16,0,0,48,0,48,0,5,59,0,64,32,0,32,96
04/25/2015,BVY,MA,ANE,EN,Federal Contract Tower,0,4,10,0,14,0,6,66,0,72,0,10,76,0,86,62,0,62,148
04/26/2015,BVY,MA,ANE,EN,Federal Contract Tower,0,4,9,0,13,0,2,64,0,66,0,6,73,0,79,142,0,142,221
04/27/2015,BVY,MA,ANE,EN,Federal Contract Tower,0,0,6,0,6,0,2,38,0,40,0,2,44,0,46,88,0,88,134
04/28/2015,BVY,MA,ANE,EN,Federal Contract Tower,0,0,8,0,8,0,0,35,2,37,0,0,43,2,45,36,0,36,81
04/29/2015,BVY,MA,ANE,EN,Federal Contract Tower,0,6,3,0,9,0,1,67,0,68,0,7,70,0,77,108,0,108,185
04/30/2015,BVY,MA,ANE,EN,Federal Contract Tower,0,4,7,0,11,0,3,66,0,69,0,7,73,0,80,128,0,128,208
05/01/2015,BVY,MA,ANE,EN,Federal Contract Tower,0,0,13,0,13,0,0,71,0,71,0,0,84,0,84,98,0,98,182
05/02/2015,BVY,MA,ANE,EN,Federal Contract Tower,0,2,13,0,15,0,0,96,0,96,0,2,109,0,111,198,0,198,309
05/03/2015,BVY,MA,ANE,EN,Federal Contract Tower,0,3,9,0,12,0,1,93,2,96,0,4,102,2,108,68,4,72,180
05/04/2015,BVY,MA,ANE,EN,Federal Contract Tower,0,4,2,0,6,0,0,89,0,89,0,4,91,0,95,48,0,48,143
05/05/2015,BVY,MA,ANE,EN,Federal Contract Tower,0,0,2,0,2,0,2,82,0,84,0,2,84,0,86,54,0,54,140
05/06/2015,BVY,MA,ANE,EN,Federal Contract Tower,0,1,9,0,10,0,0,72,0,72,0,1,81,0,82,58,0,58,140
05/07/2015,BVY,MA,ANE,EN,Federal Contract Tower,0,9,9,0,18,0,0,76,0,76,0,9,85,0,94,56,0,56,150
05/08/2015,BVY,MA,ANE,EN,Federal Contract Tower,0,2,17,0,19,0,0,79,0,79,0,2,96,0,98,20,0,20,118
05/09/2015,BVY,MA,ANE,EN,Federal Contract Tower,0,2,17,0,19,0,0,82,0,82,0,2,99,0,101,198,0,198,299
05/10/2015,BVY,MA,ANE,EN,Federal Contract Tower,0,2,7,0,9,0,1,67,0,68,0,3,74,0,77,80,0,80,157
05/11/2015,BVY,MA,ANE,EN,Federal Contract Tower,0,5,4,0,9,0,0,14,0,14,0,5,18,0,23,0,0,0,23
05/12/2015,BVY,MA,ANE,EN,Federal Contract Tower,0,4,5,0,9,0,0,34,0,34,0,4,39,0,43,52,0,52,95
05/13/2015,BVY,MA,ANE,EN,Federal Contract Tower,0,4,9,0,13,0,0,53,0,53,0,4,62,0,66,48,0,48,114
05/14/2015,BVY,MA,ANE,EN,Federal Contract Tower,0,2,10,0,12,0,0,93,3,96,0,2,103,3,108,132,0,132,240
05/15/2015,BVY,MA,ANE,EN,Federal Contract Tower,0,5,15,0,20,0,5,82,0,87,0,10,97,0,107,226,0,226,333
05/16/2015,BVY,MA,ANE,EN,Federal Contract Tower,0,8,29,0,37,0,5,71,0,76,0,13,100,0,113,106,0,106,219
05/17/2015,BVY,MA,ANE,EN,Federal Contract Tower,0,5,0,0,5,0,2,75,0,77,0,7,75,0,82,94,0,94,176
05/18/2015,BVY,MA,ANE,EN,Federal Contract Tower,0,4,9,0,13,0,0,51,0,51,0,4,60,0,64,76,0,76,140
05/19/2015,BVY,MA,ANE,EN,Federal Contract Tower,0,2,16,0,18,0,0,3,0,3,0,2,19,0,21,16,0,16,37
05/20/2015,BVY,MA,ANE,EN,Federal Contract Tower,0,2,9,0,11,0,0,72,0,72,0,2,81,0,83,58,0,58,141
05/21/2015,BVY,MA,ANE,EN,Federal Contract Tower,0,6,24,0,30,0,0,79,0,79,0,6,103,0,109,136,0,136,245
05/22/2015,BVY,MA,ANE,EN,Federal Contract Tower,0,5,15,0,20,0,2,107,0,109,0,7,122,0,129,68,0,68,197
05/23/2015,BVY,MA,ANE,EN,Federal Contract Tower,0,2,13,0,15,0,0,76,0,76,0,2,89,0,91,76,0,76,167
05/24/2015,BVY,MA,ANE,EN,Federal Contract Tower,0,5,6,0,11,0,2,55,0,57,0,7,61,0,68,70,0,70,138
05/25/2015,BVY,MA,ANE,EN,Federal Contract Tower,0,3,19,0,22,0,0,106,0,106,0,3,125,0,128,136,0,136,264
05/26/2015,BVY,MA,ANE,EN,Federal Contract Tower,0,0,7,1,8,0,0,73,0,73,0,0,80,1,81,20,2,22,103
05/27/2015,BVY,MA,ANE,EN,Federal Contract Tower,0,2,10,0,12,0,1,53,0,54,0,3,63,0,66,48,0,48,114
05/28/2015,BVY,MA,ANE,EN,Federal Contract Tower,0,3,10,0,13,0,1,45,0,46,0,4,55,0,59,66,0,66,125
05/29/2015,BVY,MA,ANE,EN,Federal Contract Tower,0,2,9,0,11,0,0,60,0,60,0,2,69,0,71,102,0,102,173
05/30/2015,BVY,MA,ANE,EN,Federal Contract Tower,0,2,12,0,14,0,14,109,1,124,0,16,121,1,138,190,0,190,328
05/31/2015,BVY,MA,ANE,EN,Federal Contract Tower,0,10,9,0,19,0,0,9,0,9,0,10,18,0,28,18,0,18,46
06/01/2015,BVY,MA,ANE,EN,Federal Contract Tower,0,2,11,0,13,0,0,0,0,0,0,2,11,0,13,0,0,0,13
06/02/2015,BVY,MA,ANE,EN,Federal Contract Tower,0,0,12,0,12,0,0,6,0,6,0,0,18,0,18,0,0,0,18
06/03/2015,BVY,MA,ANE,EN,Federal Contract Tower,0,2,11,0,13,0,7,63,0,70,0,9,74,0,83,90,0,90,173
06/04/2015,BVY,MA,ANE,EN,Federal Contract Tower,0,4,9,0,13,0,0,67,0,67,0,4,76,0,80,114,0,114,194
06/05/2015,BVY,MA,ANE,EN,Federal Contract Tower,0,2,9,0,11,0,0,62,0,62,0,2,71,0,73,104,0,104,177
06/06/2015,BVY,MA,ANE,EN,Federal Contract Tower,0,5,12,0,17,0,3,75,0,78,0,8,87,0,95,118,0,118,213
06/07/2015,BVY,MA,ANE,EN,Federal Contract Tower,0,4,9,0,13,0,4,133,4,141,0,8,142,4,154,144,0,144,298
06/08/2015,BVY,MA,ANE,EN,Federal Contract Tower,0,2,15,0,17,0,4,59,5,68,0,6,74,5,85,14,0,14,99
06/09/2015,BVY,MA,ANE,EN,Federal Contract Tower,0,4,11,0,15,0,0,27,6,33,0,4,38,6,48,76,0,76,124
06/10/2015,BVY,MA,ANE,EN,Federal Contract Tower,0,3,8,0,11,0,26,67,0,93,0,29,75,0,104,76,0,76,180
06/11/2015,BVY,MA,ANE,EN,Federal Contract Tower,0,6,7,0,13,0,2,53,0,55,0,8,60,0,68,54,0,54,122
06/12/2015,BVY,MA,ANE,EN,Federal Contract Tower,0,2,9,0,11,0,2,64,0,66,0,4,73,0,77,54,0,54,131
06/13/2015,BVY,MA,ANE,EN,Federal Contract Tower,0,4,4,0,8,0,0,88,0,88,0,4,92,0,96,170,0,170,266
06/14/2015,BVY,MA,ANE,EN,Federal Contract Tower,0,4,7,0,11,0,6,110,0,116,0,10,117,0,127,138,0,138,265
06/15/2015,BVY,MA,ANE,EN,Federal Contract Tower,0,0,11,0,11,0,0,13,0,13,0,0,24,0,24,40,0,40,64
06/16/2015,BVY,MA,ANE,EN,Federal Contract Tower,0,2,10,0,12,0,0,24,0,24,0,2,34,0,36,120,0,120,156
06/17/2015,BVY,MA,ANE,EN,Federal Contract Tower,0,3,3,0,6,0,0,95,0,95,0,3,98,0,101,102,0,102,203
06/18/2015,BVY,MA,ANE,EN,Federal Contract Tower,0,7,3,0,10,0,1,55,0,56,0,8,58,0,66,92,0,92,158
06/19/2015,BVY,MA,ANE,EN,Federal Contract Tower,0,8,13,0,21,0,1,62,0,63,0,9,75,0,84,90,0,90,174
06/20/2015,BVY,MA,ANE,EN,Federal Contract Tower,0,1,18,0,19,0,0,135,0,135,0,1,153,0,154,226,0,226,380
06/21/2015,BVY,MA,ANE,EN,Federal Contract Tower,0,4,5,0,9,0,0,1,0,1,0,4,6,0,10,0,0,0,10
06/22/2015,BVY,MA,ANE,EN,Federal Contract Tower,0,11,7,2,20,0,0,62,3,65,0,11,69,5,85,98,0,98,183
06/23/2015,BVY,MA,ANE,EN,Federal Contract Tower,0,14,5,0,19,0,0,31,0,31,0,14,36,0,50,44,0,44,94
06/24/2015,BVY,MA,ANE,EN,Federal Contract Tower,0,6,10,0,16,0,0,101,0,101,0,6,111,0,117,80,0,80,197
06/25/2015,BVY,MA,ANE,EN,Federal Contract Tower,0,6,1,0,7,0,0,127,0,127,0,6,128,0,134,226,0,226,360
06/26/2015,BVY,MA,ANE,EN,Federal Contract Tower,0,7,9,0,16,0,1,82,0,83,0,8,91,0,99,62,0,62,161
06/27/2015,BVY,MA,ANE,EN,Federal Contract Tower,0,3,14,0,17,0,0,129,0,129,0,3,143,0,146,174,0,174,320
06/28/2015,BVY,MA,ANE,EN,Federal Contract Tower,0,4,4,0,8,0,0,0,0,0,0,4,4,0,8,0,0,0,8
06/29/2015,BVY,MA,ANE,EN,Federal Contract Tower,0,7,17,0,24,0,0,83,0,83,0,7,100,0,107,142,0,142,249
06/30/2015,BVY,MA,ANE,EN,Federal Contract Tower,0,3,8,1,12,0,10,140,5,155,0,13,148,6,167,268,0,268,435
07/01/2015,BVY,MA,ANE,EN,Federal Contract Tower,0,9,9,0,18,0,0,10,0,10,0,9,19,0,28,6,0,6,34
07/02/2015,BVY,MA,ANE,EN,Federal Contract Tower,0,1,8,0,9,0,8,123,0,131,0,9,131,0,140,182,8,190,330
07/03/2015,BVY,MA,ANE,EN,Federal Contract Tower,0,1,5,0,6,0,5,95,0,100,0,6,100,0,106,152,0,152,258
07/04/2015,BVY,MA,ANE,EN,Federal Contract Tower,0,2,5,0,7,0,6,35,0,41,0,8,40,0,48,52,0,52,100
07/05/2015,BVY,MA,ANE,EN,Federal Contract Tower,0,4,17,2,23,0,0,113,0,113,0,4,130,2,136,108,0,108,244
07/06/2015,BVY,MA,ANE,EN,Federal Contract Tower,0,3,11,0,14,0,0,111,0,111,0,3,122,0,125,166,0,166,291
07/07/2015,BVY,MA,ANE,EN,Federal Contract Tower,0,4,6,0,10,0,0,79,0,79,0,4,85,0,89,66,0,66,155
07/08/2015,BVY,MA,ANE,EN,Federal Contract Tower,0,2,8,0,10,0,0,62,0,62,0,2,70,0,72,66,0,66,138
07/09/2015,BVY,MA,ANE,EN,Federal Contract Tower,0,2,7,0,9,0,7,89,0,96,0,9,96,0,105,138,0,138,243
07/10/2015,BVY,MA,ANE,EN,Federal Contract Tower,0,4,22,0,26,0,1,75,0,76,0,5,97,0,102,116,0,116,218
07/11/2015,BVY,MA,ANE,EN,Federal Contract Tower,0,7,8,0,15,0,5,121,0,126,0,12,129,0,141,204,0,204,345
07/12/2015,BVY,MA,ANE,EN,Federal Contract Tower,0,5,7,0,12,0,6,81,0,87,0,11,88,0,99,82,0,82,181
07/13/2015,BVY,MA,ANE,EN,Federal Contract Tower,0,3,1,0,4,0,2,87,0,89,0,5,88,0,93,86,0,86,179
07/14/2015,BVY,MA,ANE,EN,Federal Contract Tower,0,7,16,0,23,0,0,72,0,72,0,7,88,0,95,84,0,84,179
07/15/2015,BVY,MA,ANE,EN,Federal Contract Tower,0,3,15,0,18,0,0,29,0,29,0,3,44,0,47,42,0,42,89
07/16/2015,BVY,MA,ANE,EN,Federal Contract Tower,0,2,8,0,10,0,1,72,0,73,0,3,80,0,83,88,0,88,171
07/17/2015,BVY,MA,ANE,EN,Federal Contract Tower,0,11,9,0,20,0,0,96,0,96,0,11,105,0,116,98,0,98,214
07/18/2015,BVY,MA,ANE,EN,Federal Contract Tower,0,7,22,0,29,0,2,57,0,59,0,9,79,0,88,108,0,108,196
07/19/2015,BVY,MA,ANE,EN,Federal Contract Tower,0,6,14,0,20,0,6,76,0,82,0,12,90,0,102,84,0,84,186
07/20/2015,BVY,MA,ANE,EN,Federal Contract Tower,0,13,13,0,26,0,1,64,0,65,0,14,77,0,91,84,0,84,175
07/21/2015,BVY,MA,ANE,EN,Federal Contract Tower,0,3,19,0,22,0,2,73,0,75,0,5,92,0,97,84,0,84,181
07/22/2015,BVY,MA,ANE,EN,Federal Contract Tower,0,2,10,0,12,0,1,67,0,68,0,3,77,0,80,92,0,92,172
07/23/2015,BVY,MA,ANE,EN,Federal Contract Tower,0,12,9,0,21,0,0,85,0,85,0,12,94,0,106,98,2,100,206
07/24/2015,BVY,MA,ANE,EN,Federal Contract Tower,0,4,13,0,17,0,0,74,0,74,0,4,87,0,91,46,0,46,137
07/25/2015,BVY,MA,ANE,EN,Federal Contract Tower,0,3,22,0,25,0,0,58,4,62,0,3,80,4,87,82,0,82,169
07/26/2015,BVY,MA,ANE,EN,Federal Contract Tower,0,11,30,0,41,0,1,34,0,35,0,12,64,0,76,48,0,48,124
07/27/2015,BVY,MA,ANE,EN,Federal Contract Tower,0,5,20,0,25,0,0,79,0,79,0,5,99,0,104,98,0,98,202
07/28/2015,BVY,MA,ANE,EN,Federal Contract Tower,0,3,11,2,16,0,1,85,0,86,0,4,96,2,102,108,0,108,210
07/29/2015,BVY,MA,ANE,EN,Federal Contract Tower,0,2,6,0,8,0,0,94,0,94,0,2,100,0,102,88,0,88,190
07/30/2015,BVY,MA,ANE,EN,Federal Contract Tower,0,6,10,0,16,0,2,54,0,56,0,8,64,0,72,68,0,68,140
07/31/2015,BVY,MA,ANE,EN,Federal Contract Tower,0,7,8,0,15,0,8,108,3,119,0,15,116,3,134,78,0,78,212
08/01/2015,BVY,MA,ANE,EN,Federal Contract Tower,0,1,5,0,6,0,2,83,0,85,0,3,88,0,91,144,0,144,235
08/02/2015,BVY,MA,ANE,EN,Federal Contract Tower,0,3,12,0,15,0,4,87,2,93,0,7,99,2,108,76,0,76,184
08/03/2015,BVY,MA,ANE,EN,Federal Contract Tower,0,2,7,0,9,0,5,74,0,79,0,7,81,0,88,64,0,64,152
08/04/2015,BVY,MA,ANE,EN,Federal Contract Tower,0,10,5,0,15,0,0,39,0,39,0,10,44,0,54,56,0,56,110
08/05/2015,BVY,MA,ANE,EN,Federal Contract Tower,0,12,19,0,31,0,2,95,4,101,0,14,114,4,132,80,0,80,212
08/06/2015,BVY,MA,ANE,EN,Federal Contract Tower,0,3,10,0,13,0,1,105,0,106,0,4,115,0,119,128,0,128,247
08/07/2015,BVY,MA,ANE,EN,Federal Contract Tower,0,5,17,0,22,0,4,87,0,91,0,9,104,0,113,58,0,58,171
08/08/2015,BVY,MA,ANE,EN,Federal Contract Tower,0,2,21,0,23,0,6,109,0,115,0,8,130,0,138,142,0,142,280
08/09/2015,BVY,MA,ANE,EN,Federal Contract Tower,0,3,31,0,34,0,0,30,0,30,0,3,61,0,64,20,0,20,84
08/10/2015,BVY,MA,ANE,EN,Federal Contract Tower,0,3,13,0,16,0,3,88,0,91,0,6,101,0,107,96,0,96,203
08/11/2015,BVY,MA,ANE,EN,Federal Contract Tower,0,2,2,0,4,0,0,4,0,4,0,2,6,0,8,0,0,0,8
08/12/2015,BVY,MA,ANE,EN,Federal Contract Tower,0,7,10,0,17,0,1,124,0,125,0,8,134,0,142,122,0,122,264
08/13/2015,BVY,MA,ANE,EN,Federal Contract Tower,0,4,13,0,17,0,0,79,1,80,0,4,92,1,97,134,0,134,231
08/14/2015,BVY,MA,ANE,EN,Federal Contract Tower,0,8,8,0,16,0,0,111,0,111,0,8,119,0,127,104,0,104,231
08/15/2015,BVY,MA,ANE,EN,Federal Contract Tower,0,0,13,0,13,0,1,69,0,70,0,1,82,0,83,92,0,92,175
08/16/2015,BVY,MA,ANE,EN,Federal Contract Tower,0,6,10,0,16,0,2,88,0,90,0,8,98,0,106,104,0,104,210
08/17/2015,BVY,MA,ANE,EN,Federal Contract Tower,0,6,6,0,12,0,5,75,0,80,0,11,81,0,92,76,0,76,168
08/18/2015,BVY,MA,ANE,EN,Federal Contract Tower,0,6,9,0,15,0,3,38,0,41,0,9,47,0,56,84,0,84,140
08/19/2015,BVY,MA,ANE,EN,Federal Contract Tower,0,5,9,0,14,0,0,74,0,74,0,5,83,0,88,38,0,38,126
08/20/2015,BVY,MA,ANE,EN,Federal Contract Tower,0,5,13,0,18,0,2,35,0,37,0,7,48,0,55,18,0,18,73
08/21/2015,BVY,MA,ANE,EN,Federal Contract Tower,0,6,12,0,18,0,0,12,0,12,0,6,24,0,30,0,0,0,30
08/22/2015,BVY,MA,ANE,EN,Federal Contract Tower,0,2,18,0,20,0,0,24,0,24,0,2,42,0,44,30,0,30,74
08/23/2015,BVY,MA,ANE,EN,Federal Contract Tower,0,9,9,0,18,0,0,0,0,0,0,9,9,0,18,0,0,0,18
08/24/2015,BVY,MA,ANE,EN,Federal Contract Tower,0,11,10,0,21,0,0,32,0,32,0,11,42,0,53,56,0,56,109
08/25/2015,BVY,MA,ANE,EN,Federal Contract Tower,0,0,16,0,16,0,0,15,0,15,0,0,31,0,31,46,0,46,77
08/26/2015,BVY,MA,ANE,EN,Federal Contract Tower,0,3,17,0,20,0,0,69,2,71,0,3,86,2,91,94,0,94,185
08/27/2015,BVY,MA,ANE,EN,Federal Contract Tower,0,4,15,0,19,0,5,101,0,106,0,9,116,0,125,94,0,94,219
08/28/2015,BVY,MA,ANE,EN,Federal Contract Tower,0,7,8,0,15,0,6,111,0,117,0,13,119,0,132,134,0,134,266
08/29/2015,BVY,MA,ANE,EN,Federal Contract Tower,0,3,10,0,13,0,1,103,0,104,0,4,113,0,117,148,0,148,265
08/30/2015,BVY,MA,ANE,EN,Federal Contract Tower,0,7,8,0,15,0,0,92,0,92,0,7,100,0,107,86,0,86,193
08/31/2015,BVY,MA,ANE,EN,Federal Contract Tower,0,3,8,0,11,0,1,71,0,72,0,4,79,0,83,68,0,68,151
09/01/2015,BVY,MA,ANE,EN,Federal Contract Tower,0,0,5,0,5,0,0,68,0,68,0,0,73,0,73,52,0,52,125
09/02/2015,BVY,MA,ANE,EN,Federal Contract Tower,0,1,6,0,7,0,0,60,0,60,0,1,66,0,67,52,0,52,119
09/03/2015,BVY,MA,ANE,EN,Federal Contract Tower,0,5,9,0,14,0,0,51,0,51,0,5,60,0,65,54,0,54,119
09/04/2015,BVY,MA,ANE,EN,Federal Contract Tower,0,2,15,0,17,0,0,59,0,59,0,2,74,0,76,78,0,78,154
09/05/2015,BVY,MA,ANE,EN,Federal Contract Tower,0,0,13,0,13,0,4,110,0,114,0,4,123,0,127,116,0,116,243
09/06/2015,BVY,MA,ANE,EN,Federal Contract Tower,0,4,5,0,9,0,1,69,0,70,0,5,74,0,79,42,0,42,121
09/07/2015,BVY,MA,ANE,EN,Federal Contract Tower,0,1,14,0,15,0,0,67,0,67,0,1,81,0,82,66,0,66,148
09/08/2015,BVY,MA,ANE,EN,Federal Contract Tower,0,3,9,0,12,0,2,60,0,62,0,5,69,0,74,50,0,50,124
09/09/2015,BVY,MA,ANE,EN,Federal Contract Tower,0,1,9,0,10,0,0,55,0,55,0,1,64,0,65,68,0,68,133
09/10/2015,BVY,MA,ANE,EN,Federal Contract Tower,0,0,6,0,6,0,0,28,0,28,0,0,34,0,34,24,0,24,58
09/11/2015,BVY,MA,ANE,EN,Federal Contract Tower,0,3,13,0,16,0,0,20,0,20,0,3,33,0,36,58,0,58,94
09/12/2015,BVY,MA,ANE,EN,Federal Contract Tower,0,5,7,0,12,0,4,82,1,87,0,9,89,1,99,158,0,158,257
09/13/2015,BVY,MA,ANE,EN,Federal Contract Tower,0,2,16,2,20,0,0,1,0,1,0,2,17,2,21,0,0,0,21
09/14/2015,BVY,MA,ANE,EN,Federal Contract Tower,0,0,2,0,2,0,1,38,0,39,0,1,40,0,41,26,0,26,67
09/15/2015,BVY,MA,ANE,EN,Federal Contract Tower,0,3,10,0,13,0,1,75,0,76,0,4,85,0,89,68,0,68,157
09/16/2015,BVY,MA,ANE,EN,Federal Contract Tower,0,6,3,0,9,0,4,91,4,99,0,10,94,4,108,86,0,86,194
09/17/2015,BVY,MA,ANE,EN,Federal Contract Tower,0,3,8,0,11,0,3,77,0,80,0,6,85,0,91,66,0,66,157
09/18/2015,BVY,MA,ANE,EN,Federal Contract Tower,0,5,20,0,25,0,0,104,0,104,0,5,124,0,129,70,0,70,199
09/19/2015,BVY,MA,ANE,EN,Federal Contract Tower,0,1,13,0,14,0,3,94,0,97,0,4,107,0,111,138,0,138,249
09/20/2015,BVY,MA,ANE,EN,Federal Contract Tower,0,1,14,0,15,0,1,68,0,69,0,2,82,0,84,64,0,64,148
09/21/2015,BVY,MA,ANE,EN,Federal Contract Tower,0,4,8,0,12,0,0,67,0,67,0,4,75,0,79,32,0,32,111
09/22/2015,BVY,MA,ANE,EN,Federal Contract Tower,0,1,10,0,11,0,1,75,0,76,0,2,85,0,87,72,0,72,159
09/23/2015,BVY,MA,ANE,EN,Federal Contract Tower,0,6,12,0,18,0,0,103,0,103,0,6,115,0,121,146,0,146,267
09/24/2015,BVY,MA,ANE,EN,Federal Contract Tower,0,3,11,0,14,0,1,66,0,67,0,4,77,0,81,112,0,112,193
09/25/2015,BVY,MA,ANE,EN,Federal Contract Tower,0,4,12,0,16,0,1,111,2,114,0,5,123,2,130,174,0,174,304
09/26/2015,BVY,MA,ANE,EN,Federal Contract Tower,0,1,12,0,13,0,0,104,0,104,0,1,116,0,117,100,0,100,217
09/27/2015,BVY,MA,ANE,EN,Federal Contract Tower,0,3,12,0,15,0,1,117,0,118,0,4,129,0,133,92,0,92,225
09/28/2015,BVY,MA,ANE,EN,Federal Contract Tower,0,5,12,0,17,0,1,89,0,90,0,6,101,0,107,106,0,106,213
09/29/2015,BVY,MA,ANE,EN,Federal Contract Tower,0,1,1,0,2,0,0,45,0,45,0,1,46,0,47,66,0,66,113
09/30/2015,BVY,MA,ANE,EN,Federal Contract Tower,0,3,7,0,10,0,0,0,0,0,0,3,7,0,10,0,0,0,10
10/01/2015,BVY,MA,ANE,EN,Federal Contract Tower,0,0,6,0,6,0,0,41,0,41,0,0,47,0,47,74,0,74,121
10/02/2015,BVY,MA,ANE,EN,Federal Contract Tower,0,9,9,0,18,0,0,24,0,24,0,9,33,0,42,6,0,6,48
10/03/2015,BVY,MA,ANE,EN,Federal Contract Tower,0,1,6,0,7,0,0,2,0,2,0,1,8,0,9,4,0,4,13
10/04/2015,BVY,MA,ANE,EN,Federal Contract Tower,0,2,8,0,10,0,0,33,0,33,0,2,41,0,43,42,0,42,85
10/05/2015,BVY,MA,ANE,EN,Federal Contract Tower,0,4,5,0,9,0,1,58,0,59,0,5,63,0,68,54,0,54,122
10/06/2015,BVY,MA,ANE,EN,Federal Contract Tower,0,0,13,0,13,0,0,88,0,88,0,0,101,0,101,120,0,120,221
10/07/2015,BVY,MA,ANE,EN,Federal Contract Tower,0,2,7,0,9,0,1,93,0,94,0,3,100,0,103,142,0,142,245
10/08/2015,BVY,MA,ANE,EN,Federal Contract Tower,0,7,8,0,15,0,1,76,0,77,0,8,84,0,92,102,0,102,194
10/09/2015,BVY,MA,ANE,EN,Federal Contract Tower,0,4,11,0,15,0,3,75,0,78,0,7,86,0,93,50,0,50,143
10/10/2015,BVY,MA,ANE,EN,Federal Contract Tower,0,2,16,0,18,0,6,99,0,105,0,8,115,0,123,122,0,122,245
10/11/2015,BVY,MA,ANE,EN,Federal Contract Tower,0,6,5,1,12,0,0,94,0,94,0,6,99,1,106,76,0,76,182
10/12/2015,BVY,MA,ANE,EN,Federal Contract Tower,0,2,16,0,18,0,3,130,4,137,0,5,146,4,155,156,0,156,311
10/13/2015,BVY,MA,ANE,EN,Federal Contract Tower,0,1,12,0,13,0,0,15,0,15,0,1,27,0,28,28,0,28,56
10/14/2015,BVY,MA,ANE,EN,Federal Contract Tower,0,3,14,0,17,0,0,78,0,78,0,3,92,0,95,66,0,66,161
10/15/2015,BVY,MA,ANE,EN,Federal Contract Tower,0,12,10,0,22,0,5,86,0,91,0,17,96,0,113,92,0,92,205
10/16/2015,BVY,MA,ANE,EN,Federal Contract Tower,0,4,9,0,13,0,1,82,0,83,0,5,91,0,96,94,0,94,190
10/17/2015,BVY,MA,ANE,EN,Federal Contract Tower,0,0,14,0,14,0,0,85,0,85,0,0,99,0,99,92,0,92,191
10/18/2015,BVY,MA,ANE,EN,Federal Contract Tower,0,5,9,0,14,0,1,84,0,85,0,6,93,0,99,120,0,120,219
10/19/2015,BVY,MA,ANE,EN,Federal Contract Tower,0,0,9,0,9,0,0,50,0,50,0,0,59,0,59,30,0,30,89
10/20/2015,BVY,MA,ANE,EN,Federal Contract Tower,0,4,1,0,5,0,0,53,0,53,0,4,54,0,58,114,0,114,172
10/21/2015,BVY,MA,ANE,EN,Federal Contract Tower,0,0,15,0,15,0,0,48,0,48,0,0,63,0,63,74,0,74,137
10/22/2015,BVY,MA,ANE,EN,Federal Contract Tower,0,4,6,0,10,0,0,59,0,59,0,4,65,0,69,132,0,132,201
10/23/2015,BVY,MA,ANE,EN,Federal Contract Tower,0,5,9,0,14,0,0,73,0,73,0,5,82,0,87,24,0,24,111
10/24/2015,BVY,MA,ANE,EN,Federal Contract Tower,0,4,21,0,25,0,3,104,0,107,0,7,125,0,132,154,0,154,286
10/25/2015,BVY,MA,ANE,EN,Federal Contract Tower,0,13,19,0,32,0,0,25,0,25,0,13,44,0,57,2,0,2,59
10/26/2015,BVY,MA,ANE,EN,Federal Contract Tower,0,1,6,0,7,0,4,57,0,61,0,5,63,0,68,86,0,86,154
10/27/2015,BVY,MA,ANE,EN,Federal Contract Tower,0,3,10,0,13,0,0,84,0,84,0,3,94,0,97,90,0,90,187
10/28/2015,BVY,MA,ANE,EN,Federal Contract Tower,0,7,8,0,15,0,1,25,7,33,0,8,33,7,48,38,0,38,86
10/29/2015,BVY,MA,ANE,EN,Federal Contract Tower,0,3,4,0,7,0,0,37,0,37,0,3,41,0,44,22,0,22,66
10/30/2015,BVY,MA,ANE,EN,Federal Contract Tower,0,3,12,0,15,0,1,65,0,66,0,4,77,0,81,34,0,34,115
10/31/2015,BVY,MA,ANE,EN,Federal Contract Tower,0,7,8,0,15,0,2,71,0,73,0,9,79,0,88,72,0,72,160
11/01/2015,BVY,MA,ANE,EN,Federal Contract Tower,0,4,10,0,14,0,0,59,0,59,0,4,69,0,73,70,0,70,143
11/02/2015,BVY,MA,ANE,EN,Federal Contract Tower,0,6,4,0,10,0,1,51,0,52,0,7,55,0,62,26,0,26,88
11/03/2015,BVY,MA,ANE,EN,Federal Contract Tower,0,3,4,0,7,0,0,99,1,100,0,3,103,1,107,66,0,66,173
11/04/2015,BVY,MA,ANE,EN,Federal Contract Tower,0,3,13,0,16,0,0,65,0,65,0,3,78,0,81,92,0,92,173
11/05/2015,BVY,MA,ANE,EN,Federal Contract Tower,0,10,3,0,13,0,0,60,0,60,0,10,63,0,73,94,2,96,169
11/06/2015,BVY,MA,ANE,EN,Federal Contract Tower,0,7,9,0,16,0,0,41,0,41,0,7,50,0,57,42,0,42,99
11/07/2015,BVY,MA,ANE,EN,Federal Contract Tower,0,1,10,0,11,0,0,88,0,88,0,1,98,0,99,58,0,58,157
11/08/2015,BVY,MA,ANE,EN,Federal Contract Tower,0,5,7,0,12,0,5,84,0,89,0,10,91,0,101,68,0,68,169
11/09/2015,BVY,MA,ANE,EN,Federal Contract Tower,0,2,4,0,6,0,1,61,0,62,0,3,65,0,68,58,0,58,126
11/10/2015,BVY,MA,ANE,EN,Federal Contract Tower,0,0,2,1,3,0,0,62,0,62,0,0,64,1,65,72,0,72,137
11/11/2015,BVY,MA,ANE,EN,Federal Contract Tower,0,8,4,0,12,0,0,0,0,0,0,8,4,0,12,0,0,0,12
11/12/2015,BVY,MA,ANE,EN,Federal Contract Tower,0,3,14,0,17,0,0,5,0,5,0,3,19,0,22,22,0,22,44
11/13/2015,BVY,MA,ANE,EN,Federal Contract Tower,0,5,9,0,14,0,1,45,0,46,0,6,54,0,60,40,0,40,100
11/14/2015,BVY,MA,ANE,EN,Federal Contract Tower,0,1,4,0,5,0,0,9,0,9,0,1,13,0,14,22,0,22,36
11/15/2015,BVY,MA,ANE,EN,Federal Contract Tower,0,3,12,0,15,0,0,86,0,86,0,3,98,0,101,90,0,90,191
11/16/2015,BVY,MA,ANE,EN,Federal Contract Tower,0,0,20,0,20,0,2,52,0,54,0,2,72,0,74,74,0,74,148
11/17/2015,BVY,MA,ANE,EN,Federal Contract Tower,0,0,8,0,8,0,0,51,0,51,0,0,59,0,59,40,0,40,99
11/18/2015,BVY,MA,ANE,EN,Federal Contract Tower,0,5,15,0,20,0,0,72,0,72,0,5,87,0,92,70,0,70,162
11/19/2015,BVY,MA,ANE,EN,Federal Contract Tower,0,10,12,0,22,0,0,42,0,42,0,10,54,0,64,118,0,118,182
11/20/2015,BVY,MA,ANE,EN,Federal Contract Tower,0,3,9,1,13,0,0,67,1,68,0,3,76,2,81,100,0,100,181
11/21/2015,BVY,MA,ANE,EN,Federal Contract Tower,0,6,15,1,22,0,2,121,2,125,0,8,136,3,147,98,0,98,245
11/22/2015,BVY,MA,ANE,EN,Federal Contract Tower,0,3,15,0,18,0,1,6,0,7,0,4,21,0,25,18,0,18,43
11/23/2015,BVY,MA,ANE,EN,Federal Contract Tower,0,3,4,0,7,0,0,61,0,61,0,3,65,0,68,52,0,52,120
11/24/2015,BVY,MA,ANE,EN,Federal Contract Tower,0,1,6,2,9,0,0,64,2,66,0,1,70,4,75,48,0,48,123
11/25/2015,BVY,MA,ANE,EN,Federal Contract Tower,0,0,11,0,11,0,0,63,0,63,0,0,74,0,74,84,0,84,158
11/26/2015,BVY,MA,ANE,EN,Federal Contract Tower,0,0,3,0,3,0,0,14,0,14,0,0,17,0,17,8,0,8,25
11/27/2015,BVY,MA,ANE,EN,Federal Contract Tower,0,2,8,0,10,0,0,81,0,81,0,2,89,0,91,110,0,110,201
11/28/2015,BVY,MA,ANE,EN,Federal Contract Tower,0,2,15,0,17,0,0,0,0,0,0,2,15,0,17,0,0,0,17
11/29/2015,BVY,MA,ANE,EN,Federal Contract Tower,0,3,18,0,21,0,0,115,0,115,0,3,133,0,136,182,0,182,318
11/30/2015,BVY,MA,ANE,EN,Federal Contract Tower,0,7,6,0,13,0,0,62,0,62,0,7,68,0,75,118,0,118,193
12/01/2015,BVY,MA,ANE,EN,Federal Contract Tower,0,2,9,0,11,0,0,26,0,26,0,2,35,0,37,54,0,54,91
12/02/2015,BVY,MA,ANE,EN,Federal Contract Tower,0,1,3,0,4,0,0,0,0,0,0,1,3,0,4,0,0,0,4
12/03/2015,BVY,MA,ANE,EN,Federal Contract Tower,0,6,9,1,16,0,0,57,0,57,0,6,66,1,73,54,0,54,127
12/04/2015,BVY,MA,ANE,EN,Federal Contract Tower,0,2,6,1,9,0,0,86,3,89,0,2,92,4,98,78,0,78,176
12/05/2015,BVY,MA,ANE,EN,Federal Contract Tower,0,1,3,0,4,0,0,106,0,106,0,1,109,0,110,138,0,138,248
12/06/2015,BVY,MA,ANE,EN,Federal Contract Tower,0,1,11,0,12,0,0,84,0,84,0,1,95,0,96,126,0,126,222
12/07/2015,BVY,MA,ANE,EN,Federal Contract Tower,0,2,8,0,10,0,2,55,0,57,0,4,63,0,67,76,0,76,143
12/08/2015,BVY,MA,ANE,EN,Federal Contract Tower,0,0,4,0,4,0,0,39,0,39,0,0,43,0,43,60,0,60,103
12/09/2015,BVY,MA,ANE,EN,Federal Contract Tower,0,2,4,0,6,0,0,67,0,67,0,2,71,0,73,118,0,118,191
12/10/2015,BVY,MA,ANE,EN,Federal Contract Tower,0,3,10,0,13,0,1,51,0,52,0,4,61,0,65,90,0,90,155
12/11/2015,BVY,MA,ANE,EN,Federal Contract Tower,0,1,6,0,7,0,0,28,0,28,0,1,34,0,35,76,0,76,111
12/12/2015,BVY,MA,ANE,EN,Federal Contract Tower,0,7,9,0,16,0,0,117,0,117,0,7,126,0,133,190,0,190,323
12/13/2015,BVY,MA,ANE,EN,Federal Contract Tower,0,6,15,0,21,0,0,111,0,111,0,6,126,0,132,172,0,172,304
12/14/2015,BVY,MA,ANE,EN,Federal Contract Tower,0,4,8,0,12,0,0,1,0,1,0,4,9,0,13,0,0,0,13
12/15/2015,BVY,MA,ANE,EN,Federal Contract Tower,0,4,2,0,6,0,2,20,0,22,0,6,22,0,28,30,0,30,58
12/16/2015,BVY,MA,ANE,EN,Federal Contract Tower,0,0,7,0,7,0,0,68,0,68,0,0,75,0,75,84,0,84,159
12/17/2015,BVY,MA,ANE,EN,Federal Contract Tower,0,0,5,0,5,0,0,1,0,1,0,0,6,0,6,0,0,0,6
12/18/2015,BVY,MA,ANE,EN,Federal Contract Tower,0,2,15,0,17,0,0,37,0,37,0,2,52,0,54,50,0,50,104
12/19/2015,BVY,MA,ANE,EN,Federal Contract Tower,0,4,4,0,8,0,0,39,0,39,0,4,43,0,47,14,2,16,63
12/20/2015,BVY,MA,ANE,EN,Federal Contract Tower,0,12,3,0,15,0,0,78,0,78,0,12,81,0,93,142,0,142,235
12/21/2015,BVY,MA,ANE,EN,Federal Contract Tower,0,5,4,0,9,0,0,31,0,31,0,5,35,0,40,22,0,22,62
12/22/2015,BVY,MA,ANE,EN,Federal Contract Tower,0,3,3,0,6,0,1,1,0,2,0,4,4,0,8,0,0,0,8
12/23/2015,BVY,MA,ANE,EN,Federal Contract Tower,0,0,10,0,10,0,0,38,0,38,0,0,48,0,48,96,0,96,144
12/24/2015,BVY,MA,ANE,EN,Federal Contract Tower,0,2,0,0,2,0,0,13,0,13,0,2,13,0,15,16,0,16,31
12/25/2015,BVY,MA,ANE,EN,Federal Contract Tower,0,6,0,0,6,0,0,17,0,17,0,6,17,0,23,4,0,4,27
12/26/2015,BVY,MA,ANE,EN,Federal Contract Tower,0,0,11,0,11,0,0,107,1,108,0,0,118,1,119,190,2,192,311
12/27/2015,BVY,MA,ANE,EN,Federal Contract Tower,0,0,1,0,1,0,0,0,0,0,0,0,1,0,1,0,0,0,1
12/28/2015,BVY,MA,ANE,EN,Federal Contract Tower,0,2,5,0,7,0,0,57,0,57,0,2,62,0,64,64,0,64,128
12/29/2015,BVY,MA,ANE,EN,Federal Contract Tower,0,0,1,0,1,0,0,0,0,0,0,0,1,0,1,0,0,0,1
12/30/2015,BVY,MA,ANE,EN,Federal Contract Tower,0,0,0,0,0,0,0,0,0,0,0,0,0,0,0,0,0,0,0
12/31/2015,BVY,MA,ANE,EN,Federal Contract Tower,0,2,6,0,8,0,0,41,0,41,0,2,47,0,49,24,0,24,73
01/01/2016,BVY,MA,ANE,EN,Federal Contract Tower,0,2,3,0,5,0,0,39,0,39,0,2,42,0,44,20,0,20,64
01/02/2016,BVY,MA,ANE,EN,Federal Contract Tower,0,0,9,0,9,0,0,87,0,87,0,0,96,0,96,116,0,116,212
01/03/2016,BVY,MA,ANE,EN,Federal Contract Tower,0,4,9,0,13,0,0,56,0,56,0,4,65,0,69,74,0,74,143
01/04/2016,BVY,MA,ANE,EN,Federal Contract Tower,0,1,12,0,13,0,0,27,0,27,0,1,39,0,40,48,0,48,88
01/05/2016,BVY,MA,ANE,EN,Federal Contract Tower,0,0,0,0,0,0,0,54,0,54,0,0,54,0,54,74,0,74,128
01/06/2016,BVY,MA,ANE,EN,Federal Contract Tower,0,0,7,0,7,0,2,85,0,87,0,2,92,0,94,86,8,94,188
01/07/2016,BVY,MA,ANE,EN,Federal Contract Tower,0,2,6,0,8,0,0,79,0,79,0,2,85,0,87,98,0,98,185
01/08/2016,BVY,MA,ANE,EN,Federal Contract Tower,0,1,7,0,8,0,0,20,0,20,0,1,27,0,28,32,0,32,60
01/09/2016,BVY,MA,ANE,EN,Federal Contract Tower,0,1,7,0,8,0,0,2,0,2,0,1,9,0,10,2,0,2,12
01/10/2016,BVY,MA,ANE,EN,Federal Contract Tower,0,0,2,0,2,0,0,0,0,0,0,0,2,0,2,0,0,0,2
01/11/2016,BVY,MA,ANE,EN,Federal Contract Tower,0,3,2,0,5,0,2,23,0,25,0,5,25,0,30,0,0,0,30
01/12/2016,BVY,MA,ANE,EN,Federal Contract Tower,0,5,2,0,7,0,0,43,0,43,0,5,45,0,50,84,0,84,134
01/13/2016,BVY,MA,ANE,EN,Federal Contract Tower,0,0,1,0,1,0,2,7,0,9,0,2,8,0,10,0,0,0,10
01/14/2016,BVY,MA,ANE,EN,Federal Contract Tower,0,2,12,0,14,0,2,83,3,88,0,4,95,3,102,32,0,32,134
01/15/2016,BVY,MA,ANE,EN,Federal Contract Tower,0,11,12,0,23,0,1,64,0,65,0,12,76,0,88,174,0,174,262
01/16/2016,BVY,MA,ANE,EN,Federal Contract Tower,0,2,2,0,4,0,0,0,0,0,0,2,2,0,4,0,0,0,4
01/17/2016,BVY,MA,ANE,EN,Federal Contract Tower,0,1,7,0,8,0,0,105,7,112,0,1,112,7,120,156,8,164,284
01/18/2016,BVY,MA,ANE,EN,Federal Contract Tower,0,2,2,0,4,0,0,15,0,15,0,2,17,0,19,0,0,0,19
01/19/2016,BVY,MA,ANE,EN,Federal Contract Tower,0,2,2,0,4,0,0,12,0,12,0,2,14,0,16,0,0,0,16
01/20/2016,BVY,MA,ANE,EN,Federal Contract Tower,0,7,6,0,13,0,0,41,0,41,0,7,47,0,54,2,0,2,56
01/21/2016,BVY,MA,ANE,EN,Federal Contract Tower,0,3,3,1,7,0,0,50,0,50,0,3,53,1,57,72,0,72,129
01/22/2016,BVY,MA,ANE,EN,Federal Contract Tower,0,2,10,0,12,0,1,64,1,66,0,3,74,1,78,70,0,70,148
01/23/2016,BVY,MA,ANE,EN,Federal Contract Tower,0,0,1,0,1,0,0,17,0,17,0,0,18,0,18,26,0,26,44
01/24/2016,BVY,MA,ANE,EN,Federal Contract Tower,0,1,2,0,3,0,0,40,0,40,0,1,42,0,43,34,0,34,77
01/25/2016,BVY,MA,ANE,EN,Federal Contract Tower,0,1,3,0,4,0,5,50,0,55,0,6,53,0,59,90,0,90,149
01/26/2016,BVY,MA,ANE,EN,Federal Contract Tower,0,5,2,1,8,0,0,48,0,48,0,5,50,1,56,42,0,42,98
01/27/2016,BVY,MA,ANE,EN,Federal Contract Tower,0,6,6,0,12,0,0,57,0,57,0,6,63,0,69,38,0,38,107
01/28/2016,BVY,MA,ANE,EN,Federal Contract Tower,0,1,6,0,7,0,0,60,2,62,0,1,66,2,69,44,0,44,113
01/29/2016,BVY,MA,ANE,EN,Federal Contract Tower,0,6,8,0,14,0,0,19,0,19,0,6,27,0,33,14,0,14,47
01/30/2016,BVY,MA,ANE,EN,Federal Contract Tower,0,2,12,0,14,0,0,110,0,110,0,2,122,0,124,102,0,102,226
01/31/2016,BVY,MA,ANE,EN,Federal Contract Tower,0,4,11,0,15,0,0,105,0,105,0,4,116,0,120,136,0,136,256
02/01/2016,BVY,MA,ANE,EN,Federal Contract Tower,0,2,10,1,13,0,1,51,0,52,0,3,61,1,65,42,0,42,107
02/02/2016,BVY,MA,ANE,EN,Federal Contract Tower,0,3,3,0,6,0,0,79,2,81,0,3,82,2,87,66,0,66,153
02/03/2016,BVY,MA,ANE,EN,Federal Contract Tower,0,4,2,0,6,0,0,11,0,11,0,4,13,0,17,6,0,6,23
02/04/2016,BVY,MA,ANE,EN,Federal Contract Tower,0,4,9,0,13,0,3,30,0,33,0,7,39,0,46,74,0,74,120
02/05/2016,BVY,MA,ANE,EN,Federal Contract Tower,0,0,4,0,4,0,0,0,0,0,0,0,4,0,4,0,0,0,4
02/06/2016,BVY,MA,ANE,EN,Federal Contract Tower,0,0,6,0,6,0,0,51,0,51,0,0,57,0,57,106,0,106,163
02/07/2016,BVY,MA,ANE,EN,Federal Contract Tower,0,2,9,0,11,0,0,88,0,88,0,2,97,0,99,122,0,122,221
02/08/2016,BVY,MA,ANE,EN,Federal Contract Tower,0,0,2,0,2,0,0,0,0,0,0,0,2,0,2,0,0,0,2
02/09/2016,BVY,MA,ANE,EN,Federal Contract Tower,0,2,2,0,4,0,0,12,0,12,0,2,14,0,16,0,0,0,16
02/10/2016,BVY,MA,ANE,EN,Federal Contract Tower,0,2,5,0,7,0,1,8,0,9,0,3,13,0,16,10,0,10,26
02/11/2016,BVY,MA,ANE,EN,Federal Contract Tower,0,5,6,0,11,0,0,24,0,24,0,5,30,0,35,22,8,30,65
02/12/2016,BVY,MA,ANE,EN,Federal Contract Tower,0,4,1,0,5,0,1,82,0,83,0,5,83,0,88,90,0,90,178
02/13/2016,BVY,MA,ANE,EN,Federal Contract Tower,0,0,4,0,4,0,0,40,0,40,0,0,44,0,44,26,0,26,70
02/14/2016,BVY,MA,ANE,EN,Federal Contract Tower,0,3,0,0,3,0,0,14,2,16,0,3,14,2,19,24,0,24,43
02/15/2016,BVY,MA,ANE,EN,Federal Contract Tower,0,4,2,0,6,0,2,41,0,43,0,6,43,0,49,32,0,32,81
02/16/2016,BVY,MA,ANE,EN,Federal Contract Tower,0,4,0,0,4,0,0,6,0,6,0,4,6,0,10,0,0,0,10
02/17/2016,BVY,MA,ANE,EN,Federal Contract Tower,0,3,2,0,5,0,1,84,0,85,0,4,86,0,90,88,0,88,178
02/18/2016,BVY,MA,ANE,EN,Federal Contract Tower,0,4,11,0,15,0,4,68,2,74,0,8,79,2,89,70,0,70,159
02/19/2016,BVY,MA,ANE,EN,Federal Contract Tower,0,0,12,0,12,0,0,79,3,82,0,0,91,3,94,96,0,96,190
02/20/2016,BVY,MA,ANE,EN,Federal Contract Tower,0,3,15,0,18,0,0,69,0,69,0,3,84,0,87,76,0,76,163
02/21/2016,BVY,MA,ANE,EN,Federal Contract Tower,0,5,8,0,13,0,5,101,0,106,0,10,109,0,119,166,0,166,285
02/22/2016,BVY,MA,ANE,EN,Federal Contract Tower,0,3,7,0,10,0,1,76,1,78,0,4,83,1,88,94,0,94,182
02/23/2016,BVY,MA,ANE,EN,Federal Contract Tower,0,7,6,0,13,0,0,46,0,46,0,7,52,0,59,40,0,40,99
02/24/2016,BVY,MA,ANE,EN,Federal Contract Tower,0,6,2,0,8,0,0,0,0,0,0,6,2,0,8,0,0,0,8
02/25/2016,BVY,MA,ANE,EN,Federal Contract Tower,0,1,3,0,4,0,0,20,0,20,0,1,23,0,24,4,0,4,28
02/26/2016,BVY,MA,ANE,EN,Federal Contract Tower,0,0,8,0,8,0,0,29,0,29,0,0,37,0,37,14,0,14,51
02/27/2016,BVY,MA,ANE,EN,Federal Contract Tower,0,1,9,0,10,0,0,86,0,86,0,1,95,0,96,138,0,138,234
02/28/2016,BVY,MA,ANE,EN,Federal Contract Tower,0,1,13,1,15,0,0,106,4,110,0,1,119,5,125,82,6,88,213
02/29/2016,BVY,MA,ANE,EN,Federal Contract Tower,0,1,6,0,7,0,0,36,0,36,0,1,42,0,43,8,0,8,51
03/01/2016,BVY,MA,ANE,EN,Federal Contract Tower,0,2,7,0,9,0,0,55,0,55,0,2,62,0,64,120,0,120,184
03/02/2016,BVY,MA,ANE,EN,Federal Contract Tower,0,0,0,0,0,0,0,30,0,30,0,0,30,0,30,16,0,16,46
03/03/2016,BVY,MA,ANE,EN,Federal Contract Tower,0,2,5,0,7,0,2,52,0,54,0,4,57,0,61,98,0,98,159
03/04/2016,BVY,MA,ANE,EN,Federal Contract Tower,0,1,8,0,9,0,0,8,0,8,0,1,16,0,17,56,0,56,73
03/05/2016,BVY,MA,ANE,EN,Federal Contract Tower,0,2,20,0,22,0,2,68,0,70,0,4,88,0,92,146,0,146,238
03/06/2016,BVY,MA,ANE,EN,Federal Contract Tower,0,3,13,0,16,0,1,95,0,96,0,4,108,0,112,156,0,156,268
03/07/2016,BVY,MA,ANE,EN,Federal Contract Tower,0,4,8,1,13,0,7,51,1,59,0,11,59,2,72,52,0,52,124
03/08/2016,BVY,MA,ANE,EN,Federal Contract Tower,0,1,22,0,23,0,0,90,1,91,0,1,112,1,114,128,0,128,242
03/09/2016,BVY,MA,ANE,EN,Federal Contract Tower,0,0,10,0,10,0,2,83,0,85,0,2,93,0,95,96,0,96,191
03/10/2016,BVY,MA,ANE,EN,Federal Contract Tower,0,5,10,0,15,0,0,24,1,25,0,5,34,1,40,52,0,52,92
03/11/2016,BVY,MA,ANE,EN,Federal Contract Tower,0,4,11,0,15,0,0,41,0,41,0,4,52,0,56,56,0,56,112
03/12/2016,BVY,MA,ANE,EN,Federal Contract Tower,0,3,13,0,16,0,1,111,0,112,0,4,124,0,128,140,0,140,268
03/13/2016,BVY,MA,ANE,EN,Federal Contract Tower,0,4,11,0,15,0,1,86,1,88,0,5,97,1,103,64,2,66,169
03/14/2016,BVY,MA,ANE,EN,Federal Contract Tower,0,4,4,0,8,0,1,40,0,41,0,5,44,0,49,66,0,66,115
03/15/2016,BVY,MA,ANE,EN,Federal Contract Tower,0,2,8,0,10,0,0,0,0,0,0,2,8,0,10,0,0,0,10
03/16/2016,BVY,MA,ANE,EN,Federal Contract Tower,0,2,12,0,14,0,0,28,0,28,0,2,40,0,42,82,0,82,124
03/17/2016,BVY,MA,ANE,EN,Federal Contract Tower,0,6,9,0,15,0,0,56,0,56,0,6,65,0,71,54,0,54,125
03/18/2016,BVY,MA,ANE,EN,Federal Contract Tower,0,1,7,0,8,0,0,39,0,39,0,1,46,0,47,50,0,50,97
03/19/2016,BVY,MA,ANE,EN,Federal Contract Tower,0,4,12,0,16,0,0,116,0,116,0,4,128,0,132,162,0,162,294
03/20/2016,BVY,MA,ANE,EN,Federal Contract Tower,0,9,11,0,20,0,0,89,4,93,0,9,100,4,113,214,0,214,327
03/21/2016,BVY,MA,ANE,EN,Federal Contract Tower,0,0,2,0,2,0,0,14,0,14,0,0,16,0,16,0,0,0,16
03/22/2016,BVY,MA,ANE,EN,Federal Contract Tower,0,2,4,0,6,0,2,45,0,47,0,4,49,0,53,34,0,34,87
03/23/2016,BVY,MA,ANE,EN,Federal Contract Tower,0,4,9,0,13,0,0,50,0,50,0,4,59,0,63,92,0,92,155
03/24/2016,BVY,MA,ANE,EN,Federal Contract Tower,0,3,10,0,13,0,0,29,0,29,0,3,39,0,42,14,0,14,56
03/25/2016,BVY,MA,ANE,EN,Federal Contract Tower,0,1,2,0,3,0,0,0,0,0,0,1,2,0,3,0,0,0,3
03/26/2016,BVY,MA,ANE,EN,Federal Contract Tower,0,3,22,0,25,0,0,108,0,108,0,3,130,0,133,216,0,216,349
03/27/2016,BVY,MA,ANE,EN,Federal Contract Tower,0,5,17,0,22,0,1,62,0,63,0,6,79,0,85,100,0,100,185
03/28/2016,BVY,MA,ANE,EN,Federal Contract Tower,0,3,2,0,5,0,0,1,0,1,0,3,3,0,6,0,0,0,6
03/29/2016,BVY,MA,ANE,EN,Federal Contract Tower,0,1,3,0,4,0,0,20,0,20,0,1,23,0,24,0,0,0,24
03/30/2016,BVY,MA,ANE,EN,Federal Contract Tower,0,1,11,1,13,0,0,95,2,97,0,1,106,3,110,160,0,160,270
03/31/2016,BVY,MA,ANE,EN,Federal Contract Tower,0,1,1,0,2,0,1,16,0,17,0,2,17,0,19,8,0,8,27
04/01/2016,BVY,MA,ANE,EN,Federal Contract Tower,0,8,10,0,18,0,0,23,0,23,0,8,33,0,41,52,0,52,93
04/02/2016,BVY,MA,ANE,EN,Federal Contract Tower,0,4,11,0,15,0,0,37,0,37,0,4,48,0,52,78,0,78,130
04/03/2016,BVY,MA,ANE,EN,Federal Contract Tower,0,2,2,0,4,0,1,7,0,8,0,3,9,0,12,2,0,2,14
04/04/2016,BVY,MA,ANE,EN,Federal Contract Tower,0,4,3,0,7,0,0,0,0,0,0,4,3,0,7,0,0,0,7
04/05/2016,BVY,MA,ANE,EN,Federal Contract Tower,0,2,4,0,6,0,0,50,0,50,0,2,54,0,56,50,0,50,106
04/06/2016,BVY,MA,ANE,EN,Federal Contract Tower,0,3,6,1,10,0,2,79,1,82,0,5,85,2,92,76,0,76,168
04/07/2016,BVY,MA,ANE,EN,Federal Contract Tower,0,1,2,0,3,0,0,11,0,11,0,1,13,0,14,6,0,6,20
04/08/2016,BVY,MA,ANE,EN,Federal Contract Tower,0,5,13,0,18,0,0,82,0,82,0,5,95,0,100,114,0,114,214
04/09/2016,BVY,MA,ANE,EN,Federal Contract Tower,0,4,6,0,10,0,0,120,0,120,0,4,126,0,130,224,0,224,354
04/10/2016,BVY,MA,ANE,EN,Federal Contract Tower,0,2,9,0,11,0,2,114,0,116,0,4,123,0,127,142,0,142,269
04/11/2016,BVY,MA,ANE,EN,Federal Contract Tower,0,6,3,0,9,0,0,41,0,41,0,6,44,0,50,38,0,38,88
04/12/2016,BVY,MA,ANE,EN,Federal Contract Tower,0,7,4,0,11,0,0,13,0,13,0,7,17,0,24,32,0,32,56
04/13/2016,BVY,MA,ANE,EN,Federal Contract Tower,0,2,7,0,9,0,0,83,0,83,0,2,90,0,92,122,0,122,214
04/14/2016,BVY,MA,ANE,EN,Federal Contract Tower,0,2,4,0,6,0,2,76,1,79,0,4,80,1,85,114,0,114,199
04/15/2016,BVY,MA,ANE,EN,Federal Contract Tower,0,3,9,0,12,0,1,62,0,63,0,4,71,0,75,20,0,20,95
04/16/2016,BVY,MA,ANE,EN,Federal Contract Tower,0,2,8,0,10,0,2,69,0,71,0,4,77,0,81,66,0,66,147
04/17/2016,BVY,MA,ANE,EN,Federal Contract Tower,0,3,14,0,17,0,3,93,0,96,0,6,107,0,113,142,0,142,255
04/18/2016,BVY,MA,ANE,EN,Federal Contract Tower,0,1,2,0,3,0,3,77,0,80,0,4,79,0,83,98,0,98,181
04/19/2016,BVY,MA,ANE,EN,Federal Contract Tower,0,3,9,0,12,0,0,39,0,39,0,3,48,0,51,38,0,38,89
04/20/2016,BVY,MA,ANE,EN,Federal Contract Tower,0,4,7,0,11,0,2,66,0,68,0,6,73,0,79,104,0,104,183
04/21/2016,BVY,MA,ANE,EN,Federal Contract Tower,0,1,9,1,11,0,2,115,1,118,0,3,124,2,129,142,0,142,271
04/22/2016,BVY,MA,ANE,EN,Federal Contract Tower,0,2,9,0,11,0,1,53,0,54,0,3,62,0,65,72,0,72,137
04/23/2016,BVY,MA,ANE,EN,Federal Contract Tower,0,1,15,0,16,0,0,57,2,59,0,1,72,2,75,72,0,72,147
04/24/2016,BVY,MA,ANE,EN,Federal Contract Tower,0,2,16,0,18,0,3,104,0,107,0,5,120,0,125,134,0,134,259
04/25/2016,BVY,MA,ANE,EN,Federal Contract Tower,0,0,3,8,11,0,0,45,0,45,0,0,48,8,56,22,0,22,78
04/26/2016,BVY,MA,ANE,EN,Federal Contract Tower,0,1,4,0,5,0,0,1,0,1,0,1,5,0,6,0,0,0,6
04/27/2016,BVY,MA,ANE,EN,Federal Contract Tower,0,4,11,0,15,0,3,79,0,82,0,7,90,0,97,120,0,120,217
04/28/2016,BVY,MA,ANE,EN,Federal Contract Tower,0,7,16,0,23,0,3,75,0,78,0,10,91,0,101,110,0,110,211
04/29/2016,BVY,MA,ANE,EN,Federal Contract Tower,0,0,7,0,7,0,1,83,0,84,0,1,90,0,91,82,0,82,173
04/30/2016,BVY,MA,ANE,EN,Federal Contract Tower,0,5,13,0,18,0,0,118,0,118,0,5,131,0,136,110,0,110,246
05/01/2016,BVY,MA,ANE,EN,Federal Contract Tower,0,3,22,0,25,0,0,50,0,50,0,3,72,0,75,106,0,106,181
05/02/2016,BVY,MA,ANE,EN,Federal Contract Tower,0,1,4,0,5,0,0,0,0,0,0,1,4,0,5,0,0,0,5
05/03/2016,BVY,MA,ANE,EN,Federal Contract Tower,0,6,7,0,13,0,0,10,0,10,0,6,17,0,23,10,0,10,33
05/04/2016,BVY,MA,ANE,EN,Federal Contract Tower,0,0,8,0,8,0,0,26,0,26,0,0,34,0,34,48,0,48,82
05/05/2016,BVY,MA,ANE,EN,Federal Contract Tower,0,9,7,0,16,0,0,0,0,0,0,9,7,0,16,0,0,0,16
05/06/2016,BVY,MA,ANE,EN,Federal Contract Tower,0,0,17,0,17,0,0,48,1,49,0,0,65,1,66,54,0,54,120
05/07/2016,BVY,MA,ANE,EN,Federal Contract Tower,0,1,7,0,8,0,0,0,0,0,0,1,7,0,8,0,0,0,8
05/08/2016,BVY,MA,ANE,EN,Federal Contract Tower,0,4,6,0,10,0,1,2,0,3,0,5,8,0,13,4,0,4,17
05/09/2016,BVY,MA,ANE,EN,Federal Contract Tower,0,3,7,0,10,0,1,55,0,56,0,4,62,0,66,22,0,22,88
05/10/2016,BVY,MA,ANE,EN,Federal Contract Tower,0,4,4,0,8,0,3,83,0,86,0,7,87,0,94,96,0,96,190
05/11/2016,BVY,MA,ANE,EN,Federal Contract Tower,0,2,13,0,15,0,0,97,0,97,0,2,110,0,112,110,0,110,222
05/12/2016,BVY,MA,ANE,EN,Federal Contract Tower,0,6,6,1,13,0,1,96,2,99,0,7,102,3,112,98,0,98,210
05/13/2016,BVY,MA,ANE,EN,Federal Contract Tower,0,4,15,2,21,0,0,50,2,52,0,4,65,4,73,90,0,90,163
05/14/2016,BVY,MA,ANE,EN,Federal Contract Tower,0,2,13,0,15,0,1,133,0,134,0,3,146,0,149,190,0,190,339
05/15/2016,BVY,MA,ANE,EN,Federal Contract Tower,0,6,13,0,19,0,0,27,0,27,0,6,40,0,46,10,0,10,56
05/16/2016,BVY,MA,ANE,EN,Federal Contract Tower,0,4,8,0,12,0,1,34,0,35,0,5,42,0,47,14,0,14,61
05/17/2016,BVY,MA,ANE,EN,Federal Contract Tower,0,6,9,0,15,0,0,56,0,56,0,6,65,0,71,68,0,68,139
05/18/2016,BVY,MA,ANE,EN,Federal Contract Tower,0,1,9,0,10,0,2,76,0,78,0,3,85,0,88,72,0,72,160
05/19/2016,BVY,MA,ANE,EN,Federal Contract Tower,0,6,12,0,18,0,1,76,0,77,0,7,88,0,95,112,0,112,207
05/20/2016,BVY,MA,ANE,EN,Federal Contract Tower,0,3,15,0,18,0,0,93,1,94,0,3,108,1,112,110,0,110,222
05/21/2016,BVY,MA,ANE,EN,Federal Contract Tower,0,2,20,0,22,0,0,101,2,103,0,2,121,2,125,174,0,174,299
05/22/2016,BVY,MA,ANE,EN,Federal Contract Tower,0,9,8,0,17,0,0,63,0,63,0,9,71,0,80,68,0,68,148
05/23/2016,BVY,MA,ANE,EN,Federal Contract Tower,0,5,6,0,11,0,1,56,2,59,0,6,62,2,70,68,0,68,138
05/24/2016,BVY,MA,ANE,EN,Federal Contract Tower,0,1,4,0,5,0,0,0,0,0,0,1,4,0,5,0,0,0,5
05/25/2016,BVY,MA,ANE,EN,Federal Contract Tower,0,6,5,0,11,0,0,70,2,72,0,6,75,2,83,78,0,78,161
05/26/2016,BVY,MA,ANE,EN,Federal Contract Tower,0,0,8,0,8,0,0,100,0,100,0,0,108,0,108,76,0,76,184
05/27/2016,BVY,MA,ANE,EN,Federal Contract Tower,0,5,6,0,11,0,0,75,0,75,0,5,81,0,86,86,0,86,172
05/28/2016,BVY,MA,ANE,EN,Federal Contract Tower,0,1,7,0,8,0,0,100,0,100,0,1,107,0,108,148,0,148,256
05/29/2016,BVY,MA,ANE,EN,Federal Contract Tower,0,2,9,0,11,0,0,0,0,0,0,2,9,0,11,0,0,0,11
05/30/2016,BVY,MA,ANE,EN,Federal Contract Tower,0,5,13,0,18,0,0,29,0,29,0,5,42,0,47,22,0,22,69
05/31/2016,BVY,MA,ANE,EN,Federal Contract Tower,0,4,12,0,16,0,1,50,4,55,0,5,62,4,71,58,0,58,129
06/01/2016,BVY,MA,ANE,EN,Federal Contract Tower,0,5,6,0,11,0,0,87,1,88,0,5,93,1,99,70,0,70,169
06/02/2016,BVY,MA,ANE,EN,Federal Contract Tower,0,14,8,0,22,0,0,27,0,27,0,14,35,0,49,48,0,48,97
06/03/2016,BVY,MA,ANE,EN,Federal Contract Tower,0,2,9,0,11,0,0,28,0,28,0,2,37,0,39,84,0,84,123
06/04/2016,BVY,MA,ANE,EN,Federal Contract Tower,0,0,12,1,13,0,0,99,5,104,0,0,111,6,117,232,0,232,349
06/05/2016,BVY,MA,ANE,EN,Federal Contract Tower,0,4,2,0,6,0,0,0,0,0,0,4,2,0,6,0,0,0,6
06/06/2016,BVY,MA,ANE,EN,Federal Contract Tower,0,1,12,0,13,0,0,75,4,79,0,1,87,4,92,132,0,132,224
06/07/2016,BVY,MA,ANE,EN,Federal Contract Tower,0,0,13,0,13,0,0,19,0,19,0,0,32,0,32,32,0,32,64
06/08/2016,BVY,MA,ANE,EN,Federal Contract Tower,0,1,12,0,13,0,0,66,0,66,0,1,78,0,79,60,0,60,139
06/09/2016,BVY,MA,ANE,EN,Federal Contract Tower,0,5,10,0,15,0,0,43,3,46,0,5,53,3,61,16,0,16,77
06/10/2016,BVY,MA,ANE,EN,Federal Contract Tower,0,0,6,0,6,0,0,96,0,96,0,0,102,0,102,132,0,132,234
06/11/2016,BVY,MA,ANE,EN,Federal Contract Tower,0,4,13,1,18,0,1,67,0,68,0,5,80,1,86,86,0,86,172
06/12/2016,BVY,MA,ANE,EN,Federal Contract Tower,0,6,8,0,14,0,1,37,0,38,0,7,45,0,52,26,0,26,78
06/13/2016,BVY,MA,ANE,EN,Federal Contract Tower,0,8,10,0,18,0,1,82,0,83,0,9,92,0,101,4,0,4,105
06/14/2016,BVY,MA,ANE,EN,Federal Contract Tower,0,6,3,0,9,0,2,57,2,61,0,8,60,2,70,74,0,74,144
06/15/2016,BVY,MA,ANE,EN,Federal Contract Tower,0,7,5,0,12,0,2,110,2,114,0,9,115,2,126,236,0,236,362
06/16/2016,BVY,MA,ANE,EN,Federal Contract Tower,0,6,5,1,12,0,1,84,1,86,0,7,89,2,98,130,0,130,228
06/17/2016,BVY,MA,ANE,EN,Federal Contract Tower,0,9,13,0,22,0,0,96,0,96,0,9,109,0,118,134,0,134,252
06/18/2016,BVY,MA,ANE,EN,Federal Contract Tower,0,5,10,0,15,0,1,108,0,109,0,6,118,0,124,110,0,110,234
06/19/2016,BVY,MA,ANE,EN,Federal Contract Tower,0,7,7,0,14,0,1,91,0,92,0,8,98,0,106,60,0,60,166
06/20/2016,BVY,MA,ANE,EN,Federal Contract Tower,0,5,12,1,18,0,4,80,1,85,0,9,92,2,103,88,0,88,191
06/21/2016,BVY,MA,ANE,EN,Federal Contract Tower,0,0,7,0,7,0,0,64,2,66,0,0,71,2,73,72,0,72,145
06/22/2016,BVY,MA,ANE,EN,Federal Contract Tower,0,8,10,0,18,0,1,57,0,58,0,9,67,0,76,52,0,52,128
06/23/2016,BVY,MA,ANE,EN,Federal Contract Tower,0,8,9,0,17,0,2,69,0,71,0,10,78,0,88,68,0,68,156
06/24/2016,BVY,MA,ANE,EN,Federal Contract Tower,0,14,7,0,21,0,1,81,0,82,0,15,88,0,103,62,0,62,165
06/25/2016,BVY,MA,ANE,EN,Federal Contract Tower,0,5,21,0,26,0,4,106,0,110,0,9,127,0,136,162,0,162,298
06/26/2016,BVY,MA,ANE,EN,Federal Contract Tower,0,12,19,0,31,0,4,117,0,121,0,16,136,0,152,64,0,64,216
06/27/2016,BVY,MA,ANE,EN,Federal Contract Tower,0,11,12,0,23,0,0,73,0,73,0,11,85,0,96,30,0,30,126
06/28/2016,BVY,MA,ANE,EN,Federal Contract Tower,0,6,12,0,18,0,0,44,0,44,0,6,56,0,62,66,0,66,128
06/29/2016,BVY,MA,ANE,EN,Federal Contract Tower,0,2,9,0,11,0,0,54,0,54,0,2,63,0,65,54,0,54,119
06/30/2016,BVY,MA,ANE,EN,Federal Contract Tower,0,7,16,0,23,0,2,109,0,111,0,9,125,0,134,94,0,94,228
07/01/2016,BVY,MA,ANE,EN,Federal Contract Tower,0,1,7,0,8,0,3,88,0,91,0,4,95,0,99,90,0,90,189
07/02/2016,BVY,MA,ANE,EN,Federal Contract Tower,0,3,5,0,8,0,0,76,0,76,0,3,81,0,84,64,0,64,148
07/03/2016,BVY,MA,ANE,EN,Federal Contract Tower,0,1,5,0,6,0,0,47,0,47,0,1,52,0,53,28,0,28,81
07/04/2016,BVY,MA,ANE,EN,Federal Contract Tower,0,9,8,0,17,0,1,47,0,48,0,10,55,0,65,32,0,32,97
07/05/2016,BVY,MA,ANE,EN,Federal Contract Tower,0,2,17,1,20,0,0,20,0,20,0,2,37,1,40,48,0,48,88
07/06/2016,BVY,MA,ANE,EN,Federal Contract Tower,0,1,6,0,7,0,0,88,0,88,0,1,94,0,95,74,0,74,169
07/07/2016,BVY,MA,ANE,EN,Federal Contract Tower,0,7,15,0,22,0,0,39,0,39,0,7,54,0,61,104,0,104,165
07/08/2016,BVY,MA,ANE,EN,Federal Contract Tower,0,13,21,0,34,0,0,32,0,32,0,13,53,0,66,78,0,78,144
07/09/2016,BVY,MA,ANE,EN,Federal Contract Tower,0,11,19,0,30,0,0,4,0,4,0,11,23,0,34,20,0,20,54
07/10/2016,BVY,MA,ANE,EN,Federal Contract Tower,0,4,12,0,16,0,0,6,0,6,0,4,18,0,22,30,0,30,52
07/11/2016,BVY,MA,ANE,EN,Federal Contract Tower,0,13,21,0,34,0,0,61,0,61,0,13,82,0,95,78,0,78,173
07/12/2016,BVY,MA,ANE,EN,Federal Contract Tower,0,4,4,0,8,0,0,106,0,106,0,4,110,0,114,112,0,112,226
07/13/2016,BVY,MA,ANE,EN,Federal Contract Tower,0,5,11,0,16,0,0,84,0,84,0,5,95,0,100,86,0,86,186
07/14/2016,BVY,MA,ANE,EN,Federal Contract Tower,0,7,8,0,15,0,0,60,0,60,0,7,68,0,75,8,0,8,83
07/15/2016,BVY,MA,ANE,EN,Federal Contract Tower,0,6,9,0,15,0,1,72,0,73,0,7,81,0,88,52,0,52,140
07/16/2016,BVY,MA,ANE,EN,Federal Contract Tower,0,10,14,0,24,0,5,95,4,104,0,15,109,4,128,130,0,130,258
07/17/2016,BVY,MA,ANE,EN,Federal Contract Tower,0,4,15,0,19,0,0,90,0,90,0,4,105,0,109,118,0,118,227
07/18/2016,BVY,MA,ANE,EN,Federal Contract Tower,0,1,8,0,9,0,2,49,0,51,0,3,57,0,60,16,0,16,76
07/19/2016,BVY,MA,ANE,EN,Federal Contract Tower,0,3,11,0,14,0,2,71,0,73,0,5,82,0,87,66,2,68,155
07/20/2016,BVY,MA,ANE,EN,Federal Contract Tower,0,3,12,0,15,0,1,103,0,104,0,4,115,0,119,98,0,98,217
07/21/2016,BVY,MA,ANE,EN,Federal Contract Tower,0,2,7,0,9,0,1,95,0,96,0,3,102,0,105,140,6,146,251
07/22/2016,BVY,MA,ANE,EN,Federal Contract Tower,0,7,7,0,14,0,0,82,0,82,0,7,89,0,96,50,0,50,146
07/23/2016,BVY,MA,ANE,EN,Federal Contract Tower,0,1,7,0,8,0,3,69,0,72,0,4,76,0,80,78,0,78,158
07/24/2016,BVY,MA,ANE,EN,Federal Contract Tower,0,3,5,0,8,0,5,98,0,103,0,8,103,0,111,104,0,104,215
07/25/2016,BVY,MA,ANE,EN,Federal Contract Tower,0,3,7,0,10,0,3,62,0,65,0,6,69,0,75,36,0,36,111
07/26/2016,BVY,MA,ANE,EN,Federal Contract Tower,0,9,9,0,18,0,0,75,2,77,0,9,84,2,95,88,0,88,183
07/27/2016,BVY,MA,ANE,EN,Federal Contract Tower,0,6,7,0,13,0,4,86,0,90,0,10,93,0,103,102,0,102,205
07/28/2016,BVY,MA,ANE,EN,Federal Contract Tower,0,7,9,0,16,0,5,54,3,62,0,12,63,3,78,84,0,84,162
07/29/2016,BVY,MA,ANE,EN,Federal Contract Tower,0,11,13,0,24,0,0,33,0,33,0,11,46,0,57,62,0,62,119
07/30/2016,BVY,MA,ANE,EN,Federal Contract Tower,0,6,16,0,22,0,0,124,1,125,0,6,140,1,147,110,0,110,257
07/31/2016,BVY,MA,ANE,EN,Federal Contract Tower,0,6,27,0,33,0,0,5,0,5,0,6,32,0,38,8,0,8,46
08/01/2016,BVY,MA,ANE,EN,Federal Contract Tower,0,9,19,0,28,0,0,20,0,20,0,9,39,0,48,38,0,38,86
08/02/2016,BVY,MA,ANE,EN,Federal Contract Tower,0,5,8,0,13,0,0,54,0,54,0,5,62,0,67,114,0,114,181
08/03/2016,BVY,MA,ANE,EN,Federal Contract Tower,0,8,14,0,22,0,0,94,0,94,0,8,108,0,116,102,0,102,218
08/04/2016,BVY,MA,ANE,EN,Federal Contract Tower,0,8,12,0,20,0,3,101,0,104,0,11,113,0,124,150,8,158,282
08/06/2016,BVY,MA,ANE,EN,Federal Contract Tower,0,6,5,0,11,0,1,63,0,64,0,7,68,0,75,98,0,98,173
08/07/2016,BVY,MA,ANE,EN,Federal Contract Tower,0,5,15,0,20,0,2,137,0,139,0,7,152,0,159,152,0,152,311
08/08/2016,BVY,MA,ANE,EN,Federal Contract Tower,0,8,5,0,13,0,0,66,0,66,0,8,71,0,79,68,0,68,147
08/09/2016,BVY,MA,ANE,EN,Federal Contract Tower,0,4,11,0,15,0,2,144,0,146,0,6,155,0,161,114,2,116,277
08/10/2016,BVY,MA,ANE,EN,Federal Contract Tower,0,3,21,1,25,0,0,15,0,15,0,3,36,1,40,0,0,0,40
08/11/2016,BVY,MA,ANE,EN,Federal Contract Tower,0,10,16,0,26,0,1,75,4,80,0,11,91,4,106,108,0,108,214
08/12/2016,BVY,MA,ANE,EN,Federal Contract Tower,0,5,10,0,15,0,1,49,0,50,0,6,59,0,65,16,0,16,81
08/13/2016,BVY,MA,ANE,EN,Federal Contract Tower,0,15,14,0,29,0,0,33,0,33,0,15,47,0,62,126,0,126,188
08/14/2016,BVY,MA,ANE,EN,Federal Contract Tower,0,9,4,0,13,0,1,82,0,83,0,10,86,0,96,60,0,60,156
08/15/2016,BVY,MA,ANE,EN,Federal Contract Tower,0,7,17,0,24,0,0,50,0,50,0,7,67,0,74,18,0,18,92
08/16/2016,BVY,MA,ANE,EN,Federal Contract Tower,0,2,12,0,14,0,0,39,0,39,0,2,51,0,53,86,0,86,139
08/17/2016,BVY,MA,ANE,EN,Federal Contract Tower,0,9,14,0,23,0,8,37,0,45,0,17,51,0,68,6,0,6,74
08/18/2016,BVY,MA,ANE,EN,Federal Contract Tower,0,4,13,1,18,0,0,65,0,65,0,4,78,1,83,66,0,66,149
08/19/2016,BVY,MA,ANE,EN,Federal Contract Tower,0,4,5,0,9,0,0,61,1,62,0,4,66,1,71,92,0,92,163
08/20/2016,BVY,MA,ANE,EN,Federal Contract Tower,0,6,8,1,15,0,0,94,1,95,0,6,102,2,110,82,0,82,192
08/21/2016,BVY,MA,ANE,EN,Federal Contract Tower,0,8,10,0,18,0,1,77,0,78,0,9,87,0,96,70,0,70,166
08/22/2016,BVY,MA,ANE,EN,Federal Contract Tower,0,6,16,0,22,0,1,48,0,49,0,7,64,0,71,38,0,38,109
08/23/2016,BVY,MA,ANE,EN,Federal Contract Tower,0,4,7,0,11,0,0,82,4,86,0,4,89,4,97,152,0,152,249
08/24/2016,BVY,MA,ANE,EN,Federal Contract Tower,0,5,8,0,13,0,2,107,0,109,0,7,115,0,122,96,0,96,218
08/25/2016,BVY,MA,ANE,EN,Federal Contract Tower,0,8,11,0,19,0,6,75,4,85,0,14,86,4,104,36,0,36,140
08/26/2016,BVY,MA,ANE,EN,Federal Contract Tower,0,5,13,0,18,0,0,91,0,91,0,5,104,0,109,102,0,102,211
08/27/2016,BVY,MA,ANE,EN,Federal Contract Tower,0,7,9,0,16,0,1,97,0,98,0,8,106,0,114,118,0,118,232
08/28/2016,BVY,MA,ANE,EN,Federal Contract Tower,0,0,8,0,8,0,2,74,0,76,0,2,82,0,84,66,0,66,150
08/29/2016,BVY,MA,ANE,EN,Federal Contract Tower,0,6,9,0,15,0,0,56,0,56,0,6,65,0,71,92,0,92,163
08/30/2016,BVY,MA,ANE,EN,Federal Contract Tower,0,5,5,0,10,0,1,87,0,88,0,6,92,0,98,156,0,156,254
08/31/2016,BVY,MA,ANE,EN,Federal Contract Tower,0,2,9,0,11,0,3,54,0,57,0,5,63,0,68,100,0,100,168
09/01/2016,BVY,MA,ANE,EN,Federal Contract Tower,0,4,11,0,15,0,0,76,0,76,0,4,87,0,91,118,0,118,209
09/02/2016,BVY,MA,ANE,EN,Federal Contract Tower,0,4,12,1,17,0,1,110,0,111,0,5,122,1,128,164,0,164,292
09/03/2016,BVY,MA,ANE,EN,Federal Contract Tower,0,1,9,0,10,0,3,101,0,104,0,4,110,0,114,78,0,78,192
09/04/2016,BVY,MA,ANE,EN,Federal Contract Tower,0,2,7,0,9,0,7,68,0,75,0,9,75,0,84,52,0,52,136
09/05/2016,BVY,MA,ANE,EN,Federal Contract Tower,0,9,6,0,15,0,0,39,0,39,0,9,45,0,54,16,0,16,70
09/06/2016,BVY,MA,ANE,EN,Federal Contract Tower,0,3,2,0,5,0,0,0,0,0,0,3,2,0,5,0,0,0,5
09/07/2016,BVY,MA,ANE,EN,Federal Contract Tower,0,4,12,0,16,0,0,9,0,9,0,4,21,0,25,18,0,18,43
09/08/2016,BVY,MA,ANE,EN,Federal Contract Tower,0,7,7,0,14,0,0,42,0,42,0,7,49,0,56,32,0,32,88
09/09/2016,BVY,MA,ANE,EN,Federal Contract Tower,0,8,14,0,22,0,0,57,0,57,0,8,71,0,79,96,0,96,175
09/10/2016,BVY,MA,ANE,EN,Federal Contract Tower,0,7,19,0,26,0,2,89,0,91,0,9,108,0,117,142,0,142,259
09/11/2016,BVY,MA,ANE,EN,Federal Contract Tower,0,5,12,0,17,0,0,45,0,45,0,5,57,0,62,28,0,28,90
09/12/2016,BVY,MA,ANE,EN,Federal Contract Tower,0,2,6,0,8,0,5,56,0,61,0,7,62,0,69,86,0,86,155
09/13/2016,BVY,MA,ANE,EN,Federal Contract Tower,0,9,6,1,16,0,4,100,0,104,0,13,106,1,120,114,0,114,234
09/14/2016,BVY,MA,ANE,EN,Federal Contract Tower,0,7,4,0,11,0,1,76,0,77,0,8,80,0,88,110,0,110,198
09/15/2016,BVY,MA,ANE,EN,Federal Contract Tower,0,6,10,0,16,0,3,66,0,69,0,9,76,0,85,64,0,64,149
09/16/2016,BVY,MA,ANE,EN,Federal Contract Tower,0,2,11,0,13,0,0,108,0,108,0,2,119,0,121,142,0,142,263
09/17/2016,BVY,MA,ANE,EN,Federal Contract Tower,0,0,11,0,11,0,0,116,0,116,0,0,127,0,127,116,0,116,243
09/18/2016,BVY,MA,ANE,EN,Federal Contract Tower,0,7,12,0,19,0,0,64,0,64,0,7,76,0,83,92,0,92,175
09/19/2016,BVY,MA,ANE,EN,Federal Contract Tower,0,6,6,0,12,0,0,2,0,2,0,6,8,0,14,0,0,0,14
09/20/2016,BVY,MA,ANE,EN,Federal Contract Tower,0,4,16,0,20,0,0,32,0,32,0,4,48,0,52,88,0,88,140
09/21/2016,BVY,MA,ANE,EN,Federal Contract Tower,0,1,11,0,12,0,2,80,0,82,0,3,91,0,94,160,0,160,254
09/22/2016,BVY,MA,ANE,EN,Federal Contract Tower,0,3,18,0,21,0,2,105,0,107,0,5,123,0,128,122,0,122,250
09/23/2016,BVY,MA,ANE,EN,Federal Contract Tower,0,13,20,0,33,0,5,71,0,76,0,18,91,0,109,56,0,56,165
09/24/2016,BVY,MA,ANE,EN,Federal Contract Tower,0,0,6,0,6,0,0,98,0,98,0,0,104,0,104,138,0,138,242
09/25/2016,BVY,MA,ANE,EN,Federal Contract Tower,0,5,11,0,16,0,0,96,0,96,0,5,107,0,112,36,0,36,148
09/26/2016,BVY,MA,ANE,EN,Federal Contract Tower,0,1,16,0,17,0,2,46,0,48,0,3,62,0,65,116,0,116,181
09/27/2016,BVY,MA,ANE,EN,Federal Contract Tower,0,3,17,0,20,0,0,36,0,36,0,3,53,0,56,24,0,24,80
09/28/2016,BVY,MA,ANE,EN,Federal Contract Tower,0,4,20,0,24,0,0,8,0,8,0,4,28,0,32,2,0,2,34
09/29/2016,BVY,MA,ANE,EN,Federal Contract Tower,0,7,5,2,14,0,0,30,2,32,0,7,35,4,46,96,0,96,142
09/30/2016,BVY,MA,ANE,EN,Federal Contract Tower,0,7,18,0,25,0,0,28,0,28,0,7,46,0,53,54,0,54,107
10/01/2016,BVY,MA,ANE,EN,Federal Contract Tower,0,8,10,0,18,0,0,0,0,0,0,8,10,0,18,0,0,0,18
10/02/2016,BVY,MA,ANE,EN,Federal Contract Tower,0,9,15,0,24,0,0,0,0,0,0,9,15,0,24,0,0,0,24
10/03/2016,BVY,MA,ANE,EN,Federal Contract Tower,0,5,17,0,22,0,0,50,0,50,0,5,67,0,72,70,0,70,142
10/04/2016,BVY,MA,ANE,EN,Federal Contract Tower,0,5,10,0,15,0,2,46,0,48,0,7,56,0,63,112,0,112,175
10/05/2016,BVY,MA,ANE,EN,Federal Contract Tower,0,3,16,0,19,0,2,65,0,67,0,5,81,0,86,148,8,156,242
10/06/2016,BVY,MA,ANE,EN,Federal Contract Tower,0,4,7,0,11,0,0,90,0,90,0,4,97,0,101,122,0,122,223
10/07/2016,BVY,MA,ANE,EN,Federal Contract Tower,0,12,8,0,20,0,6,103,2,111,0,18,111,2,131,68,0,68,199
10/08/2016,BVY,MA,ANE,EN,Federal Contract Tower,0,0,11,0,11,0,0,93,0,93,0,0,104,0,104,148,0,148,252
10/09/2016,BVY,MA,ANE,EN,Federal Contract Tower,0,6,10,0,16,0,0,0,0,0,0,6,10,0,16,0,0,0,16
10/10/2016,BVY,MA,ANE,EN,Federal Contract Tower,0,7,8,0,15,0,2,70,0,72,0,9,78,0,87,40,0,40,127
10/11/2016,BVY,MA,ANE,EN,Federal Contract Tower,0,2,8,0,10,0,4,92,0,96,0,6,100,0,106,134,0,134,240
10/12/2016,BVY,MA,ANE,EN,Federal Contract Tower,0,8,18,0,26,0,0,75,0,75,0,8,93,0,101,166,0,166,267
10/13/2016,BVY,MA,ANE,EN,Federal Contract Tower,0,8,11,0,19,0,0,51,0,51,0,8,62,0,70,84,0,84,154
10/14/2016,BVY,MA,ANE,EN,Federal Contract Tower,0,0,10,0,10,0,0,84,0,84,0,0,94,0,94,100,0,100,194
10/15/2016,BVY,MA,ANE,EN,Federal Contract Tower,0,3,13,0,16,0,2,131,0,133,0,5,144,0,149,192,0,192,341
10/16/2016,BVY,MA,ANE,EN,Federal Contract Tower,0,8,11,0,19,0,0,106,0,106,0,8,117,0,125,72,0,72,197
10/17/2016,BVY,MA,ANE,EN,Federal Contract Tower,0,3,12,0,15,0,1,93,0,94,0,4,105,0,109,94,0,94,203
10/18/2016,BVY,MA,ANE,EN,Federal Contract Tower,0,2,13,0,15,0,0,0,0,0,0,2,13,0,15,0,0,0,15
10/19/2016,BVY,MA,ANE,EN,Federal Contract Tower,0,2,13,0,15,0,3,119,1,123,0,5,132,1,138,122,0,122,260
10/20/2016,BVY,MA,ANE,EN,Federal Contract Tower,0,14,23,0,37,0,0,59,0,59,0,14,82,0,96,78,0,78,174
10/21/2016,BVY,MA,ANE,EN,Federal Contract Tower,0,4,14,0,18,0,0,10,0,10,0,4,24,0,28,12,0,12,40
10/22/2016,BVY,MA,ANE,EN,Federal Contract Tower,0,7,9,0,16,0,0,0,0,0,0,7,9,0,16,0,0,0,16
10/23/2016,BVY,MA,ANE,EN,Federal Contract Tower,0,6,9,0,15,0,1,24,0,25,0,7,33,0,40,30,0,30,70
10/24/2016,BVY,MA,ANE,EN,Federal Contract Tower,0,3,5,0,8,0,0,47,0,47,0,3,52,0,55,18,0,18,73
10/25/2016,BVY,MA,ANE,EN,Federal Contract Tower,0,1,12,0,13,0,4,48,2,54,0,5,60,2,67,42,0,42,109
10/26/2016,BVY,MA,ANE,EN,Federal Contract Tower,0,2,4,0,6,0,1,72,4,77,0,3,76,4,83,66,0,66,149
10/27/2016,BVY,MA,ANE,EN,Federal Contract Tower,0,5,6,0,11,0,0,26,0,26,0,5,32,0,37,56,0,56,93
10/28/2016,BVY,MA,ANE,EN,Federal Contract Tower,0,3,7,0,10,0,0,0,0,0,0,3,7,0,10,0,0,0,10
10/29/2016,BVY,MA,ANE,EN,Federal Contract Tower,0,6,22,0,28,0,0,75,0,75,0,6,97,0,103,120,0,120,223
10/30/2016,BVY,MA,ANE,EN,Federal Contract Tower,0,1,16,0,17,0,0,66,0,66,0,1,82,0,83,88,0,88,171
10/31/2016,BVY,MA,ANE,EN,Federal Contract Tower,0,5,4,0,9,0,0,64,0,64,0,5,68,0,73,72,6,78,151
11/01/2016,BVY,MA,ANE,EN,Federal Contract Tower,0,3,9,0,12,0,0,70,0,70,0,3,79,0,82,164,0,164,246
11/02/2016,BVY,MA,ANE,EN,Federal Contract Tower,0,2,5,0,7,0,3,92,0,95,0,5,97,0,102,76,2,78,180
11/03/2016,BVY,MA,ANE,EN,Federal Contract Tower,0,3,5,0,8,0,0,14,0,14,0,3,19,0,22,46,0,46,68
11/04/2016,BVY,MA,ANE,EN,Federal Contract Tower,0,5,12,0,17,0,0,74,1,75,0,5,86,1,92,130,0,130,222
11/05/2016,BVY,MA,ANE,EN,Federal Contract Tower,0,4,9,1,14,0,1,104,4,109,0,5,113,5,123,88,0,88,211
11/06/2016,BVY,MA,ANE,EN,Federal Contract Tower,0,4,11,0,15,0,0,45,0,45,0,4,56,0,60,68,0,68,128
11/07/2016,BVY,MA,ANE,EN,Federal Contract Tower,0,6,8,2,16,0,0,32,1,33,0,6,40,3,49,18,2,20,69
11/08/2016,BVY,MA,ANE,EN,Federal Contract Tower,0,3,9,0,12,0,3,75,0,78,0,6,84,0,90,74,0,74,164
11/09/2016,BVY,MA,ANE,EN,Federal Contract Tower,0,5,10,0,15,0,1,50,0,51,0,6,60,0,66,52,0,52,118
11/10/2016,BVY,MA,ANE,EN,Federal Contract Tower,0,2,8,0,10,0,0,79,0,79,0,2,87,0,89,82,0,82,171
11/11/2016,BVY,MA,ANE,EN,Federal Contract Tower,0,4,3,0,7,0,0,47,0,47,0,4,50,0,54,50,0,50,104
11/12/2016,BVY,MA,ANE,EN,Federal Contract Tower,0,0,8,0,8,0,0,112,0,112,0,0,120,0,120,126,0,126,246
11/13/2016,BVY,MA,ANE,EN,Federal Contract Tower,0,2,14,0,16,0,0,117,0,117,0,2,131,0,133,180,0,180,313
11/14/2016,BVY,MA,ANE,EN,Federal Contract Tower,0,0,9,0,9,0,2,59,0,61,0,2,68,0,70,64,0,64,134
11/15/2016,BVY,MA,ANE,EN,Federal Contract Tower,0,4,4,0,8,0,0,13,0,13,0,4,17,0,21,16,0,16,37
11/16/2016,BVY,MA,ANE,EN,Federal Contract Tower,0,4,3,0,7,0,0,22,0,22,0,4,25,0,29,32,0,32,61
11/17/2016,BVY,MA,ANE,EN,Federal Contract Tower,0,3,19,0,22,0,0,82,0,82,0,3,101,0,104,132,0,132,236
11/18/2016,BVY,MA,ANE,EN,Federal Contract Tower,0,5,9,0,14,0,0,88,0,88,0,5,97,0,102,72,0,72,174
11/19/2016,BVY,MA,ANE,EN,Federal Contract Tower,0,4,12,0,16,0,0,92,0,92,0,4,104,0,108,120,0,120,228
11/20/2016,BVY,MA,ANE,EN,Federal Contract Tower,0,0,5,0,5,0,0,7,0,7,0,0,12,0,12,20,0,20,32
11/21/2016,BVY,MA,ANE,EN,Federal Contract Tower,0,1,8,0,9,0,0,14,0,14,0,1,22,0,23,12,0,12,35
11/22/2016,BVY,MA,ANE,EN,Federal Contract Tower,0,3,6,1,10,0,0,34,0,34,0,3,40,1,44,6,0,6,50
11/23/2016,BVY,MA,ANE,EN,Federal Contract Tower,0,2,5,0,7,0,2,68,0,70,0,4,73,0,77,132,0,132,209
11/24/2016,BVY,MA,ANE,EN,Federal Contract Tower,0,2,0,0,2,0,0,4,0,4,0,2,4,0,6,0,0,0,6
11/25/2016,BVY,MA,ANE,EN,Federal Contract Tower,0,1,2,0,3,0,0,2,0,2,0,1,4,0,5,0,0,0,5
11/26/2016,BVY,MA,ANE,EN,Federal Contract Tower,0,2,18,0,20,0,0,2,0,2,0,2,20,0,22,0,0,0,22
11/27/2016,BVY,MA,ANE,EN,Federal Contract Tower,0,4,16,0,20,0,1,78,0,79,0,5,94,0,99,50,0,50,149
11/28/2016,BVY,MA,ANE,EN,Federal Contract Tower,0,4,11,0,15,0,0,56,0,56,0,4,67,0,71,96,0,96,167
11/29/2016,BVY,MA,ANE,EN,Federal Contract Tower,0,4,2,0,6,0,0,5,0,5,0,4,7,0,11,16,0,16,27
11/30/2016,BVY,MA,ANE,EN,Federal Contract Tower,0,2,1,0,3,0,0,0,0,0,0,2,1,0,3,0,0,0,3
12/01/2016,BVY,MA,ANE,EN,Federal Contract Tower,0,2,4,0,6,0,0,37,0,37,0,2,41,0,43,48,0,48,91
12/02/2016,BVY,MA,ANE,EN,Federal Contract Tower,0,4,6,0,10,0,0,48,0,48,0,4,54,0,58,108,0,108,166
12/03/2016,BVY,MA,ANE,EN,Federal Contract Tower,0,2,8,1,11,0,0,45,0,45,0,2,53,1,56,32,0,32,88
12/04/2016,BVY,MA,ANE,EN,Federal Contract Tower,0,7,5,0,12,0,0,77,0,77,0,7,82,0,89,122,0,122,211
12/05/2016,BVY,MA,ANE,EN,Federal Contract Tower,0,3,0,0,3,0,0,6,0,6,0,3,6,0,9,0,0,0,9
12/06/2016,BVY,MA,ANE,EN,Federal Contract Tower,0,1,8,0,9,0,1,63,0,64,0,2,71,0,73,98,0,98,171
12/07/2016,BVY,MA,ANE,EN,Federal Contract Tower,0,4,4,0,8,0,0,0,0,0,0,4,4,0,8,0,0,0,8
12/08/2016,BVY,MA,ANE,EN,Federal Contract Tower,0,2,14,0,16,0,0,51,0,51,0,2,65,0,67,86,0,86,153
12/09/2016,BVY,MA,ANE,EN,Federal Contract Tower,0,1,2,0,3,0,2,61,0,63,0,3,63,0,66,24,0,24,90
12/10/2016,BVY,MA,ANE,EN,Federal Contract Tower,0,4,2,0,6,0,0,74,0,74,0,4,76,0,80,134,0,134,214
12/11/2016,BVY,MA,ANE,EN,Federal Contract Tower,0,5,9,0,14,0,0,60,0,60,0,5,69,0,74,104,0,104,178
12/12/2016,BVY,MA,ANE,EN,Federal Contract Tower,0,2,4,0,6,0,0,9,0,9,0,2,13,0,15,12,0,12,27
12/13/2016,BVY,MA,ANE,EN,Federal Contract Tower,0,5,8,0,13,0,0,56,0,56,0,5,64,0,69,128,0,128,197
12/14/2016,BVY,MA,ANE,EN,Federal Contract Tower,0,3,11,0,14,0,0,85,1,86,0,3,96,1,100,56,0,56,156
12/15/2016,BVY,MA,ANE,EN,Federal Contract Tower,0,1,3,0,4,0,0,23,0,23,0,1,26,0,27,22,0,22,49
12/16/2016,BVY,MA,ANE,EN,Federal Contract Tower,0,3,7,0,10,0,0,30,0,30,0,3,37,0,40,2,0,2,42
12/17/2016,BVY,MA,ANE,EN,Federal Contract Tower,0,0,0,0,0,0,0,0,0,0,0,0,0,0,0,0,0,0,0
12/18/2016,BVY,MA,ANE,EN,Federal Contract Tower,0,8,4,0,12,0,0,0,0,0,0,8,4,0,12,0,0,0,12
12/19/2016,BVY,MA,ANE,EN,Federal Contract Tower,0,6,4,0,10,0,1,35,0,36,0,7,39,0,46,22,0,22,68
12/20/2016,BVY,MA,ANE,EN,Federal Contract Tower,0,4,2,0,6,0,0,65,0,65,0,4,67,0,71,104,0,104,175
12/21/2016,BVY,MA,ANE,EN,Federal Contract Tower,0,2,6,0,8,0,0,82,0,82,0,2,88,0,90,98,0,98,188
12/22/2016,BVY,MA,ANE,EN,Federal Contract Tower,0,5,6,0,11,0,0,15,0,15,0,5,21,0,26,22,0,22,48
12/23/2016,BVY,MA,ANE,EN,Federal Contract Tower,0,2,8,1,11,0,0,100,0,100,0,2,108,1,111,114,0,114,225
12/24/2016,BVY,MA,ANE,EN,Federal Contract Tower,0,2,2,0,4,0,0,19,0,19,0,2,21,0,23,48,0,48,71
12/25/2016,BVY,MA,ANE,EN,Federal Contract Tower,0,2,0,0,2,0,0,9,0,9,0,2,9,0,11,4,0,4,15
12/26/2016,BVY,MA,ANE,EN,Federal Contract Tower,0,7,9,0,16,0,0,32,0,32,0,7,41,0,48,48,0,48,96
12/27/2016,BVY,MA,ANE,EN,Federal Contract Tower,0,2,6,0,8,0,0,26,0,26,0,2,32,0,34,46,0,46,80
12/28/2016,BVY,MA,ANE,EN,Federal Contract Tower,0,5,4,0,9,0,0,74,0,74,0,5,78,0,83,84,0,84,167
12/29/2016,BVY,MA,ANE,EN,Federal Contract Tower,0,2,2,0,4,0,0,11,0,11,0,2,13,0,15,16,0,16,31
12/30/2016,BVY,MA,ANE,EN,Federal Contract Tower,0,2,0,0,2,0,0,27,0,27,0,2,27,0,29,0,0,0,29
12/31/2016,BVY,MA,ANE,EN,Federal Contract Tower,0,2,7,0,9,0,0,46,0,46,0,2,53,0,55,50,0,50,105
01/01/2017,BVY,MA,ANE,EN,Federal Contract Tower,0,1,3,0,4,0,0,31,0,31,0,1,34,0,35,14,0,14,49
01/02/2017,BVY,MA,ANE,EN,Federal Contract Tower,0,6,10,0,16,0,3,79,0,82,0,9,89,0,98,122,0,122,220
01/03/2017,BVY,MA,ANE,EN,Federal Contract Tower,0,4,4,0,8,0,0,1,0,1,0,4,5,0,9,0,0,0,9
01/04/2017,BVY,MA,ANE,EN,Federal Contract Tower,0,1,6,0,7,0,0,50,0,50,0,1,56,0,57,46,0,46,103
01/05/2017,BVY,MA,ANE,EN,Federal Contract Tower,0,3,3,0,6,0,2,58,0,60,0,5,61,0,66,78,0,78,144
01/06/2017,BVY,MA,ANE,EN,Federal Contract Tower,0,0,3,0,3,0,0,31,0,31,0,0,34,0,34,60,0,60,94
01/07/2017,BVY,MA,ANE,EN,Federal Contract Tower,0,0,1,0,1,0,0,11,0,11,0,0,12,0,12,18,0,18,30
01/08/2017,BVY,MA,ANE,EN,Federal Contract Tower,0,3,2,0,5,0,0,25,0,25,0,3,27,0,30,36,0,36,66
01/09/2017,BVY,MA,ANE,EN,Federal Contract Tower,0,0,4,0,4,0,1,59,0,60,0,1,63,0,64,26,0,26,90
01/10/2017,BVY,MA,ANE,EN,Federal Contract Tower,0,4,6,0,10,0,1,48,0,49,0,5,54,0,59,56,0,56,115
01/11/2017,BVY,MA,ANE,EN,Federal Contract Tower,0,1,1,0,2,0,0,43,0,43,0,1,44,0,45,86,0,86,131
01/12/2017,BVY,MA,ANE,EN,Federal Contract Tower,0,5,4,0,9,0,0,41,0,41,0,5,45,0,50,48,0,48,98
01/13/2017,BVY,MA,ANE,EN,Federal Contract Tower,0,1,5,0,6,0,0,30,0,30,0,1,35,0,36,4,0,4,40
01/14/2017,BVY,MA,ANE,EN,Federal Contract Tower,0,5,11,1,17,0,0,90,2,92,0,5,101,3,109,134,0,134,243
01/15/2017,BVY,MA,ANE,EN,Federal Contract Tower,0,4,12,0,16,0,0,94,0,94,0,4,106,0,110,98,0,98,208
01/16/2017,BVY,MA,ANE,EN,Federal Contract Tower,0,3,12,0,15,0,2,89,0,91,0,5,101,0,106,140,0,140,246
01/17/2017,BVY,MA,ANE,EN,Federal Contract Tower,0,1,4,0,5,0,0,55,0,55,0,1,59,0,60,86,0,86,146
01/18/2017,BVY,MA,ANE,EN,Federal Contract Tower,0,3,2,0,5,0,0,0,0,0,0,3,2,0,5,0,0,0,5
01/19/2017,BVY,MA,ANE,EN,Federal Contract Tower,0,1,11,0,12,0,0,32,0,32,0,1,43,0,44,36,0,36,80
01/20/2017,BVY,MA,ANE,EN,Federal Contract Tower,0,3,16,0,19,0,0,65,0,65,0,3,81,0,84,98,0,98,182
01/21/2017,BVY,MA,ANE,EN,Federal Contract Tower,0,2,5,0,7,0,0,60,0,60,0,2,65,0,67,122,0,122,189
01/22/2017,BVY,MA,ANE,EN,Federal Contract Tower,0,4,7,0,11,0,0,5,0,5,0,4,12,0,16,12,0,12,28
01/23/2017,BVY,MA,ANE,EN,Federal Contract Tower,0,5,1,0,6,0,0,2,0,2,0,5,3,0,8,0,0,0,8
01/24/2017,BVY,MA,ANE,EN,Federal Contract Tower,0,2,1,0,3,0,0,0,0,0,0,2,1,0,3,0,0,0,3
01/25/2017,BVY,MA,ANE,EN,Federal Contract Tower,0,2,8,0,10,0,0,48,0,48,0,2,56,0,58,28,0,28,86
01/26/2017,BVY,MA,ANE,EN,Federal Contract Tower,0,2,10,0,12,0,0,37,0,37,0,2,47,0,49,46,0,46,95
01/27/2017,BVY,MA,ANE,EN,Federal Contract Tower,0,2,2,0,4,0,0,32,0,32,0,2,34,0,36,32,0,32,68
01/28/2017,BVY,MA,ANE,EN,Federal Contract Tower,0,0,5,0,5,0,0,83,0,83,0,0,88,0,88,136,0,136,224
01/29/2017,BVY,MA,ANE,EN,Federal Contract Tower,0,1,8,0,9,0,0,88,0,88,0,1,96,0,97,138,0,138,235
01/30/2017,BVY,MA,ANE,EN,Federal Contract Tower,0,5,2,0,7,0,1,52,0,53,0,6,54,0,60,68,0,68,128
01/31/2017,BVY,MA,ANE,EN,Federal Contract Tower,0,2,6,0,8,0,0,32,0,32,0,2,38,0,40,42,0,42,82
02/01/2017,BVY,MA,ANE,EN,Federal Contract Tower,0,2,4,0,6,0,1,47,0,48,0,3,51,0,54,68,0,68,122
02/02/2017,BVY,MA,ANE,EN,Federal Contract Tower,0,6,11,0,17,0,0,55,0,55,0,6,66,0,72,74,4,78,150
02/03/2017,BVY,MA,ANE,EN,Federal Contract Tower,0,3,14,0,17,0,0,82,0,82,0,3,96,0,99,94,0,94,193
02/04/2017,BVY,MA,ANE,EN,Federal Contract Tower,0,0,9,0,9,0,0,97,1,98,0,0,106,1,107,138,0,138,245
02/05/2017,BVY,MA,ANE,EN,Federal Contract Tower,0,4,10,0,14,0,0,72,0,72,0,4,82,0,86,90,0,90,176
02/06/2017,BVY,MA,ANE,EN,Federal Contract Tower,0,4,10,0,14,0,0,66,0,66,0,4,76,0,80,66,0,66,146
02/07/2017,BVY,MA,ANE,EN,Federal Contract Tower,0,0,3,0,3,0,0,3,0,3,0,0,6,0,6,0,0,0,6
02/08/2017,BVY,MA,ANE,EN,Federal Contract Tower,0,2,4,0,6,0,3,27,0,30,0,5,31,0,36,50,0,50,86
02/09/2017,BVY,MA,ANE,EN,Federal Contract Tower,0,0,0,0,0,0,0,0,0,0,0,0,0,0,0,0,0,0,0
02/10/2017,BVY,MA,ANE,EN,Federal Contract Tower,0,0,3,0,3,0,0,20,0,20,0,0,23,0,23,6,0,6,29
02/11/2017,BVY,MA,ANE,EN,Federal Contract Tower,0,1,0,0,1,0,0,0,0,0,0,1,0,0,1,0,0,0,1
02/12/2017,BVY,MA,ANE,EN,Federal Contract Tower,0,1,0,0,1,0,0,0,0,0,0,1,0,0,1,0,0,0,1
02/13/2017,BVY,MA,ANE,EN,Federal Contract Tower,0,0,0,0,0,0,0,8,0,8,0,0,8,0,8,0,0,0,8
02/14/2017,BVY,MA,ANE,EN,Federal Contract Tower,0,1,5,0,6,0,0,51,0,51,0,1,56,0,57,56,0,56,113
02/15/2017,BVY,MA,ANE,EN,Federal Contract Tower,0,3,13,0,16,0,0,6,0,6,0,3,19,0,22,0,0,0,22
02/16/2017,BVY,MA,ANE,EN,Federal Contract Tower,0,1,7,0,8,0,0,18,0,18,0,1,25,0,26,12,0,12,38
02/17/2017,BVY,MA,ANE,EN,Federal Contract Tower,0,4,14,0,18,0,2,48,0,50,0,6,62,0,68,50,0,50,118
02/18/2017,BVY,MA,ANE,EN,Federal Contract Tower,0,1,7,0,8,0,0,92,0,92,0,1,99,0,100,226,0,226,326
02/19/2017,BVY,MA,ANE,EN,Federal Contract Tower,0,2,11,0,13,0,2,102,0,104,0,4,113,0,117,180,0,180,297
02/20/2017,BVY,MA,ANE,EN,Federal Contract Tower,0,4,4,0,8,0,0,102,0,102,0,4,106,0,110,122,0,122,232
02/21/2017,BVY,MA,ANE,EN,Federal Contract Tower,0,4,11,0,15,0,2,87,0,89,0,6,98,0,104,138,0,138,242
02/22/2017,BVY,MA,ANE,EN,Federal Contract Tower,0,3,11,0,14,0,0,95,0,95,0,3,106,0,109,146,0,146,255
02/23/2017,BVY,MA,ANE,EN,Federal Contract Tower,0,3,13,0,16,0,0,93,0,93,0,3,106,0,109,110,0,110,219
02/24/2017,BVY,MA,ANE,EN,Federal Contract Tower,0,8,9,0,17,0,0,60,0,60,0,8,69,0,77,60,0,60,137
02/25/2017,BVY,MA,ANE,EN,Federal Contract Tower,0,6,7,0,13,0,1,40,0,41,0,7,47,0,54,94,0,94,148
02/26/2017,BVY,MA,ANE,EN,Federal Contract Tower,0,8,8,0,16,0,0,56,0,56,0,8,64,0,72,12,0,12,84
02/27/2017,BVY,MA,ANE,EN,Federal Contract Tower,0,10,5,0,15,0,5,51,0,56,0,15,56,0,71,52,0,52,123
02/28/2017,BVY,MA,ANE,EN,Federal Contract Tower,0,8,7,0,15,0,0,48,0,48,0,8,55,0,63,76,0,76,139
03/01/2017,BVY,MA,ANE,EN,Federal Contract Tower,0,6,7,0,13,0,0,14,0,14,0,6,21,0,27,30,0,30,57
03/02/2017,BVY,MA,ANE,EN,Federal Contract Tower,0,4,6,0,10,0,0,7,0,7,0,4,13,0,17,0,0,0,17
03/03/2017,BVY,MA,ANE,EN,Federal Contract Tower,0,6,13,0,19,0,1,62,0,63,0,7,75,0,82,78,0,78,160
03/04/2017,BVY,MA,ANE,EN,Federal Contract Tower,0,3,0,0,3,0,1,9,0,10,0,4,9,0,13,20,0,20,33
03/05/2017,BVY,MA,ANE,EN,Federal Contract Tower,0,3,5,0,8,0,2,64,0,66,0,5,69,0,74,94,0,94,168
03/06/2017,BVY,MA,ANE,EN,Federal Contract Tower,0,6,6,0,12,0,1,58,0,59,0,7,64,0,71,76,0,76,147
03/07/2017,BVY,MA,ANE,EN,Federal Contract Tower,0,2,7,0,9,0,0,24,0,24,0,2,31,0,33,36,0,36,69
03/08/2017,BVY,MA,ANE,EN,Federal Contract Tower,0,3,9,0,12,0,1,69,0,70,0,4,78,0,82,90,0,90,172
03/09/2017,BVY,MA,ANE,EN,Federal Contract Tower,0,1,7,0,8,0,0,11,0,11,0,1,18,0,19,0,0,0,19
03/10/2017,BVY,MA,ANE,EN,Federal Contract Tower,0,7,3,0,10,0,0,2,0,2,0,7,5,0,12,6,0,6,18
03/11/2017,BVY,MA,ANE,EN,Federal Contract Tower,0,0,3,0,3,0,0,0,0,0,0,0,3,0,3,0,0,0,3
03/12/2017,BVY,MA,ANE,EN,Federal Contract Tower,0,3,7,0,10,0,0,59,0,59,0,3,66,0,69,60,0,60,129
03/13/2017,BVY,MA,ANE,EN,Federal Contract Tower,0,4,10,0,14,0,0,65,0,65,0,4,75,0,79,60,0,60,139
03/14/2017,BVY,MA,ANE,EN,Federal Contract Tower,0,0,0,0,0,0,0,0,0,0,0,0,0,0,0,0,0,0,0
03/15/2017,BVY,MA,ANE,EN,Federal Contract Tower,0,1,3,0,4,0,0,24,0,24,0,1,27,0,28,28,0,28,56
03/16/2017,BVY,MA,ANE,EN,Federal Contract Tower,0,7,4,0,11,0,0,46,0,46,0,7,50,0,57,26,0,26,83
03/17/2017,BVY,MA,ANE,EN,Federal Contract Tower,0,7,9,0,16,0,0,79,0,79,0,7,88,0,95,156,0,156,251
03/18/2017,BVY,MA,ANE,EN,Federal Contract Tower,0,5,3,0,8,0,1,85,0,86,0,6,88,0,94,164,0,164,258
03/19/2017,BVY,MA,ANE,EN,Federal Contract Tower,0,5,3,0,8,0,0,14,0,14,0,5,17,0,22,18,0,18,40
03/20/2017,BVY,MA,ANE,EN,Federal Contract Tower,0,1,4,0,5,0,1,64,0,65,0,2,68,0,70,44,0,44,114
03/21/2017,BVY,MA,ANE,EN,Federal Contract Tower,0,1,5,0,6,0,1,88,0,89,0,2,93,0,95,152,0,152,247
03/22/2017,BVY,MA,ANE,EN,Federal Contract Tower,0,2,3,0,5,0,1,23,0,24,0,3,26,0,29,2,0,2,31
03/23/2017,BVY,MA,ANE,EN,Federal Contract Tower,0,3,8,0,11,0,2,56,0,58,0,5,64,0,69,48,0,48,117
03/24/2017,BVY,MA,ANE,EN,Federal Contract Tower,0,0,4,0,4,0,0,19,0,19,0,0,23,0,23,24,0,24,47
03/25/2017,BVY,MA,ANE,EN,Federal Contract Tower,0,2,11,0,13,0,0,8,0,8,0,2,19,0,21,40,0,40,61
03/26/2017,BVY,MA,ANE,EN,Federal Contract Tower,0,3,7,0,10,0,0,72,0,72,0,3,79,0,82,126,0,126,208
03/27/2017,BVY,MA,ANE,EN,Federal Contract Tower,0,2,4,0,6,0,0,0,0,0,0,2,4,0,6,0,0,0,6
03/28/2017,BVY,MA,ANE,EN,Federal Contract Tower,0,0,8,0,8,0,0,0,0,0,0,0,8,0,8,4,0,4,12
03/29/2017,BVY,MA,ANE,EN,Federal Contract Tower,0,2,10,0,12,0,0,30,0,30,0,2,40,0,42,38,0,38,80
03/30/2017,BVY,MA,ANE,EN,Federal Contract Tower,0,3,15,0,18,0,2,97,0,99,0,5,112,0,117,152,0,152,269
03/31/2017,BVY,MA,ANE,EN,Federal Contract Tower,0,2,7,0,9,0,0,4,0,4,0,2,11,0,13,2,0,2,15
04/01/2017,BVY,MA,ANE,EN,Federal Contract Tower,0,0,0,0,0,0,0,0,0,0,0,0,0,0,0,0,0,0,0
04/02/2017,BVY,MA,ANE,EN,Federal Contract Tower,0,1,10,0,11,0,0,114,0,114,0,1,124,0,125,274,0,274,399
04/03/2017,BVY,MA,ANE,EN,Federal Contract Tower,0,5,7,0,12,0,2,65,0,67,0,7,72,0,79,46,0,46,125
04/04/2017,BVY,MA,ANE,EN,Federal Contract Tower,0,2,3,0,5,0,0,0,0,0,0,2,3,0,5,0,0,0,5
04/05/2017,BVY,MA,ANE,EN,Federal Contract Tower,0,0,6,0,6,0,0,25,0,25,0,0,31,0,31,66,0,66,97
04/06/2017,BVY,MA,ANE,EN,Federal Contract Tower,0,7,3,0,10,0,0,1,0,1,0,7,4,0,11,0,0,0,11
04/07/2017,BVY,MA,ANE,EN,Federal Contract Tower,0,4,7,0,11,0,0,33,0,33,0,4,40,0,44,32,0,32,76
04/08/2017,BVY,MA,ANE,EN,Federal Contract Tower,0,2,4,0,6,0,0,36,0,36,0,2,40,0,42,62,0,62,104
04/09/2017,BVY,MA,ANE,EN,Federal Contract Tower,0,6,14,0,20,0,0,151,0,151,0,6,165,0,171,220,0,220,391
04/10/2017,BVY,MA,ANE,EN,Federal Contract Tower,0,6,8,0,14,0,1,69,0,70,0,7,77,0,84,88,2,90,174
04/11/2017,BVY,MA,ANE,EN,Federal Contract Tower,0,3,5,0,8,0,1,90,0,91,0,4,95,0,99,120,0,120,219
04/12/2017,BVY,MA,ANE,EN,Federal Contract Tower,0,4,6,0,10,0,0,49,0,49,0,4,55,0,59,16,0,16,75
04/13/2017,BVY,MA,ANE,EN,Federal Contract Tower,0,8,4,0,12,0,2,74,3,79,0,10,78,3,91,20,0,20,111
04/14/2017,BVY,MA,ANE,EN,Federal Contract Tower,0,3,5,0,8,0,0,118,0,118,0,3,123,0,126,130,0,130,256
04/15/2017,BVY,MA,ANE,EN,Federal Contract Tower,0,0,7,0,7,0,0,84,0,84,0,0,91,0,91,142,0,142,233
04/16/2017,BVY,MA,ANE,EN,Federal Contract Tower,0,1,4,0,5,0,1,42,0,43,0,2,46,0,48,22,0,22,70
04/17/2017,BVY,MA,ANE,EN,Federal Contract Tower,0,7,6,0,13,0,2,61,0,63,0,9,67,0,76,34,0,34,110
04/18/2017,BVY,MA,ANE,EN,Federal Contract Tower,0,8,3,1,12,0,0,58,1,59,0,8,61,2,71,80,24,104,175
04/19/2017,BVY,MA,ANE,EN,Federal Contract Tower,0,4,12,0,16,0,0,55,2,57,0,4,67,2,73,68,0,68,141
04/20/2017,BVY,MA,ANE,EN,Federal Contract Tower,0,6,17,0,23,0,0,29,0,29,0,6,46,0,52,56,0,56,108
04/21/2017,BVY,MA,ANE,EN,Federal Contract Tower,0,8,5,0,13,0,0,0,0,0,0,8,5,0,13,0,0,0,13
04/22/2017,BVY,MA,ANE,EN,Federal Contract Tower,0,0,2,0,2,0,0,0,0,0,0,0,2,0,2,0,0,0,2
04/23/2017,BVY,MA,ANE,EN,Federal Contract Tower,0,1,15,0,16,0,0,124,0,124,0,1,139,0,140,180,0,180,320
04/24/2017,BVY,MA,ANE,EN,Federal Contract Tower,0,4,10,0,14,0,2,102,0,104,0,6,112,0,118,210,0,210,328
04/25/2017,BVY,MA,ANE,EN,Federal Contract Tower,0,3,6,0,9,0,0,2,0,2,0,3,8,0,11,0,0,0,11
04/26/2017,BVY,MA,ANE,EN,Federal Contract Tower,0,0,5,0,5,0,0,0,0,0,0,0,5,0,5,0,0,0,5
04/27/2017,BVY,MA,ANE,EN,Federal Contract Tower,0,5,7,0,12,0,0,15,0,15,0,5,22,0,27,30,0,30,57
04/28/2017,BVY,MA,ANE,EN,Federal Contract Tower,0,1,18,0,19,0,0,63,0,63,0,1,81,0,82,38,0,38,120
04/29/2017,BVY,MA,ANE,EN,Federal Contract Tower,0,0,9,0,9,0,1,94,0,95,0,1,103,0,104,98,0,98,202
04/30/2017,BVY,MA,ANE,EN,Federal Contract Tower,0,2,13,0,15,0,0,105,0,105,0,2,118,0,120,164,0,164,284
05/01/2017,BVY,MA,ANE,EN,Federal Contract Tower,0,2,6,0,8,0,0,1,0,1,0,2,7,0,9,0,0,0,9
05/02/2017,BVY,MA,ANE,EN,Federal Contract Tower,0,3,4,0,7,0,0,4,0,4,0,3,8,0,11,4,0,4,15
05/03/2017,BVY,MA,ANE,EN,Federal Contract Tower,0,8,15,0,23,0,0,70,0,70,0,8,85,0,93,38,0,38,131
05/04/2017,BVY,MA,ANE,EN,Federal Contract Tower,0,5,15,0,20,0,0,100,0,100,0,5,115,0,120,116,0,116,236
05/05/2017,BVY,MA,ANE,EN,Federal Contract Tower,0,2,10,0,12,0,0,8,0,8,0,2,18,0,20,14,0,14,34
05/06/2017,BVY,MA,ANE,EN,Federal Contract Tower,0,3,4,0,7,0,0,0,0,0,0,3,4,0,7,0,0,0,7
05/07/2017,BVY,MA,ANE,EN,Federal Contract Tower,0,1,14,0,15,0,0,68,0,68,0,1,82,0,83,72,0,72,155
05/08/2017,BVY,MA,ANE,EN,Federal Contract Tower,0,1,7,0,8,0,1,33,2,36,0,2,40,2,44,18,0,18,62
05/09/2017,BVY,MA,ANE,EN,Federal Contract Tower,0,0,8,1,9,0,0,50,1,51,0,0,58,2,60,58,0,58,118
05/10/2017,BVY,MA,ANE,EN,Federal Contract Tower,0,8,10,0,18,0,3,98,0,101,0,11,108,0,119,108,0,108,227
05/11/2017,BVY,MA,ANE,EN,Federal Contract Tower,0,4,20,0,24,0,0,67,0,67,0,4,87,0,91,78,0,78,169
05/12/2017,BVY,MA,ANE,EN,Federal Contract Tower,0,12,14,0,26,0,0,37,0,37,0,12,51,0,63,66,0,66,129
05/13/2017,BVY,MA,ANE,EN,Federal Contract Tower,0,8,21,0,29,0,0,14,0,14,0,8,35,0,43,36,0,36,79
05/14/2017,BVY,MA,ANE,EN,Federal Contract Tower,0,4,8,0,12,0,0,0,0,0,0,4,8,0,12,0,0,0,12
05/15/2017,BVY,MA,ANE,EN,Federal Contract Tower,0,10,8,0,18,0,0,26,0,26,0,10,34,0,44,18,0,18,62
05/16/2017,BVY,MA,ANE,EN,Federal Contract Tower,0,0,12,0,12,0,0,109,0,109,0,0,121,0,121,92,0,92,213
05/17/2017,BVY,MA,ANE,EN,Federal Contract Tower,0,5,5,0,10,0,1,106,0,107,0,6,111,0,117,196,0,196,313
05/18/2017,BVY,MA,ANE,EN,Federal Contract Tower,0,19,18,0,37,0,0,78,2,80,0,19,96,2,117,86,0,86,203
05/19/2017,BVY,MA,ANE,EN,Federal Contract Tower,0,8,11,0,19,0,1,81,0,82,0,9,92,0,101,54,0,54,155
05/20/2017,BVY,MA,ANE,EN,Federal Contract Tower,0,2,7,0,9,0,0,136,0,136,0,2,143,0,145,188,0,188,333
05/21/2017,BVY,MA,ANE,EN,Federal Contract Tower,0,7,20,0,27,0,2,129,0,131,0,9,149,0,158,186,0,186,344
05/22/2017,BVY,MA,ANE,EN,Federal Contract Tower,0,3,22,0,25,0,0,14,0,14,0,3,36,0,39,16,0,16,55
05/23/2017,BVY,MA,ANE,EN,Federal Contract Tower,0,1,16,0,17,0,0,76,0,76,0,1,92,0,93,116,0,116,209
05/24/2017,BVY,MA,ANE,EN,Federal Contract Tower,0,7,13,0,20,0,3,101,4,108,0,10,114,4,128,150,0,150,278
05/25/2017,BVY,MA,ANE,EN,Federal Contract Tower,0,2,12,0,14,0,0,8,0,8,0,2,20,0,22,0,0,0,22
05/26/2017,BVY,MA,ANE,EN,Federal Contract Tower,0,8,24,0,32,0,0,12,0,12,0,8,36,0,44,0,0,0,44
05/27/2017,BVY,MA,ANE,EN,Federal Contract Tower,0,5,17,0,22,0,0,83,0,83,0,5,100,0,105,122,0,122,227
05/28/2017,BVY,MA,ANE,EN,Federal Contract Tower,0,4,12,0,16,0,0,86,0,86,0,4,98,0,102,156,0,156,258
05/29/2017,BVY,MA,ANE,EN,Federal Contract Tower,0,0,16,0,16,0,0,0,0,0,0,0,16,0,16,0,0,0,16
05/30/2017,BVY,MA,ANE,EN,Federal Contract Tower,0,1,19,0,20,0,0,21,0,21,0,1,40,0,41,52,0,52,93
05/31/2017,BVY,MA,ANE,EN,Federal Contract Tower,0,5,22,0,27,0,0,16,0,16,0,5,38,0,43,30,0,30,73
06/01/2017,BVY,MA,ANE,EN,Federal Contract Tower,0,6,10,0,16,0,0,107,0,107,0,6,117,0,123,186,0,186,309
06/02/2017,BVY,MA,ANE,EN,Federal Contract Tower,0,8,15,0,23,0,1,91,0,92,0,9,106,0,115,64,0,64,179
06/03/2017,BVY,MA,ANE,EN,Federal Contract Tower,0,2,10,0,12,0,0,80,0,80,0,2,90,0,92,100,0,100,192
06/04/2017,BVY,MA,ANE,EN,Federal Contract Tower,0,5,12,0,17,0,0,114,0,114,0,5,126,0,131,202,0,202,333
06/05/2017,BVY,MA,ANE,EN,Federal Contract Tower,0,3,9,0,12,0,0,0,0,0,0,3,9,0,12,0,0,0,12
06/06/2017,BVY,MA,ANE,EN,Federal Contract Tower,0,0,8,0,8,0,0,0,0,0,0,0,8,0,8,0,0,0,8
06/07/2017,BVY,MA,ANE,EN,Federal Contract Tower,0,6,12,0,18,0,0,90,0,90,0,6,102,0,108,174,0,174,282
06/08/2017,BVY,MA,ANE,EN,Federal Contract Tower,0,4,19,0,23,0,7,85,0,92,0,11,104,0,115,136,0,136,251
06/09/2017,BVY,MA,ANE,EN,Federal Contract Tower,0,6,10,0,16,0,0,60,1,61,0,6,70,1,77,96,0,96,173
06/10/2017,BVY,MA,ANE,EN,Federal Contract Tower,0,8,5,0,13,0,2,114,0,116,0,10,119,0,129,160,0,160,289
06/11/2017,BVY,MA,ANE,EN,Federal Contract Tower,0,6,18,0,24,0,1,83,0,84,0,7,101,0,108,54,0,54,162
06/12/2017,BVY,MA,ANE,EN,Federal Contract Tower,0,8,10,1,19,0,1,85,2,88,0,9,95,3,107,72,0,72,179
06/13/2017,BVY,MA,ANE,EN,Federal Contract Tower,0,0,18,0,18,0,0,58,0,58,0,0,76,0,76,88,0,88,164
06/14/2017,BVY,MA,ANE,EN,Federal Contract Tower,0,3,21,1,25,0,0,114,1,115,0,3,135,2,140,152,0,152,292
06/15/2017,BVY,MA,ANE,EN,Federal Contract Tower,0,13,9,0,22,0,3,108,1,112,0,16,117,1,134,108,0,108,242
06/16/2017,BVY,MA,ANE,EN,Federal Contract Tower,0,10,14,0,24,0,0,36,0,36,0,10,50,0,60,52,0,52,112
06/17/2017,BVY,MA,ANE,EN,Federal Contract Tower,0,5,20,0,25,0,0,12,0,12,0,5,32,0,37,22,0,22,59
06/18/2017,BVY,MA,ANE,EN,Federal Contract Tower,0,15,14,0,29,0,0,29,0,29,0,15,43,0,58,20,0,20,78
06/19/2017,BVY,MA,ANE,EN,Federal Contract Tower,0,4,8,0,12,0,0,14,0,14,0,4,22,0,26,14,0,14,40
06/20/2017,BVY,MA,ANE,EN,Federal Contract Tower,0,8,23,0,31,0,0,54,0,54,0,8,77,0,85,70,0,70,155
06/21/2017,BVY,MA,ANE,EN,Federal Contract Tower,0,3,18,0,21,0,1,121,0,122,0,4,139,0,143,154,0,154,297
06/22/2017,BVY,MA,ANE,EN,Federal Contract Tower,0,11,22,0,33,0,1,114,0,115,0,12,136,0,148,122,0,122,270
06/23/2017,BVY,MA,ANE,EN,Federal Contract Tower,0,17,20,0,37,0,0,48,0,48,0,17,68,0,85,40,0,40,125
06/24/2017,BVY,MA,ANE,EN,Federal Contract Tower,0,10,17,0,27,0,0,63,0,63,0,10,80,0,90,144,0,144,234
06/25/2017,BVY,MA,ANE,EN,Federal Contract Tower,0,14,17,0,31,0,0,133,0,133,0,14,150,0,164,146,0,146,310
06/26/2017,BVY,MA,ANE,EN,Federal Contract Tower,0,3,15,0,18,0,4,91,0,95,0,7,106,0,113,100,0,100,213
06/27/2017,BVY,MA,ANE,EN,Federal Contract Tower,0,4,16,0,20,0,0,80,0,80,0,4,96,0,100,104,0,104,204
06/28/2017,BVY,MA,ANE,EN,Federal Contract Tower,0,6,16,0,22,0,3,95,0,98,0,9,111,0,120,148,0,148,268
06/29/2017,BVY,MA,ANE,EN,Federal Contract Tower,0,5,18,0,23,0,0,101,0,101,0,5,119,0,124,132,0,132,256
06/30/2017,BVY,MA,ANE,EN,Federal Contract Tower,0,7,24,0,31,0,0,79,0,79,0,7,103,0,110,140,0,140,250
07/01/2017,BVY,MA,ANE,EN,Federal Contract Tower,0,15,17,0,32,0,2,77,0,79,0,17,94,0,111,102,0,102,213
07/02/2017,BVY,MA,ANE,EN,Federal Contract Tower,0,15,8,0,23,0,0,89,0,89,0,15,97,0,112,100,0,100,212
07/03/2017,BVY,MA,ANE,EN,Federal Contract Tower,0,7,8,0,15,0,0,88,0,88,0,7,96,0,103,118,0,118,221
07/04/2017,BVY,MA,ANE,EN,Federal Contract Tower,0,2,8,0,10,0,2,60,0,62,0,4,68,0,72,28,0,28,100
07/05/2017,BVY,MA,ANE,EN,Federal Contract Tower,0,5,12,1,18,0,0,91,1,92,0,5,103,2,110,106,0,106,216
07/06/2017,BVY,MA,ANE,EN,Federal Contract Tower,0,4,13,0,17,0,0,94,0,94,0,4,107,0,111,118,0,118,229
07/07/2017,BVY,MA,ANE,EN,Federal Contract Tower,0,9,15,0,24,0,0,21,0,21,0,9,36,0,45,24,0,24,69
07/08/2017,BVY,MA,ANE,EN,Federal Contract Tower,0,4,26,0,30,0,0,49,0,49,0,4,75,0,79,88,0,88,167
07/09/2017,BVY,MA,ANE,EN,Federal Contract Tower,0,9,15,0,24,0,0,117,0,117,0,9,132,0,141,120,0,120,261
07/10/2017,BVY,MA,ANE,EN,Federal Contract Tower,0,5,17,0,22,0,0,89,1,90,0,5,106,1,112,130,0,130,242
07/11/2017,BVY,MA,ANE,EN,Federal Contract Tower,0,4,19,0,23,0,0,53,0,53,0,4,72,0,76,74,0,74,150
07/12/2017,BVY,MA,ANE,EN,Federal Contract Tower,0,6,12,0,18,0,2,53,0,55,0,8,65,0,73,74,0,74,147
07/13/2017,BVY,MA,ANE,EN,Federal Contract Tower,0,9,37,0,46,0,0,24,0,24,0,9,61,0,70,0,0,0,70
07/14/2017,BVY,MA,ANE,EN,Federal Contract Tower,0,3,33,0,36,0,0,39,0,39,0,3,72,0,75,100,0,100,175
07/15/2017,BVY,MA,ANE,EN,Federal Contract Tower,0,14,33,0,47,0,2,68,1,71,0,16,101,1,118,104,0,104,222
07/16/2017,BVY,MA,ANE,EN,Federal Contract Tower,0,10,30,0,40,0,4,156,0,160,0,14,186,0,200,140,0,140,340
07/17/2017,BVY,MA,ANE,EN,Federal Contract Tower,0,3,17,0,20,0,1,63,0,64,0,4,80,0,84,52,0,52,136
07/18/2017,BVY,MA,ANE,EN,Federal Contract Tower,0,11,16,0,27,0,0,69,0,69,0,11,85,0,96,100,0,100,196
07/19/2017,BVY,MA,ANE,EN,Federal Contract Tower,0,8,17,0,25,0,2,96,0,98,0,10,113,0,123,140,0,140,263
07/20/2017,BVY,MA,ANE,EN,Federal Contract Tower,0,6,24,0,30,0,3,139,0,142,0,9,163,0,172,112,0,112,284
07/21/2017,BVY,MA,ANE,EN,Federal Contract Tower,0,12,20,0,32,0,2,115,0,117,0,14,135,0,149,126,0,126,275
07/22/2017,BVY,MA,ANE,EN,Federal Contract Tower,0,5,12,0,17,0,3,113,0,116,0,8,125,0,133,164,0,164,297
07/23/2017,BVY,MA,ANE,EN,Federal Contract Tower,0,11,19,0,30,0,2,92,0,94,0,13,111,0,124,88,0,88,212
07/24/2017,BVY,MA,ANE,EN,Federal Contract Tower,0,10,7,0,17,0,0,6,0,6,0,10,13,0,23,8,0,8,31
07/25/2017,BVY,MA,ANE,EN,Federal Contract Tower,0,9,15,0,24,0,0,63,0,63,0,9,78,0,87,84,0,84,171
07/26/2017,BVY,MA,ANE,EN,Federal Contract Tower,0,8,22,0,30,0,0,112,0,112,0,8,134,0,142,130,0,130,272
07/27/2017,BVY,MA,ANE,EN,Federal Contract Tower,0,7,11,0,18,0,1,90,0,91,0,8,101,0,109,82,0,82,191
07/28/2017,BVY,MA,ANE,EN,Federal Contract Tower,0,7,16,0,23,0,0,65,0,65,0,7,81,0,88,66,0,66,154
07/29/2017,BVY,MA,ANE,EN,Federal Contract Tower,0,7,10,0,17,0,0,68,0,68,0,7,78,0,85,94,0,94,179
07/30/2017,BVY,MA,ANE,EN,Federal Contract Tower,0,4,12,0,16,0,4,97,2,103,0,8,109,2,119,146,0,146,265
07/31/2017,BVY,MA,ANE,EN,Federal Contract Tower,0,3,16,0,19,0,3,95,0,98,0,6,111,0,117,140,0,140,257
08/01/2017,BVY,MA,ANE,EN,Federal Contract Tower,0,5,11,0,16,0,0,122,0,122,0,5,133,0,138,224,0,224,362
08/02/2017,BVY,MA,ANE,EN,Federal Contract Tower,0,8,11,0,19,0,0,66,0,66,0,8,77,0,85,112,0,112,197
08/03/2017,BVY,MA,ANE,EN,Federal Contract Tower,0,4,15,0,19,0,2,77,0,79,0,6,92,0,98,124,0,124,222
08/04/2017,BVY,MA,ANE,EN,Federal Contract Tower,0,6,24,0,30,0,0,115,0,115,0,6,139,0,145,142,0,142,287
08/05/2017,BVY,MA,ANE,EN,Federal Contract Tower,0,2,10,0,12,0,0,0,0,0,0,2,10,0,12,0,0,0,12
08/06/2017,BVY,MA,ANE,EN,Federal Contract Tower,0,7,16,0,23,0,2,119,0,121,0,9,135,0,144,76,0,76,220
08/07/2017,BVY,MA,ANE,EN,Federal Contract Tower,0,3,19,0,22,0,0,53,0,53,0,3,72,0,75,122,0,122,197
08/08/2017,BVY,MA,ANE,EN,Federal Contract Tower,0,2,16,2,20,0,0,46,0,46,0,2,62,2,66,58,0,58,124
08/09/2017,BVY,MA,ANE,EN,Federal Contract Tower,0,2,18,0,20,0,3,8,0,11,0,5,26,0,31,218,0,218,249
08/10/2017,BVY,MA,ANE,EN,Federal Contract Tower,0,5,21,0,26,0,0,105,0,105,0,5,126,0,131,132,0,132,263
08/11/2017,BVY,MA,ANE,EN,Federal Contract Tower,0,11,19,0,30,0,0,93,0,93,0,11,112,0,123,80,0,80,203
08/12/2017,BVY,MA,ANE,EN,Federal Contract Tower,0,5,13,0,18,0,0,72,0,72,0,5,85,0,90,138,0,138,228
08/13/2017,BVY,MA,ANE,EN,Federal Contract Tower,0,8,12,0,20,0,2,110,0,112,0,10,122,0,132,70,0,70,202
08/14/2017,BVY,MA,ANE,EN,Federal Contract Tower,0,10,10,0,20,0,0,61,1,62,0,10,71,1,82,88,0,88,170
08/15/2017,BVY,MA,ANE,EN,Federal Contract Tower,0,3,7,0,10,0,0,77,0,77,0,3,84,0,87,106,0,106,193
08/16/2017,BVY,MA,ANE,EN,Federal Contract Tower,0,10,13,0,23,0,2,97,1,100,0,12,110,1,123,102,0,102,225
08/17/2017,BVY,MA,ANE,EN,Federal Contract Tower,0,11,18,0,29,0,1,109,0,110,0,12,127,0,139,158,0,158,297
08/18/2017,BVY,MA,ANE,EN,Federal Contract Tower,0,14,28,0,42,0,0,35,0,35,0,14,63,0,77,58,0,58,135
08/19/2017,BVY,MA,ANE,EN,Federal Contract Tower,0,10,13,0,23,0,0,35,0,35,0,10,48,0,58,46,0,46,104
08/20/2017,BVY,MA,ANE,EN,Federal Contract Tower,0,4,12,0,16,0,1,116,0,117,0,5,128,0,133,68,0,68,201
08/21/2017,BVY,MA,ANE,EN,Federal Contract Tower,0,4,16,0,20,0,1,76,0,77,0,5,92,0,97,74,6,80,177
08/22/2017,BVY,MA,ANE,EN,Federal Contract Tower,0,7,13,0,20,0,2,78,0,80,0,9,91,0,100,78,0,78,178
08/23/2017,BVY,MA,ANE,EN,Federal Contract Tower,0,3,13,0,16,0,2,61,0,63,0,5,74,0,79,78,0,78,157
08/24/2017,BVY,MA,ANE,EN,Federal Contract Tower,0,13,12,0,25,0,4,102,0,106,0,17,114,0,131,70,0,70,201
08/25/2017,BVY,MA,ANE,EN,Federal Contract Tower,0,8,15,0,23,0,0,97,0,97,0,8,112,0,120,68,0,68,188
08/26/2017,BVY,MA,ANE,EN,Federal Contract Tower,0,4,6,0,10,0,0,117,2,119,0,4,123,2,129,198,0,198,327
08/27/2017,BVY,MA,ANE,EN,Federal Contract Tower,0,8,8,1,17,0,1,89,0,90,0,9,97,1,107,56,0,56,163
08/28/2017,BVY,MA,ANE,EN,Federal Contract Tower,0,3,25,0,28,0,3,69,0,72,0,6,94,0,100,76,0,76,176
08/29/2017,BVY,MA,ANE,EN,Federal Contract Tower,0,2,9,0,11,0,0,67,0,67,0,2,76,0,78,58,0,58,136
08/30/2017,BVY,MA,ANE,EN,Federal Contract Tower,0,7,8,0,15,0,1,60,0,61,0,8,68,0,76,32,0,32,108
08/31/2017,BVY,MA,ANE,EN,Federal Contract Tower,0,7,15,0,22,0,0,93,0,93,0,7,108,0,115,88,0,88,203
09/01/2017,BVY,MA,ANE,EN,Federal Contract Tower,0,7,16,0,23,0,0,86,0,86,0,7,102,0,109,48,0,48,157
09/02/2017,BVY,MA,ANE,EN,Federal Contract Tower,0,2,6,0,8,0,0,118,0,118,0,2,124,0,126,148,0,148,274
09/03/2017,BVY,MA,ANE,EN,Federal Contract Tower,0,6,7,0,13,0,0,2,0,2,0,6,9,0,15,6,0,6,21
09/04/2017,BVY,MA,ANE,EN,Federal Contract Tower,0,9,14,0,23,0,0,112,0,112,0,9,126,0,135,64,0,64,199
09/05/2017,BVY,MA,ANE,EN,Federal Contract Tower,0,9,13,0,22,0,0,48,0,48,0,9,61,0,70,34,0,34,104
09/06/2017,BVY,MA,ANE,EN,Federal Contract Tower,0,3,2,0,5,0,0,0,0,0,0,3,2,0,5,0,0,0,5
09/07/2017,BVY,MA,ANE,EN,Federal Contract Tower,0,4,23,1,28,0,0,49,0,49,0,4,72,1,77,78,0,78,155
09/08/2017,BVY,MA,ANE,EN,Federal Contract Tower,0,2,15,0,17,0,1,114,0,115,0,3,129,0,132,170,0,170,302
09/09/2017,BVY,MA,ANE,EN,Federal Contract Tower,0,0,4,0,4,0,3,285,2,290,0,3,289,2,294,18,0,18,312
09/10/2017,BVY,MA,ANE,EN,Federal Contract Tower,0,2,19,0,21,0,0,102,0,102,0,2,121,0,123,104,0,104,227
09/11/2017,BVY,MA,ANE,EN,Federal Contract Tower,0,4,10,0,14,0,1,70,0,71,0,5,80,0,85,52,0,52,137
09/12/2017,BVY,MA,ANE,EN,Federal Contract Tower,0,6,15,0,21,0,1,96,0,97,0,7,111,0,118,130,0,130,248
09/13/2017,BVY,MA,ANE,EN,Federal Contract Tower,0,5,10,0,15,0,0,78,0,78,0,5,88,0,93,96,0,96,189
09/14/2017,BVY,MA,ANE,EN,Federal Contract Tower,0,16,15,1,32,0,0,66,0,66,0,16,81,1,98,114,0,114,212
09/15/2017,BVY,MA,ANE,EN,Federal Contract Tower,0,8,17,0,25,0,0,22,0,22,0,8,39,0,47,24,0,24,71
09/16/2017,BVY,MA,ANE,EN,Federal Contract Tower,0,8,19,0,27,0,0,26,0,26,0,8,45,0,53,54,0,54,107
09/17/2017,BVY,MA,ANE,EN,Federal Contract Tower,0,7,13,0,20,0,0,44,0,44,0,7,57,0,64,62,0,62,126
09/18/2017,BVY,MA,ANE,EN,Federal Contract Tower,0,8,9,0,17,0,0,2,0,2,0,8,11,0,19,0,0,0,19
09/19/2017,BVY,MA,ANE,EN,Federal Contract Tower,0,0,4,0,4,0,0,0,0,0,0,0,4,0,4,0,0,0,4
09/20/2017,BVY,MA,ANE,EN,Federal Contract Tower,0,0,2,0,2,0,0,0,0,0,0,0,2,0,2,0,0,0,2
09/21/2017,BVY,MA,ANE,EN,Federal Contract Tower,0,7,9,0,16,0,0,20,0,20,0,7,29,0,36,38,0,38,74
09/22/2017,BVY,MA,ANE,EN,Federal Contract Tower,0,1,15,0,16,0,0,3,0,3,0,1,18,0,19,0,0,0,19
09/23/2017,BVY,MA,ANE,EN,Federal Contract Tower,0,4,14,0,18,0,0,96,0,96,0,4,110,0,114,126,0,126,240
09/24/2017,BVY,MA,ANE,EN,Federal Contract Tower,0,3,17,0,20,0,6,123,0,129,0,9,140,0,149,138,0,138,287
09/25/2017,BVY,MA,ANE,EN,Federal Contract Tower,0,4,21,0,25,0,0,101,4,105,0,4,122,4,130,52,0,52,182
09/26/2017,BVY,MA,ANE,EN,Federal Contract Tower,0,2,10,0,12,0,5,67,0,72,0,7,77,0,84,66,0,66,150
09/27/2017,BVY,MA,ANE,EN,Federal Contract Tower,0,5,17,0,22,0,1,80,0,81,0,6,97,0,103,140,0,140,243
09/28/2017,BVY,MA,ANE,EN,Federal Contract Tower,0,8,15,0,23,0,0,59,0,59,0,8,74,0,82,44,0,44,126
09/29/2017,BVY,MA,ANE,EN,Federal Contract Tower,0,7,11,0,18,0,3,91,0,94,0,10,102,0,112,136,0,136,248
09/30/2017,BVY,MA,ANE,EN,Federal Contract Tower,0,2,9,0,11,0,0,6,0,6,0,2,15,0,17,2,0,2,19
10/01/2017,BVY,MA,ANE,EN,Federal Contract Tower,0,8,16,0,24,0,10,134,0,144,0,18,150,0,168,58,0,58,226
10/02/2017,BVY,MA,ANE,EN,Federal Contract Tower,0,1,12,0,13,0,0,90,0,90,0,1,102,0,103,64,0,64,167
10/03/2017,BVY,MA,ANE,EN,Federal Contract Tower,0,0,13,0,13,0,0,100,0,100,0,0,113,0,113,120,0,120,233
10/04/2017,BVY,MA,ANE,EN,Federal Contract Tower,0,2,8,0,10,0,0,90,0,90,0,2,98,0,100,124,0,124,224
10/05/2017,BVY,MA,ANE,EN,Federal Contract Tower,0,7,6,0,13,0,1,91,0,92,0,8,97,0,105,142,8,150,255
10/06/2017,BVY,MA,ANE,EN,Federal Contract Tower,0,7,17,0,24,0,1,74,0,75,0,8,91,0,99,84,0,84,183
10/07/2017,BVY,MA,ANE,EN,Federal Contract Tower,0,2,11,0,13,0,0,88,0,88,0,2,99,0,101,94,0,94,195
10/08/2017,BVY,MA,ANE,EN,Federal Contract Tower,0,6,16,0,22,0,0,0,0,0,0,6,16,0,22,0,0,0,22
10/09/2017,BVY,MA,ANE,EN,Federal Contract Tower,0,10,8,0,18,0,0,2,0,2,0,10,10,0,20,0,0,0,20
10/10/2017,BVY,MA,ANE,EN,Federal Contract Tower,0,4,14,0,18,0,0,78,0,78,0,4,92,0,96,130,0,130,226
10/11/2017,BVY,MA,ANE,EN,Federal Contract Tower,0,6,14,0,20,0,0,78,0,78,0,6,92,0,98,88,0,88,186
10/12/2017,BVY,MA,ANE,EN,Federal Contract Tower,0,4,10,1,15,0,0,74,2,76,0,4,84,3,91,140,0,140,231
10/13/2017,BVY,MA,ANE,EN,Federal Contract Tower,0,9,13,0,22,0,2,96,1,99,0,11,109,1,121,122,0,122,243
10/14/2017,BVY,MA,ANE,EN,Federal Contract Tower,0,5,12,0,17,0,0,54,2,56,0,5,66,2,73,146,0,146,219
10/15/2017,BVY,MA,ANE,EN,Federal Contract Tower,0,9,17,0,26,0,0,27,0,27,0,9,44,0,53,16,0,16,69
10/16/2017,BVY,MA,ANE,EN,Federal Contract Tower,0,4,11,0,15,0,0,50,0,50,0,4,61,0,65,50,0,50,115
10/17/2017,BVY,MA,ANE,EN,Federal Contract Tower,0,9,5,0,14,0,0,77,0,77,0,9,82,0,91,58,0,58,149
10/18/2017,BVY,MA,ANE,EN,Federal Contract Tower,0,6,12,0,18,0,1,97,0,98,0,7,109,0,116,162,0,162,278
10/19/2017,BVY,MA,ANE,EN,Federal Contract Tower,0,8,10,0,18,0,0,70,0,70,0,8,80,0,88,56,0,56,144
10/20/2017,BVY,MA,ANE,EN,Federal Contract Tower,0,9,16,0,25,0,1,70,2,73,0,10,86,2,98,86,0,86,184
10/21/2017,BVY,MA,ANE,EN,Federal Contract Tower,0,2,7,0,9,0,0,148,0,148,0,2,155,0,157,120,0,120,277
10/22/2017,BVY,MA,ANE,EN,Federal Contract Tower,0,13,26,0,39,0,0,121,0,121,0,13,147,0,160,116,0,116,276
10/23/2017,BVY,MA,ANE,EN,Federal Contract Tower,0,5,4,0,9,0,0,13,0,13,0,5,17,0,22,4,0,4,26
10/24/2017,BVY,MA,ANE,EN,Federal Contract Tower,0,2,9,1,12,0,0,22,1,23,0,2,31,2,35,24,0,24,59
10/25/2017,BVY,MA,ANE,EN,Federal Contract Tower,0,5,6,0,11,0,1,7,0,8,0,6,13,0,19,0,0,0,19
10/26/2017,BVY,MA,ANE,EN,Federal Contract Tower,0,4,8,0,12,0,0,0,0,0,0,4,8,0,12,0,0,0,12
10/27/2017,BVY,MA,ANE,EN,Federal Contract Tower,0,4,11,0,15,0,3,111,0,114,0,7,122,0,129,150,0,150,279
10/28/2017,BVY,MA,ANE,EN,Federal Contract Tower,0,2,7,0,9,0,0,136,0,136,0,2,143,0,145,146,0,146,291
10/29/2017,BVY,MA,ANE,EN,Federal Contract Tower,0,5,12,0,17,0,0,15,0,15,0,5,27,0,32,22,0,22,54
10/30/2017,BVY,MA,ANE,EN,Federal Contract Tower,0,3,6,0,9,0,0,5,0,5,0,3,11,0,14,0,0,0,14
10/31/2017,BVY,MA,ANE,EN,Federal Contract Tower,0,2,4,0,6,0,0,61,0,61,0,2,65,0,67,54,0,54,121
11/01/2017,BVY,MA,ANE,EN,Federal Contract Tower,0,7,20,0,27,0,5,87,0,92,0,12,107,0,119,80,0,80,199
11/02/2017,BVY,MA,ANE,EN,Federal Contract Tower,0,3,12,0,15,0,0,44,0,44,0,3,56,0,59,96,0,96,155
11/03/2017,BVY,MA,ANE,EN,Federal Contract Tower,0,6,11,1,18,0,1,44,13,58,0,7,55,14,76,74,0,74,150
11/04/2017,BVY,MA,ANE,EN,Federal Contract Tower,0,3,15,0,18,0,0,106,0,106,0,3,121,0,124,130,0,130,254
11/05/2017,BVY,MA,ANE,EN,Federal Contract Tower,0,10,23,0,33,0,4,48,0,52,0,14,71,0,85,82,0,82,167
11/06/2017,BVY,MA,ANE,EN,Federal Contract Tower,0,3,6,0,9,0,0,28,0,28,0,3,34,0,37,44,0,44,81
11/07/2017,BVY,MA,ANE,EN,Federal Contract Tower,0,8,8,0,16,0,1,57,0,58,0,9,65,0,74,86,0,86,160
11/08/2017,BVY,MA,ANE,EN,Federal Contract Tower,0,3,3,0,6,0,0,58,0,58,0,3,61,0,64,18,0,18,82
11/09/2017,BVY,MA,ANE,EN,Federal Contract Tower,0,7,5,0,12,0,1,81,1,83,0,8,86,1,95,170,0,170,265
11/10/2017,BVY,MA,ANE,EN,Federal Contract Tower,0,3,4,0,7,0,0,15,0,15,0,3,19,0,22,2,0,2,24
11/11/2017,BVY,MA,ANE,EN,Federal Contract Tower,0,2,10,0,12,0,0,111,0,111,0,2,121,0,123,126,0,126,249
11/12/2017,BVY,MA,ANE,EN,Federal Contract Tower,0,3,11,0,14,0,0,105,0,105,0,3,116,0,119,180,0,180,299
11/13/2017,BVY,MA,ANE,EN,Federal Contract Tower,0,8,12,0,20,0,0,7,0,7,0,8,19,0,27,0,0,0,27
11/14/2017,BVY,MA,ANE,EN,Federal Contract Tower,0,3,7,0,10,0,1,58,0,59,0,4,65,0,69,124,0,124,193
11/15/2017,BVY,MA,ANE,EN,Federal Contract Tower,0,2,14,0,16,0,2,85,0,87,0,4,99,0,103,72,0,72,175
11/16/2017,BVY,MA,ANE,EN,Federal Contract Tower,0,1,2,0,3,0,0,15,0,15,0,1,17,0,18,30,0,30,48
11/17/2017,BVY,MA,ANE,EN,Federal Contract Tower,0,4,6,0,10,0,2,14,0,16,0,6,20,0,26,0,0,0,26
11/18/2017,BVY,MA,ANE,EN,Federal Contract Tower,0,2,8,0,10,0,0,80,0,80,0,2,88,0,90,92,0,92,182
11/19/2017,BVY,MA,ANE,EN,Federal Contract Tower,0,0,2,0,2,0,0,2,0,2,0,0,4,0,4,4,0,4,8
11/20/2017,BVY,MA,ANE,EN,Federal Contract Tower,0,4,1,0,5,0,0,42,0,42,0,4,43,0,47,22,0,22,69
11/21/2017,BVY,MA,ANE,EN,Federal Contract Tower,0,2,8,0,10,0,0,57,2,59,0,2,65,2,69,10,0,10,79
11/22/2017,BVY,MA,ANE,EN,Federal Contract Tower,0,4,20,0,24,0,0,1,0,1,0,4,21,0,25,0,0,0,25
11/23/2017,BVY,MA,ANE,EN,Federal Contract Tower,0,0,2,0,2,0,0,29,0,29,0,0,31,0,31,6,0,6,37
11/24/2017,BVY,MA,ANE,EN,Federal Contract Tower,0,3,6,0,9,0,0,121,0,121,0,3,127,0,130,98,0,98,228
11/25/2017,BVY,MA,ANE,EN,Federal Contract Tower,0,3,5,0,8,0,0,64,0,64,0,3,69,0,72,54,0,54,126
11/26/2017,BVY,MA,ANE,EN,Federal Contract Tower,0,9,18,0,27,0,1,58,0,59,0,10,76,0,86,30,0,30,116
11/27/2017,BVY,MA,ANE,EN,Federal Contract Tower,0,3,9,0,12,0,0,50,0,50,0,3,59,0,62,52,0,52,114
11/28/2017,BVY,MA,ANE,EN,Federal Contract Tower,0,1,4,0,5,0,0,53,0,53,0,1,57,0,58,84,0,84,142
11/29/2017,BVY,MA,ANE,EN,Federal Contract Tower,0,3,7,0,10,0,0,36,0,36,0,3,43,0,46,16,4,20,66
11/30/2017,BVY,MA,ANE,EN,Federal Contract Tower,0,4,11,0,15,0,0,71,0,71,0,4,82,0,86,122,0,122,208
12/01/2017,BVY,MA,ANE,EN,Federal Contract Tower,0,8,12,0,20,0,0,70,2,72,0,8,82,2,92,60,0,60,152
12/02/2017,BVY,MA,ANE,EN,Federal Contract Tower,0,4,10,1,15,0,0,91,7,98,0,4,101,8,113,84,0,84,197
12/03/2017,BVY,MA,ANE,EN,Federal Contract Tower,0,6,24,0,30,0,1,111,7,119,0,7,135,7,149,92,0,92,241
12/04/2017,BVY,MA,ANE,EN,Federal Contract Tower,0,4,11,0,15,0,4,78,0,82,0,8,89,0,97,138,0,138,235
12/05/2017,BVY,MA,ANE,EN,Federal Contract Tower,0,0,6,0,6,0,0,19,0,19,0,0,25,0,25,60,0,60,85
12/06/2017,BVY,MA,ANE,EN,Federal Contract Tower,0,1,6,0,7,0,0,51,0,51,0,1,57,0,58,64,0,64,122
12/07/2017,BVY,MA,ANE,EN,Federal Contract Tower,0,3,5,0,8,0,1,88,0,89,0,4,93,0,97,114,0,114,211
12/08/2017,BVY,MA,ANE,EN,Federal Contract Tower,0,1,11,0,12,0,0,82,0,82,0,1,93,0,94,112,0,112,206
12/09/2017,BVY,MA,ANE,EN,Federal Contract Tower,0,0,0,0,0,0,0,7,0,7,0,0,7,0,7,0,0,0,7
12/10/2017,BVY,MA,ANE,EN,Federal Contract Tower,0,4,6,0,10,0,1,44,0,45,0,5,50,0,55,100,0,100,155
12/11/2017,BVY,MA,ANE,EN,Federal Contract Tower,0,4,8,0,12,0,0,47,0,47,0,4,55,0,59,48,2,50,109
12/12/2017,BVY,MA,ANE,EN,Federal Contract Tower,0,3,1,0,4,0,0,6,0,6,0,3,7,0,10,16,0,16,26
12/13/2017,BVY,MA,ANE,EN,Federal Contract Tower,0,5,4,0,9,0,2,22,0,24,0,7,26,0,33,20,0,20,53
12/14/2017,BVY,MA,ANE,EN,Federal Contract Tower,0,7,6,0,13,0,0,55,0,55,0,7,61,0,68,132,0,132,200
12/15/2017,BVY,MA,ANE,EN,Federal Contract Tower,0,4,4,0,8,0,0,48,0,48,0,4,52,0,56,70,0,70,126
12/16/2017,BVY,MA,ANE,EN,Federal Contract Tower,0,4,7,0,11,0,0,56,0,56,0,4,63,0,67,76,0,76,143
12/17/2017,BVY,MA,ANE,EN,Federal Contract Tower,0,8,11,0,19,0,0,64,0,64,0,8,75,0,83,74,0,74,157
12/18/2017,BVY,MA,ANE,EN,Federal Contract Tower,0,5,7,0,12,0,0,17,0,17,0,5,24,0,29,8,0,8,37
12/19/2017,BVY,MA,ANE,EN,Federal Contract Tower,0,3,7,0,10,0,0,82,0,82,0,3,89,0,92,130,0,130,222
12/20/2017,BVY,MA,ANE,EN,Federal Contract Tower,0,1,5,0,6,0,0,57,0,57,0,1,62,0,63,8,0,8,71
12/21/2017,BVY,MA,ANE,EN,Federal Contract Tower,0,2,3,0,5,0,1,73,0,74,0,3,76,0,79,70,0,70,149
12/22/2017,BVY,MA,ANE,EN,Federal Contract Tower,0,2,0,0,2,0,1,2,0,3,0,3,2,0,5,2,0,2,7
12/23/2017,BVY,MA,ANE,EN,Federal Contract Tower,0,0,1,0,1,0,0,0,0,0,0,0,1,0,1,0,0,0,1
12/24/2017,BVY,MA,ANE,EN,Federal Contract Tower,0,0,1,0,1,0,2,1,0,3,0,2,2,0,4,0,0,0,4
12/25/2017,BVY,MA,ANE,EN,Federal Contract Tower,0,0,0,0,0,0,0,0,0,0,0,0,0,0,0,0,0,0,0
12/26/2017,BVY,MA,ANE,EN,Federal Contract Tower,0,0,2,0,2,0,0,16,0,16,0,0,18,0,18,0,0,0,18
12/27/2017,BVY,MA,ANE,EN,Federal Contract Tower,0,6,8,0,14,0,0,66,0,66,0,6,74,0,80,38,0,38,118
12/28/2017,BVY,MA,ANE,EN,Federal Contract Tower,0,5,1,0,6,0,0,21,0,21,0,5,22,0,27,0,0,0,27
12/29/2017,BVY,MA,ANE,EN,Federal Contract Tower,0,2,6,0,8,0,0,47,0,47,0,2,53,0,55,44,0,44,99
12/30/2017,BVY,MA,ANE,EN,Federal Contract Tower,0,4,1,0,5,0,0,23,0,23,0,4,24,0,28,18,0,18,46
12/31/2017,BVY,MA,ANE,EN,Federal Contract Tower,0,1,4,0,5,0,0,15,0,15,0,1,19,0,20,0,0,0,20
01/01/2018,BVY,MA,ANE,EN,Federal Contract Tower,0,8,0,0,8,0,0,12,0,12,0,8,12,0,20,0,0,0,20
01/02/2018,BVY,MA,ANE,EN,Federal Contract Tower,0,4,6,0,10,0,2,39,0,41,0,6,45,0,51,54,0,54,105
01/03/2018,BVY,MA,ANE,EN,Federal Contract Tower,0,9,4,0,13,0,0,77,0,77,0,9,81,0,90,58,0,58,148
01/04/2018,BVY,MA,ANE,EN,Federal Contract Tower,0,0,0,0,0,0,0,0,0,0,0,0,0,0,0,0,0,0,0
01/05/2018,BVY,MA,ANE,EN,Federal Contract Tower,0,0,1,0,1,0,1,6,0,7,0,1,7,0,8,0,0,0,8
01/06/2018,BVY,MA,ANE,EN,Federal Contract Tower,0,2,0,0,2,0,0,0,0,0,0,2,0,0,2,0,0,0,2
01/07/2018,BVY,MA,ANE,EN,Federal Contract Tower,0,0,5,0,5,0,0,45,0,45,0,0,50,0,50,28,0,28,78
01/08/2018,BVY,MA,ANE,EN,Federal Contract Tower,0,5,3,0,8,0,0,29,2,31,0,5,32,2,39,2,0,2,41
01/09/2018,BVY,MA,ANE,EN,Federal Contract Tower,0,2,9,0,11,0,4,50,1,55,0,6,59,1,66,34,0,34,100
01/10/2018,BVY,MA,ANE,EN,Federal Contract Tower,0,0,0,0,0,0,0,4,0,4,0,0,4,0,4,80,0,80,84
01/11/2018,BVY,MA,ANE,EN,Federal Contract Tower,0,7,4,0,11,0,0,39,0,39,0,7,43,0,50,22,0,22,72
01/12/2018,BVY,MA,ANE,EN,Federal Contract Tower,0,4,4,0,8,0,0,11,0,11,0,4,15,0,19,0,0,0,19
01/13/2018,BVY,MA,ANE,EN,Federal Contract Tower,0,3,1,0,4,0,0,5,0,5,0,3,6,0,9,2,0,2,11
01/14/2018,BVY,MA,ANE,EN,Federal Contract Tower,0,0,8,0,8,0,0,70,0,70,0,0,78,0,78,112,0,112,190
01/15/2018,BVY,MA,ANE,EN,Federal Contract Tower,0,4,3,0,7,0,0,36,0,36,0,4,39,0,43,38,0,38,81
01/16/2018,BVY,MA,ANE,EN,Federal Contract Tower,0,7,1,0,8,0,0,39,0,39,0,7,40,0,47,66,0,66,113
01/17/2018,BVY,MA,ANE,EN,Federal Contract Tower,0,0,0,0,0,0,0,0,0,0,0,0,0,0,0,0,0,0,0
01/18/2018,BVY,MA,ANE,EN,Federal Contract Tower,0,2,9,1,12,0,0,34,0,34,0,2,43,1,46,82,0,82,128
01/19/2018,BVY,MA,ANE,EN,Federal Contract Tower,0,5,8,0,13,0,0,79,0,79,0,5,87,0,92,136,0,136,228
01/20/2018,BVY,MA,ANE,EN,Federal Contract Tower,0,2,11,0,13,0,0,69,0,69,0,2,80,0,82,134,0,134,216
01/21/2018,BVY,MA,ANE,EN,Federal Contract Tower,0,2,12,0,14,0,1,101,0,102,0,3,113,0,116,192,0,192,308
01/22/2018,BVY,MA,ANE,EN,Federal Contract Tower,0,7,5,0,12,0,0,1,0,1,0,7,6,0,13,0,0,0,13
01/23/2018,BVY,MA,ANE,EN,Federal Contract Tower,0,0,0,0,0,0,0,0,0,0,0,0,0,0,0,0,0,0,0
01/24/2018,BVY,MA,ANE,EN,Federal Contract Tower,0,2,10,0,12,0,1,45,0,46,0,3,55,0,58,96,0,96,154
01/25/2018,BVY,MA,ANE,EN,Federal Contract Tower,0,3,3,0,6,0,0,54,0,54,0,3,57,0,60,42,0,42,102
01/26/2018,BVY,MA,ANE,EN,Federal Contract Tower,0,3,8,0,11,0,0,67,0,67,0,3,75,0,78,70,0,70,148
01/27/2018,BVY,MA,ANE,EN,Federal Contract Tower,0,1,8,0,9,0,0,33,0,33,0,1,41,0,42,40,0,40,82
01/28/2018,BVY,MA,ANE,EN,Federal Contract Tower,0,4,14,0,18,0,0,63,0,63,0,4,77,0,81,176,0,176,257
01/29/2018,BVY,MA,ANE,EN,Federal Contract Tower,0,2,8,0,10,0,0,42,0,42,0,2,50,0,52,22,0,22,74
01/30/2018,BVY,MA,ANE,EN,Federal Contract Tower,0,1,2,0,3,0,0,7,0,7,0,1,9,0,10,0,0,0,10
01/31/2018,BVY,MA,ANE,EN,Federal Contract Tower,0,2,11,0,13,0,1,52,0,53,0,3,63,0,66,90,0,90,156
02/01/2018,BVY,MA,ANE,EN,Federal Contract Tower,0,4,8,0,12,0,0,34,0,34,0,4,42,0,46,70,0,70,116
02/02/2018,BVY,MA,ANE,EN,Federal Contract Tower,0,2,10,0,12,0,0,38,0,38,0,2,48,0,50,0,0,0,50
02/03/2018,BVY,MA,ANE,EN,Federal Contract Tower,0,6,5,0,11,0,0,66,2,68,0,6,71,2,79,108,0,108,187
02/04/2018,BVY,MA,ANE,EN,Federal Contract Tower,0,4,4,0,8,0,0,34,0,34,0,4,38,0,42,72,0,72,114
02/05/2018,BVY,MA,ANE,EN,Federal Contract Tower,0,5,5,0,10,0,0,33,0,33,0,5,38,0,43,8,0,8,51
02/06/2018,BVY,MA,ANE,EN,Federal Contract Tower,0,3,5,0,8,0,1,88,0,89,0,4,93,0,97,158,0,158,255
02/07/2018,BVY,MA,ANE,EN,Federal Contract Tower,0,3,1,0,4,0,0,13,0,13,0,3,14,0,17,24,0,24,41
02/08/2018,BVY,MA,ANE,EN,Federal Contract Tower,0,3,1,0,4,0,0,27,0,27,0,3,28,0,31,12,0,12,43
02/09/2018,BVY,MA,ANE,EN,Federal Contract Tower,0,3,8,0,11,0,0,62,0,62,0,3,70,0,73,102,0,102,175
02/10/2018,BVY,MA,ANE,EN,Federal Contract Tower,0,3,21,0,24,0,1,30,0,31,0,4,51,0,55,48,0,48,103
02/11/2018,BVY,MA,ANE,EN,Federal Contract Tower,0,2,1,0,3,0,0,0,0,0,0,2,1,0,3,0,0,0,3
02/12/2018,BVY,MA,ANE,EN,Federal Contract Tower,0,5,9,0,14,0,5,60,0,65,0,10,69,0,79,112,0,112,191
02/13/2018,BVY,MA,ANE,EN,Federal Contract Tower,0,5,7,0,12,0,1,73,0,74,0,6,80,0,86,160,0,160,246
02/14/2018,BVY,MA,ANE,EN,Federal Contract Tower,0,2,7,0,9,0,1,50,0,51,0,3,57,0,60,88,0,88,148
02/15/2018,BVY,MA,ANE,EN,Federal Contract Tower,0,4,3,0,7,0,0,34,0,34,0,4,37,0,41,82,0,82,123
02/16/2018,BVY,MA,ANE,EN,Federal Contract Tower,0,2,10,0,12,0,0,25,0,25,0,2,35,0,37,74,0,74,111
02/17/2018,BVY,MA,ANE,EN,Federal Contract Tower,0,2,23,0,25,0,0,93,0,93,0,2,116,0,118,126,0,126,244
02/18/2018,BVY,MA,ANE,EN,Federal Contract Tower,0,1,8,0,9,0,0,57,1,58,0,1,65,1,67,80,0,80,147
02/19/2018,BVY,MA,ANE,EN,Federal Contract Tower,0,4,6,0,10,0,0,73,0,73,0,4,79,0,83,110,0,110,193
02/20/2018,BVY,MA,ANE,EN,Federal Contract Tower,0,3,13,0,16,0,0,72,0,72,0,3,85,0,88,100,0,100,188
02/21/2018,BVY,MA,ANE,EN,Federal Contract Tower,0,5,17,0,22,0,1,84,0,85,0,6,101,0,107,104,0,104,211
02/22/2018,BVY,MA,ANE,EN,Federal Contract Tower,0,2,5,0,7,0,0,35,0,35,0,2,40,0,42,94,0,94,136
02/23/2018,BVY,MA,ANE,EN,Federal Contract Tower,0,1,8,0,9,0,0,58,0,58,0,1,66,0,67,94,0,94,161
02/24/2018,BVY,MA,ANE,EN,Federal Contract Tower,0,1,12,0,13,0,0,120,0,120,0,1,132,0,133,244,0,244,377
02/25/2018,BVY,MA,ANE,EN,Federal Contract Tower,0,1,2,0,3,0,0,0,0,0,0,1,2,0,3,0,0,0,3
02/26/2018,BVY,MA,ANE,EN,Federal Contract Tower,0,6,18,0,24,0,0,57,0,57,0,6,75,0,81,72,0,72,153
02/27/2018,BVY,MA,ANE,EN,Federal Contract Tower,0,3,11,0,14,0,0,72,4,76,0,3,83,4,90,82,2,84,174
02/28/2018,BVY,MA,ANE,EN,Federal Contract Tower,0,1,14,0,15,0,0,75,0,75,0,1,89,0,90,120,0,120,210
03/01/2018,BVY,MA,ANE,EN,Federal Contract Tower,0,3,6,0,9,0,0,66,0,66,0,3,72,0,75,130,0,130,205
03/02/2018,BVY,MA,ANE,EN,Federal Contract Tower,0,0,0,0,0,0,0,0,0,0,0,0,0,0,0,0,0,0,0
03/03/2018,BVY,MA,ANE,EN,Federal Contract Tower,0,6,3,0,9,0,0,1,0,1,0,6,4,0,10,0,0,0,10
03/04/2018,BVY,MA,ANE,EN,Federal Contract Tower,0,8,7,0,15,0,0,65,0,65,0,8,72,0,80,94,0,94,174
03/05/2018,BVY,MA,ANE,EN,Federal Contract Tower,0,1,4,0,5,0,0,28,0,28,0,1,32,0,33,12,0,12,45
03/06/2018,BVY,MA,ANE,EN,Federal Contract Tower,0,1,12,0,13,0,0,45,0,45,0,1,57,0,58,86,0,86,144
03/07/2018,BVY,MA,ANE,EN,Federal Contract Tower,0,1,3,0,4,0,0,1,0,1,0,1,4,0,5,0,0,0,5
03/08/2018,BVY,MA,ANE,EN,Federal Contract Tower,0,9,3,0,12,0,0,7,0,7,0,9,10,0,19,0,0,0,19
03/09/2018,BVY,MA,ANE,EN,Federal Contract Tower,0,2,14,0,16,0,0,68,0,68,0,2,82,0,84,102,0,102,186
03/10/2018,BVY,MA,ANE,EN,Federal Contract Tower,0,2,6,0,8,0,0,66,0,66,0,2,72,0,74,114,0,114,188
03/11/2018,BVY,MA,ANE,EN,Federal Contract Tower,0,0,15,0,15,0,0,115,0,115,0,0,130,0,130,166,0,166,296
03/12/2018,BVY,MA,ANE,EN,Federal Contract Tower,0,4,2,0,6,0,0,32,0,32,0,4,34,0,38,32,0,32,70
03/13/2018,BVY,MA,ANE,EN,Federal Contract Tower,0,0,0,0,0,0,0,0,0,0,0,0,0,0,0,0,0,0,0
03/14/2018,BVY,MA,ANE,EN,Federal Contract Tower,0,0,0,0,0,0,0,8,0,8,0,0,8,0,8,0,0,0,8
03/15/2018,BVY,MA,ANE,EN,Federal Contract Tower,0,3,11,0,14,0,0,43,0,43,0,3,54,0,57,18,0,18,75
03/16/2018,BVY,MA,ANE,EN,Federal Contract Tower,0,2,3,0,5,0,0,38,0,38,0,2,41,0,43,16,0,16,59
03/17/2018,BVY,MA,ANE,EN,Federal Contract Tower,0,3,10,0,13,0,0,34,0,34,0,3,44,0,47,14,0,14,61
03/18/2018,BVY,MA,ANE,EN,Federal Contract Tower,0,4,10,0,14,0,0,93,0,93,0,4,103,0,107,102,0,102,209
03/19/2018,BVY,MA,ANE,EN,Federal Contract Tower,0,2,8,0,10,0,0,66,0,66,0,2,74,0,76,58,2,60,136
03/20/2018,BVY,MA,ANE,EN,Federal Contract Tower,0,6,8,0,14,0,0,74,0,74,0,6,82,0,88,114,0,114,202
03/21/2018,BVY,MA,ANE,EN,Federal Contract Tower,0,4,2,0,6,0,0,23,0,23,0,4,25,0,29,24,0,24,53
03/22/2018,BVY,MA,ANE,EN,Federal Contract Tower,0,2,2,0,4,0,0,5,0,5,0,2,7,0,9,0,0,0,9
03/23/2018,BVY,MA,ANE,EN,Federal Contract Tower,0,0,9,0,9,0,0,100,0,100,0,0,109,0,109,170,0,170,279
03/24/2018,BVY,MA,ANE,EN,Federal Contract Tower,0,2,6,0,8,0,0,85,0,85,0,2,91,0,93,128,0,128,221
03/25/2018,BVY,MA,ANE,EN,Federal Contract Tower,0,0,8,0,8,0,0,10,0,10,0,0,18,0,18,22,0,22,40
03/26/2018,BVY,MA,ANE,EN,Federal Contract Tower,0,5,10,0,15,0,2,83,0,85,0,7,93,0,100,74,0,74,174
03/27/2018,BVY,MA,ANE,EN,Federal Contract Tower,0,8,15,0,23,0,0,78,0,78,0,8,93,0,101,102,0,102,203
03/28/2018,BVY,MA,ANE,EN,Federal Contract Tower,0,9,13,0,22,0,1,69,3,73,0,10,82,3,95,88,0,88,183
03/29/2018,BVY,MA,ANE,EN,Federal Contract Tower,0,4,9,0,13,0,0,75,0,75,0,4,84,0,88,128,0,128,216
03/30/2018,BVY,MA,ANE,EN,Federal Contract Tower,0,3,12,0,15,0,0,20,0,20,0,3,32,0,35,36,0,36,71
03/31/2018,BVY,MA,ANE,EN,Federal Contract Tower,0,4,9,1,14,0,0,100,0,100,0,4,109,1,114,74,0,74,188
04/01/2018,BVY,MA,ANE,EN,Federal Contract Tower,0,0,5,0,5,0,0,41,0,41,0,0,46,0,46,10,0,10,56
04/02/2018,BVY,MA,ANE,EN,Federal Contract Tower,0,6,5,0,11,0,0,17,0,17,0,6,22,0,28,46,0,46,74
04/03/2018,BVY,MA,ANE,EN,Federal Contract Tower,0,4,11,0,15,0,0,55,0,55,0,4,66,0,70,98,0,98,168
04/04/2018,BVY,MA,ANE,EN,Federal Contract Tower,0,2,2,0,4,0,0,0,0,0,0,2,2,0,4,0,0,0,4
04/05/2018,BVY,MA,ANE,EN,Federal Contract Tower,0,6,11,0,17,0,0,27,4,31,0,6,38,4,48,0,0,0,48
04/06/2018,BVY,MA,ANE,EN,Federal Contract Tower,0,5,8,0,13,0,0,27,0,27,0,5,35,0,40,36,0,36,76
04/07/2018,BVY,MA,ANE,EN,Federal Contract Tower,0,0,18,0,18,0,0,97,0,97,0,0,115,0,115,138,0,138,253
04/08/2018,BVY,MA,ANE,EN,Federal Contract Tower,0,0,20,0,20,0,0,91,0,91,0,0,111,0,111,108,0,108,219
04/09/2018,BVY,MA,ANE,EN,Federal Contract Tower,0,8,12,0,20,0,3,57,0,60,0,11,69,0,80,84,0,84,164
04/10/2018,BVY,MA,ANE,EN,Federal Contract Tower,0,11,14,0,25,0,0,37,0,37,0,11,51,0,62,92,0,92,154
04/11/2018,BVY,MA,ANE,EN,Federal Contract Tower,0,3,15,0,18,0,1,88,0,89,0,4,103,0,107,188,0,188,295
04/12/2018,BVY,MA,ANE,EN,Federal Contract Tower,0,8,5,0,13,0,0,68,0,68,0,8,73,0,81,126,0,126,207
04/13/2018,BVY,MA,ANE,EN,Federal Contract Tower,0,4,13,0,17,0,2,106,1,109,0,6,119,1,126,208,0,208,334
04/14/2018,BVY,MA,ANE,EN,Federal Contract Tower,0,1,23,0,24,0,0,94,0,94,0,1,117,0,118,170,0,170,288
04/15/2018,BVY,MA,ANE,EN,Federal Contract Tower,0,3,0,0,3,0,0,5,0,5,0,3,5,0,8,0,0,0,8
04/16/2018,BVY,MA,ANE,EN,Federal Contract Tower,0,3,2,0,5,0,0,0,0,0,0,3,2,0,5,0,0,0,5
04/17/2018,BVY,MA,ANE,EN,Federal Contract Tower,0,6,9,0,15,0,0,76,0,76,0,6,85,0,91,60,0,60,151
04/18/2018,BVY,MA,ANE,EN,Federal Contract Tower,0,3,9,0,12,0,0,66,0,66,0,3,75,0,78,80,0,80,158
04/19/2018,BVY,MA,ANE,EN,Federal Contract Tower,0,5,6,0,11,0,0,3,0,3,0,5,9,0,14,0,0,0,14
04/20/2018,BVY,MA,ANE,EN,Federal Contract Tower,0,5,5,0,10,0,2,70,0,72,0,7,75,0,82,84,0,84,166
04/21/2018,BVY,MA,ANE,EN,Federal Contract Tower,0,6,9,0,15,0,2,112,0,114,0,8,121,0,129,122,0,122,251
04/22/2018,BVY,MA,ANE,EN,Federal Contract Tower,0,2,17,0,19,0,4,117,0,121,0,6,134,0,140,194,0,194,334
04/23/2018,BVY,MA,ANE,EN,Federal Contract Tower,0,5,6,0,11,0,1,71,0,72,0,6,77,0,83,64,0,64,147
04/24/2018,BVY,MA,ANE,EN,Federal Contract Tower,0,6,13,0,19,0,0,87,0,87,0,6,100,0,106,82,0,82,188
04/25/2018,BVY,MA,ANE,EN,Federal Contract Tower,0,6,4,0,10,0,0,1,0,1,0,6,5,0,11,0,0,0,11
04/26/2018,BVY,MA,ANE,EN,Federal Contract Tower,0,4,10,0,14,0,1,16,0,17,0,5,26,0,31,28,0,28,59
04/27/2018,BVY,MA,ANE,EN,Federal Contract Tower,0,7,8,0,15,0,0,63,0,63,0,7,71,0,78,92,0,92,170
04/28/2018,BVY,MA,ANE,EN,Federal Contract Tower,0,0,17,0,17,0,0,95,0,95,0,0,112,0,112,186,0,186,298
04/29/2018,BVY,MA,ANE,EN,Federal Contract Tower,0,4,18,0,22,0,0,32,0,32,0,4,50,0,54,80,0,80,134
04/30/2018,BVY,MA,ANE,EN,Federal Contract Tower,0,1,9,0,10,0,0,30,0,30,0,1,39,0,40,40,0,40,80
05/01/2018,BVY,MA,ANE,EN,Federal Contract Tower,0,1,14,0,15,0,0,46,0,46,0,1,60,0,61,94,0,94,155
05/02/2018,BVY,MA,ANE,EN,Federal Contract Tower,0,3,10,0,13,0,0,96,0,96,0,3,106,0,109,98,0,98,207
05/03/2018,BVY,MA,ANE,EN,Federal Contract Tower,0,10,5,0,15,0,1,46,0,47,0,11,51,0,62,92,0,92,154
05/04/2018,BVY,MA,ANE,EN,Federal Contract Tower,0,2,9,0,11,0,0,69,0,69,0,2,78,0,80,156,0,156,236
05/05/2018,BVY,MA,ANE,EN,Federal Contract Tower,0,6,3,0,9,0,0,107,0,107,0,6,110,0,116,142,0,142,258
05/06/2018,BVY,MA,ANE,EN,Federal Contract Tower,0,1,15,0,16,0,0,38,0,38,0,1,53,0,54,92,0,92,146
05/07/2018,BVY,MA,ANE,EN,Federal Contract Tower,0,3,10,0,13,0,0,65,0,65,0,3,75,0,78,34,0,34,112
05/08/2018,BVY,MA,ANE,EN,Federal Contract Tower,0,2,7,0,9,0,0,56,0,56,0,2,63,0,65,114,0,114,179
05/09/2018,BVY,MA,ANE,EN,Federal Contract Tower,0,3,13,0,16,0,0,64,0,64,0,3,77,0,80,56,0,56,136
05/10/2018,BVY,MA,ANE,EN,Federal Contract Tower,0,6,18,0,24,0,0,41,0,41,0,6,59,0,65,28,0,28,93
05/11/2018,BVY,MA,ANE,EN,Federal Contract Tower,0,4,8,0,12,0,0,94,0,94,0,4,102,0,106,60,0,60,166
05/12/2018,BVY,MA,ANE,EN,Federal Contract Tower,0,5,19,0,24,0,0,38,0,38,0,5,57,0,62,90,0,90,152
05/13/2018,BVY,MA,ANE,EN,Federal Contract Tower,0,2,7,0,9,0,0,21,0,21,0,2,28,0,30,52,0,52,82
05/14/2018,BVY,MA,ANE,EN,Federal Contract Tower,0,3,8,0,11,0,0,71,0,71,0,3,79,0,82,118,0,118,200
05/15/2018,BVY,MA,ANE,EN,Federal Contract Tower,0,0,7,0,7,0,0,38,0,38,0,0,45,0,45,44,0,44,89
05/16/2018,BVY,MA,ANE,EN,Federal Contract Tower,0,7,10,0,17,0,0,61,0,61,0,7,71,0,78,102,0,102,180
05/17/2018,BVY,MA,ANE,EN,Federal Contract Tower,0,11,11,0,22,0,1,74,0,75,0,12,85,0,97,114,0,114,211
05/18/2018,BVY,MA,ANE,EN,Federal Contract Tower,0,6,12,0,18,0,0,95,0,95,0,6,107,0,113,94,0,94,207
05/19/2018,BVY,MA,ANE,EN,Federal Contract Tower,0,9,13,0,22,0,0,36,0,36,0,9,49,0,58,54,0,54,112
05/20/2018,BVY,MA,ANE,EN,Federal Contract Tower,0,2,12,0,14,0,0,55,0,55,0,2,67,0,69,50,0,50,119
05/21/2018,BVY,MA,ANE,EN,Federal Contract Tower,0,2,20,0,22,0,0,104,1,105,0,2,124,1,127,76,0,76,203
05/22/2018,BVY,MA,ANE,EN,Federal Contract Tower,0,6,11,0,17,0,0,76,0,76,0,6,87,0,93,126,0,126,219
05/23/2018,BVY,MA,ANE,EN,Federal Contract Tower,0,8,9,0,17,0,0,91,0,91,0,8,100,0,108,128,0,128,236
05/24/2018,BVY,MA,ANE,EN,Federal Contract Tower,0,1,7,0,8,0,0,83,0,83,0,1,90,0,91,204,0,204,295
05/25/2018,BVY,MA,ANE,EN,Federal Contract Tower,0,2,11,0,13,0,0,67,0,67,0,2,78,0,80,38,0,38,118
05/26/2018,BVY,MA,ANE,EN,Federal Contract Tower,0,2,11,0,13,0,0,88,0,88,0,2,99,0,101,114,0,114,215
05/27/2018,BVY,MA,ANE,EN,Federal Contract Tower,0,4,9,0,13,0,0,29,0,29,0,4,38,0,42,74,0,74,116
05/28/2018,BVY,MA,ANE,EN,Federal Contract Tower,0,5,18,0,23,0,0,20,0,20,0,5,38,0,43,4,0,4,47
05/29/2018,BVY,MA,ANE,EN,Federal Contract Tower,0,1,16,0,17,0,0,90,0,90,0,1,106,0,107,124,0,124,231
05/30/2018,BVY,MA,ANE,EN,Federal Contract Tower,0,3,20,0,23,0,1,98,0,99,0,4,118,0,122,86,4,90,212
05/31/2018,BVY,MA,ANE,EN,Federal Contract Tower,0,9,11,0,20,0,2,115,0,117,0,11,126,0,137,166,0,166,303
06/01/2018,BVY,MA,ANE,EN,Federal Contract Tower,0,6,21,0,27,0,0,49,0,49,0,6,70,0,76,164,0,164,240
06/02/2018,BVY,MA,ANE,EN,Federal Contract Tower,0,13,9,0,22,0,1,80,0,81,0,14,89,0,103,144,0,144,247
06/03/2018,BVY,MA,ANE,EN,Federal Contract Tower,0,6,14,0,20,0,1,74,0,75,0,7,88,0,95,78,0,78,173
06/04/2018,BVY,MA,ANE,EN,Federal Contract Tower,0,7,13,0,20,0,0,1,0,1,0,7,14,0,21,0,0,0,21
06/05/2018,BVY,MA,ANE,EN,Federal Contract Tower,0,8,18,4,30,0,0,33,0,33,0,8,51,4,63,98,0,98,161
06/06/2018,BVY,MA,ANE,EN,Federal Contract Tower,0,4,13,0,17,0,0,94,0,94,0,4,107,0,111,158,0,158,269
06/07/2018,BVY,MA,ANE,EN,Federal Contract Tower,0,4,20,0,24,0,1,85,0,86,0,5,105,0,110,98,0,98,208
06/08/2018,BVY,MA,ANE,EN,Federal Contract Tower,0,3,13,0,16,0,0,86,0,86,0,3,99,0,102,116,0,116,218
06/09/2018,BVY,MA,ANE,EN,Federal Contract Tower,0,0,12,0,12,0,0,110,0,110,0,0,122,0,122,76,0,76,198
06/10/2018,BVY,MA,ANE,EN,Federal Contract Tower,0,3,9,0,12,0,2,124,0,126,0,5,133,0,138,106,0,106,244
06/11/2018,BVY,MA,ANE,EN,Federal Contract Tower,0,7,17,0,24,0,1,78,0,79,0,8,95,0,103,22,0,22,125
06/12/2018,BVY,MA,ANE,EN,Federal Contract Tower,0,10,8,0,18,0,0,80,0,80,0,10,88,0,98,38,0,38,136
06/13/2018,BVY,MA,ANE,EN,Federal Contract Tower,0,6,13,1,20,0,0,59,1,60,0,6,72,2,80,68,0,68,148
06/14/2018,BVY,MA,ANE,EN,Federal Contract Tower,0,5,13,0,18,0,1,70,0,71,0,6,83,0,89,108,0,108,197
06/15/2018,BVY,MA,ANE,EN,Federal Contract Tower,0,7,23,0,30,0,0,35,0,35,0,7,58,0,65,76,0,76,141
06/16/2018,BVY,MA,ANE,EN,Federal Contract Tower,1,3,11,0,15,0,0,98,0,98,1,3,109,0,113,84,0,84,197
06/17/2018,BVY,MA,ANE,EN,Federal Contract Tower,0,2,5,0,7,0,1,121,0,122,0,3,126,0,129,166,0,166,295
06/18/2018,BVY,MA,ANE,EN,Federal Contract Tower,0,1,4,0,5,0,2,64,0,66,0,3,68,0,71,54,0,54,125
06/19/2018,BVY,MA,ANE,EN,Federal Contract Tower,0,6,12,0,18,0,0,56,0,56,0,6,68,0,74,76,0,76,150
06/20/2018,BVY,MA,ANE,EN,Federal Contract Tower,0,4,7,0,11,0,0,86,0,86,0,4,93,0,97,104,0,104,201
06/21/2018,BVY,MA,ANE,EN,Federal Contract Tower,0,5,21,0,26,0,0,123,0,123,0,5,144,0,149,162,0,162,311
06/22/2018,BVY,MA,ANE,EN,Federal Contract Tower,0,8,15,0,23,0,4,102,0,106,0,12,117,0,129,104,0,104,233
06/23/2018,BVY,MA,ANE,EN,Federal Contract Tower,0,7,16,0,23,0,0,24,0,24,0,7,40,0,47,32,0,32,79
06/24/2018,BVY,MA,ANE,EN,Federal Contract Tower,0,10,19,0,29,0,0,78,0,78,0,10,97,0,107,118,0,118,225
06/25/2018,BVY,MA,ANE,EN,Federal Contract Tower,0,5,15,0,20,0,0,51,0,51,0,5,66,0,71,94,0,94,165
06/26/2018,BVY,MA,ANE,EN,Federal Contract Tower,0,2,11,0,13,0,0,93,4,97,0,2,104,4,110,82,0,82,192
06/27/2018,BVY,MA,ANE,EN,Federal Contract Tower,0,2,11,0,13,0,1,75,4,80,0,3,86,4,93,98,0,98,191
06/28/2018,BVY,MA,ANE,EN,Federal Contract Tower,0,2,2,0,4,0,0,6,0,6,0,2,8,0,10,0,0,0,10
06/29/2018,BVY,MA,ANE,EN,Federal Contract Tower,0,8,19,0,27,0,1,99,0,100,0,9,118,0,127,192,0,192,319
06/30/2018,BVY,MA,ANE,EN,Federal Contract Tower,0,2,4,0,6,0,0,124,0,124,0,2,128,0,130,94,0,94,224
07/01/2018,BVY,MA,ANE,EN,Federal Contract Tower,0,7,1,0,8,0,0,89,0,89,0,7,90,0,97,74,0,74,171
07/02/2018,BVY,MA,ANE,EN,Federal Contract Tower,0,12,13,0,25,0,0,101,0,101,0,12,114,0,126,196,0,196,322
07/03/2018,BVY,MA,ANE,EN,Federal Contract Tower,0,2,9,0,11,0,3,49,0,52,0,5,58,0,63,40,0,40,103
07/04/2018,BVY,MA,ANE,EN,Federal Contract Tower,0,2,3,0,5,0,0,48,0,48,0,2,51,0,53,12,0,12,65
07/05/2018,BVY,MA,ANE,EN,Federal Contract Tower,0,0,18,0,18,0,1,102,0,103,0,1,120,0,121,90,0,90,211
07/06/2018,BVY,MA,ANE,EN,Federal Contract Tower,0,8,6,0,14,0,0,47,0,47,0,8,53,0,61,28,0,28,89
07/07/2018,BVY,MA,ANE,EN,Federal Contract Tower,0,7,15,0,22,0,0,119,0,119,0,7,134,0,141,126,0,126,267
07/08/2018,BVY,MA,ANE,EN,Federal Contract Tower,0,3,21,0,24,0,1,135,0,136,0,4,156,0,160,110,0,110,270
07/09/2018,BVY,MA,ANE,EN,Federal Contract Tower,0,3,7,0,10,0,0,77,0,77,0,3,84,0,87,154,0,154,241
07/10/2018,BVY,MA,ANE,EN,Federal Contract Tower,0,4,16,0,20,0,0,88,0,88,0,4,104,0,108,154,0,154,262
07/11/2018,BVY,MA,ANE,EN,Federal Contract Tower,0,5,9,0,14,0,0,68,3,71,0,5,77,3,85,38,0,38,123
07/12/2018,BVY,MA,ANE,EN,Federal Contract Tower,0,5,13,0,18,0,0,132,0,132,0,5,145,0,150,134,0,134,284
07/13/2018,BVY,MA,ANE,EN,Federal Contract Tower,0,7,12,0,19,0,0,97,0,97,0,7,109,0,116,80,0,80,196
07/14/2018,BVY,MA,ANE,EN,Federal Contract Tower,0,2,11,0,13,0,2,122,0,124,0,4,133,0,137,126,0,126,263
07/15/2018,BVY,MA,ANE,EN,Federal Contract Tower,0,11,25,0,36,0,0,36,0,36,0,11,61,0,72,38,0,38,110
07/16/2018,BVY,MA,ANE,EN,Federal Contract Tower,0,4,6,0,10,0,0,61,0,61,0,4,67,0,71,96,0,96,167
07/17/2018,BVY,MA,ANE,EN,Federal Contract Tower,0,4,4,0,8,0,1,37,0,38,0,5,41,0,46,38,0,38,84
07/18/2018,BVY,MA,ANE,EN,Federal Contract Tower,0,5,11,0,16,0,2,107,0,109,0,7,118,0,125,156,0,156,281
07/19/2018,BVY,MA,ANE,EN,Federal Contract Tower,0,6,12,0,18,0,5,142,0,147,0,11,154,0,165,130,0,130,295
07/20/2018,BVY,MA,ANE,EN,Federal Contract Tower,0,11,5,2,18,0,0,118,0,118,0,11,123,2,136,148,2,150,286
07/21/2018,BVY,MA,ANE,EN,Federal Contract Tower,0,6,22,0,28,0,3,120,0,123,0,9,142,0,151,136,0,136,287
07/22/2018,BVY,MA,ANE,EN,Federal Contract Tower,0,4,10,0,14,0,0,3,0,3,0,4,13,0,17,0,0,0,17
07/23/2018,BVY,MA,ANE,EN,Federal Contract Tower,0,6,9,0,15,0,0,30,0,30,0,6,39,0,45,86,0,86,131
07/24/2018,BVY,MA,ANE,EN,Federal Contract Tower,0,9,17,0,26,0,0,81,0,81,0,9,98,0,107,122,0,122,229
07/25/2018,BVY,MA,ANE,EN,Federal Contract Tower,0,10,18,0,28,0,0,53,0,53,0,10,71,0,81,48,0,48,129
07/26/2018,BVY,MA,ANE,EN,Federal Contract Tower,0,6,8,0,14,0,0,36,0,36,0,6,44,0,50,90,0,90,140
07/27/2018,BVY,MA,ANE,EN,Federal Contract Tower,0,7,8,0,15,0,1,68,0,69,0,8,76,0,84,102,0,102,186
07/28/2018,BVY,MA,ANE,EN,Federal Contract Tower,0,22,13,0,35,0,0,80,0,80,0,22,93,0,115,160,0,160,275
07/29/2018,BVY,MA,ANE,EN,Federal Contract Tower,0,14,10,0,24,0,2,103,0,105,0,16,113,0,129,82,0,82,211
07/30/2018,BVY,MA,ANE,EN,Federal Contract Tower,0,2,3,0,5,0,0,98,0,98,0,2,101,0,103,96,0,96,199
07/31/2018,BVY,MA,ANE,EN,Federal Contract Tower,0,7,12,0,19,0,1,82,0,83,0,8,94,0,102,116,0,116,218
08/01/2018,BVY,MA,ANE,EN,Federal Contract Tower,0,6,15,0,21,0,1,50,0,51,0,7,65,0,72,37,0,37,109
08/02/2018,BVY,MA,ANE,EN,Federal Contract Tower,0,8,18,0,26,0,0,63,0,63,0,8,81,0,89,36,0,36,125
08/03/2018,BVY,MA,ANE,EN,Federal Contract Tower,0,13,11,0,24,0,7,42,0,49,0,20,53,0,73,90,0,90,163
08/04/2018,BVY,MA,ANE,EN,Federal Contract Tower,0,7,12,0,19,0,0,33,0,33,0,7,45,0,52,74,0,74,126
08/05/2018,BVY,MA,ANE,EN,Federal Contract Tower,0,8,17,0,25,0,1,113,0,114,0,9,130,0,139,80,0,80,219
08/06/2018,BVY,MA,ANE,EN,Federal Contract Tower,0,5,14,0,19,0,1,88,0,89,0,6,102,0,108,58,0,58,166
08/07/2018,BVY,MA,ANE,EN,Federal Contract Tower,0,3,15,0,18,0,1,77,0,78,0,4,92,0,96,70,0,70,166
08/08/2018,BVY,MA,ANE,EN,Federal Contract Tower,0,3,10,0,13,0,0,64,0,64,0,3,74,0,77,68,0,68,145
08/09/2018,BVY,MA,ANE,EN,Federal Contract Tower,0,2,18,2,22,0,1,98,0,99,0,3,116,2,121,130,0,130,251
08/10/2018,BVY,MA,ANE,EN,Federal Contract Tower,0,13,13,0,26,0,1,118,0,119,0,14,131,0,145,144,0,144,289
08/11/2018,BVY,MA,ANE,EN,Federal Contract Tower,0,0,27,0,27,0,0,17,0,17,0,0,44,0,44,20,0,20,64
08/12/2018,BVY,MA,ANE,EN,Federal Contract Tower,0,4,12,0,16,0,0,0,0,0,0,4,12,0,16,0,0,0,16
08/13/2018,BVY,MA,ANE,EN,Federal Contract Tower,0,0,7,0,7,0,0,0,0,0,0,0,7,0,7,0,0,0,7
08/14/2018,BVY,MA,ANE,EN,Federal Contract Tower,0,1,20,0,21,0,0,17,0,17,0,1,37,0,38,48,0,48,86
08/15/2018,BVY,MA,ANE,EN,Federal Contract Tower,0,5,16,0,21,0,1,64,0,65,0,6,80,0,86,68,0,68,154
08/16/2018,BVY,MA,ANE,EN,Federal Contract Tower,0,6,12,0,18,0,0,107,0,107,0,6,119,0,125,166,0,166,291
08/17/2018,BVY,MA,ANE,EN,Federal Contract Tower,0,4,12,0,16,0,0,81,0,81,0,4,93,0,97,76,0,76,173
08/18/2018,BVY,MA,ANE,EN,Federal Contract Tower,0,1,8,0,9,0,1,35,0,36,0,2,43,0,45,74,0,74,119
08/19/2018,BVY,MA,ANE,EN,Federal Contract Tower,0,23,30,0,53,0,0,47,0,47,0,23,77,0,100,94,0,94,194
08/20/2018,BVY,MA,ANE,EN,Federal Contract Tower,0,7,17,0,24,0,0,77,0,77,0,7,94,0,101,72,0,72,173
08/21/2018,BVY,MA,ANE,EN,Federal Contract Tower,0,10,16,0,26,0,0,77,0,77,0,10,93,0,103,84,0,84,187
08/22/2018,BVY,MA,ANE,EN,Federal Contract Tower,0,5,16,0,21,0,0,3,0,3,0,5,19,0,24,0,0,0,24
08/23/2018,BVY,MA,ANE,EN,Federal Contract Tower,0,8,12,0,20,0,0,95,0,95,0,8,107,0,115,106,0,106,221
08/24/2018,BVY,MA,ANE,EN,Federal Contract Tower,0,12,21,0,33,0,2,125,0,127,0,14,146,0,160,124,0,124,284
08/25/2018,BVY,MA,ANE,EN,Federal Contract Tower,0,2,10,0,12,0,0,95,0,95,0,2,105,0,107,166,0,166,273
08/26/2018,BVY,MA,ANE,EN,Federal Contract Tower,0,5,13,0,18,0,0,101,0,101,0,5,114,0,119,68,0,68,187
08/27/2018,BVY,MA,ANE,EN,Federal Contract Tower,0,7,11,0,18,0,0,120,0,120,0,7,131,0,138,144,0,144,282
08/28/2018,BVY,MA,ANE,EN,Federal Contract Tower,0,2,3,0,5,0,0,71,8,79,0,2,74,8,84,114,18,132,216
08/29/2018,BVY,MA,ANE,EN,Federal Contract Tower,0,3,9,0,12,0,0,80,0,80,0,3,89,0,92,98,0,98,190
08/30/2018,BVY,MA,ANE,EN,Federal Contract Tower,0,5,10,0,15,0,0,56,0,56,0,5,66,0,71,40,0,40,111
08/31/2018,BVY,MA,ANE,EN,Federal Contract Tower,0,6,17,0,23,0,0,94,0,94,0,6,111,0,117,80,0,80,197
09/01/2018,BVY,MA,ANE,EN,Federal Contract Tower,0,1,12,0,13,0,0,108,0,108,0,1,120,0,121,94,0,94,215
09/02/2018,BVY,MA,ANE,EN,Federal Contract Tower,0,3,6,0,9,0,1,100,0,101,0,4,106,0,110,94,0,94,204
09/03/2018,BVY,MA,ANE,EN,Federal Contract Tower,0,10,8,0,18,0,0,91,0,91,0,10,99,0,109,90,0,90,199
09/04/2018,BVY,MA,ANE,EN,Federal Contract Tower,0,2,11,0,13,0,0,56,0,56,0,2,67,0,69,88,0,88,157
09/05/2018,BVY,MA,ANE,EN,Federal Contract Tower,0,0,21,0,21,0,0,63,0,63,0,0,84,0,84,62,0,62,146
09/06/2018,BVY,MA,ANE,EN,Federal Contract Tower,0,9,10,0,19,0,0,45,0,45,0,9,55,0,64,50,0,50,114
09/07/2018,BVY,MA,ANE,EN,Federal Contract Tower,0,5,8,0,13,0,1,83,3,87,0,6,91,3,100,52,0,52,152
09/08/2018,BVY,MA,ANE,EN,Federal Contract Tower,0,5,4,0,9,0,1,97,1,99,0,6,101,1,108,44,0,44,152
09/09/2018,BVY,MA,ANE,EN,Federal Contract Tower,0,5,10,0,15,0,0,97,5,102,0,5,107,5,117,44,0,44,161
09/10/2018,BVY,MA,ANE,EN,Federal Contract Tower,0,1,3,1,5,0,1,30,25,56,0,2,33,26,61,48,0,48,109
09/11/2018,BVY,MA,ANE,EN,Federal Contract Tower,0,1,11,0,12,0,0,7,0,7,0,1,18,0,19,0,0,0,19
09/12/2018,BVY,MA,ANE,EN,Federal Contract Tower,0,5,3,0,8,0,0,4,1,5,0,5,7,1,13,16,0,16,29
09/13/2018,BVY,MA,ANE,EN,Federal Contract Tower,0,5,14,0,19,0,0,38,0,38,0,5,52,0,57,18,0,18,75
09/14/2018,BVY,MA,ANE,EN,Federal Contract Tower,0,10,31,0,41,0,0,81,0,81,0,10,112,0,122,212,0,212,334
09/15/2018,BVY,MA,ANE,EN,Federal Contract Tower,0,6,31,0,37,0,0,32,0,32,0,6,63,0,69,44,0,44,113
09/16/2018,BVY,MA,ANE,EN,Federal Contract Tower,0,13,11,0,24,0,2,124,0,126,0,15,135,0,150,110,0,110,260
09/17/2018,BVY,MA,ANE,EN,Federal Contract Tower,0,6,15,0,21,0,0,89,0,89,0,6,104,0,110,144,0,144,254
09/18/2018,BVY,MA,ANE,EN,Federal Contract Tower,0,1,3,0,4,0,0,0,0,0,0,1,3,0,4,0,0,0,4
09/19/2018,BVY,MA,ANE,EN,Federal Contract Tower,0,3,15,0,18,0,0,15,0,15,0,3,30,0,33,14,0,14,47
09/20/2018,BVY,MA,ANE,EN,Federal Contract Tower,0,2,18,0,20,0,0,44,0,44,0,2,62,0,64,82,0,82,146
09/21/2018,BVY,MA,ANE,EN,Federal Contract Tower,0,2,22,0,24,0,0,108,0,108,0,2,130,0,132,64,0,64,196
09/22/2018,BVY,MA,ANE,EN,Federal Contract Tower,0,0,16,0,16,0,0,108,7,115,0,0,124,7,131,78,0,78,209
09/23/2018,BVY,MA,ANE,EN,Federal Contract Tower,0,6,22,0,28,0,1,126,0,127,0,7,148,0,155,164,0,164,319
09/24/2018,BVY,MA,ANE,EN,Federal Contract Tower,0,4,10,0,14,0,0,72,0,72,0,4,82,0,86,56,0,56,142
09/25/2018,BVY,MA,ANE,EN,Federal Contract Tower,0,0,6,0,6,0,0,13,0,13,0,0,19,0,19,46,0,46,65
09/26/2018,BVY,MA,ANE,EN,Federal Contract Tower,0,7,7,0,14,0,0,26,0,26,0,7,33,0,40,20,0,20,60
09/27/2018,BVY,MA,ANE,EN,Federal Contract Tower,0,2,10,0,12,0,0,110,0,110,0,2,120,0,122,112,0,112,234
09/28/2018,BVY,MA,ANE,EN,Federal Contract Tower,0,3,23,0,26,0,0,32,0,32,0,3,55,0,58,36,0,36,94
09/29/2018,BVY,MA,ANE,EN,Federal Contract Tower,0,1,15,0,16,0,0,133,0,133,0,1,148,0,149,122,0,122,271
09/30/2018,BVY,MA,ANE,EN,Federal Contract Tower,0,13,16,0,29,0,1,122,0,123,0,14,138,0,152,116,0,116,268
10/01/2018,BVY,MA,ANE,EN,Federal Contract Tower,0,11,7,0,18,0,0,31,0,31,0,11,38,0,49,84,0,84,133
10/02/2018,BVY,MA,ANE,EN,Federal Contract Tower,0,2,5,0,7,0,0,0,0,0,0,2,5,0,7,0,0,0,7
10/03/2018,BVY,MA,ANE,EN,Federal Contract Tower,0,1,17,0,18,0,0,3,0,3,0,1,20,0,21,0,0,0,21
10/04/2018,BVY,MA,ANE,EN,Federal Contract Tower,0,0,19,0,19,0,0,66,0,66,0,0,85,0,85,130,0,130,215
10/05/2018,BVY,MA,ANE,EN,Federal Contract Tower,0,6,20,0,26,0,0,121,0,121,0,6,141,0,147,110,0,110,257
10/06/2018,BVY,MA,ANE,EN,Federal Contract Tower,0,10,20,0,30,0,0,106,0,106,0,10,126,0,136,138,0,138,274
10/07/2018,BVY,MA,ANE,EN,Federal Contract Tower,0,6,28,0,34,0,0,34,0,34,0,6,62,0,68,52,0,52,120
10/08/2018,BVY,MA,ANE,EN,Federal Contract Tower,0,5,28,0,33,0,0,38,0,38,0,5,66,0,71,96,0,96,167
10/09/2018,BVY,MA,ANE,EN,Federal Contract Tower,0,1,7,0,8,0,1,40,0,41,0,2,47,0,49,76,0,76,125
10/10/2018,BVY,MA,ANE,EN,Federal Contract Tower,0,10,14,0,24,0,1,123,0,124,0,11,137,0,148,134,0,134,282
10/11/2018,BVY,MA,ANE,EN,Federal Contract Tower,0,6,9,0,15,0,0,0,0,0,0,6,9,0,15,0,0,0,15
10/12/2018,BVY,MA,ANE,EN,Federal Contract Tower,0,8,11,0,19,0,0,52,0,52,0,8,63,0,71,22,0,22,93
10/13/2018,BVY,MA,ANE,EN,Federal Contract Tower,0,4,7,1,12,0,0,42,0,42,0,4,49,1,54,132,0,132,186
10/14/2018,BVY,MA,ANE,EN,Federal Contract Tower,0,5,20,0,25,0,0,164,0,164,0,5,184,0,189,206,0,206,395
10/15/2018,BVY,MA,ANE,EN,Federal Contract Tower,0,9,10,0,19,0,0,25,0,25,0,9,35,0,44,22,0,22,66
10/16/2018,BVY,MA,ANE,EN,Federal Contract Tower,0,0,8,0,8,0,1,96,2,99,0,1,104,2,107,96,0,96,203
10/17/2018,BVY,MA,ANE,EN,Federal Contract Tower,0,3,10,0,13,0,0,70,0,70,0,3,80,0,83,82,0,82,165
10/18/2018,BVY,MA,ANE,EN,Federal Contract Tower,0,6,10,0,16,0,0,35,0,35,0,6,45,0,51,36,0,36,87
10/19/2018,BVY,MA,ANE,EN,Federal Contract Tower,0,8,19,1,28,0,0,138,0,138,0,8,157,1,166,128,0,128,294
10/20/2018,BVY,MA,ANE,EN,Federal Contract Tower,0,7,18,0,25,0,0,0,0,0,0,7,18,0,25,72,0,72,97
10/21/2018,BVY,MA,ANE,EN,Federal Contract Tower,0,11,10,0,21,0,1,38,0,39,0,12,48,0,60,46,0,46,106
10/22/2018,BVY,MA,ANE,EN,Federal Contract Tower,0,5,15,0,20,0,0,101,0,101,0,5,116,0,121,114,0,114,235
10/23/2018,BVY,MA,ANE,EN,Federal Contract Tower,0,4,3,0,7,0,1,49,0,50,0,5,52,0,57,52,0,52,109
10/24/2018,BVY,MA,ANE,EN,Federal Contract Tower,0,10,12,0,22,0,1,33,0,34,0,11,45,0,56,26,0,26,82
10/25/2018,BVY,MA,ANE,EN,Federal Contract Tower,2,10,6,0,18,0,0,74,0,74,2,10,80,0,92,64,0,64,156
10/26/2018,BVY,MA,ANE,EN,Federal Contract Tower,0,10,15,0,25,0,0,164,0,164,0,10,179,0,189,196,0,196,385
10/27/2018,BVY,MA,ANE,EN,Federal Contract Tower,0,4,0,0,4,0,0,0,0,0,0,4,0,0,4,0,0,0,4
10/29/2018,BVY,MA,ANE,EN,Federal Contract Tower,0,6,6,0,12,0,0,38,0,38,0,6,44,0,50,144,0,144,194
10/30/2018,BVY,MA,ANE,EN,Federal Contract Tower,0,4,17,0,21,0,3,81,0,84,0,7,98,0,105,84,0,84,189
10/31/2018,BVY,MA,ANE,EN,Federal Contract Tower,0,4,16,0,20,0,0,95,0,95,0,4,111,0,115,110,0,110,225
11/01/2018,BVY,MA,ANE,EN,Federal Contract Tower,0,0,10,0,10,0,0,20,0,20,0,0,30,0,30,26,0,26,56
11/02/2018,BVY,MA,ANE,EN,Federal Contract Tower,0,10,4,0,14,0,0,8,0,8,0,10,12,0,22,0,0,0,22
11/03/2018,BVY,MA,ANE,EN,Federal Contract Tower,0,4,9,1,14,0,0,3,0,3,0,4,12,1,17,2,0,2,19
11/05/2018,BVY,MA,ANE,EN,Federal Contract Tower,0,5,7,0,12,0,0,56,0,56,0,5,63,0,68,170,0,170,238
11/06/2018,BVY,MA,ANE,EN,Federal Contract Tower,0,3,9,0,12,0,0,0,0,0,0,3,9,0,12,0,0,0,12
11/07/2018,BVY,MA,ANE,EN,Federal Contract Tower,0,11,13,0,24,0,0,83,0,83,0,11,96,0,107,102,0,102,209
11/08/2018,BVY,MA,ANE,EN,Federal Contract Tower,0,9,7,1,17,0,2,97,0,99,0,11,104,1,116,104,0,104,220
11/09/2018,BVY,MA,ANE,EN,Federal Contract Tower,0,8,6,0,14,0,0,63,0,63,0,8,69,0,77,48,0,48,125
11/10/2018,BVY,MA,ANE,EN,Federal Contract Tower,0,2,5,0,7,0,0,8,0,8,0,2,13,0,15,12,0,12,27
11/11/2018,BVY,MA,ANE,EN,Federal Contract Tower,0,0,16,0,16,0,1,105,0,106,0,1,121,0,122,110,0,110,232
11/12/2018,BVY,MA,ANE,EN,Federal Contract Tower,0,5,11,0,16,0,0,100,0,100,0,5,111,0,116,160,0,160,276
11/13/2018,BVY,MA,ANE,EN,Federal Contract Tower,0,3,4,0,7,0,0,2,0,2,0,3,6,0,9,0,0,0,9
11/14/2018,BVY,MA,ANE,EN,Federal Contract Tower,0,6,11,0,17,0,0,38,0,38,0,6,49,0,55,4,0,4,59
11/15/2018,BVY,MA,ANE,EN,Federal Contract Tower,0,4,6,0,10,0,2,61,0,63,0,6,67,0,73,102,0,102,175
11/16/2018,BVY,MA,ANE,EN,Federal Contract Tower,0,3,4,0,7,0,0,14,0,14,0,3,18,0,21,20,0,20,41
11/17/2018,BVY,MA,ANE,EN,Federal Contract Tower,0,4,9,0,13,0,0,110,0,110,0,4,119,0,123,152,0,152,275
11/18/2018,BVY,MA,ANE,EN,Federal Contract Tower,0,8,7,0,15,0,0,115,0,115,0,8,122,0,130,144,0,144,274
11/19/2018,BVY,MA,ANE,EN,Federal Contract Tower,0,4,6,0,10,0,0,0,0,0,0,4,6,0,10,0,0,0,10
11/20/2018,BVY,MA,ANE,EN,Federal Contract Tower,0,2,2,0,4,0,0,0,0,0,0,2,2,0,4,0,0,0,4
11/21/2018,BVY,MA,ANE,EN,Federal Contract Tower,0,6,21,0,27,0,0,81,0,81,0,6,102,0,108,80,0,80,188
11/22/2018,BVY,MA,ANE,EN,Federal Contract Tower,0,3,0,0,3,0,0,1,0,1,0,3,1,0,4,0,0,0,4
11/23/2018,BVY,MA,ANE,EN,Federal Contract Tower,0,3,5,0,8,0,0,89,0,89,0,3,94,0,97,96,0,96,193
11/24/2018,BVY,MA,ANE,EN,Federal Contract Tower,0,7,13,0,20,0,0,113,0,113,0,7,126,0,133,116,0,116,249
11/25/2018,BVY,MA,ANE,EN,Federal Contract Tower,0,13,9,0,22,0,0,0,0,0,0,13,9,0,22,0,0,0,22
11/26/2018,BVY,MA,ANE,EN,Federal Contract Tower,0,6,3,0,9,0,0,13,0,13,0,6,16,0,22,10,0,10,32
11/27/2018,BVY,MA,ANE,EN,Federal Contract Tower,0,7,7,0,14,0,0,19,0,19,0,7,26,0,33,28,0,28,61
11/28/2018,BVY,MA,ANE,EN,Federal Contract Tower,0,5,3,0,8,0,0,85,0,85,0,5,88,0,93,64,0,64,157
11/29/2018,BVY,MA,ANE,EN,Federal Contract Tower,0,1,2,1,4,0,0,66,1,67,0,1,68,2,71,84,0,84,155
11/30/2018,BVY,MA,ANE,EN,Federal Contract Tower,0,11,17,1,29,0,0,100,1,101,0,11,117,2,130,144,0,144,274
12/01/2018,BVY,MA,ANE,EN,Federal Contract Tower,0,2,8,0,10,0,0,120,0,120,0,2,128,0,130,212,0,212,342
12/02/2018,BVY,MA,ANE,EN,Federal Contract Tower,0,2,1,0,3,0,0,0,0,0,0,2,1,0,3,0,0,0,3
12/03/2018,BVY,MA,ANE,EN,Federal Contract Tower,0,3,10,0,13,0,0,64,0,64,0,3,74,0,77,48,0,48,125
12/04/2018,BVY,MA,ANE,EN,Federal Contract Tower,0,3,9,0,12,0,0,50,0,50,0,3,59,0,62,98,0,98,160
12/05/2018,BVY,MA,ANE,EN,Federal Contract Tower,0,4,10,0,14,0,0,93,0,93,0,4,103,0,107,164,0,164,271
12/06/2018,BVY,MA,ANE,EN,Federal Contract Tower,0,1,14,0,15,0,0,92,0,92,0,1,106,0,107,130,0,130,237
12/07/2018,BVY,MA,ANE,EN,Federal Contract Tower,0,7,12,0,19,0,1,80,0,81,0,8,92,0,100,70,0,70,170
12/08/2018,BVY,MA,ANE,EN,Federal Contract Tower,0,1,19,0,20,0,1,113,0,114,0,2,132,0,134,206,0,206,340
12/09/2018,BVY,MA,ANE,EN,Federal Contract Tower,0,1,16,0,17,0,0,87,0,87,0,1,103,0,104,110,0,110,214
12/10/2018,BVY,MA,ANE,EN,Federal Contract Tower,0,4,12,0,16,0,0,67,0,67,0,4,79,0,83,142,0,142,225
12/11/2018,BVY,MA,ANE,EN,Federal Contract Tower,0,6,18,0,24,0,1,75,0,76,0,7,93,0,100,110,0,110,210
12/12/2018,BVY,MA,ANE,EN,Federal Contract Tower,0,6,9,0,15,0,0,80,0,80,0,6,89,0,95,124,0,124,219
12/13/2018,BVY,MA,ANE,EN,Federal Contract Tower,0,7,18,0,25,0,1,85,0,86,0,8,103,0,111,86,0,86,197
12/14/2018,BVY,MA,ANE,EN,Federal Contract Tower,0,6,10,0,16,0,0,113,0,113,0,6,123,0,129,214,0,214,343
12/15/2018,BVY,MA,ANE,EN,Federal Contract Tower,0,4,12,0,16,0,0,101,0,101,0,4,113,0,117,240,0,240,357
12/16/2018,BVY,MA,ANE,EN,Federal Contract Tower,0,3,10,0,13,0,0,36,0,36,0,3,46,0,49,74,0,74,123
12/17/2018,BVY,MA,ANE,EN,Federal Contract Tower,0,4,7,0,11,0,0,21,0,21,0,4,28,0,32,42,0,42,74
12/18/2018,BVY,MA,ANE,EN,Federal Contract Tower,0,2,7,0,9,0,0,25,0,25,0,2,32,0,34,18,0,18,52
12/19/2018,BVY,MA,ANE,EN,Federal Contract Tower,0,3,12,0,15,0,0,86,0,86,0,3,98,0,101,158,0,158,259
12/20/2018,BVY,MA,ANE,EN,Federal Contract Tower,0,7,9,0,16,0,2,129,0,131,0,9,138,0,147,252,0,252,399
12/21/2018,BVY,MA,ANE,EN,Federal Contract Tower,0,6,0,0,6,0,0,0,0,0,0,6,0,0,6,0,0,0,6
12/22/2018,BVY,MA,ANE,EN,Federal Contract Tower,0,10,6,0,16,0,0,35,0,35,0,10,41,0,51,100,0,100,151
12/23/2018,BVY,MA,ANE,EN,Federal Contract Tower,0,4,19,0,23,0,0,80,0,80,0,4,99,0,103,61,0,61,164
12/24/2018,BVY,MA,ANE,EN,Federal Contract Tower,0,2,3,0,5,0,0,39,0,39,0,2,42,0,44,20,0,20,64
12/25/2018,BVY,MA,ANE,EN,Federal Contract Tower,0,3,2,0,5,0,0,4,0,4,0,3,6,0,9,2,0,2,11
12/26/2018,BVY,MA,ANE,EN,Federal Contract Tower,0,8,8,0,16,0,0,62,0,62,0,8,70,0,78,38,0,38,116
12/27/2018,BVY,MA,ANE,EN,Federal Contract Tower,0,5,9,0,14,0,0,94,0,94,0,5,103,0,108,218,0,218,326
12/28/2018,BVY,MA,ANE,EN,Federal Contract Tower,0,0,2,0,2,0,0,0,0,0,0,0,2,0,2,0,0,0,2
12/29/2018,BVY,MA,ANE,EN,Federal Contract Tower,0,4,12,4,20,0,0,82,0,82,0,4,94,4,102,88,0,88,190
12/30/2018,BVY,MA,ANE,EN,Federal Contract Tower,0,2,14,0,16,0,0,89,0,89,0,2,103,0,105,166,0,166,271
12/31/2018,BVY,MA,ANE,EN,Federal Contract Tower,0,1,11,0,12,0,0,62,0,62,0,1,73,0,74,158,0,158,232
01/01/2019,BVY,MA,ANE,EN,Federal Contract Tower,0,8,1,0,9,0,0,0,0,0,0,8,1,0,9,0,0,0,9
01/02/2019,BVY,MA,ANE,EN,Federal Contract Tower,0,2,6,0,8,0,0,80,0,80,0,2,86,0,88,142,0,142,230
01/03/2019,BVY,MA,ANE,EN,Federal Contract Tower,0,3,8,0,11,0,0,52,0,52,0,3,60,0,63,114,0,114,177
01/04/2019,BVY,MA,ANE,EN,Federal Contract Tower,0,5,7,0,12,0,1,82,0,83,0,6,89,0,95,112,0,112,207
01/05/2019,BVY,MA,ANE,EN,Federal Contract Tower,0,1,7,0,8,0,0,24,0,24,0,1,31,0,32,98,0,98,130
01/06/2019,BVY,MA,ANE,EN,Federal Contract Tower,0,5,12,0,17,0,0,99,0,99,0,5,111,0,116,174,0,174,290
01/07/2019,BVY,MA,ANE,EN,Federal Contract Tower,0,1,9,0,10,0,0,62,0,62,0,1,71,0,72,136,0,136,208
01/08/2019,BVY,MA,ANE,EN,Federal Contract Tower,0,0,5,0,5,0,0,2,0,2,0,0,7,0,7,0,0,0,7
01/09/2019,BVY,MA,ANE,EN,Federal Contract Tower,0,3,0,0,3,0,0,22,0,22,0,3,22,0,25,40,0,40,65
01/10/2019,BVY,MA,ANE,EN,Federal Contract Tower,0,2,4,0,6,0,0,43,0,43,0,2,47,0,49,52,0,52,101
01/11/2019,BVY,MA,ANE,EN,Federal Contract Tower,0,6,2,0,8,0,0,51,0,51,0,6,53,0,59,54,0,54,113
01/12/2019,BVY,MA,ANE,EN,Federal Contract Tower,0,3,11,0,14,0,0,86,0,86,0,3,97,0,100,58,0,58,158
01/13/2019,BVY,MA,ANE,EN,Federal Contract Tower,0,3,17,0,20,0,0,105,0,105,0,3,122,0,125,216,0,216,341
01/14/2019,BVY,MA,ANE,EN,Federal Contract Tower,0,3,6,0,9,0,0,91,0,91,0,3,97,0,100,152,0,152,252
01/15/2019,BVY,MA,ANE,EN,Federal Contract Tower,0,1,17,0,18,0,0,89,0,89,0,1,106,0,107,180,0,180,287
01/16/2019,BVY,MA,ANE,EN,Federal Contract Tower,0,3,6,0,9,0,1,65,0,66,0,4,71,0,75,94,0,94,169
01/17/2019,BVY,MA,ANE,EN,Federal Contract Tower,0,2,10,0,12,0,1,86,0,87,0,3,96,0,99,120,0,120,219
01/18/2019,BVY,MA,ANE,EN,Federal Contract Tower,0,7,5,0,12,0,0,66,0,66,0,7,71,0,78,108,0,108,186
01/19/2019,BVY,MA,ANE,EN,Federal Contract Tower,0,5,12,1,18,0,0,70,0,70,0,5,82,1,88,92,0,92,180
01/20/2019,BVY,MA,ANE,EN,Federal Contract Tower,0,0,0,0,0,0,0,0,0,0,0,0,0,0,0,0,0,0,0
01/21/2019,BVY,MA,ANE,EN,Federal Contract Tower,0,0,0,0,0,0,0,4,1,5,0,0,4,1,5,0,0,0,5
01/22/2019,BVY,MA,ANE,EN,Federal Contract Tower,0,0,0,0,0,0,0,7,0,7,0,0,7,0,7,0,0,0,7
01/23/2019,BVY,MA,ANE,EN,Federal Contract Tower,0,0,0,0,0,0,0,15,0,15,0,0,15,0,15,0,0,0,15
01/24/2019,BVY,MA,ANE,EN,Federal Contract Tower,0,2,0,0,2,0,0,0,0,0,0,2,0,0,2,0,0,0,2
01/25/2019,BVY,MA,ANE,EN,Federal Contract Tower,0,2,12,0,14,0,0,60,0,60,0,2,72,0,74,96,0,96,170
01/26/2019,BVY,MA,ANE,EN,Federal Contract Tower,0,9,14,0,23,0,0,116,0,116,0,9,130,0,139,176,0,176,315
01/27/2019,BVY,MA,ANE,EN,Federal Contract Tower,0,8,5,0,13,0,0,65,0,65,0,8,70,0,78,68,0,68,146
01/28/2019,BVY,MA,ANE,EN,Federal Contract Tower,0,5,3,0,8,0,0,69,0,69,0,5,72,0,77,100,0,100,177
01/29/2019,BVY,MA,ANE,EN,Federal Contract Tower,0,0,5,0,5,0,0,23,0,23,0,0,28,0,28,38,0,38,66
01/30/2019,BVY,MA,ANE,EN,Federal Contract Tower,0,2,1,0,3,0,0,25,0,25,0,2,26,0,28,26,0,26,54
01/31/2019,BVY,MA,ANE,EN,Federal Contract Tower,0,1,1,0,2,0,0,44,0,44,0,1,45,0,46,32,0,32,78
02/01/2019,BVY,MA,ANE,EN,Federal Contract Tower,0,11,3,0,14,0,0,56,0,56,0,11,59,0,70,98,0,98,168
02/02/2019,BVY,MA,ANE,EN,Federal Contract Tower,0,9,15,0,24,0,0,110,0,110,0,9,125,0,134,184,0,184,318
02/03/2019,BVY,MA,ANE,EN,Federal Contract Tower,0,2,13,0,15,0,0,75,0,75,0,2,88,0,90,214,0,214,304
02/04/2019,BVY,MA,ANE,EN,Federal Contract Tower,0,3,4,0,7,0,0,74,0,74,0,3,78,0,81,146,0,146,227
02/05/2019,BVY,MA,ANE,EN,Federal Contract Tower,0,2,5,0,7,0,0,75,0,75,0,2,80,0,82,138,0,138,220
02/06/2019,BVY,MA,ANE,EN,Federal Contract Tower,0,0,6,0,6,0,0,93,0,93,0,0,99,0,99,104,0,104,203
02/07/2019,BVY,MA,ANE,EN,Federal Contract Tower,0,10,4,0,14,0,0,13,0,13,0,10,17,0,27,12,0,12,39
02/08/2019,BVY,MA,ANE,EN,Federal Contract Tower,0,7,2,0,9,0,0,21,0,21,0,7,23,0,30,26,0,26,56
02/09/2019,BVY,MA,ANE,EN,Federal Contract Tower,0,8,3,0,11,0,0,9,2,11,0,8,12,2,22,8,0,8,30
02/10/2019,BVY,MA,ANE,EN,Federal Contract Tower,0,6,10,0,16,0,0,112,0,112,0,6,122,0,128,158,0,158,286
02/11/2019,BVY,MA,ANE,EN,Federal Contract Tower,0,3,2,0,5,0,0,74,0,74,0,3,76,0,79,136,0,136,215
02/12/2019,BVY,MA,ANE,EN,Federal Contract Tower,0,4,2,0,6,0,0,20,0,20,0,4,22,0,26,56,0,56,82
02/13/2019,BVY,MA,ANE,EN,Federal Contract Tower,0,2,1,0,3,0,0,24,1,25,0,2,25,1,28,54,0,54,82
02/14/2019,BVY,MA,ANE,EN,Federal Contract Tower,0,2,10,0,12,0,0,63,4,67,0,2,73,4,79,34,0,34,113
02/15/2019,BVY,MA,ANE,EN,Federal Contract Tower,0,1,4,0,5,0,0,12,0,12,0,1,16,0,17,24,0,24,41
02/16/2019,BVY,MA,ANE,EN,Federal Contract Tower,0,4,26,0,30,0,0,98,0,98,0,4,124,0,128,230,0,230,358
02/17/2019,BVY,MA,ANE,EN,Federal Contract Tower,0,1,10,0,11,0,0,105,0,105,0,1,115,0,116,212,0,212,328
02/18/2019,BVY,MA,ANE,EN,Federal Contract Tower,0,0,0,0,0,0,0,0,0,0,0,0,0,0,0,0,0,0,0
02/19/2019,BVY,MA,ANE,EN,Federal Contract Tower,0,6,9,0,15,0,2,52,0,54,0,8,61,0,69,88,0,88,157
02/20/2019,BVY,MA,ANE,EN,Federal Contract Tower,0,5,12,0,17,0,0,64,0,64,0,5,76,0,81,172,0,172,253
02/21/2019,BVY,MA,ANE,EN,Federal Contract Tower,0,5,4,0,9,0,0,38,0,38,0,5,42,0,47,44,0,44,91
02/22/2019,BVY,MA,ANE,EN,Federal Contract Tower,0,2,3,0,5,0,0,111,0,111,0,2,114,0,116,152,0,152,268
02/23/2019,BVY,MA,ANE,EN,Federal Contract Tower,0,1,7,0,8,0,0,122,0,122,0,1,129,0,130,210,0,210,340
02/24/2019,BVY,MA,ANE,EN,Federal Contract Tower,0,0,0,0,0,0,0,0,0,0,0,0,0,0,0,0,0,0,0
02/25/2019,BVY,MA,ANE,EN,Federal Contract Tower,0,6,2,0,8,0,0,0,0,0,0,6,2,0,8,0,0,0,8
02/26/2019,BVY,MA,ANE,EN,Federal Contract Tower,0,5,4,0,9,0,0,9,0,9,0,5,13,0,18,0,0,0,18
02/27/2019,BVY,MA,ANE,EN,Federal Contract Tower,0,8,14,0,22,0,0,66,0,66,0,8,80,0,88,98,0,98,186
02/28/2019,BVY,MA,ANE,EN,Federal Contract Tower,0,1,6,0,7,0,0,48,0,48,0,1,54,0,55,68,0,68,123
03/01/2019,BVY,MA,ANE,EN,Federal Contract Tower,0,3,15,0,18,0,0,111,0,111,0,3,126,0,129,114,0,114,243
03/02/2019,BVY,MA,ANE,EN,Federal Contract Tower,0,2,1,0,3,0,0,0,0,0,0,2,1,0,3,0,0,0,3
03/03/2019,BVY,MA,ANE,EN,Federal Contract Tower,0,6,10,0,16,0,0,84,0,84,0,6,94,0,100,186,0,186,286
03/04/2019,BVY,MA,ANE,EN,Federal Contract Tower,0,1,4,0,5,0,0,10,0,10,0,1,14,0,15,28,0,28,43
03/05/2019,BVY,MA,ANE,EN,Federal Contract Tower,0,3,4,0,7,0,0,67,0,67,0,3,71,0,74,108,0,108,182
03/06/2019,BVY,MA,ANE,EN,Federal Contract Tower,0,2,7,2,11,0,0,43,0,43,0,2,50,2,54,42,0,42,96
03/07/2019,BVY,MA,ANE,EN,Federal Contract Tower,0,1,15,0,16,0,0,65,0,65,0,1,80,0,81,82,0,82,163
03/08/2019,BVY,MA,ANE,EN,Federal Contract Tower,0,4,6,0,10,0,0,113,0,113,0,4,119,0,123,172,0,172,295
03/09/2019,BVY,MA,ANE,EN,Federal Contract Tower,0,5,15,0,20,0,0,150,0,150,0,5,165,0,170,218,0,218,388
03/10/2019,BVY,MA,ANE,EN,Federal Contract Tower,0,0,2,0,2,0,0,0,0,0,0,0,2,0,2,0,0,0,2
03/11/2019,BVY,MA,ANE,EN,Federal Contract Tower,0,2,2,0,4,0,0,53,0,53,0,2,55,0,57,64,0,64,121
03/12/2019,BVY,MA,ANE,EN,Federal Contract Tower,0,0,4,0,4,0,0,27,0,27,0,0,31,0,31,0,0,0,31
03/13/2019,BVY,MA,ANE,EN,Federal Contract Tower,0,6,12,0,18,0,0,104,0,104,0,6,116,0,122,162,0,162,284
03/14/2019,BVY,MA,ANE,EN,Federal Contract Tower,0,5,11,0,16,0,0,84,0,84,0,5,95,0,100,132,0,132,232
03/15/2019,BVY,MA,ANE,EN,Federal Contract Tower,0,3,4,0,7,0,0,24,0,24,0,3,28,0,31,2,0,2,33
03/16/2019,BVY,MA,ANE,EN,Federal Contract Tower,0,4,15,1,20,0,0,31,0,31,0,4,46,1,51,28,0,28,79
03/17/2019,BVY,MA,ANE,EN,Federal Contract Tower,0,2,16,0,18,0,0,108,0,108,0,2,124,0,126,128,0,128,254
03/18/2019,BVY,MA,ANE,EN,Federal Contract Tower,0,3,6,0,9,0,0,67,0,67,0,3,73,0,76,68,0,68,144
03/19/2019,BVY,MA,ANE,EN,Federal Contract Tower,0,1,12,0,13,0,0,83,1,84,0,1,95,1,97,130,0,130,227
03/20/2019,BVY,MA,ANE,EN,Federal Contract Tower,0,5,16,0,21,0,2,89,0,91,0,7,105,0,112,162,0,162,274
03/21/2019,BVY,MA,ANE,EN,Federal Contract Tower,0,2,11,0,13,0,0,74,0,74,0,2,85,0,87,96,0,96,183
03/22/2019,BVY,MA,ANE,EN,Federal Contract Tower,0,4,7,0,11,0,0,4,0,4,0,4,11,0,15,0,0,0,15
03/23/2019,BVY,MA,ANE,EN,Federal Contract Tower,0,7,5,0,12,0,0,9,0,9,0,7,14,0,21,0,0,0,21
03/24/2019,BVY,MA,ANE,EN,Federal Contract Tower,0,5,15,0,20,0,0,135,0,135,0,5,150,0,155,202,0,202,357
03/25/2019,BVY,MA,ANE,EN,Federal Contract Tower,0,4,10,0,14,0,0,67,0,67,0,4,77,0,81,86,0,86,167
03/26/2019,BVY,MA,ANE,EN,Federal Contract Tower,0,0,4,0,4,0,0,82,0,82,0,0,86,0,86,136,0,136,222
03/27/2019,BVY,MA,ANE,EN,Federal Contract Tower,0,4,18,0,22,0,2,128,0,130,0,6,146,0,152,192,0,192,344
03/28/2019,BVY,MA,ANE,EN,Federal Contract Tower,0,2,9,4,15,0,0,53,2,55,0,2,62,6,70,26,2,28,98
03/29/2019,BVY,MA,ANE,EN,Federal Contract Tower,0,3,6,0,9,0,0,55,0,55,0,3,61,0,64,104,0,104,168
03/30/2019,BVY,MA,ANE,EN,Federal Contract Tower,0,5,10,0,15,0,0,106,0,106,0,5,116,0,121,336,0,336,457
03/31/2019,BVY,MA,ANE,EN,Federal Contract Tower,0,9,11,0,20,0,0,22,0,22,0,9,33,0,42,16,0,16,58
04/01/2019,BVY,MA,ANE,EN,Federal Contract Tower,0,5,5,0,10,0,0,24,0,24,0,5,29,0,34,0,0,0,34
04/02/2019,BVY,MA,ANE,EN,Federal Contract Tower,0,5,11,0,16,0,3,83,0,86,0,8,94,0,102,36,0,36,138
04/03/2019,BVY,MA,ANE,EN,Federal Contract Tower,0,1,2,0,3,0,2,16,0,18,0,3,18,0,21,30,0,30,51
04/04/2019,BVY,MA,ANE,EN,Federal Contract Tower,0,8,8,0,16,0,2,38,0,40,0,10,46,0,56,0,0,0,56
04/05/2019,BVY,MA,ANE,EN,Federal Contract Tower,0,7,11,0,18,0,0,91,0,91,0,7,102,0,109,164,0,164,273
04/06/2019,BVY,MA,ANE,EN,Federal Contract Tower,0,0,13,0,13,0,1,92,0,93,0,1,105,0,106,194,0,194,300
04/07/2019,BVY,MA,ANE,EN,Federal Contract Tower,0,2,10,0,12,0,0,123,0,123,0,2,133,0,135,244,0,244,379
04/08/2019,BVY,MA,ANE,EN,Federal Contract Tower,0,5,6,0,11,0,0,0,0,0,0,5,6,0,11,0,0,0,11
04/09/2019,BVY,MA,ANE,EN,Federal Contract Tower,0,3,6,0,9,0,0,0,0,0,0,3,6,0,9,0,0,0,9
04/10/2019,BVY,MA,ANE,EN,Federal Contract Tower,0,2,8,0,10,0,1,45,0,46,0,3,53,0,56,56,0,56,112
04/11/2019,BVY,MA,ANE,EN,Federal Contract Tower,0,7,18,0,25,0,1,120,0,121,0,8,138,0,146,160,0,160,306
04/12/2019,BVY,MA,ANE,EN,Federal Contract Tower,0,10,13,0,23,0,0,44,0,44,0,10,57,0,67,82,0,82,149
04/13/2019,BVY,MA,ANE,EN,Federal Contract Tower,0,7,19,0,26,0,0,59,0,59,0,7,78,0,85,170,0,170,255
04/14/2019,BVY,MA,ANE,EN,Federal Contract Tower,0,5,13,0,18,0,3,114,0,117,0,8,127,0,135,188,0,188,323
04/15/2019,BVY,MA,ANE,EN,Federal Contract Tower,0,5,6,0,11,0,0,22,0,22,0,5,28,0,33,20,0,20,53
04/16/2019,BVY,MA,ANE,EN,Federal Contract Tower,0,5,7,0,12,0,0,21,0,21,0,5,28,0,33,12,0,12,45
04/17/2019,BVY,MA,ANE,EN,Federal Contract Tower,0,1,12,0,13,0,0,109,0,109,0,1,121,0,122,170,0,170,292
04/18/2019,BVY,MA,ANE,EN,Federal Contract Tower,0,0,16,0,16,0,0,77,0,77,0,0,93,0,93,102,0,102,195
04/19/2019,BVY,MA,ANE,EN,Federal Contract Tower,0,1,7,0,8,0,0,0,0,0,0,1,7,0,8,0,0,0,8
04/20/2019,BVY,MA,ANE,EN,Federal Contract Tower,0,5,3,0,8,0,0,0,0,0,0,5,3,0,8,0,0,0,8
04/21/2019,BVY,MA,ANE,EN,Federal Contract Tower,0,11,6,0,17,0,0,12,0,12,0,11,18,0,29,24,0,24,53
04/22/2019,BVY,MA,ANE,EN,Federal Contract Tower,0,4,3,0,7,0,0,2,0,2,0,4,5,0,9,2,0,2,11
04/23/2019,BVY,MA,ANE,EN,Federal Contract Tower,0,2,10,0,12,0,0,5,0,5,0,2,15,0,17,0,0,0,17
04/24/2019,BVY,MA,ANE,EN,Federal Contract Tower,0,2,3,0,5,0,0,69,0,69,0,2,72,0,74,114,0,114,188
04/25/2019,BVY,MA,ANE,EN,Federal Contract Tower,0,1,14,0,15,0,0,101,0,101,0,1,115,0,116,188,0,188,304
04/26/2019,BVY,MA,ANE,EN,Federal Contract Tower,0,3,5,0,8,0,0,0,0,0,0,3,5,0,8,0,0,0,8
04/27/2019,BVY,MA,ANE,EN,Federal Contract Tower,0,0,6,0,6,0,0,47,0,47,0,0,53,0,53,94,0,94,147
04/28/2019,BVY,MA,ANE,EN,Federal Contract Tower,0,3,13,0,16,0,0,80,0,80,0,3,93,0,96,94,0,94,190
04/29/2019,BVY,MA,ANE,EN,Federal Contract Tower,0,4,12,0,16,0,0,90,0,90,0,4,102,0,106,98,0,98,204
04/30/2019,BVY,MA,ANE,EN,Federal Contract Tower,0,1,8,0,9,0,0,20,0,20,0,1,28,0,29,72,0,72,101
05/01/2019,BVY,MA,ANE,EN,Federal Contract Tower,0,3,9,0,12,0,0,91,6,97,0,3,100,6,109,214,0,214,323
05/02/2019,BVY,MA,ANE,EN,Federal Contract Tower,0,7,6,0,13,0,0,0,0,0,0,7,6,0,13,0,0,0,13
05/03/2019,BVY,MA,ANE,EN,Federal Contract Tower,0,3,11,0,14,0,0,6,0,6,0,3,17,0,20,0,0,0,20
05/04/2019,BVY,MA,ANE,EN,Federal Contract Tower,0,0,32,0,32,0,0,35,0,35,0,0,67,0,67,90,0,90,157
05/05/2019,BVY,MA,ANE,EN,Federal Contract Tower,0,3,9,0,12,0,2,62,0,64,0,5,71,0,76,196,0,196,272
05/06/2019,BVY,MA,ANE,EN,Federal Contract Tower,0,6,10,0,16,0,0,99,0,99,0,6,109,0,115,132,0,132,247
05/07/2019,BVY,MA,ANE,EN,Federal Contract Tower,0,8,10,0,18,0,0,96,0,96,0,8,106,0,114,134,0,134,248
05/08/2019,BVY,MA,ANE,EN,Federal Contract Tower,0,5,13,0,18,0,1,108,0,109,0,6,121,0,127,230,0,230,357
05/09/2019,BVY,MA,ANE,EN,Federal Contract Tower,0,4,9,0,13,0,0,93,0,93,0,4,102,0,106,194,0,194,300
05/10/2019,BVY,MA,ANE,EN,Federal Contract Tower,0,9,16,0,25,0,0,29,0,29,0,9,45,0,54,18,0,18,72
05/11/2019,BVY,MA,ANE,EN,Federal Contract Tower,0,6,8,0,14,0,0,143,0,143,0,6,151,0,157,196,0,196,353
05/12/2019,BVY,MA,ANE,EN,Federal Contract Tower,0,6,11,0,17,0,0,86,0,86,0,6,97,0,103,186,0,186,289
05/13/2019,BVY,MA,ANE,EN,Federal Contract Tower,0,4,12,0,16,0,0,58,0,58,0,4,70,0,74,88,0,88,162
05/14/2019,BVY,MA,ANE,EN,Federal Contract Tower,0,8,2,0,10,0,0,0,0,0,0,8,2,0,10,0,0,0,10
05/15/2019,BVY,MA,ANE,EN,Federal Contract Tower,0,9,10,0,19,0,0,87,0,87,0,9,97,0,106,194,0,194,300
05/16/2019,BVY,MA,ANE,EN,Federal Contract Tower,0,9,10,0,19,0,1,92,0,93,0,10,102,0,112,134,0,134,246
05/17/2019,BVY,MA,ANE,EN,Federal Contract Tower,0,11,13,0,24,0,0,20,0,20,0,11,33,0,44,22,0,22,66
05/18/2019,BVY,MA,ANE,EN,Federal Contract Tower,0,5,8,0,13,0,1,119,0,120,0,6,127,0,133,162,0,162,295
05/19/2019,BVY,MA,ANE,EN,Federal Contract Tower,0,9,19,0,28,0,1,65,2,68,0,10,84,2,96,98,0,98,194
05/20/2019,BVY,MA,ANE,EN,Federal Contract Tower,0,3,3,0,6,0,1,66,0,67,0,4,69,0,73,128,0,128,201
05/21/2019,BVY,MA,ANE,EN,Federal Contract Tower,0,1,4,0,5,0,0,49,0,49,0,1,53,0,54,22,0,22,76
05/22/2019,BVY,MA,ANE,EN,Federal Contract Tower,0,5,3,0,8,0,0,90,0,90,0,5,93,0,98,156,0,156,254
05/23/2019,BVY,MA,ANE,EN,Federal Contract Tower,0,6,10,0,16,0,0,77,0,77,0,6,87,0,93,80,0,80,173
05/24/2019,BVY,MA,ANE,EN,Federal Contract Tower,0,5,9,0,14,0,0,57,0,57,0,5,66,0,71,42,0,42,113
05/25/2019,BVY,MA,ANE,EN,Federal Contract Tower,0,4,15,0,19,0,0,143,0,143,0,4,158,0,162,210,0,210,372
05/26/2019,BVY,MA,ANE,EN,Federal Contract Tower,0,2,11,0,13,0,0,131,0,131,0,2,142,0,144,98,0,98,242
05/27/2019,BVY,MA,ANE,EN,Federal Contract Tower,0,10,16,0,26,0,0,97,0,97,0,10,113,0,123,72,0,72,195
05/28/2019,BVY,MA,ANE,EN,Federal Contract Tower,0,6,9,0,15,0,1,45,0,46,0,7,54,0,61,70,0,70,131
05/29/2019,BVY,MA,ANE,EN,Federal Contract Tower,0,2,15,0,17,0,0,41,0,41,0,2,56,0,58,118,0,118,176
05/30/2019,BVY,MA,ANE,EN,Federal Contract Tower,0,9,17,0,26,0,0,81,0,81,0,9,98,0,107,200,2,202,309
05/31/2019,BVY,MA,ANE,EN,Federal Contract Tower,0,7,18,0,25,0,5,113,0,118,0,12,131,0,143,142,0,142,285
06/01/2019,BVY,MA,ANE,EN,Federal Contract Tower,0,2,18,0,20,0,0,64,0,64,0,2,82,0,84,124,0,124,208
06/02/2019,BVY,MA,ANE,EN,Federal Contract Tower,0,9,13,0,22,0,0,31,0,31,0,9,44,0,53,42,0,42,95
06/03/2019,BVY,MA,ANE,EN,Federal Contract Tower,0,6,8,0,14,0,1,67,0,68,0,7,75,0,82,54,0,54,136
06/04/2019,BVY,MA,ANE,EN,Federal Contract Tower,0,1,7,1,9,0,0,85,0,85,0,1,92,1,94,154,0,154,248
06/05/2019,BVY,MA,ANE,EN,Federal Contract Tower,0,9,10,0,19,0,0,98,0,98,0,9,108,0,117,94,0,94,211
06/06/2019,BVY,MA,ANE,EN,Federal Contract Tower,0,12,6,0,18,0,0,69,0,69,0,12,75,0,87,58,0,58,145
06/07/2019,BVY,MA,ANE,EN,Federal Contract Tower,0,5,16,0,21,0,0,166,0,166,0,5,182,0,187,188,0,188,375
06/08/2019,BVY,MA,ANE,EN,Federal Contract Tower,0,5,13,0,18,0,0,148,0,148,0,5,161,0,166,232,0,232,398
06/09/2019,BVY,MA,ANE,EN,Federal Contract Tower,0,7,16,0,23,0,0,127,0,127,0,7,143,0,150,220,0,220,370
06/10/2019,BVY,MA,ANE,EN,Federal Contract Tower,0,3,11,0,14,0,6,83,1,90,0,9,94,1,104,114,0,114,218
06/11/2019,BVY,MA,ANE,EN,Federal Contract Tower,0,11,5,0,16,0,0,44,0,44,0,11,49,0,60,34,0,34,94
06/12/2019,BVY,MA,ANE,EN,Federal Contract Tower,0,10,4,0,14,0,0,141,0,141,0,10,145,0,155,210,0,210,365
06/13/2019,BVY,MA,ANE,EN,Federal Contract Tower,0,7,3,0,10,0,0,12,0,12,0,7,15,0,22,50,0,50,72
06/14/2019,BVY,MA,ANE,EN,Federal Contract Tower,0,7,18,0,25,0,1,76,0,77,0,8,94,0,102,28,0,28,130
06/15/2019,BVY,MA,ANE,EN,Federal Contract Tower,0,11,6,0,17,0,0,130,0,130,0,11,136,0,147,74,0,74,221
06/16/2019,BVY,MA,ANE,EN,Federal Contract Tower,0,10,25,0,35,0,0,15,0,15,0,10,40,0,50,34,0,34,84
06/17/2019,BVY,MA,ANE,EN,Federal Contract Tower,0,5,7,0,12,0,0,0,0,0,0,5,7,0,12,110,0,110,122
06/18/2019,BVY,MA,ANE,EN,Federal Contract Tower,0,11,15,0,26,0,0,43,0,43,0,11,58,0,69,42,0,42,111
06/19/2019,BVY,MA,ANE,EN,Federal Contract Tower,0,6,13,1,20,0,1,41,1,43,0,7,54,2,63,70,0,70,133
06/20/2019,BVY,MA,ANE,EN,Federal Contract Tower,0,6,7,0,13,0,0,0,0,0,0,6,7,0,13,0,0,0,13
06/21/2019,BVY,MA,ANE,EN,Federal Contract Tower,0,4,30,0,34,0,1,94,0,95,0,5,124,0,129,92,0,92,221
06/22/2019,BVY,MA,ANE,EN,Federal Contract Tower,0,4,13,0,17,0,4,107,0,111,0,8,120,0,128,66,0,66,194
06/23/2019,BVY,MA,ANE,EN,Federal Contract Tower,0,6,11,0,17,0,0,125,0,125,0,6,136,0,142,142,0,142,284
06/24/2019,BVY,MA,ANE,EN,Federal Contract Tower,0,6,7,0,13,0,2,127,0,129,0,8,134,0,142,212,0,212,354
06/25/2019,BVY,MA,ANE,EN,Federal Contract Tower,0,2,10,0,12,0,0,42,0,42,0,2,52,0,54,46,0,46,100
06/26/2019,BVY,MA,ANE,EN,Federal Contract Tower,0,2,21,0,23,0,0,56,0,56,0,2,77,0,79,74,0,74,153
06/27/2019,BVY,MA,ANE,EN,Federal Contract Tower,0,5,18,0,23,0,0,65,6,71,0,5,83,6,94,114,0,114,208
06/28/2019,BVY,MA,ANE,EN,Federal Contract Tower,0,5,8,0,13,0,0,112,0,112,0,5,120,0,125,124,0,124,249
06/29/2019,BVY,MA,ANE,EN,Federal Contract Tower,0,4,9,0,13,0,0,50,0,50,0,4,59,0,63,70,0,70,133
06/30/2019,BVY,MA,ANE,EN,Federal Contract Tower,0,10,2,0,12,0,0,51,0,51,0,10,53,0,63,62,0,62,125
07/01/2019,BVY,MA,ANE,EN,Federal Contract Tower,0,4,9,0,13,0,3,108,0,111,0,7,117,0,124,168,0,168,292
07/02/2019,BVY,MA,ANE,EN,Federal Contract Tower,0,10,5,0,15,0,0,112,1,113,0,10,117,1,128,168,0,168,296
07/03/2019,BVY,MA,ANE,EN,Federal Contract Tower,0,3,7,0,10,0,0,108,0,108,0,3,115,0,118,94,0,94,212
07/04/2019,BVY,MA,ANE,EN,Federal Contract Tower,0,1,10,0,11,0,0,79,0,79,0,1,89,0,90,50,0,50,140
07/05/2019,BVY,MA,ANE,EN,Federal Contract Tower,0,5,7,0,12,0,2,98,0,100,0,7,105,0,112,58,0,58,170
07/06/2019,BVY,MA,ANE,EN,Federal Contract Tower,0,4,5,0,9,0,0,58,0,58,0,4,63,0,67,78,0,78,145
07/07/2019,BVY,MA,ANE,EN,Federal Contract Tower,0,8,19,0,27,0,0,122,0,122,0,8,141,0,149,148,0,148,297
07/08/2019,BVY,MA,ANE,EN,Federal Contract Tower,0,13,7,0,20,0,0,101,0,101,0,13,108,0,121,46,0,46,167
07/09/2019,BVY,MA,ANE,EN,Federal Contract Tower,0,7,7,0,14,0,0,102,0,102,0,7,109,0,116,108,0,108,224
07/10/2019,BVY,MA,ANE,EN,Federal Contract Tower,0,5,8,0,13,0,0,104,5,109,0,5,112,5,122,154,0,154,276
07/11/2019,BVY,MA,ANE,EN,Federal Contract Tower,0,4,16,0,20,0,0,56,0,56,0,4,72,0,76,112,0,112,188
07/12/2019,BVY,MA,ANE,EN,Federal Contract Tower,0,7,20,0,27,0,1,26,0,27,0,8,46,0,54,66,0,66,120
07/13/2019,BVY,MA,ANE,EN,Federal Contract Tower,0,7,13,0,20,0,1,128,0,129,0,8,141,0,149,132,0,132,281
07/14/2019,BVY,MA,ANE,EN,Federal Contract Tower,0,7,10,0,17,0,1,105,0,106,0,8,115,0,123,138,0,138,261
07/15/2019,BVY,MA,ANE,EN,Federal Contract Tower,0,3,7,0,10,0,0,118,0,118,0,3,125,0,128,108,0,108,236
07/16/2019,BVY,MA,ANE,EN,Federal Contract Tower,0,3,8,0,11,0,1,110,0,111,0,4,118,0,122,84,0,84,206
07/17/2019,BVY,MA,ANE,EN,Federal Contract Tower,0,4,6,0,10,0,0,48,0,48,0,4,54,0,58,116,0,116,174
07/18/2019,BVY,MA,ANE,EN,Federal Contract Tower,0,7,19,0,26,0,0,56,0,56,0,7,75,0,82,82,0,82,164
07/19/2019,BVY,MA,ANE,EN,Federal Contract Tower,0,13,23,0,36,0,2,84,0,86,0,15,107,0,122,124,0,124,246
07/20/2019,BVY,MA,ANE,EN,Federal Contract Tower,0,7,8,0,15,0,2,89,0,91,0,9,97,0,106,64,0,64,170
07/21/2019,BVY,MA,ANE,EN,Federal Contract Tower,0,14,21,0,35,0,3,89,0,92,0,17,110,0,127,110,0,110,237
07/22/2019,BVY,MA,ANE,EN,Federal Contract Tower,0,6,1,0,7,0,4,64,0,68,0,10,65,0,75,106,0,106,181
07/23/2019,BVY,MA,ANE,EN,Federal Contract Tower,0,4,3,0,7,0,0,36,0,36,0,4,39,0,43,68,0,68,111
07/24/2019,BVY,MA,ANE,EN,Federal Contract Tower,0,12,14,0,26,0,4,109,0,113,0,16,123,0,139,170,0,170,309
07/25/2019,BVY,MA,ANE,EN,Federal Contract Tower,0,6,10,0,16,0,0,127,2,129,0,6,137,2,145,156,2,158,303
07/26/2019,BVY,MA,ANE,EN,Federal Contract Tower,0,12,12,0,24,0,5,119,0,124,0,17,131,0,148,82,0,82,230
07/27/2019,BVY,MA,ANE,EN,Federal Contract Tower,0,4,20,0,24,0,0,134,0,134,0,4,154,0,158,128,0,128,286
07/28/2019,BVY,MA,ANE,EN,Federal Contract Tower,0,2,13,0,15,0,0,106,0,106,0,2,119,0,121,110,0,110,231
07/29/2019,BVY,MA,ANE,EN,Federal Contract Tower,0,5,10,0,15,0,2,70,0,72,0,7,80,0,87,62,0,62,149
07/30/2019,BVY,MA,ANE,EN,Federal Contract Tower,0,2,5,0,7,0,0,115,0,115,0,2,120,0,122,158,0,158,280
07/31/2019,BVY,MA,ANE,EN,Federal Contract Tower,0,2,5,0,7,0,1,62,0,63,0,3,67,0,70,28,0,28,98
08/01/2019,BVY,MA,ANE,EN,Federal Contract Tower,0,3,13,0,16,0,0,119,0,119,0,3,132,0,135,164,0,164,299
08/02/2019,BVY,MA,ANE,EN,Federal Contract Tower,0,7,11,0,18,0,0,121,0,121,0,7,132,0,139,84,0,84,223
08/03/2019,BVY,MA,ANE,EN,Federal Contract Tower,0,6,11,0,17,0,0,82,4,86,0,6,93,4,103,166,6,172,275
08/04/2019,BVY,MA,ANE,EN,Federal Contract Tower,0,10,11,0,21,0,1,128,0,129,0,11,139,0,150,152,0,152,302
08/05/2019,BVY,MA,ANE,EN,Federal Contract Tower,0,9,7,0,16,0,2,95,0,97,0,11,102,0,113,106,0,106,219
08/06/2019,BVY,MA,ANE,EN,Federal Contract Tower,0,9,15,0,24,0,0,71,0,71,0,9,86,0,95,116,0,116,211
08/07/2019,BVY,MA,ANE,EN,Federal Contract Tower,0,6,16,0,22,0,0,26,0,26,0,6,42,0,48,74,0,74,122
08/08/2019,BVY,MA,ANE,EN,Federal Contract Tower,0,6,13,0,19,0,0,71,0,71,0,6,84,0,90,78,0,78,168
08/09/2019,BVY,MA,ANE,EN,Federal Contract Tower,0,15,16,0,31,0,3,100,0,103,0,18,116,0,134,70,0,70,204
08/10/2019,BVY,MA,ANE,EN,Federal Contract Tower,0,1,9,0,10,0,4,96,0,100,0,5,105,0,110,142,0,142,252
08/11/2019,BVY,MA,ANE,EN,Federal Contract Tower,0,9,30,0,39,0,0,128,0,128,0,9,158,0,167,230,0,230,397
08/12/2019,BVY,MA,ANE,EN,Federal Contract Tower,0,6,10,0,16,0,0,116,2,118,0,6,126,2,134,136,0,136,270
08/13/2019,BVY,MA,ANE,EN,Federal Contract Tower,0,13,3,0,16,0,0,67,0,67,0,13,70,0,83,140,0,140,223
08/14/2019,BVY,MA,ANE,EN,Federal Contract Tower,0,8,13,0,21,0,0,96,0,96,0,8,109,0,117,134,0,134,251
08/15/2019,BVY,MA,ANE,EN,Federal Contract Tower,0,10,11,0,21,0,0,81,0,81,0,10,92,0,102,120,0,120,222
08/16/2019,BVY,MA,ANE,EN,Federal Contract Tower,0,14,17,0,31,0,0,87,0,87,0,14,104,0,118,160,0,160,278
08/17/2019,BVY,MA,ANE,EN,Federal Contract Tower,0,5,2,0,7,0,0,6,0,6,0,5,8,0,13,10,0,10,23
08/18/2019,BVY,MA,ANE,EN,Federal Contract Tower,0,7,14,0,21,0,0,71,0,71,0,7,85,0,92,134,0,134,226
08/19/2019,BVY,MA,ANE,EN,Federal Contract Tower,0,7,8,0,15,0,2,102,0,104,0,9,110,0,119,80,0,80,199
08/20/2019,BVY,MA,ANE,EN,Federal Contract Tower,0,5,4,0,9,0,0,91,0,91,0,5,95,0,100,30,0,30,130
08/21/2019,BVY,MA,ANE,EN,Federal Contract Tower,0,11,11,0,22,0,0,60,0,60,0,11,71,0,82,76,0,76,158
08/22/2019,BVY,MA,ANE,EN,Federal Contract Tower,0,3,15,1,19,0,4,99,0,103,0,7,114,1,122,110,0,110,232
08/23/2019,BVY,MA,ANE,EN,Federal Contract Tower,0,6,9,0,15,0,1,101,0,102,0,7,110,0,117,140,0,140,257
08/24/2019,BVY,MA,ANE,EN,Federal Contract Tower,0,7,5,0,12,0,3,131,0,134,0,10,136,0,146,178,0,178,324
08/25/2019,BVY,MA,ANE,EN,Federal Contract Tower,0,10,17,0,27,0,1,69,0,70,0,11,86,0,97,38,0,38,135
08/26/2019,BVY,MA,ANE,EN,Federal Contract Tower,0,3,8,0,11,0,12,95,0,107,0,15,103,0,118,90,0,90,208
08/27/2019,BVY,MA,ANE,EN,Federal Contract Tower,0,2,13,0,15,0,0,94,0,94,0,2,107,0,109,118,2,120,229
08/28/2019,BVY,MA,ANE,EN,Federal Contract Tower,0,9,16,0,25,0,1,73,0,74,0,10,89,0,99,100,0,100,199
08/29/2019,BVY,MA,ANE,EN,Federal Contract Tower,0,18,6,0,24,0,1,83,0,84,0,19,89,0,108,106,0,106,214
08/30/2019,BVY,MA,ANE,EN,Federal Contract Tower,0,11,15,0,26,0,2,111,0,113,0,13,126,0,139,174,0,174,313
08/31/2019,BVY,MA,ANE,EN,Federal Contract Tower,0,5,17,0,22,0,4,143,0,147,0,9,160,0,169,120,0,120,289
09/01/2019,BVY,MA,ANE,EN,Federal Contract Tower,0,8,7,0,15,0,2,108,0,110,0,10,115,0,125,178,0,178,303
09/02/2019,BVY,MA,ANE,EN,Federal Contract Tower,0,5,12,0,17,0,2,78,0,80,0,7,90,0,97,112,0,112,209
09/03/2019,BVY,MA,ANE,EN,Federal Contract Tower,0,6,5,0,11,0,1,92,0,93,0,7,97,0,104,152,0,152,256
09/04/2019,BVY,MA,ANE,EN,Federal Contract Tower,0,4,8,0,12,0,0,47,0,47,0,4,55,0,59,42,0,42,101
09/05/2019,BVY,MA,ANE,EN,Federal Contract Tower,0,5,7,0,12,0,3,88,0,91,0,8,95,0,103,98,0,98,201
09/06/2019,BVY,MA,ANE,EN,Federal Contract Tower,0,5,4,0,9,0,3,91,0,94,0,8,95,0,103,100,0,100,203
09/07/2019,BVY,MA,ANE,EN,Federal Contract Tower,0,8,10,0,18,0,0,24,0,24,0,8,34,0,42,38,0,38,80
09/08/2019,BVY,MA,ANE,EN,Federal Contract Tower,0,4,12,0,16,0,0,93,0,93,0,4,105,0,109,156,0,156,265
09/09/2019,BVY,MA,ANE,EN,Federal Contract Tower,0,0,0,0,0,0,0,25,0,25,0,0,25,0,25,0,0,0,25
09/10/2019,BVY,MA,ANE,EN,Federal Contract Tower,0,0,0,0,0,0,0,11,0,11,0,0,11,0,11,0,0,0,11
09/11/2019,BVY,MA,ANE,EN,Federal Contract Tower,0,3,1,1,5,0,0,15,0,15,0,3,16,1,20,0,0,0,20
09/12/2019,BVY,MA,ANE,EN,Federal Contract Tower,0,19,10,0,29,0,1,40,0,41,0,20,50,0,70,82,0,82,152
09/13/2019,BVY,MA,ANE,EN,Federal Contract Tower,0,8,21,0,29,0,6,95,1,102,0,14,116,1,131,134,0,134,265
09/14/2019,BVY,MA,ANE,EN,Federal Contract Tower,0,7,8,0,15,0,0,133,7,140,0,7,141,7,155,188,0,188,343
09/15/2019,BVY,MA,ANE,EN,Federal Contract Tower,0,7,9,2,18,0,3,114,14,131,0,10,123,16,149,198,2,200,349
09/16/2019,BVY,MA,ANE,EN,Federal Contract Tower,0,3,7,0,10,0,0,91,0,91,0,3,98,0,101,94,0,94,195
09/17/2019,BVY,MA,ANE,EN,Federal Contract Tower,0,7,8,0,15,0,0,86,0,86,0,7,94,0,101,104,0,104,205
09/18/2019,BVY,MA,ANE,EN,Federal Contract Tower,0,5,12,0,17,0,5,91,0,96,0,10,103,0,113,90,0,90,203
09/19/2019,BVY,MA,ANE,EN,Federal Contract Tower,0,3,3,0,6,0,0,105,0,105,0,3,108,0,111,118,0,118,229
09/20/2019,BVY,MA,ANE,EN,Federal Contract Tower,0,3,7,0,10,0,0,0,0,0,0,3,7,0,10,218,0,218,228
09/21/2019,BVY,MA,ANE,EN,Federal Contract Tower,0,3,6,0,9,0,0,156,0,156,0,3,162,0,165,166,0,166,331
09/22/2019,BVY,MA,ANE,EN,Federal Contract Tower,0,4,2,0,6,0,2,128,0,130,0,6,130,0,136,168,0,168,304
09/23/2019,BVY,MA,ANE,EN,Federal Contract Tower,0,4,5,0,9,0,1,79,0,80,0,5,84,0,89,98,0,98,187
09/24/2019,BVY,MA,ANE,EN,Federal Contract Tower,0,3,13,0,16,0,0,72,0,72,0,3,85,0,88,48,0,48,136
09/25/2019,BVY,MA,ANE,EN,Federal Contract Tower,0,5,17,1,23,0,0,114,0,114,0,5,131,1,137,86,0,86,223
09/26/2019,BVY,MA,ANE,EN,Federal Contract Tower,0,5,5,2,12,0,0,85,0,85,0,5,90,2,97,68,0,68,165
09/27/2019,BVY,MA,ANE,EN,Federal Contract Tower,0,6,14,0,20,0,2,147,2,151,0,8,161,2,171,230,0,230,401
09/28/2019,BVY,MA,ANE,EN,Federal Contract Tower,0,2,8,0,10,0,0,112,0,112,0,2,120,0,122,144,0,144,266
09/29/2019,BVY,MA,ANE,EN,Federal Contract Tower,0,9,20,0,29,0,0,154,0,154,0,9,174,0,183,196,0,196,379
09/30/2019,BVY,MA,ANE,EN,Federal Contract Tower,0,8,15,0,23,0,0,109,0,109,0,8,124,0,132,122,0,122,254
10/01/2019,BVY,MA,ANE,EN,Federal Contract Tower,0,8,8,0,16,0,0,41,0,41,0,8,49,0,57,76,0,76,133
10/02/2019,BVY,MA,ANE,EN,Federal Contract Tower,0,3,12,0,15,0,0,34,0,34,0,3,46,0,49,92,0,92,141
10/03/2019,BVY,MA,ANE,EN,Federal Contract Tower,0,4,13,0,17,0,0,79,4,83,0,4,92,4,100,130,0,130,230
10/04/2019,BVY,MA,ANE,EN,Federal Contract Tower,0,4,12,0,16,0,0,65,0,65,0,4,77,0,81,54,0,54,135
10/05/2019,BVY,MA,ANE,EN,Federal Contract Tower,0,6,15,0,21,0,4,133,0,137,0,10,148,0,158,200,0,200,358
10/06/2019,BVY,MA,ANE,EN,Federal Contract Tower,0,6,15,0,21,0,0,117,0,117,0,6,132,0,138,200,0,200,338
10/07/2019,BVY,MA,ANE,EN,Federal Contract Tower,0,2,6,0,8,0,0,50,0,50,0,2,56,0,58,40,0,40,98
10/08/2019,BVY,MA,ANE,EN,Federal Contract Tower,0,3,6,0,9,0,0,104,0,104,0,3,110,0,113,102,0,102,215
10/09/2019,BVY,MA,ANE,EN,Federal Contract Tower,0,6,9,0,15,0,0,34,0,34,0,6,43,0,49,34,0,34,83
10/10/2019,BVY,MA,ANE,EN,Federal Contract Tower,0,1,3,0,4,0,0,21,0,21,0,1,24,0,25,2,0,2,27
10/11/2019,BVY,MA,ANE,EN,Federal Contract Tower,0,3,6,0,9,0,0,5,0,5,0,3,11,0,14,0,0,0,14
10/12/2019,BVY,MA,ANE,EN,Federal Contract Tower,0,3,8,0,11,0,0,3,0,3,0,3,11,0,14,8,0,8,22
10/13/2019,BVY,MA,ANE,EN,Federal Contract Tower,0,6,9,0,15,0,0,120,0,120,0,6,129,0,135,220,0,220,355
10/14/2019,BVY,MA,ANE,EN,Federal Contract Tower,0,7,13,0,20,0,0,95,0,95,0,7,108,0,115,162,0,162,277
10/15/2019,BVY,MA,ANE,EN,Federal Contract Tower,0,8,10,0,18,0,0,97,0,97,0,8,107,0,115,112,0,112,227
10/16/2019,BVY,MA,ANE,EN,Federal Contract Tower,0,3,6,0,9,0,0,84,0,84,0,3,90,0,93,110,0,110,203
10/17/2019,BVY,MA,ANE,EN,Federal Contract Tower,0,7,1,0,8,0,0,0,0,0,0,7,1,0,8,0,0,0,8
10/18/2019,BVY,MA,ANE,EN,Federal Contract Tower,0,6,3,0,9,0,0,100,0,100,0,6,103,0,109,74,0,74,183
10/19/2019,BVY,MA,ANE,EN,Federal Contract Tower,0,4,7,0,11,0,0,170,0,170,0,4,177,0,181,242,0,242,423
10/20/2019,BVY,MA,ANE,EN,Federal Contract Tower,0,4,17,0,21,0,0,132,0,132,0,4,149,0,153,182,0,182,335
10/21/2019,BVY,MA,ANE,EN,Federal Contract Tower,0,1,14,0,15,0,0,99,0,99,0,1,113,0,114,102,0,102,216
10/22/2019,BVY,MA,ANE,EN,Federal Contract Tower,0,3,12,0,15,0,0,37,0,37,0,3,49,0,52,34,0,34,86
10/23/2019,BVY,MA,ANE,EN,Federal Contract Tower,0,12,3,0,15,0,0,61,0,61,0,12,64,0,76,50,0,50,126
10/24/2019,BVY,MA,ANE,EN,Federal Contract Tower,0,13,6,0,19,0,2,103,0,105,0,15,109,0,124,120,0,120,244
10/25/2019,BVY,MA,ANE,EN,Federal Contract Tower,0,5,9,0,14,0,0,134,0,134,0,5,143,0,148,174,0,174,322
10/26/2019,BVY,MA,ANE,EN,Federal Contract Tower,0,5,20,0,25,0,0,119,0,119,0,5,139,0,144,190,0,190,334
10/27/2019,BVY,MA,ANE,EN,Federal Contract Tower,0,13,9,0,22,0,0,9,0,9,0,13,18,0,31,12,0,12,43
10/28/2019,BVY,MA,ANE,EN,Federal Contract Tower,0,4,11,0,15,0,0,10,0,10,0,4,21,0,25,0,0,0,25
10/29/2019,BVY,MA,ANE,EN,Federal Contract Tower,0,7,4,0,11,0,0,30,0,30,0,7,34,0,41,52,0,52,93
10/30/2019,BVY,MA,ANE,EN,Federal Contract Tower,0,2,14,0,16,0,0,35,0,35,0,2,49,0,51,78,0,78,129
10/31/2019,BVY,MA,ANE,EN,Federal Contract Tower,0,5,5,0,10,0,0,6,0,6,0,5,11,0,16,0,0,0,16
11/01/2019,BVY,MA,ANE,EN,Federal Contract Tower,0,5,8,0,13,0,0,24,0,24,0,5,32,0,37,0,0,0,37
11/02/2019,BVY,MA,ANE,EN,Federal Contract Tower,0,4,14,0,18,0,0,164,0,164,0,4,178,0,182,210,0,210,392
11/03/2019,BVY,MA,ANE,EN,Federal Contract Tower,0,9,12,0,21,0,1,170,0,171,0,10,182,0,192,162,0,162,354
11/04/2019,BVY,MA,ANE,EN,Federal Contract Tower,0,4,5,0,9,0,0,96,0,96,0,4,101,0,105,90,0,90,195
11/05/2019,BVY,MA,ANE,EN,Federal Contract Tower,0,5,11,0,16,0,0,26,0,26,0,5,37,0,42,76,0,76,118
11/06/2019,BVY,MA,ANE,EN,Federal Contract Tower,0,0,3,14,17,0,0,77,0,77,0,0,80,14,94,152,0,152,246
11/07/2019,BVY,MA,ANE,EN,Federal Contract Tower,0,2,6,0,8,0,2,55,0,57,0,4,61,0,65,128,0,128,193
11/08/2019,BVY,MA,ANE,EN,Federal Contract Tower,0,6,1,0,7,0,0,31,6,37,0,6,32,6,44,18,6,24,68
11/09/2019,BVY,MA,ANE,EN,Federal Contract Tower,0,5,12,0,17,0,0,126,0,126,0,5,138,0,143,242,0,242,385
11/10/2019,BVY,MA,ANE,EN,Federal Contract Tower,0,0,9,0,9,0,0,100,0,100,0,0,109,0,109,146,0,146,255
11/11/2019,BVY,MA,ANE,EN,Federal Contract Tower,0,1,5,0,6,0,0,73,0,73,0,1,78,0,79,100,0,100,179
11/12/2019,BVY,MA,ANE,EN,Federal Contract Tower,0,1,2,0,3,0,0,2,0,2,0,1,4,0,5,0,0,0,5
11/13/2019,BVY,MA,ANE,EN,Federal Contract Tower,0,2,3,0,5,0,0,42,0,42,0,2,45,0,47,22,0,22,69
11/14/2019,BVY,MA,ANE,EN,Federal Contract Tower,0,3,12,0,15,0,0,72,0,72,0,3,84,0,87,110,0,110,197
11/15/2019,BVY,MA,ANE,EN,Federal Contract Tower,0,4,3,0,7,0,0,94,0,94,0,4,97,0,101,106,0,106,207
11/16/2019,BVY,MA,ANE,EN,Federal Contract Tower,0,0,8,0,8,0,0,125,0,125,0,0,133,0,133,184,0,184,317
11/17/2019,BVY,MA,ANE,EN,Federal Contract Tower,0,3,17,0,20,0,0,73,0,73,0,3,90,0,93,102,0,102,195
11/18/2019,BVY,MA,ANE,EN,Federal Contract Tower,0,1,1,0,2,0,0,1,0,1,0,1,2,0,3,0,0,0,3
11/19/2019,BVY,MA,ANE,EN,Federal Contract Tower,0,3,1,0,4,0,0,0,0,0,0,3,1,0,4,0,0,0,4
11/20/2019,BVY,MA,ANE,EN,Federal Contract Tower,0,2,0,0,2,0,0,0,0,0,0,2,0,0,2,0,0,0,2
11/21/2019,BVY,MA,ANE,EN,Federal Contract Tower,0,7,9,0,16,0,0,134,0,134,0,7,143,0,150,180,0,180,330
11/22/2019,BVY,MA,ANE,EN,Federal Contract Tower,0,8,13,0,21,0,0,53,0,53,0,8,66,0,74,48,0,48,122
11/23/2019,BVY,MA,ANE,EN,Federal Contract Tower,0,6,10,0,16,0,0,122,0,122,0,6,132,0,138,220,0,220,358
11/24/2019,BVY,MA,ANE,EN,Federal Contract Tower,0,6,7,0,13,0,0,0,0,0,0,6,7,0,13,0,0,0,13
11/25/2019,BVY,MA,ANE,EN,Federal Contract Tower,0,3,7,0,10,0,0,80,0,80,0,3,87,0,90,142,0,142,232
11/26/2019,BVY,MA,ANE,EN,Federal Contract Tower,0,3,17,0,20,0,0,120,0,120,0,3,137,0,140,208,0,208,348
11/27/2019,BVY,MA,ANE,EN,Federal Contract Tower,0,16,12,1,29,0,0,105,0,105,0,16,117,1,134,208,0,208,342
11/28/2019,BVY,MA,ANE,EN,Federal Contract Tower,0,2,0,0,2,0,0,0,0,0,0,2,0,0,2,0,0,0,2
11/29/2019,BVY,MA,ANE,EN,Federal Contract Tower,0,13,8,0,21,0,0,67,0,67,0,13,75,0,88,48,0,48,136
11/30/2019,BVY,MA,ANE,EN,Federal Contract Tower,0,7,11,0,18,0,0,90,0,90,0,7,101,0,108,58,0,58,166
12/01/2019,BVY,MA,ANE,EN,Federal Contract Tower,0,7,10,0,17,0,0,34,0,34,0,7,44,0,51,138,0,138,189
12/02/2019,BVY,MA,ANE,EN,Federal Contract Tower,0,0,3,0,3,0,0,0,0,0,0,0,3,0,3,0,0,0,3
12/03/2019,BVY,MA,ANE,EN,Federal Contract Tower,0,1,3,0,4,0,0,6,0,6,0,1,9,0,10,0,0,0,10
12/04/2019,BVY,MA,ANE,EN,Federal Contract Tower,0,5,12,1,18,0,0,65,0,65,0,5,77,1,83,106,0,106,189
12/05/2019,BVY,MA,ANE,EN,Federal Contract Tower,0,3,4,0,7,0,0,77,0,77,0,3,81,0,84,112,0,112,196
12/06/2019,BVY,MA,ANE,EN,Federal Contract Tower,0,1,6,0,7,0,1,70,0,71,0,2,76,0,78,118,0,118,196
12/07/2019,BVY,MA,ANE,EN,Federal Contract Tower,0,5,6,0,11,0,0,119,0,119,0,5,125,0,130,258,0,258,388
12/08/2019,BVY,MA,ANE,EN,Federal Contract Tower,0,5,12,0,17,0,0,121,0,121,0,5,133,0,138,212,0,212,350
12/09/2019,BVY,MA,ANE,EN,Federal Contract Tower,0,4,1,0,5,0,0,0,0,0,0,4,1,0,5,0,0,0,5
12/10/2019,BVY,MA,ANE,EN,Federal Contract Tower,0,8,8,0,16,0,0,39,0,39,0,8,47,0,55,40,0,40,95
12/11/2019,BVY,MA,ANE,EN,Federal Contract Tower,0,3,8,0,11,0,0,50,0,50,0,3,58,0,61,36,0,36,97
12/12/2019,BVY,MA,ANE,EN,Federal Contract Tower,0,3,8,0,11,0,0,136,5,141,0,3,144,5,152,198,0,198,350
12/13/2019,BVY,MA,ANE,EN,Federal Contract Tower,0,4,11,0,15,0,0,93,0,93,0,4,104,0,108,122,0,122,230
12/14/2019,BVY,MA,ANE,EN,Federal Contract Tower,0,2,2,0,4,0,0,0,0,0,0,2,2,0,4,0,0,0,4
12/15/2019,BVY,MA,ANE,EN,Federal Contract Tower,0,0,8,0,8,0,1,1,0,2,0,1,9,0,10,0,0,0,10
12/16/2019,BVY,MA,ANE,EN,Federal Contract Tower,0,8,14,0,22,0,0,66,0,66,0,8,80,0,88,30,0,30,118
12/17/2019,BVY,MA,ANE,EN,Federal Contract Tower,0,0,0,0,0,0,0,0,0,0,0,0,0,0,0,0,0,0,0
12/18/2019,BVY,MA,ANE,EN,Federal Contract Tower,0,4,11,0,15,0,0,54,0,54,0,4,65,0,69,124,0,124,193
12/19/2019,BVY,MA,ANE,EN,Federal Contract Tower,0,1,5,0,6,0,0,23,0,23,0,1,28,0,29,12,0,12,41
12/20/2019,BVY,MA,ANE,EN,Federal Contract Tower,0,7,11,0,18,0,1,82,0,83,0,8,93,0,101,130,0,130,231
12/21/2019,BVY,MA,ANE,EN,Federal Contract Tower,0,2,7,0,9,0,0,97,0,97,0,2,104,0,106,136,0,136,242
12/22/2019,BVY,MA,ANE,EN,Federal Contract Tower,0,4,9,0,13,0,0,118,0,118,0,4,127,0,131,216,0,216,347
12/23/2019,BVY,MA,ANE,EN,Federal Contract Tower,0,3,7,0,10,0,0,107,0,107,0,3,114,0,117,126,0,126,243
12/24/2019,BVY,MA,ANE,EN,Federal Contract Tower,0,1,3,0,4,0,0,79,0,79,0,1,82,0,83,164,0,164,247
12/25/2019,BVY,MA,ANE,EN,Federal Contract Tower,0,5,0,0,5,0,0,12,0,12,0,5,12,0,17,10,0,10,27
12/26/2019,BVY,MA,ANE,EN,Federal Contract Tower,0,5,7,0,12,0,0,82,0,82,0,5,89,0,94,100,0,100,194
12/27/2019,BVY,MA,ANE,EN,Federal Contract Tower,0,4,13,0,17,0,0,41,0,41,0,4,54,0,58,72,0,72,130
12/28/2019,BVY,MA,ANE,EN,Federal Contract Tower,0,2,8,0,10,0,0,110,0,110,0,2,118,0,120,112,0,112,232
12/29/2019,BVY,MA,ANE,EN,Federal Contract Tower,0,1,6,0,7,0,0,90,0,90,0,1,96,0,97,152,0,152,249
12/30/2019,BVY,MA,ANE,EN,Federal Contract Tower,0,1,2,0,3,0,0,0,0,0,0,1,2,0,3,0,0,0,3
12/31/2019,BVY,MA,ANE,EN,Federal Contract Tower,0,0,2,0,2,0,0,0,0,0,0,0,2,0,2,0,0,0,2
01/01/2020,BVY,MA,ANE,EN,Federal Contract Tower,0,3,0,0,3,0,0,32,0,32,0,3,32,0,35,46,0,46,81
01/02/2020,BVY,MA,ANE,EN,Federal Contract Tower,0,2,9,0,11,0,0,107,0,107,0,2,116,0,118,110,0,110,228
01/03/2020,BVY,MA,ANE,EN,Federal Contract Tower,0,7,5,0,12,0,0,87,0,87,0,7,92,0,99,122,0,122,221
01/04/2020,BVY,MA,ANE,EN,Federal Contract Tower,0,5,14,0,19,0,0,5,0,5,0,5,19,0,24,26,0,26,50
01/05/2020,BVY,MA,ANE,EN,Federal Contract Tower,0,6,7,0,13,0,0,9,0,9,0,6,16,0,22,0,0,0,22
01/06/2020,BVY,MA,ANE,EN,Federal Contract Tower,0,6,10,0,16,0,0,70,0,70,0,6,80,0,86,94,0,94,180
01/07/2020,BVY,MA,ANE,EN,Federal Contract Tower,0,3,7,0,10,0,0,107,0,107,0,3,114,0,117,168,0,168,285
01/08/2020,BVY,MA,ANE,EN,Federal Contract Tower,0,5,2,0,7,0,2,54,0,56,0,7,56,0,63,104,0,104,167
01/09/2020,BVY,MA,ANE,EN,Federal Contract Tower,0,0,15,0,15,0,0,88,0,88,0,0,103,0,103,74,0,74,177
01/10/2020,BVY,MA,ANE,EN,Federal Contract Tower,0,3,5,0,8,0,0,66,0,66,0,3,71,0,74,58,0,58,132
01/11/2020,BVY,MA,ANE,EN,Federal Contract Tower,0,3,7,0,10,0,0,35,0,35,0,3,42,0,45,34,0,34,79
01/12/2020,BVY,MA,ANE,EN,Federal Contract Tower,0,1,5,0,6,0,0,6,0,6,0,1,11,0,12,6,0,6,18
01/13/2020,BVY,MA,ANE,EN,Federal Contract Tower,0,6,5,0,11,0,0,2,0,2,0,6,7,0,13,0,0,0,13
01/14/2020,BVY,MA,ANE,EN,Federal Contract Tower,0,4,8,0,12,0,0,53,0,53,0,4,61,0,65,156,0,156,221
01/15/2020,BVY,MA,ANE,EN,Federal Contract Tower,0,2,12,0,14,0,0,100,0,100,0,2,112,0,114,224,0,224,338
01/16/2020,BVY,MA,ANE,EN,Federal Contract Tower,0,6,5,0,11,0,0,12,0,12,0,6,17,0,23,0,0,0,23
01/17/2020,BVY,MA,ANE,EN,Federal Contract Tower,0,4,2,0,6,0,0,63,0,63,0,4,65,0,69,56,0,56,125
01/18/2020,BVY,MA,ANE,EN,Federal Contract Tower,0,1,6,0,7,0,0,90,0,90,0,1,96,0,97,172,0,172,269
01/19/2020,BVY,MA,ANE,EN,Federal Contract Tower,0,4,10,0,14,0,0,55,0,55,0,4,65,0,69,78,0,78,147
01/20/2020,BVY,MA,ANE,EN,Federal Contract Tower,0,6,11,0,17,0,0,73,0,73,0,6,84,0,90,146,0,146,236
01/21/2020,BVY,MA,ANE,EN,Federal Contract Tower,0,5,8,1,14,0,1,82,0,83,0,6,90,1,97,76,0,76,173
01/22/2020,BVY,MA,ANE,EN,Federal Contract Tower,0,3,13,0,16,0,1,109,0,110,0,4,122,0,126,146,0,146,272
01/23/2020,BVY,MA,ANE,EN,Federal Contract Tower,0,5,8,1,14,0,0,121,1,122,0,5,129,2,136,144,0,144,280
01/24/2020,BVY,MA,ANE,EN,Federal Contract Tower,0,4,9,0,13,0,0,91,0,91,0,4,100,0,104,216,0,216,320
01/25/2020,BVY,MA,ANE,EN,Federal Contract Tower,0,1,12,0,13,0,0,32,0,32,0,1,44,0,45,100,0,100,145
01/26/2020,BVY,MA,ANE,EN,Federal Contract Tower,0,2,5,0,7,0,0,91,0,91,0,2,96,0,98,82,0,82,180
01/27/2020,BVY,MA,ANE,EN,Federal Contract Tower,0,3,10,1,14,0,0,76,1,77,0,3,86,2,91,84,0,84,175
01/28/2020,BVY,MA,ANE,EN,Federal Contract Tower,0,4,7,0,11,0,0,78,0,78,0,4,85,0,89,130,0,130,219
01/29/2020,BVY,MA,ANE,EN,Federal Contract Tower,0,2,9,0,11,0,0,93,0,93,0,2,102,0,104,236,4,240,344
01/30/2020,BVY,MA,ANE,EN,Federal Contract Tower,0,7,15,0,22,0,0,108,0,108,0,7,123,0,130,266,0,266,396
01/31/2020,BVY,MA,ANE,EN,Federal Contract Tower,0,4,5,0,9,0,0,122,0,122,0,4,127,0,131,166,0,166,297
02/01/2020,BVY,MA,ANE,EN,Federal Contract Tower,0,0,2,0,2,0,0,0,0,0,0,0,2,0,2,0,0,0,2
02/02/2020,BVY,MA,ANE,EN,Federal Contract Tower,0,3,23,0,26,0,0,126,0,126,0,3,149,0,152,224,0,224,376
02/03/2020,BVY,MA,ANE,EN,Federal Contract Tower,0,4,8,0,12,0,0,96,2,98,0,4,104,2,110,132,0,132,242
02/04/2020,BVY,MA,ANE,EN,Federal Contract Tower,0,7,3,1,11,0,0,80,9,89,0,7,83,10,100,196,0,196,296
02/05/2020,BVY,MA,ANE,EN,Federal Contract Tower,0,6,20,1,27,0,0,95,10,105,0,6,115,11,132,112,12,124,256
02/06/2020,BVY,MA,ANE,EN,Federal Contract Tower,0,7,0,0,7,0,0,0,0,0,0,7,0,0,7,0,0,0,7
02/07/2020,BVY,MA,ANE,EN,Federal Contract Tower,0,3,1,0,4,0,0,0,0,0,0,3,1,0,4,0,0,0,4
02/08/2020,BVY,MA,ANE,EN,Federal Contract Tower,0,11,8,0,19,0,2,33,0,35,0,13,41,0,54,18,0,18,72
02/09/2020,BVY,MA,ANE,EN,Federal Contract Tower,0,6,9,0,15,0,0,96,0,96,0,6,105,0,111,214,0,214,325
02/10/2020,BVY,MA,ANE,EN,Federal Contract Tower,0,1,2,0,3,0,0,26,0,26,0,1,28,0,29,34,0,34,63
02/11/2020,BVY,MA,ANE,EN,Federal Contract Tower,0,4,1,0,5,0,0,0,0,0,0,4,1,0,5,0,0,0,5
02/12/2020,BVY,MA,ANE,EN,Federal Contract Tower,0,4,24,0,28,0,2,95,0,97,0,6,119,0,125,142,0,142,267
02/13/2020,BVY,MA,ANE,EN,Federal Contract Tower,0,6,0,0,6,0,0,0,0,0,0,6,0,0,6,0,0,0,6
02/14/2020,BVY,MA,ANE,EN,Federal Contract Tower,0,2,6,0,8,0,0,95,0,95,0,2,101,0,103,88,0,88,191
02/15/2020,BVY,MA,ANE,EN,Federal Contract Tower,0,3,9,0,12,0,0,149,0,149,0,3,158,0,161,238,0,238,399
02/16/2020,BVY,MA,ANE,EN,Federal Contract Tower,0,3,13,2,18,0,0,128,4,132,0,3,141,6,150,246,0,246,396
02/17/2020,BVY,MA,ANE,EN,Federal Contract Tower,0,0,9,1,10,0,0,112,1,113,0,0,121,2,123,144,0,144,267
02/18/2020,BVY,MA,ANE,EN,Federal Contract Tower,0,4,1,0,5,0,1,22,0,23,0,5,23,0,28,30,0,30,58
02/19/2020,BVY,MA,ANE,EN,Federal Contract Tower,0,4,2,0,6,0,1,61,0,62,0,5,63,0,68,120,0,120,188
02/20/2020,BVY,MA,ANE,EN,Federal Contract Tower,0,0,6,6,12,0,0,89,0,89,0,0,95,6,101,178,0,178,279
02/21/2020,BVY,MA,ANE,EN,Federal Contract Tower,0,1,6,1,8,0,0,106,1,107,0,1,112,2,115,122,0,122,237
02/22/2020,BVY,MA,ANE,EN,Federal Contract Tower,0,1,11,0,12,0,0,107,0,107,0,1,118,0,119,82,0,82,201
02/23/2020,BVY,MA,ANE,EN,Federal Contract Tower,0,2,11,0,13,0,0,133,0,133,0,2,144,0,146,194,0,194,340
02/24/2020,BVY,MA,ANE,EN,Federal Contract Tower,0,2,9,0,11,0,0,110,0,110,0,2,119,0,121,130,0,130,251
02/25/2020,BVY,MA,ANE,EN,Federal Contract Tower,0,2,10,1,13,0,0,69,1,70,0,2,79,2,83,74,0,74,157
02/26/2020,BVY,MA,ANE,EN,Federal Contract Tower,0,5,8,0,13,0,0,31,0,31,0,5,39,0,44,60,0,60,104
02/27/2020,BVY,MA,ANE,EN,Federal Contract Tower,0,6,4,0,10,0,0,1,0,1,0,6,5,0,11,0,0,0,11
02/28/2020,BVY,MA,ANE,EN,Federal Contract Tower,0,13,4,0,17,0,0,42,0,42,0,13,46,0,59,50,0,50,109
02/29/2020,BVY,MA,ANE,EN,Federal Contract Tower,0,4,12,0,16,0,0,94,0,94,0,4,106,0,110,158,0,158,268
03/01/2020,BVY,MA,ANE,EN,Federal Contract Tower,0,4,9,0,13,0,0,112,0,112,0,4,121,0,125,142,0,142,267
03/02/2020,BVY,MA,ANE,EN,Federal Contract Tower,0,6,12,0,18,0,0,59,2,61,0,6,71,2,79,118,0,118,197
03/03/2020,BVY,MA,ANE,EN,Federal Contract Tower,0,1,8,0,9,0,0,66,0,66,0,1,74,0,75,62,0,62,137
03/04/2020,BVY,MA,ANE,EN,Federal Contract Tower,0,0,3,0,3,0,0,3,0,3,0,0,6,0,6,0,0,0,6
03/05/2020,BVY,MA,ANE,EN,Federal Contract Tower,0,3,14,0,17,0,0,70,0,70,0,3,84,0,87,108,0,108,195
03/06/2020,BVY,MA,ANE,EN,Federal Contract Tower,0,6,5,0,11,0,0,105,0,105,0,6,110,0,116,202,0,202,318
03/07/2020,BVY,MA,ANE,EN,Federal Contract Tower,0,1,3,0,4,0,0,11,0,11,0,1,14,0,15,6,0,6,21
03/08/2020,BVY,MA,ANE,EN,Federal Contract Tower,0,2,6,0,8,0,0,94,0,94,0,2,100,0,102,182,0,182,284
03/09/2020,BVY,MA,ANE,EN,Federal Contract Tower,0,1,19,0,20,0,0,100,0,100,0,1,119,0,120,100,0,100,220
03/10/2020,BVY,MA,ANE,EN,Federal Contract Tower,0,3,4,0,7,0,0,61,0,61,0,3,65,0,68,76,0,76,144
03/11/2020,BVY,MA,ANE,EN,Federal Contract Tower,0,2,8,0,10,0,1,87,4,92,0,3,95,4,102,96,0,96,198
03/12/2020,BVY,MA,ANE,EN,Federal Contract Tower,0,5,17,0,22,0,0,89,4,93,0,5,106,4,115,168,0,168,283
03/13/2020,BVY,MA,ANE,EN,Federal Contract Tower,0,4,1,0,5,0,0,2,0,2,0,4,3,0,7,0,0,0,7
03/14/2020,BVY,MA,ANE,EN,Federal Contract Tower,0,1,10,0,11,0,0,68,0,68,0,1,78,0,79,86,0,86,165
03/15/2020,BVY,MA,ANE,EN,Federal Contract Tower,0,3,13,0,16,0,0,140,0,140,0,3,153,0,156,246,0,246,402
03/16/2020,BVY,MA,ANE,EN,Federal Contract Tower,0,6,11,0,17,0,0,85,0,85,0,6,96,0,102,160,0,160,262
03/17/2020,BVY,MA,ANE,EN,Federal Contract Tower,0,4,3,0,7,0,0,4,0,4,0,4,7,0,11,6,0,6,17
03/18/2020,BVY,MA,ANE,EN,Federal Contract Tower,0,7,8,0,15,0,0,91,0,91,0,7,99,0,106,214,0,214,320
03/19/2020,BVY,MA,ANE,EN,Federal Contract Tower,0,0,0,0,0,0,0,0,0,0,0,0,0,0,0,0,0,0,0
03/20/2020,BVY,MA,ANE,EN,Federal Contract Tower,0,2,7,0,9,0,0,19,0,19,0,2,26,0,28,30,0,30,58
03/21/2020,BVY,MA,ANE,EN,Federal Contract Tower,0,5,11,0,16,0,0,40,0,40,0,5,51,0,56,78,0,78,134
03/22/2020,BVY,MA,ANE,EN,Federal Contract Tower,0,1,9,0,10,0,0,97,0,97,0,1,106,0,107,184,0,184,291
03/23/2020,BVY,MA,ANE,EN,Federal Contract Tower,0,2,0,0,2,0,0,23,0,23,0,2,23,0,25,54,0,54,79
03/24/2020,BVY,MA,ANE,EN,Federal Contract Tower,0,1,1,0,2,0,0,20,0,20,0,1,21,0,22,6,0,6,28
03/25/2020,BVY,MA,ANE,EN,Federal Contract Tower,0,0,3,0,3,0,0,23,0,23,0,0,26,0,26,32,0,32,58
03/26/2020,BVY,MA,ANE,EN,Federal Contract Tower,0,2,1,0,3,0,0,57,0,57,0,2,58,0,60,36,0,36,96
03/27/2020,BVY,MA,ANE,EN,Federal Contract Tower,0,0,0,0,0,0,0,41,0,41,0,0,41,0,41,14,0,14,55
03/28/2020,BVY,MA,ANE,EN,Federal Contract Tower,0,0,5,0,5,0,0,61,0,61,0,0,66,0,66,74,0,74,140
03/29/2020,BVY,MA,ANE,EN,Federal Contract Tower,0,0,7,0,7,0,0,0,0,0,0,0,7,0,7,0,0,0,7
03/30/2020,BVY,MA,ANE,EN,Federal Contract Tower,0,0,1,0,1,0,0,0,0,0,0,0,1,0,1,0,0,0,1
03/31/2020,BVY,MA,ANE,EN,Federal Contract Tower,0,0,2,0,2,0,0,9,0,9,0,0,11,0,11,8,0,8,19
04/01/2020,BVY,MA,ANE,EN,Federal Contract Tower,0,2,4,0,6,0,0,31,0,31,0,2,35,0,37,14,0,14,51
04/02/2020,BVY,MA,ANE,EN,Federal Contract Tower,0,2,2,0,4,0,0,16,0,16,0,2,18,0,20,6,0,6,26
04/03/2020,BVY,MA,ANE,EN,Federal Contract Tower,0,0,0,0,0,0,0,0,0,0,0,0,0,0,0,0,0,0,0
04/04/2020,BVY,MA,ANE,EN,Federal Contract Tower,0,1,2,0,3,0,0,15,0,15,0,1,17,0,18,14,0,14,32
04/05/2020,BVY,MA,ANE,EN,Federal Contract Tower,0,4,6,0,10,0,0,32,0,32,0,4,38,0,42,14,0,14,56
04/06/2020,BVY,MA,ANE,EN,Federal Contract Tower,0,1,2,0,3,0,0,55,0,55,0,1,57,0,58,38,0,38,96
04/07/2020,BVY,MA,ANE,EN,Federal Contract Tower,0,3,3,0,6,0,0,51,0,51,0,3,54,0,57,32,0,32,89
04/08/2020,BVY,MA,ANE,EN,Federal Contract Tower,0,3,5,0,8,0,0,17,0,17,0,3,22,0,25,12,0,12,37
04/09/2020,BVY,MA,ANE,EN,Federal Contract Tower,0,0,2,0,2,0,0,4,0,4,0,0,6,0,6,6,0,6,12
04/10/2020,BVY,MA,ANE,EN,Federal Contract Tower,0,0,1,0,1,0,0,20,0,20,0,0,21,0,21,0,0,0,21
04/11/2020,BVY,MA,ANE,EN,Federal Contract Tower,0,2,0,0,2,0,0,44,0,44,0,2,44,0,46,58,0,58,104
04/12/2020,BVY,MA,ANE,EN,Federal Contract Tower,0,0,0,1,1,0,0,56,0,56,0,0,56,1,57,60,0,60,117
04/13/2020,BVY,MA,ANE,EN,Federal Contract Tower,0,2,0,0,2,0,0,2,0,2,0,2,2,0,4,0,0,0,4
04/14/2020,BVY,MA,ANE,EN,Federal Contract Tower,0,0,2,0,2,0,0,46,0,46,0,0,48,0,48,22,0,22,70
04/15/2020,BVY,MA,ANE,EN,Federal Contract Tower,0,2,2,0,4,0,0,53,0,53,0,2,55,0,57,22,10,32,89
04/16/2020,BVY,MA,ANE,EN,Federal Contract Tower,0,0,1,0,1,0,0,30,0,30,0,0,31,0,31,28,0,28,59
04/17/2020,BVY,MA,ANE,EN,Federal Contract Tower,0,1,1,0,2,0,0,47,0,47,0,1,48,0,49,12,0,12,61
04/18/2020,BVY,MA,ANE,EN,Federal Contract Tower,0,0,4,0,4,0,0,0,0,0,0,0,4,0,4,0,0,0,4
04/19/2020,BVY,MA,ANE,EN,Federal Contract Tower,0,2,5,0,7,0,0,46,0,46,0,2,51,0,53,42,0,42,95
04/20/2020,BVY,MA,ANE,EN,Federal Contract Tower,0,2,0,0,2,0,0,52,0,52,0,2,52,0,54,84,0,84,138
04/21/2020,BVY,MA,ANE,EN,Federal Contract Tower,0,1,1,0,2,0,0,33,0,33,0,1,34,0,35,6,0,6,41
04/22/2020,BVY,MA,ANE,EN,Federal Contract Tower,0,1,0,0,1,0,0,7,0,7,0,1,7,0,8,4,0,4,12
04/23/2020,BVY,MA,ANE,EN,Federal Contract Tower,0,0,0,0,0,0,0,73,0,73,0,0,73,0,73,38,0,38,111
04/24/2020,BVY,MA,ANE,EN,Federal Contract Tower,0,0,3,0,3,0,0,9,0,9,0,0,12,0,12,0,0,0,12
04/25/2020,BVY,MA,ANE,EN,Federal Contract Tower,0,7,8,0,15,0,1,80,0,81,0,8,88,0,96,56,0,56,152
04/26/2020,BVY,MA,ANE,EN,Federal Contract Tower,0,3,0,0,3,0,0,7,0,7,0,3,7,0,10,6,0,6,16
04/27/2020,BVY,MA,ANE,EN,Federal Contract Tower,0,2,0,0,2,0,0,0,0,0,0,2,0,0,2,0,0,0,2
04/28/2020,BVY,MA,ANE,EN,Federal Contract Tower,0,2,2,0,4,0,0,30,0,30,0,2,32,0,34,40,0,40,74
04/29/2020,BVY,MA,ANE,EN,Federal Contract Tower,0,0,9,0,9,0,0,76,0,76,0,0,85,0,85,80,0,80,165
04/30/2020,BVY,MA,ANE,EN,Federal Contract Tower,0,0,2,0,2,0,0,16,0,16,0,0,18,0,18,0,0,0,18
05/01/2020,BVY,MA,ANE,EN,Federal Contract Tower,0,0,5,0,5,0,0,0,0,0,0,0,5,0,5,0,0,0,5
05/02/2020,BVY,MA,ANE,EN,Federal Contract Tower,0,0,3,0,3,0,0,41,0,41,0,0,44,0,44,26,0,26,70
05/03/2020,BVY,MA,ANE,EN,Federal Contract Tower,0,0,2,0,2,0,0,42,0,42,0,0,44,0,44,70,0,70,114
05/04/2020,BVY,MA,ANE,EN,Federal Contract Tower,0,1,5,0,6,0,0,50,0,50,0,1,55,0,56,56,0,56,112
05/05/2020,BVY,MA,ANE,EN,Federal Contract Tower,0,1,1,0,2,0,0,36,0,36,0,1,37,0,38,32,0,32,70
05/06/2020,BVY,MA,ANE,EN,Federal Contract Tower,0,0,3,0,3,0,0,95,0,95,0,0,98,0,98,100,0,100,198
05/07/2020,BVY,MA,ANE,EN,Federal Contract Tower,0,2,1,0,3,0,0,76,0,76,0,2,77,0,79,122,0,122,201
05/08/2020,BVY,MA,ANE,EN,Federal Contract Tower,0,3,2,0,5,0,0,31,0,31,0,3,33,0,36,16,0,16,52
05/09/2020,BVY,MA,ANE,EN,Federal Contract Tower,0,2,1,0,3,0,0,0,0,0,0,2,1,0,3,0,0,0,3
05/10/2020,BVY,MA,ANE,EN,Federal Contract Tower,0,3,1,0,4,0,0,23,0,23,0,3,24,0,27,32,0,32,59
05/11/2020,BVY,MA,ANE,EN,Federal Contract Tower,0,5,0,0,5,0,0,38,0,38,0,5,38,0,43,50,0,50,93
05/12/2020,BVY,MA,ANE,EN,Federal Contract Tower,0,1,7,0,8,0,0,49,0,49,0,1,56,0,57,96,0,96,153
05/13/2020,BVY,MA,ANE,EN,Federal Contract Tower,0,2,4,0,6,0,0,67,0,67,0,2,71,0,73,36,0,36,109
05/14/2020,BVY,MA,ANE,EN,Federal Contract Tower,0,5,10,0,15,0,0,80,0,80,0,5,90,0,95,72,0,72,167
05/15/2020,BVY,MA,ANE,EN,Federal Contract Tower,0,7,0,0,7,0,0,54,0,54,0,7,54,0,61,30,0,30,91
05/16/2020,BVY,MA,ANE,EN,Federal Contract Tower,0,1,7,0,8,0,0,70,0,70,0,1,77,0,78,56,0,56,134
05/17/2020,BVY,MA,ANE,EN,Federal Contract Tower,0,6,6,0,12,0,0,80,0,80,0,6,86,0,92,190,0,190,282
05/18/2020,BVY,MA,ANE,EN,Federal Contract Tower,0,2,6,0,8,0,0,60,0,60,0,2,66,0,68,216,0,216,284
05/19/2020,BVY,MA,ANE,EN,Federal Contract Tower,0,5,4,0,9,0,0,48,1,49,0,5,52,1,58,114,0,114,172
05/20/2020,BVY,MA,ANE,EN,Federal Contract Tower,0,4,8,0,12,0,0,62,0,62,0,4,70,0,74,80,0,80,154
05/21/2020,BVY,MA,ANE,EN,Federal Contract Tower,0,0,11,0,11,0,0,81,0,81,0,0,92,0,92,62,0,62,154
05/22/2020,BVY,MA,ANE,EN,Federal Contract Tower,0,3,7,0,10,0,0,60,0,60,0,3,67,0,70,40,0,40,110
05/23/2020,BVY,MA,ANE,EN,Federal Contract Tower,0,1,0,0,1,0,0,15,0,15,0,1,15,0,16,20,0,20,36
05/24/2020,BVY,MA,ANE,EN,Federal Contract Tower,0,3,4,0,7,0,0,54,0,54,0,3,58,0,61,54,0,54,115
05/25/2020,BVY,MA,ANE,EN,Federal Contract Tower,0,1,8,0,9,0,0,0,0,0,0,1,8,0,9,0,0,0,9
05/26/2020,BVY,MA,ANE,EN,Federal Contract Tower,0,2,4,0,6,0,0,56,0,56,0,2,60,0,62,42,0,42,104
05/27/2020,BVY,MA,ANE,EN,Federal Contract Tower,0,4,11,0,15,0,1,60,0,61,0,5,71,0,76,92,0,92,168
05/28/2020,BVY,MA,ANE,EN,Federal Contract Tower,0,6,6,0,12,0,0,38,0,38,0,6,44,0,50,58,0,58,108
05/29/2020,BVY,MA,ANE,EN,Federal Contract Tower,0,6,4,0,10,0,0,34,0,34,0,6,38,0,44,16,0,16,60
05/30/2020,BVY,MA,ANE,EN,Federal Contract Tower,0,4,6,0,10,0,1,42,0,43,0,5,48,0,53,46,0,46,99
05/31/2020,BVY,MA,ANE,EN,Federal Contract Tower,0,5,6,0,11,0,0,64,0,64,0,5,70,0,75,46,0,46,121
06/01/2020,BVY,MA,ANE,EN,Federal Contract Tower,0,4,8,2,14,0,0,65,0,65,0,4,73,2,79,44,0,44,123
06/02/2020,BVY,MA,ANE,EN,Federal Contract Tower,0,2,7,0,9,0,0,49,0,49,0,2,56,0,58,32,0,32,90
06/03/2020,BVY,MA,ANE,EN,Federal Contract Tower,0,2,1,0,3,0,0,46,0,46,0,2,47,0,49,66,0,66,115
06/04/2020,BVY,MA,ANE,EN,Federal Contract Tower,0,3,8,0,11,0,1,57,0,58,0,4,65,0,69,58,0,58,127
06/05/2020,BVY,MA,ANE,EN,Federal Contract Tower,0,5,0,0,5,0,0,34,0,34,0,5,34,0,39,36,0,36,75
06/06/2020,BVY,MA,ANE,EN,Federal Contract Tower,0,2,12,0,14,0,0,25,0,25,0,2,37,0,39,34,0,34,73
06/07/2020,BVY,MA,ANE,EN,Federal Contract Tower,0,3,4,0,7,0,0,54,0,54,0,3,58,0,61,100,0,100,161
06/08/2020,BVY,MA,ANE,EN,Federal Contract Tower,0,2,5,0,7,0,0,112,0,112,0,2,117,0,119,110,0,110,229
06/09/2020,BVY,MA,ANE,EN,Federal Contract Tower,0,4,10,0,14,0,0,100,0,100,0,4,110,0,114,104,0,104,218
06/10/2020,BVY,MA,ANE,EN,Federal Contract Tower,0,9,8,0,17,0,0,100,0,100,0,9,108,0,117,204,0,204,321
06/11/2020,BVY,MA,ANE,EN,Federal Contract Tower,0,4,5,0,9,0,0,4,0,4,0,4,9,0,13,14,0,14,27
06/12/2020,BVY,MA,ANE,EN,Federal Contract Tower,0,9,21,0,30,0,0,108,0,108,0,9,129,0,138,136,0,136,274
06/13/2020,BVY,MA,ANE,EN,Federal Contract Tower,0,4,10,0,14,0,0,117,0,117,0,4,127,0,131,128,0,128,259
06/14/2020,BVY,MA,ANE,EN,Federal Contract Tower,0,5,18,0,23,0,1,124,0,125,0,6,142,0,148,154,0,154,302
06/15/2020,BVY,MA,ANE,EN,Federal Contract Tower,0,0,8,0,8,0,0,117,0,117,0,0,125,0,125,194,0,194,319
06/16/2020,BVY,MA,ANE,EN,Federal Contract Tower,0,5,10,0,15,0,0,107,0,107,0,5,117,0,122,186,0,186,308
06/17/2020,BVY,MA,ANE,EN,Federal Contract Tower,0,3,13,0,16,0,0,116,0,116,0,3,129,0,132,144,0,144,276
06/18/2020,BVY,MA,ANE,EN,Federal Contract Tower,0,7,13,0,20,0,0,113,0,113,0,7,126,0,133,170,0,170,303
06/19/2020,BVY,MA,ANE,EN,Federal Contract Tower,0,6,11,0,17,0,1,111,0,112,0,7,122,0,129,132,0,132,261
06/20/2020,BVY,MA,ANE,EN,Federal Contract Tower,0,5,19,0,24,0,0,103,0,103,0,5,122,0,127,246,0,246,373
06/21/2020,BVY,MA,ANE,EN,Federal Contract Tower,0,5,11,0,16,0,0,92,0,92,0,5,103,0,108,116,0,116,224
06/22/2020,BVY,MA,ANE,EN,Federal Contract Tower,0,2,18,0,20,0,0,61,0,61,0,2,79,0,81,126,0,126,207
06/23/2020,BVY,MA,ANE,EN,Federal Contract Tower,0,3,24,0,27,0,2,95,0,97,0,5,119,0,124,178,0,178,302
06/24/2020,BVY,MA,ANE,EN,Federal Contract Tower,0,3,5,0,8,0,0,20,0,20,0,3,25,0,28,58,0,58,86
06/25/2020,BVY,MA,ANE,EN,Federal Contract Tower,0,5,7,0,12,0,0,146,0,146,0,5,153,0,158,200,0,200,358
06/26/2020,BVY,MA,ANE,EN,Federal Contract Tower,0,1,17,0,18,0,0,111,0,111,0,1,128,0,129,182,0,182,311
06/27/2020,BVY,MA,ANE,EN,Federal Contract Tower,0,5,13,0,18,0,0,93,0,93,0,5,106,0,111,206,0,206,317
06/28/2020,BVY,MA,ANE,EN,Federal Contract Tower,0,10,8,0,18,0,1,63,0,64,0,11,71,0,82,94,0,94,176
06/29/2020,BVY,MA,ANE,EN,Federal Contract Tower,0,5,3,0,8,0,0,0,0,0,0,5,3,0,8,0,0,0,8
06/30/2020,BVY,MA,ANE,EN,Federal Contract Tower,0,5,10,0,15,0,0,1,0,1,0,5,11,0,16,0,0,0,16
07/01/2020,BVY,MA,ANE,EN,Federal Contract Tower,0,7,13,0,20,0,0,9,0,9,0,7,22,0,29,16,0,16,45
07/02/2020,BVY,MA,ANE,EN,Federal Contract Tower,0,6,13,0,19,0,0,121,0,121,0,6,134,0,140,166,0,166,306
07/03/2020,BVY,MA,ANE,EN,Federal Contract Tower,0,8,6,0,14,0,0,2,0,2,0,8,8,0,16,0,0,0,16
07/04/2020,BVY,MA,ANE,EN,Federal Contract Tower,0,3,7,0,10,0,0,24,0,24,0,3,31,0,34,50,0,50,84
07/05/2020,BVY,MA,ANE,EN,Federal Contract Tower,0,6,12,0,18,0,0,60,0,60,0,6,72,0,78,112,0,112,190
07/06/2020,BVY,MA,ANE,EN,Federal Contract Tower,0,0,13,0,13,0,0,63,0,63,0,0,76,0,76,104,0,104,180
07/07/2020,BVY,MA,ANE,EN,Federal Contract Tower,0,7,16,0,23,0,0,110,0,110,0,7,126,0,133,140,0,140,273
07/08/2020,BVY,MA,ANE,EN,Federal Contract Tower,0,0,11,0,11,0,0,41,0,41,0,0,52,0,52,56,0,56,108
07/09/2020,BVY,MA,ANE,EN,Federal Contract Tower,0,4,30,0,34,0,0,117,0,117,0,4,147,0,151,216,0,216,367
07/10/2020,BVY,MA,ANE,EN,Federal Contract Tower,0,9,13,0,22,0,0,58,0,58,0,9,71,0,80,96,0,96,176
07/11/2020,BVY,MA,ANE,EN,Federal Contract Tower,0,1,4,0,5,0,0,62,0,62,0,1,66,0,67,126,0,126,193
07/12/2020,BVY,MA,ANE,EN,Federal Contract Tower,0,5,11,0,16,0,0,125,0,125,0,5,136,0,141,174,0,174,315
07/13/2020,BVY,MA,ANE,EN,Federal Contract Tower,0,3,9,0,12,0,1,60,0,61,0,4,69,0,73,114,0,114,187
07/14/2020,BVY,MA,ANE,EN,Federal Contract Tower,0,6,7,0,13,0,1,47,0,48,0,7,54,0,61,60,0,60,121
07/15/2020,BVY,MA,ANE,EN,Federal Contract Tower,0,7,18,0,25,0,0,102,0,102,0,7,120,0,127,160,0,160,287
07/16/2020,BVY,MA,ANE,EN,Federal Contract Tower,0,6,14,0,20,0,2,133,0,135,0,8,147,0,155,164,0,164,319
07/17/2020,BVY,MA,ANE,EN,Federal Contract Tower,0,11,21,0,32,0,0,78,0,78,0,11,99,0,110,184,0,184,294
07/18/2020,BVY,MA,ANE,EN,Federal Contract Tower,0,4,10,0,14,0,0,118,0,118,0,4,128,0,132,108,0,108,240
07/19/2020,BVY,MA,ANE,EN,Federal Contract Tower,0,7,9,0,16,0,0,114,0,114,0,7,123,0,130,152,0,152,282
07/20/2020,BVY,MA,ANE,EN,Federal Contract Tower,0,2,6,0,8,0,0,71,0,71,0,2,77,0,79,102,0,102,181
07/21/2020,BVY,MA,ANE,EN,Federal Contract Tower,0,0,6,0,6,0,0,125,0,125,0,0,131,0,131,148,0,148,279
07/22/2020,BVY,MA,ANE,EN,Federal Contract Tower,0,5,21,0,26,0,1,105,0,106,0,6,126,0,132,134,0,134,266
07/23/2020,BVY,MA,ANE,EN,Federal Contract Tower,0,0,7,0,7,0,0,55,0,55,0,0,62,0,62,120,0,120,182
07/24/2020,BVY,MA,ANE,EN,Federal Contract Tower,0,2,20,0,22,0,0,147,0,147,0,2,167,0,169,186,0,186,355
07/25/2020,BVY,MA,ANE,EN,Federal Contract Tower,0,2,15,0,17,0,0,116,0,116,0,2,131,0,133,140,0,140,273
07/26/2020,BVY,MA,ANE,EN,Federal Contract Tower,0,8,11,0,19,0,0,119,0,119,0,8,130,0,138,196,0,196,334
07/27/2020,BVY,MA,ANE,EN,Federal Contract Tower,0,6,11,0,17,0,0,82,0,82,0,6,93,0,99,78,0,78,177
07/28/2020,BVY,MA,ANE,EN,Federal Contract Tower,0,9,6,0,15,0,0,99,0,99,0,9,105,0,114,78,0,78,192
07/29/2020,BVY,MA,ANE,EN,Federal Contract Tower,0,8,15,0,23,0,0,152,0,152,0,8,167,0,175,228,0,228,403
07/30/2020,BVY,MA,ANE,EN,Federal Contract Tower,0,7,13,0,20,0,0,87,0,87,0,7,100,0,107,160,0,160,267
07/31/2020,BVY,MA,ANE,EN,Federal Contract Tower,0,6,12,0,18,0,3,116,0,119,0,9,128,0,137,158,0,158,295
08/01/2020,BVY,MA,ANE,EN,Federal Contract Tower,0,6,15,0,21,0,0,142,0,142,0,6,157,0,163,240,0,240,403
08/02/2020,BVY,MA,ANE,EN,Federal Contract Tower,0,10,8,0,18,0,0,97,0,97,0,10,105,0,115,142,0,142,257
08/03/2020,BVY,MA,ANE,EN,Federal Contract Tower,0,8,6,0,14,0,0,52,0,52,0,8,58,0,66,26,0,26,92
08/04/2020,BVY,MA,ANE,EN,Federal Contract Tower,0,1,7,0,8,0,0,36,0,36,0,1,43,0,44,24,0,24,68
08/05/2020,BVY,MA,ANE,EN,Federal Contract Tower,0,4,12,0,16,0,0,109,0,109,0,4,121,0,125,182,0,182,307
08/06/2020,BVY,MA,ANE,EN,Federal Contract Tower,0,7,13,0,20,0,0,129,0,129,0,7,142,0,149,140,0,140,289
08/07/2020,BVY,MA,ANE,EN,Federal Contract Tower,0,11,9,0,20,0,0,122,0,122,0,11,131,0,142,192,0,192,334
08/08/2020,BVY,MA,ANE,EN,Federal Contract Tower,0,5,8,0,13,0,0,138,0,138,0,5,146,0,151,242,0,242,393
08/09/2020,BVY,MA,ANE,EN,Federal Contract Tower,0,3,3,0,6,0,0,138,2,140,0,3,141,2,146,170,4,174,320
08/10/2020,BVY,MA,ANE,EN,Federal Contract Tower,0,7,10,0,17,0,0,129,0,129,0,7,139,0,146,150,0,150,296
08/11/2020,BVY,MA,ANE,EN,Federal Contract Tower,0,0,9,0,9,0,0,92,0,92,0,0,101,0,101,128,0,128,229
08/12/2020,BVY,MA,ANE,EN,Federal Contract Tower,0,5,8,0,13,0,0,86,0,86,0,5,94,0,99,88,0,88,187
08/13/2020,BVY,MA,ANE,EN,Federal Contract Tower,0,1,5,0,6,0,0,78,0,78,0,1,83,0,84,126,0,126,210
08/14/2020,BVY,MA,ANE,EN,Federal Contract Tower,0,1,12,0,13,0,0,142,0,142,0,1,154,0,155,150,0,150,305
08/15/2020,BVY,MA,ANE,EN,Federal Contract Tower,0,4,18,0,22,0,0,3,0,3,0,4,21,0,25,12,0,12,37
08/16/2020,BVY,MA,ANE,EN,Federal Contract Tower,0,5,16,0,21,0,0,24,0,24,0,5,40,0,45,110,0,110,155
08/17/2020,BVY,MA,ANE,EN,Federal Contract Tower,0,8,8,0,16,0,2,64,2,68,0,10,72,2,84,148,0,148,232
08/18/2020,BVY,MA,ANE,EN,Federal Contract Tower,0,9,9,0,18,0,0,74,0,74,0,9,83,0,92,104,0,104,196
08/19/2020,BVY,MA,ANE,EN,Federal Contract Tower,0,5,14,0,19,0,0,93,0,93,0,5,107,0,112,172,0,172,284
08/20/2020,BVY,MA,ANE,EN,Federal Contract Tower,0,9,16,0,25,0,3,122,0,125,0,12,138,0,150,136,0,136,286
08/21/2020,BVY,MA,ANE,EN,Federal Contract Tower,0,3,17,0,20,0,0,124,0,124,0,3,141,0,144,142,0,142,286
08/22/2020,BVY,MA,ANE,EN,Federal Contract Tower,0,7,8,0,15,0,0,105,0,105,0,7,113,0,120,124,0,124,244
08/23/2020,BVY,MA,ANE,EN,Federal Contract Tower,0,8,18,0,26,0,0,104,0,104,0,8,122,0,130,134,0,134,264
08/24/2020,BVY,MA,ANE,EN,Federal Contract Tower,0,7,4,0,11,0,0,95,0,95,0,7,99,0,106,140,0,140,246
08/25/2020,BVY,MA,ANE,EN,Federal Contract Tower,0,0,9,0,9,0,0,94,0,94,0,0,103,0,103,126,0,126,229
08/26/2020,BVY,MA,ANE,EN,Federal Contract Tower,0,4,8,0,12,0,0,145,0,145,0,4,153,0,157,258,0,258,415
08/27/2020,BVY,MA,ANE,EN,Federal Contract Tower,0,10,10,0,20,0,0,40,0,40,0,10,50,0,60,122,0,122,182
08/28/2020,BVY,MA,ANE,EN,Federal Contract Tower,0,13,12,0,25,0,0,129,0,129,0,13,141,0,154,198,0,198,352
08/29/2020,BVY,MA,ANE,EN,Federal Contract Tower,0,4,8,0,12,0,0,0,0,0,0,4,8,0,12,0,0,0,12
08/30/2020,BVY,MA,ANE,EN,Federal Contract Tower,0,13,10,0,23,0,0,89,0,89,0,13,99,0,112,66,0,66,178
08/31/2020,BVY,MA,ANE,EN,Federal Contract Tower,0,5,1,0,6,0,1,124,0,125,0,6,125,0,131,234,0,234,365
09/01/2020,BVY,MA,ANE,EN,Federal Contract Tower,0,7,12,0,19,0,0,107,0,107,0,7,119,0,126,200,2,202,328
09/02/2020,BVY,MA,ANE,EN,Federal Contract Tower,0,10,8,0,18,0,0,9,0,9,0,10,17,0,27,34,0,34,61
09/03/2020,BVY,MA,ANE,EN,Federal Contract Tower,0,6,30,0,36,0,0,36,0,36,0,6,66,0,72,94,0,94,166
09/04/2020,BVY,MA,ANE,EN,Federal Contract Tower,0,8,13,1,22,0,0,153,1,154,0,8,166,2,176,198,0,198,374
09/05/2020,BVY,MA,ANE,EN,Federal Contract Tower,0,3,7,0,10,0,0,142,0,142,0,3,149,0,152,258,0,258,410
09/06/2020,BVY,MA,ANE,EN,Federal Contract Tower,0,9,6,0,15,0,0,112,0,112,0,9,118,0,127,126,0,126,253
09/07/2020,BVY,MA,ANE,EN,Federal Contract Tower,0,4,15,0,19,0,2,104,0,106,0,6,119,0,125,50,0,50,175
09/08/2020,BVY,MA,ANE,EN,Federal Contract Tower,0,2,6,1,9,0,0,89,0,89,0,2,95,1,98,110,0,110,208
09/09/2020,BVY,MA,ANE,EN,Federal Contract Tower,0,1,20,0,21,0,0,88,0,88,0,1,108,0,109,128,0,128,237
09/10/2020,BVY,MA,ANE,EN,Federal Contract Tower,0,7,16,0,23,0,0,7,0,7,0,7,23,0,30,0,0,0,30
09/11/2020,BVY,MA,ANE,EN,Federal Contract Tower,0,3,20,0,23,0,2,115,0,117,0,5,135,0,140,238,0,238,378
09/12/2020,BVY,MA,ANE,EN,Federal Contract Tower,0,5,13,0,18,0,0,151,2,153,0,5,164,2,171,236,0,236,407
09/13/2020,BVY,MA,ANE,EN,Federal Contract Tower,0,9,14,0,23,0,0,143,0,143,0,9,157,0,166,280,0,280,446
09/14/2020,BVY,MA,ANE,EN,Federal Contract Tower,0,3,3,0,6,0,0,82,0,82,0,3,85,0,88,80,0,80,168
09/15/2020,BVY,MA,ANE,EN,Federal Contract Tower,0,6,7,0,13,0,0,109,0,109,0,6,116,0,122,206,0,206,328
09/16/2020,BVY,MA,ANE,EN,Federal Contract Tower,0,2,10,0,12,0,1,73,0,74,0,3,83,0,86,68,0,68,154
09/17/2020,BVY,MA,ANE,EN,Federal Contract Tower,0,7,6,0,13,0,0,148,0,148,0,7,154,0,161,306,0,306,467
09/18/2020,BVY,MA,ANE,EN,Federal Contract Tower,0,4,9,0,13,0,0,73,0,73,0,4,82,0,86,90,0,90,176
09/19/2020,BVY,MA,ANE,EN,Federal Contract Tower,0,4,11,0,15,0,0,130,0,130,0,4,141,0,145,200,0,200,345
09/20/2020,BVY,MA,ANE,EN,Federal Contract Tower,0,4,8,0,12,0,0,103,0,103,0,4,111,0,115,140,0,140,255
09/21/2020,BVY,MA,ANE,EN,Federal Contract Tower,0,6,8,0,14,0,1,90,0,91,0,7,98,0,105,180,0,180,285
09/22/2020,BVY,MA,ANE,EN,Federal Contract Tower,0,3,1,0,4,0,8,71,2,81,0,11,72,2,85,32,0,32,117
09/23/2020,BVY,MA,ANE,EN,Federal Contract Tower,0,5,10,0,15,0,0,75,0,75,0,5,85,0,90,82,0,82,172
09/24/2020,BVY,MA,ANE,EN,Federal Contract Tower,0,2,13,0,15,0,0,140,0,140,0,2,153,0,155,184,0,184,339
09/25/2020,BVY,MA,ANE,EN,Federal Contract Tower,0,3,19,0,22,0,0,140,0,140,0,3,159,0,162,162,0,162,324
09/26/2020,BVY,MA,ANE,EN,Federal Contract Tower,0,2,9,0,11,0,0,66,0,66,0,2,75,0,77,136,0,136,213
09/27/2020,BVY,MA,ANE,EN,Federal Contract Tower,0,5,20,0,25,0,6,42,0,48,0,11,62,0,73,34,0,34,107
09/28/2020,BVY,MA,ANE,EN,Federal Contract Tower,0,6,7,0,13,0,1,56,0,57,0,7,63,0,70,70,0,70,140
09/29/2020,BVY,MA,ANE,EN,Federal Contract Tower,0,1,23,0,24,0,0,99,0,99,0,1,122,0,123,150,0,150,273
09/30/2020,BVY,MA,ANE,EN,Federal Contract Tower,0,4,6,0,10,0,0,23,0,23,0,4,29,0,33,0,0,0,33
10/01/2020,BVY,MA,ANE,EN,Federal Contract Tower,0,6,11,0,17,0,0,139,0,139,0,6,150,0,156,116,0,116,272
10/02/2020,BVY,MA,ANE,EN,Federal Contract Tower,0,7,10,0,17,0,1,89,0,90,0,8,99,0,107,134,0,134,241
10/03/2020,BVY,MA,ANE,EN,Federal Contract Tower,0,8,11,0,19,0,0,131,0,131,0,8,142,0,150,186,0,186,336
10/04/2020,BVY,MA,ANE,EN,Federal Contract Tower,0,3,6,0,9,0,1,152,0,153,0,4,158,0,162,154,0,154,316
10/05/2020,BVY,MA,ANE,EN,Federal Contract Tower,0,0,11,0,11,0,0,53,0,53,0,0,64,0,64,78,0,78,142
10/06/2020,BVY,MA,ANE,EN,Federal Contract Tower,0,4,6,0,10,0,0,86,0,86,0,4,92,0,96,148,0,148,244
10/07/2020,BVY,MA,ANE,EN,Federal Contract Tower,1,2,3,0,6,0,1,15,0,16,1,3,18,0,22,34,0,34,56
10/08/2020,BVY,MA,ANE,EN,Federal Contract Tower,0,11,5,0,16,0,0,49,0,49,0,11,54,0,65,80,0,80,145
10/09/2020,BVY,MA,ANE,EN,Federal Contract Tower,0,9,13,0,22,0,1,151,0,152,0,10,164,0,174,138,0,138,312
10/10/2020,BVY,MA,ANE,EN,Federal Contract Tower,0,6,8,0,14,0,0,54,0,54,0,6,62,0,68,80,0,80,148
10/11/2020,BVY,MA,ANE,EN,Federal Contract Tower,0,6,11,0,17,0,1,126,0,127,0,7,137,0,144,196,0,196,340
10/12/2020,BVY,MA,ANE,EN,Federal Contract Tower,0,11,2,0,13,0,0,78,0,78,0,11,80,0,91,176,0,176,267
10/13/2020,BVY,MA,ANE,EN,Federal Contract Tower,0,1,7,0,8,0,0,0,0,0,0,1,7,0,8,0,0,0,8
10/14/2020,BVY,MA,ANE,EN,Federal Contract Tower,0,3,10,0,13,0,1,138,0,139,0,4,148,0,152,242,0,242,394
10/15/2020,BVY,MA,ANE,EN,Federal Contract Tower,0,10,12,0,22,0,0,103,0,103,0,10,115,0,125,102,0,102,227
10/16/2020,BVY,MA,ANE,EN,Federal Contract Tower,0,8,17,0,25,0,0,12,0,12,0,8,29,0,37,4,0,4,41
10/17/2020,BVY,MA,ANE,EN,Federal Contract Tower,0,0,14,0,14,0,0,24,0,24,0,0,38,0,38,36,0,36,74
10/18/2020,BVY,MA,ANE,EN,Federal Contract Tower,0,2,10,0,12,0,0,134,0,134,0,2,144,0,146,194,2,196,342
10/19/2020,BVY,MA,ANE,EN,Federal Contract Tower,0,3,16,0,19,0,0,97,0,97,0,3,113,0,116,182,0,182,298
10/20/2020,BVY,MA,ANE,EN,Federal Contract Tower,0,6,17,0,23,0,0,33,0,33,0,6,50,0,56,50,0,50,106
10/21/2020,BVY,MA,ANE,EN,Federal Contract Tower,0,6,2,0,8,0,0,20,0,20,0,6,22,0,28,16,0,16,44
10/22/2020,BVY,MA,ANE,EN,Federal Contract Tower,0,4,17,0,21,0,0,122,0,122,0,4,139,0,143,158,0,158,301
10/23/2020,BVY,MA,ANE,EN,Federal Contract Tower,0,11,18,0,29,0,0,104,0,104,0,11,122,0,133,256,0,256,389
10/24/2020,BVY,MA,ANE,EN,Federal Contract Tower,0,5,12,2,19,0,0,119,0,119,0,5,131,2,138,294,0,294,432
10/25/2020,BVY,MA,ANE,EN,Federal Contract Tower,0,6,15,0,21,0,0,101,0,101,0,6,116,0,122,128,0,128,250
10/26/2020,BVY,MA,ANE,EN,Federal Contract Tower,0,2,7,0,9,0,0,42,0,42,0,2,49,0,51,72,0,72,123
10/27/2020,BVY,MA,ANE,EN,Federal Contract Tower,0,4,11,0,15,0,0,114,0,114,0,4,125,0,129,150,0,150,279
10/28/2020,BVY,MA,ANE,EN,Federal Contract Tower,0,4,6,0,10,0,0,2,0,2,0,4,8,0,12,0,0,0,12
10/29/2020,BVY,MA,ANE,EN,Federal Contract Tower,0,7,5,0,12,0,1,30,0,31,0,8,35,0,43,84,0,84,127
10/30/2020,BVY,MA,ANE,EN,Federal Contract Tower,0,3,0,0,3,0,0,3,0,3,0,3,3,0,6,0,0,0,6
10/31/2020,BVY,MA,ANE,EN,Federal Contract Tower,0,6,12,0,18,0,0,143,0,143,0,6,155,0,161,150,0,150,311
11/01/2020,BVY,MA,ANE,EN,Federal Contract Tower,0,3,9,0,12,0,0,79,0,79,0,3,88,0,91,178,0,178,269
11/02/2020,BVY,MA,ANE,EN,Federal Contract Tower,0,3,4,0,7,0,0,13,0,13,0,3,17,0,20,18,0,18,38
11/03/2020,BVY,MA,ANE,EN,Federal Contract Tower,0,4,1,0,5,0,0,30,0,30,0,4,31,0,35,12,0,12,47
11/04/2020,BVY,MA,ANE,EN,Federal Contract Tower,0,6,9,0,15,0,0,121,0,121,0,6,130,0,136,190,0,190,326
11/05/2020,BVY,MA,ANE,EN,Federal Contract Tower,0,2,8,0,10,0,0,84,0,84,0,2,92,0,94,128,0,128,222
11/06/2020,BVY,MA,ANE,EN,Federal Contract Tower,0,5,14,0,19,0,0,157,0,157,0,5,171,0,176,182,0,182,358
11/07/2020,BVY,MA,ANE,EN,Federal Contract Tower,0,7,15,0,22,0,0,167,0,167,0,7,182,0,189,286,0,286,475
11/08/2020,BVY,MA,ANE,EN,Federal Contract Tower,0,2,13,0,15,0,2,177,0,179,0,4,190,0,194,228,0,228,422
11/09/2020,BVY,MA,ANE,EN,Federal Contract Tower,0,9,7,0,16,0,0,145,0,145,0,9,152,0,161,232,0,232,393
11/10/2020,BVY,MA,ANE,EN,Federal Contract Tower,0,5,9,0,14,0,0,138,0,138,0,5,147,0,152,164,0,164,316
11/11/2020,BVY,MA,ANE,EN,Federal Contract Tower,0,1,10,0,11,0,0,62,0,62,0,1,72,0,73,108,0,108,181
11/12/2020,BVY,MA,ANE,EN,Federal Contract Tower,0,0,8,0,8,0,0,109,0,109,0,0,117,0,117,192,0,192,309
11/13/2020,BVY,MA,ANE,EN,Federal Contract Tower,0,0,4,0,4,0,0,3,0,3,0,0,7,0,7,14,0,14,21
11/14/2020,BVY,MA,ANE,EN,Federal Contract Tower,0,2,5,0,7,0,1,157,0,158,0,3,162,0,165,222,0,222,387
11/15/2020,BVY,MA,ANE,EN,Federal Contract Tower,0,0,10,0,10,0,0,81,0,81,0,0,91,0,91,136,0,136,227
11/16/2020,BVY,MA,ANE,EN,Federal Contract Tower,0,1,10,0,11,0,0,85,0,85,0,1,95,0,96,102,0,102,198
11/17/2020,BVY,MA,ANE,EN,Federal Contract Tower,0,3,18,0,21,0,0,145,0,145,0,3,163,0,166,250,0,250,416
11/18/2020,BVY,MA,ANE,EN,Federal Contract Tower,0,6,8,0,14,0,0,64,9,73,0,6,72,9,87,98,0,98,185
11/19/2020,BVY,MA,ANE,EN,Federal Contract Tower,0,3,6,0,9,0,0,124,0,124,0,3,130,0,133,174,0,174,307
11/20/2020,BVY,MA,ANE,EN,Federal Contract Tower,0,3,12,0,15,0,0,116,2,118,0,3,128,2,133,120,0,120,253
11/21/2020,BVY,MA,ANE,EN,Federal Contract Tower,0,9,20,0,29,0,0,174,0,174,0,9,194,0,203,196,0,196,399
11/22/2020,BVY,MA,ANE,EN,Federal Contract Tower,0,2,6,0,8,0,0,103,0,103,0,2,109,0,111,206,0,206,317
11/23/2020,BVY,MA,ANE,EN,Federal Contract Tower,0,5,0,0,5,0,2,7,0,9,0,7,7,0,14,8,0,8,22
11/24/2020,BVY,MA,ANE,EN,Federal Contract Tower,0,2,8,0,10,0,0,112,0,112,0,2,120,0,122,204,0,204,326
11/25/2020,BVY,MA,ANE,EN,Federal Contract Tower,0,8,9,0,17,0,0,96,0,96,0,8,105,0,113,156,0,156,269
11/26/2020,BVY,MA,ANE,EN,Federal Contract Tower,0,1,3,0,4,0,0,0,0,0,0,1,3,0,4,0,0,0,4
11/27/2020,BVY,MA,ANE,EN,Federal Contract Tower,0,3,14,0,17,0,0,113,0,113,0,3,127,0,130,162,0,162,292
11/28/2020,BVY,MA,ANE,EN,Federal Contract Tower,0,2,12,0,14,0,0,121,0,121,0,2,133,0,135,146,0,146,281
11/29/2020,BVY,MA,ANE,EN,Federal Contract Tower,0,1,11,0,12,0,0,136,0,136,0,1,147,0,148,214,0,214,362
11/30/2020,BVY,MA,ANE,EN,Federal Contract Tower,0,0,2,0,2,0,0,21,0,21,0,0,23,0,23,38,0,38,61
12/01/2020,BVY,MA,ANE,EN,Federal Contract Tower,0,8,7,0,15,0,0,24,0,24,0,8,31,0,39,2,0,2,41
12/02/2020,BVY,MA,ANE,EN,Federal Contract Tower,0,2,11,0,13,0,0,127,0,127,0,2,138,0,140,244,0,244,384
12/03/2020,BVY,MA,ANE,EN,Federal Contract Tower,0,2,14,0,16,0,0,119,9,128,0,2,133,9,144,160,0,160,304
12/04/2020,BVY,MA,ANE,EN,Federal Contract Tower,0,0,13,0,13,0,0,101,0,101,0,0,114,0,114,96,0,96,210
12/05/2020,BVY,MA,ANE,EN,Federal Contract Tower,0,0,0,0,0,0,0,0,0,0,0,0,0,0,0,0,0,0,0
12/06/2020,BVY,MA,ANE,EN,Federal Contract Tower,0,2,9,0,11,0,0,1,0,1,0,2,10,0,12,0,0,0,12
12/07/2020,BVY,MA,ANE,EN,Federal Contract Tower,0,1,6,0,7,0,0,74,0,74,0,1,80,0,81,178,0,178,259
12/08/2020,BVY,MA,ANE,EN,Federal Contract Tower,0,2,6,0,8,0,0,103,0,103,0,2,109,0,111,140,0,140,251
12/09/2020,BVY,MA,ANE,EN,Federal Contract Tower,0,7,16,0,23,0,0,92,0,92,0,7,108,0,115,204,0,204,319
12/10/2020,BVY,MA,ANE,EN,Federal Contract Tower,0,3,4,0,7,0,0,72,1,73,0,3,76,1,80,68,0,68,148
12/11/2020,BVY,MA,ANE,EN,Federal Contract Tower,0,0,4,0,4,0,0,104,0,104,0,0,108,0,108,132,0,132,240
12/12/2020,BVY,MA,ANE,EN,Federal Contract Tower,0,1,10,0,11,0,0,16,0,16,0,1,26,0,27,70,0,70,97
12/13/2020,BVY,MA,ANE,EN,Federal Contract Tower,0,2,18,0,20,0,0,91,0,91,0,2,109,0,111,184,0,184,295
12/14/2020,BVY,MA,ANE,EN,Federal Contract Tower,0,4,1,0,5,0,0,16,0,16,0,4,17,0,21,38,0,38,59
12/15/2020,BVY,MA,ANE,EN,Federal Contract Tower,0,9,7,0,16,0,0,94,0,94,0,9,101,0,110,88,0,88,198
12/16/2020,BVY,MA,ANE,EN,Federal Contract Tower,0,2,8,0,10,0,0,101,0,101,0,2,109,0,111,142,0,142,253
12/17/2020,BVY,MA,ANE,EN,Federal Contract Tower,0,0,0,0,0,0,0,0,0,0,0,0,0,0,0,0,0,0,0
12/18/2020,BVY,MA,ANE,EN,Federal Contract Tower,0,3,2,0,5,0,0,13,0,13,0,3,15,0,18,4,0,4,22
12/19/2020,BVY,MA,ANE,EN,Federal Contract Tower,0,7,16,0,23,0,0,104,0,104,0,7,120,0,127,154,0,154,281
12/20/2020,BVY,MA,ANE,EN,Federal Contract Tower,0,9,4,0,13,0,1,51,0,52,0,10,55,0,65,50,0,50,115
12/21/2020,BVY,MA,ANE,EN,Federal Contract Tower,0,2,0,0,2,0,0,0,0,0,0,2,0,0,2,0,0,0,2
12/22/2020,BVY,MA,ANE,EN,Federal Contract Tower,0,2,7,0,9,0,0,115,1,116,0,2,122,1,125,84,0,84,209
12/23/2020,BVY,MA,ANE,EN,Federal Contract Tower,0,0,10,0,10,0,0,113,0,113,0,0,123,0,123,168,0,168,291
12/24/2020,BVY,MA,ANE,EN,Federal Contract Tower,0,2,8,0,10,0,0,50,0,50,0,2,58,0,60,44,0,44,104
12/25/2020,BVY,MA,ANE,EN,Federal Contract Tower,0,1,0,0,1,0,0,0,0,0,0,1,0,0,1,0,0,0,1
12/26/2020,BVY,MA,ANE,EN,Federal Contract Tower,0,6,7,0,13,0,0,64,0,64,0,6,71,0,77,116,0,116,193
12/27/2020,BVY,MA,ANE,EN,Federal Contract Tower,0,8,6,0,14,0,0,125,0,125,0,8,131,0,139,208,0,208,347
12/28/2020,BVY,MA,ANE,EN,Federal Contract Tower,0,5,7,0,12,0,0,67,0,67,0,5,74,0,79,116,0,116,195
12/29/2020,BVY,MA,ANE,EN,Federal Contract Tower,0,7,8,1,16,0,0,34,1,35,0,7,42,2,51,22,0,22,73
12/30/2020,BVY,MA,ANE,EN,Federal Contract Tower,0,5,8,0,13,0,0,110,0,110,0,5,118,0,123,220,0,220,343
12/31/2020,BVY,MA,ANE,EN,Federal Contract Tower,0,0,10,0,10,0,0,70,0,70,0,0,80,0,80,114,0,114,194
01/01/2021,BVY,MA,ANE,EN,Federal Contract Tower,0,4,11,0,15,0,0,80,0,80,0,4,91,0,95,94,0,94,189
01/02/2021,BVY,MA,ANE,EN,Federal Contract Tower,0,4,8,0,12,0,0,30,0,30,0,4,38,0,42,0,0,0,42
01/03/2021,BVY,MA,ANE,EN,Federal Contract Tower,0,4,2,0,6,0,0,65,0,65,0,4,67,0,71,186,0,186,257
01/04/2021,BVY,MA,ANE,EN,Federal Contract Tower,0,3,1,0,4,0,0,31,0,31,0,3,32,0,35,24,0,24,59
01/05/2021,BVY,MA,ANE,EN,Federal Contract Tower,0,4,5,0,9,0,0,8,0,8,0,4,13,0,17,0,0,0,17
01/06/2021,BVY,MA,ANE,EN,Federal Contract Tower,0,3,9,0,12,0,0,90,0,90,0,3,99,0,102,86,0,86,188
01/07/2021,BVY,MA,ANE,EN,Federal Contract Tower,0,3,9,0,12,0,0,128,0,128,0,3,137,0,140,174,0,174,314
01/08/2021,BVY,MA,ANE,EN,Federal Contract Tower,0,7,17,0,24,0,0,123,0,123,0,7,140,0,147,214,0,214,361
01/09/2021,BVY,MA,ANE,EN,Federal Contract Tower,0,4,11,0,15,0,0,117,0,117,0,4,128,0,132,216,0,216,348
01/10/2021,BVY,MA,ANE,EN,Federal Contract Tower,0,4,11,0,15,0,0,168,0,168,0,4,179,0,183,280,0,280,463
01/11/2021,BVY,MA,ANE,EN,Federal Contract Tower,0,3,8,0,11,0,0,63,0,63,0,3,71,0,74,86,0,86,160
01/12/2021,BVY,MA,ANE,EN,Federal Contract Tower,0,0,9,0,9,0,0,63,0,63,0,0,72,0,72,76,0,76,148
01/13/2021,BVY,MA,ANE,EN,Federal Contract Tower,0,1,8,0,9,0,0,92,0,92,0,1,100,0,101,206,0,206,307
01/14/2021,BVY,MA,ANE,EN,Federal Contract Tower,0,3,10,0,13,0,0,32,0,32,0,3,42,0,45,120,0,120,165
01/15/2021,BVY,MA,ANE,EN,Federal Contract Tower,0,1,11,0,12,0,0,76,0,76,0,1,87,0,88,150,0,150,238
01/16/2021,BVY,MA,ANE,EN,Federal Contract Tower,0,1,0,0,1,0,0,0,0,0,0,1,0,0,1,0,0,0,1
01/17/2021,BVY,MA,ANE,EN,Federal Contract Tower,0,2,0,0,2,0,0,4,0,4,0,2,4,0,6,2,0,2,8
01/18/2021,BVY,MA,ANE,EN,Federal Contract Tower,0,6,6,0,12,0,0,73,0,73,0,6,79,0,85,86,0,86,171
01/19/2021,BVY,MA,ANE,EN,Federal Contract Tower,0,3,6,0,9,0,0,102,0,102,0,3,108,0,111,164,0,164,275
01/20/2021,BVY,MA,ANE,EN,Federal Contract Tower,0,4,12,0,16,0,0,86,0,86,0,4,98,0,102,148,0,148,250
01/21/2021,BVY,MA,ANE,EN,Federal Contract Tower,0,3,11,0,14,0,0,79,0,79,0,3,90,0,93,106,0,106,199
01/22/2021,BVY,MA,ANE,EN,Federal Contract Tower,0,7,16,0,23,0,0,85,0,85,0,7,101,0,108,204,0,204,312
01/23/2021,BVY,MA,ANE,EN,Federal Contract Tower,0,2,4,0,6,0,0,62,0,62,0,2,66,0,68,98,0,98,166
01/24/2021,BVY,MA,ANE,EN,Federal Contract Tower,0,1,0,0,1,0,0,3,0,3,0,1,3,0,4,0,0,0,4
01/25/2021,BVY,MA,ANE,EN,Federal Contract Tower,0,5,0,0,5,0,0,80,0,80,0,5,80,0,85,132,0,132,217
01/26/2021,BVY,MA,ANE,EN,Federal Contract Tower,0,3,5,1,9,0,0,106,4,110,0,3,111,5,119,144,0,144,263
01/27/2021,BVY,MA,ANE,EN,Federal Contract Tower,0,1,2,0,3,0,0,4,0,4,0,1,6,0,7,22,0,22,29
01/28/2021,BVY,MA,ANE,EN,Federal Contract Tower,0,2,4,0,6,0,0,7,0,7,0,2,11,0,13,2,0,2,15
01/29/2021,BVY,MA,ANE,EN,Federal Contract Tower,0,1,6,0,7,0,0,19,0,19,0,1,25,0,26,0,0,0,26
01/30/2021,BVY,MA,ANE,EN,Federal Contract Tower,0,6,8,0,14,0,1,117,0,118,0,7,125,0,132,86,0,86,218
01/31/2021,BVY,MA,ANE,EN,Federal Contract Tower,0,4,11,0,15,0,0,121,0,121,0,4,132,0,136,114,0,114,250
02/01/2021,BVY,MA,ANE,EN,Federal Contract Tower,0,2,0,0,2,0,0,4,0,4,0,2,4,0,6,0,0,0,6
02/02/2021,BVY,MA,ANE,EN,Federal Contract Tower,0,0,0,0,0,0,0,0,0,0,0,0,0,0,0,0,0,0,0
02/03/2021,BVY,MA,ANE,EN,Federal Contract Tower,0,1,9,0,10,0,0,53,0,53,0,1,62,0,63,90,0,90,153
02/04/2021,BVY,MA,ANE,EN,Federal Contract Tower,0,9,9,0,18,0,0,104,0,104,0,9,113,0,122,106,0,106,228
02/05/2021,BVY,MA,ANE,EN,Federal Contract Tower,0,2,5,0,7,0,0,30,0,30,0,2,35,0,37,24,0,24,61
02/06/2021,BVY,MA,ANE,EN,Federal Contract Tower,0,9,8,0,17,0,0,64,0,64,0,9,72,0,81,86,0,86,167
02/07/2021,BVY,MA,ANE,EN,Federal Contract Tower,0,2,0,0,2,0,0,14,0,14,0,2,14,0,16,56,0,56,72
02/08/2021,BVY,MA,ANE,EN,Federal Contract Tower,0,1,1,0,2,0,0,65,0,65,0,1,66,0,67,52,0,52,119
02/09/2021,BVY,MA,ANE,EN,Federal Contract Tower,0,1,1,0,2,0,0,1,0,1,0,1,2,0,3,0,0,0,3
02/10/2021,BVY,MA,ANE,EN,Federal Contract Tower,0,0,10,0,10,0,0,125,0,125,0,0,135,0,135,150,0,150,285
02/11/2021,BVY,MA,ANE,EN,Federal Contract Tower,0,3,6,0,9,0,0,119,0,119,0,3,125,0,128,186,0,186,314
02/12/2021,BVY,MA,ANE,EN,Federal Contract Tower,0,5,14,0,19,0,0,83,0,83,0,5,97,0,102,132,0,132,234
02/13/2021,BVY,MA,ANE,EN,Federal Contract Tower,0,3,19,0,22,0,0,104,0,104,0,3,123,0,126,148,0,148,274
02/14/2021,BVY,MA,ANE,EN,Federal Contract Tower,0,2,0,0,2,0,0,20,0,20,0,2,20,0,22,82,0,82,104
02/15/2021,BVY,MA,ANE,EN,Federal Contract Tower,0,1,3,0,4,0,0,6,0,6,0,1,9,0,10,12,0,12,22
02/16/2021,BVY,MA,ANE,EN,Federal Contract Tower,0,3,3,0,6,0,0,0,0,0,0,3,3,0,6,0,0,0,6
02/17/2021,BVY,MA,ANE,EN,Federal Contract Tower,0,8,17,0,25,0,0,103,0,103,0,8,120,0,128,72,0,72,200
02/18/2021,BVY,MA,ANE,EN,Federal Contract Tower,0,2,2,0,4,0,0,51,0,51,0,2,53,0,55,68,0,68,123
02/19/2021,BVY,MA,ANE,EN,Federal Contract Tower,0,0,0,0,0,0,0,0,0,0,0,0,0,0,0,0,0,0,0
02/20/2021,BVY,MA,ANE,EN,Federal Contract Tower,0,3,8,0,11,0,0,75,0,75,0,3,83,0,86,82,0,82,168
02/21/2021,BVY,MA,ANE,EN,Federal Contract Tower,0,5,10,0,15,0,0,151,0,151,0,5,161,0,166,240,0,240,406
02/22/2021,BVY,MA,ANE,EN,Federal Contract Tower,0,2,3,0,5,0,0,43,0,43,0,2,46,0,48,68,0,68,116
02/23/2021,BVY,MA,ANE,EN,Federal Contract Tower,0,4,11,0,15,0,0,94,0,94,0,4,105,0,109,180,0,180,289
02/24/2021,BVY,MA,ANE,EN,Federal Contract Tower,0,2,13,0,15,0,0,143,4,147,0,2,156,4,162,238,4,242,404
02/25/2021,BVY,MA,ANE,EN,Federal Contract Tower,0,4,2,0,6,0,0,37,0,37,0,4,39,0,43,32,0,32,75
02/26/2021,BVY,MA,ANE,EN,Federal Contract Tower,0,7,13,0,20,0,0,130,0,130,0,7,143,0,150,136,0,136,286
02/27/2021,BVY,MA,ANE,EN,Federal Contract Tower,0,3,10,0,13,0,0,0,0,0,0,3,10,0,13,0,0,0,13
02/28/2021,BVY,MA,ANE,EN,Federal Contract Tower,0,8,11,0,19,0,0,130,0,130,0,8,141,0,149,186,0,186,335
03/01/2021,BVY,MA,ANE,EN,Federal Contract Tower,0,1,6,0,7,0,0,16,0,16,0,1,22,0,23,0,0,0,23
03/02/2021,BVY,MA,ANE,EN,Federal Contract Tower,0,2,1,0,3,0,0,0,0,0,0,2,1,0,3,0,0,0,3
03/03/2021,BVY,MA,ANE,EN,Federal Contract Tower,0,6,6,0,12,0,0,109,0,109,0,6,115,0,121,94,0,94,215
03/04/2021,BVY,MA,ANE,EN,Federal Contract Tower,0,5,3,0,8,0,0,63,0,63,0,5,66,0,71,62,0,62,133
03/05/2021,BVY,MA,ANE,EN,Federal Contract Tower,0,0,6,0,6,0,0,50,0,50,0,0,56,0,56,46,0,46,102
03/06/2021,BVY,MA,ANE,EN,Federal Contract Tower,0,4,8,0,12,0,0,126,0,126,0,4,134,0,138,162,0,162,300
03/07/2021,BVY,MA,ANE,EN,Federal Contract Tower,0,6,9,0,15,0,0,125,0,125,0,6,134,0,140,152,0,152,292
03/08/2021,BVY,MA,ANE,EN,Federal Contract Tower,0,2,16,0,18,0,0,97,0,97,0,2,113,0,115,140,0,140,255
03/09/2021,BVY,MA,ANE,EN,Federal Contract Tower,0,2,9,0,11,0,1,85,0,86,0,3,94,0,97,70,0,70,167
03/10/2021,BVY,MA,ANE,EN,Federal Contract Tower,0,5,14,0,19,0,0,125,0,125,0,5,139,0,144,194,0,194,338
03/11/2021,BVY,MA,ANE,EN,Federal Contract Tower,0,3,9,0,12,0,0,104,0,104,0,3,113,0,116,62,0,62,178
03/12/2021,BVY,MA,ANE,EN,Federal Contract Tower,0,11,9,0,20,0,0,78,0,78,0,11,87,0,98,52,0,52,150
03/13/2021,BVY,MA,ANE,EN,Federal Contract Tower,0,5,10,0,15,0,0,85,0,85,0,5,95,0,100,104,0,104,204
03/14/2021,BVY,MA,ANE,EN,Federal Contract Tower,0,5,3,0,8,0,0,61,0,61,0,5,64,0,69,54,0,54,123
03/15/2021,BVY,MA,ANE,EN,Federal Contract Tower,0,5,0,0,5,0,0,38,0,38,0,5,38,0,43,4,0,4,47
03/16/2021,BVY,MA,ANE,EN,Federal Contract Tower,0,0,12,0,12,0,0,101,0,101,0,0,113,0,113,170,0,170,283
03/17/2021,BVY,MA,ANE,EN,Federal Contract Tower,0,5,8,0,13,0,0,118,0,118,0,5,126,0,131,148,0,148,279
03/18/2021,BVY,MA,ANE,EN,Federal Contract Tower,0,8,10,0,18,0,0,25,0,25,0,8,35,0,43,72,0,72,115
03/19/2021,BVY,MA,ANE,EN,Federal Contract Tower,0,8,7,0,15,0,0,60,0,60,0,8,67,0,75,30,0,30,105
03/20/2021,BVY,MA,ANE,EN,Federal Contract Tower,0,3,18,0,21,0,1,132,0,133,0,4,150,0,154,144,0,144,298
03/21/2021,BVY,MA,ANE,EN,Federal Contract Tower,0,2,9,0,11,0,0,190,0,190,0,2,199,0,201,246,0,246,447
03/22/2021,BVY,MA,ANE,EN,Federal Contract Tower,0,6,13,0,19,0,0,119,0,119,0,6,132,0,138,188,0,188,326
03/23/2021,BVY,MA,ANE,EN,Federal Contract Tower,0,6,6,0,12,0,0,139,1,140,0,6,145,1,152,150,0,150,302
03/24/2021,BVY,MA,ANE,EN,Federal Contract Tower,0,11,20,0,31,0,0,103,0,103,0,11,123,0,134,204,0,204,338
03/25/2021,BVY,MA,ANE,EN,Federal Contract Tower,0,0,2,0,2,0,0,48,0,48,0,0,50,0,50,54,0,54,104
03/26/2021,BVY,MA,ANE,EN,Federal Contract Tower,0,1,4,0,5,0,0,19,0,19,0,1,23,0,24,4,0,4,28
03/27/2021,BVY,MA,ANE,EN,Federal Contract Tower,0,3,16,0,19,0,0,177,0,177,0,3,193,0,196,204,0,204,400
03/28/2021,BVY,MA,ANE,EN,Federal Contract Tower,0,5,4,0,9,0,0,0,0,0,0,5,4,0,9,0,0,0,9
03/29/2021,BVY,MA,ANE,EN,Federal Contract Tower,0,3,2,0,5,0,0,0,0,0,0,3,2,0,5,0,0,0,5
03/30/2021,BVY,MA,ANE,EN,Federal Contract Tower,0,1,10,0,11,0,0,118,0,118,0,1,128,0,129,210,0,210,339
03/31/2021,BVY,MA,ANE,EN,Federal Contract Tower,0,7,2,0,9,0,0,96,0,96,0,7,98,0,105,148,0,148,253
04/01/2021,BVY,MA,ANE,EN,Federal Contract Tower,0,6,1,0,7,0,0,17,0,17,0,6,18,0,24,0,0,0,24
04/02/2021,BVY,MA,ANE,EN,Federal Contract Tower,0,1,12,0,13,0,0,108,0,108,0,1,120,0,121,146,0,146,267
04/03/2021,BVY,MA,ANE,EN,Federal Contract Tower,0,2,10,0,12,0,0,168,0,168,0,2,178,0,180,260,0,260,440
04/04/2021,BVY,MA,ANE,EN,Federal Contract Tower,0,5,7,0,12,0,0,113,0,113,0,5,120,0,125,124,0,124,249
04/05/2021,BVY,MA,ANE,EN,Federal Contract Tower,0,6,3,0,9,0,0,62,0,62,0,6,65,0,71,10,0,10,81
04/06/2021,BVY,MA,ANE,EN,Federal Contract Tower,0,3,13,0,16,0,0,119,0,119,0,3,132,0,135,170,0,170,305
04/07/2021,BVY,MA,ANE,EN,Federal Contract Tower,0,7,1,0,8,0,0,165,0,165,0,7,166,0,173,168,0,168,341
04/08/2021,BVY,MA,ANE,EN,Federal Contract Tower,0,6,8,0,14,0,0,138,0,138,0,6,146,0,152,176,0,176,328
04/09/2021,BVY,MA,ANE,EN,Federal Contract Tower,0,9,17,0,26,0,0,119,0,119,0,9,136,0,145,158,0,158,303
04/10/2021,BVY,MA,ANE,EN,Federal Contract Tower,0,4,19,0,23,0,0,194,0,194,0,4,213,0,217,268,0,268,485
04/11/2021,BVY,MA,ANE,EN,Federal Contract Tower,0,3,10,0,13,0,0,0,0,0,0,3,10,0,13,0,0,0,13
04/12/2021,BVY,MA,ANE,EN,Federal Contract Tower,0,2,8,0,10,0,0,5,0,5,0,2,13,0,15,4,0,4,19
04/13/2021,BVY,MA,ANE,EN,Federal Contract Tower,0,4,10,0,14,0,0,110,0,110,0,4,120,0,124,118,0,118,242
04/14/2021,BVY,MA,ANE,EN,Federal Contract Tower,0,0,9,0,9,0,0,143,4,147,0,0,152,4,156,248,0,248,404
04/15/2021,BVY,MA,ANE,EN,Federal Contract Tower,0,7,11,0,18,0,1,93,0,94,0,8,104,0,112,138,0,138,250
04/16/2021,BVY,MA,ANE,EN,Federal Contract Tower,0,2,3,0,5,0,0,0,0,0,0,2,3,0,5,0,0,0,5
04/17/2021,BVY,MA,ANE,EN,Federal Contract Tower,0,6,2,0,8,0,0,18,0,18,0,6,20,0,26,18,0,18,44
04/18/2021,BVY,MA,ANE,EN,Federal Contract Tower,0,1,13,0,14,0,0,148,0,148,0,1,161,0,162,144,0,144,306
04/19/2021,BVY,MA,ANE,EN,Federal Contract Tower,0,2,12,0,14,0,0,131,0,131,0,2,143,0,145,172,0,172,317
04/20/2021,BVY,MA,ANE,EN,Federal Contract Tower,0,2,10,0,12,0,0,92,0,92,0,2,102,0,104,42,0,42,146
04/21/2021,BVY,MA,ANE,EN,Federal Contract Tower,0,5,9,0,14,0,0,50,0,50,0,5,59,0,64,54,0,54,118
04/22/2021,BVY,MA,ANE,EN,Federal Contract Tower,0,3,2,0,5,0,0,21,0,21,0,3,23,0,26,16,0,16,42
04/23/2021,BVY,MA,ANE,EN,Federal Contract Tower,0,1,2,0,3,0,0,37,0,37,0,1,39,0,40,12,0,12,52
04/24/2021,BVY,MA,ANE,EN,Federal Contract Tower,0,1,10,0,11,0,0,126,0,126,0,1,136,0,137,218,0,218,355
04/25/2021,BVY,MA,ANE,EN,Federal Contract Tower,0,6,3,0,9,0,0,27,0,27,0,6,30,0,36,58,0,58,94
04/26/2021,BVY,MA,ANE,EN,Federal Contract Tower,0,2,2,0,4,0,0,30,0,30,0,2,32,0,34,12,0,12,46
04/27/2021,BVY,MA,ANE,EN,Federal Contract Tower,0,2,19,1,22,0,0,140,4,144,0,2,159,5,166,232,0,232,398
04/28/2021,BVY,MA,ANE,EN,Federal Contract Tower,0,11,6,0,17,0,0,104,0,104,0,11,110,0,121,186,0,186,307
04/29/2021,BVY,MA,ANE,EN,Federal Contract Tower,0,13,0,0,13,0,0,0,0,0,0,13,0,0,13,0,0,0,13
04/30/2021,BVY,MA,ANE,EN,Federal Contract Tower,0,7,4,0,11,0,0,13,0,13,0,7,17,0,24,50,0,50,74
05/01/2021,BVY,MA,ANE,EN,Federal Contract Tower,0,11,10,0,21,0,0,71,0,71,0,11,81,0,92,72,0,72,164
05/02/2021,BVY,MA,ANE,EN,Federal Contract Tower,0,5,8,0,13,0,0,115,0,115,0,5,123,0,128,126,0,126,254
05/03/2021,BVY,MA,ANE,EN,Federal Contract Tower,0,5,4,0,9,0,0,108,0,108,0,5,112,0,117,210,0,210,327
05/04/2021,BVY,MA,ANE,EN,Federal Contract Tower,0,2,10,0,12,0,0,26,0,26,0,2,36,0,38,20,0,20,58
05/05/2021,BVY,MA,ANE,EN,Federal Contract Tower,0,1,5,0,6,0,0,0,0,0,0,1,5,0,6,0,0,0,6
05/06/2021,BVY,MA,ANE,EN,Federal Contract Tower,0,10,12,0,22,0,0,130,0,130,0,10,142,0,152,126,0,126,278
05/07/2021,BVY,MA,ANE,EN,Federal Contract Tower,0,10,6,0,16,0,0,156,0,156,0,10,162,0,172,158,0,158,330
05/08/2021,BVY,MA,ANE,EN,Federal Contract Tower,0,2,20,0,22,0,0,135,0,135,0,2,155,0,157,176,0,176,333
05/09/2021,BVY,MA,ANE,EN,Federal Contract Tower,0,6,6,0,12,0,1,134,0,135,0,7,140,0,147,140,0,140,287
05/10/2021,BVY,MA,ANE,EN,Federal Contract Tower,0,3,7,0,10,0,0,82,0,82,0,3,89,0,92,170,0,170,262
05/11/2021,BVY,MA,ANE,EN,Federal Contract Tower,0,2,2,0,4,0,0,89,0,89,0,2,91,0,93,92,0,92,185
05/12/2021,BVY,MA,ANE,EN,Federal Contract Tower,0,11,11,0,22,0,0,135,0,135,0,11,146,0,157,168,0,168,325
05/13/2021,BVY,MA,ANE,EN,Federal Contract Tower,0,4,13,0,17,0,0,145,3,148,0,4,158,3,165,242,0,242,407
05/14/2021,BVY,MA,ANE,EN,Federal Contract Tower,0,6,10,0,16,0,4,153,0,157,0,10,163,0,173,166,0,166,339
05/15/2021,BVY,MA,ANE,EN,Federal Contract Tower,0,8,11,0,19,0,1,153,0,154,0,9,164,0,173,200,0,200,373
05/16/2021,BVY,MA,ANE,EN,Federal Contract Tower,0,12,14,0,26,0,0,129,0,129,0,12,143,0,155,140,0,140,295
05/17/2021,BVY,MA,ANE,EN,Federal Contract Tower,0,2,10,0,12,0,0,146,0,146,0,2,156,0,158,214,0,214,372
05/18/2021,BVY,MA,ANE,EN,Federal Contract Tower,0,1,13,0,14,0,0,114,0,114,0,1,127,0,128,154,0,154,282
05/19/2021,BVY,MA,ANE,EN,Federal Contract Tower,0,4,13,0,17,0,0,162,0,162,0,4,175,0,179,212,0,212,391
05/20/2021,BVY,MA,ANE,EN,Federal Contract Tower,0,10,16,0,26,0,0,127,0,127,0,10,143,0,153,208,0,208,361
05/21/2021,BVY,MA,ANE,EN,Federal Contract Tower,0,4,10,0,14,0,0,115,0,115,0,4,125,0,129,216,0,216,345
05/22/2021,BVY,MA,ANE,EN,Federal Contract Tower,0,8,13,0,21,0,0,122,0,122,0,8,135,0,143,182,0,182,325
05/23/2021,BVY,MA,ANE,EN,Federal Contract Tower,0,10,17,0,27,0,0,111,0,111,0,10,128,0,138,162,0,162,300
05/24/2021,BVY,MA,ANE,EN,Federal Contract Tower,0,1,11,0,12,0,0,118,0,118,0,1,129,0,130,208,0,208,338
05/25/2021,BVY,MA,ANE,EN,Federal Contract Tower,0,6,5,0,11,0,0,110,0,110,0,6,115,0,121,132,0,132,253
05/26/2021,BVY,MA,ANE,EN,Federal Contract Tower,0,3,7,0,10,0,0,106,0,106,0,3,113,0,116,110,0,110,226
05/27/2021,BVY,MA,ANE,EN,Federal Contract Tower,0,11,15,0,26,0,2,135,0,137,0,13,150,0,163,228,0,228,391
05/28/2021,BVY,MA,ANE,EN,Federal Contract Tower,0,12,10,0,22,0,1,147,0,148,0,13,157,0,170,208,0,208,378
05/29/2021,BVY,MA,ANE,EN,Federal Contract Tower,0,4,3,0,7,0,0,0,0,0,0,4,3,0,7,0,0,0,7
05/30/2021,BVY,MA,ANE,EN,Federal Contract Tower,0,0,8,0,8,0,0,0,0,0,0,0,8,0,8,0,0,0,8
06/01/2021,BVY,MA,ANE,EN,Federal Contract Tower,0,3,26,0,29,0,0,137,0,137,0,3,163,0,166,240,0,240,406
06/02/2021,BVY,MA,ANE,EN,Federal Contract Tower,0,9,14,0,23,0,0,159,0,159,0,9,173,0,182,192,0,192,374
06/03/2021,BVY,MA,ANE,EN,Federal Contract Tower,0,7,24,0,31,0,0,69,0,69,0,7,93,0,100,80,0,80,180
06/04/2021,BVY,MA,ANE,EN,Federal Contract Tower,0,9,11,0,20,0,0,71,0,71,0,9,82,0,91,108,0,108,199
06/05/2021,BVY,MA,ANE,EN,Federal Contract Tower,0,8,9,0,17,0,0,154,0,154,0,8,163,0,171,140,0,140,311
06/06/2021,BVY,MA,ANE,EN,Federal Contract Tower,0,5,14,0,19,0,0,131,0,131,0,5,145,0,150,122,0,122,272
06/07/2021,BVY,MA,ANE,EN,Federal Contract Tower,0,12,11,0,23,0,0,108,0,108,0,12,119,0,131,100,0,100,231
06/08/2021,BVY,MA,ANE,EN,Federal Contract Tower,0,14,13,0,27,0,0,89,0,89,0,14,102,0,116,124,0,124,240
06/09/2021,BVY,MA,ANE,EN,Federal Contract Tower,0,4,23,0,27,0,0,133,0,133,0,4,156,0,160,190,0,190,350
06/10/2021,BVY,MA,ANE,EN,Federal Contract Tower,0,13,16,0,29,0,0,162,0,162,0,13,178,0,191,268,0,268,459
06/11/2021,BVY,MA,ANE,EN,Federal Contract Tower,0,6,19,0,25,0,0,143,0,143,0,6,162,0,168,238,0,238,406
06/12/2021,BVY,MA,ANE,EN,Federal Contract Tower,0,4,15,0,19,0,0,115,0,115,0,4,130,0,134,226,0,226,360
06/13/2021,BVY,MA,ANE,EN,Federal Contract Tower,0,7,20,0,27,0,1,155,0,156,0,8,175,0,183,164,0,164,347
06/14/2021,BVY,MA,ANE,EN,Federal Contract Tower,0,4,8,0,12,0,0,36,0,36,0,4,44,0,48,50,0,50,98
06/15/2021,BVY,MA,ANE,EN,Federal Contract Tower,0,10,7,0,17,0,0,37,0,37,0,10,44,0,54,8,0,8,62
06/16/2021,BVY,MA,ANE,EN,Federal Contract Tower,0,11,25,0,36,0,0,182,0,182,0,11,207,0,218,248,0,248,466
06/17/2021,BVY,MA,ANE,EN,Federal Contract Tower,0,10,9,0,19,0,5,172,0,177,0,15,181,0,196,150,0,150,346
06/18/2021,BVY,MA,ANE,EN,Federal Contract Tower,0,8,12,0,20,0,0,139,0,139,0,8,151,0,159,184,0,184,343
06/19/2021,BVY,MA,ANE,EN,Federal Contract Tower,0,6,12,0,18,0,0,127,0,127,0,6,139,0,145,186,0,186,331
06/20/2021,BVY,MA,ANE,EN,Federal Contract Tower,0,7,9,0,16,0,3,139,0,142,0,10,148,0,158,176,0,176,334
06/21/2021,BVY,MA,ANE,EN,Federal Contract Tower,0,7,7,0,14,0,0,95,0,95,0,7,102,0,109,150,0,150,259
06/22/2021,BVY,MA,ANE,EN,Federal Contract Tower,0,8,16,0,24,0,0,69,0,69,0,8,85,0,93,118,0,118,211
06/23/2021,BVY,MA,ANE,EN,Federal Contract Tower,0,21,19,0,40,0,0,154,0,154,0,21,173,0,194,204,0,204,398
06/24/2021,BVY,MA,ANE,EN,Federal Contract Tower,0,10,16,0,26,0,1,129,2,132,0,11,145,2,158,154,0,154,312
06/25/2021,BVY,MA,ANE,EN,Federal Contract Tower,0,1,22,0,23,0,0,3,0,3,0,1,25,0,26,0,0,0,26
06/26/2021,BVY,MA,ANE,EN,Federal Contract Tower,0,11,9,0,20,0,0,78,0,78,0,11,87,0,98,122,0,122,220
06/27/2021,BVY,MA,ANE,EN,Federal Contract Tower,0,10,15,0,25,0,0,79,0,79,0,10,94,0,104,96,0,96,200
06/28/2021,BVY,MA,ANE,EN,Federal Contract Tower,0,8,6,0,14,0,0,103,0,103,0,8,109,0,117,234,0,234,351
06/29/2021,BVY,MA,ANE,EN,Federal Contract Tower,0,6,13,0,19,0,0,118,0,118,0,6,131,0,137,162,0,162,299
06/30/2021,BVY,MA,ANE,EN,Federal Contract Tower,0,5,8,0,13,0,2,123,0,125,0,7,131,0,138,162,0,162,300
07/01/2021,BVY,MA,ANE,EN,Federal Contract Tower,0,4,16,0,20,0,0,113,0,113,0,4,129,0,133,212,0,212,345
07/02/2021,BVY,MA,ANE,EN,Federal Contract Tower,0,4,13,0,17,0,0,0,0,0,0,4,13,0,17,4,0,4,21
07/03/2021,BVY,MA,ANE,EN,Federal Contract Tower,0,5,9,0,14,0,0,0,0,0,0,5,9,0,14,0,0,0,14
07/04/2021,BVY,MA,ANE,EN,Federal Contract Tower,0,3,11,0,14,0,0,6,0,6,0,3,17,0,20,6,0,6,26
07/05/2021,BVY,MA,ANE,EN,Federal Contract Tower,0,4,18,0,22,0,0,155,0,155,0,4,173,0,177,202,0,202,379
07/06/2021,BVY,MA,ANE,EN,Federal Contract Tower,0,4,12,0,16,0,0,107,0,107,0,4,119,0,123,154,0,154,277
07/07/2021,BVY,MA,ANE,EN,Federal Contract Tower,0,3,13,0,16,0,1,129,0,130,0,4,142,0,146,160,0,160,306
07/08/2021,BVY,MA,ANE,EN,Federal Contract Tower,0,8,18,0,26,0,0,75,0,75,0,8,93,0,101,184,0,184,285
07/09/2021,BVY,MA,ANE,EN,Federal Contract Tower,0,2,0,0,2,0,0,3,0,3,0,2,3,0,5,0,0,0,5
07/10/2021,BVY,MA,ANE,EN,Federal Contract Tower,0,3,20,0,23,0,0,95,0,95,0,3,115,0,118,148,0,148,266
07/11/2021,BVY,MA,ANE,EN,Federal Contract Tower,0,9,21,0,30,0,2,140,0,142,0,11,161,0,172,188,0,188,360
07/12/2021,BVY,MA,ANE,EN,Federal Contract Tower,0,0,6,0,6,0,0,0,0,0,0,0,6,0,6,0,0,0,6
07/13/2021,BVY,MA,ANE,EN,Federal Contract Tower,0,4,22,0,26,0,0,6,0,6,0,4,28,0,32,0,0,0,32
07/14/2021,BVY,MA,ANE,EN,Federal Contract Tower,0,14,16,0,30,0,0,20,0,20,0,14,36,0,50,14,0,14,64
07/15/2021,BVY,MA,ANE,EN,Federal Contract Tower,0,16,29,0,45,0,0,130,0,130,0,16,159,0,175,192,0,192,367
07/16/2021,BVY,MA,ANE,EN,Federal Contract Tower,0,18,20,0,38,0,0,143,0,143,0,18,163,0,181,194,0,194,375
07/17/2021,BVY,MA,ANE,EN,Federal Contract Tower,0,9,5,0,14,0,0,126,0,126,0,9,131,0,140,158,0,158,298
07/18/2021,BVY,MA,ANE,EN,Federal Contract Tower,0,11,15,0,26,0,0,0,0,0,0,11,15,0,26,0,0,0,26
07/19/2021,BVY,MA,ANE,EN,Federal Contract Tower,0,9,15,0,24,0,0,15,0,15,0,9,30,0,39,20,0,20,59
07/20/2021,BVY,MA,ANE,EN,Federal Contract Tower,0,6,13,0,19,0,0,143,0,143,0,6,156,0,162,268,0,268,430
07/21/2021,BVY,MA,ANE,EN,Federal Contract Tower,0,3,15,0,18,0,0,122,0,122,0,3,137,0,140,126,0,126,266
07/22/2021,BVY,MA,ANE,EN,Federal Contract Tower,0,7,18,0,25,0,1,218,0,219,0,8,236,0,244,216,0,216,460
07/23/2021,BVY,MA,ANE,EN,Federal Contract Tower,0,11,8,0,19,0,2,150,0,152,0,13,158,0,171,156,0,156,327
07/24/2021,BVY,MA,ANE,EN,Federal Contract Tower,0,5,5,0,10,0,0,145,0,145,0,5,150,0,155,198,0,198,353
07/25/2021,BVY,MA,ANE,EN,Federal Contract Tower,0,6,14,0,20,0,0,14,0,14,0,6,28,0,34,34,0,34,68
07/26/2021,BVY,MA,ANE,EN,Federal Contract Tower,0,9,22,0,31,0,0,62,0,62,0,9,84,0,93,112,0,112,205
07/27/2021,BVY,MA,ANE,EN,Federal Contract Tower,0,5,16,0,21,0,0,127,0,127,0,5,143,0,148,166,0,166,314
07/28/2021,BVY,MA,ANE,EN,Federal Contract Tower,0,11,11,0,22,0,2,79,0,81,0,13,90,0,103,104,0,104,207
07/29/2021,BVY,MA,ANE,EN,Federal Contract Tower,0,10,14,0,24,0,0,116,0,116,0,10,130,0,140,152,0,152,292
07/30/2021,BVY,MA,ANE,EN,Federal Contract Tower,0,16,20,0,36,0,0,148,0,148,0,16,168,0,184,222,0,222,406
07/31/2021,BVY,MA,ANE,EN,Federal Contract Tower,0,9,15,0,24,0,0,156,0,156,0,9,171,0,180,152,0,152,332
08/01/2021,BVY,MA,ANE,EN,Federal Contract Tower,0,8,13,0,21,0,0,132,0,132,0,8,145,0,153,154,0,154,307
08/02/2021,BVY,MA,ANE,EN,Federal Contract Tower,0,6,14,0,20,0,0,123,0,123,0,6,137,0,143,142,0,142,285
08/03/2021,BVY,MA,ANE,EN,Federal Contract Tower,0,5,13,0,18,0,0,132,0,132,0,5,145,0,150,160,0,160,310
08/04/2021,BVY,MA,ANE,EN,Federal Contract Tower,0,5,14,0,19,0,0,136,0,136,0,5,150,0,155,176,2,178,333
08/05/2021,BVY,MA,ANE,EN,Federal Contract Tower,0,6,10,0,16,0,0,2,0,2,0,6,12,0,18,0,0,0,18
08/06/2021,BVY,MA,ANE,EN,Federal Contract Tower,0,8,22,0,30,0,0,143,0,143,0,8,165,0,173,94,0,94,267
08/07/2021,BVY,MA,ANE,EN,Federal Contract Tower,0,2,12,0,14,0,2,180,0,182,0,4,192,0,196,150,0,150,346
08/08/2021,BVY,MA,ANE,EN,Federal Contract Tower,0,8,11,0,19,0,1,154,0,155,0,9,165,0,174,186,0,186,360
08/09/2021,BVY,MA,ANE,EN,Federal Contract Tower,0,6,37,0,43,0,0,20,0,20,0,6,57,0,63,12,0,12,75
08/10/2021,BVY,MA,ANE,EN,Federal Contract Tower,0,3,20,0,23,0,0,55,0,55,0,3,75,0,78,62,0,62,140
08/11/2021,BVY,MA,ANE,EN,Federal Contract Tower,0,2,15,0,17,0,0,157,0,157,0,2,172,0,174,234,0,234,408
08/12/2021,BVY,MA,ANE,EN,Federal Contract Tower,0,3,18,0,21,0,0,145,0,145,0,3,163,0,166,228,0,228,394
08/13/2021,BVY,MA,ANE,EN,Federal Contract Tower,0,3,8,0,11,0,0,164,0,164,0,3,172,0,175,148,0,148,323
08/14/2021,BVY,MA,ANE,EN,Federal Contract Tower,0,4,9,0,13,0,0,135,0,135,0,4,144,0,148,182,0,182,330
08/15/2021,BVY,MA,ANE,EN,Federal Contract Tower,0,4,6,0,10,0,0,164,0,164,0,4,170,0,174,122,0,122,296
08/16/2021,BVY,MA,ANE,EN,Federal Contract Tower,0,11,7,0,18,0,0,200,0,200,0,11,207,0,218,218,0,218,436
08/17/2021,BVY,MA,ANE,EN,Federal Contract Tower,0,7,13,0,20,0,0,163,0,163,0,7,176,0,183,242,0,242,425
08/18/2021,BVY,MA,ANE,EN,Federal Contract Tower,0,8,28,0,36,0,0,172,0,172,0,8,200,0,208,200,0,200,408
08/19/2021,BVY,MA,ANE,EN,Federal Contract Tower,0,5,8,0,13,0,2,11,0,13,0,7,19,0,26,0,0,0,26
08/20/2021,BVY,MA,ANE,EN,Federal Contract Tower,0,14,14,0,28,0,0,63,0,63,0,14,77,0,91,74,0,74,165
08/21/2021,BVY,MA,ANE,EN,Federal Contract Tower,0,7,13,0,20,0,0,157,0,157,0,7,170,0,177,242,0,242,419
08/22/2021,BVY,MA,ANE,EN,Federal Contract Tower,0,0,4,0,4,0,0,0,0,0,0,0,4,0,4,0,0,0,4
08/23/2021,BVY,MA,ANE,EN,Federal Contract Tower,0,6,7,0,13,0,0,0,0,0,0,6,7,0,13,0,0,0,13
08/24/2021,BVY,MA,ANE,EN,Federal Contract Tower,0,7,13,0,20,0,0,134,0,134,0,7,147,0,154,210,0,210,364
08/25/2021,BVY,MA,ANE,EN,Federal Contract Tower,0,13,15,0,28,0,2,114,0,116,0,15,129,0,144,150,0,150,294
08/26/2021,BVY,MA,ANE,EN,Federal Contract Tower,0,5,14,0,19,0,0,139,0,139,0,5,153,0,158,160,0,160,318
08/27/2021,BVY,MA,ANE,EN,Federal Contract Tower,0,6,14,0,20,0,0,130,2,132,0,6,144,2,152,152,0,152,304
08/28/2021,BVY,MA,ANE,EN,Federal Contract Tower,0,5,20,0,25,0,0,158,0,158,0,5,178,0,183,212,0,212,395
08/29/2021,BVY,MA,ANE,EN,Federal Contract Tower,0,13,23,0,36,0,0,113,0,113,0,13,136,0,149,228,0,228,377
08/30/2021,BVY,MA,ANE,EN,Federal Contract Tower,0,6,23,0,29,0,0,97,0,97,0,6,120,0,126,88,0,88,214
08/31/2021,BVY,MA,ANE,EN,Federal Contract Tower,0,6,13,0,19,0,0,170,0,170,0,6,183,0,189,238,0,238,427
09/01/2021,BVY,MA,ANE,EN,Federal Contract Tower,0,6,14,0,20,0,0,65,0,65,0,6,79,0,85,74,0,74,159
09/02/2021,BVY,MA,ANE,EN,Federal Contract Tower,0,4,8,0,12,0,0,72,0,72,0,4,80,0,84,60,0,60,144
09/03/2021,BVY,MA,ANE,EN,Federal Contract Tower,0,6,22,0,28,0,2,171,0,173,0,8,193,0,201,182,0,182,383
09/04/2021,BVY,MA,ANE,EN,Federal Contract Tower,0,7,12,0,19,0,0,132,0,132,0,7,144,0,151,180,0,180,331
09/05/2021,BVY,MA,ANE,EN,Federal Contract Tower,0,10,12,0,22,0,2,99,0,101,0,12,111,0,123,174,0,174,297
09/06/2021,BVY,MA,ANE,EN,Federal Contract Tower,0,11,16,0,27,0,0,123,0,123,0,11,139,0,150,196,0,196,346
09/07/2021,BVY,MA,ANE,EN,Federal Contract Tower,0,4,15,0,19,0,0,135,0,135,0,4,150,0,154,186,0,186,340
09/08/2021,BVY,MA,ANE,EN,Federal Contract Tower,0,3,17,0,20,0,0,129,0,129,0,3,146,0,149,112,0,112,261
09/09/2021,BVY,MA,ANE,EN,Federal Contract Tower,0,3,9,0,12,0,0,6,0,6,0,3,15,0,18,0,0,0,18
09/10/2021,BVY,MA,ANE,EN,Federal Contract Tower,0,9,13,0,22,0,3,137,0,140,0,12,150,0,162,248,0,248,410
09/11/2021,BVY,MA,ANE,EN,Federal Contract Tower,0,11,15,0,26,0,0,155,0,155,0,11,170,0,181,216,0,216,397
09/12/2021,BVY,MA,ANE,EN,Federal Contract Tower,0,8,21,0,29,0,0,96,0,96,0,8,117,0,125,78,0,78,203
09/13/2021,BVY,MA,ANE,EN,Federal Contract Tower,0,3,11,0,14,0,0,123,0,123,0,3,134,0,137,178,0,178,315
09/14/2021,BVY,MA,ANE,EN,Federal Contract Tower,0,2,11,0,13,0,0,127,0,127,0,2,138,0,140,160,0,160,300
09/15/2021,BVY,MA,ANE,EN,Federal Contract Tower,0,7,21,0,28,0,0,53,0,53,0,7,74,0,81,82,0,82,163
09/16/2021,BVY,MA,ANE,EN,Federal Contract Tower,0,11,14,0,25,0,0,30,0,30,0,11,44,0,55,36,0,36,91
09/17/2021,BVY,MA,ANE,EN,Federal Contract Tower,0,14,11,0,25,0,0,2,0,2,0,14,13,0,27,4,0,4,31
09/18/2021,BVY,MA,ANE,EN,Federal Contract Tower,0,12,20,0,32,0,0,41,0,41,0,12,61,0,73,74,0,74,147
09/19/2021,BVY,MA,ANE,EN,Federal Contract Tower,0,9,14,0,23,0,0,186,0,186,0,9,200,0,209,206,0,206,415
09/20/2021,BVY,MA,ANE,EN,Federal Contract Tower,0,7,10,0,17,0,0,135,0,135,0,7,145,0,152,180,0,180,332
09/21/2021,BVY,MA,ANE,EN,Federal Contract Tower,0,5,29,0,34,0,0,156,0,156,0,5,185,0,190,224,0,224,414
09/22/2021,BVY,MA,ANE,EN,Federal Contract Tower,0,17,21,0,38,0,1,130,0,131,0,18,151,0,169,128,0,128,297
09/23/2021,BVY,MA,ANE,EN,Federal Contract Tower,0,16,26,0,42,0,0,67,0,67,0,16,93,0,109,58,0,58,167
09/24/2021,BVY,MA,ANE,EN,Federal Contract Tower,0,3,10,0,13,0,0,12,0,12,0,3,22,0,25,6,0,6,31
09/25/2021,BVY,MA,ANE,EN,Federal Contract Tower,0,8,18,0,26,0,1,121,0,122,0,9,139,0,148,130,0,130,278
09/26/2021,BVY,MA,ANE,EN,Federal Contract Tower,0,13,24,0,37,0,0,90,0,90,0,13,114,0,127,79,0,79,206
09/27/2021,BVY,MA,ANE,EN,Federal Contract Tower,0,8,20,0,28,0,0,106,0,106,0,8,126,0,134,122,0,122,256
09/28/2021,BVY,MA,ANE,EN,Federal Contract Tower,0,6,12,0,18,0,1,22,0,23,0,7,34,0,41,26,0,26,67
09/29/2021,BVY,MA,ANE,EN,Federal Contract Tower,0,8,16,0,24,0,0,130,0,130,0,8,146,0,154,132,0,132,286
09/30/2021,BVY,MA,ANE,EN,Federal Contract Tower,0,8,19,0,27,0,0,122,0,122,0,8,141,0,149,200,2,202,351
10/01/2021,BVY,MA,ANE,EN,Federal Contract Tower,0,11,19,0,30,0,0,127,0,127,0,11,146,0,157,142,0,142,299
10/02/2021,BVY,MA,ANE,EN,Federal Contract Tower,0,0,10,0,10,0,0,120,0,120,0,0,130,0,130,206,0,206,336
10/03/2021,BVY,MA,ANE,EN,Federal Contract Tower,0,9,27,0,36,0,0,99,0,99,0,9,126,0,135,196,0,196,331
10/04/2021,BVY,MA,ANE,EN,Federal Contract Tower,0,13,8,0,21,0,0,4,0,4,0,13,12,0,25,6,0,6,31
10/05/2021,BVY,MA,ANE,EN,Federal Contract Tower,0,4,11,0,15,0,0,30,0,30,0,4,41,0,45,58,0,58,103
10/06/2021,BVY,MA,ANE,EN,Federal Contract Tower,0,9,13,0,22,0,0,114,0,114,0,9,127,0,136,178,0,178,314
10/07/2021,BVY,MA,ANE,EN,Federal Contract Tower,0,3,15,0,18,0,0,115,0,115,0,3,130,0,133,120,0,120,253
10/08/2021,BVY,MA,ANE,EN,Federal Contract Tower,0,7,18,0,25,0,4,122,0,126,0,11,140,0,151,204,0,204,355
10/09/2021,BVY,MA,ANE,EN,Federal Contract Tower,0,15,12,0,27,0,0,105,0,105,0,15,117,0,132,268,0,268,400
10/10/2021,BVY,MA,ANE,EN,Federal Contract Tower,0,9,25,0,34,0,0,86,0,86,0,9,111,0,120,138,0,138,258
10/11/2021,BVY,MA,ANE,EN,Federal Contract Tower,0,4,28,0,32,0,0,60,0,60,0,4,88,0,92,86,0,86,178
10/12/2021,BVY,MA,ANE,EN,Federal Contract Tower,0,6,11,0,17,0,1,139,0,140,0,7,150,0,157,132,0,132,289
10/13/2021,BVY,MA,ANE,EN,Federal Contract Tower,0,10,15,0,25,0,0,140,0,140,0,10,155,0,165,160,0,160,325
10/14/2021,BVY,MA,ANE,EN,Federal Contract Tower,0,7,21,0,28,0,0,147,0,147,0,7,168,0,175,122,0,122,297
10/15/2021,BVY,MA,ANE,EN,Federal Contract Tower,0,12,27,0,39,0,0,18,0,18,0,12,45,0,57,16,0,16,73
10/16/2021,BVY,MA,ANE,EN,Federal Contract Tower,0,6,15,0,21,0,0,103,0,103,0,6,118,0,124,138,0,138,262
10/17/2021,BVY,MA,ANE,EN,Federal Contract Tower,0,12,23,0,35,0,4,148,0,152,0,16,171,0,187,138,0,138,325
10/18/2021,BVY,MA,ANE,EN,Federal Contract Tower,0,9,10,0,19,0,0,96,0,96,0,9,106,0,115,122,0,122,237
10/19/2021,BVY,MA,ANE,EN,Federal Contract Tower,0,7,17,0,24,0,1,99,0,100,0,8,116,0,124,90,0,90,214
10/20/2021,BVY,MA,ANE,EN,Federal Contract Tower,0,10,9,0,19,0,0,109,0,109,0,10,118,0,128,158,0,158,286
10/21/2021,BVY,MA,ANE,EN,Federal Contract Tower,0,6,16,0,22,0,0,129,0,129,0,6,145,0,151,170,0,170,321
10/22/2021,BVY,MA,ANE,EN,Federal Contract Tower,0,6,23,1,30,0,0,124,1,125,0,6,147,2,155,270,0,270,425
10/23/2021,BVY,MA,ANE,EN,Federal Contract Tower,0,3,11,0,14,0,0,163,0,163,0,3,174,0,177,182,0,182,359
10/24/2021,BVY,MA,ANE,EN,Federal Contract Tower,0,4,15,0,19,0,0,164,0,164,0,4,179,0,183,132,0,132,315
10/25/2021,BVY,MA,ANE,EN,Federal Contract Tower,0,2,2,0,4,0,0,0,0,0,0,2,2,0,4,0,0,0,4
10/26/2021,BVY,MA,ANE,EN,Federal Contract Tower,0,0,3,0,3,0,0,0,0,0,0,0,3,0,3,0,0,0,3
10/27/2021,BVY,MA,ANE,EN,Federal Contract Tower,0,0,4,0,4,0,0,0,0,0,0,0,4,0,4,0,0,0,4
10/28/2021,BVY,MA,ANE,EN,Federal Contract Tower,0,4,17,0,21,0,0,100,0,100,0,4,117,0,121,214,0,214,335
10/29/2021,BVY,MA,ANE,EN,Federal Contract Tower,0,5,5,0,10,0,0,63,0,63,0,5,68,0,73,112,0,112,185
10/30/2021,BVY,MA,ANE,EN,Federal Contract Tower,0,0,0,0,0,0,0,0,0,0,0,0,0,0,0,0,0,0,0
10/31/2021,BVY,MA,ANE,EN,Federal Contract Tower,0,6,12,0,18,0,0,101,0,101,0,6,113,0,119,182,0,182,301
11/01/2021,BVY,MA,ANE,EN,Federal Contract Tower,0,1,6,0,7,0,1,120,0,121,0,2,126,0,128,106,0,106,234
11/02/2021,BVY,MA,ANE,EN,Federal Contract Tower,0,6,13,2,21,0,0,138,0,138,0,6,151,2,159,112,0,112,271
11/03/2021,BVY,MA,ANE,EN,Federal Contract Tower,0,6,12,0,18,0,1,134,0,135,0,7,146,0,153,154,0,154,307
11/04/2021,BVY,MA,ANE,EN,Federal Contract Tower,0,3,6,0,9,0,0,141,0,141,0,3,147,0,150,188,0,188,338
11/05/2021,BVY,MA,ANE,EN,Federal Contract Tower,0,4,8,0,12,0,0,100,0,100,0,4,108,0,112,106,0,106,218
11/06/2021,BVY,MA,ANE,EN,Federal Contract Tower,0,6,4,0,10,0,1,129,2,132,0,7,133,2,142,170,0,170,312
11/07/2021,BVY,MA,ANE,EN,Federal Contract Tower,0,9,20,0,29,0,0,143,0,143,0,9,163,0,172,176,0,176,348
11/08/2021,BVY,MA,ANE,EN,Federal Contract Tower,0,2,11,0,13,0,2,138,0,140,0,4,149,0,153,142,0,142,295
11/09/2021,BVY,MA,ANE,EN,Federal Contract Tower,0,0,11,0,11,0,0,124,0,124,0,0,135,0,135,186,0,186,321
11/10/2021,BVY,MA,ANE,EN,Federal Contract Tower,0,0,6,1,7,0,0,117,2,119,0,0,123,3,126,80,0,80,206
11/11/2021,BVY,MA,ANE,EN,Federal Contract Tower,0,7,19,0,26,0,0,158,0,158,0,7,177,0,184,174,0,174,358
11/12/2021,BVY,MA,ANE,EN,Federal Contract Tower,0,0,9,0,9,0,0,2,0,2,0,0,11,0,11,6,0,6,17
11/13/2021,BVY,MA,ANE,EN,Federal Contract Tower,0,6,6,0,12,0,0,102,0,102,0,6,108,0,114,124,0,124,238
11/14/2021,BVY,MA,ANE,EN,Federal Contract Tower,0,5,19,0,24,0,0,141,0,141,0,5,160,0,165,176,0,176,341
11/15/2021,BVY,MA,ANE,EN,Federal Contract Tower,0,10,17,0,27,0,2,88,0,90,0,12,105,0,117,54,0,54,171
11/16/2021,BVY,MA,ANE,EN,Federal Contract Tower,0,0,9,0,9,0,0,33,0,33,0,0,42,0,42,34,0,34,76
11/17/2021,BVY,MA,ANE,EN,Federal Contract Tower,0,2,15,0,17,0,1,144,0,145,0,3,159,0,162,98,0,98,260
11/18/2021,BVY,MA,ANE,EN,Federal Contract Tower,0,7,11,0,18,0,0,101,0,101,0,7,112,0,119,156,0,156,275
11/19/2021,BVY,MA,ANE,EN,Federal Contract Tower,0,7,14,0,21,0,0,94,0,94,0,7,108,0,115,86,0,86,201
11/20/2021,BVY,MA,ANE,EN,Federal Contract Tower,0,5,12,0,17,0,0,149,0,149,0,5,161,0,166,182,0,182,348
11/21/2021,BVY,MA,ANE,EN,Federal Contract Tower,0,8,20,0,28,0,0,124,0,124,0,8,144,0,152,160,0,160,312
11/22/2021,BVY,MA,ANE,EN,Federal Contract Tower,0,10,21,0,31,0,0,48,0,48,0,10,69,0,79,88,0,88,167
11/23/2021,BVY,MA,ANE,EN,Federal Contract Tower,0,5,20,0,25,0,0,99,0,99,0,5,119,0,124,108,0,108,232
11/24/2021,BVY,MA,ANE,EN,Federal Contract Tower,0,6,12,0,18,0,0,88,0,88,0,6,100,0,106,108,0,108,214
11/25/2021,BVY,MA,ANE,EN,Federal Contract Tower,0,5,11,0,16,0,0,16,0,16,0,5,27,0,32,26,0,26,58
11/26/2021,BVY,MA,ANE,EN,Federal Contract Tower,0,5,5,0,10,0,0,20,0,20,0,5,25,0,30,42,0,42,72
11/27/2021,BVY,MA,ANE,EN,Federal Contract Tower,0,3,4,0,7,0,0,26,0,26,0,3,30,0,33,26,0,26,59
11/28/2021,BVY,MA,ANE,EN,Federal Contract Tower,0,9,14,0,23,0,0,152,0,152,0,9,166,0,175,176,0,176,351
11/29/2021,BVY,MA,ANE,EN,Federal Contract Tower,0,6,14,0,20,0,0,59,0,59,0,6,73,0,79,94,0,94,173
11/30/2021,BVY,MA,ANE,EN,Federal Contract Tower,0,7,10,0,17,0,0,103,0,103,0,7,113,0,120,124,0,124,244
12/01/2021,BVY,MA,ANE,EN,Federal Contract Tower,0,4,14,0,18,0,0,97,0,97,0,4,111,0,115,124,0,124,239
12/02/2021,BVY,MA,ANE,EN,Federal Contract Tower,0,9,8,0,17,0,0,38,0,38,0,9,46,0,55,36,0,36,91
12/03/2021,BVY,MA,ANE,EN,Federal Contract Tower,0,8,7,0,15,0,0,39,0,39,0,8,46,0,54,36,0,36,90
12/04/2021,BVY,MA,ANE,EN,Federal Contract Tower,0,0,10,0,10,0,0,132,0,132,0,0,142,0,142,164,0,164,306
12/05/2021,BVY,MA,ANE,EN,Federal Contract Tower,0,4,8,0,12,0,0,179,0,179,0,4,187,0,191,146,0,146,337
12/06/2021,BVY,MA,ANE,EN,Federal Contract Tower,0,0,2,0,2,0,0,10,0,10,0,0,12,0,12,0,0,0,12
12/07/2021,BVY,MA,ANE,EN,Federal Contract Tower,0,3,15,0,18,0,0,108,0,108,0,3,123,0,126,126,0,126,252
12/08/2021,BVY,MA,ANE,EN,Federal Contract Tower,0,3,9,0,12,0,0,47,0,47,0,3,56,0,59,114,0,114,173
12/09/2021,BVY,MA,ANE,EN,Federal Contract Tower,0,11,19,0,30,0,0,114,0,114,0,11,133,0,144,104,0,104,248
12/10/2021,BVY,MA,ANE,EN,Federal Contract Tower,0,0,21,0,21,0,0,80,0,80,0,0,101,0,101,126,0,126,227
12/11/2021,BVY,MA,ANE,EN,Federal Contract Tower,0,5,0,0,5,0,0,0,0,0,0,5,0,0,5,0,0,0,5
12/12/2021,BVY,MA,ANE,EN,Federal Contract Tower,0,6,9,0,15,0,0,73,0,73,0,6,82,0,88,108,0,108,196
12/13/2021,BVY,MA,ANE,EN,Federal Contract Tower,0,7,6,0,13,0,1,91,0,92,0,8,97,0,105,126,0,126,231
12/14/2021,BVY,MA,ANE,EN,Federal Contract Tower,0,2,10,0,12,0,1,124,0,125,0,3,134,0,137,136,0,136,273
12/15/2021,BVY,MA,ANE,EN,Federal Contract Tower,0,5,14,0,19,0,0,99,0,99,0,5,113,0,118,120,0,120,238
12/16/2021,BVY,MA,ANE,EN,Federal Contract Tower,0,7,24,0,31,0,0,82,0,82,0,7,106,0,113,78,0,78,191
12/17/2021,BVY,MA,ANE,EN,Federal Contract Tower,0,10,8,0,18,0,0,72,0,72,0,10,80,0,90,44,0,44,134
12/18/2021,BVY,MA,ANE,EN,Federal Contract Tower,0,1,11,0,12,0,0,30,0,30,0,1,41,0,42,56,0,56,98
12/19/2021,BVY,MA,ANE,EN,Federal Contract Tower,0,2,6,0,8,0,0,26,0,26,0,2,32,0,34,18,0,18,52
12/20/2021,BVY,MA,ANE,EN,Federal Contract Tower,0,3,11,0,14,0,0,118,0,118,0,3,129,0,132,150,0,150,282
12/21/2021,BVY,MA,ANE,EN,Federal Contract Tower,0,4,18,0,22,0,0,137,0,137,0,4,155,0,159,196,0,196,355
12/22/2021,BVY,MA,ANE,EN,Federal Contract Tower,0,6,6,0,12,0,0,26,0,26,0,6,32,0,38,4,0,4,42
12/23/2021,BVY,MA,ANE,EN,Federal Contract Tower,0,4,10,0,14,0,1,65,0,66,0,5,75,0,80,98,0,98,178
12/24/2021,BVY,MA,ANE,EN,Federal Contract Tower,0,5,8,0,13,0,0,39,0,39,0,5,47,0,52,36,0,36,88
12/25/2021,BVY,MA,ANE,EN,Federal Contract Tower,0,3,1,0,4,0,0,0,0,0,0,3,1,0,4,0,0,0,4
12/26/2021,BVY,MA,ANE,EN,Federal Contract Tower,0,13,10,0,23,0,0,46,0,46,0,13,56,0,69,80,0,80,149
12/27/2021,BVY,MA,ANE,EN,Federal Contract Tower,0,6,11,0,17,0,0,88,0,88,0,6,99,0,105,122,0,122,227
12/28/2021,BVY,MA,ANE,EN,Federal Contract Tower,0,6,2,0,8,0,1,35,0,36,0,7,37,0,44,36,0,36,80
12/29/2021,BVY,MA,ANE,EN,Federal Contract Tower,0,7,9,0,16,0,0,86,0,86,0,7,95,0,102,140,0,140,242
12/30/2021,BVY,MA,ANE,EN,Federal Contract Tower,0,7,1,0,8,0,0,2,0,2,0,7,3,0,10,0,0,0,10
12/31/2021,BVY,MA,ANE,EN,Federal Contract Tower,0,3,5,0,8,0,0,2,0,2,0,3,7,0,10,0,0,0,10
01/01/2022,BVY,MA,ANE,EN,Federal Contract Tower,0,1,0,0,1,0,0,0,0,0,0,1,0,0,1,0,0,0,1
01/02/2022,BVY,MA,ANE,EN,Federal Contract Tower,0,1,6,0,7,0,0,0,0,0,0,1,6,0,7,0,0,0,7
01/03/2022,BVY,MA,ANE,EN,Federal Contract Tower,0,3,16,0,19,0,0,82,0,82,0,3,98,0,101,112,0,112,213
01/04/2022,BVY,MA,ANE,EN,Federal Contract Tower,0,7,15,0,22,0,0,143,0,143,0,7,158,0,165,196,0,196,361
01/05/2022,BVY,MA,ANE,EN,Federal Contract Tower,0,4,2,0,6,0,0,2,0,2,0,4,4,0,8,22,0,22,30
01/06/2022,BVY,MA,ANE,EN,Federal Contract Tower,0,4,16,0,20,0,0,108,0,108,0,4,124,0,128,138,0,138,266
01/07/2022,BVY,MA,ANE,EN,Federal Contract Tower,0,0,0,0,0,0,0,0,0,0,0,0,0,0,0,0,0,0,0
01/08/2022,BVY,MA,ANE,EN,Federal Contract Tower,0,1,4,0,5,0,0,25,0,25,0,1,29,0,30,38,0,38,68
01/09/2022,BVY,MA,ANE,EN,Federal Contract Tower,0,0,0,0,0,0,0,0,0,0,0,0,0,0,0,0,0,0,0
01/10/2022,BVY,MA,ANE,EN,Federal Contract Tower,0,0,14,0,14,0,0,73,0,73,0,0,87,0,87,56,0,56,143
01/11/2022,BVY,MA,ANE,EN,Federal Contract Tower,0,4,3,0,7,0,0,34,0,34,0,4,37,0,41,20,0,20,61
01/12/2022,BVY,MA,ANE,EN,Federal Contract Tower,0,1,9,0,10,0,0,60,0,60,0,1,69,0,70,60,0,60,130
01/13/2022,BVY,MA,ANE,EN,Federal Contract Tower,0,1,12,0,13,0,0,116,0,116,0,1,128,0,129,226,0,226,355
01/14/2022,BVY,MA,ANE,EN,Federal Contract Tower,0,1,2,0,3,0,0,51,0,51,0,1,53,0,54,102,0,102,156
01/15/2022,BVY,MA,ANE,EN,Federal Contract Tower,0,4,3,0,7,0,0,46,0,46,0,4,49,0,53,10,0,10,63
01/16/2022,BVY,MA,ANE,EN,Federal Contract Tower,0,2,19,0,21,0,0,117,0,117,0,2,136,0,138,104,0,104,242
01/17/2022,BVY,MA,ANE,EN,Federal Contract Tower,0,0,0,0,0,0,0,9,0,9,0,0,9,0,9,4,0,4,13
01/18/2022,BVY,MA,ANE,EN,Federal Contract Tower,0,0,0,0,0,0,0,33,0,33,0,0,33,0,33,26,0,26,59
01/19/2022,BVY,MA,ANE,EN,Federal Contract Tower,0,5,8,0,13,0,0,56,0,56,0,5,64,0,69,62,0,62,131
01/20/2022,BVY,MA,ANE,EN,Federal Contract Tower,0,1,3,0,4,0,0,47,0,47,0,1,50,0,51,110,0,110,161
01/21/2022,BVY,MA,ANE,EN,Federal Contract Tower,0,1,11,0,12,0,0,81,0,81,0,1,92,0,93,58,0,58,151
01/22/2022,BVY,MA,ANE,EN,Federal Contract Tower,0,2,8,0,10,0,0,98,0,98,0,2,106,0,108,82,0,82,190
01/23/2022,BVY,MA,ANE,EN,Federal Contract Tower,0,6,13,0,19,0,0,116,0,116,0,6,129,0,135,132,0,132,267
01/24/2022,BVY,MA,ANE,EN,Federal Contract Tower,0,2,10,0,12,0,1,109,0,110,0,3,119,0,122,134,0,134,256
01/25/2022,BVY,MA,ANE,EN,Federal Contract Tower,0,5,9,0,14,0,1,52,0,53,0,6,61,0,67,78,0,78,145
01/26/2022,BVY,MA,ANE,EN,Federal Contract Tower,0,7,7,0,14,0,0,106,0,106,0,7,113,0,120,118,0,118,238
01/27/2022,BVY,MA,ANE,EN,Federal Contract Tower,0,9,15,0,24,0,1,106,0,107,0,10,121,0,131,170,0,170,301
01/28/2022,BVY,MA,ANE,EN,Federal Contract Tower,0,6,10,0,16,0,0,107,0,107,0,6,117,0,123,224,0,224,347
01/29/2022,BVY,MA,ANE,EN,Federal Contract Tower,0,0,0,0,0,0,0,0,0,0,0,0,0,0,0,0,0,0,0
01/30/2022,BVY,MA,ANE,EN,Federal Contract Tower,0,3,0,0,3,0,0,7,0,7,0,3,7,0,10,12,0,12,22
01/31/2022,BVY,MA,ANE,EN,Federal Contract Tower,0,9,7,0,16,0,0,78,0,78,0,9,85,0,94,114,0,114,208
02/01/2022,BVY,MA,ANE,EN,Federal Contract Tower,0,18,1,0,19,0,0,103,0,103,0,18,104,0,122,176,0,176,298
02/02/2022,BVY,MA,ANE,EN,Federal Contract Tower,0,3,1,0,4,0,0,18,0,18,0,3,19,0,22,4,0,4,26
02/03/2022,BVY,MA,ANE,EN,Federal Contract Tower,0,5,8,0,13,0,0,5,0,5,0,5,13,0,18,6,0,6,24
02/04/2022,BVY,MA,ANE,EN,Federal Contract Tower,0,0,0,0,0,0,0,0,0,0,0,0,0,0,0,0,0,0,0
02/05/2022,BVY,MA,ANE,EN,Federal Contract Tower,0,0,0,0,0,0,0,0,0,0,0,0,0,0,0,0,0,0,0
02/06/2022,BVY,MA,ANE,EN,Federal Contract Tower,0,1,8,0,9,0,1,19,0,20,0,2,27,0,29,6,0,6,35
02/07/2022,BVY,MA,ANE,EN,Federal Contract Tower,0,4,7,0,11,0,0,22,0,22,0,4,29,0,33,70,0,70,103
02/08/2022,BVY,MA,ANE,EN,Federal Contract Tower,0,2,6,0,8,0,0,20,0,20,0,2,26,0,28,20,0,20,48
02/09/2022,BVY,MA,ANE,EN,Federal Contract Tower,0,10,9,0,19,0,0,169,0,169,0,10,178,0,188,244,0,244,432
02/10/2022,BVY,MA,ANE,EN,Federal Contract Tower,0,3,7,0,10,0,0,109,0,109,0,3,116,0,119,74,0,74,193
02/11/2022,BVY,MA,ANE,EN,Federal Contract Tower,0,4,14,0,18,0,0,133,0,133,0,4,147,0,151,150,0,150,301
02/12/2022,BVY,MA,ANE,EN,Federal Contract Tower,0,2,12,0,14,0,0,116,0,116,0,2,128,0,130,158,0,158,288
02/13/2022,BVY,MA,ANE,EN,Federal Contract Tower,0,2,1,0,3,0,0,0,0,0,0,2,1,0,3,0,0,0,3
02/14/2022,BVY,MA,ANE,EN,Federal Contract Tower,0,7,6,0,13,0,0,56,0,56,0,7,62,0,69,28,0,28,97
02/15/2022,BVY,MA,ANE,EN,Federal Contract Tower,0,4,3,0,7,0,0,96,0,96,0,4,99,0,103,62,0,62,165
02/16/2022,BVY,MA,ANE,EN,Federal Contract Tower,0,7,5,0,12,0,0,93,0,93,0,7,98,0,105,42,0,42,147
02/17/2022,BVY,MA,ANE,EN,Federal Contract Tower,0,0,1,0,1,0,0,25,0,25,0,0,26,0,26,10,0,10,36
02/18/2022,BVY,MA,ANE,EN,Federal Contract Tower,0,2,6,0,8,0,0,6,0,6,0,2,12,0,14,0,0,0,14
02/19/2022,BVY,MA,ANE,EN,Federal Contract Tower,0,0,13,0,13,0,0,14,0,14,0,0,27,0,27,52,0,52,79
02/20/2022,BVY,MA,ANE,EN,Federal Contract Tower,0,6,11,0,17,0,0,130,0,130,0,6,141,0,147,182,0,182,329
02/21/2022,BVY,MA,ANE,EN,Federal Contract Tower,0,1,16,0,17,0,0,145,0,145,0,1,161,0,162,152,0,152,314
02/22/2022,BVY,MA,ANE,EN,Federal Contract Tower,0,3,8,0,11,0,0,24,0,24,0,3,32,0,35,58,0,58,93
02/23/2022,BVY,MA,ANE,EN,Federal Contract Tower,0,0,6,0,6,0,0,82,0,82,0,0,88,0,88,88,0,88,176
02/24/2022,BVY,MA,ANE,EN,Federal Contract Tower,0,4,10,0,14,0,0,144,0,144,0,4,154,0,158,164,0,164,322
02/25/2022,BVY,MA,ANE,EN,Federal Contract Tower,0,0,0,0,0,0,0,0,0,0,0,0,0,0,0,0,0,0,0
02/26/2022,BVY,MA,ANE,EN,Federal Contract Tower,0,3,9,0,12,0,0,82,0,82,0,3,91,0,94,126,0,126,220
02/27/2022,BVY,MA,ANE,EN,Federal Contract Tower,0,4,9,0,13,0,0,110,0,110,0,4,119,0,123,104,0,104,227
02/28/2022,BVY,MA,ANE,EN,Federal Contract Tower,0,6,10,0,16,0,0,100,0,100,0,6,110,0,116,80,0,80,196
03/01/2022,BVY,MA,ANE,EN,Federal Contract Tower,0,4,13,0,17,0,0,89,0,89,0,4,102,0,106,70,0,70,176
03/02/2022,BVY,MA,ANE,EN,Federal Contract Tower,0,5,25,0,30,0,0,140,0,140,0,5,165,0,170,170,0,170,340
03/03/2022,BVY,MA,ANE,EN,Federal Contract Tower,0,4,9,0,13,0,0,60,4,64,0,4,69,4,77,52,0,52,129
03/04/2022,BVY,MA,ANE,EN,Federal Contract Tower,0,4,21,0,25,0,0,150,0,150,0,4,171,0,175,200,0,200,375
03/05/2022,BVY,MA,ANE,EN,Federal Contract Tower,0,2,16,0,18,0,0,143,0,143,0,2,159,0,161,128,0,128,289
03/06/2022,BVY,MA,ANE,EN,Federal Contract Tower,0,2,6,0,8,0,0,12,0,12,0,2,18,0,20,14,0,14,34
03/07/2022,BVY,MA,ANE,EN,Federal Contract Tower,0,0,5,0,5,0,0,87,0,87,0,0,92,0,92,80,0,80,172
03/08/2022,BVY,MA,ANE,EN,Federal Contract Tower,0,4,5,0,9,0,0,52,0,52,0,4,57,0,61,68,0,68,129
03/09/2022,BVY,MA,ANE,EN,Federal Contract Tower,0,5,4,0,9,0,1,65,0,66,0,6,69,0,75,100,0,100,175
03/10/2022,BVY,MA,ANE,EN,Federal Contract Tower,0,7,15,0,22,0,0,150,0,150,0,7,165,0,172,192,0,192,364
03/11/2022,BVY,MA,ANE,EN,Federal Contract Tower,0,3,21,0,24,0,0,140,0,140,0,3,161,0,164,176,0,176,340
03/12/2022,BVY,MA,ANE,EN,Federal Contract Tower,0,3,1,0,4,0,3,1,0,4,0,6,2,0,8,0,0,0,8
03/13/2022,BVY,MA,ANE,EN,Federal Contract Tower,0,4,9,0,13,0,0,39,0,39,0,4,48,0,52,32,0,32,84
03/14/2022,BVY,MA,ANE,EN,Federal Contract Tower,0,4,15,0,19,0,0,119,0,119,0,4,134,0,138,132,0,132,270
03/15/2022,BVY,MA,ANE,EN,Federal Contract Tower,0,5,11,0,16,0,0,119,0,119,0,5,130,0,135,150,0,150,285
03/16/2022,BVY,MA,ANE,EN,Federal Contract Tower,0,1,14,0,15,0,0,128,0,128,0,1,142,0,143,194,0,194,337
03/17/2022,BVY,MA,ANE,EN,Federal Contract Tower,0,9,11,0,20,0,0,9,0,9,0,9,20,0,29,4,0,4,33
03/18/2022,BVY,MA,ANE,EN,Federal Contract Tower,0,7,16,0,23,0,0,151,2,153,0,7,167,2,176,192,0,192,368
03/19/2022,BVY,MA,ANE,EN,Federal Contract Tower,0,2,7,0,9,0,0,0,0,0,0,2,7,0,9,0,0,0,9
03/20/2022,BVY,MA,ANE,EN,Federal Contract Tower,0,4,14,0,18,0,0,124,0,124,0,4,138,0,142,178,0,178,320
03/21/2022,BVY,MA,ANE,EN,Federal Contract Tower,0,1,5,0,6,0,0,83,0,83,0,1,88,0,89,72,0,72,161
03/22/2022,BVY,MA,ANE,EN,Federal Contract Tower,0,6,16,0,22,0,0,70,0,70,0,6,86,0,92,52,0,52,144
03/23/2022,BVY,MA,ANE,EN,Federal Contract Tower,0,3,18,0,21,0,2,191,4,197,0,5,209,4,218,244,0,244,462
03/24/2022,BVY,MA,ANE,EN,Federal Contract Tower,0,3,1,0,4,0,0,0,0,0,0,3,1,0,4,0,0,0,4
03/25/2022,BVY,MA,ANE,EN,Federal Contract Tower,0,1,13,0,14,0,0,138,0,138,0,1,151,0,152,196,0,196,348
03/26/2022,BVY,MA,ANE,EN,Federal Contract Tower,0,1,22,0,23,0,0,121,0,121,0,1,143,0,144,162,0,162,306
03/27/2022,BVY,MA,ANE,EN,Federal Contract Tower,0,7,14,0,21,0,0,115,0,115,0,7,129,0,136,78,0,78,214
03/28/2022,BVY,MA,ANE,EN,Federal Contract Tower,0,5,3,0,8,0,0,62,0,62,0,5,65,0,70,34,0,34,104
03/29/2022,BVY,MA,ANE,EN,Federal Contract Tower,0,8,6,0,14,0,0,53,0,53,0,8,59,0,67,8,0,8,75
03/30/2022,BVY,MA,ANE,EN,Federal Contract Tower,0,3,18,0,21,0,0,156,0,156,0,3,174,0,177,138,0,138,315
03/31/2022,BVY,MA,ANE,EN,Federal Contract Tower,0,9,7,0,16,0,0,9,0,9,0,9,16,0,25,0,0,0,25
04/01/2022,BVY,MA,ANE,EN,Federal Contract Tower,0,4,10,0,14,0,0,68,0,68,0,4,78,0,82,94,0,94,176
04/02/2022,BVY,MA,ANE,EN,Federal Contract Tower,0,2,14,0,16,0,0,83,0,83,0,2,97,0,99,72,0,72,171
04/03/2022,BVY,MA,ANE,EN,Federal Contract Tower,0,1,19,0,20,0,0,201,0,201,0,1,220,0,221,258,0,258,479
04/04/2022,BVY,MA,ANE,EN,Federal Contract Tower,0,6,17,0,23,0,0,127,0,127,0,6,144,0,150,152,0,152,302
04/05/2022,BVY,MA,ANE,EN,Federal Contract Tower,0,7,14,0,21,0,0,192,0,192,0,7,206,0,213,256,0,256,469
04/06/2022,BVY,MA,ANE,EN,Federal Contract Tower,0,4,17,0,21,0,0,22,0,22,0,4,39,0,43,8,0,8,51
04/07/2022,BVY,MA,ANE,EN,Federal Contract Tower,0,1,10,0,11,0,0,116,0,116,0,1,126,0,127,102,0,102,229
04/08/2022,BVY,MA,ANE,EN,Federal Contract Tower,0,1,8,0,9,0,0,71,0,71,0,1,79,0,80,116,0,116,196
04/09/2022,BVY,MA,ANE,EN,Federal Contract Tower,0,2,18,1,21,0,0,134,2,136,0,2,152,3,157,92,0,92,249
04/10/2022,BVY,MA,ANE,EN,Federal Contract Tower,0,3,6,0,9,0,0,154,0,154,0,3,160,0,163,128,0,128,291
04/11/2022,BVY,MA,ANE,EN,Federal Contract Tower,0,4,15,0,19,0,0,183,0,183,0,4,198,0,202,262,0,262,464
04/12/2022,BVY,MA,ANE,EN,Federal Contract Tower,0,3,12,1,16,0,0,111,8,119,0,3,123,9,135,142,0,142,277
04/13/2022,BVY,MA,ANE,EN,Federal Contract Tower,0,3,7,0,10,0,0,159,0,159,0,3,166,0,169,232,0,232,401
04/14/2022,BVY,MA,ANE,EN,Federal Contract Tower,0,0,8,0,8,0,0,0,0,0,0,0,8,0,8,0,0,0,8
04/15/2022,BVY,MA,ANE,EN,Federal Contract Tower,0,1,19,0,20,0,0,140,0,140,0,1,159,0,160,148,0,148,308
04/16/2022,BVY,MA,ANE,EN,Federal Contract Tower,0,5,14,0,19,0,0,75,0,75,0,5,89,0,94,52,0,52,146
04/17/2022,BVY,MA,ANE,EN,Federal Contract Tower,0,0,7,0,7,0,0,84,0,84,0,0,91,0,91,44,0,44,135
04/18/2022,BVY,MA,ANE,EN,Federal Contract Tower,0,3,17,0,20,0,0,133,0,133,0,3,150,0,153,178,0,178,331
04/19/2022,BVY,MA,ANE,EN,Federal Contract Tower,0,3,0,0,3,0,0,10,0,10,0,3,10,0,13,0,0,0,13
04/20/2022,BVY,MA,ANE,EN,Federal Contract Tower,0,3,8,0,11,0,0,122,0,122,0,3,130,0,133,98,0,98,231
04/21/2022,BVY,MA,ANE,EN,Federal Contract Tower,0,4,17,0,21,0,0,108,0,108,0,4,125,0,129,132,0,132,261
04/22/2022,BVY,MA,ANE,EN,Federal Contract Tower,0,2,7,0,9,0,0,101,0,101,0,2,108,0,110,58,0,58,168
04/23/2022,BVY,MA,ANE,EN,Federal Contract Tower,0,9,5,0,14,0,0,196,0,196,0,9,201,0,210,194,0,194,404
04/24/2022,BVY,MA,ANE,EN,Federal Contract Tower,0,9,5,0,14,0,0,177,0,177,0,9,182,0,191,180,0,180,371
04/25/2022,BVY,MA,ANE,EN,Federal Contract Tower,0,5,9,0,14,0,0,136,0,136,0,5,145,0,150,246,0,246,396
04/26/2022,BVY,MA,ANE,EN,Federal Contract Tower,0,7,9,0,16,0,0,64,0,64,0,7,73,0,80,24,0,24,104
04/27/2022,BVY,MA,ANE,EN,Federal Contract Tower,0,5,12,0,17,0,0,110,0,110,0,5,122,0,127,86,0,86,213
04/28/2022,BVY,MA,ANE,EN,Federal Contract Tower,0,3,5,0,8,0,0,32,0,32,0,3,37,0,40,10,0,10,50
04/29/2022,BVY,MA,ANE,EN,Federal Contract Tower,0,4,1,0,5,0,0,75,0,75,0,4,76,0,80,16,0,16,96
04/30/2022,BVY,MA,ANE,EN,Federal Contract Tower,0,6,15,0,21,0,0,189,0,189,0,6,204,0,210,258,0,258,468
05/01/2022,BVY,MA,ANE,EN,Federal Contract Tower,0,1,6,0,7,0,0,208,0,208,0,1,214,0,215,176,0,176,391
05/02/2022,BVY,MA,ANE,EN,Federal Contract Tower,0,3,15,0,18,0,0,113,0,113,0,3,128,0,131,140,0,140,271
05/03/2022,BVY,MA,ANE,EN,Federal Contract Tower,0,4,12,0,16,0,0,83,0,83,0,4,95,0,99,66,0,66,165
05/04/2022,BVY,MA,ANE,EN,Federal Contract Tower,0,4,16,0,20,0,0,5,0,5,0,4,21,0,25,8,0,8,33
05/05/2022,BVY,MA,ANE,EN,Federal Contract Tower,0,8,9,0,17,0,0,217,0,217,0,8,226,0,234,212,0,212,446
05/06/2022,BVY,MA,ANE,EN,Federal Contract Tower,0,11,15,0,26,0,0,163,0,163,0,11,178,0,189,188,0,188,377
05/07/2022,BVY,MA,ANE,EN,Federal Contract Tower,0,1,9,0,10,0,0,55,0,55,0,1,64,0,65,28,0,28,93
05/08/2022,BVY,MA,ANE,EN,Federal Contract Tower,0,3,2,0,5,0,0,30,0,30,0,3,32,0,35,20,0,20,55
05/09/2022,BVY,MA,ANE,EN,Federal Contract Tower,0,2,6,0,8,0,0,35,0,35,0,2,41,0,43,2,0,2,45
05/10/2022,BVY,MA,ANE,EN,Federal Contract Tower,0,4,6,0,10,0,0,95,0,95,0,4,101,0,105,38,0,38,143
05/11/2022,BVY,MA,ANE,EN,Federal Contract Tower,0,4,14,0,18,0,0,89,0,89,0,4,103,0,107,88,0,88,195
05/12/2022,BVY,MA,ANE,EN,Federal Contract Tower,0,6,15,0,21,0,0,70,0,70,0,6,85,0,91,58,0,58,149
05/13/2022,BVY,MA,ANE,EN,Federal Contract Tower,0,4,12,0,16,0,0,152,0,152,0,4,164,0,168,242,0,242,410
05/14/2022,BVY,MA,ANE,EN,Federal Contract Tower,0,6,15,0,21,0,0,191,0,191,0,6,206,0,212,194,0,194,406
05/15/2022,BVY,MA,ANE,EN,Federal Contract Tower,0,6,12,0,18,0,0,162,0,162,0,6,174,0,180,110,0,110,290
05/16/2022,BVY,MA,ANE,EN,Federal Contract Tower,0,5,10,0,15,0,0,84,0,84,0,5,94,0,99,116,0,116,215
05/17/2022,BVY,MA,ANE,EN,Federal Contract Tower,0,4,3,0,7,0,0,90,0,90,0,4,93,0,97,28,0,28,125
05/18/2022,BVY,MA,ANE,EN,Federal Contract Tower,0,7,8,0,15,0,0,127,0,127,0,7,135,0,142,150,0,150,292
05/19/2022,BVY,MA,ANE,EN,Federal Contract Tower,0,6,20,0,26,0,0,31,0,31,0,6,51,0,57,65,0,65,122
05/20/2022,BVY,MA,ANE,EN,Federal Contract Tower,0,12,19,0,31,0,0,108,0,108,0,12,127,0,139,142,0,142,281
05/21/2022,BVY,MA,ANE,EN,Federal Contract Tower,0,21,7,0,28,0,0,82,0,82,0,21,89,0,110,96,0,96,206
05/22/2022,BVY,MA,ANE,EN,Federal Contract Tower,0,5,12,0,17,0,0,141,0,141,0,5,153,0,158,90,0,90,248
05/23/2022,BVY,MA,ANE,EN,Federal Contract Tower,0,0,13,0,13,0,0,143,0,143,0,0,156,0,156,100,0,100,256
05/24/2022,BVY,MA,ANE,EN,Federal Contract Tower,0,3,14,0,17,0,0,182,0,182,0,3,196,0,199,122,0,122,321
05/25/2022,BVY,MA,ANE,EN,Federal Contract Tower,0,4,21,0,25,0,0,137,9,146,0,4,158,9,171,104,0,104,275
05/26/2022,BVY,MA,ANE,EN,Federal Contract Tower,0,7,13,0,20,0,0,139,0,139,0,7,152,0,159,140,0,140,299
05/27/2022,BVY,MA,ANE,EN,Federal Contract Tower,0,8,10,0,18,0,0,66,0,66,0,8,76,0,84,64,0,64,148
05/28/2022,BVY,MA,ANE,EN,Federal Contract Tower,0,7,10,0,17,0,0,0,0,0,0,7,10,0,17,18,0,18,35
05/29/2022,BVY,MA,ANE,EN,Federal Contract Tower,0,1,9,0,10,0,0,154,0,154,0,1,163,0,164,154,0,154,318
05/30/2022,BVY,MA,ANE,EN,Federal Contract Tower,0,4,9,0,13,0,2,167,0,169,0,6,176,0,182,66,0,66,248
05/31/2022,BVY,MA,ANE,EN,Federal Contract Tower,0,7,21,0,28,0,2,109,0,111,0,9,130,0,139,146,0,146,285
06/01/2022,BVY,MA,ANE,EN,Federal Contract Tower,0,1,13,0,14,0,0,81,0,81,0,1,94,0,95,50,0,50,145
06/02/2022,BVY,MA,ANE,EN,Federal Contract Tower,0,8,12,0,20,0,0,8,0,8,0,8,20,0,28,0,0,0,28
06/03/2022,BVY,MA,ANE,EN,Federal Contract Tower,0,3,12,0,15,0,0,0,0,0,0,3,12,0,15,0,0,0,15
06/04/2022,BVY,MA,ANE,EN,Federal Contract Tower,0,7,11,0,18,0,13,185,0,198,0,20,196,0,216,176,0,176,392
06/05/2022,BVY,MA,ANE,EN,Federal Contract Tower,0,7,24,0,31,0,0,156,0,156,0,7,180,0,187,138,0,138,325
06/06/2022,BVY,MA,ANE,EN,Federal Contract Tower,0,4,15,0,19,0,1,178,4,183,0,5,193,4,202,224,0,224,426
06/07/2022,BVY,MA,ANE,EN,Federal Contract Tower,0,4,7,0,11,0,0,122,0,122,0,4,129,0,133,140,0,140,273
06/08/2022,BVY,MA,ANE,EN,Federal Contract Tower,0,3,15,0,18,0,0,76,2,78,0,3,91,2,96,116,0,116,212
06/09/2022,BVY,MA,ANE,EN,Federal Contract Tower,0,3,6,2,11,0,0,25,0,25,0,3,31,2,36,24,0,24,60
06/10/2022,BVY,MA,ANE,EN,Federal Contract Tower,0,10,24,0,34,0,6,161,3,170,0,16,185,3,204,150,0,150,354
06/11/2022,BVY,MA,ANE,EN,Federal Contract Tower,0,10,16,0,26,0,0,159,0,159,0,10,175,0,185,196,0,196,381
06/12/2022,BVY,MA,ANE,EN,Federal Contract Tower,0,12,13,1,26,0,0,148,0,148,0,12,161,1,174,174,2,176,350
06/13/2022,BVY,MA,ANE,EN,Federal Contract Tower,0,3,22,0,25,0,1,135,0,136,0,4,157,0,161,192,0,192,353
06/14/2022,BVY,MA,ANE,EN,Federal Contract Tower,0,6,10,0,16,0,1,146,0,147,0,7,156,0,163,190,0,190,353
06/15/2022,BVY,MA,ANE,EN,Federal Contract Tower,0,5,29,0,34,0,0,152,0,152,0,5,181,0,186,138,0,138,324
06/16/2022,BVY,MA,ANE,EN,Federal Contract Tower,0,2,15,0,17,0,0,88,3,91,0,2,103,3,108,82,0,82,190
06/17/2022,BVY,MA,ANE,EN,Federal Contract Tower,0,5,14,0,19,0,1,66,0,67,0,6,80,0,86,60,0,60,146
06/18/2022,BVY,MA,ANE,EN,Federal Contract Tower,0,3,10,0,13,0,1,71,0,72,0,4,81,0,85,38,0,38,123
06/19/2022,BVY,MA,ANE,EN,Federal Contract Tower,0,4,8,0,12,0,0,117,0,117,0,4,125,0,129,48,0,48,177
06/20/2022,BVY,MA,ANE,EN,Federal Contract Tower,0,9,16,0,25,0,0,141,0,141,0,9,157,0,166,124,0,124,290
06/21/2022,BVY,MA,ANE,EN,Federal Contract Tower,0,5,21,0,26,0,0,157,4,161,0,5,178,4,187,146,0,146,333
06/22/2022,BVY,MA,ANE,EN,Federal Contract Tower,0,9,17,0,26,0,0,122,0,122,0,9,139,0,148,146,0,146,294
06/23/2022,BVY,MA,ANE,EN,Federal Contract Tower,0,6,14,0,20,0,1,102,0,103,0,7,116,0,123,192,0,192,315
06/24/2022,BVY,MA,ANE,EN,Federal Contract Tower,0,6,34,0,40,0,0,172,2,174,0,6,206,2,214,116,0,116,330
06/25/2022,BVY,MA,ANE,EN,Federal Contract Tower,0,10,10,0,20,0,0,178,0,178,0,10,188,0,198,142,0,142,340
06/26/2022,BVY,MA,ANE,EN,Federal Contract Tower,0,1,14,0,15,0,0,170,0,170,0,1,184,0,185,98,0,98,283
06/27/2022,BVY,MA,ANE,EN,Federal Contract Tower,0,8,11,0,19,0,0,13,0,13,0,8,24,0,32,22,0,22,54
06/28/2022,BVY,MA,ANE,EN,Federal Contract Tower,0,2,11,0,13,0,0,153,0,153,0,2,164,0,166,202,0,202,368
06/29/2022,BVY,MA,ANE,EN,Federal Contract Tower,0,9,26,0,35,0,3,182,0,185,0,12,208,0,220,102,0,102,322
06/30/2022,BVY,MA,ANE,EN,Federal Contract Tower,0,10,17,0,27,0,3,237,0,240,0,13,254,0,267,222,0,222,489
07/01/2022,BVY,MA,ANE,EN,Federal Contract Tower,0,13,10,0,23,0,0,120,0,120,0,13,130,0,143,140,0,140,283
07/02/2022,BVY,MA,ANE,EN,Federal Contract Tower,0,3,13,0,16,0,0,0,0,0,0,3,13,0,16,44,0,44,60
07/03/2022,BVY,MA,ANE,EN,Federal Contract Tower,0,10,12,0,22,0,0,123,0,123,0,10,135,0,145,44,0,44,189
07/04/2022,BVY,MA,ANE,EN,Federal Contract Tower,0,4,6,0,10,0,3,70,0,73,0,7,76,0,83,2,0,2,85
07/05/2022,BVY,MA,ANE,EN,Federal Contract Tower,0,8,11,0,19,0,0,134,0,134,0,8,145,0,153,116,0,116,269
07/06/2022,BVY,MA,ANE,EN,Federal Contract Tower,0,1,15,0,16,0,0,153,0,153,0,1,168,0,169,150,0,150,319
07/07/2022,BVY,MA,ANE,EN,Federal Contract Tower,0,2,16,0,18,0,0,205,0,205,0,2,221,0,223,114,0,114,337
07/08/2022,BVY,MA,ANE,EN,Federal Contract Tower,0,12,18,0,30,0,3,166,0,169,0,15,184,0,199,142,0,142,341
07/09/2022,BVY,MA,ANE,EN,Federal Contract Tower,0,12,10,0,22,0,0,172,0,172,0,12,182,0,194,126,0,126,320
07/10/2022,BVY,MA,ANE,EN,Federal Contract Tower,0,10,18,0,28,0,2,170,0,172,0,12,188,0,200,94,0,94,294
07/11/2022,BVY,MA,ANE,EN,Federal Contract Tower,0,13,7,0,20,0,0,195,0,195,0,13,202,0,215,138,0,138,353
07/12/2022,BVY,MA,ANE,EN,Federal Contract Tower,0,8,10,0,18,0,0,108,0,108,0,8,118,0,126,32,0,32,158
07/13/2022,BVY,MA,ANE,EN,Federal Contract Tower,0,12,6,0,18,0,0,205,2,207,0,12,211,2,225,164,0,164,389
07/14/2022,BVY,MA,ANE,EN,Federal Contract Tower,0,10,12,0,22,0,3,148,0,151,0,13,160,0,173,172,0,172,345
07/15/2022,BVY,MA,ANE,EN,Federal Contract Tower,0,11,17,0,28,0,0,198,0,198,0,11,215,0,226,152,0,152,378
07/16/2022,BVY,MA,ANE,EN,Federal Contract Tower,0,3,13,0,16,0,0,186,0,186,0,3,199,0,202,180,0,180,382
07/17/2022,BVY,MA,ANE,EN,Federal Contract Tower,0,16,23,0,39,0,1,185,0,186,0,17,208,0,225,48,0,48,273
07/18/2022,BVY,MA,ANE,EN,Federal Contract Tower,0,17,3,0,20,0,0,51,0,51,0,17,54,0,71,80,0,80,151
07/19/2022,BVY,MA,ANE,EN,Federal Contract Tower,0,4,8,0,12,0,3,148,0,151,0,7,156,0,163,90,0,90,253
07/20/2022,BVY,MA,ANE,EN,Federal Contract Tower,0,10,15,0,25,0,0,136,0,136,0,10,151,0,161,184,0,184,345
07/21/2022,BVY,MA,ANE,EN,Federal Contract Tower,0,14,8,0,22,0,0,90,0,90,0,14,98,0,112,84,0,84,196
07/22/2022,BVY,MA,ANE,EN,Federal Contract Tower,0,16,13,0,29,0,0,187,0,187,0,16,200,0,216,164,0,164,380
07/23/2022,BVY,MA,ANE,EN,Federal Contract Tower,0,13,11,0,24,0,0,144,0,144,0,13,155,0,168,156,0,156,324
07/24/2022,BVY,MA,ANE,EN,Federal Contract Tower,0,11,10,0,21,0,0,92,0,92,0,11,102,0,113,32,0,32,145
07/25/2022,BVY,MA,ANE,EN,Federal Contract Tower,0,4,6,0,10,0,0,52,0,52,0,4,58,0,62,42,0,42,104
07/26/2022,BVY,MA,ANE,EN,Federal Contract Tower,0,6,20,0,26,0,0,185,0,185,0,6,205,0,211,224,0,224,435
07/27/2022,BVY,MA,ANE,EN,Federal Contract Tower,0,7,16,0,23,0,0,183,0,183,0,7,199,0,206,158,0,158,364
07/28/2022,BVY,MA,ANE,EN,Federal Contract Tower,0,4,11,0,15,0,0,115,0,115,0,4,126,0,130,108,0,108,238
07/29/2022,BVY,MA,ANE,EN,Federal Contract Tower,0,14,14,0,28,0,0,157,0,157,0,14,171,0,185,170,0,170,355
07/30/2022,BVY,MA,ANE,EN,Federal Contract Tower,0,13,7,0,20,0,0,173,0,173,0,13,180,0,193,118,0,118,311
07/31/2022,BVY,MA,ANE,EN,Federal Contract Tower,0,13,17,0,30,0,0,188,0,188,0,13,205,0,218,140,0,140,358
08/01/2022,BVY,MA,ANE,EN,Federal Contract Tower,0,1,15,0,16,0,0,145,0,145,0,1,160,0,161,132,0,132,293
08/02/2022,BVY,MA,ANE,EN,Federal Contract Tower,0,1,9,0,10,0,0,125,0,125,0,1,134,0,135,168,0,168,303
08/03/2022,BVY,MA,ANE,EN,Federal Contract Tower,0,8,7,0,15,0,0,198,3,201,0,8,205,3,216,204,0,204,420
08/04/2022,BVY,MA,ANE,EN,Federal Contract Tower,0,6,13,0,19,0,0,128,8,136,0,6,141,8,155,142,0,142,297
08/05/2022,BVY,MA,ANE,EN,Federal Contract Tower,0,11,7,0,18,0,0,122,0,122,0,11,129,0,140,154,0,154,294
08/06/2022,BVY,MA,ANE,EN,Federal Contract Tower,0,9,13,0,22,0,0,162,0,162,0,9,175,0,184,156,2,158,342
08/07/2022,BVY,MA,ANE,EN,Federal Contract Tower,0,6,6,0,12,0,0,115,0,115,0,6,121,0,127,118,0,118,245
08/08/2022,BVY,MA,ANE,EN,Federal Contract Tower,0,3,10,0,13,0,0,123,0,123,0,3,133,0,136,112,0,112,248
08/09/2022,BVY,MA,ANE,EN,Federal Contract Tower,0,5,9,0,14,0,0,81,0,81,0,5,90,0,95,72,0,72,167
08/10/2022,BVY,MA,ANE,EN,Federal Contract Tower,0,5,21,0,26,0,0,98,0,98,0,5,119,0,124,160,0,160,284
08/11/2022,BVY,MA,ANE,EN,Federal Contract Tower,0,12,25,0,37,0,0,140,0,140,0,12,165,0,177,150,0,150,327
08/12/2022,BVY,MA,ANE,EN,Federal Contract Tower,0,10,14,0,24,0,0,187,0,187,0,10,201,0,211,102,0,102,313
08/13/2022,BVY,MA,ANE,EN,Federal Contract Tower,0,6,15,0,21,0,0,162,0,162,0,6,177,0,183,192,0,192,375
08/14/2022,BVY,MA,ANE,EN,Federal Contract Tower,0,3,10,0,13,0,0,170,0,170,0,3,180,0,183,140,0,140,323
08/15/2022,BVY,MA,ANE,EN,Federal Contract Tower,0,10,24,0,34,0,0,147,0,147,0,10,171,0,181,174,0,174,355
08/16/2022,BVY,MA,ANE,EN,Federal Contract Tower,0,13,12,0,25,0,0,175,0,175,0,13,187,0,200,136,0,136,336
08/17/2022,BVY,MA,ANE,EN,Federal Contract Tower,0,3,11,0,14,0,1,68,2,71,0,4,79,2,85,62,0,62,147
08/18/2022,BVY,MA,ANE,EN,Federal Contract Tower,0,12,17,0,29,0,0,79,0,79,0,12,96,0,108,56,0,56,164
08/19/2022,BVY,MA,ANE,EN,Federal Contract Tower,0,6,17,0,23,0,0,169,0,169,0,6,186,0,192,204,0,204,396
08/20/2022,BVY,MA,ANE,EN,Federal Contract Tower,0,3,11,0,14,0,0,180,0,180,0,3,191,0,194,172,0,172,366
08/21/2022,BVY,MA,ANE,EN,Federal Contract Tower,0,10,10,0,20,0,0,153,6,159,0,10,163,6,179,140,0,140,319
08/22/2022,BVY,MA,ANE,EN,Federal Contract Tower,0,5,13,0,18,0,0,0,0,0,0,5,13,0,18,0,0,0,18
08/23/2022,BVY,MA,ANE,EN,Federal Contract Tower,0,0,6,0,6,0,0,82,0,82,0,0,88,0,88,88,0,88,176
08/24/2022,BVY,MA,ANE,EN,Federal Contract Tower,0,4,10,0,14,0,0,144,0,144,0,4,154,0,158,164,0,164,322
08/25/2022,BVY,MA,ANE,EN,Federal Contract Tower,0,8,8,0,16,0,2,191,6,199,0,10,199,6,215,162,0,162,377
08/26/2022,BVY,MA,ANE,EN,Federal Contract Tower,0,8,8,0,16,0,1,86,0,87,0,9,94,0,103,56,0,56,159
08/27/2022,BVY,MA,ANE,EN,Federal Contract Tower,0,8,5,0,13,0,0,163,0,163,0,8,168,0,176,164,0,164,340
08/28/2022,BVY,MA,ANE,EN,Federal Contract Tower,0,16,5,0,21,0,0,183,0,183,0,16,188,0,204,168,0,168,372
08/29/2022,BVY,MA,ANE,EN,Federal Contract Tower,0,6,8,0,14,0,0,159,2,161,0,6,167,2,175,124,0,124,299
08/30/2022,BVY,MA,ANE,EN,Federal Contract Tower,0,6,18,0,24,0,0,138,0,138,0,6,156,0,162,164,0,164,326
08/31/2022,BVY,MA,ANE,EN,Federal Contract Tower,0,2,20,0,22,0,0,115,0,115,0,2,135,0,137,200,0,200,337
09/01/2022,BVY,MA,ANE,EN,Federal Contract Tower,0,12,14,0,26,0,0,118,4,122,0,12,132,4,148,114,0,114,262
09/02/2022,BVY,MA,ANE,EN,Federal Contract Tower,0,25,23,0,48,0,1,239,0,240,0,26,262,0,288,220,0,220,508
09/03/2022,BVY,MA,ANE,EN,Federal Contract Tower,0,11,20,0,31,0,0,193,0,193,0,11,213,0,224,118,0,118,342
09/04/2022,BVY,MA,ANE,EN,Federal Contract Tower,0,11,3,0,14,0,0,117,0,117,0,11,120,0,131,118,0,118,249
09/05/2022,BVY,MA,ANE,EN,Federal Contract Tower,0,6,15,0,21,0,0,0,0,0,0,6,15,0,21,0,0,0,21
09/06/2022,BVY,MA,ANE,EN,Federal Contract Tower,0,6,10,0,16,0,0,0,0,0,0,6,10,0,16,0,0,0,16
09/07/2022,BVY,MA,ANE,EN,Federal Contract Tower,0,6,19,0,25,0,0,129,0,129,0,6,148,0,154,82,0,82,236
09/08/2022,BVY,MA,ANE,EN,Federal Contract Tower,0,11,17,0,28,0,2,167,2,171,0,13,184,2,199,166,0,166,365
09/09/2022,BVY,MA,ANE,EN,Federal Contract Tower,0,10,5,0,15,0,0,174,0,174,0,10,179,0,189,100,0,100,289
09/10/2022,BVY,MA,ANE,EN,Federal Contract Tower,0,9,12,0,21,0,0,235,0,235,0,9,247,0,256,190,0,190,446
09/11/2022,BVY,MA,ANE,EN,Federal Contract Tower,0,19,11,0,30,0,0,146,0,146,0,19,157,0,176,122,0,122,298
09/12/2022,BVY,MA,ANE,EN,Federal Contract Tower,0,19,9,0,28,0,0,26,0,26,0,19,35,0,54,36,0,36,90
09/13/2022,BVY,MA,ANE,EN,Federal Contract Tower,0,8,9,0,17,0,0,1,0,1,0,8,10,0,18,0,0,0,18
09/14/2022,BVY,MA,ANE,EN,Federal Contract Tower,0,9,14,0,23,0,0,143,0,143,0,9,157,0,166,104,0,104,270
09/15/2022,BVY,MA,ANE,EN,Federal Contract Tower,0,7,8,0,15,0,0,104,0,104,0,7,112,0,119,68,12,80,199
09/16/2022,BVY,MA,ANE,EN,Federal Contract Tower,0,4,10,0,14,0,1,162,0,163,0,5,172,0,177,106,0,106,283
09/17/2022,BVY,MA,ANE,EN,Federal Contract Tower,0,1,17,0,18,0,0,200,0,200,0,1,217,0,218,190,0,190,408
09/18/2022,BVY,MA,ANE,EN,Federal Contract Tower,0,6,15,0,21,0,0,155,0,155,0,6,170,0,176,146,0,146,322
09/19/2022,BVY,MA,ANE,EN,Federal Contract Tower,0,5,15,0,20,0,4,6,0,10,0,9,21,0,30,32,4,36,66
09/20/2022,BVY,MA,ANE,EN,Federal Contract Tower,0,2,17,0,19,0,0,7,0,7,0,2,24,0,26,36,0,36,62
09/21/2022,BVY,MA,ANE,EN,Federal Contract Tower,0,10,14,0,24,0,0,155,0,155,0,10,169,0,179,270,0,270,449
09/22/2022,BVY,MA,ANE,EN,Federal Contract Tower,0,11,2,0,13,0,0,7,0,7,0,11,9,0,20,4,0,4,24
09/23/2022,BVY,MA,ANE,EN,Federal Contract Tower,0,9,19,0,28,0,0,96,0,96,0,9,115,0,124,76,0,76,200
09/24/2022,BVY,MA,ANE,EN,Federal Contract Tower,0,5,12,0,17,0,0,120,2,122,0,5,132,2,139,142,0,142,281
09/25/2022,BVY,MA,ANE,EN,Federal Contract Tower,0,14,20,0,34,0,1,156,0,157,0,15,176,0,191,162,0,162,353
09/26/2022,BVY,MA,ANE,EN,Federal Contract Tower,0,6,12,0,18,0,2,147,0,149,0,8,159,0,167,188,0,188,355
09/27/2022,BVY,MA,ANE,EN,Federal Contract Tower,0,2,10,0,12,0,4,181,0,185,0,6,191,0,197,120,0,120,317
09/28/2022,BVY,MA,ANE,EN,Federal Contract Tower,0,12,13,0,25,0,0,190,0,190,0,12,203,0,215,154,0,154,369
09/29/2022,BVY,MA,ANE,EN,Federal Contract Tower,0,3,10,0,13,0,0,164,0,164,0,3,174,0,177,204,0,204,381
09/30/2022,BVY,MA,ANE,EN,Federal Contract Tower,0,10,12,0,22,0,1,182,0,183,0,11,194,0,205,222,0,222,427
10/01/2022,BVY,MA,ANE,EN,Federal Contract Tower,0,9,4,0,13,0,0,130,0,130,0,9,134,0,143,132,0,132,275
10/02/2022,BVY,MA,ANE,EN,Federal Contract Tower,0,12,5,0,17,0,1,12,0,13,0,13,17,0,30,16,0,16,46
10/03/2022,BVY,MA,ANE,EN,Federal Contract Tower,0,12,4,4,20,0,0,114,0,114,0,12,118,4,134,124,16,140,274
10/04/2022,BVY,MA,ANE,EN,Federal Contract Tower,0,2,5,0,7,0,0,73,2,75,0,2,78,2,82,56,0,56,138
10/05/2022,BVY,MA,ANE,EN,Federal Contract Tower,0,10,10,0,20,0,0,0,0,0,0,10,10,0,20,0,0,0,20
10/06/2022,BVY,MA,ANE,EN,Federal Contract Tower,0,6,4,0,10,0,0,165,0,165,0,6,169,0,175,210,0,210,385
10/07/2022,BVY,MA,ANE,EN,Federal Contract Tower,0,13,11,0,24,0,1,190,0,191,0,14,201,0,215,162,0,162,377
10/08/2022,BVY,MA,ANE,EN,Federal Contract Tower,0,9,18,0,27,0,0,233,0,233,0,9,251,0,260,132,0,132,392
10/09/2022,BVY,MA,ANE,EN,Federal Contract Tower,0,9,4,0,13,0,0,158,0,158,0,9,162,0,171,120,0,120,291
10/10/2022,BVY,MA,ANE,EN,Federal Contract Tower,0,16,7,0,23,0,0,122,0,122,0,16,129,0,145,152,0,152,297
10/11/2022,BVY,MA,ANE,EN,Federal Contract Tower,0,6,16,0,22,0,0,202,0,202,0,6,218,0,224,132,0,132,356
10/12/2022,BVY,MA,ANE,EN,Federal Contract Tower,0,3,13,0,16,0,1,214,0,215,0,4,227,0,231,178,0,178,409
10/14/2022,BVY,MA,ANE,EN,Federal Contract Tower,0,9,10,0,19,0,0,8,0,8,0,9,18,0,27,0,0,0,27
10/15/2022,BVY,MA,ANE,EN,Federal Contract Tower,0,6,15,0,21,0,0,199,0,199,0,6,214,0,220,184,0,184,404
10/16/2022,BVY,MA,ANE,EN,Federal Contract Tower,0,7,16,0,23,0,0,191,0,191,0,7,207,0,214,110,0,110,324
10/17/2022,BVY,MA,ANE,EN,Federal Contract Tower,0,3,10,0,13,0,0,5,0,5,0,3,15,0,18,0,0,0,18
10/18/2022,BVY,MA,ANE,EN,Federal Contract Tower,0,8,3,0,11,0,0,89,0,89,0,8,92,0,100,136,0,136,236
10/19/2022,BVY,MA,ANE,EN,Federal Contract Tower,0,3,9,0,12,0,1,174,0,175,0,4,183,0,187,194,0,194,381
10/20/2022,BVY,MA,ANE,EN,Federal Contract Tower,0,10,12,0,22,0,2,159,0,161,0,12,171,0,183,112,0,112,295
10/21/2022,BVY,MA,ANE,EN,Federal Contract Tower,0,3,5,0,8,0,0,218,0,218,0,3,223,0,226,130,0,130,356
10/22/2022,BVY,MA,ANE,EN,Federal Contract Tower,0,10,16,0,26,0,0,205,0,205,0,10,221,0,231,214,0,214,445
10/23/2022,BVY,MA,ANE,EN,Federal Contract Tower,0,9,8,0,17,0,0,105,0,105,0,9,113,0,122,118,0,118,240
10/24/2022,BVY,MA,ANE,EN,Federal Contract Tower,0,3,2,0,5,0,0,0,0,0,0,3,2,0,5,0,0,0,5
10/25/2022,BVY,MA,ANE,EN,Federal Contract Tower,0,2,1,0,3,0,0,0,0,0,0,2,1,0,3,0,0,0,3
10/26/2022,BVY,MA,ANE,EN,Federal Contract Tower,0,5,2,0,7,0,0,0,0,0,0,5,2,0,7,0,0,0,7
10/27/2022,BVY,MA,ANE,EN,Federal Contract Tower,0,6,10,0,16,0,0,180,0,180,0,6,190,0,196,82,0,82,278
10/28/2022,BVY,MA,ANE,EN,Federal Contract Tower,0,1,10,0,11,0,0,157,0,157,0,1,167,0,168,164,0,164,332
10/29/2022,BVY,MA,ANE,EN,Federal Contract Tower,0,1,11,0,12,0,0,198,0,198,0,1,209,0,210,244,0,244,454
10/30/2022,BVY,MA,ANE,EN,Federal Contract Tower,0,5,9,0,14,0,0,185,0,185,0,5,194,0,199,152,0,152,351
10/31/2022,BVY,MA,ANE,EN,Federal Contract Tower,0,2,6,0,8,0,0,141,0,141,0,2,147,0,149,140,0,140,289
11/01/2022,BVY,MA,ANE,EN,Federal Contract Tower,0,1,6,1,8,0,0,69,0,69,0,1,75,1,77,72,0,72,149
11/02/2022,BVY,MA,ANE,EN,Federal Contract Tower,0,4,6,0,10,0,0,143,0,143,0,4,149,0,153,144,0,144,297
11/03/2022,BVY,MA,ANE,EN,Federal Contract Tower,0,7,12,0,19,0,0,179,0,179,0,7,191,0,198,136,0,136,334
11/04/2022,BVY,MA,ANE,EN,Federal Contract Tower,0,2,4,0,6,0,6,133,0,139,0,8,137,0,145,122,0,122,267
11/05/2022,BVY,MA,ANE,EN,Federal Contract Tower,0,4,11,0,15,0,0,152,0,152,0,4,163,0,167,74,0,74,241
11/06/2022,BVY,MA,ANE,EN,Federal Contract Tower,0,2,15,0,17,0,0,84,0,84,0,2,99,0,101,112,0,112,213
11/07/2022,BVY,MA,ANE,EN,Federal Contract Tower,0,5,8,0,13,0,0,82,0,82,0,5,90,0,95,38,0,38,133
11/08/2022,BVY,MA,ANE,EN,Federal Contract Tower,0,2,2,0,4,0,1,68,0,69,0,3,70,0,73,78,0,78,151
11/09/2022,BVY,MA,ANE,EN,Federal Contract Tower,0,2,17,0,19,0,0,190,0,190,0,2,207,0,209,224,0,224,433
11/10/2022,BVY,MA,ANE,EN,Federal Contract Tower,0,9,6,0,15,0,5,135,0,140,0,14,141,0,155,96,0,96,251
11/11/2022,BVY,MA,ANE,EN,Federal Contract Tower,0,3,4,0,7,0,4,123,0,127,0,7,127,0,134,158,0,158,292
11/12/2022,BVY,MA,ANE,EN,Federal Contract Tower,0,4,1,0,5,0,0,23,0,23,0,4,24,0,28,22,0,22,50
11/13/2022,BVY,MA,ANE,EN,Federal Contract Tower,0,10,13,0,23,0,0,19,0,19,0,10,32,0,42,14,0,14,56
11/14/2022,BVY,MA,ANE,EN,Federal Contract Tower,0,3,9,0,12,0,6,76,0,82,0,9,85,0,94,82,0,82,176
11/15/2022,BVY,MA,ANE,EN,Federal Contract Tower,0,3,5,0,8,0,0,160,0,160,0,3,165,0,168,166,0,166,334
11/16/2022,BVY,MA,ANE,EN,Federal Contract Tower,0,3,0,0,3,0,0,4,0,4,0,3,4,0,7,0,0,0,7
11/17/2022,BVY,MA,ANE,EN,Federal Contract Tower,0,6,9,0,15,0,0,97,0,97,0,6,106,0,112,124,0,124,236
11/18/2022,BVY,MA,ANE,EN,Federal Contract Tower,0,7,20,0,27,0,4,150,0,154,0,11,170,0,181,174,0,174,355
11/19/2022,BVY,MA,ANE,EN,Federal Contract Tower,0,11,14,0,25,0,0,171,0,171,0,11,185,0,196,212,0,212,408
11/20/2022,BVY,MA,ANE,EN,Federal Contract Tower,0,1,2,0,3,0,0,27,0,27,0,1,29,0,30,10,0,10,40
11/21/2022,BVY,MA,ANE,EN,Federal Contract Tower,0,8,16,0,24,0,11,128,0,139,0,19,144,0,163,122,0,122,285
11/22/2022,BVY,MA,ANE,EN,Federal Contract Tower,0,10,13,0,23,0,5,153,0,158,0,15,166,0,181,210,0,210,391
11/23/2022,BVY,MA,ANE,EN,Federal Contract Tower,0,3,15,0,18,0,0,169,0,169,0,3,184,0,187,208,0,208,395
11/24/2022,BVY,MA,ANE,EN,Federal Contract Tower,0,2,1,0,3,0,0,17,0,17,0,2,18,0,20,8,0,8,28
11/25/2022,BVY,MA,ANE,EN,Federal Contract Tower,0,4,5,0,9,0,2,78,0,80,0,6,83,0,89,56,0,56,145
11/26/2022,BVY,MA,ANE,EN,Federal Contract Tower,0,9,7,0,16,0,2,103,2,107,0,11,110,2,123,78,0,78,201
11/27/2022,BVY,MA,ANE,EN,Federal Contract Tower,0,6,10,0,16,0,0,127,0,127,0,6,137,0,143,128,0,128,271
11/28/2022,BVY,MA,ANE,EN,Federal Contract Tower,0,3,10,0,13,0,4,106,0,110,0,7,116,0,123,88,0,88,211
11/29/2022,BVY,MA,ANE,EN,Federal Contract Tower,0,5,14,0,19,0,0,150,0,150,0,5,164,0,169,150,0,150,319
12/01/2022,BVY,MA,ANE,EN,Federal Contract Tower,0,2,2,0,4,0,4,50,0,54,0,6,52,0,58,60,0,60,118
12/02/2022,BVY,MA,ANE,EN,Federal Contract Tower,0,8,18,0,26,0,2,114,0,116,0,10,132,0,142,116,0,116,258
12/03/2022,BVY,MA,ANE,EN,Federal Contract Tower,0,0,7,0,7,0,0,4,0,4,0,0,11,0,11,8,0,8,19
12/04/2022,BVY,MA,ANE,EN,Federal Contract Tower,0,2,8,0,10,0,6,79,0,85,0,8,87,0,95,64,0,64,159
12/05/2022,BVY,MA,ANE,EN,Federal Contract Tower,0,0,6,0,6,0,8,120,0,128,0,8,126,0,134,120,0,120,254
12/06/2022,BVY,MA,ANE,EN,Federal Contract Tower,0,4,17,0,21,0,4,148,0,152,0,8,165,0,173,150,0,150,323
12/07/2022,BVY,MA,ANE,EN,Federal Contract Tower,0,1,9,0,10,0,0,0,0,0,0,1,9,0,10,0,0,0,10
12/08/2022,BVY,MA,ANE,EN,Federal Contract Tower,0,6,8,0,14,0,6,138,0,144,0,12,146,0,158,112,0,112,270
12/09/2022,BVY,MA,ANE,EN,Federal Contract Tower,0,7,11,0,18,0,0,132,0,132,0,7,143,0,150,72,0,72,222
12/10/2022,BVY,MA,ANE,EN,Federal Contract Tower,0,4,2,0,6,0,0,142,0,142,0,4,144,0,148,78,0,78,226
12/11/2022,BVY,MA,ANE,EN,Federal Contract Tower,0,6,0,0,6,0,3,104,0,107,0,9,104,0,113,36,0,36,149
12/12/2022,BVY,MA,ANE,EN,Federal Contract Tower,0,6,5,0,11,0,20,94,0,114,0,26,99,0,125,156,0,156,281
12/13/2022,BVY,MA,ANE,EN,Federal Contract Tower,0,5,5,0,10,0,1,131,0,132,0,6,136,0,142,82,0,82,224
12/14/2022,BVY,MA,ANE,EN,Federal Contract Tower,2,5,4,0,11,0,0,66,0,66,2,5,70,0,77,36,0,36,113
12/15/2022,BVY,MA,ANE,EN,Federal Contract Tower,0,7,3,0,10,0,1,83,0,84,0,8,86,0,94,140,0,140,234
12/16/2022,BVY,MA,ANE,EN,Federal Contract Tower,0,4,0,0,4,0,0,0,0,0,0,4,0,0,4,0,0,0,4
12/17/2022,BVY,MA,ANE,EN,Federal Contract Tower,0,3,2,0,5,0,0,37,0,37,0,3,39,0,42,12,0,12,54
12/18/2022,BVY,MA,ANE,EN,Federal Contract Tower,0,7,13,0,20,0,6,167,0,173,0,13,180,0,193,174,0,174,367
12/19/2022,BVY,MA,ANE,EN,Federal Contract Tower,0,6,10,0,16,0,2,97,0,99,0,8,107,0,115,60,0,60,175
12/20/2022,BVY,MA,ANE,EN,Federal Contract Tower,0,1,3,0,4,0,13,210,0,223,0,14,213,0,227,140,0,140,367
12/21/2022,BVY,MA,ANE,EN,Federal Contract Tower,0,2,15,0,17,0,15,179,0,194,0,17,194,0,211,188,0,188,399
12/22/2022,BVY,MA,ANE,EN,Federal Contract Tower,0,6,15,0,21,0,6,106,0,112,0,12,121,0,133,166,0,166,299
12/23/2022,BVY,MA,ANE,EN,Federal Contract Tower,0,2,2,0,4,0,0,0,0,0,0,2,2,0,4,2,0,2,6
12/24/2022,BVY,MA,ANE,EN,Federal Contract Tower,0,9,0,0,9,0,0,0,0,0,0,9,0,0,9,0,0,0,9
12/25/2022,BVY,MA,ANE,EN,Federal Contract Tower,0,4,0,0,4,0,0,8,0,8,0,4,8,0,12,2,0,2,14
12/26/2022,BVY,MA,ANE,EN,Federal Contract Tower,0,4,11,0,15,0,2,102,0,104,0,6,113,0,119,66,0,66,185
12/27/2022,BVY,MA,ANE,EN,Federal Contract Tower,0,8,9,0,17,0,4,128,0,132,0,12,137,0,149,180,0,180,329
12/28/2022,BVY,MA,ANE,EN,Federal Contract Tower,0,0,11,0,11,0,0,139,0,139,0,0,150,0,150,198,0,198,348
12/29/2022,BVY,MA,ANE,EN,Federal Contract Tower,0,6,10,0,16,0,8,176,0,184,0,14,186,0,200,158,0,158,358
12/30/2022,BVY,MA,ANE,EN,Federal Contract Tower,0,6,17,0,23,0,1,157,0,158,0,7,174,0,181,84,0,84,265
12/31/2022,BVY,MA,ANE,EN,Federal Contract Tower,0,5,12,0,17,0,0,51,0,51,0,5,63,0,68,8,0,8,76
01/01/2023,BVY,MA,ANE,EN,Federal Contract Tower,0,3,5,0,8,0,0,52,0,52,0,3,57,0,60,24,0,24,84
01/02/2023,BVY,MA,ANE,EN,Federal Contract Tower,0,5,11,0,16,0,4,158,0,162,0,9,169,0,178,136,0,136,314
01/03/2023,BVY,MA,ANE,EN,Federal Contract Tower,0,11,1,0,12,0,1,0,0,1,0,12,1,0,13,0,0,0,13
01/04/2023,BVY,MA,ANE,EN,Federal Contract Tower,0,15,5,0,20,0,0,0,0,0,0,15,5,0,20,0,0,0,20
01/05/2023,BVY,MA,ANE,EN,Federal Contract Tower,0,2,2,0,4,0,0,0,0,0,0,2,2,0,4,0,0,0,4
01/06/2023,BVY,MA,ANE,EN,Federal Contract Tower,0,0,0,0,0,0,0,0,0,0,0,0,0,0,0,0,0,0,0
01/07/2023,BVY,MA,ANE,EN,Federal Contract Tower,0,3,1,0,4,0,8,135,0,143,0,11,136,0,147,126,0,126,273
01/08/2023,BVY,MA,ANE,EN,Federal Contract Tower,0,13,3,0,16,0,0,182,0,182,0,13,185,0,198,118,6,124,322
01/09/2023,BVY,MA,ANE,EN,Federal Contract Tower,0,3,18,0,21,0,12,132,0,144,0,15,150,0,165,182,0,182,347
01/10/2023,BVY,MA,ANE,EN,Federal Contract Tower,0,2,13,0,15,0,2,149,6,157,0,4,162,6,172,158,4,162,334
01/11/2023,BVY,MA,ANE,EN,Federal Contract Tower,0,5,3,0,8,0,0,137,0,137,0,5,140,0,145,196,0,196,341
01/12/2023,BVY,MA,ANE,EN,Federal Contract Tower,0,3,0,0,3,0,0,8,0,8,0,3,8,0,11,52,0,52,63
01/13/2023,BVY,MA,ANE,EN,Federal Contract Tower,0,3,7,0,10,0,3,12,0,15,0,6,19,0,25,30,0,30,55
01/14/2023,BVY,MA,ANE,EN,Federal Contract Tower,0,4,2,0,6,0,0,0,0,0,0,4,2,0,6,16,0,16,22
01/15/2023,BVY,MA,ANE,EN,Federal Contract Tower,0,2,0,0,2,0,0,31,0,31,0,2,31,0,33,14,0,14,47
01/16/2023,BVY,MA,ANE,EN,Federal Contract Tower,0,1,3,0,4,0,0,0,0,0,0,1,3,0,4,0,0,0,4
01/17/2023,BVY,MA,ANE,EN,Federal Contract Tower,0,2,9,0,11,0,9,110,0,119,0,11,119,0,130,156,0,156,286
01/18/2023,BVY,MA,ANE,EN,Federal Contract Tower,0,2,9,0,11,0,14,139,0,153,0,16,148,0,164,146,0,146,310
01/19/2023,BVY,MA,ANE,EN,Federal Contract Tower,0,2,6,0,8,0,1,112,0,113,0,3,118,0,121,136,0,136,257
01/20/2023,BVY,MA,ANE,EN,Federal Contract Tower,0,0,3,0,3,0,0,0,0,0,0,0,3,0,3,0,0,0,3
01/21/2023,BVY,MA,ANE,EN,Federal Contract Tower,0,2,5,0,7,0,2,128,0,130,0,4,133,0,137,82,0,82,219
01/22/2023,BVY,MA,ANE,EN,Federal Contract Tower,0,2,12,0,14,0,3,133,0,136,0,5,145,0,150,118,0,118,268
01/23/2023,BVY,MA,ANE,EN,Federal Contract Tower,0,0,0,0,0,0,0,0,0,0,0,0,0,0,0,0,0,0,0
01/24/2023,BVY,MA,ANE,EN,Federal Contract Tower,0,2,6,0,8,0,12,151,0,163,0,14,157,0,171,132,0,132,303
01/25/2023,BVY,MA,ANE,EN,Federal Contract Tower,0,1,4,0,5,0,0,117,0,117,0,1,121,0,122,116,0,116,238
01/26/2023,BVY,MA,ANE,EN,Federal Contract Tower,0,3,6,0,9,0,11,49,2,62,0,14,55,2,71,18,4,22,93
01/27/2023,BVY,MA,ANE,EN,Federal Contract Tower,0,4,8,0,12,0,22,195,0,217,0,26,203,0,229,203,0,203,432
01/28/2023,BVY,MA,ANE,EN,Federal Contract Tower,0,3,6,0,9,2,0,190,0,192,2,3,196,0,201,54,0,54,255
01/29/2023,BVY,MA,ANE,EN,Federal Contract Tower,0,4,8,0,12,0,0,169,0,169,0,4,177,0,181,152,0,152,333
01/30/2023,BVY,MA,ANE,EN,Federal Contract Tower,0,6,18,0,24,0,17,150,0,167,0,23,168,0,191,122,0,122,313
01/31/2023,BVY,MA,ANE,EN,Federal Contract Tower,0,0,9,0,9,0,16,105,0,121,0,16,114,0,130,148,0,148,278
02/01/2023,BVY,MA,ANE,EN,Federal Contract Tower,0,9,6,0,15,0,12,190,0,202,0,21,196,0,217,164,0,164,381
02/02/2023,BVY,MA,ANE,EN,Federal Contract Tower,0,3,11,0,14,0,7,145,0,152,0,10,156,0,166,132,0,132,298
02/03/2023,BVY,MA,ANE,EN,Federal Contract Tower,0,1,0,0,1,0,1,1,0,2,0,2,1,0,3,0,0,0,3
02/04/2023,BVY,MA,ANE,EN,Federal Contract Tower,0,6,0,0,6,0,0,0,0,0,0,6,0,0,6,0,0,0,6
02/05/2023,BVY,MA,ANE,EN,Federal Contract Tower,0,8,7,0,15,0,0,70,0,70,0,8,77,0,85,56,0,56,141
02/06/2023,BVY,MA,ANE,EN,Federal Contract Tower,0,3,11,0,14,0,13,110,0,123,0,16,121,0,137,94,0,94,231
02/07/2023,BVY,MA,ANE,EN,Federal Contract Tower,0,7,9,0,16,0,24,118,0,142,0,31,127,0,158,162,0,162,320
02/08/2023,BVY,MA,ANE,EN,Federal Contract Tower,0,5,3,0,8,0,16,140,0,156,0,21,143,0,164,160,0,160,324
02/09/2023,BVY,MA,ANE,EN,Federal Contract Tower,0,1,7,0,8,0,16,124,0,140,0,17,131,0,148,132,0,132,280
02/10/2023,BVY,MA,ANE,EN,Federal Contract Tower,0,4,8,0,12,0,10,45,0,55,0,14,53,0,67,66,0,66,133
02/11/2023,BVY,MA,ANE,EN,Federal Contract Tower,0,2,10,0,12,0,0,72,0,72,0,2,82,0,84,108,0,108,192
02/12/2023,BVY,MA,ANE,EN,Federal Contract Tower,0,7,7,0,14,0,2,169,0,171,0,9,176,0,185,150,0,150,335
02/13/2023,BVY,MA,ANE,EN,Federal Contract Tower,0,4,6,0,10,0,12,45,0,57,0,16,51,0,67,62,0,62,129
02/14/2023,BVY,MA,ANE,EN,Federal Contract Tower,0,5,13,0,18,0,14,96,0,110,0,19,109,0,128,106,0,106,234
02/15/2023,BVY,MA,ANE,EN,Federal Contract Tower,0,1,8,0,9,0,21,106,0,127,0,22,114,0,136,94,0,94,230
02/16/2023,BVY,MA,ANE,EN,Federal Contract Tower,0,8,8,0,16,0,16,149,0,165,0,24,157,0,181,156,0,156,337
02/17/2023,BVY,MA,ANE,EN,Federal Contract Tower,0,0,12,0,12,0,2,4,0,6,0,2,16,0,18,0,0,0,18
02/18/2023,BVY,MA,ANE,EN,Federal Contract Tower,0,1,16,0,17,0,0,190,0,190,0,1,206,0,207,136,0,136,343
02/19/2023,BVY,MA,ANE,EN,Federal Contract Tower,0,3,12,0,15,0,0,200,0,200,0,3,212,0,215,156,0,156,371
02/20/2023,BVY,MA,ANE,EN,Federal Contract Tower,0,3,12,0,15,0,13,123,0,136,0,16,135,0,151,212,0,212,363
02/21/2023,BVY,MA,ANE,EN,Federal Contract Tower,0,11,0,0,11,0,0,0,0,0,0,11,0,0,11,0,0,0,11
02/22/2023,BVY,MA,ANE,EN,Federal Contract Tower,0,6,10,0,16,0,0,0,0,0,0,6,10,0,16,196,0,196,212
02/23/2023,BVY,MA,ANE,EN,Federal Contract Tower,0,1,0,0,1,0,0,0,0,0,0,1,0,0,1,0,0,0,1
02/24/2023,BVY,MA,ANE,EN,Federal Contract Tower,0,2,2,0,4,0,16,7,0,23,0,18,9,0,27,0,0,0,27
02/25/2023,BVY,MA,ANE,EN,Federal Contract Tower,0,5,10,0,15,0,1,130,0,131,0,6,140,0,146,60,0,60,206
02/26/2023,BVY,MA,ANE,EN,Federal Contract Tower,0,4,4,0,8,0,2,0,0,2,0,6,4,0,10,0,0,0,10
02/27/2023,BVY,MA,ANE,EN,Federal Contract Tower,0,6,8,0,14,0,14,132,0,146,0,20,140,0,160,120,0,120,280
02/28/2023,BVY,MA,ANE,EN,Federal Contract Tower,0,0,1,0,1,0,0,0,0,0,0,0,1,0,1,0,0,0,1
03/02/2023,BVY,MA,ANE,EN,Federal Contract Tower,0,3,5,0,8,0,4,0,0,4,0,7,5,0,12,0,0,0,12
03/03/2023,BVY,MA,ANE,EN,Federal Contract Tower,0,4,8,0,12,0,30,187,0,217,0,34,195,0,229,164,0,164,393
03/04/2023,BVY,MA,ANE,EN,Federal Contract Tower,0,1,2,0,3,0,0,0,0,0,0,1,2,0,3,0,0,0,3
03/05/2023,BVY,MA,ANE,EN,Federal Contract Tower,0,1,11,0,12,0,0,153,0,153,0,1,164,0,165,110,0,110,275
03/06/2023,BVY,MA,ANE,EN,Federal Contract Tower,0,7,2,0,9,0,9,49,0,58,0,16,51,0,67,36,0,36,103
03/07/2023,BVY,MA,ANE,EN,Federal Contract Tower,0,4,5,0,9,0,15,138,0,153,0,19,143,0,162,48,0,48,210
03/08/2023,BVY,MA,ANE,EN,Federal Contract Tower,0,2,2,0,4,0,24,103,0,127,0,26,105,0,131,66,0,66,197
03/09/2023,BVY,MA,ANE,EN,Federal Contract Tower,0,3,3,0,6,0,8,140,0,148,0,11,143,0,154,176,0,176,330
03/10/2023,BVY,MA,ANE,EN,Federal Contract Tower,0,5,13,0,18,0,11,209,0,220,0,16,222,0,238,126,0,126,364
03/11/2023,BVY,MA,ANE,EN,Federal Contract Tower,0,6,2,0,8,0,0,3,0,3,0,6,5,0,11,0,0,0,11
03/12/2023,BVY,MA,ANE,EN,Federal Contract Tower,0,14,6,0,20,0,0,186,0,186,0,14,192,0,206,190,0,190,396
03/13/2023,BVY,MA,ANE,EN,Federal Contract Tower,0,8,6,0,14,0,13,88,0,101,0,21,94,0,115,126,0,126,241
03/14/2023,BVY,MA,ANE,EN,Federal Contract Tower,0,0,0,0,0,0,0,0,0,0,0,0,0,0,0,0,0,0,0
03/15/2023,BVY,MA,ANE,EN,Federal Contract Tower,0,0,4,0,4,0,9,14,0,23,0,9,18,0,27,36,0,36,63
03/16/2023,BVY,MA,ANE,EN,Federal Contract Tower,0,3,23,0,26,0,35,156,0,191,0,38,179,0,217,126,0,126,343
03/17/2023,BVY,MA,ANE,EN,Federal Contract Tower,0,3,31,0,34,0,13,167,0,180,0,16,198,0,214,124,0,124,338
03/18/2023,BVY,MA,ANE,EN,Federal Contract Tower,0,6,12,0,18,0,0,189,0,189,0,6,201,0,207,160,0,160,367
03/19/2023,BVY,MA,ANE,EN,Federal Contract Tower,0,6,5,0,11,0,0,17,0,17,0,6,22,0,28,6,0,6,34
03/20/2023,BVY,MA,ANE,EN,Federal Contract Tower,0,2,7,0,9,0,16,140,0,156,0,18,147,0,165,124,0,124,289
03/21/2023,BVY,MA,ANE,EN,Federal Contract Tower,0,1,13,0,14,0,22,173,0,195,0,23,186,0,209,152,0,152,361
03/22/2023,BVY,MA,ANE,EN,Federal Contract Tower,0,5,9,0,14,0,16,211,0,227,0,21,220,0,241,128,0,128,369
03/23/2023,BVY,MA,ANE,EN,Federal Contract Tower,0,5,10,0,15,0,10,35,0,45,0,15,45,0,60,14,0,14,74
03/24/2023,BVY,MA,ANE,EN,Federal Contract Tower,0,8,16,0,24,0,10,109,0,119,0,18,125,0,143,152,0,152,295
03/25/2023,BVY,MA,ANE,EN,Federal Contract Tower,0,0,3,0,3,0,0,116,0,116,0,0,119,0,119,40,0,40,159
03/26/2023,BVY,MA,ANE,EN,Federal Contract Tower,0,2,5,0,7,0,0,21,0,21,0,2,26,0,28,18,0,18,46
03/27/2023,BVY,MA,ANE,EN,Federal Contract Tower,0,6,11,0,17,0,22,107,0,129,0,28,118,0,146,146,0,146,292
03/28/2023,BVY,MA,ANE,EN,Federal Contract Tower,0,0,10,0,10,0,18,61,0,79,0,18,71,0,89,6,0,6,95
03/29/2023,BVY,MA,ANE,EN,Federal Contract Tower,0,4,19,0,23,0,18,268,0,286,0,22,287,0,309,172,0,172,481
03/30/2023,BVY,MA,ANE,EN,Federal Contract Tower,0,4,6,0,10,0,17,55,0,72,0,21,61,0,82,48,0,48,130
03/31/2023,BVY,MA,ANE,EN,Federal Contract Tower,0,6,17,0,23,0,13,185,0,198,0,19,202,0,221,126,0,126,347
04/01/2023,BVY,MA,ANE,EN,Federal Contract Tower,0,2,8,0,10,0,0,5,0,5,0,2,13,0,15,8,0,8,23
04/02/2023,BVY,MA,ANE,EN,Federal Contract Tower,0,3,5,0,8,0,0,43,0,43,0,3,48,0,51,68,0,68,119
04/03/2023,BVY,MA,ANE,EN,Federal Contract Tower,0,2,13,0,15,0,23,133,0,156,0,25,146,0,171,90,0,90,261
04/04/2023,BVY,MA,ANE,EN,Federal Contract Tower,0,3,8,0,11,0,8,126,0,134,0,11,134,0,145,148,0,148,293
04/05/2023,BVY,MA,ANE,EN,Federal Contract Tower,0,4,16,0,20,0,12,55,0,67,0,16,71,0,87,88,0,88,175
04/06/2023,BVY,MA,ANE,EN,Federal Contract Tower,0,6,4,0,10,0,4,40,0,44,0,10,44,0,54,32,0,32,86
04/07/2023,BVY,MA,ANE,EN,Federal Contract Tower,0,4,11,0,15,0,28,65,0,93,0,32,76,0,108,90,0,90,198
04/08/2023,BVY,MA,ANE,EN,Federal Contract Tower,0,2,15,1,18,0,9,260,7,276,0,11,275,8,294,158,0,158,452
04/09/2023,BVY,MA,ANE,EN,Federal Contract Tower,0,5,8,0,13,0,0,152,0,152,0,5,160,0,165,162,0,162,327
04/10/2023,BVY,MA,ANE,EN,Federal Contract Tower,0,1,10,0,11,0,18,140,0,158,0,19,150,0,169,170,0,170,339
04/11/2023,BVY,MA,ANE,EN,Federal Contract Tower,0,0,1,0,1,0,16,128,4,148,0,16,129,4,149,72,0,72,221
04/12/2023,BVY,MA,ANE,EN,Federal Contract Tower,0,4,13,0,17,0,18,52,0,70,0,22,65,0,87,78,0,78,165
04/13/2023,BVY,MA,ANE,EN,Federal Contract Tower,0,7,11,0,18,0,26,195,0,221,0,33,206,0,239,126,0,126,365
04/14/2023,BVY,MA,ANE,EN,Federal Contract Tower,0,6,11,0,17,0,18,206,0,224,0,24,217,0,241,136,0,136,377
04/15/2023,BVY,MA,ANE,EN,Federal Contract Tower,0,5,29,0,34,0,0,140,0,140,0,5,169,0,174,112,0,112,286
04/16/2023,BVY,MA,ANE,EN,Federal Contract Tower,0,2,11,0,13,0,0,0,0,0,0,2,11,0,13,0,0,0,13
04/17/2023,BVY,MA,ANE,EN,Federal Contract Tower,0,2,7,0,9,0,0,0,0,0,0,2,7,0,9,0,0,0,9
04/18/2023,BVY,MA,ANE,EN,Federal Contract Tower,0,3,8,0,11,0,4,102,0,106,0,7,110,0,117,118,0,118,235
04/19/2023,BVY,MA,ANE,EN,Federal Contract Tower,0,6,12,0,18,0,16,101,0,117,0,22,113,0,135,114,0,114,249
04/20/2023,BVY,MA,ANE,EN,Federal Contract Tower,0,7,5,0,12,0,26,233,0,259,0,33,238,0,271,188,0,188,459
04/21/2023,BVY,MA,ANE,EN,Federal Contract Tower,0,3,10,0,13,0,12,192,0,204,0,15,202,0,217,174,0,174,391
04/22/2023,BVY,MA,ANE,EN,Federal Contract Tower,0,9,23,1,33,0,0,157,0,157,0,9,180,1,190,112,0,112,302
04/23/2023,BVY,MA,ANE,EN,Federal Contract Tower,0,9,5,0,14,0,0,0,0,0,0,9,5,0,14,0,0,0,14
04/24/2023,BVY,MA,ANE,EN,Federal Contract Tower,0,8,12,0,20,0,5,61,0,66,0,13,73,0,86,60,0,60,146
04/25/2023,BVY,MA,ANE,EN,Federal Contract Tower,0,5,10,0,15,0,13,123,8,144,0,18,133,8,159,194,0,194,353
04/26/2023,BVY,MA,ANE,EN,Federal Contract Tower,0,1,14,0,15,0,13,119,0,132,0,14,133,0,147,122,0,122,269
04/28/2023,BVY,MA,ANE,EN,Federal Contract Tower,0,11,21,0,32,0,22,214,0,236,0,33,235,0,268,176,0,176,444
04/29/2023,BVY,MA,ANE,EN,Federal Contract Tower,0,8,16,0,24,0,1,142,0,143,0,9,158,0,167,158,0,158,325
04/30/2023,BVY,MA,ANE,EN,Federal Contract Tower,0,4,4,0,8,0,0,0,0,0,0,4,4,0,8,0,0,0,8
05/01/2023,BVY,MA,ANE,EN,Federal Contract Tower,0,3,11,0,14,0,22,23,0,45,0,25,34,0,59,4,0,4,63
05/02/2023,BVY,MA,ANE,EN,Federal Contract Tower,0,2,9,0,11,0,8,35,0,43,0,10,44,0,54,82,0,82,136
05/03/2023,BVY,MA,ANE,EN,Federal Contract Tower,0,1,11,0,12,0,20,117,0,137,0,21,128,0,149,164,0,164,313
05/04/2023,BVY,MA,ANE,EN,Federal Contract Tower,0,4,8,0,12,0,12,9,0,21,0,16,17,0,33,42,0,42,75
05/05/2023,BVY,MA,ANE,EN,Federal Contract Tower,0,8,9,0,17,0,17,116,0,133,0,25,125,0,150,142,0,142,292
05/06/2023,BVY,MA,ANE,EN,Federal Contract Tower,0,6,7,0,13,0,6,208,0,214,0,12,215,0,227,204,0,204,431
05/07/2023,BVY,MA,ANE,EN,Federal Contract Tower,0,10,11,0,21,0,0,162,0,162,0,10,173,0,183,120,0,120,303
05/09/2023,BVY,MA,ANE,EN,Federal Contract Tower,0,10,13,0,23,0,17,185,0,202,0,27,198,0,225,166,0,166,391
05/10/2023,BVY,MA,ANE,EN,Federal Contract Tower,0,10,9,0,19,0,24,187,0,211,0,34,196,0,230,178,0,178,408
05/11/2023,BVY,MA,ANE,EN,Federal Contract Tower,0,6,11,0,17,0,20,144,0,164,0,26,155,0,181,140,0,140,321
05/12/2023,BVY,MA,ANE,EN,Federal Contract Tower,0,4,11,0,15,0,19,168,0,187,0,23,179,0,202,100,0,100,302
05/13/2023,BVY,MA,ANE,EN,Federal Contract Tower,0,9,4,0,13,0,0,201,0,201,0,9,205,0,214,114,0,114,328
05/14/2023,BVY,MA,ANE,EN,Federal Contract Tower,0,8,7,0,15,0,4,148,0,152,0,12,155,0,167,104,0,104,271
05/15/2023,BVY,MA,ANE,EN,Federal Contract Tower,0,12,19,0,31,0,25,100,0,125,0,37,119,0,156,124,0,124,280
05/16/2023,BVY,MA,ANE,EN,Federal Contract Tower,0,7,7,0,14,0,18,99,0,117,0,25,106,0,131,44,0,44,175
05/17/2023,BVY,MA,ANE,EN,Federal Contract Tower,0,6,3,0,9,0,14,72,0,86,0,20,75,0,95,44,0,44,139
05/18/2023,BVY,MA,ANE,EN,Federal Contract Tower,0,7,9,0,16,0,12,168,0,180,0,19,177,0,196,236,0,236,432
05/19/2023,BVY,MA,ANE,EN,Federal Contract Tower,0,12,11,0,23,0,23,110,0,133,0,35,121,0,156,90,0,90,246
05/20/2023,BVY,MA,ANE,EN,Federal Contract Tower,0,12,5,0,17,0,1,43,0,44,0,13,48,0,61,2,0,2,63
05/21/2023,BVY,MA,ANE,EN,Federal Contract Tower,0,6,9,0,15,0,0,167,0,167,0,6,176,0,182,124,0,124,306
05/22/2023,BVY,MA,ANE,EN,Federal Contract Tower,0,9,7,0,16,0,27,113,4,144,0,36,120,4,160,46,0,46,206
05/24/2023,BVY,MA,ANE,EN,Federal Contract Tower,0,6,9,0,15,0,16,184,0,200,0,22,193,0,215,156,0,156,371
05/25/2023,BVY,MA,ANE,EN,Federal Contract Tower,0,8,12,0,20,0,10,160,0,170,0,18,172,0,190,120,0,120,310
05/26/2023,BVY,MA,ANE,EN,Federal Contract Tower,0,8,10,0,18,0,33,196,0,229,0,41,206,0,247,186,0,186,433
05/27/2023,BVY,MA,ANE,EN,Federal Contract Tower,0,8,12,0,20,0,1,195,0,196,0,9,207,0,216,118,0,118,334
05/28/2023,BVY,MA,ANE,EN,Federal Contract Tower,0,7,6,0,13,0,2,168,0,170,0,9,174,0,183,78,0,78,261
05/29/2023,BVY,MA,ANE,EN,Federal Contract Tower,0,12,10,0,22,0,4,139,0,143,0,16,149,0,165,12,0,12,177
05/30/2023,BVY,MA,ANE,EN,Federal Contract Tower,0,3,12,0,15,0,21,176,0,197,0,24,188,0,212,174,0,174,386
05/31/2023,BVY,MA,ANE,EN,Federal Contract Tower,0,1,13,0,14,0,23,161,0,184,0,24,174,0,198,138,0,138,336
06/01/2023,BVY,MA,ANE,EN,Federal Contract Tower,0,2,12,0,14,0,16,176,0,192,0,18,188,0,206,184,0,184,390
06/02/2023,BVY,MA,ANE,EN,Federal Contract Tower,0,12,22,0,34,0,12,151,0,163,0,24,173,0,197,122,0,122,319
06/03/2023,BVY,MA,ANE,EN,Federal Contract Tower,0,7,16,0,23,0,0,0,0,0,0,7,16,0,23,0,0,0,23
06/04/2023,BVY,MA,ANE,EN,Federal Contract Tower,0,16,17,0,33,0,0,28,0,28,0,16,45,0,61,4,0,4,65
06/05/2023,BVY,MA,ANE,EN,Federal Contract Tower,0,4,16,0,20,0,5,48,0,53,0,9,64,0,73,10,0,10,83
06/06/2023,BVY,MA,ANE,EN,Federal Contract Tower,0,7,13,0,20,0,32,161,0,193,0,39,174,0,213,146,0,146,359
06/07/2023,BVY,MA,ANE,EN,Federal Contract Tower,0,8,17,0,25,0,10,214,0,224,0,18,231,0,249,156,0,156,405
06/08/2023,BVY,MA,ANE,EN,Federal Contract Tower,0,6,15,0,21,0,18,116,2,136,0,24,131,2,157,176,0,176,333
06/09/2023,BVY,MA,ANE,EN,Federal Contract Tower,0,13,27,0,40,0,0,0,0,0,0,13,27,0,40,72,0,72,112
06/10/2023,BVY,MA,ANE,EN,Federal Contract Tower,0,6,22,0,28,0,5,90,0,95,0,11,112,0,123,36,0,36,159
06/11/2023,BVY,MA,ANE,EN,Federal Contract Tower,0,6,8,0,14,0,9,234,0,243,0,15,242,0,257,84,0,84,341
06/12/2023,BVY,MA,ANE,EN,Federal Contract Tower,0,2,10,0,12,0,18,111,0,129,0,20,121,0,141,110,0,110,251
06/13/2023,BVY,MA,ANE,EN,Federal Contract Tower,0,4,10,0,14,0,4,0,0,4,0,8,10,0,18,0,0,0,18
06/14/2023,BVY,MA,ANE,EN,Federal Contract Tower,0,5,16,0,21,0,21,136,0,157,0,26,152,0,178,132,0,132,310
06/15/2023,BVY,MA,ANE,EN,Federal Contract Tower,0,7,20,0,27,0,12,160,0,172,0,19,180,0,199,204,0,204,403
06/16/2023,BVY,MA,ANE,EN,Federal Contract Tower,0,6,21,0,27,0,13,197,0,210,0,19,218,0,237,116,0,116,353
06/17/2023,BVY,MA,ANE,EN,Federal Contract Tower,0,15,9,0,24,0,0,0,0,0,0,15,9,0,24,4,0,4,28
06/18/2023,BVY,MA,ANE,EN,Federal Contract Tower,0,10,13,0,23,0,1,93,0,94,0,11,106,0,117,40,0,40,157
06/19/2023,BVY,MA,ANE,EN,Federal Contract Tower,0,5,16,0,21,0,12,127,0,139,0,17,143,0,160,154,0,154,314
06/20/2023,BVY,MA,ANE,EN,Federal Contract Tower,0,9,26,0,35,0,10,192,0,202,0,19,218,0,237,180,0,180,417
06/21/2023,BVY,MA,ANE,EN,Federal Contract Tower,0,11,16,0,27,0,6,142,0,148,0,17,158,0,175,176,0,176,351
06/22/2023,BVY,MA,ANE,EN,Federal Contract Tower,0,5,18,0,23,0,19,229,0,248,0,24,247,0,271,136,0,136,407
06/23/2023,BVY,MA,ANE,EN,Federal Contract Tower,0,13,15,0,28,0,0,0,0,0,0,13,15,0,28,186,0,186,214
06/24/2023,BVY,MA,ANE,EN,Federal Contract Tower,0,12,4,0,16,0,0,6,0,6,0,12,10,0,22,6,0,6,28
06/25/2023,BVY,MA,ANE,EN,Federal Contract Tower,0,13,9,0,22,0,4,141,0,145,0,17,150,0,167,142,0,142,309
06/26/2023,BVY,MA,ANE,EN,Federal Contract Tower,0,7,5,0,12,0,4,18,0,22,0,11,23,0,34,32,0,32,66
06/27/2023,BVY,MA,ANE,EN,Federal Contract Tower,0,2,8,0,10,0,5,5,0,10,0,7,13,0,20,18,0,18,38
06/28/2023,BVY,MA,ANE,EN,Federal Contract Tower,0,8,15,0,23,0,7,33,0,40,0,15,48,0,63,36,0,36,99
06/29/2023,BVY,MA,ANE,EN,Federal Contract Tower,0,11,23,0,34,0,7,169,0,176,0,18,192,0,210,222,0,222,432
06/30/2023,BVY,MA,ANE,EN,Federal Contract Tower,0,15,11,0,26,0,8,172,0,180,0,23,183,0,206,208,0,208,414
07/01/2023,BVY,MA,ANE,EN,Federal Contract Tower,0,13,16,0,29,0,1,83,0,84,0,14,99,0,113,170,0,170,283
07/02/2023,BVY,MA,ANE,EN,Federal Contract Tower,0,5,1,0,6,0,0,0,0,0,0,5,1,0,6,0,0,0,6
07/03/2023,BVY,MA,ANE,EN,Federal Contract Tower,0,4,12,0,16,0,0,16,0,16,0,4,28,0,32,28,0,28,60
07/04/2023,BVY,MA,ANE,EN,Federal Contract Tower,0,1,7,0,8,0,0,1,0,1,0,1,8,0,9,0,0,0,9
07/05/2023,BVY,MA,ANE,EN,Federal Contract Tower,0,11,24,0,35,0,7,210,0,217,0,18,234,0,252,152,0,152,404
07/06/2023,BVY,MA,ANE,EN,Federal Contract Tower,0,9,17,0,26,0,8,180,0,188,0,17,197,0,214,168,0,168,382
07/07/2023,BVY,MA,ANE,EN,Federal Contract Tower,0,14,21,0,35,0,10,207,0,217,0,24,228,0,252,96,0,96,348
07/08/2023,BVY,MA,ANE,EN,Federal Contract Tower,0,7,36,0,43,0,4,79,0,83,0,11,115,0,126,82,0,82,208
07/09/2023,BVY,MA,ANE,EN,Federal Contract Tower,0,12,22,0,34,0,0,22,0,22,0,12,44,0,56,30,0,30,86
07/10/2023,BVY,MA,ANE,EN,Federal Contract Tower,0,5,6,0,11,0,0,0,0,0,0,5,6,0,11,0,0,0,11
07/11/2023,BVY,MA,ANE,EN,Federal Contract Tower,0,8,19,0,27,0,7,137,0,144,0,15,156,0,171,152,0,152,323
07/12/2023,BVY,MA,ANE,EN,Federal Contract Tower,0,8,13,0,21,0,10,195,0,205,0,18,208,0,226,202,0,202,428
07/13/2023,BVY,MA,ANE,EN,Federal Contract Tower,0,5,7,0,12,0,8,143,0,151,0,13,150,0,163,132,0,132,295
07/14/2023,BVY,MA,ANE,EN,Federal Contract Tower,0,16,10,0,26,0,9,122,0,131,0,25,132,0,157,118,0,118,275
07/15/2023,BVY,MA,ANE,EN,Federal Contract Tower,0,17,24,0,41,0,6,151,0,157,0,23,175,0,198,70,0,70,268
07/16/2023,BVY,MA,ANE,EN,Federal Contract Tower,0,1,9,0,10,0,0,2,0,2,0,1,11,0,12,4,0,4,16
07/17/2023,BVY,MA,ANE,EN,Federal Contract Tower,0,10,32,0,42,0,14,137,0,151,0,24,169,0,193,92,0,92,285
07/18/2023,BVY,MA,ANE,EN,Federal Contract Tower,0,3,15,0,18,0,8,142,0,150,0,11,157,0,168,92,0,92,260
07/19/2023,BVY,MA,ANE,EN,Federal Contract Tower,0,4,29,0,33,0,25,174,0,199,0,29,203,0,232,92,0,92,324
07/20/2023,BVY,MA,ANE,EN,Federal Contract Tower,0,5,13,0,18,0,14,256,0,270,0,19,269,0,288,220,0,220,508
07/21/2023,BVY,MA,ANE,EN,Federal Contract Tower,0,17,22,0,39,0,5,123,0,128,0,22,145,0,167,32,0,32,199
07/22/2023,BVY,MA,ANE,EN,Federal Contract Tower,0,9,25,0,34,0,4,135,0,139,0,13,160,0,173,90,0,90,263
07/23/2023,BVY,MA,ANE,EN,Federal Contract Tower,0,12,19,0,31,0,0,251,0,251,0,12,270,0,282,208,0,208,490
07/24/2023,BVY,MA,ANE,EN,Federal Contract Tower,0,9,17,0,26,0,17,186,0,203,0,26,203,0,229,104,0,104,333
07/25/2023,BVY,MA,ANE,EN,Federal Contract Tower,0,3,3,0,6,0,2,103,0,105,0,5,106,0,111,134,0,134,245
07/26/2023,BVY,MA,ANE,EN,Federal Contract Tower,0,9,11,0,20,0,10,238,0,248,0,19,249,0,268,158,2,160,428
07/27/2023,BVY,MA,ANE,EN,Federal Contract Tower,0,4,7,0,11,0,6,69,0,75,0,10,76,0,86,28,0,28,114
07/28/2023,BVY,MA,ANE,EN,Federal Contract Tower,0,8,21,0,29,0,24,241,0,265,0,32,262,0,294,118,0,118,412
07/29/2023,BVY,MA,ANE,EN,Federal Contract Tower,0,6,5,0,11,0,1,0,0,1,0,7,5,0,12,80,0,80,92
07/30/2023,BVY,MA,ANE,EN,Federal Contract Tower,0,14,12,0,26,0,6,241,0,247,0,20,253,0,273,178,0,178,451
07/31/2023,BVY,MA,ANE,EN,Federal Contract Tower,0,3,22,0,25,0,12,182,0,194,0,15,204,0,219,174,0,174,393
08/01/2023,BVY,MA,ANE,EN,Federal Contract Tower,0,5,5,0,10,0,11,175,0,186,0,16,180,0,196,100,0,100,296
08/02/2023,BVY,MA,ANE,EN,Federal Contract Tower,0,7,7,0,14,0,10,232,0,242,0,17,239,0,256,214,0,214,470
08/03/2023,BVY,MA,ANE,EN,Federal Contract Tower,0,6,9,0,15,0,6,179,0,185,0,12,188,0,200,182,0,182,382
08/04/2023,BVY,MA,ANE,EN,Federal Contract Tower,0,13,8,0,21,0,3,77,0,80,0,16,85,0,101,32,0,32,133
08/05/2023,BVY,MA,ANE,EN,Federal Contract Tower,0,4,10,0,14,0,0,211,0,211,0,4,221,0,225,228,0,228,453
08/06/2023,BVY,MA,ANE,EN,Federal Contract Tower,0,12,15,0,27,0,3,260,0,263,0,15,275,0,290,126,0,126,416
08/07/2023,BVY,MA,ANE,EN,Federal Contract Tower,0,9,19,0,28,0,11,124,0,135,0,20,143,0,163,68,0,68,231
08/08/2023,BVY,MA,ANE,EN,Federal Contract Tower,0,8,6,0,14,0,10,6,0,16,0,18,12,0,30,0,0,0,30
08/09/2023,BVY,MA,ANE,EN,Federal Contract Tower,0,3,5,0,8,0,14,152,0,166,0,17,157,0,174,40,0,40,214
08/10/2023,BVY,MA,ANE,EN,Federal Contract Tower,0,13,12,0,25,0,12,137,0,149,0,25,149,0,174,132,0,132,306
08/11/2023,BVY,MA,ANE,EN,Federal Contract Tower,0,10,17,0,27,0,8,122,0,130,0,18,139,0,157,98,0,98,255
08/12/2023,BVY,MA,ANE,EN,Federal Contract Tower,0,11,16,0,27,0,1,153,0,154,0,12,169,0,181,130,0,130,311
08/13/2023,BVY,MA,ANE,EN,Federal Contract Tower,0,8,13,0,21,0,15,96,0,111,0,23,109,0,132,38,0,38,170
08/14/2023,BVY,MA,ANE,EN,Federal Contract Tower,0,2,15,0,17,0,14,202,0,216,0,16,217,0,233,104,0,104,337
08/15/2023,BVY,MA,ANE,EN,Federal Contract Tower,0,9,13,0,22,0,0,0,0,0,0,9,13,0,22,0,0,0,22
08/16/2023,BVY,MA,ANE,EN,Federal Contract Tower,0,8,32,0,40,0,6,13,0,19,0,14,45,0,59,4,0,4,63
08/17/2023,BVY,MA,ANE,EN,Federal Contract Tower,0,8,8,0,16,0,6,24,0,30,0,14,32,0,46,18,0,18,64
08/18/2023,BVY,MA,ANE,EN,Federal Contract Tower,0,6,18,0,24,0,5,11,0,16,0,11,29,0,40,4,0,4,44
08/19/2023,BVY,MA,ANE,EN,Federal Contract Tower,0,4,14,0,18,0,0,174,0,174,0,4,188,0,192,126,0,126,318
08/20/2023,BVY,MA,ANE,EN,Federal Contract Tower,0,18,19,0,37,0,2,219,0,221,0,20,238,0,258,146,0,146,404
08/21/2023,BVY,MA,ANE,EN,Federal Contract Tower,0,12,13,0,25,0,2,216,0,218,0,14,229,0,243,182,0,182,425
08/22/2023,BVY,MA,ANE,EN,Federal Contract Tower,0,14,22,0,36,0,15,198,0,213,0,29,220,0,249,140,0,140,389
08/23/2023,BVY,MA,ANE,EN,Federal Contract Tower,0,11,15,0,26,0,23,192,4,219,0,34,207,4,245,182,0,182,427
08/24/2023,BVY,MA,ANE,EN,Federal Contract Tower,0,10,21,0,31,0,8,190,0,198,0,18,211,0,229,146,0,146,375
08/25/2023,BVY,MA,ANE,EN,Federal Contract Tower,0,10,13,0,23,0,0,0,0,0,0,10,13,0,23,0,0,0,23
08/26/2023,BVY,MA,ANE,EN,Federal Contract Tower,0,2,20,0,22,0,13,208,0,221,0,15,228,0,243,220,0,220,463
08/27/2023,BVY,MA,ANE,EN,Federal Contract Tower,0,7,19,0,26,0,0,173,0,173,0,7,192,0,199,142,0,142,341
08/28/2023,BVY,MA,ANE,EN,Federal Contract Tower,0,8,16,0,24,0,20,154,0,174,0,28,170,0,198,138,0,138,336
08/29/2023,BVY,MA,ANE,EN,Federal Contract Tower,0,4,21,0,25,0,2,34,0,36,0,6,55,0,61,26,0,26,87
08/30/2023,BVY,MA,ANE,EN,Federal Contract Tower,0,1,13,0,14,2,2,6,0,10,2,3,19,0,24,90,0,90,114
08/31/2023,BVY,MA,ANE,EN,Federal Contract Tower,0,13,19,0,32,0,18,172,0,190,0,31,191,0,222,188,4,192,414
