01/01/2000,DPA,IL,AGL,CE,Towers with Display (VFR),0,0,22,0,22,0,0,186,0,186,0,0,208,0,208,106,0,106,314
01/02/2000,DPA,IL,AGL,CE,Towers with Display (VFR),0,1,37,0,38,0,0,90,0,90,0,1,127,0,128,74,0,74,202
01/03/2000,DPA,IL,AGL,CE,Towers with Display (VFR),0,0,63,0,63,0,0,24,0,24,0,0,87,0,87,64,0,64,151
01/04/2000,DPA,IL,AGL,CE,Towers with Display (VFR),0,3,71,0,74,0,2,55,0,57,0,5,126,0,131,123,0,123,254
01/05/2000,DPA,IL,AGL,CE,Towers with Display (VFR),0,1,97,0,98,0,0,132,0,132,0,1,229,0,230,298,0,298,528
01/06/2000,DPA,IL,AGL,CE,Towers with Display (VFR),0,1,84,0,85,0,0,275,0,275,0,1,359,0,360,374,0,374,734
01/07/2000,DPA,IL,AGL,CE,Towers with Display (VFR),0,0,73,0,73,0,0,263,0,263,0,0,336,0,336,227,0,227,563
01/08/2000,DPA,IL,AGL,CE,Towers with Display (VFR),0,1,54,0,55,0,0,269,0,269,0,1,323,0,324,336,0,336,660
01/09/2000,DPA,IL,AGL,CE,Towers with Display (VFR),0,1,37,0,38,0,1,0,0,1,0,2,37,0,39,0,0,0,39
01/10/2000,DPA,IL,AGL,CE,Towers with Display (VFR),0,2,71,0,73,0,0,92,0,92,0,2,163,0,165,117,0,117,282
01/11/2000,DPA,IL,AGL,CE,Towers with Display (VFR),0,3,84,0,87,0,0,117,0,117,0,3,201,0,204,140,0,140,344
01/12/2000,DPA,IL,AGL,CE,Towers with Display (VFR),0,2,117,0,119,0,0,215,0,215,0,2,332,0,334,178,0,178,512
01/13/2000,DPA,IL,AGL,CE,Towers with Display (VFR),0,2,102,0,104,0,0,237,0,237,0,2,339,0,341,200,0,200,541
01/14/2000,DPA,IL,AGL,CE,Towers with Display (VFR),0,3,99,0,102,0,5,260,0,265,0,8,359,0,367,288,0,288,655
01/15/2000,DPA,IL,AGL,CE,Towers with Display (VFR),0,1,40,0,41,0,3,345,0,348,0,4,385,0,389,472,0,472,861
01/16/2000,DPA,IL,AGL,CE,Towers with Display (VFR),0,1,56,0,57,0,0,273,0,273,0,1,329,0,330,262,0,262,592
01/17/2000,DPA,IL,AGL,CE,Towers with Display (VFR),0,1,72,0,73,0,0,111,0,111,0,1,183,0,184,146,0,146,330
01/18/2000,DPA,IL,AGL,CE,Towers with Display (VFR),0,2,105,0,107,0,0,97,0,97,0,2,202,0,204,66,0,66,270
01/19/2000,DPA,IL,AGL,CE,Towers with Display (VFR),0,2,81,0,83,0,2,69,0,71,0,4,150,0,154,115,0,115,269
01/20/2000,DPA,IL,AGL,CE,Towers with Display (VFR),0,2,84,0,86,0,6,108,0,114,0,8,192,0,200,92,0,92,292
01/21/2000,DPA,IL,AGL,CE,Towers with Display (VFR),0,0,70,0,70,0,0,201,0,201,0,0,271,0,271,146,0,146,417
01/22/2000,DPA,IL,AGL,CE,Towers with Display (VFR),0,0,38,0,38,0,0,44,0,44,0,0,82,0,82,139,0,139,221
01/23/2000,DPA,IL,AGL,CE,Towers with Display (VFR),0,0,38,0,38,0,0,147,0,147,0,0,185,0,185,206,0,206,391
01/24/2000,DPA,IL,AGL,CE,Towers with Display (VFR),0,1,62,0,63,0,2,164,0,166,0,3,226,0,229,181,0,181,410
01/25/2000,DPA,IL,AGL,CE,Towers with Display (VFR),0,1,109,0,110,0,0,167,0,167,0,1,276,0,277,167,0,167,444
01/26/2000,DPA,IL,AGL,CE,Towers with Display (VFR),0,2,81,0,83,0,0,186,0,186,0,2,267,0,269,240,0,240,509
01/27/2000,DPA,IL,AGL,CE,Towers with Display (VFR),0,3,98,0,101,0,4,187,0,191,0,7,285,0,292,175,0,175,467
01/28/2000,DPA,IL,AGL,CE,Towers with Display (VFR),0,2,75,0,77,0,2,271,0,273,0,4,346,0,350,493,0,493,843
01/29/2000,DPA,IL,AGL,CE,Towers with Display (VFR),0,0,39,0,39,0,0,235,0,235,0,0,274,0,274,354,0,354,628
01/30/2000,DPA,IL,AGL,CE,Towers with Display (VFR),0,0,26,0,26,0,1,7,0,8,0,1,33,0,34,0,0,0,34
01/31/2000,DPA,IL,AGL,CE,Towers with Display (VFR),0,2,72,0,74,0,1,162,0,163,0,3,234,0,237,57,0,57,294
02/01/2000,DPA,IL,AGL,CE,Towers with Display (VFR),0,4,92,0,96,0,13,168,0,181,0,17,260,0,277,111,0,111,388
02/02/2000,DPA,IL,AGL,CE,Towers with Display (VFR),0,0,101,0,101,0,0,89,0,89,0,0,190,0,190,111,0,111,301
02/03/2000,DPA,IL,AGL,CE,Towers with Display (VFR),0,4,91,0,95,0,0,140,0,140,0,4,231,0,235,145,0,145,380
02/04/2000,DPA,IL,AGL,CE,Towers with Display (VFR),0,2,81,0,83,0,0,129,0,129,0,2,210,0,212,122,0,122,334
02/05/2000,DPA,IL,AGL,CE,Towers with Display (VFR),0,2,38,0,40,0,0,182,0,182,0,2,220,0,222,213,0,213,435
02/06/2000,DPA,IL,AGL,CE,Towers with Display (VFR),0,2,60,0,62,0,0,175,0,175,0,2,235,0,237,418,0,418,655
02/07/2000,DPA,IL,AGL,CE,Towers with Display (VFR),0,5,101,0,106,0,4,115,0,119,0,9,216,0,225,199,0,199,424
02/08/2000,DPA,IL,AGL,CE,Towers with Display (VFR),0,3,106,0,109,0,0,196,0,196,0,3,302,0,305,196,0,196,501
02/09/2000,DPA,IL,AGL,CE,Towers with Display (VFR),0,1,80,0,81,0,0,203,0,203,0,1,283,0,284,202,0,202,486
02/10/2000,DPA,IL,AGL,CE,Towers with Display (VFR),0,3,133,0,136,0,0,63,0,63,0,3,196,0,199,74,0,74,273
02/11/2000,DPA,IL,AGL,CE,Towers with Display (VFR),0,3,81,0,84,0,0,230,0,230,0,3,311,0,314,184,0,184,498
02/12/2000,DPA,IL,AGL,CE,Towers with Display (VFR),0,2,45,0,47,0,0,311,0,311,0,2,356,0,358,377,0,377,735
02/13/2000,DPA,IL,AGL,CE,Towers with Display (VFR),0,0,15,0,15,0,0,2,0,2,0,0,17,0,17,0,0,0,17
02/14/2000,DPA,IL,AGL,CE,Towers with Display (VFR),0,1,65,0,66,0,0,132,0,132,0,1,197,0,198,266,0,266,464
02/15/2000,DPA,IL,AGL,CE,Towers with Display (VFR),0,0,117,0,117,0,0,61,0,61,0,0,178,0,178,75,0,75,253
02/16/2000,DPA,IL,AGL,CE,Towers with Display (VFR),0,1,124,0,125,0,0,238,0,238,0,1,362,0,363,166,0,166,529
02/17/2000,DPA,IL,AGL,CE,Towers with Display (VFR),0,4,117,0,121,0,4,215,0,219,0,8,332,0,340,310,0,310,650
02/18/2000,DPA,IL,AGL,CE,Towers with Display (VFR),0,0,29,0,29,0,0,3,0,3,0,0,32,0,32,0,0,0,32
02/19/2000,DPA,IL,AGL,CE,Towers with Display (VFR),0,2,51,0,53,0,1,134,0,135,0,3,185,0,188,307,0,307,495
02/20/2000,DPA,IL,AGL,CE,Towers with Display (VFR),0,1,47,0,48,0,0,301,0,301,0,1,348,0,349,428,0,428,777
02/21/2000,DPA,IL,AGL,CE,Towers with Display (VFR),0,1,97,0,98,0,0,265,0,265,0,1,362,0,363,229,0,229,592
02/22/2000,DPA,IL,AGL,CE,Towers with Display (VFR),0,1,97,0,98,0,0,226,0,226,0,1,323,0,324,227,0,227,551
02/23/2000,DPA,IL,AGL,CE,Towers with Display (VFR),0,4,103,0,107,0,7,146,0,153,0,11,249,0,260,178,0,178,438
02/24/2000,DPA,IL,AGL,CE,Towers with Display (VFR),0,1,120,0,121,0,0,19,0,19,0,1,139,0,140,18,0,18,158
02/25/2000,DPA,IL,AGL,CE,Towers with Display (VFR),0,2,111,0,113,0,0,118,0,118,0,2,229,0,231,81,0,81,312
02/26/2000,DPA,IL,AGL,CE,Towers with Display (VFR),0,1,35,0,36,0,5,38,0,43,0,6,73,0,79,65,0,65,144
02/27/2000,DPA,IL,AGL,CE,Towers with Display (VFR),0,1,47,0,48,0,1,266,0,267,0,2,313,0,315,291,0,291,606
02/28/2000,DPA,IL,AGL,CE,Towers with Display (VFR),0,3,102,0,105,0,0,377,0,377,0,3,479,0,482,309,0,309,791
02/29/2000,DPA,IL,AGL,CE,Towers with Display (VFR),0,3,99,0,102,0,0,233,0,233,0,3,332,0,335,272,0,272,607
03/01/2000,DPA,IL,AGL,CE,Towers with Display (VFR),0,2,89,0,91,0,0,219,0,219,0,2,308,0,310,179,0,179,489
03/02/2000,DPA,IL,AGL,CE,Towers with Display (VFR),0,1,98,0,99,0,0,261,0,261,0,1,359,0,360,186,0,186,546
03/03/2000,DPA,IL,AGL,CE,Towers with Display (VFR),0,5,86,0,91,0,2,277,1,280,0,7,363,1,371,187,0,187,558
03/04/2000,DPA,IL,AGL,CE,Towers with Display (VFR),0,1,41,0,42,0,0,352,0,352,0,1,393,0,394,366,0,366,760
03/05/2000,DPA,IL,AGL,CE,Towers with Display (VFR),0,4,65,0,69,0,2,392,0,394,0,6,457,0,463,484,0,484,947
03/06/2000,DPA,IL,AGL,CE,Towers with Display (VFR),0,3,89,0,92,0,0,265,0,265,0,3,354,0,357,232,0,232,589
03/07/2000,DPA,IL,AGL,CE,Towers with Display (VFR),0,0,107,0,107,0,0,266,0,266,0,0,373,0,373,262,0,262,635
03/08/2000,DPA,IL,AGL,CE,Towers with Display (VFR),0,1,83,0,84,0,0,160,0,160,0,1,243,0,244,82,0,82,326
03/09/2000,DPA,IL,AGL,CE,Towers with Display (VFR),0,4,84,0,88,0,2,65,0,67,0,6,149,0,155,8,0,8,163
03/10/2000,DPA,IL,AGL,CE,Towers with Display (VFR),0,3,107,0,110,0,0,218,0,218,0,3,325,0,328,307,0,307,635
03/11/2000,DPA,IL,AGL,CE,Towers with Display (VFR),0,1,40,0,41,0,0,253,0,253,0,1,293,0,294,267,0,267,561
03/12/2000,DPA,IL,AGL,CE,Towers with Display (VFR),0,1,50,0,51,0,0,400,0,400,0,1,450,0,451,475,0,475,926
03/13/2000,DPA,IL,AGL,CE,Towers with Display (VFR),0,5,107,0,112,0,0,94,0,94,0,5,201,0,206,202,0,202,408
03/14/2000,DPA,IL,AGL,CE,Towers with Display (VFR),0,2,107,0,109,0,0,279,0,279,0,2,386,0,388,203,0,203,591
03/15/2000,DPA,IL,AGL,CE,Towers with Display (VFR),0,5,111,0,116,0,1,164,0,165,0,6,275,0,281,145,0,145,426
03/16/2000,DPA,IL,AGL,CE,Towers with Display (VFR),0,5,109,0,114,0,3,222,0,225,0,8,331,0,339,228,0,228,567
03/17/2000,DPA,IL,AGL,CE,Towers with Display (VFR),0,1,88,0,89,0,0,264,0,264,0,1,352,0,353,191,0,191,544
03/18/2000,DPA,IL,AGL,CE,Towers with Display (VFR),0,0,56,0,56,0,0,329,0,329,0,0,385,0,385,466,0,466,851
03/19/2000,DPA,IL,AGL,CE,Towers with Display (VFR),0,2,56,0,58,0,3,3,0,6,0,5,59,0,64,27,0,27,91
03/20/2000,DPA,IL,AGL,CE,Towers with Display (VFR),0,2,151,0,153,0,0,58,0,58,0,2,209,0,211,24,0,24,235
03/21/2000,DPA,IL,AGL,CE,Towers with Display (VFR),0,5,143,0,148,0,0,22,0,22,0,5,165,0,170,10,0,10,180
03/22/2000,DPA,IL,AGL,CE,Towers with Display (VFR),0,7,171,0,178,0,28,201,0,229,0,35,372,0,407,299,0,299,706
03/23/2000,DPA,IL,AGL,CE,Towers with Display (VFR),0,3,108,0,111,0,0,264,0,264,0,3,372,0,375,281,0,281,656
03/24/2000,DPA,IL,AGL,CE,Towers with Display (VFR),0,3,100,0,103,0,0,185,0,185,0,3,285,0,288,146,0,146,434
03/25/2000,DPA,IL,AGL,CE,Towers with Display (VFR),0,0,43,0,43,0,0,251,0,251,0,0,294,0,294,231,0,231,525
03/26/2000,DPA,IL,AGL,CE,Towers with Display (VFR),0,1,44,0,45,0,0,411,0,411,0,1,455,0,456,447,0,447,903
03/27/2000,DPA,IL,AGL,CE,Towers with Display (VFR),0,3,66,0,69,0,2,223,0,225,0,5,289,0,294,236,0,236,530
03/28/2000,DPA,IL,AGL,CE,Towers with Display (VFR),0,2,81,0,83,0,0,210,0,210,0,2,291,0,293,332,0,332,625
03/29/2000,DPA,IL,AGL,CE,Towers with Display (VFR),0,4,92,0,96,0,2,342,0,344,0,6,434,0,440,231,0,231,671
03/30/2000,DPA,IL,AGL,CE,Towers with Display (VFR),0,4,93,0,97,0,0,219,0,219,0,4,312,0,316,355,0,355,671
03/31/2000,DPA,IL,AGL,CE,Towers with Display (VFR),0,4,89,0,93,0,3,376,0,379,0,7,465,0,472,313,0,313,785
04/01/2000,DPA,IL,AGL,CE,Towers with Display (VFR),0,0,69,0,69,0,0,344,0,344,0,0,413,0,413,450,0,450,863
04/02/2000,DPA,IL,AGL,CE,Towers with Display (VFR),0,0,84,0,84,0,0,244,0,244,0,0,328,0,328,437,0,437,765
04/03/2000,DPA,IL,AGL,CE,Towers with Display (VFR),0,1,94,0,95,0,0,191,0,191,0,1,285,0,286,132,0,132,418
04/04/2000,DPA,IL,AGL,CE,Towers with Display (VFR),0,0,85,0,85,0,0,262,0,262,0,0,347,0,347,248,0,248,595
04/05/2000,DPA,IL,AGL,CE,Towers with Display (VFR),0,2,115,0,117,0,0,207,0,207,0,2,322,0,324,208,0,208,532
04/06/2000,DPA,IL,AGL,CE,Towers with Display (VFR),0,5,101,0,106,0,3,253,2,258,0,8,354,2,364,279,0,279,643
04/07/2000,DPA,IL,AGL,CE,Towers with Display (VFR),0,3,56,0,59,0,8,42,0,50,0,11,98,0,109,71,0,71,180
04/08/2000,DPA,IL,AGL,CE,Towers with Display (VFR),0,2,47,0,49,0,1,244,0,245,0,3,291,0,294,287,0,287,581
04/09/2000,DPA,IL,AGL,CE,Towers with Display (VFR),0,0,49,0,49,0,0,325,0,325,0,0,374,0,374,324,0,324,698
04/10/2000,DPA,IL,AGL,CE,Towers with Display (VFR),0,4,104,0,108,0,0,165,0,165,0,4,269,0,273,100,0,100,373
04/11/2000,DPA,IL,AGL,CE,Towers with Display (VFR),0,1,98,0,99,0,0,82,0,82,0,1,180,0,181,98,0,98,279
04/12/2000,DPA,IL,AGL,CE,Towers with Display (VFR),0,6,137,0,143,0,4,314,1,319,0,10,451,1,462,271,0,271,733
04/13/2000,DPA,IL,AGL,CE,Towers with Display (VFR),0,1,117,0,118,0,0,277,0,277,0,1,394,0,395,261,2,263,658
04/14/2000,DPA,IL,AGL,CE,Towers with Display (VFR),0,4,99,0,103,0,0,338,0,338,0,4,437,0,441,304,0,304,745
04/15/2000,DPA,IL,AGL,CE,Towers with Display (VFR),0,1,58,0,59,0,0,335,0,335,0,1,393,0,394,438,0,438,832
04/16/2000,DPA,IL,AGL,CE,Towers with Display (VFR),0,4,96,0,100,0,0,43,0,43,0,4,139,0,143,80,0,80,223
04/17/2000,DPA,IL,AGL,CE,Towers with Display (VFR),0,4,97,0,101,0,5,0,0,5,0,9,97,0,106,0,0,0,106
04/18/2000,DPA,IL,AGL,CE,Towers with Display (VFR),0,3,144,0,147,0,0,103,0,103,0,3,247,0,250,249,0,249,499
04/19/2000,DPA,IL,AGL,CE,Towers with Display (VFR),0,4,117,0,121,0,4,6,0,10,0,8,123,0,131,0,0,0,131
04/20/2000,DPA,IL,AGL,CE,Towers with Display (VFR),0,3,92,0,95,0,1,35,0,36,0,4,127,0,131,36,0,36,167
04/21/2000,DPA,IL,AGL,CE,Towers with Display (VFR),0,2,60,0,62,0,0,181,0,181,0,2,241,0,243,162,0,162,405
04/22/2000,DPA,IL,AGL,CE,Towers with Display (VFR),0,1,32,0,33,0,5,484,0,489,0,6,516,0,522,386,0,386,908
04/23/2000,DPA,IL,AGL,CE,Towers with Display (VFR),0,1,27,0,28,0,0,132,0,132,0,1,159,0,160,254,0,254,414
04/24/2000,DPA,IL,AGL,CE,Towers with Display (VFR),0,3,85,0,88,0,3,318,0,321,0,6,403,0,409,298,0,298,707
04/25/2000,DPA,IL,AGL,CE,Towers with Display (VFR),0,4,105,0,109,0,3,356,1,360,0,7,461,1,469,409,0,409,878
04/26/2000,DPA,IL,AGL,CE,Towers with Display (VFR),0,3,98,0,101,0,1,365,0,366,0,4,463,0,467,353,0,353,820
04/27/2000,DPA,IL,AGL,CE,Towers with Display (VFR),0,1,92,0,93,0,0,341,0,341,0,1,433,0,434,435,0,435,869
04/28/2000,DPA,IL,AGL,CE,Towers with Display (VFR),0,1,104,0,105,0,0,354,0,354,0,1,458,0,459,325,0,325,784
04/29/2000,DPA,IL,AGL,CE,Towers with Display (VFR),0,2,72,0,74,0,0,326,0,326,0,2,398,0,400,519,0,519,919
04/30/2000,DPA,IL,AGL,CE,Towers with Display (VFR),0,1,75,0,76,0,0,460,0,460,0,1,535,0,536,362,0,362,898
05/01/2000,DPA,IL,AGL,CE,Towers with Display (VFR),0,0,80,0,80,0,0,136,0,136,0,0,216,0,216,227,0,227,443
05/02/2000,DPA,IL,AGL,CE,Towers with Display (VFR),0,4,112,0,116,0,1,332,0,333,0,5,444,0,449,370,0,370,819
05/03/2000,DPA,IL,AGL,CE,Towers with Display (VFR),0,4,103,0,107,0,0,274,0,274,0,4,377,0,381,356,0,356,737
05/04/2000,DPA,IL,AGL,CE,Towers with Display (VFR),0,3,110,0,113,0,0,286,0,286,0,3,396,0,399,301,0,301,700
05/05/2000,DPA,IL,AGL,CE,Towers with Display (VFR),0,3,81,0,84,0,4,303,0,307,0,7,384,0,391,326,0,326,717
05/06/2000,DPA,IL,AGL,CE,Towers with Display (VFR),0,0,54,0,54,0,0,275,0,275,0,0,329,0,329,376,0,376,705
05/07/2000,DPA,IL,AGL,CE,Towers with Display (VFR),0,3,82,0,85,0,5,146,0,151,0,8,228,0,236,496,0,496,732
05/08/2000,DPA,IL,AGL,CE,Towers with Display (VFR),0,0,92,0,92,0,0,46,0,46,0,0,138,0,138,30,0,30,168
05/09/2000,DPA,IL,AGL,CE,Towers with Display (VFR),0,4,99,0,103,0,2,15,0,17,0,6,114,0,120,12,0,12,132
05/10/2000,DPA,IL,AGL,CE,Towers with Display (VFR),0,1,109,0,110,0,0,371,0,371,0,1,480,0,481,387,0,387,868
05/11/2000,DPA,IL,AGL,CE,Towers with Display (VFR),0,4,113,0,117,0,1,126,0,127,0,5,239,0,244,129,0,129,373
05/12/2000,DPA,IL,AGL,CE,Towers with Display (VFR),0,4,94,0,98,0,1,92,0,93,0,5,186,0,191,200,0,200,391
05/13/2000,DPA,IL,AGL,CE,Towers with Display (VFR),0,2,50,0,52,0,3,132,0,135,0,5,182,0,187,144,0,144,331
05/14/2000,DPA,IL,AGL,CE,Towers with Display (VFR),0,0,33,0,33,0,0,221,0,221,0,0,254,0,254,293,0,293,547
05/15/2000,DPA,IL,AGL,CE,Towers with Display (VFR),0,4,102,0,106,0,1,308,0,309,0,5,410,0,415,283,0,283,698
05/16/2000,DPA,IL,AGL,CE,Towers with Display (VFR),0,0,131,0,131,0,0,210,0,210,0,0,341,0,341,244,0,244,585
05/17/2000,DPA,IL,AGL,CE,Towers with Display (VFR),0,2,129,0,131,0,0,89,0,89,0,2,218,0,220,96,0,96,316
05/18/2000,DPA,IL,AGL,CE,Towers with Display (VFR),0,3,121,0,124,0,0,19,0,19,0,3,140,0,143,30,0,30,173
05/19/2000,DPA,IL,AGL,CE,Towers with Display (VFR),0,3,148,0,151,0,0,188,0,188,0,3,336,0,339,237,0,237,576
05/20/2000,DPA,IL,AGL,CE,Towers with Display (VFR),0,1,59,0,60,0,1,466,0,467,0,2,525,0,527,381,0,381,908
05/21/2000,DPA,IL,AGL,CE,Towers with Display (VFR),0,2,78,0,80,0,5,350,0,355,0,7,428,0,435,411,0,411,846
05/22/2000,DPA,IL,AGL,CE,Towers with Display (VFR),0,3,97,0,100,0,4,151,0,155,0,7,248,0,255,214,0,214,469
05/23/2000,DPA,IL,AGL,CE,Towers with Display (VFR),0,2,83,0,85,0,4,352,0,356,0,6,435,0,441,452,0,452,893
05/24/2000,DPA,IL,AGL,CE,Towers with Display (VFR),0,2,102,0,104,0,0,265,0,265,0,2,367,0,369,189,0,189,558
05/25/2000,DPA,IL,AGL,CE,Towers with Display (VFR),0,1,115,0,116,0,0,347,0,347,0,1,462,0,463,327,0,327,790
05/26/2000,DPA,IL,AGL,CE,Towers with Display (VFR),0,2,96,0,98,0,0,277,0,277,0,2,373,0,375,344,0,344,719
05/27/2000,DPA,IL,AGL,CE,Towers with Display (VFR),0,0,65,0,65,0,0,10,0,10,0,0,75,0,75,0,0,0,75
05/28/2000,DPA,IL,AGL,CE,Towers with Display (VFR),0,0,74,0,74,0,0,10,0,10,0,0,84,0,84,22,0,22,106
05/29/2000,DPA,IL,AGL,CE,Towers with Display (VFR),0,0,54,0,54,0,0,361,0,361,0,0,415,0,415,431,0,431,846
05/30/2000,DPA,IL,AGL,CE,Towers with Display (VFR),0,3,107,0,110,0,3,184,0,187,0,6,291,0,297,270,0,270,567
05/31/2000,DPA,IL,AGL,CE,Towers with Display (VFR),0,0,115,0,115,0,0,42,0,42,0,0,157,0,157,50,0,50,207
06/01/2000,DPA,IL,AGL,CE,Towers with Display (VFR),0,6,134,0,140,0,0,246,0,246,0,6,380,0,386,308,0,308,694
06/02/2000,DPA,IL,AGL,CE,Towers with Display (VFR),0,7,110,0,117,0,4,352,0,356,0,11,462,0,473,342,0,342,815
06/03/2000,DPA,IL,AGL,CE,Towers with Display (VFR),0,2,56,0,58,0,0,431,0,431,0,2,487,0,489,506,0,506,995
06/04/2000,DPA,IL,AGL,CE,Towers with Display (VFR),0,3,73,0,76,0,0,246,0,246,0,3,319,0,322,303,0,303,625
06/05/2000,DPA,IL,AGL,CE,Towers with Display (VFR),0,1,119,0,120,0,0,196,0,196,0,1,315,0,316,136,0,136,452
06/06/2000,DPA,IL,AGL,CE,Towers with Display (VFR),0,3,107,1,111,0,0,459,1,460,0,3,566,2,571,579,0,579,1150
06/07/2000,DPA,IL,AGL,CE,Towers with Display (VFR),0,2,120,0,122,0,0,381,0,381,0,2,501,0,503,271,0,271,774
06/08/2000,DPA,IL,AGL,CE,Towers with Display (VFR),0,0,116,1,117,0,0,299,1,300,0,0,415,2,417,343,0,343,760
06/09/2000,DPA,IL,AGL,CE,Towers with Display (VFR),0,5,95,0,100,0,5,314,0,319,0,10,409,0,419,270,0,270,689
06/10/2000,DPA,IL,AGL,CE,Towers with Display (VFR),0,2,50,0,52,0,11,371,0,382,0,13,421,0,434,265,0,265,699
06/11/2000,DPA,IL,AGL,CE,Towers with Display (VFR),0,0,105,1,106,0,0,96,6,102,0,0,201,7,208,213,0,213,421
06/12/2000,DPA,IL,AGL,CE,Towers with Display (VFR),0,1,103,1,105,0,0,5,0,5,0,1,108,1,110,0,0,0,110
06/13/2000,DPA,IL,AGL,CE,Towers with Display (VFR),0,5,98,0,103,0,1,135,0,136,0,6,233,0,239,103,0,103,342
06/14/2000,DPA,IL,AGL,CE,Towers with Display (VFR),0,5,93,0,98,0,4,212,0,216,0,9,305,0,314,292,0,292,606
06/15/2000,DPA,IL,AGL,CE,Towers with Display (VFR),0,1,121,0,122,0,0,332,0,332,0,1,453,0,454,286,0,286,740
06/16/2000,DPA,IL,AGL,CE,Towers with Display (VFR),0,5,94,0,99,0,0,168,0,168,0,5,262,0,267,179,0,179,446
06/17/2000,DPA,IL,AGL,CE,Towers with Display (VFR),0,2,58,0,60,0,0,477,0,477,0,2,535,0,537,442,0,442,979
06/18/2000,DPA,IL,AGL,CE,Towers with Display (VFR),0,2,43,0,45,0,0,392,0,392,0,2,435,0,437,281,0,281,718
06/19/2000,DPA,IL,AGL,CE,Towers with Display (VFR),0,4,98,0,102,0,0,386,0,386,0,4,484,0,488,308,0,308,796
06/20/2000,DPA,IL,AGL,CE,Towers with Display (VFR),0,7,132,0,139,0,5,58,0,63,0,12,190,0,202,52,0,52,254
06/21/2000,DPA,IL,AGL,CE,Towers with Display (VFR),0,1,96,0,97,0,0,252,0,252,0,1,348,0,349,90,0,90,439
06/22/2000,DPA,IL,AGL,CE,Towers with Display (VFR),0,5,98,0,103,0,0,403,0,403,0,5,501,0,506,237,0,237,743
06/23/2000,DPA,IL,AGL,CE,Towers with Display (VFR),0,4,80,0,84,0,2,318,0,320,0,6,398,0,404,219,0,219,623
06/24/2000,DPA,IL,AGL,CE,Towers with Display (VFR),0,3,70,0,73,0,1,143,0,144,0,4,213,0,217,379,0,379,596
06/25/2000,DPA,IL,AGL,CE,Towers with Display (VFR),0,1,94,0,95,0,0,285,0,285,0,1,379,0,380,354,0,354,734
06/26/2000,DPA,IL,AGL,CE,Towers with Display (VFR),0,2,84,0,86,0,0,245,1,246,0,2,329,1,332,354,0,354,686
06/27/2000,DPA,IL,AGL,CE,Towers with Display (VFR),0,5,98,0,103,0,0,391,0,391,0,5,489,0,494,430,0,430,924
06/28/2000,DPA,IL,AGL,CE,Towers with Display (VFR),0,6,125,0,131,0,0,293,0,293,0,6,418,0,424,372,0,372,796
06/29/2000,DPA,IL,AGL,CE,Towers with Display (VFR),0,6,116,0,122,0,6,345,0,351,0,12,461,0,473,300,0,300,773
06/30/2000,DPA,IL,AGL,CE,Towers with Display (VFR),0,5,97,0,102,0,0,315,0,315,0,5,412,0,417,285,0,285,702
07/01/2000,DPA,IL,AGL,CE,Towers with Display (VFR),0,3,44,0,47,0,0,378,0,378,0,3,422,0,425,472,0,472,897
07/02/2000,DPA,IL,AGL,CE,Towers with Display (VFR),0,1,53,0,54,0,0,127,0,127,0,1,180,0,181,377,0,377,558
07/03/2000,DPA,IL,AGL,CE,Towers with Display (VFR),0,0,106,0,106,0,0,108,0,108,0,0,214,0,214,210,0,210,424
07/04/2000,DPA,IL,AGL,CE,Towers with Display (VFR),0,0,41,0,41,0,0,223,0,223,0,0,264,0,264,356,0,356,620
07/05/2000,DPA,IL,AGL,CE,Towers with Display (VFR),0,0,86,0,86,0,0,309,0,309,0,0,395,0,395,414,0,414,809
07/06/2000,DPA,IL,AGL,CE,Towers with Display (VFR),0,8,103,0,111,0,7,296,2,305,0,15,399,2,416,412,0,412,828
07/07/2000,DPA,IL,AGL,CE,Towers with Display (VFR),0,6,83,0,89,0,0,407,0,407,0,6,490,0,496,385,0,385,881
07/08/2000,DPA,IL,AGL,CE,Towers with Display (VFR),0,5,61,0,66,0,0,275,0,275,0,5,336,0,341,431,0,431,772
07/09/2000,DPA,IL,AGL,CE,Towers with Display (VFR),0,6,74,0,80,0,6,231,0,237,0,12,305,0,317,407,0,407,724
07/10/2000,DPA,IL,AGL,CE,Towers with Display (VFR),0,6,115,0,121,0,0,173,0,173,0,6,288,0,294,220,0,220,514
07/11/2000,DPA,IL,AGL,CE,Towers with Display (VFR),0,4,138,0,142,0,0,192,0,192,0,4,330,0,334,340,0,340,674
07/12/2000,DPA,IL,AGL,CE,Towers with Display (VFR),0,6,97,0,103,0,1,333,0,334,0,7,430,0,437,235,0,235,672
07/13/2000,DPA,IL,AGL,CE,Towers with Display (VFR),0,8,124,0,132,0,0,412,0,412,0,8,536,0,544,252,0,252,796
07/14/2000,DPA,IL,AGL,CE,Towers with Display (VFR),0,4,80,0,84,0,0,294,0,294,0,4,374,0,378,174,0,174,552
07/15/2000,DPA,IL,AGL,CE,Towers with Display (VFR),0,3,55,1,59,0,2,495,1,498,0,5,550,2,557,476,0,476,1033
07/16/2000,DPA,IL,AGL,CE,Towers with Display (VFR),0,4,62,0,66,0,8,286,0,294,0,12,348,0,360,242,0,242,602
07/17/2000,DPA,IL,AGL,CE,Towers with Display (VFR),0,4,81,0,85,0,0,278,0,278,0,4,359,0,363,290,0,290,653
07/18/2000,DPA,IL,AGL,CE,Towers with Display (VFR),0,3,82,0,85,0,0,274,1,275,0,3,356,1,360,331,0,331,691
07/19/2000,DPA,IL,AGL,CE,Towers with Display (VFR),0,5,75,0,80,0,4,256,0,260,0,9,331,0,340,357,0,357,697
07/20/2000,DPA,IL,AGL,CE,Towers with Display (VFR),0,6,113,0,119,0,0,288,2,290,0,6,401,2,409,302,0,302,711
07/21/2000,DPA,IL,AGL,CE,Towers with Display (VFR),0,2,83,0,85,0,0,284,0,284,0,2,367,0,369,259,0,259,628
07/22/2000,DPA,IL,AGL,CE,Towers with Display (VFR),0,4,63,0,67,0,1,342,0,343,0,5,405,0,410,290,0,290,700
07/23/2000,DPA,IL,AGL,CE,Towers with Display (VFR),0,2,70,0,72,0,0,344,0,344,0,2,414,0,416,226,0,226,642
07/24/2000,DPA,IL,AGL,CE,Towers with Display (VFR),0,0,92,0,92,0,0,367,0,367,0,0,459,0,459,297,0,297,756
07/25/2000,DPA,IL,AGL,CE,Towers with Display (VFR),0,5,136,0,141,0,0,342,3,345,0,5,478,3,486,348,25,373,859
07/26/2000,DPA,IL,AGL,CE,Towers with Display (VFR),0,6,98,0,104,0,2,252,0,254,0,8,350,0,358,125,0,125,483
07/27/2000,DPA,IL,AGL,CE,Towers with Display (VFR),0,7,111,0,118,0,4,285,2,291,0,11,396,2,409,259,0,259,668
07/28/2000,DPA,IL,AGL,CE,Towers with Display (VFR),0,6,99,0,105,0,1,348,0,349,0,7,447,0,454,380,0,380,834
07/29/2000,DPA,IL,AGL,CE,Towers with Display (VFR),0,5,82,0,87,0,9,168,0,177,0,14,250,0,264,392,0,392,656
07/30/2000,DPA,IL,AGL,CE,Towers with Display (VFR),0,4,65,0,69,0,3,77,0,80,0,7,142,0,149,56,0,56,205
07/31/2000,DPA,IL,AGL,CE,Towers with Display (VFR),0,6,95,0,101,0,2,79,2,83,0,8,174,2,184,157,0,157,341
08/01/2000,DPA,IL,AGL,CE,Towers with Display (VFR),0,6,121,0,127,0,0,209,0,209,0,6,330,0,336,124,0,124,460
08/02/2000,DPA,IL,AGL,CE,Towers with Display (VFR),0,7,151,0,158,0,1,283,0,284,0,8,434,0,442,403,0,403,845
08/03/2000,DPA,IL,AGL,CE,Towers with Display (VFR),0,2,109,0,111,0,0,430,0,430,0,2,539,0,541,380,0,380,921
08/04/2000,DPA,IL,AGL,CE,Towers with Display (VFR),0,4,81,0,85,0,1,388,0,389,0,5,469,0,474,388,0,388,862
08/05/2000,DPA,IL,AGL,CE,Towers with Display (VFR),0,0,53,0,53,0,0,214,0,214,0,0,267,0,267,210,0,210,477
08/06/2000,DPA,IL,AGL,CE,Towers with Display (VFR),0,1,65,0,66,0,0,135,0,135,0,1,200,0,201,264,0,264,465
08/07/2000,DPA,IL,AGL,CE,Towers with Display (VFR),0,4,82,0,86,0,7,237,0,244,0,11,319,0,330,291,0,291,621
08/08/2000,DPA,IL,AGL,CE,Towers with Display (VFR),0,3,95,0,98,0,0,139,0,139,0,3,234,0,237,283,0,283,520
08/09/2000,DPA,IL,AGL,CE,Towers with Display (VFR),0,3,86,0,89,0,0,269,0,269,0,3,355,0,358,349,0,349,707
08/10/2000,DPA,IL,AGL,CE,Towers with Display (VFR),0,1,134,0,135,0,0,355,0,355,0,1,489,0,490,338,0,338,828
08/11/2000,DPA,IL,AGL,CE,Towers with Display (VFR),0,4,80,0,84,0,0,327,0,327,0,4,407,0,411,300,0,300,711
08/12/2000,DPA,IL,AGL,CE,Towers with Display (VFR),0,1,57,0,58,0,0,315,0,315,0,1,372,0,373,237,0,237,610
08/13/2000,DPA,IL,AGL,CE,Towers with Display (VFR),0,0,63,0,63,0,0,249,0,249,0,0,312,0,312,252,0,252,564
08/14/2000,DPA,IL,AGL,CE,Towers with Display (VFR),0,4,86,0,90,0,1,204,0,205,0,5,290,0,295,233,0,233,528
08/15/2000,DPA,IL,AGL,CE,Towers with Display (VFR),0,6,119,0,125,0,3,228,0,231,0,9,347,0,356,247,0,247,603
08/16/2000,DPA,IL,AGL,CE,Towers with Display (VFR),0,2,106,0,108,0,0,279,0,279,0,2,385,0,387,316,0,316,703
08/17/2000,DPA,IL,AGL,CE,Towers with Display (VFR),0,4,92,0,96,0,0,133,0,133,0,4,225,0,229,375,0,375,604
08/18/2000,DPA,IL,AGL,CE,Towers with Display (VFR),0,4,97,0,101,0,0,209,0,209,0,4,306,0,310,259,0,259,569
08/19/2000,DPA,IL,AGL,CE,Towers with Display (VFR),0,3,58,0,61,0,6,308,0,314,0,9,366,0,375,276,0,276,651
08/20/2000,DPA,IL,AGL,CE,Towers with Display (VFR),0,1,58,0,59,0,0,288,0,288,0,1,346,0,347,225,0,225,572
08/21/2000,DPA,IL,AGL,CE,Towers with Display (VFR),0,3,110,0,113,0,0,251,0,251,0,3,361,0,364,223,0,223,587
08/22/2000,DPA,IL,AGL,CE,Towers with Display (VFR),0,3,88,0,91,0,6,124,0,130,0,9,212,0,221,196,0,196,417
08/23/2000,DPA,IL,AGL,CE,Towers with Display (VFR),0,8,187,0,195,0,0,181,0,181,0,8,368,0,376,200,0,200,576
08/24/2000,DPA,IL,AGL,CE,Towers with Display (VFR),0,4,111,0,115,0,12,241,0,253,0,16,352,0,368,359,0,359,727
08/25/2000,DPA,IL,AGL,CE,Towers with Display (VFR),0,4,106,0,110,0,2,304,0,306,0,6,410,0,416,280,0,280,696
08/26/2000,DPA,IL,AGL,CE,Towers with Display (VFR),0,2,50,0,52,0,0,175,0,175,0,2,225,0,227,445,0,445,672
08/27/2000,DPA,IL,AGL,CE,Towers with Display (VFR),0,3,80,0,83,0,0,296,0,296,0,3,376,0,379,362,0,362,741
08/28/2000,DPA,IL,AGL,CE,Towers with Display (VFR),0,4,96,0,100,0,1,235,0,236,0,5,331,0,336,216,0,216,552
08/29/2000,DPA,IL,AGL,CE,Towers with Display (VFR),0,5,166,0,171,0,0,100,0,100,0,5,266,0,271,246,0,246,517
08/30/2000,DPA,IL,AGL,CE,Towers with Display (VFR),0,6,178,0,184,0,0,77,0,77,0,6,255,0,261,152,0,152,413
08/31/2000,DPA,IL,AGL,CE,Towers with Display (VFR),0,2,146,0,148,0,0,305,0,305,0,2,451,0,453,218,0,218,671
09/01/2000,DPA,IL,AGL,CE,Towers with Display (VFR),0,5,128,0,133,0,0,293,0,293,0,5,421,0,426,219,0,219,645
09/02/2000,DPA,IL,AGL,CE,Towers with Display (VFR),0,3,63,0,66,0,1,199,0,200,0,4,262,0,266,290,0,290,556
09/03/2000,DPA,IL,AGL,CE,Towers with Display (VFR),0,1,29,0,30,0,0,101,0,101,0,1,130,0,131,178,0,178,309
09/04/2000,DPA,IL,AGL,CE,Towers with Display (VFR),0,0,82,0,82,0,0,179,0,179,0,0,261,0,261,230,0,230,491
09/05/2000,DPA,IL,AGL,CE,Towers with Display (VFR),0,1,100,0,101,0,0,300,0,300,0,1,400,0,401,178,0,178,579
09/06/2000,DPA,IL,AGL,CE,Towers with Display (VFR),0,4,97,0,101,0,4,272,0,276,0,8,369,0,377,174,0,174,551
09/07/2000,DPA,IL,AGL,CE,Towers with Display (VFR),0,4,124,0,128,0,0,252,0,252,0,4,376,0,380,304,0,304,684
09/08/2000,DPA,IL,AGL,CE,Towers with Display (VFR),0,3,120,0,123,0,0,266,0,266,0,3,386,0,389,259,0,259,648
09/09/2000,DPA,IL,AGL,CE,Towers with Display (VFR),0,4,99,0,103,0,2,170,0,172,0,6,269,0,275,174,0,174,449
09/10/2000,DPA,IL,AGL,CE,Towers with Display (VFR),0,3,57,0,60,0,0,241,0,241,0,3,298,0,301,343,0,343,644
09/11/2000,DPA,IL,AGL,CE,Towers with Display (VFR),0,1,101,0,102,0,0,74,0,74,0,1,175,0,176,72,0,72,248
09/12/2000,DPA,IL,AGL,CE,Towers with Display (VFR),0,3,106,0,109,0,0,326,0,326,0,3,432,0,435,261,0,261,696
09/13/2000,DPA,IL,AGL,CE,Towers with Display (VFR),0,6,128,0,134,0,7,407,0,414,0,13,535,0,548,257,0,257,805
09/14/2000,DPA,IL,AGL,CE,Towers with Display (VFR),0,3,107,0,110,0,0,254,3,257,0,3,361,3,367,282,0,282,649
09/15/2000,DPA,IL,AGL,CE,Towers with Display (VFR),0,1,107,0,108,0,0,289,0,289,0,1,396,0,397,262,0,262,659
09/16/2000,DPA,IL,AGL,CE,Towers with Display (VFR),0,1,41,0,42,0,3,381,0,384,0,4,422,0,426,312,0,312,738
09/17/2000,DPA,IL,AGL,CE,Towers with Display (VFR),0,2,58,0,60,0,1,364,0,365,0,3,422,0,425,275,0,275,700
09/18/2000,DPA,IL,AGL,CE,Towers with Display (VFR),0,1,76,0,77,0,0,206,0,206,0,1,282,0,283,218,0,218,501
09/19/2000,DPA,IL,AGL,CE,Towers with Display (VFR),0,1,103,0,104,0,0,227,0,227,0,1,330,0,331,255,0,255,586
09/20/2000,DPA,IL,AGL,CE,Towers with Display (VFR),0,5,137,0,142,0,5,100,0,105,0,10,237,0,247,72,0,72,319
09/21/2000,DPA,IL,AGL,CE,Towers with Display (VFR),0,3,124,0,127,0,0,336,0,336,0,3,460,0,463,346,0,346,809
09/22/2000,DPA,IL,AGL,CE,Towers with Display (VFR),0,3,94,0,97,0,3,76,0,79,0,6,170,0,176,83,0,83,259
09/23/2000,DPA,IL,AGL,CE,Towers with Display (VFR),0,3,103,0,106,0,5,57,0,62,0,8,160,0,168,24,0,24,192
09/24/2000,DPA,IL,AGL,CE,Towers with Display (VFR),0,1,74,0,75,0,0,177,0,177,0,1,251,0,252,249,0,249,501
09/25/2000,DPA,IL,AGL,CE,Towers with Display (VFR),0,4,109,0,113,0,1,279,0,280,0,5,388,0,393,184,0,184,577
09/26/2000,DPA,IL,AGL,CE,Towers with Display (VFR),0,5,130,0,135,0,1,370,0,371,0,6,500,0,506,267,0,267,773
09/27/2000,DPA,IL,AGL,CE,Towers with Display (VFR),0,1,95,0,96,0,0,298,0,298,0,1,393,0,394,290,0,290,684
09/28/2000,DPA,IL,AGL,CE,Towers with Display (VFR),0,5,132,0,137,0,0,400,0,400,0,5,532,0,537,341,0,341,878
09/29/2000,DPA,IL,AGL,CE,Towers with Display (VFR),0,3,114,0,117,0,0,262,0,262,0,3,376,0,379,300,0,300,679
09/30/2000,DPA,IL,AGL,CE,Towers with Display (VFR),0,2,53,0,55,0,3,379,0,382,0,5,432,0,437,262,0,262,699
10/01/2000,DPA,IL,AGL,CE,Towers with Display (VFR),0,5,107,0,112,0,5,311,0,316,0,10,418,0,428,318,0,318,746
10/02/2000,DPA,IL,AGL,CE,Towers with Display (VFR),0,0,84,0,84,0,0,198,0,198,0,0,282,0,282,167,0,167,449
10/03/2000,DPA,IL,AGL,CE,Towers with Display (VFR),0,4,105,0,109,0,0,244,0,244,0,4,349,0,353,251,0,251,604
10/04/2000,DPA,IL,AGL,CE,Towers with Display (VFR),0,2,139,0,141,0,0,325,0,325,0,2,464,0,466,173,0,173,639
10/05/2000,DPA,IL,AGL,CE,Towers with Display (VFR),0,5,120,0,125,0,0,140,0,140,0,5,260,0,265,232,0,232,497
10/06/2000,DPA,IL,AGL,CE,Towers with Display (VFR),0,3,58,0,61,0,0,203,0,203,0,3,261,0,264,110,0,110,374
10/07/2000,DPA,IL,AGL,CE,Towers with Display (VFR),0,2,57,0,59,0,0,239,0,239,0,2,296,0,298,312,0,312,610
10/08/2000,DPA,IL,AGL,CE,Towers with Display (VFR),0,4,103,0,107,0,1,229,0,230,0,5,332,0,337,331,0,331,668
10/09/2000,DPA,IL,AGL,CE,Towers with Display (VFR),0,4,85,0,89,0,1,383,0,384,0,5,468,0,473,305,0,305,778
10/10/2000,DPA,IL,AGL,CE,Towers with Display (VFR),0,4,93,0,97,0,6,292,0,298,0,10,385,0,395,282,0,282,677
10/11/2000,DPA,IL,AGL,CE,Towers with Display (VFR),0,6,132,0,138,0,0,287,0,287,0,6,419,0,425,226,0,226,651
10/12/2000,DPA,IL,AGL,CE,Towers with Display (VFR),0,4,98,0,102,0,1,299,0,300,0,5,397,0,402,181,0,181,583
10/13/2000,DPA,IL,AGL,CE,Towers with Display (VFR),0,0,74,0,74,0,0,312,0,312,0,0,386,0,386,201,0,201,587
10/14/2000,DPA,IL,AGL,CE,Towers with Display (VFR),0,3,91,0,94,0,0,277,0,277,0,3,368,0,371,384,0,384,755
10/15/2000,DPA,IL,AGL,CE,Towers with Display (VFR),0,4,111,0,115,0,1,215,0,216,0,5,326,0,331,321,0,321,652
10/16/2000,DPA,IL,AGL,CE,Towers with Display (VFR),0,2,117,0,119,0,0,175,0,175,0,2,292,0,294,257,0,257,551
10/17/2000,DPA,IL,AGL,CE,Towers with Display (VFR),0,3,101,0,104,0,0,208,2,210,0,3,309,2,314,303,0,303,617
10/18/2000,DPA,IL,AGL,CE,Towers with Display (VFR),0,1,98,0,99,0,0,312,2,314,0,1,410,2,413,228,4,232,645
10/19/2000,DPA,IL,AGL,CE,Towers with Display (VFR),0,2,108,0,110,0,0,288,2,290,0,2,396,2,400,320,0,320,720
10/20/2000,DPA,IL,AGL,CE,Towers with Display (VFR),0,2,63,0,65,0,0,350,0,350,0,2,413,0,415,196,0,196,611
10/21/2000,DPA,IL,AGL,CE,Towers with Display (VFR),0,2,71,0,73,0,4,342,0,346,0,6,413,0,419,368,0,368,787
10/22/2000,DPA,IL,AGL,CE,Towers with Display (VFR),0,2,132,0,134,0,0,198,0,198,0,2,330,0,332,418,0,418,750
10/23/2000,DPA,IL,AGL,CE,Towers with Display (VFR),0,5,141,0,146,0,2,26,0,28,0,7,167,0,174,36,0,36,210
10/24/2000,DPA,IL,AGL,CE,Towers with Display (VFR),0,5,144,0,149,0,6,0,0,6,0,11,144,0,155,66,0,66,221
10/25/2000,DPA,IL,AGL,CE,Towers with Display (VFR),0,5,191,0,196,0,0,1,2,3,0,5,192,2,199,62,8,70,269
10/26/2000,DPA,IL,AGL,CE,Towers with Display (VFR),0,6,159,0,165,0,0,213,0,213,0,6,372,0,378,208,0,208,586
10/27/2000,DPA,IL,AGL,CE,Towers with Display (VFR),0,3,87,0,90,0,5,266,0,271,0,8,353,0,361,177,0,177,538
10/28/2000,DPA,IL,AGL,CE,Towers with Display (VFR),0,2,87,0,89,0,0,230,0,230,0,2,317,0,319,310,0,310,629
10/29/2000,DPA,IL,AGL,CE,Towers with Display (VFR),0,3,96,0,99,0,1,410,0,411,0,4,506,0,510,378,0,378,888
10/30/2000,DPA,IL,AGL,CE,Towers with Display (VFR),0,3,100,0,103,0,2,229,0,231,0,5,329,0,334,308,0,308,642
10/31/2000,DPA,IL,AGL,CE,Towers with Display (VFR),0,0,0,0,0,0,4,315,0,319,0,4,315,0,319,230,0,230,549
11/01/2000,DPA,IL,AGL,CE,Towers with Display (VFR),0,5,100,0,105,0,1,267,0,268,0,6,367,0,373,354,0,354,727
11/02/2000,DPA,IL,AGL,CE,Towers with Display (VFR),0,6,127,0,133,0,14,180,0,194,0,20,307,0,327,226,0,226,553
11/03/2000,DPA,IL,AGL,CE,Towers with Display (VFR),0,5,111,0,116,0,4,299,0,303,0,9,410,0,419,339,0,339,758
11/04/2000,DPA,IL,AGL,CE,Towers with Display (VFR),0,2,59,0,61,0,0,439,0,439,0,2,498,0,500,434,0,434,934
11/05/2000,DPA,IL,AGL,CE,Towers with Display (VFR),0,4,68,0,72,0,1,386,0,387,0,5,454,0,459,323,0,323,782
11/06/2000,DPA,IL,AGL,CE,Towers with Display (VFR),0,0,93,0,93,0,0,74,1,75,0,0,167,1,168,30,0,30,198
11/07/2000,DPA,IL,AGL,CE,Towers with Display (VFR),0,0,117,0,117,0,0,119,0,119,0,0,236,0,236,190,0,190,426
11/08/2000,DPA,IL,AGL,CE,Towers with Display (VFR),0,3,102,0,105,0,0,274,2,276,0,3,376,2,381,303,0,303,684
11/09/2000,DPA,IL,AGL,CE,Towers with Display (VFR),0,4,81,0,85,0,2,4,0,6,0,6,85,0,91,0,0,0,91
11/10/2000,DPA,IL,AGL,CE,Towers with Display (VFR),0,4,111,0,115,0,0,269,0,269,0,4,380,0,384,366,0,366,750
11/11/2000,DPA,IL,AGL,CE,Towers with Display (VFR),0,0,60,0,60,0,0,357,0,357,0,0,417,0,417,379,0,379,796
11/12/2000,DPA,IL,AGL,CE,Towers with Display (VFR),0,1,59,0,60,0,0,208,0,208,0,1,267,0,268,470,0,470,738
11/13/2000,DPA,IL,AGL,CE,Towers with Display (VFR),0,4,77,0,81,0,2,37,0,39,0,6,114,0,120,94,0,94,214
11/14/2000,DPA,IL,AGL,CE,Towers with Display (VFR),0,3,76,0,79,0,0,98,0,98,0,3,174,0,177,109,0,109,286
11/15/2000,DPA,IL,AGL,CE,Towers with Display (VFR),0,4,118,0,122,0,0,346,0,346,0,4,464,0,468,370,0,370,838
11/16/2000,DPA,IL,AGL,CE,Towers with Display (VFR),0,4,86,0,90,0,7,28,0,35,0,11,114,0,125,4,16,20,145
11/17/2000,DPA,IL,AGL,CE,Towers with Display (VFR),0,1,91,0,92,0,0,151,0,151,0,1,242,0,243,312,0,312,555
11/18/2000,DPA,IL,AGL,CE,Towers with Display (VFR),0,0,67,0,67,0,0,225,0,225,0,0,292,0,292,280,0,280,572
11/19/2000,DPA,IL,AGL,CE,Towers with Display (VFR),0,2,54,0,56,0,1,198,0,199,0,3,252,0,255,310,0,310,565
11/20/2000,DPA,IL,AGL,CE,Towers with Display (VFR),0,0,84,0,84,0,0,55,0,55,0,0,139,0,139,71,0,71,210
11/21/2000,DPA,IL,AGL,CE,Towers with Display (VFR),0,3,116,0,119,0,0,280,2,282,0,3,396,2,401,403,1,404,805
11/22/2000,DPA,IL,AGL,CE,Towers with Display (VFR),0,4,111,0,115,0,3,375,4,382,0,7,486,4,497,425,0,425,922
11/23/2000,DPA,IL,AGL,CE,Towers with Display (VFR),0,1,25,0,26,0,1,129,0,130,0,2,154,0,156,110,0,110,266
11/24/2000,DPA,IL,AGL,CE,Towers with Display (VFR),0,1,65,0,66,0,0,365,0,365,0,1,430,0,431,287,0,287,718
11/25/2000,DPA,IL,AGL,CE,Towers with Display (VFR),0,0,46,0,46,0,0,151,0,151,0,0,197,0,197,276,0,276,473
11/26/2000,DPA,IL,AGL,CE,Towers with Display (VFR),0,0,124,0,124,0,0,5,0,5,0,0,129,0,129,0,0,0,129
11/27/2000,DPA,IL,AGL,CE,Towers with Display (VFR),0,0,86,0,86,0,0,5,0,5,0,0,91,0,91,26,0,26,117
11/28/2000,DPA,IL,AGL,CE,Towers with Display (VFR),0,2,104,0,106,0,0,187,0,187,0,2,291,0,293,364,0,364,657
11/29/2000,DPA,IL,AGL,CE,Towers with Display (VFR),0,4,110,0,114,0,5,49,0,54,0,9,159,0,168,50,0,50,218
11/30/2000,DPA,IL,AGL,CE,Towers with Display (VFR),0,4,102,0,106,0,2,115,0,117,0,6,217,0,223,218,0,218,441
12/01/2000,DPA,IL,AGL,CE,Towers with Display (VFR),0,3,81,0,84,0,3,97,0,100,0,6,178,0,184,102,0,102,286
12/02/2000,DPA,IL,AGL,CE,Towers with Display (VFR),0,2,37,0,39,0,0,200,0,200,0,2,237,0,239,396,0,396,635
12/03/2000,DPA,IL,AGL,CE,Towers with Display (VFR),0,0,55,0,55,0,0,412,0,412,0,0,467,0,467,318,0,318,785
12/04/2000,DPA,IL,AGL,CE,Towers with Display (VFR),0,3,83,0,86,0,3,127,0,130,0,6,210,0,216,202,0,202,418
12/05/2000,DPA,IL,AGL,CE,Towers with Display (VFR),0,4,109,0,113,0,10,197,0,207,0,14,306,0,320,20,0,20,340
12/06/2000,DPA,IL,AGL,CE,Towers with Display (VFR),0,4,104,0,108,0,0,109,0,109,0,4,213,0,217,86,0,86,303
12/07/2000,DPA,IL,AGL,CE,Towers with Display (VFR),0,2,113,0,115,0,0,5,0,5,0,2,118,0,120,0,0,0,120
12/08/2000,DPA,IL,AGL,CE,Towers with Display (VFR),0,4,95,0,99,0,3,264,0,267,0,7,359,0,366,384,0,384,750
12/09/2000,DPA,IL,AGL,CE,Towers with Display (VFR),0,2,61,0,63,0,0,345,0,345,0,2,406,0,408,446,0,446,854
12/10/2000,DPA,IL,AGL,CE,Towers with Display (VFR),0,2,42,0,44,0,5,42,0,47,0,7,84,0,91,305,0,305,396
12/11/2000,DPA,IL,AGL,CE,Towers with Display (VFR),0,0,27,0,27,0,0,1,0,1,0,0,28,0,28,0,0,0,28
12/12/2000,DPA,IL,AGL,CE,Towers with Display (VFR),0,0,80,0,80,0,0,149,0,149,0,0,229,0,229,156,0,156,385
12/13/2000,DPA,IL,AGL,CE,Towers with Display (VFR),0,2,88,0,90,0,0,33,0,33,0,2,121,0,123,37,0,37,160
12/14/2000,DPA,IL,AGL,CE,Towers with Display (VFR),0,0,104,0,104,0,0,113,0,113,0,0,217,0,217,276,0,276,493
12/15/2000,DPA,IL,AGL,CE,Towers with Display (VFR),0,0,82,0,82,0,0,3,0,3,0,0,85,0,85,4,0,4,89
12/16/2000,DPA,IL,AGL,CE,Towers with Display (VFR),0,0,19,0,19,0,0,5,0,5,0,0,24,0,24,110,0,110,134
12/17/2000,DPA,IL,AGL,CE,Towers with Display (VFR),0,2,50,0,52,0,0,87,0,87,0,2,137,0,139,216,0,216,355
12/18/2000,DPA,IL,AGL,CE,Towers with Display (VFR),0,4,114,0,118,0,0,86,0,86,0,4,200,0,204,214,0,214,418
12/19/2000,DPA,IL,AGL,CE,Towers with Display (VFR),0,3,83,0,86,0,0,107,0,107,0,3,190,0,193,266,0,266,459
12/20/2000,DPA,IL,AGL,CE,Towers with Display (VFR),0,2,73,0,75,0,2,85,0,87,0,4,158,0,162,81,0,81,243
12/21/2000,DPA,IL,AGL,CE,Towers with Display (VFR),0,3,107,0,110,0,0,52,0,52,0,3,159,0,162,54,0,54,216
12/22/2000,DPA,IL,AGL,CE,Towers with Display (VFR),0,0,73,0,73,0,0,187,0,187,0,0,260,0,260,237,0,237,497
12/23/2000,DPA,IL,AGL,CE,Towers with Display (VFR),0,1,55,0,56,0,4,76,0,80,0,5,131,0,136,185,0,185,321
12/24/2000,DPA,IL,AGL,CE,Towers with Display (VFR),0,0,15,0,15,0,0,20,0,20,0,0,35,0,35,23,0,23,58
12/25/2000,DPA,IL,AGL,CE,Towers with Display (VFR),0,0,12,0,12,0,3,37,0,40,0,3,49,0,52,20,0,20,72
12/26/2000,DPA,IL,AGL,CE,Towers with Display (VFR),0,2,73,0,75,0,8,78,0,86,0,10,151,0,161,198,0,198,359
12/27/2000,DPA,IL,AGL,CE,Towers with Display (VFR),0,2,83,0,85,0,9,158,0,167,0,11,241,0,252,214,0,214,466
12/28/2000,DPA,IL,AGL,CE,Towers with Display (VFR),0,1,58,0,59,0,0,185,0,185,0,1,243,0,244,233,0,233,477
12/29/2000,DPA,IL,AGL,CE,Towers with Display (VFR),0,0,36,0,36,0,0,3,0,3,0,0,39,0,39,0,0,0,39
12/30/2000,DPA,IL,AGL,CE,Towers with Display (VFR),0,1,54,0,55,0,4,4,0,8,0,5,58,0,63,28,0,28,91
12/31/2000,DPA,IL,AGL,CE,Towers with Display (VFR),0,0,26,0,26,0,0,260,0,260,0,0,286,0,286,366,0,366,652
01/01/2001,DPA,IL,AGL,CE,Towers with Display (VFR),0,2,28,0,30,0,1,118,0,119,0,3,146,0,149,122,0,122,271
01/02/2001,DPA,IL,AGL,CE,Towers with Display (VFR),0,4,75,0,79,0,7,217,0,224,0,11,292,0,303,283,0,283,586
01/03/2001,DPA,IL,AGL,CE,Towers with Display (VFR),0,4,96,0,100,0,0,1,0,1,0,4,97,0,101,10,0,10,111
01/04/2001,DPA,IL,AGL,CE,Towers with Display (VFR),0,5,105,0,110,0,1,9,0,10,0,6,114,0,120,80,0,80,200
01/05/2001,DPA,IL,AGL,CE,Towers with Display (VFR),0,3,75,0,78,0,0,206,2,208,0,3,281,2,286,252,0,252,538
01/06/2001,DPA,IL,AGL,CE,Towers with Display (VFR),0,1,38,0,39,0,0,404,0,404,0,1,442,0,443,394,0,394,837
01/07/2001,DPA,IL,AGL,CE,Towers with Display (VFR),0,1,47,0,48,0,0,271,2,273,0,1,318,2,321,358,10,368,689
01/08/2001,DPA,IL,AGL,CE,Towers with Display (VFR),0,2,79,0,81,0,0,202,0,202,0,2,281,0,283,151,0,151,434
01/09/2001,DPA,IL,AGL,CE,Towers with Display (VFR),0,6,123,0,129,0,3,302,0,305,0,9,425,0,434,259,0,259,693
01/10/2001,DPA,IL,AGL,CE,Towers with Display (VFR),0,3,100,0,103,0,0,256,0,256,0,3,356,0,359,209,0,209,568
01/11/2001,DPA,IL,AGL,CE,Towers with Display (VFR),0,1,96,0,97,0,0,174,0,174,0,1,270,0,271,225,0,225,496
01/12/2001,DPA,IL,AGL,CE,Towers with Display (VFR),0,5,108,0,113,0,2,5,0,7,0,7,113,0,120,32,0,32,152
01/13/2001,DPA,IL,AGL,CE,Towers with Display (VFR),0,0,37,0,37,0,0,29,0,29,0,0,66,0,66,115,0,115,181
01/14/2001,DPA,IL,AGL,CE,Towers with Display (VFR),0,2,43,0,45,0,1,0,0,1,0,3,43,0,46,0,0,0,46
01/15/2001,DPA,IL,AGL,CE,Towers with Display (VFR),0,2,68,0,70,0,1,0,0,1,0,3,68,0,71,0,0,0,71
01/16/2001,DPA,IL,AGL,CE,Towers with Display (VFR),0,4,106,0,110,0,4,36,0,40,0,8,142,0,150,204,0,204,354
01/17/2001,DPA,IL,AGL,CE,Towers with Display (VFR),0,0,128,0,128,0,0,145,2,147,0,0,273,2,275,280,12,292,567
01/18/2001,DPA,IL,AGL,CE,Towers with Display (VFR),0,4,102,0,106,0,0,111,0,111,0,4,213,0,217,184,0,184,401
01/19/2001,DPA,IL,AGL,CE,Towers with Display (VFR),0,0,64,0,64,0,0,138,0,138,0,0,202,0,202,130,0,130,332
01/20/2001,DPA,IL,AGL,CE,Towers with Display (VFR),0,1,49,0,50,0,0,344,0,344,0,1,393,0,394,426,0,426,820
01/21/2001,DPA,IL,AGL,CE,Towers with Display (VFR),0,2,59,0,61,0,4,347,0,351,0,6,406,0,412,413,0,413,825
01/22/2001,DPA,IL,AGL,CE,Towers with Display (VFR),0,3,100,0,103,0,0,228,0,228,0,3,328,0,331,250,0,250,581
01/23/2001,DPA,IL,AGL,CE,Towers with Display (VFR),0,0,90,0,90,0,0,166,0,166,0,0,256,0,256,289,0,289,545
01/24/2001,DPA,IL,AGL,CE,Towers with Display (VFR),0,2,100,0,102,0,0,222,0,222,0,2,322,0,324,286,0,286,610
01/25/2001,DPA,IL,AGL,CE,Towers with Display (VFR),0,0,94,0,94,0,0,278,0,278,0,0,372,0,372,300,0,300,672
01/26/2001,DPA,IL,AGL,CE,Towers with Display (VFR),0,2,67,0,69,0,1,7,0,8,0,3,74,0,77,0,0,0,77
01/27/2001,DPA,IL,AGL,CE,Towers with Display (VFR),0,2,50,0,52,0,8,374,0,382,0,10,424,0,434,498,0,498,932
01/28/2001,DPA,IL,AGL,CE,Towers with Display (VFR),0,2,56,0,58,0,2,247,0,249,0,4,303,0,307,236,0,236,543
01/29/2001,DPA,IL,AGL,CE,Towers with Display (VFR),0,0,74,0,74,0,0,3,0,3,0,0,77,0,77,0,0,0,77
01/30/2001,DPA,IL,AGL,CE,Towers with Display (VFR),0,3,92,0,95,0,2,0,0,2,0,5,92,0,97,0,0,0,97
01/31/2001,DPA,IL,AGL,CE,Towers with Display (VFR),0,5,122,0,127,0,3,32,3,38,0,8,154,3,165,80,21,101,266
02/01/2001,DPA,IL,AGL,CE,Towers with Display (VFR),0,3,94,0,97,0,0,126,0,126,0,3,220,0,223,150,0,150,373
02/02/2001,DPA,IL,AGL,CE,Towers with Display (VFR),0,0,103,0,103,0,0,196,0,196,0,0,299,0,299,167,0,167,466
02/03/2001,DPA,IL,AGL,CE,Towers with Display (VFR),0,1,30,0,31,0,0,264,0,264,0,1,294,0,295,475,0,475,770
02/04/2001,DPA,IL,AGL,CE,Towers with Display (VFR),0,1,32,0,33,0,0,4,0,4,0,1,36,0,37,18,0,18,55
02/05/2001,DPA,IL,AGL,CE,Towers with Display (VFR),0,2,79,0,81,0,6,69,0,75,0,8,148,0,156,298,0,298,454
02/06/2001,DPA,IL,AGL,CE,Towers with Display (VFR),0,1,109,0,110,0,0,173,0,173,0,1,282,0,283,268,0,268,551
02/07/2001,DPA,IL,AGL,CE,Towers with Display (VFR),0,0,129,0,129,0,0,41,0,41,0,0,170,0,170,58,0,58,228
02/08/2001,DPA,IL,AGL,CE,Towers with Display (VFR),0,0,80,0,80,0,0,4,0,4,0,0,84,0,84,0,0,0,84
02/09/2001,DPA,IL,AGL,CE,Towers with Display (VFR),0,0,82,0,82,0,0,7,0,7,0,0,89,0,89,0,0,0,89
02/10/2001,DPA,IL,AGL,CE,Towers with Display (VFR),0,1,59,0,60,0,0,237,0,237,0,1,296,0,297,319,0,319,616
02/11/2001,DPA,IL,AGL,CE,Towers with Display (VFR),0,0,54,0,54,0,0,281,0,281,0,0,335,0,335,401,0,401,736
02/12/2001,DPA,IL,AGL,CE,Towers with Display (VFR),0,2,78,0,80,0,4,260,0,264,0,6,338,0,344,190,0,190,534
02/13/2001,DPA,IL,AGL,CE,Towers with Display (VFR),0,0,118,0,118,0,0,94,0,94,0,0,212,0,212,295,0,295,507
02/14/2001,DPA,IL,AGL,CE,Towers with Display (VFR),0,1,72,0,73,0,0,0,0,0,0,1,72,0,73,0,0,0,73
02/15/2001,DPA,IL,AGL,CE,Towers with Display (VFR),0,0,128,0,128,0,0,270,0,270,0,0,398,0,398,362,0,362,760
02/16/2001,DPA,IL,AGL,CE,Towers with Display (VFR),0,1,74,0,75,0,0,154,0,154,0,1,228,0,229,151,0,151,380
02/17/2001,DPA,IL,AGL,CE,Towers with Display (VFR),0,1,44,0,45,0,0,282,0,282,0,1,326,0,327,367,0,367,694
02/18/2001,DPA,IL,AGL,CE,Towers with Display (VFR),0,1,61,0,62,0,0,260,0,260,0,1,321,0,322,321,0,321,643
02/19/2001,DPA,IL,AGL,CE,Towers with Display (VFR),0,2,81,0,83,0,11,193,0,204,0,13,274,0,287,290,0,290,577
02/20/2001,DPA,IL,AGL,CE,Towers with Display (VFR),0,2,100,0,102,0,1,247,0,248,0,3,347,0,350,169,0,169,519
02/21/2001,DPA,IL,AGL,CE,Towers with Display (VFR),0,2,108,0,110,0,6,217,0,223,0,8,325,0,333,169,0,169,502
02/22/2001,DPA,IL,AGL,CE,Towers with Display (VFR),0,2,101,0,103,0,3,84,0,87,0,5,185,0,190,132,0,132,322
02/23/2001,DPA,IL,AGL,CE,Towers with Display (VFR),0,2,90,0,92,0,4,239,0,243,0,6,329,0,335,325,0,325,660
02/24/2001,DPA,IL,AGL,CE,Towers with Display (VFR),0,0,17,0,17,0,2,1,0,3,0,2,18,0,20,0,0,0,20
02/25/2001,DPA,IL,AGL,CE,Towers with Display (VFR),0,0,28,0,28,0,3,7,0,10,0,3,35,0,38,0,0,0,38
02/26/2001,DPA,IL,AGL,CE,Towers with Display (VFR),0,2,91,0,93,0,8,190,0,198,0,10,281,0,291,241,0,241,532
02/27/2001,DPA,IL,AGL,CE,Towers with Display (VFR),0,2,108,0,110,0,11,192,0,203,0,13,300,0,313,183,0,183,496
02/28/2001,DPA,IL,AGL,CE,Towers with Display (VFR),0,2,111,0,113,0,0,244,0,244,0,2,355,0,357,211,0,211,568
03/01/2001,DPA,IL,AGL,CE,Towers with Display (VFR),0,4,112,0,116,0,5,190,0,195,0,9,302,0,311,193,0,193,504
03/02/2001,DPA,IL,AGL,CE,Towers with Display (VFR),0,3,91,0,94,0,1,90,0,91,0,4,181,0,185,147,0,147,332
03/03/2001,DPA,IL,AGL,CE,Towers with Display (VFR),0,3,94,0,97,0,0,337,0,337,0,3,431,0,434,426,0,426,860
03/04/2001,DPA,IL,AGL,CE,Towers with Display (VFR),0,2,40,0,42,0,2,253,0,255,0,4,293,0,297,480,0,480,777
03/05/2001,DPA,IL,AGL,CE,Towers with Display (VFR),0,2,73,0,75,0,0,185,0,185,0,2,258,0,260,148,0,148,408
03/06/2001,DPA,IL,AGL,CE,Towers with Display (VFR),0,3,102,0,105,0,0,226,6,232,0,3,328,6,337,217,12,229,566
03/07/2001,DPA,IL,AGL,CE,Towers with Display (VFR),0,1,103,0,104,0,0,326,0,326,0,1,429,0,430,312,0,312,742
03/08/2001,DPA,IL,AGL,CE,Towers with Display (VFR),0,0,109,0,109,0,0,122,0,122,0,0,231,0,231,98,0,98,329
03/09/2001,DPA,IL,AGL,CE,Towers with Display (VFR),0,0,97,0,97,0,0,283,0,283,0,0,380,0,380,400,0,400,780
03/10/2001,DPA,IL,AGL,CE,Towers with Display (VFR),0,2,83,0,85,0,0,331,0,331,0,2,414,0,416,391,0,391,807
03/11/2001,DPA,IL,AGL,CE,Towers with Display (VFR),0,0,49,0,49,0,0,298,0,298,0,0,347,0,347,463,0,463,810
03/12/2001,DPA,IL,AGL,CE,Towers with Display (VFR),0,0,84,0,84,0,0,6,0,6,0,0,90,0,90,0,0,0,90
03/13/2001,DPA,IL,AGL,CE,Towers with Display (VFR),0,2,76,0,78,0,2,77,0,79,0,4,153,0,157,194,0,194,351
03/14/2001,DPA,IL,AGL,CE,Towers with Display (VFR),0,0,124,0,124,0,0,310,0,310,0,0,434,0,434,321,0,321,755
03/15/2001,DPA,IL,AGL,CE,Towers with Display (VFR),0,0,123,0,123,0,0,5,0,5,0,0,128,0,128,0,0,0,128
03/16/2001,DPA,IL,AGL,CE,Towers with Display (VFR),0,0,82,0,82,0,0,2,0,2,0,0,84,0,84,0,0,0,84
03/17/2001,DPA,IL,AGL,CE,Towers with Display (VFR),0,1,50,0,51,0,1,221,0,222,0,2,271,0,273,368,0,368,641
03/18/2001,DPA,IL,AGL,CE,Towers with Display (VFR),0,0,53,0,53,0,0,275,0,275,0,0,328,0,328,340,0,340,668
03/19/2001,DPA,IL,AGL,CE,Towers with Display (VFR),0,2,91,0,93,0,0,269,0,269,0,2,360,0,362,239,0,239,601
03/20/2001,DPA,IL,AGL,CE,Towers with Display (VFR),0,3,103,0,106,0,2,339,0,341,0,5,442,0,447,294,0,294,741
03/21/2001,DPA,IL,AGL,CE,Towers with Display (VFR),0,0,94,0,94,0,0,297,0,297,0,0,391,0,391,244,0,244,635
03/22/2001,DPA,IL,AGL,CE,Towers with Display (VFR),0,3,112,0,115,0,6,275,0,281,0,9,387,0,396,304,0,304,700
03/23/2001,DPA,IL,AGL,CE,Towers with Display (VFR),0,3,102,0,105,0,12,207,0,219,0,15,309,0,324,221,0,221,545
03/24/2001,DPA,IL,AGL,CE,Towers with Display (VFR),0,1,58,0,59,0,1,263,0,264,0,2,321,0,323,310,2,312,635
03/25/2001,DPA,IL,AGL,CE,Towers with Display (VFR),0,1,66,0,67,0,0,93,0,93,0,1,159,0,160,102,0,102,262
03/26/2001,DPA,IL,AGL,CE,Towers with Display (VFR),0,0,66,0,66,0,0,266,0,266,0,0,332,0,332,211,0,211,543
03/27/2001,DPA,IL,AGL,CE,Towers with Display (VFR),0,2,95,0,97,0,0,273,0,273,0,2,368,0,370,258,0,258,628
03/28/2001,DPA,IL,AGL,CE,Towers with Display (VFR),0,1,97,0,98,0,0,266,0,266,0,1,363,0,364,406,0,406,770
03/29/2001,DPA,IL,AGL,CE,Towers with Display (VFR),0,2,86,0,88,0,2,200,0,202,0,4,286,0,290,371,0,371,661
03/30/2001,DPA,IL,AGL,CE,Towers with Display (VFR),0,2,87,0,89,0,9,267,0,276,0,11,354,0,365,476,0,476,841
03/31/2001,DPA,IL,AGL,CE,Towers with Display (VFR),0,1,79,0,80,0,0,240,0,240,0,1,319,0,320,637,0,637,957
04/01/2001,DPA,IL,AGL,CE,Towers with Display (VFR),0,0,55,0,55,0,0,349,0,349,0,0,404,0,404,372,0,372,776
04/02/2001,DPA,IL,AGL,CE,Towers with Display (VFR),0,1,89,0,90,0,0,284,0,284,0,1,373,0,374,354,0,354,728
04/03/2001,DPA,IL,AGL,CE,Towers with Display (VFR),0,3,101,0,104,0,1,195,12,208,0,4,296,12,312,201,0,201,513
04/04/2001,DPA,IL,AGL,CE,Towers with Display (VFR),0,1,90,0,91,0,0,256,0,256,0,1,346,0,347,329,0,329,676
04/05/2001,DPA,IL,AGL,CE,Towers with Display (VFR),0,0,106,0,106,0,0,187,0,187,0,0,293,0,293,144,0,144,437
04/06/2001,DPA,IL,AGL,CE,Towers with Display (VFR),0,0,111,0,111,0,0,3,0,3,0,0,114,0,114,0,0,0,114
04/07/2001,DPA,IL,AGL,CE,Towers with Display (VFR),0,0,46,0,46,0,0,48,0,48,0,0,94,0,94,30,0,30,124
04/08/2001,DPA,IL,AGL,CE,Towers with Display (VFR),0,0,61,0,61,0,0,413,0,413,0,0,474,0,474,392,0,392,866
04/09/2001,DPA,IL,AGL,CE,Towers with Display (VFR),0,2,63,0,65,0,2,142,0,144,0,4,205,0,209,193,0,193,402
04/10/2001,DPA,IL,AGL,CE,Towers with Display (VFR),0,3,149,0,152,0,0,71,0,71,0,3,220,0,223,110,0,110,333
04/11/2001,DPA,IL,AGL,CE,Towers with Display (VFR),0,3,88,0,91,0,3,41,0,44,0,6,129,0,135,34,0,34,169
04/12/2001,DPA,IL,AGL,CE,Towers with Display (VFR),0,3,95,0,98,0,1,61,0,62,0,4,156,0,160,0,0,0,160
04/13/2001,DPA,IL,AGL,CE,Towers with Display (VFR),0,2,82,0,84,0,0,532,0,532,0,2,614,0,616,408,0,408,1024
04/14/2001,DPA,IL,AGL,CE,Towers with Display (VFR),0,0,40,0,40,0,0,443,0,443,0,0,483,0,483,608,0,608,1091
04/15/2001,DPA,IL,AGL,CE,Towers with Display (VFR),0,0,37,0,37,0,0,141,0,141,0,0,178,0,178,166,0,166,344
04/16/2001,DPA,IL,AGL,CE,Towers with Display (VFR),0,0,57,0,57,0,0,87,0,87,0,0,144,0,144,44,0,44,188
04/17/2001,DPA,IL,AGL,CE,Towers with Display (VFR),0,2,102,0,104,0,5,232,0,237,0,7,334,0,341,227,0,227,568
04/18/2001,DPA,IL,AGL,CE,Towers with Display (VFR),0,3,128,0,131,0,11,375,0,386,0,14,503,0,517,348,0,348,865
04/19/2001,DPA,IL,AGL,CE,Towers with Display (VFR),0,2,108,0,110,0,0,254,0,254,0,2,362,0,364,349,0,349,713
04/20/2001,DPA,IL,AGL,CE,Towers with Display (VFR),0,1,85,0,86,0,0,197,0,197,0,1,282,0,283,309,0,309,592
04/21/2001,DPA,IL,AGL,CE,Towers with Display (VFR),0,0,43,0,43,0,0,55,0,55,0,0,98,0,98,50,0,50,148
04/22/2001,DPA,IL,AGL,CE,Towers with Display (VFR),0,0,61,0,61,0,0,151,0,151,0,0,212,0,212,295,0,295,507
04/23/2001,DPA,IL,AGL,CE,Towers with Display (VFR),0,1,51,0,52,0,2,37,0,39,0,3,88,0,91,11,0,11,102
04/24/2001,DPA,IL,AGL,CE,Towers with Display (VFR),0,0,117,0,117,0,0,323,0,323,0,0,440,0,440,260,0,260,700
04/25/2001,DPA,IL,AGL,CE,Towers with Display (VFR),0,0,134,0,134,0,0,319,0,319,0,0,453,0,453,368,0,368,821
04/26/2001,DPA,IL,AGL,CE,Towers with Display (VFR),0,2,107,0,109,0,0,288,0,288,0,2,395,0,397,223,0,223,620
04/27/2001,DPA,IL,AGL,CE,Towers with Display (VFR),0,2,99,0,101,0,0,334,0,334,0,2,433,0,435,326,0,326,761
04/28/2001,DPA,IL,AGL,CE,Towers with Display (VFR),0,0,46,0,46,0,0,369,1,370,0,0,415,1,416,426,0,426,842
04/29/2001,DPA,IL,AGL,CE,Towers with Display (VFR),0,0,54,0,54,0,3,351,0,354,0,3,405,0,408,601,0,601,1009
04/30/2001,DPA,IL,AGL,CE,Towers with Display (VFR),0,0,90,0,90,0,5,151,0,156,0,5,241,0,246,216,0,216,462
05/01/2001,DPA,IL,AGL,CE,Towers with Display (VFR),0,0,96,0,96,0,0,187,0,187,0,0,283,0,283,174,0,174,457
05/02/2001,DPA,IL,AGL,CE,Towers with Display (VFR),0,0,99,0,99,0,13,174,0,187,0,13,273,0,286,363,0,363,649
05/03/2001,DPA,IL,AGL,CE,Towers with Display (VFR),0,1,102,0,103,0,2,285,0,287,0,3,387,0,390,234,0,234,624
05/04/2001,DPA,IL,AGL,CE,Towers with Display (VFR),0,3,119,0,122,0,4,243,0,247,0,7,362,0,369,464,0,464,833
05/05/2001,DPA,IL,AGL,CE,Towers with Display (VFR),0,2,50,0,52,0,4,279,0,283,0,6,329,0,335,406,0,406,741
05/06/2001,DPA,IL,AGL,CE,Towers with Display (VFR),0,0,58,0,58,0,3,217,0,220,0,3,275,0,278,332,2,334,612
05/07/2001,DPA,IL,AGL,CE,Towers with Display (VFR),0,2,90,0,92,0,5,74,0,79,0,7,164,0,171,86,0,86,257
05/08/2001,DPA,IL,AGL,CE,Towers with Display (VFR),0,2,110,0,112,0,0,208,2,210,0,2,318,2,322,164,2,166,488
05/09/2001,DPA,IL,AGL,CE,Towers with Display (VFR),0,3,105,0,108,0,0,274,0,274,0,3,379,0,382,206,0,206,588
05/10/2001,DPA,IL,AGL,CE,Towers with Display (VFR),0,1,80,0,81,0,6,81,0,87,0,7,161,0,168,258,0,258,426
05/11/2001,DPA,IL,AGL,CE,Towers with Display (VFR),0,0,125,0,125,0,9,122,0,131,0,9,247,0,256,170,0,170,426
05/12/2001,DPA,IL,AGL,CE,Towers with Display (VFR),0,0,34,0,34,0,0,400,0,400,0,0,434,0,434,303,0,303,737
05/13/2001,DPA,IL,AGL,CE,Towers with Display (VFR),0,0,40,0,40,0,0,339,0,339,0,0,379,0,379,276,0,276,655
05/14/2001,DPA,IL,AGL,CE,Towers with Display (VFR),0,2,80,0,82,0,0,130,0,130,0,2,210,0,212,182,0,182,394
05/15/2001,DPA,IL,AGL,CE,Towers with Display (VFR),0,7,93,0,100,0,0,238,0,238,0,7,331,0,338,321,0,321,659
05/16/2001,DPA,IL,AGL,CE,Towers with Display (VFR),0,2,80,0,82,0,0,261,0,261,0,2,341,0,343,234,0,234,577
05/17/2001,DPA,IL,AGL,CE,Towers with Display (VFR),0,1,85,0,86,0,0,267,0,267,0,1,352,0,353,453,0,453,806
05/18/2001,DPA,IL,AGL,CE,Towers with Display (VFR),0,0,82,0,82,0,3,297,0,300,0,3,379,0,382,350,0,350,732
05/19/2001,DPA,IL,AGL,CE,Towers with Display (VFR),0,0,21,0,21,0,0,384,0,384,0,0,405,0,405,311,0,311,716
05/20/2001,DPA,IL,AGL,CE,Towers with Display (VFR),0,1,60,0,61,0,5,330,0,335,0,6,390,0,396,304,0,304,700
05/21/2001,DPA,IL,AGL,CE,Towers with Display (VFR),0,0,76,0,76,0,0,37,0,37,0,0,113,0,113,0,0,0,113
05/22/2001,DPA,IL,AGL,CE,Towers with Display (VFR),0,0,85,0,85,0,0,208,0,208,0,0,293,0,293,231,0,231,524
05/23/2001,DPA,IL,AGL,CE,Towers with Display (VFR),0,2,53,0,55,0,3,160,0,163,0,5,213,0,218,124,0,124,342
05/24/2001,DPA,IL,AGL,CE,Towers with Display (VFR),0,0,89,0,89,0,0,127,0,127,0,0,216,0,216,333,0,333,549
05/25/2001,DPA,IL,AGL,CE,Towers with Display (VFR),0,1,87,0,88,0,3,142,0,145,0,4,229,0,233,110,0,110,343
05/26/2001,DPA,IL,AGL,CE,Towers with Display (VFR),0,0,86,0,86,0,0,38,0,38,0,0,124,0,124,168,0,168,292
05/27/2001,DPA,IL,AGL,CE,Towers with Display (VFR),0,0,49,0,49,0,0,225,0,225,0,0,274,0,274,292,0,292,566
05/28/2001,DPA,IL,AGL,CE,Towers with Display (VFR),0,2,66,0,68,0,0,260,0,260,0,2,326,0,328,318,0,318,646
05/29/2001,DPA,IL,AGL,CE,Towers with Display (VFR),0,0,81,0,81,0,5,318,0,323,0,5,399,0,404,393,0,393,797
05/30/2001,DPA,IL,AGL,CE,Towers with Display (VFR),0,1,82,0,83,0,0,351,0,351,0,1,433,0,434,294,0,294,728
05/31/2001,DPA,IL,AGL,CE,Towers with Display (VFR),0,0,85,0,85,0,0,105,0,105,0,0,190,0,190,143,0,143,333
06/01/2001,DPA,IL,AGL,CE,Towers with Display (VFR),0,0,108,0,108,0,0,125,0,125,0,0,233,0,233,110,0,110,343
06/02/2001,DPA,IL,AGL,CE,Towers with Display (VFR),0,8,75,2,85,0,0,164,0,164,0,8,239,2,249,318,0,318,567
06/03/2001,DPA,IL,AGL,CE,Towers with Display (VFR),0,3,72,0,75,0,7,312,0,319,0,10,384,0,394,481,0,481,875
06/04/2001,DPA,IL,AGL,CE,Towers with Display (VFR),0,0,72,0,72,0,0,212,0,212,0,0,284,0,284,472,0,472,756
06/05/2001,DPA,IL,AGL,CE,Towers with Display (VFR),0,0,81,0,81,0,0,4,0,4,0,0,85,0,85,0,0,0,85
06/06/2001,DPA,IL,AGL,CE,Towers with Display (VFR),0,1,161,0,162,0,0,84,0,84,0,1,245,0,246,124,0,124,370
06/07/2001,DPA,IL,AGL,CE,Towers with Display (VFR),0,0,128,0,128,0,0,208,0,208,0,0,336,0,336,432,0,432,768
06/08/2001,DPA,IL,AGL,CE,Towers with Display (VFR),0,0,100,0,100,0,0,308,0,308,0,0,408,0,408,336,0,336,744
06/09/2001,DPA,IL,AGL,CE,Towers with Display (VFR),0,1,50,0,51,0,0,381,0,381,0,1,431,0,432,372,0,372,804
06/10/2001,DPA,IL,AGL,CE,Towers with Display (VFR),0,2,61,0,63,0,2,280,0,282,0,4,341,0,345,238,0,238,583
06/11/2001,DPA,IL,AGL,CE,Towers with Display (VFR),0,4,82,0,86,0,0,311,0,311,0,4,393,0,397,275,0,275,672
06/12/2001,DPA,IL,AGL,CE,Towers with Display (VFR),0,2,83,0,85,0,6,266,0,272,0,8,349,0,357,290,0,290,647
06/13/2001,DPA,IL,AGL,CE,Towers with Display (VFR),0,5,91,0,96,0,0,260,0,260,0,5,351,0,356,387,0,387,743
06/14/2001,DPA,IL,AGL,CE,Towers with Display (VFR),0,1,109,0,110,0,0,235,0,235,0,1,344,0,345,211,0,211,556
06/15/2001,DPA,IL,AGL,CE,Towers with Display (VFR),0,1,91,0,92,0,0,207,0,207,0,1,298,0,299,221,0,221,520
06/16/2001,DPA,IL,AGL,CE,Towers with Display (VFR),0,2,61,0,63,0,2,374,0,376,0,4,435,0,439,338,0,338,777
06/17/2001,DPA,IL,AGL,CE,Towers with Display (VFR),0,2,48,0,50,0,0,343,0,343,0,2,391,0,393,258,0,258,651
06/18/2001,DPA,IL,AGL,CE,Towers with Display (VFR),0,2,71,0,73,0,1,167,0,168,0,3,238,0,241,116,0,116,357
06/19/2001,DPA,IL,AGL,CE,Towers with Display (VFR),0,0,98,0,98,0,4,304,0,308,0,4,402,0,406,315,0,315,721
06/20/2001,DPA,IL,AGL,CE,Towers with Display (VFR),0,8,96,0,104,0,2,281,0,283,0,10,377,0,387,181,0,181,568
06/21/2001,DPA,IL,AGL,CE,Towers with Display (VFR),0,0,113,0,113,0,0,172,0,172,0,0,285,0,285,246,0,246,531
06/22/2001,DPA,IL,AGL,CE,Towers with Display (VFR),0,1,135,0,136,0,0,273,0,273,0,1,408,0,409,265,0,265,674
06/23/2001,DPA,IL,AGL,CE,Towers with Display (VFR),0,5,50,0,55,0,3,428,0,431,0,8,478,0,486,359,0,359,845
06/24/2001,DPA,IL,AGL,CE,Towers with Display (VFR),0,0,60,0,60,0,2,387,0,389,0,2,447,0,449,360,0,360,809
06/25/2001,DPA,IL,AGL,CE,Towers with Display (VFR),0,1,60,0,61,0,11,338,0,349,0,12,398,0,410,370,0,370,780
06/26/2001,DPA,IL,AGL,CE,Towers with Display (VFR),0,0,72,0,72,0,10,346,0,356,0,10,418,0,428,408,0,408,836
06/27/2001,DPA,IL,AGL,CE,Towers with Display (VFR),0,0,95,0,95,0,0,278,0,278,0,0,373,0,373,441,0,441,814
06/28/2001,DPA,IL,AGL,CE,Towers with Display (VFR),0,3,102,0,105,0,0,312,0,312,0,3,414,0,417,352,0,352,769
06/29/2001,DPA,IL,AGL,CE,Towers with Display (VFR),0,2,67,0,69,0,0,284,0,284,0,2,351,0,353,278,0,278,631
06/30/2001,DPA,IL,AGL,CE,Towers with Display (VFR),0,1,48,0,49,0,2,442,0,444,0,3,490,0,493,316,0,316,809
07/01/2001,DPA,IL,AGL,CE,Towers with Display (VFR),0,0,49,0,49,0,0,269,0,269,0,0,318,0,318,242,0,242,560
07/02/2001,DPA,IL,AGL,CE,Towers with Display (VFR),0,1,69,0,70,0,0,401,0,401,0,1,470,0,471,330,0,330,801
07/03/2001,DPA,IL,AGL,CE,Towers with Display (VFR),0,0,51,0,51,0,0,143,0,143,0,0,194,0,194,156,0,156,350
07/04/2001,DPA,IL,AGL,CE,Towers with Display (VFR),0,0,35,1,36,0,1,279,7,287,0,1,314,8,323,179,0,179,502
07/05/2001,DPA,IL,AGL,CE,Towers with Display (VFR),0,1,62,0,63,0,2,311,0,313,0,3,373,0,376,489,0,489,865
07/06/2001,DPA,IL,AGL,CE,Towers with Display (VFR),0,3,74,0,77,0,9,397,0,406,0,12,471,0,483,380,0,380,863
07/07/2001,DPA,IL,AGL,CE,Towers with Display (VFR),0,2,53,0,55,0,11,213,0,224,0,13,266,0,279,190,0,190,469
07/08/2001,DPA,IL,AGL,CE,Towers with Display (VFR),0,3,75,0,78,0,4,308,0,312,0,7,383,0,390,353,0,353,743
07/09/2001,DPA,IL,AGL,CE,Towers with Display (VFR),0,1,85,0,86,0,2,293,0,295,0,3,378,0,381,310,0,310,691
07/10/2001,DPA,IL,AGL,CE,Towers with Display (VFR),0,1,109,0,110,0,1,436,0,437,0,2,545,0,547,495,0,495,1042
07/11/2001,DPA,IL,AGL,CE,Towers with Display (VFR),0,3,108,0,111,0,21,449,0,470,0,24,557,0,581,385,0,385,966
07/12/2001,DPA,IL,AGL,CE,Towers with Display (VFR),0,5,106,0,111,0,18,348,0,366,0,23,454,0,477,454,0,454,931
07/13/2001,DPA,IL,AGL,CE,Towers with Display (VFR),0,3,81,0,84,0,37,406,0,443,0,40,487,0,527,350,0,350,877
07/14/2001,DPA,IL,AGL,CE,Towers with Display (VFR),0,4,58,0,62,0,9,461,0,470,0,13,519,0,532,418,0,418,950
07/15/2001,DPA,IL,AGL,CE,Towers with Display (VFR),0,3,52,0,55,0,3,465,0,468,0,6,517,0,523,448,0,448,971
07/16/2001,DPA,IL,AGL,CE,Towers with Display (VFR),0,6,88,0,94,0,30,419,0,449,0,36,507,0,543,497,0,497,1040
07/17/2001,DPA,IL,AGL,CE,Towers with Display (VFR),0,2,77,0,79,0,19,143,0,162,0,21,220,0,241,225,0,225,466
07/18/2001,DPA,IL,AGL,CE,Towers with Display (VFR),0,4,103,0,107,0,12,166,0,178,0,16,269,0,285,144,0,144,429
07/19/2001,DPA,IL,AGL,CE,Towers with Display (VFR),0,4,107,0,111,0,1,205,0,206,0,5,312,0,317,418,0,418,735
07/20/2001,DPA,IL,AGL,CE,Towers with Display (VFR),0,12,106,0,118,0,2,315,0,317,0,14,421,0,435,368,0,368,803
07/21/2001,DPA,IL,AGL,CE,Towers with Display (VFR),0,1,64,0,65,0,7,270,0,277,0,8,334,0,342,297,0,297,639
07/22/2001,DPA,IL,AGL,CE,Towers with Display (VFR),0,9,48,0,57,0,8,246,0,254,0,17,294,0,311,278,0,278,589
07/23/2001,DPA,IL,AGL,CE,Towers with Display (VFR),0,3,76,0,79,0,7,171,2,180,0,10,247,2,259,160,0,160,419
07/24/2001,DPA,IL,AGL,CE,Towers with Display (VFR),0,5,109,0,114,0,13,236,2,251,0,18,345,2,365,295,6,301,666
07/25/2001,DPA,IL,AGL,CE,Towers with Display (VFR),0,0,114,0,114,0,1,158,1,160,0,1,272,1,274,245,0,245,519
07/26/2001,DPA,IL,AGL,CE,Towers with Display (VFR),0,1,84,0,85,0,13,376,0,389,0,14,460,0,474,254,0,254,728
07/27/2001,DPA,IL,AGL,CE,Towers with Display (VFR),0,2,112,0,114,0,23,412,0,435,0,25,524,0,549,444,0,444,993
07/28/2001,DPA,IL,AGL,CE,Towers with Display (VFR),0,0,72,0,72,0,5,251,0,256,0,5,323,0,328,387,0,387,715
07/29/2001,DPA,IL,AGL,CE,Towers with Display (VFR),0,0,53,0,53,0,2,272,0,274,0,2,325,0,327,292,0,292,619
07/30/2001,DPA,IL,AGL,CE,Towers with Display (VFR),0,8,62,0,70,0,9,210,0,219,0,17,272,0,289,354,0,354,643
07/31/2001,DPA,IL,AGL,CE,Towers with Display (VFR),0,4,113,0,117,0,27,298,1,326,0,31,411,1,443,260,0,260,703
08/01/2001,DPA,IL,AGL,CE,Towers with Display (VFR),0,8,125,0,133,0,10,235,0,245,0,18,360,0,378,261,0,261,639
08/02/2001,DPA,IL,AGL,CE,Towers with Display (VFR),0,4,106,0,110,0,6,210,0,216,0,10,316,0,326,238,0,238,564
08/03/2001,DPA,IL,AGL,CE,Towers with Display (VFR),0,3,125,0,128,0,14,257,0,271,0,17,382,0,399,318,0,318,717
08/04/2001,DPA,IL,AGL,CE,Towers with Display (VFR),0,5,53,0,58,0,20,397,0,417,0,25,450,0,475,447,0,447,922
08/05/2001,DPA,IL,AGL,CE,Towers with Display (VFR),0,2,58,0,60,0,9,284,0,293,0,11,342,0,353,395,0,395,748
08/06/2001,DPA,IL,AGL,CE,Towers with Display (VFR),0,3,56,0,59,0,13,251,0,264,0,16,307,0,323,215,0,215,538
08/07/2001,DPA,IL,AGL,CE,Towers with Display (VFR),0,16,76,0,92,0,12,200,0,212,0,28,276,0,304,197,0,197,501
08/08/2001,DPA,IL,AGL,CE,Towers with Display (VFR),0,7,91,0,98,0,10,251,0,261,0,17,342,0,359,282,0,282,641
08/09/2001,DPA,IL,AGL,CE,Towers with Display (VFR),0,0,96,0,96,0,17,175,0,192,0,17,271,0,288,133,0,133,421
08/10/2001,DPA,IL,AGL,CE,Towers with Display (VFR),0,0,77,0,77,0,19,349,0,368,0,19,426,0,445,261,0,261,706
08/11/2001,DPA,IL,AGL,CE,Towers with Display (VFR),0,0,33,0,33,0,14,384,0,398,0,14,417,0,431,341,0,341,772
08/12/2001,DPA,IL,AGL,CE,Towers with Display (VFR),0,6,57,0,63,0,1,303,0,304,0,7,360,0,367,300,0,300,667
08/13/2001,DPA,IL,AGL,CE,Towers with Display (VFR),0,10,82,0,92,0,14,280,0,294,0,24,362,0,386,329,0,329,715
08/14/2001,DPA,IL,AGL,CE,Towers with Display (VFR),0,2,86,0,88,0,17,327,9,353,0,19,413,9,441,403,0,403,844
08/15/2001,DPA,IL,AGL,CE,Towers with Display (VFR),0,8,100,0,108,0,9,214,0,223,0,17,314,0,331,251,0,251,582
08/16/2001,DPA,IL,AGL,CE,Towers with Display (VFR),0,2,112,0,114,0,10,110,0,120,0,12,222,0,234,96,0,96,330
08/17/2001,DPA,IL,AGL,CE,Towers with Display (VFR),0,3,97,0,100,0,9,391,0,400,0,12,488,0,500,341,0,341,841
08/18/2001,DPA,IL,AGL,CE,Towers with Display (VFR),0,2,32,1,35,0,8,107,0,115,0,10,139,1,150,160,0,160,310
08/19/2001,DPA,IL,AGL,CE,Towers with Display (VFR),0,4,53,0,57,0,6,148,0,154,0,10,201,0,211,177,0,177,388
08/20/2001,DPA,IL,AGL,CE,Towers with Display (VFR),0,1,72,0,73,0,11,245,0,256,0,12,317,0,329,275,0,275,604
08/21/2001,DPA,IL,AGL,CE,Towers with Display (VFR),0,4,107,0,111,0,4,248,0,252,0,8,355,0,363,236,0,236,599
08/22/2001,DPA,IL,AGL,CE,Towers with Display (VFR),0,0,96,0,96,0,7,134,0,141,0,7,230,0,237,111,0,111,348
08/23/2001,DPA,IL,AGL,CE,Towers with Display (VFR),0,6,113,0,119,0,7,165,0,172,0,13,278,0,291,283,0,283,574
08/24/2001,DPA,IL,AGL,CE,Towers with Display (VFR),0,2,109,0,111,0,6,55,0,61,0,8,164,0,172,166,0,166,338
08/25/2001,DPA,IL,AGL,CE,Towers with Display (VFR),0,1,38,0,39,0,4,34,0,38,0,5,72,0,77,72,0,72,149
08/26/2001,DPA,IL,AGL,CE,Towers with Display (VFR),0,1,61,0,62,0,4,354,0,358,0,5,415,0,420,314,0,314,734
08/27/2001,DPA,IL,AGL,CE,Towers with Display (VFR),0,4,77,0,81,0,8,204,0,212,0,12,281,0,293,243,0,243,536
08/28/2001,DPA,IL,AGL,CE,Towers with Display (VFR),0,8,117,0,125,0,11,375,0,386,0,19,492,0,511,298,0,298,809
08/29/2001,DPA,IL,AGL,CE,Towers with Display (VFR),0,6,108,0,114,0,2,375,0,377,0,8,483,0,491,243,0,243,734
08/30/2001,DPA,IL,AGL,CE,Towers with Display (VFR),0,4,101,0,105,0,7,288,0,295,0,11,389,0,400,304,0,304,704
08/31/2001,DPA,IL,AGL,CE,Towers with Display (VFR),0,3,109,0,112,0,17,303,0,320,0,20,412,0,432,242,0,242,674
09/01/2001,DPA,IL,AGL,CE,Towers with Display (VFR),0,0,38,0,38,0,0,317,0,317,0,0,355,0,355,327,0,327,682
09/02/2001,DPA,IL,AGL,CE,Towers with Display (VFR),0,2,33,0,35,0,0,268,0,268,0,2,301,0,303,271,0,271,574
09/03/2001,DPA,IL,AGL,CE,Towers with Display (VFR),0,2,49,0,51,0,0,271,0,271,0,2,320,0,322,153,0,153,475
09/04/2001,DPA,IL,AGL,CE,Towers with Display (VFR),0,7,84,0,91,0,12,283,7,302,0,19,367,7,393,220,0,220,613
09/05/2001,DPA,IL,AGL,CE,Towers with Display (VFR),0,4,89,0,93,0,24,370,0,394,0,28,459,0,487,300,0,300,787
09/06/2001,DPA,IL,AGL,CE,Towers with Display (VFR),0,2,107,0,109,0,5,242,0,247,0,7,349,0,356,226,0,226,582
09/07/2001,DPA,IL,AGL,CE,Towers with Display (VFR),0,8,74,0,82,0,10,156,0,166,0,18,230,0,248,156,0,156,404
09/08/2001,DPA,IL,AGL,CE,Towers with Display (VFR),0,1,47,0,48,0,0,165,0,165,0,1,212,0,213,143,0,143,356
09/09/2001,DPA,IL,AGL,CE,Towers with Display (VFR),0,2,47,0,49,0,0,23,0,23,0,2,70,0,72,92,0,92,164
09/10/2001,DPA,IL,AGL,CE,Towers with Display (VFR),0,1,100,0,101,0,3,241,0,244,0,4,341,0,345,187,0,187,532
09/11/2001,DPA,IL,AGL,CE,Towers with Display (VFR),0,2,14,0,16,0,4,31,0,35,0,6,45,0,51,20,0,20,71
09/12/2001,DPA,IL,AGL,CE,Towers with Display (VFR),0,0,7,0,7,0,2,0,0,2,0,2,7,0,9,0,0,0,9
09/13/2001,DPA,IL,AGL,CE,Towers with Display (VFR),0,45,5,1,51,0,0,0,0,0,0,45,5,1,51,0,0,0,51
09/14/2001,DPA,IL,AGL,CE,Towers with Display (VFR),0,88,22,0,110,0,0,0,0,0,0,88,22,0,110,0,0,0,110
09/15/2001,DPA,IL,AGL,CE,Towers with Display (VFR),0,22,114,0,136,0,0,0,0,0,0,22,114,0,136,0,0,0,136
09/16/2001,DPA,IL,AGL,CE,Towers with Display (VFR),0,12,105,0,117,0,0,0,0,0,0,12,105,0,117,0,0,0,117
09/17/2001,DPA,IL,AGL,CE,Towers with Display (VFR),0,32,132,0,164,0,0,0,0,0,0,32,132,0,164,0,0,0,164
09/18/2001,DPA,IL,AGL,CE,Towers with Display (VFR),0,37,141,0,178,0,0,0,0,0,0,37,141,0,178,0,0,0,178
09/19/2001,DPA,IL,AGL,CE,Towers with Display (VFR),0,39,134,0,173,0,0,0,0,0,0,39,134,0,173,0,0,0,173
09/20/2001,DPA,IL,AGL,CE,Towers with Display (VFR),0,64,227,0,291,0,0,0,0,0,0,64,227,0,291,0,0,0,291
09/21/2001,DPA,IL,AGL,CE,Towers with Display (VFR),0,26,176,0,202,0,0,0,0,0,0,26,176,0,202,0,0,0,202
09/22/2001,DPA,IL,AGL,CE,Towers with Display (VFR),0,29,110,0,139,0,3,106,0,109,0,32,216,0,248,108,0,108,356
09/23/2001,DPA,IL,AGL,CE,Towers with Display (VFR),0,10,64,0,74,0,0,3,0,3,0,10,67,0,77,12,0,12,89
09/24/2001,DPA,IL,AGL,CE,Towers with Display (VFR),0,43,109,0,152,0,0,109,0,109,0,43,218,0,261,30,0,30,291
09/25/2001,DPA,IL,AGL,CE,Towers with Display (VFR),0,31,147,0,178,0,14,191,150,355,0,45,338,150,533,0,0,0,533
09/26/2001,DPA,IL,AGL,CE,Towers with Display (VFR),0,25,154,0,179,0,1,164,0,165,0,26,318,0,344,163,0,163,507
09/27/2001,DPA,IL,AGL,CE,Towers with Display (VFR),0,23,150,0,173,0,1,115,0,116,0,24,265,0,289,100,0,100,389
09/28/2001,DPA,IL,AGL,CE,Towers with Display (VFR),0,35,130,0,165,0,7,84,4,95,0,42,214,4,260,253,0,253,513
09/29/2001,DPA,IL,AGL,CE,Towers with Display (VFR),0,14,90,0,104,0,2,146,0,148,0,16,236,0,252,241,0,241,493
09/30/2001,DPA,IL,AGL,CE,Towers with Display (VFR),0,17,80,0,97,0,7,107,0,114,0,24,187,0,211,114,0,114,325
10/01/2001,DPA,IL,AGL,CE,Towers with Display (VFR),0,16,123,0,139,0,0,198,0,198,0,16,321,0,337,162,0,162,499
10/02/2001,DPA,IL,AGL,CE,Towers with Display (VFR),0,26,141,0,167,0,9,155,0,164,0,35,296,0,331,174,0,174,505
10/03/2001,DPA,IL,AGL,CE,Towers with Display (VFR),0,26,152,0,178,0,4,135,8,147,0,30,287,8,325,170,0,170,495
10/04/2001,DPA,IL,AGL,CE,Towers with Display (VFR),0,24,167,0,191,0,0,81,0,81,0,24,248,0,272,87,0,87,359
10/05/2001,DPA,IL,AGL,CE,Towers with Display (VFR),0,9,117,0,126,0,2,90,0,92,0,11,207,0,218,151,0,151,369
10/06/2001,DPA,IL,AGL,CE,Towers with Display (VFR),0,11,99,0,110,0,0,141,0,141,0,11,240,0,251,166,0,166,417
10/07/2001,DPA,IL,AGL,CE,Towers with Display (VFR),0,7,94,0,101,0,3,148,0,151,0,10,242,0,252,209,0,209,461
10/08/2001,DPA,IL,AGL,CE,Towers with Display (VFR),0,12,104,0,116,0,2,132,0,134,0,14,236,0,250,175,0,175,425
10/09/2001,DPA,IL,AGL,CE,Towers with Display (VFR),0,25,136,0,161,0,5,117,0,122,0,30,253,0,283,168,0,168,451
10/10/2001,DPA,IL,AGL,CE,Towers with Display (VFR),0,26,88,0,114,0,0,12,0,12,0,26,100,0,126,0,0,0,126
10/11/2001,DPA,IL,AGL,CE,Towers with Display (VFR),0,18,150,0,168,0,5,118,0,123,0,23,268,0,291,218,0,218,509
10/12/2001,DPA,IL,AGL,CE,Towers with Display (VFR),0,28,124,0,152,0,6,59,0,65,0,34,183,0,217,126,0,126,343
10/13/2001,DPA,IL,AGL,CE,Towers with Display (VFR),0,8,46,0,54,0,0,0,0,0,0,8,46,0,54,0,0,0,54
10/14/2001,DPA,IL,AGL,CE,Towers with Display (VFR),0,10,71,0,81,0,7,85,0,92,0,17,156,0,173,70,0,70,243
10/15/2001,DPA,IL,AGL,CE,Towers with Display (VFR),0,13,96,0,109,0,3,129,0,132,0,16,225,0,241,208,0,208,449
10/16/2001,DPA,IL,AGL,CE,Towers with Display (VFR),0,13,137,0,150,0,3,85,0,88,0,16,222,0,238,191,0,191,429
10/17/2001,DPA,IL,AGL,CE,Towers with Display (VFR),0,18,144,0,162,0,0,153,0,153,0,18,297,0,315,161,0,161,476
10/18/2001,DPA,IL,AGL,CE,Towers with Display (VFR),0,28,121,0,149,0,5,60,0,65,0,33,181,0,214,148,0,148,362
10/19/2001,DPA,IL,AGL,CE,Towers with Display (VFR),0,21,113,0,134,0,2,169,0,171,0,23,282,0,305,212,0,212,517
10/20/2001,DPA,IL,AGL,CE,Towers with Display (VFR),0,17,87,0,104,0,6,174,0,180,0,23,261,0,284,260,0,260,544
10/21/2001,DPA,IL,AGL,CE,Towers with Display (VFR),0,5,119,0,124,0,0,156,0,156,0,5,275,0,280,204,0,204,484
10/22/2001,DPA,IL,AGL,CE,Towers with Display (VFR),0,13,93,0,106,0,6,96,0,102,0,19,189,0,208,202,0,202,410
10/23/2001,DPA,IL,AGL,CE,Towers with Display (VFR),0,19,124,0,143,0,2,42,0,44,0,21,166,0,187,168,0,168,355
10/24/2001,DPA,IL,AGL,CE,Towers with Display (VFR),0,19,79,0,98,0,1,7,0,8,0,20,86,0,106,0,0,0,106
10/25/2001,DPA,IL,AGL,CE,Towers with Display (VFR),0,31,78,0,109,0,2,8,0,10,0,33,86,0,119,2,0,2,121
10/26/2001,DPA,IL,AGL,CE,Towers with Display (VFR),0,12,81,0,93,0,13,123,0,136,0,25,204,0,229,52,0,52,281
10/27/2001,DPA,IL,AGL,CE,Towers with Display (VFR),0,6,76,0,82,0,5,263,0,268,0,11,339,0,350,346,0,346,696
10/28/2001,DPA,IL,AGL,CE,Towers with Display (VFR),0,1,44,0,45,0,4,274,0,278,0,5,318,0,323,250,0,250,573
10/29/2001,DPA,IL,AGL,CE,Towers with Display (VFR),0,8,74,0,82,0,11,252,0,263,0,19,326,0,345,259,0,259,604
10/30/2001,DPA,IL,AGL,CE,Towers with Display (VFR),0,18,87,0,105,0,1,139,0,140,0,19,226,0,245,188,0,188,433
10/31/2001,DPA,IL,AGL,CE,Towers with Display (VFR),0,23,80,0,103,0,4,171,0,175,0,27,251,0,278,155,0,155,433
11/01/2001,DPA,IL,AGL,CE,Towers with Display (VFR),0,31,89,0,120,0,0,92,0,92,0,31,181,0,212,50,0,50,262
11/02/2001,DPA,IL,AGL,CE,Towers with Display (VFR),0,24,116,0,140,0,0,292,0,292,0,24,408,0,432,292,0,292,724
11/03/2001,DPA,IL,AGL,CE,Towers with Display (VFR),0,8,75,0,83,0,0,341,1,342,0,8,416,1,425,402,0,402,827
11/04/2001,DPA,IL,AGL,CE,Towers with Display (VFR),0,11,61,0,72,0,4,256,0,260,0,15,317,0,332,308,0,308,640
11/05/2001,DPA,IL,AGL,CE,Towers with Display (VFR),0,14,80,0,94,0,6,204,0,210,0,20,284,0,304,178,0,178,482
11/06/2001,DPA,IL,AGL,CE,Towers with Display (VFR),0,18,99,0,117,0,2,208,0,210,0,20,307,0,327,197,0,197,524
11/07/2001,DPA,IL,AGL,CE,Towers with Display (VFR),0,16,92,0,108,0,13,220,0,233,0,29,312,0,341,266,0,266,607
11/08/2001,DPA,IL,AGL,CE,Towers with Display (VFR),0,24,110,0,134,0,5,108,0,113,0,29,218,0,247,112,0,112,359
11/09/2001,DPA,IL,AGL,CE,Towers with Display (VFR),0,18,92,0,110,0,3,246,0,249,0,21,338,0,359,193,0,193,552
11/10/2001,DPA,IL,AGL,CE,Towers with Display (VFR),0,7,42,0,49,0,0,303,0,303,0,7,345,0,352,297,0,297,649
11/11/2001,DPA,IL,AGL,CE,Towers with Display (VFR),0,6,69,0,75,0,0,351,0,351,0,6,420,0,426,296,0,296,722
11/12/2001,DPA,IL,AGL,CE,Towers with Display (VFR),0,32,83,0,115,0,5,178,0,183,0,37,261,0,298,155,0,155,453
11/13/2001,DPA,IL,AGL,CE,Towers with Display (VFR),0,15,92,0,107,0,7,207,0,214,0,22,299,0,321,259,0,259,580
11/14/2001,DPA,IL,AGL,CE,Towers with Display (VFR),0,18,112,0,130,0,12,140,0,152,0,30,252,0,282,154,0,154,436
11/15/2001,DPA,IL,AGL,CE,Towers with Display (VFR),0,31,114,0,145,0,1,197,0,198,0,32,311,0,343,262,0,262,605
11/16/2001,DPA,IL,AGL,CE,Towers with Display (VFR),0,9,86,0,95,0,10,214,0,224,0,19,300,0,319,200,0,200,519
11/17/2001,DPA,IL,AGL,CE,Towers with Display (VFR),0,15,67,0,82,0,5,80,0,85,0,20,147,0,167,174,0,174,341
11/18/2001,DPA,IL,AGL,CE,Towers with Display (VFR),0,6,64,0,70,0,3,101,0,104,0,9,165,0,174,156,0,156,330
11/19/2001,DPA,IL,AGL,CE,Towers with Display (VFR),0,9,89,0,98,0,4,196,0,200,0,13,285,0,298,65,0,65,363
11/20/2001,DPA,IL,AGL,CE,Towers with Display (VFR),0,29,109,0,138,0,7,346,0,353,0,36,455,0,491,210,0,210,701
11/21/2001,DPA,IL,AGL,CE,Towers with Display (VFR),0,15,83,0,98,0,6,307,1,314,0,21,390,1,412,344,0,344,756
11/22/2001,DPA,IL,AGL,CE,Towers with Display (VFR),0,3,41,0,44,0,0,150,0,150,0,3,191,0,194,123,0,123,317
11/23/2001,DPA,IL,AGL,CE,Towers with Display (VFR),0,4,57,0,61,0,4,222,0,226,0,8,279,0,287,295,0,295,582
11/24/2001,DPA,IL,AGL,CE,Towers with Display (VFR),0,5,40,0,45,0,1,0,1,2,0,6,40,1,47,5,0,5,52
11/25/2001,DPA,IL,AGL,CE,Towers with Display (VFR),0,2,107,0,109,0,2,70,0,72,0,4,177,0,181,66,0,66,247
11/26/2001,DPA,IL,AGL,CE,Towers with Display (VFR),0,5,89,0,94,0,3,153,0,156,0,8,242,0,250,185,0,185,435
11/27/2001,DPA,IL,AGL,CE,Towers with Display (VFR),0,7,80,0,87,0,3,82,0,85,0,10,162,0,172,159,0,159,331
11/28/2001,DPA,IL,AGL,CE,Towers with Display (VFR),0,17,93,0,110,0,7,61,0,68,0,24,154,0,178,18,0,18,196
11/29/2001,DPA,IL,AGL,CE,Towers with Display (VFR),0,26,155,0,181,0,0,14,0,14,0,26,169,0,195,18,0,18,213
11/30/2001,DPA,IL,AGL,CE,Towers with Display (VFR),0,16,90,0,106,0,0,0,0,0,0,16,90,0,106,0,0,0,106
12/01/2001,DPA,IL,AGL,CE,Towers with Display (VFR),0,10,79,0,89,0,0,155,0,155,0,10,234,0,244,447,0,447,691
12/02/2001,DPA,IL,AGL,CE,Towers with Display (VFR),0,2,47,0,49,0,4,222,0,226,0,6,269,0,275,200,0,200,475
12/03/2001,DPA,IL,AGL,CE,Towers with Display (VFR),0,16,85,0,101,0,20,341,0,361,0,36,426,0,462,190,0,190,652
12/04/2001,DPA,IL,AGL,CE,Towers with Display (VFR),0,12,115,0,127,0,5,277,0,282,0,17,392,0,409,266,0,266,675
12/05/2001,DPA,IL,AGL,CE,Towers with Display (VFR),0,13,96,0,109,0,9,138,0,147,0,22,234,0,256,125,0,125,381
12/06/2001,DPA,IL,AGL,CE,Towers with Display (VFR),0,12,121,0,133,0,6,246,0,252,0,18,367,0,385,186,0,186,571
12/07/2001,DPA,IL,AGL,CE,Towers with Display (VFR),0,18,121,0,139,0,1,257,0,258,0,19,378,0,397,157,0,157,554
12/08/2001,DPA,IL,AGL,CE,Towers with Display (VFR),0,8,69,0,77,0,5,317,0,322,0,13,386,0,399,376,0,376,775
12/09/2001,DPA,IL,AGL,CE,Towers with Display (VFR),0,4,1,0,5,0,0,426,0,426,0,4,427,0,431,218,0,218,649
12/10/2001,DPA,IL,AGL,CE,Towers with Display (VFR),0,12,95,0,107,0,2,267,0,269,0,14,362,0,376,167,0,167,543
12/11/2001,DPA,IL,AGL,CE,Towers with Display (VFR),0,19,128,0,147,0,5,258,0,263,0,24,386,0,410,158,0,158,568
12/12/2001,DPA,IL,AGL,CE,Towers with Display (VFR),0,14,159,0,173,0,5,16,0,21,0,19,175,0,194,34,0,34,228
12/13/2001,DPA,IL,AGL,CE,Towers with Display (VFR),0,17,158,0,175,0,0,30,0,30,0,17,188,0,205,20,0,20,225
12/14/2001,DPA,IL,AGL,CE,Towers with Display (VFR),0,17,80,0,97,0,2,0,0,2,0,19,80,0,99,26,0,26,125
12/15/2001,DPA,IL,AGL,CE,Towers with Display (VFR),0,2,59,0,61,0,1,6,0,7,0,3,65,0,68,0,0,0,68
12/16/2001,DPA,IL,AGL,CE,Towers with Display (VFR),0,3,51,0,54,0,0,0,0,0,0,3,51,0,54,0,0,0,54
12/17/2001,DPA,IL,AGL,CE,Towers with Display (VFR),0,18,130,0,148,0,2,36,0,38,0,20,166,0,186,6,0,6,192
12/18/2001,DPA,IL,AGL,CE,Towers with Display (VFR),0,23,122,0,145,0,4,333,2,339,0,27,455,2,484,180,6,186,670
12/19/2001,DPA,IL,AGL,CE,Towers with Display (VFR),0,25,110,0,135,0,2,143,0,145,0,27,253,0,280,149,0,149,429
12/20/2001,DPA,IL,AGL,CE,Towers with Display (VFR),0,14,106,0,120,0,3,331,0,334,0,17,437,0,454,229,0,229,683
12/21/2001,DPA,IL,AGL,CE,Towers with Display (VFR),0,18,93,0,111,0,8,296,0,304,0,26,389,0,415,272,0,272,687
12/22/2001,DPA,IL,AGL,CE,Towers with Display (VFR),0,6,61,0,67,0,0,114,1,115,0,6,175,1,182,197,0,197,379
12/23/2001,DPA,IL,AGL,CE,Towers with Display (VFR),0,4,31,0,35,0,2,41,0,43,0,6,72,0,78,119,0,119,197
12/24/2001,DPA,IL,AGL,CE,Towers with Display (VFR),0,4,31,0,35,0,4,20,0,24,0,8,51,0,59,4,0,4,63
12/25/2001,DPA,IL,AGL,CE,Towers with Display (VFR),0,3,18,0,21,0,0,12,0,12,0,3,30,0,33,28,0,28,61
12/26/2001,DPA,IL,AGL,CE,Towers with Display (VFR),0,12,62,0,74,0,1,47,0,48,0,13,109,0,122,61,0,61,183
12/27/2001,DPA,IL,AGL,CE,Towers with Display (VFR),0,5,62,0,67,0,0,151,2,153,0,5,213,2,220,218,0,218,438
12/28/2001,DPA,IL,AGL,CE,Towers with Display (VFR),0,5,55,0,60,0,0,169,0,169,0,5,224,0,229,234,0,234,463
12/29/2001,DPA,IL,AGL,CE,Towers with Display (VFR),0,8,53,0,61,0,7,180,0,187,0,15,233,0,248,232,0,232,480
12/30/2001,DPA,IL,AGL,CE,Towers with Display (VFR),0,0,32,0,32,0,3,132,0,135,0,3,164,0,167,146,0,146,313
12/31/2001,DPA,IL,AGL,CE,Towers with Display (VFR),0,0,31,0,31,0,6,155,0,161,0,6,186,0,192,82,0,82,274
01/01/2002,DPA,IL,AGL,CE,Towers with Display (VFR),0,3,19,0,22,0,7,107,1,115,0,10,126,1,137,179,0,179,316
01/02/2002,DPA,IL,AGL,CE,Towers with Display (VFR),0,10,54,0,64,0,7,264,0,271,0,17,318,0,335,235,0,235,570
01/03/2002,DPA,IL,AGL,CE,Towers with Display (VFR),0,19,86,0,105,0,3,267,0,270,0,22,353,0,375,224,0,224,599
01/04/2002,DPA,IL,AGL,CE,Towers with Display (VFR),0,14,71,0,85,0,5,230,0,235,0,19,301,0,320,110,0,110,430
01/05/2002,DPA,IL,AGL,CE,Towers with Display (VFR),0,6,39,0,45,0,2,200,0,202,0,8,239,0,247,276,0,276,523
01/06/2002,DPA,IL,AGL,CE,Towers with Display (VFR),0,6,43,0,49,0,3,99,0,102,0,9,142,0,151,121,0,121,272
01/07/2002,DPA,IL,AGL,CE,Towers with Display (VFR),0,14,71,0,85,0,15,226,0,241,0,29,297,0,326,173,0,173,499
01/08/2002,DPA,IL,AGL,CE,Towers with Display (VFR),0,10,78,0,88,0,6,255,0,261,0,16,333,0,349,173,0,173,522
01/09/2002,DPA,IL,AGL,CE,Towers with Display (VFR),0,9,70,0,79,0,5,217,1,223,0,14,287,1,302,156,0,156,458
01/10/2002,DPA,IL,AGL,CE,Towers with Display (VFR),0,14,95,0,109,0,4,180,0,184,0,18,275,0,293,210,0,210,503
01/11/2002,DPA,IL,AGL,CE,Towers with Display (VFR),0,14,65,0,79,0,0,204,0,204,0,14,269,0,283,158,0,158,441
01/12/2002,DPA,IL,AGL,CE,Towers with Display (VFR),0,2,44,0,46,0,0,158,0,158,0,2,202,0,204,280,0,280,484
01/13/2002,DPA,IL,AGL,CE,Towers with Display (VFR),0,3,44,0,47,0,7,258,0,265,0,10,302,0,312,205,0,205,517
01/14/2002,DPA,IL,AGL,CE,Towers with Display (VFR),0,11,80,0,91,0,3,55,0,58,0,14,135,0,149,82,0,82,231
01/15/2002,DPA,IL,AGL,CE,Towers with Display (VFR),0,8,103,0,111,0,0,131,0,131,0,8,234,0,242,76,0,76,318
01/16/2002,DPA,IL,AGL,CE,Towers with Display (VFR),0,19,77,0,96,0,8,27,0,35,0,27,104,0,131,89,0,89,220
01/17/2002,DPA,IL,AGL,CE,Towers with Display (VFR),0,20,106,8,134,0,5,237,0,242,0,25,343,8,376,220,0,220,596
01/18/2002,DPA,IL,AGL,CE,Towers with Display (VFR),0,4,89,0,93,0,2,284,0,286,0,6,373,0,379,223,0,223,602
01/19/2002,DPA,IL,AGL,CE,Towers with Display (VFR),0,7,37,0,44,0,4,182,0,186,0,11,219,0,230,128,0,128,358
01/20/2002,DPA,IL,AGL,CE,Towers with Display (VFR),0,1,46,0,47,0,5,104,0,109,0,6,150,0,156,107,4,111,267
01/21/2002,DPA,IL,AGL,CE,Towers with Display (VFR),0,5,73,0,78,0,1,102,0,103,0,6,175,0,181,104,0,104,285
01/22/2002,DPA,IL,AGL,CE,Towers with Display (VFR),0,9,108,0,117,0,7,237,0,244,0,16,345,0,361,124,4,128,489
01/23/2002,DPA,IL,AGL,CE,Towers with Display (VFR),0,10,103,0,113,0,2,17,0,19,0,12,120,0,132,26,0,26,158
01/24/2002,DPA,IL,AGL,CE,Towers with Display (VFR),0,7,100,0,107,0,3,240,0,243,0,10,340,0,350,228,0,228,578
01/25/2002,DPA,IL,AGL,CE,Towers with Display (VFR),0,13,56,0,69,0,0,242,0,242,0,13,298,0,311,124,0,124,435
01/26/2002,DPA,IL,AGL,CE,Towers with Display (VFR),0,1,48,0,49,0,0,276,0,276,0,1,324,0,325,139,0,139,464
01/27/2002,DPA,IL,AGL,CE,Towers with Display (VFR),0,3,41,0,44,0,3,243,0,246,0,6,284,0,290,233,0,233,523
01/28/2002,DPA,IL,AGL,CE,Towers with Display (VFR),0,9,99,0,108,0,9,175,0,184,0,18,274,0,292,165,0,165,457
01/29/2002,DPA,IL,AGL,CE,Towers with Display (VFR),0,9,74,0,83,0,3,11,0,14,0,12,85,0,97,30,0,30,127
01/30/2002,DPA,IL,AGL,CE,Towers with Display (VFR),0,14,78,0,92,0,1,2,0,3,0,15,80,0,95,0,0,0,95
01/31/2002,DPA,IL,AGL,CE,Towers with Display (VFR),0,17,56,0,73,0,0,0,0,0,0,17,56,0,73,0,0,0,73
02/01/2002,DPA,IL,AGL,CE,Towers with Display (VFR),0,14,64,0,78,0,9,107,0,116,0,23,171,0,194,53,0,53,247
02/02/2002,DPA,IL,AGL,CE,Towers with Display (VFR),0,5,78,0,83,0,3,134,0,137,0,8,212,0,220,264,0,264,484
02/03/2002,DPA,IL,AGL,CE,Towers with Display (VFR),0,3,41,0,44,0,2,187,0,189,0,5,228,0,233,218,0,218,451
02/04/2002,DPA,IL,AGL,CE,Towers with Display (VFR),0,8,94,0,102,0,10,117,0,127,0,18,211,0,229,74,0,74,303
02/05/2002,DPA,IL,AGL,CE,Towers with Display (VFR),0,12,112,0,124,0,11,213,0,224,0,23,325,0,348,121,0,121,469
02/06/2002,DPA,IL,AGL,CE,Towers with Display (VFR),0,15,95,0,110,0,11,251,1,263,0,26,346,1,373,164,0,164,537
02/07/2002,DPA,IL,AGL,CE,Towers with Display (VFR),0,18,106,0,124,0,0,220,0,220,0,18,326,0,344,244,0,244,588
02/08/2002,DPA,IL,AGL,CE,Towers with Display (VFR),0,9,103,0,112,0,5,232,0,237,0,14,335,0,349,268,0,268,617
02/09/2002,DPA,IL,AGL,CE,Towers with Display (VFR),0,0,46,0,46,0,0,242,0,242,0,0,288,0,288,247,0,247,535
02/10/2002,DPA,IL,AGL,CE,Towers with Display (VFR),0,2,33,0,35,0,0,11,0,11,0,2,44,0,46,12,0,12,58
02/11/2002,DPA,IL,AGL,CE,Towers with Display (VFR),0,11,64,0,75,0,11,179,0,190,0,22,243,0,265,115,0,115,380
02/12/2002,DPA,IL,AGL,CE,Towers with Display (VFR),0,12,80,0,92,0,8,98,0,106,0,20,178,0,198,6,0,6,204
02/13/2002,DPA,IL,AGL,CE,Towers with Display (VFR),0,11,84,0,95,0,7,277,0,284,0,18,361,0,379,214,0,214,593
02/14/2002,DPA,IL,AGL,CE,Towers with Display (VFR),0,17,105,0,122,0,1,179,0,180,0,18,284,0,302,100,0,100,402
02/15/2002,DPA,IL,AGL,CE,Towers with Display (VFR),0,9,83,0,92,0,0,125,0,125,0,9,208,0,217,91,0,91,308
02/16/2002,DPA,IL,AGL,CE,Towers with Display (VFR),0,6,49,0,55,0,1,188,0,189,0,7,237,0,244,192,0,192,436
02/17/2002,DPA,IL,AGL,CE,Towers with Display (VFR),0,8,51,0,59,0,0,289,0,289,0,8,340,0,348,263,0,263,611
02/18/2002,DPA,IL,AGL,CE,Towers with Display (VFR),0,6,71,0,77,0,8,201,0,209,0,14,272,0,286,134,0,134,420
02/19/2002,DPA,IL,AGL,CE,Towers with Display (VFR),0,5,93,0,98,0,2,18,0,20,0,7,111,0,118,8,0,8,126
02/20/2002,DPA,IL,AGL,CE,Towers with Display (VFR),0,13,98,0,111,0,0,6,0,6,0,13,104,0,117,0,0,0,117
02/21/2002,DPA,IL,AGL,CE,Towers with Display (VFR),0,17,77,0,94,0,2,45,0,47,0,19,122,0,141,25,0,25,166
02/22/2002,DPA,IL,AGL,CE,Towers with Display (VFR),0,6,62,0,68,0,19,289,0,308,0,25,351,0,376,316,0,316,692
02/23/2002,DPA,IL,AGL,CE,Towers with Display (VFR),0,5,40,0,45,0,4,232,0,236,0,9,272,0,281,226,0,226,507
02/24/2002,DPA,IL,AGL,CE,Towers with Display (VFR),0,7,46,0,53,0,3,177,0,180,0,10,223,0,233,154,0,154,387
02/25/2002,DPA,IL,AGL,CE,Towers with Display (VFR),0,21,88,0,109,0,0,27,0,27,0,21,115,0,136,0,0,0,136
02/26/2002,DPA,IL,AGL,CE,Towers with Display (VFR),0,14,109,0,123,0,6,4,0,10,0,20,113,0,133,0,0,0,133
02/27/2002,DPA,IL,AGL,CE,Towers with Display (VFR),0,13,76,0,89,0,4,167,0,171,0,17,243,0,260,133,0,133,393
02/28/2002,DPA,IL,AGL,CE,Towers with Display (VFR),0,8,124,0,132,0,2,194,0,196,0,10,318,0,328,91,0,91,419
03/01/2002,DPA,IL,AGL,CE,Towers with Display (VFR),0,10,69,0,79,0,0,152,0,152,0,10,221,0,231,186,0,186,417
03/02/2002,DPA,IL,AGL,CE,Towers with Display (VFR),0,2,23,0,25,0,0,0,0,0,0,2,23,0,25,0,0,0,25
03/03/2002,DPA,IL,AGL,CE,Towers with Display (VFR),0,0,41,0,41,0,0,18,0,18,0,0,59,0,59,12,0,12,71
03/04/2002,DPA,IL,AGL,CE,Towers with Display (VFR),0,6,61,0,67,0,3,53,0,56,0,9,114,0,123,26,0,26,149
03/05/2002,DPA,IL,AGL,CE,Towers with Display (VFR),0,7,101,0,108,0,2,126,0,128,0,9,227,0,236,76,0,76,312
03/06/2002,DPA,IL,AGL,CE,Towers with Display (VFR),0,13,114,0,127,0,1,230,0,231,0,14,344,0,358,242,0,242,600
03/07/2002,DPA,IL,AGL,CE,Towers with Display (VFR),0,15,127,0,142,0,1,112,0,113,0,16,239,0,255,120,0,120,375
03/08/2002,DPA,IL,AGL,CE,Towers with Display (VFR),0,5,82,0,87,0,1,82,0,83,0,6,164,0,170,44,0,44,214
03/09/2002,DPA,IL,AGL,CE,Towers with Display (VFR),0,5,29,0,34,0,0,0,0,0,0,5,29,0,34,0,0,0,34
03/10/2002,DPA,IL,AGL,CE,Towers with Display (VFR),0,4,55,0,59,0,3,236,2,241,0,7,291,2,300,193,0,193,493
03/11/2002,DPA,IL,AGL,CE,Towers with Display (VFR),0,7,84,0,91,0,0,195,0,195,0,7,279,0,286,187,0,187,473
03/12/2002,DPA,IL,AGL,CE,Towers with Display (VFR),0,13,89,0,102,0,3,233,2,238,0,16,322,2,340,169,8,177,517
03/13/2002,DPA,IL,AGL,CE,Towers with Display (VFR),0,11,102,0,113,0,10,192,0,202,0,21,294,0,315,202,0,202,517
03/14/2002,DPA,IL,AGL,CE,Towers with Display (VFR),0,19,134,0,153,0,1,133,0,134,0,20,267,0,287,137,0,137,424
03/15/2002,DPA,IL,AGL,CE,Towers with Display (VFR),0,5,77,3,85,0,9,130,1,140,0,14,207,4,225,155,0,155,380
03/16/2002,DPA,IL,AGL,CE,Towers with Display (VFR),0,7,61,0,68,0,5,340,0,345,0,12,401,0,413,360,0,360,773
03/17/2002,DPA,IL,AGL,CE,Towers with Display (VFR),0,2,49,0,51,0,0,125,0,125,0,2,174,0,176,374,0,374,550
03/18/2002,DPA,IL,AGL,CE,Towers with Display (VFR),0,8,67,0,75,0,6,181,0,187,0,14,248,0,262,224,0,224,486
03/19/2002,DPA,IL,AGL,CE,Towers with Display (VFR),0,9,78,0,87,0,3,145,1,149,0,12,223,1,236,222,0,222,458
03/20/2002,DPA,IL,AGL,CE,Towers with Display (VFR),0,5,127,0,132,0,5,152,0,157,0,10,279,0,289,214,0,214,503
03/21/2002,DPA,IL,AGL,CE,Towers with Display (VFR),0,18,83,0,101,0,2,85,0,87,0,20,168,0,188,42,0,42,230
03/22/2002,DPA,IL,AGL,CE,Towers with Display (VFR),0,13,78,0,91,0,3,146,0,149,0,16,224,0,240,158,0,158,398
03/23/2002,DPA,IL,AGL,CE,Towers with Display (VFR),0,6,53,0,59,0,4,288,0,292,0,10,341,0,351,317,0,317,668
03/24/2002,DPA,IL,AGL,CE,Towers with Display (VFR),0,6,58,0,64,0,0,140,0,140,0,6,198,0,204,215,0,215,419
03/25/2002,DPA,IL,AGL,CE,Towers with Display (VFR),0,6,50,0,56,0,0,29,0,29,0,6,79,0,85,10,0,10,95
03/26/2002,DPA,IL,AGL,CE,Towers with Display (VFR),0,3,58,0,61,0,0,93,0,93,0,3,151,0,154,126,0,126,280
03/27/2002,DPA,IL,AGL,CE,Towers with Display (VFR),0,8,84,0,92,0,0,270,0,270,0,8,354,0,362,208,0,208,570
03/28/2002,DPA,IL,AGL,CE,Towers with Display (VFR),0,12,75,4,91,0,2,206,0,208,0,14,281,4,299,229,0,229,528
03/29/2002,DPA,IL,AGL,CE,Towers with Display (VFR),0,5,72,0,77,0,3,95,0,98,0,8,167,0,175,126,0,126,301
03/30/2002,DPA,IL,AGL,CE,Towers with Display (VFR),0,3,56,0,59,0,4,311,0,315,0,7,367,0,374,306,0,306,680
03/31/2002,DPA,IL,AGL,CE,Towers with Display (VFR),0,1,34,0,35,0,0,84,0,84,0,1,118,0,119,110,0,110,229
04/01/2002,DPA,IL,AGL,CE,Towers with Display (VFR),0,7,99,0,106,0,2,118,0,120,0,9,217,0,226,74,0,74,300
04/02/2002,DPA,IL,AGL,CE,Towers with Display (VFR),0,9,102,0,111,0,2,21,0,23,0,11,123,0,134,0,0,0,134
04/03/2002,DPA,IL,AGL,CE,Towers with Display (VFR),0,16,101,0,117,0,0,101,0,101,0,16,202,0,218,183,1,184,402
04/04/2002,DPA,IL,AGL,CE,Towers with Display (VFR),0,14,109,0,123,0,4,238,2,244,0,18,347,2,367,130,0,130,497
04/05/2002,DPA,IL,AGL,CE,Towers with Display (VFR),0,8,96,0,104,0,2,246,0,248,0,10,342,0,352,164,0,164,516
04/06/2002,DPA,IL,AGL,CE,Towers with Display (VFR),0,5,46,0,51,0,0,388,0,388,0,5,434,0,439,532,0,532,971
04/07/2002,DPA,IL,AGL,CE,Towers with Display (VFR),0,6,52,0,58,0,1,29,0,30,0,7,81,0,88,62,0,62,150
04/08/2002,DPA,IL,AGL,CE,Towers with Display (VFR),0,8,81,0,89,0,0,0,0,0,0,8,81,0,89,0,0,0,89
04/09/2002,DPA,IL,AGL,CE,Towers with Display (VFR),0,10,126,0,136,0,1,112,0,113,0,11,238,0,249,162,0,162,411
04/10/2002,DPA,IL,AGL,CE,Towers with Display (VFR),0,12,92,0,104,0,3,256,0,259,0,15,348,0,363,199,0,199,562
04/11/2002,DPA,IL,AGL,CE,Towers with Display (VFR),0,11,86,0,97,0,4,239,0,243,0,15,325,0,340,190,0,190,530
04/12/2002,DPA,IL,AGL,CE,Towers with Display (VFR),0,11,123,0,134,0,0,80,0,80,0,11,203,0,214,118,0,118,332
04/13/2002,DPA,IL,AGL,CE,Towers with Display (VFR),0,4,45,0,49,0,3,354,0,357,0,7,399,0,406,342,0,342,748
04/14/2002,DPA,IL,AGL,CE,Towers with Display (VFR),0,5,65,0,70,0,2,243,0,245,0,7,308,0,315,194,0,194,509
04/15/2002,DPA,IL,AGL,CE,Towers with Display (VFR),0,7,83,0,90,0,13,212,0,225,0,20,295,0,315,82,0,82,397
04/16/2002,DPA,IL,AGL,CE,Towers with Display (VFR),0,8,103,0,111,0,3,150,0,153,0,11,253,0,264,103,0,103,367
04/17/2002,DPA,IL,AGL,CE,Towers with Display (VFR),0,8,106,0,114,0,0,0,0,0,0,8,106,0,114,252,0,252,366
04/18/2002,DPA,IL,AGL,CE,Towers with Display (VFR),0,11,87,0,98,0,0,104,0,104,0,11,191,0,202,132,0,132,334
04/19/2002,DPA,IL,AGL,CE,Towers with Display (VFR),0,6,73,0,79,0,4,216,0,220,0,10,289,0,299,206,0,206,505
04/20/2002,DPA,IL,AGL,CE,Towers with Display (VFR),0,1,39,0,40,0,3,217,0,220,0,4,256,0,260,120,0,120,380
04/21/2002,DPA,IL,AGL,CE,Towers with Display (VFR),0,1,57,0,58,0,0,2,0,2,0,1,59,0,60,18,0,18,78
04/22/2002,DPA,IL,AGL,CE,Towers with Display (VFR),0,12,82,0,94,0,0,121,0,121,0,12,203,0,215,67,0,67,282
04/23/2002,DPA,IL,AGL,CE,Towers with Display (VFR),0,7,107,0,114,0,3,316,0,319,0,10,423,0,433,216,0,216,649
04/24/2002,DPA,IL,AGL,CE,Towers with Display (VFR),0,11,62,0,73,0,0,117,0,117,0,11,179,0,190,80,0,80,270
04/25/2002,DPA,IL,AGL,CE,Towers with Display (VFR),0,9,94,0,103,0,1,226,0,227,0,10,320,0,330,96,0,96,426
04/26/2002,DPA,IL,AGL,CE,Towers with Display (VFR),0,3,130,0,133,0,11,393,0,404,0,14,523,0,537,328,0,328,865
04/27/2002,DPA,IL,AGL,CE,Towers with Display (VFR),0,8,45,0,53,0,0,74,0,74,0,8,119,0,127,106,0,106,233
04/28/2002,DPA,IL,AGL,CE,Towers with Display (VFR),0,4,70,0,74,0,0,35,0,35,0,4,105,0,109,82,0,82,191
04/29/2002,DPA,IL,AGL,CE,Towers with Display (VFR),0,9,59,0,68,0,0,202,0,202,0,9,261,0,270,265,0,265,535
04/30/2002,DPA,IL,AGL,CE,Towers with Display (VFR),0,8,86,2,96,0,0,291,4,295,0,8,377,6,391,321,0,321,712
05/01/2002,DPA,IL,AGL,CE,Towers with Display (VFR),0,8,82,0,90,0,5,178,0,183,0,13,260,0,273,168,0,168,441
05/02/2002,DPA,IL,AGL,CE,Towers with Display (VFR),0,22,120,0,142,0,0,238,0,238,0,22,358,0,380,216,0,216,596
05/03/2002,DPA,IL,AGL,CE,Towers with Display (VFR),0,7,87,0,94,0,4,277,0,281,0,11,364,0,375,223,0,223,598
05/04/2002,DPA,IL,AGL,CE,Towers with Display (VFR),0,5,62,0,67,0,24,343,0,367,0,29,405,0,434,228,0,228,662
05/05/2002,DPA,IL,AGL,CE,Towers with Display (VFR),0,0,68,0,68,0,2,241,0,243,0,2,309,0,311,319,0,319,630
05/06/2002,DPA,IL,AGL,CE,Towers with Display (VFR),0,14,86,0,100,0,0,91,0,91,0,14,177,0,191,127,0,127,318
05/07/2002,DPA,IL,AGL,CE,Towers with Display (VFR),0,17,120,0,137,0,2,133,0,135,0,19,253,0,272,78,0,78,350
05/08/2002,DPA,IL,AGL,CE,Towers with Display (VFR),0,14,126,0,140,0,10,59,2,71,0,24,185,2,211,152,0,152,363
05/09/2002,DPA,IL,AGL,CE,Towers with Display (VFR),0,18,112,0,130,0,2,91,0,93,0,20,203,0,223,62,0,62,285
05/10/2002,DPA,IL,AGL,CE,Towers with Display (VFR),0,18,110,0,128,0,0,364,0,364,0,18,474,0,492,253,0,253,745
05/11/2002,DPA,IL,AGL,CE,Towers with Display (VFR),0,6,54,0,60,0,1,73,0,74,0,7,127,0,134,196,0,196,330
05/12/2002,DPA,IL,AGL,CE,Towers with Display (VFR),0,8,53,0,61,0,0,0,0,0,0,8,53,0,61,0,0,0,61
05/13/2002,DPA,IL,AGL,CE,Towers with Display (VFR),0,6,95,0,101,0,0,222,0,222,0,6,317,0,323,379,0,379,702
05/14/2002,DPA,IL,AGL,CE,Towers with Display (VFR),0,5,105,0,110,0,7,273,0,280,0,12,378,0,390,250,0,250,640
05/15/2002,DPA,IL,AGL,CE,Towers with Display (VFR),0,6,111,0,117,0,6,241,0,247,0,12,352,0,364,133,0,133,497
05/16/2002,DPA,IL,AGL,CE,Towers with Display (VFR),0,6,117,0,123,0,0,71,0,71,0,6,188,0,194,95,0,95,289
05/17/2002,DPA,IL,AGL,CE,Towers with Display (VFR),0,11,93,0,104,0,5,245,0,250,0,16,338,0,354,301,0,301,655
05/18/2002,DPA,IL,AGL,CE,Towers with Display (VFR),0,2,39,0,41,0,2,226,0,228,0,4,265,0,269,281,0,281,550
05/19/2002,DPA,IL,AGL,CE,Towers with Display (VFR),0,1,62,0,63,0,0,204,0,204,0,1,266,0,267,167,0,167,434
05/20/2002,DPA,IL,AGL,CE,Towers with Display (VFR),0,16,101,0,117,0,0,281,0,281,0,16,382,0,398,258,0,258,656
05/21/2002,DPA,IL,AGL,CE,Towers with Display (VFR),0,14,127,0,141,0,3,444,0,447,0,17,571,0,588,378,0,378,966
05/22/2002,DPA,IL,AGL,CE,Towers with Display (VFR),0,13,132,0,145,0,0,285,0,285,0,13,417,0,430,257,0,257,687
05/23/2002,DPA,IL,AGL,CE,Towers with Display (VFR),0,8,117,0,125,0,6,168,0,174,0,14,285,0,299,114,0,114,413
05/24/2002,DPA,IL,AGL,CE,Towers with Display (VFR),0,7,84,0,91,0,8,224,0,232,0,15,308,0,323,156,0,156,479
05/25/2002,DPA,IL,AGL,CE,Towers with Display (VFR),0,0,53,0,53,0,5,38,0,43,0,5,91,0,96,94,0,94,190
05/26/2002,DPA,IL,AGL,CE,Towers with Display (VFR),0,3,55,0,58,0,3,283,0,286,0,6,338,0,344,168,0,168,512
05/27/2002,DPA,IL,AGL,CE,Towers with Display (VFR),0,2,49,0,51,0,0,273,0,273,0,2,322,0,324,192,0,192,516
05/28/2002,DPA,IL,AGL,CE,Towers with Display (VFR),0,15,93,0,108,0,2,215,0,217,0,17,308,0,325,218,0,218,543
05/29/2002,DPA,IL,AGL,CE,Towers with Display (VFR),0,18,98,0,116,0,0,196,0,196,0,18,294,0,312,196,0,196,508
05/30/2002,DPA,IL,AGL,CE,Towers with Display (VFR),0,7,89,0,96,0,1,216,0,217,0,8,305,0,313,164,0,164,477
05/31/2002,DPA,IL,AGL,CE,Towers with Display (VFR),0,9,103,0,112,0,1,255,0,256,0,10,358,0,368,153,0,153,521
06/01/2002,DPA,IL,AGL,CE,Towers with Display (VFR),0,2,48,0,50,0,7,336,0,343,0,9,384,0,393,312,0,312,705
06/02/2002,DPA,IL,AGL,CE,Towers with Display (VFR),0,8,56,1,65,0,7,235,0,242,0,15,291,1,307,219,0,219,526
06/03/2002,DPA,IL,AGL,CE,Towers with Display (VFR),0,6,89,0,95,0,4,176,0,180,0,10,265,0,275,190,4,194,469
06/04/2002,DPA,IL,AGL,CE,Towers with Display (VFR),0,7,65,0,72,0,3,30,0,33,0,10,95,0,105,0,0,0,105
06/05/2002,DPA,IL,AGL,CE,Towers with Display (VFR),0,12,111,0,123,0,3,19,0,22,0,15,130,0,145,10,0,10,155
06/06/2002,DPA,IL,AGL,CE,Towers with Display (VFR),0,8,117,0,125,0,3,219,0,222,0,11,336,0,347,207,0,207,554
06/07/2002,DPA,IL,AGL,CE,Towers with Display (VFR),0,0,0,2,2,0,2,401,0,403,0,2,401,2,405,255,0,255,660
06/08/2002,DPA,IL,AGL,CE,Towers with Display (VFR),0,0,36,0,36,0,2,298,0,300,0,2,334,0,336,285,0,285,621
06/09/2002,DPA,IL,AGL,CE,Towers with Display (VFR),0,0,76,0,76,0,5,274,0,279,0,5,350,0,355,279,0,279,634
06/10/2002,DPA,IL,AGL,CE,Towers with Display (VFR),0,3,96,0,99,0,3,146,0,149,0,6,242,0,248,138,0,138,386
06/11/2002,DPA,IL,AGL,CE,Towers with Display (VFR),0,8,104,0,112,0,6,130,0,136,0,14,234,0,248,62,0,62,310
06/12/2002,DPA,IL,AGL,CE,Towers with Display (VFR),0,11,130,0,141,0,3,168,0,171,0,14,298,0,312,213,0,213,525
06/13/2002,DPA,IL,AGL,CE,Towers with Display (VFR),0,9,146,0,155,0,3,185,0,188,0,12,331,0,343,114,0,114,457
06/14/2002,DPA,IL,AGL,CE,Towers with Display (VFR),0,14,91,0,105,0,7,241,0,248,0,21,332,0,353,246,0,246,599
06/15/2002,DPA,IL,AGL,CE,Towers with Display (VFR),0,0,59,0,59,0,9,324,0,333,0,9,383,0,392,390,0,390,782
06/16/2002,DPA,IL,AGL,CE,Towers with Display (VFR),0,7,75,0,82,0,9,340,0,349,0,16,415,0,431,228,0,228,659
06/17/2002,DPA,IL,AGL,CE,Towers with Display (VFR),0,14,101,0,115,0,4,208,0,212,0,18,309,0,327,159,0,159,486
06/18/2002,DPA,IL,AGL,CE,Towers with Display (VFR),0,7,127,1,135,0,4,383,0,387,0,11,510,1,522,100,0,100,622
06/19/2002,DPA,IL,AGL,CE,Towers with Display (VFR),0,0,89,0,89,0,2,288,0,290,0,2,377,0,379,260,0,260,639
06/20/2002,DPA,IL,AGL,CE,Towers with Display (VFR),0,6,95,0,101,0,8,326,0,334,0,14,421,0,435,330,0,330,765
06/21/2002,DPA,IL,AGL,CE,Towers with Display (VFR),0,9,79,0,88,0,4,341,0,345,0,13,420,0,433,275,0,275,708
06/22/2002,DPA,IL,AGL,CE,Towers with Display (VFR),0,3,59,0,62,0,3,310,0,313,0,6,369,0,375,350,0,350,725
06/23/2002,DPA,IL,AGL,CE,Towers with Display (VFR),0,3,73,0,76,0,4,346,0,350,0,7,419,0,426,376,0,376,802
06/24/2002,DPA,IL,AGL,CE,Towers with Display (VFR),0,6,64,0,70,0,3,300,0,303,0,9,364,0,373,194,0,194,567
06/25/2002,DPA,IL,AGL,CE,Towers with Display (VFR),0,9,87,0,96,0,4,238,0,242,0,13,325,0,338,212,0,212,550
06/26/2002,DPA,IL,AGL,CE,Towers with Display (VFR),0,12,110,0,122,0,3,282,0,285,0,15,392,0,407,183,0,183,590
06/27/2002,DPA,IL,AGL,CE,Towers with Display (VFR),0,19,129,0,148,0,14,390,0,404,0,33,519,0,552,165,0,165,717
06/28/2002,DPA,IL,AGL,CE,Towers with Display (VFR),0,6,111,0,117,0,5,438,0,443,0,11,549,0,560,335,0,335,895
06/29/2002,DPA,IL,AGL,CE,Towers with Display (VFR),0,0,61,0,61,0,1,301,0,302,0,1,362,0,363,387,0,387,750
06/30/2002,DPA,IL,AGL,CE,Towers with Display (VFR),0,0,0,1,1,0,6,353,0,359,0,6,353,1,360,300,0,300,660
07/01/2002,DPA,IL,AGL,CE,Towers with Display (VFR),0,2,76,0,78,0,0,265,0,265,0,2,341,0,343,203,0,203,546
07/02/2002,DPA,IL,AGL,CE,Towers with Display (VFR),0,3,101,0,104,0,5,263,0,268,0,8,364,0,372,204,0,204,576
07/03/2002,DPA,IL,AGL,CE,Towers with Display (VFR),0,6,80,0,86,0,11,230,0,241,0,17,310,0,327,268,0,268,595
07/04/2002,DPA,IL,AGL,CE,Towers with Display (VFR),0,0,32,0,32,0,0,222,0,222,0,0,254,0,254,166,0,166,420
07/05/2002,DPA,IL,AGL,CE,Towers with Display (VFR),0,5,49,0,54,0,4,292,0,296,0,9,341,0,350,335,0,335,685
07/06/2002,DPA,IL,AGL,CE,Towers with Display (VFR),0,3,48,0,51,0,0,265,2,267,0,3,313,2,318,286,0,286,604
07/07/2002,DPA,IL,AGL,CE,Towers with Display (VFR),0,12,67,0,79,0,0,268,2,270,0,12,335,2,349,370,0,370,719
07/08/2002,DPA,IL,AGL,CE,Towers with Display (VFR),0,7,89,0,96,0,0,221,0,221,0,7,310,0,317,226,0,226,543
07/09/2002,DPA,IL,AGL,CE,Towers with Display (VFR),0,3,106,0,109,0,0,104,4,108,0,3,210,4,217,229,0,229,446
07/10/2002,DPA,IL,AGL,CE,Towers with Display (VFR),0,11,119,0,130,0,9,258,0,267,0,20,377,0,397,232,0,232,629
07/11/2002,DPA,IL,AGL,CE,Towers with Display (VFR),0,2,125,0,127,0,4,309,0,313,0,6,434,0,440,337,0,337,777
07/12/2002,DPA,IL,AGL,CE,Towers with Display (VFR),0,8,105,0,113,0,10,343,0,353,0,18,448,0,466,240,0,240,706
07/13/2002,DPA,IL,AGL,CE,Towers with Display (VFR),0,5,60,0,65,0,3,291,0,294,0,8,351,0,359,402,0,402,761
07/14/2002,DPA,IL,AGL,CE,Towers with Display (VFR),0,7,73,0,80,0,1,353,3,357,0,8,426,3,437,360,0,360,797
07/15/2002,DPA,IL,AGL,CE,Towers with Display (VFR),0,7,67,0,74,0,0,237,0,237,0,7,304,0,311,160,0,160,471
07/16/2002,DPA,IL,AGL,CE,Towers with Display (VFR),0,6,118,0,124,0,2,250,0,252,0,8,368,0,376,168,4,172,548
07/17/2002,DPA,IL,AGL,CE,Towers with Display (VFR),0,21,109,0,130,0,2,328,0,330,0,23,437,0,460,284,0,284,744
07/18/2002,DPA,IL,AGL,CE,Towers with Display (VFR),0,13,132,0,145,0,0,238,0,238,0,13,370,0,383,320,0,320,703
07/19/2002,DPA,IL,AGL,CE,Towers with Display (VFR),0,9,121,0,130,0,6,187,0,193,0,15,308,0,323,392,0,392,715
07/20/2002,DPA,IL,AGL,CE,Towers with Display (VFR),0,2,64,0,66,0,1,265,0,266,0,3,329,0,332,265,0,265,597
07/21/2002,DPA,IL,AGL,CE,Towers with Display (VFR),0,10,63,0,73,0,0,263,0,263,0,10,326,0,336,228,0,228,564
07/22/2002,DPA,IL,AGL,CE,Towers with Display (VFR),0,11,89,0,100,0,6,215,0,221,0,17,304,0,321,193,0,193,514
07/23/2002,DPA,IL,AGL,CE,Towers with Display (VFR),0,4,113,0,117,0,15,254,3,272,0,19,367,3,389,209,0,209,598
07/24/2002,DPA,IL,AGL,CE,Towers with Display (VFR),0,7,112,0,119,0,15,295,2,312,0,22,407,2,431,181,4,185,616
07/25/2002,DPA,IL,AGL,CE,Towers with Display (VFR),0,11,131,0,142,0,8,252,0,260,0,19,383,0,402,264,0,264,666
07/26/2002,DPA,IL,AGL,CE,Towers with Display (VFR),0,12,133,0,145,0,0,248,0,248,0,12,381,0,393,328,0,328,721
07/27/2002,DPA,IL,AGL,CE,Towers with Display (VFR),0,6,44,0,50,0,13,139,0,152,0,19,183,0,202,187,0,187,389
07/28/2002,DPA,IL,AGL,CE,Towers with Display (VFR),0,3,64,0,67,0,11,234,0,245,0,14,298,0,312,318,0,318,630
07/29/2002,DPA,IL,AGL,CE,Towers with Display (VFR),0,6,90,0,96,0,30,164,0,194,0,36,254,0,290,145,0,145,435
07/30/2002,DPA,IL,AGL,CE,Towers with Display (VFR),0,10,103,0,113,0,28,360,0,388,0,38,463,0,501,330,0,330,831
07/31/2002,DPA,IL,AGL,CE,Towers with Display (VFR),0,16,97,0,113,0,29,298,1,328,0,45,395,1,441,303,0,303,744
08/01/2002,DPA,IL,AGL,CE,Towers with Display (VFR),0,6,92,4,102,0,6,277,0,283,0,12,369,4,385,130,0,130,515
08/02/2002,DPA,IL,AGL,CE,Towers with Display (VFR),0,5,82,0,87,0,0,315,0,315,0,5,397,0,402,168,0,168,570
08/03/2002,DPA,IL,AGL,CE,Towers with Display (VFR),0,2,53,0,55,0,5,278,0,283,0,7,331,0,338,293,0,293,631
08/04/2002,DPA,IL,AGL,CE,Towers with Display (VFR),0,5,54,0,59,0,6,225,0,231,0,11,279,0,290,276,0,276,566
08/05/2002,DPA,IL,AGL,CE,Towers with Display (VFR),0,17,78,1,96,0,1,169,1,171,0,18,247,2,267,180,0,180,447
08/06/2002,DPA,IL,AGL,CE,Towers with Display (VFR),0,5,102,0,107,0,5,299,0,304,0,10,401,0,411,258,0,258,669
08/07/2002,DPA,IL,AGL,CE,Towers with Display (VFR),0,11,92,2,105,0,8,403,0,411,0,19,495,2,516,322,0,322,838
08/08/2002,DPA,IL,AGL,CE,Towers with Display (VFR),0,10,116,0,126,0,8,378,0,386,0,18,494,0,512,372,0,372,884
08/09/2002,DPA,IL,AGL,CE,Towers with Display (VFR),0,14,87,0,101,0,6,409,2,417,0,20,496,2,518,302,0,302,820
08/10/2002,DPA,IL,AGL,CE,Towers with Display (VFR),0,9,55,0,64,0,12,333,0,345,0,21,388,0,409,300,0,300,709
08/11/2002,DPA,IL,AGL,CE,Towers with Display (VFR),0,2,59,0,61,0,1,274,4,279,0,3,333,4,340,372,0,372,712
08/12/2002,DPA,IL,AGL,CE,Towers with Display (VFR),0,12,109,0,121,0,5,338,0,343,0,17,447,0,464,299,0,299,763
08/13/2002,DPA,IL,AGL,CE,Towers with Display (VFR),0,12,85,0,97,0,1,86,0,87,0,13,171,0,184,122,0,122,306
08/14/2002,DPA,IL,AGL,CE,Towers with Display (VFR),0,18,146,0,164,0,2,313,0,315,0,20,459,0,479,309,0,309,788
08/15/2002,DPA,IL,AGL,CE,Towers with Display (VFR),0,15,122,0,137,0,6,274,0,280,0,21,396,0,417,206,0,206,623
08/16/2002,DPA,IL,AGL,CE,Towers with Display (VFR),0,12,119,0,131,0,15,329,0,344,0,27,448,0,475,299,0,299,774
08/17/2002,DPA,IL,AGL,CE,Towers with Display (VFR),0,5,66,0,71,0,1,134,0,135,0,6,200,0,206,140,0,140,346
08/18/2002,DPA,IL,AGL,CE,Towers with Display (VFR),0,13,118,0,131,0,4,324,0,328,0,17,442,0,459,246,0,246,705
08/19/2002,DPA,IL,AGL,CE,Towers with Display (VFR),0,18,109,0,127,0,0,208,0,208,0,18,317,0,335,138,0,138,473
08/20/2002,DPA,IL,AGL,CE,Towers with Display (VFR),0,16,116,0,132,0,4,364,0,368,0,20,480,0,500,332,0,332,832
08/21/2002,DPA,IL,AGL,CE,Towers with Display (VFR),0,12,135,0,147,0,0,288,0,288,0,12,423,0,435,162,0,162,597
08/22/2002,DPA,IL,AGL,CE,Towers with Display (VFR),0,20,79,0,99,0,0,85,0,85,0,20,164,0,184,66,0,66,250
08/23/2002,DPA,IL,AGL,CE,Towers with Display (VFR),0,16,108,0,124,0,0,12,0,12,0,16,120,0,136,4,0,4,140
08/24/2002,DPA,IL,AGL,CE,Towers with Display (VFR),0,2,99,0,101,0,3,160,0,163,0,5,259,0,264,196,0,196,460
08/25/2002,DPA,IL,AGL,CE,Towers with Display (VFR),0,7,71,0,78,0,4,301,0,305,0,11,372,0,383,264,0,264,647
08/26/2002,DPA,IL,AGL,CE,Towers with Display (VFR),0,12,111,0,123,0,0,217,0,217,0,12,328,0,340,268,0,268,608
08/27/2002,DPA,IL,AGL,CE,Towers with Display (VFR),0,14,87,0,101,0,0,295,0,295,0,14,382,0,396,298,0,298,694
08/28/2002,DPA,IL,AGL,CE,Towers with Display (VFR),0,8,110,0,118,0,4,385,0,389,0,12,495,0,507,328,0,328,835
08/29/2002,DPA,IL,AGL,CE,Towers with Display (VFR),0,23,92,0,115,0,11,273,0,284,0,34,365,0,399,322,0,322,721
08/30/2002,DPA,IL,AGL,CE,Towers with Display (VFR),0,10,89,0,99,0,14,271,1,286,0,24,360,1,385,122,0,122,507
08/31/2002,DPA,IL,AGL,CE,Towers with Display (VFR),0,3,80,0,83,0,5,272,0,277,0,8,352,0,360,222,0,222,582
09/01/2002,DPA,IL,AGL,CE,Towers with Display (VFR),0,2,77,0,79,0,4,313,0,317,0,6,390,0,396,273,0,273,669
09/02/2002,DPA,IL,AGL,CE,Towers with Display (VFR),0,3,65,0,68,0,2,142,0,144,0,5,207,0,212,138,0,138,350
09/03/2002,DPA,IL,AGL,CE,Towers with Display (VFR),0,8,89,0,97,0,23,275,0,298,0,31,364,0,395,149,0,149,544
09/04/2002,DPA,IL,AGL,CE,Towers with Display (VFR),0,9,100,0,109,0,3,301,0,304,0,12,401,0,413,212,0,212,625
09/05/2002,DPA,IL,AGL,CE,Towers with Display (VFR),0,15,94,0,109,0,5,310,2,317,0,20,404,2,426,168,14,182,608
09/06/2002,DPA,IL,AGL,CE,Towers with Display (VFR),0,18,116,0,134,0,5,280,0,285,0,23,396,0,419,172,0,172,591
09/07/2002,DPA,IL,AGL,CE,Towers with Display (VFR),0,4,43,0,47,0,5,309,0,314,0,9,352,0,361,254,0,254,615
09/08/2002,DPA,IL,AGL,CE,Towers with Display (VFR),0,17,60,0,77,0,4,342,0,346,0,21,402,0,423,216,0,216,639
09/09/2002,DPA,IL,AGL,CE,Towers with Display (VFR),0,14,97,0,111,0,2,222,0,224,0,16,319,0,335,188,0,188,523
09/10/2002,DPA,IL,AGL,CE,Towers with Display (VFR),0,9,108,0,117,0,6,225,0,231,0,15,333,0,348,186,0,186,534
09/11/2002,DPA,IL,AGL,CE,Towers with Display (VFR),0,5,81,0,86,0,2,245,0,247,0,7,326,0,333,251,0,251,584
09/12/2002,DPA,IL,AGL,CE,Towers with Display (VFR),0,17,103,2,122,0,0,278,0,278,0,17,381,2,400,208,0,208,608
09/13/2002,DPA,IL,AGL,CE,Towers with Display (VFR),0,8,80,1,89,0,2,288,3,293,0,10,368,4,382,276,0,276,658
09/14/2002,DPA,IL,AGL,CE,Towers with Display (VFR),0,9,60,0,69,0,16,322,2,340,0,25,382,2,409,310,10,320,729
09/15/2002,DPA,IL,AGL,CE,Towers with Display (VFR),0,7,64,1,72,0,0,240,0,240,0,7,304,1,312,274,0,274,586
09/16/2002,DPA,IL,AGL,CE,Towers with Display (VFR),0,6,81,0,87,0,4,335,0,339,0,10,416,0,426,192,0,192,618
09/17/2002,DPA,IL,AGL,CE,Towers with Display (VFR),0,6,102,0,108,0,0,346,0,346,0,6,448,0,454,232,0,232,686
09/18/2002,DPA,IL,AGL,CE,Towers with Display (VFR),0,8,113,0,121,0,2,201,0,203,0,10,314,0,324,232,0,232,556
09/19/2002,DPA,IL,AGL,CE,Towers with Display (VFR),0,15,96,0,111,0,2,133,0,135,0,17,229,0,246,51,0,51,297
09/20/2002,DPA,IL,AGL,CE,Towers with Display (VFR),0,7,116,0,123,0,8,85,0,93,0,15,201,0,216,66,0,66,282
09/21/2002,DPA,IL,AGL,CE,Towers with Display (VFR),0,5,48,0,53,0,0,323,0,323,0,5,371,0,376,250,0,250,626
09/22/2002,DPA,IL,AGL,CE,Towers with Display (VFR),0,7,46,0,53,0,0,301,0,301,0,7,347,0,354,365,0,365,719
09/23/2002,DPA,IL,AGL,CE,Towers with Display (VFR),0,11,98,0,109,0,3,268,0,271,0,14,366,0,380,154,0,154,534
09/24/2002,DPA,IL,AGL,CE,Towers with Display (VFR),0,14,95,0,109,0,5,262,0,267,0,19,357,0,376,125,0,125,501
09/25/2002,DPA,IL,AGL,CE,Towers with Display (VFR),0,23,85,0,108,0,3,231,8,242,0,26,316,8,350,234,0,234,584
09/26/2002,DPA,IL,AGL,CE,Towers with Display (VFR),0,21,104,0,125,0,7,240,0,247,0,28,344,0,372,240,10,250,622
09/27/2002,DPA,IL,AGL,CE,Towers with Display (VFR),0,7,130,0,137,0,0,126,0,126,0,7,256,0,263,76,0,76,339
09/28/2002,DPA,IL,AGL,CE,Towers with Display (VFR),0,11,73,0,84,0,1,212,3,216,0,12,285,3,300,339,0,339,639
09/29/2002,DPA,IL,AGL,CE,Towers with Display (VFR),0,6,80,0,86,0,0,208,1,209,0,6,288,1,295,323,0,323,618
09/30/2002,DPA,IL,AGL,CE,Towers with Display (VFR),0,5,83,0,88,0,0,205,1,206,0,5,288,1,294,106,0,106,400
10/01/2002,DPA,IL,AGL,CE,Towers with Display (VFR),0,12,91,0,103,0,2,185,1,188,0,14,276,1,291,124,0,124,415
10/02/2002,DPA,IL,AGL,CE,Towers with Display (VFR),0,15,96,0,111,0,3,33,0,36,0,18,129,0,147,48,0,48,195
10/03/2002,DPA,IL,AGL,CE,Towers with Display (VFR),0,16,119,0,135,0,0,35,0,35,0,16,154,0,170,24,0,24,194
10/04/2002,DPA,IL,AGL,CE,Towers with Display (VFR),0,16,57,0,73,0,3,50,0,53,0,19,107,0,126,9,0,9,135
10/05/2002,DPA,IL,AGL,CE,Towers with Display (VFR),0,7,39,0,46,0,6,319,0,325,0,13,358,0,371,386,0,386,757
10/06/2002,DPA,IL,AGL,CE,Towers with Display (VFR),0,7,48,0,55,0,4,157,0,161,0,11,205,0,216,142,0,142,358
10/07/2002,DPA,IL,AGL,CE,Towers with Display (VFR),0,7,57,0,64,0,0,184,0,184,0,7,241,0,248,137,0,137,385
10/08/2002,DPA,IL,AGL,CE,Towers with Display (VFR),0,18,99,0,117,0,0,254,0,254,0,18,353,0,371,208,0,208,579
10/09/2002,DPA,IL,AGL,CE,Towers with Display (VFR),0,25,97,0,122,0,12,219,2,233,0,37,316,2,355,171,4,175,530
10/10/2002,DPA,IL,AGL,CE,Towers with Display (VFR),0,20,130,0,150,0,10,261,0,271,0,30,391,0,421,134,0,134,555
10/11/2002,DPA,IL,AGL,CE,Towers with Display (VFR),0,6,78,1,85,0,0,338,0,338,0,6,416,1,423,227,0,227,650
10/12/2002,DPA,IL,AGL,CE,Towers with Display (VFR),0,4,128,0,132,0,21,78,0,99,0,25,206,0,231,177,0,177,408
10/13/2002,DPA,IL,AGL,CE,Towers with Display (VFR),0,1,47,0,48,0,1,251,1,253,0,2,298,1,301,204,0,204,505
10/14/2002,DPA,IL,AGL,CE,Towers with Display (VFR),0,6,94,0,100,0,4,310,0,314,0,10,404,0,414,222,0,222,636
10/15/2002,DPA,IL,AGL,CE,Towers with Display (VFR),0,18,111,0,129,0,10,313,0,323,0,28,424,0,452,344,0,344,796
10/16/2002,DPA,IL,AGL,CE,Towers with Display (VFR),0,15,87,0,102,0,15,239,2,256,0,30,326,2,358,194,0,194,552
10/17/2002,DPA,IL,AGL,CE,Towers with Display (VFR),0,14,84,0,98,0,7,111,0,118,0,21,195,0,216,152,0,152,368
10/18/2002,DPA,IL,AGL,CE,Towers with Display (VFR),0,12,91,1,104,0,3,155,4,162,0,15,246,5,266,170,0,170,436
10/19/2002,DPA,IL,AGL,CE,Towers with Display (VFR),0,9,70,0,79,0,14,308,0,322,0,23,378,0,401,338,0,338,739
10/20/2002,DPA,IL,AGL,CE,Towers with Display (VFR),0,5,55,0,60,0,6,267,0,273,0,11,322,0,333,342,0,342,675
10/21/2002,DPA,IL,AGL,CE,Towers with Display (VFR),0,8,71,0,79,0,4,203,0,207,0,12,274,0,286,308,0,308,594
10/22/2002,DPA,IL,AGL,CE,Towers with Display (VFR),0,9,91,0,100,0,4,208,8,220,0,13,299,8,320,246,0,246,566
10/23/2002,DPA,IL,AGL,CE,Towers with Display (VFR),0,17,103,0,120,0,4,154,6,164,0,21,257,6,284,202,0,202,486
10/24/2002,DPA,IL,AGL,CE,Towers with Display (VFR),0,9,105,2,116,0,9,102,0,111,0,18,207,2,227,172,0,172,399
10/25/2002,DPA,IL,AGL,CE,Towers with Display (VFR),0,11,108,1,120,0,4,21,0,25,0,15,129,1,145,12,0,12,157
10/26/2002,DPA,IL,AGL,CE,Towers with Display (VFR),0,4,77,0,81,0,7,160,0,167,0,11,237,0,248,288,0,288,536
10/27/2002,DPA,IL,AGL,CE,Towers with Display (VFR),0,0,66,0,66,0,0,259,0,259,0,0,325,0,325,415,0,415,740
10/28/2002,DPA,IL,AGL,CE,Towers with Display (VFR),0,8,74,0,82,0,0,214,0,214,0,8,288,0,296,323,0,323,619
10/29/2002,DPA,IL,AGL,CE,Towers with Display (VFR),0,10,89,0,99,0,5,121,0,126,0,15,210,0,225,156,0,156,381
10/30/2002,DPA,IL,AGL,CE,Towers with Display (VFR),0,9,113,0,122,0,1,215,0,216,0,10,328,0,338,243,0,243,581
10/31/2002,DPA,IL,AGL,CE,Towers with Display (VFR),0,10,106,0,116,0,0,225,2,227,0,10,331,2,343,170,0,170,513
11/01/2002,DPA,IL,AGL,CE,Towers with Display (VFR),1,20,57,0,78,0,11,279,0,290,1,31,336,0,368,311,0,311,679
11/02/2002,DPA,IL,AGL,CE,Towers with Display (VFR),0,7,44,0,51,0,10,281,0,291,0,17,325,0,342,325,0,325,667
11/03/2002,DPA,IL,AGL,CE,Towers with Display (VFR),0,11,66,0,77,0,3,219,0,222,0,14,285,0,299,356,0,356,655
11/04/2002,DPA,IL,AGL,CE,Towers with Display (VFR),0,12,83,0,95,0,2,199,0,201,0,14,282,0,296,275,0,275,571
11/05/2002,DPA,IL,AGL,CE,Towers with Display (VFR),0,18,73,0,91,0,6,4,0,10,0,24,77,0,101,0,0,0,101
11/06/2002,DPA,IL,AGL,CE,Towers with Display (VFR),0,13,87,0,100,0,8,166,13,187,0,21,253,13,287,192,10,202,489
11/07/2002,DPA,IL,AGL,CE,Towers with Display (VFR),0,19,100,0,119,0,5,268,0,273,0,24,368,0,392,245,0,245,637
11/08/2002,DPA,IL,AGL,CE,Towers with Display (VFR),0,15,75,0,90,0,19,211,0,230,0,34,286,0,320,288,0,288,608
11/09/2002,DPA,IL,AGL,CE,Towers with Display (VFR),0,3,55,0,58,0,0,191,0,191,0,3,246,0,249,294,0,294,543
11/10/2002,DPA,IL,AGL,CE,Towers with Display (VFR),0,3,97,0,100,0,0,43,0,43,0,3,140,0,143,132,0,132,275
11/11/2002,DPA,IL,AGL,CE,Towers with Display (VFR),0,14,67,0,81,0,2,36,0,38,0,16,103,0,119,36,0,36,155
11/12/2002,DPA,IL,AGL,CE,Towers with Display (VFR),0,18,88,1,107,0,9,185,0,194,0,27,273,1,301,186,10,196,497
11/13/2002,DPA,IL,AGL,CE,Towers with Display (VFR),0,8,103,0,111,0,0,284,0,284,0,8,387,0,395,247,0,247,642
11/14/2002,DPA,IL,AGL,CE,Towers with Display (VFR),0,26,91,0,117,0,0,168,0,168,0,26,259,0,285,124,0,124,409
11/15/2002,DPA,IL,AGL,CE,Towers with Display (VFR),0,20,72,0,92,0,3,196,0,199,0,23,268,0,291,145,0,145,436
11/16/2002,DPA,IL,AGL,CE,Towers with Display (VFR),0,11,44,0,55,0,5,263,0,268,0,16,307,0,323,264,0,264,587
11/17/2002,DPA,IL,AGL,CE,Towers with Display (VFR),0,0,34,0,34,0,14,241,0,255,0,14,275,0,289,276,0,276,565
11/18/2002,DPA,IL,AGL,CE,Towers with Display (VFR),0,8,73,0,81,0,3,201,0,204,0,11,274,0,285,163,0,163,448
11/19/2002,DPA,IL,AGL,CE,Towers with Display (VFR),0,10,90,0,100,0,8,293,0,301,0,18,383,0,401,324,0,324,725
11/20/2002,DPA,IL,AGL,CE,Towers with Display (VFR),0,6,83,6,95,0,9,242,2,253,0,15,325,8,348,214,0,214,562
11/21/2002,DPA,IL,AGL,CE,Towers with Display (VFR),0,7,105,0,112,0,2,88,0,90,0,9,193,0,202,74,0,74,276
11/22/2002,DPA,IL,AGL,CE,Towers with Display (VFR),0,11,82,0,93,0,5,252,3,260,0,16,334,3,353,203,0,203,556
11/23/2002,DPA,IL,AGL,CE,Towers with Display (VFR),0,1,48,0,49,0,5,331,0,336,0,6,379,0,385,266,0,266,651
11/24/2002,DPA,IL,AGL,CE,Towers with Display (VFR),0,5,43,0,48,0,0,192,0,192,0,5,235,0,240,307,0,307,547
11/25/2002,DPA,IL,AGL,CE,Towers with Display (VFR),0,13,86,0,99,0,1,207,8,216,0,14,293,8,315,144,0,144,459
11/26/2002,DPA,IL,AGL,CE,Towers with Display (VFR),0,16,88,0,104,0,9,76,0,85,0,25,164,0,189,70,0,70,259
11/27/2002,DPA,IL,AGL,CE,Towers with Display (VFR),0,5,82,0,87,0,5,218,0,223,0,10,300,0,310,207,0,207,517
11/28/2002,DPA,IL,AGL,CE,Towers with Display (VFR),0,3,16,0,19,0,2,68,0,70,0,5,84,0,89,56,0,56,145
11/29/2002,DPA,IL,AGL,CE,Towers with Display (VFR),0,8,30,0,38,0,4,120,0,124,0,12,150,0,162,84,0,84,246
11/30/2002,DPA,IL,AGL,CE,Towers with Display (VFR),0,0,38,0,38,0,0,30,0,30,0,0,68,0,68,30,0,30,98
12/01/2002,DPA,IL,AGL,CE,Towers with Display (VFR),0,4,65,0,69,0,1,166,0,167,0,5,231,0,236,184,0,184,420
12/02/2002,DPA,IL,AGL,CE,Towers with Display (VFR),0,5,83,0,88,0,5,58,0,63,0,10,141,0,151,8,0,8,159
12/03/2002,DPA,IL,AGL,CE,Towers with Display (VFR),0,13,109,0,122,0,6,67,0,73,0,19,176,0,195,34,0,34,229
12/04/2002,DPA,IL,AGL,CE,Towers with Display (VFR),0,9,86,0,95,0,3,193,0,196,0,12,279,0,291,178,0,178,469
12/05/2002,DPA,IL,AGL,CE,Towers with Display (VFR),0,6,118,0,124,0,1,302,0,303,0,7,420,0,427,265,0,265,692
12/06/2002,DPA,IL,AGL,CE,Towers with Display (VFR),0,8,78,0,86,0,2,215,0,217,0,10,293,0,303,215,0,215,518
12/07/2002,DPA,IL,AGL,CE,Towers with Display (VFR),0,10,89,0,99,0,0,313,0,313,0,10,402,0,412,252,0,252,664
12/08/2002,DPA,IL,AGL,CE,Towers with Display (VFR),0,7,52,0,59,0,0,184,0,184,0,7,236,0,243,184,0,184,427
12/09/2002,DPA,IL,AGL,CE,Towers with Display (VFR),0,8,72,0,80,0,5,205,0,210,0,13,277,0,290,116,0,116,406
12/10/2002,DPA,IL,AGL,CE,Towers with Display (VFR),0,11,95,0,106,0,6,320,0,326,0,17,415,0,432,335,0,335,767
12/11/2002,DPA,IL,AGL,CE,Towers with Display (VFR),0,14,119,0,133,0,6,312,11,329,0,20,431,11,462,325,0,325,787
12/12/2002,DPA,IL,AGL,CE,Towers with Display (VFR),0,9,81,0,90,0,3,154,0,157,0,12,235,0,247,122,0,122,369
12/13/2002,DPA,IL,AGL,CE,Towers with Display (VFR),0,21,63,0,84,0,0,15,0,15,0,21,78,0,99,94,0,94,193
12/14/2002,DPA,IL,AGL,CE,Towers with Display (VFR),0,2,60,0,62,0,6,70,0,76,0,8,130,0,138,152,0,152,290
12/15/2002,DPA,IL,AGL,CE,Towers with Display (VFR),0,3,48,0,51,0,1,297,0,298,0,4,345,0,349,299,0,299,648
12/16/2002,DPA,IL,AGL,CE,Towers with Display (VFR),0,10,90,0,100,0,3,253,4,260,0,13,343,4,360,103,0,103,463
12/17/2002,DPA,IL,AGL,CE,Towers with Display (VFR),0,14,116,0,130,0,10,74,0,84,0,24,190,0,214,36,0,36,250
12/18/2002,DPA,IL,AGL,CE,Towers with Display (VFR),0,15,69,0,84,0,5,12,0,17,0,20,81,0,101,1,0,1,102
12/19/2002,DPA,IL,AGL,CE,Towers with Display (VFR),0,14,116,0,130,0,0,184,0,184,0,14,300,0,314,189,0,189,503
12/20/2002,DPA,IL,AGL,CE,Towers with Display (VFR),0,6,77,0,83,0,9,103,0,112,0,15,180,0,195,110,0,110,305
12/21/2002,DPA,IL,AGL,CE,Towers with Display (VFR),0,2,39,0,41,0,3,133,0,136,0,5,172,0,177,111,0,111,288
12/22/2002,DPA,IL,AGL,CE,Towers with Display (VFR),0,0,37,0,37,0,0,99,0,99,0,0,136,0,136,140,0,140,276
12/23/2002,DPA,IL,AGL,CE,Towers with Display (VFR),0,5,48,0,53,0,1,167,0,168,0,6,215,0,221,160,0,160,381
12/24/2002,DPA,IL,AGL,CE,Towers with Display (VFR),0,10,22,0,32,0,0,158,0,158,0,10,180,0,190,172,0,172,362
12/25/2002,DPA,IL,AGL,CE,Towers with Display (VFR),0,8,9,0,17,0,7,5,0,12,0,15,14,0,29,2,0,2,31
12/26/2002,DPA,IL,AGL,CE,Towers with Display (VFR),0,9,67,0,76,0,0,150,0,150,0,9,217,0,226,141,0,141,367
12/27/2002,DPA,IL,AGL,CE,Towers with Display (VFR),0,12,59,0,71,0,3,189,0,192,0,15,248,0,263,268,0,268,531
12/28/2002,DPA,IL,AGL,CE,Towers with Display (VFR),0,12,54,0,66,0,4,52,0,56,0,16,106,0,122,152,0,152,274
12/29/2002,DPA,IL,AGL,CE,Towers with Display (VFR),0,6,59,0,65,0,2,167,0,169,0,8,226,0,234,206,0,206,440
12/30/2002,DPA,IL,AGL,CE,Towers with Display (VFR),0,1,43,0,44,0,4,74,0,78,0,5,117,0,122,136,0,136,258
12/31/2002,DPA,IL,AGL,CE,Towers with Display (VFR),0,5,31,0,36,0,10,231,0,241,0,15,262,0,277,250,0,250,527
01/01/2003,DPA,IL,AGL,CE,Towers with Display (VFR),0,2,41,0,43,0,6,45,0,51,0,8,86,0,94,78,0,78,172
01/02/2003,DPA,IL,AGL,CE,Towers with Display (VFR),0,1,39,0,40,0,10,113,0,123,0,11,152,0,163,88,0,88,251
01/03/2003,DPA,IL,AGL,CE,Towers with Display (VFR),0,6,43,0,49,0,8,295,2,305,0,14,338,2,354,275,14,289,643
01/04/2003,DPA,IL,AGL,CE,Towers with Display (VFR),0,5,55,0,60,0,0,323,0,323,0,5,378,0,383,395,0,395,778
01/05/2003,DPA,IL,AGL,CE,Towers with Display (VFR),0,5,29,0,34,0,0,0,0,0,0,5,29,0,34,0,0,0,34
01/06/2003,DPA,IL,AGL,CE,Towers with Display (VFR),0,9,52,0,61,0,10,224,2,236,0,19,276,2,297,201,0,201,498
01/07/2003,DPA,IL,AGL,CE,Towers with Display (VFR),0,10,62,2,74,0,2,167,0,169,0,12,229,2,243,138,0,138,381
01/08/2003,DPA,IL,AGL,CE,Towers with Display (VFR),0,25,65,0,90,0,9,273,0,282,0,34,338,0,372,198,0,198,570
01/09/2003,DPA,IL,AGL,CE,Towers with Display (VFR),0,8,96,0,104,0,11,166,2,179,0,19,262,2,283,62,6,68,351
01/10/2003,DPA,IL,AGL,CE,Towers with Display (VFR),0,17,75,2,94,0,18,130,4,152,0,35,205,6,246,88,0,88,334
01/11/2003,DPA,IL,AGL,CE,Towers with Display (VFR),0,3,44,0,47,0,0,255,0,255,0,3,299,0,302,278,0,278,580
01/12/2003,DPA,IL,AGL,CE,Towers with Display (VFR),0,6,41,0,47,0,0,286,0,286,0,6,327,0,333,246,0,246,579
01/13/2003,DPA,IL,AGL,CE,Towers with Display (VFR),0,8,71,0,79,0,3,191,0,194,0,11,262,0,273,183,0,183,456
01/14/2003,DPA,IL,AGL,CE,Towers with Display (VFR),0,6,70,2,78,0,1,154,0,155,0,7,224,2,233,138,0,138,371
01/15/2003,DPA,IL,AGL,CE,Towers with Display (VFR),0,8,69,3,80,0,6,195,0,201,0,14,264,3,281,235,0,235,516
01/16/2003,DPA,IL,AGL,CE,Towers with Display (VFR),0,15,69,0,84,0,6,188,0,194,0,21,257,0,278,278,0,278,556
01/17/2003,DPA,IL,AGL,CE,Towers with Display (VFR),0,14,104,0,118,0,8,284,0,292,0,22,388,0,410,222,0,222,632
01/18/2003,DPA,IL,AGL,CE,Towers with Display (VFR),0,3,37,0,40,0,0,53,2,55,0,3,90,2,95,195,0,195,290
01/19/2003,DPA,IL,AGL,CE,Towers with Display (VFR),0,6,31,0,37,0,3,117,0,120,0,9,148,0,157,124,0,124,281
01/20/2003,DPA,IL,AGL,CE,Towers with Display (VFR),0,10,61,0,71,0,12,177,0,189,0,22,238,0,260,271,0,271,531
01/21/2003,DPA,IL,AGL,CE,Towers with Display (VFR),0,11,70,0,81,0,6,206,0,212,0,17,276,0,293,264,0,264,557
01/22/2003,DPA,IL,AGL,CE,Towers with Display (VFR),0,12,86,0,98,0,13,150,0,163,0,25,236,0,261,149,0,149,410
01/23/2003,DPA,IL,AGL,CE,Towers with Display (VFR),0,7,70,0,77,0,6,103,0,109,0,13,173,0,186,24,0,24,210
01/24/2003,DPA,IL,AGL,CE,Towers with Display (VFR),0,11,104,0,115,0,22,239,0,261,0,33,343,0,376,238,0,238,614
01/25/2003,DPA,IL,AGL,CE,Towers with Display (VFR),0,5,43,0,48,0,21,244,0,265,0,26,287,0,313,328,0,328,641
01/26/2003,DPA,IL,AGL,CE,Towers with Display (VFR),0,2,59,0,61,0,9,180,0,189,0,11,239,0,250,109,0,109,359
01/27/2003,DPA,IL,AGL,CE,Towers with Display (VFR),0,14,66,0,80,0,11,118,0,129,0,25,184,0,209,124,0,124,333
01/28/2003,DPA,IL,AGL,CE,Towers with Display (VFR),0,10,64,0,74,0,11,27,0,38,0,21,91,0,112,2,0,2,114
01/29/2003,DPA,IL,AGL,CE,Towers with Display (VFR),0,11,49,0,60,0,4,243,0,247,0,15,292,0,307,363,0,363,670
01/30/2003,DPA,IL,AGL,CE,Towers with Display (VFR),0,11,99,6,116,0,1,188,1,190,0,12,287,7,306,265,0,265,571
01/31/2003,DPA,IL,AGL,CE,Towers with Display (VFR),0,6,30,0,36,0,0,0,0,0,0,6,30,0,36,0,0,0,36
02/01/2003,DPA,IL,AGL,CE,Towers with Display (VFR),0,5,41,0,46,0,0,11,0,11,0,5,52,0,57,93,0,93,150
02/02/2003,DPA,IL,AGL,CE,Towers with Display (VFR),0,2,32,0,34,0,0,8,0,8,0,2,40,0,42,71,0,71,113
02/03/2003,DPA,IL,AGL,CE,Towers with Display (VFR),0,5,36,0,41,0,0,0,0,0,0,5,36,0,41,0,0,0,41
02/04/2003,DPA,IL,AGL,CE,Towers with Display (VFR),0,11,82,0,93,0,18,77,4,99,0,29,159,4,192,119,0,119,311
02/05/2003,DPA,IL,AGL,CE,Towers with Display (VFR),0,11,92,0,103,0,3,267,0,270,0,14,359,0,373,167,0,167,540
02/06/2003,DPA,IL,AGL,CE,Towers with Display (VFR),0,10,84,0,94,0,14,169,0,183,0,24,253,0,277,211,0,211,488
02/07/2003,DPA,IL,AGL,CE,Towers with Display (VFR),0,11,61,0,72,0,4,206,0,210,0,15,267,0,282,223,0,223,505
02/08/2003,DPA,IL,AGL,CE,Towers with Display (VFR),0,8,33,0,41,0,1,109,0,110,0,9,142,0,151,248,0,248,399
02/09/2003,DPA,IL,AGL,CE,Towers with Display (VFR),0,8,44,0,52,0,15,303,0,318,0,23,347,0,370,280,0,280,650
02/10/2003,DPA,IL,AGL,CE,Towers with Display (VFR),0,6,66,0,72,0,7,94,0,101,0,13,160,0,173,206,0,206,379
02/11/2003,DPA,IL,AGL,CE,Towers with Display (VFR),0,8,66,0,74,0,19,57,2,78,0,27,123,2,152,119,0,119,271
02/12/2003,DPA,IL,AGL,CE,Towers with Display (VFR),0,5,96,0,101,0,3,185,0,188,0,8,281,0,289,158,0,158,447
02/13/2003,DPA,IL,AGL,CE,Towers with Display (VFR),0,13,84,4,101,0,4,226,0,230,0,17,310,4,331,167,0,167,498
02/14/2003,DPA,IL,AGL,CE,Towers with Display (VFR),0,9,74,0,83,0,3,118,0,121,0,12,192,0,204,136,0,136,340
02/15/2003,DPA,IL,AGL,CE,Towers with Display (VFR),0,2,24,0,26,0,0,67,0,67,0,2,91,0,93,122,0,122,215
02/16/2003,DPA,IL,AGL,CE,Towers with Display (VFR),0,2,46,0,48,0,0,155,4,159,0,2,201,4,207,217,0,217,424
02/17/2003,DPA,IL,AGL,CE,Towers with Display (VFR),0,5,75,0,80,0,0,99,0,99,0,5,174,0,179,190,0,190,369
02/18/2003,DPA,IL,AGL,CE,Towers with Display (VFR),0,16,83,0,99,0,2,53,0,55,0,18,136,0,154,76,0,76,230
02/19/2003,DPA,IL,AGL,CE,Towers with Display (VFR),0,19,92,0,111,0,0,293,0,293,0,19,385,0,404,166,0,166,570
02/20/2003,DPA,IL,AGL,CE,Towers with Display (VFR),0,30,83,0,113,0,2,280,2,284,0,32,363,2,397,254,7,261,658
02/21/2003,DPA,IL,AGL,CE,Towers with Display (VFR),0,16,98,0,114,0,3,275,0,278,0,19,373,0,392,325,0,325,717
02/22/2003,DPA,IL,AGL,CE,Towers with Display (VFR),0,2,29,0,31,0,0,15,0,15,0,2,44,0,46,36,0,36,82
02/23/2003,DPA,IL,AGL,CE,Towers with Display (VFR),0,7,66,0,73,0,2,289,0,291,0,9,355,0,364,446,0,446,810
02/24/2003,DPA,IL,AGL,CE,Towers with Display (VFR),0,6,85,0,91,0,8,64,0,72,0,14,149,0,163,93,0,93,256
02/25/2003,DPA,IL,AGL,CE,Towers with Display (VFR),0,9,80,1,90,0,25,165,1,191,0,34,245,2,281,150,0,150,431
02/26/2003,DPA,IL,AGL,CE,Towers with Display (VFR),0,6,86,0,92,0,12,212,0,224,0,18,298,0,316,226,0,226,542
02/27/2003,DPA,IL,AGL,CE,Towers with Display (VFR),0,7,95,0,102,0,0,257,6,263,0,7,352,6,365,259,0,259,624
02/28/2003,DPA,IL,AGL,CE,Towers with Display (VFR),0,9,82,0,91,0,14,255,0,269,0,23,337,0,360,214,0,214,574
03/01/2003,DPA,IL,AGL,CE,Towers with Display (VFR),0,2,50,0,52,0,12,184,0,196,0,14,234,0,248,350,0,350,598
03/02/2003,DPA,IL,AGL,CE,Towers with Display (VFR),0,1,42,0,43,0,0,85,2,87,0,1,127,2,130,104,0,104,234
03/03/2003,DPA,IL,AGL,CE,Towers with Display (VFR),0,10,95,0,105,0,0,41,0,41,0,10,136,0,146,64,0,64,210
03/04/2003,DPA,IL,AGL,CE,Towers with Display (VFR),0,13,71,0,84,0,0,42,0,42,0,13,113,0,126,10,0,10,136
03/05/2003,DPA,IL,AGL,CE,Towers with Display (VFR),0,22,61,0,83,0,0,106,0,106,0,22,167,0,189,92,0,92,281
03/06/2003,DPA,IL,AGL,CE,Towers with Display (VFR),0,18,78,0,96,0,0,214,0,214,0,18,292,0,310,223,0,223,533
03/07/2003,DPA,IL,AGL,CE,Towers with Display (VFR),0,11,94,0,105,0,4,194,0,198,0,15,288,0,303,247,0,247,550
03/08/2003,DPA,IL,AGL,CE,Towers with Display (VFR),0,8,57,0,65,0,0,62,0,62,0,8,119,0,127,224,0,224,351
03/09/2003,DPA,IL,AGL,CE,Towers with Display (VFR),0,3,52,0,55,0,4,237,0,241,0,7,289,0,296,205,0,205,501
03/10/2003,DPA,IL,AGL,CE,Towers with Display (VFR),0,9,78,0,87,0,7,159,0,166,0,16,237,0,253,136,0,136,389
03/11/2003,DPA,IL,AGL,CE,Towers with Display (VFR),0,15,59,0,74,0,5,163,0,168,0,20,222,0,242,114,0,114,356
03/12/2003,DPA,IL,AGL,CE,Towers with Display (VFR),0,9,78,0,87,0,0,149,2,151,0,9,227,2,238,231,0,231,469
03/13/2003,DPA,IL,AGL,CE,Towers with Display (VFR),0,22,83,0,105,0,4,161,0,165,0,26,244,0,270,170,0,170,440
03/14/2003,DPA,IL,AGL,CE,Towers with Display (VFR),0,11,86,0,97,0,7,296,0,303,0,18,382,0,400,196,0,196,596
03/15/2003,DPA,IL,AGL,CE,Towers with Display (VFR),0,4,49,0,53,0,2,44,0,46,0,6,93,0,99,103,0,103,202
03/16/2003,DPA,IL,AGL,CE,Towers with Display (VFR),0,3,54,0,57,0,5,167,0,172,0,8,221,0,229,342,0,342,571
03/17/2003,DPA,IL,AGL,CE,Towers with Display (VFR),0,13,100,0,113,0,0,184,0,184,0,13,284,0,297,186,0,186,483
03/18/2003,DPA,IL,AGL,CE,Towers with Display (VFR),0,18,86,2,106,0,2,35,0,37,0,20,121,2,143,36,0,36,179
03/19/2003,DPA,IL,AGL,CE,Towers with Display (VFR),0,19,67,0,86,0,3,53,0,56,0,22,120,0,142,20,0,20,162
03/20/2003,DPA,IL,AGL,CE,Towers with Display (VFR),0,24,75,2,101,0,4,102,0,106,0,28,177,2,207,79,0,79,286
03/21/2003,DPA,IL,AGL,CE,Towers with Display (VFR),0,15,74,0,89,0,13,133,0,146,0,28,207,0,235,110,0,110,345
03/22/2003,DPA,IL,AGL,CE,Towers with Display (VFR),0,4,61,0,65,0,2,182,0,184,0,6,243,0,249,309,0,309,558
03/23/2003,DPA,IL,AGL,CE,Towers with Display (VFR),0,1,75,0,76,0,4,337,0,341,0,5,412,0,417,438,0,438,855
03/24/2003,DPA,IL,AGL,CE,Towers with Display (VFR),0,3,75,0,78,0,1,179,0,180,0,4,254,0,258,274,0,274,532
03/25/2003,DPA,IL,AGL,CE,Towers with Display (VFR),0,3,77,0,80,0,3,219,0,222,0,6,296,0,302,140,0,140,442
03/26/2003,DPA,IL,AGL,CE,Towers with Display (VFR),0,6,81,0,87,0,0,220,0,220,0,6,301,0,307,132,0,132,439
03/27/2003,DPA,IL,AGL,CE,Towers with Display (VFR),0,6,64,0,70,0,23,181,0,204,0,29,245,0,274,153,0,153,427
03/28/2003,DPA,IL,AGL,CE,Towers with Display (VFR),0,9,89,0,98,0,34,38,0,72,0,43,127,0,170,24,0,24,194
03/29/2003,DPA,IL,AGL,CE,Towers with Display (VFR),0,6,54,0,60,0,7,210,0,217,0,13,264,0,277,276,0,276,553
03/30/2003,DPA,IL,AGL,CE,Towers with Display (VFR),0,4,66,0,70,0,5,281,0,286,0,9,347,0,356,409,0,409,765
03/31/2003,DPA,IL,AGL,CE,Towers with Display (VFR),0,6,66,0,72,0,1,175,2,178,0,7,241,2,250,84,0,84,334
04/01/2003,DPA,IL,AGL,CE,Towers with Display (VFR),0,8,70,0,78,0,6,217,2,225,0,14,287,2,303,150,0,150,453
04/02/2003,DPA,IL,AGL,CE,Towers with Display (VFR),0,12,73,0,85,0,0,253,0,253,0,12,326,0,338,116,0,116,454
04/03/2003,DPA,IL,AGL,CE,Towers with Display (VFR),0,8,81,0,89,0,0,13,1,14,0,8,94,1,103,0,0,0,103
04/04/2003,DPA,IL,AGL,CE,Towers with Display (VFR),0,9,59,0,68,0,0,4,0,4,0,9,63,0,72,0,0,0,72
04/05/2003,DPA,IL,AGL,CE,Towers with Display (VFR),0,6,54,0,60,0,0,216,0,216,0,6,270,0,276,350,0,350,626
04/06/2003,DPA,IL,AGL,CE,Towers with Display (VFR),0,18,54,0,72,0,8,180,0,188,0,26,234,0,260,199,0,199,459
04/07/2003,DPA,IL,AGL,CE,Towers with Display (VFR),0,12,74,0,86,0,0,4,0,4,0,12,78,0,90,0,0,0,90
04/08/2003,DPA,IL,AGL,CE,Towers with Display (VFR),0,8,64,0,72,0,0,38,0,38,0,8,102,0,110,52,0,52,162
04/09/2003,DPA,IL,AGL,CE,Towers with Display (VFR),0,15,109,0,124,0,3,269,0,272,0,18,378,0,396,429,0,429,825
04/10/2003,DPA,IL,AGL,CE,Towers with Display (VFR),0,23,94,0,117,0,0,275,0,275,0,23,369,0,392,307,0,307,699
04/11/2003,DPA,IL,AGL,CE,Towers with Display (VFR),0,13,74,0,87,0,0,310,0,310,0,13,384,0,397,250,0,250,647
04/12/2003,DPA,IL,AGL,CE,Towers with Display (VFR),0,4,32,0,36,0,14,345,4,363,0,18,377,4,399,299,0,299,698
04/13/2003,DPA,IL,AGL,CE,Towers with Display (VFR),0,5,45,0,50,0,0,334,0,334,0,5,379,0,384,331,0,331,715
04/14/2003,DPA,IL,AGL,CE,Towers with Display (VFR),0,6,45,0,51,0,1,205,0,206,0,7,250,0,257,125,0,125,382
04/15/2003,DPA,IL,AGL,CE,Towers with Display (VFR),0,10,68,0,78,0,0,187,4,191,0,10,255,4,269,34,0,34,303
04/16/2003,DPA,IL,AGL,CE,Towers with Display (VFR),0,14,81,0,95,0,2,150,0,152,0,16,231,0,247,145,0,145,392
04/17/2003,DPA,IL,AGL,CE,Towers with Display (VFR),0,16,87,0,103,0,2,94,3,99,0,18,181,3,202,158,0,158,360
04/18/2003,DPA,IL,AGL,CE,Towers with Display (VFR),0,6,90,0,96,0,0,191,0,191,0,6,281,0,287,346,0,346,633
04/19/2003,DPA,IL,AGL,CE,Towers with Display (VFR),0,11,20,0,31,0,3,130,0,133,0,14,150,0,164,356,0,356,520
04/20/2003,DPA,IL,AGL,CE,Towers with Display (VFR),2,6,47,0,55,0,3,71,0,74,2,9,118,0,129,68,0,68,197
04/21/2003,DPA,IL,AGL,CE,Towers with Display (VFR),0,12,84,0,96,0,2,107,0,109,0,14,191,0,205,139,0,139,344
04/22/2003,DPA,IL,AGL,CE,Towers with Display (VFR),0,11,101,0,112,0,4,284,0,288,0,15,385,0,400,323,0,323,723
04/23/2003,DPA,IL,AGL,CE,Towers with Display (VFR),0,18,89,0,107,0,7,359,0,366,0,25,448,0,473,314,0,314,787
04/24/2003,DPA,IL,AGL,CE,Towers with Display (VFR),0,12,103,3,118,0,7,269,0,276,0,19,372,3,394,296,0,296,690
04/25/2003,DPA,IL,AGL,CE,Towers with Display (VFR),0,7,81,0,88,0,0,230,0,230,0,7,311,0,318,334,0,334,652
04/26/2003,DPA,IL,AGL,CE,Towers with Display (VFR),0,4,57,0,61,0,0,381,0,381,0,4,438,0,442,454,0,454,896
04/27/2003,DPA,IL,AGL,CE,Towers with Display (VFR),0,5,41,0,46,0,1,337,0,338,0,6,378,0,384,356,0,356,740
04/28/2003,DPA,IL,AGL,CE,Towers with Display (VFR),0,6,76,0,82,0,3,263,1,267,0,9,339,1,349,21,0,21,370
04/29/2003,DPA,IL,AGL,CE,Towers with Display (VFR),0,18,82,0,100,0,3,244,0,247,0,21,326,0,347,264,0,264,611
04/30/2003,DPA,IL,AGL,CE,Towers with Display (VFR),0,5,86,0,91,0,0,12,0,12,0,5,98,0,103,0,0,0,103
05/01/2003,DPA,IL,AGL,CE,Towers with Display (VFR),0,10,96,0,106,0,1,0,0,1,0,11,96,0,107,0,0,0,107
05/02/2003,DPA,IL,AGL,CE,Towers with Display (VFR),0,6,95,2,103,0,1,299,0,300,0,7,394,2,403,372,0,372,775
05/03/2003,DPA,IL,AGL,CE,Towers with Display (VFR),0,90,39,0,129,0,9,404,0,413,0,99,443,0,542,389,0,389,931
05/04/2003,DPA,IL,AGL,CE,Towers with Display (VFR),0,15,48,0,63,0,1,187,0,188,0,16,235,0,251,237,0,237,488
05/05/2003,DPA,IL,AGL,CE,Towers with Display (VFR),0,2,60,0,62,0,1,76,3,80,0,3,136,3,142,110,0,110,252
05/06/2003,DPA,IL,AGL,CE,Towers with Display (VFR),0,6,98,0,104,0,0,246,4,250,0,6,344,4,354,317,0,317,671
05/07/2003,DPA,IL,AGL,CE,Towers with Display (VFR),0,20,82,0,102,0,4,203,0,207,0,24,285,0,309,429,0,429,738
05/08/2003,DPA,IL,AGL,CE,Towers with Display (VFR),0,15,124,0,139,0,4,31,11,46,0,19,155,11,185,180,0,180,365
05/09/2003,DPA,IL,AGL,CE,Towers with Display (VFR),0,17,103,0,120,0,24,144,1,169,0,41,247,1,289,274,0,274,563
05/10/2003,DPA,IL,AGL,CE,Towers with Display (VFR),0,6,22,0,28,0,2,73,3,78,0,8,95,3,106,309,0,309,415
05/11/2003,DPA,IL,AGL,CE,Towers with Display (VFR),0,4,23,1,28,0,0,5,0,5,0,4,28,1,33,2,0,2,35
05/12/2003,DPA,IL,AGL,CE,Towers with Display (VFR),0,11,69,0,80,0,1,182,0,183,0,12,251,0,263,230,0,230,493
05/13/2003,DPA,IL,AGL,CE,Towers with Display (VFR),0,5,104,0,109,0,32,371,0,403,0,37,475,0,512,289,3,292,804
05/14/2003,DPA,IL,AGL,CE,Towers with Display (VFR),0,19,90,0,109,0,4,156,4,164,0,23,246,4,273,94,4,98,371
05/15/2003,DPA,IL,AGL,CE,Towers with Display (VFR),0,17,105,0,122,0,7,176,2,185,0,24,281,2,307,338,0,338,645
05/16/2003,DPA,IL,AGL,CE,Towers with Display (VFR),0,13,90,0,103,0,6,253,3,262,0,19,343,3,365,324,0,324,689
05/17/2003,DPA,IL,AGL,CE,Towers with Display (VFR),0,6,49,0,55,0,14,272,6,292,0,20,321,6,347,461,0,461,808
05/18/2003,DPA,IL,AGL,CE,Towers with Display (VFR),0,9,68,0,77,0,3,238,2,243,0,12,306,2,320,303,0,303,623
05/19/2003,DPA,IL,AGL,CE,Towers with Display (VFR),0,15,114,0,129,0,0,32,0,32,0,15,146,0,161,42,0,42,203
05/20/2003,DPA,IL,AGL,CE,Towers with Display (VFR),0,15,74,0,89,0,3,205,0,208,0,18,279,0,297,226,0,226,523
05/21/2003,DPA,IL,AGL,CE,Towers with Display (VFR),0,7,72,0,79,0,0,345,0,345,0,7,417,0,424,32,0,32,456
05/22/2003,DPA,IL,AGL,CE,Towers with Display (VFR),0,13,121,0,134,0,0,260,8,268,0,13,381,8,402,175,0,175,577
05/23/2003,DPA,IL,AGL,CE,Towers with Display (VFR),0,16,125,0,141,0,1,342,0,343,0,17,467,0,484,287,0,287,771
05/24/2003,DPA,IL,AGL,CE,Towers with Display (VFR),0,7,36,0,43,0,5,242,4,251,0,12,278,4,294,336,0,336,630
05/25/2003,DPA,IL,AGL,CE,Towers with Display (VFR),0,5,48,0,53,0,6,202,0,208,0,11,250,0,261,206,0,206,467
05/26/2003,DPA,IL,AGL,CE,Towers with Display (VFR),0,3,55,0,58,0,0,290,0,290,0,3,345,0,348,345,0,345,693
05/27/2003,DPA,IL,AGL,CE,Towers with Display (VFR),0,4,83,0,87,0,2,244,0,246,0,6,327,0,333,265,0,265,598
05/28/2003,DPA,IL,AGL,CE,Towers with Display (VFR),0,15,84,0,99,0,4,85,0,89,0,19,169,0,188,160,0,160,348
05/29/2003,DPA,IL,AGL,CE,Towers with Display (VFR),0,16,88,0,104,0,0,244,0,244,0,16,332,0,348,274,0,274,622
05/30/2003,DPA,IL,AGL,CE,Towers with Display (VFR),0,9,65,0,74,0,0,144,0,144,0,9,209,0,218,128,0,128,346
05/31/2003,DPA,IL,AGL,CE,Towers with Display (VFR),0,2,41,0,43,0,1,54,0,55,0,3,95,0,98,62,0,62,160
06/01/2003,DPA,IL,AGL,CE,Towers with Display (VFR),0,11,53,0,64,0,4,381,0,385,0,15,434,0,449,309,0,309,758
06/02/2003,DPA,IL,AGL,CE,Towers with Display (VFR),0,12,53,0,65,0,3,220,0,223,0,15,273,0,288,221,0,221,509
06/03/2003,DPA,IL,AGL,CE,Towers with Display (VFR),0,12,78,0,90,0,2,186,0,188,0,14,264,0,278,266,2,268,546
06/04/2003,DPA,IL,AGL,CE,Towers with Display (VFR),0,15,78,0,93,0,7,249,0,256,0,22,327,0,349,248,0,248,597
06/05/2003,DPA,IL,AGL,CE,Towers with Display (VFR),0,14,81,0,95,0,6,301,8,315,0,20,382,8,410,300,0,300,710
06/06/2003,DPA,IL,AGL,CE,Towers with Display (VFR),0,6,76,0,82,0,3,182,2,187,0,9,258,2,269,152,0,152,421
06/07/2003,DPA,IL,AGL,CE,Towers with Display (VFR),0,3,66,0,69,0,4,290,0,294,0,7,356,0,363,223,0,223,586
06/08/2003,DPA,IL,AGL,CE,Towers with Display (VFR),0,7,132,0,139,0,0,10,0,10,0,7,142,0,149,119,0,119,268
06/09/2003,DPA,IL,AGL,CE,Towers with Display (VFR),0,7,62,0,69,0,12,293,2,307,0,19,355,2,376,317,0,317,693
06/10/2003,DPA,IL,AGL,CE,Towers with Display (VFR),0,3,77,0,80,0,7,88,0,95,0,10,165,0,175,92,0,92,267
06/11/2003,DPA,IL,AGL,CE,Towers with Display (VFR),0,10,122,1,133,0,5,97,6,108,0,15,219,7,241,129,0,129,370
06/12/2003,DPA,IL,AGL,CE,Towers with Display (VFR),0,5,123,0,128,0,7,175,2,184,0,12,298,2,312,261,0,261,573
06/13/2003,DPA,IL,AGL,CE,Towers with Display (VFR),0,10,104,0,114,0,8,149,0,157,0,18,253,0,271,314,0,314,585
06/14/2003,DPA,IL,AGL,CE,Towers with Display (VFR),0,6,40,0,46,0,4,313,0,317,0,10,353,0,363,259,0,259,622
06/15/2003,DPA,IL,AGL,CE,Towers with Display (VFR),0,4,55,0,59,0,1,316,0,317,0,5,371,0,376,206,0,206,582
06/16/2003,DPA,IL,AGL,CE,Towers with Display (VFR),0,10,84,0,94,0,12,334,0,346,0,22,418,0,440,269,0,269,709
06/17/2003,DPA,IL,AGL,CE,Towers with Display (VFR),0,15,79,0,94,0,13,292,0,305,0,28,371,0,399,302,0,302,701
06/18/2003,DPA,IL,AGL,CE,Towers with Display (VFR),0,15,125,0,140,0,0,181,0,181,0,15,306,0,321,189,0,189,510
06/19/2003,DPA,IL,AGL,CE,Towers with Display (VFR),0,12,105,0,117,0,0,300,0,300,0,12,405,0,417,222,0,222,639
06/20/2003,DPA,IL,AGL,CE,Towers with Display (VFR),0,4,93,0,97,0,2,342,1,345,0,6,435,1,442,162,0,162,604
06/21/2003,DPA,IL,AGL,CE,Towers with Display (VFR),0,8,53,0,61,0,3,365,0,368,0,11,418,0,429,360,0,360,789
06/22/2003,DPA,IL,AGL,CE,Towers with Display (VFR),0,18,70,0,88,0,11,322,0,333,0,29,392,0,421,274,0,274,695
06/23/2003,DPA,IL,AGL,CE,Towers with Display (VFR),0,9,90,0,99,0,0,262,0,262,0,9,352,0,361,344,0,344,705
06/24/2003,DPA,IL,AGL,CE,Towers with Display (VFR),0,28,99,0,127,0,6,249,0,255,0,34,348,0,382,268,0,268,650
06/25/2003,DPA,IL,AGL,CE,Towers with Display (VFR),0,16,121,0,137,0,2,217,0,219,0,18,338,0,356,190,0,190,546
06/26/2003,DPA,IL,AGL,CE,Towers with Display (VFR),0,20,110,0,130,0,3,135,0,138,0,23,245,0,268,73,0,73,341
06/27/2003,DPA,IL,AGL,CE,Towers with Display (VFR),0,28,78,0,106,0,6,333,2,341,0,34,411,2,447,284,0,284,731
06/28/2003,DPA,IL,AGL,CE,Towers with Display (VFR),0,13,55,0,68,0,6,201,0,207,0,19,256,0,275,303,0,303,578
06/29/2003,DPA,IL,AGL,CE,Towers with Display (VFR),0,8,59,0,67,0,1,355,0,356,0,9,414,0,423,276,0,276,699
06/30/2003,DPA,IL,AGL,CE,Towers with Display (VFR),0,8,77,0,85,0,4,260,0,264,0,12,337,0,349,338,0,338,687
07/01/2003,DPA,IL,AGL,CE,Towers with Display (VFR),0,24,74,0,98,0,7,275,0,282,0,31,349,0,380,272,0,272,652
07/02/2003,DPA,IL,AGL,CE,Towers with Display (VFR),0,26,78,2,106,0,0,246,4,250,0,26,324,6,356,262,0,262,618
07/03/2003,DPA,IL,AGL,CE,Towers with Display (VFR),0,6,55,0,61,0,4,260,0,264,0,10,315,0,325,166,0,166,491
07/04/2003,DPA,IL,AGL,CE,Towers with Display (VFR),0,7,28,0,35,0,8,136,0,144,0,15,164,0,179,152,0,152,331
07/05/2003,DPA,IL,AGL,CE,Towers with Display (VFR),0,1,51,0,52,0,7,163,0,170,0,8,214,0,222,255,0,255,477
07/06/2003,DPA,IL,AGL,CE,Towers with Display (VFR),0,3,68,0,71,0,0,137,0,137,0,3,205,0,208,313,0,313,521
07/07/2003,DPA,IL,AGL,CE,Towers with Display (VFR),0,5,68,0,73,0,1,130,0,131,0,6,198,0,204,83,0,83,287
07/08/2003,DPA,IL,AGL,CE,Towers with Display (VFR),0,7,65,0,72,0,0,45,0,45,0,7,110,0,117,93,0,93,210
07/09/2003,DPA,IL,AGL,CE,Towers with Display (VFR),0,16,79,0,95,0,2,141,0,143,0,18,220,0,238,249,0,249,487
07/10/2003,DPA,IL,AGL,CE,Towers with Display (VFR),0,12,105,0,117,0,0,163,0,163,0,12,268,0,280,170,0,170,450
07/11/2003,DPA,IL,AGL,CE,Towers with Display (VFR),0,16,87,0,103,0,31,255,4,290,0,47,342,4,393,338,0,338,731
07/12/2003,DPA,IL,AGL,CE,Towers with Display (VFR),0,12,51,0,63,0,3,327,0,330,0,15,378,0,393,341,0,341,734
07/13/2003,DPA,IL,AGL,CE,Towers with Display (VFR),0,5,69,0,74,0,5,439,0,444,0,10,508,0,518,312,0,312,830
07/14/2003,DPA,IL,AGL,CE,Towers with Display (VFR),0,9,90,0,99,0,7,263,0,270,0,16,353,0,369,347,0,347,716
07/15/2003,DPA,IL,AGL,CE,Towers with Display (VFR),0,5,109,0,114,0,4,244,0,248,0,9,353,0,362,212,0,212,574
07/16/2003,DPA,IL,AGL,CE,Towers with Display (VFR),0,10,70,0,80,0,1,347,0,348,0,11,417,0,428,328,0,328,756
07/17/2003,DPA,IL,AGL,CE,Towers with Display (VFR),0,6,93,0,99,0,3,294,0,297,0,9,387,0,396,204,0,204,600
07/18/2003,DPA,IL,AGL,CE,Towers with Display (VFR),0,5,85,0,90,0,6,300,0,306,0,11,385,0,396,389,0,389,785
07/19/2003,DPA,IL,AGL,CE,Towers with Display (VFR),0,4,53,0,57,0,2,386,0,388,0,6,439,0,445,404,0,404,849
07/20/2003,DPA,IL,AGL,CE,Towers with Display (VFR),0,6,55,0,61,0,3,161,0,164,0,9,216,0,225,230,0,230,455
07/21/2003,DPA,IL,AGL,CE,Towers with Display (VFR),0,5,71,0,76,0,3,200,0,203,0,8,271,0,279,235,0,235,514
07/22/2003,DPA,IL,AGL,CE,Towers with Display (VFR),0,11,95,0,106,0,10,154,0,164,0,21,249,0,270,217,0,217,487
07/23/2003,DPA,IL,AGL,CE,Towers with Display (VFR),0,13,88,0,101,0,3,379,10,392,0,16,467,10,493,200,0,200,693
07/24/2003,DPA,IL,AGL,CE,Towers with Display (VFR),0,14,103,0,117,0,6,320,0,326,0,20,423,0,443,233,0,233,676
07/25/2003,DPA,IL,AGL,CE,Towers with Display (VFR),0,12,76,0,88,0,1,282,0,283,0,13,358,0,371,304,0,304,675
07/26/2003,DPA,IL,AGL,CE,Towers with Display (VFR),0,7,39,0,46,0,11,133,0,144,0,18,172,0,190,140,0,140,330
07/27/2003,DPA,IL,AGL,CE,Towers with Display (VFR),0,5,68,0,73,0,12,168,0,180,0,17,236,0,253,371,0,371,624
07/28/2003,DPA,IL,AGL,CE,Towers with Display (VFR),0,5,104,0,109,0,4,173,3,180,0,9,277,3,289,266,0,266,555
07/29/2003,DPA,IL,AGL,CE,Towers with Display (VFR),0,12,100,0,112,0,1,356,0,357,0,13,456,0,469,280,0,280,749
07/30/2003,DPA,IL,AGL,CE,Towers with Display (VFR),0,16,112,0,128,0,6,279,0,285,0,22,391,0,413,420,0,420,833
07/31/2003,DPA,IL,AGL,CE,Towers with Display (VFR),0,21,83,0,104,0,6,271,0,277,0,27,354,0,381,245,0,245,626
08/01/2003,DPA,IL,AGL,CE,Towers with Display (VFR),0,9,58,2,69,0,2,202,0,204,0,11,260,2,273,200,0,200,473
08/02/2003,DPA,IL,AGL,CE,Towers with Display (VFR),0,10,48,0,58,0,4,257,0,261,0,14,305,0,319,404,0,404,723
08/03/2003,DPA,IL,AGL,CE,Towers with Display (VFR),0,14,71,0,85,0,2,131,0,133,0,16,202,0,218,104,0,104,322
08/04/2003,DPA,IL,AGL,CE,Towers with Display (VFR),0,10,108,0,118,0,0,152,0,152,0,10,260,0,270,234,0,234,504
08/05/2003,DPA,IL,AGL,CE,Towers with Display (VFR),0,17,98,0,115,0,2,266,0,268,0,19,364,0,383,329,0,329,712
08/06/2003,DPA,IL,AGL,CE,Towers with Display (VFR),0,18,86,0,104,0,3,251,0,254,0,21,337,0,358,344,0,344,702
08/07/2003,DPA,IL,AGL,CE,Towers with Display (VFR),0,19,91,0,110,0,5,290,0,295,0,24,381,0,405,268,0,268,673
08/08/2003,DPA,IL,AGL,CE,Towers with Display (VFR),0,12,92,0,104,0,2,233,0,235,0,14,325,0,339,302,0,302,641
08/09/2003,DPA,IL,AGL,CE,Towers with Display (VFR),0,0,50,0,50,0,1,298,0,299,0,1,348,0,349,394,0,394,743
08/10/2003,DPA,IL,AGL,CE,Towers with Display (VFR),0,6,93,0,99,0,2,379,0,381,0,8,472,0,480,335,0,335,815
08/11/2003,DPA,IL,AGL,CE,Towers with Display (VFR),0,6,94,0,100,0,11,142,0,153,0,17,236,0,253,100,0,100,353
08/12/2003,DPA,IL,AGL,CE,Towers with Display (VFR),0,11,123,2,136,0,1,214,0,215,0,12,337,2,351,334,0,334,685
08/13/2003,DPA,IL,AGL,CE,Towers with Display (VFR),0,15,153,0,168,0,3,231,0,234,0,18,384,0,402,216,0,216,618
08/14/2003,DPA,IL,AGL,CE,Towers with Display (VFR),0,17,113,0,130,0,4,208,3,215,0,21,321,3,345,172,6,178,523
08/15/2003,DPA,IL,AGL,CE,Towers with Display (VFR),0,13,110,0,123,0,2,233,0,235,0,15,343,0,358,287,0,287,645
08/16/2003,DPA,IL,AGL,CE,Towers with Display (VFR),0,4,60,0,64,0,1,222,0,223,0,5,282,0,287,407,0,407,694
08/17/2003,DPA,IL,AGL,CE,Towers with Display (VFR),0,7,62,0,69,0,0,220,0,220,0,7,282,0,289,364,0,364,653
08/18/2003,DPA,IL,AGL,CE,Towers with Display (VFR),0,12,61,0,73,0,0,309,0,309,0,12,370,0,382,224,0,224,606
08/19/2003,DPA,IL,AGL,CE,Towers with Display (VFR),0,18,92,0,110,0,4,277,0,281,0,22,369,0,391,247,0,247,638
08/20/2003,DPA,IL,AGL,CE,Towers with Display (VFR),0,19,109,0,128,0,8,321,0,329,0,27,430,0,457,333,0,333,790
08/21/2003,DPA,IL,AGL,CE,Towers with Display (VFR),0,19,89,0,108,0,0,212,0,212,0,19,301,0,320,263,0,263,583
08/22/2003,DPA,IL,AGL,CE,Towers with Display (VFR),0,15,86,0,101,0,7,297,0,304,0,22,383,0,405,278,0,278,683
08/23/2003,DPA,IL,AGL,CE,Towers with Display (VFR),0,11,53,0,64,0,7,278,0,285,0,18,331,0,349,226,0,226,575
08/24/2003,DPA,IL,AGL,CE,Towers with Display (VFR),0,10,68,0,78,0,4,249,0,253,0,14,317,0,331,242,0,242,573
08/25/2003,DPA,IL,AGL,CE,Towers with Display (VFR),0,12,80,0,92,0,0,249,0,249,0,12,329,0,341,200,0,200,541
08/26/2003,DPA,IL,AGL,CE,Towers with Display (VFR),0,18,71,0,89,0,4,288,2,294,0,22,359,2,383,226,0,226,609
08/27/2003,DPA,IL,AGL,CE,Towers with Display (VFR),0,15,139,0,154,0,3,329,1,333,0,18,468,1,487,291,0,291,778
08/28/2003,DPA,IL,AGL,CE,Towers with Display (VFR),0,28,96,0,124,0,3,245,1,249,0,31,341,1,373,158,0,158,531
08/29/2003,DPA,IL,AGL,CE,Towers with Display (VFR),0,15,86,0,101,0,5,200,0,205,0,20,286,0,306,224,0,224,530
08/30/2003,DPA,IL,AGL,CE,Towers with Display (VFR),0,20,52,0,72,0,40,288,0,328,0,60,340,0,400,280,0,280,680
08/31/2003,DPA,IL,AGL,CE,Towers with Display (VFR),0,8,35,0,43,0,9,138,0,147,0,17,173,0,190,142,0,142,332
09/01/2003,DPA,IL,AGL,CE,Towers with Display (VFR),0,3,64,0,67,0,0,51,0,51,0,3,115,0,118,0,0,0,118
09/02/2003,DPA,IL,AGL,CE,Towers with Display (VFR),0,16,89,0,105,0,2,266,0,268,0,18,355,0,373,258,0,258,631
09/03/2003,DPA,IL,AGL,CE,Towers with Display (VFR),0,20,87,1,108,0,2,235,0,237,0,22,322,1,345,214,0,214,559
09/04/2003,DPA,IL,AGL,CE,Towers with Display (VFR),0,19,92,0,111,0,3,282,0,285,0,22,374,0,396,221,0,221,617
09/05/2003,DPA,IL,AGL,CE,Towers with Display (VFR),0,13,80,0,93,0,9,300,6,315,0,22,380,6,408,257,0,257,665
09/06/2003,DPA,IL,AGL,CE,Towers with Display (VFR),0,9,47,0,56,0,0,331,0,331,0,9,378,0,387,312,0,312,699
09/07/2003,DPA,IL,AGL,CE,Towers with Display (VFR),0,3,54,0,57,0,6,262,0,268,0,9,316,0,325,306,0,306,631
09/08/2003,DPA,IL,AGL,CE,Towers with Display (VFR),0,12,85,0,97,0,0,265,0,265,0,12,350,0,362,265,0,265,627
09/09/2003,DPA,IL,AGL,CE,Towers with Display (VFR),0,13,106,0,119,0,3,213,2,218,0,16,319,2,337,209,6,215,552
09/10/2003,DPA,IL,AGL,CE,Towers with Display (VFR),0,12,100,0,112,0,0,199,0,199,0,12,299,0,311,220,0,220,531
09/11/2003,DPA,IL,AGL,CE,Towers with Display (VFR),0,14,95,0,109,0,4,180,0,184,0,18,275,0,293,238,0,238,531
09/12/2003,DPA,IL,AGL,CE,Towers with Display (VFR),0,10,93,0,103,0,6,117,0,123,0,16,210,0,226,74,0,74,300
09/13/2003,DPA,IL,AGL,CE,Towers with Display (VFR),0,4,76,0,80,0,0,87,0,87,0,4,163,0,167,150,0,150,317
09/14/2003,DPA,IL,AGL,CE,Towers with Display (VFR),0,9,59,0,68,0,2,93,0,95,0,11,152,0,163,149,0,149,312
09/15/2003,DPA,IL,AGL,CE,Towers with Display (VFR),0,12,72,0,84,0,1,301,0,302,0,13,373,0,386,136,0,136,522
09/16/2003,DPA,IL,AGL,CE,Towers with Display (VFR),0,10,109,0,119,0,2,298,0,300,0,12,407,0,419,280,0,280,699
09/17/2003,DPA,IL,AGL,CE,Towers with Display (VFR),0,13,101,1,115,0,3,306,2,311,0,16,407,3,426,14,0,14,440
09/18/2003,DPA,IL,AGL,CE,Towers with Display (VFR),0,23,87,0,110,0,3,260,0,263,0,26,347,0,373,314,0,314,687
09/19/2003,DPA,IL,AGL,CE,Towers with Display (VFR),0,12,77,0,89,0,17,229,0,246,0,29,306,0,335,144,0,144,479
09/20/2003,DPA,IL,AGL,CE,Towers with Display (VFR),0,5,34,0,39,0,2,243,0,245,0,7,277,0,284,288,0,288,572
09/21/2003,DPA,IL,AGL,CE,Towers with Display (VFR),0,11,52,0,63,0,9,318,2,329,0,20,370,2,392,268,0,268,660
09/22/2003,DPA,IL,AGL,CE,Towers with Display (VFR),0,7,91,0,98,0,14,201,0,215,0,21,292,0,313,121,0,121,434
09/23/2003,DPA,IL,AGL,CE,Towers with Display (VFR),0,0,97,0,97,0,0,206,0,206,0,0,303,0,303,189,0,189,492
09/24/2003,DPA,IL,AGL,CE,Towers with Display (VFR),0,9,113,0,122,0,2,142,0,144,0,11,255,0,266,185,0,185,451
09/25/2003,DPA,IL,AGL,CE,Towers with Display (VFR),2,17,113,0,132,0,1,279,0,280,2,18,392,0,412,285,0,285,697
09/26/2003,DPA,IL,AGL,CE,Towers with Display (VFR),0,13,100,0,113,0,0,134,0,134,0,13,234,0,247,152,0,152,399
09/27/2003,DPA,IL,AGL,CE,Towers with Display (VFR),0,1,57,0,58,0,1,195,0,196,0,2,252,0,254,220,0,220,474
09/28/2003,DPA,IL,AGL,CE,Towers with Display (VFR),0,4,63,0,67,0,6,195,0,201,0,10,258,0,268,265,0,265,533
09/29/2003,DPA,IL,AGL,CE,Towers with Display (VFR),0,8,77,0,85,0,4,278,0,282,0,12,355,0,367,216,0,216,583
09/30/2003,DPA,IL,AGL,CE,Towers with Display (VFR),0,0,0,0,0,0,12,244,0,256,0,12,244,0,256,118,0,118,374
10/01/2003,DPA,IL,AGL,CE,Towers with Display (VFR),0,15,102,0,117,0,1,253,0,254,0,16,355,0,371,228,0,228,599
10/02/2003,DPA,IL,AGL,CE,Towers with Display (VFR),0,16,103,0,119,0,9,292,0,301,0,25,395,0,420,257,0,257,677
10/03/2003,DPA,IL,AGL,CE,Towers with Display (VFR),0,14,89,0,103,0,14,77,0,91,0,28,166,0,194,100,0,100,294
10/04/2003,DPA,IL,AGL,CE,Towers with Display (VFR),0,8,48,0,56,0,0,348,0,348,0,8,396,0,404,285,0,285,689
10/05/2003,DPA,IL,AGL,CE,Towers with Display (VFR),0,5,58,0,63,0,0,332,0,332,0,5,390,0,395,333,0,333,728
10/06/2003,DPA,IL,AGL,CE,Towers with Display (VFR),0,11,82,0,93,0,0,310,0,310,0,11,392,0,403,266,0,266,669
10/07/2003,DPA,IL,AGL,CE,Towers with Display (VFR),0,11,81,0,92,0,13,250,0,263,0,24,331,0,355,196,0,196,551
10/08/2003,DPA,IL,AGL,CE,Towers with Display (VFR),0,16,112,1,129,0,0,216,11,227,0,16,328,12,356,169,6,175,531
10/09/2003,DPA,IL,AGL,CE,Towers with Display (VFR),0,14,99,0,113,0,7,217,0,224,0,21,316,0,337,300,0,300,637
10/10/2003,DPA,IL,AGL,CE,Towers with Display (VFR),0,17,113,1,131,0,7,0,299,306,0,24,113,300,437,274,0,274,711
10/11/2003,DPA,IL,AGL,CE,Towers with Display (VFR),0,10,70,0,80,0,6,275,0,281,0,16,345,0,361,430,0,430,791
10/12/2003,DPA,IL,AGL,CE,Towers with Display (VFR),0,8,56,0,64,0,2,353,0,355,0,10,409,0,419,292,0,292,711
10/13/2003,DPA,IL,AGL,CE,Towers with Display (VFR),0,9,89,0,98,0,0,281,0,281,0,9,370,0,379,234,0,234,613
10/14/2003,DPA,IL,AGL,CE,Towers with Display (VFR),0,12,82,0,94,0,7,61,0,68,0,19,143,0,162,8,0,8,170
10/15/2003,DPA,IL,AGL,CE,Towers with Display (VFR),0,13,94,0,107,0,4,281,0,285,0,17,375,0,392,169,0,169,561
10/16/2003,DPA,IL,AGL,CE,Towers with Display (VFR),0,14,99,0,113,0,0,199,0,199,0,14,298,0,312,114,0,114,426
10/17/2003,DPA,IL,AGL,CE,Towers with Display (VFR),0,13,95,0,108,0,7,231,0,238,0,20,326,0,346,238,0,238,584
10/18/2003,DPA,IL,AGL,CE,Towers with Display (VFR),0,5,39,0,44,0,15,280,0,295,0,20,319,0,339,309,0,309,648
10/19/2003,DPA,IL,AGL,CE,Towers with Display (VFR),0,5,57,0,62,0,0,378,0,378,0,5,435,0,440,274,0,274,714
10/20/2003,DPA,IL,AGL,CE,Towers with Display (VFR),0,7,60,0,67,0,0,164,0,164,0,7,224,0,231,144,0,144,375
10/21/2003,DPA,IL,AGL,CE,Towers with Display (VFR),0,15,107,0,122,0,0,215,1,216,0,15,322,1,338,196,0,196,534
10/22/2003,DPA,IL,AGL,CE,Towers with Display (VFR),0,14,98,0,112,0,13,190,0,203,0,27,288,0,315,224,0,224,539
10/23/2003,DPA,IL,AGL,CE,Towers with Display (VFR),0,9,90,0,99,0,0,427,0,427,0,9,517,0,526,234,0,234,760
10/24/2003,DPA,IL,AGL,CE,Towers with Display (VFR),0,8,79,0,87,0,0,270,1,271,0,8,349,1,358,286,0,286,644
10/25/2003,DPA,IL,AGL,CE,Towers with Display (VFR),0,6,49,0,55,0,6,193,0,199,0,12,242,0,254,232,0,232,486
10/26/2003,DPA,IL,AGL,CE,Towers with Display (VFR),0,9,69,0,78,0,0,194,0,194,0,9,263,0,272,272,0,272,544
10/27/2003,DPA,IL,AGL,CE,Towers with Display (VFR),0,4,77,0,81,0,0,206,0,206,0,4,283,0,287,198,0,198,485
10/28/2003,DPA,IL,AGL,CE,Towers with Display (VFR),0,14,97,0,111,0,2,95,0,97,0,16,192,0,208,15,0,15,223
10/29/2003,DPA,IL,AGL,CE,Towers with Display (VFR),0,13,91,0,104,0,9,209,0,218,0,22,300,0,322,198,0,198,520
10/30/2003,DPA,IL,AGL,CE,Towers with Display (VFR),0,10,76,0,86,0,1,218,0,219,0,11,294,0,305,120,0,120,425
10/31/2003,DPA,IL,AGL,CE,Towers with Display (VFR),0,12,87,0,99,0,2,145,0,147,0,14,232,0,246,148,0,148,394
11/01/2003,DPA,IL,AGL,CE,Towers with Display (VFR),0,4,67,0,71,0,0,242,0,242,0,4,309,0,313,308,0,308,621
11/02/2003,DPA,IL,AGL,CE,Towers with Display (VFR),0,5,79,0,84,0,0,14,0,14,0,5,93,0,98,6,0,6,104
11/03/2003,DPA,IL,AGL,CE,Towers with Display (VFR),0,14,91,0,105,0,3,0,0,3,0,17,91,0,108,0,0,0,108
11/04/2003,DPA,IL,AGL,CE,Towers with Display (VFR),0,9,59,0,68,0,12,74,0,86,0,21,133,0,154,72,0,72,226
11/05/2003,DPA,IL,AGL,CE,Towers with Display (VFR),0,13,91,0,104,0,5,149,0,154,0,18,240,0,258,202,0,202,460
11/06/2003,DPA,IL,AGL,CE,Towers with Display (VFR),0,12,87,0,99,0,6,280,0,286,0,18,367,0,385,202,0,202,587
11/07/2003,DPA,IL,AGL,CE,Towers with Display (VFR),0,14,95,0,109,0,13,290,0,303,0,27,385,0,412,378,0,378,790
11/08/2003,DPA,IL,AGL,CE,Towers with Display (VFR),0,4,53,0,57,0,0,296,0,296,0,4,349,0,353,234,0,234,587
11/09/2003,DPA,IL,AGL,CE,Towers with Display (VFR),0,9,65,0,74,0,0,302,0,302,0,9,367,0,376,213,0,213,589
11/10/2003,DPA,IL,AGL,CE,Towers with Display (VFR),0,9,86,0,95,0,0,188,0,188,0,9,274,0,283,152,0,152,435
11/11/2003,DPA,IL,AGL,CE,Towers with Display (VFR),0,15,103,0,118,0,2,21,0,23,0,17,124,0,141,50,0,50,191
11/12/2003,DPA,IL,AGL,CE,Towers with Display (VFR),0,7,95,0,102,0,0,43,0,43,0,7,138,0,145,21,0,21,166
11/13/2003,DPA,IL,AGL,CE,Towers with Display (VFR),0,10,72,1,83,0,15,187,0,202,0,25,259,1,285,123,0,123,408
11/14/2003,DPA,IL,AGL,CE,Towers with Display (VFR),0,10,76,0,86,0,3,269,0,272,0,13,345,0,358,196,0,196,554
11/15/2003,DPA,IL,AGL,CE,Towers with Display (VFR),0,6,42,0,48,0,5,0,0,5,0,11,42,0,53,0,0,0,53
11/16/2003,DPA,IL,AGL,CE,Towers with Display (VFR),0,6,52,0,58,0,0,1,0,1,0,6,53,0,59,0,0,0,59
11/17/2003,DPA,IL,AGL,CE,Towers with Display (VFR),0,11,110,0,121,0,0,51,2,53,0,11,161,2,174,102,0,102,276
11/18/2003,DPA,IL,AGL,CE,Towers with Display (VFR),0,12,95,0,107,0,10,4,0,14,0,22,99,0,121,16,0,16,137
11/19/2003,DPA,IL,AGL,CE,Towers with Display (VFR),0,14,103,0,117,0,15,292,5,312,0,29,395,5,429,164,0,164,593
11/20/2003,DPA,IL,AGL,CE,Towers with Display (VFR),0,14,110,0,124,0,0,220,1,221,0,14,330,1,345,219,15,234,579
11/21/2003,DPA,IL,AGL,CE,Towers with Display (VFR),0,11,84,0,95,0,9,226,0,235,0,20,310,0,330,232,0,232,562
11/22/2003,DPA,IL,AGL,CE,Towers with Display (VFR),0,9,72,0,81,0,1,9,0,10,0,10,81,0,91,0,0,0,91
11/23/2003,DPA,IL,AGL,CE,Towers with Display (VFR),0,4,34,0,38,0,5,3,0,8,0,9,37,0,46,38,0,38,84
11/24/2003,DPA,IL,AGL,CE,Towers with Display (VFR),0,3,56,0,59,0,0,89,0,89,0,3,145,0,148,30,0,30,178
11/25/2003,DPA,IL,AGL,CE,Towers with Display (VFR),0,9,73,0,82,0,7,216,0,223,0,16,289,0,305,312,0,312,617
11/26/2003,DPA,IL,AGL,CE,Towers with Display (VFR),0,11,86,0,97,0,10,315,0,325,0,21,401,0,422,282,0,282,704
11/27/2003,DPA,IL,AGL,CE,Towers with Display (VFR),0,2,19,0,21,0,3,20,0,23,0,5,39,0,44,5,0,5,49
11/28/2003,DPA,IL,AGL,CE,Towers with Display (VFR),0,4,35,0,39,0,3,113,0,116,0,7,148,0,155,217,0,217,372
11/29/2003,DPA,IL,AGL,CE,Towers with Display (VFR),0,7,58,0,65,0,2,206,0,208,0,9,264,0,273,309,0,309,582
11/30/2003,DPA,IL,AGL,CE,Towers with Display (VFR),0,10,76,0,86,0,2,349,0,351,0,12,425,0,437,284,0,284,721
12/01/2003,DPA,IL,AGL,CE,Towers with Display (VFR),0,13,71,0,84,0,5,188,0,193,0,18,259,0,277,108,0,108,385
12/02/2003,DPA,IL,AGL,CE,Towers with Display (VFR),0,14,74,0,88,0,7,263,0,270,0,21,337,0,358,269,0,269,627
12/03/2003,DPA,IL,AGL,CE,Towers with Display (VFR),0,16,85,0,101,0,2,193,0,195,0,18,278,0,296,176,0,176,472
12/04/2003,DPA,IL,AGL,CE,Towers with Display (VFR),0,13,76,0,89,0,0,73,0,73,0,13,149,0,162,304,0,304,466
12/05/2003,DPA,IL,AGL,CE,Towers with Display (VFR),0,13,67,0,80,0,6,75,0,81,0,19,142,0,161,66,0,66,227
12/06/2003,DPA,IL,AGL,CE,Towers with Display (VFR),0,12,62,0,74,0,2,263,0,265,0,14,325,0,339,374,0,374,713
12/07/2003,DPA,IL,AGL,CE,Towers with Display (VFR),0,15,79,0,94,0,11,327,2,340,0,26,406,2,434,296,0,296,730
12/08/2003,DPA,IL,AGL,CE,Towers with Display (VFR),0,15,98,0,113,0,0,237,0,237,0,15,335,0,350,234,0,234,584
12/09/2003,DPA,IL,AGL,CE,Towers with Display (VFR),0,13,100,0,113,0,0,7,0,7,0,13,107,0,120,0,0,0,120
12/10/2003,DPA,IL,AGL,CE,Towers with Display (VFR),0,18,94,0,112,0,9,2,0,11,0,27,96,0,123,2,0,2,125
12/11/2003,DPA,IL,AGL,CE,Towers with Display (VFR),0,17,85,0,102,0,11,243,0,254,0,28,328,0,356,284,0,284,640
12/12/2003,DPA,IL,AGL,CE,Towers with Display (VFR),0,16,78,0,94,0,4,275,0,279,0,20,353,0,373,278,0,278,651
12/13/2003,DPA,IL,AGL,CE,Towers with Display (VFR),0,8,36,0,44,0,33,159,0,192,0,41,195,0,236,235,0,235,471
12/14/2003,DPA,IL,AGL,CE,Towers with Display (VFR),0,9,46,0,55,0,1,99,0,100,0,10,145,0,155,214,0,214,369
12/15/2003,DPA,IL,AGL,CE,Towers with Display (VFR),0,14,73,0,87,0,10,52,0,62,0,24,125,0,149,12,0,12,161
12/16/2003,DPA,IL,AGL,CE,Towers with Display (VFR),0,16,82,0,98,0,0,18,0,18,0,16,100,0,116,12,0,12,128
12/17/2003,DPA,IL,AGL,CE,Towers with Display (VFR),0,16,114,0,130,0,0,128,0,128,0,16,242,0,258,316,0,316,574
12/18/2003,DPA,IL,AGL,CE,Towers with Display (VFR),0,21,111,0,132,2,0,81,0,83,2,21,192,0,215,66,0,66,281
12/19/2003,DPA,IL,AGL,CE,Towers with Display (VFR),0,16,86,0,102,2,2,225,0,229,2,18,311,0,331,176,0,176,507
12/20/2003,DPA,IL,AGL,CE,Towers with Display (VFR),0,8,45,0,53,3,3,228,0,234,3,11,273,0,287,342,0,342,629
12/21/2003,DPA,IL,AGL,CE,Towers with Display (VFR),0,6,32,0,38,0,9,178,0,187,0,15,210,0,225,258,0,258,483
12/22/2003,DPA,IL,AGL,CE,Towers with Display (VFR),0,9,51,0,60,0,6,206,0,212,0,15,257,0,272,300,0,300,572
12/23/2003,DPA,IL,AGL,CE,Towers with Display (VFR),0,4,21,0,25,0,4,93,0,97,0,8,114,0,122,92,0,92,214
12/24/2003,DPA,IL,AGL,CE,Towers with Display (VFR),0,12,63,0,75,0,4,278,0,282,0,16,341,0,357,352,0,352,709
12/25/2003,DPA,IL,AGL,CE,Towers with Display (VFR),0,4,21,0,25,0,4,93,0,97,0,8,114,0,122,92,0,92,214
12/26/2003,DPA,IL,AGL,CE,Towers with Display (VFR),0,12,63,0,75,0,4,278,0,282,0,16,341,0,357,352,0,352,709
12/27/2003,DPA,IL,AGL,CE,Towers with Display (VFR),0,12,62,0,74,0,7,168,0,175,0,19,230,0,249,266,0,266,515
12/28/2003,DPA,IL,AGL,CE,Towers with Display (VFR),0,8,41,0,49,0,3,88,0,91,0,11,129,0,140,216,0,216,356
12/29/2003,DPA,IL,AGL,CE,Towers with Display (VFR),0,6,36,0,42,0,7,166,0,173,0,13,202,0,215,192,0,192,407
12/30/2003,DPA,IL,AGL,CE,Towers with Display (VFR),0,8,45,0,53,0,2,240,0,242,0,10,285,0,295,248,0,248,543
12/31/2003,DPA,IL,AGL,CE,Towers with Display (VFR),0,5,27,0,32,0,2,236,0,238,0,7,263,0,270,188,0,188,458
01/01/2004,DPA,IL,AGL,CE,Towers with Display (VFR),0,3,19,0,22,0,0,123,1,124,0,3,142,1,146,244,0,244,390
01/02/2004,DPA,IL,AGL,CE,Towers with Display (VFR),0,1,26,0,27,0,0,6,0,6,0,1,32,0,33,0,0,0,33
01/03/2004,DPA,IL,AGL,CE,Towers with Display (VFR),0,13,60,0,73,0,5,204,0,209,0,18,264,0,282,350,0,350,632
01/04/2004,DPA,IL,AGL,CE,Towers with Display (VFR),0,14,58,0,72,0,3,0,0,3,0,17,58,0,75,0,0,0,75
01/05/2004,DPA,IL,AGL,CE,Towers with Display (VFR),0,16,70,0,86,0,7,166,0,173,0,23,236,0,259,134,0,134,393
01/06/2004,DPA,IL,AGL,CE,Towers with Display (VFR),0,9,43,0,52,0,3,61,0,64,0,12,104,0,116,66,0,66,182
01/07/2004,DPA,IL,AGL,CE,Towers with Display (VFR),0,15,66,0,81,0,8,154,0,162,0,23,220,0,243,128,0,128,371
01/08/2004,DPA,IL,AGL,CE,Towers with Display (VFR),0,18,81,0,99,0,6,184,0,190,0,24,265,0,289,204,0,204,493
01/09/2004,DPA,IL,AGL,CE,Towers with Display (VFR),0,14,63,0,77,0,8,97,0,105,0,22,160,0,182,136,0,136,318
01/10/2004,DPA,IL,AGL,CE,Towers with Display (VFR),0,10,52,0,62,0,0,192,0,192,0,10,244,0,254,466,0,466,720
01/11/2004,DPA,IL,AGL,CE,Towers with Display (VFR),0,9,42,0,51,0,3,178,0,181,0,12,220,0,232,266,0,266,498
01/12/2004,DPA,IL,AGL,CE,Towers with Display (VFR),0,16,69,0,85,0,3,169,0,172,0,19,238,0,257,223,0,223,480
01/13/2004,DPA,IL,AGL,CE,Towers with Display (VFR),1,16,70,0,87,1,14,213,0,228,2,30,283,0,315,210,0,210,525
01/14/2004,DPA,IL,AGL,CE,Towers with Display (VFR),1,20,87,0,108,1,11,109,0,121,2,31,196,0,229,110,0,110,339
01/15/2004,DPA,IL,AGL,CE,Towers with Display (VFR),0,17,72,0,89,0,8,126,1,135,0,25,198,1,224,280,0,280,504
01/16/2004,DPA,IL,AGL,CE,Towers with Display (VFR),0,15,63,0,78,0,15,218,0,233,0,30,281,0,311,172,0,172,483
01/17/2004,DPA,IL,AGL,CE,Towers with Display (VFR),0,4,13,0,17,0,1,0,0,1,0,5,13,0,18,0,0,0,18
01/18/2004,DPA,IL,AGL,CE,Towers with Display (VFR),0,9,38,0,47,0,5,129,0,134,0,14,167,0,181,106,0,106,287
01/19/2004,DPA,IL,AGL,CE,Towers with Display (VFR),0,13,58,0,71,0,9,205,0,214,0,22,263,0,285,174,0,174,459
01/20/2004,DPA,IL,AGL,CE,Towers with Display (VFR),0,18,79,0,97,0,0,200,0,200,0,18,279,0,297,221,0,221,518
01/21/2004,DPA,IL,AGL,CE,Towers with Display (VFR),0,12,65,0,77,0,0,162,0,162,0,12,227,0,239,118,0,118,357
01/22/2004,DPA,IL,AGL,CE,Towers with Display (VFR),0,16,86,0,102,0,0,165,0,165,0,16,251,0,267,138,0,138,405
01/23/2004,DPA,IL,AGL,CE,Towers with Display (VFR),0,17,77,0,94,0,7,50,0,57,0,24,127,0,151,52,0,52,203
01/24/2004,DPA,IL,AGL,CE,Towers with Display (VFR),0,9,43,0,52,0,7,205,0,212,0,16,248,0,264,244,0,244,508
01/25/2004,DPA,IL,AGL,CE,Towers with Display (VFR),0,10,44,0,54,1,14,104,0,119,1,24,148,0,173,74,0,74,247
01/26/2004,DPA,IL,AGL,CE,Towers with Display (VFR),0,7,43,0,50,0,0,16,0,16,0,7,59,0,66,4,0,4,70
01/27/2004,DPA,IL,AGL,CE,Towers with Display (VFR),0,8,52,0,60,0,0,69,0,69,0,8,121,0,129,30,0,30,159
01/28/2004,DPA,IL,AGL,CE,Towers with Display (VFR),0,0,79,0,79,0,0,50,0,50,0,0,129,0,129,66,0,66,195
01/29/2004,DPA,IL,AGL,CE,Towers with Display (VFR),0,15,77,0,92,0,0,35,0,35,0,15,112,0,127,0,0,0,127
01/30/2004,DPA,IL,AGL,CE,Towers with Display (VFR),0,14,65,0,79,2,12,97,0,111,2,26,162,0,190,44,0,44,234
01/31/2004,DPA,IL,AGL,CE,Towers with Display (VFR),0,10,48,0,58,3,2,220,0,225,3,12,268,0,283,207,0,207,490
02/01/2004,DPA,IL,AGL,CE,Towers with Display (VFR),0,5,35,0,40,0,3,176,0,179,0,8,211,0,219,221,0,221,440
02/02/2004,DPA,IL,AGL,CE,Towers with Display (VFR),0,7,44,0,51,0,14,44,0,58,0,21,88,0,109,88,0,88,197
02/03/2004,DPA,IL,AGL,CE,Towers with Display (VFR),0,10,60,0,70,0,1,130,0,131,0,11,190,0,201,80,0,80,281
02/04/2004,DPA,IL,AGL,CE,Towers with Display (VFR),0,13,85,0,98,0,5,301,0,306,0,18,386,0,404,324,0,324,728
02/05/2004,DPA,IL,AGL,CE,Towers with Display (VFR),1,3,52,0,56,1,0,210,0,211,2,3,262,0,267,205,0,205,472
02/06/2004,DPA,IL,AGL,CE,Towers with Display (VFR),0,7,56,0,63,0,0,104,0,104,0,7,160,0,167,170,0,170,337
02/07/2004,DPA,IL,AGL,CE,Towers with Display (VFR),0,10,62,0,72,0,1,130,0,131,0,11,192,0,203,206,0,206,409
02/08/2004,DPA,IL,AGL,CE,Towers with Display (VFR),0,9,67,0,76,0,0,172,0,172,0,9,239,0,248,225,0,225,473
02/09/2004,DPA,IL,AGL,CE,Towers with Display (VFR),0,9,52,0,61,0,3,140,0,143,0,12,192,0,204,260,0,260,464
02/10/2004,DPA,IL,AGL,CE,Towers with Display (VFR),0,4,68,0,72,0,0,148,0,148,0,4,216,0,220,178,0,178,398
02/11/2004,DPA,IL,AGL,CE,Towers with Display (VFR),0,12,70,0,82,0,5,316,0,321,0,17,386,0,403,311,0,311,714
02/12/2004,DPA,IL,AGL,CE,Towers with Display (VFR),0,17,99,0,116,0,7,168,0,175,0,24,267,0,291,342,0,342,633
02/13/2004,DPA,IL,AGL,CE,Towers with Display (VFR),0,12,69,0,81,0,8,229,0,237,0,20,298,0,318,398,0,398,716
02/14/2004,DPA,IL,AGL,CE,Towers with Display (VFR),0,7,44,0,51,0,11,343,0,354,0,18,387,0,405,419,0,419,824
02/15/2004,DPA,IL,AGL,CE,Towers with Display (VFR),0,8,50,0,58,0,6,135,0,141,0,14,185,0,199,198,0,198,397
02/16/2004,DPA,IL,AGL,CE,Towers with Display (VFR),0,13,85,0,98,0,17,253,0,270,0,30,338,0,368,299,0,299,667
02/17/2004,DPA,IL,AGL,CE,Towers with Display (VFR),0,13,85,0,98,0,6,326,0,332,0,19,411,0,430,406,0,406,836
02/18/2004,DPA,IL,AGL,CE,Towers with Display (VFR),0,11,92,0,103,0,0,265,0,265,0,11,357,0,368,352,0,352,720
02/19/2004,DPA,IL,AGL,CE,Towers with Display (VFR),0,13,93,0,106,2,0,204,0,206,2,13,297,0,312,131,0,131,443
02/20/2004,DPA,IL,AGL,CE,Towers with Display (VFR),0,6,93,0,99,2,0,73,0,75,2,6,166,0,174,46,0,46,220
02/21/2004,DPA,IL,AGL,CE,Towers with Display (VFR),0,5,37,0,42,2,3,200,0,205,2,8,237,0,247,292,0,292,539
02/22/2004,DPA,IL,AGL,CE,Towers with Display (VFR),0,4,59,0,63,0,0,264,0,264,0,4,323,0,327,356,0,356,683
02/23/2004,DPA,IL,AGL,CE,Towers with Display (VFR),0,2,72,0,74,0,0,188,0,188,0,2,260,0,262,322,0,322,584
02/24/2004,DPA,IL,AGL,CE,Towers with Display (VFR),0,10,88,0,98,0,0,150,0,150,0,10,238,0,248,274,0,274,522
02/25/2004,DPA,IL,AGL,CE,Towers with Display (VFR),0,15,96,0,111,0,8,261,0,269,0,23,357,0,380,353,0,353,733
02/26/2004,DPA,IL,AGL,CE,Towers with Display (VFR),0,12,77,0,89,0,11,324,0,335,0,23,401,0,424,397,0,397,821
02/27/2004,DPA,IL,AGL,CE,Towers with Display (VFR),0,14,89,0,103,0,1,271,0,272,0,15,360,0,375,342,0,342,717
02/28/2004,DPA,IL,AGL,CE,Towers with Display (VFR),0,9,56,0,65,0,35,380,0,415,0,44,436,0,480,389,0,389,869
02/29/2004,DPA,IL,AGL,CE,Towers with Display (VFR),0,9,56,0,65,0,4,402,0,406,0,13,458,0,471,449,0,449,920
03/01/2004,DPA,IL,AGL,CE,Towers with Display (VFR),1,5,54,0,60,1,0,3,74,78,2,5,57,74,138,190,0,190,328
03/02/2004,DPA,IL,AGL,CE,Towers with Display (VFR),0,15,90,0,105,0,9,121,0,130,0,24,211,0,235,239,0,239,474
03/03/2004,DPA,IL,AGL,CE,Towers with Display (VFR),0,16,98,0,114,0,20,216,0,236,0,36,314,0,350,391,0,391,741
03/04/2004,DPA,IL,AGL,CE,Towers with Display (VFR),1,17,105,0,123,2,57,20,0,79,3,74,125,0,202,92,0,92,294
03/05/2004,DPA,IL,AGL,CE,Towers with Display (VFR),1,11,67,0,79,0,12,57,0,69,1,23,124,0,148,56,0,56,204
03/06/2004,DPA,IL,AGL,CE,Towers with Display (VFR),0,8,51,0,59,0,6,242,0,248,0,14,293,0,307,438,0,438,745
03/07/2004,DPA,IL,AGL,CE,Towers with Display (VFR),0,3,28,0,31,0,0,39,0,39,0,3,67,0,70,66,0,66,136
03/08/2004,DPA,IL,AGL,CE,Towers with Display (VFR),0,15,86,0,101,0,16,235,0,251,0,31,321,0,352,375,0,375,727
03/09/2004,DPA,IL,AGL,CE,Towers with Display (VFR),0,18,105,0,123,0,6,227,4,237,0,24,332,4,360,405,0,405,765
03/10/2004,DPA,IL,AGL,CE,Towers with Display (VFR),0,16,90,0,106,0,15,234,0,249,0,31,324,0,355,225,0,225,580
03/11/2004,DPA,IL,AGL,CE,Towers with Display (VFR),0,12,69,0,81,0,16,92,0,108,0,28,161,0,189,82,0,82,271
03/12/2004,DPA,IL,AGL,CE,Towers with Display (VFR),0,12,70,0,82,0,20,326,2,348,0,32,396,2,430,384,0,384,814
03/13/2004,DPA,IL,AGL,CE,Towers with Display (VFR),0,7,43,0,50,0,7,345,0,352,0,14,388,0,402,330,0,330,732
03/14/2004,DPA,IL,AGL,CE,Towers with Display (VFR),0,4,40,0,44,0,0,108,0,108,0,4,148,0,152,72,0,72,224
03/15/2004,DPA,IL,AGL,CE,Towers with Display (VFR),0,11,65,0,76,0,1,195,0,196,0,12,260,0,272,280,0,280,552
03/16/2004,DPA,IL,AGL,CE,Towers with Display (VFR),0,11,63,0,74,0,16,70,0,86,0,27,133,0,160,254,0,254,414
03/17/2004,DPA,IL,AGL,CE,Towers with Display (VFR),1,15,87,0,103,3,8,33,0,44,4,23,120,0,147,74,0,74,221
03/18/2004,DPA,IL,AGL,CE,Towers with Display (VFR),0,17,95,0,112,0,18,39,0,57,0,35,134,0,169,20,0,20,189
03/19/2004,DPA,IL,AGL,CE,Towers with Display (VFR),0,12,84,0,96,1,0,327,0,328,1,12,411,0,424,192,0,192,616
03/20/2004,DPA,IL,AGL,CE,Towers with Display (VFR),0,5,48,0,53,0,0,173,0,173,0,5,221,0,226,222,0,222,448
03/21/2004,DPA,IL,AGL,CE,Towers with Display (VFR),0,8,45,0,53,0,9,269,0,278,0,17,314,0,331,361,0,361,692
03/22/2004,DPA,IL,AGL,CE,Towers with Display (VFR),0,12,71,0,83,2,5,259,0,266,2,17,330,0,349,288,0,288,637
03/23/2004,DPA,IL,AGL,CE,Towers with Display (VFR),0,17,110,0,127,0,0,262,0,262,0,17,372,0,389,437,0,437,826
03/24/2004,DPA,IL,AGL,CE,Towers with Display (VFR),0,17,95,0,112,0,1,118,0,119,0,18,213,0,231,309,0,309,540
03/25/2004,DPA,IL,AGL,CE,Towers with Display (VFR),0,14,98,0,112,0,0,75,0,75,0,14,173,0,187,80,0,80,267
03/26/2004,DPA,IL,AGL,CE,Towers with Display (VFR),0,12,84,0,96,1,0,129,0,130,1,12,213,0,226,306,0,306,532
03/27/2004,DPA,IL,AGL,CE,Towers with Display (VFR),0,14,83,0,97,0,2,168,0,170,0,16,251,0,267,289,0,289,556
03/28/2004,DPA,IL,AGL,CE,Towers with Display (VFR),0,6,34,0,40,0,7,92,0,99,0,13,126,0,139,118,0,118,257
03/29/2004,DPA,IL,AGL,CE,Towers with Display (VFR),0,10,61,0,71,0,4,209,0,213,0,14,270,0,284,228,0,228,512
03/30/2004,DPA,IL,AGL,CE,Towers with Display (VFR),0,10,76,0,86,0,0,186,0,186,0,10,262,0,272,270,0,270,542
03/31/2004,DPA,IL,AGL,CE,Towers with Display (VFR),0,9,77,0,86,2,0,214,0,216,2,9,291,0,302,270,0,270,572
04/01/2004,DPA,IL,AGL,CE,Towers with Display (VFR),0,12,75,0,87,0,18,311,0,329,0,30,386,0,416,528,0,528,944
04/02/2004,DPA,IL,AGL,CE,Towers with Display (VFR),0,11,68,0,79,0,0,345,0,345,0,11,413,0,424,432,0,432,856
04/03/2004,DPA,IL,AGL,CE,Towers with Display (VFR),0,7,46,0,53,0,0,226,0,226,0,7,272,0,279,304,0,304,583
04/04/2004,DPA,IL,AGL,CE,Towers with Display (VFR),0,11,65,0,76,0,1,262,0,263,0,12,327,0,339,454,0,454,793
04/05/2004,DPA,IL,AGL,CE,Towers with Display (VFR),0,11,62,0,73,0,6,252,0,258,0,17,314,0,331,425,0,425,756
04/06/2004,DPA,IL,AGL,CE,Towers with Display (VFR),0,13,79,0,92,0,4,273,4,281,0,17,352,4,373,178,0,178,551
04/07/2004,DPA,IL,AGL,CE,Towers with Display (VFR),0,15,90,0,105,0,5,315,0,320,0,20,405,0,425,324,0,324,749
04/08/2004,DPA,IL,AGL,CE,Towers with Display (VFR),0,15,91,0,106,1,9,195,0,205,1,24,286,0,311,375,0,375,686
04/09/2004,DPA,IL,AGL,CE,Towers with Display (VFR),0,10,58,0,68,0,4,365,0,369,0,14,423,0,437,373,0,373,810
04/10/2004,DPA,IL,AGL,CE,Towers with Display (VFR),0,9,51,0,60,0,4,288,0,292,0,13,339,0,352,448,0,448,800
04/11/2004,DPA,IL,AGL,CE,Towers with Display (VFR),0,6,40,0,46,0,0,205,0,205,0,6,245,0,251,230,0,230,481
04/12/2004,DPA,IL,AGL,CE,Towers with Display (VFR),0,10,66,0,76,0,67,139,0,206,0,77,205,0,282,361,0,361,643
04/13/2004,DPA,IL,AGL,CE,Towers with Display (VFR),0,13,86,0,99,0,6,250,0,256,0,19,336,0,355,188,0,188,543
04/14/2004,DPA,IL,AGL,CE,Towers with Display (VFR),0,16,102,0,118,0,15,399,0,414,0,31,501,0,532,352,0,352,884
04/15/2004,DPA,IL,AGL,CE,Towers with Display (VFR),0,13,86,0,99,0,1,280,0,281,0,14,366,0,380,322,0,322,702
04/16/2004,DPA,IL,AGL,CE,Towers with Display (VFR),0,0,79,0,79,0,0,221,0,221,0,0,300,0,300,278,0,278,578
04/17/2004,DPA,IL,AGL,CE,Towers with Display (VFR),0,6,38,0,44,0,3,247,0,250,0,9,285,0,294,453,0,453,747
04/18/2004,DPA,IL,AGL,CE,Towers with Display (VFR),0,8,51,0,59,0,6,148,0,154,0,14,199,0,213,265,0,265,478
04/19/2004,DPA,IL,AGL,CE,Towers with Display (VFR),0,12,77,0,89,0,3,159,0,162,0,15,236,0,251,266,0,266,517
04/20/2004,DPA,IL,AGL,CE,Towers with Display (VFR),0,13,83,0,96,0,1,133,0,134,0,14,216,0,230,90,0,90,320
04/21/2004,DPA,IL,AGL,CE,Towers with Display (VFR),0,11,70,0,81,0,12,123,0,135,0,23,193,0,216,350,0,350,566
04/22/2004,DPA,IL,AGL,CE,Towers with Display (VFR),0,15,97,0,112,0,11,336,0,347,0,26,433,0,459,390,0,390,849
04/23/2004,DPA,IL,AGL,CE,Towers with Display (VFR),0,14,87,0,101,0,3,295,8,306,0,17,382,8,407,406,0,406,813
04/24/2004,DPA,IL,AGL,CE,Towers with Display (VFR),0,7,48,0,55,0,6,241,0,247,0,13,289,0,302,345,0,345,647
04/25/2004,DPA,IL,AGL,CE,Towers with Display (VFR),0,7,49,0,56,0,2,86,0,88,0,9,135,0,144,188,0,188,332
04/26/2004,DPA,IL,AGL,CE,Towers with Display (VFR),0,13,85,0,98,0,11,208,0,219,0,24,293,0,317,76,0,76,393
04/27/2004,DPA,IL,AGL,CE,Towers with Display (VFR),0,14,87,0,101,0,6,377,0,383,0,20,464,0,484,296,0,296,780
04/28/2004,DPA,IL,AGL,CE,Towers with Display (VFR),0,12,76,0,88,0,0,163,0,163,0,12,239,0,251,70,0,70,321
04/29/2004,DPA,IL,AGL,CE,Towers with Display (VFR),0,4,66,0,70,0,0,118,0,118,0,4,184,0,188,168,0,168,356
04/30/2004,DPA,IL,AGL,CE,Towers with Display (VFR),0,11,82,0,93,0,0,3,0,3,0,11,85,0,96,0,0,0,96
05/01/2004,DPA,IL,AGL,CE,Towers with Display (VFR),0,8,65,0,73,0,0,164,0,164,0,8,229,0,237,354,0,354,591
05/02/2004,DPA,IL,AGL,CE,Towers with Display (VFR),0,11,81,0,92,0,4,289,0,293,0,15,370,0,385,306,0,306,691
05/03/2004,DPA,IL,AGL,CE,Towers with Display (VFR),0,11,89,0,100,0,0,356,0,356,0,11,445,0,456,242,0,242,698
05/04/2004,DPA,IL,AGL,CE,Towers with Display (VFR),0,11,78,0,89,0,22,274,1,297,0,33,352,1,386,345,0,345,731
05/05/2004,DPA,IL,AGL,CE,Towers with Display (VFR),0,16,104,0,120,0,10,458,0,468,0,26,562,0,588,403,0,403,991
05/06/2004,DPA,IL,AGL,CE,Towers with Display (VFR),0,15,101,0,116,0,18,300,0,318,0,33,401,0,434,312,0,312,746
05/07/2004,DPA,IL,AGL,CE,Towers with Display (VFR),0,15,99,0,114,2,9,112,2,125,2,24,211,2,239,62,0,62,301
05/08/2004,DPA,IL,AGL,CE,Towers with Display (VFR),0,20,227,0,247,0,0,64,0,64,0,20,291,0,311,376,0,376,687
05/09/2004,DPA,IL,AGL,CE,Towers with Display (VFR),0,6,40,0,46,0,4,144,0,148,0,10,184,0,194,180,0,180,374
05/10/2004,DPA,IL,AGL,CE,Towers with Display (VFR),0,15,97,0,112,0,12,174,0,186,0,27,271,0,298,200,0,200,498
05/11/2004,DPA,IL,AGL,CE,Towers with Display (VFR),0,17,117,0,134,0,0,213,0,213,0,17,330,0,347,316,0,316,663
05/12/2004,DPA,IL,AGL,CE,Towers with Display (VFR),0,1,92,0,93,0,0,109,0,109,0,1,201,0,202,168,0,168,370
05/13/2004,DPA,IL,AGL,CE,Towers with Display (VFR),0,16,108,0,124,0,0,120,0,120,0,16,228,0,244,230,0,230,474
05/14/2004,DPA,IL,AGL,CE,Towers with Display (VFR),0,13,88,0,101,0,0,42,0,42,0,13,130,0,143,92,0,92,235
05/15/2004,DPA,IL,AGL,CE,Towers with Display (VFR),0,9,56,0,65,0,3,315,0,318,0,12,371,0,383,302,0,302,685
05/16/2004,DPA,IL,AGL,CE,Towers with Display (VFR),0,10,64,0,74,0,0,374,0,374,0,10,438,0,448,291,0,291,739
05/17/2004,DPA,IL,AGL,CE,Towers with Display (VFR),0,10,67,0,77,0,4,170,0,174,0,14,237,0,251,246,0,246,497
05/18/2004,DPA,IL,AGL,CE,Towers with Display (VFR),0,13,94,0,107,0,5,107,0,112,0,18,201,0,219,189,0,189,408
05/19/2004,DPA,IL,AGL,CE,Towers with Display (VFR),0,12,133,0,145,0,0,260,0,260,0,12,393,0,405,371,0,371,776
05/20/2004,DPA,IL,AGL,CE,Towers with Display (VFR),0,17,122,0,139,0,4,221,0,225,0,21,343,0,364,324,0,324,688
05/21/2004,DPA,IL,AGL,CE,Towers with Display (VFR),0,14,96,0,110,0,7,126,0,133,0,21,222,0,243,194,0,194,437
05/22/2004,DPA,IL,AGL,CE,Towers with Display (VFR),0,5,36,0,41,0,1,105,0,106,0,6,141,0,147,216,0,216,363
05/23/2004,DPA,IL,AGL,CE,Towers with Display (VFR),0,7,55,0,62,0,5,111,0,116,0,12,166,0,178,275,0,275,453
05/24/2004,DPA,IL,AGL,CE,Towers with Display (VFR),0,11,86,0,97,0,0,271,0,271,0,11,357,0,368,370,0,370,738
05/25/2004,DPA,IL,AGL,CE,Towers with Display (VFR),0,6,95,0,101,0,0,107,0,107,0,6,202,0,208,362,0,362,570
05/26/2004,DPA,IL,AGL,CE,Towers with Display (VFR),0,15,106,0,121,0,15,339,4,358,0,30,445,4,479,384,0,384,863
05/27/2004,DPA,IL,AGL,CE,Towers with Display (VFR),0,1,113,0,114,0,0,74,1,75,0,1,187,1,189,192,0,192,381
05/28/2004,DPA,IL,AGL,CE,Towers with Display (VFR),0,17,119,0,136,0,15,347,0,362,0,32,466,0,498,291,0,291,789
05/29/2004,DPA,IL,AGL,CE,Towers with Display (VFR),0,7,49,0,56,0,6,279,0,285,0,13,328,0,341,420,0,420,761
05/30/2004,DPA,IL,AGL,CE,Towers with Display (VFR),0,2,16,0,18,0,4,7,0,11,0,6,23,0,29,42,0,42,71
05/31/2004,DPA,IL,AGL,CE,Towers with Display (VFR),0,9,64,0,73,0,0,90,0,90,0,9,154,0,163,179,0,179,342
06/01/2004,DPA,IL,AGL,CE,Towers with Display (VFR),0,14,91,0,105,0,0,262,0,262,0,14,353,0,367,328,0,328,695
06/02/2004,DPA,IL,AGL,CE,Towers with Display (VFR),0,17,105,0,122,0,13,239,0,252,0,30,344,0,374,338,0,338,712
06/03/2004,DPA,IL,AGL,CE,Towers with Display (VFR),0,12,87,0,99,0,0,386,0,386,0,12,473,0,485,394,0,394,879
06/04/2004,DPA,IL,AGL,CE,Towers with Display (VFR),0,16,104,0,120,0,6,375,0,381,0,22,479,0,501,502,0,502,1003
06/05/2004,DPA,IL,AGL,CE,Towers with Display (VFR),0,9,72,0,81,0,0,369,0,369,0,9,441,0,450,436,0,436,886
06/06/2004,DPA,IL,AGL,CE,Towers with Display (VFR),0,10,66,0,76,0,3,298,0,301,0,13,364,0,377,453,0,453,830
06/07/2004,DPA,IL,AGL,CE,Towers with Display (VFR),0,15,91,0,106,0,7,271,0,278,0,22,362,0,384,378,0,378,762
06/08/2004,DPA,IL,AGL,CE,Towers with Display (VFR),0,14,81,0,95,0,22,246,0,268,0,36,327,0,363,394,0,394,757
06/09/2004,DPA,IL,AGL,CE,Towers with Display (VFR),0,14,82,0,96,0,4,214,0,218,0,18,296,0,314,322,0,322,636
06/10/2004,DPA,IL,AGL,CE,Towers with Display (VFR),0,17,133,0,150,0,0,51,0,51,0,17,184,0,201,66,0,66,267
06/11/2004,DPA,IL,AGL,CE,Towers with Display (VFR),0,14,131,0,145,0,0,182,0,182,0,14,313,0,327,273,0,273,600
06/12/2004,DPA,IL,AGL,CE,Towers with Display (VFR),0,11,66,0,77,0,5,218,0,223,0,16,284,0,300,408,0,408,708
06/13/2004,DPA,IL,AGL,CE,Towers with Display (VFR),0,7,59,0,66,0,0,263,0,263,0,7,322,0,329,446,0,446,775
06/14/2004,DPA,IL,AGL,CE,Towers with Display (VFR),0,14,90,0,104,0,0,261,0,261,0,14,351,0,365,300,0,300,665
06/15/2004,DPA,IL,AGL,CE,Towers with Display (VFR),0,19,110,0,129,0,10,293,0,303,0,29,403,0,432,358,0,358,790
06/16/2004,DPA,IL,AGL,CE,Towers with Display (VFR),0,17,107,0,124,0,6,251,0,257,0,23,358,0,381,414,0,414,795
06/17/2004,DPA,IL,AGL,CE,Towers with Display (VFR),0,23,144,0,167,0,1,216,0,217,0,24,360,0,384,428,0,428,812
06/18/2004,DPA,IL,AGL,CE,Towers with Display (VFR),0,15,120,0,135,0,0,213,0,213,0,15,333,0,348,291,0,291,639
06/19/2004,DPA,IL,AGL,CE,Towers with Display (VFR),0,6,61,0,67,0,0,353,0,353,0,6,414,0,420,434,0,434,854
06/20/2004,DPA,IL,AGL,CE,Towers with Display (VFR),0,10,81,0,91,0,0,237,0,237,0,10,318,0,328,394,0,394,722
06/21/2004,DPA,IL,AGL,CE,Towers with Display (VFR),0,8,97,0,105,0,0,108,0,108,0,8,205,0,213,192,0,192,405
06/22/2004,DPA,IL,AGL,CE,Towers with Display (VFR),0,21,131,0,152,0,19,334,0,353,0,40,465,0,505,356,0,356,861
06/23/2004,DPA,IL,AGL,CE,Towers with Display (VFR),0,19,123,0,142,0,1,299,0,300,0,20,422,0,442,262,0,262,704
06/24/2004,DPA,IL,AGL,CE,Towers with Display (VFR),0,24,149,0,173,4,10,331,0,345,4,34,480,0,518,276,0,276,794
06/25/2004,DPA,IL,AGL,CE,Towers with Display (VFR),0,25,156,0,181,1,22,363,0,386,1,47,519,0,567,362,0,362,929
06/26/2004,DPA,IL,AGL,CE,Towers with Display (VFR),0,13,85,0,98,0,12,313,0,325,0,25,398,0,423,388,0,388,811
06/27/2004,DPA,IL,AGL,CE,Towers with Display (VFR),0,14,87,0,101,0,4,348,0,352,0,18,435,0,453,291,0,291,744
06/28/2004,DPA,IL,AGL,CE,Towers with Display (VFR),0,15,92,0,107,0,11,286,2,299,0,26,378,2,406,340,0,340,746
06/29/2004,DPA,IL,AGL,CE,Towers with Display (VFR),0,13,82,0,95,1,0,330,8,339,1,13,412,8,434,324,0,324,758
06/30/2004,DPA,IL,AGL,CE,Towers with Display (VFR),0,18,112,0,130,1,14,288,2,305,1,32,400,2,435,256,0,256,691
07/01/2004,DPA,IL,AGL,CE,Towers with Display (VFR),0,13,104,0,117,0,11,322,0,333,0,24,426,0,450,330,0,330,780
07/02/2004,DPA,IL,AGL,CE,Towers with Display (VFR),0,9,70,0,79,0,2,378,0,380,0,11,448,0,459,325,0,325,784
07/03/2004,DPA,IL,AGL,CE,Towers with Display (VFR),0,4,36,0,40,0,14,116,2,132,0,18,152,2,172,188,0,188,360
07/04/2004,DPA,IL,AGL,CE,Towers with Display (VFR),0,0,23,0,23,0,0,54,0,54,0,0,77,0,77,50,0,50,127
07/05/2004,DPA,IL,AGL,CE,Towers with Display (VFR),0,8,63,0,71,0,0,265,0,265,0,8,328,0,336,392,0,392,728
07/06/2004,DPA,IL,AGL,CE,Towers with Display (VFR),0,7,69,0,76,0,0,187,0,187,0,7,256,0,263,352,0,352,615
07/07/2004,DPA,IL,AGL,CE,Towers with Display (VFR),0,15,117,0,132,0,3,249,0,252,0,18,366,0,384,247,0,247,631
07/08/2004,DPA,IL,AGL,CE,Towers with Display (VFR),0,12,109,0,121,0,0,315,0,315,0,12,424,0,436,379,0,379,815
07/09/2004,DPA,IL,AGL,CE,Towers with Display (VFR),0,11,88,0,99,0,1,226,0,227,0,12,314,0,326,188,0,188,514
07/10/2004,DPA,IL,AGL,CE,Towers with Display (VFR),0,8,63,0,71,0,2,238,1,241,0,10,301,1,312,472,0,472,784
07/11/2004,DPA,IL,AGL,CE,Towers with Display (VFR),0,8,68,0,76,0,1,236,0,237,0,9,304,0,313,222,0,222,535
07/12/2004,DPA,IL,AGL,CE,Towers with Display (VFR),0,11,84,0,95,0,0,205,0,205,0,11,289,0,300,186,0,186,486
07/13/2004,DPA,IL,AGL,CE,Towers with Display (VFR),0,11,77,0,88,0,20,149,0,169,0,31,226,0,257,263,0,263,520
07/14/2004,DPA,IL,AGL,CE,Towers with Display (VFR),0,13,105,1,119,0,11,284,0,295,0,24,389,1,414,324,0,324,738
07/15/2004,DPA,IL,AGL,CE,Towers with Display (VFR),0,11,89,0,100,0,9,283,0,292,0,20,372,0,392,218,0,218,610
07/16/2004,DPA,IL,AGL,CE,Towers with Display (VFR),0,3,99,0,102,0,0,107,0,107,0,3,206,0,209,270,0,270,479
07/17/2004,DPA,IL,AGL,CE,Towers with Display (VFR),0,0,81,0,81,0,0,82,0,82,0,0,163,0,163,318,0,318,481
07/18/2004,DPA,IL,AGL,CE,Towers with Display (VFR),0,10,83,0,93,0,8,311,0,319,0,18,394,0,412,336,0,336,748
07/19/2004,DPA,IL,AGL,CE,Towers with Display (VFR),0,11,93,0,104,0,13,219,0,232,0,24,312,0,336,321,0,321,657
07/20/2004,DPA,IL,AGL,CE,Towers with Display (VFR),0,13,104,0,117,0,6,246,0,252,0,19,350,0,369,303,0,303,672
07/21/2004,DPA,IL,AGL,CE,Towers with Display (VFR),0,14,115,0,129,0,1,131,0,132,0,15,246,0,261,344,0,344,605
07/22/2004,DPA,IL,AGL,CE,Towers with Display (VFR),0,13,108,0,121,2,5,137,0,144,2,18,245,0,265,227,0,227,492
07/23/2004,DPA,IL,AGL,CE,Towers with Display (VFR),0,13,106,0,119,2,10,282,0,294,2,23,388,0,413,392,0,392,805
07/24/2004,DPA,IL,AGL,CE,Towers with Display (VFR),0,7,55,0,62,0,3,288,0,291,0,10,343,0,353,395,0,395,748
07/25/2004,DPA,IL,AGL,CE,Towers with Display (VFR),0,12,365,0,377,0,0,34,0,34,0,12,399,0,411,290,0,290,701
07/26/2004,DPA,IL,AGL,CE,Towers with Display (VFR),0,1,78,0,79,0,0,252,0,252,0,1,330,0,331,202,0,202,533
07/27/2004,DPA,IL,AGL,CE,Towers with Display (VFR),0,10,85,0,95,0,14,242,0,256,0,24,327,0,351,250,0,250,601
07/28/2004,DPA,IL,AGL,CE,Towers with Display (VFR),0,12,100,0,112,2,9,298,0,309,2,21,398,0,421,322,0,322,743
07/29/2004,DPA,IL,AGL,CE,Towers with Display (VFR),0,3,96,0,99,0,0,210,0,210,0,3,306,0,309,249,0,249,558
07/30/2004,DPA,IL,AGL,CE,Towers with Display (VFR),0,12,98,0,110,1,11,187,0,199,1,23,285,0,309,319,0,319,628
07/31/2004,DPA,IL,AGL,CE,Towers with Display (VFR),0,6,49,0,55,1,3,158,0,162,1,9,207,0,217,375,0,375,592
08/01/2004,DPA,IL,AGL,CE,Towers with Display (VFR),0,8,57,0,65,0,2,228,0,230,0,10,285,0,295,418,0,418,713
08/02/2004,DPA,IL,AGL,CE,Towers with Display (VFR),0,10,66,0,76,0,0,188,0,188,0,10,254,0,264,138,0,138,402
08/03/2004,DPA,IL,AGL,CE,Towers with Display (VFR),0,15,100,0,115,0,4,214,0,218,0,19,314,0,333,210,0,210,543
08/04/2004,DPA,IL,AGL,CE,Towers with Display (VFR),0,14,94,0,108,0,8,133,0,141,0,22,227,0,249,139,0,139,388
08/05/2004,DPA,IL,AGL,CE,Towers with Display (VFR),0,12,79,0,91,0,10,316,0,326,0,22,395,0,417,403,0,403,820
08/06/2004,DPA,IL,AGL,CE,Towers with Display (VFR),0,13,86,0,99,0,13,339,0,352,0,26,425,0,451,340,0,340,791
08/07/2004,DPA,IL,AGL,CE,Towers with Display (VFR),0,8,51,0,59,0,7,305,0,312,0,15,356,0,371,334,0,334,705
08/08/2004,DPA,IL,AGL,CE,Towers with Display (VFR),0,7,44,0,51,0,2,247,0,249,0,9,291,0,300,291,0,291,591
08/09/2004,DPA,IL,AGL,CE,Towers with Display (VFR),0,13,83,0,96,0,6,212,0,218,0,19,295,0,314,380,0,380,694
08/10/2004,DPA,IL,AGL,CE,Towers with Display (VFR),0,16,98,0,114,0,7,260,0,267,0,23,358,0,381,330,0,330,711
08/11/2004,DPA,IL,AGL,CE,Towers with Display (VFR),0,0,118,0,118,0,0,152,0,152,0,0,270,0,270,240,0,240,510
08/12/2004,DPA,IL,AGL,CE,Towers with Display (VFR),0,18,114,0,132,0,8,241,0,249,0,26,355,0,381,322,0,322,703
08/13/2004,DPA,IL,AGL,CE,Towers with Display (VFR),0,17,108,0,125,0,4,270,0,274,0,21,378,0,399,321,0,321,720
08/14/2004,DPA,IL,AGL,CE,Towers with Display (VFR),0,9,56,0,65,0,23,285,0,308,0,32,341,0,373,312,0,312,685
08/15/2004,DPA,IL,AGL,CE,Towers with Display (VFR),0,8,50,0,58,0,9,245,0,254,0,17,295,0,312,232,0,232,544
08/16/2004,DPA,IL,AGL,CE,Towers with Display (VFR),0,11,66,0,77,0,1,170,0,171,0,12,236,0,248,167,0,167,415
08/17/2004,DPA,IL,AGL,CE,Towers with Display (VFR),0,15,96,0,111,2,6,224,0,232,2,21,320,0,343,266,0,266,609
08/18/2004,DPA,IL,AGL,CE,Towers with Display (VFR),0,17,103,0,120,0,15,177,0,192,0,32,280,0,312,163,0,163,475
08/19/2004,DPA,IL,AGL,CE,Towers with Display (VFR),0,17,115,0,132,1,5,283,0,289,1,22,398,0,421,238,0,238,659
08/20/2004,DPA,IL,AGL,CE,Towers with Display (VFR),0,13,84,0,97,0,17,245,0,262,0,30,329,0,359,360,0,360,719
08/21/2004,DPA,IL,AGL,CE,Towers with Display (VFR),0,8,52,0,60,0,11,225,0,236,0,19,277,0,296,328,0,328,624
08/22/2004,DPA,IL,AGL,CE,Towers with Display (VFR),0,9,63,0,72,0,7,223,0,230,0,16,286,0,302,328,0,328,630
08/23/2004,DPA,IL,AGL,CE,Towers with Display (VFR),0,12,80,0,92,0,6,234,0,240,0,18,314,0,332,317,0,317,649
08/24/2004,DPA,IL,AGL,CE,Towers with Display (VFR),0,0,98,0,98,0,0,60,0,60,0,0,158,0,158,90,0,90,248
08/25/2004,DPA,IL,AGL,CE,Towers with Display (VFR),0,17,118,0,135,0,0,135,0,135,0,17,253,0,270,113,0,113,383
08/26/2004,DPA,IL,AGL,CE,Towers with Display (VFR),0,21,141,0,162,0,2,130,0,132,0,23,271,0,294,234,0,234,528
08/27/2004,DPA,IL,AGL,CE,Towers with Display (VFR),0,12,81,0,93,0,0,226,2,228,0,12,307,2,321,226,0,226,547
08/28/2004,DPA,IL,AGL,CE,Towers with Display (VFR),0,3,63,0,66,0,0,46,0,46,0,3,109,0,112,130,0,130,242
08/29/2004,DPA,IL,AGL,CE,Towers with Display (VFR),0,12,80,0,92,0,3,217,0,220,0,15,297,0,312,422,0,422,734
08/30/2004,DPA,IL,AGL,CE,Towers with Display (VFR),0,11,75,0,86,0,1,313,0,314,0,12,388,0,400,312,0,312,712
08/31/2004,DPA,IL,AGL,CE,Towers with Display (VFR),0,16,106,0,122,1,1,392,0,394,1,17,498,0,516,340,0,340,856
09/01/2004,DPA,IL,AGL,CE,Towers with Display (VFR),0,13,99,0,112,0,0,280,0,280,0,13,379,0,392,338,0,338,730
09/02/2004,DPA,IL,AGL,CE,Towers with Display (VFR),0,15,99,0,114,0,8,278,0,286,0,23,377,0,400,396,0,396,796
09/03/2004,DPA,IL,AGL,CE,Towers with Display (VFR),0,10,82,0,92,0,0,276,0,276,0,10,358,0,368,332,0,332,700
09/04/2004,DPA,IL,AGL,CE,Towers with Display (VFR),1,4,49,0,54,1,0,172,0,173,2,4,221,0,227,279,0,279,506
09/05/2004,DPA,IL,AGL,CE,Towers with Display (VFR),0,3,29,0,32,0,2,182,0,184,0,5,211,0,216,310,0,310,526
09/06/2004,DPA,IL,AGL,CE,Towers with Display (VFR),0,1,64,0,65,0,0,91,0,91,0,1,155,0,156,126,0,126,282
09/07/2004,DPA,IL,AGL,CE,Towers with Display (VFR),0,15,90,0,105,0,6,286,0,292,0,21,376,0,397,313,0,313,710
09/08/2004,DPA,IL,AGL,CE,Towers with Display (VFR),0,15,103,0,118,0,0,225,0,225,0,15,328,0,343,281,0,281,624
09/09/2004,DPA,IL,AGL,CE,Towers with Display (VFR),2,18,117,0,137,0,2,243,2,247,2,20,360,2,384,241,0,241,625
09/10/2004,DPA,IL,AGL,CE,Towers with Display (VFR),1,11,85,0,97,1,0,290,0,291,2,11,375,0,388,252,0,252,640
09/11/2004,DPA,IL,AGL,CE,Towers with Display (VFR),0,6,39,0,45,0,3,300,0,303,0,9,339,0,348,377,0,377,725
09/12/2004,DPA,IL,AGL,CE,Towers with Display (VFR),0,10,64,0,74,0,27,283,0,310,0,37,347,0,384,359,0,359,743
09/13/2004,DPA,IL,AGL,CE,Towers with Display (VFR),0,11,88,0,99,0,0,287,0,287,0,11,375,0,386,293,0,293,679
09/14/2004,DPA,IL,AGL,CE,Towers with Display (VFR),0,9,97,0,106,0,0,143,1,144,0,9,240,1,250,180,0,180,430
09/15/2004,DPA,IL,AGL,CE,Towers with Display (VFR),1,16,100,0,117,1,15,132,0,148,2,31,232,0,265,149,0,149,414
09/16/2004,DPA,IL,AGL,CE,Towers with Display (VFR),0,17,114,1,132,0,0,292,3,295,0,17,406,4,427,218,0,218,645
09/17/2004,DPA,IL,AGL,CE,Towers with Display (VFR),0,17,107,0,124,0,13,280,0,293,0,30,387,0,417,178,0,178,595
09/18/2004,DPA,IL,AGL,CE,Towers with Display (VFR),0,8,53,0,61,0,5,308,0,313,0,13,361,0,374,388,0,388,762
09/19/2004,DPA,IL,AGL,CE,Towers with Display (VFR),0,6,81,0,87,0,0,267,0,267,0,6,348,0,354,338,0,338,692
09/20/2004,DPA,IL,AGL,CE,Towers with Display (VFR),0,15,90,0,105,0,6,233,0,239,0,21,323,0,344,355,0,355,699
09/21/2004,DPA,IL,AGL,CE,Towers with Display (VFR),0,14,83,0,97,2,16,268,0,286,2,30,351,0,383,328,0,328,711
09/22/2004,DPA,IL,AGL,CE,Towers with Display (VFR),1,18,114,0,133,1,29,261,0,291,2,47,375,0,424,284,0,284,708
09/23/2004,DPA,IL,AGL,CE,Towers with Display (VFR),0,16,104,0,120,0,4,279,0,283,0,20,383,0,403,224,0,224,627
09/24/2004,DPA,IL,AGL,CE,Towers with Display (VFR),1,18,114,0,133,1,11,323,0,335,2,29,437,0,468,187,0,187,655
09/25/2004,DPA,IL,AGL,CE,Towers with Display (VFR),0,7,47,0,54,2,3,254,0,259,2,10,301,0,313,290,0,290,603
09/26/2004,DPA,IL,AGL,CE,Towers with Display (VFR),0,12,74,0,86,2,17,314,0,333,2,29,388,0,419,348,0,348,767
09/27/2004,DPA,IL,AGL,CE,Towers with Display (VFR),0,11,69,0,80,1,1,210,0,212,1,12,279,0,292,274,0,274,566
09/28/2004,DPA,IL,AGL,CE,Towers with Display (VFR),1,17,108,0,126,1,6,222,0,229,2,23,330,0,355,216,0,216,571
09/29/2004,DPA,IL,AGL,CE,Towers with Display (VFR),1,17,108,0,126,0,6,248,0,254,1,23,356,0,380,292,0,292,672
09/30/2004,DPA,IL,AGL,CE,Towers with Display (VFR),0,17,108,0,125,0,21,275,0,296,0,38,383,0,421,230,0,230,651
10/01/2004,DPA,IL,AGL,CE,Towers with Radar,0,12,80,0,92,0,1,249,0,250,0,13,329,0,342,112,0,112,454
10/02/2004,DPA,IL,AGL,CE,Towers with Radar,0,8,65,0,73,0,7,291,0,298,0,15,356,0,371,309,0,309,680
10/03/2004,DPA,IL,AGL,CE,Towers with Radar,0,9,74,0,83,0,3,270,0,273,0,12,344,0,356,240,0,240,596
10/04/2004,DPA,IL,AGL,CE,Towers with Radar,0,12,77,0,89,0,7,191,0,198,0,19,268,0,287,227,0,227,514
10/05/2004,DPA,IL,AGL,CE,Towers with Radar,0,6,92,0,98,0,0,120,0,120,0,6,212,0,218,162,0,162,380
10/06/2004,DPA,IL,AGL,CE,Towers with Radar,2,21,93,0,116,0,31,237,4,272,2,52,330,4,388,237,0,237,625
10/07/2004,DPA,IL,AGL,CE,Towers with Radar,0,20,91,0,111,0,17,244,0,261,0,37,335,0,372,168,0,168,540
10/08/2004,DPA,IL,AGL,CE,Towers with Radar,0,26,135,0,161,0,0,35,0,35,0,26,170,0,196,4,0,4,200
10/09/2004,DPA,IL,AGL,CE,Towers with Radar,0,8,56,0,64,0,22,289,0,311,0,30,345,0,375,298,0,298,673
10/10/2004,DPA,IL,AGL,CE,Towers with Radar,0,10,65,0,75,0,8,318,0,326,0,18,383,0,401,270,0,270,671
10/11/2004,DPA,IL,AGL,CE,Towers with Radar,0,11,91,0,102,0,3,226,0,229,0,14,317,0,331,338,0,338,669
10/12/2004,DPA,IL,AGL,CE,Towers with Radar,0,16,110,0,126,0,8,235,0,243,0,24,345,0,369,356,0,356,725
10/13/2004,DPA,IL,AGL,CE,Towers with Radar,0,13,107,0,120,0,2,160,0,162,0,15,267,0,282,181,0,181,463
10/14/2004,DPA,IL,AGL,CE,Towers with Radar,0,15,120,0,135,0,6,193,0,199,0,21,313,0,334,188,0,188,522
10/15/2004,DPA,IL,AGL,CE,Towers with Radar,1,15,106,0,122,0,3,166,0,169,1,18,272,0,291,370,0,370,661
10/16/2004,DPA,IL,AGL,CE,Towers with Radar,2,5,36,0,43,0,11,94,0,105,2,16,130,0,148,182,0,182,330
10/17/2004,DPA,IL,AGL,CE,Towers with Radar,0,3,73,0,76,0,6,326,0,332,0,9,399,0,408,407,0,407,815
10/18/2004,DPA,IL,AGL,CE,Towers with Radar,0,10,74,0,84,0,10,173,0,183,0,20,247,0,267,202,0,202,469
10/19/2004,DPA,IL,AGL,CE,Towers with Radar,0,21,126,0,147,0,5,103,0,108,0,26,229,0,255,66,0,66,321
10/20/2004,DPA,IL,AGL,CE,Towers with Radar,0,7,129,0,136,0,1,38,16,55,0,8,167,16,191,14,0,14,205
10/21/2004,DPA,IL,AGL,CE,Towers with Radar,2,15,117,0,134,0,8,348,0,356,2,23,465,0,490,370,0,370,860
10/22/2004,DPA,IL,AGL,CE,Towers with Radar,0,10,105,0,115,0,6,113,0,119,0,16,218,0,234,106,0,106,340
10/23/2004,DPA,IL,AGL,CE,Towers with Radar,0,6,76,0,82,0,0,63,0,63,0,6,139,0,145,56,0,56,201
10/24/2004,DPA,IL,AGL,CE,Towers with Radar,0,7,61,0,68,0,8,404,0,412,0,15,465,0,480,371,0,371,851
10/25/2004,DPA,IL,AGL,CE,Towers with Radar,0,4,96,0,100,0,14,292,1,307,0,18,388,1,407,292,0,292,699
10/26/2004,DPA,IL,AGL,CE,Towers with Radar,0,18,124,0,142,0,2,197,0,199,0,20,321,0,341,165,0,165,506
10/27/2004,DPA,IL,AGL,CE,Towers with Radar,0,8,127,0,135,0,2,137,0,139,0,10,264,0,274,200,0,200,474
10/28/2004,DPA,IL,AGL,CE,Towers with Radar,0,19,131,0,150,0,2,137,0,139,0,21,268,0,289,181,0,181,470
10/29/2004,DPA,IL,AGL,CE,Towers with Radar,0,11,105,0,116,0,0,110,0,110,0,11,215,0,226,182,0,182,408
10/30/2004,DPA,IL,AGL,CE,Towers with Radar,0,5,30,0,35,0,0,37,0,37,0,5,67,0,72,109,0,109,181
10/31/2004,DPA,IL,AGL,CE,Towers with Radar,0,6,40,0,46,0,4,209,0,213,0,10,249,0,259,231,0,231,490
11/01/2004,DPA,IL,AGL,CE,Towers with Radar,0,7,93,0,100,0,0,29,0,29,0,7,122,0,129,76,0,76,205
11/02/2004,DPA,IL,AGL,CE,Towers with Radar,0,15,96,0,111,0,4,117,0,121,0,19,213,0,232,204,0,204,436
11/03/2004,DPA,IL,AGL,CE,Towers with Radar,0,19,104,0,123,0,10,237,0,247,0,29,341,0,370,266,0,266,636
11/04/2004,DPA,IL,AGL,CE,Towers with Radar,0,13,85,0,98,0,10,108,0,118,0,23,193,0,216,88,0,88,304
11/05/2004,DPA,IL,AGL,CE,Towers with Radar,0,8,79,0,87,0,4,273,0,277,0,12,352,0,364,298,0,298,662
11/06/2004,DPA,IL,AGL,CE,Towers with Radar,0,8,41,0,49,0,10,259,2,271,0,18,300,2,320,234,0,234,554
11/07/2004,DPA,IL,AGL,CE,Towers with Radar,0,11,67,0,78,0,14,235,0,249,0,25,302,0,327,225,0,225,552
11/08/2004,DPA,IL,AGL,CE,Towers with Radar,0,9,104,0,113,0,4,266,0,270,0,13,370,0,383,158,0,158,541
11/09/2004,DPA,IL,AGL,CE,Towers with Radar,0,19,82,0,101,0,3,244,0,247,0,22,326,0,348,164,0,164,512
11/10/2004,DPA,IL,AGL,CE,Towers with Radar,0,18,107,0,125,0,2,202,0,204,0,20,309,0,329,268,0,268,597
11/11/2004,DPA,IL,AGL,CE,Towers with Radar,0,13,84,0,97,0,4,150,0,154,0,17,234,0,251,162,0,162,413
11/12/2004,DPA,IL,AGL,CE,Towers with Radar,0,12,84,0,96,0,4,270,0,274,0,16,354,0,370,295,0,295,665
11/13/2004,DPA,IL,AGL,CE,Towers with Radar,0,9,47,0,56,0,3,338,0,341,0,12,385,0,397,279,0,279,676
11/14/2004,DPA,IL,AGL,CE,Towers with Radar,0,5,63,0,68,0,2,287,0,289,0,7,350,0,357,236,0,236,593
11/15/2004,DPA,IL,AGL,CE,Towers with Radar,0,1,80,0,81,0,1,224,0,225,0,2,304,0,306,204,0,204,510
11/16/2004,DPA,IL,AGL,CE,Towers with Radar,0,12,132,0,144,0,1,74,0,75,0,13,206,0,219,72,0,72,291
11/17/2004,DPA,IL,AGL,CE,Towers with Radar,0,14,107,0,121,0,6,54,0,60,0,20,161,0,181,22,0,22,203
11/18/2004,DPA,IL,AGL,CE,Towers with Radar,0,9,100,0,109,0,7,50,0,57,0,16,150,0,166,110,0,110,276
11/19/2004,DPA,IL,AGL,CE,Towers with Radar,0,12,91,0,103,0,0,0,0,0,0,12,91,0,103,0,0,0,103
11/20/2004,DPA,IL,AGL,CE,Towers with Radar,0,6,84,0,90,0,4,105,0,109,0,10,189,0,199,259,0,259,458
11/21/2004,DPA,IL,AGL,CE,Towers with Radar,0,4,49,0,53,0,4,280,0,284,0,8,329,0,337,306,0,306,643
11/22/2004,DPA,IL,AGL,CE,Towers with Radar,0,13,105,0,118,0,6,244,0,250,0,19,349,0,368,161,0,161,529
11/23/2004,DPA,IL,AGL,CE,Towers with Radar,0,13,119,0,132,0,2,203,0,205,0,15,322,0,337,369,0,369,706
11/24/2004,DPA,IL,AGL,CE,Towers with Radar,0,8,68,0,76,0,0,25,0,25,0,8,93,0,101,0,0,0,101
11/25/2004,DPA,IL,AGL,CE,Towers with Radar,0,4,24,0,28,0,1,73,0,74,0,5,97,0,102,24,0,24,126
11/26/2004,DPA,IL,AGL,CE,Towers with Radar,0,0,51,0,51,0,3,129,0,132,0,3,180,0,183,200,0,200,383
11/27/2004,DPA,IL,AGL,CE,Towers with Radar,0,9,40,0,49,0,0,0,0,0,0,9,40,0,49,0,0,0,49
11/28/2004,DPA,IL,AGL,CE,Towers with Radar,0,13,90,0,103,0,3,292,0,295,0,16,382,0,398,268,0,268,666
11/29/2004,DPA,IL,AGL,CE,Towers with Radar,0,4,63,0,67,0,0,5,0,5,0,4,68,0,72,8,0,8,80
11/30/2004,DPA,IL,AGL,CE,Towers with Radar,0,8,80,0,88,0,0,71,0,71,0,8,151,0,159,142,0,142,301
12/01/2004,DPA,IL,AGL,CE,Towers with Radar,0,11,115,0,126,0,1,242,0,243,0,12,357,0,369,174,0,174,543
12/02/2004,DPA,IL,AGL,CE,Towers with Radar,0,10,107,0,117,0,5,202,0,207,0,15,309,0,324,177,0,177,501
12/03/2004,DPA,IL,AGL,CE,Towers with Radar,0,13,85,0,98,0,7,227,0,234,0,20,312,0,332,205,0,205,537
12/04/2004,DPA,IL,AGL,CE,Towers with Radar,0,7,38,0,45,0,5,210,0,215,0,12,248,0,260,195,0,195,455
12/05/2004,DPA,IL,AGL,CE,Towers with Radar,0,7,46,0,53,0,5,181,0,186,0,12,227,0,239,189,0,189,428
12/06/2004,DPA,IL,AGL,CE,Towers with Radar,0,13,77,0,90,0,9,15,0,24,0,22,92,0,114,50,0,50,164
12/07/2004,DPA,IL,AGL,CE,Towers with Radar,0,11,97,0,108,0,0,15,0,15,0,11,112,0,123,0,0,0,123
12/08/2004,DPA,IL,AGL,CE,Towers with Radar,0,18,83,0,101,0,0,114,0,114,0,18,197,0,215,135,0,135,350
12/09/2004,DPA,IL,AGL,CE,Towers with Radar,0,28,109,0,137,0,0,112,0,112,0,28,221,0,249,170,0,170,419
12/10/2004,DPA,IL,AGL,CE,Towers with Radar,0,15,88,2,105,0,0,0,0,0,0,15,88,2,105,0,0,0,105
12/11/2004,DPA,IL,AGL,CE,Towers with Radar,0,4,38,0,42,0,0,172,0,172,0,4,210,0,214,288,0,288,502
12/12/2004,DPA,IL,AGL,CE,Towers with Radar,0,0,30,0,30,0,4,8,0,12,0,4,38,0,42,16,0,16,58
12/13/2004,DPA,IL,AGL,CE,Towers with Radar,0,5,53,0,58,0,23,89,2,114,0,28,142,2,172,68,0,68,240
12/14/2004,DPA,IL,AGL,CE,Towers with Radar,0,10,75,0,85,0,10,229,0,239,0,20,304,0,324,180,0,180,504
12/15/2004,DPA,IL,AGL,CE,Towers with Radar,0,7,79,0,86,0,11,211,1,223,0,18,290,1,309,177,0,177,486
12/16/2004,DPA,IL,AGL,CE,Towers with Radar,0,11,95,0,106,0,5,215,0,220,0,16,310,0,326,66,0,66,392
12/17/2004,DPA,IL,AGL,CE,Towers with Radar,0,17,79,0,96,0,2,277,0,279,0,19,356,0,375,262,0,262,637
12/18/2004,DPA,IL,AGL,CE,Towers with Radar,0,8,48,0,56,0,3,160,0,163,0,11,208,0,219,198,0,198,417
12/19/2004,DPA,IL,AGL,CE,Towers with Radar,0,7,41,0,48,0,2,94,0,96,0,9,135,0,144,22,0,22,166
12/20/2004,DPA,IL,AGL,CE,Towers with Radar,0,15,52,0,67,0,8,125,0,133,0,23,177,0,200,55,0,55,255
12/21/2004,DPA,IL,AGL,CE,Towers with Radar,0,8,90,0,98,0,10,158,0,168,0,18,248,0,266,277,0,277,543
12/22/2004,DPA,IL,AGL,CE,Towers with Radar,0,8,76,0,84,0,2,159,0,161,0,10,235,0,245,105,0,105,350
12/23/2004,DPA,IL,AGL,CE,Towers with Radar,2,8,60,0,70,0,2,137,0,139,2,10,197,0,209,172,0,172,381
12/24/2004,DPA,IL,AGL,CE,Towers with Radar,0,10,16,0,26,0,2,55,0,57,0,12,71,0,83,22,0,22,105
12/25/2004,DPA,IL,AGL,CE,Towers with Radar,0,10,3,0,13,0,0,7,0,7,0,10,10,0,20,0,0,0,20
12/26/2004,DPA,IL,AGL,CE,Towers with Radar,0,17,58,0,75,0,10,177,0,187,0,27,235,0,262,236,0,236,498
12/27/2004,DPA,IL,AGL,CE,Towers with Radar,0,10,43,0,53,0,6,221,0,227,0,16,264,0,280,265,0,265,545
12/28/2004,DPA,IL,AGL,CE,Towers with Radar,0,12,54,0,66,0,7,155,0,162,0,19,209,0,228,178,0,178,406
12/29/2004,DPA,IL,AGL,CE,Towers with Radar,0,10,45,0,55,0,0,139,0,139,0,10,184,0,194,282,0,282,476
12/30/2004,DPA,IL,AGL,CE,Towers with Radar,0,5,30,0,35,0,4,1,1,6,0,9,31,1,41,0,0,0,41
12/31/2004,DPA,IL,AGL,CE,Towers with Radar,0,10,20,0,30,0,4,189,0,193,0,14,209,0,223,267,0,267,490
01/01/2005,DPA,IL,AGL,CE,Towers with Radar,0,3,16,0,19,0,7,66,0,73,0,10,82,0,92,64,0,64,156
01/02/2005,DPA,IL,AGL,CE,Towers with Radar,0,3,90,0,93,0,0,0,0,0,0,3,90,0,93,0,0,0,93
01/03/2005,DPA,IL,AGL,CE,Towers with Radar,0,5,55,0,60,0,2,2,0,4,0,7,57,0,64,0,0,0,64
01/04/2005,DPA,IL,AGL,CE,Towers with Radar,0,9,60,0,69,0,0,0,0,0,0,9,60,0,69,0,0,0,69
01/05/2005,DPA,IL,AGL,CE,Towers with Radar,0,4,46,0,50,0,0,0,0,0,0,4,46,0,50,0,0,0,50
01/06/2005,DPA,IL,AGL,CE,Towers with Radar,0,6,63,0,69,0,5,54,0,59,0,11,117,0,128,42,0,42,170
01/07/2005,DPA,IL,AGL,CE,Towers with Radar,2,12,66,0,80,0,0,64,0,64,2,12,130,0,144,128,0,128,272
01/08/2005,DPA,IL,AGL,CE,Towers with Radar,0,3,33,0,36,0,2,78,0,80,0,5,111,0,116,224,0,224,340
01/09/2005,DPA,IL,AGL,CE,Towers with Radar,0,4,45,0,49,0,0,0,0,0,0,4,45,0,49,0,0,0,49
01/10/2005,DPA,IL,AGL,CE,Towers with Radar,0,2,69,0,71,0,32,123,0,155,0,34,192,0,226,122,0,122,348
01/11/2005,DPA,IL,AGL,CE,Towers with Radar,0,9,68,0,77,0,0,0,0,0,0,9,68,0,77,0,0,0,77
01/12/2005,DPA,IL,AGL,CE,Towers with Radar,0,3,59,0,62,0,0,20,0,20,0,3,79,0,82,2,0,2,84
01/13/2005,DPA,IL,AGL,CE,Towers with Radar,0,0,24,0,24,0,0,0,0,0,0,0,24,0,24,44,0,44,68
01/14/2005,DPA,IL,AGL,CE,Towers with Radar,0,15,89,0,104,0,13,210,0,223,0,28,299,0,327,172,0,172,499
01/15/2005,DPA,IL,AGL,CE,Towers with Radar,0,9,37,0,46,0,5,139,0,144,0,14,176,0,190,60,0,60,250
01/16/2005,DPA,IL,AGL,CE,Towers with Radar,0,12,25,0,37,0,0,159,4,163,0,12,184,4,200,236,0,236,436
01/17/2005,DPA,IL,AGL,CE,Towers with Radar,0,7,67,0,74,0,6,159,10,175,0,13,226,10,249,292,0,292,541
01/18/2005,DPA,IL,AGL,CE,Towers with Radar,0,11,80,0,91,0,0,128,0,128,0,11,208,0,219,56,0,56,275
01/19/2005,DPA,IL,AGL,CE,Towers with Radar,0,17,78,0,95,0,26,108,1,135,0,43,186,1,230,34,0,34,264
01/20/2005,DPA,IL,AGL,CE,Towers with Radar,0,16,19,0,35,0,4,0,0,4,0,20,19,0,39,0,0,0,39
01/21/2005,DPA,IL,AGL,CE,Towers with Radar,0,7,76,0,83,0,6,122,0,128,0,13,198,0,211,129,0,129,340
01/22/2005,DPA,IL,AGL,CE,Towers with Radar,0,14,25,0,39,0,6,0,0,6,0,20,25,0,45,0,0,0,45
01/23/2005,DPA,IL,AGL,CE,Towers with Radar,0,4,40,0,44,0,10,182,0,192,0,14,222,0,236,320,0,320,556
01/24/2005,DPA,IL,AGL,CE,Towers with Radar,0,16,67,0,83,0,0,157,0,157,0,16,224,0,240,128,0,128,368
01/25/2005,DPA,IL,AGL,CE,Towers with Radar,0,13,90,0,103,0,1,219,0,220,0,14,309,0,323,269,0,269,592
01/26/2005,DPA,IL,AGL,CE,Towers with Radar,0,8,77,0,85,0,13,138,0,151,0,21,215,0,236,162,0,162,398
01/27/2005,DPA,IL,AGL,CE,Towers with Radar,0,11,78,0,89,0,2,202,0,204,0,13,280,0,293,169,0,169,462
01/28/2005,DPA,IL,AGL,CE,Towers with Radar,0,16,60,0,76,0,4,210,0,214,0,20,270,0,290,161,0,161,451
01/29/2005,DPA,IL,AGL,CE,Towers with Radar,0,4,29,0,33,0,9,190,0,199,0,13,219,0,232,337,0,337,569
01/30/2005,DPA,IL,AGL,CE,Towers with Radar,0,7,54,0,61,0,0,220,0,220,0,7,274,0,281,295,0,295,576
01/31/2005,DPA,IL,AGL,CE,Towers with Radar,0,4,68,0,72,0,7,167,0,174,0,11,235,0,246,88,0,88,334
02/01/2005,DPA,IL,AGL,CE,Towers with Radar,0,10,61,0,71,0,12,183,0,195,0,22,244,0,266,188,0,188,454
02/02/2005,DPA,IL,AGL,CE,Towers with Radar,0,6,74,0,80,0,5,242,0,247,0,11,316,0,327,182,0,182,509
02/03/2005,DPA,IL,AGL,CE,Towers with Radar,0,17,74,0,91,0,5,231,0,236,0,22,305,0,327,170,0,170,497
02/04/2005,DPA,IL,AGL,CE,Towers with Radar,0,14,108,0,122,0,20,140,0,160,0,34,248,0,282,188,0,188,470
02/05/2005,DPA,IL,AGL,CE,Towers with Radar,0,2,63,0,65,0,5,283,0,288,0,7,346,0,353,332,0,332,685
02/06/2005,DPA,IL,AGL,CE,Towers with Radar,0,4,36,0,40,0,6,159,0,165,0,10,195,0,205,250,0,250,455
02/07/2005,DPA,IL,AGL,CE,Towers with Radar,0,4,66,0,70,0,0,0,0,0,0,4,66,0,70,0,0,0,70
02/08/2005,DPA,IL,AGL,CE,Towers with Radar,0,10,72,0,82,0,2,104,0,106,0,12,176,0,188,92,0,92,280
02/09/2005,DPA,IL,AGL,CE,Towers with Radar,0,4,89,0,93,0,4,93,0,97,0,8,182,0,190,76,0,76,266
02/10/2005,DPA,IL,AGL,CE,Towers with Radar,0,7,96,0,103,0,6,244,0,250,0,13,340,0,353,239,0,239,592
02/11/2005,DPA,IL,AGL,CE,Towers with Radar,0,16,79,0,95,0,4,252,0,256,0,20,331,0,351,267,0,267,618
02/12/2005,DPA,IL,AGL,CE,Towers with Radar,0,6,34,0,40,0,18,308,0,326,0,24,342,0,366,286,0,286,652
02/13/2005,DPA,IL,AGL,CE,Towers with Radar,0,10,55,0,65,0,0,18,0,18,0,10,73,0,83,34,0,34,117
02/14/2005,DPA,IL,AGL,CE,Towers with Radar,0,5,72,0,77,0,7,84,0,91,0,12,156,0,168,40,0,40,208
02/15/2005,DPA,IL,AGL,CE,Towers with Radar,0,5,119,0,124,0,0,46,0,46,0,5,165,0,170,46,0,46,216
02/16/2005,DPA,IL,AGL,CE,Towers with Radar,0,8,138,0,146,0,4,185,0,189,0,12,323,0,335,116,0,116,451
02/17/2005,DPA,IL,AGL,CE,Towers with Radar,0,10,60,0,70,0,12,161,0,173,0,22,221,0,243,69,0,69,312
02/18/2005,DPA,IL,AGL,CE,Towers with Radar,0,8,87,0,95,0,17,242,0,259,0,25,329,0,354,308,0,308,662
02/19/2005,DPA,IL,AGL,CE,Towers with Radar,0,2,46,0,48,0,4,213,0,217,0,6,259,0,265,274,0,274,539
02/20/2005,DPA,IL,AGL,CE,Towers with Radar,0,7,24,0,31,0,0,0,0,0,0,7,24,0,31,0,0,0,31
02/21/2005,DPA,IL,AGL,CE,Towers with Radar,0,7,84,0,91,0,3,141,0,144,0,10,225,0,235,288,0,288,523
02/22/2005,DPA,IL,AGL,CE,Towers with Radar,0,10,81,0,91,0,6,115,0,121,0,16,196,0,212,142,0,142,354
02/23/2005,DPA,IL,AGL,CE,Towers with Radar,0,12,91,0,103,0,8,195,0,203,0,20,286,0,306,246,0,246,552
02/24/2005,DPA,IL,AGL,CE,Towers with Radar,0,8,88,0,96,0,13,151,0,164,0,21,239,0,260,354,0,354,614
02/25/2005,DPA,IL,AGL,CE,Towers with Radar,0,12,92,0,104,0,6,184,0,190,0,18,276,0,294,280,0,280,574
02/26/2005,DPA,IL,AGL,CE,Towers with Radar,0,10,43,0,53,0,9,204,0,213,0,19,247,0,266,470,0,470,736
02/27/2005,DPA,IL,AGL,CE,Towers with Radar,0,8,53,0,61,0,1,115,0,116,0,9,168,0,177,134,0,134,311
02/28/2005,DPA,IL,AGL,CE,Towers with Radar,2,7,80,0,89,0,4,4,0,8,2,11,84,0,97,8,0,8,105
03/01/2005,DPA,IL,AGL,CE,Towers with Radar,0,6,73,0,79,0,13,155,0,168,0,19,228,0,247,97,0,97,344
03/02/2005,DPA,IL,AGL,CE,Towers with Radar,0,20,79,0,99,0,21,195,0,216,0,41,274,0,315,122,0,122,437
03/03/2005,DPA,IL,AGL,CE,Towers with Radar,0,12,100,0,112,0,18,252,0,270,0,30,352,0,382,249,0,249,631
03/04/2005,DPA,IL,AGL,CE,Towers with Radar,0,10,82,0,92,0,6,200,2,208,0,16,282,2,300,213,2,215,515
03/05/2005,DPA,IL,AGL,CE,Towers with Radar,0,2,38,0,40,0,0,67,0,67,0,2,105,0,107,326,0,326,433
03/06/2005,DPA,IL,AGL,CE,Towers with Radar,0,2,44,0,46,0,3,189,0,192,0,5,233,0,238,222,0,222,460
03/07/2005,DPA,IL,AGL,CE,Towers with Radar,0,8,72,0,80,0,4,78,0,82,0,12,150,0,162,36,0,36,198
03/08/2005,DPA,IL,AGL,CE,Towers with Radar,0,13,90,0,103,0,3,163,0,166,0,16,253,0,269,58,0,58,327
03/09/2005,DPA,IL,AGL,CE,Towers with Radar,0,8,98,0,106,0,16,240,0,256,0,24,338,0,362,268,0,268,630
03/10/2005,DPA,IL,AGL,CE,Towers with Radar,0,13,58,0,71,0,7,20,0,27,0,20,78,0,98,0,0,0,98
03/11/2005,DPA,IL,AGL,CE,Towers with Radar,0,2,70,0,72,0,0,151,0,151,0,2,221,0,223,167,0,167,390
03/12/2005,DPA,IL,AGL,CE,Towers with Radar,0,5,35,0,40,0,6,263,0,269,0,11,298,0,309,274,0,274,583
03/13/2005,DPA,IL,AGL,CE,Towers with Radar,0,1,65,0,66,0,6,292,0,298,0,7,357,0,364,287,0,287,651
03/14/2005,DPA,IL,AGL,CE,Towers with Radar,0,10,70,0,80,0,6,178,0,184,0,16,248,0,264,244,0,244,508
03/15/2005,DPA,IL,AGL,CE,Towers with Radar,0,16,60,0,76,0,23,179,0,202,0,39,239,0,278,159,0,159,437
03/16/2005,DPA,IL,AGL,CE,Towers with Radar,0,7,71,0,78,0,10,217,1,228,0,17,288,1,306,305,0,305,611
03/17/2005,DPA,IL,AGL,CE,Towers with Radar,0,23,102,0,125,0,2,50,0,52,0,25,152,0,177,40,0,40,217
03/18/2005,DPA,IL,AGL,CE,Towers with Radar,0,10,101,0,111,0,7,183,0,190,0,17,284,0,301,246,0,246,547
03/19/2005,DPA,IL,AGL,CE,Towers with Radar,0,6,60,0,66,0,6,53,0,59,0,12,113,0,125,268,0,268,393
03/20/2005,DPA,IL,AGL,CE,Towers with Radar,0,5,89,0,94,0,8,221,0,229,0,13,310,0,323,360,0,360,683
03/21/2005,DPA,IL,AGL,CE,Towers with Radar,0,5,69,0,74,0,0,183,0,183,0,5,252,0,257,192,0,192,449
03/22/2005,DPA,IL,AGL,CE,Towers with Radar,0,8,85,2,95,0,26,147,0,173,0,34,232,2,268,98,0,98,366
03/23/2005,DPA,IL,AGL,CE,Towers with Radar,0,17,92,0,109,0,3,149,0,152,0,20,241,0,261,96,0,96,357
03/24/2005,DPA,IL,AGL,CE,Towers with Radar,0,18,112,0,130,0,0,233,0,233,0,18,345,0,363,226,0,226,589
03/25/2005,DPA,IL,AGL,CE,Towers with Radar,0,8,83,0,91,0,2,35,0,37,0,10,118,0,128,73,0,73,201
03/26/2005,DPA,IL,AGL,CE,Towers with Radar,0,7,62,0,69,0,1,248,0,249,0,8,310,0,318,376,0,376,694
03/27/2005,DPA,IL,AGL,CE,Towers with Radar,0,9,32,0,41,0,4,131,0,135,0,13,163,0,176,194,0,194,370
03/28/2005,DPA,IL,AGL,CE,Towers with Radar,2,10,75,0,87,0,8,279,0,287,2,18,354,0,374,249,0,249,623
03/29/2005,DPA,IL,AGL,CE,Towers with Radar,0,13,62,0,75,0,8,188,0,196,0,21,250,0,271,291,0,291,562
03/30/2005,DPA,IL,AGL,CE,Towers with Radar,0,10,47,2,59,0,3,73,1,77,0,13,120,3,136,36,0,36,172
03/31/2005,DPA,IL,AGL,CE,Towers with Radar,0,14,70,0,84,0,1,98,0,99,0,15,168,0,183,24,0,24,207
04/01/2005,DPA,IL,AGL,CE,Towers with Radar,0,14,84,0,98,0,2,177,0,179,0,16,261,0,277,295,0,295,572
04/02/2005,DPA,IL,AGL,CE,Towers with Radar,0,5,54,0,59,0,5,232,0,237,0,10,286,0,296,267,0,267,563
04/03/2005,DPA,IL,AGL,CE,Towers with Radar,0,10,73,0,83,0,9,398,0,407,0,19,471,0,490,371,0,371,861
04/04/2005,DPA,IL,AGL,CE,Towers with Radar,0,4,72,0,76,0,1,209,0,210,0,5,281,0,286,246,0,246,532
04/05/2005,DPA,IL,AGL,CE,Towers with Radar,0,22,88,0,110,0,1,245,0,246,0,23,333,0,356,238,0,238,594
04/06/2005,DPA,IL,AGL,CE,Towers with Radar,0,18,79,0,97,0,1,154,2,157,0,19,233,2,254,117,0,117,371
04/07/2005,DPA,IL,AGL,CE,Towers with Radar,0,12,111,0,123,0,2,149,0,151,0,14,260,0,274,123,0,123,397
04/08/2005,DPA,IL,AGL,CE,Towers with Radar,0,12,83,0,95,0,5,357,0,362,0,17,440,0,457,262,0,262,719
04/09/2005,DPA,IL,AGL,CE,Towers with Radar,0,2,31,0,33,0,0,291,0,291,0,2,322,0,324,302,0,302,626
04/10/2005,DPA,IL,AGL,CE,Towers with Radar,0,6,53,0,59,0,2,238,0,240,0,8,291,0,299,281,0,281,580
04/11/2005,DPA,IL,AGL,CE,Towers with Radar,0,7,59,0,66,0,1,125,0,126,0,8,184,0,192,150,0,150,342
04/12/2005,DPA,IL,AGL,CE,Towers with Radar,0,8,89,4,101,0,4,48,1,53,0,12,137,5,154,66,0,66,220
04/13/2005,DPA,IL,AGL,CE,Towers with Radar,0,7,83,0,90,0,2,140,0,142,0,9,223,0,232,106,0,106,338
04/14/2005,DPA,IL,AGL,CE,Towers with Radar,0,16,117,0,133,0,13,287,0,300,0,29,404,0,433,342,8,350,783
04/15/2005,DPA,IL,AGL,CE,Towers with Radar,0,11,77,0,88,0,4,287,0,291,0,15,364,0,379,168,0,168,547
04/16/2005,DPA,IL,AGL,CE,Towers with Radar,0,6,57,0,63,0,3,225,0,228,0,9,282,0,291,166,0,166,457
04/17/2005,DPA,IL,AGL,CE,Towers with Radar,0,4,53,0,57,0,1,221,0,222,0,5,274,0,279,327,0,327,606
04/18/2005,DPA,IL,AGL,CE,Towers with Radar,0,4,82,0,86,0,6,232,0,238,0,10,314,0,324,210,0,210,534
04/19/2005,DPA,IL,AGL,CE,Towers with Radar,0,21,58,8,87,0,6,193,0,199,0,27,251,8,286,213,0,213,499
04/20/2005,DPA,IL,AGL,CE,Towers with Radar,0,15,115,1,131,0,3,150,0,153,0,18,265,1,284,150,0,150,434
04/21/2005,DPA,IL,AGL,CE,Towers with Radar,0,14,97,0,111,0,11,340,0,351,0,25,437,0,462,251,0,251,713
04/22/2005,DPA,IL,AGL,CE,Towers with Radar,0,9,107,0,116,0,0,16,0,16,0,9,123,0,132,42,0,42,174
04/23/2005,DPA,IL,AGL,CE,Towers with Radar,0,7,34,0,41,0,6,61,0,67,0,13,95,0,108,108,0,108,216
04/24/2005,DPA,IL,AGL,CE,Towers with Radar,0,5,59,0,64,0,1,128,0,129,0,6,187,0,193,101,0,101,294
04/25/2005,DPA,IL,AGL,CE,Towers with Radar,0,6,88,0,94,0,11,154,0,165,0,17,242,0,259,76,0,76,335
04/26/2005,DPA,IL,AGL,CE,Towers with Radar,0,25,93,0,118,0,0,150,0,150,0,25,243,0,268,111,0,111,379
04/27/2005,DPA,IL,AGL,CE,Towers with Radar,0,11,107,1,119,0,6,167,1,174,0,17,274,2,293,153,0,153,446
04/28/2005,DPA,IL,AGL,CE,Towers with Radar,0,8,89,0,97,0,2,231,0,233,0,10,320,0,330,340,0,340,670
04/29/2005,DPA,IL,AGL,CE,Towers with Radar,0,9,109,0,118,0,9,190,0,199,0,18,299,0,317,108,0,108,425
04/30/2005,DPA,IL,AGL,CE,Towers with Radar,0,6,32,0,38,0,12,215,0,227,0,18,247,0,265,130,0,130,395
05/01/2005,DPA,IL,AGL,CE,Towers with Radar,0,12,55,0,67,0,11,134,0,145,0,23,189,0,212,250,0,250,462
05/02/2005,DPA,IL,AGL,CE,Towers with Radar,0,14,65,0,79,0,3,147,0,150,0,17,212,0,229,112,0,112,341
05/03/2005,DPA,IL,AGL,CE,Towers with Radar,0,13,73,0,86,0,29,254,0,283,0,42,327,0,369,288,0,288,657
05/04/2005,DPA,IL,AGL,CE,Towers with Radar,0,13,104,0,117,0,7,294,2,303,0,20,398,2,420,228,0,228,648
05/05/2005,DPA,IL,AGL,CE,Towers with Radar,0,25,101,0,126,0,13,331,0,344,0,38,432,0,470,157,0,157,627
05/06/2005,DPA,IL,AGL,CE,Towers with Radar,0,11,80,0,91,0,5,201,0,206,0,16,281,0,297,80,0,80,377
05/07/2005,DPA,IL,AGL,CE,Towers with Radar,0,8,52,0,60,0,6,162,0,168,0,14,214,0,228,198,0,198,426
05/08/2005,DPA,IL,AGL,CE,Towers with Radar,0,6,53,0,59,0,1,125,0,126,0,7,178,0,185,142,0,142,327
05/09/2005,DPA,IL,AGL,CE,Towers with Radar,0,10,78,0,88,0,4,90,0,94,0,14,168,0,182,64,0,64,246
05/10/2005,DPA,IL,AGL,CE,Towers with Radar,2,10,96,0,108,0,0,222,0,222,2,10,318,0,330,131,0,131,461
05/11/2005,DPA,IL,AGL,CE,Towers with Radar,0,21,107,0,128,0,0,10,0,10,0,21,117,0,138,3,0,3,141
05/12/2005,DPA,IL,AGL,CE,Towers with Radar,0,25,102,0,127,0,13,178,0,191,0,38,280,0,318,92,0,92,410
05/13/2005,DPA,IL,AGL,CE,Towers with Radar,0,13,86,0,99,0,5,78,0,83,0,18,164,0,182,112,0,112,294
05/14/2005,DPA,IL,AGL,CE,Towers with Radar,0,5,36,0,41,0,4,120,0,124,0,9,156,0,165,89,0,89,254
05/15/2005,DPA,IL,AGL,CE,Towers with Radar,0,6,56,0,62,0,9,117,0,126,0,15,173,0,188,170,0,170,358
05/16/2005,DPA,IL,AGL,CE,Towers with Radar,0,5,105,0,110,0,6,330,0,336,0,11,435,0,446,128,0,128,574
05/17/2005,DPA,IL,AGL,CE,Towers with Radar,0,10,15,0,25,0,14,230,1,245,0,24,245,1,270,173,0,173,443
05/18/2005,DPA,IL,AGL,CE,Towers with Radar,0,12,80,5,97,0,23,243,1,267,0,35,323,6,364,82,0,82,446
05/19/2005,DPA,IL,AGL,CE,Towers with Radar,0,19,109,0,128,0,1,33,0,34,0,20,142,0,162,44,0,44,206
05/20/2005,DPA,IL,AGL,CE,Towers with Radar,0,12,105,0,117,0,5,119,0,124,0,17,224,0,241,69,0,69,310
05/21/2005,DPA,IL,AGL,CE,Towers with Radar,0,7,42,0,49,0,1,232,2,235,0,8,274,2,284,341,0,341,625
05/22/2005,DPA,IL,AGL,CE,Towers with Radar,0,8,48,0,56,0,14,175,0,189,0,22,223,0,245,172,0,172,417
05/23/2005,DPA,IL,AGL,CE,Towers with Radar,0,16,74,0,90,0,5,268,0,273,0,21,342,0,363,158,0,158,521
05/24/2005,DPA,IL,AGL,CE,Towers with Radar,0,5,83,0,88,0,2,226,0,228,0,7,309,0,316,259,0,259,575
05/25/2005,DPA,IL,AGL,CE,Towers with Radar,0,20,100,0,120,0,20,279,0,299,0,40,379,0,419,202,0,202,621
05/26/2005,DPA,IL,AGL,CE,Towers with Radar,0,13,95,0,108,0,7,243,0,250,0,20,338,0,358,196,0,196,554
05/27/2005,DPA,IL,AGL,CE,Towers with Radar,0,9,92,0,101,0,12,175,0,187,0,21,267,0,288,67,0,67,355
05/28/2005,DPA,IL,AGL,CE,Towers with Radar,0,5,40,0,45,0,12,216,0,228,0,17,256,0,273,174,0,174,447
05/29/2005,DPA,IL,AGL,CE,Towers with Radar,0,4,39,0,43,0,0,133,0,133,0,4,172,0,176,163,0,163,339
05/30/2005,DPA,IL,AGL,CE,Towers with Radar,0,6,67,0,73,0,9,201,0,210,0,15,268,0,283,92,0,92,375
05/31/2005,DPA,IL,AGL,CE,Towers with Radar,0,11,90,0,101,0,7,214,0,221,0,18,304,0,322,140,0,140,462
06/01/2005,DPA,IL,AGL,CE,Towers with Radar,0,23,86,0,109,0,5,249,0,254,0,28,335,0,363,183,2,185,548
06/02/2005,DPA,IL,AGL,CE,Towers with Radar,0,16,105,0,121,0,28,205,1,234,0,44,310,1,355,210,0,210,565
06/03/2005,DPA,IL,AGL,CE,Towers with Radar,0,10,107,0,117,0,3,97,0,100,0,13,204,0,217,221,0,221,438
06/04/2005,DPA,IL,AGL,CE,Towers with Radar,0,11,59,0,70,0,6,182,0,188,0,17,241,0,258,246,0,246,504
06/05/2005,DPA,IL,AGL,CE,Towers with Radar,0,5,56,1,62,0,5,172,0,177,0,10,228,1,239,367,0,367,606
06/06/2005,DPA,IL,AGL,CE,Towers with Radar,0,9,73,0,82,0,2,211,0,213,0,11,284,0,295,170,0,170,465
06/07/2005,DPA,IL,AGL,CE,Towers with Radar,0,18,80,0,98,0,8,238,0,246,0,26,318,0,344,256,0,256,600
06/08/2005,DPA,IL,AGL,CE,Towers with Radar,3,11,85,0,99,0,6,149,0,155,3,17,234,0,254,118,0,118,372
06/09/2005,DPA,IL,AGL,CE,Towers with Radar,0,16,86,0,102,0,3,168,0,171,0,19,254,0,273,232,0,232,505
06/10/2005,DPA,IL,AGL,CE,Towers with Radar,0,12,88,0,100,0,7,76,0,83,0,19,164,0,183,240,0,240,423
06/11/2005,DPA,IL,AGL,CE,Towers with Radar,0,10,46,0,56,0,0,168,0,168,0,10,214,0,224,284,0,284,508
06/12/2005,DPA,IL,AGL,CE,Towers with Radar,0,10,64,0,74,0,2,167,0,169,0,12,231,0,243,296,0,296,539
06/13/2005,DPA,IL,AGL,CE,Towers with Radar,0,23,75,0,98,0,2,210,0,212,0,25,285,0,310,182,0,182,492
06/14/2005,DPA,IL,AGL,CE,Towers with Radar,0,21,97,0,118,0,2,152,0,154,0,23,249,0,272,172,0,172,444
06/15/2005,DPA,IL,AGL,CE,Towers with Radar,0,17,92,0,109,0,5,124,0,129,0,22,216,0,238,76,0,76,314
06/16/2005,DPA,IL,AGL,CE,Towers with Radar,0,20,125,2,147,0,2,269,1,272,0,22,394,3,419,219,0,219,638
06/17/2005,DPA,IL,AGL,CE,Towers with Radar,0,13,87,0,100,0,4,312,0,316,0,17,399,0,416,266,0,266,682
06/18/2005,DPA,IL,AGL,CE,Towers with Radar,0,7,63,1,71,0,20,289,0,309,0,27,352,1,380,322,0,322,702
06/19/2005,DPA,IL,AGL,CE,Towers with Radar,0,4,51,0,55,0,16,247,0,263,0,20,298,0,318,147,0,147,465
06/20/2005,DPA,IL,AGL,CE,Towers with Radar,1,10,78,0,89,0,8,261,0,269,1,18,339,0,358,226,0,226,584
06/21/2005,DPA,IL,AGL,CE,Towers with Radar,0,17,124,0,141,0,1,230,2,233,0,18,354,2,374,221,0,221,595
06/22/2005,DPA,IL,AGL,CE,Towers with Radar,0,19,128,0,147,0,6,209,4,219,0,25,337,4,366,126,0,126,492
06/23/2005,DPA,IL,AGL,CE,Towers with Radar,0,19,124,0,143,0,11,213,1,225,0,30,337,1,368,240,0,240,608
06/24/2005,DPA,IL,AGL,CE,Towers with Radar,0,24,103,1,128,0,6,216,1,223,0,30,319,2,351,222,0,222,573
06/25/2005,DPA,IL,AGL,CE,Towers with Radar,0,7,57,0,64,0,4,168,2,174,0,11,225,2,238,204,0,204,442
06/26/2005,DPA,IL,AGL,CE,Towers with Radar,0,12,73,0,85,0,0,176,3,179,0,12,249,3,264,172,0,172,436
06/27/2005,DPA,IL,AGL,CE,Towers with Radar,0,18,71,0,89,0,1,124,0,125,0,19,195,0,214,166,0,166,380
06/28/2005,DPA,IL,AGL,CE,Towers with Radar,0,20,72,0,92,0,3,148,0,151,0,23,220,0,243,82,0,82,325
06/29/2005,DPA,IL,AGL,CE,Towers with Radar,0,14,106,0,120,0,3,125,0,128,0,17,231,0,248,117,0,117,365
06/30/2005,DPA,IL,AGL,CE,Towers with Radar,0,19,83,0,102,0,8,161,0,169,0,27,244,0,271,167,0,167,438
07/01/2005,DPA,IL,AGL,CE,Towers with Radar,1,20,83,0,104,0,3,194,0,197,1,23,277,0,301,140,0,140,441
07/02/2005,DPA,IL,AGL,CE,Towers with Radar,0,7,35,0,42,0,1,169,0,170,0,8,204,0,212,187,0,187,399
07/03/2005,DPA,IL,AGL,CE,Towers with Radar,0,4,34,0,38,0,2,135,0,137,0,6,169,0,175,108,0,108,283
07/04/2005,DPA,IL,AGL,CE,Towers with Radar,0,3,26,0,29,0,19,54,0,73,0,22,80,0,102,12,0,12,114
07/05/2005,DPA,IL,AGL,CE,Towers with Radar,0,12,97,0,109,0,3,159,0,162,0,15,256,0,271,55,0,55,326
07/06/2005,DPA,IL,AGL,CE,Towers with Radar,0,10,85,0,95,0,8,109,0,117,0,18,194,0,212,110,0,110,322
07/07/2005,DPA,IL,AGL,CE,Towers with Radar,0,15,76,0,91,0,2,171,0,173,0,17,247,0,264,93,0,93,357
07/08/2005,DPA,IL,AGL,CE,Towers with Radar,0,6,56,1,63,0,3,215,0,218,0,9,271,1,281,143,0,143,424
07/09/2005,DPA,IL,AGL,CE,Towers with Radar,0,9,32,2,43,0,2,159,0,161,0,11,191,2,204,136,0,136,340
07/10/2005,DPA,IL,AGL,CE,Towers with Radar,0,10,71,0,81,0,0,189,0,189,0,10,260,0,270,82,0,82,352
07/11/2005,DPA,IL,AGL,CE,Towers with Radar,0,12,72,0,84,0,22,138,0,160,0,34,210,0,244,178,0,178,422
07/12/2005,DPA,IL,AGL,CE,Towers with Radar,0,17,83,0,100,0,3,109,0,112,0,20,192,0,212,109,0,109,321
07/13/2005,DPA,IL,AGL,CE,Towers with Radar,0,8,123,0,131,0,11,83,0,94,0,19,206,0,225,77,0,77,302
07/14/2005,DPA,IL,AGL,CE,Towers with Radar,0,16,89,1,106,0,10,177,1,188,0,26,266,2,294,191,0,191,485
07/15/2005,DPA,IL,AGL,CE,Towers with Radar,0,9,86,2,97,0,4,132,0,136,0,13,218,2,233,68,0,68,301
07/16/2005,DPA,IL,AGL,CE,Towers with Radar,0,13,49,0,62,0,1,123,0,124,0,14,172,0,186,118,0,118,304
07/17/2005,DPA,IL,AGL,CE,Towers with Radar,0,7,69,0,76,0,6,112,0,118,0,13,181,0,194,102,0,102,296
07/18/2005,DPA,IL,AGL,CE,Towers with Radar,0,5,67,0,72,0,3,109,0,112,0,8,176,0,184,54,0,54,238
07/19/2005,DPA,IL,AGL,CE,Towers with Radar,0,9,88,0,97,0,6,218,0,224,0,15,306,0,321,94,0,94,415
07/20/2005,DPA,IL,AGL,CE,Towers with Radar,0,14,88,0,102,0,0,118,0,118,0,14,206,0,220,74,0,74,294
07/21/2005,DPA,IL,AGL,CE,Towers with Radar,0,7,106,0,113,0,3,121,0,124,0,10,227,0,237,121,0,121,358
07/22/2005,DPA,IL,AGL,CE,Towers with Radar,0,17,96,0,113,0,4,164,0,168,0,21,260,0,281,130,0,130,411
07/23/2005,DPA,IL,AGL,CE,Towers with Radar,0,3,45,0,48,0,4,112,0,116,0,7,157,0,164,206,0,206,370
07/24/2005,DPA,IL,AGL,CE,Towers with Radar,0,12,65,0,77,0,7,70,0,77,0,19,135,0,154,60,0,60,214
07/25/2005,DPA,IL,AGL,CE,Towers with Radar,0,17,87,0,104,0,0,66,0,66,0,17,153,0,170,59,0,59,229
07/26/2005,DPA,IL,AGL,CE,Towers with Radar,0,10,87,0,97,0,2,84,0,86,0,12,171,0,183,59,0,59,242
07/27/2005,DPA,IL,AGL,CE,Towers with Radar,0,21,98,2,121,0,3,175,2,180,0,24,273,4,301,113,0,113,414
07/28/2005,DPA,IL,AGL,CE,Towers with Radar,1,14,99,0,114,0,4,192,0,196,1,18,291,0,310,158,0,158,468
07/29/2005,DPA,IL,AGL,CE,Towers with Radar,1,8,84,0,93,0,2,181,0,183,1,10,265,0,276,135,0,135,411
07/30/2005,DPA,IL,AGL,CE,Towers with Radar,0,1,40,0,41,0,9,178,0,187,0,10,218,0,228,205,0,205,433
07/31/2005,DPA,IL,AGL,CE,Towers with Radar,0,10,55,0,65,0,10,205,0,215,0,20,260,0,280,163,0,163,443
08/01/2005,DPA,IL,AGL,CE,Towers with Radar,0,9,71,0,80,0,8,131,0,139,0,17,202,0,219,79,0,79,298
08/02/2005,DPA,IL,AGL,CE,Towers with Radar,0,19,88,0,107,0,4,133,0,137,0,23,221,0,244,94,0,94,338
08/03/2005,DPA,IL,AGL,CE,Towers with Radar,0,25,84,0,109,0,4,102,0,106,0,29,186,0,215,68,0,68,283
08/04/2005,DPA,IL,AGL,CE,Towers with Radar,0,22,105,0,127,0,7,119,0,126,0,29,224,0,253,111,0,111,364
08/05/2005,DPA,IL,AGL,CE,Towers with Radar,0,24,84,0,108,0,2,138,0,140,0,26,222,0,248,189,0,189,437
08/06/2005,DPA,IL,AGL,CE,Towers with Radar,0,5,49,0,54,0,3,152,0,155,0,8,201,0,209,179,0,179,388
08/07/2005,DPA,IL,AGL,CE,Towers with Radar,0,7,61,0,68,0,4,151,0,155,0,11,212,0,223,194,0,194,417
08/08/2005,DPA,IL,AGL,CE,Towers with Radar,0,12,75,0,87,0,5,147,0,152,0,17,222,0,239,119,0,119,358
08/09/2005,DPA,IL,AGL,CE,Towers with Radar,0,14,107,0,121,0,16,138,0,154,0,30,245,0,275,154,0,154,429
08/10/2005,DPA,IL,AGL,CE,Towers with Radar,0,4,83,0,87,0,8,95,0,103,0,12,178,0,190,114,0,114,304
08/11/2005,DPA,IL,AGL,CE,Towers with Radar,0,15,86,0,101,0,3,60,0,63,0,18,146,0,164,58,0,58,222
08/12/2005,DPA,IL,AGL,CE,Towers with Radar,0,13,111,1,125,0,7,103,0,110,0,20,214,1,235,77,0,77,312
08/13/2005,DPA,IL,AGL,CE,Towers with Radar,0,5,49,0,54,0,9,73,0,82,0,14,122,0,136,184,0,184,320
08/14/2005,DPA,IL,AGL,CE,Towers with Radar,0,8,53,0,61,0,6,133,0,139,0,14,186,0,200,111,0,111,311
08/15/2005,DPA,IL,AGL,CE,Towers with Radar,0,8,72,0,80,0,19,143,0,162,0,27,215,0,242,121,0,121,363
08/16/2005,DPA,IL,AGL,CE,Towers with Radar,0,14,97,0,111,0,12,168,0,180,0,26,265,0,291,60,0,60,351
08/17/2005,DPA,IL,AGL,CE,Towers with Radar,0,12,74,0,86,0,3,156,0,159,0,15,230,0,245,99,0,99,344
08/18/2005,DPA,IL,AGL,CE,Towers with Radar,0,24,89,1,114,0,10,60,0,70,0,34,149,1,184,97,0,97,281
08/19/2005,DPA,IL,AGL,CE,Towers with Radar,0,11,103,0,114,0,8,116,0,124,0,19,219,0,238,75,0,75,313
08/20/2005,DPA,IL,AGL,CE,Towers with Radar,0,12,59,0,71,0,11,86,0,97,0,23,145,0,168,149,0,149,317
08/21/2005,DPA,IL,AGL,CE,Towers with Radar,0,6,65,0,71,0,14,189,0,203,0,20,254,0,274,62,0,62,336
08/22/2005,DPA,IL,AGL,CE,Towers with Radar,0,12,66,0,78,0,1,177,0,178,0,13,243,0,256,153,0,153,409
08/23/2005,DPA,IL,AGL,CE,Towers with Radar,0,16,90,0,106,0,1,148,0,149,0,17,238,0,255,138,0,138,393
08/24/2005,DPA,IL,AGL,CE,Towers with Radar,0,10,109,0,119,0,1,187,0,188,0,11,296,0,307,96,0,96,403
08/25/2005,DPA,IL,AGL,CE,Towers with Radar,0,12,86,0,98,0,2,132,0,134,0,14,218,0,232,160,0,160,392
08/26/2005,DPA,IL,AGL,CE,Towers with Radar,0,14,110,0,124,0,2,109,0,111,0,16,219,0,235,70,0,70,305
08/27/2005,DPA,IL,AGL,CE,Towers with Radar,0,6,69,0,75,0,5,139,0,144,0,11,208,0,219,180,0,180,399
08/28/2005,DPA,IL,AGL,CE,Towers with Radar,0,6,55,0,61,0,11,168,0,179,0,17,223,0,240,181,0,181,421
08/29/2005,DPA,IL,AGL,CE,Towers with Radar,0,9,60,0,69,0,0,125,0,125,0,9,185,0,194,79,0,79,273
08/30/2005,DPA,IL,AGL,CE,Towers with Radar,0,22,89,1,112,0,16,135,1,152,0,38,224,2,264,104,0,104,368
08/31/2005,DPA,IL,AGL,CE,Towers with Radar,0,19,92,0,111,0,4,111,0,115,0,23,203,0,226,86,0,86,312
09/01/2005,DPA,IL,AGL,CE,Towers with Radar,0,25,114,0,139,0,0,131,0,131,0,25,245,0,270,107,0,107,377
09/02/2005,DPA,IL,AGL,CE,Towers with Radar,0,16,91,0,107,0,7,155,0,162,0,23,246,0,269,89,0,89,358
09/03/2005,DPA,IL,AGL,CE,Towers with Radar,0,2,47,0,49,0,7,132,0,139,0,9,179,0,188,100,0,100,288
09/04/2005,DPA,IL,AGL,CE,Towers with Radar,0,2,32,1,35,0,3,134,0,137,0,5,166,1,172,203,0,203,375
09/05/2005,DPA,IL,AGL,CE,Towers with Radar,0,8,60,0,68,0,1,140,0,141,0,9,200,0,209,50,0,50,259
09/06/2005,DPA,IL,AGL,CE,Towers with Radar,0,12,86,0,98,0,0,105,0,105,0,12,191,0,203,97,0,97,300
09/07/2005,DPA,IL,AGL,CE,Towers with Radar,0,16,92,0,108,0,4,94,0,98,0,20,186,0,206,94,0,94,300
09/08/2005,DPA,IL,AGL,CE,Towers with Radar,0,16,110,0,126,0,2,54,0,56,0,18,164,0,182,42,0,42,224
09/09/2005,DPA,IL,AGL,CE,Towers with Radar,0,18,90,0,108,0,4,124,0,128,0,22,214,0,236,64,0,64,300
09/10/2005,DPA,IL,AGL,CE,Towers with Radar,0,7,57,0,64,0,1,109,0,110,0,8,166,0,174,202,0,202,376
09/11/2005,DPA,IL,AGL,CE,Towers with Radar,0,8,61,0,69,0,7,105,0,112,0,15,166,0,181,349,0,349,530
09/12/2005,DPA,IL,AGL,CE,Towers with Radar,0,7,86,0,93,0,3,99,0,102,0,10,185,0,195,76,0,76,271
09/13/2005,DPA,IL,AGL,CE,Towers with Radar,0,9,104,0,113,0,1,75,0,76,0,10,179,0,189,84,0,84,273
09/14/2005,DPA,IL,AGL,CE,Towers with Radar,0,19,102,0,121,0,1,117,0,118,0,20,219,0,239,122,0,122,361
09/15/2005,DPA,IL,AGL,CE,Towers with Radar,0,30,122,0,152,0,3,142,0,145,0,33,264,0,297,193,0,193,490
09/16/2005,DPA,IL,AGL,CE,Towers with Radar,0,32,137,0,169,0,5,95,0,100,0,37,232,0,269,90,0,90,359
09/17/2005,DPA,IL,AGL,CE,Towers with Radar,0,5,40,0,45,0,6,182,0,188,0,11,222,0,233,176,0,176,409
09/18/2005,DPA,IL,AGL,CE,Towers with Radar,0,11,63,0,74,0,0,153,0,153,0,11,216,0,227,116,0,116,343
09/19/2005,DPA,IL,AGL,CE,Towers with Radar,0,17,83,0,100,0,0,39,0,39,0,17,122,0,139,45,0,45,184
09/20/2005,DPA,IL,AGL,CE,Towers with Radar,0,14,109,0,123,0,3,148,2,153,0,17,257,2,276,120,0,120,396
09/21/2005,DPA,IL,AGL,CE,Towers with Radar,0,14,111,0,125,0,2,148,0,150,0,16,259,0,275,36,0,36,311
09/22/2005,DPA,IL,AGL,CE,Towers with Radar,0,14,118,0,132,0,0,56,1,57,0,14,174,1,189,88,0,88,277
09/23/2005,DPA,IL,AGL,CE,Towers with Radar,0,17,68,0,85,0,13,138,1,152,0,30,206,1,237,102,0,102,339
09/24/2005,DPA,IL,AGL,CE,Towers with Radar,0,13,64,0,77,0,9,65,0,74,0,22,129,0,151,193,0,193,344
09/25/2005,DPA,IL,AGL,CE,Towers with Radar,0,15,76,0,91,0,3,12,0,15,0,18,88,0,106,202,0,202,308
09/26/2005,DPA,IL,AGL,CE,Towers with Radar,0,16,77,0,93,0,2,83,0,85,0,18,160,0,178,91,0,91,269
09/27/2005,DPA,IL,AGL,CE,Towers with Radar,0,20,140,0,160,0,4,161,0,165,0,24,301,0,325,199,0,199,524
09/28/2005,DPA,IL,AGL,CE,Towers with Radar,0,26,104,0,130,0,2,66,0,68,0,28,170,0,198,51,0,51,249
09/29/2005,DPA,IL,AGL,CE,Towers with Radar,0,20,94,0,114,0,7,159,0,166,0,27,253,0,280,182,0,182,462
09/30/2005,DPA,IL,AGL,CE,Towers with Radar,0,21,85,1,107,0,4,127,3,134,0,25,212,4,241,141,0,141,382
10/01/2005,DPA,IL,AGL,CE,Towers with Radar,0,7,59,0,66,0,3,195,0,198,0,10,254,0,264,162,0,162,426
10/02/2005,DPA,IL,AGL,CE,Towers with Radar,0,14,47,0,61,0,1,94,0,95,0,15,141,0,156,184,0,184,340
10/03/2005,DPA,IL,AGL,CE,Towers with Radar,0,13,93,0,106,0,0,116,0,116,0,13,209,0,222,163,0,163,385
10/04/2005,DPA,IL,AGL,CE,Towers with Radar,0,13,77,3,93,0,2,129,3,134,0,15,206,6,227,151,0,151,378
10/05/2005,DPA,IL,AGL,CE,Towers with Radar,0,21,99,0,120,0,4,118,0,122,0,25,217,0,242,109,0,109,351
10/06/2005,DPA,IL,AGL,CE,Towers with Radar,0,15,101,0,116,0,0,123,0,123,0,15,224,0,239,83,0,83,322
10/07/2005,DPA,IL,AGL,CE,Towers with Radar,0,15,115,0,130,0,0,132,0,132,0,15,247,0,262,146,0,146,408
10/08/2005,DPA,IL,AGL,CE,Towers with Radar,0,10,60,0,70,0,0,124,0,124,0,10,184,0,194,165,0,165,359
10/09/2005,DPA,IL,AGL,CE,Towers with Radar,0,9,61,0,70,0,4,142,0,146,0,13,203,0,216,193,0,193,409
10/10/2005,DPA,IL,AGL,CE,Towers with Radar,0,10,87,0,97,0,1,111,1,113,0,11,198,1,210,104,0,104,314
10/11/2005,DPA,IL,AGL,CE,Towers with Radar,0,17,116,0,133,0,3,72,0,75,0,20,188,0,208,152,0,152,360
10/12/2005,DPA,IL,AGL,CE,Towers with Radar,0,19,133,0,152,0,5,34,0,39,0,24,167,0,191,48,0,48,239
10/13/2005,DPA,IL,AGL,CE,Towers with Radar,0,15,116,0,131,0,1,78,0,79,0,16,194,0,210,63,0,63,273
10/14/2005,DPA,IL,AGL,CE,Towers with Radar,0,15,115,2,132,0,0,139,0,139,0,15,254,2,271,118,0,118,389
10/15/2005,DPA,IL,AGL,CE,Towers with Radar,0,10,55,0,65,0,5,196,0,201,0,15,251,0,266,168,0,168,434
10/16/2005,DPA,IL,AGL,CE,Towers with Radar,0,11,53,0,64,0,11,173,0,184,0,22,226,0,248,172,0,172,420
10/17/2005,DPA,IL,AGL,CE,Towers with Radar,0,11,75,0,86,0,0,112,0,112,0,11,187,0,198,89,0,89,287
10/18/2005,DPA,IL,AGL,CE,Towers with Radar,0,11,107,0,118,0,1,143,0,144,0,12,250,0,262,148,0,148,410
10/19/2005,DPA,IL,AGL,CE,Towers with Radar,0,10,93,0,103,0,2,97,0,99,0,12,190,0,202,79,0,79,281
10/20/2005,DPA,IL,AGL,CE,Towers with Radar,0,18,114,0,132,0,1,115,0,116,0,19,229,0,248,146,0,146,394
10/21/2005,DPA,IL,AGL,CE,Towers with Radar,0,0,106,0,106,0,0,131,0,131,0,0,237,0,237,124,0,124,361
10/22/2005,DPA,IL,AGL,CE,Towers with Radar,0,0,64,0,64,0,0,93,0,93,0,0,157,0,157,209,0,209,366
10/23/2005,DPA,IL,AGL,CE,Towers with Radar,0,3,64,0,67,0,1,60,0,61,0,4,124,0,128,92,0,92,220
10/24/2005,DPA,IL,AGL,CE,Towers with Radar,0,19,81,0,100,0,0,73,0,73,0,19,154,0,173,43,0,43,216
10/25/2005,DPA,IL,AGL,CE,Towers with Radar,0,23,80,2,105,0,1,117,0,118,0,24,197,2,223,111,0,111,334
10/26/2005,DPA,IL,AGL,CE,Towers with Radar,0,20,91,0,111,0,0,125,3,128,0,20,216,3,239,126,0,126,365
10/27/2005,DPA,IL,AGL,CE,Towers with Radar,0,23,115,0,138,0,0,153,0,153,0,23,268,0,291,178,0,178,469
10/28/2005,DPA,IL,AGL,CE,Towers with Radar,0,24,105,0,129,0,0,155,0,155,0,24,260,0,284,82,0,82,366
10/29/2005,DPA,IL,AGL,CE,Towers with Radar,0,9,57,0,66,0,0,152,0,152,0,9,209,0,218,132,0,132,350
10/30/2005,DPA,IL,AGL,CE,Towers with Radar,0,9,69,0,78,0,2,134,0,136,0,11,203,0,214,171,0,171,385
10/31/2005,DPA,IL,AGL,CE,Towers with Radar,0,7,108,0,115,0,0,0,0,0,0,7,108,0,115,6,0,6,121
11/01/2005,DPA,IL,AGL,CE,Towers with Radar,0,13,91,0,104,0,0,139,0,139,0,13,230,0,243,144,0,144,387
11/02/2005,DPA,IL,AGL,CE,Towers with Radar,0,23,94,0,117,0,1,141,2,144,0,24,235,2,261,81,0,81,342
11/03/2005,DPA,IL,AGL,CE,Towers with Radar,0,16,99,0,115,0,0,124,0,124,0,16,223,0,239,60,0,60,299
11/04/2005,DPA,IL,AGL,CE,Towers with Radar,0,10,72,1,83,0,0,132,0,132,0,10,204,1,215,89,0,89,304
11/05/2005,DPA,IL,AGL,CE,Towers with Radar,0,1,73,0,74,0,1,34,0,35,0,2,107,0,109,126,0,126,235
11/06/2005,DPA,IL,AGL,CE,Towers with Radar,0,4,63,0,67,0,0,63,0,63,0,4,126,0,130,72,0,72,202
11/07/2005,DPA,IL,AGL,CE,Towers with Radar,0,15,66,0,81,0,0,109,0,109,0,15,175,0,190,144,0,144,334
11/08/2005,DPA,IL,AGL,CE,Towers with Radar,0,25,116,0,141,0,0,102,0,102,0,25,218,0,243,112,0,112,355
11/09/2005,DPA,IL,AGL,CE,Towers with Radar,0,25,96,0,121,0,2,57,0,59,0,27,153,0,180,20,0,20,200
11/10/2005,DPA,IL,AGL,CE,Towers with Radar,0,10,76,0,86,0,1,138,0,139,0,11,214,0,225,95,0,95,320
11/11/2005,DPA,IL,AGL,CE,Towers with Radar,0,10,84,0,94,0,0,128,0,128,0,10,212,0,222,124,0,124,346
11/12/2005,DPA,IL,AGL,CE,Towers with Radar,0,3,59,0,62,0,0,106,0,106,0,3,165,0,168,162,0,162,330
11/13/2005,DPA,IL,AGL,CE,Towers with Radar,0,2,44,0,46,0,0,23,0,23,0,2,67,0,69,0,0,0,69
11/14/2005,DPA,IL,AGL,CE,Towers with Radar,0,9,81,0,90,0,1,75,0,76,0,10,156,0,166,44,0,44,210
11/15/2005,DPA,IL,AGL,CE,Towers with Radar,0,11,68,0,79,0,0,0,0,0,0,11,68,0,79,2,0,2,81
11/16/2005,DPA,IL,AGL,CE,Towers with Radar,0,12,71,0,83,0,0,6,0,6,0,12,77,0,89,2,0,2,91
11/17/2005,DPA,IL,AGL,CE,Towers with Radar,0,18,95,0,113,0,0,121,3,124,0,18,216,3,237,99,0,99,336
11/18/2005,DPA,IL,AGL,CE,Towers with Radar,0,10,102,0,112,0,2,116,0,118,0,12,218,0,230,85,0,85,315
11/19/2005,DPA,IL,AGL,CE,Towers with Radar,0,4,40,0,44,0,9,153,0,162,0,13,193,0,206,246,0,246,452
11/20/2005,DPA,IL,AGL,CE,Towers with Radar,0,8,51,0,59,0,2,78,0,80,0,10,129,0,139,287,0,287,426
11/21/2005,DPA,IL,AGL,CE,Towers with Radar,0,5,92,0,97,0,4,97,0,101,0,9,189,0,198,92,0,92,290
11/22/2005,DPA,IL,AGL,CE,Towers with Radar,0,11,77,0,88,0,0,174,0,174,0,11,251,0,262,120,0,120,382
11/23/2005,DPA,IL,AGL,CE,Towers with Radar,0,7,56,0,63,0,0,44,0,44,0,7,100,0,107,51,0,51,158
11/24/2005,DPA,IL,AGL,CE,Towers with Radar,0,3,14,0,17,0,0,18,0,18,0,3,32,0,35,0,0,0,35
11/25/2005,DPA,IL,AGL,CE,Towers with Radar,0,5,32,0,37,0,0,76,0,76,0,5,108,0,113,54,0,54,167
11/26/2005,DPA,IL,AGL,CE,Towers with Radar,0,9,41,0,50,0,2,167,0,169,0,11,208,0,219,146,0,146,365
11/27/2005,DPA,IL,AGL,CE,Towers with Radar,0,3,70,0,73,0,0,0,0,0,0,3,70,0,73,0,0,0,73
11/28/2005,DPA,IL,AGL,CE,Towers with Radar,0,9,61,0,70,0,0,26,0,26,0,9,87,0,96,10,0,10,106
11/29/2005,DPA,IL,AGL,CE,Towers with Radar,0,10,75,0,85,0,0,30,0,30,0,10,105,0,115,10,0,10,125
11/30/2005,DPA,IL,AGL,CE,Towers with Radar,0,26,95,1,122,0,0,101,0,101,0,26,196,1,223,83,0,83,306
12/01/2005,DPA,IL,AGL,CE,Towers with Radar,0,12,89,0,101,0,0,17,0,17,0,12,106,0,118,8,0,8,126
12/02/2005,DPA,IL,AGL,CE,Towers with Radar,0,14,70,0,84,0,1,125,0,126,0,15,195,0,210,125,0,125,335
12/03/2005,DPA,IL,AGL,CE,Towers with Radar,0,8,52,0,60,0,0,81,0,81,0,8,133,0,141,182,0,182,323
12/04/2005,DPA,IL,AGL,CE,Towers with Radar,0,5,45,0,50,0,0,70,0,70,0,5,115,0,120,110,0,110,230
12/05/2005,DPA,IL,AGL,CE,Towers with Radar,0,6,72,0,78,0,0,98,0,98,0,6,170,0,176,48,0,48,224
12/06/2005,DPA,IL,AGL,CE,Towers with Radar,0,11,82,1,94,0,1,35,0,36,0,12,117,1,130,20,0,20,150
12/07/2005,DPA,IL,AGL,CE,Towers with Radar,1,17,80,0,98,0,3,80,0,83,1,20,160,0,181,26,0,26,207
12/08/2005,DPA,IL,AGL,CE,Towers with Radar,0,15,65,0,80,0,0,34,0,34,0,15,99,0,114,46,0,46,160
12/09/2005,DPA,IL,AGL,CE,Towers with Radar,0,28,80,0,108,0,0,72,0,72,0,28,152,0,180,30,0,30,210
12/10/2005,DPA,IL,AGL,CE,Towers with Radar,0,2,36,0,38,0,0,44,0,44,0,2,80,0,82,79,0,79,161
12/11/2005,DPA,IL,AGL,CE,Towers with Radar,0,8,38,0,46,0,0,72,0,72,0,8,110,0,118,143,0,143,261
12/12/2005,DPA,IL,AGL,CE,Towers with Radar,0,11,54,0,65,0,5,68,0,73,0,16,122,0,138,86,0,86,224
12/13/2005,DPA,IL,AGL,CE,Towers with Radar,0,7,78,0,85,0,0,14,0,14,0,7,92,0,99,94,0,94,193
12/14/2005,DPA,IL,AGL,CE,Towers with Radar,0,17,51,0,68,0,1,0,0,1,0,18,51,0,69,0,0,0,69
12/15/2005,DPA,IL,AGL,CE,Towers with Radar,0,14,79,0,93,0,0,1,0,1,0,14,80,0,94,0,0,0,94
12/16/2005,DPA,IL,AGL,CE,Towers with Radar,0,14,75,0,89,0,2,24,0,26,0,16,99,0,115,0,0,0,115
12/17/2005,DPA,IL,AGL,CE,Towers with Radar,0,1,60,1,62,0,1,122,0,123,0,2,182,1,185,196,0,196,381
12/18/2005,DPA,IL,AGL,CE,Towers with Radar,0,7,46,0,53,0,0,91,0,91,0,7,137,0,144,49,0,49,193
12/19/2005,DPA,IL,AGL,CE,Towers with Radar,1,8,74,0,83,0,0,85,0,85,1,8,159,0,168,29,0,29,197
12/20/2005,DPA,IL,AGL,CE,Towers with Radar,0,9,79,4,92,0,4,75,0,79,0,13,154,4,171,123,0,123,294
12/21/2005,DPA,IL,AGL,CE,Towers with Radar,0,5,68,0,73,0,3,96,0,99,0,8,164,0,172,83,0,83,255
12/22/2005,DPA,IL,AGL,CE,Towers with Radar,2,11,70,0,83,0,1,85,0,86,2,12,155,0,169,140,0,140,309
12/23/2005,DPA,IL,AGL,CE,Towers with Radar,0,7,51,0,58,0,0,82,0,82,0,7,133,0,140,92,0,92,232
12/24/2005,DPA,IL,AGL,CE,Towers with Radar,0,2,31,0,33,0,0,0,0,0,0,2,31,0,33,0,0,0,33
12/25/2005,DPA,IL,AGL,CE,Towers with Radar,0,4,6,0,10,0,0,0,0,0,0,4,6,0,10,0,0,0,10
12/26/2005,DPA,IL,AGL,CE,Towers with Radar,0,15,65,0,80,0,0,30,0,30,0,15,95,0,110,111,0,111,221
12/27/2005,DPA,IL,AGL,CE,Towers with Radar,0,17,60,0,77,0,1,46,0,47,0,18,106,0,124,96,0,96,220
12/28/2005,DPA,IL,AGL,CE,Towers with Radar,0,0,3,0,3,0,0,0,0,0,0,0,3,0,3,0,0,0,3
12/29/2005,DPA,IL,AGL,CE,Towers with Radar,0,3,49,0,52,0,0,60,0,60,0,3,109,0,112,151,0,151,263
12/30/2005,DPA,IL,AGL,CE,Towers with Radar,0,2,39,0,41,0,0,5,0,5,0,2,44,0,46,0,0,0,46
12/31/2005,DPA,IL,AGL,CE,Towers with Radar,0,5,32,0,37,0,0,3,0,3,0,5,35,0,40,22,0,22,62
01/01/2006,DPA,IL,AGL,CE,Towers with Radar,0,5,36,0,41,0,0,51,0,51,0,5,87,0,92,49,0,49,141
01/02/2006,DPA,IL,AGL,CE,Towers with Radar,0,16,50,0,66,0,0,0,0,0,0,16,50,0,66,0,0,0,66
01/03/2006,DPA,IL,AGL,CE,Towers with Radar,0,20,69,0,89,0,0,0,0,0,0,20,69,0,89,0,0,0,89
01/04/2006,DPA,IL,AGL,CE,Towers with Radar,0,8,71,0,79,0,0,5,0,5,0,8,76,0,84,26,0,26,110
01/05/2006,DPA,IL,AGL,CE,Towers with Radar,0,4,47,0,51,0,1,48,0,49,0,5,95,0,100,126,0,126,226
01/06/2006,DPA,IL,AGL,CE,Towers with Radar,0,4,68,0,72,0,0,62,0,62,0,4,130,0,134,52,0,52,186
01/07/2006,DPA,IL,AGL,CE,Towers with Radar,0,2,53,0,55,0,0,118,0,118,0,2,171,0,173,337,0,337,510
01/08/2006,DPA,IL,AGL,CE,Towers with Radar,0,2,48,0,50,0,1,123,0,124,0,3,171,0,174,130,0,130,304
01/09/2006,DPA,IL,AGL,CE,Towers with Radar,0,4,50,0,54,0,0,72,0,72,0,4,122,0,126,112,0,112,238
01/10/2006,DPA,IL,AGL,CE,Towers with Radar,0,6,84,0,90,0,0,79,0,79,0,6,163,0,169,90,0,90,259
01/11/2006,DPA,IL,AGL,CE,Towers with Radar,0,12,84,0,96,0,0,22,0,22,0,12,106,0,118,12,0,12,130
01/12/2006,DPA,IL,AGL,CE,Towers with Radar,0,3,104,0,107,0,3,158,0,161,0,6,262,0,268,142,0,142,410
01/13/2006,DPA,IL,AGL,CE,Towers with Radar,1,2,61,0,64,0,0,0,0,0,1,2,61,0,64,0,0,0,64
01/14/2006,DPA,IL,AGL,CE,Towers with Radar,0,4,47,0,51,0,3,222,0,225,0,7,269,0,276,174,0,174,450
01/15/2006,DPA,IL,AGL,CE,Towers with Radar,0,6,49,0,55,0,0,114,0,114,0,6,163,0,169,73,0,73,242
01/16/2006,DPA,IL,AGL,CE,Towers with Radar,0,6,79,0,85,0,0,121,0,121,0,6,200,0,206,126,0,126,332
01/17/2006,DPA,IL,AGL,CE,Towers with Radar,0,6,56,0,62,0,0,2,0,2,0,6,58,0,64,10,0,10,74
01/18/2006,DPA,IL,AGL,CE,Towers with Radar,0,9,73,0,82,0,1,88,0,89,0,10,161,0,171,34,0,34,205
01/19/2006,DPA,IL,AGL,CE,Towers with Radar,0,6,94,0,100,0,0,139,0,139,0,6,233,0,239,115,0,115,354
01/20/2006,DPA,IL,AGL,CE,Towers with Radar,0,11,71,0,82,0,0,5,0,5,0,11,76,0,87,2,0,2,89
01/21/2006,DPA,IL,AGL,CE,Towers with Radar,0,3,36,0,39,0,0,73,0,73,0,3,109,0,112,151,0,151,263
01/22/2006,DPA,IL,AGL,CE,Towers with Radar,0,2,27,0,29,0,0,13,0,13,0,2,40,0,42,86,0,86,128
01/23/2006,DPA,IL,AGL,CE,Towers with Radar,0,4,70,0,74,0,0,36,0,36,0,4,106,0,110,80,0,80,190
01/24/2006,DPA,IL,AGL,CE,Towers with Radar,0,1,74,2,77,0,0,49,0,49,0,1,123,2,126,8,0,8,134
01/25/2006,DPA,IL,AGL,CE,Towers with Radar,0,10,77,0,87,0,1,110,0,111,0,11,187,0,198,64,0,64,262
01/26/2006,DPA,IL,AGL,CE,Towers with Radar,0,13,74,0,87,0,0,153,0,153,0,13,227,0,240,180,0,180,420
01/27/2006,DPA,IL,AGL,CE,Towers with Radar,0,4,87,0,91,0,0,115,0,115,0,4,202,0,206,115,0,115,321
01/28/2006,DPA,IL,AGL,CE,Towers with Radar,0,3,45,0,48,0,3,56,0,59,0,6,101,0,107,165,0,165,272
01/29/2006,DPA,IL,AGL,CE,Towers with Radar,0,11,56,0,67,0,3,0,0,3,0,14,56,0,70,0,0,0,70
01/30/2006,DPA,IL,AGL,CE,Towers with Radar,0,9,68,0,77,0,1,19,0,20,0,10,87,0,97,9,0,9,106
01/31/2006,DPA,IL,AGL,CE,Towers with Radar,0,8,62,0,70,0,0,111,0,111,0,8,173,0,181,199,0,199,380
02/01/2006,DPA,IL,AGL,CE,Towers with Radar,0,15,89,0,104,0,0,53,0,53,0,15,142,0,157,128,0,128,285
02/02/2006,DPA,IL,AGL,CE,Towers with Radar,0,11,86,0,97,0,0,104,0,104,0,11,190,0,201,181,0,181,382
02/03/2006,DPA,IL,AGL,CE,Towers with Radar,0,6,65,0,71,0,0,17,0,17,0,6,82,0,88,83,0,83,171
02/04/2006,DPA,IL,AGL,CE,Towers with Radar,0,3,28,0,31,0,0,12,0,12,0,3,40,0,43,67,0,67,110
02/05/2006,DPA,IL,AGL,CE,Towers with Radar,0,10,56,0,66,0,2,117,0,119,0,12,173,0,185,144,0,144,329
02/06/2006,DPA,IL,AGL,CE,Towers with Radar,0,12,77,3,92,0,1,116,0,117,0,13,193,3,209,104,0,104,313
02/07/2006,DPA,IL,AGL,CE,Towers with Radar,0,11,88,2,101,0,0,123,0,123,0,11,211,2,224,120,0,120,344
02/08/2006,DPA,IL,AGL,CE,Towers with Radar,0,15,94,0,109,0,2,61,1,64,0,17,155,1,173,115,0,115,288
02/09/2006,DPA,IL,AGL,CE,Towers with Radar,0,10,87,4,101,0,0,121,0,121,0,10,208,4,222,110,0,110,332
02/10/2006,DPA,IL,AGL,CE,Towers with Radar,0,3,92,0,95,0,0,42,0,42,0,3,134,0,137,50,0,50,187
02/11/2006,DPA,IL,AGL,CE,Towers with Radar,0,9,38,0,47,0,0,58,0,58,0,9,96,0,105,225,0,225,330
02/12/2006,DPA,IL,AGL,CE,Towers with Radar,0,5,44,0,49,0,1,63,0,64,0,6,107,0,113,176,0,176,289
02/13/2006,DPA,IL,AGL,CE,Towers with Radar,0,8,80,0,88,0,1,78,0,79,0,9,158,0,167,24,0,24,191
02/14/2006,DPA,IL,AGL,CE,Towers with Radar,0,0,61,0,61,0,0,51,0,51,0,0,112,0,112,85,0,85,197
02/15/2006,DPA,IL,AGL,CE,Towers with Radar,0,0,89,0,89,0,0,4,0,4,0,0,93,0,93,132,0,132,225
02/16/2006,DPA,IL,AGL,CE,Towers with Radar,0,16,79,0,95,0,0,0,0,0,0,16,79,0,95,0,0,0,95
02/17/2006,DPA,IL,AGL,CE,Towers with Radar,0,10,77,0,87,0,0,0,80,80,0,10,77,80,167,0,17,17,184
02/18/2006,DPA,IL,AGL,CE,Towers with Radar,0,4,27,0,31,0,3,73,0,76,0,7,100,0,107,26,0,26,133
02/19/2006,DPA,IL,AGL,CE,Towers with Radar,0,7,27,0,34,0,1,103,0,104,0,8,130,0,138,61,0,61,199
02/20/2006,DPA,IL,AGL,CE,Towers with Radar,0,18,102,0,120,0,3,118,0,121,0,21,220,0,241,114,0,114,355
02/21/2006,DPA,IL,AGL,CE,Towers with Radar,0,16,86,0,102,0,0,110,0,110,0,16,196,0,212,86,0,86,298
02/22/2006,DPA,IL,AGL,CE,Towers with Radar,0,17,86,1,104,0,1,144,0,145,0,18,230,1,249,91,0,91,340
02/23/2006,DPA,IL,AGL,CE,Towers with Radar,0,16,76,0,92,0,3,108,0,111,0,19,184,0,203,88,0,88,291
02/24/2006,DPA,IL,AGL,CE,Towers with Radar,0,12,83,0,95,0,1,90,0,91,0,13,173,0,186,57,0,57,243
02/25/2006,DPA,IL,AGL,CE,Towers with Radar,0,8,46,0,54,0,3,102,0,105,0,11,148,0,159,164,0,164,323
02/26/2006,DPA,IL,AGL,CE,Towers with Radar,0,4,48,0,52,0,2,156,0,158,0,6,204,0,210,136,0,136,346
02/27/2006,DPA,IL,AGL,CE,Towers with Radar,0,6,86,0,92,0,1,118,0,119,0,7,204,0,211,73,0,73,284
02/28/2006,DPA,IL,AGL,CE,Towers with Radar,0,2,72,0,74,0,0,92,0,92,0,2,164,0,166,91,0,91,257
03/01/2006,DPA,IL,AGL,CE,Towers with Radar,0,5,84,0,89,0,0,70,0,70,0,5,154,0,159,164,0,164,323
03/02/2006,DPA,IL,AGL,CE,Towers with Radar,0,11,92,0,103,0,0,23,2,25,0,11,115,2,128,38,0,38,166
03/03/2006,DPA,IL,AGL,CE,Towers with Radar,0,8,86,0,94,0,3,126,0,129,0,11,212,0,223,116,0,116,339
03/04/2006,DPA,IL,AGL,CE,Towers with Radar,0,0,56,0,56,0,1,173,0,174,0,1,229,0,230,195,0,195,425
03/05/2006,DPA,IL,AGL,CE,Towers with Radar,0,7,36,0,43,0,0,4,0,4,0,7,40,0,47,0,0,0,47
03/06/2006,DPA,IL,AGL,CE,Towers with Radar,1,11,58,0,70,0,1,3,0,4,1,12,61,0,74,0,0,0,74
03/07/2006,DPA,IL,AGL,CE,Towers with Radar,0,11,90,0,101,0,0,119,0,119,0,11,209,0,220,130,0,130,350
03/08/2006,DPA,IL,AGL,CE,Towers with Radar,0,16,116,0,132,0,0,53,0,53,0,16,169,0,185,126,0,126,311
03/09/2006,DPA,IL,AGL,CE,Towers with Radar,0,13,104,0,117,0,0,0,0,0,0,13,104,0,117,0,0,0,117
03/10/2006,DPA,IL,AGL,CE,Towers with Radar,0,13,117,0,130,0,0,134,0,134,0,13,251,0,264,146,0,146,410
03/11/2006,DPA,IL,AGL,CE,Towers with Radar,0,7,36,0,43,0,0,59,0,59,0,7,95,0,102,108,0,108,210
03/12/2006,DPA,IL,AGL,CE,Towers with Radar,0,5,42,0,47,0,1,109,2,112,0,6,151,2,159,85,4,89,248
03/13/2006,DPA,IL,AGL,CE,Towers with Radar,0,7,62,0,69,0,0,14,0,14,0,7,76,0,83,0,0,0,83
03/14/2006,DPA,IL,AGL,CE,Towers with Radar,0,15,102,0,117,0,0,92,0,92,0,15,194,0,209,30,0,30,239
03/15/2006,DPA,IL,AGL,CE,Towers with Radar,1,13,98,0,112,0,0,179,4,183,1,13,277,4,295,106,0,106,401
03/16/2006,DPA,IL,AGL,CE,Towers with Radar,1,9,75,0,85,0,0,17,0,17,1,9,92,0,102,22,0,22,124
03/17/2006,DPA,IL,AGL,CE,Towers with Radar,0,14,94,0,108,0,0,117,0,117,0,14,211,0,225,136,0,136,361
03/18/2006,DPA,IL,AGL,CE,Towers with Radar,0,9,39,0,48,0,1,187,0,188,0,10,226,0,236,161,0,161,397
03/19/2006,DPA,IL,AGL,CE,Towers with Radar,0,7,39,0,46,0,4,171,0,175,0,11,210,0,221,264,0,264,485
03/20/2006,DPA,IL,AGL,CE,Towers with Radar,0,1,53,0,54,0,1,81,0,82,0,2,134,0,136,46,0,46,182
03/21/2006,DPA,IL,AGL,CE,Towers with Radar,0,6,51,0,57,0,0,52,0,52,0,6,103,0,109,24,0,24,133
03/22/2006,DPA,IL,AGL,CE,Towers with Radar,0,10,82,0,92,0,1,148,0,149,0,11,230,0,241,94,0,94,335
03/23/2006,DPA,IL,AGL,CE,Towers with Radar,0,10,90,0,100,0,4,105,0,109,0,14,195,0,209,147,0,147,356
03/24/2006,DPA,IL,AGL,CE,Towers with Radar,0,9,92,0,101,0,0,7,0,7,0,9,99,0,108,12,0,12,120
03/25/2006,DPA,IL,AGL,CE,Towers with Radar,0,10,67,0,77,0,0,97,0,97,0,10,164,0,174,198,0,198,372
03/26/2006,DPA,IL,AGL,CE,Towers with Radar,0,5,53,0,58,0,0,182,0,182,0,5,235,0,240,131,0,131,371
03/27/2006,DPA,IL,AGL,CE,Towers with Radar,0,3,68,0,71,0,0,60,0,60,0,3,128,0,131,65,0,65,196
03/28/2006,DPA,IL,AGL,CE,Towers with Radar,0,3,87,0,90,0,0,17,0,17,0,3,104,0,107,60,0,60,167
03/29/2006,DPA,IL,AGL,CE,Towers with Radar,0,2,108,0,110,0,0,99,0,99,0,2,207,0,209,237,0,237,446
03/30/2006,DPA,IL,AGL,CE,Towers with Radar,0,14,78,0,92,0,0,109,0,109,0,14,187,0,201,70,0,70,271
03/31/2006,DPA,IL,AGL,CE,Towers with Radar,0,13,61,0,74,0,0,26,0,26,0,13,87,0,100,16,0,16,116
04/01/2006,DPA,IL,AGL,CE,Towers with Radar,0,7,87,0,94,0,0,97,0,97,0,7,184,0,191,180,0,180,371
04/02/2006,DPA,IL,AGL,CE,Towers with Radar,0,10,63,0,73,0,0,3,0,3,0,10,66,0,76,28,0,28,104
04/03/2006,DPA,IL,AGL,CE,Towers with Radar,0,13,76,0,89,0,0,37,0,37,0,13,113,0,126,35,0,35,161
04/04/2006,DPA,IL,AGL,CE,Towers with Radar,0,11,84,0,95,0,0,182,0,182,0,11,266,0,277,106,0,106,383
04/05/2006,DPA,IL,AGL,CE,Towers with Radar,1,15,77,0,93,0,0,184,0,184,1,15,261,0,277,105,0,105,382
04/06/2006,DPA,IL,AGL,CE,Towers with Radar,0,14,73,0,87,0,0,52,0,52,0,14,125,0,139,47,0,47,186
04/07/2006,DPA,IL,AGL,CE,Towers with Radar,0,7,76,0,83,0,0,11,0,11,0,7,87,0,94,2,0,2,96
04/08/2006,DPA,IL,AGL,CE,Towers with Radar,0,10,45,0,55,0,0,177,0,177,0,10,222,0,232,183,0,183,415
04/09/2006,DPA,IL,AGL,CE,Towers with Radar,0,5,43,0,48,0,0,205,0,205,0,5,248,0,253,172,0,172,425
04/10/2006,DPA,IL,AGL,CE,Towers with Radar,0,8,59,0,67,0,0,194,0,194,0,8,253,0,261,113,0,113,374
04/11/2006,DPA,IL,AGL,CE,Towers with Radar,0,20,99,0,119,0,1,126,0,127,0,21,225,0,246,51,0,51,297
04/12/2006,DPA,IL,AGL,CE,Towers with Radar,0,16,93,0,109,0,0,89,0,89,0,16,182,0,198,116,0,116,314
04/13/2006,DPA,IL,AGL,CE,Towers with Radar,0,9,109,0,118,0,0,182,0,182,0,9,291,0,300,163,0,163,463
04/14/2006,DPA,IL,AGL,CE,Towers with Radar,0,11,83,0,94,0,0,148,0,148,0,11,231,0,242,173,0,173,415
04/15/2006,DPA,IL,AGL,CE,Towers with Radar,0,4,40,0,44,0,0,212,0,212,0,4,252,0,256,198,0,198,454
04/16/2006,DPA,IL,AGL,CE,Towers with Radar,0,4,19,0,23,0,0,7,0,7,0,4,26,0,30,31,0,31,61
04/17/2006,DPA,IL,AGL,CE,Towers with Radar,0,7,80,1,88,0,0,160,0,160,0,7,240,1,248,113,0,113,361
04/18/2006,DPA,IL,AGL,CE,Towers with Radar,0,22,83,0,105,0,1,151,0,152,0,23,234,0,257,123,0,123,380
04/19/2006,DPA,IL,AGL,CE,Towers with Radar,2,8,75,0,85,0,0,122,0,122,2,8,197,0,207,158,0,158,365
04/20/2006,DPA,IL,AGL,CE,Towers with Radar,2,21,83,0,106,0,0,126,2,128,2,21,209,2,234,102,0,102,336
04/21/2006,DPA,IL,AGL,CE,Towers with Radar,1,8,72,0,81,0,4,144,0,148,1,12,216,0,229,34,0,34,263
04/22/2006,DPA,IL,AGL,CE,Towers with Radar,1,3,45,0,49,0,0,146,0,146,1,3,191,0,195,110,0,110,305
04/23/2006,DPA,IL,AGL,CE,Towers with Radar,0,10,53,0,63,0,0,124,0,124,0,10,177,0,187,112,0,112,299
04/24/2006,DPA,IL,AGL,CE,Towers with Radar,1,13,81,0,95,0,0,156,0,156,1,13,237,0,251,113,0,113,364
04/25/2006,DPA,IL,AGL,CE,Towers with Radar,1,8,84,0,93,0,1,49,0,50,1,9,133,0,143,32,0,32,175
04/26/2006,DPA,IL,AGL,CE,Towers with Radar,2,12,77,0,91,0,2,181,0,183,2,14,258,0,274,204,0,204,478
04/27/2006,DPA,IL,AGL,CE,Towers with Radar,0,11,98,0,109,0,3,185,0,188,0,14,283,0,297,142,0,142,439
04/28/2006,DPA,IL,AGL,CE,Towers with Radar,0,13,88,0,101,0,0,194,0,194,0,13,282,0,295,109,0,109,404
04/29/2006,DPA,IL,AGL,CE,Towers with Radar,0,7,56,0,63,0,0,54,0,54,0,7,110,0,117,120,0,120,237
04/30/2006,DPA,IL,AGL,CE,Towers with Radar,0,10,54,0,64,0,0,6,0,6,0,10,60,0,70,1,0,1,71
05/01/2006,DPA,IL,AGL,CE,Towers with Radar,0,12,95,0,107,0,2,27,0,29,0,14,122,0,136,5,0,5,141
05/02/2006,DPA,IL,AGL,CE,Towers with Radar,0,15,100,0,115,0,3,155,0,158,0,18,255,0,273,118,0,118,391
05/03/2006,DPA,IL,AGL,CE,Towers with Radar,0,0,78,0,78,0,0,50,0,50,0,0,128,0,128,59,0,59,187
05/04/2006,DPA,IL,AGL,CE,Towers with Radar,0,0,90,0,90,0,0,96,0,96,0,0,186,0,186,149,0,149,335
05/05/2006,DPA,IL,AGL,CE,Towers with Radar,0,12,118,0,130,0,2,118,0,120,0,14,236,0,250,105,0,105,355
05/06/2006,DPA,IL,AGL,CE,Towers with Radar,0,10,53,0,63,0,1,209,0,210,0,11,262,0,273,192,0,192,465
05/07/2006,DPA,IL,AGL,CE,Towers with Radar,0,11,50,0,61,0,0,176,0,176,0,11,226,0,237,224,0,224,461
05/08/2006,DPA,IL,AGL,CE,Towers with Radar,0,13,71,0,84,0,0,125,0,125,0,13,196,0,209,121,0,121,330
05/09/2006,DPA,IL,AGL,CE,Towers with Radar,0,17,95,0,112,0,0,53,0,53,0,17,148,0,165,62,0,62,227
05/10/2006,DPA,IL,AGL,CE,Towers with Radar,0,21,84,0,105,0,0,95,0,95,0,21,179,0,200,115,0,115,315
05/11/2006,DPA,IL,AGL,CE,Towers with Radar,0,30,68,0,98,0,0,7,0,7,0,30,75,0,105,0,0,0,105
05/12/2006,DPA,IL,AGL,CE,Towers with Radar,0,5,108,0,113,0,0,25,0,25,0,5,133,0,138,26,0,26,164
05/13/2006,DPA,IL,AGL,CE,Towers with Radar,0,7,50,0,57,0,0,12,0,12,0,7,62,0,69,65,0,65,134
05/14/2006,DPA,IL,AGL,CE,Towers with Radar,0,9,59,0,68,0,0,26,0,26,0,9,85,0,94,81,0,81,175
05/15/2006,DPA,IL,AGL,CE,Towers with Radar,0,8,92,0,100,0,0,29,0,29,0,8,121,0,129,43,0,43,172
05/16/2006,DPA,IL,AGL,CE,Towers with Radar,0,15,104,0,119,0,0,88,0,88,0,15,192,0,207,114,0,114,321
05/17/2006,DPA,IL,AGL,CE,Towers with Radar,0,14,70,0,84,0,0,82,0,82,0,14,152,0,166,18,0,18,184
05/18/2006,DPA,IL,AGL,CE,Towers with Radar,0,12,83,0,95,0,0,127,0,127,0,12,210,0,222,96,0,96,318
05/19/2006,DPA,IL,AGL,CE,Towers with Radar,0,17,95,0,112,0,1,154,0,155,0,18,249,0,267,85,0,85,352
05/20/2006,DPA,IL,AGL,CE,Towers with Radar,0,6,43,0,49,0,1,156,0,157,0,7,199,0,206,93,0,93,299
05/21/2006,DPA,IL,AGL,CE,Towers with Radar,0,13,38,0,51,0,0,179,0,179,0,13,217,0,230,189,0,189,419
05/22/2006,DPA,IL,AGL,CE,Towers with Radar,0,9,94,0,103,0,0,107,0,107,0,9,201,0,210,148,0,148,358
05/23/2006,DPA,IL,AGL,CE,Towers with Radar,0,13,94,0,107,0,3,195,2,200,0,16,289,2,307,164,0,164,471
05/24/2006,DPA,IL,AGL,CE,Towers with Radar,0,11,96,0,107,0,0,64,0,64,0,11,160,0,171,79,0,79,250
05/25/2006,DPA,IL,AGL,CE,Towers with Radar,0,15,87,0,102,0,0,64,0,64,0,15,151,0,166,36,0,36,202
05/26/2006,DPA,IL,AGL,CE,Towers with Radar,0,8,103,0,111,0,0,112,0,112,0,8,215,0,223,151,0,151,374
05/27/2006,DPA,IL,AGL,CE,Towers with Radar,0,9,38,0,47,0,0,142,0,142,0,9,180,0,189,183,0,183,372
05/28/2006,DPA,IL,AGL,CE,Towers with Radar,0,3,29,0,32,0,2,130,0,132,0,5,159,0,164,131,0,131,295
05/29/2006,DPA,IL,AGL,CE,Towers with Radar,0,6,43,0,49,0,0,113,0,113,0,6,156,0,162,56,0,56,218
05/30/2006,DPA,IL,AGL,CE,Towers with Radar,0,7,82,0,89,0,0,85,0,85,0,7,167,0,174,72,0,72,246
05/31/2006,DPA,IL,AGL,CE,Towers with Radar,0,1,55,0,56,0,0,0,0,0,0,1,55,0,56,68,0,68,124
06/01/2006,DPA,IL,AGL,CE,Towers with Radar,0,14,100,0,114,0,0,131,0,131,0,14,231,0,245,144,0,144,389
06/02/2006,DPA,IL,AGL,CE,Towers with Radar,0,14,82,0,96,0,0,117,0,117,0,14,199,0,213,112,0,112,325
06/03/2006,DPA,IL,AGL,CE,Towers with Radar,0,3,37,0,40,0,0,199,0,199,0,3,236,0,239,137,0,137,376
06/04/2006,DPA,IL,AGL,CE,Towers with Radar,0,2,48,0,50,0,0,191,0,191,0,2,239,0,241,258,0,258,499
06/05/2006,DPA,IL,AGL,CE,Towers with Radar,0,7,70,0,77,0,0,132,0,132,0,7,202,0,209,110,0,110,319
06/06/2006,DPA,IL,AGL,CE,Towers with Radar,0,20,69,0,89,0,0,66,0,66,0,20,135,0,155,58,0,58,213
06/07/2006,DPA,IL,AGL,CE,Towers with Radar,0,14,76,0,90,0,1,137,0,138,0,15,213,0,228,99,0,99,327
06/08/2006,DPA,IL,AGL,CE,Towers with Radar,0,14,98,0,112,0,8,158,0,166,0,22,256,0,278,78,0,78,356
06/09/2006,DPA,IL,AGL,CE,Towers with Radar,0,13,78,0,91,0,0,119,0,119,0,13,197,0,210,122,0,122,332
06/10/2006,DPA,IL,AGL,CE,Towers with Radar,0,2,55,0,57,0,0,46,0,46,0,2,101,0,103,70,0,70,173
06/11/2006,DPA,IL,AGL,CE,Towers with Radar,0,8,58,0,66,0,2,118,0,120,0,10,176,0,186,118,0,118,304
06/12/2006,DPA,IL,AGL,CE,Towers with Radar,0,8,62,0,70,0,1,129,0,130,0,9,191,0,200,73,0,73,273
06/13/2006,DPA,IL,AGL,CE,Towers with Radar,0,9,81,0,90,0,0,140,0,140,0,9,221,0,230,108,0,108,338
06/14/2006,DPA,IL,AGL,CE,Towers with Radar,0,15,85,0,100,0,0,119,0,119,0,15,204,0,219,108,0,108,327
06/15/2006,DPA,IL,AGL,CE,Towers with Radar,0,10,83,0,93,0,2,160,0,162,0,12,243,0,255,71,0,71,326
06/16/2006,DPA,IL,AGL,CE,Towers with Radar,0,9,103,0,112,0,1,158,0,159,0,10,261,0,271,166,0,166,437
06/17/2006,DPA,IL,AGL,CE,Towers with Radar,0,11,59,0,70,0,0,110,0,110,0,11,169,0,180,69,0,69,249
06/18/2006,DPA,IL,AGL,CE,Towers with Radar,0,17,56,0,73,0,1,22,0,23,0,18,78,0,96,36,0,36,132
06/19/2006,DPA,IL,AGL,CE,Towers with Radar,0,12,74,0,86,0,0,116,0,116,0,12,190,0,202,114,0,114,316
06/20/2006,DPA,IL,AGL,CE,Towers with Radar,0,8,82,0,90,0,0,95,0,95,0,8,177,0,185,105,0,105,290
06/21/2006,DPA,IL,AGL,CE,Towers with Radar,0,14,80,0,94,0,0,54,0,54,0,14,134,0,148,38,0,38,186
06/22/2006,DPA,IL,AGL,CE,Towers with Radar,0,19,100,0,119,0,0,118,0,118,0,19,218,0,237,87,0,87,324
06/23/2006,DPA,IL,AGL,CE,Towers with Radar,0,15,95,0,110,0,1,152,0,153,0,16,247,0,263,82,0,82,345
06/24/2006,DPA,IL,AGL,CE,Towers with Radar,0,7,43,0,50,0,1,169,0,170,0,8,212,0,220,129,0,129,349
06/25/2006,DPA,IL,AGL,CE,Towers with Radar,0,6,49,0,55,0,0,64,0,64,0,6,113,0,119,55,0,55,174
06/26/2006,DPA,IL,AGL,CE,Towers with Radar,0,11,95,0,106,0,0,82,0,82,0,11,177,0,188,108,0,108,296
06/27/2006,DPA,IL,AGL,CE,Towers with Radar,0,19,97,0,116,0,0,81,0,81,0,19,178,0,197,56,0,56,253
06/28/2006,DPA,IL,AGL,CE,Towers with Radar,0,18,104,0,122,0,0,139,1,140,0,18,243,1,262,86,0,86,348
06/29/2006,DPA,IL,AGL,CE,Towers with Radar,0,12,117,0,129,0,0,208,0,208,0,12,325,0,337,110,0,110,447
06/30/2006,DPA,IL,AGL,CE,Towers with Radar,0,11,81,0,92,0,0,199,0,199,0,11,280,0,291,122,0,122,413
07/01/2006,DPA,IL,AGL,CE,Towers with Radar,0,14,34,0,48,0,0,95,0,95,0,14,129,0,143,27,0,27,170
07/02/2006,DPA,IL,AGL,CE,Towers with Radar,0,1,24,0,25,0,0,102,0,102,0,1,126,0,127,0,104,104,231
07/03/2006,DPA,IL,AGL,CE,Towers with Radar,0,2,47,0,49,0,0,31,0,31,0,2,78,0,80,58,0,58,138
07/04/2006,DPA,IL,AGL,CE,Towers with Radar,0,10,22,0,32,0,0,136,0,136,0,10,158,0,168,122,0,122,290
07/05/2006,DPA,IL,AGL,CE,Towers with Radar,0,5,8,0,13,0,0,247,2,249,0,5,255,2,262,63,0,63,325
07/06/2006,DPA,IL,AGL,CE,Towers with Radar,0,17,68,2,87,0,1,104,0,105,0,18,172,2,192,78,0,78,270
07/07/2006,DPA,IL,AGL,CE,Towers with Radar,0,12,61,0,73,0,0,62,0,62,0,12,123,0,135,20,0,20,155
07/08/2006,DPA,IL,AGL,CE,Towers with Radar,0,10,42,0,52,0,1,199,0,200,0,11,241,0,252,126,0,126,378
07/09/2006,DPA,IL,AGL,CE,Towers with Radar,0,13,55,0,68,0,2,136,0,138,0,15,191,0,206,115,0,115,321
07/10/2006,DPA,IL,AGL,CE,Towers with Radar,0,9,88,0,97,0,0,110,0,110,0,9,198,0,207,182,0,182,389
07/11/2006,DPA,IL,AGL,CE,Towers with Radar,0,16,114,0,130,0,1,29,0,30,0,17,143,0,160,45,0,45,205
07/12/2006,DPA,IL,AGL,CE,Towers with Radar,0,28,98,0,126,0,2,78,0,80,0,30,176,0,206,162,0,162,368
07/13/2006,DPA,IL,AGL,CE,Towers with Radar,0,18,119,0,137,0,0,165,0,165,0,18,284,0,302,59,0,59,361
07/14/2006,DPA,IL,AGL,CE,Towers with Radar,0,16,77,0,93,0,0,84,0,84,0,16,161,0,177,113,0,113,290
07/15/2006,DPA,IL,AGL,CE,Towers with Radar,0,5,52,0,57,0,1,153,0,154,0,6,205,0,211,154,0,154,365
07/16/2006,DPA,IL,AGL,CE,Towers with Radar,0,18,59,0,77,0,1,150,0,151,0,19,209,0,228,124,0,124,352
07/17/2006,DPA,IL,AGL,CE,Towers with Radar,0,14,68,0,82,0,1,127,0,128,0,15,195,0,210,71,0,71,281
07/18/2006,DPA,IL,AGL,CE,Towers with Radar,0,10,91,0,101,0,0,173,0,173,0,10,264,0,274,105,0,105,379
07/19/2006,DPA,IL,AGL,CE,Towers with Radar,0,25,90,0,115,0,0,89,0,89,0,25,179,0,204,70,0,70,274
07/20/2006,DPA,IL,AGL,CE,Towers with Radar,0,18,102,4,124,0,0,55,2,57,0,18,157,6,181,117,2,119,300
07/21/2006,DPA,IL,AGL,CE,Towers with Radar,0,16,113,0,129,0,0,95,0,95,0,16,208,0,224,192,0,192,416
07/22/2006,DPA,IL,AGL,CE,Towers with Radar,0,3,59,2,64,0,2,211,11,224,0,5,270,13,288,110,0,110,398
07/23/2006,DPA,IL,AGL,CE,Towers with Radar,0,9,65,0,74,0,0,165,0,165,0,9,230,0,239,191,0,191,430
07/24/2006,DPA,IL,AGL,CE,Towers with Radar,0,10,56,0,66,0,2,140,0,142,0,12,196,0,208,177,0,177,385
07/25/2006,DPA,IL,AGL,CE,Towers with Radar,0,12,120,0,132,0,0,128,0,128,0,12,248,0,260,129,0,129,389
07/26/2006,DPA,IL,AGL,CE,Towers with Radar,0,14,100,0,114,0,0,75,0,75,0,14,175,0,189,46,0,46,235
07/27/2006,DPA,IL,AGL,CE,Towers with Radar,0,15,133,0,148,0,0,68,0,68,0,15,201,0,216,26,0,26,242
07/28/2006,DPA,IL,AGL,CE,Towers with Radar,0,11,90,0,101,0,0,140,0,140,0,11,230,0,241,122,0,122,363
07/29/2006,DPA,IL,AGL,CE,Towers with Radar,0,2,49,0,51,0,0,127,0,127,0,2,176,0,178,106,0,106,284
07/30/2006,DPA,IL,AGL,CE,Towers with Radar,0,1,53,0,54,0,0,84,0,84,0,1,137,0,138,95,0,95,233
07/31/2006,DPA,IL,AGL,CE,Towers with Radar,0,15,69,0,84,0,0,127,0,127,0,15,196,0,211,109,0,109,320
08/01/2006,DPA,IL,AGL,CE,Towers with Radar,0,7,79,0,86,0,0,131,0,131,0,7,210,0,217,139,0,139,356
08/02/2006,DPA,IL,AGL,CE,Towers with Radar,0,13,81,0,94,0,1,117,0,118,0,14,198,0,212,124,0,124,336
08/03/2006,DPA,IL,AGL,CE,Towers with Radar,0,25,119,0,144,0,0,98,0,98,0,25,217,0,242,78,0,78,320
08/04/2006,DPA,IL,AGL,CE,Towers with Radar,0,10,81,0,91,0,0,168,0,168,0,10,249,0,259,89,0,89,348
08/05/2006,DPA,IL,AGL,CE,Towers with Radar,0,0,50,1,51,0,0,182,0,182,0,0,232,1,233,142,0,142,375
08/06/2006,DPA,IL,AGL,CE,Towers with Radar,0,6,70,0,76,0,0,92,0,92,0,6,162,0,168,195,0,195,363
08/07/2006,DPA,IL,AGL,CE,Towers with Radar,0,13,67,0,80,0,4,152,0,156,0,17,219,0,236,106,0,106,342
08/08/2006,DPA,IL,AGL,CE,Towers with Radar,0,6,83,0,89,0,1,163,0,164,0,7,246,0,253,148,0,148,401
08/09/2006,DPA,IL,AGL,CE,Towers with Radar,0,9,81,0,90,0,0,150,0,150,0,9,231,0,240,95,0,95,335
08/10/2006,DPA,IL,AGL,CE,Towers with Radar,0,12,134,0,146,0,0,38,0,38,0,12,172,0,184,55,0,55,239
08/11/2006,DPA,IL,AGL,CE,Towers with Radar,0,16,79,0,95,0,2,170,0,172,0,18,249,0,267,74,0,74,341
08/12/2006,DPA,IL,AGL,CE,Towers with Radar,0,8,55,0,63,0,0,171,0,171,0,8,226,0,234,139,0,139,373
08/13/2006,DPA,IL,AGL,CE,Towers with Radar,0,36,72,0,108,0,2,140,0,142,0,38,212,0,250,136,0,136,386
08/14/2006,DPA,IL,AGL,CE,Towers with Radar,0,27,105,0,132,0,0,89,0,89,0,27,194,0,221,38,0,38,259
08/15/2006,DPA,IL,AGL,CE,Towers with Radar,0,28,88,0,116,0,0,157,0,157,0,28,245,0,273,92,0,92,365
08/16/2006,DPA,IL,AGL,CE,Towers with Radar,0,26,138,0,164,0,0,218,0,218,0,26,356,0,382,134,0,134,516
08/17/2006,DPA,IL,AGL,CE,Towers with Radar,1,24,133,0,158,0,2,169,0,171,1,26,302,0,329,70,0,70,399
08/18/2006,DPA,IL,AGL,CE,Towers with Radar,0,38,128,1,167,0,2,76,0,78,0,40,204,1,245,103,0,103,348
08/19/2006,DPA,IL,AGL,CE,Towers with Radar,0,24,64,2,90,0,1,29,0,30,0,25,93,2,120,68,0,68,188
08/20/2006,DPA,IL,AGL,CE,Towers with Radar,0,41,93,0,134,0,0,164,0,164,0,41,257,0,298,126,0,126,424
08/21/2006,DPA,IL,AGL,CE,Towers with Radar,0,17,72,4,93,0,1,186,0,187,0,18,258,4,280,120,0,120,400
08/22/2006,DPA,IL,AGL,CE,Towers with Radar,0,13,86,0,99,0,2,141,0,143,0,15,227,0,242,74,0,74,316
08/23/2006,DPA,IL,AGL,CE,Towers with Radar,0,13,87,0,100,0,1,132,0,133,0,14,219,0,233,66,0,66,299
08/24/2006,DPA,IL,AGL,CE,Towers with Radar,0,11,101,0,112,0,0,86,0,86,0,11,187,0,198,143,0,143,341
08/25/2006,DPA,IL,AGL,CE,Towers with Radar,0,0,80,0,80,0,0,95,0,95,0,0,175,0,175,105,0,105,280
08/26/2006,DPA,IL,AGL,CE,Towers with Radar,1,8,54,0,63,0,0,45,0,45,1,8,99,0,108,84,0,84,192
08/27/2006,DPA,IL,AGL,CE,Towers with Radar,0,13,82,0,95,0,3,72,0,75,0,16,154,0,170,128,0,128,298
08/28/2006,DPA,IL,AGL,CE,Towers with Radar,0,10,96,0,106,0,0,9,0,9,0,10,105,0,115,0,0,0,115
08/29/2006,DPA,IL,AGL,CE,Towers with Radar,0,18,127,4,149,0,2,118,0,120,0,20,245,4,269,67,2,69,338
08/30/2006,DPA,IL,AGL,CE,Towers with Radar,0,20,107,1,128,0,0,143,2,145,0,20,250,3,273,132,0,132,405
08/31/2006,DPA,IL,AGL,CE,Towers with Radar,0,4,75,0,79,0,2,183,0,185,0,6,258,0,264,102,0,102,366
09/01/2006,DPA,IL,AGL,CE,Towers with Radar,0,10,96,0,106,0,1,142,0,143,0,11,238,0,249,134,0,134,383
09/02/2006,DPA,IL,AGL,CE,Towers with Radar,0,3,36,0,39,0,0,164,0,164,0,3,200,0,203,95,0,95,298
09/03/2006,DPA,IL,AGL,CE,Towers with Radar,0,1,32,0,33,0,5,117,0,122,0,6,149,0,155,109,0,109,264
09/04/2006,DPA,IL,AGL,CE,Towers with Radar,0,5,63,0,68,0,0,51,0,51,0,5,114,0,119,52,0,52,171
09/05/2006,DPA,IL,AGL,CE,Towers with Radar,0,9,94,0,103,0,0,96,0,96,0,9,190,0,199,133,0,133,332
09/06/2006,DPA,IL,AGL,CE,Towers with Radar,0,5,81,0,86,0,0,153,0,153,0,5,234,0,239,119,0,119,358
09/07/2006,DPA,IL,AGL,CE,Towers with Radar,0,8,73,1,82,0,1,146,1,148,0,9,219,2,230,102,2,104,334
09/08/2006,DPA,IL,AGL,CE,Towers with Radar,0,12,97,0,109,0,0,196,0,196,0,12,293,0,305,89,0,89,394
09/09/2006,DPA,IL,AGL,CE,Towers with Radar,0,2,46,0,48,0,0,90,0,90,0,2,136,0,138,233,0,233,371
09/10/2006,DPA,IL,AGL,CE,Towers with Radar,0,5,90,0,95,0,0,0,0,0,0,5,90,0,95,0,0,0,95
09/11/2006,DPA,IL,AGL,CE,Towers with Radar,0,16,73,0,89,0,0,0,0,0,0,16,73,0,89,0,0,0,89
09/12/2006,DPA,IL,AGL,CE,Towers with Radar,0,19,76,0,95,0,0,1,0,1,0,19,77,0,96,0,0,0,96
09/13/2006,DPA,IL,AGL,CE,Towers with Radar,0,12,100,0,112,0,0,12,0,12,0,12,112,0,124,32,0,32,156
09/14/2006,DPA,IL,AGL,CE,Towers with Radar,0,5,102,0,107,0,0,165,1,166,0,5,267,1,273,109,0,109,382
09/15/2006,DPA,IL,AGL,CE,Towers with Radar,0,12,68,0,80,0,0,202,0,202,0,12,270,0,282,170,0,170,452
09/16/2006,DPA,IL,AGL,CE,Towers with Radar,0,3,56,0,59,0,6,167,0,173,0,9,223,0,232,196,0,196,428
09/17/2006,DPA,IL,AGL,CE,Towers with Radar,0,10,53,0,63,0,3,89,0,92,0,13,142,0,155,58,0,58,213
09/18/2006,DPA,IL,AGL,CE,Towers with Radar,0,5,67,0,72,0,0,114,0,114,0,5,181,0,186,74,0,74,260
09/19/2006,DPA,IL,AGL,CE,Towers with Radar,0,15,111,1,127,0,0,69,0,69,0,15,180,1,196,16,0,16,212
09/20/2006,DPA,IL,AGL,CE,Towers with Radar,0,6,108,0,114,0,1,200,0,201,0,7,308,0,315,122,0,122,437
09/21/2006,DPA,IL,AGL,CE,Towers with Radar,0,12,97,0,109,0,3,164,0,167,0,15,261,0,276,109,0,109,385
09/22/2006,DPA,IL,AGL,CE,Towers with Radar,0,19,81,0,100,0,0,24,0,24,0,19,105,0,124,59,0,59,183
09/23/2006,DPA,IL,AGL,CE,Towers with Radar,1,10,43,0,54,0,0,10,0,10,1,10,53,0,64,2,0,2,66
09/24/2006,DPA,IL,AGL,CE,Towers with Radar,0,3,62,0,65,0,2,76,0,78,0,5,138,0,143,90,0,90,233
09/25/2006,DPA,IL,AGL,CE,Towers with Radar,0,10,75,0,85,0,0,144,0,144,0,10,219,0,229,74,0,74,303
09/26/2006,DPA,IL,AGL,CE,Towers with Radar,0,17,87,0,104,0,2,194,3,199,0,19,281,3,303,106,0,106,409
09/27/2006,DPA,IL,AGL,CE,Towers with Radar,0,10,86,0,96,0,0,92,0,92,0,10,178,0,188,87,0,87,275
09/28/2006,DPA,IL,AGL,CE,Towers with Radar,0,14,99,0,113,0,1,149,0,150,0,15,248,0,263,92,0,92,355
09/29/2006,DPA,IL,AGL,CE,Towers with Radar,2,18,98,0,118,0,0,128,0,128,2,18,226,0,246,127,0,127,373
09/30/2006,DPA,IL,AGL,CE,Towers with Radar,0,6,51,0,57,0,1,155,0,156,0,7,206,0,213,120,0,120,333
10/01/2006,DPA,IL,AGL,CE,Towers with Radar,0,5,61,0,66,0,0,216,0,216,0,5,277,0,282,182,0,182,464
10/02/2006,DPA,IL,AGL,CE,Towers with Radar,0,9,73,0,82,0,1,74,0,75,0,10,147,0,157,24,0,24,181
10/03/2006,DPA,IL,AGL,CE,Towers with Radar,0,20,90,0,110,0,1,173,0,174,0,21,263,0,284,98,0,98,382
10/04/2006,DPA,IL,AGL,CE,Towers with Radar,0,9,83,0,92,0,2,55,0,57,0,11,138,0,149,68,0,68,217
10/05/2006,DPA,IL,AGL,CE,Towers with Radar,0,24,120,0,144,0,2,126,0,128,0,26,246,0,272,96,0,96,368
10/06/2006,DPA,IL,AGL,CE,Towers with Radar,0,27,99,0,126,0,1,166,0,167,0,28,265,0,293,106,0,106,399
10/07/2006,DPA,IL,AGL,CE,Towers with Radar,4,9,62,0,75,0,0,195,0,195,4,9,257,0,270,160,0,160,430
10/08/2006,DPA,IL,AGL,CE,Towers with Radar,0,8,58,0,66,0,0,166,0,166,0,8,224,0,232,59,0,59,291
10/09/2006,DPA,IL,AGL,CE,Towers with Radar,2,11,85,0,98,0,1,125,0,126,2,12,210,0,224,194,0,194,418
10/10/2006,DPA,IL,AGL,CE,Towers with Radar,0,12,80,0,92,0,0,94,0,94,0,12,174,0,186,124,0,124,310
10/11/2006,DPA,IL,AGL,CE,Towers with Radar,0,15,62,0,77,0,0,13,0,13,0,15,75,0,90,30,0,30,120
10/12/2006,DPA,IL,AGL,CE,Towers with Radar,0,15,109,0,124,0,0,29,0,29,0,15,138,0,153,4,0,4,157
10/13/2006,DPA,IL,AGL,CE,Towers with Radar,0,0,53,0,53,2,0,0,0,2,2,0,53,0,55,20,0,20,75
10/14/2006,DPA,IL,AGL,CE,Towers with Radar,0,12,40,0,52,0,1,169,0,170,0,13,209,0,222,68,0,68,290
10/15/2006,DPA,IL,AGL,CE,Towers with Radar,0,4,68,0,72,0,0,156,0,156,0,4,224,0,228,151,0,151,379
10/16/2006,DPA,IL,AGL,CE,Towers with Radar,0,12,75,0,87,0,0,83,0,83,0,12,158,0,170,94,0,94,264
10/17/2006,DPA,IL,AGL,CE,Towers with Radar,1,12,102,0,115,0,0,59,0,59,1,12,161,0,174,97,0,97,271
10/18/2006,DPA,IL,AGL,CE,Towers with Radar,6,13,124,0,143,0,0,55,0,55,6,13,179,0,198,102,0,102,300
10/19/2006,DPA,IL,AGL,CE,Towers with Radar,0,15,99,2,116,0,0,93,0,93,0,15,192,2,209,183,0,183,392
10/20/2006,DPA,IL,AGL,CE,Towers with Radar,0,14,83,0,97,0,0,177,0,177,0,14,260,0,274,133,0,133,407
10/21/2006,DPA,IL,AGL,CE,Towers with Radar,1,7,62,0,70,0,0,103,0,103,1,7,165,0,173,126,0,126,299
10/22/2006,DPA,IL,AGL,CE,Towers with Radar,0,5,61,0,66,0,0,39,0,39,0,5,100,0,105,72,0,72,177
10/23/2006,DPA,IL,AGL,CE,Towers with Radar,0,10,52,0,62,0,0,70,0,70,0,10,122,0,132,73,0,73,205
10/24/2006,DPA,IL,AGL,CE,Towers with Radar,0,17,96,0,113,0,0,164,0,164,0,17,260,0,277,134,0,134,411
10/25/2006,DPA,IL,AGL,CE,Towers with Radar,0,12,92,0,104,0,0,199,0,199,0,12,291,0,303,168,0,168,471
10/26/2006,DPA,IL,AGL,CE,Towers with Radar,0,0,27,0,27,0,0,0,0,0,0,0,27,0,27,17,0,17,44
10/27/2006,DPA,IL,AGL,CE,Towers with Radar,0,6,119,0,125,0,0,3,0,3,0,6,122,0,128,0,0,0,128
10/28/2006,DPA,IL,AGL,CE,Towers with Radar,0,5,44,0,49,0,1,64,0,65,0,6,108,0,114,65,0,65,179
10/29/2006,DPA,IL,AGL,CE,Towers with Radar,0,12,48,0,60,0,3,157,0,160,0,15,205,0,220,161,0,161,381
10/30/2006,DPA,IL,AGL,CE,Towers with Radar,0,6,75,0,81,0,0,132,0,132,0,6,207,0,213,76,0,76,289
10/31/2006,DPA,IL,AGL,CE,Towers with Radar,0,16,59,0,75,0,2,96,0,98,0,18,155,0,173,63,0,63,236
11/01/2006,DPA,IL,AGL,CE,Towers with Radar,0,4,94,0,98,0,0,28,2,30,0,4,122,2,128,100,0,100,228
11/02/2006,DPA,IL,AGL,CE,Towers with Radar,0,13,72,0,85,0,2,106,0,108,0,15,178,0,193,48,0,48,241
11/03/2006,DPA,IL,AGL,CE,Towers with Radar,0,20,78,0,98,0,0,135,0,135,0,20,213,0,233,84,0,84,317
11/04/2006,DPA,IL,AGL,CE,Towers with Radar,0,1,40,0,41,0,0,88,0,88,0,1,128,0,129,81,0,81,210
11/05/2006,DPA,IL,AGL,CE,Towers with Radar,0,4,41,0,45,0,0,157,0,157,0,4,198,0,202,134,0,134,336
11/06/2006,DPA,IL,AGL,CE,Towers with Radar,0,4,71,0,75,0,0,68,0,68,0,4,139,0,143,42,0,42,185
11/07/2006,DPA,IL,AGL,CE,Towers with Radar,0,0,0,0,0,0,0,0,0,0,0,0,0,0,0,0,0,0,0
11/08/2006,DPA,IL,AGL,CE,Towers with Radar,0,0,93,0,93,0,0,16,0,16,0,0,109,0,109,83,0,83,192
11/09/2006,DPA,IL,AGL,CE,Towers with Radar,0,12,122,0,134,0,3,155,0,158,0,15,277,0,292,134,0,134,426
11/10/2006,DPA,IL,AGL,CE,Towers with Radar,0,13,86,0,99,0,0,39,0,39,0,13,125,0,138,0,0,0,138
11/11/2006,DPA,IL,AGL,CE,Towers with Radar,0,3,57,0,60,0,0,77,0,77,0,3,134,0,137,114,0,114,251
11/12/2006,DPA,IL,AGL,CE,Towers with Radar,0,10,55,0,65,0,0,167,0,167,0,10,222,0,232,141,0,141,373
11/13/2006,DPA,IL,AGL,CE,Towers with Radar,0,16,75,0,91,0,0,9,0,9,0,16,84,0,100,0,0,0,100
11/14/2006,DPA,IL,AGL,CE,Towers with Radar,0,0,86,0,86,0,0,0,0,0,0,0,86,0,86,148,0,148,234
11/15/2006,DPA,IL,AGL,CE,Towers with Radar,0,13,99,0,112,0,0,13,0,13,0,13,112,0,125,16,0,16,141
11/16/2006,DPA,IL,AGL,CE,Towers with Radar,0,13,72,0,85,0,0,30,0,30,0,13,102,0,115,4,0,4,119
11/17/2006,DPA,IL,AGL,CE,Towers with Radar,0,11,114,0,125,0,1,73,0,74,0,12,187,0,199,122,0,122,321
11/18/2006,DPA,IL,AGL,CE,Towers with Radar,0,4,61,0,65,0,0,67,0,67,0,4,128,0,132,141,0,141,273
11/19/2006,DPA,IL,AGL,CE,Towers with Radar,0,8,53,0,61,0,0,105,0,105,0,8,158,0,166,95,0,95,261
11/20/2006,DPA,IL,AGL,CE,Towers with Radar,0,11,51,1,63,0,1,130,2,133,0,12,181,3,196,87,0,87,283
11/21/2006,DPA,IL,AGL,CE,Towers with Radar,0,0,82,0,82,0,0,79,0,79,0,0,161,0,161,102,0,102,263
11/22/2006,DPA,IL,AGL,CE,Towers with Radar,0,15,55,0,70,0,1,179,0,180,0,16,234,0,250,114,0,114,364
11/23/2006,DPA,IL,AGL,CE,Towers with Radar,0,2,21,0,23,0,0,79,0,79,0,2,100,0,102,29,0,29,131
11/24/2006,DPA,IL,AGL,CE,Towers with Radar,0,14,48,0,62,0,0,164,0,164,0,14,212,0,226,172,0,172,398
11/25/2006,DPA,IL,AGL,CE,Towers with Radar,0,5,57,0,62,0,2,124,0,126,0,7,181,0,188,173,0,173,361
11/26/2006,DPA,IL,AGL,CE,Towers with Radar,0,10,98,0,108,0,0,73,0,73,0,10,171,0,181,102,0,102,283
11/27/2006,DPA,IL,AGL,CE,Towers with Radar,0,6,76,0,82,0,0,86,0,86,0,6,162,0,168,70,0,70,238
11/28/2006,DPA,IL,AGL,CE,Towers with Radar,0,13,77,0,90,0,1,55,0,56,0,14,132,0,146,28,0,28,174
11/29/2006,DPA,IL,AGL,CE,Towers with Radar,0,13,108,0,121,0,0,5,0,5,0,13,113,0,126,0,0,0,126
11/30/2006,DPA,IL,AGL,CE,Towers with Radar,0,15,76,0,91,0,0,30,0,30,0,15,106,0,121,0,0,0,121
12/01/2006,DPA,IL,AGL,CE,Towers with Radar,0,9,34,0,43,0,0,4,0,4,0,9,38,0,47,2,0,2,49
12/02/2006,DPA,IL,AGL,CE,Towers with Radar,0,7,53,0,60,0,1,98,6,105,0,8,151,6,165,82,0,82,247
12/03/2006,DPA,IL,AGL,CE,Towers with Radar,0,4,31,0,35,0,0,66,0,66,0,4,97,0,101,84,0,84,185
12/04/2006,DPA,IL,AGL,CE,Towers with Radar,0,0,66,0,66,0,0,0,0,0,0,0,66,0,66,18,0,18,84
12/05/2006,DPA,IL,AGL,CE,Towers with Radar,0,14,76,0,90,0,0,105,0,105,0,14,181,0,195,115,0,115,310
12/06/2006,DPA,IL,AGL,CE,Towers with Radar,0,18,86,0,104,0,1,59,0,60,0,19,145,0,164,78,0,78,242
12/07/2006,DPA,IL,AGL,CE,Towers with Radar,0,15,82,0,97,0,0,56,0,56,0,15,138,0,153,34,0,34,187
12/08/2006,DPA,IL,AGL,CE,Towers with Radar,0,19,75,0,94,0,0,90,0,90,0,19,165,0,184,58,0,58,242
12/09/2006,DPA,IL,AGL,CE,Towers with Radar,0,4,32,0,36,0,3,110,0,113,0,7,142,0,149,82,0,82,231
12/10/2006,DPA,IL,AGL,CE,Towers with Radar,0,11,39,0,50,0,0,110,0,110,0,11,149,0,160,113,0,113,273
12/11/2006,DPA,IL,AGL,CE,Towers with Radar,0,10,97,0,107,0,0,9,0,9,0,10,106,0,116,34,0,34,150
12/12/2006,DPA,IL,AGL,CE,Towers with Radar,0,20,102,0,122,0,0,2,0,2,0,20,104,0,124,0,0,0,124
12/13/2006,DPA,IL,AGL,CE,Towers with Radar,0,24,98,0,122,0,8,125,0,133,0,32,223,0,255,142,0,142,397
12/14/2006,DPA,IL,AGL,CE,Towers with Radar,2,21,88,1,112,0,0,99,1,100,2,21,187,2,212,86,0,86,298
12/15/2006,DPA,IL,AGL,CE,Towers with Radar,0,1,94,0,95,0,0,13,0,13,0,1,107,0,108,88,0,88,196
12/16/2006,DPA,IL,AGL,CE,Towers with Radar,0,0,43,0,43,0,0,0,0,0,0,0,43,0,43,162,0,162,205
12/17/2006,DPA,IL,AGL,CE,Towers with Radar,0,0,51,0,51,0,0,89,0,89,0,0,140,0,140,142,0,142,282
12/18/2006,DPA,IL,AGL,CE,Towers with Radar,0,14,75,0,89,0,2,127,0,129,0,16,202,0,218,68,0,68,286
12/19/2006,DPA,IL,AGL,CE,Towers with Radar,0,8,97,0,105,0,0,150,0,150,0,8,247,0,255,158,0,158,413
12/20/2006,DPA,IL,AGL,CE,Towers with Radar,0,15,95,0,110,0,1,123,0,124,0,16,218,0,234,114,0,114,348
12/21/2006,DPA,IL,AGL,CE,Towers with Radar,2,14,95,0,111,0,0,0,0,0,2,14,95,0,111,0,0,0,111
12/22/2006,DPA,IL,AGL,CE,Towers with Radar,2,13,100,0,115,0,0,6,0,6,2,13,106,0,121,14,0,14,135
12/23/2006,DPA,IL,AGL,CE,Towers with Radar,0,6,49,0,55,0,0,7,0,7,0,6,56,0,62,51,0,51,113
12/24/2006,DPA,IL,AGL,CE,Towers with Radar,0,0,18,0,18,0,0,60,0,60,0,0,78,0,78,60,0,60,138
12/25/2006,DPA,IL,AGL,CE,Towers with Radar,0,6,14,0,20,0,0,5,0,5,0,6,19,0,25,2,0,2,27
12/26/2006,DPA,IL,AGL,CE,Towers with Radar,0,11,86,0,97,0,0,96,0,96,0,11,182,0,193,153,0,153,346
12/27/2006,DPA,IL,AGL,CE,Towers with Radar,0,7,67,0,74,0,0,120,0,120,0,7,187,0,194,141,0,141,335
12/28/2006,DPA,IL,AGL,CE,Towers with Radar,0,9,45,0,54,0,1,197,0,198,0,10,242,0,252,138,0,138,390
12/29/2006,DPA,IL,AGL,CE,Towers with Radar,0,9,32,0,41,0,2,131,0,133,0,11,163,0,174,150,0,150,324
12/30/2006,DPA,IL,AGL,CE,Towers with Radar,0,6,60,0,66,0,0,10,0,10,0,6,70,0,76,76,0,76,152
12/31/2006,DPA,IL,AGL,CE,Towers with Radar,0,6,20,0,26,0,0,2,0,2,0,6,22,0,28,0,0,0,28
01/01/2007,DPA,IL,AGL,CE,Towers with Radar,0,2,28,0,30,0,0,26,0,26,0,2,54,0,56,78,0,78,134
01/02/2007,DPA,IL,AGL,CE,Towers with Radar,0,3,59,0,62,0,0,117,0,117,0,3,176,0,179,136,0,136,315
01/03/2007,DPA,IL,AGL,CE,Towers with Radar,0,18,72,0,90,0,0,144,0,144,0,18,216,0,234,59,0,59,293
01/04/2007,DPA,IL,AGL,CE,Towers with Radar,2,6,69,0,77,0,0,49,49,98,2,6,118,49,175,42,0,42,217
01/05/2007,DPA,IL,AGL,CE,Towers with Radar,2,14,78,0,94,0,0,36,0,36,2,14,114,0,130,128,0,128,258
01/06/2007,DPA,IL,AGL,CE,Towers with Radar,0,6,108,0,114,0,0,79,0,79,0,6,187,0,193,342,0,342,535
01/07/2007,DPA,IL,AGL,CE,Towers with Radar,0,0,30,0,30,0,0,0,0,0,0,0,30,0,30,132,0,132,162
01/08/2007,DPA,IL,AGL,CE,Towers with Radar,0,0,77,0,77,0,0,48,0,48,0,0,125,0,125,81,0,81,206
01/09/2007,DPA,IL,AGL,CE,Towers with Radar,0,4,59,0,63,0,1,115,0,116,0,5,174,0,179,60,0,60,239
01/10/2007,DPA,IL,AGL,CE,Towers with Radar,0,7,93,0,100,0,1,121,0,122,0,8,214,0,222,85,0,85,307
01/11/2007,DPA,IL,AGL,CE,Towers with Radar,0,6,73,0,79,0,0,72,0,72,0,6,145,0,151,30,0,30,181
01/12/2007,DPA,IL,AGL,CE,Towers with Radar,0,5,86,0,91,0,0,1,0,1,0,5,87,0,92,0,0,0,92
01/13/2007,DPA,IL,AGL,CE,Towers with Radar,0,4,33,0,37,0,0,32,0,32,0,4,65,0,69,305,0,305,374
01/14/2007,DPA,IL,AGL,CE,Towers with Radar,0,2,32,0,34,0,0,0,0,0,0,2,32,0,34,0,0,0,34
01/15/2007,DPA,IL,AGL,CE,Towers with Radar,0,7,61,0,68,0,0,1,0,1,0,7,62,0,69,0,0,0,69
01/16/2007,DPA,IL,AGL,CE,Towers with Radar,0,9,65,0,74,0,0,100,0,100,0,9,165,0,174,104,0,104,278
01/17/2007,DPA,IL,AGL,CE,Towers with Radar,0,12,88,0,100,0,3,65,3,71,0,15,153,3,171,21,0,21,192
01/18/2007,DPA,IL,AGL,CE,Towers with Radar,0,5,67,0,72,0,0,24,0,24,0,5,91,0,96,28,0,28,124
01/19/2007,DPA,IL,AGL,CE,Towers with Radar,0,10,66,0,76,0,2,121,0,123,0,12,187,0,199,68,0,68,267
01/20/2007,DPA,IL,AGL,CE,Towers with Radar,0,4,55,0,59,0,1,170,0,171,0,5,225,0,230,242,0,242,472
01/21/2007,DPA,IL,AGL,CE,Towers with Radar,0,0,1,0,1,0,0,0,0,0,0,0,1,0,1,0,0,0,1
01/22/2007,DPA,IL,AGL,CE,Towers with Radar,2,10,63,0,75,0,0,25,0,25,2,10,88,0,100,40,0,40,140
01/23/2007,DPA,IL,AGL,CE,Towers with Radar,0,17,81,0,98,0,1,42,0,43,0,18,123,0,141,24,0,24,165
01/24/2007,DPA,IL,AGL,CE,Towers with Radar,0,9,88,0,97,0,0,82,4,86,0,9,170,4,183,154,0,154,337
01/25/2007,DPA,IL,AGL,CE,Towers with Radar,0,9,81,0,90,0,0,177,0,177,0,9,258,0,267,151,0,151,418
01/26/2007,DPA,IL,AGL,CE,Towers with Radar,2,18,77,0,97,0,0,147,0,147,2,18,224,0,244,37,0,37,281
01/27/2007,DPA,IL,AGL,CE,Towers with Radar,0,6,38,0,44,0,0,78,0,78,0,6,116,0,122,227,0,227,349
01/28/2007,DPA,IL,AGL,CE,Towers with Radar,0,12,45,0,57,0,0,46,0,46,0,12,91,0,103,50,0,50,153
01/29/2007,DPA,IL,AGL,CE,Towers with Radar,0,15,54,0,69,0,0,30,0,30,0,15,84,0,99,20,4,24,123
01/30/2007,DPA,IL,AGL,CE,Towers with Radar,0,9,71,0,80,0,1,70,0,71,0,10,141,0,151,65,0,65,216
01/31/2007,DPA,IL,AGL,CE,Towers with Radar,0,12,81,0,93,0,0,79,0,79,0,12,160,0,172,33,0,33,205
02/01/2007,DPA,IL,AGL,CE,Towers with Radar,0,12,76,0,88,0,1,78,0,79,0,13,154,0,167,57,0,57,224
02/02/2007,DPA,IL,AGL,CE,Towers with Radar,0,17,64,0,81,0,1,69,0,70,0,18,133,0,151,14,0,14,165
02/03/2007,DPA,IL,AGL,CE,Towers with Radar,0,5,34,0,39,0,0,12,0,12,0,5,46,0,51,12,0,12,63
02/04/2007,DPA,IL,AGL,CE,Towers with Radar,0,1,43,0,44,0,0,25,0,25,0,1,68,0,69,12,0,12,81
02/05/2007,DPA,IL,AGL,CE,Towers with Radar,0,18,75,0,93,0,0,45,0,45,0,18,120,0,138,0,0,0,138
02/06/2007,DPA,IL,AGL,CE,Towers with Radar,0,17,79,0,96,0,0,6,0,6,0,17,85,0,102,0,0,0,102
02/07/2007,DPA,IL,AGL,CE,Towers with Radar,0,16,88,0,104,0,3,112,0,115,0,19,200,0,219,102,0,102,321
02/08/2007,DPA,IL,AGL,CE,Towers with Radar,0,11,74,0,85,0,0,103,0,103,0,11,177,0,188,50,0,50,238
02/09/2007,DPA,IL,AGL,CE,Towers with Radar,0,14,67,0,81,0,0,118,0,118,0,14,185,0,199,57,0,57,256
02/10/2007,DPA,IL,AGL,CE,Towers with Radar,0,3,34,0,37,0,0,129,0,129,0,3,163,0,166,78,0,78,244
02/11/2007,DPA,IL,AGL,CE,Towers with Radar,0,3,33,0,36,0,0,64,0,64,0,3,97,0,100,128,0,128,228
02/12/2007,DPA,IL,AGL,CE,Towers with Radar,0,9,58,0,67,0,0,0,0,0,0,9,58,0,67,0,0,0,67
02/13/2007,DPA,IL,AGL,CE,Towers with Radar,0,22,38,0,60,0,0,0,0,0,0,22,38,0,60,0,0,0,60
02/14/2007,DPA,IL,AGL,CE,Towers with Radar,0,24,80,0,104,0,1,82,0,83,0,25,162,0,187,79,0,79,266
02/15/2007,DPA,IL,AGL,CE,Towers with Radar,2,16,102,0,120,0,0,79,0,79,2,16,181,0,199,17,0,17,216
02/16/2007,DPA,IL,AGL,CE,Towers with Radar,0,0,61,0,61,0,0,35,2,37,0,0,96,2,98,29,0,29,127
02/17/2007,DPA,IL,AGL,CE,Towers with Radar,0,0,14,0,14,0,0,4,0,4,0,0,18,0,18,30,0,30,48
02/18/2007,DPA,IL,AGL,CE,Towers with Radar,0,10,38,0,48,0,2,141,0,143,0,12,179,0,191,172,0,172,363
02/19/2007,DPA,IL,AGL,CE,Towers with Radar,0,11,76,0,87,0,1,83,0,84,0,12,159,0,171,28,0,28,199
02/20/2007,DPA,IL,AGL,CE,Towers with Radar,0,12,98,0,110,0,2,147,0,149,0,14,245,0,259,114,0,114,373
02/21/2007,DPA,IL,AGL,CE,Towers with Radar,0,5,70,0,75,0,2,112,0,114,0,7,182,0,189,138,0,138,327
02/22/2007,DPA,IL,AGL,CE,Towers with Radar,0,8,62,0,70,0,1,99,0,100,0,9,161,0,170,43,0,43,213
02/23/2007,DPA,IL,AGL,CE,Towers with Radar,0,10,71,0,81,0,0,174,0,174,0,10,245,0,255,146,0,146,401
02/24/2007,DPA,IL,AGL,CE,Towers with Radar,0,1,10,0,11,0,0,22,0,22,0,1,32,0,33,12,0,12,45
02/25/2007,DPA,IL,AGL,CE,Towers with Radar,0,5,25,0,30,0,0,0,0,0,0,5,25,0,30,0,0,0,30
02/26/2007,DPA,IL,AGL,CE,Towers with Radar,0,4,61,0,65,0,0,4,0,4,0,4,65,0,69,0,0,0,69
02/27/2007,DPA,IL,AGL,CE,Towers with Radar,0,9,57,0,66,0,2,69,0,71,0,11,126,0,137,117,0,117,254
02/28/2007,DPA,IL,AGL,CE,Towers with Radar,0,10,81,0,91,0,1,56,0,57,0,11,137,0,148,85,0,85,233
03/01/2007,DPA,IL,AGL,CE,Towers with Radar,0,10,61,0,71,0,0,4,0,4,0,10,65,0,75,8,0,8,83
03/02/2007,DPA,IL,AGL,CE,Towers with Radar,0,8,50,0,58,0,0,0,0,0,0,8,50,0,58,2,0,2,60
03/03/2007,DPA,IL,AGL,CE,Towers with Radar,0,3,35,0,38,0,0,34,0,34,0,3,69,0,72,71,0,71,143
03/04/2007,DPA,IL,AGL,CE,Towers with Radar,0,2,48,0,50,0,4,184,0,188,0,6,232,0,238,68,0,68,306
03/05/2007,DPA,IL,AGL,CE,Towers with Radar,0,12,80,0,92,0,2,164,0,166,0,14,244,0,258,116,0,116,374
03/06/2007,DPA,IL,AGL,CE,Towers with Radar,0,14,63,0,77,0,2,126,0,128,0,16,189,0,205,53,0,53,258
03/07/2007,DPA,IL,AGL,CE,Towers with Radar,0,11,87,0,98,0,0,105,0,105,0,11,192,0,203,92,0,92,295
03/08/2007,DPA,IL,AGL,CE,Towers with Radar,0,8,92,0,100,0,0,206,0,206,0,8,298,0,306,78,0,78,384
03/09/2007,DPA,IL,AGL,CE,Towers with Radar,0,11,76,0,87,0,0,125,0,125,0,11,201,0,212,116,0,116,328
03/10/2007,DPA,IL,AGL,CE,Towers with Radar,0,3,39,0,42,0,4,187,0,191,0,7,226,0,233,107,0,107,340
03/11/2007,DPA,IL,AGL,CE,Towers with Radar,0,5,50,0,55,0,0,209,0,209,0,5,259,0,264,134,0,134,398
03/12/2007,DPA,IL,AGL,CE,Towers with Radar,0,6,63,0,69,0,1,111,0,112,0,7,174,0,181,47,0,47,228
03/13/2007,DPA,IL,AGL,CE,Towers with Radar,0,13,75,0,88,0,0,174,0,174,0,13,249,0,262,103,0,103,365
03/14/2007,DPA,IL,AGL,CE,Towers with Radar,0,20,104,0,124,0,0,72,0,72,0,20,176,0,196,73,0,73,269
03/15/2007,DPA,IL,AGL,CE,Towers with Radar,0,10,57,0,67,0,0,104,0,104,0,10,161,0,171,64,0,64,235
03/16/2007,DPA,IL,AGL,CE,Towers with Radar,0,10,73,0,83,0,0,126,0,126,0,10,199,0,209,189,0,189,398
03/17/2007,DPA,IL,AGL,CE,Towers with Radar,0,6,46,0,52,0,1,157,2,160,0,7,203,2,212,138,0,138,350
03/18/2007,DPA,IL,AGL,CE,Towers with Radar,0,8,48,0,56,0,0,137,0,137,0,8,185,0,193,70,0,70,263
03/19/2007,DPA,IL,AGL,CE,Towers with Radar,0,15,88,0,103,0,0,101,0,101,0,15,189,0,204,115,0,115,319
03/20/2007,DPA,IL,AGL,CE,Towers with Radar,0,16,79,0,95,0,2,144,0,146,0,18,223,0,241,144,0,144,385
03/21/2007,DPA,IL,AGL,CE,Towers with Radar,0,16,92,0,108,0,2,15,0,17,0,18,107,0,125,41,0,41,166
03/22/2007,DPA,IL,AGL,CE,Towers with Radar,0,13,101,0,114,0,1,109,0,110,0,14,210,0,224,40,0,40,264
03/23/2007,DPA,IL,AGL,CE,Towers with Radar,0,13,134,0,147,0,0,12,0,12,0,13,146,0,159,38,0,38,197
03/24/2007,DPA,IL,AGL,CE,Towers with Radar,0,7,63,0,70,0,0,0,0,0,0,7,63,0,70,12,0,12,82
03/25/2007,DPA,IL,AGL,CE,Towers with Radar,1,1,40,0,42,0,1,100,0,101,1,2,140,0,143,133,0,133,276
03/26/2007,DPA,IL,AGL,CE,Towers with Radar,0,8,53,0,61,0,0,105,0,105,0,8,158,0,166,66,0,66,232
03/27/2007,DPA,IL,AGL,CE,Towers with Radar,0,8,58,0,66,0,0,54,0,54,0,8,112,0,120,38,0,38,158
03/28/2007,DPA,IL,AGL,CE,Towers with Radar,0,15,80,0,95,0,0,0,0,0,0,15,80,0,95,0,0,0,95
03/29/2007,DPA,IL,AGL,CE,Towers with Radar,0,8,70,0,78,0,0,92,0,92,0,8,162,0,170,145,0,145,315
03/30/2007,DPA,IL,AGL,CE,Towers with Radar,0,8,67,0,75,0,0,79,0,79,0,8,146,0,154,196,0,196,350
03/31/2007,DPA,IL,AGL,CE,Towers with Radar,0,5,55,0,60,0,0,60,0,60,0,5,115,0,120,139,0,139,259
04/01/2007,DPA,IL,AGL,CE,Towers with Radar,0,6,56,0,62,0,0,40,0,40,0,6,96,0,102,32,0,32,134
04/02/2007,DPA,IL,AGL,CE,Towers with Radar,0,8,71,0,79,0,0,122,0,122,0,8,193,0,201,102,0,102,303
04/03/2007,DPA,IL,AGL,CE,Towers with Radar,0,6,64,0,70,0,0,47,0,47,0,6,111,0,117,20,0,20,137
04/04/2007,DPA,IL,AGL,CE,Towers with Radar,0,7,65,0,72,0,0,35,0,35,0,7,100,0,107,0,0,0,107
04/05/2007,DPA,IL,AGL,CE,Towers with Radar,0,11,79,0,90,0,0,117,0,117,0,11,196,0,207,75,0,75,282
04/06/2007,DPA,IL,AGL,CE,Towers with Radar,0,7,53,0,60,0,3,161,0,164,0,10,214,0,224,74,0,74,298
04/07/2007,DPA,IL,AGL,CE,Towers with Radar,0,3,21,0,24,0,0,94,1,95,0,3,115,1,119,149,0,149,268
04/08/2007,DPA,IL,AGL,CE,Towers with Radar,0,7,23,0,30,0,0,69,0,69,0,7,92,0,99,131,0,131,230
04/09/2007,DPA,IL,AGL,CE,Towers with Radar,0,5,79,0,84,0,0,142,1,143,0,5,221,1,227,88,0,88,315
04/10/2007,DPA,IL,AGL,CE,Towers with Radar,0,15,70,0,85,0,0,133,0,133,0,15,203,0,218,136,0,136,354
04/11/2007,DPA,IL,AGL,CE,Towers with Radar,2,20,73,0,95,0,0,0,0,0,2,20,73,0,95,0,0,0,95
04/12/2007,DPA,IL,AGL,CE,Towers with Radar,0,14,86,0,100,0,0,28,0,28,0,14,114,0,128,46,0,46,174
04/13/2007,DPA,IL,AGL,CE,Towers with Radar,0,11,88,0,99,0,2,183,0,185,0,13,271,0,284,70,0,70,354
04/14/2007,DPA,IL,AGL,CE,Towers with Radar,0,8,50,0,58,0,4,136,0,140,0,12,186,0,198,166,0,166,364
04/15/2007,DPA,IL,AGL,CE,Towers with Radar,0,13,51,0,64,0,0,162,0,162,0,13,213,0,226,184,0,184,410
04/16/2007,DPA,IL,AGL,CE,Towers with Radar,0,11,70,0,81,0,1,143,0,144,0,12,213,0,225,73,0,73,298
04/17/2007,DPA,IL,AGL,CE,Towers with Radar,0,7,72,0,79,0,0,147,0,147,0,7,219,0,226,71,0,71,297
04/18/2007,DPA,IL,AGL,CE,Towers with Radar,0,13,114,0,127,0,0,83,0,83,0,13,197,0,210,186,0,186,396
04/19/2007,DPA,IL,AGL,CE,Towers with Radar,0,12,99,0,111,0,3,104,0,107,0,15,203,0,218,144,0,144,362
04/20/2007,DPA,IL,AGL,CE,Towers with Radar,0,11,65,0,76,0,2,172,0,174,0,13,237,0,250,192,0,192,442
04/21/2007,DPA,IL,AGL,CE,Towers with Radar,0,3,34,0,37,0,2,188,1,191,0,5,222,1,228,156,0,156,384
04/22/2007,DPA,IL,AGL,CE,Towers with Radar,0,7,54,0,61,0,0,116,0,116,0,7,170,0,177,108,0,108,285
04/23/2007,DPA,IL,AGL,CE,Towers with Radar,0,11,67,0,78,0,0,76,0,76,0,11,143,0,154,64,0,64,218
04/24/2007,DPA,IL,AGL,CE,Towers with Radar,0,9,84,0,93,0,4,125,0,129,0,13,209,0,222,131,0,131,353
04/25/2007,DPA,IL,AGL,CE,Towers with Radar,0,18,77,0,95,0,0,3,0,3,0,18,80,0,98,0,0,0,98
04/26/2007,DPA,IL,AGL,CE,Towers with Radar,0,27,88,0,115,0,0,0,0,0,0,27,88,0,115,0,0,0,115
04/27/2007,DPA,IL,AGL,CE,Towers with Radar,0,11,98,0,109,0,1,71,0,72,0,12,169,0,181,81,0,81,262
04/28/2007,DPA,IL,AGL,CE,Towers with Radar,2,7,43,0,52,0,1,168,2,171,2,8,211,2,223,179,0,179,402
04/29/2007,DPA,IL,AGL,CE,Towers with Radar,0,12,61,0,73,0,2,164,0,166,0,14,225,0,239,120,0,120,359
04/30/2007,DPA,IL,AGL,CE,Towers with Radar,0,7,74,0,81,0,3,190,0,193,0,10,264,0,274,84,0,84,358
05/01/2007,DPA,IL,AGL,CE,Towers with Radar,0,14,77,0,91,0,2,113,2,117,0,16,190,2,208,164,0,164,372
05/02/2007,DPA,IL,AGL,CE,Towers with Radar,2,16,89,0,107,0,1,136,0,137,2,17,225,0,244,129,0,129,373
05/03/2007,DPA,IL,AGL,CE,Towers with Radar,0,16,71,0,87,0,0,156,0,156,0,16,227,0,243,71,0,71,314
05/04/2007,DPA,IL,AGL,CE,Towers with Radar,0,8,70,0,78,0,3,121,0,124,0,11,191,0,202,37,0,37,239
05/05/2007,DPA,IL,AGL,CE,Towers with Radar,0,5,63,0,68,0,0,79,0,79,0,5,142,0,147,123,0,123,270
05/06/2007,DPA,IL,AGL,CE,Towers with Radar,0,5,55,0,60,0,2,142,2,146,0,7,197,2,206,126,0,126,332
05/07/2007,DPA,IL,AGL,CE,Towers with Radar,0,3,68,1,72,0,1,179,0,180,0,4,247,1,252,108,0,108,360
05/08/2007,DPA,IL,AGL,CE,Towers with Radar,0,9,79,0,88,0,4,128,0,132,0,13,207,0,220,103,0,103,323
05/09/2007,DPA,IL,AGL,CE,Towers with Radar,0,10,95,0,105,0,0,132,0,132,0,10,227,0,237,95,0,95,332
05/10/2007,DPA,IL,AGL,CE,Towers with Radar,0,14,110,0,124,0,2,192,0,194,0,16,302,0,318,144,0,144,462
05/11/2007,DPA,IL,AGL,CE,Towers with Radar,0,15,82,0,97,0,0,160,0,160,0,15,242,0,257,92,0,92,349
05/12/2007,DPA,IL,AGL,CE,Towers with Radar,0,9,51,0,60,0,0,175,2,177,0,9,226,2,237,129,10,139,376
05/13/2007,DPA,IL,AGL,CE,Towers with Radar,0,9,44,0,53,0,1,101,0,102,0,10,145,0,155,104,0,104,259
05/14/2007,DPA,IL,AGL,CE,Towers with Radar,0,18,77,0,95,0,9,107,0,116,0,27,184,0,211,9,0,9,220
05/15/2007,DPA,IL,AGL,CE,Towers with Radar,0,11,58,0,69,0,0,63,0,63,0,11,121,0,132,74,0,74,206
05/16/2007,DPA,IL,AGL,CE,Towers with Radar,0,12,83,0,95,0,1,117,0,118,0,13,200,0,213,57,0,57,270
05/17/2007,DPA,IL,AGL,CE,Towers with Radar,0,17,88,0,105,0,1,143,1,145,0,18,231,1,250,155,0,155,405
05/18/2007,DPA,IL,AGL,CE,Towers with Radar,0,16,92,0,108,0,1,184,0,185,0,17,276,0,293,131,0,131,424
05/19/2007,DPA,IL,AGL,CE,Towers with Radar,0,7,48,0,55,0,4,203,0,207,0,11,251,0,262,171,0,171,433
05/20/2007,DPA,IL,AGL,CE,Towers with Radar,0,7,57,0,64,0,4,68,0,72,0,11,125,0,136,194,0,194,330
05/21/2007,DPA,IL,AGL,CE,Towers with Radar,0,8,75,0,83,0,2,181,0,183,0,10,256,0,266,96,0,96,362
05/22/2007,DPA,IL,AGL,CE,Towers with Radar,0,10,78,0,88,0,6,130,0,136,0,16,208,0,224,72,0,72,296
05/23/2007,DPA,IL,AGL,CE,Towers with Radar,0,18,93,0,111,0,8,108,0,116,0,26,201,0,227,68,0,68,295
05/24/2007,DPA,IL,AGL,CE,Towers with Radar,0,16,86,0,102,0,1,68,1,70,0,17,154,1,172,15,0,15,187
05/25/2007,DPA,IL,AGL,CE,Towers with Radar,0,15,75,0,90,0,8,155,9,172,0,23,230,9,262,85,0,85,347
05/26/2007,DPA,IL,AGL,CE,Towers with Radar,0,2,31,0,33,0,0,21,0,21,0,2,52,0,54,6,0,6,60
05/27/2007,DPA,IL,AGL,CE,Towers with Radar,0,0,32,0,32,0,0,118,0,118,0,0,150,0,150,172,0,172,322
05/28/2007,DPA,IL,AGL,CE,Towers with Radar,0,10,48,0,58,0,1,118,0,119,0,11,166,0,177,131,0,131,308
05/29/2007,DPA,IL,AGL,CE,Towers with Radar,0,13,81,0,94,0,1,130,0,131,0,14,211,0,225,132,0,132,357
05/30/2007,DPA,IL,AGL,CE,Towers with Radar,0,6,84,0,90,0,2,140,0,142,0,8,224,0,232,134,0,134,366
05/31/2007,DPA,IL,AGL,CE,Towers with Radar,0,12,73,0,85,0,2,76,0,78,0,14,149,0,163,67,0,67,230
06/01/2007,DPA,IL,AGL,CE,Towers with Radar,0,6,94,0,100,0,6,83,0,89,0,12,177,0,189,94,0,94,283
06/02/2007,DPA,IL,AGL,CE,Towers with Radar,0,10,44,0,54,0,2,95,0,97,0,12,139,0,151,164,0,164,315
06/03/2007,DPA,IL,AGL,CE,Towers with Radar,0,6,45,0,51,0,1,81,0,82,0,7,126,0,133,170,0,170,303
06/04/2007,DPA,IL,AGL,CE,Towers with Radar,0,7,83,0,90,0,0,19,0,19,0,7,102,0,109,16,0,16,125
06/05/2007,DPA,IL,AGL,CE,Towers with Radar,0,7,83,0,90,0,1,111,0,112,0,8,194,0,202,72,0,72,274
06/06/2007,DPA,IL,AGL,CE,Towers with Radar,0,10,101,0,111,0,1,156,0,157,0,11,257,0,268,123,0,123,391
06/07/2007,DPA,IL,AGL,CE,Towers with Radar,0,14,72,0,86,0,0,22,0,22,0,14,94,0,108,1,0,1,109
06/08/2007,DPA,IL,AGL,CE,Towers with Radar,0,16,71,0,87,0,6,144,0,150,0,22,215,0,237,75,0,75,312
06/09/2007,DPA,IL,AGL,CE,Towers with Radar,0,3,50,0,53,0,3,177,0,180,0,6,227,0,233,106,0,106,339
06/10/2007,DPA,IL,AGL,CE,Towers with Radar,0,6,62,0,68,0,8,174,0,182,0,14,236,0,250,170,0,170,420
06/11/2007,DPA,IL,AGL,CE,Towers with Radar,0,10,73,0,83,0,0,148,0,148,0,10,221,0,231,99,0,99,330
06/12/2007,DPA,IL,AGL,CE,Towers with Radar,0,16,87,0,103,0,3,155,2,160,0,19,242,2,263,110,0,110,373
06/13/2007,DPA,IL,AGL,CE,Towers with Radar,0,17,75,0,92,0,1,197,0,198,0,18,272,0,290,122,0,122,412
06/14/2007,DPA,IL,AGL,CE,Towers with Radar,0,19,101,0,120,0,1,196,0,197,0,20,297,0,317,114,0,114,431
06/15/2007,DPA,IL,AGL,CE,Towers with Radar,0,8,89,0,97,0,3,212,0,215,0,11,301,0,312,92,0,92,404
06/16/2007,DPA,IL,AGL,CE,Towers with Radar,0,11,53,0,64,0,4,179,0,183,0,15,232,0,247,100,0,100,347
06/17/2007,DPA,IL,AGL,CE,Towers with Radar,0,8,59,0,67,0,1,116,0,117,0,9,175,0,184,69,0,69,253
06/18/2007,DPA,IL,AGL,CE,Towers with Radar,1,10,80,0,91,0,0,63,6,69,1,10,143,6,160,66,0,66,226
06/19/2007,DPA,IL,AGL,CE,Towers with Radar,0,15,86,0,101,0,1,144,0,145,0,16,230,0,246,93,0,93,339
06/20/2007,DPA,IL,AGL,CE,Towers with Radar,0,20,115,0,135,0,12,197,0,209,0,32,312,0,344,138,0,138,482
06/21/2007,DPA,IL,AGL,CE,Towers with Radar,0,6,85,0,91,0,1,130,0,131,0,7,215,0,222,133,0,133,355
06/22/2007,DPA,IL,AGL,CE,Towers with Radar,0,14,60,0,74,0,0,139,0,139,0,14,199,0,213,106,0,106,319
06/23/2007,DPA,IL,AGL,CE,Towers with Radar,0,6,67,0,73,0,3,6,0,9,0,9,73,0,82,4,0,4,86
06/24/2007,DPA,IL,AGL,CE,Towers with Radar,0,14,80,0,94,0,1,72,0,73,0,15,152,0,167,92,0,92,259
06/25/2007,DPA,IL,AGL,CE,Towers with Radar,0,14,107,0,121,0,1,105,0,106,0,15,212,0,227,103,0,103,330
06/26/2007,DPA,IL,AGL,CE,Towers with Radar,0,5,105,0,110,0,1,27,0,28,0,6,132,0,138,120,0,120,258
06/27/2007,DPA,IL,AGL,CE,Towers with Radar,0,15,102,0,117,0,0,81,0,81,0,15,183,0,198,207,0,207,405
06/28/2007,DPA,IL,AGL,CE,Towers with Radar,0,13,126,0,139,0,1,167,0,168,0,14,293,0,307,98,0,98,405
06/29/2007,DPA,IL,AGL,CE,Towers with Radar,0,16,99,0,115,0,2,140,0,142,0,18,239,0,257,214,0,214,471
06/30/2007,DPA,IL,AGL,CE,Towers with Radar,0,9,39,0,48,0,0,224,0,224,0,9,263,0,272,203,0,203,475
07/01/2007,DPA,IL,AGL,CE,Towers with Radar,0,6,54,0,60,0,2,173,0,175,0,8,227,0,235,213,0,213,448
07/02/2007,DPA,IL,AGL,CE,Towers with Radar,0,10,55,0,65,0,2,178,0,180,0,12,233,0,245,86,0,86,331
07/03/2007,DPA,IL,AGL,CE,Towers with Radar,0,1,57,0,58,0,2,182,2,186,0,3,239,2,244,145,22,167,411
07/04/2007,DPA,IL,AGL,CE,Towers with Radar,0,1,22,0,23,0,0,73,0,73,0,1,95,0,96,148,0,148,244
07/05/2007,DPA,IL,AGL,CE,Towers with Radar,0,8,71,0,79,0,2,153,0,155,0,10,224,0,234,105,0,105,339
07/06/2007,DPA,IL,AGL,CE,Towers with Radar,0,1,54,0,55,0,3,184,0,187,0,4,238,0,242,181,0,181,423
07/07/2007,DPA,IL,AGL,CE,Towers with Radar,0,3,38,0,41,0,1,153,0,154,0,4,191,0,195,172,0,172,367
07/08/2007,DPA,IL,AGL,CE,Towers with Radar,0,14,63,0,77,0,5,101,0,106,0,19,164,0,183,58,0,58,241
07/09/2007,DPA,IL,AGL,CE,Towers with Radar,0,7,52,0,59,0,0,106,0,106,0,7,158,0,165,42,0,42,207
07/10/2007,DPA,IL,AGL,CE,Towers with Radar,0,15,90,0,105,0,0,116,0,116,0,15,206,0,221,177,0,177,398
07/11/2007,DPA,IL,AGL,CE,Towers with Radar,0,15,102,0,117,0,0,198,0,198,0,15,300,0,315,205,0,205,520
07/12/2007,DPA,IL,AGL,CE,Towers with Radar,0,10,80,0,90,0,1,177,0,178,0,11,257,0,268,128,0,128,396
07/13/2007,DPA,IL,AGL,CE,Towers with Radar,0,8,59,0,67,0,1,187,0,188,0,9,246,0,255,224,0,224,479
07/14/2007,DPA,IL,AGL,CE,Towers with Radar,0,7,53,0,60,0,0,138,0,138,0,7,191,0,198,76,0,76,274
07/15/2007,DPA,IL,AGL,CE,Towers with Radar,0,13,82,0,95,0,3,215,0,218,0,16,297,0,313,220,0,220,533
07/16/2007,DPA,IL,AGL,CE,Towers with Radar,0,10,69,0,79,0,0,89,0,89,0,10,158,0,168,74,0,74,242
07/17/2007,DPA,IL,AGL,CE,Towers with Radar,0,21,92,0,113,0,1,102,0,103,0,22,194,0,216,89,0,89,305
07/18/2007,DPA,IL,AGL,CE,Towers with Radar,0,11,100,0,111,0,0,106,0,106,0,11,206,0,217,167,0,167,384
07/19/2007,DPA,IL,AGL,CE,Towers with Radar,0,17,124,0,141,0,0,83,1,84,0,17,207,1,225,63,0,63,288
07/20/2007,DPA,IL,AGL,CE,Towers with Radar,0,8,97,0,105,0,5,262,0,267,0,13,359,0,372,286,0,286,658
07/21/2007,DPA,IL,AGL,CE,Towers with Radar,0,3,39,0,42,0,0,259,0,259,0,3,298,0,301,282,0,282,583
07/22/2007,DPA,IL,AGL,CE,Towers with Radar,0,7,53,0,60,0,0,231,2,233,0,7,284,2,293,145,0,145,438
07/23/2007,DPA,IL,AGL,CE,Towers with Radar,0,11,80,0,91,0,0,162,2,164,0,11,242,2,255,133,0,133,388
07/24/2007,DPA,IL,AGL,CE,Towers with Radar,0,7,103,0,110,0,0,141,4,145,0,7,244,4,255,218,0,218,473
07/25/2007,DPA,IL,AGL,CE,Towers with Radar,0,8,105,0,113,0,2,185,2,189,0,10,290,2,302,202,0,202,504
07/26/2007,DPA,IL,AGL,CE,Towers with Radar,0,15,80,0,95,0,0,29,0,29,0,15,109,0,124,94,0,94,218
07/27/2007,DPA,IL,AGL,CE,Towers with Radar,0,18,89,0,107,0,2,55,0,57,0,20,144,0,164,134,0,134,298
07/28/2007,DPA,IL,AGL,CE,Towers with Radar,0,3,81,0,84,0,0,78,0,78,0,3,159,0,162,81,0,81,243
07/29/2007,DPA,IL,AGL,CE,Towers with Radar,0,7,43,0,50,0,1,193,0,194,0,8,236,0,244,140,0,140,384
07/30/2007,DPA,IL,AGL,CE,Towers with Radar,0,12,81,0,93,0,2,184,0,186,0,14,265,0,279,124,0,124,403
07/31/2007,DPA,IL,AGL,CE,Towers with Radar,0,18,82,1,101,0,1,225,0,226,0,19,307,1,327,200,0,200,527
08/01/2007,DPA,IL,AGL,CE,Towers with Radar,0,15,100,0,115,0,0,186,0,186,0,15,286,0,301,142,0,142,443
08/02/2007,DPA,IL,AGL,CE,Towers with Radar,0,13,82,0,95,0,0,163,1,164,0,13,245,1,259,166,0,166,425
08/03/2007,DPA,IL,AGL,CE,Towers with Radar,0,19,80,0,99,0,5,163,0,168,0,24,243,0,267,134,0,134,401
08/04/2007,DPA,IL,AGL,CE,Towers with Radar,0,3,55,0,58,0,2,128,0,130,0,5,183,0,188,179,0,179,367
08/05/2007,DPA,IL,AGL,CE,Towers with Radar,0,12,71,0,83,0,0,46,0,46,0,12,117,0,129,55,0,55,184
08/06/2007,DPA,IL,AGL,CE,Towers with Radar,0,5,101,0,106,0,0,60,0,60,0,5,161,0,166,157,0,157,323
08/07/2007,DPA,IL,AGL,CE,Towers with Radar,0,25,88,0,113,0,0,131,0,131,0,25,219,0,244,161,0,161,405
08/08/2007,DPA,IL,AGL,CE,Towers with Radar,0,11,107,0,118,0,0,125,0,125,0,11,232,0,243,135,0,135,378
08/09/2007,DPA,IL,AGL,CE,Towers with Radar,0,11,114,0,125,0,1,80,1,82,0,12,194,1,207,146,0,146,353
08/10/2007,DPA,IL,AGL,CE,Towers with Radar,0,17,91,2,110,0,3,185,0,188,0,20,276,2,298,108,0,108,406
08/11/2007,DPA,IL,AGL,CE,Towers with Radar,0,6,32,0,38,0,0,131,0,131,0,6,163,0,169,205,0,205,374
08/12/2007,DPA,IL,AGL,CE,Towers with Radar,0,9,50,0,59,0,0,172,0,172,0,9,222,0,231,174,0,174,405
08/13/2007,DPA,IL,AGL,CE,Towers with Radar,2,13,83,0,98,0,0,157,0,157,2,13,240,0,255,102,0,102,357
08/14/2007,DPA,IL,AGL,CE,Towers with Radar,0,20,88,0,108,0,2,85,0,87,0,22,173,0,195,134,0,134,329
08/15/2007,DPA,IL,AGL,CE,Towers with Radar,0,10,112,0,122,0,0,106,1,107,0,10,218,1,229,101,0,101,330
08/16/2007,DPA,IL,AGL,CE,Towers with Radar,0,15,91,0,106,0,2,137,0,139,0,17,228,0,245,152,0,152,397
08/17/2007,DPA,IL,AGL,CE,Towers with Radar,0,13,79,0,92,0,0,210,0,210,0,13,289,0,302,113,0,113,415
08/18/2007,DPA,IL,AGL,CE,Towers with Radar,0,2,37,0,39,0,0,65,0,65,0,2,102,0,104,203,0,203,307
08/19/2007,DPA,IL,AGL,CE,Towers with Radar,0,8,32,0,40,0,0,1,0,1,0,8,33,0,41,0,0,0,41
08/20/2007,DPA,IL,AGL,CE,Towers with Radar,0,5,96,0,101,0,0,30,0,30,0,5,126,0,131,20,0,20,151
08/21/2007,DPA,IL,AGL,CE,Towers with Radar,0,11,91,0,102,0,0,71,0,71,0,11,162,0,173,154,0,154,327
08/22/2007,DPA,IL,AGL,CE,Towers with Radar,0,10,78,0,88,0,0,94,0,94,0,10,172,0,182,173,0,173,355
08/23/2007,DPA,IL,AGL,CE,Towers with Radar,0,10,73,0,83,0,0,73,0,73,0,10,146,0,156,96,0,96,252
08/24/2007,DPA,IL,AGL,CE,Towers with Radar,0,6,68,0,74,0,1,57,0,58,0,7,125,0,132,114,0,114,246
08/25/2007,DPA,IL,AGL,CE,Towers with Radar,0,2,34,0,36,0,0,104,0,104,0,2,138,0,140,202,0,202,342
08/26/2007,DPA,IL,AGL,CE,Towers with Radar,0,4,46,0,50,0,4,194,0,198,0,8,240,0,248,251,0,251,499
08/27/2007,DPA,IL,AGL,CE,Towers with Radar,0,8,88,0,96,0,0,134,0,134,0,8,222,0,230,167,0,167,397
08/28/2007,DPA,IL,AGL,CE,Towers with Radar,0,10,91,0,101,0,0,150,0,150,0,10,241,0,251,85,0,85,336
08/29/2007,DPA,IL,AGL,CE,Towers with Radar,0,20,82,0,102,0,0,111,3,114,0,20,193,3,216,162,0,162,378
08/30/2007,DPA,IL,AGL,CE,Towers with Radar,2,20,90,0,112,0,1,170,0,171,2,21,260,0,283,176,0,176,459
08/31/2007,DPA,IL,AGL,CE,Towers with Radar,0,22,79,0,101,0,2,203,0,205,0,24,282,0,306,114,0,114,420
09/01/2007,DPA,IL,AGL,CE,Towers with Radar,0,6,46,0,52,0,1,163,0,164,0,7,209,0,216,147,0,147,363
09/02/2007,DPA,IL,AGL,CE,Towers with Radar,0,1,31,0,32,0,0,147,0,147,0,1,178,0,179,132,0,132,311
09/03/2007,DPA,IL,AGL,CE,Towers with Radar,0,9,46,0,55,0,2,119,0,121,0,11,165,0,176,66,0,66,242
09/04/2007,DPA,IL,AGL,CE,Towers with Radar,0,13,61,0,74,0,1,130,0,131,0,14,191,0,205,111,0,111,316
09/05/2007,DPA,IL,AGL,CE,Towers with Radar,0,9,87,0,96,0,2,127,0,129,0,11,214,0,225,178,0,178,403
09/06/2007,DPA,IL,AGL,CE,Towers with Radar,2,12,79,0,93,0,2,73,0,75,2,14,152,0,168,60,0,60,228
09/07/2007,DPA,IL,AGL,CE,Towers with Radar,0,3,64,0,67,0,0,41,0,41,0,3,105,0,108,36,0,36,144
09/08/2007,DPA,IL,AGL,CE,Towers with Radar,0,3,31,0,34,0,1,176,0,177,0,4,207,0,211,200,0,200,411
09/09/2007,DPA,IL,AGL,CE,Towers with Radar,0,8,49,0,57,0,0,130,0,130,0,8,179,0,187,148,0,148,335
09/10/2007,DPA,IL,AGL,CE,Towers with Radar,2,8,90,0,100,0,0,57,0,57,2,8,147,0,157,71,0,71,228
09/11/2007,DPA,IL,AGL,CE,Towers with Radar,2,13,71,1,87,0,1,111,1,113,2,14,182,2,200,22,2,24,224
09/12/2007,DPA,IL,AGL,CE,Towers with Radar,4,16,74,0,94,0,1,177,0,178,4,17,251,0,272,219,0,219,491
09/13/2007,DPA,IL,AGL,CE,Towers with Radar,0,11,80,0,91,0,4,72,0,76,0,15,152,0,167,88,22,110,277
09/14/2007,DPA,IL,AGL,CE,Towers with Radar,0,16,76,0,92,0,2,133,0,135,0,18,209,0,227,80,0,80,307
09/15/2007,DPA,IL,AGL,CE,Towers with Radar,0,6,42,0,48,0,0,162,0,162,0,6,204,0,210,272,0,272,482
09/16/2007,DPA,IL,AGL,CE,Towers with Radar,0,13,51,0,64,0,0,136,0,136,0,13,187,0,200,124,0,124,324
09/17/2007,DPA,IL,AGL,CE,Towers with Radar,0,18,83,0,101,0,0,105,0,105,0,18,188,0,206,92,0,92,298
09/18/2007,DPA,IL,AGL,CE,Towers with Radar,2,15,77,0,94,0,0,125,0,125,2,15,202,0,219,114,0,114,333
09/19/2007,DPA,IL,AGL,CE,Towers with Radar,0,17,83,0,100,0,0,146,0,146,0,17,229,0,246,199,12,211,457
09/20/2007,DPA,IL,AGL,CE,Towers with Radar,0,9,101,0,110,0,1,136,0,137,0,10,237,0,247,111,0,111,358
09/21/2007,DPA,IL,AGL,CE,Towers with Radar,0,17,73,0,90,0,1,101,5,107,0,18,174,5,197,44,0,44,241
09/22/2007,DPA,IL,AGL,CE,Towers with Radar,0,4,37,0,41,0,0,219,2,221,0,4,256,2,262,235,0,235,497
09/23/2007,DPA,IL,AGL,CE,Towers with Radar,0,3,49,0,52,0,1,175,1,177,0,4,224,1,229,205,0,205,434
09/24/2007,DPA,IL,AGL,CE,Towers with Radar,0,8,59,3,70,0,0,100,1,101,0,8,159,4,171,63,0,63,234
09/25/2007,DPA,IL,AGL,CE,Towers with Radar,0,12,78,0,90,0,2,49,0,51,0,14,127,0,141,109,0,109,250
09/26/2007,DPA,IL,AGL,CE,Towers with Radar,0,18,87,5,110,0,2,176,2,180,0,20,263,7,290,176,0,176,466
09/27/2007,DPA,IL,AGL,CE,Towers with Radar,0,16,93,0,109,0,1,122,1,124,0,17,215,1,233,124,0,124,357
09/28/2007,DPA,IL,AGL,CE,Towers with Radar,0,15,113,0,128,0,0,166,0,166,0,15,279,0,294,152,0,152,446
09/29/2007,DPA,IL,AGL,CE,Towers with Radar,0,4,59,0,63,0,0,153,0,153,0,4,212,0,216,120,0,120,336
09/30/2007,DPA,IL,AGL,CE,Towers with Radar,0,5,39,0,44,0,0,90,0,90,0,5,129,0,134,80,0,80,214
10/01/2007,DPA,IL,AGL,CE,Towers with Radar,0,8,90,0,98,0,2,37,3,42,0,10,127,3,140,27,0,27,167
10/02/2007,DPA,IL,AGL,CE,Towers with Radar,0,17,65,0,82,0,0,51,0,51,0,17,116,0,133,115,0,115,248
10/03/2007,DPA,IL,AGL,CE,Towers with Radar,0,15,85,0,100,0,0,156,0,156,0,15,241,0,256,161,0,161,417
10/04/2007,DPA,IL,AGL,CE,Towers with Radar,0,18,84,0,102,0,0,137,1,138,0,18,221,1,240,187,13,200,440
10/05/2007,DPA,IL,AGL,CE,Towers with Radar,0,15,22,0,37,0,0,201,0,201,0,15,223,0,238,130,0,130,368
10/06/2007,DPA,IL,AGL,CE,Towers with Radar,0,4,47,0,51,0,0,177,0,177,0,4,224,0,228,164,0,164,392
10/07/2007,DPA,IL,AGL,CE,Towers with Radar,0,9,56,0,65,0,0,127,0,127,0,9,183,0,192,120,0,120,312
10/08/2007,DPA,IL,AGL,CE,Towers with Radar,0,5,60,0,65,0,1,88,0,89,0,6,148,0,154,75,0,75,229
10/09/2007,DPA,IL,AGL,CE,Towers with Radar,0,15,88,0,103,0,2,106,0,108,0,17,194,0,211,58,0,58,269
10/10/2007,DPA,IL,AGL,CE,Towers with Radar,0,13,87,0,100,0,0,100,0,100,0,13,187,0,200,115,0,115,315
10/11/2007,DPA,IL,AGL,CE,Towers with Radar,0,17,91,0,108,0,0,110,0,110,0,17,201,0,218,106,0,106,324
10/12/2007,DPA,IL,AGL,CE,Towers with Radar,0,19,90,0,109,0,1,155,0,156,0,20,245,0,265,72,0,72,337
10/13/2007,DPA,IL,AGL,CE,Towers with Radar,0,4,50,0,54,0,0,154,0,154,0,4,204,0,208,146,0,146,354
10/14/2007,DPA,IL,AGL,CE,Towers with Radar,0,7,68,0,75,0,0,58,0,58,0,7,126,0,133,87,0,87,220
10/15/2007,DPA,IL,AGL,CE,Towers with Radar,0,6,89,0,95,0,0,93,0,93,0,6,182,0,188,58,0,58,246
10/16/2007,DPA,IL,AGL,CE,Towers with Radar,0,11,80,1,92,0,0,64,1,65,0,11,144,2,157,160,0,160,317
10/17/2007,DPA,IL,AGL,CE,Towers with Radar,0,10,94,1,105,0,0,163,1,164,0,10,257,2,269,197,0,197,466
10/18/2007,DPA,IL,AGL,CE,Towers with Radar,0,12,79,0,91,0,0,18,0,18,0,12,97,0,109,18,0,18,127
10/19/2007,DPA,IL,AGL,CE,Towers with Radar,0,12,83,0,95,0,0,20,0,20,0,12,103,0,115,45,0,45,160
10/20/2007,DPA,IL,AGL,CE,Towers with Radar,0,5,50,0,55,0,0,188,0,188,0,5,238,0,243,93,0,93,336
10/21/2007,DPA,IL,AGL,CE,Towers with Radar,0,18,44,0,62,0,0,80,0,80,0,18,124,0,142,49,0,49,191
10/22/2007,DPA,IL,AGL,CE,Towers with Radar,0,25,83,0,108,0,0,39,0,39,0,25,122,0,147,12,0,12,159
10/23/2007,DPA,IL,AGL,CE,Towers with Radar,0,15,61,0,76,0,1,131,0,132,0,16,192,0,208,179,0,179,387
10/24/2007,DPA,IL,AGL,CE,Towers with Radar,0,13,70,0,83,0,0,131,0,131,0,13,201,0,214,68,0,68,282
10/25/2007,DPA,IL,AGL,CE,Towers with Radar,2,14,104,0,120,0,1,122,0,123,2,15,226,0,243,50,0,50,293
10/26/2007,DPA,IL,AGL,CE,Towers with Radar,0,12,86,0,98,0,0,67,0,67,0,12,153,0,165,114,0,114,279
10/27/2007,DPA,IL,AGL,CE,Towers with Radar,0,4,55,0,59,0,0,56,1,57,0,4,111,1,116,54,0,54,170
10/28/2007,DPA,IL,AGL,CE,Towers with Radar,0,4,36,0,40,0,0,159,0,159,0,4,195,0,199,156,0,156,355
10/29/2007,DPA,IL,AGL,CE,Towers with Radar,0,3,84,0,87,0,3,112,0,115,0,6,196,0,202,74,0,74,276
10/30/2007,DPA,IL,AGL,CE,Towers with Radar,0,0,66,0,66,0,0,162,0,162,0,0,228,0,228,212,0,212,440
10/31/2007,DPA,IL,AGL,CE,Towers with Radar,0,14,72,6,92,0,0,84,0,84,0,14,156,6,176,45,0,45,221
11/01/2007,DPA,IL,AGL,CE,Towers with Radar,0,12,79,0,91,0,1,123,0,124,0,13,202,0,215,136,11,147,362
11/02/2007,DPA,IL,AGL,CE,Towers with Radar,0,10,59,0,69,0,0,122,0,122,0,10,181,0,191,98,0,98,289
11/03/2007,DPA,IL,AGL,CE,Towers with Radar,0,4,45,0,49,0,5,158,0,163,0,9,203,0,212,80,0,80,292
11/04/2007,DPA,IL,AGL,CE,Towers with Radar,0,6,54,0,60,0,0,138,0,138,0,6,192,0,198,60,0,60,258
11/05/2007,DPA,IL,AGL,CE,Towers with Radar,0,14,53,0,67,0,0,46,0,46,0,14,99,0,113,16,0,16,129
11/06/2007,DPA,IL,AGL,CE,Towers with Radar,0,6,79,0,85,0,0,59,0,59,0,6,138,0,144,26,0,26,170
11/07/2007,DPA,IL,AGL,CE,Towers with Radar,0,15,105,0,120,0,1,150,0,151,0,16,255,0,271,102,0,102,373
11/08/2007,DPA,IL,AGL,CE,Towers with Radar,0,7,95,0,102,0,7,129,0,136,0,14,224,0,238,108,0,108,346
11/09/2007,DPA,IL,AGL,CE,Towers with Radar,0,9,81,0,90,0,1,146,0,147,0,10,227,0,237,84,0,84,321
11/10/2007,DPA,IL,AGL,CE,Towers with Radar,0,10,46,0,56,0,0,170,0,170,0,10,216,0,226,189,0,189,415
11/11/2007,DPA,IL,AGL,CE,Towers with Radar,0,7,63,0,70,0,0,36,2,38,0,7,99,2,108,98,4,102,210
11/12/2007,DPA,IL,AGL,CE,Towers with Radar,0,11,83,0,94,0,0,82,0,82,0,11,165,0,176,86,0,86,262
11/13/2007,DPA,IL,AGL,CE,Towers with Radar,0,21,66,0,87,0,1,128,0,129,0,22,194,0,216,121,0,121,337
11/14/2007,DPA,IL,AGL,CE,Towers with Radar,0,19,98,0,117,0,0,86,0,86,0,19,184,0,203,88,0,88,291
11/15/2007,DPA,IL,AGL,CE,Towers with Radar,0,11,80,0,91,0,0,111,0,111,0,11,191,0,202,66,0,66,268
11/16/2007,DPA,IL,AGL,CE,Towers with Radar,0,7,69,0,76,0,0,145,0,145,0,7,214,0,221,119,0,119,340
11/17/2007,DPA,IL,AGL,CE,Towers with Radar,0,6,53,0,59,0,0,67,0,67,0,6,120,0,126,180,0,180,306
11/18/2007,DPA,IL,AGL,CE,Towers with Radar,0,3,49,0,52,0,0,111,0,111,0,3,160,0,163,155,0,155,318
11/19/2007,DPA,IL,AGL,CE,Towers with Radar,0,13,94,0,107,0,0,7,0,7,0,13,101,0,114,8,0,8,122
11/20/2007,DPA,IL,AGL,CE,Towers with Radar,0,16,98,3,117,0,0,0,0,0,0,16,98,3,117,0,0,0,117
11/21/2007,DPA,IL,AGL,CE,Towers with Radar,0,17,61,0,78,0,0,10,0,10,0,17,71,0,88,33,0,33,121
11/22/2007,DPA,IL,AGL,CE,Towers with Radar,0,3,9,0,12,0,0,8,0,8,0,3,17,0,20,0,0,0,20
11/23/2007,DPA,IL,AGL,CE,Towers with Radar,0,8,33,0,41,0,0,181,0,181,0,8,214,0,222,176,0,176,398
11/24/2007,DPA,IL,AGL,CE,Towers with Radar,0,13,50,0,63,0,0,86,0,86,0,13,136,0,149,176,0,176,325
11/25/2007,DPA,IL,AGL,CE,Towers with Radar,0,10,60,0,70,0,0,73,0,73,0,10,133,0,143,109,0,109,252
11/26/2007,DPA,IL,AGL,CE,Towers with Radar,0,13,101,0,114,0,0,21,0,21,0,13,122,0,135,38,0,38,173
11/27/2007,DPA,IL,AGL,CE,Towers with Radar,0,14,72,0,86,0,0,119,0,119,0,14,191,0,205,91,0,91,296
11/28/2007,DPA,IL,AGL,CE,Towers with Radar,0,17,80,0,97,0,0,77,0,77,0,17,157,0,174,31,0,31,205
11/29/2007,DPA,IL,AGL,CE,Towers with Radar,0,11,80,0,91,0,1,99,0,100,0,12,179,0,191,87,0,87,278
11/30/2007,DPA,IL,AGL,CE,Towers with Radar,0,15,83,0,98,0,0,113,0,113,0,15,196,0,211,62,0,62,273
12/01/2007,DPA,IL,AGL,CE,Towers with Radar,0,5,12,0,17,0,0,36,0,36,0,5,48,0,53,46,0,46,99
12/02/2007,DPA,IL,AGL,CE,Towers with Radar,0,9,59,0,68,0,0,1,0,1,0,9,60,0,69,0,0,0,69
12/03/2007,DPA,IL,AGL,CE,Towers with Radar,0,9,63,0,72,0,0,104,0,104,0,9,167,0,176,44,0,44,220
12/04/2007,DPA,IL,AGL,CE,Towers with Radar,0,11,58,3,72,0,0,59,0,59,0,11,117,3,131,101,0,101,232
12/05/2007,DPA,IL,AGL,CE,Towers with Radar,0,20,69,0,89,0,0,40,0,40,0,20,109,0,129,24,0,24,153
12/06/2007,DPA,IL,AGL,CE,Towers with Radar,0,23,82,0,105,0,1,98,0,99,0,24,180,0,204,47,0,47,251
12/07/2007,DPA,IL,AGL,CE,Towers with Radar,0,7,66,2,75,0,0,11,0,11,0,7,77,2,86,104,0,104,190
12/08/2007,DPA,IL,AGL,CE,Towers with Radar,0,2,36,0,38,0,0,84,0,84,0,2,120,0,122,121,0,121,243
12/09/2007,DPA,IL,AGL,CE,Towers with Radar,0,5,16,0,21,0,0,2,0,2,0,5,18,0,23,0,0,0,23
12/10/2007,DPA,IL,AGL,CE,Towers with Radar,0,10,59,0,69,0,0,0,0,0,0,10,59,0,69,0,0,0,69
12/11/2007,DPA,IL,AGL,CE,Towers with Radar,0,12,38,0,50,0,0,0,0,0,0,12,38,0,50,10,0,10,60
12/12/2007,DPA,IL,AGL,CE,Towers with Radar,0,9,88,0,97,0,1,79,0,80,0,10,167,0,177,124,0,124,301
12/13/2007,DPA,IL,AGL,CE,Towers with Radar,2,15,46,0,63,0,1,8,0,9,2,16,54,0,72,10,0,10,82
12/14/2007,DPA,IL,AGL,CE,Towers with Radar,0,12,104,0,116,0,2,133,1,136,0,14,237,1,252,97,0,97,349
12/15/2007,DPA,IL,AGL,CE,Towers with Radar,0,7,24,0,31,0,0,0,0,0,0,7,24,0,31,2,0,2,33
12/16/2007,DPA,IL,AGL,CE,Towers with Radar,2,8,28,0,38,0,0,48,0,48,2,8,76,0,86,56,0,56,142
12/17/2007,DPA,IL,AGL,CE,Towers with Radar,0,14,81,0,95,0,6,24,0,30,0,20,105,0,125,10,0,10,135
12/18/2007,DPA,IL,AGL,CE,Towers with Radar,0,21,94,0,115,0,1,129,0,130,0,22,223,0,245,90,0,90,335
12/19/2007,DPA,IL,AGL,CE,Towers with Radar,0,23,110,0,133,0,0,50,0,50,0,23,160,0,183,68,0,68,251
12/20/2007,DPA,IL,AGL,CE,Towers with Radar,0,5,95,0,100,0,0,48,0,48,0,5,143,0,148,136,0,136,284
12/21/2007,DPA,IL,AGL,CE,Towers with Radar,0,9,47,0,56,0,0,0,0,0,0,9,47,0,56,0,0,0,56
12/22/2007,DPA,IL,AGL,CE,Towers with Radar,0,9,41,0,50,0,0,0,0,0,0,9,41,0,50,0,0,0,50
12/23/2007,DPA,IL,AGL,CE,Towers with Radar,0,3,18,0,21,0,0,0,0,0,0,3,18,0,21,0,0,0,21
12/24/2007,DPA,IL,AGL,CE,Towers with Radar,0,4,19,0,23,0,1,20,0,21,0,5,39,0,44,42,0,42,86
12/25/2007,DPA,IL,AGL,CE,Towers with Radar,0,3,5,0,8,0,0,34,0,34,0,3,39,0,42,22,0,22,64
12/26/2007,DPA,IL,AGL,CE,Towers with Radar,0,20,91,0,111,0,5,131,0,136,0,25,222,0,247,120,0,120,367
12/27/2007,DPA,IL,AGL,CE,Towers with Radar,0,13,50,0,63,0,0,54,0,54,0,13,104,0,117,52,0,52,169
12/28/2007,DPA,IL,AGL,CE,Towers with Radar,0,9,29,0,38,0,0,0,0,0,0,9,29,0,38,0,0,0,38
12/29/2007,DPA,IL,AGL,CE,Towers with Radar,0,9,32,0,41,0,0,18,0,18,0,9,50,0,59,127,0,127,186
12/30/2007,DPA,IL,AGL,CE,Towers with Radar,0,2,41,0,43,0,1,61,0,62,0,3,102,0,105,190,0,190,295
12/31/2007,DPA,IL,AGL,CE,Towers with Radar,0,0,8,0,8,0,0,0,0,0,0,0,8,0,8,0,0,0,8
01/01/2008,DPA,IL,AGL,CE,Towers with Radar,0,4,4,0,8,0,4,4,0,8,0,8,8,0,16,0,0,0,16
01/02/2008,DPA,IL,AGL,CE,Towers with Radar,0,9,45,0,54,0,0,86,0,86,0,9,131,0,140,56,0,56,196
01/03/2008,DPA,IL,AGL,CE,Towers with Radar,1,8,51,0,60,0,0,100,0,100,1,8,151,0,160,44,0,44,204
01/04/2008,DPA,IL,AGL,CE,Towers with Radar,0,8,59,0,67,0,1,102,0,103,0,9,161,0,170,90,0,90,260
01/05/2008,DPA,IL,AGL,CE,Towers with Radar,0,10,86,0,96,0,0,1,0,1,0,10,87,0,97,0,0,0,97
01/06/2008,DPA,IL,AGL,CE,Towers with Radar,0,7,43,0,50,0,3,8,0,11,0,10,51,0,61,31,0,31,92
01/07/2008,DPA,IL,AGL,CE,Towers with Radar,0,15,53,0,68,0,0,10,0,10,0,15,63,0,78,0,0,0,78
01/08/2008,DPA,IL,AGL,CE,Towers with Radar,0,6,71,0,77,0,0,16,0,16,0,6,87,0,93,30,0,30,123
01/09/2008,DPA,IL,AGL,CE,Towers with Radar,0,10,85,0,95,0,1,132,0,133,0,11,217,0,228,126,0,126,354
01/10/2008,DPA,IL,AGL,CE,Towers with Radar,0,6,71,0,77,0,2,52,0,54,0,8,123,0,131,46,0,46,177
01/11/2008,DPA,IL,AGL,CE,Towers with Radar,0,12,63,0,75,0,0,2,0,2,0,12,65,0,77,14,0,14,91
01/12/2008,DPA,IL,AGL,CE,Towers with Radar,0,9,43,0,52,0,1,129,5,135,0,10,172,5,187,201,0,201,388
01/13/2008,DPA,IL,AGL,CE,Towers with Radar,0,3,52,0,55,0,0,9,0,9,0,3,61,0,64,38,0,38,102
01/14/2008,DPA,IL,AGL,CE,Towers with Radar,0,4,74,0,78,0,0,42,0,42,0,4,116,0,120,92,0,92,212
01/15/2008,DPA,IL,AGL,CE,Towers with Radar,0,16,66,0,82,0,0,104,0,104,0,16,170,0,186,134,0,134,320
01/16/2008,DPA,IL,AGL,CE,Towers with Radar,0,12,81,0,93,0,0,115,0,115,0,12,196,0,208,85,0,85,293
01/17/2008,DPA,IL,AGL,CE,Towers with Radar,0,14,72,0,86,0,0,7,0,7,0,14,79,0,93,0,0,0,93
01/18/2008,DPA,IL,AGL,CE,Towers with Radar,0,16,83,0,99,0,2,55,0,57,0,18,138,0,156,37,0,37,193
01/19/2008,DPA,IL,AGL,CE,Towers with Radar,0,8,17,0,25,0,5,36,0,41,0,13,53,0,66,20,0,20,86
01/20/2008,DPA,IL,AGL,CE,Towers with Radar,0,0,23,0,23,0,4,57,0,61,0,4,80,0,84,38,0,38,122
01/21/2008,DPA,IL,AGL,CE,Towers with Radar,0,4,83,0,87,0,3,45,0,48,0,7,128,0,135,34,0,34,169
01/22/2008,DPA,IL,AGL,CE,Towers with Radar,0,13,59,0,72,0,0,64,0,64,0,13,123,0,136,34,0,34,170
01/23/2008,DPA,IL,AGL,CE,Towers with Radar,0,9,85,0,94,0,0,16,0,16,0,9,101,0,110,0,0,0,110
01/24/2008,DPA,IL,AGL,CE,Towers with Radar,0,9,71,0,80,0,0,81,0,81,0,9,152,0,161,14,0,14,175
01/25/2008,DPA,IL,AGL,CE,Towers with Radar,0,7,63,0,70,0,0,41,0,41,0,7,104,0,111,43,0,43,154
01/26/2008,DPA,IL,AGL,CE,Towers with Radar,0,7,15,0,22,0,9,41,0,50,0,16,56,0,72,106,0,106,178
01/27/2008,DPA,IL,AGL,CE,Towers with Radar,0,13,58,0,71,0,1,162,0,163,0,14,220,0,234,180,0,180,414
01/28/2008,DPA,IL,AGL,CE,Towers with Radar,0,8,64,0,72,0,0,35,0,35,0,8,99,0,107,38,0,38,145
01/29/2008,DPA,IL,AGL,CE,Towers with Radar,0,8,49,0,57,0,0,3,0,3,0,8,52,0,60,0,0,0,60
01/30/2008,DPA,IL,AGL,CE,Towers with Radar,0,13,72,0,85,0,3,66,1,70,0,16,138,1,155,99,6,105,260
01/31/2008,DPA,IL,AGL,CE,Towers with Radar,0,23,68,0,91,0,3,17,0,20,0,26,85,0,111,34,0,34,145
02/01/2008,DPA,IL,AGL,CE,Towers with Radar,0,9,52,0,61,0,2,19,0,21,0,11,71,0,82,102,0,102,184
02/02/2008,DPA,IL,AGL,CE,Towers with Radar,0,4,16,0,20,0,0,0,0,0,0,4,16,0,20,8,0,8,28
02/03/2008,DPA,IL,AGL,CE,Towers with Radar,0,7,26,0,33,0,0,0,0,0,0,7,26,0,33,0,0,0,33
02/04/2008,DPA,IL,AGL,CE,Towers with Radar,0,10,20,0,30,0,0,0,0,0,0,10,20,0,30,0,0,0,30
02/05/2008,DPA,IL,AGL,CE,Towers with Radar,0,14,63,0,77,0,0,5,0,5,0,14,68,0,82,86,0,86,168
02/06/2008,DPA,IL,AGL,CE,Towers with Radar,0,16,43,0,59,0,0,2,0,2,0,16,45,0,61,8,0,8,69
02/07/2008,DPA,IL,AGL,CE,Towers with Radar,0,27,77,0,104,0,0,50,0,50,0,27,127,0,154,104,0,104,258
02/08/2008,DPA,IL,AGL,CE,Towers with Radar,0,13,61,0,74,0,0,28,0,28,0,13,89,0,102,70,0,70,172
02/09/2008,DPA,IL,AGL,CE,Towers with Radar,0,2,31,0,33,0,4,7,0,11,0,6,38,0,44,234,0,234,278
02/10/2008,DPA,IL,AGL,CE,Towers with Radar,0,8,38,0,46,0,1,6,0,7,0,9,44,0,53,4,0,4,57
02/11/2008,DPA,IL,AGL,CE,Towers with Radar,0,14,64,0,78,0,1,44,0,45,0,15,108,0,123,60,0,60,183
02/12/2008,DPA,IL,AGL,CE,Towers with Radar,0,14,54,0,68,0,0,3,0,3,0,14,57,0,71,2,0,2,73
02/13/2008,DPA,IL,AGL,CE,Towers with Radar,0,11,86,2,99,0,1,129,0,130,0,12,215,2,229,148,0,148,377
02/14/2008,DPA,IL,AGL,CE,Towers with Radar,0,14,91,1,106,0,5,32,1,38,0,19,123,2,144,46,0,46,190
02/15/2008,DPA,IL,AGL,CE,Towers with Radar,0,6,55,0,61,0,1,117,0,118,0,7,172,0,179,65,0,65,244
02/16/2008,DPA,IL,AGL,CE,Towers with Radar,0,8,39,0,47,0,4,180,0,184,0,12,219,0,231,178,0,178,409
02/17/2008,DPA,IL,AGL,CE,Towers with Radar,0,7,38,0,45,0,0,0,2,2,0,7,38,2,47,0,0,0,47
02/18/2008,DPA,IL,AGL,CE,Towers with Radar,0,22,69,0,91,0,1,8,0,9,0,23,77,0,100,6,0,6,106
02/19/2008,DPA,IL,AGL,CE,Towers with Radar,0,13,54,0,67,0,4,104,0,108,0,17,158,0,175,32,0,32,207
02/20/2008,DPA,IL,AGL,CE,Towers with Radar,0,24,65,0,89,0,1,90,0,91,0,25,155,0,180,68,0,68,248
02/21/2008,DPA,IL,AGL,CE,Towers with Radar,0,20,78,0,98,0,0,92,0,92,0,20,170,0,190,56,0,56,246
02/22/2008,DPA,IL,AGL,CE,Towers with Radar,0,9,62,0,71,0,1,57,0,58,0,10,119,0,129,181,0,181,310
02/23/2008,DPA,IL,AGL,CE,Towers with Radar,0,3,37,0,40,0,1,169,0,170,0,4,206,0,210,288,0,288,498
02/24/2008,DPA,IL,AGL,CE,Towers with Radar,0,4,51,0,55,0,1,142,0,143,0,5,193,0,198,124,0,124,322
02/25/2008,DPA,IL,AGL,CE,Towers with Radar,0,9,45,0,54,0,0,0,0,0,0,9,45,0,54,0,0,0,54
02/26/2008,DPA,IL,AGL,CE,Towers with Radar,0,14,50,0,64,0,0,24,0,24,0,14,74,0,88,0,0,0,88
02/27/2008,DPA,IL,AGL,CE,Towers with Radar,0,8,61,0,69,0,2,94,0,96,0,10,155,0,165,58,0,58,223
02/28/2008,DPA,IL,AGL,CE,Towers with Radar,0,20,64,0,84,0,0,66,0,66,0,20,130,0,150,74,0,74,224
02/29/2008,DPA,IL,AGL,CE,Towers with Radar,0,14,53,0,67,0,1,22,0,23,0,15,75,0,90,16,0,16,106
03/01/2008,DPA,IL,AGL,CE,Towers with Radar,0,3,36,0,39,0,2,224,0,226,0,5,260,0,265,254,0,254,519
03/02/2008,DPA,IL,AGL,CE,Towers with Radar,0,4,44,0,48,0,0,31,0,31,0,4,75,0,79,0,174,174,253
03/03/2008,DPA,IL,AGL,CE,Towers with Radar,0,13,65,0,78,0,0,25,0,25,0,13,90,0,103,54,0,54,157
03/04/2008,DPA,IL,AGL,CE,Towers with Radar,0,10,47,0,57,0,0,63,0,63,0,10,110,0,120,8,0,8,128
03/05/2008,DPA,IL,AGL,CE,Towers with Radar,0,11,57,0,68,0,8,119,0,127,0,19,176,0,195,146,0,146,341
03/06/2008,DPA,IL,AGL,CE,Towers with Radar,0,17,70,0,87,0,0,104,0,104,0,17,174,0,191,90,0,90,281
03/07/2008,DPA,IL,AGL,CE,Towers with Radar,0,8,64,0,72,0,1,81,0,82,0,9,145,0,154,66,0,66,220
03/08/2008,DPA,IL,AGL,CE,Towers with Radar,0,2,33,0,35,0,0,76,0,76,0,2,109,0,111,162,0,162,273
03/09/2008,DPA,IL,AGL,CE,Towers with Radar,0,6,47,0,53,0,0,46,0,46,0,6,93,0,99,112,0,112,211
03/10/2008,DPA,IL,AGL,CE,Towers with Radar,0,10,46,0,56,0,2,38,0,40,0,12,84,0,96,30,0,30,126
03/11/2008,DPA,IL,AGL,CE,Towers with Radar,0,11,57,0,68,0,0,114,0,114,0,11,171,0,182,143,0,143,325
03/12/2008,DPA,IL,AGL,CE,Towers with Radar,0,26,67,0,93,0,0,163,0,163,0,26,230,0,256,0,163,163,419
03/13/2008,DPA,IL,AGL,CE,Towers with Radar,0,8,82,0,90,0,0,91,0,91,0,8,173,0,181,58,0,58,239
03/14/2008,DPA,IL,AGL,CE,Towers with Radar,0,5,71,0,76,0,0,181,0,181,0,5,252,0,257,130,0,130,387
03/15/2008,DPA,IL,AGL,CE,Towers with Radar,0,5,33,0,38,0,0,100,0,100,0,5,133,0,138,256,0,256,394
03/16/2008,DPA,IL,AGL,CE,Towers with Radar,0,5,42,0,47,0,1,142,0,143,0,6,184,0,190,246,0,246,436
03/17/2008,DPA,IL,AGL,CE,Towers with Radar,0,3,62,0,65,0,2,66,0,68,0,5,128,0,133,122,0,122,255
03/18/2008,DPA,IL,AGL,CE,Towers with Radar,0,20,44,0,64,0,0,0,0,0,0,20,44,0,64,0,0,0,64
03/19/2008,DPA,IL,AGL,CE,Towers with Radar,0,20,72,0,92,0,2,100,0,102,0,22,172,0,194,140,0,140,334
03/20/2008,DPA,IL,AGL,CE,Towers with Radar,0,20,88,0,108,0,0,158,0,158,0,20,246,0,266,214,0,214,480
03/21/2008,DPA,IL,AGL,CE,Towers with Radar,0,10,60,0,70,0,10,60,0,70,0,20,120,0,140,0,0,0,140
03/22/2008,DPA,IL,AGL,CE,Towers with Radar,0,7,32,0,39,0,3,118,0,121,0,10,150,0,160,136,0,136,296
03/23/2008,DPA,IL,AGL,CE,Towers with Radar,0,4,16,0,20,0,0,44,0,44,0,4,60,0,64,88,0,88,152
03/24/2008,DPA,IL,AGL,CE,Towers with Radar,0,8,47,0,55,0,1,89,0,90,0,9,136,0,145,149,0,149,294
03/25/2008,DPA,IL,AGL,CE,Towers with Radar,0,7,51,0,58,0,1,45,0,46,0,8,96,0,104,13,0,13,117
03/26/2008,DPA,IL,AGL,CE,Towers with Radar,0,6,64,0,70,0,1,174,0,175,0,7,238,0,245,126,0,126,371
03/27/2008,DPA,IL,AGL,CE,Towers with Radar,0,8,70,0,78,0,1,0,0,1,0,9,70,0,79,10,0,10,89
03/28/2008,DPA,IL,AGL,CE,Towers with Radar,0,10,56,0,66,0,0,117,0,117,0,10,173,0,183,60,0,60,243
03/29/2008,DPA,IL,AGL,CE,Towers with Radar,0,12,55,0,67,0,0,178,0,178,0,12,233,0,245,88,0,88,333
03/30/2008,DPA,IL,AGL,CE,Towers with Radar,0,1,78,0,79,0,0,2,0,2,0,1,80,0,81,24,0,24,105
03/31/2008,DPA,IL,AGL,CE,Towers with Radar,0,12,53,0,65,0,0,0,0,0,0,12,53,0,65,0,0,0,65
04/01/2008,DPA,IL,AGL,CE,Towers with Radar,0,20,48,0,68,0,1,58,0,59,0,21,106,0,127,110,0,110,237
04/02/2008,DPA,IL,AGL,CE,Towers with Radar,0,20,78,0,98,0,3,179,0,182,0,23,257,0,280,155,0,155,435
04/03/2008,DPA,IL,AGL,CE,Towers with Radar,0,10,65,0,75,0,1,107,0,108,0,11,172,0,183,78,0,78,261
04/04/2008,DPA,IL,AGL,CE,Towers with Radar,0,6,62,0,68,0,1,100,0,101,0,7,162,0,169,116,0,116,285
04/05/2008,DPA,IL,AGL,CE,Towers with Radar,0,6,49,0,55,0,2,202,2,206,0,8,251,2,261,172,0,172,433
04/06/2008,DPA,IL,AGL,CE,Towers with Radar,0,16,45,0,61,0,9,161,0,170,0,25,206,0,231,230,0,230,461
04/07/2008,DPA,IL,AGL,CE,Towers with Radar,0,18,72,0,90,0,2,101,0,103,0,20,173,0,193,56,0,56,249
04/08/2008,DPA,IL,AGL,CE,Towers with Radar,0,14,84,0,98,0,0,16,0,16,0,14,100,0,114,58,0,58,172
04/09/2008,DPA,IL,AGL,CE,Towers with Radar,0,19,98,0,117,0,3,93,0,96,0,22,191,0,213,152,0,152,365
04/10/2008,DPA,IL,AGL,CE,Towers with Radar,0,23,73,0,96,0,2,9,0,11,0,25,82,0,107,0,0,0,107
04/11/2008,DPA,IL,AGL,CE,Towers with Radar,0,11,52,1,64,0,2,30,0,32,0,13,82,1,96,0,0,0,96
04/12/2008,DPA,IL,AGL,CE,Towers with Radar,0,8,20,0,28,0,0,1,0,1,0,8,21,0,29,2,0,2,31
04/13/2008,DPA,IL,AGL,CE,Towers with Radar,0,9,52,0,61,0,1,60,0,61,0,10,112,0,122,40,0,40,162
04/14/2008,DPA,IL,AGL,CE,Towers with Radar,0,19,63,0,82,0,6,162,0,168,0,25,225,0,250,120,0,120,370
04/15/2008,DPA,IL,AGL,CE,Towers with Radar,0,12,74,0,86,0,7,138,0,145,0,19,212,0,231,99,0,99,330
04/16/2008,DPA,IL,AGL,CE,Towers with Radar,0,8,85,0,93,0,1,70,0,71,0,9,155,0,164,24,0,24,188
04/17/2008,DPA,IL,AGL,CE,Towers with Radar,0,25,67,0,92,0,3,189,0,192,0,28,256,0,284,154,0,154,438
04/18/2008,DPA,IL,AGL,CE,Towers with Radar,0,9,57,0,66,0,4,95,0,99,0,13,152,0,165,100,0,100,265
04/19/2008,DPA,IL,AGL,CE,Towers with Radar,0,2,54,0,56,0,1,43,0,44,0,3,97,0,100,159,0,159,259
04/20/2008,DPA,IL,AGL,CE,Towers with Radar,0,17,48,0,65,0,2,135,0,137,0,19,183,0,202,170,0,170,372
04/21/2008,DPA,IL,AGL,CE,Towers with Radar,0,18,70,0,88,0,0,175,0,175,0,18,245,0,263,180,0,180,443
04/22/2008,DPA,IL,AGL,CE,Towers with Radar,0,15,60,0,75,0,2,103,0,105,0,17,163,0,180,181,0,181,361
04/23/2008,DPA,IL,AGL,CE,Towers with Radar,0,19,75,0,94,0,2,165,0,167,0,21,240,0,261,106,0,106,367
04/24/2008,DPA,IL,AGL,CE,Towers with Radar,0,27,68,0,95,0,3,68,0,71,0,30,136,0,166,46,0,46,212
04/25/2008,DPA,IL,AGL,CE,Towers with Radar,0,15,55,0,70,0,0,57,0,57,0,15,112,0,127,38,0,38,165
04/26/2008,DPA,IL,AGL,CE,Towers with Radar,0,4,30,0,34,0,0,53,0,53,0,4,83,0,87,63,0,63,150
04/27/2008,DPA,IL,AGL,CE,Towers with Radar,0,9,52,0,61,0,0,106,0,106,0,9,158,0,167,140,0,140,307
04/28/2008,DPA,IL,AGL,CE,Towers with Radar,0,10,77,0,87,0,3,14,0,17,0,13,91,0,104,22,0,22,126
04/29/2008,DPA,IL,AGL,CE,Towers with Radar,0,22,84,0,106,0,1,143,0,144,0,23,227,0,250,158,0,158,408
04/30/2008,DPA,IL,AGL,CE,Towers with Radar,0,17,73,1,91,0,0,183,0,183,0,17,256,1,274,127,0,127,401
05/01/2008,DPA,IL,AGL,CE,Towers with Radar,0,20,83,0,103,0,0,111,1,112,0,20,194,1,215,114,0,114,329
05/02/2008,DPA,IL,AGL,CE,Towers with Radar,0,12,57,0,69,0,0,35,0,35,0,12,92,0,104,2,0,2,106
05/03/2008,DPA,IL,AGL,CE,Towers with Radar,0,19,40,0,59,0,0,38,0,38,0,19,78,0,97,84,0,84,181
05/04/2008,DPA,IL,AGL,CE,Towers with Radar,0,11,43,0,54,0,0,213,0,213,0,11,256,0,267,196,0,196,463
05/05/2008,DPA,IL,AGL,CE,Towers with Radar,0,7,57,0,64,0,0,145,0,145,0,7,202,0,209,149,0,149,358
05/06/2008,DPA,IL,AGL,CE,Towers with Radar,0,10,76,0,86,0,4,144,5,153,0,14,220,5,239,78,0,78,317
05/07/2008,DPA,IL,AGL,CE,Towers with Radar,0,14,90,0,104,0,2,29,0,31,0,16,119,0,135,67,0,67,202
05/08/2008,DPA,IL,AGL,CE,Towers with Radar,0,3,64,0,67,0,5,112,0,117,0,8,176,0,184,81,0,81,265
05/09/2008,DPA,IL,AGL,CE,Towers with Radar,0,11,69,0,80,0,4,135,0,139,0,15,204,0,219,152,0,152,371
05/10/2008,DPA,IL,AGL,CE,Towers with Radar,0,5,38,0,43,0,1,146,0,147,0,6,184,0,190,257,0,257,447
05/11/2008,DPA,IL,AGL,CE,Towers with Radar,0,4,27,0,31,0,0,6,0,6,0,4,33,0,37,6,0,6,43
05/12/2008,DPA,IL,AGL,CE,Towers with Radar,0,9,79,0,88,0,2,154,0,156,0,11,233,0,244,142,0,142,386
05/13/2008,DPA,IL,AGL,CE,Towers with Radar,0,11,67,0,78,0,2,94,0,96,0,13,161,0,174,93,0,93,267
05/14/2008,DPA,IL,AGL,CE,Towers with Radar,0,21,89,0,110,0,7,69,0,76,0,28,158,0,186,64,0,64,250
05/15/2008,DPA,IL,AGL,CE,Towers with Radar,0,7,91,0,98,0,1,134,0,135,0,8,225,0,233,113,0,113,346
05/16/2008,DPA,IL,AGL,CE,Towers with Radar,0,12,82,0,94,0,5,175,0,180,0,17,257,0,274,105,0,105,379
05/17/2008,DPA,IL,AGL,CE,Towers with Radar,0,6,38,0,44,0,4,126,0,130,0,10,164,0,174,68,0,68,242
05/18/2008,DPA,IL,AGL,CE,Towers with Radar,0,4,44,0,48,0,0,126,0,126,0,4,170,0,174,216,0,216,390
05/19/2008,DPA,IL,AGL,CE,Towers with Radar,0,4,64,0,68,0,7,130,0,137,0,11,194,0,205,148,0,148,353
05/20/2008,DPA,IL,AGL,CE,Towers with Radar,0,9,77,3,89,0,2,144,0,146,0,11,221,3,235,112,0,112,347
05/21/2008,DPA,IL,AGL,CE,Towers with Radar,0,26,81,0,107,0,3,176,0,179,0,29,257,0,286,127,0,127,413
05/22/2008,DPA,IL,AGL,CE,Towers with Radar,0,8,68,0,76,0,5,159,0,164,0,13,227,0,240,134,0,134,374
05/23/2008,DPA,IL,AGL,CE,Towers with Radar,0,12,61,0,73,0,5,106,0,111,0,17,167,0,184,44,0,44,228
05/24/2008,DPA,IL,AGL,CE,Towers with Radar,0,3,30,0,33,0,8,167,0,175,0,11,197,0,208,193,0,193,401
05/25/2008,DPA,IL,AGL,CE,Towers with Radar,0,5,32,0,37,0,1,82,0,83,0,6,114,0,120,120,0,120,240
05/26/2008,DPA,IL,AGL,CE,Towers with Radar,0,7,33,0,40,0,1,64,0,65,0,8,97,0,105,110,0,110,215
05/27/2008,DPA,IL,AGL,CE,Towers with Radar,0,13,75,0,88,0,0,62,6,68,0,13,137,6,156,32,18,50,206
05/28/2008,DPA,IL,AGL,CE,Towers with Radar,0,10,91,0,101,0,1,174,0,175,0,11,265,0,276,189,0,189,465
05/29/2008,DPA,IL,AGL,CE,Towers with Radar,0,15,103,0,118,0,0,113,0,113,0,15,216,0,231,14,0,14,245
05/30/2008,DPA,IL,AGL,CE,Towers with Radar,0,9,66,0,75,0,2,28,0,30,0,11,94,0,105,16,0,16,121
05/31/2008,DPA,IL,AGL,CE,Towers with Radar,0,5,37,0,42,0,2,121,0,123,0,7,158,0,165,92,0,92,257
06/01/2008,DPA,IL,AGL,CE,Towers with Radar,0,9,48,0,57,0,1,143,0,144,0,10,191,0,201,188,0,188,389
06/02/2008,DPA,IL,AGL,CE,Towers with Radar,0,11,65,0,76,0,0,161,0,161,0,11,226,0,237,94,0,94,331
06/03/2008,DPA,IL,AGL,CE,Towers with Radar,0,13,68,0,81,0,0,25,0,25,0,13,93,0,106,36,0,36,142
06/04/2008,DPA,IL,AGL,CE,Towers with Radar,0,15,102,0,117,0,4,30,0,34,0,19,132,0,151,84,0,84,235
06/05/2008,DPA,IL,AGL,CE,Towers with Radar,0,17,93,0,110,0,2,88,0,90,0,19,181,0,200,64,0,64,264
06/06/2008,DPA,IL,AGL,CE,Towers with Radar,0,2,58,0,60,0,0,52,1,53,0,2,110,1,113,52,1,53,166
06/07/2008,DPA,IL,AGL,CE,Towers with Radar,0,4,23,0,27,0,3,32,0,35,0,7,55,0,62,114,0,114,176
06/08/2008,DPA,IL,AGL,CE,Towers with Radar,0,4,41,0,45,0,2,60,0,62,0,6,101,0,107,100,0,100,207
06/09/2008,DPA,IL,AGL,CE,Towers with Radar,0,10,84,0,94,0,1,28,0,29,0,11,112,0,123,22,0,22,145
06/10/2008,DPA,IL,AGL,CE,Towers with Radar,0,4,95,0,99,0,6,189,0,195,0,10,284,0,294,142,0,142,436
06/11/2008,DPA,IL,AGL,CE,Towers with Radar,0,10,62,0,72,0,1,175,0,176,0,11,237,0,248,119,0,119,367
06/12/2008,DPA,IL,AGL,CE,Towers with Radar,0,18,75,0,93,0,2,110,2,114,0,20,185,2,207,102,12,114,321
06/13/2008,DPA,IL,AGL,CE,Towers with Radar,0,6,58,0,64,0,2,81,0,83,0,8,139,0,147,102,0,102,249
06/14/2008,DPA,IL,AGL,CE,Towers with Radar,2,7,40,0,49,0,0,204,0,204,2,7,244,0,253,122,0,122,375
06/15/2008,DPA,IL,AGL,CE,Towers with Radar,0,8,32,0,40,0,0,45,0,45,0,8,77,0,85,32,0,32,117
06/16/2008,DPA,IL,AGL,CE,Towers with Radar,0,11,88,0,99,0,0,157,0,157,0,11,245,0,256,84,0,84,340
06/17/2008,DPA,IL,AGL,CE,Towers with Radar,0,13,94,0,107,0,2,168,0,170,0,15,262,0,277,101,0,101,378
06/18/2008,DPA,IL,AGL,CE,Towers with Radar,0,12,84,0,96,0,3,198,0,201,0,15,282,0,297,231,0,231,528
06/19/2008,DPA,IL,AGL,CE,Towers with Radar,0,15,89,0,104,0,9,215,0,224,0,24,304,0,328,175,0,175,503
06/20/2008,DPA,IL,AGL,CE,Towers with Radar,0,11,62,1,74,0,5,172,0,177,0,16,234,1,251,79,0,79,330
06/21/2008,DPA,IL,AGL,CE,Towers with Radar,0,0,46,0,46,0,0,156,0,156,0,0,202,0,202,290,0,290,492
06/22/2008,DPA,IL,AGL,CE,Towers with Radar,0,10,53,0,63,0,0,152,0,152,0,10,205,0,215,260,0,260,475
06/23/2008,DPA,IL,AGL,CE,Towers with Radar,0,19,66,0,85,0,1,169,0,170,0,20,235,0,255,95,0,95,350
06/24/2008,DPA,IL,AGL,CE,Towers with Radar,0,13,76,0,89,0,0,227,0,227,0,13,303,0,316,158,0,158,474
06/25/2008,DPA,IL,AGL,CE,Towers with Radar,0,17,94,0,111,0,0,54,0,54,0,17,148,0,165,120,0,120,285
06/26/2008,DPA,IL,AGL,CE,Towers with Radar,0,9,91,0,100,0,1,184,0,185,0,10,275,0,285,231,0,231,516
06/27/2008,DPA,IL,AGL,CE,Towers with Radar,0,14,79,0,93,0,0,96,0,96,0,14,175,0,189,138,0,138,327
06/28/2008,DPA,IL,AGL,CE,Towers with Radar,0,0,41,0,41,0,0,107,0,107,0,0,148,0,148,98,0,98,246
06/29/2008,DPA,IL,AGL,CE,Towers with Radar,0,8,62,0,70,0,0,89,0,89,0,8,151,0,159,128,0,128,287
06/30/2008,DPA,IL,AGL,CE,Towers with Radar,0,8,59,0,67,0,0,171,0,171,0,8,230,0,238,244,0,244,482
07/01/2008,DPA,IL,AGL,CE,Towers with Radar,0,6,53,0,59,0,1,209,0,210,0,7,262,0,269,205,0,205,474
07/02/2008,DPA,IL,AGL,CE,Towers with Radar,0,4,57,0,61,0,3,83,0,86,0,7,140,0,147,37,0,37,184
07/03/2008,DPA,IL,AGL,CE,Towers with Radar,0,10,45,0,55,0,2,184,0,186,0,12,229,0,241,127,0,127,368
07/04/2008,DPA,IL,AGL,CE,Towers with Radar,0,1,17,0,18,0,6,106,0,112,0,7,123,0,130,76,0,76,206
07/05/2008,DPA,IL,AGL,CE,Towers with Radar,0,5,29,0,34,0,5,147,0,152,0,10,176,0,186,118,0,118,304
07/06/2008,DPA,IL,AGL,CE,Towers with Radar,0,16,40,0,56,0,4,156,0,160,0,20,196,0,216,76,0,76,292
07/07/2008,DPA,IL,AGL,CE,Towers with Radar,0,11,52,0,63,0,0,86,3,89,0,11,138,3,152,89,0,89,241
07/08/2008,DPA,IL,AGL,CE,Towers with Radar,0,10,73,0,83,0,0,79,0,79,0,10,152,0,162,152,0,152,314
07/09/2008,DPA,IL,AGL,CE,Towers with Radar,0,6,76,0,82,0,5,167,0,172,0,11,243,0,254,230,0,230,484
07/10/2008,DPA,IL,AGL,CE,Towers with Radar,0,9,81,0,90,0,0,116,0,116,0,9,197,0,206,39,0,39,245
07/11/2008,DPA,IL,AGL,CE,Towers with Radar,0,9,69,1,79,0,0,139,0,139,0,9,208,1,218,112,0,112,330
07/12/2008,DPA,IL,AGL,CE,Towers with Radar,0,3,39,0,42,0,2,91,0,93,0,5,130,0,135,147,0,147,282
07/13/2008,DPA,IL,AGL,CE,Towers with Radar,0,16,58,0,74,0,0,182,0,182,0,16,240,0,256,90,0,90,346
07/14/2008,DPA,IL,AGL,CE,Towers with Radar,0,3,73,0,76,0,8,170,0,178,0,11,243,0,254,66,0,66,320
07/15/2008,DPA,IL,AGL,CE,Towers with Radar,0,12,71,0,83,0,3,173,0,176,0,15,244,0,259,99,0,99,358
07/16/2008,DPA,IL,AGL,CE,Towers with Radar,0,11,84,0,95,0,0,149,0,149,0,11,233,0,244,171,0,171,415
07/17/2008,DPA,IL,AGL,CE,Towers with Radar,0,10,82,0,92,0,4,159,0,163,0,14,241,0,255,96,0,96,351
07/18/2008,DPA,IL,AGL,CE,Towers with Radar,0,7,81,0,88,0,2,138,0,140,0,9,219,0,228,118,0,118,346
07/19/2008,DPA,IL,AGL,CE,Towers with Radar,0,2,70,0,72,0,0,22,0,22,0,2,92,0,94,92,0,92,186
07/20/2008,DPA,IL,AGL,CE,Towers with Radar,0,3,48,0,51,0,3,88,0,91,0,6,136,0,142,126,0,126,268
07/21/2008,DPA,IL,AGL,CE,Towers with Radar,0,5,52,0,57,0,1,102,0,103,0,6,154,0,160,192,0,192,352
07/22/2008,DPA,IL,AGL,CE,Towers with Radar,0,6,76,0,82,0,3,174,0,177,0,9,250,0,259,112,0,112,371
07/23/2008,DPA,IL,AGL,CE,Towers with Radar,0,6,107,0,113,0,0,195,0,195,0,6,302,0,308,158,0,158,466
07/24/2008,DPA,IL,AGL,CE,Towers with Radar,0,8,85,0,93,0,0,155,0,155,0,8,240,0,248,66,0,66,314
07/25/2008,DPA,IL,AGL,CE,Towers with Radar,0,7,49,0,56,0,0,129,0,129,0,7,178,0,185,159,0,159,344
07/26/2008,DPA,IL,AGL,CE,Towers with Radar,0,6,52,0,58,0,0,198,0,198,0,6,250,0,256,245,0,245,501
07/27/2008,DPA,IL,AGL,CE,Towers with Radar,0,13,56,0,69,0,1,222,0,223,0,14,278,0,292,214,0,214,506
07/28/2008,DPA,IL,AGL,CE,Towers with Radar,0,4,67,0,71,0,4,174,0,178,0,8,241,0,249,152,0,152,401
07/29/2008,DPA,IL,AGL,CE,Towers with Radar,0,17,81,0,98,0,0,119,0,119,0,17,200,0,217,159,0,159,376
07/30/2008,DPA,IL,AGL,CE,Towers with Radar,0,10,71,0,81,0,2,142,0,144,0,12,213,0,225,121,0,121,346
07/31/2008,DPA,IL,AGL,CE,Towers with Radar,0,14,93,0,107,0,5,122,3,130,0,19,215,3,237,88,0,88,325
08/01/2008,DPA,IL,AGL,CE,Towers with Radar,0,5,71,0,76,0,1,129,0,130,0,6,200,0,206,74,0,74,280
08/02/2008,DPA,IL,AGL,CE,Towers with Radar,2,0,26,0,28,0,2,172,0,174,2,2,198,0,202,245,6,251,453
08/03/2008,DPA,IL,AGL,CE,Towers with Radar,0,7,47,0,54,0,0,193,0,193,0,7,240,0,247,153,0,153,400
08/04/2008,DPA,IL,AGL,CE,Towers with Radar,0,3,68,0,71,0,0,60,0,60,0,3,128,0,131,70,0,70,201
08/05/2008,DPA,IL,AGL,CE,Towers with Radar,0,11,63,0,74,0,0,77,0,77,0,11,140,0,151,104,0,104,255
08/06/2008,DPA,IL,AGL,CE,Towers with Radar,0,8,80,0,88,0,1,189,0,190,0,9,269,0,278,82,0,82,360
08/07/2008,DPA,IL,AGL,CE,Towers with Radar,0,11,66,0,77,0,1,184,0,185,0,12,250,0,262,122,0,122,384
08/08/2008,DPA,IL,AGL,CE,Towers with Radar,0,5,59,0,64,0,5,184,0,189,0,10,243,0,253,138,0,138,391
08/09/2008,DPA,IL,AGL,CE,Towers with Radar,0,12,38,0,50,0,2,128,0,130,0,14,166,0,180,166,0,166,346
08/10/2008,DPA,IL,AGL,CE,Towers with Radar,0,11,56,0,67,0,3,172,0,175,0,14,228,0,242,144,0,144,386
08/11/2008,DPA,IL,AGL,CE,Towers with Radar,0,10,66,0,76,0,8,194,0,202,0,18,260,0,278,117,0,117,395
08/12/2008,DPA,IL,AGL,CE,Towers with Radar,0,8,73,0,81,0,5,167,0,172,0,13,240,0,253,135,0,135,388
08/13/2008,DPA,IL,AGL,CE,Towers with Radar,0,11,78,0,89,0,3,147,0,150,0,14,225,0,239,136,0,136,375
08/14/2008,DPA,IL,AGL,CE,Towers with Radar,0,17,114,0,131,0,2,142,0,144,0,19,256,0,275,112,0,112,387
08/15/2008,DPA,IL,AGL,CE,Towers with Radar,0,14,67,0,81,0,5,170,0,175,0,19,237,0,256,136,0,136,392
08/16/2008,DPA,IL,AGL,CE,Towers with Radar,0,1,41,0,42,0,3,170,0,173,0,4,211,0,215,140,0,140,355
08/17/2008,DPA,IL,AGL,CE,Towers with Radar,0,5,41,1,47,0,0,182,0,182,0,5,223,1,229,183,0,183,412
08/18/2008,DPA,IL,AGL,CE,Towers with Radar,0,18,71,0,89,0,0,171,0,171,0,18,242,0,260,134,0,134,394
08/19/2008,DPA,IL,AGL,CE,Towers with Radar,0,17,69,0,86,0,2,151,0,153,0,19,220,0,239,164,0,164,403
08/20/2008,DPA,IL,AGL,CE,Towers with Radar,0,12,99,0,111,0,2,167,1,170,0,14,266,1,281,118,0,118,399
08/21/2008,DPA,IL,AGL,CE,Towers with Radar,0,7,89,0,96,0,3,132,0,135,0,10,221,0,231,100,0,100,331
08/22/2008,DPA,IL,AGL,CE,Towers with Radar,0,12,97,0,109,0,1,86,22,109,0,13,183,22,218,75,0,75,293
08/23/2008,DPA,IL,AGL,CE,Towers with Radar,0,9,50,0,59,0,2,44,0,46,0,11,94,0,105,244,0,244,349
08/24/2008,DPA,IL,AGL,CE,Towers with Radar,0,5,43,0,48,0,6,237,0,243,0,11,280,0,291,168,0,168,459
08/25/2008,DPA,IL,AGL,CE,Towers with Radar,0,19,65,0,84,0,0,176,0,176,0,19,241,0,260,125,0,125,385
08/26/2008,DPA,IL,AGL,CE,Towers with Radar,0,15,51,0,66,0,2,201,0,203,0,17,252,0,269,105,0,105,374
08/27/2008,DPA,IL,AGL,CE,Towers with Radar,0,17,72,0,89,0,0,200,4,204,0,17,272,4,293,128,0,128,421
08/28/2008,DPA,IL,AGL,CE,Towers with Radar,0,9,93,0,102,0,2,78,0,80,0,11,171,0,182,117,0,117,299
08/29/2008,DPA,IL,AGL,CE,Towers with Radar,0,8,64,0,72,0,0,177,0,177,0,8,241,0,249,92,0,92,341
08/30/2008,DPA,IL,AGL,CE,Towers with Radar,0,0,45,0,45,0,1,165,0,166,0,1,210,0,211,164,0,164,375
08/31/2008,DPA,IL,AGL,CE,Towers with Radar,0,3,26,0,29,0,0,151,0,151,0,3,177,0,180,161,0,161,341
09/01/2008,DPA,IL,AGL,CE,Towers with Radar,0,7,45,0,52,0,5,131,0,136,0,12,176,0,188,143,0,143,331
09/02/2008,DPA,IL,AGL,CE,Towers with Radar,0,14,72,0,86,0,0,158,0,158,0,14,230,0,244,60,0,60,304
09/03/2008,DPA,IL,AGL,CE,Towers with Radar,0,13,100,0,113,0,4,69,0,73,0,17,169,0,186,132,0,132,318
09/04/2008,DPA,IL,AGL,CE,Towers with Radar,0,17,116,0,133,0,0,5,0,5,0,17,121,0,138,0,0,0,138
09/05/2008,DPA,IL,AGL,CE,Towers with Radar,0,30,93,0,123,0,1,98,0,99,0,31,191,0,222,114,0,114,336
09/06/2008,DPA,IL,AGL,CE,Towers with Radar,0,3,32,0,35,0,2,191,0,193,0,5,223,0,228,266,0,266,494
09/07/2008,DPA,IL,AGL,CE,Towers with Radar,0,4,36,0,40,0,15,136,1,152,0,19,172,1,192,148,0,148,340
09/08/2008,DPA,IL,AGL,CE,Towers with Radar,0,8,85,0,93,0,1,45,0,46,0,9,130,0,139,6,0,6,145
09/09/2008,DPA,IL,AGL,CE,Towers with Radar,0,19,72,0,91,0,6,187,0,193,0,25,259,0,284,112,0,112,396
09/10/2008,DPA,IL,AGL,CE,Towers with Radar,0,9,70,0,79,0,2,193,0,195,0,11,263,0,274,82,0,82,356
09/11/2008,DPA,IL,AGL,CE,Towers with Radar,0,15,78,0,93,0,3,132,0,135,0,18,210,0,228,111,0,111,339
09/12/2008,DPA,IL,AGL,CE,Towers with Radar,0,12,92,0,104,0,0,0,0,0,0,12,92,0,104,0,0,0,104
09/13/2008,DPA,IL,AGL,CE,Towers with Radar,0,5,19,0,24,0,0,2,0,2,0,5,21,0,26,0,0,0,26
09/14/2008,DPA,IL,AGL,CE,Towers with Radar,0,9,51,0,60,0,0,1,0,1,0,9,52,0,61,0,0,0,61
09/15/2008,DPA,IL,AGL,CE,Towers with Radar,0,6,80,0,86,0,0,79,0,79,0,6,159,0,165,68,0,68,233
09/16/2008,DPA,IL,AGL,CE,Towers with Radar,0,6,70,0,76,0,0,156,0,156,0,6,226,0,232,62,0,62,294
09/17/2008,DPA,IL,AGL,CE,Towers with Radar,0,13,82,0,95,0,1,165,0,166,0,14,247,0,261,122,0,122,383
09/18/2008,DPA,IL,AGL,CE,Towers with Radar,0,14,78,0,92,0,3,148,0,151,0,17,226,0,243,72,0,72,315
09/19/2008,DPA,IL,AGL,CE,Towers with Radar,0,12,73,0,85,0,3,171,0,174,0,15,244,0,259,138,0,138,397
09/20/2008,DPA,IL,AGL,CE,Towers with Radar,0,6,47,0,53,0,0,181,0,181,0,6,228,0,234,194,0,194,428
09/21/2008,DPA,IL,AGL,CE,Towers with Radar,0,8,70,0,78,0,0,108,0,108,0,8,178,0,186,124,0,124,310
09/22/2008,DPA,IL,AGL,CE,Towers with Radar,0,11,51,0,62,0,2,106,0,108,0,13,157,0,170,65,0,65,235
09/23/2008,DPA,IL,AGL,CE,Towers with Radar,0,16,81,0,97,0,1,156,0,157,0,17,237,0,254,74,0,74,328
09/24/2008,DPA,IL,AGL,CE,Towers with Radar,0,9,69,0,78,0,0,124,0,124,0,9,193,0,202,162,0,162,364
09/25/2008,DPA,IL,AGL,CE,Towers with Radar,0,14,105,0,119,0,4,139,0,143,0,18,244,0,262,107,0,107,369
09/26/2008,DPA,IL,AGL,CE,Towers with Radar,0,11,67,0,78,0,0,157,0,157,0,11,224,0,235,110,0,110,345
09/27/2008,DPA,IL,AGL,CE,Towers with Radar,0,3,52,0,55,0,0,144,0,144,0,3,196,0,199,70,0,70,269
09/28/2008,DPA,IL,AGL,CE,Towers with Radar,0,13,77,0,90,0,1,69,2,72,0,14,146,2,162,190,0,190,352
09/29/2008,DPA,IL,AGL,CE,Towers with Radar,0,9,72,0,81,0,0,45,0,45,0,9,117,0,126,46,0,46,172
09/30/2008,DPA,IL,AGL,CE,Towers with Radar,0,6,92,0,98,0,0,113,0,113,0,6,205,0,211,66,0,66,277
10/01/2008,DPA,IL,AGL,CE,Towers with Radar,0,6,68,0,74,0,2,105,0,107,0,8,173,0,181,48,0,48,229
10/02/2008,DPA,IL,AGL,CE,Towers with Radar,0,11,73,0,84,0,0,122,0,122,0,11,195,0,206,54,0,54,260
10/03/2008,DPA,IL,AGL,CE,Towers with Radar,2,7,65,0,74,0,1,164,0,165,2,8,229,0,239,104,0,104,343
10/04/2008,DPA,IL,AGL,CE,Towers with Radar,0,6,39,0,45,0,2,165,0,167,0,8,204,0,212,100,0,100,312
10/05/2008,DPA,IL,AGL,CE,Towers with Radar,0,8,46,0,54,0,1,69,0,70,0,9,115,0,124,50,0,50,174
10/06/2008,DPA,IL,AGL,CE,Towers with Radar,0,8,44,0,52,0,0,95,0,95,0,8,139,0,147,87,0,87,234
10/07/2008,DPA,IL,AGL,CE,Towers with Radar,0,5,90,0,95,0,29,54,0,83,0,34,144,0,178,54,0,54,232
10/08/2008,DPA,IL,AGL,CE,Towers with Radar,0,9,92,0,101,0,2,66,1,69,0,11,158,1,170,44,0,44,214
10/09/2008,DPA,IL,AGL,CE,Towers with Radar,0,17,50,4,71,0,2,147,0,149,0,19,197,4,220,98,0,98,318
10/10/2008,DPA,IL,AGL,CE,Towers with Radar,0,38,73,0,111,0,8,137,0,145,0,46,210,0,256,50,0,50,306
10/11/2008,DPA,IL,AGL,CE,Towers with Radar,0,19,38,0,57,0,1,179,0,180,0,20,217,0,237,135,0,135,372
10/12/2008,DPA,IL,AGL,CE,Towers with Radar,0,12,53,0,65,0,2,146,0,148,0,14,199,0,213,120,0,120,333
10/13/2008,DPA,IL,AGL,CE,Towers with Radar,0,11,101,0,112,0,3,124,0,127,0,14,225,0,239,64,0,64,303
10/14/2008,DPA,IL,AGL,CE,Towers with Radar,0,22,72,0,94,0,1,133,0,134,0,23,205,0,228,83,0,83,311
10/15/2008,DPA,IL,AGL,CE,Towers with Radar,0,46,105,0,151,0,0,27,0,27,0,46,132,0,178,26,0,26,204
10/16/2008,DPA,IL,AGL,CE,Towers with Radar,0,46,90,0,136,0,1,154,0,155,0,47,244,0,291,46,0,46,337
10/17/2008,DPA,IL,AGL,CE,Towers with Radar,0,23,101,2,126,0,1,110,0,111,0,24,211,2,237,72,0,72,309
10/18/2008,DPA,IL,AGL,CE,Towers with Radar,0,6,27,0,33,0,2,169,0,171,0,8,196,0,204,192,0,192,396
10/19/2008,DPA,IL,AGL,CE,Towers with Radar,0,6,48,0,54,0,0,117,0,117,0,6,165,0,171,162,0,162,333
10/20/2008,DPA,IL,AGL,CE,Towers with Radar,0,9,94,0,103,0,2,69,0,71,0,11,163,0,174,34,0,34,208
10/21/2008,DPA,IL,AGL,CE,Towers with Radar,0,40,81,0,121,0,0,151,0,151,0,40,232,0,272,86,0,86,358
10/22/2008,DPA,IL,AGL,CE,Towers with Radar,0,36,86,0,122,0,0,83,0,83,0,36,169,0,205,50,0,50,255
10/23/2008,DPA,IL,AGL,CE,Towers with Radar,0,43,85,0,128,0,3,108,0,111,0,46,193,0,239,26,0,26,265
10/24/2008,DPA,IL,AGL,CE,Towers with Radar,0,45,86,0,131,0,0,28,0,28,0,45,114,0,159,52,0,52,211
10/25/2008,DPA,IL,AGL,CE,Towers with Radar,0,16,48,0,64,0,1,28,0,29,0,17,76,0,93,58,0,58,151
10/26/2008,DPA,IL,AGL,CE,Towers with Radar,0,11,29,0,40,0,1,43,0,44,0,12,72,0,84,10,0,10,94
10/27/2008,DPA,IL,AGL,CE,Towers with Radar,0,8,52,0,60,0,0,69,0,69,0,8,121,0,129,28,0,28,157
10/28/2008,DPA,IL,AGL,CE,Towers with Radar,0,44,82,0,126,0,3,122,0,125,0,47,204,0,251,66,0,66,317
10/29/2008,DPA,IL,AGL,CE,Towers with Radar,0,43,82,0,125,0,0,141,0,141,0,43,223,0,266,42,0,42,308
10/30/2008,DPA,IL,AGL,CE,Towers with Radar,0,44,85,0,129,0,2,173,0,175,0,46,258,0,304,118,0,118,422
10/31/2008,DPA,IL,AGL,CE,Towers with Radar,0,37,61,0,98,0,1,134,0,135,0,38,195,0,233,88,0,88,321
11/01/2008,DPA,IL,AGL,CE,Towers with Radar,0,14,29,0,43,0,2,133,0,135,0,16,162,0,178,142,0,142,320
11/02/2008,DPA,IL,AGL,CE,Towers with Radar,0,8,33,0,41,0,1,129,0,130,0,9,162,0,171,143,0,143,314
11/03/2008,DPA,IL,AGL,CE,Towers with Radar,0,20,58,0,78,0,1,117,2,120,0,21,175,2,198,26,0,26,224
11/04/2008,DPA,IL,AGL,CE,Towers with Radar,0,39,65,0,104,0,3,152,0,155,0,42,217,0,259,108,0,108,367
11/05/2008,DPA,IL,AGL,CE,Towers with Radar,0,39,54,0,93,0,1,101,0,102,0,40,155,0,195,76,0,76,271
11/06/2008,DPA,IL,AGL,CE,Towers with Radar,0,37,52,0,89,0,0,30,0,30,0,37,82,0,119,45,0,45,164
11/07/2008,DPA,IL,AGL,CE,Towers with Radar,0,42,72,0,114,0,2,47,0,49,0,44,119,0,163,46,0,46,209
11/08/2008,DPA,IL,AGL,CE,Towers with Radar,0,9,21,0,30,0,0,8,0,8,0,9,29,0,38,64,0,64,102
11/09/2008,DPA,IL,AGL,CE,Towers with Radar,0,9,26,0,35,0,5,33,0,38,0,14,59,0,73,110,0,110,183
11/10/2008,DPA,IL,AGL,CE,Towers with Radar,0,6,51,0,57,0,2,137,0,139,0,8,188,0,196,52,0,52,248
11/11/2008,DPA,IL,AGL,CE,Towers with Radar,0,41,70,0,111,0,0,34,0,34,0,41,104,0,145,0,34,34,179
11/12/2008,DPA,IL,AGL,CE,Towers with Radar,0,22,99,1,122,0,5,16,0,21,0,27,115,1,143,8,0,8,151
11/13/2008,DPA,IL,AGL,CE,Towers with Radar,0,9,78,0,87,0,4,56,0,60,0,13,134,0,147,22,0,22,169
11/14/2008,DPA,IL,AGL,CE,Towers with Radar,0,39,68,0,107,0,0,39,0,39,0,39,107,0,146,112,0,112,258
11/15/2008,DPA,IL,AGL,CE,Towers with Radar,0,8,20,1,29,0,1,51,0,52,0,9,71,1,81,98,0,98,179
11/16/2008,DPA,IL,AGL,CE,Towers with Radar,0,13,41,1,55,0,0,86,0,86,0,13,127,1,141,137,0,137,278
11/17/2008,DPA,IL,AGL,CE,Towers with Radar,0,11,38,0,49,0,1,85,0,86,0,12,123,0,135,46,0,46,181
11/18/2008,DPA,IL,AGL,CE,Towers with Radar,0,40,65,0,105,0,0,129,0,129,0,40,194,0,234,113,0,113,347
11/19/2008,DPA,IL,AGL,CE,Towers with Radar,0,45,63,0,108,0,0,101,2,103,0,45,164,2,211,68,0,68,279
11/20/2008,DPA,IL,AGL,CE,Towers with Radar,0,44,60,0,104,0,1,68,0,69,0,45,128,0,173,12,0,12,185
11/21/2008,DPA,IL,AGL,CE,Towers with Radar,0,43,45,2,90,0,1,132,0,133,0,44,177,2,223,84,0,84,307
11/22/2008,DPA,IL,AGL,CE,Towers with Radar,0,11,38,0,49,0,1,129,0,130,0,12,167,0,179,106,0,106,285
11/23/2008,DPA,IL,AGL,CE,Towers with Radar,0,5,26,0,31,0,7,130,0,137,0,12,156,0,168,126,0,126,294
11/24/2008,DPA,IL,AGL,CE,Towers with Radar,0,15,57,0,72,0,0,27,0,27,0,15,84,0,99,32,0,32,131
11/25/2008,DPA,IL,AGL,CE,Towers with Radar,0,43,57,0,100,0,4,124,0,128,0,47,181,0,228,72,0,72,300
11/26/2008,DPA,IL,AGL,CE,Towers with Radar,0,37,45,0,82,0,5,177,0,182,0,42,222,0,264,110,0,110,374
11/27/2008,DPA,IL,AGL,CE,Towers with Radar,0,28,5,0,33,0,1,48,0,49,0,29,53,0,82,6,0,6,88
11/28/2008,DPA,IL,AGL,CE,Towers with Radar,0,10,30,0,40,0,1,166,0,167,0,11,196,0,207,108,0,108,315
11/29/2008,DPA,IL,AGL,CE,Towers with Radar,0,17,42,0,59,0,3,130,0,133,0,20,172,0,192,114,0,114,306
11/30/2008,DPA,IL,AGL,CE,Towers with Radar,0,17,56,0,73,0,0,5,0,5,0,17,61,0,78,17,0,17,95
12/01/2008,DPA,IL,AGL,CE,Towers with Radar,0,16,40,0,56,0,2,1,0,3,0,18,41,0,59,0,0,0,59
12/02/2008,DPA,IL,AGL,CE,Towers with Radar,2,22,71,0,95,0,1,101,0,102,2,23,172,0,197,112,0,112,309
12/03/2008,DPA,IL,AGL,CE,Towers with Radar,0,39,57,0,96,0,0,33,0,33,0,39,90,0,129,67,0,67,196
12/04/2008,DPA,IL,AGL,CE,Towers with Radar,0,43,47,0,90,0,1,77,0,78,0,44,124,0,168,16,0,16,184
12/05/2008,DPA,IL,AGL,CE,Towers with Radar,0,41,56,0,97,0,0,76,0,76,0,41,132,0,173,46,0,46,219
12/06/2008,DPA,IL,AGL,CE,Towers with Radar,0,10,19,0,29,0,0,0,0,0,0,10,19,0,29,0,0,0,29
12/07/2008,DPA,IL,AGL,CE,Towers with Radar,0,7,37,0,44,0,10,82,0,92,0,17,119,0,136,91,0,91,227
12/08/2008,DPA,IL,AGL,CE,Towers with Radar,0,16,49,0,65,0,0,51,0,51,0,16,100,0,116,69,0,69,185
12/09/2008,DPA,IL,AGL,CE,Towers with Radar,0,41,39,0,80,0,0,1,0,1,0,41,40,0,81,0,0,0,81
12/10/2008,DPA,IL,AGL,CE,Towers with Radar,0,52,47,0,99,0,1,73,0,74,0,53,120,0,173,24,0,24,197
12/11/2008,DPA,IL,AGL,CE,Towers with Radar,0,39,58,0,97,0,3,80,0,83,0,42,138,0,180,24,0,24,204
12/12/2008,DPA,IL,AGL,CE,Towers with Radar,0,40,65,0,105,0,1,104,0,105,0,41,169,0,210,100,0,100,310
12/13/2008,DPA,IL,AGL,CE,Towers with Radar,0,13,27,0,40,0,0,22,0,22,0,13,49,0,62,48,0,48,110
12/14/2008,DPA,IL,AGL,CE,Towers with Radar,0,5,29,0,34,0,0,5,0,5,0,5,34,0,39,60,0,60,99
12/15/2008,DPA,IL,AGL,CE,Towers with Radar,0,7,50,0,57,0,1,44,0,45,0,8,94,0,102,18,0,18,120
12/16/2008,DPA,IL,AGL,CE,Towers with Radar,0,37,53,0,90,0,0,40,0,40,0,37,93,0,130,26,0,26,156
12/17/2008,DPA,IL,AGL,CE,Towers with Radar,0,47,62,0,109,0,3,35,0,38,0,50,97,0,147,62,0,62,209
12/18/2008,DPA,IL,AGL,CE,Towers with Radar,0,43,61,0,104,0,0,79,0,79,0,43,140,0,183,26,0,26,209
12/19/2008,DPA,IL,AGL,CE,Towers with Radar,0,35,36,0,71,0,2,10,0,12,0,37,46,0,83,32,0,32,115
12/20/2008,DPA,IL,AGL,CE,Towers with Radar,0,13,33,0,46,0,1,33,0,34,0,14,66,0,80,163,0,163,243
12/21/2008,DPA,IL,AGL,CE,Towers with Radar,0,8,10,0,18,0,0,0,0,0,0,8,10,0,18,0,0,0,18
12/22/2008,DPA,IL,AGL,CE,Towers with Radar,0,19,38,0,57,0,1,52,0,53,0,20,90,0,110,15,0,15,125
12/23/2008,DPA,IL,AGL,CE,Towers with Radar,0,34,32,0,66,0,0,1,0,1,0,34,33,0,67,0,0,0,67
12/24/2008,DPA,IL,AGL,CE,Towers with Radar,0,38,9,0,47,0,1,1,0,2,0,39,10,0,49,0,0,0,49
12/25/2008,DPA,IL,AGL,CE,Towers with Radar,0,29,11,0,40,0,1,21,0,22,0,30,32,0,62,0,0,0,62
12/26/2008,DPA,IL,AGL,CE,Towers with Radar,0,9,17,0,26,0,0,4,0,4,0,9,21,0,30,0,0,0,30
12/27/2008,DPA,IL,AGL,CE,Towers with Radar,0,14,14,0,28,0,0,0,0,0,0,14,14,0,28,0,0,0,28
12/28/2008,DPA,IL,AGL,CE,Towers with Radar,0,8,27,0,35,0,4,87,0,91,0,12,114,0,126,170,0,170,296
12/29/2008,DPA,IL,AGL,CE,Towers with Radar,0,6,31,0,37,0,0,105,0,105,0,6,136,0,142,58,0,58,200
12/30/2008,DPA,IL,AGL,CE,Towers with Radar,0,37,40,0,77,0,0,132,0,132,0,37,172,0,209,153,0,153,362
12/31/2008,DPA,IL,AGL,CE,Towers with Radar,0,40,18,0,58,0,2,95,0,97,0,42,113,0,155,54,0,54,209
01/01/2009,DPA,IL,AGL,CE,Towers with Radar,0,33,5,0,38,0,1,18,0,19,0,34,23,0,57,6,0,6,63
01/02/2009,DPA,IL,AGL,CE,Towers with Radar,0,14,20,0,34,0,1,89,0,90,0,15,109,0,124,62,0,62,186
01/03/2009,DPA,IL,AGL,CE,Towers with Radar,0,21,32,0,53,0,0,77,0,77,0,21,109,0,130,42,0,42,172
01/04/2009,DPA,IL,AGL,CE,Towers with Radar,0,6,34,0,40,0,0,11,0,11,0,6,45,0,51,14,0,14,65
01/05/2009,DPA,IL,AGL,CE,Towers with Radar,0,5,45,0,50,0,0,87,0,87,0,5,132,0,137,88,0,88,225
01/06/2009,DPA,IL,AGL,CE,Towers with Radar,2,37,43,0,82,0,0,22,0,22,2,37,65,0,104,24,0,24,128
01/07/2009,DPA,IL,AGL,CE,Towers with Radar,2,39,40,0,81,0,0,0,0,0,2,39,40,0,81,24,0,24,105
01/08/2009,DPA,IL,AGL,CE,Towers with Radar,2,37,64,0,103,0,1,115,0,116,2,38,179,0,219,122,0,122,341
01/09/2009,DPA,IL,AGL,CE,Towers with Radar,0,42,47,0,89,0,0,27,0,27,0,42,74,0,116,51,0,51,167
01/10/2009,DPA,IL,AGL,CE,Towers with Radar,0,25,9,0,34,0,4,0,0,4,0,29,9,0,38,12,0,12,50
01/11/2009,DPA,IL,AGL,CE,Towers with Radar,0,4,35,0,39,0,5,38,0,43,0,9,73,0,82,95,0,95,177
01/12/2009,DPA,IL,AGL,CE,Towers with Radar,0,6,38,0,44,0,2,0,0,2,0,8,38,0,46,2,0,2,48
01/13/2009,DPA,IL,AGL,CE,Towers with Radar,0,50,46,0,96,0,7,62,1,70,0,57,108,1,166,52,0,52,218
01/14/2009,DPA,IL,AGL,CE,Towers with Radar,0,43,64,0,107,0,3,8,0,11,0,46,72,0,118,2,0,2,120
01/15/2009,DPA,IL,AGL,CE,Towers with Radar,0,39,46,0,85,0,1,28,0,29,0,40,74,0,114,36,0,36,150
01/16/2009,DPA,IL,AGL,CE,Towers with Radar,0,35,36,0,71,0,1,34,0,35,0,36,70,0,106,0,0,0,106
01/17/2009,DPA,IL,AGL,CE,Towers with Radar,0,9,18,0,27,0,0,2,0,2,0,9,20,0,29,42,0,42,71
01/18/2009,DPA,IL,AGL,CE,Towers with Radar,0,7,35,0,42,0,0,87,0,87,0,7,122,0,129,100,0,100,229
01/19/2009,DPA,IL,AGL,CE,Towers with Radar,0,13,39,0,52,0,0,71,0,71,0,13,110,0,123,28,0,28,151
01/20/2009,DPA,IL,AGL,CE,Towers with Radar,2,27,37,0,66,0,2,86,0,88,2,29,123,0,154,68,0,68,222
01/21/2009,DPA,IL,AGL,CE,Towers with Radar,0,39,53,0,92,0,2,95,0,97,0,41,148,0,189,74,0,74,263
01/22/2009,DPA,IL,AGL,CE,Towers with Radar,0,38,55,0,93,0,1,92,0,93,0,39,147,0,186,70,0,70,256
01/23/2009,DPA,IL,AGL,CE,Towers with Radar,0,31,54,0,85,0,9,52,0,61,0,40,106,0,146,68,0,68,214
01/24/2009,DPA,IL,AGL,CE,Towers with Radar,0,11,23,0,34,0,0,114,1,115,0,11,137,1,149,94,0,94,243
01/25/2009,DPA,IL,AGL,CE,Towers with Radar,0,6,32,1,39,0,3,71,0,74,0,9,103,1,113,62,0,62,175
01/26/2009,DPA,IL,AGL,CE,Towers with Radar,0,13,47,0,60,0,0,72,0,72,0,13,119,0,132,58,0,58,190
01/27/2009,DPA,IL,AGL,CE,Towers with Radar,2,50,29,0,81,0,0,74,0,74,2,50,103,0,155,50,0,50,205
01/28/2009,DPA,IL,AGL,CE,Towers with Radar,0,37,68,2,107,0,1,88,2,91,0,38,156,4,198,42,0,42,240
01/29/2009,DPA,IL,AGL,CE,Towers with Radar,0,41,63,0,104,0,0,35,0,35,0,41,98,0,139,16,0,16,155
01/30/2009,DPA,IL,AGL,CE,Towers with Radar,0,34,42,0,76,0,1,92,0,93,0,35,134,0,169,88,0,88,257
01/31/2009,DPA,IL,AGL,CE,Towers with Radar,0,15,30,0,45,0,3,91,0,94,0,18,121,0,139,92,0,92,231
02/01/2009,DPA,IL,AGL,CE,Towers with Radar,0,1,17,0,18,0,1,88,0,89,0,2,105,0,107,82,0,82,189
02/02/2009,DPA,IL,AGL,CE,Towers with Radar,0,13,38,0,51,0,11,45,2,58,0,24,83,2,109,14,0,14,123
02/03/2009,DPA,IL,AGL,CE,Towers with Radar,0,43,30,0,73,0,0,58,0,58,0,43,88,0,131,24,0,24,155
02/04/2009,DPA,IL,AGL,CE,Towers with Radar,0,40,46,0,86,0,1,76,0,77,0,41,122,0,163,20,0,20,183
02/05/2009,DPA,IL,AGL,CE,Towers with Radar,0,38,42,0,80,0,3,94,0,97,0,41,136,0,177,50,0,50,227
02/06/2009,DPA,IL,AGL,CE,Towers with Radar,0,42,38,0,80,0,1,102,0,103,0,43,140,0,183,82,0,82,265
02/07/2009,DPA,IL,AGL,CE,Towers with Radar,0,16,24,0,40,0,1,46,0,47,0,17,70,0,87,66,0,66,153
02/08/2009,DPA,IL,AGL,CE,Towers with Radar,0,12,46,0,58,0,0,113,0,113,0,12,159,0,171,166,0,166,337
02/09/2009,DPA,IL,AGL,CE,Towers with Radar,0,9,55,0,64,0,0,26,0,26,0,9,81,0,90,6,0,6,96
02/10/2009,DPA,IL,AGL,CE,Towers with Radar,0,38,60,0,98,0,5,100,2,107,0,43,160,2,205,44,0,44,249
02/11/2009,DPA,IL,AGL,CE,Towers with Radar,0,21,68,0,89,0,0,3,0,3,0,21,71,0,92,18,0,18,110
02/12/2009,DPA,IL,AGL,CE,Towers with Radar,0,43,58,0,101,0,0,63,0,63,0,43,121,0,164,36,0,36,200
02/13/2009,DPA,IL,AGL,CE,Towers with Radar,0,42,43,2,87,0,15,75,1,91,0,57,118,3,178,62,0,62,240
02/14/2009,DPA,IL,AGL,CE,Towers with Radar,1,13,22,0,36,0,1,34,0,35,1,14,56,0,71,88,0,88,159
02/15/2009,DPA,IL,AGL,CE,Towers with Radar,0,5,37,0,42,0,0,66,0,66,0,5,103,0,108,40,0,40,148
02/16/2009,DPA,IL,AGL,CE,Towers with Radar,0,18,54,0,72,0,1,125,0,126,0,19,179,0,198,46,0,46,244
02/17/2009,DPA,IL,AGL,CE,Towers with Radar,0,19,56,0,75,0,0,61,0,61,0,19,117,0,136,6,0,6,142
02/18/2009,DPA,IL,AGL,CE,Towers with Radar,0,48,59,0,107,0,0,2,0,2,0,48,61,0,109,0,0,0,109
02/19/2009,DPA,IL,AGL,CE,Towers with Radar,0,41,54,0,95,0,2,78,0,80,0,43,132,0,175,102,0,102,277
02/20/2009,DPA,IL,AGL,CE,Towers with Radar,0,36,49,0,85,0,1,126,0,127,0,37,175,0,212,40,0,40,252
02/21/2009,DPA,IL,AGL,CE,Towers with Radar,0,15,10,0,25,0,0,0,0,0,0,15,10,0,25,0,0,0,25
02/22/2009,DPA,IL,AGL,CE,Towers with Radar,0,5,37,0,42,0,0,96,0,96,0,5,133,0,138,36,0,36,174
02/23/2009,DPA,IL,AGL,CE,Towers with Radar,0,17,34,0,51,0,3,112,0,115,0,20,146,0,166,56,0,56,222
02/24/2009,DPA,IL,AGL,CE,Towers with Radar,0,40,60,0,100,0,1,117,0,118,0,41,177,0,218,48,0,48,266
02/25/2009,DPA,IL,AGL,CE,Towers with Radar,0,33,64,0,97,0,6,77,0,83,0,39,141,0,180,52,0,52,232
02/26/2009,DPA,IL,AGL,CE,Towers with Radar,0,42,54,0,96,0,1,7,0,8,0,43,61,0,104,0,0,0,104
02/27/2009,DPA,IL,AGL,CE,Towers with Radar,0,53,38,0,91,0,0,38,0,38,0,53,76,0,129,28,0,28,157
02/28/2009,DPA,IL,AGL,CE,Towers with Radar,0,12,27,0,39,0,2,90,0,92,0,14,117,0,131,168,0,168,299
03/01/2009,DPA,IL,AGL,CE,Towers with Radar,0,1,31,0,32,0,2,84,0,86,0,3,115,0,118,106,0,106,224
03/02/2009,DPA,IL,AGL,CE,Towers with Radar,0,7,51,0,58,0,1,59,0,60,0,8,110,0,118,22,0,22,140
03/03/2009,DPA,IL,AGL,CE,Towers with Radar,0,37,47,0,84,0,1,82,0,83,0,38,129,0,167,101,0,101,268
03/04/2009,DPA,IL,AGL,CE,Towers with Radar,0,31,63,0,94,0,3,104,0,107,0,34,167,0,201,84,0,84,285
03/05/2009,DPA,IL,AGL,CE,Towers with Radar,0,36,42,0,78,0,0,48,0,48,0,36,90,0,126,36,0,36,162
03/06/2009,DPA,IL,AGL,CE,Towers with Radar,0,28,48,0,76,0,3,123,0,126,0,31,171,0,202,80,0,80,282
03/07/2009,DPA,IL,AGL,CE,Towers with Radar,0,15,22,0,37,0,0,1,0,1,0,15,23,0,38,4,0,4,42
03/08/2009,DPA,IL,AGL,CE,Towers with Radar,0,3,31,0,34,0,0,0,0,0,0,3,31,0,34,0,0,0,34
03/09/2009,DPA,IL,AGL,CE,Towers with Radar,0,12,52,0,64,0,3,90,0,93,0,15,142,0,157,44,0,44,201
03/10/2009,DPA,IL,AGL,CE,Towers with Radar,0,38,59,0,97,0,0,1,0,1,0,38,60,0,98,18,0,18,116
03/11/2009,DPA,IL,AGL,CE,Towers with Radar,0,30,68,0,98,0,0,78,0,78,0,30,146,0,176,8,0,8,184
03/12/2009,DPA,IL,AGL,CE,Towers with Radar,0,33,58,0,91,0,3,123,1,127,0,36,181,1,218,106,0,106,324
03/13/2009,DPA,IL,AGL,CE,Towers with Radar,0,31,57,0,88,0,5,135,0,140,0,36,192,0,228,60,0,60,288
03/14/2009,DPA,IL,AGL,CE,Towers with Radar,0,15,34,0,49,0,1,215,0,216,0,16,249,0,265,215,0,215,480
03/15/2009,DPA,IL,AGL,CE,Towers with Radar,0,4,42,0,46,0,2,118,0,120,0,6,160,0,166,140,0,140,306
03/16/2009,DPA,IL,AGL,CE,Towers with Radar,0,10,46,0,56,0,4,108,0,112,0,14,154,0,168,111,0,111,279
03/17/2009,DPA,IL,AGL,CE,Towers with Radar,0,33,32,0,65,0,4,63,0,67,0,37,95,0,132,27,0,27,159
03/18/2009,DPA,IL,AGL,CE,Towers with Radar,0,39,38,0,77,0,0,73,0,73,0,39,111,0,150,70,0,70,220
03/19/2009,DPA,IL,AGL,CE,Towers with Radar,0,37,58,0,95,0,1,119,0,120,0,38,177,0,215,62,0,62,277
03/20/2009,DPA,IL,AGL,CE,Towers with Radar,0,40,33,0,73,0,1,153,0,154,0,41,186,0,227,92,0,92,319
03/21/2009,DPA,IL,AGL,CE,Towers with Radar,0,14,36,0,50,0,0,183,0,183,0,14,219,0,233,84,0,84,317
03/22/2009,DPA,IL,AGL,CE,Towers with Radar,0,6,34,0,40,0,2,151,0,153,0,8,185,0,193,128,0,128,321
03/23/2009,DPA,IL,AGL,CE,Towers with Radar,0,10,30,0,40,0,0,53,0,53,0,10,83,0,93,44,0,44,137
03/24/2009,DPA,IL,AGL,CE,Towers with Radar,0,36,33,0,69,0,2,20,0,22,0,38,53,0,91,2,0,2,93
03/25/2009,DPA,IL,AGL,CE,Towers with Radar,0,39,49,0,88,0,2,74,0,76,0,41,123,0,164,40,0,40,204
03/26/2009,DPA,IL,AGL,CE,Towers with Radar,0,38,40,0,78,0,3,144,0,147,0,41,184,0,225,74,0,74,299
03/27/2009,DPA,IL,AGL,CE,Towers with Radar,0,34,54,0,88,0,0,100,0,100,0,34,154,0,188,74,0,74,262
03/28/2009,DPA,IL,AGL,CE,Towers with Radar,0,17,34,0,51,0,0,20,0,20,0,17,54,0,71,36,0,36,107
03/29/2009,DPA,IL,AGL,CE,Towers with Radar,0,5,22,0,27,0,0,15,0,15,0,5,37,0,42,4,0,4,46
03/30/2009,DPA,IL,AGL,CE,Towers with Radar,0,6,40,0,46,0,2,104,0,106,0,8,144,0,152,68,0,68,220
03/31/2009,DPA,IL,AGL,CE,Towers with Radar,0,37,42,0,79,0,18,20,0,38,0,55,62,0,117,26,0,26,143
04/01/2009,DPA,IL,AGL,CE,Towers with Radar,0,40,40,0,80,0,0,78,0,78,0,40,118,0,158,24,0,24,182
04/02/2009,DPA,IL,AGL,CE,Towers with Radar,0,35,52,0,87,0,1,60,0,61,0,36,112,0,148,65,0,65,213
04/03/2009,DPA,IL,AGL,CE,Towers with Radar,0,37,36,0,73,0,1,86,0,87,0,38,122,0,160,50,0,50,210
04/04/2009,DPA,IL,AGL,CE,Towers with Radar,0,19,43,0,62,0,6,165,0,171,0,25,208,0,233,134,0,134,367
04/05/2009,DPA,IL,AGL,CE,Towers with Radar,0,7,28,0,35,0,2,13,0,15,0,9,41,0,50,34,0,34,84
04/06/2009,DPA,IL,AGL,CE,Towers with Radar,0,14,35,0,49,0,0,19,0,19,0,14,54,0,68,4,0,4,72
04/07/2009,DPA,IL,AGL,CE,Towers with Radar,0,29,51,0,80,0,1,89,0,90,0,30,140,0,170,72,0,72,242
04/08/2009,DPA,IL,AGL,CE,Towers with Radar,0,46,66,0,112,0,4,122,0,126,0,50,188,0,238,80,0,80,318
04/09/2009,DPA,IL,AGL,CE,Towers with Radar,0,50,77,0,127,0,4,154,0,158,0,54,231,0,285,85,0,85,370
04/10/2009,DPA,IL,AGL,CE,Towers with Radar,0,29,44,0,73,0,5,71,0,76,0,34,115,0,149,40,0,40,189
04/11/2009,DPA,IL,AGL,CE,Towers with Radar,0,12,28,0,40,0,1,150,0,151,0,13,178,0,191,192,0,192,383
04/12/2009,DPA,IL,AGL,CE,Towers with Radar,0,8,14,0,22,0,3,75,0,78,0,11,89,0,100,74,0,74,174
04/13/2009,DPA,IL,AGL,CE,Towers with Radar,0,7,49,0,56,0,0,9,0,9,0,7,58,0,65,4,0,4,69
04/14/2009,DPA,IL,AGL,CE,Towers with Radar,0,41,54,0,95,0,1,31,0,32,0,42,85,0,127,32,0,32,159
04/15/2009,DPA,IL,AGL,CE,Towers with Radar,0,42,46,0,88,0,4,133,0,137,0,46,179,0,225,34,0,34,259
04/16/2009,DPA,IL,AGL,CE,Towers with Radar,0,34,64,0,98,0,1,170,0,171,0,35,234,0,269,138,0,138,407
04/17/2009,DPA,IL,AGL,CE,Towers with Radar,0,29,42,0,71,0,5,189,0,194,0,34,231,0,265,70,0,70,335
04/18/2009,DPA,IL,AGL,CE,Towers with Radar,0,14,36,0,50,0,0,133,1,134,0,14,169,1,184,132,0,132,316
04/19/2009,DPA,IL,AGL,CE,Towers with Radar,0,7,59,0,66,0,0,1,0,1,0,7,60,0,67,0,0,0,67
04/20/2009,DPA,IL,AGL,CE,Towers with Radar,0,6,60,0,66,0,5,41,0,46,0,11,101,0,112,18,0,18,130
04/21/2009,DPA,IL,AGL,CE,Towers with Radar,0,37,35,0,72,0,2,13,0,15,0,39,48,0,87,8,0,8,95
04/22/2009,DPA,IL,AGL,CE,Towers with Radar,0,35,44,0,79,0,11,122,2,135,0,46,166,2,214,70,0,70,284
04/23/2009,DPA,IL,AGL,CE,Towers with Radar,0,51,31,0,82,0,6,127,0,133,0,57,158,0,215,64,0,64,279
04/24/2009,DPA,IL,AGL,CE,Towers with Radar,0,27,48,0,75,0,2,94,0,96,0,29,142,0,171,54,0,54,225
04/25/2009,DPA,IL,AGL,CE,Towers with Radar,0,10,22,0,32,0,4,17,0,21,0,14,39,0,53,32,0,32,85
04/26/2009,DPA,IL,AGL,CE,Towers with Radar,0,12,31,0,43,0,1,19,0,20,0,13,50,0,63,62,0,62,125
04/27/2009,DPA,IL,AGL,CE,Towers with Radar,0,10,39,0,49,0,0,28,0,28,0,10,67,0,77,42,0,42,119
04/28/2009,DPA,IL,AGL,CE,Towers with Radar,0,37,49,0,86,0,7,96,0,103,0,44,145,0,189,81,0,81,270
04/29/2009,DPA,IL,AGL,CE,Towers with Radar,0,42,104,0,146,0,0,17,0,17,0,42,121,0,163,56,0,56,219
04/30/2009,DPA,IL,AGL,CE,Towers with Radar,0,31,69,0,100,0,3,10,0,13,0,34,79,0,113,16,0,16,129
05/01/2009,DPA,IL,AGL,CE,Towers with Radar,0,44,60,0,104,0,3,104,0,107,0,47,164,0,211,93,0,93,304
05/02/2009,DPA,IL,AGL,CE,Towers with Radar,0,17,28,0,45,0,3,185,0,188,0,20,213,0,233,68,0,68,301
05/03/2009,DPA,IL,AGL,CE,Towers with Radar,0,10,29,0,39,0,1,149,0,150,0,11,178,0,189,156,0,156,345
05/04/2009,DPA,IL,AGL,CE,Towers with Radar,0,13,47,0,60,0,1,138,0,139,0,14,185,0,199,91,0,91,290
05/05/2009,DPA,IL,AGL,CE,Towers with Radar,0,32,65,0,97,0,4,181,1,186,0,36,246,1,283,154,0,154,437
05/06/2009,DPA,IL,AGL,CE,Towers with Radar,0,36,51,0,87,0,3,65,0,68,0,39,116,0,155,46,0,46,201
05/07/2009,DPA,IL,AGL,CE,Towers with Radar,0,43,62,2,107,0,10,103,0,113,0,53,165,2,220,118,0,118,338
05/08/2009,DPA,IL,AGL,CE,Towers with Radar,0,40,64,0,104,0,4,142,9,155,0,44,206,9,259,115,0,115,374
05/09/2009,DPA,IL,AGL,CE,Towers with Radar,0,15,32,0,47,0,0,52,2,54,0,15,84,2,101,50,0,50,151
05/10/2009,DPA,IL,AGL,CE,Towers with Radar,0,2,27,0,29,0,1,90,26,117,0,3,117,26,146,104,0,104,250
05/11/2009,DPA,IL,AGL,CE,Towers with Radar,0,10,61,0,71,0,4,122,10,136,0,14,183,10,207,64,0,64,271
05/12/2009,DPA,IL,AGL,CE,Towers with Radar,0,38,70,0,108,0,2,140,7,149,0,40,210,7,257,82,0,82,339
05/13/2009,DPA,IL,AGL,CE,Towers with Radar,0,28,58,1,87,0,0,4,3,7,0,28,62,4,94,0,2,2,96
05/14/2009,DPA,IL,AGL,CE,Towers with Radar,0,30,74,0,104,0,5,158,9,172,0,35,232,9,276,144,0,144,420
05/15/2009,DPA,IL,AGL,CE,Towers with Radar,0,38,41,0,79,0,2,25,6,33,0,40,66,6,112,2,0,2,114
05/16/2009,DPA,IL,AGL,CE,Towers with Radar,0,16,31,0,47,0,0,70,3,73,0,16,101,3,120,94,0,94,214
05/17/2009,DPA,IL,AGL,CE,Towers with Radar,0,7,27,0,34,0,1,166,6,173,0,8,193,6,207,134,0,134,341
05/18/2009,DPA,IL,AGL,CE,Towers with Radar,0,10,38,1,49,0,2,114,3,119,0,12,152,4,168,102,0,102,270
05/19/2009,DPA,IL,AGL,CE,Towers with Radar,0,35,71,3,109,0,8,136,3,147,0,43,207,6,256,178,0,178,434
05/20/2009,DPA,IL,AGL,CE,Towers with Radar,0,34,66,5,105,0,8,138,3,149,0,42,204,8,254,38,2,40,294
05/21/2009,DPA,IL,AGL,CE,Towers with Radar,0,47,61,0,108,0,12,115,0,127,0,59,176,0,235,188,0,188,423
05/22/2009,DPA,IL,AGL,CE,Towers with Radar,0,37,64,0,101,0,7,119,0,126,0,44,183,0,227,71,0,71,298
05/23/2009,DPA,IL,AGL,CE,Towers with Radar,0,14,25,0,39,0,3,145,0,148,0,17,170,0,187,180,0,180,367
05/24/2009,DPA,IL,AGL,CE,Towers with Radar,0,3,27,0,30,0,4,92,0,96,0,7,119,0,126,90,0,90,216
05/25/2009,DPA,IL,AGL,CE,Towers with Radar,0,14,31,0,45,0,3,65,0,68,0,17,96,0,113,30,0,30,143
05/26/2009,DPA,IL,AGL,CE,Towers with Radar,0,9,51,0,60,0,3,44,0,47,0,12,95,0,107,10,0,10,117
05/27/2009,DPA,IL,AGL,CE,Towers with Radar,0,53,91,0,144,0,1,4,0,5,0,54,95,0,149,82,0,82,231
05/28/2009,DPA,IL,AGL,CE,Towers with Radar,0,44,70,0,114,0,5,71,0,76,0,49,141,0,190,156,0,156,346
05/29/2009,DPA,IL,AGL,CE,Towers with Radar,0,35,58,0,93,0,7,170,0,177,0,42,228,0,270,142,0,142,412
05/30/2009,DPA,IL,AGL,CE,Towers with Radar,0,12,37,0,49,0,2,161,0,163,0,14,198,0,212,126,0,126,338
05/31/2009,DPA,IL,AGL,CE,Towers with Radar,0,7,31,0,38,0,7,158,0,165,0,14,189,0,203,168,0,168,371
06/01/2009,DPA,IL,AGL,CE,Towers with Radar,0,9,32,0,41,0,0,45,0,45,0,9,77,0,86,32,0,32,118
06/02/2009,DPA,IL,AGL,CE,Towers with Radar,0,34,41,0,75,0,4,81,0,85,0,38,122,0,160,40,0,40,200
06/03/2009,DPA,IL,AGL,CE,Towers with Radar,0,39,56,3,98,0,5,122,0,127,0,44,178,3,225,60,0,60,285
06/04/2009,DPA,IL,AGL,CE,Towers with Radar,0,35,48,0,83,0,12,172,5,189,0,47,220,5,272,130,0,130,402
06/05/2009,DPA,IL,AGL,CE,Towers with Radar,0,34,48,0,82,0,5,160,3,168,0,39,208,3,250,81,0,81,331
06/06/2009,DPA,IL,AGL,CE,Towers with Radar,0,14,36,0,50,0,1,113,0,114,0,15,149,0,164,112,0,112,276
06/07/2009,DPA,IL,AGL,CE,Towers with Radar,0,4,45,0,49,0,0,58,0,58,0,4,103,0,107,44,0,44,151
06/08/2009,DPA,IL,AGL,CE,Towers with Radar,0,9,52,0,61,0,0,24,6,30,0,9,76,6,91,34,0,34,125
06/09/2009,DPA,IL,AGL,CE,Towers with Radar,0,37,71,0,108,0,3,87,0,90,0,40,158,0,198,137,0,137,335
06/10/2009,DPA,IL,AGL,CE,Towers with Radar,0,38,46,0,84,0,6,91,3,100,0,44,137,3,184,78,0,78,262
06/11/2009,DPA,IL,AGL,CE,Towers with Radar,0,30,77,0,107,0,13,73,0,86,0,43,150,0,193,122,0,122,315
06/12/2009,DPA,IL,AGL,CE,Towers with Radar,0,30,54,0,84,0,1,152,0,153,0,31,206,0,237,191,0,191,428
06/13/2009,DPA,IL,AGL,CE,Towers with Radar,0,15,42,0,57,0,0,46,0,46,0,15,88,0,103,63,0,63,166
06/14/2009,DPA,IL,AGL,CE,Towers with Radar,0,8,30,0,38,0,0,177,2,179,0,8,207,2,217,117,6,123,340
06/15/2009,DPA,IL,AGL,CE,Towers with Radar,0,9,50,0,59,0,4,102,0,106,0,13,152,0,165,102,0,102,267
06/16/2009,DPA,IL,AGL,CE,Towers with Radar,0,45,63,0,108,0,2,54,0,56,0,47,117,0,164,71,0,71,235
06/17/2009,DPA,IL,AGL,CE,Towers with Radar,0,33,69,0,102,0,0,96,2,98,0,33,165,2,200,58,0,58,258
06/18/2009,DPA,IL,AGL,CE,Towers with Radar,0,34,68,0,102,0,7,96,0,103,0,41,164,0,205,86,0,86,291
06/19/2009,DPA,IL,AGL,CE,Towers with Radar,0,30,49,0,79,0,3,23,0,26,0,33,72,0,105,22,0,22,127
06/20/2009,DPA,IL,AGL,CE,Towers with Radar,0,16,44,0,60,0,0,148,0,148,0,16,192,0,208,136,0,136,344
06/21/2009,DPA,IL,AGL,CE,Towers with Radar,0,2,31,0,33,0,2,111,0,113,0,4,142,0,146,80,0,80,226
06/22/2009,DPA,IL,AGL,CE,Towers with Radar,2,12,68,1,83,0,2,92,0,94,2,14,160,1,177,88,0,88,265
06/23/2009,DPA,IL,AGL,CE,Towers with Radar,0,40,81,0,121,0,0,153,0,153,0,40,234,0,274,182,0,182,456
06/24/2009,DPA,IL,AGL,CE,Towers with Radar,0,38,64,0,102,0,2,154,0,156,0,40,218,0,258,94,0,94,352
06/25/2009,DPA,IL,AGL,CE,Towers with Radar,0,28,58,0,86,0,5,82,0,87,0,33,140,0,173,90,0,90,263
06/26/2009,DPA,IL,AGL,CE,Towers with Radar,0,19,70,0,89,0,7,170,0,177,0,26,240,0,266,114,0,114,380
06/27/2009,DPA,IL,AGL,CE,Towers with Radar,0,20,42,0,62,0,3,140,3,146,0,23,182,3,208,82,0,82,290
06/28/2009,DPA,IL,AGL,CE,Towers with Radar,0,8,42,0,50,0,3,73,0,76,0,11,115,0,126,170,0,170,296
06/29/2009,DPA,IL,AGL,CE,Towers with Radar,0,11,55,0,66,0,6,88,0,94,0,17,143,0,160,68,0,68,228
06/30/2009,DPA,IL,AGL,CE,Towers with Radar,0,39,50,0,89,0,1,137,0,138,0,40,187,0,227,298,0,298,525
07/01/2009,DPA,IL,AGL,CE,Towers with Radar,0,37,59,0,96,0,8,89,0,97,0,45,148,0,193,118,0,118,311
07/02/2009,DPA,IL,AGL,CE,Towers with Radar,0,40,52,0,92,0,11,120,0,131,0,51,172,0,223,118,0,118,341
07/03/2009,DPA,IL,AGL,CE,Towers with Radar,0,26,40,0,66,0,6,179,0,185,0,32,219,0,251,152,0,152,403
07/04/2009,DPA,IL,AGL,CE,Towers with Radar,0,15,18,0,33,0,1,33,0,34,0,16,51,0,67,48,0,48,115
07/05/2009,DPA,IL,AGL,CE,Towers with Radar,0,6,37,0,43,0,2,129,0,131,0,8,166,0,174,67,0,67,241
07/06/2009,DPA,IL,AGL,CE,Towers with Radar,0,14,42,2,58,0,1,143,0,144,0,15,185,2,202,63,0,63,265
07/07/2009,DPA,IL,AGL,CE,Towers with Radar,0,36,48,0,84,0,3,96,0,99,0,39,144,0,183,56,0,56,239
07/08/2009,DPA,IL,AGL,CE,Towers with Radar,0,33,75,0,108,0,5,59,0,64,0,38,134,0,172,128,0,128,300
07/09/2009,DPA,IL,AGL,CE,Towers with Radar,0,30,81,0,111,0,10,163,0,173,0,40,244,0,284,104,0,104,388
07/10/2009,DPA,IL,AGL,CE,Towers with Radar,0,33,44,0,77,0,3,57,0,60,0,36,101,0,137,91,0,91,228
07/11/2009,DPA,IL,AGL,CE,Towers with Radar,0,9,29,0,38,0,2,112,0,114,0,11,141,0,152,132,0,132,284
07/12/2009,DPA,IL,AGL,CE,Towers with Radar,0,6,41,0,47,0,0,128,0,128,0,6,169,0,175,140,0,140,315
07/13/2009,DPA,IL,AGL,CE,Towers with Radar,0,10,38,0,48,0,3,137,0,140,0,13,175,0,188,93,0,93,281
07/14/2009,DPA,IL,AGL,CE,Towers with Radar,0,38,56,0,94,0,0,0,0,0,0,38,56,0,94,104,0,104,198
07/15/2009,DPA,IL,AGL,CE,Towers with Radar,0,36,72,0,108,0,6,100,0,106,0,42,172,0,214,212,0,212,426
07/16/2009,DPA,IL,AGL,CE,Towers with Radar,0,38,73,0,111,0,2,144,0,146,0,40,217,0,257,136,0,136,393
07/17/2009,DPA,IL,AGL,CE,Towers with Radar,0,30,51,0,81,0,5,78,0,83,0,35,129,0,164,50,0,50,214
07/18/2009,DPA,IL,AGL,CE,Towers with Radar,0,14,45,0,59,0,2,104,0,106,0,16,149,0,165,72,0,72,237
07/19/2009,DPA,IL,AGL,CE,Towers with Radar,0,9,49,0,58,0,0,118,0,118,0,9,167,0,176,96,0,96,272
07/20/2009,DPA,IL,AGL,CE,Towers with Radar,0,11,44,0,55,0,5,122,0,127,0,16,166,0,182,92,0,92,274
07/21/2009,DPA,IL,AGL,CE,Towers with Radar,0,40,58,0,98,0,4,135,1,140,0,44,193,1,238,126,0,126,364
07/22/2009,DPA,IL,AGL,CE,Towers with Radar,0,36,85,0,121,0,6,84,1,91,0,42,169,1,212,144,0,144,356
07/23/2009,DPA,IL,AGL,CE,Towers with Radar,0,34,69,0,103,0,1,57,0,58,0,35,126,0,161,96,0,96,257
07/24/2009,DPA,IL,AGL,CE,Towers with Radar,0,34,59,0,93,0,7,121,0,128,0,41,180,0,221,96,0,96,317
07/25/2009,DPA,IL,AGL,CE,Towers with Radar,0,14,37,0,51,0,3,140,0,143,0,17,177,0,194,152,0,152,346
07/26/2009,DPA,IL,AGL,CE,Towers with Radar,0,0,33,0,33,0,2,161,0,163,0,2,194,0,196,124,0,124,320
07/27/2009,DPA,IL,AGL,CE,Towers with Radar,0,9,30,0,39,0,3,140,0,143,0,12,170,0,182,116,0,116,298
07/28/2009,DPA,IL,AGL,CE,Towers with Radar,0,30,32,0,62,0,3,118,0,121,0,33,150,0,183,106,0,106,289
07/29/2009,DPA,IL,AGL,CE,Towers with Radar,0,34,60,0,94,0,3,150,0,153,0,37,210,0,247,154,0,154,401
07/30/2009,DPA,IL,AGL,CE,Towers with Radar,0,33,55,0,88,0,4,88,0,92,0,37,143,0,180,88,0,88,268
07/31/2009,DPA,IL,AGL,CE,Towers with Radar,0,32,51,0,83,0,16,150,0,166,0,48,201,0,249,82,0,82,331
08/01/2009,DPA,IL,AGL,CE,Towers with Radar,0,14,26,0,40,0,2,74,2,78,0,16,100,2,118,110,0,110,228
08/02/2009,DPA,IL,AGL,CE,Towers with Radar,0,5,19,0,24,0,2,138,0,140,0,7,157,0,164,110,0,110,274
08/03/2009,DPA,IL,AGL,CE,Towers with Radar,0,11,48,0,59,0,8,91,0,99,0,19,139,0,158,38,0,38,196
08/04/2009,DPA,IL,AGL,CE,Towers with Radar,0,34,39,0,73,0,1,114,0,115,0,35,153,0,188,88,0,88,276
08/05/2009,DPA,IL,AGL,CE,Towers with Radar,0,34,58,0,92,0,7,151,0,158,0,41,209,0,250,190,0,190,440
08/06/2009,DPA,IL,AGL,CE,Towers with Radar,0,34,79,0,113,0,4,127,0,131,0,38,206,0,244,137,0,137,381
08/07/2009,DPA,IL,AGL,CE,Towers with Radar,0,34,42,0,76,0,5,28,0,33,0,39,70,0,109,60,0,60,169
08/08/2009,DPA,IL,AGL,CE,Towers with Radar,0,14,44,3,61,0,2,51,2,55,0,16,95,5,116,74,0,74,190
08/09/2009,DPA,IL,AGL,CE,Towers with Radar,0,9,43,0,52,0,2,70,0,72,0,11,113,0,124,59,0,59,183
08/10/2009,DPA,IL,AGL,CE,Towers with Radar,0,15,57,0,72,0,0,80,0,80,0,15,137,0,152,118,0,118,270
08/11/2009,DPA,IL,AGL,CE,Towers with Radar,0,69,35,0,104,0,4,130,0,134,0,73,165,0,238,138,0,138,376
08/12/2009,DPA,IL,AGL,CE,Towers with Radar,0,27,64,0,91,0,12,174,0,186,0,39,238,0,277,178,0,178,455
08/13/2009,DPA,IL,AGL,CE,Towers with Radar,0,37,73,0,110,0,1,166,0,167,0,38,239,0,277,96,0,96,373
08/14/2009,DPA,IL,AGL,CE,Towers with Radar,0,30,53,0,83,0,7,152,0,159,0,37,205,0,242,142,0,142,384
08/15/2009,DPA,IL,AGL,CE,Towers with Radar,0,14,31,0,45,0,1,141,0,142,0,15,172,0,187,82,0,82,269
08/16/2009,DPA,IL,AGL,CE,Towers with Radar,0,10,32,0,42,0,2,47,0,49,0,12,79,0,91,14,0,14,105
08/17/2009,DPA,IL,AGL,CE,Towers with Radar,1,6,68,0,75,0,3,40,0,43,1,9,108,0,118,54,0,54,172
08/18/2009,DPA,IL,AGL,CE,Towers with Radar,0,34,74,0,108,0,5,146,0,151,0,39,220,0,259,79,0,79,338
08/19/2009,DPA,IL,AGL,CE,Towers with Radar,0,30,55,0,85,0,0,56,0,56,0,30,111,0,141,70,0,70,211
08/20/2009,DPA,IL,AGL,CE,Towers with Radar,0,0,90,0,90,0,0,52,0,52,0,0,142,0,142,0,10,10,152
08/21/2009,DPA,IL,AGL,CE,Towers with Radar,0,29,63,0,92,0,3,42,1,46,0,32,105,1,138,52,0,52,190
08/22/2009,DPA,IL,AGL,CE,Towers with Radar,1,17,53,2,73,0,4,153,2,159,1,21,206,4,232,90,0,90,322
08/23/2009,DPA,IL,AGL,CE,Towers with Radar,0,3,40,1,44,0,2,180,1,183,0,5,220,2,227,176,0,176,403
08/24/2009,DPA,IL,AGL,CE,Towers with Radar,0,17,50,0,67,0,3,127,0,130,0,20,177,0,197,79,0,79,276
08/25/2009,DPA,IL,AGL,CE,Towers with Radar,0,40,62,0,102,0,5,131,0,136,0,45,193,0,238,108,0,108,346
08/26/2009,DPA,IL,AGL,CE,Towers with Radar,0,38,70,0,108,0,2,23,0,25,0,40,93,0,133,0,0,0,133
08/27/2009,DPA,IL,AGL,CE,Towers with Radar,0,48,65,0,113,0,0,19,4,23,0,48,84,4,136,6,0,6,142
08/28/2009,DPA,IL,AGL,CE,Towers with Radar,0,35,76,0,111,0,0,18,0,18,0,35,94,0,129,54,0,54,183
08/29/2009,DPA,IL,AGL,CE,Towers with Radar,0,14,36,0,50,0,4,93,0,97,0,18,129,0,147,143,0,143,290
08/30/2009,DPA,IL,AGL,CE,Towers with Radar,0,10,24,0,34,0,2,134,0,136,0,12,158,0,170,188,0,188,358
08/31/2009,DPA,IL,AGL,CE,Towers with Radar,0,19,48,2,69,0,8,139,0,147,0,27,187,2,216,124,0,124,340
09/01/2009,DPA,IL,AGL,CE,Towers with Radar,0,42,47,0,89,0,2,128,1,131,0,44,175,1,220,80,0,80,300
09/02/2009,DPA,IL,AGL,CE,Towers with Radar,0,34,56,0,90,0,13,151,0,164,0,47,207,0,254,160,0,160,414
09/03/2009,DPA,IL,AGL,CE,Towers with Radar,0,34,58,0,92,0,5,126,0,131,0,39,184,0,223,92,0,92,315
09/04/2009,DPA,IL,AGL,CE,Towers with Radar,0,43,69,0,112,0,5,167,0,172,0,48,236,0,284,82,0,82,366
09/05/2009,DPA,IL,AGL,CE,Towers with Radar,0,15,32,0,47,0,2,107,0,109,0,17,139,0,156,76,0,76,232
09/06/2009,DPA,IL,AGL,CE,Towers with Radar,0,2,15,0,17,0,1,78,0,79,0,3,93,0,96,56,0,56,152
09/07/2009,DPA,IL,AGL,CE,Towers with Radar,0,5,48,0,53,0,1,134,0,135,0,6,182,0,188,52,0,52,240
09/08/2009,DPA,IL,AGL,CE,Towers with Radar,0,16,52,0,68,0,4,94,0,98,0,20,146,0,166,130,0,130,296
09/09/2009,DPA,IL,AGL,CE,Towers with Radar,0,43,57,0,100,0,1,69,0,70,0,44,126,0,170,132,0,132,302
09/10/2009,DPA,IL,AGL,CE,Towers with Radar,0,40,81,0,121,0,4,89,0,93,0,44,170,0,214,92,0,92,306
09/11/2009,DPA,IL,AGL,CE,Towers with Radar,0,37,59,0,96,0,3,119,0,122,0,40,178,0,218,86,0,86,304
09/12/2009,DPA,IL,AGL,CE,Towers with Radar,0,16,52,0,68,0,6,159,0,165,0,22,211,0,233,102,0,102,335
09/13/2009,DPA,IL,AGL,CE,Towers with Radar,0,9,36,0,45,0,3,115,0,118,0,12,151,0,163,46,0,46,209
09/14/2009,DPA,IL,AGL,CE,Towers with Radar,0,7,54,2,63,0,10,106,0,116,0,17,160,2,179,42,0,42,221
09/15/2009,DPA,IL,AGL,CE,Towers with Radar,0,32,42,0,74,0,8,103,0,111,0,40,145,0,185,62,0,62,247
09/16/2009,DPA,IL,AGL,CE,Towers with Radar,0,33,54,2,89,0,6,109,2,117,0,39,163,4,206,86,0,86,292
09/17/2009,DPA,IL,AGL,CE,Towers with Radar,0,26,70,0,96,0,10,142,0,152,0,36,212,0,248,80,0,80,328
09/18/2009,DPA,IL,AGL,CE,Towers with Radar,0,31,56,0,87,0,6,157,0,163,0,37,213,0,250,99,0,99,349
09/19/2009,DPA,IL,AGL,CE,Towers with Radar,0,13,24,0,37,0,3,132,0,135,0,16,156,0,172,138,0,138,310
09/20/2009,DPA,IL,AGL,CE,Towers with Radar,0,3,44,0,47,0,1,87,0,88,0,4,131,0,135,40,0,40,175
09/21/2009,DPA,IL,AGL,CE,Towers with Radar,0,24,64,0,88,0,3,21,0,24,0,27,85,0,112,10,0,10,122
09/22/2009,DPA,IL,AGL,CE,Towers with Radar,0,35,71,0,106,0,0,50,2,52,0,35,121,2,158,60,4,64,222
09/23/2009,DPA,IL,AGL,CE,Towers with Radar,0,40,80,0,120,0,1,59,0,60,0,41,139,0,180,100,0,100,280
09/24/2009,DPA,IL,AGL,CE,Towers with Radar,0,35,89,2,126,0,1,75,1,77,0,36,164,3,203,79,0,79,282
09/25/2009,DPA,IL,AGL,CE,Towers with Radar,0,28,62,0,90,0,5,57,0,62,0,33,119,0,152,40,0,40,192
09/26/2009,DPA,IL,AGL,CE,Towers with Radar,0,16,56,0,72,0,1,50,0,51,0,17,106,0,123,100,0,100,223
09/27/2009,DPA,IL,AGL,CE,Towers with Radar,0,11,38,0,49,0,1,110,1,112,0,12,148,1,161,70,0,70,231
09/28/2009,DPA,IL,AGL,CE,Towers with Radar,0,6,46,0,52,0,8,17,0,25,0,14,63,0,77,0,0,0,77
09/29/2009,DPA,IL,AGL,CE,Towers with Radar,1,37,55,0,93,0,2,89,0,91,1,39,144,0,184,89,0,89,273
09/30/2009,DPA,IL,AGL,CE,Towers with Radar,0,32,76,0,108,0,5,175,1,181,0,37,251,1,289,88,0,88,377
10/01/2009,DPA,IL,AGL,CE,Towers with Radar,0,35,61,0,96,0,3,72,0,75,0,38,133,0,171,54,0,54,225
10/02/2009,DPA,IL,AGL,CE,Towers with Radar,0,39,62,0,101,0,3,42,0,45,0,42,104,0,146,27,0,27,173
10/03/2009,DPA,IL,AGL,CE,Towers with Radar,0,20,54,0,74,0,2,38,1,41,0,22,92,1,115,100,0,100,215
10/04/2009,DPA,IL,AGL,CE,Towers with Radar,0,16,58,0,74,0,2,88,1,91,0,18,146,1,165,97,0,97,262
10/05/2009,DPA,IL,AGL,CE,Towers with Radar,0,18,41,0,59,0,2,118,0,120,0,20,159,0,179,131,0,131,310
10/06/2009,DPA,IL,AGL,CE,Towers with Radar,0,40,44,0,84,0,3,29,1,33,0,43,73,1,117,14,0,14,131
10/07/2009,DPA,IL,AGL,CE,Towers with Radar,0,37,58,0,95,0,4,148,0,152,0,41,206,0,247,123,0,123,370
10/08/2009,DPA,IL,AGL,CE,Towers with Radar,0,38,95,0,133,0,0,33,7,40,0,38,128,7,173,36,14,50,223
10/09/2009,DPA,IL,AGL,CE,Towers with Radar,0,33,80,0,113,0,0,43,0,43,0,33,123,0,156,82,0,82,238
10/10/2009,DPA,IL,AGL,CE,Towers with Radar,0,26,32,0,58,0,6,140,0,146,0,32,172,0,204,186,0,186,390
10/11/2009,DPA,IL,AGL,CE,Towers with Radar,0,7,38,0,45,0,4,115,0,119,0,11,153,0,164,106,0,106,270
10/12/2009,DPA,IL,AGL,CE,Towers with Radar,0,14,35,0,49,0,6,92,0,98,0,20,127,0,147,84,0,84,231
10/13/2009,DPA,IL,AGL,CE,Towers with Radar,0,28,62,0,90,0,5,157,0,162,0,33,219,0,252,138,0,138,390
10/14/2009,DPA,IL,AGL,CE,Towers with Radar,0,36,53,0,89,0,12,79,0,91,0,48,132,0,180,130,0,130,310
10/15/2009,DPA,IL,AGL,CE,Towers with Radar,0,31,46,0,77,0,3,10,1,14,0,34,56,1,91,72,0,72,163
10/16/2009,DPA,IL,AGL,CE,Towers with Radar,0,27,45,0,72,0,1,60,0,61,0,28,105,0,133,70,0,70,203
10/17/2009,DPA,IL,AGL,CE,Towers with Radar,0,11,19,0,30,0,4,121,0,125,0,15,140,0,155,104,0,104,259
10/18/2009,DPA,IL,AGL,CE,Towers with Radar,0,6,30,0,36,0,1,172,0,173,0,7,202,0,209,139,0,139,348
10/19/2009,DPA,IL,AGL,CE,Towers with Radar,0,9,55,0,64,0,8,115,0,123,0,17,170,0,187,98,0,98,285
10/20/2009,DPA,IL,AGL,CE,Towers with Radar,0,31,80,0,111,0,8,133,0,141,0,39,213,0,252,245,0,245,497
10/21/2009,DPA,IL,AGL,CE,Towers with Radar,0,35,55,3,93,0,2,100,2,104,0,37,155,5,197,24,0,24,221
10/22/2009,DPA,IL,AGL,CE,Towers with Radar,0,37,68,0,105,0,1,11,0,12,0,38,79,0,117,14,0,14,131
10/23/2009,DPA,IL,AGL,CE,Towers with Radar,0,29,60,0,89,0,0,0,0,0,0,29,60,0,89,0,0,0,89
10/24/2009,DPA,IL,AGL,CE,Towers with Radar,0,14,38,0,52,0,0,36,0,36,0,14,74,0,88,70,0,70,158
10/25/2009,DPA,IL,AGL,CE,Towers with Radar,0,3,27,0,30,0,0,111,0,111,0,3,138,0,141,144,0,144,285
10/26/2009,DPA,IL,AGL,CE,Towers with Radar,0,11,44,0,55,0,1,27,0,28,0,12,71,0,83,58,0,58,141
10/27/2009,DPA,IL,AGL,CE,Towers with Radar,0,38,83,0,121,0,8,66,0,74,0,46,149,0,195,90,0,90,285
10/28/2009,DPA,IL,AGL,CE,Towers with Radar,0,42,73,0,115,0,0,41,0,41,0,42,114,0,156,144,0,144,300
10/29/2009,DPA,IL,AGL,CE,Towers with Radar,0,27,64,0,91,0,5,53,0,58,0,32,117,0,149,106,0,106,255
10/30/2009,DPA,IL,AGL,CE,Towers with Radar,0,33,42,0,75,0,0,0,0,0,0,33,42,0,75,8,0,8,83
10/31/2009,DPA,IL,AGL,CE,Towers with Radar,0,13,23,0,36,0,1,69,0,70,0,14,92,0,106,106,0,106,212
11/01/2009,DPA,IL,AGL,CE,Towers with Radar,0,4,33,0,37,0,0,142,0,142,0,4,175,0,179,260,0,260,439
11/02/2009,DPA,IL,AGL,CE,Towers with Radar,0,14,36,0,50,0,5,103,0,108,0,19,139,0,158,56,0,56,214
11/03/2009,DPA,IL,AGL,CE,Towers with Radar,0,39,65,0,104,0,8,145,0,153,0,47,210,0,257,98,0,98,355
11/04/2009,DPA,IL,AGL,CE,Towers with Radar,0,32,46,0,78,0,5,93,0,98,0,37,139,0,176,66,0,66,242
11/05/2009,DPA,IL,AGL,CE,Towers with Radar,0,36,60,0,96,0,4,104,0,108,0,40,164,0,204,72,0,72,276
11/06/2009,DPA,IL,AGL,CE,Towers with Radar,0,36,63,0,99,0,3,69,0,72,0,39,132,0,171,80,0,80,251
11/07/2009,DPA,IL,AGL,CE,Towers with Radar,2,16,41,0,59,0,7,154,0,161,2,23,195,0,220,124,0,124,344
11/08/2009,DPA,IL,AGL,CE,Towers with Radar,0,7,37,0,44,0,5,161,0,166,0,12,198,0,210,263,0,263,473
11/09/2009,DPA,IL,AGL,CE,Towers with Radar,0,18,39,0,57,0,5,88,0,93,0,23,127,0,150,62,0,62,212
11/10/2009,DPA,IL,AGL,CE,Towers with Radar,0,32,55,0,87,0,3,103,0,106,0,35,158,0,193,123,0,123,316
11/11/2009,DPA,IL,AGL,CE,Towers with Radar,0,43,52,0,95,0,2,104,0,106,0,45,156,0,201,119,0,119,320
11/12/2009,DPA,IL,AGL,CE,Towers with Radar,0,22,57,0,79,0,3,113,0,116,0,25,170,0,195,109,0,109,304
11/13/2009,DPA,IL,AGL,CE,Towers with Radar,0,34,44,0,78,0,9,104,0,113,0,43,148,0,191,26,0,26,217
11/14/2009,DPA,IL,AGL,CE,Towers with Radar,0,35,13,0,48,0,4,110,0,114,0,39,123,0,162,226,0,226,388
11/15/2009,DPA,IL,AGL,CE,Towers with Radar,0,11,41,0,52,0,5,89,0,94,0,16,130,0,146,232,0,232,378
11/16/2009,DPA,IL,AGL,CE,Towers with Radar,0,11,40,0,51,0,11,69,0,80,0,22,109,0,131,22,0,22,153
11/17/2009,DPA,IL,AGL,CE,Towers with Radar,0,42,55,2,99,0,3,79,0,82,0,45,134,2,181,42,10,52,233
11/18/2009,DPA,IL,AGL,CE,Towers with Radar,0,34,58,0,92,0,2,18,1,21,0,36,76,1,113,20,0,20,133
11/19/2009,DPA,IL,AGL,CE,Towers with Radar,0,39,84,0,123,0,0,26,0,26,0,39,110,0,149,50,0,50,199
11/20/2009,DPA,IL,AGL,CE,Towers with Radar,0,42,65,1,108,0,16,120,0,136,0,58,185,1,244,62,0,62,306
11/21/2009,DPA,IL,AGL,CE,Towers with Radar,0,18,36,0,54,0,2,158,0,160,0,20,194,0,214,184,0,184,398
11/22/2009,DPA,IL,AGL,CE,Towers with Radar,0,7,29,1,37,0,0,130,0,130,0,7,159,1,167,222,0,222,389
11/23/2009,DPA,IL,AGL,CE,Towers with Radar,2,24,50,0,76,0,0,7,0,7,2,24,57,0,83,32,0,32,115
11/24/2009,DPA,IL,AGL,CE,Towers with Radar,0,43,47,0,90,0,0,1,0,1,0,43,48,0,91,0,0,0,91
11/25/2009,DPA,IL,AGL,CE,Towers with Radar,0,33,50,0,83,0,0,1,0,1,0,33,51,0,84,28,0,28,112
11/26/2009,DPA,IL,AGL,CE,Towers with Radar,0,28,7,0,35,0,0,11,0,11,0,28,18,0,46,0,0,0,46
11/27/2009,DPA,IL,AGL,CE,Towers with Radar,0,7,30,0,37,0,9,138,0,147,0,16,168,0,184,92,0,92,276
11/28/2009,DPA,IL,AGL,CE,Towers with Radar,0,20,32,0,52,0,9,194,0,203,0,29,226,0,255,140,0,140,395
11/29/2009,DPA,IL,AGL,CE,Towers with Radar,0,8,68,0,76,0,1,6,0,7,0,9,74,0,83,6,0,6,89
11/30/2009,DPA,IL,AGL,CE,Towers with Radar,0,11,42,0,53,0,10,88,0,98,0,21,130,0,151,36,0,36,187
12/01/2009,DPA,IL,AGL,CE,Towers with Radar,0,44,60,0,104,0,10,123,0,133,0,54,183,0,237,123,0,123,360
12/02/2009,DPA,IL,AGL,CE,Towers with Radar,0,37,69,2,108,0,3,68,0,71,0,40,137,2,179,110,0,110,289
12/03/2009,DPA,IL,AGL,CE,Towers with Radar,0,39,61,0,100,0,4,52,0,56,0,43,113,0,156,116,0,116,272
12/04/2009,DPA,IL,AGL,CE,Towers with Radar,0,34,49,0,83,0,11,79,0,90,0,45,128,0,173,62,0,62,235
12/05/2009,DPA,IL,AGL,CE,Towers with Radar,0,19,24,0,43,0,10,142,0,152,0,29,166,0,195,110,0,110,305
12/06/2009,DPA,IL,AGL,CE,Towers with Radar,0,8,28,0,36,0,5,108,0,113,0,13,136,0,149,65,0,65,214
12/07/2009,DPA,IL,AGL,CE,Towers with Radar,0,10,47,0,57,0,1,21,0,22,0,11,68,0,79,8,0,8,87
12/08/2009,DPA,IL,AGL,CE,Towers with Radar,0,34,48,0,82,0,0,5,0,5,0,34,53,0,87,14,0,14,101
12/09/2009,DPA,IL,AGL,CE,Towers with Radar,0,27,27,0,54,0,0,0,0,0,0,27,27,0,54,0,0,0,54
12/10/2009,DPA,IL,AGL,CE,Towers with Radar,0,42,62,0,104,0,6,57,0,63,0,48,119,0,167,0,0,0,167
12/11/2009,DPA,IL,AGL,CE,Towers with Radar,0,35,38,0,73,0,5,71,0,76,0,40,109,0,149,72,0,72,221
12/12/2009,DPA,IL,AGL,CE,Towers with Radar,0,22,26,0,48,0,7,106,0,113,0,29,132,0,161,94,0,94,255
12/13/2009,DPA,IL,AGL,CE,Towers with Radar,0,8,29,0,37,0,3,2,0,5,0,11,31,0,42,34,0,34,76
12/14/2009,DPA,IL,AGL,CE,Towers with Radar,0,4,53,0,57,0,0,0,0,0,0,4,53,0,57,0,0,0,57
12/15/2009,DPA,IL,AGL,CE,Towers with Radar,0,31,88,0,119,0,9,87,0,96,0,40,175,0,215,88,0,88,303
12/16/2009,DPA,IL,AGL,CE,Towers with Radar,0,31,75,0,106,0,12,102,0,114,0,43,177,0,220,162,0,162,382
12/17/2009,DPA,IL,AGL,CE,Towers with Radar,0,29,65,0,94,0,14,116,0,130,0,43,181,0,224,122,0,122,346
12/18/2009,DPA,IL,AGL,CE,Towers with Radar,0,29,47,0,76,0,3,12,0,15,0,32,59,0,91,8,0,8,99
12/19/2009,DPA,IL,AGL,CE,Towers with Radar,0,13,37,0,50,0,1,4,0,5,0,14,41,0,55,12,0,12,67
12/20/2009,DPA,IL,AGL,CE,Towers with Radar,0,5,32,0,37,0,0,24,0,24,0,5,56,0,61,170,0,170,231
12/21/2009,DPA,IL,AGL,CE,Towers with Radar,0,14,38,0,52,0,2,25,1,28,0,16,63,1,80,174,0,174,254
12/22/2009,DPA,IL,AGL,CE,Towers with Radar,0,37,27,0,64,0,0,0,0,0,0,37,27,0,64,0,0,0,64
12/23/2009,DPA,IL,AGL,CE,Towers with Radar,0,26,23,0,49,0,0,0,0,0,0,26,23,0,49,0,0,0,49
12/24/2009,DPA,IL,AGL,CE,Towers with Radar,0,33,7,0,40,0,0,0,0,0,0,33,7,0,40,0,0,0,40
12/25/2009,DPA,IL,AGL,CE,Towers with Radar,0,20,11,0,31,0,0,0,0,0,0,20,11,0,31,0,0,0,31
12/26/2009,DPA,IL,AGL,CE,Towers with Radar,0,15,34,0,49,0,1,0,0,1,0,16,34,0,50,0,0,0,50
12/27/2009,DPA,IL,AGL,CE,Towers with Radar,0,17,21,0,38,0,0,0,0,0,0,17,21,0,38,60,0,60,98
12/28/2009,DPA,IL,AGL,CE,Towers with Radar,0,15,24,0,39,0,7,50,2,59,0,22,74,2,98,56,0,56,154
12/29/2009,DPA,IL,AGL,CE,Towers with Radar,0,35,33,0,68,0,9,173,4,186,0,44,206,4,254,160,0,160,414
12/30/2009,DPA,IL,AGL,CE,Towers with Radar,0,30,50,0,80,0,0,27,0,27,0,30,77,0,107,20,0,20,127
12/31/2009,DPA,IL,AGL,CE,Towers with Radar,0,23,13,0,36,0,5,8,1,14,0,28,21,1,50,48,0,48,98
01/01/2010,DPA,IL,AGL,CE,Towers with Radar,0,14,15,0,29,0,7,32,0,39,0,21,47,0,68,11,0,11,79
01/02/2010,DPA,IL,AGL,CE,Towers with Radar,0,8,27,0,35,0,0,95,0,95,0,8,122,0,130,22,0,22,152
01/03/2010,DPA,IL,AGL,CE,Towers with Radar,0,9,35,0,44,0,4,67,0,71,0,13,102,0,115,38,0,38,153
01/04/2010,DPA,IL,AGL,CE,Towers with Radar,0,13,26,0,39,0,8,82,0,90,0,21,108,0,129,52,0,52,181
01/05/2010,DPA,IL,AGL,CE,Towers with Radar,0,31,42,0,73,0,2,79,0,81,0,33,121,0,154,90,0,90,244
01/06/2010,DPA,IL,AGL,CE,Towers with Radar,0,44,52,0,96,0,4,18,0,22,0,48,70,0,118,86,0,86,204
01/07/2010,DPA,IL,AGL,CE,Towers with Radar,2,27,34,0,63,0,0,0,0,0,2,27,34,0,63,0,0,0,63
01/08/2010,DPA,IL,AGL,CE,Towers with Radar,0,25,45,0,70,0,9,52,0,61,0,34,97,0,131,22,0,22,153
01/09/2010,DPA,IL,AGL,CE,Towers with Radar,0,18,27,0,45,0,4,91,0,95,0,22,118,0,140,101,0,101,241
01/10/2010,DPA,IL,AGL,CE,Towers with Radar,0,2,35,0,37,0,2,73,0,75,0,4,108,0,112,24,0,24,136
01/11/2010,DPA,IL,AGL,CE,Towers with Radar,0,11,33,0,44,0,3,63,0,66,0,14,96,0,110,68,0,68,178
01/12/2010,DPA,IL,AGL,CE,Towers with Radar,0,30,65,0,95,0,13,122,0,135,0,43,187,0,230,92,0,92,322
01/13/2010,DPA,IL,AGL,CE,Towers with Radar,0,37,39,0,76,0,10,73,0,83,0,47,112,0,159,56,0,56,215
01/14/2010,DPA,IL,AGL,CE,Towers with Radar,0,35,45,0,80,0,3,41,0,44,0,38,86,0,124,157,0,157,281
01/15/2010,DPA,IL,AGL,CE,Towers with Radar,0,25,37,0,62,0,2,9,0,11,0,27,46,0,73,32,0,32,105
01/16/2010,DPA,IL,AGL,CE,Towers with Radar,0,14,22,0,36,0,0,0,0,0,0,14,22,0,36,4,0,4,40
01/17/2010,DPA,IL,AGL,CE,Towers with Radar,0,2,12,0,14,0,0,0,0,0,0,2,12,0,14,0,0,0,14
01/18/2010,DPA,IL,AGL,CE,Towers with Radar,0,8,42,0,50,0,0,0,0,0,0,8,42,0,50,0,0,0,50
01/19/2010,DPA,IL,AGL,CE,Towers with Radar,0,28,40,0,68,0,0,6,114,120,0,28,46,114,188,165,0,165,353
01/20/2010,DPA,IL,AGL,CE,Towers with Radar,0,40,36,0,76,0,3,28,0,31,0,43,64,0,107,84,0,84,191
01/21/2010,DPA,IL,AGL,CE,Towers with Radar,0,28,35,0,63,0,2,17,0,19,0,30,52,0,82,57,0,57,139
01/22/2010,DPA,IL,AGL,CE,Towers with Radar,0,31,65,0,96,0,1,5,0,6,0,32,70,0,102,0,0,0,102
01/23/2010,DPA,IL,AGL,CE,Towers with Radar,2,22,27,0,51,0,0,0,0,0,2,22,27,0,51,0,0,0,51
01/24/2010,DPA,IL,AGL,CE,Towers with Radar,0,6,17,0,23,0,0,1,0,1,0,6,18,0,24,0,0,0,24
01/25/2010,DPA,IL,AGL,CE,Towers with Radar,0,13,45,0,58,0,6,25,0,31,0,19,70,0,89,59,0,59,148
01/26/2010,DPA,IL,AGL,CE,Towers with Radar,0,30,46,0,76,0,3,41,0,44,0,33,87,0,120,82,0,82,202
01/27/2010,DPA,IL,AGL,CE,Towers with Radar,0,28,47,0,75,0,6,31,0,37,0,34,78,0,112,47,0,47,159
01/28/2010,DPA,IL,AGL,CE,Towers with Radar,0,32,69,0,101,0,4,85,2,91,0,36,154,2,192,24,0,24,216
01/29/2010,DPA,IL,AGL,CE,Towers with Radar,0,34,41,0,75,0,5,69,0,74,0,39,110,0,149,81,0,81,230
01/30/2010,DPA,IL,AGL,CE,Towers with Radar,0,14,31,0,45,0,9,89,0,98,0,23,120,0,143,152,0,152,295
01/31/2010,DPA,IL,AGL,CE,Towers with Radar,0,4,27,0,31,0,1,146,0,147,0,5,173,0,178,132,0,132,310
02/01/2010,DPA,IL,AGL,CE,Towers with Radar,0,15,35,0,50,0,7,71,0,78,0,22,106,0,128,82,0,82,210
02/02/2010,DPA,IL,AGL,CE,Towers with Radar,0,29,42,0,71,0,0,1,0,1,0,29,43,0,72,28,0,28,100
02/03/2010,DPA,IL,AGL,CE,Towers with Radar,0,34,51,0,85,0,7,98,0,105,0,41,149,0,190,78,0,78,268
02/04/2010,DPA,IL,AGL,CE,Towers with Radar,0,35,65,0,100,0,3,102,0,105,0,38,167,0,205,138,0,138,343
02/05/2010,DPA,IL,AGL,CE,Towers with Radar,0,38,45,0,83,0,0,25,0,25,0,38,70,0,108,12,0,12,120
02/06/2010,DPA,IL,AGL,CE,Towers with Radar,0,17,19,0,36,0,5,64,0,69,0,22,83,0,105,20,0,20,125
02/07/2010,DPA,IL,AGL,CE,Towers with Radar,0,6,28,0,34,0,5,120,0,125,0,11,148,0,159,160,0,160,319
02/08/2010,DPA,IL,AGL,CE,Towers with Radar,0,4,26,0,30,0,4,50,0,54,0,8,76,0,84,59,0,59,143
02/09/2010,DPA,IL,AGL,CE,Towers with Radar,0,24,37,0,61,0,0,0,0,0,0,24,37,0,61,0,0,0,61
02/10/2010,DPA,IL,AGL,CE,Towers with Radar,0,30,39,0,69,0,3,42,0,45,0,33,81,0,114,6,0,6,120
02/11/2010,DPA,IL,AGL,CE,Towers with Radar,0,41,70,0,111,0,12,123,0,135,0,53,193,0,246,96,0,96,342
02/12/2010,DPA,IL,AGL,CE,Towers with Radar,0,37,54,0,91,0,2,80,11,93,0,39,134,11,184,56,0,56,240
02/13/2010,DPA,IL,AGL,CE,Towers with Radar,0,12,21,0,33,0,2,149,0,151,0,14,170,0,184,104,0,104,288
02/14/2010,DPA,IL,AGL,CE,Towers with Radar,0,0,21,0,21,0,7,95,0,102,0,7,116,0,123,73,0,73,196
02/15/2010,DPA,IL,AGL,CE,Towers with Radar,0,21,62,0,83,0,8,47,0,55,0,29,109,0,138,64,0,64,202
02/16/2010,DPA,IL,AGL,CE,Towers with Radar,0,33,41,1,75,0,3,104,1,108,0,36,145,2,183,118,6,124,307
02/17/2010,DPA,IL,AGL,CE,Towers with Radar,0,33,57,1,91,0,2,95,2,99,0,35,152,3,190,92,0,92,282
02/18/2010,DPA,IL,AGL,CE,Towers with Radar,0,33,46,0,79,0,9,136,0,145,0,42,182,0,224,106,0,106,330
02/19/2010,DPA,IL,AGL,CE,Towers with Radar,0,32,43,0,75,0,13,135,0,148,0,45,178,0,223,130,0,130,353
02/20/2010,DPA,IL,AGL,CE,Towers with Radar,0,17,25,0,42,0,0,2,0,2,0,17,27,0,44,8,0,8,52
02/21/2010,DPA,IL,AGL,CE,Towers with Radar,0,6,39,0,45,0,0,1,0,1,0,6,40,0,46,0,0,0,46
02/22/2010,DPA,IL,AGL,CE,Towers with Radar,0,17,23,0,40,0,4,4,0,8,0,21,27,0,48,0,0,0,48
02/23/2010,DPA,IL,AGL,CE,Towers with Radar,0,49,37,0,86,0,3,65,0,68,0,52,102,0,154,170,0,170,324
02/24/2010,DPA,IL,AGL,CE,Towers with Radar,0,38,30,0,68,0,7,24,3,34,0,45,54,3,102,8,0,8,110
02/25/2010,DPA,IL,AGL,CE,Towers with Radar,0,41,34,0,75,0,7,110,0,117,0,48,144,0,192,85,0,85,277
02/26/2010,DPA,IL,AGL,CE,Towers with Radar,0,48,42,0,90,0,12,131,0,143,0,60,173,0,233,108,0,108,341
02/27/2010,DPA,IL,AGL,CE,Towers with Radar,0,13,28,0,41,0,3,46,0,49,0,16,74,0,90,112,0,112,202
02/28/2010,DPA,IL,AGL,CE,Towers with Radar,0,8,27,0,35,0,8,112,0,120,0,16,139,0,155,196,0,196,351
03/01/2010,DPA,IL,AGL,CE,Towers with Radar,0,15,32,0,47,0,12,30,0,42,0,27,62,0,89,76,0,76,165
03/02/2010,DPA,IL,AGL,CE,Towers with Radar,0,37,40,0,77,0,9,105,0,114,0,46,145,0,191,122,0,122,313
03/03/2010,DPA,IL,AGL,CE,Towers with Radar,0,39,57,0,96,0,4,115,0,119,0,43,172,0,215,75,0,75,290
03/04/2010,DPA,IL,AGL,CE,Towers with Radar,0,38,39,0,77,0,5,155,0,160,0,43,194,0,237,54,0,54,291
03/05/2010,DPA,IL,AGL,CE,Towers with Radar,0,24,61,0,85,0,6,130,0,136,0,30,191,0,221,110,0,110,331
03/06/2010,DPA,IL,AGL,CE,Towers with Radar,0,16,26,0,42,0,9,237,0,246,0,25,263,0,288,220,0,220,508
03/07/2010,DPA,IL,AGL,CE,Towers with Radar,0,6,26,0,32,0,0,24,0,24,0,6,50,0,56,74,0,74,130
03/08/2010,DPA,IL,AGL,CE,Towers with Radar,0,6,43,0,49,0,4,8,0,12,0,10,51,0,61,10,0,10,71
03/09/2010,DPA,IL,AGL,CE,Towers with Radar,0,17,54,0,71,0,10,45,2,57,0,27,99,2,128,62,16,78,206
03/10/2010,DPA,IL,AGL,CE,Towers with Radar,0,68,49,0,117,0,11,29,0,40,0,79,78,0,157,45,0,45,202
03/11/2010,DPA,IL,AGL,CE,Towers with Radar,0,45,54,0,99,0,9,28,0,37,0,54,82,0,136,42,0,42,178
03/12/2010,DPA,IL,AGL,CE,Towers with Radar,0,42,35,0,77,0,7,79,0,86,0,49,114,0,163,55,0,55,218
03/13/2010,DPA,IL,AGL,CE,Towers with Radar,0,22,30,0,52,0,0,0,0,0,0,22,30,0,52,0,0,0,52
03/14/2010,DPA,IL,AGL,CE,Towers with Radar,0,4,29,0,33,0,2,49,0,51,0,6,78,0,84,72,0,72,156
03/15/2010,DPA,IL,AGL,CE,Towers with Radar,0,14,63,0,77,0,6,108,0,114,0,20,171,0,191,70,0,70,261
03/16/2010,DPA,IL,AGL,CE,Towers with Radar,0,40,60,0,100,0,9,147,1,157,0,49,207,1,257,164,0,164,421
03/17/2010,DPA,IL,AGL,CE,Towers with Radar,0,31,63,1,95,0,5,135,0,140,0,36,198,1,235,172,0,172,407
03/18/2010,DPA,IL,AGL,CE,Towers with Radar,0,27,45,0,72,0,4,146,0,150,0,31,191,0,222,62,0,62,284
03/19/2010,DPA,IL,AGL,CE,Towers with Radar,0,28,42,0,70,0,3,102,0,105,0,31,144,0,175,90,0,90,265
03/20/2010,DPA,IL,AGL,CE,Towers with Radar,0,12,23,0,35,0,0,0,0,0,0,12,23,0,35,0,0,0,35
03/21/2010,DPA,IL,AGL,CE,Towers with Radar,0,10,26,0,36,0,0,64,0,64,0,10,90,0,100,86,0,86,186
03/22/2010,DPA,IL,AGL,CE,Towers with Radar,0,5,27,0,32,0,11,88,0,99,0,16,115,0,131,103,0,103,234
03/23/2010,DPA,IL,AGL,CE,Towers with Radar,0,41,58,0,99,0,7,136,0,143,0,48,194,0,242,114,0,114,356
03/24/2010,DPA,IL,AGL,CE,Towers with Radar,0,32,58,0,90,0,14,98,1,113,0,46,156,1,203,61,0,61,264
03/25/2010,DPA,IL,AGL,CE,Towers with Radar,0,30,38,0,68,0,9,51,0,60,0,39,89,0,128,7,0,7,135
03/26/2010,DPA,IL,AGL,CE,Towers with Radar,0,36,52,0,88,0,10,122,0,132,0,46,174,0,220,131,0,131,351
03/27/2010,DPA,IL,AGL,CE,Towers with Radar,0,20,37,0,57,0,2,125,0,127,0,22,162,0,184,154,0,154,338
03/28/2010,DPA,IL,AGL,CE,Towers with Radar,0,4,28,0,32,0,2,48,0,50,0,6,76,0,82,57,0,57,139
03/29/2010,DPA,IL,AGL,CE,Towers with Radar,0,16,49,0,65,0,9,77,0,86,0,25,126,0,151,64,0,64,215
03/30/2010,DPA,IL,AGL,CE,Towers with Radar,0,29,43,0,72,0,8,100,0,108,0,37,143,0,180,42,0,42,222
03/31/2010,DPA,IL,AGL,CE,Towers with Radar,0,34,32,0,66,0,9,86,0,95,0,43,118,0,161,44,0,44,205
04/01/2010,DPA,IL,AGL,CE,Towers with Radar,0,26,61,0,87,0,13,71,0,84,0,39,132,0,171,24,0,24,195
04/02/2010,DPA,IL,AGL,CE,Towers with Radar,0,33,28,0,61,0,10,75,0,85,0,43,103,0,146,40,0,40,186
04/03/2010,DPA,IL,AGL,CE,Towers with Radar,0,17,34,0,51,0,3,61,0,64,0,20,95,0,115,56,0,56,171
04/04/2010,DPA,IL,AGL,CE,Towers with Radar,0,6,20,0,26,0,0,30,0,30,0,6,50,0,56,0,0,0,56
04/05/2010,DPA,IL,AGL,CE,Towers with Radar,0,18,47,0,65,0,10,84,0,94,0,28,131,0,159,115,0,115,274
04/06/2010,DPA,IL,AGL,CE,Towers with Radar,0,29,44,0,73,0,4,41,0,45,0,33,85,0,118,18,0,18,136
04/07/2010,DPA,IL,AGL,CE,Towers with Radar,0,46,47,0,93,0,0,0,0,0,0,46,47,0,93,0,0,0,93
04/08/2010,DPA,IL,AGL,CE,Towers with Radar,0,40,32,4,76,0,5,67,8,80,0,45,99,12,156,48,0,48,204
04/09/2010,DPA,IL,AGL,CE,Towers with Radar,0,27,46,0,73,0,14,168,5,187,0,41,214,5,260,71,0,71,331
04/10/2010,DPA,IL,AGL,CE,Towers with Radar,0,17,45,0,62,0,0,139,0,139,0,17,184,0,201,173,0,173,374
04/11/2010,DPA,IL,AGL,CE,Towers with Radar,0,10,39,0,49,0,8,130,0,138,0,18,169,0,187,120,0,120,307
04/12/2010,DPA,IL,AGL,CE,Towers with Radar,0,14,43,0,57,0,6,101,0,107,0,20,144,0,164,28,0,28,192
04/13/2010,DPA,IL,AGL,CE,Towers with Radar,0,24,56,0,80,0,8,128,0,136,0,32,184,0,216,214,0,214,430
04/14/2010,DPA,IL,AGL,CE,Towers with Radar,0,29,55,0,84,0,11,113,0,124,0,40,168,0,208,80,0,80,288
04/15/2010,DPA,IL,AGL,CE,Towers with Radar,0,38,56,0,94,0,8,69,0,77,0,46,125,0,171,40,0,40,211
04/16/2010,DPA,IL,AGL,CE,Towers with Radar,0,41,58,0,99,0,5,108,0,113,0,46,166,0,212,68,0,68,280
04/17/2010,DPA,IL,AGL,CE,Towers with Radar,0,16,37,0,53,0,4,152,0,156,0,20,189,0,209,80,0,80,289
04/18/2010,DPA,IL,AGL,CE,Towers with Radar,0,8,65,0,73,0,4,203,0,207,0,12,268,0,280,144,0,144,424
04/19/2010,DPA,IL,AGL,CE,Towers with Radar,0,19,53,0,72,0,18,84,2,104,0,37,137,2,176,90,0,90,266
04/20/2010,DPA,IL,AGL,CE,Towers with Radar,0,42,44,0,86,0,6,140,1,147,0,48,184,1,233,88,0,88,321
04/21/2010,DPA,IL,AGL,CE,Towers with Radar,0,32,49,0,81,0,6,90,0,96,0,38,139,0,177,130,0,130,307
04/22/2010,DPA,IL,AGL,CE,Towers with Radar,0,39,64,0,103,0,19,98,0,117,0,58,162,0,220,91,0,91,311
04/23/2010,DPA,IL,AGL,CE,Towers with Radar,1,39,47,0,87,0,5,61,0,66,1,44,108,0,153,38,0,38,191
04/24/2010,DPA,IL,AGL,CE,Towers with Radar,0,16,43,0,59,0,0,0,0,0,0,16,43,0,59,0,0,0,59
04/25/2010,DPA,IL,AGL,CE,Towers with Radar,0,6,57,0,63,0,0,6,0,6,0,6,63,0,69,76,0,76,145
04/26/2010,DPA,IL,AGL,CE,Towers with Radar,0,8,42,0,50,0,3,84,0,87,0,11,126,0,137,128,0,128,265
04/27/2010,DPA,IL,AGL,CE,Towers with Radar,0,33,46,0,79,0,10,76,0,86,0,43,122,0,165,40,0,40,205
04/28/2010,DPA,IL,AGL,CE,Towers with Radar,0,35,38,0,73,0,14,137,0,151,0,49,175,0,224,122,0,122,346
04/29/2010,DPA,IL,AGL,CE,Towers with Radar,0,42,36,5,83,0,7,43,0,50,0,49,79,5,133,34,0,34,167
04/30/2010,DPA,IL,AGL,CE,Towers with Radar,0,36,34,0,70,0,5,35,0,40,0,41,69,0,110,48,0,48,158
05/01/2010,DPA,IL,AGL,CE,Towers with Radar,0,22,28,0,50,0,5,107,0,112,0,27,135,0,162,124,0,124,286
05/02/2010,DPA,IL,AGL,CE,Towers with Radar,0,12,43,0,55,0,1,82,0,83,0,13,125,0,138,94,0,94,232
05/03/2010,DPA,IL,AGL,CE,Towers with Radar,0,21,40,0,61,0,12,101,0,113,0,33,141,0,174,66,0,66,240
05/04/2010,DPA,IL,AGL,CE,Towers with Radar,0,43,60,0,103,0,14,69,0,83,0,57,129,0,186,35,0,35,221
05/05/2010,DPA,IL,AGL,CE,Towers with Radar,0,38,66,0,104,0,10,77,0,87,0,48,143,0,191,31,0,31,222
05/06/2010,DPA,IL,AGL,CE,Towers with Radar,0,37,85,0,122,0,13,113,2,128,0,50,198,2,250,92,0,92,342
05/07/2010,DPA,IL,AGL,CE,Towers with Radar,0,29,68,0,97,0,5,15,0,20,0,34,83,0,117,64,0,64,181
05/08/2010,DPA,IL,AGL,CE,Towers with Radar,0,16,32,0,48,0,1,37,0,38,0,17,69,0,86,26,0,26,112
05/09/2010,DPA,IL,AGL,CE,Towers with Radar,0,5,36,0,41,0,4,113,0,117,0,9,149,0,158,150,0,150,308
05/10/2010,DPA,IL,AGL,CE,Towers with Radar,4,22,53,0,79,0,10,91,0,101,4,32,144,0,180,25,0,25,205
05/11/2010,DPA,IL,AGL,CE,Towers with Radar,0,32,60,0,92,0,0,0,0,0,0,32,60,0,92,0,0,0,92
05/12/2010,DPA,IL,AGL,CE,Towers with Radar,0,28,64,0,92,0,1,1,0,2,0,29,65,0,94,0,0,0,94
05/13/2010,DPA,IL,AGL,CE,Towers with Radar,0,28,45,6,79,0,3,10,6,19,0,31,55,12,98,36,0,36,134
05/14/2010,DPA,IL,AGL,CE,Towers with Radar,0,33,68,0,101,0,0,145,0,145,0,33,213,0,246,34,0,34,280
05/15/2010,DPA,IL,AGL,CE,Towers with Radar,0,17,26,0,43,0,11,144,0,155,0,28,170,0,198,122,0,122,320
05/16/2010,DPA,IL,AGL,CE,Towers with Radar,0,6,28,1,35,0,1,126,0,127,0,7,154,1,162,85,0,85,247
05/17/2010,DPA,IL,AGL,CE,Towers with Radar,0,13,49,0,62,0,8,65,0,73,0,21,114,0,135,31,0,31,166
05/18/2010,DPA,IL,AGL,CE,Towers with Radar,0,27,53,0,80,0,9,84,2,95,0,36,137,2,175,32,0,32,207
05/19/2010,DPA,IL,AGL,CE,Towers with Radar,0,43,46,0,89,0,16,164,0,180,0,59,210,0,269,166,0,166,435
05/20/2010,DPA,IL,AGL,CE,Towers with Radar,0,36,54,0,90,0,14,143,0,157,0,50,197,0,247,129,0,129,376
05/21/2010,DPA,IL,AGL,CE,Towers with Radar,0,42,46,0,88,0,2,16,0,18,0,44,62,0,106,28,0,28,134
05/22/2010,DPA,IL,AGL,CE,Towers with Radar,0,15,31,0,46,0,9,59,0,68,0,24,90,0,114,129,0,129,243
05/23/2010,DPA,IL,AGL,CE,Towers with Radar,0,4,26,0,30,0,2,135,2,139,0,6,161,2,169,90,0,90,259
05/24/2010,DPA,IL,AGL,CE,Towers with Radar,0,11,56,2,69,0,5,103,1,109,0,16,159,3,178,124,0,124,302
05/25/2010,DPA,IL,AGL,CE,Towers with Radar,0,28,29,0,57,0,15,111,0,126,0,43,140,0,183,99,0,99,282
05/26/2010,DPA,IL,AGL,CE,Towers with Radar,0,32,65,0,97,0,10,119,0,129,0,42,184,0,226,195,0,195,421
05/27/2010,DPA,IL,AGL,CE,Towers with Radar,0,40,59,0,99,0,15,109,2,126,0,55,168,2,225,75,0,75,300
05/28/2010,DPA,IL,AGL,CE,Towers with Radar,2,34,97,0,133,0,2,30,0,32,2,36,127,0,165,14,0,14,179
05/29/2010,DPA,IL,AGL,CE,Towers with Radar,0,27,55,0,82,0,2,32,0,34,0,29,87,0,116,0,0,0,116
05/30/2010,DPA,IL,AGL,CE,Towers with Radar,0,3,48,0,51,0,7,22,0,29,0,10,70,0,80,0,0,0,80
05/31/2010,DPA,IL,AGL,CE,Towers with Radar,0,5,48,0,53,0,2,22,0,24,0,7,70,0,77,12,0,12,89
06/01/2010,DPA,IL,AGL,CE,Towers with Radar,0,19,54,0,73,0,8,90,0,98,0,27,144,0,171,58,0,58,229
06/02/2010,DPA,IL,AGL,CE,Towers with Radar,0,39,62,0,101,0,8,64,4,76,0,47,126,4,177,54,0,54,231
06/03/2010,DPA,IL,AGL,CE,Towers with Radar,0,38,77,2,117,0,2,113,0,115,0,40,190,2,232,102,0,102,334
06/04/2010,DPA,IL,AGL,CE,Towers with Radar,2,25,34,0,61,0,10,49,0,59,2,35,83,0,120,70,0,70,190
06/05/2010,DPA,IL,AGL,CE,Towers with Radar,0,13,17,0,30,0,3,23,0,26,0,16,40,0,56,33,0,33,89
06/06/2010,DPA,IL,AGL,CE,Towers with Radar,0,8,33,0,41,0,9,118,14,141,0,17,151,14,182,127,0,127,309
06/07/2010,DPA,IL,AGL,CE,Towers with Radar,0,19,49,0,68,0,12,110,0,122,0,31,159,0,190,125,0,125,315
06/08/2010,DPA,IL,AGL,CE,Towers with Radar,0,36,66,0,102,0,3,28,0,31,0,39,94,0,133,20,0,20,153
06/09/2010,DPA,IL,AGL,CE,Towers with Radar,0,48,75,0,123,0,14,119,0,133,0,62,194,0,256,96,0,96,352
06/10/2010,DPA,IL,AGL,CE,Towers with Radar,0,54,65,0,119,0,11,114,0,125,0,65,179,0,244,94,0,94,338
06/11/2010,DPA,IL,AGL,CE,Towers with Radar,0,32,43,0,75,0,6,80,0,86,0,38,123,0,161,100,0,100,261
06/12/2010,DPA,IL,AGL,CE,Towers with Radar,0,20,35,0,55,0,2,9,0,11,0,22,44,0,66,42,0,42,108
06/13/2010,DPA,IL,AGL,CE,Towers with Radar,0,10,69,0,79,0,0,20,0,20,0,10,89,0,99,48,0,48,147
06/14/2010,DPA,IL,AGL,CE,Towers with Radar,0,9,77,0,86,0,2,4,0,6,0,11,81,0,92,0,0,0,92
06/15/2010,DPA,IL,AGL,CE,Towers with Radar,0,34,75,0,109,0,0,37,2,39,0,34,112,2,148,102,0,102,250
06/16/2010,DPA,IL,AGL,CE,Towers with Radar,0,52,59,0,111,0,10,195,0,205,0,62,254,0,316,104,0,104,420
06/17/2010,DPA,IL,AGL,CE,Towers with Radar,0,40,61,0,101,0,9,162,0,171,0,49,223,0,272,142,0,142,414
06/18/2010,DPA,IL,AGL,CE,Towers with Radar,0,28,54,0,82,0,3,78,1,82,0,31,132,1,164,34,0,34,198
06/19/2010,DPA,IL,AGL,CE,Towers with Radar,0,16,40,0,56,0,6,189,0,195,0,22,229,0,251,100,0,100,351
06/20/2010,DPA,IL,AGL,CE,Towers with Radar,0,4,45,0,49,0,6,95,0,101,0,10,140,0,150,45,0,45,195
06/21/2010,DPA,IL,AGL,CE,Towers with Radar,0,15,48,0,63,0,4,60,0,64,0,19,108,0,127,114,0,114,241
06/22/2010,DPA,IL,AGL,CE,Towers with Radar,0,28,75,0,103,0,3,92,0,95,0,31,167,0,198,70,0,70,268
06/23/2010,DPA,IL,AGL,CE,Towers with Radar,0,44,54,0,98,0,7,29,0,36,0,51,83,0,134,30,0,30,164
06/24/2010,DPA,IL,AGL,CE,Towers with Radar,0,32,78,0,110,0,5,158,0,163,0,37,236,0,273,118,0,118,391
06/25/2010,DPA,IL,AGL,CE,Towers with Radar,0,31,76,0,107,0,13,157,0,170,0,44,233,0,277,143,0,143,420
06/26/2010,DPA,IL,AGL,CE,Towers with Radar,0,20,40,0,60,0,3,93,0,96,0,23,133,0,156,68,0,68,224
06/27/2010,DPA,IL,AGL,CE,Towers with Radar,0,11,49,0,60,0,1,37,0,38,0,12,86,0,98,23,0,23,121
06/28/2010,DPA,IL,AGL,CE,Towers with Radar,0,10,50,0,60,0,7,152,0,159,0,17,202,0,219,109,0,109,328
06/29/2010,DPA,IL,AGL,CE,Towers with Radar,0,31,58,0,89,0,10,140,0,150,0,41,198,0,239,106,0,106,345
06/30/2010,DPA,IL,AGL,CE,Towers with Radar,0,38,66,0,104,0,11,196,0,207,0,49,262,0,311,216,0,216,527
07/01/2010,DPA,IL,AGL,CE,Towers with Radar,0,38,45,0,83,0,7,131,0,138,0,45,176,0,221,102,0,102,323
07/02/2010,DPA,IL,AGL,CE,Towers with Radar,0,38,48,0,86,0,20,207,0,227,0,58,255,0,313,142,0,142,455
07/03/2010,DPA,IL,AGL,CE,Towers with Radar,0,18,28,0,46,0,5,161,0,166,0,23,189,0,212,154,0,154,366
07/04/2010,DPA,IL,AGL,CE,Towers with Radar,0,2,20,0,22,0,3,89,0,92,0,5,109,0,114,92,0,92,206
07/05/2010,DPA,IL,AGL,CE,Towers with Radar,0,6,40,0,46,0,5,68,0,73,0,11,108,0,119,30,0,30,149
07/06/2010,DPA,IL,AGL,CE,Towers with Radar,0,12,47,0,59,0,8,76,0,84,0,20,123,0,143,116,0,116,259
07/07/2010,DPA,IL,AGL,CE,Towers with Radar,0,33,36,0,69,0,5,87,0,92,0,38,123,0,161,130,0,130,291
07/08/2010,DPA,IL,AGL,CE,Towers with Radar,0,34,70,0,104,0,11,97,0,108,0,45,167,0,212,120,0,120,332
07/09/2010,DPA,IL,AGL,CE,Towers with Radar,0,29,56,0,85,0,9,146,0,155,0,38,202,0,240,140,0,140,380
07/10/2010,DPA,IL,AGL,CE,Towers with Radar,0,13,25,0,38,0,2,151,0,153,0,15,176,0,191,96,0,96,287
07/11/2010,DPA,IL,AGL,CE,Towers with Radar,0,9,47,0,56,0,9,112,0,121,0,18,159,0,177,0,139,139,316
07/12/2010,DPA,IL,AGL,CE,Towers with Radar,0,17,43,0,60,0,6,78,0,84,0,23,121,0,144,155,0,155,299
07/13/2010,DPA,IL,AGL,CE,Towers with Radar,2,24,60,0,86,0,7,136,0,143,2,31,196,0,229,98,0,98,327
07/14/2010,DPA,IL,AGL,CE,Towers with Radar,0,35,58,0,93,0,5,129,0,134,0,40,187,0,227,179,0,179,406
07/15/2010,DPA,IL,AGL,CE,Towers with Radar,0,37,58,0,95,0,18,80,0,98,0,55,138,0,193,136,0,136,329
07/16/2010,DPA,IL,AGL,CE,Towers with Radar,0,29,40,0,69,0,7,129,1,137,0,36,169,1,206,156,0,156,362
07/17/2010,DPA,IL,AGL,CE,Towers with Radar,0,12,29,0,41,0,11,170,0,181,0,23,199,0,222,181,0,181,403
07/18/2010,DPA,IL,AGL,CE,Towers with Radar,0,8,30,0,38,0,2,87,0,89,0,10,117,0,127,122,0,122,249
07/19/2010,DPA,IL,AGL,CE,Towers with Radar,0,15,52,0,67,0,15,87,0,102,0,30,139,0,169,204,0,204,373
07/20/2010,DPA,IL,AGL,CE,Towers with Radar,0,39,57,0,96,0,10,91,0,101,0,49,148,0,197,166,0,166,363
07/21/2010,DPA,IL,AGL,CE,Towers with Radar,0,39,54,0,93,0,8,129,0,137,0,47,183,0,230,181,0,181,411
07/22/2010,DPA,IL,AGL,CE,Towers with Radar,0,37,57,0,94,0,9,78,0,87,0,46,135,0,181,84,0,84,265
07/23/2010,DPA,IL,AGL,CE,Towers with Radar,0,33,39,0,72,0,7,75,0,82,0,40,114,0,154,68,0,68,222
07/24/2010,DPA,IL,AGL,CE,Towers with Radar,0,22,34,0,56,0,48,0,0,48,0,70,34,0,104,38,0,38,142
07/25/2010,DPA,IL,AGL,CE,Towers with Radar,0,13,49,5,67,0,2,179,1,182,0,15,228,6,249,159,0,159,408
07/26/2010,DPA,IL,AGL,CE,Towers with Radar,0,10,41,0,51,0,10,122,0,132,0,20,163,0,183,192,0,192,375
07/27/2010,DPA,IL,AGL,CE,Towers with Radar,0,32,58,2,92,0,5,148,0,153,0,37,206,2,245,204,0,204,449
07/28/2010,DPA,IL,AGL,CE,Towers with Radar,0,32,74,0,106,0,7,86,0,93,0,39,160,0,199,160,0,160,359
07/29/2010,DPA,IL,AGL,CE,Towers with Radar,0,36,68,0,104,0,8,179,0,187,0,44,247,0,291,182,0,182,473
07/30/2010,DPA,IL,AGL,CE,Towers with Radar,0,28,44,3,75,0,16,130,0,146,0,44,174,3,221,127,0,127,348
07/31/2010,DPA,IL,AGL,CE,Towers with Radar,0,18,59,0,77,0,3,73,0,76,0,21,132,0,153,158,0,158,311
08/01/2010,DPA,IL,AGL,CE,Towers with Radar,0,1,56,1,58,0,1,164,2,167,0,2,220,3,225,188,0,188,413
08/02/2010,DPA,IL,AGL,CE,Towers with Radar,0,10,51,8,69,0,17,93,22,132,0,27,144,30,201,151,0,151,352
08/03/2010,DPA,IL,AGL,CE,Towers with Radar,0,34,67,0,101,0,9,62,0,71,0,43,129,0,172,187,0,187,359
08/04/2010,DPA,IL,AGL,CE,Towers with Radar,0,46,67,0,113,0,4,33,0,37,0,50,100,0,150,39,0,39,189
08/05/2010,DPA,IL,AGL,CE,Towers with Radar,0,39,106,3,148,0,11,36,1,48,0,50,142,4,196,4,0,4,200
08/06/2010,DPA,IL,AGL,CE,Towers with Radar,0,27,57,0,84,0,21,159,0,180,0,48,216,0,264,147,0,147,411
08/07/2010,DPA,IL,AGL,CE,Towers with Radar,0,15,33,0,48,0,29,132,0,161,0,44,165,0,209,52,0,52,261
08/08/2010,DPA,IL,AGL,CE,Towers with Radar,0,9,45,2,56,0,5,65,2,72,0,14,110,4,128,75,0,75,203
08/09/2010,DPA,IL,AGL,CE,Towers with Radar,0,12,55,0,67,0,7,96,4,107,0,19,151,4,174,160,0,160,334
08/10/2010,DPA,IL,AGL,CE,Towers with Radar,0,34,44,0,78,0,12,90,6,108,0,46,134,6,186,114,0,114,300
08/11/2010,DPA,IL,AGL,CE,Towers with Radar,0,32,67,0,99,0,12,116,0,128,0,44,183,0,227,93,0,93,320
08/12/2010,DPA,IL,AGL,CE,Towers with Radar,0,31,74,0,105,0,12,141,0,153,0,43,215,0,258,91,0,91,349
08/13/2010,DPA,IL,AGL,CE,Towers with Radar,0,23,40,0,63,0,7,105,0,112,0,30,145,0,175,54,0,54,229
08/14/2010,DPA,IL,AGL,CE,Towers with Radar,0,13,23,0,36,0,1,66,0,67,0,14,89,0,103,109,0,109,212
08/15/2010,DPA,IL,AGL,CE,Towers with Radar,0,7,35,0,42,0,4,93,0,97,0,11,128,0,139,84,0,84,223
08/16/2010,DPA,IL,AGL,CE,Towers with Radar,0,11,49,0,60,0,10,136,0,146,0,21,185,0,206,178,0,178,384
08/17/2010,DPA,IL,AGL,CE,Towers with Radar,0,35,65,4,104,0,9,143,2,154,0,44,208,6,258,99,0,99,357
08/18/2010,DPA,IL,AGL,CE,Towers with Radar,0,45,68,1,114,0,18,153,0,171,0,63,221,1,285,208,0,208,493
08/19/2010,DPA,IL,AGL,CE,Towers with Radar,1,44,45,0,90,0,12,119,0,131,1,56,164,0,221,104,0,104,325
08/20/2010,DPA,IL,AGL,CE,Towers with Radar,0,26,55,0,81,0,8,85,0,93,0,34,140,0,174,114,0,114,288
08/21/2010,DPA,IL,AGL,CE,Towers with Radar,0,14,52,0,66,0,1,73,0,74,0,15,125,0,140,88,0,88,228
08/22/2010,DPA,IL,AGL,CE,Towers with Radar,0,7,40,0,47,0,0,155,0,155,0,7,195,0,202,70,0,70,272
08/23/2010,DPA,IL,AGL,CE,Towers with Radar,0,11,40,0,51,0,11,113,0,124,0,22,153,0,175,115,0,115,290
08/24/2010,DPA,IL,AGL,CE,Towers with Radar,0,32,71,0,103,0,12,143,2,157,0,44,214,2,260,242,0,242,502
08/25/2010,DPA,IL,AGL,CE,Towers with Radar,0,33,53,0,86,0,9,140,0,149,0,42,193,0,235,120,0,120,355
08/26/2010,DPA,IL,AGL,CE,Towers with Radar,0,31,49,0,80,0,21,146,0,167,0,52,195,0,247,76,0,76,323
08/27/2010,DPA,IL,AGL,CE,Towers with Radar,0,27,62,0,89,0,20,136,0,156,0,47,198,0,245,120,0,120,365
08/28/2010,DPA,IL,AGL,CE,Towers with Radar,2,14,23,0,39,0,18,182,0,200,2,32,205,0,239,91,0,91,330
08/29/2010,DPA,IL,AGL,CE,Towers with Radar,0,3,37,0,40,0,2,135,0,137,0,5,172,0,177,54,0,54,231
08/30/2010,DPA,IL,AGL,CE,Towers with Radar,0,15,44,0,59,0,13,81,0,94,0,28,125,0,153,92,0,92,245
08/31/2010,DPA,IL,AGL,CE,Towers with Radar,0,38,69,0,107,0,17,67,0,84,0,55,136,0,191,83,0,83,274
09/01/2010,DPA,IL,AGL,CE,Towers with Radar,0,38,59,0,97,0,3,81,0,84,0,41,140,0,181,172,0,172,353
09/02/2010,DPA,IL,AGL,CE,Towers with Radar,0,35,55,0,90,0,10,56,0,66,0,45,111,0,156,132,0,132,288
09/03/2010,DPA,IL,AGL,CE,Towers with Radar,0,35,37,0,72,0,13,90,0,103,0,48,127,0,175,87,0,87,262
09/04/2010,DPA,IL,AGL,CE,Towers with Radar,0,17,15,0,32,0,7,123,0,130,0,24,138,0,162,70,0,70,232
09/05/2010,DPA,IL,AGL,CE,Towers with Radar,0,3,30,0,33,0,7,102,0,109,0,10,132,0,142,141,0,141,283
09/06/2010,DPA,IL,AGL,CE,Towers with Radar,0,6,35,0,41,0,9,67,0,76,0,15,102,0,117,118,0,118,235
09/07/2010,DPA,IL,AGL,CE,Towers with Radar,0,18,40,0,58,0,11,26,0,37,0,29,66,0,95,14,0,14,109
09/08/2010,DPA,IL,AGL,CE,Towers with Radar,0,28,48,0,76,0,29,158,0,187,0,57,206,0,263,184,0,184,447
09/09/2010,DPA,IL,AGL,CE,Towers with Radar,0,38,32,0,70,0,14,78,0,92,0,52,110,0,162,132,0,132,294
09/10/2010,DPA,IL,AGL,CE,Towers with Radar,0,34,40,0,74,0,16,155,0,171,0,50,195,0,245,38,0,38,283
09/11/2010,DPA,IL,AGL,CE,Towers with Radar,0,16,33,0,49,0,0,19,0,19,0,16,52,0,68,16,0,16,84
09/12/2010,DPA,IL,AGL,CE,Towers with Radar,0,8,40,0,48,0,14,144,0,158,0,22,184,0,206,196,0,196,402
09/13/2010,DPA,IL,AGL,CE,Towers with Radar,0,13,63,0,76,0,12,100,0,112,0,25,163,0,188,109,0,109,297
09/14/2010,DPA,IL,AGL,CE,Towers with Radar,0,42,54,0,96,0,9,112,0,121,0,51,166,0,217,94,0,94,311
09/15/2010,DPA,IL,AGL,CE,Towers with Radar,0,39,72,0,111,0,11,131,0,142,0,50,203,0,253,92,0,92,345
09/16/2010,DPA,IL,AGL,CE,Towers with Radar,0,41,84,0,125,0,10,54,0,64,0,51,138,0,189,54,0,54,243
09/17/2010,DPA,IL,AGL,CE,Towers with Radar,0,28,62,0,90,0,10,119,0,129,0,38,181,0,219,130,0,130,349
09/18/2010,DPA,IL,AGL,CE,Towers with Radar,0,24,42,0,66,0,1,36,0,37,0,25,78,0,103,50,0,50,153
09/19/2010,DPA,IL,AGL,CE,Towers with Radar,0,12,50,0,62,0,2,112,0,114,0,14,162,0,176,189,0,189,365
09/20/2010,DPA,IL,AGL,CE,Towers with Radar,0,15,50,0,65,0,10,63,0,73,0,25,113,0,138,82,0,82,220
09/21/2010,DPA,IL,AGL,CE,Towers with Radar,0,29,64,0,93,0,10,59,0,69,0,39,123,0,162,12,0,12,174
09/22/2010,DPA,IL,AGL,CE,Towers with Radar,0,28,77,0,105,0,10,45,0,55,0,38,122,0,160,128,0,128,288
09/23/2010,DPA,IL,AGL,CE,Towers with Radar,0,37,50,0,87,0,6,63,0,69,0,43,113,0,156,28,0,28,184
09/24/2010,DPA,IL,AGL,CE,Towers with Radar,0,28,43,0,71,0,7,11,0,18,0,35,54,0,89,0,0,0,89
09/25/2010,DPA,IL,AGL,CE,Towers with Radar,0,18,38,0,56,0,5,129,0,134,0,23,167,0,190,186,0,186,376
09/26/2010,DPA,IL,AGL,CE,Towers with Radar,0,10,45,0,55,0,9,107,0,116,0,19,152,0,171,114,0,114,285
09/27/2010,DPA,IL,AGL,CE,Towers with Radar,0,13,45,0,58,0,9,108,0,117,0,22,153,0,175,154,0,154,329
09/28/2010,DPA,IL,AGL,CE,Towers with Radar,0,37,57,0,94,0,10,119,0,129,0,47,176,0,223,95,0,95,318
09/29/2010,DPA,IL,AGL,CE,Towers with Radar,0,25,52,0,77,0,17,150,0,167,0,42,202,0,244,154,0,154,398
09/30/2010,DPA,IL,AGL,CE,Towers with Radar,0,30,59,0,89,0,23,113,0,136,0,53,172,0,225,60,0,60,285
10/01/2010,DPA,IL,AGL,CE,Towers with Radar,0,25,39,0,64,0,14,100,0,114,0,39,139,0,178,104,0,104,282
10/02/2010,DPA,IL,AGL,CE,Towers with Radar,0,15,32,0,47,0,0,78,0,78,0,15,110,0,125,34,0,34,159
10/03/2010,DPA,IL,AGL,CE,Towers with Radar,0,8,34,0,42,0,5,102,0,107,0,13,136,0,149,200,0,200,349
10/04/2010,DPA,IL,AGL,CE,Towers with Radar,0,19,45,0,64,0,17,69,0,86,0,36,114,0,150,104,0,104,254
10/05/2010,DPA,IL,AGL,CE,Towers with Radar,0,44,54,2,100,0,21,80,0,101,0,65,134,2,201,182,0,182,383
10/06/2010,DPA,IL,AGL,CE,Towers with Radar,0,35,69,0,104,0,24,98,1,123,0,59,167,1,227,50,0,50,277
10/07/2010,DPA,IL,AGL,CE,Towers with Radar,0,33,83,0,116,0,7,56,0,63,0,40,139,0,179,42,0,42,221
10/08/2010,DPA,IL,AGL,CE,Towers with Radar,0,33,47,0,80,0,16,102,0,118,0,49,149,0,198,78,0,78,276
10/09/2010,DPA,IL,AGL,CE,Towers with Radar,0,16,23,0,39,0,12,134,0,146,0,28,157,0,185,164,0,164,349
10/10/2010,DPA,IL,AGL,CE,Towers with Radar,0,5,35,0,40,0,4,130,0,134,0,9,165,0,174,140,0,140,314
10/11/2010,DPA,IL,AGL,CE,Towers with Radar,0,15,43,0,58,0,22,73,0,95,0,37,116,0,153,143,0,143,296
10/12/2010,DPA,IL,AGL,CE,Towers with Radar,0,19,53,1,73,0,9,92,1,102,0,28,145,2,175,132,4,136,311
10/13/2010,DPA,IL,AGL,CE,Towers with Radar,0,32,55,0,87,0,8,95,4,107,0,40,150,4,194,92,0,92,286
10/14/2010,DPA,IL,AGL,CE,Towers with Radar,0,31,57,0,88,0,19,85,0,104,0,50,142,0,192,59,0,59,251
10/15/2010,DPA,IL,AGL,CE,Towers with Radar,0,34,59,0,93,0,6,124,0,130,0,40,183,0,223,161,0,161,384
10/16/2010,DPA,IL,AGL,CE,Towers with Radar,0,18,34,0,52,0,0,145,0,145,0,18,179,0,197,142,0,142,339
10/17/2010,DPA,IL,AGL,CE,Towers with Radar,0,8,40,0,48,0,0,145,0,145,0,8,185,0,193,162,0,162,355
10/18/2010,DPA,IL,AGL,CE,Towers with Radar,0,14,35,0,49,0,6,68,0,74,0,20,103,0,123,122,0,122,245
10/19/2010,DPA,IL,AGL,CE,Towers with Radar,0,35,57,0,92,0,11,79,0,90,0,46,136,0,182,98,0,98,280
10/20/2010,DPA,IL,AGL,CE,Towers with Radar,0,38,44,0,82,0,18,64,0,82,0,56,108,0,164,97,0,97,261
10/21/2010,DPA,IL,AGL,CE,Towers with Radar,0,34,51,0,85,0,18,65,2,85,0,52,116,2,170,56,2,58,228
10/22/2010,DPA,IL,AGL,CE,Towers with Radar,0,47,68,0,115,0,20,92,0,112,0,67,160,0,227,98,0,98,325
10/23/2010,DPA,IL,AGL,CE,Towers with Radar,0,16,22,0,38,0,2,18,0,20,0,18,40,0,58,14,0,14,72
10/24/2010,DPA,IL,AGL,CE,Towers with Radar,0,11,37,0,48,0,0,60,0,60,0,11,97,0,108,56,0,56,164
10/25/2010,DPA,IL,AGL,CE,Towers with Radar,0,8,49,0,57,0,16,60,0,76,0,24,109,0,133,59,0,59,192
10/26/2010,DPA,IL,AGL,CE,Towers with Radar,0,28,24,0,52,0,0,1,0,1,0,28,25,0,53,0,0,0,53
10/27/2010,DPA,IL,AGL,CE,Towers with Radar,0,42,46,0,88,0,4,6,0,10,0,46,52,0,98,0,0,0,98
10/28/2010,DPA,IL,AGL,CE,Towers with Radar,0,31,43,0,74,0,13,37,0,50,0,44,80,0,124,12,0,12,136
10/29/2010,DPA,IL,AGL,CE,Towers with Radar,0,37,77,0,114,0,13,123,0,136,0,50,200,0,250,120,0,120,370
10/30/2010,DPA,IL,AGL,CE,Towers with Radar,0,17,43,0,60,0,4,94,0,98,0,21,137,0,158,60,0,60,218
10/31/2010,DPA,IL,AGL,CE,Towers with Radar,0,8,48,0,56,0,3,99,0,102,0,11,147,0,158,80,0,80,238
11/01/2010,DPA,IL,AGL,CE,Towers with Radar,0,11,55,0,66,0,8,86,0,94,0,19,141,0,160,65,0,65,225
11/02/2010,DPA,IL,AGL,CE,Towers with Radar,0,35,56,0,91,0,18,78,2,98,0,53,134,2,189,168,0,168,357
11/03/2010,DPA,IL,AGL,CE,Towers with Radar,0,37,61,0,98,0,13,89,0,102,0,50,150,0,200,42,0,42,242
11/04/2010,DPA,IL,AGL,CE,Towers with Radar,0,35,39,0,74,0,6,62,0,68,0,41,101,0,142,32,0,32,174
11/05/2010,DPA,IL,AGL,CE,Towers with Radar,0,33,47,0,80,0,16,75,0,91,0,49,122,0,171,28,0,28,199
11/06/2010,DPA,IL,AGL,CE,Towers with Radar,0,23,18,0,41,0,6,133,0,139,0,29,151,0,180,162,0,162,342
11/07/2010,DPA,IL,AGL,CE,Towers with Radar,0,6,37,0,43,0,3,137,0,140,0,9,174,0,183,102,0,102,285
11/08/2010,DPA,IL,AGL,CE,Towers with Radar,0,16,48,2,66,0,15,100,1,116,0,31,148,3,182,82,0,82,264
11/09/2010,DPA,IL,AGL,CE,Towers with Radar,0,30,61,3,94,0,12,124,6,142,0,42,185,9,236,130,0,130,366
11/10/2010,DPA,IL,AGL,CE,Towers with Radar,0,35,64,0,99,0,15,106,3,124,0,50,170,3,223,74,0,74,297
11/11/2010,DPA,IL,AGL,CE,Towers with Radar,0,33,53,0,86,0,15,103,0,118,0,48,156,0,204,92,0,92,296
11/12/2010,DPA,IL,AGL,CE,Towers with Radar,0,12,58,3,73,0,5,70,0,75,0,17,128,3,148,124,0,124,272
11/13/2010,DPA,IL,AGL,CE,Towers with Radar,0,18,30,0,48,0,7,28,0,35,0,25,58,0,83,66,0,66,149
11/14/2010,DPA,IL,AGL,CE,Towers with Radar,0,6,39,0,45,0,6,61,0,67,0,12,100,0,112,72,0,72,184
11/15/2010,DPA,IL,AGL,CE,Towers with Radar,0,7,62,0,69,0,13,98,0,111,0,20,160,0,180,154,0,154,334
11/16/2010,DPA,IL,AGL,CE,Towers with Radar,0,33,55,0,88,0,13,95,0,108,0,46,150,0,196,103,0,103,299
11/17/2010,DPA,IL,AGL,CE,Towers with Radar,0,29,66,0,95,0,3,9,0,12,0,32,75,0,107,64,0,64,171
11/18/2010,DPA,IL,AGL,CE,Towers with Radar,0,32,60,0,92,0,8,74,0,82,0,40,134,0,174,80,0,80,254
11/19/2010,DPA,IL,AGL,CE,Towers with Radar,0,34,52,0,86,0,5,71,0,76,0,39,123,0,162,111,0,111,273
11/20/2010,DPA,IL,AGL,CE,Towers with Radar,0,18,42,0,60,0,7,133,0,140,0,25,175,0,200,126,0,126,326
11/21/2010,DPA,IL,AGL,CE,Towers with Radar,0,19,49,0,68,0,0,3,0,3,0,19,52,0,71,0,0,0,71
11/22/2010,DPA,IL,AGL,CE,Towers with Radar,0,10,34,0,44,0,6,13,0,19,0,16,47,0,63,89,0,89,152
11/23/2010,DPA,IL,AGL,CE,Towers with Radar,0,36,59,0,95,0,13,130,0,143,0,49,189,0,238,124,0,124,362
11/24/2010,DPA,IL,AGL,CE,Towers with Radar,0,33,23,0,56,0,1,32,0,33,0,34,55,0,89,82,0,82,171
11/25/2010,DPA,IL,AGL,CE,Towers with Radar,0,25,4,0,29,0,0,2,0,2,0,25,6,0,31,0,0,0,31
11/26/2010,DPA,IL,AGL,CE,Towers with Radar,0,3,20,1,24,0,12,65,0,77,0,15,85,1,101,83,2,85,186
11/27/2010,DPA,IL,AGL,CE,Towers with Radar,0,17,37,0,54,0,8,143,0,151,0,25,180,0,205,101,0,101,306
11/28/2010,DPA,IL,AGL,CE,Towers with Radar,0,10,51,1,62,0,2,119,0,121,0,12,170,1,183,149,0,149,332
11/29/2010,DPA,IL,AGL,CE,Towers with Radar,0,8,41,0,49,0,9,34,0,43,0,17,75,0,92,36,0,36,128
11/30/2010,DPA,IL,AGL,CE,Towers with Radar,0,36,54,0,90,0,0,7,0,7,0,36,61,0,97,16,0,16,113
12/01/2010,DPA,IL,AGL,CE,Towers with Radar,0,40,59,2,101,0,7,26,0,33,0,47,85,2,134,128,0,128,262
12/02/2010,DPA,IL,AGL,CE,Towers with Radar,0,44,56,0,100,0,17,93,0,110,0,61,149,0,210,142,0,142,352
12/03/2010,DPA,IL,AGL,CE,Towers with Radar,0,36,54,0,90,0,11,90,0,101,0,47,144,0,191,161,0,161,352
12/04/2010,DPA,IL,AGL,CE,Towers with Radar,0,25,4,0,29,0,0,2,0,2,0,25,6,0,31,8,0,8,39
12/05/2010,DPA,IL,AGL,CE,Towers with Radar,0,5,24,0,29,0,1,29,0,30,0,6,53,0,59,52,0,52,111
12/06/2010,DPA,IL,AGL,CE,Towers with Radar,0,9,43,0,52,0,3,56,0,59,0,12,99,0,111,114,0,114,225
12/07/2010,DPA,IL,AGL,CE,Towers with Radar,0,43,64,0,107,0,14,69,0,83,0,57,133,0,190,84,0,84,274
12/08/2010,DPA,IL,AGL,CE,Towers with Radar,0,31,53,2,86,0,7,81,0,88,0,38,134,2,174,78,0,78,252
12/09/2010,DPA,IL,AGL,CE,Towers with Radar,0,45,51,1,97,0,7,37,2,46,0,52,88,3,143,90,0,90,233
12/10/2010,DPA,IL,AGL,CE,Towers with Radar,0,32,43,0,75,0,12,50,3,65,0,44,93,3,140,58,0,58,198
12/11/2010,DPA,IL,AGL,CE,Towers with Radar,0,13,9,0,22,0,0,0,0,0,0,13,9,0,22,4,0,4,26
12/12/2010,DPA,IL,AGL,CE,Towers with Radar,0,10,10,0,20,0,0,0,0,0,0,10,10,0,20,0,0,0,20
12/13/2010,DPA,IL,AGL,CE,Towers with Radar,0,20,65,0,85,0,8,64,0,72,0,28,129,0,157,43,0,43,200
12/14/2010,DPA,IL,AGL,CE,Towers with Radar,0,35,63,6,104,0,7,69,0,76,0,42,132,6,180,155,0,155,335
12/15/2010,DPA,IL,AGL,CE,Towers with Radar,0,32,70,0,102,0,13,73,0,86,0,45,143,0,188,132,0,132,320
12/16/2010,DPA,IL,AGL,CE,Towers with Radar,0,32,36,0,68,0,9,47,0,56,0,41,83,0,124,141,0,141,265
12/17/2010,DPA,IL,AGL,CE,Towers with Radar,0,39,46,0,85,0,13,91,0,104,0,52,137,0,189,127,0,127,316
12/18/2010,DPA,IL,AGL,CE,Towers with Radar,0,21,33,0,54,0,1,76,0,77,0,22,109,0,131,56,0,56,187
12/19/2010,DPA,IL,AGL,CE,Towers with Radar,0,5,23,0,28,0,1,84,0,85,0,6,107,0,113,120,0,120,233
12/20/2010,DPA,IL,AGL,CE,Towers with Radar,0,13,31,0,44,0,5,36,0,41,0,18,67,0,85,66,4,70,155
12/21/2010,DPA,IL,AGL,CE,Towers with Radar,0,16,28,0,44,0,0,0,0,0,0,16,28,0,44,0,0,0,44
12/22/2010,DPA,IL,AGL,CE,Towers with Radar,0,40,41,0,81,0,20,36,0,56,0,60,77,0,137,62,0,62,199
12/23/2010,DPA,IL,AGL,CE,Towers with Radar,0,28,25,0,53,0,11,44,0,55,0,39,69,0,108,112,0,112,220
12/24/2010,DPA,IL,AGL,CE,Towers with Radar,0,28,5,0,33,0,0,1,0,1,0,28,6,0,34,0,0,0,34
12/25/2010,DPA,IL,AGL,CE,Towers with Radar,0,9,2,0,11,0,0,0,0,0,0,9,2,0,11,0,0,0,11
12/26/2010,DPA,IL,AGL,CE,Towers with Radar,0,7,37,0,44,0,0,9,0,9,0,7,46,0,53,52,0,52,105
12/27/2010,DPA,IL,AGL,CE,Towers with Radar,0,20,38,0,58,0,4,24,1,29,0,24,62,1,87,41,0,41,128
12/28/2010,DPA,IL,AGL,CE,Towers with Radar,0,37,37,0,74,0,11,77,0,88,0,48,114,0,162,94,0,94,256
12/29/2010,DPA,IL,AGL,CE,Towers with Radar,0,33,45,0,78,0,3,55,0,58,0,36,100,0,136,90,0,90,226
12/30/2010,DPA,IL,AGL,CE,Towers with Radar,0,31,38,0,69,0,0,1,0,1,0,31,39,0,70,0,0,0,70
12/31/2010,DPA,IL,AGL,CE,Towers with Radar,0,13,13,0,26,0,0,0,0,0,0,13,13,0,26,0,0,0,26
01/01/2011,DPA,IL,AGL,CE,Towers with Radar,0,17,10,0,27,0,2,7,0,9,0,19,17,0,36,0,0,0,36
01/02/2011,DPA,IL,AGL,CE,Towers with Radar,0,16,44,0,60,0,6,113,0,119,0,22,157,0,179,61,0,61,240
01/03/2011,DPA,IL,AGL,CE,Towers with Radar,0,9,23,0,32,0,14,79,0,93,0,23,102,0,125,86,0,86,211
01/04/2011,DPA,IL,AGL,CE,Towers with Radar,0,28,46,0,74,0,12,57,2,71,0,40,103,2,145,76,0,76,221
01/05/2011,DPA,IL,AGL,CE,Towers with Radar,0,29,48,1,78,0,9,74,3,86,0,38,122,4,164,93,10,103,267
01/06/2011,DPA,IL,AGL,CE,Towers with Radar,2,33,39,0,74,0,10,47,0,57,2,43,86,0,131,46,0,46,177
01/07/2011,DPA,IL,AGL,CE,Towers with Radar,0,33,46,0,79,0,7,33,0,40,0,40,79,0,119,68,0,68,187
01/08/2011,DPA,IL,AGL,CE,Towers with Radar,0,15,27,0,42,0,2,72,0,74,0,17,99,0,116,72,0,72,188
01/09/2011,DPA,IL,AGL,CE,Towers with Radar,0,6,22,0,28,0,2,115,0,117,0,8,137,0,145,124,0,124,269
01/10/2011,DPA,IL,AGL,CE,Towers with Radar,0,15,43,0,58,0,8,54,0,62,0,23,97,0,120,62,0,62,182
01/11/2011,DPA,IL,AGL,CE,Towers with Radar,0,29,35,0,64,0,0,0,0,0,0,29,35,0,64,0,0,0,64
01/12/2011,DPA,IL,AGL,CE,Towers with Radar,0,31,45,0,76,0,12,46,0,58,0,43,91,0,134,114,0,114,248
01/13/2011,DPA,IL,AGL,CE,Towers with Radar,0,28,60,2,90,0,3,65,1,69,0,31,125,3,159,125,0,125,284
01/14/2011,DPA,IL,AGL,CE,Towers with Radar,0,22,52,0,74,0,12,64,0,76,0,34,116,0,150,102,0,102,252
01/15/2011,DPA,IL,AGL,CE,Towers with Radar,0,15,27,0,42,0,2,47,0,49,0,17,74,0,91,104,0,104,195
01/16/2011,DPA,IL,AGL,CE,Towers with Radar,0,2,25,0,27,0,4,82,0,86,0,6,107,0,113,60,0,60,173
01/17/2011,DPA,IL,AGL,CE,Towers with Radar,0,7,39,0,46,0,0,2,0,2,0,7,41,0,48,0,0,0,48
01/18/2011,DPA,IL,AGL,CE,Towers with Radar,0,23,64,0,87,0,2,3,0,5,0,25,67,0,92,16,0,16,108
01/19/2011,DPA,IL,AGL,CE,Towers with Radar,0,40,50,1,91,0,11,59,2,72,0,51,109,3,163,84,0,84,247
01/20/2011,DPA,IL,AGL,CE,Towers with Radar,0,43,43,0,86,0,20,66,4,90,0,63,109,4,176,98,0,98,274
01/21/2011,DPA,IL,AGL,CE,Towers with Radar,0,22,41,0,63,0,7,42,0,49,0,29,83,0,112,48,0,48,160
01/22/2011,DPA,IL,AGL,CE,Towers with Radar,0,17,22,0,39,0,5,41,0,46,0,22,63,0,85,84,0,84,169
01/23/2011,DPA,IL,AGL,CE,Towers with Radar,0,3,29,0,32,0,4,52,0,56,0,7,81,0,88,64,0,64,152
01/24/2011,DPA,IL,AGL,CE,Towers with Radar,0,15,31,0,46,0,0,0,0,0,0,15,31,0,46,6,0,6,52
01/25/2011,DPA,IL,AGL,CE,Towers with Radar,0,39,128,2,169,0,0,3,0,3,0,39,131,2,172,8,0,8,180
01/26/2011,DPA,IL,AGL,CE,Towers with Radar,0,30,85,0,115,0,2,6,0,8,0,32,91,0,123,58,0,58,181
01/27/2011,DPA,IL,AGL,CE,Towers with Radar,0,35,51,0,86,0,3,0,0,3,0,38,51,0,89,0,0,0,89
01/28/2011,DPA,IL,AGL,CE,Towers with Radar,0,28,47,0,75,0,15,70,0,85,0,43,117,0,160,76,0,76,236
01/29/2011,DPA,IL,AGL,CE,Towers with Radar,0,14,19,0,33,0,1,55,0,56,0,15,74,0,89,136,0,136,225
01/30/2011,DPA,IL,AGL,CE,Towers with Radar,0,7,28,0,35,0,0,25,0,25,0,7,53,0,60,127,0,127,187
01/31/2011,DPA,IL,AGL,CE,Towers with Radar,0,11,42,0,53,0,9,43,0,52,0,20,85,0,105,44,0,44,149
02/01/2011,DPA,IL,AGL,CE,Towers with Radar,0,24,13,0,37,0,2,0,0,2,0,26,13,0,39,0,0,0,39
02/02/2011,DPA,IL,AGL,CE,Towers with Radar,0,7,15,0,22,0,2,1,0,3,0,9,16,0,25,0,0,0,25
02/03/2011,DPA,IL,AGL,CE,Towers with Radar,0,37,39,0,76,0,14,27,0,41,0,51,66,0,117,60,0,60,177
02/04/2011,DPA,IL,AGL,CE,Towers with Radar,0,27,55,0,82,0,11,72,0,83,0,38,127,0,165,85,0,85,250
02/05/2011,DPA,IL,AGL,CE,Towers with Radar,0,15,25,0,40,0,1,96,0,97,0,16,121,0,137,88,0,88,225
02/06/2011,DPA,IL,AGL,CE,Towers with Radar,0,8,13,0,21,0,0,0,0,0,0,8,13,0,21,0,0,0,21
02/07/2011,DPA,IL,AGL,CE,Towers with Radar,0,14,34,0,48,0,7,36,0,43,0,21,70,0,91,82,0,82,173
02/08/2011,DPA,IL,AGL,CE,Towers with Radar,0,32,45,0,77,0,21,73,0,94,0,53,118,0,171,108,0,108,279
02/09/2011,DPA,IL,AGL,CE,Towers with Radar,0,32,39,13,84,0,6,50,11,67,0,38,89,24,151,90,0,90,241
02/10/2011,DPA,IL,AGL,CE,Towers with Radar,0,26,49,2,77,0,16,60,2,78,0,42,109,4,155,18,0,18,173
02/11/2011,DPA,IL,AGL,CE,Towers with Radar,0,27,60,0,87,0,7,33,0,40,0,34,93,0,127,52,0,52,179
02/12/2011,DPA,IL,AGL,CE,Towers with Radar,0,15,36,0,51,0,4,93,0,97,0,19,129,0,148,126,0,126,274
02/13/2011,DPA,IL,AGL,CE,Towers with Radar,0,10,23,0,33,0,4,86,0,90,0,14,109,0,123,140,0,140,263
02/14/2011,DPA,IL,AGL,CE,Towers with Radar,2,11,26,0,39,0,18,77,1,96,2,29,103,1,135,48,0,48,183
02/15/2011,DPA,IL,AGL,CE,Towers with Radar,0,33,36,4,73,0,10,70,0,80,0,43,106,4,153,122,0,122,275
02/16/2011,DPA,IL,AGL,CE,Towers with Radar,2,34,88,3,127,0,3,35,4,42,2,37,123,7,169,32,0,32,201
02/17/2011,DPA,IL,AGL,CE,Towers with Radar,2,20,50,0,72,0,7,34,0,41,2,27,84,0,113,25,0,25,138
02/18/2011,DPA,IL,AGL,CE,Towers with Radar,2,30,47,0,79,0,19,88,0,107,2,49,135,0,186,84,0,84,270
02/19/2011,DPA,IL,AGL,CE,Towers with Radar,2,12,26,0,40,0,3,160,0,163,2,15,186,0,203,100,0,100,303
02/20/2011,DPA,IL,AGL,CE,Towers with Radar,0,6,8,0,14,0,0,1,0,1,0,6,9,0,15,0,0,0,15
02/21/2011,DPA,IL,AGL,CE,Towers with Radar,2,13,29,0,44,0,0,0,0,0,2,13,29,0,44,0,0,0,44
02/22/2011,DPA,IL,AGL,CE,Towers with Radar,0,26,54,0,80,0,2,25,0,27,0,28,79,0,107,70,0,70,177
02/23/2011,DPA,IL,AGL,CE,Towers with Radar,0,29,56,0,85,0,0,0,0,0,0,29,56,0,85,119,0,119,204
02/24/2011,DPA,IL,AGL,CE,Towers with Radar,0,38,33,0,71,0,4,47,0,51,0,42,80,0,122,8,0,8,130
02/25/2011,DPA,IL,AGL,CE,Towers with Radar,0,27,37,0,64,0,4,76,0,80,0,31,113,0,144,132,0,132,276
02/26/2011,DPA,IL,AGL,CE,Towers with Radar,0,16,14,0,30,0,0,2,0,2,0,16,16,0,32,0,0,0,32
02/27/2011,DPA,IL,AGL,CE,Towers with Radar,0,4,27,0,31,0,1,21,0,22,0,5,48,0,53,95,0,95,148
02/28/2011,DPA,IL,AGL,CE,Towers with Radar,0,16,28,0,44,0,16,54,0,70,0,32,82,0,114,93,0,93,207
03/01/2011,DPA,IL,AGL,CE,Towers with Radar,0,39,45,0,84,0,14,80,3,97,0,53,125,3,181,94,0,94,275
03/02/2011,DPA,IL,AGL,CE,Towers with Radar,0,37,46,0,83,0,9,106,0,115,0,46,152,0,198,72,0,72,270
03/03/2011,DPA,IL,AGL,CE,Towers with Radar,0,41,65,0,106,0,17,66,0,83,0,58,131,0,189,54,0,54,243
03/04/2011,DPA,IL,AGL,CE,Towers with Radar,0,28,41,0,69,0,3,30,0,33,0,31,71,0,102,25,0,25,127
03/05/2011,DPA,IL,AGL,CE,Towers with Radar,0,15,11,0,26,0,0,0,0,0,0,15,11,0,26,0,0,0,26
03/06/2011,DPA,IL,AGL,CE,Towers with Radar,0,6,38,0,44,0,5,110,0,115,0,11,148,0,159,206,0,206,365
03/07/2011,DPA,IL,AGL,CE,Towers with Radar,0,18,39,0,57,0,5,37,0,42,0,23,76,0,99,74,0,74,173
03/08/2011,DPA,IL,AGL,CE,Towers with Radar,0,44,68,0,112,0,6,110,0,116,0,50,178,0,228,90,0,90,318
03/09/2011,DPA,IL,AGL,CE,Towers with Radar,0,34,36,0,70,0,0,0,0,0,0,34,36,0,70,0,0,0,70
03/10/2011,DPA,IL,AGL,CE,Towers with Radar,0,41,28,0,69,0,8,50,0,58,0,49,78,0,127,74,0,74,201
03/11/2011,DPA,IL,AGL,CE,Towers with Radar,0,29,63,0,92,0,14,169,0,183,0,43,232,0,275,137,0,137,412
03/12/2011,DPA,IL,AGL,CE,Towers with Radar,0,19,17,0,36,0,6,22,0,28,0,25,39,0,64,0,0,0,64
03/13/2011,DPA,IL,AGL,CE,Towers with Radar,0,6,28,0,34,0,9,138,0,147,0,15,166,0,181,70,0,70,251
03/14/2011,DPA,IL,AGL,CE,Towers with Radar,0,16,51,0,67,0,13,85,0,98,0,29,136,0,165,44,0,44,209
03/15/2011,DPA,IL,AGL,CE,Towers with Radar,0,37,56,0,93,0,7,85,3,95,0,44,141,3,188,95,4,99,287
03/16/2011,DPA,IL,AGL,CE,Towers with Radar,0,43,49,0,92,0,6,129,1,136,0,49,178,1,228,79,0,79,307
03/17/2011,DPA,IL,AGL,CE,Towers with Radar,0,31,42,0,73,0,10,66,0,76,0,41,108,0,149,90,0,90,239
03/18/2011,DPA,IL,AGL,CE,Towers with Radar,0,45,46,0,91,0,6,91,0,97,0,51,137,0,188,118,0,118,306
03/19/2011,DPA,IL,AGL,CE,Towers with Radar,0,20,36,0,56,0,3,216,0,219,0,23,252,0,275,172,0,172,447
03/20/2011,DPA,IL,AGL,CE,Towers with Radar,0,7,19,0,26,0,4,14,0,18,0,11,33,0,44,6,0,6,50
03/21/2011,DPA,IL,AGL,CE,Towers with Radar,0,5,67,0,72,0,1,63,0,64,0,6,130,0,136,100,0,100,236
03/22/2011,DPA,IL,AGL,CE,Towers with Radar,0,41,54,0,95,0,0,2,0,2,0,41,56,0,97,44,0,44,141
03/23/2011,DPA,IL,AGL,CE,Towers with Radar,0,44,62,0,106,0,0,0,0,0,0,44,62,0,106,0,0,0,106
03/24/2011,DPA,IL,AGL,CE,Towers with Radar,0,34,60,2,96,0,8,69,2,79,0,42,129,4,175,92,0,92,267
03/25/2011,DPA,IL,AGL,CE,Towers with Radar,0,26,54,0,80,0,13,83,0,96,0,39,137,0,176,122,0,122,298
03/26/2011,DPA,IL,AGL,CE,Towers with Radar,0,25,21,0,46,0,4,75,0,79,0,29,96,0,125,100,0,100,225
03/27/2011,DPA,IL,AGL,CE,Towers with Radar,0,8,24,0,32,0,6,112,0,118,0,14,136,0,150,116,0,116,266
03/28/2011,DPA,IL,AGL,CE,Towers with Radar,0,9,28,0,37,0,0,9,71,80,0,9,37,71,117,42,0,42,159
03/29/2011,DPA,IL,AGL,CE,Towers with Radar,0,31,55,0,86,0,8,88,0,96,0,39,143,0,182,92,0,92,274
03/30/2011,DPA,IL,AGL,CE,Towers with Radar,0,34,27,0,61,0,13,75,0,88,0,47,102,0,149,82,0,82,231
03/31/2011,DPA,IL,AGL,CE,Towers with Radar,0,38,30,0,68,0,9,123,0,132,0,47,153,0,200,74,0,74,274
04/01/2011,DPA,IL,AGL,CE,Towers with Radar,0,36,49,0,85,0,12,32,0,44,0,48,81,0,129,60,0,60,189
04/02/2011,DPA,IL,AGL,CE,Towers with Radar,0,26,41,0,67,0,4,116,0,120,0,30,157,0,187,68,0,68,255
04/03/2011,DPA,IL,AGL,CE,Towers with Radar,0,17,24,0,41,0,1,10,0,11,0,18,34,0,52,4,0,4,56
04/04/2011,DPA,IL,AGL,CE,Towers with Radar,0,12,40,0,52,0,6,18,0,24,0,18,58,0,76,0,6,6,82
04/05/2011,DPA,IL,AGL,CE,Towers with Radar,0,30,62,2,94,0,14,96,0,110,0,44,158,2,204,46,0,46,250
04/06/2011,DPA,IL,AGL,CE,Towers with Radar,0,27,60,0,87,0,16,95,0,111,0,43,155,0,198,137,0,137,335
04/07/2011,DPA,IL,AGL,CE,Towers with Radar,0,50,74,2,126,0,5,51,0,56,0,55,125,2,182,46,0,46,228
04/08/2011,DPA,IL,AGL,CE,Towers with Radar,0,39,54,0,93,0,0,1,0,1,0,39,55,0,94,0,0,0,94
04/09/2011,DPA,IL,AGL,CE,Towers with Radar,0,14,39,0,53,0,3,73,0,76,0,17,112,0,129,142,0,142,271
04/10/2011,DPA,IL,AGL,CE,Towers with Radar,0,9,22,0,31,0,1,62,0,63,0,10,84,0,94,26,0,26,120
04/11/2011,DPA,IL,AGL,CE,Towers with Radar,0,7,35,0,42,0,5,73,0,78,0,12,108,0,120,51,0,51,171
04/12/2011,DPA,IL,AGL,CE,Towers with Radar,2,35,47,0,84,0,15,150,0,165,2,50,197,0,249,150,0,150,399
04/13/2011,DPA,IL,AGL,CE,Towers with Radar,0,35,52,0,87,0,9,114,0,123,0,44,166,0,210,75,0,75,285
04/14/2011,DPA,IL,AGL,CE,Towers with Radar,0,66,41,0,107,0,6,25,0,31,0,72,66,0,138,18,0,18,156
04/15/2011,DPA,IL,AGL,CE,Towers with Radar,0,32,31,0,63,0,0,11,0,11,0,32,42,0,74,0,0,0,74
04/16/2011,DPA,IL,AGL,CE,Towers with Radar,0,20,63,0,83,0,0,6,0,6,0,20,69,0,89,62,0,62,151
04/17/2011,DPA,IL,AGL,CE,Towers with Radar,0,18,26,0,44,0,5,108,0,113,0,23,134,0,157,98,0,98,255
04/18/2011,DPA,IL,AGL,CE,Towers with Radar,0,15,42,0,57,0,1,21,0,22,0,16,63,0,79,70,0,70,149
04/19/2011,DPA,IL,AGL,CE,Towers with Radar,0,25,54,0,79,0,1,3,0,4,0,26,57,0,83,0,0,0,83
04/20/2011,DPA,IL,AGL,CE,Towers with Radar,0,19,69,0,88,0,7,41,0,48,0,26,110,0,136,39,0,39,175
04/21/2011,DPA,IL,AGL,CE,Towers with Radar,0,39,85,0,124,0,15,147,2,164,0,54,232,2,288,92,0,92,380
04/22/2011,DPA,IL,AGL,CE,Towers with Radar,0,34,42,0,76,0,0,0,0,0,0,34,42,0,76,0,0,0,76
04/23/2011,DPA,IL,AGL,CE,Towers with Radar,0,22,29,0,51,0,3,90,0,93,0,25,119,0,144,98,0,98,242
04/24/2011,DPA,IL,AGL,CE,Towers with Radar,0,11,13,0,24,0,2,65,0,67,0,13,78,0,91,102,0,102,193
04/25/2011,DPA,IL,AGL,CE,Towers with Radar,0,14,59,0,73,0,11,47,0,58,0,25,106,0,131,72,0,72,203
04/26/2011,DPA,IL,AGL,CE,Towers with Radar,0,39,57,0,96,0,11,18,0,29,0,50,75,0,125,54,0,54,179
04/27/2011,DPA,IL,AGL,CE,Towers with Radar,0,36,57,0,93,0,11,12,0,23,0,47,69,0,116,57,0,57,173
04/28/2011,DPA,IL,AGL,CE,Towers with Radar,0,49,42,1,92,0,9,57,0,66,0,58,99,1,158,54,0,54,212
04/29/2011,DPA,IL,AGL,CE,Towers with Radar,0,37,50,0,87,0,8,152,0,160,0,45,202,0,247,144,0,144,391
04/30/2011,DPA,IL,AGL,CE,Towers with Radar,0,15,28,0,43,0,9,62,0,71,0,24,90,0,114,26,0,26,140
05/01/2011,DPA,IL,AGL,CE,Towers with Radar,0,14,29,0,43,0,5,85,0,90,0,19,114,0,133,72,0,72,205
05/02/2011,DPA,IL,AGL,CE,Towers with Radar,0,8,33,0,41,0,12,114,1,127,0,20,147,1,168,90,0,90,258
05/03/2011,DPA,IL,AGL,CE,Towers with Radar,0,31,62,4,97,0,12,108,1,121,0,43,170,5,218,85,2,87,305
05/04/2011,DPA,IL,AGL,CE,Towers with Radar,0,27,67,2,96,0,9,132,0,141,0,36,199,2,237,63,0,63,300
05/05/2011,DPA,IL,AGL,CE,Towers with Radar,0,35,67,0,102,0,16,72,0,88,0,51,139,0,190,61,0,61,251
05/06/2011,DPA,IL,AGL,CE,Towers with Radar,0,32,65,0,97,0,7,124,3,134,0,39,189,3,231,142,0,142,373
05/07/2011,DPA,IL,AGL,CE,Towers with Radar,0,16,38,0,54,0,5,84,0,89,0,21,122,0,143,94,0,94,237
05/08/2011,DPA,IL,AGL,CE,Towers with Radar,0,10,28,0,38,0,3,94,0,97,0,13,122,0,135,148,0,148,283
05/09/2011,DPA,IL,AGL,CE,Towers with Radar,0,15,42,0,57,0,11,41,0,52,0,26,83,0,109,52,0,52,161
05/10/2011,DPA,IL,AGL,CE,Towers with Radar,0,40,49,0,89,0,11,95,0,106,0,51,144,0,195,96,6,102,297
05/11/2011,DPA,IL,AGL,CE,Towers with Radar,0,32,49,0,81,0,12,67,0,79,0,44,116,0,160,77,0,77,237
05/12/2011,DPA,IL,AGL,CE,Towers with Radar,0,33,64,0,97,0,12,75,0,87,0,45,139,0,184,87,0,87,271
05/13/2011,DPA,IL,AGL,CE,Towers with Radar,0,33,55,0,88,0,9,75,0,84,0,42,130,0,172,15,0,15,187
05/14/2011,DPA,IL,AGL,CE,Towers with Radar,0,16,41,0,57,0,0,0,0,0,0,16,41,0,57,0,0,0,57
05/15/2011,DPA,IL,AGL,CE,Towers with Radar,0,11,34,0,45,0,0,8,0,8,0,11,42,0,53,44,0,44,97
05/16/2011,DPA,IL,AGL,CE,Towers with Radar,0,14,71,0,85,0,10,118,0,128,0,24,189,0,213,82,0,82,295
05/17/2011,DPA,IL,AGL,CE,Towers with Radar,0,35,50,0,85,0,22,104,0,126,0,57,154,0,211,92,0,92,303
05/18/2011,DPA,IL,AGL,CE,Towers with Radar,0,31,71,0,102,0,5,0,0,5,0,36,71,0,107,36,0,36,143
05/19/2011,DPA,IL,AGL,CE,Towers with Radar,0,36,69,0,105,0,11,76,0,87,0,47,145,0,192,164,0,164,356
05/20/2011,DPA,IL,AGL,CE,Towers with Radar,0,37,54,0,91,0,12,145,0,157,0,49,199,0,248,136,0,136,384
05/21/2011,DPA,IL,AGL,CE,Towers with Radar,0,20,34,2,56,0,2,132,0,134,0,22,166,2,190,112,0,112,302
05/22/2011,DPA,IL,AGL,CE,Towers with Radar,0,7,22,0,29,0,1,88,0,89,0,8,110,0,118,80,0,80,198
05/23/2011,DPA,IL,AGL,CE,Towers with Radar,0,10,40,0,50,0,13,103,0,116,0,23,143,0,166,56,0,56,222
05/24/2011,DPA,IL,AGL,CE,Towers with Radar,0,30,49,0,79,0,13,120,0,133,0,43,169,0,212,122,0,122,334
05/25/2011,DPA,IL,AGL,CE,Towers with Radar,0,40,59,0,99,0,7,20,0,27,0,47,79,0,126,106,0,106,232
05/26/2011,DPA,IL,AGL,CE,Towers with Radar,0,48,64,6,118,0,0,30,0,30,0,48,94,6,148,18,0,18,166
05/27/2011,DPA,IL,AGL,CE,Towers with Radar,0,44,56,0,100,0,10,158,0,168,0,54,214,0,268,94,0,94,362
05/28/2011,DPA,IL,AGL,CE,Towers with Radar,0,19,36,0,55,0,0,6,0,6,0,19,42,0,61,38,0,38,99
05/29/2011,DPA,IL,AGL,CE,Towers with Radar,0,4,26,0,30,0,3,30,0,33,0,7,56,0,63,42,0,42,105
05/30/2011,DPA,IL,AGL,CE,Towers with Radar,0,6,54,0,60,0,3,114,0,117,0,9,168,0,177,96,0,96,273
05/31/2011,DPA,IL,AGL,CE,Towers with Radar,0,22,50,0,72,0,9,87,0,96,0,31,137,0,168,94,0,94,262
06/01/2011,DPA,IL,AGL,CE,Towers with Radar,0,29,71,0,100,0,10,134,0,144,0,39,205,0,244,130,0,130,374
06/02/2011,DPA,IL,AGL,CE,Towers with Radar,0,36,55,0,91,0,5,134,0,139,0,41,189,0,230,56,0,56,286
06/03/2011,DPA,IL,AGL,CE,Towers with Radar,0,27,54,0,81,0,8,119,0,127,0,35,173,0,208,80,0,80,288
06/04/2011,DPA,IL,AGL,CE,Towers with Radar,0,12,23,0,35,0,7,118,0,125,0,19,141,0,160,148,0,148,308
06/05/2011,DPA,IL,AGL,CE,Towers with Radar,0,8,50,0,58,0,0,134,0,134,0,8,184,0,192,136,0,136,328
06/06/2011,DPA,IL,AGL,CE,Towers with Radar,0,14,49,0,63,0,20,73,0,93,0,34,122,0,156,68,0,68,224
06/07/2011,DPA,IL,AGL,CE,Towers with Radar,0,35,44,0,79,0,8,87,0,95,0,43,131,0,174,72,0,72,246
06/08/2011,DPA,IL,AGL,CE,Towers with Radar,0,24,78,0,102,0,3,87,0,90,0,27,165,0,192,86,0,86,278
06/09/2011,DPA,IL,AGL,CE,Towers with Radar,2,27,41,0,70,0,6,12,0,18,2,33,53,0,88,40,0,40,128
06/10/2011,DPA,IL,AGL,CE,Towers with Radar,0,27,56,0,83,0,8,7,0,15,0,35,63,0,98,116,0,116,214
06/11/2011,DPA,IL,AGL,CE,Towers with Radar,0,22,37,0,59,0,0,1,0,1,0,22,38,0,60,0,0,0,60
06/12/2011,DPA,IL,AGL,CE,Towers with Radar,0,10,44,0,54,0,8,178,0,186,0,18,222,0,240,191,0,191,431
06/13/2011,DPA,IL,AGL,CE,Towers with Radar,0,10,59,2,71,0,10,135,0,145,0,20,194,2,216,74,0,74,290
06/14/2011,DPA,IL,AGL,CE,Towers with Radar,0,22,63,0,85,0,15,92,0,107,0,37,155,0,192,126,0,126,318
06/15/2011,DPA,IL,AGL,CE,Towers with Radar,0,27,49,0,76,0,2,25,0,27,0,29,74,0,103,12,0,12,115
06/16/2011,DPA,IL,AGL,CE,Towers with Radar,0,30,63,0,93,0,9,117,0,126,0,39,180,0,219,154,0,154,373
06/17/2011,DPA,IL,AGL,CE,Towers with Radar,0,30,56,0,86,0,17,127,0,144,0,47,183,0,230,82,0,82,312
06/18/2011,DPA,IL,AGL,CE,Towers with Radar,0,14,37,0,51,0,10,91,0,101,0,24,128,0,152,86,0,86,238
06/19/2011,DPA,IL,AGL,CE,Towers with Radar,0,6,44,0,50,0,5,65,0,70,0,11,109,0,120,140,0,140,260
06/20/2011,DPA,IL,AGL,CE,Towers with Radar,0,16,36,0,52,0,3,44,0,47,0,19,80,0,99,78,0,78,177
06/21/2011,DPA,IL,AGL,CE,Towers with Radar,0,31,52,0,83,0,12,75,0,87,0,43,127,0,170,132,0,132,302
06/22/2011,DPA,IL,AGL,CE,Towers with Radar,0,44,62,0,106,0,6,43,0,49,0,50,105,0,155,80,0,80,235
06/23/2011,DPA,IL,AGL,CE,Towers with Radar,0,43,70,0,113,0,8,38,0,46,0,51,108,0,159,70,0,70,229
06/24/2011,DPA,IL,AGL,CE,Towers with Radar,0,36,85,0,121,0,13,113,0,126,0,49,198,0,247,183,0,183,430
06/25/2011,DPA,IL,AGL,CE,Towers with Radar,0,12,30,0,42,0,15,148,1,164,0,27,178,1,206,212,0,212,418
06/26/2011,DPA,IL,AGL,CE,Towers with Radar,0,5,42,0,47,0,12,121,0,133,0,17,163,0,180,193,0,193,373
06/27/2011,DPA,IL,AGL,CE,Towers with Radar,0,10,51,0,61,0,11,60,0,71,0,21,111,0,132,36,0,36,168
06/28/2011,DPA,IL,AGL,CE,Towers with Radar,0,26,69,0,95,0,7,107,0,114,0,33,176,0,209,104,0,104,313
06/29/2011,DPA,IL,AGL,CE,Towers with Radar,0,41,60,0,101,0,11,96,0,107,0,52,156,0,208,144,0,144,352
06/30/2011,DPA,IL,AGL,CE,Towers with Radar,0,30,79,0,109,0,13,97,2,112,0,43,176,2,221,180,2,182,403
07/01/2011,DPA,IL,AGL,CE,Towers with Radar,0,36,48,0,84,0,15,86,0,101,0,51,134,0,185,97,0,97,282
07/02/2011,DPA,IL,AGL,CE,Towers with Radar,0,17,34,0,51,0,6,73,0,79,0,23,107,0,130,139,0,139,269
07/03/2011,DPA,IL,AGL,CE,Towers with Radar,0,3,26,0,29,0,8,96,0,104,0,11,122,0,133,86,0,86,219
07/04/2011,DPA,IL,AGL,CE,Towers with Radar,0,6,26,0,32,0,3,80,0,83,0,9,106,0,115,55,0,55,170
07/05/2011,DPA,IL,AGL,CE,Towers with Radar,0,4,52,0,56,0,8,136,0,144,0,12,188,0,200,152,0,152,352
07/06/2011,DPA,IL,AGL,CE,Towers with Radar,0,24,44,0,68,0,21,125,0,146,0,45,169,0,214,196,0,196,410
07/07/2011,DPA,IL,AGL,CE,Towers with Radar,0,29,48,0,77,0,12,126,0,138,0,41,174,0,215,128,0,128,343
07/08/2011,DPA,IL,AGL,CE,Towers with Radar,0,23,33,0,56,0,18,147,0,165,0,41,180,0,221,105,0,105,326
07/09/2011,DPA,IL,AGL,CE,Towers with Radar,0,20,31,0,51,0,11,158,0,169,0,31,189,0,220,126,0,126,346
07/10/2011,DPA,IL,AGL,CE,Towers with Radar,0,9,52,0,61,0,6,113,0,119,0,15,165,0,180,155,0,155,335
07/11/2011,DPA,IL,AGL,CE,Towers with Radar,0,14,50,0,64,0,8,57,0,65,0,22,107,0,129,32,0,32,161
07/12/2011,DPA,IL,AGL,CE,Towers with Radar,0,36,56,0,92,0,9,102,1,112,0,45,158,1,204,80,0,80,284
07/13/2011,DPA,IL,AGL,CE,Towers with Radar,0,37,54,2,93,0,11,115,0,126,0,48,169,2,219,84,0,84,303
07/14/2011,DPA,IL,AGL,CE,Towers with Radar,0,30,68,2,100,0,15,114,0,129,0,45,182,2,229,120,0,120,349
07/15/2011,DPA,IL,AGL,CE,Towers with Radar,0,26,55,0,81,0,9,117,0,126,0,35,172,0,207,115,0,115,322
07/16/2011,DPA,IL,AGL,CE,Towers with Radar,0,18,28,0,46,0,3,156,0,159,0,21,184,0,205,140,0,140,345
07/17/2011,DPA,IL,AGL,CE,Towers with Radar,0,18,34,0,52,0,7,89,0,96,0,25,123,0,148,146,0,146,294
07/18/2011,DPA,IL,AGL,CE,Towers with Radar,0,17,46,0,63,0,14,56,0,70,0,31,102,0,133,84,0,84,217
07/19/2011,DPA,IL,AGL,CE,Towers with Radar,0,35,41,0,76,0,5,100,0,105,0,40,141,0,181,94,0,94,275
07/20/2011,DPA,IL,AGL,CE,Towers with Radar,0,40,57,0,97,0,11,89,0,100,0,51,146,0,197,64,0,64,261
07/21/2011,DPA,IL,AGL,CE,Towers with Radar,0,29,62,1,92,0,17,89,2,108,0,46,151,3,200,144,2,146,346
07/22/2011,DPA,IL,AGL,CE,Towers with Radar,0,28,56,0,84,0,11,99,0,110,0,39,155,0,194,96,0,96,290
07/23/2011,DPA,IL,AGL,CE,Towers with Radar,0,19,23,0,42,0,3,55,0,58,0,22,78,0,100,66,2,68,168
07/24/2011,DPA,IL,AGL,CE,Towers with Radar,0,9,26,0,35,0,2,76,0,78,0,11,102,0,113,76,0,76,189
07/25/2011,DPA,IL,AGL,CE,Towers with Radar,0,11,37,0,48,0,17,120,0,137,0,28,157,0,185,142,0,142,327
07/26/2011,DPA,IL,AGL,CE,Towers with Radar,0,30,44,0,74,0,9,145,0,154,0,39,189,0,228,194,0,194,422
07/27/2011,DPA,IL,AGL,CE,Towers with Radar,0,31,55,0,86,0,18,61,0,79,0,49,116,0,165,72,0,72,237
07/28/2011,DPA,IL,AGL,CE,Towers with Radar,0,31,56,6,93,0,5,58,0,63,0,36,114,6,156,89,0,89,245
07/29/2011,DPA,IL,AGL,CE,Towers with Radar,0,25,47,0,72,0,10,105,0,115,0,35,152,0,187,104,0,104,291
07/30/2011,DPA,IL,AGL,CE,Towers with Radar,0,19,30,0,49,0,7,115,0,122,0,26,145,0,171,80,0,80,251
07/31/2011,DPA,IL,AGL,CE,Towers with Radar,0,5,52,2,59,0,3,112,3,118,0,8,164,5,177,111,0,111,288
08/01/2011,DPA,IL,AGL,CE,Towers with Radar,0,12,63,0,75,0,18,81,3,102,0,30,144,3,177,40,0,40,217
08/02/2011,DPA,IL,AGL,CE,Towers with Radar,0,32,47,0,79,0,8,68,0,76,0,40,115,0,155,121,0,121,276
08/03/2011,DPA,IL,AGL,CE,Towers with Radar,0,29,59,0,88,0,15,65,5,85,0,44,124,5,173,85,0,85,258
08/04/2011,DPA,IL,AGL,CE,Towers with Radar,0,30,50,2,82,0,4,117,0,121,0,34,167,2,203,100,0,100,303
08/05/2011,DPA,IL,AGL,CE,Towers with Radar,0,30,39,0,69,0,8,130,0,138,0,38,169,0,207,94,0,94,301
08/06/2011,DPA,IL,AGL,CE,Towers with Radar,0,17,41,0,58,0,11,79,0,90,0,28,120,0,148,96,0,96,244
08/07/2011,DPA,IL,AGL,CE,Towers with Radar,0,10,35,1,46,0,1,80,0,81,0,11,115,1,127,115,0,115,242
08/08/2011,DPA,IL,AGL,CE,Towers with Radar,0,7,46,0,53,0,4,62,0,66,0,11,108,0,119,108,0,108,227
08/09/2011,DPA,IL,AGL,CE,Towers with Radar,0,34,49,0,83,0,5,110,0,115,0,39,159,0,198,81,0,81,279
08/10/2011,DPA,IL,AGL,CE,Towers with Radar,0,24,74,0,98,0,2,123,0,125,0,26,197,0,223,128,0,128,351
08/11/2011,DPA,IL,AGL,CE,Towers with Radar,0,38,43,0,81,0,4,157,0,161,0,42,200,0,242,177,0,177,419
08/12/2011,DPA,IL,AGL,CE,Towers with Radar,0,33,50,0,83,0,10,106,0,116,0,43,156,0,199,70,0,70,269
08/13/2011,DPA,IL,AGL,CE,Towers with Radar,0,23,32,0,55,0,3,29,0,32,0,26,61,0,87,46,0,46,133
08/14/2011,DPA,IL,AGL,CE,Towers with Radar,0,10,45,0,55,0,1,96,0,97,0,11,141,0,152,154,0,154,306
08/15/2011,DPA,IL,AGL,CE,Towers with Radar,0,15,60,0,75,0,5,106,0,111,0,20,166,0,186,66,0,66,252
08/16/2011,DPA,IL,AGL,CE,Towers with Radar,0,31,69,4,104,0,1,104,0,105,0,32,173,4,209,126,0,126,335
08/17/2011,DPA,IL,AGL,CE,Towers with Radar,0,31,50,0,81,0,3,99,0,102,0,34,149,0,183,116,0,116,299
08/18/2011,DPA,IL,AGL,CE,Towers with Radar,0,39,46,0,85,0,2,134,0,136,0,41,180,0,221,140,0,140,361
08/19/2011,DPA,IL,AGL,CE,Towers with Radar,0,31,29,0,60,0,5,117,0,122,0,36,146,0,182,134,0,134,316
08/20/2011,DPA,IL,AGL,CE,Towers with Radar,0,15,20,0,35,0,1,51,0,52,0,16,71,0,87,106,0,106,193
08/21/2011,DPA,IL,AGL,CE,Towers with Radar,0,9,35,0,44,0,3,156,0,159,0,12,191,0,203,43,0,43,246
08/22/2011,DPA,IL,AGL,CE,Towers with Radar,0,18,52,0,70,0,3,113,0,116,0,21,165,0,186,102,0,102,288
08/23/2011,DPA,IL,AGL,CE,Towers with Radar,0,28,49,0,77,0,1,42,0,43,0,29,91,0,120,58,0,58,178
08/24/2011,DPA,IL,AGL,CE,Towers with Radar,0,35,79,0,114,0,0,86,1,87,0,35,165,1,201,40,0,40,241
08/25/2011,DPA,IL,AGL,CE,Towers with Radar,0,38,54,0,92,0,2,138,0,140,0,40,192,0,232,28,0,28,260
08/26/2011,DPA,IL,AGL,CE,Towers with Radar,0,29,34,0,63,0,3,132,0,135,0,32,166,0,198,137,0,137,335
08/27/2011,DPA,IL,AGL,CE,Towers with Radar,0,17,23,0,40,0,1,135,0,136,0,18,158,0,176,109,0,109,285
08/28/2011,DPA,IL,AGL,CE,Towers with Radar,0,7,38,0,45,0,3,160,0,163,0,10,198,0,208,133,0,133,341
08/29/2011,DPA,IL,AGL,CE,Towers with Radar,0,7,38,0,45,0,1,110,0,111,0,8,148,0,156,70,0,70,226
08/30/2011,DPA,IL,AGL,CE,Towers with Radar,0,36,49,0,85,0,0,77,0,77,0,36,126,0,162,115,0,115,277
08/31/2011,DPA,IL,AGL,CE,Towers with Radar,0,34,33,0,67,0,0,95,4,99,0,34,128,4,166,59,0,59,225
09/01/2011,DPA,IL,AGL,CE,Towers with Radar,0,29,53,0,82,0,1,91,2,94,0,30,144,2,176,54,0,54,230
09/02/2011,DPA,IL,AGL,CE,Towers with Radar,0,50,98,0,148,0,3,215,3,221,0,53,313,3,369,51,0,51,420
09/03/2011,DPA,IL,AGL,CE,Towers with Radar,0,15,16,0,31,0,0,74,0,74,0,15,90,0,105,48,0,48,153
09/04/2011,DPA,IL,AGL,CE,Towers with Radar,0,0,18,0,18,0,0,94,0,94,0,0,112,0,112,84,0,84,196
09/05/2011,DPA,IL,AGL,CE,Towers with Radar,0,11,34,0,45,0,0,71,2,73,0,11,105,2,118,42,0,42,160
09/06/2011,DPA,IL,AGL,CE,Towers with Radar,0,13,39,1,53,0,0,104,3,107,0,13,143,4,160,50,0,50,210
09/07/2011,DPA,IL,AGL,CE,Towers with Radar,0,35,54,2,91,0,0,94,3,97,0,35,148,5,188,42,0,42,230
09/08/2011,DPA,IL,AGL,CE,Towers with Radar,2,30,59,0,91,0,0,80,1,81,2,30,139,1,172,30,0,30,202
09/09/2011,DPA,IL,AGL,CE,Towers with Radar,0,28,66,0,94,0,0,52,1,53,0,28,118,1,147,16,0,16,163
09/10/2011,DPA,IL,AGL,CE,Towers with Radar,0,15,34,0,49,0,0,80,2,82,0,15,114,2,131,77,0,77,208
09/11/2011,DPA,IL,AGL,CE,Towers with Radar,0,6,51,0,57,0,0,124,3,127,0,6,175,3,184,86,0,86,270
09/12/2011,DPA,IL,AGL,CE,Towers with Radar,0,11,33,0,44,0,0,91,1,92,0,11,124,1,136,84,0,84,220
09/13/2011,DPA,IL,AGL,CE,Towers with Radar,0,27,66,0,93,0,0,120,3,123,0,27,186,3,216,84,0,84,300
09/14/2011,DPA,IL,AGL,CE,Towers with Radar,0,27,78,0,105,0,0,92,0,92,0,27,170,0,197,142,0,142,339
09/15/2011,DPA,IL,AGL,CE,Towers with Radar,0,33,65,0,98,0,1,113,1,115,0,34,178,1,213,155,0,155,368
09/16/2011,DPA,IL,AGL,CE,Towers with Radar,0,29,57,0,86,0,0,128,1,129,0,29,185,1,215,92,0,92,307
09/17/2011,DPA,IL,AGL,CE,Towers with Radar,0,15,35,0,50,0,1,178,0,179,0,16,213,0,229,73,0,73,302
09/18/2011,DPA,IL,AGL,CE,Towers with Radar,0,8,62,1,71,0,1,3,0,4,0,9,65,1,75,6,0,6,81
09/19/2011,DPA,IL,AGL,CE,Towers with Radar,1,14,54,0,69,0,0,40,0,40,1,14,94,0,109,68,0,68,177
09/20/2011,DPA,IL,AGL,CE,Towers with Radar,1,26,70,2,99,0,0,91,2,93,1,26,161,4,192,71,0,71,263
09/21/2011,DPA,IL,AGL,CE,Towers with Radar,0,34,48,0,82,0,0,103,1,104,0,34,151,1,186,77,0,77,263
09/22/2011,DPA,IL,AGL,CE,Towers with Radar,0,33,56,0,89,0,1,91,1,93,0,34,147,1,182,110,0,110,292
09/23/2011,DPA,IL,AGL,CE,Towers with Radar,0,34,51,1,86,0,0,101,1,102,0,34,152,2,188,109,0,109,297
09/24/2011,DPA,IL,AGL,CE,Towers with Radar,0,16,32,0,48,0,0,75,0,75,0,16,107,0,123,95,0,95,218
09/25/2011,DPA,IL,AGL,CE,Towers with Radar,0,8,42,0,50,0,0,24,0,24,0,8,66,0,74,103,0,103,177
09/26/2011,DPA,IL,AGL,CE,Towers with Radar,0,11,44,0,55,0,0,4,0,4,0,11,48,0,59,0,0,0,59
09/27/2011,DPA,IL,AGL,CE,Towers with Radar,0,35,69,1,105,0,0,21,0,21,0,35,90,1,126,20,0,20,146
09/28/2011,DPA,IL,AGL,CE,Towers with Radar,0,29,78,0,107,0,0,36,0,36,0,29,114,0,143,116,0,116,259
09/29/2011,DPA,IL,AGL,CE,Towers with Radar,0,25,44,4,73,0,0,63,1,64,0,25,107,5,137,53,0,53,190
09/30/2011,DPA,IL,AGL,CE,Towers with Radar,0,20,42,0,62,0,0,57,0,57,0,20,99,0,119,104,0,104,223
10/01/2011,DPA,IL,AGL,CE,Towers with Radar,0,12,34,0,46,0,0,109,0,109,0,12,143,0,155,69,0,69,224
10/02/2011,DPA,IL,AGL,CE,Towers with Radar,0,14,35,0,49,0,0,124,0,124,0,14,159,0,173,86,0,86,259
10/03/2011,DPA,IL,AGL,CE,Towers with Radar,0,13,36,0,49,0,1,131,3,135,0,14,167,3,184,100,0,100,284
10/04/2011,DPA,IL,AGL,CE,Towers with Radar,0,27,63,6,96,0,0,131,1,132,0,27,194,7,228,122,0,122,350
10/05/2011,DPA,IL,AGL,CE,Towers with Radar,0,38,51,5,94,0,0,118,2,120,0,38,169,7,214,175,0,175,389
10/06/2011,DPA,IL,AGL,CE,Towers with Radar,0,39,56,1,96,0,0,98,4,102,0,39,154,5,198,163,0,163,361
10/07/2011,DPA,IL,AGL,CE,Towers with Radar,0,33,53,0,86,0,0,95,0,95,0,33,148,0,181,140,0,140,321
10/08/2011,DPA,IL,AGL,CE,Towers with Radar,0,16,31,0,47,0,0,135,2,137,0,16,166,2,184,128,0,128,312
10/09/2011,DPA,IL,AGL,CE,Towers with Radar,0,11,35,0,46,0,0,134,1,135,0,11,169,1,181,170,0,170,351
10/10/2011,DPA,IL,AGL,CE,Towers with Radar,0,11,46,0,57,0,0,94,2,96,0,11,140,2,153,110,0,110,263
10/11/2011,DPA,IL,AGL,CE,Towers with Radar,2,14,59,0,75,0,4,110,1,115,2,18,169,1,190,118,0,118,308
10/12/2011,DPA,IL,AGL,CE,Towers with Radar,0,34,42,0,76,0,0,71,2,73,0,34,113,2,149,148,0,148,297
10/13/2011,DPA,IL,AGL,CE,Towers with Radar,0,28,52,0,80,0,0,11,0,11,0,28,63,0,91,18,0,18,109
10/14/2011,DPA,IL,AGL,CE,Towers with Radar,0,24,48,0,72,0,0,55,2,57,0,24,103,2,129,0,0,0,129
10/15/2011,DPA,IL,AGL,CE,Towers with Radar,0,18,18,0,36,0,0,45,1,46,0,18,63,1,82,44,0,44,126
10/16/2011,DPA,IL,AGL,CE,Towers with Radar,0,10,32,0,42,0,0,64,0,64,0,10,96,0,106,52,0,52,158
10/17/2011,DPA,IL,AGL,CE,Towers with Radar,0,18,42,0,60,0,0,89,0,89,0,18,131,0,149,84,0,84,233
10/18/2011,DPA,IL,AGL,CE,Towers with Radar,0,24,62,1,87,0,0,100,0,100,0,24,162,1,187,80,0,80,267
10/19/2011,DPA,IL,AGL,CE,Towers with Radar,0,24,54,0,78,0,0,15,0,15,0,24,69,0,93,2,0,2,95
10/20/2011,DPA,IL,AGL,CE,Towers with Radar,0,23,65,0,88,0,0,20,0,20,0,23,85,0,108,0,0,0,108
10/21/2011,DPA,IL,AGL,CE,Towers with Radar,0,31,54,1,86,0,1,142,1,144,0,32,196,2,230,115,0,115,345
10/22/2011,DPA,IL,AGL,CE,Towers with Radar,0,16,34,0,50,0,0,150,2,152,0,16,184,2,202,138,0,138,340
10/23/2011,DPA,IL,AGL,CE,Towers with Radar,0,12,50,0,62,0,0,107,1,108,0,12,157,1,170,66,0,66,236
10/24/2011,DPA,IL,AGL,CE,Towers with Radar,0,15,44,0,59,0,0,90,2,92,0,15,134,2,151,122,0,122,273
10/25/2011,DPA,IL,AGL,CE,Towers with Radar,0,27,66,0,93,0,0,63,3,66,0,27,129,3,159,112,0,112,271
10/26/2011,DPA,IL,AGL,CE,Towers with Radar,0,28,59,4,91,0,0,25,0,25,0,28,84,4,116,72,0,72,188
10/27/2011,DPA,IL,AGL,CE,Towers with Radar,0,27,56,1,84,0,0,93,1,94,0,27,149,2,178,122,2,124,302
10/28/2011,DPA,IL,AGL,CE,Towers with Radar,0,24,50,0,74,0,0,98,1,99,0,24,148,1,173,172,0,172,345
10/29/2011,DPA,IL,AGL,CE,Towers with Radar,0,13,29,0,42,0,0,132,1,133,0,13,161,1,175,119,0,119,294
10/30/2011,DPA,IL,AGL,CE,Towers with Radar,0,9,29,0,38,0,0,45,1,46,0,9,74,1,84,20,0,20,104
10/31/2011,DPA,IL,AGL,CE,Towers with Radar,0,6,33,0,39,0,0,68,2,70,0,6,101,2,109,52,0,52,161
11/01/2011,DPA,IL,AGL,CE,Towers with Radar,0,26,58,0,84,0,0,121,5,126,0,26,179,5,210,94,0,94,304
11/02/2011,DPA,IL,AGL,CE,Towers with Radar,0,29,51,0,80,0,1,65,3,69,0,30,116,3,149,62,0,62,211
11/03/2011,DPA,IL,AGL,CE,Towers with Radar,0,41,53,0,94,0,0,18,0,18,0,41,71,0,112,10,0,10,122
11/04/2011,DPA,IL,AGL,CE,Towers with Radar,0,24,45,2,71,0,0,119,2,121,0,24,164,4,192,162,0,162,354
11/05/2011,DPA,IL,AGL,CE,Towers with Radar,0,14,25,1,40,0,0,126,0,126,0,14,151,1,166,70,0,70,236
11/06/2011,DPA,IL,AGL,CE,Towers with Radar,0,8,30,0,38,0,0,23,0,23,0,8,53,0,61,6,0,6,67
11/07/2011,DPA,IL,AGL,CE,Towers with Radar,0,9,46,0,55,0,0,74,1,75,0,9,120,1,130,101,0,101,231
11/08/2011,DPA,IL,AGL,CE,Towers with Radar,1,32,55,0,88,0,0,0,0,0,1,32,55,0,88,0,0,0,88
11/09/2011,DPA,IL,AGL,CE,Towers with Radar,0,33,50,0,83,0,0,2,0,2,0,33,52,0,85,0,0,0,85
11/10/2011,DPA,IL,AGL,CE,Towers with Radar,0,26,49,1,76,0,0,61,0,61,0,26,110,1,137,49,0,49,186
11/11/2011,DPA,IL,AGL,CE,Towers with Radar,0,26,52,0,78,0,0,108,0,108,0,26,160,0,186,58,0,58,244
11/12/2011,DPA,IL,AGL,CE,Towers with Radar,0,11,26,0,37,0,1,125,1,127,0,12,151,1,164,160,0,160,324
11/13/2011,DPA,IL,AGL,CE,Towers with Radar,0,4,36,0,40,0,0,18,0,18,0,4,54,0,58,4,0,4,62
11/14/2011,DPA,IL,AGL,CE,Towers with Radar,0,8,45,0,53,0,0,85,0,85,0,8,130,0,138,144,0,144,282
11/15/2011,DPA,IL,AGL,CE,Towers with Radar,0,33,62,0,95,0,0,108,0,108,0,33,170,0,203,141,0,141,344
11/16/2011,DPA,IL,AGL,CE,Towers with Radar,0,40,58,2,100,0,0,82,1,83,0,40,140,3,183,44,0,44,227
11/17/2011,DPA,IL,AGL,CE,Towers with Radar,0,32,52,0,84,0,1,85,0,86,0,33,137,0,170,76,0,76,246
11/18/2011,DPA,IL,AGL,CE,Towers with Radar,0,23,49,2,74,0,0,22,1,23,0,23,71,3,97,2,0,2,99
11/19/2011,DPA,IL,AGL,CE,Towers with Radar,0,16,25,0,41,0,0,53,0,53,0,16,78,0,94,12,0,12,106
11/20/2011,DPA,IL,AGL,CE,Towers with Radar,0,5,22,0,27,0,0,66,0,66,0,5,88,0,93,120,0,120,213
11/21/2011,DPA,IL,AGL,CE,Towers with Radar,0,23,56,0,79,0,0,70,2,72,0,23,126,2,151,134,0,134,285
11/22/2011,DPA,IL,AGL,CE,Towers with Radar,0,47,78,0,125,0,0,7,0,7,0,47,85,0,132,0,0,0,132
11/23/2011,DPA,IL,AGL,CE,Towers with Radar,0,31,52,0,83,0,0,86,1,87,0,31,138,1,170,114,0,114,284
11/24/2011,DPA,IL,AGL,CE,Towers with Radar,0,17,16,0,33,0,0,1,0,1,0,17,17,0,34,0,0,0,34
11/25/2011,DPA,IL,AGL,CE,Towers with Radar,0,12,23,1,36,0,0,89,0,89,0,12,112,1,125,132,0,132,257
11/26/2011,DPA,IL,AGL,CE,Towers with Radar,0,20,31,0,51,0,0,3,0,3,0,20,34,0,54,18,0,18,72
11/27/2011,DPA,IL,AGL,CE,Towers with Radar,0,15,52,0,67,0,0,8,0,8,0,15,60,0,75,42,0,42,117
11/28/2011,DPA,IL,AGL,CE,Towers with Radar,0,18,41,0,59,0,0,61,0,61,0,18,102,0,120,180,0,180,300
11/29/2011,DPA,IL,AGL,CE,Towers with Radar,0,40,53,4,97,0,0,9,0,9,0,40,62,4,106,0,0,0,106
11/30/2011,DPA,IL,AGL,CE,Towers with Radar,0,44,57,1,102,0,0,140,2,142,0,44,197,3,244,140,0,140,384
12/01/2011,DPA,IL,AGL,CE,Towers with Radar,2,31,58,4,95,0,0,109,1,110,2,31,167,5,205,76,0,76,281
12/02/2011,DPA,IL,AGL,CE,Towers with Radar,0,31,36,0,67,0,0,60,1,61,0,31,96,1,128,89,0,89,217
12/03/2011,DPA,IL,AGL,CE,Towers with Radar,0,12,21,0,33,0,0,49,0,49,0,12,70,0,82,84,0,84,166
12/04/2011,DPA,IL,AGL,CE,Towers with Radar,0,7,19,0,26,0,0,4,0,4,0,7,23,0,30,6,0,6,36
12/05/2011,DPA,IL,AGL,CE,Towers with Radar,2,17,41,0,60,0,0,17,0,17,2,17,58,0,77,28,0,28,105
12/06/2011,DPA,IL,AGL,CE,Towers with Radar,0,26,49,1,76,0,0,86,0,86,0,26,135,1,162,121,0,121,283
12/07/2011,DPA,IL,AGL,CE,Towers with Radar,0,22,35,3,60,0,0,110,2,112,0,22,145,5,172,0,0,0,172
12/08/2011,DPA,IL,AGL,CE,Towers with Radar,0,31,46,0,77,0,0,88,1,89,0,31,134,1,166,46,0,46,212
12/09/2011,DPA,IL,AGL,CE,Towers with Radar,0,28,50,0,78,0,2,74,1,77,0,30,124,1,155,98,12,110,265
12/10/2011,DPA,IL,AGL,CE,Towers with Radar,0,18,29,0,47,0,0,115,1,116,0,18,144,1,163,124,12,136,299
12/11/2011,DPA,IL,AGL,CE,Towers with Radar,0,5,25,0,30,0,0,159,2,161,0,5,184,2,191,136,0,136,327
12/12/2011,DPA,IL,AGL,CE,Towers with Radar,0,7,48,0,55,0,0,77,0,77,0,7,125,0,132,73,0,73,205
12/13/2011,DPA,IL,AGL,CE,Towers with Radar,0,20,45,0,65,0,0,41,0,41,0,20,86,0,106,236,0,236,342
12/14/2011,DPA,IL,AGL,CE,Towers with Radar,0,28,45,0,73,0,0,0,0,0,0,28,45,0,73,0,0,0,73
12/15/2011,DPA,IL,AGL,CE,Towers with Radar,0,18,54,0,72,0,0,40,0,40,0,18,94,0,112,18,0,18,130
12/16/2011,DPA,IL,AGL,CE,Towers with Radar,0,27,52,0,79,0,0,117,0,117,0,27,169,0,196,113,0,113,309
12/17/2011,DPA,IL,AGL,CE,Towers with Radar,0,18,17,0,35,0,0,34,0,34,0,18,51,0,69,57,0,57,126
12/18/2011,DPA,IL,AGL,CE,Towers with Radar,0,12,20,0,32,0,0,85,2,87,0,12,105,2,119,51,0,51,170
12/19/2011,DPA,IL,AGL,CE,Towers with Radar,0,15,50,0,65,0,2,63,0,65,0,17,113,0,130,103,0,103,233
12/20/2011,DPA,IL,AGL,CE,Towers with Radar,0,28,39,3,70,0,0,17,0,17,0,28,56,3,87,6,0,6,93
12/21/2011,DPA,IL,AGL,CE,Towers with Radar,0,33,51,0,84,0,0,2,0,2,0,33,53,0,86,0,0,0,86
12/22/2011,DPA,IL,AGL,CE,Towers with Radar,0,27,43,0,70,0,0,5,0,5,0,27,48,0,75,2,0,2,77
12/23/2011,DPA,IL,AGL,CE,Towers with Radar,0,22,30,1,53,0,0,127,0,127,0,22,157,1,180,26,0,26,206
12/24/2011,DPA,IL,AGL,CE,Towers with Radar,0,10,6,0,16,0,0,58,0,58,0,10,64,0,74,42,0,42,116
12/25/2011,DPA,IL,AGL,CE,Towers with Radar,0,7,5,0,12,0,1,10,0,11,0,8,15,0,23,0,0,0,23
12/26/2011,DPA,IL,AGL,CE,Towers with Radar,0,29,47,0,76,0,0,108,0,108,0,29,155,0,184,115,0,115,299
12/27/2011,DPA,IL,AGL,CE,Towers with Radar,0,20,33,1,54,0,0,26,0,26,0,20,59,1,80,20,0,20,100
12/28/2011,DPA,IL,AGL,CE,Towers with Radar,0,28,34,1,63,0,0,99,1,100,0,28,133,2,163,96,0,96,259
12/29/2011,DPA,IL,AGL,CE,Towers with Radar,0,22,35,1,58,0,0,109,1,110,0,22,144,2,168,48,0,48,216
12/30/2011,DPA,IL,AGL,CE,Towers with Radar,0,22,20,0,42,0,0,6,0,6,0,22,26,0,48,9,0,9,57
12/31/2011,DPA,IL,AGL,CE,Towers with Radar,0,14,18,0,32,0,0,1,0,1,0,14,19,0,33,0,0,0,33
01/01/2012,DPA,IL,AGL,CE,Towers with Radar,0,15,13,0,28,0,0,4,0,4,0,15,17,0,32,0,0,0,32
01/02/2012,DPA,IL,AGL,CE,Towers with Radar,0,20,34,0,54,0,0,10,0,10,0,20,44,0,64,26,0,26,90
01/03/2012,DPA,IL,AGL,CE,Towers with Radar,0,13,37,2,52,0,0,81,3,84,0,13,118,5,136,92,0,92,228
01/04/2012,DPA,IL,AGL,CE,Towers with Radar,0,28,37,1,66,0,0,84,2,86,0,28,121,3,152,63,0,63,215
01/05/2012,DPA,IL,AGL,CE,Towers with Radar,0,21,26,0,47,0,0,100,4,104,0,21,126,4,151,26,0,26,177
01/06/2012,DPA,IL,AGL,CE,Towers with Radar,0,21,34,2,57,0,0,101,7,108,0,21,135,9,165,50,0,50,215
01/07/2012,DPA,IL,AGL,CE,Towers with Radar,0,17,26,0,43,0,0,158,0,158,0,17,184,0,201,132,0,132,333
01/08/2012,DPA,IL,AGL,CE,Towers with Radar,0,5,28,2,35,0,0,115,2,117,0,5,143,4,152,128,0,128,280
01/09/2012,DPA,IL,AGL,CE,Towers with Radar,0,8,17,1,26,0,2,38,3,43,0,10,55,4,69,28,0,28,97
01/10/2012,DPA,IL,AGL,CE,Towers with Radar,0,18,36,1,55,0,0,106,2,108,0,18,142,3,163,110,8,118,281
01/11/2012,DPA,IL,AGL,CE,Towers with Radar,0,16,51,0,67,0,0,54,4,58,0,16,105,4,125,110,0,110,235
01/12/2012,DPA,IL,AGL,CE,Towers with Radar,0,17,27,0,44,0,0,5,0,5,0,17,32,0,49,0,0,0,49
01/13/2012,DPA,IL,AGL,CE,Towers with Radar,0,23,39,4,66,0,0,23,3,26,0,23,62,7,92,0,0,0,92
01/14/2012,DPA,IL,AGL,CE,Towers with Radar,0,12,29,0,41,0,0,41,0,41,0,12,70,0,82,80,0,80,162
01/15/2012,DPA,IL,AGL,CE,Towers with Radar,0,2,18,0,20,0,0,72,0,72,0,2,90,0,92,79,0,79,171
01/16/2012,DPA,IL,AGL,CE,Towers with Radar,0,7,41,0,48,0,0,54,4,58,0,7,95,4,106,93,0,93,199
01/17/2012,DPA,IL,AGL,CE,Towers with Radar,2,26,35,0,63,0,0,8,0,8,2,26,43,0,71,0,0,0,71
01/18/2012,DPA,IL,AGL,CE,Towers with Radar,0,24,49,0,73,0,0,93,3,96,0,24,142,3,169,104,0,104,273
01/19/2012,DPA,IL,AGL,CE,Towers with Radar,0,22,38,0,60,0,0,45,3,48,0,22,83,3,108,30,0,30,138
01/20/2012,DPA,IL,AGL,CE,Towers with Radar,0,20,29,0,49,0,0,14,0,14,0,20,43,0,63,18,0,18,81
01/21/2012,DPA,IL,AGL,CE,Towers with Radar,0,12,23,2,37,0,0,43,0,43,0,12,66,2,80,44,0,44,124
01/22/2012,DPA,IL,AGL,CE,Towers with Radar,0,3,12,0,15,0,0,2,0,2,0,3,14,0,17,0,0,0,17
01/23/2012,DPA,IL,AGL,CE,Towers with Radar,0,7,42,0,49,0,0,2,0,2,0,7,44,0,51,0,0,0,51
01/24/2012,DPA,IL,AGL,CE,Towers with Radar,0,44,39,0,83,0,0,79,2,81,0,44,118,2,164,80,0,80,244
01/25/2012,DPA,IL,AGL,CE,Towers with Radar,0,26,50,6,82,0,0,70,3,73,0,26,120,9,155,146,0,146,301
01/26/2012,DPA,IL,AGL,CE,Towers with Radar,0,32,47,0,79,0,0,1,0,1,0,32,48,0,80,6,0,6,86
01/27/2012,DPA,IL,AGL,CE,Towers with Radar,0,23,49,0,72,0,0,97,4,101,0,23,146,4,173,91,0,91,264
01/28/2012,DPA,IL,AGL,CE,Towers with Radar,0,13,15,0,28,0,0,58,0,58,0,13,73,0,86,36,0,36,122
01/29/2012,DPA,IL,AGL,CE,Towers with Radar,0,3,24,1,28,0,0,72,1,73,0,3,96,2,101,76,0,76,177
01/30/2012,DPA,IL,AGL,CE,Towers with Radar,0,7,28,0,35,0,0,50,0,50,0,7,78,0,85,6,0,6,91
01/31/2012,DPA,IL,AGL,CE,Towers with Radar,0,27,53,1,81,0,0,44,0,44,0,27,97,1,125,8,0,8,133
02/01/2012,DPA,IL,AGL,CE,Towers with Radar,0,25,40,0,65,0,0,43,1,44,0,25,83,1,109,130,0,130,239
02/02/2012,DPA,IL,AGL,CE,Towers with Radar,0,21,38,0,59,0,0,2,0,2,0,21,40,0,61,0,0,0,61
02/03/2012,DPA,IL,AGL,CE,Towers with Radar,0,26,51,0,77,0,0,9,0,9,0,26,60,0,86,38,0,38,124
02/04/2012,DPA,IL,AGL,CE,Towers with Radar,0,20,28,0,48,0,0,40,0,40,0,20,68,0,88,144,0,144,232
02/05/2012,DPA,IL,AGL,CE,Towers with Radar,0,4,15,0,19,0,0,93,0,93,0,4,108,0,112,236,0,236,348
02/06/2012,DPA,IL,AGL,CE,Towers with Radar,0,18,39,0,57,0,0,3,0,3,0,18,42,0,60,0,0,0,60
02/07/2012,DPA,IL,AGL,CE,Towers with Radar,0,22,30,1,53,0,1,15,0,16,0,23,45,1,69,4,0,4,73
02/08/2012,DPA,IL,AGL,CE,Towers with Radar,0,28,45,0,73,0,1,111,1,113,0,29,156,1,186,126,8,134,320
02/09/2012,DPA,IL,AGL,CE,Towers with Radar,0,24,33,0,57,0,0,95,1,96,0,24,128,1,153,66,4,70,223
02/10/2012,DPA,IL,AGL,CE,Towers with Radar,0,34,36,0,70,0,0,12,0,12,0,34,48,0,82,28,0,28,110
02/11/2012,DPA,IL,AGL,CE,Towers with Radar,2,14,18,0,34,0,0,38,0,38,2,14,56,0,72,13,0,13,85
02/12/2012,DPA,IL,AGL,CE,Towers with Radar,0,9,33,0,42,0,0,116,0,116,0,9,149,0,158,147,0,147,305
02/13/2012,DPA,IL,AGL,CE,Towers with Radar,0,10,39,0,49,0,0,25,1,26,0,10,64,1,75,128,0,128,203
02/14/2012,DPA,IL,AGL,CE,Towers with Radar,0,25,29,0,54,0,0,11,0,11,0,25,40,0,65,0,0,0,65
02/15/2012,DPA,IL,AGL,CE,Towers with Radar,0,27,57,0,84,0,0,37,0,37,0,27,94,0,121,83,0,83,204
02/16/2012,DPA,IL,AGL,CE,Towers with Radar,0,30,41,3,74,0,0,53,2,55,0,30,94,5,129,62,2,64,193
02/17/2012,DPA,IL,AGL,CE,Towers with Radar,0,29,45,0,74,0,0,95,2,97,0,29,140,2,171,110,0,110,281
02/18/2012,DPA,IL,AGL,CE,Towers with Radar,1,14,21,0,36,0,0,125,0,125,1,14,146,0,161,254,0,254,415
02/19/2012,DPA,IL,AGL,CE,Towers with Radar,0,17,30,0,47,0,0,123,0,123,0,17,153,0,170,257,0,257,427
02/20/2012,DPA,IL,AGL,CE,Towers with Radar,0,11,52,0,63,0,0,123,1,124,0,11,175,1,187,115,0,115,302
02/21/2012,DPA,IL,AGL,CE,Towers with Radar,0,27,40,1,68,0,0,11,0,11,0,27,51,1,79,6,0,6,85
02/22/2012,DPA,IL,AGL,CE,Towers with Radar,0,27,58,0,85,0,0,61,0,61,0,27,119,0,146,100,0,100,246
02/23/2012,DPA,IL,AGL,CE,Towers with Radar,0,23,36,0,59,0,0,2,0,2,0,23,38,0,61,12,0,12,73
02/24/2012,DPA,IL,AGL,CE,Towers with Radar,0,16,33,0,49,0,0,12,0,12,0,16,45,0,61,10,0,10,71
02/25/2012,DPA,IL,AGL,CE,Towers with Radar,0,17,25,0,42,0,0,114,0,114,0,17,139,0,156,122,0,122,278
02/26/2012,DPA,IL,AGL,CE,Towers with Radar,0,5,18,0,23,0,0,38,0,38,0,5,56,0,61,32,0,32,93
02/27/2012,DPA,IL,AGL,CE,Towers with Radar,0,8,28,1,37,0,0,79,0,79,0,8,107,1,116,64,0,64,180
02/28/2012,DPA,IL,AGL,CE,Towers with Radar,0,19,39,0,58,0,0,70,2,72,0,19,109,2,130,118,0,118,248
02/29/2012,DPA,IL,AGL,CE,Towers with Radar,0,27,27,0,54,0,0,14,0,14,0,27,41,0,68,2,0,2,70
03/01/2012,DPA,IL,AGL,CE,Towers with Radar,0,22,40,1,63,0,0,38,0,38,0,22,78,1,101,126,0,126,227
03/02/2012,DPA,IL,AGL,CE,Towers with Radar,0,16,35,1,52,0,0,11,1,12,0,16,46,2,64,18,0,18,82
03/03/2012,DPA,IL,AGL,CE,Towers with Radar,0,17,25,0,42,0,0,18,0,18,0,17,43,0,60,22,0,22,82
03/04/2012,DPA,IL,AGL,CE,Towers with Radar,0,8,23,0,31,0,0,42,1,43,0,8,65,1,74,158,0,158,232
03/05/2012,DPA,IL,AGL,CE,Towers with Radar,0,12,38,0,50,0,0,101,2,103,0,12,139,2,153,138,0,138,291
03/06/2012,DPA,IL,AGL,CE,Towers with Radar,0,21,42,2,65,0,0,19,3,22,0,21,61,5,87,12,0,12,99
03/07/2012,DPA,IL,AGL,CE,Towers with Radar,1,21,62,0,84,0,0,11,0,11,1,21,73,0,95,10,0,10,105
03/08/2012,DPA,IL,AGL,CE,Towers with Radar,0,27,46,2,75,0,0,50,1,51,0,27,96,3,126,18,0,18,144
03/09/2012,DPA,IL,AGL,CE,Towers with Radar,1,25,38,0,64,0,0,110,1,111,1,25,148,1,175,72,0,72,247
03/10/2012,DPA,IL,AGL,CE,Towers with Radar,0,18,15,0,33,0,0,89,1,90,0,18,104,1,123,48,0,48,171
03/11/2012,DPA,IL,AGL,CE,Towers with Radar,0,4,20,0,24,0,0,124,0,124,0,4,144,0,148,186,0,186,334
03/12/2012,DPA,IL,AGL,CE,Towers with Radar,0,11,46,1,58,0,0,21,0,21,0,11,67,1,79,6,0,6,85
03/13/2012,DPA,IL,AGL,CE,Towers with Radar,0,24,50,3,77,0,1,147,3,151,0,25,197,6,228,173,0,173,401
03/14/2012,DPA,IL,AGL,CE,Towers with Radar,0,21,64,2,87,0,0,117,2,119,0,21,181,4,206,133,0,133,339
03/15/2012,DPA,IL,AGL,CE,Towers with Radar,0,23,48,1,72,0,0,76,2,78,0,23,124,3,150,0,0,0,150
03/16/2012,DPA,IL,AGL,CE,Towers with Radar,0,24,57,2,83,0,0,48,6,54,0,24,105,8,137,24,0,24,161
03/17/2012,DPA,IL,AGL,CE,Towers with Radar,0,16,20,2,38,0,0,143,0,143,0,16,163,2,181,168,0,168,349
03/18/2012,DPA,IL,AGL,CE,Towers with Radar,0,6,25,2,33,0,0,149,0,149,0,6,174,2,182,116,0,116,298
03/19/2012,DPA,IL,AGL,CE,Towers with Radar,0,10,35,0,45,0,0,48,0,48,0,10,83,0,93,74,0,74,167
03/20/2012,DPA,IL,AGL,CE,Towers with Radar,0,19,41,0,60,0,0,76,0,76,0,19,117,0,136,64,0,64,200
03/21/2012,DPA,IL,AGL,CE,Towers with Radar,0,24,55,0,79,0,0,102,0,102,0,24,157,0,181,134,0,134,315
03/22/2012,DPA,IL,AGL,CE,Towers with Radar,0,24,39,1,64,0,1,47,3,51,0,25,86,4,115,64,0,64,179
03/23/2012,DPA,IL,AGL,CE,Towers with Radar,0,35,58,0,93,0,0,16,0,16,0,35,74,0,109,4,0,4,113
03/24/2012,DPA,IL,AGL,CE,Towers with Radar,0,34,54,0,88,0,0,8,0,8,0,34,62,0,96,16,0,16,112
03/25/2012,DPA,IL,AGL,CE,Towers with Radar,0,9,37,0,46,0,3,131,0,134,0,12,168,0,180,172,0,172,352
03/26/2012,DPA,IL,AGL,CE,Towers with Radar,0,13,31,1,45,0,0,76,0,76,0,13,107,1,121,72,0,72,193
03/27/2012,DPA,IL,AGL,CE,Towers with Radar,0,17,34,1,52,0,0,61,3,64,0,17,95,4,116,30,0,30,146
03/28/2012,DPA,IL,AGL,CE,Towers with Radar,0,24,38,0,62,0,0,53,2,55,0,24,91,2,117,32,0,32,149
03/29/2012,DPA,IL,AGL,CE,Towers with Radar,0,24,37,0,61,0,0,125,2,127,0,24,162,2,188,86,0,86,274
03/30/2012,DPA,IL,AGL,CE,Towers with Radar,0,29,56,0,85,0,2,19,0,21,0,31,75,0,106,58,0,58,164
03/31/2012,DPA,IL,AGL,CE,Towers with Radar,0,23,36,0,59,0,0,56,0,56,0,23,92,0,115,148,0,148,263
04/01/2012,DPA,IL,AGL,CE,Towers with Radar,0,14,38,4,56,0,0,32,0,32,0,14,70,4,88,192,0,192,280
04/02/2012,DPA,IL,AGL,CE,Towers with Radar,0,19,30,1,50,0,0,77,5,82,0,19,107,6,132,96,0,96,228
04/03/2012,DPA,IL,AGL,CE,Towers with Radar,0,28,48,0,76,0,0,97,2,99,0,28,145,2,175,158,0,158,333
04/04/2012,DPA,IL,AGL,CE,Towers with Radar,0,22,30,0,52,0,0,99,3,102,0,22,129,3,154,96,0,96,250
04/05/2012,DPA,IL,AGL,CE,Towers with Radar,0,40,34,2,76,0,1,86,5,92,0,41,120,7,168,88,0,88,256
04/06/2012,DPA,IL,AGL,CE,Towers with Radar,0,20,27,0,47,0,2,135,0,137,0,22,162,0,184,162,0,162,346
04/07/2012,DPA,IL,AGL,CE,Towers with Radar,0,14,22,0,36,0,1,123,0,124,0,15,145,0,160,202,0,202,362
04/08/2012,DPA,IL,AGL,CE,Towers with Radar,0,12,10,0,22,0,0,51,0,51,0,12,61,0,73,50,0,50,123
04/09/2012,DPA,IL,AGL,CE,Towers with Radar,0,13,38,0,51,0,0,47,2,49,0,13,85,2,100,12,0,12,112
04/10/2012,DPA,IL,AGL,CE,Towers with Radar,0,21,64,2,87,0,0,61,1,62,0,21,125,3,149,34,0,34,183
04/11/2012,DPA,IL,AGL,CE,Towers with Radar,0,20,49,1,70,0,0,126,1,127,0,20,175,2,197,178,0,178,375
04/12/2012,DPA,IL,AGL,CE,Towers with Radar,0,33,49,2,84,0,0,118,4,122,0,33,167,6,206,122,0,122,328
04/13/2012,DPA,IL,AGL,CE,Towers with Radar,0,28,33,0,61,0,0,68,1,69,0,28,101,1,130,52,0,52,182
04/14/2012,DPA,IL,AGL,CE,Towers with Radar,0,17,43,0,60,0,0,27,0,27,0,17,70,0,87,109,0,109,196
04/15/2012,DPA,IL,AGL,CE,Towers with Radar,0,11,25,0,36,0,0,25,0,25,0,11,50,0,61,12,0,12,73
04/16/2012,DPA,IL,AGL,CE,Towers with Radar,0,14,44,0,58,0,0,14,0,14,0,14,58,0,72,21,0,21,93
04/17/2012,DPA,IL,AGL,CE,Towers with Radar,0,25,75,0,100,0,0,124,0,124,0,25,199,0,224,182,0,182,406
04/18/2012,DPA,IL,AGL,CE,Towers with Radar,0,26,53,0,79,0,1,68,3,72,0,27,121,3,151,48,0,48,199
04/19/2012,DPA,IL,AGL,CE,Towers with Radar,0,29,67,0,96,0,0,62,1,63,0,29,129,1,159,44,0,44,203
04/20/2012,DPA,IL,AGL,CE,Towers with Radar,0,19,48,0,67,0,0,20,0,20,0,19,68,0,87,20,0,20,107
04/21/2012,DPA,IL,AGL,CE,Towers with Radar,0,22,24,0,46,0,1,151,0,152,0,23,175,0,198,90,0,90,288
04/22/2012,DPA,IL,AGL,CE,Towers with Radar,0,6,40,0,46,0,1,81,0,82,0,7,121,0,128,48,0,48,176
04/23/2012,DPA,IL,AGL,CE,Towers with Radar,0,7,50,0,57,0,1,88,1,90,0,8,138,1,147,52,0,52,199
04/24/2012,DPA,IL,AGL,CE,Towers with Radar,0,23,42,0,65,0,1,114,5,120,0,24,156,5,185,160,0,160,345
04/25/2012,DPA,IL,AGL,CE,Towers with Radar,0,22,49,0,71,0,0,56,2,58,0,22,105,2,129,162,0,162,291
04/26/2012,DPA,IL,AGL,CE,Towers with Radar,0,22,64,0,86,0,0,71,0,71,0,22,135,0,157,54,0,54,211
04/27/2012,DPA,IL,AGL,CE,Towers with Radar,0,22,45,2,69,0,0,111,2,113,0,22,156,4,182,120,0,120,302
04/28/2012,DPA,IL,AGL,CE,Towers with Radar,0,17,23,0,40,0,0,39,0,39,0,17,62,0,79,130,0,130,209
04/29/2012,DPA,IL,AGL,CE,Towers with Radar,0,2,39,0,41,0,0,104,0,104,0,2,143,0,145,60,0,60,205
04/30/2012,DPA,IL,AGL,CE,Towers with Radar,0,14,61,0,75,0,0,8,0,8,0,14,69,0,83,12,0,12,95
05/01/2012,DPA,IL,AGL,CE,Towers with Radar,0,31,67,1,99,0,1,24,2,27,0,32,91,3,126,70,0,70,196
05/02/2012,DPA,IL,AGL,CE,Towers with Radar,0,28,57,0,85,0,0,59,7,66,0,28,116,7,151,50,0,50,201
05/03/2012,DPA,IL,AGL,CE,Towers with Radar,0,29,67,0,96,0,0,50,0,50,0,29,117,0,146,38,0,38,184
05/04/2012,DPA,IL,AGL,CE,Towers with Radar,0,35,40,0,75,0,0,67,2,69,0,35,107,2,144,58,0,58,202
05/05/2012,DPA,IL,AGL,CE,Towers with Radar,0,18,40,1,59,0,0,2,0,2,0,18,42,1,61,32,0,32,93
05/06/2012,DPA,IL,AGL,CE,Towers with Radar,0,17,44,0,61,0,1,27,0,28,0,18,71,0,89,16,0,16,105
05/07/2012,DPA,IL,AGL,CE,Towers with Radar,0,13,47,0,60,0,1,17,0,18,0,14,64,0,78,26,0,26,104
05/08/2012,DPA,IL,AGL,CE,Towers with Radar,0,23,65,0,88,0,0,138,3,141,0,23,203,3,229,136,0,136,365
05/09/2012,DPA,IL,AGL,CE,Towers with Radar,0,22,49,0,71,0,0,97,2,99,0,22,146,2,170,120,12,132,302
05/10/2012,DPA,IL,AGL,CE,Towers with Radar,0,21,55,3,79,0,0,160,5,165,0,21,215,8,244,162,0,162,406
05/11/2012,DPA,IL,AGL,CE,Towers with Radar,0,23,57,1,81,0,3,152,1,156,0,26,209,2,237,100,0,100,337
05/12/2012,DPA,IL,AGL,CE,Towers with Radar,0,21,32,0,53,0,0,133,0,133,0,21,165,0,186,89,0,89,275
05/13/2012,DPA,IL,AGL,CE,Towers with Radar,0,7,23,0,30,0,0,109,1,110,0,7,132,1,140,82,0,82,222
05/14/2012,DPA,IL,AGL,CE,Towers with Radar,0,15,38,1,54,0,2,112,0,114,0,17,150,1,168,42,0,42,210
05/15/2012,DPA,IL,AGL,CE,Towers with Radar,0,27,44,0,71,0,0,114,4,118,0,27,158,4,189,78,0,78,267
05/16/2012,DPA,IL,AGL,CE,Towers with Radar,0,31,48,5,84,0,0,112,7,119,0,31,160,12,203,120,2,122,325
05/17/2012,DPA,IL,AGL,CE,Towers with Radar,2,23,54,0,79,0,0,125,6,131,2,23,179,6,210,43,0,43,253
05/18/2012,DPA,IL,AGL,CE,Towers with Radar,2,27,52,0,81,0,1,64,2,67,2,28,116,2,148,46,0,46,194
05/19/2012,DPA,IL,AGL,CE,Towers with Radar,0,18,20,1,39,0,1,75,5,81,0,19,95,6,120,60,0,60,180
05/20/2012,DPA,IL,AGL,CE,Towers with Radar,0,16,58,2,76,0,1,9,5,15,0,17,67,7,91,0,0,0,91
05/21/2012,DPA,IL,AGL,CE,Towers with Radar,0,18,75,9,102,0,0,24,3,27,0,18,99,12,129,12,8,20,149
05/22/2012,DPA,IL,AGL,CE,Towers with Radar,0,27,61,3,91,0,0,115,3,118,0,27,176,6,209,110,0,110,319
05/23/2012,DPA,IL,AGL,CE,Towers with Radar,0,25,47,0,72,0,3,145,4,152,0,28,192,4,224,130,0,130,354
05/24/2012,DPA,IL,AGL,CE,Towers with Radar,0,29,46,0,75,0,1,49,4,54,0,30,95,4,129,6,0,6,135
05/25/2012,DPA,IL,AGL,CE,Towers with Radar,0,26,43,0,69,0,3,133,3,139,0,29,176,3,208,100,0,100,308
05/26/2012,DPA,IL,AGL,CE,Towers with Radar,0,19,23,0,42,0,3,64,0,67,0,22,87,0,109,34,0,34,143
05/27/2012,DPA,IL,AGL,CE,Towers with Radar,0,8,15,0,23,0,0,108,3,111,0,8,123,3,134,70,0,70,204
05/28/2012,DPA,IL,AGL,CE,Towers with Radar,0,16,29,0,45,0,2,42,3,47,0,18,71,3,92,12,0,12,104
05/29/2012,DPA,IL,AGL,CE,Towers with Radar,0,17,37,2,56,0,2,84,5,91,0,19,121,7,147,57,0,57,204
05/30/2012,DPA,IL,AGL,CE,Towers with Radar,0,21,55,2,78,0,2,117,2,121,0,23,172,4,199,49,0,49,248
05/31/2012,DPA,IL,AGL,CE,Towers with Radar,0,32,53,0,85,0,1,17,0,18,0,33,70,0,103,34,0,34,137
06/01/2012,DPA,IL,AGL,CE,Towers with Radar,0,27,52,0,79,0,1,42,5,48,0,28,94,5,127,16,0,16,143
06/02/2012,DPA,IL,AGL,CE,Towers with Radar,0,24,56,3,83,0,2,54,1,57,0,26,110,4,140,70,0,70,210
06/03/2012,DPA,IL,AGL,CE,Towers with Radar,0,17,34,0,51,0,1,119,1,121,0,18,153,1,172,154,0,154,326
06/04/2012,DPA,IL,AGL,CE,Towers with Radar,2,15,64,1,82,0,2,109,0,111,2,17,173,1,193,78,0,78,271
06/05/2012,DPA,IL,AGL,CE,Towers with Radar,0,27,70,0,97,0,0,98,3,101,0,27,168,3,198,135,0,135,333
06/06/2012,DPA,IL,AGL,CE,Towers with Radar,0,31,52,1,84,0,3,138,5,146,0,34,190,6,230,88,0,88,318
06/07/2012,DPA,IL,AGL,CE,Towers with Radar,0,22,37,0,59,0,3,131,4,138,0,25,168,4,197,71,0,71,268
06/08/2012,DPA,IL,AGL,CE,Towers with Radar,0,33,44,0,77,0,1,133,4,138,0,34,177,4,215,82,0,82,297
06/09/2012,DPA,IL,AGL,CE,Towers with Radar,0,14,39,0,53,0,4,123,2,129,0,18,162,2,182,96,0,96,278
06/10/2012,DPA,IL,AGL,CE,Towers with Radar,0,12,40,0,52,0,1,91,2,94,0,13,131,2,146,104,0,104,250
06/11/2012,DPA,IL,AGL,CE,Towers with Radar,0,13,39,1,53,0,1,82,1,84,0,14,121,2,137,132,0,132,269
06/12/2012,DPA,IL,AGL,CE,Towers with Radar,2,26,59,2,89,0,1,136,4,141,2,27,195,6,230,132,0,132,362
06/13/2012,DPA,IL,AGL,CE,Towers with Radar,2,26,45,0,73,0,2,131,4,137,2,28,176,4,210,108,0,108,318
06/14/2012,DPA,IL,AGL,CE,Towers with Radar,0,27,61,0,88,0,3,137,3,143,0,30,198,3,231,128,0,128,359
06/15/2012,DPA,IL,AGL,CE,Towers with Radar,0,27,58,0,85,0,1,107,2,110,0,28,165,2,195,69,0,69,264
06/16/2012,DPA,IL,AGL,CE,Towers with Radar,0,19,90,0,109,0,0,27,3,30,0,19,117,3,139,0,0,0,139
06/17/2012,DPA,IL,AGL,CE,Towers with Radar,0,6,67,1,74,0,1,31,4,36,0,7,98,5,110,28,0,28,138
06/18/2012,DPA,IL,AGL,CE,Towers with Radar,1,14,51,2,68,0,0,45,2,47,1,14,96,4,115,30,0,30,145
06/19/2012,DPA,IL,AGL,CE,Towers with Radar,1,29,52,0,82,0,1,73,6,80,1,30,125,6,162,54,0,54,216
06/20/2012,DPA,IL,AGL,CE,Towers with Radar,0,20,57,0,77,0,3,83,4,90,0,23,140,4,167,54,0,54,221
06/21/2012,DPA,IL,AGL,CE,Towers with Radar,0,35,47,0,82,0,1,127,3,131,0,36,174,3,213,100,0,100,313
06/22/2012,DPA,IL,AGL,CE,Towers with Radar,0,28,48,0,76,0,0,160,1,161,0,28,208,1,237,62,0,62,299
06/23/2012,DPA,IL,AGL,CE,Towers with Radar,0,23,30,1,54,0,3,132,0,135,0,26,162,1,189,106,0,106,295
06/24/2012,DPA,IL,AGL,CE,Towers with Radar,0,9,33,0,42,0,3,102,0,105,0,12,135,0,147,56,0,56,203
06/25/2012,DPA,IL,AGL,CE,Towers with Radar,0,14,46,0,60,0,0,119,2,121,0,14,165,2,181,98,0,98,279
06/26/2012,DPA,IL,AGL,CE,Towers with Radar,0,24,54,0,78,0,2,133,4,139,0,26,187,4,217,164,0,164,381
06/27/2012,DPA,IL,AGL,CE,Towers with Radar,0,22,59,0,81,0,5,87,0,92,0,27,146,0,173,70,0,70,243
06/28/2012,DPA,IL,AGL,CE,Towers with Radar,0,25,43,0,68,0,1,76,3,80,0,26,119,3,148,68,0,68,216
06/29/2012,DPA,IL,AGL,CE,Towers with Radar,0,29,49,0,78,0,2,60,2,64,0,31,109,2,142,90,0,90,232
06/30/2012,DPA,IL,AGL,CE,Towers with Radar,0,23,26,0,49,0,2,97,1,100,0,25,123,1,149,124,0,124,273
07/01/2012,DPA,IL,AGL,CE,Towers with Radar,0,8,26,0,34,0,0,75,0,75,0,8,101,0,109,111,0,111,220
07/02/2012,DPA,IL,AGL,CE,Towers with Radar,0,8,40,0,48,0,0,89,2,91,0,8,129,2,139,81,0,81,220
07/03/2012,DPA,IL,AGL,CE,Towers with Radar,0,17,35,0,52,0,0,86,4,90,0,17,121,4,142,140,0,140,282
07/04/2012,DPA,IL,AGL,CE,Towers with Radar,0,15,10,0,25,0,3,61,0,64,0,18,71,0,89,0,0,0,89
07/05/2012,DPA,IL,AGL,CE,Towers with Radar,0,12,34,0,46,0,2,79,4,85,0,14,113,4,131,82,0,82,213
07/06/2012,DPA,IL,AGL,CE,Towers with Radar,0,21,31,0,52,0,1,88,3,92,0,22,119,3,144,110,0,110,254
07/07/2012,DPA,IL,AGL,CE,Towers with Radar,0,27,22,0,49,0,2,103,1,106,0,29,125,1,155,112,0,112,267
07/08/2012,DPA,IL,AGL,CE,Towers with Radar,0,10,36,0,46,0,0,91,1,92,0,10,127,1,138,102,0,102,240
07/09/2012,DPA,IL,AGL,CE,Towers with Radar,0,6,39,0,45,0,2,103,1,106,0,8,142,1,151,102,0,102,253
07/10/2012,DPA,IL,AGL,CE,Towers with Radar,0,24,49,1,74,0,1,127,1,129,0,25,176,2,203,132,0,132,335
07/11/2012,DPA,IL,AGL,CE,Towers with Radar,0,21,49,0,70,0,1,107,0,108,0,22,156,0,178,118,0,118,296
07/12/2012,DPA,IL,AGL,CE,Towers with Radar,0,29,49,0,78,0,0,108,3,111,0,29,157,3,189,134,0,134,323
07/13/2012,DPA,IL,AGL,CE,Towers with Radar,0,22,39,1,62,0,2,81,1,84,0,24,120,2,146,102,0,102,248
07/14/2012,DPA,IL,AGL,CE,Towers with Radar,0,19,22,1,42,0,0,55,0,55,0,19,77,1,97,94,0,94,191
07/15/2012,DPA,IL,AGL,CE,Towers with Radar,0,2,37,1,40,0,0,95,0,95,0,2,132,1,135,83,0,83,218
07/16/2012,DPA,IL,AGL,CE,Towers with Radar,0,5,44,1,50,0,1,82,1,84,0,6,126,2,134,150,0,150,284
07/17/2012,DPA,IL,AGL,CE,Towers with Radar,0,18,54,0,72,0,2,85,1,88,0,20,139,1,160,24,0,24,184
07/18/2012,DPA,IL,AGL,CE,Towers with Radar,0,22,51,0,73,0,2,92,4,98,0,24,143,4,171,168,0,168,339
07/19/2012,DPA,IL,AGL,CE,Towers with Radar,0,25,49,0,74,0,1,64,0,65,0,26,113,0,139,184,0,184,323
07/20/2012,DPA,IL,AGL,CE,Towers with Radar,0,17,41,0,58,0,1,131,1,133,0,18,172,1,191,96,0,96,287
07/21/2012,DPA,IL,AGL,CE,Towers with Radar,0,20,31,1,52,0,1,117,0,118,0,21,148,1,170,76,0,76,246
07/22/2012,DPA,IL,AGL,CE,Towers with Radar,0,11,40,0,51,0,2,98,0,100,0,13,138,0,151,136,0,136,287
07/23/2012,DPA,IL,AGL,CE,Towers with Radar,0,8,48,0,56,0,3,84,3,90,0,11,132,3,146,108,0,108,254
07/24/2012,DPA,IL,AGL,CE,Towers with Radar,0,24,66,0,90,0,0,82,0,82,0,24,148,0,172,148,0,148,320
07/25/2012,DPA,IL,AGL,CE,Towers with Radar,0,24,53,0,77,0,0,103,2,105,0,24,156,2,182,27,0,27,209
07/26/2012,DPA,IL,AGL,CE,Towers with Radar,2,18,56,0,76,0,0,49,0,49,2,18,105,0,125,167,0,167,292
07/27/2012,DPA,IL,AGL,CE,Towers with Radar,0,23,43,0,66,0,1,129,1,131,0,24,172,1,197,158,0,158,355
07/28/2012,DPA,IL,AGL,CE,Towers with Radar,0,18,25,0,43,0,3,102,0,105,0,21,127,0,148,57,0,57,205
07/29/2012,DPA,IL,AGL,CE,Towers with Radar,0,3,36,0,39,0,2,77,1,80,0,5,113,1,119,74,0,74,193
07/30/2012,DPA,IL,AGL,CE,Towers with Radar,0,10,41,1,52,0,4,103,0,107,0,14,144,1,159,74,0,74,233
07/31/2012,DPA,IL,AGL,CE,Towers with Radar,0,25,43,0,68,0,1,100,1,102,0,26,143,1,170,56,0,56,226
08/01/2012,DPA,IL,AGL,CE,Towers with Radar,0,32,44,0,76,0,2,111,2,115,0,34,155,2,191,114,0,114,305
08/02/2012,DPA,IL,AGL,CE,Towers with Radar,0,18,42,1,61,0,2,100,0,102,0,20,142,1,163,161,2,163,326
08/03/2012,DPA,IL,AGL,CE,Towers with Radar,0,19,49,0,68,0,1,98,3,102,0,20,147,3,170,124,0,124,294
08/04/2012,DPA,IL,AGL,CE,Towers with Radar,0,28,27,0,55,0,0,61,0,61,0,28,88,0,116,58,0,58,174
08/05/2012,DPA,IL,AGL,CE,Towers with Radar,0,13,28,0,41,0,1,97,0,98,0,14,125,0,139,26,0,26,165
08/06/2012,DPA,IL,AGL,CE,Towers with Radar,0,14,44,0,58,0,2,109,2,113,0,16,153,2,171,76,0,76,247
08/07/2012,DPA,IL,AGL,CE,Towers with Radar,0,21,50,0,71,0,4,101,0,105,0,25,151,0,176,95,0,95,271
08/08/2012,DPA,IL,AGL,CE,Towers with Radar,0,20,65,4,89,0,1,102,6,109,0,21,167,10,198,85,0,85,283
08/09/2012,DPA,IL,AGL,CE,Towers with Radar,0,20,34,0,54,0,1,46,3,50,0,21,80,3,104,98,0,98,202
08/10/2012,DPA,IL,AGL,CE,Towers with Radar,0,21,35,2,58,0,0,77,2,79,0,21,112,4,137,74,0,74,211
08/11/2012,DPA,IL,AGL,CE,Towers with Radar,0,17,29,0,46,0,1,119,2,122,0,18,148,2,168,64,1,65,233
08/12/2012,DPA,IL,AGL,CE,Towers with Radar,0,10,62,0,72,0,1,57,0,58,0,11,119,0,130,0,0,0,130
08/13/2012,DPA,IL,AGL,CE,Towers with Radar,0,17,61,10,88,0,0,2,2,4,0,17,63,12,92,10,0,10,102
08/14/2012,DPA,IL,AGL,CE,Towers with Radar,0,11,87,0,98,0,1,131,1,133,0,12,218,1,231,84,0,84,315
08/15/2012,DPA,IL,AGL,CE,Towers with Radar,0,22,81,0,103,0,1,114,2,117,0,23,195,2,220,96,0,96,316
08/16/2012,DPA,IL,AGL,CE,Towers with Radar,0,15,50,0,65,0,0,58,2,60,0,15,108,2,125,40,0,40,165
08/17/2012,DPA,IL,AGL,CE,Towers with Radar,0,17,49,0,66,0,1,126,0,127,0,18,175,0,193,148,0,148,341
08/18/2012,DPA,IL,AGL,CE,Towers with Radar,0,19,25,0,44,0,1,117,1,119,0,20,142,1,163,156,0,156,319
08/19/2012,DPA,IL,AGL,CE,Towers with Radar,0,6,29,1,36,0,0,88,0,88,0,6,117,1,124,106,0,106,230
08/20/2012,DPA,IL,AGL,CE,Towers with Radar,1,12,40,0,53,0,0,89,1,90,1,12,129,1,143,67,0,67,210
08/21/2012,DPA,IL,AGL,CE,Towers with Radar,0,30,44,1,75,0,1,133,4,138,0,31,177,5,213,132,0,132,345
08/22/2012,DPA,IL,AGL,CE,Towers with Radar,0,36,46,1,83,0,1,125,3,129,0,37,171,4,212,49,0,49,261
08/23/2012,DPA,IL,AGL,CE,Towers with Radar,0,23,41,0,64,0,1,99,2,102,0,24,140,2,166,142,0,142,308
08/24/2012,DPA,IL,AGL,CE,Towers with Radar,0,16,44,0,60,0,0,95,0,95,0,16,139,0,155,70,0,70,225
08/25/2012,DPA,IL,AGL,CE,Towers with Radar,1,25,23,0,49,0,0,104,2,106,1,25,127,2,155,20,0,20,175
08/26/2012,DPA,IL,AGL,CE,Towers with Radar,0,5,34,2,41,0,1,14,2,17,0,6,48,4,58,6,0,6,64
08/27/2012,DPA,IL,AGL,CE,Towers with Radar,0,14,49,0,63,0,0,74,0,74,0,14,123,0,137,48,0,48,185
08/28/2012,DPA,IL,AGL,CE,Towers with Radar,0,19,50,0,69,0,1,127,1,129,0,20,177,1,198,184,0,184,382
08/29/2012,DPA,IL,AGL,CE,Towers with Radar,0,31,44,0,75,0,0,129,0,129,0,31,173,0,204,100,0,100,304
08/30/2012,DPA,IL,AGL,CE,Towers with Radar,0,21,34,0,55,0,1,116,0,117,0,22,150,0,172,172,0,172,344
08/31/2012,DPA,IL,AGL,CE,Towers with Radar,0,21,49,0,70,0,0,112,3,115,0,21,161,3,185,85,0,85,270
09/01/2012,DPA,IL,AGL,CE,Towers with Radar,0,14,26,1,41,0,0,24,0,24,0,14,50,1,65,108,0,108,173
09/02/2012,DPA,IL,AGL,CE,Towers with Radar,0,1,23,0,24,0,0,16,0,16,0,1,39,0,40,50,0,50,90
09/03/2012,DPA,IL,AGL,CE,Towers with Radar,0,8,39,0,47,0,0,106,0,106,0,8,145,0,153,133,0,133,286
09/04/2012,DPA,IL,AGL,CE,Towers with Radar,0,14,39,0,53,1,0,105,3,109,1,14,144,3,162,138,0,138,300
09/05/2012,DPA,IL,AGL,CE,Towers with Radar,0,30,44,0,74,0,0,63,2,65,0,30,107,2,139,76,0,76,215
09/06/2012,DPA,IL,AGL,CE,Towers with Radar,0,20,52,0,72,0,2,120,1,123,0,22,172,1,195,165,0,165,360
09/07/2012,DPA,IL,AGL,CE,Towers with Radar,0,20,34,0,54,0,2,44,0,46,0,22,78,0,100,65,0,65,165
09/08/2012,DPA,IL,AGL,CE,Towers with Radar,0,15,26,0,41,0,2,107,0,109,0,17,133,0,150,48,0,48,198
09/09/2012,DPA,IL,AGL,CE,Towers with Radar,0,7,39,0,46,0,1,98,0,99,0,8,137,0,145,120,0,120,265
09/10/2012,DPA,IL,AGL,CE,Towers with Radar,0,9,47,0,56,0,1,76,1,78,0,10,123,1,134,86,0,86,220
09/11/2012,DPA,IL,AGL,CE,Towers with Radar,0,21,52,0,73,0,1,93,2,96,0,22,145,2,169,22,0,22,191
09/12/2012,DPA,IL,AGL,CE,Towers with Radar,0,24,61,0,85,0,0,127,2,129,0,24,188,2,214,96,0,96,310
09/13/2012,DPA,IL,AGL,CE,Towers with Radar,0,21,63,0,84,0,0,73,2,75,0,21,136,2,159,48,0,48,207
09/14/2012,DPA,IL,AGL,CE,Towers with Radar,0,16,53,0,69,0,0,109,1,110,0,16,162,1,179,62,0,62,241
09/15/2012,DPA,IL,AGL,CE,Towers with Radar,0,13,26,0,39,0,0,121,0,121,0,13,147,0,160,158,0,158,318
09/16/2012,DPA,IL,AGL,CE,Towers with Radar,0,5,36,0,41,0,2,106,0,108,0,7,142,0,149,67,0,67,216
09/17/2012,DPA,IL,AGL,CE,Towers with Radar,0,8,35,0,43,0,0,46,0,46,0,8,81,0,89,22,0,22,111
09/18/2012,DPA,IL,AGL,CE,Towers with Radar,0,16,50,1,67,0,0,67,0,67,0,16,117,1,134,67,0,67,201
09/19/2012,DPA,IL,AGL,CE,Towers with Radar,0,23,40,0,63,0,0,63,1,64,0,23,103,1,127,73,0,73,200
09/20/2012,DPA,IL,AGL,CE,Towers with Radar,0,28,55,0,83,0,0,123,1,124,0,28,178,1,207,124,0,124,331
09/21/2012,DPA,IL,AGL,CE,Towers with Radar,0,25,71,2,98,0,1,45,3,49,0,26,116,5,147,46,0,46,193
09/22/2012,DPA,IL,AGL,CE,Towers with Radar,0,16,26,0,42,0,0,47,0,47,0,16,73,0,89,81,0,81,170
09/23/2012,DPA,IL,AGL,CE,Towers with Radar,0,12,39,0,51,0,1,136,0,137,0,13,175,0,188,124,0,124,312
09/24/2012,DPA,IL,AGL,CE,Towers with Radar,0,31,44,0,75,0,0,85,0,85,0,31,129,0,160,20,0,20,180
09/25/2012,DPA,IL,AGL,CE,Towers with Radar,0,21,49,2,72,0,2,132,3,137,0,23,181,5,209,128,0,128,337
09/26/2012,DPA,IL,AGL,CE,Towers with Radar,0,29,76,0,105,0,1,118,2,121,0,30,194,2,226,92,0,92,318
09/27/2012,DPA,IL,AGL,CE,Towers with Radar,0,32,96,0,128,0,0,95,4,99,0,32,191,4,227,162,8,170,397
09/28/2012,DPA,IL,AGL,CE,Towers with Radar,0,49,88,0,137,0,1,121,5,127,0,50,209,5,264,114,0,114,378
09/29/2012,DPA,IL,AGL,CE,Towers with Radar,0,40,56,0,96,0,0,119,2,121,0,40,175,2,217,120,0,120,337
09/30/2012,DPA,IL,AGL,CE,Towers with Radar,0,26,85,0,111,0,2,109,3,114,0,28,194,3,225,86,0,86,311
10/01/2012,DPA,IL,AGL,CE,Towers with Radar,0,25,58,2,85,0,0,98,0,98,0,25,156,2,183,56,0,56,239
10/02/2012,DPA,IL,AGL,CE,Towers with Radar,0,17,55,1,73,0,0,106,3,109,0,17,161,4,182,70,0,70,252
10/03/2012,DPA,IL,AGL,CE,Towers with Radar,0,26,65,0,91,0,0,2,0,2,0,26,67,0,93,8,0,8,101
10/04/2012,DPA,IL,AGL,CE,Towers with Radar,0,30,43,1,74,0,1,75,2,78,0,31,118,3,152,50,0,50,202
10/05/2012,DPA,IL,AGL,CE,Towers with Radar,0,21,42,0,63,0,0,86,1,87,0,21,128,1,150,80,0,80,230
10/06/2012,DPA,IL,AGL,CE,Towers with Radar,0,12,33,0,45,0,0,91,0,91,0,12,124,0,136,102,0,102,238
10/07/2012,DPA,IL,AGL,CE,Towers with Radar,0,6,40,0,46,0,0,106,1,107,0,6,146,1,153,110,0,110,263
10/08/2012,DPA,IL,AGL,CE,Towers with Radar,0,23,63,1,87,0,1,65,0,66,0,24,128,1,153,88,0,88,241
10/09/2012,DPA,IL,AGL,CE,Towers with Radar,0,20,45,2,67,0,1,60,4,65,0,21,105,6,132,42,0,42,174
10/10/2012,DPA,IL,AGL,CE,Towers with Radar,0,21,39,0,60,0,0,112,3,115,0,21,151,3,175,60,0,60,235
10/11/2012,DPA,IL,AGL,CE,Towers with Radar,0,22,33,2,57,0,0,83,0,83,0,22,116,2,140,68,0,68,208
10/12/2012,DPA,IL,AGL,CE,Towers with Radar,0,13,47,1,61,0,0,135,0,135,0,13,182,1,196,162,0,162,358
10/13/2012,DPA,IL,AGL,CE,Towers with Radar,0,24,25,2,51,0,0,7,0,7,0,24,32,2,58,24,0,24,82
10/14/2012,DPA,IL,AGL,CE,Towers with Radar,0,2,36,0,38,0,0,5,0,5,0,2,41,0,43,0,0,0,43
10/15/2012,DPA,IL,AGL,CE,Towers with Radar,0,11,45,1,57,0,0,113,1,114,0,11,158,2,171,158,0,158,329
10/16/2012,DPA,IL,AGL,CE,Towers with Radar,0,29,47,1,77,0,2,97,4,103,0,31,144,5,180,88,0,88,268
10/17/2012,DPA,IL,AGL,CE,Towers with Radar,0,20,54,0,74,0,0,35,0,35,0,20,89,0,109,86,0,86,195
10/18/2012,DPA,IL,AGL,CE,Towers with Radar,0,22,37,0,59,0,0,37,0,37,0,22,74,0,96,46,0,46,142
10/19/2012,DPA,IL,AGL,CE,Towers with Radar,0,23,55,0,78,0,2,13,0,15,0,25,68,0,93,88,0,88,181
10/20/2012,DPA,IL,AGL,CE,Towers with Radar,0,15,33,1,49,0,0,131,0,131,0,15,164,1,180,226,0,226,406
10/21/2012,DPA,IL,AGL,CE,Towers with Radar,0,8,31,0,39,0,0,157,0,157,0,8,188,0,196,102,0,102,298
10/22/2012,DPA,IL,AGL,CE,Towers with Radar,0,11,52,3,66,0,0,21,0,21,0,11,73,3,87,10,0,10,97
10/23/2012,DPA,IL,AGL,CE,Towers with Radar,0,28,65,3,96,0,0,16,2,18,0,28,81,5,114,82,0,82,196
10/24/2012,DPA,IL,AGL,CE,Towers with Radar,0,17,41,2,60,0,1,124,4,129,0,18,165,6,189,131,0,131,320
10/25/2012,DPA,IL,AGL,CE,Towers with Radar,0,21,57,2,80,0,1,41,1,43,0,22,98,3,123,36,0,36,159
10/26/2012,DPA,IL,AGL,CE,Towers with Radar,0,21,57,3,81,0,0,90,1,91,0,21,147,4,172,114,0,114,286
10/27/2012,DPA,IL,AGL,CE,Towers with Radar,0,15,37,0,52,0,0,118,2,120,0,15,155,2,172,152,0,152,324
10/28/2012,DPA,IL,AGL,CE,Towers with Radar,0,5,36,0,41,0,2,79,0,81,0,7,115,0,122,72,0,72,194
10/29/2012,DPA,IL,AGL,CE,Towers with Radar,0,10,51,0,61,0,0,59,3,62,0,10,110,3,123,65,0,65,188
10/30/2012,DPA,IL,AGL,CE,Towers with Radar,0,23,42,0,65,0,1,32,2,35,0,24,74,2,100,62,0,62,162
10/31/2012,DPA,IL,AGL,CE,Towers with Radar,0,20,46,0,66,0,0,61,3,64,0,20,107,3,130,38,0,38,168
11/01/2012,DPA,IL,AGL,CE,Towers with Radar,0,25,52,1,78,0,3,93,4,100,0,28,145,5,178,70,0,70,248
11/02/2012,DPA,IL,AGL,CE,Towers with Radar,0,19,48,3,70,0,2,125,2,129,0,21,173,5,199,108,0,108,307
11/03/2012,DPA,IL,AGL,CE,Towers with Radar,0,19,24,2,45,0,0,76,0,76,0,19,100,2,121,100,0,100,221
11/04/2012,DPA,IL,AGL,CE,Towers with Radar,0,10,39,0,49,0,0,103,0,103,0,10,142,0,152,84,0,84,236
11/05/2012,DPA,IL,AGL,CE,Towers with Radar,0,18,53,0,71,0,2,69,0,71,0,20,122,0,142,98,0,98,240
11/06/2012,DPA,IL,AGL,CE,Towers with Radar,0,20,59,0,79,0,1,6,4,11,0,21,65,4,90,0,0,0,90
11/07/2012,DPA,IL,AGL,CE,Towers with Radar,0,30,74,0,104,0,0,6,2,8,0,30,80,2,112,10,0,10,122
11/08/2012,DPA,IL,AGL,CE,Towers with Radar,0,21,89,2,112,0,0,82,1,83,0,21,171,3,195,106,0,106,301
11/09/2012,DPA,IL,AGL,CE,Towers with Radar,0,13,62,0,75,0,0,72,1,73,0,13,134,1,148,108,0,108,256
11/10/2012,DPA,IL,AGL,CE,Towers with Radar,0,19,25,0,44,0,1,52,0,53,0,20,77,0,97,53,0,53,150
11/11/2012,DPA,IL,AGL,CE,Towers with Radar,0,4,20,0,24,0,2,9,0,11,0,6,29,0,35,4,0,4,39
11/12/2012,DPA,IL,AGL,CE,Towers with Radar,0,10,32,0,42,0,1,38,0,39,0,11,70,0,81,20,0,20,101
11/13/2012,DPA,IL,AGL,CE,Towers with Radar,0,12,60,0,72,0,0,126,0,126,0,12,186,0,198,86,0,86,284
11/14/2012,DPA,IL,AGL,CE,Towers with Radar,0,15,66,0,81,0,2,89,3,94,0,17,155,3,175,52,0,52,227
11/15/2012,DPA,IL,AGL,CE,Towers with Radar,0,17,51,0,68,0,0,86,1,87,0,17,137,1,155,111,0,111,266
11/16/2012,DPA,IL,AGL,CE,Towers with Radar,0,20,53,0,73,0,1,134,1,136,0,21,187,1,209,82,0,82,291
11/17/2012,DPA,IL,AGL,CE,Towers with Radar,0,22,30,0,52,0,1,153,0,154,0,23,183,0,206,58,4,62,268
11/18/2012,DPA,IL,AGL,CE,Towers with Radar,0,10,31,0,41,0,0,128,0,128,0,10,159,0,169,78,0,78,247
11/19/2012,DPA,IL,AGL,CE,Towers with Radar,0,12,36,0,48,0,2,54,0,56,0,14,90,0,104,26,0,26,130
11/20/2012,DPA,IL,AGL,CE,Towers with Radar,0,24,48,0,72,0,2,70,0,72,0,26,118,0,144,110,0,110,254
11/21/2012,DPA,IL,AGL,CE,Towers with Radar,0,20,42,0,62,0,0,35,0,35,0,20,77,0,97,39,0,39,136
11/22/2012,DPA,IL,AGL,CE,Towers with Radar,0,8,13,0,21,0,1,27,1,29,0,9,40,1,50,0,0,0,50
11/23/2012,DPA,IL,AGL,CE,Towers with Radar,0,5,19,0,24,0,0,18,0,18,0,5,37,0,42,9,0,9,51
11/24/2012,DPA,IL,AGL,CE,Towers with Radar,0,17,31,0,48,0,0,91,0,91,0,17,122,0,139,52,0,52,191
11/25/2012,DPA,IL,AGL,CE,Towers with Radar,0,15,39,0,54,0,1,103,0,104,0,16,142,0,158,72,0,72,230
11/26/2012,DPA,IL,AGL,CE,Towers with Radar,0,11,34,0,45,0,0,71,1,72,0,11,105,1,117,138,0,138,255
11/27/2012,DPA,IL,AGL,CE,Towers with Radar,0,27,39,0,66,0,0,84,4,88,0,27,123,4,154,176,0,176,330
11/28/2012,DPA,IL,AGL,CE,Towers with Radar,0,21,45,0,66,0,0,106,6,112,0,21,151,6,178,102,0,102,280
11/29/2012,DPA,IL,AGL,CE,Towers with Radar,1,24,59,1,85,0,0,116,4,120,1,24,175,5,205,86,0,86,291
11/30/2012,DPA,IL,AGL,CE,Towers with Radar,0,20,56,0,76,0,2,104,2,108,0,22,160,2,184,82,0,82,266
12/01/2012,DPA,IL,AGL,CE,Towers with Radar,0,23,44,0,67,0,0,28,0,28,0,23,72,0,95,61,0,61,156
12/02/2012,DPA,IL,AGL,CE,Towers with Radar,0,4,40,0,44,0,1,44,0,45,0,5,84,0,89,186,0,186,275
12/03/2012,DPA,IL,AGL,CE,Towers with Radar,1,13,34,0,48,0,0,12,0,12,1,13,46,0,60,6,0,6,66
12/04/2012,DPA,IL,AGL,CE,Towers with Radar,0,27,48,1,76,0,1,82,4,87,0,28,130,5,163,16,0,16,179
12/05/2012,DPA,IL,AGL,CE,Towers with Radar,0,25,50,0,75,0,0,83,1,84,0,25,133,1,159,66,0,66,225
12/06/2012,DPA,IL,AGL,CE,Towers with Radar,0,30,54,0,84,0,3,79,4,86,0,33,133,4,170,68,0,68,238
12/07/2012,DPA,IL,AGL,CE,Towers with Radar,0,22,40,0,62,0,0,49,0,49,0,22,89,0,111,92,0,92,203
12/08/2012,DPA,IL,AGL,CE,Towers with Radar,0,19,30,0,49,0,0,23,0,23,0,19,53,0,72,58,0,58,130
12/09/2012,DPA,IL,AGL,CE,Towers with Radar,0,7,41,0,48,0,0,1,0,1,0,7,42,0,49,0,0,0,49
12/10/2012,DPA,IL,AGL,CE,Towers with Radar,0,20,33,0,53,0,3,22,0,25,0,23,55,0,78,0,0,0,78
12/11/2012,DPA,IL,AGL,CE,Towers with Radar,0,24,68,0,92,0,1,103,4,108,0,25,171,4,200,80,0,80,280
12/12/2012,DPA,IL,AGL,CE,Towers with Radar,0,26,72,0,98,0,1,92,5,98,0,27,164,5,196,102,0,102,298
12/13/2012,DPA,IL,AGL,CE,Towers with Radar,0,26,50,0,76,0,0,88,5,93,0,26,138,5,169,34,0,34,203
12/14/2012,DPA,IL,AGL,CE,Towers with Radar,0,17,47,0,64,0,0,100,2,102,0,17,147,2,166,144,0,144,310
12/15/2012,DPA,IL,AGL,CE,Towers with Radar,0,16,32,0,48,0,0,2,0,2,0,16,34,0,50,10,0,10,60
12/16/2012,DPA,IL,AGL,CE,Towers with Radar,0,6,41,0,47,0,0,9,0,9,0,6,50,0,56,70,0,70,126
12/17/2012,DPA,IL,AGL,CE,Towers with Radar,0,12,48,0,60,0,1,16,1,18,0,13,64,1,78,58,0,58,136
12/18/2012,DPA,IL,AGL,CE,Towers with Radar,0,23,49,0,72,0,0,13,1,14,0,23,62,1,86,42,0,42,128
12/19/2012,DPA,IL,AGL,CE,Towers with Radar,0,30,57,2,89,0,0,54,0,54,0,30,111,2,143,96,0,96,239
12/20/2012,DPA,IL,AGL,CE,Towers with Radar,0,23,27,0,50,0,0,0,0,0,0,23,27,0,50,0,0,0,50
12/21/2012,DPA,IL,AGL,CE,Towers with Radar,0,13,27,0,40,0,0,22,0,22,0,13,49,0,62,32,0,32,94
12/22/2012,DPA,IL,AGL,CE,Towers with Radar,0,25,31,0,56,0,1,114,0,115,0,26,145,0,171,66,0,66,237
12/23/2012,DPA,IL,AGL,CE,Towers with Radar,0,12,31,0,43,0,0,34,0,34,0,12,65,0,77,104,0,104,181
12/24/2012,DPA,IL,AGL,CE,Towers with Radar,0,6,8,0,14,0,0,16,0,16,0,6,24,0,30,56,0,56,86
12/25/2012,DPA,IL,AGL,CE,Towers with Radar,0,12,5,0,17,0,0,14,0,14,0,12,19,0,31,38,0,38,69
12/26/2012,DPA,IL,AGL,CE,Towers with Radar,0,21,48,0,69,0,0,23,0,23,0,21,71,0,92,0,0,0,92
12/27/2012,DPA,IL,AGL,CE,Towers with Radar,0,27,28,0,55,0,0,46,0,46,0,27,74,0,101,80,0,80,181
12/28/2012,DPA,IL,AGL,CE,Towers with Radar,0,16,28,0,44,0,0,6,0,6,0,16,34,0,50,12,0,12,62
12/29/2012,DPA,IL,AGL,CE,Towers with Radar,0,18,17,0,35,0,0,6,0,6,0,18,23,0,41,12,0,12,53
12/30/2012,DPA,IL,AGL,CE,Towers with Radar,0,14,26,0,40,0,0,105,0,105,0,14,131,0,145,59,0,59,204
12/31/2012,DPA,IL,AGL,CE,Towers with Radar,0,8,15,0,23,0,0,42,0,42,0,8,57,0,65,158,0,158,223
01/01/2013,DPA,IL,AGL,CE,Towers with Radar,0,14,8,0,22,0,0,35,0,35,0,14,43,0,57,16,0,16,73
01/02/2013,DPA,IL,AGL,CE,Towers with Radar,0,11,23,0,34,0,0,70,2,72,0,11,93,2,106,99,0,99,205
01/03/2013,DPA,IL,AGL,CE,Towers with Radar,0,23,22,0,45,0,0,42,0,42,0,23,64,0,87,46,0,46,133
01/04/2013,DPA,IL,AGL,CE,Towers with Radar,0,10,20,0,30,0,0,81,4,85,0,10,101,4,115,48,0,48,163
01/05/2013,DPA,IL,AGL,CE,Towers with Radar,0,20,31,0,51,0,0,76,0,76,0,20,107,0,127,32,0,32,159
01/06/2013,DPA,IL,AGL,CE,Towers with Radar,0,6,23,0,29,0,2,57,0,59,0,8,80,0,88,88,0,88,176
01/07/2013,DPA,IL,AGL,CE,Towers with Radar,0,18,33,0,51,0,1,62,4,67,0,19,95,4,118,46,0,46,164
01/08/2013,DPA,IL,AGL,CE,Towers with Radar,0,23,49,0,72,0,7,73,2,82,0,30,122,2,154,114,0,114,268
01/09/2013,DPA,IL,AGL,CE,Towers with Radar,0,20,28,0,48,0,1,66,6,73,0,21,94,6,121,46,0,46,167
01/10/2013,DPA,IL,AGL,CE,Towers with Radar,0,20,43,0,63,0,1,67,2,70,0,21,110,2,133,36,0,36,169
01/11/2013,DPA,IL,AGL,CE,Towers with Radar,0,15,31,0,46,0,0,9,0,9,0,15,40,0,55,28,0,28,83
01/12/2013,DPA,IL,AGL,CE,Towers with Radar,0,18,20,0,38,0,0,92,2,94,0,18,112,2,132,133,0,133,265
01/13/2013,DPA,IL,AGL,CE,Towers with Radar,0,3,21,0,24,0,2,15,0,17,0,5,36,0,41,44,0,44,85
01/14/2013,DPA,IL,AGL,CE,Towers with Radar,0,10,40,3,53,0,0,77,5,82,0,10,117,8,135,54,0,54,189
01/15/2013,DPA,IL,AGL,CE,Towers with Radar,0,18,55,2,75,0,3,102,4,109,0,21,157,6,184,70,0,70,254
01/16/2013,DPA,IL,AGL,CE,Towers with Radar,0,26,50,1,77,0,1,63,6,70,0,27,113,7,147,32,0,32,179
01/17/2013,DPA,IL,AGL,CE,Towers with Radar,0,13,51,0,64,0,1,86,1,88,0,14,137,1,152,43,0,43,195
01/18/2013,DPA,IL,AGL,CE,Towers with Radar,0,20,54,0,74,0,0,47,0,47,0,20,101,0,121,0,0,0,121
01/19/2013,DPA,IL,AGL,CE,Towers with Radar,0,15,31,0,46,0,0,75,0,75,0,15,106,0,121,78,0,78,199
01/20/2013,DPA,IL,AGL,CE,Towers with Radar,0,2,30,0,32,0,0,56,0,56,0,2,86,0,88,66,0,66,154
01/21/2013,DPA,IL,AGL,CE,Towers with Radar,0,10,38,0,48,0,1,52,0,53,0,11,90,0,101,20,0,20,121
01/22/2013,DPA,IL,AGL,CE,Towers with Radar,0,20,46,0,66,0,0,31,0,31,0,20,77,0,97,10,0,10,107
01/23/2013,DPA,IL,AGL,CE,Towers with Radar,0,13,55,0,68,0,0,38,1,39,0,13,93,1,107,66,0,66,173
01/24/2013,DPA,IL,AGL,CE,Towers with Radar,0,23,49,0,72,0,2,65,2,69,0,25,114,2,141,48,0,48,189
01/25/2013,DPA,IL,AGL,CE,Towers with Radar,0,13,30,0,43,0,0,22,0,22,0,13,52,0,65,66,0,66,131
01/26/2013,DPA,IL,AGL,CE,Towers with Radar,0,19,20,0,39,0,1,132,0,133,0,20,152,0,172,40,0,40,212
01/27/2013,DPA,IL,AGL,CE,Towers with Radar,0,2,11,0,13,0,0,14,0,14,0,2,25,0,27,74,0,74,101
01/28/2013,DPA,IL,AGL,CE,Towers with Radar,0,9,29,0,38,0,0,4,0,4,0,9,33,0,42,25,0,25,67
01/29/2013,DPA,IL,AGL,CE,Towers with Radar,0,16,49,0,65,0,0,1,1,2,0,16,50,1,67,0,0,0,67
01/30/2013,DPA,IL,AGL,CE,Towers with Radar,0,24,46,0,70,0,0,0,0,0,0,24,46,0,70,0,0,0,70
01/31/2013,DPA,IL,AGL,CE,Towers with Radar,0,20,46,0,66,0,0,20,0,20,0,20,66,0,86,18,0,18,104
02/01/2013,DPA,IL,AGL,CE,Towers with Radar,0,25,42,0,67,0,0,60,3,63,0,25,102,3,130,73,0,73,203
02/02/2013,DPA,IL,AGL,CE,Towers with Radar,0,24,20,0,44,0,0,18,0,18,0,24,38,0,62,36,0,36,98
02/03/2013,DPA,IL,AGL,CE,Towers with Radar,0,3,23,0,26,0,0,27,0,27,0,3,50,0,53,50,0,50,103
02/04/2013,DPA,IL,AGL,CE,Towers with Radar,0,8,38,0,46,0,1,8,0,9,0,9,46,0,55,22,0,22,77
02/05/2013,DPA,IL,AGL,CE,Towers with Radar,0,20,44,0,64,0,0,17,0,17,0,20,61,0,81,79,0,79,160
02/06/2013,DPA,IL,AGL,CE,Towers with Radar,0,24,53,0,77,0,0,92,4,96,0,24,145,4,173,88,0,88,261
02/07/2013,DPA,IL,AGL,CE,Towers with Radar,0,31,34,0,65,0,0,0,0,0,0,31,34,0,65,0,0,0,65
02/08/2013,DPA,IL,AGL,CE,Towers with Radar,0,18,39,0,57,0,0,34,0,34,0,18,73,0,91,104,0,104,195
02/09/2013,DPA,IL,AGL,CE,Towers with Radar,0,12,36,0,48,0,1,77,0,78,0,13,113,0,126,294,0,294,420
02/10/2013,DPA,IL,AGL,CE,Towers with Radar,0,12,23,0,35,0,0,2,0,2,0,12,25,0,37,0,0,0,37
02/11/2013,DPA,IL,AGL,CE,Towers with Radar,1,15,29,2,47,0,0,4,1,5,1,15,33,3,52,0,0,0,52
02/12/2013,DPA,IL,AGL,CE,Towers with Radar,0,33,47,0,80,0,0,56,1,57,0,33,103,1,137,36,0,36,173
02/13/2013,DPA,IL,AGL,CE,Towers with Radar,0,21,52,2,75,0,0,147,2,149,0,21,199,4,224,152,0,152,376
02/14/2013,DPA,IL,AGL,CE,Towers with Radar,0,23,34,0,57,0,0,29,0,29,0,23,63,0,86,26,0,26,112
02/15/2013,DPA,IL,AGL,CE,Towers with Radar,3,20,70,1,94,0,1,46,3,50,3,21,116,4,144,50,0,50,194
02/16/2013,DPA,IL,AGL,CE,Towers with Radar,0,16,26,2,44,0,0,86,0,86,0,16,112,2,130,112,0,112,242
02/17/2013,DPA,IL,AGL,CE,Towers with Radar,0,8,27,0,35,0,0,114,0,114,0,8,141,0,149,146,0,146,295
02/18/2013,DPA,IL,AGL,CE,Towers with Radar,0,15,39,0,54,0,0,38,0,38,0,15,77,0,92,36,0,36,128
02/19/2013,DPA,IL,AGL,CE,Towers with Radar,0,20,49,0,69,0,0,2,0,2,0,20,51,0,71,2,0,2,73
02/20/2013,DPA,IL,AGL,CE,Towers with Radar,0,22,40,0,62,0,1,87,2,90,0,23,127,2,152,55,0,55,207
02/21/2013,DPA,IL,AGL,CE,Towers with Radar,0,24,27,0,51,0,0,16,0,16,0,24,43,0,67,58,0,58,125
02/22/2013,DPA,IL,AGL,CE,Towers with Radar,0,15,26,0,41,0,0,9,0,9,0,15,35,0,50,2,0,2,52
02/23/2013,DPA,IL,AGL,CE,Towers with Radar,0,16,23,0,39,0,1,56,0,57,0,17,79,0,96,108,0,108,204
02/24/2013,DPA,IL,AGL,CE,Towers with Radar,0,12,34,0,46,0,0,125,0,125,0,12,159,0,171,97,0,97,268
02/25/2013,DPA,IL,AGL,CE,Towers with Radar,0,12,34,1,47,0,2,88,1,91,0,14,122,2,138,120,0,120,258
02/26/2013,DPA,IL,AGL,CE,Towers with Radar,2,14,18,0,34,0,0,3,0,3,2,14,21,0,37,4,0,4,41
02/27/2013,DPA,IL,AGL,CE,Towers with Radar,0,30,38,1,69,0,0,2,0,2,0,30,40,1,71,0,0,0,71
02/28/2013,DPA,IL,AGL,CE,Towers with Radar,0,19,43,0,62,0,0,24,0,24,0,19,67,0,86,58,0,58,144
03/01/2013,DPA,IL,AGL,CE,Towers with Radar,0,20,54,0,74,0,2,23,0,25,0,22,77,0,99,24,0,24,123
03/02/2013,DPA,IL,AGL,CE,Towers with Radar,0,17,29,0,46,0,0,128,0,128,0,17,157,0,174,106,0,106,280
03/03/2013,DPA,IL,AGL,CE,Towers with Radar,0,6,38,0,44,0,0,138,1,139,0,6,176,1,183,162,0,162,345
03/04/2013,DPA,IL,AGL,CE,Towers with Radar,0,12,34,0,46,0,0,59,1,60,0,12,93,1,106,62,0,62,168
03/05/2013,DPA,IL,AGL,CE,Towers with Radar,0,19,12,0,31,0,0,0,0,0,0,19,12,0,31,0,0,0,31
03/06/2013,DPA,IL,AGL,CE,Towers with Radar,0,32,51,2,85,0,1,34,0,35,0,33,85,2,120,0,2,2,122
03/07/2013,DPA,IL,AGL,CE,Towers with Radar,0,18,43,0,61,0,0,105,2,107,0,18,148,2,168,48,0,48,216
03/08/2013,DPA,IL,AGL,CE,Towers with Radar,0,21,43,1,65,0,0,134,2,136,0,21,177,3,201,116,0,116,317
03/09/2013,DPA,IL,AGL,CE,Towers with Radar,0,29,13,0,42,0,1,54,0,55,0,30,67,0,97,98,0,98,195
03/10/2013,DPA,IL,AGL,CE,Towers with Radar,0,7,27,0,34,0,0,2,0,2,0,7,29,0,36,16,0,16,52
03/11/2013,DPA,IL,AGL,CE,Towers with Radar,0,9,33,2,44,0,0,0,0,0,0,9,33,2,44,0,0,0,44
03/12/2013,DPA,IL,AGL,CE,Towers with Radar,0,17,43,0,60,0,0,50,2,52,0,17,93,2,112,62,0,62,174
03/13/2013,DPA,IL,AGL,CE,Towers with Radar,0,18,56,0,74,0,1,116,1,118,0,19,172,1,192,58,0,58,250
03/14/2013,DPA,IL,AGL,CE,Towers with Radar,0,16,36,0,52,0,0,44,5,49,0,16,80,5,101,28,28,56,157
03/15/2013,DPA,IL,AGL,CE,Towers with Radar,0,17,59,3,79,0,1,20,7,28,0,18,79,10,107,12,0,12,119
03/16/2013,DPA,IL,AGL,CE,Towers with Radar,0,12,18,0,30,0,0,7,0,7,0,12,25,0,37,18,0,18,55
03/17/2013,DPA,IL,AGL,CE,Towers with Radar,0,9,33,1,43,0,0,95,0,95,0,9,128,1,138,62,0,62,200
03/18/2013,DPA,IL,AGL,CE,Towers with Radar,0,17,31,0,48,0,0,2,0,2,0,17,33,0,50,0,0,0,50
03/19/2013,DPA,IL,AGL,CE,Towers with Radar,0,22,47,0,69,0,0,42,1,43,0,22,89,1,112,20,0,20,132
03/20/2013,DPA,IL,AGL,CE,Towers with Radar,0,27,38,0,65,0,0,68,1,69,0,27,106,1,134,84,0,84,218
03/21/2013,DPA,IL,AGL,CE,Towers with Radar,0,19,72,1,92,0,0,119,2,121,0,19,191,3,213,124,0,124,337
03/22/2013,DPA,IL,AGL,CE,Towers with Radar,0,31,41,0,72,0,2,117,2,121,0,33,158,2,193,168,0,168,361
03/23/2013,DPA,IL,AGL,CE,Towers with Radar,0,19,27,0,46,0,1,165,0,166,0,20,192,0,212,214,0,214,426
03/24/2013,DPA,IL,AGL,CE,Towers with Radar,0,11,20,0,31,0,0,6,0,6,0,11,26,0,37,22,0,22,59
03/25/2013,DPA,IL,AGL,CE,Towers with Radar,0,8,21,0,29,0,0,23,1,24,0,8,44,1,53,40,0,40,93
03/26/2013,DPA,IL,AGL,CE,Towers with Radar,0,16,44,0,60,0,1,92,1,94,0,17,136,1,154,130,0,130,284
03/27/2013,DPA,IL,AGL,CE,Towers with Radar,0,24,38,2,64,0,1,88,2,91,0,25,126,4,155,68,0,68,223
03/28/2013,DPA,IL,AGL,CE,Towers with Radar,0,24,49,0,73,0,1,125,0,126,0,25,174,0,199,120,0,120,319
03/29/2013,DPA,IL,AGL,CE,Towers with Radar,0,15,25,0,40,0,2,130,2,134,0,17,155,2,174,168,0,168,342
03/30/2013,DPA,IL,AGL,CE,Towers with Radar,0,22,31,0,53,0,0,104,0,104,0,22,135,0,157,128,0,128,285
03/31/2013,DPA,IL,AGL,CE,Towers with Radar,0,6,19,0,25,0,0,28,0,28,0,6,47,0,53,0,0,0,53
04/01/2013,DPA,IL,AGL,CE,Towers with Radar,0,16,32,0,48,0,0,71,1,72,0,16,103,1,120,34,0,34,154
04/02/2013,DPA,IL,AGL,CE,Towers with Radar,0,17,58,1,76,0,0,86,1,87,0,17,144,2,163,74,0,74,237
04/03/2013,DPA,IL,AGL,CE,Towers with Radar,0,17,50,0,67,0,0,108,2,110,0,17,158,2,177,86,0,86,263
04/04/2013,DPA,IL,AGL,CE,Towers with Radar,0,26,40,0,66,0,0,66,2,68,0,26,106,2,134,32,0,32,166
04/05/2013,DPA,IL,AGL,CE,Towers with Radar,0,17,43,1,61,0,0,110,4,114,0,17,153,5,175,108,0,108,283
04/06/2013,DPA,IL,AGL,CE,Towers with Radar,0,15,17,0,32,0,0,31,1,32,0,15,48,1,64,28,0,28,92
04/07/2013,DPA,IL,AGL,CE,Towers with Radar,0,4,36,0,40,0,0,123,0,123,0,4,159,0,163,157,0,157,320
04/08/2013,DPA,IL,AGL,CE,Towers with Radar,0,13,34,0,47,0,3,21,0,24,0,16,55,0,71,18,0,18,89
04/09/2013,DPA,IL,AGL,CE,Towers with Radar,0,22,50,1,73,0,0,7,0,7,0,22,57,1,80,4,0,4,84
04/10/2013,DPA,IL,AGL,CE,Towers with Radar,0,24,34,0,58,0,0,0,0,0,0,24,34,0,58,2,0,2,60
04/11/2013,DPA,IL,AGL,CE,Towers with Radar,0,25,40,0,65,0,0,0,0,0,0,25,40,0,65,0,0,0,65
04/12/2013,DPA,IL,AGL,CE,Towers with Radar,0,21,42,0,63,0,0,23,0,23,0,21,65,0,86,118,0,118,204
04/13/2013,DPA,IL,AGL,CE,Towers with Radar,0,21,25,0,46,0,0,42,0,42,0,21,67,0,88,54,0,54,142
04/14/2013,DPA,IL,AGL,CE,Towers with Radar,0,3,24,0,27,0,0,59,0,59,0,3,83,0,86,58,0,58,144
04/15/2013,DPA,IL,AGL,CE,Towers with Radar,0,10,41,0,51,0,0,34,0,34,0,10,75,0,85,46,0,46,131
04/16/2013,DPA,IL,AGL,CE,Towers with Radar,0,18,43,0,61,0,0,113,0,113,0,18,156,0,174,172,0,172,346
04/17/2013,DPA,IL,AGL,CE,Towers with Radar,0,12,50,0,62,0,0,4,0,4,0,12,54,0,66,0,0,0,66
04/18/2013,DPA,IL,AGL,CE,Towers with Radar,0,15,20,0,35,0,0,3,0,3,0,15,23,0,38,0,0,0,38
04/19/2013,DPA,IL,AGL,CE,Towers with Radar,0,19,28,0,47,0,0,16,0,16,0,19,44,0,63,2,0,2,65
04/20/2013,DPA,IL,AGL,CE,Towers with Radar,0,16,38,0,54,0,0,170,0,170,0,16,208,0,224,202,0,202,426
04/21/2013,DPA,IL,AGL,CE,Towers with Radar,0,12,37,0,49,0,1,108,0,109,0,13,145,0,158,109,0,109,267
04/22/2013,DPA,IL,AGL,CE,Towers with Radar,0,9,35,0,44,0,0,102,0,102,0,9,137,0,146,138,0,138,284
04/23/2013,DPA,IL,AGL,CE,Towers with Radar,2,17,46,0,65,0,0,20,0,20,2,17,66,0,85,72,0,72,157
04/24/2013,DPA,IL,AGL,CE,Towers with Radar,4,23,47,0,74,0,0,94,0,94,4,23,141,0,168,132,0,132,300
04/25/2013,DPA,IL,AGL,CE,Towers with Radar,0,21,57,1,79,0,0,84,0,84,0,21,141,1,163,126,0,126,289
04/26/2013,DPA,IL,AGL,CE,Towers with Radar,0,18,46,0,64,0,0,75,2,77,0,18,121,2,141,102,0,102,243
04/27/2013,DPA,IL,AGL,CE,Towers with Radar,0,18,22,0,40,0,1,136,0,137,0,19,158,0,177,164,0,164,341
04/28/2013,DPA,IL,AGL,CE,Towers with Radar,0,4,39,0,43,0,1,49,0,50,0,5,88,0,93,103,0,103,196
04/29/2013,DPA,IL,AGL,CE,Towers with Radar,0,12,35,0,47,0,0,94,1,95,0,12,129,1,142,110,0,110,252
04/30/2013,DPA,IL,AGL,CE,Towers with Radar,0,26,64,0,90,0,0,77,0,77,0,26,141,0,167,92,0,92,259
05/01/2013,DPA,IL,AGL,CE,Towers with Radar,0,23,48,1,72,0,0,106,1,107,0,23,154,2,179,99,0,99,278
05/02/2013,DPA,IL,AGL,CE,Towers with Radar,0,20,43,1,64,0,0,45,1,46,0,20,88,2,110,68,0,68,178
05/03/2013,DPA,IL,AGL,CE,Towers with Radar,0,18,48,0,66,0,0,2,0,2,0,18,50,0,68,0,0,0,68
05/04/2013,DPA,IL,AGL,CE,Towers with Radar,0,18,13,0,31,0,0,86,0,86,0,18,99,0,117,82,0,82,199
05/05/2013,DPA,IL,AGL,CE,Towers with Radar,0,12,38,0,50,0,0,109,1,110,0,12,147,1,160,88,0,88,248
05/06/2013,DPA,IL,AGL,CE,Towers with Radar,0,9,38,0,47,0,0,121,2,123,0,9,159,2,170,101,0,101,271
05/07/2013,DPA,IL,AGL,CE,Towers with Radar,0,21,55,0,76,0,0,145,1,146,0,21,200,1,222,140,0,140,362
05/08/2013,DPA,IL,AGL,CE,Towers with Radar,0,18,52,0,70,0,1,120,0,121,0,19,172,0,191,108,0,108,299
05/09/2013,DPA,IL,AGL,CE,Towers with Radar,0,14,48,1,63,0,0,53,0,53,0,14,101,1,116,80,0,80,196
05/10/2013,DPA,IL,AGL,CE,Towers with Radar,0,28,70,2,100,0,0,12,0,12,0,28,82,2,112,6,0,6,118
05/11/2013,DPA,IL,AGL,CE,Towers with Radar,0,22,28,0,50,0,0,36,0,36,0,22,64,0,86,36,0,36,122
05/12/2013,DPA,IL,AGL,CE,Towers with Radar,0,4,26,0,30,0,0,82,0,82,0,4,108,0,112,67,0,67,179
05/13/2013,DPA,IL,AGL,CE,Towers with Radar,1,17,63,2,83,0,1,123,2,126,1,18,186,4,209,70,0,70,279
05/14/2013,DPA,IL,AGL,CE,Towers with Radar,1,20,54,0,75,0,3,91,4,98,1,23,145,4,173,41,0,41,214
05/15/2013,DPA,IL,AGL,CE,Towers with Radar,0,24,62,1,87,0,2,129,1,132,0,26,191,2,219,138,16,154,373
05/16/2013,DPA,IL,AGL,CE,Towers with Radar,0,24,56,0,80,0,0,113,5,118,0,24,169,5,198,94,12,106,304
05/17/2013,DPA,IL,AGL,CE,Towers with Radar,0,25,56,0,81,0,1,101,0,102,0,26,157,0,183,96,0,96,279
05/18/2013,DPA,IL,AGL,CE,Towers with Radar,0,13,36,0,49,0,1,131,1,133,0,14,167,1,182,160,0,160,342
05/19/2013,DPA,IL,AGL,CE,Towers with Radar,0,3,45,0,48,0,1,43,0,44,0,4,88,0,92,88,0,88,180
05/20/2013,DPA,IL,AGL,CE,Towers with Radar,0,10,42,0,52,0,0,53,2,55,0,10,95,2,107,31,0,31,138
05/21/2013,DPA,IL,AGL,CE,Towers with Radar,0,24,51,0,75,0,0,65,0,65,0,24,116,0,140,152,0,152,292
05/22/2013,DPA,IL,AGL,CE,Towers with Radar,0,23,55,0,78,0,1,26,0,27,0,24,81,0,105,34,0,34,139
05/23/2013,DPA,IL,AGL,CE,Towers with Radar,0,24,51,0,75,0,0,23,0,23,0,24,74,0,98,76,0,76,174
05/24/2013,DPA,IL,AGL,CE,Towers with Radar,0,18,40,2,60,0,1,187,2,190,0,19,227,4,250,82,0,82,332
05/25/2013,DPA,IL,AGL,CE,Towers with Radar,2,19,23,0,44,0,1,86,0,87,2,20,109,0,131,128,0,128,259
05/26/2013,DPA,IL,AGL,CE,Towers with Radar,2,2,18,0,22,0,1,78,0,79,2,3,96,0,101,68,0,68,169
05/27/2013,DPA,IL,AGL,CE,Towers with Radar,0,6,22,0,28,0,1,5,0,6,0,7,27,0,34,26,1,27,61
05/28/2013,DPA,IL,AGL,CE,Towers with Radar,0,15,59,0,74,0,0,44,0,44,0,15,103,0,118,90,0,90,208
05/29/2013,DPA,IL,AGL,CE,Towers with Radar,2,16,69,1,88,0,1,37,1,39,2,17,106,2,127,66,0,66,193
05/30/2013,DPA,IL,AGL,CE,Towers with Radar,0,24,44,1,69,0,0,11,0,11,0,24,55,1,80,20,0,20,100
05/31/2013,DPA,IL,AGL,CE,Towers with Radar,0,14,45,0,59,0,0,33,1,34,0,14,78,1,93,65,0,65,158
06/01/2013,DPA,IL,AGL,CE,Towers with Radar,0,23,37,0,60,0,0,50,0,50,0,23,87,0,110,119,0,119,229
06/02/2013,DPA,IL,AGL,CE,Towers with Radar,0,9,35,0,44,0,0,33,0,33,0,9,68,0,77,36,0,36,113
06/03/2013,DPA,IL,AGL,CE,Towers with Radar,0,18,50,0,68,0,3,137,0,140,0,21,187,0,208,48,0,48,256
06/04/2013,DPA,IL,AGL,CE,Towers with Radar,0,19,62,0,81,0,0,130,2,132,0,19,192,2,213,116,0,116,329
06/05/2013,DPA,IL,AGL,CE,Towers with Radar,0,31,52,0,83,0,0,97,0,97,0,31,149,0,180,44,0,44,224
06/06/2013,DPA,IL,AGL,CE,Towers with Radar,0,21,46,0,67,0,0,62,2,64,0,21,108,2,131,136,0,136,267
06/07/2013,DPA,IL,AGL,CE,Towers with Radar,0,21,43,0,64,0,1,120,0,121,0,22,163,0,185,94,0,94,279
06/08/2013,DPA,IL,AGL,CE,Towers with Radar,0,24,33,0,57,0,0,136,0,136,0,24,169,0,193,156,0,156,349
06/09/2013,DPA,IL,AGL,CE,Towers with Radar,0,4,30,0,34,0,1,73,0,74,0,5,103,0,108,140,0,140,248
06/10/2013,DPA,IL,AGL,CE,Towers with Radar,1,15,42,0,58,0,0,65,0,65,1,15,107,0,123,120,0,120,243
06/11/2013,DPA,IL,AGL,CE,Towers with Radar,1,26,71,1,99,0,0,134,2,136,1,26,205,3,235,68,0,68,303
06/12/2013,DPA,IL,AGL,CE,Towers with Radar,0,21,46,3,70,0,0,58,1,59,0,21,104,4,129,54,0,54,183
06/13/2013,DPA,IL,AGL,CE,Towers with Radar,0,22,67,0,89,0,1,110,2,113,0,23,177,2,202,86,0,86,288
06/14/2013,DPA,IL,AGL,CE,Towers with Radar,0,20,53,0,73,0,2,148,2,152,0,22,201,2,225,141,0,141,366
06/15/2013,DPA,IL,AGL,CE,Towers with Radar,0,21,26,1,48,0,0,46,1,47,0,21,72,2,95,108,0,108,203
06/16/2013,DPA,IL,AGL,CE,Towers with Radar,0,7,47,0,54,0,0,97,0,97,0,7,144,0,151,36,0,36,187
06/17/2013,DPA,IL,AGL,CE,Towers with Radar,0,6,40,0,46,0,1,91,1,93,0,7,131,1,139,106,0,106,245
06/18/2013,DPA,IL,AGL,CE,Towers with Radar,0,24,55,0,79,0,1,69,2,72,0,25,124,2,151,96,0,96,247
06/19/2013,DPA,IL,AGL,CE,Towers with Radar,4,20,54,0,78,0,1,110,5,116,4,21,164,5,194,176,0,176,370
06/20/2013,DPA,IL,AGL,CE,Towers with Radar,0,28,46,0,74,0,1,108,2,111,0,29,154,2,185,122,0,122,307
06/21/2013,DPA,IL,AGL,CE,Towers with Radar,0,26,51,0,77,0,0,44,1,45,0,26,95,1,122,101,0,101,223
06/22/2013,DPA,IL,AGL,CE,Towers with Radar,0,17,35,0,52,0,0,43,0,43,0,17,78,0,95,106,0,106,201
06/23/2013,DPA,IL,AGL,CE,Towers with Radar,0,13,45,0,58,0,2,102,0,104,0,15,147,0,162,83,0,83,245
06/24/2013,DPA,IL,AGL,CE,Towers with Radar,1,13,36,0,50,0,0,44,0,44,1,13,80,0,94,44,0,44,138
06/25/2013,DPA,IL,AGL,CE,Towers with Radar,0,40,51,0,91,0,0,42,2,44,0,40,93,2,135,42,0,42,177
06/26/2013,DPA,IL,AGL,CE,Towers with Radar,0,22,63,0,85,0,0,55,2,57,0,22,118,2,142,94,0,94,236
06/27/2013,DPA,IL,AGL,CE,Towers with Radar,0,27,57,0,84,0,1,113,2,116,0,28,170,2,200,130,0,130,330
06/28/2013,DPA,IL,AGL,CE,Towers with Radar,2,32,32,0,66,0,0,70,1,71,2,32,102,1,137,76,0,76,213
06/29/2013,DPA,IL,AGL,CE,Towers with Radar,0,18,44,0,62,0,2,17,0,19,0,20,61,0,81,50,0,50,131
06/30/2013,DPA,IL,AGL,CE,Towers with Radar,0,8,37,0,45,0,0,127,0,127,0,8,164,0,172,77,0,77,249
07/01/2013,DPA,IL,AGL,CE,Towers with Radar,0,6,41,0,47,0,4,106,2,112,0,10,147,2,159,84,0,84,243
07/02/2013,DPA,IL,AGL,CE,Towers with Radar,0,22,43,0,65,0,1,123,2,126,0,23,166,2,191,78,0,78,269
07/03/2013,DPA,IL,AGL,CE,Towers with Radar,0,15,67,0,82,0,0,8,1,9,0,15,75,1,91,22,0,22,113
07/04/2013,DPA,IL,AGL,CE,Towers with Radar,0,14,21,0,35,0,1,89,2,92,0,15,110,2,127,70,0,70,197
07/05/2013,DPA,IL,AGL,CE,Towers with Radar,0,7,24,0,31,0,0,115,3,118,0,7,139,3,149,142,0,142,291
07/06/2013,DPA,IL,AGL,CE,Towers with Radar,0,28,37,0,65,0,0,99,0,99,0,28,136,0,164,80,0,80,244
07/07/2013,DPA,IL,AGL,CE,Towers with Radar,0,4,42,0,46,0,0,56,0,56,0,4,98,0,102,36,0,36,138
07/08/2013,DPA,IL,AGL,CE,Towers with Radar,0,7,33,0,40,0,0,43,0,43,0,7,76,0,83,14,0,14,97
07/09/2013,DPA,IL,AGL,CE,Towers with Radar,0,19,34,0,53,0,0,44,3,47,0,19,78,3,100,46,0,46,146
07/10/2013,DPA,IL,AGL,CE,Towers with Radar,0,22,43,0,65,0,1,114,4,119,0,23,157,4,184,87,0,87,271
07/11/2013,DPA,IL,AGL,CE,Towers with Radar,0,28,49,0,77,0,1,114,3,118,0,29,163,3,195,194,0,194,389
07/12/2013,DPA,IL,AGL,CE,Towers with Radar,0,21,63,1,85,0,0,132,7,139,0,21,195,8,224,100,0,100,324
07/13/2013,DPA,IL,AGL,CE,Towers with Radar,0,19,39,0,58,0,1,110,0,111,0,20,149,0,169,60,0,60,229
07/14/2013,DPA,IL,AGL,CE,Towers with Radar,1,3,59,1,64,0,3,102,2,107,1,6,161,3,171,72,0,72,243
07/15/2013,DPA,IL,AGL,CE,Towers with Radar,0,14,52,0,66,0,2,84,2,88,0,16,136,2,154,78,0,78,232
07/16/2013,DPA,IL,AGL,CE,Towers with Radar,0,17,43,0,60,0,1,96,3,100,0,18,139,3,160,74,0,74,234
07/17/2013,DPA,IL,AGL,CE,Towers with Radar,0,22,52,0,74,0,1,97,4,102,0,23,149,4,176,118,0,118,294
07/18/2013,DPA,IL,AGL,CE,Towers with Radar,0,25,45,0,70,1,1,101,2,105,1,26,146,2,175,74,0,74,249
07/19/2013,DPA,IL,AGL,CE,Towers with Radar,0,11,43,0,54,0,0,66,2,68,0,11,109,2,122,74,0,74,196
07/20/2013,DPA,IL,AGL,CE,Towers with Radar,0,16,33,0,49,0,2,103,0,105,0,18,136,0,154,56,0,56,210
07/21/2013,DPA,IL,AGL,CE,Towers with Radar,0,5,43,0,48,0,1,101,0,102,0,6,144,0,150,94,0,94,244
07/22/2013,DPA,IL,AGL,CE,Towers with Radar,0,14,42,1,57,0,0,94,1,95,0,14,136,2,152,188,0,188,340
07/23/2013,DPA,IL,AGL,CE,Towers with Radar,0,19,48,1,68,0,1,81,2,84,0,20,129,3,152,80,0,80,232
07/24/2013,DPA,IL,AGL,CE,Towers with Radar,0,20,47,0,67,0,1,132,5,138,0,21,179,5,205,186,0,186,391
07/25/2013,DPA,IL,AGL,CE,Towers with Radar,0,15,42,0,57,0,2,146,1,149,0,17,188,1,206,115,0,115,321
07/26/2013,DPA,IL,AGL,CE,Towers with Radar,0,16,35,1,52,0,2,56,0,58,0,18,91,1,110,60,0,60,170
07/27/2013,DPA,IL,AGL,CE,Towers with Radar,0,21,44,0,65,0,0,77,0,77,0,21,121,0,142,64,0,64,206
07/28/2013,DPA,IL,AGL,CE,Towers with Radar,0,5,43,0,48,0,0,86,0,86,0,5,129,0,134,67,0,67,201
07/29/2013,DPA,IL,AGL,CE,Towers with Radar,0,15,47,0,62,0,0,115,2,117,0,15,162,2,179,98,0,98,277
07/30/2013,DPA,IL,AGL,CE,Towers with Radar,0,18,47,1,66,0,0,65,1,66,0,18,112,2,132,123,0,123,255
07/31/2013,DPA,IL,AGL,CE,Towers with Radar,0,15,84,0,99,0,0,28,0,28,0,15,112,0,127,12,0,12,139
08/01/2013,DPA,IL,AGL,CE,Towers with Radar,1,34,48,3,86,0,1,124,4,129,1,35,172,7,215,110,0,110,325
08/02/2013,DPA,IL,AGL,CE,Towers with Radar,0,25,42,2,69,1,3,85,2,91,1,28,127,4,160,106,0,106,266
08/03/2013,DPA,IL,AGL,CE,Towers with Radar,0,20,26,0,46,0,0,130,2,132,0,20,156,2,178,73,0,73,251
08/04/2013,DPA,IL,AGL,CE,Towers with Radar,0,12,41,0,53,0,0,139,2,141,0,12,180,2,194,136,0,136,330
08/05/2013,DPA,IL,AGL,CE,Towers with Radar,0,11,39,2,52,0,0,63,5,68,0,11,102,7,120,124,0,124,244
08/06/2013,DPA,IL,AGL,CE,Towers with Radar,0,26,52,0,78,0,0,36,2,38,0,26,88,2,116,67,0,67,183
08/07/2013,DPA,IL,AGL,CE,Towers with Radar,0,21,52,0,73,0,1,91,3,95,0,22,143,3,168,104,0,104,272
08/08/2013,DPA,IL,AGL,CE,Towers with Radar,0,25,43,1,69,0,3,124,7,134,0,28,167,8,203,170,0,170,373
08/09/2013,DPA,IL,AGL,CE,Towers with Radar,0,20,50,2,72,0,0,128,4,132,0,20,178,6,204,188,0,188,392
08/10/2013,DPA,IL,AGL,CE,Towers with Radar,0,25,46,1,72,0,3,147,5,155,0,28,193,6,227,184,0,184,411
08/11/2013,DPA,IL,AGL,CE,Towers with Radar,0,5,37,0,42,0,4,103,3,110,0,9,140,3,152,110,0,110,262
08/12/2013,DPA,IL,AGL,CE,Towers with Radar,0,7,28,0,35,0,1,65,2,68,0,8,93,2,103,54,0,54,157
08/13/2013,DPA,IL,AGL,CE,Towers with Radar,0,22,42,2,66,0,2,120,5,127,0,24,162,7,193,130,0,130,323
08/14/2013,DPA,IL,AGL,CE,Towers with Radar,0,18,51,3,72,0,3,91,1,95,0,21,142,4,167,126,0,126,293
08/15/2013,DPA,IL,AGL,CE,Towers with Radar,0,22,46,0,68,0,0,128,5,133,0,22,174,5,201,96,0,96,297
08/16/2013,DPA,IL,AGL,CE,Towers with Radar,0,12,34,0,46,0,0,111,3,114,0,12,145,3,160,146,0,146,306
08/17/2013,DPA,IL,AGL,CE,Towers with Radar,0,14,26,0,40,0,0,119,2,121,0,14,145,2,161,82,0,82,243
08/18/2013,DPA,IL,AGL,CE,Towers with Radar,0,3,35,0,38,0,3,114,2,119,0,6,149,2,157,52,0,52,209
08/19/2013,DPA,IL,AGL,CE,Towers with Radar,0,9,43,1,53,0,1,101,3,105,0,10,144,4,158,102,0,102,260
08/20/2013,DPA,IL,AGL,CE,Towers with Radar,0,30,58,0,88,0,2,99,5,106,0,32,157,5,194,96,0,96,290
08/21/2013,DPA,IL,AGL,CE,Towers with Radar,0,20,53,2,75,0,0,84,6,90,0,20,137,8,165,62,0,62,227
08/22/2013,DPA,IL,AGL,CE,Towers with Radar,0,28,50,0,78,0,0,23,2,25,0,28,73,2,103,50,0,50,153
08/23/2013,DPA,IL,AGL,CE,Towers with Radar,0,16,42,1,59,0,0,91,4,95,0,16,133,5,154,74,0,74,228
08/24/2013,DPA,IL,AGL,CE,Towers with Radar,0,19,33,0,52,0,2,138,0,140,0,21,171,0,192,126,0,126,318
08/25/2013,DPA,IL,AGL,CE,Towers with Radar,0,1,27,0,28,0,0,114,0,114,0,1,141,0,142,76,0,76,218
08/26/2013,DPA,IL,AGL,CE,Towers with Radar,2,12,28,0,42,0,2,80,2,84,2,14,108,2,126,78,0,78,204
08/27/2013,DPA,IL,AGL,CE,Towers with Radar,0,27,46,0,73,0,0,93,3,96,0,27,139,3,169,86,0,86,255
08/28/2013,DPA,IL,AGL,CE,Towers with Radar,0,22,64,1,87,0,1,67,4,72,0,23,131,5,159,89,0,89,248
08/29/2013,DPA,IL,AGL,CE,Towers with Radar,1,27,49,1,78,0,0,76,0,76,1,27,125,1,154,105,0,105,259
08/30/2013,DPA,IL,AGL,CE,Towers with Radar,1,19,35,0,55,0,2,81,2,85,1,21,116,2,140,55,0,55,195
08/31/2013,DPA,IL,AGL,CE,Towers with Radar,0,19,39,0,58,0,0,38,0,38,0,19,77,0,96,28,0,28,124
09/01/2013,DPA,IL,AGL,CE,Towers with Radar,0,3,24,0,27,0,0,45,0,45,0,3,69,0,72,102,0,102,174
09/02/2013,DPA,IL,AGL,CE,Towers with Radar,0,7,31,0,38,0,0,83,0,83,0,7,114,0,121,41,0,41,162
09/03/2013,DPA,IL,AGL,CE,Towers with Radar,0,10,44,3,57,0,1,106,1,108,0,11,150,4,165,94,4,98,263
09/04/2013,DPA,IL,AGL,CE,Towers with Radar,0,19,55,7,81,0,0,108,4,112,0,19,163,11,193,114,0,114,307
09/05/2013,DPA,IL,AGL,CE,Towers with Radar,0,22,62,1,85,0,1,108,4,113,0,23,170,5,198,154,0,154,352
09/06/2013,DPA,IL,AGL,CE,Towers with Radar,0,14,29,0,43,0,1,115,4,120,0,15,144,4,163,72,0,72,235
09/07/2013,DPA,IL,AGL,CE,Towers with Radar,0,17,32,1,50,0,0,134,1,135,0,17,166,2,185,154,0,154,339
09/08/2013,DPA,IL,AGL,CE,Towers with Radar,0,10,43,0,53,0,1,49,0,50,0,11,92,0,103,88,0,88,191
09/09/2013,DPA,IL,AGL,CE,Towers with Radar,0,17,53,0,70,0,0,88,3,91,0,17,141,3,161,68,0,68,229
09/10/2013,DPA,IL,AGL,CE,Towers with Radar,0,19,51,1,71,0,0,54,3,57,0,19,105,4,128,48,0,48,176
09/11/2013,DPA,IL,AGL,CE,Towers with Radar,1,23,50,0,74,0,0,71,3,74,1,23,121,3,148,100,0,100,248
09/12/2013,DPA,IL,AGL,CE,Towers with Radar,0,20,53,2,75,1,0,111,4,116,1,20,164,6,191,92,0,92,283
09/13/2013,DPA,IL,AGL,CE,Towers with Radar,0,13,43,0,56,0,0,111,2,113,0,13,154,2,169,120,0,120,289
09/14/2013,DPA,IL,AGL,CE,Towers with Radar,0,19,33,4,56,0,0,213,1,214,0,19,246,5,270,134,0,134,404
09/15/2013,DPA,IL,AGL,CE,Towers with Radar,0,8,41,0,49,0,0,15,0,15,0,8,56,0,64,22,0,22,86
09/16/2013,DPA,IL,AGL,CE,Towers with Radar,0,13,55,0,68,0,1,75,3,79,0,14,130,3,147,80,0,80,227
09/17/2013,DPA,IL,AGL,CE,Towers with Radar,0,22,58,2,82,0,0,125,1,126,0,22,183,3,208,92,0,92,300
09/18/2013,DPA,IL,AGL,CE,Towers with Radar,0,29,38,0,67,0,0,46,1,47,0,29,84,1,114,56,0,56,170
09/19/2013,DPA,IL,AGL,CE,Towers with Radar,0,19,77,0,96,0,0,43,3,46,0,19,120,3,142,56,0,56,198
09/20/2013,DPA,IL,AGL,CE,Towers with Radar,0,16,54,0,70,0,1,52,1,54,0,17,106,1,124,106,0,106,230
09/21/2013,DPA,IL,AGL,CE,Towers with Radar,0,16,26,0,42,0,1,124,0,125,0,17,150,0,167,88,0,88,255
09/22/2013,DPA,IL,AGL,CE,Towers with Radar,0,8,51,0,59,0,1,132,0,133,0,9,183,0,192,82,0,82,274
09/23/2013,DPA,IL,AGL,CE,Towers with Radar,0,6,46,0,52,0,0,67,7,74,0,6,113,7,126,86,0,86,212
09/24/2013,DPA,IL,AGL,CE,Towers with Radar,0,19,47,0,66,0,3,99,6,108,0,22,146,6,174,99,0,99,273
09/25/2013,DPA,IL,AGL,CE,Towers with Radar,0,15,44,3,62,0,3,114,4,121,0,18,158,7,183,50,0,50,233
09/26/2013,DPA,IL,AGL,CE,Towers with Radar,0,20,67,1,88,0,1,121,7,129,0,21,188,8,217,80,0,80,297
09/27/2013,DPA,IL,AGL,CE,Towers with Radar,0,21,49,0,70,0,2,114,2,118,0,23,163,2,188,55,0,55,243
09/28/2013,DPA,IL,AGL,CE,Towers with Radar,0,19,33,0,52,0,3,63,0,66,0,22,96,0,118,66,0,66,184
09/29/2013,DPA,IL,AGL,CE,Towers with Radar,0,8,37,0,45,0,1,82,0,83,0,9,119,0,128,70,0,70,198
09/30/2013,DPA,IL,AGL,CE,Towers with Radar,0,22,56,0,78,0,3,94,4,101,0,25,150,4,179,54,0,54,233
10/01/2013,DPA,IL,AGL,CE,Towers with Radar,0,36,50,2,88,0,1,40,0,41,0,37,90,2,129,58,0,58,187
10/02/2013,DPA,IL,AGL,CE,Towers with Radar,0,29,53,1,83,0,1,102,5,108,0,30,155,6,191,99,0,99,290
10/03/2013,DPA,IL,AGL,CE,Towers with Radar,1,22,46,0,69,0,0,10,0,10,1,22,56,0,79,28,0,28,107
10/04/2013,DPA,IL,AGL,CE,Towers with Radar,0,17,65,0,82,0,0,22,2,24,0,17,87,2,106,77,0,77,183
10/05/2013,DPA,IL,AGL,CE,Towers with Radar,0,21,26,0,47,0,0,4,0,4,0,21,30,0,51,96,0,96,147
10/06/2013,DPA,IL,AGL,CE,Towers with Radar,0,8,29,0,37,0,0,91,0,91,0,8,120,0,128,141,0,141,269
10/07/2013,DPA,IL,AGL,CE,Towers with Radar,0,6,37,0,43,0,0,81,2,83,0,6,118,2,126,28,0,28,154
10/08/2013,DPA,IL,AGL,CE,Towers with Radar,0,17,60,0,77,0,1,111,8,120,0,18,171,8,197,114,0,114,311
10/09/2013,DPA,IL,AGL,CE,Towers with Radar,0,16,71,1,88,0,1,111,5,117,0,17,182,6,205,120,0,120,325
10/10/2013,DPA,IL,AGL,CE,Towers with Radar,0,21,81,0,102,0,4,107,4,115,0,25,188,4,217,99,1,100,317
10/11/2013,DPA,IL,AGL,CE,Towers with Radar,2,23,71,0,96,0,0,108,5,113,2,23,179,5,209,114,0,114,323
10/12/2013,DPA,IL,AGL,CE,Towers with Radar,0,23,40,0,63,0,1,53,2,56,0,24,93,2,119,74,0,74,193
10/13/2013,DPA,IL,AGL,CE,Towers with Radar,0,4,55,0,59,0,2,142,4,148,0,6,197,4,207,108,0,108,315
10/14/2013,DPA,IL,AGL,CE,Towers with Radar,0,18,41,0,59,0,1,87,2,90,0,19,128,2,149,106,0,106,255
10/15/2013,DPA,IL,AGL,CE,Towers with Radar,0,18,58,0,76,0,0,35,6,41,0,18,93,6,117,49,0,49,166
10/16/2013,DPA,IL,AGL,CE,Towers with Radar,0,16,69,0,85,0,0,38,0,38,0,16,107,0,123,72,0,72,195
10/17/2013,DPA,IL,AGL,CE,Towers with Radar,0,24,64,1,89,0,0,39,0,39,0,24,103,1,128,84,0,84,212
10/18/2013,DPA,IL,AGL,CE,Towers with Radar,0,20,59,1,80,0,0,35,0,35,0,20,94,1,115,41,0,41,156
10/19/2013,DPA,IL,AGL,CE,Towers with Radar,0,21,19,0,40,0,0,113,0,113,0,21,132,0,153,51,0,51,204
10/20/2013,DPA,IL,AGL,CE,Towers with Radar,0,3,44,0,47,0,0,110,0,110,0,3,154,0,157,102,0,102,259
10/21/2013,DPA,IL,AGL,CE,Towers with Radar,0,11,53,0,64,0,0,69,1,70,0,11,122,1,134,32,0,32,166
10/22/2013,DPA,IL,AGL,CE,Towers with Radar,0,22,43,0,65,0,1,24,4,29,0,23,67,4,94,45,0,45,139
10/23/2013,DPA,IL,AGL,CE,Towers with Radar,0,25,41,0,66,0,0,97,2,99,0,25,138,2,165,27,0,27,192
10/24/2013,DPA,IL,AGL,CE,Towers with Radar,0,18,61,0,79,0,0,99,2,101,0,18,160,2,180,86,0,86,266
10/25/2013,DPA,IL,AGL,CE,Towers with Radar,0,24,60,1,85,0,1,97,6,104,0,25,157,7,189,90,0,90,279
10/26/2013,DPA,IL,AGL,CE,Towers with Radar,0,21,23,0,44,0,0,64,1,65,0,21,87,1,109,80,0,80,189
10/27/2013,DPA,IL,AGL,CE,Towers with Radar,1,6,28,0,35,0,0,132,0,132,1,6,160,0,167,77,0,77,244
10/28/2013,DPA,IL,AGL,CE,Towers with Radar,0,5,44,0,49,0,0,65,4,69,0,5,109,4,118,80,0,80,198
10/29/2013,DPA,IL,AGL,CE,Towers with Radar,0,27,35,0,62,0,1,74,3,78,0,28,109,3,140,84,0,84,224
10/30/2013,DPA,IL,AGL,CE,Towers with Radar,0,12,64,0,76,0,0,0,0,0,0,12,64,0,76,0,0,0,76
10/31/2013,DPA,IL,AGL,CE,Towers with Radar,0,21,54,0,75,0,0,1,0,1,0,21,55,0,76,2,0,2,78
11/01/2013,DPA,IL,AGL,CE,Towers with Radar,0,20,42,0,62,0,0,38,0,38,0,20,80,0,100,61,0,61,161
11/02/2013,DPA,IL,AGL,CE,Towers with Radar,0,17,45,0,62,0,0,27,0,27,0,17,72,0,89,40,0,40,129
11/03/2013,DPA,IL,AGL,CE,Towers with Radar,0,13,36,0,49,0,1,147,0,148,0,14,183,0,197,99,0,99,296
11/04/2013,DPA,IL,AGL,CE,Towers with Radar,0,10,46,2,58,0,0,56,3,59,0,10,102,5,117,43,0,43,160
11/05/2013,DPA,IL,AGL,CE,Towers with Radar,0,20,64,0,84,0,0,38,1,39,0,20,102,1,123,70,0,70,193
11/06/2013,DPA,IL,AGL,CE,Towers with Radar,0,29,59,0,88,0,0,12,0,12,0,29,71,0,100,60,0,60,160
11/07/2013,DPA,IL,AGL,CE,Towers with Radar,1,19,39,0,59,1,0,73,2,76,2,19,112,2,135,63,0,63,198
11/08/2013,DPA,IL,AGL,CE,Towers with Radar,0,19,54,0,73,0,0,122,1,123,0,19,176,1,196,117,0,117,313
11/09/2013,DPA,IL,AGL,CE,Towers with Radar,0,18,26,0,44,0,2,63,0,65,0,20,89,0,109,32,0,32,141
11/10/2013,DPA,IL,AGL,CE,Towers with Radar,0,4,53,0,57,0,0,116,0,116,0,4,169,0,173,139,0,139,312
11/11/2013,DPA,IL,AGL,CE,Towers with Radar,0,2,40,0,42,0,1,7,0,8,0,3,47,0,50,42,0,42,92
11/12/2013,DPA,IL,AGL,CE,Towers with Radar,0,24,67,1,92,0,0,102,2,104,0,24,169,3,196,78,0,78,274
11/13/2013,DPA,IL,AGL,CE,Towers with Radar,0,15,46,0,61,0,0,66,6,72,0,15,112,6,133,26,0,26,159
11/14/2013,DPA,IL,AGL,CE,Towers with Radar,0,23,60,0,83,0,0,70,5,75,0,23,130,5,158,73,0,73,231
11/15/2013,DPA,IL,AGL,CE,Towers with Radar,0,18,43,0,61,0,0,74,1,75,0,18,117,1,136,102,0,102,238
11/16/2013,DPA,IL,AGL,CE,Towers with Radar,0,16,34,0,50,0,0,2,0,2,0,16,36,0,52,0,0,0,52
11/17/2013,DPA,IL,AGL,CE,Towers with Radar,0,7,26,0,33,0,0,5,0,5,0,7,31,0,38,0,0,0,38
11/18/2013,DPA,IL,AGL,CE,Towers with Radar,0,10,45,0,55,0,0,43,0,43,0,10,88,0,98,63,0,63,161
11/19/2013,DPA,IL,AGL,CE,Towers with Radar,0,18,68,2,88,0,0,119,6,125,0,18,187,8,213,140,0,140,353
11/20/2013,DPA,IL,AGL,CE,Towers with Radar,0,22,41,0,63,0,1,64,6,71,0,23,105,6,134,87,0,87,221
11/21/2013,DPA,IL,AGL,CE,Towers with Radar,0,22,68,1,91,0,0,26,0,26,0,22,94,1,117,74,0,74,191
11/22/2013,DPA,IL,AGL,CE,Towers with Radar,0,25,51,2,78,0,0,28,0,28,0,25,79,2,106,5,0,5,111
11/23/2013,DPA,IL,AGL,CE,Towers with Radar,0,20,26,0,46,0,1,69,0,70,0,21,95,0,116,68,0,68,184
11/24/2013,DPA,IL,AGL,CE,Towers with Radar,0,6,28,0,34,0,0,111,0,111,0,6,139,0,145,112,0,112,257
11/25/2013,DPA,IL,AGL,CE,Towers with Radar,0,9,28,0,37,0,0,24,0,24,0,9,52,0,61,49,0,49,110
11/26/2013,DPA,IL,AGL,CE,Towers with Radar,0,31,43,0,74,0,0,50,3,53,0,31,93,3,127,49,0,49,176
11/27/2013,DPA,IL,AGL,CE,Towers with Radar,1,23,34,0,58,0,1,84,2,87,1,24,118,2,145,26,0,26,171
11/28/2013,DPA,IL,AGL,CE,Towers with Radar,3,10,7,0,20,0,0,15,0,15,3,10,22,0,35,2,0,2,37
11/29/2013,DPA,IL,AGL,CE,Towers with Radar,0,9,18,0,27,0,1,105,0,106,0,10,123,0,133,68,0,68,201
11/30/2013,DPA,IL,AGL,CE,Towers with Radar,0,18,23,0,41,0,0,110,0,110,0,18,133,0,151,66,0,66,217
12/01/2013,DPA,IL,AGL,CE,Towers with Radar,0,10,42,0,52,0,1,76,0,77,0,11,118,0,129,146,0,146,275
12/02/2013,DPA,IL,AGL,CE,Towers with Radar,0,9,58,1,68,0,0,49,2,51,0,9,107,3,119,81,0,81,200
12/03/2013,DPA,IL,AGL,CE,Towers with Radar,0,22,56,0,78,0,0,0,0,0,0,22,56,0,78,0,0,0,78
12/04/2013,DPA,IL,AGL,CE,Towers with Radar,0,22,40,0,62,0,0,3,0,3,0,22,43,0,65,0,0,0,65
12/05/2013,DPA,IL,AGL,CE,Towers with Radar,0,27,49,0,76,0,0,56,4,60,0,27,105,4,136,92,0,92,228
12/06/2013,DPA,IL,AGL,CE,Towers with Radar,0,21,46,0,67,0,0,63,2,65,0,21,109,2,132,70,0,70,202
12/07/2013,DPA,IL,AGL,CE,Towers with Radar,0,26,31,0,57,0,0,71,0,71,0,26,102,0,128,26,0,26,154
12/08/2013,DPA,IL,AGL,CE,Towers with Radar,0,9,30,0,39,0,0,4,0,4,0,9,34,0,43,2,0,2,45
12/09/2013,DPA,IL,AGL,CE,Towers with Radar,0,4,28,0,32,0,0,36,4,40,0,4,64,4,72,24,0,24,96
12/10/2013,DPA,IL,AGL,CE,Towers with Radar,0,22,40,0,62,0,0,33,1,34,0,22,73,1,96,2,8,10,106
12/11/2013,DPA,IL,AGL,CE,Towers with Radar,0,16,55,1,72,0,0,56,0,56,0,16,111,1,128,10,0,10,138
12/12/2013,DPA,IL,AGL,CE,Towers with Radar,0,17,49,0,66,0,0,53,2,55,0,17,102,2,121,20,0,20,141
12/13/2013,DPA,IL,AGL,CE,Towers with Radar,0,21,37,0,58,0,0,68,3,71,0,21,105,3,129,26,0,26,155
12/14/2013,DPA,IL,AGL,CE,Towers with Radar,0,24,9,0,33,0,0,0,0,0,0,24,9,0,33,0,0,0,33
12/15/2013,DPA,IL,AGL,CE,Towers with Radar,0,2,23,0,25,0,0,74,1,75,0,2,97,1,100,24,0,24,124
12/16/2013,DPA,IL,AGL,CE,Towers with Radar,0,6,42,0,48,0,0,41,0,41,0,6,83,0,89,38,0,38,127
12/17/2013,DPA,IL,AGL,CE,Towers with Radar,0,16,51,2,69,0,0,35,0,35,0,16,86,2,104,52,0,52,156
12/18/2013,DPA,IL,AGL,CE,Towers with Radar,0,28,42,0,70,0,0,77,3,80,0,28,119,3,150,92,0,92,242
12/19/2013,DPA,IL,AGL,CE,Towers with Radar,0,31,49,1,81,0,1,22,0,23,0,32,71,1,104,10,0,10,114
12/20/2013,DPA,IL,AGL,CE,Towers with Radar,0,23,37,0,60,0,0,0,0,0,0,23,37,0,60,0,0,0,60
12/21/2013,DPA,IL,AGL,CE,Towers with Radar,0,18,8,0,26,0,0,0,0,0,0,18,8,0,26,0,0,0,26
12/22/2013,DPA,IL,AGL,CE,Towers with Radar,0,7,15,0,22,0,0,6,0,6,0,7,21,0,28,26,0,26,54
12/23/2013,DPA,IL,AGL,CE,Towers with Radar,0,3,39,0,42,0,0,39,0,39,0,3,78,0,81,20,0,20,101
12/24/2013,DPA,IL,AGL,CE,Towers with Radar,0,14,6,0,20,0,0,34,0,34,0,14,40,0,54,20,6,26,80
12/25/2013,DPA,IL,AGL,CE,Towers with Radar,0,12,2,0,14,0,0,1,0,1,0,12,3,0,15,0,0,0,15
12/26/2013,DPA,IL,AGL,CE,Towers with Radar,0,11,36,0,47,0,1,51,1,53,0,12,87,1,100,107,0,107,207
12/27/2013,DPA,IL,AGL,CE,Towers with Radar,0,23,36,0,59,0,1,90,0,91,0,24,126,0,150,82,0,82,232
12/28/2013,DPA,IL,AGL,CE,Towers with Radar,0,24,32,0,56,0,1,138,0,139,0,25,170,0,195,114,0,114,309
12/29/2013,DPA,IL,AGL,CE,Towers with Radar,0,4,16,0,20,0,0,5,0,5,0,4,21,0,25,19,0,19,44
12/30/2013,DPA,IL,AGL,CE,Towers with Radar,0,7,22,0,29,0,0,57,1,58,0,7,79,1,87,70,0,70,157
12/31/2013,DPA,IL,AGL,CE,Towers with Radar,0,13,8,0,21,0,0,32,2,34,0,13,40,2,55,10,0,10,65
01/01/2014,DPA,IL,AGL,CE,Towers with Radar,0,13,16,0,29,0,0,0,0,0,0,13,16,0,29,0,0,0,29
01/02/2014,DPA,IL,AGL,CE,Towers with Radar,0,22,22,0,44,0,0,7,0,7,0,22,29,0,51,0,0,0,51
01/03/2014,DPA,IL,AGL,CE,Towers with Radar,0,27,31,0,58,0,1,52,4,57,0,28,83,4,115,32,0,32,147
01/04/2014,DPA,IL,AGL,CE,Towers with Radar,0,21,26,0,47,0,1,16,0,17,0,22,42,0,64,32,0,32,96
01/05/2014,DPA,IL,AGL,CE,Towers with Radar,0,7,29,0,36,0,0,0,0,0,0,7,29,0,36,0,0,0,36
01/06/2014,DPA,IL,AGL,CE,Towers with Radar,0,17,24,0,41,0,0,5,0,5,0,17,29,0,46,0,0,0,46
01/07/2014,DPA,IL,AGL,CE,Towers with Radar,0,23,36,0,59,0,0,23,3,26,0,23,59,3,85,18,0,18,103
01/08/2014,DPA,IL,AGL,CE,Towers with Radar,2,30,44,0,76,0,0,61,6,67,2,30,105,6,143,30,0,30,173
01/09/2014,DPA,IL,AGL,CE,Towers with Radar,1,26,31,2,60,0,0,26,3,29,1,26,57,5,89,22,0,22,111
01/10/2014,DPA,IL,AGL,CE,Towers with Radar,1,14,28,0,43,0,0,0,0,0,1,14,28,0,43,0,0,0,43
01/11/2014,DPA,IL,AGL,CE,Towers with Radar,0,15,17,0,32,0,0,8,0,8,0,15,25,0,40,46,0,46,86
01/12/2014,DPA,IL,AGL,CE,Towers with Radar,0,6,47,0,53,0,0,3,0,3,0,6,50,0,56,118,0,118,174
01/13/2014,DPA,IL,AGL,CE,Towers with Radar,0,10,31,0,41,0,0,83,3,86,0,10,114,3,127,78,0,78,205
01/14/2014,DPA,IL,AGL,CE,Towers with Radar,0,19,35,0,54,0,0,10,0,10,0,19,45,0,64,3,0,3,67
01/15/2014,DPA,IL,AGL,CE,Towers with Radar,0,21,58,0,79,0,0,63,2,65,0,21,121,2,144,106,0,106,250
01/16/2014,DPA,IL,AGL,CE,Towers with Radar,0,20,44,0,64,0,0,15,0,15,0,20,59,0,79,14,0,14,93
01/17/2014,DPA,IL,AGL,CE,Towers with Radar,0,22,30,0,52,0,0,27,0,27,0,22,57,0,79,54,0,54,133
01/18/2014,DPA,IL,AGL,CE,Towers with Radar,0,16,20,0,36,0,0,11,0,11,0,16,31,0,47,12,0,12,59
01/19/2014,DPA,IL,AGL,CE,Towers with Radar,0,3,23,0,26,0,0,46,0,46,0,3,69,0,72,60,0,60,132
01/20/2014,DPA,IL,AGL,CE,Towers with Radar,0,16,52,0,68,0,3,33,1,37,0,19,85,1,105,106,0,106,211
01/21/2014,DPA,IL,AGL,CE,Towers with Radar,0,26,43,0,69,0,0,63,1,64,0,26,106,1,133,20,0,20,153
01/22/2014,DPA,IL,AGL,CE,Towers with Radar,0,24,39,0,63,0,0,10,0,10,0,24,49,0,73,2,0,2,75
01/23/2014,DPA,IL,AGL,CE,Towers with Radar,0,18,40,0,58,0,0,41,3,44,0,18,81,3,102,6,0,6,108
01/24/2014,DPA,IL,AGL,CE,Towers with Radar,0,12,29,0,41,0,0,12,0,12,0,12,41,0,53,2,0,2,55
01/25/2014,DPA,IL,AGL,CE,Towers with Radar,0,9,15,0,24,0,0,26,0,26,0,9,41,0,50,26,0,26,76
01/26/2014,DPA,IL,AGL,CE,Towers with Radar,0,1,17,0,18,0,0,29,0,29,0,1,46,0,47,21,0,21,68
01/27/2014,DPA,IL,AGL,CE,Towers with Radar,0,11,36,0,47,0,0,15,0,15,0,11,51,0,62,2,0,2,64
01/28/2014,DPA,IL,AGL,CE,Towers with Radar,0,21,39,0,60,0,0,18,1,19,0,21,57,1,79,6,0,6,85
01/29/2014,DPA,IL,AGL,CE,Towers with Radar,0,12,56,1,69,0,0,102,3,105,0,12,158,4,174,104,0,104,278
01/30/2014,DPA,IL,AGL,CE,Towers with Radar,0,17,32,0,49,0,0,11,0,11,0,17,43,0,60,14,0,14,74
01/31/2014,DPA,IL,AGL,CE,Towers with Radar,0,15,45,1,61,0,0,59,0,59,0,15,104,1,120,54,0,54,174
02/01/2014,DPA,IL,AGL,CE,Towers with Radar,0,15,9,0,24,0,0,0,0,0,0,15,9,0,24,0,0,0,24
02/02/2014,DPA,IL,AGL,CE,Towers with Radar,0,4,23,0,27,0,0,79,0,79,0,4,102,0,106,98,0,98,204
02/03/2014,DPA,IL,AGL,CE,Towers with Radar,0,11,42,0,53,1,0,89,3,93,1,11,131,3,146,70,0,70,216
02/04/2014,DPA,IL,AGL,CE,Towers with Radar,0,16,35,1,52,0,1,43,1,45,0,17,78,2,97,76,0,76,173
02/05/2014,DPA,IL,AGL,CE,Towers with Radar,0,25,39,1,65,0,0,21,0,21,0,25,60,1,86,39,0,39,125
02/06/2014,DPA,IL,AGL,CE,Towers with Radar,0,19,30,0,49,0,1,43,3,47,0,20,73,3,96,10,0,10,106
02/07/2014,DPA,IL,AGL,CE,Towers with Radar,0,17,47,1,65,0,1,70,4,75,0,18,117,5,140,42,0,42,182
02/08/2014,DPA,IL,AGL,CE,Towers with Radar,0,19,13,0,32,0,0,17,0,17,0,19,30,0,49,68,0,68,117
02/09/2014,DPA,IL,AGL,CE,Towers with Radar,0,2,27,0,29,0,0,81,0,81,0,2,108,0,110,68,10,78,188
02/10/2014,DPA,IL,AGL,CE,Towers with Radar,1,12,34,0,47,0,0,49,1,50,1,12,83,1,97,8,0,8,105
02/11/2014,DPA,IL,AGL,CE,Towers with Radar,0,13,57,1,71,0,1,59,4,64,0,14,116,5,135,26,0,26,161
02/12/2014,DPA,IL,AGL,CE,Towers with Radar,0,17,67,0,84,0,0,87,3,90,0,17,154,3,174,26,0,26,200
02/13/2014,DPA,IL,AGL,CE,Towers with Radar,0,22,45,2,69,0,0,41,1,42,0,22,86,3,111,44,0,44,155
02/14/2014,DPA,IL,AGL,CE,Towers with Radar,0,16,55,2,73,0,0,58,4,62,0,16,113,6,135,18,0,18,153
02/15/2014,DPA,IL,AGL,CE,Towers with Radar,0,20,36,0,56,0,0,53,0,53,0,20,89,0,109,98,0,98,207
02/16/2014,DPA,IL,AGL,CE,Towers with Radar,0,5,37,0,42,0,0,46,0,46,0,5,83,0,88,124,0,124,212
02/17/2014,DPA,IL,AGL,CE,Towers with Radar,0,12,31,0,43,0,0,6,0,6,0,12,37,0,49,0,0,0,49
02/18/2014,DPA,IL,AGL,CE,Towers with Radar,0,24,61,0,85,0,1,55,5,61,0,25,116,5,146,32,0,32,178
02/19/2014,DPA,IL,AGL,CE,Towers with Radar,0,20,51,0,71,0,1,107,2,110,0,21,158,2,181,150,0,150,331
02/20/2014,DPA,IL,AGL,CE,Towers with Radar,0,12,12,0,24,0,0,0,0,0,0,12,12,0,24,0,0,0,24
02/21/2014,DPA,IL,AGL,CE,Towers with Radar,0,22,20,0,42,0,0,6,2,8,0,22,26,2,50,6,0,6,56
02/22/2014,DPA,IL,AGL,CE,Towers with Radar,0,15,22,0,37,0,0,71,0,71,0,15,93,0,108,74,0,74,182
02/23/2014,DPA,IL,AGL,CE,Towers with Radar,0,7,26,0,33,0,0,114,1,115,0,7,140,1,148,28,0,28,176
02/24/2014,DPA,IL,AGL,CE,Towers with Radar,0,10,31,0,41,0,1,65,1,67,0,11,96,1,108,56,0,56,164
02/25/2014,DPA,IL,AGL,CE,Towers with Radar,0,17,40,0,57,0,0,77,2,79,0,17,117,2,136,92,0,92,228
02/26/2014,DPA,IL,AGL,CE,Towers with Radar,0,16,44,0,60,0,0,46,2,48,0,16,90,2,108,4,0,4,112
02/27/2014,DPA,IL,AGL,CE,Towers with Radar,1,18,58,1,78,0,0,44,2,46,1,18,102,3,124,44,0,44,168
02/28/2014,DPA,IL,AGL,CE,Towers with Radar,0,14,41,1,56,0,0,66,2,68,0,14,107,3,124,70,0,70,194
03/01/2014,DPA,IL,AGL,CE,Towers with Radar,0,12,27,0,39,0,0,18,0,18,0,12,45,0,57,106,0,106,163
03/02/2014,DPA,IL,AGL,CE,Towers with Radar,0,10,23,0,33,0,0,35,0,35,0,10,58,0,68,48,0,48,116
03/03/2014,DPA,IL,AGL,CE,Towers with Radar,0,6,40,0,46,0,1,70,3,74,0,7,110,3,120,72,0,72,192
03/04/2014,DPA,IL,AGL,CE,Towers with Radar,0,23,35,1,59,0,1,50,3,54,0,24,85,4,113,96,0,96,209
03/05/2014,DPA,IL,AGL,CE,Towers with Radar,0,19,45,0,64,0,0,19,0,19,0,19,64,0,83,26,0,26,109
03/06/2014,DPA,IL,AGL,CE,Towers with Radar,0,13,39,0,52,0,1,94,4,99,0,14,133,4,151,6,0,6,157
03/07/2014,DPA,IL,AGL,CE,Towers with Radar,0,15,49,0,64,0,0,86,3,89,0,15,135,3,153,91,0,91,244
03/08/2014,DPA,IL,AGL,CE,Towers with Radar,1,10,27,0,38,0,0,39,0,39,1,10,66,0,77,58,0,58,135
03/09/2014,DPA,IL,AGL,CE,Towers with Radar,0,6,34,0,40,0,0,74,2,76,0,6,108,2,116,59,0,59,175
03/10/2014,DPA,IL,AGL,CE,Towers with Radar,1,12,29,0,42,0,0,64,3,67,1,12,93,3,109,111,0,111,220
03/11/2014,DPA,IL,AGL,CE,Towers with Radar,0,21,37,0,58,0,3,45,7,55,0,24,82,7,113,90,0,90,203
03/12/2014,DPA,IL,AGL,CE,Towers with Radar,0,23,38,0,61,0,0,32,1,33,0,23,70,1,94,32,0,32,126
03/13/2014,DPA,IL,AGL,CE,Towers with Radar,0,31,61,0,92,0,2,61,0,63,0,33,122,0,155,92,0,92,247
03/14/2014,DPA,IL,AGL,CE,Towers with Radar,0,14,46,1,61,0,0,58,4,62,0,14,104,5,123,0,0,0,123
03/15/2014,DPA,IL,AGL,CE,Towers with Radar,0,11,37,0,48,0,0,124,0,124,0,11,161,0,172,112,0,112,284
03/16/2014,DPA,IL,AGL,CE,Towers with Radar,0,6,29,0,35,0,0,44,2,46,0,6,73,2,81,74,0,74,155
03/17/2014,DPA,IL,AGL,CE,Towers with Radar,0,9,41,1,51,0,0,80,5,85,0,9,121,6,136,135,0,135,271
03/18/2014,DPA,IL,AGL,CE,Towers with Radar,0,21,64,0,85,0,0,74,5,79,0,21,138,5,164,88,0,88,252
03/19/2014,DPA,IL,AGL,CE,Towers with Radar,2,20,41,0,63,0,1,11,0,12,2,21,52,0,75,0,0,0,75
03/20/2014,DPA,IL,AGL,CE,Towers with Radar,0,27,54,0,81,0,1,85,1,87,0,28,139,1,168,110,0,110,278
03/21/2014,DPA,IL,AGL,CE,Towers with Radar,1,22,47,0,70,1,0,81,0,82,2,22,128,0,152,90,0,90,242
03/22/2014,DPA,IL,AGL,CE,Towers with Radar,0,13,30,0,43,0,0,78,0,78,0,13,108,0,121,88,0,88,209
03/23/2014,DPA,IL,AGL,CE,Towers with Radar,0,6,32,0,38,0,0,113,0,113,0,6,145,0,151,137,0,137,288
03/24/2014,DPA,IL,AGL,CE,Towers with Radar,0,12,31,1,44,0,0,77,0,77,0,12,108,1,121,88,0,88,209
03/25/2014,DPA,IL,AGL,CE,Towers with Radar,0,18,43,0,61,0,0,61,0,61,0,18,104,0,122,58,0,58,180
03/26/2014,DPA,IL,AGL,CE,Towers with Radar,0,22,43,3,68,0,1,77,0,78,0,23,120,3,146,0,0,0,146
03/27/2014,DPA,IL,AGL,CE,Towers with Radar,0,19,36,0,55,0,0,5,0,5,0,19,41,0,60,6,0,6,66
03/28/2014,DPA,IL,AGL,CE,Towers with Radar,0,24,35,0,59,0,0,50,0,50,0,24,85,0,109,118,0,118,227
03/29/2014,DPA,IL,AGL,CE,Towers with Radar,0,20,37,0,57,0,0,49,0,49,0,20,86,0,106,154,0,154,260
03/30/2014,DPA,IL,AGL,CE,Towers with Radar,0,8,39,0,47,0,0,122,0,122,0,8,161,0,169,135,0,135,304
03/31/2014,DPA,IL,AGL,CE,Towers with Radar,0,9,29,0,38,0,1,36,1,38,0,10,65,1,76,72,0,72,148
04/01/2014,DPA,IL,AGL,CE,Towers with Radar,0,14,28,1,43,0,0,25,1,26,0,14,53,2,69,4,0,4,73
04/02/2014,DPA,IL,AGL,CE,Towers with Radar,0,18,57,0,75,0,1,38,0,39,0,19,95,0,114,98,0,98,212
04/03/2014,DPA,IL,AGL,CE,Towers with Radar,0,15,39,0,54,0,0,1,0,1,0,15,40,0,55,0,0,0,55
04/04/2014,DPA,IL,AGL,CE,Towers with Radar,0,13,26,0,39,0,1,11,0,12,0,14,37,0,51,16,0,16,67
04/05/2014,DPA,IL,AGL,CE,Towers with Radar,0,22,41,0,63,0,1,146,0,147,0,23,187,0,210,164,0,164,374
04/06/2014,DPA,IL,AGL,CE,Towers with Radar,0,8,48,0,56,0,0,111,0,111,0,8,159,0,167,106,0,106,273
04/07/2014,DPA,IL,AGL,CE,Towers with Radar,0,9,44,0,53,0,0,55,0,55,0,9,99,0,108,60,0,60,168
04/08/2014,DPA,IL,AGL,CE,Towers with Radar,0,27,60,0,87,0,0,85,2,87,0,27,145,2,174,85,0,85,259
04/09/2014,DPA,IL,AGL,CE,Towers with Radar,0,17,41,0,58,0,0,108,0,108,0,17,149,0,166,113,0,113,279
04/10/2014,DPA,IL,AGL,CE,Towers with Radar,0,24,63,1,88,0,0,82,2,84,0,24,145,3,172,156,10,166,338
04/11/2014,DPA,IL,AGL,CE,Towers with Radar,0,27,42,1,70,0,5,126,2,133,0,32,168,3,203,154,20,174,377
04/12/2014,DPA,IL,AGL,CE,Towers with Radar,0,15,23,0,38,0,0,83,1,84,0,15,106,1,122,49,0,49,171
04/13/2014,DPA,IL,AGL,CE,Towers with Radar,0,6,28,0,34,0,0,28,0,28,0,6,56,0,62,72,0,72,134
04/14/2014,DPA,IL,AGL,CE,Towers with Radar,0,23,34,0,57,0,0,2,0,2,0,23,36,0,59,26,0,26,85
04/15/2014,DPA,IL,AGL,CE,Towers with Radar,0,20,44,0,64,0,1,101,0,102,0,21,145,0,166,116,0,116,282
04/16/2014,DPA,IL,AGL,CE,Towers with Radar,0,18,54,0,72,0,0,68,0,68,0,18,122,0,140,44,0,44,184
04/17/2014,DPA,IL,AGL,CE,Towers with Radar,0,17,57,0,74,0,0,81,0,81,0,17,138,0,155,58,0,58,213
04/18/2014,DPA,IL,AGL,CE,Towers with Radar,0,14,45,0,59,0,0,104,0,104,0,14,149,0,163,108,0,108,271
04/19/2014,DPA,IL,AGL,CE,Towers with Radar,0,11,25,0,36,0,1,138,0,139,0,12,163,0,175,70,0,70,245
04/20/2014,DPA,IL,AGL,CE,Towers with Radar,0,8,23,0,31,0,0,50,0,50,0,8,73,0,81,80,0,80,161
04/21/2014,DPA,IL,AGL,CE,Towers with Radar,0,6,45,0,51,0,1,50,0,51,0,7,95,0,102,98,0,98,200
04/22/2014,DPA,IL,AGL,CE,Towers with Radar,0,12,40,0,52,0,0,99,0,99,0,12,139,0,151,67,0,67,218
04/23/2014,DPA,IL,AGL,CE,Towers with Radar,0,7,60,0,67,0,0,86,0,86,0,7,146,0,153,167,0,167,320
04/24/2014,DPA,IL,AGL,CE,Towers with Radar,0,10,54,0,64,0,0,36,0,36,0,10,90,0,100,30,8,38,138
04/25/2014,DPA,IL,AGL,CE,Towers with Radar,0,10,48,0,58,0,1,93,1,95,0,11,141,1,153,50,0,50,203
04/26/2014,DPA,IL,AGL,CE,Towers with Radar,0,7,32,0,39,0,0,134,0,134,0,7,166,0,173,100,0,100,273
04/27/2014,DPA,IL,AGL,CE,Towers with Radar,0,2,30,0,32,0,0,32,0,32,0,2,62,0,64,46,0,46,110
04/28/2014,DPA,IL,AGL,CE,Towers with Radar,0,10,34,0,44,0,0,9,0,9,0,10,43,0,53,9,0,9,62
04/29/2014,DPA,IL,AGL,CE,Towers with Radar,0,29,88,0,117,0,0,13,0,13,0,29,101,0,130,0,0,0,130
04/30/2014,DPA,IL,AGL,CE,Towers with Radar,0,23,48,0,71,0,1,34,0,35,0,24,82,0,106,56,0,56,162
05/01/2014,DPA,IL,AGL,CE,Towers with Radar,0,25,45,0,70,0,0,16,0,16,0,25,61,0,86,34,0,34,120
05/02/2014,DPA,IL,AGL,CE,Towers with Radar,0,10,40,0,50,0,1,38,0,39,0,11,78,0,89,100,0,100,189
05/03/2014,DPA,IL,AGL,CE,Towers with Radar,0,14,26,0,40,0,0,84,0,84,0,14,110,0,124,118,0,118,242
05/04/2014,DPA,IL,AGL,CE,Towers with Radar,0,15,47,0,62,0,1,88,0,89,0,16,135,0,151,92,0,92,243
05/05/2014,DPA,IL,AGL,CE,Towers with Radar,0,17,34,0,51,0,0,54,0,54,0,17,88,0,105,90,0,90,195
05/06/2014,DPA,IL,AGL,CE,Towers with Radar,0,18,45,0,63,0,0,101,1,102,0,18,146,1,165,96,0,96,261
05/07/2014,DPA,IL,AGL,CE,Towers with Radar,0,17,53,0,70,0,0,99,1,100,0,17,152,1,170,133,0,133,303
05/08/2014,DPA,IL,AGL,CE,Towers with Radar,2,20,66,1,89,0,0,85,0,85,2,20,151,1,174,86,0,86,260
05/09/2014,DPA,IL,AGL,CE,Towers with Radar,0,15,44,0,59,0,0,50,0,50,0,15,94,0,109,58,0,58,167
05/10/2014,DPA,IL,AGL,CE,Towers with Radar,1,11,43,0,55,0,0,117,0,117,1,11,160,0,172,154,0,154,326
05/11/2014,DPA,IL,AGL,CE,Towers with Radar,1,5,31,0,37,0,0,45,0,45,1,5,76,0,82,98,0,98,180
05/12/2014,DPA,IL,AGL,CE,Towers with Radar,0,10,53,0,63,0,0,26,0,26,0,10,79,0,89,46,0,46,135
05/13/2014,DPA,IL,AGL,CE,Towers with Radar,2,14,71,0,87,0,0,15,0,15,2,14,86,0,102,53,0,53,155
05/14/2014,DPA,IL,AGL,CE,Towers with Radar,0,21,50,0,71,0,0,91,0,91,0,21,141,0,162,62,0,62,224
05/15/2014,DPA,IL,AGL,CE,Towers with Radar,0,22,55,0,77,0,1,44,0,45,0,23,99,0,122,75,0,75,197
05/16/2014,DPA,IL,AGL,CE,Towers with Radar,0,10,44,1,55,0,0,25,0,25,0,10,69,1,80,0,0,0,80
05/17/2014,DPA,IL,AGL,CE,Towers with Radar,0,11,26,0,37,0,0,134,0,134,0,11,160,0,171,206,0,206,377
05/18/2014,DPA,IL,AGL,CE,Towers with Radar,2,2,29,0,33,0,0,98,1,99,2,2,127,1,132,58,0,58,190
05/19/2014,DPA,IL,AGL,CE,Towers with Radar,0,7,40,3,50,0,1,68,0,69,0,8,108,3,119,71,0,71,190
05/20/2014,DPA,IL,AGL,CE,Towers with Radar,0,16,45,0,61,0,0,95,0,95,0,16,140,0,156,100,0,100,256
05/21/2014,DPA,IL,AGL,CE,Towers with Radar,0,14,48,3,65,0,3,106,1,110,0,17,154,4,175,110,0,110,285
05/22/2014,DPA,IL,AGL,CE,Towers with Radar,0,14,65,0,79,0,0,70,0,70,0,14,135,0,149,139,0,139,288
05/23/2014,DPA,IL,AGL,CE,Towers with Radar,0,21,51,0,72,0,5,97,1,103,0,26,148,1,175,95,0,95,270
05/24/2014,DPA,IL,AGL,CE,Towers with Radar,0,11,22,0,33,0,1,135,0,136,0,12,157,0,169,214,0,214,383
05/25/2014,DPA,IL,AGL,CE,Towers with Radar,0,5,11,0,16,0,1,102,0,103,0,6,113,0,119,138,0,138,257
05/26/2014,DPA,IL,AGL,CE,Towers with Radar,0,6,28,0,34,1,6,82,0,89,1,12,110,0,123,96,0,96,219
05/27/2014,DPA,IL,AGL,CE,Towers with Radar,0,18,53,0,71,0,0,51,0,51,0,18,104,0,122,86,0,86,208
05/28/2014,DPA,IL,AGL,CE,Towers with Radar,1,11,54,0,66,1,1,83,0,85,2,12,137,0,151,96,0,96,247
05/29/2014,DPA,IL,AGL,CE,Towers with Radar,1,19,62,0,82,0,1,97,1,99,1,20,159,1,181,98,0,98,279
05/30/2014,DPA,IL,AGL,CE,Towers with Radar,0,12,59,0,71,0,0,105,0,105,0,12,164,0,176,152,0,152,328
05/31/2014,DPA,IL,AGL,CE,Towers with Radar,0,17,40,0,57,0,0,100,0,100,0,17,140,0,157,120,0,120,277
06/01/2014,DPA,IL,AGL,CE,Towers with Radar,0,12,29,0,41,0,0,74,0,74,0,12,103,0,115,102,0,102,217
06/02/2014,DPA,IL,AGL,CE,Towers with Radar,0,11,49,0,60,0,0,36,0,36,0,11,85,0,96,66,0,66,162
06/03/2014,DPA,IL,AGL,CE,Towers with Radar,0,18,48,0,66,0,0,112,1,113,0,18,160,1,179,144,0,144,323
06/04/2014,DPA,IL,AGL,CE,Towers with Radar,0,16,64,0,80,0,1,28,0,29,0,17,92,0,109,62,0,62,171
06/05/2014,DPA,IL,AGL,CE,Towers with Radar,0,13,47,0,60,0,1,129,1,131,0,14,176,1,191,126,0,126,317
06/06/2014,DPA,IL,AGL,CE,Towers with Radar,0,18,48,1,67,0,1,111,1,113,0,19,159,2,180,209,0,209,389
06/07/2014,DPA,IL,AGL,CE,Towers with Radar,0,17,39,0,56,0,1,102,1,104,0,18,141,1,160,134,0,134,294
06/08/2014,DPA,IL,AGL,CE,Towers with Radar,0,16,44,0,60,0,0,84,0,84,0,16,128,0,144,74,0,74,218
06/09/2014,DPA,IL,AGL,CE,Towers with Radar,0,18,44,0,62,0,1,105,2,108,0,19,149,2,170,106,0,106,276
06/10/2014,DPA,IL,AGL,CE,Towers with Radar,0,21,58,0,79,0,0,53,0,53,0,21,111,0,132,0,0,0,132
06/11/2014,DPA,IL,AGL,CE,Towers with Radar,0,16,67,0,83,0,1,5,0,6,0,17,72,0,89,6,0,6,95
06/12/2014,DPA,IL,AGL,CE,Towers with Radar,0,15,49,0,64,0,0,65,0,65,0,15,114,0,129,88,0,88,217
06/13/2014,DPA,IL,AGL,CE,Towers with Radar,0,17,39,0,56,0,1,139,1,141,0,18,178,1,197,135,0,135,332
06/14/2014,DPA,IL,AGL,CE,Towers with Radar,0,13,36,1,50,0,2,86,0,88,0,15,122,1,138,116,0,116,254
06/15/2014,DPA,IL,AGL,CE,Towers with Radar,0,15,27,0,42,0,1,30,0,31,0,16,57,0,73,24,0,24,97
06/16/2014,DPA,IL,AGL,CE,Towers with Radar,0,11,43,1,55,0,1,75,1,77,0,12,118,2,132,132,0,132,264
06/17/2014,DPA,IL,AGL,CE,Towers with Radar,0,7,37,0,44,0,0,71,2,73,0,7,108,2,117,104,0,104,221
06/18/2014,DPA,IL,AGL,CE,Towers with Radar,0,22,60,0,82,0,0,54,0,54,0,22,114,0,136,70,0,70,206
06/19/2014,DPA,IL,AGL,CE,Towers with Radar,0,24,47,1,72,0,0,43,0,43,0,24,90,1,115,74,0,74,189
06/20/2014,DPA,IL,AGL,CE,Towers with Radar,0,16,52,0,68,0,0,74,0,74,0,16,126,0,142,94,0,94,236
06/21/2014,DPA,IL,AGL,CE,Towers with Radar,2,12,38,2,54,0,0,58,0,58,2,12,96,2,112,118,0,118,230
06/22/2014,DPA,IL,AGL,CE,Towers with Radar,0,7,29,0,36,0,0,50,0,50,0,7,79,0,86,122,0,122,208
06/23/2014,DPA,IL,AGL,CE,Towers with Radar,0,14,53,0,67,0,2,43,0,45,0,16,96,0,112,176,0,176,288
06/24/2014,DPA,IL,AGL,CE,Towers with Radar,0,11,70,0,81,0,0,77,0,77,0,11,147,0,158,156,0,156,314
06/25/2014,DPA,IL,AGL,CE,Towers with Radar,0,19,57,1,77,0,1,60,2,63,0,20,117,3,140,110,0,110,250
06/26/2014,DPA,IL,AGL,CE,Towers with Radar,0,15,85,0,100,0,0,68,0,68,0,15,153,0,168,122,0,122,290
06/27/2014,DPA,IL,AGL,CE,Towers with Radar,0,15,53,0,68,0,0,76,1,77,0,15,129,1,145,103,0,103,248
06/28/2014,DPA,IL,AGL,CE,Towers with Radar,0,9,36,0,45,0,0,62,1,63,0,9,98,1,108,128,0,128,236
06/29/2014,DPA,IL,AGL,CE,Towers with Radar,0,3,32,0,35,0,0,57,0,57,0,3,89,0,92,126,0,126,218
06/30/2014,DPA,IL,AGL,CE,Towers with Radar,0,9,40,0,49,0,0,56,1,57,0,9,96,1,106,73,0,73,179
07/01/2014,DPA,IL,AGL,CE,Towers with Radar,0,18,47,2,67,0,0,122,1,123,0,18,169,3,190,116,0,116,306
07/02/2014,DPA,IL,AGL,CE,Towers with Radar,0,12,51,1,64,0,0,52,0,52,0,12,103,1,116,128,0,128,244
07/03/2014,DPA,IL,AGL,CE,Towers with Radar,0,6,20,0,26,0,4,155,0,159,0,10,175,0,185,132,0,132,317
07/04/2014,DPA,IL,AGL,CE,Towers with Radar,0,7,16,0,23,0,0,80,0,80,0,7,96,0,103,36,0,36,139
07/05/2014,DPA,IL,AGL,CE,Towers with Radar,0,8,19,0,27,0,0,52,0,52,0,8,71,0,79,26,0,26,105
07/06/2014,DPA,IL,AGL,CE,Towers with Radar,0,10,44,0,54,0,0,47,0,47,0,10,91,0,101,128,0,128,229
07/07/2014,DPA,IL,AGL,CE,Towers with Radar,0,12,31,0,43,2,0,118,1,121,2,12,149,1,164,160,0,160,324
07/08/2014,DPA,IL,AGL,CE,Towers with Radar,0,15,42,1,58,0,0,81,2,83,0,15,123,3,141,120,0,120,261
07/09/2014,DPA,IL,AGL,CE,Towers with Radar,0,16,41,2,59,0,0,108,1,109,0,16,149,3,168,138,0,138,306
07/10/2014,DPA,IL,AGL,CE,Towers with Radar,0,17,43,0,60,0,2,151,0,153,0,19,194,0,213,230,0,230,443
07/11/2014,DPA,IL,AGL,CE,Towers with Radar,0,13,43,0,56,1,2,95,1,99,1,15,138,1,155,180,0,180,335
07/12/2014,DPA,IL,AGL,CE,Towers with Radar,0,19,33,0,52,0,0,5,0,5,0,19,38,0,57,22,0,22,79
07/13/2014,DPA,IL,AGL,CE,Towers with Radar,0,6,44,0,50,0,3,68,0,71,0,9,112,0,121,73,0,73,194
07/14/2014,DPA,IL,AGL,CE,Towers with Radar,0,7,55,0,62,0,0,69,0,69,0,7,124,0,131,111,0,111,242
07/15/2014,DPA,IL,AGL,CE,Towers with Radar,0,9,67,0,76,0,0,74,0,74,0,9,141,0,150,58,0,58,208
07/16/2014,DPA,IL,AGL,CE,Towers with Radar,0,15,59,0,74,0,0,129,1,130,0,15,188,1,204,103,0,103,307
07/17/2014,DPA,IL,AGL,CE,Towers with Radar,0,13,77,0,90,0,0,119,0,119,0,13,196,0,209,122,0,122,331
07/18/2014,DPA,IL,AGL,CE,Towers with Radar,0,10,54,3,67,0,1,113,2,116,0,11,167,5,183,100,0,100,283
07/19/2014,DPA,IL,AGL,CE,Towers with Radar,0,9,28,0,37,0,1,109,0,110,0,10,137,0,147,78,0,78,225
07/20/2014,DPA,IL,AGL,CE,Towers with Radar,0,2,35,0,37,0,0,104,0,104,0,2,139,0,141,78,0,78,219
07/21/2014,DPA,IL,AGL,CE,Towers with Radar,0,10,63,0,73,0,2,90,1,93,0,12,153,1,166,90,0,90,256
07/22/2014,DPA,IL,AGL,CE,Towers with Radar,0,18,65,0,83,0,0,83,1,84,0,18,148,1,167,56,0,56,223
07/23/2014,DPA,IL,AGL,CE,Towers with Radar,0,11,51,0,62,0,1,98,0,99,0,12,149,0,161,139,0,139,300
07/24/2014,DPA,IL,AGL,CE,Towers with Radar,0,21,61,0,82,0,0,125,0,125,0,21,186,0,207,142,28,170,377
07/25/2014,DPA,IL,AGL,CE,Towers with Radar,0,14,48,1,63,0,1,85,1,87,0,15,133,2,150,52,0,52,202
07/26/2014,DPA,IL,AGL,CE,Towers with Radar,0,23,42,0,65,0,1,88,0,89,0,24,130,0,154,100,0,100,254
07/27/2014,DPA,IL,AGL,CE,Towers with Radar,0,8,26,0,34,0,0,64,0,64,0,8,90,0,98,78,0,78,176
07/28/2014,DPA,IL,AGL,CE,Towers with Radar,0,20,40,0,60,0,2,105,3,110,0,22,145,3,170,88,0,88,258
07/29/2014,DPA,IL,AGL,CE,Towers with Radar,0,19,49,1,69,1,0,98,1,100,1,19,147,2,169,69,0,69,238
07/30/2014,DPA,IL,AGL,CE,Towers with Radar,0,16,50,0,66,0,0,108,0,108,0,16,158,0,174,103,0,103,277
07/31/2014,DPA,IL,AGL,CE,Towers with Radar,0,21,54,0,75,1,0,140,1,142,1,21,194,1,217,171,0,171,388
08/01/2014,DPA,IL,AGL,CE,Towers with Radar,0,19,49,0,68,0,0,83,0,83,0,19,132,0,151,114,0,114,265
08/02/2014,DPA,IL,AGL,CE,Towers with Radar,0,14,31,0,45,0,3,110,1,114,0,17,141,1,159,102,0,102,261
08/03/2014,DPA,IL,AGL,CE,Towers with Radar,0,12,43,0,55,0,2,68,0,70,0,14,111,0,125,92,0,92,217
08/04/2014,DPA,IL,AGL,CE,Towers with Radar,1,7,26,0,34,0,0,69,0,69,1,7,95,0,103,74,0,74,177
08/05/2014,DPA,IL,AGL,CE,Towers with Radar,0,19,58,0,77,0,1,51,2,54,0,20,109,2,131,163,0,163,294
08/06/2014,DPA,IL,AGL,CE,Towers with Radar,0,16,51,3,70,0,2,145,0,147,0,18,196,3,217,120,0,120,337
08/07/2014,DPA,IL,AGL,CE,Towers with Radar,1,13,49,3,66,0,0,110,1,111,1,13,159,4,177,134,0,134,311
08/08/2014,DPA,IL,AGL,CE,Towers with Radar,0,12,47,0,59,0,0,109,2,111,0,12,156,2,170,67,0,67,237
08/09/2014,DPA,IL,AGL,CE,Towers with Radar,0,26,31,0,57,0,2,111,0,113,0,28,142,0,170,76,0,76,246
08/10/2014,DPA,IL,AGL,CE,Towers with Radar,0,8,36,0,44,0,1,125,0,126,0,9,161,0,170,77,0,77,247
08/11/2014,DPA,IL,AGL,CE,Towers with Radar,0,10,49,0,59,0,0,34,0,34,0,10,83,0,93,116,0,116,209
08/12/2014,DPA,IL,AGL,CE,Towers with Radar,0,8,66,0,74,0,0,43,0,43,0,8,109,0,117,112,0,112,229
08/13/2014,DPA,IL,AGL,CE,Towers with Radar,0,14,56,2,72,0,1,144,2,147,0,15,200,4,219,174,0,174,393
08/14/2014,DPA,IL,AGL,CE,Towers with Radar,0,14,44,1,59,0,3,115,1,119,0,17,159,2,178,102,1,103,281
08/15/2014,DPA,IL,AGL,CE,Towers with Radar,0,14,38,1,53,0,1,114,1,116,0,15,152,2,169,98,0,98,267
08/16/2014,DPA,IL,AGL,CE,Towers with Radar,0,7,27,0,34,0,0,79,0,79,0,7,106,0,113,102,0,102,215
08/17/2014,DPA,IL,AGL,CE,Towers with Radar,0,5,65,0,70,0,0,20,0,20,0,5,85,0,90,40,0,40,130
08/18/2014,DPA,IL,AGL,CE,Towers with Radar,0,8,45,1,54,0,0,40,1,41,0,8,85,2,95,160,0,160,255
08/19/2014,DPA,IL,AGL,CE,Towers with Radar,0,13,55,2,70,0,0,41,13,54,0,13,96,15,124,116,0,116,240
08/20/2014,DPA,IL,AGL,CE,Towers with Radar,0,23,75,1,99,0,0,98,0,98,0,23,173,1,197,43,0,43,240
08/21/2014,DPA,IL,AGL,CE,Towers with Radar,0,20,35,0,55,0,0,24,1,25,0,20,59,1,80,52,0,52,132
08/22/2014,DPA,IL,AGL,CE,Towers with Radar,0,10,46,1,57,0,0,69,0,69,0,10,115,1,126,43,0,43,169
08/23/2014,DPA,IL,AGL,CE,Towers with Radar,0,9,23,0,32,0,0,21,0,21,0,9,44,0,53,90,0,90,143
08/24/2014,DPA,IL,AGL,CE,Towers with Radar,0,5,35,0,40,0,1,68,0,69,0,6,103,0,109,154,0,154,263
08/25/2014,DPA,IL,AGL,CE,Towers with Radar,0,11,43,0,54,0,0,24,0,24,0,11,67,0,78,90,0,90,168
08/26/2014,DPA,IL,AGL,CE,Towers with Radar,0,21,61,0,82,0,1,66,0,67,0,22,127,0,149,84,0,84,233
08/27/2014,DPA,IL,AGL,CE,Towers with Radar,0,17,70,4,91,0,0,105,0,105,0,17,175,4,196,95,0,95,291
08/28/2014,DPA,IL,AGL,CE,Towers with Radar,0,22,58,0,80,0,0,99,1,100,0,22,157,1,180,84,0,84,264
08/29/2014,DPA,IL,AGL,CE,Towers with Radar,0,21,55,0,76,0,0,88,1,89,0,21,143,1,165,59,0,59,224
08/30/2014,DPA,IL,AGL,CE,Towers with Radar,0,10,20,0,30,0,0,33,0,33,0,10,53,0,63,46,0,46,109
08/31/2014,DPA,IL,AGL,CE,Towers with Radar,0,6,31,0,37,0,0,66,0,66,0,6,97,0,103,55,0,55,158
09/01/2014,DPA,IL,AGL,CE,Towers with Radar,0,12,27,0,39,0,0,28,0,28,0,12,55,0,67,38,0,38,105
09/02/2014,DPA,IL,AGL,CE,Towers with Radar,0,16,36,0,52,0,0,99,0,99,0,16,135,0,151,92,0,92,243
09/03/2014,DPA,IL,AGL,CE,Towers with Radar,0,15,73,0,88,0,1,106,1,108,0,16,179,1,196,64,0,64,260
09/04/2014,DPA,IL,AGL,CE,Towers with Radar,0,21,66,0,87,0,0,31,0,31,0,21,97,0,118,88,0,88,206
09/05/2014,DPA,IL,AGL,CE,Towers with Radar,0,21,51,0,72,0,0,37,2,39,0,21,88,2,111,125,0,125,236
09/06/2014,DPA,IL,AGL,CE,Towers with Radar,0,9,28,0,37,0,2,117,1,120,0,11,145,1,157,98,0,98,255
09/07/2014,DPA,IL,AGL,CE,Towers with Radar,0,5,36,0,41,0,3,128,0,131,0,8,164,0,172,145,0,145,317
09/08/2014,DPA,IL,AGL,CE,Towers with Radar,0,9,51,0,60,0,1,96,0,97,0,10,147,0,157,34,0,34,191
09/09/2014,DPA,IL,AGL,CE,Towers with Radar,0,11,53,0,64,0,0,75,2,77,0,11,128,2,141,59,0,59,200
09/10/2014,DPA,IL,AGL,CE,Towers with Radar,0,14,37,0,51,0,1,9,0,10,0,15,46,0,61,16,0,16,77
09/11/2014,DPA,IL,AGL,CE,Towers with Radar,0,13,83,0,96,0,1,47,0,48,0,14,130,0,144,86,0,86,230
09/12/2014,DPA,IL,AGL,CE,Towers with Radar,0,14,54,0,68,0,0,52,0,52,0,14,106,0,120,28,0,28,148
09/13/2014,DPA,IL,AGL,CE,Towers with Radar,0,10,44,0,54,0,0,78,0,78,0,10,122,0,132,166,0,166,298
09/14/2014,DPA,IL,AGL,CE,Towers with Radar,0,7,38,0,45,0,0,125,0,125,0,7,163,0,170,152,0,152,322
09/15/2014,DPA,IL,AGL,CE,Towers with Radar,0,4,53,0,57,0,0,48,0,48,0,4,101,0,105,56,0,56,161
09/16/2014,DPA,IL,AGL,CE,Towers with Radar,3,12,46,0,61,0,2,105,0,107,3,14,151,0,168,86,0,86,254
09/17/2014,DPA,IL,AGL,CE,Towers with Radar,0,21,51,0,72,0,0,117,0,117,0,21,168,0,189,112,0,112,301
09/18/2014,DPA,IL,AGL,CE,Towers with Radar,1,35,80,1,117,0,0,80,1,81,1,35,160,2,198,41,0,41,239
09/19/2014,DPA,IL,AGL,CE,Towers with Radar,0,15,59,0,74,0,0,103,0,103,0,15,162,0,177,94,0,94,271
09/20/2014,DPA,IL,AGL,CE,Towers with Radar,0,20,25,0,45,0,0,43,0,43,0,20,68,0,88,74,0,74,162
09/21/2014,DPA,IL,AGL,CE,Towers with Radar,0,14,46,0,60,0,0,55,0,55,0,14,101,0,115,40,0,40,155
09/22/2014,DPA,IL,AGL,CE,Towers with Radar,0,10,34,0,44,0,2,90,0,92,0,12,124,0,136,77,0,77,213
09/23/2014,DPA,IL,AGL,CE,Towers with Radar,0,13,71,0,84,0,0,101,0,101,0,13,172,0,185,90,0,90,275
09/24/2014,DPA,IL,AGL,CE,Towers with Radar,0,24,68,0,92,0,0,101,0,101,0,24,169,0,193,93,0,93,286
09/25/2014,DPA,IL,AGL,CE,Towers with Radar,0,18,52,1,71,0,0,109,0,109,0,18,161,1,180,117,0,117,297
09/26/2014,DPA,IL,AGL,CE,Towers with Radar,0,13,21,0,34,0,2,122,0,124,0,15,143,0,158,85,0,85,243
09/27/2014,DPA,IL,AGL,CE,Towers with Radar,0,19,27,0,46,0,1,174,0,175,0,20,201,0,221,80,0,80,301
09/28/2014,DPA,IL,AGL,CE,Towers with Radar,0,22,29,0,51,0,1,122,0,123,0,23,151,0,174,96,0,96,270
09/29/2014,DPA,IL,AGL,CE,Towers with Radar,0,20,44,1,65,1,1,79,0,81,1,21,123,1,146,102,0,102,248
09/30/2014,DPA,IL,AGL,CE,Towers with Radar,0,23,72,0,95,0,0,83,0,83,0,23,155,0,178,102,0,102,280
10/01/2014,DPA,IL,AGL,CE,Towers with Radar,0,23,50,1,74,0,0,105,0,105,0,23,155,1,179,81,0,81,260
10/02/2014,DPA,IL,AGL,CE,Towers with Radar,0,27,83,0,110,0,1,13,1,15,0,28,96,1,125,24,0,24,149
10/03/2014,DPA,IL,AGL,CE,Towers with Radar,0,19,50,0,69,0,0,36,1,37,0,19,86,1,106,12,0,12,118
10/04/2014,DPA,IL,AGL,CE,Towers with Radar,0,9,24,0,33,0,1,19,0,20,0,10,43,0,53,30,0,30,83
10/05/2014,DPA,IL,AGL,CE,Towers with Radar,0,12,33,0,45,0,0,132,0,132,0,12,165,0,177,160,0,160,337
10/06/2014,DPA,IL,AGL,CE,Towers with Radar,0,16,37,0,53,0,0,65,1,66,0,16,102,1,119,44,0,44,163
10/07/2014,DPA,IL,AGL,CE,Towers with Radar,0,8,41,0,49,0,1,84,1,86,0,9,125,1,135,63,0,63,198
10/08/2014,DPA,IL,AGL,CE,Towers with Radar,0,11,40,0,51,0,0,81,0,81,0,11,121,0,132,56,0,56,188
10/09/2014,DPA,IL,AGL,CE,Towers with Radar,1,10,37,0,48,0,0,95,1,96,1,10,132,1,144,52,0,52,196
10/10/2014,DPA,IL,AGL,CE,Towers with Radar,0,10,55,1,66,0,1,108,0,109,0,11,163,1,175,66,0,66,241
10/11/2014,DPA,IL,AGL,CE,Towers with Radar,0,14,26,0,40,0,1,115,0,116,0,15,141,0,156,206,0,206,362
10/12/2014,DPA,IL,AGL,CE,Towers with Radar,0,11,39,0,50,0,1,75,0,76,0,12,114,0,126,75,0,75,201
10/13/2014,DPA,IL,AGL,CE,Towers with Radar,0,14,49,2,65,0,0,7,0,7,0,14,56,2,72,0,0,0,72
10/14/2014,DPA,IL,AGL,CE,Towers with Radar,0,20,59,0,79,0,0,16,0,16,0,20,75,0,95,26,0,26,121
10/15/2014,DPA,IL,AGL,CE,Towers with Radar,0,12,61,0,73,0,0,2,0,2,0,12,63,0,75,0,0,0,75
10/16/2014,DPA,IL,AGL,CE,Towers with Radar,0,15,73,1,89,0,0,19,0,19,0,15,92,1,108,0,0,0,108
10/17/2014,DPA,IL,AGL,CE,Towers with Radar,0,13,52,2,67,0,0,80,0,80,0,13,132,2,147,54,0,54,201
10/18/2014,DPA,IL,AGL,CE,Towers with Radar,0,9,31,0,40,0,0,60,0,60,0,9,91,0,100,94,0,94,194
10/19/2014,DPA,IL,AGL,CE,Towers with Radar,1,9,42,0,52,0,0,62,1,63,1,9,104,1,115,62,0,62,177
10/20/2014,DPA,IL,AGL,CE,Towers with Radar,0,13,69,0,82,0,2,21,6,29,0,15,90,6,111,7,0,7,118
10/21/2014,DPA,IL,AGL,CE,Towers with Radar,0,10,44,0,54,0,0,63,0,63,0,10,107,0,117,74,0,74,191
10/22/2014,DPA,IL,AGL,CE,Towers with Radar,0,17,41,0,58,0,0,111,2,113,0,17,152,2,171,144,0,144,315
10/23/2014,DPA,IL,AGL,CE,Towers with Radar,0,21,46,0,67,0,1,83,0,84,0,22,129,0,151,44,0,44,195
10/24/2014,DPA,IL,AGL,CE,Towers with Radar,0,15,54,0,69,0,0,100,1,101,0,15,154,1,170,124,0,124,294
10/25/2014,DPA,IL,AGL,CE,Towers with Radar,0,13,40,0,53,0,1,102,0,103,0,14,142,0,156,80,0,80,236
10/26/2014,DPA,IL,AGL,CE,Towers with Radar,0,9,48,0,57,0,0,114,0,114,0,9,162,0,171,68,0,68,239
10/27/2014,DPA,IL,AGL,CE,Towers with Radar,0,9,51,0,60,0,0,76,4,80,0,9,127,4,140,22,0,22,162
10/28/2014,DPA,IL,AGL,CE,Towers with Radar,0,17,45,0,62,0,0,60,1,61,0,17,105,1,123,20,0,20,143
10/29/2014,DPA,IL,AGL,CE,Towers with Radar,0,21,59,0,80,0,0,77,0,77,0,21,136,0,157,122,0,122,279
10/30/2014,DPA,IL,AGL,CE,Towers with Radar,0,14,59,2,75,0,0,84,1,85,0,14,143,3,160,128,0,128,288
10/31/2014,DPA,IL,AGL,CE,Towers with Radar,0,17,40,0,57,0,1,13,0,14,0,18,53,0,71,16,0,16,87
11/01/2014,DPA,IL,AGL,CE,Towers with Radar,0,10,35,0,45,0,0,75,0,75,0,10,110,0,120,116,4,120,240
11/02/2014,DPA,IL,AGL,CE,Towers with Radar,0,10,32,0,42,0,1,88,0,89,0,11,120,0,131,64,0,64,195
11/03/2014,DPA,IL,AGL,CE,Towers with Radar,0,14,59,0,73,0,0,32,0,32,0,14,91,0,105,71,0,71,176
11/04/2014,DPA,IL,AGL,CE,Towers with Radar,0,15,44,0,59,0,1,42,0,43,0,16,86,0,102,10,0,10,112
11/05/2014,DPA,IL,AGL,CE,Towers with Radar,0,12,49,0,61,0,0,101,0,101,0,12,150,0,162,82,0,82,244
11/06/2014,DPA,IL,AGL,CE,Towers with Radar,0,16,37,0,53,0,0,19,2,21,0,16,56,2,74,18,0,18,92
11/07/2014,DPA,IL,AGL,CE,Towers with Radar,0,12,37,0,49,0,2,101,0,103,0,14,138,0,152,81,0,81,233
11/08/2014,DPA,IL,AGL,CE,Towers with Radar,0,10,30,0,40,0,0,54,0,54,0,10,84,0,94,148,0,148,242
11/09/2014,DPA,IL,AGL,CE,Towers with Radar,0,6,45,0,51,0,0,75,0,75,0,6,120,0,126,64,0,64,190
11/10/2014,DPA,IL,AGL,CE,Towers with Radar,0,16,46,0,62,0,2,74,1,77,0,18,120,1,139,18,0,18,157
11/11/2014,DPA,IL,AGL,CE,Towers with Radar,0,13,51,0,64,0,0,7,0,7,0,13,58,0,71,49,0,49,120
11/12/2014,DPA,IL,AGL,CE,Towers with Radar,0,16,45,3,64,0,0,54,1,55,0,16,99,4,119,40,0,40,159
11/13/2014,DPA,IL,AGL,CE,Towers with Radar,0,15,53,1,69,0,0,36,0,36,0,15,89,1,105,14,0,14,119
11/14/2014,DPA,IL,AGL,CE,Towers with Radar,0,17,50,0,67,0,0,68,0,68,0,17,118,0,135,110,6,116,251
11/15/2014,DPA,IL,AGL,CE,Towers with Radar,0,14,30,0,44,0,0,92,0,92,0,14,122,0,136,102,0,102,238
11/16/2014,DPA,IL,AGL,CE,Towers with Radar,0,9,34,0,43,0,0,7,0,7,0,9,41,0,50,18,0,18,68
11/17/2014,DPA,IL,AGL,CE,Towers with Radar,0,16,33,1,50,0,0,22,0,22,0,16,55,1,72,20,0,20,92
11/18/2014,DPA,IL,AGL,CE,Towers with Radar,0,12,39,1,52,0,0,34,0,34,0,12,73,1,86,13,0,13,99
11/19/2014,DPA,IL,AGL,CE,Towers with Radar,0,20,49,0,69,0,0,38,0,38,0,20,87,0,107,72,0,72,179
11/20/2014,DPA,IL,AGL,CE,Towers with Radar,1,21,41,2,65,0,0,83,0,83,1,21,124,2,148,88,8,96,244
11/21/2014,DPA,IL,AGL,CE,Towers with Radar,0,14,56,0,70,0,0,102,0,102,0,14,158,0,172,158,0,158,330
11/22/2014,DPA,IL,AGL,CE,Towers with Radar,0,12,33,0,45,0,0,2,0,2,0,12,35,0,47,28,0,28,75
11/23/2014,DPA,IL,AGL,CE,Towers with Radar,0,7,26,0,33,0,0,3,0,3,0,7,29,0,36,0,0,0,36
11/24/2014,DPA,IL,AGL,CE,Towers with Radar,0,10,20,0,30,0,0,0,0,0,0,10,20,0,30,0,0,0,30
11/25/2014,DPA,IL,AGL,CE,Towers with Radar,0,23,57,2,82,0,0,40,0,40,0,23,97,2,122,45,0,45,167
11/26/2014,DPA,IL,AGL,CE,Towers with Radar,0,17,38,1,56,0,0,40,0,40,0,17,78,1,96,84,0,84,180
11/27/2014,DPA,IL,AGL,CE,Towers with Radar,0,10,7,0,17,0,0,9,0,9,0,10,16,0,26,10,0,10,36
11/28/2014,DPA,IL,AGL,CE,Towers with Radar,0,15,19,0,34,0,1,66,0,67,0,16,85,0,101,36,0,36,137
11/29/2014,DPA,IL,AGL,CE,Towers with Radar,0,17,39,0,56,0,0,81,0,81,0,17,120,0,137,110,0,110,247
11/30/2014,DPA,IL,AGL,CE,Towers with Radar,0,22,61,0,83,0,0,7,0,7,0,22,68,0,90,1,0,1,91
12/01/2014,DPA,IL,AGL,CE,Towers with Radar,0,11,44,0,55,0,2,94,0,96,0,13,138,0,151,56,0,56,207
12/02/2014,DPA,IL,AGL,CE,Towers with Radar,0,24,55,0,79,0,0,65,2,67,0,24,120,2,146,66,0,66,212
12/03/2014,DPA,IL,AGL,CE,Towers with Radar,0,37,43,0,80,0,2,85,0,87,0,39,128,0,167,65,0,65,232
12/04/2014,DPA,IL,AGL,CE,Towers with Radar,0,15,49,0,64,0,0,53,0,53,0,15,102,0,117,14,0,14,131
12/05/2014,DPA,IL,AGL,CE,Towers with Radar,0,14,35,0,49,0,0,4,0,4,0,14,39,0,53,0,0,0,53
12/06/2014,DPA,IL,AGL,CE,Towers with Radar,2,10,30,0,42,0,0,52,0,52,2,10,82,0,94,108,0,108,202
12/07/2014,DPA,IL,AGL,CE,Towers with Radar,0,2,38,1,41,0,0,94,0,94,0,2,132,1,135,118,0,118,253
12/08/2014,DPA,IL,AGL,CE,Towers with Radar,0,9,41,0,50,0,0,0,0,0,0,9,41,0,50,0,0,0,50
12/09/2014,DPA,IL,AGL,CE,Towers with Radar,0,18,45,2,65,0,1,19,0,20,0,19,64,2,85,2,0,2,87
12/10/2014,DPA,IL,AGL,CE,Towers with Radar,0,20,42,0,62,0,1,33,0,34,0,21,75,0,96,130,0,130,226
12/11/2014,DPA,IL,AGL,CE,Towers with Radar,0,14,60,0,74,0,0,37,0,37,0,14,97,0,111,70,0,70,181
12/12/2014,DPA,IL,AGL,CE,Towers with Radar,0,13,47,0,60,0,0,2,0,2,0,13,49,0,62,0,0,0,62
12/13/2014,DPA,IL,AGL,CE,Towers with Radar,0,16,30,0,46,0,0,0,0,0,0,16,30,0,46,0,0,0,46
12/14/2014,DPA,IL,AGL,CE,Towers with Radar,0,6,31,0,37,0,0,0,0,0,0,6,31,0,37,0,0,0,37
12/15/2014,DPA,IL,AGL,CE,Towers with Radar,0,4,18,0,22,0,0,0,0,0,0,4,18,0,22,0,0,0,22
12/16/2014,DPA,IL,AGL,CE,Towers with Radar,0,14,48,0,62,0,0,3,0,3,0,14,51,0,65,0,0,0,65
12/17/2014,DPA,IL,AGL,CE,Towers with Radar,0,12,59,0,71,0,2,49,0,51,0,14,108,0,122,113,0,113,235
12/18/2014,DPA,IL,AGL,CE,Towers with Radar,0,19,52,0,71,0,0,77,1,78,0,19,129,1,149,50,0,50,199
12/19/2014,DPA,IL,AGL,CE,Towers with Radar,2,21,38,0,61,0,0,60,0,60,2,21,98,0,121,62,0,62,183
12/20/2014,DPA,IL,AGL,CE,Towers with Radar,0,18,38,0,56,0,1,74,0,75,0,19,112,0,131,86,0,86,217
12/21/2014,DPA,IL,AGL,CE,Towers with Radar,0,7,25,0,32,0,0,32,0,32,0,7,57,0,64,148,0,148,212
12/22/2014,DPA,IL,AGL,CE,Towers with Radar,0,16,19,0,35,0,0,20,0,20,0,16,39,0,55,38,0,38,93
12/23/2014,DPA,IL,AGL,CE,Towers with Radar,0,9,29,0,38,0,0,65,0,65,0,9,94,0,103,60,0,60,163
12/24/2014,DPA,IL,AGL,CE,Towers with Radar,0,8,2,0,10,0,0,8,0,8,0,8,10,0,18,1,0,1,19
12/25/2014,DPA,IL,AGL,CE,Towers with Radar,0,20,9,0,29,0,0,10,0,10,0,20,19,0,39,6,0,6,45
12/26/2014,DPA,IL,AGL,CE,Towers with Radar,0,12,49,0,61,0,0,116,0,116,0,12,165,0,177,44,0,44,221
12/27/2014,DPA,IL,AGL,CE,Towers with Radar,0,15,37,0,52,0,0,7,0,7,0,15,44,0,59,10,0,10,69
12/28/2014,DPA,IL,AGL,CE,Towers with Radar,0,14,25,0,39,0,1,103,0,104,0,15,128,0,143,150,0,150,293
12/29/2014,DPA,IL,AGL,CE,Towers with Radar,0,8,33,0,41,0,2,90,0,92,0,10,123,0,133,102,0,102,235
12/30/2014,DPA,IL,AGL,CE,Towers with Radar,0,15,16,0,31,0,1,80,0,81,0,16,96,0,112,66,0,66,178
12/31/2014,DPA,IL,AGL,CE,Towers with Radar,0,8,21,0,29,0,0,42,0,42,0,8,63,0,71,18,0,18,89
01/01/2015,DPA,IL,AGL,CE,Towers with Radar,1,6,14,0,21,0,0,12,0,12,1,6,26,0,33,4,0,4,37
01/02/2015,DPA,IL,AGL,CE,Towers with Radar,0,4,35,0,39,0,0,124,0,124,0,4,159,0,163,82,0,82,245
01/03/2015,DPA,IL,AGL,CE,Towers with Radar,0,16,29,0,45,0,0,0,0,0,0,16,29,0,45,0,0,0,45
01/04/2015,DPA,IL,AGL,CE,Towers with Radar,0,19,30,0,49,0,1,0,0,1,0,20,30,0,50,0,0,0,50
01/05/2015,DPA,IL,AGL,CE,Towers with Radar,0,6,26,2,34,0,0,29,1,30,0,6,55,3,64,12,0,12,76
01/06/2015,DPA,IL,AGL,CE,Towers with Radar,1,16,39,0,56,0,1,43,0,44,1,17,82,0,100,22,0,22,122
01/07/2015,DPA,IL,AGL,CE,Towers with Radar,0,9,46,0,55,0,0,19,2,21,0,9,65,2,76,34,0,34,110
01/08/2015,DPA,IL,AGL,CE,Towers with Radar,0,13,41,0,54,0,0,6,1,7,0,13,47,1,61,6,0,6,67
01/09/2015,DPA,IL,AGL,CE,Towers with Radar,0,11,24,0,35,0,0,19,0,19,0,11,43,0,54,0,0,0,54
01/10/2015,DPA,IL,AGL,CE,Towers with Radar,1,15,20,0,36,0,1,44,0,45,1,16,64,0,81,48,4,52,133
01/11/2015,DPA,IL,AGL,CE,Towers with Radar,0,2,26,0,28,0,0,48,0,48,0,2,74,0,76,116,0,116,192
01/12/2015,DPA,IL,AGL,CE,Towers with Radar,0,11,40,1,52,0,0,53,0,53,0,11,93,1,105,26,0,26,131
01/13/2015,DPA,IL,AGL,CE,Towers with Radar,0,10,54,0,64,0,0,43,0,43,0,10,97,0,107,80,0,80,187
01/14/2015,DPA,IL,AGL,CE,Towers with Radar,0,8,45,0,53,0,1,48,1,50,0,9,93,1,103,12,0,12,115
01/15/2015,DPA,IL,AGL,CE,Towers with Radar,0,15,42,0,57,0,1,76,1,78,0,16,118,1,135,80,0,80,215
01/16/2015,DPA,IL,AGL,CE,Towers with Radar,2,11,47,0,60,0,0,85,0,85,2,11,132,0,145,86,0,86,231
01/17/2015,DPA,IL,AGL,CE,Towers with Radar,0,10,36,0,46,0,0,3,0,3,0,10,39,0,49,46,0,46,95
01/18/2015,DPA,IL,AGL,CE,Towers with Radar,0,6,24,0,30,0,0,6,0,6,0,6,30,0,36,140,0,140,176
01/19/2015,DPA,IL,AGL,CE,Towers with Radar,0,8,50,0,58,0,0,9,0,9,0,8,59,0,67,168,0,168,235
01/20/2015,DPA,IL,AGL,CE,Towers with Radar,0,14,35,0,49,0,0,0,0,0,0,14,35,0,49,0,0,0,49
01/21/2015,DPA,IL,AGL,CE,Towers with Radar,0,14,43,0,57,0,0,4,0,4,0,14,47,0,61,10,0,10,71
01/22/2015,DPA,IL,AGL,CE,Towers with Radar,0,11,58,0,69,0,0,35,0,35,0,11,93,0,104,57,2,59,163
01/23/2015,DPA,IL,AGL,CE,Towers with Radar,0,10,16,0,26,0,0,35,0,35,0,10,51,0,61,93,0,93,154
01/24/2015,DPA,IL,AGL,CE,Towers with Radar,0,14,36,0,50,0,0,94,0,94,0,14,130,0,144,177,0,177,321
01/25/2015,DPA,IL,AGL,CE,Towers with Radar,0,6,31,0,37,0,1,1,0,2,0,7,32,0,39,0,0,0,39
01/26/2015,DPA,IL,AGL,CE,Towers with Radar,0,9,26,0,35,0,1,23,0,24,0,10,49,0,59,12,0,12,71
01/27/2015,DPA,IL,AGL,CE,Towers with Radar,0,12,33,0,45,0,0,58,0,58,0,12,91,0,103,102,0,102,205
01/28/2015,DPA,IL,AGL,CE,Towers with Radar,2,16,34,0,52,0,1,102,2,105,2,17,136,2,157,59,0,59,216
01/29/2015,DPA,IL,AGL,CE,Towers with Radar,0,22,36,0,58,0,0,23,0,23,0,22,59,0,81,28,2,30,111
01/30/2015,DPA,IL,AGL,CE,Towers with Radar,0,14,39,0,53,0,0,113,1,114,0,14,152,1,167,76,6,82,249
01/31/2015,DPA,IL,AGL,CE,Towers with Radar,0,7,40,0,47,0,0,104,0,104,0,7,144,0,151,108,0,108,259
02/01/2015,DPA,IL,AGL,CE,Towers with Radar,0,2,5,0,7,0,0,0,0,0,0,2,5,0,7,0,0,0,7
02/02/2015,DPA,IL,AGL,CE,Towers with Radar,0,11,27,0,38,0,0,42,1,43,0,11,69,1,81,46,0,46,127
02/03/2015,DPA,IL,AGL,CE,Towers with Radar,0,14,39,0,53,0,0,34,1,35,0,14,73,1,88,0,0,0,88
02/04/2015,DPA,IL,AGL,CE,Towers with Radar,0,26,28,2,56,0,1,27,0,28,0,27,55,2,84,8,0,8,92
02/05/2015,DPA,IL,AGL,CE,Towers with Radar,1,6,44,0,51,1,0,52,3,56,2,6,96,3,107,57,0,57,164
02/06/2015,DPA,IL,AGL,CE,Towers with Radar,0,20,39,1,60,0,0,65,1,66,0,20,104,2,126,26,0,26,152
02/07/2015,DPA,IL,AGL,CE,Towers with Radar,0,9,43,1,53,0,0,73,1,74,0,9,116,2,127,141,0,141,268
02/08/2015,DPA,IL,AGL,CE,Towers with Radar,0,9,47,0,56,0,0,0,0,0,0,9,47,0,56,0,0,0,56
02/09/2015,DPA,IL,AGL,CE,Towers with Radar,0,5,39,0,44,0,0,30,0,30,0,5,69,0,74,72,0,72,146
02/10/2015,DPA,IL,AGL,CE,Towers with Radar,1,10,43,0,54,1,0,102,1,104,2,10,145,1,158,62,0,62,220
02/11/2015,DPA,IL,AGL,CE,Towers with Radar,0,18,36,3,57,0,0,30,0,30,0,18,66,3,87,16,0,16,103
02/12/2015,DPA,IL,AGL,CE,Towers with Radar,0,12,58,0,70,0,1,69,0,70,0,13,127,0,140,53,0,53,193
02/13/2015,DPA,IL,AGL,CE,Towers with Radar,0,16,45,0,61,0,0,42,1,43,0,16,87,1,104,61,11,72,176
02/14/2015,DPA,IL,AGL,CE,Towers with Radar,0,10,23,0,33,0,0,7,0,7,0,10,30,0,40,40,0,40,80
02/15/2015,DPA,IL,AGL,CE,Towers with Radar,0,2,29,0,31,0,1,66,1,68,0,3,95,1,99,96,0,96,195
02/16/2015,DPA,IL,AGL,CE,Towers with Radar,0,15,49,0,64,0,0,104,1,105,0,15,153,1,169,30,0,30,199
02/17/2015,DPA,IL,AGL,CE,Towers with Radar,0,11,43,0,54,0,0,21,0,21,0,11,64,0,75,22,0,22,97
02/18/2015,DPA,IL,AGL,CE,Towers with Radar,0,15,56,1,72,0,0,32,1,33,0,15,88,2,105,6,0,6,111
02/19/2015,DPA,IL,AGL,CE,Towers with Radar,0,13,63,0,76,0,1,16,3,20,0,14,79,3,96,0,0,0,96
02/20/2015,DPA,IL,AGL,CE,Towers with Radar,0,12,48,0,60,0,0,19,0,19,0,12,67,0,79,9,0,9,88
02/21/2015,DPA,IL,AGL,CE,Towers with Radar,0,10,13,0,23,0,0,35,0,35,0,10,48,0,58,114,0,114,172
02/22/2015,DPA,IL,AGL,CE,Towers with Radar,0,7,46,0,53,0,0,76,1,77,0,7,122,1,130,58,0,58,188
02/23/2015,DPA,IL,AGL,CE,Towers with Radar,0,3,48,2,53,0,0,61,2,63,0,3,109,4,116,34,0,34,150
02/24/2015,DPA,IL,AGL,CE,Towers with Radar,0,14,37,0,51,0,0,31,1,32,0,14,68,1,83,46,0,46,129
02/25/2015,DPA,IL,AGL,CE,Towers with Radar,2,15,61,0,78,0,0,38,0,38,2,15,99,0,116,14,0,14,130
02/26/2015,DPA,IL,AGL,CE,Towers with Radar,0,16,58,1,75,0,0,34,2,36,0,16,92,3,111,20,0,20,131
02/27/2015,DPA,IL,AGL,CE,Towers with Radar,0,14,42,0,56,0,0,75,1,76,0,14,117,1,132,38,0,38,170
02/28/2015,DPA,IL,AGL,CE,Towers with Radar,0,10,29,1,40,0,0,98,0,98,0,10,127,1,138,112,0,112,250
03/01/2015,DPA,IL,AGL,CE,Towers with Radar,0,6,39,0,45,0,0,21,0,21,0,6,60,0,66,70,0,70,136
03/02/2015,DPA,IL,AGL,CE,Towers with Radar,1,18,38,0,57,0,0,106,1,107,1,18,144,1,164,74,0,74,238
03/03/2015,DPA,IL,AGL,CE,Towers with Radar,0,12,24,0,36,0,0,11,0,11,0,12,35,0,47,0,0,0,47
03/04/2015,DPA,IL,AGL,CE,Towers with Radar,0,15,48,0,63,0,0,65,2,67,0,15,113,2,130,34,0,34,164
03/05/2015,DPA,IL,AGL,CE,Towers with Radar,0,15,44,1,60,0,0,76,0,76,0,15,120,1,136,65,6,71,207
03/06/2015,DPA,IL,AGL,CE,Towers with Radar,0,10,44,0,54,0,0,70,1,71,0,10,114,1,125,28,0,28,153
03/07/2015,DPA,IL,AGL,CE,Towers with Radar,0,10,46,0,56,0,0,124,2,126,0,10,170,2,182,128,0,128,310
03/08/2015,DPA,IL,AGL,CE,Towers with Radar,0,10,46,0,56,0,0,59,0,59,0,10,105,0,115,166,0,166,281
03/09/2015,DPA,IL,AGL,CE,Towers with Radar,0,9,46,2,57,0,0,90,4,94,0,9,136,6,151,42,0,42,193
03/10/2015,DPA,IL,AGL,CE,Towers with Radar,0,12,44,1,57,0,0,5,1,6,0,12,49,2,63,22,0,22,85
03/11/2015,DPA,IL,AGL,CE,Towers with Radar,0,14,61,0,75,0,2,121,1,124,0,16,182,1,199,96,8,104,303
03/12/2015,DPA,IL,AGL,CE,Towers with Radar,0,19,49,1,69,0,0,107,6,113,0,19,156,7,182,87,6,93,275
03/13/2015,DPA,IL,AGL,CE,Towers with Radar,0,10,49,1,60,0,0,76,0,76,0,10,125,1,136,62,0,62,198
03/14/2015,DPA,IL,AGL,CE,Towers with Radar,0,17,41,2,60,0,2,111,0,113,0,19,152,2,173,132,0,132,305
03/15/2015,DPA,IL,AGL,CE,Towers with Radar,0,7,41,0,48,0,0,107,4,111,0,7,148,4,159,118,0,118,277
03/16/2015,DPA,IL,AGL,CE,Towers with Radar,0,6,48,2,56,0,0,83,3,86,0,6,131,5,142,58,0,58,200
03/17/2015,DPA,IL,AGL,CE,Towers with Radar,0,11,57,1,69,0,1,67,0,68,0,12,124,1,137,46,0,46,183
03/18/2015,DPA,IL,AGL,CE,Towers with Radar,0,13,44,0,57,0,0,86,1,87,0,13,130,1,144,90,0,90,234
03/19/2015,DPA,IL,AGL,CE,Towers with Radar,0,13,57,0,70,0,2,84,0,86,0,15,141,0,156,106,0,106,262
03/20/2015,DPA,IL,AGL,CE,Towers with Radar,0,15,65,2,82,0,1,84,0,85,0,16,149,2,167,68,0,68,235
03/21/2015,DPA,IL,AGL,CE,Towers with Radar,0,20,35,0,55,0,0,92,0,92,0,20,127,0,147,78,0,78,225
03/22/2015,DPA,IL,AGL,CE,Towers with Radar,0,10,33,0,43,0,0,59,3,62,0,10,92,3,105,108,0,108,213
03/23/2015,DPA,IL,AGL,CE,Towers with Radar,0,12,32,0,44,0,0,8,0,8,0,12,40,0,52,0,0,0,52
03/24/2015,DPA,IL,AGL,CE,Towers with Radar,0,12,31,0,43,0,0,59,1,60,0,12,90,1,103,78,0,78,181
03/25/2015,DPA,IL,AGL,CE,Towers with Radar,0,6,41,1,48,0,0,13,0,13,0,6,54,1,61,58,0,58,119
03/26/2015,DPA,IL,AGL,CE,Towers with Radar,0,18,46,0,64,0,0,69,1,70,0,18,115,1,134,84,0,84,218
03/27/2015,DPA,IL,AGL,CE,Towers with Radar,0,19,40,0,59,0,1,63,1,65,0,20,103,1,124,68,0,68,192
03/28/2015,DPA,IL,AGL,CE,Towers with Radar,0,13,52,0,65,0,0,115,2,117,0,13,167,2,182,102,0,102,284
03/29/2015,DPA,IL,AGL,CE,Towers with Radar,0,7,28,0,35,0,0,11,0,11,0,7,39,0,46,4,0,4,50
03/30/2015,DPA,IL,AGL,CE,Towers with Radar,0,8,19,1,28,0,0,82,2,84,0,8,101,3,112,30,0,30,142
03/31/2015,DPA,IL,AGL,CE,Towers with Radar,0,7,50,2,59,0,0,57,0,57,0,7,107,2,116,66,0,66,182
04/01/2015,DPA,IL,AGL,CE,Towers with Radar,1,13,39,1,54,0,1,96,2,99,1,14,135,3,153,18,0,18,171
04/02/2015,DPA,IL,AGL,CE,Towers with Radar,0,8,50,0,58,0,0,35,0,35,0,8,85,0,93,0,0,0,93
04/03/2015,DPA,IL,AGL,CE,Towers with Radar,0,8,37,0,45,0,0,70,2,72,0,8,107,2,117,122,6,128,245
04/04/2015,DPA,IL,AGL,CE,Towers with Radar,0,12,33,0,45,0,0,81,0,81,0,12,114,0,126,50,0,50,176
04/05/2015,DPA,IL,AGL,CE,Towers with Radar,0,7,25,0,32,0,0,36,0,36,0,7,61,0,68,8,0,8,76
04/06/2015,DPA,IL,AGL,CE,Towers with Radar,0,11,41,0,52,0,0,89,0,89,0,11,130,0,141,64,0,64,205
04/07/2015,DPA,IL,AGL,CE,Towers with Radar,0,16,49,0,65,0,0,10,0,10,0,16,59,0,75,16,0,16,91
04/08/2015,DPA,IL,AGL,CE,Towers with Radar,0,14,44,0,58,0,0,6,0,6,0,14,50,0,64,18,0,18,82
04/09/2015,DPA,IL,AGL,CE,Towers with Radar,0,18,39,0,57,0,0,5,0,5,0,18,44,0,62,32,0,32,94
04/10/2015,DPA,IL,AGL,CE,Towers with Radar,0,20,37,0,57,0,0,34,0,34,0,20,71,0,91,11,0,11,102
04/11/2015,DPA,IL,AGL,CE,Towers with Radar,0,10,42,1,53,0,0,154,0,154,0,10,196,1,207,156,0,156,363
04/12/2015,DPA,IL,AGL,CE,Towers with Radar,0,3,37,0,40,1,1,98,0,100,1,4,135,0,140,86,0,86,226
04/13/2015,DPA,IL,AGL,CE,Towers with Radar,0,8,45,0,53,0,0,90,1,91,0,8,135,1,144,48,0,48,192
04/14/2015,DPA,IL,AGL,CE,Towers with Radar,0,21,46,2,69,0,0,123,3,126,0,21,169,5,195,110,0,110,305
04/15/2015,DPA,IL,AGL,CE,Towers with Radar,0,15,43,1,59,0,2,106,0,108,0,17,149,1,167,56,0,56,223
04/16/2015,DPA,IL,AGL,CE,Towers with Radar,0,17,73,0,90,0,0,45,0,45,0,17,118,0,135,44,0,44,179
04/17/2015,DPA,IL,AGL,CE,Towers with Radar,0,13,49,2,64,0,1,115,1,117,0,14,164,3,181,0,0,0,181
04/18/2015,DPA,IL,AGL,CE,Towers with Radar,0,11,35,0,46,0,0,115,0,115,0,11,150,0,161,102,0,102,263
04/19/2015,DPA,IL,AGL,CE,Towers with Radar,0,6,31,0,37,0,1,56,0,57,0,7,87,0,94,57,0,57,151
04/20/2015,DPA,IL,AGL,CE,Towers with Radar,0,7,36,0,43,0,0,17,0,17,0,7,53,0,60,38,0,38,98
04/21/2015,DPA,IL,AGL,CE,Towers with Radar,0,24,29,0,53,0,0,20,0,20,0,24,49,0,73,4,4,8,81
04/22/2015,DPA,IL,AGL,CE,Towers with Radar,0,15,55,1,71,0,0,67,0,67,0,15,122,1,138,47,0,47,185
04/23/2015,DPA,IL,AGL,CE,Towers with Radar,0,9,51,3,63,0,0,89,1,90,0,9,140,4,153,73,0,73,226
04/24/2015,DPA,IL,AGL,CE,Towers with Radar,0,11,63,0,74,0,0,92,0,92,0,11,155,0,166,74,0,74,240
04/25/2015,DPA,IL,AGL,CE,Towers with Radar,0,7,22,0,29,0,1,6,0,7,0,8,28,0,36,0,0,0,36
04/26/2015,DPA,IL,AGL,CE,Towers with Radar,0,3,35,0,38,0,2,140,1,143,0,5,175,1,181,151,0,151,332
04/27/2015,DPA,IL,AGL,CE,Towers with Radar,0,8,58,1,67,0,1,104,1,106,0,9,162,2,173,120,0,120,293
04/28/2015,DPA,IL,AGL,CE,Towers with Radar,0,12,60,1,73,0,0,114,0,114,0,12,174,1,187,83,0,83,270
04/29/2015,DPA,IL,AGL,CE,Towers with Radar,0,14,59,0,73,0,1,135,1,137,0,15,194,1,210,53,0,53,263
04/30/2015,DPA,IL,AGL,CE,Towers with Radar,0,18,61,0,79,0,0,67,1,68,0,18,128,1,147,46,0,46,193
05/01/2015,DPA,IL,AGL,CE,Towers with Radar,0,18,40,0,58,0,0,142,0,142,0,18,182,0,200,106,0,106,306
05/02/2015,DPA,IL,AGL,CE,Towers with Radar,0,13,20,0,33,0,1,131,0,132,0,14,151,0,165,128,0,128,293
05/03/2015,DPA,IL,AGL,CE,Towers with Radar,0,11,29,0,40,0,0,65,1,66,0,11,94,1,106,77,0,77,183
05/04/2015,DPA,IL,AGL,CE,Towers with Radar,0,8,42,0,50,0,2,60,3,65,0,10,102,3,115,72,0,72,187
05/05/2015,DPA,IL,AGL,CE,Towers with Radar,0,11,62,0,73,0,0,0,0,0,0,11,62,0,73,0,0,0,73
05/06/2015,DPA,IL,AGL,CE,Towers with Radar,0,22,57,1,80,0,0,69,1,70,0,22,126,2,150,20,0,20,170
05/07/2015,DPA,IL,AGL,CE,Towers with Radar,0,21,68,3,92,0,0,97,3,100,0,21,165,6,192,90,0,90,282
05/08/2015,DPA,IL,AGL,CE,Towers with Radar,0,12,62,1,75,0,1,55,0,56,0,13,117,1,131,48,0,48,179
05/09/2015,DPA,IL,AGL,CE,Towers with Radar,0,15,43,0,58,0,0,11,0,11,0,15,54,0,69,88,0,88,157
05/10/2015,DPA,IL,AGL,CE,Towers with Radar,0,5,31,0,36,0,0,0,0,0,0,5,31,0,36,0,0,0,36
05/11/2015,DPA,IL,AGL,CE,Towers with Radar,0,9,52,0,61,0,0,41,0,41,0,9,93,0,102,50,0,50,152
05/12/2015,DPA,IL,AGL,CE,Towers with Radar,0,11,53,0,64,0,1,65,0,66,0,12,118,0,130,76,0,76,206
05/13/2015,DPA,IL,AGL,CE,Towers with Radar,0,18,63,0,81,0,3,151,0,154,0,21,214,0,235,212,0,212,447
05/14/2015,DPA,IL,AGL,CE,Towers with Radar,1,18,72,0,91,0,0,85,0,85,1,18,157,0,176,84,0,84,260
05/15/2015,DPA,IL,AGL,CE,Towers with Radar,0,19,64,0,83,0,0,47,0,47,0,19,111,0,130,66,0,66,196
05/16/2015,DPA,IL,AGL,CE,Towers with Radar,0,14,54,0,68,0,1,13,0,14,0,15,67,0,82,74,0,74,156
05/17/2015,DPA,IL,AGL,CE,Towers with Radar,0,5,33,0,38,0,0,12,0,12,0,5,45,0,50,25,0,25,75
05/18/2015,DPA,IL,AGL,CE,Towers with Radar,0,16,55,0,71,0,1,74,0,75,0,17,129,0,146,78,0,78,224
05/19/2015,DPA,IL,AGL,CE,Towers with Radar,0,19,54,1,74,0,0,89,0,89,0,19,143,1,163,122,0,122,285
05/20/2015,DPA,IL,AGL,CE,Towers with Radar,0,16,62,0,78,0,0,78,1,79,0,16,140,1,157,120,0,120,277
05/21/2015,DPA,IL,AGL,CE,Towers with Radar,0,16,62,0,78,0,6,133,2,141,0,22,195,2,219,90,11,101,320
05/22/2015,DPA,IL,AGL,CE,Towers with Radar,2,14,63,0,79,0,4,149,0,153,2,18,212,0,232,118,0,118,350
05/23/2015,DPA,IL,AGL,CE,Towers with Radar,0,13,16,0,29,0,2,145,0,147,0,15,161,0,176,86,0,86,262
05/24/2015,DPA,IL,AGL,CE,Towers with Radar,0,4,22,0,26,0,0,48,0,48,0,4,70,0,74,100,0,100,174
05/25/2015,DPA,IL,AGL,CE,Towers with Radar,0,6,33,0,39,0,0,19,0,19,0,6,52,0,58,6,0,6,64
05/26/2015,DPA,IL,AGL,CE,Towers with Radar,0,26,45,0,71,0,0,23,0,23,0,26,68,0,94,16,0,16,110
05/27/2015,DPA,IL,AGL,CE,Towers with Radar,0,21,67,0,88,0,0,54,0,54,0,21,121,0,142,119,0,119,261
05/28/2015,DPA,IL,AGL,CE,Towers with Radar,0,27,64,1,92,0,2,155,2,159,0,29,219,3,251,107,0,107,358
05/29/2015,DPA,IL,AGL,CE,Towers with Radar,0,19,38,0,57,0,0,64,0,64,0,19,102,0,121,98,0,98,219
05/30/2015,DPA,IL,AGL,CE,Towers with Radar,2,13,52,0,67,0,0,2,0,2,2,13,54,0,69,32,0,32,101
05/31/2015,DPA,IL,AGL,CE,Towers with Radar,0,10,43,0,53,0,0,75,0,75,0,10,118,0,128,128,0,128,256
06/01/2015,DPA,IL,AGL,CE,Towers with Radar,0,13,64,0,77,0,2,111,0,113,0,15,175,0,190,82,0,82,272
06/02/2015,DPA,IL,AGL,CE,Towers with Radar,0,13,54,3,70,0,2,140,3,145,0,15,194,6,215,79,0,79,294
06/03/2015,DPA,IL,AGL,CE,Towers with Radar,0,12,66,0,78,0,1,122,0,123,0,13,188,0,201,164,0,164,365
06/04/2015,DPA,IL,AGL,CE,Towers with Radar,1,14,80,1,96,0,0,78,0,78,1,14,158,1,174,150,0,150,324
06/05/2015,DPA,IL,AGL,CE,Towers with Radar,0,12,71,3,86,0,0,84,0,84,0,12,155,3,170,80,0,80,250
06/06/2015,DPA,IL,AGL,CE,Towers with Radar,0,9,48,0,57,0,3,139,0,142,0,12,187,0,199,149,0,149,348
06/07/2015,DPA,IL,AGL,CE,Towers with Radar,2,9,15,0,26,0,0,5,0,5,2,9,20,0,31,14,0,14,45
06/08/2015,DPA,IL,AGL,CE,Towers with Radar,0,14,47,1,62,0,0,69,0,69,0,14,116,1,131,22,0,22,153
06/09/2015,DPA,IL,AGL,CE,Towers with Radar,0,19,59,3,81,0,1,114,1,116,0,20,173,4,197,158,0,158,355
06/10/2015,DPA,IL,AGL,CE,Towers with Radar,0,17,50,0,67,0,1,103,0,104,0,18,153,0,171,52,0,52,223
06/11/2015,DPA,IL,AGL,CE,Towers with Radar,0,11,54,0,65,0,0,68,0,68,0,11,122,0,133,12,0,12,145
06/12/2015,DPA,IL,AGL,CE,Towers with Radar,0,19,58,0,77,0,0,1,0,1,0,19,59,0,78,56,0,56,134
06/13/2015,DPA,IL,AGL,CE,Towers with Radar,0,15,31,0,46,0,0,42,0,42,0,15,73,0,88,60,0,60,148
06/14/2015,DPA,IL,AGL,CE,Towers with Radar,0,9,45,0,54,0,0,41,1,42,0,9,86,1,96,83,0,83,179
06/15/2015,DPA,IL,AGL,CE,Towers with Radar,0,12,57,0,69,0,0,24,0,24,0,12,81,0,93,14,0,14,107
06/16/2015,DPA,IL,AGL,CE,Towers with Radar,0,29,76,1,106,0,0,158,3,161,0,29,234,4,267,138,2,140,407
06/17/2015,DPA,IL,AGL,CE,Towers with Radar,0,20,84,0,104,0,0,17,0,17,0,20,101,0,121,62,0,62,183
06/18/2015,DPA,IL,AGL,CE,Towers with Radar,0,20,67,0,87,0,0,59,0,59,0,20,126,0,146,118,0,118,264
06/19/2015,DPA,IL,AGL,CE,Towers with Radar,0,18,39,0,57,0,0,131,1,132,0,18,170,1,189,90,0,90,279
06/20/2015,DPA,IL,AGL,CE,Towers with Radar,0,12,32,0,44,0,0,49,0,49,0,12,81,0,93,114,0,114,207
06/21/2015,DPA,IL,AGL,CE,Towers with Radar,0,3,47,0,50,0,0,78,0,78,0,3,125,0,128,114,0,114,242
06/22/2015,DPA,IL,AGL,CE,Towers with Radar,0,8,48,0,56,0,0,16,0,16,0,8,64,0,72,58,0,58,130
06/23/2015,DPA,IL,AGL,CE,Towers with Radar,0,23,66,3,92,0,0,164,2,166,0,23,230,5,258,78,0,78,336
06/24/2015,DPA,IL,AGL,CE,Towers with Radar,4,28,58,0,90,0,0,117,1,118,4,28,175,1,208,94,0,94,302
06/25/2015,DPA,IL,AGL,CE,Towers with Radar,1,31,71,0,103,0,0,59,0,59,1,31,130,0,162,98,0,98,260
06/26/2015,DPA,IL,AGL,CE,Towers with Radar,0,14,54,0,68,0,0,19,0,19,0,14,73,0,87,160,0,160,247
06/27/2015,DPA,IL,AGL,CE,Towers with Radar,0,16,54,0,70,0,1,150,0,151,0,17,204,0,221,146,0,146,367
06/28/2015,DPA,IL,AGL,CE,Towers with Radar,0,7,49,1,57,0,0,108,0,108,0,7,157,1,165,123,0,123,288
06/29/2015,DPA,IL,AGL,CE,Towers with Radar,0,15,64,1,80,0,0,49,0,49,0,15,113,1,129,66,0,66,195
06/30/2015,DPA,IL,AGL,CE,Towers with Radar,0,11,49,0,60,0,0,89,0,89,0,11,138,0,149,120,0,120,269
07/01/2015,DPA,IL,AGL,CE,Towers with Radar,0,16,42,1,59,0,0,107,2,109,0,16,149,3,168,184,0,184,352
07/02/2015,DPA,IL,AGL,CE,Towers with Radar,0,9,65,2,76,0,0,55,1,56,0,9,120,3,132,151,0,151,283
07/03/2015,DPA,IL,AGL,CE,Towers with Radar,0,9,37,0,46,0,0,135,0,135,0,9,172,0,181,170,0,170,351
07/04/2015,DPA,IL,AGL,CE,Towers with Radar,0,11,18,0,29,0,0,82,0,82,0,11,100,0,111,24,0,24,135
07/05/2015,DPA,IL,AGL,CE,Towers with Radar,0,4,45,0,49,0,0,93,1,94,0,4,138,1,143,55,0,55,198
07/06/2015,DPA,IL,AGL,CE,Towers with Radar,0,5,40,1,46,0,0,65,1,66,0,5,105,2,112,106,0,106,218
07/07/2015,DPA,IL,AGL,CE,Towers with Radar,0,27,67,1,95,0,1,83,1,85,0,28,150,2,180,202,0,202,382
07/08/2015,DPA,IL,AGL,CE,Towers with Radar,0,20,60,0,80,0,1,112,0,113,0,21,172,0,193,214,0,214,407
07/09/2015,DPA,IL,AGL,CE,Towers with Radar,0,14,50,1,65,0,1,126,1,128,0,15,176,2,193,234,0,234,427
07/10/2015,DPA,IL,AGL,CE,Towers with Radar,0,10,47,0,57,0,0,145,0,145,0,10,192,0,202,210,0,210,412
07/11/2015,DPA,IL,AGL,CE,Towers with Radar,0,9,23,0,32,0,1,70,0,71,0,10,93,0,103,72,0,72,175
07/12/2015,DPA,IL,AGL,CE,Towers with Radar,0,13,41,0,54,0,0,60,0,60,0,13,101,0,114,154,0,154,268
07/13/2015,DPA,IL,AGL,CE,Towers with Radar,0,17,48,1,66,0,0,55,0,55,0,17,103,1,121,138,0,138,259
07/14/2015,DPA,IL,AGL,CE,Towers with Radar,0,19,62,0,81,0,1,96,0,97,0,20,158,0,178,164,0,164,342
07/15/2015,DPA,IL,AGL,CE,Towers with Radar,0,29,41,0,70,0,0,118,3,121,0,29,159,3,191,206,0,206,397
07/16/2015,DPA,IL,AGL,CE,Towers with Radar,2,13,62,0,77,0,0,44,0,44,2,13,106,0,121,152,0,152,273
07/17/2015,DPA,IL,AGL,CE,Towers with Radar,0,19,54,1,74,0,0,110,1,111,0,19,164,2,185,223,0,223,408
07/18/2015,DPA,IL,AGL,CE,Towers with Radar,0,14,43,0,57,0,0,57,0,57,0,14,100,0,114,84,0,84,198
07/19/2015,DPA,IL,AGL,CE,Towers with Radar,0,4,44,0,48,0,0,100,0,100,0,4,144,0,148,72,0,72,220
07/20/2015,DPA,IL,AGL,CE,Towers with Radar,0,9,37,1,47,0,2,108,1,111,0,11,145,2,158,217,0,217,375
07/21/2015,DPA,IL,AGL,CE,Towers with Radar,0,18,56,1,75,0,2,123,1,126,0,20,179,2,201,98,0,98,299
07/22/2015,DPA,IL,AGL,CE,Towers with Radar,1,14,51,1,67,1,1,141,0,143,2,15,192,1,210,94,0,94,304
07/23/2015,DPA,IL,AGL,CE,Towers with Radar,0,19,46,3,68,0,1,125,1,127,0,20,171,4,195,73,0,73,268
07/24/2015,DPA,IL,AGL,CE,Towers with Radar,0,14,60,0,74,0,3,115,2,120,0,17,175,2,194,159,0,159,353
07/25/2015,DPA,IL,AGL,CE,Towers with Radar,0,15,44,0,59,0,0,75,2,77,0,15,119,2,136,49,0,49,185
07/26/2015,DPA,IL,AGL,CE,Towers with Radar,0,10,57,0,67,0,1,105,1,107,0,11,162,1,174,84,0,84,258
07/27/2015,DPA,IL,AGL,CE,Towers with Radar,0,13,61,2,76,0,1,142,2,145,0,14,203,4,221,120,0,120,341
07/28/2015,DPA,IL,AGL,CE,Towers with Radar,0,14,60,4,78,0,1,97,0,98,0,15,157,4,176,136,0,136,312
07/29/2015,DPA,IL,AGL,CE,Towers with Radar,0,12,49,2,63,0,0,105,2,107,0,12,154,4,170,258,0,258,428
07/30/2015,DPA,IL,AGL,CE,Towers with Radar,0,21,48,0,69,0,1,136,0,137,0,22,184,0,206,102,0,102,308
07/31/2015,DPA,IL,AGL,CE,Towers with Radar,0,14,53,1,68,0,0,115,2,117,0,14,168,3,185,104,0,104,289
08/01/2015,DPA,IL,AGL,CE,Towers with Radar,0,12,32,0,44,1,0,100,0,101,1,12,132,0,145,62,0,62,207
08/02/2015,DPA,IL,AGL,CE,Towers with Radar,0,8,42,0,50,0,1,56,0,57,0,9,98,0,107,50,0,50,157
08/03/2015,DPA,IL,AGL,CE,Towers with Radar,0,17,55,1,73,0,0,106,1,107,0,17,161,2,180,135,0,135,315
08/04/2015,DPA,IL,AGL,CE,Towers with Radar,0,18,50,1,69,0,0,107,2,109,0,18,157,3,178,158,0,158,336
08/05/2015,DPA,IL,AGL,CE,Towers with Radar,0,22,49,0,71,0,0,110,1,111,0,22,159,1,182,96,0,96,278
08/06/2015,DPA,IL,AGL,CE,Towers with Radar,0,11,55,1,67,0,2,131,1,134,0,13,186,2,201,128,0,128,329
08/07/2015,DPA,IL,AGL,CE,Towers with Radar,0,13,44,1,58,0,0,110,0,110,0,13,154,1,168,94,0,94,262
08/08/2015,DPA,IL,AGL,CE,Towers with Radar,0,14,39,0,53,0,0,90,0,90,0,14,129,0,143,141,0,141,284
08/09/2015,DPA,IL,AGL,CE,Towers with Radar,0,8,38,0,46,0,0,23,0,23,0,8,61,0,69,71,0,71,140
08/10/2015,DPA,IL,AGL,CE,Towers with Radar,0,5,55,0,60,0,0,46,0,46,0,5,101,0,106,122,0,122,228
08/11/2015,DPA,IL,AGL,CE,Towers with Radar,0,17,46,0,63,0,0,124,0,124,0,17,170,0,187,174,0,174,361
08/12/2015,DPA,IL,AGL,CE,Towers with Radar,0,19,56,1,76,0,2,131,0,133,0,21,187,1,209,82,0,82,291
08/13/2015,DPA,IL,AGL,CE,Towers with Radar,0,17,56,2,75,0,1,105,1,107,0,18,161,3,182,178,0,178,360
08/14/2015,DPA,IL,AGL,CE,Towers with Radar,0,20,61,3,84,0,2,91,1,94,0,22,152,4,178,102,0,102,280
08/15/2015,DPA,IL,AGL,CE,Towers with Radar,0,11,37,1,49,0,0,113,0,113,0,11,150,1,162,98,0,98,260
08/16/2015,DPA,IL,AGL,CE,Towers with Radar,0,9,34,0,43,0,1,52,0,53,0,10,86,0,96,79,0,79,175
08/17/2015,DPA,IL,AGL,CE,Towers with Radar,0,12,53,0,65,0,0,89,1,90,0,12,142,1,155,98,0,98,253
08/18/2015,DPA,IL,AGL,CE,Towers with Radar,0,12,46,1,59,0,2,61,1,64,0,14,107,2,123,121,0,121,244
08/19/2015,DPA,IL,AGL,CE,Towers with Radar,0,19,68,0,87,0,0,63,0,63,0,19,131,0,150,52,0,52,202
08/20/2015,DPA,IL,AGL,CE,Towers with Radar,0,21,83,1,105,0,0,80,0,80,0,21,163,1,185,72,0,72,257
08/21/2015,DPA,IL,AGL,CE,Towers with Radar,0,8,66,3,77,0,2,146,1,149,0,10,212,4,226,138,0,138,364
08/22/2015,DPA,IL,AGL,CE,Towers with Radar,0,14,46,1,61,0,1,125,1,127,0,15,171,2,188,100,0,100,288
08/23/2015,DPA,IL,AGL,CE,Towers with Radar,0,4,33,0,37,0,0,47,0,47,0,4,80,0,84,79,0,79,163
08/24/2015,DPA,IL,AGL,CE,Towers with Radar,0,5,58,0,63,0,2,68,0,70,0,7,126,0,133,42,2,44,177
08/25/2015,DPA,IL,AGL,CE,Towers with Radar,0,18,49,0,67,0,1,100,1,102,0,19,149,1,169,166,0,166,335
08/26/2015,DPA,IL,AGL,CE,Towers with Radar,0,15,59,0,74,0,0,96,0,96,0,15,155,0,170,104,0,104,274
08/27/2015,DPA,IL,AGL,CE,Towers with Radar,0,21,75,1,97,0,1,115,2,118,0,22,190,3,215,162,0,162,377
08/28/2015,DPA,IL,AGL,CE,Towers with Radar,0,15,68,1,84,0,0,85,1,86,0,15,153,2,170,185,0,185,355
08/29/2015,DPA,IL,AGL,CE,Towers with Radar,0,15,38,0,53,0,0,10,0,10,0,15,48,0,63,58,0,58,121
08/30/2015,DPA,IL,AGL,CE,Towers with Radar,0,4,62,0,66,0,0,56,1,57,0,4,118,1,123,166,0,166,289
08/31/2015,DPA,IL,AGL,CE,Towers with Radar,0,14,45,1,60,0,1,78,1,80,0,15,123,2,140,155,0,155,295
09/01/2015,DPA,IL,AGL,CE,Towers with Radar,0,18,42,1,61,0,1,101,0,102,0,19,143,1,163,122,0,122,285
09/02/2015,DPA,IL,AGL,CE,Towers with Radar,0,11,47,0,58,0,1,98,1,100,0,12,145,1,158,90,0,90,248
09/03/2015,DPA,IL,AGL,CE,Towers with Radar,0,13,52,1,66,0,1,73,0,74,0,14,125,1,140,102,0,102,242
09/04/2015,DPA,IL,AGL,CE,Towers with Radar,0,14,46,1,61,0,0,88,0,88,0,14,134,1,149,43,0,43,192
09/05/2015,DPA,IL,AGL,CE,Towers with Radar,0,13,26,0,39,0,3,72,0,75,0,16,98,0,114,110,0,110,224
09/06/2015,DPA,IL,AGL,CE,Towers with Radar,0,2,35,0,37,0,2,79,0,81,0,4,114,0,118,106,0,106,224
09/07/2015,DPA,IL,AGL,CE,Towers with Radar,0,5,54,0,59,0,1,88,0,89,0,6,142,0,148,88,0,88,236
09/08/2015,DPA,IL,AGL,CE,Towers with Radar,0,11,39,0,50,0,0,33,0,33,0,11,72,0,83,52,0,52,135
09/09/2015,DPA,IL,AGL,CE,Towers with Radar,0,14,45,0,59,0,1,112,2,115,0,15,157,2,174,138,0,138,312
09/10/2015,DPA,IL,AGL,CE,Towers with Radar,0,18,54,1,73,0,0,65,1,66,0,18,119,2,139,138,2,140,279
09/11/2015,DPA,IL,AGL,CE,Towers with Radar,0,14,57,0,71,0,0,56,0,56,0,14,113,0,127,40,0,40,167
09/12/2015,DPA,IL,AGL,CE,Towers with Radar,0,17,25,0,42,0,6,100,0,106,0,23,125,0,148,104,0,104,252
09/13/2015,DPA,IL,AGL,CE,Towers with Radar,0,3,38,0,41,0,0,129,0,129,0,3,167,0,170,135,0,135,305
09/14/2015,DPA,IL,AGL,CE,Towers with Radar,0,14,44,0,58,0,3,82,2,87,0,17,126,2,145,53,2,55,200
09/15/2015,DPA,IL,AGL,CE,Towers with Radar,0,12,46,3,61,0,1,92,1,94,0,13,138,4,155,119,0,119,274
09/16/2015,DPA,IL,AGL,CE,Towers with Radar,0,11,50,2,63,0,1,105,2,108,0,12,155,4,171,98,0,98,269
09/17/2015,DPA,IL,AGL,CE,Towers with Radar,0,24,77,1,102,0,0,66,1,67,0,24,143,2,169,82,0,82,251
09/18/2015,DPA,IL,AGL,CE,Towers with Radar,0,17,69,0,86,0,1,23,0,24,0,18,92,0,110,112,0,112,222
09/19/2015,DPA,IL,AGL,CE,Towers with Radar,0,18,41,0,59,0,0,71,0,71,0,18,112,0,130,101,0,101,231
09/20/2015,DPA,IL,AGL,CE,Towers with Radar,0,12,42,0,54,0,0,173,0,173,0,12,215,0,227,129,0,129,356
09/21/2015,DPA,IL,AGL,CE,Towers with Radar,0,7,55,0,62,0,0,120,4,124,0,7,175,4,186,95,0,95,281
09/22/2015,DPA,IL,AGL,CE,Towers with Radar,0,22,47,0,69,0,0,92,1,93,0,22,139,1,162,59,0,59,221
09/23/2015,DPA,IL,AGL,CE,Towers with Radar,0,13,42,1,56,0,0,123,1,124,0,13,165,2,180,107,0,107,287
09/24/2015,DPA,IL,AGL,CE,Towers with Radar,0,13,61,2,76,0,1,93,3,97,0,14,154,5,173,162,0,162,335
09/25/2015,DPA,IL,AGL,CE,Towers with Radar,0,16,59,2,77,0,0,112,4,116,0,16,171,6,193,92,0,92,285
09/26/2015,DPA,IL,AGL,CE,Towers with Radar,0,10,37,0,47,0,0,117,1,118,0,10,154,1,165,72,0,72,237
09/27/2015,DPA,IL,AGL,CE,Towers with Radar,0,10,46,0,56,0,0,69,0,69,0,10,115,0,125,119,0,119,244
09/28/2015,DPA,IL,AGL,CE,Towers with Radar,0,4,66,0,70,0,0,70,1,71,0,4,136,1,141,81,0,81,222
09/29/2015,DPA,IL,AGL,CE,Towers with Radar,0,13,53,0,66,0,1,22,0,23,0,14,75,0,89,36,0,36,125
09/30/2015,DPA,IL,AGL,CE,Towers with Radar,0,12,62,1,75,0,0,71,1,72,0,12,133,2,147,20,0,20,167
10/01/2015,DPA,IL,AGL,CE,Towers with Radar,0,18,54,0,72,0,1,60,0,61,0,19,114,0,133,19,0,19,152
10/02/2015,DPA,IL,AGL,CE,Towers with Radar,0,22,52,0,74,0,0,52,0,52,0,22,104,0,126,32,0,32,158
10/03/2015,DPA,IL,AGL,CE,Towers with Radar,0,12,25,0,37,0,0,41,0,41,0,12,66,0,78,76,0,76,154
10/04/2015,DPA,IL,AGL,CE,Towers with Radar,0,8,44,0,52,0,0,14,0,14,0,8,58,0,66,62,0,62,128
10/05/2015,DPA,IL,AGL,CE,Towers with Radar,0,9,50,0,59,0,0,6,0,6,0,9,56,0,65,12,0,12,77
10/06/2015,DPA,IL,AGL,CE,Towers with Radar,0,14,53,1,68,0,0,77,0,77,0,14,130,1,145,160,0,160,305
10/07/2015,DPA,IL,AGL,CE,Towers with Radar,0,17,48,1,66,0,0,111,3,114,0,17,159,4,180,86,0,86,266
10/08/2015,DPA,IL,AGL,CE,Towers with Radar,0,16,64,3,83,0,0,77,4,81,0,16,141,7,164,114,0,114,278
10/09/2015,DPA,IL,AGL,CE,Towers with Radar,0,16,64,0,80,0,2,78,1,81,0,18,142,1,161,142,0,142,303
10/10/2015,DPA,IL,AGL,CE,Towers with Radar,0,17,42,0,59,0,0,129,0,129,0,17,171,0,188,124,0,124,312
10/11/2015,DPA,IL,AGL,CE,Towers with Radar,0,4,40,1,45,0,3,96,2,101,0,7,136,3,146,128,0,128,274
10/12/2015,DPA,IL,AGL,CE,Towers with Radar,0,9,49,0,58,0,1,44,0,45,0,10,93,0,103,72,0,72,175
10/13/2015,DPA,IL,AGL,CE,Towers with Radar,0,12,57,0,69,0,0,67,1,68,0,12,124,1,137,95,0,95,232
10/14/2015,DPA,IL,AGL,CE,Towers with Radar,0,16,56,0,72,0,1,96,0,97,0,17,152,0,169,98,0,98,267
10/15/2015,DPA,IL,AGL,CE,Towers with Radar,0,11,50,0,61,0,0,68,1,69,0,11,118,1,130,77,0,77,207
10/16/2015,DPA,IL,AGL,CE,Towers with Radar,1,15,61,0,77,1,0,105,0,106,2,15,166,0,183,91,0,91,274
10/17/2015,DPA,IL,AGL,CE,Towers with Radar,0,11,27,0,38,0,3,122,0,125,0,14,149,0,163,86,0,86,249
10/18/2015,DPA,IL,AGL,CE,Towers with Radar,0,2,54,0,56,0,1,122,0,123,0,3,176,0,179,172,0,172,351
10/19/2015,DPA,IL,AGL,CE,Towers with Radar,0,8,40,2,50,0,1,22,1,24,0,9,62,3,74,23,0,23,97
10/20/2015,DPA,IL,AGL,CE,Towers with Radar,0,11,69,1,81,1,0,76,0,77,1,11,145,1,158,168,0,168,326
10/21/2015,DPA,IL,AGL,CE,Towers with Radar,1,14,67,1,83,0,0,72,1,73,1,14,139,2,156,96,0,96,252
10/22/2015,DPA,IL,AGL,CE,Towers with Radar,0,24,64,1,89,0,0,99,4,103,0,24,163,5,192,181,10,191,383
10/23/2015,DPA,IL,AGL,CE,Towers with Radar,0,12,59,0,71,0,0,53,0,53,0,12,112,0,124,74,0,74,198
10/24/2015,DPA,IL,AGL,CE,Towers with Radar,0,16,46,0,62,0,0,9,0,9,0,16,55,0,71,18,0,18,89
10/25/2015,DPA,IL,AGL,CE,Towers with Radar,0,16,46,0,62,0,1,133,0,134,0,17,179,0,196,161,0,161,357
10/26/2015,DPA,IL,AGL,CE,Towers with Radar,0,7,37,2,46,0,1,111,1,113,0,8,148,3,159,68,0,68,227
10/27/2015,DPA,IL,AGL,CE,Towers with Radar,0,26,62,0,88,0,1,22,0,23,0,27,84,0,111,14,0,14,125
10/28/2015,DPA,IL,AGL,CE,Towers with Radar,0,21,58,0,79,0,0,1,0,1,0,21,59,0,80,30,0,30,110
10/29/2015,DPA,IL,AGL,CE,Towers with Radar,0,16,54,0,70,0,0,36,0,36,0,16,90,0,106,48,2,50,156
10/30/2015,DPA,IL,AGL,CE,Towers with Radar,0,13,48,0,61,0,0,121,3,124,0,13,169,3,185,108,0,108,293
10/31/2015,DPA,IL,AGL,CE,Towers with Radar,0,17,28,0,45,0,0,5,0,5,0,17,33,0,50,6,0,6,56
11/01/2015,DPA,IL,AGL,CE,Towers with Radar,0,10,29,0,39,0,0,150,0,150,0,10,179,0,189,153,0,153,342
11/02/2015,DPA,IL,AGL,CE,Towers with Radar,0,13,45,3,61,0,0,66,2,68,0,13,111,5,129,76,0,76,205
11/03/2015,DPA,IL,AGL,CE,Towers with Radar,0,10,37,0,47,0,0,57,1,58,0,10,94,1,105,136,0,136,241
11/04/2015,DPA,IL,AGL,CE,Towers with Radar,0,11,67,0,78,0,0,52,0,52,0,11,119,0,130,74,0,74,204
11/05/2015,DPA,IL,AGL,CE,Towers with Radar,0,16,57,0,73,0,1,67,1,69,0,17,124,1,142,75,0,75,217
11/06/2015,DPA,IL,AGL,CE,Towers with Radar,0,18,50,0,68,0,1,61,0,62,0,19,111,0,130,70,0,70,200
11/07/2015,DPA,IL,AGL,CE,Towers with Radar,0,19,25,0,44,0,0,97,0,97,0,19,122,0,141,92,0,92,233
11/08/2015,DPA,IL,AGL,CE,Towers with Radar,0,8,50,0,58,0,1,128,0,129,0,9,178,0,187,171,0,171,358
11/09/2015,DPA,IL,AGL,CE,Towers with Radar,0,14,48,0,62,0,1,112,3,116,0,15,160,3,178,141,0,141,319
11/10/2015,DPA,IL,AGL,CE,Towers with Radar,0,12,36,2,50,0,1,94,1,96,0,13,130,3,146,110,0,110,256
11/11/2015,DPA,IL,AGL,CE,Towers with Radar,0,12,48,0,60,0,1,54,0,55,0,13,102,0,115,82,0,82,197
11/12/2015,DPA,IL,AGL,CE,Towers with Radar,0,17,45,0,62,0,0,4,0,4,0,17,49,0,66,0,0,0,66
11/13/2015,DPA,IL,AGL,CE,Towers with Radar,0,21,43,0,64,0,1,18,0,19,0,22,61,0,83,28,0,28,111
11/14/2015,DPA,IL,AGL,CE,Towers with Radar,0,16,51,0,67,0,0,124,0,124,0,16,175,0,191,102,0,102,293
11/15/2015,DPA,IL,AGL,CE,Towers with Radar,0,11,42,2,55,0,0,122,6,128,0,11,164,8,183,181,0,181,364
11/16/2015,DPA,IL,AGL,CE,Towers with Radar,0,9,59,3,71,0,0,75,0,75,0,9,134,3,146,132,0,132,278
11/17/2015,DPA,IL,AGL,CE,Towers with Radar,0,17,57,0,74,0,0,4,0,4,0,17,61,0,78,0,0,0,78
11/18/2015,DPA,IL,AGL,CE,Towers with Radar,0,16,44,1,61,0,0,8,0,8,0,16,52,1,69,0,0,0,69
11/19/2015,DPA,IL,AGL,CE,Towers with Radar,0,13,53,1,67,0,0,35,1,36,0,13,88,2,103,0,0,0,103
11/20/2015,DPA,IL,AGL,CE,Towers with Radar,0,15,58,1,74,0,0,95,1,96,0,15,153,2,170,98,0,98,268
11/21/2015,DPA,IL,AGL,CE,Towers with Radar,0,17,18,0,35,0,0,3,0,3,0,17,21,0,38,0,0,0,38
11/22/2015,DPA,IL,AGL,CE,Towers with Radar,0,11,38,0,49,0,0,68,0,68,0,11,106,0,117,0,0,0,117
11/23/2015,DPA,IL,AGL,CE,Towers with Radar,0,13,45,0,58,0,0,94,2,96,0,13,139,2,154,156,0,156,310
11/24/2015,DPA,IL,AGL,CE,Towers with Radar,0,27,67,1,95,0,1,109,3,113,0,28,176,4,208,62,0,62,270
11/25/2015,DPA,IL,AGL,CE,Towers with Radar,0,13,52,0,65,0,0,78,0,78,0,13,130,0,143,107,0,107,250
11/26/2015,DPA,IL,AGL,CE,Towers with Radar,0,10,9,0,19,0,0,3,0,3,0,10,12,0,22,0,0,0,22
11/27/2015,DPA,IL,AGL,CE,Towers with Radar,0,6,16,0,22,0,0,4,0,4,0,6,20,0,26,0,0,0,26
11/28/2015,DPA,IL,AGL,CE,Towers with Radar,0,19,29,0,48,0,0,74,0,74,0,19,103,0,122,131,0,131,253
11/29/2015,DPA,IL,AGL,CE,Towers with Radar,0,13,59,0,72,0,0,123,0,123,0,13,182,0,195,170,0,170,365
11/30/2015,DPA,IL,AGL,CE,Towers with Radar,0,11,38,0,49,0,0,44,0,44,0,11,82,0,93,70,0,70,163
12/01/2015,DPA,IL,AGL,CE,Towers with Radar,0,20,35,2,57,0,0,34,1,35,0,20,69,3,92,125,0,125,217
12/02/2015,DPA,IL,AGL,CE,Towers with Radar,0,21,41,1,63,0,0,8,0,8,0,21,49,1,71,16,0,16,87
12/03/2015,DPA,IL,AGL,CE,Towers with Radar,0,14,47,1,62,0,0,7,0,7,0,14,54,1,69,0,0,0,69
12/04/2015,DPA,IL,AGL,CE,Towers with Radar,0,19,51,1,71,0,0,84,2,86,0,19,135,3,157,0,0,0,157
12/05/2015,DPA,IL,AGL,CE,Towers with Radar,0,15,40,0,55,1,1,64,0,66,1,16,104,0,121,66,0,66,187
12/06/2015,DPA,IL,AGL,CE,Towers with Radar,0,4,31,0,35,0,0,90,0,90,0,4,121,0,125,166,0,166,291
12/07/2015,DPA,IL,AGL,CE,Towers with Radar,0,9,38,0,47,0,0,0,0,0,0,9,38,0,47,0,0,0,47
12/08/2015,DPA,IL,AGL,CE,Towers with Radar,0,15,62,2,79,0,0,24,0,24,0,15,86,2,103,70,0,70,173
12/09/2015,DPA,IL,AGL,CE,Towers with Radar,0,12,44,0,56,0,0,98,3,101,0,12,142,3,157,196,0,196,353
12/10/2015,DPA,IL,AGL,CE,Towers with Radar,0,23,57,0,80,0,1,50,0,51,0,24,107,0,131,46,0,46,177
12/11/2015,DPA,IL,AGL,CE,Towers with Radar,1,25,59,2,87,0,0,97,1,98,1,25,156,3,185,136,0,136,321
12/12/2015,DPA,IL,AGL,CE,Towers with Radar,0,22,19,0,41,0,0,0,0,0,0,22,19,0,41,10,0,10,51
12/13/2015,DPA,IL,AGL,CE,Towers with Radar,0,7,35,0,42,0,0,0,0,0,0,7,35,0,42,20,0,20,62
12/14/2015,DPA,IL,AGL,CE,Towers with Radar,0,5,44,0,49,0,0,13,0,13,0,5,57,0,62,60,0,60,122
12/15/2015,DPA,IL,AGL,CE,Towers with Radar,0,13,62,0,75,0,0,31,0,31,0,13,93,0,106,54,0,54,160
12/16/2015,DPA,IL,AGL,CE,Towers with Radar,0,16,68,0,84,0,0,15,0,15,0,16,83,0,99,50,0,50,149
12/17/2015,DPA,IL,AGL,CE,Towers with Radar,0,12,55,0,67,0,0,84,0,84,0,12,139,0,151,46,0,46,197
12/18/2015,DPA,IL,AGL,CE,Towers with Radar,0,19,36,0,55,0,0,60,1,61,0,19,96,1,116,11,0,11,127
12/19/2015,DPA,IL,AGL,CE,Towers with Radar,0,10,41,1,52,0,0,116,1,117,0,10,157,2,169,108,0,108,277
12/20/2015,DPA,IL,AGL,CE,Towers with Radar,0,4,29,0,33,0,0,48,0,48,0,4,77,0,81,79,0,79,160
12/21/2015,DPA,IL,AGL,CE,Towers with Radar,0,7,31,0,38,0,0,0,0,0,0,7,31,0,38,6,0,6,44
12/22/2015,DPA,IL,AGL,CE,Towers with Radar,1,18,54,0,73,0,0,4,0,4,1,18,58,0,77,0,0,0,77
12/23/2015,DPA,IL,AGL,CE,Towers with Radar,0,14,22,0,36,0,0,13,0,13,0,14,35,0,49,8,0,8,57
12/24/2015,DPA,IL,AGL,CE,Towers with Radar,0,9,14,0,23,0,2,55,0,57,0,11,69,0,80,14,0,14,94
12/25/2015,DPA,IL,AGL,CE,Towers with Radar,0,15,9,0,24,0,0,21,0,21,0,15,30,0,45,68,0,68,113
12/26/2015,DPA,IL,AGL,CE,Towers with Radar,1,21,55,0,77,0,0,4,0,4,1,21,59,0,81,24,0,24,105
12/27/2015,DPA,IL,AGL,CE,Towers with Radar,0,9,34,0,43,0,0,16,0,16,0,9,50,0,59,77,0,77,136
12/28/2015,DPA,IL,AGL,CE,Towers with Radar,0,3,13,0,16,0,0,0,0,0,0,3,13,0,16,0,0,0,16
12/29/2015,DPA,IL,AGL,CE,Towers with Radar,0,19,34,0,53,0,2,14,0,16,0,21,48,0,69,54,0,54,123
12/30/2015,DPA,IL,AGL,CE,Towers with Radar,0,15,28,0,43,0,1,13,0,14,0,16,41,0,57,4,0,4,61
12/31/2015,DPA,IL,AGL,CE,Towers with Radar,0,12,21,0,33,0,0,47,0,47,0,12,68,0,80,54,0,54,134
01/01/2016,DPA,IL,AGL,CE,Towers with Radar,0,11,12,0,23,0,0,4,0,4,0,11,16,0,27,2,0,2,29
01/02/2016,DPA,IL,AGL,CE,Towers with Radar,0,14,43,0,57,0,0,95,0,95,0,14,138,0,152,184,0,184,336
01/03/2016,DPA,IL,AGL,CE,Towers with Radar,0,6,42,0,48,0,1,42,0,43,0,7,84,0,91,219,0,219,310
01/04/2016,DPA,IL,AGL,CE,Towers with Radar,0,10,34,0,44,0,0,54,0,54,0,10,88,0,98,65,0,65,163
01/05/2016,DPA,IL,AGL,CE,Towers with Radar,0,8,41,0,49,0,0,75,0,75,0,8,116,0,124,112,0,112,236
01/06/2016,DPA,IL,AGL,CE,Towers with Radar,0,14,56,2,72,0,2,102,2,106,0,16,158,4,178,97,0,97,275
01/07/2016,DPA,IL,AGL,CE,Towers with Radar,0,14,33,0,47,0,1,31,0,32,0,15,64,0,79,47,10,57,136
01/08/2016,DPA,IL,AGL,CE,Towers with Radar,0,9,21,0,30,0,0,0,0,0,0,9,21,0,30,0,0,0,30
01/09/2016,DPA,IL,AGL,CE,Towers with Radar,0,14,13,0,27,0,0,0,0,0,0,14,13,0,27,0,0,0,27
01/10/2016,DPA,IL,AGL,CE,Towers with Radar,0,2,21,0,23,0,0,47,0,47,0,2,68,0,70,95,0,95,165
01/11/2016,DPA,IL,AGL,CE,Towers with Radar,0,9,32,0,41,0,0,17,1,18,0,9,49,1,59,63,0,63,122
01/12/2016,DPA,IL,AGL,CE,Towers with Radar,0,15,36,0,51,0,0,50,0,50,0,15,86,0,101,14,0,14,115
01/13/2016,DPA,IL,AGL,CE,Towers with Radar,0,8,41,0,49,0,0,32,0,32,0,8,73,0,81,78,0,78,159
01/14/2016,DPA,IL,AGL,CE,Towers with Radar,0,11,46,1,58,0,0,103,0,103,0,11,149,1,161,153,5,158,319
01/15/2016,DPA,IL,AGL,CE,Towers with Radar,0,14,53,1,68,0,0,5,0,5,0,14,58,1,73,2,0,2,75
01/16/2016,DPA,IL,AGL,CE,Towers with Radar,0,9,37,0,46,0,0,78,0,78,0,9,115,0,124,132,0,132,256
01/17/2016,DPA,IL,AGL,CE,Towers with Radar,0,6,31,0,37,0,0,44,1,45,0,6,75,1,82,25,0,25,107
01/18/2016,DPA,IL,AGL,CE,Towers with Radar,0,10,35,0,45,0,0,52,1,53,0,10,87,1,98,50,0,50,148
01/19/2016,DPA,IL,AGL,CE,Towers with Radar,0,21,42,1,64,0,1,75,1,77,0,22,117,2,141,178,0,178,319
01/20/2016,DPA,IL,AGL,CE,Towers with Radar,0,19,29,0,48,0,1,34,1,36,0,20,63,1,84,84,0,84,168
01/21/2016,DPA,IL,AGL,CE,Towers with Radar,0,13,58,1,72,0,0,83,2,85,0,13,141,3,157,98,2,100,257
01/22/2016,DPA,IL,AGL,CE,Towers with Radar,0,15,27,0,42,0,0,27,0,27,0,15,54,0,69,104,0,104,173
01/23/2016,DPA,IL,AGL,CE,Towers with Radar,0,8,29,0,37,0,0,122,0,122,0,8,151,0,159,0,0,0,159
01/24/2016,DPA,IL,AGL,CE,Towers with Radar,0,3,21,0,24,0,0,31,0,31,0,3,52,0,55,192,0,192,247
01/25/2016,DPA,IL,AGL,CE,Towers with Radar,0,13,41,0,54,0,1,31,0,32,0,14,72,0,86,36,0,36,122
01/26/2016,DPA,IL,AGL,CE,Towers with Radar,0,15,35,0,50,0,0,29,0,29,0,15,64,0,79,50,0,50,129
01/27/2016,DPA,IL,AGL,CE,Towers with Radar,0,9,51,0,60,0,0,85,0,85,0,9,136,0,145,80,0,80,225
01/28/2016,DPA,IL,AGL,CE,Towers with Radar,0,14,45,1,60,0,0,50,1,51,0,14,95,2,111,80,5,85,196
01/29/2016,DPA,IL,AGL,CE,Towers with Radar,0,13,43,0,56,0,0,98,2,100,0,13,141,2,156,184,0,184,340
01/30/2016,DPA,IL,AGL,CE,Towers with Radar,0,13,31,0,44,0,1,115,0,116,0,14,146,0,160,179,0,179,339
01/31/2016,DPA,IL,AGL,CE,Towers with Radar,0,4,41,0,45,0,0,0,0,0,0,4,41,0,45,0,0,0,45
02/01/2016,DPA,IL,AGL,CE,Towers with Radar,0,0,47,0,47,0,0,82,0,82,0,0,129,0,129,232,0,232,361
02/02/2016,DPA,IL,AGL,CE,Towers with Radar,0,11,24,1,36,0,0,11,0,11,0,11,35,1,47,2,0,2,49
02/03/2016,DPA,IL,AGL,CE,Towers with Radar,0,6,30,0,36,0,0,8,0,8,0,6,38,0,44,21,0,21,65
02/04/2016,DPA,IL,AGL,CE,Towers with Radar,0,10,50,0,60,0,0,102,3,105,0,10,152,3,165,76,0,76,241
02/05/2016,DPA,IL,AGL,CE,Towers with Radar,0,12,46,1,59,0,0,66,1,67,0,12,112,2,126,120,0,120,246
02/06/2016,DPA,IL,AGL,CE,Towers with Radar,0,17,26,0,43,0,0,111,0,111,0,17,137,0,154,185,0,185,339
02/07/2016,DPA,IL,AGL,CE,Towers with Radar,0,6,29,0,35,0,1,90,0,91,0,7,119,0,126,130,0,130,256
02/08/2016,DPA,IL,AGL,CE,Towers with Radar,0,14,46,0,60,0,0,17,0,17,0,14,63,0,77,79,0,79,156
02/09/2016,DPA,IL,AGL,CE,Towers with Radar,0,13,32,0,45,0,0,27,0,27,0,13,59,0,72,187,0,187,259
02/10/2016,DPA,IL,AGL,CE,Towers with Radar,0,13,51,0,64,0,0,58,3,61,0,13,109,3,125,114,0,114,239
02/11/2016,DPA,IL,AGL,CE,Towers with Radar,0,20,56,4,80,0,0,83,2,85,0,20,139,6,165,129,2,131,296
02/12/2016,DPA,IL,AGL,CE,Towers with Radar,0,17,35,0,52,0,0,46,0,46,0,17,81,0,98,90,0,90,188
02/13/2016,DPA,IL,AGL,CE,Towers with Radar,0,10,21,0,31,0,1,71,0,72,0,11,92,0,103,144,0,144,247
02/14/2016,DPA,IL,AGL,CE,Towers with Radar,0,5,15,0,20,0,0,10,0,10,0,5,25,0,30,30,0,30,60
02/15/2016,DPA,IL,AGL,CE,Towers with Radar,0,17,43,0,60,0,0,0,0,0,0,17,43,0,60,0,0,0,60
02/16/2016,DPA,IL,AGL,CE,Towers with Radar,0,14,41,0,55,0,0,15,0,15,0,14,56,0,70,43,0,43,113
02/17/2016,DPA,IL,AGL,CE,Towers with Radar,0,17,56,1,74,0,0,83,4,87,0,17,139,5,161,76,0,76,237
02/18/2016,DPA,IL,AGL,CE,Towers with Radar,0,13,56,4,73,0,0,66,4,70,0,13,122,8,143,92,0,92,235
02/19/2016,DPA,IL,AGL,CE,Towers with Radar,0,16,27,1,44,0,0,10,1,11,0,16,37,2,55,2,0,2,57
02/20/2016,DPA,IL,AGL,CE,Towers with Radar,0,9,30,0,39,0,2,167,0,169,0,11,197,0,208,227,0,227,435
02/21/2016,DPA,IL,AGL,CE,Towers with Radar,0,4,24,0,28,0,0,53,0,53,0,4,77,0,81,300,0,300,381
02/22/2016,DPA,IL,AGL,CE,Towers with Radar,0,3,51,1,55,0,0,85,0,85,0,3,136,1,140,118,0,118,258
02/23/2016,DPA,IL,AGL,CE,Towers with Radar,0,10,41,3,54,0,0,113,3,116,0,10,154,6,170,248,0,248,418
02/24/2016,DPA,IL,AGL,CE,Towers with Radar,0,28,39,0,67,0,0,5,0,5,0,28,44,0,72,6,0,6,78
02/25/2016,DPA,IL,AGL,CE,Towers with Radar,0,17,58,0,75,0,0,60,1,61,0,17,118,1,136,104,0,104,240
02/26/2016,DPA,IL,AGL,CE,Towers with Radar,0,17,57,0,74,0,0,72,1,73,0,17,129,1,147,114,0,114,261
02/27/2016,DPA,IL,AGL,CE,Towers with Radar,0,9,33,2,44,0,0,120,0,120,0,9,153,2,164,158,0,158,322
02/28/2016,DPA,IL,AGL,CE,Towers with Radar,0,8,26,0,34,0,0,35,0,35,0,8,61,0,69,134,0,134,203
02/29/2016,DPA,IL,AGL,CE,Towers with Radar,0,9,33,0,42,0,0,61,0,61,0,9,94,0,103,85,0,85,188
03/01/2016,DPA,IL,AGL,CE,Towers with Radar,0,16,39,0,55,0,0,9,0,9,0,16,48,0,64,0,0,0,64
03/02/2016,DPA,IL,AGL,CE,Towers with Radar,0,15,70,1,86,0,0,98,1,99,0,15,168,2,185,240,0,240,425
03/03/2016,DPA,IL,AGL,CE,Towers with Radar,0,12,36,0,48,0,0,3,0,3,0,12,39,0,51,28,0,28,79
03/04/2016,DPA,IL,AGL,CE,Towers with Radar,0,12,46,0,58,0,0,113,1,114,0,12,159,1,172,136,0,136,308
03/05/2016,DPA,IL,AGL,CE,Towers with Radar,0,16,30,0,46,0,0,7,0,7,0,16,37,0,53,144,0,144,197
03/06/2016,DPA,IL,AGL,CE,Towers with Radar,0,8,34,0,42,0,0,91,0,91,0,8,125,0,133,204,0,204,337
03/07/2016,DPA,IL,AGL,CE,Towers with Radar,0,9,53,1,63,0,0,59,0,59,0,9,112,1,122,96,0,96,218
03/08/2016,DPA,IL,AGL,CE,Towers with Radar,0,17,29,0,46,0,0,74,0,74,0,17,103,0,120,112,0,112,232
03/09/2016,DPA,IL,AGL,CE,Towers with Radar,0,23,72,0,95,0,0,29,0,29,0,23,101,0,124,156,0,156,280
03/10/2016,DPA,IL,AGL,CE,Towers with Radar,0,17,40,1,58,0,0,86,0,86,0,17,126,1,144,184,10,194,338
03/11/2016,DPA,IL,AGL,CE,Towers with Radar,0,9,52,0,61,0,0,151,0,151,0,9,203,0,212,200,0,200,412
03/12/2016,DPA,IL,AGL,CE,Towers with Radar,0,10,46,0,56,0,0,67,0,67,0,10,113,0,123,254,0,254,377
03/13/2016,DPA,IL,AGL,CE,Towers with Radar,0,8,25,0,33,0,0,0,0,0,0,8,25,0,33,0,0,0,33
03/14/2016,DPA,IL,AGL,CE,Towers with Radar,0,9,54,0,63,0,0,12,0,12,0,9,66,0,75,26,0,26,101
03/15/2016,DPA,IL,AGL,CE,Towers with Radar,0,18,34,0,52,0,0,16,1,17,0,18,50,1,69,88,0,88,157
03/16/2016,DPA,IL,AGL,CE,Towers with Radar,0,10,48,0,58,0,0,4,0,4,0,10,52,0,62,0,0,0,62
03/17/2016,DPA,IL,AGL,CE,Towers with Radar,0,12,38,1,51,0,0,42,0,42,0,12,80,1,93,90,0,90,183
03/18/2016,DPA,IL,AGL,CE,Towers with Radar,0,16,41,0,57,0,0,99,0,99,0,16,140,0,156,308,0,308,464
03/19/2016,DPA,IL,AGL,CE,Towers with Radar,0,14,30,0,44,0,0,82,0,82,0,14,112,0,126,261,0,261,387
03/20/2016,DPA,IL,AGL,CE,Towers with Radar,0,4,36,0,40,0,0,117,0,117,0,4,153,0,157,244,0,244,401
03/21/2016,DPA,IL,AGL,CE,Towers with Radar,0,11,52,0,63,0,0,107,0,107,0,11,159,0,170,142,0,142,312
03/22/2016,DPA,IL,AGL,CE,Towers with Radar,0,18,45,0,63,1,1,74,0,76,1,19,119,0,139,163,0,163,302
03/23/2016,DPA,IL,AGL,CE,Towers with Radar,0,21,54,0,75,0,0,7,0,7,0,21,61,0,82,37,0,37,119
03/24/2016,DPA,IL,AGL,CE,Towers with Radar,2,15,40,0,57,0,0,0,0,0,2,15,40,0,57,0,0,0,57
03/25/2016,DPA,IL,AGL,CE,Towers with Radar,0,25,34,0,59,0,1,177,2,180,0,26,211,2,239,255,0,255,494
03/26/2016,DPA,IL,AGL,CE,Towers with Radar,0,13,38,0,51,0,1,126,0,127,0,14,164,0,178,228,0,228,406
03/27/2016,DPA,IL,AGL,CE,Towers with Radar,0,5,23,0,28,0,0,31,0,31,0,5,54,0,59,106,0,106,165
03/28/2016,DPA,IL,AGL,CE,Towers with Radar,0,6,48,1,55,0,0,68,0,68,0,6,116,1,123,260,0,260,383
03/29/2016,DPA,IL,AGL,CE,Towers with Radar,0,11,36,0,47,0,1,143,0,144,0,12,179,0,191,206,0,206,397
03/30/2016,DPA,IL,AGL,CE,Towers with Radar,0,7,42,4,53,0,0,45,1,46,0,7,87,5,99,62,0,62,161
03/31/2016,DPA,IL,AGL,CE,Towers with Radar,0,12,19,1,32,0,0,6,0,6,0,12,25,1,38,12,0,12,50
04/01/2016,DPA,IL,AGL,CE,Towers with Radar,0,11,43,1,55,0,0,41,0,41,0,11,84,1,96,167,0,167,263
04/02/2016,DPA,IL,AGL,CE,Towers with Radar,0,17,19,0,36,0,0,3,0,3,0,17,22,0,39,6,0,6,45
04/03/2016,DPA,IL,AGL,CE,Towers with Radar,0,17,46,0,63,0,0,69,0,69,0,17,115,0,132,58,0,58,190
04/04/2016,DPA,IL,AGL,CE,Towers with Radar,0,10,38,0,48,0,0,64,1,65,0,10,102,1,113,148,0,148,261
04/05/2016,DPA,IL,AGL,CE,Towers with Radar,0,17,36,0,53,0,2,108,0,110,0,19,144,0,163,130,0,130,293
04/06/2016,DPA,IL,AGL,CE,Towers with Radar,0,14,39,0,53,0,0,0,0,0,0,14,39,0,53,18,0,18,71
04/07/2016,DPA,IL,AGL,CE,Towers with Radar,0,15,48,0,63,0,0,19,0,19,0,15,67,0,82,51,0,51,133
04/08/2016,DPA,IL,AGL,CE,Towers with Radar,0,18,30,0,48,0,0,8,0,8,0,18,38,0,56,26,0,26,82
04/09/2016,DPA,IL,AGL,CE,Towers with Radar,0,12,28,0,40,0,0,137,0,137,0,12,165,0,177,260,0,260,437
04/10/2016,DPA,IL,AGL,CE,Towers with Radar,0,5,34,0,39,0,0,9,0,9,0,5,43,0,48,49,0,49,97
04/11/2016,DPA,IL,AGL,CE,Towers with Radar,0,10,56,0,66,0,3,84,0,87,0,13,140,0,153,104,0,104,257
04/12/2016,DPA,IL,AGL,CE,Towers with Radar,0,14,40,0,54,0,2,112,1,115,0,16,152,1,169,192,0,192,361
04/13/2016,DPA,IL,AGL,CE,Towers with Radar,0,22,39,0,61,0,1,130,2,133,0,23,169,2,194,202,0,202,396
04/14/2016,DPA,IL,AGL,CE,Towers with Radar,0,19,47,0,66,0,2,135,2,139,0,21,182,2,205,130,0,130,335
04/15/2016,DPA,IL,AGL,CE,Towers with Radar,0,11,40,0,51,0,0,124,2,126,0,11,164,2,177,176,0,176,353
04/16/2016,DPA,IL,AGL,CE,Towers with Radar,0,12,27,0,39,0,0,204,0,204,0,12,231,0,243,183,0,183,426
04/17/2016,DPA,IL,AGL,CE,Towers with Radar,0,3,27,0,30,0,0,145,0,145,0,3,172,0,175,180,0,180,355
04/18/2016,DPA,IL,AGL,CE,Towers with Radar,0,18,54,0,72,0,1,132,2,135,0,19,186,2,207,239,0,239,446
04/19/2016,DPA,IL,AGL,CE,Towers with Radar,0,12,49,0,61,0,0,94,2,96,0,12,143,2,157,100,0,100,257
04/20/2016,DPA,IL,AGL,CE,Towers with Radar,0,17,45,0,62,0,0,79,2,81,0,17,124,2,143,92,0,92,235
04/21/2016,DPA,IL,AGL,CE,Towers with Radar,0,12,45,0,57,0,0,39,0,39,0,12,84,0,96,128,0,128,224
04/22/2016,DPA,IL,AGL,CE,Towers with Radar,0,9,46,1,56,0,3,72,0,75,0,12,118,1,131,198,0,198,329
04/23/2016,DPA,IL,AGL,CE,Towers with Radar,0,10,34,0,44,0,0,162,0,162,0,10,196,0,206,224,0,224,430
04/24/2016,DPA,IL,AGL,CE,Towers with Radar,0,4,24,0,28,0,0,99,0,99,0,4,123,0,127,178,0,178,305
04/25/2016,DPA,IL,AGL,CE,Towers with Radar,0,12,60,1,73,0,1,75,1,77,0,13,135,2,150,76,0,76,226
04/26/2016,DPA,IL,AGL,CE,Towers with Radar,0,22,64,0,86,0,0,29,0,29,0,22,93,0,115,138,0,138,253
04/27/2016,DPA,IL,AGL,CE,Towers with Radar,0,17,40,0,57,0,2,12,0,14,0,19,52,0,71,54,0,54,125
04/28/2016,DPA,IL,AGL,CE,Towers with Radar,0,19,62,0,81,0,0,5,0,5,0,19,67,0,86,36,0,36,122
04/29/2016,DPA,IL,AGL,CE,Towers with Radar,0,16,77,0,93,0,0,45,0,45,0,16,122,0,138,209,0,209,347
04/30/2016,DPA,IL,AGL,CE,Towers with Radar,0,19,18,0,37,0,1,10,0,11,0,20,28,0,48,86,0,86,134
05/01/2016,DPA,IL,AGL,CE,Towers with Radar,0,8,41,0,49,0,0,0,0,0,0,8,41,0,49,19,0,19,68
05/02/2016,DPA,IL,AGL,CE,Towers with Radar,0,12,58,0,70,0,0,132,1,133,0,12,190,1,203,152,0,152,355
05/03/2016,DPA,IL,AGL,CE,Towers with Radar,0,26,39,0,65,0,1,139,0,140,0,27,178,0,205,198,0,198,403
05/04/2016,DPA,IL,AGL,CE,Towers with Radar,0,15,40,1,56,0,0,33,0,33,0,15,73,1,89,105,3,108,197
05/05/2016,DPA,IL,AGL,CE,Towers with Radar,0,15,56,0,71,0,0,123,0,123,0,15,179,0,194,295,0,295,489
05/06/2016,DPA,IL,AGL,CE,Towers with Radar,1,11,69,0,81,0,1,144,1,146,1,12,213,1,227,210,0,210,437
05/07/2016,DPA,IL,AGL,CE,Towers with Radar,0,13,32,0,45,0,0,66,0,66,0,13,98,0,111,132,0,132,243
05/08/2016,DPA,IL,AGL,CE,Towers with Radar,0,9,49,0,58,0,1,119,0,120,0,10,168,0,178,175,0,175,353
05/09/2016,DPA,IL,AGL,CE,Towers with Radar,0,14,51,1,66,0,0,50,0,50,0,14,101,1,116,116,0,116,232
05/10/2016,DPA,IL,AGL,CE,Towers with Radar,0,13,40,0,53,0,0,10,0,10,0,13,50,0,63,20,0,20,83
05/11/2016,DPA,IL,AGL,CE,Towers with Radar,0,14,52,0,66,0,0,19,0,19,0,14,71,0,85,148,0,148,233
05/12/2016,DPA,IL,AGL,CE,Towers with Radar,0,20,64,0,84,0,0,75,0,75,0,20,139,0,159,250,0,250,409
05/13/2016,DPA,IL,AGL,CE,Towers with Radar,0,22,56,1,79,0,0,132,0,132,0,22,188,1,211,215,0,215,426
05/14/2016,DPA,IL,AGL,CE,Towers with Radar,0,11,21,2,34,0,0,78,0,78,0,11,99,2,112,139,0,139,251
05/15/2016,DPA,IL,AGL,CE,Towers with Radar,0,8,37,0,45,0,4,141,0,145,0,12,178,0,190,226,0,226,416
05/16/2016,DPA,IL,AGL,CE,Towers with Radar,0,9,53,0,62,0,2,139,1,142,0,11,192,1,204,118,0,118,322
05/17/2016,DPA,IL,AGL,CE,Towers with Radar,0,10,57,0,67,0,1,121,0,122,0,11,178,0,189,134,0,134,323
05/18/2016,DPA,IL,AGL,CE,Towers with Radar,0,14,73,0,87,0,1,134,1,136,0,15,207,1,223,220,0,220,443
05/19/2016,DPA,IL,AGL,CE,Towers with Radar,0,10,57,0,67,0,0,176,0,176,0,10,233,0,243,184,0,184,427
05/20/2016,DPA,IL,AGL,CE,Towers with Radar,0,8,51,0,59,0,0,150,0,150,0,8,201,0,209,147,0,147,356
05/21/2016,DPA,IL,AGL,CE,Towers with Radar,0,13,32,0,45,0,3,141,0,144,0,16,173,0,189,184,0,184,373
05/22/2016,DPA,IL,AGL,CE,Towers with Radar,0,8,37,0,45,0,1,160,0,161,0,9,197,0,206,210,0,210,416
05/23/2016,DPA,IL,AGL,CE,Towers with Radar,0,5,42,1,48,0,1,144,2,147,0,6,186,3,195,202,1,203,398
05/24/2016,DPA,IL,AGL,CE,Towers with Radar,0,24,60,1,85,0,5,120,0,125,0,29,180,1,210,220,0,220,430
05/25/2016,DPA,IL,AGL,CE,Towers with Radar,0,18,55,0,73,0,0,78,0,78,0,18,133,0,151,108,0,108,259
05/26/2016,DPA,IL,AGL,CE,Towers with Radar,0,26,42,1,69,0,0,103,0,103,0,26,145,1,172,108,4,112,284
05/27/2016,DPA,IL,AGL,CE,Towers with Radar,0,31,43,0,74,0,0,55,0,55,0,31,98,0,129,73,0,73,202
05/28/2016,DPA,IL,AGL,CE,Towers with Radar,0,11,23,0,34,0,0,53,0,53,0,11,76,0,87,85,0,85,172
05/29/2016,DPA,IL,AGL,CE,Towers with Radar,0,4,21,0,25,0,0,100,0,100,0,4,121,0,125,120,0,120,245
05/30/2016,DPA,IL,AGL,CE,Towers with Radar,0,3,30,0,33,0,1,134,0,135,0,4,164,0,168,146,0,146,314
05/31/2016,DPA,IL,AGL,CE,Towers with Radar,0,12,39,0,51,0,0,81,1,82,0,12,120,1,133,190,0,190,323
06/01/2016,DPA,IL,AGL,CE,Towers with Radar,0,15,45,0,60,0,0,88,0,88,0,15,133,0,148,82,0,82,230
06/02/2016,DPA,IL,AGL,CE,Towers with Radar,0,16,45,0,61,0,3,132,1,136,0,19,177,1,197,108,0,108,305
06/03/2016,DPA,IL,AGL,CE,Towers with Radar,0,9,38,0,47,0,4,171,0,175,0,13,209,0,222,148,0,148,370
06/04/2016,DPA,IL,AGL,CE,Towers with Radar,0,12,41,0,53,0,1,25,0,26,0,13,66,0,79,90,0,90,169
06/05/2016,DPA,IL,AGL,CE,Towers with Radar,0,11,44,0,55,0,0,86,0,86,0,11,130,0,141,107,0,107,248
06/06/2016,DPA,IL,AGL,CE,Towers with Radar,0,12,51,0,63,0,1,83,1,85,0,13,134,1,148,161,0,161,309
06/07/2016,DPA,IL,AGL,CE,Towers with Radar,0,20,55,4,79,0,1,124,0,125,0,21,179,4,204,157,0,157,361
06/08/2016,DPA,IL,AGL,CE,Towers with Radar,0,16,64,1,81,0,2,188,2,192,0,18,252,3,273,219,0,219,492
06/09/2016,DPA,IL,AGL,CE,Towers with Radar,0,18,57,1,76,0,0,73,1,74,0,18,130,2,150,216,0,216,366
06/10/2016,DPA,IL,AGL,CE,Towers with Radar,0,19,44,0,63,0,1,123,1,125,0,20,167,1,188,206,0,206,394
06/11/2016,DPA,IL,AGL,CE,Towers with Radar,0,23,26,0,49,0,0,101,0,101,0,23,127,0,150,87,0,87,237
06/12/2016,DPA,IL,AGL,CE,Towers with Radar,0,13,34,0,47,0,2,135,0,137,0,15,169,0,184,110,0,110,294
06/13/2016,DPA,IL,AGL,CE,Towers with Radar,1,16,53,1,71,0,1,100,1,102,1,17,153,2,173,233,0,233,406
06/14/2016,DPA,IL,AGL,CE,Towers with Radar,0,15,45,1,61,0,0,72,0,72,0,15,117,1,133,141,0,141,274
06/15/2016,DPA,IL,AGL,CE,Towers with Radar,0,13,60,0,73,0,2,97,0,99,0,15,157,0,172,184,0,184,356
06/16/2016,DPA,IL,AGL,CE,Towers with Radar,0,16,73,0,89,0,0,89,0,89,0,16,162,0,178,170,0,170,348
06/17/2016,DPA,IL,AGL,CE,Towers with Radar,0,17,65,1,83,0,0,186,1,187,0,17,251,2,270,100,0,100,370
06/18/2016,DPA,IL,AGL,CE,Towers with Radar,0,14,45,0,59,0,2,134,0,136,0,16,179,0,195,150,0,150,345
06/19/2016,DPA,IL,AGL,CE,Towers with Radar,0,5,34,0,39,0,2,107,0,109,0,7,141,0,148,194,0,194,342
06/20/2016,DPA,IL,AGL,CE,Towers with Radar,0,23,53,0,76,0,0,84,2,86,0,23,137,2,162,90,0,90,252
06/21/2016,DPA,IL,AGL,CE,Towers with Radar,0,25,55,0,80,0,1,130,0,131,0,26,185,0,211,296,0,296,507
06/22/2016,DPA,IL,AGL,CE,Towers with Radar,0,16,52,2,70,0,0,31,1,32,0,16,83,3,102,150,0,150,252
06/23/2016,DPA,IL,AGL,CE,Towers with Radar,2,18,73,0,93,0,0,52,1,53,2,18,125,1,146,224,0,224,370
06/24/2016,DPA,IL,AGL,CE,Towers with Radar,0,16,57,0,73,0,0,195,1,196,0,16,252,1,269,362,0,362,631
06/25/2016,DPA,IL,AGL,CE,Towers with Radar,0,19,38,1,58,0,1,149,2,152,0,20,187,3,210,219,0,219,429
06/26/2016,DPA,IL,AGL,CE,Towers with Radar,0,13,41,1,55,0,2,91,0,93,0,15,132,1,148,164,0,164,312
06/27/2016,DPA,IL,AGL,CE,Towers with Radar,0,10,39,0,49,0,0,142,0,142,0,10,181,0,191,228,0,228,419
06/28/2016,DPA,IL,AGL,CE,Towers with Radar,0,14,59,0,73,0,0,140,3,143,0,14,199,3,216,264,0,264,480
06/29/2016,DPA,IL,AGL,CE,Towers with Radar,0,13,45,0,58,0,2,196,0,198,0,15,241,0,256,208,0,208,464
06/30/2016,DPA,IL,AGL,CE,Towers with Radar,0,12,60,0,72,0,0,139,0,139,0,12,199,0,211,137,0,137,348
07/01/2016,DPA,IL,AGL,CE,Towers with Radar,0,11,59,0,70,0,0,149,0,149,0,11,208,0,219,242,0,242,461
07/02/2016,DPA,IL,AGL,CE,Towers with Radar,0,14,23,0,37,0,1,126,0,127,0,15,149,0,164,120,0,120,284
07/03/2016,DPA,IL,AGL,CE,Towers with Radar,0,4,20,0,24,0,2,106,2,110,0,6,126,2,134,52,0,52,186
07/04/2016,DPA,IL,AGL,CE,Towers with Radar,0,0,32,0,32,0,0,32,0,32,0,0,64,0,64,50,0,50,114
07/05/2016,DPA,IL,AGL,CE,Towers with Radar,0,9,47,0,56,0,1,92,0,93,0,10,139,0,149,252,0,252,401
07/06/2016,DPA,IL,AGL,CE,Towers with Radar,0,19,37,3,59,0,0,86,1,87,0,19,123,4,146,212,0,212,358
07/07/2016,DPA,IL,AGL,CE,Towers with Radar,0,14,52,0,66,0,1,89,0,90,0,15,141,0,156,239,0,239,395
07/08/2016,DPA,IL,AGL,CE,Towers with Radar,0,11,55,0,66,0,0,125,1,126,0,11,180,1,192,100,0,100,292
07/09/2016,DPA,IL,AGL,CE,Towers with Radar,0,11,30,0,41,0,2,152,0,154,0,13,182,0,195,122,2,124,319
07/10/2016,DPA,IL,AGL,CE,Towers with Radar,0,7,39,0,46,0,0,148,1,149,0,7,187,1,195,194,0,194,389
07/11/2016,DPA,IL,AGL,CE,Towers with Radar,0,8,46,0,54,0,0,132,2,134,0,8,178,2,188,158,0,158,346
07/12/2016,DPA,IL,AGL,CE,Towers with Radar,0,17,39,0,56,0,0,95,0,95,0,17,134,0,151,233,0,233,384
07/13/2016,DPA,IL,AGL,CE,Towers with Radar,0,21,53,0,74,0,0,59,0,59,0,21,112,0,133,96,0,96,229
07/14/2016,DPA,IL,AGL,CE,Towers with Radar,0,22,56,0,78,0,1,126,0,127,0,23,182,0,205,144,0,144,349
07/15/2016,DPA,IL,AGL,CE,Towers with Radar,0,6,56,0,62,0,0,93,1,94,0,6,149,1,156,315,0,315,471
07/16/2016,DPA,IL,AGL,CE,Towers with Radar,0,15,43,0,58,0,0,181,2,183,0,15,224,2,241,186,0,186,427
07/17/2016,DPA,IL,AGL,CE,Towers with Radar,0,7,29,0,36,0,0,42,0,42,0,7,71,0,78,108,0,108,186
07/18/2016,DPA,IL,AGL,CE,Towers with Radar,0,6,59,0,65,0,4,128,1,133,0,10,187,1,198,156,0,156,354
07/19/2016,DPA,IL,AGL,CE,Towers with Radar,0,14,36,0,50,0,4,145,1,150,0,18,181,1,200,312,0,312,512
07/20/2016,DPA,IL,AGL,CE,Towers with Radar,0,9,45,0,54,0,0,101,0,101,0,9,146,0,155,99,0,99,254
07/21/2016,DPA,IL,AGL,CE,Towers with Radar,0,21,57,0,78,0,0,104,2,106,0,21,161,2,184,222,2,224,408
07/22/2016,DPA,IL,AGL,CE,Towers with Radar,0,12,68,1,81,0,0,137,1,138,0,12,205,2,219,203,0,203,422
07/23/2016,DPA,IL,AGL,CE,Towers with Radar,0,16,42,0,58,0,0,87,2,89,0,16,129,2,147,142,0,142,289
07/24/2016,DPA,IL,AGL,CE,Towers with Radar,0,15,44,0,59,0,0,89,1,90,0,15,133,1,149,104,0,104,253
07/25/2016,DPA,IL,AGL,CE,Towers with Radar,0,8,57,0,65,0,0,155,0,155,0,8,212,0,220,249,0,249,469
07/26/2016,DPA,IL,AGL,CE,Towers with Radar,0,16,55,0,71,0,1,173,1,175,0,17,228,1,246,286,0,286,532
07/27/2016,DPA,IL,AGL,CE,Towers with Radar,0,11,69,0,80,0,1,183,0,184,0,12,252,0,264,229,0,229,493
07/28/2016,DPA,IL,AGL,CE,Towers with Radar,0,19,60,0,79,0,1,74,0,75,0,20,134,0,154,111,1,112,266
07/29/2016,DPA,IL,AGL,CE,Towers with Radar,0,21,51,0,72,0,0,35,1,36,0,21,86,1,108,40,0,40,148
07/30/2016,DPA,IL,AGL,CE,Towers with Radar,0,23,47,0,70,0,1,76,0,77,0,24,123,0,147,140,0,140,287
07/31/2016,DPA,IL,AGL,CE,Towers with Radar,0,19,57,0,76,0,5,129,0,134,0,24,186,0,210,196,0,196,406
08/01/2016,DPA,IL,AGL,CE,Towers with Radar,0,15,48,0,63,0,1,163,0,164,0,16,211,0,227,170,0,170,397
08/02/2016,DPA,IL,AGL,CE,Towers with Radar,0,21,61,0,82,0,1,130,0,131,0,22,191,0,213,264,0,264,477
08/03/2016,DPA,IL,AGL,CE,Towers with Radar,0,11,62,0,73,0,0,108,0,108,0,11,170,0,181,129,0,129,310
08/04/2016,DPA,IL,AGL,CE,Towers with Radar,0,12,51,0,63,0,0,160,1,161,0,12,211,1,224,141,0,141,365
08/05/2016,DPA,IL,AGL,CE,Towers with Radar,0,16,57,0,73,0,1,103,0,104,0,17,160,0,177,218,0,218,395
08/06/2016,DPA,IL,AGL,CE,Towers with Radar,0,15,44,0,59,0,1,150,0,151,0,16,194,0,210,114,0,114,324
08/07/2016,DPA,IL,AGL,CE,Towers with Radar,0,14,48,0,62,0,2,119,0,121,0,16,167,0,183,144,0,144,327
08/08/2016,DPA,IL,AGL,CE,Towers with Radar,0,3,51,0,54,0,2,140,0,142,0,5,191,0,196,114,0,114,310
08/09/2016,DPA,IL,AGL,CE,Towers with Radar,0,24,58,0,82,0,0,144,2,146,0,24,202,2,228,198,0,198,426
08/10/2016,DPA,IL,AGL,CE,Towers with Radar,0,23,61,0,84,0,0,126,1,127,0,23,187,1,211,132,0,132,343
08/11/2016,DPA,IL,AGL,CE,Towers with Radar,0,14,56,1,71,0,0,103,0,103,0,14,159,1,174,102,0,102,276
08/12/2016,DPA,IL,AGL,CE,Towers with Radar,0,16,40,0,56,0,0,20,0,20,0,16,60,0,76,34,0,34,110
08/13/2016,DPA,IL,AGL,CE,Towers with Radar,0,13,40,0,53,0,1,55,0,56,0,14,95,0,109,116,0,116,225
08/14/2016,DPA,IL,AGL,CE,Towers with Radar,1,7,25,0,33,0,4,130,0,134,1,11,155,0,167,110,0,110,277
08/15/2016,DPA,IL,AGL,CE,Towers with Radar,0,14,60,0,74,0,0,82,1,83,0,14,142,1,157,110,0,110,267
08/16/2016,DPA,IL,AGL,CE,Towers with Radar,0,9,53,0,62,0,0,142,0,142,0,9,195,0,204,158,2,160,364
08/17/2016,DPA,IL,AGL,CE,Towers with Radar,0,14,47,3,64,0,1,110,2,113,0,15,157,5,177,135,0,135,312
08/18/2016,DPA,IL,AGL,CE,Towers with Radar,0,17,64,0,81,0,1,91,0,92,0,18,155,0,173,218,0,218,391
08/19/2016,DPA,IL,AGL,CE,Towers with Radar,0,8,60,0,68,0,1,94,1,96,0,9,154,1,164,189,0,189,353
08/20/2016,DPA,IL,AGL,CE,Towers with Radar,0,20,34,0,54,0,0,26,0,26,0,20,60,0,80,42,0,42,122
08/21/2016,DPA,IL,AGL,CE,Towers with Radar,0,12,49,0,61,0,0,95,1,96,0,12,144,1,157,166,0,166,323
08/22/2016,DPA,IL,AGL,CE,Towers with Radar,0,15,38,2,55,0,3,139,1,143,0,18,177,3,198,98,0,98,296
08/23/2016,DPA,IL,AGL,CE,Towers with Radar,0,20,44,0,64,0,2,153,0,155,0,22,197,0,219,208,0,208,427
08/24/2016,DPA,IL,AGL,CE,Towers with Radar,1,25,52,0,78,0,0,32,0,32,1,25,84,0,110,65,0,65,175
08/25/2016,DPA,IL,AGL,CE,Towers with Radar,0,13,58,0,71,0,0,91,1,92,0,13,149,1,163,136,0,136,299
08/26/2016,DPA,IL,AGL,CE,Towers with Radar,0,15,51,0,66,0,0,163,1,164,0,15,214,1,230,138,0,138,368
08/27/2016,DPA,IL,AGL,CE,Towers with Radar,0,16,34,0,50,0,0,44,0,44,0,16,78,0,94,126,0,126,220
08/28/2016,DPA,IL,AGL,CE,Towers with Radar,0,12,37,0,49,0,0,117,0,117,0,12,154,0,166,156,0,156,322
08/29/2016,DPA,IL,AGL,CE,Towers with Radar,0,19,61,0,80,0,0,70,1,71,0,19,131,1,151,97,0,97,248
08/30/2016,DPA,IL,AGL,CE,Towers with Radar,0,22,44,1,67,0,0,67,2,69,0,22,111,3,136,130,0,130,266
08/31/2016,DPA,IL,AGL,CE,Towers with Radar,0,16,65,0,81,0,0,136,1,137,0,16,201,1,218,172,0,172,390
09/01/2016,DPA,IL,AGL,CE,Towers with Radar,0,17,58,0,75,0,3,140,1,144,0,20,198,1,219,180,4,184,403
09/02/2016,DPA,IL,AGL,CE,Towers with Radar,0,14,32,2,48,0,1,170,2,173,0,15,202,4,221,136,0,136,357
09/03/2016,DPA,IL,AGL,CE,Towers with Radar,0,15,36,0,51,0,1,162,0,163,0,16,198,0,214,188,0,188,402
09/04/2016,DPA,IL,AGL,CE,Towers with Radar,0,8,26,0,34,0,0,144,0,144,0,8,170,0,178,153,0,153,331
09/05/2016,DPA,IL,AGL,CE,Towers with Radar,0,11,39,0,50,0,4,128,0,132,0,15,167,0,182,171,0,171,353
09/06/2016,DPA,IL,AGL,CE,Towers with Radar,0,17,34,0,51,0,0,130,1,131,0,17,164,1,182,193,0,193,375
09/07/2016,DPA,IL,AGL,CE,Towers with Radar,0,16,51,0,67,0,2,54,0,56,0,18,105,0,123,145,0,145,268
09/08/2016,DPA,IL,AGL,CE,Towers with Radar,0,15,59,1,75,0,0,71,1,72,0,15,130,2,147,149,0,149,296
09/09/2016,DPA,IL,AGL,CE,Towers with Radar,0,26,50,0,76,0,3,45,1,49,0,29,95,1,125,184,0,184,309
09/10/2016,DPA,IL,AGL,CE,Towers with Radar,0,15,48,0,63,0,1,51,2,54,0,16,99,2,117,72,0,72,189
09/11/2016,DPA,IL,AGL,CE,Towers with Radar,0,15,48,0,63,0,7,172,1,180,0,22,220,1,243,183,0,183,426
09/12/2016,DPA,IL,AGL,CE,Towers with Radar,0,12,46,0,58,0,3,119,1,123,0,15,165,1,181,181,0,181,362
09/13/2016,DPA,IL,AGL,CE,Towers with Radar,0,15,23,1,39,0,0,116,1,117,0,15,139,2,156,193,0,193,349
09/14/2016,DPA,IL,AGL,CE,Towers with Radar,0,21,60,1,82,0,0,114,1,115,0,21,174,2,197,181,0,181,378
09/15/2016,DPA,IL,AGL,CE,Towers with Radar,0,14,55,1,70,0,0,155,1,156,0,14,210,2,226,0,0,0,226
09/16/2016,DPA,IL,AGL,CE,Towers with Radar,0,10,64,0,74,0,1,81,0,82,0,11,145,0,156,131,0,131,287
09/17/2016,DPA,IL,AGL,CE,Towers with Radar,0,17,43,0,60,0,0,108,2,110,0,17,151,2,170,110,0,110,280
09/18/2016,DPA,IL,AGL,CE,Towers with Radar,0,17,57,0,74,0,2,162,0,164,0,19,219,0,238,154,0,154,392
09/19/2016,DPA,IL,AGL,CE,Towers with Radar,0,14,47,0,61,0,5,96,2,103,0,19,143,2,164,145,0,145,309
09/20/2016,DPA,IL,AGL,CE,Towers with Radar,0,20,66,1,87,0,2,144,1,147,0,22,210,2,234,244,0,244,478
09/21/2016,DPA,IL,AGL,CE,Towers with Radar,0,26,49,0,75,0,0,33,0,33,0,26,82,0,108,126,0,126,234
09/22/2016,DPA,IL,AGL,CE,Towers with Radar,0,19,79,0,98,0,3,151,1,155,0,22,230,1,253,162,0,162,415
09/23/2016,DPA,IL,AGL,CE,Towers with Radar,0,20,55,0,75,0,0,35,0,35,0,20,90,0,110,151,0,151,261
09/24/2016,DPA,IL,AGL,CE,Towers with Radar,0,14,52,0,66,0,0,67,0,67,0,14,119,0,133,205,0,205,338
09/25/2016,DPA,IL,AGL,CE,Towers with Radar,0,9,48,0,57,0,2,116,0,118,0,11,164,0,175,164,0,164,339
09/26/2016,DPA,IL,AGL,CE,Towers with Radar,0,14,42,0,56,0,1,65,0,66,0,15,107,0,122,14,0,14,136
09/27/2016,DPA,IL,AGL,CE,Towers with Radar,0,13,63,0,76,0,1,101,0,102,0,14,164,0,178,70,0,70,248
09/28/2016,DPA,IL,AGL,CE,Towers with Radar,0,19,62,1,82,0,0,55,0,55,0,19,117,1,137,125,0,125,262
09/29/2016,DPA,IL,AGL,CE,Towers with Radar,0,20,75,2,97,0,0,28,0,28,0,20,103,2,125,4,0,4,129
09/30/2016,DPA,IL,AGL,CE,Towers with Radar,0,13,59,0,72,0,0,5,0,5,0,13,64,0,77,52,0,52,129
10/01/2016,DPA,IL,AGL,CE,Towers with Radar,0,10,36,0,46,0,0,20,0,20,0,10,56,0,66,10,0,10,76
10/02/2016,DPA,IL,AGL,CE,Towers with Radar,0,5,75,0,80,0,0,43,0,43,0,5,118,0,123,216,0,216,339
10/03/2016,DPA,IL,AGL,CE,Towers with Radar,0,8,59,0,67,0,2,131,1,134,0,10,190,1,201,199,0,199,400
10/04/2016,DPA,IL,AGL,CE,Towers with Radar,0,10,24,0,34,0,2,158,0,160,0,12,182,0,194,200,0,200,394
10/05/2016,DPA,IL,AGL,CE,Towers with Radar,0,12,40,0,52,0,1,122,0,123,0,13,162,0,175,203,0,203,378
10/06/2016,DPA,IL,AGL,CE,Towers with Radar,0,10,67,0,77,0,0,46,2,48,0,10,113,2,125,177,0,177,302
10/07/2016,DPA,IL,AGL,CE,Towers with Radar,0,14,68,1,83,0,0,50,3,53,0,14,118,4,136,117,0,117,253
10/08/2016,DPA,IL,AGL,CE,Towers with Radar,0,15,60,0,75,0,2,49,0,51,0,17,109,0,126,0,0,0,126
10/09/2016,DPA,IL,AGL,CE,Towers with Radar,0,17,63,0,80,0,0,59,0,59,0,17,122,0,139,40,0,40,179
10/10/2016,DPA,IL,AGL,CE,Towers with Radar,0,16,59,0,75,0,4,158,3,165,0,20,217,3,240,184,0,184,424
10/11/2016,DPA,IL,AGL,CE,Towers with Radar,0,17,43,1,61,0,1,138,1,140,0,18,181,2,201,260,0,260,461
10/12/2016,DPA,IL,AGL,CE,Towers with Radar,0,15,50,0,65,0,0,29,0,29,0,15,79,0,94,143,0,143,237
10/13/2016,DPA,IL,AGL,CE,Towers with Radar,0,13,48,1,62,0,3,178,2,183,0,16,226,3,245,396,0,396,641
10/14/2016,DPA,IL,AGL,CE,Towers with Radar,0,17,47,1,65,0,3,170,0,173,0,20,217,1,238,300,0,300,538
10/15/2016,DPA,IL,AGL,CE,Towers with Radar,0,16,33,0,49,0,0,17,0,17,0,16,50,0,66,42,0,42,108
10/16/2016,DPA,IL,AGL,CE,Towers with Radar,0,16,53,0,69,0,0,12,0,12,0,16,65,0,81,198,0,198,279
10/17/2016,DPA,IL,AGL,CE,Towers with Radar,0,15,52,3,70,0,0,66,4,70,0,15,118,7,140,94,0,94,234
10/18/2016,DPA,IL,AGL,CE,Towers with Radar,0,10,42,0,52,0,1,115,1,117,0,11,157,1,169,167,0,167,336
10/19/2016,DPA,IL,AGL,CE,Towers with Radar,0,8,61,0,69,0,0,162,0,162,0,8,223,0,231,200,0,200,431
10/20/2016,DPA,IL,AGL,CE,Towers with Radar,0,16,81,0,97,0,0,44,1,45,0,16,125,1,142,134,0,134,276
10/21/2016,DPA,IL,AGL,CE,Towers with Radar,0,15,25,0,40,0,0,182,2,184,0,15,207,2,224,148,0,148,372
10/22/2016,DPA,IL,AGL,CE,Towers with Radar,0,17,27,0,44,0,0,148,0,148,0,17,175,0,192,155,0,155,347
10/23/2016,DPA,IL,AGL,CE,Towers with Radar,0,10,37,0,47,0,0,133,0,133,0,10,170,0,180,144,0,144,324
10/24/2016,DPA,IL,AGL,CE,Towers with Radar,0,9,48,0,57,0,2,128,0,130,0,11,176,0,187,176,0,176,363
10/25/2016,DPA,IL,AGL,CE,Towers with Radar,0,16,71,1,88,0,0,113,0,113,0,16,184,1,201,168,0,168,369
10/26/2016,DPA,IL,AGL,CE,Towers with Radar,0,15,63,0,78,0,0,4,0,4,0,15,67,0,82,2,0,2,84
10/27/2016,DPA,IL,AGL,CE,Towers with Radar,0,19,80,1,100,0,0,37,0,37,0,19,117,1,137,210,0,210,347
10/28/2016,DPA,IL,AGL,CE,Towers with Radar,0,19,57,0,76,0,1,76,1,78,0,20,133,1,154,112,0,112,266
10/29/2016,DPA,IL,AGL,CE,Towers with Radar,0,13,42,0,55,0,1,108,0,109,0,14,150,0,164,157,0,157,321
10/30/2016,DPA,IL,AGL,CE,Towers with Radar,0,13,37,0,50,0,1,36,0,37,0,14,73,0,87,136,0,136,223
10/31/2016,DPA,IL,AGL,CE,Towers with Radar,0,9,47,0,56,0,0,104,2,106,0,9,151,2,162,83,0,83,245
11/01/2016,DPA,IL,AGL,CE,Towers with Radar,0,17,37,0,54,0,2,155,1,158,0,19,192,1,212,112,0,112,324
11/02/2016,DPA,IL,AGL,CE,Towers with Radar,0,14,67,0,81,0,0,18,0,18,0,14,85,0,99,16,0,16,115
11/03/2016,DPA,IL,AGL,CE,Towers with Radar,1,17,87,0,105,0,0,105,2,107,1,17,192,2,212,148,2,150,362
11/04/2016,DPA,IL,AGL,CE,Towers with Radar,0,17,46,0,63,0,0,150,0,150,0,17,196,0,213,132,0,132,345
11/05/2016,DPA,IL,AGL,CE,Towers with Radar,0,16,37,0,53,0,0,174,0,174,0,16,211,0,227,228,0,228,455
11/06/2016,DPA,IL,AGL,CE,Towers with Radar,0,4,42,0,46,0,1,156,0,157,0,5,198,0,203,244,0,244,447
11/07/2016,DPA,IL,AGL,CE,Towers with Radar,0,13,47,0,60,0,1,129,2,132,0,14,176,2,192,229,0,229,421
11/08/2016,DPA,IL,AGL,CE,Towers with Radar,0,24,40,0,64,0,0,78,0,78,0,24,118,0,142,170,0,170,312
11/09/2016,DPA,IL,AGL,CE,Towers with Radar,0,17,54,0,71,0,0,109,0,109,0,17,163,0,180,84,0,84,264
11/10/2016,DPA,IL,AGL,CE,Towers with Radar,0,14,41,1,56,0,0,91,0,91,0,14,132,1,147,87,0,87,234
11/11/2016,DPA,IL,AGL,CE,Towers with Radar,0,12,42,1,55,0,0,76,0,76,0,12,118,1,131,153,0,153,284
11/12/2016,DPA,IL,AGL,CE,Towers with Radar,0,18,33,0,51,0,0,183,0,183,0,18,216,0,234,135,0,135,369
11/13/2016,DPA,IL,AGL,CE,Towers with Radar,0,10,33,0,43,0,0,124,0,124,0,10,157,0,167,84,0,84,251
11/14/2016,DPA,IL,AGL,CE,Towers with Radar,0,11,51,0,62,0,0,118,0,118,0,11,169,0,180,154,0,154,334
11/15/2016,DPA,IL,AGL,CE,Towers with Radar,1,15,31,0,47,0,2,54,0,56,1,17,85,0,103,50,0,50,153
11/16/2016,DPA,IL,AGL,CE,Towers with Radar,0,20,42,0,62,0,0,156,1,157,0,20,198,1,219,146,0,146,365
11/17/2016,DPA,IL,AGL,CE,Towers with Radar,0,21,55,0,76,0,0,102,0,102,0,21,157,0,178,43,0,43,221
11/18/2016,DPA,IL,AGL,CE,Towers with Radar,2,18,50,0,70,0,0,21,0,21,2,18,71,0,91,14,0,14,105
11/19/2016,DPA,IL,AGL,CE,Towers with Radar,0,15,31,0,46,0,0,17,0,17,0,15,48,0,63,22,0,22,85
11/20/2016,DPA,IL,AGL,CE,Towers with Radar,0,14,31,0,45,0,0,121,0,121,0,14,152,0,166,159,0,159,325
11/21/2016,DPA,IL,AGL,CE,Towers with Radar,0,9,49,0,58,0,2,122,0,124,0,11,171,0,182,112,0,112,294
11/22/2016,DPA,IL,AGL,CE,Towers with Radar,0,19,53,0,72,0,2,91,0,93,0,21,144,0,165,153,0,153,318
11/23/2016,DPA,IL,AGL,CE,Towers with Radar,0,15,46,0,61,0,0,0,0,0,0,15,46,0,61,0,0,0,61
11/24/2016,DPA,IL,AGL,CE,Towers with Radar,0,10,10,0,20,0,0,7,0,7,0,10,17,0,27,0,0,0,27
11/25/2016,DPA,IL,AGL,CE,Towers with Radar,0,9,25,0,34,0,0,26,0,26,0,9,51,0,60,140,0,140,200
11/26/2016,DPA,IL,AGL,CE,Towers with Radar,0,17,47,0,64,0,1,110,1,112,0,18,157,1,176,166,0,166,342
11/27/2016,DPA,IL,AGL,CE,Towers with Radar,0,14,56,0,70,0,0,1,0,1,0,14,57,0,71,0,0,0,71
11/28/2016,DPA,IL,AGL,CE,Towers with Radar,0,9,41,0,50,0,0,2,1,3,0,9,43,1,53,12,0,12,65
11/29/2016,DPA,IL,AGL,CE,Towers with Radar,0,8,37,0,45,0,0,149,0,149,0,8,186,0,194,198,0,198,392
11/30/2016,DPA,IL,AGL,CE,Towers with Radar,0,15,58,0,73,0,3,79,0,82,0,18,137,0,155,100,0,100,255
12/01/2016,DPA,IL,AGL,CE,Towers with Radar,0,11,42,0,53,0,0,20,1,21,0,11,62,1,74,63,0,63,137
12/02/2016,DPA,IL,AGL,CE,Towers with Radar,0,20,32,0,52,0,0,55,1,56,0,20,87,1,108,102,0,102,210
12/03/2016,DPA,IL,AGL,CE,Towers with Radar,0,13,29,0,42,0,0,117,0,117,0,13,146,0,159,270,0,270,429
12/04/2016,DPA,IL,AGL,CE,Towers with Radar,0,11,28,0,39,0,0,0,0,0,0,11,28,0,39,0,0,0,39
12/05/2016,DPA,IL,AGL,CE,Towers with Radar,0,14,28,0,42,0,0,0,0,0,0,14,28,0,42,0,0,0,42
12/06/2016,DPA,IL,AGL,CE,Towers with Radar,0,11,42,0,53,0,0,19,0,19,0,11,61,0,72,42,0,42,114
12/07/2016,DPA,IL,AGL,CE,Towers with Radar,0,22,54,0,76,0,2,94,0,96,0,24,148,0,172,96,0,96,268
12/08/2016,DPA,IL,AGL,CE,Towers with Radar,0,15,52,0,67,0,0,40,2,42,0,15,92,2,109,57,0,57,166
12/09/2016,DPA,IL,AGL,CE,Towers with Radar,0,12,50,0,62,0,0,99,0,99,0,12,149,0,161,154,0,154,315
12/10/2016,DPA,IL,AGL,CE,Towers with Radar,0,21,39,0,60,0,1,88,1,90,0,22,127,1,150,156,0,156,306
12/11/2016,DPA,IL,AGL,CE,Towers with Radar,0,9,19,0,28,0,0,0,0,0,0,9,19,0,28,0,0,0,28
12/12/2016,DPA,IL,AGL,CE,Towers with Radar,0,15,42,0,57,0,1,18,0,19,0,16,60,0,76,30,0,30,106
12/13/2016,DPA,IL,AGL,CE,Towers with Radar,0,6,37,0,43,0,0,89,1,90,0,6,126,1,133,76,0,76,209
12/14/2016,DPA,IL,AGL,CE,Towers with Radar,0,12,57,0,69,0,1,73,0,74,0,13,130,0,143,29,0,29,172
12/15/2016,DPA,IL,AGL,CE,Towers with Radar,0,12,44,0,56,0,0,64,1,65,0,12,108,1,121,28,0,28,149
12/16/2016,DPA,IL,AGL,CE,Towers with Radar,0,19,34,0,53,0,0,27,0,27,0,19,61,0,80,18,0,18,98
12/17/2016,DPA,IL,AGL,CE,Towers with Radar,2,12,15,0,29,0,0,2,0,2,2,12,17,0,31,0,0,0,31
12/18/2016,DPA,IL,AGL,CE,Towers with Radar,2,7,20,0,29,0,0,11,0,11,2,7,31,0,40,0,0,0,40
12/19/2016,DPA,IL,AGL,CE,Towers with Radar,0,7,31,1,39,0,0,62,1,63,0,7,93,2,102,20,0,20,122
12/20/2016,DPA,IL,AGL,CE,Towers with Radar,2,14,39,0,55,0,0,44,0,44,2,14,83,0,99,41,0,41,140
12/21/2016,DPA,IL,AGL,CE,Towers with Radar,0,11,39,0,50,0,0,56,0,56,0,11,95,0,106,126,0,126,232
12/22/2016,DPA,IL,AGL,CE,Towers with Radar,0,21,29,0,50,0,0,87,0,87,0,21,116,0,137,139,0,139,276
12/23/2016,DPA,IL,AGL,CE,Towers with Radar,0,11,23,0,34,0,0,26,0,26,0,11,49,0,60,51,0,51,111
12/24/2016,DPA,IL,AGL,CE,Towers with Radar,0,11,6,0,17,0,0,3,0,3,0,11,9,0,20,6,0,6,26
12/25/2016,DPA,IL,AGL,CE,Towers with Radar,0,6,11,0,17,0,0,0,0,0,0,6,11,0,17,0,0,0,17
12/26/2016,DPA,IL,AGL,CE,Towers with Radar,0,17,34,0,51,0,0,17,0,17,0,17,51,0,68,15,0,15,83
12/27/2016,DPA,IL,AGL,CE,Towers with Radar,0,18,34,0,52,0,0,47,0,47,0,18,81,0,99,48,0,48,147
12/28/2016,DPA,IL,AGL,CE,Towers with Radar,0,23,17,0,40,0,2,48,1,51,0,25,65,1,91,51,0,51,142
12/29/2016,DPA,IL,AGL,CE,Towers with Radar,0,17,13,2,32,0,0,15,0,15,0,17,28,2,47,24,0,24,71
12/30/2016,DPA,IL,AGL,CE,Towers with Radar,0,22,22,0,44,0,2,96,3,101,0,24,118,3,145,143,0,143,288
12/31/2016,DPA,IL,AGL,CE,Towers with Radar,0,12,15,0,27,0,0,57,0,57,0,12,72,0,84,52,0,52,136
01/01/2017,DPA,IL,AGL,CE,Towers with Radar,0,8,29,0,37,0,0,48,0,48,0,8,77,0,85,48,0,48,133
01/02/2017,DPA,IL,AGL,CE,Towers with Radar,0,17,34,0,51,0,0,0,0,0,0,17,34,0,51,0,0,0,51
01/03/2017,DPA,IL,AGL,CE,Towers with Radar,0,17,32,0,49,0,2,1,0,3,0,19,33,0,52,0,0,0,52
01/04/2017,DPA,IL,AGL,CE,Towers with Radar,0,7,36,1,44,0,0,43,2,45,0,7,79,3,89,56,0,56,145
01/05/2017,DPA,IL,AGL,CE,Towers with Radar,0,10,42,4,56,0,0,42,0,42,0,10,84,4,98,81,0,81,179
01/06/2017,DPA,IL,AGL,CE,Towers with Radar,0,16,35,0,51,0,0,35,2,37,0,16,70,2,88,102,0,102,190
01/07/2017,DPA,IL,AGL,CE,Towers with Radar,0,15,35,0,50,0,0,53,1,54,0,15,88,1,104,22,0,22,126
01/08/2017,DPA,IL,AGL,CE,Towers with Radar,0,12,42,0,54,0,0,74,0,74,0,12,116,0,128,161,0,161,289
01/09/2017,DPA,IL,AGL,CE,Towers with Radar,0,3,28,0,31,0,0,49,0,49,0,3,77,0,80,97,0,97,177
01/10/2017,DPA,IL,AGL,CE,Towers with Radar,0,14,24,0,38,0,0,1,0,1,0,14,25,0,39,0,0,0,39
01/11/2017,DPA,IL,AGL,CE,Towers with Radar,0,11,42,0,53,0,0,29,0,29,0,11,71,0,82,34,0,34,116
01/12/2017,DPA,IL,AGL,CE,Towers with Radar,0,18,49,0,67,0,0,17,0,17,0,18,66,0,84,105,2,107,191
01/13/2017,DPA,IL,AGL,CE,Towers with Radar,0,13,44,0,57,0,1,62,1,64,0,14,106,1,121,0,0,0,121
01/14/2017,DPA,IL,AGL,CE,Towers with Radar,0,16,22,0,38,0,0,64,0,64,0,16,86,0,102,124,0,124,226
01/15/2017,DPA,IL,AGL,CE,Towers with Radar,0,2,16,0,18,0,0,63,0,63,0,2,79,0,81,172,0,172,253
01/16/2017,DPA,IL,AGL,CE,Towers with Radar,0,10,25,0,35,0,0,0,0,0,0,10,25,0,35,0,0,0,35
01/17/2017,DPA,IL,AGL,CE,Towers with Radar,0,17,41,0,58,0,0,0,0,0,0,17,41,0,58,0,0,0,58
01/18/2017,DPA,IL,AGL,CE,Towers with Radar,0,13,48,0,61,0,0,0,0,0,0,13,48,0,61,25,0,25,86
01/19/2017,DPA,IL,AGL,CE,Towers with Radar,0,16,39,0,55,0,0,16,0,16,0,16,55,0,71,78,0,78,149
01/20/2017,DPA,IL,AGL,CE,Towers with Radar,0,5,31,0,36,0,0,0,0,0,0,5,31,0,36,0,0,0,36
01/21/2017,DPA,IL,AGL,CE,Towers with Radar,0,8,40,0,48,0,0,82,0,82,0,8,122,0,130,131,0,131,261
01/22/2017,DPA,IL,AGL,CE,Towers with Radar,0,2,34,0,36,0,0,1,0,1,0,2,35,0,37,2,0,2,39
01/23/2017,DPA,IL,AGL,CE,Towers with Radar,0,14,40,0,54,0,1,12,0,13,0,15,52,0,67,168,0,168,235
01/24/2017,DPA,IL,AGL,CE,Towers with Radar,0,21,25,0,46,0,0,8,0,8,0,21,33,0,54,20,0,20,74
01/25/2017,DPA,IL,AGL,CE,Towers with Radar,0,10,27,0,37,0,0,0,0,0,0,10,27,0,37,0,0,0,37
01/26/2017,DPA,IL,AGL,CE,Towers with Radar,0,6,48,0,54,0,0,14,2,16,0,6,62,2,70,92,0,92,162
01/27/2017,DPA,IL,AGL,CE,Towers with Radar,0,16,37,0,53,0,0,24,0,24,0,16,61,0,77,72,0,72,149
01/28/2017,DPA,IL,AGL,CE,Towers with Radar,0,13,27,0,40,0,1,18,0,19,0,14,45,0,59,206,0,206,265
01/29/2017,DPA,IL,AGL,CE,Towers with Radar,0,4,31,0,35,0,0,25,0,25,0,4,56,0,60,92,0,92,152
01/30/2017,DPA,IL,AGL,CE,Towers with Radar,0,7,40,0,47,0,5,65,0,70,0,12,105,0,117,120,0,120,237
01/31/2017,DPA,IL,AGL,CE,Towers with Radar,0,11,26,0,37,0,0,18,0,18,0,11,44,0,55,116,0,116,171
02/01/2017,DPA,IL,AGL,CE,Towers with Radar,0,20,43,0,63,0,0,63,0,63,0,20,106,0,126,189,0,189,315
02/02/2017,DPA,IL,AGL,CE,Towers with Radar,0,18,36,0,54,0,2,85,1,88,0,20,121,1,142,108,0,108,250
02/03/2017,DPA,IL,AGL,CE,Towers with Radar,0,11,43,1,55,0,3,67,3,73,0,14,110,4,128,74,0,74,202
02/04/2017,DPA,IL,AGL,CE,Towers with Radar,0,15,18,0,33,0,0,73,2,75,0,15,91,2,108,54,0,54,162
02/05/2017,DPA,IL,AGL,CE,Towers with Radar,0,10,23,0,33,0,0,82,0,82,0,10,105,0,115,102,0,102,217
02/06/2017,DPA,IL,AGL,CE,Towers with Radar,0,13,33,3,49,0,1,61,0,62,0,14,94,3,111,148,0,148,259
02/07/2017,DPA,IL,AGL,CE,Towers with Radar,0,6,36,0,42,0,0,0,0,0,0,6,36,0,42,0,0,0,42
02/08/2017,DPA,IL,AGL,CE,Towers with Radar,0,15,40,0,55,0,0,45,1,46,0,15,85,1,101,179,0,179,280
02/09/2017,DPA,IL,AGL,CE,Towers with Radar,0,18,43,1,62,0,0,101,0,101,0,18,144,1,163,88,0,88,251
02/10/2017,DPA,IL,AGL,CE,Towers with Radar,0,23,51,1,75,0,2,38,1,41,0,25,89,2,116,78,0,78,194
02/11/2017,DPA,IL,AGL,CE,Towers with Radar,0,11,22,0,33,0,0,103,0,103,0,11,125,0,136,189,0,189,325
02/12/2017,DPA,IL,AGL,CE,Towers with Radar,0,4,26,0,30,0,0,14,0,14,0,4,40,0,44,20,0,20,64
02/13/2017,DPA,IL,AGL,CE,Towers with Radar,0,5,49,0,54,0,1,121,1,123,0,6,170,1,177,156,0,156,333
02/14/2017,DPA,IL,AGL,CE,Towers with Radar,0,12,35,0,47,0,0,75,0,75,0,12,110,0,122,117,0,117,239
02/15/2017,DPA,IL,AGL,CE,Towers with Radar,0,14,53,1,68,0,0,81,0,81,0,14,134,1,149,108,0,108,257
02/16/2017,DPA,IL,AGL,CE,Towers with Radar,0,17,59,0,76,0,0,54,0,54,0,17,113,0,130,78,0,78,208
02/17/2017,DPA,IL,AGL,CE,Towers with Radar,0,16,38,0,54,0,0,117,1,118,0,16,155,1,172,116,0,116,288
02/18/2017,DPA,IL,AGL,CE,Towers with Radar,0,8,24,0,32,0,1,175,0,176,0,9,199,0,208,194,0,194,402
02/19/2017,DPA,IL,AGL,CE,Towers with Radar,0,9,22,0,31,0,0,148,0,148,0,9,170,0,179,300,0,300,479
02/20/2017,DPA,IL,AGL,CE,Towers with Radar,0,9,64,1,74,0,1,37,1,39,0,10,101,2,113,116,0,116,229
02/21/2017,DPA,IL,AGL,CE,Towers with Radar,0,15,60,0,75,0,0,50,0,50,0,15,110,0,125,193,0,193,318
02/22/2017,DPA,IL,AGL,CE,Towers with Radar,0,11,48,0,59,0,0,59,0,59,0,11,107,0,118,90,10,100,218
02/23/2017,DPA,IL,AGL,CE,Towers with Radar,0,16,21,0,37,0,0,24,0,24,0,16,45,0,61,86,0,86,147
02/24/2017,DPA,IL,AGL,CE,Towers with Radar,0,9,23,0,32,0,0,0,0,0,0,9,23,0,32,0,0,0,32
02/25/2017,DPA,IL,AGL,CE,Towers with Radar,0,11,25,0,36,0,1,20,1,22,0,12,45,1,58,106,0,106,164
02/26/2017,DPA,IL,AGL,CE,Towers with Radar,0,9,25,0,34,0,0,50,0,50,0,9,75,0,84,48,0,48,132
02/27/2017,DPA,IL,AGL,CE,Towers with Radar,0,6,37,0,43,0,1,101,0,102,0,7,138,0,145,134,0,134,279
02/28/2017,DPA,IL,AGL,CE,Towers with Radar,0,8,45,0,53,0,0,0,0,0,0,8,45,0,53,4,0,4,57
03/01/2017,DPA,IL,AGL,CE,Towers with Radar,0,15,37,0,52,0,0,2,0,2,0,15,39,0,54,0,0,0,54
03/02/2017,DPA,IL,AGL,CE,Towers with Radar,0,9,33,0,42,0,0,39,2,41,0,9,72,2,83,87,0,87,170
03/03/2017,DPA,IL,AGL,CE,Towers with Radar,0,11,45,0,56,0,1,97,1,99,0,12,142,1,155,102,0,102,257
03/04/2017,DPA,IL,AGL,CE,Towers with Radar,0,12,29,0,41,0,0,64,0,64,0,12,93,0,105,98,0,98,203
03/05/2017,DPA,IL,AGL,CE,Towers with Radar,0,9,34,0,43,0,0,79,0,79,0,9,113,0,122,124,0,124,246
03/06/2017,DPA,IL,AGL,CE,Towers with Radar,0,4,32,0,36,0,0,11,0,11,0,4,43,0,47,26,0,26,73
03/07/2017,DPA,IL,AGL,CE,Towers with Radar,0,21,25,0,46,0,0,20,1,21,0,21,45,1,67,22,0,22,89
03/08/2017,DPA,IL,AGL,CE,Towers with Radar,0,11,27,0,38,0,1,2,0,3,0,12,29,0,41,0,0,0,41
03/09/2017,DPA,IL,AGL,CE,Towers with Radar,0,7,63,0,70,0,0,101,0,101,0,7,164,0,171,164,0,164,335
03/10/2017,DPA,IL,AGL,CE,Towers with Radar,0,9,33,1,43,0,4,80,1,85,0,13,113,2,128,88,0,88,216
03/11/2017,DPA,IL,AGL,CE,Towers with Radar,0,9,37,0,46,0,0,87,1,88,0,9,124,1,134,288,0,288,422
03/12/2017,DPA,IL,AGL,CE,Towers with Radar,0,5,36,0,41,0,0,113,1,114,0,5,149,1,155,172,0,172,327
03/13/2017,DPA,IL,AGL,CE,Towers with Radar,0,7,24,0,31,0,0,1,0,1,0,7,25,0,32,0,0,0,32
03/14/2017,DPA,IL,AGL,CE,Towers with Radar,0,12,34,0,46,0,0,28,0,28,0,12,62,0,74,67,0,67,141
03/15/2017,DPA,IL,AGL,CE,Towers with Radar,0,12,54,0,66,0,0,69,0,69,0,12,123,0,135,108,0,108,243
03/16/2017,DPA,IL,AGL,CE,Towers with Radar,0,18,44,1,63,0,0,95,2,97,0,18,139,3,160,178,0,178,338
03/17/2017,DPA,IL,AGL,CE,Towers with Radar,2,11,36,1,50,0,0,2,0,2,2,11,38,1,52,4,0,4,56
03/18/2017,DPA,IL,AGL,CE,Towers with Radar,0,11,35,0,46,0,0,39,0,39,0,11,74,0,85,136,0,136,221
03/19/2017,DPA,IL,AGL,CE,Towers with Radar,0,8,56,0,64,0,0,131,0,131,0,8,187,0,195,227,0,227,422
03/20/2017,DPA,IL,AGL,CE,Towers with Radar,0,8,39,1,48,0,2,21,0,23,0,10,60,1,71,90,0,90,161
03/21/2017,DPA,IL,AGL,CE,Towers with Radar,0,10,45,2,57,0,0,77,0,77,0,10,122,2,134,140,0,140,274
03/22/2017,DPA,IL,AGL,CE,Towers with Radar,0,14,41,0,55,0,0,93,0,93,0,14,134,0,148,137,0,137,285
03/23/2017,DPA,IL,AGL,CE,Towers with Radar,0,15,55,0,70,0,0,56,1,57,0,15,111,1,127,216,0,216,343
03/24/2017,DPA,IL,AGL,CE,Towers with Radar,0,18,37,0,55,0,0,32,2,34,0,18,69,2,89,26,0,26,115
03/25/2017,DPA,IL,AGL,CE,Towers with Radar,0,20,29,0,49,0,0,0,0,0,0,20,29,0,49,0,0,0,49
03/26/2017,DPA,IL,AGL,CE,Towers with Radar,0,4,34,0,38,0,0,5,0,5,0,4,39,0,43,62,0,62,105
03/27/2017,DPA,IL,AGL,CE,Towers with Radar,0,4,34,0,38,0,0,0,0,0,0,4,34,0,38,0,0,0,38
03/28/2017,DPA,IL,AGL,CE,Towers with Radar,0,12,43,0,55,0,0,36,1,37,0,12,79,1,92,188,0,188,280
03/29/2017,DPA,IL,AGL,CE,Towers with Radar,0,18,43,0,61,0,0,74,0,74,0,18,117,0,135,180,0,180,315
03/30/2017,DPA,IL,AGL,CE,Towers with Radar,0,10,33,0,43,0,0,0,0,0,0,10,33,0,43,0,0,0,43
03/31/2017,DPA,IL,AGL,CE,Towers with Radar,0,8,36,0,44,0,0,2,1,3,0,8,38,1,47,10,0,10,57
04/01/2017,DPA,IL,AGL,CE,Towers with Radar,2,20,37,0,59,0,0,166,0,166,2,20,203,0,225,204,0,204,429
04/02/2017,DPA,IL,AGL,CE,Towers with Radar,0,11,58,0,69,0,0,78,0,78,0,11,136,0,147,176,0,176,323
04/03/2017,DPA,IL,AGL,CE,Towers with Radar,0,9,43,0,52,0,0,20,0,20,0,9,63,0,72,60,0,60,132
04/04/2017,DPA,IL,AGL,CE,Towers with Radar,0,14,68,0,82,0,0,49,0,49,0,14,117,0,131,156,0,156,287
04/05/2017,DPA,IL,AGL,CE,Towers with Radar,0,14,43,0,57,0,0,0,0,0,0,14,43,0,57,0,0,0,57
04/06/2017,DPA,IL,AGL,CE,Towers with Radar,0,15,41,0,56,0,0,20,0,20,0,15,61,0,76,15,0,15,91
04/07/2017,DPA,IL,AGL,CE,Towers with Radar,0,15,49,0,64,0,0,120,0,120,0,15,169,0,184,124,0,124,308
04/08/2017,DPA,IL,AGL,CE,Towers with Radar,0,15,47,0,62,0,0,144,1,145,0,15,191,1,207,200,0,200,407
04/09/2017,DPA,IL,AGL,CE,Towers with Radar,0,9,34,0,43,0,0,64,0,64,0,9,98,0,107,106,0,106,213
04/10/2017,DPA,IL,AGL,CE,Towers with Radar,0,5,42,2,49,0,0,16,0,16,0,5,58,2,65,8,0,8,73
04/11/2017,DPA,IL,AGL,CE,Towers with Radar,0,11,51,2,64,0,0,53,0,53,0,11,104,2,117,284,0,284,401
04/12/2017,DPA,IL,AGL,CE,Towers with Radar,0,18,54,1,73,0,0,144,2,146,0,18,198,3,219,147,0,147,366
04/13/2017,DPA,IL,AGL,CE,Towers with Radar,0,15,60,0,75,0,0,32,1,33,0,15,92,1,108,181,0,181,289
04/14/2017,DPA,IL,AGL,CE,Towers with Radar,0,11,35,0,46,0,0,93,0,93,0,11,128,0,139,148,0,148,287
04/15/2017,DPA,IL,AGL,CE,Towers with Radar,0,12,22,0,34,0,2,35,1,38,0,14,57,1,72,22,0,22,94
04/16/2017,DPA,IL,AGL,CE,Towers with Radar,0,5,23,0,28,0,0,43,1,44,0,5,66,1,72,112,0,112,184
04/17/2017,DPA,IL,AGL,CE,Towers with Radar,0,15,50,0,65,0,0,107,0,107,0,15,157,0,172,164,0,164,336
04/18/2017,DPA,IL,AGL,CE,Towers with Radar,0,20,58,0,78,0,0,76,0,76,0,20,134,0,154,74,0,74,228
04/19/2017,DPA,IL,AGL,CE,Towers with Radar,0,14,59,0,73,0,0,14,0,14,0,14,73,0,87,90,0,90,177
04/20/2017,DPA,IL,AGL,CE,Towers with Radar,0,13,45,0,58,0,0,32,2,34,0,13,77,2,92,68,0,68,160
04/21/2017,DPA,IL,AGL,CE,Towers with Radar,0,15,53,0,68,0,0,112,1,113,0,15,165,1,181,200,0,200,381
04/22/2017,DPA,IL,AGL,CE,Towers with Radar,0,8,27,0,35,0,0,138,0,138,0,8,165,0,173,182,0,182,355
04/23/2017,DPA,IL,AGL,CE,Towers with Radar,0,8,42,0,50,0,1,152,0,153,0,9,194,0,203,226,0,226,429
04/24/2017,DPA,IL,AGL,CE,Towers with Radar,0,11,36,1,48,0,0,102,3,105,0,11,138,4,153,130,0,130,283
04/25/2017,DPA,IL,AGL,CE,Towers with Radar,0,24,50,0,74,0,0,96,1,97,0,24,146,1,171,204,0,204,375
04/26/2017,DPA,IL,AGL,CE,Towers with Radar,0,18,77,0,95,0,0,38,0,38,0,18,115,0,133,105,0,105,238
04/27/2017,DPA,IL,AGL,CE,Towers with Radar,0,18,51,0,69,0,0,1,4,5,0,18,52,4,74,84,10,94,168
04/28/2017,DPA,IL,AGL,CE,Towers with Radar,0,7,50,0,57,0,0,60,1,61,0,7,110,1,118,141,0,141,259
04/29/2017,DPA,IL,AGL,CE,Towers with Radar,0,16,21,0,37,0,0,17,0,17,0,16,38,0,54,32,0,32,86
04/30/2017,DPA,IL,AGL,CE,Towers with Radar,0,9,34,0,43,0,0,0,0,0,0,9,34,0,43,0,0,0,43
05/01/2017,DPA,IL,AGL,CE,Towers with Radar,0,6,26,0,32,0,1,11,0,12,0,7,37,0,44,12,0,12,56
05/02/2017,DPA,IL,AGL,CE,Towers with Radar,0,14,61,0,75,0,0,32,0,32,0,14,93,0,107,27,0,27,134
05/03/2017,DPA,IL,AGL,CE,Towers with Radar,0,9,53,1,63,0,0,129,1,130,0,9,182,2,193,279,0,279,472
05/04/2017,DPA,IL,AGL,CE,Towers with Radar,0,20,34,0,54,0,0,58,1,59,0,20,92,1,113,91,0,91,204
05/05/2017,DPA,IL,AGL,CE,Towers with Radar,0,12,48,0,60,0,0,34,0,34,0,12,82,0,94,108,0,108,202
05/06/2017,DPA,IL,AGL,CE,Towers with Radar,0,11,34,0,45,0,0,103,0,103,0,11,137,0,148,244,0,244,392
05/07/2017,DPA,IL,AGL,CE,Towers with Radar,0,6,44,0,50,0,0,128,0,128,0,6,172,0,178,142,0,142,320
05/08/2017,DPA,IL,AGL,CE,Towers with Radar,0,7,52,0,59,0,2,98,1,101,0,9,150,1,160,252,0,252,412
05/09/2017,DPA,IL,AGL,CE,Towers with Radar,0,19,55,0,74,0,0,35,0,35,0,19,90,0,109,183,0,183,292
05/10/2017,DPA,IL,AGL,CE,Towers with Radar,0,20,60,2,82,0,0,51,0,51,0,20,111,2,133,103,0,103,236
05/11/2017,DPA,IL,AGL,CE,Towers with Radar,0,22,64,0,86,0,0,67,0,67,0,22,131,0,153,169,0,169,322
05/12/2017,DPA,IL,AGL,CE,Towers with Radar,0,15,50,0,65,0,0,155,0,155,0,15,205,0,220,197,0,197,417
05/13/2017,DPA,IL,AGL,CE,Towers with Radar,0,13,35,0,48,0,1,123,0,124,0,14,158,0,172,260,0,260,432
05/14/2017,DPA,IL,AGL,CE,Towers with Radar,0,9,33,0,42,0,0,69,0,69,0,9,102,0,111,243,0,243,354
05/15/2017,DPA,IL,AGL,CE,Towers with Radar,0,10,37,0,47,0,0,105,1,106,0,10,142,1,153,192,0,192,345
05/16/2017,DPA,IL,AGL,CE,Towers with Radar,0,11,45,1,57,0,1,69,0,70,0,12,114,1,127,36,0,36,163
05/17/2017,DPA,IL,AGL,CE,Towers with Radar,0,14,49,0,63,0,0,27,0,27,0,14,76,0,90,12,0,12,102
05/18/2017,DPA,IL,AGL,CE,Towers with Radar,0,14,45,0,59,0,0,40,1,41,0,14,85,1,100,8,0,8,108
05/19/2017,DPA,IL,AGL,CE,Towers with Radar,0,14,63,0,77,0,0,0,0,0,0,14,63,0,77,28,0,28,105
05/20/2017,DPA,IL,AGL,CE,Towers with Radar,0,13,31,0,44,0,0,1,0,1,0,13,32,0,45,34,0,34,79
05/21/2017,DPA,IL,AGL,CE,Towers with Radar,0,12,38,0,50,0,0,93,0,93,0,12,131,0,143,108,0,108,251
05/22/2017,DPA,IL,AGL,CE,Towers with Radar,0,13,50,1,64,0,3,108,4,115,0,16,158,5,179,168,0,168,347
05/23/2017,DPA,IL,AGL,CE,Towers with Radar,0,14,58,0,72,0,0,17,0,17,0,14,75,0,89,98,0,98,187
05/24/2017,DPA,IL,AGL,CE,Towers with Radar,0,13,88,0,101,0,0,20,0,20,0,13,108,0,121,138,0,138,259
05/25/2017,DPA,IL,AGL,CE,Towers with Radar,0,16,64,0,80,0,0,74,0,74,0,16,138,0,154,241,0,241,395
05/26/2017,DPA,IL,AGL,CE,Towers with Radar,2,17,55,4,78,0,0,70,0,70,2,17,125,4,148,120,0,120,268
05/27/2017,DPA,IL,AGL,CE,Towers with Radar,0,13,31,0,44,0,1,131,0,132,0,14,162,0,176,155,0,155,331
05/28/2017,DPA,IL,AGL,CE,Towers with Radar,0,10,22,0,32,0,0,45,0,45,0,10,67,0,77,146,0,146,223
05/29/2017,DPA,IL,AGL,CE,Towers with Radar,0,8,35,2,45,0,0,60,2,62,0,8,95,4,107,52,0,52,159
05/30/2017,DPA,IL,AGL,CE,Towers with Radar,0,9,38,0,47,0,0,74,0,74,0,9,112,0,121,125,0,125,246
05/31/2017,DPA,IL,AGL,CE,Towers with Radar,0,13,59,0,72,0,0,90,0,90,0,13,149,0,162,78,0,78,240
06/01/2017,DPA,IL,AGL,CE,Towers with Radar,0,9,48,0,57,0,0,135,0,135,0,9,183,0,192,208,0,208,400
06/02/2017,DPA,IL,AGL,CE,Towers with Radar,0,16,57,0,73,0,0,121,0,121,0,16,178,0,194,238,0,238,432
06/03/2017,DPA,IL,AGL,CE,Towers with Radar,0,14,22,1,37,0,1,95,0,96,0,15,117,1,133,126,0,126,259
06/04/2017,DPA,IL,AGL,CE,Towers with Radar,0,8,30,1,39,0,0,95,1,96,0,8,125,2,135,170,0,170,305
06/05/2017,DPA,IL,AGL,CE,Towers with Radar,0,9,35,0,44,0,0,102,0,102,0,9,137,0,146,140,0,140,286
06/06/2017,DPA,IL,AGL,CE,Towers with Radar,1,11,49,0,61,0,0,96,0,96,1,11,145,0,157,167,0,167,324
06/07/2017,DPA,IL,AGL,CE,Towers with Radar,1,14,50,0,65,0,0,119,0,119,1,14,169,0,184,156,0,156,340
06/08/2017,DPA,IL,AGL,CE,Towers with Radar,0,14,49,0,63,0,0,109,0,109,0,14,158,0,172,243,0,243,415
06/09/2017,DPA,IL,AGL,CE,Towers with Radar,0,15,49,0,64,0,0,118,0,118,0,15,167,0,182,122,0,122,304
06/10/2017,DPA,IL,AGL,CE,Towers with Radar,0,10,42,0,52,0,1,72,0,73,0,11,114,0,125,118,0,118,243
06/11/2017,DPA,IL,AGL,CE,Towers with Radar,0,7,50,0,57,0,0,75,0,75,0,7,125,0,132,54,0,54,186
06/12/2017,DPA,IL,AGL,CE,Towers with Radar,0,4,51,0,55,0,0,89,0,89,0,4,140,0,144,108,0,108,252
06/13/2017,DPA,IL,AGL,CE,Towers with Radar,0,14,43,0,57,0,0,53,1,54,0,14,96,1,111,237,0,237,348
06/14/2017,DPA,IL,AGL,CE,Towers with Radar,0,16,55,0,71,0,0,66,0,66,0,16,121,0,137,131,0,131,268
06/15/2017,DPA,IL,AGL,CE,Towers with Radar,0,19,51,0,70,0,0,120,1,121,0,19,171,1,191,222,0,222,413
06/16/2017,DPA,IL,AGL,CE,Towers with Radar,0,11,57,0,68,0,0,97,0,97,0,11,154,0,165,197,0,197,362
06/17/2017,DPA,IL,AGL,CE,Towers with Radar,0,11,39,0,50,0,0,51,0,51,0,11,90,0,101,204,0,204,305
06/18/2017,DPA,IL,AGL,CE,Towers with Radar,0,8,36,0,44,0,0,73,0,73,0,8,109,0,117,97,0,97,214
06/19/2017,DPA,IL,AGL,CE,Towers with Radar,0,18,64,0,82,0,0,73,1,74,0,18,137,1,156,87,0,87,243
06/20/2017,DPA,IL,AGL,CE,Towers with Radar,0,17,51,1,69,0,0,104,0,104,0,17,155,1,173,175,0,175,348
06/21/2017,DPA,IL,AGL,CE,Towers with Radar,0,17,59,0,76,0,0,140,0,140,0,17,199,0,216,227,0,227,443
06/22/2017,DPA,IL,AGL,CE,Towers with Radar,0,19,76,1,96,0,0,90,0,90,0,19,166,1,186,171,0,171,357
06/23/2017,DPA,IL,AGL,CE,Towers with Radar,0,14,50,0,64,0,0,111,0,111,0,14,161,0,175,220,0,220,395
06/24/2017,DPA,IL,AGL,CE,Towers with Radar,0,17,26,0,43,0,0,120,1,121,0,17,146,1,164,134,0,134,298
06/25/2017,DPA,IL,AGL,CE,Towers with Radar,0,8,40,0,48,0,1,113,2,116,0,9,153,2,164,102,0,102,266
06/26/2017,DPA,IL,AGL,CE,Towers with Radar,0,14,67,1,82,0,1,136,2,139,0,15,203,3,221,166,0,166,387
06/27/2017,DPA,IL,AGL,CE,Towers with Radar,0,11,58,0,69,0,0,173,0,173,0,11,231,0,242,241,0,241,483
06/28/2017,DPA,IL,AGL,CE,Towers with Radar,0,18,44,0,62,0,0,35,2,37,0,18,79,2,99,93,0,93,192
06/29/2017,DPA,IL,AGL,CE,Towers with Radar,0,12,49,0,61,0,0,67,0,67,0,12,116,0,128,158,0,158,286
06/30/2017,DPA,IL,AGL,CE,Towers with Radar,0,21,53,0,74,0,0,58,0,58,0,21,111,0,132,284,0,284,416
07/01/2017,DPA,IL,AGL,CE,Towers with Radar,0,23,35,0,58,0,0,122,0,122,0,23,157,0,180,210,0,210,390
07/02/2017,DPA,IL,AGL,CE,Towers with Radar,0,4,30,0,34,0,0,92,0,92,0,4,122,0,126,104,0,104,230
07/03/2017,DPA,IL,AGL,CE,Towers with Radar,0,2,23,0,25,0,0,98,0,98,0,2,121,0,123,283,0,283,406
07/04/2017,DPA,IL,AGL,CE,Towers with Radar,0,6,19,0,25,0,0,60,0,60,0,6,79,0,85,76,2,78,163
07/05/2017,DPA,IL,AGL,CE,Towers with Radar,0,14,30,0,44,0,0,76,1,77,0,14,106,1,121,220,0,220,341
07/06/2017,DPA,IL,AGL,CE,Towers with Radar,0,19,45,0,64,0,0,97,0,97,0,19,142,0,161,146,0,146,307
07/07/2017,DPA,IL,AGL,CE,Towers with Radar,0,10,57,0,67,0,0,96,0,96,0,10,153,0,163,131,0,131,294
07/08/2017,DPA,IL,AGL,CE,Towers with Radar,0,14,45,0,59,0,0,155,0,155,0,14,200,0,214,249,0,249,463
07/09/2017,DPA,IL,AGL,CE,Towers with Radar,0,4,36,2,42,0,0,98,0,98,0,4,134,2,140,167,0,167,307
07/10/2017,DPA,IL,AGL,CE,Towers with Radar,0,7,44,0,51,0,0,41,0,41,0,7,85,0,92,143,0,143,235
07/11/2017,DPA,IL,AGL,CE,Towers with Radar,0,20,67,0,87,0,0,93,0,93,0,20,160,0,180,270,0,270,450
07/12/2017,DPA,IL,AGL,CE,Towers with Radar,0,12,54,2,68,0,0,30,0,30,0,12,84,2,98,138,0,138,236
07/13/2017,DPA,IL,AGL,CE,Towers with Radar,0,9,49,0,58,0,0,117,0,117,0,9,166,0,175,176,0,176,351
07/14/2017,DPA,IL,AGL,CE,Towers with Radar,0,19,67,1,87,0,0,95,0,95,0,19,162,1,182,308,0,308,490
07/15/2017,DPA,IL,AGL,CE,Towers with Radar,0,11,37,0,48,0,0,130,0,130,0,11,167,0,178,234,0,234,412
07/16/2017,DPA,IL,AGL,CE,Towers with Radar,0,12,42,0,54,0,0,75,0,75,0,12,117,0,129,178,0,178,307
07/17/2017,DPA,IL,AGL,CE,Towers with Radar,0,4,44,2,50,0,0,123,0,123,0,4,167,2,173,226,0,226,399
07/18/2017,DPA,IL,AGL,CE,Towers with Radar,0,22,48,2,72,0,0,113,0,113,0,22,161,2,185,250,0,250,435
07/19/2017,DPA,IL,AGL,CE,Towers with Radar,2,25,71,0,98,0,0,105,1,106,2,25,176,1,204,184,0,184,388
07/20/2017,DPA,IL,AGL,CE,Towers with Radar,0,26,55,1,82,0,0,70,7,77,0,26,125,8,159,205,0,205,364
07/21/2017,DPA,IL,AGL,CE,Towers with Radar,0,22,51,4,77,0,0,89,0,89,0,22,140,4,166,210,0,210,376
07/22/2017,DPA,IL,AGL,CE,Towers with Radar,0,14,46,0,60,0,0,106,0,106,0,14,152,0,166,110,0,110,276
07/23/2017,DPA,IL,AGL,CE,Towers with Radar,0,8,44,0,52,0,1,105,0,106,0,9,149,0,158,150,0,150,308
07/24/2017,DPA,IL,AGL,CE,Towers with Radar,0,6,55,0,61,0,0,108,0,108,0,6,163,0,169,248,0,248,417
07/25/2017,DPA,IL,AGL,CE,Towers with Radar,0,19,52,0,71,0,0,120,0,120,0,19,172,0,191,268,0,268,459
07/26/2017,DPA,IL,AGL,CE,Towers with Radar,0,20,75,2,97,0,0,82,0,82,0,20,157,2,179,230,0,230,409
07/27/2017,DPA,IL,AGL,CE,Towers with Radar,0,16,68,1,85,0,0,89,2,91,0,16,157,3,176,172,0,172,348
07/28/2017,DPA,IL,AGL,CE,Towers with Radar,0,22,38,2,62,0,0,124,0,124,0,22,162,2,186,108,0,108,294
07/29/2017,DPA,IL,AGL,CE,Towers with Radar,0,13,25,0,38,0,0,108,0,108,0,13,133,0,146,145,0,145,291
07/30/2017,DPA,IL,AGL,CE,Towers with Radar,0,8,25,0,33,0,0,126,0,126,0,8,151,0,159,128,0,128,287
07/31/2017,DPA,IL,AGL,CE,Towers with Radar,0,13,43,0,56,0,0,134,1,135,0,13,177,1,191,176,0,176,367
08/01/2017,DPA,IL,AGL,CE,Towers with Radar,0,7,40,0,47,0,0,138,2,140,0,7,178,2,187,99,0,99,286
08/02/2017,DPA,IL,AGL,CE,Towers with Radar,0,7,46,0,53,0,0,119,1,120,0,7,165,1,173,196,0,196,369
08/03/2017,DPA,IL,AGL,CE,Towers with Radar,0,14,44,0,58,0,0,46,0,46,0,14,90,0,104,30,0,30,134
08/04/2017,DPA,IL,AGL,CE,Towers with Radar,0,11,60,2,73,0,0,44,3,47,0,11,104,5,120,78,0,78,198
08/05/2017,DPA,IL,AGL,CE,Towers with Radar,0,7,29,0,36,0,0,133,0,133,0,7,162,0,169,136,0,136,305
08/06/2017,DPA,IL,AGL,CE,Towers with Radar,0,7,42,0,49,0,0,104,1,105,0,7,146,1,154,150,0,150,304
08/07/2017,DPA,IL,AGL,CE,Towers with Radar,0,6,50,0,56,0,0,110,0,110,0,6,160,0,166,151,0,151,317
08/08/2017,DPA,IL,AGL,CE,Towers with Radar,0,17,45,1,63,0,0,131,0,131,0,17,176,1,194,210,0,210,404
08/09/2017,DPA,IL,AGL,CE,Towers with Radar,0,22,67,0,89,0,0,138,0,138,0,22,205,0,227,144,6,150,377
08/10/2017,DPA,IL,AGL,CE,Towers with Radar,0,12,59,0,71,0,0,83,1,84,0,12,142,1,155,76,0,76,231
08/11/2017,DPA,IL,AGL,CE,Towers with Radar,0,16,44,0,60,0,0,81,1,82,0,16,125,1,142,184,0,184,326
08/12/2017,DPA,IL,AGL,CE,Towers with Radar,0,14,26,0,40,0,0,126,0,126,0,14,152,0,166,157,0,157,323
08/13/2017,DPA,IL,AGL,CE,Towers with Radar,0,8,27,0,35,0,0,121,1,122,0,8,148,1,157,84,0,84,241
08/14/2017,DPA,IL,AGL,CE,Towers with Radar,0,8,42,0,50,0,0,108,0,108,0,8,150,0,158,149,0,149,307
08/15/2017,DPA,IL,AGL,CE,Towers with Radar,0,18,47,0,65,0,1,102,0,103,0,19,149,0,168,166,0,166,334
08/16/2017,DPA,IL,AGL,CE,Towers with Radar,0,17,41,1,59,0,0,72,0,72,0,17,113,1,131,92,0,92,223
08/17/2017,DPA,IL,AGL,CE,Towers with Radar,0,20,59,0,79,0,1,40,1,42,0,21,99,1,121,71,0,71,192
08/18/2017,DPA,IL,AGL,CE,Towers with Radar,0,18,51,0,69,0,0,77,1,78,0,18,128,1,147,0,0,0,147
08/19/2017,DPA,IL,AGL,CE,Towers with Radar,0,20,8,0,28,0,0,110,1,111,0,20,118,1,139,172,0,172,311
08/20/2017,DPA,IL,AGL,CE,Towers with Radar,0,6,29,0,35,0,0,99,0,99,0,6,128,0,134,136,0,136,270
08/21/2017,DPA,IL,AGL,CE,Towers with Radar,0,24,101,1,126,0,0,55,1,56,0,24,156,2,182,44,0,44,226
08/22/2017,DPA,IL,AGL,CE,Towers with Radar,0,20,39,0,59,0,0,49,0,49,0,20,88,0,108,58,0,58,166
08/23/2017,DPA,IL,AGL,CE,Towers with Radar,0,12,58,0,70,0,0,114,0,114,0,12,172,0,184,183,0,183,367
08/24/2017,DPA,IL,AGL,CE,Towers with Radar,0,12,61,3,76,0,0,91,2,93,0,12,152,5,169,149,0,149,318
08/25/2017,DPA,IL,AGL,CE,Towers with Radar,0,12,34,0,46,0,0,125,0,125,0,12,159,0,171,224,0,224,395
08/26/2017,DPA,IL,AGL,CE,Towers with Radar,0,11,22,0,33,0,0,131,0,131,0,11,153,0,164,192,0,192,356
08/27/2017,DPA,IL,AGL,CE,Towers with Radar,0,9,33,0,42,0,0,47,0,47,0,9,80,0,89,106,0,106,195
08/28/2017,DPA,IL,AGL,CE,Towers with Radar,0,8,38,1,47,0,0,50,1,51,0,8,88,2,98,166,0,166,264
08/29/2017,DPA,IL,AGL,CE,Towers with Radar,0,15,42,2,59,0,0,84,2,86,0,15,126,4,145,169,0,169,314
08/30/2017,DPA,IL,AGL,CE,Towers with Radar,0,16,60,1,77,0,0,97,0,97,0,16,157,1,174,168,0,168,342
08/31/2017,DPA,IL,AGL,CE,Towers with Radar,0,12,52,1,65,0,0,60,3,63,0,12,112,4,128,137,8,145,273
09/01/2017,DPA,IL,AGL,CE,Towers with Radar,0,16,63,0,79,0,0,119,0,119,0,16,182,0,198,101,1,102,300
09/02/2017,DPA,IL,AGL,CE,Towers with Radar,0,12,38,0,50,0,0,108,0,108,0,12,146,0,158,178,0,178,336
09/03/2017,DPA,IL,AGL,CE,Towers with Radar,0,5,22,0,27,0,0,83,1,84,0,5,105,1,111,55,0,55,166
09/04/2017,DPA,IL,AGL,CE,Towers with Radar,0,7,48,0,55,0,0,63,0,63,0,7,111,0,118,88,0,88,206
09/05/2017,DPA,IL,AGL,CE,Towers with Radar,0,14,37,2,53,0,0,81,1,82,0,14,118,3,135,75,6,81,216
09/06/2017,DPA,IL,AGL,CE,Towers with Radar,0,22,47,0,69,0,0,95,0,95,0,22,142,0,164,205,0,205,369
09/07/2017,DPA,IL,AGL,CE,Towers with Radar,0,24,58,0,82,0,0,89,1,90,0,24,147,1,172,119,0,119,291
09/08/2017,DPA,IL,AGL,CE,Towers with Radar,0,23,75,0,98,0,0,92,1,93,0,23,167,1,191,104,0,104,295
09/09/2017,DPA,IL,AGL,CE,Towers with Radar,0,26,40,0,66,0,2,156,2,160,0,28,196,2,226,145,0,145,371
09/10/2017,DPA,IL,AGL,CE,Towers with Radar,0,12,39,0,51,0,2,128,1,131,0,14,167,1,182,171,0,171,353
09/11/2017,DPA,IL,AGL,CE,Towers with Radar,0,11,37,0,48,0,3,108,1,112,0,14,145,1,160,118,0,118,278
09/12/2017,DPA,IL,AGL,CE,Towers with Radar,0,19,56,1,76,0,0,107,0,107,0,19,163,1,183,148,0,148,331
09/13/2017,DPA,IL,AGL,CE,Towers with Radar,0,19,81,0,100,0,0,81,1,82,0,19,162,1,182,101,0,101,283
09/14/2017,DPA,IL,AGL,CE,Towers with Radar,0,20,64,0,84,0,0,64,3,67,0,20,128,3,151,190,0,190,341
09/15/2017,DPA,IL,AGL,CE,Towers with Radar,0,14,38,0,52,0,0,106,0,106,0,14,144,0,158,172,0,172,330
09/16/2017,DPA,IL,AGL,CE,Towers with Radar,0,9,24,0,33,0,2,126,1,129,0,11,150,1,162,154,0,154,316
09/17/2017,DPA,IL,AGL,CE,Towers with Radar,0,10,51,0,61,0,0,78,1,79,0,10,129,1,140,80,0,80,220
09/18/2017,DPA,IL,AGL,CE,Towers with Radar,0,12,59,1,72,0,0,90,0,90,0,12,149,1,162,107,0,107,269
09/19/2017,DPA,IL,AGL,CE,Towers with Radar,0,9,44,0,53,0,0,74,0,74,0,9,118,0,127,228,0,228,355
09/20/2017,DPA,IL,AGL,CE,Towers with Radar,0,18,61,0,79,0,0,70,0,70,0,18,131,0,149,146,0,146,295
09/21/2017,DPA,IL,AGL,CE,Towers with Radar,0,19,30,1,50,0,0,89,1,90,0,19,119,2,140,156,0,156,296
09/22/2017,DPA,IL,AGL,CE,Towers with Radar,0,25,62,0,87,0,0,115,1,116,0,25,177,1,203,204,0,204,407
09/23/2017,DPA,IL,AGL,CE,Towers with Radar,0,18,37,0,55,0,0,128,1,129,0,18,165,1,184,124,0,124,308
09/24/2017,DPA,IL,AGL,CE,Towers with Radar,0,12,39,0,51,0,0,110,1,111,0,12,149,1,162,196,0,196,358
09/25/2017,DPA,IL,AGL,CE,Towers with Radar,0,5,51,0,56,0,0,82,0,82,0,5,133,0,138,172,0,172,310
09/26/2017,DPA,IL,AGL,CE,Towers with Radar,0,12,39,0,51,0,0,81,1,82,0,12,120,1,133,113,0,113,246
09/27/2017,DPA,IL,AGL,CE,Towers with Radar,0,13,73,0,86,0,0,98,1,99,0,13,171,1,185,104,0,104,289
09/28/2017,DPA,IL,AGL,CE,Towers with Radar,0,18,56,1,75,0,0,94,1,95,0,18,150,2,170,96,0,96,266
09/29/2017,DPA,IL,AGL,CE,Towers with Radar,0,13,42,0,55,0,0,104,2,106,0,13,146,2,161,92,0,92,253
09/30/2017,DPA,IL,AGL,CE,Towers with Radar,0,12,36,0,48,0,0,130,1,131,0,12,166,1,179,128,0,128,307
10/01/2017,DPA,IL,AGL,CE,Towers with Radar,0,10,31,0,41,0,0,111,0,111,0,10,142,0,152,136,0,136,288
10/02/2017,DPA,IL,AGL,CE,Towers with Radar,0,7,37,0,44,0,0,73,0,73,0,7,110,0,117,100,0,100,217
10/03/2017,DPA,IL,AGL,CE,Towers with Radar,0,20,54,0,74,0,0,47,1,48,0,20,101,1,122,128,0,128,250
10/04/2017,DPA,IL,AGL,CE,Towers with Radar,0,20,68,0,88,0,0,68,0,68,0,20,136,0,156,136,0,136,292
10/05/2017,DPA,IL,AGL,CE,Towers with Radar,0,14,49,0,63,0,0,114,1,115,0,14,163,1,178,147,0,147,325
10/06/2017,DPA,IL,AGL,CE,Towers with Radar,0,21,39,0,60,0,0,2,1,3,0,21,41,1,63,0,0,0,63
10/07/2017,DPA,IL,AGL,CE,Towers with Radar,0,19,31,1,51,0,0,25,2,27,0,19,56,3,78,24,0,24,102
10/08/2017,DPA,IL,AGL,CE,Towers with Radar,0,10,46,0,56,0,1,137,0,138,0,11,183,0,194,156,0,156,350
10/09/2017,DPA,IL,AGL,CE,Towers with Radar,0,15,48,0,63,0,0,106,0,106,0,15,154,0,169,222,0,222,391
10/10/2017,DPA,IL,AGL,CE,Towers with Radar,0,20,57,1,78,0,0,19,0,19,0,20,76,1,97,125,0,125,222
10/11/2017,DPA,IL,AGL,CE,Towers with Radar,0,16,56,0,72,0,0,1,0,1,0,16,57,0,73,0,0,0,73
10/12/2017,DPA,IL,AGL,CE,Towers with Radar,0,17,73,0,90,0,0,4,0,4,0,17,77,0,94,42,0,42,136
10/13/2017,DPA,IL,AGL,CE,Towers with Radar,0,16,66,0,82,0,0,100,0,100,0,16,166,0,182,284,0,284,466
10/14/2017,DPA,IL,AGL,CE,Towers with Radar,0,11,15,0,26,0,0,0,0,0,0,11,15,0,26,0,0,0,26
10/15/2017,DPA,IL,AGL,CE,Towers with Radar,0,6,43,0,49,0,0,25,0,25,0,6,68,0,74,42,0,42,116
10/16/2017,DPA,IL,AGL,CE,Towers with Radar,0,11,49,1,61,0,0,111,1,112,0,11,160,2,173,220,0,220,393
10/17/2017,DPA,IL,AGL,CE,Towers with Radar,0,18,52,0,70,0,0,107,0,107,0,18,159,0,177,202,0,202,379
10/18/2017,DPA,IL,AGL,CE,Towers with Radar,0,23,69,0,92,0,0,94,0,94,0,23,163,0,186,191,0,191,377
10/19/2017,DPA,IL,AGL,CE,Towers with Radar,0,16,94,6,116,0,2,117,1,120,0,18,211,7,236,174,0,174,410
10/20/2017,DPA,IL,AGL,CE,Towers with Radar,1,17,64,1,83,0,0,118,1,119,1,17,182,2,202,220,0,220,422
10/21/2017,DPA,IL,AGL,CE,Towers with Radar,0,15,34,0,49,0,0,96,2,98,0,15,130,2,147,70,0,70,217
10/22/2017,DPA,IL,AGL,CE,Towers with Radar,0,8,52,0,60,0,2,5,0,7,0,10,57,0,67,22,0,22,89
10/23/2017,DPA,IL,AGL,CE,Towers with Radar,0,11,53,0,64,0,0,34,0,34,0,11,87,0,98,118,0,118,216
10/24/2017,DPA,IL,AGL,CE,Towers with Radar,0,16,53,0,69,0,0,5,0,5,0,16,58,0,74,94,0,94,168
10/25/2017,DPA,IL,AGL,CE,Towers with Radar,0,12,59,0,71,0,0,117,0,117,0,12,176,0,188,206,0,206,394
10/26/2017,DPA,IL,AGL,CE,Towers with Radar,0,15,39,0,54,0,1,105,1,107,0,16,144,1,161,197,0,197,358
10/27/2017,DPA,IL,AGL,CE,Towers with Radar,0,18,47,0,65,0,0,55,0,55,0,18,102,0,120,56,0,56,176
10/28/2017,DPA,IL,AGL,CE,Towers with Radar,0,12,30,0,42,0,0,45,0,45,0,12,75,0,87,136,0,136,223
10/29/2017,DPA,IL,AGL,CE,Towers with Radar,0,14,36,0,50,0,0,122,1,123,0,14,158,1,173,192,0,192,365
10/30/2017,DPA,IL,AGL,CE,Towers with Radar,0,4,42,0,46,0,0,30,0,30,0,4,72,0,76,73,0,73,149
10/31/2017,DPA,IL,AGL,CE,Towers with Radar,0,13,20,0,33,0,0,72,0,72,0,13,92,0,105,106,0,106,211
11/01/2017,DPA,IL,AGL,CE,Towers with Radar,0,23,42,0,65,0,0,50,0,50,0,23,92,0,115,132,0,132,247
11/02/2017,DPA,IL,AGL,CE,Towers with Radar,0,12,53,0,65,0,0,3,0,3,0,12,56,0,68,10,0,10,78
11/03/2017,DPA,IL,AGL,CE,Towers with Radar,0,22,36,0,58,0,0,81,1,82,0,22,117,1,140,192,0,192,332
11/04/2017,DPA,IL,AGL,CE,Towers with Radar,0,12,29,0,41,0,0,2,0,2,0,12,31,0,43,0,0,0,43
11/05/2017,DPA,IL,AGL,CE,Towers with Radar,0,11,36,0,47,0,0,5,0,5,0,11,41,0,52,6,0,6,58
11/06/2017,DPA,IL,AGL,CE,Towers with Radar,0,4,36,0,40,0,0,88,0,88,0,4,124,0,128,128,0,128,256
11/07/2017,DPA,IL,AGL,CE,Towers with Radar,0,10,39,0,49,0,0,92,1,93,0,10,131,1,142,147,0,147,289
11/08/2017,DPA,IL,AGL,CE,Towers with Radar,0,18,56,0,74,0,0,140,2,142,0,18,196,2,216,201,0,201,417
11/09/2017,DPA,IL,AGL,CE,Towers with Radar,0,13,46,0,59,0,0,69,0,69,0,13,115,0,128,68,0,68,196
11/10/2017,DPA,IL,AGL,CE,Towers with Radar,0,23,41,0,64,0,0,96,3,99,0,23,137,3,163,171,0,171,334
11/11/2017,DPA,IL,AGL,CE,Towers with Radar,0,10,32,0,42,0,0,99,2,101,0,10,131,2,143,144,0,144,287
11/12/2017,DPA,IL,AGL,CE,Towers with Radar,0,6,40,0,46,0,0,4,0,4,0,6,44,0,50,18,0,18,68
11/13/2017,DPA,IL,AGL,CE,Towers with Radar,0,6,49,0,55,0,0,0,0,0,0,6,49,0,55,0,0,0,55
11/14/2017,DPA,IL,AGL,CE,Towers with Radar,0,25,40,1,66,0,0,81,1,82,0,25,121,2,148,159,0,159,307
11/15/2017,DPA,IL,AGL,CE,Towers with Radar,0,18,37,0,55,0,0,21,0,21,0,18,58,0,76,43,0,43,119
11/16/2017,DPA,IL,AGL,CE,Towers with Radar,0,14,68,0,82,0,0,43,0,43,0,14,111,0,125,207,0,207,332
11/17/2017,DPA,IL,AGL,CE,Towers with Radar,0,17,46,0,63,0,0,32,1,33,0,17,78,1,96,80,0,80,176
11/18/2017,DPA,IL,AGL,CE,Towers with Radar,0,17,24,0,41,0,0,2,0,2,0,17,26,0,43,0,0,0,43
11/19/2017,DPA,IL,AGL,CE,Towers with Radar,0,7,26,0,33,0,1,133,0,134,0,8,159,0,167,138,0,138,305
11/20/2017,DPA,IL,AGL,CE,Towers with Radar,0,14,40,0,54,0,0,95,1,96,0,14,135,1,150,178,0,178,328
11/21/2017,DPA,IL,AGL,CE,Towers with Radar,0,22,66,1,89,0,0,89,0,89,0,22,155,1,178,199,1,200,378
11/22/2017,DPA,IL,AGL,CE,Towers with Radar,0,14,61,0,75,0,0,151,0,151,0,14,212,0,226,257,0,257,483
11/23/2017,DPA,IL,AGL,CE,Towers with Radar,0,9,16,0,25,0,1,29,4,34,0,10,45,4,59,52,0,52,111
11/24/2017,DPA,IL,AGL,CE,Towers with Radar,0,6,25,0,31,0,0,60,1,61,0,6,85,1,92,108,0,108,200
11/25/2017,DPA,IL,AGL,CE,Towers with Radar,0,22,39,0,61,0,0,149,1,150,0,22,188,1,211,76,0,76,287
11/26/2017,DPA,IL,AGL,CE,Towers with Radar,0,13,68,0,81,0,0,128,0,128,0,13,196,0,209,174,0,174,383
11/27/2017,DPA,IL,AGL,CE,Towers with Radar,0,8,64,0,72,0,0,111,0,111,0,8,175,0,183,262,0,262,445
11/28/2017,DPA,IL,AGL,CE,Towers with Radar,1,17,40,0,58,0,0,34,1,35,1,17,74,1,93,38,0,38,131
11/29/2017,DPA,IL,AGL,CE,Towers with Radar,0,15,47,0,62,0,0,131,1,132,0,15,178,1,194,193,0,193,387
11/30/2017,DPA,IL,AGL,CE,Towers with Radar,0,25,47,1,73,0,1,72,4,77,0,26,119,5,150,154,0,154,304
12/01/2017,DPA,IL,AGL,CE,Towers with Radar,0,17,53,0,70,0,0,125,0,125,0,17,178,0,195,147,0,147,342
12/02/2017,DPA,IL,AGL,CE,Towers with Radar,0,8,43,0,51,0,2,112,0,114,0,10,155,0,165,204,0,204,369
12/03/2017,DPA,IL,AGL,CE,Towers with Radar,0,14,31,0,45,0,0,104,3,107,0,14,135,3,152,206,0,206,358
12/04/2017,DPA,IL,AGL,CE,Towers with Radar,0,2,32,0,34,0,0,15,0,15,0,2,47,0,49,4,0,4,53
12/05/2017,DPA,IL,AGL,CE,Towers with Radar,0,12,33,0,45,0,0,11,0,11,0,12,44,0,56,0,0,0,56
12/06/2017,DPA,IL,AGL,CE,Towers with Radar,0,10,44,0,54,0,0,75,0,75,0,10,119,0,129,41,0,41,170
12/07/2017,DPA,IL,AGL,CE,Towers with Radar,0,8,35,0,43,0,0,67,2,69,0,8,102,2,112,133,0,133,245
12/08/2017,DPA,IL,AGL,CE,Towers with Radar,0,15,42,2,59,0,0,103,0,103,0,15,145,2,162,173,0,173,335
12/09/2017,DPA,IL,AGL,CE,Towers with Radar,0,13,19,0,32,0,0,17,0,17,0,13,36,0,49,34,0,34,83
12/10/2017,DPA,IL,AGL,CE,Towers with Radar,0,10,24,0,34,0,0,83,0,83,0,10,107,0,117,124,0,124,241
12/11/2017,DPA,IL,AGL,CE,Towers with Radar,0,8,38,0,46,0,0,59,1,60,0,8,97,1,106,172,0,172,278
12/12/2017,DPA,IL,AGL,CE,Towers with Radar,0,15,35,1,51,0,0,96,0,96,0,15,131,1,147,126,2,128,275
12/13/2017,DPA,IL,AGL,CE,Towers with Radar,0,10,42,0,52,0,0,37,0,37,0,10,79,0,89,82,0,82,171
12/14/2017,DPA,IL,AGL,CE,Towers with Radar,0,18,46,3,67,0,0,73,2,75,0,18,119,5,142,128,0,128,270
12/15/2017,DPA,IL,AGL,CE,Towers with Radar,0,16,39,0,55,0,0,58,0,58,0,16,97,0,113,36,0,36,149
12/16/2017,DPA,IL,AGL,CE,Towers with Radar,0,13,29,0,42,0,0,131,0,131,0,13,160,0,173,146,0,146,319
12/17/2017,DPA,IL,AGL,CE,Towers with Radar,0,8,23,0,31,0,0,25,0,25,0,8,48,0,56,88,0,88,144
12/18/2017,DPA,IL,AGL,CE,Towers with Radar,0,2,53,0,55,0,0,13,1,14,0,2,66,1,69,0,0,0,69
12/19/2017,DPA,IL,AGL,CE,Towers with Radar,0,12,51,0,63,0,0,154,0,154,0,12,205,0,217,143,0,143,360
12/20/2017,DPA,IL,AGL,CE,Towers with Radar,0,16,54,0,70,0,0,145,0,145,0,16,199,0,215,110,0,110,325
12/21/2017,DPA,IL,AGL,CE,Towers with Radar,0,14,25,0,39,0,0,90,0,90,0,14,115,0,129,123,0,123,252
12/22/2017,DPA,IL,AGL,CE,Towers with Radar,2,12,44,0,58,0,0,8,0,8,2,12,52,0,66,62,0,62,128
12/23/2017,DPA,IL,AGL,CE,Towers with Radar,0,17,37,0,54,0,0,110,1,111,0,17,147,1,165,74,0,74,239
12/24/2017,DPA,IL,AGL,CE,Towers with Radar,0,4,8,0,12,0,0,1,0,1,0,4,9,0,13,0,0,0,13
12/25/2017,DPA,IL,AGL,CE,Towers with Radar,0,7,9,0,16,0,0,9,0,9,0,7,18,0,25,16,0,16,41
12/26/2017,DPA,IL,AGL,CE,Towers with Radar,0,12,57,0,69,0,0,59,0,59,0,12,116,0,128,20,0,20,148
12/27/2017,DPA,IL,AGL,CE,Towers with Radar,0,17,27,0,44,0,0,61,0,61,0,17,88,0,105,22,0,22,127
12/28/2017,DPA,IL,AGL,CE,Towers with Radar,0,22,28,0,50,0,0,18,0,18,0,22,46,0,68,12,0,12,80
12/29/2017,DPA,IL,AGL,CE,Towers with Radar,0,18,26,0,44,0,0,17,0,17,0,18,43,0,61,8,0,8,69
12/30/2017,DPA,IL,AGL,CE,Towers with Radar,0,11,20,0,31,0,0,35,1,36,0,11,55,1,67,4,0,4,71
12/31/2017,DPA,IL,AGL,CE,Towers with Radar,0,10,7,0,17,0,0,27,0,27,0,10,34,0,44,14,0,14,58
01/01/2018,DPA,IL,AGL,CE,Towers with Radar,0,9,14,0,23,0,0,9,0,9,0,9,23,0,32,0,0,0,32
01/02/2018,DPA,IL,AGL,CE,Towers with Radar,0,12,28,0,40,0,0,37,0,37,0,12,65,0,77,30,0,30,107
01/03/2018,DPA,IL,AGL,CE,Towers with Radar,0,14,30,0,44,0,0,32,0,32,0,14,62,0,76,68,0,68,144
01/04/2018,DPA,IL,AGL,CE,Towers with Radar,0,21,26,0,47,0,0,70,1,71,0,21,96,1,118,71,0,71,189
01/05/2018,DPA,IL,AGL,CE,Towers with Radar,0,17,41,0,58,0,0,74,0,74,0,17,115,0,132,77,0,77,209
01/06/2018,DPA,IL,AGL,CE,Towers with Radar,0,24,30,0,54,0,0,91,0,91,0,24,121,0,145,53,0,53,198
01/07/2018,DPA,IL,AGL,CE,Towers with Radar,0,10,23,0,33,0,0,18,0,18,0,10,41,0,51,42,0,42,93
01/08/2018,DPA,IL,AGL,CE,Towers with Radar,0,9,36,0,45,0,0,42,1,43,0,9,78,1,88,89,0,89,177
01/09/2018,DPA,IL,AGL,CE,Towers with Radar,0,10,40,0,50,0,0,4,0,4,0,10,44,0,54,6,0,6,60
01/10/2018,DPA,IL,AGL,CE,Towers with Radar,0,7,29,0,36,0,0,0,0,0,0,7,29,0,36,0,0,0,36
01/11/2018,DPA,IL,AGL,CE,Towers with Radar,0,13,29,0,42,0,0,1,1,2,0,13,30,1,44,0,0,0,44
01/12/2018,DPA,IL,AGL,CE,Towers with Radar,0,21,32,0,53,0,0,40,2,42,0,21,72,2,95,69,0,69,164
01/13/2018,DPA,IL,AGL,CE,Towers with Radar,0,12,21,0,33,0,0,83,0,83,0,12,104,0,116,38,0,38,154
01/14/2018,DPA,IL,AGL,CE,Towers with Radar,0,10,29,0,39,0,0,58,0,58,0,10,87,0,97,114,0,114,211
01/15/2018,DPA,IL,AGL,CE,Towers with Radar,0,8,25,0,33,0,0,0,0,0,0,8,25,0,33,0,0,0,33
01/16/2018,DPA,IL,AGL,CE,Towers with Radar,0,13,35,0,48,0,0,34,1,35,0,13,69,1,83,88,0,88,171
01/17/2018,DPA,IL,AGL,CE,Towers with Radar,0,9,36,0,45,0,0,74,1,75,0,9,110,1,120,94,0,94,214
01/18/2018,DPA,IL,AGL,CE,Towers with Radar,0,16,35,1,52,0,1,68,1,70,0,17,103,2,122,84,0,84,206
01/19/2018,DPA,IL,AGL,CE,Towers with Radar,1,12,22,1,36,0,0,95,2,97,1,12,117,3,133,159,0,159,292
01/20/2018,DPA,IL,AGL,CE,Towers with Radar,1,8,29,0,38,0,0,148,1,149,1,8,177,1,187,190,0,190,377
01/21/2018,DPA,IL,AGL,CE,Towers with Radar,0,0,8,0,8,0,0,0,0,0,0,0,8,0,8,0,0,0,8
01/22/2018,DPA,IL,AGL,CE,Towers with Radar,0,6,27,0,33,0,0,1,0,1,0,6,28,0,34,34,0,34,68
01/23/2018,DPA,IL,AGL,CE,Towers with Radar,0,13,44,0,57,0,0,10,0,10,0,13,54,0,67,96,0,96,163
01/24/2018,DPA,IL,AGL,CE,Towers with Radar,0,14,41,0,55,0,0,4,1,5,0,14,45,1,60,0,0,0,60
01/25/2018,DPA,IL,AGL,CE,Towers with Radar,0,10,50,0,60,0,0,94,2,96,0,10,144,2,156,144,0,144,300
01/26/2018,DPA,IL,AGL,CE,Towers with Radar,0,11,34,1,46,0,0,25,0,25,0,11,59,1,71,55,0,55,126
01/27/2018,DPA,IL,AGL,CE,Towers with Radar,0,10,30,1,41,0,1,100,0,101,0,11,130,1,142,148,0,148,290
01/28/2018,DPA,IL,AGL,CE,Towers with Radar,0,11,30,0,41,0,0,80,1,81,0,11,110,1,122,170,0,170,292
01/29/2018,DPA,IL,AGL,CE,Towers with Radar,0,12,29,0,41,0,0,46,0,46,0,12,75,0,87,170,0,170,257
01/30/2018,DPA,IL,AGL,CE,Towers with Radar,0,12,44,1,57,0,2,110,1,113,0,14,154,2,170,134,0,134,304
01/31/2018,DPA,IL,AGL,CE,Towers with Radar,0,11,35,0,46,0,0,57,0,57,0,11,92,0,103,92,0,92,195
02/01/2018,DPA,IL,AGL,CE,Towers with Radar,0,10,25,1,36,0,0,54,1,55,0,10,79,2,91,52,0,52,143
02/02/2018,DPA,IL,AGL,CE,Towers with Radar,0,17,44,1,62,0,1,78,2,81,0,18,122,3,143,92,0,92,235
02/03/2018,DPA,IL,AGL,CE,Towers with Radar,0,7,20,0,27,0,0,56,1,57,0,7,76,1,84,55,0,55,139
02/04/2018,DPA,IL,AGL,CE,Towers with Radar,0,3,15,0,18,0,0,1,0,1,0,3,16,0,19,0,0,0,19
02/05/2018,DPA,IL,AGL,CE,Towers with Radar,0,9,42,1,52,0,0,22,1,23,0,9,64,2,75,39,0,39,114
02/06/2018,DPA,IL,AGL,CE,Towers with Radar,0,14,32,0,46,0,0,64,0,64,0,14,96,0,110,44,0,44,154
02/07/2018,DPA,IL,AGL,CE,Towers with Radar,0,15,45,0,60,0,0,21,0,21,0,15,66,0,81,21,0,21,102
02/08/2018,DPA,IL,AGL,CE,Towers with Radar,0,14,56,2,72,0,0,65,0,65,0,14,121,2,137,0,0,0,137
02/09/2018,DPA,IL,AGL,CE,Towers with Radar,0,15,25,0,40,0,0,4,0,4,0,15,29,0,44,0,0,0,44
02/10/2018,DPA,IL,AGL,CE,Towers with Radar,0,14,30,0,44,0,0,17,0,17,0,14,47,0,61,78,0,78,139
02/11/2018,DPA,IL,AGL,CE,Towers with Radar,0,7,28,0,35,0,0,20,0,20,0,7,48,0,55,66,0,66,121
02/12/2018,DPA,IL,AGL,CE,Towers with Radar,0,5,35,2,42,0,0,110,3,113,0,5,145,5,155,102,0,102,257
02/13/2018,DPA,IL,AGL,CE,Towers with Radar,0,13,38,1,52,0,2,108,0,110,0,15,146,1,162,164,0,164,326
02/14/2018,DPA,IL,AGL,CE,Towers with Radar,0,16,39,0,55,0,1,44,0,45,0,17,83,0,100,119,0,119,219
02/15/2018,DPA,IL,AGL,CE,Towers with Radar,0,14,42,0,56,0,0,10,0,10,0,14,52,0,66,0,0,0,66
02/16/2018,DPA,IL,AGL,CE,Towers with Radar,0,19,52,0,71,0,0,122,0,122,0,19,174,0,193,174,0,174,367
02/17/2018,DPA,IL,AGL,CE,Towers with Radar,0,12,15,0,27,0,0,58,0,58,0,12,73,0,85,126,0,126,211
02/18/2018,DPA,IL,AGL,CE,Towers with Radar,0,1,24,0,25,0,0,64,0,64,0,1,88,0,89,104,0,104,193
02/19/2018,DPA,IL,AGL,CE,Towers with Radar,0,4,35,0,39,0,0,2,0,2,0,4,37,0,41,0,0,0,41
02/20/2018,DPA,IL,AGL,CE,Towers with Radar,0,11,20,0,31,0,0,3,0,3,0,11,23,0,34,0,0,0,34
02/21/2018,DPA,IL,AGL,CE,Towers with Radar,0,13,59,0,72,0,0,129,0,129,0,13,188,0,201,174,0,174,375
02/22/2018,DPA,IL,AGL,CE,Towers with Radar,0,17,40,0,57,0,0,59,2,61,0,17,99,2,118,86,0,86,204
02/23/2018,DPA,IL,AGL,CE,Towers with Radar,0,16,60,0,76,0,0,10,1,11,0,16,70,1,87,66,0,66,153
02/24/2018,DPA,IL,AGL,CE,Towers with Radar,0,13,14,0,27,0,0,10,0,10,0,13,24,0,37,124,0,124,161
02/25/2018,DPA,IL,AGL,CE,Towers with Radar,0,7,31,0,38,0,0,65,0,65,0,7,96,0,103,62,0,62,165
02/26/2018,DPA,IL,AGL,CE,Towers with Radar,0,7,56,0,63,0,0,141,0,141,0,7,197,0,204,140,0,140,344
02/27/2018,DPA,IL,AGL,CE,Towers with Radar,0,19,42,1,62,0,0,100,1,101,0,19,142,2,163,63,0,63,226
02/28/2018,DPA,IL,AGL,CE,Towers with Radar,0,13,29,0,42,0,0,58,1,59,0,13,87,1,101,91,0,91,192
03/01/2018,DPA,IL,AGL,CE,Towers with Radar,0,17,52,1,70,0,0,30,0,30,0,17,82,1,100,76,0,76,176
03/02/2018,DPA,IL,AGL,CE,Towers with Radar,0,27,48,1,76,0,0,171,0,171,0,27,219,1,247,126,0,126,373
03/03/2018,DPA,IL,AGL,CE,Towers with Radar,0,17,36,1,54,0,0,172,1,173,0,17,208,2,227,184,0,184,411
03/04/2018,DPA,IL,AGL,CE,Towers with Radar,0,9,41,0,50,0,0,170,0,170,0,9,211,0,220,142,0,142,362
03/05/2018,DPA,IL,AGL,CE,Towers with Radar,0,5,35,0,40,0,0,25,1,26,0,5,60,1,66,68,0,68,134
03/06/2018,DPA,IL,AGL,CE,Towers with Radar,0,14,32,0,46,0,0,0,0,0,0,14,32,0,46,0,0,0,46
03/07/2018,DPA,IL,AGL,CE,Towers with Radar,0,16,52,0,68,0,0,83,0,83,0,16,135,0,151,167,0,167,318
03/08/2018,DPA,IL,AGL,CE,Towers with Radar,0,18,45,0,63,0,0,108,2,110,0,18,153,2,173,169,0,169,342
03/09/2018,DPA,IL,AGL,CE,Towers with Radar,0,14,42,0,56,0,0,118,0,118,0,14,160,0,174,240,0,240,414
03/10/2018,DPA,IL,AGL,CE,Towers with Radar,0,11,30,0,41,0,0,154,1,155,0,11,184,1,196,164,0,164,360
03/11/2018,DPA,IL,AGL,CE,Towers with Radar,0,11,27,0,38,0,0,108,2,110,0,11,135,2,148,160,0,160,308
03/12/2018,DPA,IL,AGL,CE,Towers with Radar,0,12,34,1,47,0,0,77,0,77,0,12,111,1,124,90,0,90,214
03/13/2018,DPA,IL,AGL,CE,Towers with Radar,0,19,33,1,53,0,0,45,1,46,0,19,78,2,99,70,0,70,169
03/14/2018,DPA,IL,AGL,CE,Towers with Radar,0,8,39,0,47,0,0,133,0,133,0,8,172,0,180,245,0,245,425
03/15/2018,DPA,IL,AGL,CE,Towers with Radar,0,11,25,0,36,0,1,126,0,127,0,12,151,0,163,283,0,283,446
03/16/2018,DPA,IL,AGL,CE,Towers with Radar,0,12,23,1,36,0,0,124,3,127,0,12,147,4,163,258,0,258,421
03/17/2018,DPA,IL,AGL,CE,Towers with Radar,0,12,19,0,31,0,0,95,0,95,0,12,114,0,126,70,0,70,196
03/18/2018,DPA,IL,AGL,CE,Towers with Radar,0,9,26,0,35,0,0,172,0,172,0,9,198,0,207,134,0,134,341
03/19/2018,DPA,IL,AGL,CE,Towers with Radar,0,7,44,0,51,0,0,88,0,88,0,7,132,0,139,80,0,80,219
03/20/2018,DPA,IL,AGL,CE,Towers with Radar,0,12,34,0,46,0,0,73,0,73,0,12,107,0,119,102,0,102,221
03/21/2018,DPA,IL,AGL,CE,Towers with Radar,0,17,54,0,71,0,0,103,0,103,0,17,157,0,174,130,0,130,304
03/22/2018,DPA,IL,AGL,CE,Towers with Radar,0,15,45,0,60,0,1,174,0,175,0,16,219,0,235,213,0,213,448
03/23/2018,DPA,IL,AGL,CE,Towers with Radar,0,17,42,0,59,0,0,143,0,143,0,17,185,0,202,120,0,120,322
03/24/2018,DPA,IL,AGL,CE,Towers with Radar,0,18,24,0,42,0,0,29,0,29,0,18,53,0,71,14,0,14,85
03/25/2018,DPA,IL,AGL,CE,Towers with Radar,0,10,29,0,39,0,0,154,0,154,0,10,183,0,193,126,0,126,319
03/26/2018,DPA,IL,AGL,CE,Towers with Radar,0,8,36,0,44,0,0,71,0,71,0,8,107,0,115,174,0,174,289
03/27/2018,DPA,IL,AGL,CE,Towers with Radar,0,15,31,0,46,0,0,22,0,22,0,15,53,0,68,46,0,46,114
03/28/2018,DPA,IL,AGL,CE,Towers with Radar,0,12,52,0,64,0,1,148,0,149,0,13,200,0,213,194,0,194,407
03/29/2018,DPA,IL,AGL,CE,Towers with Radar,0,12,48,0,60,0,0,71,1,72,0,12,119,1,132,139,0,139,271
03/30/2018,DPA,IL,AGL,CE,Towers with Radar,0,16,44,0,60,0,1,145,1,147,0,17,189,1,207,212,0,212,419
03/31/2018,DPA,IL,AGL,CE,Towers with Radar,0,20,33,0,53,0,0,15,0,15,0,20,48,0,68,6,0,6,74
04/01/2018,DPA,IL,AGL,CE,Towers with Radar,0,12,27,0,39,0,0,83,0,83,0,12,110,0,122,74,0,74,196
04/02/2018,DPA,IL,AGL,CE,Towers with Radar,0,10,30,0,40,0,0,122,1,123,0,10,152,1,163,142,0,142,305
04/03/2018,DPA,IL,AGL,CE,Towers with Radar,0,21,32,2,55,0,0,0,0,0,0,21,32,2,55,0,0,0,55
04/04/2018,DPA,IL,AGL,CE,Towers with Radar,0,14,38,0,52,0,0,59,0,59,0,14,97,0,111,104,0,104,215
04/05/2018,DPA,IL,AGL,CE,Towers with Radar,0,15,26,0,41,0,1,58,0,59,0,16,84,0,100,30,0,30,130
04/06/2018,DPA,IL,AGL,CE,Towers with Radar,0,12,52,1,65,0,0,56,0,56,0,12,108,1,121,64,0,64,185
04/07/2018,DPA,IL,AGL,CE,Towers with Radar,0,19,46,0,65,0,0,166,0,166,0,19,212,0,231,180,0,180,411
04/08/2018,DPA,IL,AGL,CE,Towers with Radar,0,9,29,0,38,0,0,143,0,143,0,9,172,0,181,236,0,236,417
04/09/2018,DPA,IL,AGL,CE,Towers with Radar,0,5,42,0,47,0,0,10,0,10,0,5,52,0,57,102,0,102,159
04/10/2018,DPA,IL,AGL,CE,Towers with Radar,0,14,39,0,53,0,1,144,1,146,0,15,183,1,199,196,0,196,395
04/11/2018,DPA,IL,AGL,CE,Towers with Radar,0,13,34,2,49,0,0,128,3,131,0,13,162,5,180,268,0,268,448
04/12/2018,DPA,IL,AGL,CE,Towers with Radar,0,17,40,0,57,0,1,122,2,125,0,18,162,2,182,232,0,232,414
04/13/2018,DPA,IL,AGL,CE,Towers with Radar,0,12,48,3,63,0,0,56,1,57,0,12,104,4,120,182,0,182,302
04/14/2018,DPA,IL,AGL,CE,Towers with Radar,0,17,22,0,39,0,0,0,0,0,0,17,22,0,39,2,0,2,41
04/15/2018,DPA,IL,AGL,CE,Towers with Radar,0,12,26,0,38,0,0,0,0,0,0,12,26,0,38,0,0,0,38
04/16/2018,DPA,IL,AGL,CE,Towers with Radar,0,8,30,0,38,0,0,9,0,9,0,8,39,0,47,0,0,0,47
04/17/2018,DPA,IL,AGL,CE,Towers with Radar,0,16,35,0,51,0,0,125,1,126,0,16,160,1,177,258,0,258,435
04/18/2018,DPA,IL,AGL,CE,Towers with Radar,0,15,35,0,50,0,0,24,0,24,0,15,59,0,74,93,0,93,167
04/19/2018,DPA,IL,AGL,CE,Towers with Radar,0,16,63,0,79,0,0,129,0,129,0,16,192,0,208,295,0,295,503
04/20/2018,DPA,IL,AGL,CE,Towers with Radar,0,9,54,0,63,0,1,201,2,204,0,10,255,2,267,331,0,331,598
04/21/2018,DPA,IL,AGL,CE,Towers with Radar,0,15,34,1,50,0,0,156,0,156,0,15,190,1,206,180,0,180,386
04/22/2018,DPA,IL,AGL,CE,Towers with Radar,0,17,37,1,55,0,0,137,0,137,0,17,174,1,192,208,0,208,400
04/23/2018,DPA,IL,AGL,CE,Towers with Radar,0,13,41,1,55,0,0,133,1,134,0,13,174,2,189,222,0,222,411
04/24/2018,DPA,IL,AGL,CE,Towers with Radar,0,16,47,0,63,0,0,117,0,117,0,16,164,0,180,289,0,289,469
04/25/2018,DPA,IL,AGL,CE,Towers with Radar,0,16,49,1,66,0,0,165,2,167,0,16,214,3,233,224,0,224,457
04/26/2018,DPA,IL,AGL,CE,Towers with Radar,0,11,48,0,59,0,0,164,0,164,0,11,212,0,223,217,0,217,440
04/27/2018,DPA,IL,AGL,CE,Towers with Radar,0,21,58,0,79,0,0,124,1,125,0,21,182,1,204,167,0,167,371
04/28/2018,DPA,IL,AGL,CE,Towers with Radar,0,7,30,0,37,0,0,114,0,114,0,7,144,0,151,127,0,127,278
04/29/2018,DPA,IL,AGL,CE,Towers with Radar,1,2,38,0,41,0,0,192,1,193,1,2,230,1,234,138,0,138,372
04/30/2018,DPA,IL,AGL,CE,Towers with Radar,0,6,34,0,40,0,0,114,0,114,0,6,148,0,154,216,0,216,370
05/01/2018,DPA,IL,AGL,CE,Towers with Radar,0,16,49,2,67,0,0,60,2,62,0,16,109,4,129,105,0,105,234
05/02/2018,DPA,IL,AGL,CE,Towers with Radar,0,21,41,0,62,0,0,75,0,75,0,21,116,0,137,118,0,118,255
05/03/2018,DPA,IL,AGL,CE,Towers with Radar,0,22,56,0,78,0,0,23,0,23,0,22,79,0,101,74,0,74,175
05/04/2018,DPA,IL,AGL,CE,Towers with Radar,0,19,61,0,80,0,0,122,0,122,0,19,183,0,202,98,0,98,300
05/05/2018,DPA,IL,AGL,CE,Towers with Radar,0,20,34,0,54,0,0,156,0,156,0,20,190,0,210,276,0,276,486
05/06/2018,DPA,IL,AGL,CE,Towers with Radar,0,14,38,1,53,0,0,137,0,137,0,14,175,1,190,224,0,224,414
05/07/2018,DPA,IL,AGL,CE,Towers with Radar,0,10,38,2,50,0,0,158,1,159,0,10,196,3,209,300,0,300,509
05/08/2018,DPA,IL,AGL,CE,Towers with Radar,0,24,61,0,85,0,0,206,0,206,0,24,267,0,291,326,0,326,617
05/09/2018,DPA,IL,AGL,CE,Towers with Radar,0,28,32,0,60,0,0,25,0,25,0,28,57,0,85,96,0,96,181
05/10/2018,DPA,IL,AGL,CE,Towers with Radar,0,23,39,4,66,0,0,180,2,182,0,23,219,6,248,289,0,289,537
05/11/2018,DPA,IL,AGL,CE,Towers with Radar,0,24,31,0,55,0,0,55,0,55,0,24,86,0,110,212,0,212,322
05/12/2018,DPA,IL,AGL,CE,Towers with Radar,0,11,27,0,38,0,0,1,0,1,0,11,28,0,39,4,0,4,43
05/13/2018,DPA,IL,AGL,CE,Towers with Radar,0,9,22,0,31,0,0,25,1,26,0,9,47,1,57,74,0,74,131
05/14/2018,DPA,IL,AGL,CE,Towers with Radar,0,11,40,0,51,0,0,67,0,67,0,11,107,0,118,128,0,128,246
05/15/2018,DPA,IL,AGL,CE,Towers with Radar,0,17,38,0,55,0,0,90,0,90,0,17,128,0,145,129,0,129,274
05/16/2018,DPA,IL,AGL,CE,Towers with Radar,0,13,49,1,63,0,0,185,1,186,0,13,234,2,249,325,0,325,574
05/17/2018,DPA,IL,AGL,CE,Towers with Radar,0,16,94,0,110,0,0,176,1,177,0,16,270,1,287,166,0,166,453
05/18/2018,DPA,IL,AGL,CE,Towers with Radar,0,13,58,0,71,0,0,122,1,123,0,13,180,1,194,214,0,214,408
05/19/2018,DPA,IL,AGL,CE,Towers with Radar,0,21,38,0,59,0,0,18,1,19,0,21,56,1,78,124,0,124,202
05/20/2018,DPA,IL,AGL,CE,Towers with Radar,0,15,47,0,62,0,0,13,0,13,0,15,60,0,75,18,0,18,93
05/21/2018,DPA,IL,AGL,CE,Towers with Radar,0,22,53,0,75,0,0,0,0,0,0,22,53,0,75,0,0,0,75
05/22/2018,DPA,IL,AGL,CE,Towers with Radar,0,14,54,0,68,0,0,43,0,43,0,14,97,0,111,232,0,232,343
05/23/2018,DPA,IL,AGL,CE,Towers with Radar,0,22,67,1,90,0,0,148,1,149,0,22,215,2,239,292,0,292,531
05/24/2018,DPA,IL,AGL,CE,Towers with Radar,0,14,49,0,63,0,0,156,0,156,0,14,205,0,219,210,0,210,429
05/25/2018,DPA,IL,AGL,CE,Towers with Radar,0,19,42,0,61,0,0,116,0,116,0,19,158,0,177,220,0,220,397
05/26/2018,DPA,IL,AGL,CE,Towers with Radar,0,10,20,0,30,0,0,138,1,139,0,10,158,1,169,188,0,188,357
05/27/2018,DPA,IL,AGL,CE,Towers with Radar,0,7,25,0,32,0,0,107,0,107,0,7,132,0,139,90,0,90,229
05/28/2018,DPA,IL,AGL,CE,Towers with Radar,0,9,38,0,47,0,0,82,0,82,0,9,120,0,129,152,0,152,281
05/29/2018,DPA,IL,AGL,CE,Towers with Radar,0,9,31,0,40,0,1,111,0,112,0,10,142,0,152,170,0,170,322
05/30/2018,DPA,IL,AGL,CE,Towers with Radar,0,19,42,0,61,0,0,21,1,22,0,19,63,1,83,70,0,70,153
05/31/2018,DPA,IL,AGL,CE,Towers with Radar,0,19,58,0,77,0,1,128,0,129,0,20,186,0,206,202,0,202,408
06/01/2018,DPA,IL,AGL,CE,Towers with Radar,0,19,57,0,76,0,0,138,2,140,0,19,195,2,216,286,0,286,502
06/02/2018,DPA,IL,AGL,CE,Towers with Radar,0,14,39,2,55,0,0,59,1,60,0,14,98,3,115,206,0,206,321
06/03/2018,DPA,IL,AGL,CE,Towers with Radar,0,14,28,0,42,0,0,84,0,84,0,14,112,0,126,70,0,70,196
06/04/2018,DPA,IL,AGL,CE,Towers with Radar,0,1,47,1,49,0,0,135,2,137,0,1,182,3,186,180,0,180,366
06/05/2018,DPA,IL,AGL,CE,Towers with Radar,0,9,46,0,55,0,0,124,0,124,0,9,170,0,179,256,0,256,435
06/06/2018,DPA,IL,AGL,CE,Towers with Radar,0,11,50,1,62,0,0,128,2,130,0,11,178,3,192,394,0,394,586
06/07/2018,DPA,IL,AGL,CE,Towers with Radar,0,17,51,1,69,0,0,118,1,119,0,17,169,2,188,270,0,270,458
06/08/2018,DPA,IL,AGL,CE,Towers with Radar,0,11,32,1,44,0,0,63,2,65,0,11,95,3,109,196,0,196,305
06/09/2018,DPA,IL,AGL,CE,Towers with Radar,0,23,39,0,62,0,0,51,1,52,0,23,90,1,114,128,0,128,242
06/10/2018,DPA,IL,AGL,CE,Towers with Radar,0,15,48,0,63,0,0,2,0,2,0,15,50,0,65,20,0,20,85
06/11/2018,DPA,IL,AGL,CE,Towers with Radar,0,14,90,0,104,0,0,2,0,2,0,14,92,0,106,16,0,16,122
06/12/2018,DPA,IL,AGL,CE,Towers with Radar,0,28,53,0,81,0,0,33,0,33,0,28,86,0,114,504,0,504,618
06/13/2018,DPA,IL,AGL,CE,Towers with Radar,0,7,80,1,88,0,0,183,2,185,0,7,263,3,273,198,0,198,471
06/14/2018,DPA,IL,AGL,CE,Towers with Radar,0,16,49,2,67,0,0,134,3,137,0,16,183,5,204,286,0,286,490
06/15/2018,DPA,IL,AGL,CE,Towers with Radar,0,14,46,1,61,0,0,111,1,112,0,14,157,2,173,244,0,244,417
06/16/2018,DPA,IL,AGL,CE,Towers with Radar,0,9,24,0,33,0,0,132,0,132,0,9,156,0,165,257,0,257,422
06/17/2018,DPA,IL,AGL,CE,Towers with Radar,0,7,29,0,36,0,0,85,0,85,0,7,114,0,121,76,0,76,197
06/18/2018,DPA,IL,AGL,CE,Towers with Radar,0,5,55,0,60,0,0,84,2,86,0,5,139,2,146,84,0,84,230
06/19/2018,DPA,IL,AGL,CE,Towers with Radar,0,16,48,0,64,0,0,25,0,25,0,16,73,0,89,178,0,178,267
06/20/2018,DPA,IL,AGL,CE,Towers with Radar,0,17,73,1,91,0,0,77,0,77,0,17,150,1,168,336,0,336,504
06/21/2018,DPA,IL,AGL,CE,Towers with Radar,0,18,39,0,57,0,0,0,0,0,0,18,39,0,57,0,0,0,57
06/22/2018,DPA,IL,AGL,CE,Towers with Radar,0,14,43,0,57,0,0,0,1,1,0,14,43,1,58,0,0,0,58
06/23/2018,DPA,IL,AGL,CE,Towers with Radar,2,16,40,1,59,0,0,150,0,150,2,16,190,1,209,370,0,370,579
06/24/2018,DPA,IL,AGL,CE,Towers with Radar,0,7,31,0,38,0,0,197,0,197,0,7,228,0,235,310,0,310,545
06/25/2018,DPA,IL,AGL,CE,Towers with Radar,0,21,57,1,79,0,0,155,0,155,0,21,212,1,234,247,0,247,481
06/26/2018,DPA,IL,AGL,CE,Towers with Radar,0,24,52,0,76,0,0,15,0,15,0,24,67,0,91,259,0,259,350
06/27/2018,DPA,IL,AGL,CE,Towers with Radar,2,20,57,0,79,0,0,128,0,128,2,20,185,0,207,320,0,320,527
06/28/2018,DPA,IL,AGL,CE,Towers with Radar,0,20,54,0,74,0,0,164,1,165,0,20,218,1,239,248,0,248,487
06/29/2018,DPA,IL,AGL,CE,Towers with Radar,2,17,42,0,61,0,0,159,1,160,2,17,201,1,221,210,0,210,431
06/30/2018,DPA,IL,AGL,CE,Towers with Radar,0,15,42,0,57,0,0,104,2,106,0,15,146,2,163,188,0,188,351
07/01/2018,DPA,IL,AGL,CE,Towers with Radar,0,16,38,0,54,0,0,61,0,61,0,16,99,0,115,128,0,128,243
07/02/2018,DPA,IL,AGL,CE,Towers with Radar,0,9,28,1,38,0,0,143,0,143,0,9,171,1,181,430,0,430,611
07/03/2018,DPA,IL,AGL,CE,Towers with Radar,0,12,22,0,34,0,0,156,0,156,0,12,178,0,190,464,0,464,654
07/04/2018,DPA,IL,AGL,CE,Towers with Radar,0,8,14,0,22,0,0,48,0,48,0,8,62,0,70,60,0,60,130
07/05/2018,DPA,IL,AGL,CE,Towers with Radar,0,7,37,0,44,0,0,70,0,70,0,7,107,0,114,189,0,189,303
07/06/2018,DPA,IL,AGL,CE,Towers with Radar,0,10,50,1,61,0,0,152,3,155,0,10,202,4,216,256,0,256,472
07/07/2018,DPA,IL,AGL,CE,Towers with Radar,0,16,29,0,45,0,0,184,1,185,0,16,213,1,230,158,0,158,388
07/08/2018,DPA,IL,AGL,CE,Towers with Radar,0,12,47,0,59,0,0,170,0,170,0,12,217,0,229,190,0,190,419
07/09/2018,DPA,IL,AGL,CE,Towers with Radar,0,6,48,1,55,0,0,126,1,127,0,6,174,2,182,222,0,222,404
07/10/2018,DPA,IL,AGL,CE,Towers with Radar,0,15,45,0,60,0,0,144,0,144,0,15,189,0,204,268,0,268,472
07/11/2018,DPA,IL,AGL,CE,Towers with Radar,0,17,67,0,84,0,0,153,0,153,0,17,220,0,237,260,0,260,497
07/12/2018,DPA,IL,AGL,CE,Towers with Radar,0,19,54,0,73,0,0,140,2,142,0,19,194,2,215,284,0,284,499
07/13/2018,DPA,IL,AGL,CE,Towers with Radar,0,21,43,0,64,0,0,108,0,108,0,21,151,0,172,278,0,278,450
07/14/2018,DPA,IL,AGL,CE,Towers with Radar,0,12,19,0,31,0,0,23,0,23,0,12,42,0,54,74,0,74,128
07/15/2018,DPA,IL,AGL,CE,Towers with Radar,0,17,51,0,68,0,0,91,0,91,0,17,142,0,159,134,0,134,293
07/16/2018,DPA,IL,AGL,CE,Towers with Radar,0,11,52,0,63,0,0,72,0,72,0,11,124,0,135,302,0,302,437
07/17/2018,DPA,IL,AGL,CE,Towers with Radar,0,15,61,0,76,0,0,161,0,161,0,15,222,0,237,274,0,274,511
07/18/2018,DPA,IL,AGL,CE,Towers with Radar,1,14,59,0,74,0,0,160,0,160,1,14,219,0,234,244,0,244,478
07/19/2018,DPA,IL,AGL,CE,Towers with Radar,1,18,62,0,81,0,0,99,0,99,1,18,161,0,180,109,0,109,289
07/20/2018,DPA,IL,AGL,CE,Towers with Radar,0,21,45,1,67,0,0,17,0,17,0,21,62,1,84,70,0,70,154
07/21/2018,DPA,IL,AGL,CE,Towers with Radar,0,26,28,2,56,0,0,28,0,28,0,26,56,2,84,30,0,30,114
07/22/2018,DPA,IL,AGL,CE,Towers with Radar,0,12,64,0,76,0,0,36,0,36,0,12,100,0,112,58,0,58,170
07/23/2018,DPA,IL,AGL,CE,Towers with Radar,0,12,47,0,59,0,0,162,0,162,0,12,209,0,221,256,0,256,477
07/24/2018,DPA,IL,AGL,CE,Towers with Radar,0,24,56,1,81,0,0,106,0,106,0,24,162,1,187,130,0,130,317
07/25/2018,DPA,IL,AGL,CE,Towers with Radar,0,18,63,0,81,0,0,167,1,168,0,18,230,1,249,208,0,208,457
07/26/2018,DPA,IL,AGL,CE,Towers with Radar,0,18,57,0,75,0,0,146,0,146,0,18,203,0,221,180,0,180,401
07/27/2018,DPA,IL,AGL,CE,Towers with Radar,0,8,50,0,58,0,0,98,0,98,0,8,148,0,156,234,0,234,390
07/28/2018,DPA,IL,AGL,CE,Towers with Radar,0,13,23,0,36,0,0,129,2,131,0,13,152,2,167,152,0,152,319
07/29/2018,DPA,IL,AGL,CE,Towers with Radar,0,12,26,0,38,0,0,125,0,125,0,12,151,0,163,216,0,216,379
07/30/2018,DPA,IL,AGL,CE,Towers with Radar,0,12,37,1,50,0,0,156,2,158,0,12,193,3,208,253,0,253,461
07/31/2018,DPA,IL,AGL,CE,Towers with Radar,0,13,39,0,52,0,0,140,1,141,0,13,179,1,193,210,0,210,403
08/01/2018,DPA,IL,AGL,CE,Towers with Radar,0,17,43,0,60,0,0,121,0,121,0,17,164,0,181,326,0,326,507
08/02/2018,DPA,IL,AGL,CE,Towers with Radar,0,16,48,0,64,0,0,111,3,114,0,16,159,3,178,308,0,308,486
08/03/2018,DPA,IL,AGL,CE,Towers with Radar,0,17,48,0,65,0,0,142,0,142,0,17,190,0,207,155,0,155,362
08/04/2018,DPA,IL,AGL,CE,Towers with Radar,0,29,20,0,49,0,0,129,0,129,0,29,149,0,178,114,0,114,292
08/05/2018,DPA,IL,AGL,CE,Towers with Radar,0,6,40,0,46,0,0,102,0,102,0,6,142,0,148,166,0,166,314
08/06/2018,DPA,IL,AGL,CE,Towers with Radar,0,8,40,0,48,0,0,52,0,52,0,8,92,0,100,246,0,246,346
08/07/2018,DPA,IL,AGL,CE,Towers with Radar,0,15,41,0,56,0,0,78,0,78,0,15,119,0,134,254,0,254,388
08/08/2018,DPA,IL,AGL,CE,Towers with Radar,0,21,77,0,98,0,0,108,0,108,0,21,185,0,206,246,0,246,452
08/09/2018,DPA,IL,AGL,CE,Towers with Radar,0,15,61,0,76,0,0,151,0,151,0,15,212,0,227,183,0,183,410
08/10/2018,DPA,IL,AGL,CE,Towers with Radar,0,20,41,1,62,0,0,131,2,133,0,20,172,3,195,276,0,276,471
08/11/2018,DPA,IL,AGL,CE,Towers with Radar,0,10,45,0,55,0,0,146,0,146,0,10,191,0,201,225,0,225,426
08/12/2018,DPA,IL,AGL,CE,Towers with Radar,0,11,31,3,45,0,0,152,0,152,0,11,183,3,197,196,0,196,393
08/13/2018,DPA,IL,AGL,CE,Towers with Radar,0,14,58,0,72,0,0,126,0,126,0,14,184,0,198,216,0,216,414
08/14/2018,DPA,IL,AGL,CE,Towers with Radar,0,14,45,0,59,0,0,146,0,146,0,14,191,0,205,244,0,244,449
08/15/2018,DPA,IL,AGL,CE,Towers with Radar,0,20,68,0,88,0,0,36,0,36,0,20,104,0,124,138,0,138,262
08/16/2018,DPA,IL,AGL,CE,Towers with Radar,0,18,65,2,85,0,0,42,0,42,0,18,107,2,127,235,0,235,362
08/17/2018,DPA,IL,AGL,CE,Towers with Radar,0,16,65,0,81,0,0,67,0,67,0,16,132,0,148,180,0,180,328
08/18/2018,DPA,IL,AGL,CE,Towers with Radar,0,14,57,0,71,0,0,90,0,90,0,14,147,0,161,326,0,326,487
08/19/2018,DPA,IL,AGL,CE,Towers with Radar,0,10,42,0,52,0,0,136,0,136,0,10,178,0,188,118,0,118,306
08/20/2018,DPA,IL,AGL,CE,Towers with Radar,0,12,40,0,52,0,0,27,0,27,0,12,67,0,79,48,0,48,127
08/21/2018,DPA,IL,AGL,CE,Towers with Radar,0,27,53,0,80,0,0,37,0,37,0,27,90,0,117,114,0,114,231
08/22/2018,DPA,IL,AGL,CE,Towers with Radar,0,19,59,1,79,0,0,159,3,162,0,19,218,4,241,231,0,231,472
08/23/2018,DPA,IL,AGL,CE,Towers with Radar,0,22,59,2,83,0,0,161,2,163,0,22,220,4,246,173,0,173,419
08/24/2018,DPA,IL,AGL,CE,Towers with Radar,0,13,54,0,67,0,0,16,0,16,0,13,70,0,83,70,0,70,153
08/25/2018,DPA,IL,AGL,CE,Towers with Radar,0,11,43,0,54,0,0,29,0,29,0,11,72,0,83,70,0,70,153
08/26/2018,DPA,IL,AGL,CE,Towers with Radar,0,11,43,0,54,0,0,108,0,108,0,11,151,0,162,176,0,176,338
08/27/2018,DPA,IL,AGL,CE,Towers with Radar,0,6,38,0,44,0,0,98,0,98,0,6,136,0,142,104,0,104,246
08/28/2018,DPA,IL,AGL,CE,Towers with Radar,0,14,39,0,53,0,0,31,0,31,0,14,70,0,84,134,0,134,218
08/29/2018,DPA,IL,AGL,CE,Towers with Radar,0,16,70,0,86,0,0,66,0,66,0,16,136,0,152,128,0,128,280
08/30/2018,DPA,IL,AGL,CE,Towers with Radar,0,14,60,0,74,0,2,188,1,191,0,16,248,1,265,232,0,232,497
08/31/2018,DPA,IL,AGL,CE,Towers with Radar,0,22,47,0,69,0,0,129,0,129,0,22,176,0,198,140,0,140,338
09/01/2018,DPA,IL,AGL,CE,Towers with Radar,0,13,17,0,30,0,0,13,0,13,0,13,30,0,43,68,0,68,111
09/02/2018,DPA,IL,AGL,CE,Towers with Radar,0,6,22,0,28,0,0,81,0,81,0,6,103,0,109,162,0,162,271
09/03/2018,DPA,IL,AGL,CE,Towers with Radar,1,17,34,0,52,0,0,43,0,43,1,17,77,0,95,92,0,92,187
09/04/2018,DPA,IL,AGL,CE,Towers with Radar,0,5,40,1,46,0,0,133,2,135,0,5,173,3,181,417,0,417,598
09/05/2018,DPA,IL,AGL,CE,Towers with Radar,2,18,49,1,70,0,0,83,0,83,2,18,132,1,153,146,0,146,299
09/06/2018,DPA,IL,AGL,CE,Towers with Radar,0,11,37,0,48,0,0,41,0,41,0,11,78,0,89,127,0,127,216
09/07/2018,DPA,IL,AGL,CE,Towers with Radar,0,14,61,1,76,0,0,55,1,56,0,14,116,2,132,110,0,110,242
09/08/2018,DPA,IL,AGL,CE,Towers with Radar,2,16,29,0,47,0,0,113,1,114,2,16,142,1,161,104,0,104,265
09/09/2018,DPA,IL,AGL,CE,Towers with Radar,0,10,30,0,40,0,0,99,0,99,0,10,129,0,139,196,0,196,335
09/10/2018,DPA,IL,AGL,CE,Towers with Radar,0,15,58,0,73,0,0,164,0,164,0,15,222,0,237,138,0,138,375
09/11/2018,DPA,IL,AGL,CE,Towers with Radar,0,16,54,0,70,0,0,149,0,149,0,16,203,0,219,272,0,272,491
09/12/2018,DPA,IL,AGL,CE,Towers with Radar,0,12,59,0,71,0,1,128,0,129,0,13,187,0,200,235,0,235,435
09/13/2018,DPA,IL,AGL,CE,Towers with Radar,0,8,52,2,62,0,0,154,0,154,0,8,206,2,216,320,0,320,536
09/14/2018,DPA,IL,AGL,CE,Towers with Radar,0,13,47,0,60,0,0,138,0,138,0,13,185,0,198,208,0,208,406
09/15/2018,DPA,IL,AGL,CE,Towers with Radar,0,11,42,0,53,0,0,145,0,145,0,11,187,0,198,188,0,188,386
09/16/2018,DPA,IL,AGL,CE,Towers with Radar,0,6,34,0,40,0,0,113,0,113,0,6,147,0,153,86,0,86,239
09/17/2018,DPA,IL,AGL,CE,Towers with Radar,0,14,49,0,63,0,0,122,1,123,0,14,171,1,186,156,0,156,342
09/18/2018,DPA,IL,AGL,CE,Towers with Radar,0,12,48,0,60,0,0,56,0,56,0,12,104,0,116,75,0,75,191
09/19/2018,DPA,IL,AGL,CE,Towers with Radar,0,14,57,0,71,0,0,95,0,95,0,14,152,0,166,234,0,234,400
09/20/2018,DPA,IL,AGL,CE,Towers with Radar,0,12,58,1,71,0,0,62,0,62,0,12,120,1,133,148,0,148,281
09/21/2018,DPA,IL,AGL,CE,Towers with Radar,0,21,51,0,72,0,1,62,0,63,0,22,113,0,135,92,0,92,227
09/22/2018,DPA,IL,AGL,CE,Towers with Radar,0,15,31,0,46,0,0,176,0,176,0,15,207,0,222,228,0,228,450
09/23/2018,DPA,IL,AGL,CE,Towers with Radar,0,20,34,0,54,0,0,152,0,152,0,20,186,0,206,158,0,158,364
09/24/2018,DPA,IL,AGL,CE,Towers with Radar,2,11,45,0,58,0,0,94,1,95,2,11,139,1,153,156,0,156,309
09/25/2018,DPA,IL,AGL,CE,Towers with Radar,0,15,50,0,65,0,0,39,0,39,0,15,89,0,104,122,0,122,226
09/26/2018,DPA,IL,AGL,CE,Towers with Radar,0,15,57,0,72,0,0,157,2,159,0,15,214,2,231,241,0,241,472
09/27/2018,DPA,IL,AGL,CE,Towers with Radar,0,22,53,0,75,0,0,178,0,178,0,22,231,0,253,204,0,204,457
09/28/2018,DPA,IL,AGL,CE,Towers with Radar,0,18,71,1,90,0,0,74,0,74,0,18,145,1,164,180,0,180,344
09/29/2018,DPA,IL,AGL,CE,Towers with Radar,0,9,32,0,41,0,0,158,0,158,0,9,190,0,199,195,0,195,394
09/30/2018,DPA,IL,AGL,CE,Towers with Radar,1,17,50,0,68,0,0,12,0,12,1,17,62,0,80,49,0,49,129
10/01/2018,DPA,IL,AGL,CE,Towers with Radar,0,6,59,0,65,0,0,36,0,36,0,6,95,0,101,123,0,123,224
10/02/2018,DPA,IL,AGL,CE,Towers with Radar,0,17,59,0,76,0,0,20,0,20,0,17,79,0,96,112,0,112,208
10/03/2018,DPA,IL,AGL,CE,Towers with Radar,0,14,46,0,60,0,0,86,1,87,0,14,132,1,147,103,0,103,250
10/04/2018,DPA,IL,AGL,CE,Towers with Radar,0,22,54,0,76,0,0,164,0,164,0,22,218,0,240,225,0,225,465
10/05/2018,DPA,IL,AGL,CE,Towers with Radar,0,23,43,0,66,0,0,0,0,0,0,23,43,0,66,0,0,0,66
10/06/2018,DPA,IL,AGL,CE,Towers with Radar,0,11,39,1,51,0,0,4,0,4,0,11,43,1,55,22,0,22,77
10/07/2018,DPA,IL,AGL,CE,Towers with Radar,0,10,54,0,64,0,0,5,0,5,0,10,59,0,69,0,0,0,69
10/08/2018,DPA,IL,AGL,CE,Towers with Radar,0,11,56,2,69,0,0,123,0,123,0,11,179,2,192,126,0,126,318
10/09/2018,DPA,IL,AGL,CE,Towers with Radar,0,20,32,0,52,0,0,113,0,113,0,20,145,0,165,146,0,146,311
10/10/2018,DPA,IL,AGL,CE,Towers with Radar,1,18,50,0,69,0,0,12,0,12,1,18,62,0,81,58,0,58,139
10/11/2018,DPA,IL,AGL,CE,Towers with Radar,1,19,45,0,65,0,0,87,0,87,1,19,132,0,152,103,0,103,255
10/12/2018,DPA,IL,AGL,CE,Towers with Radar,0,20,57,0,77,0,0,96,0,96,0,20,153,0,173,246,0,246,419
10/13/2018,DPA,IL,AGL,CE,Towers with Radar,0,18,44,0,62,0,0,127,0,127,0,18,171,0,189,98,0,98,287
10/14/2018,DPA,IL,AGL,CE,Towers with Radar,0,21,44,0,65,0,0,84,0,84,0,21,128,0,149,250,0,250,399
10/15/2018,DPA,IL,AGL,CE,Towers with Radar,0,3,38,0,41,0,0,98,0,98,0,3,136,0,139,165,0,165,304
10/16/2018,DPA,IL,AGL,CE,Towers with Radar,0,19,37,0,56,0,0,127,0,127,0,19,164,0,183,100,0,100,283
10/17/2018,DPA,IL,AGL,CE,Towers with Radar,0,20,71,0,91,0,0,116,0,116,0,20,187,0,207,201,12,213,420
10/18/2018,DPA,IL,AGL,CE,Towers with Radar,0,12,73,2,87,0,0,176,0,176,0,12,249,2,263,277,0,277,540
10/19/2018,DPA,IL,AGL,CE,Towers with Radar,0,21,54,0,75,0,0,75,0,75,0,21,129,0,150,113,0,113,263
10/20/2018,DPA,IL,AGL,CE,Towers with Radar,0,17,28,2,47,0,0,33,0,33,0,17,61,2,80,34,0,34,114
10/21/2018,DPA,IL,AGL,CE,Towers with Radar,0,8,44,0,52,0,2,141,1,144,0,10,185,1,196,234,0,234,430
10/22/2018,DPA,IL,AGL,CE,Towers with Radar,0,10,54,0,64,0,0,172,0,172,0,10,226,0,236,207,0,207,443
10/23/2018,DPA,IL,AGL,CE,Towers with Radar,0,17,51,0,68,0,0,159,2,161,0,17,210,2,229,158,0,158,387
10/24/2018,DPA,IL,AGL,CE,Towers with Radar,0,19,61,1,81,0,0,122,0,122,0,19,183,1,203,302,0,302,505
10/25/2018,DPA,IL,AGL,CE,Towers with Radar,0,26,47,0,73,0,0,117,0,117,0,26,164,0,190,138,0,138,328
10/26/2018,DPA,IL,AGL,CE,Towers with Radar,0,11,64,0,75,0,0,106,0,106,0,11,170,0,181,169,0,169,350
10/27/2018,DPA,IL,AGL,CE,Towers with Radar,0,7,49,0,56,0,0,139,0,139,0,7,188,0,195,198,0,198,393
10/28/2018,DPA,IL,AGL,CE,Towers with Radar,0,4,24,0,28,0,0,10,0,10,0,4,34,0,38,28,0,28,66
10/29/2018,DPA,IL,AGL,CE,Towers with Radar,0,9,42,0,51,0,0,170,0,170,0,9,212,0,221,197,0,197,418
10/30/2018,DPA,IL,AGL,CE,Towers with Radar,0,16,53,1,70,0,0,59,0,59,0,16,112,1,129,129,0,129,258
10/31/2018,DPA,IL,AGL,CE,Towers with Radar,0,12,34,0,46,0,0,130,1,131,0,12,164,1,177,127,0,127,304
11/01/2018,DPA,IL,AGL,CE,Towers with Radar,0,24,48,3,75,0,0,108,0,108,0,24,156,3,183,68,0,68,251
11/02/2018,DPA,IL,AGL,CE,Towers with Radar,0,16,57,0,73,0,0,127,1,128,0,16,184,1,201,175,0,175,376
11/03/2018,DPA,IL,AGL,CE,Towers with Radar,0,12,33,0,45,0,0,128,0,128,0,12,161,0,173,198,0,198,371
11/04/2018,DPA,IL,AGL,CE,Towers with Radar,0,5,22,0,27,0,0,2,0,2,0,5,24,0,29,0,0,0,29
11/05/2018,DPA,IL,AGL,CE,Towers with Radar,0,9,46,0,55,0,0,53,0,53,0,9,99,0,108,229,0,229,337
11/06/2018,DPA,IL,AGL,CE,Towers with Radar,0,15,38,0,53,0,0,8,0,8,0,15,46,0,61,0,0,0,61
11/07/2018,DPA,IL,AGL,CE,Towers with Radar,0,11,58,0,69,0,0,57,0,57,0,11,115,0,126,113,0,113,239
11/08/2018,DPA,IL,AGL,CE,Towers with Radar,2,11,46,0,59,0,0,98,0,98,2,11,144,0,157,144,0,144,301
11/09/2018,DPA,IL,AGL,CE,Towers with Radar,0,16,44,0,60,0,0,23,0,23,0,16,67,0,83,26,0,26,109
11/10/2018,DPA,IL,AGL,CE,Towers with Radar,0,7,30,0,37,0,0,135,0,135,0,7,165,0,172,178,0,178,350
11/11/2018,DPA,IL,AGL,CE,Towers with Radar,0,6,29,0,35,0,0,102,0,102,0,6,131,0,137,145,0,145,282
11/12/2018,DPA,IL,AGL,CE,Towers with Radar,0,12,48,0,60,0,0,72,0,72,0,12,120,0,132,134,0,134,266
11/13/2018,DPA,IL,AGL,CE,Towers with Radar,0,12,35,1,48,0,1,86,2,89,0,13,121,3,137,240,0,240,377
11/14/2018,DPA,IL,AGL,CE,Towers with Radar,0,13,50,2,65,0,0,111,1,112,0,13,161,3,177,181,0,181,358
11/15/2018,DPA,IL,AGL,CE,Towers with Radar,0,11,35,0,46,0,0,13,0,13,0,11,48,0,59,46,0,46,105
11/16/2018,DPA,IL,AGL,CE,Towers with Radar,0,12,59,0,71,0,0,60,0,60,0,12,119,0,131,278,0,278,409
11/17/2018,DPA,IL,AGL,CE,Towers with Radar,0,17,28,0,45,0,0,5,0,5,0,17,33,0,50,0,0,0,50
11/18/2018,DPA,IL,AGL,CE,Towers with Radar,0,5,34,0,39,0,0,112,0,112,0,5,146,0,151,321,0,321,472
11/19/2018,DPA,IL,AGL,CE,Towers with Radar,0,14,41,0,55,0,0,34,0,34,0,14,75,0,89,78,0,78,167
11/20/2018,DPA,IL,AGL,CE,Towers with Radar,1,20,51,0,72,0,0,107,1,108,1,20,158,1,180,110,0,110,290
11/21/2018,DPA,IL,AGL,CE,Towers with Radar,0,17,50,0,67,0,0,111,0,111,0,17,161,0,178,153,0,153,331
11/22/2018,DPA,IL,AGL,CE,Towers with Radar,0,9,10,0,19,0,0,22,0,22,0,9,32,0,41,86,0,86,127
11/23/2018,DPA,IL,AGL,CE,Towers with Radar,0,13,21,0,34,0,0,64,0,64,0,13,85,0,98,116,0,116,214
11/24/2018,DPA,IL,AGL,CE,Towers with Radar,0,17,50,0,67,0,0,10,1,11,0,17,60,1,78,38,0,38,116
11/25/2018,DPA,IL,AGL,CE,Towers with Radar,0,14,40,0,54,0,0,1,0,1,0,14,41,0,55,0,0,0,55
11/26/2018,DPA,IL,AGL,CE,Towers with Radar,0,16,42,0,58,0,0,18,0,18,0,16,60,0,76,42,0,42,118
11/27/2018,DPA,IL,AGL,CE,Towers with Radar,0,16,33,0,49,0,0,74,0,74,0,16,107,0,123,162,0,162,285
11/28/2018,DPA,IL,AGL,CE,Towers with Radar,0,17,51,1,69,0,0,94,0,94,0,17,145,1,163,259,0,259,422
11/29/2018,DPA,IL,AGL,CE,Towers with Radar,1,16,47,1,65,0,0,80,0,80,1,16,127,1,145,179,0,179,324
11/30/2018,DPA,IL,AGL,CE,Towers with Radar,0,15,40,0,55,0,0,90,0,90,0,15,130,0,145,212,0,212,357
12/01/2018,DPA,IL,AGL,CE,Towers with Radar,0,12,14,0,26,0,0,0,0,0,0,12,14,0,26,0,0,0,26
12/02/2018,DPA,IL,AGL,CE,Towers with Radar,0,7,29,0,36,0,0,12,0,12,0,7,41,0,48,34,0,34,82
12/03/2018,DPA,IL,AGL,CE,Towers with Radar,0,3,35,0,38,0,0,25,0,25,0,3,60,0,63,154,0,154,217
12/04/2018,DPA,IL,AGL,CE,Towers with Radar,0,13,27,0,40,0,0,90,0,90,0,13,117,0,130,155,0,155,285
12/05/2018,DPA,IL,AGL,CE,Towers with Radar,1,11,50,1,63,0,0,104,0,104,1,11,154,1,167,110,0,110,277
12/06/2018,DPA,IL,AGL,CE,Towers with Radar,1,9,57,1,68,0,0,106,2,108,1,9,163,3,176,84,0,84,260
12/07/2018,DPA,IL,AGL,CE,Towers with Radar,1,10,53,0,64,0,0,132,1,133,1,10,185,1,197,264,0,264,461
12/08/2018,DPA,IL,AGL,CE,Towers with Radar,0,12,38,0,50,0,0,136,0,136,0,12,174,0,186,217,0,217,403
12/09/2018,DPA,IL,AGL,CE,Towers with Radar,0,6,43,0,49,0,0,97,0,97,0,6,140,0,146,160,0,160,306
12/10/2018,DPA,IL,AGL,CE,Towers with Radar,0,7,57,0,64,0,0,79,1,80,0,7,136,1,144,186,0,186,330
12/11/2018,DPA,IL,AGL,CE,Towers with Radar,0,14,41,0,55,0,0,121,0,121,0,14,162,0,176,220,0,220,396
12/12/2018,DPA,IL,AGL,CE,Towers with Radar,0,11,72,0,83,0,0,37,0,37,0,11,109,0,120,116,0,116,236
12/13/2018,DPA,IL,AGL,CE,Towers with Radar,0,12,47,0,59,0,0,40,0,40,0,12,87,0,99,154,0,154,253
12/14/2018,DPA,IL,AGL,CE,Towers with Radar,0,10,43,0,53,0,0,0,0,0,0,10,43,0,53,0,0,0,53
12/15/2018,DPA,IL,AGL,CE,Towers with Radar,0,14,38,0,52,0,0,145,0,145,0,14,183,0,197,194,0,194,391
12/16/2018,DPA,IL,AGL,CE,Towers with Radar,0,13,37,0,50,0,0,140,0,140,0,13,177,0,190,240,0,240,430
12/17/2018,DPA,IL,AGL,CE,Towers with Radar,0,9,40,1,50,0,1,136,1,138,0,10,176,2,188,216,0,216,404
12/18/2018,DPA,IL,AGL,CE,Towers with Radar,0,12,59,0,71,0,0,144,2,146,0,12,203,2,217,232,0,232,449
12/19/2018,DPA,IL,AGL,CE,Towers with Radar,0,11,59,0,70,0,0,126,2,128,0,11,185,2,198,142,0,142,340
12/20/2018,DPA,IL,AGL,CE,Towers with Radar,0,10,34,0,44,0,0,0,0,0,0,10,34,0,44,0,0,0,44
12/21/2018,DPA,IL,AGL,CE,Towers with Radar,0,14,41,0,55,0,0,8,0,8,0,14,49,0,63,144,0,144,207
12/22/2018,DPA,IL,AGL,CE,Towers with Radar,0,15,34,0,49,0,0,31,0,31,0,15,65,0,80,170,0,170,250
12/23/2018,DPA,IL,AGL,CE,Towers with Radar,0,11,29,0,40,0,0,38,0,38,0,11,67,0,78,98,0,98,176
12/24/2018,DPA,IL,AGL,CE,Towers with Radar,0,5,13,0,18,0,0,67,0,67,0,5,80,0,85,67,0,67,152
12/25/2018,DPA,IL,AGL,CE,Towers with Radar,0,14,12,0,26,0,0,25,0,25,0,14,37,0,51,12,0,12,63
12/26/2018,DPA,IL,AGL,CE,Towers with Radar,0,16,60,0,76,0,0,93,0,93,0,16,153,0,169,140,0,140,309
12/27/2018,DPA,IL,AGL,CE,Towers with Radar,0,17,24,0,41,0,0,2,0,2,0,17,26,0,43,0,0,0,43
12/28/2018,DPA,IL,AGL,CE,Towers with Radar,1,32,31,2,66,0,0,1,0,1,1,32,32,2,67,2,0,2,69
12/29/2018,DPA,IL,AGL,CE,Towers with Radar,0,13,31,0,44,0,0,0,0,0,0,13,31,0,44,0,0,0,44
12/30/2018,DPA,IL,AGL,CE,Towers with Radar,0,5,47,0,52,0,0,128,0,128,0,5,175,0,180,144,0,144,324
12/31/2018,DPA,IL,AGL,CE,Towers with Radar,0,3,2,0,5,0,0,0,0,0,0,3,2,0,5,0,0,0,5
01/01/2019,DPA,IL,AGL,CE,Towers with Radar,0,17,9,0,26,0,0,5,0,5,0,17,14,0,31,0,0,0,31
01/02/2019,DPA,IL,AGL,CE,Towers with Radar,0,12,27,0,39,0,0,2,0,2,0,12,29,0,41,90,0,90,131
01/03/2019,DPA,IL,AGL,CE,Towers with Radar,0,14,45,0,59,0,0,130,0,130,0,14,175,0,189,287,0,287,476
01/04/2019,DPA,IL,AGL,CE,Towers with Radar,0,13,38,1,52,0,1,156,0,157,0,14,194,1,209,170,0,170,379
01/05/2019,DPA,IL,AGL,CE,Towers with Radar,0,24,55,0,79,0,0,198,0,198,0,24,253,0,277,226,0,226,503
01/06/2019,DPA,IL,AGL,CE,Towers with Radar,1,9,32,0,42,0,0,95,0,95,1,9,127,0,137,169,0,169,306
01/07/2019,DPA,IL,AGL,CE,Towers with Radar,0,4,27,0,31,0,0,4,0,4,0,4,31,0,35,34,0,34,69
01/08/2019,DPA,IL,AGL,CE,Towers with Radar,0,18,22,0,40,0,0,29,0,29,0,18,51,0,69,97,0,97,166
01/09/2019,DPA,IL,AGL,CE,Towers with Radar,0,17,38,0,55,0,0,72,0,72,0,17,110,0,127,221,0,221,348
01/10/2019,DPA,IL,AGL,CE,Towers with Radar,0,12,47,0,59,0,0,121,0,121,0,12,168,0,180,221,0,221,401
01/11/2019,DPA,IL,AGL,CE,Towers with Radar,0,12,33,0,45,0,0,66,0,66,0,12,99,0,111,299,0,299,410
01/12/2019,DPA,IL,AGL,CE,Towers with Radar,0,7,6,0,13,0,0,0,0,0,0,7,6,0,13,0,0,0,13
01/13/2019,DPA,IL,AGL,CE,Towers with Radar,0,6,37,0,43,0,0,91,0,91,0,6,128,0,134,192,0,192,326
01/14/2019,DPA,IL,AGL,CE,Towers with Radar,0,11,34,0,45,0,0,16,0,16,0,11,50,0,61,102,0,102,163
01/15/2019,DPA,IL,AGL,CE,Towers with Radar,0,12,30,0,42,0,0,3,0,3,0,12,33,0,45,50,0,50,95
01/16/2019,DPA,IL,AGL,CE,Towers with Radar,0,10,53,1,64,0,0,128,1,129,0,10,181,2,193,290,0,290,483
01/17/2019,DPA,IL,AGL,CE,Towers with Radar,0,15,34,0,49,0,0,7,0,7,0,15,41,0,56,92,0,92,148
01/18/2019,DPA,IL,AGL,CE,Towers with Radar,0,19,25,0,44,0,0,41,0,41,0,19,66,0,85,259,0,259,344
01/19/2019,DPA,IL,AGL,CE,Towers with Radar,0,8,6,0,14,0,0,3,0,3,0,8,9,0,17,0,0,0,17
01/20/2019,DPA,IL,AGL,CE,Towers with Radar,0,5,30,0,35,0,0,117,0,117,0,5,147,0,152,156,0,156,308
01/21/2019,DPA,IL,AGL,CE,Towers with Radar,0,3,39,0,42,0,0,99,0,99,0,3,138,0,141,194,0,194,335
01/22/2019,DPA,IL,AGL,CE,Towers with Radar,0,10,18,0,28,0,0,7,0,7,0,10,25,0,35,2,0,2,37
01/23/2019,DPA,IL,AGL,CE,Towers with Radar,0,24,46,1,71,0,0,5,0,5,0,24,51,1,76,19,0,19,95
01/24/2019,DPA,IL,AGL,CE,Towers with Radar,0,18,45,0,63,0,0,9,0,9,0,18,54,0,72,8,0,8,80
01/25/2019,DPA,IL,AGL,CE,Towers with Radar,0,20,34,0,54,0,0,22,0,22,0,20,56,0,76,30,0,30,106
01/26/2019,DPA,IL,AGL,CE,Towers with Radar,0,17,13,0,30,0,0,40,0,40,0,17,53,0,70,60,0,60,130
01/27/2019,DPA,IL,AGL,CE,Towers with Radar,0,10,27,0,37,0,0,85,0,85,0,10,112,0,122,83,0,83,205
01/28/2019,DPA,IL,AGL,CE,Towers with Radar,0,6,20,0,26,0,0,0,0,0,0,6,20,0,26,0,0,0,26
01/29/2019,DPA,IL,AGL,CE,Towers with Radar,0,10,20,0,30,0,0,2,0,2,0,10,22,0,32,0,0,0,32
01/30/2019,DPA,IL,AGL,CE,Towers with Radar,0,8,22,0,30,0,0,2,0,2,0,8,24,0,32,0,0,0,32
01/31/2019,DPA,IL,AGL,CE,Towers with Radar,0,11,30,2,43,0,0,6,0,6,0,11,36,2,49,0,0,0,49
02/01/2019,DPA,IL,AGL,CE,Towers with Radar,0,12,28,0,40,0,0,64,0,64,0,12,92,0,104,134,0,134,238
02/02/2019,DPA,IL,AGL,CE,Towers with Radar,0,11,29,0,40,0,0,11,0,11,0,11,40,0,51,0,0,0,51
02/03/2019,DPA,IL,AGL,CE,Towers with Radar,0,11,24,0,35,0,0,0,0,0,0,11,24,0,35,0,0,0,35
02/04/2019,DPA,IL,AGL,CE,Towers with Radar,1,13,47,0,61,0,0,3,0,3,1,13,50,0,64,30,0,30,94
02/05/2019,DPA,IL,AGL,CE,Towers with Radar,1,19,54,0,74,0,0,59,0,59,1,19,113,0,133,342,0,342,475
02/06/2019,DPA,IL,AGL,CE,Towers with Radar,0,10,19,0,29,0,0,0,0,0,0,10,19,0,29,0,0,0,29
02/07/2019,DPA,IL,AGL,CE,Towers with Radar,0,18,28,0,46,0,0,0,0,0,0,18,28,0,46,6,0,6,52
02/08/2019,DPA,IL,AGL,CE,Towers with Radar,0,15,32,0,47,0,0,80,0,80,0,15,112,0,127,320,0,320,447
02/09/2019,DPA,IL,AGL,CE,Towers with Radar,0,10,41,0,51,0,0,221,1,222,0,10,262,1,273,322,0,322,595
02/10/2019,DPA,IL,AGL,CE,Towers with Radar,0,5,23,0,28,0,0,37,0,37,0,5,60,0,65,170,0,170,235
02/11/2019,DPA,IL,AGL,CE,Towers with Radar,0,9,26,0,35,0,0,0,0,0,0,9,26,0,35,30,0,30,65
02/12/2019,DPA,IL,AGL,CE,Towers with Radar,0,15,27,0,42,0,0,0,0,0,0,15,27,0,42,4,0,4,46
02/13/2019,DPA,IL,AGL,CE,Towers with Radar,1,17,50,0,68,0,0,105,0,105,1,17,155,0,173,164,0,164,337
02/14/2019,DPA,IL,AGL,CE,Towers with Radar,0,21,42,0,63,0,0,97,2,99,0,21,139,2,162,180,0,180,342
02/15/2019,DPA,IL,AGL,CE,Towers with Radar,0,20,43,0,63,0,0,100,0,100,0,20,143,0,163,163,0,163,326
02/16/2019,DPA,IL,AGL,CE,Towers with Radar,0,18,30,0,48,0,0,153,0,153,0,18,183,0,201,284,0,284,485
02/17/2019,DPA,IL,AGL,CE,Towers with Radar,0,6,12,0,18,0,0,2,0,2,0,6,14,0,20,0,0,0,20
02/18/2019,DPA,IL,AGL,CE,Towers with Radar,0,12,47,0,59,0,0,60,0,60,0,12,107,0,119,167,0,167,286
02/19/2019,DPA,IL,AGL,CE,Towers with Radar,0,21,35,1,57,0,0,124,1,125,0,21,159,2,182,263,0,263,445
02/20/2019,DPA,IL,AGL,CE,Towers with Radar,0,14,18,0,32,0,0,0,0,0,0,14,18,0,32,0,0,0,32
02/21/2019,DPA,IL,AGL,CE,Towers with Radar,0,16,44,1,61,0,0,150,3,153,0,16,194,4,214,182,0,182,396
02/22/2019,DPA,IL,AGL,CE,Towers with Radar,0,14,56,0,70,0,0,153,0,153,0,14,209,0,223,184,0,184,407
02/23/2019,DPA,IL,AGL,CE,Towers with Radar,0,14,11,0,25,0,0,1,0,1,0,14,12,0,26,0,0,0,26
02/24/2019,DPA,IL,AGL,CE,Towers with Radar,0,9,11,0,20,0,0,1,0,1,0,9,12,0,21,0,0,0,21
02/25/2019,DPA,IL,AGL,CE,Towers with Radar,0,14,46,0,60,0,0,96,0,96,0,14,142,0,156,202,0,202,358
02/26/2019,DPA,IL,AGL,CE,Towers with Radar,0,26,27,0,53,0,0,56,0,56,0,26,83,0,109,168,0,168,277
02/27/2019,DPA,IL,AGL,CE,Towers with Radar,0,10,35,0,45,0,0,41,0,41,0,10,76,0,86,255,0,255,341
02/28/2019,DPA,IL,AGL,CE,Towers with Radar,0,14,32,0,46,0,0,101,0,101,0,14,133,0,147,258,0,258,405
03/01/2019,DPA,IL,AGL,CE,Towers with Radar,0,11,34,0,45,0,0,140,2,142,0,11,174,2,187,182,0,182,369
03/02/2019,DPA,IL,AGL,CE,Towers with Radar,0,12,25,0,37,0,0,90,0,90,0,12,115,0,127,296,0,296,423
03/03/2019,DPA,IL,AGL,CE,Towers with Radar,0,15,35,0,50,0,0,103,0,103,0,15,138,0,153,175,0,175,328
03/04/2019,DPA,IL,AGL,CE,Towers with Radar,0,8,30,0,38,0,1,48,1,50,0,9,78,1,88,78,0,78,166
03/05/2019,DPA,IL,AGL,CE,Towers with Radar,0,7,40,0,47,0,0,53,1,54,0,7,93,1,101,104,0,104,205
03/06/2019,DPA,IL,AGL,CE,Towers with Radar,0,8,45,1,54,0,0,98,1,99,0,8,143,2,153,146,0,146,299
03/07/2019,DPA,IL,AGL,CE,Towers with Radar,0,20,45,0,65,0,1,102,0,103,0,21,147,0,168,308,0,308,476
03/08/2019,DPA,IL,AGL,CE,Towers with Radar,0,19,33,0,52,0,1,113,0,114,0,20,146,0,166,175,0,175,341
03/09/2019,DPA,IL,AGL,CE,Towers with Radar,0,8,13,0,21,0,0,20,0,20,0,8,33,0,41,104,0,104,145
03/10/2019,DPA,IL,AGL,CE,Towers with Radar,0,5,22,0,27,0,0,10,0,10,0,5,32,0,37,0,0,0,37
03/11/2019,DPA,IL,AGL,CE,Towers with Radar,0,14,50,0,64,0,0,151,0,151,0,14,201,0,215,236,0,236,451
03/12/2019,DPA,IL,AGL,CE,Towers with Radar,0,19,37,0,56,0,1,154,0,155,0,20,191,0,211,321,0,321,532
03/13/2019,DPA,IL,AGL,CE,Towers with Radar,0,11,33,2,46,0,0,45,0,45,0,11,78,2,91,205,0,205,296
03/14/2019,DPA,IL,AGL,CE,Towers with Radar,0,16,31,0,47,0,0,0,0,0,0,16,31,0,47,0,0,0,47
03/15/2019,DPA,IL,AGL,CE,Towers with Radar,0,8,33,0,41,0,0,19,0,19,0,8,52,0,60,126,0,126,186
03/16/2019,DPA,IL,AGL,CE,Towers with Radar,0,10,22,0,32,0,0,183,0,183,0,10,205,0,215,246,0,246,461
03/17/2019,DPA,IL,AGL,CE,Towers with Radar,0,8,27,0,35,0,0,145,0,145,0,8,172,0,180,228,0,228,408
03/18/2019,DPA,IL,AGL,CE,Towers with Radar,0,4,33,0,37,0,0,113,1,114,0,4,146,1,151,327,0,327,478
03/19/2019,DPA,IL,AGL,CE,Towers with Radar,0,11,57,2,70,0,0,151,1,152,0,11,208,3,222,326,0,326,548
03/20/2019,DPA,IL,AGL,CE,Towers with Radar,0,18,62,0,80,0,0,4,0,4,0,18,66,0,84,32,0,32,116
03/21/2019,DPA,IL,AGL,CE,Towers with Radar,0,16,48,0,64,0,0,56,0,56,0,16,104,0,120,215,0,215,335
03/22/2019,DPA,IL,AGL,CE,Towers with Radar,0,17,41,0,58,0,0,140,0,140,0,17,181,0,198,214,2,216,414
03/23/2019,DPA,IL,AGL,CE,Towers with Radar,0,17,32,0,49,0,0,209,1,210,0,17,241,1,259,250,0,250,509
03/24/2019,DPA,IL,AGL,CE,Towers with Radar,0,6,32,0,38,0,0,16,0,16,0,6,48,0,54,110,0,110,164
03/25/2019,DPA,IL,AGL,CE,Towers with Radar,0,15,39,0,54,0,0,86,0,86,0,15,125,0,140,284,0,284,424
03/26/2019,DPA,IL,AGL,CE,Towers with Radar,0,11,35,0,46,0,2,151,0,153,0,13,186,0,199,434,0,434,633
03/27/2019,DPA,IL,AGL,CE,Towers with Radar,0,11,50,2,63,0,3,157,1,161,0,14,207,3,224,339,0,339,563
03/28/2019,DPA,IL,AGL,CE,Towers with Radar,0,14,27,0,41,0,2,107,0,109,0,16,134,0,150,274,0,274,424
03/29/2019,DPA,IL,AGL,CE,Towers with Radar,0,17,42,0,59,0,0,108,0,108,0,17,150,0,167,354,0,354,521
03/30/2019,DPA,IL,AGL,CE,Towers with Radar,0,20,26,0,46,0,0,67,0,67,0,20,93,0,113,284,0,284,397
03/31/2019,DPA,IL,AGL,CE,Towers with Radar,0,12,47,0,59,0,0,146,0,146,0,12,193,0,205,196,0,196,401
04/01/2019,DPA,IL,AGL,CE,Towers with Radar,0,13,32,0,45,0,2,66,0,68,0,15,98,0,113,238,0,238,351
04/02/2019,DPA,IL,AGL,CE,Towers with Radar,1,17,42,2,62,0,0,78,0,78,1,17,120,2,140,254,0,254,394
04/03/2019,DPA,IL,AGL,CE,Towers with Radar,1,8,63,2,74,0,0,135,1,136,1,8,198,3,210,320,0,320,530
04/04/2019,DPA,IL,AGL,CE,Towers with Radar,0,8,50,1,59,0,0,19,0,19,0,8,69,1,78,60,0,60,138
04/05/2019,DPA,IL,AGL,CE,Towers with Radar,0,10,51,1,62,0,0,19,0,19,0,10,70,1,81,310,0,310,391
04/06/2019,DPA,IL,AGL,CE,Towers with Radar,0,7,49,0,56,0,0,140,0,140,0,7,189,0,196,362,0,362,558
04/07/2019,DPA,IL,AGL,CE,Towers with Radar,0,8,34,0,42,0,0,19,0,19,0,8,53,0,61,63,0,63,124
04/08/2019,DPA,IL,AGL,CE,Towers with Radar,0,12,49,0,61,0,0,157,1,158,0,12,206,1,219,352,0,352,571
04/09/2019,DPA,IL,AGL,CE,Towers with Radar,0,19,27,1,47,0,0,170,1,171,0,19,197,2,218,470,0,470,688
04/10/2019,DPA,IL,AGL,CE,Towers with Radar,0,11,46,0,57,0,0,11,0,11,0,11,57,0,68,102,0,102,170
04/11/2019,DPA,IL,AGL,CE,Towers with Radar,0,20,35,0,55,0,1,22,0,23,0,21,57,0,78,114,0,114,192
04/12/2019,DPA,IL,AGL,CE,Towers with Radar,0,22,33,0,55,0,0,26,0,26,0,22,59,0,81,16,0,16,97
04/13/2019,DPA,IL,AGL,CE,Towers with Radar,0,9,25,0,34,0,0,209,0,209,0,9,234,0,243,451,0,451,694
04/14/2019,DPA,IL,AGL,CE,Towers with Radar,0,14,36,0,50,0,0,0,0,0,0,14,36,0,50,0,0,0,50
04/15/2019,DPA,IL,AGL,CE,Towers with Radar,0,23,48,2,73,0,0,143,2,145,0,23,191,4,218,350,0,350,568
04/16/2019,DPA,IL,AGL,CE,Towers with Radar,0,25,63,2,90,0,0,138,1,139,0,25,201,3,229,270,0,270,499
04/17/2019,DPA,IL,AGL,CE,Towers with Radar,0,13,67,2,82,0,0,85,0,85,0,13,152,2,167,260,0,260,427
04/18/2019,DPA,IL,AGL,CE,Towers with Radar,0,9,57,0,66,0,0,13,0,13,0,9,70,0,79,126,0,126,205
04/19/2019,DPA,IL,AGL,CE,Towers with Radar,0,14,28,2,44,0,0,40,0,40,0,14,68,2,84,28,0,28,112
04/20/2019,DPA,IL,AGL,CE,Towers with Radar,0,14,26,0,40,0,0,170,0,170,0,14,196,0,210,230,0,230,440
04/21/2019,DPA,IL,AGL,CE,Towers with Radar,0,18,31,0,49,0,0,120,0,120,0,18,151,0,169,200,0,200,369
04/22/2019,DPA,IL,AGL,CE,Towers with Radar,0,7,44,2,53,0,0,110,0,110,0,7,154,2,163,230,0,230,393
04/23/2019,DPA,IL,AGL,CE,Towers with Radar,0,18,51,0,69,0,0,100,0,100,0,18,151,0,169,346,0,346,515
04/24/2019,DPA,IL,AGL,CE,Towers with Radar,0,8,60,3,71,0,1,160,1,162,0,9,220,4,233,315,0,315,548
04/25/2019,DPA,IL,AGL,CE,Towers with Radar,0,9,50,3,62,0,0,157,3,160,0,9,207,6,222,380,0,380,602
04/26/2019,DPA,IL,AGL,CE,Towers with Radar,0,13,39,1,53,0,0,83,2,85,0,13,122,3,138,134,0,134,272
04/27/2019,DPA,IL,AGL,CE,Towers with Radar,0,15,7,0,22,0,0,10,0,10,0,15,17,0,32,94,0,94,126
04/28/2019,DPA,IL,AGL,CE,Towers with Radar,0,12,33,0,45,0,0,168,0,168,0,12,201,0,213,274,0,274,487
04/29/2019,DPA,IL,AGL,CE,Towers with Radar,0,8,43,0,51,0,0,1,0,1,0,8,44,0,52,0,0,0,52
04/30/2019,DPA,IL,AGL,CE,Towers with Radar,0,18,42,0,60,0,0,0,0,0,0,18,42,0,60,0,0,0,60
05/01/2019,DPA,IL,AGL,CE,Towers with Radar,0,14,50,0,64,0,0,6,0,6,0,14,56,0,70,81,0,81,151
05/02/2019,DPA,IL,AGL,CE,Towers with Radar,0,14,49,0,63,0,0,0,0,0,0,14,49,0,63,0,0,0,63
05/03/2019,DPA,IL,AGL,CE,Towers with Radar,0,19,67,0,86,0,1,180,0,181,0,20,247,0,267,471,0,471,738
05/04/2019,DPA,IL,AGL,CE,Towers with Radar,0,11,37,0,48,0,0,190,0,190,0,11,227,0,238,368,0,368,606
05/05/2019,DPA,IL,AGL,CE,Towers with Radar,0,13,47,0,60,0,0,161,0,161,0,13,208,0,221,445,0,445,666
05/06/2019,DPA,IL,AGL,CE,Towers with Radar,0,8,40,0,48,0,0,89,1,90,0,8,129,1,138,304,0,304,442
05/07/2019,DPA,IL,AGL,CE,Towers with Radar,0,17,63,1,81,0,0,46,1,47,0,17,109,2,128,280,0,280,408
05/08/2019,DPA,IL,AGL,CE,Towers with Radar,0,11,53,0,64,0,0,61,1,62,0,11,114,1,126,143,0,143,269
05/09/2019,DPA,IL,AGL,CE,Towers with Radar,0,12,66,0,78,0,0,21,0,21,0,12,87,0,99,52,0,52,151
05/10/2019,DPA,IL,AGL,CE,Towers with Radar,0,17,57,1,75,0,0,153,1,154,0,17,210,2,229,355,0,355,584
05/11/2019,DPA,IL,AGL,CE,Towers with Radar,0,14,34,0,48,0,0,155,0,155,0,14,189,0,203,273,0,273,476
05/12/2019,DPA,IL,AGL,CE,Towers with Radar,0,13,42,0,55,0,0,85,0,85,0,13,127,0,140,266,0,266,406
05/13/2019,DPA,IL,AGL,CE,Towers with Radar,0,8,67,0,75,0,0,142,1,143,0,8,209,1,218,312,0,312,530
05/14/2019,DPA,IL,AGL,CE,Towers with Radar,0,16,58,0,74,0,0,128,0,128,0,16,186,0,202,292,0,292,494
05/15/2019,DPA,IL,AGL,CE,Towers with Radar,0,8,59,0,67,0,0,181,2,183,0,8,240,2,250,367,0,367,617
05/16/2019,DPA,IL,AGL,CE,Towers with Radar,0,22,41,0,63,0,0,75,0,75,0,22,116,0,138,194,0,194,332
05/17/2019,DPA,IL,AGL,CE,Towers with Radar,0,16,64,0,80,0,0,36,0,36,0,16,100,0,116,166,0,166,282
05/18/2019,DPA,IL,AGL,CE,Towers with Radar,0,15,22,0,37,0,0,68,0,68,0,15,90,0,105,377,0,377,482
05/19/2019,DPA,IL,AGL,CE,Towers with Radar,0,12,33,0,45,0,0,11,0,11,0,12,44,0,56,8,0,8,64
05/20/2019,DPA,IL,AGL,CE,Towers with Radar,0,10,64,0,74,0,0,77,0,77,0,10,141,0,151,294,0,294,445
05/21/2019,DPA,IL,AGL,CE,Towers with Radar,0,23,56,0,79,0,0,10,0,10,0,23,66,0,89,72,0,72,161
05/22/2019,DPA,IL,AGL,CE,Towers with Radar,0,18,65,2,85,0,0,64,0,64,0,18,129,2,149,181,0,181,330
05/23/2019,DPA,IL,AGL,CE,Towers with Radar,0,15,49,1,65,0,0,143,1,144,0,15,192,2,209,201,0,201,410
05/24/2019,DPA,IL,AGL,CE,Towers with Radar,0,18,46,0,64,0,0,67,1,68,0,18,113,1,132,192,0,192,324
05/25/2019,DPA,IL,AGL,CE,Towers with Radar,0,14,32,0,46,0,0,92,0,92,0,14,124,0,138,166,0,166,304
05/26/2019,DPA,IL,AGL,CE,Towers with Radar,0,7,25,0,32,0,0,87,0,87,0,7,112,0,119,198,0,198,317
05/27/2019,DPA,IL,AGL,CE,Towers with Radar,0,10,49,0,59,0,0,57,0,57,0,10,106,0,116,130,0,130,246
05/28/2019,DPA,IL,AGL,CE,Towers with Radar,0,12,56,0,68,0,0,24,0,24,0,12,80,0,92,336,0,336,428
05/29/2019,DPA,IL,AGL,CE,Towers with Radar,0,9,62,0,71,0,0,119,0,119,0,9,181,0,190,419,0,419,609
05/30/2019,DPA,IL,AGL,CE,Towers with Radar,0,19,61,3,83,0,0,114,0,114,0,19,175,3,197,319,0,319,516
05/31/2019,DPA,IL,AGL,CE,Towers with Radar,0,17,54,1,72,0,0,230,2,232,0,17,284,3,304,253,0,253,557
06/01/2019,DPA,IL,AGL,CE,Towers with Radar,0,9,27,0,36,0,0,100,0,100,0,9,127,0,136,198,0,198,334
06/02/2019,DPA,IL,AGL,CE,Towers with Radar,0,8,45,0,53,0,0,109,0,109,0,8,154,0,162,434,0,434,596
06/03/2019,DPA,IL,AGL,CE,Towers with Radar,0,6,45,0,51,0,1,165,1,167,0,7,210,1,218,410,0,410,628
06/04/2019,DPA,IL,AGL,CE,Towers with Radar,0,19,35,1,55,0,0,66,1,67,0,19,101,2,122,242,0,242,364
06/05/2019,DPA,IL,AGL,CE,Towers with Radar,0,17,64,0,81,0,0,109,0,109,0,17,173,0,190,413,0,413,603
06/06/2019,DPA,IL,AGL,CE,Towers with Radar,0,17,59,0,76,0,0,127,0,127,0,17,186,0,203,386,0,386,589
06/07/2019,DPA,IL,AGL,CE,Towers with Radar,0,18,55,1,74,0,0,144,0,144,0,18,199,1,218,260,0,260,478
06/08/2019,DPA,IL,AGL,CE,Towers with Radar,0,23,30,0,53,0,0,152,0,152,0,23,182,0,205,228,0,228,433
06/09/2019,DPA,IL,AGL,CE,Towers with Radar,0,17,30,0,47,0,0,66,0,66,0,17,96,0,113,183,0,183,296
06/10/2019,DPA,IL,AGL,CE,Towers with Radar,0,13,45,1,59,0,2,80,1,83,0,15,125,2,142,181,0,181,323
06/11/2019,DPA,IL,AGL,CE,Towers with Radar,2,13,54,1,70,0,0,167,1,168,2,13,221,2,238,320,0,320,558
06/12/2019,DPA,IL,AGL,CE,Towers with Radar,0,10,44,1,55,0,0,63,0,63,0,10,107,1,118,218,0,218,336
06/13/2019,DPA,IL,AGL,CE,Towers with Radar,0,23,56,1,80,0,0,105,0,105,0,23,161,1,185,212,0,212,397
06/14/2019,DPA,IL,AGL,CE,Towers with Radar,0,21,42,2,65,0,0,97,1,98,0,21,139,3,163,177,0,177,340
06/15/2019,DPA,IL,AGL,CE,Towers with Radar,0,8,31,0,39,0,0,24,0,24,0,8,55,0,63,75,0,75,138
06/16/2019,DPA,IL,AGL,CE,Towers with Radar,0,7,34,0,41,0,0,1,0,1,0,7,35,0,42,38,0,38,80
06/17/2019,DPA,IL,AGL,CE,Towers with Radar,0,13,79,0,92,0,0,62,0,62,0,13,141,0,154,428,0,428,582
06/18/2019,DPA,IL,AGL,CE,Towers with Radar,0,16,51,0,67,0,0,187,2,189,0,16,238,2,256,304,0,304,560
06/19/2019,DPA,IL,AGL,CE,Towers with Radar,0,17,67,1,85,0,0,78,1,79,0,17,145,2,164,188,0,188,352
06/20/2019,DPA,IL,AGL,CE,Towers with Radar,0,16,86,1,103,0,0,78,0,78,0,16,164,1,181,230,0,230,411
06/21/2019,DPA,IL,AGL,CE,Towers with Radar,0,20,46,0,66,0,1,180,0,181,0,21,226,0,247,392,0,392,639
06/22/2019,DPA,IL,AGL,CE,Towers with Radar,0,12,20,4,36,0,0,148,0,148,0,12,168,4,184,166,0,166,350
06/23/2019,DPA,IL,AGL,CE,Towers with Radar,0,6,40,0,46,0,0,40,1,41,0,6,80,1,87,228,0,228,315
06/24/2019,DPA,IL,AGL,CE,Towers with Radar,0,5,47,0,52,0,0,29,0,29,0,5,76,0,81,48,0,48,129
06/25/2019,DPA,IL,AGL,CE,Towers with Radar,2,10,49,0,61,0,0,162,1,163,2,10,211,1,224,228,0,228,452
06/26/2019,DPA,IL,AGL,CE,Towers with Radar,0,16,55,0,71,0,0,221,2,223,0,16,276,2,294,304,0,304,598
06/27/2019,DPA,IL,AGL,CE,Towers with Radar,0,16,47,0,63,0,1,153,0,154,0,17,200,0,217,377,0,377,594
06/28/2019,DPA,IL,AGL,CE,Towers with Radar,0,15,65,0,80,0,0,155,0,155,0,15,220,0,235,346,0,346,581
06/29/2019,DPA,IL,AGL,CE,Towers with Radar,0,24,47,0,71,0,0,185,0,185,0,24,232,0,256,355,0,355,611
06/30/2019,DPA,IL,AGL,CE,Towers with Radar,1,6,51,0,58,0,0,92,0,92,1,6,143,0,150,152,0,152,302
07/01/2019,DPA,IL,AGL,CE,Towers with Radar,0,6,51,0,57,0,0,144,0,144,0,6,195,0,201,514,0,514,715
07/02/2019,DPA,IL,AGL,CE,Towers with Radar,0,14,41,0,55,0,0,123,0,123,0,14,164,0,178,329,0,329,507
07/03/2019,DPA,IL,AGL,CE,Towers with Radar,0,17,47,0,64,0,0,110,0,110,0,17,157,0,174,505,0,505,679
07/04/2019,DPA,IL,AGL,CE,Towers with Radar,0,11,19,0,30,0,0,55,0,55,0,11,74,0,85,194,0,194,279
07/05/2019,DPA,IL,AGL,CE,Towers with Radar,0,6,34,0,40,0,0,115,0,115,0,6,149,0,155,455,0,455,610
07/06/2019,DPA,IL,AGL,CE,Towers with Radar,0,10,24,0,34,0,0,115,0,115,0,10,139,0,149,347,0,347,496
07/07/2019,DPA,IL,AGL,CE,Towers with Radar,0,17,43,0,60,0,0,107,0,107,0,17,150,0,167,349,0,349,516
07/08/2019,DPA,IL,AGL,CE,Towers with Radar,0,9,57,1,67,0,0,91,1,92,0,9,148,2,159,449,0,449,608
07/09/2019,DPA,IL,AGL,CE,Towers with Radar,0,13,40,0,53,0,0,168,1,169,0,13,208,1,222,414,0,414,636
07/10/2019,DPA,IL,AGL,CE,Towers with Radar,0,16,45,0,61,0,0,114,1,115,0,16,159,1,176,313,0,313,489
07/11/2019,DPA,IL,AGL,CE,Towers with Radar,0,23,64,3,90,0,0,181,1,182,0,23,245,4,272,383,0,383,655
07/12/2019,DPA,IL,AGL,CE,Towers with Radar,0,27,41,0,68,0,1,206,0,207,0,28,247,0,275,428,0,428,703
07/13/2019,DPA,IL,AGL,CE,Towers with Radar,0,13,41,0,54,0,0,148,0,148,0,13,189,0,202,110,0,110,312
07/14/2019,DPA,IL,AGL,CE,Towers with Radar,0,8,41,0,49,0,0,123,0,123,0,8,164,0,172,170,0,170,342
07/15/2019,DPA,IL,AGL,CE,Towers with Radar,0,20,57,1,78,0,1,128,1,130,0,21,185,2,208,316,0,316,524
07/16/2019,DPA,IL,AGL,CE,Towers with Radar,3,30,78,0,111,0,0,39,0,39,3,30,117,0,150,310,0,310,460
07/17/2019,DPA,IL,AGL,CE,Towers with Radar,0,26,52,1,79,0,0,155,1,156,0,26,207,2,235,294,0,294,529
07/18/2019,DPA,IL,AGL,CE,Towers with Radar,0,19,87,0,106,0,0,78,0,78,0,19,165,0,184,150,0,150,334
07/19/2019,DPA,IL,AGL,CE,Towers with Radar,0,17,62,1,80,0,0,184,1,185,0,17,246,2,265,271,0,271,536
07/20/2019,DPA,IL,AGL,CE,Towers with Radar,0,14,42,1,57,0,0,109,0,109,0,14,151,1,166,92,0,92,258
07/21/2019,DPA,IL,AGL,CE,Towers with Radar,0,12,63,0,75,0,0,62,0,62,0,12,125,0,137,186,0,186,323
07/22/2019,DPA,IL,AGL,CE,Towers with Radar,0,10,39,2,51,0,0,210,0,210,0,10,249,2,261,265,0,265,526
07/23/2019,DPA,IL,AGL,CE,Towers with Radar,0,24,55,1,80,0,0,190,1,191,0,24,245,2,271,358,0,358,629
07/24/2019,DPA,IL,AGL,CE,Towers with Radar,0,11,55,3,69,0,0,224,1,225,0,11,279,4,294,363,0,363,657
07/25/2019,DPA,IL,AGL,CE,Towers with Radar,0,16,54,2,72,0,0,181,1,182,0,16,235,3,254,433,0,433,687
07/26/2019,DPA,IL,AGL,CE,Towers with Radar,0,14,51,1,66,0,0,170,1,171,0,14,221,2,237,235,0,235,472
07/27/2019,DPA,IL,AGL,CE,Towers with Radar,0,17,30,0,47,0,0,106,0,106,0,17,136,0,153,162,0,162,315
07/28/2019,DPA,IL,AGL,CE,Towers with Radar,0,5,42,0,47,0,0,139,0,139,0,5,181,0,186,242,0,242,428
07/29/2019,DPA,IL,AGL,CE,Towers with Radar,0,11,55,1,67,0,0,66,0,66,0,11,121,1,133,348,0,348,481
07/30/2019,DPA,IL,AGL,CE,Towers with Radar,0,10,56,0,66,0,1,190,0,191,0,11,246,0,257,426,0,426,683
07/31/2019,DPA,IL,AGL,CE,Towers with Radar,0,14,82,0,96,0,1,191,2,194,0,15,273,2,290,323,6,329,619
08/01/2019,DPA,IL,AGL,CE,Towers with Radar,0,20,76,0,96,0,0,182,2,184,0,20,258,2,280,382,0,382,662
08/02/2019,DPA,IL,AGL,CE,Towers with Radar,0,19,52,0,71,0,2,153,0,155,0,21,205,0,226,524,0,524,750
08/03/2019,DPA,IL,AGL,CE,Towers with Radar,0,18,29,2,49,0,0,172,0,172,0,18,201,2,221,202,0,202,423
08/04/2019,DPA,IL,AGL,CE,Towers with Radar,0,11,58,0,69,0,0,124,0,124,0,11,182,0,193,306,0,306,499
08/05/2019,DPA,IL,AGL,CE,Towers with Radar,0,10,70,1,81,0,0,180,0,180,0,10,250,1,261,370,0,370,631
08/06/2019,DPA,IL,AGL,CE,Towers with Radar,0,15,78,0,93,0,0,111,1,112,0,15,189,1,205,272,0,272,477
08/07/2019,DPA,IL,AGL,CE,Towers with Radar,0,12,51,0,63,0,0,171,1,172,0,12,222,1,235,382,0,382,617
08/08/2019,DPA,IL,AGL,CE,Towers with Radar,0,23,58,0,81,0,1,180,0,181,0,24,238,0,262,412,0,412,674
08/09/2019,DPA,IL,AGL,CE,Towers with Radar,0,19,49,0,68,0,1,155,0,156,0,20,204,0,224,364,0,364,588
08/10/2019,DPA,IL,AGL,CE,Towers with Radar,0,11,53,0,64,0,0,152,0,152,0,11,205,0,216,136,0,136,352
08/11/2019,DPA,IL,AGL,CE,Towers with Radar,0,11,44,2,57,0,0,61,0,61,0,11,105,2,118,208,0,208,326
08/12/2019,DPA,IL,AGL,CE,Towers with Radar,0,17,56,1,74,0,0,16,0,16,0,17,72,1,90,426,0,426,516
08/13/2019,DPA,IL,AGL,CE,Towers with Radar,0,24,89,0,113,0,2,129,0,131,0,26,218,0,244,301,0,301,545
08/14/2019,DPA,IL,AGL,CE,Towers with Radar,0,20,76,0,96,0,0,126,0,126,0,20,202,0,222,368,0,368,590
08/15/2019,DPA,IL,AGL,CE,Towers with Radar,0,24,64,0,88,0,0,154,0,154,0,24,218,0,242,260,0,260,502
08/16/2019,DPA,IL,AGL,CE,Towers with Radar,0,26,54,0,80,0,1,127,0,128,0,27,181,0,208,272,0,272,480
08/17/2019,DPA,IL,AGL,CE,Towers with Radar,0,18,42,0,60,0,1,73,0,74,0,19,115,0,134,276,0,276,410
08/18/2019,DPA,IL,AGL,CE,Towers with Radar,0,13,36,0,49,0,0,71,0,71,0,13,107,0,120,152,0,152,272
08/19/2019,DPA,IL,AGL,CE,Towers with Radar,0,7,62,1,70,0,0,134,1,135,0,7,196,2,205,358,0,358,563
08/20/2019,DPA,IL,AGL,CE,Towers with Radar,0,13,44,0,57,0,0,38,1,39,0,13,82,1,96,126,0,126,222
08/21/2019,DPA,IL,AGL,CE,Towers with Radar,0,26,79,0,105,0,0,110,2,112,0,26,189,2,217,330,0,330,547
08/22/2019,DPA,IL,AGL,CE,Towers with Radar,0,15,62,0,77,0,0,148,0,148,0,15,210,0,225,356,0,356,581
08/23/2019,DPA,IL,AGL,CE,Towers with Radar,0,12,68,0,80,0,0,183,0,183,0,12,251,0,263,240,0,240,503
08/24/2019,DPA,IL,AGL,CE,Towers with Radar,0,15,52,1,68,0,0,185,1,186,0,15,237,2,254,350,0,350,604
08/25/2019,DPA,IL,AGL,CE,Towers with Radar,0,5,43,0,48,0,0,168,0,168,0,5,211,0,216,126,0,126,342
08/26/2019,DPA,IL,AGL,CE,Towers with Radar,0,15,30,0,45,0,0,4,0,4,0,15,34,0,49,20,0,20,69
08/27/2019,DPA,IL,AGL,CE,Towers with Radar,0,20,67,0,87,0,1,118,0,119,0,21,185,0,206,256,0,256,462
08/28/2019,DPA,IL,AGL,CE,Towers with Radar,0,11,53,0,64,0,1,138,0,139,0,12,191,0,203,174,0,174,377
08/29/2019,DPA,IL,AGL,CE,Towers with Radar,0,21,52,3,76,0,1,113,1,115,0,22,165,4,191,218,0,218,409
08/30/2019,DPA,IL,AGL,CE,Towers with Radar,0,19,55,1,75,0,0,207,0,207,0,19,262,1,282,321,0,321,603
08/31/2019,DPA,IL,AGL,CE,Towers with Radar,0,16,27,0,43,0,0,129,0,129,0,16,156,0,172,238,0,238,410
09/01/2019,DPA,IL,AGL,CE,Towers with Radar,0,7,22,0,29,0,0,52,0,52,0,7,74,0,81,262,0,262,343
09/02/2019,DPA,IL,AGL,CE,Towers with Radar,0,12,43,0,55,0,1,154,0,155,0,13,197,0,210,270,0,270,480
09/03/2019,DPA,IL,AGL,CE,Towers with Radar,0,13,40,0,53,0,0,19,0,19,0,13,59,0,72,34,0,34,106
09/04/2019,DPA,IL,AGL,CE,Towers with Radar,0,16,71,0,87,0,0,159,0,159,0,16,230,0,246,453,0,453,699
09/05/2019,DPA,IL,AGL,CE,Towers with Radar,0,15,72,0,87,0,0,146,1,147,0,15,218,1,234,450,0,450,684
09/06/2019,DPA,IL,AGL,CE,Towers with Radar,0,14,82,0,96,0,0,51,0,51,0,14,133,0,147,210,0,210,357
09/07/2019,DPA,IL,AGL,CE,Towers with Radar,0,15,50,0,65,0,0,182,0,182,0,15,232,0,247,316,0,316,563
09/08/2019,DPA,IL,AGL,CE,Towers with Radar,0,5,44,0,49,0,0,20,0,20,0,5,64,0,69,68,0,68,137
09/09/2019,DPA,IL,AGL,CE,Towers with Radar,0,7,57,2,66,0,0,65,0,65,0,7,122,2,131,316,0,316,447
09/10/2019,DPA,IL,AGL,CE,Towers with Radar,0,18,54,2,74,0,0,128,4,132,0,18,182,6,206,194,0,194,400
09/11/2019,DPA,IL,AGL,CE,Towers with Radar,0,20,48,0,68,0,0,95,4,99,0,20,143,4,167,258,0,258,425
09/12/2019,DPA,IL,AGL,CE,Towers with Radar,0,20,72,0,92,0,0,48,0,48,0,20,120,0,140,136,0,136,276
09/13/2019,DPA,IL,AGL,CE,Towers with Radar,0,26,55,0,81,0,0,103,0,103,0,26,158,0,184,126,0,126,310
09/14/2019,DPA,IL,AGL,CE,Towers with Radar,0,12,49,0,61,0,0,197,0,197,0,12,246,0,258,230,0,230,488
09/15/2019,DPA,IL,AGL,CE,Towers with Radar,0,18,56,0,74,0,0,45,0,45,0,18,101,0,119,66,0,66,185
09/16/2019,DPA,IL,AGL,CE,Towers with Radar,0,14,60,0,74,0,0,81,0,81,0,14,141,0,155,202,0,202,357
09/17/2019,DPA,IL,AGL,CE,Towers with Radar,0,12,68,0,80,0,0,128,0,128,0,12,196,0,208,358,0,358,566
09/18/2019,DPA,IL,AGL,CE,Towers with Radar,0,14,54,2,70,0,0,172,4,176,0,14,226,6,246,350,0,350,596
09/19/2019,DPA,IL,AGL,CE,Towers with Radar,0,21,43,0,64,0,0,130,1,131,0,21,173,1,195,370,0,370,565
09/20/2019,DPA,IL,AGL,CE,Towers with Radar,0,18,63,1,82,0,0,182,0,182,0,18,245,1,264,272,0,272,536
09/21/2019,DPA,IL,AGL,CE,Towers with Radar,0,11,24,0,35,0,0,26,0,26,0,11,50,0,61,70,0,70,131
09/22/2019,DPA,IL,AGL,CE,Towers with Radar,0,11,23,0,34,0,0,10,0,10,0,11,33,0,44,16,0,16,60
09/23/2019,DPA,IL,AGL,CE,Towers with Radar,0,9,63,0,72,0,1,194,0,195,0,10,257,0,267,322,0,322,589
09/24/2019,DPA,IL,AGL,CE,Towers with Radar,0,23,57,0,80,0,0,165,1,166,0,23,222,1,246,316,0,316,562
09/25/2019,DPA,IL,AGL,CE,Towers with Radar,0,18,70,0,88,0,0,104,0,104,0,18,174,0,192,318,0,318,510
09/26/2019,DPA,IL,AGL,CE,Towers with Radar,0,26,60,2,88,0,0,185,2,187,0,26,245,4,275,240,0,240,515
09/27/2019,DPA,IL,AGL,CE,Towers with Radar,0,25,44,1,70,0,0,16,0,16,0,25,60,1,86,34,0,34,120
09/28/2019,DPA,IL,AGL,CE,Towers with Radar,0,11,66,1,78,0,0,8,0,8,0,11,74,1,86,86,0,86,172
09/29/2019,DPA,IL,AGL,CE,Towers with Radar,0,10,27,0,37,0,0,0,0,0,0,10,27,0,37,0,0,0,37
09/30/2019,DPA,IL,AGL,CE,Towers with Radar,0,5,64,0,69,0,0,162,1,163,0,5,226,1,232,305,0,305,537
10/01/2019,DPA,IL,AGL,CE,Towers with Radar,0,17,59,0,76,0,0,139,0,139,0,17,198,0,215,338,0,338,553
10/02/2019,DPA,IL,AGL,CE,Towers with Radar,0,16,59,0,75,0,0,0,0,0,0,16,59,0,75,0,0,0,75
10/03/2019,DPA,IL,AGL,CE,Towers with Radar,0,13,51,0,64,0,0,66,0,66,0,13,117,0,130,158,0,158,288
10/04/2019,DPA,IL,AGL,CE,Towers with Radar,0,14,73,2,89,0,0,138,0,138,0,14,211,2,227,430,0,430,657
10/05/2019,DPA,IL,AGL,CE,Towers with Radar,0,9,23,0,32,0,0,108,0,108,0,9,131,0,140,158,0,158,298
10/06/2019,DPA,IL,AGL,CE,Towers with Radar,0,11,48,0,59,0,0,128,0,128,0,11,176,0,187,198,0,198,385
10/07/2019,DPA,IL,AGL,CE,Towers with Radar,0,5,54,0,59,0,0,141,0,141,0,5,195,0,200,338,0,338,538
10/08/2019,DPA,IL,AGL,CE,Towers with Radar,0,22,64,0,86,0,0,151,1,152,0,22,215,1,238,264,0,264,502
10/09/2019,DPA,IL,AGL,CE,Towers with Radar,0,14,55,0,69,0,1,179,0,180,0,15,234,0,249,354,0,354,603
10/10/2019,DPA,IL,AGL,CE,Towers with Radar,0,22,68,0,90,0,1,104,2,107,0,23,172,2,197,250,0,250,447
10/11/2019,DPA,IL,AGL,CE,Towers with Radar,0,22,59,0,81,0,0,7,0,7,0,22,66,0,88,2,0,2,90
10/12/2019,DPA,IL,AGL,CE,Towers with Radar,0,9,21,0,30,0,0,85,0,85,0,9,106,0,115,108,0,108,223
10/13/2019,DPA,IL,AGL,CE,Towers with Radar,0,6,29,0,35,0,0,108,0,108,0,6,137,0,143,160,0,160,303
10/14/2019,DPA,IL,AGL,CE,Towers with Radar,0,11,59,0,70,0,0,142,0,142,0,11,201,0,212,304,0,304,516
10/15/2019,DPA,IL,AGL,CE,Towers with Radar,0,18,70,1,89,0,0,87,0,87,0,18,157,1,176,284,0,284,460
10/16/2019,DPA,IL,AGL,CE,Towers with Radar,0,22,50,0,72,0,0,83,0,83,0,22,133,0,155,152,0,152,307
10/17/2019,DPA,IL,AGL,CE,Towers with Radar,0,17,66,0,83,0,0,133,0,133,0,17,199,0,216,431,0,431,647
10/18/2019,DPA,IL,AGL,CE,Towers with Radar,0,15,64,0,79,0,0,196,0,196,0,15,260,0,275,334,0,334,609
10/19/2019,DPA,IL,AGL,CE,Towers with Radar,0,16,32,0,48,0,0,158,0,158,0,16,190,0,206,216,0,216,422
10/20/2019,DPA,IL,AGL,CE,Towers with Radar,0,8,47,0,55,0,0,140,0,140,0,8,187,0,195,192,0,192,387
10/21/2019,DPA,IL,AGL,CE,Towers with Radar,0,7,28,0,35,0,0,6,0,6,0,7,34,0,41,0,0,0,41
10/22/2019,DPA,IL,AGL,CE,Towers with Radar,0,19,35,0,54,0,0,8,0,8,0,19,43,0,62,2,0,2,64
10/23/2019,DPA,IL,AGL,CE,Towers with Radar,0,21,51,1,73,0,0,173,1,174,0,21,224,2,247,376,0,376,623
10/24/2019,DPA,IL,AGL,CE,Towers with Radar,0,25,58,0,83,0,0,175,1,176,0,25,233,1,259,333,0,333,592
10/25/2019,DPA,IL,AGL,CE,Towers with Radar,0,22,49,0,71,0,0,158,0,158,0,22,207,0,229,390,0,390,619
10/26/2019,DPA,IL,AGL,CE,Towers with Radar,0,19,32,0,51,0,0,40,0,40,0,19,72,0,91,126,0,126,217
10/27/2019,DPA,IL,AGL,CE,Towers with Radar,0,9,42,2,53,0,0,152,0,152,0,9,194,2,205,217,0,217,422
10/28/2019,DPA,IL,AGL,CE,Towers with Radar,0,20,47,0,67,0,0,20,0,20,0,20,67,0,87,22,0,22,109
10/29/2019,DPA,IL,AGL,CE,Towers with Radar,0,26,40,0,66,0,0,79,0,79,0,26,119,0,145,270,4,274,419
10/30/2019,DPA,IL,AGL,CE,Towers with Radar,0,14,37,0,51,0,0,0,0,0,0,14,37,0,51,0,0,0,51
10/31/2019,DPA,IL,AGL,CE,Towers with Radar,0,18,37,0,55,0,0,1,0,1,0,18,38,0,56,44,0,44,100
11/01/2019,DPA,IL,AGL,CE,Towers with Radar,0,22,67,0,89,0,0,122,1,123,0,22,189,1,212,220,0,220,432
11/02/2019,DPA,IL,AGL,CE,Towers with Radar,0,12,30,0,42,0,0,59,0,59,0,12,89,0,101,122,0,122,223
11/03/2019,DPA,IL,AGL,CE,Towers with Radar,0,9,49,0,58,0,0,135,0,135,0,9,184,0,193,184,0,184,377
11/04/2019,DPA,IL,AGL,CE,Towers with Radar,0,12,44,1,57,0,0,109,1,110,0,12,153,2,167,234,0,234,401
11/05/2019,DPA,IL,AGL,CE,Towers with Radar,0,18,50,2,70,0,1,154,1,156,0,19,204,3,226,88,0,88,314
11/06/2019,DPA,IL,AGL,CE,Towers with Radar,0,14,56,0,70,0,0,78,1,79,0,14,134,1,149,120,0,120,269
11/07/2019,DPA,IL,AGL,CE,Towers with Radar,0,15,55,0,70,0,0,115,0,115,0,15,170,0,185,176,0,176,361
11/08/2019,DPA,IL,AGL,CE,Towers with Radar,0,21,51,1,73,0,0,120,1,121,0,21,171,2,194,238,0,238,432
11/09/2019,DPA,IL,AGL,CE,Towers with Radar,0,12,32,0,44,0,0,164,0,164,0,12,196,0,208,188,0,188,396
11/10/2019,DPA,IL,AGL,CE,Towers with Radar,0,1,55,0,56,0,0,37,0,37,0,1,92,0,93,354,0,354,447
11/11/2019,DPA,IL,AGL,CE,Towers with Radar,0,12,27,0,39,0,0,1,0,1,0,12,28,0,40,0,0,0,40
11/12/2019,DPA,IL,AGL,CE,Towers with Radar,0,8,57,0,65,0,0,131,0,131,0,8,188,0,196,274,0,274,470
11/13/2019,DPA,IL,AGL,CE,Towers with Radar,0,25,42,0,67,0,0,83,1,84,0,25,125,1,151,230,0,230,381
11/14/2019,DPA,IL,AGL,CE,Towers with Radar,0,17,34,0,51,0,0,57,0,57,0,17,91,0,108,476,0,476,584
11/15/2019,DPA,IL,AGL,CE,Towers with Radar,0,13,47,0,60,0,0,115,0,115,0,13,162,0,175,354,0,354,529
11/16/2019,DPA,IL,AGL,CE,Towers with Radar,0,13,36,0,49,0,0,108,0,108,0,13,144,0,157,307,0,307,464
11/17/2019,DPA,IL,AGL,CE,Towers with Radar,0,5,19,0,24,0,0,73,0,73,0,5,92,0,97,272,0,272,369
11/18/2019,DPA,IL,AGL,CE,Towers with Radar,0,7,39,0,46,0,0,11,0,11,0,7,50,0,57,232,0,232,289
11/19/2019,DPA,IL,AGL,CE,Towers with Radar,0,10,29,0,39,0,0,2,0,2,0,10,31,0,41,42,0,42,83
11/20/2019,DPA,IL,AGL,CE,Towers with Radar,0,18,90,0,108,0,0,83,0,83,0,18,173,0,191,273,0,273,464
11/21/2019,DPA,IL,AGL,CE,Towers with Radar,0,18,46,0,64,0,0,5,0,5,0,18,51,0,69,0,0,0,69
11/22/2019,DPA,IL,AGL,CE,Towers with Radar,0,18,58,1,77,0,0,151,1,152,0,18,209,2,229,362,0,362,591
11/23/2019,DPA,IL,AGL,CE,Towers with Radar,0,19,46,0,65,0,0,140,0,140,0,19,186,0,205,272,0,272,477
11/24/2019,DPA,IL,AGL,CE,Towers with Radar,0,10,30,0,40,0,0,149,0,149,0,10,179,0,189,202,0,202,391
11/25/2019,DPA,IL,AGL,CE,Towers with Radar,0,8,55,1,64,0,0,170,0,170,0,8,225,1,234,244,0,244,478
11/26/2019,DPA,IL,AGL,CE,Towers with Radar,2,14,44,0,60,0,0,90,0,90,2,14,134,0,150,147,0,147,297
11/27/2019,DPA,IL,AGL,CE,Towers with Radar,0,20,23,0,43,0,0,1,0,1,0,20,24,0,44,0,0,0,44
11/28/2019,DPA,IL,AGL,CE,Towers with Radar,0,10,17,0,27,0,0,15,0,15,0,10,32,0,42,62,0,62,104
11/29/2019,DPA,IL,AGL,CE,Towers with Radar,0,6,23,0,29,0,0,11,0,11,0,6,34,0,40,76,0,76,116
11/30/2019,DPA,IL,AGL,CE,Towers with Radar,0,20,17,0,37,0,0,0,0,0,0,20,17,0,37,0,0,0,37
12/01/2019,DPA,IL,AGL,CE,Towers with Radar,0,13,53,0,66,0,0,4,0,4,0,13,57,0,70,16,0,16,86
12/02/2019,DPA,IL,AGL,CE,Towers with Radar,0,22,47,0,69,0,0,53,0,53,0,22,100,0,122,473,0,473,595
12/03/2019,DPA,IL,AGL,CE,Towers with Radar,0,15,36,1,52,0,0,101,1,102,0,15,137,2,154,186,4,190,344
12/04/2019,DPA,IL,AGL,CE,Towers with Radar,0,13,42,1,56,0,0,112,2,114,0,13,154,3,170,150,0,150,320
12/05/2019,DPA,IL,AGL,CE,Towers with Radar,0,16,61,0,77,0,0,159,3,162,0,16,220,3,239,254,0,254,493
12/06/2019,DPA,IL,AGL,CE,Towers with Radar,0,18,70,0,88,0,0,137,0,137,0,18,207,0,225,182,0,182,407
12/07/2019,DPA,IL,AGL,CE,Towers with Radar,1,13,37,0,51,0,0,163,0,163,1,13,200,0,214,202,0,202,416
12/08/2019,DPA,IL,AGL,CE,Towers with Radar,0,6,41,2,49,0,0,5,0,5,0,6,46,2,54,142,0,142,196
12/09/2019,DPA,IL,AGL,CE,Towers with Radar,0,4,38,0,42,0,0,0,0,0,0,4,38,0,42,0,0,0,42
12/10/2019,DPA,IL,AGL,CE,Towers with Radar,1,19,48,0,68,0,0,113,0,113,1,19,161,0,181,154,0,154,335
12/11/2019,DPA,IL,AGL,CE,Towers with Radar,0,28,50,0,78,0,0,72,1,73,0,28,122,1,151,175,0,175,326
12/12/2019,DPA,IL,AGL,CE,Towers with Radar,0,13,33,0,46,0,0,39,2,41,0,13,72,2,87,52,0,52,139
12/13/2019,DPA,IL,AGL,CE,Towers with Radar,0,17,53,1,71,0,0,121,1,122,0,17,174,2,193,372,0,372,565
12/14/2019,DPA,IL,AGL,CE,Towers with Radar,0,21,9,0,30,0,0,4,0,4,0,21,13,0,34,24,0,24,58
12/15/2019,DPA,IL,AGL,CE,Towers with Radar,0,15,45,0,60,0,0,117,0,117,0,15,162,0,177,288,0,288,465
12/16/2019,DPA,IL,AGL,CE,Towers with Radar,0,7,44,0,51,0,0,10,0,10,0,7,54,0,61,120,0,120,181
12/17/2019,DPA,IL,AGL,CE,Towers with Radar,0,16,40,0,56,0,0,56,0,56,0,16,96,0,112,128,0,128,240
12/18/2019,DPA,IL,AGL,CE,Towers with Radar,0,15,58,0,73,0,0,126,0,126,0,15,184,0,199,134,0,134,333
12/19/2019,DPA,IL,AGL,CE,Towers with Radar,2,16,46,0,64,0,0,131,0,131,2,16,177,0,195,212,0,212,407
12/20/2019,DPA,IL,AGL,CE,Towers with Radar,0,17,59,0,76,0,1,94,1,96,0,18,153,1,172,208,0,208,380
12/21/2019,DPA,IL,AGL,CE,Towers with Radar,0,23,32,0,55,0,0,135,0,135,0,23,167,0,190,222,0,222,412
12/22/2019,DPA,IL,AGL,CE,Towers with Radar,0,15,40,0,55,0,0,140,0,140,0,15,180,0,195,182,0,182,377
12/23/2019,DPA,IL,AGL,CE,Towers with Radar,0,9,37,0,46,0,0,133,0,133,0,9,170,0,179,152,0,152,331
12/24/2019,DPA,IL,AGL,CE,Towers with Radar,0,14,13,0,27,0,0,23,0,23,0,14,36,0,50,32,0,32,82
12/25/2019,DPA,IL,AGL,CE,Towers with Radar,0,8,6,0,14,0,0,24,0,24,0,8,30,0,38,4,0,4,42
12/26/2019,DPA,IL,AGL,CE,Towers with Radar,0,17,56,0,73,0,0,99,0,99,0,17,155,0,172,154,0,154,326
12/27/2019,DPA,IL,AGL,CE,Towers with Radar,0,22,64,0,86,0,0,52,0,52,0,22,116,0,138,78,0,78,216
12/28/2019,DPA,IL,AGL,CE,Towers with Radar,0,25,21,0,46,0,0,0,0,0,0,25,21,0,46,24,0,24,70
12/29/2019,DPA,IL,AGL,CE,Towers with Radar,0,18,33,0,51,0,0,34,0,34,0,18,67,0,85,232,0,232,317
12/30/2019,DPA,IL,AGL,CE,Towers with Radar,0,8,17,0,25,0,0,12,0,12,0,8,29,0,37,0,10,10,47
12/31/2019,DPA,IL,AGL,CE,Towers with Radar,0,13,9,0,22,0,0,34,0,34,0,13,43,0,56,82,0,82,138
01/01/2020,DPA,IL,AGL,CE,Towers with Radar,0,11,11,0,22,0,0,50,0,50,0,11,61,0,72,19,0,19,91
01/02/2020,DPA,IL,AGL,CE,Towers with Radar,0,7,21,0,28,0,0,99,0,99,0,7,120,0,127,226,0,226,353
01/03/2020,DPA,IL,AGL,CE,Towers with Radar,0,16,32,0,48,0,0,40,0,40,0,16,72,0,88,465,0,465,553
01/04/2020,DPA,IL,AGL,CE,Towers with Radar,0,21,27,0,48,0,0,69,0,69,0,21,96,0,117,216,0,216,333
01/05/2020,DPA,IL,AGL,CE,Towers with Radar,0,10,34,0,44,0,0,34,0,34,0,10,68,0,78,48,0,48,126
01/06/2020,DPA,IL,AGL,CE,Towers with Radar,0,10,45,0,55,0,0,180,0,180,0,10,225,0,235,356,0,356,591
01/07/2020,DPA,IL,AGL,CE,Towers with Radar,0,14,31,1,46,0,0,135,1,136,0,14,166,2,182,228,0,228,410
01/08/2020,DPA,IL,AGL,CE,Towers with Radar,0,17,46,0,63,0,0,120,0,120,0,17,166,0,183,270,0,270,453
01/09/2020,DPA,IL,AGL,CE,Towers with Radar,0,12,24,0,36,0,0,10,0,10,0,12,34,0,46,24,0,24,70
01/10/2020,DPA,IL,AGL,CE,Towers with Radar,0,15,35,0,50,0,0,0,0,0,0,15,35,0,50,0,0,0,50
01/11/2020,DPA,IL,AGL,CE,Towers with Radar,0,18,7,0,25,0,0,0,0,0,0,18,7,0,25,0,0,0,25
01/12/2020,DPA,IL,AGL,CE,Towers with Radar,0,13,26,0,39,0,0,5,0,5,0,13,31,0,44,124,0,124,168
01/13/2020,DPA,IL,AGL,CE,Towers with Radar,0,11,28,0,39,0,0,36,0,36,0,11,64,0,75,346,0,346,421
01/14/2020,DPA,IL,AGL,CE,Towers with Radar,0,16,29,0,45,0,0,18,0,18,0,16,47,0,63,138,0,138,201
01/15/2020,DPA,IL,AGL,CE,Towers with Radar,0,19,25,0,44,0,0,2,0,2,0,19,27,0,46,0,0,0,46
01/16/2020,DPA,IL,AGL,CE,Towers with Radar,0,19,62,0,81,0,1,168,1,170,0,20,230,1,251,270,0,270,521
01/17/2020,DPA,IL,AGL,CE,Towers with Radar,0,17,41,1,59,0,1,76,1,78,0,18,117,2,137,204,0,204,341
01/18/2020,DPA,IL,AGL,CE,Towers with Radar,0,8,6,0,14,0,0,0,0,0,0,8,6,0,14,0,0,0,14
01/19/2020,DPA,IL,AGL,CE,Towers with Radar,0,2,18,0,20,0,0,74,0,74,0,2,92,0,94,186,0,186,280
01/20/2020,DPA,IL,AGL,CE,Towers with Radar,0,7,57,0,64,0,0,163,0,163,0,7,220,0,227,255,0,255,482
01/21/2020,DPA,IL,AGL,CE,Towers with Radar,0,14,60,0,74,0,0,144,0,144,0,14,204,0,218,424,0,424,642
01/22/2020,DPA,IL,AGL,CE,Towers with Radar,0,14,57,0,71,0,0,120,1,121,0,14,177,1,192,274,0,274,466
01/23/2020,DPA,IL,AGL,CE,Towers with Radar,0,16,50,0,66,0,0,0,0,0,0,16,50,0,66,0,0,0,66
01/24/2020,DPA,IL,AGL,CE,Towers with Radar,0,18,27,0,45,0,0,0,0,0,0,18,27,0,45,0,0,0,45
01/25/2020,DPA,IL,AGL,CE,Towers with Radar,0,13,11,0,24,0,0,0,0,0,0,13,11,0,24,0,0,0,24
01/26/2020,DPA,IL,AGL,CE,Towers with Radar,0,9,29,0,38,0,0,0,0,0,0,9,29,0,38,0,0,0,38
01/27/2020,DPA,IL,AGL,CE,Towers with Radar,1,3,31,0,35,0,0,2,0,2,1,3,33,0,37,9,0,9,46
01/28/2020,DPA,IL,AGL,CE,Towers with Radar,0,18,18,0,36,0,0,12,0,12,0,18,30,0,48,206,0,206,254
01/29/2020,DPA,IL,AGL,CE,Towers with Radar,1,22,38,0,61,0,0,18,0,18,1,22,56,0,79,233,0,233,312
01/30/2020,DPA,IL,AGL,CE,Towers with Radar,0,12,41,0,53,0,0,73,0,73,0,12,114,0,126,326,0,326,452
01/31/2020,DPA,IL,AGL,CE,Towers with Radar,0,20,27,0,47,0,0,7,0,7,0,20,34,0,54,38,0,38,92
02/01/2020,DPA,IL,AGL,CE,Towers with Radar,0,13,8,0,21,0,0,2,0,2,0,13,10,0,23,18,0,18,41
02/02/2020,DPA,IL,AGL,CE,Towers with Radar,0,6,31,0,37,0,0,142,0,142,0,6,173,0,179,116,0,116,295
02/03/2020,DPA,IL,AGL,CE,Towers with Radar,0,5,47,1,53,0,0,156,2,158,0,5,203,3,211,284,0,284,495
02/04/2020,DPA,IL,AGL,CE,Towers with Radar,0,11,23,0,34,0,0,49,0,49,0,11,72,0,83,129,0,129,212
02/05/2020,DPA,IL,AGL,CE,Towers with Radar,0,12,46,0,58,0,0,103,0,103,0,12,149,0,161,186,0,186,347
02/06/2020,DPA,IL,AGL,CE,Towers with Radar,0,20,30,0,50,0,0,12,0,12,0,20,42,0,62,66,0,66,128
02/07/2020,DPA,IL,AGL,CE,Towers with Radar,0,13,45,1,59,0,0,126,2,128,0,13,171,3,187,214,0,214,401
02/08/2020,DPA,IL,AGL,CE,Towers with Radar,0,11,26,0,37,0,0,137,0,137,0,11,163,0,174,396,0,396,570
02/09/2020,DPA,IL,AGL,CE,Towers with Radar,0,3,17,0,20,0,0,2,0,2,0,3,19,0,22,74,0,74,96
02/10/2020,DPA,IL,AGL,CE,Towers with Radar,0,6,51,0,57,0,0,61,0,61,0,6,112,0,118,232,0,232,350
02/11/2020,DPA,IL,AGL,CE,Towers with Radar,0,12,45,1,58,0,0,135,2,137,0,12,180,3,195,242,0,242,437
02/12/2020,DPA,IL,AGL,CE,Towers with Radar,0,15,46,1,62,0,0,49,0,49,0,15,95,1,111,210,0,210,321
02/13/2020,DPA,IL,AGL,CE,Towers with Radar,0,16,51,0,67,0,0,15,0,15,0,16,66,0,82,10,0,10,92
02/14/2020,DPA,IL,AGL,CE,Towers with Radar,0,12,42,2,56,0,2,106,0,108,0,14,148,2,164,190,0,190,354
02/15/2020,DPA,IL,AGL,CE,Towers with Radar,0,15,15,0,30,0,0,41,0,41,0,15,56,0,71,44,0,44,115
02/16/2020,DPA,IL,AGL,CE,Towers with Radar,0,2,30,0,32,0,0,135,0,135,0,2,165,0,167,272,0,272,439
02/17/2020,DPA,IL,AGL,CE,Towers with Radar,0,13,35,0,48,0,0,35,0,35,0,13,70,0,83,154,0,154,237
02/18/2020,DPA,IL,AGL,CE,Towers with Radar,0,20,31,0,51,0,0,74,1,75,0,20,105,1,126,138,0,138,264
02/19/2020,DPA,IL,AGL,CE,Towers with Radar,0,16,49,2,67,0,1,157,1,159,0,17,206,3,226,324,0,324,550
02/20/2020,DPA,IL,AGL,CE,Towers with Radar,0,16,38,0,54,0,0,98,0,98,0,16,136,0,152,182,0,182,334
02/21/2020,DPA,IL,AGL,CE,Towers with Radar,0,16,47,1,64,0,1,144,1,146,0,17,191,2,210,158,0,158,368
02/22/2020,DPA,IL,AGL,CE,Towers with Radar,0,15,24,0,39,0,0,163,0,163,0,15,187,0,202,202,0,202,404
02/23/2020,DPA,IL,AGL,CE,Towers with Radar,0,7,32,0,39,0,0,124,0,124,0,7,156,0,163,210,0,210,373
02/24/2020,DPA,IL,AGL,CE,Towers with Radar,0,3,35,0,38,0,0,72,1,73,0,3,107,1,111,156,0,156,267
02/25/2020,DPA,IL,AGL,CE,Towers with Radar,0,18,29,0,47,0,0,8,0,8,0,18,37,0,55,24,0,24,79
02/26/2020,DPA,IL,AGL,CE,Towers with Radar,0,19,32,0,51,0,0,19,0,19,0,19,51,0,70,48,0,48,118
02/27/2020,DPA,IL,AGL,CE,Towers with Radar,0,20,45,1,66,0,0,108,0,108,0,20,153,1,174,222,0,222,396
02/28/2020,DPA,IL,AGL,CE,Towers with Radar,0,14,45,0,59,0,0,114,0,114,0,14,159,0,173,277,0,277,450
02/29/2020,DPA,IL,AGL,CE,Towers with Radar,0,11,32,0,43,0,0,187,0,187,0,11,219,0,230,380,0,380,610
03/01/2020,DPA,IL,AGL,CE,Towers with Radar,0,5,30,0,35,0,0,89,0,89,0,5,119,0,124,197,0,197,321
03/02/2020,DPA,IL,AGL,CE,Towers with Radar,0,4,48,0,52,0,0,101,1,102,0,4,149,1,154,256,0,256,410
03/03/2020,DPA,IL,AGL,CE,Towers with Radar,0,11,34,1,46,0,0,51,0,51,0,11,85,1,97,122,0,122,219
03/04/2020,DPA,IL,AGL,CE,Towers with Radar,0,18,42,3,63,0,0,125,3,128,0,18,167,6,191,212,0,212,403
03/05/2020,DPA,IL,AGL,CE,Towers with Radar,0,10,20,1,31,0,0,37,1,38,0,10,57,2,69,16,0,16,85
03/06/2020,DPA,IL,AGL,CE,Towers with Radar,0,16,39,0,55,0,0,61,0,61,0,16,100,0,116,148,0,148,264
03/07/2020,DPA,IL,AGL,CE,Towers with Radar,0,12,29,0,41,0,0,173,0,173,0,12,202,0,214,274,0,274,488
03/08/2020,DPA,IL,AGL,CE,Towers with Radar,0,6,20,0,26,0,0,80,0,80,0,6,100,0,106,130,0,130,236
03/09/2020,DPA,IL,AGL,CE,Towers with Radar,0,7,31,0,38,0,0,3,0,3,0,7,34,0,41,0,0,0,41
03/10/2020,DPA,IL,AGL,CE,Towers with Radar,0,17,41,0,58,0,0,68,0,68,0,17,109,0,126,156,0,156,282
03/11/2020,DPA,IL,AGL,CE,Towers with Radar,0,13,58,0,71,0,0,18,0,18,0,13,76,0,89,132,0,132,221
03/12/2020,DPA,IL,AGL,CE,Towers with Radar,0,18,46,0,64,0,0,11,0,11,0,18,57,0,75,72,0,72,147
03/13/2020,DPA,IL,AGL,CE,Towers with Radar,0,10,33,0,43,0,0,133,0,133,0,10,166,0,176,108,0,108,284
03/14/2020,DPA,IL,AGL,CE,Towers with Radar,0,13,22,0,35,0,0,58,0,58,0,13,80,0,93,266,0,266,359
03/15/2020,DPA,IL,AGL,CE,Towers with Radar,0,13,37,0,50,0,0,123,0,123,0,13,160,0,173,356,0,356,529
03/16/2020,DPA,IL,AGL,CE,Towers with Radar,0,9,19,0,28,0,0,14,0,14,0,9,33,0,42,101,0,101,143
03/17/2020,DPA,IL,AGL,CE,Towers with Radar,0,14,33,1,48,0,0,174,2,176,0,14,207,3,224,252,0,252,476
03/18/2020,DPA,IL,AGL,CE,Towers with Radar,0,16,28,0,44,0,0,27,0,27,0,16,55,0,71,196,0,196,267
03/19/2020,DPA,IL,AGL,CE,Towers with Radar,2,22,24,0,48,0,0,0,0,0,2,22,24,0,48,0,0,0,48
03/20/2020,DPA,IL,AGL,CE,Towers with Radar,0,18,30,0,48,0,0,54,0,54,0,18,84,0,102,146,0,146,248
03/21/2020,DPA,IL,AGL,CE,Towers with Radar,0,14,26,0,40,0,0,116,0,116,0,14,142,0,156,232,0,232,388
03/22/2020,DPA,IL,AGL,CE,Towers with Radar,0,4,14,0,18,0,0,6,0,6,0,4,20,0,24,0,0,0,24
03/23/2020,DPA,IL,AGL,CE,Towers with Radar,0,6,15,0,21,0,0,7,0,7,0,6,22,0,28,46,0,46,74
03/24/2020,DPA,IL,AGL,CE,Towers with Radar,0,12,15,1,28,0,0,19,0,19,0,12,34,1,47,20,0,20,67
03/25/2020,DPA,IL,AGL,CE,Towers with Radar,0,14,19,0,33,0,0,19,0,19,0,14,38,0,52,10,0,10,62
03/26/2020,DPA,IL,AGL,CE,Towers with Radar,0,11,10,0,21,0,0,7,1,8,0,11,17,1,29,8,0,8,37
03/27/2020,DPA,IL,AGL,CE,Towers with Radar,0,13,9,0,22,0,0,4,0,4,0,13,13,0,26,8,0,8,34
03/28/2020,DPA,IL,AGL,CE,Towers with Radar,0,13,3,0,16,0,0,0,0,0,0,13,3,0,16,0,0,0,16
03/29/2020,DPA,IL,AGL,CE,Towers with Radar,0,4,9,0,13,0,0,2,0,2,0,4,11,0,15,0,0,0,15
03/30/2020,DPA,IL,AGL,CE,Towers with Radar,0,10,16,1,27,0,0,31,1,32,0,10,47,2,59,42,0,42,101
03/31/2020,DPA,IL,AGL,CE,Towers with Radar,0,13,8,0,21,0,0,8,0,8,0,13,16,0,29,44,0,44,73
04/01/2020,DPA,IL,AGL,CE,Towers with Radar,0,10,7,1,18,0,0,56,2,58,0,10,63,3,76,88,0,88,164
04/02/2020,DPA,IL,AGL,CE,Towers with Radar,0,20,18,1,39,0,1,55,1,57,0,21,73,2,96,182,0,182,278
04/03/2020,DPA,IL,AGL,CE,Towers with Radar,0,8,17,1,26,0,0,72,1,73,0,8,89,2,99,66,0,66,165
04/04/2020,DPA,IL,AGL,CE,Towers with Radar,0,11,2,0,13,0,0,13,0,13,0,11,15,0,26,49,0,49,75
04/05/2020,DPA,IL,AGL,CE,Towers with Radar,0,3,11,0,14,0,0,97,0,97,0,3,108,0,111,70,0,70,181
04/06/2020,DPA,IL,AGL,CE,Towers with Radar,0,6,27,1,34,0,1,28,1,30,0,7,55,2,64,123,0,123,187
04/07/2020,DPA,IL,AGL,CE,Towers with Radar,0,18,18,0,36,0,0,40,0,40,0,18,58,0,76,76,0,76,152
04/08/2020,DPA,IL,AGL,CE,Towers with Radar,0,11,17,1,29,0,0,44,1,45,0,11,61,2,74,66,0,66,140
04/09/2020,DPA,IL,AGL,CE,Towers with Radar,0,10,14,0,24,0,0,10,0,10,0,10,24,0,34,10,0,10,44
04/10/2020,DPA,IL,AGL,CE,Towers with Radar,0,12,31,0,43,0,0,126,0,126,0,12,157,0,169,150,0,150,319
04/11/2020,DPA,IL,AGL,CE,Towers with Radar,0,12,9,0,21,0,0,76,0,76,0,12,85,0,97,188,0,188,285
04/12/2020,DPA,IL,AGL,CE,Towers with Radar,0,2,8,0,10,0,0,9,0,9,0,2,17,0,19,98,0,98,117
04/13/2020,DPA,IL,AGL,CE,Towers with Radar,0,4,13,0,17,0,0,6,0,6,0,4,19,0,23,0,0,0,23
04/14/2020,DPA,IL,AGL,CE,Towers with Radar,0,15,7,1,23,0,0,30,2,32,0,15,37,3,55,112,0,112,167
04/15/2020,DPA,IL,AGL,CE,Towers with Radar,0,11,9,1,21,0,1,59,0,60,0,12,68,1,81,228,0,228,309
04/16/2020,DPA,IL,AGL,CE,Towers with Radar,0,13,21,0,34,0,0,73,0,73,0,13,94,0,107,150,0,150,257
04/17/2020,DPA,IL,AGL,CE,Towers with Radar,0,13,12,0,25,0,0,25,0,25,0,13,37,0,50,224,0,224,274
04/18/2020,DPA,IL,AGL,CE,Towers with Radar,0,12,14,0,26,0,0,39,0,39,0,12,53,0,65,98,0,98,163
04/19/2020,DPA,IL,AGL,CE,Towers with Radar,0,3,11,0,14,0,0,130,0,130,0,3,141,0,144,154,0,154,298
04/20/2020,DPA,IL,AGL,CE,Towers with Radar,0,5,14,1,20,0,0,80,0,80,0,5,94,1,100,148,0,148,248
04/21/2020,DPA,IL,AGL,CE,Towers with Radar,0,10,15,0,25,0,0,60,0,60,0,10,75,0,85,142,0,142,227
04/22/2020,DPA,IL,AGL,CE,Towers with Radar,0,14,21,0,35,0,0,63,0,63,0,14,84,0,98,202,0,202,300
04/23/2020,DPA,IL,AGL,CE,Towers with Radar,0,13,36,0,49,0,0,5,1,6,0,13,41,1,55,156,0,156,211
04/24/2020,DPA,IL,AGL,CE,Towers with Radar,0,14,20,0,34,0,0,11,0,11,0,14,31,0,45,252,0,252,297
04/25/2020,DPA,IL,AGL,CE,Towers with Radar,0,13,17,0,30,0,0,7,0,7,0,13,24,0,37,30,0,30,67
04/26/2020,DPA,IL,AGL,CE,Towers with Radar,0,3,19,0,22,0,0,138,0,138,0,3,157,0,160,224,0,224,384
04/27/2020,DPA,IL,AGL,CE,Towers with Radar,0,8,16,0,24,0,0,70,0,70,0,8,86,0,94,132,0,132,226
04/28/2020,DPA,IL,AGL,CE,Towers with Radar,0,10,17,1,28,0,0,56,0,56,0,10,73,1,84,144,0,144,228
04/29/2020,DPA,IL,AGL,CE,Towers with Radar,0,10,11,0,21,0,0,0,0,0,0,10,11,0,21,0,0,0,21
04/30/2020,DPA,IL,AGL,CE,Towers with Radar,0,11,22,0,33,0,0,38,0,38,0,11,60,0,71,78,0,78,149
05/01/2020,DPA,IL,AGL,CE,Towers with Radar,0,12,28,0,40,0,0,170,0,170,0,12,198,0,210,255,0,255,465
05/02/2020,DPA,IL,AGL,CE,Towers with Radar,0,12,21,0,33,0,0,137,0,137,0,12,158,0,170,270,0,270,440
05/03/2020,DPA,IL,AGL,CE,Towers with Radar,0,4,14,0,18,0,0,156,0,156,0,4,170,0,174,240,0,240,414
05/04/2020,DPA,IL,AGL,CE,Towers with Radar,0,5,19,0,24,0,0,89,0,89,0,5,108,0,113,330,0,330,443
05/05/2020,DPA,IL,AGL,CE,Towers with Radar,0,13,20,2,35,0,0,32,0,32,0,13,52,2,67,166,0,166,233
05/06/2020,DPA,IL,AGL,CE,Towers with Radar,0,10,21,0,31,0,0,155,1,156,0,10,176,1,187,332,0,332,519
05/07/2020,DPA,IL,AGL,CE,Towers with Radar,0,13,23,0,36,0,1,112,0,113,0,14,135,0,149,276,0,276,425
05/08/2020,DPA,IL,AGL,CE,Towers with Radar,2,19,48,1,70,0,2,117,1,120,2,21,165,2,190,76,0,76,266
05/09/2020,DPA,IL,AGL,CE,Towers with Radar,0,12,21,0,33,0,0,142,0,142,0,12,163,0,175,238,0,238,413
05/10/2020,DPA,IL,AGL,CE,Towers with Radar,0,9,27,0,36,0,0,7,0,7,0,9,34,0,43,8,0,8,51
05/11/2020,DPA,IL,AGL,CE,Towers with Radar,0,6,26,0,32,0,0,100,2,102,0,6,126,2,134,408,0,408,542
05/12/2020,DPA,IL,AGL,CE,Towers with Radar,0,13,25,0,38,0,0,154,1,155,0,13,179,1,193,350,0,350,543
05/13/2020,DPA,IL,AGL,CE,Towers with Radar,0,14,31,2,47,0,0,83,2,85,0,14,114,4,132,344,0,344,476
05/14/2020,DPA,IL,AGL,CE,Towers with Radar,0,17,14,0,31,0,0,5,0,5,0,17,19,0,36,0,0,0,36
05/15/2020,DPA,IL,AGL,CE,Towers with Radar,0,19,42,0,61,0,0,89,0,89,0,19,131,0,150,292,0,292,442
05/16/2020,DPA,IL,AGL,CE,Towers with Radar,0,10,30,0,40,0,0,129,0,129,0,10,159,0,169,336,0,336,505
05/17/2020,DPA,IL,AGL,CE,Towers with Radar,0,12,40,0,52,0,0,0,0,0,0,12,40,0,52,0,0,0,52
05/18/2020,DPA,IL,AGL,CE,Towers with Radar,0,6,35,0,41,0,0,5,0,5,0,6,40,0,46,134,0,134,180
05/19/2020,DPA,IL,AGL,CE,Towers with Radar,0,31,50,0,81,0,0,0,0,0,0,31,50,0,81,0,0,0,81
05/20/2020,DPA,IL,AGL,CE,Towers with Radar,0,14,57,0,71,0,0,136,0,136,0,14,193,0,207,430,0,430,637
05/21/2020,DPA,IL,AGL,CE,Towers with Radar,0,39,116,0,155,0,1,170,0,171,0,40,286,0,326,206,0,206,532
05/22/2020,DPA,IL,AGL,CE,Towers with Radar,0,13,69,0,82,0,0,90,1,91,0,13,159,1,173,164,0,164,337
05/23/2020,DPA,IL,AGL,CE,Towers with Radar,0,11,10,0,21,0,0,89,0,89,0,11,99,0,110,130,0,130,240
05/24/2020,DPA,IL,AGL,CE,Towers with Radar,0,5,22,0,27,0,0,127,0,127,0,5,149,0,154,286,0,286,440
05/25/2020,DPA,IL,AGL,CE,Towers with Radar,0,8,29,0,37,0,0,93,0,93,0,8,122,0,130,178,0,178,308
05/26/2020,DPA,IL,AGL,CE,Towers with Radar,0,3,46,0,49,0,0,105,0,105,0,3,151,0,154,406,0,406,560
05/27/2020,DPA,IL,AGL,CE,Towers with Radar,0,9,33,1,43,0,0,89,1,90,0,9,122,2,133,400,0,400,533
05/28/2020,DPA,IL,AGL,CE,Towers with Radar,0,14,31,0,45,0,0,30,0,30,0,14,61,0,75,176,0,176,251
05/29/2020,DPA,IL,AGL,CE,Towers with Radar,0,16,23,0,39,0,0,122,0,122,0,16,145,0,161,396,0,396,557
05/30/2020,DPA,IL,AGL,CE,Towers with Radar,0,12,42,0,54,0,0,143,0,143,0,12,185,0,197,235,0,235,432
05/31/2020,DPA,IL,AGL,CE,Towers with Radar,0,8,28,0,36,0,0,157,0,157,0,8,185,0,193,124,0,124,317
06/01/2020,DPA,IL,AGL,CE,Towers with Radar,0,8,39,1,48,0,0,73,1,74,0,8,112,2,122,298,0,298,420
06/02/2020,DPA,IL,AGL,CE,Towers with Radar,0,11,29,0,40,0,0,130,0,130,0,11,159,0,170,194,0,194,364
06/03/2020,DPA,IL,AGL,CE,Towers with Radar,0,17,26,0,43,0,0,106,0,106,0,17,132,0,149,412,0,412,561
06/04/2020,DPA,IL,AGL,CE,Towers with Radar,0,24,31,0,55,0,2,177,3,182,0,26,208,3,237,336,0,336,573
06/05/2020,DPA,IL,AGL,CE,Towers with Radar,0,14,52,1,67,0,0,138,1,139,0,14,190,2,206,318,0,318,524
06/06/2020,DPA,IL,AGL,CE,Towers with Radar,0,13,24,0,37,0,0,167,3,170,0,13,191,3,207,332,0,332,539
06/07/2020,DPA,IL,AGL,CE,Towers with Radar,0,4,42,0,46,0,0,153,1,154,0,4,195,1,200,230,0,230,430
06/08/2020,DPA,IL,AGL,CE,Towers with Radar,0,4,49,0,53,0,0,145,0,145,0,4,194,0,198,414,0,414,612
06/09/2020,DPA,IL,AGL,CE,Towers with Radar,0,17,9,1,27,0,0,45,1,46,0,17,54,2,73,154,0,154,227
06/10/2020,DPA,IL,AGL,CE,Towers with Radar,0,15,30,0,45,0,0,18,1,19,0,15,48,1,64,176,0,176,240
06/11/2020,DPA,IL,AGL,CE,Towers with Radar,0,14,38,0,52,0,0,130,1,131,0,14,168,1,183,274,0,274,457
06/12/2020,DPA,IL,AGL,CE,Towers with Radar,0,20,38,0,58,0,0,183,0,183,0,20,221,0,241,410,0,410,651
06/13/2020,DPA,IL,AGL,CE,Towers with Radar,0,14,33,0,47,0,0,135,0,135,0,14,168,0,182,224,0,224,406
06/14/2020,DPA,IL,AGL,CE,Towers with Radar,0,7,30,0,37,0,0,124,0,124,0,7,154,0,161,218,0,218,379
06/15/2020,DPA,IL,AGL,CE,Towers with Radar,0,2,41,1,44,0,1,173,1,175,0,3,214,2,219,256,0,256,475
06/16/2020,DPA,IL,AGL,CE,Towers with Radar,0,24,34,1,59,0,0,144,3,147,0,24,178,4,206,282,0,282,488
06/17/2020,DPA,IL,AGL,CE,Towers with Radar,0,15,38,0,53,0,0,178,2,180,0,15,216,2,233,170,0,170,403
06/18/2020,DPA,IL,AGL,CE,Towers with Radar,0,13,35,0,48,0,0,156,0,156,0,13,191,0,204,374,0,374,578
06/19/2020,DPA,IL,AGL,CE,Towers with Radar,0,18,41,3,62,0,0,162,1,163,0,18,203,4,225,293,0,293,518
06/20/2020,DPA,IL,AGL,CE,Towers with Radar,0,11,22,0,33,0,0,67,0,67,0,11,89,0,100,118,0,118,218
06/21/2020,DPA,IL,AGL,CE,Towers with Radar,0,12,20,0,32,0,0,107,0,107,0,12,127,0,139,176,0,176,315
06/22/2020,DPA,IL,AGL,CE,Towers with Radar,0,13,24,0,37,0,0,32,0,32,0,13,56,0,69,254,0,254,323
06/23/2020,DPA,IL,AGL,CE,Towers with Radar,0,15,47,0,62,0,0,140,1,141,0,15,187,1,203,326,0,326,529
06/24/2020,DPA,IL,AGL,CE,Towers with Radar,0,16,38,3,57,0,0,143,2,145,0,16,181,5,202,318,0,318,520
06/25/2020,DPA,IL,AGL,CE,Towers with Radar,0,15,45,0,60,0,0,199,1,200,0,15,244,1,260,337,0,337,597
06/26/2020,DPA,IL,AGL,CE,Towers with Radar,0,14,29,0,43,0,0,19,0,19,0,14,48,0,62,76,0,76,138
06/27/2020,DPA,IL,AGL,CE,Towers with Radar,0,17,30,0,47,0,0,135,0,135,0,17,165,0,182,360,0,360,542
06/28/2020,DPA,IL,AGL,CE,Towers with Radar,0,10,51,0,61,0,0,87,0,87,0,10,138,0,148,306,0,306,454
06/29/2020,DPA,IL,AGL,CE,Towers with Radar,0,9,41,0,50,0,0,64,1,65,0,9,105,1,115,254,0,254,369
06/30/2020,DPA,IL,AGL,CE,Towers with Radar,0,12,45,2,59,0,0,133,2,135,0,12,178,4,194,362,0,362,556
07/01/2020,DPA,IL,AGL,CE,Towers with Radar,1,17,41,4,63,0,0,150,1,151,1,17,191,5,214,324,0,324,538
07/02/2020,DPA,IL,AGL,CE,Towers with Radar,3,16,41,2,62,0,0,163,3,166,3,16,204,5,228,352,0,352,580
07/03/2020,DPA,IL,AGL,CE,Towers with Radar,0,20,24,0,44,0,0,148,0,148,0,20,172,0,192,376,0,376,568
07/04/2020,DPA,IL,AGL,CE,Towers with Radar,0,9,18,0,27,0,0,53,0,53,0,9,71,0,80,92,0,92,172
07/05/2020,DPA,IL,AGL,CE,Towers with Radar,0,10,32,0,42,0,0,104,0,104,0,10,136,0,146,135,0,135,281
07/06/2020,DPA,IL,AGL,CE,Towers with Radar,0,6,39,1,46,0,0,128,1,129,0,6,167,2,175,270,0,270,445
07/07/2020,DPA,IL,AGL,CE,Towers with Radar,0,14,27,0,41,0,0,116,1,117,0,14,143,1,158,320,0,320,478
07/08/2020,DPA,IL,AGL,CE,Towers with Radar,4,18,40,0,62,0,0,136,0,136,4,18,176,0,198,222,0,222,420
07/09/2020,DPA,IL,AGL,CE,Towers with Radar,8,16,33,2,59,0,0,88,2,90,8,16,121,4,149,280,0,280,429
07/10/2020,DPA,IL,AGL,CE,Towers with Radar,4,22,33,0,59,0,0,85,0,85,4,22,118,0,144,140,0,140,284
07/11/2020,DPA,IL,AGL,CE,Towers with Radar,0,16,16,0,32,0,0,99,0,99,0,16,115,0,131,232,0,232,363
07/12/2020,DPA,IL,AGL,CE,Towers with Radar,0,12,34,0,46,0,0,111,0,111,0,12,145,0,157,257,0,257,414
07/13/2020,DPA,IL,AGL,CE,Towers with Radar,0,8,43,3,54,0,0,192,2,194,0,8,235,5,248,422,0,422,670
07/14/2020,DPA,IL,AGL,CE,Towers with Radar,0,17,36,2,55,0,0,154,2,156,0,17,190,4,211,464,0,464,675
07/15/2020,DPA,IL,AGL,CE,Towers with Radar,0,15,44,0,59,0,0,71,0,71,0,15,115,0,130,230,0,230,360
07/16/2020,DPA,IL,AGL,CE,Towers with Radar,0,14,57,1,72,0,0,84,1,85,0,14,141,2,157,201,0,201,358
07/17/2020,DPA,IL,AGL,CE,Towers with Radar,0,11,60,1,72,0,0,159,0,159,0,11,219,1,231,383,0,383,614
07/18/2020,DPA,IL,AGL,CE,Towers with Radar,0,9,30,0,39,0,0,82,0,82,0,9,112,0,121,282,0,282,403
07/19/2020,DPA,IL,AGL,CE,Towers with Radar,0,11,33,1,45,0,0,42,0,42,0,11,75,1,87,110,0,110,197
07/20/2020,DPA,IL,AGL,CE,Towers with Radar,0,8,50,2,60,0,0,155,2,157,0,8,205,4,217,398,0,398,615
07/21/2020,DPA,IL,AGL,CE,Towers with Radar,0,13,40,2,55,0,0,83,2,85,0,13,123,4,140,266,0,266,406
07/22/2020,DPA,IL,AGL,CE,Towers with Radar,0,14,48,4,66,0,0,96,0,96,0,14,144,4,162,343,0,343,505
07/23/2020,DPA,IL,AGL,CE,Towers with Radar,0,14,42,2,58,0,0,171,0,171,0,14,213,2,229,354,0,354,583
07/24/2020,DPA,IL,AGL,CE,Towers with Radar,0,12,35,3,50,0,0,167,2,169,0,12,202,5,219,460,0,460,679
07/25/2020,DPA,IL,AGL,CE,Towers with Radar,0,17,18,0,35,0,0,157,0,157,0,17,175,0,192,246,0,246,438
07/26/2020,DPA,IL,AGL,CE,Towers with Radar,0,6,23,0,29,0,0,77,0,77,0,6,100,0,106,98,0,98,204
07/27/2020,DPA,IL,AGL,CE,Towers with Radar,0,15,47,0,62,0,0,69,0,69,0,15,116,0,131,260,0,260,391
07/28/2020,DPA,IL,AGL,CE,Towers with Radar,0,14,49,5,68,0,0,154,2,156,0,14,203,7,224,282,0,282,506
07/29/2020,DPA,IL,AGL,CE,Towers with Radar,0,16,31,2,49,0,0,130,1,131,0,16,161,3,180,202,0,202,382
07/30/2020,DPA,IL,AGL,CE,Towers with Radar,0,21,38,1,60,0,1,128,3,132,0,22,166,4,192,192,0,192,384
07/31/2020,DPA,IL,AGL,CE,Towers with Radar,0,12,42,1,55,0,0,129,2,131,0,12,171,3,186,320,0,320,506
08/01/2020,DPA,IL,AGL,CE,Towers with Radar,0,19,31,0,50,0,0,106,0,106,0,19,137,0,156,352,0,352,508
08/02/2020,DPA,IL,AGL,CE,Towers with Radar,0,18,29,1,48,0,0,102,0,102,0,18,131,1,150,160,0,160,310
08/03/2020,DPA,IL,AGL,CE,Towers with Radar,0,16,62,3,81,0,0,12,0,12,0,16,74,3,93,124,0,124,217
08/04/2020,DPA,IL,AGL,CE,Towers with Radar,0,20,31,0,51,0,0,176,1,177,0,20,207,1,228,356,0,356,584
08/05/2020,DPA,IL,AGL,CE,Towers with Radar,0,19,34,1,54,0,0,181,3,184,0,19,215,4,238,364,0,364,602
08/06/2020,DPA,IL,AGL,CE,Towers with Radar,2,32,44,2,80,0,0,164,2,166,2,32,208,4,246,352,8,360,606
08/07/2020,DPA,IL,AGL,CE,Towers with Radar,0,19,35,1,55,0,0,146,2,148,0,19,181,3,203,326,0,326,529
08/08/2020,DPA,IL,AGL,CE,Towers with Radar,0,18,38,0,56,0,3,123,0,126,0,21,161,0,182,312,0,312,494
08/09/2020,DPA,IL,AGL,CE,Towers with Radar,0,9,44,0,53,0,0,106,0,106,0,9,150,0,159,248,0,248,407
08/10/2020,DPA,IL,AGL,CE,Towers with Radar,0,19,48,1,68,0,0,20,1,21,0,19,68,2,89,112,0,112,201
08/11/2020,DPA,IL,AGL,CE,Towers with Radar,0,19,60,1,80,0,0,167,2,169,0,19,227,3,249,356,0,356,605
08/12/2020,DPA,IL,AGL,CE,Towers with Radar,0,22,54,3,79,0,0,178,2,180,0,22,232,5,259,384,0,384,643
08/13/2020,DPA,IL,AGL,CE,Towers with Radar,0,18,51,1,70,0,0,153,1,154,0,18,204,2,224,378,0,378,602
08/14/2020,DPA,IL,AGL,CE,Towers with Radar,0,17,43,0,60,0,0,166,2,168,0,17,209,2,228,320,0,320,548
08/15/2020,DPA,IL,AGL,CE,Towers with Radar,0,19,23,0,42,0,0,92,0,92,0,19,115,0,134,212,0,212,346
08/16/2020,DPA,IL,AGL,CE,Towers with Radar,0,14,34,0,48,0,0,145,0,145,0,14,179,0,193,166,0,166,359
08/17/2020,DPA,IL,AGL,CE,Towers with Radar,0,6,45,2,53,0,0,157,1,158,0,6,202,3,211,458,0,458,669
08/18/2020,DPA,IL,AGL,CE,Towers with Radar,0,10,40,2,52,0,0,150,4,154,0,10,190,6,206,254,2,256,462
08/19/2020,DPA,IL,AGL,CE,Towers with Radar,0,15,47,3,65,0,1,175,2,178,0,16,222,5,243,456,0,456,699
08/20/2020,DPA,IL,AGL,CE,Towers with Radar,0,19,32,0,51,0,0,140,0,140,0,19,172,0,191,246,0,246,437
08/21/2020,DPA,IL,AGL,CE,Towers with Radar,0,19,48,2,69,0,0,175,0,175,0,19,223,2,244,291,0,291,535
08/22/2020,DPA,IL,AGL,CE,Towers with Radar,0,15,23,0,38,0,0,126,0,126,0,15,149,0,164,158,0,158,322
08/23/2020,DPA,IL,AGL,CE,Towers with Radar,0,16,31,0,47,0,0,105,0,105,0,16,136,0,152,188,0,188,340
08/24/2020,DPA,IL,AGL,CE,Towers with Radar,0,4,29,9,42,0,2,138,1,141,0,6,167,10,183,292,0,292,475
08/25/2020,DPA,IL,AGL,CE,Towers with Radar,0,14,44,2,60,0,0,132,2,134,0,14,176,4,194,354,0,354,548
08/26/2020,DPA,IL,AGL,CE,Towers with Radar,0,20,53,4,77,0,0,140,3,143,0,20,193,7,220,249,0,249,469
08/27/2020,DPA,IL,AGL,CE,Towers with Radar,0,19,37,0,56,0,0,92,0,92,0,19,129,0,148,270,0,270,418
08/28/2020,DPA,IL,AGL,CE,Towers with Radar,0,21,50,2,73,0,0,54,2,56,0,21,104,4,129,148,0,148,277
08/29/2020,DPA,IL,AGL,CE,Towers with Radar,0,9,21,0,30,0,0,113,0,113,0,9,134,0,143,128,0,128,271
08/30/2020,DPA,IL,AGL,CE,Towers with Radar,0,14,26,0,40,0,0,144,0,144,0,14,170,0,184,226,0,226,410
08/31/2020,DPA,IL,AGL,CE,Towers with Radar,0,6,34,2,42,0,0,103,2,105,0,6,137,4,147,262,0,262,409
09/01/2020,DPA,IL,AGL,CE,Towers with Radar,0,13,50,1,64,0,0,23,0,23,0,13,73,1,87,152,0,152,239
09/02/2020,DPA,IL,AGL,CE,Towers with Radar,0,14,41,0,55,0,0,133,0,133,0,14,174,0,188,228,0,228,416
09/03/2020,DPA,IL,AGL,CE,Towers with Radar,0,16,53,2,71,0,0,63,2,65,0,16,116,4,136,132,0,132,268
09/04/2020,DPA,IL,AGL,CE,Towers with Radar,0,12,38,1,51,0,0,178,1,179,0,12,216,2,230,326,0,326,556
09/05/2020,DPA,IL,AGL,CE,Towers with Radar,0,10,33,0,43,0,0,111,0,111,0,10,144,0,154,106,0,106,260
09/06/2020,DPA,IL,AGL,CE,Towers with Radar,0,4,17,0,21,0,0,20,0,20,0,4,37,0,41,26,0,26,67
09/07/2020,DPA,IL,AGL,CE,Towers with Radar,0,7,40,0,47,0,0,158,0,158,0,7,198,0,205,305,0,305,510
09/08/2020,DPA,IL,AGL,CE,Towers with Radar,1,15,46,0,62,0,0,0,0,0,1,15,46,0,62,0,0,0,62
09/09/2020,DPA,IL,AGL,CE,Towers with Radar,1,13,64,0,78,0,0,0,0,0,1,13,64,0,78,12,0,12,90
09/10/2020,DPA,IL,AGL,CE,Towers with Radar,0,18,62,0,80,0,0,11,0,11,0,18,73,0,91,88,0,88,179
09/11/2020,DPA,IL,AGL,CE,Towers with Radar,0,17,87,0,104,0,0,15,0,15,0,17,102,0,119,40,0,40,159
09/12/2020,DPA,IL,AGL,CE,Towers with Radar,0,17,33,0,50,0,0,2,0,2,0,17,35,0,52,0,0,0,52
09/13/2020,DPA,IL,AGL,CE,Towers with Radar,0,4,70,0,74,0,0,222,0,222,0,4,292,0,296,238,0,238,534
09/14/2020,DPA,IL,AGL,CE,Towers with Radar,0,10,58,1,69,0,0,164,1,165,0,10,222,2,234,316,0,316,550
09/15/2020,DPA,IL,AGL,CE,Towers with Radar,0,18,51,0,69,0,0,169,3,172,0,18,220,3,241,354,0,354,595
09/16/2020,DPA,IL,AGL,CE,Towers with Radar,0,8,70,1,79,0,0,163,3,166,0,8,233,4,245,290,0,290,535
09/17/2020,DPA,IL,AGL,CE,Towers with Radar,0,17,55,1,73,0,0,155,1,156,0,17,210,2,229,330,0,330,559
09/18/2020,DPA,IL,AGL,CE,Towers with Radar,0,18,54,1,73,0,1,135,1,137,0,19,189,2,210,224,0,224,434
09/19/2020,DPA,IL,AGL,CE,Towers with Radar,0,11,31,2,44,0,1,162,0,163,0,12,193,2,207,314,2,316,523
09/20/2020,DPA,IL,AGL,CE,Towers with Radar,0,15,34,0,49,0,0,144,0,144,0,15,178,0,193,62,0,62,255
09/21/2020,DPA,IL,AGL,CE,Towers with Radar,0,12,32,0,44,0,0,120,0,120,0,12,152,0,164,290,0,290,454
09/22/2020,DPA,IL,AGL,CE,Towers with Radar,0,12,34,0,46,0,0,142,0,142,0,12,176,0,188,431,0,431,619
09/23/2020,DPA,IL,AGL,CE,Towers with Radar,2,19,35,1,57,0,0,145,2,147,2,19,180,3,204,248,0,248,452
09/24/2020,DPA,IL,AGL,CE,Towers with Radar,0,21,43,3,67,0,1,145,2,148,0,22,188,5,215,306,0,306,521
09/25/2020,DPA,IL,AGL,CE,Towers with Radar,0,15,35,1,51,0,0,146,2,148,0,15,181,3,199,284,0,284,483
09/26/2020,DPA,IL,AGL,CE,Towers with Radar,0,10,25,1,36,0,0,33,0,33,0,10,58,1,69,12,0,12,81
09/27/2020,DPA,IL,AGL,CE,Towers with Radar,0,15,46,0,61,0,0,111,0,111,0,15,157,0,172,144,0,144,316
09/28/2020,DPA,IL,AGL,CE,Towers with Radar,0,8,48,0,56,0,0,28,0,28,0,8,76,0,84,184,0,184,268
09/29/2020,DPA,IL,AGL,CE,Towers with Radar,0,20,74,2,96,0,0,44,1,45,0,20,118,3,141,354,0,354,495
09/30/2020,DPA,IL,AGL,CE,Towers with Radar,0,20,40,0,60,0,1,50,0,51,0,21,90,0,111,86,0,86,197
10/01/2020,DPA,IL,AGL,CE,Towers with Radar,0,23,39,2,64,0,0,49,3,52,0,23,88,5,116,300,0,300,416
10/02/2020,DPA,IL,AGL,CE,Towers with Radar,0,18,48,1,67,0,2,187,2,191,0,20,235,3,258,366,0,366,624
10/03/2020,DPA,IL,AGL,CE,Towers with Radar,0,9,29,1,39,0,0,97,1,98,0,9,126,2,137,222,0,222,359
10/04/2020,DPA,IL,AGL,CE,Towers with Radar,0,10,46,2,58,0,0,83,1,84,0,10,129,3,142,202,0,202,344
10/05/2020,DPA,IL,AGL,CE,Towers with Radar,0,10,42,0,52,0,0,115,0,115,0,10,157,0,167,106,0,106,273
10/06/2020,DPA,IL,AGL,CE,Towers with Radar,0,12,35,1,48,0,0,140,1,141,0,12,175,2,189,294,0,294,483
10/07/2020,DPA,IL,AGL,CE,Towers with Radar,0,23,57,3,83,0,0,151,2,153,0,23,208,5,236,226,0,226,462
10/08/2020,DPA,IL,AGL,CE,Towers with Radar,0,16,46,1,63,0,0,137,3,140,0,16,183,4,203,398,0,398,601
10/09/2020,DPA,IL,AGL,CE,Towers with Radar,0,20,32,1,53,0,1,99,1,101,0,21,131,2,154,226,0,226,380
10/10/2020,DPA,IL,AGL,CE,Towers with Radar,0,15,28,0,43,0,0,142,1,143,0,15,170,1,186,232,0,232,418
10/11/2020,DPA,IL,AGL,CE,Towers with Radar,0,8,42,0,50,0,0,88,0,88,0,8,130,0,138,260,0,260,398
10/12/2020,DPA,IL,AGL,CE,Towers with Radar,0,18,36,0,54,0,0,19,1,20,0,18,55,1,74,16,0,16,90
10/13/2020,DPA,IL,AGL,CE,Towers with Radar,0,27,33,0,60,0,0,104,1,105,0,27,137,1,165,194,0,194,359
10/14/2020,DPA,IL,AGL,CE,Towers with Radar,0,21,39,0,60,0,0,62,1,63,0,21,101,1,123,242,0,242,365
10/15/2020,DPA,IL,AGL,CE,Towers with Radar,0,22,52,1,75,0,0,96,1,97,0,22,148,2,172,256,0,256,428
10/16/2020,DPA,IL,AGL,CE,Towers with Radar,0,18,39,0,57,0,0,117,1,118,0,18,156,1,175,208,0,208,383
10/17/2020,DPA,IL,AGL,CE,Towers with Radar,0,13,23,0,36,0,0,30,1,31,0,13,53,1,67,22,0,22,89
10/18/2020,DPA,IL,AGL,CE,Towers with Radar,0,8,41,0,49,0,0,27,0,27,0,8,68,0,76,10,0,10,86
10/19/2020,DPA,IL,AGL,CE,Towers with Radar,0,14,35,0,49,0,0,109,0,109,0,14,144,0,158,196,0,196,354
10/20/2020,DPA,IL,AGL,CE,Towers with Radar,0,15,54,0,69,0,0,49,0,49,0,15,103,0,118,284,0,284,402
10/21/2020,DPA,IL,AGL,CE,Towers with Radar,0,14,80,0,94,0,0,91,0,91,0,14,171,0,185,302,0,302,487
10/22/2020,DPA,IL,AGL,CE,Towers with Radar,0,25,57,1,83,0,0,32,1,33,0,25,89,2,116,102,0,102,218
10/23/2020,DPA,IL,AGL,CE,Towers with Radar,0,12,45,0,57,0,0,4,0,4,0,12,49,0,61,0,0,0,61
10/24/2020,DPA,IL,AGL,CE,Towers with Radar,0,11,51,0,62,0,0,198,0,198,0,11,249,0,260,386,0,386,646
10/25/2020,DPA,IL,AGL,CE,Towers with Radar,0,7,36,0,43,0,0,100,0,100,0,7,136,0,143,188,0,188,331
10/26/2020,DPA,IL,AGL,CE,Towers with Radar,0,22,31,0,53,0,0,21,0,21,0,22,52,0,74,34,0,34,108
10/27/2020,DPA,IL,AGL,CE,Towers with Radar,0,22,36,0,58,0,0,105,0,105,0,22,141,0,163,256,0,256,419
10/28/2020,DPA,IL,AGL,CE,Towers with Radar,0,24,35,2,61,0,0,203,1,204,0,24,238,3,265,396,0,396,661
10/29/2020,DPA,IL,AGL,CE,Towers with Radar,0,22,44,0,66,0,0,20,0,20,0,22,64,0,86,176,0,176,262
10/30/2020,DPA,IL,AGL,CE,Towers with Radar,0,26,60,0,86,0,0,197,2,199,0,26,257,2,285,260,0,260,545
10/31/2020,DPA,IL,AGL,CE,Towers with Radar,0,11,16,0,27,0,0,60,0,60,0,11,76,0,87,40,0,40,127
11/01/2020,DPA,IL,AGL,CE,Towers with Radar,0,11,29,0,40,0,0,14,0,14,0,11,43,0,54,24,0,24,78
11/02/2020,DPA,IL,AGL,CE,Towers with Radar,0,9,44,0,53,0,0,81,0,81,0,9,125,0,134,120,0,120,254
11/03/2020,DPA,IL,AGL,CE,Towers with Radar,0,23,35,0,58,0,0,168,3,171,0,23,203,3,229,292,0,292,521
11/04/2020,DPA,IL,AGL,CE,Towers with Radar,0,22,33,2,57,0,0,132,3,135,0,22,165,5,192,284,0,284,476
11/05/2020,DPA,IL,AGL,CE,Towers with Radar,2,16,50,0,68,0,2,161,1,164,2,18,211,1,232,270,0,270,502
11/06/2020,DPA,IL,AGL,CE,Towers with Radar,0,26,54,0,80,0,0,177,0,177,0,26,231,0,257,398,0,398,655
11/07/2020,DPA,IL,AGL,CE,Towers with Radar,2,13,21,0,36,0,0,194,0,194,2,13,215,0,230,298,0,298,528
11/08/2020,DPA,IL,AGL,CE,Towers with Radar,0,10,33,0,43,0,0,154,0,154,0,10,187,0,197,244,0,244,441
11/09/2020,DPA,IL,AGL,CE,Towers with Radar,0,8,47,1,56,0,0,65,1,66,0,8,112,2,122,90,0,90,212
11/10/2020,DPA,IL,AGL,CE,Towers with Radar,0,16,23,0,39,0,0,2,0,2,0,16,25,0,41,48,0,48,89
11/11/2020,DPA,IL,AGL,CE,Towers with Radar,0,19,44,1,64,0,0,98,1,99,0,19,142,2,163,228,0,228,391
11/12/2020,DPA,IL,AGL,CE,Towers with Radar,0,18,41,4,63,0,0,155,3,158,0,18,196,7,221,260,0,260,481
11/13/2020,DPA,IL,AGL,CE,Towers with Radar,0,25,30,2,57,0,0,124,1,125,0,25,154,3,182,208,0,208,390
11/14/2020,DPA,IL,AGL,CE,Towers with Radar,0,8,23,1,32,0,0,30,0,30,0,8,53,1,62,32,0,32,94
11/15/2020,DPA,IL,AGL,CE,Towers with Radar,0,6,20,0,26,0,0,5,0,5,0,6,25,0,31,0,0,0,31
11/16/2020,DPA,IL,AGL,CE,Towers with Radar,0,13,43,0,56,0,0,98,2,100,0,13,141,2,156,170,0,170,326
11/17/2020,DPA,IL,AGL,CE,Towers with Radar,0,16,28,0,44,0,1,117,2,120,0,17,145,2,164,114,0,114,278
11/18/2020,DPA,IL,AGL,CE,Towers with Radar,0,29,41,0,70,0,0,59,2,61,0,29,100,2,131,52,0,52,183
11/19/2020,DPA,IL,AGL,CE,Towers with Radar,0,20,40,2,62,0,0,13,2,15,0,20,53,4,77,12,0,12,89
11/20/2020,DPA,IL,AGL,CE,Towers with Radar,0,25,44,0,69,0,0,146,1,147,0,25,190,1,216,184,0,184,400
11/21/2020,DPA,IL,AGL,CE,Towers with Radar,0,15,31,0,46,0,0,172,0,172,0,15,203,0,218,196,0,196,414
11/22/2020,DPA,IL,AGL,CE,Towers with Radar,0,14,21,0,35,0,0,73,0,73,0,14,94,0,108,222,0,222,330
11/23/2020,DPA,IL,AGL,CE,Towers with Radar,0,18,29,0,47,0,0,150,6,156,0,18,179,6,203,281,0,281,484
11/24/2020,DPA,IL,AGL,CE,Towers with Radar,0,27,23,0,50,0,0,0,0,0,0,27,23,0,50,6,0,6,56
11/25/2020,DPA,IL,AGL,CE,Towers with Radar,0,21,30,0,51,0,1,0,0,1,0,22,30,0,52,0,0,0,52
11/26/2020,DPA,IL,AGL,CE,Towers with Radar,0,9,4,0,13,0,0,4,0,4,0,9,8,0,17,0,0,0,17
11/27/2020,DPA,IL,AGL,CE,Towers with Radar,0,26,23,0,49,0,0,65,0,65,0,26,88,0,114,112,0,112,226
11/28/2020,DPA,IL,AGL,CE,Towers with Radar,0,18,36,0,54,0,0,184,0,184,0,18,220,0,238,250,0,250,488
11/29/2020,DPA,IL,AGL,CE,Towers with Radar,0,26,72,0,98,0,0,147,0,147,0,26,219,0,245,191,0,191,436
11/30/2020,DPA,IL,AGL,CE,Towers with Radar,0,17,26,0,43,0,0,46,0,46,0,17,72,0,89,20,0,20,109
12/01/2020,DPA,IL,AGL,CE,Towers with Radar,0,18,34,4,56,0,0,107,0,107,0,18,141,4,163,266,0,266,429
12/02/2020,DPA,IL,AGL,CE,Towers with Radar,0,17,51,0,68,0,0,156,0,156,0,17,207,0,224,208,0,208,432
12/03/2020,DPA,IL,AGL,CE,Towers with Radar,0,31,47,2,80,0,0,137,2,139,0,31,184,4,219,200,0,200,419
12/04/2020,DPA,IL,AGL,CE,Towers with Radar,0,17,49,0,66,0,0,131,2,133,0,17,180,2,199,284,0,284,483
12/05/2020,DPA,IL,AGL,CE,Towers with Radar,0,14,27,0,41,0,0,149,1,150,0,14,176,1,191,218,0,218,409
12/06/2020,DPA,IL,AGL,CE,Towers with Radar,0,14,28,0,42,0,0,68,0,68,0,14,96,0,110,166,0,166,276
12/07/2020,DPA,IL,AGL,CE,Towers with Radar,0,8,23,1,32,0,0,79,0,79,0,8,102,1,111,310,0,310,421
12/08/2020,DPA,IL,AGL,CE,Towers with Radar,0,15,15,0,30,0,2,17,0,19,0,17,32,0,49,118,0,118,167
12/09/2020,DPA,IL,AGL,CE,Towers with Radar,0,17,39,1,57,0,0,169,4,173,0,17,208,5,230,312,0,312,542
12/10/2020,DPA,IL,AGL,CE,Towers with Radar,0,24,44,3,71,0,1,184,3,188,0,25,228,6,259,268,0,268,527
12/11/2020,DPA,IL,AGL,CE,Towers with Radar,0,27,39,0,66,0,2,5,0,7,0,29,44,0,73,4,0,4,77
12/12/2020,DPA,IL,AGL,CE,Towers with Radar,0,16,17,0,33,0,0,2,0,2,0,16,19,0,35,0,0,0,35
12/13/2020,DPA,IL,AGL,CE,Towers with Radar,0,13,36,2,51,0,0,121,0,121,0,13,157,2,172,360,0,360,532
12/14/2020,DPA,IL,AGL,CE,Towers with Radar,0,15,54,2,71,0,0,154,1,155,0,15,208,3,226,186,0,186,412
12/15/2020,DPA,IL,AGL,CE,Towers with Radar,1,10,36,0,47,0,0,129,1,130,1,10,165,1,177,254,0,254,431
12/16/2020,DPA,IL,AGL,CE,Towers with Radar,0,27,24,0,51,0,0,17,0,17,0,27,41,0,68,110,0,110,178
12/17/2020,DPA,IL,AGL,CE,Towers with Radar,0,26,50,0,76,0,0,97,0,97,0,26,147,0,173,202,0,202,375
12/18/2020,DPA,IL,AGL,CE,Towers with Radar,0,22,38,0,60,0,0,107,0,107,0,22,145,0,167,170,0,170,337
12/19/2020,DPA,IL,AGL,CE,Towers with Radar,2,12,22,0,36,0,0,15,0,15,2,12,37,0,51,58,0,58,109
12/20/2020,DPA,IL,AGL,CE,Towers with Radar,2,17,34,0,53,0,0,92,0,92,2,17,126,0,145,248,0,248,393
12/21/2020,DPA,IL,AGL,CE,Towers with Radar,0,12,20,0,32,0,0,41,0,41,0,12,61,0,73,60,0,60,133
12/22/2020,DPA,IL,AGL,CE,Towers with Radar,0,22,46,0,68,0,0,162,0,162,0,22,208,0,230,286,0,286,516
12/23/2020,DPA,IL,AGL,CE,Towers with Radar,0,14,31,0,45,0,0,8,0,8,0,14,39,0,53,0,0,0,53
12/24/2020,DPA,IL,AGL,CE,Towers with Radar,0,13,9,0,22,0,0,20,0,20,0,13,29,0,42,0,0,0,42
12/25/2020,DPA,IL,AGL,CE,Towers with Radar,0,20,12,0,32,0,0,20,0,20,0,20,32,0,52,0,0,0,52
12/26/2020,DPA,IL,AGL,CE,Towers with Radar,0,21,50,0,71,0,0,122,0,122,0,21,172,0,193,142,0,142,335
12/27/2020,DPA,IL,AGL,CE,Towers with Radar,0,22,32,0,54,0,0,61,0,61,0,22,93,0,115,68,0,68,183
12/28/2020,DPA,IL,AGL,CE,Towers with Radar,0,17,41,0,58,0,0,106,0,106,0,17,147,0,164,130,0,130,294
12/29/2020,DPA,IL,AGL,CE,Towers with Radar,0,17,26,0,43,0,0,84,0,84,0,17,110,0,127,82,0,82,209
12/30/2020,DPA,IL,AGL,CE,Towers with Radar,0,28,25,0,53,0,0,5,0,5,0,28,30,0,58,0,0,0,58
12/31/2020,DPA,IL,AGL,CE,Towers with Radar,0,13,29,0,42,0,0,17,0,17,0,13,46,0,59,6,0,6,65
01/01/2021,DPA,IL,AGL,CE,Towers with Radar,0,14,7,0,21,0,0,0,0,0,0,14,7,0,21,0,0,0,21
01/02/2021,DPA,IL,AGL,CE,Towers with Radar,0,18,29,0,47,0,0,0,0,0,0,18,29,0,47,0,0,0,47
01/03/2021,DPA,IL,AGL,CE,Towers with Radar,0,18,40,0,58,0,0,0,0,0,0,18,40,0,58,0,0,0,58
01/04/2021,DPA,IL,AGL,CE,Towers with Radar,0,23,22,0,45,0,0,0,0,0,0,23,22,0,45,0,0,0,45
01/05/2021,DPA,IL,AGL,CE,Towers with Radar,0,21,32,0,53,0,0,0,0,0,0,21,32,0,53,0,0,0,53
01/06/2021,DPA,IL,AGL,CE,Towers with Radar,0,16,41,0,57,0,0,16,0,16,0,16,57,0,73,212,0,212,285
01/07/2021,DPA,IL,AGL,CE,Towers with Radar,0,27,26,0,53,0,0,75,0,75,0,27,101,0,128,160,0,160,288
01/08/2021,DPA,IL,AGL,CE,Towers with Radar,0,17,34,0,51,0,0,25,0,25,0,17,59,0,76,112,0,112,188
01/09/2021,DPA,IL,AGL,CE,Towers with Radar,0,13,34,0,47,0,0,82,0,82,0,13,116,0,129,222,0,222,351
01/10/2021,DPA,IL,AGL,CE,Towers with Radar,0,11,37,0,48,0,0,54,0,54,0,11,91,0,102,254,0,254,356
01/11/2021,DPA,IL,AGL,CE,Towers with Radar,0,16,26,0,42,0,0,6,0,6,0,16,32,0,48,12,0,12,60
01/12/2021,DPA,IL,AGL,CE,Towers with Radar,0,19,38,0,57,0,0,155,0,155,0,19,193,0,212,354,0,354,566
01/13/2021,DPA,IL,AGL,CE,Towers with Radar,0,17,46,1,64,0,2,161,0,163,0,19,207,1,227,216,0,216,443
01/14/2021,DPA,IL,AGL,CE,Towers with Radar,0,20,44,0,64,0,0,59,0,59,0,20,103,0,123,206,0,206,329
01/15/2021,DPA,IL,AGL,CE,Towers with Radar,0,25,29,0,54,0,0,4,0,4,0,25,33,0,58,28,0,28,86
01/16/2021,DPA,IL,AGL,CE,Towers with Radar,0,19,24,0,43,0,0,2,0,2,0,19,26,0,45,86,0,86,131
01/17/2021,DPA,IL,AGL,CE,Towers with Radar,0,11,29,0,40,0,0,3,0,3,0,11,32,0,43,12,0,12,55
01/18/2021,DPA,IL,AGL,CE,Towers with Radar,0,9,35,0,44,0,0,37,0,37,0,9,72,0,81,209,0,209,290
01/19/2021,DPA,IL,AGL,CE,Towers with Radar,0,16,40,1,57,0,0,68,1,69,0,16,108,2,126,132,0,132,258
01/20/2021,DPA,IL,AGL,CE,Towers with Radar,2,16,45,0,63,0,0,145,1,146,2,16,190,1,209,164,0,164,373
01/21/2021,DPA,IL,AGL,CE,Towers with Radar,0,33,38,0,71,0,2,92,0,94,0,35,130,0,165,64,0,64,229
01/22/2021,DPA,IL,AGL,CE,Towers with Radar,0,25,41,2,68,0,0,158,1,159,0,25,199,3,227,226,0,226,453
01/23/2021,DPA,IL,AGL,CE,Towers with Radar,0,17,57,0,74,0,0,179,1,180,0,17,236,1,254,246,0,246,500
01/24/2021,DPA,IL,AGL,CE,Towers with Radar,0,13,25,0,38,0,0,33,1,34,0,13,58,1,72,118,0,118,190
01/25/2021,DPA,IL,AGL,CE,Towers with Radar,0,13,25,0,38,0,0,16,0,16,0,13,41,0,54,60,0,60,114
01/26/2021,DPA,IL,AGL,CE,Towers with Radar,0,22,22,0,44,0,1,0,0,1,0,23,22,0,45,0,0,0,45
01/27/2021,DPA,IL,AGL,CE,Towers with Radar,0,24,43,0,67,0,0,99,0,99,0,24,142,0,166,302,0,302,468
01/28/2021,DPA,IL,AGL,CE,Towers with Radar,0,18,41,0,59,0,0,145,1,146,0,18,186,1,205,210,0,210,415
01/29/2021,DPA,IL,AGL,CE,Towers with Radar,2,29,40,0,71,0,0,151,1,152,2,29,191,1,223,288,0,288,511
01/30/2021,DPA,IL,AGL,CE,Towers with Radar,0,17,18,0,35,0,1,59,0,60,0,18,77,0,95,60,0,60,155
01/31/2021,DPA,IL,AGL,CE,Towers with Radar,0,27,16,0,43,0,0,0,0,0,0,27,16,0,43,0,0,0,43
02/01/2021,DPA,IL,AGL,CE,Towers with Radar,0,16,35,0,51,0,0,88,0,88,0,16,123,0,139,180,0,180,319
02/02/2021,DPA,IL,AGL,CE,Towers with Radar,0,10,45,0,55,0,0,111,0,111,0,10,156,0,166,224,0,224,390
02/03/2021,DPA,IL,AGL,CE,Towers with Radar,0,14,42,0,56,0,0,150,2,152,0,14,192,2,208,228,0,228,436
02/04/2021,DPA,IL,AGL,CE,Towers with Radar,0,14,17,0,31,0,0,5,0,5,0,14,22,0,36,6,0,6,42
02/05/2021,DPA,IL,AGL,CE,Towers with Radar,0,19,33,0,52,0,0,11,0,11,0,19,44,0,63,2,0,2,65
02/06/2021,DPA,IL,AGL,CE,Towers with Radar,0,15,19,0,34,0,0,43,0,43,0,15,62,0,77,70,0,70,147
02/07/2021,DPA,IL,AGL,CE,Towers with Radar,0,13,21,0,34,0,0,20,0,20,0,13,41,0,54,44,0,44,98
02/08/2021,DPA,IL,AGL,CE,Towers with Radar,0,21,23,0,44,0,0,9,0,9,0,21,32,0,53,22,0,22,75
02/09/2021,DPA,IL,AGL,CE,Towers with Radar,0,30,36,0,66,0,0,109,0,109,0,30,145,0,175,213,0,213,388
02/10/2021,DPA,IL,AGL,CE,Towers with Radar,0,21,33,1,55,0,0,23,0,23,0,21,56,1,78,120,0,120,198
02/11/2021,DPA,IL,AGL,CE,Towers with Radar,0,30,42,0,72,0,0,59,0,59,0,30,101,0,131,152,0,152,283
02/12/2021,DPA,IL,AGL,CE,Towers with Radar,0,25,46,0,71,0,0,109,0,109,0,25,155,0,180,244,0,244,424
02/13/2021,DPA,IL,AGL,CE,Towers with Radar,0,19,16,0,35,0,0,2,0,2,0,19,18,0,37,16,0,16,53
02/14/2021,DPA,IL,AGL,CE,Towers with Radar,0,11,16,0,27,0,0,36,0,36,0,11,52,0,63,58,0,58,121
02/15/2021,DPA,IL,AGL,CE,Towers with Radar,0,29,19,0,48,0,0,5,0,5,0,29,24,0,53,0,0,0,53
02/16/2021,DPA,IL,AGL,CE,Towers with Radar,0,23,31,0,54,0,0,53,3,56,0,23,84,3,110,218,0,218,328
02/17/2021,DPA,IL,AGL,CE,Towers with Radar,1,31,40,1,73,0,0,101,1,102,1,31,141,2,175,352,0,352,527
02/18/2021,DPA,IL,AGL,CE,Towers with Radar,1,23,14,0,38,0,0,6,0,6,1,23,20,0,44,12,0,12,56
02/19/2021,DPA,IL,AGL,CE,Towers with Radar,0,27,36,0,63,0,0,60,0,60,0,27,96,0,123,190,0,190,313
02/20/2021,DPA,IL,AGL,CE,Towers with Radar,0,14,35,0,49,0,0,120,0,120,0,14,155,0,169,254,0,254,423
02/21/2021,DPA,IL,AGL,CE,Towers with Radar,0,19,42,0,61,0,0,48,0,48,0,19,90,0,109,46,0,46,155
02/22/2021,DPA,IL,AGL,CE,Towers with Radar,0,12,30,0,42,0,0,16,0,16,0,12,46,0,58,54,0,54,112
02/23/2021,DPA,IL,AGL,CE,Towers with Radar,0,25,44,1,70,0,1,132,1,134,0,26,176,2,204,224,0,224,428
02/24/2021,DPA,IL,AGL,CE,Towers with Radar,0,29,44,0,73,0,0,84,0,84,0,29,128,0,157,102,0,102,259
02/25/2021,DPA,IL,AGL,CE,Towers with Radar,0,22,32,0,54,0,0,156,2,158,0,22,188,2,212,196,0,196,408
02/26/2021,DPA,IL,AGL,CE,Towers with Radar,0,24,37,1,62,0,0,159,1,160,0,24,196,2,222,162,0,162,384
02/27/2021,DPA,IL,AGL,CE,Towers with Radar,0,12,45,0,57,0,0,117,0,117,0,12,162,0,174,200,0,200,374
02/28/2021,DPA,IL,AGL,CE,Towers with Radar,0,18,30,0,48,0,0,2,0,2,0,18,32,0,50,0,0,0,50
03/01/2021,DPA,IL,AGL,CE,Towers with Radar,0,16,32,1,49,0,0,118,0,118,0,16,150,1,167,292,0,292,459
03/02/2021,DPA,IL,AGL,CE,Towers with Radar,0,19,42,3,64,0,0,100,4,104,0,19,142,7,168,138,0,138,306
03/03/2021,DPA,IL,AGL,CE,Towers with Radar,0,25,51,2,78,0,0,185,3,188,0,25,236,5,266,212,0,212,478
03/04/2021,DPA,IL,AGL,CE,Towers with Radar,0,19,30,1,50,0,0,142,2,144,0,19,172,3,194,154,0,154,348
03/05/2021,DPA,IL,AGL,CE,Towers with Radar,0,22,34,0,56,0,0,147,1,148,0,22,181,1,204,166,0,166,370
03/06/2021,DPA,IL,AGL,CE,Towers with Radar,0,10,27,0,37,0,0,160,1,161,0,10,187,1,198,176,0,176,374
03/07/2021,DPA,IL,AGL,CE,Towers with Radar,0,14,35,4,53,0,0,164,0,164,0,14,199,4,217,148,0,148,365
03/08/2021,DPA,IL,AGL,CE,Towers with Radar,0,17,38,0,55,0,0,100,0,100,0,17,138,0,155,208,0,208,363
03/09/2021,DPA,IL,AGL,CE,Towers with Radar,0,16,37,3,56,0,0,97,2,99,0,16,134,5,155,0,0,0,155
03/10/2021,DPA,IL,AGL,CE,Towers with Radar,0,19,35,2,56,0,0,6,0,6,0,19,41,2,62,140,0,140,202
03/11/2021,DPA,IL,AGL,CE,Towers with Radar,0,21,40,2,63,0,0,58,2,60,0,21,98,4,123,88,0,88,211
03/12/2021,DPA,IL,AGL,CE,Towers with Radar,0,27,51,0,78,0,0,158,2,160,0,27,209,2,238,382,0,382,620
03/13/2021,DPA,IL,AGL,CE,Towers with Radar,0,16,37,0,53,0,0,176,0,176,0,16,213,0,229,190,0,190,419
03/14/2021,DPA,IL,AGL,CE,Towers with Radar,0,21,28,0,49,0,0,79,0,79,0,21,107,0,128,72,0,72,200
03/15/2021,DPA,IL,AGL,CE,Towers with Radar,0,9,29,0,38,0,0,1,0,1,0,9,30,0,39,0,0,0,39
03/16/2021,DPA,IL,AGL,CE,Towers with Radar,0,19,36,0,55,0,0,4,0,4,0,19,40,0,59,70,0,70,129
03/17/2021,DPA,IL,AGL,CE,Towers with Radar,1,26,49,0,76,0,0,0,0,0,1,26,49,0,76,0,0,0,76
03/18/2021,DPA,IL,AGL,CE,Towers with Radar,1,34,22,3,60,0,0,4,0,4,1,34,26,3,64,0,0,0,64
03/19/2021,DPA,IL,AGL,CE,Towers with Radar,2,26,70,2,100,0,0,159,0,159,2,26,229,2,259,306,0,306,565
03/20/2021,DPA,IL,AGL,CE,Towers with Radar,0,20,29,2,51,0,0,180,0,180,0,20,209,2,231,326,0,326,557
03/21/2021,DPA,IL,AGL,CE,Towers with Radar,0,18,50,0,68,0,0,144,0,144,0,18,194,0,212,214,0,214,426
03/22/2021,DPA,IL,AGL,CE,Towers with Radar,0,22,37,2,61,0,0,131,0,131,0,22,168,2,192,198,0,198,390
03/23/2021,DPA,IL,AGL,CE,Towers with Radar,0,16,31,1,48,0,0,28,1,29,0,16,59,2,77,62,0,62,139
03/24/2021,DPA,IL,AGL,CE,Towers with Radar,0,17,36,0,53,0,0,14,0,14,0,17,50,0,67,72,0,72,139
03/25/2021,DPA,IL,AGL,CE,Towers with Radar,0,23,54,0,77,0,0,17,0,17,0,23,71,0,94,124,0,124,218
03/26/2021,DPA,IL,AGL,CE,Towers with Radar,0,28,60,0,88,0,0,34,0,34,0,28,94,0,122,308,0,308,430
03/27/2021,DPA,IL,AGL,CE,Towers with Radar,0,17,40,0,57,0,0,48,0,48,0,17,88,0,105,98,0,98,203
03/28/2021,DPA,IL,AGL,CE,Towers with Radar,0,15,20,0,35,0,0,35,0,35,0,15,55,0,70,56,0,56,126
03/29/2021,DPA,IL,AGL,CE,Towers with Radar,0,12,23,0,35,0,0,57,0,57,0,12,80,0,92,88,0,88,180
03/30/2021,DPA,IL,AGL,CE,Towers with Radar,0,16,21,1,38,0,0,41,2,43,0,16,62,3,81,34,0,34,115
03/31/2021,DPA,IL,AGL,CE,Towers with Radar,0,25,41,0,66,0,1,118,2,121,0,26,159,2,187,126,0,126,313
04/01/2021,DPA,IL,AGL,CE,Towers with Radar,0,16,48,0,64,0,0,132,0,132,0,16,180,0,196,184,0,184,380
04/02/2021,DPA,IL,AGL,CE,Towers with Radar,0,10,35,0,45,0,0,149,1,150,0,10,184,1,195,240,0,240,435
04/03/2021,DPA,IL,AGL,CE,Towers with Radar,0,23,35,0,58,0,0,79,0,79,0,23,114,0,137,52,0,52,189
04/04/2021,DPA,IL,AGL,CE,Towers with Radar,0,13,43,0,56,0,0,144,0,144,0,13,187,0,200,312,0,312,512
04/05/2021,DPA,IL,AGL,CE,Towers with Radar,0,18,47,4,69,0,0,87,1,88,0,18,134,5,157,192,0,192,349
04/06/2021,DPA,IL,AGL,CE,Towers with Radar,0,15,37,3,55,0,0,132,1,133,0,15,169,4,188,188,0,188,376
04/07/2021,DPA,IL,AGL,CE,Towers with Radar,0,11,47,0,58,0,0,114,0,114,0,11,161,0,172,268,0,268,440
04/08/2021,DPA,IL,AGL,CE,Towers with Radar,0,19,70,0,89,0,0,6,0,6,0,19,76,0,95,40,0,40,135
04/09/2021,DPA,IL,AGL,CE,Towers with Radar,0,16,54,1,71,0,0,27,0,27,0,16,81,1,98,130,0,130,228
04/10/2021,DPA,IL,AGL,CE,Towers with Radar,0,7,17,0,24,0,0,21,0,21,0,7,38,0,45,90,0,90,135
04/11/2021,DPA,IL,AGL,CE,Towers with Radar,0,13,58,0,71,0,0,25,0,25,0,13,83,0,96,112,0,112,208
04/12/2021,DPA,IL,AGL,CE,Towers with Radar,0,6,39,2,47,0,0,104,2,106,0,6,143,4,153,138,0,138,291
04/13/2021,DPA,IL,AGL,CE,Towers with Radar,0,12,34,0,46,0,0,157,0,157,0,12,191,0,203,120,0,120,323
04/14/2021,DPA,IL,AGL,CE,Towers with Radar,0,19,50,0,69,0,0,114,1,115,0,19,164,1,184,146,0,146,330
04/15/2021,DPA,IL,AGL,CE,Towers with Radar,0,20,45,0,65,0,0,109,0,109,0,20,154,0,174,172,0,172,346
04/16/2021,DPA,IL,AGL,CE,Towers with Radar,0,26,43,1,70,0,0,188,0,188,0,26,231,1,258,242,0,242,500
04/17/2021,DPA,IL,AGL,CE,Towers with Radar,0,9,39,0,48,0,0,148,0,148,0,9,187,0,196,276,0,276,472
04/18/2021,DPA,IL,AGL,CE,Towers with Radar,0,15,39,0,54,0,0,151,0,151,0,15,190,0,205,234,0,234,439
04/19/2021,DPA,IL,AGL,CE,Towers with Radar,0,16,35,0,51,0,0,75,0,75,0,16,110,0,126,148,0,148,274
04/20/2021,DPA,IL,AGL,CE,Towers with Radar,0,22,21,0,43,0,0,26,0,26,0,22,47,0,69,154,0,154,223
04/21/2021,DPA,IL,AGL,CE,Towers with Radar,0,15,57,0,72,0,0,85,0,85,0,15,142,0,157,144,0,144,301
04/22/2021,DPA,IL,AGL,CE,Towers with Radar,0,19,50,1,70,0,0,130,1,131,0,19,180,2,201,194,0,194,395
04/23/2021,DPA,IL,AGL,CE,Towers with Radar,0,21,66,1,88,0,0,138,1,139,0,21,204,2,227,194,0,194,421
04/24/2021,DPA,IL,AGL,CE,Towers with Radar,0,16,24,0,40,0,0,125,0,125,0,16,149,0,165,288,0,288,453
04/25/2021,DPA,IL,AGL,CE,Towers with Radar,0,10,64,0,74,0,1,214,0,215,0,11,278,0,289,446,0,446,735
04/26/2021,DPA,IL,AGL,CE,Towers with Radar,0,19,30,0,49,0,0,56,0,56,0,19,86,0,105,48,0,48,153
04/27/2021,DPA,IL,AGL,CE,Towers with Radar,0,18,40,0,58,0,0,132,2,134,0,18,172,2,192,158,0,158,350
04/28/2021,DPA,IL,AGL,CE,Towers with Radar,0,23,62,1,86,0,0,34,0,34,0,23,96,1,120,313,0,313,433
04/29/2021,DPA,IL,AGL,CE,Towers with Radar,0,19,72,1,92,0,0,58,3,61,0,19,130,4,153,202,0,202,355
04/30/2021,DPA,IL,AGL,CE,Towers with Radar,0,25,67,0,92,0,0,146,0,146,0,25,213,0,238,220,0,220,458
05/01/2021,DPA,IL,AGL,CE,Towers with Radar,0,21,30,0,51,0,0,32,0,32,0,21,62,0,83,56,0,56,139
05/02/2021,DPA,IL,AGL,CE,Towers with Radar,0,17,36,0,53,0,1,90,0,91,0,18,126,0,144,104,0,104,248
05/03/2021,DPA,IL,AGL,CE,Towers with Radar,0,17,47,0,64,0,0,21,0,21,0,17,68,0,85,144,0,144,229
05/04/2021,DPA,IL,AGL,CE,Towers with Radar,0,17,48,0,65,0,0,32,0,32,0,17,80,0,97,230,0,230,327
05/05/2021,DPA,IL,AGL,CE,Towers with Radar,0,17,67,0,84,0,0,186,1,187,0,17,253,1,271,236,0,236,507
05/06/2021,DPA,IL,AGL,CE,Towers with Radar,0,20,77,0,97,0,0,69,0,69,0,20,146,0,166,300,0,300,466
05/07/2021,DPA,IL,AGL,CE,Towers with Radar,1,26,67,0,94,0,0,145,0,145,1,26,212,0,239,156,0,156,395
05/08/2021,DPA,IL,AGL,CE,Towers with Radar,1,23,42,0,66,0,0,155,0,155,1,23,197,0,221,372,0,372,593
05/09/2021,DPA,IL,AGL,CE,Towers with Radar,0,14,18,0,32,0,0,39,0,39,0,14,57,0,71,12,0,12,83
05/10/2021,DPA,IL,AGL,CE,Towers with Radar,0,22,50,0,72,0,0,166,2,168,0,22,216,2,240,304,0,304,544
05/11/2021,DPA,IL,AGL,CE,Towers with Radar,0,20,48,0,68,0,2,152,0,154,0,22,200,0,222,320,0,320,542
05/12/2021,DPA,IL,AGL,CE,Towers with Radar,0,18,61,0,79,0,0,141,0,141,0,18,202,0,220,246,0,246,466
05/13/2021,DPA,IL,AGL,CE,Towers with Radar,0,30,53,1,84,0,0,156,1,157,0,30,209,2,241,326,0,326,567
05/14/2021,DPA,IL,AGL,CE,Towers with Radar,0,40,35,0,75,0,0,161,0,161,0,40,196,0,236,210,0,210,446
05/15/2021,DPA,IL,AGL,CE,Towers with Radar,0,18,39,0,57,0,0,56,0,56,0,18,95,0,113,146,0,146,259
05/16/2021,DPA,IL,AGL,CE,Towers with Radar,0,24,41,0,65,0,0,147,0,147,0,24,188,0,212,244,0,244,456
05/17/2021,DPA,IL,AGL,CE,Towers with Radar,0,19,55,2,76,0,0,56,4,60,0,19,111,6,136,172,0,172,308
05/18/2021,DPA,IL,AGL,CE,Towers with Radar,0,21,40,1,62,0,0,48,3,51,0,21,88,4,113,92,0,92,205
05/19/2021,DPA,IL,AGL,CE,Towers with Radar,0,19,63,0,82,0,0,47,0,47,0,19,110,0,129,272,0,272,401
05/20/2021,DPA,IL,AGL,CE,Towers with Radar,0,29,56,0,85,0,0,115,1,116,0,29,171,1,201,220,0,220,421
05/21/2021,DPA,IL,AGL,CE,Towers with Radar,0,23,61,0,84,0,0,120,0,120,0,23,181,0,204,218,0,218,422
05/22/2021,DPA,IL,AGL,CE,Towers with Radar,0,17,28,0,45,0,0,121,1,122,0,17,149,1,167,226,0,226,393
05/23/2021,DPA,IL,AGL,CE,Towers with Radar,0,14,55,0,69,0,0,84,1,85,0,14,139,1,154,242,0,242,396
05/24/2021,DPA,IL,AGL,CE,Towers with Radar,0,12,47,0,59,0,1,124,0,125,0,13,171,0,184,218,0,218,402
05/25/2021,DPA,IL,AGL,CE,Towers with Radar,0,16,31,0,47,0,0,58,0,58,0,16,89,0,105,82,0,82,187
05/26/2021,DPA,IL,AGL,CE,Towers with Radar,0,28,49,1,78,0,2,149,0,151,0,30,198,1,229,234,0,234,463
05/27/2021,DPA,IL,AGL,CE,Towers with Radar,0,32,65,0,97,0,0,76,0,76,0,32,141,0,173,56,0,56,229
05/28/2021,DPA,IL,AGL,CE,Towers with Radar,0,30,48,0,78,0,0,4,0,4,0,30,52,0,82,20,0,20,102
05/29/2021,DPA,IL,AGL,CE,Towers with Radar,0,22,23,0,45,0,0,141,0,141,0,22,164,0,186,180,0,180,366
05/30/2021,DPA,IL,AGL,CE,Towers with Radar,0,18,29,0,47,0,1,166,0,167,0,19,195,0,214,190,0,190,404
05/31/2021,DPA,IL,AGL,CE,Towers with Radar,0,20,43,0,63,0,0,160,0,160,0,20,203,0,223,200,0,200,423
06/01/2021,DPA,IL,AGL,CE,Towers with Radar,0,16,60,1,77,0,0,143,0,143,0,16,203,1,220,384,0,384,604
06/02/2021,DPA,IL,AGL,CE,Towers with Radar,0,31,38,0,69,0,0,162,0,162,0,31,200,0,231,362,0,362,593
06/03/2021,DPA,IL,AGL,CE,Towers with Radar,0,19,44,1,64,0,0,146,1,147,0,19,190,2,211,248,0,248,459
06/04/2021,DPA,IL,AGL,CE,Towers with Radar,0,24,51,0,75,0,0,122,0,122,0,24,173,0,197,132,0,132,329
06/05/2021,DPA,IL,AGL,CE,Towers with Radar,0,14,28,0,42,0,0,113,0,113,0,14,141,0,155,108,2,110,265
06/06/2021,DPA,IL,AGL,CE,Towers with Radar,1,8,42,0,51,0,0,128,0,128,1,8,170,0,179,216,0,216,395
06/07/2021,DPA,IL,AGL,CE,Towers with Radar,1,15,68,0,84,0,0,18,1,19,1,15,86,1,103,276,0,276,379
06/08/2021,DPA,IL,AGL,CE,Towers with Radar,0,31,60,1,92,0,0,96,1,97,0,31,156,2,189,269,0,269,458
06/09/2021,DPA,IL,AGL,CE,Towers with Radar,0,17,50,0,67,0,0,128,0,128,0,17,178,0,195,254,0,254,449
06/10/2021,DPA,IL,AGL,CE,Towers with Radar,0,23,53,0,76,0,0,135,1,136,0,23,188,1,212,264,0,264,476
06/11/2021,DPA,IL,AGL,CE,Towers with Radar,0,32,51,1,84,0,0,111,2,113,0,32,162,3,197,160,0,160,357
06/12/2021,DPA,IL,AGL,CE,Towers with Radar,1,13,28,0,42,0,0,112,0,112,1,13,140,0,154,124,0,124,278
06/13/2021,DPA,IL,AGL,CE,Towers with Radar,0,12,49,0,61,0,0,161,0,161,0,12,210,0,222,160,0,160,382
06/14/2021,DPA,IL,AGL,CE,Towers with Radar,1,19,58,0,78,0,0,130,1,131,1,19,188,1,209,296,0,296,505
06/15/2021,DPA,IL,AGL,CE,Towers with Radar,0,26,53,3,82,0,0,160,0,160,0,26,213,3,242,264,0,264,506
06/16/2021,DPA,IL,AGL,CE,Towers with Radar,0,19,75,0,94,0,1,158,0,159,0,20,233,0,253,236,0,236,489
06/17/2021,DPA,IL,AGL,CE,Towers with Radar,2,23,64,0,89,0,0,146,1,147,2,23,210,1,236,250,0,250,486
06/18/2021,DPA,IL,AGL,CE,Towers with Radar,0,21,49,0,70,0,0,119,0,119,0,21,168,0,189,272,0,272,461
06/19/2021,DPA,IL,AGL,CE,Towers with Radar,0,18,40,0,58,0,0,123,0,123,0,18,163,0,181,152,0,152,333
06/20/2021,DPA,IL,AGL,CE,Towers with Radar,0,14,40,0,54,0,0,52,0,52,0,14,92,0,106,118,0,118,224
06/21/2021,DPA,IL,AGL,CE,Towers with Radar,0,24,59,0,83,0,0,89,0,89,0,24,148,0,172,108,0,108,280
06/22/2021,DPA,IL,AGL,CE,Towers with Radar,0,21,53,0,74,0,0,165,0,165,0,21,218,0,239,276,0,276,515
06/23/2021,DPA,IL,AGL,CE,Towers with Radar,0,30,62,1,93,0,0,51,2,53,0,30,113,3,146,82,0,82,228
06/24/2021,DPA,IL,AGL,CE,Towers with Radar,0,27,57,0,84,0,0,43,0,43,0,27,100,0,127,0,0,0,127
06/25/2021,DPA,IL,AGL,CE,Towers with Radar,0,31,39,0,70,0,0,8,0,8,0,31,47,0,78,56,0,56,134
06/26/2021,DPA,IL,AGL,CE,Towers with Radar,0,18,17,0,35,0,0,5,0,5,0,18,22,0,40,22,0,22,62
06/27/2021,DPA,IL,AGL,CE,Towers with Radar,0,11,50,0,61,0,0,83,0,83,0,11,133,0,144,360,0,360,504
06/28/2021,DPA,IL,AGL,CE,Towers with Radar,0,12,53,0,65,0,0,7,0,7,0,12,60,0,72,58,0,58,130
06/29/2021,DPA,IL,AGL,CE,Towers with Radar,0,25,64,0,89,0,0,44,1,45,0,25,108,1,134,280,0,280,414
06/30/2021,DPA,IL,AGL,CE,Towers with Radar,0,17,84,0,101,0,0,84,0,84,0,17,168,0,185,356,0,356,541
07/01/2021,DPA,IL,AGL,CE,Towers with Radar,0,20,63,0,83,0,1,200,0,201,0,21,263,0,284,271,0,271,555
07/02/2021,DPA,IL,AGL,CE,Towers with Radar,0,17,56,0,73,0,0,198,0,198,0,17,254,0,271,376,0,376,647
07/03/2021,DPA,IL,AGL,CE,Towers with Radar,0,17,30,0,47,0,0,159,0,159,0,17,189,0,206,164,0,164,370
07/04/2021,DPA,IL,AGL,CE,Towers with Radar,0,6,7,0,13,0,0,54,0,54,0,6,61,0,67,28,0,28,95
07/05/2021,DPA,IL,AGL,CE,Towers with Radar,0,18,45,0,63,0,0,129,0,129,0,18,174,0,192,116,0,116,308
07/06/2021,DPA,IL,AGL,CE,Towers with Radar,0,20,40,0,60,0,0,133,1,134,0,20,173,1,194,252,0,252,446
07/07/2021,DPA,IL,AGL,CE,Towers with Radar,0,14,42,0,56,0,0,46,1,47,0,14,88,1,103,218,0,218,321
07/08/2021,DPA,IL,AGL,CE,Towers with Radar,0,27,100,0,127,0,0,35,0,35,0,27,135,0,162,274,0,274,436
07/09/2021,DPA,IL,AGL,CE,Towers with Radar,0,18,55,0,73,0,1,206,0,207,0,19,261,0,280,330,0,330,610
07/10/2021,DPA,IL,AGL,CE,Towers with Radar,0,17,35,0,52,0,0,103,0,103,0,17,138,0,155,228,0,228,383
07/11/2021,DPA,IL,AGL,CE,Towers with Radar,0,12,47,0,59,0,0,19,0,19,0,12,66,0,78,98,0,98,176
07/12/2021,DPA,IL,AGL,CE,Towers with Radar,0,13,92,0,105,0,0,12,0,12,0,13,104,0,117,200,0,200,317
07/13/2021,DPA,IL,AGL,CE,Towers with Radar,0,17,60,0,77,0,0,76,0,76,0,17,136,0,153,148,0,148,301
07/14/2021,DPA,IL,AGL,CE,Towers with Radar,0,14,76,0,90,0,0,179,0,179,0,14,255,0,269,292,0,292,561
07/15/2021,DPA,IL,AGL,CE,Towers with Radar,0,24,55,0,79,0,0,57,0,57,0,24,112,0,136,220,0,220,356
07/16/2021,DPA,IL,AGL,CE,Towers with Radar,0,22,76,0,98,0,0,73,0,73,0,22,149,0,171,0,0,0,171
07/17/2021,DPA,IL,AGL,CE,Towers with Radar,0,18,47,0,65,0,0,158,0,158,0,18,205,0,223,0,0,0,223
07/18/2021,DPA,IL,AGL,CE,Towers with Radar,0,20,44,0,64,0,0,159,0,159,0,20,203,0,223,0,0,0,223
07/19/2021,DPA,IL,AGL,CE,Towers with Radar,0,15,53,1,69,0,0,181,1,182,0,15,234,2,251,0,0,0,251
07/20/2021,DPA,IL,AGL,CE,Towers with Radar,0,20,71,1,92,0,2,188,5,195,0,22,259,6,287,0,0,0,287
07/21/2021,DPA,IL,AGL,CE,Towers with Radar,0,21,73,0,94,0,0,123,1,124,0,21,196,1,218,0,0,0,218
07/22/2021,DPA,IL,AGL,CE,Towers with Radar,1,21,97,2,121,0,0,126,1,127,1,21,223,3,248,0,0,0,248
07/23/2021,DPA,IL,AGL,CE,Towers with Radar,3,26,52,0,81,0,0,122,0,122,3,26,174,0,203,0,0,0,203
07/24/2021,DPA,IL,AGL,CE,Towers with Radar,0,15,33,0,48,0,0,105,0,105,0,15,138,0,153,170,0,170,323
07/25/2021,DPA,IL,AGL,CE,Towers with Radar,0,11,44,0,55,0,0,148,1,149,0,11,192,1,204,244,0,244,448
07/26/2021,DPA,IL,AGL,CE,Towers with Radar,0,20,50,0,70,0,0,125,0,125,0,20,175,0,195,162,0,162,357
07/27/2021,DPA,IL,AGL,CE,Towers with Radar,0,15,37,0,52,0,0,155,0,155,0,15,192,0,207,182,0,182,389
07/28/2021,DPA,IL,AGL,CE,Towers with Radar,0,23,63,1,87,0,0,147,1,148,0,23,210,2,235,266,0,266,501
07/29/2021,DPA,IL,AGL,CE,Towers with Radar,0,20,52,0,72,0,0,111,0,111,0,20,163,0,183,136,0,136,319
07/30/2021,DPA,IL,AGL,CE,Towers with Radar,0,20,62,0,82,0,0,137,1,138,0,20,199,1,220,232,0,232,452
07/31/2021,DPA,IL,AGL,CE,Towers with Radar,0,15,30,0,45,0,0,99,0,99,0,15,129,0,144,202,0,202,346
08/01/2021,DPA,IL,AGL,CE,Towers with Radar,0,15,48,0,63,0,0,128,0,128,0,15,176,0,191,202,0,202,393
08/02/2021,DPA,IL,AGL,CE,Towers with Radar,0,21,49,0,70,0,0,163,0,163,0,21,212,0,233,242,0,242,475
08/03/2021,DPA,IL,AGL,CE,Towers with Radar,0,20,55,0,75,0,0,176,0,176,0,20,231,0,251,204,0,204,455
08/04/2021,DPA,IL,AGL,CE,Towers with Radar,0,17,71,0,88,0,0,170,0,170,0,17,241,0,258,298,0,298,556
08/05/2021,DPA,IL,AGL,CE,Towers with Radar,0,28,68,0,96,0,0,159,0,159,0,28,227,0,255,228,0,228,483
08/06/2021,DPA,IL,AGL,CE,Towers with Radar,0,22,43,0,65,0,0,79,0,79,0,22,122,0,144,180,0,180,324
08/07/2021,DPA,IL,AGL,CE,Towers with Radar,0,20,44,0,64,0,0,101,0,101,0,20,145,0,165,258,0,258,423
08/08/2021,DPA,IL,AGL,CE,Towers with Radar,0,15,39,0,54,0,0,77,0,77,0,15,116,0,131,28,0,28,159
08/09/2021,DPA,IL,AGL,CE,Towers with Radar,0,18,39,0,57,0,0,16,0,16,0,18,55,0,73,138,0,138,211
08/10/2021,DPA,IL,AGL,CE,Towers with Radar,2,24,48,0,74,0,0,40,0,40,2,24,88,0,114,162,0,162,276
08/11/2021,DPA,IL,AGL,CE,Towers with Radar,0,25,44,1,70,0,0,61,0,61,0,25,105,1,131,64,0,64,195
08/12/2021,DPA,IL,AGL,CE,Towers with Radar,0,27,66,1,94,0,1,93,0,94,0,28,159,1,188,0,0,0,188
08/13/2021,DPA,IL,AGL,CE,Towers with Radar,0,16,62,1,79,0,0,158,1,159,0,16,220,2,238,262,0,262,500
08/14/2021,DPA,IL,AGL,CE,Towers with Radar,0,17,33,0,50,0,0,170,0,170,0,17,203,0,220,242,0,242,462
08/15/2021,DPA,IL,AGL,CE,Towers with Radar,0,19,53,1,73,0,0,145,0,145,0,19,198,1,218,162,2,164,382
08/16/2021,DPA,IL,AGL,CE,Towers with Radar,0,15,42,0,57,0,0,132,0,132,0,15,174,0,189,0,0,0,189
08/17/2021,DPA,IL,AGL,CE,Towers with Radar,0,20,63,0,83,0,0,146,0,146,0,20,209,0,229,314,0,314,543
08/18/2021,DPA,IL,AGL,CE,Towers with Radar,0,26,59,2,87,0,0,92,0,92,0,26,151,2,179,0,0,0,179
08/19/2021,DPA,IL,AGL,CE,Towers with Radar,2,33,61,0,96,0,0,115,0,115,2,33,176,0,211,304,0,304,515
08/20/2021,DPA,IL,AGL,CE,Towers with Radar,0,25,64,0,89,0,0,125,0,125,0,25,189,0,214,212,0,212,426
08/21/2021,DPA,IL,AGL,CE,Towers with Radar,0,26,35,0,61,0,0,92,0,92,0,26,127,0,153,162,0,162,315
08/22/2021,DPA,IL,AGL,CE,Towers with Radar,0,22,48,0,70,0,0,154,0,154,0,22,202,0,224,250,0,250,474
08/23/2021,DPA,IL,AGL,CE,Towers with Radar,0,16,39,0,55,0,0,87,0,87,0,16,126,0,142,0,0,0,142
08/24/2021,DPA,IL,AGL,CE,Towers with Radar,0,23,43,0,66,0,0,89,0,89,0,23,132,0,155,135,0,135,290
08/25/2021,DPA,IL,AGL,CE,Towers with Radar,0,28,51,0,79,0,0,89,0,89,0,28,140,0,168,264,0,264,432
08/26/2021,DPA,IL,AGL,CE,Towers with Radar,0,30,61,0,91,0,0,145,2,147,0,30,206,2,238,180,0,180,418
08/27/2021,DPA,IL,AGL,CE,Towers with Radar,0,21,64,0,85,0,0,117,0,117,0,21,181,0,202,240,0,240,442
08/28/2021,DPA,IL,AGL,CE,Towers with Radar,0,11,34,0,45,0,0,127,0,127,0,11,161,0,172,132,0,132,304
08/29/2021,DPA,IL,AGL,CE,Towers with Radar,0,15,36,0,51,0,0,47,0,47,0,15,83,0,98,110,0,110,208
08/30/2021,DPA,IL,AGL,CE,Towers with Radar,0,17,33,0,50,0,0,112,1,113,0,17,145,1,163,106,0,106,269
08/31/2021,DPA,IL,AGL,CE,Towers with Radar,2,19,48,0,69,0,0,118,1,119,2,19,166,1,188,144,0,144,332
09/01/2021,DPA,IL,AGL,CE,Towers with Radar,0,18,64,0,82,0,0,118,0,118,0,18,182,0,200,234,0,234,434
09/02/2021,DPA,IL,AGL,CE,Towers with Radar,0,15,63,1,79,0,0,149,1,150,0,15,212,2,229,266,0,266,495
09/03/2021,DPA,IL,AGL,CE,Towers with Radar,0,22,49,0,71,0,0,102,1,103,0,22,151,1,174,182,0,182,356
09/04/2021,DPA,IL,AGL,CE,Towers with Radar,0,11,22,0,33,0,0,32,0,32,0,11,54,0,65,130,0,130,195
09/05/2021,DPA,IL,AGL,CE,Towers with Radar,0,5,32,0,37,0,0,137,0,137,0,5,169,0,174,172,0,172,346
09/06/2021,DPA,IL,AGL,CE,Towers with Radar,0,11,40,0,51,0,0,141,0,141,0,11,181,0,192,228,0,228,420
09/07/2021,DPA,IL,AGL,CE,Towers with Radar,0,9,41,1,51,0,0,43,1,44,0,9,84,2,95,34,0,34,129
09/08/2021,DPA,IL,AGL,CE,Towers with Radar,0,19,47,2,68,0,0,106,3,109,0,19,153,5,177,172,8,180,357
09/09/2021,DPA,IL,AGL,CE,Towers with Radar,0,24,56,3,83,0,0,162,1,163,0,24,218,4,246,242,0,242,488
09/10/2021,DPA,IL,AGL,CE,Towers with Radar,0,28,52,0,80,0,0,154,0,154,0,28,206,0,234,226,0,226,460
09/11/2021,DPA,IL,AGL,CE,Towers with Radar,0,14,45,0,59,0,1,123,1,125,0,15,168,1,184,274,0,274,458
09/12/2021,DPA,IL,AGL,CE,Towers with Radar,0,19,44,0,63,0,0,93,0,93,0,19,137,0,156,236,0,236,392
09/13/2021,DPA,IL,AGL,CE,Towers with Radar,0,17,55,1,73,0,0,134,1,135,0,17,189,2,208,140,0,140,348
09/14/2021,DPA,IL,AGL,CE,Towers with Radar,0,20,48,0,68,0,0,79,0,79,0,20,127,0,147,202,0,202,349
09/15/2021,DPA,IL,AGL,CE,Towers with Radar,0,23,72,0,95,0,1,140,0,141,0,24,212,0,236,200,0,200,436
09/16/2021,DPA,IL,AGL,CE,Towers with Radar,0,25,62,2,89,0,0,141,1,142,0,25,203,3,231,312,0,312,543
09/17/2021,DPA,IL,AGL,CE,Towers with Radar,0,29,55,0,84,0,2,131,0,133,0,31,186,0,217,128,0,128,345
09/18/2021,DPA,IL,AGL,CE,Towers with Radar,0,20,37,0,57,0,0,167,0,167,0,20,204,0,224,204,0,204,428
09/19/2021,DPA,IL,AGL,CE,Towers with Radar,0,29,44,0,73,0,0,140,1,141,0,29,184,1,214,180,0,180,394
09/20/2021,DPA,IL,AGL,CE,Towers with Radar,0,20,80,0,100,0,0,21,0,21,0,20,101,0,121,62,0,62,183
09/21/2021,DPA,IL,AGL,CE,Towers with Radar,0,25,51,1,77,0,2,59,0,61,0,27,110,1,138,210,0,210,348
09/22/2021,DPA,IL,AGL,CE,Towers with Radar,2,30,72,0,104,0,0,80,0,80,2,30,152,0,184,184,0,184,368
09/23/2021,DPA,IL,AGL,CE,Towers with Radar,0,28,61,0,89,0,0,122,1,123,0,28,183,1,212,180,0,180,392
09/24/2021,DPA,IL,AGL,CE,Towers with Radar,0,32,71,0,103,0,0,111,0,111,0,32,182,0,214,224,0,224,438
09/25/2021,DPA,IL,AGL,CE,Towers with Radar,0,21,27,0,48,0,0,142,0,142,0,21,169,0,190,124,0,124,314
09/26/2021,DPA,IL,AGL,CE,Towers with Radar,0,16,55,0,71,0,0,123,0,123,0,16,178,0,194,126,0,126,320
09/27/2021,DPA,IL,AGL,CE,Towers with Radar,0,17,46,0,63,0,0,125,2,127,0,17,171,2,190,130,0,130,320
09/28/2021,DPA,IL,AGL,CE,Towers with Radar,0,21,49,2,72,0,0,162,1,163,0,21,211,3,235,196,0,196,431
09/29/2021,DPA,IL,AGL,CE,Towers with Radar,0,20,58,0,78,0,0,119,0,119,0,20,177,0,197,312,0,312,509
09/30/2021,DPA,IL,AGL,CE,Towers with Radar,0,12,58,3,73,0,1,135,1,137,0,13,193,4,210,216,0,216,426
10/01/2021,DPA,IL,AGL,CE,Towers with Radar,0,37,67,0,104,0,0,153,1,154,0,37,220,1,258,214,0,214,472
10/02/2021,DPA,IL,AGL,CE,Towers with Radar,0,18,21,0,39,0,0,38,0,38,0,18,59,0,77,190,0,190,267
10/03/2021,DPA,IL,AGL,CE,Towers with Radar,0,26,44,0,70,0,0,17,0,17,0,26,61,0,87,66,0,66,153
10/04/2021,DPA,IL,AGL,CE,Towers with Radar,0,24,71,0,95,0,0,33,0,33,0,24,104,0,128,166,0,166,294
10/05/2021,DPA,IL,AGL,CE,Towers with Radar,0,32,82,0,114,0,0,7,0,7,0,32,89,0,121,80,0,80,201
10/06/2021,DPA,IL,AGL,CE,Towers with Radar,0,24,96,0,120,0,0,4,0,4,0,24,100,0,124,2,0,2,126
10/07/2021,DPA,IL,AGL,CE,Towers with Radar,0,22,61,0,83,0,0,7,1,8,0,22,68,1,91,168,0,168,259
10/08/2021,DPA,IL,AGL,CE,Towers with Radar,1,32,67,0,100,0,0,46,1,47,1,32,113,1,147,108,0,108,255
10/09/2021,DPA,IL,AGL,CE,Towers with Radar,0,26,30,0,56,0,0,169,0,169,0,26,199,0,225,288,0,288,513
10/10/2021,DPA,IL,AGL,CE,Towers with Radar,0,22,44,0,66,0,0,109,0,109,0,22,153,0,175,200,0,200,375
10/11/2021,DPA,IL,AGL,CE,Towers with Radar,0,12,47,0,59,0,0,35,0,35,0,12,82,0,94,100,0,100,194
10/12/2021,DPA,IL,AGL,CE,Towers with Radar,0,29,63,0,92,0,0,28,0,28,0,29,91,0,120,104,0,104,224
10/13/2021,DPA,IL,AGL,CE,Towers with Radar,0,18,61,0,79,0,1,69,1,71,0,19,130,1,150,76,0,76,226
10/14/2021,DPA,IL,AGL,CE,Towers with Radar,0,19,58,0,77,0,0,169,2,171,0,19,227,2,248,310,0,310,558
10/15/2021,DPA,IL,AGL,CE,Towers with Radar,0,24,71,1,96,0,1,101,1,103,0,25,172,2,199,144,0,144,343
10/16/2021,DPA,IL,AGL,CE,Towers with Radar,0,22,37,0,59,0,0,147,0,147,0,22,184,0,206,158,0,158,364
10/17/2021,DPA,IL,AGL,CE,Towers with Radar,0,19,57,0,76,0,0,179,0,179,0,19,236,0,255,186,0,186,441
10/18/2021,DPA,IL,AGL,CE,Towers with Radar,0,24,52,0,76,0,0,149,0,149,0,24,201,0,225,158,0,158,383
10/19/2021,DPA,IL,AGL,CE,Towers with Radar,0,17,57,1,75,0,0,155,2,157,0,17,212,3,232,204,0,204,436
10/20/2021,DPA,IL,AGL,CE,Towers with Radar,0,26,60,0,86,0,0,121,2,123,0,26,181,2,209,288,0,288,497
10/21/2021,DPA,IL,AGL,CE,Towers with Radar,0,31,73,0,104,0,0,10,0,10,0,31,83,0,114,96,0,96,210
10/22/2021,DPA,IL,AGL,CE,Towers with Radar,0,12,57,4,73,0,0,124,0,124,0,12,181,4,197,302,0,302,499
10/23/2021,DPA,IL,AGL,CE,Towers with Radar,0,19,40,0,59,0,0,203,0,203,0,19,243,0,262,312,0,312,574
10/24/2021,DPA,IL,AGL,CE,Towers with Radar,0,10,31,0,41,0,0,8,0,8,0,10,39,0,49,82,0,82,131
10/25/2021,DPA,IL,AGL,CE,Towers with Radar,0,17,44,0,61,0,0,14,0,14,0,17,58,0,75,8,0,8,83
10/26/2021,DPA,IL,AGL,CE,Towers with Radar,0,35,56,0,91,0,0,151,0,151,0,35,207,0,242,282,0,282,524
10/27/2021,DPA,IL,AGL,CE,Towers with Radar,0,20,69,1,90,0,0,161,1,162,0,20,230,2,252,204,0,204,456
10/28/2021,DPA,IL,AGL,CE,Towers with Radar,0,16,66,0,82,0,0,3,0,3,0,16,69,0,85,34,0,34,119
10/29/2021,DPA,IL,AGL,CE,Towers with Radar,0,23,48,0,71,0,0,0,0,0,0,23,48,0,71,0,0,0,71
10/30/2021,DPA,IL,AGL,CE,Towers with Radar,0,20,42,0,62,0,0,86,0,86,0,20,128,0,148,252,0,252,400
10/31/2021,DPA,IL,AGL,CE,Towers with Radar,0,15,43,0,58,0,0,65,0,65,0,15,108,0,123,216,0,216,339
11/01/2021,DPA,IL,AGL,CE,Towers with Radar,0,12,45,0,57,0,0,106,0,106,0,12,151,0,163,170,0,170,333
11/02/2021,DPA,IL,AGL,CE,Towers with Radar,0,25,55,0,80,0,0,124,0,124,0,25,179,0,204,183,0,183,387
11/03/2021,DPA,IL,AGL,CE,Towers with Radar,0,19,56,2,77,0,0,129,1,130,0,19,185,3,207,204,0,204,411
11/04/2021,DPA,IL,AGL,CE,Towers with Radar,0,25,35,0,60,0,0,144,0,144,0,25,179,0,204,336,0,336,540
11/05/2021,DPA,IL,AGL,CE,Towers with Radar,0,25,54,1,80,0,0,117,0,117,0,25,171,1,197,265,0,265,462
11/06/2021,DPA,IL,AGL,CE,Towers with Radar,0,13,26,0,39,0,0,138,0,138,0,13,164,0,177,202,0,202,379
11/07/2021,DPA,IL,AGL,CE,Towers with Radar,0,19,55,0,74,0,0,156,0,156,0,19,211,0,230,240,0,240,470
11/08/2021,DPA,IL,AGL,CE,Towers with Radar,0,20,45,1,66,0,0,138,2,140,0,20,183,3,206,250,0,250,456
11/09/2021,DPA,IL,AGL,CE,Towers with Radar,0,20,54,0,74,0,0,91,0,91,0,20,145,0,165,254,0,254,419
11/10/2021,DPA,IL,AGL,CE,Towers with Radar,0,20,60,0,80,0,0,61,0,61,0,20,121,0,141,212,0,212,353
11/11/2021,DPA,IL,AGL,CE,Towers with Radar,0,20,47,0,67,0,0,8,0,8,0,20,55,0,75,2,0,2,77
11/12/2021,DPA,IL,AGL,CE,Towers with Radar,0,21,42,0,63,0,0,9,0,9,0,21,51,0,72,40,0,40,112
11/13/2021,DPA,IL,AGL,CE,Towers with Radar,0,15,28,0,43,0,0,51,0,51,0,15,79,0,94,192,0,192,286
11/14/2021,DPA,IL,AGL,CE,Towers with Radar,0,13,32,0,45,0,0,1,0,1,0,13,33,0,46,0,0,0,46
11/15/2021,DPA,IL,AGL,CE,Towers with Radar,1,17,41,0,59,0,0,61,0,61,1,17,102,0,120,208,0,208,328
11/16/2021,DPA,IL,AGL,CE,Towers with Radar,0,22,41,1,64,0,0,134,2,136,0,22,175,3,200,108,0,108,308
11/17/2021,DPA,IL,AGL,CE,Towers with Radar,0,26,57,0,83,0,0,18,0,18,0,26,75,0,101,72,0,72,173
11/18/2021,DPA,IL,AGL,CE,Towers with Radar,0,24,34,0,58,0,0,44,0,44,0,24,78,0,102,18,0,18,120
11/19/2021,DPA,IL,AGL,CE,Towers with Radar,0,32,57,0,89,0,0,149,1,150,0,32,206,1,239,208,0,208,447
11/20/2021,DPA,IL,AGL,CE,Towers with Radar,0,34,41,0,75,0,1,138,0,139,0,35,179,0,214,330,0,330,544
11/21/2021,DPA,IL,AGL,CE,Towers with Radar,0,10,36,0,46,0,0,96,0,96,0,10,132,0,142,152,0,152,294
11/22/2021,DPA,IL,AGL,CE,Towers with Radar,0,14,41,0,55,0,1,107,0,108,0,15,148,0,163,102,0,102,265
11/23/2021,DPA,IL,AGL,CE,Towers with Radar,0,17,44,2,63,0,0,158,2,160,0,17,202,4,223,168,0,168,391
11/24/2021,DPA,IL,AGL,CE,Towers with Radar,0,26,61,0,87,0,0,59,0,59,0,26,120,0,146,145,0,145,291
11/25/2021,DPA,IL,AGL,CE,Towers with Radar,0,3,6,0,9,0,0,7,0,7,0,3,13,0,16,24,0,24,40
11/26/2021,DPA,IL,AGL,CE,Towers with Radar,0,17,33,0,50,0,0,75,0,75,0,17,108,0,125,76,0,76,201
11/27/2021,DPA,IL,AGL,CE,Towers with Radar,0,32,32,0,64,0,0,93,0,93,0,32,125,0,157,218,0,218,375
11/28/2021,DPA,IL,AGL,CE,Towers with Radar,0,20,58,0,78,0,0,83,0,83,0,20,141,0,161,86,0,86,247
11/29/2021,DPA,IL,AGL,CE,Towers with Radar,0,26,47,0,73,0,0,67,0,67,0,26,114,0,140,98,0,98,238
11/30/2021,DPA,IL,AGL,CE,Towers with Radar,0,20,42,0,62,0,0,101,1,102,0,20,143,1,164,188,0,188,352
12/01/2021,DPA,IL,AGL,CE,Towers with Radar,0,16,54,0,70,0,0,30,0,30,0,16,84,0,100,184,0,184,284
12/02/2021,DPA,IL,AGL,CE,Towers with Radar,0,20,54,4,78,0,0,84,0,84,0,20,138,4,162,106,0,106,268
12/03/2021,DPA,IL,AGL,CE,Towers with Radar,0,17,55,0,72,0,0,116,0,116,0,17,171,0,188,100,0,100,288
12/04/2021,DPA,IL,AGL,CE,Towers with Radar,0,12,50,0,62,0,0,127,0,127,0,12,177,0,189,234,0,234,423
12/05/2021,DPA,IL,AGL,CE,Towers with Radar,0,9,33,0,42,0,0,2,0,2,0,9,35,0,44,4,0,4,48
12/06/2021,DPA,IL,AGL,CE,Towers with Radar,0,18,35,1,54,0,0,16,1,17,0,18,51,2,71,2,0,2,73
12/07/2021,DPA,IL,AGL,CE,Towers with Radar,0,17,50,0,67,0,0,79,0,79,0,17,129,0,146,160,0,160,306
12/08/2021,DPA,IL,AGL,CE,Towers with Radar,0,13,57,2,72,0,1,112,0,113,0,14,169,2,185,120,0,120,305
12/09/2021,DPA,IL,AGL,CE,Towers with Radar,0,23,47,0,70,0,0,94,0,94,0,23,141,0,164,72,0,72,236
12/10/2021,DPA,IL,AGL,CE,Towers with Radar,0,28,35,0,63,0,0,28,0,28,0,28,63,0,91,162,0,162,253
12/11/2021,DPA,IL,AGL,CE,Towers with Radar,0,20,22,0,42,0,0,15,0,15,0,20,37,0,57,0,0,0,57
12/12/2021,DPA,IL,AGL,CE,Towers with Radar,0,19,42,0,61,0,0,105,0,105,0,19,147,0,166,166,0,166,332
12/13/2021,DPA,IL,AGL,CE,Towers with Radar,0,25,47,0,72,0,0,132,0,132,0,25,179,0,204,242,0,242,446
12/14/2021,DPA,IL,AGL,CE,Towers with Radar,0,18,47,0,65,0,0,119,0,119,0,18,166,0,184,116,0,116,300
12/15/2021,DPA,IL,AGL,CE,Towers with Radar,0,14,52,0,66,0,0,0,0,0,0,14,52,0,66,0,0,0,66
12/16/2021,DPA,IL,AGL,CE,Towers with Radar,0,21,50,1,72,0,0,26,0,26,0,21,76,1,98,18,0,18,116
12/17/2021,DPA,IL,AGL,CE,Towers with Radar,0,20,63,0,83,0,0,135,0,135,0,20,198,0,218,188,0,188,406
12/18/2021,DPA,IL,AGL,CE,Towers with Radar,0,19,23,0,42,0,0,22,0,22,0,19,45,0,64,128,0,128,192
12/19/2021,DPA,IL,AGL,CE,Towers with Radar,0,19,28,0,47,0,0,130,0,130,0,19,158,0,177,234,0,234,411
12/20/2021,DPA,IL,AGL,CE,Towers with Radar,0,27,34,0,61,0,0,101,0,101,0,27,135,0,162,220,0,220,382
12/21/2021,DPA,IL,AGL,CE,Towers with Radar,0,33,41,0,74,0,0,69,0,69,0,33,110,0,143,40,0,40,183
12/22/2021,DPA,IL,AGL,CE,Towers with Radar,0,20,48,0,68,0,0,99,0,99,0,20,147,0,167,168,0,168,335
12/23/2021,DPA,IL,AGL,CE,Towers with Radar,0,18,30,0,48,0,1,90,0,91,0,19,120,0,139,114,0,114,253
12/24/2021,DPA,IL,AGL,CE,Towers with Radar,0,11,9,0,20,0,0,1,0,1,0,11,10,0,21,0,0,0,21
12/25/2021,DPA,IL,AGL,CE,Towers with Radar,0,10,7,0,17,0,0,19,0,19,0,10,26,0,36,4,0,4,40
12/26/2021,DPA,IL,AGL,CE,Towers with Radar,0,30,48,0,78,0,0,76,0,76,0,30,124,0,154,100,0,100,254
12/27/2021,DPA,IL,AGL,CE,Towers with Radar,0,32,68,0,100,0,0,18,0,18,0,32,86,0,118,8,0,8,126
12/28/2021,DPA,IL,AGL,CE,Towers with Radar,2,27,27,0,56,0,0,13,0,13,2,27,40,0,69,24,0,24,93
12/29/2021,DPA,IL,AGL,CE,Towers with Radar,0,28,40,0,68,0,0,76,0,76,0,28,116,0,144,84,0,84,228
12/30/2021,DPA,IL,AGL,CE,Towers with Radar,0,19,33,0,52,0,0,13,0,13,0,19,46,0,65,80,0,80,145
12/31/2021,DPA,IL,AGL,CE,Towers with Radar,0,9,32,0,41,0,0,0,0,0,0,9,32,0,41,16,0,16,57
01/01/2022,DPA,IL,AGL,CE,Towers with Radar,0,13,14,0,27,0,0,0,0,0,0,13,14,0,27,0,0,0,27
01/02/2022,DPA,IL,AGL,CE,Towers with Radar,0,22,45,0,67,0,0,54,0,54,0,22,99,0,121,76,0,76,197
01/03/2022,DPA,IL,AGL,CE,Towers with Radar,0,27,49,0,76,0,0,114,0,114,0,27,163,0,190,130,0,130,320
01/04/2022,DPA,IL,AGL,CE,Towers with Radar,0,22,32,0,54,0,0,75,0,75,0,22,107,0,129,72,0,72,201
01/05/2022,DPA,IL,AGL,CE,Towers with Radar,0,18,22,0,40,0,0,0,0,0,0,18,22,0,40,2,0,2,42
01/06/2022,DPA,IL,AGL,CE,Towers with Radar,0,20,31,0,51,0,0,59,0,59,0,20,90,0,110,84,0,84,194
01/07/2022,DPA,IL,AGL,CE,Towers with Radar,0,15,32,0,47,0,0,61,0,61,0,15,93,0,108,98,0,98,206
01/08/2022,DPA,IL,AGL,CE,Towers with Radar,0,15,22,0,37,0,0,29,0,29,0,15,51,0,66,84,0,84,150
01/09/2022,DPA,IL,AGL,CE,Towers with Radar,0,20,39,0,59,0,0,11,0,11,0,20,50,0,70,16,0,16,86
01/10/2022,DPA,IL,AGL,CE,Towers with Radar,0,26,44,0,70,0,0,59,0,59,0,26,103,0,129,36,0,36,165
01/11/2022,DPA,IL,AGL,CE,Towers with Radar,0,22,40,0,62,0,0,68,0,68,0,22,108,0,130,26,0,26,156
01/12/2022,DPA,IL,AGL,CE,Towers with Radar,0,15,48,0,63,0,0,159,0,159,0,15,207,0,222,174,0,174,396
01/13/2022,DPA,IL,AGL,CE,Towers with Radar,0,23,60,0,83,0,0,61,0,61,0,23,121,0,144,192,0,192,336
01/14/2022,DPA,IL,AGL,CE,Towers with Radar,2,29,25,0,56,0,0,8,0,8,2,29,33,0,64,122,0,122,186
01/15/2022,DPA,IL,AGL,CE,Towers with Radar,0,25,18,0,43,0,0,41,0,41,0,25,59,0,84,122,0,122,206
01/16/2022,DPA,IL,AGL,CE,Towers with Radar,2,18,48,0,68,0,0,118,0,118,2,18,166,0,186,266,0,266,452
01/17/2022,DPA,IL,AGL,CE,Towers with Radar,0,19,36,0,55,0,0,44,0,44,0,19,80,0,99,250,0,250,349
01/18/2022,DPA,IL,AGL,CE,Towers with Radar,0,20,40,0,60,0,0,88,0,88,0,20,128,0,148,114,0,114,262
01/19/2022,DPA,IL,AGL,CE,Towers with Radar,0,20,32,0,52,0,1,53,0,54,0,21,85,0,106,150,0,150,256
01/20/2022,DPA,IL,AGL,CE,Towers with Radar,0,21,42,0,63,0,1,78,0,79,0,22,120,0,142,170,0,170,312
01/21/2022,DPA,IL,AGL,CE,Towers with Radar,0,23,42,0,65,0,0,87,0,87,0,23,129,0,152,184,0,184,336
01/22/2022,DPA,IL,AGL,CE,Towers with Radar,0,12,10,0,22,0,0,95,0,95,0,12,105,0,117,92,0,92,209
01/23/2022,DPA,IL,AGL,CE,Towers with Radar,0,13,22,0,35,0,0,62,0,62,0,13,84,0,97,72,0,72,169
01/24/2022,DPA,IL,AGL,CE,Towers with Radar,0,17,30,0,47,0,0,10,0,10,0,17,40,0,57,2,0,2,59
01/25/2022,DPA,IL,AGL,CE,Towers with Radar,2,22,23,0,47,0,0,89,1,90,2,22,112,1,137,104,0,104,241
01/26/2022,DPA,IL,AGL,CE,Towers with Radar,0,21,44,0,65,0,0,67,0,67,0,21,111,0,132,158,0,158,290
01/27/2022,DPA,IL,AGL,CE,Towers with Radar,0,27,33,0,60,0,0,93,1,94,0,27,126,1,154,138,0,138,292
01/28/2022,DPA,IL,AGL,CE,Towers with Radar,0,26,33,1,60,0,0,81,1,82,0,26,114,2,142,120,0,120,262
01/29/2022,DPA,IL,AGL,CE,Towers with Radar,0,13,20,0,33,0,0,107,0,107,0,13,127,0,140,132,0,132,272
01/30/2022,DPA,IL,AGL,CE,Towers with Radar,0,11,21,0,32,0,0,111,0,111,0,11,132,0,143,140,0,140,283
01/31/2022,DPA,IL,AGL,CE,Towers with Radar,0,13,43,0,56,0,0,111,0,111,0,13,154,0,167,150,0,150,317
02/01/2022,DPA,IL,AGL,CE,Towers with Radar,0,17,37,0,54,0,0,46,0,46,0,17,83,0,100,178,0,178,278
02/02/2022,DPA,IL,AGL,CE,Towers with Radar,0,25,31,0,56,0,0,4,0,4,0,25,35,0,60,0,0,0,60
02/03/2022,DPA,IL,AGL,CE,Towers with Radar,0,29,24,0,53,0,0,13,0,13,0,29,37,0,66,68,0,68,134
02/04/2022,DPA,IL,AGL,CE,Towers with Radar,0,12,38,0,50,0,0,72,0,72,0,12,110,0,122,108,0,108,230
02/05/2022,DPA,IL,AGL,CE,Towers with Radar,0,23,29,2,54,0,0,85,0,85,0,23,114,2,139,152,0,152,291
02/06/2022,DPA,IL,AGL,CE,Towers with Radar,0,21,34,2,57,0,0,114,0,114,0,21,148,2,171,140,0,140,311
02/07/2022,DPA,IL,AGL,CE,Towers with Radar,0,12,44,0,56,0,0,66,1,67,0,12,110,1,123,120,0,120,243
02/08/2022,DPA,IL,AGL,CE,Towers with Radar,0,12,38,2,52,0,0,115,0,115,0,12,153,2,167,176,0,176,343
02/09/2022,DPA,IL,AGL,CE,Towers with Radar,0,20,36,0,56,0,0,21,0,21,0,20,57,0,77,24,0,24,101
02/10/2022,DPA,IL,AGL,CE,Towers with Radar,0,20,35,0,55,0,0,47,0,47,0,20,82,0,102,84,0,84,186
02/11/2022,DPA,IL,AGL,CE,Towers with Radar,0,25,35,0,60,0,0,44,0,44,0,25,79,0,104,68,0,68,172
02/12/2022,DPA,IL,AGL,CE,Towers with Radar,0,17,16,0,33,0,0,93,0,93,0,17,109,0,126,198,0,198,324
02/13/2022,DPA,IL,AGL,CE,Towers with Radar,0,16,22,0,38,0,0,67,0,67,0,16,89,0,105,172,0,172,277
02/14/2022,DPA,IL,AGL,CE,Towers with Radar,0,20,29,1,50,0,0,89,0,89,0,20,118,1,139,166,0,166,305
02/15/2022,DPA,IL,AGL,CE,Towers with Radar,0,24,52,0,76,0,0,107,1,108,0,24,159,1,184,168,0,168,352
02/16/2022,DPA,IL,AGL,CE,Towers with Radar,0,31,38,0,69,0,1,2,0,3,0,32,40,0,72,12,0,12,84
02/17/2022,DPA,IL,AGL,CE,Towers with Radar,0,38,32,0,70,0,0,1,0,1,0,38,33,0,71,0,0,0,71
02/18/2022,DPA,IL,AGL,CE,Towers with Radar,1,22,45,1,69,0,0,58,1,59,1,22,103,2,128,48,0,48,176
02/19/2022,DPA,IL,AGL,CE,Towers with Radar,1,25,28,0,54,0,0,133,0,133,1,25,161,0,187,144,0,144,331
02/20/2022,DPA,IL,AGL,CE,Towers with Radar,0,13,26,0,39,0,0,13,0,13,0,13,39,0,52,46,0,46,98
02/21/2022,DPA,IL,AGL,CE,Towers with Radar,0,21,45,0,66,0,0,39,0,39,0,21,84,0,105,206,0,206,311
02/22/2022,DPA,IL,AGL,CE,Towers with Radar,0,29,37,0,66,0,0,0,0,0,0,29,37,0,66,0,0,0,66
02/23/2022,DPA,IL,AGL,CE,Towers with Radar,2,25,49,0,76,0,0,101,0,101,2,25,150,0,177,266,0,266,443
02/24/2022,DPA,IL,AGL,CE,Towers with Radar,3,15,25,0,43,0,0,14,0,14,3,15,39,0,57,92,0,92,149
02/25/2022,DPA,IL,AGL,CE,Towers with Radar,2,36,43,0,81,0,0,88,0,88,2,36,131,0,169,192,0,192,361
02/26/2022,DPA,IL,AGL,CE,Towers with Radar,1,18,27,0,46,0,0,146,0,146,1,18,173,0,192,180,0,180,372
02/27/2022,DPA,IL,AGL,CE,Towers with Radar,0,15,57,0,72,0,0,137,0,137,0,15,194,0,209,282,0,282,491
02/28/2022,DPA,IL,AGL,CE,Towers with Radar,0,17,39,0,56,0,0,114,0,114,0,17,153,0,170,70,0,70,240
03/01/2022,DPA,IL,AGL,CE,Towers with Radar,2,18,49,0,69,0,0,122,0,122,2,18,171,0,191,310,0,310,501
03/02/2022,DPA,IL,AGL,CE,Towers with Radar,0,19,36,1,56,0,0,115,1,116,0,19,151,2,172,142,0,142,314
03/03/2022,DPA,IL,AGL,CE,Towers with Radar,0,25,46,1,72,0,1,105,0,106,0,26,151,1,178,136,0,136,314
03/04/2022,DPA,IL,AGL,CE,Towers with Radar,0,23,60,0,83,0,0,116,0,116,0,23,176,0,199,78,0,78,277
03/05/2022,DPA,IL,AGL,CE,Towers with Radar,0,11,16,0,27,0,0,69,0,69,0,11,85,0,96,104,0,104,200
03/06/2022,DPA,IL,AGL,CE,Towers with Radar,0,15,30,0,45,0,1,21,0,22,0,16,51,0,67,82,0,82,149
03/07/2022,DPA,IL,AGL,CE,Towers with Radar,0,13,35,0,48,0,0,9,0,9,0,13,44,0,57,34,0,34,91
03/08/2022,DPA,IL,AGL,CE,Towers with Radar,0,18,53,0,71,0,0,142,0,142,0,18,195,0,213,230,0,230,443
03/09/2022,DPA,IL,AGL,CE,Towers with Radar,0,25,47,0,72,0,0,117,1,118,0,25,164,1,190,158,0,158,348
03/10/2022,DPA,IL,AGL,CE,Towers with Radar,0,25,34,0,59,0,0,60,0,60,0,25,94,0,119,176,0,176,295
03/11/2022,DPA,IL,AGL,CE,Towers with Radar,0,25,35,0,60,0,0,57,0,57,0,25,92,0,117,42,0,42,159
03/12/2022,DPA,IL,AGL,CE,Towers with Radar,0,17,26,0,43,0,0,99,0,99,0,17,125,0,142,84,0,84,226
03/13/2022,DPA,IL,AGL,CE,Towers with Radar,0,16,25,0,41,0,0,107,0,107,0,16,132,0,148,98,0,98,246
03/14/2022,DPA,IL,AGL,CE,Towers with Radar,0,22,35,0,57,0,0,110,2,112,0,22,145,2,169,94,0,94,263
03/15/2022,DPA,IL,AGL,CE,Towers with Radar,0,14,50,0,64,0,1,125,0,126,0,15,175,0,190,184,0,184,374
03/16/2022,DPA,IL,AGL,CE,Towers with Radar,0,19,70,1,90,0,0,105,1,106,0,19,175,2,196,180,12,192,388
03/17/2022,DPA,IL,AGL,CE,Towers with Radar,0,23,51,1,75,0,1,112,0,113,0,24,163,1,188,186,0,186,374
03/18/2022,DPA,IL,AGL,CE,Towers with Radar,0,29,41,0,70,0,0,18,0,18,0,29,59,0,88,38,0,38,126
03/19/2022,DPA,IL,AGL,CE,Towers with Radar,0,25,28,0,53,0,0,5,0,5,0,25,33,0,58,10,0,10,68
03/20/2022,DPA,IL,AGL,CE,Towers with Radar,0,17,50,0,67,0,0,163,0,163,0,17,213,0,230,292,0,292,522
03/21/2022,DPA,IL,AGL,CE,Towers with Radar,0,9,38,0,47,0,2,127,0,129,0,11,165,0,176,184,0,184,360
03/22/2022,DPA,IL,AGL,CE,Towers with Radar,0,17,40,0,57,0,0,16,0,16,0,17,56,0,73,26,0,26,99
03/23/2022,DPA,IL,AGL,CE,Towers with Radar,0,18,39,0,57,0,0,2,0,2,0,18,41,0,59,0,0,0,59
03/24/2022,DPA,IL,AGL,CE,Towers with Radar,0,20,47,0,67,0,0,0,0,0,0,20,47,0,67,0,0,0,67
03/25/2022,DPA,IL,AGL,CE,Towers with Radar,0,30,52,0,82,0,0,3,0,3,0,30,55,0,85,70,0,70,155
03/26/2022,DPA,IL,AGL,CE,Towers with Radar,0,32,40,0,72,0,0,63,0,63,0,32,103,0,135,92,0,92,227
03/27/2022,DPA,IL,AGL,CE,Towers with Radar,1,10,42,0,53,0,0,164,0,164,1,10,206,0,217,180,0,180,397
03/28/2022,DPA,IL,AGL,CE,Towers with Radar,0,18,38,0,56,0,0,130,1,131,0,18,168,1,187,232,0,232,419
03/29/2022,DPA,IL,AGL,CE,Towers with Radar,0,11,38,0,49,0,0,95,0,95,0,11,133,0,144,136,0,136,280
03/30/2022,DPA,IL,AGL,CE,Towers with Radar,0,14,36,0,50,0,0,4,0,4,0,14,40,0,54,2,0,2,56
03/31/2022,DPA,IL,AGL,CE,Towers with Radar,0,16,44,0,60,0,0,3,0,3,0,16,47,0,63,108,0,108,171
04/01/2022,DPA,IL,AGL,CE,Towers with Radar,0,19,61,1,81,0,0,145,0,145,0,19,206,1,226,198,0,198,424
04/02/2022,DPA,IL,AGL,CE,Towers with Radar,0,27,38,0,65,0,0,11,0,11,0,27,49,0,76,66,0,66,142
04/03/2022,DPA,IL,AGL,CE,Towers with Radar,0,28,102,0,130,0,1,110,0,111,0,29,212,0,241,260,0,260,501
04/04/2022,DPA,IL,AGL,CE,Towers with Radar,0,20,49,0,69,0,0,23,0,23,0,20,72,0,92,70,0,70,162
04/05/2022,DPA,IL,AGL,CE,Towers with Radar,0,15,48,2,65,0,1,76,0,77,0,16,124,2,142,186,0,186,328
04/06/2022,DPA,IL,AGL,CE,Towers with Radar,0,12,48,0,60,0,0,34,0,34,0,12,82,0,94,58,0,58,152
04/07/2022,DPA,IL,AGL,CE,Towers with Radar,2,16,51,0,69,0,0,22,0,22,2,16,73,0,91,60,0,60,151
04/08/2022,DPA,IL,AGL,CE,Towers with Radar,0,23,31,0,54,0,0,0,0,0,0,23,31,0,54,0,0,0,54
04/09/2022,DPA,IL,AGL,CE,Towers with Radar,0,17,44,0,61,0,0,145,0,145,0,17,189,0,206,142,0,142,348
04/10/2022,DPA,IL,AGL,CE,Towers with Radar,0,16,36,0,52,0,0,108,0,108,0,16,144,0,160,94,0,94,254
04/11/2022,DPA,IL,AGL,CE,Towers with Radar,0,12,65,0,77,0,0,146,1,147,0,12,211,1,224,124,0,124,348
04/12/2022,DPA,IL,AGL,CE,Towers with Radar,0,20,49,0,69,0,0,120,0,120,0,20,169,0,189,88,0,88,277
04/13/2022,DPA,IL,AGL,CE,Towers with Radar,0,14,34,0,48,0,0,4,0,4,0,14,38,0,52,14,0,14,66
04/14/2022,DPA,IL,AGL,CE,Towers with Radar,0,16,47,0,63,0,0,16,1,17,0,16,63,1,80,14,0,14,94
04/15/2022,DPA,IL,AGL,CE,Towers with Radar,0,15,56,1,72,0,0,118,1,119,0,15,174,2,191,140,0,140,331
04/16/2022,DPA,IL,AGL,CE,Towers with Radar,0,22,28,0,50,0,0,177,0,177,0,22,205,0,227,222,0,222,449
04/17/2022,DPA,IL,AGL,CE,Towers with Radar,0,6,36,0,42,0,0,108,0,108,0,6,144,0,150,184,0,184,334
04/18/2022,DPA,IL,AGL,CE,Towers with Radar,0,17,35,0,52,0,0,0,0,0,0,17,35,0,52,10,0,10,62
04/19/2022,DPA,IL,AGL,CE,Towers with Radar,0,26,47,0,73,0,0,145,0,145,0,26,192,0,218,332,0,332,550
04/20/2022,DPA,IL,AGL,CE,Towers with Radar,0,31,43,0,74,0,0,45,0,45,0,31,88,0,119,98,0,98,217
04/21/2022,DPA,IL,AGL,CE,Towers with Radar,0,30,75,0,105,0,0,152,0,152,0,30,227,0,257,216,0,216,473
04/22/2022,DPA,IL,AGL,CE,Towers with Radar,0,22,47,0,69,0,0,37,0,37,0,22,84,0,106,80,0,80,186
04/23/2022,DPA,IL,AGL,CE,Towers with Radar,0,22,25,0,47,0,0,69,0,69,0,22,94,0,116,44,0,44,160
04/24/2022,DPA,IL,AGL,CE,Towers with Radar,0,20,30,0,50,0,0,34,0,34,0,20,64,0,84,112,0,112,196
04/25/2022,DPA,IL,AGL,CE,Towers with Radar,0,11,43,0,54,0,0,101,0,101,0,11,144,0,155,90,0,90,245
04/26/2022,DPA,IL,AGL,CE,Towers with Radar,0,14,50,0,64,0,1,122,0,123,0,15,172,0,187,162,0,162,349
04/27/2022,DPA,IL,AGL,CE,Towers with Radar,0,22,62,2,86,0,0,133,2,135,0,22,195,4,221,190,0,190,411
04/28/2022,DPA,IL,AGL,CE,Towers with Radar,0,22,52,3,77,0,0,92,0,92,0,22,144,3,169,190,0,190,359
04/29/2022,DPA,IL,AGL,CE,Towers with Radar,0,14,49,0,63,0,0,125,2,127,0,14,174,2,190,122,0,122,312
04/30/2022,DPA,IL,AGL,CE,Towers with Radar,0,14,21,0,35,0,0,21,0,21,0,14,42,0,56,44,0,44,100
05/01/2022,DPA,IL,AGL,CE,Towers with Radar,0,16,59,0,75,0,0,39,0,39,0,16,98,0,114,298,0,298,412
05/02/2022,DPA,IL,AGL,CE,Towers with Radar,0,15,45,0,60,0,0,91,0,91,0,15,136,0,151,322,0,322,473
05/03/2022,DPA,IL,AGL,CE,Towers with Radar,0,13,38,0,51,0,0,0,0,0,0,13,38,0,51,0,0,0,51
05/04/2022,DPA,IL,AGL,CE,Towers with Radar,0,20,77,1,98,0,1,120,1,122,0,21,197,2,220,258,0,258,478
05/05/2022,DPA,IL,AGL,CE,Towers with Radar,0,26,63,0,89,0,0,73,0,73,0,26,136,0,162,210,0,210,372
05/06/2022,DPA,IL,AGL,CE,Towers with Radar,0,35,71,0,106,0,0,12,0,12,0,35,83,0,118,24,0,24,142
05/07/2022,DPA,IL,AGL,CE,Towers with Radar,0,26,37,0,63,0,0,207,0,207,0,26,244,0,270,162,0,162,432
05/08/2022,DPA,IL,AGL,CE,Towers with Radar,0,33,31,0,64,0,1,107,0,108,0,34,138,0,172,102,0,102,274
05/09/2022,DPA,IL,AGL,CE,Towers with Radar,0,14,46,1,61,0,1,28,2,31,0,15,74,3,92,78,0,78,170
05/10/2022,DPA,IL,AGL,CE,Towers with Radar,0,23,54,0,77,0,0,154,2,156,0,23,208,2,233,212,0,212,445
05/11/2022,DPA,IL,AGL,CE,Towers with Radar,0,21,89,2,112,0,0,44,5,49,0,21,133,7,161,90,0,90,251
05/12/2022,DPA,IL,AGL,CE,Towers with Radar,0,33,54,0,87,0,0,140,3,143,0,33,194,3,230,226,0,226,456
05/13/2022,DPA,IL,AGL,CE,Towers with Radar,0,32,48,0,80,0,1,160,0,161,0,33,208,0,241,315,0,315,556
05/14/2022,DPA,IL,AGL,CE,Towers with Radar,0,32,40,0,72,0,0,133,0,133,0,32,173,0,205,238,0,238,443
05/15/2022,DPA,IL,AGL,CE,Towers with Radar,0,24,42,0,66,0,0,97,0,97,0,24,139,0,163,288,0,288,451
05/16/2022,DPA,IL,AGL,CE,Towers with Radar,0,26,57,2,85,0,0,111,1,112,0,26,168,3,197,140,0,140,337
05/17/2022,DPA,IL,AGL,CE,Towers with Radar,0,26,67,2,95,0,0,124,6,130,0,26,191,8,225,244,0,244,469
05/18/2022,DPA,IL,AGL,CE,Towers with Radar,0,17,51,0,68,0,0,14,1,15,0,17,65,1,83,28,0,28,111
05/19/2022,DPA,IL,AGL,CE,Towers with Radar,0,13,67,0,80,0,1,104,0,105,0,14,171,0,185,228,0,228,413
05/20/2022,DPA,IL,AGL,CE,Towers with Radar,0,27,47,0,74,0,0,32,0,32,0,27,79,0,106,0,0,0,106
05/21/2022,DPA,IL,AGL,CE,Towers with Radar,0,16,29,0,45,0,0,48,0,48,0,16,77,0,93,92,0,92,185
05/22/2022,DPA,IL,AGL,CE,Towers with Radar,0,19,29,0,48,0,0,170,0,170,0,19,199,0,218,292,0,292,510
05/23/2022,DPA,IL,AGL,CE,Towers with Radar,0,16,51,1,68,0,0,173,1,174,0,16,224,2,242,242,0,242,484
05/24/2022,DPA,IL,AGL,CE,Towers with Radar,0,23,41,2,66,0,0,141,4,145,0,23,182,6,211,274,0,274,485
05/25/2022,DPA,IL,AGL,CE,Towers with Radar,0,26,52,0,78,0,0,2,1,3,0,26,54,1,81,42,0,42,123
05/26/2022,DPA,IL,AGL,CE,Towers with Radar,0,25,71,0,96,0,0,17,0,17,0,25,88,0,113,260,0,260,373
05/27/2022,DPA,IL,AGL,CE,Towers with Radar,0,22,79,0,101,0,0,37,0,37,0,22,116,0,138,190,0,190,328
05/28/2022,DPA,IL,AGL,CE,Towers with Radar,0,14,31,0,45,0,0,186,0,186,0,14,217,0,231,330,0,330,561
05/29/2022,DPA,IL,AGL,CE,Towers with Radar,0,12,24,0,36,0,0,80,0,80,0,12,104,0,116,132,0,132,248
05/30/2022,DPA,IL,AGL,CE,Towers with Radar,0,9,27,0,36,0,0,69,0,69,0,9,96,0,105,46,0,46,151
05/31/2022,DPA,IL,AGL,CE,Towers with Radar,0,19,64,0,83,0,0,93,1,94,0,19,157,1,177,196,0,196,373
06/01/2022,DPA,IL,AGL,CE,Towers with Radar,0,30,51,0,81,0,0,177,0,177,0,30,228,0,258,352,0,352,610
06/02/2022,DPA,IL,AGL,CE,Towers with Radar,0,33,46,0,79,0,0,158,0,158,0,33,204,0,237,352,0,352,589
06/03/2022,DPA,IL,AGL,CE,Towers with Radar,0,24,34,1,59,0,0,119,0,119,0,24,153,1,178,202,0,202,380
06/04/2022,DPA,IL,AGL,CE,Towers with Radar,0,13,45,1,59,0,0,159,0,159,0,13,204,1,218,232,0,232,450
06/05/2022,DPA,IL,AGL,CE,Towers with Radar,0,18,57,1,76,0,0,166,0,166,0,18,223,1,242,150,0,150,392
06/06/2022,DPA,IL,AGL,CE,Towers with Radar,0,17,46,0,63,0,0,30,0,30,0,17,76,0,93,102,0,102,195
06/07/2022,DPA,IL,AGL,CE,Towers with Radar,0,24,79,0,103,0,0,126,0,126,0,24,205,0,229,338,0,338,567
06/08/2022,DPA,IL,AGL,CE,Towers with Radar,0,27,62,0,89,0,0,29,0,29,0,27,91,0,118,76,0,76,194
06/09/2022,DPA,IL,AGL,CE,Towers with Radar,0,19,58,0,77,0,0,183,1,184,0,19,241,1,261,376,0,376,637
06/10/2022,DPA,IL,AGL,CE,Towers with Radar,0,29,50,0,79,0,0,115,0,115,0,29,165,0,194,264,0,264,458
06/11/2022,DPA,IL,AGL,CE,Towers with Radar,0,14,40,0,54,0,0,118,0,118,0,14,158,0,172,260,0,260,432
06/12/2022,DPA,IL,AGL,CE,Towers with Radar,0,25,62,0,87,0,0,106,0,106,0,25,168,0,193,276,0,276,469
06/13/2022,DPA,IL,AGL,CE,Towers with Radar,0,18,47,0,65,0,0,89,0,89,0,18,136,0,154,228,0,228,382
06/14/2022,DPA,IL,AGL,CE,Towers with Radar,0,30,51,0,81,0,0,151,0,151,0,30,202,0,232,204,0,204,436
06/15/2022,DPA,IL,AGL,CE,Towers with Radar,0,25,43,0,68,0,0,101,0,101,0,25,144,0,169,156,0,156,325
06/16/2022,DPA,IL,AGL,CE,Towers with Radar,0,27,45,2,74,0,1,89,1,91,0,28,134,3,165,100,0,100,265
06/17/2022,DPA,IL,AGL,CE,Towers with Radar,0,30,45,0,75,0,0,150,0,150,0,30,195,0,225,250,0,250,475
06/18/2022,DPA,IL,AGL,CE,Towers with Radar,0,12,31,0,43,0,0,181,0,181,0,12,212,0,224,236,0,236,460
06/19/2022,DPA,IL,AGL,CE,Towers with Radar,0,20,40,0,60,0,0,150,0,150,0,20,190,0,210,264,0,264,474
06/20/2022,DPA,IL,AGL,CE,Towers with Radar,0,26,54,0,80,0,0,125,0,125,0,26,179,0,205,224,0,224,429
06/21/2022,DPA,IL,AGL,CE,Towers with Radar,0,19,40,0,59,0,0,109,0,109,0,19,149,0,168,316,0,316,484
06/22/2022,DPA,IL,AGL,CE,Towers with Radar,0,23,60,0,83,0,0,204,0,204,0,23,264,0,287,226,0,226,513
06/23/2022,DPA,IL,AGL,CE,Towers with Radar,0,19,71,0,90,0,0,153,0,153,0,19,224,0,243,212,0,212,455
06/24/2022,DPA,IL,AGL,CE,Towers with Radar,0,19,69,0,88,0,0,160,0,160,0,19,229,0,248,196,0,196,444
06/25/2022,DPA,IL,AGL,CE,Towers with Radar,0,19,37,0,56,0,0,51,0,51,0,19,88,0,107,36,0,36,143
06/26/2022,DPA,IL,AGL,CE,Towers with Radar,0,15,61,0,76,0,0,169,0,169,0,15,230,0,245,142,0,142,387
06/27/2022,DPA,IL,AGL,CE,Towers with Radar,0,25,61,1,87,0,0,155,0,155,0,25,216,1,242,182,0,182,424
06/28/2022,DPA,IL,AGL,CE,Towers with Radar,0,11,56,2,69,0,0,169,3,172,0,11,225,5,241,328,0,328,569
06/29/2022,DPA,IL,AGL,CE,Towers with Radar,0,31,59,0,90,0,0,165,0,165,0,31,224,0,255,252,0,252,507
06/30/2022,DPA,IL,AGL,CE,Towers with Radar,0,31,57,1,89,0,0,144,3,147,0,31,201,4,236,246,0,246,482
07/01/2022,DPA,IL,AGL,CE,Towers with Radar,0,16,53,0,69,0,1,122,0,123,0,17,175,0,192,272,0,272,464
07/02/2022,DPA,IL,AGL,CE,Towers with Radar,0,15,38,0,53,0,0,174,0,174,0,15,212,0,227,194,0,194,421
07/03/2022,DPA,IL,AGL,CE,Towers with Radar,0,8,21,0,29,0,0,139,0,139,0,8,160,0,168,193,0,193,361
07/04/2022,DPA,IL,AGL,CE,Towers with Radar,0,2,23,0,25,0,1,36,0,37,0,3,59,0,62,94,0,94,156
07/05/2022,DPA,IL,AGL,CE,Towers with Radar,0,21,44,0,65,0,0,92,1,93,0,21,136,1,158,256,0,256,414
07/06/2022,DPA,IL,AGL,CE,Towers with Radar,0,30,62,0,92,0,0,44,0,44,0,30,106,0,136,188,0,188,324
07/07/2022,DPA,IL,AGL,CE,Towers with Radar,0,21,56,1,78,0,0,101,1,102,0,21,157,2,180,364,0,364,544
07/08/2022,DPA,IL,AGL,CE,Towers with Radar,0,20,52,0,72,0,0,37,0,37,0,20,89,0,109,246,0,246,355
07/09/2022,DPA,IL,AGL,CE,Towers with Radar,0,16,23,0,39,0,0,185,0,185,0,16,208,0,224,170,0,170,394
07/10/2022,DPA,IL,AGL,CE,Towers with Radar,0,17,40,0,57,0,0,172,0,172,0,17,212,0,229,276,0,276,505
07/11/2022,DPA,IL,AGL,CE,Towers with Radar,0,14,57,0,71,0,0,78,0,78,0,14,135,0,149,186,0,186,335
07/12/2022,DPA,IL,AGL,CE,Towers with Radar,1,20,51,0,72,0,1,166,0,167,1,21,217,0,239,190,0,190,429
07/13/2022,DPA,IL,AGL,CE,Towers with Radar,0,29,56,0,85,0,0,148,2,150,0,29,204,2,235,274,0,274,509
07/14/2022,DPA,IL,AGL,CE,Towers with Radar,0,17,70,3,90,0,0,180,0,180,0,17,250,3,270,339,0,339,609
07/15/2022,DPA,IL,AGL,CE,Towers with Radar,0,26,39,0,65,0,0,11,0,11,0,26,50,0,76,113,0,113,189
07/16/2022,DPA,IL,AGL,CE,Towers with Radar,0,22,56,0,78,0,0,38,0,38,0,22,94,0,116,218,0,218,334
07/17/2022,DPA,IL,AGL,CE,Towers with Radar,0,21,43,0,64,0,0,68,0,68,0,21,111,0,132,224,0,224,356
07/18/2022,DPA,IL,AGL,CE,Towers with Radar,0,28,69,0,97,0,0,173,0,173,0,28,242,0,270,220,0,220,490
07/19/2022,DPA,IL,AGL,CE,Towers with Radar,0,20,47,1,68,0,0,174,2,176,0,20,221,3,244,256,0,256,500
07/20/2022,DPA,IL,AGL,CE,Towers with Radar,0,26,45,0,71,0,0,115,0,115,0,26,160,0,186,118,0,118,304
07/21/2022,DPA,IL,AGL,CE,Towers with Radar,0,32,52,1,85,0,1,144,2,147,0,33,196,3,232,272,0,272,504
07/22/2022,DPA,IL,AGL,CE,Towers with Radar,0,19,34,0,53,0,0,177,1,178,0,19,211,1,231,426,0,426,657
07/23/2022,DPA,IL,AGL,CE,Towers with Radar,0,16,34,0,50,0,0,71,0,71,0,16,105,0,121,78,0,78,199
07/24/2022,DPA,IL,AGL,CE,Towers with Radar,0,16,65,0,81,0,0,67,0,67,0,16,132,0,148,124,0,124,272
07/25/2022,DPA,IL,AGL,CE,Towers with Radar,0,21,46,0,67,0,0,140,0,140,0,21,186,0,207,204,0,204,411
07/26/2022,DPA,IL,AGL,CE,Towers with Radar,1,22,57,2,82,0,0,127,2,129,1,22,184,4,211,228,0,228,439
07/27/2022,DPA,IL,AGL,CE,Towers with Radar,0,34,60,0,94,0,0,86,0,86,0,34,146,0,180,178,0,178,358
07/28/2022,DPA,IL,AGL,CE,Towers with Radar,0,30,51,0,81,0,0,133,0,133,0,30,184,0,214,166,0,166,380
07/29/2022,DPA,IL,AGL,CE,Towers with Radar,0,28,48,0,76,0,0,138,0,138,0,28,186,0,214,350,0,350,564
07/30/2022,DPA,IL,AGL,CE,Towers with Radar,0,16,34,0,50,0,0,147,0,147,0,16,181,0,197,322,0,322,519
07/31/2022,DPA,IL,AGL,CE,Towers with Radar,0,16,47,0,63,0,0,117,0,117,0,16,164,0,180,208,0,208,388
08/01/2022,DPA,IL,AGL,CE,Towers with Radar,0,13,46,0,59,0,0,131,1,132,0,13,177,1,191,168,0,168,359
08/02/2022,DPA,IL,AGL,CE,Towers with Radar,0,17,49,1,67,0,0,150,1,151,0,17,199,2,218,288,0,288,506
08/03/2022,DPA,IL,AGL,CE,Towers with Radar,0,22,42,0,64,0,0,55,0,55,0,22,97,0,119,132,0,132,251
08/04/2022,DPA,IL,AGL,CE,Towers with Radar,0,29,61,0,90,0,0,53,0,53,0,29,114,0,143,208,0,208,351
08/05/2022,DPA,IL,AGL,CE,Towers with Radar,0,19,55,0,74,0,0,135,1,136,0,19,190,1,210,296,0,296,506
08/06/2022,DPA,IL,AGL,CE,Towers with Radar,0,16,32,0,48,0,1,132,0,133,0,17,164,0,181,194,0,194,375
08/07/2022,DPA,IL,AGL,CE,Towers with Radar,0,20,41,0,61,0,0,13,0,13,0,20,54,0,74,50,0,50,124
08/08/2022,DPA,IL,AGL,CE,Towers with Radar,0,16,60,0,76,0,0,8,0,8,0,16,68,0,84,6,0,6,90
08/09/2022,DPA,IL,AGL,CE,Towers with Radar,0,19,74,1,94,0,0,158,1,159,0,19,232,2,253,370,0,370,623
08/10/2022,DPA,IL,AGL,CE,Towers with Radar,0,18,52,0,70,0,0,192,0,192,0,18,244,0,262,256,0,256,518
08/11/2022,DPA,IL,AGL,CE,Towers with Radar,0,24,50,0,74,0,0,150,0,150,0,24,200,0,224,320,0,320,544
08/12/2022,DPA,IL,AGL,CE,Towers with Radar,0,24,46,1,71,0,0,127,2,129,0,24,173,3,200,222,0,222,422
08/13/2022,DPA,IL,AGL,CE,Towers with Radar,0,16,30,1,47,0,0,130,0,130,0,16,160,1,177,174,0,174,351
08/14/2022,DPA,IL,AGL,CE,Towers with Radar,0,10,63,3,76,0,0,17,0,17,0,10,80,3,93,188,0,188,281
08/15/2022,DPA,IL,AGL,CE,Towers with Radar,0,28,66,0,94,0,0,101,0,101,0,28,167,0,195,212,0,212,407
08/16/2022,DPA,IL,AGL,CE,Towers with Radar,0,31,57,2,90,0,0,122,1,123,0,31,179,3,213,126,0,126,339
08/17/2022,DPA,IL,AGL,CE,Towers with Radar,0,21,60,0,81,0,1,186,0,187,0,22,246,0,268,196,0,196,464
08/18/2022,DPA,IL,AGL,CE,Towers with Radar,0,23,58,3,84,0,0,154,1,155,0,23,212,4,239,220,0,220,459
08/19/2022,DPA,IL,AGL,CE,Towers with Radar,0,30,40,2,72,0,0,137,0,137,0,30,177,2,209,236,0,236,445
08/20/2022,DPA,IL,AGL,CE,Towers with Radar,0,19,20,0,39,0,0,10,0,10,0,19,30,0,49,68,0,68,117
08/21/2022,DPA,IL,AGL,CE,Towers with Radar,0,24,57,0,81,0,0,66,0,66,0,24,123,0,147,252,0,252,399
08/22/2022,DPA,IL,AGL,CE,Towers with Radar,0,22,57,0,79,0,1,127,0,128,0,23,184,0,207,362,0,362,569
08/23/2022,DPA,IL,AGL,CE,Towers with Radar,0,28,63,0,91,0,0,133,1,134,0,28,196,1,225,280,0,280,505
08/24/2022,DPA,IL,AGL,CE,Towers with Radar,0,14,76,1,91,0,0,147,0,147,0,14,223,1,238,200,0,200,438
08/25/2022,DPA,IL,AGL,CE,Towers with Radar,0,20,85,0,105,0,0,37,0,37,0,20,122,0,142,144,0,144,286
08/26/2022,DPA,IL,AGL,CE,Towers with Radar,0,27,90,0,117,0,0,131,0,131,0,27,221,0,248,288,0,288,536
08/27/2022,DPA,IL,AGL,CE,Towers with Radar,0,19,20,0,39,0,0,210,0,210,0,19,230,0,249,234,0,234,483
08/28/2022,DPA,IL,AGL,CE,Towers with Radar,0,14,47,0,61,0,0,90,0,90,0,14,137,0,151,98,0,98,249
08/29/2022,DPA,IL,AGL,CE,Towers with Radar,0,14,65,0,79,0,0,57,0,57,0,14,122,0,136,156,0,156,292
08/30/2022,DPA,IL,AGL,CE,Towers with Radar,2,25,45,0,72,0,0,163,3,166,2,25,208,3,238,194,0,194,432
08/31/2022,DPA,IL,AGL,CE,Towers with Radar,0,22,46,1,69,0,0,194,2,196,0,22,240,3,265,266,0,266,531
09/01/2022,DPA,IL,AGL,CE,Towers with Radar,0,30,63,1,94,0,0,146,3,149,0,30,209,4,243,246,0,246,489
09/02/2022,DPA,IL,AGL,CE,Towers with Radar,0,22,52,1,75,0,0,163,1,164,0,22,215,2,239,216,0,216,455
09/03/2022,DPA,IL,AGL,CE,Towers with Radar,0,12,34,0,46,0,0,100,0,100,0,12,134,0,146,162,0,162,308
09/04/2022,DPA,IL,AGL,CE,Towers with Radar,0,8,58,0,66,0,0,5,0,5,0,8,63,0,71,56,0,56,127
09/05/2022,DPA,IL,AGL,CE,Towers with Radar,0,21,78,0,99,0,0,36,0,36,0,21,114,0,135,170,0,170,305
09/06/2022,DPA,IL,AGL,CE,Towers with Radar,0,26,48,0,74,0,0,107,0,107,0,26,155,0,181,236,0,236,417
09/07/2022,DPA,IL,AGL,CE,Towers with Radar,0,17,68,0,85,0,2,146,4,152,0,19,214,4,237,282,0,282,519
09/08/2022,DPA,IL,AGL,CE,Towers with Radar,0,18,37,1,56,0,0,163,1,164,0,18,200,2,220,182,0,182,402
09/09/2022,DPA,IL,AGL,CE,Towers with Radar,0,22,56,0,78,0,0,169,0,169,0,22,225,0,247,158,0,158,405
09/10/2022,DPA,IL,AGL,CE,Towers with Radar,0,18,45,0,63,0,0,197,0,197,0,18,242,0,260,232,0,232,492
09/11/2022,DPA,IL,AGL,CE,Towers with Radar,0,20,50,0,70,0,0,0,0,0,0,20,50,0,70,0,0,0,70
09/12/2022,DPA,IL,AGL,CE,Towers with Radar,0,21,64,0,85,0,0,14,0,14,0,21,78,0,99,80,0,80,179
09/13/2022,DPA,IL,AGL,CE,Towers with Radar,0,18,78,0,96,0,0,134,1,135,0,18,212,1,231,188,0,188,419
09/14/2022,DPA,IL,AGL,CE,Towers with Radar,0,23,68,0,91,0,0,180,0,180,0,23,248,0,271,206,0,206,477
09/15/2022,DPA,IL,AGL,CE,Towers with Radar,0,24,68,2,94,0,0,157,0,157,0,24,225,2,251,286,0,286,537
09/16/2022,DPA,IL,AGL,CE,Towers with Radar,0,24,57,0,81,0,0,181,0,181,0,24,238,0,262,188,0,188,450
09/17/2022,DPA,IL,AGL,CE,Towers with Radar,0,19,41,0,60,0,0,152,0,152,0,19,193,0,212,152,0,152,364
09/18/2022,DPA,IL,AGL,CE,Towers with Radar,2,23,54,0,79,0,0,132,0,132,2,23,186,0,211,188,0,188,399
09/19/2022,DPA,IL,AGL,CE,Towers with Radar,0,16,43,1,60,0,0,140,1,141,0,16,183,2,201,190,0,190,391
09/20/2022,DPA,IL,AGL,CE,Towers with Radar,0,20,39,1,60,0,1,109,1,111,0,21,148,2,171,94,0,94,265
09/21/2022,DPA,IL,AGL,CE,Towers with Radar,0,17,67,1,85,0,0,128,1,129,0,17,195,2,214,248,0,248,462
09/22/2022,DPA,IL,AGL,CE,Towers with Radar,0,20,45,0,65,0,0,157,1,158,0,20,202,1,223,160,0,160,383
09/23/2022,DPA,IL,AGL,CE,Towers with Radar,0,22,68,0,90,0,0,155,1,156,0,22,223,1,246,250,0,250,496
09/24/2022,DPA,IL,AGL,CE,Towers with Radar,0,13,42,0,55,0,0,117,0,117,0,13,159,0,172,374,0,374,546
09/25/2022,DPA,IL,AGL,CE,Towers with Radar,0,25,29,0,54,0,0,71,0,71,0,25,100,0,125,146,0,146,271
09/26/2022,DPA,IL,AGL,CE,Towers with Radar,0,23,46,0,69,0,0,87,0,87,0,23,133,0,156,122,0,122,278
09/27/2022,DPA,IL,AGL,CE,Towers with Radar,0,23,45,0,68,0,0,108,0,108,0,23,153,0,176,184,0,184,360
09/28/2022,DPA,IL,AGL,CE,Towers with Radar,0,23,54,1,78,0,0,130,1,131,0,23,184,2,209,286,0,286,495
09/29/2022,DPA,IL,AGL,CE,Towers with Radar,0,25,49,0,74,0,0,168,1,169,0,25,217,1,243,248,0,248,491
09/30/2022,DPA,IL,AGL,CE,Towers with Radar,0,18,61,0,79,0,1,179,1,181,0,19,240,1,260,410,0,410,670
10/01/2022,DPA,IL,AGL,CE,Towers with Radar,0,19,42,0,61,0,0,143,0,143,0,19,185,0,204,218,0,218,422
10/02/2022,DPA,IL,AGL,CE,Towers with Radar,0,14,62,0,76,0,0,102,0,102,0,14,164,0,178,284,0,284,462
10/03/2022,DPA,IL,AGL,CE,Towers with Radar,0,19,48,0,67,0,0,140,0,140,0,19,188,0,207,192,0,192,399
10/04/2022,DPA,IL,AGL,CE,Towers with Radar,0,17,46,0,63,0,0,178,0,178,0,17,224,0,241,270,0,270,511
10/05/2022,DPA,IL,AGL,CE,Towers with Radar,0,23,70,0,93,0,2,157,0,159,0,25,227,0,252,256,0,256,508
10/06/2022,DPA,IL,AGL,CE,Towers with Radar,0,26,66,0,92,0,0,92,1,93,0,26,158,1,185,186,0,186,371
10/07/2022,DPA,IL,AGL,CE,Towers with Radar,0,20,45,0,65,0,0,138,0,138,0,20,183,0,203,322,0,322,525
10/08/2022,DPA,IL,AGL,CE,Towers with Radar,0,19,36,6,61,0,0,144,0,144,0,19,180,6,205,152,0,152,357
10/09/2022,DPA,IL,AGL,CE,Towers with Radar,0,27,54,0,81,0,0,161,0,161,0,27,215,0,242,258,0,258,500
10/10/2022,DPA,IL,AGL,CE,Towers with Radar,0,15,46,0,61,0,0,179,0,179,0,15,225,0,240,252,0,252,492
10/11/2022,DPA,IL,AGL,CE,Towers with Radar,0,9,47,0,56,0,0,38,0,38,0,9,85,0,94,166,0,166,260
10/12/2022,DPA,IL,AGL,CE,Towers with Radar,0,15,56,0,71,0,0,45,0,45,0,15,101,0,116,160,0,160,276
10/13/2022,DPA,IL,AGL,CE,Towers with Radar,0,21,50,0,71,0,0,102,0,102,0,21,152,0,173,150,0,150,323
10/14/2022,DPA,IL,AGL,CE,Towers with Radar,2,22,69,0,93,0,0,122,0,122,2,22,191,0,215,204,0,204,419
10/15/2022,DPA,IL,AGL,CE,Towers with Radar,0,9,25,0,34,0,0,129,0,129,0,9,154,0,163,192,0,192,355
10/16/2022,DPA,IL,AGL,CE,Towers with Radar,0,20,71,0,91,0,0,147,0,147,0,20,218,0,238,198,0,198,436
10/17/2022,DPA,IL,AGL,CE,Towers with Radar,0,18,32,0,50,0,0,17,0,17,0,18,49,0,67,26,0,26,93
10/18/2022,DPA,IL,AGL,CE,Towers with Radar,0,14,48,0,62,0,0,47,0,47,0,14,95,0,109,76,0,76,185
10/19/2022,DPA,IL,AGL,CE,Towers with Radar,0,24,60,2,86,0,0,119,2,121,0,24,179,4,207,218,0,218,425
10/20/2022,DPA,IL,AGL,CE,Towers with Radar,0,26,42,1,69,0,0,131,1,132,0,26,173,2,201,176,0,176,377
10/21/2022,DPA,IL,AGL,CE,Towers with Radar,0,27,36,0,63,0,0,108,0,108,0,27,144,0,171,262,0,262,433
10/22/2022,DPA,IL,AGL,CE,Towers with Radar,0,18,39,0,57,0,0,137,1,138,0,18,176,1,195,240,0,240,435
10/23/2022,DPA,IL,AGL,CE,Towers with Radar,0,20,38,0,58,0,0,86,0,86,0,20,124,0,144,70,0,70,214
10/24/2022,DPA,IL,AGL,CE,Towers with Radar,0,26,43,1,70,0,0,55,2,57,0,26,98,3,127,88,0,88,215
10/25/2022,DPA,IL,AGL,CE,Towers with Radar,0,21,31,0,52,0,0,1,0,1,0,21,32,0,53,0,0,0,53
10/26/2022,DPA,IL,AGL,CE,Towers with Radar,0,15,51,0,66,0,0,115,1,116,0,15,166,1,182,172,0,172,354
10/27/2022,DPA,IL,AGL,CE,Towers with Radar,0,24,50,0,74,0,0,137,0,137,0,24,187,0,211,204,0,204,415
10/28/2022,DPA,IL,AGL,CE,Towers with Radar,0,22,53,0,75,0,0,153,1,154,0,22,206,1,229,288,0,288,517
10/29/2022,DPA,IL,AGL,CE,Towers with Radar,0,15,41,0,56,0,0,185,0,185,0,15,226,0,241,336,0,336,577
10/30/2022,DPA,IL,AGL,CE,Towers with Radar,0,14,47,0,61,0,0,130,0,130,0,14,177,0,191,220,0,220,411
10/31/2022,DPA,IL,AGL,CE,Towers with Radar,0,9,38,0,47,0,0,9,0,9,0,9,47,0,56,0,0,0,56
11/01/2022,DPA,IL,AGL,CE,Towers with Radar,0,19,41,0,60,0,0,123,0,123,0,19,164,0,183,164,0,164,347
11/02/2022,DPA,IL,AGL,CE,Towers with Radar,0,14,54,0,68,0,1,129,0,130,0,15,183,0,198,162,0,162,360
11/03/2022,DPA,IL,AGL,CE,Towers with Radar,0,25,55,0,80,0,0,89,0,89,0,25,144,0,169,104,0,104,273
11/04/2022,DPA,IL,AGL,CE,Towers with Radar,0,23,44,0,67,0,1,50,0,51,0,24,94,0,118,160,0,160,278
11/05/2022,DPA,IL,AGL,CE,Towers with Radar,0,24,20,2,46,0,0,1,1,2,0,24,21,3,48,0,0,0,48
11/06/2022,DPA,IL,AGL,CE,Towers with Radar,0,17,58,0,75,0,0,110,0,110,0,17,168,0,185,166,0,166,351
11/07/2022,DPA,IL,AGL,CE,Towers with Radar,1,13,37,0,51,0,0,126,0,126,1,13,163,0,177,216,0,216,393
11/08/2022,DPA,IL,AGL,CE,Towers with Radar,0,14,43,3,60,0,0,136,1,137,0,14,179,4,197,226,0,226,423
11/09/2022,DPA,IL,AGL,CE,Towers with Radar,0,22,53,0,75,0,0,107,0,107,0,22,160,0,182,200,0,200,382
11/10/2022,DPA,IL,AGL,CE,Towers with Radar,0,16,61,0,77,0,0,122,0,122,0,16,183,0,199,118,0,118,317
11/11/2022,DPA,IL,AGL,CE,Towers with Radar,0,18,41,0,59,0,0,79,0,79,0,18,120,0,138,194,0,194,332
11/12/2022,DPA,IL,AGL,CE,Towers with Radar,0,17,23,0,40,0,1,36,0,37,0,18,59,0,77,194,0,194,271
11/13/2022,DPA,IL,AGL,CE,Towers with Radar,0,10,52,0,62,0,0,158,0,158,0,10,210,0,220,164,0,164,384
11/14/2022,DPA,IL,AGL,CE,Towers with Radar,0,16,46,0,62,0,0,116,0,116,0,16,162,0,178,168,0,168,346
11/15/2022,DPA,IL,AGL,CE,Towers with Radar,0,12,35,0,47,0,0,0,0,0,0,12,35,0,47,0,0,0,47
11/16/2022,DPA,IL,AGL,CE,Towers with Radar,0,21,41,0,62,0,0,0,0,0,0,21,41,0,62,0,0,0,62
11/17/2022,DPA,IL,AGL,CE,Towers with Radar,0,20,41,0,61,0,0,20,0,20,0,20,61,0,81,70,0,70,151
11/18/2022,DPA,IL,AGL,CE,Towers with Radar,0,29,45,0,74,0,0,13,0,13,0,29,58,0,87,72,0,72,159
11/19/2022,DPA,IL,AGL,CE,Towers with Radar,0,20,33,0,53,0,0,19,0,19,0,20,52,0,72,78,0,78,150
11/20/2022,DPA,IL,AGL,CE,Towers with Radar,0,15,37,0,52,0,0,125,0,125,0,15,162,0,177,320,0,320,497
11/21/2022,DPA,IL,AGL,CE,Towers with Radar,1,18,35,1,55,0,1,112,0,113,1,19,147,1,168,224,0,224,392
11/22/2022,DPA,IL,AGL,CE,Towers with Radar,1,22,57,0,80,0,0,142,1,143,1,22,199,1,223,208,0,208,431
11/23/2022,DPA,IL,AGL,CE,Towers with Radar,0,21,43,0,64,0,0,149,1,150,0,21,192,1,214,264,0,264,478
11/24/2022,DPA,IL,AGL,CE,Towers with Radar,0,11,12,0,23,0,0,17,0,17,0,11,29,0,40,22,0,22,62
11/25/2022,DPA,IL,AGL,CE,Towers with Radar,0,16,38,0,54,0,0,128,0,128,0,16,166,0,182,202,0,202,384
11/26/2022,DPA,IL,AGL,CE,Towers with Radar,0,23,41,0,64,0,0,142,0,142,0,23,183,0,206,212,0,212,418
11/27/2022,DPA,IL,AGL,CE,Towers with Radar,0,23,61,0,84,0,0,2,0,2,0,23,63,0,86,0,0,0,86
11/28/2022,DPA,IL,AGL,CE,Towers with Radar,0,12,33,0,45,0,0,110,0,110,0,12,143,0,155,324,0,324,479
11/29/2022,DPA,IL,AGL,CE,Towers with Radar,0,24,38,0,62,0,0,12,0,12,0,24,50,0,74,4,0,4,78
11/30/2022,DPA,IL,AGL,CE,Towers with Radar,0,20,29,0,49,0,1,19,0,20,0,21,48,0,69,38,0,38,107
12/01/2022,DPA,IL,AGL,CE,Towers with Radar,0,13,52,0,65,0,0,141,1,142,0,13,193,1,207,242,0,242,449
12/02/2022,DPA,IL,AGL,CE,Towers with Radar,0,18,35,0,53,0,0,28,0,28,0,18,63,0,81,80,0,80,161
12/03/2022,DPA,IL,AGL,CE,Towers with Radar,0,13,34,0,47,0,0,114,0,114,0,13,148,0,161,154,0,154,315
12/04/2022,DPA,IL,AGL,CE,Towers with Radar,0,21,39,0,60,0,0,125,0,125,0,21,164,0,185,314,0,314,499
12/05/2022,DPA,IL,AGL,CE,Towers with Radar,0,13,47,0,60,0,0,79,1,80,0,13,126,1,140,282,0,282,422
12/06/2022,DPA,IL,AGL,CE,Towers with Radar,0,22,44,0,66,0,0,21,0,21,0,22,65,0,87,142,0,142,229
12/07/2022,DPA,IL,AGL,CE,Towers with Radar,0,14,61,0,75,0,0,6,0,6,0,14,67,0,81,30,0,30,111
12/08/2022,DPA,IL,AGL,CE,Towers with Radar,0,21,42,0,63,0,0,89,0,89,0,21,131,0,152,256,0,256,408
12/09/2022,DPA,IL,AGL,CE,Towers with Radar,0,29,37,0,66,0,0,0,0,0,0,29,37,0,66,0,0,0,66
12/10/2022,DPA,IL,AGL,CE,Towers with Radar,0,21,12,0,33,0,0,0,0,0,0,21,12,0,33,0,0,0,33
12/11/2022,DPA,IL,AGL,CE,Towers with Radar,1,13,26,0,40,0,0,48,0,48,1,13,74,0,88,264,0,264,352
12/12/2022,DPA,IL,AGL,CE,Towers with Radar,1,14,42,0,57,0,0,70,0,70,1,14,112,0,127,330,0,330,457
12/13/2022,DPA,IL,AGL,CE,Towers with Radar,0,16,41,0,57,0,0,70,0,70,0,16,111,0,127,220,0,220,347
12/14/2022,DPA,IL,AGL,CE,Towers with Radar,0,18,44,0,62,0,0,0,0,0,0,18,44,0,62,0,0,0,62
12/15/2022,DPA,IL,AGL,CE,Towers with Radar,0,24,39,0,63,0,0,12,0,12,0,24,51,0,75,136,0,136,211
12/16/2022,DPA,IL,AGL,CE,Towers with Radar,0,18,28,0,46,0,0,0,0,0,0,18,28,0,46,0,0,0,46
12/17/2022,DPA,IL,AGL,CE,Towers with Radar,0,19,22,0,41,0,0,16,1,17,0,19,38,1,58,2,0,2,60
12/18/2022,DPA,IL,AGL,CE,Towers with Radar,0,21,36,0,57,0,0,86,0,86,0,21,122,0,143,196,0,196,339
12/19/2022,DPA,IL,AGL,CE,Towers with Radar,0,17,44,1,62,0,0,160,1,161,0,17,204,2,223,262,0,262,485
12/20/2022,DPA,IL,AGL,CE,Towers with Radar,0,14,50,0,64,0,0,69,0,69,0,14,119,0,133,224,0,224,357
12/21/2022,DPA,IL,AGL,CE,Towers with Radar,0,22,55,0,77,0,0,49,0,49,0,22,104,0,126,178,0,178,304
12/22/2022,DPA,IL,AGL,CE,Towers with Radar,0,20,13,0,33,0,0,1,0,1,0,20,14,0,34,0,0,0,34
12/23/2022,DPA,IL,AGL,CE,Towers with Radar,0,13,12,0,25,0,0,0,0,0,0,13,12,0,25,0,0,0,25
12/24/2022,DPA,IL,AGL,CE,Towers with Radar,0,18,8,0,26,0,0,4,0,4,0,18,12,0,30,2,0,2,32
12/25/2022,DPA,IL,AGL,CE,Towers with Radar,0,7,6,0,13,0,0,7,0,7,0,7,13,0,20,0,0,0,20
12/26/2022,DPA,IL,AGL,CE,Towers with Radar,0,24,49,0,73,0,0,28,0,28,0,24,77,0,101,106,0,106,207
12/27/2022,DPA,IL,AGL,CE,Towers with Radar,0,35,53,0,88,0,0,109,0,109,0,35,162,0,197,190,0,190,387
12/28/2022,DPA,IL,AGL,CE,Towers with Radar,0,24,49,0,73,0,0,71,0,71,0,24,120,0,144,64,0,64,208
12/29/2022,DPA,IL,AGL,CE,Towers with Radar,0,25,43,0,68,0,0,8,0,8,0,25,51,0,76,10,0,10,86
12/30/2022,DPA,IL,AGL,CE,Towers with Radar,0,24,41,0,65,0,0,14,0,14,0,24,55,0,79,62,0,62,141
12/31/2022,DPA,IL,AGL,CE,Towers with Radar,0,18,20,0,38,0,0,109,0,109,0,18,129,0,147,232,0,232,379
01/01/2023,DPA,IL,AGL,CE,Towers with Radar,0,15,24,0,39,0,0,2,0,2,0,15,26,0,41,0,0,0,41
01/02/2023,DPA,IL,AGL,CE,Towers with Radar,0,15,49,0,64,0,0,60,0,60,0,15,109,0,124,200,0,200,324
01/03/2023,DPA,IL,AGL,CE,Towers with Radar,0,25,28,0,53,0,0,0,0,0,0,25,28,0,53,0,0,0,53
01/04/2023,DPA,IL,AGL,CE,Towers with Radar,0,19,37,0,56,0,0,7,0,7,0,19,44,0,63,120,0,120,183
01/05/2023,DPA,IL,AGL,CE,Towers with Radar,0,22,21,0,43,0,0,2,0,2,0,22,23,0,45,0,0,0,45
01/06/2023,DPA,IL,AGL,CE,Towers with Radar,0,21,24,2,47,0,0,15,0,15,0,21,39,2,62,70,0,70,132
01/07/2023,DPA,IL,AGL,CE,Towers with Radar,0,18,42,0,60,0,0,3,0,3,0,18,45,0,63,58,0,58,121
01/08/2023,DPA,IL,AGL,CE,Towers with Radar,0,20,35,0,55,0,0,25,0,25,0,20,60,0,80,370,0,370,450
01/09/2023,DPA,IL,AGL,CE,Towers with Radar,0,10,57,3,70,0,0,167,1,168,0,10,224,4,238,282,0,282,520
01/10/2023,DPA,IL,AGL,CE,Towers with Radar,0,26,51,1,78,0,0,119,0,119,0,26,170,1,197,280,0,280,477
01/11/2023,DPA,IL,AGL,CE,Towers with Radar,0,16,41,0,57,0,0,100,0,100,0,16,141,0,157,366,0,366,523
01/12/2023,DPA,IL,AGL,CE,Towers with Radar,0,18,28,0,46,0,0,1,0,1,0,18,29,0,47,90,0,90,137
01/13/2023,DPA,IL,AGL,CE,Towers with Radar,0,25,29,0,54,0,0,41,0,41,0,25,70,0,95,312,0,312,407
01/14/2023,DPA,IL,AGL,CE,Towers with Radar,0,11,19,0,30,0,0,53,0,53,0,11,72,0,83,456,0,456,539
01/15/2023,DPA,IL,AGL,CE,Towers with Radar,0,6,32,0,38,0,0,135,0,135,0,6,167,0,173,154,0,154,327
01/16/2023,DPA,IL,AGL,CE,Towers with Radar,0,11,21,0,32,0,0,2,0,2,0,11,23,0,34,22,0,22,56
01/17/2023,DPA,IL,AGL,CE,Towers with Radar,0,14,34,0,48,0,0,0,0,0,0,14,34,0,48,0,0,0,48
01/18/2023,DPA,IL,AGL,CE,Towers with Radar,0,19,31,0,50,0,0,44,0,44,0,19,75,0,94,204,0,204,298
01/19/2023,DPA,IL,AGL,CE,Towers with Radar,0,20,32,0,52,0,0,0,0,0,0,20,32,0,52,0,0,0,52
01/20/2023,DPA,IL,AGL,CE,Towers with Radar,0,16,35,0,51,0,0,43,0,43,0,16,78,0,94,288,0,288,382
01/21/2023,DPA,IL,AGL,CE,Towers with Radar,0,21,16,0,37,0,0,2,0,2,0,21,18,0,39,0,0,0,39
01/22/2023,DPA,IL,AGL,CE,Towers with Radar,0,19,21,0,40,0,0,0,0,0,0,19,21,0,40,0,0,0,40
01/23/2023,DPA,IL,AGL,CE,Towers with Radar,0,21,58,0,79,0,0,3,0,3,0,21,61,0,82,26,0,26,108
01/24/2023,DPA,IL,AGL,CE,Towers with Radar,0,21,58,0,79,0,0,33,0,33,0,21,91,0,112,336,0,336,448
01/25/2023,DPA,IL,AGL,CE,Towers with Radar,0,19,29,0,48,0,0,0,0,0,0,19,29,0,48,0,0,0,48
01/26/2023,DPA,IL,AGL,CE,Towers with Radar,0,18,40,0,58,0,0,4,0,4,0,18,44,0,62,28,0,28,90
01/27/2023,DPA,IL,AGL,CE,Towers with Radar,0,16,24,0,40,0,0,2,0,2,0,16,26,0,42,16,0,16,58
01/28/2023,DPA,IL,AGL,CE,Towers with Radar,0,17,19,0,36,0,0,39,0,39,0,17,58,0,75,90,0,90,165
01/29/2023,DPA,IL,AGL,CE,Towers with Radar,0,23,18,0,41,0,0,42,0,42,0,23,60,0,83,160,0,160,243
01/30/2023,DPA,IL,AGL,CE,Towers with Radar,0,15,31,0,46,0,0,113,0,113,0,15,144,0,159,158,0,158,317
01/31/2023,DPA,IL,AGL,CE,Towers with Radar,0,27,36,1,64,0,1,111,2,114,0,28,147,3,178,144,0,144,322
02/01/2023,DPA,IL,AGL,CE,Towers with Radar,1,22,47,0,70,0,0,137,1,138,1,22,184,1,208,120,0,120,328
02/02/2023,DPA,IL,AGL,CE,Towers with Radar,0,25,47,5,77,0,0,137,4,141,0,25,184,9,218,184,0,184,402
02/03/2023,DPA,IL,AGL,CE,Towers with Radar,0,27,33,0,60,0,0,37,0,37,0,27,70,0,97,96,0,96,193
02/04/2023,DPA,IL,AGL,CE,Towers with Radar,0,11,26,0,37,0,0,139,0,139,0,11,165,0,176,212,0,212,388
02/05/2023,DPA,IL,AGL,CE,Towers with Radar,0,12,28,0,40,0,0,149,0,149,0,12,177,0,189,216,0,216,405
02/06/2023,DPA,IL,AGL,CE,Towers with Radar,0,10,40,1,51,0,0,130,1,131,0,10,170,2,182,178,0,178,360
02/07/2023,DPA,IL,AGL,CE,Towers with Radar,0,13,47,0,60,0,0,40,0,40,0,13,87,0,100,140,0,140,240
02/08/2023,DPA,IL,AGL,CE,Towers with Radar,0,27,64,0,91,0,0,157,0,157,0,27,221,0,248,276,0,276,524
02/09/2023,DPA,IL,AGL,CE,Towers with Radar,0,22,33,0,55,0,0,0,0,0,0,22,33,0,55,0,0,0,55
02/10/2023,DPA,IL,AGL,CE,Towers with Radar,0,23,48,0,71,0,0,119,0,119,0,23,167,0,190,98,0,98,288
02/11/2023,DPA,IL,AGL,CE,Towers with Radar,0,14,28,0,42,0,0,204,0,204,0,14,232,0,246,348,0,348,594
02/12/2023,DPA,IL,AGL,CE,Towers with Radar,0,13,33,0,46,0,0,160,0,160,0,13,193,0,206,198,0,198,404
02/13/2023,DPA,IL,AGL,CE,Towers with Radar,0,20,52,0,72,0,0,132,0,132,0,20,184,0,204,186,0,186,390
02/14/2023,DPA,IL,AGL,CE,Towers with Radar,1,24,38,0,63,0,0,45,1,46,1,24,83,1,109,78,0,78,187
02/15/2023,DPA,IL,AGL,CE,Towers with Radar,1,16,39,0,56,0,0,4,0,4,1,16,43,0,60,0,0,0,60
02/16/2023,DPA,IL,AGL,CE,Towers with Radar,0,29,29,0,58,0,0,0,0,0,0,29,29,0,58,0,0,0,58
02/17/2023,DPA,IL,AGL,CE,Towers with Radar,0,19,64,1,84,0,1,135,1,137,0,20,199,2,221,164,0,164,385
02/18/2023,DPA,IL,AGL,CE,Towers with Radar,0,15,23,0,38,0,0,146,0,146,0,15,169,0,184,354,0,354,538
02/19/2023,DPA,IL,AGL,CE,Towers with Radar,0,5,29,0,34,0,0,112,0,112,0,5,141,0,146,98,0,98,244
02/20/2023,DPA,IL,AGL,CE,Towers with Radar,0,12,65,0,77,0,0,139,0,139,0,12,204,0,216,392,0,392,608
02/21/2023,DPA,IL,AGL,CE,Towers with Radar,0,21,42,1,64,0,0,120,0,120,0,21,162,1,184,262,0,262,446
02/22/2023,DPA,IL,AGL,CE,Towers with Radar,0,17,22,0,39,0,0,0,0,0,0,17,22,0,39,0,0,0,39
02/23/2023,DPA,IL,AGL,CE,Towers with Radar,0,21,25,0,46,0,0,0,0,0,0,21,25,0,46,0,0,0,46
02/24/2023,DPA,IL,AGL,CE,Towers with Radar,0,29,45,0,74,0,0,129,0,129,0,29,174,0,203,364,0,364,567
02/25/2023,DPA,IL,AGL,CE,Towers with Radar,0,13,22,0,35,0,0,79,0,79,0,13,101,0,114,418,0,418,532
02/26/2023,DPA,IL,AGL,CE,Towers with Radar,0,12,38,0,50,0,2,190,0,192,0,14,228,0,242,180,0,180,422
02/27/2023,DPA,IL,AGL,CE,Towers with Radar,0,12,25,0,37,0,0,4,0,4,0,12,29,0,41,0,0,0,41
02/28/2023,DPA,IL,AGL,CE,Towers with Radar,0,20,50,0,70,0,0,125,1,126,0,20,175,1,196,272,0,272,468
03/01/2023,DPA,IL,AGL,CE,Towers with Radar,0,25,70,1,96,0,0,92,1,93,0,25,162,2,189,242,0,242,431
03/02/2023,DPA,IL,AGL,CE,Towers with Radar,0,25,38,0,63,0,0,37,1,38,0,25,75,1,101,376,0,376,477
03/03/2023,DPA,IL,AGL,CE,Towers with Radar,0,22,19,0,41,0,0,5,0,5,0,22,24,0,46,0,0,0,46
03/04/2023,DPA,IL,AGL,CE,Towers with Radar,0,16,43,0,59,0,0,113,0,113,0,16,156,0,172,240,0,240,412
03/05/2023,DPA,IL,AGL,CE,Towers with Radar,0,22,51,0,73,0,0,154,0,154,0,22,205,0,227,134,0,134,361
03/06/2023,DPA,IL,AGL,CE,Towers with Radar,0,14,39,0,53,0,0,34,0,34,0,14,73,0,87,220,0,220,307
03/07/2023,DPA,IL,AGL,CE,Towers with Radar,0,20,53,0,73,0,0,113,0,113,0,20,166,0,186,206,0,206,392
03/08/2023,DPA,IL,AGL,CE,Towers with Radar,0,20,66,1,87,0,2,114,1,117,0,22,180,2,204,166,0,166,370
03/09/2023,DPA,IL,AGL,CE,Towers with Radar,0,28,56,0,84,0,0,65,0,65,0,28,121,0,149,138,0,138,287
03/10/2023,DPA,IL,AGL,CE,Towers with Radar,0,24,31,0,55,0,0,10,0,10,0,24,41,0,65,12,0,12,77
03/11/2023,DPA,IL,AGL,CE,Towers with Radar,0,17,23,0,40,0,0,37,0,37,0,17,60,0,77,190,0,190,267
03/12/2023,DPA,IL,AGL,CE,Towers with Radar,0,14,22,0,36,0,0,1,0,1,0,14,23,0,37,14,0,14,51
03/13/2023,DPA,IL,AGL,CE,Towers with Radar,0,15,46,0,61,0,0,43,0,43,0,15,89,0,104,90,0,90,194
03/14/2023,DPA,IL,AGL,CE,Towers with Radar,0,17,48,0,65,0,0,211,0,211,0,17,259,0,276,310,0,310,586
03/15/2023,DPA,IL,AGL,CE,Towers with Radar,0,23,36,1,60,0,1,149,2,152,0,24,185,3,212,186,0,186,398
03/16/2023,DPA,IL,AGL,CE,Towers with Radar,0,19,36,0,55,0,0,33,0,33,0,19,69,0,88,100,0,100,188
03/17/2023,DPA,IL,AGL,CE,Towers with Radar,0,19,24,0,43,0,0,20,0,20,0,19,44,0,63,78,0,78,141
03/18/2023,DPA,IL,AGL,CE,Towers with Radar,0,21,30,0,51,0,0,27,0,27,0,21,57,0,78,60,0,60,138
03/19/2023,DPA,IL,AGL,CE,Towers with Radar,0,24,38,0,62,0,0,198,0,198,0,24,236,0,260,248,0,248,508
03/20/2023,DPA,IL,AGL,CE,Towers with Radar,0,23,45,2,70,0,0,85,2,87,0,23,130,4,157,86,0,86,243
03/21/2023,DPA,IL,AGL,CE,Towers with Radar,0,25,49,1,75,0,1,158,1,160,0,26,207,2,235,324,0,324,559
03/22/2023,DPA,IL,AGL,CE,Towers with Radar,0,22,56,0,78,0,0,1,0,1,0,22,57,0,79,2,0,2,81
03/23/2023,DPA,IL,AGL,CE,Towers with Radar,0,25,37,0,62,0,0,65,0,65,0,25,102,0,127,242,0,242,369
03/24/2023,DPA,IL,AGL,CE,Towers with Radar,0,41,46,0,87,0,0,155,0,155,0,41,201,0,242,210,0,210,452
03/25/2023,DPA,IL,AGL,CE,Towers with Radar,0,26,23,0,49,0,0,15,0,15,0,26,38,0,64,8,0,8,72
03/26/2023,DPA,IL,AGL,CE,Towers with Radar,0,16,47,0,63,0,0,116,0,116,0,16,163,0,179,198,0,198,377
03/27/2023,DPA,IL,AGL,CE,Towers with Radar,0,22,42,0,64,0,0,150,0,150,0,22,192,0,214,242,0,242,456
03/28/2023,DPA,IL,AGL,CE,Towers with Radar,0,28,35,0,63,0,2,166,0,168,0,30,201,0,231,234,0,234,465
03/29/2023,DPA,IL,AGL,CE,Towers with Radar,0,24,67,0,91,0,2,102,0,104,0,26,169,0,195,186,0,186,381
03/30/2023,DPA,IL,AGL,CE,Towers with Radar,1,34,48,0,83,0,1,111,1,113,1,35,159,1,196,94,0,94,290
03/31/2023,DPA,IL,AGL,CE,Towers with Radar,0,17,37,0,54,0,0,10,0,10,0,17,47,0,64,66,0,66,130
04/01/2023,DPA,IL,AGL,CE,Towers with Radar,0,31,35,0,66,0,1,15,0,16,0,32,50,0,82,38,0,38,120
04/02/2023,DPA,IL,AGL,CE,Towers with Radar,0,28,47,0,75,0,3,161,0,164,0,31,208,0,239,228,0,228,467
04/03/2023,DPA,IL,AGL,CE,Towers with Radar,0,22,39,2,63,0,1,118,0,119,0,23,157,2,182,196,0,196,378
04/04/2023,DPA,IL,AGL,CE,Towers with Radar,0,17,25,0,42,0,0,2,0,2,0,17,27,0,44,2,0,2,46
04/05/2023,DPA,IL,AGL,CE,Towers with Radar,0,25,35,0,60,0,0,12,0,12,0,25,47,0,72,20,0,20,92
04/06/2023,DPA,IL,AGL,CE,Towers with Radar,0,36,43,1,80,0,0,189,1,190,0,36,232,2,270,216,0,216,486
04/07/2023,DPA,IL,AGL,CE,Towers with Radar,0,40,37,0,77,0,3,238,0,241,0,43,275,0,318,192,0,192,510
04/08/2023,DPA,IL,AGL,CE,Towers with Radar,0,28,25,0,53,0,1,168,0,169,0,29,193,0,222,344,0,344,566
04/09/2023,DPA,IL,AGL,CE,Towers with Radar,0,19,29,0,48,0,1,109,0,110,0,20,138,0,158,198,0,198,356
04/10/2023,DPA,IL,AGL,CE,Towers with Radar,0,23,49,0,72,0,1,145,0,146,0,24,194,0,218,310,0,310,528
04/11/2023,DPA,IL,AGL,CE,Towers with Radar,0,25,55,0,80,0,1,139,1,141,0,26,194,1,221,327,0,327,548
04/12/2023,DPA,IL,AGL,CE,Towers with Radar,0,21,65,0,86,0,1,84,1,86,0,22,149,1,172,238,0,238,410
04/13/2023,DPA,IL,AGL,CE,Towers with Radar,0,22,41,2,65,0,1,170,0,171,0,23,211,2,236,296,0,296,532
04/14/2023,DPA,IL,AGL,CE,Towers with Radar,0,25,56,0,81,0,5,173,0,178,0,30,229,0,259,234,0,234,493
04/15/2023,DPA,IL,AGL,CE,Towers with Radar,0,23,26,0,49,0,1,155,2,158,0,24,181,2,207,186,0,186,393
04/16/2023,DPA,IL,AGL,CE,Towers with Radar,0,12,34,0,46,0,0,0,0,0,0,12,34,0,46,0,0,0,46
04/17/2023,DPA,IL,AGL,CE,Towers with Radar,2,18,24,0,44,0,0,2,0,2,2,18,26,0,46,0,0,0,46
04/18/2023,DPA,IL,AGL,CE,Towers with Radar,0,38,63,1,102,0,1,218,1,220,0,39,281,2,322,272,0,272,594
04/19/2023,DPA,IL,AGL,CE,Towers with Radar,0,29,28,0,57,0,2,107,0,109,0,31,135,0,166,252,0,252,418
04/20/2023,DPA,IL,AGL,CE,Towers with Radar,0,26,38,0,64,0,0,26,0,26,0,26,64,0,90,44,0,44,134
04/21/2023,DPA,IL,AGL,CE,Towers with Radar,0,25,52,0,77,0,2,151,2,155,0,27,203,2,232,322,0,322,554
04/22/2023,DPA,IL,AGL,CE,Towers with Radar,0,16,24,0,40,0,0,35,0,35,0,16,59,0,75,116,0,116,191
04/23/2023,DPA,IL,AGL,CE,Towers with Radar,0,10,37,0,47,0,0,128,0,128,0,10,165,0,175,364,0,364,539
04/24/2023,DPA,IL,AGL,CE,Towers with Radar,0,22,46,0,68,0,4,146,0,150,0,26,192,0,218,252,0,252,470
04/25/2023,DPA,IL,AGL,CE,Towers with Radar,2,30,41,0,73,0,0,73,0,73,2,30,114,0,146,232,0,232,378
04/26/2023,DPA,IL,AGL,CE,Towers with Radar,0,25,49,2,76,0,0,170,1,171,0,25,219,3,247,310,12,322,569
04/27/2023,DPA,IL,AGL,CE,Towers with Radar,0,22,37,1,60,0,4,144,1,149,0,26,181,2,209,232,0,232,441
04/28/2023,DPA,IL,AGL,CE,Towers with Radar,0,27,48,0,75,0,4,165,2,171,0,31,213,2,246,296,0,296,542
04/29/2023,DPA,IL,AGL,CE,Towers with Radar,0,22,33,0,55,0,2,61,0,63,0,24,94,0,118,160,0,160,278
04/30/2023,DPA,IL,AGL,CE,Towers with Radar,0,24,20,0,44,0,0,16,0,16,0,24,36,0,60,156,0,156,216
05/01/2023,DPA,IL,AGL,CE,Towers with Radar,0,14,33,0,47,0,0,9,0,9,0,14,42,0,56,50,0,50,106
05/02/2023,DPA,IL,AGL,CE,Towers with Radar,0,22,42,0,64,0,1,91,0,92,0,23,133,0,156,76,0,76,232
05/03/2023,DPA,IL,AGL,CE,Towers with Radar,0,32,56,0,88,0,4,186,1,191,0,36,242,1,279,294,0,294,573
05/04/2023,DPA,IL,AGL,CE,Towers with Radar,0,42,65,0,107,0,0,163,0,163,0,42,228,0,270,284,0,284,554
05/05/2023,DPA,IL,AGL,CE,Towers with Radar,0,49,45,0,94,0,4,116,0,120,0,53,161,0,214,280,0,280,494
05/06/2023,DPA,IL,AGL,CE,Towers with Radar,0,20,30,0,50,0,0,58,0,58,0,20,88,0,108,208,0,208,316
05/07/2023,DPA,IL,AGL,CE,Towers with Radar,0,26,39,0,65,0,1,133,0,134,0,27,172,0,199,234,0,234,433
05/08/2023,DPA,IL,AGL,CE,Towers with Radar,0,18,32,0,50,0,0,1,0,1,0,18,33,0,51,48,0,48,99
05/09/2023,DPA,IL,AGL,CE,Towers with Radar,0,33,28,0,61,0,3,135,0,138,0,36,163,0,199,274,0,274,473
05/10/2023,DPA,IL,AGL,CE,Towers with Radar,0,37,36,0,73,0,2,176,0,178,0,39,212,0,251,396,0,396,647
05/11/2023,DPA,IL,AGL,CE,Towers with Radar,0,31,51,0,82,0,2,174,0,176,0,33,225,0,258,348,0,348,606
05/12/2023,DPA,IL,AGL,CE,Towers with Radar,0,30,38,0,68,0,1,41,0,42,0,31,79,0,110,110,0,110,220
05/13/2023,DPA,IL,AGL,CE,Towers with Radar,0,21,66,0,87,0,0,41,0,41,0,21,107,0,128,180,0,180,308
05/14/2023,DPA,IL,AGL,CE,Towers with Radar,0,11,26,0,37,0,0,50,0,50,0,11,76,0,87,126,0,126,213
05/15/2023,DPA,IL,AGL,CE,Towers with Radar,0,23,43,1,67,0,4,155,1,160,0,27,198,2,227,250,0,250,477
05/16/2023,DPA,IL,AGL,CE,Towers with Radar,0,24,39,3,66,0,3,160,1,164,0,27,199,4,230,272,0,272,502
05/17/2023,DPA,IL,AGL,CE,Towers with Radar,0,19,41,0,60,0,3,139,3,145,0,22,180,3,205,294,0,294,499
05/18/2023,DPA,IL,AGL,CE,Towers with Radar,0,35,45,0,80,0,2,143,0,145,0,37,188,0,225,284,0,284,509
05/19/2023,DPA,IL,AGL,CE,Towers with Radar,0,30,34,0,64,0,3,73,0,76,0,33,107,0,140,278,0,278,418
05/20/2023,DPA,IL,AGL,CE,Towers with Radar,0,27,26,0,53,0,2,175,0,177,0,29,201,0,230,316,0,316,546
05/21/2023,DPA,IL,AGL,CE,Towers with Radar,0,25,31,0,56,0,4,201,0,205,0,29,232,0,261,338,0,338,599
05/22/2023,DPA,IL,AGL,CE,Towers with Radar,0,23,43,1,67,0,3,134,1,138,0,26,177,2,205,438,0,438,643
05/23/2023,DPA,IL,AGL,CE,Towers with Radar,0,32,42,0,74,0,2,145,0,147,0,34,187,0,221,310,0,310,531
05/24/2023,DPA,IL,AGL,CE,Towers with Radar,0,25,47,0,72,0,1,137,0,138,0,26,184,0,210,294,0,294,504
05/25/2023,DPA,IL,AGL,CE,Towers with Radar,0,28,50,0,78,0,6,123,0,129,0,34,173,0,207,306,0,306,513
05/26/2023,DPA,IL,AGL,CE,Towers with Radar,0,33,42,0,75,0,4,186,0,190,0,37,228,0,265,278,0,278,543
05/27/2023,DPA,IL,AGL,CE,Towers with Radar,0,23,21,0,44,0,2,157,0,159,0,25,178,0,203,252,0,252,455
05/28/2023,DPA,IL,AGL,CE,Towers with Radar,0,15,23,0,38,0,5,109,0,114,0,20,132,0,152,260,0,260,412
05/29/2023,DPA,IL,AGL,CE,Towers with Radar,0,18,35,0,53,0,5,118,0,123,0,23,153,0,176,218,0,218,394
05/30/2023,DPA,IL,AGL,CE,Towers with Radar,0,34,44,0,78,0,5,134,0,139,0,39,178,0,217,300,0,300,517
05/31/2023,DPA,IL,AGL,CE,Towers with Radar,0,22,36,0,58,0,1,109,0,110,0,23,145,0,168,350,0,350,518
06/01/2023,DPA,IL,AGL,CE,Towers with Radar,0,22,28,0,50,0,1,114,1,116,0,23,142,1,166,186,0,186,352
06/02/2023,DPA,IL,AGL,CE,Towers with Radar,0,29,35,0,64,0,2,140,2,144,0,31,175,2,208,280,0,280,488
06/03/2023,DPA,IL,AGL,CE,Towers with Radar,0,24,15,0,39,0,3,154,0,157,0,27,169,0,196,260,0,260,456
06/04/2023,DPA,IL,AGL,CE,Towers with Radar,0,17,36,0,53,0,6,147,0,153,0,23,183,0,206,204,0,204,410
06/05/2023,DPA,IL,AGL,CE,Towers with Radar,0,22,23,1,46,0,4,149,1,154,0,26,172,2,200,412,0,412,612
06/06/2023,DPA,IL,AGL,CE,Towers with Radar,0,36,38,2,76,0,0,121,1,122,0,36,159,3,198,224,0,224,422
06/07/2023,DPA,IL,AGL,CE,Towers with Radar,0,37,47,3,87,0,6,180,3,189,0,43,227,6,276,332,0,332,608
06/08/2023,DPA,IL,AGL,CE,Towers with Radar,1,39,43,1,84,0,3,205,2,210,1,42,248,3,294,240,0,240,534
06/09/2023,DPA,IL,AGL,CE,Towers with Radar,0,17,41,1,59,0,0,169,1,170,0,17,210,2,229,296,0,296,525
06/10/2023,DPA,IL,AGL,CE,Towers with Radar,0,21,40,0,61,0,0,193,0,193,0,21,233,0,254,166,2,168,422
06/11/2023,DPA,IL,AGL,CE,Towers with Radar,0,17,61,0,78,0,0,2,0,2,0,17,63,0,80,6,0,6,86
06/12/2023,DPA,IL,AGL,CE,Towers with Radar,0,28,41,0,69,0,1,145,1,147,0,29,186,1,216,240,0,240,456
06/13/2023,DPA,IL,AGL,CE,Towers with Radar,0,23,48,0,71,0,0,60,0,60,0,23,108,0,131,256,0,256,387
06/14/2023,DPA,IL,AGL,CE,Towers with Radar,0,31,60,0,91,0,1,177,0,178,0,32,237,0,269,366,0,366,635
06/15/2023,DPA,IL,AGL,CE,Towers with Radar,0,37,54,0,91,0,2,92,0,94,0,39,146,0,185,280,0,280,465
06/16/2023,DPA,IL,AGL,CE,Towers with Radar,0,31,58,0,89,0,3,90,0,93,0,34,148,0,182,188,0,188,370
06/17/2023,DPA,IL,AGL,CE,Towers with Radar,0,19,27,0,46,0,2,169,0,171,0,21,196,0,217,310,0,310,527
06/18/2023,DPA,IL,AGL,CE,Towers with Radar,0,15,33,0,48,0,2,141,0,143,0,17,174,0,191,160,0,160,351
06/19/2023,DPA,IL,AGL,CE,Towers with Radar,0,38,37,0,75,0,1,158,0,159,0,39,195,0,234,290,0,290,524
06/20/2023,DPA,IL,AGL,CE,Towers with Radar,0,28,52,0,80,0,2,130,0,132,0,30,182,0,212,298,0,298,510
06/21/2023,DPA,IL,AGL,CE,Towers with Radar,0,33,49,0,82,0,1,168,0,169,0,34,217,0,251,308,0,308,559
06/22/2023,DPA,IL,AGL,CE,Towers with Radar,0,31,56,0,87,0,1,133,1,135,0,32,189,1,222,216,0,216,438
06/23/2023,DPA,IL,AGL,CE,Towers with Radar,0,27,52,0,79,0,2,167,0,169,0,29,219,0,248,322,0,322,570
06/24/2023,DPA,IL,AGL,CE,Towers with Radar,0,23,25,0,48,0,1,152,0,153,0,24,177,0,201,348,0,348,549
06/25/2023,DPA,IL,AGL,CE,Towers with Radar,0,18,45,0,63,0,0,34,0,34,0,18,79,0,97,110,0,110,207
06/26/2023,DPA,IL,AGL,CE,Towers with Radar,0,18,42,0,60,0,0,41,0,41,0,18,83,0,101,278,0,278,379
06/27/2023,DPA,IL,AGL,CE,Towers with Radar,0,22,86,0,108,0,0,1,0,1,0,22,87,0,109,0,0,0,109
06/28/2023,DPA,IL,AGL,CE,Towers with Radar,0,31,116,0,147,0,0,3,0,3,0,31,119,0,150,0,0,0,150
06/29/2023,DPA,IL,AGL,CE,Towers with Radar,0,26,46,0,72,0,0,53,1,54,0,26,99,1,126,392,0,392,518
06/30/2023,DPA,IL,AGL,CE,Towers with Radar,0,32,50,0,82,0,0,123,1,124,0,32,173,1,206,340,0,340,546
07/01/2023,DPA,IL,AGL,CE,Towers with Radar,0,24,37,0,61,0,0,101,0,101,0,24,138,0,162,212,0,212,374
07/02/2023,DPA,IL,AGL,CE,Towers with Radar,0,6,12,0,18,0,1,19,0,20,0,7,31,0,38,62,0,62,100
07/03/2023,DPA,IL,AGL,CE,Towers with Radar,0,11,24,0,35,0,3,196,0,199,0,14,220,0,234,288,0,288,522
07/04/2023,DPA,IL,AGL,CE,Towers with Radar,0,10,9,0,19,0,2,59,0,61,0,12,68,0,80,36,0,36,116
07/05/2023,DPA,IL,AGL,CE,Towers with Radar,0,20,29,1,50,0,0,85,1,86,0,20,114,2,136,216,0,216,352
07/06/2023,DPA,IL,AGL,CE,Towers with Radar,0,29,52,0,81,0,2,157,0,159,0,31,209,0,240,350,0,350,590
07/07/2023,DPA,IL,AGL,CE,Towers with Radar,0,37,33,0,70,0,2,177,0,179,0,39,210,0,249,254,0,254,503
07/08/2023,DPA,IL,AGL,CE,Towers with Radar,0,21,30,0,51,0,0,102,0,102,0,21,132,0,153,250,0,250,403
07/09/2023,DPA,IL,AGL,CE,Towers with Radar,0,10,42,0,52,0,1,192,0,193,0,11,234,0,245,320,0,320,565
07/10/2023,DPA,IL,AGL,CE,Towers with Radar,0,20,45,0,65,0,1,170,0,171,0,21,215,0,236,464,0,464,700
07/11/2023,DPA,IL,AGL,CE,Towers with Radar,0,35,33,0,68,0,0,123,0,123,0,35,156,0,191,280,0,280,471
07/12/2023,DPA,IL,AGL,CE,Towers with Radar,0,31,46,0,77,0,0,13,1,14,0,31,59,1,91,26,0,26,117
07/13/2023,DPA,IL,AGL,CE,Towers with Radar,0,31,81,0,112,0,1,99,0,100,0,32,180,0,212,234,0,234,446
07/14/2023,DPA,IL,AGL,CE,Towers with Radar,0,38,36,0,74,0,2,143,0,145,0,40,179,0,219,320,0,320,539
07/15/2023,DPA,IL,AGL,CE,Towers with Radar,0,25,34,0,59,0,2,154,0,156,0,27,188,0,215,290,0,290,505
07/16/2023,DPA,IL,AGL,CE,Towers with Radar,0,18,41,0,59,0,0,114,0,114,0,18,155,0,173,312,0,312,485
07/17/2023,DPA,IL,AGL,CE,Towers with Radar,0,31,44,0,75,0,4,179,1,184,0,35,223,1,259,332,0,332,591
07/18/2023,DPA,IL,AGL,CE,Towers with Radar,0,34,52,1,87,0,3,176,1,180,0,37,228,2,267,330,0,330,597
07/19/2023,DPA,IL,AGL,CE,Towers with Radar,0,34,50,0,84,0,2,233,0,235,0,36,283,0,319,330,0,330,649
07/20/2023,DPA,IL,AGL,CE,Towers with Radar,0,38,42,0,80,0,1,156,0,157,0,39,198,0,237,286,0,286,523
07/21/2023,DPA,IL,AGL,CE,Towers with Radar,0,23,32,0,55,0,2,232,0,234,0,25,264,0,289,316,0,316,605
07/22/2023,DPA,IL,AGL,CE,Towers with Radar,0,23,25,0,48,0,0,190,0,190,0,23,215,0,238,108,0,108,346
07/23/2023,DPA,IL,AGL,CE,Towers with Radar,0,17,19,0,36,0,0,199,0,199,0,17,218,0,235,182,0,182,417
07/24/2023,DPA,IL,AGL,CE,Towers with Radar,0,31,43,1,75,0,0,134,1,135,0,31,177,2,210,370,0,370,580
07/25/2023,DPA,IL,AGL,CE,Towers with Radar,0,38,45,1,84,0,0,126,1,127,0,38,171,2,211,268,0,268,479
07/26/2023,DPA,IL,AGL,CE,Towers with Radar,2,42,44,0,88,0,1,69,1,71,2,43,113,1,159,364,0,364,523
07/27/2023,DPA,IL,AGL,CE,Towers with Radar,0,43,48,2,93,0,0,147,1,148,0,43,195,3,241,226,0,226,467
07/28/2023,DPA,IL,AGL,CE,Towers with Radar,0,35,40,0,75,0,0,89,1,90,0,35,129,1,165,214,0,214,379
07/29/2023,DPA,IL,AGL,CE,Towers with Radar,0,31,44,0,75,0,0,87,0,87,0,31,131,0,162,178,0,178,340
07/30/2023,DPA,IL,AGL,CE,Towers with Radar,0,30,39,0,69,0,1,131,0,132,0,31,170,0,201,166,0,166,367
07/31/2023,DPA,IL,AGL,CE,Towers with Radar,0,34,54,0,88,0,2,169,0,171,0,36,223,0,259,380,0,380,639
08/01/2023,DPA,IL,AGL,CE,Towers with Radar,0,36,71,1,108,0,1,162,0,163,0,37,233,1,271,298,0,298,569
08/02/2023,DPA,IL,AGL,CE,Towers with Radar,0,30,49,1,80,0,1,173,1,175,0,31,222,2,255,282,0,282,537
08/03/2023,DPA,IL,AGL,CE,Towers with Radar,0,33,53,1,87,0,1,128,0,129,0,34,181,1,216,316,0,316,532
08/04/2023,DPA,IL,AGL,CE,Towers with Radar,2,37,62,2,103,0,3,153,0,156,2,40,215,2,259,354,0,354,613
08/05/2023,DPA,IL,AGL,CE,Towers with Radar,0,26,28,0,54,0,1,84,0,85,0,27,112,0,139,310,0,310,449
08/06/2023,DPA,IL,AGL,CE,Towers with Radar,0,34,41,0,75,0,0,69,0,69,0,34,110,0,144,178,0,178,322
08/07/2023,DPA,IL,AGL,CE,Towers with Radar,0,25,48,0,73,0,1,105,0,106,0,26,153,0,179,302,0,302,481
08/08/2023,DPA,IL,AGL,CE,Towers with Radar,0,32,52,0,84,0,1,151,0,152,0,33,203,0,236,320,2,322,558
08/09/2023,DPA,IL,AGL,CE,Towers with Radar,0,34,43,1,78,0,0,99,2,101,0,34,142,3,179,222,0,222,401
08/10/2023,DPA,IL,AGL,CE,Towers with Radar,0,32,66,0,98,0,0,123,0,123,0,32,189,0,221,182,0,182,403
08/11/2023,DPA,IL,AGL,CE,Towers with Radar,0,30,37,1,68,0,2,87,0,89,0,32,124,1,157,158,0,158,315
08/12/2023,DPA,IL,AGL,CE,Towers with Radar,0,19,46,0,65,0,1,157,0,158,0,20,203,0,223,192,0,192,415
08/13/2023,DPA,IL,AGL,CE,Towers with Radar,0,10,55,1,66,0,3,145,0,148,0,13,200,1,214,378,2,380,594
08/14/2023,DPA,IL,AGL,CE,Towers with Radar,0,23,44,0,67,0,0,16,0,16,0,23,60,0,83,52,0,52,135
08/15/2023,DPA,IL,AGL,CE,Towers with Radar,0,33,66,0,99,0,0,155,0,155,0,33,221,0,254,258,0,258,512
08/16/2023,DPA,IL,AGL,CE,Towers with Radar,0,42,64,1,107,0,2,151,1,154,0,44,215,2,261,344,0,344,605
08/17/2023,DPA,IL,AGL,CE,Towers with Radar,0,37,44,0,81,0,0,113,0,113,0,37,157,0,194,202,0,202,396
08/18/2023,DPA,IL,AGL,CE,Towers with Radar,0,38,70,0,108,0,1,156,0,157,0,39,226,0,265,444,0,444,709
08/19/2023,DPA,IL,AGL,CE,Towers with Radar,0,14,48,2,64,0,1,126,0,127,0,15,174,2,191,218,0,218,409
08/20/2023,DPA,IL,AGL,CE,Towers with Radar,0,21,44,0,65,0,0,130,0,130,0,21,174,0,195,198,0,198,393
08/21/2023,DPA,IL,AGL,CE,Towers with Radar,0,40,60,0,100,0,0,128,0,128,0,40,188,0,228,318,0,318,546
08/22/2023,DPA,IL,AGL,CE,Towers with Radar,2,27,44,1,74,0,0,112,0,112,2,27,156,1,186,272,0,272,458
08/23/2023,DPA,IL,AGL,CE,Towers with Radar,2,34,52,1,89,0,0,96,0,96,2,34,148,1,185,104,0,104,289
08/24/2023,DPA,IL,AGL,CE,Towers with Radar,0,26,41,0,67,0,0,80,0,80,0,26,121,0,147,180,0,180,327
08/25/2023,DPA,IL,AGL,CE,Towers with Radar,0,51,69,0,120,0,0,67,0,67,0,51,136,0,187,232,0,232,419
08/26/2023,DPA,IL,AGL,CE,Towers with Radar,0,24,40,0,64,0,0,57,0,57,0,24,97,0,121,286,0,286,407
08/27/2023,DPA,IL,AGL,CE,Towers with Radar,0,22,52,0,74,0,0,165,0,165,0,22,217,0,239,306,0,306,545
08/28/2023,DPA,IL,AGL,CE,Towers with Radar,0,25,64,0,89,0,0,141,0,141,0,25,205,0,230,304,0,304,534
08/29/2023,DPA,IL,AGL,CE,Towers with Radar,0,19,48,0,67,0,1,136,1,138,0,20,184,1,205,246,0,246,451
08/30/2023,DPA,IL,AGL,CE,Towers with Radar,2,28,74,0,104,0,0,139,0,139,2,28,213,0,243,168,0,168,411
08/31/2023,DPA,IL,AGL,CE,Towers with Radar,0,28,51,0,79,0,1,176,0,177,0,29,227,0,256,366,0,366,622
