01/01/2000,ENW,WI,AGL,CE,Federal Contract Tower,0,0,7,0,7,0,2,69,0,71,0,2,76,0,78,38,0,38,116
01/02/2000,ENW,WI,AGL,CE,Federal Contract Tower,0,0,12,0,12,0,0,19,0,19,0,0,31,0,31,10,0,10,41
01/03/2000,ENW,WI,AGL,CE,Federal Contract Tower,0,1,10,0,11,0,0,9,0,9,0,1,19,0,20,20,0,20,40
01/04/2000,ENW,WI,AGL,CE,Federal Contract Tower,0,1,5,0,6,0,0,16,0,16,0,1,21,0,22,0,0,0,22
01/05/2000,ENW,WI,AGL,CE,Federal Contract Tower,0,5,26,0,31,0,2,71,0,73,0,7,97,0,104,0,0,0,104
01/06/2000,ENW,WI,AGL,CE,Federal Contract Tower,0,5,26,0,31,0,0,89,0,89,0,5,115,0,120,78,0,78,198
01/07/2000,ENW,WI,AGL,CE,Federal Contract Tower,0,1,26,0,27,0,0,142,0,142,0,1,168,0,169,44,0,44,213
01/08/2000,ENW,WI,AGL,CE,Federal Contract Tower,0,5,28,0,33,0,0,205,0,205,0,5,233,0,238,94,0,94,332
01/09/2000,ENW,WI,AGL,CE,Federal Contract Tower,0,0,7,0,7,0,0,0,0,0,0,0,7,0,7,0,0,0,7
01/10/2000,ENW,WI,AGL,CE,Federal Contract Tower,0,2,15,0,17,0,0,40,0,40,0,2,55,0,57,32,0,32,89
01/11/2000,ENW,WI,AGL,CE,Federal Contract Tower,0,1,17,0,18,0,4,56,0,60,0,5,73,0,78,32,0,32,110
01/12/2000,ENW,WI,AGL,CE,Federal Contract Tower,0,2,27,0,29,0,0,93,0,93,0,2,120,0,122,76,0,76,198
01/13/2000,ENW,WI,AGL,CE,Federal Contract Tower,0,4,40,0,44,0,11,108,0,119,0,15,148,0,163,26,0,26,189
01/14/2000,ENW,WI,AGL,CE,Federal Contract Tower,0,0,18,0,18,1,0,81,0,82,1,0,99,0,100,68,0,68,168
01/15/2000,ENW,WI,AGL,CE,Federal Contract Tower,0,0,27,0,27,0,0,250,0,250,0,0,277,0,277,132,0,132,409
01/16/2000,ENW,WI,AGL,CE,Federal Contract Tower,0,0,20,0,20,0,0,114,0,114,0,0,134,0,134,42,0,42,176
01/17/2000,ENW,WI,AGL,CE,Federal Contract Tower,0,1,17,0,18,0,0,29,0,29,0,1,46,0,47,40,0,40,87
01/18/2000,ENW,WI,AGL,CE,Federal Contract Tower,0,1,11,0,12,0,1,56,0,57,0,2,67,0,69,8,0,8,77
01/19/2000,ENW,WI,AGL,CE,Federal Contract Tower,0,2,18,0,20,0,8,55,0,63,0,10,73,0,83,74,0,74,157
01/20/2000,ENW,WI,AGL,CE,Federal Contract Tower,0,0,13,0,13,0,0,66,0,66,0,0,79,0,79,76,0,76,155
01/21/2000,ENW,WI,AGL,CE,Federal Contract Tower,0,2,22,0,24,0,4,38,0,42,0,6,60,0,66,34,0,34,100
01/22/2000,ENW,WI,AGL,CE,Federal Contract Tower,0,0,2,0,2,0,0,4,0,4,0,0,6,0,6,0,0,0,6
01/23/2000,ENW,WI,AGL,CE,Federal Contract Tower,0,0,28,0,28,0,0,105,0,105,0,0,133,0,133,48,0,48,181
01/24/2000,ENW,WI,AGL,CE,Federal Contract Tower,0,0,16,0,16,0,0,92,0,92,0,0,108,0,108,42,0,42,150
01/25/2000,ENW,WI,AGL,CE,Federal Contract Tower,0,2,21,0,23,0,2,67,0,69,0,4,88,0,92,20,0,20,112
01/26/2000,ENW,WI,AGL,CE,Federal Contract Tower,0,0,31,0,31,1,0,101,0,102,1,0,132,0,133,106,0,106,239
01/27/2000,ENW,WI,AGL,CE,Federal Contract Tower,0,2,21,0,23,0,0,66,0,66,0,2,87,0,89,100,0,100,189
01/28/2000,ENW,WI,AGL,CE,Federal Contract Tower,0,0,30,0,30,0,0,77,0,77,0,0,107,0,107,170,0,170,277
01/29/2000,ENW,WI,AGL,CE,Federal Contract Tower,0,0,23,0,23,0,0,105,0,105,0,0,128,0,128,168,0,168,296
01/30/2000,ENW,WI,AGL,CE,Federal Contract Tower,0,0,7,0,7,0,1,0,0,1,0,1,7,0,8,0,0,0,8
01/31/2000,ENW,WI,AGL,CE,Federal Contract Tower,0,1,24,0,25,0,0,18,0,18,0,1,42,0,43,0,18,18,61
02/01/2000,ENW,WI,AGL,CE,Federal Contract Tower,0,0,26,0,26,0,0,107,0,107,0,0,133,0,133,134,0,134,267
02/02/2000,ENW,WI,AGL,CE,Federal Contract Tower,0,2,37,0,39,0,0,93,0,93,0,2,130,0,132,152,0,152,284
02/03/2000,ENW,WI,AGL,CE,Federal Contract Tower,0,2,18,0,20,0,0,49,0,49,0,2,67,0,69,62,0,62,131
02/04/2000,ENW,WI,AGL,CE,Federal Contract Tower,0,2,25,0,27,0,0,74,0,74,0,2,99,0,101,32,0,32,133
02/05/2000,ENW,WI,AGL,CE,Federal Contract Tower,0,0,17,0,17,0,0,97,0,97,0,0,114,0,114,80,0,80,194
02/06/2000,ENW,WI,AGL,CE,Federal Contract Tower,0,1,33,0,34,0,0,72,0,72,0,1,105,0,106,48,0,48,154
02/07/2000,ENW,WI,AGL,CE,Federal Contract Tower,0,4,28,0,32,0,4,82,0,86,0,8,110,0,118,108,0,108,226
02/08/2000,ENW,WI,AGL,CE,Federal Contract Tower,0,4,31,0,35,0,1,123,0,124,0,5,154,0,159,118,0,118,277
02/09/2000,ENW,WI,AGL,CE,Federal Contract Tower,0,3,18,0,21,0,0,109,0,109,0,3,127,0,130,132,0,132,262
02/10/2000,ENW,WI,AGL,CE,Federal Contract Tower,0,4,30,0,34,0,4,24,0,28,0,8,54,0,62,0,0,0,62
02/11/2000,ENW,WI,AGL,CE,Federal Contract Tower,0,4,35,0,39,0,1,123,0,124,0,5,158,0,163,90,0,90,253
02/12/2000,ENW,WI,AGL,CE,Federal Contract Tower,0,5,46,0,51,0,0,142,0,142,0,5,188,0,193,80,0,80,273
02/13/2000,ENW,WI,AGL,CE,Federal Contract Tower,0,0,1,0,1,0,0,1,0,1,0,0,2,0,2,0,0,0,2
02/14/2000,ENW,WI,AGL,CE,Federal Contract Tower,0,2,16,0,18,0,0,57,0,57,0,2,73,0,75,0,28,28,103
02/15/2000,ENW,WI,AGL,CE,Federal Contract Tower,0,2,19,0,21,0,0,57,0,57,0,2,76,0,78,90,0,90,168
02/16/2000,ENW,WI,AGL,CE,Federal Contract Tower,0,0,29,0,29,0,0,125,0,125,0,0,154,0,154,128,0,128,282
02/17/2000,ENW,WI,AGL,CE,Federal Contract Tower,0,3,34,0,37,0,0,115,0,115,0,3,149,0,152,166,0,166,318
02/18/2000,ENW,WI,AGL,CE,Federal Contract Tower,0,0,4,0,4,0,4,0,0,4,0,4,4,0,8,0,0,0,8
02/19/2000,ENW,WI,AGL,CE,Federal Contract Tower,0,1,14,0,15,0,2,41,0,43,0,3,55,0,58,8,0,8,66
02/20/2000,ENW,WI,AGL,CE,Federal Contract Tower,0,0,40,0,40,0,0,195,0,195,0,0,235,0,235,40,0,40,275
02/21/2000,ENW,WI,AGL,CE,Federal Contract Tower,0,3,29,0,32,0,4,123,0,127,0,7,152,0,159,104,0,104,263
02/22/2000,ENW,WI,AGL,CE,Federal Contract Tower,0,2,31,0,33,2,0,132,0,134,2,2,163,0,167,182,0,182,349
02/23/2000,ENW,WI,AGL,CE,Federal Contract Tower,0,4,47,0,51,0,3,119,0,122,0,7,166,0,173,50,0,50,223
02/24/2000,ENW,WI,AGL,CE,Federal Contract Tower,0,2,47,0,49,0,0,19,0,19,0,2,66,0,68,0,0,0,68
02/25/2000,ENW,WI,AGL,CE,Federal Contract Tower,0,0,8,0,8,0,3,18,0,21,0,3,26,0,29,10,0,10,39
02/26/2000,ENW,WI,AGL,CE,Federal Contract Tower,0,0,20,0,20,0,0,13,0,13,0,0,33,0,33,6,0,6,39
02/27/2000,ENW,WI,AGL,CE,Federal Contract Tower,0,0,36,0,36,0,0,163,0,163,0,0,199,0,199,132,0,132,331
02/28/2000,ENW,WI,AGL,CE,Federal Contract Tower,0,3,35,0,38,0,2,245,0,247,0,5,280,0,285,252,0,252,537
02/29/2000,ENW,WI,AGL,CE,Federal Contract Tower,0,3,36,0,39,0,3,108,0,111,0,6,144,0,150,116,0,116,266
03/01/2000,ENW,WI,AGL,CE,Federal Contract Tower,1,2,23,0,26,1,2,78,0,81,2,4,101,0,107,24,0,24,131
03/02/2000,ENW,WI,AGL,CE,Federal Contract Tower,0,4,43,0,47,0,2,173,2,177,0,6,216,2,224,186,0,186,410
03/03/2000,ENW,WI,AGL,CE,Federal Contract Tower,0,1,57,0,58,0,0,149,0,149,0,1,206,0,207,262,0,262,469
03/04/2000,ENW,WI,AGL,CE,Federal Contract Tower,0,2,33,0,35,0,0,224,0,224,0,2,257,0,259,194,0,194,453
03/05/2000,ENW,WI,AGL,CE,Federal Contract Tower,0,5,49,0,54,0,3,262,0,265,0,8,311,0,319,266,0,266,585
03/06/2000,ENW,WI,AGL,CE,Federal Contract Tower,0,5,44,0,49,0,13,147,0,160,0,18,191,0,209,158,0,158,367
03/07/2000,ENW,WI,AGL,CE,Federal Contract Tower,0,4,32,0,36,0,10,156,0,166,0,14,188,0,202,198,0,198,400
03/08/2000,ENW,WI,AGL,CE,Federal Contract Tower,0,3,28,0,31,0,11,41,0,52,0,14,69,0,83,40,0,40,123
03/09/2000,ENW,WI,AGL,CE,Federal Contract Tower,0,1,10,0,11,0,2,15,0,17,0,3,25,0,28,16,0,16,44
03/10/2000,ENW,WI,AGL,CE,Federal Contract Tower,0,4,31,0,35,0,0,134,0,134,0,4,165,0,169,92,0,92,261
03/11/2000,ENW,WI,AGL,CE,Federal Contract Tower,0,0,40,0,40,0,0,161,0,161,0,0,201,0,201,138,0,138,339
03/12/2000,ENW,WI,AGL,CE,Federal Contract Tower,0,0,37,0,37,0,0,191,0,191,0,0,228,0,228,170,0,170,398
03/13/2000,ENW,WI,AGL,CE,Federal Contract Tower,0,3,38,0,41,0,7,41,0,48,0,10,79,0,89,68,0,68,157
03/14/2000,ENW,WI,AGL,CE,Federal Contract Tower,0,0,37,0,37,0,0,108,0,108,0,0,145,0,145,190,0,190,335
03/15/2000,ENW,WI,AGL,CE,Federal Contract Tower,0,2,41,0,43,0,0,57,0,57,0,2,98,0,100,26,0,26,126
03/16/2000,ENW,WI,AGL,CE,Federal Contract Tower,0,2,27,0,29,0,0,120,0,120,0,2,147,0,149,142,0,142,291
03/17/2000,ENW,WI,AGL,CE,Federal Contract Tower,0,3,41,0,44,0,1,113,0,114,0,4,154,0,158,84,0,84,242
03/18/2000,ENW,WI,AGL,CE,Federal Contract Tower,0,0,34,0,34,0,0,129,0,129,0,0,163,0,163,98,0,98,261
03/19/2000,ENW,WI,AGL,CE,Federal Contract Tower,0,0,7,0,7,0,3,0,0,3,0,3,7,0,10,0,0,0,10
03/20/2000,ENW,WI,AGL,CE,Federal Contract Tower,0,0,21,0,21,0,0,21,0,21,0,0,42,0,42,0,0,0,42
03/21/2000,ENW,WI,AGL,CE,Federal Contract Tower,0,4,44,0,48,0,0,53,0,53,0,4,97,0,101,42,0,42,143
03/22/2000,ENW,WI,AGL,CE,Federal Contract Tower,0,5,80,0,85,0,0,148,0,148,0,5,228,0,233,158,0,158,391
03/23/2000,ENW,WI,AGL,CE,Federal Contract Tower,0,1,44,0,45,0,0,155,0,155,0,1,199,0,200,206,0,206,406
03/24/2000,ENW,WI,AGL,CE,Federal Contract Tower,0,1,27,0,28,0,0,43,0,43,0,1,70,0,71,64,0,64,135
03/25/2000,ENW,WI,AGL,CE,Federal Contract Tower,0,0,13,0,13,0,0,77,0,77,0,0,90,0,90,18,0,18,108
03/26/2000,ENW,WI,AGL,CE,Federal Contract Tower,0,3,51,0,54,0,0,219,0,219,0,3,270,0,273,114,0,114,387
03/27/2000,ENW,WI,AGL,CE,Federal Contract Tower,0,1,15,0,16,0,3,83,0,86,0,4,98,0,102,70,0,70,172
03/28/2000,ENW,WI,AGL,CE,Federal Contract Tower,0,1,11,0,12,0,1,68,0,69,0,2,79,0,81,74,0,74,155
03/29/2000,ENW,WI,AGL,CE,Federal Contract Tower,0,4,42,0,46,0,1,147,0,148,0,5,189,0,194,142,0,142,336
03/30/2000,ENW,WI,AGL,CE,Federal Contract Tower,0,2,32,0,34,0,0,175,0,175,0,2,207,0,209,214,0,214,423
03/31/2000,ENW,WI,AGL,CE,Federal Contract Tower,0,0,22,0,22,0,0,158,0,158,0,0,180,0,180,190,0,190,370
04/01/2000,ENW,WI,AGL,CE,Federal Contract Tower,0,0,30,0,30,0,0,127,0,127,0,0,157,0,157,62,0,62,219
04/02/2000,ENW,WI,AGL,CE,Federal Contract Tower,0,0,34,0,34,0,0,162,0,162,0,0,196,0,196,78,0,78,274
04/03/2000,ENW,WI,AGL,CE,Federal Contract Tower,0,4,32,0,36,0,4,105,0,109,0,8,137,0,145,62,0,62,207
04/04/2000,ENW,WI,AGL,CE,Federal Contract Tower,0,0,14,0,14,0,0,94,0,94,0,0,108,0,108,160,0,160,268
04/05/2000,ENW,WI,AGL,CE,Federal Contract Tower,0,0,37,0,37,0,0,177,0,177,0,0,214,0,214,118,0,118,332
04/06/2000,ENW,WI,AGL,CE,Federal Contract Tower,0,3,28,0,31,0,2,78,2,82,0,5,106,2,113,72,0,72,185
04/07/2000,ENW,WI,AGL,CE,Federal Contract Tower,0,0,6,0,6,0,0,10,0,10,0,0,16,0,16,0,0,0,16
04/08/2000,ENW,WI,AGL,CE,Federal Contract Tower,0,0,24,0,24,0,0,115,0,115,0,0,139,0,139,80,0,80,219
04/09/2000,ENW,WI,AGL,CE,Federal Contract Tower,0,3,22,0,25,0,2,103,0,105,0,5,125,0,130,56,0,56,186
04/10/2000,ENW,WI,AGL,CE,Federal Contract Tower,0,0,27,0,27,0,0,96,0,96,0,0,123,0,123,132,0,132,255
04/11/2000,ENW,WI,AGL,CE,Federal Contract Tower,0,1,6,0,7,0,0,47,0,47,0,1,53,0,54,38,0,38,92
04/12/2000,ENW,WI,AGL,CE,Federal Contract Tower,0,4,36,0,40,0,3,163,0,166,0,7,199,0,206,120,0,120,326
04/13/2000,ENW,WI,AGL,CE,Federal Contract Tower,0,1,22,0,23,0,0,117,0,117,0,1,139,0,140,110,0,110,250
04/14/2000,ENW,WI,AGL,CE,Federal Contract Tower,0,3,28,0,31,0,0,140,0,140,0,3,168,0,171,108,0,108,279
04/15/2000,ENW,WI,AGL,CE,Federal Contract Tower,0,0,38,0,38,0,0,125,0,125,0,0,163,0,163,60,0,60,223
04/16/2000,ENW,WI,AGL,CE,Federal Contract Tower,0,0,43,0,43,0,0,48,0,48,0,0,91,0,91,6,0,6,97
04/17/2000,ENW,WI,AGL,CE,Federal Contract Tower,0,1,47,0,48,0,0,24,0,24,0,1,71,0,72,0,0,0,72
04/18/2000,ENW,WI,AGL,CE,Federal Contract Tower,0,5,50,0,55,0,1,73,0,74,0,6,123,0,129,68,0,68,197
04/19/2000,ENW,WI,AGL,CE,Federal Contract Tower,0,0,10,0,10,0,0,1,0,1,0,0,11,0,11,0,0,0,11
04/20/2000,ENW,WI,AGL,CE,Federal Contract Tower,0,0,13,0,13,0,0,0,0,0,0,0,13,0,13,0,0,0,13
04/21/2000,ENW,WI,AGL,CE,Federal Contract Tower,0,0,18,0,18,0,0,38,0,38,0,0,56,0,56,28,0,28,84
04/22/2000,ENW,WI,AGL,CE,Federal Contract Tower,0,0,51,0,51,0,0,363,0,363,0,0,414,0,414,158,0,158,572
04/23/2000,ENW,WI,AGL,CE,Federal Contract Tower,0,0,11,0,11,0,0,44,0,44,0,0,55,0,55,6,0,6,61
04/24/2000,ENW,WI,AGL,CE,Federal Contract Tower,0,4,43,0,47,0,1,221,0,222,0,5,264,0,269,126,0,126,395
04/25/2000,ENW,WI,AGL,CE,Federal Contract Tower,0,2,28,0,30,0,2,154,0,156,0,4,182,0,186,130,0,130,316
04/26/2000,ENW,WI,AGL,CE,Federal Contract Tower,0,4,43,0,47,0,10,188,0,198,0,14,231,0,245,172,0,172,417
04/27/2000,ENW,WI,AGL,CE,Federal Contract Tower,0,4,39,0,43,0,1,169,0,170,0,5,208,0,213,208,0,208,421
04/28/2000,ENW,WI,AGL,CE,Federal Contract Tower,0,2,42,0,44,0,0,114,0,114,0,2,156,0,158,206,0,206,364
04/29/2000,ENW,WI,AGL,CE,Federal Contract Tower,0,3,39,0,42,0,3,163,0,166,0,6,202,0,208,100,0,100,308
04/30/2000,ENW,WI,AGL,CE,Federal Contract Tower,0,0,36,0,36,0,0,172,0,172,0,0,208,0,208,152,0,152,360
05/01/2000,ENW,WI,AGL,CE,Federal Contract Tower,0,2,31,0,33,0,0,78,0,78,0,2,109,0,111,44,0,44,155
05/02/2000,ENW,WI,AGL,CE,Federal Contract Tower,0,3,40,0,43,0,1,153,0,154,0,4,193,0,197,176,0,176,373
05/03/2000,ENW,WI,AGL,CE,Federal Contract Tower,0,2,34,0,36,0,0,119,0,119,0,2,153,0,155,108,0,108,263
05/04/2000,ENW,WI,AGL,CE,Federal Contract Tower,0,2,35,0,37,0,0,128,2,130,0,2,163,2,167,130,0,130,297
05/05/2000,ENW,WI,AGL,CE,Federal Contract Tower,0,4,45,0,49,0,12,149,0,161,0,16,194,0,210,122,0,122,332
05/06/2000,ENW,WI,AGL,CE,Federal Contract Tower,0,3,41,0,44,0,3,175,0,178,0,6,216,0,222,92,0,92,314
05/07/2000,ENW,WI,AGL,CE,Federal Contract Tower,0,0,38,0,38,0,0,80,0,80,0,0,118,0,118,118,0,118,236
05/08/2000,ENW,WI,AGL,CE,Federal Contract Tower,0,2,18,0,20,0,4,34,0,38,0,6,52,0,58,22,0,22,80
05/09/2000,ENW,WI,AGL,CE,Federal Contract Tower,0,2,23,0,25,0,2,39,0,41,0,4,62,0,66,10,0,10,76
05/10/2000,ENW,WI,AGL,CE,Federal Contract Tower,0,3,45,0,48,0,0,174,0,174,0,3,219,0,222,230,0,230,452
05/11/2000,ENW,WI,AGL,CE,Federal Contract Tower,0,2,28,0,30,0,0,44,0,44,0,2,72,0,74,22,0,22,96
05/12/2000,ENW,WI,AGL,CE,Federal Contract Tower,0,2,23,0,25,0,0,31,0,31,0,2,54,0,56,38,0,38,94
05/13/2000,ENW,WI,AGL,CE,Federal Contract Tower,0,1,21,0,22,0,0,56,0,56,0,1,77,0,78,20,0,20,98
05/14/2000,ENW,WI,AGL,CE,Federal Contract Tower,0,0,19,0,19,0,0,67,0,67,0,0,86,0,86,50,0,50,136
05/15/2000,ENW,WI,AGL,CE,Federal Contract Tower,0,2,50,0,52,0,0,178,0,178,0,2,228,0,230,84,0,84,314
05/16/2000,ENW,WI,AGL,CE,Federal Contract Tower,0,3,37,0,40,0,3,82,0,85,0,6,119,0,125,106,0,106,231
05/17/2000,ENW,WI,AGL,CE,Federal Contract Tower,0,1,16,0,17,0,1,19,0,20,0,2,35,0,37,40,0,40,77
05/18/2000,ENW,WI,AGL,CE,Federal Contract Tower,0,0,10,0,10,0,0,1,0,1,0,0,11,0,11,0,0,0,11
05/19/2000,ENW,WI,AGL,CE,Federal Contract Tower,0,0,57,0,57,0,0,67,0,67,0,0,124,0,124,88,0,88,212
05/20/2000,ENW,WI,AGL,CE,Federal Contract Tower,0,0,41,0,41,0,0,208,0,208,0,0,249,0,249,186,0,186,435
05/21/2000,ENW,WI,AGL,CE,Federal Contract Tower,0,0,39,0,39,0,0,281,0,281,0,0,320,0,320,174,0,174,494
05/22/2000,ENW,WI,AGL,CE,Federal Contract Tower,0,1,45,0,46,0,0,94,0,94,0,1,139,0,140,124,0,124,264
05/23/2000,ENW,WI,AGL,CE,Federal Contract Tower,0,1,45,0,46,0,0,172,0,172,0,1,217,0,218,86,0,86,304
05/24/2000,ENW,WI,AGL,CE,Federal Contract Tower,0,0,23,0,23,0,0,120,0,120,0,0,143,0,143,54,0,54,197
05/25/2000,ENW,WI,AGL,CE,Federal Contract Tower,0,1,26,0,27,0,1,113,0,114,0,2,139,0,141,66,0,66,207
05/26/2000,ENW,WI,AGL,CE,Federal Contract Tower,0,2,42,0,44,0,2,128,0,130,0,4,170,0,174,80,0,80,254
05/27/2000,ENW,WI,AGL,CE,Federal Contract Tower,0,0,51,0,51,0,0,32,0,32,0,0,83,0,83,0,0,0,83
05/28/2000,ENW,WI,AGL,CE,Federal Contract Tower,0,2,30,0,32,0,0,11,0,11,0,2,41,0,43,0,0,0,43
05/29/2000,ENW,WI,AGL,CE,Federal Contract Tower,0,2,33,0,35,0,2,201,0,203,0,4,234,0,238,166,0,166,404
05/30/2000,ENW,WI,AGL,CE,Federal Contract Tower,0,2,40,0,42,0,8,92,0,100,0,10,132,0,142,106,0,106,248
05/31/2000,ENW,WI,AGL,CE,Federal Contract Tower,0,1,25,0,26,0,2,9,0,11,0,3,34,0,37,4,0,4,41
06/01/2000,ENW,WI,AGL,CE,Federal Contract Tower,0,3,49,0,52,0,2,86,0,88,0,5,135,0,140,103,0,103,243
06/02/2000,ENW,WI,AGL,CE,Federal Contract Tower,0,2,43,0,45,0,0,125,0,125,0,2,168,0,170,122,0,122,292
06/03/2000,ENW,WI,AGL,CE,Federal Contract Tower,0,0,23,0,23,0,0,195,0,195,0,0,218,0,218,126,0,126,344
06/04/2000,ENW,WI,AGL,CE,Federal Contract Tower,0,0,6,0,6,0,0,146,2,148,0,0,152,2,154,168,0,168,322
06/05/2000,ENW,WI,AGL,CE,Federal Contract Tower,0,3,37,0,40,0,2,117,8,127,0,5,154,8,167,40,0,40,207
06/06/2000,ENW,WI,AGL,CE,Federal Contract Tower,0,2,42,0,44,0,0,261,0,261,0,2,303,0,305,112,0,112,417
06/07/2000,ENW,WI,AGL,CE,Federal Contract Tower,0,4,46,0,50,0,0,166,0,166,0,4,212,0,216,74,0,74,290
06/08/2000,ENW,WI,AGL,CE,Federal Contract Tower,0,2,37,0,39,0,0,183,0,183,0,2,220,0,222,142,0,142,364
06/09/2000,ENW,WI,AGL,CE,Federal Contract Tower,0,3,42,0,45,0,1,137,0,138,0,4,179,0,183,86,0,86,269
06/10/2000,ENW,WI,AGL,CE,Federal Contract Tower,0,2,32,0,34,0,0,150,0,150,0,2,182,0,184,146,0,146,330
06/11/2000,ENW,WI,AGL,CE,Federal Contract Tower,0,0,37,0,37,0,0,53,0,53,0,0,90,0,90,40,0,40,130
06/12/2000,ENW,WI,AGL,CE,Federal Contract Tower,0,1,30,0,31,0,3,13,0,16,0,4,43,0,47,0,0,0,47
06/13/2000,ENW,WI,AGL,CE,Federal Contract Tower,0,1,24,0,25,0,2,24,0,26,0,3,48,0,51,14,0,14,65
06/14/2000,ENW,WI,AGL,CE,Federal Contract Tower,0,2,41,1,44,0,8,101,4,113,0,10,142,5,157,88,0,88,245
06/15/2000,ENW,WI,AGL,CE,Federal Contract Tower,0,2,43,1,46,0,1,163,1,165,0,3,206,2,211,144,0,144,355
06/16/2000,ENW,WI,AGL,CE,Federal Contract Tower,0,2,51,0,53,0,0,122,0,122,0,2,173,0,175,112,0,112,287
06/17/2000,ENW,WI,AGL,CE,Federal Contract Tower,0,0,37,0,37,0,0,213,2,215,0,0,250,2,252,190,0,190,442
06/18/2000,ENW,WI,AGL,CE,Federal Contract Tower,0,0,33,0,33,0,0,204,0,204,0,0,237,0,237,182,0,182,419
06/19/2000,ENW,WI,AGL,CE,Federal Contract Tower,0,2,47,0,49,0,0,205,0,205,0,2,252,0,254,238,0,238,492
06/20/2000,ENW,WI,AGL,CE,Federal Contract Tower,0,1,36,0,37,0,0,30,0,30,0,1,66,0,67,22,0,22,89
06/21/2000,ENW,WI,AGL,CE,Federal Contract Tower,0,2,34,0,36,0,4,181,0,185,0,6,215,0,221,120,0,120,341
06/22/2000,ENW,WI,AGL,CE,Federal Contract Tower,0,2,38,0,40,0,0,203,2,205,0,2,241,2,245,88,0,88,333
06/23/2000,ENW,WI,AGL,CE,Federal Contract Tower,0,2,42,0,44,0,1,201,0,202,0,3,243,0,246,146,0,146,392
06/24/2000,ENW,WI,AGL,CE,Federal Contract Tower,0,1,41,0,42,0,0,110,0,110,0,1,151,0,152,100,0,100,252
06/25/2000,ENW,WI,AGL,CE,Federal Contract Tower,0,3,62,0,65,0,0,236,0,236,0,3,298,0,301,80,0,80,381
06/26/2000,ENW,WI,AGL,CE,Federal Contract Tower,0,3,52,0,55,0,0,137,2,139,0,3,189,2,194,158,0,158,352
06/27/2000,ENW,WI,AGL,CE,Federal Contract Tower,0,2,46,0,48,0,2,217,0,219,0,4,263,0,267,120,0,120,387
06/28/2000,ENW,WI,AGL,CE,Federal Contract Tower,0,2,51,0,53,0,0,126,0,126,0,2,177,0,179,110,0,110,289
06/29/2000,ENW,WI,AGL,CE,Federal Contract Tower,0,2,46,0,48,0,0,188,0,188,0,2,234,0,236,186,0,186,422
06/30/2000,ENW,WI,AGL,CE,Federal Contract Tower,0,0,32,0,32,0,0,154,0,154,0,0,186,0,186,64,0,64,250
07/01/2000,ENW,WI,AGL,CE,Federal Contract Tower,0,1,24,0,25,0,0,207,0,207,0,1,231,0,232,136,0,136,368
07/02/2000,ENW,WI,AGL,CE,Federal Contract Tower,0,3,28,0,31,0,7,97,6,110,0,10,125,6,141,60,0,60,201
07/03/2000,ENW,WI,AGL,CE,Federal Contract Tower,0,0,30,0,30,0,0,33,0,33,0,0,63,0,63,0,0,0,63
07/04/2000,ENW,WI,AGL,CE,Federal Contract Tower,0,0,25,0,25,0,0,129,8,137,0,0,154,8,162,116,0,116,278
07/05/2000,ENW,WI,AGL,CE,Federal Contract Tower,0,2,42,0,44,0,0,136,0,136,0,2,178,0,180,76,0,76,256
07/06/2000,ENW,WI,AGL,CE,Federal Contract Tower,0,2,30,0,32,0,0,160,0,160,0,2,190,0,192,122,0,122,314
07/07/2000,ENW,WI,AGL,CE,Federal Contract Tower,0,2,18,0,20,0,0,353,0,353,0,2,371,0,373,96,0,96,469
07/08/2000,ENW,WI,AGL,CE,Federal Contract Tower,0,0,6,0,6,0,0,337,0,337,0,0,343,0,343,12,0,12,355
07/09/2000,ENW,WI,AGL,CE,Federal Contract Tower,0,0,0,0,0,0,1,178,0,179,0,1,178,0,179,68,0,68,247
07/10/2000,ENW,WI,AGL,CE,Federal Contract Tower,0,2,42,0,44,0,0,97,0,97,0,2,139,0,141,94,0,94,235
07/11/2000,ENW,WI,AGL,CE,Federal Contract Tower,0,2,51,0,53,0,0,82,0,82,0,2,133,0,135,144,0,144,279
07/12/2000,ENW,WI,AGL,CE,Federal Contract Tower,0,3,36,0,39,0,0,183,0,183,0,3,219,0,222,148,0,148,370
07/13/2000,ENW,WI,AGL,CE,Federal Contract Tower,0,4,45,0,49,0,1,251,0,252,0,5,296,0,301,226,0,226,527
07/14/2000,ENW,WI,AGL,CE,Federal Contract Tower,0,2,25,0,27,0,2,228,0,230,0,4,253,0,257,168,0,168,425
07/15/2000,ENW,WI,AGL,CE,Federal Contract Tower,0,2,39,0,41,0,0,270,0,270,0,2,309,0,311,156,0,156,467
07/16/2000,ENW,WI,AGL,CE,Federal Contract Tower,0,0,38,0,38,0,0,187,0,187,0,0,225,0,225,130,0,130,355
07/17/2000,ENW,WI,AGL,CE,Federal Contract Tower,0,1,28,0,29,0,8,172,5,185,0,9,200,5,214,178,0,178,392
07/18/2000,ENW,WI,AGL,CE,Federal Contract Tower,0,3,52,0,55,0,13,210,0,223,0,16,262,0,278,172,0,172,450
07/19/2000,ENW,WI,AGL,CE,Federal Contract Tower,0,3,55,0,58,0,1,220,0,221,0,4,275,0,279,216,0,216,495
07/20/2000,ENW,WI,AGL,CE,Federal Contract Tower,0,3,42,0,45,0,1,155,2,158,0,4,197,2,203,118,0,118,321
07/21/2000,ENW,WI,AGL,CE,Federal Contract Tower,0,1,35,0,36,0,0,347,0,347,0,1,382,0,383,180,0,180,563
07/22/2000,ENW,WI,AGL,CE,Federal Contract Tower,0,0,44,0,44,0,0,463,0,463,0,0,507,0,507,122,0,122,629
07/23/2000,ENW,WI,AGL,CE,Federal Contract Tower,0,0,22,0,22,0,0,590,0,590,0,0,612,0,612,72,0,72,684
07/24/2000,ENW,WI,AGL,CE,Federal Contract Tower,0,1,18,0,19,0,0,626,0,626,0,1,644,0,645,248,0,248,893
07/25/2000,ENW,WI,AGL,CE,Federal Contract Tower,0,3,48,0,51,0,1,449,0,450,0,4,497,0,501,140,0,140,641
07/26/2000,ENW,WI,AGL,CE,Federal Contract Tower,0,1,28,0,29,0,8,111,0,119,0,9,139,0,148,120,0,120,268
07/27/2000,ENW,WI,AGL,CE,Federal Contract Tower,0,3,42,0,45,0,3,177,0,180,0,6,219,0,225,38,0,38,263
07/28/2000,ENW,WI,AGL,CE,Federal Contract Tower,0,2,45,0,47,0,0,124,2,126,0,2,169,2,173,70,0,70,243
07/29/2000,ENW,WI,AGL,CE,Federal Contract Tower,0,0,42,0,42,0,0,61,0,61,0,0,103,0,103,2,0,2,105
07/30/2000,ENW,WI,AGL,CE,Federal Contract Tower,0,1,53,0,54,0,0,38,0,38,0,1,91,0,92,0,0,0,92
07/31/2000,ENW,WI,AGL,CE,Federal Contract Tower,0,0,16,0,16,0,0,14,0,14,0,0,30,0,30,0,0,0,30
08/01/2000,ENW,WI,AGL,CE,Federal Contract Tower,0,3,43,0,46,0,3,131,0,134,0,6,174,0,180,132,0,132,312
08/02/2000,ENW,WI,AGL,CE,Federal Contract Tower,0,3,41,0,44,0,1,164,0,165,0,4,205,0,209,100,0,100,309
08/03/2000,ENW,WI,AGL,CE,Federal Contract Tower,0,3,38,0,41,0,3,165,0,168,0,6,203,0,209,146,0,146,355
08/04/2000,ENW,WI,AGL,CE,Federal Contract Tower,0,3,32,0,35,0,2,259,0,261,0,5,291,0,296,204,0,204,500
08/05/2000,ENW,WI,AGL,CE,Federal Contract Tower,0,0,14,0,14,0,0,91,0,91,0,0,105,0,105,88,0,88,193
08/06/2000,ENW,WI,AGL,CE,Federal Contract Tower,0,2,37,0,39,0,0,105,0,105,0,2,142,0,144,22,0,22,166
08/07/2000,ENW,WI,AGL,CE,Federal Contract Tower,0,2,29,0,31,0,0,186,0,186,0,2,215,0,217,168,0,168,385
08/08/2000,ENW,WI,AGL,CE,Federal Contract Tower,0,0,42,0,42,0,0,192,0,192,0,0,234,0,234,128,0,128,362
08/09/2000,ENW,WI,AGL,CE,Federal Contract Tower,0,3,38,0,41,0,0,207,4,211,0,3,245,4,252,196,0,196,448
08/10/2000,ENW,WI,AGL,CE,Federal Contract Tower,0,3,41,0,44,0,0,174,1,175,0,3,215,1,219,140,0,140,359
08/11/2000,ENW,WI,AGL,CE,Federal Contract Tower,0,0,37,0,37,0,0,194,0,194,0,0,231,0,231,148,0,148,379
08/12/2000,ENW,WI,AGL,CE,Federal Contract Tower,0,3,35,0,38,0,1,217,0,218,0,4,252,0,256,96,0,96,352
08/13/2000,ENW,WI,AGL,CE,Federal Contract Tower,0,3,30,0,33,0,1,207,0,208,0,4,237,0,241,194,0,194,435
08/14/2000,ENW,WI,AGL,CE,Federal Contract Tower,0,1,30,0,31,0,0,112,0,112,0,1,142,0,143,158,0,158,301
08/15/2000,ENW,WI,AGL,CE,Federal Contract Tower,0,2,28,0,30,0,3,105,0,108,0,5,133,0,138,76,0,76,214
08/16/2000,ENW,WI,AGL,CE,Federal Contract Tower,0,2,34,0,36,0,0,201,0,201,0,2,235,0,237,164,0,164,401
08/17/2000,ENW,WI,AGL,CE,Federal Contract Tower,0,3,47,0,50,0,1,52,0,53,0,4,99,0,103,56,0,56,159
08/18/2000,ENW,WI,AGL,CE,Federal Contract Tower,0,2,44,0,46,0,3,172,0,175,0,5,216,0,221,134,0,134,355
08/19/2000,ENW,WI,AGL,CE,Federal Contract Tower,0,0,33,0,33,0,0,182,0,182,0,0,215,0,215,96,0,96,311
08/20/2000,ENW,WI,AGL,CE,Federal Contract Tower,0,0,39,0,39,0,0,195,0,195,0,0,234,0,234,112,0,112,346
08/21/2000,ENW,WI,AGL,CE,Federal Contract Tower,0,2,37,0,39,0,0,145,0,145,0,2,182,0,184,80,0,80,264
08/22/2000,ENW,WI,AGL,CE,Federal Contract Tower,0,2,32,0,34,0,0,67,0,67,0,2,99,0,101,94,0,94,195
08/23/2000,ENW,WI,AGL,CE,Federal Contract Tower,0,0,59,0,59,0,0,105,0,105,0,0,164,0,164,74,0,74,238
08/24/2000,ENW,WI,AGL,CE,Federal Contract Tower,0,2,30,0,32,0,2,162,0,164,0,4,192,0,196,108,0,108,304
08/25/2000,ENW,WI,AGL,CE,Federal Contract Tower,0,2,39,0,41,0,0,161,0,161,0,2,200,0,202,158,0,158,360
08/26/2000,ENW,WI,AGL,CE,Federal Contract Tower,0,1,23,0,24,0,0,90,1,91,0,1,113,1,115,42,32,74,189
08/27/2000,ENW,WI,AGL,CE,Federal Contract Tower,0,1,36,0,37,0,0,146,0,146,0,1,182,0,183,38,0,38,221
08/28/2000,ENW,WI,AGL,CE,Federal Contract Tower,0,1,30,0,31,0,1,90,0,91,0,2,120,0,122,150,0,150,272
08/29/2000,ENW,WI,AGL,CE,Federal Contract Tower,0,5,78,0,83,0,0,38,0,38,0,5,116,0,121,6,0,6,127
08/30/2000,ENW,WI,AGL,CE,Federal Contract Tower,0,2,36,0,38,0,3,10,0,13,0,5,46,0,51,22,0,22,73
08/31/2000,ENW,WI,AGL,CE,Federal Contract Tower,0,2,41,0,43,0,2,142,0,144,0,4,183,0,187,80,0,80,267
09/01/2000,ENW,WI,AGL,CE,Federal Contract Tower,0,3,26,0,29,0,7,139,2,148,0,10,165,2,177,122,0,122,299
09/02/2000,ENW,WI,AGL,CE,Federal Contract Tower,0,2,26,0,28,0,0,109,0,109,0,2,135,0,137,110,0,110,247
09/03/2000,ENW,WI,AGL,CE,Federal Contract Tower,0,0,22,0,22,0,0,99,0,99,0,0,121,0,121,92,0,92,213
09/04/2000,ENW,WI,AGL,CE,Federal Contract Tower,0,0,70,0,70,0,0,96,2,98,0,0,166,2,168,70,0,70,238
09/05/2000,ENW,WI,AGL,CE,Federal Contract Tower,0,4,42,0,46,0,4,179,0,183,0,8,221,0,229,130,0,130,359
09/06/2000,ENW,WI,AGL,CE,Federal Contract Tower,0,3,36,0,39,0,4,188,0,192,0,7,224,0,231,144,0,144,375
09/07/2000,ENW,WI,AGL,CE,Federal Contract Tower,0,2,22,0,24,0,3,153,0,156,0,5,175,0,180,92,0,92,272
09/08/2000,ENW,WI,AGL,CE,Federal Contract Tower,0,0,29,0,29,0,0,105,0,105,0,0,134,0,134,110,0,110,244
09/09/2000,ENW,WI,AGL,CE,Federal Contract Tower,0,0,49,0,49,0,0,182,0,182,0,0,231,0,231,26,0,26,257
09/10/2000,ENW,WI,AGL,CE,Federal Contract Tower,0,1,23,0,24,0,0,82,0,82,0,1,105,0,106,46,0,46,152
09/11/2000,ENW,WI,AGL,CE,Federal Contract Tower,0,0,22,0,22,0,0,11,0,11,0,0,33,0,33,0,0,0,33
09/12/2000,ENW,WI,AGL,CE,Federal Contract Tower,0,2,15,0,17,0,2,150,0,152,0,4,165,0,169,168,0,168,337
09/13/2000,ENW,WI,AGL,CE,Federal Contract Tower,0,3,31,0,34,0,3,177,0,180,0,6,208,0,214,98,0,98,312
09/14/2000,ENW,WI,AGL,CE,Federal Contract Tower,0,3,27,0,30,0,3,101,0,104,0,6,128,0,134,84,0,84,218
09/15/2000,ENW,WI,AGL,CE,Federal Contract Tower,0,2,38,0,40,0,4,145,0,149,0,6,183,0,189,100,0,100,289
09/16/2000,ENW,WI,AGL,CE,Federal Contract Tower,0,0,21,0,21,0,0,233,0,233,0,0,254,0,254,148,0,148,402
09/17/2000,ENW,WI,AGL,CE,Federal Contract Tower,0,0,21,0,21,0,0,200,0,200,0,0,221,0,221,90,0,90,311
09/18/2000,ENW,WI,AGL,CE,Federal Contract Tower,0,2,29,0,31,0,4,118,0,122,0,6,147,0,153,32,0,32,185
09/19/2000,ENW,WI,AGL,CE,Federal Contract Tower,0,1,18,0,19,0,2,139,0,141,0,3,157,0,160,98,0,98,258
09/20/2000,ENW,WI,AGL,CE,Federal Contract Tower,0,3,45,0,48,0,0,92,0,92,0,3,137,0,140,62,0,62,202
09/21/2000,ENW,WI,AGL,CE,Federal Contract Tower,0,2,46,0,48,0,0,266,0,266,0,2,312,0,314,132,0,132,446
09/22/2000,ENW,WI,AGL,CE,Federal Contract Tower,0,0,12,0,12,0,1,18,0,19,0,1,30,0,31,14,0,14,45
09/23/2000,ENW,WI,AGL,CE,Federal Contract Tower,0,0,45,0,45,0,0,26,0,26,0,0,71,0,71,36,0,36,107
09/24/2000,ENW,WI,AGL,CE,Federal Contract Tower,0,2,35,0,37,0,1,82,0,83,0,3,117,0,120,62,0,62,182
09/25/2000,ENW,WI,AGL,CE,Federal Contract Tower,0,0,39,0,39,0,0,133,0,133,0,0,172,0,172,122,0,122,294
09/26/2000,ENW,WI,AGL,CE,Federal Contract Tower,0,2,28,0,30,0,0,213,0,213,0,2,241,0,243,206,0,206,449
09/27/2000,ENW,WI,AGL,CE,Federal Contract Tower,0,2,37,0,39,0,3,173,0,176,0,5,210,0,215,92,0,92,307
09/28/2000,ENW,WI,AGL,CE,Federal Contract Tower,0,2,42,0,44,0,0,208,0,208,0,2,250,0,252,104,0,104,356
09/29/2000,ENW,WI,AGL,CE,Federal Contract Tower,0,2,36,0,38,0,1,222,0,223,0,3,258,0,261,128,0,128,389
09/30/2000,ENW,WI,AGL,CE,Federal Contract Tower,0,2,34,0,36,0,1,208,0,209,0,3,242,0,245,108,0,108,353
10/01/2000,ENW,WI,AGL,CE,Federal Contract Tower,0,0,15,0,15,0,0,133,0,133,0,0,148,0,148,54,0,54,202
10/02/2000,ENW,WI,AGL,CE,Federal Contract Tower,0,2,27,0,29,0,2,114,0,116,0,4,141,0,145,116,0,116,261
10/03/2000,ENW,WI,AGL,CE,Federal Contract Tower,0,3,34,0,37,0,3,184,0,187,0,6,218,0,224,178,0,178,402
10/04/2000,ENW,WI,AGL,CE,Federal Contract Tower,0,3,35,0,38,0,3,152,0,155,0,6,187,0,193,90,0,90,283
10/05/2000,ENW,WI,AGL,CE,Federal Contract Tower,0,4,52,0,56,0,3,102,0,105,0,7,154,0,161,86,0,86,247
10/06/2000,ENW,WI,AGL,CE,Federal Contract Tower,0,1,29,0,30,0,0,86,0,86,0,1,115,0,116,22,0,22,138
10/07/2000,ENW,WI,AGL,CE,Federal Contract Tower,0,0,38,0,38,0,0,183,0,183,0,0,221,0,221,144,0,144,365
10/08/2000,ENW,WI,AGL,CE,Federal Contract Tower,0,0,26,0,26,0,0,150,0,150,0,0,176,0,176,36,0,36,212
10/09/2000,ENW,WI,AGL,CE,Federal Contract Tower,0,1,27,0,28,0,0,114,0,114,0,1,141,0,142,94,0,94,236
10/10/2000,ENW,WI,AGL,CE,Federal Contract Tower,0,3,46,0,49,0,2,186,0,188,0,5,232,0,237,166,0,166,403
10/11/2000,ENW,WI,AGL,CE,Federal Contract Tower,0,3,38,0,41,0,6,170,2,178,0,9,208,2,219,160,8,168,387
10/12/2000,ENW,WI,AGL,CE,Federal Contract Tower,0,4,47,0,51,0,2,221,0,223,0,6,268,0,274,128,0,128,402
10/13/2000,ENW,WI,AGL,CE,Federal Contract Tower,0,0,22,0,22,0,0,197,2,199,0,0,219,2,221,168,0,168,389
10/14/2000,ENW,WI,AGL,CE,Federal Contract Tower,0,0,41,0,41,0,0,181,4,185,0,0,222,4,226,140,0,140,366
10/15/2000,ENW,WI,AGL,CE,Federal Contract Tower,0,0,59,0,59,0,0,35,0,35,0,0,94,0,94,0,0,0,94
10/16/2000,ENW,WI,AGL,CE,Federal Contract Tower,0,1,26,0,27,0,0,47,0,47,0,1,73,0,74,54,0,54,128
10/17/2000,ENW,WI,AGL,CE,Federal Contract Tower,0,2,41,0,43,0,4,148,0,152,0,6,189,0,195,112,0,112,307
10/18/2000,ENW,WI,AGL,CE,Federal Contract Tower,0,2,32,0,34,0,4,171,0,175,0,6,203,0,209,222,0,222,431
10/19/2000,ENW,WI,AGL,CE,Federal Contract Tower,0,2,43,0,45,0,1,183,0,184,0,3,226,0,229,188,0,188,417
10/20/2000,ENW,WI,AGL,CE,Federal Contract Tower,0,0,25,0,25,0,0,174,0,174,0,0,199,0,199,80,0,80,279
10/21/2000,ENW,WI,AGL,CE,Federal Contract Tower,0,0,22,0,22,0,0,260,0,260,0,0,282,0,282,138,0,138,420
10/22/2000,ENW,WI,AGL,CE,Federal Contract Tower,0,0,27,0,27,0,0,213,0,213,0,0,240,0,240,62,0,62,302
10/23/2000,ENW,WI,AGL,CE,Federal Contract Tower,0,1,32,0,33,0,1,12,0,13,0,2,44,0,46,0,0,0,46
10/24/2000,ENW,WI,AGL,CE,Federal Contract Tower,0,2,40,0,42,0,1,45,0,46,0,3,85,0,88,0,0,0,88
10/25/2000,ENW,WI,AGL,CE,Federal Contract Tower,0,1,22,0,23,0,2,8,0,10,0,3,30,0,33,0,0,0,33
10/26/2000,ENW,WI,AGL,CE,Federal Contract Tower,0,2,58,0,60,0,0,94,0,94,0,2,152,0,154,44,0,44,198
10/27/2000,ENW,WI,AGL,CE,Federal Contract Tower,0,3,54,0,57,0,0,131,0,131,0,3,185,0,188,108,0,108,296
10/28/2000,ENW,WI,AGL,CE,Federal Contract Tower,0,2,49,0,51,0,0,157,0,157,0,2,206,0,208,118,0,118,326
10/29/2000,ENW,WI,AGL,CE,Federal Contract Tower,0,0,37,0,37,0,0,227,0,227,0,0,264,0,264,168,0,168,432
10/30/2000,ENW,WI,AGL,CE,Federal Contract Tower,0,1,34,0,35,0,0,179,0,179,0,1,213,0,214,128,0,128,342
10/31/2000,ENW,WI,AGL,CE,Federal Contract Tower,0,2,41,0,43,0,0,159,0,159,0,2,200,0,202,114,0,114,316
11/01/2000,ENW,WI,AGL,CE,Federal Contract Tower,0,2,28,0,30,0,0,159,0,159,0,2,187,0,189,78,0,78,267
11/02/2000,ENW,WI,AGL,CE,Federal Contract Tower,0,1,37,0,38,0,0,163,0,163,0,1,200,0,201,102,0,102,303
11/03/2000,ENW,WI,AGL,CE,Federal Contract Tower,0,3,34,0,37,0,2,146,0,148,0,5,180,0,185,78,0,78,263
11/04/2000,ENW,WI,AGL,CE,Federal Contract Tower,0,2,27,0,29,0,9,214,0,223,0,11,241,0,252,258,0,258,510
11/05/2000,ENW,WI,AGL,CE,Federal Contract Tower,0,2,23,0,25,0,2,223,0,225,0,4,246,0,250,142,0,142,392
11/06/2000,ENW,WI,AGL,CE,Federal Contract Tower,0,2,16,0,18,0,0,63,0,63,0,2,79,0,81,36,0,36,117
11/07/2000,ENW,WI,AGL,CE,Federal Contract Tower,0,0,15,0,15,0,0,71,0,71,0,0,86,0,86,58,0,58,144
11/08/2000,ENW,WI,AGL,CE,Federal Contract Tower,0,0,26,0,26,0,0,147,0,147,0,0,173,0,173,138,0,138,311
11/09/2000,ENW,WI,AGL,CE,Federal Contract Tower,0,0,4,0,4,0,0,1,0,1,0,0,5,0,5,0,0,0,5
11/10/2000,ENW,WI,AGL,CE,Federal Contract Tower,0,1,34,0,35,0,0,149,0,149,0,1,183,0,184,100,0,100,284
11/11/2000,ENW,WI,AGL,CE,Federal Contract Tower,0,2,40,0,42,0,0,277,0,277,0,2,317,0,319,196,0,196,515
11/12/2000,ENW,WI,AGL,CE,Federal Contract Tower,0,0,25,0,25,0,0,74,0,74,0,0,99,0,99,80,0,80,179
11/13/2000,ENW,WI,AGL,CE,Federal Contract Tower,0,1,7,0,8,0,2,67,0,69,0,3,74,0,77,60,0,60,137
11/14/2000,ENW,WI,AGL,CE,Federal Contract Tower,0,0,13,0,13,0,0,90,0,90,0,0,103,0,103,60,0,60,163
11/15/2000,ENW,WI,AGL,CE,Federal Contract Tower,0,2,27,0,29,0,0,148,0,148,0,2,175,0,177,188,0,188,365
11/16/2000,ENW,WI,AGL,CE,Federal Contract Tower,0,1,11,0,12,0,5,49,0,54,0,6,60,0,66,28,0,28,94
11/17/2000,ENW,WI,AGL,CE,Federal Contract Tower,0,2,24,0,26,0,2,70,0,72,0,4,94,0,98,60,0,60,158
11/18/2000,ENW,WI,AGL,CE,Federal Contract Tower,0,3,35,0,38,0,0,68,0,68,0,3,103,0,106,92,0,92,198
11/19/2000,ENW,WI,AGL,CE,Federal Contract Tower,0,1,21,0,22,0,3,86,0,89,0,4,107,0,111,132,0,132,243
11/20/2000,ENW,WI,AGL,CE,Federal Contract Tower,0,0,11,0,11,0,3,43,0,46,0,3,54,0,57,30,0,30,87
11/21/2000,ENW,WI,AGL,CE,Federal Contract Tower,0,0,20,0,20,0,0,128,0,128,0,0,148,0,148,128,0,128,276
11/22/2000,ENW,WI,AGL,CE,Federal Contract Tower,0,0,24,0,24,0,0,130,0,130,0,0,154,0,154,94,0,94,248
11/23/2000,ENW,WI,AGL,CE,Federal Contract Tower,0,0,11,0,11,0,0,88,0,88,0,0,99,0,99,76,0,76,175
11/24/2000,ENW,WI,AGL,CE,Federal Contract Tower,0,0,17,0,17,0,0,157,0,157,0,0,174,0,174,52,0,52,226
11/25/2000,ENW,WI,AGL,CE,Federal Contract Tower,0,4,75,0,79,0,0,90,0,90,0,4,165,0,169,80,0,80,249
11/26/2000,ENW,WI,AGL,CE,Federal Contract Tower,0,1,21,0,22,0,2,8,0,10,0,3,29,0,32,0,0,0,32
11/27/2000,ENW,WI,AGL,CE,Federal Contract Tower,0,0,16,0,16,0,0,1,0,1,0,0,17,0,17,0,0,0,17
11/28/2000,ENW,WI,AGL,CE,Federal Contract Tower,0,1,31,0,32,0,0,123,0,123,0,1,154,0,155,126,0,126,281
11/29/2000,ENW,WI,AGL,CE,Federal Contract Tower,0,0,10,0,10,0,1,12,0,13,0,1,22,0,23,2,0,2,25
11/30/2000,ENW,WI,AGL,CE,Federal Contract Tower,0,0,9,0,9,0,1,33,0,34,0,1,42,0,43,96,0,96,139
12/01/2000,ENW,WI,AGL,CE,Federal Contract Tower,0,2,20,0,22,0,2,44,0,46,0,4,64,0,68,64,0,64,132
12/02/2000,ENW,WI,AGL,CE,Federal Contract Tower,0,1,25,0,26,0,0,117,0,117,0,1,142,0,143,176,0,176,319
12/03/2000,ENW,WI,AGL,CE,Federal Contract Tower,0,1,24,0,25,0,0,205,0,205,0,1,229,0,230,184,0,184,414
12/04/2000,ENW,WI,AGL,CE,Federal Contract Tower,0,2,19,0,21,0,1,72,0,73,0,3,91,0,94,156,0,156,250
12/05/2000,ENW,WI,AGL,CE,Federal Contract Tower,0,2,20,0,22,0,0,90,0,90,0,2,110,0,112,86,0,86,198
12/06/2000,ENW,WI,AGL,CE,Federal Contract Tower,0,4,38,0,42,0,4,60,0,64,0,8,98,0,106,46,0,46,152
12/07/2000,ENW,WI,AGL,CE,Federal Contract Tower,0,1,7,0,8,0,3,8,0,11,0,4,15,0,19,6,0,6,25
12/08/2000,ENW,WI,AGL,CE,Federal Contract Tower,0,3,24,0,27,0,9,139,0,148,0,12,163,0,175,154,0,154,329
12/09/2000,ENW,WI,AGL,CE,Federal Contract Tower,0,0,23,0,23,0,0,100,0,100,0,0,123,0,123,202,0,202,325
12/10/2000,ENW,WI,AGL,CE,Federal Contract Tower,0,0,8,0,8,0,0,10,0,10,0,0,18,0,18,36,0,36,54
12/11/2000,ENW,WI,AGL,CE,Federal Contract Tower,0,0,0,0,0,0,0,0,0,0,0,0,0,0,0,0,0,0,0
12/12/2000,ENW,WI,AGL,CE,Federal Contract Tower,0,0,10,0,10,0,0,53,0,53,0,0,63,0,63,84,0,84,147
12/13/2000,ENW,WI,AGL,CE,Federal Contract Tower,0,1,17,0,18,0,0,24,0,24,0,1,41,0,42,56,0,56,98
12/14/2000,ENW,WI,AGL,CE,Federal Contract Tower,0,2,21,0,23,0,0,79,0,79,0,2,100,0,102,62,0,62,164
12/15/2000,ENW,WI,AGL,CE,Federal Contract Tower,0,1,12,0,13,0,0,2,0,2,0,1,14,0,15,0,0,0,15
12/16/2000,ENW,WI,AGL,CE,Federal Contract Tower,0,0,6,0,6,0,4,0,0,4,0,4,6,0,10,10,0,10,20
12/17/2000,ENW,WI,AGL,CE,Federal Contract Tower,0,0,12,0,12,0,0,34,0,34,0,0,46,0,46,10,0,10,56
12/18/2000,ENW,WI,AGL,CE,Federal Contract Tower,0,1,13,0,14,0,0,3,0,3,0,1,16,0,17,0,0,0,17
12/19/2000,ENW,WI,AGL,CE,Federal Contract Tower,0,1,17,0,18,0,2,72,0,74,0,3,89,0,92,48,0,48,140
12/20/2000,ENW,WI,AGL,CE,Federal Contract Tower,0,0,15,0,15,0,0,34,0,34,0,0,49,0,49,106,0,106,155
12/21/2000,ENW,WI,AGL,CE,Federal Contract Tower,0,0,12,0,12,0,0,32,0,32,0,0,44,0,44,8,0,8,52
12/22/2000,ENW,WI,AGL,CE,Federal Contract Tower,0,0,18,0,18,0,0,78,0,78,0,0,96,0,96,92,0,92,188
12/23/2000,ENW,WI,AGL,CE,Federal Contract Tower,0,0,4,0,4,0,0,8,0,8,0,0,12,0,12,30,0,30,42
12/24/2000,ENW,WI,AGL,CE,Federal Contract Tower,0,0,12,0,12,0,0,34,0,34,0,0,46,0,46,16,0,16,62
12/25/2000,ENW,WI,AGL,CE,Federal Contract Tower,0,0,0,0,0,0,0,0,0,0,0,0,0,0,0,0,0,0,0
12/26/2000,ENW,WI,AGL,CE,Federal Contract Tower,0,1,17,0,18,0,1,76,0,77,0,2,93,0,95,50,0,50,145
12/27/2000,ENW,WI,AGL,CE,Federal Contract Tower,0,0,22,0,22,0,0,85,0,85,0,0,107,0,107,64,0,64,171
12/28/2000,ENW,WI,AGL,CE,Federal Contract Tower,0,0,11,0,11,0,0,25,0,25,0,0,36,0,36,0,0,0,36
12/29/2000,ENW,WI,AGL,CE,Federal Contract Tower,0,0,4,0,4,0,0,0,0,0,0,0,4,0,4,0,0,0,4
12/30/2000,ENW,WI,AGL,CE,Federal Contract Tower,0,0,2,0,2,0,0,1,0,1,0,0,3,0,3,0,0,0,3
12/31/2000,ENW,WI,AGL,CE,Federal Contract Tower,0,0,7,0,7,0,1,30,0,31,0,1,37,0,38,40,0,40,78
01/01/2001,ENW,WI,AGL,CE,Federal Contract Tower,0,2,21,0,23,0,3,86,0,89,0,5,107,0,112,42,0,42,154
01/02/2001,ENW,WI,AGL,CE,Federal Contract Tower,0,2,21,0,23,0,2,147,0,149,0,4,168,0,172,114,0,114,286
01/03/2001,ENW,WI,AGL,CE,Federal Contract Tower,0,1,10,0,11,0,2,0,0,2,0,3,10,0,13,22,0,22,35
01/04/2001,ENW,WI,AGL,CE,Federal Contract Tower,0,0,17,0,17,0,0,15,0,15,0,0,32,0,32,0,0,0,32
01/05/2001,ENW,WI,AGL,CE,Federal Contract Tower,0,0,34,0,34,0,0,92,0,92,0,0,126,0,126,40,0,40,166
01/06/2001,ENW,WI,AGL,CE,Federal Contract Tower,0,0,24,0,24,0,0,144,0,144,0,0,168,0,168,132,0,132,300
01/07/2001,ENW,WI,AGL,CE,Federal Contract Tower,0,3,33,0,36,0,8,136,0,144,0,11,169,0,180,62,0,62,242
01/08/2001,ENW,WI,AGL,CE,Federal Contract Tower,0,2,32,0,34,0,0,159,0,159,0,2,191,0,193,176,0,176,369
01/09/2001,ENW,WI,AGL,CE,Federal Contract Tower,0,3,29,0,32,0,0,126,4,130,0,3,155,4,162,92,0,92,254
01/10/2001,ENW,WI,AGL,CE,Federal Contract Tower,0,4,29,0,33,0,0,182,0,182,0,4,211,0,215,276,0,276,491
01/11/2001,ENW,WI,AGL,CE,Federal Contract Tower,0,1,1,0,2,0,1,157,0,158,0,2,158,0,160,164,0,164,324
01/12/2001,ENW,WI,AGL,CE,Federal Contract Tower,0,0,22,0,22,0,0,23,0,23,0,0,45,0,45,54,0,54,99
01/13/2001,ENW,WI,AGL,CE,Federal Contract Tower,0,0,14,0,14,0,0,11,0,11,0,0,25,0,25,8,0,8,33
01/14/2001,ENW,WI,AGL,CE,Federal Contract Tower,0,1,1,0,2,0,0,0,0,0,0,1,1,0,2,0,0,0,2
01/15/2001,ENW,WI,AGL,CE,Federal Contract Tower,0,0,8,0,8,0,2,8,0,10,0,2,16,0,18,24,0,24,42
01/16/2001,ENW,WI,AGL,CE,Federal Contract Tower,0,2,21,0,23,0,2,64,0,66,0,4,85,0,89,62,0,62,151
01/17/2001,ENW,WI,AGL,CE,Federal Contract Tower,0,3,28,0,31,0,4,101,0,105,0,7,129,0,136,146,0,146,282
01/18/2001,ENW,WI,AGL,CE,Federal Contract Tower,0,3,30,0,33,0,1,169,0,170,0,4,199,0,203,168,0,168,371
01/19/2001,ENW,WI,AGL,CE,Federal Contract Tower,0,0,19,0,19,0,0,44,0,44,0,0,63,0,63,68,0,68,131
01/20/2001,ENW,WI,AGL,CE,Federal Contract Tower,0,0,37,0,37,0,0,141,0,141,0,0,178,0,178,98,0,98,276
01/21/2001,ENW,WI,AGL,CE,Federal Contract Tower,0,0,29,0,29,0,0,180,0,180,0,0,209,0,209,164,0,164,373
01/22/2001,ENW,WI,AGL,CE,Federal Contract Tower,0,2,23,0,25,0,1,125,0,126,0,3,148,0,151,142,0,142,293
01/23/2001,ENW,WI,AGL,CE,Federal Contract Tower,0,4,45,0,49,0,3,14,0,17,0,7,59,0,66,42,0,42,108
01/24/2001,ENW,WI,AGL,CE,Federal Contract Tower,0,4,40,0,44,14,0,100,0,114,14,4,140,0,158,78,0,78,236
01/25/2001,ENW,WI,AGL,CE,Federal Contract Tower,0,2,21,0,23,0,2,122,0,124,0,4,143,0,147,168,0,168,315
01/26/2001,ENW,WI,AGL,CE,Federal Contract Tower,0,0,5,0,5,0,0,21,0,21,0,0,26,0,26,24,0,24,50
01/27/2001,ENW,WI,AGL,CE,Federal Contract Tower,0,3,28,0,31,0,30,162,0,192,0,33,190,0,223,156,0,156,379
01/28/2001,ENW,WI,AGL,CE,Federal Contract Tower,0,0,21,0,21,0,0,122,0,122,0,0,143,0,143,124,0,124,267
01/29/2001,ENW,WI,AGL,CE,Federal Contract Tower,0,0,4,0,4,0,0,0,0,0,0,0,4,0,4,0,0,0,4
01/30/2001,ENW,WI,AGL,CE,Federal Contract Tower,0,0,4,0,4,0,2,0,0,2,0,2,4,0,6,0,0,0,6
01/31/2001,ENW,WI,AGL,CE,Federal Contract Tower,0,2,24,0,26,0,3,62,0,65,0,5,86,0,91,32,0,32,123
02/01/2001,ENW,WI,AGL,CE,Federal Contract Tower,0,2,26,0,28,0,0,103,0,103,0,2,129,0,131,134,0,134,265
02/02/2001,ENW,WI,AGL,CE,Federal Contract Tower,0,2,17,0,19,0,0,71,0,71,0,2,88,0,90,68,0,68,158
02/03/2001,ENW,WI,AGL,CE,Federal Contract Tower,0,2,20,0,22,0,0,81,0,81,0,2,101,0,103,62,0,62,165
02/04/2001,ENW,WI,AGL,CE,Federal Contract Tower,0,0,11,0,11,0,0,16,0,16,0,0,27,0,27,62,0,62,89
02/05/2001,ENW,WI,AGL,CE,Federal Contract Tower,0,1,15,0,16,0,0,101,0,101,0,1,116,0,117,156,0,156,273
02/06/2001,ENW,WI,AGL,CE,Federal Contract Tower,0,4,20,0,24,0,2,129,0,131,0,6,149,0,155,256,0,256,411
02/07/2001,ENW,WI,AGL,CE,Federal Contract Tower,0,1,49,0,50,0,0,79,0,79,0,1,128,0,129,0,0,0,129
02/08/2001,ENW,WI,AGL,CE,Federal Contract Tower,0,0,14,0,14,0,0,7,0,7,0,0,21,0,21,0,0,0,21
02/09/2001,ENW,WI,AGL,CE,Federal Contract Tower,0,1,6,0,7,0,0,2,0,2,0,1,8,0,9,0,0,0,9
02/10/2001,ENW,WI,AGL,CE,Federal Contract Tower,0,6,26,0,32,0,41,105,0,146,0,47,131,0,178,80,0,80,258
02/11/2001,ENW,WI,AGL,CE,Federal Contract Tower,0,0,16,0,16,0,0,72,0,72,0,0,88,0,88,102,0,102,190
02/12/2001,ENW,WI,AGL,CE,Federal Contract Tower,0,2,16,0,18,0,0,97,0,97,0,2,113,0,115,184,0,184,299
02/13/2001,ENW,WI,AGL,CE,Federal Contract Tower,0,4,20,0,24,0,24,22,0,46,0,28,42,0,70,66,0,66,136
02/14/2001,ENW,WI,AGL,CE,Federal Contract Tower,0,0,12,0,12,0,0,6,0,6,0,0,18,0,18,0,0,0,18
02/15/2001,ENW,WI,AGL,CE,Federal Contract Tower,0,6,26,0,32,0,13,106,0,119,0,19,132,0,151,46,0,46,197
02/16/2001,ENW,WI,AGL,CE,Federal Contract Tower,0,4,25,0,29,0,2,66,0,68,0,6,91,0,97,90,0,90,187
02/17/2001,ENW,WI,AGL,CE,Federal Contract Tower,0,6,37,0,43,0,15,137,0,152,0,21,174,0,195,68,0,68,263
02/18/2001,ENW,WI,AGL,CE,Federal Contract Tower,0,4,23,0,27,0,3,169,0,172,0,7,192,0,199,74,0,74,273
02/19/2001,ENW,WI,AGL,CE,Federal Contract Tower,0,5,33,0,38,0,13,132,0,145,0,18,165,0,183,62,0,62,245
02/20/2001,ENW,WI,AGL,CE,Federal Contract Tower,0,8,43,0,51,0,12,215,0,227,0,20,258,0,278,124,0,124,402
02/21/2001,ENW,WI,AGL,CE,Federal Contract Tower,0,7,39,0,46,0,4,144,0,148,0,11,183,0,194,102,0,102,296
02/22/2001,ENW,WI,AGL,CE,Federal Contract Tower,0,3,22,0,25,0,3,38,0,41,0,6,60,0,66,0,0,0,66
02/23/2001,ENW,WI,AGL,CE,Federal Contract Tower,0,2,31,0,33,0,0,112,0,112,0,2,143,0,145,124,0,124,269
02/24/2001,ENW,WI,AGL,CE,Federal Contract Tower,0,0,1,0,1,0,2,0,0,2,0,2,1,0,3,0,0,0,3
02/25/2001,ENW,WI,AGL,CE,Federal Contract Tower,0,0,4,0,4,0,0,0,0,0,0,0,4,0,4,0,0,0,4
02/26/2001,ENW,WI,AGL,CE,Federal Contract Tower,0,0,26,0,26,0,0,138,0,138,0,0,164,0,164,124,0,124,288
02/27/2001,ENW,WI,AGL,CE,Federal Contract Tower,0,3,32,0,35,2,0,133,2,137,2,3,165,2,172,126,0,126,298
02/28/2001,ENW,WI,AGL,CE,Federal Contract Tower,0,7,40,0,47,0,0,180,0,180,0,7,220,0,227,178,0,178,405
03/01/2001,ENW,WI,AGL,CE,Federal Contract Tower,0,1,30,0,31,0,0,138,0,138,0,1,168,0,169,192,0,192,361
03/02/2001,ENW,WI,AGL,CE,Federal Contract Tower,0,5,40,0,45,0,1,114,0,115,0,6,154,0,160,16,0,16,176
03/03/2001,ENW,WI,AGL,CE,Federal Contract Tower,0,2,60,0,62,0,0,246,0,246,0,2,306,0,308,228,0,228,536
03/04/2001,ENW,WI,AGL,CE,Federal Contract Tower,0,0,22,0,22,0,0,50,0,50,0,0,72,0,72,24,0,24,96
03/05/2001,ENW,WI,AGL,CE,Federal Contract Tower,0,0,19,0,19,0,0,75,0,75,0,0,94,0,94,14,0,14,108
03/06/2001,ENW,WI,AGL,CE,Federal Contract Tower,0,0,31,0,31,0,0,132,0,132,0,0,163,0,163,112,0,112,275
03/07/2001,ENW,WI,AGL,CE,Federal Contract Tower,0,4,40,0,44,0,2,140,0,142,0,6,180,0,186,272,0,272,458
03/08/2001,ENW,WI,AGL,CE,Federal Contract Tower,0,0,11,0,11,0,0,42,0,42,0,0,53,0,53,80,0,80,133
03/09/2001,ENW,WI,AGL,CE,Federal Contract Tower,0,4,41,0,45,0,0,207,0,207,0,4,248,0,252,116,0,116,368
03/10/2001,ENW,WI,AGL,CE,Federal Contract Tower,0,0,33,0,33,0,0,123,0,123,0,0,156,0,156,158,0,158,314
03/11/2001,ENW,WI,AGL,CE,Federal Contract Tower,0,2,38,0,40,0,0,161,0,161,0,2,199,0,201,152,0,152,353
03/12/2001,ENW,WI,AGL,CE,Federal Contract Tower,0,0,4,0,4,0,0,1,0,1,0,0,5,0,5,0,0,0,5
03/13/2001,ENW,WI,AGL,CE,Federal Contract Tower,0,2,17,0,19,0,0,36,0,36,0,2,53,0,55,44,0,44,99
03/14/2001,ENW,WI,AGL,CE,Federal Contract Tower,0,0,32,0,32,0,0,191,0,191,0,0,223,0,223,148,0,148,371
03/15/2001,ENW,WI,AGL,CE,Federal Contract Tower,0,3,22,0,25,0,15,0,0,15,0,18,22,0,40,4,0,4,44
03/16/2001,ENW,WI,AGL,CE,Federal Contract Tower,0,2,19,0,21,0,9,0,0,9,0,11,19,0,30,0,0,0,30
03/17/2001,ENW,WI,AGL,CE,Federal Contract Tower,0,5,40,0,45,0,36,106,0,142,0,41,146,0,187,90,0,90,277
03/18/2001,ENW,WI,AGL,CE,Federal Contract Tower,0,4,50,0,54,0,7,258,0,265,0,11,308,0,319,204,0,204,523
03/19/2001,ENW,WI,AGL,CE,Federal Contract Tower,0,5,61,0,66,0,11,177,2,190,0,16,238,2,256,158,0,158,414
03/20/2001,ENW,WI,AGL,CE,Federal Contract Tower,0,2,31,0,33,0,1,237,0,238,0,3,268,0,271,140,0,140,411
03/21/2001,ENW,WI,AGL,CE,Federal Contract Tower,0,4,50,0,54,0,8,149,0,157,0,12,199,0,211,178,0,178,389
03/22/2001,ENW,WI,AGL,CE,Federal Contract Tower,0,5,55,0,60,0,6,200,0,206,0,11,255,0,266,208,0,208,474
03/23/2001,ENW,WI,AGL,CE,Federal Contract Tower,0,3,40,0,43,0,17,104,0,121,0,20,144,0,164,56,0,56,220
03/24/2001,ENW,WI,AGL,CE,Federal Contract Tower,0,0,0,0,0,0,15,158,0,173,0,15,158,0,173,94,0,94,267
03/25/2001,ENW,WI,AGL,CE,Federal Contract Tower,0,0,21,0,21,0,0,54,0,54,0,0,75,0,75,72,0,72,147
03/26/2001,ENW,WI,AGL,CE,Federal Contract Tower,0,4,44,0,48,0,3,122,0,125,0,7,166,0,173,60,0,60,233
03/27/2001,ENW,WI,AGL,CE,Federal Contract Tower,0,4,69,0,73,0,0,152,0,152,0,4,221,0,225,110,0,110,335
03/28/2001,ENW,WI,AGL,CE,Federal Contract Tower,0,2,40,0,42,0,0,175,0,175,0,2,215,0,217,74,0,74,291
03/29/2001,ENW,WI,AGL,CE,Federal Contract Tower,0,1,51,0,52,0,0,110,0,110,0,1,161,0,162,92,0,92,254
03/30/2001,ENW,WI,AGL,CE,Federal Contract Tower,0,2,48,0,50,0,0,175,0,175,0,2,223,0,225,151,0,151,376
03/31/2001,ENW,WI,AGL,CE,Federal Contract Tower,0,2,40,0,42,0,0,103,0,103,0,2,143,0,145,86,0,86,231
04/01/2001,ENW,WI,AGL,CE,Federal Contract Tower,0,1,30,0,31,0,1,149,0,150,0,2,179,0,181,112,0,112,293
04/02/2001,ENW,WI,AGL,CE,Federal Contract Tower,0,5,32,0,37,0,0,157,0,157,0,5,189,0,194,220,0,220,414
04/03/2001,ENW,WI,AGL,CE,Federal Contract Tower,0,0,59,0,59,0,0,77,0,77,0,0,136,0,136,84,0,84,220
04/04/2001,ENW,WI,AGL,CE,Federal Contract Tower,0,4,45,0,49,0,0,164,0,164,0,4,209,0,213,122,0,122,335
04/05/2001,ENW,WI,AGL,CE,Federal Contract Tower,0,0,26,0,26,0,1,118,0,119,0,1,144,0,145,62,0,62,207
04/06/2001,ENW,WI,AGL,CE,Federal Contract Tower,0,0,53,0,53,0,0,68,0,68,0,0,121,0,121,0,0,0,121
04/07/2001,ENW,WI,AGL,CE,Federal Contract Tower,0,0,2,0,2,0,0,9,2,11,0,0,11,2,13,0,0,0,13
04/08/2001,ENW,WI,AGL,CE,Federal Contract Tower,0,0,38,0,38,0,0,211,0,211,0,0,249,0,249,244,0,244,493
04/09/2001,ENW,WI,AGL,CE,Federal Contract Tower,0,0,20,0,20,0,0,15,0,15,0,0,35,0,35,12,0,12,47
04/10/2001,ENW,WI,AGL,CE,Federal Contract Tower,0,0,38,0,38,0,0,21,0,21,0,0,59,0,59,14,0,14,73
04/11/2001,ENW,WI,AGL,CE,Federal Contract Tower,0,0,5,0,5,0,1,0,0,1,0,1,5,0,6,0,0,0,6
04/12/2001,ENW,WI,AGL,CE,Federal Contract Tower,0,3,7,0,10,0,0,10,0,10,0,3,17,0,20,0,0,0,20
04/13/2001,ENW,WI,AGL,CE,Federal Contract Tower,0,2,23,0,25,0,3,165,0,168,0,5,188,0,193,186,0,186,379
04/14/2001,ENW,WI,AGL,CE,Federal Contract Tower,0,0,53,0,53,0,0,171,0,171,0,0,224,0,224,176,0,176,400
04/15/2001,ENW,WI,AGL,CE,Federal Contract Tower,0,2,13,0,15,0,0,40,0,40,0,2,53,0,55,30,0,30,85
04/16/2001,ENW,WI,AGL,CE,Federal Contract Tower,0,0,18,0,18,0,0,36,0,36,0,0,54,0,54,6,0,6,60
04/17/2001,ENW,WI,AGL,CE,Federal Contract Tower,0,1,30,0,31,0,0,98,6,104,0,1,128,6,135,64,0,64,199
04/18/2001,ENW,WI,AGL,CE,Federal Contract Tower,0,1,45,0,46,0,0,193,0,193,0,1,238,0,239,180,0,180,419
04/19/2001,ENW,WI,AGL,CE,Federal Contract Tower,0,2,49,0,51,0,1,148,0,149,0,3,197,0,200,144,0,144,344
04/20/2001,ENW,WI,AGL,CE,Federal Contract Tower,0,4,26,0,30,0,0,106,0,106,0,4,132,0,136,168,0,168,304
04/21/2001,ENW,WI,AGL,CE,Federal Contract Tower,0,1,19,0,20,0,0,18,0,18,0,1,37,0,38,18,0,18,56
04/22/2001,ENW,WI,AGL,CE,Federal Contract Tower,0,0,24,0,24,0,0,2,0,2,0,0,26,0,26,0,0,0,26
04/23/2001,ENW,WI,AGL,CE,Federal Contract Tower,0,2,16,0,18,0,0,39,0,39,0,2,55,0,57,30,0,30,87
04/24/2001,ENW,WI,AGL,CE,Federal Contract Tower,0,4,32,0,36,0,35,205,0,240,0,39,237,0,276,160,0,160,436
04/25/2001,ENW,WI,AGL,CE,Federal Contract Tower,0,3,48,1,52,0,25,189,1,215,0,28,237,2,267,194,0,194,461
04/26/2001,ENW,WI,AGL,CE,Federal Contract Tower,0,6,28,0,34,0,6,145,0,151,0,12,173,0,185,144,0,144,329
04/27/2001,ENW,WI,AGL,CE,Federal Contract Tower,0,5,36,0,41,0,6,178,0,184,0,11,214,0,225,166,0,166,391
04/28/2001,ENW,WI,AGL,CE,Federal Contract Tower,0,1,64,0,65,0,17,213,0,230,0,18,277,0,295,144,0,144,439
04/29/2001,ENW,WI,AGL,CE,Federal Contract Tower,0,1,31,0,32,0,0,233,0,233,0,1,264,0,265,130,0,130,395
04/30/2001,ENW,WI,AGL,CE,Federal Contract Tower,0,6,32,0,38,0,33,166,0,199,0,39,198,0,237,80,0,80,317
05/01/2001,ENW,WI,AGL,CE,Federal Contract Tower,0,0,28,0,28,0,4,95,0,99,0,4,123,0,127,70,0,70,197
05/02/2001,ENW,WI,AGL,CE,Federal Contract Tower,0,4,31,0,35,0,2,113,0,115,0,6,144,0,150,138,0,138,288
05/03/2001,ENW,WI,AGL,CE,Federal Contract Tower,0,3,47,1,51,0,2,133,1,136,0,5,180,2,187,178,0,178,365
05/04/2001,ENW,WI,AGL,CE,Federal Contract Tower,0,0,45,0,45,0,0,67,0,67,0,0,112,0,112,138,0,138,250
05/05/2001,ENW,WI,AGL,CE,Federal Contract Tower,0,3,38,0,41,0,4,143,0,147,0,7,181,0,188,126,0,126,314
05/06/2001,ENW,WI,AGL,CE,Federal Contract Tower,0,1,50,0,51,0,0,148,0,148,0,1,198,0,199,128,0,128,327
05/07/2001,ENW,WI,AGL,CE,Federal Contract Tower,0,2,46,0,48,0,0,80,0,80,0,2,126,0,128,80,0,80,208
05/08/2001,ENW,WI,AGL,CE,Federal Contract Tower,0,5,22,0,27,0,1,63,0,64,0,6,85,0,91,124,0,124,215
05/09/2001,ENW,WI,AGL,CE,Federal Contract Tower,0,4,53,0,57,0,9,180,0,189,0,13,233,0,246,230,0,230,476
05/10/2001,ENW,WI,AGL,CE,Federal Contract Tower,0,7,52,0,59,0,15,126,0,141,0,22,178,0,200,74,0,74,274
05/11/2001,ENW,WI,AGL,CE,Federal Contract Tower,0,4,64,0,68,0,4,95,0,99,0,8,159,0,167,18,0,18,185
05/12/2001,ENW,WI,AGL,CE,Federal Contract Tower,0,3,89,0,92,0,1,231,0,232,0,4,320,0,324,252,0,252,576
05/13/2001,ENW,WI,AGL,CE,Federal Contract Tower,0,2,58,0,60,0,0,201,0,201,0,2,259,0,261,86,0,86,347
05/14/2001,ENW,WI,AGL,CE,Federal Contract Tower,0,0,27,0,27,0,2,52,0,54,0,2,79,0,81,80,0,80,161
05/15/2001,ENW,WI,AGL,CE,Federal Contract Tower,0,2,71,0,73,0,1,147,0,148,0,3,218,0,221,194,0,194,415
05/16/2001,ENW,WI,AGL,CE,Federal Contract Tower,0,0,95,0,95,0,0,130,0,130,0,0,225,0,225,212,0,212,437
05/17/2001,ENW,WI,AGL,CE,Federal Contract Tower,0,0,51,0,51,0,0,106,2,108,0,0,157,2,159,146,0,146,305
05/18/2001,ENW,WI,AGL,CE,Federal Contract Tower,0,2,57,0,59,0,5,161,0,166,0,7,218,0,225,86,0,86,311
05/19/2001,ENW,WI,AGL,CE,Federal Contract Tower,0,2,67,0,69,0,0,180,0,180,0,2,247,0,249,116,0,116,365
05/20/2001,ENW,WI,AGL,CE,Federal Contract Tower,0,1,51,0,52,0,0,338,0,338,0,1,389,0,390,94,0,94,484
05/21/2001,ENW,WI,AGL,CE,Federal Contract Tower,0,0,35,0,35,0,0,21,0,21,0,0,56,0,56,10,0,10,66
05/22/2001,ENW,WI,AGL,CE,Federal Contract Tower,0,3,48,0,51,0,0,109,0,109,0,3,157,0,160,142,0,142,302
05/23/2001,ENW,WI,AGL,CE,Federal Contract Tower,0,1,72,0,73,0,0,101,0,101,0,1,173,0,174,100,0,100,274
05/24/2001,ENW,WI,AGL,CE,Federal Contract Tower,0,1,58,0,59,0,0,84,0,84,0,1,142,0,143,70,0,70,213
05/25/2001,ENW,WI,AGL,CE,Federal Contract Tower,0,2,57,0,59,0,0,48,0,48,0,2,105,0,107,54,0,54,161
05/26/2001,ENW,WI,AGL,CE,Federal Contract Tower,0,1,66,0,67,0,0,73,0,73,0,1,139,0,140,32,0,32,172
05/27/2001,ENW,WI,AGL,CE,Federal Contract Tower,0,2,50,0,52,0,0,77,0,77,0,2,127,0,129,32,0,32,161
05/28/2001,ENW,WI,AGL,CE,Federal Contract Tower,0,0,34,0,34,0,0,268,0,268,0,0,302,0,302,146,0,146,448
05/29/2001,ENW,WI,AGL,CE,Federal Contract Tower,0,0,71,0,71,0,0,208,6,214,0,0,279,6,285,106,0,106,391
05/30/2001,ENW,WI,AGL,CE,Federal Contract Tower,0,0,79,0,79,0,2,183,0,185,0,2,262,0,264,148,0,148,412
05/31/2001,ENW,WI,AGL,CE,Federal Contract Tower,0,3,78,0,81,0,1,135,0,136,0,4,213,0,217,148,0,148,365
06/01/2001,ENW,WI,AGL,CE,Federal Contract Tower,0,5,68,0,73,0,0,73,0,73,0,5,141,0,146,66,0,66,212
06/02/2001,ENW,WI,AGL,CE,Federal Contract Tower,0,3,3,0,6,0,129,0,0,129,0,132,3,0,135,6,0,6,141
06/03/2001,ENW,WI,AGL,CE,Federal Contract Tower,0,0,50,0,50,0,0,139,0,139,0,0,189,0,189,144,0,144,333
06/04/2001,ENW,WI,AGL,CE,Federal Contract Tower,0,17,69,0,86,0,4,80,0,84,0,21,149,0,170,68,0,68,238
06/05/2001,ENW,WI,AGL,CE,Federal Contract Tower,0,7,38,0,45,0,0,5,0,5,0,7,43,0,50,4,0,4,54
06/06/2001,ENW,WI,AGL,CE,Federal Contract Tower,0,5,37,0,42,0,0,4,0,4,0,5,41,0,46,20,0,20,66
06/07/2001,ENW,WI,AGL,CE,Federal Contract Tower,0,6,96,0,102,0,0,179,0,179,0,6,275,0,281,204,0,204,485
06/08/2001,ENW,WI,AGL,CE,Federal Contract Tower,0,11,83,0,94,0,12,231,0,243,0,23,314,0,337,144,0,144,481
06/09/2001,ENW,WI,AGL,CE,Federal Contract Tower,0,2,59,0,61,0,0,310,0,310,0,2,369,0,371,142,0,142,513
06/10/2001,ENW,WI,AGL,CE,Federal Contract Tower,0,0,30,0,30,0,0,188,0,188,0,0,218,0,218,104,0,104,322
06/11/2001,ENW,WI,AGL,CE,Federal Contract Tower,0,9,54,0,63,0,5,225,0,230,0,14,279,0,293,183,0,183,476
06/12/2001,ENW,WI,AGL,CE,Federal Contract Tower,0,2,68,0,70,0,0,185,0,185,0,2,253,0,255,132,0,132,387
06/13/2001,ENW,WI,AGL,CE,Federal Contract Tower,0,9,50,0,59,0,6,192,0,198,0,15,242,0,257,176,0,176,433
06/14/2001,ENW,WI,AGL,CE,Federal Contract Tower,0,4,54,0,58,0,0,167,0,167,0,4,221,0,225,142,0,142,367
06/15/2001,ENW,WI,AGL,CE,Federal Contract Tower,0,9,38,0,47,0,1,83,0,84,0,10,121,0,131,178,0,178,309
06/16/2001,ENW,WI,AGL,CE,Federal Contract Tower,0,1,86,0,87,0,0,185,0,185,0,1,271,0,272,284,0,284,556
06/17/2001,ENW,WI,AGL,CE,Federal Contract Tower,0,2,64,0,66,0,4,179,2,185,0,6,243,2,251,182,0,182,433
06/18/2001,ENW,WI,AGL,CE,Federal Contract Tower,0,4,20,0,24,0,0,93,2,95,0,4,113,2,119,128,0,128,247
06/19/2001,ENW,WI,AGL,CE,Federal Contract Tower,0,8,77,0,85,0,9,177,0,186,0,17,254,0,271,160,0,160,431
06/20/2001,ENW,WI,AGL,CE,Federal Contract Tower,0,2,89,0,91,0,0,236,0,236,0,2,325,0,327,178,0,178,505
06/21/2001,ENW,WI,AGL,CE,Federal Contract Tower,0,3,69,0,72,0,0,108,0,108,0,3,177,0,180,164,0,164,344
06/22/2001,ENW,WI,AGL,CE,Federal Contract Tower,0,1,62,0,63,0,0,140,0,140,0,1,202,0,203,222,0,222,425
06/23/2001,ENW,WI,AGL,CE,Federal Contract Tower,0,0,62,0,62,0,0,307,0,307,0,0,369,0,369,86,0,86,455
06/24/2001,ENW,WI,AGL,CE,Federal Contract Tower,0,1,33,0,34,0,0,247,0,247,0,1,280,0,281,118,0,118,399
06/25/2001,ENW,WI,AGL,CE,Federal Contract Tower,0,5,35,0,40,0,1,204,0,205,0,6,239,0,245,156,0,156,401
06/26/2001,ENW,WI,AGL,CE,Federal Contract Tower,0,0,57,0,57,0,0,254,0,254,0,0,311,0,311,234,0,234,545
06/27/2001,ENW,WI,AGL,CE,Federal Contract Tower,0,5,42,0,47,0,0,396,0,396,0,5,438,0,443,180,0,180,623
06/28/2001,ENW,WI,AGL,CE,Federal Contract Tower,0,2,53,0,55,0,0,214,0,214,0,2,267,0,269,188,0,188,457
06/29/2001,ENW,WI,AGL,CE,Federal Contract Tower,0,3,37,0,40,0,0,212,0,212,0,3,249,0,252,194,0,194,446
06/30/2001,ENW,WI,AGL,CE,Federal Contract Tower,0,4,41,0,45,0,0,143,0,143,0,4,184,0,188,90,0,90,278
07/01/2001,ENW,WI,AGL,CE,Federal Contract Tower,0,0,40,0,40,0,0,123,2,125,0,0,163,2,165,84,40,124,289
07/02/2001,ENW,WI,AGL,CE,Federal Contract Tower,0,4,31,0,35,0,6,196,2,204,0,10,227,2,239,212,0,212,451
07/03/2001,ENW,WI,AGL,CE,Federal Contract Tower,0,7,51,0,58,0,6,203,0,209,0,13,254,0,267,180,0,180,447
07/04/2001,ENW,WI,AGL,CE,Federal Contract Tower,0,4,29,0,33,0,2,178,8,188,0,6,207,8,221,124,0,124,345
07/05/2001,ENW,WI,AGL,CE,Federal Contract Tower,0,4,35,0,39,0,0,280,0,280,0,4,315,0,319,114,0,114,433
07/06/2001,ENW,WI,AGL,CE,Federal Contract Tower,0,0,12,0,12,0,0,333,0,333,0,0,345,0,345,154,0,154,499
07/07/2001,ENW,WI,AGL,CE,Federal Contract Tower,0,0,16,0,16,0,0,209,0,209,0,0,225,0,225,42,0,42,267
07/08/2001,ENW,WI,AGL,CE,Federal Contract Tower,0,0,8,0,8,0,0,466,0,466,0,0,474,0,474,14,0,14,488
07/09/2001,ENW,WI,AGL,CE,Federal Contract Tower,0,2,44,0,46,0,1,196,0,197,0,3,240,0,243,366,0,366,609
07/10/2001,ENW,WI,AGL,CE,Federal Contract Tower,0,2,34,0,36,0,4,194,0,198,0,6,228,0,234,232,0,232,466
07/11/2001,ENW,WI,AGL,CE,Federal Contract Tower,0,0,41,0,41,0,6,272,0,278,0,6,313,0,319,278,0,278,597
07/12/2001,ENW,WI,AGL,CE,Federal Contract Tower,0,1,42,0,43,0,4,243,0,247,0,5,285,0,290,198,0,198,488
07/13/2001,ENW,WI,AGL,CE,Federal Contract Tower,0,0,46,0,46,0,0,182,0,182,0,0,228,0,228,204,0,204,432
07/14/2001,ENW,WI,AGL,CE,Federal Contract Tower,0,0,44,0,44,0,0,240,0,240,0,0,284,0,284,122,0,122,406
07/15/2001,ENW,WI,AGL,CE,Federal Contract Tower,0,3,34,0,37,0,2,247,0,249,0,5,281,0,286,162,0,162,448
07/16/2001,ENW,WI,AGL,CE,Federal Contract Tower,0,2,34,0,36,0,0,126,0,126,0,2,160,0,162,166,0,166,328
07/17/2001,ENW,WI,AGL,CE,Federal Contract Tower,0,4,28,0,32,0,0,52,0,52,0,4,80,0,84,104,0,104,188
07/18/2001,ENW,WI,AGL,CE,Federal Contract Tower,0,2,43,0,45,0,0,35,0,35,0,2,78,0,80,24,0,24,104
07/19/2001,ENW,WI,AGL,CE,Federal Contract Tower,0,5,61,0,66,0,5,105,0,110,0,10,166,0,176,100,0,100,276
07/20/2001,ENW,WI,AGL,CE,Federal Contract Tower,0,3,60,0,63,0,2,305,0,307,0,5,365,0,370,158,0,158,528
07/21/2001,ENW,WI,AGL,CE,Federal Contract Tower,0,0,31,0,31,0,2,704,0,706,0,2,735,0,737,128,0,128,865
07/22/2001,ENW,WI,AGL,CE,Federal Contract Tower,0,3,15,0,18,0,0,585,0,585,0,3,600,0,603,99,0,99,702
07/23/2001,ENW,WI,AGL,CE,Federal Contract Tower,0,1,41,0,42,0,0,275,0,275,0,1,316,0,317,188,0,188,505
07/24/2001,ENW,WI,AGL,CE,Federal Contract Tower,0,1,34,0,35,0,0,217,0,217,0,1,251,0,252,174,0,174,426
07/25/2001,ENW,WI,AGL,CE,Federal Contract Tower,0,0,65,0,65,0,0,119,0,119,0,0,184,0,184,146,0,146,330
07/26/2001,ENW,WI,AGL,CE,Federal Contract Tower,0,5,58,2,65,0,0,316,0,316,0,5,374,2,381,224,0,224,605
07/27/2001,ENW,WI,AGL,CE,Federal Contract Tower,0,0,43,0,43,0,0,164,0,164,0,0,207,0,207,130,0,130,337
07/28/2001,ENW,WI,AGL,CE,Federal Contract Tower,0,0,31,0,31,0,0,138,0,138,0,0,169,0,169,120,0,120,289
07/29/2001,ENW,WI,AGL,CE,Federal Contract Tower,0,3,37,0,40,0,0,132,0,132,0,3,169,0,172,68,0,68,240
07/30/2001,ENW,WI,AGL,CE,Federal Contract Tower,0,3,45,0,48,0,0,120,2,122,0,3,165,2,170,140,0,140,310
07/31/2001,ENW,WI,AGL,CE,Federal Contract Tower,0,0,60,0,60,0,0,163,0,163,0,0,223,0,223,270,0,270,493
08/01/2001,ENW,WI,AGL,CE,Federal Contract Tower,0,0,49,0,49,0,0,115,0,115,0,0,164,0,164,130,0,130,294
08/02/2001,ENW,WI,AGL,CE,Federal Contract Tower,0,2,39,0,41,0,1,131,0,132,0,3,170,0,173,80,0,80,253
08/03/2001,ENW,WI,AGL,CE,Federal Contract Tower,0,3,62,0,65,0,1,99,0,100,0,4,161,0,165,102,0,102,267
08/04/2001,ENW,WI,AGL,CE,Federal Contract Tower,0,0,51,0,51,0,0,196,0,196,0,0,247,0,247,127,0,127,374
08/05/2001,ENW,WI,AGL,CE,Federal Contract Tower,0,0,44,0,44,0,0,201,0,201,0,0,245,0,245,118,0,118,363
08/06/2001,ENW,WI,AGL,CE,Federal Contract Tower,0,3,24,0,27,0,0,163,0,163,0,3,187,0,190,172,0,172,362
08/07/2001,ENW,WI,AGL,CE,Federal Contract Tower,0,0,41,0,41,0,0,157,0,157,0,0,198,0,198,186,0,186,384
08/08/2001,ENW,WI,AGL,CE,Federal Contract Tower,0,1,50,0,51,0,4,157,0,161,0,5,207,0,212,132,0,132,344
08/09/2001,ENW,WI,AGL,CE,Federal Contract Tower,0,0,32,1,33,0,0,83,3,86,0,0,115,4,119,44,0,44,163
08/10/2001,ENW,WI,AGL,CE,Federal Contract Tower,0,0,72,0,72,0,2,239,2,243,0,2,311,2,315,88,0,88,403
08/11/2001,ENW,WI,AGL,CE,Federal Contract Tower,0,1,31,0,32,0,0,192,0,192,0,1,223,0,224,194,0,194,418
08/12/2001,ENW,WI,AGL,CE,Federal Contract Tower,0,3,29,0,32,0,0,188,0,188,0,3,217,0,220,82,0,82,302
08/13/2001,ENW,WI,AGL,CE,Federal Contract Tower,0,2,29,0,31,0,1,132,0,133,0,3,161,0,164,98,0,98,262
08/14/2001,ENW,WI,AGL,CE,Federal Contract Tower,0,9,55,0,64,0,0,177,0,177,0,9,232,0,241,128,0,128,369
08/15/2001,ENW,WI,AGL,CE,Federal Contract Tower,0,4,49,0,53,0,1,142,4,147,0,5,191,4,200,100,0,100,300
08/16/2001,ENW,WI,AGL,CE,Federal Contract Tower,0,2,58,0,60,0,11,55,0,66,0,13,113,0,126,100,0,100,226
08/17/2001,ENW,WI,AGL,CE,Federal Contract Tower,0,6,52,0,58,0,0,238,2,240,0,6,290,2,298,148,0,148,446
08/18/2001,ENW,WI,AGL,CE,Federal Contract Tower,0,0,31,0,31,0,0,96,2,98,0,0,127,2,129,144,0,144,273
08/19/2001,ENW,WI,AGL,CE,Federal Contract Tower,0,0,39,0,39,0,0,62,0,62,0,0,101,0,101,8,0,8,109
08/20/2001,ENW,WI,AGL,CE,Federal Contract Tower,0,0,59,0,59,0,0,190,0,190,0,0,249,0,249,188,0,188,437
08/21/2001,ENW,WI,AGL,CE,Federal Contract Tower,0,2,28,0,30,0,0,135,0,135,0,2,163,0,165,88,0,88,253
08/22/2001,ENW,WI,AGL,CE,Federal Contract Tower,0,6,34,0,40,0,0,60,0,60,0,6,94,0,100,48,0,48,148
08/23/2001,ENW,WI,AGL,CE,Federal Contract Tower,0,7,77,0,84,0,0,62,0,62,0,7,139,0,146,10,0,10,156
08/24/2001,ENW,WI,AGL,CE,Federal Contract Tower,0,0,71,0,71,0,0,26,2,28,0,0,97,2,99,6,0,6,105
08/25/2001,ENW,WI,AGL,CE,Federal Contract Tower,0,0,9,0,9,0,0,12,0,12,0,0,21,0,21,18,0,18,39
08/26/2001,ENW,WI,AGL,CE,Federal Contract Tower,0,4,39,0,43,0,0,220,0,220,0,4,259,0,263,110,0,110,373
08/27/2001,ENW,WI,AGL,CE,Federal Contract Tower,0,0,40,0,40,0,0,127,0,127,0,0,167,0,167,188,0,188,355
08/28/2001,ENW,WI,AGL,CE,Federal Contract Tower,0,6,47,0,53,0,5,255,0,260,0,11,302,0,313,178,0,178,491
08/29/2001,ENW,WI,AGL,CE,Federal Contract Tower,0,2,45,0,47,0,0,355,0,355,0,2,400,0,402,266,0,266,668
08/30/2001,ENW,WI,AGL,CE,Federal Contract Tower,0,2,26,0,28,0,0,173,0,173,0,2,199,0,201,242,0,242,443
08/31/2001,ENW,WI,AGL,CE,Federal Contract Tower,0,3,65,0,68,0,4,157,4,165,0,7,222,4,233,120,0,120,353
09/01/2001,ENW,WI,AGL,CE,Federal Contract Tower,0,0,59,0,59,0,2,272,0,274,0,2,331,0,333,206,0,206,539
09/02/2001,ENW,WI,AGL,CE,Federal Contract Tower,0,0,32,0,32,0,0,245,0,245,0,0,277,0,277,180,58,238,515
09/03/2001,ENW,WI,AGL,CE,Federal Contract Tower,0,2,35,0,37,0,0,137,0,137,0,2,172,0,174,74,0,74,248
09/04/2001,ENW,WI,AGL,CE,Federal Contract Tower,0,1,52,0,53,0,1,224,0,225,0,2,276,0,278,198,0,198,476
09/05/2001,ENW,WI,AGL,CE,Federal Contract Tower,0,1,67,0,68,0,0,216,2,218,0,1,283,2,286,172,0,172,458
09/06/2001,ENW,WI,AGL,CE,Federal Contract Tower,0,0,0,0,0,0,4,192,0,196,0,4,192,0,196,124,0,124,320
09/07/2001,ENW,WI,AGL,CE,Federal Contract Tower,0,0,42,0,42,0,0,60,0,60,0,0,102,0,102,58,0,58,160
09/08/2001,ENW,WI,AGL,CE,Federal Contract Tower,0,0,37,0,37,0,1,127,0,128,0,1,164,0,165,58,0,58,223
09/09/2001,ENW,WI,AGL,CE,Federal Contract Tower,0,4,32,0,36,0,0,28,0,28,0,4,60,0,64,0,0,0,64
09/10/2001,ENW,WI,AGL,CE,Federal Contract Tower,0,1,76,0,77,0,9,287,0,296,0,10,363,0,373,188,0,188,561
09/11/2001,ENW,WI,AGL,CE,Federal Contract Tower,0,0,5,0,5,0,0,6,0,6,0,0,11,0,11,0,0,0,11
09/12/2001,ENW,WI,AGL,CE,Federal Contract Tower,0,0,0,0,0,0,0,0,0,0,0,0,0,0,0,0,0,0,0
09/13/2001,ENW,WI,AGL,CE,Federal Contract Tower,0,4,0,0,4,0,4,0,0,4,0,8,0,0,8,0,0,0,8
09/14/2001,ENW,WI,AGL,CE,Federal Contract Tower,0,5,10,0,15,0,0,5,0,5,0,5,15,0,20,0,0,0,20
09/15/2001,ENW,WI,AGL,CE,Federal Contract Tower,0,1,32,0,33,0,0,5,0,5,0,1,37,0,38,0,0,0,38
09/16/2001,ENW,WI,AGL,CE,Federal Contract Tower,0,5,50,0,55,0,0,6,0,6,0,5,56,0,61,0,0,0,61
09/17/2001,ENW,WI,AGL,CE,Federal Contract Tower,0,1,23,0,24,0,0,2,0,2,0,1,25,0,26,0,0,0,26
09/18/2001,ENW,WI,AGL,CE,Federal Contract Tower,0,3,54,0,57,0,0,14,0,14,0,3,68,0,71,0,0,0,71
09/19/2001,ENW,WI,AGL,CE,Federal Contract Tower,0,3,30,0,33,0,0,21,0,21,0,3,51,0,54,0,0,0,54
09/20/2001,ENW,WI,AGL,CE,Federal Contract Tower,0,0,50,0,50,0,1,96,0,97,0,1,146,0,147,0,0,0,147
09/21/2001,ENW,WI,AGL,CE,Federal Contract Tower,0,3,45,0,48,0,0,24,0,24,0,3,69,0,72,10,0,10,82
09/22/2001,ENW,WI,AGL,CE,Federal Contract Tower,0,2,49,0,51,0,0,154,0,154,0,2,203,0,205,78,0,78,283
09/23/2001,ENW,WI,AGL,CE,Federal Contract Tower,0,0,19,0,19,0,0,9,0,9,0,0,28,0,28,0,0,0,28
09/24/2001,ENW,WI,AGL,CE,Federal Contract Tower,0,0,24,0,24,0,0,92,0,92,0,0,116,0,116,62,0,62,178
09/25/2001,ENW,WI,AGL,CE,Federal Contract Tower,0,3,49,0,52,0,2,147,0,149,0,5,196,0,201,154,0,154,355
09/26/2001,ENW,WI,AGL,CE,Federal Contract Tower,0,0,36,0,36,0,0,159,0,159,0,0,195,0,195,142,0,142,337
09/27/2001,ENW,WI,AGL,CE,Federal Contract Tower,0,4,37,0,41,0,1,129,0,130,0,5,166,0,171,132,0,132,303
09/28/2001,ENW,WI,AGL,CE,Federal Contract Tower,0,4,45,0,49,0,2,77,2,81,0,6,122,2,130,128,0,128,258
09/29/2001,ENW,WI,AGL,CE,Federal Contract Tower,0,0,36,0,36,0,0,269,0,269,0,0,305,0,305,130,0,130,435
09/30/2001,ENW,WI,AGL,CE,Federal Contract Tower,0,0,56,0,56,0,0,160,0,160,0,0,216,0,216,148,0,148,364
10/01/2001,ENW,WI,AGL,CE,Federal Contract Tower,0,1,37,0,38,0,1,172,0,173,0,2,209,0,211,124,0,124,335
10/02/2001,ENW,WI,AGL,CE,Federal Contract Tower,0,0,47,0,47,0,0,171,0,171,0,0,218,0,218,182,0,182,400
10/03/2001,ENW,WI,AGL,CE,Federal Contract Tower,0,0,44,0,44,0,0,126,0,126,0,0,170,0,170,128,0,128,298
10/04/2001,ENW,WI,AGL,CE,Federal Contract Tower,0,5,41,0,46,0,0,87,0,87,0,5,128,0,133,86,0,86,219
10/05/2001,ENW,WI,AGL,CE,Federal Contract Tower,0,8,38,0,46,0,0,88,0,88,0,8,126,0,134,104,0,104,238
10/06/2001,ENW,WI,AGL,CE,Federal Contract Tower,0,1,24,0,25,0,0,94,0,94,0,1,118,0,119,82,0,82,201
10/07/2001,ENW,WI,AGL,CE,Federal Contract Tower,0,0,61,0,61,0,0,178,0,178,0,0,239,0,239,100,0,100,339
10/08/2001,ENW,WI,AGL,CE,Federal Contract Tower,0,4,41,0,45,0,18,117,0,135,0,22,158,0,180,110,0,110,290
10/09/2001,ENW,WI,AGL,CE,Federal Contract Tower,0,6,31,0,37,0,0,84,0,84,0,6,115,0,121,110,0,110,231
10/10/2001,ENW,WI,AGL,CE,Federal Contract Tower,0,4,54,0,58,0,0,1,0,1,0,4,55,0,59,0,0,0,59
10/11/2001,ENW,WI,AGL,CE,Federal Contract Tower,0,20,62,0,82,0,14,176,0,190,0,34,238,0,272,120,0,120,392
10/12/2001,ENW,WI,AGL,CE,Federal Contract Tower,0,6,44,0,50,0,3,47,0,50,0,9,91,0,100,46,0,46,146
10/13/2001,ENW,WI,AGL,CE,Federal Contract Tower,0,3,20,0,23,0,3,4,0,7,0,6,24,0,30,0,0,0,30
10/14/2001,ENW,WI,AGL,CE,Federal Contract Tower,0,8,34,0,42,0,12,119,0,131,0,20,153,0,173,58,0,58,231
10/15/2001,ENW,WI,AGL,CE,Federal Contract Tower,0,1,54,0,55,0,0,86,0,86,0,1,140,0,141,136,0,136,277
10/16/2001,ENW,WI,AGL,CE,Federal Contract Tower,0,2,38,0,40,0,1,97,0,98,0,3,135,0,138,108,0,108,246
10/17/2001,ENW,WI,AGL,CE,Federal Contract Tower,0,2,73,0,75,0,0,188,0,188,0,2,261,0,263,229,0,229,492
10/18/2001,ENW,WI,AGL,CE,Federal Contract Tower,0,5,37,0,42,0,2,117,0,119,0,7,154,0,161,48,0,48,209
10/19/2001,ENW,WI,AGL,CE,Federal Contract Tower,0,5,43,0,48,0,7,138,0,145,0,12,181,0,193,150,0,150,343
10/20/2001,ENW,WI,AGL,CE,Federal Contract Tower,0,1,29,0,30,0,1,159,0,160,0,2,188,0,190,186,0,186,376
10/21/2001,ENW,WI,AGL,CE,Federal Contract Tower,0,2,39,0,41,0,0,158,0,158,0,2,197,0,199,76,0,76,275
10/22/2001,ENW,WI,AGL,CE,Federal Contract Tower,0,5,26,0,31,0,10,53,0,63,0,15,79,0,94,28,0,28,122
10/23/2001,ENW,WI,AGL,CE,Federal Contract Tower,0,7,79,0,86,0,1,61,0,62,0,8,140,0,148,116,0,116,264
10/24/2001,ENW,WI,AGL,CE,Federal Contract Tower,0,5,8,0,13,0,3,15,0,18,0,8,23,0,31,8,0,8,39
10/25/2001,ENW,WI,AGL,CE,Federal Contract Tower,0,3,7,0,10,0,0,0,0,0,0,3,7,0,10,0,0,0,10
10/26/2001,ENW,WI,AGL,CE,Federal Contract Tower,0,4,29,0,33,0,0,43,0,43,0,4,72,0,76,14,0,14,90
10/27/2001,ENW,WI,AGL,CE,Federal Contract Tower,0,2,55,0,57,0,0,168,0,168,0,2,223,0,225,124,0,124,349
10/28/2001,ENW,WI,AGL,CE,Federal Contract Tower,0,2,29,0,31,0,0,87,0,87,0,2,116,0,118,26,0,26,144
10/29/2001,ENW,WI,AGL,CE,Federal Contract Tower,0,7,49,0,56,0,2,126,0,128,0,9,175,0,184,132,0,132,316
10/30/2001,ENW,WI,AGL,CE,Federal Contract Tower,0,2,36,0,38,0,0,73,0,73,0,2,109,0,111,88,0,88,199
10/31/2001,ENW,WI,AGL,CE,Federal Contract Tower,0,0,35,0,35,0,0,144,0,144,0,0,179,0,179,122,0,122,301
11/01/2001,ENW,WI,AGL,CE,Federal Contract Tower,0,4,23,0,27,0,2,54,0,56,0,6,77,0,83,64,0,64,147
11/02/2001,ENW,WI,AGL,CE,Federal Contract Tower,0,2,23,0,25,0,0,167,0,167,0,2,190,0,192,88,0,88,280
11/03/2001,ENW,WI,AGL,CE,Federal Contract Tower,0,0,31,0,31,0,0,212,0,212,0,0,243,0,243,118,0,118,361
11/04/2001,ENW,WI,AGL,CE,Federal Contract Tower,0,0,32,0,32,0,0,153,0,153,0,0,185,0,185,46,0,46,231
11/05/2001,ENW,WI,AGL,CE,Federal Contract Tower,0,7,37,0,44,0,0,216,0,216,0,7,253,0,260,204,0,204,464
11/06/2001,ENW,WI,AGL,CE,Federal Contract Tower,0,0,0,0,0,0,1,179,0,180,0,1,179,0,180,228,0,228,408
11/07/2001,ENW,WI,AGL,CE,Federal Contract Tower,0,6,70,0,76,0,2,133,0,135,0,8,203,0,211,84,0,84,295
11/08/2001,ENW,WI,AGL,CE,Federal Contract Tower,0,1,36,0,37,0,0,59,0,59,0,1,95,0,96,72,0,72,168
11/09/2001,ENW,WI,AGL,CE,Federal Contract Tower,0,2,36,0,38,0,2,94,0,96,0,4,130,0,134,32,0,32,166
11/10/2001,ENW,WI,AGL,CE,Federal Contract Tower,0,4,49,0,53,0,0,167,0,167,0,4,216,0,220,80,0,80,300
11/11/2001,ENW,WI,AGL,CE,Federal Contract Tower,0,0,42,0,42,0,0,196,0,196,0,0,238,0,238,204,0,204,442
11/12/2001,ENW,WI,AGL,CE,Federal Contract Tower,0,3,50,0,53,0,0,101,0,101,0,3,151,0,154,192,0,192,346
11/13/2001,ENW,WI,AGL,CE,Federal Contract Tower,0,1,34,0,35,0,0,54,0,54,0,1,88,0,89,24,0,24,113
11/14/2001,ENW,WI,AGL,CE,Federal Contract Tower,0,0,46,0,46,0,0,74,0,74,0,0,120,0,120,98,0,98,218
11/15/2001,ENW,WI,AGL,CE,Federal Contract Tower,0,0,0,0,0,0,0,112,0,112,0,0,112,0,112,64,0,64,176
11/16/2001,ENW,WI,AGL,CE,Federal Contract Tower,0,4,50,0,54,0,0,162,0,162,0,4,212,0,216,120,0,120,336
11/17/2001,ENW,WI,AGL,CE,Federal Contract Tower,0,1,77,0,78,0,0,123,0,123,0,1,200,0,201,34,0,34,235
11/18/2001,ENW,WI,AGL,CE,Federal Contract Tower,0,0,41,0,41,0,0,92,0,92,0,0,133,0,133,0,0,0,133
11/19/2001,ENW,WI,AGL,CE,Federal Contract Tower,0,1,51,0,52,0,0,140,0,140,0,1,191,0,192,132,0,132,324
11/20/2001,ENW,WI,AGL,CE,Federal Contract Tower,0,0,39,0,39,0,0,114,0,114,0,0,153,0,153,86,0,86,239
11/21/2001,ENW,WI,AGL,CE,Federal Contract Tower,0,6,44,0,50,0,0,168,0,168,0,6,212,0,218,78,0,78,296
11/22/2001,ENW,WI,AGL,CE,Federal Contract Tower,0,0,5,0,5,0,0,42,0,42,0,0,47,0,47,26,0,26,73
11/23/2001,ENW,WI,AGL,CE,Federal Contract Tower,0,0,40,0,40,0,0,98,0,98,0,0,138,0,138,82,0,82,220
11/24/2001,ENW,WI,AGL,CE,Federal Contract Tower,0,0,18,0,18,0,0,3,0,3,0,0,21,0,21,0,0,0,21
11/25/2001,ENW,WI,AGL,CE,Federal Contract Tower,0,0,28,0,28,0,0,15,0,15,0,0,43,0,43,2,0,2,45
11/26/2001,ENW,WI,AGL,CE,Federal Contract Tower,0,1,28,0,29,0,0,90,0,90,0,1,118,0,119,108,0,108,227
11/27/2001,ENW,WI,AGL,CE,Federal Contract Tower,0,1,36,0,37,0,1,33,0,34,0,2,69,0,71,30,0,30,101
11/28/2001,ENW,WI,AGL,CE,Federal Contract Tower,0,6,17,0,23,0,3,27,0,30,0,9,44,0,53,14,0,14,67
11/29/2001,ENW,WI,AGL,CE,Federal Contract Tower,0,4,23,0,27,0,0,6,0,6,0,4,29,0,33,0,0,0,33
11/30/2001,ENW,WI,AGL,CE,Federal Contract Tower,0,1,27,0,28,0,0,6,0,6,0,1,33,0,34,0,0,0,34
12/01/2001,ENW,WI,AGL,CE,Federal Contract Tower,0,0,34,0,34,0,0,106,0,106,0,0,140,0,140,108,0,108,248
12/02/2001,ENW,WI,AGL,CE,Federal Contract Tower,0,0,59,0,59,0,0,191,0,191,0,0,250,0,250,160,0,160,410
12/03/2001,ENW,WI,AGL,CE,Federal Contract Tower,0,0,57,0,57,0,24,253,0,277,0,24,310,0,334,202,0,202,536
12/04/2001,ENW,WI,AGL,CE,Federal Contract Tower,0,3,37,0,40,0,1,153,0,154,0,4,190,0,194,126,0,126,320
12/05/2001,ENW,WI,AGL,CE,Federal Contract Tower,0,6,15,0,21,0,7,91,0,98,0,13,106,0,119,94,0,94,213
12/06/2001,ENW,WI,AGL,CE,Federal Contract Tower,0,7,32,0,39,0,15,127,0,142,0,22,159,0,181,204,0,204,385
12/07/2001,ENW,WI,AGL,CE,Federal Contract Tower,0,3,38,0,41,0,6,109,0,115,0,9,147,0,156,108,0,108,264
12/08/2001,ENW,WI,AGL,CE,Federal Contract Tower,0,1,45,0,46,0,0,152,0,152,0,1,197,0,198,48,0,48,246
12/09/2001,ENW,WI,AGL,CE,Federal Contract Tower,0,0,39,0,39,0,1,249,0,250,0,1,288,0,289,72,0,72,361
12/10/2001,ENW,WI,AGL,CE,Federal Contract Tower,0,3,36,0,39,0,0,167,1,168,0,3,203,1,207,174,0,174,381
12/11/2001,ENW,WI,AGL,CE,Federal Contract Tower,0,0,31,0,31,0,1,173,0,174,0,1,204,0,205,182,0,182,387
12/12/2001,ENW,WI,AGL,CE,Federal Contract Tower,0,3,52,0,55,0,2,28,0,30,0,5,80,0,85,72,0,72,157
12/13/2001,ENW,WI,AGL,CE,Federal Contract Tower,0,7,36,0,43,0,4,29,0,33,0,11,65,0,76,46,0,46,122
12/14/2001,ENW,WI,AGL,CE,Federal Contract Tower,0,2,31,0,33,0,0,17,0,17,0,2,48,0,50,32,0,32,82
12/15/2001,ENW,WI,AGL,CE,Federal Contract Tower,0,3,55,0,58,0,0,25,0,25,0,3,80,0,83,0,0,0,83
12/16/2001,ENW,WI,AGL,CE,Federal Contract Tower,0,0,41,0,41,0,0,67,0,67,0,0,108,0,108,0,0,0,108
12/17/2001,ENW,WI,AGL,CE,Federal Contract Tower,0,0,54,0,54,0,0,59,0,59,0,0,113,0,113,0,0,0,113
12/18/2001,ENW,WI,AGL,CE,Federal Contract Tower,0,2,54,0,56,0,3,220,0,223,0,5,274,0,279,168,0,168,447
12/19/2001,ENW,WI,AGL,CE,Federal Contract Tower,0,7,42,0,49,0,0,68,0,68,0,7,110,0,117,68,0,68,185
12/20/2001,ENW,WI,AGL,CE,Federal Contract Tower,0,5,19,0,24,0,5,140,0,145,0,10,159,0,169,102,0,102,271
12/21/2001,ENW,WI,AGL,CE,Federal Contract Tower,0,6,48,0,54,0,0,128,0,128,0,6,176,0,182,104,0,104,286
12/22/2001,ENW,WI,AGL,CE,Federal Contract Tower,0,1,16,0,17,0,0,46,0,46,0,1,62,0,63,56,0,56,119
12/23/2001,ENW,WI,AGL,CE,Federal Contract Tower,0,0,19,0,19,0,0,24,0,24,0,0,43,0,43,28,0,28,71
12/24/2001,ENW,WI,AGL,CE,Federal Contract Tower,0,0,6,0,6,0,0,16,0,16,0,0,22,0,22,42,0,42,64
12/25/2001,ENW,WI,AGL,CE,Federal Contract Tower,0,0,2,0,2,0,0,34,0,34,0,0,36,0,36,20,0,20,56
12/26/2001,ENW,WI,AGL,CE,Federal Contract Tower,0,5,32,0,37,0,0,42,0,42,0,5,74,0,79,90,0,90,169
12/27/2001,ENW,WI,AGL,CE,Federal Contract Tower,0,4,33,0,37,0,0,55,0,55,0,4,88,0,92,34,0,34,126
12/28/2001,ENW,WI,AGL,CE,Federal Contract Tower,0,0,29,0,29,0,0,38,0,38,0,0,67,0,67,66,0,66,133
12/29/2001,ENW,WI,AGL,CE,Federal Contract Tower,0,0,32,0,32,0,0,93,0,93,0,0,125,0,125,36,0,36,161
12/30/2001,ENW,WI,AGL,CE,Federal Contract Tower,0,0,37,0,37,0,18,105,0,123,0,18,142,0,160,14,0,14,174
12/31/2001,ENW,WI,AGL,CE,Federal Contract Tower,0,0,25,0,25,0,0,179,0,179,0,0,204,0,204,128,0,128,332
01/01/2002,ENW,WI,AGL,CE,Federal Contract Tower,0,0,7,0,7,0,0,62,0,62,0,0,69,0,69,18,0,18,87
01/02/2002,ENW,WI,AGL,CE,Federal Contract Tower,0,5,22,0,27,0,3,176,0,179,0,8,198,0,206,104,0,104,310
01/03/2002,ENW,WI,AGL,CE,Federal Contract Tower,0,3,27,0,30,0,1,134,0,135,0,4,161,0,165,90,0,90,255
01/04/2002,ENW,WI,AGL,CE,Federal Contract Tower,0,0,24,0,24,0,0,55,0,55,0,0,79,0,79,32,0,32,111
01/05/2002,ENW,WI,AGL,CE,Federal Contract Tower,0,1,14,0,15,0,0,58,0,58,0,1,72,0,73,92,0,92,165
01/06/2002,ENW,WI,AGL,CE,Federal Contract Tower,0,3,23,0,26,0,0,85,0,85,0,3,108,0,111,30,0,30,141
01/07/2002,ENW,WI,AGL,CE,Federal Contract Tower,0,2,35,0,37,0,1,125,0,126,0,3,160,0,163,100,0,100,263
01/08/2002,ENW,WI,AGL,CE,Federal Contract Tower,0,4,21,0,25,0,0,103,0,103,0,4,124,0,128,80,0,80,208
01/09/2002,ENW,WI,AGL,CE,Federal Contract Tower,0,0,21,0,21,0,2,79,0,81,0,2,100,0,102,118,0,118,220
01/10/2002,ENW,WI,AGL,CE,Federal Contract Tower,0,2,28,2,32,0,0,106,2,108,0,2,134,4,140,154,0,154,294
01/11/2002,ENW,WI,AGL,CE,Federal Contract Tower,0,0,26,0,26,0,0,122,0,122,0,0,148,0,148,70,0,70,218
01/12/2002,ENW,WI,AGL,CE,Federal Contract Tower,0,2,35,0,37,0,0,57,0,57,0,2,92,0,94,60,0,60,154
01/13/2002,ENW,WI,AGL,CE,Federal Contract Tower,0,0,35,0,35,0,0,154,0,154,0,0,189,0,189,98,0,98,287
01/14/2002,ENW,WI,AGL,CE,Federal Contract Tower,0,0,13,0,13,0,0,46,0,46,0,0,59,0,59,64,0,64,123
01/15/2002,ENW,WI,AGL,CE,Federal Contract Tower,0,6,12,0,18,0,1,77,0,78,0,7,89,0,96,50,0,50,146
01/16/2002,ENW,WI,AGL,CE,Federal Contract Tower,0,14,5,0,19,0,0,2,0,2,0,14,7,0,21,26,0,26,47
01/17/2002,ENW,WI,AGL,CE,Federal Contract Tower,0,3,36,0,39,0,2,77,0,79,0,5,113,0,118,94,0,94,212
01/18/2002,ENW,WI,AGL,CE,Federal Contract Tower,0,4,26,0,30,0,0,102,0,102,0,4,128,0,132,36,0,36,168
01/19/2002,ENW,WI,AGL,CE,Federal Contract Tower,0,0,44,0,44,0,0,113,0,113,0,0,157,0,157,118,0,118,275
01/20/2002,ENW,WI,AGL,CE,Federal Contract Tower,0,1,50,0,51,0,0,179,0,179,0,1,229,0,230,134,0,134,364
01/21/2002,ENW,WI,AGL,CE,Federal Contract Tower,0,0,26,0,26,0,0,87,0,87,0,0,113,0,113,152,0,152,265
01/22/2002,ENW,WI,AGL,CE,Federal Contract Tower,0,5,20,0,25,0,1,131,0,132,0,6,151,0,157,91,0,91,248
01/23/2002,ENW,WI,AGL,CE,Federal Contract Tower,0,5,33,0,38,0,0,43,0,43,0,5,76,0,81,48,0,48,129
01/24/2002,ENW,WI,AGL,CE,Federal Contract Tower,0,4,21,0,25,0,1,91,0,92,0,5,112,0,117,158,0,158,275
01/25/2002,ENW,WI,AGL,CE,Federal Contract Tower,0,6,29,0,35,0,0,96,0,96,0,6,125,0,131,48,0,48,179
01/26/2002,ENW,WI,AGL,CE,Federal Contract Tower,0,0,39,0,39,0,0,196,0,196,0,0,235,0,235,128,0,128,363
01/27/2002,ENW,WI,AGL,CE,Federal Contract Tower,0,0,25,0,25,0,0,150,0,150,0,0,175,0,175,60,0,60,235
01/28/2002,ENW,WI,AGL,CE,Federal Contract Tower,0,3,34,0,37,0,0,9,0,9,0,3,43,0,46,18,0,18,64
01/29/2002,ENW,WI,AGL,CE,Federal Contract Tower,0,0,8,0,8,0,0,0,0,0,0,0,8,0,8,2,0,2,10
01/30/2002,ENW,WI,AGL,CE,Federal Contract Tower,0,1,9,0,10,0,0,21,0,21,0,1,30,0,31,64,0,64,95
01/31/2002,ENW,WI,AGL,CE,Federal Contract Tower,0,5,6,0,11,0,0,0,0,0,0,5,6,0,11,0,0,0,11
02/01/2002,ENW,WI,AGL,CE,Federal Contract Tower,0,3,22,0,25,0,0,42,0,42,0,3,64,0,67,56,0,56,123
02/02/2002,ENW,WI,AGL,CE,Federal Contract Tower,0,0,34,0,34,0,0,108,0,108,0,0,142,0,142,132,0,132,274
02/03/2002,ENW,WI,AGL,CE,Federal Contract Tower,0,1,15,0,16,0,0,117,0,117,0,1,132,0,133,152,0,152,285
02/04/2002,ENW,WI,AGL,CE,Federal Contract Tower,0,2,32,0,34,0,0,103,0,103,0,2,135,0,137,170,0,170,307
02/05/2002,ENW,WI,AGL,CE,Federal Contract Tower,0,2,19,0,21,0,0,119,2,121,0,2,138,2,142,112,0,112,254
02/06/2002,ENW,WI,AGL,CE,Federal Contract Tower,0,4,30,0,34,0,0,88,0,88,0,4,118,0,122,78,0,78,200
02/07/2002,ENW,WI,AGL,CE,Federal Contract Tower,0,6,30,0,36,0,0,111,0,111,0,6,141,0,147,98,0,98,245
02/08/2002,ENW,WI,AGL,CE,Federal Contract Tower,0,2,33,0,35,0,0,136,0,136,0,2,169,0,171,94,0,94,265
02/09/2002,ENW,WI,AGL,CE,Federal Contract Tower,0,0,56,0,56,0,0,148,0,148,0,0,204,0,204,134,0,134,338
02/10/2002,ENW,WI,AGL,CE,Federal Contract Tower,0,2,8,0,10,0,0,2,0,2,0,2,10,0,12,0,0,0,12
02/11/2002,ENW,WI,AGL,CE,Federal Contract Tower,0,0,31,0,31,0,0,41,0,41,0,0,72,0,72,42,0,42,114
02/12/2002,ENW,WI,AGL,CE,Federal Contract Tower,0,3,18,0,21,0,0,15,0,15,0,3,33,0,36,20,0,20,56
02/13/2002,ENW,WI,AGL,CE,Federal Contract Tower,0,4,42,0,46,0,3,120,0,123,0,7,162,0,169,114,0,114,283
02/14/2002,ENW,WI,AGL,CE,Federal Contract Tower,0,3,20,0,23,0,0,24,0,24,0,3,44,0,47,6,0,6,53
02/15/2002,ENW,WI,AGL,CE,Federal Contract Tower,0,4,38,0,42,0,0,59,0,59,0,4,97,0,101,38,0,38,139
02/16/2002,ENW,WI,AGL,CE,Federal Contract Tower,0,0,34,0,34,0,0,43,0,43,0,0,77,0,77,42,0,42,119
02/17/2002,ENW,WI,AGL,CE,Federal Contract Tower,0,1,38,0,39,0,0,115,0,115,0,1,153,0,154,174,0,174,328
02/18/2002,ENW,WI,AGL,CE,Federal Contract Tower,0,8,49,0,57,0,0,91,0,91,0,8,140,0,148,44,0,44,192
02/19/2002,ENW,WI,AGL,CE,Federal Contract Tower,2,4,31,0,37,0,3,5,0,8,2,7,36,0,45,6,0,6,51
02/20/2002,ENW,WI,AGL,CE,Federal Contract Tower,0,0,22,0,22,0,0,0,0,0,0,0,22,0,22,0,0,0,22
02/21/2002,ENW,WI,AGL,CE,Federal Contract Tower,0,3,14,0,17,0,0,8,0,8,0,3,22,0,25,8,0,8,33
02/22/2002,ENW,WI,AGL,CE,Federal Contract Tower,0,11,48,0,59,0,0,161,0,161,0,11,209,0,220,132,0,132,352
02/23/2002,ENW,WI,AGL,CE,Federal Contract Tower,0,6,46,0,52,0,1,129,0,130,0,7,175,0,182,166,0,166,348
02/24/2002,ENW,WI,AGL,CE,Federal Contract Tower,0,6,32,0,38,0,0,128,0,128,0,6,160,0,166,74,0,74,240
02/25/2002,ENW,WI,AGL,CE,Federal Contract Tower,0,1,17,0,18,0,0,25,0,25,0,1,42,0,43,35,0,35,78
02/26/2002,ENW,WI,AGL,CE,Federal Contract Tower,0,3,26,0,29,0,0,7,0,7,0,3,33,0,36,4,0,4,40
02/27/2002,ENW,WI,AGL,CE,Federal Contract Tower,0,3,39,0,42,0,0,79,0,79,0,3,118,0,121,66,0,66,187
02/28/2002,ENW,WI,AGL,CE,Federal Contract Tower,0,2,36,0,38,0,0,76,0,76,0,2,112,0,114,42,0,42,156
03/01/2002,ENW,WI,AGL,CE,Federal Contract Tower,0,3,21,0,24,0,0,69,3,72,0,3,90,3,96,104,0,104,200
03/02/2002,ENW,WI,AGL,CE,Federal Contract Tower,0,1,0,0,1,0,0,0,0,0,0,1,0,0,1,0,0,0,1
03/03/2002,ENW,WI,AGL,CE,Federal Contract Tower,0,0,22,0,22,0,0,19,0,19,0,0,41,0,41,6,0,6,47
03/04/2002,ENW,WI,AGL,CE,Federal Contract Tower,0,4,19,0,23,0,0,59,0,59,0,4,78,0,82,10,0,10,92
03/05/2002,ENW,WI,AGL,CE,Federal Contract Tower,0,1,34,0,35,0,0,52,2,54,0,1,86,2,89,30,0,30,119
03/06/2002,ENW,WI,AGL,CE,Federal Contract Tower,0,8,30,0,38,0,2,8,0,10,0,10,38,0,48,24,0,24,72
03/07/2002,ENW,WI,AGL,CE,Federal Contract Tower,0,4,22,0,26,0,0,11,0,11,0,4,33,0,37,0,0,0,37
03/08/2002,ENW,WI,AGL,CE,Federal Contract Tower,0,9,20,0,29,0,0,34,0,34,0,9,54,0,63,24,0,24,87
03/09/2002,ENW,WI,AGL,CE,Federal Contract Tower,0,0,5,0,5,0,0,0,0,0,0,0,5,0,5,2,0,2,7
03/10/2002,ENW,WI,AGL,CE,Federal Contract Tower,0,4,16,0,20,0,6,51,0,57,0,10,67,0,77,66,0,66,143
03/11/2002,ENW,WI,AGL,CE,Federal Contract Tower,0,4,29,0,33,0,0,56,0,56,0,4,85,0,89,52,0,52,141
03/12/2002,ENW,WI,AGL,CE,Federal Contract Tower,0,4,44,0,48,0,0,135,0,135,0,4,179,0,183,124,0,124,307
03/13/2002,ENW,WI,AGL,CE,Federal Contract Tower,0,0,37,0,37,0,0,84,0,84,0,0,121,0,121,50,0,50,171
03/14/2002,ENW,WI,AGL,CE,Federal Contract Tower,0,0,29,0,29,0,0,35,0,35,0,0,64,0,64,42,0,42,106
03/15/2002,ENW,WI,AGL,CE,Federal Contract Tower,0,2,23,0,25,0,0,39,0,39,0,2,62,0,64,58,0,58,122
03/16/2002,ENW,WI,AGL,CE,Federal Contract Tower,0,0,22,0,22,0,0,120,0,120,0,0,142,0,142,188,0,188,330
03/17/2002,ENW,WI,AGL,CE,Federal Contract Tower,0,0,21,0,21,0,0,37,0,37,0,0,58,0,58,40,0,40,98
03/18/2002,ENW,WI,AGL,CE,Federal Contract Tower,0,4,32,0,36,0,0,64,0,64,0,4,96,0,100,86,0,86,186
03/19/2002,ENW,WI,AGL,CE,Federal Contract Tower,0,4,61,0,65,0,2,101,0,103,0,6,162,0,168,138,0,138,306
03/20/2002,ENW,WI,AGL,CE,Federal Contract Tower,0,2,35,0,37,0,0,85,0,85,0,2,120,0,122,212,0,212,334
03/21/2002,ENW,WI,AGL,CE,Federal Contract Tower,0,3,29,0,32,0,0,31,2,33,0,3,60,2,65,2,0,2,67
03/22/2002,ENW,WI,AGL,CE,Federal Contract Tower,0,6,31,0,37,0,0,66,0,66,0,6,97,0,103,14,0,14,117
03/23/2002,ENW,WI,AGL,CE,Federal Contract Tower,0,0,20,0,20,0,0,116,0,116,0,0,136,0,136,124,0,124,260
03/24/2002,ENW,WI,AGL,CE,Federal Contract Tower,0,1,25,0,26,0,0,71,0,71,0,1,96,0,97,30,0,30,127
03/25/2002,ENW,WI,AGL,CE,Federal Contract Tower,0,2,14,0,16,0,0,17,0,17,0,2,31,0,33,24,0,24,57
03/26/2002,ENW,WI,AGL,CE,Federal Contract Tower,0,2,26,0,28,0,2,77,0,79,0,4,103,0,107,58,0,58,165
03/27/2002,ENW,WI,AGL,CE,Federal Contract Tower,0,2,36,0,38,0,0,150,0,150,0,2,186,0,188,122,0,122,310
03/28/2002,ENW,WI,AGL,CE,Federal Contract Tower,0,8,38,0,46,0,0,74,0,74,0,8,112,0,120,118,0,118,238
03/29/2002,ENW,WI,AGL,CE,Federal Contract Tower,0,2,36,0,38,0,0,22,0,22,0,2,58,0,60,46,0,46,106
03/30/2002,ENW,WI,AGL,CE,Federal Contract Tower,0,0,22,0,22,0,0,100,0,100,0,0,122,0,122,84,0,84,206
03/31/2002,ENW,WI,AGL,CE,Federal Contract Tower,0,2,11,0,13,0,0,24,0,24,0,2,35,0,37,22,0,22,59
04/01/2002,ENW,WI,AGL,CE,Federal Contract Tower,0,5,31,0,36,0,0,41,0,41,0,5,72,0,77,58,0,58,135
04/02/2002,ENW,WI,AGL,CE,Federal Contract Tower,0,3,12,0,15,0,0,3,0,3,0,3,15,0,18,0,0,0,18
04/03/2002,ENW,WI,AGL,CE,Federal Contract Tower,0,3,31,0,34,0,0,97,0,97,0,3,128,0,131,106,0,106,237
04/04/2002,ENW,WI,AGL,CE,Federal Contract Tower,0,3,41,0,44,0,0,43,0,43,0,3,84,0,87,6,0,6,93
04/05/2002,ENW,WI,AGL,CE,Federal Contract Tower,0,1,37,0,38,0,0,98,0,98,0,1,135,0,136,151,0,151,287
04/06/2002,ENW,WI,AGL,CE,Federal Contract Tower,0,0,33,0,33,0,0,175,0,175,0,0,208,0,208,224,0,224,432
04/07/2002,ENW,WI,AGL,CE,Federal Contract Tower,0,0,8,0,8,0,0,0,0,0,0,0,8,0,8,0,0,0,8
04/08/2002,ENW,WI,AGL,CE,Federal Contract Tower,0,1,2,0,3,0,0,0,0,0,0,1,2,0,3,0,0,0,3
04/09/2002,ENW,WI,AGL,CE,Federal Contract Tower,0,1,28,0,29,0,0,64,0,64,0,1,92,0,93,66,0,66,159
04/10/2002,ENW,WI,AGL,CE,Federal Contract Tower,0,3,77,0,80,0,0,177,0,177,0,3,254,0,257,184,0,184,441
04/11/2002,ENW,WI,AGL,CE,Federal Contract Tower,0,3,43,0,46,0,0,96,0,96,0,3,139,0,142,72,0,72,214
04/12/2002,ENW,WI,AGL,CE,Federal Contract Tower,0,3,66,0,69,0,0,26,0,26,0,3,92,0,95,30,0,30,125
04/13/2002,ENW,WI,AGL,CE,Federal Contract Tower,0,1,57,0,58,0,0,157,0,157,0,1,214,0,215,143,0,143,358
04/14/2002,ENW,WI,AGL,CE,Federal Contract Tower,0,0,34,0,34,0,0,81,0,81,0,0,115,0,115,84,0,84,199
04/15/2002,ENW,WI,AGL,CE,Federal Contract Tower,0,4,31,0,35,0,0,124,0,124,0,4,155,0,159,84,0,84,243
04/16/2002,ENW,WI,AGL,CE,Federal Contract Tower,0,0,23,0,23,0,2,91,0,93,0,2,114,0,116,70,0,70,186
04/17/2002,ENW,WI,AGL,CE,Federal Contract Tower,0,2,32,0,34,0,4,104,0,108,0,6,136,0,142,116,0,116,258
04/18/2002,ENW,WI,AGL,CE,Federal Contract Tower,0,3,19,0,22,0,0,59,0,59,0,3,78,0,81,68,0,68,149
04/19/2002,ENW,WI,AGL,CE,Federal Contract Tower,0,0,31,0,31,0,0,84,0,84,0,0,115,0,115,110,0,110,225
04/20/2002,ENW,WI,AGL,CE,Federal Contract Tower,0,1,21,0,22,0,0,90,0,90,0,1,111,0,112,86,0,86,198
04/21/2002,ENW,WI,AGL,CE,Federal Contract Tower,0,1,11,0,12,0,0,0,0,0,0,1,11,0,12,0,0,0,12
04/22/2002,ENW,WI,AGL,CE,Federal Contract Tower,0,8,15,0,23,0,0,34,0,34,0,8,49,0,57,80,0,80,137
04/23/2002,ENW,WI,AGL,CE,Federal Contract Tower,0,3,51,0,54,0,0,192,0,192,0,3,243,0,246,204,0,204,450
04/24/2002,ENW,WI,AGL,CE,Federal Contract Tower,0,2,21,0,23,0,0,86,0,86,0,2,107,0,109,90,0,90,199
04/25/2002,ENW,WI,AGL,CE,Federal Contract Tower,0,0,21,0,21,0,0,43,0,43,0,0,64,0,64,38,0,38,102
04/26/2002,ENW,WI,AGL,CE,Federal Contract Tower,0,1,40,0,41,0,0,154,0,154,0,1,194,0,195,136,0,136,331
04/27/2002,ENW,WI,AGL,CE,Federal Contract Tower,0,2,25,0,27,0,0,27,0,27,0,2,52,0,54,38,0,38,92
04/28/2002,ENW,WI,AGL,CE,Federal Contract Tower,0,0,17,0,17,0,0,6,0,6,0,0,23,0,23,0,0,0,23
04/29/2002,ENW,WI,AGL,CE,Federal Contract Tower,0,4,54,0,58,0,3,132,0,135,0,7,186,0,193,130,0,130,323
04/30/2002,ENW,WI,AGL,CE,Federal Contract Tower,2,10,47,0,59,0,0,142,0,142,2,10,189,0,201,136,0,136,337
05/01/2002,ENW,WI,AGL,CE,Federal Contract Tower,0,7,37,0,44,0,0,92,0,92,0,7,129,0,136,116,0,116,252
05/02/2002,ENW,WI,AGL,CE,Federal Contract Tower,0,3,40,0,43,0,0,83,0,83,0,3,123,0,126,66,0,66,192
05/03/2002,ENW,WI,AGL,CE,Federal Contract Tower,0,3,31,0,34,0,0,176,0,176,0,3,207,0,210,170,0,170,380
05/04/2002,ENW,WI,AGL,CE,Federal Contract Tower,0,5,37,0,42,0,0,193,2,195,0,5,230,2,237,128,0,128,365
05/05/2002,ENW,WI,AGL,CE,Federal Contract Tower,0,5,34,0,39,0,0,124,0,124,0,5,158,0,163,72,0,72,235
05/06/2002,ENW,WI,AGL,CE,Federal Contract Tower,0,5,24,0,29,0,0,77,0,77,0,5,101,0,106,92,0,92,198
05/07/2002,ENW,WI,AGL,CE,Federal Contract Tower,0,9,30,0,39,0,0,82,0,82,0,9,112,0,121,52,0,52,173
05/08/2002,ENW,WI,AGL,CE,Federal Contract Tower,0,13,43,0,56,0,0,0,0,0,0,13,43,0,56,0,0,0,56
05/09/2002,ENW,WI,AGL,CE,Federal Contract Tower,0,3,16,0,19,0,0,19,0,19,0,3,35,0,38,0,0,0,38
05/10/2002,ENW,WI,AGL,CE,Federal Contract Tower,0,4,27,0,31,0,1,125,2,128,0,5,152,2,159,82,0,82,241
05/11/2002,ENW,WI,AGL,CE,Federal Contract Tower,0,4,19,0,23,0,0,38,0,38,0,4,57,0,61,40,0,40,101
05/12/2002,ENW,WI,AGL,CE,Federal Contract Tower,0,3,14,0,17,0,0,5,0,5,0,3,19,0,22,0,0,0,22
05/13/2002,ENW,WI,AGL,CE,Federal Contract Tower,0,3,50,0,53,0,0,110,0,110,0,3,160,0,163,124,0,124,287
05/14/2002,ENW,WI,AGL,CE,Federal Contract Tower,0,5,45,0,50,0,0,188,0,188,0,5,233,0,238,154,0,154,392
05/15/2002,ENW,WI,AGL,CE,Federal Contract Tower,0,7,29,0,36,0,0,134,0,134,0,7,163,0,170,142,0,142,312
05/16/2002,ENW,WI,AGL,CE,Federal Contract Tower,0,12,62,0,74,0,5,0,0,5,0,17,62,0,79,58,0,58,137
05/17/2002,ENW,WI,AGL,CE,Federal Contract Tower,0,4,52,0,56,0,0,104,0,104,0,4,156,0,160,86,0,86,246
05/18/2002,ENW,WI,AGL,CE,Federal Contract Tower,0,1,52,0,53,0,1,165,0,166,0,2,217,0,219,160,0,160,379
05/19/2002,ENW,WI,AGL,CE,Federal Contract Tower,0,1,28,0,29,0,0,161,0,161,0,1,189,0,190,70,0,70,260
05/20/2002,ENW,WI,AGL,CE,Federal Contract Tower,0,4,42,0,46,0,0,122,0,122,0,4,164,0,168,138,0,138,306
05/21/2002,ENW,WI,AGL,CE,Federal Contract Tower,0,5,38,0,43,0,0,189,0,189,0,5,227,0,232,214,0,214,446
05/22/2002,ENW,WI,AGL,CE,Federal Contract Tower,0,13,31,0,44,0,14,120,0,134,0,27,151,0,178,58,0,58,236
05/23/2002,ENW,WI,AGL,CE,Federal Contract Tower,0,5,15,0,20,0,19,39,0,58,0,24,54,0,78,74,0,74,152
05/24/2002,ENW,WI,AGL,CE,Federal Contract Tower,0,8,49,0,57,0,3,85,0,88,0,11,134,0,145,140,0,140,285
05/25/2002,ENW,WI,AGL,CE,Federal Contract Tower,0,12,29,0,41,0,6,9,0,15,0,18,38,0,56,0,0,0,56
05/26/2002,ENW,WI,AGL,CE,Federal Contract Tower,0,12,20,0,32,0,26,161,1,188,0,38,181,1,220,88,40,128,348
05/27/2002,ENW,WI,AGL,CE,Federal Contract Tower,0,5,15,0,20,0,1,133,0,134,0,6,148,0,154,68,0,68,222
05/28/2002,ENW,WI,AGL,CE,Federal Contract Tower,0,11,45,0,56,0,0,130,0,130,0,11,175,0,186,92,0,92,278
05/29/2002,ENW,WI,AGL,CE,Federal Contract Tower,0,6,26,0,32,0,7,88,2,97,0,13,114,2,129,126,0,126,255
05/30/2002,ENW,WI,AGL,CE,Federal Contract Tower,0,16,35,0,51,0,11,127,0,138,0,27,162,0,189,222,0,222,411
05/31/2002,ENW,WI,AGL,CE,Federal Contract Tower,0,4,32,0,36,0,0,129,0,129,0,4,161,0,165,180,0,180,345
06/01/2002,ENW,WI,AGL,CE,Federal Contract Tower,0,2,19,0,21,0,0,177,0,177,0,2,196,0,198,140,0,140,338
06/02/2002,ENW,WI,AGL,CE,Federal Contract Tower,0,1,39,0,40,0,0,86,0,86,0,1,125,0,126,86,0,86,212
06/03/2002,ENW,WI,AGL,CE,Federal Contract Tower,0,8,11,0,19,0,0,10,0,10,0,8,21,0,29,20,0,20,49
06/04/2002,ENW,WI,AGL,CE,Federal Contract Tower,0,7,9,0,16,0,0,10,0,10,0,7,19,0,26,0,0,0,26
06/05/2002,ENW,WI,AGL,CE,Federal Contract Tower,0,7,60,0,67,0,0,9,0,9,0,7,69,0,76,0,0,0,76
06/06/2002,ENW,WI,AGL,CE,Federal Contract Tower,0,8,36,0,44,0,0,148,0,148,0,8,184,0,192,116,0,116,308
06/07/2002,ENW,WI,AGL,CE,Federal Contract Tower,0,11,35,0,46,0,0,152,0,152,0,11,187,0,198,132,0,132,330
06/08/2002,ENW,WI,AGL,CE,Federal Contract Tower,0,4,14,0,18,0,0,268,0,268,0,4,282,0,286,86,0,86,372
06/09/2002,ENW,WI,AGL,CE,Federal Contract Tower,0,2,25,0,27,0,0,202,2,204,0,2,227,2,231,102,0,102,333
06/10/2002,ENW,WI,AGL,CE,Federal Contract Tower,0,3,23,0,26,0,0,87,0,87,0,3,110,0,113,86,0,86,199
06/11/2002,ENW,WI,AGL,CE,Federal Contract Tower,0,1,28,0,29,0,0,43,0,43,0,1,71,0,72,44,0,44,116
06/12/2002,ENW,WI,AGL,CE,Federal Contract Tower,0,7,54,0,61,0,2,62,0,64,0,9,116,0,125,146,0,146,271
06/13/2002,ENW,WI,AGL,CE,Federal Contract Tower,0,3,75,0,78,0,0,93,0,93,0,3,168,0,171,32,0,32,203
06/14/2002,ENW,WI,AGL,CE,Federal Contract Tower,0,4,27,0,31,0,0,55,0,55,0,4,82,0,86,74,0,74,160
06/15/2002,ENW,WI,AGL,CE,Federal Contract Tower,0,1,38,0,39,0,0,168,0,168,0,1,206,0,207,104,0,104,311
06/16/2002,ENW,WI,AGL,CE,Federal Contract Tower,0,5,16,0,21,0,0,199,0,199,0,5,215,0,220,78,0,78,298
06/17/2002,ENW,WI,AGL,CE,Federal Contract Tower,0,0,25,0,25,0,0,114,0,114,0,0,139,0,139,150,0,150,289
06/18/2002,ENW,WI,AGL,CE,Federal Contract Tower,0,5,33,0,38,0,0,158,0,158,0,5,191,0,196,164,0,164,360
06/19/2002,ENW,WI,AGL,CE,Federal Contract Tower,0,6,25,0,31,0,5,75,0,80,0,11,100,0,111,154,0,154,265
06/20/2002,ENW,WI,AGL,CE,Federal Contract Tower,0,7,17,0,24,0,0,100,0,100,0,7,117,0,124,154,0,154,278
06/21/2002,ENW,WI,AGL,CE,Federal Contract Tower,0,5,41,0,46,0,0,114,0,114,0,5,155,0,160,96,0,96,256
06/22/2002,ENW,WI,AGL,CE,Federal Contract Tower,0,7,39,0,46,0,0,140,0,140,0,7,179,0,186,96,0,96,282
06/23/2002,ENW,WI,AGL,CE,Federal Contract Tower,0,9,28,0,37,0,1,143,0,144,0,10,171,0,181,108,0,108,289
06/24/2002,ENW,WI,AGL,CE,Federal Contract Tower,0,5,27,0,32,0,0,142,0,142,0,5,169,0,174,104,0,104,278
06/25/2002,ENW,WI,AGL,CE,Federal Contract Tower,0,2,30,0,32,0,0,113,0,113,0,2,143,0,145,208,0,208,353
06/26/2002,ENW,WI,AGL,CE,Federal Contract Tower,0,7,23,0,30,0,0,88,0,88,0,7,111,0,118,212,0,212,330
06/27/2002,ENW,WI,AGL,CE,Federal Contract Tower,0,8,35,0,43,0,0,137,0,137,0,8,172,0,180,122,0,122,302
06/28/2002,ENW,WI,AGL,CE,Federal Contract Tower,0,6,53,0,59,0,1,171,2,174,0,7,224,2,233,146,0,146,379
06/29/2002,ENW,WI,AGL,CE,Federal Contract Tower,0,6,39,0,45,0,0,205,0,205,0,6,244,0,250,172,0,172,422
06/30/2002,ENW,WI,AGL,CE,Federal Contract Tower,0,6,22,0,28,0,2,152,0,154,0,8,174,0,182,112,0,112,294
07/01/2002,ENW,WI,AGL,CE,Federal Contract Tower,0,4,36,0,40,0,0,149,0,149,0,4,185,0,189,64,0,64,253
07/02/2002,ENW,WI,AGL,CE,Federal Contract Tower,0,9,27,0,36,0,6,160,0,166,0,15,187,0,202,74,0,74,276
07/03/2002,ENW,WI,AGL,CE,Federal Contract Tower,0,12,30,0,42,0,0,135,0,135,0,12,165,0,177,132,0,132,309
07/04/2002,ENW,WI,AGL,CE,Federal Contract Tower,0,6,9,0,15,0,2,89,4,95,0,8,98,4,110,52,0,52,162
07/05/2002,ENW,WI,AGL,CE,Federal Contract Tower,0,1,23,0,24,0,0,122,0,122,0,1,145,0,146,80,0,80,226
07/06/2002,ENW,WI,AGL,CE,Federal Contract Tower,0,4,18,0,22,0,1,100,0,101,0,5,118,0,123,30,0,30,153
07/07/2002,ENW,WI,AGL,CE,Federal Contract Tower,0,3,37,0,40,0,1,153,0,154,0,4,190,0,194,124,0,124,318
07/08/2002,ENW,WI,AGL,CE,Federal Contract Tower,0,9,27,0,36,0,0,146,0,146,0,9,173,0,182,122,0,122,304
07/09/2002,ENW,WI,AGL,CE,Federal Contract Tower,0,11,58,0,69,0,0,11,0,11,0,11,69,0,80,0,0,0,80
07/10/2002,ENW,WI,AGL,CE,Federal Contract Tower,0,12,43,0,55,0,0,175,0,175,0,12,218,0,230,224,0,224,454
07/11/2002,ENW,WI,AGL,CE,Federal Contract Tower,0,6,31,0,37,0,0,151,0,151,0,6,182,0,188,162,0,162,350
07/12/2002,ENW,WI,AGL,CE,Federal Contract Tower,0,8,15,0,23,0,1,341,0,342,0,9,356,0,365,134,0,134,499
07/13/2002,ENW,WI,AGL,CE,Federal Contract Tower,0,6,6,0,12,0,0,575,0,575,0,6,581,0,587,28,0,28,615
07/14/2002,ENW,WI,AGL,CE,Federal Contract Tower,0,2,15,0,17,0,0,422,0,422,0,2,437,0,439,70,0,70,509
07/15/2002,ENW,WI,AGL,CE,Federal Contract Tower,0,4,23,0,27,0,4,152,0,156,0,8,175,0,183,160,0,160,343
07/16/2002,ENW,WI,AGL,CE,Federal Contract Tower,0,1,27,0,28,0,0,168,0,168,0,1,195,0,196,202,0,202,398
07/17/2002,ENW,WI,AGL,CE,Federal Contract Tower,0,11,43,0,54,0,1,126,0,127,0,12,169,0,181,110,0,110,291
07/18/2002,ENW,WI,AGL,CE,Federal Contract Tower,0,4,49,0,53,0,1,157,0,158,0,5,206,0,211,72,0,72,283
07/19/2002,ENW,WI,AGL,CE,Federal Contract Tower,0,2,44,0,46,0,0,305,0,305,0,2,349,0,351,98,0,98,449
07/20/2002,ENW,WI,AGL,CE,Federal Contract Tower,0,3,12,0,15,0,0,744,0,744,0,3,756,0,759,46,0,46,805
07/21/2002,ENW,WI,AGL,CE,Federal Contract Tower,0,11,16,0,27,0,1,1204,0,1205,0,12,1220,0,1232,62,0,62,1294
07/22/2002,ENW,WI,AGL,CE,Federal Contract Tower,0,4,24,0,28,0,0,696,0,696,0,4,720,0,724,96,0,96,820
07/23/2002,ENW,WI,AGL,CE,Federal Contract Tower,0,6,28,0,34,0,3,221,0,224,0,9,249,0,258,142,0,142,400
07/24/2002,ENW,WI,AGL,CE,Federal Contract Tower,0,6,19,0,25,0,0,154,0,154,0,6,173,0,179,205,0,205,384
07/25/2002,ENW,WI,AGL,CE,Federal Contract Tower,0,9,33,0,42,0,0,127,0,127,0,9,160,0,169,98,0,98,267
07/26/2002,ENW,WI,AGL,CE,Federal Contract Tower,0,2,32,0,34,0,8,134,8,150,0,10,166,8,184,90,0,90,274
07/27/2002,ENW,WI,AGL,CE,Federal Contract Tower,0,0,31,0,31,0,0,64,2,66,0,0,95,2,97,30,0,30,127
07/28/2002,ENW,WI,AGL,CE,Federal Contract Tower,0,5,22,0,27,0,0,116,0,116,0,5,138,0,143,84,0,84,227
07/29/2002,ENW,WI,AGL,CE,Federal Contract Tower,0,5,33,0,38,0,0,122,15,137,0,5,155,15,175,112,0,112,287
07/30/2002,ENW,WI,AGL,CE,Federal Contract Tower,0,3,47,0,50,0,0,150,0,150,0,3,197,0,200,276,0,276,476
07/31/2002,ENW,WI,AGL,CE,Federal Contract Tower,0,4,21,0,25,0,0,119,0,119,0,4,140,0,144,108,0,108,252
08/01/2002,ENW,WI,AGL,CE,Federal Contract Tower,0,6,31,0,37,0,1,104,0,105,0,7,135,0,142,164,0,164,306
08/02/2002,ENW,WI,AGL,CE,Federal Contract Tower,0,2,37,0,39,0,1,169,0,170,0,3,206,0,209,136,0,136,345
08/03/2002,ENW,WI,AGL,CE,Federal Contract Tower,0,3,31,0,34,0,3,173,0,176,0,6,204,0,210,58,0,58,268
08/04/2002,ENW,WI,AGL,CE,Federal Contract Tower,0,3,16,0,19,0,0,68,0,68,0,3,84,0,87,50,0,50,137
08/05/2002,ENW,WI,AGL,CE,Federal Contract Tower,0,2,33,0,35,0,0,91,0,91,0,2,124,0,126,66,0,66,192
08/06/2002,ENW,WI,AGL,CE,Federal Contract Tower,0,8,20,0,28,0,0,138,0,138,0,8,158,0,166,158,0,158,324
08/07/2002,ENW,WI,AGL,CE,Federal Contract Tower,0,6,27,0,33,0,0,138,0,138,0,6,165,0,171,88,0,88,259
08/08/2002,ENW,WI,AGL,CE,Federal Contract Tower,0,11,46,0,57,0,0,164,0,164,0,11,210,0,221,158,0,158,379
08/09/2002,ENW,WI,AGL,CE,Federal Contract Tower,0,3,30,0,33,0,0,124,0,124,0,3,154,0,157,92,0,92,249
08/10/2002,ENW,WI,AGL,CE,Federal Contract Tower,0,4,20,0,24,0,0,120,6,126,0,4,140,6,150,124,0,124,274
08/11/2002,ENW,WI,AGL,CE,Federal Contract Tower,0,3,27,0,30,0,0,120,0,120,0,3,147,0,150,20,0,20,170
08/12/2002,ENW,WI,AGL,CE,Federal Contract Tower,0,4,16,0,20,0,0,71,0,71,0,4,87,0,91,66,0,66,157
08/13/2002,ENW,WI,AGL,CE,Federal Contract Tower,0,5,11,0,16,0,0,35,0,35,0,5,46,0,51,24,0,24,75
08/14/2002,ENW,WI,AGL,CE,Federal Contract Tower,0,3,33,0,36,0,0,107,0,107,0,3,140,0,143,80,0,80,223
08/15/2002,ENW,WI,AGL,CE,Federal Contract Tower,0,3,22,0,25,0,0,128,0,128,0,3,150,0,153,72,0,72,225
08/16/2002,ENW,WI,AGL,CE,Federal Contract Tower,0,5,18,0,23,0,0,105,0,105,0,5,123,0,128,94,0,94,222
08/17/2002,ENW,WI,AGL,CE,Federal Contract Tower,0,3,9,0,12,0,0,52,0,52,0,3,61,0,64,30,0,30,94
08/18/2002,ENW,WI,AGL,CE,Federal Contract Tower,0,5,39,0,44,0,4,215,0,219,0,9,254,0,263,34,0,34,297
08/19/2002,ENW,WI,AGL,CE,Federal Contract Tower,0,5,20,0,25,0,7,100,8,115,0,12,120,8,140,130,0,130,270
08/20/2002,ENW,WI,AGL,CE,Federal Contract Tower,0,12,26,0,38,0,8,172,0,180,0,20,198,0,218,184,0,184,402
08/21/2002,ENW,WI,AGL,CE,Federal Contract Tower,0,11,27,0,38,0,1,84,0,85,0,12,111,0,123,174,0,174,297
08/22/2002,ENW,WI,AGL,CE,Federal Contract Tower,0,6,34,0,40,0,0,7,0,7,0,6,41,0,47,8,0,8,55
08/23/2002,ENW,WI,AGL,CE,Federal Contract Tower,0,6,39,0,45,0,0,1,0,1,0,6,40,0,46,0,0,0,46
08/24/2002,ENW,WI,AGL,CE,Federal Contract Tower,0,0,32,0,32,0,0,115,0,115,0,0,147,0,147,106,0,106,253
08/25/2002,ENW,WI,AGL,CE,Federal Contract Tower,0,4,26,0,30,0,0,147,0,147,0,4,173,0,177,56,0,56,233
08/26/2002,ENW,WI,AGL,CE,Federal Contract Tower,0,8,35,0,43,0,4,189,0,193,0,12,224,0,236,160,0,160,396
08/27/2002,ENW,WI,AGL,CE,Federal Contract Tower,0,6,49,0,55,0,1,92,0,93,0,7,141,0,148,138,0,138,286
08/28/2002,ENW,WI,AGL,CE,Federal Contract Tower,0,7,34,0,41,0,2,101,0,103,0,9,135,0,144,106,0,106,250
08/29/2002,ENW,WI,AGL,CE,Federal Contract Tower,0,8,28,0,36,0,0,187,0,187,0,8,215,0,223,248,0,248,471
08/30/2002,ENW,WI,AGL,CE,Federal Contract Tower,0,4,38,0,42,0,1,160,0,161,0,5,198,0,203,78,0,78,281
08/31/2002,ENW,WI,AGL,CE,Federal Contract Tower,0,1,25,0,26,0,0,159,0,159,0,1,184,0,185,106,0,106,291
09/01/2002,ENW,WI,AGL,CE,Federal Contract Tower,0,9,20,0,29,0,0,131,40,171,0,9,151,40,200,68,0,68,268
09/02/2002,ENW,WI,AGL,CE,Federal Contract Tower,0,4,3,0,7,0,2,33,0,35,0,6,36,0,42,44,0,44,86
09/03/2002,ENW,WI,AGL,CE,Federal Contract Tower,0,11,28,0,39,0,8,176,0,184,0,19,204,0,223,114,0,114,337
09/04/2002,ENW,WI,AGL,CE,Federal Contract Tower,0,13,50,0,63,0,0,154,0,154,0,13,204,0,217,104,0,104,321
09/05/2002,ENW,WI,AGL,CE,Federal Contract Tower,0,6,32,0,38,0,2,157,0,159,0,8,189,0,197,116,0,116,313
09/06/2002,ENW,WI,AGL,CE,Federal Contract Tower,0,6,25,0,31,0,0,166,0,166,0,6,191,0,197,132,0,132,329
09/07/2002,ENW,WI,AGL,CE,Federal Contract Tower,0,2,35,0,37,0,0,193,0,193,0,2,228,0,230,180,0,180,410
09/08/2002,ENW,WI,AGL,CE,Federal Contract Tower,0,7,18,0,25,0,1,174,0,175,0,8,192,0,200,50,0,50,250
09/09/2002,ENW,WI,AGL,CE,Federal Contract Tower,0,5,20,0,25,0,1,106,0,107,0,6,126,0,132,76,0,76,208
09/10/2002,ENW,WI,AGL,CE,Federal Contract Tower,0,2,31,0,33,0,1,85,0,86,0,3,116,0,119,44,0,44,163
09/11/2002,ENW,WI,AGL,CE,Federal Contract Tower,0,7,21,0,28,0,2,116,0,118,0,9,137,0,146,128,0,128,274
09/12/2002,ENW,WI,AGL,CE,Federal Contract Tower,0,9,41,0,50,0,1,129,0,130,0,10,170,0,180,84,0,84,264
09/13/2002,ENW,WI,AGL,CE,Federal Contract Tower,0,9,29,0,38,0,2,128,0,130,0,11,157,0,168,126,0,126,294
09/14/2002,ENW,WI,AGL,CE,Federal Contract Tower,0,2,32,0,34,0,1,142,0,143,0,3,174,0,177,144,0,144,321
09/15/2002,ENW,WI,AGL,CE,Federal Contract Tower,0,4,27,0,31,0,1,143,0,144,0,5,170,0,175,104,0,104,279
09/16/2002,ENW,WI,AGL,CE,Federal Contract Tower,0,4,24,0,28,0,2,138,0,140,0,6,162,0,168,100,0,100,268
09/17/2002,ENW,WI,AGL,CE,Federal Contract Tower,0,8,25,0,33,0,1,200,0,201,0,9,225,0,234,166,0,166,400
09/18/2002,ENW,WI,AGL,CE,Federal Contract Tower,0,8,19,0,27,0,0,46,0,46,0,8,65,0,73,124,0,124,197
09/19/2002,ENW,WI,AGL,CE,Federal Contract Tower,0,8,27,0,35,0,0,27,0,27,0,8,54,0,62,4,0,4,66
09/20/2002,ENW,WI,AGL,CE,Federal Contract Tower,0,4,26,0,30,0,0,17,0,17,0,4,43,0,47,42,0,42,89
09/21/2002,ENW,WI,AGL,CE,Federal Contract Tower,0,8,27,0,35,0,0,175,0,175,0,8,202,0,210,102,0,102,312
09/22/2002,ENW,WI,AGL,CE,Federal Contract Tower,0,20,18,0,38,0,1,143,0,144,0,21,161,0,182,32,0,32,214
09/23/2002,ENW,WI,AGL,CE,Federal Contract Tower,0,5,28,0,33,0,1,116,0,117,0,6,144,0,150,130,0,130,280
09/24/2002,ENW,WI,AGL,CE,Federal Contract Tower,0,8,34,0,42,0,5,131,0,136,0,13,165,0,178,134,0,134,312
09/25/2002,ENW,WI,AGL,CE,Federal Contract Tower,0,3,30,0,33,0,1,106,0,107,0,4,136,0,140,196,0,196,336
09/26/2002,ENW,WI,AGL,CE,Federal Contract Tower,0,0,16,0,16,0,0,106,0,106,0,0,122,0,122,56,0,56,178
09/27/2002,ENW,WI,AGL,CE,Federal Contract Tower,0,9,34,0,43,0,0,81,0,81,0,9,115,0,124,40,0,40,164
09/28/2002,ENW,WI,AGL,CE,Federal Contract Tower,0,3,35,0,38,0,0,152,0,152,0,3,187,0,190,148,0,148,338
09/29/2002,ENW,WI,AGL,CE,Federal Contract Tower,0,5,31,0,36,0,0,48,0,48,0,5,79,0,84,35,0,35,119
09/30/2002,ENW,WI,AGL,CE,Federal Contract Tower,0,3,20,0,23,0,0,106,0,106,0,3,126,0,129,50,0,50,179
10/01/2002,ENW,WI,AGL,CE,Federal Contract Tower,0,3,27,0,30,0,0,71,0,71,0,3,98,0,101,80,0,80,181
10/02/2002,ENW,WI,AGL,CE,Federal Contract Tower,0,6,35,0,41,0,0,22,0,22,0,6,57,0,63,10,0,10,73
10/03/2002,ENW,WI,AGL,CE,Federal Contract Tower,0,13,51,0,64,0,0,7,0,7,0,13,58,0,71,0,0,0,71
10/04/2002,ENW,WI,AGL,CE,Federal Contract Tower,0,3,8,0,11,0,0,35,0,35,0,3,43,0,46,12,0,12,58
10/05/2002,ENW,WI,AGL,CE,Federal Contract Tower,0,3,25,0,28,0,0,206,0,206,0,3,231,0,234,122,0,122,356
10/06/2002,ENW,WI,AGL,CE,Federal Contract Tower,0,4,6,0,10,0,0,32,0,32,0,4,38,0,42,26,0,26,68
10/07/2002,ENW,WI,AGL,CE,Federal Contract Tower,0,5,30,0,35,0,0,120,0,120,0,5,150,0,155,76,0,76,231
10/08/2002,ENW,WI,AGL,CE,Federal Contract Tower,0,9,31,0,40,0,0,87,0,87,0,9,118,0,127,50,0,50,177
10/09/2002,ENW,WI,AGL,CE,Federal Contract Tower,0,5,21,0,26,0,0,128,0,128,0,5,149,0,154,146,0,146,300
10/10/2002,ENW,WI,AGL,CE,Federal Contract Tower,0,8,35,0,43,0,0,128,0,128,0,8,163,0,171,92,0,92,263
10/11/2002,ENW,WI,AGL,CE,Federal Contract Tower,0,12,25,0,37,0,0,127,0,127,0,12,152,0,164,166,0,166,330
10/12/2002,ENW,WI,AGL,CE,Federal Contract Tower,0,0,34,0,34,0,0,52,0,52,0,0,86,0,86,56,0,56,142
10/13/2002,ENW,WI,AGL,CE,Federal Contract Tower,0,4,19,0,23,0,0,74,0,74,0,4,93,0,97,44,0,44,141
10/14/2002,ENW,WI,AGL,CE,Federal Contract Tower,0,6,23,0,29,0,7,133,0,140,0,13,156,0,169,102,0,102,271
10/15/2002,ENW,WI,AGL,CE,Federal Contract Tower,0,1,35,2,38,0,0,128,0,128,0,1,163,2,166,84,0,84,250
10/16/2002,ENW,WI,AGL,CE,Federal Contract Tower,0,5,38,0,43,0,0,84,0,84,0,5,122,0,127,118,0,118,245
10/17/2002,ENW,WI,AGL,CE,Federal Contract Tower,0,7,20,0,27,0,0,28,0,28,0,7,48,0,55,60,0,60,115
10/18/2002,ENW,WI,AGL,CE,Federal Contract Tower,0,9,15,0,24,0,1,46,0,47,0,10,61,0,71,0,0,0,71
10/19/2002,ENW,WI,AGL,CE,Federal Contract Tower,0,1,16,0,17,0,0,111,0,111,0,1,127,0,128,92,0,92,220
10/20/2002,ENW,WI,AGL,CE,Federal Contract Tower,0,7,34,0,41,0,0,172,0,172,0,7,206,0,213,130,0,130,343
10/21/2002,ENW,WI,AGL,CE,Federal Contract Tower,0,8,24,0,32,0,0,91,0,91,0,8,115,0,123,82,0,82,205
10/22/2002,ENW,WI,AGL,CE,Federal Contract Tower,0,5,16,0,21,0,0,53,0,53,0,5,69,0,74,50,0,50,124
10/23/2002,ENW,WI,AGL,CE,Federal Contract Tower,0,8,24,0,32,0,0,40,0,40,0,8,64,0,72,66,0,66,138
10/24/2002,ENW,WI,AGL,CE,Federal Contract Tower,0,11,18,0,29,0,0,22,0,22,0,11,40,0,51,40,0,40,91
10/25/2002,ENW,WI,AGL,CE,Federal Contract Tower,0,5,38,0,43,0,0,22,0,22,0,5,60,0,65,30,0,30,95
10/26/2002,ENW,WI,AGL,CE,Federal Contract Tower,0,0,33,0,33,0,0,116,0,116,0,0,149,0,149,88,0,88,237
10/27/2002,ENW,WI,AGL,CE,Federal Contract Tower,0,2,25,0,27,0,0,149,0,149,0,2,174,0,176,104,0,104,280
10/28/2002,ENW,WI,AGL,CE,Federal Contract Tower,0,7,35,0,42,0,0,118,2,120,0,7,153,2,162,156,0,156,318
10/29/2002,ENW,WI,AGL,CE,Federal Contract Tower,0,11,34,0,45,0,0,90,0,90,0,11,124,0,135,56,0,56,191
10/30/2002,ENW,WI,AGL,CE,Federal Contract Tower,0,6,50,0,56,0,0,110,0,110,0,6,160,0,166,44,0,44,210
10/31/2002,ENW,WI,AGL,CE,Federal Contract Tower,0,5,25,0,30,0,0,57,0,57,0,5,82,0,87,116,0,116,203
11/01/2002,ENW,WI,AGL,CE,Federal Contract Tower,0,6,15,0,21,0,0,75,0,75,0,6,90,0,96,52,0,52,148
11/02/2002,ENW,WI,AGL,CE,Federal Contract Tower,0,1,14,0,15,0,0,111,0,111,0,1,125,0,126,30,0,30,156
11/03/2002,ENW,WI,AGL,CE,Federal Contract Tower,0,4,17,0,21,0,0,127,0,127,0,4,144,0,148,156,0,156,304
11/04/2002,ENW,WI,AGL,CE,Federal Contract Tower,0,8,20,0,28,0,3,106,0,109,0,11,126,0,137,124,0,124,261
11/05/2002,ENW,WI,AGL,CE,Federal Contract Tower,0,7,9,0,16,0,0,13,0,13,0,7,22,0,29,0,0,0,29
11/06/2002,ENW,WI,AGL,CE,Federal Contract Tower,0,6,35,0,41,0,0,46,0,46,0,6,81,0,87,24,0,24,111
11/07/2002,ENW,WI,AGL,CE,Federal Contract Tower,0,13,22,0,35,0,0,65,0,65,0,13,87,0,100,102,0,102,202
11/08/2002,ENW,WI,AGL,CE,Federal Contract Tower,0,3,35,0,38,0,0,52,0,52,0,3,87,0,90,44,0,44,134
11/09/2002,ENW,WI,AGL,CE,Federal Contract Tower,0,8,39,0,47,0,1,58,0,59,0,9,97,0,106,59,0,59,165
11/10/2002,ENW,WI,AGL,CE,Federal Contract Tower,0,4,23,0,27,0,0,4,0,4,0,4,27,0,31,16,0,16,47
11/11/2002,ENW,WI,AGL,CE,Federal Contract Tower,0,8,8,0,16,0,0,29,0,29,0,8,37,0,45,0,0,0,45
11/12/2002,ENW,WI,AGL,CE,Federal Contract Tower,0,6,37,0,43,0,0,130,0,130,0,6,167,0,173,92,0,92,265
11/13/2002,ENW,WI,AGL,CE,Federal Contract Tower,0,5,33,0,38,0,0,137,0,137,0,5,170,0,175,98,0,98,273
11/14/2002,ENW,WI,AGL,CE,Federal Contract Tower,0,7,25,0,32,0,0,37,0,37,0,7,62,0,69,100,0,100,169
11/15/2002,ENW,WI,AGL,CE,Federal Contract Tower,0,1,13,0,14,0,0,65,0,65,0,1,78,0,79,16,0,16,95
11/16/2002,ENW,WI,AGL,CE,Federal Contract Tower,0,0,46,0,46,0,0,142,0,142,0,0,188,0,188,62,0,62,250
11/17/2002,ENW,WI,AGL,CE,Federal Contract Tower,0,2,21,0,23,0,0,151,0,151,0,2,172,0,174,142,0,142,316
11/18/2002,ENW,WI,AGL,CE,Federal Contract Tower,0,7,22,0,29,0,2,87,0,89,0,9,109,0,118,88,0,88,206
11/19/2002,ENW,WI,AGL,CE,Federal Contract Tower,0,6,19,0,25,0,1,109,0,110,0,7,128,0,135,136,0,136,271
11/20/2002,ENW,WI,AGL,CE,Federal Contract Tower,0,1,47,0,48,0,0,104,0,104,0,1,151,0,152,78,0,78,230
11/21/2002,ENW,WI,AGL,CE,Federal Contract Tower,0,6,18,0,24,0,0,19,0,19,0,6,37,0,43,0,0,0,43
11/22/2002,ENW,WI,AGL,CE,Federal Contract Tower,0,4,31,0,35,0,0,94,0,94,0,4,125,0,129,104,0,104,233
11/23/2002,ENW,WI,AGL,CE,Federal Contract Tower,0,3,18,0,21,0,0,106,0,106,0,3,124,0,127,118,0,118,245
11/24/2002,ENW,WI,AGL,CE,Federal Contract Tower,0,3,8,0,11,0,0,41,0,41,0,3,49,0,52,64,0,64,116
11/25/2002,ENW,WI,AGL,CE,Federal Contract Tower,0,2,30,0,32,0,2,152,0,154,0,4,182,0,186,92,0,92,278
11/26/2002,ENW,WI,AGL,CE,Federal Contract Tower,0,8,15,0,23,0,1,79,0,80,0,9,94,0,103,108,0,108,211
11/27/2002,ENW,WI,AGL,CE,Federal Contract Tower,0,7,28,0,35,0,0,151,0,151,0,7,179,0,186,84,0,84,270
11/28/2002,ENW,WI,AGL,CE,Federal Contract Tower,0,0,8,0,8,0,0,13,0,13,0,0,21,0,21,8,0,8,29
11/29/2002,ENW,WI,AGL,CE,Federal Contract Tower,0,0,25,0,25,0,0,105,0,105,0,0,130,0,130,90,0,90,220
11/30/2002,ENW,WI,AGL,CE,Federal Contract Tower,0,1,2,0,3,0,0,5,0,5,0,1,7,0,8,6,0,6,14
12/01/2002,ENW,WI,AGL,CE,Federal Contract Tower,0,6,6,0,12,0,0,37,0,37,0,6,43,0,49,42,0,42,91
12/02/2002,ENW,WI,AGL,CE,Federal Contract Tower,0,9,0,0,9,0,0,10,0,10,0,9,10,0,19,0,0,0,19
12/03/2002,ENW,WI,AGL,CE,Federal Contract Tower,0,18,11,0,29,0,0,47,0,47,0,18,58,0,76,38,0,38,114
12/04/2002,ENW,WI,AGL,CE,Federal Contract Tower,0,14,30,0,44,0,0,72,0,72,0,14,102,0,116,76,0,76,192
12/05/2002,ENW,WI,AGL,CE,Federal Contract Tower,0,12,17,0,29,0,0,89,0,89,0,12,106,0,118,36,0,36,154
12/06/2002,ENW,WI,AGL,CE,Federal Contract Tower,0,12,9,0,21,0,0,114,0,114,0,12,123,0,135,56,0,56,191
12/07/2002,ENW,WI,AGL,CE,Federal Contract Tower,0,5,31,0,36,0,0,154,0,154,0,5,185,0,190,116,0,116,306
12/08/2002,ENW,WI,AGL,CE,Federal Contract Tower,0,1,6,0,7,0,0,91,0,91,0,1,97,0,98,152,0,152,250
12/09/2002,ENW,WI,AGL,CE,Federal Contract Tower,0,17,19,0,36,0,0,82,0,82,0,17,101,0,118,118,0,118,236
12/10/2002,ENW,WI,AGL,CE,Federal Contract Tower,0,5,14,0,19,0,0,114,0,114,0,5,128,0,133,150,0,150,283
12/11/2002,ENW,WI,AGL,CE,Federal Contract Tower,0,4,36,0,40,0,0,162,0,162,0,4,198,0,202,86,0,86,288
12/12/2002,ENW,WI,AGL,CE,Federal Contract Tower,0,5,13,0,18,0,0,49,0,49,0,5,62,0,67,140,0,140,207
12/13/2002,ENW,WI,AGL,CE,Federal Contract Tower,0,16,38,0,54,0,10,0,0,10,0,26,38,0,64,0,0,0,64
12/14/2002,ENW,WI,AGL,CE,Federal Contract Tower,0,3,36,0,39,0,0,79,0,79,0,3,115,0,118,46,0,46,164
12/15/2002,ENW,WI,AGL,CE,Federal Contract Tower,0,1,23,0,24,0,0,114,0,114,0,1,137,0,138,136,0,136,274
12/16/2002,ENW,WI,AGL,CE,Federal Contract Tower,0,1,27,0,28,0,0,63,0,63,0,1,90,0,91,78,0,78,169
12/17/2002,ENW,WI,AGL,CE,Federal Contract Tower,0,9,5,0,14,0,1,60,0,61,0,10,65,0,75,30,0,30,105
12/18/2002,ENW,WI,AGL,CE,Federal Contract Tower,0,8,3,0,11,0,1,4,0,5,0,9,7,0,16,0,0,0,16
12/19/2002,ENW,WI,AGL,CE,Federal Contract Tower,0,4,30,0,34,0,0,76,0,76,0,4,106,0,110,48,0,48,158
12/20/2002,ENW,WI,AGL,CE,Federal Contract Tower,0,6,10,0,16,0,0,23,0,23,0,6,33,0,39,96,0,96,135
12/21/2002,ENW,WI,AGL,CE,Federal Contract Tower,0,10,22,0,32,0,0,64,0,64,0,10,86,0,96,20,0,20,116
12/22/2002,ENW,WI,AGL,CE,Federal Contract Tower,0,0,15,0,15,0,0,32,0,32,0,0,47,0,47,46,0,46,93
12/23/2002,ENW,WI,AGL,CE,Federal Contract Tower,0,2,3,0,5,0,0,86,0,86,0,2,89,0,91,22,0,22,113
12/24/2002,ENW,WI,AGL,CE,Federal Contract Tower,0,1,17,0,18,0,0,73,0,73,0,1,90,0,91,30,0,30,121
12/25/2002,ENW,WI,AGL,CE,Federal Contract Tower,0,1,2,0,3,0,0,11,0,11,0,1,13,0,14,0,0,0,14
12/26/2002,ENW,WI,AGL,CE,Federal Contract Tower,0,7,18,0,25,0,2,128,0,130,0,9,146,0,155,102,0,102,257
12/27/2002,ENW,WI,AGL,CE,Federal Contract Tower,0,6,30,0,36,0,0,131,0,131,0,6,161,0,167,76,0,76,243
12/28/2002,ENW,WI,AGL,CE,Federal Contract Tower,0,1,13,0,14,0,0,47,0,47,0,1,60,0,61,48,0,48,109
12/29/2002,ENW,WI,AGL,CE,Federal Contract Tower,0,1,35,0,36,0,0,67,0,67,0,1,102,0,103,10,0,10,113
12/30/2002,ENW,WI,AGL,CE,Federal Contract Tower,0,0,7,0,7,0,0,0,47,47,0,0,7,47,54,2,0,2,56
12/31/2002,ENW,WI,AGL,CE,Federal Contract Tower,0,0,27,0,27,0,0,219,0,219,0,0,246,0,246,102,0,102,348
01/01/2003,ENW,WI,AGL,CE,Federal Contract Tower,0,1,9,0,10,0,0,27,0,27,0,1,36,0,37,64,0,64,101
01/02/2003,ENW,WI,AGL,CE,Federal Contract Tower,0,4,18,0,22,0,0,7,0,7,0,4,25,0,29,0,0,0,29
01/03/2003,ENW,WI,AGL,CE,Federal Contract Tower,0,7,32,0,39,0,3,115,0,118,0,10,147,0,157,184,0,184,341
01/04/2003,ENW,WI,AGL,CE,Federal Contract Tower,0,1,19,0,20,0,0,121,0,121,0,1,140,0,141,56,0,56,197
01/05/2003,ENW,WI,AGL,CE,Federal Contract Tower,0,7,0,0,7,0,0,1,0,1,0,7,1,0,8,0,0,0,8
01/06/2003,ENW,WI,AGL,CE,Federal Contract Tower,0,4,19,0,23,0,0,72,0,72,0,4,91,0,95,58,0,58,153
01/07/2003,ENW,WI,AGL,CE,Federal Contract Tower,0,3,12,0,15,0,0,67,0,67,0,3,79,0,82,50,0,50,132
01/08/2003,ENW,WI,AGL,CE,Federal Contract Tower,0,3,27,0,30,0,0,84,0,84,0,3,111,0,114,82,0,82,196
01/09/2003,ENW,WI,AGL,CE,Federal Contract Tower,0,7,9,0,16,0,13,42,0,55,0,20,51,0,71,11,0,11,82
01/10/2003,ENW,WI,AGL,CE,Federal Contract Tower,0,8,4,0,12,0,0,35,0,35,0,8,39,0,47,22,0,22,69
01/11/2003,ENW,WI,AGL,CE,Federal Contract Tower,0,2,26,0,28,0,0,103,0,103,0,2,129,0,131,88,0,88,219
01/12/2003,ENW,WI,AGL,CE,Federal Contract Tower,0,4,12,0,16,0,0,109,0,109,0,4,121,0,125,158,0,158,283
01/13/2003,ENW,WI,AGL,CE,Federal Contract Tower,0,2,12,0,14,0,5,94,0,99,0,7,106,0,113,96,0,96,209
01/14/2003,ENW,WI,AGL,CE,Federal Contract Tower,0,2,22,0,24,0,1,63,0,64,0,3,85,0,88,42,0,42,130
01/15/2003,ENW,WI,AGL,CE,Federal Contract Tower,0,10,14,0,24,0,0,70,0,70,0,10,84,0,94,52,0,52,146
01/16/2003,ENW,WI,AGL,CE,Federal Contract Tower,0,9,24,0,33,0,0,89,0,89,0,9,113,0,122,60,0,60,182
01/17/2003,ENW,WI,AGL,CE,Federal Contract Tower,0,6,29,0,35,0,0,102,0,102,0,6,131,0,137,88,0,88,225
01/18/2003,ENW,WI,AGL,CE,Federal Contract Tower,0,4,14,0,18,0,0,43,0,43,0,4,57,0,61,26,0,26,87
01/19/2003,ENW,WI,AGL,CE,Federal Contract Tower,0,1,10,0,11,0,1,25,0,26,0,2,35,0,37,24,0,24,61
01/20/2003,ENW,WI,AGL,CE,Federal Contract Tower,0,2,19,0,21,0,0,114,0,114,0,2,133,0,135,100,0,100,235
01/21/2003,ENW,WI,AGL,CE,Federal Contract Tower,0,3,26,0,29,0,0,47,0,47,0,3,73,0,76,96,0,96,172
01/22/2003,ENW,WI,AGL,CE,Federal Contract Tower,0,3,29,0,32,0,1,79,0,80,0,4,108,0,112,50,0,50,162
01/23/2003,ENW,WI,AGL,CE,Federal Contract Tower,0,6,9,0,15,0,0,25,0,25,0,6,34,0,40,0,0,0,40
01/24/2003,ENW,WI,AGL,CE,Federal Contract Tower,0,14,24,0,38,0,0,66,0,66,0,14,90,0,104,68,0,68,172
01/25/2003,ENW,WI,AGL,CE,Federal Contract Tower,0,0,6,0,6,0,0,60,0,60,0,0,66,0,66,62,0,62,128
01/26/2003,ENW,WI,AGL,CE,Federal Contract Tower,0,2,7,0,9,0,0,44,0,44,0,2,51,0,53,70,0,70,123
01/27/2003,ENW,WI,AGL,CE,Federal Contract Tower,0,2,11,0,13,0,1,68,0,69,0,3,79,0,82,34,0,34,116
01/28/2003,ENW,WI,AGL,CE,Federal Contract Tower,0,9,4,0,13,0,1,8,0,9,0,10,12,0,22,10,0,10,32
01/29/2003,ENW,WI,AGL,CE,Federal Contract Tower,0,2,25,0,27,0,0,69,0,69,0,2,94,0,96,62,0,62,158
01/30/2003,ENW,WI,AGL,CE,Federal Contract Tower,0,4,32,0,36,0,0,85,0,85,0,4,117,0,121,98,0,98,219
01/31/2003,ENW,WI,AGL,CE,Federal Contract Tower,0,14,1,0,15,0,2,0,0,2,0,16,1,0,17,0,0,0,17
02/01/2003,ENW,WI,AGL,CE,Federal Contract Tower,0,0,10,0,10,0,1,11,0,12,0,1,21,0,22,96,0,96,118
02/02/2003,ENW,WI,AGL,CE,Federal Contract Tower,0,4,3,0,7,0,1,0,0,1,0,5,3,0,8,0,0,0,8
02/03/2003,ENW,WI,AGL,CE,Federal Contract Tower,0,2,1,0,3,0,0,0,0,0,0,2,1,0,3,0,0,0,3
02/04/2003,ENW,WI,AGL,CE,Federal Contract Tower,0,5,12,0,17,0,6,18,0,24,0,11,30,0,41,48,0,48,89
02/05/2003,ENW,WI,AGL,CE,Federal Contract Tower,0,3,24,0,27,0,0,95,0,95,0,3,119,0,122,58,0,58,180
02/06/2003,ENW,WI,AGL,CE,Federal Contract Tower,0,3,19,0,22,0,0,96,2,98,0,3,115,2,120,96,0,96,216
02/07/2003,ENW,WI,AGL,CE,Federal Contract Tower,0,14,23,0,37,0,1,104,0,105,0,15,127,0,142,100,0,100,242
02/08/2003,ENW,WI,AGL,CE,Federal Contract Tower,0,3,11,0,14,0,0,22,0,22,0,3,33,0,36,16,0,16,52
02/09/2003,ENW,WI,AGL,CE,Federal Contract Tower,0,5,30,0,35,0,0,82,0,82,0,5,112,0,117,102,0,102,219
02/10/2003,ENW,WI,AGL,CE,Federal Contract Tower,0,4,12,0,16,0,0,89,0,89,0,4,101,0,105,58,0,58,163
02/11/2003,ENW,WI,AGL,CE,Federal Contract Tower,0,5,12,0,17,0,0,38,0,38,0,5,50,0,55,24,0,24,79
02/12/2003,ENW,WI,AGL,CE,Federal Contract Tower,0,5,8,0,13,0,0,65,0,65,0,5,73,0,78,100,0,100,178
02/13/2003,ENW,WI,AGL,CE,Federal Contract Tower,0,7,26,0,33,0,4,139,0,143,0,11,165,0,176,110,0,110,286
02/14/2003,ENW,WI,AGL,CE,Federal Contract Tower,0,5,11,0,16,0,0,69,0,69,0,5,80,0,85,110,0,110,195
02/15/2003,ENW,WI,AGL,CE,Federal Contract Tower,0,0,12,0,12,0,0,22,0,22,0,0,34,0,34,18,0,18,52
02/16/2003,ENW,WI,AGL,CE,Federal Contract Tower,0,1,23,0,24,0,1,120,0,121,0,2,143,0,145,104,0,104,249
02/17/2003,ENW,WI,AGL,CE,Federal Contract Tower,0,8,16,0,24,0,0,44,0,44,0,8,60,0,68,30,0,30,98
02/18/2003,ENW,WI,AGL,CE,Federal Contract Tower,0,4,19,0,23,0,0,24,0,24,0,4,43,0,47,22,0,22,69
02/19/2003,ENW,WI,AGL,CE,Federal Contract Tower,0,6,29,0,35,0,1,144,0,145,0,7,173,0,180,78,0,78,258
02/20/2003,ENW,WI,AGL,CE,Federal Contract Tower,0,1,31,0,32,0,0,146,0,146,0,1,177,0,178,134,0,134,312
02/21/2003,ENW,WI,AGL,CE,Federal Contract Tower,0,7,27,0,34,0,0,133,0,133,0,7,160,0,167,124,0,124,291
02/22/2003,ENW,WI,AGL,CE,Federal Contract Tower,0,2,7,0,9,0,0,3,0,3,0,2,10,0,12,0,0,0,12
02/23/2003,ENW,WI,AGL,CE,Federal Contract Tower,0,7,16,0,23,0,1,100,0,101,0,8,116,0,124,96,0,96,220
02/24/2003,ENW,WI,AGL,CE,Federal Contract Tower,0,8,12,0,20,0,1,37,0,38,0,9,49,0,58,30,0,30,88
02/25/2003,ENW,WI,AGL,CE,Federal Contract Tower,0,11,15,0,26,0,3,86,0,89,0,14,101,0,115,66,0,66,181
02/26/2003,ENW,WI,AGL,CE,Federal Contract Tower,0,12,13,0,25,0,0,122,0,122,0,12,135,0,147,138,0,138,285
02/27/2003,ENW,WI,AGL,CE,Federal Contract Tower,0,10,24,0,34,0,0,95,0,95,0,10,119,0,129,122,0,122,251
02/28/2003,ENW,WI,AGL,CE,Federal Contract Tower,0,10,24,0,34,0,0,96,0,96,0,10,120,0,130,194,0,194,324
03/01/2003,ENW,WI,AGL,CE,Federal Contract Tower,0,3,28,0,31,0,0,72,0,72,0,3,100,0,103,88,0,88,191
03/02/2003,ENW,WI,AGL,CE,Federal Contract Tower,0,3,11,0,14,0,0,33,0,33,0,3,44,0,47,35,0,35,82
03/03/2003,ENW,WI,AGL,CE,Federal Contract Tower,0,2,0,0,2,2,35,0,0,37,2,37,0,0,39,36,0,36,75
03/04/2003,ENW,WI,AGL,CE,Federal Contract Tower,0,4,4,0,8,0,0,9,0,9,0,4,13,0,17,6,0,6,23
03/05/2003,ENW,WI,AGL,CE,Federal Contract Tower,0,10,3,0,13,0,0,19,0,19,0,10,22,0,32,34,0,34,66
03/06/2003,ENW,WI,AGL,CE,Federal Contract Tower,0,7,21,0,28,0,0,49,0,49,0,7,70,0,77,68,0,68,145
03/07/2003,ENW,WI,AGL,CE,Federal Contract Tower,0,8,10,0,18,0,0,48,0,48,0,8,58,0,66,88,0,88,154
03/08/2003,ENW,WI,AGL,CE,Federal Contract Tower,0,2,8,0,10,0,0,4,0,4,0,2,12,0,14,0,0,0,14
03/09/2003,ENW,WI,AGL,CE,Federal Contract Tower,0,3,10,0,13,0,0,116,0,116,0,3,126,0,129,84,0,84,213
03/10/2003,ENW,WI,AGL,CE,Federal Contract Tower,0,13,16,0,29,0,2,32,0,34,0,15,48,0,63,50,0,50,113
03/11/2003,ENW,WI,AGL,CE,Federal Contract Tower,0,10,21,0,31,0,1,74,2,77,0,11,95,2,108,109,0,109,217
03/12/2003,ENW,WI,AGL,CE,Federal Contract Tower,0,13,44,0,57,0,0,0,0,0,0,13,44,0,57,44,0,44,101
03/13/2003,ENW,WI,AGL,CE,Federal Contract Tower,0,10,29,0,39,0,0,56,0,56,0,10,85,0,95,50,0,50,145
03/14/2003,ENW,WI,AGL,CE,Federal Contract Tower,0,11,30,0,41,0,0,137,0,137,0,11,167,0,178,112,0,112,290
03/15/2003,ENW,WI,AGL,CE,Federal Contract Tower,0,11,41,0,52,0,0,163,0,163,0,11,204,0,215,208,0,208,423
03/16/2003,ENW,WI,AGL,CE,Federal Contract Tower,0,9,22,0,31,0,0,134,0,134,0,9,156,0,165,190,0,190,355
03/17/2003,ENW,WI,AGL,CE,Federal Contract Tower,0,4,20,0,24,0,0,61,0,61,0,4,81,0,85,82,0,82,167
03/18/2003,ENW,WI,AGL,CE,Federal Contract Tower,0,9,12,0,21,0,2,20,0,22,0,11,32,0,43,30,0,30,73
03/19/2003,ENW,WI,AGL,CE,Federal Contract Tower,0,8,13,0,21,0,0,17,0,17,0,8,30,0,38,8,0,8,46
03/20/2003,ENW,WI,AGL,CE,Federal Contract Tower,0,7,17,0,24,0,0,5,0,5,0,7,22,0,29,12,0,12,41
03/21/2003,ENW,WI,AGL,CE,Federal Contract Tower,0,5,57,0,62,0,0,0,0,0,0,5,57,0,62,72,0,72,134
03/22/2003,ENW,WI,AGL,CE,Federal Contract Tower,0,5,23,0,28,0,0,62,0,62,0,5,85,0,90,180,0,180,270
03/23/2003,ENW,WI,AGL,CE,Federal Contract Tower,0,2,41,0,43,0,0,189,0,189,0,2,230,0,232,282,0,282,514
03/24/2003,ENW,WI,AGL,CE,Federal Contract Tower,0,5,14,0,19,0,0,36,2,38,0,5,50,2,57,154,0,154,211
03/25/2003,ENW,WI,AGL,CE,Federal Contract Tower,0,2,15,0,17,0,0,120,0,120,0,2,135,0,137,112,0,112,249
03/26/2003,ENW,WI,AGL,CE,Federal Contract Tower,0,1,36,0,37,0,0,131,0,131,0,1,167,0,168,218,0,218,386
03/27/2003,ENW,WI,AGL,CE,Federal Contract Tower,0,6,30,0,36,0,5,55,0,60,0,11,85,0,96,76,0,76,172
03/28/2003,ENW,WI,AGL,CE,Federal Contract Tower,0,6,12,2,20,0,1,15,0,16,0,7,27,2,36,0,0,0,36
03/29/2003,ENW,WI,AGL,CE,Federal Contract Tower,0,4,21,0,25,0,3,61,0,64,0,7,82,0,89,114,0,114,203
03/30/2003,ENW,WI,AGL,CE,Federal Contract Tower,0,2,25,0,27,0,0,114,0,114,0,2,139,0,141,162,0,162,303
03/31/2003,ENW,WI,AGL,CE,Federal Contract Tower,0,5,21,0,26,0,0,87,0,87,0,5,108,0,113,144,0,144,257
04/01/2003,ENW,WI,AGL,CE,Federal Contract Tower,0,5,23,0,28,0,2,121,0,123,0,7,144,0,151,108,0,108,259
04/02/2003,ENW,WI,AGL,CE,Federal Contract Tower,0,8,33,0,41,0,0,72,0,72,0,8,105,0,113,72,0,72,185
04/03/2003,ENW,WI,AGL,CE,Federal Contract Tower,0,3,8,0,11,0,0,3,0,3,0,3,11,0,14,0,0,0,14
04/04/2003,ENW,WI,AGL,CE,Federal Contract Tower,0,15,9,0,24,0,0,0,0,0,0,15,9,0,24,0,0,0,24
04/05/2003,ENW,WI,AGL,CE,Federal Contract Tower,0,3,72,0,75,0,0,0,0,0,0,3,72,0,75,104,0,104,179
04/06/2003,ENW,WI,AGL,CE,Federal Contract Tower,0,3,19,0,22,0,0,56,0,56,0,3,75,0,78,130,0,130,208
04/07/2003,ENW,WI,AGL,CE,Federal Contract Tower,0,4,1,0,5,0,0,2,0,2,0,4,3,0,7,0,0,0,7
04/08/2003,ENW,WI,AGL,CE,Federal Contract Tower,0,6,7,0,13,0,0,34,0,34,0,6,41,0,47,18,0,18,65
04/09/2003,ENW,WI,AGL,CE,Federal Contract Tower,0,3,31,0,34,0,4,117,0,121,0,7,148,0,155,224,0,224,379
04/10/2003,ENW,WI,AGL,CE,Federal Contract Tower,0,8,38,0,46,0,0,158,0,158,0,8,196,0,204,297,0,297,501
04/11/2003,ENW,WI,AGL,CE,Federal Contract Tower,0,10,31,0,41,0,2,109,2,113,0,12,140,2,154,122,0,122,276
04/12/2003,ENW,WI,AGL,CE,Federal Contract Tower,0,2,32,0,34,0,3,159,0,162,0,5,191,0,196,136,0,136,332
04/13/2003,ENW,WI,AGL,CE,Federal Contract Tower,0,2,44,0,46,0,0,157,0,157,0,2,201,0,203,66,0,66,269
04/14/2003,ENW,WI,AGL,CE,Federal Contract Tower,0,3,24,0,27,0,0,107,0,107,0,3,131,0,134,104,0,104,238
04/15/2003,ENW,WI,AGL,CE,Federal Contract Tower,0,5,17,0,22,0,0,88,0,88,0,5,105,0,110,92,0,92,202
04/16/2003,ENW,WI,AGL,CE,Federal Contract Tower,0,11,12,0,23,0,0,23,0,23,0,11,35,0,46,16,0,16,62
04/17/2003,ENW,WI,AGL,CE,Federal Contract Tower,0,3,16,0,19,0,2,46,0,48,0,5,62,0,67,88,0,88,155
04/18/2003,ENW,WI,AGL,CE,Federal Contract Tower,0,6,41,0,47,0,4,56,0,60,0,10,97,0,107,44,0,44,151
04/19/2003,ENW,WI,AGL,CE,Federal Contract Tower,0,5,23,0,28,0,0,27,0,27,0,5,50,0,55,32,0,32,87
04/20/2003,ENW,WI,AGL,CE,Federal Contract Tower,0,1,3,0,4,0,0,24,0,24,0,1,27,0,28,0,0,0,28
04/21/2003,ENW,WI,AGL,CE,Federal Contract Tower,0,6,26,0,32,0,0,65,0,65,0,6,91,0,97,62,0,62,159
04/22/2003,ENW,WI,AGL,CE,Federal Contract Tower,0,3,23,0,26,0,1,146,0,147,0,4,169,0,173,286,0,286,459
04/23/2003,ENW,WI,AGL,CE,Federal Contract Tower,0,4,41,0,45,0,0,178,0,178,0,4,219,0,223,218,0,218,441
04/24/2003,ENW,WI,AGL,CE,Federal Contract Tower,0,16,40,0,56,0,5,112,0,117,0,21,152,0,173,118,0,118,291
04/25/2003,ENW,WI,AGL,CE,Federal Contract Tower,0,11,19,0,30,0,1,88,0,89,0,12,107,0,119,98,0,98,217
04/26/2003,ENW,WI,AGL,CE,Federal Contract Tower,0,2,44,0,46,0,0,214,0,214,0,2,258,0,260,192,0,192,452
04/27/2003,ENW,WI,AGL,CE,Federal Contract Tower,0,6,32,0,38,0,0,101,0,101,0,6,133,0,139,138,0,138,277
04/28/2003,ENW,WI,AGL,CE,Federal Contract Tower,0,19,17,0,36,0,3,118,0,121,0,22,135,0,157,110,0,110,267
04/29/2003,ENW,WI,AGL,CE,Federal Contract Tower,0,7,34,0,41,0,38,127,0,165,0,45,161,0,206,146,0,146,352
04/30/2003,ENW,WI,AGL,CE,Federal Contract Tower,0,11,3,0,14,0,5,6,0,11,0,16,9,0,25,0,0,0,25
05/01/2003,ENW,WI,AGL,CE,Federal Contract Tower,0,17,25,0,42,0,0,2,0,2,0,17,27,0,44,8,0,8,52
05/02/2003,ENW,WI,AGL,CE,Federal Contract Tower,0,9,33,0,42,0,8,118,0,126,0,17,151,0,168,96,0,96,264
05/03/2003,ENW,WI,AGL,CE,Federal Contract Tower,0,7,42,0,49,0,10,212,0,222,0,17,254,0,271,236,0,236,507
05/04/2003,ENW,WI,AGL,CE,Federal Contract Tower,0,4,21,0,25,0,29,90,0,119,0,33,111,0,144,52,0,52,196
05/05/2003,ENW,WI,AGL,CE,Federal Contract Tower,0,12,22,0,34,0,5,26,0,31,0,17,48,0,65,18,0,18,83
05/06/2003,ENW,WI,AGL,CE,Federal Contract Tower,0,16,42,0,58,0,3,157,0,160,0,19,199,0,218,136,0,136,354
05/07/2003,ENW,WI,AGL,CE,Federal Contract Tower,0,8,33,0,41,0,0,13,0,13,0,8,46,0,54,0,0,0,54
05/08/2003,ENW,WI,AGL,CE,Federal Contract Tower,0,16,47,0,63,0,0,82,0,82,0,16,129,0,145,72,0,72,217
05/09/2003,ENW,WI,AGL,CE,Federal Contract Tower,0,8,19,0,27,0,0,55,0,55,0,8,74,0,82,44,0,44,126
05/10/2003,ENW,WI,AGL,CE,Federal Contract Tower,0,5,45,0,50,0,3,129,0,132,0,8,174,0,182,194,0,194,376
05/11/2003,ENW,WI,AGL,CE,Federal Contract Tower,0,1,4,0,5,0,0,0,0,0,0,1,4,0,5,0,0,0,5
05/12/2003,ENW,WI,AGL,CE,Federal Contract Tower,0,4,7,0,11,0,1,45,0,46,0,5,52,0,57,36,0,36,93
05/13/2003,ENW,WI,AGL,CE,Federal Contract Tower,0,2,38,0,40,0,0,208,0,208,0,2,246,0,248,229,0,229,477
05/14/2003,ENW,WI,AGL,CE,Federal Contract Tower,0,10,13,0,23,0,0,53,0,53,0,10,66,0,76,42,0,42,118
05/15/2003,ENW,WI,AGL,CE,Federal Contract Tower,0,12,31,0,43,0,0,114,0,114,0,12,145,0,157,176,0,176,333
05/16/2003,ENW,WI,AGL,CE,Federal Contract Tower,0,8,20,0,28,0,3,125,0,128,0,11,145,0,156,158,0,158,314
05/17/2003,ENW,WI,AGL,CE,Federal Contract Tower,0,5,29,0,34,0,0,71,0,71,0,5,100,0,105,60,0,60,165
05/18/2003,ENW,WI,AGL,CE,Federal Contract Tower,0,11,28,0,39,0,0,154,0,154,0,11,182,0,193,84,0,84,277
05/19/2003,ENW,WI,AGL,CE,Federal Contract Tower,0,2,29,0,31,0,0,10,0,10,0,2,39,0,41,0,0,0,41
05/20/2003,ENW,WI,AGL,CE,Federal Contract Tower,0,6,23,0,29,0,0,76,0,76,0,6,99,0,105,70,0,70,175
05/21/2003,ENW,WI,AGL,CE,Federal Contract Tower,0,14,27,0,41,0,2,169,0,171,0,16,196,0,212,114,0,114,326
05/22/2003,ENW,WI,AGL,CE,Federal Contract Tower,0,13,35,0,48,0,1,216,0,217,0,14,251,0,265,136,0,136,401
05/23/2003,ENW,WI,AGL,CE,Federal Contract Tower,0,12,26,0,38,0,0,176,0,176,0,12,202,0,214,174,0,174,388
05/24/2003,ENW,WI,AGL,CE,Federal Contract Tower,0,0,14,0,14,0,2,150,0,152,0,2,164,0,166,164,0,164,330
05/25/2003,ENW,WI,AGL,CE,Federal Contract Tower,0,1,13,0,14,0,0,167,0,167,0,1,180,0,181,84,0,84,265
05/26/2003,ENW,WI,AGL,CE,Federal Contract Tower,0,0,17,0,17,0,0,121,0,121,0,0,138,0,138,76,0,76,214
05/27/2003,ENW,WI,AGL,CE,Federal Contract Tower,0,13,32,0,45,0,6,118,0,124,0,19,150,0,169,128,0,128,297
05/28/2003,ENW,WI,AGL,CE,Federal Contract Tower,0,4,11,0,15,0,0,52,0,52,0,4,63,0,67,76,0,76,143
05/29/2003,ENW,WI,AGL,CE,Federal Contract Tower,0,13,33,0,46,0,1,119,0,120,0,14,152,0,166,102,0,102,268
05/30/2003,ENW,WI,AGL,CE,Federal Contract Tower,0,11,21,0,32,0,1,68,0,69,0,12,89,0,101,100,0,100,201
05/31/2003,ENW,WI,AGL,CE,Federal Contract Tower,0,2,13,0,15,0,0,42,0,42,0,2,55,0,57,10,0,10,67
06/01/2003,ENW,WI,AGL,CE,Federal Contract Tower,0,1,27,0,28,0,1,255,0,256,0,2,282,0,284,228,0,228,512
06/02/2003,ENW,WI,AGL,CE,Federal Contract Tower,0,8,16,0,24,0,1,106,0,107,0,9,122,0,131,108,0,108,239
06/03/2003,ENW,WI,AGL,CE,Federal Contract Tower,0,7,35,0,42,0,0,88,0,88,0,7,123,0,130,80,0,80,210
06/04/2003,ENW,WI,AGL,CE,Federal Contract Tower,0,5,30,0,35,0,0,96,0,96,0,5,126,0,131,60,0,60,191
06/05/2003,ENW,WI,AGL,CE,Federal Contract Tower,0,7,37,0,44,0,0,200,0,200,0,7,237,0,244,98,0,98,342
06/06/2003,ENW,WI,AGL,CE,Federal Contract Tower,0,11,21,0,32,0,0,96,0,96,0,11,117,0,128,108,0,108,236
06/07/2003,ENW,WI,AGL,CE,Federal Contract Tower,0,2,22,0,24,0,0,194,0,194,0,2,216,0,218,134,0,134,352
06/08/2003,ENW,WI,AGL,CE,Federal Contract Tower,0,1,10,0,11,0,2,29,0,31,0,3,39,0,42,44,0,44,86
06/09/2003,ENW,WI,AGL,CE,Federal Contract Tower,0,9,10,0,19,0,5,143,0,148,0,14,153,0,167,181,0,181,348
06/10/2003,ENW,WI,AGL,CE,Federal Contract Tower,0,10,22,0,32,0,0,60,0,60,0,10,82,0,92,34,0,34,126
06/11/2003,ENW,WI,AGL,CE,Federal Contract Tower,0,8,39,0,47,0,0,22,0,22,0,8,61,0,69,2,0,2,71
06/12/2003,ENW,WI,AGL,CE,Federal Contract Tower,0,11,38,0,49,0,0,55,0,55,0,11,93,0,104,36,0,36,140
06/13/2003,ENW,WI,AGL,CE,Federal Contract Tower,0,10,36,0,46,0,0,144,0,144,0,10,180,0,190,124,0,124,314
06/14/2003,ENW,WI,AGL,CE,Federal Contract Tower,0,4,28,0,32,0,0,217,0,217,0,4,245,0,249,204,0,204,453
06/15/2003,ENW,WI,AGL,CE,Federal Contract Tower,0,7,12,0,19,0,1,178,2,181,0,8,190,2,200,132,0,132,332
06/16/2003,ENW,WI,AGL,CE,Federal Contract Tower,0,12,31,0,43,0,16,158,0,174,0,28,189,0,217,156,0,156,373
06/17/2003,ENW,WI,AGL,CE,Federal Contract Tower,0,3,22,0,25,0,11,185,0,196,0,14,207,0,221,198,0,198,419
06/18/2003,ENW,WI,AGL,CE,Federal Contract Tower,0,11,17,0,28,0,6,56,0,62,0,17,73,0,90,60,0,60,150
06/19/2003,ENW,WI,AGL,CE,Federal Contract Tower,0,12,32,0,44,0,0,111,0,111,0,12,143,0,155,144,0,144,299
06/20/2003,ENW,WI,AGL,CE,Federal Contract Tower,0,11,18,0,29,0,1,200,0,201,0,12,218,0,230,274,0,274,504
06/21/2003,ENW,WI,AGL,CE,Federal Contract Tower,0,3,32,0,35,0,0,201,0,201,0,3,233,0,236,214,0,214,450
06/22/2003,ENW,WI,AGL,CE,Federal Contract Tower,0,18,25,0,43,0,1,177,0,178,0,19,202,0,221,102,0,102,323
06/23/2003,ENW,WI,AGL,CE,Federal Contract Tower,0,7,12,0,19,0,1,112,0,113,0,8,124,0,132,112,0,112,244
06/24/2003,ENW,WI,AGL,CE,Federal Contract Tower,0,10,23,0,33,0,2,132,0,134,0,12,155,0,167,116,0,116,283
06/25/2003,ENW,WI,AGL,CE,Federal Contract Tower,0,10,13,0,23,0,4,116,2,122,0,14,129,2,145,120,0,120,265
06/26/2003,ENW,WI,AGL,CE,Federal Contract Tower,0,4,24,0,28,0,2,60,0,62,0,6,84,0,90,32,0,32,122
06/27/2003,ENW,WI,AGL,CE,Federal Contract Tower,0,10,29,0,39,0,0,136,0,136,0,10,165,0,175,96,0,96,271
06/28/2003,ENW,WI,AGL,CE,Federal Contract Tower,0,5,20,0,25,0,3,96,0,99,0,8,116,0,124,102,0,102,226
06/29/2003,ENW,WI,AGL,CE,Federal Contract Tower,0,7,23,0,30,0,1,213,0,214,0,8,236,0,244,108,0,108,352
06/30/2003,ENW,WI,AGL,CE,Federal Contract Tower,0,9,19,0,28,0,10,191,0,201,0,19,210,0,229,194,0,194,423
07/01/2003,ENW,WI,AGL,CE,Federal Contract Tower,0,7,25,0,32,0,3,203,0,206,0,10,228,0,238,189,0,189,427
07/02/2003,ENW,WI,AGL,CE,Federal Contract Tower,0,7,28,0,35,0,5,156,0,161,0,12,184,0,196,179,0,179,375
07/03/2003,ENW,WI,AGL,CE,Federal Contract Tower,0,7,26,0,33,0,2,112,0,114,0,9,138,0,147,78,0,78,225
07/04/2003,ENW,WI,AGL,CE,Federal Contract Tower,0,3,2,0,5,0,5,70,0,75,0,8,72,0,80,44,0,44,124
07/05/2003,ENW,WI,AGL,CE,Federal Contract Tower,0,3,11,0,14,0,1,106,0,107,0,4,117,0,121,94,0,94,215
07/06/2003,ENW,WI,AGL,CE,Federal Contract Tower,0,7,10,0,17,0,0,66,0,66,0,7,76,0,83,30,0,30,113
07/07/2003,ENW,WI,AGL,CE,Federal Contract Tower,0,7,14,0,21,0,0,92,0,92,0,7,106,0,113,52,0,52,165
07/08/2003,ENW,WI,AGL,CE,Federal Contract Tower,0,8,12,0,20,0,0,33,0,33,0,8,45,0,53,108,0,108,161
07/09/2003,ENW,WI,AGL,CE,Federal Contract Tower,0,4,17,0,21,0,4,76,0,80,0,8,93,0,101,52,0,52,153
07/10/2003,ENW,WI,AGL,CE,Federal Contract Tower,0,12,40,0,52,0,0,43,0,43,0,12,83,0,95,72,0,72,167
07/11/2003,ENW,WI,AGL,CE,Federal Contract Tower,0,10,23,0,33,0,0,80,0,80,0,10,103,0,113,86,0,86,199
07/12/2003,ENW,WI,AGL,CE,Federal Contract Tower,0,10,20,0,30,0,14,225,0,239,0,24,245,0,269,188,0,188,457
07/13/2003,ENW,WI,AGL,CE,Federal Contract Tower,0,10,23,0,33,0,1,241,0,242,0,11,264,0,275,76,0,76,351
07/14/2003,ENW,WI,AGL,CE,Federal Contract Tower,0,7,23,0,30,0,5,157,0,162,0,12,180,0,192,122,0,122,314
07/15/2003,ENW,WI,AGL,CE,Federal Contract Tower,0,5,28,0,33,0,0,105,0,105,0,5,133,0,138,92,0,92,230
07/16/2003,ENW,WI,AGL,CE,Federal Contract Tower,0,5,22,0,27,0,2,193,0,195,0,7,215,0,222,126,0,126,348
07/17/2003,ENW,WI,AGL,CE,Federal Contract Tower,0,15,23,0,38,0,10,106,0,116,0,25,129,0,154,56,0,56,210
07/18/2003,ENW,WI,AGL,CE,Federal Contract Tower,0,10,24,0,34,0,0,140,0,140,0,10,164,0,174,104,0,104,278
07/19/2003,ENW,WI,AGL,CE,Federal Contract Tower,0,1,25,0,26,0,0,293,0,293,0,1,318,0,319,134,0,134,453
07/20/2003,ENW,WI,AGL,CE,Federal Contract Tower,0,5,26,0,31,0,0,138,0,138,0,5,164,0,169,80,0,80,249
07/21/2003,ENW,WI,AGL,CE,Federal Contract Tower,0,4,20,0,24,0,0,146,0,146,0,4,166,0,170,140,0,140,310
07/22/2003,ENW,WI,AGL,CE,Federal Contract Tower,0,8,30,0,38,0,0,139,0,139,0,8,169,0,177,120,0,120,297
07/23/2003,ENW,WI,AGL,CE,Federal Contract Tower,0,3,25,0,28,0,4,137,0,141,0,7,162,0,169,106,0,106,275
07/24/2003,ENW,WI,AGL,CE,Federal Contract Tower,0,4,38,0,42,0,6,162,4,172,0,10,200,4,214,134,0,134,348
07/25/2003,ENW,WI,AGL,CE,Federal Contract Tower,0,7,22,0,29,0,4,196,0,200,0,11,218,0,229,94,0,94,323
07/26/2003,ENW,WI,AGL,CE,Federal Contract Tower,0,2,22,2,26,0,0,339,0,339,0,2,361,2,365,44,0,44,409
07/27/2003,ENW,WI,AGL,CE,Federal Contract Tower,0,4,17,0,21,0,0,508,0,508,0,4,525,0,529,178,0,178,707
07/28/2003,ENW,WI,AGL,CE,Federal Contract Tower,0,6,22,0,28,0,0,389,2,391,0,6,411,2,419,294,10,304,723
07/29/2003,ENW,WI,AGL,CE,Federal Contract Tower,0,11,19,0,30,0,1,194,0,195,0,12,213,0,225,128,0,128,353
07/30/2003,ENW,WI,AGL,CE,Federal Contract Tower,0,5,20,0,25,0,0,124,0,124,0,5,144,0,149,102,0,102,251
07/31/2003,ENW,WI,AGL,CE,Federal Contract Tower,0,14,38,0,52,0,12,157,0,169,0,26,195,0,221,73,0,73,294
08/01/2003,ENW,WI,AGL,CE,Federal Contract Tower,0,12,9,0,21,0,0,84,0,84,0,12,93,0,105,52,0,52,157
08/02/2003,ENW,WI,AGL,CE,Federal Contract Tower,0,1,12,0,13,0,0,168,0,168,0,1,180,0,181,54,0,54,235
08/03/2003,ENW,WI,AGL,CE,Federal Contract Tower,0,7,11,0,18,0,0,104,0,104,0,7,115,0,122,46,0,46,168
08/04/2003,ENW,WI,AGL,CE,Federal Contract Tower,0,3,21,0,24,0,0,105,0,105,0,3,126,0,129,92,0,92,221
08/05/2003,ENW,WI,AGL,CE,Federal Contract Tower,0,10,40,0,50,0,0,156,0,156,0,10,196,0,206,132,0,132,338
08/06/2003,ENW,WI,AGL,CE,Federal Contract Tower,0,9,36,0,45,0,0,94,0,94,0,9,130,0,139,98,0,98,237
08/07/2003,ENW,WI,AGL,CE,Federal Contract Tower,0,7,26,0,33,0,6,124,0,130,0,13,150,0,163,124,0,124,287
08/08/2003,ENW,WI,AGL,CE,Federal Contract Tower,0,15,44,0,59,0,10,40,2,52,0,25,84,2,111,62,0,62,173
08/09/2003,ENW,WI,AGL,CE,Federal Contract Tower,0,4,41,0,45,0,0,197,0,197,0,4,238,0,242,26,0,26,268
08/10/2003,ENW,WI,AGL,CE,Federal Contract Tower,0,6,23,0,29,0,6,219,4,229,0,12,242,4,258,107,0,107,365
08/11/2003,ENW,WI,AGL,CE,Federal Contract Tower,0,10,54,0,64,0,0,68,4,72,0,10,122,4,136,73,0,73,209
08/12/2003,ENW,WI,AGL,CE,Federal Contract Tower,0,6,35,0,41,0,0,110,4,114,0,6,145,4,155,124,0,124,279
08/13/2003,ENW,WI,AGL,CE,Federal Contract Tower,0,6,37,0,43,0,0,134,0,134,0,6,171,0,177,180,0,180,357
08/14/2003,ENW,WI,AGL,CE,Federal Contract Tower,0,4,24,0,28,0,2,100,0,102,0,6,124,0,130,144,0,144,274
08/15/2003,ENW,WI,AGL,CE,Federal Contract Tower,0,12,30,0,42,0,16,92,0,108,0,28,122,0,150,40,0,40,190
08/16/2003,ENW,WI,AGL,CE,Federal Contract Tower,0,2,28,0,30,0,0,164,0,164,0,2,192,0,194,204,0,204,398
08/17/2003,ENW,WI,AGL,CE,Federal Contract Tower,0,8,13,0,21,0,0,144,0,144,0,8,157,0,165,44,0,44,209
08/18/2003,ENW,WI,AGL,CE,Federal Contract Tower,0,9,25,0,34,0,0,170,0,170,0,9,195,0,204,112,0,112,316
08/19/2003,ENW,WI,AGL,CE,Federal Contract Tower,0,4,11,0,15,0,4,122,0,126,0,8,133,0,141,108,0,108,249
08/20/2003,ENW,WI,AGL,CE,Federal Contract Tower,0,12,17,0,29,0,5,118,0,123,0,17,135,0,152,158,0,158,310
08/21/2003,ENW,WI,AGL,CE,Federal Contract Tower,0,4,14,0,18,0,0,75,0,75,0,4,89,0,93,130,0,130,223
08/22/2003,ENW,WI,AGL,CE,Federal Contract Tower,0,10,25,0,35,0,1,174,0,175,0,11,199,0,210,74,0,74,284
08/23/2003,ENW,WI,AGL,CE,Federal Contract Tower,0,2,21,0,23,0,0,178,0,178,0,2,199,0,201,188,0,188,389
08/24/2003,ENW,WI,AGL,CE,Federal Contract Tower,0,1,17,5,23,0,0,200,5,205,0,1,217,10,228,100,0,100,328
08/25/2003,ENW,WI,AGL,CE,Federal Contract Tower,0,4,11,1,16,0,6,102,3,111,0,10,113,4,127,90,0,90,217
08/26/2003,ENW,WI,AGL,CE,Federal Contract Tower,0,4,23,0,27,0,0,124,0,124,0,4,147,0,151,134,0,134,285
08/27/2003,ENW,WI,AGL,CE,Federal Contract Tower,0,6,32,0,38,0,7,161,0,168,0,13,193,0,206,176,0,176,382
08/28/2003,ENW,WI,AGL,CE,Federal Contract Tower,0,11,17,0,28,0,6,139,0,145,0,17,156,0,173,86,0,86,259
08/29/2003,ENW,WI,AGL,CE,Federal Contract Tower,0,12,17,0,29,0,1,120,0,121,0,13,137,0,150,112,0,112,262
08/30/2003,ENW,WI,AGL,CE,Federal Contract Tower,0,5,13,0,18,0,13,173,0,186,0,18,186,0,204,88,0,88,292
08/31/2003,ENW,WI,AGL,CE,Federal Contract Tower,0,1,10,0,11,0,10,103,0,113,0,11,113,0,124,78,0,78,202
09/01/2003,ENW,WI,AGL,CE,Federal Contract Tower,0,2,23,0,25,0,0,72,0,72,0,2,95,0,97,26,0,26,123
09/02/2003,ENW,WI,AGL,CE,Federal Contract Tower,0,9,31,0,40,0,0,140,0,140,0,9,171,0,180,132,0,132,312
09/03/2003,ENW,WI,AGL,CE,Federal Contract Tower,0,4,39,0,43,0,0,85,0,85,0,4,124,0,128,180,0,180,308
09/04/2003,ENW,WI,AGL,CE,Federal Contract Tower,0,6,24,0,30,0,0,126,0,126,0,6,150,0,156,130,0,130,286
09/05/2003,ENW,WI,AGL,CE,Federal Contract Tower,0,11,28,0,39,0,0,159,0,159,0,11,187,0,198,74,0,74,272
09/06/2003,ENW,WI,AGL,CE,Federal Contract Tower,0,1,31,0,32,0,6,176,0,182,0,7,207,0,214,124,0,124,338
09/07/2003,ENW,WI,AGL,CE,Federal Contract Tower,0,9,19,0,28,0,2,144,0,146,0,11,163,0,174,130,0,130,304
09/08/2003,ENW,WI,AGL,CE,Federal Contract Tower,0,6,12,0,18,0,0,116,0,116,0,6,128,0,134,100,0,100,234
09/09/2003,ENW,WI,AGL,CE,Federal Contract Tower,0,16,20,0,36,0,0,132,0,132,0,16,152,0,168,124,0,124,292
09/10/2003,ENW,WI,AGL,CE,Federal Contract Tower,0,8,30,0,38,0,2,124,0,126,0,10,154,0,164,126,0,126,290
09/11/2003,ENW,WI,AGL,CE,Federal Contract Tower,0,7,28,0,35,0,5,62,0,67,0,12,90,0,102,116,0,116,218
09/12/2003,ENW,WI,AGL,CE,Federal Contract Tower,0,7,21,0,28,0,0,74,2,76,0,7,95,2,104,70,0,70,174
09/13/2003,ENW,WI,AGL,CE,Federal Contract Tower,0,2,18,0,20,0,2,9,0,11,0,4,27,0,31,36,0,36,67
09/14/2003,ENW,WI,AGL,CE,Federal Contract Tower,0,6,37,0,43,0,3,32,0,35,0,9,69,0,78,64,0,64,142
09/15/2003,ENW,WI,AGL,CE,Federal Contract Tower,0,8,18,0,26,0,3,115,0,118,0,11,133,0,144,178,0,178,322
09/16/2003,ENW,WI,AGL,CE,Federal Contract Tower,0,14,23,0,37,0,9,143,0,152,0,23,166,0,189,184,0,184,373
09/17/2003,ENW,WI,AGL,CE,Federal Contract Tower,0,16,15,0,31,0,2,104,0,106,0,18,119,0,137,112,0,112,249
09/18/2003,ENW,WI,AGL,CE,Federal Contract Tower,0,6,19,0,25,0,3,150,0,153,0,9,169,0,178,168,0,168,346
09/19/2003,ENW,WI,AGL,CE,Federal Contract Tower,1,11,12,0,24,0,0,86,0,86,1,11,98,0,110,42,0,42,152
09/20/2003,ENW,WI,AGL,CE,Federal Contract Tower,0,7,34,0,41,0,1,195,0,196,0,8,229,0,237,148,0,148,385
09/21/2003,ENW,WI,AGL,CE,Federal Contract Tower,0,5,23,0,28,0,8,159,0,167,0,13,182,0,195,54,0,54,249
09/22/2003,ENW,WI,AGL,CE,Federal Contract Tower,0,5,12,0,17,0,1,50,0,51,0,6,62,0,68,36,0,36,104
09/23/2003,ENW,WI,AGL,CE,Federal Contract Tower,0,8,23,0,31,0,2,126,0,128,0,10,149,0,159,104,0,104,263
09/24/2003,ENW,WI,AGL,CE,Federal Contract Tower,0,12,16,0,28,0,5,89,0,94,0,17,105,0,122,74,0,74,196
09/25/2003,ENW,WI,AGL,CE,Federal Contract Tower,0,9,26,0,35,0,5,137,0,142,0,14,163,0,177,103,40,143,320
09/26/2003,ENW,WI,AGL,CE,Federal Contract Tower,0,12,10,0,22,0,10,29,0,39,0,22,39,0,61,92,0,92,153
09/27/2003,ENW,WI,AGL,CE,Federal Contract Tower,0,4,22,0,26,0,0,147,34,181,0,4,169,34,207,0,0,0,207
09/28/2003,ENW,WI,AGL,CE,Federal Contract Tower,0,4,20,0,24,0,3,99,0,102,0,7,119,0,126,42,0,42,168
09/29/2003,ENW,WI,AGL,CE,Federal Contract Tower,0,10,17,0,27,0,0,93,0,93,0,10,110,0,120,146,0,146,266
09/30/2003,ENW,WI,AGL,CE,Federal Contract Tower,0,7,12,0,19,0,2,87,0,89,0,9,99,0,108,74,0,74,182
10/01/2003,ENW,WI,AGL,CE,Federal Contract Tower,0,6,16,0,22,0,0,67,0,67,0,6,83,0,89,116,0,116,205
10/02/2003,ENW,WI,AGL,CE,Federal Contract Tower,0,7,20,0,27,0,1,123,0,124,0,8,143,0,151,124,0,124,275
10/03/2003,ENW,WI,AGL,CE,Federal Contract Tower,0,5,14,0,19,0,2,24,0,26,0,7,38,0,45,0,0,0,45
10/04/2003,ENW,WI,AGL,CE,Federal Contract Tower,0,3,15,0,18,0,0,166,0,166,0,3,181,0,184,209,0,209,393
10/05/2003,ENW,WI,AGL,CE,Federal Contract Tower,0,6,26,0,32,0,0,195,0,195,0,6,221,0,227,116,0,116,343
10/06/2003,ENW,WI,AGL,CE,Federal Contract Tower,0,5,16,0,21,0,12,152,0,164,0,17,168,0,185,106,0,106,291
10/07/2003,ENW,WI,AGL,CE,Federal Contract Tower,0,9,31,0,40,0,0,147,0,147,0,9,178,0,187,104,0,104,291
10/08/2003,ENW,WI,AGL,CE,Federal Contract Tower,0,12,39,0,51,0,4,115,0,119,0,16,154,0,170,100,0,100,270
10/09/2003,ENW,WI,AGL,CE,Federal Contract Tower,0,10,30,0,40,0,5,117,0,122,0,15,147,0,162,146,0,146,308
10/10/2003,ENW,WI,AGL,CE,Federal Contract Tower,0,9,29,0,38,0,0,110,0,110,0,9,139,0,148,130,0,130,278
10/11/2003,ENW,WI,AGL,CE,Federal Contract Tower,0,8,25,0,33,0,0,113,0,113,0,8,138,0,146,34,0,34,180
10/12/2003,ENW,WI,AGL,CE,Federal Contract Tower,0,1,9,0,10,0,0,142,0,142,0,1,151,0,152,62,0,62,214
10/13/2003,ENW,WI,AGL,CE,Federal Contract Tower,0,2,15,0,17,0,0,141,0,141,0,2,156,0,158,132,0,132,290
10/14/2003,ENW,WI,AGL,CE,Federal Contract Tower,0,7,20,0,27,0,7,34,0,41,0,14,54,0,68,12,0,12,80
10/15/2003,ENW,WI,AGL,CE,Federal Contract Tower,0,5,14,0,19,0,5,105,0,110,0,10,119,0,129,22,0,22,151
10/16/2003,ENW,WI,AGL,CE,Federal Contract Tower,0,4,20,0,24,0,0,111,0,111,0,4,131,0,135,134,0,134,269
10/17/2003,ENW,WI,AGL,CE,Federal Contract Tower,0,5,20,0,25,0,13,94,0,107,0,18,114,0,132,64,0,64,196
10/18/2003,ENW,WI,AGL,CE,Federal Contract Tower,0,5,22,0,27,0,0,187,0,187,0,5,209,0,214,142,0,142,356
10/19/2003,ENW,WI,AGL,CE,Federal Contract Tower,0,6,24,0,30,0,0,191,0,191,0,6,215,0,221,110,0,110,331
10/20/2003,ENW,WI,AGL,CE,Federal Contract Tower,0,5,17,0,22,0,1,108,0,109,0,6,125,0,131,134,0,134,265
10/21/2003,ENW,WI,AGL,CE,Federal Contract Tower,0,7,27,0,34,0,8,126,0,134,0,15,153,0,168,134,0,134,302
10/22/2003,ENW,WI,AGL,CE,Federal Contract Tower,0,6,27,0,33,0,0,106,0,106,0,6,133,0,139,138,0,138,277
10/23/2003,ENW,WI,AGL,CE,Federal Contract Tower,0,13,45,0,58,0,10,89,0,99,0,23,134,0,157,42,0,42,199
10/24/2003,ENW,WI,AGL,CE,Federal Contract Tower,0,7,23,0,30,0,0,94,0,94,0,7,117,0,124,74,0,74,198
10/25/2003,ENW,WI,AGL,CE,Federal Contract Tower,0,9,40,0,49,0,0,126,0,126,0,9,166,0,175,40,0,40,215
10/26/2003,ENW,WI,AGL,CE,Federal Contract Tower,0,8,28,0,36,0,18,99,0,117,0,26,127,0,153,66,0,66,219
10/27/2003,ENW,WI,AGL,CE,Federal Contract Tower,0,13,43,0,56,0,10,101,0,111,0,23,144,0,167,110,0,110,277
10/28/2003,ENW,WI,AGL,CE,Federal Contract Tower,0,4,14,0,18,0,10,41,0,51,0,14,55,0,69,38,0,38,107
10/29/2003,ENW,WI,AGL,CE,Federal Contract Tower,0,8,30,0,38,0,2,111,0,113,0,10,141,0,151,52,0,52,203
10/30/2003,ENW,WI,AGL,CE,Federal Contract Tower,0,11,38,0,49,0,1,196,0,197,0,12,234,0,246,94,0,94,340
10/31/2003,ENW,WI,AGL,CE,Federal Contract Tower,0,8,27,0,35,0,1,44,0,45,0,9,71,0,80,42,0,42,122
11/01/2003,ENW,WI,AGL,CE,Federal Contract Tower,0,2,16,0,18,0,0,180,0,180,0,2,196,0,198,97,0,97,295
11/02/2003,ENW,WI,AGL,CE,Federal Contract Tower,0,6,20,0,26,0,0,8,0,8,0,6,28,0,34,0,0,0,34
11/03/2003,ENW,WI,AGL,CE,Federal Contract Tower,0,5,14,0,19,0,9,36,0,45,0,14,50,0,64,2,0,2,66
11/04/2003,ENW,WI,AGL,CE,Federal Contract Tower,0,5,15,0,20,0,13,55,0,68,0,18,70,0,88,28,0,28,116
11/05/2003,ENW,WI,AGL,CE,Federal Contract Tower,0,9,26,0,35,0,10,94,0,104,0,19,120,0,139,118,0,118,257
11/06/2003,ENW,WI,AGL,CE,Federal Contract Tower,0,5,16,0,21,0,10,195,0,205,0,15,211,0,226,158,0,158,384
11/07/2003,ENW,WI,AGL,CE,Federal Contract Tower,0,5,31,0,36,0,0,118,0,118,0,5,149,0,154,84,0,84,238
11/08/2003,ENW,WI,AGL,CE,Federal Contract Tower,0,11,46,0,57,0,0,196,0,196,0,11,242,0,253,178,0,178,431
11/09/2003,ENW,WI,AGL,CE,Federal Contract Tower,0,10,30,0,40,0,1,193,0,194,0,11,223,0,234,142,0,142,376
11/10/2003,ENW,WI,AGL,CE,Federal Contract Tower,0,8,30,0,38,0,0,101,2,103,0,8,131,2,141,72,0,72,213
11/11/2003,ENW,WI,AGL,CE,Federal Contract Tower,0,8,25,0,33,0,3,58,0,61,0,11,83,0,94,106,0,106,200
11/12/2003,ENW,WI,AGL,CE,Federal Contract Tower,0,3,9,0,12,0,14,24,0,38,0,17,33,0,50,0,0,0,50
11/13/2003,ENW,WI,AGL,CE,Federal Contract Tower,0,5,15,0,20,0,1,69,1,71,0,6,84,1,91,64,0,64,155
11/14/2003,ENW,WI,AGL,CE,Federal Contract Tower,0,7,20,0,27,0,2,176,0,178,0,9,196,0,205,80,0,80,285
11/15/2003,ENW,WI,AGL,CE,Federal Contract Tower,0,5,14,0,19,0,1,22,0,23,0,6,36,0,42,12,0,12,54
11/16/2003,ENW,WI,AGL,CE,Federal Contract Tower,0,5,21,0,26,0,0,0,0,0,0,5,21,0,26,0,0,0,26
11/17/2003,ENW,WI,AGL,CE,Federal Contract Tower,0,5,20,0,25,0,4,57,0,61,0,9,77,0,86,72,0,72,158
11/18/2003,ENW,WI,AGL,CE,Federal Contract Tower,0,6,22,0,28,0,0,24,0,24,0,6,46,0,52,4,0,4,56
11/19/2003,ENW,WI,AGL,CE,Federal Contract Tower,0,5,24,0,29,0,0,190,0,190,0,5,214,0,219,30,0,30,249
11/20/2003,ENW,WI,AGL,CE,Federal Contract Tower,0,5,17,0,22,0,7,131,0,138,0,12,148,0,160,50,0,50,210
11/21/2003,ENW,WI,AGL,CE,Federal Contract Tower,0,7,27,0,34,0,5,171,0,176,0,12,198,0,210,84,0,84,294
11/22/2003,ENW,WI,AGL,CE,Federal Contract Tower,0,4,27,0,31,0,0,51,0,51,0,4,78,0,82,24,0,24,106
11/23/2003,ENW,WI,AGL,CE,Federal Contract Tower,0,1,11,0,12,0,0,0,0,0,0,1,11,0,12,2,0,2,14
11/24/2003,ENW,WI,AGL,CE,Federal Contract Tower,0,2,24,0,26,0,0,0,0,0,0,2,24,0,26,0,0,0,26
11/25/2003,ENW,WI,AGL,CE,Federal Contract Tower,0,3,40,0,43,0,0,93,0,93,0,3,133,0,136,32,0,32,168
11/26/2003,ENW,WI,AGL,CE,Federal Contract Tower,0,4,28,0,32,0,0,217,0,217,0,4,245,0,249,259,0,259,508
11/27/2003,ENW,WI,AGL,CE,Federal Contract Tower,0,1,17,0,18,0,0,0,0,0,0,1,17,0,18,0,0,0,18
11/28/2003,ENW,WI,AGL,CE,Federal Contract Tower,0,4,14,0,18,0,6,15,0,21,0,10,29,0,39,58,0,58,97
11/29/2003,ENW,WI,AGL,CE,Federal Contract Tower,0,8,30,0,38,0,2,108,0,110,0,10,138,0,148,108,0,108,256
11/30/2003,ENW,WI,AGL,CE,Federal Contract Tower,0,9,38,0,47,0,0,146,0,146,0,9,184,0,193,62,0,62,255
12/01/2003,ENW,WI,AGL,CE,Federal Contract Tower,0,1,10,0,11,0,0,65,0,65,0,1,75,0,76,12,0,12,88
12/02/2003,ENW,WI,AGL,CE,Federal Contract Tower,0,3,15,0,18,0,0,172,2,174,0,3,187,2,192,142,0,142,334
12/03/2003,ENW,WI,AGL,CE,Federal Contract Tower,0,13,26,0,39,0,3,147,0,150,0,16,173,0,189,58,0,58,247
12/04/2003,ENW,WI,AGL,CE,Federal Contract Tower,0,7,11,0,18,0,1,77,0,78,0,8,88,0,96,58,0,58,154
12/05/2003,ENW,WI,AGL,CE,Federal Contract Tower,0,4,6,0,10,0,9,35,0,44,0,13,41,0,54,26,0,26,80
12/06/2003,ENW,WI,AGL,CE,Federal Contract Tower,0,4,10,0,14,0,0,49,0,49,0,4,59,0,63,50,0,50,113
12/07/2003,ENW,WI,AGL,CE,Federal Contract Tower,0,7,21,0,28,0,0,167,0,167,0,7,188,0,195,127,0,127,322
12/08/2003,ENW,WI,AGL,CE,Federal Contract Tower,0,8,19,0,27,0,1,125,0,126,0,9,144,0,153,87,0,87,240
12/09/2003,ENW,WI,AGL,CE,Federal Contract Tower,0,6,12,0,18,0,13,1,0,14,0,19,13,0,32,0,0,0,32
12/10/2003,ENW,WI,AGL,CE,Federal Contract Tower,0,4,10,0,14,0,9,2,0,11,0,13,12,0,25,0,0,0,25
12/11/2003,ENW,WI,AGL,CE,Federal Contract Tower,0,7,29,0,36,0,0,99,0,99,0,7,128,0,135,74,0,74,209
12/12/2003,ENW,WI,AGL,CE,Federal Contract Tower,0,4,12,0,16,0,7,85,0,92,0,11,97,0,108,86,0,86,194
12/13/2003,ENW,WI,AGL,CE,Federal Contract Tower,0,8,22,0,30,0,3,182,0,185,0,11,204,0,215,74,0,74,289
12/14/2003,ENW,WI,AGL,CE,Federal Contract Tower,0,1,6,0,7,0,3,17,0,20,0,4,23,0,27,16,0,16,43
12/15/2003,ENW,WI,AGL,CE,Federal Contract Tower,0,6,17,0,23,0,3,40,0,43,0,9,57,0,66,0,0,0,66
12/16/2003,ENW,WI,AGL,CE,Federal Contract Tower,0,1,6,0,7,0,6,9,0,15,0,7,15,0,22,16,0,16,38
12/17/2003,ENW,WI,AGL,CE,Federal Contract Tower,0,9,24,0,33,0,1,102,0,103,0,10,126,0,136,0,0,0,136
12/18/2003,ENW,WI,AGL,CE,Federal Contract Tower,0,6,16,0,22,0,7,31,0,38,0,13,47,0,60,78,0,78,138
12/19/2003,ENW,WI,AGL,CE,Federal Contract Tower,0,7,18,0,25,0,9,107,0,116,0,16,125,0,141,38,0,38,179
12/20/2003,ENW,WI,AGL,CE,Federal Contract Tower,0,11,39,0,50,0,0,217,0,217,0,11,256,0,267,200,0,200,467
12/21/2003,ENW,WI,AGL,CE,Federal Contract Tower,0,0,10,0,10,0,0,116,0,116,0,0,126,0,126,44,0,44,170
12/22/2003,ENW,WI,AGL,CE,Federal Contract Tower,0,7,19,0,26,0,10,141,0,151,0,17,160,0,177,46,0,46,223
12/23/2003,ENW,WI,AGL,CE,Federal Contract Tower,0,2,13,0,15,0,0,40,0,40,0,2,53,0,55,92,0,92,147
12/24/2003,ENW,WI,AGL,CE,Federal Contract Tower,0,1,10,0,11,0,0,87,0,87,0,1,97,0,98,14,0,14,112
12/25/2003,ENW,WI,AGL,CE,Federal Contract Tower,0,0,4,0,4,0,0,46,0,46,0,0,50,0,50,0,0,0,50
12/26/2003,ENW,WI,AGL,CE,Federal Contract Tower,0,10,28,0,38,0,4,187,2,193,0,14,215,2,231,68,0,68,299
12/27/2003,ENW,WI,AGL,CE,Federal Contract Tower,0,5,13,0,18,0,1,147,4,152,0,6,160,4,170,114,0,114,284
12/28/2003,ENW,WI,AGL,CE,Federal Contract Tower,0,2,7,0,9,0,4,8,0,12,0,6,15,0,21,78,0,78,99
12/29/2003,ENW,WI,AGL,CE,Federal Contract Tower,0,2,10,0,12,0,0,89,0,89,0,2,99,0,101,138,0,138,239
12/30/2003,ENW,WI,AGL,CE,Federal Contract Tower,0,4,18,0,22,0,0,116,1,117,0,4,134,1,139,172,0,172,311
12/31/2003,ENW,WI,AGL,CE,Federal Contract Tower,0,5,14,0,19,0,3,134,0,137,0,8,148,0,156,74,0,74,230
01/01/2004,ENW,WI,AGL,CE,Federal Contract Tower,0,0,6,0,6,0,0,92,0,92,0,0,98,0,98,32,0,32,130
01/02/2004,ENW,WI,AGL,CE,Federal Contract Tower,0,4,12,0,16,0,0,14,0,14,0,4,26,0,30,0,0,0,30
01/03/2004,ENW,WI,AGL,CE,Federal Contract Tower,0,6,18,0,24,0,0,137,4,141,0,6,155,4,165,86,0,86,251
01/04/2004,ENW,WI,AGL,CE,Federal Contract Tower,0,3,2,0,5,0,2,7,0,9,0,5,9,0,14,18,0,18,32
01/05/2004,ENW,WI,AGL,CE,Federal Contract Tower,0,5,10,0,15,0,6,17,0,23,0,11,27,0,38,22,0,22,60
01/06/2004,ENW,WI,AGL,CE,Federal Contract Tower,0,3,10,0,13,0,0,46,2,48,0,3,56,2,61,32,0,32,93
01/07/2004,ENW,WI,AGL,CE,Federal Contract Tower,0,4,24,0,28,0,0,112,2,114,0,4,136,2,142,98,0,98,240
01/08/2004,ENW,WI,AGL,CE,Federal Contract Tower,0,7,18,0,25,0,1,111,0,112,0,8,129,0,137,58,0,58,195
01/09/2004,ENW,WI,AGL,CE,Federal Contract Tower,0,6,14,0,20,0,3,17,4,24,0,9,31,4,44,0,0,0,44
01/10/2004,ENW,WI,AGL,CE,Federal Contract Tower,0,4,11,0,15,0,0,59,0,59,0,4,70,0,74,160,0,160,234
01/11/2004,ENW,WI,AGL,CE,Federal Contract Tower,0,4,17,0,21,0,0,94,0,94,0,4,111,0,115,124,0,124,239
01/12/2004,ENW,WI,AGL,CE,Federal Contract Tower,0,4,14,0,18,0,0,92,0,92,0,4,106,0,110,108,0,108,218
01/13/2004,ENW,WI,AGL,CE,Federal Contract Tower,0,4,14,0,18,0,2,107,0,109,0,6,121,0,127,142,0,142,269
01/14/2004,ENW,WI,AGL,CE,Federal Contract Tower,0,3,9,0,12,0,3,23,0,26,0,6,32,0,38,2,0,2,40
01/15/2004,ENW,WI,AGL,CE,Federal Contract Tower,0,12,38,0,50,0,2,108,0,110,0,14,146,0,160,90,0,90,250
01/16/2004,ENW,WI,AGL,CE,Federal Contract Tower,0,3,9,0,12,0,1,70,0,71,0,4,79,0,83,54,0,54,137
01/17/2004,ENW,WI,AGL,CE,Federal Contract Tower,0,0,3,0,3,0,0,1,0,1,0,0,4,0,4,0,0,0,4
01/18/2004,ENW,WI,AGL,CE,Federal Contract Tower,0,4,23,0,27,0,0,152,0,152,0,4,175,0,179,146,0,146,325
01/19/2004,ENW,WI,AGL,CE,Federal Contract Tower,0,4,18,0,22,0,0,99,0,99,0,4,117,0,121,44,0,44,165
01/20/2004,ENW,WI,AGL,CE,Federal Contract Tower,0,7,22,0,29,0,0,80,0,80,0,7,102,0,109,94,0,94,203
01/21/2004,ENW,WI,AGL,CE,Federal Contract Tower,0,2,9,0,11,0,4,53,0,57,0,6,62,0,68,14,0,14,82
01/22/2004,ENW,WI,AGL,CE,Federal Contract Tower,0,4,14,0,18,0,5,33,0,38,0,9,47,0,56,11,0,11,67
01/23/2004,ENW,WI,AGL,CE,Federal Contract Tower,0,3,9,0,12,0,8,0,0,8,0,11,9,0,20,0,0,0,20
01/24/2004,ENW,WI,AGL,CE,Federal Contract Tower,0,5,15,0,20,0,3,98,0,101,0,8,113,0,121,82,0,82,203
01/25/2004,ENW,WI,AGL,CE,Federal Contract Tower,0,2,8,0,10,0,2,36,0,38,0,4,44,0,48,48,0,48,96
01/26/2004,ENW,WI,AGL,CE,Federal Contract Tower,0,1,0,0,1,0,6,0,0,6,0,7,0,0,7,0,0,0,7
01/27/2004,ENW,WI,AGL,CE,Federal Contract Tower,0,0,3,0,3,0,2,3,0,5,0,2,6,0,8,0,0,0,8
01/28/2004,ENW,WI,AGL,CE,Federal Contract Tower,0,5,15,0,20,0,3,54,0,57,0,8,69,0,77,28,0,28,105
01/29/2004,ENW,WI,AGL,CE,Federal Contract Tower,0,4,14,0,18,0,6,36,0,42,0,10,50,0,60,12,0,12,72
01/30/2004,ENW,WI,AGL,CE,Federal Contract Tower,0,4,12,0,16,0,6,61,0,67,0,10,73,0,83,28,0,28,111
01/31/2004,ENW,WI,AGL,CE,Federal Contract Tower,0,0,30,0,30,0,0,167,0,167,0,0,197,0,197,88,0,88,285
02/01/2004,ENW,WI,AGL,CE,Federal Contract Tower,0,9,27,0,36,0,1,151,0,152,0,10,178,0,188,86,0,86,274
02/02/2004,ENW,WI,AGL,CE,Federal Contract Tower,0,3,9,0,12,0,2,44,0,46,0,5,53,0,58,18,0,18,76
02/03/2004,ENW,WI,AGL,CE,Federal Contract Tower,0,3,7,0,10,0,5,46,0,51,0,8,53,0,61,14,0,14,75
02/04/2004,ENW,WI,AGL,CE,Federal Contract Tower,0,10,27,0,37,0,14,123,0,137,0,24,150,0,174,108,0,108,282
02/05/2004,ENW,WI,AGL,CE,Federal Contract Tower,0,5,13,0,18,0,8,41,0,49,0,13,54,0,67,24,0,24,91
02/06/2004,ENW,WI,AGL,CE,Federal Contract Tower,0,5,13,0,18,0,5,14,0,19,0,10,27,0,37,72,0,72,109
02/07/2004,ENW,WI,AGL,CE,Federal Contract Tower,0,4,13,0,17,0,0,42,0,42,0,4,55,0,59,60,0,60,119
02/08/2004,ENW,WI,AGL,CE,Federal Contract Tower,0,6,16,0,22,0,4,36,0,40,0,10,52,0,62,16,0,16,78
02/09/2004,ENW,WI,AGL,CE,Federal Contract Tower,0,4,10,0,14,0,10,70,0,80,0,14,80,0,94,46,0,46,140
02/10/2004,ENW,WI,AGL,CE,Federal Contract Tower,0,7,20,0,27,0,3,71,0,74,0,10,91,0,101,34,0,34,135
02/11/2004,ENW,WI,AGL,CE,Federal Contract Tower,0,7,20,0,27,0,2,122,0,124,0,9,142,0,151,76,0,76,227
02/12/2004,ENW,WI,AGL,CE,Federal Contract Tower,0,6,18,0,24,0,4,43,0,47,0,10,61,0,71,12,0,12,83
02/13/2004,ENW,WI,AGL,CE,Federal Contract Tower,0,3,8,0,11,0,1,53,2,56,0,4,61,2,67,4,0,4,71
02/14/2004,ENW,WI,AGL,CE,Federal Contract Tower,0,3,27,0,30,0,0,187,0,187,0,3,214,0,217,130,0,130,347
02/15/2004,ENW,WI,AGL,CE,Federal Contract Tower,0,5,13,0,18,0,0,96,2,98,0,5,109,2,116,116,0,116,232
02/16/2004,ENW,WI,AGL,CE,Federal Contract Tower,0,7,28,0,35,0,0,135,0,135,0,7,163,0,170,92,0,92,262
02/17/2004,ENW,WI,AGL,CE,Federal Contract Tower,0,4,25,0,29,0,0,165,0,165,0,4,190,0,194,80,0,80,274
02/18/2004,ENW,WI,AGL,CE,Federal Contract Tower,0,10,32,0,42,0,15,112,0,127,0,25,144,0,169,56,0,56,225
02/19/2004,ENW,WI,AGL,CE,Federal Contract Tower,0,13,40,0,53,0,2,69,1,72,0,15,109,1,125,96,0,96,221
02/20/2004,ENW,WI,AGL,CE,Federal Contract Tower,0,4,14,0,18,0,3,31,0,34,0,7,45,0,52,24,0,24,76
02/21/2004,ENW,WI,AGL,CE,Federal Contract Tower,0,8,25,0,33,0,2,102,0,104,0,10,127,0,137,50,0,50,187
02/22/2004,ENW,WI,AGL,CE,Federal Contract Tower,0,6,34,0,40,0,0,249,2,251,0,6,283,2,291,108,0,108,399
02/23/2004,ENW,WI,AGL,CE,Federal Contract Tower,0,4,15,0,19,0,7,28,0,35,0,11,43,0,54,8,0,8,62
02/24/2004,ENW,WI,AGL,CE,Federal Contract Tower,0,3,10,0,13,0,3,15,0,18,0,6,25,0,31,2,0,2,33
02/25/2004,ENW,WI,AGL,CE,Federal Contract Tower,0,4,35,0,39,0,0,159,0,159,0,4,194,0,198,184,0,184,382
02/26/2004,ENW,WI,AGL,CE,Federal Contract Tower,0,7,27,0,34,0,0,151,0,151,0,7,178,0,185,136,0,136,321
02/27/2004,ENW,WI,AGL,CE,Federal Contract Tower,0,6,20,0,26,0,7,120,2,129,0,13,140,2,155,118,0,118,273
02/28/2004,ENW,WI,AGL,CE,Federal Contract Tower,0,4,23,0,27,0,0,216,0,216,0,4,239,0,243,102,0,102,345
02/29/2004,ENW,WI,AGL,CE,Federal Contract Tower,0,8,35,0,43,0,0,223,0,223,0,8,258,0,266,164,0,164,430
03/01/2004,ENW,WI,AGL,CE,Federal Contract Tower,0,6,17,0,23,0,4,15,0,19,0,10,32,0,42,2,0,2,44
03/02/2004,ENW,WI,AGL,CE,Federal Contract Tower,0,9,26,0,35,0,5,24,0,29,0,14,50,0,64,58,0,58,122
03/03/2004,ENW,WI,AGL,CE,Federal Contract Tower,0,9,26,0,35,0,0,135,0,135,0,9,161,0,170,37,0,37,207
03/04/2004,ENW,WI,AGL,CE,Federal Contract Tower,0,12,35,0,47,0,1,36,0,37,0,13,71,0,84,20,0,20,104
03/05/2004,ENW,WI,AGL,CE,Federal Contract Tower,0,3,4,0,7,0,4,0,0,4,0,7,4,0,11,0,0,0,11
03/06/2004,ENW,WI,AGL,CE,Federal Contract Tower,0,6,15,0,21,0,0,77,0,77,0,6,92,0,98,156,0,156,254
03/07/2004,ENW,WI,AGL,CE,Federal Contract Tower,0,2,6,0,8,0,4,15,0,19,0,6,21,0,27,8,0,8,35
03/08/2004,ENW,WI,AGL,CE,Federal Contract Tower,0,3,16,0,19,0,0,117,0,117,0,3,133,0,136,88,0,88,224
03/09/2004,ENW,WI,AGL,CE,Federal Contract Tower,0,6,15,0,21,0,1,123,0,124,0,7,138,0,145,52,0,52,197
03/10/2004,ENW,WI,AGL,CE,Federal Contract Tower,0,3,20,0,23,0,0,129,2,131,0,3,149,2,154,76,0,76,230
03/11/2004,ENW,WI,AGL,CE,Federal Contract Tower,0,2,5,0,7,0,1,28,2,31,0,3,33,2,38,50,0,50,88
03/12/2004,ENW,WI,AGL,CE,Federal Contract Tower,0,9,34,0,43,0,0,155,0,155,0,9,189,0,198,108,0,108,306
03/13/2004,ENW,WI,AGL,CE,Federal Contract Tower,0,5,30,0,35,0,0,231,0,231,0,5,261,0,266,160,0,160,426
03/14/2004,ENW,WI,AGL,CE,Federal Contract Tower,0,2,6,0,8,0,2,14,0,16,0,4,20,0,24,0,0,0,24
03/15/2004,ENW,WI,AGL,CE,Federal Contract Tower,0,4,15,0,19,0,0,88,0,88,0,4,103,0,107,114,0,114,221
03/16/2004,ENW,WI,AGL,CE,Federal Contract Tower,0,6,15,0,21,0,1,61,0,62,0,7,76,0,83,108,0,108,191
03/17/2004,ENW,WI,AGL,CE,Federal Contract Tower,0,3,2,0,5,0,10,0,0,10,0,13,2,0,15,0,0,0,15
03/18/2004,ENW,WI,AGL,CE,Federal Contract Tower,0,2,2,0,4,0,7,0,0,7,0,9,2,0,11,0,0,0,11
03/19/2004,ENW,WI,AGL,CE,Federal Contract Tower,0,9,41,0,50,0,0,188,0,188,0,9,229,0,238,120,0,120,358
03/20/2004,ENW,WI,AGL,CE,Federal Contract Tower,0,4,14,0,18,0,0,104,0,104,0,4,118,0,122,86,0,86,208
03/21/2004,ENW,WI,AGL,CE,Federal Contract Tower,0,4,19,0,23,0,0,86,0,86,0,4,105,0,109,68,0,68,177
03/22/2004,ENW,WI,AGL,CE,Federal Contract Tower,0,3,20,0,23,0,0,178,0,178,0,3,198,0,201,168,0,168,369
03/23/2004,ENW,WI,AGL,CE,Federal Contract Tower,0,3,22,0,25,0,0,106,0,106,0,3,128,0,131,102,0,102,233
03/24/2004,ENW,WI,AGL,CE,Federal Contract Tower,0,5,19,0,24,0,5,76,0,81,0,10,95,0,105,74,0,74,179
03/25/2004,ENW,WI,AGL,CE,Federal Contract Tower,0,9,30,0,39,0,2,65,0,67,0,11,95,0,106,80,0,80,186
03/26/2004,ENW,WI,AGL,CE,Federal Contract Tower,0,6,34,0,40,0,0,112,0,112,0,6,146,0,152,88,0,88,240
03/27/2004,ENW,WI,AGL,CE,Federal Contract Tower,0,5,19,0,24,0,0,8,0,8,0,5,27,0,32,2,0,2,34
03/28/2004,ENW,WI,AGL,CE,Federal Contract Tower,0,5,18,0,23,0,0,85,0,85,0,5,103,0,108,90,0,90,198
03/29/2004,ENW,WI,AGL,CE,Federal Contract Tower,0,6,21,0,27,0,0,168,0,168,0,6,189,0,195,118,0,118,313
03/30/2004,ENW,WI,AGL,CE,Federal Contract Tower,0,4,22,0,26,0,0,146,0,146,0,4,168,0,172,102,0,102,274
03/31/2004,ENW,WI,AGL,CE,Federal Contract Tower,0,8,26,0,34,0,1,103,0,104,0,9,129,0,138,100,0,100,238
04/01/2004,ENW,WI,AGL,CE,Federal Contract Tower,0,7,22,0,29,0,1,150,0,151,0,8,172,0,180,72,0,72,252
04/02/2004,ENW,WI,AGL,CE,Federal Contract Tower,0,6,17,0,23,0,0,166,1,167,0,6,183,1,190,196,0,196,386
04/03/2004,ENW,WI,AGL,CE,Federal Contract Tower,0,11,28,0,39,0,4,119,0,123,0,15,147,0,162,56,0,56,218
04/04/2004,ENW,WI,AGL,CE,Federal Contract Tower,0,6,17,0,23,0,1,134,0,135,0,7,151,0,158,214,0,214,372
04/05/2004,ENW,WI,AGL,CE,Federal Contract Tower,0,7,18,0,25,0,1,145,2,148,0,8,163,2,173,138,0,138,311
04/06/2004,ENW,WI,AGL,CE,Federal Contract Tower,0,7,32,0,39,0,0,126,0,126,0,7,158,0,165,142,0,142,307
04/07/2004,ENW,WI,AGL,CE,Federal Contract Tower,0,6,39,0,45,0,0,166,0,166,0,6,205,0,211,204,0,204,415
04/08/2004,ENW,WI,AGL,CE,Federal Contract Tower,0,9,23,0,32,0,11,110,0,121,0,20,133,0,153,104,0,104,257
04/09/2004,ENW,WI,AGL,CE,Federal Contract Tower,0,6,20,0,26,0,0,172,0,172,0,6,192,0,198,184,0,184,382
04/10/2004,ENW,WI,AGL,CE,Federal Contract Tower,0,3,31,0,34,0,0,195,0,195,0,3,226,0,229,176,0,176,405
04/11/2004,ENW,WI,AGL,CE,Federal Contract Tower,0,6,15,0,21,0,6,44,0,50,0,12,59,0,71,0,0,0,71
04/12/2004,ENW,WI,AGL,CE,Federal Contract Tower,0,2,17,0,19,0,0,73,0,73,0,2,90,0,92,28,0,28,120
04/13/2004,ENW,WI,AGL,CE,Federal Contract Tower,0,6,15,0,21,0,0,112,0,112,0,6,127,0,133,92,0,92,225
04/14/2004,ENW,WI,AGL,CE,Federal Contract Tower,0,9,26,0,35,0,7,108,0,115,0,16,134,0,150,196,0,196,346
04/15/2004,ENW,WI,AGL,CE,Federal Contract Tower,0,8,26,0,34,0,5,177,0,182,0,13,203,0,216,70,0,70,286
04/16/2004,ENW,WI,AGL,CE,Federal Contract Tower,0,5,19,0,24,0,0,117,0,117,0,5,136,0,141,211,0,211,352
04/17/2004,ENW,WI,AGL,CE,Federal Contract Tower,0,7,23,0,30,0,4,151,0,155,0,11,174,0,185,172,0,172,357
04/18/2004,ENW,WI,AGL,CE,Federal Contract Tower,0,7,22,0,29,0,5,83,0,88,0,12,105,0,117,40,0,40,157
04/19/2004,ENW,WI,AGL,CE,Federal Contract Tower,0,4,17,0,21,2,0,38,0,40,2,4,55,0,61,16,0,16,77
04/20/2004,ENW,WI,AGL,CE,Federal Contract Tower,0,9,29,0,38,0,11,89,0,100,0,20,118,0,138,102,0,102,240
04/21/2004,ENW,WI,AGL,CE,Federal Contract Tower,0,11,32,0,43,0,8,28,0,36,0,19,60,0,79,48,0,48,127
04/22/2004,ENW,WI,AGL,CE,Federal Contract Tower,0,12,37,0,49,0,0,100,0,100,0,12,137,0,149,84,0,84,233
04/23/2004,ENW,WI,AGL,CE,Federal Contract Tower,0,4,31,0,35,0,0,200,0,200,0,4,231,0,235,166,0,166,401
04/24/2004,ENW,WI,AGL,CE,Federal Contract Tower,0,2,18,0,20,0,0,159,0,159,0,2,177,0,179,204,0,204,383
04/25/2004,ENW,WI,AGL,CE,Federal Contract Tower,0,4,13,0,17,0,1,35,0,36,0,5,48,0,53,24,0,24,77
04/26/2004,ENW,WI,AGL,CE,Federal Contract Tower,0,6,18,0,24,0,0,102,0,102,0,6,120,0,126,36,0,36,162
04/27/2004,ENW,WI,AGL,CE,Federal Contract Tower,0,9,28,0,37,0,7,163,0,170,0,16,191,0,207,174,0,174,381
04/28/2004,ENW,WI,AGL,CE,Federal Contract Tower,0,3,12,0,15,0,8,46,0,54,0,11,58,0,69,14,0,14,83
04/29/2004,ENW,WI,AGL,CE,Federal Contract Tower,0,5,17,0,22,0,15,77,0,92,0,20,94,0,114,0,0,0,114
04/30/2004,ENW,WI,AGL,CE,Federal Contract Tower,0,10,29,0,39,0,4,4,0,8,0,14,33,0,47,0,0,0,47
05/01/2004,ENW,WI,AGL,CE,Federal Contract Tower,0,8,39,0,47,0,0,105,0,105,0,8,144,0,152,202,0,202,354
05/02/2004,ENW,WI,AGL,CE,Federal Contract Tower,0,3,29,0,32,0,0,178,0,178,0,3,207,0,210,191,0,191,401
05/03/2004,ENW,WI,AGL,CE,Federal Contract Tower,0,9,27,0,36,0,2,176,0,178,0,11,203,0,214,122,0,122,336
05/04/2004,ENW,WI,AGL,CE,Federal Contract Tower,0,4,12,0,16,0,4,102,0,106,0,8,114,0,122,72,0,72,194
05/05/2004,ENW,WI,AGL,CE,Federal Contract Tower,0,12,35,0,47,0,9,135,0,144,0,21,170,0,191,178,0,178,369
05/06/2004,ENW,WI,AGL,CE,Federal Contract Tower,0,6,16,0,22,0,4,95,0,99,0,10,111,0,121,96,0,96,217
05/07/2004,ENW,WI,AGL,CE,Federal Contract Tower,0,8,23,0,31,0,0,91,0,91,0,8,114,0,122,82,0,82,204
05/08/2004,ENW,WI,AGL,CE,Federal Contract Tower,0,3,16,0,19,0,0,154,0,154,0,3,170,0,173,160,0,160,333
05/09/2004,ENW,WI,AGL,CE,Federal Contract Tower,0,4,12,0,16,0,1,58,0,59,0,5,70,0,75,86,0,86,161
05/10/2004,ENW,WI,AGL,CE,Federal Contract Tower,0,6,15,0,21,0,6,52,0,58,0,12,67,0,79,22,0,22,101
05/11/2004,ENW,WI,AGL,CE,Federal Contract Tower,0,8,23,0,31,0,9,11,0,20,0,17,34,0,51,16,0,16,67
05/12/2004,ENW,WI,AGL,CE,Federal Contract Tower,0,6,18,0,24,0,7,73,0,80,0,13,91,0,104,88,0,88,192
05/13/2004,ENW,WI,AGL,CE,Federal Contract Tower,0,13,37,0,50,0,2,46,0,48,0,15,83,0,98,88,0,88,186
05/14/2004,ENW,WI,AGL,CE,Federal Contract Tower,0,6,39,0,45,0,0,40,0,40,0,6,79,0,85,0,0,0,85
05/15/2004,ENW,WI,AGL,CE,Federal Contract Tower,0,11,33,0,44,0,0,324,0,324,0,11,357,0,368,138,0,138,506
05/16/2004,ENW,WI,AGL,CE,Federal Contract Tower,0,5,13,0,18,0,9,238,0,247,0,14,251,0,265,186,0,186,451
05/17/2004,ENW,WI,AGL,CE,Federal Contract Tower,0,10,28,0,38,0,0,105,0,105,0,10,133,0,143,64,0,64,207
05/18/2004,ENW,WI,AGL,CE,Federal Contract Tower,0,8,26,0,34,0,10,88,0,98,0,18,114,0,132,88,0,88,220
05/19/2004,ENW,WI,AGL,CE,Federal Contract Tower,0,12,39,0,51,0,1,100,0,101,0,13,139,0,152,62,0,62,214
05/20/2004,ENW,WI,AGL,CE,Federal Contract Tower,0,9,31,0,40,0,0,46,4,50,0,9,77,4,90,84,0,84,174
05/21/2004,ENW,WI,AGL,CE,Federal Contract Tower,0,7,22,0,29,0,3,37,0,40,0,10,59,0,69,42,0,42,111
05/22/2004,ENW,WI,AGL,CE,Federal Contract Tower,0,3,19,0,22,0,0,23,0,23,0,3,42,0,45,24,0,24,69
05/23/2004,ENW,WI,AGL,CE,Federal Contract Tower,0,5,18,0,23,0,1,81,0,82,0,6,99,0,105,54,0,54,159
05/24/2004,ENW,WI,AGL,CE,Federal Contract Tower,0,9,29,0,38,0,0,122,0,122,0,9,151,0,160,230,0,230,390
05/25/2004,ENW,WI,AGL,CE,Federal Contract Tower,0,8,28,0,36,0,13,88,0,101,0,21,116,0,137,94,0,94,231
05/26/2004,ENW,WI,AGL,CE,Federal Contract Tower,0,11,36,0,47,0,1,194,0,195,0,12,230,0,242,186,0,186,428
05/27/2004,ENW,WI,AGL,CE,Federal Contract Tower,0,10,34,0,44,0,8,82,0,90,0,18,116,0,134,94,0,94,228
05/28/2004,ENW,WI,AGL,CE,Federal Contract Tower,0,12,37,0,49,0,2,165,4,171,0,14,202,4,220,210,0,210,430
05/29/2004,ENW,WI,AGL,CE,Federal Contract Tower,0,5,25,0,30,0,0,99,0,99,0,5,124,0,129,124,0,124,253
05/30/2004,ENW,WI,AGL,CE,Federal Contract Tower,0,1,5,0,6,0,0,7,0,7,0,1,12,0,13,0,0,0,13
05/31/2004,ENW,WI,AGL,CE,Federal Contract Tower,0,1,7,0,8,0,3,37,17,57,0,4,44,17,65,100,0,100,165
06/01/2004,ENW,WI,AGL,CE,Federal Contract Tower,0,6,19,0,25,0,0,110,0,110,0,6,129,0,135,160,0,160,295
06/02/2004,ENW,WI,AGL,CE,Federal Contract Tower,0,13,29,0,42,0,6,83,2,91,0,19,112,2,133,90,0,90,223
06/03/2004,ENW,WI,AGL,CE,Federal Contract Tower,0,12,27,0,39,0,6,204,0,210,0,18,231,0,249,210,0,210,459
06/04/2004,ENW,WI,AGL,CE,Federal Contract Tower,0,13,31,0,44,0,4,191,0,195,0,17,222,0,239,224,0,224,463
06/05/2004,ENW,WI,AGL,CE,Federal Contract Tower,0,1,27,0,28,0,0,260,0,260,0,1,287,0,288,222,0,222,510
06/06/2004,ENW,WI,AGL,CE,Federal Contract Tower,0,7,15,0,22,0,1,209,2,212,0,8,224,2,234,223,0,223,457
06/07/2004,ENW,WI,AGL,CE,Federal Contract Tower,0,7,23,0,30,0,0,142,0,142,0,7,165,0,172,174,0,174,346
06/08/2004,ENW,WI,AGL,CE,Federal Contract Tower,0,14,33,0,47,0,3,143,0,146,0,17,176,0,193,124,0,124,317
06/09/2004,ENW,WI,AGL,CE,Federal Contract Tower,0,8,18,0,26,0,8,51,0,59,0,16,69,0,85,96,0,96,181
06/10/2004,ENW,WI,AGL,CE,Federal Contract Tower,0,10,28,0,38,0,0,25,0,25,0,10,53,0,63,2,0,2,65
06/11/2004,ENW,WI,AGL,CE,Federal Contract Tower,0,12,30,0,42,0,0,10,0,10,0,12,40,0,52,2,0,2,54
06/12/2004,ENW,WI,AGL,CE,Federal Contract Tower,0,11,26,0,37,0,6,69,0,75,0,17,95,0,112,136,0,136,248
06/13/2004,ENW,WI,AGL,CE,Federal Contract Tower,0,7,19,0,26,0,1,155,0,156,0,8,174,0,182,102,0,102,284
06/14/2004,ENW,WI,AGL,CE,Federal Contract Tower,0,9,23,0,32,0,3,153,0,156,0,12,176,0,188,122,0,122,310
06/15/2004,ENW,WI,AGL,CE,Federal Contract Tower,0,12,33,0,45,0,4,224,0,228,0,16,257,0,273,244,0,244,517
06/16/2004,ENW,WI,AGL,CE,Federal Contract Tower,0,6,15,0,21,0,6,160,0,166,0,12,175,0,187,190,0,190,377
06/17/2004,ENW,WI,AGL,CE,Federal Contract Tower,0,17,44,0,61,0,2,50,0,52,0,19,94,0,113,30,0,30,143
06/18/2004,ENW,WI,AGL,CE,Federal Contract Tower,0,5,23,0,28,0,0,177,0,177,0,5,200,0,205,270,0,270,475
06/19/2004,ENW,WI,AGL,CE,Federal Contract Tower,0,4,17,0,21,0,0,147,4,151,0,4,164,4,172,190,0,190,362
06/20/2004,ENW,WI,AGL,CE,Federal Contract Tower,0,9,24,0,33,0,0,241,0,241,0,9,265,0,274,124,0,124,398
06/21/2004,ENW,WI,AGL,CE,Federal Contract Tower,0,10,26,0,36,0,11,13,0,24,0,21,39,0,60,24,0,24,84
06/22/2004,ENW,WI,AGL,CE,Federal Contract Tower,0,12,33,0,45,0,8,237,0,245,0,20,270,0,290,148,0,148,438
06/23/2004,ENW,WI,AGL,CE,Federal Contract Tower,0,9,23,0,32,0,1,118,0,119,0,10,141,0,151,136,0,136,287
06/24/2004,ENW,WI,AGL,CE,Federal Contract Tower,0,6,18,0,24,0,0,53,0,53,0,6,71,0,77,106,0,106,183
06/25/2004,ENW,WI,AGL,CE,Federal Contract Tower,0,11,29,0,40,0,21,185,0,206,0,32,214,0,246,234,0,234,480
06/26/2004,ENW,WI,AGL,CE,Federal Contract Tower,0,9,23,0,32,0,9,307,0,316,0,18,330,0,348,238,0,238,586
06/27/2004,ENW,WI,AGL,CE,Federal Contract Tower,0,8,21,0,29,0,13,174,0,187,0,21,195,0,216,142,0,142,358
06/28/2004,ENW,WI,AGL,CE,Federal Contract Tower,0,6,33,0,39,0,0,138,0,138,0,6,171,0,177,106,0,106,283
06/29/2004,ENW,WI,AGL,CE,Federal Contract Tower,0,13,33,0,46,0,9,164,0,173,0,22,197,0,219,114,0,114,333
06/30/2004,ENW,WI,AGL,CE,Federal Contract Tower,0,13,33,0,46,0,2,175,0,177,0,15,208,0,223,100,0,100,323
07/01/2004,ENW,WI,AGL,CE,Federal Contract Tower,0,11,32,0,43,0,5,91,0,96,0,16,123,0,139,76,0,76,215
07/02/2004,ENW,WI,AGL,CE,Federal Contract Tower,0,10,30,0,40,0,2,183,0,185,0,12,213,0,225,98,0,98,323
07/03/2004,ENW,WI,AGL,CE,Federal Contract Tower,0,4,16,0,20,0,0,88,0,88,0,4,104,0,108,68,0,68,176
07/04/2004,ENW,WI,AGL,CE,Federal Contract Tower,0,5,16,0,21,0,0,68,0,68,0,5,84,0,89,50,0,50,139
07/05/2004,ENW,WI,AGL,CE,Federal Contract Tower,0,4,34,0,38,0,0,88,0,88,0,4,122,0,126,10,0,10,136
07/06/2004,ENW,WI,AGL,CE,Federal Contract Tower,0,10,32,0,42,0,0,67,0,67,0,10,99,0,109,16,0,16,125
07/07/2004,ENW,WI,AGL,CE,Federal Contract Tower,0,8,38,0,46,0,0,55,0,55,0,8,93,0,101,30,0,30,131
07/08/2004,ENW,WI,AGL,CE,Federal Contract Tower,0,8,23,0,31,0,8,183,0,191,0,16,206,0,222,238,0,238,460
07/09/2004,ENW,WI,AGL,CE,Federal Contract Tower,0,7,22,1,30,0,5,118,3,126,0,12,140,4,156,98,0,98,254
07/10/2004,ENW,WI,AGL,CE,Federal Contract Tower,0,9,31,1,41,0,21,166,17,204,0,30,197,18,245,108,24,132,377
07/11/2004,ENW,WI,AGL,CE,Federal Contract Tower,0,4,19,0,23,0,0,109,0,109,0,4,128,0,132,118,0,118,250
07/12/2004,ENW,WI,AGL,CE,Federal Contract Tower,0,10,36,0,46,0,0,93,0,93,0,10,129,0,139,52,0,52,191
07/13/2004,ENW,WI,AGL,CE,Federal Contract Tower,0,6,19,0,25,0,3,75,0,78,0,9,94,0,103,150,0,150,253
07/14/2004,ENW,WI,AGL,CE,Federal Contract Tower,0,3,35,0,38,0,0,123,0,123,0,3,158,0,161,132,0,132,293
07/15/2004,ENW,WI,AGL,CE,Federal Contract Tower,0,8,28,0,36,0,14,180,0,194,0,22,208,0,230,232,0,232,462
07/16/2004,ENW,WI,AGL,CE,Federal Contract Tower,0,5,18,0,23,0,6,86,0,92,0,11,104,0,115,64,0,64,179
07/17/2004,ENW,WI,AGL,CE,Federal Contract Tower,0,7,29,0,36,0,0,109,0,109,0,7,138,0,145,47,0,47,192
07/18/2004,ENW,WI,AGL,CE,Federal Contract Tower,0,4,16,0,20,0,5,183,0,188,0,9,199,0,208,54,0,54,262
07/19/2004,ENW,WI,AGL,CE,Federal Contract Tower,0,2,17,0,19,0,0,128,0,128,0,2,145,0,147,106,0,106,253
07/20/2004,ENW,WI,AGL,CE,Federal Contract Tower,0,5,29,0,34,0,0,159,6,165,0,5,188,6,199,222,0,222,421
07/21/2004,ENW,WI,AGL,CE,Federal Contract Tower,0,4,14,0,18,0,11,21,0,32,0,15,35,0,50,80,0,80,130
07/22/2004,ENW,WI,AGL,CE,Federal Contract Tower,0,8,28,0,36,0,10,111,4,125,0,18,139,4,161,164,0,164,325
07/23/2004,ENW,WI,AGL,CE,Federal Contract Tower,0,7,25,0,32,0,1,406,0,407,0,8,431,0,439,166,0,166,605
07/24/2004,ENW,WI,AGL,CE,Federal Contract Tower,0,6,20,0,26,0,18,535,4,557,0,24,555,4,583,164,0,164,747
07/25/2004,ENW,WI,AGL,CE,Federal Contract Tower,0,4,13,0,17,0,0,505,0,505,0,4,518,0,522,116,0,116,638
07/26/2004,ENW,WI,AGL,CE,Federal Contract Tower,0,4,18,0,22,0,0,312,0,312,0,4,330,0,334,200,0,200,534
07/27/2004,ENW,WI,AGL,CE,Federal Contract Tower,0,9,29,0,38,0,0,216,0,216,0,9,245,0,254,166,0,166,420
07/28/2004,ENW,WI,AGL,CE,Federal Contract Tower,0,6,20,0,26,0,4,185,2,191,0,10,205,2,217,120,0,120,337
07/29/2004,ENW,WI,AGL,CE,Federal Contract Tower,0,6,21,0,27,0,11,140,0,151,0,17,161,0,178,50,0,50,228
07/30/2004,ENW,WI,AGL,CE,Federal Contract Tower,0,7,25,0,32,0,9,90,0,99,0,16,115,0,131,74,0,74,205
07/31/2004,ENW,WI,AGL,CE,Federal Contract Tower,0,5,20,0,25,0,8,156,0,164,0,13,176,0,189,64,0,64,253
08/01/2004,ENW,WI,AGL,CE,Federal Contract Tower,0,4,12,0,16,0,15,127,0,142,0,19,139,0,158,94,0,94,252
08/02/2004,ENW,WI,AGL,CE,Federal Contract Tower,0,8,17,0,25,0,5,123,0,128,0,13,140,0,153,156,0,156,309
08/03/2004,ENW,WI,AGL,CE,Federal Contract Tower,0,10,26,0,36,2,14,58,0,74,2,24,84,0,110,74,0,74,184
08/04/2004,ENW,WI,AGL,CE,Federal Contract Tower,0,2,20,1,23,0,0,146,5,151,0,2,166,6,174,172,0,172,346
08/05/2004,ENW,WI,AGL,CE,Federal Contract Tower,0,5,20,0,25,0,0,81,0,81,0,5,101,0,106,108,0,108,214
08/06/2004,ENW,WI,AGL,CE,Federal Contract Tower,0,4,14,0,18,0,0,51,0,51,0,4,65,0,69,56,0,56,125
08/07/2004,ENW,WI,AGL,CE,Federal Contract Tower,0,6,20,0,26,0,4,164,0,168,0,10,184,0,194,134,0,134,328
08/08/2004,ENW,WI,AGL,CE,Federal Contract Tower,0,4,13,0,17,0,10,154,0,164,0,14,167,0,181,96,0,96,277
08/09/2004,ENW,WI,AGL,CE,Federal Contract Tower,0,7,20,0,27,0,3,146,0,149,0,10,166,0,176,116,0,116,292
08/10/2004,ENW,WI,AGL,CE,Federal Contract Tower,0,4,39,0,43,0,0,92,0,92,0,4,131,0,135,166,0,166,301
08/11/2004,ENW,WI,AGL,CE,Federal Contract Tower,0,9,37,0,46,0,0,162,0,162,0,9,199,0,208,92,0,92,300
08/12/2004,ENW,WI,AGL,CE,Federal Contract Tower,0,2,34,0,36,0,0,185,0,185,0,2,219,0,221,172,0,172,393
08/13/2004,ENW,WI,AGL,CE,Federal Contract Tower,0,8,31,0,39,0,0,71,0,71,0,8,102,0,110,94,0,94,204
08/14/2004,ENW,WI,AGL,CE,Federal Contract Tower,0,7,23,0,30,0,15,128,0,143,0,22,151,0,173,128,0,128,301
08/15/2004,ENW,WI,AGL,CE,Federal Contract Tower,0,7,23,0,30,0,7,32,0,39,0,14,55,0,69,44,0,44,113
08/16/2004,ENW,WI,AGL,CE,Federal Contract Tower,0,6,18,0,24,0,1,129,0,130,0,7,147,0,154,156,0,156,310
08/17/2004,ENW,WI,AGL,CE,Federal Contract Tower,0,9,30,0,39,0,8,151,0,159,0,17,181,0,198,122,0,122,320
08/18/2004,ENW,WI,AGL,CE,Federal Contract Tower,0,5,22,0,27,0,0,179,0,179,0,5,201,0,206,144,0,144,350
08/19/2004,ENW,WI,AGL,CE,Federal Contract Tower,0,10,30,0,40,0,1,137,0,138,0,11,167,0,178,124,0,124,302
08/20/2004,ENW,WI,AGL,CE,Federal Contract Tower,0,6,30,0,36,0,0,98,0,98,0,6,128,0,134,158,0,158,292
08/21/2004,ENW,WI,AGL,CE,Federal Contract Tower,0,5,26,0,31,0,0,122,2,124,0,5,148,2,155,182,0,182,337
08/22/2004,ENW,WI,AGL,CE,Federal Contract Tower,0,4,15,0,19,0,13,124,4,141,0,17,139,4,160,72,0,72,232
08/23/2004,ENW,WI,AGL,CE,Federal Contract Tower,0,4,25,0,29,0,0,79,0,79,0,4,104,0,108,104,0,104,212
08/24/2004,ENW,WI,AGL,CE,Federal Contract Tower,0,5,26,0,31,0,0,29,0,29,0,5,55,0,60,56,0,56,116
08/25/2004,ENW,WI,AGL,CE,Federal Contract Tower,0,7,24,0,31,0,0,272,0,272,0,7,296,0,303,140,0,140,443
08/26/2004,ENW,WI,AGL,CE,Federal Contract Tower,0,5,30,0,35,0,0,160,0,160,0,5,190,0,195,100,0,100,295
08/27/2004,ENW,WI,AGL,CE,Federal Contract Tower,0,4,26,0,30,0,0,136,0,136,0,4,162,0,166,132,0,132,298
08/28/2004,ENW,WI,AGL,CE,Federal Contract Tower,0,10,30,0,40,0,2,97,0,99,0,12,127,0,139,34,0,34,173
08/29/2004,ENW,WI,AGL,CE,Federal Contract Tower,0,9,27,0,36,0,1,109,0,110,0,10,136,0,146,62,0,62,208
08/30/2004,ENW,WI,AGL,CE,Federal Contract Tower,0,9,27,0,36,0,0,118,0,118,0,9,145,0,154,128,0,128,282
08/31/2004,ENW,WI,AGL,CE,Federal Contract Tower,0,9,29,0,38,0,1,198,0,199,0,10,227,0,237,102,0,102,339
09/01/2004,ENW,WI,AGL,CE,Federal Contract Tower,0,7,24,0,31,0,12,115,0,127,0,19,139,0,158,94,0,94,252
09/02/2004,ENW,WI,AGL,CE,Federal Contract Tower,0,5,18,0,23,0,8,122,0,130,0,13,140,0,153,156,0,156,309
09/03/2004,ENW,WI,AGL,CE,Federal Contract Tower,0,13,39,0,52,2,11,45,0,58,2,24,84,0,110,74,0,74,184
09/04/2004,ENW,WI,AGL,CE,Federal Contract Tower,0,2,16,0,18,0,0,150,6,156,0,2,166,6,174,172,0,172,346
09/05/2004,ENW,WI,AGL,CE,Federal Contract Tower,0,5,16,0,21,0,0,85,0,85,0,5,101,0,106,108,0,108,214
09/06/2004,ENW,WI,AGL,CE,Federal Contract Tower,0,4,12,0,16,0,0,53,0,53,0,4,65,0,69,56,0,56,125
09/07/2004,ENW,WI,AGL,CE,Federal Contract Tower,0,10,32,0,42,0,0,152,0,152,0,10,184,0,194,134,0,134,328
09/08/2004,ENW,WI,AGL,CE,Federal Contract Tower,0,10,30,0,40,0,4,137,0,141,0,14,167,0,181,96,0,96,277
09/09/2004,ENW,WI,AGL,CE,Federal Contract Tower,0,10,31,0,41,0,0,135,0,135,0,10,166,0,176,116,0,116,292
09/10/2004,ENW,WI,AGL,CE,Federal Contract Tower,0,4,15,0,19,0,0,116,0,116,0,4,131,0,135,166,0,166,301
09/11/2004,ENW,WI,AGL,CE,Federal Contract Tower,0,6,18,0,24,0,3,181,0,184,0,9,199,0,208,92,0,92,300
09/12/2004,ENW,WI,AGL,CE,Federal Contract Tower,0,2,14,0,16,0,0,205,0,205,0,2,219,0,221,172,0,172,393
09/13/2004,ENW,WI,AGL,CE,Federal Contract Tower,0,5,14,0,19,0,3,88,0,91,0,8,102,0,110,94,0,94,204
09/14/2004,ENW,WI,AGL,CE,Federal Contract Tower,0,11,31,0,42,0,11,120,0,131,0,22,151,0,173,128,0,128,301
09/15/2004,ENW,WI,AGL,CE,Federal Contract Tower,0,3,13,0,16,0,11,42,0,53,0,14,55,0,69,44,0,44,113
09/16/2004,ENW,WI,AGL,CE,Federal Contract Tower,0,6,21,0,27,0,1,126,0,127,0,7,147,0,154,156,0,156,310
09/17/2004,ENW,WI,AGL,CE,Federal Contract Tower,0,7,25,0,32,0,10,156,0,166,0,17,181,0,198,122,0,122,320
09/18/2004,ENW,WI,AGL,CE,Federal Contract Tower,0,5,25,0,30,0,0,176,0,176,0,5,201,0,206,144,0,144,350
09/19/2004,ENW,WI,AGL,CE,Federal Contract Tower,0,6,19,0,25,0,5,148,0,153,0,11,167,0,178,124,0,124,302
09/20/2004,ENW,WI,AGL,CE,Federal Contract Tower,0,6,21,0,27,0,0,107,0,107,0,6,128,0,134,158,0,158,292
09/21/2004,ENW,WI,AGL,CE,Federal Contract Tower,0,5,25,0,30,0,0,123,2,125,0,5,148,2,155,182,0,182,337
09/22/2004,ENW,WI,AGL,CE,Federal Contract Tower,0,7,22,0,29,0,10,117,4,131,0,17,139,4,160,72,0,72,232
09/23/2004,ENW,WI,AGL,CE,Federal Contract Tower,0,4,13,0,17,0,0,91,0,91,0,4,104,0,108,104,0,104,212
09/24/2004,ENW,WI,AGL,CE,Federal Contract Tower,0,0,0,0,0,0,5,55,0,60,0,5,55,0,60,56,0,56,116
09/25/2004,ENW,WI,AGL,CE,Federal Contract Tower,0,4,15,0,19,0,3,281,0,284,0,7,296,0,303,140,0,140,443
09/26/2004,ENW,WI,AGL,CE,Federal Contract Tower,0,5,16,0,21,0,0,174,0,174,0,5,190,0,195,100,0,100,295
09/27/2004,ENW,WI,AGL,CE,Federal Contract Tower,0,3,11,0,14,0,1,151,0,152,0,4,162,0,166,132,0,132,298
09/28/2004,ENW,WI,AGL,CE,Federal Contract Tower,0,9,28,0,37,0,3,99,0,102,0,12,127,0,139,34,0,34,173
09/29/2004,ENW,WI,AGL,CE,Federal Contract Tower,0,6,21,0,27,0,4,115,0,119,0,10,136,0,146,62,0,62,208
09/30/2004,ENW,WI,AGL,CE,Federal Contract Tower,0,9,29,0,38,0,0,116,0,116,0,9,145,0,154,128,0,128,282
10/01/2004,ENW,WI,AGL,CE,Federal Contract Tower,0,8,13,0,21,0,0,71,0,71,0,8,84,0,92,6,0,6,98
10/02/2004,ENW,WI,AGL,CE,Federal Contract Tower,0,2,8,0,10,0,2,111,0,113,0,4,119,0,123,94,0,94,217
10/03/2004,ENW,WI,AGL,CE,Federal Contract Tower,0,8,12,0,20,0,0,102,0,102,0,8,114,0,122,60,0,60,182
10/04/2004,ENW,WI,AGL,CE,Federal Contract Tower,0,8,13,0,21,0,8,127,0,135,0,16,140,0,156,68,0,68,224
10/05/2004,ENW,WI,AGL,CE,Federal Contract Tower,0,5,15,0,20,0,0,108,0,108,0,5,123,0,128,108,0,108,236
10/06/2004,ENW,WI,AGL,CE,Federal Contract Tower,0,11,17,0,28,0,1,123,0,124,0,12,140,0,152,162,0,162,314
10/07/2004,ENW,WI,AGL,CE,Federal Contract Tower,0,12,21,0,33,0,0,133,0,133,0,12,154,0,166,72,0,72,238
10/08/2004,ENW,WI,AGL,CE,Federal Contract Tower,0,8,20,0,28,0,2,48,0,50,0,10,68,0,78,4,0,4,82
10/09/2004,ENW,WI,AGL,CE,Federal Contract Tower,0,1,30,0,31,0,1,191,0,192,0,2,221,0,223,154,0,154,377
10/10/2004,ENW,WI,AGL,CE,Federal Contract Tower,0,6,19,0,25,0,6,162,0,168,0,12,181,0,193,132,0,132,325
10/11/2004,ENW,WI,AGL,CE,Federal Contract Tower,0,4,17,0,21,0,2,120,0,122,0,6,137,0,143,138,0,138,281
10/12/2004,ENW,WI,AGL,CE,Federal Contract Tower,0,4,23,0,27,0,0,150,0,150,0,4,173,0,177,82,0,82,259
10/13/2004,ENW,WI,AGL,CE,Federal Contract Tower,0,2,10,0,12,0,10,71,0,81,0,12,81,0,93,56,0,56,149
10/14/2004,ENW,WI,AGL,CE,Federal Contract Tower,0,12,24,0,36,0,0,66,0,66,0,12,90,0,102,64,0,64,166
10/15/2004,ENW,WI,AGL,CE,Federal Contract Tower,0,7,12,0,19,0,5,16,2,23,0,12,28,2,42,18,0,18,60
10/16/2004,ENW,WI,AGL,CE,Federal Contract Tower,0,1,7,0,8,0,1,7,0,8,0,2,14,0,16,0,0,0,16
10/17/2004,ENW,WI,AGL,CE,Federal Contract Tower,0,6,18,0,24,0,3,159,0,162,0,9,177,0,186,84,0,84,270
10/18/2004,ENW,WI,AGL,CE,Federal Contract Tower,0,5,11,0,16,0,0,36,0,36,0,5,47,0,52,40,0,40,92
10/19/2004,ENW,WI,AGL,CE,Federal Contract Tower,0,7,23,0,30,0,0,22,0,22,0,7,45,0,52,0,0,0,52
10/20/2004,ENW,WI,AGL,CE,Federal Contract Tower,0,11,58,0,69,0,6,57,0,63,0,17,115,0,132,38,0,38,170
10/21/2004,ENW,WI,AGL,CE,Federal Contract Tower,0,13,11,0,24,0,7,48,0,55,0,20,59,0,79,68,0,68,147
10/22/2004,ENW,WI,AGL,CE,Federal Contract Tower,0,17,24,0,41,0,0,22,0,22,0,17,46,0,63,2,0,2,65
10/23/2004,ENW,WI,AGL,CE,Federal Contract Tower,0,3,14,0,17,0,0,50,0,50,0,3,64,0,67,12,0,12,79
10/24/2004,ENW,WI,AGL,CE,Federal Contract Tower,0,9,17,0,26,0,6,194,0,200,0,15,211,0,226,114,0,114,340
10/25/2004,ENW,WI,AGL,CE,Federal Contract Tower,0,7,25,0,32,0,3,91,2,96,0,10,116,2,128,64,0,64,192
10/26/2004,ENW,WI,AGL,CE,Federal Contract Tower,0,17,27,0,44,0,0,14,0,14,0,17,41,0,58,0,0,0,58
10/27/2004,ENW,WI,AGL,CE,Federal Contract Tower,0,9,27,0,36,0,2,11,0,13,0,11,38,0,49,14,0,14,63
10/28/2004,ENW,WI,AGL,CE,Federal Contract Tower,0,7,40,0,47,0,0,28,0,28,0,7,68,0,75,0,0,0,75
10/29/2004,ENW,WI,AGL,CE,Federal Contract Tower,0,8,21,0,29,0,6,33,0,39,0,14,54,0,68,20,0,20,88
10/30/2004,ENW,WI,AGL,CE,Federal Contract Tower,0,1,2,0,3,0,0,14,0,14,0,1,16,0,17,0,0,0,17
10/31/2004,ENW,WI,AGL,CE,Federal Contract Tower,0,0,43,0,43,0,0,135,0,135,0,0,178,0,178,98,0,98,276
11/01/2004,ENW,WI,AGL,CE,Federal Contract Tower,0,9,6,0,15,0,0,9,0,9,0,9,15,0,24,0,0,0,24
11/02/2004,ENW,WI,AGL,CE,Federal Contract Tower,0,2,17,0,19,0,2,34,0,36,0,4,51,0,55,0,0,0,55
11/03/2004,ENW,WI,AGL,CE,Federal Contract Tower,0,8,33,0,41,0,5,165,0,170,0,13,198,0,211,152,0,152,363
11/04/2004,ENW,WI,AGL,CE,Federal Contract Tower,0,5,26,0,31,0,2,44,0,46,0,7,70,0,77,18,0,18,95
11/05/2004,ENW,WI,AGL,CE,Federal Contract Tower,0,6,20,0,26,0,0,91,0,91,0,6,111,0,117,132,0,132,249
11/06/2004,ENW,WI,AGL,CE,Federal Contract Tower,0,1,32,0,33,0,2,166,0,168,0,3,198,0,201,170,0,170,371
11/07/2004,ENW,WI,AGL,CE,Federal Contract Tower,0,1,24,0,25,0,1,114,0,115,0,2,138,0,140,112,0,112,252
11/08/2004,ENW,WI,AGL,CE,Federal Contract Tower,0,7,26,0,33,0,6,122,0,128,0,13,148,0,161,106,0,106,267
11/09/2004,ENW,WI,AGL,CE,Federal Contract Tower,0,9,22,0,31,0,4,157,0,161,0,13,179,0,192,90,0,90,282
11/10/2004,ENW,WI,AGL,CE,Federal Contract Tower,0,11,15,0,26,0,8,87,0,95,0,19,102,0,121,84,0,84,205
11/11/2004,ENW,WI,AGL,CE,Federal Contract Tower,0,9,25,0,34,0,5,62,0,67,0,14,87,0,101,42,0,42,143
11/12/2004,ENW,WI,AGL,CE,Federal Contract Tower,0,7,37,0,44,0,0,107,0,107,0,7,144,0,151,56,0,56,207
11/13/2004,ENW,WI,AGL,CE,Federal Contract Tower,0,0,50,0,50,0,0,164,0,164,0,0,214,0,214,122,0,122,336
11/14/2004,ENW,WI,AGL,CE,Federal Contract Tower,0,5,28,0,33,0,3,153,0,156,0,8,181,0,189,70,0,70,259
11/15/2004,ENW,WI,AGL,CE,Federal Contract Tower,0,16,19,0,35,0,5,70,0,75,0,21,89,0,110,54,0,54,164
11/16/2004,ENW,WI,AGL,CE,Federal Contract Tower,0,13,28,0,41,0,7,14,0,21,0,20,42,0,62,10,0,10,72
11/17/2004,ENW,WI,AGL,CE,Federal Contract Tower,0,5,23,0,28,0,0,17,0,17,0,5,40,0,45,20,0,20,65
11/18/2004,ENW,WI,AGL,CE,Federal Contract Tower,0,7,27,0,34,0,4,54,0,58,0,11,81,0,92,168,0,168,260
11/19/2004,ENW,WI,AGL,CE,Federal Contract Tower,0,7,6,0,13,0,0,9,0,9,0,7,15,0,22,0,0,0,22
11/20/2004,ENW,WI,AGL,CE,Federal Contract Tower,0,5,42,0,47,0,0,51,0,51,0,5,93,0,98,0,0,0,98
11/21/2004,ENW,WI,AGL,CE,Federal Contract Tower,0,1,35,0,36,0,0,128,0,128,0,1,163,0,164,156,0,156,320
11/22/2004,ENW,WI,AGL,CE,Federal Contract Tower,0,10,18,0,28,0,0,130,2,132,0,10,148,2,160,50,0,50,210
11/23/2004,ENW,WI,AGL,CE,Federal Contract Tower,0,9,33,0,42,0,1,105,0,106,0,10,138,0,148,88,0,88,236
11/24/2004,ENW,WI,AGL,CE,Federal Contract Tower,0,8,7,0,15,0,0,5,0,5,0,8,12,0,20,0,0,0,20
11/25/2004,ENW,WI,AGL,CE,Federal Contract Tower,0,2,7,0,9,0,0,30,0,30,0,2,37,0,39,18,0,18,57
11/26/2004,ENW,WI,AGL,CE,Federal Contract Tower,0,3,11,0,14,0,0,52,0,52,0,3,63,0,66,36,0,36,102
11/27/2004,ENW,WI,AGL,CE,Federal Contract Tower,0,1,14,0,15,0,0,7,0,7,0,1,21,0,22,6,0,6,28
11/28/2004,ENW,WI,AGL,CE,Federal Contract Tower,0,9,20,0,29,0,0,112,0,112,0,9,132,0,141,84,0,84,225
11/29/2004,ENW,WI,AGL,CE,Federal Contract Tower,0,7,13,0,20,0,0,39,0,39,0,7,52,0,59,26,0,26,85
11/30/2004,ENW,WI,AGL,CE,Federal Contract Tower,0,2,13,0,15,0,0,12,0,12,0,2,25,0,27,0,0,0,27
12/01/2004,ENW,WI,AGL,CE,Federal Contract Tower,0,8,23,0,31,0,0,74,0,74,0,8,97,0,105,68,0,68,173
12/02/2004,ENW,WI,AGL,CE,Federal Contract Tower,0,9,26,0,35,0,0,79,0,79,0,9,105,0,114,72,0,72,186
12/03/2004,ENW,WI,AGL,CE,Federal Contract Tower,0,4,10,0,14,0,0,126,0,126,0,4,136,0,140,138,0,138,278
12/04/2004,ENW,WI,AGL,CE,Federal Contract Tower,0,8,22,0,30,0,0,133,0,133,0,8,155,0,163,96,0,96,259
12/05/2004,ENW,WI,AGL,CE,Federal Contract Tower,0,5,19,0,24,0,0,80,0,80,0,5,99,0,104,90,0,90,194
12/06/2004,ENW,WI,AGL,CE,Federal Contract Tower,0,6,4,0,10,0,0,6,0,6,0,6,10,0,16,0,0,0,16
12/07/2004,ENW,WI,AGL,CE,Federal Contract Tower,0,1,13,0,14,0,0,3,0,3,0,1,16,0,17,0,0,0,17
12/08/2004,ENW,WI,AGL,CE,Federal Contract Tower,0,5,24,0,29,0,3,47,0,50,0,8,71,0,79,74,0,74,153
12/09/2004,ENW,WI,AGL,CE,Federal Contract Tower,0,3,41,0,44,0,0,59,0,59,0,3,100,0,103,28,0,28,131
12/10/2004,ENW,WI,AGL,CE,Federal Contract Tower,0,6,0,0,6,0,0,0,0,0,0,6,0,0,6,0,0,0,6
12/11/2004,ENW,WI,AGL,CE,Federal Contract Tower,0,3,22,0,25,0,0,109,0,109,0,3,131,0,134,128,0,128,262
12/12/2004,ENW,WI,AGL,CE,Federal Contract Tower,0,5,1,0,6,0,0,9,0,9,0,5,10,0,15,0,0,0,15
12/13/2004,ENW,WI,AGL,CE,Federal Contract Tower,0,3,6,0,9,0,1,10,0,11,0,4,16,0,20,6,0,6,26
12/14/2004,ENW,WI,AGL,CE,Federal Contract Tower,0,10,38,0,48,0,9,131,2,142,0,19,169,2,190,56,0,56,246
12/15/2004,ENW,WI,AGL,CE,Federal Contract Tower,0,7,22,0,29,0,1,93,0,94,0,8,115,0,123,64,0,64,187
12/16/2004,ENW,WI,AGL,CE,Federal Contract Tower,0,8,17,0,25,0,1,55,0,56,0,9,72,0,81,20,0,20,101
12/17/2004,ENW,WI,AGL,CE,Federal Contract Tower,0,15,13,0,28,0,0,135,0,135,0,15,148,0,163,142,0,142,305
12/18/2004,ENW,WI,AGL,CE,Federal Contract Tower,0,4,7,0,11,0,0,45,1,46,0,4,52,1,57,62,0,62,119
12/19/2004,ENW,WI,AGL,CE,Federal Contract Tower,0,3,7,0,10,0,1,61,0,62,0,4,68,0,72,60,0,60,132
12/20/2004,ENW,WI,AGL,CE,Federal Contract Tower,0,0,7,0,7,0,0,23,0,23,0,0,30,0,30,8,0,8,38
12/21/2004,ENW,WI,AGL,CE,Federal Contract Tower,0,15,18,0,33,0,6,66,0,72,0,21,84,0,105,64,0,64,169
12/22/2004,ENW,WI,AGL,CE,Federal Contract Tower,0,4,19,0,23,0,6,97,0,103,0,10,116,0,126,68,0,68,194
12/23/2004,ENW,WI,AGL,CE,Federal Contract Tower,0,7,14,0,21,0,3,51,0,54,0,10,65,0,75,72,0,72,147
12/24/2004,ENW,WI,AGL,CE,Federal Contract Tower,0,2,6,0,8,0,0,34,0,34,0,2,40,0,42,4,0,4,46
12/25/2004,ENW,WI,AGL,CE,Federal Contract Tower,0,0,2,0,2,0,0,11,0,11,0,0,13,0,13,0,0,0,13
12/26/2004,ENW,WI,AGL,CE,Federal Contract Tower,0,9,6,0,15,0,1,49,0,50,0,10,55,0,65,52,0,52,117
12/27/2004,ENW,WI,AGL,CE,Federal Contract Tower,0,6,5,0,11,0,4,87,0,91,0,10,92,0,102,130,0,130,232
12/28/2004,ENW,WI,AGL,CE,Federal Contract Tower,0,8,10,0,18,0,4,112,0,116,0,12,122,0,134,76,0,76,210
12/29/2004,ENW,WI,AGL,CE,Federal Contract Tower,0,4,29,0,33,0,6,53,0,59,0,10,82,0,92,92,0,92,184
12/30/2004,ENW,WI,AGL,CE,Federal Contract Tower,0,0,9,0,9,0,0,4,0,4,0,0,13,0,13,0,0,0,13
12/31/2004,ENW,WI,AGL,CE,Federal Contract Tower,0,12,16,0,28,0,0,91,0,91,0,12,107,0,119,46,0,46,165
01/01/2005,ENW,WI,AGL,CE,Federal Contract Tower,0,4,9,0,13,0,5,59,0,64,0,9,68,0,77,62,0,62,139
01/02/2005,ENW,WI,AGL,CE,Federal Contract Tower,0,3,32,0,35,0,3,61,0,64,0,6,93,0,99,124,0,124,223
01/03/2005,ENW,WI,AGL,CE,Federal Contract Tower,0,2,0,0,2,0,0,7,0,7,0,2,7,0,9,0,0,0,9
01/04/2005,ENW,WI,AGL,CE,Federal Contract Tower,0,4,6,0,10,0,0,11,0,11,0,4,17,0,21,0,0,0,21
01/05/2005,ENW,WI,AGL,CE,Federal Contract Tower,0,5,1,0,6,0,0,0,0,0,0,5,1,0,6,0,0,0,6
01/06/2005,ENW,WI,AGL,CE,Federal Contract Tower,0,7,0,0,7,0,4,7,0,11,0,11,7,0,18,0,0,0,18
01/07/2005,ENW,WI,AGL,CE,Federal Contract Tower,0,11,16,0,27,0,4,30,4,38,0,15,46,4,65,92,0,92,157
01/08/2005,ENW,WI,AGL,CE,Federal Contract Tower,0,2,18,0,20,0,1,36,2,39,0,3,54,2,59,92,0,92,151
01/09/2005,ENW,WI,AGL,CE,Federal Contract Tower,0,9,3,0,12,0,0,2,0,2,0,9,5,0,14,0,0,0,14
01/10/2005,ENW,WI,AGL,CE,Federal Contract Tower,0,1,14,0,15,0,0,82,0,82,0,1,96,0,97,130,0,130,227
01/11/2005,ENW,WI,AGL,CE,Federal Contract Tower,0,4,1,0,5,0,0,0,0,0,0,4,1,0,5,0,0,0,5
01/12/2005,ENW,WI,AGL,CE,Federal Contract Tower,0,6,1,0,7,0,0,0,0,0,0,6,1,0,7,0,0,0,7
01/13/2005,ENW,WI,AGL,CE,Federal Contract Tower,0,10,5,0,15,0,5,13,0,18,0,15,18,0,33,18,0,18,51
01/14/2005,ENW,WI,AGL,CE,Federal Contract Tower,0,7,25,0,32,0,1,88,0,89,0,8,113,0,121,112,0,112,233
01/15/2005,ENW,WI,AGL,CE,Federal Contract Tower,0,0,22,0,22,0,1,70,0,71,0,1,92,0,93,86,0,86,179
01/16/2005,ENW,WI,AGL,CE,Federal Contract Tower,0,2,12,0,14,0,4,66,0,70,0,6,78,0,84,64,0,64,148
01/17/2005,ENW,WI,AGL,CE,Federal Contract Tower,0,6,13,0,19,0,2,79,0,81,0,8,92,0,100,114,0,114,214
01/18/2005,ENW,WI,AGL,CE,Federal Contract Tower,0,5,5,0,10,0,0,38,0,38,0,5,43,0,48,26,0,26,74
01/19/2005,ENW,WI,AGL,CE,Federal Contract Tower,0,1,3,0,4,0,10,18,0,28,0,11,21,0,32,68,0,68,100
01/20/2005,ENW,WI,AGL,CE,Federal Contract Tower,0,2,0,0,2,0,0,0,0,0,0,2,0,0,2,0,0,0,2
01/21/2005,ENW,WI,AGL,CE,Federal Contract Tower,0,8,26,0,34,0,1,17,0,18,0,9,43,0,52,0,0,0,52
01/22/2005,ENW,WI,AGL,CE,Federal Contract Tower,0,0,0,0,0,0,0,0,0,0,0,0,0,0,0,0,0,0,0
01/23/2005,ENW,WI,AGL,CE,Federal Contract Tower,0,2,2,0,4,0,0,61,0,61,0,2,63,0,65,68,0,68,133
01/24/2005,ENW,WI,AGL,CE,Federal Contract Tower,0,4,12,0,16,0,1,100,0,101,0,5,112,0,117,128,0,128,245
01/25/2005,ENW,WI,AGL,CE,Federal Contract Tower,0,3,6,0,9,0,3,93,0,96,0,6,99,0,105,146,0,146,251
01/26/2005,ENW,WI,AGL,CE,Federal Contract Tower,0,7,3,0,10,0,0,31,0,31,0,7,34,0,41,10,0,10,51
01/27/2005,ENW,WI,AGL,CE,Federal Contract Tower,0,8,20,0,28,0,3,72,0,75,0,11,92,0,103,24,0,24,127
01/28/2005,ENW,WI,AGL,CE,Federal Contract Tower,0,4,19,0,23,0,0,72,0,72,0,4,91,0,95,110,0,110,205
01/29/2005,ENW,WI,AGL,CE,Federal Contract Tower,0,7,28,0,35,0,2,118,0,120,0,9,146,0,155,114,0,114,269
01/30/2005,ENW,WI,AGL,CE,Federal Contract Tower,0,7,14,0,21,0,4,54,0,58,0,11,68,0,79,162,0,162,241
01/31/2005,ENW,WI,AGL,CE,Federal Contract Tower,0,6,4,0,10,0,0,39,0,39,0,6,43,0,49,120,0,120,169
02/01/2005,ENW,WI,AGL,CE,Federal Contract Tower,0,9,14,0,23,0,18,43,0,61,0,27,57,0,84,80,0,80,164
02/02/2005,ENW,WI,AGL,CE,Federal Contract Tower,0,4,11,0,15,0,2,80,0,82,0,6,91,0,97,84,0,84,181
02/03/2005,ENW,WI,AGL,CE,Federal Contract Tower,0,9,22,0,31,0,20,111,4,135,0,29,133,4,166,152,4,156,322
02/04/2005,ENW,WI,AGL,CE,Federal Contract Tower,0,10,22,0,32,0,2,111,1,114,0,12,133,1,146,244,0,244,390
02/05/2005,ENW,WI,AGL,CE,Federal Contract Tower,0,4,26,0,30,0,26,181,0,207,0,30,207,0,237,70,0,70,307
02/06/2005,ENW,WI,AGL,CE,Federal Contract Tower,0,5,6,0,11,0,20,52,0,72,0,25,58,0,83,86,0,86,169
02/07/2005,ENW,WI,AGL,CE,Federal Contract Tower,0,10,0,0,10,0,0,0,0,0,0,10,0,0,10,0,0,0,10
02/08/2005,ENW,WI,AGL,CE,Federal Contract Tower,0,15,9,0,24,0,17,48,0,65,0,32,57,0,89,30,0,30,119
02/09/2005,ENW,WI,AGL,CE,Federal Contract Tower,0,3,11,0,14,0,3,39,0,42,0,6,50,0,56,70,0,70,126
02/10/2005,ENW,WI,AGL,CE,Federal Contract Tower,0,10,21,0,31,0,5,116,0,121,0,15,137,0,152,68,0,68,220
02/11/2005,ENW,WI,AGL,CE,Federal Contract Tower,0,11,5,0,16,0,2,106,0,108,0,13,111,0,124,134,0,134,258
02/12/2005,ENW,WI,AGL,CE,Federal Contract Tower,0,8,27,0,35,0,7,219,0,226,0,15,246,0,261,226,0,226,487
02/13/2005,ENW,WI,AGL,CE,Federal Contract Tower,0,5,7,0,12,0,0,18,0,18,0,5,25,0,30,52,0,52,82
02/14/2005,ENW,WI,AGL,CE,Federal Contract Tower,0,3,6,0,9,0,5,13,0,18,0,8,19,0,27,0,0,0,27
02/15/2005,ENW,WI,AGL,CE,Federal Contract Tower,0,15,20,0,35,0,5,53,0,58,0,20,73,0,93,4,0,4,97
02/16/2005,ENW,WI,AGL,CE,Federal Contract Tower,0,7,20,0,27,0,4,71,0,75,0,11,91,0,102,90,0,90,192
02/17/2005,ENW,WI,AGL,CE,Federal Contract Tower,0,4,25,0,29,0,13,92,0,105,0,17,117,0,134,4,0,4,138
02/18/2005,ENW,WI,AGL,CE,Federal Contract Tower,0,4,4,0,8,0,11,97,0,108,0,15,101,0,116,142,0,142,258
02/19/2005,ENW,WI,AGL,CE,Federal Contract Tower,0,3,14,0,17,0,0,122,0,122,0,3,136,0,139,190,0,190,329
02/20/2005,ENW,WI,AGL,CE,Federal Contract Tower,0,6,0,0,6,0,0,0,0,0,0,6,0,0,6,0,0,0,6
02/21/2005,ENW,WI,AGL,CE,Federal Contract Tower,0,15,9,0,24,0,10,53,0,63,0,25,62,0,87,94,0,94,181
02/22/2005,ENW,WI,AGL,CE,Federal Contract Tower,0,7,16,0,23,0,4,75,0,79,0,11,91,0,102,28,0,28,130
02/23/2005,ENW,WI,AGL,CE,Federal Contract Tower,0,10,29,0,39,0,11,98,0,109,0,21,127,0,148,110,0,110,258
02/24/2005,ENW,WI,AGL,CE,Federal Contract Tower,0,10,13,0,23,0,8,73,2,83,0,18,86,2,106,26,0,26,132
02/25/2005,ENW,WI,AGL,CE,Federal Contract Tower,0,9,12,0,21,0,5,45,0,50,0,14,57,0,71,108,0,108,179
02/26/2005,ENW,WI,AGL,CE,Federal Contract Tower,0,14,15,0,29,0,7,133,0,140,0,21,148,0,169,188,0,188,357
02/27/2005,ENW,WI,AGL,CE,Federal Contract Tower,0,6,15,0,21,0,9,865,0,874,0,15,880,0,895,144,0,144,1039
02/28/2005,ENW,WI,AGL,CE,Federal Contract Tower,0,7,3,0,10,0,2,7,0,9,0,9,10,0,19,0,0,0,19
03/01/2005,ENW,WI,AGL,CE,Federal Contract Tower,0,7,22,0,29,0,4,45,0,49,0,11,67,0,78,6,0,6,84
03/02/2005,ENW,WI,AGL,CE,Federal Contract Tower,0,12,8,0,20,0,5,84,0,89,0,17,92,0,109,48,0,48,157
03/03/2005,ENW,WI,AGL,CE,Federal Contract Tower,0,12,27,0,39,0,3,150,0,153,0,15,177,0,192,54,0,54,246
03/04/2005,ENW,WI,AGL,CE,Federal Contract Tower,0,10,11,0,21,0,4,94,1,99,0,14,105,1,120,16,0,16,136
03/05/2005,ENW,WI,AGL,CE,Federal Contract Tower,0,2,20,0,22,0,0,46,0,46,0,2,66,0,68,64,0,64,132
03/06/2005,ENW,WI,AGL,CE,Federal Contract Tower,0,9,16,0,25,0,2,153,0,155,0,11,169,0,180,216,0,216,396
03/07/2005,ENW,WI,AGL,CE,Federal Contract Tower,0,2,5,0,7,0,0,17,0,17,0,2,22,0,24,0,0,0,24
03/08/2005,ENW,WI,AGL,CE,Federal Contract Tower,0,7,13,0,20,0,5,95,0,100,0,12,108,0,120,70,0,70,190
03/09/2005,ENW,WI,AGL,CE,Federal Contract Tower,0,6,8,0,14,0,2,97,0,99,0,8,105,0,113,62,0,62,175
03/10/2005,ENW,WI,AGL,CE,Federal Contract Tower,0,6,2,0,8,0,0,3,0,3,0,6,5,0,11,0,0,0,11
03/11/2005,ENW,WI,AGL,CE,Federal Contract Tower,0,5,5,0,10,0,0,30,0,30,0,5,35,0,40,36,0,36,76
03/12/2005,ENW,WI,AGL,CE,Federal Contract Tower,0,10,7,0,17,0,1,94,0,95,0,11,101,0,112,86,0,86,198
03/13/2005,ENW,WI,AGL,CE,Federal Contract Tower,0,8,14,0,22,0,0,100,0,100,0,8,114,0,122,144,0,144,266
03/14/2005,ENW,WI,AGL,CE,Federal Contract Tower,0,5,14,0,19,0,0,62,0,62,0,5,76,0,81,68,0,68,149
03/15/2005,ENW,WI,AGL,CE,Federal Contract Tower,0,5,10,0,15,0,6,105,0,111,0,11,115,0,126,86,0,86,212
03/16/2005,ENW,WI,AGL,CE,Federal Contract Tower,0,7,12,0,19,0,15,94,2,111,0,22,106,2,130,72,0,72,202
03/17/2005,ENW,WI,AGL,CE,Federal Contract Tower,0,9,3,0,12,0,0,0,0,0,0,9,3,0,12,0,0,0,12
03/18/2005,ENW,WI,AGL,CE,Federal Contract Tower,0,10,5,0,15,0,9,24,0,33,0,19,29,0,48,50,0,50,98
03/19/2005,ENW,WI,AGL,CE,Federal Contract Tower,0,7,11,0,18,0,0,3,0,3,0,7,14,0,21,8,0,8,29
03/20/2005,ENW,WI,AGL,CE,Federal Contract Tower,0,6,15,0,21,0,4,88,0,92,0,10,103,0,113,138,0,138,251
03/21/2005,ENW,WI,AGL,CE,Federal Contract Tower,0,4,13,0,17,0,1,64,0,65,0,5,77,0,82,56,0,56,138
03/22/2005,ENW,WI,AGL,CE,Federal Contract Tower,0,6,17,0,23,0,6,60,2,68,0,12,77,2,91,92,0,92,183
03/23/2005,ENW,WI,AGL,CE,Federal Contract Tower,0,9,10,0,19,0,3,69,0,72,0,12,79,0,91,22,0,22,113
03/24/2005,ENW,WI,AGL,CE,Federal Contract Tower,0,9,17,0,26,0,11,119,0,130,0,20,136,0,156,130,0,130,286
03/25/2005,ENW,WI,AGL,CE,Federal Contract Tower,0,9,3,0,12,0,8,40,0,48,0,17,43,0,60,98,0,98,158
03/26/2005,ENW,WI,AGL,CE,Federal Contract Tower,0,4,17,0,21,0,3,110,0,113,0,7,127,0,134,184,0,184,318
03/27/2005,ENW,WI,AGL,CE,Federal Contract Tower,0,2,4,0,6,0,0,70,0,70,0,2,74,0,76,56,0,56,132
03/28/2005,ENW,WI,AGL,CE,Federal Contract Tower,0,4,14,0,18,0,0,124,0,124,0,4,138,0,142,160,0,160,302
03/29/2005,ENW,WI,AGL,CE,Federal Contract Tower,0,6,14,0,20,0,3,94,0,97,0,9,108,0,117,92,0,92,209
03/30/2005,ENW,WI,AGL,CE,Federal Contract Tower,0,2,4,0,6,0,1,57,0,58,0,3,61,0,64,96,0,96,160
03/31/2005,ENW,WI,AGL,CE,Federal Contract Tower,0,7,7,0,14,0,0,17,0,17,0,7,24,0,31,14,0,14,45
04/01/2005,ENW,WI,AGL,CE,Federal Contract Tower,0,4,19,0,23,0,6,71,0,77,0,10,90,0,100,54,0,54,154
04/02/2005,ENW,WI,AGL,CE,Federal Contract Tower,0,5,9,0,14,0,10,126,0,136,0,15,135,0,150,160,0,160,310
04/03/2005,ENW,WI,AGL,CE,Federal Contract Tower,0,5,16,0,21,0,59,119,0,178,0,64,135,0,199,136,0,136,335
04/04/2005,ENW,WI,AGL,CE,Federal Contract Tower,0,8,10,0,18,0,13,98,0,111,0,21,108,0,129,108,0,108,237
04/05/2005,ENW,WI,AGL,CE,Federal Contract Tower,0,8,30,0,38,0,3,144,0,147,0,11,174,0,185,144,0,144,329
04/06/2005,ENW,WI,AGL,CE,Federal Contract Tower,0,9,17,0,26,0,40,82,0,122,0,49,99,0,148,74,0,74,222
04/07/2005,ENW,WI,AGL,CE,Federal Contract Tower,0,8,16,0,24,0,2,60,2,64,0,10,76,2,88,12,0,12,100
04/08/2005,ENW,WI,AGL,CE,Federal Contract Tower,0,6,8,0,14,0,12,141,0,153,0,18,149,0,167,192,0,192,359
04/09/2005,ENW,WI,AGL,CE,Federal Contract Tower,0,3,39,0,42,0,0,164,1,165,0,3,203,1,207,166,0,166,373
04/10/2005,ENW,WI,AGL,CE,Federal Contract Tower,0,5,12,0,17,0,2,128,0,130,0,7,140,0,147,212,0,212,359
04/11/2005,ENW,WI,AGL,CE,Federal Contract Tower,0,3,7,0,10,0,0,60,0,60,0,3,67,0,70,72,0,72,142
04/12/2005,ENW,WI,AGL,CE,Federal Contract Tower,0,10,12,0,22,0,4,37,0,41,0,14,49,0,63,20,0,20,83
04/13/2005,ENW,WI,AGL,CE,Federal Contract Tower,0,16,29,0,45,0,8,86,0,94,0,24,115,0,139,76,0,76,215
04/14/2005,ENW,WI,AGL,CE,Federal Contract Tower,0,5,34,0,39,0,20,145,0,165,0,25,179,0,204,128,0,128,332
04/15/2005,ENW,WI,AGL,CE,Federal Contract Tower,0,4,20,0,24,0,1,129,0,130,0,5,149,0,154,146,0,146,300
04/16/2005,ENW,WI,AGL,CE,Federal Contract Tower,0,2,34,0,36,0,0,120,0,120,0,2,154,0,156,134,0,134,290
04/17/2005,ENW,WI,AGL,CE,Federal Contract Tower,0,2,14,0,16,0,0,93,0,93,0,2,107,0,109,106,0,106,215
04/18/2005,ENW,WI,AGL,CE,Federal Contract Tower,0,4,15,0,19,0,0,101,2,103,0,4,116,2,122,86,0,86,208
04/19/2005,ENW,WI,AGL,CE,Federal Contract Tower,0,3,18,0,21,0,3,87,0,90,0,6,105,0,111,90,0,90,201
04/20/2005,ENW,WI,AGL,CE,Federal Contract Tower,0,25,14,0,39,0,13,20,0,33,0,38,34,0,72,0,0,0,72
04/21/2005,ENW,WI,AGL,CE,Federal Contract Tower,0,17,19,0,36,0,8,115,0,123,0,25,134,0,159,102,0,102,261
04/22/2005,ENW,WI,AGL,CE,Federal Contract Tower,0,4,10,0,14,0,4,45,0,49,0,8,55,0,63,8,0,8,71
04/23/2005,ENW,WI,AGL,CE,Federal Contract Tower,0,1,3,0,4,0,4,26,0,30,0,5,29,0,34,10,0,10,44
04/24/2005,ENW,WI,AGL,CE,Federal Contract Tower,0,9,4,0,13,0,4,63,0,67,0,13,67,0,80,70,0,70,150
04/25/2005,ENW,WI,AGL,CE,Federal Contract Tower,0,4,20,0,24,0,0,95,0,95,0,4,115,0,119,76,0,76,195
04/26/2005,ENW,WI,AGL,CE,Federal Contract Tower,0,11,9,0,20,0,26,56,0,82,0,37,65,0,102,8,0,8,110
04/27/2005,ENW,WI,AGL,CE,Federal Contract Tower,0,2,19,0,21,0,10,73,0,83,0,12,92,0,104,86,0,86,190
04/28/2005,ENW,WI,AGL,CE,Federal Contract Tower,0,2,28,0,30,0,7,140,0,147,0,9,168,0,177,116,0,116,293
04/29/2005,ENW,WI,AGL,CE,Federal Contract Tower,0,6,14,0,20,0,1,85,0,86,0,7,99,0,106,144,0,144,250
04/30/2005,ENW,WI,AGL,CE,Federal Contract Tower,0,4,16,0,20,0,15,119,0,134,0,19,135,0,154,142,0,142,296
05/01/2005,ENW,WI,AGL,CE,Federal Contract Tower,0,12,12,0,24,0,3,93,0,96,0,15,105,0,120,30,0,30,150
05/02/2005,ENW,WI,AGL,CE,Federal Contract Tower,0,4,15,0,19,0,0,101,0,101,0,4,116,0,120,114,0,114,234
05/03/2005,ENW,WI,AGL,CE,Federal Contract Tower,0,4,18,0,22,0,0,78,2,80,0,4,96,2,102,124,0,124,226
05/04/2005,ENW,WI,AGL,CE,Federal Contract Tower,0,7,15,0,22,0,15,142,0,157,0,22,157,0,179,104,0,104,283
05/05/2005,ENW,WI,AGL,CE,Federal Contract Tower,0,9,38,0,47,0,20,177,2,199,0,29,215,2,246,98,0,98,344
05/06/2005,ENW,WI,AGL,CE,Federal Contract Tower,0,12,16,0,28,0,4,78,0,82,0,16,94,0,110,94,0,94,204
05/07/2005,ENW,WI,AGL,CE,Federal Contract Tower,0,4,32,0,36,0,1,126,0,127,0,5,158,0,163,180,0,180,343
05/08/2005,ENW,WI,AGL,CE,Federal Contract Tower,0,6,10,0,16,0,0,112,0,112,0,6,122,0,128,138,0,138,266
05/09/2005,ENW,WI,AGL,CE,Federal Contract Tower,0,6,16,0,22,0,0,17,0,17,0,6,33,0,39,46,0,46,85
05/10/2005,ENW,WI,AGL,CE,Federal Contract Tower,0,15,23,0,38,0,7,144,0,151,0,22,167,0,189,118,0,118,307
05/11/2005,ENW,WI,AGL,CE,Federal Contract Tower,0,8,6,0,14,0,0,21,0,21,0,8,27,0,35,0,0,0,35
05/12/2005,ENW,WI,AGL,CE,Federal Contract Tower,0,19,18,0,37,0,22,56,0,78,0,41,74,0,115,20,0,20,135
05/13/2005,ENW,WI,AGL,CE,Federal Contract Tower,0,11,10,0,21,0,1,20,0,21,0,12,30,0,42,20,0,20,62
05/14/2005,ENW,WI,AGL,CE,Federal Contract Tower,0,8,20,0,28,0,4,94,0,98,0,12,114,0,126,92,0,92,218
05/15/2005,ENW,WI,AGL,CE,Federal Contract Tower,0,5,5,0,10,0,9,111,0,120,0,14,116,0,130,208,0,208,338
05/16/2005,ENW,WI,AGL,CE,Federal Contract Tower,0,7,26,0,33,0,0,98,2,100,0,7,124,2,133,156,0,156,289
05/17/2005,ENW,WI,AGL,CE,Federal Contract Tower,0,5,20,1,26,0,6,134,3,143,0,11,154,4,169,130,22,152,321
05/18/2005,ENW,WI,AGL,CE,Federal Contract Tower,0,12,24,0,36,0,16,52,2,70,0,28,76,2,106,74,0,74,180
05/19/2005,ENW,WI,AGL,CE,Federal Contract Tower,0,7,19,0,26,0,1,10,0,11,0,8,29,0,37,2,0,2,39
05/20/2005,ENW,WI,AGL,CE,Federal Contract Tower,0,5,36,0,41,0,0,114,5,119,0,5,150,5,160,208,0,208,368
05/21/2005,ENW,WI,AGL,CE,Federal Contract Tower,0,7,9,0,16,0,0,196,0,196,0,7,205,0,212,174,0,174,386
05/22/2005,ENW,WI,AGL,CE,Federal Contract Tower,0,2,8,0,10,0,1,85,0,86,0,3,93,0,96,80,0,80,176
05/23/2005,ENW,WI,AGL,CE,Federal Contract Tower,0,12,20,0,32,0,9,101,0,110,0,21,121,0,142,104,0,104,246
05/24/2005,ENW,WI,AGL,CE,Federal Contract Tower,1,18,20,0,39,0,4,126,6,136,1,22,146,6,175,46,0,46,221
05/25/2005,ENW,WI,AGL,CE,Federal Contract Tower,0,19,12,0,31,0,6,134,0,140,0,25,146,0,171,50,0,50,221
05/26/2005,ENW,WI,AGL,CE,Federal Contract Tower,0,17,19,0,36,0,6,96,0,102,0,23,115,0,138,82,0,82,220
05/27/2005,ENW,WI,AGL,CE,Federal Contract Tower,0,17,29,0,46,0,13,86,0,99,0,30,115,0,145,106,0,106,251
05/28/2005,ENW,WI,AGL,CE,Federal Contract Tower,0,2,22,0,24,0,0,83,0,83,0,2,105,0,107,64,0,64,171
05/29/2005,ENW,WI,AGL,CE,Federal Contract Tower,0,0,10,0,10,0,0,105,0,105,0,0,115,0,115,190,0,190,305
05/30/2005,ENW,WI,AGL,CE,Federal Contract Tower,0,5,16,0,21,0,0,95,6,101,0,5,111,6,122,154,0,154,276
05/31/2005,ENW,WI,AGL,CE,Federal Contract Tower,0,10,17,0,27,0,17,118,2,137,0,27,135,2,164,114,0,114,278
06/01/2005,ENW,WI,AGL,CE,Federal Contract Tower,0,7,20,0,27,0,4,135,0,139,0,11,155,0,166,88,0,88,254
06/02/2005,ENW,WI,AGL,CE,Federal Contract Tower,0,17,21,0,38,0,4,116,2,122,0,21,137,2,160,38,0,38,198
06/03/2005,ENW,WI,AGL,CE,Federal Contract Tower,0,5,35,0,40,0,0,9,0,9,0,5,44,0,49,30,0,30,79
06/04/2005,ENW,WI,AGL,CE,Federal Contract Tower,0,4,26,0,30,0,2,59,0,61,0,6,85,0,91,88,0,88,179
06/05/2005,ENW,WI,AGL,CE,Federal Contract Tower,0,5,10,0,15,0,1,102,0,103,0,6,112,0,118,204,0,204,322
06/06/2005,ENW,WI,AGL,CE,Federal Contract Tower,0,6,14,0,20,0,0,69,0,69,0,6,83,0,89,94,0,94,183
06/07/2005,ENW,WI,AGL,CE,Federal Contract Tower,0,9,7,0,16,0,0,90,4,94,0,9,97,4,110,106,12,118,228
06/08/2005,ENW,WI,AGL,CE,Federal Contract Tower,0,10,10,0,20,0,2,89,2,93,0,12,99,2,113,94,0,94,207
06/09/2005,ENW,WI,AGL,CE,Federal Contract Tower,0,9,12,0,21,0,3,125,0,128,0,12,137,0,149,70,0,70,219
06/10/2005,ENW,WI,AGL,CE,Federal Contract Tower,0,12,20,0,32,0,11,112,0,123,0,23,132,0,155,96,0,96,251
06/11/2005,ENW,WI,AGL,CE,Federal Contract Tower,0,3,25,0,28,0,1,114,0,115,0,4,139,0,143,28,0,28,171
06/12/2005,ENW,WI,AGL,CE,Federal Contract Tower,0,6,24,0,30,0,0,117,0,117,0,6,141,0,147,176,0,176,323
06/13/2005,ENW,WI,AGL,CE,Federal Contract Tower,0,12,8,0,20,0,0,98,0,98,0,12,106,0,118,120,0,120,238
06/14/2005,ENW,WI,AGL,CE,Federal Contract Tower,0,3,13,0,16,0,4,99,0,103,0,7,112,0,119,74,0,74,193
06/15/2005,ENW,WI,AGL,CE,Federal Contract Tower,0,11,27,0,38,0,4,64,0,68,0,15,91,0,106,40,0,40,146
06/16/2005,ENW,WI,AGL,CE,Federal Contract Tower,0,4,32,0,36,0,16,138,3,157,0,20,170,3,193,120,30,150,343
06/17/2005,ENW,WI,AGL,CE,Federal Contract Tower,0,6,34,0,40,0,0,83,0,83,0,6,117,0,123,146,0,146,269
06/18/2005,ENW,WI,AGL,CE,Federal Contract Tower,0,5,27,0,32,0,0,212,0,212,0,5,239,0,244,242,0,242,486
06/19/2005,ENW,WI,AGL,CE,Federal Contract Tower,0,7,12,0,19,0,3,156,0,159,0,10,168,0,178,148,0,148,326
06/20/2005,ENW,WI,AGL,CE,Federal Contract Tower,0,6,30,0,36,0,0,110,0,110,0,6,140,0,146,92,0,92,238
06/21/2005,ENW,WI,AGL,CE,Federal Contract Tower,0,8,15,0,23,0,4,86,0,90,0,12,101,0,113,62,0,62,175
06/22/2005,ENW,WI,AGL,CE,Federal Contract Tower,0,15,19,0,34,0,3,165,0,168,0,18,184,0,202,64,0,64,266
06/23/2005,ENW,WI,AGL,CE,Federal Contract Tower,0,7,15,0,22,0,1,101,0,102,0,8,116,0,124,54,0,54,178
06/24/2005,ENW,WI,AGL,CE,Federal Contract Tower,0,7,31,0,38,0,0,70,2,72,0,7,101,2,110,100,0,100,210
06/25/2005,ENW,WI,AGL,CE,Federal Contract Tower,0,8,22,0,30,0,6,107,1,114,0,14,129,1,144,130,0,130,274
06/26/2005,ENW,WI,AGL,CE,Federal Contract Tower,0,8,24,0,32,0,1,130,0,131,0,9,154,0,163,126,0,126,289
06/27/2005,ENW,WI,AGL,CE,Federal Contract Tower,0,4,16,0,20,0,0,56,0,56,0,4,72,0,76,156,0,156,232
06/28/2005,ENW,WI,AGL,CE,Federal Contract Tower,0,4,12,0,16,0,0,75,4,79,0,4,87,4,95,126,0,126,221
06/29/2005,ENW,WI,AGL,CE,Federal Contract Tower,0,9,10,0,19,0,3,91,0,94,0,12,101,0,113,104,0,104,217
06/30/2005,ENW,WI,AGL,CE,Federal Contract Tower,0,10,13,0,23,0,9,93,2,104,0,19,106,2,127,46,0,46,173
07/01/2005,ENW,WI,AGL,CE,Federal Contract Tower,0,8,32,0,40,0,0,106,0,106,0,8,138,0,146,208,0,208,354
07/02/2005,ENW,WI,AGL,CE,Federal Contract Tower,0,2,30,0,32,0,0,173,0,173,0,2,203,0,205,162,0,162,367
07/03/2005,ENW,WI,AGL,CE,Federal Contract Tower,0,0,8,0,8,0,0,106,0,106,0,0,114,0,114,100,0,100,214
07/04/2005,ENW,WI,AGL,CE,Federal Contract Tower,0,4,7,0,11,0,0,46,0,46,0,4,53,0,57,74,0,74,131
07/05/2005,ENW,WI,AGL,CE,Federal Contract Tower,0,4,13,0,17,0,0,99,2,101,0,4,112,2,118,116,0,116,234
07/06/2005,ENW,WI,AGL,CE,Federal Contract Tower,0,3,28,0,31,0,1,83,0,84,0,4,111,0,115,130,0,130,245
07/07/2005,ENW,WI,AGL,CE,Federal Contract Tower,0,3,17,2,22,0,0,137,2,139,0,3,154,4,161,212,0,212,373
07/08/2005,ENW,WI,AGL,CE,Federal Contract Tower,0,4,23,0,27,0,3,120,0,123,0,7,143,0,150,156,0,156,306
07/09/2005,ENW,WI,AGL,CE,Federal Contract Tower,0,0,28,0,28,0,0,171,0,171,0,0,199,0,199,338,0,338,537
07/10/2005,ENW,WI,AGL,CE,Federal Contract Tower,0,4,15,0,19,0,0,180,0,180,0,4,195,0,199,206,0,206,405
07/11/2005,ENW,WI,AGL,CE,Federal Contract Tower,0,4,22,0,26,0,0,135,4,139,0,4,157,4,165,140,0,140,305
07/12/2005,ENW,WI,AGL,CE,Federal Contract Tower,0,9,10,0,19,0,2,73,4,79,0,11,83,4,98,26,0,26,124
07/13/2005,ENW,WI,AGL,CE,Federal Contract Tower,0,15,18,0,33,0,4,123,4,131,0,19,141,4,164,152,0,152,316
07/14/2005,ENW,WI,AGL,CE,Federal Contract Tower,0,6,15,0,21,0,7,97,4,108,0,13,112,4,129,60,0,60,189
07/15/2005,ENW,WI,AGL,CE,Federal Contract Tower,0,9,13,0,22,0,4,125,0,129,0,13,138,0,151,138,0,138,289
07/16/2005,ENW,WI,AGL,CE,Federal Contract Tower,0,3,15,0,18,0,3,121,0,124,0,6,136,0,142,248,0,248,390
07/17/2005,ENW,WI,AGL,CE,Federal Contract Tower,0,8,18,0,26,0,0,148,0,148,0,8,166,0,174,152,0,152,326
07/18/2005,ENW,WI,AGL,CE,Federal Contract Tower,0,4,16,0,20,0,0,106,2,108,0,4,122,2,128,120,0,120,248
07/19/2005,ENW,WI,AGL,CE,Federal Contract Tower,0,6,30,0,36,0,1,162,4,167,0,7,192,4,203,174,0,174,377
07/20/2005,ENW,WI,AGL,CE,Federal Contract Tower,0,4,16,0,20,0,4,97,2,103,0,8,113,2,123,90,0,90,213
07/21/2005,ENW,WI,AGL,CE,Federal Contract Tower,0,9,25,0,34,0,8,201,4,213,0,17,226,4,247,136,0,136,383
07/22/2005,ENW,WI,AGL,CE,Federal Contract Tower,0,19,0,0,19,0,0,306,2,308,0,19,306,2,327,250,0,250,577
07/23/2005,ENW,WI,AGL,CE,Federal Contract Tower,0,12,12,0,24,0,106,567,0,673,0,118,579,0,697,218,0,218,915
07/24/2005,ENW,WI,AGL,CE,Federal Contract Tower,0,4,12,0,16,0,3,466,0,469,0,7,478,0,485,254,0,254,739
07/25/2005,ENW,WI,AGL,CE,Federal Contract Tower,0,5,8,0,13,0,0,296,0,296,0,5,304,0,309,130,0,130,439
07/26/2005,ENW,WI,AGL,CE,Federal Contract Tower,0,10,6,0,16,0,0,95,0,95,0,10,101,0,111,14,0,14,125
07/27/2005,ENW,WI,AGL,CE,Federal Contract Tower,0,17,19,0,36,0,11,173,0,184,0,28,192,0,220,74,0,74,294
07/28/2005,ENW,WI,AGL,CE,Federal Contract Tower,0,10,10,0,20,0,10,166,0,176,0,20,176,0,196,140,0,140,336
07/29/2005,ENW,WI,AGL,CE,Federal Contract Tower,0,9,25,0,34,0,9,134,0,143,0,18,159,0,177,86,0,86,263
07/30/2005,ENW,WI,AGL,CE,Federal Contract Tower,0,5,15,0,20,0,4,120,0,124,0,9,135,0,144,168,0,168,312
07/31/2005,ENW,WI,AGL,CE,Federal Contract Tower,0,4,10,0,14,0,0,164,2,166,0,4,174,2,180,152,0,152,332
08/01/2005,ENW,WI,AGL,CE,Federal Contract Tower,0,5,19,0,24,0,0,112,0,112,0,5,131,0,136,84,0,84,220
08/02/2005,ENW,WI,AGL,CE,Federal Contract Tower,0,6,20,0,26,0,1,152,4,157,0,7,172,4,183,112,0,112,295
08/03/2005,ENW,WI,AGL,CE,Federal Contract Tower,0,20,13,0,33,0,6,47,0,53,0,26,60,0,86,58,0,58,144
08/04/2005,ENW,WI,AGL,CE,Federal Contract Tower,0,8,12,0,20,0,8,67,4,79,0,16,79,4,99,78,0,78,177
08/05/2005,ENW,WI,AGL,CE,Federal Contract Tower,0,9,15,0,24,0,0,131,0,131,0,9,146,0,155,218,0,218,373
08/06/2005,ENW,WI,AGL,CE,Federal Contract Tower,0,2,31,0,33,0,7,158,0,165,0,9,189,0,198,146,0,146,344
08/07/2005,ENW,WI,AGL,CE,Federal Contract Tower,0,3,10,0,13,0,0,147,0,147,0,3,157,0,160,286,0,286,446
08/08/2005,ENW,WI,AGL,CE,Federal Contract Tower,0,7,6,0,13,0,24,132,0,156,0,31,138,0,169,126,0,126,295
08/09/2005,ENW,WI,AGL,CE,Federal Contract Tower,0,14,12,0,26,0,12,117,0,129,0,26,129,0,155,88,0,88,243
08/10/2005,ENW,WI,AGL,CE,Federal Contract Tower,0,9,12,0,21,0,13,92,0,105,0,22,104,0,126,122,0,122,248
08/11/2005,ENW,WI,AGL,CE,Federal Contract Tower,0,21,21,0,42,0,14,51,1,66,0,35,72,1,108,20,0,20,128
08/12/2005,ENW,WI,AGL,CE,Federal Contract Tower,0,11,27,0,38,0,1,51,0,52,0,12,78,0,90,124,0,124,214
08/13/2005,ENW,WI,AGL,CE,Federal Contract Tower,0,2,30,0,32,0,7,85,0,92,0,9,115,0,124,188,0,188,312
08/14/2005,ENW,WI,AGL,CE,Federal Contract Tower,0,2,15,0,17,0,4,153,0,157,0,6,168,0,174,290,0,290,464
08/15/2005,ENW,WI,AGL,CE,Federal Contract Tower,0,8,15,0,23,0,0,85,2,87,0,8,100,2,110,122,0,122,232
08/16/2005,ENW,WI,AGL,CE,Federal Contract Tower,0,17,14,0,31,0,12,131,4,147,0,29,145,4,178,98,0,98,276
08/17/2005,ENW,WI,AGL,CE,Federal Contract Tower,0,13,25,0,38,0,4,137,2,143,0,17,162,2,181,118,0,118,299
08/18/2005,ENW,WI,AGL,CE,Federal Contract Tower,0,11,13,0,24,0,3,53,0,56,0,14,66,0,80,50,0,50,130
08/19/2005,ENW,WI,AGL,CE,Federal Contract Tower,0,12,38,0,50,0,11,74,0,85,0,23,112,0,135,138,0,138,273
08/20/2005,ENW,WI,AGL,CE,Federal Contract Tower,0,7,15,0,22,0,0,53,0,53,0,7,68,0,75,82,0,82,157
08/21/2005,ENW,WI,AGL,CE,Federal Contract Tower,0,6,20,0,26,0,2,121,0,123,0,8,141,0,149,186,0,186,335
08/22/2005,ENW,WI,AGL,CE,Federal Contract Tower,0,5,13,0,18,0,0,118,2,120,0,5,131,2,138,114,0,114,252
08/23/2005,ENW,WI,AGL,CE,Federal Contract Tower,0,7,14,0,21,0,13,178,4,195,0,20,192,4,216,104,0,104,320
08/24/2005,ENW,WI,AGL,CE,Federal Contract Tower,0,8,18,0,26,0,3,99,0,102,0,11,117,0,128,48,0,48,176
08/25/2005,ENW,WI,AGL,CE,Federal Contract Tower,0,7,17,0,24,0,9,136,0,145,0,16,153,0,169,178,0,178,347
08/26/2005,ENW,WI,AGL,CE,Federal Contract Tower,0,7,13,0,20,0,10,57,0,67,0,17,70,0,87,70,0,70,157
08/27/2005,ENW,WI,AGL,CE,Federal Contract Tower,0,1,16,0,17,0,0,83,0,83,0,1,99,0,100,146,2,148,248
08/28/2005,ENW,WI,AGL,CE,Federal Contract Tower,0,4,6,0,10,0,0,147,0,147,0,4,153,0,157,130,0,130,287
08/29/2005,ENW,WI,AGL,CE,Federal Contract Tower,0,2,20,0,22,0,0,78,4,82,0,2,98,4,104,126,0,126,230
08/30/2005,ENW,WI,AGL,CE,Federal Contract Tower,0,8,30,0,38,0,8,171,6,185,0,16,201,6,223,120,0,120,343
08/31/2005,ENW,WI,AGL,CE,Federal Contract Tower,0,12,23,0,35,0,7,157,0,164,0,19,180,0,199,196,0,196,395
09/01/2005,ENW,WI,AGL,CE,Federal Contract Tower,0,12,12,0,24,0,6,137,4,147,0,18,149,4,171,154,0,154,325
09/02/2005,ENW,WI,AGL,CE,Federal Contract Tower,0,4,26,0,30,0,1,127,0,128,0,5,153,0,158,112,0,112,270
09/03/2005,ENW,WI,AGL,CE,Federal Contract Tower,0,9,16,0,25,0,5,119,8,132,0,14,135,8,157,226,0,226,383
09/04/2005,ENW,WI,AGL,CE,Federal Contract Tower,0,9,8,0,17,0,0,94,2,96,0,9,102,2,113,116,0,116,229
09/05/2005,ENW,WI,AGL,CE,Federal Contract Tower,0,5,20,0,25,0,0,92,0,92,0,5,112,0,117,106,0,106,223
09/06/2005,ENW,WI,AGL,CE,Federal Contract Tower,0,8,11,0,19,0,1,138,2,141,0,9,149,2,160,132,0,132,292
09/07/2005,ENW,WI,AGL,CE,Federal Contract Tower,0,7,9,0,16,0,5,95,2,102,0,12,104,2,118,50,0,50,168
09/08/2005,ENW,WI,AGL,CE,Federal Contract Tower,0,11,20,0,31,0,4,66,0,70,0,15,86,0,101,80,0,80,181
09/09/2005,ENW,WI,AGL,CE,Federal Contract Tower,0,5,14,0,19,0,5,92,0,97,0,10,106,0,116,140,0,140,256
09/10/2005,ENW,WI,AGL,CE,Federal Contract Tower,0,3,31,0,34,0,0,116,2,118,0,3,147,2,152,200,0,200,352
09/11/2005,ENW,WI,AGL,CE,Federal Contract Tower,0,6,12,0,18,0,3,90,0,93,0,9,102,0,111,140,0,140,251
09/12/2005,ENW,WI,AGL,CE,Federal Contract Tower,0,6,14,0,20,0,11,88,0,99,0,17,102,0,119,58,0,58,177
09/13/2005,ENW,WI,AGL,CE,Federal Contract Tower,0,4,7,0,11,0,2,79,0,81,0,6,86,0,92,40,0,40,132
09/14/2005,ENW,WI,AGL,CE,Federal Contract Tower,0,7,21,0,28,0,2,117,0,119,0,9,138,0,147,146,0,146,293
09/15/2005,ENW,WI,AGL,CE,Federal Contract Tower,0,12,21,0,33,0,9,100,0,109,0,21,121,0,142,152,0,152,294
09/16/2005,ENW,WI,AGL,CE,Federal Contract Tower,0,8,16,0,24,0,10,69,0,79,0,18,85,0,103,140,0,140,243
09/17/2005,ENW,WI,AGL,CE,Federal Contract Tower,0,2,34,0,36,0,4,157,0,161,0,6,191,0,197,304,0,304,501
09/18/2005,ENW,WI,AGL,CE,Federal Contract Tower,0,8,20,0,28,0,1,108,0,109,0,9,128,0,137,100,0,100,237
09/19/2005,ENW,WI,AGL,CE,Federal Contract Tower,0,0,16,0,16,0,0,39,0,39,0,0,55,0,55,60,0,60,115
09/20/2005,ENW,WI,AGL,CE,Federal Contract Tower,0,5,14,0,19,0,1,114,0,115,0,6,128,0,134,166,0,166,300
09/21/2005,ENW,WI,AGL,CE,Federal Contract Tower,0,16,14,0,30,0,6,93,0,99,0,22,107,0,129,194,0,194,323
09/22/2005,ENW,WI,AGL,CE,Federal Contract Tower,0,6,10,0,16,0,3,21,0,24,0,9,31,0,40,88,0,88,128
09/23/2005,ENW,WI,AGL,CE,Federal Contract Tower,0,8,16,0,24,0,15,57,0,72,0,23,73,0,96,74,0,74,170
09/24/2005,ENW,WI,AGL,CE,Federal Contract Tower,0,2,26,0,28,0,7,73,2,82,0,9,99,2,110,164,0,164,274
09/25/2005,ENW,WI,AGL,CE,Federal Contract Tower,0,1,6,0,7,0,0,5,0,5,0,1,11,0,12,0,0,0,12
09/26/2005,ENW,WI,AGL,CE,Federal Contract Tower,0,4,15,0,19,0,0,66,0,66,0,4,81,0,85,68,0,68,153
09/27/2005,ENW,WI,AGL,CE,Federal Contract Tower,0,5,15,0,20,0,8,166,0,174,0,13,181,0,194,190,0,190,384
09/28/2005,ENW,WI,AGL,CE,Federal Contract Tower,0,3,7,0,10,0,0,38,0,38,0,3,45,0,48,90,0,90,138
09/29/2005,ENW,WI,AGL,CE,Federal Contract Tower,0,13,10,0,23,0,12,102,0,114,0,25,112,0,137,250,0,250,387
09/30/2005,ENW,WI,AGL,CE,Federal Contract Tower,0,5,30,0,35,0,0,91,0,91,0,5,121,0,126,158,0,158,284
10/01/2005,ENW,WI,AGL,CE,Federal Contract Tower,0,3,24,0,27,0,1,132,0,133,0,4,156,0,160,222,0,222,382
10/02/2005,ENW,WI,AGL,CE,Federal Contract Tower,0,2,18,0,20,0,0,73,0,73,0,2,91,0,93,130,0,130,223
10/03/2005,ENW,WI,AGL,CE,Federal Contract Tower,0,5,17,0,22,0,0,70,0,70,0,5,87,0,92,90,0,90,182
10/04/2005,ENW,WI,AGL,CE,Federal Contract Tower,0,6,16,0,22,0,0,87,4,91,0,6,103,4,113,214,0,214,327
10/05/2005,ENW,WI,AGL,CE,Federal Contract Tower,0,17,18,0,35,0,6,88,0,94,0,23,106,0,129,118,0,118,247
10/06/2005,ENW,WI,AGL,CE,Federal Contract Tower,0,13,15,0,28,0,12,99,2,113,0,25,114,2,141,226,0,226,367
10/07/2005,ENW,WI,AGL,CE,Federal Contract Tower,0,3,12,0,15,0,0,41,0,41,0,3,53,0,56,74,0,74,130
10/08/2005,ENW,WI,AGL,CE,Federal Contract Tower,0,1,33,0,34,0,3,96,0,99,0,4,129,0,133,192,0,192,325
10/09/2005,ENW,WI,AGL,CE,Federal Contract Tower,0,1,13,0,14,0,0,105,0,105,0,1,118,0,119,132,0,132,251
10/10/2005,ENW,WI,AGL,CE,Federal Contract Tower,0,5,16,0,21,0,8,88,0,96,0,13,104,0,117,168,0,168,285
10/11/2005,ENW,WI,AGL,CE,Federal Contract Tower,0,11,17,0,28,0,11,85,2,98,0,22,102,2,126,124,0,124,250
10/12/2005,ENW,WI,AGL,CE,Federal Contract Tower,0,15,21,0,36,0,8,41,0,49,0,23,62,0,85,18,0,18,103
10/13/2005,ENW,WI,AGL,CE,Federal Contract Tower,0,9,19,0,28,0,6,79,0,85,0,15,98,0,113,92,0,92,205
10/14/2005,ENW,WI,AGL,CE,Federal Contract Tower,0,6,16,0,22,0,2,97,0,99,0,8,113,0,121,156,0,156,277
10/15/2005,ENW,WI,AGL,CE,Federal Contract Tower,0,1,16,0,17,0,4,180,0,184,0,5,196,0,201,138,0,138,339
10/16/2005,ENW,WI,AGL,CE,Federal Contract Tower,0,4,4,0,8,0,4,143,0,147,0,8,147,0,155,174,0,174,329
10/17/2005,ENW,WI,AGL,CE,Federal Contract Tower,0,18,11,2,31,0,42,71,2,115,0,60,82,4,146,58,0,58,204
10/18/2005,ENW,WI,AGL,CE,Federal Contract Tower,0,7,9,0,16,0,2,119,0,121,0,9,128,0,137,234,0,234,371
10/19/2005,ENW,WI,AGL,CE,Federal Contract Tower,0,6,12,0,18,0,9,40,0,49,0,15,52,0,67,72,0,72,139
10/20/2005,ENW,WI,AGL,CE,Federal Contract Tower,0,19,9,0,28,0,7,85,0,92,0,26,94,0,120,136,0,136,256
10/21/2005,ENW,WI,AGL,CE,Federal Contract Tower,0,7,17,0,24,0,3,62,0,65,0,10,79,0,89,202,0,202,291
10/22/2005,ENW,WI,AGL,CE,Federal Contract Tower,0,2,18,5,25,0,0,36,5,41,0,2,54,10,66,104,0,104,170
10/23/2005,ENW,WI,AGL,CE,Federal Contract Tower,0,3,6,0,9,0,0,26,0,26,0,3,32,0,35,12,0,12,47
10/24/2005,ENW,WI,AGL,CE,Federal Contract Tower,0,8,12,0,20,0,0,53,2,55,0,8,65,2,75,10,0,10,85
10/25/2005,ENW,WI,AGL,CE,Federal Contract Tower,0,13,7,0,20,0,10,92,0,102,0,23,99,0,122,152,0,152,274
10/26/2005,ENW,WI,AGL,CE,Federal Contract Tower,0,7,22,0,29,0,0,82,0,82,0,7,104,0,111,146,0,146,257
10/27/2005,ENW,WI,AGL,CE,Federal Contract Tower,0,8,32,0,40,0,4,115,0,119,0,12,147,0,159,194,0,194,353
10/28/2005,ENW,WI,AGL,CE,Federal Contract Tower,0,3,28,0,31,0,5,78,0,83,0,8,106,0,114,212,0,212,326
10/29/2005,ENW,WI,AGL,CE,Federal Contract Tower,0,4,24,0,28,0,4,129,0,133,0,8,153,0,161,246,0,246,407
10/30/2005,ENW,WI,AGL,CE,Federal Contract Tower,0,0,15,0,15,0,4,86,0,90,0,4,101,0,105,160,0,160,265
10/31/2005,ENW,WI,AGL,CE,Federal Contract Tower,0,4,9,0,13,0,3,32,0,35,0,7,41,0,48,46,0,46,94
11/01/2005,ENW,WI,AGL,CE,Federal Contract Tower,0,4,15,0,19,0,4,79,2,85,0,8,94,2,104,178,0,178,282
11/02/2005,ENW,WI,AGL,CE,Federal Contract Tower,0,10,10,0,20,0,0,80,3,83,0,10,90,3,103,166,0,166,269
11/03/2005,ENW,WI,AGL,CE,Federal Contract Tower,0,9,16,0,25,0,10,102,0,112,0,19,118,0,137,256,0,256,393
11/04/2005,ENW,WI,AGL,CE,Federal Contract Tower,0,6,18,0,24,0,2,70,0,72,0,8,88,0,96,148,0,148,244
11/05/2005,ENW,WI,AGL,CE,Federal Contract Tower,0,4,20,2,26,0,0,36,0,36,0,4,56,2,62,92,0,92,154
11/06/2005,ENW,WI,AGL,CE,Federal Contract Tower,0,4,15,0,19,0,0,35,0,35,0,4,50,0,54,40,0,40,94
11/07/2005,ENW,WI,AGL,CE,Federal Contract Tower,0,2,8,0,10,0,0,66,0,66,0,2,74,0,76,108,0,108,184
11/08/2005,ENW,WI,AGL,CE,Federal Contract Tower,0,3,4,0,7,0,0,68,0,68,0,3,72,0,75,144,0,144,219
11/09/2005,ENW,WI,AGL,CE,Federal Contract Tower,0,2,1,0,3,0,0,14,0,14,0,2,15,0,17,28,0,28,45
11/10/2005,ENW,WI,AGL,CE,Federal Contract Tower,0,7,16,0,23,0,1,103,0,104,0,8,119,0,127,158,0,158,285
11/11/2005,ENW,WI,AGL,CE,Federal Contract Tower,0,2,17,0,19,0,0,102,0,102,0,2,119,0,121,72,0,72,193
11/12/2005,ENW,WI,AGL,CE,Federal Contract Tower,0,2,17,0,19,0,0,96,0,96,0,2,113,0,115,186,0,186,301
11/13/2005,ENW,WI,AGL,CE,Federal Contract Tower,0,3,2,0,5,0,0,8,0,8,0,3,10,0,13,4,0,4,17
11/14/2005,ENW,WI,AGL,CE,Federal Contract Tower,0,2,6,0,8,0,0,46,0,46,0,2,52,0,54,34,0,34,88
11/15/2005,ENW,WI,AGL,CE,Federal Contract Tower,0,10,4,0,14,0,0,2,0,2,0,10,6,0,16,20,0,20,36
11/16/2005,ENW,WI,AGL,CE,Federal Contract Tower,0,3,3,0,6,0,0,2,0,2,0,3,5,0,8,0,0,0,8
11/17/2005,ENW,WI,AGL,CE,Federal Contract Tower,0,5,15,0,20,0,1,97,0,98,0,6,112,0,118,144,0,144,262
11/18/2005,ENW,WI,AGL,CE,Federal Contract Tower,0,5,16,0,21,0,2,89,0,91,0,7,105,0,112,136,0,136,248
11/19/2005,ENW,WI,AGL,CE,Federal Contract Tower,0,6,30,0,36,0,0,116,0,116,0,6,146,0,152,200,0,200,352
11/20/2005,ENW,WI,AGL,CE,Federal Contract Tower,0,2,18,0,20,0,0,78,0,78,0,2,96,0,98,152,0,152,250
11/21/2005,ENW,WI,AGL,CE,Federal Contract Tower,0,4,9,0,13,0,1,62,0,63,0,5,71,0,76,50,0,50,126
11/22/2005,ENW,WI,AGL,CE,Federal Contract Tower,0,7,6,0,13,0,4,96,0,100,0,11,102,0,113,126,0,126,239
11/23/2005,ENW,WI,AGL,CE,Federal Contract Tower,0,11,5,0,16,0,5,3,0,8,0,16,8,0,24,58,0,58,82
11/24/2005,ENW,WI,AGL,CE,Federal Contract Tower,0,0,2,0,2,0,0,3,0,3,0,0,5,0,5,0,0,0,5
11/25/2005,ENW,WI,AGL,CE,Federal Contract Tower,0,3,19,0,22,0,0,35,0,35,0,3,54,0,57,42,0,42,99
11/26/2005,ENW,WI,AGL,CE,Federal Contract Tower,0,2,15,0,17,0,0,122,0,122,0,2,137,0,139,208,0,208,347
11/27/2005,ENW,WI,AGL,CE,Federal Contract Tower,0,8,6,0,14,0,0,4,0,4,0,8,10,0,18,54,0,54,72
11/28/2005,ENW,WI,AGL,CE,Federal Contract Tower,0,4,4,0,8,0,0,9,0,9,0,4,13,0,17,6,0,6,23
11/29/2005,ENW,WI,AGL,CE,Federal Contract Tower,0,8,5,0,13,0,1,32,0,33,0,9,37,0,46,46,0,46,92
11/30/2005,ENW,WI,AGL,CE,Federal Contract Tower,0,12,8,0,20,0,3,67,0,70,0,15,75,0,90,168,0,168,258
12/01/2005,ENW,WI,AGL,CE,Federal Contract Tower,0,5,14,0,19,0,1,32,0,33,0,6,46,0,52,50,0,50,102
12/02/2005,ENW,WI,AGL,CE,Federal Contract Tower,0,2,20,0,22,0,5,71,0,76,0,7,91,0,98,140,0,140,238
12/03/2005,ENW,WI,AGL,CE,Federal Contract Tower,0,4,12,0,16,0,0,55,0,55,0,4,67,0,71,142,0,142,213
12/04/2005,ENW,WI,AGL,CE,Federal Contract Tower,0,2,13,0,15,0,0,51,0,51,0,2,64,0,66,124,0,124,190
12/05/2005,ENW,WI,AGL,CE,Federal Contract Tower,0,6,5,0,11,0,0,68,0,68,0,6,73,0,79,64,0,64,143
12/06/2005,ENW,WI,AGL,CE,Federal Contract Tower,0,4,18,0,22,0,5,53,0,58,0,9,71,0,80,46,0,46,126
12/07/2005,ENW,WI,AGL,CE,Federal Contract Tower,0,3,16,0,19,0,0,54,0,54,0,3,70,0,73,36,0,36,109
12/08/2005,ENW,WI,AGL,CE,Federal Contract Tower,0,7,5,0,12,0,2,7,0,9,0,9,12,0,21,18,0,18,39
12/09/2005,ENW,WI,AGL,CE,Federal Contract Tower,0,4,8,0,12,0,4,58,0,62,0,8,66,0,74,54,0,54,128
12/10/2005,ENW,WI,AGL,CE,Federal Contract Tower,0,4,9,0,13,0,0,30,0,30,0,4,39,0,43,42,0,42,85
12/11/2005,ENW,WI,AGL,CE,Federal Contract Tower,0,6,3,0,9,0,0,46,0,46,0,6,49,0,55,114,0,114,169
12/12/2005,ENW,WI,AGL,CE,Federal Contract Tower,0,6,9,0,15,0,3,66,0,69,0,9,75,0,84,42,0,42,126
12/13/2005,ENW,WI,AGL,CE,Federal Contract Tower,0,6,7,0,13,0,1,38,0,39,0,7,45,0,52,52,0,52,104
12/14/2005,ENW,WI,AGL,CE,Federal Contract Tower,0,3,0,0,3,0,0,0,0,0,0,3,0,0,3,0,0,0,3
12/15/2005,ENW,WI,AGL,CE,Federal Contract Tower,0,12,2,0,14,0,3,11,0,14,0,15,13,0,28,84,0,84,112
12/16/2005,ENW,WI,AGL,CE,Federal Contract Tower,0,6,12,2,20,0,4,3,0,7,0,10,15,2,27,6,0,6,33
12/17/2005,ENW,WI,AGL,CE,Federal Contract Tower,0,1,18,0,19,0,3,84,0,87,0,4,102,0,106,143,0,143,249
12/18/2005,ENW,WI,AGL,CE,Federal Contract Tower,0,6,5,0,11,0,0,72,0,72,0,6,77,0,83,122,0,122,205
12/19/2005,ENW,WI,AGL,CE,Federal Contract Tower,0,5,5,0,10,0,5,46,0,51,0,10,51,0,61,50,0,50,111
12/20/2005,ENW,WI,AGL,CE,Federal Contract Tower,0,2,11,0,13,0,4,81,0,85,0,6,92,0,98,120,0,120,218
12/21/2005,ENW,WI,AGL,CE,Federal Contract Tower,0,8,11,0,19,0,1,0,0,1,0,9,11,0,20,28,0,28,48
12/22/2005,ENW,WI,AGL,CE,Federal Contract Tower,0,11,14,0,25,0,1,70,0,71,0,12,84,0,96,48,0,48,144
12/23/2005,ENW,WI,AGL,CE,Federal Contract Tower,0,1,14,0,15,0,5,73,0,78,0,6,87,0,93,118,0,118,211
12/24/2005,ENW,WI,AGL,CE,Federal Contract Tower,0,0,8,0,8,0,0,3,0,3,0,0,11,0,11,4,0,4,15
12/25/2005,ENW,WI,AGL,CE,Federal Contract Tower,0,0,3,0,3,0,1,1,0,2,0,1,4,0,5,0,0,0,5
12/26/2005,ENW,WI,AGL,CE,Federal Contract Tower,0,4,7,0,11,0,0,28,0,28,0,4,35,0,39,58,0,58,97
12/27/2005,ENW,WI,AGL,CE,Federal Contract Tower,0,1,13,0,14,0,0,6,0,6,0,1,19,0,20,56,0,56,76
12/28/2005,ENW,WI,AGL,CE,Federal Contract Tower,0,5,2,0,7,0,0,12,0,12,0,5,14,0,19,60,0,60,79
12/29/2005,ENW,WI,AGL,CE,Federal Contract Tower,0,7,8,0,15,0,4,94,0,98,0,11,102,0,113,136,0,136,249
12/30/2005,ENW,WI,AGL,CE,Federal Contract Tower,0,1,3,0,4,0,0,8,0,8,0,1,11,0,12,32,0,32,44
12/31/2005,ENW,WI,AGL,CE,Federal Contract Tower,0,3,1,0,4,0,0,24,0,24,0,3,25,0,28,6,0,6,34
01/01/2006,ENW,WI,AGL,CE,Federal Contract Tower,0,3,16,0,19,0,0,48,0,48,0,3,64,0,67,68,0,68,135
01/02/2006,ENW,WI,AGL,CE,Federal Contract Tower,0,17,2,0,19,0,0,0,0,0,0,17,2,0,19,0,0,0,19
01/03/2006,ENW,WI,AGL,CE,Federal Contract Tower,0,11,7,0,18,0,3,2,0,5,0,14,9,0,23,0,0,0,23
01/04/2006,ENW,WI,AGL,CE,Federal Contract Tower,0,4,9,0,13,0,0,9,0,9,0,4,18,0,22,6,0,6,28
01/05/2006,ENW,WI,AGL,CE,Federal Contract Tower,0,6,2,0,8,0,8,27,0,35,0,14,29,0,43,54,0,54,97
01/06/2006,ENW,WI,AGL,CE,Federal Contract Tower,0,4,16,0,20,0,9,51,0,60,0,13,67,0,80,116,0,116,196
01/07/2006,ENW,WI,AGL,CE,Federal Contract Tower,0,3,32,0,35,0,0,96,0,96,0,3,128,0,131,168,0,168,299
01/08/2006,ENW,WI,AGL,CE,Federal Contract Tower,0,7,18,0,25,0,5,73,0,78,0,12,91,0,103,90,0,90,193
01/09/2006,ENW,WI,AGL,CE,Federal Contract Tower,0,3,7,0,10,0,2,28,0,30,0,5,35,0,40,26,0,26,66
01/10/2006,ENW,WI,AGL,CE,Federal Contract Tower,0,6,19,0,25,0,1,77,0,78,0,7,96,0,103,166,0,166,269
01/11/2006,ENW,WI,AGL,CE,Federal Contract Tower,0,2,23,0,25,0,3,11,0,14,0,5,34,0,39,18,0,18,57
01/12/2006,ENW,WI,AGL,CE,Federal Contract Tower,0,10,23,0,33,0,12,143,0,155,0,22,166,0,188,208,0,208,396
01/13/2006,ENW,WI,AGL,CE,Federal Contract Tower,0,3,3,0,6,0,2,4,0,6,0,5,7,0,12,0,0,0,12
01/14/2006,ENW,WI,AGL,CE,Federal Contract Tower,0,1,26,0,27,0,0,105,0,105,0,1,131,0,132,154,0,154,286
01/15/2006,ENW,WI,AGL,CE,Federal Contract Tower,0,3,18,0,21,0,0,91,0,91,0,3,109,0,112,50,0,50,162
01/16/2006,ENW,WI,AGL,CE,Federal Contract Tower,0,10,17,0,27,0,7,73,0,80,0,17,90,0,107,78,0,78,185
01/17/2006,ENW,WI,AGL,CE,Federal Contract Tower,0,5,6,0,11,0,1,19,0,20,0,6,25,0,31,0,0,0,31
01/18/2006,ENW,WI,AGL,CE,Federal Contract Tower,0,4,27,0,31,0,9,83,0,92,0,13,110,0,123,172,0,172,295
01/19/2006,ENW,WI,AGL,CE,Federal Contract Tower,0,3,19,0,22,0,3,142,2,147,0,6,161,2,169,58,0,58,227
01/20/2006,ENW,WI,AGL,CE,Federal Contract Tower,0,4,8,0,12,0,1,1,0,2,0,5,9,0,14,6,0,6,20
01/21/2006,ENW,WI,AGL,CE,Federal Contract Tower,0,3,17,0,20,0,0,58,0,58,0,3,75,0,78,164,0,164,242
01/22/2006,ENW,WI,AGL,CE,Federal Contract Tower,0,5,10,0,15,0,0,36,0,36,0,5,46,0,51,36,0,36,87
01/23/2006,ENW,WI,AGL,CE,Federal Contract Tower,0,8,17,0,25,0,10,62,0,72,0,18,79,0,97,76,0,76,173
01/24/2006,ENW,WI,AGL,CE,Federal Contract Tower,0,7,4,0,11,0,0,11,0,11,0,7,15,0,22,38,0,38,60
01/25/2006,ENW,WI,AGL,CE,Federal Contract Tower,0,4,14,0,18,0,0,85,0,85,0,4,99,0,103,88,0,88,191
01/26/2006,ENW,WI,AGL,CE,Federal Contract Tower,0,9,15,0,24,0,0,133,0,133,0,9,148,0,157,140,0,140,297
01/27/2006,ENW,WI,AGL,CE,Federal Contract Tower,0,5,18,0,23,0,1,45,0,46,0,6,63,0,69,98,0,98,167
01/28/2006,ENW,WI,AGL,CE,Federal Contract Tower,0,0,17,0,17,0,0,74,0,74,0,0,91,0,91,178,0,178,269
01/29/2006,ENW,WI,AGL,CE,Federal Contract Tower,0,1,8,0,9,0,0,5,0,5,0,1,13,0,14,2,0,2,16
01/30/2006,ENW,WI,AGL,CE,Federal Contract Tower,0,8,2,0,10,0,0,11,0,11,0,8,13,0,21,0,0,0,21
01/31/2006,ENW,WI,AGL,CE,Federal Contract Tower,0,6,13,0,19,0,4,64,0,68,0,10,77,0,87,60,0,60,147
02/01/2006,ENW,WI,AGL,CE,Federal Contract Tower,0,6,5,0,11,0,1,42,0,43,0,7,47,0,54,18,0,18,72
02/02/2006,ENW,WI,AGL,CE,Federal Contract Tower,0,7,14,0,21,0,20,82,0,102,0,27,96,0,123,96,0,96,219
02/03/2006,ENW,WI,AGL,CE,Federal Contract Tower,0,3,3,0,6,0,0,11,0,11,0,3,14,0,17,8,0,8,25
02/04/2006,ENW,WI,AGL,CE,Federal Contract Tower,0,2,9,0,11,0,1,22,0,23,0,3,31,0,34,72,0,72,106
02/05/2006,ENW,WI,AGL,CE,Federal Contract Tower,0,6,16,0,22,0,0,98,0,98,0,6,114,0,120,138,0,138,258
02/06/2006,ENW,WI,AGL,CE,Federal Contract Tower,0,5,3,0,8,0,3,27,0,30,0,8,30,0,38,44,0,44,82
02/07/2006,ENW,WI,AGL,CE,Federal Contract Tower,0,1,25,0,26,0,0,95,0,95,0,1,120,0,121,66,0,66,187
02/08/2006,ENW,WI,AGL,CE,Federal Contract Tower,0,1,14,0,15,0,2,17,0,19,0,3,31,0,34,0,0,0,34
02/09/2006,ENW,WI,AGL,CE,Federal Contract Tower,0,8,5,0,13,0,2,47,0,49,0,10,52,0,62,44,0,44,106
02/10/2006,ENW,WI,AGL,CE,Federal Contract Tower,0,0,16,0,16,0,11,10,0,21,0,11,26,0,37,30,0,30,67
02/11/2006,ENW,WI,AGL,CE,Federal Contract Tower,0,1,5,0,6,0,0,20,0,20,0,1,25,0,26,118,0,118,144
02/12/2006,ENW,WI,AGL,CE,Federal Contract Tower,0,6,5,0,11,0,4,70,0,74,0,10,75,0,85,122,0,122,207
02/13/2006,ENW,WI,AGL,CE,Federal Contract Tower,0,6,3,0,9,0,9,46,0,55,0,15,49,0,64,32,0,32,96
02/14/2006,ENW,WI,AGL,CE,Federal Contract Tower,0,10,13,0,23,0,1,97,0,98,0,11,110,0,121,144,0,144,265
02/15/2006,ENW,WI,AGL,CE,Federal Contract Tower,0,8,17,0,25,0,3,92,0,95,0,11,109,0,120,56,0,56,176
02/16/2006,ENW,WI,AGL,CE,Federal Contract Tower,0,1,1,0,2,0,0,0,0,0,0,1,1,0,2,0,0,0,2
02/17/2006,ENW,WI,AGL,CE,Federal Contract Tower,0,15,3,0,18,0,0,56,0,56,0,15,59,0,74,48,0,48,122
02/18/2006,ENW,WI,AGL,CE,Federal Contract Tower,0,3,5,0,8,0,1,32,0,33,0,4,37,0,41,68,0,68,109
02/19/2006,ENW,WI,AGL,CE,Federal Contract Tower,0,4,12,0,16,0,2,61,0,63,0,6,73,0,79,70,0,70,149
02/20/2006,ENW,WI,AGL,CE,Federal Contract Tower,0,6,3,0,9,0,1,28,0,29,0,7,31,0,38,52,0,52,90
02/21/2006,ENW,WI,AGL,CE,Federal Contract Tower,0,14,18,0,32,0,9,117,0,126,0,23,135,0,158,134,0,134,292
02/22/2006,ENW,WI,AGL,CE,Federal Contract Tower,0,17,14,0,31,0,15,79,0,94,0,32,93,0,125,62,0,62,187
02/23/2006,ENW,WI,AGL,CE,Federal Contract Tower,0,10,7,0,17,0,0,83,0,83,0,10,90,0,100,116,0,116,216
02/24/2006,ENW,WI,AGL,CE,Federal Contract Tower,0,5,19,0,24,0,6,43,0,49,0,11,62,0,73,60,0,60,133
02/25/2006,ENW,WI,AGL,CE,Federal Contract Tower,0,5,16,0,21,0,0,62,0,62,0,5,78,0,83,104,0,104,187
02/26/2006,ENW,WI,AGL,CE,Federal Contract Tower,0,2,13,0,15,0,0,112,0,112,0,2,125,0,127,164,0,164,291
02/27/2006,ENW,WI,AGL,CE,Federal Contract Tower,0,7,5,0,12,0,0,32,0,32,0,7,37,0,44,40,0,40,84
02/28/2006,ENW,WI,AGL,CE,Federal Contract Tower,0,10,12,0,22,0,2,76,0,78,0,12,88,0,100,120,0,120,220
03/01/2006,ENW,WI,AGL,CE,Federal Contract Tower,0,14,9,0,23,0,13,60,0,73,0,27,69,0,96,80,0,80,176
03/02/2006,ENW,WI,AGL,CE,Federal Contract Tower,0,7,4,0,11,0,6,29,0,35,0,13,33,0,46,68,0,68,114
03/03/2006,ENW,WI,AGL,CE,Federal Contract Tower,0,7,16,0,23,0,4,87,0,91,0,11,103,0,114,118,0,118,232
03/04/2006,ENW,WI,AGL,CE,Federal Contract Tower,0,1,26,0,27,0,7,141,2,150,0,8,167,2,177,186,4,190,367
03/05/2006,ENW,WI,AGL,CE,Federal Contract Tower,0,8,3,0,11,0,0,23,0,23,0,8,26,0,34,72,0,72,106
03/06/2006,ENW,WI,AGL,CE,Federal Contract Tower,0,13,2,0,15,0,2,7,0,9,0,15,9,0,24,0,0,0,24
03/07/2006,ENW,WI,AGL,CE,Federal Contract Tower,0,6,20,0,26,0,0,113,0,113,0,6,133,0,139,96,0,96,235
03/08/2006,ENW,WI,AGL,CE,Federal Contract Tower,0,6,13,0,19,0,0,40,0,40,0,6,53,0,59,56,0,56,115
03/09/2006,ENW,WI,AGL,CE,Federal Contract Tower,0,4,2,0,6,0,0,1,0,1,0,4,3,0,7,30,0,30,37
03/10/2006,ENW,WI,AGL,CE,Federal Contract Tower,0,7,19,0,26,0,4,71,0,75,0,11,90,0,101,124,0,124,225
03/11/2006,ENW,WI,AGL,CE,Federal Contract Tower,0,4,12,0,16,0,0,67,0,67,0,4,79,0,83,70,0,70,153
03/12/2006,ENW,WI,AGL,CE,Federal Contract Tower,0,4,17,0,21,0,3,96,0,99,0,7,113,0,120,212,0,212,332
03/13/2006,ENW,WI,AGL,CE,Federal Contract Tower,0,7,3,0,10,0,0,8,0,8,0,7,11,0,18,0,0,0,18
03/14/2006,ENW,WI,AGL,CE,Federal Contract Tower,0,7,8,0,15,0,0,27,0,27,0,7,35,0,42,26,0,26,68
03/15/2006,ENW,WI,AGL,CE,Federal Contract Tower,0,6,21,0,27,0,0,108,0,108,0,6,129,0,135,130,0,130,265
03/16/2006,ENW,WI,AGL,CE,Federal Contract Tower,0,16,4,0,20,0,0,2,0,2,0,16,6,0,22,0,0,0,22
03/17/2006,ENW,WI,AGL,CE,Federal Contract Tower,0,4,21,0,25,0,1,76,0,77,0,5,97,0,102,102,0,102,204
03/18/2006,ENW,WI,AGL,CE,Federal Contract Tower,0,2,21,0,23,0,0,200,0,200,0,2,221,0,223,140,0,140,363
03/19/2006,ENW,WI,AGL,CE,Federal Contract Tower,0,8,20,0,28,0,0,159,0,159,0,8,179,0,187,270,0,270,457
03/20/2006,ENW,WI,AGL,CE,Federal Contract Tower,0,10,9,0,19,0,1,44,0,45,0,11,53,0,64,110,0,110,174
03/21/2006,ENW,WI,AGL,CE,Federal Contract Tower,0,2,10,0,12,0,0,26,0,26,0,2,36,0,38,54,0,54,92
03/22/2006,ENW,WI,AGL,CE,Federal Contract Tower,0,10,17,0,27,0,11,95,0,106,0,21,112,0,133,92,0,92,225
03/23/2006,ENW,WI,AGL,CE,Federal Contract Tower,0,15,15,0,30,0,0,83,0,83,0,15,98,0,113,104,0,104,217
03/24/2006,ENW,WI,AGL,CE,Federal Contract Tower,0,5,11,0,16,0,2,35,0,37,0,7,46,0,53,122,0,122,175
03/25/2006,ENW,WI,AGL,CE,Federal Contract Tower,0,3,20,0,23,0,0,62,0,62,0,3,82,0,85,160,0,160,245
03/26/2006,ENW,WI,AGL,CE,Federal Contract Tower,0,2,16,0,18,0,1,130,0,131,0,3,146,0,149,212,0,212,361
03/27/2006,ENW,WI,AGL,CE,Federal Contract Tower,0,2,6,0,8,0,2,59,0,61,0,4,65,0,69,88,0,88,157
03/28/2006,ENW,WI,AGL,CE,Federal Contract Tower,0,8,16,0,24,0,2,50,0,52,0,10,66,0,76,76,0,76,152
03/29/2006,ENW,WI,AGL,CE,Federal Contract Tower,0,6,26,0,32,0,0,65,0,65,0,6,91,0,97,104,0,104,201
03/30/2006,ENW,WI,AGL,CE,Federal Contract Tower,0,6,8,0,14,0,0,78,0,78,0,6,86,0,92,196,0,196,288
03/31/2006,ENW,WI,AGL,CE,Federal Contract Tower,0,2,8,0,10,0,0,5,0,5,0,2,13,0,15,2,0,2,17
04/01/2006,ENW,WI,AGL,CE,Federal Contract Tower,0,7,30,0,37,0,0,75,0,75,0,7,105,0,112,204,0,204,316
04/02/2006,ENW,WI,AGL,CE,Federal Contract Tower,0,4,2,0,6,0,0,6,0,6,0,4,8,0,12,4,0,4,16
04/03/2006,ENW,WI,AGL,CE,Federal Contract Tower,0,5,9,0,14,0,2,19,0,21,0,7,28,0,35,20,0,20,55
04/04/2006,ENW,WI,AGL,CE,Federal Contract Tower,0,5,22,0,27,0,2,108,0,110,0,7,130,0,137,62,0,62,199
04/05/2006,ENW,WI,AGL,CE,Federal Contract Tower,0,7,14,0,21,0,4,105,0,109,0,11,119,0,130,80,0,80,210
04/06/2006,ENW,WI,AGL,CE,Federal Contract Tower,0,9,17,0,26,0,0,83,0,83,0,9,100,0,109,86,0,86,195
04/07/2006,ENW,WI,AGL,CE,Federal Contract Tower,0,7,10,0,17,0,0,7,0,7,0,7,17,0,24,66,0,66,90
04/08/2006,ENW,WI,AGL,CE,Federal Contract Tower,0,4,32,0,36,0,0,79,0,79,0,4,111,0,115,206,0,206,321
04/09/2006,ENW,WI,AGL,CE,Federal Contract Tower,0,4,12,0,16,0,0,161,0,161,0,4,173,0,177,266,0,266,443
04/10/2006,ENW,WI,AGL,CE,Federal Contract Tower,0,13,16,0,29,0,1,105,0,106,0,14,121,0,135,132,0,132,267
04/11/2006,ENW,WI,AGL,CE,Federal Contract Tower,0,12,7,0,19,0,4,76,0,80,0,16,83,0,99,92,0,92,191
04/12/2006,ENW,WI,AGL,CE,Federal Contract Tower,0,10,18,0,28,0,8,37,0,45,0,18,55,0,73,34,0,34,107
04/13/2006,ENW,WI,AGL,CE,Federal Contract Tower,0,9,20,0,29,0,2,118,0,120,0,11,138,0,149,254,0,254,403
04/14/2006,ENW,WI,AGL,CE,Federal Contract Tower,0,7,11,0,18,0,4,74,3,81,0,11,85,3,99,78,2,80,179
04/15/2006,ENW,WI,AGL,CE,Federal Contract Tower,0,0,27,0,27,0,0,138,0,138,0,0,165,0,165,130,0,130,295
04/16/2006,ENW,WI,AGL,CE,Federal Contract Tower,0,2,6,0,8,0,1,13,0,14,0,3,19,0,22,14,0,14,36
04/17/2006,ENW,WI,AGL,CE,Federal Contract Tower,0,1,12,0,13,0,3,77,0,80,0,4,89,0,93,160,0,160,253
04/18/2006,ENW,WI,AGL,CE,Federal Contract Tower,0,11,22,0,33,0,0,146,0,146,0,11,168,0,179,178,0,178,357
04/19/2006,ENW,WI,AGL,CE,Federal Contract Tower,0,2,21,0,23,0,0,75,2,77,0,2,96,2,100,74,0,74,174
04/20/2006,ENW,WI,AGL,CE,Federal Contract Tower,0,9,19,0,28,0,3,98,2,103,0,12,117,2,131,124,0,124,255
04/21/2006,ENW,WI,AGL,CE,Federal Contract Tower,0,8,16,0,24,0,5,92,0,97,0,13,108,0,121,172,0,172,293
04/22/2006,ENW,WI,AGL,CE,Federal Contract Tower,0,3,18,0,21,0,4,101,0,105,0,7,119,0,126,206,0,206,332
04/23/2006,ENW,WI,AGL,CE,Federal Contract Tower,0,4,8,0,12,0,0,86,0,86,0,4,94,0,98,72,0,72,170
04/24/2006,ENW,WI,AGL,CE,Federal Contract Tower,0,10,14,0,24,0,2,94,0,96,0,12,108,0,120,122,0,122,242
04/25/2006,ENW,WI,AGL,CE,Federal Contract Tower,0,9,20,0,29,0,0,60,0,60,0,9,80,0,89,16,0,16,105
04/26/2006,ENW,WI,AGL,CE,Federal Contract Tower,0,8,18,0,26,0,9,109,2,120,0,17,127,2,146,82,0,82,228
04/27/2006,ENW,WI,AGL,CE,Federal Contract Tower,0,7,31,0,38,0,1,106,0,107,0,8,137,0,145,96,0,96,241
04/28/2006,ENW,WI,AGL,CE,Federal Contract Tower,0,4,12,0,16,0,2,85,0,87,0,6,97,0,103,102,0,102,205
04/29/2006,ENW,WI,AGL,CE,Federal Contract Tower,0,3,24,0,27,0,0,93,0,93,0,3,117,0,120,92,0,92,212
04/30/2006,ENW,WI,AGL,CE,Federal Contract Tower,0,2,4,0,6,0,0,17,0,17,0,2,21,0,23,0,0,0,23
05/01/2006,ENW,WI,AGL,CE,Federal Contract Tower,0,4,9,0,13,0,0,23,0,23,0,4,32,0,36,44,0,44,80
05/02/2006,ENW,WI,AGL,CE,Federal Contract Tower,0,5,27,0,32,0,0,97,0,97,0,5,124,0,129,88,0,88,217
05/03/2006,ENW,WI,AGL,CE,Federal Contract Tower,0,8,21,0,29,0,3,120,0,123,0,11,141,0,152,48,0,48,200
05/04/2006,ENW,WI,AGL,CE,Federal Contract Tower,0,9,21,0,30,0,0,151,0,151,0,9,172,0,181,74,0,74,255
05/05/2006,ENW,WI,AGL,CE,Federal Contract Tower,0,4,16,0,20,0,7,94,0,101,0,11,110,0,121,68,0,68,189
05/06/2006,ENW,WI,AGL,CE,Federal Contract Tower,0,0,30,0,30,0,4,161,0,165,0,4,191,0,195,136,0,136,331
05/07/2006,ENW,WI,AGL,CE,Federal Contract Tower,0,1,24,0,25,0,0,158,0,158,0,1,182,0,183,182,0,182,365
05/08/2006,ENW,WI,AGL,CE,Federal Contract Tower,0,4,11,0,15,0,4,87,4,95,0,8,98,4,110,136,0,136,246
05/09/2006,ENW,WI,AGL,CE,Federal Contract Tower,0,6,4,0,10,0,0,55,0,55,0,6,59,0,65,56,0,56,121
05/10/2006,ENW,WI,AGL,CE,Federal Contract Tower,0,2,16,0,18,0,0,82,0,82,0,2,98,0,100,86,0,86,186
05/11/2006,ENW,WI,AGL,CE,Federal Contract Tower,0,12,5,0,17,0,0,12,0,12,0,12,17,0,29,0,0,0,29
05/12/2006,ENW,WI,AGL,CE,Federal Contract Tower,0,5,19,0,24,0,0,38,0,38,0,5,57,0,62,42,0,42,104
05/13/2006,ENW,WI,AGL,CE,Federal Contract Tower,0,7,35,0,42,0,1,12,0,13,0,8,47,0,55,0,0,0,55
05/14/2006,ENW,WI,AGL,CE,Federal Contract Tower,0,5,15,0,20,0,0,37,0,37,0,5,52,0,57,16,0,16,73
05/15/2006,ENW,WI,AGL,CE,Federal Contract Tower,0,3,18,0,21,0,2,40,0,42,0,5,58,0,63,8,0,8,71
05/16/2006,ENW,WI,AGL,CE,Federal Contract Tower,0,11,19,0,30,0,0,72,0,72,0,11,91,0,102,104,0,104,206
05/17/2006,ENW,WI,AGL,CE,Federal Contract Tower,0,5,8,0,13,0,11,72,0,83,0,16,80,0,96,46,0,46,142
05/18/2006,ENW,WI,AGL,CE,Federal Contract Tower,0,15,7,0,22,0,7,98,2,107,0,22,105,2,129,88,4,92,221
05/19/2006,ENW,WI,AGL,CE,Federal Contract Tower,0,12,21,0,33,0,0,131,0,131,0,12,152,0,164,210,0,210,374
05/20/2006,ENW,WI,AGL,CE,Federal Contract Tower,0,4,12,2,18,0,3,156,17,176,0,7,168,19,194,182,0,182,376
05/21/2006,ENW,WI,AGL,CE,Federal Contract Tower,0,1,12,0,13,1,0,125,0,126,1,1,137,0,139,152,0,152,291
05/22/2006,ENW,WI,AGL,CE,Federal Contract Tower,0,4,12,0,16,0,5,86,0,91,0,9,98,0,107,120,0,120,227
05/23/2006,ENW,WI,AGL,CE,Federal Contract Tower,0,2,16,0,18,0,0,110,0,110,0,2,126,0,128,126,0,126,254
05/24/2006,ENW,WI,AGL,CE,Federal Contract Tower,0,12,10,0,22,0,11,68,0,79,0,23,78,0,101,40,0,40,141
05/25/2006,ENW,WI,AGL,CE,Federal Contract Tower,0,13,12,0,25,0,9,55,0,64,0,22,67,0,89,70,0,70,159
05/26/2006,ENW,WI,AGL,CE,Federal Contract Tower,0,11,24,0,35,0,2,82,2,86,0,13,106,2,121,106,0,106,227
05/27/2006,ENW,WI,AGL,CE,Federal Contract Tower,0,0,20,0,20,0,10,139,0,149,0,10,159,0,169,228,0,228,397
05/28/2006,ENW,WI,AGL,CE,Federal Contract Tower,0,0,8,0,8,0,3,90,0,93,0,3,98,0,101,128,0,128,229
05/29/2006,ENW,WI,AGL,CE,Federal Contract Tower,0,1,12,0,13,0,0,89,0,89,0,1,101,0,102,112,0,112,214
05/30/2006,ENW,WI,AGL,CE,Federal Contract Tower,0,9,6,0,15,0,0,41,0,41,0,9,47,0,56,58,0,58,114
05/31/2006,ENW,WI,AGL,CE,Federal Contract Tower,0,16,15,0,31,0,2,74,0,76,0,18,89,0,107,32,0,32,139
06/01/2006,ENW,WI,AGL,CE,Federal Contract Tower,0,17,23,0,40,0,5,156,0,161,0,22,179,0,201,150,0,150,351
06/02/2006,ENW,WI,AGL,CE,Federal Contract Tower,0,5,36,0,41,0,1,99,0,100,0,6,135,0,141,210,0,210,351
06/03/2006,ENW,WI,AGL,CE,Federal Contract Tower,0,6,12,0,18,0,0,193,0,193,0,6,205,0,211,230,0,230,441
06/04/2006,ENW,WI,AGL,CE,Federal Contract Tower,0,4,10,0,14,0,0,150,0,150,0,4,160,0,164,288,0,288,452
06/05/2006,ENW,WI,AGL,CE,Federal Contract Tower,0,9,9,0,18,0,0,99,0,99,0,9,108,0,117,122,0,122,239
06/06/2006,ENW,WI,AGL,CE,Federal Contract Tower,0,6,8,0,14,0,0,82,0,82,0,6,90,0,96,94,0,94,190
06/07/2006,ENW,WI,AGL,CE,Federal Contract Tower,0,8,14,0,22,0,0,119,0,119,0,8,133,0,141,136,0,136,277
06/08/2006,ENW,WI,AGL,CE,Federal Contract Tower,0,13,16,0,29,0,0,116,4,120,0,13,132,4,149,152,0,152,301
06/09/2006,ENW,WI,AGL,CE,Federal Contract Tower,0,7,14,0,21,0,1,109,0,110,0,8,123,0,131,87,0,87,218
06/10/2006,ENW,WI,AGL,CE,Federal Contract Tower,0,2,16,0,18,0,2,42,0,44,0,4,58,0,62,114,0,114,176
06/11/2006,ENW,WI,AGL,CE,Federal Contract Tower,0,4,10,0,14,0,1,106,0,107,0,5,116,0,121,208,0,208,329
06/12/2006,ENW,WI,AGL,CE,Federal Contract Tower,0,4,15,0,19,0,2,89,0,91,0,6,104,0,110,98,0,98,208
06/13/2006,ENW,WI,AGL,CE,Federal Contract Tower,0,8,35,0,43,0,0,118,0,118,0,8,153,0,161,148,0,148,309
06/14/2006,ENW,WI,AGL,CE,Federal Contract Tower,0,8,21,0,29,0,8,124,0,132,0,16,145,0,161,116,0,116,277
06/15/2006,ENW,WI,AGL,CE,Federal Contract Tower,0,12,17,0,29,0,30,114,10,154,0,42,131,10,183,144,0,144,327
06/16/2006,ENW,WI,AGL,CE,Federal Contract Tower,0,9,12,0,21,0,3,86,0,89,0,12,98,0,110,90,0,90,200
06/17/2006,ENW,WI,AGL,CE,Federal Contract Tower,0,3,8,0,11,0,2,119,0,121,0,5,127,0,132,204,0,204,336
06/18/2006,ENW,WI,AGL,CE,Federal Contract Tower,0,5,6,0,11,0,0,11,0,11,0,5,17,0,22,56,0,56,78
06/19/2006,ENW,WI,AGL,CE,Federal Contract Tower,0,5,8,0,13,0,1,47,0,48,0,6,55,0,61,32,0,32,93
06/20/2006,ENW,WI,AGL,CE,Federal Contract Tower,0,3,15,0,18,0,0,73,4,77,0,3,88,4,95,110,0,110,205
06/21/2006,ENW,WI,AGL,CE,Federal Contract Tower,0,2,7,0,9,0,0,61,4,65,0,2,68,4,74,102,0,102,176
06/22/2006,ENW,WI,AGL,CE,Federal Contract Tower,0,16,14,0,30,0,2,62,4,68,0,18,76,4,98,48,0,48,146
06/23/2006,ENW,WI,AGL,CE,Federal Contract Tower,0,7,33,0,40,0,1,129,0,130,0,8,162,0,170,222,0,222,392
06/24/2006,ENW,WI,AGL,CE,Federal Contract Tower,0,3,16,0,19,0,0,108,0,108,0,3,124,0,127,204,0,204,331
06/25/2006,ENW,WI,AGL,CE,Federal Contract Tower,0,3,15,0,18,0,3,46,0,49,0,6,61,0,67,42,0,42,109
06/26/2006,ENW,WI,AGL,CE,Federal Contract Tower,0,10,3,0,13,0,1,60,0,61,0,11,63,0,74,98,0,98,172
06/27/2006,ENW,WI,AGL,CE,Federal Contract Tower,0,3,20,0,23,0,0,89,0,89,0,3,109,0,112,148,0,148,260
06/28/2006,ENW,WI,AGL,CE,Federal Contract Tower,0,17,26,0,43,0,3,71,0,74,0,20,97,0,117,88,0,88,205
06/29/2006,ENW,WI,AGL,CE,Federal Contract Tower,0,4,27,0,31,0,3,127,1,131,0,7,154,1,162,144,0,144,306
06/30/2006,ENW,WI,AGL,CE,Federal Contract Tower,0,9,32,0,41,0,3,137,2,142,0,12,169,2,183,168,0,168,351
07/01/2006,ENW,WI,AGL,CE,Federal Contract Tower,0,4,16,0,20,0,1,70,0,71,0,5,86,0,91,62,0,62,153
07/02/2006,ENW,WI,AGL,CE,Federal Contract Tower,0,1,13,0,14,0,0,78,0,78,0,1,91,0,92,82,0,82,174
07/03/2006,ENW,WI,AGL,CE,Federal Contract Tower,0,1,8,0,9,0,0,41,2,43,0,1,49,2,52,66,0,66,118
07/04/2006,ENW,WI,AGL,CE,Federal Contract Tower,0,1,13,0,14,0,0,77,0,77,0,1,90,0,91,32,0,32,123
07/05/2006,ENW,WI,AGL,CE,Federal Contract Tower,0,6,15,0,21,0,2,98,0,100,0,8,113,0,121,70,0,70,191
07/06/2006,ENW,WI,AGL,CE,Federal Contract Tower,0,4,14,0,18,0,0,87,2,89,0,4,101,2,107,166,0,166,273
07/07/2006,ENW,WI,AGL,CE,Federal Contract Tower,0,5,24,0,29,0,3,95,0,98,0,8,119,0,127,174,0,174,301
07/08/2006,ENW,WI,AGL,CE,Federal Contract Tower,0,4,20,0,24,0,0,92,0,92,0,4,112,0,116,54,0,54,170
07/09/2006,ENW,WI,AGL,CE,Federal Contract Tower,0,4,15,0,19,0,0,81,0,81,0,4,96,0,100,56,0,56,156
07/10/2006,ENW,WI,AGL,CE,Federal Contract Tower,0,6,23,0,29,0,1,63,0,64,0,7,86,0,93,86,0,86,179
07/11/2006,ENW,WI,AGL,CE,Federal Contract Tower,0,4,26,0,30,0,0,4,0,4,0,4,30,0,34,4,0,4,38
07/12/2006,ENW,WI,AGL,CE,Federal Contract Tower,0,6,39,0,45,0,0,70,2,72,0,6,109,2,117,162,0,162,279
07/13/2006,ENW,WI,AGL,CE,Federal Contract Tower,0,8,21,0,29,0,0,111,0,111,0,8,132,0,140,82,0,82,222
07/14/2006,ENW,WI,AGL,CE,Federal Contract Tower,0,2,22,0,24,0,1,71,0,72,0,3,93,0,96,138,0,138,234
07/15/2006,ENW,WI,AGL,CE,Federal Contract Tower,0,4,24,0,28,0,2,111,0,113,0,6,135,0,141,160,0,160,301
07/16/2006,ENW,WI,AGL,CE,Federal Contract Tower,0,1,15,0,16,0,0,116,0,116,0,1,131,0,132,100,0,100,232
07/17/2006,ENW,WI,AGL,CE,Federal Contract Tower,0,5,10,0,15,0,5,38,0,43,0,10,48,0,58,64,0,64,122
07/18/2006,ENW,WI,AGL,CE,Federal Contract Tower,0,13,12,0,25,0,0,86,0,86,0,13,98,0,111,120,0,120,231
07/19/2006,ENW,WI,AGL,CE,Federal Contract Tower,0,4,10,0,14,0,0,75,0,75,0,4,85,0,89,86,0,86,175
07/20/2006,ENW,WI,AGL,CE,Federal Contract Tower,0,13,29,0,42,0,0,60,0,60,0,13,89,0,102,92,0,92,194
07/21/2006,ENW,WI,AGL,CE,Federal Contract Tower,0,7,23,0,30,0,3,108,0,111,0,10,131,0,141,124,0,124,265
07/22/2006,ENW,WI,AGL,CE,Federal Contract Tower,0,4,30,0,34,0,4,96,0,100,0,8,126,0,134,72,0,72,206
07/23/2006,ENW,WI,AGL,CE,Federal Contract Tower,0,1,24,0,25,0,0,178,0,178,0,1,202,0,203,122,0,122,325
07/24/2006,ENW,WI,AGL,CE,Federal Contract Tower,0,4,4,0,8,0,3,53,0,56,0,7,57,0,64,22,0,22,86
07/25/2006,ENW,WI,AGL,CE,Federal Contract Tower,0,4,27,0,31,0,0,97,0,97,0,4,124,0,128,42,0,42,170
07/26/2006,ENW,WI,AGL,CE,Federal Contract Tower,0,10,14,0,24,0,0,82,0,82,0,10,96,0,106,52,0,52,158
07/27/2006,ENW,WI,AGL,CE,Federal Contract Tower,0,10,15,0,25,0,0,83,2,85,0,10,98,2,110,42,0,42,152
07/28/2006,ENW,WI,AGL,CE,Federal Contract Tower,0,14,18,0,32,0,0,99,1,100,0,14,117,1,132,62,0,62,194
07/29/2006,ENW,WI,AGL,CE,Federal Contract Tower,0,3,4,0,7,0,0,85,0,85,0,3,89,0,92,44,0,44,136
07/30/2006,ENW,WI,AGL,CE,Federal Contract Tower,0,6,7,0,13,0,0,42,0,42,0,6,49,0,55,32,0,32,87
07/31/2006,ENW,WI,AGL,CE,Federal Contract Tower,0,3,10,0,13,0,5,53,0,58,0,8,63,0,71,28,0,28,99
08/01/2006,ENW,WI,AGL,CE,Federal Contract Tower,0,6,12,0,18,0,0,75,0,75,0,6,87,0,93,56,0,56,149
08/02/2006,ENW,WI,AGL,CE,Federal Contract Tower,0,11,10,0,21,0,0,54,0,54,0,11,64,0,75,56,0,56,131
08/03/2006,ENW,WI,AGL,CE,Federal Contract Tower,0,6,25,0,31,0,0,71,0,71,0,6,96,0,102,44,0,44,146
08/04/2006,ENW,WI,AGL,CE,Federal Contract Tower,0,3,10,0,13,0,1,118,0,119,0,4,128,0,132,156,0,156,288
08/05/2006,ENW,WI,AGL,CE,Federal Contract Tower,0,3,10,0,13,0,0,111,0,111,0,3,121,0,124,132,0,132,256
08/06/2006,ENW,WI,AGL,CE,Federal Contract Tower,0,2,9,0,11,0,0,54,0,54,0,2,63,0,65,69,0,69,134
08/07/2006,ENW,WI,AGL,CE,Federal Contract Tower,0,6,18,0,24,0,2,92,0,94,0,8,110,0,118,100,0,100,218
08/08/2006,ENW,WI,AGL,CE,Federal Contract Tower,0,20,12,0,32,0,4,122,0,126,0,24,134,0,158,162,0,162,320
08/09/2006,ENW,WI,AGL,CE,Federal Contract Tower,0,9,11,0,20,0,0,105,0,105,0,9,116,0,125,24,0,24,149
08/10/2006,ENW,WI,AGL,CE,Federal Contract Tower,0,10,40,0,50,0,0,42,0,42,0,10,82,0,92,12,0,12,104
08/11/2006,ENW,WI,AGL,CE,Federal Contract Tower,0,9,18,0,27,0,1,116,0,117,0,10,134,0,144,116,0,116,260
08/12/2006,ENW,WI,AGL,CE,Federal Contract Tower,0,4,28,0,32,0,3,98,0,101,0,7,126,0,133,46,0,46,179
08/13/2006,ENW,WI,AGL,CE,Federal Contract Tower,0,8,8,0,16,0,0,110,0,110,0,8,118,0,126,118,0,118,244
08/14/2006,ENW,WI,AGL,CE,Federal Contract Tower,0,10,8,0,18,0,0,71,0,71,0,10,79,0,89,94,0,94,183
08/15/2006,ENW,WI,AGL,CE,Federal Contract Tower,0,5,34,0,39,0,0,100,0,100,0,5,134,0,139,124,0,124,263
08/16/2006,ENW,WI,AGL,CE,Federal Contract Tower,0,10,13,0,23,0,1,89,0,90,0,11,102,0,113,54,0,54,167
08/17/2006,ENW,WI,AGL,CE,Federal Contract Tower,0,8,21,0,29,0,0,72,0,72,0,8,93,0,101,40,0,40,141
08/18/2006,ENW,WI,AGL,CE,Federal Contract Tower,0,4,25,0,29,0,0,45,0,45,0,4,70,0,74,24,0,24,98
08/19/2006,ENW,WI,AGL,CE,Federal Contract Tower,0,3,29,0,32,0,0,25,0,25,0,3,54,0,57,78,0,78,135
08/20/2006,ENW,WI,AGL,CE,Federal Contract Tower,0,2,10,0,12,0,1,142,0,143,0,3,152,0,155,106,0,106,261
08/21/2006,ENW,WI,AGL,CE,Federal Contract Tower,0,7,16,0,23,0,7,81,2,90,0,14,97,2,113,26,0,26,139
08/22/2006,ENW,WI,AGL,CE,Federal Contract Tower,0,9,10,0,19,0,0,91,0,91,0,9,101,0,110,86,0,86,196
08/23/2006,ENW,WI,AGL,CE,Federal Contract Tower,0,5,16,0,21,0,0,80,4,84,0,5,96,4,105,80,12,92,197
08/24/2006,ENW,WI,AGL,CE,Federal Contract Tower,0,5,5,0,10,0,0,13,0,13,0,5,18,0,23,12,0,12,35
08/25/2006,ENW,WI,AGL,CE,Federal Contract Tower,0,4,18,0,22,0,0,16,0,16,0,4,34,0,38,74,0,74,112
08/26/2006,ENW,WI,AGL,CE,Federal Contract Tower,0,1,18,0,19,0,0,29,0,29,0,1,47,0,48,70,0,70,118
08/27/2006,ENW,WI,AGL,CE,Federal Contract Tower,0,2,21,0,23,0,0,90,0,90,0,2,111,0,113,124,0,124,237
08/28/2006,ENW,WI,AGL,CE,Federal Contract Tower,0,4,20,0,24,0,0,27,0,27,0,4,47,0,51,28,0,28,79
08/29/2006,ENW,WI,AGL,CE,Federal Contract Tower,0,7,24,0,31,0,2,92,0,94,0,9,116,0,125,126,0,126,251
08/30/2006,ENW,WI,AGL,CE,Federal Contract Tower,0,9,22,0,31,0,0,81,0,81,0,9,103,0,112,114,0,114,226
08/31/2006,ENW,WI,AGL,CE,Federal Contract Tower,0,9,12,0,21,0,0,128,0,128,0,9,140,0,149,92,0,92,241
09/01/2006,ENW,WI,AGL,CE,Federal Contract Tower,0,9,12,0,21,0,0,128,0,128,0,9,140,0,149,92,0,92,241
09/02/2006,ENW,WI,AGL,CE,Federal Contract Tower,0,2,28,0,30,0,2,143,0,145,0,4,171,0,175,120,0,120,295
09/03/2006,ENW,WI,AGL,CE,Federal Contract Tower,0,6,13,0,19,0,0,101,0,101,0,6,114,0,120,80,0,80,200
09/04/2006,ENW,WI,AGL,CE,Federal Contract Tower,0,9,31,0,40,0,3,21,0,24,0,12,52,0,64,14,0,14,78
09/05/2006,ENW,WI,AGL,CE,Federal Contract Tower,0,12,18,0,30,0,0,69,0,69,0,12,87,0,99,58,0,58,157
09/06/2006,ENW,WI,AGL,CE,Federal Contract Tower,0,8,17,0,25,0,0,93,0,93,0,8,110,0,118,144,0,144,262
09/07/2006,ENW,WI,AGL,CE,Federal Contract Tower,0,8,14,0,22,0,0,85,0,85,0,8,99,0,107,72,0,72,179
09/08/2006,ENW,WI,AGL,CE,Federal Contract Tower,0,2,26,0,28,0,2,109,0,111,0,4,135,0,139,138,0,138,277
09/09/2006,ENW,WI,AGL,CE,Federal Contract Tower,0,3,30,0,33,0,2,33,0,35,0,5,63,0,68,126,0,126,194
09/10/2006,ENW,WI,AGL,CE,Federal Contract Tower,0,4,12,0,16,0,0,17,0,17,0,4,29,0,33,10,0,10,43
09/11/2006,ENW,WI,AGL,CE,Federal Contract Tower,0,5,21,0,26,0,0,29,0,29,0,5,50,0,55,8,0,8,63
09/12/2006,ENW,WI,AGL,CE,Federal Contract Tower,0,8,8,0,16,0,0,5,0,5,0,8,13,0,21,6,0,6,27
09/13/2006,ENW,WI,AGL,CE,Federal Contract Tower,0,5,29,0,34,0,0,33,0,33,0,5,62,0,67,32,0,32,99
09/14/2006,ENW,WI,AGL,CE,Federal Contract Tower,0,12,23,0,35,0,0,96,0,96,0,12,119,0,131,128,0,128,259
09/15/2006,ENW,WI,AGL,CE,Federal Contract Tower,0,3,24,0,27,0,2,89,0,91,0,5,113,0,118,64,0,64,182
09/16/2006,ENW,WI,AGL,CE,Federal Contract Tower,0,2,18,0,20,0,2,138,0,140,0,4,156,0,160,114,0,114,274
09/17/2006,ENW,WI,AGL,CE,Federal Contract Tower,0,7,4,0,11,0,0,94,0,94,0,7,98,0,105,142,0,142,247
09/18/2006,ENW,WI,AGL,CE,Federal Contract Tower,0,5,13,0,18,0,0,77,0,77,0,5,90,0,95,60,0,60,155
09/19/2006,ENW,WI,AGL,CE,Federal Contract Tower,0,6,12,0,18,0,0,64,0,64,0,6,76,0,82,68,0,68,150
09/20/2006,ENW,WI,AGL,CE,Federal Contract Tower,0,11,13,0,24,0,1,114,0,115,0,12,127,0,139,150,0,150,289
09/21/2006,ENW,WI,AGL,CE,Federal Contract Tower,0,5,20,0,25,0,0,87,0,87,0,5,107,0,112,74,0,74,186
09/22/2006,ENW,WI,AGL,CE,Federal Contract Tower,0,3,15,0,18,0,0,21,0,21,0,3,36,0,39,22,0,22,61
09/23/2006,ENW,WI,AGL,CE,Federal Contract Tower,0,3,30,0,33,0,1,32,0,33,0,4,62,0,66,72,0,72,138
09/24/2006,ENW,WI,AGL,CE,Federal Contract Tower,0,6,9,0,15,0,0,103,0,103,0,6,112,0,118,168,0,168,286
09/25/2006,ENW,WI,AGL,CE,Federal Contract Tower,0,7,15,0,22,0,3,83,0,86,0,10,98,0,108,68,0,68,176
09/26/2006,ENW,WI,AGL,CE,Federal Contract Tower,0,8,10,0,18,0,0,132,0,132,0,8,142,0,150,40,0,40,190
09/27/2006,ENW,WI,AGL,CE,Federal Contract Tower,0,12,11,0,23,0,0,49,0,49,0,12,60,0,72,34,0,34,106
09/28/2006,ENW,WI,AGL,CE,Federal Contract Tower,0,10,17,0,27,0,0,75,0,75,0,10,92,0,102,46,0,46,148
09/29/2006,ENW,WI,AGL,CE,Federal Contract Tower,0,7,21,0,28,0,2,56,0,58,0,9,77,0,86,46,0,46,132
09/30/2006,ENW,WI,AGL,CE,Federal Contract Tower,0,2,30,0,32,0,0,83,0,83,0,2,113,0,115,28,0,28,143
10/01/2006,ENW,WI,AGL,CE,Federal Contract Tower,0,1,25,0,26,0,1,204,0,205,0,2,229,0,231,240,0,240,471
10/02/2006,ENW,WI,AGL,CE,Federal Contract Tower,0,9,8,0,17,0,1,76,0,77,0,10,84,0,94,14,0,14,108
10/03/2006,ENW,WI,AGL,CE,Federal Contract Tower,0,14,14,0,28,0,0,78,0,78,0,14,92,0,106,64,0,64,170
10/04/2006,ENW,WI,AGL,CE,Federal Contract Tower,0,8,8,0,16,0,0,37,0,37,0,8,45,0,53,0,0,0,53
10/05/2006,ENW,WI,AGL,CE,Federal Contract Tower,0,8,30,0,38,0,0,111,0,111,0,8,141,0,149,38,0,38,187
10/06/2006,ENW,WI,AGL,CE,Federal Contract Tower,0,5,23,0,28,0,2,81,0,83,0,7,104,0,111,180,0,180,291
10/07/2006,ENW,WI,AGL,CE,Federal Contract Tower,0,1,24,0,25,0,0,139,0,139,0,1,163,0,164,130,0,130,294
10/08/2006,ENW,WI,AGL,CE,Federal Contract Tower,0,5,16,0,21,0,0,117,0,117,0,5,133,0,138,118,0,118,256
10/09/2006,ENW,WI,AGL,CE,Federal Contract Tower,0,9,29,0,38,0,0,80,0,80,0,9,109,0,118,20,0,20,138
10/10/2006,ENW,WI,AGL,CE,Federal Contract Tower,0,6,22,0,28,0,0,66,0,66,0,6,88,0,94,26,0,26,120
10/11/2006,ENW,WI,AGL,CE,Federal Contract Tower,0,9,12,0,21,0,0,18,0,18,0,9,30,0,39,24,0,24,63
10/12/2006,ENW,WI,AGL,CE,Federal Contract Tower,0,13,8,0,21,0,13,22,0,35,0,26,30,0,56,66,0,66,122
10/13/2006,ENW,WI,AGL,CE,Federal Contract Tower,0,6,9,0,15,0,0,39,0,39,0,6,48,0,54,70,0,70,124
10/14/2006,ENW,WI,AGL,CE,Federal Contract Tower,0,10,15,0,25,0,0,69,0,69,0,10,84,0,94,52,0,52,146
10/15/2006,ENW,WI,AGL,CE,Federal Contract Tower,0,4,8,0,12,0,0,126,0,126,0,4,134,0,138,122,0,122,260
10/16/2006,ENW,WI,AGL,CE,Federal Contract Tower,0,4,13,0,17,0,0,38,0,38,0,4,51,0,55,18,0,18,73
10/17/2006,ENW,WI,AGL,CE,Federal Contract Tower,0,7,18,0,25,0,0,49,0,49,0,7,67,0,74,20,0,20,94
10/18/2006,ENW,WI,AGL,CE,Federal Contract Tower,0,16,24,0,40,0,9,36,0,45,0,25,60,0,85,58,0,58,143
10/19/2006,ENW,WI,AGL,CE,Federal Contract Tower,0,10,15,0,25,0,0,69,0,69,0,10,84,0,94,52,0,52,146
10/20/2006,ENW,WI,AGL,CE,Federal Contract Tower,0,3,22,0,25,0,0,92,0,92,0,3,114,0,117,62,0,62,179
10/21/2006,ENW,WI,AGL,CE,Federal Contract Tower,0,1,16,0,17,0,0,71,0,71,0,1,87,0,88,138,0,138,226
10/22/2006,ENW,WI,AGL,CE,Federal Contract Tower,0,3,8,0,11,0,0,31,0,31,0,3,39,0,42,70,0,70,112
10/23/2006,ENW,WI,AGL,CE,Federal Contract Tower,0,3,17,0,20,0,0,40,0,40,0,3,57,0,60,80,0,80,140
10/24/2006,ENW,WI,AGL,CE,Federal Contract Tower,0,2,18,0,20,0,1,72,0,73,0,3,90,0,93,68,0,68,161
10/25/2006,ENW,WI,AGL,CE,Federal Contract Tower,0,2,21,0,23,0,0,122,0,122,0,2,143,0,145,72,0,72,217
10/26/2006,ENW,WI,AGL,CE,Federal Contract Tower,0,9,16,0,25,0,0,39,0,39,0,9,55,0,64,14,0,14,78
10/27/2006,ENW,WI,AGL,CE,Federal Contract Tower,0,3,20,0,23,0,2,38,0,40,0,5,58,0,63,14,0,14,77
10/28/2006,ENW,WI,AGL,CE,Federal Contract Tower,0,2,8,0,10,0,0,41,0,41,0,2,49,0,51,76,0,76,127
10/29/2006,ENW,WI,AGL,CE,Federal Contract Tower,0,4,15,0,19,0,0,144,0,144,0,4,159,0,163,114,0,114,277
10/30/2006,ENW,WI,AGL,CE,Federal Contract Tower,0,8,12,0,20,0,4,58,0,62,0,12,70,0,82,36,0,36,118
10/31/2006,ENW,WI,AGL,CE,Federal Contract Tower,0,9,5,0,14,0,0,73,0,73,0,9,78,0,87,146,0,146,233
11/01/2006,ENW,WI,AGL,CE,Federal Contract Tower,0,4,12,0,16,0,0,87,0,87,0,4,99,0,103,96,0,96,199
11/02/2006,ENW,WI,AGL,CE,Federal Contract Tower,0,7,13,0,20,0,2,99,0,101,0,9,112,0,121,92,0,92,213
11/03/2006,ENW,WI,AGL,CE,Federal Contract Tower,0,6,12,0,18,0,3,102,0,105,0,9,114,0,123,104,0,104,227
11/04/2006,ENW,WI,AGL,CE,Federal Contract Tower,0,2,28,0,30,0,2,68,0,70,0,4,96,0,100,126,0,126,226
11/05/2006,ENW,WI,AGL,CE,Federal Contract Tower,0,3,17,0,20,0,2,134,0,136,0,5,151,0,156,140,0,140,296
11/06/2006,ENW,WI,AGL,CE,Federal Contract Tower,0,3,13,0,16,0,2,47,0,49,0,5,60,0,65,64,0,64,129
11/07/2006,ENW,WI,AGL,CE,Federal Contract Tower,0,8,16,0,24,0,0,23,0,23,0,8,39,0,47,34,0,34,81
11/08/2006,ENW,WI,AGL,CE,Federal Contract Tower,0,8,14,0,22,0,0,93,0,93,0,8,107,0,115,46,0,46,161
11/09/2006,ENW,WI,AGL,CE,Federal Contract Tower,0,7,19,0,26,0,7,111,0,118,0,14,130,0,144,60,0,60,204
11/10/2006,ENW,WI,AGL,CE,Federal Contract Tower,0,1,11,0,12,0,0,26,0,26,0,1,37,0,38,22,0,22,60
11/11/2006,ENW,WI,AGL,CE,Federal Contract Tower,0,4,20,0,24,0,0,66,0,66,0,4,86,0,90,64,0,64,154
11/12/2006,ENW,WI,AGL,CE,Federal Contract Tower,0,8,18,0,26,0,5,140,0,145,0,13,158,0,171,126,0,126,297
11/13/2006,ENW,WI,AGL,CE,Federal Contract Tower,0,4,4,0,8,0,0,21,0,21,0,4,25,0,29,36,0,36,65
11/14/2006,ENW,WI,AGL,CE,Federal Contract Tower,0,6,13,0,19,0,3,50,0,53,0,9,63,0,72,56,0,56,128
11/15/2006,ENW,WI,AGL,CE,Federal Contract Tower,0,7,15,0,22,0,0,38,0,38,0,7,53,0,60,38,0,38,98
11/16/2006,ENW,WI,AGL,CE,Federal Contract Tower,0,10,6,0,16,0,0,36,0,36,0,10,42,0,52,28,0,28,80
11/17/2006,ENW,WI,AGL,CE,Federal Contract Tower,0,6,18,0,24,0,0,66,0,66,0,6,84,0,90,42,0,42,132
11/18/2006,ENW,WI,AGL,CE,Federal Contract Tower,0,0,16,0,16,0,0,67,0,67,0,0,83,0,83,112,0,112,195
11/19/2006,ENW,WI,AGL,CE,Federal Contract Tower,0,5,7,0,12,0,0,120,0,120,0,5,127,0,132,166,0,166,298
11/20/2006,ENW,WI,AGL,CE,Federal Contract Tower,0,12,16,0,28,0,8,83,0,91,0,20,99,0,119,160,0,160,279
11/21/2006,ENW,WI,AGL,CE,Federal Contract Tower,0,3,11,0,14,0,2,88,0,90,0,5,99,0,104,86,0,86,190
11/22/2006,ENW,WI,AGL,CE,Federal Contract Tower,0,4,16,0,20,0,0,85,0,85,0,4,101,0,105,82,0,82,187
11/23/2006,ENW,WI,AGL,CE,Federal Contract Tower,0,1,13,0,14,0,0,106,0,106,0,1,119,0,120,40,0,40,160
11/24/2006,ENW,WI,AGL,CE,Federal Contract Tower,0,5,9,0,14,0,5,113,0,118,0,10,122,0,132,74,0,74,206
11/25/2006,ENW,WI,AGL,CE,Federal Contract Tower,0,2,28,0,30,0,0,95,0,95,0,2,123,0,125,66,0,66,191
11/26/2006,ENW,WI,AGL,CE,Federal Contract Tower,0,5,12,0,17,0,0,48,0,48,0,5,60,0,65,22,0,22,87
11/27/2006,ENW,WI,AGL,CE,Federal Contract Tower,0,6,19,0,25,0,11,29,0,40,0,17,48,0,65,54,0,54,119
11/28/2006,ENW,WI,AGL,CE,Federal Contract Tower,0,10,6,0,16,0,4,41,0,45,0,14,47,0,61,14,0,14,75
11/29/2006,ENW,WI,AGL,CE,Federal Contract Tower,0,7,10,0,17,0,0,6,0,6,0,7,16,0,23,0,0,0,23
11/30/2006,ENW,WI,AGL,CE,Federal Contract Tower,0,6,3,0,9,0,0,63,0,63,0,6,66,0,72,46,0,46,118
12/01/2006,ENW,WI,AGL,CE,Federal Contract Tower,0,1,6,0,7,0,0,4,0,4,0,1,10,0,11,0,0,0,11
12/02/2006,ENW,WI,AGL,CE,Federal Contract Tower,0,1,13,0,14,0,0,62,0,62,0,1,75,0,76,86,0,86,162
12/03/2006,ENW,WI,AGL,CE,Federal Contract Tower,0,10,4,0,14,0,0,68,0,68,0,10,72,0,82,64,0,64,146
12/04/2006,ENW,WI,AGL,CE,Federal Contract Tower,0,3,5,0,8,0,13,41,0,54,0,16,46,0,62,16,0,16,78
12/05/2006,ENW,WI,AGL,CE,Federal Contract Tower,0,8,13,0,21,0,0,54,0,54,0,8,67,0,75,26,0,26,101
12/06/2006,ENW,WI,AGL,CE,Federal Contract Tower,0,12,8,0,20,0,5,55,4,64,0,17,63,4,84,36,0,36,120
12/07/2006,ENW,WI,AGL,CE,Federal Contract Tower,0,7,8,0,15,0,2,42,0,44,0,9,50,0,59,64,0,64,123
12/08/2006,ENW,WI,AGL,CE,Federal Contract Tower,0,5,23,0,28,0,4,53,4,61,0,9,76,4,89,30,0,30,119
12/09/2006,ENW,WI,AGL,CE,Federal Contract Tower,0,4,26,0,30,0,0,64,0,64,0,4,90,0,94,96,0,96,190
12/10/2006,ENW,WI,AGL,CE,Federal Contract Tower,0,6,12,0,18,0,6,113,0,119,0,12,125,0,137,148,0,148,285
12/11/2006,ENW,WI,AGL,CE,Federal Contract Tower,0,8,19,0,27,0,7,32,0,39,0,15,51,0,66,38,0,38,104
12/12/2006,ENW,WI,AGL,CE,Federal Contract Tower,0,10,8,0,18,0,0,4,0,4,0,10,12,0,22,48,0,48,70
12/13/2006,ENW,WI,AGL,CE,Federal Contract Tower,0,12,19,0,31,0,11,72,0,83,0,23,91,0,114,82,0,82,196
12/14/2006,ENW,WI,AGL,CE,Federal Contract Tower,0,8,56,0,64,0,0,0,0,0,0,8,56,0,64,78,0,78,142
12/15/2006,ENW,WI,AGL,CE,Federal Contract Tower,0,2,24,0,26,0,12,93,0,105,0,14,117,0,131,106,0,106,237
12/16/2006,ENW,WI,AGL,CE,Federal Contract Tower,0,3,11,0,14,0,0,39,0,39,0,3,50,0,53,98,0,98,151
12/17/2006,ENW,WI,AGL,CE,Federal Contract Tower,0,4,2,0,6,0,1,109,0,110,0,5,111,0,116,130,0,130,246
12/18/2006,ENW,WI,AGL,CE,Federal Contract Tower,0,4,17,0,21,0,0,74,2,76,0,4,91,2,97,104,16,120,217
12/19/2006,ENW,WI,AGL,CE,Federal Contract Tower,0,6,14,0,20,0,0,109,0,109,0,6,123,0,129,74,0,74,203
12/20/2006,ENW,WI,AGL,CE,Federal Contract Tower,0,16,10,0,26,0,0,88,0,88,0,16,98,0,114,56,0,56,170
12/21/2006,ENW,WI,AGL,CE,Federal Contract Tower,0,15,4,0,19,0,0,4,0,4,0,15,8,0,23,0,0,0,23
12/22/2006,ENW,WI,AGL,CE,Federal Contract Tower,0,7,7,0,14,0,0,0,0,0,0,7,7,0,14,0,0,0,14
12/23/2006,ENW,WI,AGL,CE,Federal Contract Tower,0,3,5,0,8,0,0,15,0,15,0,3,20,0,23,30,0,30,53
12/24/2006,ENW,WI,AGL,CE,Federal Contract Tower,0,1,1,0,2,0,0,74,0,74,0,1,75,0,76,50,0,50,126
12/25/2006,ENW,WI,AGL,CE,Federal Contract Tower,0,2,1,0,3,0,0,1,0,1,0,2,2,0,4,0,0,0,4
12/26/2006,ENW,WI,AGL,CE,Federal Contract Tower,0,5,14,0,19,0,2,62,0,64,0,7,76,0,83,18,0,18,101
12/27/2006,ENW,WI,AGL,CE,Federal Contract Tower,0,8,16,0,24,0,0,98,2,100,0,8,114,2,124,58,0,58,182
12/28/2006,ENW,WI,AGL,CE,Federal Contract Tower,0,14,13,0,27,0,5,110,0,115,0,19,123,0,142,52,0,52,194
12/29/2006,ENW,WI,AGL,CE,Federal Contract Tower,0,2,13,0,15,0,0,61,0,61,0,2,74,0,76,22,0,22,98
12/30/2006,ENW,WI,AGL,CE,Federal Contract Tower,0,3,12,0,15,0,0,14,0,14,0,3,26,0,29,24,0,24,53
12/31/2006,ENW,WI,AGL,CE,Federal Contract Tower,0,1,2,0,3,0,0,3,0,3,0,1,5,0,6,0,0,0,6
01/01/2007,ENW,WI,AGL,CE,Federal Contract Tower,0,4,7,0,11,0,0,20,0,20,0,4,27,0,31,16,0,16,47
01/02/2007,ENW,WI,AGL,CE,Federal Contract Tower,0,11,15,0,26,0,0,99,0,99,0,11,114,0,125,46,0,46,171
01/03/2007,ENW,WI,AGL,CE,Federal Contract Tower,0,9,8,0,17,0,0,107,0,107,0,9,115,0,124,0,80,80,204
01/04/2007,ENW,WI,AGL,CE,Federal Contract Tower,0,9,17,0,26,0,5,46,2,53,0,14,63,2,79,2,0,2,81
01/05/2007,ENW,WI,AGL,CE,Federal Contract Tower,0,3,17,0,20,0,2,49,0,51,0,5,66,0,71,102,0,102,173
01/06/2007,ENW,WI,AGL,CE,Federal Contract Tower,0,5,22,0,27,0,1,72,0,73,0,6,94,0,100,66,0,66,166
01/07/2007,ENW,WI,AGL,CE,Federal Contract Tower,0,5,8,0,13,0,0,80,0,80,0,5,88,0,93,138,0,138,231
01/08/2007,ENW,WI,AGL,CE,Federal Contract Tower,0,14,9,0,23,0,6,77,0,83,0,20,86,0,106,56,0,56,162
01/09/2007,ENW,WI,AGL,CE,Federal Contract Tower,0,7,8,0,15,0,0,55,0,55,0,7,63,0,70,4,0,4,74
01/10/2007,ENW,WI,AGL,CE,Federal Contract Tower,0,6,8,0,14,0,1,79,0,80,0,7,87,0,94,68,0,68,162
01/11/2007,ENW,WI,AGL,CE,Federal Contract Tower,0,6,12,0,18,0,1,47,0,48,0,7,59,0,66,66,0,66,132
01/12/2007,ENW,WI,AGL,CE,Federal Contract Tower,0,5,12,0,17,0,0,14,0,14,0,5,26,0,31,38,0,38,69
01/13/2007,ENW,WI,AGL,CE,Federal Contract Tower,0,7,9,0,16,0,0,56,0,56,0,7,65,0,72,110,0,110,182
01/14/2007,ENW,WI,AGL,CE,Federal Contract Tower,0,8,4,0,12,0,0,7,0,7,0,8,11,0,19,46,0,46,65
01/15/2007,ENW,WI,AGL,CE,Federal Contract Tower,0,5,0,0,5,0,0,0,0,0,0,5,0,0,5,0,0,0,5
01/16/2007,ENW,WI,AGL,CE,Federal Contract Tower,0,5,3,0,8,0,0,66,2,68,0,5,69,2,76,26,0,26,102
01/17/2007,ENW,WI,AGL,CE,Federal Contract Tower,0,4,12,0,16,0,0,50,0,50,0,4,62,0,66,14,4,18,84
01/18/2007,ENW,WI,AGL,CE,Federal Contract Tower,0,1,9,0,10,0,0,20,0,20,0,1,29,0,30,60,0,60,90
01/19/2007,ENW,WI,AGL,CE,Federal Contract Tower,0,4,6,0,10,0,0,88,0,88,0,4,94,0,98,92,0,92,190
01/20/2007,ENW,WI,AGL,CE,Federal Contract Tower,0,3,30,0,33,0,4,123,0,127,0,7,153,0,160,134,0,134,294
01/21/2007,ENW,WI,AGL,CE,Federal Contract Tower,0,5,0,0,5,0,0,0,0,0,0,5,0,0,5,0,0,0,5
01/22/2007,ENW,WI,AGL,CE,Federal Contract Tower,0,3,4,0,7,0,0,43,0,43,0,3,47,0,50,28,0,28,78
01/23/2007,ENW,WI,AGL,CE,Federal Contract Tower,0,9,13,0,22,0,1,39,0,40,0,10,52,0,62,26,0,26,88
01/24/2007,ENW,WI,AGL,CE,Federal Contract Tower,0,6,20,0,26,0,2,52,0,54,0,8,72,0,80,100,0,100,180
01/25/2007,ENW,WI,AGL,CE,Federal Contract Tower,0,2,16,0,18,0,0,57,0,57,0,2,73,0,75,114,0,114,189
01/26/2007,ENW,WI,AGL,CE,Federal Contract Tower,0,6,9,0,15,0,0,54,0,54,0,6,63,0,69,92,0,92,161
01/27/2007,ENW,WI,AGL,CE,Federal Contract Tower,0,2,18,0,20,0,2,49,0,51,0,4,67,0,71,84,0,84,155
01/28/2007,ENW,WI,AGL,CE,Federal Contract Tower,0,6,9,0,15,0,0,27,0,27,0,6,36,0,42,20,0,20,62
01/29/2007,ENW,WI,AGL,CE,Federal Contract Tower,0,3,8,0,11,0,0,21,0,21,0,3,29,0,32,0,0,0,32
01/30/2007,ENW,WI,AGL,CE,Federal Contract Tower,0,6,13,0,19,0,2,48,0,50,0,8,61,0,69,122,0,122,191
01/31/2007,ENW,WI,AGL,CE,Federal Contract Tower,0,4,13,0,17,0,3,43,0,46,0,7,56,0,63,115,0,115,178
02/01/2007,ENW,WI,AGL,CE,Federal Contract Tower,0,5,6,0,11,0,8,44,0,52,0,13,50,0,63,64,0,64,127
02/02/2007,ENW,WI,AGL,CE,Federal Contract Tower,0,2,6,0,8,0,0,29,0,29,0,2,35,0,37,14,0,14,51
02/03/2007,ENW,WI,AGL,CE,Federal Contract Tower,0,0,2,0,2,0,0,9,0,9,0,0,11,0,11,0,0,0,11
02/04/2007,ENW,WI,AGL,CE,Federal Contract Tower,0,9,0,0,9,0,0,21,0,21,0,9,21,0,30,8,0,8,38
02/05/2007,ENW,WI,AGL,CE,Federal Contract Tower,0,10,5,0,15,0,1,23,0,24,0,11,28,0,39,0,0,0,39
02/06/2007,ENW,WI,AGL,CE,Federal Contract Tower,0,6,4,0,10,0,0,12,0,12,0,6,16,0,22,10,0,10,32
02/07/2007,ENW,WI,AGL,CE,Federal Contract Tower,0,7,14,0,21,0,5,42,0,47,0,12,56,0,68,88,0,88,156
02/08/2007,ENW,WI,AGL,CE,Federal Contract Tower,0,8,9,0,17,0,2,53,0,55,0,10,62,0,72,16,0,16,88
02/09/2007,ENW,WI,AGL,CE,Federal Contract Tower,0,7,8,0,15,0,0,102,0,102,0,7,110,0,117,68,0,68,185
02/10/2007,ENW,WI,AGL,CE,Federal Contract Tower,0,8,20,0,28,0,0,110,0,110,0,8,130,0,138,136,0,136,274
02/11/2007,ENW,WI,AGL,CE,Federal Contract Tower,0,7,6,0,13,0,0,43,0,43,0,7,49,0,56,80,0,80,136
02/12/2007,ENW,WI,AGL,CE,Federal Contract Tower,0,5,0,0,5,0,6,4,0,10,0,11,4,0,15,0,0,0,15
02/13/2007,ENW,WI,AGL,CE,Federal Contract Tower,0,3,2,0,5,0,0,0,0,0,0,3,2,0,5,0,0,0,5
02/14/2007,ENW,WI,AGL,CE,Federal Contract Tower,0,3,9,0,12,0,0,31,0,31,0,3,40,0,43,66,0,66,109
02/15/2007,ENW,WI,AGL,CE,Federal Contract Tower,0,5,16,0,21,0,0,40,0,40,0,5,56,0,61,48,0,48,109
02/16/2007,ENW,WI,AGL,CE,Federal Contract Tower,0,6,6,0,12,0,3,65,0,68,0,9,71,0,80,18,0,18,98
02/17/2007,ENW,WI,AGL,CE,Federal Contract Tower,0,2,12,0,14,0,0,69,0,69,0,2,81,0,83,70,0,70,153
02/18/2007,ENW,WI,AGL,CE,Federal Contract Tower,0,8,23,0,31,0,2,76,0,78,0,10,99,0,109,76,0,76,185
02/19/2007,ENW,WI,AGL,CE,Federal Contract Tower,0,10,12,0,22,0,2,43,0,45,0,12,55,0,67,24,0,24,91
02/20/2007,ENW,WI,AGL,CE,Federal Contract Tower,0,17,10,0,27,0,0,73,0,73,0,17,83,0,100,146,0,146,246
02/21/2007,ENW,WI,AGL,CE,Federal Contract Tower,0,6,21,0,27,0,5,59,0,64,0,11,80,0,91,116,0,116,207
02/22/2007,ENW,WI,AGL,CE,Federal Contract Tower,0,5,13,0,18,0,2,39,2,43,0,7,52,2,61,10,0,10,71
02/23/2007,ENW,WI,AGL,CE,Federal Contract Tower,0,5,9,0,14,0,0,55,0,55,0,5,64,0,69,108,0,108,177
02/24/2007,ENW,WI,AGL,CE,Federal Contract Tower,0,0,0,0,0,0,0,3,0,3,0,0,3,0,3,0,0,0,3
02/25/2007,ENW,WI,AGL,CE,Federal Contract Tower,0,5,0,0,5,0,0,0,0,0,0,5,0,0,5,0,0,0,5
02/26/2007,ENW,WI,AGL,CE,Federal Contract Tower,0,18,5,0,23,0,6,7,0,13,0,24,12,0,36,0,0,0,36
02/27/2007,ENW,WI,AGL,CE,Federal Contract Tower,0,13,5,0,18,0,0,48,0,48,0,13,53,0,66,156,0,156,222
02/28/2007,ENW,WI,AGL,CE,Federal Contract Tower,0,6,14,0,20,0,4,33,0,37,0,10,47,0,57,30,0,30,87
03/01/2007,ENW,WI,AGL,CE,Federal Contract Tower,0,2,3,0,5,0,0,0,0,0,0,2,3,0,5,0,0,0,5
03/02/2007,ENW,WI,AGL,CE,Federal Contract Tower,0,4,4,0,8,0,0,0,0,0,0,4,4,0,8,0,0,0,8
03/03/2007,ENW,WI,AGL,CE,Federal Contract Tower,0,5,8,0,13,0,0,28,0,28,0,5,36,0,41,44,0,44,85
03/04/2007,ENW,WI,AGL,CE,Federal Contract Tower,0,7,16,0,23,0,0,100,0,100,0,7,116,0,123,104,0,104,227
03/05/2007,ENW,WI,AGL,CE,Federal Contract Tower,0,5,18,0,23,0,5,82,0,87,0,10,100,0,110,84,0,84,194
03/06/2007,ENW,WI,AGL,CE,Federal Contract Tower,0,5,5,0,10,0,0,25,0,25,0,5,30,0,35,30,0,30,65
03/07/2007,ENW,WI,AGL,CE,Federal Contract Tower,0,4,12,0,16,0,0,59,0,59,0,4,71,0,75,128,0,128,203
03/08/2007,ENW,WI,AGL,CE,Federal Contract Tower,0,9,21,0,30,0,0,106,0,106,0,9,127,0,136,92,0,92,228
03/09/2007,ENW,WI,AGL,CE,Federal Contract Tower,0,6,13,0,19,0,0,69,0,69,0,6,82,0,88,102,0,102,190
03/10/2007,ENW,WI,AGL,CE,Federal Contract Tower,0,2,15,0,17,0,0,148,0,148,0,2,163,0,165,176,0,176,341
03/11/2007,ENW,WI,AGL,CE,Federal Contract Tower,0,11,15,0,26,0,3,147,0,150,0,14,162,0,176,116,0,116,292
03/12/2007,ENW,WI,AGL,CE,Federal Contract Tower,0,10,13,0,23,0,0,67,0,67,0,10,80,0,90,114,0,114,204
03/13/2007,ENW,WI,AGL,CE,Federal Contract Tower,0,8,9,0,17,0,0,64,0,64,0,8,73,0,81,46,0,46,127
03/14/2007,ENW,WI,AGL,CE,Federal Contract Tower,0,6,12,0,18,0,0,52,0,52,0,6,64,0,70,66,0,66,136
03/15/2007,ENW,WI,AGL,CE,Federal Contract Tower,0,8,7,0,15,0,0,49,0,49,0,8,56,0,64,14,0,14,78
03/16/2007,ENW,WI,AGL,CE,Federal Contract Tower,0,7,18,0,25,0,0,97,0,97,0,7,115,0,122,106,0,106,228
03/17/2007,ENW,WI,AGL,CE,Federal Contract Tower,0,4,15,0,19,0,0,129,0,129,0,4,144,0,148,188,0,188,336
03/18/2007,ENW,WI,AGL,CE,Federal Contract Tower,0,17,16,0,33,0,0,144,0,144,0,17,160,0,177,116,0,116,293
03/19/2007,ENW,WI,AGL,CE,Federal Contract Tower,0,4,16,0,20,0,3,72,0,75,0,7,88,0,95,12,0,12,107
03/20/2007,ENW,WI,AGL,CE,Federal Contract Tower,0,5,21,0,26,0,0,104,0,104,0,5,125,0,130,112,0,112,242
03/21/2007,ENW,WI,AGL,CE,Federal Contract Tower,0,3,11,0,14,0,0,7,0,7,0,3,18,0,21,0,0,0,21
03/22/2007,ENW,WI,AGL,CE,Federal Contract Tower,0,4,14,0,18,0,0,77,0,77,0,4,91,0,95,130,0,130,225
03/23/2007,ENW,WI,AGL,CE,Federal Contract Tower,0,8,24,0,32,0,0,41,0,41,0,8,65,0,73,24,0,24,97
03/24/2007,ENW,WI,AGL,CE,Federal Contract Tower,0,6,13,0,19,0,0,47,0,47,0,6,60,0,66,128,0,128,194
03/25/2007,ENW,WI,AGL,CE,Federal Contract Tower,0,5,21,0,26,0,2,93,0,95,0,7,114,0,121,80,0,80,201
03/26/2007,ENW,WI,AGL,CE,Federal Contract Tower,0,13,14,0,27,0,6,142,0,148,0,19,156,0,175,86,0,86,261
03/27/2007,ENW,WI,AGL,CE,Federal Contract Tower,0,8,10,0,18,0,0,28,0,28,0,8,38,0,46,12,0,12,58
03/28/2007,ENW,WI,AGL,CE,Federal Contract Tower,0,6,20,0,26,0,2,8,0,10,0,8,28,0,36,30,0,30,66
03/29/2007,ENW,WI,AGL,CE,Federal Contract Tower,0,11,20,0,31,0,0,95,0,95,0,11,115,0,126,114,0,114,240
03/30/2007,ENW,WI,AGL,CE,Federal Contract Tower,0,8,14,0,22,0,0,97,0,97,0,8,111,0,119,92,0,92,211
03/31/2007,ENW,WI,AGL,CE,Federal Contract Tower,0,10,10,0,20,0,0,62,0,62,0,10,72,0,82,68,0,68,150
04/01/2007,ENW,WI,AGL,CE,Federal Contract Tower,0,8,7,0,15,0,0,53,0,53,0,8,60,0,68,22,0,22,90
04/02/2007,ENW,WI,AGL,CE,Federal Contract Tower,0,4,24,0,28,0,4,135,0,139,0,8,159,0,167,74,0,74,241
04/03/2007,ENW,WI,AGL,CE,Federal Contract Tower,0,10,1,0,11,0,3,47,0,50,0,13,48,0,61,0,0,0,61
04/04/2007,ENW,WI,AGL,CE,Federal Contract Tower,0,1,4,0,5,0,0,7,0,7,0,1,11,0,12,8,0,8,20
04/05/2007,ENW,WI,AGL,CE,Federal Contract Tower,0,3,5,0,8,0,0,43,0,43,0,3,48,0,51,30,0,30,81
04/06/2007,ENW,WI,AGL,CE,Federal Contract Tower,0,4,10,0,14,0,4,84,0,88,0,8,94,0,102,86,0,86,188
04/07/2007,ENW,WI,AGL,CE,Federal Contract Tower,0,2,24,0,26,0,0,50,0,50,0,2,74,0,76,68,0,68,144
04/08/2007,ENW,WI,AGL,CE,Federal Contract Tower,0,1,8,0,9,0,0,78,0,78,0,1,86,0,87,50,0,50,137
04/09/2007,ENW,WI,AGL,CE,Federal Contract Tower,0,6,12,0,18,0,2,68,0,70,0,8,80,0,88,18,0,18,106
04/10/2007,ENW,WI,AGL,CE,Federal Contract Tower,0,6,15,0,21,0,0,99,0,99,0,6,114,0,120,84,0,84,204
04/11/2007,ENW,WI,AGL,CE,Federal Contract Tower,0,1,5,0,6,0,0,0,0,0,0,1,5,0,6,0,0,0,6
04/12/2007,ENW,WI,AGL,CE,Federal Contract Tower,0,3,6,0,9,0,2,31,0,33,0,5,37,0,42,14,0,14,56
04/13/2007,ENW,WI,AGL,CE,Federal Contract Tower,0,4,27,0,31,0,1,123,0,124,0,5,150,0,155,184,0,184,339
04/14/2007,ENW,WI,AGL,CE,Federal Contract Tower,0,2,12,0,14,0,0,123,0,123,0,2,135,0,137,178,0,178,315
04/15/2007,ENW,WI,AGL,CE,Federal Contract Tower,0,8,16,0,24,0,6,157,0,163,0,14,173,0,187,124,0,124,311
04/16/2007,ENW,WI,AGL,CE,Federal Contract Tower,0,4,17,0,21,0,0,85,0,85,0,4,102,0,106,104,0,104,210
04/17/2007,ENW,WI,AGL,CE,Federal Contract Tower,0,7,13,0,20,0,0,70,0,70,0,7,83,0,90,32,0,32,122
04/18/2007,ENW,WI,AGL,CE,Federal Contract Tower,0,7,16,0,23,0,0,10,0,10,0,7,26,0,33,4,0,4,37
04/19/2007,ENW,WI,AGL,CE,Federal Contract Tower,0,5,16,0,21,0,2,96,0,98,0,7,112,0,119,116,0,116,235
04/20/2007,ENW,WI,AGL,CE,Federal Contract Tower,0,5,12,0,17,0,0,134,2,136,0,5,146,2,153,172,6,178,331
04/21/2007,ENW,WI,AGL,CE,Federal Contract Tower,0,2,18,0,20,0,0,160,0,160,0,2,178,0,180,138,0,138,318
04/22/2007,ENW,WI,AGL,CE,Federal Contract Tower,0,10,8,0,18,0,4,123,0,127,0,14,131,0,145,100,0,100,245
04/23/2007,ENW,WI,AGL,CE,Federal Contract Tower,0,1,7,0,8,0,1,58,0,59,0,2,65,0,67,18,0,18,85
04/24/2007,ENW,WI,AGL,CE,Federal Contract Tower,0,11,13,0,24,0,5,113,4,122,0,16,126,4,146,140,0,140,286
04/25/2007,ENW,WI,AGL,CE,Federal Contract Tower,0,9,26,0,35,0,6,22,0,28,0,15,48,0,63,20,0,20,83
04/26/2007,ENW,WI,AGL,CE,Federal Contract Tower,0,10,11,2,23,0,2,0,0,2,0,12,11,2,25,24,0,24,49
04/27/2007,ENW,WI,AGL,CE,Federal Contract Tower,0,8,28,0,36,0,0,80,0,80,0,8,108,0,116,44,0,44,160
04/28/2007,ENW,WI,AGL,CE,Federal Contract Tower,0,4,14,0,18,0,0,108,2,110,0,4,122,2,128,136,0,136,264
04/29/2007,ENW,WI,AGL,CE,Federal Contract Tower,0,5,9,0,14,0,2,128,0,130,0,7,137,0,144,184,0,184,328
04/30/2007,ENW,WI,AGL,CE,Federal Contract Tower,0,13,14,0,27,0,11,97,2,110,0,24,111,2,137,110,0,110,247
05/01/2007,ENW,WI,AGL,CE,Federal Contract Tower,0,12,9,0,21,0,0,101,0,101,0,12,110,0,122,98,0,98,220
05/02/2007,ENW,WI,AGL,CE,Federal Contract Tower,0,9,16,0,25,0,1,97,0,98,0,10,113,0,123,100,0,100,223
05/03/2007,ENW,WI,AGL,CE,Federal Contract Tower,0,6,24,0,30,0,0,77,0,77,0,6,101,0,107,64,0,64,171
05/04/2007,ENW,WI,AGL,CE,Federal Contract Tower,0,3,27,0,30,0,0,100,0,100,0,3,127,0,130,110,0,110,240
05/05/2007,ENW,WI,AGL,CE,Federal Contract Tower,0,3,12,0,15,0,0,83,0,83,0,3,95,0,98,92,0,92,190
05/06/2007,ENW,WI,AGL,CE,Federal Contract Tower,0,1,9,0,10,0,0,138,0,138,0,1,147,0,148,84,0,84,232
05/07/2007,ENW,WI,AGL,CE,Federal Contract Tower,0,9,15,0,24,0,0,112,0,112,0,9,127,0,136,112,0,112,248
05/08/2007,ENW,WI,AGL,CE,Federal Contract Tower,0,12,5,0,17,0,0,71,0,71,0,12,76,0,88,84,0,84,172
05/09/2007,ENW,WI,AGL,CE,Federal Contract Tower,0,7,12,0,19,0,3,59,0,62,0,10,71,0,81,72,0,72,153
05/10/2007,ENW,WI,AGL,CE,Federal Contract Tower,0,8,19,0,27,0,0,96,0,96,0,8,115,0,123,116,0,116,239
05/11/2007,ENW,WI,AGL,CE,Federal Contract Tower,0,10,17,0,27,0,3,93,0,96,0,13,110,0,123,46,0,46,169
05/12/2007,ENW,WI,AGL,CE,Federal Contract Tower,0,1,19,0,20,0,4,119,0,123,0,5,138,0,143,96,0,96,239
05/13/2007,ENW,WI,AGL,CE,Federal Contract Tower,0,3,8,0,11,0,4,122,0,126,0,7,130,0,137,128,0,128,265
05/14/2007,ENW,WI,AGL,CE,Federal Contract Tower,0,9,11,0,20,0,3,55,0,58,0,12,66,0,78,14,0,14,92
05/15/2007,ENW,WI,AGL,CE,Federal Contract Tower,0,7,16,0,23,0,3,30,0,33,0,10,46,0,56,22,0,22,78
05/16/2007,ENW,WI,AGL,CE,Federal Contract Tower,0,9,26,2,37,0,1,74,0,75,0,10,100,2,112,86,0,86,198
05/17/2007,ENW,WI,AGL,CE,Federal Contract Tower,0,7,26,2,35,0,12,151,0,163,0,19,177,2,198,98,0,98,296
05/18/2007,ENW,WI,AGL,CE,Federal Contract Tower,0,9,12,0,21,0,0,145,0,145,0,9,157,0,166,102,0,102,268
05/19/2007,ENW,WI,AGL,CE,Federal Contract Tower,0,1,16,0,17,0,0,84,0,84,0,1,100,0,101,50,0,50,151
05/20/2007,ENW,WI,AGL,CE,Federal Contract Tower,0,0,13,0,13,0,0,57,0,57,0,0,70,0,70,48,0,48,118
05/21/2007,ENW,WI,AGL,CE,Federal Contract Tower,0,14,16,0,30,0,2,91,2,95,0,16,107,2,125,62,0,62,187
05/22/2007,ENW,WI,AGL,CE,Federal Contract Tower,0,8,14,0,22,0,3,106,0,109,0,11,120,0,131,130,0,130,261
05/23/2007,ENW,WI,AGL,CE,Federal Contract Tower,0,7,22,0,29,0,4,77,0,81,0,11,99,0,110,86,0,86,196
05/24/2007,ENW,WI,AGL,CE,Federal Contract Tower,0,8,16,0,24,0,1,39,0,40,0,9,55,0,64,0,0,0,64
05/25/2007,ENW,WI,AGL,CE,Federal Contract Tower,0,2,28,0,30,0,0,126,0,126,0,2,154,0,156,198,0,198,354
05/26/2007,ENW,WI,AGL,CE,Federal Contract Tower,0,4,26,0,30,0,0,19,0,19,0,4,45,0,49,20,0,20,69
05/27/2007,ENW,WI,AGL,CE,Federal Contract Tower,0,4,5,0,9,0,1,124,0,125,0,5,129,0,134,78,0,78,212
05/28/2007,ENW,WI,AGL,CE,Federal Contract Tower,0,6,22,0,28,0,0,147,0,147,0,6,169,0,175,94,0,94,269
05/29/2007,ENW,WI,AGL,CE,Federal Contract Tower,0,16,25,0,41,0,0,101,0,101,0,16,126,0,142,104,0,104,246
05/30/2007,ENW,WI,AGL,CE,Federal Contract Tower,0,7,19,0,26,0,0,67,2,69,0,7,86,2,95,30,0,30,125
05/31/2007,ENW,WI,AGL,CE,Federal Contract Tower,0,0,17,0,17,0,0,60,0,60,0,0,77,0,77,48,0,48,125
06/01/2007,ENW,WI,AGL,CE,Federal Contract Tower,0,4,26,0,30,0,6,53,0,59,0,10,79,0,89,86,0,86,175
06/02/2007,ENW,WI,AGL,CE,Federal Contract Tower,0,0,6,0,6,0,2,85,0,87,0,2,91,0,93,224,0,224,317
06/03/2007,ENW,WI,AGL,CE,Federal Contract Tower,0,5,8,0,13,0,0,70,0,70,0,5,78,0,83,108,0,108,191
06/04/2007,ENW,WI,AGL,CE,Federal Contract Tower,0,5,17,0,22,0,0,5,0,5,0,5,22,0,27,0,0,0,27
06/05/2007,ENW,WI,AGL,CE,Federal Contract Tower,0,1,20,0,21,0,0,72,0,72,0,1,92,0,93,26,0,26,119
06/06/2007,ENW,WI,AGL,CE,Federal Contract Tower,0,5,13,0,18,0,2,84,0,86,0,7,97,0,104,70,0,70,174
06/07/2007,ENW,WI,AGL,CE,Federal Contract Tower,0,9,9,0,18,0,1,11,0,12,0,10,20,0,30,0,0,0,30
06/08/2007,ENW,WI,AGL,CE,Federal Contract Tower,0,5,15,0,20,0,1,70,0,71,0,6,85,0,91,42,0,42,133
06/09/2007,ENW,WI,AGL,CE,Federal Contract Tower,0,5,21,0,26,0,1,122,0,123,0,6,143,0,149,98,0,98,247
06/10/2007,ENW,WI,AGL,CE,Federal Contract Tower,0,10,8,0,18,0,2,132,0,134,0,12,140,0,152,80,0,80,232
06/11/2007,ENW,WI,AGL,CE,Federal Contract Tower,0,12,15,0,27,0,1,100,0,101,0,13,115,0,128,82,0,82,210
06/12/2007,ENW,WI,AGL,CE,Federal Contract Tower,0,13,31,0,44,0,1,114,0,115,0,14,145,0,159,60,0,60,219
06/13/2007,ENW,WI,AGL,CE,Federal Contract Tower,0,10,16,0,26,0,3,121,0,124,0,13,137,0,150,72,0,72,222
06/14/2007,ENW,WI,AGL,CE,Federal Contract Tower,0,6,18,0,24,0,0,68,0,68,0,6,86,0,92,44,0,44,136
06/15/2007,ENW,WI,AGL,CE,Federal Contract Tower,0,10,20,0,30,0,3,103,0,106,0,13,123,0,136,102,0,102,238
06/16/2007,ENW,WI,AGL,CE,Federal Contract Tower,0,0,18,2,20,0,0,120,0,120,0,0,138,2,140,40,0,40,180
06/17/2007,ENW,WI,AGL,CE,Federal Contract Tower,0,4,7,0,11,0,0,95,0,95,0,4,102,0,106,72,0,72,178
06/18/2007,ENW,WI,AGL,CE,Federal Contract Tower,0,6,14,0,20,0,0,47,4,51,0,6,61,4,71,10,0,10,81
06/19/2007,ENW,WI,AGL,CE,Federal Contract Tower,0,4,16,0,20,0,0,74,10,84,0,4,90,10,104,41,0,41,145
06/20/2007,ENW,WI,AGL,CE,Federal Contract Tower,0,3,12,0,15,0,0,125,0,125,0,3,137,0,140,46,0,46,186
06/21/2007,ENW,WI,AGL,CE,Federal Contract Tower,0,8,30,0,38,0,0,103,0,103,0,8,133,0,141,78,0,78,219
06/22/2007,ENW,WI,AGL,CE,Federal Contract Tower,0,9,31,0,40,0,5,114,1,120,0,14,145,1,160,53,0,53,213
06/23/2007,ENW,WI,AGL,CE,Federal Contract Tower,0,3,15,0,18,0,0,87,0,87,0,3,102,0,105,133,0,133,238
06/24/2007,ENW,WI,AGL,CE,Federal Contract Tower,0,7,24,0,31,0,0,93,0,93,0,7,117,0,124,36,0,36,160
06/25/2007,ENW,WI,AGL,CE,Federal Contract Tower,0,8,22,0,30,0,1,75,4,80,0,9,97,4,110,74,0,74,184
06/26/2007,ENW,WI,AGL,CE,Federal Contract Tower,0,7,22,0,29,0,0,63,0,63,0,7,85,0,92,28,0,28,120
06/27/2007,ENW,WI,AGL,CE,Federal Contract Tower,0,5,16,0,21,0,1,32,2,35,0,6,48,2,56,44,0,44,100
06/28/2007,ENW,WI,AGL,CE,Federal Contract Tower,0,8,22,0,30,0,0,89,0,89,0,8,111,0,119,112,0,112,231
06/29/2007,ENW,WI,AGL,CE,Federal Contract Tower,0,5,39,0,44,0,0,140,8,148,0,5,179,8,192,174,0,174,366
06/30/2007,ENW,WI,AGL,CE,Federal Contract Tower,0,0,18,0,18,0,0,136,0,136,0,0,154,0,154,194,0,194,348
07/01/2007,ENW,WI,AGL,CE,Federal Contract Tower,0,7,11,0,18,0,0,140,2,142,0,7,151,2,160,96,2,98,258
07/02/2007,ENW,WI,AGL,CE,Federal Contract Tower,0,3,20,0,23,0,3,96,0,99,0,6,116,0,122,70,0,70,192
07/03/2007,ENW,WI,AGL,CE,Federal Contract Tower,0,7,12,0,19,0,0,111,2,113,0,7,123,2,132,68,6,74,206
07/04/2007,ENW,WI,AGL,CE,Federal Contract Tower,0,4,10,0,14,0,0,46,0,46,0,4,56,0,60,130,0,130,190
07/05/2007,ENW,WI,AGL,CE,Federal Contract Tower,0,1,25,0,26,0,1,73,0,74,0,2,98,0,100,118,0,118,218
07/06/2007,ENW,WI,AGL,CE,Federal Contract Tower,0,3,14,0,17,0,0,162,0,162,0,3,176,0,179,62,0,62,241
07/07/2007,ENW,WI,AGL,CE,Federal Contract Tower,0,1,19,0,20,0,0,131,0,131,0,1,150,0,151,68,0,68,219
07/08/2007,ENW,WI,AGL,CE,Federal Contract Tower,0,10,12,0,22,0,2,81,0,83,0,12,93,0,105,74,0,74,179
07/09/2007,ENW,WI,AGL,CE,Federal Contract Tower,0,10,6,0,16,0,7,31,0,38,0,17,37,0,54,0,0,0,54
07/10/2007,ENW,WI,AGL,CE,Federal Contract Tower,0,9,12,0,21,0,0,76,0,76,0,9,88,0,97,56,0,56,153
07/11/2007,ENW,WI,AGL,CE,Federal Contract Tower,0,4,16,0,20,0,3,82,0,85,0,7,98,0,105,44,0,44,149
07/12/2007,ENW,WI,AGL,CE,Federal Contract Tower,0,9,13,0,22,0,1,92,0,93,0,10,105,0,115,56,4,60,175
07/13/2007,ENW,WI,AGL,CE,Federal Contract Tower,0,4,24,0,28,0,2,109,0,111,0,6,133,0,139,24,0,24,163
07/14/2007,ENW,WI,AGL,CE,Federal Contract Tower,0,6,12,0,18,0,2,67,0,69,0,8,79,0,87,52,0,52,139
07/15/2007,ENW,WI,AGL,CE,Federal Contract Tower,0,6,22,0,28,0,0,120,0,120,0,6,142,0,148,114,0,114,262
07/16/2007,ENW,WI,AGL,CE,Federal Contract Tower,0,15,15,0,30,0,4,63,0,67,0,19,78,0,97,30,0,30,127
07/17/2007,ENW,WI,AGL,CE,Federal Contract Tower,0,6,6,0,12,0,0,70,0,70,0,6,76,0,82,30,0,30,112
07/18/2007,ENW,WI,AGL,CE,Federal Contract Tower,0,15,5,0,20,0,0,64,0,64,0,15,69,0,84,66,0,66,150
07/19/2007,ENW,WI,AGL,CE,Federal Contract Tower,0,7,13,0,20,0,4,74,0,78,0,11,87,0,98,88,0,88,186
07/20/2007,ENW,WI,AGL,CE,Federal Contract Tower,0,5,25,0,30,0,0,138,0,138,0,5,163,0,168,118,0,118,286
07/21/2007,ENW,WI,AGL,CE,Federal Contract Tower,0,5,24,0,29,0,0,167,0,167,0,5,191,0,196,130,0,130,326
07/22/2007,ENW,WI,AGL,CE,Federal Contract Tower,0,7,10,0,17,0,1,181,2,184,0,8,191,2,201,88,0,88,289
07/23/2007,ENW,WI,AGL,CE,Federal Contract Tower,0,5,13,0,18,0,0,112,0,112,0,5,125,0,130,24,0,24,154
07/24/2007,ENW,WI,AGL,CE,Federal Contract Tower,0,8,15,0,23,0,0,156,0,156,0,8,171,0,179,114,0,114,293
07/25/2007,ENW,WI,AGL,CE,Federal Contract Tower,0,8,15,0,23,0,0,100,0,100,0,8,115,0,123,54,0,54,177
07/26/2007,ENW,WI,AGL,CE,Federal Contract Tower,0,10,15,0,25,0,2,57,0,59,0,12,72,0,84,34,0,34,118
07/27/2007,ENW,WI,AGL,CE,Federal Contract Tower,0,3,16,0,19,0,0,72,0,72,0,3,88,0,91,132,70,202,293
07/28/2007,ENW,WI,AGL,CE,Federal Contract Tower,0,0,12,0,12,0,0,121,0,121,0,0,133,0,133,122,0,122,255
07/29/2007,ENW,WI,AGL,CE,Federal Contract Tower,0,6,7,0,13,0,0,136,0,136,0,6,143,0,149,110,0,110,259
07/30/2007,ENW,WI,AGL,CE,Federal Contract Tower,0,3,8,0,11,0,11,94,2,107,0,14,102,2,118,44,0,44,162
07/31/2007,ENW,WI,AGL,CE,Federal Contract Tower,0,8,4,0,12,0,2,103,0,105,0,10,107,0,117,48,0,48,165
08/01/2007,ENW,WI,AGL,CE,Federal Contract Tower,0,6,10,0,16,0,1,92,0,93,0,7,102,0,109,102,0,102,211
08/02/2007,ENW,WI,AGL,CE,Federal Contract Tower,0,2,18,0,20,0,4,91,0,95,0,6,109,0,115,86,0,86,201
08/03/2007,ENW,WI,AGL,CE,Federal Contract Tower,0,9,14,0,23,0,0,126,0,126,0,9,140,0,149,116,0,116,265
08/04/2007,ENW,WI,AGL,CE,Federal Contract Tower,0,4,16,0,20,0,0,73,0,73,0,4,89,0,93,108,0,108,201
08/05/2007,ENW,WI,AGL,CE,Federal Contract Tower,0,4,10,0,14,0,0,52,0,52,0,4,62,0,66,70,2,72,138
08/06/2007,ENW,WI,AGL,CE,Federal Contract Tower,0,5,25,0,30,0,2,46,0,48,0,7,71,0,78,0,0,0,78
08/07/2007,ENW,WI,AGL,CE,Federal Contract Tower,0,10,7,0,17,0,0,76,0,76,0,10,83,0,93,30,0,30,123
08/08/2007,ENW,WI,AGL,CE,Federal Contract Tower,0,5,21,2,28,0,0,69,0,69,0,5,90,2,97,114,2,116,213
08/09/2007,ENW,WI,AGL,CE,Federal Contract Tower,0,10,19,0,29,0,4,50,0,54,0,14,69,0,83,56,0,56,139
08/10/2007,ENW,WI,AGL,CE,Federal Contract Tower,0,3,17,0,20,0,0,102,0,102,0,3,119,0,122,198,0,198,320
08/11/2007,ENW,WI,AGL,CE,Federal Contract Tower,0,1,14,2,17,0,3,116,4,123,0,4,130,6,140,100,0,100,240
08/12/2007,ENW,WI,AGL,CE,Federal Contract Tower,0,5,14,0,19,0,1,123,0,124,0,6,137,0,143,82,0,82,225
08/13/2007,ENW,WI,AGL,CE,Federal Contract Tower,0,11,22,0,33,0,0,95,0,95,0,11,117,0,128,44,0,44,172
08/14/2007,ENW,WI,AGL,CE,Federal Contract Tower,0,11,16,0,27,0,0,83,1,84,0,11,99,1,111,26,0,26,137
08/15/2007,ENW,WI,AGL,CE,Federal Contract Tower,0,5,12,0,17,0,0,38,0,38,0,5,50,0,55,62,0,62,117
08/16/2007,ENW,WI,AGL,CE,Federal Contract Tower,0,4,18,0,22,0,2,75,2,79,0,6,93,2,101,112,0,112,213
08/17/2007,ENW,WI,AGL,CE,Federal Contract Tower,0,6,17,0,23,0,0,149,0,149,0,6,166,0,172,130,0,130,302
08/18/2007,ENW,WI,AGL,CE,Federal Contract Tower,0,2,14,0,16,0,0,69,0,69,0,2,83,0,85,134,0,134,219
08/19/2007,ENW,WI,AGL,CE,Federal Contract Tower,0,12,9,0,21,0,0,9,0,9,0,12,18,0,30,0,0,0,30
08/20/2007,ENW,WI,AGL,CE,Federal Contract Tower,0,13,12,0,25,0,2,6,0,8,0,15,18,0,33,0,0,0,33
08/21/2007,ENW,WI,AGL,CE,Federal Contract Tower,0,7,26,0,33,0,0,57,0,57,0,7,83,0,90,68,0,68,158
08/22/2007,ENW,WI,AGL,CE,Federal Contract Tower,0,8,14,3,25,0,5,77,0,82,0,13,91,3,107,120,6,126,233
08/23/2007,ENW,WI,AGL,CE,Federal Contract Tower,0,6,20,0,26,0,3,41,0,44,0,9,61,0,70,58,0,58,128
08/24/2007,ENW,WI,AGL,CE,Federal Contract Tower,0,8,7,0,15,0,2,91,0,93,0,10,98,0,108,132,0,132,240
08/25/2007,ENW,WI,AGL,CE,Federal Contract Tower,0,2,16,0,18,0,1,90,0,91,0,3,106,0,109,176,0,176,285
08/26/2007,ENW,WI,AGL,CE,Federal Contract Tower,0,10,7,0,17,0,0,159,0,159,0,10,166,0,176,148,0,148,324
08/27/2007,ENW,WI,AGL,CE,Federal Contract Tower,0,7,9,0,16,0,0,51,0,51,0,7,60,0,67,38,0,38,105
08/28/2007,ENW,WI,AGL,CE,Federal Contract Tower,0,20,9,0,29,0,0,109,0,109,0,20,118,0,138,72,0,72,210
08/29/2007,ENW,WI,AGL,CE,Federal Contract Tower,0,3,27,0,30,0,1,62,0,63,0,4,89,0,93,22,0,22,115
08/30/2007,ENW,WI,AGL,CE,Federal Contract Tower,0,8,17,0,25,0,1,100,0,101,0,9,117,0,126,168,0,168,294
08/31/2007,ENW,WI,AGL,CE,Federal Contract Tower,0,14,11,0,25,0,0,138,0,138,0,14,149,0,163,180,0,180,343
09/01/2007,ENW,WI,AGL,CE,Federal Contract Tower,0,1,6,0,7,0,0,135,0,135,0,1,141,0,142,96,0,96,238
09/02/2007,ENW,WI,AGL,CE,Federal Contract Tower,0,3,7,0,10,0,0,91,0,91,0,3,98,0,101,84,0,84,185
09/03/2007,ENW,WI,AGL,CE,Federal Contract Tower,0,3,14,0,17,0,0,116,0,116,0,3,130,0,133,48,0,48,181
09/04/2007,ENW,WI,AGL,CE,Federal Contract Tower,0,11,9,0,20,0,0,121,0,121,0,11,130,0,141,78,0,78,219
09/05/2007,ENW,WI,AGL,CE,Federal Contract Tower,0,5,12,0,17,0,3,81,0,84,0,8,93,0,101,84,0,84,185
09/06/2007,ENW,WI,AGL,CE,Federal Contract Tower,0,3,13,0,16,0,0,31,0,31,0,3,44,0,47,18,0,18,65
09/07/2007,ENW,WI,AGL,CE,Federal Contract Tower,0,7,9,0,16,0,0,64,0,64,0,7,73,0,80,38,0,38,118
09/08/2007,ENW,WI,AGL,CE,Federal Contract Tower,0,5,20,0,25,0,4,98,0,102,0,9,118,0,127,228,0,228,355
09/09/2007,ENW,WI,AGL,CE,Federal Contract Tower,0,7,17,0,24,0,0,76,0,76,0,7,93,0,100,64,0,64,164
09/10/2007,ENW,WI,AGL,CE,Federal Contract Tower,0,9,13,0,22,0,0,15,0,15,0,9,28,0,37,40,0,40,77
09/11/2007,ENW,WI,AGL,CE,Federal Contract Tower,0,5,11,0,16,0,0,72,0,72,0,5,83,0,88,70,0,70,158
09/12/2007,ENW,WI,AGL,CE,Federal Contract Tower,0,3,16,0,19,0,1,113,0,114,0,4,129,0,133,176,0,176,309
09/13/2007,ENW,WI,AGL,CE,Federal Contract Tower,0,7,8,0,15,0,1,108,0,109,0,8,116,0,124,90,0,90,214
09/14/2007,ENW,WI,AGL,CE,Federal Contract Tower,0,10,12,0,22,0,0,103,0,103,0,10,115,0,125,118,0,118,243
09/15/2007,ENW,WI,AGL,CE,Federal Contract Tower,0,2,9,2,13,0,1,152,0,153,0,3,161,2,166,218,0,218,384
09/16/2007,ENW,WI,AGL,CE,Federal Contract Tower,0,8,14,0,22,0,3,89,0,92,0,11,103,0,114,132,0,132,246
09/17/2007,ENW,WI,AGL,CE,Federal Contract Tower,0,8,24,0,32,0,0,65,0,65,0,8,89,0,97,36,0,36,133
09/18/2007,ENW,WI,AGL,CE,Federal Contract Tower,0,13,4,0,17,0,11,87,0,98,0,24,91,0,115,0,102,102,217
09/19/2007,ENW,WI,AGL,CE,Federal Contract Tower,0,5,17,0,22,0,3,105,0,108,0,8,122,0,130,84,0,84,214
09/20/2007,ENW,WI,AGL,CE,Federal Contract Tower,0,9,16,0,25,0,1,113,0,114,0,10,129,0,139,112,0,112,251
09/21/2007,ENW,WI,AGL,CE,Federal Contract Tower,0,10,3,0,13,0,1,116,0,117,0,11,119,0,130,72,0,72,202
09/22/2007,ENW,WI,AGL,CE,Federal Contract Tower,0,7,24,0,31,0,1,157,0,158,0,8,181,0,189,150,0,150,339
09/23/2007,ENW,WI,AGL,CE,Federal Contract Tower,0,10,16,0,26,0,2,139,0,141,0,12,155,0,167,92,0,92,259
09/24/2007,ENW,WI,AGL,CE,Federal Contract Tower,0,2,12,0,14,0,0,70,0,70,0,2,82,0,84,68,0,68,152
09/25/2007,ENW,WI,AGL,CE,Federal Contract Tower,0,6,3,0,9,0,4,37,0,41,0,10,40,0,50,50,0,50,100
09/26/2007,ENW,WI,AGL,CE,Federal Contract Tower,0,4,20,0,24,0,1,123,0,124,0,5,143,0,148,152,0,152,300
09/27/2007,ENW,WI,AGL,CE,Federal Contract Tower,0,6,13,0,19,0,3,82,0,85,0,9,95,0,104,42,0,42,146
09/28/2007,ENW,WI,AGL,CE,Federal Contract Tower,0,5,15,0,20,0,0,160,0,160,0,5,175,0,180,112,0,112,292
09/29/2007,ENW,WI,AGL,CE,Federal Contract Tower,0,3,15,0,18,0,0,143,0,143,0,3,158,0,161,184,0,184,345
09/30/2007,ENW,WI,AGL,CE,Federal Contract Tower,0,4,11,0,15,0,0,118,0,118,0,4,129,0,133,12,0,12,145
10/01/2007,ENW,WI,AGL,CE,Federal Contract Tower,0,8,23,0,31,0,0,28,0,28,0,8,51,0,59,12,0,12,71
10/02/2007,ENW,WI,AGL,CE,Federal Contract Tower,0,10,14,0,24,0,0,52,0,52,0,10,66,0,76,56,44,100,176
10/03/2007,ENW,WI,AGL,CE,Federal Contract Tower,0,2,23,0,25,0,0,140,0,140,0,2,163,0,165,184,0,184,349
10/04/2007,ENW,WI,AGL,CE,Federal Contract Tower,0,5,14,0,19,0,0,107,0,107,0,5,121,0,126,162,0,162,288
10/05/2007,ENW,WI,AGL,CE,Federal Contract Tower,0,4,18,0,22,0,3,126,0,129,0,7,144,0,151,116,0,116,267
10/06/2007,ENW,WI,AGL,CE,Federal Contract Tower,0,0,19,0,19,0,0,120,0,120,0,0,139,0,139,120,0,120,259
10/07/2007,ENW,WI,AGL,CE,Federal Contract Tower,0,3,20,0,23,0,0,75,0,75,0,3,95,0,98,46,0,46,144
10/08/2007,ENW,WI,AGL,CE,Federal Contract Tower,0,9,13,0,22,0,3,62,0,65,0,12,75,0,87,56,0,56,143
10/09/2007,ENW,WI,AGL,CE,Federal Contract Tower,0,5,11,0,16,0,1,50,0,51,0,6,61,0,67,46,0,46,113
10/10/2007,ENW,WI,AGL,CE,Federal Contract Tower,0,7,21,0,28,0,4,37,0,41,0,11,58,0,69,54,0,54,123
10/11/2007,ENW,WI,AGL,CE,Federal Contract Tower,0,4,19,0,23,0,4,44,0,48,0,8,63,0,71,52,0,52,123
10/12/2007,ENW,WI,AGL,CE,Federal Contract Tower,0,6,13,0,19,0,1,95,0,96,0,7,108,0,115,124,0,124,239
10/13/2007,ENW,WI,AGL,CE,Federal Contract Tower,0,1,10,0,11,0,0,110,0,110,0,1,120,0,121,172,0,172,293
10/14/2007,ENW,WI,AGL,CE,Federal Contract Tower,0,5,19,0,24,0,0,14,0,14,0,5,33,0,38,72,0,72,110
10/15/2007,ENW,WI,AGL,CE,Federal Contract Tower,0,11,9,0,20,0,0,83,0,83,0,11,92,0,103,100,0,100,203
10/16/2007,ENW,WI,AGL,CE,Federal Contract Tower,0,3,11,0,14,0,0,17,0,17,0,3,28,0,31,46,0,46,77
10/17/2007,ENW,WI,AGL,CE,Federal Contract Tower,0,4,27,0,31,0,0,100,0,100,0,4,127,0,131,98,0,98,229
10/18/2007,ENW,WI,AGL,CE,Federal Contract Tower,0,3,9,0,12,0,0,21,0,21,0,3,30,0,33,6,0,6,39
10/19/2007,ENW,WI,AGL,CE,Federal Contract Tower,0,1,11,0,12,0,0,6,0,6,0,1,17,0,18,0,0,0,18
10/20/2007,ENW,WI,AGL,CE,Federal Contract Tower,0,1,14,0,15,0,0,134,0,134,0,1,148,0,149,224,0,224,373
10/21/2007,ENW,WI,AGL,CE,Federal Contract Tower,0,11,13,0,24,0,0,75,0,75,0,11,88,0,99,38,0,38,137
10/22/2007,ENW,WI,AGL,CE,Federal Contract Tower,0,9,22,0,31,0,11,49,0,60,0,20,71,0,91,50,0,50,141
10/23/2007,ENW,WI,AGL,CE,Federal Contract Tower,0,4,16,0,20,0,0,132,0,132,0,4,148,0,152,134,0,134,286
10/24/2007,ENW,WI,AGL,CE,Federal Contract Tower,0,1,15,0,16,0,0,91,0,91,0,1,106,0,107,138,0,138,245
10/25/2007,ENW,WI,AGL,CE,Federal Contract Tower,0,5,5,0,10,0,1,81,0,82,0,6,86,0,92,152,0,152,244
10/26/2007,ENW,WI,AGL,CE,Federal Contract Tower,0,2,11,0,13,0,2,36,0,38,0,4,47,0,51,94,0,94,145
10/27/2007,ENW,WI,AGL,CE,Federal Contract Tower,0,1,17,0,18,0,0,111,0,111,0,1,128,0,129,172,0,172,301
10/28/2007,ENW,WI,AGL,CE,Federal Contract Tower,0,4,19,0,23,0,0,107,0,107,0,4,126,0,130,118,0,118,248
10/29/2007,ENW,WI,AGL,CE,Federal Contract Tower,0,9,26,0,35,0,6,101,0,107,0,15,127,0,142,86,0,86,228
10/30/2007,ENW,WI,AGL,CE,Federal Contract Tower,0,4,15,0,19,0,0,104,0,104,0,4,119,0,123,56,0,56,179
10/31/2007,ENW,WI,AGL,CE,Federal Contract Tower,0,2,2,0,4,0,0,39,0,39,0,2,41,0,43,36,0,36,79
11/01/2007,ENW,WI,AGL,CE,Federal Contract Tower,0,7,16,0,23,0,0,96,0,96,0,7,112,0,119,86,0,86,205
11/02/2007,ENW,WI,AGL,CE,Federal Contract Tower,0,4,21,0,25,0,0,99,0,99,0,4,120,0,124,62,0,62,186
11/03/2007,ENW,WI,AGL,CE,Federal Contract Tower,0,2,11,0,13,0,0,122,0,122,0,2,133,0,135,180,0,180,315
11/04/2007,ENW,WI,AGL,CE,Federal Contract Tower,0,5,10,0,15,0,2,130,0,132,0,7,140,0,147,166,0,166,313
11/05/2007,ENW,WI,AGL,CE,Federal Contract Tower,0,6,5,0,11,0,3,32,4,39,0,9,37,4,50,20,0,20,70
11/06/2007,ENW,WI,AGL,CE,Federal Contract Tower,0,5,4,0,9,0,0,14,0,14,0,5,18,0,23,52,0,52,75
11/07/2007,ENW,WI,AGL,CE,Federal Contract Tower,0,4,15,0,19,0,0,98,0,98,0,4,113,0,117,74,0,74,191
11/08/2007,ENW,WI,AGL,CE,Federal Contract Tower,0,11,27,0,38,0,1,104,0,105,0,12,131,0,143,160,0,160,303
11/09/2007,ENW,WI,AGL,CE,Federal Contract Tower,0,0,20,0,20,0,1,104,0,105,0,1,124,0,125,115,0,115,240
11/10/2007,ENW,WI,AGL,CE,Federal Contract Tower,0,1,14,0,15,0,0,106,0,106,0,1,120,0,121,148,0,148,269
11/11/2007,ENW,WI,AGL,CE,Federal Contract Tower,0,8,13,0,21,0,3,31,0,34,0,11,44,0,55,78,0,78,133
11/12/2007,ENW,WI,AGL,CE,Federal Contract Tower,0,10,20,0,30,0,1,60,0,61,0,11,80,0,91,26,0,26,117
11/13/2007,ENW,WI,AGL,CE,Federal Contract Tower,0,10,8,0,18,0,6,4,0,10,0,16,12,0,28,102,0,102,130
11/14/2007,ENW,WI,AGL,CE,Federal Contract Tower,0,3,10,0,13,0,1,54,0,55,0,4,64,0,68,42,0,42,110
11/15/2007,ENW,WI,AGL,CE,Federal Contract Tower,0,7,8,0,15,0,3,31,0,34,0,10,39,0,49,84,0,84,133
11/16/2007,ENW,WI,AGL,CE,Federal Contract Tower,0,9,16,0,25,0,2,84,0,86,0,11,100,0,111,88,0,88,199
11/17/2007,ENW,WI,AGL,CE,Federal Contract Tower,0,2,9,0,11,0,0,39,0,39,0,2,48,0,50,24,0,24,74
11/18/2007,ENW,WI,AGL,CE,Federal Contract Tower,0,11,8,0,19,0,0,43,0,43,0,11,51,0,62,30,0,30,92
11/19/2007,ENW,WI,AGL,CE,Federal Contract Tower,0,5,10,0,15,0,0,4,0,4,0,5,14,0,19,0,0,0,19
11/20/2007,ENW,WI,AGL,CE,Federal Contract Tower,0,5,7,0,12,0,0,3,0,3,0,5,10,0,15,10,0,10,25
11/21/2007,ENW,WI,AGL,CE,Federal Contract Tower,0,6,11,0,17,0,0,2,0,2,0,6,13,0,19,0,0,0,19
11/22/2007,ENW,WI,AGL,CE,Federal Contract Tower,0,2,1,0,3,0,0,1,0,1,0,2,2,0,4,2,0,2,6
11/23/2007,ENW,WI,AGL,CE,Federal Contract Tower,0,3,10,0,13,0,11,99,0,110,0,14,109,0,123,140,0,140,263
11/24/2007,ENW,WI,AGL,CE,Federal Contract Tower,0,2,5,0,7,0,0,85,0,85,0,2,90,0,92,64,0,64,156
11/25/2007,ENW,WI,AGL,CE,Federal Contract Tower,0,7,15,0,22,0,0,54,0,54,0,7,69,0,76,88,0,88,164
11/26/2007,ENW,WI,AGL,CE,Federal Contract Tower,0,6,6,0,12,0,0,19,0,19,0,6,25,0,31,38,0,38,69
11/27/2007,ENW,WI,AGL,CE,Federal Contract Tower,0,2,3,0,5,0,0,56,0,56,0,2,59,0,61,72,0,72,133
11/28/2007,ENW,WI,AGL,CE,Federal Contract Tower,0,7,5,0,12,0,1,53,0,54,0,8,58,0,66,76,0,76,142
11/29/2007,ENW,WI,AGL,CE,Federal Contract Tower,0,3,9,0,12,0,0,48,0,48,0,3,57,0,60,18,0,18,78
11/30/2007,ENW,WI,AGL,CE,Federal Contract Tower,0,6,5,0,11,0,0,83,0,83,0,6,88,0,94,136,0,136,230
12/01/2007,ENW,WI,AGL,CE,Federal Contract Tower,0,2,8,0,10,0,0,27,0,27,0,2,35,0,37,54,0,54,91
12/02/2007,ENW,WI,AGL,CE,Federal Contract Tower,0,5,0,0,5,0,0,1,0,1,0,5,1,0,6,0,0,0,6
12/03/2007,ENW,WI,AGL,CE,Federal Contract Tower,0,7,11,0,18,0,3,76,0,79,0,10,87,0,97,58,0,58,155
12/04/2007,ENW,WI,AGL,CE,Federal Contract Tower,0,7,8,0,15,0,0,76,0,76,0,7,84,0,91,32,0,32,123
12/05/2007,ENW,WI,AGL,CE,Federal Contract Tower,0,4,4,0,8,0,0,29,0,29,0,4,33,0,37,32,0,32,69
12/06/2007,ENW,WI,AGL,CE,Federal Contract Tower,0,6,9,0,15,0,0,42,0,42,0,6,51,0,57,14,0,14,71
12/07/2007,ENW,WI,AGL,CE,Federal Contract Tower,0,7,2,0,9,0,0,19,0,19,0,7,21,0,28,58,0,58,86
12/08/2007,ENW,WI,AGL,CE,Federal Contract Tower,0,2,10,0,12,0,0,67,0,67,0,2,77,0,79,180,0,180,259
12/09/2007,ENW,WI,AGL,CE,Federal Contract Tower,0,8,1,0,9,0,0,0,0,0,0,8,1,0,9,0,0,0,9
12/10/2007,ENW,WI,AGL,CE,Federal Contract Tower,0,12,5,0,17,0,6,23,0,29,0,18,28,0,46,88,0,88,134
12/11/2007,ENW,WI,AGL,CE,Federal Contract Tower,0,7,0,0,7,0,0,0,0,0,0,7,0,0,7,0,0,0,7
12/12/2007,ENW,WI,AGL,CE,Federal Contract Tower,0,9,8,0,17,0,0,83,0,83,0,9,91,0,100,108,0,108,208
12/13/2007,ENW,WI,AGL,CE,Federal Contract Tower,0,4,5,0,9,0,0,15,0,15,0,4,20,0,24,36,0,36,60
12/14/2007,ENW,WI,AGL,CE,Federal Contract Tower,0,2,11,0,13,0,0,80,0,80,0,2,91,0,93,76,0,76,169
12/15/2007,ENW,WI,AGL,CE,Federal Contract Tower,0,0,2,0,2,0,0,0,0,0,0,0,2,0,2,16,0,16,18
12/16/2007,ENW,WI,AGL,CE,Federal Contract Tower,0,5,14,0,19,0,0,34,0,34,0,5,48,0,53,12,0,12,65
12/17/2007,ENW,WI,AGL,CE,Federal Contract Tower,0,9,2,0,11,0,2,24,0,26,0,11,26,0,37,34,0,34,71
12/18/2007,ENW,WI,AGL,CE,Federal Contract Tower,0,5,16,0,21,0,0,78,0,78,0,5,94,0,99,98,0,98,197
12/19/2007,ENW,WI,AGL,CE,Federal Contract Tower,0,10,12,0,22,0,7,71,0,78,0,17,83,0,100,171,0,171,271
12/20/2007,ENW,WI,AGL,CE,Federal Contract Tower,0,4,11,0,15,0,0,33,0,33,0,4,44,0,48,86,0,86,134
12/21/2007,ENW,WI,AGL,CE,Federal Contract Tower,0,3,15,0,18,0,0,1,0,1,0,3,16,0,19,2,0,2,21
12/22/2007,ENW,WI,AGL,CE,Federal Contract Tower,0,2,4,0,6,0,0,0,0,0,0,2,4,0,6,0,0,0,6
12/23/2007,ENW,WI,AGL,CE,Federal Contract Tower,0,9,4,0,13,0,0,5,0,5,0,9,9,0,18,0,0,0,18
12/24/2007,ENW,WI,AGL,CE,Federal Contract Tower,0,1,3,0,4,0,3,13,0,16,0,4,16,0,20,0,0,0,20
12/25/2007,ENW,WI,AGL,CE,Federal Contract Tower,0,1,1,0,2,0,0,25,0,25,0,1,26,0,27,18,0,18,45
12/26/2007,ENW,WI,AGL,CE,Federal Contract Tower,0,3,7,0,10,0,0,54,0,54,0,3,61,0,64,82,0,82,146
12/27/2007,ENW,WI,AGL,CE,Federal Contract Tower,0,3,4,0,7,0,2,34,0,36,0,5,38,0,43,82,0,82,125
12/28/2007,ENW,WI,AGL,CE,Federal Contract Tower,0,3,1,0,4,0,0,0,0,0,0,3,1,0,4,0,0,0,4
12/29/2007,ENW,WI,AGL,CE,Federal Contract Tower,0,1,2,0,3,0,0,17,0,17,0,1,19,0,20,52,0,52,72
12/30/2007,ENW,WI,AGL,CE,Federal Contract Tower,0,2,5,0,7,0,0,8,0,8,0,2,13,0,15,32,0,32,47
12/31/2007,ENW,WI,AGL,CE,Federal Contract Tower,0,0,2,0,2,0,0,3,0,3,0,0,5,0,5,0,0,0,5
01/01/2008,ENW,WI,AGL,CE,Federal Contract Tower,0,2,3,0,5,0,0,1,0,1,0,2,4,0,6,0,0,0,6
01/02/2008,ENW,WI,AGL,CE,Federal Contract Tower,0,4,5,0,9,0,1,17,0,18,0,5,22,0,27,72,0,72,99
01/03/2008,ENW,WI,AGL,CE,Federal Contract Tower,0,8,8,0,16,0,4,60,0,64,0,12,68,0,80,124,0,124,204
01/04/2008,ENW,WI,AGL,CE,Federal Contract Tower,0,6,8,0,14,0,0,88,0,88,0,6,96,0,102,182,0,182,284
01/05/2008,ENW,WI,AGL,CE,Federal Contract Tower,0,7,15,0,22,0,0,28,0,28,0,7,43,0,50,98,0,98,148
01/06/2008,ENW,WI,AGL,CE,Federal Contract Tower,0,7,5,0,12,0,0,8,0,8,0,7,13,0,20,4,0,4,24
01/07/2008,ENW,WI,AGL,CE,Federal Contract Tower,0,4,3,0,7,0,0,2,0,2,0,4,5,0,9,0,0,0,9
01/08/2008,ENW,WI,AGL,CE,Federal Contract Tower,0,4,2,0,6,0,0,4,0,4,0,4,6,0,10,10,0,10,20
01/09/2008,ENW,WI,AGL,CE,Federal Contract Tower,0,1,11,1,13,0,0,90,5,95,0,1,101,6,108,206,0,206,314
01/10/2008,ENW,WI,AGL,CE,Federal Contract Tower,0,2,13,1,16,0,0,50,3,53,0,2,63,4,69,70,0,70,139
01/11/2008,ENW,WI,AGL,CE,Federal Contract Tower,0,3,6,0,9,0,0,5,0,5,0,3,11,0,14,12,0,12,26
01/12/2008,ENW,WI,AGL,CE,Federal Contract Tower,0,4,15,0,19,0,1,53,0,54,0,5,68,0,73,120,0,120,193
01/13/2008,ENW,WI,AGL,CE,Federal Contract Tower,0,14,2,0,16,0,0,13,0,13,0,14,15,0,29,12,0,12,41
01/14/2008,ENW,WI,AGL,CE,Federal Contract Tower,0,6,4,0,10,0,0,12,0,12,0,6,16,0,22,16,0,16,38
01/15/2008,ENW,WI,AGL,CE,Federal Contract Tower,0,11,9,0,20,0,5,54,0,59,0,16,63,0,79,28,0,28,107
01/16/2008,ENW,WI,AGL,CE,Federal Contract Tower,0,10,3,0,13,0,3,42,2,47,0,13,45,2,60,78,0,78,138
01/17/2008,ENW,WI,AGL,CE,Federal Contract Tower,0,2,6,0,8,0,3,13,0,16,0,5,19,0,24,64,0,64,88
01/18/2008,ENW,WI,AGL,CE,Federal Contract Tower,0,6,9,0,15,0,1,29,0,30,0,7,38,0,45,23,0,23,68
01/19/2008,ENW,WI,AGL,CE,Federal Contract Tower,0,4,6,0,10,0,0,42,0,42,0,4,48,0,52,60,0,60,112
01/20/2008,ENW,WI,AGL,CE,Federal Contract Tower,0,8,3,0,11,0,1,29,2,32,0,9,32,2,43,36,0,36,79
01/21/2008,ENW,WI,AGL,CE,Federal Contract Tower,0,8,6,0,14,0,3,1,0,4,0,11,7,0,18,0,0,0,18
01/22/2008,ENW,WI,AGL,CE,Federal Contract Tower,0,6,1,0,7,0,7,23,0,30,0,13,24,0,37,18,0,18,55
01/24/2008,ENW,WI,AGL,CE,Federal Contract Tower,0,7,5,0,12,0,0,43,0,43,0,7,48,0,55,28,0,28,83
01/25/2008,ENW,WI,AGL,CE,Federal Contract Tower,0,3,9,0,12,0,0,32,0,32,0,3,41,0,44,48,0,48,92
01/26/2008,ENW,WI,AGL,CE,Federal Contract Tower,0,3,1,0,4,0,0,13,0,13,0,3,14,0,17,36,0,36,53
01/27/2008,ENW,WI,AGL,CE,Federal Contract Tower,0,5,15,0,20,0,5,145,0,150,0,10,160,0,170,178,0,178,348
01/28/2008,ENW,WI,AGL,CE,Federal Contract Tower,0,5,3,0,8,0,2,20,0,22,0,7,23,0,30,8,0,8,38
01/29/2008,ENW,WI,AGL,CE,Federal Contract Tower,0,6,6,0,12,0,0,0,0,0,0,6,6,0,12,0,0,0,12
01/30/2008,ENW,WI,AGL,CE,Federal Contract Tower,0,9,9,0,18,0,2,21,0,23,0,11,30,0,41,86,0,86,127
01/31/2008,ENW,WI,AGL,CE,Federal Contract Tower,0,5,7,0,12,0,0,18,0,18,0,5,25,0,30,124,0,124,154
02/01/2008,ENW,WI,AGL,CE,Federal Contract Tower,0,5,2,0,7,0,0,3,0,3,0,5,5,0,10,0,0,0,10
02/02/2008,ENW,WI,AGL,CE,Federal Contract Tower,0,5,3,0,8,0,1,7,0,8,0,6,10,0,16,74,0,74,90
02/03/2008,ENW,WI,AGL,CE,Federal Contract Tower,0,4,6,0,10,0,0,2,0,2,0,4,8,0,12,60,0,60,72
02/04/2008,ENW,WI,AGL,CE,Federal Contract Tower,0,6,2,0,8,0,0,6,0,6,0,6,8,0,14,0,0,0,14
02/05/2008,ENW,WI,AGL,CE,Federal Contract Tower,0,13,4,0,17,0,0,13,0,13,0,13,17,0,30,50,0,50,80
02/06/2008,ENW,WI,AGL,CE,Federal Contract Tower,0,0,0,0,0,0,0,0,0,0,0,0,0,0,0,0,0,0,0
02/07/2008,ENW,WI,AGL,CE,Federal Contract Tower,0,8,6,0,14,0,0,9,0,9,0,8,15,0,23,8,0,8,31
02/08/2008,ENW,WI,AGL,CE,Federal Contract Tower,0,5,6,0,11,0,0,6,0,6,0,5,12,0,17,20,0,20,37
02/09/2008,ENW,WI,AGL,CE,Federal Contract Tower,0,3,4,0,7,0,1,14,0,15,0,4,18,0,22,68,0,68,90
02/10/2008,ENW,WI,AGL,CE,Federal Contract Tower,0,4,2,0,6,0,1,5,0,6,0,5,7,0,12,6,0,6,18
02/11/2008,ENW,WI,AGL,CE,Federal Contract Tower,0,9,7,0,16,0,3,23,0,26,0,12,30,0,42,40,0,40,82
02/12/2008,ENW,WI,AGL,CE,Federal Contract Tower,0,5,1,0,6,0,0,0,0,0,0,5,1,0,6,0,0,0,6
02/13/2008,ENW,WI,AGL,CE,Federal Contract Tower,0,5,5,0,10,0,0,61,0,61,0,5,66,0,71,76,0,76,147
02/14/2008,ENW,WI,AGL,CE,Federal Contract Tower,0,6,10,0,16,0,1,33,0,34,0,7,43,0,50,24,0,24,74
02/15/2008,ENW,WI,AGL,CE,Federal Contract Tower,0,5,15,0,20,0,1,58,0,59,0,6,73,0,79,52,0,52,131
02/16/2008,ENW,WI,AGL,CE,Federal Contract Tower,0,4,19,0,23,0,0,132,0,132,0,4,151,0,155,108,0,108,263
02/17/2008,ENW,WI,AGL,CE,Federal Contract Tower,0,6,3,0,9,0,0,0,0,0,0,6,3,0,9,0,0,0,9
02/18/2008,ENW,WI,AGL,CE,Federal Contract Tower,0,12,5,0,17,0,0,6,0,6,0,12,11,0,23,4,0,4,27
02/19/2008,ENW,WI,AGL,CE,Federal Contract Tower,0,2,5,0,7,0,4,33,0,37,0,6,38,0,44,100,0,100,144
02/20/2008,ENW,WI,AGL,CE,Federal Contract Tower,0,6,6,0,12,0,0,29,0,29,0,6,35,0,41,24,0,24,65
02/21/2008,ENW,WI,AGL,CE,Federal Contract Tower,0,6,9,0,15,0,3,58,2,63,0,9,67,2,78,136,0,136,214
02/22/2008,ENW,WI,AGL,CE,Federal Contract Tower,0,7,13,0,20,0,0,46,0,46,0,7,59,0,66,74,0,74,140
02/23/2008,ENW,WI,AGL,CE,Federal Contract Tower,0,4,27,0,31,0,0,146,0,146,0,4,173,0,177,160,0,160,337
02/24/2008,ENW,WI,AGL,CE,Federal Contract Tower,0,12,12,0,24,0,3,80,0,83,0,15,92,0,107,72,0,72,179
02/25/2008,ENW,WI,AGL,CE,Federal Contract Tower,0,10,2,0,12,0,0,7,0,7,0,10,9,0,19,4,0,4,23
02/26/2008,ENW,WI,AGL,CE,Federal Contract Tower,0,2,1,0,3,0,0,7,0,7,0,2,8,0,10,10,0,10,20
02/27/2008,ENW,WI,AGL,CE,Federal Contract Tower,0,2,8,1,11,0,1,66,1,68,0,3,74,2,79,80,0,80,159
02/28/2008,ENW,WI,AGL,CE,Federal Contract Tower,0,8,13,0,21,0,0,52,0,52,0,8,65,0,73,122,0,122,195
02/29/2008,ENW,WI,AGL,CE,Federal Contract Tower,0,1,5,0,6,0,1,14,0,15,0,2,19,0,21,36,0,36,57
03/01/2008,ENW,WI,AGL,CE,Federal Contract Tower,0,1,23,0,24,0,1,116,0,117,0,2,139,0,141,154,0,154,295
03/02/2008,ENW,WI,AGL,CE,Federal Contract Tower,0,4,9,0,13,0,0,71,0,71,0,4,80,0,84,170,0,170,254
03/03/2008,ENW,WI,AGL,CE,Federal Contract Tower,0,6,5,0,11,0,1,12,0,13,0,7,17,0,24,10,0,10,34
03/04/2008,ENW,WI,AGL,CE,Federal Contract Tower,0,3,7,0,10,0,8,40,0,48,0,11,47,0,58,76,0,76,134
03/05/2008,ENW,WI,AGL,CE,Federal Contract Tower,0,2,10,0,12,0,0,49,0,49,0,2,59,0,61,80,0,80,141
03/06/2008,ENW,WI,AGL,CE,Federal Contract Tower,0,7,8,0,15,0,0,58,0,58,0,7,66,0,73,78,0,78,151
03/07/2008,ENW,WI,AGL,CE,Federal Contract Tower,0,2,9,0,11,0,0,44,0,44,0,2,53,0,55,62,0,62,117
03/08/2008,ENW,WI,AGL,CE,Federal Contract Tower,0,1,12,0,13,0,0,38,0,38,0,1,50,0,51,60,0,60,111
03/09/2008,ENW,WI,AGL,CE,Federal Contract Tower,0,7,16,0,23,0,0,29,0,29,0,7,45,0,52,54,0,54,106
03/10/2008,ENW,WI,AGL,CE,Federal Contract Tower,0,15,9,0,24,0,11,42,0,53,0,26,51,0,77,38,0,38,115
03/11/2008,ENW,WI,AGL,CE,Federal Contract Tower,0,5,10,0,15,0,1,76,0,77,0,6,86,0,92,42,0,42,134
03/12/2008,ENW,WI,AGL,CE,Federal Contract Tower,0,6,7,0,13,0,1,78,2,81,0,7,85,2,94,62,0,62,156
03/13/2008,ENW,WI,AGL,CE,Federal Contract Tower,0,4,12,1,17,0,0,100,1,101,0,4,112,2,118,90,0,90,208
03/14/2008,ENW,WI,AGL,CE,Federal Contract Tower,0,2,16,0,18,0,0,99,0,99,0,2,115,0,117,86,0,86,203
03/15/2008,ENW,WI,AGL,CE,Federal Contract Tower,0,7,10,0,17,0,1,87,0,88,0,8,97,0,105,114,0,114,219
03/16/2008,ENW,WI,AGL,CE,Federal Contract Tower,0,2,23,0,25,0,2,130,0,132,0,4,153,0,157,98,0,98,255
03/17/2008,ENW,WI,AGL,CE,Federal Contract Tower,0,12,6,0,18,0,0,22,0,22,0,12,28,0,40,18,0,18,58
03/18/2008,ENW,WI,AGL,CE,Federal Contract Tower,0,5,2,0,7,0,0,0,0,0,0,5,2,0,7,6,0,6,13
03/19/2008,ENW,WI,AGL,CE,Federal Contract Tower,0,3,9,0,12,0,1,84,0,85,0,4,93,0,97,74,0,74,171
03/20/2008,ENW,WI,AGL,CE,Federal Contract Tower,0,5,10,0,15,0,0,157,0,157,0,5,167,0,172,122,2,124,296
03/21/2008,ENW,WI,AGL,CE,Federal Contract Tower,0,5,0,0,5,0,0,0,0,0,0,5,0,0,5,0,0,0,5
03/22/2008,ENW,WI,AGL,CE,Federal Contract Tower,0,0,19,0,19,0,2,40,0,42,0,2,59,0,61,90,0,90,151
03/23/2008,ENW,WI,AGL,CE,Federal Contract Tower,0,1,3,0,4,0,0,17,0,17,0,1,20,0,21,8,0,8,29
03/24/2008,ENW,WI,AGL,CE,Federal Contract Tower,0,6,11,0,17,0,1,47,0,48,0,7,58,0,65,38,0,38,103
03/25/2008,ENW,WI,AGL,CE,Federal Contract Tower,0,1,1,0,2,0,2,7,0,9,0,3,8,0,11,4,0,4,15
03/26/2008,ENW,WI,AGL,CE,Federal Contract Tower,0,0,13,0,13,0,2,109,0,111,0,2,122,0,124,90,0,90,214
03/27/2008,ENW,WI,AGL,CE,Federal Contract Tower,0,1,6,0,7,0,0,0,0,0,0,1,6,0,7,0,0,0,7
03/28/2008,ENW,WI,AGL,CE,Federal Contract Tower,0,3,10,0,13,0,0,48,0,48,0,3,58,0,61,94,0,94,155
03/29/2008,ENW,WI,AGL,CE,Federal Contract Tower,0,0,32,0,32,0,0,151,0,151,0,0,183,0,183,76,0,76,259
03/30/2008,ENW,WI,AGL,CE,Federal Contract Tower,0,14,8,0,22,0,0,14,0,14,0,14,22,0,36,14,0,14,50
03/31/2008,ENW,WI,AGL,CE,Federal Contract Tower,0,13,0,0,13,0,0,2,0,2,0,13,2,0,15,0,0,0,15
04/01/2008,ENW,WI,AGL,CE,Federal Contract Tower,0,9,1,0,10,0,0,35,0,35,0,9,36,0,45,0,0,0,45
04/02/2008,ENW,WI,AGL,CE,Federal Contract Tower,0,8,6,0,14,0,0,116,0,116,0,8,122,0,130,66,0,66,196
04/03/2008,ENW,WI,AGL,CE,Federal Contract Tower,0,2,3,0,5,0,0,60,0,60,0,2,63,0,65,46,0,46,111
04/04/2008,ENW,WI,AGL,CE,Federal Contract Tower,0,9,14,0,23,0,2,70,0,72,0,11,84,0,95,98,0,98,193
04/05/2008,ENW,WI,AGL,CE,Federal Contract Tower,0,4,7,0,11,0,1,148,0,149,0,5,155,0,160,184,0,184,344
04/06/2008,ENW,WI,AGL,CE,Federal Contract Tower,0,5,17,0,22,0,2,99,0,101,0,7,116,0,123,56,0,56,179
04/07/2008,ENW,WI,AGL,CE,Federal Contract Tower,0,21,7,0,28,0,0,36,0,36,0,21,43,0,64,68,0,68,132
04/08/2008,ENW,WI,AGL,CE,Federal Contract Tower,0,2,11,0,13,0,0,8,2,10,0,2,19,2,23,12,0,12,35
04/09/2008,ENW,WI,AGL,CE,Federal Contract Tower,0,6,11,0,17,0,0,42,0,42,0,6,53,0,59,68,0,68,127
04/10/2008,ENW,WI,AGL,CE,Federal Contract Tower,0,5,19,0,24,0,2,10,0,12,0,7,29,0,36,42,0,42,78
04/11/2008,ENW,WI,AGL,CE,Federal Contract Tower,0,13,13,0,26,0,1,21,0,22,0,14,34,0,48,48,0,48,96
04/12/2008,ENW,WI,AGL,CE,Federal Contract Tower,0,1,2,0,3,0,0,3,0,3,0,1,5,0,6,60,0,60,66
04/13/2008,ENW,WI,AGL,CE,Federal Contract Tower,0,4,9,0,13,0,0,49,0,49,0,4,58,0,62,62,0,62,124
04/14/2008,ENW,WI,AGL,CE,Federal Contract Tower,0,9,11,0,20,0,3,123,0,126,0,12,134,0,146,118,0,118,264
04/15/2008,ENW,WI,AGL,CE,Federal Contract Tower,0,5,9,1,15,0,0,75,0,75,0,5,84,1,90,76,0,76,166
04/16/2008,ENW,WI,AGL,CE,Federal Contract Tower,0,7,6,0,13,0,0,26,2,28,0,7,32,2,41,12,0,12,53
04/17/2008,ENW,WI,AGL,CE,Federal Contract Tower,0,3,8,0,11,0,0,125,2,127,0,3,133,2,138,258,0,258,396
04/18/2008,ENW,WI,AGL,CE,Federal Contract Tower,0,14,17,0,31,0,2,75,2,79,0,16,92,2,110,98,0,98,208
04/19/2008,ENW,WI,AGL,CE,Federal Contract Tower,0,5,36,0,41,0,1,37,0,38,0,6,73,0,79,118,0,118,197
04/20/2008,ENW,WI,AGL,CE,Federal Contract Tower,0,2,12,0,14,0,2,195,2,199,0,4,207,2,213,232,0,232,445
04/21/2008,ENW,WI,AGL,CE,Federal Contract Tower,0,5,4,0,9,0,1,113,0,114,0,6,117,0,123,48,0,48,171
04/22/2008,ENW,WI,AGL,CE,Federal Contract Tower,0,13,12,0,25,0,1,47,0,48,0,14,59,0,73,2,0,2,75
04/23/2008,ENW,WI,AGL,CE,Federal Contract Tower,0,9,29,2,40,0,2,139,2,143,0,11,168,4,183,140,0,140,323
04/24/2008,ENW,WI,AGL,CE,Federal Contract Tower,0,6,2,0,8,0,1,37,0,38,0,7,39,0,46,48,0,48,94
04/25/2008,ENW,WI,AGL,CE,Federal Contract Tower,0,4,4,0,8,0,0,15,0,15,0,4,19,0,23,60,0,60,83
04/26/2008,ENW,WI,AGL,CE,Federal Contract Tower,0,4,5,0,9,0,0,36,0,36,0,4,41,0,45,70,0,70,115
04/27/2008,ENW,WI,AGL,CE,Federal Contract Tower,0,10,8,0,18,0,5,103,0,108,0,15,111,0,126,150,0,150,276
04/28/2008,ENW,WI,AGL,CE,Federal Contract Tower,0,7,6,0,13,0,0,11,0,11,0,7,17,0,24,40,0,40,64
04/29/2008,ENW,WI,AGL,CE,Federal Contract Tower,0,3,19,0,22,0,0,102,0,102,0,3,121,0,124,102,0,102,226
04/30/2008,ENW,WI,AGL,CE,Federal Contract Tower,0,4,9,0,13,0,0,132,2,134,0,4,141,2,147,108,2,110,257
05/01/2008,ENW,WI,AGL,CE,Federal Contract Tower,0,9,15,0,24,0,0,91,0,91,0,9,106,0,115,232,0,232,347
05/02/2008,ENW,WI,AGL,CE,Federal Contract Tower,0,3,16,0,19,0,0,22,0,22,0,3,38,0,41,28,0,28,69
05/03/2008,ENW,WI,AGL,CE,Federal Contract Tower,0,2,6,0,8,0,0,33,0,33,0,2,39,0,41,136,0,136,177
05/04/2008,ENW,WI,AGL,CE,Federal Contract Tower,0,10,9,0,19,0,0,128,0,128,0,10,137,0,147,142,0,142,289
05/05/2008,ENW,WI,AGL,CE,Federal Contract Tower,0,8,15,0,23,0,7,102,0,109,0,15,117,0,132,82,0,82,214
05/06/2008,ENW,WI,AGL,CE,Federal Contract Tower,0,8,13,0,21,0,3,133,0,136,0,11,146,0,157,116,0,116,273
05/07/2008,ENW,WI,AGL,CE,Federal Contract Tower,0,6,15,0,21,0,0,30,0,30,0,6,45,0,51,22,0,22,73
05/08/2008,ENW,WI,AGL,CE,Federal Contract Tower,0,2,2,0,4,0,1,91,0,92,0,3,93,0,96,18,0,18,114
05/09/2008,ENW,WI,AGL,CE,Federal Contract Tower,0,3,15,0,18,0,1,134,0,135,0,4,149,0,153,204,0,204,357
05/10/2008,ENW,WI,AGL,CE,Federal Contract Tower,0,7,26,0,33,0,4,137,0,141,0,11,163,0,174,84,0,84,258
05/11/2008,ENW,WI,AGL,CE,Federal Contract Tower,0,5,7,0,12,0,0,6,0,6,0,5,13,0,18,0,0,0,18
05/12/2008,ENW,WI,AGL,CE,Federal Contract Tower,0,4,39,0,43,0,4,74,0,78,0,8,113,0,121,16,0,16,137
05/13/2008,ENW,WI,AGL,CE,Federal Contract Tower,0,8,5,0,13,0,0,81,0,81,0,8,86,0,94,32,0,32,126
05/14/2008,ENW,WI,AGL,CE,Federal Contract Tower,0,6,23,0,29,0,4,44,0,48,0,10,67,0,77,152,0,152,229
05/15/2008,ENW,WI,AGL,CE,Federal Contract Tower,0,5,9,0,14,0,0,108,0,108,0,5,117,0,122,120,0,120,242
05/16/2008,ENW,WI,AGL,CE,Federal Contract Tower,0,7,9,0,16,0,1,109,0,110,0,8,118,0,126,174,0,174,300
05/17/2008,ENW,WI,AGL,CE,Federal Contract Tower,0,2,3,0,5,0,0,127,0,127,0,2,130,0,132,224,0,224,356
05/18/2008,ENW,WI,AGL,CE,Federal Contract Tower,0,5,11,0,16,0,0,68,0,68,0,5,79,0,84,100,0,100,184
05/19/2008,ENW,WI,AGL,CE,Federal Contract Tower,0,11,12,0,23,0,2,87,0,89,0,13,99,0,112,58,0,58,170
05/20/2008,ENW,WI,AGL,CE,Federal Contract Tower,0,9,9,0,18,0,2,100,0,102,0,11,109,0,120,20,0,20,140
05/21/2008,ENW,WI,AGL,CE,Federal Contract Tower,0,3,10,0,13,0,0,98,0,98,0,3,108,0,111,62,0,62,173
05/22/2008,ENW,WI,AGL,CE,Federal Contract Tower,0,5,10,0,15,0,0,103,0,103,0,5,113,0,118,42,0,42,160
05/23/2008,ENW,WI,AGL,CE,Federal Contract Tower,0,4,10,0,14,0,0,122,0,122,0,4,132,0,136,120,0,120,256
05/24/2008,ENW,WI,AGL,CE,Federal Contract Tower,0,1,11,0,12,0,0,143,0,143,0,1,154,0,155,196,0,196,351
05/25/2008,ENW,WI,AGL,CE,Federal Contract Tower,0,1,3,0,4,0,0,93,0,93,0,1,96,0,97,118,0,118,215
05/26/2008,ENW,WI,AGL,CE,Federal Contract Tower,0,4,6,0,10,0,0,70,0,70,0,4,76,0,80,20,0,20,100
05/27/2008,ENW,WI,AGL,CE,Federal Contract Tower,0,2,4,0,6,0,3,51,0,54,0,5,55,0,60,26,0,26,86
05/28/2008,ENW,WI,AGL,CE,Federal Contract Tower,0,6,7,0,13,0,4,136,0,140,0,10,143,0,153,76,0,76,229
05/29/2008,ENW,WI,AGL,CE,Federal Contract Tower,0,3,13,0,16,0,0,99,0,99,0,3,112,0,115,142,0,142,257
05/30/2008,ENW,WI,AGL,CE,Federal Contract Tower,0,1,10,0,11,0,0,35,0,35,0,1,45,0,46,0,28,28,74
05/31/2008,ENW,WI,AGL,CE,Federal Contract Tower,0,0,9,0,9,0,0,107,0,107,0,0,116,0,116,122,0,122,238
06/01/2008,ENW,WI,AGL,CE,Federal Contract Tower,0,3,10,0,13,0,0,146,0,146,0,3,156,0,159,98,0,98,257
06/02/2008,ENW,WI,AGL,CE,Federal Contract Tower,0,8,12,0,20,0,4,117,0,121,0,12,129,0,141,136,0,136,277
06/03/2008,ENW,WI,AGL,CE,Federal Contract Tower,0,11,16,0,27,0,1,36,0,37,0,12,52,0,64,0,0,0,64
06/04/2008,ENW,WI,AGL,CE,Federal Contract Tower,0,3,29,0,32,0,1,0,0,1,0,4,29,0,33,24,0,24,57
06/05/2008,ENW,WI,AGL,CE,Federal Contract Tower,0,3,5,0,8,0,1,57,0,58,0,4,62,0,66,92,0,92,158
06/06/2008,ENW,WI,AGL,CE,Federal Contract Tower,0,6,5,0,11,0,2,31,0,33,0,8,36,0,44,62,0,62,106
06/07/2008,ENW,WI,AGL,CE,Federal Contract Tower,0,3,12,0,15,0,0,72,0,72,0,3,84,0,87,70,0,70,157
06/08/2008,ENW,WI,AGL,CE,Federal Contract Tower,0,7,5,0,12,0,2,22,2,26,0,9,27,2,38,24,0,24,62
06/09/2008,ENW,WI,AGL,CE,Federal Contract Tower,0,4,11,0,15,0,0,29,0,29,0,4,40,0,44,34,0,34,84
06/10/2008,ENW,WI,AGL,CE,Federal Contract Tower,0,4,11,0,15,0,0,33,0,33,0,4,44,0,48,34,0,34,82
06/11/2008,ENW,WI,AGL,CE,Federal Contract Tower,0,5,6,0,11,0,0,100,0,100,0,5,106,0,111,58,0,58,169
06/12/2008,ENW,WI,AGL,CE,Federal Contract Tower,0,7,5,0,12,0,1,66,0,67,0,8,71,0,79,74,0,74,153
06/13/2008,ENW,WI,AGL,CE,Federal Contract Tower,0,6,6,0,12,0,4,79,0,83,0,10,85,0,95,78,0,78,173
06/14/2008,ENW,WI,AGL,CE,Federal Contract Tower,0,2,8,0,10,0,0,173,0,173,0,2,181,0,183,192,0,192,375
06/15/2008,ENW,WI,AGL,CE,Federal Contract Tower,0,9,3,0,12,0,1,45,0,46,0,10,48,0,58,38,0,38,96
06/16/2008,ENW,WI,AGL,CE,Federal Contract Tower,0,5,13,0,18,0,0,76,0,76,0,5,89,0,94,96,0,96,190
06/17/2008,ENW,WI,AGL,CE,Federal Contract Tower,0,6,3,0,9,0,0,101,0,101,0,6,104,0,110,53,0,53,163
06/18/2008,ENW,WI,AGL,CE,Federal Contract Tower,0,5,8,0,13,0,0,120,0,120,0,5,128,0,133,232,0,232,365
06/19/2008,ENW,WI,AGL,CE,Federal Contract Tower,0,10,16,0,26,0,2,93,0,95,0,12,109,0,121,180,0,180,301
06/20/2008,ENW,WI,AGL,CE,Federal Contract Tower,0,5,11,1,17,0,0,77,1,78,0,5,88,2,95,54,0,54,149
06/21/2008,ENW,WI,AGL,CE,Federal Contract Tower,0,8,14,0,22,0,1,97,6,104,0,9,111,6,126,38,28,66,192
06/22/2008,ENW,WI,AGL,CE,Federal Contract Tower,0,11,6,0,17,0,0,74,0,74,0,11,80,0,91,12,0,12,103
06/23/2008,ENW,WI,AGL,CE,Federal Contract Tower,0,12,20,0,32,0,10,88,0,98,0,22,108,0,130,84,0,84,214
06/24/2008,ENW,WI,AGL,CE,Federal Contract Tower,0,8,15,0,23,0,9,72,0,81,0,17,87,0,104,168,0,168,272
06/25/2008,ENW,WI,AGL,CE,Federal Contract Tower,0,6,7,0,13,0,1,52,0,53,0,7,59,0,66,90,0,90,156
06/26/2008,ENW,WI,AGL,CE,Federal Contract Tower,0,9,11,0,20,0,6,73,4,83,0,15,84,4,103,112,0,112,215
06/27/2008,ENW,WI,AGL,CE,Federal Contract Tower,0,7,17,0,24,0,5,72,2,79,0,12,89,2,103,102,0,102,205
06/28/2008,ENW,WI,AGL,CE,Federal Contract Tower,0,2,9,0,11,0,0,105,0,105,0,2,114,0,116,126,0,126,242
06/29/2008,ENW,WI,AGL,CE,Federal Contract Tower,0,11,8,0,19,0,3,65,0,68,0,14,73,0,87,110,0,110,197
06/30/2008,ENW,WI,AGL,CE,Federal Contract Tower,0,9,6,0,15,0,7,81,0,88,0,16,87,0,103,66,0,66,169
07/01/2008,ENW,WI,AGL,CE,Federal Contract Tower,0,27,35,0,62,0,8,62,0,70,0,35,97,0,132,62,0,62,194
07/02/2008,ENW,WI,AGL,CE,Federal Contract Tower,0,6,22,0,28,0,0,22,2,24,0,6,44,2,52,22,0,22,74
07/03/2008,ENW,WI,AGL,CE,Federal Contract Tower,0,1,20,0,21,0,4,95,0,99,0,5,115,0,120,148,0,148,268
07/04/2008,ENW,WI,AGL,CE,Federal Contract Tower,0,0,12,0,12,0,4,85,0,89,0,4,97,0,101,126,0,126,227
07/05/2008,ENW,WI,AGL,CE,Federal Contract Tower,0,1,9,0,10,0,3,126,0,129,0,4,135,0,139,80,0,80,219
07/06/2008,ENW,WI,AGL,CE,Federal Contract Tower,0,6,9,0,15,0,4,127,2,133,0,10,136,2,148,42,0,42,190
07/07/2008,ENW,WI,AGL,CE,Federal Contract Tower,0,9,1,0,10,0,2,24,1,27,0,11,25,1,37,42,0,42,79
07/08/2008,ENW,WI,AGL,CE,Federal Contract Tower,0,8,19,0,27,0,2,60,10,72,0,10,79,10,99,38,0,38,137
07/09/2008,ENW,WI,AGL,CE,Federal Contract Tower,0,1,25,0,26,0,2,118,1,121,0,3,143,1,147,150,0,150,297
07/10/2008,ENW,WI,AGL,CE,Federal Contract Tower,0,8,16,0,24,0,0,87,2,89,0,8,103,2,113,68,0,68,181
07/11/2008,ENW,WI,AGL,CE,Federal Contract Tower,0,4,18,0,22,0,0,63,0,63,0,4,81,0,85,34,0,34,119
07/12/2008,ENW,WI,AGL,CE,Federal Contract Tower,0,0,7,0,7,0,0,41,0,41,0,0,48,0,48,42,0,42,90
07/13/2008,ENW,WI,AGL,CE,Federal Contract Tower,0,9,24,0,33,0,0,86,0,86,0,9,110,0,119,48,44,92,211
07/14/2008,ENW,WI,AGL,CE,Federal Contract Tower,0,3,34,0,37,0,4,86,0,90,0,7,120,0,127,106,0,106,233
07/15/2008,ENW,WI,AGL,CE,Federal Contract Tower,0,8,17,0,25,0,1,120,0,121,0,9,137,0,146,118,0,118,264
07/16/2008,ENW,WI,AGL,CE,Federal Contract Tower,0,9,13,0,22,0,4,71,0,75,0,13,84,0,97,56,0,56,153
07/17/2008,ENW,WI,AGL,CE,Federal Contract Tower,0,2,23,0,25,0,13,102,0,115,0,15,125,0,140,18,0,18,158
07/18/2008,ENW,WI,AGL,CE,Federal Contract Tower,0,9,24,0,33,0,2,77,0,79,0,11,101,0,112,30,0,30,142
07/19/2008,ENW,WI,AGL,CE,Federal Contract Tower,0,4,16,0,20,0,0,7,0,7,0,4,23,0,27,0,0,0,27
07/20/2008,ENW,WI,AGL,CE,Federal Contract Tower,0,13,26,0,39,1,1,54,0,56,1,14,80,0,95,34,0,34,129
07/21/2008,ENW,WI,AGL,CE,Federal Contract Tower,0,14,15,0,29,0,5,40,0,45,0,19,55,0,74,28,0,28,102
07/22/2008,ENW,WI,AGL,CE,Federal Contract Tower,0,7,13,0,20,0,1,77,0,78,0,8,90,0,98,20,0,20,118
07/23/2008,ENW,WI,AGL,CE,Federal Contract Tower,0,9,13,0,22,0,0,138,0,138,0,9,151,0,160,104,0,104,264
07/24/2008,ENW,WI,AGL,CE,Federal Contract Tower,0,2,8,0,10,0,1,83,0,84,0,3,91,0,94,66,0,66,160
07/25/2008,ENW,WI,AGL,CE,Federal Contract Tower,0,0,16,0,16,0,0,89,0,89,0,0,105,0,105,50,0,50,155
07/26/2008,ENW,WI,AGL,CE,Federal Contract Tower,0,7,14,0,21,0,0,136,0,136,0,7,150,0,157,174,0,174,331
07/27/2008,ENW,WI,AGL,CE,Federal Contract Tower,0,8,12,0,20,0,0,141,0,141,0,8,153,0,161,108,0,108,269
07/28/2008,ENW,WI,AGL,CE,Federal Contract Tower,0,11,11,0,22,0,0,90,0,90,0,11,101,0,112,22,0,22,134
07/29/2008,ENW,WI,AGL,CE,Federal Contract Tower,0,16,12,0,28,0,1,67,0,68,0,17,79,0,96,12,0,12,108
07/30/2008,ENW,WI,AGL,CE,Federal Contract Tower,0,7,9,0,16,0,0,117,0,117,0,7,126,0,133,92,32,124,257
07/31/2008,ENW,WI,AGL,CE,Federal Contract Tower,0,2,14,0,16,0,0,136,0,136,0,2,150,0,152,80,0,80,232
08/01/2008,ENW,WI,AGL,CE,Federal Contract Tower,0,2,5,0,7,0,1,51,0,52,0,3,56,0,59,52,0,52,111
08/02/2008,ENW,WI,AGL,CE,Federal Contract Tower,0,2,6,0,8,0,0,108,0,108,0,2,114,0,116,90,0,90,206
08/03/2008,ENW,WI,AGL,CE,Federal Contract Tower,0,4,5,0,9,0,1,119,0,120,0,5,124,0,129,56,0,56,185
08/04/2008,ENW,WI,AGL,CE,Federal Contract Tower,0,6,8,0,14,0,3,39,2,44,0,9,47,2,58,64,0,64,122
08/05/2008,ENW,WI,AGL,CE,Federal Contract Tower,0,6,7,0,13,0,0,54,0,54,0,6,61,0,67,36,0,36,103
08/06/2008,ENW,WI,AGL,CE,Federal Contract Tower,0,6,22,0,28,0,4,101,0,105,0,10,123,0,133,130,0,130,263
08/07/2008,ENW,WI,AGL,CE,Federal Contract Tower,0,4,12,0,16,0,0,94,0,94,0,4,106,0,110,142,0,142,252
08/08/2008,ENW,WI,AGL,CE,Federal Contract Tower,0,3,13,0,16,0,0,109,0,109,0,3,122,0,125,118,0,118,243
08/09/2008,ENW,WI,AGL,CE,Federal Contract Tower,0,5,12,0,17,0,0,100,0,100,0,5,112,0,117,152,0,152,269
08/10/2008,ENW,WI,AGL,CE,Federal Contract Tower,0,6,16,0,22,0,0,142,0,142,0,6,158,0,164,38,0,38,202
08/11/2008,ENW,WI,AGL,CE,Federal Contract Tower,0,6,41,0,47,0,7,87,0,94,0,13,128,0,141,56,0,56,197
08/12/2008,ENW,WI,AGL,CE,Federal Contract Tower,0,4,31,0,35,0,2,127,1,130,0,6,158,1,165,140,0,140,305
08/13/2008,ENW,WI,AGL,CE,Federal Contract Tower,0,5,10,0,15,0,1,48,0,49,0,6,58,0,64,18,0,18,82
08/14/2008,ENW,WI,AGL,CE,Federal Contract Tower,0,11,18,0,29,0,2,102,0,104,0,13,120,0,133,74,0,74,207
08/15/2008,ENW,WI,AGL,CE,Federal Contract Tower,0,2,22,0,24,0,0,126,6,132,0,2,148,6,156,78,0,78,234
08/16/2008,ENW,WI,AGL,CE,Federal Contract Tower,0,4,14,4,22,0,0,117,0,117,0,4,131,4,139,108,0,108,247
08/17/2008,ENW,WI,AGL,CE,Federal Contract Tower,0,3,25,0,28,0,0,144,0,144,0,3,169,0,172,64,0,64,236
08/18/2008,ENW,WI,AGL,CE,Federal Contract Tower,0,9,16,0,25,0,3,77,0,80,0,12,93,0,105,44,0,44,149
08/19/2008,ENW,WI,AGL,CE,Federal Contract Tower,0,10,31,0,41,0,0,73,0,73,0,10,104,0,114,78,0,78,192
08/20/2008,ENW,WI,AGL,CE,Federal Contract Tower,0,7,9,0,16,0,0,112,0,112,0,7,121,0,128,158,0,158,286
08/21/2008,ENW,WI,AGL,CE,Federal Contract Tower,0,7,5,0,12,0,0,87,0,87,0,7,92,0,99,122,0,122,221
08/22/2008,ENW,WI,AGL,CE,Federal Contract Tower,0,1,13,0,14,0,0,52,0,52,0,1,65,0,66,58,0,58,124
08/23/2008,ENW,WI,AGL,CE,Federal Contract Tower,0,1,25,0,26,0,0,53,0,53,0,1,78,0,79,58,0,58,137
08/24/2008,ENW,WI,AGL,CE,Federal Contract Tower,0,6,31,0,37,0,1,134,0,135,0,7,165,0,172,96,0,96,268
08/25/2008,ENW,WI,AGL,CE,Federal Contract Tower,0,3,20,0,23,0,1,78,0,79,0,4,98,0,102,58,0,58,160
08/26/2008,ENW,WI,AGL,CE,Federal Contract Tower,0,9,20,0,29,0,0,96,0,96,0,9,116,0,125,62,0,62,187
08/27/2008,ENW,WI,AGL,CE,Federal Contract Tower,0,3,17,0,20,0,4,82,0,86,0,7,99,0,106,40,0,40,146
08/28/2008,ENW,WI,AGL,CE,Federal Contract Tower,0,7,4,0,11,0,0,49,0,49,0,7,53,0,60,68,0,68,128
08/29/2008,ENW,WI,AGL,CE,Federal Contract Tower,0,10,23,0,33,0,0,126,0,126,0,10,149,0,159,150,0,150,309
08/30/2008,ENW,WI,AGL,CE,Federal Contract Tower,0,2,17,0,19,0,0,135,0,135,0,2,152,0,154,88,0,88,242
08/31/2008,ENW,WI,AGL,CE,Federal Contract Tower,0,4,12,0,16,0,1,97,0,98,0,5,109,0,114,90,0,90,204
09/01/2008,ENW,WI,AGL,CE,Federal Contract Tower,0,4,14,0,18,0,1,126,0,127,0,5,140,0,145,54,0,54,199
09/02/2008,ENW,WI,AGL,CE,Federal Contract Tower,0,2,11,0,13,0,1,86,0,87,0,3,97,0,100,98,0,98,198
09/03/2008,ENW,WI,AGL,CE,Federal Contract Tower,0,3,2,0,5,0,0,39,0,39,0,3,41,0,44,32,0,32,76
09/04/2008,ENW,WI,AGL,CE,Federal Contract Tower,0,9,9,3,21,0,0,0,0,0,0,9,9,3,21,0,0,0,21
09/05/2008,ENW,WI,AGL,CE,Federal Contract Tower,0,11,23,0,34,0,5,70,0,75,0,16,93,0,109,100,0,100,209
09/06/2008,ENW,WI,AGL,CE,Federal Contract Tower,0,2,26,0,28,0,0,144,0,144,0,2,170,0,172,118,0,118,290
09/07/2008,ENW,WI,AGL,CE,Federal Contract Tower,0,6,16,0,22,0,0,73,0,73,0,6,89,0,95,16,0,16,111
09/08/2008,ENW,WI,AGL,CE,Federal Contract Tower,0,17,14,0,31,0,0,36,0,36,0,17,50,0,67,76,90,166,233
09/09/2008,ENW,WI,AGL,CE,Federal Contract Tower,0,5,27,0,32,0,0,112,0,112,0,5,139,0,144,40,0,40,184
09/10/2008,ENW,WI,AGL,CE,Federal Contract Tower,0,2,29,0,31,0,1,141,0,142,0,3,170,0,173,104,0,104,277
09/11/2008,ENW,WI,AGL,CE,Federal Contract Tower,0,6,17,0,23,0,1,75,0,76,0,7,92,0,99,66,0,66,165
09/12/2008,ENW,WI,AGL,CE,Federal Contract Tower,0,2,28,0,30,0,0,27,0,27,0,2,55,0,57,80,0,80,137
09/13/2008,ENW,WI,AGL,CE,Federal Contract Tower,0,2,15,0,17,0,0,7,0,7,0,2,22,0,24,16,0,16,40
09/14/2008,ENW,WI,AGL,CE,Federal Contract Tower,0,2,21,0,23,0,0,1,0,1,0,2,22,0,24,0,0,0,24
09/15/2008,ENW,WI,AGL,CE,Federal Contract Tower,0,3,36,0,39,0,0,80,0,80,0,3,116,0,119,38,0,38,157
09/16/2008,ENW,WI,AGL,CE,Federal Contract Tower,0,7,19,0,26,0,0,66,0,66,0,7,85,0,92,32,0,32,124
09/17/2008,ENW,WI,AGL,CE,Federal Contract Tower,0,1,14,0,15,0,1,99,0,100,0,2,113,0,115,62,0,62,177
09/18/2008,ENW,WI,AGL,CE,Federal Contract Tower,0,6,14,0,20,0,0,101,0,101,0,6,115,0,121,98,0,98,219
09/19/2008,ENW,WI,AGL,CE,Federal Contract Tower,0,6,13,0,19,0,2,90,0,92,0,8,103,0,111,134,0,134,245
09/20/2008,ENW,WI,AGL,CE,Federal Contract Tower,0,2,19,0,21,0,0,102,0,102,0,2,121,0,123,178,0,178,301
09/21/2008,ENW,WI,AGL,CE,Federal Contract Tower,0,5,20,0,25,0,1,65,0,66,0,6,85,0,91,56,0,56,147
09/22/2008,ENW,WI,AGL,CE,Federal Contract Tower,0,4,3,0,7,0,6,46,0,52,0,10,49,0,59,90,0,90,149
09/23/2008,ENW,WI,AGL,CE,Federal Contract Tower,0,3,15,0,18,0,0,71,0,71,0,3,86,0,89,158,0,158,247
09/24/2008,ENW,WI,AGL,CE,Federal Contract Tower,0,3,7,0,10,0,0,58,0,58,0,3,65,0,68,38,0,38,106
09/25/2008,ENW,WI,AGL,CE,Federal Contract Tower,0,6,10,0,16,0,0,114,0,114,0,6,124,0,130,160,0,160,290
09/26/2008,ENW,WI,AGL,CE,Federal Contract Tower,0,2,21,2,25,0,0,82,0,82,0,2,103,2,107,68,0,68,175
09/27/2008,ENW,WI,AGL,CE,Federal Contract Tower,0,2,18,0,20,0,0,129,0,129,0,2,147,0,149,184,0,184,333
09/28/2008,ENW,WI,AGL,CE,Federal Contract Tower,0,3,17,0,20,0,0,47,0,47,0,3,64,0,67,40,0,40,107
09/29/2008,ENW,WI,AGL,CE,Federal Contract Tower,0,8,6,0,14,0,3,18,0,21,0,11,24,0,35,0,0,0,35
09/30/2008,ENW,WI,AGL,CE,Federal Contract Tower,0,5,19,0,24,0,0,54,0,54,0,5,73,0,78,104,0,104,182
10/01/2008,ENW,WI,AGL,CE,Federal Contract Tower,0,5,14,0,19,0,0,35,0,35,0,5,49,0,54,10,0,10,64
10/02/2008,ENW,WI,AGL,CE,Federal Contract Tower,0,16,28,0,44,0,0,76,0,76,0,16,104,0,120,14,0,14,134
10/03/2008,ENW,WI,AGL,CE,Federal Contract Tower,0,2,19,0,21,0,0,91,0,91,0,2,110,0,112,78,0,78,190
10/04/2008,ENW,WI,AGL,CE,Federal Contract Tower,0,1,29,0,30,0,0,135,0,135,0,1,164,0,165,92,0,92,257
10/05/2008,ENW,WI,AGL,CE,Federal Contract Tower,0,9,16,0,25,0,0,48,0,48,0,9,64,0,73,40,0,40,113
10/06/2008,ENW,WI,AGL,CE,Federal Contract Tower,0,8,19,0,27,0,1,61,0,62,0,9,80,0,89,62,0,62,151
10/07/2008,ENW,WI,AGL,CE,Federal Contract Tower,0,6,29,0,35,0,0,55,0,55,0,6,84,0,90,46,0,46,136
10/08/2008,ENW,WI,AGL,CE,Federal Contract Tower,0,4,19,0,23,0,1,18,0,19,0,5,37,0,42,36,0,36,78
10/09/2008,ENW,WI,AGL,CE,Federal Contract Tower,0,6,18,0,24,0,0,104,0,104,0,6,122,0,128,68,0,68,196
10/10/2008,ENW,WI,AGL,CE,Federal Contract Tower,0,0,20,2,22,0,0,124,0,124,0,0,144,2,146,94,0,94,240
10/11/2008,ENW,WI,AGL,CE,Federal Contract Tower,0,2,23,0,25,0,2,147,0,149,0,4,170,0,174,234,0,234,408
10/12/2008,ENW,WI,AGL,CE,Federal Contract Tower,0,12,25,0,37,0,1,138,0,139,0,13,163,0,176,138,0,138,314
10/13/2008,ENW,WI,AGL,CE,Federal Contract Tower,0,13,22,0,35,0,0,80,0,80,0,13,102,0,115,150,0,150,265
10/14/2008,ENW,WI,AGL,CE,Federal Contract Tower,0,2,6,0,8,0,0,137,0,137,0,2,143,0,145,154,0,154,299
10/15/2008,ENW,WI,AGL,CE,Federal Contract Tower,0,4,25,0,29,0,0,19,0,19,0,4,44,0,48,0,0,0,48
10/16/2008,ENW,WI,AGL,CE,Federal Contract Tower,0,9,26,0,35,0,0,116,0,116,0,9,142,0,151,68,0,68,219
10/17/2008,ENW,WI,AGL,CE,Federal Contract Tower,0,4,26,0,30,0,0,73,0,73,0,4,99,0,103,60,0,60,163
10/18/2008,ENW,WI,AGL,CE,Federal Contract Tower,0,0,32,0,32,0,0,134,0,134,0,0,166,0,166,168,0,168,334
10/19/2008,ENW,WI,AGL,CE,Federal Contract Tower,0,3,23,0,26,0,2,66,0,68,0,5,89,0,94,0,0,0,94
10/20/2008,ENW,WI,AGL,CE,Federal Contract Tower,0,11,18,0,29,0,2,25,0,27,0,13,43,0,56,10,0,10,66
10/21/2008,ENW,WI,AGL,CE,Federal Contract Tower,0,7,10,0,17,0,1,114,0,115,0,8,124,0,132,114,0,114,246
10/22/2008,ENW,WI,AGL,CE,Federal Contract Tower,0,7,23,0,30,0,0,114,0,114,0,7,137,0,144,106,0,106,250
10/23/2008,ENW,WI,AGL,CE,Federal Contract Tower,0,5,17,1,23,0,0,72,0,72,0,5,89,1,95,46,0,46,141
10/24/2008,ENW,WI,AGL,CE,Federal Contract Tower,0,4,33,0,37,0,0,23,0,23,0,4,56,0,60,14,0,14,74
10/25/2008,ENW,WI,AGL,CE,Federal Contract Tower,0,2,32,0,34,0,0,27,0,27,0,2,59,0,61,82,0,82,143
10/26/2008,ENW,WI,AGL,CE,Federal Contract Tower,0,11,1,0,12,0,1,7,0,8,0,12,8,0,20,12,0,12,32
10/27/2008,ENW,WI,AGL,CE,Federal Contract Tower,0,6,12,0,18,0,0,39,0,39,0,6,51,0,57,30,0,30,87
10/28/2008,ENW,WI,AGL,CE,Federal Contract Tower,0,2,10,0,12,0,0,85,0,85,0,2,95,0,97,90,0,90,187
10/29/2008,ENW,WI,AGL,CE,Federal Contract Tower,0,4,22,0,26,0,0,136,0,136,0,4,158,0,162,124,0,124,286
10/30/2008,ENW,WI,AGL,CE,Federal Contract Tower,0,5,13,0,18,0,1,79,0,80,0,6,92,0,98,36,0,36,134
10/31/2008,ENW,WI,AGL,CE,Federal Contract Tower,0,8,4,0,12,0,3,120,0,123,0,11,124,0,135,106,0,106,241
11/01/2008,ENW,WI,AGL,CE,Federal Contract Tower,0,2,5,0,7,0,3,87,0,90,0,5,92,0,97,92,0,92,189
11/02/2008,ENW,WI,AGL,CE,Federal Contract Tower,0,7,29,9,45,0,4,94,0,98,0,11,123,9,143,64,0,64,207
11/03/2008,ENW,WI,AGL,CE,Federal Contract Tower,0,8,3,0,11,0,3,83,0,86,0,11,86,0,97,78,0,78,175
11/04/2008,ENW,WI,AGL,CE,Federal Contract Tower,0,11,6,0,17,0,0,99,2,101,0,11,105,2,118,82,2,84,202
11/05/2008,ENW,WI,AGL,CE,Federal Contract Tower,0,2,13,0,15,0,0,95,0,95,0,2,108,0,110,28,0,28,138
11/06/2008,ENW,WI,AGL,CE,Federal Contract Tower,0,9,5,0,14,0,4,14,0,18,0,13,19,0,32,12,0,12,44
11/07/2008,ENW,WI,AGL,CE,Federal Contract Tower,0,2,9,0,11,0,0,53,0,53,0,2,62,0,64,68,0,68,132
11/08/2008,ENW,WI,AGL,CE,Federal Contract Tower,0,0,9,0,9,0,0,8,0,8,0,0,17,0,17,22,0,22,39
11/09/2008,ENW,WI,AGL,CE,Federal Contract Tower,0,8,6,0,14,0,2,10,0,12,0,10,16,0,26,12,0,12,38
11/10/2008,ENW,WI,AGL,CE,Federal Contract Tower,0,6,23,0,29,0,2,76,0,78,0,8,99,0,107,134,0,134,241
11/11/2008,ENW,WI,AGL,CE,Federal Contract Tower,0,7,8,0,15,0,0,19,0,19,0,7,27,0,34,10,0,10,44
11/12/2008,ENW,WI,AGL,CE,Federal Contract Tower,0,9,8,0,17,0,2,2,0,4,0,11,10,0,21,14,0,14,35
11/13/2008,ENW,WI,AGL,CE,Federal Contract Tower,0,6,14,0,20,0,2,32,0,34,0,8,46,0,54,6,0,6,60
11/14/2008,ENW,WI,AGL,CE,Federal Contract Tower,0,0,27,0,27,0,0,67,0,67,0,0,94,0,94,148,0,148,242
11/15/2008,ENW,WI,AGL,CE,Federal Contract Tower,0,4,22,0,26,0,0,59,0,59,0,4,81,0,85,140,0,140,225
11/16/2008,ENW,WI,AGL,CE,Federal Contract Tower,0,7,29,0,36,0,0,72,0,72,0,7,101,0,108,20,0,20,128
11/17/2008,ENW,WI,AGL,CE,Federal Contract Tower,0,11,8,0,19,0,8,24,0,32,0,19,32,0,51,0,0,0,51
11/18/2008,ENW,WI,AGL,CE,Federal Contract Tower,0,3,8,2,13,0,0,157,2,159,0,3,165,4,172,140,0,140,312
11/19/2008,ENW,WI,AGL,CE,Federal Contract Tower,0,4,25,0,29,0,0,66,0,66,0,4,91,0,95,28,0,28,123
11/20/2008,ENW,WI,AGL,CE,Federal Contract Tower,0,6,6,0,12,0,0,43,0,43,0,6,49,0,55,36,0,36,91
11/21/2008,ENW,WI,AGL,CE,Federal Contract Tower,0,4,21,0,25,0,0,57,0,57,0,4,78,0,82,140,0,140,222
11/22/2008,ENW,WI,AGL,CE,Federal Contract Tower,0,1,16,0,17,0,0,77,0,77,0,1,93,0,94,92,0,92,186
11/23/2008,ENW,WI,AGL,CE,Federal Contract Tower,0,2,33,0,35,0,1,105,0,106,0,3,138,0,141,42,0,42,183
11/24/2008,ENW,WI,AGL,CE,Federal Contract Tower,0,9,0,0,9,0,0,11,0,11,0,9,11,0,20,0,0,0,20
11/25/2008,ENW,WI,AGL,CE,Federal Contract Tower,0,5,30,0,35,0,4,95,0,99,0,9,125,0,134,110,0,110,244
11/26/2008,ENW,WI,AGL,CE,Federal Contract Tower,0,3,19,0,22,0,2,101,0,103,0,5,120,0,125,148,0,148,273
11/27/2008,ENW,WI,AGL,CE,Federal Contract Tower,0,0,1,0,1,0,0,20,0,20,0,0,21,0,21,8,0,8,29
11/28/2008,ENW,WI,AGL,CE,Federal Contract Tower,0,1,5,0,6,0,0,58,0,58,0,1,63,0,64,54,0,54,118
11/29/2008,ENW,WI,AGL,CE,Federal Contract Tower,0,2,12,0,14,0,0,104,0,104,0,2,116,0,118,134,0,134,252
11/30/2008,ENW,WI,AGL,CE,Federal Contract Tower,0,6,1,0,7,0,0,3,0,3,0,6,4,0,10,0,0,0,10
12/01/2008,ENW,WI,AGL,CE,Federal Contract Tower,0,5,3,0,8,0,2,5,0,7,0,7,8,0,15,0,0,0,15
12/02/2008,ENW,WI,AGL,CE,Federal Contract Tower,0,7,16,0,23,0,0,41,0,41,0,7,57,0,64,16,0,16,80
12/03/2008,ENW,WI,AGL,CE,Federal Contract Tower,0,7,5,0,12,0,0,4,0,4,0,7,9,0,16,0,0,0,16
12/04/2008,ENW,WI,AGL,CE,Federal Contract Tower,0,8,25,0,33,0,0,43,0,43,0,8,68,0,76,18,0,18,94
12/05/2008,ENW,WI,AGL,CE,Federal Contract Tower,0,1,12,0,13,0,0,35,0,35,0,1,47,0,48,30,0,30,78
12/06/2008,ENW,WI,AGL,CE,Federal Contract Tower,0,2,1,0,3,0,0,5,0,5,0,2,6,0,8,0,0,0,8
12/07/2008,ENW,WI,AGL,CE,Federal Contract Tower,0,10,33,0,43,0,0,56,0,56,0,10,89,0,99,60,0,60,159
12/08/2008,ENW,WI,AGL,CE,Federal Contract Tower,0,8,23,0,31,0,1,32,0,33,0,9,55,0,64,10,0,10,74
12/09/2008,ENW,WI,AGL,CE,Federal Contract Tower,0,3,1,0,4,0,0,0,0,0,0,3,1,0,4,0,0,0,4
12/10/2008,ENW,WI,AGL,CE,Federal Contract Tower,0,4,12,0,16,0,0,50,2,52,0,4,62,2,68,36,0,36,104
12/11/2008,ENW,WI,AGL,CE,Federal Contract Tower,0,4,19,0,23,0,0,59,0,59,0,4,78,0,82,18,0,18,100
12/12/2008,ENW,WI,AGL,CE,Federal Contract Tower,0,4,9,0,13,0,0,56,0,56,0,4,65,0,69,38,0,38,107
12/13/2008,ENW,WI,AGL,CE,Federal Contract Tower,0,1,6,0,7,0,0,11,0,11,0,1,17,0,18,0,0,0,18
12/14/2008,ENW,WI,AGL,CE,Federal Contract Tower,0,2,1,0,3,0,0,0,0,0,0,2,1,0,3,10,0,10,13
12/15/2008,ENW,WI,AGL,CE,Federal Contract Tower,0,6,5,0,11,0,0,5,0,5,0,6,10,0,16,0,0,0,16
12/16/2008,ENW,WI,AGL,CE,Federal Contract Tower,0,6,6,0,12,0,0,10,0,10,0,6,16,0,22,0,0,0,22
12/17/2008,ENW,WI,AGL,CE,Federal Contract Tower,0,6,17,0,23,0,0,30,0,30,0,6,47,0,53,32,0,32,85
12/18/2008,ENW,WI,AGL,CE,Federal Contract Tower,0,12,23,0,35,0,6,62,0,68,0,18,85,0,103,20,0,20,123
12/19/2008,ENW,WI,AGL,CE,Federal Contract Tower,0,1,0,0,1,0,0,2,0,2,0,1,2,0,3,0,0,0,3
12/20/2008,ENW,WI,AGL,CE,Federal Contract Tower,0,0,7,0,7,0,0,4,0,4,0,0,11,0,11,0,0,0,11
12/21/2008,ENW,WI,AGL,CE,Federal Contract Tower,0,1,0,0,1,0,0,1,0,1,0,1,1,0,2,0,0,0,2
12/22/2008,ENW,WI,AGL,CE,Federal Contract Tower,0,6,9,0,15,0,2,21,0,23,0,8,30,0,38,4,0,4,42
12/23/2008,ENW,WI,AGL,CE,Federal Contract Tower,0,7,3,0,10,0,0,0,0,0,0,7,3,0,10,0,0,0,10
12/24/2008,ENW,WI,AGL,CE,Federal Contract Tower,0,0,1,0,1,0,0,0,0,0,0,0,1,0,1,0,0,0,1
12/25/2008,ENW,WI,AGL,CE,Federal Contract Tower,0,3,1,0,4,0,6,6,0,12,0,9,7,0,16,46,0,46,62
12/26/2008,ENW,WI,AGL,CE,Federal Contract Tower,0,1,1,0,2,0,0,0,0,0,0,1,1,0,2,0,0,0,2
12/27/2008,ENW,WI,AGL,CE,Federal Contract Tower,0,2,3,0,5,0,0,0,0,0,0,2,3,0,5,0,0,0,5
12/28/2008,ENW,WI,AGL,CE,Federal Contract Tower,0,3,10,0,13,0,2,42,0,44,0,5,52,0,57,42,0,42,99
12/29/2008,ENW,WI,AGL,CE,Federal Contract Tower,0,16,16,0,32,0,0,43,0,43,0,16,59,0,75,34,0,34,109
12/30/2008,ENW,WI,AGL,CE,Federal Contract Tower,0,6,31,0,37,0,0,128,0,128,0,6,159,0,165,138,0,138,303
12/31/2008,ENW,WI,AGL,CE,Federal Contract Tower,0,0,4,0,4,0,0,51,0,51,0,0,55,0,55,62,0,62,117
01/01/2009,ENW,WI,AGL,CE,Federal Contract Tower,0,1,3,0,4,0,0,34,0,34,0,1,37,0,38,18,0,18,56
01/02/2009,ENW,WI,AGL,CE,Federal Contract Tower,0,0,34,0,34,0,0,52,0,52,0,0,86,0,86,98,0,98,184
01/03/2009,ENW,WI,AGL,CE,Federal Contract Tower,0,0,12,0,12,0,0,74,0,74,0,0,86,0,86,98,0,98,184
01/04/2009,ENW,WI,AGL,CE,Federal Contract Tower,0,5,6,0,11,0,0,6,0,6,0,5,12,0,17,24,0,24,41
01/05/2009,ENW,WI,AGL,CE,Federal Contract Tower,0,6,16,0,22,0,0,88,0,88,0,6,104,0,110,66,0,66,176
01/06/2009,ENW,WI,AGL,CE,Federal Contract Tower,0,4,0,0,4,0,0,12,0,12,0,4,12,0,16,30,0,30,46
01/07/2009,ENW,WI,AGL,CE,Federal Contract Tower,0,4,3,0,7,0,0,0,0,0,0,4,3,0,7,0,0,0,7
01/08/2009,ENW,WI,AGL,CE,Federal Contract Tower,0,2,13,0,15,0,0,72,0,72,0,2,85,0,87,80,0,80,167
01/09/2009,ENW,WI,AGL,CE,Federal Contract Tower,0,0,2,0,2,0,0,2,0,2,0,0,4,0,4,0,0,0,4
01/10/2009,ENW,WI,AGL,CE,Federal Contract Tower,0,1,16,0,17,0,0,2,0,2,0,1,18,0,19,0,0,0,19
01/11/2009,ENW,WI,AGL,CE,Federal Contract Tower,0,9,14,0,23,0,0,7,0,7,0,9,21,0,30,14,0,14,44
01/12/2009,ENW,WI,AGL,CE,Federal Contract Tower,0,5,14,0,19,0,6,7,0,13,0,11,21,0,32,0,0,0,32
01/13/2009,ENW,WI,AGL,CE,Federal Contract Tower,0,2,4,0,6,0,3,29,0,32,0,5,33,0,38,18,0,18,56
01/14/2009,ENW,WI,AGL,CE,Federal Contract Tower,0,5,2,0,7,0,0,0,0,0,0,5,2,0,7,0,0,0,7
01/15/2009,ENW,WI,AGL,CE,Federal Contract Tower,0,11,6,0,17,0,0,3,0,3,0,11,9,0,20,0,0,0,20
01/16/2009,ENW,WI,AGL,CE,Federal Contract Tower,0,1,7,0,8,0,0,10,0,10,0,1,17,0,18,18,0,18,36
01/17/2009,ENW,WI,AGL,CE,Federal Contract Tower,0,4,5,0,9,0,0,3,0,3,0,4,8,0,12,20,0,20,32
01/18/2009,ENW,WI,AGL,CE,Federal Contract Tower,0,5,14,0,19,0,0,31,0,31,0,5,45,0,50,28,0,28,78
01/19/2009,ENW,WI,AGL,CE,Federal Contract Tower,0,5,15,0,20,0,3,66,0,69,0,8,81,0,89,24,0,24,113
01/20/2009,ENW,WI,AGL,CE,Federal Contract Tower,0,2,14,0,16,0,0,105,0,105,0,2,119,0,121,78,0,78,199
01/21/2009,ENW,WI,AGL,CE,Federal Contract Tower,0,3,8,0,11,0,0,60,0,60,0,3,68,0,71,134,0,134,205
01/22/2009,ENW,WI,AGL,CE,Federal Contract Tower,0,9,3,0,12,0,0,64,0,64,0,9,67,0,76,120,0,120,196
01/23/2009,ENW,WI,AGL,CE,Federal Contract Tower,0,3,8,0,11,0,0,22,0,22,0,3,30,0,33,26,0,26,59
01/24/2009,ENW,WI,AGL,CE,Federal Contract Tower,0,1,13,0,14,0,0,77,0,77,0,1,90,0,91,162,0,162,253
01/25/2009,ENW,WI,AGL,CE,Federal Contract Tower,0,9,0,0,9,0,1,52,0,53,0,10,52,0,62,40,0,40,102
01/26/2009,ENW,WI,AGL,CE,Federal Contract Tower,0,6,11,0,17,0,3,33,0,36,0,9,44,0,53,50,0,50,103
01/27/2009,ENW,WI,AGL,CE,Federal Contract Tower,0,4,6,0,10,0,0,18,0,18,0,4,24,0,28,30,0,30,58
01/28/2009,ENW,WI,AGL,CE,Federal Contract Tower,0,3,6,0,9,0,0,48,0,48,0,3,54,0,57,50,0,50,107
01/29/2009,ENW,WI,AGL,CE,Federal Contract Tower,0,3,3,0,6,0,0,14,0,14,0,3,17,0,20,10,0,10,30
01/30/2009,ENW,WI,AGL,CE,Federal Contract Tower,0,3,10,0,13,0,0,61,0,61,0,3,71,0,74,82,0,82,156
01/31/2009,ENW,WI,AGL,CE,Federal Contract Tower,0,0,9,0,9,0,0,72,0,72,0,0,81,0,81,162,0,162,243
02/01/2009,ENW,WI,AGL,CE,Federal Contract Tower,0,12,15,0,27,0,1,62,0,63,0,13,77,0,90,114,0,114,204
02/02/2009,ENW,WI,AGL,CE,Federal Contract Tower,0,6,9,0,15,0,1,50,0,51,0,7,59,0,66,52,0,52,118
02/03/2009,ENW,WI,AGL,CE,Federal Contract Tower,0,3,3,0,6,0,1,23,0,24,0,4,26,0,30,0,0,0,30
02/04/2009,ENW,WI,AGL,CE,Federal Contract Tower,0,7,10,0,17,0,3,43,0,46,0,10,53,0,63,14,0,14,77
02/05/2009,ENW,WI,AGL,CE,Federal Contract Tower,0,0,4,0,4,0,0,69,0,69,0,0,73,0,73,70,0,70,143
02/06/2009,ENW,WI,AGL,CE,Federal Contract Tower,0,3,10,0,13,0,0,80,0,80,0,3,90,0,93,170,0,170,263
02/07/2009,ENW,WI,AGL,CE,Federal Contract Tower,0,0,2,0,2,0,0,87,0,87,0,0,89,0,89,128,0,128,217
02/08/2009,ENW,WI,AGL,CE,Federal Contract Tower,0,6,19,0,25,0,6,129,0,135,0,12,148,0,160,218,0,218,378
02/09/2009,ENW,WI,AGL,CE,Federal Contract Tower,0,8,4,0,12,0,2,19,0,21,0,10,23,0,33,48,0,48,81
02/10/2009,ENW,WI,AGL,CE,Federal Contract Tower,0,4,7,0,11,0,4,55,0,59,0,8,62,0,70,20,0,20,90
02/11/2009,ENW,WI,AGL,CE,Federal Contract Tower,0,3,5,0,8,0,0,18,0,18,0,3,23,0,26,0,0,0,26
02/12/2009,ENW,WI,AGL,CE,Federal Contract Tower,0,7,16,0,23,0,0,26,0,26,0,7,42,0,49,78,0,78,127
02/13/2009,ENW,WI,AGL,CE,Federal Contract Tower,0,0,15,0,15,0,0,90,0,90,0,0,105,0,105,72,0,72,177
02/14/2009,ENW,WI,AGL,CE,Federal Contract Tower,0,2,7,0,9,0,0,36,0,36,0,2,43,0,45,124,0,124,169
02/15/2009,ENW,WI,AGL,CE,Federal Contract Tower,0,7,12,0,19,0,0,72,0,72,0,7,84,0,91,146,0,146,237
02/16/2009,ENW,WI,AGL,CE,Federal Contract Tower,0,4,21,0,25,0,1,90,0,91,0,5,111,0,116,98,0,98,214
02/17/2009,ENW,WI,AGL,CE,Federal Contract Tower,0,2,3,0,5,0,0,23,0,23,0,2,26,0,28,18,0,18,46
02/18/2009,ENW,WI,AGL,CE,Federal Contract Tower,0,3,3,0,6,0,0,0,0,0,0,3,3,0,6,0,0,0,6
02/19/2009,ENW,WI,AGL,CE,Federal Contract Tower,0,1,7,0,8,0,0,17,0,17,0,1,24,0,25,0,0,0,25
02/20/2009,ENW,WI,AGL,CE,Federal Contract Tower,0,5,37,0,42,0,1,90,2,93,0,6,127,2,135,42,0,42,177
02/21/2009,ENW,WI,AGL,CE,Federal Contract Tower,0,0,2,0,2,0,0,7,0,7,0,0,9,0,9,16,0,16,25
02/22/2009,ENW,WI,AGL,CE,Federal Contract Tower,0,7,28,0,35,0,3,60,0,63,0,10,88,0,98,44,0,44,142
02/23/2009,ENW,WI,AGL,CE,Federal Contract Tower,0,4,30,2,36,0,2,73,2,77,0,6,103,4,113,40,0,40,153
02/24/2009,ENW,WI,AGL,CE,Federal Contract Tower,0,3,8,0,11,0,1,77,0,78,0,4,85,0,89,2,0,2,91
02/25/2009,ENW,WI,AGL,CE,Federal Contract Tower,0,8,8,0,16,0,5,37,0,42,0,13,45,0,58,20,0,20,78
02/26/2009,ENW,WI,AGL,CE,Federal Contract Tower,0,4,3,0,7,0,0,0,0,0,0,4,3,0,7,0,0,0,7
02/27/2009,ENW,WI,AGL,CE,Federal Contract Tower,0,8,7,0,15,0,5,45,0,50,0,13,52,0,65,20,0,20,85
02/28/2009,ENW,WI,AGL,CE,Federal Contract Tower,0,2,15,0,17,0,0,66,0,66,0,2,81,0,83,84,0,84,167
03/01/2009,ENW,WI,AGL,CE,Federal Contract Tower,0,10,18,0,28,0,1,45,0,46,0,11,63,0,74,8,0,8,82
03/02/2009,ENW,WI,AGL,CE,Federal Contract Tower,0,7,12,0,19,0,3,18,0,21,0,10,30,0,40,26,0,26,66
03/03/2009,ENW,WI,AGL,CE,Federal Contract Tower,0,6,20,0,26,0,0,64,0,64,0,6,84,0,90,22,0,22,112
03/04/2009,ENW,WI,AGL,CE,Federal Contract Tower,0,8,13,0,21,0,2,83,0,85,0,10,96,0,106,56,0,56,162
03/05/2009,ENW,WI,AGL,CE,Federal Contract Tower,0,11,10,0,21,0,3,58,2,63,0,14,68,2,84,10,0,10,94
03/06/2009,ENW,WI,AGL,CE,Federal Contract Tower,0,5,43,0,48,0,0,86,0,86,0,5,129,0,134,144,0,144,278
03/07/2009,ENW,WI,AGL,CE,Federal Contract Tower,0,0,5,0,5,0,0,10,0,10,0,0,15,0,15,0,0,0,15
03/08/2009,ENW,WI,AGL,CE,Federal Contract Tower,0,7,1,0,8,0,0,0,0,0,0,7,1,0,8,0,0,0,8
03/09/2009,ENW,WI,AGL,CE,Federal Contract Tower,0,13,24,0,37,0,3,70,0,73,0,16,94,0,110,40,0,40,150
03/10/2009,ENW,WI,AGL,CE,Federal Contract Tower,0,11,0,0,11,0,0,0,0,0,0,11,0,0,11,0,0,0,11
03/11/2009,ENW,WI,AGL,CE,Federal Contract Tower,0,4,10,0,14,0,3,36,4,43,0,7,46,4,57,0,0,0,57
03/12/2009,ENW,WI,AGL,CE,Federal Contract Tower,0,2,18,0,20,0,1,98,0,99,0,3,116,0,119,102,0,102,221
03/13/2009,ENW,WI,AGL,CE,Federal Contract Tower,0,2,15,2,19,0,1,111,0,112,0,3,126,2,131,108,0,108,239
03/14/2009,ENW,WI,AGL,CE,Federal Contract Tower,0,0,19,0,19,0,6,135,0,141,0,6,154,0,160,192,0,192,352
03/15/2009,ENW,WI,AGL,CE,Federal Contract Tower,0,9,15,0,24,0,0,120,0,120,0,9,135,0,144,66,0,66,210
03/16/2009,ENW,WI,AGL,CE,Federal Contract Tower,0,9,19,0,28,0,1,86,0,87,0,10,105,0,115,98,0,98,213
03/17/2009,ENW,WI,AGL,CE,Federal Contract Tower,0,0,28,0,28,0,0,75,0,75,0,0,103,0,103,12,0,12,115
03/18/2009,ENW,WI,AGL,CE,Federal Contract Tower,0,3,12,0,15,0,0,69,0,69,0,3,81,0,84,120,0,120,204
03/19/2009,ENW,WI,AGL,CE,Federal Contract Tower,0,3,4,0,7,0,0,74,0,74,0,3,78,0,81,128,0,128,209
03/20/2009,ENW,WI,AGL,CE,Federal Contract Tower,0,4,9,0,13,0,0,81,0,81,0,4,90,0,94,122,0,122,216
03/21/2009,ENW,WI,AGL,CE,Federal Contract Tower,0,2,18,0,20,0,2,179,0,181,0,4,197,0,201,160,0,160,361
03/22/2009,ENW,WI,AGL,CE,Federal Contract Tower,0,3,15,0,18,0,0,82,0,82,0,3,97,0,100,42,0,42,142
03/23/2009,ENW,WI,AGL,CE,Federal Contract Tower,0,7,12,0,19,0,2,37,0,39,0,9,49,0,58,6,0,6,64
03/24/2009,ENW,WI,AGL,CE,Federal Contract Tower,0,9,3,0,12,0,0,7,0,7,0,9,10,0,19,0,0,0,19
03/25/2009,ENW,WI,AGL,CE,Federal Contract Tower,0,2,16,0,18,0,0,30,0,30,0,2,46,0,48,4,0,4,52
03/26/2009,ENW,WI,AGL,CE,Federal Contract Tower,0,5,9,0,14,0,0,61,2,63,0,5,70,2,77,32,0,32,109
03/27/2009,ENW,WI,AGL,CE,Federal Contract Tower,0,4,20,0,24,0,1,55,0,56,0,5,75,0,80,28,0,28,108
03/28/2009,ENW,WI,AGL,CE,Federal Contract Tower,0,5,9,0,14,0,1,18,0,19,0,6,27,0,33,52,0,52,85
03/29/2009,ENW,WI,AGL,CE,Federal Contract Tower,0,8,0,0,8,0,6,2,0,8,0,14,2,0,16,0,0,0,16
03/30/2009,ENW,WI,AGL,CE,Federal Contract Tower,0,5,13,0,18,0,3,65,0,68,0,8,78,0,86,46,0,46,132
03/31/2009,ENW,WI,AGL,CE,Federal Contract Tower,0,7,9,0,16,0,0,1,0,1,0,7,10,0,17,0,0,0,17
04/01/2009,ENW,WI,AGL,CE,Federal Contract Tower,0,5,6,0,11,0,1,27,0,28,0,6,33,0,39,40,0,40,79
04/02/2009,ENW,WI,AGL,CE,Federal Contract Tower,0,5,7,0,12,0,0,34,0,34,0,5,41,0,46,110,0,110,156
04/03/2009,ENW,WI,AGL,CE,Federal Contract Tower,0,0,5,0,5,0,0,27,0,27,0,0,32,0,32,29,0,29,61
04/04/2009,ENW,WI,AGL,CE,Federal Contract Tower,0,3,22,0,25,0,0,117,0,117,0,3,139,0,142,158,0,158,300
04/05/2009,ENW,WI,AGL,CE,Federal Contract Tower,0,3,2,0,5,0,0,4,0,4,0,3,6,0,9,10,0,10,19
04/06/2009,ENW,WI,AGL,CE,Federal Contract Tower,0,10,4,0,14,0,2,19,0,21,0,12,23,0,35,0,0,0,35
04/07/2009,ENW,WI,AGL,CE,Federal Contract Tower,0,6,5,0,11,0,5,45,0,50,0,11,50,0,61,32,0,32,93
04/08/2009,ENW,WI,AGL,CE,Federal Contract Tower,0,4,17,0,21,0,0,64,0,64,0,4,81,0,85,70,0,70,155
04/09/2009,ENW,WI,AGL,CE,Federal Contract Tower,0,10,8,0,18,0,0,95,0,95,0,10,103,0,113,112,0,112,225
04/10/2009,ENW,WI,AGL,CE,Federal Contract Tower,0,3,9,0,12,0,0,39,0,39,0,3,48,0,51,68,0,68,119
04/11/2009,ENW,WI,AGL,CE,Federal Contract Tower,0,0,19,0,19,0,0,153,0,153,0,0,172,0,172,182,0,182,354
04/12/2009,ENW,WI,AGL,CE,Federal Contract Tower,0,5,5,0,10,0,1,60,0,61,0,6,65,0,71,14,0,14,85
04/13/2009,ENW,WI,AGL,CE,Federal Contract Tower,0,4,5,0,9,0,4,1,0,5,0,8,6,0,14,0,0,0,14
04/14/2009,ENW,WI,AGL,CE,Federal Contract Tower,0,8,10,0,18,0,0,37,0,37,0,8,47,0,55,68,0,68,123
04/15/2009,ENW,WI,AGL,CE,Federal Contract Tower,0,3,9,0,12,0,0,62,0,62,0,3,71,0,74,48,0,48,122
04/16/2009,ENW,WI,AGL,CE,Federal Contract Tower,0,5,4,0,9,0,0,116,0,116,0,5,120,0,125,136,0,136,261
04/17/2009,ENW,WI,AGL,CE,Federal Contract Tower,0,2,5,0,7,0,0,89,0,89,0,2,94,0,96,108,0,108,204
04/18/2009,ENW,WI,AGL,CE,Federal Contract Tower,0,0,21,0,21,0,0,118,0,118,0,0,139,0,139,158,0,158,297
04/19/2009,ENW,WI,AGL,CE,Federal Contract Tower,0,4,25,0,29,0,0,0,0,0,0,4,25,0,29,0,0,0,29
04/20/2009,ENW,WI,AGL,CE,Federal Contract Tower,0,6,3,0,9,0,2,19,4,25,0,8,22,4,34,6,0,6,40
04/21/2009,ENW,WI,AGL,CE,Federal Contract Tower,0,6,4,0,10,0,0,4,0,4,0,6,8,0,14,8,0,8,22
04/22/2009,ENW,WI,AGL,CE,Federal Contract Tower,0,1,8,0,9,0,1,82,0,83,0,2,90,0,92,128,0,128,220
04/23/2009,ENW,WI,AGL,CE,Federal Contract Tower,0,2,8,0,10,0,1,92,0,93,0,3,100,0,103,128,0,128,231
04/24/2009,ENW,WI,AGL,CE,Federal Contract Tower,0,4,21,0,25,0,1,73,0,74,0,5,94,0,99,62,0,62,161
04/25/2009,ENW,WI,AGL,CE,Federal Contract Tower,0,0,5,0,5,0,0,8,0,8,0,0,13,0,13,8,0,8,21
04/26/2009,ENW,WI,AGL,CE,Federal Contract Tower,0,6,18,0,24,0,0,7,0,7,0,6,25,0,31,0,0,0,31
04/27/2009,ENW,WI,AGL,CE,Federal Contract Tower,0,7,15,0,22,0,1,2,0,3,0,8,17,0,25,0,0,0,25
04/28/2009,ENW,WI,AGL,CE,Federal Contract Tower,0,2,8,0,10,0,3,39,0,42,0,5,47,0,52,18,0,18,70
04/29/2009,ENW,WI,AGL,CE,Federal Contract Tower,0,1,35,0,36,0,0,5,0,5,0,1,40,0,41,58,0,58,99
04/30/2009,ENW,WI,AGL,CE,Federal Contract Tower,0,4,12,0,16,0,0,0,0,0,0,4,12,0,16,0,0,0,16
05/01/2009,ENW,WI,AGL,CE,Federal Contract Tower,0,0,26,0,26,0,0,55,0,55,0,0,81,0,81,54,0,54,135
05/02/2009,ENW,WI,AGL,CE,Federal Contract Tower,0,2,30,0,32,0,0,121,0,121,0,2,151,0,153,150,0,150,303
05/03/2009,ENW,WI,AGL,CE,Federal Contract Tower,0,1,11,0,12,0,0,135,0,135,0,1,146,0,147,96,0,96,243
05/04/2009,ENW,WI,AGL,CE,Federal Contract Tower,0,2,15,6,23,0,6,108,4,118,0,8,123,10,141,112,0,112,253
05/05/2009,ENW,WI,AGL,CE,Federal Contract Tower,0,5,21,0,26,0,2,87,0,89,0,7,108,0,115,120,0,120,235
05/06/2009,ENW,WI,AGL,CE,Federal Contract Tower,0,3,7,0,10,0,0,65,0,65,0,3,72,0,75,108,0,108,183
05/07/2009,ENW,WI,AGL,CE,Federal Contract Tower,0,9,15,0,24,0,0,68,0,68,0,9,83,0,92,40,0,40,132
05/08/2009,ENW,WI,AGL,CE,Federal Contract Tower,0,1,33,0,34,0,0,99,0,99,0,1,132,0,133,138,0,138,271
05/09/2009,ENW,WI,AGL,CE,Federal Contract Tower,0,3,16,0,19,0,0,29,0,29,0,3,45,0,48,60,0,60,108
05/10/2009,ENW,WI,AGL,CE,Federal Contract Tower,0,8,17,0,25,0,0,68,0,68,0,8,85,0,93,62,0,62,155
05/11/2009,ENW,WI,AGL,CE,Federal Contract Tower,0,7,20,0,27,0,3,83,0,86,0,10,103,0,113,64,0,64,177
05/12/2009,ENW,WI,AGL,CE,Federal Contract Tower,0,7,7,0,14,0,1,94,0,95,0,8,101,0,109,82,0,82,191
05/13/2009,ENW,WI,AGL,CE,Federal Contract Tower,0,2,6,0,8,0,1,0,0,1,0,3,6,0,9,16,0,16,25
05/14/2009,ENW,WI,AGL,CE,Federal Contract Tower,0,5,28,0,33,0,0,71,0,71,0,5,99,0,104,74,0,74,178
05/15/2009,ENW,WI,AGL,CE,Federal Contract Tower,0,11,10,0,21,0,0,51,0,51,0,11,61,0,72,72,0,72,144
05/16/2009,ENW,WI,AGL,CE,Federal Contract Tower,0,1,10,0,11,0,3,84,0,87,0,4,94,0,98,104,0,104,202
05/17/2009,ENW,WI,AGL,CE,Federal Contract Tower,0,7,33,0,40,0,0,146,0,146,0,7,179,0,186,152,0,152,338
05/18/2009,ENW,WI,AGL,CE,Federal Contract Tower,0,2,20,0,22,0,1,64,0,65,0,3,84,0,87,44,0,44,131
05/19/2009,ENW,WI,AGL,CE,Federal Contract Tower,0,2,21,0,23,0,1,107,0,108,0,3,128,0,131,100,0,100,231
05/20/2009,ENW,WI,AGL,CE,Federal Contract Tower,0,1,18,0,19,0,0,67,0,67,0,1,85,0,86,62,0,62,148
05/21/2009,ENW,WI,AGL,CE,Federal Contract Tower,0,3,11,0,14,0,0,96,0,96,0,3,107,0,110,96,0,96,206
05/22/2009,ENW,WI,AGL,CE,Federal Contract Tower,0,6,39,0,45,0,4,109,0,113,0,10,148,0,158,202,0,202,360
05/23/2009,ENW,WI,AGL,CE,Federal Contract Tower,0,1,16,0,17,0,0,117,0,117,0,1,133,0,134,188,0,188,322
05/24/2009,ENW,WI,AGL,CE,Federal Contract Tower,0,7,16,0,23,0,2,63,0,65,0,9,79,0,88,92,0,92,180
05/25/2009,ENW,WI,AGL,CE,Federal Contract Tower,0,4,16,0,20,0,0,60,2,62,0,4,76,2,82,112,0,112,194
05/26/2009,ENW,WI,AGL,CE,Federal Contract Tower,0,11,9,0,20,0,0,10,0,10,0,11,19,0,30,6,0,6,36
05/27/2009,ENW,WI,AGL,CE,Federal Contract Tower,0,3,7,0,10,0,0,0,0,0,0,3,7,0,10,0,0,0,10
05/28/2009,ENW,WI,AGL,CE,Federal Contract Tower,0,5,20,0,25,0,0,36,0,36,0,5,56,0,61,136,0,136,197
05/29/2009,ENW,WI,AGL,CE,Federal Contract Tower,0,0,18,0,18,0,3,82,0,85,0,3,100,0,103,116,0,116,219
05/30/2009,ENW,WI,AGL,CE,Federal Contract Tower,0,0,7,0,7,0,0,140,6,146,0,0,147,6,153,114,4,118,271
05/31/2009,ENW,WI,AGL,CE,Federal Contract Tower,0,2,13,0,15,0,0,124,0,124,0,2,137,0,139,72,0,72,211
06/01/2009,ENW,WI,AGL,CE,Federal Contract Tower,0,8,9,0,17,0,4,27,2,33,0,12,36,2,50,42,0,42,92
06/02/2009,ENW,WI,AGL,CE,Federal Contract Tower,0,12,11,0,23,0,1,55,0,56,0,13,66,0,79,74,0,74,153
06/03/2009,ENW,WI,AGL,CE,Federal Contract Tower,0,18,7,0,25,0,2,132,0,134,0,20,139,0,159,132,0,132,291
06/04/2009,ENW,WI,AGL,CE,Federal Contract Tower,0,4,17,0,21,0,0,113,0,113,0,4,130,0,134,188,0,188,322
06/05/2009,ENW,WI,AGL,CE,Federal Contract Tower,0,2,28,0,30,0,0,103,0,103,0,2,131,0,133,168,0,168,301
06/06/2009,ENW,WI,AGL,CE,Federal Contract Tower,0,1,20,0,21,0,0,82,0,82,0,1,102,0,103,152,0,152,255
06/07/2009,ENW,WI,AGL,CE,Federal Contract Tower,0,0,19,0,19,0,0,81,0,81,0,0,100,0,100,90,0,90,190
06/08/2009,ENW,WI,AGL,CE,Federal Contract Tower,0,8,1,0,9,0,1,13,0,14,0,9,14,0,23,6,0,6,29
06/09/2009,ENW,WI,AGL,CE,Federal Contract Tower,0,3,22,0,25,0,0,106,0,106,0,3,128,0,131,66,0,66,197
06/10/2009,ENW,WI,AGL,CE,Federal Contract Tower,0,18,20,0,38,0,0,125,0,125,0,18,145,0,163,136,0,136,299
06/11/2009,ENW,WI,AGL,CE,Federal Contract Tower,0,10,20,0,30,0,0,79,0,79,0,10,99,0,109,68,0,68,177
06/12/2009,ENW,WI,AGL,CE,Federal Contract Tower,0,5,24,0,29,0,0,113,0,113,0,5,137,0,142,98,0,98,240
06/13/2009,ENW,WI,AGL,CE,Federal Contract Tower,0,7,26,0,33,0,0,104,0,104,0,7,130,0,137,130,0,130,267
06/14/2009,ENW,WI,AGL,CE,Federal Contract Tower,0,9,31,0,40,0,0,117,0,117,0,9,148,0,157,90,0,90,247
06/15/2009,ENW,WI,AGL,CE,Federal Contract Tower,0,13,25,2,40,0,3,70,0,73,0,16,95,2,113,76,2,78,191
06/16/2009,ENW,WI,AGL,CE,Federal Contract Tower,0,5,7,0,12,0,2,43,0,45,0,7,50,0,57,52,0,52,109
06/17/2009,ENW,WI,AGL,CE,Federal Contract Tower,0,6,39,0,45,0,0,25,0,25,0,6,64,0,70,72,0,72,142
06/18/2009,ENW,WI,AGL,CE,Federal Contract Tower,0,5,16,0,21,0,1,68,0,69,0,6,84,0,90,132,0,132,222
06/19/2009,ENW,WI,AGL,CE,Federal Contract Tower,0,3,8,0,11,0,1,14,0,15,0,4,22,0,26,18,0,18,44
06/20/2009,ENW,WI,AGL,CE,Federal Contract Tower,0,1,15,0,16,0,2,116,0,118,0,3,131,0,134,216,0,216,350
06/21/2009,ENW,WI,AGL,CE,Federal Contract Tower,0,11,13,0,24,0,2,93,0,95,0,13,106,0,119,102,0,102,221
06/22/2009,ENW,WI,AGL,CE,Federal Contract Tower,0,8,22,0,30,0,0,68,0,68,0,8,90,0,98,102,0,102,200
06/23/2009,ENW,WI,AGL,CE,Federal Contract Tower,0,7,31,0,38,0,2,91,1,94,0,9,122,1,132,50,8,58,190
06/24/2009,ENW,WI,AGL,CE,Federal Contract Tower,0,6,14,0,20,0,0,74,4,78,0,6,88,4,98,50,0,50,148
06/25/2009,ENW,WI,AGL,CE,Federal Contract Tower,0,3,28,0,31,0,0,135,2,137,0,3,163,2,168,74,0,74,242
06/26/2009,ENW,WI,AGL,CE,Federal Contract Tower,0,1,32,0,33,0,3,155,2,160,0,4,187,2,193,82,0,82,275
06/27/2009,ENW,WI,AGL,CE,Federal Contract Tower,0,0,19,0,19,0,0,104,2,106,0,0,123,2,125,64,0,64,189
06/28/2009,ENW,WI,AGL,CE,Federal Contract Tower,0,4,13,0,17,0,0,39,0,39,0,4,52,0,56,6,0,6,62
06/29/2009,ENW,WI,AGL,CE,Federal Contract Tower,0,9,22,0,31,0,4,73,0,77,0,13,95,0,108,82,0,82,190
06/30/2009,ENW,WI,AGL,CE,Federal Contract Tower,0,4,24,0,28,0,6,67,2,75,0,10,91,2,103,15,0,15,118
07/01/2009,ENW,WI,AGL,CE,Federal Contract Tower,0,6,20,0,26,0,1,41,0,42,0,7,61,0,68,90,0,90,158
07/02/2009,ENW,WI,AGL,CE,Federal Contract Tower,0,5,18,2,25,0,0,87,0,87,0,5,105,2,112,76,0,76,188
07/03/2009,ENW,WI,AGL,CE,Federal Contract Tower,0,0,24,0,24,0,2,122,0,124,0,2,146,0,148,114,0,114,262
07/04/2009,ENW,WI,AGL,CE,Federal Contract Tower,0,1,9,0,10,0,0,66,0,66,0,1,75,0,76,84,0,84,160
07/05/2009,ENW,WI,AGL,CE,Federal Contract Tower,0,11,10,0,21,0,1,92,0,93,0,12,102,0,114,50,0,50,164
07/06/2009,ENW,WI,AGL,CE,Federal Contract Tower,0,7,15,0,22,0,8,127,0,135,0,15,142,0,157,44,0,44,201
07/07/2009,ENW,WI,AGL,CE,Federal Contract Tower,0,2,3,0,5,0,5,90,0,95,0,7,93,0,100,48,0,48,148
07/08/2009,ENW,WI,AGL,CE,Federal Contract Tower,0,7,22,0,29,0,0,90,0,90,0,7,112,0,119,70,0,70,189
07/09/2009,ENW,WI,AGL,CE,Federal Contract Tower,0,8,21,4,33,0,0,125,0,125,0,8,146,4,158,110,0,110,268
07/10/2009,ENW,WI,AGL,CE,Federal Contract Tower,0,4,8,0,12,0,1,60,0,61,0,5,68,0,73,46,0,46,119
07/11/2009,ENW,WI,AGL,CE,Federal Contract Tower,0,3,13,0,16,0,0,131,0,131,0,3,144,0,147,66,0,66,213
07/12/2009,ENW,WI,AGL,CE,Federal Contract Tower,0,11,15,0,26,0,1,125,0,126,0,12,140,0,152,80,0,80,232
07/13/2009,ENW,WI,AGL,CE,Federal Contract Tower,0,5,11,0,16,0,2,74,0,76,0,7,85,0,92,96,0,96,188
07/14/2009,ENW,WI,AGL,CE,Federal Contract Tower,0,10,16,0,26,0,7,119,0,126,0,17,135,0,152,62,0,62,214
07/15/2009,ENW,WI,AGL,CE,Federal Contract Tower,0,7,21,0,28,0,2,80,0,82,0,9,101,0,110,116,0,116,226
07/16/2009,ENW,WI,AGL,CE,Federal Contract Tower,0,4,23,0,27,0,2,97,0,99,0,6,120,0,126,68,0,68,194
07/17/2009,ENW,WI,AGL,CE,Federal Contract Tower,0,3,36,0,39,0,5,90,2,97,0,8,126,2,136,80,0,80,216
07/18/2009,ENW,WI,AGL,CE,Federal Contract Tower,0,1,11,0,12,0,0,124,0,124,0,1,135,0,136,132,0,132,268
07/19/2009,ENW,WI,AGL,CE,Federal Contract Tower,0,18,11,0,29,0,0,92,0,92,0,18,103,0,121,88,0,88,209
07/20/2009,ENW,WI,AGL,CE,Federal Contract Tower,0,5,17,0,22,0,1,74,0,75,0,6,91,0,97,50,0,50,147
07/21/2009,ENW,WI,AGL,CE,Federal Contract Tower,0,5,12,0,17,0,0,106,0,106,0,5,118,0,123,176,0,176,299
07/22/2009,ENW,WI,AGL,CE,Federal Contract Tower,0,4,12,0,16,0,0,69,0,69,0,4,81,0,85,120,0,120,205
07/23/2009,ENW,WI,AGL,CE,Federal Contract Tower,0,7,13,0,20,0,0,79,0,79,0,7,92,0,99,86,2,88,187
07/24/2009,ENW,WI,AGL,CE,Federal Contract Tower,0,0,19,1,20,0,0,77,4,81,0,0,96,5,101,106,0,106,207
07/25/2009,ENW,WI,AGL,CE,Federal Contract Tower,0,2,7,0,9,0,0,118,0,118,0,2,125,0,127,124,0,124,251
07/26/2009,ENW,WI,AGL,CE,Federal Contract Tower,0,11,17,0,28,0,2,149,0,151,0,13,166,0,179,80,0,80,259
07/27/2009,ENW,WI,AGL,CE,Federal Contract Tower,0,11,11,0,22,0,3,74,0,77,0,14,85,0,99,40,0,40,139
07/28/2009,ENW,WI,AGL,CE,Federal Contract Tower,0,9,12,0,21,0,1,61,0,62,0,10,73,0,83,74,0,74,157
07/29/2009,ENW,WI,AGL,CE,Federal Contract Tower,0,4,14,0,18,0,2,89,0,91,0,6,103,0,109,94,0,94,203
07/30/2009,ENW,WI,AGL,CE,Federal Contract Tower,0,6,15,0,21,0,0,92,0,92,0,6,107,0,113,12,16,28,141
07/31/2009,ENW,WI,AGL,CE,Federal Contract Tower,0,4,12,0,16,0,0,112,0,112,0,4,124,0,128,26,2,28,156
08/01/2009,ENW,WI,AGL,CE,Federal Contract Tower,0,3,15,0,18,0,0,72,0,72,0,3,87,0,90,170,0,170,260
08/02/2009,ENW,WI,AGL,CE,Federal Contract Tower,0,7,10,0,17,0,0,112,0,112,0,7,122,0,129,60,0,60,189
08/03/2009,ENW,WI,AGL,CE,Federal Contract Tower,0,6,7,0,13,0,2,46,0,48,0,8,53,0,61,100,0,100,161
08/04/2009,ENW,WI,AGL,CE,Federal Contract Tower,0,2,11,0,13,0,0,88,0,88,0,2,99,0,101,100,0,100,201
08/05/2009,ENW,WI,AGL,CE,Federal Contract Tower,0,2,32,0,34,0,3,118,0,121,0,5,150,0,155,166,0,166,321
08/06/2009,ENW,WI,AGL,CE,Federal Contract Tower,0,6,16,3,25,0,2,83,0,85,0,8,99,3,110,76,0,76,186
08/07/2009,ENW,WI,AGL,CE,Federal Contract Tower,0,6,17,0,23,0,1,28,0,29,0,7,45,0,52,10,0,10,62
08/08/2009,ENW,WI,AGL,CE,Federal Contract Tower,0,3,12,0,15,0,0,13,0,13,0,3,25,0,28,34,0,34,62
08/09/2009,ENW,WI,AGL,CE,Federal Contract Tower,0,9,5,0,14,0,16,58,2,76,0,25,63,2,90,88,0,88,178
08/10/2009,ENW,WI,AGL,CE,Federal Contract Tower,0,5,17,0,22,0,0,51,0,51,0,5,68,0,73,64,0,64,137
08/11/2009,ENW,WI,AGL,CE,Federal Contract Tower,0,7,22,0,29,0,1,87,0,88,0,8,109,0,117,107,0,107,224
08/12/2009,ENW,WI,AGL,CE,Federal Contract Tower,0,7,24,0,31,0,0,119,0,119,0,7,143,0,150,88,0,88,238
08/13/2009,ENW,WI,AGL,CE,Federal Contract Tower,0,5,12,0,17,0,0,127,0,127,0,5,139,0,144,116,0,116,260
08/14/2009,ENW,WI,AGL,CE,Federal Contract Tower,0,7,29,0,36,0,0,133,0,133,0,7,162,0,169,136,0,136,305
08/15/2009,ENW,WI,AGL,CE,Federal Contract Tower,0,6,7,0,13,0,0,101,0,101,0,6,108,0,114,118,0,118,232
08/16/2009,ENW,WI,AGL,CE,Federal Contract Tower,0,5,13,0,18,0,0,57,2,59,0,5,70,2,77,98,46,144,221
08/17/2009,ENW,WI,AGL,CE,Federal Contract Tower,0,5,15,0,20,0,2,43,0,45,0,7,58,0,65,24,0,24,89
08/18/2009,ENW,WI,AGL,CE,Federal Contract Tower,0,9,9,0,18,0,1,85,0,86,0,10,94,0,104,90,0,90,194
08/19/2009,ENW,WI,AGL,CE,Federal Contract Tower,0,2,15,0,17,0,2,66,0,68,0,4,81,0,85,22,0,22,107
08/20/2009,ENW,WI,AGL,CE,Federal Contract Tower,0,8,14,0,22,0,0,78,0,78,0,8,92,0,100,18,0,18,118
08/21/2009,ENW,WI,AGL,CE,Federal Contract Tower,0,14,24,0,38,0,12,74,0,86,0,26,98,0,124,92,0,92,216
08/22/2009,ENW,WI,AGL,CE,Federal Contract Tower,0,4,27,0,31,0,7,117,0,124,0,11,144,0,155,130,0,130,285
08/23/2009,ENW,WI,AGL,CE,Federal Contract Tower,0,6,26,0,32,0,12,148,0,160,0,18,174,0,192,54,0,54,246
08/24/2009,ENW,WI,AGL,CE,Federal Contract Tower,0,12,21,8,41,0,14,92,4,110,0,26,113,12,151,128,44,172,323
08/25/2009,ENW,WI,AGL,CE,Federal Contract Tower,0,16,20,0,36,0,5,88,0,93,0,21,108,0,129,78,0,78,207
08/26/2009,ENW,WI,AGL,CE,Federal Contract Tower,0,16,5,0,21,0,0,83,0,83,0,16,88,0,104,114,0,114,218
08/27/2009,ENW,WI,AGL,CE,Federal Contract Tower,0,5,19,0,24,0,0,9,0,9,0,5,28,0,33,54,0,54,87
08/28/2009,ENW,WI,AGL,CE,Federal Contract Tower,0,7,19,0,26,0,0,18,0,18,0,7,37,0,44,66,0,66,110
08/29/2009,ENW,WI,AGL,CE,Federal Contract Tower,0,2,20,0,22,0,0,68,0,68,0,2,88,0,90,108,0,108,198
08/30/2009,ENW,WI,AGL,CE,Federal Contract Tower,0,6,26,0,32,0,1,18,0,19,0,7,44,0,51,64,0,64,115
08/31/2009,ENW,WI,AGL,CE,Federal Contract Tower,0,3,39,0,42,0,0,105,0,105,0,3,144,0,147,64,0,64,211
09/01/2009,ENW,WI,AGL,CE,Federal Contract Tower,0,12,16,0,28,0,0,114,0,114,0,12,130,0,142,174,0,174,316
09/02/2009,ENW,WI,AGL,CE,Federal Contract Tower,0,11,28,0,39,0,0,100,1,101,0,11,128,1,140,162,0,162,302
09/03/2009,ENW,WI,AGL,CE,Federal Contract Tower,0,6,33,0,39,0,0,116,0,116,0,6,149,0,155,146,0,146,301
09/04/2009,ENW,WI,AGL,CE,Federal Contract Tower,0,7,36,0,43,0,0,139,2,141,0,7,175,2,184,102,0,102,286
09/05/2009,ENW,WI,AGL,CE,Federal Contract Tower,0,10,22,0,32,0,0,90,0,90,0,10,112,0,122,118,0,118,240
09/06/2009,ENW,WI,AGL,CE,Federal Contract Tower,0,5,18,0,23,0,0,71,0,71,0,5,89,0,94,60,0,60,154
09/07/2009,ENW,WI,AGL,CE,Federal Contract Tower,0,7,16,0,23,0,0,66,0,66,0,7,82,0,89,16,0,16,105
09/08/2009,ENW,WI,AGL,CE,Federal Contract Tower,0,8,25,6,39,0,0,87,0,87,0,8,112,6,126,22,0,22,148
09/09/2009,ENW,WI,AGL,CE,Federal Contract Tower,0,6,32,0,38,0,0,53,0,53,0,6,85,0,91,10,0,10,101
09/10/2009,ENW,WI,AGL,CE,Federal Contract Tower,0,5,12,0,17,0,0,94,0,94,0,5,106,0,111,128,0,128,239
09/11/2009,ENW,WI,AGL,CE,Federal Contract Tower,0,4,16,0,20,0,0,107,0,107,0,4,123,0,127,46,0,46,173
09/12/2009,ENW,WI,AGL,CE,Federal Contract Tower,0,5,18,0,23,0,0,91,0,91,0,5,109,0,114,105,0,105,219
09/13/2009,ENW,WI,AGL,CE,Federal Contract Tower,0,9,17,0,26,0,0,117,0,117,0,9,134,0,143,60,0,60,203
09/14/2009,ENW,WI,AGL,CE,Federal Contract Tower,0,6,17,0,23,0,0,57,0,57,0,6,74,0,80,20,0,20,100
09/15/2009,ENW,WI,AGL,CE,Federal Contract Tower,0,7,11,0,18,0,0,73,0,73,0,7,84,0,91,16,0,16,107
09/16/2009,ENW,WI,AGL,CE,Federal Contract Tower,0,5,14,0,19,0,0,101,0,101,0,5,115,0,120,38,0,38,158
09/17/2009,ENW,WI,AGL,CE,Federal Contract Tower,0,13,13,0,26,0,1,106,0,107,0,14,119,0,133,83,0,83,216
09/18/2009,ENW,WI,AGL,CE,Federal Contract Tower,0,4,18,0,22,0,0,56,0,56,0,4,74,0,78,26,0,26,104
09/19/2009,ENW,WI,AGL,CE,Federal Contract Tower,0,4,18,0,22,0,0,95,0,95,0,4,113,0,117,137,0,137,254
09/20/2009,ENW,WI,AGL,CE,Federal Contract Tower,0,10,17,0,27,0,0,56,0,56,0,10,73,0,83,30,0,30,113
09/21/2009,ENW,WI,AGL,CE,Federal Contract Tower,0,6,11,0,17,0,0,45,0,45,0,6,56,0,62,22,0,22,84
09/22/2009,ENW,WI,AGL,CE,Federal Contract Tower,0,11,32,0,43,0,0,11,0,11,0,11,43,0,54,10,0,10,64
09/23/2009,ENW,WI,AGL,CE,Federal Contract Tower,0,24,17,0,41,0,0,46,0,46,0,24,63,0,87,21,0,21,108
09/24/2009,ENW,WI,AGL,CE,Federal Contract Tower,0,4,7,0,11,0,0,41,0,41,0,4,48,0,52,102,0,102,154
09/25/2009,ENW,WI,AGL,CE,Federal Contract Tower,0,4,8,0,12,0,0,36,0,36,0,4,44,0,48,69,0,69,117
09/26/2009,ENW,WI,AGL,CE,Federal Contract Tower,0,3,13,0,16,0,0,35,0,35,0,3,48,0,51,62,0,62,113
09/27/2009,ENW,WI,AGL,CE,Federal Contract Tower,0,10,15,0,25,0,0,40,0,40,0,10,55,0,65,18,0,18,83
09/28/2009,ENW,WI,AGL,CE,Federal Contract Tower,0,7,3,0,10,0,0,1,0,1,0,7,4,0,11,22,0,22,33
09/29/2009,ENW,WI,AGL,CE,Federal Contract Tower,0,19,8,0,27,0,0,46,0,46,0,19,54,0,73,74,0,74,147
09/30/2009,ENW,WI,AGL,CE,Federal Contract Tower,0,9,32,0,41,0,0,90,0,90,0,9,122,0,131,76,0,76,207
10/01/2009,ENW,WI,AGL,CE,Federal Contract Tower,0,17,9,0,26,0,0,56,0,56,0,17,65,0,82,90,0,90,172
10/02/2009,ENW,WI,AGL,CE,Federal Contract Tower,0,8,10,0,18,0,2,26,0,28,0,10,36,0,46,38,0,38,84
10/03/2009,ENW,WI,AGL,CE,Federal Contract Tower,0,2,17,0,19,0,0,32,0,32,0,2,49,0,51,112,0,112,163
10/04/2009,ENW,WI,AGL,CE,Federal Contract Tower,0,11,14,0,25,0,0,44,0,44,0,11,58,0,69,24,0,24,93
10/05/2009,ENW,WI,AGL,CE,Federal Contract Tower,0,10,20,0,30,0,2,102,0,104,0,12,122,0,134,100,0,100,234
10/06/2009,ENW,WI,AGL,CE,Federal Contract Tower,0,6,10,0,16,0,0,10,0,10,0,6,20,0,26,46,0,46,72
10/07/2009,ENW,WI,AGL,CE,Federal Contract Tower,0,6,17,0,23,0,0,77,0,77,0,6,94,0,100,86,0,86,186
10/08/2009,ENW,WI,AGL,CE,Federal Contract Tower,0,20,15,0,35,0,0,39,0,39,0,20,54,0,74,95,0,95,169
10/09/2009,ENW,WI,AGL,CE,Federal Contract Tower,0,3,22,0,25,0,0,19,0,19,0,3,41,0,44,78,0,78,122
10/10/2009,ENW,WI,AGL,CE,Federal Contract Tower,0,6,15,0,21,0,2,64,0,66,0,8,79,0,87,130,0,130,217
10/11/2009,ENW,WI,AGL,CE,Federal Contract Tower,0,8,12,0,20,0,0,83,0,83,0,8,95,0,103,30,0,30,133
10/12/2009,ENW,WI,AGL,CE,Federal Contract Tower,0,6,11,0,17,0,1,37,0,38,0,7,48,0,55,22,0,22,77
10/13/2009,ENW,WI,AGL,CE,Federal Contract Tower,0,3,26,0,29,0,0,106,0,106,0,3,132,0,135,82,0,82,217
10/14/2009,ENW,WI,AGL,CE,Federal Contract Tower,0,9,6,0,15,0,0,52,0,52,0,9,58,0,67,80,0,80,147
10/15/2009,ENW,WI,AGL,CE,Federal Contract Tower,0,10,7,0,17,0,0,35,0,35,0,10,42,0,52,88,0,88,140
10/16/2009,ENW,WI,AGL,CE,Federal Contract Tower,0,8,12,0,20,0,0,34,0,34,0,8,46,0,54,110,0,110,164
10/17/2009,ENW,WI,AGL,CE,Federal Contract Tower,0,1,6,0,7,0,0,72,0,72,0,1,78,0,79,0,82,82,161
10/18/2009,ENW,WI,AGL,CE,Federal Contract Tower,0,2,15,0,17,0,0,103,0,103,0,2,118,0,120,8,0,8,128
10/19/2009,ENW,WI,AGL,CE,Federal Contract Tower,0,2,15,0,17,0,3,74,0,77,0,5,89,0,94,74,0,74,168
10/20/2009,ENW,WI,AGL,CE,Federal Contract Tower,0,7,22,0,29,0,6,79,2,87,0,13,101,2,116,86,0,86,202
10/21/2009,ENW,WI,AGL,CE,Federal Contract Tower,0,10,19,0,29,0,10,75,0,85,0,20,94,0,114,77,0,77,191
10/22/2009,ENW,WI,AGL,CE,Federal Contract Tower,0,7,14,0,21,0,0,6,0,6,0,7,20,0,27,2,0,2,29
10/23/2009,ENW,WI,AGL,CE,Federal Contract Tower,0,4,11,0,15,0,0,0,0,0,0,4,11,0,15,0,0,0,15
10/24/2009,ENW,WI,AGL,CE,Federal Contract Tower,0,1,15,0,16,0,1,48,0,49,0,2,63,0,65,46,0,46,111
10/25/2009,ENW,WI,AGL,CE,Federal Contract Tower,0,4,17,0,21,0,2,127,0,129,0,6,144,0,150,64,0,64,214
10/26/2009,ENW,WI,AGL,CE,Federal Contract Tower,0,4,11,0,15,0,0,8,0,8,0,4,19,0,23,34,0,34,57
10/27/2009,ENW,WI,AGL,CE,Federal Contract Tower,0,2,13,0,15,0,1,65,0,66,0,3,78,0,81,34,0,34,115
10/28/2009,ENW,WI,AGL,CE,Federal Contract Tower,0,9,18,0,27,0,1,42,2,45,0,10,60,2,72,86,0,86,158
10/29/2009,ENW,WI,AGL,CE,Federal Contract Tower,0,4,20,0,24,0,2,52,0,54,0,6,72,0,78,54,0,54,132
10/30/2009,ENW,WI,AGL,CE,Federal Contract Tower,0,4,6,0,10,0,0,0,0,0,0,4,6,0,10,4,0,4,14
10/31/2009,ENW,WI,AGL,CE,Federal Contract Tower,0,1,11,0,12,0,0,12,0,12,0,1,23,0,24,12,0,12,36
11/01/2009,ENW,WI,AGL,CE,Federal Contract Tower,0,6,15,0,21,0,0,87,0,87,0,6,102,0,108,68,0,68,176
11/02/2009,ENW,WI,AGL,CE,Federal Contract Tower,0,1,15,0,16,0,0,35,0,35,0,1,50,0,51,74,0,74,125
11/03/2009,ENW,WI,AGL,CE,Federal Contract Tower,0,0,26,0,26,0,0,8,0,8,0,0,34,0,34,24,0,24,58
11/04/2009,ENW,WI,AGL,CE,Federal Contract Tower,0,3,4,0,7,0,0,42,0,42,0,3,46,0,49,62,0,62,111
11/05/2009,ENW,WI,AGL,CE,Federal Contract Tower,0,13,15,0,28,0,0,95,0,95,0,13,110,0,123,96,0,96,219
11/06/2009,ENW,WI,AGL,CE,Federal Contract Tower,0,4,11,0,15,0,0,52,0,52,0,4,63,0,67,60,0,60,127
11/07/2009,ENW,WI,AGL,CE,Federal Contract Tower,0,3,7,0,10,0,0,132,0,132,0,3,139,0,142,99,0,99,241
11/08/2009,ENW,WI,AGL,CE,Federal Contract Tower,0,15,10,0,25,0,0,72,0,72,0,15,82,0,97,50,0,50,147
11/09/2009,ENW,WI,AGL,CE,Federal Contract Tower,0,4,17,0,21,0,4,41,2,47,0,8,58,2,68,18,0,18,86
11/10/2009,ENW,WI,AGL,CE,Federal Contract Tower,0,6,12,0,18,0,8,58,0,66,0,14,70,0,84,50,0,50,134
11/11/2009,ENW,WI,AGL,CE,Federal Contract Tower,0,12,3,0,15,0,0,63,0,63,0,12,66,0,78,80,0,80,158
11/12/2009,ENW,WI,AGL,CE,Federal Contract Tower,0,10,16,0,26,0,0,81,0,81,0,10,97,0,107,82,0,82,189
11/13/2009,ENW,WI,AGL,CE,Federal Contract Tower,0,9,17,0,26,0,2,55,0,57,0,11,72,0,83,40,0,40,123
11/14/2009,ENW,WI,AGL,CE,Federal Contract Tower,0,0,15,0,15,0,0,85,0,85,0,0,100,0,100,104,0,104,204
11/15/2009,ENW,WI,AGL,CE,Federal Contract Tower,0,3,14,0,17,0,0,63,0,63,0,3,77,0,80,54,0,54,134
11/16/2009,ENW,WI,AGL,CE,Federal Contract Tower,0,8,24,0,32,0,8,64,0,72,0,16,88,0,104,96,0,96,200
11/17/2009,ENW,WI,AGL,CE,Federal Contract Tower,0,3,10,0,13,0,85,60,0,145,0,88,70,0,158,108,0,108,266
11/18/2009,ENW,WI,AGL,CE,Federal Contract Tower,0,79,28,0,107,0,0,22,0,22,0,79,50,0,129,0,0,0,129
11/19/2009,ENW,WI,AGL,CE,Federal Contract Tower,0,11,51,0,62,0,0,16,0,16,0,11,67,0,78,0,0,0,78
11/20/2009,ENW,WI,AGL,CE,Federal Contract Tower,0,4,25,0,29,0,0,77,0,77,0,4,102,0,106,52,0,52,158
11/21/2009,ENW,WI,AGL,CE,Federal Contract Tower,0,2,27,0,29,0,0,106,0,106,0,2,133,0,135,123,0,123,258
11/22/2009,ENW,WI,AGL,CE,Federal Contract Tower,0,4,17,0,21,0,0,71,0,71,0,4,88,0,92,44,0,44,136
11/23/2009,ENW,WI,AGL,CE,Federal Contract Tower,0,4,41,0,45,0,0,4,0,4,0,4,45,0,49,4,0,4,53
11/24/2009,ENW,WI,AGL,CE,Federal Contract Tower,0,5,12,0,17,0,0,0,0,0,0,5,12,0,17,0,0,0,17
11/25/2009,ENW,WI,AGL,CE,Federal Contract Tower,0,4,6,0,10,0,1,6,0,7,0,5,12,0,17,0,0,0,17
11/26/2009,ENW,WI,AGL,CE,Federal Contract Tower,0,0,2,0,2,0,0,2,0,2,0,0,4,0,4,0,0,0,4
11/27/2009,ENW,WI,AGL,CE,Federal Contract Tower,0,1,13,0,14,0,0,70,0,70,0,1,83,0,84,151,0,151,235
11/28/2009,ENW,WI,AGL,CE,Federal Contract Tower,0,1,16,0,17,0,0,105,0,105,0,1,121,0,122,102,0,102,224
11/29/2009,ENW,WI,AGL,CE,Federal Contract Tower,0,1,10,0,11,0,0,2,0,2,0,1,12,0,13,16,0,16,29
11/30/2009,ENW,WI,AGL,CE,Federal Contract Tower,0,2,14,0,16,0,0,40,0,40,0,2,54,0,56,104,0,104,160
12/01/2009,ENW,WI,AGL,CE,Federal Contract Tower,0,2,7,0,9,0,0,75,0,75,0,2,82,0,84,72,0,72,156
12/02/2009,ENW,WI,AGL,CE,Federal Contract Tower,0,8,4,0,12,0,0,38,4,42,0,8,42,4,54,16,0,16,70
12/03/2009,ENW,WI,AGL,CE,Federal Contract Tower,0,5,2,4,11,0,0,12,0,12,0,5,14,4,23,16,0,16,39
12/04/2009,ENW,WI,AGL,CE,Federal Contract Tower,0,6,10,0,16,0,0,42,0,42,0,6,52,0,58,79,0,79,137
12/05/2009,ENW,WI,AGL,CE,Federal Contract Tower,0,0,15,0,15,0,0,128,0,128,0,0,143,0,143,88,0,88,231
12/06/2009,ENW,WI,AGL,CE,Federal Contract Tower,0,1,10,0,11,0,1,52,0,53,0,2,62,0,64,62,0,62,126
12/07/2009,ENW,WI,AGL,CE,Federal Contract Tower,0,5,9,0,14,0,1,13,0,14,0,6,22,0,28,0,0,0,28
12/08/2009,ENW,WI,AGL,CE,Federal Contract Tower,0,2,1,0,3,0,0,0,0,0,0,2,1,0,3,0,0,0,3
12/09/2009,ENW,WI,AGL,CE,Federal Contract Tower,0,1,0,0,1,0,0,0,0,0,0,1,0,0,1,0,0,0,1
12/10/2009,ENW,WI,AGL,CE,Federal Contract Tower,0,7,1,0,8,0,0,12,0,12,0,7,13,0,20,6,0,6,26
12/11/2009,ENW,WI,AGL,CE,Federal Contract Tower,0,6,9,0,15,0,0,35,0,35,0,6,44,0,50,94,0,94,144
12/12/2009,ENW,WI,AGL,CE,Federal Contract Tower,0,0,11,0,11,0,2,87,0,89,0,2,98,0,100,107,0,107,207
12/13/2009,ENW,WI,AGL,CE,Federal Contract Tower,0,6,4,0,10,0,0,2,0,2,0,6,6,0,12,42,0,42,54
12/14/2009,ENW,WI,AGL,CE,Federal Contract Tower,0,4,3,0,7,0,0,0,0,0,0,4,3,0,7,0,0,0,7
12/15/2009,ENW,WI,AGL,CE,Federal Contract Tower,0,5,7,0,12,0,0,49,0,49,0,5,56,0,61,18,0,18,79
12/16/2009,ENW,WI,AGL,CE,Federal Contract Tower,0,8,17,0,25,0,0,66,0,66,0,8,83,0,91,54,0,54,145
12/17/2009,ENW,WI,AGL,CE,Federal Contract Tower,0,11,10,0,21,0,1,56,0,57,0,12,66,0,78,60,0,60,138
12/18/2009,ENW,WI,AGL,CE,Federal Contract Tower,0,1,7,0,8,0,0,17,0,17,0,1,24,0,25,32,0,32,57
12/19/2009,ENW,WI,AGL,CE,Federal Contract Tower,0,4,3,0,7,0,0,0,0,0,0,4,3,0,7,10,0,10,17
12/20/2009,ENW,WI,AGL,CE,Federal Contract Tower,0,0,6,0,6,0,0,19,0,19,0,0,25,0,25,34,0,34,59
12/21/2009,ENW,WI,AGL,CE,Federal Contract Tower,0,3,5,0,8,0,0,9,0,9,0,3,14,0,17,50,0,50,67
12/22/2009,ENW,WI,AGL,CE,Federal Contract Tower,0,1,4,0,5,0,0,0,0,0,0,1,4,0,5,0,0,0,5
12/23/2009,ENW,WI,AGL,CE,Federal Contract Tower,0,3,4,0,7,0,0,26,0,26,0,3,30,0,33,0,0,0,33
12/24/2009,ENW,WI,AGL,CE,Federal Contract Tower,0,1,2,0,3,0,0,6,0,6,0,1,8,0,9,44,0,44,53
12/25/2009,ENW,WI,AGL,CE,Federal Contract Tower,0,0,0,0,0,0,0,0,0,0,0,0,0,0,0,0,0,0,0
12/26/2009,ENW,WI,AGL,CE,Federal Contract Tower,0,2,7,0,9,0,0,0,0,0,0,2,7,0,9,0,0,0,9
12/27/2009,ENW,WI,AGL,CE,Federal Contract Tower,0,3,8,0,11,0,0,4,0,4,0,3,12,0,15,12,0,12,27
12/28/2009,ENW,WI,AGL,CE,Federal Contract Tower,0,0,6,0,6,0,1,9,0,10,0,1,15,0,16,80,0,80,96
12/29/2009,ENW,WI,AGL,CE,Federal Contract Tower,0,5,21,0,26,0,1,76,0,77,0,6,97,0,103,46,0,46,149
12/30/2009,ENW,WI,AGL,CE,Federal Contract Tower,0,2,3,0,5,0,0,0,0,0,0,2,3,0,5,14,0,14,19
12/31/2009,ENW,WI,AGL,CE,Federal Contract Tower,0,1,44,0,45,0,0,11,0,11,0,1,55,0,56,34,0,34,90
01/01/2010,ENW,WI,AGL,CE,Federal Contract Tower,0,1,6,0,7,0,0,29,0,29,0,1,35,0,36,18,0,18,54
01/02/2010,ENW,WI,AGL,CE,Federal Contract Tower,0,2,5,0,7,0,0,35,0,35,0,2,40,0,42,74,0,74,116
01/03/2010,ENW,WI,AGL,CE,Federal Contract Tower,0,17,4,0,21,0,0,38,0,38,0,17,42,0,59,26,0,26,85
01/04/2010,ENW,WI,AGL,CE,Federal Contract Tower,0,4,8,0,12,0,4,34,0,38,0,8,42,0,50,34,0,34,84
01/05/2010,ENW,WI,AGL,CE,Federal Contract Tower,0,2,9,0,11,0,0,42,0,42,0,2,51,0,53,74,0,74,127
01/06/2010,ENW,WI,AGL,CE,Federal Contract Tower,0,11,2,0,13,0,0,29,0,29,0,11,31,0,42,42,0,42,84
01/07/2010,ENW,WI,AGL,CE,Federal Contract Tower,0,1,0,0,1,0,0,0,0,0,0,1,0,0,1,0,0,0,1
01/08/2010,ENW,WI,AGL,CE,Federal Contract Tower,0,3,3,0,6,0,0,2,0,2,0,3,5,0,8,12,0,12,20
01/09/2010,ENW,WI,AGL,CE,Federal Contract Tower,0,3,18,0,21,0,0,44,0,44,0,3,62,0,65,112,0,112,177
01/10/2010,ENW,WI,AGL,CE,Federal Contract Tower,0,3,2,0,5,0,0,24,0,24,0,3,26,0,29,10,0,10,39
01/11/2010,ENW,WI,AGL,CE,Federal Contract Tower,0,1,3,0,4,0,6,19,0,25,0,7,22,0,29,38,0,38,67
01/12/2010,ENW,WI,AGL,CE,Federal Contract Tower,0,2,6,0,8,0,0,50,0,50,0,2,56,0,58,60,0,60,118
01/13/2010,ENW,WI,AGL,CE,Federal Contract Tower,0,3,10,0,13,0,0,75,0,75,0,3,85,0,88,141,0,141,229
01/14/2010,ENW,WI,AGL,CE,Federal Contract Tower,0,9,5,0,14,0,0,33,0,33,0,9,38,0,47,90,0,90,137
01/15/2010,ENW,WI,AGL,CE,Federal Contract Tower,0,5,12,0,17,0,0,6,0,6,0,5,18,0,23,28,0,28,51
01/16/2010,ENW,WI,AGL,CE,Federal Contract Tower,0,1,10,0,11,0,0,0,0,0,0,1,10,0,11,32,0,32,43
01/17/2010,ENW,WI,AGL,CE,Federal Contract Tower,0,1,15,0,16,0,0,28,0,28,0,1,43,0,44,36,0,36,80
01/18/2010,ENW,WI,AGL,CE,Federal Contract Tower,0,8,12,0,20,0,0,24,0,24,0,8,36,0,44,68,0,68,112
01/19/2010,ENW,WI,AGL,CE,Federal Contract Tower,0,3,12,0,15,0,0,78,0,78,0,3,90,0,93,56,0,56,149
01/20/2010,ENW,WI,AGL,CE,Federal Contract Tower,0,10,4,0,14,0,0,41,0,41,0,10,45,0,55,28,0,28,83
01/21/2010,ENW,WI,AGL,CE,Federal Contract Tower,0,13,3,0,16,0,0,45,0,45,0,13,48,0,61,32,0,32,93
01/22/2010,ENW,WI,AGL,CE,Federal Contract Tower,0,4,22,0,26,0,0,6,0,6,0,4,28,0,32,59,0,59,91
01/23/2010,ENW,WI,AGL,CE,Federal Contract Tower,0,2,3,0,5,0,0,0,0,0,0,2,3,0,5,0,0,0,5
01/24/2010,ENW,WI,AGL,CE,Federal Contract Tower,0,5,3,0,8,0,0,0,0,0,0,5,3,0,8,0,0,0,8
01/25/2010,ENW,WI,AGL,CE,Federal Contract Tower,0,8,3,0,11,0,1,18,0,19,0,9,21,0,30,0,0,0,30
01/26/2010,ENW,WI,AGL,CE,Federal Contract Tower,0,5,3,0,8,0,1,22,0,23,0,6,25,0,31,18,0,18,49
01/27/2010,ENW,WI,AGL,CE,Federal Contract Tower,0,1,5,0,6,0,0,66,0,66,0,1,71,0,72,52,0,52,124
01/28/2010,ENW,WI,AGL,CE,Federal Contract Tower,0,5,11,0,16,0,1,40,0,41,0,6,51,0,57,0,0,0,57
01/29/2010,ENW,WI,AGL,CE,Federal Contract Tower,0,0,17,0,17,0,0,64,0,64,0,0,81,0,81,88,0,88,169
01/30/2010,ENW,WI,AGL,CE,Federal Contract Tower,0,2,16,0,18,0,0,26,0,26,0,2,42,0,44,32,0,32,76
01/31/2010,ENW,WI,AGL,CE,Federal Contract Tower,0,4,8,0,12,0,0,69,0,69,0,4,77,0,81,104,0,104,185
02/01/2010,ENW,WI,AGL,CE,Federal Contract Tower,0,2,3,0,5,0,0,27,0,27,0,2,30,0,32,14,0,14,46
02/02/2010,ENW,WI,AGL,CE,Federal Contract Tower,0,3,2,0,5,0,0,0,0,0,0,3,2,0,5,0,0,0,5
02/03/2010,ENW,WI,AGL,CE,Federal Contract Tower,0,3,8,0,11,0,0,37,0,37,0,3,45,0,48,64,0,64,112
02/04/2010,ENW,WI,AGL,CE,Federal Contract Tower,0,9,18,0,27,0,0,31,0,31,0,9,49,0,58,43,0,43,101
02/05/2010,ENW,WI,AGL,CE,Federal Contract Tower,0,1,8,0,9,0,0,21,0,21,0,1,29,0,30,2,0,2,32
02/06/2010,ENW,WI,AGL,CE,Federal Contract Tower,0,2,6,0,8,0,0,27,0,27,0,2,33,0,35,78,0,78,113
02/07/2010,ENW,WI,AGL,CE,Federal Contract Tower,0,6,22,0,28,0,0,31,0,31,0,6,53,0,59,80,0,80,139
02/08/2010,ENW,WI,AGL,CE,Federal Contract Tower,0,4,7,0,11,0,16,26,0,42,0,20,33,0,53,56,0,56,109
02/09/2010,ENW,WI,AGL,CE,Federal Contract Tower,0,11,0,0,11,0,0,2,0,2,0,11,2,0,13,0,0,0,13
02/10/2010,ENW,WI,AGL,CE,Federal Contract Tower,0,2,7,0,9,0,0,8,0,8,0,2,15,0,17,0,0,0,17
02/11/2010,ENW,WI,AGL,CE,Federal Contract Tower,0,10,27,4,41,0,6,51,2,59,0,16,78,6,100,86,0,86,186
02/12/2010,ENW,WI,AGL,CE,Federal Contract Tower,0,2,15,0,17,0,0,36,0,36,0,2,51,0,53,76,0,76,129
02/13/2010,ENW,WI,AGL,CE,Federal Contract Tower,0,4,31,0,35,0,0,113,0,113,0,4,144,0,148,135,0,135,283
02/14/2010,ENW,WI,AGL,CE,Federal Contract Tower,0,0,10,0,10,0,0,53,0,53,0,0,63,0,63,10,0,10,73
02/15/2010,ENW,WI,AGL,CE,Federal Contract Tower,0,7,4,0,11,0,0,25,0,25,0,7,29,0,36,40,0,40,76
02/16/2010,ENW,WI,AGL,CE,Federal Contract Tower,0,8,4,0,12,0,5,40,0,45,0,13,44,0,57,22,0,22,79
02/17/2010,ENW,WI,AGL,CE,Federal Contract Tower,0,9,10,0,19,0,5,50,0,55,0,14,60,0,74,36,0,36,110
02/18/2010,ENW,WI,AGL,CE,Federal Contract Tower,0,13,11,0,24,0,0,64,0,64,0,13,75,0,88,50,0,50,138
02/19/2010,ENW,WI,AGL,CE,Federal Contract Tower,0,1,40,0,41,0,0,90,2,92,0,1,130,2,133,81,0,81,214
02/20/2010,ENW,WI,AGL,CE,Federal Contract Tower,0,6,70,0,76,0,0,0,0,0,0,6,70,0,76,0,0,0,76
02/21/2010,ENW,WI,AGL,CE,Federal Contract Tower,0,4,16,0,20,0,0,0,0,0,0,4,16,0,20,0,0,0,20
02/22/2010,ENW,WI,AGL,CE,Federal Contract Tower,0,1,4,0,5,0,0,2,0,2,0,1,6,0,7,0,0,0,7
02/23/2010,ENW,WI,AGL,CE,Federal Contract Tower,0,3,9,0,12,0,0,42,0,42,0,3,51,0,54,80,0,80,134
02/24/2010,ENW,WI,AGL,CE,Federal Contract Tower,0,4,10,0,14,0,0,0,0,0,0,4,10,0,14,16,0,16,30
02/25/2010,ENW,WI,AGL,CE,Federal Contract Tower,0,4,19,0,23,0,0,70,0,70,0,4,89,0,93,30,2,32,125
02/26/2010,ENW,WI,AGL,CE,Federal Contract Tower,0,6,26,4,36,0,4,57,0,61,0,10,83,4,97,76,0,76,173
02/27/2010,ENW,WI,AGL,CE,Federal Contract Tower,0,0,5,0,5,0,0,31,0,31,0,0,36,0,36,68,0,68,104
02/28/2010,ENW,WI,AGL,CE,Federal Contract Tower,0,9,12,0,21,0,0,24,0,24,0,9,36,0,45,82,0,82,127
03/01/2010,ENW,WI,AGL,CE,Federal Contract Tower,0,6,7,0,13,0,3,33,0,36,0,9,40,0,49,16,0,16,65
03/02/2010,ENW,WI,AGL,CE,Federal Contract Tower,0,4,3,0,7,0,2,45,0,47,0,6,48,0,54,52,0,52,106
03/03/2010,ENW,WI,AGL,CE,Federal Contract Tower,0,2,13,0,15,0,0,80,0,80,0,2,93,0,95,106,0,106,201
03/04/2010,ENW,WI,AGL,CE,Federal Contract Tower,0,6,40,0,46,0,2,117,0,119,0,8,157,0,165,147,0,147,312
03/05/2010,ENW,WI,AGL,CE,Federal Contract Tower,0,1,10,0,11,0,0,91,0,91,0,1,101,0,102,103,0,103,205
03/06/2010,ENW,WI,AGL,CE,Federal Contract Tower,0,14,29,0,43,0,0,102,0,102,0,14,131,0,145,88,0,88,233
03/07/2010,ENW,WI,AGL,CE,Federal Contract Tower,0,2,10,0,12,0,0,35,0,35,0,2,45,0,47,104,0,104,151
03/08/2010,ENW,WI,AGL,CE,Federal Contract Tower,0,3,10,0,13,0,0,16,0,16,0,3,26,0,29,52,0,52,81
03/09/2010,ENW,WI,AGL,CE,Federal Contract Tower,0,2,13,0,15,0,0,5,0,5,0,2,18,0,20,18,0,18,38
03/10/2010,ENW,WI,AGL,CE,Federal Contract Tower,0,4,9,0,13,0,0,0,0,0,0,4,9,0,13,2,0,2,15
03/11/2010,ENW,WI,AGL,CE,Federal Contract Tower,0,10,5,0,15,0,0,10,0,10,0,10,15,0,25,34,0,34,59
03/12/2010,ENW,WI,AGL,CE,Federal Contract Tower,0,8,17,0,25,0,0,29,0,29,0,8,46,0,54,62,0,62,116
03/13/2010,ENW,WI,AGL,CE,Federal Contract Tower,0,2,17,0,19,0,0,0,0,0,0,2,17,0,19,0,0,0,19
03/14/2010,ENW,WI,AGL,CE,Federal Contract Tower,0,14,8,0,22,0,1,27,0,28,0,15,35,0,50,54,0,54,104
03/15/2010,ENW,WI,AGL,CE,Federal Contract Tower,0,7,10,0,17,0,2,44,0,46,0,9,54,0,63,32,0,32,95
03/16/2010,ENW,WI,AGL,CE,Federal Contract Tower,0,3,23,0,26,0,0,100,0,100,0,3,123,0,126,120,0,120,246
03/17/2010,ENW,WI,AGL,CE,Federal Contract Tower,0,12,9,0,21,0,0,167,2,169,0,12,176,2,190,110,0,110,300
03/18/2010,ENW,WI,AGL,CE,Federal Contract Tower,0,8,17,0,25,0,0,109,0,109,0,8,126,0,134,82,0,82,216
03/19/2010,ENW,WI,AGL,CE,Federal Contract Tower,0,7,24,0,31,0,0,52,0,52,0,7,76,0,83,136,0,136,219
03/20/2010,ENW,WI,AGL,CE,Federal Contract Tower,0,2,11,0,13,0,0,2,0,2,0,2,13,0,15,18,0,18,33
03/21/2010,ENW,WI,AGL,CE,Federal Contract Tower,0,0,16,0,16,0,0,80,0,80,0,0,96,0,96,86,0,86,182
03/22/2010,ENW,WI,AGL,CE,Federal Contract Tower,0,4,15,0,19,0,0,45,0,45,0,4,60,0,64,66,0,66,130
03/23/2010,ENW,WI,AGL,CE,Federal Contract Tower,0,1,23,0,24,0,0,120,0,120,0,1,143,0,144,134,0,134,278
03/24/2010,ENW,WI,AGL,CE,Federal Contract Tower,0,8,11,0,19,0,0,73,0,73,0,8,84,0,92,79,0,79,171
03/25/2010,ENW,WI,AGL,CE,Federal Contract Tower,0,5,9,0,14,0,0,9,2,11,0,5,18,2,25,34,12,46,71
03/26/2010,ENW,WI,AGL,CE,Federal Contract Tower,0,6,18,0,24,0,0,71,2,73,0,6,89,2,97,104,0,104,201
03/27/2010,ENW,WI,AGL,CE,Federal Contract Tower,0,2,11,0,13,0,0,85,0,85,0,2,96,0,98,166,0,166,264
03/28/2010,ENW,WI,AGL,CE,Federal Contract Tower,0,5,7,0,12,0,0,27,0,27,0,5,34,0,39,36,0,36,75
03/29/2010,ENW,WI,AGL,CE,Federal Contract Tower,0,7,16,0,23,0,1,48,6,55,0,8,64,6,78,8,0,8,86
03/30/2010,ENW,WI,AGL,CE,Federal Contract Tower,0,4,12,0,16,0,0,91,0,91,0,4,103,0,107,102,0,102,209
03/31/2010,ENW,WI,AGL,CE,Federal Contract Tower,0,7,10,0,17,0,0,63,0,63,0,7,73,0,80,130,0,130,210
04/01/2010,ENW,WI,AGL,CE,Federal Contract Tower,0,6,4,0,10,0,0,60,0,60,0,6,64,0,70,58,0,58,128
04/02/2010,ENW,WI,AGL,CE,Federal Contract Tower,0,4,28,0,32,0,0,59,0,59,0,4,87,0,91,70,0,70,161
04/03/2010,ENW,WI,AGL,CE,Federal Contract Tower,0,0,10,0,10,0,0,23,0,23,0,0,33,0,33,47,0,47,80
04/04/2010,ENW,WI,AGL,CE,Federal Contract Tower,0,5,9,0,14,0,1,35,0,36,0,6,44,0,50,48,0,48,98
04/05/2010,ENW,WI,AGL,CE,Federal Contract Tower,0,3,9,0,12,0,1,40,0,41,0,4,49,0,53,26,0,26,79
04/06/2010,ENW,WI,AGL,CE,Federal Contract Tower,0,13,3,0,16,0,0,0,0,0,0,13,3,0,16,0,0,0,16
04/07/2010,ENW,WI,AGL,CE,Federal Contract Tower,0,8,1,0,9,0,0,0,0,0,0,8,1,0,9,0,0,0,9
04/08/2010,ENW,WI,AGL,CE,Federal Contract Tower,0,20,1,0,21,0,0,15,0,15,0,20,16,0,36,18,0,18,54
04/09/2010,ENW,WI,AGL,CE,Federal Contract Tower,0,2,23,0,25,0,0,88,0,88,0,2,111,0,113,162,0,162,275
04/10/2010,ENW,WI,AGL,CE,Federal Contract Tower,0,7,15,0,22,0,0,93,0,93,0,7,108,0,115,112,0,112,227
04/11/2010,ENW,WI,AGL,CE,Federal Contract Tower,0,8,27,0,35,0,0,98,0,98,0,8,125,0,133,112,0,112,245
04/12/2010,ENW,WI,AGL,CE,Federal Contract Tower,0,1,6,0,7,0,1,44,0,45,0,2,50,0,52,62,0,62,114
04/13/2010,ENW,WI,AGL,CE,Federal Contract Tower,0,7,9,0,16,0,4,81,0,85,0,11,90,0,101,126,0,126,227
04/14/2010,ENW,WI,AGL,CE,Federal Contract Tower,0,6,19,0,25,0,0,85,0,85,0,6,104,0,110,102,0,102,212
04/15/2010,ENW,WI,AGL,CE,Federal Contract Tower,0,7,8,0,15,0,1,53,0,54,0,8,61,0,69,12,0,12,81
04/16/2010,ENW,WI,AGL,CE,Federal Contract Tower,0,2,6,0,8,0,2,60,0,62,0,4,66,0,70,38,0,38,108
04/17/2010,ENW,WI,AGL,CE,Federal Contract Tower,0,2,4,0,6,0,0,105,0,105,0,2,109,0,111,162,0,162,273
04/18/2010,ENW,WI,AGL,CE,Federal Contract Tower,0,2,20,0,22,0,0,110,0,110,0,2,130,0,132,72,0,72,204
04/19/2010,ENW,WI,AGL,CE,Federal Contract Tower,0,4,23,0,27,0,9,97,0,106,0,13,120,0,133,68,0,68,201
04/20/2010,ENW,WI,AGL,CE,Federal Contract Tower,0,5,15,0,20,0,0,73,0,73,0,5,88,0,93,142,0,142,235
04/21/2010,ENW,WI,AGL,CE,Federal Contract Tower,0,19,15,0,34,0,0,63,0,63,0,19,78,0,97,53,0,53,150
04/22/2010,ENW,WI,AGL,CE,Federal Contract Tower,0,10,15,0,25,0,4,69,0,73,0,14,84,0,98,139,0,139,237
04/23/2010,ENW,WI,AGL,CE,Federal Contract Tower,0,11,11,0,22,0,0,62,0,62,0,11,73,0,84,100,0,100,184
04/24/2010,ENW,WI,AGL,CE,Federal Contract Tower,0,7,9,0,16,0,0,0,0,0,0,7,9,0,16,0,0,0,16
04/25/2010,ENW,WI,AGL,CE,Federal Contract Tower,0,19,38,0,57,0,0,0,0,0,0,19,38,0,57,0,0,0,57
04/26/2010,ENW,WI,AGL,CE,Federal Contract Tower,0,14,11,0,25,0,1,56,0,57,0,15,67,0,82,50,0,50,132
04/27/2010,ENW,WI,AGL,CE,Federal Contract Tower,0,8,24,0,32,0,5,60,0,65,0,13,84,0,97,58,0,58,155
04/28/2010,ENW,WI,AGL,CE,Federal Contract Tower,0,5,21,0,26,0,0,126,0,126,0,5,147,0,152,102,0,102,254
04/29/2010,ENW,WI,AGL,CE,Federal Contract Tower,0,5,7,0,12,0,0,63,0,63,0,5,70,0,75,44,0,44,119
04/30/2010,ENW,WI,AGL,CE,Federal Contract Tower,0,2,10,0,12,0,0,49,0,49,0,2,59,0,61,38,0,38,99
05/01/2010,ENW,WI,AGL,CE,Federal Contract Tower,0,0,10,0,10,0,0,65,0,65,0,0,75,0,75,94,0,94,169
05/02/2010,ENW,WI,AGL,CE,Federal Contract Tower,0,0,24,0,24,0,0,48,0,48,0,0,72,0,72,54,0,54,126
05/03/2010,ENW,WI,AGL,CE,Federal Contract Tower,0,5,6,0,11,0,0,39,0,39,0,5,45,0,50,42,0,42,92
05/04/2010,ENW,WI,AGL,CE,Federal Contract Tower,0,7,6,0,13,0,4,64,0,68,0,11,70,0,81,50,0,50,131
05/05/2010,ENW,WI,AGL,CE,Federal Contract Tower,0,10,11,0,21,0,0,62,0,62,0,10,73,0,83,58,0,58,141
05/06/2010,ENW,WI,AGL,CE,Federal Contract Tower,0,10,32,0,42,0,0,112,0,112,0,10,144,0,154,92,0,92,246
05/07/2010,ENW,WI,AGL,CE,Federal Contract Tower,0,0,6,0,6,0,0,0,0,0,0,0,6,0,6,0,0,0,6
05/08/2010,ENW,WI,AGL,CE,Federal Contract Tower,0,3,8,0,11,0,0,10,0,10,0,3,18,0,21,12,0,12,33
05/09/2010,ENW,WI,AGL,CE,Federal Contract Tower,0,5,25,0,30,0,0,76,0,76,0,5,101,0,106,64,0,64,170
05/10/2010,ENW,WI,AGL,CE,Federal Contract Tower,0,15,16,0,31,0,1,71,0,72,0,16,87,0,103,88,0,88,191
05/11/2010,ENW,WI,AGL,CE,Federal Contract Tower,0,13,6,0,19,0,0,0,0,0,0,13,6,0,19,0,0,0,19
05/12/2010,ENW,WI,AGL,CE,Federal Contract Tower,0,14,23,0,37,0,0,0,0,0,0,14,23,0,37,0,0,0,37
05/13/2010,ENW,WI,AGL,CE,Federal Contract Tower,0,8,5,0,13,0,0,5,0,5,0,8,10,0,18,0,0,0,18
05/14/2010,ENW,WI,AGL,CE,Federal Contract Tower,0,3,19,4,26,0,0,72,0,72,0,3,91,4,98,145,0,145,243
05/15/2010,ENW,WI,AGL,CE,Federal Contract Tower,0,0,16,0,16,0,0,113,0,113,0,0,129,0,129,154,0,154,283
05/16/2010,ENW,WI,AGL,CE,Federal Contract Tower,0,6,25,0,31,0,0,97,0,97,0,6,122,0,128,54,0,54,182
05/17/2010,ENW,WI,AGL,CE,Federal Contract Tower,0,7,21,0,28,0,0,51,0,51,0,7,72,0,79,82,0,82,161
05/18/2010,ENW,WI,AGL,CE,Federal Contract Tower,0,8,21,0,29,0,1,73,0,74,0,9,94,0,103,64,0,64,167
05/19/2010,ENW,WI,AGL,CE,Federal Contract Tower,0,8,38,0,46,0,1,107,0,108,0,9,145,0,154,78,0,78,232
05/20/2010,ENW,WI,AGL,CE,Federal Contract Tower,0,24,16,0,40,0,0,90,0,90,0,24,106,0,130,62,0,62,192
05/21/2010,ENW,WI,AGL,CE,Federal Contract Tower,0,5,30,0,35,0,1,10,0,11,0,6,40,0,46,60,0,60,106
05/22/2010,ENW,WI,AGL,CE,Federal Contract Tower,0,0,13,0,13,0,0,43,0,43,0,0,56,0,56,70,0,70,126
05/23/2010,ENW,WI,AGL,CE,Federal Contract Tower,0,6,10,0,16,0,0,75,0,75,0,6,85,0,91,10,0,10,101
05/24/2010,ENW,WI,AGL,CE,Federal Contract Tower,0,9,11,0,20,0,0,46,0,46,0,9,57,0,66,50,0,50,116
05/25/2010,ENW,WI,AGL,CE,Federal Contract Tower,0,8,18,0,26,0,0,76,0,76,0,8,94,0,102,38,0,38,140
05/26/2010,ENW,WI,AGL,CE,Federal Contract Tower,0,5,15,0,20,0,0,74,0,74,0,5,89,0,94,74,0,74,168
05/27/2010,ENW,WI,AGL,CE,Federal Contract Tower,0,10,21,0,31,0,0,99,0,99,0,10,120,0,130,38,0,38,168
05/28/2010,ENW,WI,AGL,CE,Federal Contract Tower,0,0,22,0,22,0,0,76,2,78,0,0,98,2,100,90,0,90,190
05/29/2010,ENW,WI,AGL,CE,Federal Contract Tower,0,2,12,0,14,0,0,120,0,120,0,2,132,0,134,160,0,160,294
05/30/2010,ENW,WI,AGL,CE,Federal Contract Tower,0,6,9,4,19,0,0,82,0,82,0,6,91,4,101,18,0,18,119
05/31/2010,ENW,WI,AGL,CE,Federal Contract Tower,0,7,12,0,19,0,1,29,0,30,0,8,41,0,49,36,0,36,85
06/01/2010,ENW,WI,AGL,CE,Federal Contract Tower,0,4,29,0,33,0,0,88,0,88,0,4,117,0,121,38,0,38,159
06/02/2010,ENW,WI,AGL,CE,Federal Contract Tower,0,1,22,0,23,0,0,94,2,96,0,1,116,2,119,107,26,133,252
06/03/2010,ENW,WI,AGL,CE,Federal Contract Tower,0,17,14,0,31,0,1,110,0,111,0,18,124,0,142,72,22,94,236
06/04/2010,ENW,WI,AGL,CE,Federal Contract Tower,0,8,12,0,20,0,0,34,0,34,0,8,46,0,54,32,0,32,86
06/05/2010,ENW,WI,AGL,CE,Federal Contract Tower,0,0,11,0,11,0,0,33,0,33,0,0,44,0,44,64,0,64,108
06/06/2010,ENW,WI,AGL,CE,Federal Contract Tower,0,11,11,0,22,0,0,51,2,53,0,11,62,2,75,48,18,66,141
06/07/2010,ENW,WI,AGL,CE,Federal Contract Tower,0,5,33,0,38,0,2,73,0,75,0,7,106,0,113,82,0,82,195
06/08/2010,ENW,WI,AGL,CE,Federal Contract Tower,0,7,19,0,26,0,0,7,0,7,0,7,26,0,33,0,0,0,33
06/09/2010,ENW,WI,AGL,CE,Federal Contract Tower,0,14,29,2,45,0,0,69,0,69,0,14,98,2,114,122,0,122,236
06/10/2010,ENW,WI,AGL,CE,Federal Contract Tower,0,12,21,0,33,0,0,79,0,79,0,12,100,0,112,148,0,148,260
06/11/2010,ENW,WI,AGL,CE,Federal Contract Tower,0,8,7,0,15,0,0,65,0,65,0,8,72,0,80,102,0,102,182
06/12/2010,ENW,WI,AGL,CE,Federal Contract Tower,0,6,35,0,41,0,0,7,0,7,0,6,42,0,48,44,0,44,92
06/13/2010,ENW,WI,AGL,CE,Federal Contract Tower,0,9,22,0,31,0,0,20,0,20,0,9,42,0,51,50,0,50,101
06/14/2010,ENW,WI,AGL,CE,Federal Contract Tower,0,5,24,0,29,0,0,2,0,2,0,5,26,0,31,0,0,0,31
06/15/2010,ENW,WI,AGL,CE,Federal Contract Tower,0,2,9,0,11,0,4,5,0,9,0,6,14,0,20,22,0,22,42
06/16/2010,ENW,WI,AGL,CE,Federal Contract Tower,0,2,16,0,18,0,0,84,0,84,0,2,100,0,102,24,0,24,126
06/17/2010,ENW,WI,AGL,CE,Federal Contract Tower,0,8,16,0,24,0,0,110,0,110,0,8,126,0,134,156,0,156,290
06/18/2010,ENW,WI,AGL,CE,Federal Contract Tower,0,3,11,0,14,0,0,64,0,64,0,3,75,0,78,66,0,66,144
06/19/2010,ENW,WI,AGL,CE,Federal Contract Tower,0,1,7,0,8,0,0,116,0,116,0,1,123,0,124,144,0,144,268
06/20/2010,ENW,WI,AGL,CE,Federal Contract Tower,0,7,19,0,26,0,0,76,0,76,0,7,95,0,102,54,0,54,156
06/21/2010,ENW,WI,AGL,CE,Federal Contract Tower,0,8,18,0,26,0,3,27,0,30,0,11,45,0,56,44,0,44,100
06/22/2010,ENW,WI,AGL,CE,Federal Contract Tower,0,2,8,0,10,0,0,55,0,55,0,2,63,0,65,40,0,40,105
06/23/2010,ENW,WI,AGL,CE,Federal Contract Tower,0,10,4,0,14,0,0,34,0,34,0,10,38,0,48,26,0,26,74
06/24/2010,ENW,WI,AGL,CE,Federal Contract Tower,0,10,41,0,51,0,0,126,2,128,0,10,167,2,179,166,0,166,345
06/25/2010,ENW,WI,AGL,CE,Federal Contract Tower,0,2,18,0,20,0,0,91,2,93,0,2,109,2,113,99,0,99,212
06/26/2010,ENW,WI,AGL,CE,Federal Contract Tower,0,5,22,0,27,0,0,79,0,79,0,5,101,0,106,49,0,49,155
06/27/2010,ENW,WI,AGL,CE,Federal Contract Tower,0,8,8,0,16,0,0,22,0,22,0,8,30,0,38,6,0,6,44
06/28/2010,ENW,WI,AGL,CE,Federal Contract Tower,0,2,6,0,8,0,0,52,2,54,0,2,58,2,62,58,0,58,120
06/29/2010,ENW,WI,AGL,CE,Federal Contract Tower,0,4,11,0,15,0,0,108,0,108,0,4,119,0,123,88,0,88,211
06/30/2010,ENW,WI,AGL,CE,Federal Contract Tower,0,3,17,0,20,0,2,56,0,58,0,5,73,0,78,30,0,30,108
07/01/2010,ENW,WI,AGL,CE,Federal Contract Tower,0,7,25,0,32,0,0,107,3,110,0,7,132,3,142,110,0,110,252
07/02/2010,ENW,WI,AGL,CE,Federal Contract Tower,0,1,16,0,17,0,2,105,0,107,0,3,121,0,124,110,0,110,234
07/03/2010,ENW,WI,AGL,CE,Federal Contract Tower,0,0,12,0,12,0,0,96,0,96,0,0,108,0,108,74,0,74,182
07/04/2010,ENW,WI,AGL,CE,Federal Contract Tower,0,3,5,0,8,0,0,43,0,43,0,3,48,0,51,10,0,10,61
07/05/2010,ENW,WI,AGL,CE,Federal Contract Tower,0,7,11,0,18,0,0,40,0,40,0,7,51,0,58,30,0,30,88
07/06/2010,ENW,WI,AGL,CE,Federal Contract Tower,0,40,6,0,46,0,2,43,0,45,0,42,49,0,91,52,0,52,143
07/07/2010,ENW,WI,AGL,CE,Federal Contract Tower,0,3,11,0,14,0,0,83,0,83,0,3,94,0,97,52,0,52,149
07/08/2010,ENW,WI,AGL,CE,Federal Contract Tower,0,4,20,0,24,0,2,64,0,66,0,6,84,0,90,102,0,102,192
07/09/2010,ENW,WI,AGL,CE,Federal Contract Tower,0,2,21,0,23,0,0,79,0,79,0,2,100,0,102,129,0,129,231
07/10/2010,ENW,WI,AGL,CE,Federal Contract Tower,0,4,9,0,13,0,0,79,0,79,0,4,88,0,92,50,0,50,142
07/11/2010,ENW,WI,AGL,CE,Federal Contract Tower,0,14,23,0,37,0,0,98,0,98,0,14,121,0,135,56,0,56,191
07/12/2010,ENW,WI,AGL,CE,Federal Contract Tower,0,8,15,0,23,0,0,40,0,40,0,8,55,0,63,42,0,42,105
07/13/2010,ENW,WI,AGL,CE,Federal Contract Tower,0,5,8,0,13,0,0,107,0,107,0,5,115,0,120,64,0,64,184
07/14/2010,ENW,WI,AGL,CE,Federal Contract Tower,0,1,15,0,16,0,0,74,2,76,0,1,89,2,92,78,0,78,170
07/15/2010,ENW,WI,AGL,CE,Federal Contract Tower,0,14,9,1,24,0,0,62,0,62,0,14,71,1,86,68,0,68,154
07/16/2010,ENW,WI,AGL,CE,Federal Contract Tower,0,4,7,0,11,0,0,92,2,94,0,4,99,2,105,102,10,112,217
07/17/2010,ENW,WI,AGL,CE,Federal Contract Tower,0,2,9,0,11,0,0,101,0,101,0,2,110,0,112,164,0,164,276
07/18/2010,ENW,WI,AGL,CE,Federal Contract Tower,0,10,8,0,18,0,0,56,0,56,0,10,64,0,74,6,0,6,80
07/19/2010,ENW,WI,AGL,CE,Federal Contract Tower,0,6,18,0,24,0,1,60,0,61,0,7,78,0,85,102,0,102,187
07/20/2010,ENW,WI,AGL,CE,Federal Contract Tower,0,2,19,0,21,0,0,74,0,74,0,2,93,0,95,8,0,8,103
07/21/2010,ENW,WI,AGL,CE,Federal Contract Tower,0,12,14,0,26,0,0,97,0,97,0,12,111,0,123,154,0,154,277
07/22/2010,ENW,WI,AGL,CE,Federal Contract Tower,0,14,9,0,23,0,0,13,0,13,0,14,22,0,36,46,0,46,82
07/23/2010,ENW,WI,AGL,CE,Federal Contract Tower,0,1,3,0,4,0,2,35,2,39,0,3,38,2,43,34,0,34,77
07/24/2010,ENW,WI,AGL,CE,Federal Contract Tower,0,2,10,0,12,0,0,37,0,37,0,2,47,0,49,74,0,74,123
07/25/2010,ENW,WI,AGL,CE,Federal Contract Tower,0,16,12,0,28,0,0,144,0,144,0,16,156,0,172,64,0,64,236
07/26/2010,ENW,WI,AGL,CE,Federal Contract Tower,0,5,23,0,28,0,0,87,0,87,0,5,110,0,115,104,0,104,219
07/27/2010,ENW,WI,AGL,CE,Federal Contract Tower,0,14,5,0,19,0,0,55,0,55,0,14,60,0,74,68,0,68,142
07/28/2010,ENW,WI,AGL,CE,Federal Contract Tower,0,5,7,0,12,0,11,36,0,47,0,16,43,0,59,22,0,22,81
07/29/2010,ENW,WI,AGL,CE,Federal Contract Tower,0,11,7,0,18,0,0,86,0,86,0,11,93,0,104,98,0,98,202
07/30/2010,ENW,WI,AGL,CE,Federal Contract Tower,0,3,8,0,11,0,0,55,0,55,0,3,63,0,66,50,0,50,116
07/31/2010,ENW,WI,AGL,CE,Federal Contract Tower,0,2,16,0,18,0,0,42,0,42,0,2,58,0,60,26,0,26,86
08/01/2010,ENW,WI,AGL,CE,Federal Contract Tower,0,14,14,0,28,0,0,92,0,92,0,14,106,0,120,74,0,74,194
08/02/2010,ENW,WI,AGL,CE,Federal Contract Tower,0,25,23,0,48,0,2,68,2,72,0,27,91,2,120,58,0,58,178
08/03/2010,ENW,WI,AGL,CE,Federal Contract Tower,0,16,21,0,37,0,2,86,0,88,0,18,107,0,125,38,8,46,171
08/04/2010,ENW,WI,AGL,CE,Federal Contract Tower,13,11,0,0,24,0,0,50,0,50,13,11,50,0,74,118,0,118,192
08/05/2010,ENW,WI,AGL,CE,Federal Contract Tower,0,3,25,0,28,0,0,100,0,100,0,3,125,0,128,100,0,100,228
08/06/2010,ENW,WI,AGL,CE,Federal Contract Tower,0,4,29,0,33,0,6,98,0,104,0,10,127,0,137,198,0,198,335
08/07/2010,ENW,WI,AGL,CE,Federal Contract Tower,0,4,18,0,22,0,0,93,0,93,0,4,111,0,115,196,0,196,311
08/08/2010,ENW,WI,AGL,CE,Federal Contract Tower,0,3,5,0,8,0,0,32,0,32,0,3,37,0,40,36,0,36,76
08/09/2010,ENW,WI,AGL,CE,Federal Contract Tower,0,9,20,0,29,0,0,47,0,47,0,9,67,0,76,40,0,40,116
08/10/2010,ENW,WI,AGL,CE,Federal Contract Tower,0,17,15,0,32,0,0,80,0,80,0,17,95,0,112,34,0,34,146
08/11/2010,ENW,WI,AGL,CE,Federal Contract Tower,0,4,19,0,23,0,0,78,0,78,0,4,97,0,101,74,0,74,175
08/12/2010,ENW,WI,AGL,CE,Federal Contract Tower,0,8,19,0,27,0,0,109,0,109,0,8,128,0,136,116,0,116,252
08/13/2010,ENW,WI,AGL,CE,Federal Contract Tower,0,1,16,0,17,0,0,70,0,70,0,1,86,0,87,78,0,78,165
08/14/2010,ENW,WI,AGL,CE,Federal Contract Tower,0,2,9,0,11,0,0,96,0,96,0,2,105,0,107,68,0,68,175
08/15/2010,ENW,WI,AGL,CE,Federal Contract Tower,0,9,8,0,17,0,2,61,0,63,0,11,69,0,80,50,0,50,130
08/16/2010,ENW,WI,AGL,CE,Federal Contract Tower,0,6,10,0,16,0,0,63,0,63,0,6,73,0,79,134,0,134,213
08/17/2010,ENW,WI,AGL,CE,Federal Contract Tower,0,8,16,0,24,0,0,77,0,77,0,8,93,0,101,72,36,108,209
08/18/2010,ENW,WI,AGL,CE,Federal Contract Tower,0,6,15,0,21,0,0,87,0,87,0,6,102,0,108,140,0,140,248
08/19/2010,ENW,WI,AGL,CE,Federal Contract Tower,0,5,9,0,14,0,0,109,0,109,0,5,118,0,123,182,0,182,305
08/20/2010,ENW,WI,AGL,CE,Federal Contract Tower,0,0,13,0,13,0,0,56,0,56,0,0,69,0,69,114,0,114,183
08/21/2010,ENW,WI,AGL,CE,Federal Contract Tower,0,0,7,0,7,0,0,99,0,99,0,0,106,0,106,108,34,142,248
08/22/2010,ENW,WI,AGL,CE,Federal Contract Tower,0,3,5,0,8,0,0,116,0,116,0,3,121,0,124,42,0,42,166
08/23/2010,ENW,WI,AGL,CE,Federal Contract Tower,0,4,20,0,24,0,1,78,0,79,0,5,98,0,103,140,0,140,243
08/24/2010,ENW,WI,AGL,CE,Federal Contract Tower,0,2,27,0,29,0,0,106,0,106,0,2,133,0,135,100,0,100,235
08/25/2010,ENW,WI,AGL,CE,Federal Contract Tower,0,7,19,0,26,0,0,120,0,120,0,7,139,0,146,210,0,210,356
08/26/2010,ENW,WI,AGL,CE,Federal Contract Tower,0,0,13,0,13,0,0,80,0,80,0,0,93,0,93,128,0,128,221
08/27/2010,ENW,WI,AGL,CE,Federal Contract Tower,0,0,20,0,20,0,0,107,0,107,0,0,127,0,127,96,0,96,223
08/28/2010,ENW,WI,AGL,CE,Federal Contract Tower,0,0,9,0,9,0,0,97,0,97,0,0,106,0,106,90,0,90,196
08/29/2010,ENW,WI,AGL,CE,Federal Contract Tower,0,8,21,0,29,0,0,107,0,107,0,8,128,0,136,70,0,70,206
08/30/2010,ENW,WI,AGL,CE,Federal Contract Tower,0,3,15,0,18,0,0,66,0,66,0,3,81,0,84,78,0,78,162
08/31/2010,ENW,WI,AGL,CE,Federal Contract Tower,0,0,6,0,6,0,0,50,0,50,0,0,56,0,56,38,0,38,94
09/01/2010,ENW,WI,AGL,CE,Federal Contract Tower,0,4,9,0,13,0,0,41,0,41,0,4,50,0,54,44,0,44,98
09/02/2010,ENW,WI,AGL,CE,Federal Contract Tower,0,2,12,3,17,0,0,51,0,51,0,2,63,3,68,43,0,43,111
09/03/2010,ENW,WI,AGL,CE,Federal Contract Tower,0,1,22,0,23,0,2,36,0,38,0,3,58,0,61,62,0,62,123
09/04/2010,ENW,WI,AGL,CE,Federal Contract Tower,0,6,9,0,15,0,0,107,0,107,0,6,116,0,122,106,0,106,228
09/05/2010,ENW,WI,AGL,CE,Federal Contract Tower,0,0,9,0,9,0,0,89,0,89,0,0,98,0,98,68,0,68,166
09/06/2010,ENW,WI,AGL,CE,Federal Contract Tower,0,3,11,0,14,0,0,18,0,18,0,3,29,0,32,16,0,16,48
09/07/2010,ENW,WI,AGL,CE,Federal Contract Tower,0,6,2,0,8,0,0,9,0,9,0,6,11,0,17,16,0,16,33
09/08/2010,ENW,WI,AGL,CE,Federal Contract Tower,0,7,17,0,24,0,8,68,0,76,0,15,85,0,100,98,0,98,198
09/09/2010,ENW,WI,AGL,CE,Federal Contract Tower,0,1,28,0,29,0,0,105,0,105,0,1,133,0,134,56,0,56,190
09/10/2010,ENW,WI,AGL,CE,Federal Contract Tower,0,9,16,0,25,0,4,87,0,91,0,13,103,0,116,76,0,76,192
09/11/2010,ENW,WI,AGL,CE,Federal Contract Tower,0,6,28,0,34,0,1,55,0,56,0,7,83,0,90,44,0,44,134
09/12/2010,ENW,WI,AGL,CE,Federal Contract Tower,0,7,19,0,26,0,4,147,0,151,0,11,166,0,177,64,0,64,241
09/13/2010,ENW,WI,AGL,CE,Federal Contract Tower,0,7,25,0,32,0,0,91,0,91,0,7,116,0,123,48,0,48,171
09/14/2010,ENW,WI,AGL,CE,Federal Contract Tower,0,12,16,0,28,0,0,124,0,124,0,12,140,0,152,70,0,70,222
09/15/2010,ENW,WI,AGL,CE,Federal Contract Tower,0,4,21,0,25,0,0,101,0,101,0,4,122,0,126,110,0,110,236
09/16/2010,ENW,WI,AGL,CE,Federal Contract Tower,0,2,12,0,14,0,0,55,0,55,0,2,67,0,69,24,0,24,93
09/17/2010,ENW,WI,AGL,CE,Federal Contract Tower,0,4,23,0,27,0,3,112,0,115,0,7,135,0,142,78,0,78,220
09/18/2010,ENW,WI,AGL,CE,Federal Contract Tower,0,0,25,0,25,0,0,82,0,82,0,0,107,0,107,74,0,74,181
09/19/2010,ENW,WI,AGL,CE,Federal Contract Tower,0,5,7,0,12,0,1,96,0,97,0,6,103,0,109,10,0,10,119
09/20/2010,ENW,WI,AGL,CE,Federal Contract Tower,0,3,25,0,28,0,0,58,0,58,0,3,83,0,86,22,0,22,108
09/21/2010,ENW,WI,AGL,CE,Federal Contract Tower,0,8,6,0,14,0,2,30,0,32,0,10,36,0,46,48,0,48,94
09/22/2010,ENW,WI,AGL,CE,Federal Contract Tower,0,14,21,1,36,0,4,69,0,73,0,18,90,1,109,144,0,144,253
09/23/2010,ENW,WI,AGL,CE,Federal Contract Tower,0,8,9,0,17,0,0,62,0,62,0,8,71,0,79,26,0,26,105
09/24/2010,ENW,WI,AGL,CE,Federal Contract Tower,0,2,7,0,9,0,0,12,0,12,0,2,19,0,21,14,0,14,35
09/25/2010,ENW,WI,AGL,CE,Federal Contract Tower,0,1,45,0,46,0,0,113,0,113,0,1,158,0,159,116,0,116,275
09/26/2010,ENW,WI,AGL,CE,Federal Contract Tower,0,10,15,0,25,0,3,15,0,18,0,13,30,0,43,80,0,80,123
09/27/2010,ENW,WI,AGL,CE,Federal Contract Tower,0,4,1,0,5,0,0,69,0,69,0,4,70,0,74,82,0,82,156
09/28/2010,ENW,WI,AGL,CE,Federal Contract Tower,0,11,19,0,30,0,0,106,0,106,0,11,125,0,136,104,0,104,240
09/29/2010,ENW,WI,AGL,CE,Federal Contract Tower,0,0,31,0,31,0,0,83,0,83,0,0,114,0,114,120,0,120,234
09/30/2010,ENW,WI,AGL,CE,Federal Contract Tower,0,5,13,0,18,0,0,85,0,85,0,5,98,0,103,40,0,40,143
10/01/2010,ENW,WI,AGL,CE,Federal Contract Tower,0,6,47,0,53,0,2,82,0,84,0,8,129,0,137,70,0,70,207
10/02/2010,ENW,WI,AGL,CE,Federal Contract Tower,0,3,27,0,30,0,0,36,0,36,0,3,63,0,66,72,0,72,138
10/03/2010,ENW,WI,AGL,CE,Federal Contract Tower,0,11,19,0,30,0,2,83,0,85,0,13,102,0,115,78,0,78,193
10/04/2010,ENW,WI,AGL,CE,Federal Contract Tower,0,8,10,0,18,0,2,64,0,66,0,10,74,0,84,122,0,122,206
10/05/2010,ENW,WI,AGL,CE,Federal Contract Tower,0,6,13,0,19,0,0,111,0,111,0,6,124,0,130,28,0,28,158
10/06/2010,ENW,WI,AGL,CE,Federal Contract Tower,0,7,29,0,36,0,0,115,0,115,0,7,144,0,151,128,0,128,279
10/07/2010,ENW,WI,AGL,CE,Federal Contract Tower,0,3,15,0,18,0,0,89,0,89,0,3,104,0,107,160,0,160,267
10/08/2010,ENW,WI,AGL,CE,Federal Contract Tower,0,5,19,0,24,0,0,120,0,120,0,5,139,0,144,130,0,130,274
10/09/2010,ENW,WI,AGL,CE,Federal Contract Tower,0,2,18,0,20,0,0,91,0,91,0,2,109,0,111,166,0,166,277
10/10/2010,ENW,WI,AGL,CE,Federal Contract Tower,0,5,9,0,14,0,4,85,0,89,0,9,94,0,103,18,0,18,121
10/11/2010,ENW,WI,AGL,CE,Federal Contract Tower,0,5,36,0,41,0,0,93,0,93,0,5,129,0,134,136,0,136,270
10/12/2010,ENW,WI,AGL,CE,Federal Contract Tower,0,17,14,0,31,0,0,83,0,83,0,17,97,0,114,8,0,8,122
10/13/2010,ENW,WI,AGL,CE,Federal Contract Tower,0,12,10,0,22,0,0,79,0,79,0,12,89,0,101,80,0,80,181
10/14/2010,ENW,WI,AGL,CE,Federal Contract Tower,0,7,3,0,10,0,3,72,0,75,0,10,75,0,85,44,0,44,129
10/15/2010,ENW,WI,AGL,CE,Federal Contract Tower,0,6,24,0,30,0,0,66,0,66,0,6,90,0,96,90,0,90,186
10/16/2010,ENW,WI,AGL,CE,Federal Contract Tower,0,1,28,0,29,0,0,103,0,103,0,1,131,0,132,102,0,102,234
10/17/2010,ENW,WI,AGL,CE,Federal Contract Tower,0,4,15,0,19,0,0,79,0,79,0,4,94,0,98,24,0,24,122
10/18/2010,ENW,WI,AGL,CE,Federal Contract Tower,0,2,23,0,25,0,2,47,0,49,0,4,70,0,74,106,0,106,180
10/19/2010,ENW,WI,AGL,CE,Federal Contract Tower,0,8,28,0,36,0,2,85,0,87,0,10,113,0,123,134,0,134,257
10/20/2010,ENW,WI,AGL,CE,Federal Contract Tower,0,3,9,0,12,0,0,64,0,64,0,3,73,0,76,78,0,78,154
10/21/2010,ENW,WI,AGL,CE,Federal Contract Tower,0,2,6,0,8,0,0,103,0,103,0,2,109,0,111,98,0,98,209
10/22/2010,ENW,WI,AGL,CE,Federal Contract Tower,0,8,26,0,34,0,0,87,0,87,0,8,113,0,121,68,0,68,189
10/23/2010,ENW,WI,AGL,CE,Federal Contract Tower,0,4,0,0,4,0,0,68,0,68,0,4,68,0,72,102,0,102,174
10/24/2010,ENW,WI,AGL,CE,Federal Contract Tower,0,4,4,0,8,0,1,25,0,26,0,5,29,0,34,2,0,2,36
10/25/2010,ENW,WI,AGL,CE,Federal Contract Tower,0,21,20,0,41,0,0,50,0,50,0,21,70,0,91,24,0,24,115
10/26/2010,ENW,WI,AGL,CE,Federal Contract Tower,0,3,1,0,4,0,0,0,0,0,0,3,1,0,4,6,0,6,10
10/27/2010,ENW,WI,AGL,CE,Federal Contract Tower,0,4,2,0,6,0,0,1,0,1,0,4,3,0,7,20,0,20,27
10/28/2010,ENW,WI,AGL,CE,Federal Contract Tower,0,5,14,0,19,0,0,19,0,19,0,5,33,0,38,18,0,18,56
10/29/2010,ENW,WI,AGL,CE,Federal Contract Tower,0,7,53,0,60,0,0,63,0,63,0,7,116,0,123,148,0,148,271
10/30/2010,ENW,WI,AGL,CE,Federal Contract Tower,0,0,22,0,22,0,0,97,0,97,0,0,119,0,119,74,0,74,193
10/31/2010,ENW,WI,AGL,CE,Federal Contract Tower,0,1,13,0,14,0,0,67,0,67,0,1,80,0,81,46,0,46,127
11/01/2010,ENW,WI,AGL,CE,Federal Contract Tower,0,4,20,0,24,0,0,35,0,35,0,4,55,0,59,40,0,40,99
11/02/2010,ENW,WI,AGL,CE,Federal Contract Tower,0,7,16,0,23,0,0,71,0,71,0,7,87,0,94,90,0,90,184
11/03/2010,ENW,WI,AGL,CE,Federal Contract Tower,0,9,15,0,24,0,2,77,0,79,0,11,92,0,103,8,0,8,111
11/04/2010,ENW,WI,AGL,CE,Federal Contract Tower,0,3,11,0,14,0,0,79,0,79,0,3,90,0,93,42,0,42,135
11/05/2010,ENW,WI,AGL,CE,Federal Contract Tower,0,2,23,0,25,0,0,89,0,89,0,2,112,0,114,142,0,142,256
11/06/2010,ENW,WI,AGL,CE,Federal Contract Tower,0,13,1,0,14,0,0,112,0,112,0,13,113,0,126,70,2,72,198
11/07/2010,ENW,WI,AGL,CE,Federal Contract Tower,0,4,20,0,24,0,0,86,0,86,0,4,106,0,110,48,0,48,158
11/08/2010,ENW,WI,AGL,CE,Federal Contract Tower,0,12,9,0,21,0,0,80,0,80,0,12,89,0,101,30,0,30,131
11/09/2010,ENW,WI,AGL,CE,Federal Contract Tower,0,13,42,2,57,0,0,99,0,99,0,13,141,2,156,208,0,208,364
11/10/2010,ENW,WI,AGL,CE,Federal Contract Tower,0,6,21,0,27,0,0,103,0,103,0,6,124,0,130,160,0,160,290
11/11/2010,ENW,WI,AGL,CE,Federal Contract Tower,0,5,12,0,17,0,1,79,0,80,0,6,91,0,97,56,0,56,153
11/12/2010,ENW,WI,AGL,CE,Federal Contract Tower,0,4,21,0,25,0,0,46,0,46,0,4,67,0,71,211,0,211,282
11/13/2010,ENW,WI,AGL,CE,Federal Contract Tower,0,4,41,0,45,0,0,32,0,32,0,4,73,0,77,60,0,60,137
11/14/2010,ENW,WI,AGL,CE,Federal Contract Tower,0,10,2,0,12,0,0,29,0,29,0,10,31,0,41,58,0,58,99
11/15/2010,ENW,WI,AGL,CE,Federal Contract Tower,0,6,7,0,13,0,0,44,0,44,0,6,51,0,57,40,0,40,97
11/16/2010,ENW,WI,AGL,CE,Federal Contract Tower,0,2,21,0,23,0,0,77,0,77,0,2,98,0,100,100,0,100,200
11/17/2010,ENW,WI,AGL,CE,Federal Contract Tower,0,2,8,0,10,0,0,2,0,2,0,2,10,0,12,24,0,24,36
11/18/2010,ENW,WI,AGL,CE,Federal Contract Tower,0,6,10,0,16,0,0,57,0,57,0,6,67,0,73,48,0,48,121
11/19/2010,ENW,WI,AGL,CE,Federal Contract Tower,0,0,14,0,14,0,0,32,0,32,0,0,46,0,46,6,0,6,52
11/20/2010,ENW,WI,AGL,CE,Federal Contract Tower,0,0,27,0,27,0,0,125,0,125,0,0,152,0,152,168,0,168,320
11/21/2010,ENW,WI,AGL,CE,Federal Contract Tower,0,5,36,0,41,0,0,0,0,0,0,5,36,0,41,10,0,10,51
11/22/2010,ENW,WI,AGL,CE,Federal Contract Tower,0,11,6,0,17,0,2,1,0,3,0,13,7,0,20,0,0,0,20
11/23/2010,ENW,WI,AGL,CE,Federal Contract Tower,0,4,26,0,30,0,1,79,0,80,0,5,105,0,110,52,0,52,162
11/24/2010,ENW,WI,AGL,CE,Federal Contract Tower,0,2,4,0,6,0,0,8,0,8,0,2,12,0,14,18,0,18,32
11/25/2010,ENW,WI,AGL,CE,Federal Contract Tower,0,1,4,0,5,0,0,0,0,0,0,1,4,0,5,0,0,0,5
11/26/2010,ENW,WI,AGL,CE,Federal Contract Tower,0,2,9,0,11,0,0,36,0,36,0,2,45,0,47,88,0,88,135
11/27/2010,ENW,WI,AGL,CE,Federal Contract Tower,0,1,32,0,33,0,0,118,0,118,0,1,150,0,151,130,0,130,281
11/28/2010,ENW,WI,AGL,CE,Federal Contract Tower,0,8,16,0,24,0,0,75,0,75,0,8,91,0,99,92,0,92,191
11/29/2010,ENW,WI,AGL,CE,Federal Contract Tower,0,4,7,0,11,0,0,33,0,33,0,4,40,0,44,0,0,0,44
11/30/2010,ENW,WI,AGL,CE,Federal Contract Tower,0,3,18,0,21,0,0,0,0,0,0,3,18,0,21,0,0,0,21
12/01/2010,ENW,WI,AGL,CE,Federal Contract Tower,0,6,15,0,21,0,0,10,0,10,0,6,25,0,31,30,0,30,61
12/02/2010,ENW,WI,AGL,CE,Federal Contract Tower,0,4,23,0,27,0,0,78,0,78,0,4,101,0,105,78,0,78,183
12/03/2010,ENW,WI,AGL,CE,Federal Contract Tower,0,2,42,0,44,0,0,85,0,85,0,2,127,0,129,70,0,70,199
12/04/2010,ENW,WI,AGL,CE,Federal Contract Tower,0,3,0,0,3,0,0,0,0,0,0,3,0,0,3,0,0,0,3
12/05/2010,ENW,WI,AGL,CE,Federal Contract Tower,0,8,15,0,23,0,2,40,0,42,0,10,55,0,65,68,0,68,133
12/06/2010,ENW,WI,AGL,CE,Federal Contract Tower,0,5,5,0,10,0,0,20,0,20,0,5,25,0,30,38,0,38,68
12/07/2010,ENW,WI,AGL,CE,Federal Contract Tower,0,6,10,0,16,0,0,50,0,50,0,6,60,0,66,100,0,100,166
12/08/2010,ENW,WI,AGL,CE,Federal Contract Tower,0,15,30,1,46,0,6,43,0,49,0,21,73,1,95,74,0,74,169
12/09/2010,ENW,WI,AGL,CE,Federal Contract Tower,0,12,7,0,19,0,0,9,1,10,0,12,16,1,29,0,0,0,29
12/10/2010,ENW,WI,AGL,CE,Federal Contract Tower,0,7,40,0,47,0,0,62,0,62,0,7,102,0,109,73,0,73,182
12/11/2010,ENW,WI,AGL,CE,Federal Contract Tower,0,5,23,0,28,0,0,0,0,0,0,5,23,0,28,16,0,16,44
12/12/2010,ENW,WI,AGL,CE,Federal Contract Tower,0,0,1,0,1,0,0,0,0,0,0,0,1,0,1,0,0,0,1
12/13/2010,ENW,WI,AGL,CE,Federal Contract Tower,0,3,6,0,9,0,0,6,0,6,0,3,12,0,15,0,0,0,15
12/14/2010,ENW,WI,AGL,CE,Federal Contract Tower,0,7,17,0,24,0,2,42,0,44,0,9,59,0,68,18,0,18,86
12/15/2010,ENW,WI,AGL,CE,Federal Contract Tower,0,1,19,0,20,0,0,68,0,68,0,1,87,0,88,32,0,32,120
12/16/2010,ENW,WI,AGL,CE,Federal Contract Tower,0,3,9,0,12,0,0,45,0,45,0,3,54,0,57,54,0,54,111
12/17/2010,ENW,WI,AGL,CE,Federal Contract Tower,0,12,27,0,39,0,0,77,0,77,0,12,104,0,116,60,0,60,176
12/18/2010,ENW,WI,AGL,CE,Federal Contract Tower,0,4,17,0,21,0,0,80,0,80,0,4,97,0,101,191,0,191,292
12/19/2010,ENW,WI,AGL,CE,Federal Contract Tower,0,3,10,0,13,0,0,67,0,67,0,3,77,0,80,112,0,112,192
12/20/2010,ENW,WI,AGL,CE,Federal Contract Tower,0,2,13,0,15,0,0,36,0,36,0,2,49,0,51,32,0,32,83
12/21/2010,ENW,WI,AGL,CE,Federal Contract Tower,0,2,2,0,4,0,0,0,0,0,0,2,2,0,4,0,0,0,4
12/22/2010,ENW,WI,AGL,CE,Federal Contract Tower,0,2,11,0,13,0,0,5,0,5,0,2,16,0,18,0,0,0,18
12/23/2010,ENW,WI,AGL,CE,Federal Contract Tower,0,4,9,0,13,0,0,38,0,38,0,4,47,0,51,54,0,54,105
12/24/2010,ENW,WI,AGL,CE,Federal Contract Tower,0,4,4,0,8,0,0,4,0,4,0,4,8,0,12,34,0,34,46
12/25/2010,ENW,WI,AGL,CE,Federal Contract Tower,0,0,0,0,0,0,0,2,0,2,0,0,2,0,2,0,0,0,2
12/26/2010,ENW,WI,AGL,CE,Federal Contract Tower,0,14,2,0,16,0,0,2,0,2,0,14,4,0,18,0,0,0,18
12/27/2010,ENW,WI,AGL,CE,Federal Contract Tower,0,9,3,0,12,0,0,35,0,35,0,9,38,0,47,22,0,22,69
12/28/2010,ENW,WI,AGL,CE,Federal Contract Tower,0,5,31,0,36,0,1,53,0,54,0,6,84,0,90,74,0,74,164
12/29/2010,ENW,WI,AGL,CE,Federal Contract Tower,0,2,26,0,28,0,0,50,0,50,0,2,76,0,78,48,0,48,126
12/30/2010,ENW,WI,AGL,CE,Federal Contract Tower,0,1,2,0,3,0,0,0,0,0,0,1,2,0,3,0,0,0,3
12/31/2010,ENW,WI,AGL,CE,Federal Contract Tower,0,3,0,0,3,0,0,0,0,0,0,3,0,0,3,10,0,10,13
01/01/2011,ENW,WI,AGL,CE,Federal Contract Tower,0,2,2,0,4,0,0,10,0,10,0,2,12,0,14,16,0,16,30
01/02/2011,ENW,WI,AGL,CE,Federal Contract Tower,0,15,14,0,29,0,1,38,0,39,0,16,52,0,68,70,0,70,138
01/03/2011,ENW,WI,AGL,CE,Federal Contract Tower,0,7,13,0,20,0,2,34,0,36,0,9,47,0,56,26,2,28,84
01/04/2011,ENW,WI,AGL,CE,Federal Contract Tower,0,2,2,0,4,0,0,20,0,20,0,2,22,0,24,0,0,0,24
01/05/2011,ENW,WI,AGL,CE,Federal Contract Tower,0,19,51,0,70,0,0,46,0,46,0,19,97,0,116,28,0,28,144
01/06/2011,ENW,WI,AGL,CE,Federal Contract Tower,0,11,7,2,20,0,0,34,0,34,0,11,41,2,54,52,0,52,106
01/07/2011,ENW,WI,AGL,CE,Federal Contract Tower,0,8,10,0,18,0,0,24,0,24,0,8,34,0,42,24,0,24,66
01/08/2011,ENW,WI,AGL,CE,Federal Contract Tower,0,0,18,0,18,0,0,34,0,34,0,0,52,0,52,12,0,12,64
01/09/2011,ENW,WI,AGL,CE,Federal Contract Tower,0,4,24,0,28,0,0,97,0,97,0,4,121,0,125,146,0,146,271
01/10/2011,ENW,WI,AGL,CE,Federal Contract Tower,0,6,31,0,37,0,1,72,0,73,0,7,103,0,110,64,0,64,174
01/11/2011,ENW,WI,AGL,CE,Federal Contract Tower,0,3,6,0,9,0,0,0,0,0,0,3,6,0,9,0,0,0,9
01/12/2011,ENW,WI,AGL,CE,Federal Contract Tower,0,1,9,0,10,0,0,7,0,7,0,1,16,0,17,0,0,0,17
01/13/2011,ENW,WI,AGL,CE,Federal Contract Tower,0,12,29,0,41,0,0,46,0,46,0,12,75,0,87,26,0,26,113
01/14/2011,ENW,WI,AGL,CE,Federal Contract Tower,0,2,23,0,25,0,0,35,2,37,0,2,58,2,62,74,0,74,136
01/15/2011,ENW,WI,AGL,CE,Federal Contract Tower,0,0,19,0,19,0,0,47,0,47,0,0,66,0,66,26,0,26,92
01/16/2011,ENW,WI,AGL,CE,Federal Contract Tower,0,2,19,0,21,0,0,40,0,40,0,2,59,0,61,62,0,62,123
01/17/2011,ENW,WI,AGL,CE,Federal Contract Tower,0,2,1,0,3,0,0,0,0,0,0,2,1,0,3,0,0,0,3
01/18/2011,ENW,WI,AGL,CE,Federal Contract Tower,0,3,4,0,7,0,0,5,0,5,0,3,9,0,12,0,0,0,12
01/19/2011,ENW,WI,AGL,CE,Federal Contract Tower,0,4,22,0,26,0,0,32,0,32,0,4,54,0,58,48,0,48,106
01/20/2011,ENW,WI,AGL,CE,Federal Contract Tower,0,3,16,0,19,0,0,55,0,55,0,3,71,0,74,24,0,24,98
01/21/2011,ENW,WI,AGL,CE,Federal Contract Tower,0,4,1,0,5,0,2,22,0,24,0,6,23,0,29,22,0,22,51
01/22/2011,ENW,WI,AGL,CE,Federal Contract Tower,0,0,4,0,4,0,0,7,0,7,0,0,11,0,11,6,0,6,17
01/23/2011,ENW,WI,AGL,CE,Federal Contract Tower,0,6,14,0,20,0,1,27,0,28,0,7,41,0,48,40,0,40,88
01/24/2011,ENW,WI,AGL,CE,Federal Contract Tower,0,9,5,0,14,0,0,0,0,0,0,9,5,0,14,0,0,0,14
01/25/2011,ENW,WI,AGL,CE,Federal Contract Tower,0,2,4,0,6,0,0,0,0,0,0,2,4,0,6,24,0,24,30
01/26/2011,ENW,WI,AGL,CE,Federal Contract Tower,0,2,4,0,6,0,0,8,0,8,0,2,12,0,14,0,0,0,14
01/27/2011,ENW,WI,AGL,CE,Federal Contract Tower,0,2,1,0,3,0,0,2,0,2,0,2,3,0,5,0,0,0,5
01/28/2011,ENW,WI,AGL,CE,Federal Contract Tower,0,3,8,0,11,0,0,14,0,14,0,3,22,0,25,18,0,18,43
01/29/2011,ENW,WI,AGL,CE,Federal Contract Tower,0,4,12,0,16,0,0,21,0,21,0,4,33,0,37,52,0,52,89
01/30/2011,ENW,WI,AGL,CE,Federal Contract Tower,0,3,11,0,14,0,1,37,0,38,0,4,48,0,52,94,0,94,146
01/31/2011,ENW,WI,AGL,CE,Federal Contract Tower,0,9,10,0,19,0,0,9,0,9,0,9,19,0,28,4,0,4,32
02/01/2011,ENW,WI,AGL,CE,Federal Contract Tower,0,2,0,0,2,0,0,0,0,0,0,2,0,0,2,0,0,0,2
02/02/2011,ENW,WI,AGL,CE,Federal Contract Tower,0,0,0,0,0,0,0,0,0,0,0,0,0,0,0,0,0,0,0
02/03/2011,ENW,WI,AGL,CE,Federal Contract Tower,0,2,4,0,6,0,0,8,2,10,0,2,12,2,16,30,4,34,50
02/04/2011,ENW,WI,AGL,CE,Federal Contract Tower,0,4,3,0,7,0,0,24,0,24,0,4,27,0,31,0,0,0,31
02/05/2011,ENW,WI,AGL,CE,Federal Contract Tower,0,2,13,0,15,0,0,40,0,40,0,2,53,0,55,76,0,76,131
02/06/2011,ENW,WI,AGL,CE,Federal Contract Tower,0,4,2,0,6,0,0,1,0,1,0,4,3,0,7,0,0,0,7
02/07/2011,ENW,WI,AGL,CE,Federal Contract Tower,0,9,3,0,12,0,0,2,0,2,0,9,5,0,14,0,0,0,14
02/08/2011,ENW,WI,AGL,CE,Federal Contract Tower,0,3,15,0,18,0,0,18,0,18,0,3,33,0,36,0,0,0,36
02/09/2011,ENW,WI,AGL,CE,Federal Contract Tower,0,4,14,0,18,0,0,25,0,25,0,4,39,0,43,8,0,8,51
02/10/2011,ENW,WI,AGL,CE,Federal Contract Tower,0,4,16,0,20,0,0,17,0,17,0,4,33,0,37,26,0,26,63
02/11/2011,ENW,WI,AGL,CE,Federal Contract Tower,0,3,10,0,13,0,0,20,0,20,0,3,30,0,33,26,6,32,65
02/12/2011,ENW,WI,AGL,CE,Federal Contract Tower,0,0,19,0,19,0,0,66,0,66,0,0,85,0,85,103,0,103,188
02/13/2011,ENW,WI,AGL,CE,Federal Contract Tower,0,4,9,0,13,0,0,39,0,39,0,4,48,0,52,54,0,54,106
02/14/2011,ENW,WI,AGL,CE,Federal Contract Tower,0,5,9,0,14,0,2,35,0,37,0,7,44,0,51,42,0,42,93
02/15/2011,ENW,WI,AGL,CE,Federal Contract Tower,0,4,24,0,28,0,0,49,0,49,0,4,73,0,77,96,0,96,173
02/16/2011,ENW,WI,AGL,CE,Federal Contract Tower,0,5,15,0,20,0,0,4,0,4,0,5,19,0,24,0,0,0,24
02/17/2011,ENW,WI,AGL,CE,Federal Contract Tower,0,3,12,0,15,0,1,13,0,14,0,4,25,0,29,10,0,10,39
02/18/2011,ENW,WI,AGL,CE,Federal Contract Tower,0,8,6,0,14,0,0,47,0,47,0,8,53,0,61,38,0,38,99
02/19/2011,ENW,WI,AGL,CE,Federal Contract Tower,0,1,38,0,39,0,0,155,0,155,0,1,193,0,194,155,0,155,349
02/20/2011,ENW,WI,AGL,CE,Federal Contract Tower,0,2,9,0,11,0,0,2,0,2,0,2,11,0,13,6,0,6,19
02/21/2011,ENW,WI,AGL,CE,Federal Contract Tower,0,3,2,0,5,0,0,0,0,0,0,3,2,0,5,0,0,0,5
02/22/2011,ENW,WI,AGL,CE,Federal Contract Tower,0,3,6,0,9,0,0,28,0,28,0,3,34,0,37,26,0,26,63
02/23/2011,ENW,WI,AGL,CE,Federal Contract Tower,0,6,7,0,13,0,0,20,0,20,0,6,27,0,33,16,0,16,49
02/24/2011,ENW,WI,AGL,CE,Federal Contract Tower,0,2,11,0,13,0,0,13,0,13,0,2,24,0,26,26,0,26,52
02/25/2011,ENW,WI,AGL,CE,Federal Contract Tower,0,3,19,0,22,0,0,25,0,25,0,3,44,0,47,60,0,60,107
02/26/2011,ENW,WI,AGL,CE,Federal Contract Tower,0,0,6,0,6,0,0,0,0,0,0,0,6,0,6,0,0,0,6
02/27/2011,ENW,WI,AGL,CE,Federal Contract Tower,0,5,29,0,34,0,0,19,0,19,0,5,48,0,53,66,0,66,119
02/28/2011,ENW,WI,AGL,CE,Federal Contract Tower,0,2,10,0,12,0,12,11,0,23,0,14,21,0,35,14,0,14,49
03/01/2011,ENW,WI,AGL,CE,Federal Contract Tower,0,5,13,0,18,0,0,52,0,52,0,5,65,0,70,92,0,92,162
03/02/2011,ENW,WI,AGL,CE,Federal Contract Tower,0,8,2,0,10,0,0,79,0,79,0,8,81,0,89,77,0,77,166
03/03/2011,ENW,WI,AGL,CE,Federal Contract Tower,0,3,22,0,25,0,0,55,2,57,0,3,77,2,82,12,0,12,94
03/04/2011,ENW,WI,AGL,CE,Federal Contract Tower,0,1,4,0,5,0,0,6,0,6,0,1,10,0,11,22,0,22,33
03/05/2011,ENW,WI,AGL,CE,Federal Contract Tower,0,3,6,0,9,0,0,6,0,6,0,3,12,0,15,33,0,33,48
03/06/2011,ENW,WI,AGL,CE,Federal Contract Tower,0,9,17,2,28,0,0,52,0,52,0,9,69,2,80,136,0,136,216
03/07/2011,ENW,WI,AGL,CE,Federal Contract Tower,0,2,11,0,13,0,0,26,0,26,0,2,37,0,39,82,0,82,121
03/08/2011,ENW,WI,AGL,CE,Federal Contract Tower,0,8,13,0,21,0,0,39,0,39,0,8,52,0,60,40,0,40,100
03/09/2011,ENW,WI,AGL,CE,Federal Contract Tower,0,5,1,0,6,0,0,0,0,0,0,5,1,0,6,0,0,0,6
03/10/2011,ENW,WI,AGL,CE,Federal Contract Tower,0,0,5,0,5,0,0,52,2,54,0,0,57,2,59,148,0,148,207
03/11/2011,ENW,WI,AGL,CE,Federal Contract Tower,0,0,29,0,29,0,0,101,0,101,0,0,130,0,130,164,0,164,294
03/12/2011,ENW,WI,AGL,CE,Federal Contract Tower,0,0,5,0,5,0,0,10,0,10,0,0,15,0,15,42,0,42,57
03/13/2011,ENW,WI,AGL,CE,Federal Contract Tower,0,4,21,0,25,0,0,71,0,71,0,4,92,0,96,121,0,121,217
03/14/2011,ENW,WI,AGL,CE,Federal Contract Tower,0,1,26,0,27,0,0,68,0,68,0,1,94,0,95,48,0,48,143
03/15/2011,ENW,WI,AGL,CE,Federal Contract Tower,0,9,21,0,30,0,0,49,0,49,0,9,70,0,79,58,0,58,137
03/16/2011,ENW,WI,AGL,CE,Federal Contract Tower,0,4,18,0,22,0,0,112,0,112,0,4,130,0,134,128,0,128,262
03/17/2011,ENW,WI,AGL,CE,Federal Contract Tower,0,4,8,0,12,0,0,28,0,28,0,4,36,0,40,40,0,40,80
03/18/2011,ENW,WI,AGL,CE,Federal Contract Tower,0,2,38,0,40,0,0,110,0,110,0,2,148,0,150,66,0,66,216
03/19/2011,ENW,WI,AGL,CE,Federal Contract Tower,0,3,21,0,24,0,0,92,0,92,0,3,113,0,116,102,0,102,218
03/20/2011,ENW,WI,AGL,CE,Federal Contract Tower,0,6,1,0,7,0,0,3,0,3,0,6,4,0,10,0,0,0,10
03/21/2011,ENW,WI,AGL,CE,Federal Contract Tower,0,14,29,0,43,0,0,49,0,49,0,14,78,0,92,52,0,52,144
03/22/2011,ENW,WI,AGL,CE,Federal Contract Tower,0,3,4,0,7,0,0,0,0,0,0,3,4,0,7,16,0,16,23
03/23/2011,ENW,WI,AGL,CE,Federal Contract Tower,0,10,6,0,16,0,0,0,0,0,0,10,6,0,16,0,0,0,16
03/24/2011,ENW,WI,AGL,CE,Federal Contract Tower,0,3,8,0,11,0,0,57,0,57,0,3,65,0,68,48,0,48,116
03/25/2011,ENW,WI,AGL,CE,Federal Contract Tower,0,6,2,0,8,0,0,58,0,58,0,6,60,0,66,39,0,39,105
03/26/2011,ENW,WI,AGL,CE,Federal Contract Tower,0,5,28,0,33,0,0,72,0,72,0,5,100,0,105,138,0,138,243
03/27/2011,ENW,WI,AGL,CE,Federal Contract Tower,0,5,28,0,33,0,0,60,0,60,0,5,88,0,93,52,0,52,145
03/28/2011,ENW,WI,AGL,CE,Federal Contract Tower,0,0,10,0,10,0,0,40,0,40,0,0,50,0,50,32,0,32,82
03/29/2011,ENW,WI,AGL,CE,Federal Contract Tower,0,8,16,0,24,0,0,64,0,64,0,8,80,0,88,48,0,48,136
03/30/2011,ENW,WI,AGL,CE,Federal Contract Tower,0,5,27,0,32,0,0,76,0,76,0,5,103,0,108,12,0,12,120
03/31/2011,ENW,WI,AGL,CE,Federal Contract Tower,0,4,15,0,19,0,0,59,0,59,0,4,74,0,78,78,0,78,156
04/01/2011,ENW,WI,AGL,CE,Federal Contract Tower,0,2,10,0,12,0,0,30,0,30,0,2,40,0,42,90,0,90,132
04/02/2011,ENW,WI,AGL,CE,Federal Contract Tower,0,1,18,0,19,0,0,82,0,82,0,1,100,0,101,88,0,88,189
04/03/2011,ENW,WI,AGL,CE,Federal Contract Tower,0,14,3,0,17,0,2,11,0,13,0,16,14,0,30,14,0,14,44
04/04/2011,ENW,WI,AGL,CE,Federal Contract Tower,0,6,0,0,6,0,0,11,0,11,0,6,11,0,17,0,0,0,17
04/05/2011,ENW,WI,AGL,CE,Federal Contract Tower,0,9,25,0,34,0,0,93,0,93,0,9,118,0,127,88,0,88,215
04/06/2011,ENW,WI,AGL,CE,Federal Contract Tower,0,2,14,0,16,0,0,35,0,35,0,2,49,0,51,46,0,46,97
04/07/2011,ENW,WI,AGL,CE,Federal Contract Tower,0,3,8,0,11,0,0,6,0,6,0,3,14,0,17,20,0,20,37
04/08/2011,ENW,WI,AGL,CE,Federal Contract Tower,0,6,17,0,23,0,0,11,0,11,0,6,28,0,34,30,0,30,64
04/09/2011,ENW,WI,AGL,CE,Federal Contract Tower,0,6,30,0,36,0,0,11,0,11,0,6,41,0,47,79,0,79,126
04/10/2011,ENW,WI,AGL,CE,Federal Contract Tower,0,9,10,0,19,0,0,37,0,37,0,9,47,0,56,72,0,72,128
04/11/2011,ENW,WI,AGL,CE,Federal Contract Tower,0,5,9,0,14,0,4,32,0,36,0,9,41,0,50,34,0,34,84
04/12/2011,ENW,WI,AGL,CE,Federal Contract Tower,0,5,20,0,25,0,1,137,0,138,0,6,157,0,163,64,0,64,227
04/13/2011,ENW,WI,AGL,CE,Federal Contract Tower,0,4,41,0,45,0,0,99,0,99,0,4,140,0,144,122,0,122,266
04/14/2011,ENW,WI,AGL,CE,Federal Contract Tower,0,2,11,0,13,0,0,24,0,24,0,2,35,0,37,38,0,38,75
04/15/2011,ENW,WI,AGL,CE,Federal Contract Tower,0,2,15,0,17,0,0,20,0,20,0,2,35,0,37,10,0,10,47
04/16/2011,ENW,WI,AGL,CE,Federal Contract Tower,0,4,8,0,12,0,0,2,0,2,0,4,10,0,14,0,0,0,14
04/17/2011,ENW,WI,AGL,CE,Federal Contract Tower,0,6,6,0,12,0,0,38,0,38,0,6,44,0,50,44,0,44,94
04/18/2011,ENW,WI,AGL,CE,Federal Contract Tower,0,4,6,0,10,0,0,19,0,19,0,4,25,0,29,52,0,52,81
04/19/2011,ENW,WI,AGL,CE,Federal Contract Tower,0,2,0,0,2,0,0,0,0,0,0,2,0,0,2,0,0,0,2
04/20/2011,ENW,WI,AGL,CE,Federal Contract Tower,0,5,9,0,14,0,0,13,0,13,0,5,22,0,27,68,0,68,95
04/21/2011,ENW,WI,AGL,CE,Federal Contract Tower,0,8,25,0,33,0,0,99,8,107,0,8,124,8,140,140,0,140,280
04/22/2011,ENW,WI,AGL,CE,Federal Contract Tower,0,4,12,0,16,0,0,0,0,0,0,4,12,0,16,10,0,10,26
04/23/2011,ENW,WI,AGL,CE,Federal Contract Tower,0,1,34,0,35,0,0,67,0,67,0,1,101,0,102,72,0,72,174
04/24/2011,ENW,WI,AGL,CE,Federal Contract Tower,0,1,11,0,12,0,1,39,0,40,0,2,50,0,52,48,0,48,100
04/25/2011,ENW,WI,AGL,CE,Federal Contract Tower,0,9,26,0,35,0,12,61,0,73,0,21,87,0,108,70,0,70,178
04/26/2011,ENW,WI,AGL,CE,Federal Contract Tower,0,1,18,0,19,0,4,24,0,28,0,5,42,0,47,4,0,4,51
04/27/2011,ENW,WI,AGL,CE,Federal Contract Tower,0,5,12,0,17,0,0,5,0,5,0,5,17,0,22,0,0,0,22
04/28/2011,ENW,WI,AGL,CE,Federal Contract Tower,0,3,6,0,9,0,0,11,0,11,0,3,17,0,20,57,0,57,77
04/29/2011,ENW,WI,AGL,CE,Federal Contract Tower,0,0,27,0,27,0,0,113,0,113,0,0,140,0,140,84,0,84,224
04/30/2011,ENW,WI,AGL,CE,Federal Contract Tower,0,3,11,0,14,0,0,44,0,44,0,3,55,0,58,32,0,32,90
05/01/2011,ENW,WI,AGL,CE,Federal Contract Tower,0,2,11,0,13,0,1,52,0,53,0,3,63,0,66,48,0,48,114
05/02/2011,ENW,WI,AGL,CE,Federal Contract Tower,0,2,15,0,17,0,0,57,0,57,0,2,72,0,74,94,0,94,168
05/03/2011,ENW,WI,AGL,CE,Federal Contract Tower,0,10,17,0,27,0,0,30,0,30,0,10,47,0,57,67,0,67,124
05/04/2011,ENW,WI,AGL,CE,Federal Contract Tower,0,2,27,0,29,0,0,117,0,117,0,2,144,0,146,100,0,100,246
05/05/2011,ENW,WI,AGL,CE,Federal Contract Tower,0,6,8,0,14,0,0,70,0,70,0,6,78,0,84,22,0,22,106
05/06/2011,ENW,WI,AGL,CE,Federal Contract Tower,0,3,7,0,10,0,0,83,0,83,0,3,90,0,93,84,0,84,177
05/07/2011,ENW,WI,AGL,CE,Federal Contract Tower,0,0,23,0,23,0,0,104,0,104,0,0,127,0,127,62,0,62,189
05/08/2011,ENW,WI,AGL,CE,Federal Contract Tower,0,5,12,0,17,0,0,85,0,85,0,5,97,0,102,48,0,48,150
05/09/2011,ENW,WI,AGL,CE,Federal Contract Tower,0,6,10,0,16,0,0,23,0,23,0,6,33,0,39,66,0,66,105
05/10/2011,ENW,WI,AGL,CE,Federal Contract Tower,0,12,9,0,21,0,0,64,0,64,0,12,73,0,85,90,0,90,175
05/11/2011,ENW,WI,AGL,CE,Federal Contract Tower,0,2,10,0,12,0,0,38,0,38,0,2,48,0,50,18,0,18,68
05/12/2011,ENW,WI,AGL,CE,Federal Contract Tower,0,4,7,0,11,0,2,76,0,78,0,6,83,0,89,12,0,12,101
05/13/2011,ENW,WI,AGL,CE,Federal Contract Tower,0,9,13,0,22,0,0,12,0,12,0,9,25,0,34,20,0,20,54
05/14/2011,ENW,WI,AGL,CE,Federal Contract Tower,0,1,17,0,18,0,0,0,0,0,0,1,17,0,18,0,0,0,18
05/15/2011,ENW,WI,AGL,CE,Federal Contract Tower,0,13,5,0,18,0,0,10,0,10,0,13,15,0,28,2,0,2,30
05/16/2011,ENW,WI,AGL,CE,Federal Contract Tower,0,7,1,0,8,0,0,50,0,50,0,7,51,0,58,70,0,70,128
05/17/2011,ENW,WI,AGL,CE,Federal Contract Tower,0,6,21,0,27,0,0,106,0,106,0,6,127,0,133,60,0,60,193
05/18/2011,ENW,WI,AGL,CE,Federal Contract Tower,0,6,15,0,21,0,0,2,0,2,0,6,17,0,23,0,0,0,23
05/19/2011,ENW,WI,AGL,CE,Federal Contract Tower,0,11,24,0,35,0,0,73,0,73,0,11,97,0,108,132,0,132,240
05/20/2011,ENW,WI,AGL,CE,Federal Contract Tower,0,8,20,1,29,0,0,82,0,82,0,8,102,1,111,96,0,96,207
05/21/2011,ENW,WI,AGL,CE,Federal Contract Tower,0,2,21,0,23,0,0,27,0,27,0,2,48,0,50,82,0,82,132
05/22/2011,ENW,WI,AGL,CE,Federal Contract Tower,0,5,15,0,20,0,0,56,0,56,0,5,71,0,76,64,0,64,140
05/23/2011,ENW,WI,AGL,CE,Federal Contract Tower,0,6,9,0,15,0,1,31,0,32,0,7,40,0,47,82,0,82,129
05/24/2011,ENW,WI,AGL,CE,Federal Contract Tower,0,8,14,0,22,0,0,89,0,89,0,8,103,0,111,84,0,84,195
05/25/2011,ENW,WI,AGL,CE,Federal Contract Tower,0,4,2,0,6,0,0,0,0,0,0,4,2,0,6,0,0,0,6
05/26/2011,ENW,WI,AGL,CE,Federal Contract Tower,0,3,14,0,17,0,0,12,0,12,0,3,26,0,29,0,0,0,29
05/27/2011,ENW,WI,AGL,CE,Federal Contract Tower,0,2,29,0,31,0,0,106,0,106,0,2,135,0,137,172,0,172,309
05/28/2011,ENW,WI,AGL,CE,Federal Contract Tower,0,2,27,0,29,0,0,36,0,36,0,2,63,0,65,26,0,26,91
05/29/2011,ENW,WI,AGL,CE,Federal Contract Tower,0,1,9,0,10,0,0,11,0,11,0,1,20,0,21,0,0,0,21
05/30/2011,ENW,WI,AGL,CE,Federal Contract Tower,0,6,29,0,35,0,0,68,0,68,0,6,97,0,103,54,0,54,157
05/31/2011,ENW,WI,AGL,CE,Federal Contract Tower,0,9,2,2,13,0,0,29,0,29,0,9,31,2,42,12,34,46,88
06/01/2011,ENW,WI,AGL,CE,Federal Contract Tower,0,6,11,0,17,0,0,51,0,51,0,6,62,0,68,40,0,40,108
06/02/2011,ENW,WI,AGL,CE,Federal Contract Tower,0,5,19,0,24,0,0,104,0,104,0,5,123,0,128,155,0,155,283
06/03/2011,ENW,WI,AGL,CE,Federal Contract Tower,0,6,38,0,44,0,0,88,0,88,0,6,126,0,132,156,0,156,288
06/04/2011,ENW,WI,AGL,CE,Federal Contract Tower,0,3,13,0,16,0,0,171,0,171,0,3,184,0,187,80,0,80,267
06/05/2011,ENW,WI,AGL,CE,Federal Contract Tower,0,7,23,0,30,0,0,72,0,72,0,7,95,0,102,64,0,64,166
06/06/2011,ENW,WI,AGL,CE,Federal Contract Tower,0,5,10,0,15,0,0,31,0,31,0,5,41,0,46,106,0,106,152
06/07/2011,ENW,WI,AGL,CE,Federal Contract Tower,0,6,13,0,19,0,0,40,0,40,0,6,53,0,59,52,20,72,131
06/08/2011,ENW,WI,AGL,CE,Federal Contract Tower,0,12,17,0,29,0,0,60,0,60,0,12,77,0,89,52,0,52,141
06/09/2011,ENW,WI,AGL,CE,Federal Contract Tower,0,5,9,0,14,0,0,50,0,50,0,5,59,0,64,70,0,70,134
06/10/2011,ENW,WI,AGL,CE,Federal Contract Tower,0,4,3,0,7,0,0,0,0,0,0,4,3,0,7,0,0,0,7
06/11/2011,ENW,WI,AGL,CE,Federal Contract Tower,0,2,29,0,31,0,0,15,0,15,0,2,44,0,46,110,0,110,156
06/12/2011,ENW,WI,AGL,CE,Federal Contract Tower,0,5,27,0,32,0,0,107,0,107,0,5,134,0,139,40,0,40,179
06/13/2011,ENW,WI,AGL,CE,Federal Contract Tower,0,0,9,0,9,0,0,57,0,57,0,0,66,0,66,130,0,130,196
06/14/2011,ENW,WI,AGL,CE,Federal Contract Tower,0,10,26,0,36,0,0,57,0,57,0,10,83,0,93,84,0,84,177
06/15/2011,ENW,WI,AGL,CE,Federal Contract Tower,0,4,1,0,5,0,0,24,0,24,0,4,25,0,29,40,0,40,69
06/16/2011,ENW,WI,AGL,CE,Federal Contract Tower,0,8,10,0,18,0,0,80,0,80,0,8,90,0,98,84,0,84,182
06/17/2011,ENW,WI,AGL,CE,Federal Contract Tower,0,2,20,0,22,0,0,114,0,114,0,2,134,0,136,163,0,163,299
06/18/2011,ENW,WI,AGL,CE,Federal Contract Tower,0,1,15,0,16,0,0,96,0,96,0,1,111,0,112,104,0,104,216
06/19/2011,ENW,WI,AGL,CE,Federal Contract Tower,0,4,13,0,17,0,0,50,0,50,0,4,63,0,67,38,0,38,105
06/20/2011,ENW,WI,AGL,CE,Federal Contract Tower,0,0,4,0,4,0,0,15,0,15,0,0,19,0,19,10,0,10,29
06/21/2011,ENW,WI,AGL,CE,Federal Contract Tower,0,7,4,0,11,0,0,46,0,46,0,7,50,0,57,52,0,52,109
06/22/2011,ENW,WI,AGL,CE,Federal Contract Tower,0,2,9,0,11,0,0,43,0,43,0,2,52,0,54,14,0,14,68
06/23/2011,ENW,WI,AGL,CE,Federal Contract Tower,0,7,13,0,20,0,0,29,0,29,0,7,42,0,49,0,0,0,49
06/24/2011,ENW,WI,AGL,CE,Federal Contract Tower,0,4,24,0,28,0,0,50,0,50,0,4,74,0,78,60,0,60,138
06/25/2011,ENW,WI,AGL,CE,Federal Contract Tower,0,4,8,0,12,0,0,120,0,120,0,4,128,0,132,70,0,70,202
06/26/2011,ENW,WI,AGL,CE,Federal Contract Tower,0,4,15,0,19,0,0,77,0,77,0,4,92,0,96,40,0,40,136
06/27/2011,ENW,WI,AGL,CE,Federal Contract Tower,0,8,7,0,15,0,0,8,0,8,0,8,15,0,23,0,0,0,23
06/28/2011,ENW,WI,AGL,CE,Federal Contract Tower,0,14,12,0,26,0,1,84,0,85,0,15,96,0,111,54,0,54,165
06/29/2011,ENW,WI,AGL,CE,Federal Contract Tower,0,9,9,0,18,0,0,109,0,109,0,9,118,0,127,94,0,94,221
06/30/2011,ENW,WI,AGL,CE,Federal Contract Tower,0,3,17,0,20,0,0,111,0,111,0,3,128,0,131,68,0,68,199
07/01/2011,ENW,WI,AGL,CE,Federal Contract Tower,0,4,4,0,8,0,0,51,0,51,0,4,55,0,59,60,0,60,119
07/02/2011,ENW,WI,AGL,CE,Federal Contract Tower,0,4,17,0,21,0,1,54,0,55,0,5,71,0,76,46,0,46,122
07/03/2011,ENW,WI,AGL,CE,Federal Contract Tower,0,4,7,0,11,0,0,52,0,52,0,4,59,0,63,60,0,60,123
07/04/2011,ENW,WI,AGL,CE,Federal Contract Tower,0,1,3,0,4,0,0,43,0,43,0,1,46,0,47,20,0,20,67
07/05/2011,ENW,WI,AGL,CE,Federal Contract Tower,0,9,10,0,19,0,0,74,0,74,0,9,84,0,93,104,0,104,197
07/06/2011,ENW,WI,AGL,CE,Federal Contract Tower,0,13,16,0,29,0,0,74,0,74,0,13,90,0,103,162,0,162,265
07/07/2011,ENW,WI,AGL,CE,Federal Contract Tower,0,4,16,0,20,0,0,83,0,83,0,4,99,0,103,78,0,78,181
07/08/2011,ENW,WI,AGL,CE,Federal Contract Tower,0,4,19,0,23,0,0,63,0,63,0,4,82,0,86,108,2,110,196
07/09/2011,ENW,WI,AGL,CE,Federal Contract Tower,0,4,19,0,23,0,2,85,0,87,0,6,104,0,110,152,0,152,262
07/10/2011,ENW,WI,AGL,CE,Federal Contract Tower,0,6,7,0,13,0,0,33,0,33,0,6,40,0,46,88,0,88,134
07/11/2011,ENW,WI,AGL,CE,Federal Contract Tower,0,12,6,0,18,0,0,19,0,19,0,12,25,0,37,26,0,26,63
07/12/2011,ENW,WI,AGL,CE,Federal Contract Tower,0,12,11,1,24,0,1,58,0,59,0,13,69,1,83,60,0,60,143
07/13/2011,ENW,WI,AGL,CE,Federal Contract Tower,0,8,26,0,34,0,0,74,0,74,0,8,100,0,108,88,0,88,196
07/14/2011,ENW,WI,AGL,CE,Federal Contract Tower,0,8,35,0,43,0,4,116,0,120,0,12,151,0,163,124,0,124,287
07/15/2011,ENW,WI,AGL,CE,Federal Contract Tower,0,11,23,4,38,0,1,57,0,58,0,12,80,4,96,58,0,58,154
07/16/2011,ENW,WI,AGL,CE,Federal Contract Tower,0,8,13,0,21,0,0,219,0,219,0,8,232,0,240,179,0,179,419
07/17/2011,ENW,WI,AGL,CE,Federal Contract Tower,0,11,20,0,31,0,0,78,0,78,0,11,98,0,109,50,0,50,159
07/18/2011,ENW,WI,AGL,CE,Federal Contract Tower,0,10,17,0,27,0,0,19,0,19,0,10,36,0,46,24,0,24,70
07/19/2011,ENW,WI,AGL,CE,Federal Contract Tower,0,10,18,0,28,0,0,90,0,90,0,10,108,0,118,128,0,128,246
07/20/2011,ENW,WI,AGL,CE,Federal Contract Tower,0,11,27,0,38,0,0,51,0,51,0,11,78,0,89,36,0,36,125
07/21/2011,ENW,WI,AGL,CE,Federal Contract Tower,0,9,10,0,19,0,0,83,0,83,0,9,93,0,102,112,0,112,214
07/22/2011,ENW,WI,AGL,CE,Federal Contract Tower,0,5,11,0,16,0,0,39,0,39,0,5,50,0,55,46,0,46,101
07/23/2011,ENW,WI,AGL,CE,Federal Contract Tower,0,8,20,0,28,0,0,54,0,54,0,8,74,0,82,118,0,118,200
07/24/2011,ENW,WI,AGL,CE,Federal Contract Tower,0,5,5,0,10,0,0,94,0,94,0,5,99,0,104,88,0,88,192
07/25/2011,ENW,WI,AGL,CE,Federal Contract Tower,0,5,9,0,14,0,0,59,0,59,0,5,68,0,73,48,0,48,121
07/26/2011,ENW,WI,AGL,CE,Federal Contract Tower,0,17,22,0,39,0,0,86,0,86,0,17,108,0,125,96,46,142,267
07/27/2011,ENW,WI,AGL,CE,Federal Contract Tower,0,9,6,0,15,0,0,59,0,59,0,9,65,0,74,124,0,124,198
07/28/2011,ENW,WI,AGL,CE,Federal Contract Tower,0,12,5,0,17,0,0,72,0,72,0,12,77,0,89,108,0,108,197
07/29/2011,ENW,WI,AGL,CE,Federal Contract Tower,0,6,12,0,18,0,0,136,0,136,0,6,148,0,154,102,0,102,256
07/30/2011,ENW,WI,AGL,CE,Federal Contract Tower,0,4,9,0,13,0,0,118,0,118,0,4,127,0,131,91,0,91,222
07/31/2011,ENW,WI,AGL,CE,Federal Contract Tower,0,11,16,0,27,0,0,71,0,71,0,11,87,0,98,76,0,76,174
08/01/2011,ENW,WI,AGL,CE,Federal Contract Tower,0,3,15,0,18,0,0,53,0,53,0,3,68,0,71,122,18,140,211
08/02/2011,ENW,WI,AGL,CE,Federal Contract Tower,0,8,10,0,18,0,0,20,0,20,0,8,30,0,38,0,0,0,38
08/03/2011,ENW,WI,AGL,CE,Federal Contract Tower,0,2,23,0,25,0,0,97,0,97,0,2,120,0,122,182,0,182,304
08/04/2011,ENW,WI,AGL,CE,Federal Contract Tower,0,5,10,0,15,0,0,90,0,90,0,5,100,0,105,48,0,48,153
08/05/2011,ENW,WI,AGL,CE,Federal Contract Tower,0,3,18,0,21,0,0,73,0,73,0,3,91,0,94,60,0,60,154
08/06/2011,ENW,WI,AGL,CE,Federal Contract Tower,0,0,19,0,19,0,0,106,0,106,0,0,125,0,125,100,0,100,225
08/07/2011,ENW,WI,AGL,CE,Federal Contract Tower,0,5,9,0,14,0,0,23,0,23,0,5,32,0,37,50,0,50,87
08/08/2011,ENW,WI,AGL,CE,Federal Contract Tower,0,12,10,0,22,0,0,47,0,47,0,12,57,0,69,10,0,10,79
08/09/2011,ENW,WI,AGL,CE,Federal Contract Tower,0,4,20,0,24,0,0,90,0,90,0,4,110,0,114,64,0,64,178
08/10/2011,ENW,WI,AGL,CE,Federal Contract Tower,0,12,19,0,31,0,0,169,2,171,0,12,188,2,202,84,0,84,286
08/11/2011,ENW,WI,AGL,CE,Federal Contract Tower,0,2,23,0,25,0,0,125,0,125,0,2,148,0,150,112,0,112,262
08/12/2011,ENW,WI,AGL,CE,Federal Contract Tower,0,6,18,0,24,0,0,93,0,93,0,6,111,0,117,144,0,144,261
08/13/2011,ENW,WI,AGL,CE,Federal Contract Tower,0,7,12,0,19,0,0,24,2,26,0,7,36,2,45,20,0,20,65
08/14/2011,ENW,WI,AGL,CE,Federal Contract Tower,0,13,19,0,32,0,0,24,0,24,0,13,43,0,56,38,0,38,94
08/15/2011,ENW,WI,AGL,CE,Federal Contract Tower,0,4,19,0,23,0,0,90,0,90,0,4,109,0,113,94,0,94,207
08/16/2011,ENW,WI,AGL,CE,Federal Contract Tower,0,3,18,0,21,0,0,80,2,82,0,3,98,2,103,96,0,96,199
08/17/2011,ENW,WI,AGL,CE,Federal Contract Tower,0,8,9,0,17,0,1,75,0,76,0,9,84,0,93,146,0,146,239
08/18/2011,ENW,WI,AGL,CE,Federal Contract Tower,0,15,7,0,22,0,0,89,0,89,0,15,96,0,111,114,0,114,225
08/19/2011,ENW,WI,AGL,CE,Federal Contract Tower,0,3,13,0,16,0,0,93,0,93,0,3,106,0,109,84,0,84,193
08/20/2011,ENW,WI,AGL,CE,Federal Contract Tower,0,1,20,0,21,0,0,33,0,33,0,1,53,0,54,58,0,58,112
08/21/2011,ENW,WI,AGL,CE,Federal Contract Tower,0,6,21,0,27,0,1,77,0,78,0,7,98,0,105,198,0,198,303
08/22/2011,ENW,WI,AGL,CE,Federal Contract Tower,0,10,22,0,32,0,0,48,0,48,0,10,70,0,80,68,0,68,148
08/23/2011,ENW,WI,AGL,CE,Federal Contract Tower,0,5,15,0,20,0,0,24,0,24,0,5,39,0,44,14,0,14,58
08/24/2011,ENW,WI,AGL,CE,Federal Contract Tower,0,16,14,0,30,0,0,69,0,69,0,16,83,0,99,132,0,132,231
08/25/2011,ENW,WI,AGL,CE,Federal Contract Tower,0,6,21,0,27,0,0,101,0,101,0,6,122,0,128,110,0,110,238
08/26/2011,ENW,WI,AGL,CE,Federal Contract Tower,0,9,11,0,20,0,0,63,0,63,0,9,74,0,83,145,0,145,228
08/27/2011,ENW,WI,AGL,CE,Federal Contract Tower,0,1,0,0,1,0,0,97,0,97,0,1,97,0,98,96,0,96,194
08/28/2011,ENW,WI,AGL,CE,Federal Contract Tower,0,4,7,0,11,0,1,66,2,69,0,5,73,2,80,32,0,32,112
08/29/2011,ENW,WI,AGL,CE,Federal Contract Tower,0,13,13,0,26,0,0,63,0,63,0,13,76,0,89,90,0,90,179
08/30/2011,ENW,WI,AGL,CE,Federal Contract Tower,0,6,9,0,15,0,0,59,0,59,0,6,68,0,74,38,0,38,112
08/31/2011,ENW,WI,AGL,CE,Federal Contract Tower,0,3,11,0,14,0,0,104,0,104,0,3,115,0,118,74,0,74,192
09/01/2011,ENW,WI,AGL,CE,Federal Contract Tower,0,9,16,0,25,0,0,58,0,58,0,9,74,0,83,32,0,32,115
09/02/2011,ENW,WI,AGL,CE,Federal Contract Tower,0,9,24,0,33,0,0,59,0,59,0,9,83,0,92,54,0,54,146
09/03/2011,ENW,WI,AGL,CE,Federal Contract Tower,0,6,25,0,31,0,0,54,0,54,0,6,79,0,85,20,0,20,105
09/04/2011,ENW,WI,AGL,CE,Federal Contract Tower,0,5,19,3,27,0,0,88,0,88,0,5,107,3,115,56,0,56,171
09/05/2011,ENW,WI,AGL,CE,Federal Contract Tower,0,7,13,0,20,0,0,36,0,36,0,7,49,0,56,8,0,8,64
09/06/2011,ENW,WI,AGL,CE,Federal Contract Tower,0,2,19,0,21,0,0,50,0,50,0,2,69,0,71,48,0,48,119
09/07/2011,ENW,WI,AGL,CE,Federal Contract Tower,0,7,15,0,22,0,0,106,0,106,0,7,121,0,128,90,0,90,218
09/08/2011,ENW,WI,AGL,CE,Federal Contract Tower,0,3,9,0,12,0,0,87,0,87,0,3,96,0,99,82,0,82,181
09/09/2011,ENW,WI,AGL,CE,Federal Contract Tower,0,2,6,0,8,0,0,69,0,69,0,2,75,0,77,138,0,138,215
09/10/2011,ENW,WI,AGL,CE,Federal Contract Tower,0,1,12,0,13,0,0,118,0,118,0,1,130,0,131,136,0,136,267
09/11/2011,ENW,WI,AGL,CE,Federal Contract Tower,0,3,12,0,15,0,0,89,0,89,0,3,101,0,104,82,0,82,186
09/12/2011,ENW,WI,AGL,CE,Federal Contract Tower,0,6,19,0,25,0,0,57,0,57,0,6,76,0,82,30,0,30,112
09/13/2011,ENW,WI,AGL,CE,Federal Contract Tower,0,16,19,0,35,0,0,51,0,51,0,16,70,0,86,118,0,118,204
09/14/2011,ENW,WI,AGL,CE,Federal Contract Tower,0,5,12,0,17,0,0,73,0,73,0,5,85,0,90,28,0,28,118
09/15/2011,ENW,WI,AGL,CE,Federal Contract Tower,0,7,9,0,16,0,0,112,0,112,0,7,121,0,128,132,0,132,260
09/16/2011,ENW,WI,AGL,CE,Federal Contract Tower,0,5,19,0,24,0,0,63,0,63,0,5,82,0,87,20,0,20,107
09/17/2011,ENW,WI,AGL,CE,Federal Contract Tower,0,4,15,0,19,0,0,130,0,130,0,4,145,0,149,131,0,131,280
09/18/2011,ENW,WI,AGL,CE,Federal Contract Tower,0,3,18,0,21,0,0,80,0,80,0,3,98,0,101,4,0,4,105
09/19/2011,ENW,WI,AGL,CE,Federal Contract Tower,0,9,15,0,24,0,0,32,0,32,0,9,47,0,56,24,0,24,80
09/20/2011,ENW,WI,AGL,CE,Federal Contract Tower,0,7,20,0,27,0,0,81,0,81,0,7,101,0,108,58,0,58,166
09/21/2011,ENW,WI,AGL,CE,Federal Contract Tower,0,4,5,0,9,0,0,39,0,39,0,4,44,0,48,46,0,46,94
09/22/2011,ENW,WI,AGL,CE,Federal Contract Tower,0,21,0,0,21,0,7,61,0,68,0,28,61,0,89,26,0,26,115
09/23/2011,ENW,WI,AGL,CE,Federal Contract Tower,0,8,21,0,29,0,0,79,0,79,0,8,100,0,108,90,0,90,198
09/24/2011,ENW,WI,AGL,CE,Federal Contract Tower,0,0,18,0,18,0,0,83,0,83,0,0,101,0,101,34,0,34,135
09/25/2011,ENW,WI,AGL,CE,Federal Contract Tower,0,7,11,0,18,0,0,32,0,32,0,7,43,0,50,58,0,58,108
09/26/2011,ENW,WI,AGL,CE,Federal Contract Tower,0,6,0,0,6,0,0,7,0,7,0,6,7,0,13,34,0,34,47
09/27/2011,ENW,WI,AGL,CE,Federal Contract Tower,0,7,18,0,25,0,0,6,0,6,0,7,24,0,31,30,0,30,61
09/28/2011,ENW,WI,AGL,CE,Federal Contract Tower,0,6,8,0,14,0,0,24,0,24,0,6,32,0,38,10,0,10,48
09/29/2011,ENW,WI,AGL,CE,Federal Contract Tower,0,6,12,0,18,0,0,52,0,52,0,6,64,0,70,106,0,106,176
09/30/2011,ENW,WI,AGL,CE,Federal Contract Tower,0,3,3,0,6,0,0,32,0,32,0,3,35,0,38,56,0,56,94
10/01/2011,ENW,WI,AGL,CE,Federal Contract Tower,0,1,17,0,18,0,0,4,0,4,0,1,21,0,22,100,0,100,122
10/02/2011,ENW,WI,AGL,CE,Federal Contract Tower,0,3,17,0,20,0,0,73,0,73,0,3,90,0,93,50,0,50,143
10/03/2011,ENW,WI,AGL,CE,Federal Contract Tower,0,6,19,0,25,0,0,56,0,56,0,6,75,0,81,42,0,42,123
10/04/2011,ENW,WI,AGL,CE,Federal Contract Tower,0,7,11,0,18,0,0,69,0,69,0,7,80,0,87,62,0,62,149
10/05/2011,ENW,WI,AGL,CE,Federal Contract Tower,0,5,21,0,26,0,0,86,0,86,0,5,107,0,112,86,0,86,198
10/06/2011,ENW,WI,AGL,CE,Federal Contract Tower,0,3,16,0,19,0,93,0,0,93,0,96,16,0,112,94,0,94,206
10/07/2011,ENW,WI,AGL,CE,Federal Contract Tower,0,5,29,0,34,0,0,76,0,76,0,5,105,0,110,96,0,96,206
10/08/2011,ENW,WI,AGL,CE,Federal Contract Tower,0,1,9,0,10,0,0,86,0,86,0,1,95,0,96,50,0,50,146
10/09/2011,ENW,WI,AGL,CE,Federal Contract Tower,0,4,21,0,25,0,0,67,0,67,0,4,88,0,92,20,0,20,112
10/10/2011,ENW,WI,AGL,CE,Federal Contract Tower,0,5,6,0,11,0,0,55,0,55,0,5,61,0,66,76,0,76,142
10/11/2011,ENW,WI,AGL,CE,Federal Contract Tower,0,5,18,0,23,0,0,87,0,87,0,5,105,0,110,48,0,48,158
10/12/2011,ENW,WI,AGL,CE,Federal Contract Tower,0,4,20,0,24,0,2,92,0,94,0,6,112,0,118,72,0,72,190
10/13/2011,ENW,WI,AGL,CE,Federal Contract Tower,0,3,15,0,18,0,0,15,0,15,0,3,30,0,33,12,0,12,45
10/14/2011,ENW,WI,AGL,CE,Federal Contract Tower,0,6,4,0,10,0,0,35,0,35,0,6,39,0,45,23,0,23,68
10/15/2011,ENW,WI,AGL,CE,Federal Contract Tower,0,2,4,0,6,0,6,56,0,62,0,8,60,0,68,18,0,18,86
10/16/2011,ENW,WI,AGL,CE,Federal Contract Tower,0,4,22,0,26,0,0,52,0,52,0,4,74,0,78,54,0,54,132
10/17/2011,ENW,WI,AGL,CE,Federal Contract Tower,0,10,3,0,13,0,2,47,0,49,0,12,50,0,62,16,0,16,78
10/18/2011,ENW,WI,AGL,CE,Federal Contract Tower,0,4,18,0,22,0,0,58,0,58,0,4,76,0,80,28,0,28,108
10/19/2011,ENW,WI,AGL,CE,Federal Contract Tower,0,1,8,0,9,0,0,5,0,5,0,1,13,0,14,16,0,16,30
10/20/2011,ENW,WI,AGL,CE,Federal Contract Tower,0,1,12,0,13,0,0,4,0,4,0,1,16,0,17,8,0,8,25
10/21/2011,ENW,WI,AGL,CE,Federal Contract Tower,0,6,6,0,12,0,0,92,0,92,0,6,98,0,104,46,0,46,150
10/22/2011,ENW,WI,AGL,CE,Federal Contract Tower,0,3,26,0,29,0,0,113,0,113,0,3,139,0,142,179,0,179,321
10/23/2011,ENW,WI,AGL,CE,Federal Contract Tower,0,5,22,0,27,0,0,110,0,110,0,5,132,0,137,80,0,80,217
10/24/2011,ENW,WI,AGL,CE,Federal Contract Tower,0,4,10,0,14,0,0,91,0,91,0,4,101,0,105,50,0,50,155
10/25/2011,ENW,WI,AGL,CE,Federal Contract Tower,0,11,7,0,18,0,0,18,0,18,0,11,25,0,36,0,0,0,36
10/26/2011,ENW,WI,AGL,CE,Federal Contract Tower,0,6,17,0,23,0,0,2,0,2,0,6,19,0,25,24,0,24,49
10/27/2011,ENW,WI,AGL,CE,Federal Contract Tower,0,5,18,0,23,0,0,37,0,37,0,5,55,0,60,40,0,40,100
10/28/2011,ENW,WI,AGL,CE,Federal Contract Tower,0,5,9,0,14,0,1,133,0,134,0,6,142,0,148,124,0,124,272
10/29/2011,ENW,WI,AGL,CE,Federal Contract Tower,0,1,21,0,22,0,0,147,0,147,0,1,168,0,169,96,0,96,265
10/30/2011,ENW,WI,AGL,CE,Federal Contract Tower,0,5,7,0,12,0,0,45,0,45,0,5,52,0,57,20,0,20,77
10/31/2011,ENW,WI,AGL,CE,Federal Contract Tower,0,7,32,0,39,0,1,77,0,78,0,8,109,0,117,94,0,94,211
11/01/2011,ENW,WI,AGL,CE,Federal Contract Tower,0,8,13,0,21,0,0,80,0,80,0,8,93,0,101,44,0,44,145
11/02/2011,ENW,WI,AGL,CE,Federal Contract Tower,0,5,14,0,19,0,4,67,0,71,0,9,81,0,90,112,0,112,202
11/03/2011,ENW,WI,AGL,CE,Federal Contract Tower,0,2,3,0,5,0,0,44,0,44,0,2,47,0,49,0,0,0,49
11/04/2011,ENW,WI,AGL,CE,Federal Contract Tower,0,0,32,0,32,0,0,108,0,108,0,0,140,0,140,136,0,136,276
11/05/2011,ENW,WI,AGL,CE,Federal Contract Tower,0,4,16,0,20,0,0,67,0,67,0,4,83,0,87,86,0,86,173
11/06/2011,ENW,WI,AGL,CE,Federal Contract Tower,0,1,10,0,11,0,0,27,0,27,0,1,37,0,38,6,0,6,44
11/07/2011,ENW,WI,AGL,CE,Federal Contract Tower,0,3,12,0,15,0,0,48,0,48,0,3,60,0,63,98,0,98,161
11/08/2011,ENW,WI,AGL,CE,Federal Contract Tower,0,5,6,0,11,0,0,0,0,0,0,5,6,0,11,0,0,0,11
11/09/2011,ENW,WI,AGL,CE,Federal Contract Tower,0,13,1,0,14,0,0,0,0,0,0,13,1,0,14,0,0,0,14
11/10/2011,ENW,WI,AGL,CE,Federal Contract Tower,0,11,4,0,15,0,0,29,0,29,0,11,33,0,44,92,0,92,136
11/11/2011,ENW,WI,AGL,CE,Federal Contract Tower,0,5,26,0,31,0,0,89,0,89,0,5,115,0,120,90,0,90,210
11/12/2011,ENW,WI,AGL,CE,Federal Contract Tower,0,5,12,0,17,0,0,75,0,75,0,5,87,0,92,54,0,54,146
11/13/2011,ENW,WI,AGL,CE,Federal Contract Tower,0,9,3,0,12,0,1,10,0,11,0,10,13,0,23,22,0,22,45
11/14/2011,ENW,WI,AGL,CE,Federal Contract Tower,0,6,11,0,17,0,0,47,0,47,0,6,58,0,64,94,0,94,158
11/15/2011,ENW,WI,AGL,CE,Federal Contract Tower,0,11,23,0,34,0,0,95,0,95,0,11,118,0,129,78,0,78,207
11/16/2011,ENW,WI,AGL,CE,Federal Contract Tower,0,3,10,0,13,0,0,0,0,0,0,3,10,0,13,48,0,48,61
11/17/2011,ENW,WI,AGL,CE,Federal Contract Tower,0,7,6,0,13,0,0,76,0,76,0,7,82,0,89,32,0,32,121
11/18/2011,ENW,WI,AGL,CE,Federal Contract Tower,0,4,2,0,6,0,0,23,0,23,0,4,25,0,29,32,0,32,61
11/19/2011,ENW,WI,AGL,CE,Federal Contract Tower,0,6,13,0,19,0,0,64,0,64,0,6,77,0,83,140,0,140,223
11/20/2011,ENW,WI,AGL,CE,Federal Contract Tower,0,6,19,0,25,0,0,25,0,25,0,6,44,0,50,14,0,14,64
11/21/2011,ENW,WI,AGL,CE,Federal Contract Tower,0,3,23,0,26,0,0,51,0,51,0,3,74,0,77,88,0,88,165
11/22/2011,ENW,WI,AGL,CE,Federal Contract Tower,0,3,21,0,24,0,1,5,0,6,0,4,26,0,30,52,0,52,82
11/23/2011,ENW,WI,AGL,CE,Federal Contract Tower,0,7,40,0,47,0,0,88,0,88,0,7,128,0,135,54,0,54,189
11/24/2011,ENW,WI,AGL,CE,Federal Contract Tower,0,0,2,0,2,0,0,3,0,3,0,0,5,0,5,0,0,0,5
11/25/2011,ENW,WI,AGL,CE,Federal Contract Tower,0,0,16,0,16,0,0,33,0,33,0,0,49,0,49,81,0,81,130
11/26/2011,ENW,WI,AGL,CE,Federal Contract Tower,0,3,20,0,23,0,0,2,0,2,0,3,22,0,25,32,0,32,57
11/27/2011,ENW,WI,AGL,CE,Federal Contract Tower,0,10,8,0,18,0,0,12,0,12,0,10,20,0,30,46,0,46,76
11/28/2011,ENW,WI,AGL,CE,Federal Contract Tower,0,5,4,0,9,0,0,28,0,28,0,5,32,0,37,94,0,94,131
11/29/2011,ENW,WI,AGL,CE,Federal Contract Tower,0,4,2,0,6,0,0,13,0,13,0,4,15,0,19,0,0,0,19
11/30/2011,ENW,WI,AGL,CE,Federal Contract Tower,0,9,13,0,22,0,6,110,0,116,0,15,123,0,138,266,0,266,404
12/01/2011,ENW,WI,AGL,CE,Federal Contract Tower,0,10,3,0,13,0,0,40,0,40,0,10,43,0,53,54,0,54,107
12/02/2011,ENW,WI,AGL,CE,Federal Contract Tower,0,4,14,0,18,0,0,77,0,77,0,4,91,0,95,158,0,158,253
12/03/2011,ENW,WI,AGL,CE,Federal Contract Tower,0,2,9,0,11,0,5,11,0,16,0,7,20,0,27,4,0,4,31
12/04/2011,ENW,WI,AGL,CE,Federal Contract Tower,0,2,12,0,14,0,0,9,0,9,0,2,21,0,23,6,0,6,29
12/05/2011,ENW,WI,AGL,CE,Federal Contract Tower,0,7,14,0,21,0,0,2,0,2,0,7,16,0,23,0,0,0,23
12/06/2011,ENW,WI,AGL,CE,Federal Contract Tower,0,2,10,0,12,0,0,48,0,48,0,2,58,0,60,10,0,10,70
12/07/2011,ENW,WI,AGL,CE,Federal Contract Tower,0,13,5,0,18,0,0,46,2,48,0,13,51,2,66,56,0,56,122
12/08/2011,ENW,WI,AGL,CE,Federal Contract Tower,0,10,14,0,24,0,0,70,0,70,0,10,84,0,94,64,0,64,158
12/09/2011,ENW,WI,AGL,CE,Federal Contract Tower,0,6,10,0,16,0,0,33,0,33,0,6,43,0,49,12,0,12,61
12/10/2011,ENW,WI,AGL,CE,Federal Contract Tower,0,6,34,0,40,0,0,78,0,78,0,6,112,0,118,114,0,114,232
12/11/2011,ENW,WI,AGL,CE,Federal Contract Tower,0,3,5,0,8,0,0,50,0,50,0,3,55,0,58,16,0,16,74
12/12/2011,ENW,WI,AGL,CE,Federal Contract Tower,0,5,21,0,26,0,2,58,0,60,0,7,79,0,86,86,0,86,172
12/13/2011,ENW,WI,AGL,CE,Federal Contract Tower,0,9,12,0,21,0,0,66,0,66,0,9,78,0,87,92,0,92,179
12/14/2011,ENW,WI,AGL,CE,Federal Contract Tower,0,6,2,0,8,0,0,0,0,0,0,6,2,0,8,0,0,0,8
12/15/2011,ENW,WI,AGL,CE,Federal Contract Tower,0,12,3,0,15,0,0,5,0,5,0,12,8,0,20,26,0,26,46
12/16/2011,ENW,WI,AGL,CE,Federal Contract Tower,0,7,34,0,41,0,2,92,0,94,0,9,126,0,135,120,0,120,255
12/17/2011,ENW,WI,AGL,CE,Federal Contract Tower,0,8,9,0,17,0,0,44,0,44,0,8,53,0,61,86,0,86,147
12/18/2011,ENW,WI,AGL,CE,Federal Contract Tower,0,10,25,0,35,0,0,54,0,54,0,10,79,0,89,6,0,6,95
12/19/2011,ENW,WI,AGL,CE,Federal Contract Tower,0,6,14,0,20,0,0,40,0,40,0,6,54,0,60,52,0,52,112
12/20/2011,ENW,WI,AGL,CE,Federal Contract Tower,0,5,8,0,13,0,0,46,0,46,0,5,54,0,59,20,8,28,87
12/21/2011,ENW,WI,AGL,CE,Federal Contract Tower,0,4,10,0,14,0,0,0,0,0,0,4,10,0,14,22,0,22,36
12/22/2011,ENW,WI,AGL,CE,Federal Contract Tower,0,5,6,0,11,0,0,2,0,2,0,5,8,0,13,0,0,0,13
12/23/2011,ENW,WI,AGL,CE,Federal Contract Tower,0,7,27,0,34,0,0,82,0,82,0,7,109,0,116,40,0,40,156
12/24/2011,ENW,WI,AGL,CE,Federal Contract Tower,0,1,4,0,5,0,0,54,0,54,0,1,58,0,59,38,0,38,97
12/25/2011,ENW,WI,AGL,CE,Federal Contract Tower,0,5,8,0,13,0,0,4,0,4,0,5,12,0,17,10,0,10,27
12/26/2011,ENW,WI,AGL,CE,Federal Contract Tower,0,17,8,0,25,0,1,36,0,37,0,18,44,0,62,66,0,66,128
12/27/2011,ENW,WI,AGL,CE,Federal Contract Tower,0,8,5,0,13,0,0,34,0,34,0,8,39,0,47,48,0,48,95
12/28/2011,ENW,WI,AGL,CE,Federal Contract Tower,0,8,2,0,10,0,1,83,0,84,0,9,85,0,94,92,0,92,186
12/29/2011,ENW,WI,AGL,CE,Federal Contract Tower,0,3,7,0,10,0,2,65,0,67,0,5,72,0,77,56,0,56,133
12/30/2011,ENW,WI,AGL,CE,Federal Contract Tower,0,2,1,0,3,0,0,0,0,0,0,2,1,0,3,0,0,0,3
12/31/2011,ENW,WI,AGL,CE,Federal Contract Tower,0,0,7,0,7,0,0,90,0,90,0,0,97,0,97,44,0,44,141
01/01/2012,ENW,WI,AGL,CE,Federal Contract Tower,0,6,2,0,8,0,2,0,0,2,0,8,2,0,10,0,0,0,10
01/02/2012,ENW,WI,AGL,CE,Federal Contract Tower,0,16,1,0,17,0,0,7,0,7,0,16,8,0,24,4,0,4,28
01/03/2012,ENW,WI,AGL,CE,Federal Contract Tower,0,3,4,0,7,0,0,54,0,54,0,3,58,0,61,58,0,58,119
01/04/2012,ENW,WI,AGL,CE,Federal Contract Tower,0,4,6,0,10,0,0,64,0,64,0,4,70,0,74,40,0,40,114
01/05/2012,ENW,WI,AGL,CE,Federal Contract Tower,0,16,6,0,22,0,0,125,0,125,0,16,131,0,147,48,0,48,195
01/06/2012,ENW,WI,AGL,CE,Federal Contract Tower,0,5,16,0,21,0,0,91,0,91,0,5,107,0,112,98,0,98,210
01/07/2012,ENW,WI,AGL,CE,Federal Contract Tower,0,5,12,0,17,0,1,115,0,116,0,6,127,0,133,122,0,122,255
01/08/2012,ENW,WI,AGL,CE,Federal Contract Tower,0,4,13,0,17,0,0,89,0,89,0,4,102,0,106,64,0,64,170
01/09/2012,ENW,WI,AGL,CE,Federal Contract Tower,0,4,4,0,8,0,0,42,0,42,0,4,46,0,50,92,0,92,142
01/10/2012,ENW,WI,AGL,CE,Federal Contract Tower,0,7,12,0,19,0,0,159,0,159,0,7,171,0,178,96,0,96,274
01/11/2012,ENW,WI,AGL,CE,Federal Contract Tower,0,9,20,0,29,0,0,71,0,71,0,9,91,0,100,72,0,72,172
01/12/2012,ENW,WI,AGL,CE,Federal Contract Tower,0,7,1,0,8,0,0,0,0,0,0,7,1,0,8,0,0,0,8
01/13/2012,ENW,WI,AGL,CE,Federal Contract Tower,0,3,0,0,3,0,0,2,0,2,0,3,2,0,5,0,0,0,5
01/14/2012,ENW,WI,AGL,CE,Federal Contract Tower,0,10,0,0,10,0,0,14,0,14,0,10,14,0,24,0,0,0,24
01/15/2012,ENW,WI,AGL,CE,Federal Contract Tower,0,3,23,0,26,0,0,27,0,27,0,3,50,0,53,30,0,30,83
01/16/2012,ENW,WI,AGL,CE,Federal Contract Tower,0,5,14,0,19,0,0,19,9,28,0,5,33,9,47,42,0,42,89
01/17/2012,ENW,WI,AGL,CE,Federal Contract Tower,0,6,0,0,6,0,0,0,0,0,0,6,0,0,6,0,0,0,6
01/18/2012,ENW,WI,AGL,CE,Federal Contract Tower,0,5,5,0,10,0,1,58,0,59,0,6,63,0,69,64,0,64,133
01/19/2012,ENW,WI,AGL,CE,Federal Contract Tower,0,14,11,0,25,0,7,30,0,37,0,21,41,0,62,24,0,24,86
01/20/2012,ENW,WI,AGL,CE,Federal Contract Tower,0,1,0,0,1,0,0,0,0,0,0,1,0,0,1,0,0,0,1
01/21/2012,ENW,WI,AGL,CE,Federal Contract Tower,0,1,23,0,24,0,0,21,0,21,0,1,44,0,45,20,0,20,65
01/22/2012,ENW,WI,AGL,CE,Federal Contract Tower,0,3,1,0,4,0,0,0,0,0,0,3,1,0,4,0,0,0,4
01/23/2012,ENW,WI,AGL,CE,Federal Contract Tower,0,6,2,0,8,0,0,0,0,0,0,6,2,0,8,0,0,0,8
01/24/2012,ENW,WI,AGL,CE,Federal Contract Tower,0,12,12,0,24,0,6,64,0,70,0,18,76,0,94,60,0,60,154
01/25/2012,ENW,WI,AGL,CE,Federal Contract Tower,0,4,9,0,13,0,2,67,0,69,0,6,76,0,82,124,0,124,206
01/26/2012,ENW,WI,AGL,CE,Federal Contract Tower,0,7,6,0,13,0,0,0,0,0,0,7,6,0,13,44,0,44,57
01/27/2012,ENW,WI,AGL,CE,Federal Contract Tower,0,11,15,0,26,0,4,15,0,19,0,15,30,0,45,53,0,53,98
01/28/2012,ENW,WI,AGL,CE,Federal Contract Tower,0,3,6,0,9,0,4,29,0,33,0,7,35,0,42,54,0,54,96
01/29/2012,ENW,WI,AGL,CE,Federal Contract Tower,0,4,0,0,4,0,0,17,0,17,0,4,17,0,21,30,0,30,51
01/30/2012,ENW,WI,AGL,CE,Federal Contract Tower,0,12,7,0,19,0,1,41,0,42,0,13,48,0,61,78,0,78,139
01/31/2012,ENW,WI,AGL,CE,Federal Contract Tower,0,12,6,0,18,0,0,37,0,37,0,12,43,0,55,32,0,32,87
02/01/2012,ENW,WI,AGL,CE,Federal Contract Tower,0,9,13,0,22,0,0,30,0,30,0,9,43,0,52,72,24,96,148
02/02/2012,ENW,WI,AGL,CE,Federal Contract Tower,0,13,13,0,26,0,0,0,0,0,0,13,13,0,26,0,0,0,26
02/03/2012,ENW,WI,AGL,CE,Federal Contract Tower,0,0,10,0,10,0,0,2,0,2,0,0,12,0,12,28,0,28,40
02/04/2012,ENW,WI,AGL,CE,Federal Contract Tower,0,0,12,0,12,0,0,93,0,93,0,0,105,0,105,194,0,194,299
02/05/2012,ENW,WI,AGL,CE,Federal Contract Tower,0,7,13,0,20,0,2,51,0,53,0,9,64,0,73,110,0,110,183
02/06/2012,ENW,WI,AGL,CE,Federal Contract Tower,0,10,14,0,24,0,0,20,0,20,0,10,34,0,44,52,0,52,96
02/07/2012,ENW,WI,AGL,CE,Federal Contract Tower,0,4,1,0,5,0,0,10,0,10,0,4,11,0,15,4,0,4,19
02/08/2012,ENW,WI,AGL,CE,Federal Contract Tower,0,20,36,0,56,0,0,84,0,84,0,20,120,0,140,80,0,80,220
02/09/2012,ENW,WI,AGL,CE,Federal Contract Tower,0,8,13,0,21,0,0,70,0,70,0,8,83,0,91,158,0,158,249
02/10/2012,ENW,WI,AGL,CE,Federal Contract Tower,0,4,1,0,5,0,0,6,0,6,0,4,7,0,11,0,0,0,11
02/11/2012,ENW,WI,AGL,CE,Federal Contract Tower,0,2,7,0,9,0,0,11,0,11,0,2,18,0,20,34,0,34,54
02/12/2012,ENW,WI,AGL,CE,Federal Contract Tower,0,4,7,0,11,0,2,53,0,55,0,6,60,0,66,10,0,10,76
02/13/2012,ENW,WI,AGL,CE,Federal Contract Tower,0,4,4,0,8,0,0,9,0,9,0,4,13,0,17,46,0,46,63
02/14/2012,ENW,WI,AGL,CE,Federal Contract Tower,0,6,4,0,10,0,0,6,0,6,0,6,10,0,16,20,0,20,36
02/15/2012,ENW,WI,AGL,CE,Federal Contract Tower,0,6,8,0,14,0,0,27,0,27,0,6,35,0,41,128,0,128,169
02/16/2012,ENW,WI,AGL,CE,Federal Contract Tower,0,9,33,0,42,0,0,49,0,49,0,9,82,0,91,102,0,102,193
02/17/2012,ENW,WI,AGL,CE,Federal Contract Tower,0,2,6,0,8,0,0,71,0,71,0,2,77,0,79,88,0,88,167
02/18/2012,ENW,WI,AGL,CE,Federal Contract Tower,0,3,11,0,14,0,0,94,0,94,0,3,105,0,108,104,0,104,212
02/19/2012,ENW,WI,AGL,CE,Federal Contract Tower,0,6,35,0,41,0,0,102,0,102,0,6,137,0,143,76,0,76,219
02/20/2012,ENW,WI,AGL,CE,Federal Contract Tower,0,6,21,0,27,0,0,33,0,33,0,6,54,0,60,44,0,44,104
02/21/2012,ENW,WI,AGL,CE,Federal Contract Tower,0,7,11,0,18,0,1,12,0,13,0,8,23,0,31,94,0,94,125
02/22/2012,ENW,WI,AGL,CE,Federal Contract Tower,0,1,17,0,18,0,7,65,0,72,0,8,82,0,90,110,0,110,200
02/23/2012,ENW,WI,AGL,CE,Federal Contract Tower,0,8,10,0,18,0,0,25,0,25,0,8,35,0,43,36,0,36,79
02/24/2012,ENW,WI,AGL,CE,Federal Contract Tower,0,1,0,0,1,0,0,15,0,15,0,1,15,0,16,18,0,18,34
02/25/2012,ENW,WI,AGL,CE,Federal Contract Tower,0,0,19,0,19,0,1,67,0,68,0,1,86,0,87,98,0,98,185
02/26/2012,ENW,WI,AGL,CE,Federal Contract Tower,0,2,5,0,7,0,0,15,0,15,0,2,20,0,22,34,0,34,56
02/27/2012,ENW,WI,AGL,CE,Federal Contract Tower,0,9,13,0,22,0,0,35,0,35,0,9,48,0,57,70,0,70,127
02/28/2012,ENW,WI,AGL,CE,Federal Contract Tower,0,4,25,0,29,0,0,46,0,46,0,4,71,0,75,96,0,96,171
02/29/2012,ENW,WI,AGL,CE,Federal Contract Tower,0,1,2,0,3,0,0,24,0,24,0,1,26,0,27,8,0,8,35
03/01/2012,ENW,WI,AGL,CE,Federal Contract Tower,0,5,17,0,22,0,0,68,0,68,0,5,85,0,90,116,0,116,206
03/02/2012,ENW,WI,AGL,CE,Federal Contract Tower,0,3,6,0,9,0,0,2,0,2,0,3,8,0,11,10,0,10,21
03/03/2012,ENW,WI,AGL,CE,Federal Contract Tower,0,1,8,0,9,0,0,13,0,13,0,1,21,0,22,56,0,56,78
03/04/2012,ENW,WI,AGL,CE,Federal Contract Tower,0,8,5,0,13,0,0,4,0,4,0,8,9,0,17,4,0,4,21
03/05/2012,ENW,WI,AGL,CE,Federal Contract Tower,0,7,14,0,21,0,0,62,0,62,0,7,76,0,83,48,0,48,131
03/06/2012,ENW,WI,AGL,CE,Federal Contract Tower,0,4,0,0,4,0,0,17,0,17,0,4,17,0,21,4,0,4,25
03/07/2012,ENW,WI,AGL,CE,Federal Contract Tower,0,1,1,0,2,0,0,0,0,0,0,1,1,0,2,0,0,0,2
03/08/2012,ENW,WI,AGL,CE,Federal Contract Tower,0,15,19,0,34,0,0,24,0,24,0,15,43,0,58,16,0,16,74
03/09/2012,ENW,WI,AGL,CE,Federal Contract Tower,0,4,23,0,27,0,0,92,0,92,0,4,115,0,119,135,0,135,254
03/10/2012,ENW,WI,AGL,CE,Federal Contract Tower,0,7,1,0,8,0,0,30,0,30,0,7,31,0,38,32,0,32,70
03/11/2012,ENW,WI,AGL,CE,Federal Contract Tower,0,9,21,0,30,0,0,101,0,101,0,9,122,0,131,192,0,192,323
03/12/2012,ENW,WI,AGL,CE,Federal Contract Tower,0,7,5,0,12,0,0,12,0,12,0,7,17,0,24,18,0,18,42
03/13/2012,ENW,WI,AGL,CE,Federal Contract Tower,0,3,15,0,18,0,0,81,0,81,0,3,96,0,99,84,0,84,183
03/14/2012,ENW,WI,AGL,CE,Federal Contract Tower,0,6,16,0,22,0,0,79,0,79,0,6,95,0,101,116,0,116,217
03/15/2012,ENW,WI,AGL,CE,Federal Contract Tower,0,8,10,0,18,0,0,57,0,57,0,8,67,0,75,114,0,114,189
03/16/2012,ENW,WI,AGL,CE,Federal Contract Tower,0,4,26,0,30,0,0,24,0,24,0,4,50,0,54,99,0,99,153
03/17/2012,ENW,WI,AGL,CE,Federal Contract Tower,0,5,22,0,27,0,0,77,0,77,0,5,99,0,104,136,0,136,240
03/18/2012,ENW,WI,AGL,CE,Federal Contract Tower,0,5,14,0,19,0,0,56,0,56,0,5,70,0,75,70,0,70,145
03/19/2012,ENW,WI,AGL,CE,Federal Contract Tower,0,4,8,0,12,0,3,46,0,49,0,7,54,0,61,76,0,76,137
03/20/2012,ENW,WI,AGL,CE,Federal Contract Tower,0,2,10,0,12,0,0,43,2,45,0,2,53,2,57,38,0,38,95
03/21/2012,ENW,WI,AGL,CE,Federal Contract Tower,0,2,9,0,11,0,0,73,0,73,0,2,82,0,84,148,0,148,232
03/22/2012,ENW,WI,AGL,CE,Federal Contract Tower,0,7,9,0,16,0,1,81,0,82,0,8,90,0,98,70,0,70,168
03/23/2012,ENW,WI,AGL,CE,Federal Contract Tower,0,14,7,0,21,0,0,0,0,0,0,14,7,0,21,8,0,8,29
03/24/2012,ENW,WI,AGL,CE,Federal Contract Tower,0,5,36,0,41,0,0,1,0,1,0,5,37,0,42,56,0,56,98
03/25/2012,ENW,WI,AGL,CE,Federal Contract Tower,0,4,27,0,31,0,1,59,0,60,0,5,86,0,91,40,0,40,131
03/26/2012,ENW,WI,AGL,CE,Federal Contract Tower,0,5,19,0,24,0,0,48,0,48,0,5,67,0,72,28,0,28,100
03/27/2012,ENW,WI,AGL,CE,Federal Contract Tower,0,0,3,0,3,0,0,16,0,16,0,0,19,0,19,0,0,0,19
03/28/2012,ENW,WI,AGL,CE,Federal Contract Tower,0,2,11,0,13,0,0,36,0,36,0,2,47,0,49,108,0,108,157
03/29/2012,ENW,WI,AGL,CE,Federal Contract Tower,0,3,13,0,16,0,0,51,0,51,0,3,64,0,67,124,0,124,191
03/30/2012,ENW,WI,AGL,CE,Federal Contract Tower,0,3,35,0,38,0,0,0,0,0,0,3,35,0,38,12,0,12,50
03/31/2012,ENW,WI,AGL,CE,Federal Contract Tower,0,4,28,0,32,0,0,23,0,23,0,4,51,0,55,112,0,112,167
04/01/2012,ENW,WI,AGL,CE,Federal Contract Tower,0,14,35,0,49,0,4,33,0,37,0,18,68,0,86,102,0,102,188
04/02/2012,ENW,WI,AGL,CE,Federal Contract Tower,0,5,10,0,15,0,0,40,2,42,0,5,50,2,57,92,0,92,149
04/03/2012,ENW,WI,AGL,CE,Federal Contract Tower,0,10,11,0,21,0,0,52,0,52,0,10,63,0,73,86,0,86,159
04/04/2012,ENW,WI,AGL,CE,Federal Contract Tower,0,6,20,0,26,0,0,71,0,71,0,6,91,0,97,96,0,96,193
04/05/2012,ENW,WI,AGL,CE,Federal Contract Tower,0,5,13,0,18,0,2,49,0,51,0,7,62,0,69,140,0,140,209
04/06/2012,ENW,WI,AGL,CE,Federal Contract Tower,0,1,30,0,31,0,0,76,0,76,0,1,106,0,107,88,0,88,195
04/07/2012,ENW,WI,AGL,CE,Federal Contract Tower,0,2,16,0,18,0,0,108,0,108,0,2,124,0,126,124,0,124,250
04/08/2012,ENW,WI,AGL,CE,Federal Contract Tower,0,4,0,0,4,0,0,17,0,17,0,4,17,0,21,6,0,6,27
04/09/2012,ENW,WI,AGL,CE,Federal Contract Tower,0,7,8,0,15,0,0,18,0,18,0,7,26,0,33,16,0,16,49
04/10/2012,ENW,WI,AGL,CE,Federal Contract Tower,0,9,15,0,24,0,0,62,0,62,0,9,77,0,86,60,0,60,146
04/11/2012,ENW,WI,AGL,CE,Federal Contract Tower,0,7,26,0,33,0,0,91,0,91,0,7,117,0,124,158,0,158,282
04/12/2012,ENW,WI,AGL,CE,Federal Contract Tower,0,9,52,0,61,0,5,118,0,123,0,14,170,0,184,108,0,108,292
04/13/2012,ENW,WI,AGL,CE,Federal Contract Tower,0,2,13,0,15,0,0,37,0,37,0,2,50,0,52,140,0,140,192
04/14/2012,ENW,WI,AGL,CE,Federal Contract Tower,0,5,12,0,17,0,0,43,0,43,0,5,55,0,60,100,0,100,160
04/15/2012,ENW,WI,AGL,CE,Federal Contract Tower,0,5,7,0,12,0,0,5,0,5,0,5,12,0,17,2,0,2,19
04/16/2012,ENW,WI,AGL,CE,Federal Contract Tower,0,6,1,0,7,0,0,3,0,3,0,6,4,0,10,0,0,0,10
04/17/2012,ENW,WI,AGL,CE,Federal Contract Tower,0,7,19,0,26,0,0,56,0,56,0,7,75,0,82,196,0,196,278
04/18/2012,ENW,WI,AGL,CE,Federal Contract Tower,0,7,14,0,21,0,0,50,0,50,0,7,64,0,71,74,0,74,145
04/19/2012,ENW,WI,AGL,CE,Federal Contract Tower,0,10,18,0,28,0,0,27,0,27,0,10,45,0,55,0,0,0,55
04/20/2012,ENW,WI,AGL,CE,Federal Contract Tower,0,8,10,0,18,0,0,10,0,10,0,8,20,0,28,0,0,0,28
04/21/2012,ENW,WI,AGL,CE,Federal Contract Tower,0,3,48,0,51,0,0,118,0,118,0,3,166,0,169,136,0,136,305
04/22/2012,ENW,WI,AGL,CE,Federal Contract Tower,0,4,10,0,14,0,0,49,0,49,0,4,59,0,63,46,0,46,109
04/23/2012,ENW,WI,AGL,CE,Federal Contract Tower,0,11,38,0,49,0,1,51,0,52,0,12,89,0,101,68,0,68,169
04/24/2012,ENW,WI,AGL,CE,Federal Contract Tower,0,8,11,0,19,0,0,78,0,78,0,8,89,0,97,68,0,68,165
04/25/2012,ENW,WI,AGL,CE,Federal Contract Tower,0,10,18,2,30,0,0,17,0,17,0,10,35,2,47,0,0,0,47
04/26/2012,ENW,WI,AGL,CE,Federal Contract Tower,0,1,27,0,28,0,0,83,0,83,0,1,110,0,111,144,0,144,255
04/27/2012,ENW,WI,AGL,CE,Federal Contract Tower,0,3,35,0,38,0,0,97,0,97,0,3,132,0,135,198,0,198,333
04/28/2012,ENW,WI,AGL,CE,Federal Contract Tower,0,1,16,0,17,0,0,7,0,7,0,1,23,0,24,4,0,4,28
04/29/2012,ENW,WI,AGL,CE,Federal Contract Tower,0,4,22,0,26,0,0,66,0,66,0,4,88,0,92,16,0,16,108
04/30/2012,ENW,WI,AGL,CE,Federal Contract Tower,0,14,35,0,49,0,4,33,0,37,0,18,68,0,86,102,0,102,188
05/01/2012,ENW,WI,AGL,CE,Federal Contract Tower,0,5,11,0,16,0,0,8,0,8,0,5,19,0,24,22,0,22,46
05/02/2012,ENW,WI,AGL,CE,Federal Contract Tower,0,3,7,0,10,0,0,54,0,54,0,3,61,0,64,84,0,84,148
05/03/2012,ENW,WI,AGL,CE,Federal Contract Tower,0,10,11,0,21,0,0,79,0,79,0,10,90,0,100,122,0,122,222
05/04/2012,ENW,WI,AGL,CE,Federal Contract Tower,0,6,20,0,26,0,0,7,0,7,0,6,27,0,33,0,0,0,33
05/05/2012,ENW,WI,AGL,CE,Federal Contract Tower,0,8,34,0,42,0,0,0,0,0,0,8,34,0,42,0,0,0,42
05/06/2012,ENW,WI,AGL,CE,Federal Contract Tower,0,7,6,0,13,0,0,3,0,3,0,7,9,0,16,0,0,0,16
05/07/2012,ENW,WI,AGL,CE,Federal Contract Tower,0,17,13,0,30,0,0,17,0,17,0,17,30,0,47,68,0,68,115
05/08/2012,ENW,WI,AGL,CE,Federal Contract Tower,0,8,22,0,30,0,1,67,0,68,0,9,89,0,98,116,0,116,214
05/09/2012,ENW,WI,AGL,CE,Federal Contract Tower,0,5,24,0,29,0,0,76,0,76,0,5,100,0,105,124,0,124,229
05/10/2012,ENW,WI,AGL,CE,Federal Contract Tower,0,14,19,0,33,0,0,125,0,125,0,14,144,0,158,104,0,104,262
05/11/2012,ENW,WI,AGL,CE,Federal Contract Tower,0,9,21,0,30,0,0,97,0,97,0,9,118,0,127,96,0,96,223
05/12/2012,ENW,WI,AGL,CE,Federal Contract Tower,0,7,28,0,35,0,0,101,0,101,0,7,129,0,136,114,0,114,250
05/13/2012,ENW,WI,AGL,CE,Federal Contract Tower,0,12,26,0,38,0,0,88,0,88,0,12,114,0,126,108,0,108,234
05/14/2012,ENW,WI,AGL,CE,Federal Contract Tower,0,8,19,0,27,0,2,61,0,63,0,10,80,0,90,138,0,138,228
05/15/2012,ENW,WI,AGL,CE,Federal Contract Tower,0,9,15,0,24,0,0,64,0,64,0,9,79,0,88,158,0,158,246
05/16/2012,ENW,WI,AGL,CE,Federal Contract Tower,0,6,22,0,28,0,0,99,0,99,0,6,121,0,127,178,0,178,305
05/17/2012,ENW,WI,AGL,CE,Federal Contract Tower,0,12,19,0,31,0,0,118,0,118,0,12,137,0,149,134,0,134,283
05/18/2012,ENW,WI,AGL,CE,Federal Contract Tower,0,7,25,0,32,0,0,77,0,77,0,7,102,0,109,92,0,92,201
05/19/2012,ENW,WI,AGL,CE,Federal Contract Tower,0,4,11,0,15,0,0,86,0,86,0,4,97,0,101,64,0,64,165
05/20/2012,ENW,WI,AGL,CE,Federal Contract Tower,0,11,13,0,24,0,0,53,0,53,0,11,66,0,77,32,0,32,109
05/21/2012,ENW,WI,AGL,CE,Federal Contract Tower,0,14,15,0,29,0,0,42,0,42,0,14,57,0,71,82,0,82,153
05/22/2012,ENW,WI,AGL,CE,Federal Contract Tower,0,7,18,0,25,0,0,84,0,84,0,7,102,0,109,158,0,158,267
05/23/2012,ENW,WI,AGL,CE,Federal Contract Tower,0,6,36,0,42,0,0,102,0,102,0,6,138,0,144,100,0,100,244
05/24/2012,ENW,WI,AGL,CE,Federal Contract Tower,0,5,11,0,16,0,0,55,0,55,0,5,66,0,71,58,0,58,129
05/25/2012,ENW,WI,AGL,CE,Federal Contract Tower,0,8,21,0,29,0,0,97,0,97,0,8,118,0,126,164,0,164,290
05/26/2012,ENW,WI,AGL,CE,Federal Contract Tower,0,0,5,0,5,0,0,40,0,40,0,0,45,0,45,42,0,42,87
05/27/2012,ENW,WI,AGL,CE,Federal Contract Tower,0,6,21,0,27,0,0,55,0,55,0,6,76,0,82,76,0,76,158
05/28/2012,ENW,WI,AGL,CE,Federal Contract Tower,0,2,11,0,13,0,0,28,0,28,0,2,39,0,41,28,0,28,69
05/29/2012,ENW,WI,AGL,CE,Federal Contract Tower,0,9,10,0,19,0,0,61,0,61,0,9,71,0,80,28,0,28,108
05/30/2012,ENW,WI,AGL,CE,Federal Contract Tower,0,5,32,0,37,0,0,89,0,89,0,5,121,0,126,106,0,106,232
05/31/2012,ENW,WI,AGL,CE,Federal Contract Tower,0,4,19,0,23,0,0,19,2,21,0,4,38,2,44,4,2,6,50
06/01/2012,ENW,WI,AGL,CE,Federal Contract Tower,0,13,19,0,32,0,0,61,0,61,0,13,80,0,93,86,0,86,179
06/02/2012,ENW,WI,AGL,CE,Federal Contract Tower,0,4,32,0,36,0,0,101,0,101,0,4,133,0,137,150,20,170,307
06/03/2012,ENW,WI,AGL,CE,Federal Contract Tower,0,10,19,0,29,0,0,88,0,88,0,10,107,0,117,50,0,50,167
06/04/2012,ENW,WI,AGL,CE,Federal Contract Tower,0,10,20,0,30,0,0,62,2,64,0,10,82,2,94,134,0,134,228
06/05/2012,ENW,WI,AGL,CE,Federal Contract Tower,0,2,22,0,24,0,2,73,0,75,0,4,95,0,99,76,0,76,175
06/06/2012,ENW,WI,AGL,CE,Federal Contract Tower,0,12,29,0,41,0,0,100,0,100,0,12,129,0,141,112,0,112,253
06/07/2012,ENW,WI,AGL,CE,Federal Contract Tower,0,10,26,0,36,0,0,125,0,125,0,10,151,0,161,188,0,188,349
06/08/2012,ENW,WI,AGL,CE,Federal Contract Tower,0,6,15,0,21,0,0,72,0,72,0,6,87,0,93,150,0,150,243
06/09/2012,ENW,WI,AGL,CE,Federal Contract Tower,0,3,11,0,14,0,0,116,0,116,0,3,127,0,130,90,0,90,220
06/10/2012,ENW,WI,AGL,CE,Federal Contract Tower,0,8,27,0,35,0,0,99,0,99,0,8,126,0,134,28,0,28,162
06/11/2012,ENW,WI,AGL,CE,Federal Contract Tower,0,7,10,0,17,0,1,29,0,30,0,8,39,0,47,48,0,48,95
06/12/2012,ENW,WI,AGL,CE,Federal Contract Tower,0,8,13,0,21,0,0,68,0,68,0,8,81,0,89,128,0,128,217
06/13/2012,ENW,WI,AGL,CE,Federal Contract Tower,0,12,8,0,20,0,0,93,0,93,0,12,101,0,113,128,0,128,241
06/14/2012,ENW,WI,AGL,CE,Federal Contract Tower,0,6,24,0,30,0,1,81,0,82,0,7,105,0,112,128,0,128,240
06/15/2012,ENW,WI,AGL,CE,Federal Contract Tower,0,3,26,0,29,0,0,80,0,80,0,3,106,0,109,86,0,86,195
06/16/2012,ENW,WI,AGL,CE,Federal Contract Tower,0,1,29,0,30,0,0,93,0,93,0,1,122,0,123,74,0,74,197
06/17/2012,ENW,WI,AGL,CE,Federal Contract Tower,0,9,21,0,30,0,0,119,0,119,0,9,140,0,149,108,0,108,257
06/18/2012,ENW,WI,AGL,CE,Federal Contract Tower,0,8,4,0,12,0,4,12,3,19,0,12,16,3,31,22,0,22,53
06/19/2012,ENW,WI,AGL,CE,Federal Contract Tower,0,9,6,0,15,0,0,38,1,39,0,9,44,1,54,28,0,28,82
06/20/2012,ENW,WI,AGL,CE,Federal Contract Tower,0,3,9,0,12,0,0,53,0,53,0,3,62,0,65,68,0,68,133
06/21/2012,ENW,WI,AGL,CE,Federal Contract Tower,0,33,7,0,40,0,0,89,0,89,0,33,96,0,129,80,0,80,209
06/22/2012,ENW,WI,AGL,CE,Federal Contract Tower,0,5,15,0,20,0,0,84,0,84,0,5,99,0,104,84,0,84,188
06/23/2012,ENW,WI,AGL,CE,Federal Contract Tower,0,2,6,0,8,0,0,108,0,108,0,2,114,0,116,224,0,224,340
06/24/2012,ENW,WI,AGL,CE,Federal Contract Tower,0,8,13,0,21,0,0,74,0,74,0,8,87,0,95,122,0,122,217
06/25/2012,ENW,WI,AGL,CE,Federal Contract Tower,0,7,21,0,28,0,0,79,0,79,0,7,100,0,107,110,0,110,217
06/26/2012,ENW,WI,AGL,CE,Federal Contract Tower,0,9,13,0,22,0,0,87,0,87,0,9,100,0,109,100,0,100,209
06/27/2012,ENW,WI,AGL,CE,Federal Contract Tower,0,11,9,0,20,0,3,83,0,86,0,14,92,0,106,76,0,76,182
06/28/2012,ENW,WI,AGL,CE,Federal Contract Tower,0,12,14,0,26,0,0,52,0,52,0,12,66,0,78,48,0,48,126
06/29/2012,ENW,WI,AGL,CE,Federal Contract Tower,0,9,8,0,17,0,0,83,2,85,0,9,91,2,102,76,0,76,178
06/30/2012,ENW,WI,AGL,CE,Federal Contract Tower,0,2,20,0,22,0,0,102,0,102,0,2,122,0,124,158,0,158,282
07/01/2012,ENW,WI,AGL,CE,Federal Contract Tower,0,7,11,0,18,0,0,48,0,48,0,7,59,0,66,10,0,10,76
07/02/2012,ENW,WI,AGL,CE,Federal Contract Tower,0,14,12,0,26,0,0,27,0,27,0,14,39,0,53,44,0,44,97
07/03/2012,ENW,WI,AGL,CE,Federal Contract Tower,0,6,10,0,16,0,0,27,0,27,0,6,37,0,43,70,0,70,113
07/04/2012,ENW,WI,AGL,CE,Federal Contract Tower,0,1,5,0,6,0,1,33,0,34,0,2,38,0,40,12,0,12,52
07/05/2012,ENW,WI,AGL,CE,Federal Contract Tower,0,10,9,0,19,0,1,53,2,56,0,11,62,2,75,16,0,16,91
07/06/2012,ENW,WI,AGL,CE,Federal Contract Tower,0,16,7,0,23,0,1,68,2,71,0,17,75,2,94,62,0,62,156
07/07/2012,ENW,WI,AGL,CE,Federal Contract Tower,0,7,14,0,21,0,0,234,1,235,0,7,248,1,256,74,0,74,330
07/08/2012,ENW,WI,AGL,CE,Federal Contract Tower,0,8,15,0,23,0,5,107,0,112,0,13,122,0,135,58,0,58,193
07/09/2012,ENW,WI,AGL,CE,Federal Contract Tower,0,6,4,0,10,0,0,45,0,45,0,6,49,0,55,50,0,50,105
07/10/2012,ENW,WI,AGL,CE,Federal Contract Tower,0,14,10,0,24,0,0,90,0,90,0,14,100,0,114,132,0,132,246
07/11/2012,ENW,WI,AGL,CE,Federal Contract Tower,0,25,14,0,39,0,1,88,0,89,0,26,102,0,128,52,0,52,180
07/12/2012,ENW,WI,AGL,CE,Federal Contract Tower,0,12,2,0,14,0,2,104,0,106,0,14,106,0,120,96,0,96,216
07/13/2012,ENW,WI,AGL,CE,Federal Contract Tower,0,7,17,0,24,0,0,75,0,75,0,7,92,0,99,54,0,54,153
07/14/2012,ENW,WI,AGL,CE,Federal Contract Tower,0,0,12,0,12,0,0,67,0,67,0,0,79,0,79,72,0,72,151
07/15/2012,ENW,WI,AGL,CE,Federal Contract Tower,0,9,11,0,20,0,0,62,0,62,0,9,73,0,82,34,0,34,116
07/16/2012,ENW,WI,AGL,CE,Federal Contract Tower,0,10,15,0,25,0,0,60,0,60,0,10,75,0,85,42,0,42,127
07/17/2012,ENW,WI,AGL,CE,Federal Contract Tower,0,7,5,0,12,0,0,70,0,70,0,7,75,0,82,132,0,132,214
07/18/2012,ENW,WI,AGL,CE,Federal Contract Tower,0,8,17,0,25,0,0,73,0,73,0,8,90,0,98,66,0,66,164
07/19/2012,ENW,WI,AGL,CE,Federal Contract Tower,0,9,26,0,35,0,0,43,0,43,0,9,69,0,78,10,0,10,88
07/20/2012,ENW,WI,AGL,CE,Federal Contract Tower,0,7,6,0,13,0,0,91,0,91,0,7,97,0,104,122,0,122,226
07/21/2012,ENW,WI,AGL,CE,Federal Contract Tower,0,8,29,0,37,0,0,40,0,40,0,8,69,0,77,196,0,196,273
07/22/2012,ENW,WI,AGL,CE,Federal Contract Tower,0,11,15,0,26,0,0,135,0,135,0,11,150,0,161,68,0,68,229
07/23/2012,ENW,WI,AGL,CE,Federal Contract Tower,0,8,27,0,35,0,0,51,0,51,0,8,78,0,86,40,0,40,126
07/24/2012,ENW,WI,AGL,CE,Federal Contract Tower,0,8,7,0,15,0,1,61,0,62,0,9,68,0,77,30,0,30,107
07/25/2012,ENW,WI,AGL,CE,Federal Contract Tower,0,16,6,0,22,0,0,33,0,33,0,16,39,0,55,16,0,16,71
07/26/2012,ENW,WI,AGL,CE,Federal Contract Tower,0,13,4,0,17,0,6,67,0,73,0,19,71,0,90,30,0,30,120
07/27/2012,ENW,WI,AGL,CE,Federal Contract Tower,0,8,13,0,21,0,0,62,0,62,0,8,75,0,83,8,0,8,91
07/28/2012,ENW,WI,AGL,CE,Federal Contract Tower,0,7,8,0,15,0,0,100,0,100,0,7,108,0,115,106,0,106,221
07/29/2012,ENW,WI,AGL,CE,Federal Contract Tower,0,16,26,0,42,0,0,80,0,80,0,16,106,0,122,58,62,120,242
07/30/2012,ENW,WI,AGL,CE,Federal Contract Tower,0,4,17,0,21,0,0,62,0,62,0,4,79,0,83,66,0,66,149
07/31/2012,ENW,WI,AGL,CE,Federal Contract Tower,0,7,18,0,25,0,0,97,0,97,0,7,115,0,122,98,0,98,220
08/01/2012,ENW,WI,AGL,CE,Federal Contract Tower,0,11,12,0,23,0,0,87,0,87,0,11,99,0,110,52,0,52,162
08/02/2012,ENW,WI,AGL,CE,Federal Contract Tower,0,11,12,0,23,0,0,92,0,92,0,11,104,0,115,94,0,94,209
08/03/2012,ENW,WI,AGL,CE,Federal Contract Tower,0,10,21,0,31,0,0,66,0,66,0,10,87,0,97,40,0,40,137
08/04/2012,ENW,WI,AGL,CE,Federal Contract Tower,0,6,20,0,26,0,0,73,0,73,0,6,93,0,99,68,0,68,167
08/05/2012,ENW,WI,AGL,CE,Federal Contract Tower,0,7,22,0,29,0,0,58,2,60,0,7,80,2,89,0,2,2,91
08/06/2012,ENW,WI,AGL,CE,Federal Contract Tower,0,8,26,0,34,0,0,64,0,64,0,8,90,0,98,46,0,46,144
08/07/2012,ENW,WI,AGL,CE,Federal Contract Tower,0,13,8,0,21,0,0,71,0,71,0,13,79,0,92,68,0,68,160
08/08/2012,ENW,WI,AGL,CE,Federal Contract Tower,0,7,12,0,19,0,0,92,0,92,0,7,104,0,111,10,0,10,121
08/09/2012,ENW,WI,AGL,CE,Federal Contract Tower,0,11,4,0,15,0,0,46,0,46,0,11,50,0,61,62,0,62,123
08/10/2012,ENW,WI,AGL,CE,Federal Contract Tower,0,7,5,0,12,0,2,65,0,67,0,9,70,0,79,34,0,34,113
08/11/2012,ENW,WI,AGL,CE,Federal Contract Tower,0,8,28,0,36,0,0,105,0,105,0,8,133,0,141,78,0,78,219
08/12/2012,ENW,WI,AGL,CE,Federal Contract Tower,0,15,10,0,25,0,0,62,0,62,0,15,72,0,87,98,0,98,185
08/13/2012,ENW,WI,AGL,CE,Federal Contract Tower,0,10,17,0,27,0,0,6,0,6,0,10,23,0,33,12,0,12,45
08/14/2012,ENW,WI,AGL,CE,Federal Contract Tower,0,12,17,0,29,0,0,80,0,80,0,12,97,0,109,24,0,24,133
08/15/2012,ENW,WI,AGL,CE,Federal Contract Tower,0,25,9,0,34,0,0,73,0,73,0,25,82,0,107,64,0,64,171
08/16/2012,ENW,WI,AGL,CE,Federal Contract Tower,0,9,10,0,19,0,2,29,0,31,0,11,39,0,50,20,0,20,70
08/17/2012,ENW,WI,AGL,CE,Federal Contract Tower,0,8,17,0,25,0,0,108,0,108,0,8,125,0,133,98,0,98,231
08/18/2012,ENW,WI,AGL,CE,Federal Contract Tower,0,14,18,0,32,0,0,106,2,108,0,14,124,2,140,130,54,184,324
08/19/2012,ENW,WI,AGL,CE,Federal Contract Tower,0,9,7,0,16,0,0,65,0,65,0,9,72,0,81,78,0,78,159
08/20/2012,ENW,WI,AGL,CE,Federal Contract Tower,0,6,14,0,20,0,0,27,0,27,0,6,41,0,47,36,0,36,83
08/21/2012,ENW,WI,AGL,CE,Federal Contract Tower,0,5,22,0,27,0,0,100,0,100,0,5,122,0,127,118,0,118,245
08/22/2012,ENW,WI,AGL,CE,Federal Contract Tower,0,13,19,0,32,0,0,101,0,101,0,13,120,0,133,58,0,58,191
08/23/2012,ENW,WI,AGL,CE,Federal Contract Tower,0,6,13,0,19,0,0,83,0,83,0,6,96,0,102,60,0,60,162
08/24/2012,ENW,WI,AGL,CE,Federal Contract Tower,0,3,16,0,19,0,0,88,0,88,0,3,104,0,107,60,0,60,167
08/25/2012,ENW,WI,AGL,CE,Federal Contract Tower,0,3,10,0,13,0,0,83,0,83,0,3,93,0,96,122,0,122,218
08/26/2012,ENW,WI,AGL,CE,Federal Contract Tower,0,7,16,0,23,0,1,26,0,27,0,8,42,0,50,34,0,34,84
08/27/2012,ENW,WI,AGL,CE,Federal Contract Tower,0,8,14,0,22,0,0,53,0,53,0,8,67,0,75,36,0,36,111
08/28/2012,ENW,WI,AGL,CE,Federal Contract Tower,0,7,14,0,21,0,0,88,0,88,0,7,102,0,109,80,0,80,189
08/29/2012,ENW,WI,AGL,CE,Federal Contract Tower,0,6,16,0,22,0,0,92,0,92,0,6,108,0,114,88,0,88,202
08/30/2012,ENW,WI,AGL,CE,Federal Contract Tower,0,7,8,0,15,0,0,59,0,59,0,7,67,0,74,22,0,22,96
08/31/2012,ENW,WI,AGL,CE,Federal Contract Tower,0,8,13,0,21,0,0,128,0,128,0,8,141,0,149,158,0,158,307
09/01/2012,ENW,WI,AGL,CE,Federal Contract Tower,0,2,10,0,12,0,0,46,0,46,0,2,56,0,58,34,0,34,92
09/02/2012,ENW,WI,AGL,CE,Federal Contract Tower,0,5,19,0,24,0,1,30,0,31,0,6,49,0,55,0,0,0,55
09/03/2012,ENW,WI,AGL,CE,Federal Contract Tower,0,16,15,0,31,0,0,68,0,68,0,16,83,0,99,60,0,60,159
09/04/2012,ENW,WI,AGL,CE,Federal Contract Tower,0,6,15,0,21,0,0,22,0,22,0,6,37,0,43,46,0,46,89
09/05/2012,ENW,WI,AGL,CE,Federal Contract Tower,0,15,5,0,20,0,0,56,0,56,0,15,61,0,76,64,0,64,140
09/06/2012,ENW,WI,AGL,CE,Federal Contract Tower,0,16,17,0,33,0,0,69,0,69,0,16,86,0,102,88,0,88,190
09/07/2012,ENW,WI,AGL,CE,Federal Contract Tower,0,12,8,0,20,0,0,44,2,46,0,12,52,2,66,16,0,16,82
09/08/2012,ENW,WI,AGL,CE,Federal Contract Tower,0,3,6,0,9,0,0,83,0,83,0,3,89,0,92,58,0,58,150
09/09/2012,ENW,WI,AGL,CE,Federal Contract Tower,0,9,13,0,22,0,0,105,0,105,0,9,118,0,127,74,0,74,201
09/10/2012,ENW,WI,AGL,CE,Federal Contract Tower,0,13,3,0,16,0,0,32,0,32,0,13,35,0,48,74,0,74,122
09/11/2012,ENW,WI,AGL,CE,Federal Contract Tower,0,16,5,0,21,0,0,22,0,22,0,16,27,0,43,10,0,10,53
09/12/2012,ENW,WI,AGL,CE,Federal Contract Tower,0,7,21,0,28,0,0,68,0,68,0,7,89,0,96,84,0,84,180
09/13/2012,ENW,WI,AGL,CE,Federal Contract Tower,0,6,20,0,26,0,0,23,0,23,0,6,43,0,49,18,0,18,67
09/14/2012,ENW,WI,AGL,CE,Federal Contract Tower,0,6,22,0,28,0,0,104,0,104,0,6,126,0,132,68,0,68,200
09/15/2012,ENW,WI,AGL,CE,Federal Contract Tower,0,4,27,0,31,0,0,83,0,83,0,4,110,0,114,24,0,24,138
09/16/2012,ENW,WI,AGL,CE,Federal Contract Tower,0,14,17,0,31,0,0,96,0,96,0,14,113,0,127,132,0,132,259
09/17/2012,ENW,WI,AGL,CE,Federal Contract Tower,0,5,9,0,14,0,0,13,0,13,0,5,22,0,27,46,0,46,73
09/18/2012,ENW,WI,AGL,CE,Federal Contract Tower,0,10,11,0,21,0,0,43,0,43,0,10,54,0,64,18,0,18,82
09/19/2012,ENW,WI,AGL,CE,Federal Contract Tower,0,25,15,1,41,0,0,26,0,26,0,25,41,1,67,16,0,16,83
09/20/2012,ENW,WI,AGL,CE,Federal Contract Tower,0,8,7,0,15,0,0,65,0,65,0,8,72,0,80,62,0,62,142
09/21/2012,ENW,WI,AGL,CE,Federal Contract Tower,0,4,10,0,14,0,0,26,0,26,0,4,36,0,40,60,0,60,100
09/22/2012,ENW,WI,AGL,CE,Federal Contract Tower,0,3,6,0,9,0,0,18,0,18,0,3,24,0,27,30,0,30,57
09/23/2012,ENW,WI,AGL,CE,Federal Contract Tower,0,5,14,0,19,0,0,67,0,67,0,5,81,0,86,72,0,72,158
09/24/2012,ENW,WI,AGL,CE,Federal Contract Tower,0,3,5,0,8,0,0,34,0,34,0,3,39,0,42,38,0,38,80
09/25/2012,ENW,WI,AGL,CE,Federal Contract Tower,0,1,9,1,11,0,0,65,0,65,0,1,74,1,76,0,0,0,76
09/26/2012,ENW,WI,AGL,CE,Federal Contract Tower,0,6,21,0,27,0,0,74,0,74,0,6,95,0,101,74,0,74,175
09/27/2012,ENW,WI,AGL,CE,Federal Contract Tower,0,7,13,0,20,0,0,62,0,62,0,7,75,0,82,46,0,46,128
09/28/2012,ENW,WI,AGL,CE,Federal Contract Tower,0,6,23,0,29,0,0,84,0,84,0,6,107,0,113,70,0,70,183
09/29/2012,ENW,WI,AGL,CE,Federal Contract Tower,0,0,21,0,21,0,0,134,0,134,0,0,155,0,155,178,0,178,333
09/30/2012,ENW,WI,AGL,CE,Federal Contract Tower,0,10,3,0,13,0,0,54,0,54,0,10,57,0,67,134,0,134,201
10/01/2012,ENW,WI,AGL,CE,Federal Contract Tower,0,6,13,0,19,0,0,56,0,56,0,6,69,0,75,80,0,80,155
10/02/2012,ENW,WI,AGL,CE,Federal Contract Tower,0,4,11,0,15,0,0,62,0,62,0,4,73,0,77,56,0,56,133
10/03/2012,ENW,WI,AGL,CE,Federal Contract Tower,0,2,9,0,11,0,0,27,0,27,0,2,36,0,38,82,0,82,120
10/04/2012,ENW,WI,AGL,CE,Federal Contract Tower,0,10,12,1,23,0,0,51,0,51,0,10,63,1,74,40,0,40,114
10/05/2012,ENW,WI,AGL,CE,Federal Contract Tower,0,8,8,0,16,0,0,46,0,46,0,8,54,0,62,70,0,70,132
10/06/2012,ENW,WI,AGL,CE,Federal Contract Tower,0,2,7,0,9,0,0,56,0,56,0,2,63,0,65,50,0,50,115
10/07/2012,ENW,WI,AGL,CE,Federal Contract Tower,0,6,11,0,17,0,2,57,0,59,0,8,68,0,76,52,0,52,128
10/08/2012,ENW,WI,AGL,CE,Federal Contract Tower,0,5,14,0,19,0,22,0,0,22,0,27,14,0,41,16,0,16,57
10/09/2012,ENW,WI,AGL,CE,Federal Contract Tower,0,9,2,0,11,0,0,13,0,13,0,9,15,0,24,60,0,60,84
10/10/2012,ENW,WI,AGL,CE,Federal Contract Tower,0,6,14,0,20,0,0,38,0,38,0,6,52,0,58,0,4,4,62
10/11/2012,ENW,WI,AGL,CE,Federal Contract Tower,0,5,2,0,7,0,1,33,0,34,0,6,35,0,41,16,0,16,57
10/12/2012,ENW,WI,AGL,CE,Federal Contract Tower,0,3,7,0,10,0,0,81,0,81,0,3,88,0,91,89,0,89,180
10/13/2012,ENW,WI,AGL,CE,Federal Contract Tower,0,4,11,0,15,0,0,13,0,13,0,4,24,0,28,22,0,22,50
10/14/2012,ENW,WI,AGL,CE,Federal Contract Tower,0,6,3,0,9,0,0,1,0,1,0,6,4,0,10,0,0,0,10
10/15/2012,ENW,WI,AGL,CE,Federal Contract Tower,0,15,25,0,40,0,0,75,0,75,0,15,100,0,115,118,0,118,233
10/16/2012,ENW,WI,AGL,CE,Federal Contract Tower,0,8,2,0,10,0,0,61,0,61,0,8,63,0,71,44,0,44,115
10/17/2012,ENW,WI,AGL,CE,Federal Contract Tower,0,9,13,0,22,0,0,51,0,51,0,9,64,0,73,22,0,22,95
10/18/2012,ENW,WI,AGL,CE,Federal Contract Tower,0,19,8,0,27,0,0,27,0,27,0,19,35,0,54,58,0,58,112
10/19/2012,ENW,WI,AGL,CE,Federal Contract Tower,0,10,24,0,34,0,0,33,0,33,0,10,57,0,67,36,0,36,103
10/20/2012,ENW,WI,AGL,CE,Federal Contract Tower,0,2,6,2,10,0,0,101,0,101,0,2,107,2,111,182,0,182,293
10/21/2012,ENW,WI,AGL,CE,Federal Contract Tower,0,9,27,0,36,0,0,117,0,117,0,9,144,0,153,125,0,125,278
10/22/2012,ENW,WI,AGL,CE,Federal Contract Tower,0,8,5,0,13,0,0,13,0,13,0,8,18,0,26,26,0,26,52
10/23/2012,ENW,WI,AGL,CE,Federal Contract Tower,0,5,7,0,12,0,0,0,0,0,0,5,7,0,12,0,0,0,12
10/24/2012,ENW,WI,AGL,CE,Federal Contract Tower,0,11,15,0,26,0,0,84,3,87,0,11,99,3,113,82,0,82,195
10/25/2012,ENW,WI,AGL,CE,Federal Contract Tower,0,8,2,0,10,0,0,11,0,11,0,8,13,0,21,6,0,6,27
10/26/2012,ENW,WI,AGL,CE,Federal Contract Tower,0,13,13,0,26,0,0,89,13,102,0,13,102,13,128,136,0,136,264
10/27/2012,ENW,WI,AGL,CE,Federal Contract Tower,0,3,31,0,34,0,0,91,0,91,0,3,122,0,125,122,0,122,247
10/28/2012,ENW,WI,AGL,CE,Federal Contract Tower,0,11,15,0,26,0,0,72,0,72,0,11,87,0,98,112,0,112,210
10/29/2012,ENW,WI,AGL,CE,Federal Contract Tower,0,12,2,0,14,0,0,30,0,30,0,12,32,0,44,50,0,50,94
10/30/2012,ENW,WI,AGL,CE,Federal Contract Tower,0,4,2,0,6,0,2,1,0,3,0,6,3,0,9,0,0,0,9
10/31/2012,ENW,WI,AGL,CE,Federal Contract Tower,0,7,6,0,13,0,0,46,0,46,0,7,52,0,59,72,0,72,131
11/01/2012,ENW,WI,AGL,CE,Federal Contract Tower,0,12,11,0,23,0,0,70,0,70,0,12,81,0,93,62,0,62,155
11/02/2012,ENW,WI,AGL,CE,Federal Contract Tower,0,6,19,0,25,0,0,112,0,112,0,6,131,0,137,174,0,174,311
11/03/2012,ENW,WI,AGL,CE,Federal Contract Tower,0,3,4,0,7,0,0,59,0,59,0,3,63,0,66,60,0,60,126
11/04/2012,ENW,WI,AGL,CE,Federal Contract Tower,0,5,23,0,28,0,0,70,0,70,0,5,93,0,98,88,0,88,186
11/05/2012,ENW,WI,AGL,CE,Federal Contract Tower,0,9,12,0,21,0,0,50,0,50,0,9,62,0,71,40,0,40,111
11/06/2012,ENW,WI,AGL,CE,Federal Contract Tower,0,8,7,0,15,0,0,10,0,10,0,8,17,0,25,38,0,38,63
11/07/2012,ENW,WI,AGL,CE,Federal Contract Tower,0,15,11,0,26,0,0,13,0,13,0,15,24,0,39,118,0,118,157
11/08/2012,ENW,WI,AGL,CE,Federal Contract Tower,0,6,5,0,11,0,0,61,0,61,0,6,66,0,72,116,0,116,188
11/09/2012,ENW,WI,AGL,CE,Federal Contract Tower,0,6,42,0,48,0,0,56,0,56,0,6,98,0,104,106,0,106,210
11/10/2012,ENW,WI,AGL,CE,Federal Contract Tower,0,4,17,0,21,0,0,44,0,44,0,4,61,0,65,116,0,116,181
11/11/2012,ENW,WI,AGL,CE,Federal Contract Tower,0,4,11,0,15,0,0,13,0,13,0,4,24,0,28,16,0,16,44
11/12/2012,ENW,WI,AGL,CE,Federal Contract Tower,0,14,7,0,21,0,6,22,0,28,0,20,29,0,49,44,0,44,93
11/13/2012,ENW,WI,AGL,CE,Federal Contract Tower,0,5,13,0,18,0,6,56,0,62,0,11,69,0,80,44,0,44,124
11/14/2012,ENW,WI,AGL,CE,Federal Contract Tower,0,7,10,0,17,0,0,66,0,66,0,7,76,0,83,90,0,90,173
11/15/2012,ENW,WI,AGL,CE,Federal Contract Tower,0,14,17,0,31,0,0,75,0,75,0,14,92,0,106,144,0,144,250
11/16/2012,ENW,WI,AGL,CE,Federal Contract Tower,0,6,8,0,14,0,0,55,0,55,0,6,63,0,69,118,0,118,187
11/17/2012,ENW,WI,AGL,CE,Federal Contract Tower,0,5,22,0,27,0,0,103,0,103,0,5,125,0,130,172,0,172,302
11/18/2012,ENW,WI,AGL,CE,Federal Contract Tower,0,7,14,0,21,0,2,59,0,61,0,9,73,0,82,64,0,64,146
11/19/2012,ENW,WI,AGL,CE,Federal Contract Tower,0,3,8,0,11,0,0,36,0,36,0,3,44,0,47,82,0,82,129
11/20/2012,ENW,WI,AGL,CE,Federal Contract Tower,0,5,28,0,33,0,0,9,0,9,0,5,37,0,42,12,0,12,54
11/21/2012,ENW,WI,AGL,CE,Federal Contract Tower,0,10,18,0,28,0,0,63,0,63,0,10,81,0,91,78,0,78,169
11/22/2012,ENW,WI,AGL,CE,Federal Contract Tower,0,1,4,0,5,0,0,13,0,13,0,1,17,0,18,0,0,0,18
11/23/2012,ENW,WI,AGL,CE,Federal Contract Tower,0,2,2,0,4,0,0,7,0,7,0,2,9,0,11,12,0,12,23
11/24/2012,ENW,WI,AGL,CE,Federal Contract Tower,0,5,8,0,13,0,1,93,0,94,0,6,101,0,107,116,0,116,223
11/25/2012,ENW,WI,AGL,CE,Federal Contract Tower,0,8,15,0,23,0,0,48,0,48,0,8,63,0,71,56,0,56,127
11/26/2012,ENW,WI,AGL,CE,Federal Contract Tower,0,11,3,0,14,0,0,30,2,32,0,11,33,2,46,106,0,106,152
11/27/2012,ENW,WI,AGL,CE,Federal Contract Tower,0,4,11,0,15,0,1,53,0,54,0,5,64,0,69,54,0,54,123
11/28/2012,ENW,WI,AGL,CE,Federal Contract Tower,0,8,7,0,15,0,0,91,0,91,0,8,98,0,106,138,0,138,244
11/29/2012,ENW,WI,AGL,CE,Federal Contract Tower,0,8,7,0,15,0,2,84,0,86,0,10,91,0,101,136,0,136,237
11/30/2012,ENW,WI,AGL,CE,Federal Contract Tower,0,9,6,0,15,0,0,52,0,52,0,9,58,0,67,80,0,80,147
12/01/2012,ENW,WI,AGL,CE,Federal Contract Tower,0,3,25,0,28,0,0,54,0,54,0,3,79,0,82,118,0,118,200
12/02/2012,ENW,WI,AGL,CE,Federal Contract Tower,0,5,16,0,21,0,0,31,0,31,0,5,47,0,52,26,0,26,78
12/03/2012,ENW,WI,AGL,CE,Federal Contract Tower,0,10,14,0,24,0,0,24,0,24,0,10,38,0,48,54,0,54,102
12/04/2012,ENW,WI,AGL,CE,Federal Contract Tower,0,14,5,0,19,0,11,66,0,77,0,25,71,0,96,122,0,122,218
12/05/2012,ENW,WI,AGL,CE,Federal Contract Tower,0,12,13,0,25,0,2,64,0,66,0,14,77,0,91,100,0,100,191
12/06/2012,ENW,WI,AGL,CE,Federal Contract Tower,0,13,2,0,15,0,2,35,0,37,0,15,37,0,52,16,0,16,68
12/07/2012,ENW,WI,AGL,CE,Federal Contract Tower,0,9,15,0,24,0,0,65,0,65,0,9,80,0,89,94,0,94,183
12/08/2012,ENW,WI,AGL,CE,Federal Contract Tower,0,6,8,0,14,0,0,24,0,24,0,6,32,0,38,30,0,30,68
12/09/2012,ENW,WI,AGL,CE,Federal Contract Tower,0,11,5,0,16,0,0,0,0,0,0,11,5,0,16,0,0,0,16
12/10/2012,ENW,WI,AGL,CE,Federal Contract Tower,0,19,0,0,19,0,0,17,0,17,0,19,17,0,36,26,0,26,62
12/11/2012,ENW,WI,AGL,CE,Federal Contract Tower,0,14,24,0,38,0,1,60,0,61,0,15,84,0,99,90,0,90,189
12/12/2012,ENW,WI,AGL,CE,Federal Contract Tower,0,19,9,0,28,0,0,70,0,70,0,19,79,0,98,52,0,52,150
12/13/2012,ENW,WI,AGL,CE,Federal Contract Tower,0,13,21,0,34,0,3,54,0,57,0,16,75,0,91,32,0,32,123
12/14/2012,ENW,WI,AGL,CE,Federal Contract Tower,0,8,8,0,16,0,0,70,0,70,0,8,78,0,86,108,0,108,194
12/15/2012,ENW,WI,AGL,CE,Federal Contract Tower,0,2,11,0,13,0,0,9,0,9,0,2,20,0,22,42,0,42,64
12/16/2012,ENW,WI,AGL,CE,Federal Contract Tower,0,6,12,0,18,0,0,8,0,8,0,6,20,0,26,86,0,86,112
12/17/2012,ENW,WI,AGL,CE,Federal Contract Tower,0,10,7,0,17,0,0,23,0,23,0,10,30,0,40,48,0,48,88
12/18/2012,ENW,WI,AGL,CE,Federal Contract Tower,0,10,6,0,16,0,0,1,0,1,0,10,7,0,17,20,0,20,37
12/19/2012,ENW,WI,AGL,CE,Federal Contract Tower,0,7,2,0,9,0,0,35,0,35,0,7,37,0,44,122,0,122,166
12/20/2012,ENW,WI,AGL,CE,Federal Contract Tower,0,5,1,0,6,0,0,0,0,0,0,5,1,0,6,0,0,0,6
12/21/2012,ENW,WI,AGL,CE,Federal Contract Tower,0,10,1,0,11,0,0,7,0,7,0,10,8,0,18,22,0,22,40
12/22/2012,ENW,WI,AGL,CE,Federal Contract Tower,0,11,16,0,27,0,0,57,0,57,0,11,73,0,84,98,0,98,182
12/23/2012,ENW,WI,AGL,CE,Federal Contract Tower,0,4,10,0,14,0,0,20,0,20,0,4,30,0,34,114,0,114,148
12/24/2012,ENW,WI,AGL,CE,Federal Contract Tower,0,0,4,0,4,0,0,6,0,6,0,0,10,0,10,14,0,14,24
12/25/2012,ENW,WI,AGL,CE,Federal Contract Tower,0,0,10,0,10,0,0,8,0,8,0,0,18,0,18,0,0,0,18
12/26/2012,ENW,WI,AGL,CE,Federal Contract Tower,0,15,4,0,19,0,0,1,0,1,0,15,5,0,20,26,0,26,46
12/27/2012,ENW,WI,AGL,CE,Federal Contract Tower,0,13,19,0,32,0,0,37,0,37,0,13,56,0,69,56,0,56,125
12/28/2012,ENW,WI,AGL,CE,Federal Contract Tower,0,9,6,0,15,0,0,3,0,3,0,9,9,0,18,8,0,8,26
12/29/2012,ENW,WI,AGL,CE,Federal Contract Tower,0,4,2,0,6,0,0,14,0,14,0,4,16,0,20,48,0,48,68
12/30/2012,ENW,WI,AGL,CE,Federal Contract Tower,0,6,28,0,34,0,0,87,0,87,0,6,115,0,121,126,0,126,247
12/31/2012,ENW,WI,AGL,CE,Federal Contract Tower,0,2,5,0,7,0,0,37,0,37,0,2,42,0,44,60,0,60,104
01/01/2013,ENW,WI,AGL,CE,Federal Contract Tower,0,0,19,0,19,0,0,19,0,19,0,0,38,0,38,0,0,0,38
01/02/2013,ENW,WI,AGL,CE,Federal Contract Tower,0,3,8,0,11,0,0,71,0,71,0,3,79,0,82,112,0,112,194
01/03/2013,ENW,WI,AGL,CE,Federal Contract Tower,0,6,7,1,14,0,0,51,2,53,0,6,58,3,67,64,0,64,131
01/04/2013,ENW,WI,AGL,CE,Federal Contract Tower,0,4,4,0,8,0,0,61,0,61,0,4,65,0,69,42,0,42,111
01/05/2013,ENW,WI,AGL,CE,Federal Contract Tower,0,9,34,0,43,0,0,78,0,78,0,9,112,0,121,202,0,202,323
01/06/2013,ENW,WI,AGL,CE,Federal Contract Tower,0,10,3,0,13,0,0,40,0,40,0,10,43,0,53,54,0,54,107
01/07/2013,ENW,WI,AGL,CE,Federal Contract Tower,0,11,8,0,19,0,0,27,0,27,0,11,35,0,46,0,0,0,46
01/08/2013,ENW,WI,AGL,CE,Federal Contract Tower,0,14,6,0,20,0,0,78,0,78,0,14,84,0,98,64,0,64,162
01/09/2013,ENW,WI,AGL,CE,Federal Contract Tower,0,5,11,0,16,0,0,85,0,85,0,5,96,0,101,76,0,76,177
01/10/2013,ENW,WI,AGL,CE,Federal Contract Tower,0,14,4,0,18,0,0,66,0,66,0,14,70,0,84,116,0,116,200
01/11/2013,ENW,WI,AGL,CE,Federal Contract Tower,0,4,7,0,11,0,0,4,0,4,0,4,11,0,15,40,0,40,55
01/12/2013,ENW,WI,AGL,CE,Federal Contract Tower,0,7,35,0,42,0,0,46,0,46,0,7,81,0,88,150,0,150,238
01/13/2013,ENW,WI,AGL,CE,Federal Contract Tower,0,3,0,0,3,0,0,13,0,13,0,3,13,0,16,6,0,6,22
01/14/2013,ENW,WI,AGL,CE,Federal Contract Tower,0,15,12,0,27,0,0,13,0,13,0,15,25,0,40,4,0,4,44
01/15/2013,ENW,WI,AGL,CE,Federal Contract Tower,0,7,12,0,19,0,0,76,0,76,0,7,88,0,95,58,0,58,153
01/16/2013,ENW,WI,AGL,CE,Federal Contract Tower,0,12,5,0,17,0,0,46,0,46,0,12,51,0,63,42,0,42,105
01/17/2013,ENW,WI,AGL,CE,Federal Contract Tower,0,7,12,0,19,0,0,59,0,59,0,7,71,0,78,64,0,64,142
01/18/2013,ENW,WI,AGL,CE,Federal Contract Tower,0,11,10,0,21,0,0,39,0,39,0,11,49,0,60,0,0,0,60
01/19/2013,ENW,WI,AGL,CE,Federal Contract Tower,0,4,8,0,12,0,0,36,0,36,0,4,44,0,48,74,0,74,122
01/20/2013,ENW,WI,AGL,CE,Federal Contract Tower,0,4,17,0,21,0,0,27,0,27,0,4,44,0,48,40,0,40,88
01/21/2013,ENW,WI,AGL,CE,Federal Contract Tower,0,12,9,0,21,0,0,12,0,12,0,12,21,0,33,0,0,0,33
01/22/2013,ENW,WI,AGL,CE,Federal Contract Tower,0,11,4,0,15,0,1,43,0,44,0,12,47,0,59,42,0,42,101
01/23/2013,ENW,WI,AGL,CE,Federal Contract Tower,0,10,5,0,15,0,0,18,0,18,0,10,23,0,33,26,0,26,59
01/24/2013,ENW,WI,AGL,CE,Federal Contract Tower,0,6,6,0,12,0,0,30,0,30,0,6,36,0,42,48,0,48,90
01/25/2013,ENW,WI,AGL,CE,Federal Contract Tower,0,11,22,0,33,0,0,14,0,14,0,11,36,0,47,38,0,38,85
01/26/2013,ENW,WI,AGL,CE,Federal Contract Tower,0,4,10,0,14,0,0,69,1,70,0,4,79,1,84,154,0,154,238
01/27/2013,ENW,WI,AGL,CE,Federal Contract Tower,0,2,0,0,2,0,0,6,0,6,0,2,6,0,8,24,0,24,32
01/28/2013,ENW,WI,AGL,CE,Federal Contract Tower,0,7,15,0,22,0,0,12,0,12,0,7,27,0,34,24,0,24,58
01/29/2013,ENW,WI,AGL,CE,Federal Contract Tower,0,4,4,0,8,0,0,14,0,14,0,4,18,0,22,22,0,22,44
01/30/2013,ENW,WI,AGL,CE,Federal Contract Tower,0,9,2,0,11,0,0,0,0,0,0,9,2,0,11,0,0,0,11
01/31/2013,ENW,WI,AGL,CE,Federal Contract Tower,0,16,28,0,44,0,0,10,0,10,0,16,38,0,54,0,0,0,54
02/01/2013,ENW,WI,AGL,CE,Federal Contract Tower,0,7,10,0,17,0,0,22,0,22,0,7,32,0,39,30,0,30,69
02/02/2013,ENW,WI,AGL,CE,Federal Contract Tower,0,2,10,0,12,0,0,36,0,36,0,2,46,0,48,54,0,54,102
02/03/2013,ENW,WI,AGL,CE,Federal Contract Tower,0,4,13,0,17,0,0,14,0,14,0,4,27,0,31,42,0,42,73
02/04/2013,ENW,WI,AGL,CE,Federal Contract Tower,0,13,3,0,16,0,0,1,0,1,0,13,4,0,17,0,0,0,17
02/05/2013,ENW,WI,AGL,CE,Federal Contract Tower,0,5,5,0,10,0,0,2,0,2,0,5,7,0,12,0,0,0,12
02/06/2013,ENW,WI,AGL,CE,Federal Contract Tower,0,9,42,0,51,0,0,64,0,64,0,9,106,0,115,74,0,74,189
02/07/2013,ENW,WI,AGL,CE,Federal Contract Tower,0,2,1,0,3,0,0,0,0,0,0,2,1,0,3,0,0,0,3
02/08/2013,ENW,WI,AGL,CE,Federal Contract Tower,0,8,0,0,8,0,0,15,0,15,0,8,15,0,23,0,0,0,23
02/09/2013,ENW,WI,AGL,CE,Federal Contract Tower,0,4,7,0,11,0,0,84,0,84,0,4,91,0,95,146,0,146,241
02/10/2013,ENW,WI,AGL,CE,Federal Contract Tower,0,0,1,0,1,0,0,0,0,0,0,0,1,0,1,0,0,0,1
02/11/2013,ENW,WI,AGL,CE,Federal Contract Tower,0,8,0,0,8,0,0,0,0,0,0,8,0,0,8,0,0,0,8
02/12/2013,ENW,WI,AGL,CE,Federal Contract Tower,0,7,4,0,11,0,0,59,0,59,0,7,63,0,70,84,0,84,154
02/13/2013,ENW,WI,AGL,CE,Federal Contract Tower,0,4,26,0,30,0,0,70,0,70,0,4,96,0,100,68,0,68,168
02/14/2013,ENW,WI,AGL,CE,Federal Contract Tower,0,6,3,0,9,0,0,22,0,22,0,6,25,0,31,88,0,88,119
02/15/2013,ENW,WI,AGL,CE,Federal Contract Tower,0,2,24,0,26,0,0,41,0,41,0,2,65,0,67,18,0,18,85
02/16/2013,ENW,WI,AGL,CE,Federal Contract Tower,0,1,13,0,14,0,0,62,0,62,0,1,75,0,76,94,0,94,170
02/17/2013,ENW,WI,AGL,CE,Federal Contract Tower,0,1,22,0,23,0,0,62,0,62,0,1,84,0,85,58,0,58,143
02/18/2013,ENW,WI,AGL,CE,Federal Contract Tower,0,12,11,0,23,0,0,17,0,17,0,12,28,0,40,30,0,30,70
02/19/2013,ENW,WI,AGL,CE,Federal Contract Tower,0,10,5,0,15,0,0,7,0,7,0,10,12,0,22,0,0,0,22
02/20/2013,ENW,WI,AGL,CE,Federal Contract Tower,0,6,8,0,14,0,2,61,0,63,0,8,69,0,77,84,0,84,161
02/21/2013,ENW,WI,AGL,CE,Federal Contract Tower,0,5,15,0,20,0,0,2,0,2,0,5,17,0,22,0,0,0,22
02/22/2013,ENW,WI,AGL,CE,Federal Contract Tower,0,5,0,0,5,0,0,0,0,0,0,5,0,0,5,0,0,0,5
02/23/2013,ENW,WI,AGL,CE,Federal Contract Tower,0,1,9,0,10,0,0,59,0,59,0,1,68,0,69,68,0,68,137
02/24/2013,ENW,WI,AGL,CE,Federal Contract Tower,0,6,16,0,22,0,0,70,0,70,0,6,86,0,92,56,0,56,148
02/25/2013,ENW,WI,AGL,CE,Federal Contract Tower,0,9,19,0,28,0,0,41,0,41,0,9,60,0,69,118,0,118,187
02/26/2013,ENW,WI,AGL,CE,Federal Contract Tower,0,7,6,0,13,0,0,2,0,2,0,7,8,0,15,0,0,0,15
02/27/2013,ENW,WI,AGL,CE,Federal Contract Tower,0,11,0,0,11,0,0,0,0,0,0,11,0,0,11,0,0,0,11
02/28/2013,ENW,WI,AGL,CE,Federal Contract Tower,0,13,7,0,20,0,0,6,0,6,0,13,13,0,26,0,0,0,26
03/01/2013,ENW,WI,AGL,CE,Federal Contract Tower,0,5,2,0,7,0,0,14,0,14,0,5,16,0,21,0,0,0,21
03/02/2013,ENW,WI,AGL,CE,Federal Contract Tower,0,6,18,0,24,0,0,67,0,67,0,6,85,0,91,84,0,84,175
03/03/2013,ENW,WI,AGL,CE,Federal Contract Tower,0,1,14,0,15,0,0,47,0,47,0,1,61,0,62,74,0,74,136
03/04/2013,ENW,WI,AGL,CE,Federal Contract Tower,0,1,11,0,12,0,0,23,0,23,0,1,34,0,35,40,0,40,75
03/05/2013,ENW,WI,AGL,CE,Federal Contract Tower,0,5,2,0,7,0,0,0,0,0,0,5,2,0,7,0,0,0,7
03/06/2013,ENW,WI,AGL,CE,Federal Contract Tower,0,7,8,0,15,0,1,10,0,11,0,8,18,0,26,10,0,10,36
03/07/2013,ENW,WI,AGL,CE,Federal Contract Tower,0,8,20,0,28,0,0,99,0,99,0,8,119,0,127,146,0,146,273
03/08/2013,ENW,WI,AGL,CE,Federal Contract Tower,0,2,24,0,26,0,0,86,0,86,0,2,110,0,112,124,0,124,236
03/09/2013,ENW,WI,AGL,CE,Federal Contract Tower,0,3,18,0,21,0,0,42,0,42,0,3,60,0,63,80,0,80,143
03/10/2013,ENW,WI,AGL,CE,Federal Contract Tower,0,5,2,0,7,0,0,0,0,0,0,5,2,0,7,0,0,0,7
03/11/2013,ENW,WI,AGL,CE,Federal Contract Tower,0,14,1,0,15,0,0,0,0,0,0,14,1,0,15,0,0,0,15
03/12/2013,ENW,WI,AGL,CE,Federal Contract Tower,0,16,6,0,22,0,0,34,0,34,0,16,40,0,56,68,0,68,124
03/13/2013,ENW,WI,AGL,CE,Federal Contract Tower,0,5,20,0,25,0,0,83,0,83,0,5,103,0,108,124,0,124,232
03/14/2013,ENW,WI,AGL,CE,Federal Contract Tower,0,7,21,0,28,0,1,72,0,73,0,8,93,0,101,86,0,86,187
03/15/2013,ENW,WI,AGL,CE,Federal Contract Tower,0,8,10,0,18,0,0,15,0,15,0,8,25,0,33,36,0,36,69
03/16/2013,ENW,WI,AGL,CE,Federal Contract Tower,0,3,7,0,10,0,0,14,0,14,0,3,21,0,24,78,0,78,102
03/17/2013,ENW,WI,AGL,CE,Federal Contract Tower,0,10,22,0,32,0,0,97,0,97,0,10,119,0,129,166,0,166,295
03/18/2013,ENW,WI,AGL,CE,Federal Contract Tower,0,5,40,0,45,0,0,0,0,0,0,5,40,0,45,0,0,0,45
03/19/2013,ENW,WI,AGL,CE,Federal Contract Tower,0,5,3,0,8,0,5,25,0,30,0,10,28,0,38,18,0,18,56
03/20/2013,ENW,WI,AGL,CE,Federal Contract Tower,0,5,17,0,22,0,0,68,0,68,0,5,85,0,90,72,0,72,162
03/21/2013,ENW,WI,AGL,CE,Federal Contract Tower,0,9,20,0,29,0,2,82,0,84,0,11,102,0,113,74,0,74,187
03/22/2013,ENW,WI,AGL,CE,Federal Contract Tower,0,13,23,0,36,0,0,126,0,126,0,13,149,0,162,160,0,160,322
03/23/2013,ENW,WI,AGL,CE,Federal Contract Tower,0,4,9,0,13,0,0,93,0,93,0,4,102,0,106,90,0,90,196
03/24/2013,ENW,WI,AGL,CE,Federal Contract Tower,0,4,2,0,6,0,0,7,0,7,0,4,9,0,13,6,0,6,19
03/25/2013,ENW,WI,AGL,CE,Federal Contract Tower,0,5,4,0,9,0,0,5,0,5,0,5,9,0,14,0,0,0,14
03/26/2013,ENW,WI,AGL,CE,Federal Contract Tower,0,7,8,0,15,0,0,64,0,64,0,7,72,0,79,70,0,70,149
03/27/2013,ENW,WI,AGL,CE,Federal Contract Tower,0,6,29,0,35,0,0,107,0,107,0,6,136,0,142,44,0,44,186
03/28/2013,ENW,WI,AGL,CE,Federal Contract Tower,0,2,24,0,26,0,0,100,0,100,0,2,124,0,126,146,0,146,272
03/29/2013,ENW,WI,AGL,CE,Federal Contract Tower,0,2,14,0,16,0,0,66,0,66,0,2,80,0,82,70,0,70,152
03/30/2013,ENW,WI,AGL,CE,Federal Contract Tower,0,4,13,0,17,0,0,89,0,89,0,4,102,0,106,48,0,48,154
03/31/2013,ENW,WI,AGL,CE,Federal Contract Tower,0,5,6,0,11,0,0,10,0,10,0,5,16,0,21,0,0,0,21
04/01/2013,ENW,WI,AGL,CE,Federal Contract Tower,0,5,13,0,18,0,0,38,0,38,0,5,51,0,56,82,0,82,138
04/02/2013,ENW,WI,AGL,CE,Federal Contract Tower,0,5,7,0,12,0,0,56,0,56,0,5,63,0,68,74,0,74,142
04/03/2013,ENW,WI,AGL,CE,Federal Contract Tower,0,4,23,0,27,0,2,94,0,96,0,6,117,0,123,112,0,112,235
04/04/2013,ENW,WI,AGL,CE,Federal Contract Tower,0,3,11,0,14,0,0,90,0,90,0,3,101,0,104,80,0,80,184
04/05/2013,ENW,WI,AGL,CE,Federal Contract Tower,0,6,11,0,17,0,0,51,0,51,0,6,62,0,68,70,0,70,138
04/06/2013,ENW,WI,AGL,CE,Federal Contract Tower,0,7,10,0,17,0,0,56,0,56,0,7,66,0,73,110,0,110,183
04/07/2013,ENW,WI,AGL,CE,Federal Contract Tower,0,8,25,0,33,0,0,92,0,92,0,8,117,0,125,100,0,100,225
04/08/2013,ENW,WI,AGL,CE,Federal Contract Tower,0,7,3,0,10,0,0,17,0,17,0,7,20,0,27,8,0,8,35
04/09/2013,ENW,WI,AGL,CE,Federal Contract Tower,0,7,2,0,9,0,0,0,0,0,0,7,2,0,9,0,0,0,9
04/10/2013,ENW,WI,AGL,CE,Federal Contract Tower,0,9,0,0,9,0,0,0,0,0,0,9,0,0,9,10,0,10,19
04/11/2013,ENW,WI,AGL,CE,Federal Contract Tower,0,8,2,0,10,0,0,0,0,0,0,8,2,0,10,0,0,0,10
04/12/2013,ENW,WI,AGL,CE,Federal Contract Tower,0,3,0,0,3,0,0,2,0,2,0,3,2,0,5,0,0,0,5
04/13/2013,ENW,WI,AGL,CE,Federal Contract Tower,0,1,5,0,6,0,0,81,0,81,0,1,86,0,87,108,0,108,195
04/14/2013,ENW,WI,AGL,CE,Federal Contract Tower,0,6,10,0,16,0,0,34,0,34,0,6,44,0,50,40,0,40,90
04/15/2013,ENW,WI,AGL,CE,Federal Contract Tower,0,9,2,0,11,0,0,14,0,14,0,9,16,0,25,18,0,18,43
04/16/2013,ENW,WI,AGL,CE,Federal Contract Tower,0,7,4,0,11,0,0,88,0,88,0,7,92,0,99,96,0,96,195
04/17/2013,ENW,WI,AGL,CE,Federal Contract Tower,0,11,0,0,11,0,0,16,0,16,0,11,16,0,27,48,0,48,75
04/18/2013,ENW,WI,AGL,CE,Federal Contract Tower,0,12,34,0,46,0,1,0,0,1,0,13,34,0,47,0,0,0,47
04/19/2013,ENW,WI,AGL,CE,Federal Contract Tower,0,3,0,0,3,0,0,9,0,9,0,3,9,0,12,24,0,24,36
04/20/2013,ENW,WI,AGL,CE,Federal Contract Tower,0,7,31,0,38,0,0,103,0,103,0,7,134,0,141,110,0,110,251
04/21/2013,ENW,WI,AGL,CE,Federal Contract Tower,0,3,25,0,28,0,0,84,0,84,0,3,109,0,112,158,0,158,270
04/22/2013,ENW,WI,AGL,CE,Federal Contract Tower,0,4,14,0,18,0,0,42,0,42,0,4,56,0,60,60,0,60,120
04/23/2013,ENW,WI,AGL,CE,Federal Contract Tower,0,4,8,0,12,0,0,19,0,19,0,4,27,0,31,50,0,50,81
04/24/2013,ENW,WI,AGL,CE,Federal Contract Tower,0,8,31,0,39,0,0,110,0,110,0,8,141,0,149,196,0,196,345
04/25/2013,ENW,WI,AGL,CE,Federal Contract Tower,0,10,14,0,24,0,0,81,0,81,0,10,95,0,105,46,0,46,151
04/26/2013,ENW,WI,AGL,CE,Federal Contract Tower,0,11,11,0,22,0,0,95,0,95,0,11,106,0,117,148,0,148,265
04/27/2013,ENW,WI,AGL,CE,Federal Contract Tower,0,6,21,0,27,0,0,139,0,139,0,6,160,0,166,178,16,194,360
04/28/2013,ENW,WI,AGL,CE,Federal Contract Tower,0,3,17,0,20,0,0,89,0,89,0,3,106,0,109,106,0,106,215
04/29/2013,ENW,WI,AGL,CE,Federal Contract Tower,0,8,8,0,16,0,0,49,0,49,0,8,57,0,65,114,0,114,179
04/30/2013,ENW,WI,AGL,CE,Federal Contract Tower,0,5,7,0,12,0,0,75,0,75,0,5,82,0,87,72,0,72,159
05/01/2013,ENW,WI,AGL,CE,Federal Contract Tower,0,6,3,0,9,0,0,101,0,101,0,6,104,0,110,160,0,160,270
05/02/2013,ENW,WI,AGL,CE,Federal Contract Tower,0,6,6,0,12,0,0,44,0,44,0,6,50,0,56,62,0,62,118
05/03/2013,ENW,WI,AGL,CE,Federal Contract Tower,0,8,6,0,14,0,0,6,0,6,0,8,12,0,20,0,0,0,20
05/04/2013,ENW,WI,AGL,CE,Federal Contract Tower,0,6,15,0,21,0,0,96,0,96,0,6,111,0,117,132,0,132,249
05/05/2013,ENW,WI,AGL,CE,Federal Contract Tower,0,12,7,0,19,0,0,100,0,100,0,12,107,0,119,110,0,110,229
05/06/2013,ENW,WI,AGL,CE,Federal Contract Tower,0,11,5,0,16,0,0,71,0,71,0,11,76,0,87,70,0,70,157
05/07/2013,ENW,WI,AGL,CE,Federal Contract Tower,0,9,32,0,41,0,0,146,0,146,0,9,178,0,187,180,0,180,367
05/08/2013,ENW,WI,AGL,CE,Federal Contract Tower,0,8,9,0,17,0,1,157,0,158,0,9,166,0,175,362,0,362,537
05/09/2013,ENW,WI,AGL,CE,Federal Contract Tower,0,12,14,0,26,0,0,49,0,49,0,12,63,0,75,92,0,92,167
05/10/2013,ENW,WI,AGL,CE,Federal Contract Tower,0,4,23,0,27,0,0,1,0,1,0,4,24,0,28,0,0,0,28
05/11/2013,ENW,WI,AGL,CE,Federal Contract Tower,0,6,10,0,16,0,0,31,0,31,0,6,41,0,47,76,0,76,123
05/12/2013,ENW,WI,AGL,CE,Federal Contract Tower,0,4,18,0,22,0,0,59,0,59,0,4,77,0,81,98,0,98,179
05/13/2013,ENW,WI,AGL,CE,Federal Contract Tower,0,6,20,0,26,0,0,88,0,88,0,6,108,0,114,142,0,142,256
05/14/2013,ENW,WI,AGL,CE,Federal Contract Tower,0,3,10,0,13,0,0,83,0,83,0,3,93,0,96,70,0,70,166
05/15/2013,ENW,WI,AGL,CE,Federal Contract Tower,0,7,9,0,16,0,0,102,0,102,0,7,111,0,118,200,0,200,318
05/16/2013,ENW,WI,AGL,CE,Federal Contract Tower,0,4,9,0,13,0,0,109,0,109,0,4,118,0,122,196,0,196,318
05/17/2013,ENW,WI,AGL,CE,Federal Contract Tower,0,5,12,0,17,0,0,40,0,40,0,5,52,0,57,66,0,66,123
05/18/2013,ENW,WI,AGL,CE,Federal Contract Tower,0,3,13,0,16,0,0,96,0,96,0,3,109,0,112,128,0,128,240
05/19/2013,ENW,WI,AGL,CE,Federal Contract Tower,0,3,11,0,14,0,0,85,0,85,0,3,96,0,99,180,0,180,279
05/20/2013,ENW,WI,AGL,CE,Federal Contract Tower,0,6,2,0,8,0,0,32,0,32,0,6,34,0,40,90,0,90,130
05/21/2013,ENW,WI,AGL,CE,Federal Contract Tower,0,8,0,0,8,0,0,39,0,39,0,8,39,0,47,50,0,50,97
05/22/2013,ENW,WI,AGL,CE,Federal Contract Tower,0,15,14,0,29,0,0,3,0,3,0,15,17,0,32,16,0,16,48
05/23/2013,ENW,WI,AGL,CE,Federal Contract Tower,0,5,24,0,29,0,0,38,0,38,0,5,62,0,67,14,0,14,81
05/24/2013,ENW,WI,AGL,CE,Federal Contract Tower,0,6,11,0,17,0,0,86,0,86,0,6,97,0,103,112,0,112,215
05/25/2013,ENW,WI,AGL,CE,Federal Contract Tower,0,7,4,0,11,0,0,77,0,77,0,7,81,0,88,116,0,116,204
05/26/2013,ENW,WI,AGL,CE,Federal Contract Tower,0,8,10,0,18,0,0,71,0,71,0,8,81,0,89,62,0,62,151
05/27/2013,ENW,WI,AGL,CE,Federal Contract Tower,0,9,16,0,25,0,0,0,0,0,0,9,16,0,25,0,0,0,25
05/28/2013,ENW,WI,AGL,CE,Federal Contract Tower,0,9,7,0,16,0,0,4,0,4,0,9,11,0,20,0,0,0,20
05/29/2013,ENW,WI,AGL,CE,Federal Contract Tower,0,10,12,0,22,0,0,72,0,72,0,10,84,0,94,90,0,90,184
05/30/2013,ENW,WI,AGL,CE,Federal Contract Tower,0,7,4,0,11,0,1,46,0,47,0,8,50,0,58,70,0,70,128
05/31/2013,ENW,WI,AGL,CE,Federal Contract Tower,0,5,10,0,15,0,0,60,0,60,0,5,70,0,75,36,0,36,111
06/01/2013,ENW,WI,AGL,CE,Federal Contract Tower,0,7,4,0,11,0,0,73,0,73,0,7,77,0,84,146,0,146,230
06/02/2013,ENW,WI,AGL,CE,Federal Contract Tower,0,7,8,0,15,0,0,49,0,49,0,7,57,0,64,140,12,152,216
06/03/2013,ENW,WI,AGL,CE,Federal Contract Tower,0,13,8,0,21,0,0,115,0,115,0,13,123,0,136,158,0,158,294
06/04/2013,ENW,WI,AGL,CE,Federal Contract Tower,0,11,30,0,41,0,1,98,0,99,0,12,128,0,140,158,0,158,298
06/05/2013,ENW,WI,AGL,CE,Federal Contract Tower,0,10,8,0,18,0,0,80,0,80,0,10,88,0,98,112,0,112,210
06/06/2013,ENW,WI,AGL,CE,Federal Contract Tower,0,20,11,0,31,0,0,72,0,72,0,20,83,0,103,98,0,98,201
06/07/2013,ENW,WI,AGL,CE,Federal Contract Tower,0,11,7,0,18,0,0,89,0,89,0,11,96,0,107,74,16,90,197
06/08/2013,ENW,WI,AGL,CE,Federal Contract Tower,0,4,19,0,23,0,0,122,0,122,0,4,141,0,145,148,0,148,293
06/09/2013,ENW,WI,AGL,CE,Federal Contract Tower,0,13,9,0,22,0,0,79,0,79,0,13,88,0,101,124,0,124,225
06/10/2013,ENW,WI,AGL,CE,Federal Contract Tower,0,12,0,0,12,0,0,21,0,21,0,12,21,0,33,70,0,70,103
06/11/2013,ENW,WI,AGL,CE,Federal Contract Tower,0,13,18,0,31,0,0,72,0,72,0,13,90,0,103,166,0,166,269
06/12/2013,ENW,WI,AGL,CE,Federal Contract Tower,0,15,2,0,17,0,0,36,0,36,0,15,38,0,53,64,0,64,117
06/13/2013,ENW,WI,AGL,CE,Federal Contract Tower,0,7,30,0,37,0,0,108,0,108,0,7,138,0,145,114,0,114,259
06/14/2013,ENW,WI,AGL,CE,Federal Contract Tower,0,15,41,0,56,0,0,121,0,121,0,15,162,0,177,184,0,184,361
06/15/2013,ENW,WI,AGL,CE,Federal Contract Tower,0,8,15,0,23,0,0,45,0,45,0,8,60,0,68,100,0,100,168
06/16/2013,ENW,WI,AGL,CE,Federal Contract Tower,0,5,15,0,20,0,0,92,0,92,0,5,107,0,112,64,0,64,176
06/17/2013,ENW,WI,AGL,CE,Federal Contract Tower,0,14,3,0,17,0,0,37,2,39,0,14,40,2,56,76,0,76,132
06/18/2013,ENW,WI,AGL,CE,Federal Contract Tower,0,12,4,0,16,0,0,62,0,62,0,12,66,0,78,116,0,116,194
06/19/2013,ENW,WI,AGL,CE,Federal Contract Tower,0,9,8,0,17,0,0,90,0,90,0,9,98,0,107,134,0,134,241
06/20/2013,ENW,WI,AGL,CE,Federal Contract Tower,0,6,0,0,6,0,0,91,0,91,0,6,91,0,97,102,0,102,199
06/21/2013,ENW,WI,AGL,CE,Federal Contract Tower,0,8,12,0,20,0,0,61,0,61,0,8,73,0,81,148,0,148,229
06/22/2013,ENW,WI,AGL,CE,Federal Contract Tower,0,3,8,0,11,0,0,33,0,33,0,3,41,0,44,56,0,56,100
06/23/2013,ENW,WI,AGL,CE,Federal Contract Tower,0,8,6,0,14,0,0,58,0,58,0,8,64,0,72,96,0,96,168
06/24/2013,ENW,WI,AGL,CE,Federal Contract Tower,0,13,9,0,22,0,0,33,0,33,0,13,42,0,55,92,0,92,147
06/25/2013,ENW,WI,AGL,CE,Federal Contract Tower,0,8,6,0,14,0,0,21,0,21,0,8,27,0,35,0,0,0,35
06/26/2013,ENW,WI,AGL,CE,Federal Contract Tower,0,7,3,0,10,0,0,47,0,47,0,7,50,0,57,54,0,54,111
06/27/2013,ENW,WI,AGL,CE,Federal Contract Tower,0,15,13,0,28,0,0,63,0,63,0,15,76,0,91,56,0,56,147
06/28/2013,ENW,WI,AGL,CE,Federal Contract Tower,0,2,8,0,10,0,0,50,0,50,0,2,58,0,60,74,0,74,134
06/29/2013,ENW,WI,AGL,CE,Federal Contract Tower,0,10,3,0,13,0,0,16,0,16,0,10,19,0,29,6,0,6,35
06/30/2013,ENW,WI,AGL,CE,Federal Contract Tower,0,7,31,0,38,0,0,103,0,103,0,7,134,0,141,74,0,74,215
07/01/2013,ENW,WI,AGL,CE,Federal Contract Tower,0,18,8,0,26,0,0,79,2,81,0,18,87,2,107,192,0,192,299
07/02/2013,ENW,WI,AGL,CE,Federal Contract Tower,0,8,4,0,12,0,0,79,0,79,0,8,83,0,91,198,0,198,289
07/03/2013,ENW,WI,AGL,CE,Federal Contract Tower,0,13,17,0,30,0,0,1,0,1,0,13,18,0,31,20,0,20,51
07/04/2013,ENW,WI,AGL,CE,Federal Contract Tower,0,3,12,0,15,0,0,73,0,73,0,3,85,0,88,98,0,98,186
07/05/2013,ENW,WI,AGL,CE,Federal Contract Tower,0,7,6,0,13,0,0,129,0,129,0,7,135,0,142,198,0,198,340
07/06/2013,ENW,WI,AGL,CE,Federal Contract Tower,0,6,13,0,19,0,0,228,0,228,0,6,241,0,247,166,0,166,413
07/07/2013,ENW,WI,AGL,CE,Federal Contract Tower,0,18,15,0,33,0,1,55,0,56,0,19,70,0,89,106,0,106,195
07/08/2013,ENW,WI,AGL,CE,Federal Contract Tower,0,12,9,0,21,0,0,61,0,61,0,12,70,0,82,112,0,112,194
07/09/2013,ENW,WI,AGL,CE,Federal Contract Tower,0,5,8,0,13,0,0,27,0,27,0,5,35,0,40,30,0,30,70
07/10/2013,ENW,WI,AGL,CE,Federal Contract Tower,0,8,24,0,32,0,0,108,0,108,0,8,132,0,140,138,0,138,278
07/11/2013,ENW,WI,AGL,CE,Federal Contract Tower,0,14,26,0,40,0,0,114,0,114,0,14,140,0,154,316,0,316,470
07/12/2013,ENW,WI,AGL,CE,Federal Contract Tower,0,9,20,0,29,0,0,108,0,108,0,9,128,0,137,176,0,176,313
07/13/2013,ENW,WI,AGL,CE,Federal Contract Tower,0,9,6,0,15,0,1,121,0,122,0,10,127,0,137,204,0,204,341
07/14/2013,ENW,WI,AGL,CE,Federal Contract Tower,0,12,8,0,20,0,0,111,0,111,0,12,119,0,131,182,0,182,313
07/15/2013,ENW,WI,AGL,CE,Federal Contract Tower,0,15,18,3,36,0,0,44,0,44,0,15,62,3,80,72,0,72,152
07/16/2013,ENW,WI,AGL,CE,Federal Contract Tower,0,9,17,0,26,0,0,56,0,56,0,9,73,0,82,30,0,30,112
07/17/2013,ENW,WI,AGL,CE,Federal Contract Tower,0,15,21,0,36,0,0,82,0,82,0,15,103,0,118,124,0,124,242
07/18/2013,ENW,WI,AGL,CE,Federal Contract Tower,0,10,17,0,27,0,0,71,0,71,0,10,88,0,98,106,0,106,204
07/19/2013,ENW,WI,AGL,CE,Federal Contract Tower,0,8,6,0,14,0,0,41,0,41,0,8,47,0,55,34,0,34,89
07/20/2013,ENW,WI,AGL,CE,Federal Contract Tower,0,6,27,0,33,0,0,104,0,104,0,6,131,0,137,145,0,145,282
07/21/2013,ENW,WI,AGL,CE,Federal Contract Tower,0,16,19,0,35,0,0,100,0,100,0,16,119,0,135,102,0,102,237
07/22/2013,ENW,WI,AGL,CE,Federal Contract Tower,0,12,18,0,30,0,4,31,0,35,0,16,49,0,65,182,0,182,247
07/23/2013,ENW,WI,AGL,CE,Federal Contract Tower,0,12,6,0,18,0,0,71,0,71,0,12,77,0,89,188,0,188,277
07/24/2013,ENW,WI,AGL,CE,Federal Contract Tower,0,13,10,0,23,0,0,93,4,97,0,13,103,4,120,78,0,78,198
07/25/2013,ENW,WI,AGL,CE,Federal Contract Tower,0,14,15,0,29,0,0,101,0,101,0,14,116,0,130,152,0,152,282
07/26/2013,ENW,WI,AGL,CE,Federal Contract Tower,0,17,7,0,24,0,0,17,0,17,0,17,24,0,41,26,0,26,67
07/27/2013,ENW,WI,AGL,CE,Federal Contract Tower,0,14,22,0,36,0,0,115,0,115,0,14,137,0,151,144,0,144,295
07/28/2013,ENW,WI,AGL,CE,Federal Contract Tower,0,19,16,0,35,0,0,116,0,116,0,19,132,0,151,110,0,110,261
07/29/2013,ENW,WI,AGL,CE,Federal Contract Tower,0,13,25,0,38,0,0,58,0,58,0,13,83,0,96,68,0,68,164
07/30/2013,ENW,WI,AGL,CE,Federal Contract Tower,0,14,9,0,23,0,0,38,0,38,0,14,47,0,61,100,0,100,161
07/31/2013,ENW,WI,AGL,CE,Federal Contract Tower,0,13,8,0,21,0,0,28,0,28,0,13,36,0,49,70,0,70,119
08/01/2013,ENW,WI,AGL,CE,Federal Contract Tower,0,9,7,0,16,0,0,99,2,101,0,9,106,2,117,122,2,124,241
08/02/2013,ENW,WI,AGL,CE,Federal Contract Tower,0,5,3,0,8,0,0,41,0,41,0,5,44,0,49,70,0,70,119
08/03/2013,ENW,WI,AGL,CE,Federal Contract Tower,0,9,8,0,17,0,0,103,0,103,0,9,111,0,120,140,4,144,264
08/04/2013,ENW,WI,AGL,CE,Federal Contract Tower,0,10,2,0,12,0,0,78,0,78,0,10,80,0,90,112,0,112,202
08/05/2013,ENW,WI,AGL,CE,Federal Contract Tower,0,7,5,0,12,0,0,67,0,67,0,7,72,0,79,40,0,40,119
08/06/2013,ENW,WI,AGL,CE,Federal Contract Tower,0,9,15,0,24,0,0,35,0,35,0,9,50,0,59,50,0,50,109
08/07/2013,ENW,WI,AGL,CE,Federal Contract Tower,0,7,9,0,16,0,0,82,2,84,0,7,91,2,100,108,0,108,208
08/08/2013,ENW,WI,AGL,CE,Federal Contract Tower,0,8,17,0,25,0,0,98,0,98,0,8,115,0,123,66,0,66,189
08/09/2013,ENW,WI,AGL,CE,Federal Contract Tower,0,16,15,0,31,0,1,101,0,102,0,17,116,0,133,104,0,104,237
08/10/2013,ENW,WI,AGL,CE,Federal Contract Tower,0,10,7,0,17,0,0,92,0,92,0,10,99,0,109,132,0,132,241
08/11/2013,ENW,WI,AGL,CE,Federal Contract Tower,0,14,8,0,22,0,0,36,0,36,0,14,44,0,58,58,0,58,116
08/12/2013,ENW,WI,AGL,CE,Federal Contract Tower,0,6,9,0,15,0,0,37,0,37,0,6,46,0,52,90,0,90,142
08/13/2013,ENW,WI,AGL,CE,Federal Contract Tower,0,9,20,0,29,0,0,79,0,79,0,9,99,0,108,146,0,146,254
08/14/2013,ENW,WI,AGL,CE,Federal Contract Tower,0,12,7,0,19,0,0,92,0,92,0,12,99,0,111,44,0,44,155
08/15/2013,ENW,WI,AGL,CE,Federal Contract Tower,0,13,6,0,19,0,1,88,0,89,0,14,94,0,108,50,0,50,158
08/16/2013,ENW,WI,AGL,CE,Federal Contract Tower,0,12,18,0,30,0,2,129,0,131,0,14,147,0,161,150,0,150,311
08/17/2013,ENW,WI,AGL,CE,Federal Contract Tower,0,3,18,0,21,0,0,81,0,81,0,3,99,0,102,136,0,136,238
08/18/2013,ENW,WI,AGL,CE,Federal Contract Tower,0,9,6,0,15,0,0,84,0,84,0,9,90,0,99,92,0,92,191
08/19/2013,ENW,WI,AGL,CE,Federal Contract Tower,0,14,20,0,34,0,0,38,0,38,0,14,58,0,72,60,0,60,132
08/20/2013,ENW,WI,AGL,CE,Federal Contract Tower,0,7,18,0,25,0,0,35,0,35,0,7,53,0,60,38,0,38,98
08/21/2013,ENW,WI,AGL,CE,Federal Contract Tower,0,9,6,0,15,0,0,79,0,79,0,9,85,0,94,50,0,50,144
08/22/2013,ENW,WI,AGL,CE,Federal Contract Tower,0,14,7,0,21,0,0,36,0,36,0,14,43,0,57,26,0,26,83
08/23/2013,ENW,WI,AGL,CE,Federal Contract Tower,0,17,11,4,32,0,2,138,0,140,0,19,149,4,172,98,0,98,270
08/24/2013,ENW,WI,AGL,CE,Federal Contract Tower,0,5,10,0,15,0,1,120,0,121,0,6,130,0,136,194,0,194,330
08/25/2013,ENW,WI,AGL,CE,Federal Contract Tower,0,7,11,0,18,0,0,89,0,89,0,7,100,0,107,20,0,20,127
08/26/2013,ENW,WI,AGL,CE,Federal Contract Tower,0,14,9,0,23,0,6,41,0,47,0,20,50,0,70,154,0,154,224
08/27/2013,ENW,WI,AGL,CE,Federal Contract Tower,0,6,7,0,13,0,0,42,0,42,0,6,49,0,55,156,0,156,211
08/28/2013,ENW,WI,AGL,CE,Federal Contract Tower,0,14,10,0,24,0,0,63,0,63,0,14,73,0,87,66,0,66,153
08/29/2013,ENW,WI,AGL,CE,Federal Contract Tower,0,11,9,0,20,0,0,126,0,126,0,11,135,0,146,148,0,148,294
08/30/2013,ENW,WI,AGL,CE,Federal Contract Tower,0,12,6,0,18,0,0,63,0,63,0,12,69,0,81,102,0,102,183
08/31/2013,ENW,WI,AGL,CE,Federal Contract Tower,0,7,8,0,15,0,0,97,0,97,0,7,105,0,112,138,0,138,250
09/01/2013,ENW,WI,AGL,CE,Federal Contract Tower,0,5,9,0,14,0,0,32,0,32,0,5,41,0,46,78,0,78,124
09/02/2013,ENW,WI,AGL,CE,Federal Contract Tower,0,12,22,0,34,0,0,55,0,55,0,12,77,0,89,82,0,82,171
09/03/2013,ENW,WI,AGL,CE,Federal Contract Tower,0,16,7,0,23,0,4,74,0,78,0,20,81,0,101,162,0,162,263
09/04/2013,ENW,WI,AGL,CE,Federal Contract Tower,0,4,9,0,13,0,0,117,0,117,0,4,126,0,130,186,0,186,316
09/05/2013,ENW,WI,AGL,CE,Federal Contract Tower,0,15,22,0,37,0,0,106,0,106,0,15,128,0,143,158,0,158,301
09/06/2013,ENW,WI,AGL,CE,Federal Contract Tower,0,8,13,0,21,0,1,124,0,125,0,9,137,0,146,176,0,176,322
09/07/2013,ENW,WI,AGL,CE,Federal Contract Tower,0,9,11,0,20,0,0,88,0,88,0,9,99,0,108,180,0,180,288
09/08/2013,ENW,WI,AGL,CE,Federal Contract Tower,0,9,8,0,17,0,0,40,0,40,0,9,48,0,57,44,0,44,101
09/09/2013,ENW,WI,AGL,CE,Federal Contract Tower,0,29,12,0,41,0,0,32,0,32,0,29,44,0,73,24,0,24,97
09/10/2013,ENW,WI,AGL,CE,Federal Contract Tower,0,10,6,0,16,0,0,43,0,43,0,10,49,0,59,74,0,74,133
09/11/2013,ENW,WI,AGL,CE,Federal Contract Tower,0,12,14,0,26,0,0,74,0,74,0,12,88,0,100,84,0,84,184
09/12/2013,ENW,WI,AGL,CE,Federal Contract Tower,0,14,5,0,19,0,1,83,0,84,0,15,88,0,103,98,0,98,201
09/13/2013,ENW,WI,AGL,CE,Federal Contract Tower,0,6,14,0,20,0,0,88,0,88,0,6,102,0,108,106,0,106,214
09/14/2013,ENW,WI,AGL,CE,Federal Contract Tower,0,4,22,0,26,0,0,110,0,110,0,4,132,0,136,114,0,114,250
09/15/2013,ENW,WI,AGL,CE,Federal Contract Tower,0,6,12,0,18,0,0,0,0,0,0,6,12,0,18,0,0,0,18
09/16/2013,ENW,WI,AGL,CE,Federal Contract Tower,0,9,14,0,23,0,0,31,0,31,0,9,45,0,54,58,0,58,112
09/17/2013,ENW,WI,AGL,CE,Federal Contract Tower,0,8,23,0,31,0,0,90,0,90,0,8,113,0,121,102,0,102,223
09/18/2013,ENW,WI,AGL,CE,Federal Contract Tower,0,13,16,0,29,0,0,91,0,91,0,13,107,0,120,116,0,116,236
09/19/2013,ENW,WI,AGL,CE,Federal Contract Tower,0,9,13,0,22,0,0,54,0,54,0,9,67,0,76,56,0,56,132
09/20/2013,ENW,WI,AGL,CE,Federal Contract Tower,0,5,10,0,15,0,0,39,0,39,0,5,49,0,54,44,0,44,98
09/21/2013,ENW,WI,AGL,CE,Federal Contract Tower,0,2,13,0,15,0,0,110,0,110,0,2,123,0,125,182,0,182,307
09/22/2013,ENW,WI,AGL,CE,Federal Contract Tower,0,16,19,0,35,0,0,119,0,119,0,16,138,0,154,132,0,132,286
09/23/2013,ENW,WI,AGL,CE,Federal Contract Tower,0,17,7,0,24,0,0,66,0,66,0,17,73,0,90,76,0,76,166
09/24/2013,ENW,WI,AGL,CE,Federal Contract Tower,0,9,17,0,26,0,0,77,0,77,0,9,94,0,103,90,0,90,193
09/25/2013,ENW,WI,AGL,CE,Federal Contract Tower,0,10,15,0,25,0,0,93,0,93,0,10,108,0,118,84,0,84,202
09/26/2013,ENW,WI,AGL,CE,Federal Contract Tower,0,10,10,0,20,0,1,75,0,76,0,11,85,0,96,82,0,82,178
09/27/2013,ENW,WI,AGL,CE,Federal Contract Tower,0,7,17,0,24,0,0,107,0,107,0,7,124,0,131,169,0,169,300
09/28/2013,ENW,WI,AGL,CE,Federal Contract Tower,0,5,5,0,10,0,0,103,0,103,0,5,108,0,113,126,0,126,239
09/29/2013,ENW,WI,AGL,CE,Federal Contract Tower,0,3,22,0,25,0,0,127,0,127,0,3,149,0,152,104,0,104,256
09/30/2013,ENW,WI,AGL,CE,Federal Contract Tower,0,2,2,0,4,0,0,36,0,36,0,2,38,0,40,128,0,128,168
10/01/2013,ENW,WI,AGL,CE,Federal Contract Tower,0,8,4,0,12,0,0,48,0,48,0,8,52,0,60,54,0,54,114
10/02/2013,ENW,WI,AGL,CE,Federal Contract Tower,0,3,12,0,15,0,0,105,0,105,0,3,117,0,120,150,0,150,270
10/03/2013,ENW,WI,AGL,CE,Federal Contract Tower,0,4,3,0,7,0,0,11,0,11,0,4,14,0,18,16,0,16,34
10/04/2013,ENW,WI,AGL,CE,Federal Contract Tower,0,9,3,0,12,0,0,20,0,20,0,9,23,0,32,64,0,64,96
10/05/2013,ENW,WI,AGL,CE,Federal Contract Tower,0,6,18,0,24,0,0,9,0,9,0,6,27,0,33,44,0,44,77
10/06/2013,ENW,WI,AGL,CE,Federal Contract Tower,0,16,26,0,42,0,0,54,0,54,0,16,80,0,96,42,0,42,138
10/07/2013,ENW,WI,AGL,CE,Federal Contract Tower,0,18,18,0,36,0,0,41,0,41,0,18,59,0,77,66,0,66,143
10/08/2013,ENW,WI,AGL,CE,Federal Contract Tower,0,15,24,0,39,0,0,95,0,95,0,15,119,0,134,154,0,154,288
10/09/2013,ENW,WI,AGL,CE,Federal Contract Tower,0,9,15,0,24,0,0,101,0,101,0,9,116,0,125,174,0,174,299
10/10/2013,ENW,WI,AGL,CE,Federal Contract Tower,0,13,12,0,25,0,0,88,0,88,0,13,100,0,113,138,0,138,251
10/11/2013,ENW,WI,AGL,CE,Federal Contract Tower,0,5,18,0,23,0,0,62,0,62,0,5,80,0,85,166,0,166,251
10/12/2013,ENW,WI,AGL,CE,Federal Contract Tower,0,4,8,0,12,0,0,58,0,58,0,4,66,0,70,88,0,88,158
10/13/2013,ENW,WI,AGL,CE,Federal Contract Tower,0,5,22,0,27,0,0,86,0,86,0,5,108,0,113,122,0,122,235
10/14/2013,ENW,WI,AGL,CE,Federal Contract Tower,0,18,11,0,29,0,4,72,0,76,0,22,83,0,105,76,0,76,181
10/15/2013,ENW,WI,AGL,CE,Federal Contract Tower,0,3,12,0,15,0,0,23,0,23,0,3,35,0,38,10,0,10,48
10/16/2013,ENW,WI,AGL,CE,Federal Contract Tower,0,6,16,0,22,0,0,20,0,20,0,6,36,0,42,90,0,90,132
10/17/2013,ENW,WI,AGL,CE,Federal Contract Tower,0,16,26,0,42,0,0,16,0,16,0,16,42,0,58,36,0,36,94
10/18/2013,ENW,WI,AGL,CE,Federal Contract Tower,0,10,19,0,29,0,0,90,0,90,0,10,109,0,119,92,0,92,211
10/19/2013,ENW,WI,AGL,CE,Federal Contract Tower,0,7,11,0,18,0,6,68,0,74,0,13,79,0,92,78,0,78,170
10/20/2013,ENW,WI,AGL,CE,Federal Contract Tower,0,7,20,0,27,0,2,56,0,58,0,9,76,0,85,88,0,88,173
10/21/2013,ENW,WI,AGL,CE,Federal Contract Tower,0,12,5,0,17,0,0,48,0,48,0,12,53,0,65,98,0,98,163
10/22/2013,ENW,WI,AGL,CE,Federal Contract Tower,0,8,9,0,17,0,0,73,0,73,0,8,82,0,90,122,0,122,212
10/23/2013,ENW,WI,AGL,CE,Federal Contract Tower,0,6,4,0,10,0,2,80,0,82,0,8,84,0,92,115,0,115,207
10/24/2013,ENW,WI,AGL,CE,Federal Contract Tower,0,11,15,0,26,0,0,107,0,107,0,11,122,0,133,138,2,140,273
10/25/2013,ENW,WI,AGL,CE,Federal Contract Tower,0,3,14,0,17,0,4,102,0,106,0,7,116,0,123,226,0,226,349
10/26/2013,ENW,WI,AGL,CE,Federal Contract Tower,0,5,6,0,11,0,0,51,0,51,0,5,57,0,62,112,0,112,174
10/27/2013,ENW,WI,AGL,CE,Federal Contract Tower,0,5,22,0,27,0,0,91,0,91,0,5,113,0,118,190,0,190,308
10/28/2013,ENW,WI,AGL,CE,Federal Contract Tower,0,0,7,0,7,0,0,42,0,42,0,0,49,0,49,38,0,38,87
10/29/2013,ENW,WI,AGL,CE,Federal Contract Tower,0,17,8,0,25,0,0,35,0,35,0,17,43,0,60,48,0,48,108
10/30/2013,ENW,WI,AGL,CE,Federal Contract Tower,0,11,17,0,28,0,0,8,0,8,0,11,25,0,36,8,0,8,44
10/31/2013,ENW,WI,AGL,CE,Federal Contract Tower,0,9,4,0,13,0,0,0,0,0,0,9,4,0,13,0,0,0,13
11/01/2013,ENW,WI,AGL,CE,Federal Contract Tower,0,9,14,0,23,0,0,42,0,42,0,9,56,0,65,100,0,100,165
11/02/2013,ENW,WI,AGL,CE,Federal Contract Tower,0,6,6,0,12,0,0,33,0,33,0,6,39,0,45,62,0,62,107
11/03/2013,ENW,WI,AGL,CE,Federal Contract Tower,0,9,32,0,41,0,0,123,0,123,0,9,155,0,164,170,0,170,334
11/04/2013,ENW,WI,AGL,CE,Federal Contract Tower,0,10,3,0,13,0,0,29,0,29,0,10,32,0,42,6,0,6,48
11/05/2013,ENW,WI,AGL,CE,Federal Contract Tower,0,10,18,0,28,0,0,36,0,36,0,10,54,0,64,40,0,40,104
11/06/2013,ENW,WI,AGL,CE,Federal Contract Tower,0,9,10,0,19,0,0,6,0,6,0,9,16,0,25,0,0,0,25
11/07/2013,ENW,WI,AGL,CE,Federal Contract Tower,0,10,11,0,21,0,0,77,0,77,0,10,88,0,98,88,0,88,186
11/08/2013,ENW,WI,AGL,CE,Federal Contract Tower,0,10,16,0,26,0,0,81,0,81,0,10,97,0,107,110,0,110,217
11/09/2013,ENW,WI,AGL,CE,Federal Contract Tower,0,8,15,0,23,0,0,41,0,41,0,8,56,0,64,122,0,122,186
11/10/2013,ENW,WI,AGL,CE,Federal Contract Tower,0,14,32,0,46,0,0,103,0,103,0,14,135,0,149,106,0,106,255
11/11/2013,ENW,WI,AGL,CE,Federal Contract Tower,0,6,6,0,12,0,0,3,0,3,0,6,9,0,15,6,0,6,21
11/12/2013,ENW,WI,AGL,CE,Federal Contract Tower,0,5,8,0,13,0,0,60,0,60,0,5,68,0,73,102,0,102,175
11/13/2013,ENW,WI,AGL,CE,Federal Contract Tower,0,7,3,0,10,0,0,57,0,57,0,7,60,0,67,92,0,92,159
11/14/2013,ENW,WI,AGL,CE,Federal Contract Tower,0,8,5,0,13,0,0,52,0,52,0,8,57,0,65,74,0,74,139
11/15/2013,ENW,WI,AGL,CE,Federal Contract Tower,0,17,6,0,23,0,0,104,0,104,0,17,110,0,127,160,0,160,287
11/16/2013,ENW,WI,AGL,CE,Federal Contract Tower,0,3,38,0,41,0,0,2,0,2,0,3,40,0,43,44,0,44,87
11/17/2013,ENW,WI,AGL,CE,Federal Contract Tower,0,13,1,0,14,0,0,1,0,1,0,13,2,0,15,0,0,0,15
11/18/2013,ENW,WI,AGL,CE,Federal Contract Tower,0,8,3,0,11,0,1,17,0,18,0,9,20,0,29,4,0,4,33
11/19/2013,ENW,WI,AGL,CE,Federal Contract Tower,0,6,12,0,18,0,0,71,0,71,0,6,83,0,89,64,0,64,153
11/20/2013,ENW,WI,AGL,CE,Federal Contract Tower,0,11,11,0,22,0,0,12,0,12,0,11,23,0,34,0,0,0,34
11/21/2013,ENW,WI,AGL,CE,Federal Contract Tower,0,9,5,0,14,0,8,13,0,21,0,17,18,0,35,34,0,34,69
11/22/2013,ENW,WI,AGL,CE,Federal Contract Tower,0,8,2,0,10,0,6,25,0,31,0,14,27,0,41,66,0,66,107
11/23/2013,ENW,WI,AGL,CE,Federal Contract Tower,0,0,12,0,12,0,0,64,0,64,0,0,76,0,76,94,0,94,170
11/24/2013,ENW,WI,AGL,CE,Federal Contract Tower,0,7,17,2,26,0,0,48,0,48,0,7,65,2,74,82,0,82,156
11/25/2013,ENW,WI,AGL,CE,Federal Contract Tower,0,9,2,0,11,0,0,0,0,0,0,9,2,0,11,0,0,0,11
11/26/2013,ENW,WI,AGL,CE,Federal Contract Tower,0,4,14,0,18,0,0,17,0,17,0,4,31,0,35,72,0,72,107
11/27/2013,ENW,WI,AGL,CE,Federal Contract Tower,0,4,6,0,10,0,0,29,0,29,0,4,35,0,39,14,0,14,53
11/28/2013,ENW,WI,AGL,CE,Federal Contract Tower,0,0,0,0,0,0,0,13,0,13,0,0,13,0,13,40,0,40,53
11/29/2013,ENW,WI,AGL,CE,Federal Contract Tower,0,6,9,0,15,0,0,46,0,46,0,6,55,0,61,76,0,76,137
11/30/2013,ENW,WI,AGL,CE,Federal Contract Tower,0,3,8,0,11,0,0,69,0,69,0,3,77,0,80,68,0,68,148
12/01/2013,ENW,WI,AGL,CE,Federal Contract Tower,0,13,11,0,24,0,0,52,0,52,0,13,63,0,76,82,0,82,158
12/02/2013,ENW,WI,AGL,CE,Federal Contract Tower,0,14,1,0,15,0,8,41,0,49,0,22,42,0,64,74,0,74,138
12/03/2013,ENW,WI,AGL,CE,Federal Contract Tower,0,11,0,0,11,0,0,0,0,0,0,11,0,0,11,0,0,0,11
12/04/2013,ENW,WI,AGL,CE,Federal Contract Tower,0,8,3,0,11,0,0,0,0,0,0,8,3,0,11,0,0,0,11
12/05/2013,ENW,WI,AGL,CE,Federal Contract Tower,0,11,28,0,39,0,0,42,0,42,0,11,70,0,81,0,0,0,81
12/06/2013,ENW,WI,AGL,CE,Federal Contract Tower,0,7,11,0,18,0,0,58,0,58,0,7,69,0,76,110,0,110,186
12/07/2013,ENW,WI,AGL,CE,Federal Contract Tower,0,5,15,0,20,0,0,106,0,106,0,5,121,0,126,149,0,149,275
12/08/2013,ENW,WI,AGL,CE,Federal Contract Tower,0,9,7,0,16,0,0,0,0,0,0,9,7,0,16,20,0,20,36
12/09/2013,ENW,WI,AGL,CE,Federal Contract Tower,0,6,12,0,18,0,0,7,0,7,0,6,19,0,25,0,0,0,25
12/10/2013,ENW,WI,AGL,CE,Federal Contract Tower,0,13,5,0,18,0,0,12,0,12,0,13,17,0,30,0,0,0,30
12/11/2013,ENW,WI,AGL,CE,Federal Contract Tower,0,15,6,0,21,0,0,19,0,19,0,15,25,0,40,12,0,12,52
12/12/2013,ENW,WI,AGL,CE,Federal Contract Tower,0,4,3,0,7,0,0,25,0,25,0,4,28,0,32,80,0,80,112
12/13/2013,ENW,WI,AGL,CE,Federal Contract Tower,0,10,3,0,13,0,0,40,0,40,0,10,43,0,53,124,0,124,177
12/14/2013,ENW,WI,AGL,CE,Federal Contract Tower,0,8,1,0,9,0,0,30,0,30,0,8,31,0,39,70,0,70,109
12/15/2013,ENW,WI,AGL,CE,Federal Contract Tower,0,12,2,0,14,0,0,21,0,21,0,12,23,0,35,50,0,50,85
12/16/2013,ENW,WI,AGL,CE,Federal Contract Tower,0,5,1,0,6,0,0,14,0,14,0,5,15,0,20,46,0,46,66
12/17/2013,ENW,WI,AGL,CE,Federal Contract Tower,0,5,8,0,13,0,0,13,0,13,0,5,21,0,26,16,0,16,42
12/18/2013,ENW,WI,AGL,CE,Federal Contract Tower,0,6,6,0,12,0,0,68,0,68,0,6,74,0,80,66,0,66,146
12/19/2013,ENW,WI,AGL,CE,Federal Contract Tower,0,6,10,0,16,0,0,24,0,24,0,6,34,0,40,0,0,0,40
12/20/2013,ENW,WI,AGL,CE,Federal Contract Tower,0,8,0,0,8,0,0,0,0,0,0,8,0,0,8,0,0,0,8
12/21/2013,ENW,WI,AGL,CE,Federal Contract Tower,0,3,1,0,4,0,0,0,0,0,0,3,1,0,4,0,0,0,4
12/22/2013,ENW,WI,AGL,CE,Federal Contract Tower,0,5,0,0,5,0,0,0,0,0,0,5,0,0,5,0,0,0,5
12/23/2013,ENW,WI,AGL,CE,Federal Contract Tower,0,3,2,0,5,0,0,7,0,7,0,3,9,0,12,24,0,24,36
12/24/2013,ENW,WI,AGL,CE,Federal Contract Tower,0,4,5,0,9,0,2,20,0,22,0,6,25,0,31,0,0,0,31
12/25/2013,ENW,WI,AGL,CE,Federal Contract Tower,0,3,0,0,3,0,0,0,0,0,0,3,0,0,3,0,0,0,3
12/26/2013,ENW,WI,AGL,CE,Federal Contract Tower,0,14,7,0,21,0,0,25,0,25,0,14,32,0,46,0,0,0,46
12/27/2013,ENW,WI,AGL,CE,Federal Contract Tower,0,7,12,0,19,0,0,54,0,54,0,7,66,0,73,88,0,88,161
12/28/2013,ENW,WI,AGL,CE,Federal Contract Tower,0,2,1,0,3,0,0,99,0,99,0,2,100,0,102,172,0,172,274
12/29/2013,ENW,WI,AGL,CE,Federal Contract Tower,0,4,0,0,4,0,0,1,0,1,0,4,1,0,5,10,0,10,15
12/30/2013,ENW,WI,AGL,CE,Federal Contract Tower,0,11,4,0,15,0,0,42,0,42,0,11,46,0,57,66,0,66,123
12/31/2013,ENW,WI,AGL,CE,Federal Contract Tower,0,1,2,0,3,0,0,6,0,6,0,1,8,0,9,10,0,10,19
01/01/2014,ENW,WI,AGL,CE,Federal Contract Tower,0,2,0,0,2,0,0,0,0,0,0,2,0,0,2,0,0,0,2
01/02/2014,ENW,WI,AGL,CE,Federal Contract Tower,0,5,0,0,5,0,0,6,0,6,0,5,6,0,11,0,0,0,11
01/03/2014,ENW,WI,AGL,CE,Federal Contract Tower,0,7,0,0,7,0,0,33,0,33,0,7,33,0,40,42,0,42,82
01/04/2014,ENW,WI,AGL,CE,Federal Contract Tower,0,5,0,0,5,0,0,0,0,0,0,5,0,0,5,10,0,10,15
01/05/2014,ENW,WI,AGL,CE,Federal Contract Tower,0,6,2,0,8,0,0,9,0,9,0,6,11,0,17,40,0,40,57
01/06/2014,ENW,WI,AGL,CE,Federal Contract Tower,0,7,0,0,7,0,0,0,0,0,0,7,0,0,7,0,0,0,7
01/07/2014,ENW,WI,AGL,CE,Federal Contract Tower,0,9,0,0,9,0,0,13,0,13,0,9,13,0,22,0,0,0,22
01/08/2014,ENW,WI,AGL,CE,Federal Contract Tower,0,9,4,0,13,0,0,23,0,23,0,9,27,0,36,16,0,16,52
01/09/2014,ENW,WI,AGL,CE,Federal Contract Tower,0,8,6,0,14,0,0,21,0,21,0,8,27,0,35,0,0,0,35
01/10/2014,ENW,WI,AGL,CE,Federal Contract Tower,0,2,0,0,2,0,0,0,0,0,0,2,0,0,2,0,0,0,2
01/11/2014,ENW,WI,AGL,CE,Federal Contract Tower,0,8,5,0,13,0,0,4,0,4,0,8,9,0,17,14,0,14,31
01/12/2014,ENW,WI,AGL,CE,Federal Contract Tower,0,2,14,0,16,0,0,42,0,42,0,2,56,0,58,32,0,32,90
01/13/2014,ENW,WI,AGL,CE,Federal Contract Tower,0,9,10,0,19,0,4,53,0,57,0,13,63,0,76,66,0,66,142
01/14/2014,ENW,WI,AGL,CE,Federal Contract Tower,0,9,3,0,12,0,0,8,0,8,0,9,11,0,20,68,0,68,88
01/15/2014,ENW,WI,AGL,CE,Federal Contract Tower,0,13,7,0,20,0,2,45,0,47,0,15,52,0,67,66,0,66,133
01/16/2014,ENW,WI,AGL,CE,Federal Contract Tower,0,7,4,0,11,0,0,3,0,3,0,7,7,0,14,34,0,34,48
01/17/2014,ENW,WI,AGL,CE,Federal Contract Tower,0,6,3,0,9,0,0,26,0,26,0,6,29,0,35,26,0,26,61
01/18/2014,ENW,WI,AGL,CE,Federal Contract Tower,0,3,36,0,39,0,0,14,0,14,0,3,50,0,53,48,0,48,101
01/19/2014,ENW,WI,AGL,CE,Federal Contract Tower,0,5,6,0,11,0,0,29,0,29,0,5,35,0,40,42,0,42,82
01/20/2014,ENW,WI,AGL,CE,Federal Contract Tower,0,10,1,0,11,0,0,15,0,15,0,10,16,0,26,32,0,32,58
01/21/2014,ENW,WI,AGL,CE,Federal Contract Tower,0,6,2,0,8,0,0,11,0,11,0,6,13,0,19,22,0,22,41
01/22/2014,ENW,WI,AGL,CE,Federal Contract Tower,0,5,0,0,5,0,0,1,0,1,0,5,1,0,6,0,0,0,6
01/23/2014,ENW,WI,AGL,CE,Federal Contract Tower,0,9,2,0,11,0,0,16,0,16,0,9,18,0,27,34,0,34,61
01/24/2014,ENW,WI,AGL,CE,Federal Contract Tower,0,6,1,0,7,0,0,8,0,8,0,6,9,0,15,22,0,22,37
01/25/2014,ENW,WI,AGL,CE,Federal Contract Tower,0,2,0,0,2,0,0,12,0,12,0,2,12,0,14,62,0,62,76
01/26/2014,ENW,WI,AGL,CE,Federal Contract Tower,0,7,1,0,8,0,0,11,0,11,0,7,12,0,19,20,0,20,39
01/27/2014,ENW,WI,AGL,CE,Federal Contract Tower,0,7,0,0,7,0,0,3,0,3,0,7,3,0,10,22,0,22,32
01/28/2014,ENW,WI,AGL,CE,Federal Contract Tower,0,7,8,0,15,0,1,14,0,15,0,8,22,0,30,48,0,48,78
01/29/2014,ENW,WI,AGL,CE,Federal Contract Tower,0,10,8,0,18,0,0,44,0,44,0,10,52,0,62,60,0,60,122
01/30/2014,ENW,WI,AGL,CE,Federal Contract Tower,0,7,1,0,8,0,0,0,0,0,0,7,1,0,8,0,0,0,8
01/31/2014,ENW,WI,AGL,CE,Federal Contract Tower,0,8,9,0,17,0,0,68,0,68,0,8,77,0,85,88,0,88,173
02/01/2014,ENW,WI,AGL,CE,Federal Contract Tower,0,2,0,0,2,0,0,8,0,8,0,2,8,0,10,40,0,40,50
02/02/2014,ENW,WI,AGL,CE,Federal Contract Tower,0,4,6,0,10,0,39,0,0,39,0,43,6,0,49,34,0,34,83
02/03/2014,ENW,WI,AGL,CE,Federal Contract Tower,0,20,19,0,39,0,0,40,0,40,0,20,59,0,79,66,0,66,145
02/04/2014,ENW,WI,AGL,CE,Federal Contract Tower,0,8,10,0,18,0,0,5,0,5,0,8,15,0,23,10,0,10,33
02/05/2014,ENW,WI,AGL,CE,Federal Contract Tower,0,7,0,0,7,0,0,4,0,4,0,7,4,0,11,0,0,0,11
02/06/2014,ENW,WI,AGL,CE,Federal Contract Tower,0,7,1,0,8,0,0,34,0,34,0,7,35,0,42,48,0,48,90
02/07/2014,ENW,WI,AGL,CE,Federal Contract Tower,0,8,5,0,13,0,7,51,0,58,0,15,56,0,71,62,0,62,133
02/08/2014,ENW,WI,AGL,CE,Federal Contract Tower,0,1,4,0,5,0,0,18,0,18,0,1,22,0,23,14,0,14,37
02/09/2014,ENW,WI,AGL,CE,Federal Contract Tower,0,5,9,0,14,0,1,21,0,22,0,6,30,0,36,32,0,32,68
02/10/2014,ENW,WI,AGL,CE,Federal Contract Tower,0,2,4,0,6,0,4,16,0,20,0,6,20,0,26,12,0,12,38
02/11/2014,ENW,WI,AGL,CE,Federal Contract Tower,0,7,4,0,11,0,1,27,0,28,0,8,31,0,39,34,0,34,73
02/12/2014,ENW,WI,AGL,CE,Federal Contract Tower,0,9,10,0,19,0,0,28,0,28,0,9,38,0,47,8,0,8,55
02/13/2014,ENW,WI,AGL,CE,Federal Contract Tower,0,8,0,0,8,0,0,13,0,13,0,8,13,0,21,52,0,52,73
02/14/2014,ENW,WI,AGL,CE,Federal Contract Tower,0,9,23,0,32,0,0,40,0,40,0,9,63,0,72,92,0,92,164
02/15/2014,ENW,WI,AGL,CE,Federal Contract Tower,0,3,7,0,10,0,0,85,0,85,0,3,92,0,95,132,0,132,227
02/16/2014,ENW,WI,AGL,CE,Federal Contract Tower,0,4,19,0,23,0,0,35,0,35,0,4,54,0,58,76,0,76,134
02/17/2014,ENW,WI,AGL,CE,Federal Contract Tower,0,8,2,0,10,0,0,0,0,0,0,8,2,0,10,0,0,0,10
02/18/2014,ENW,WI,AGL,CE,Federal Contract Tower,0,10,2,0,12,0,0,14,0,14,0,10,16,0,26,6,0,6,32
02/19/2014,ENW,WI,AGL,CE,Federal Contract Tower,0,14,9,0,23,0,0,82,0,82,0,14,91,0,105,88,0,88,193
02/20/2014,ENW,WI,AGL,CE,Federal Contract Tower,0,9,1,0,10,0,0,0,0,0,0,9,1,0,10,0,0,0,10
02/21/2014,ENW,WI,AGL,CE,Federal Contract Tower,0,3,1,0,4,0,0,0,0,0,0,3,1,0,4,0,0,0,4
02/22/2014,ENW,WI,AGL,CE,Federal Contract Tower,0,5,10,0,15,0,0,50,0,50,0,5,60,0,65,106,0,106,171
02/23/2014,ENW,WI,AGL,CE,Federal Contract Tower,0,8,14,0,22,0,0,45,0,45,0,8,59,0,67,100,0,100,167
02/24/2014,ENW,WI,AGL,CE,Federal Contract Tower,0,13,6,0,19,2,33,0,0,35,2,46,6,0,54,36,0,36,90
02/25/2014,ENW,WI,AGL,CE,Federal Contract Tower,0,10,2,0,12,0,0,47,0,47,0,10,49,0,59,40,0,40,99
02/26/2014,ENW,WI,AGL,CE,Federal Contract Tower,0,4,1,0,5,0,0,35,0,35,0,4,36,0,40,36,0,36,76
02/27/2014,ENW,WI,AGL,CE,Federal Contract Tower,0,10,2,0,12,0,1,29,0,30,0,11,31,0,42,38,0,38,80
02/28/2014,ENW,WI,AGL,CE,Federal Contract Tower,0,4,4,0,8,0,0,42,0,42,0,4,46,0,50,54,0,54,104
03/01/2014,ENW,WI,AGL,CE,Federal Contract Tower,0,2,8,0,10,0,0,28,0,28,0,2,36,0,38,88,0,88,126
03/02/2014,ENW,WI,AGL,CE,Federal Contract Tower,0,9,0,0,9,0,0,10,0,10,0,9,10,0,19,0,0,0,19
03/03/2014,ENW,WI,AGL,CE,Federal Contract Tower,0,6,7,0,13,0,0,20,0,20,0,6,27,0,33,4,0,4,37
03/04/2014,ENW,WI,AGL,CE,Federal Contract Tower,0,11,7,0,18,0,0,34,0,34,0,11,41,0,52,0,0,0,52
03/05/2014,ENW,WI,AGL,CE,Federal Contract Tower,0,9,6,0,15,0,0,25,0,25,0,9,31,0,40,0,0,0,40
03/06/2014,ENW,WI,AGL,CE,Federal Contract Tower,0,4,12,0,16,0,5,57,0,62,0,9,69,0,78,62,0,62,140
03/07/2014,ENW,WI,AGL,CE,Federal Contract Tower,0,3,12,0,15,0,0,69,0,69,0,3,81,0,84,178,0,178,262
03/08/2014,ENW,WI,AGL,CE,Federal Contract Tower,0,6,15,0,21,0,0,40,0,40,0,6,55,0,61,134,0,134,195
03/09/2014,ENW,WI,AGL,CE,Federal Contract Tower,0,5,16,0,21,0,0,29,0,29,0,5,45,0,50,36,0,36,86
03/10/2014,ENW,WI,AGL,CE,Federal Contract Tower,0,6,13,0,19,0,0,66,0,66,0,6,79,0,85,90,0,90,175
03/11/2014,ENW,WI,AGL,CE,Federal Contract Tower,0,8,4,0,12,0,2,26,0,28,0,10,30,0,40,14,0,14,54
03/12/2014,ENW,WI,AGL,CE,Federal Contract Tower,0,8,5,0,13,0,0,27,0,27,0,8,32,0,40,40,0,40,80
03/13/2014,ENW,WI,AGL,CE,Federal Contract Tower,0,10,14,0,24,0,4,67,0,71,0,14,81,0,95,122,0,122,217
03/14/2014,ENW,WI,AGL,CE,Federal Contract Tower,0,9,17,0,26,0,0,52,0,52,0,9,69,0,78,86,0,86,164
03/15/2014,ENW,WI,AGL,CE,Federal Contract Tower,0,5,28,0,33,0,0,103,0,103,0,5,131,0,136,144,0,144,280
03/16/2014,ENW,WI,AGL,CE,Federal Contract Tower,0,8,7,0,15,0,0,13,0,13,0,8,20,0,28,0,0,0,28
03/17/2014,ENW,WI,AGL,CE,Federal Contract Tower,0,15,14,0,29,0,0,36,0,36,0,15,50,0,65,76,0,76,141
03/18/2014,ENW,WI,AGL,CE,Federal Contract Tower,0,13,9,0,22,0,3,49,0,52,0,16,58,0,74,40,0,40,114
03/19/2014,ENW,WI,AGL,CE,Federal Contract Tower,0,14,1,0,15,0,0,0,0,0,0,14,1,0,15,0,0,0,15
03/20/2014,ENW,WI,AGL,CE,Federal Contract Tower,0,10,13,0,23,0,2,104,0,106,0,12,117,0,129,114,0,114,243
03/21/2014,ENW,WI,AGL,CE,Federal Contract Tower,0,3,25,0,28,0,0,44,0,44,0,3,69,0,72,92,0,92,164
03/22/2014,ENW,WI,AGL,CE,Federal Contract Tower,0,6,10,0,16,0,0,47,0,47,0,6,57,0,63,122,0,122,185
03/23/2014,ENW,WI,AGL,CE,Federal Contract Tower,0,5,15,0,20,0,0,68,0,68,0,5,83,0,88,42,0,42,130
03/24/2014,ENW,WI,AGL,CE,Federal Contract Tower,0,12,11,0,23,0,1,43,0,44,0,13,54,0,67,92,0,92,159
03/25/2014,ENW,WI,AGL,CE,Federal Contract Tower,0,9,5,0,14,0,4,30,0,34,0,13,35,0,48,66,0,66,114
03/26/2014,ENW,WI,AGL,CE,Federal Contract Tower,0,3,8,0,11,0,0,90,0,90,0,3,98,0,101,70,0,70,171
03/27/2014,ENW,WI,AGL,CE,Federal Contract Tower,0,10,8,0,18,0,0,0,0,0,0,10,8,0,18,0,0,0,18
03/28/2014,ENW,WI,AGL,CE,Federal Contract Tower,0,8,17,0,25,0,0,40,0,40,0,8,57,0,65,82,0,82,147
03/29/2014,ENW,WI,AGL,CE,Federal Contract Tower,0,3,9,0,12,0,0,60,0,60,0,3,69,0,72,126,0,126,198
03/30/2014,ENW,WI,AGL,CE,Federal Contract Tower,0,11,19,0,30,0,0,91,0,91,0,11,110,0,121,186,0,186,307
03/31/2014,ENW,WI,AGL,CE,Federal Contract Tower,0,2,5,0,7,0,0,9,0,9,0,2,14,0,16,32,0,32,48
04/01/2014,ENW,WI,AGL,CE,Federal Contract Tower,0,16,1,0,17,0,1,16,0,17,0,17,17,0,34,90,0,90,124
04/02/2014,ENW,WI,AGL,CE,Federal Contract Tower,0,12,19,0,31,0,0,87,0,87,0,12,106,0,118,146,0,146,264
04/03/2014,ENW,WI,AGL,CE,Federal Contract Tower,0,6,3,0,9,0,0,13,0,13,0,6,16,0,22,34,0,34,56
04/04/2014,ENW,WI,AGL,CE,Federal Contract Tower,0,5,0,0,5,0,0,0,0,0,0,5,0,0,5,28,0,28,33
04/05/2014,ENW,WI,AGL,CE,Federal Contract Tower,0,4,31,0,35,0,0,84,0,84,0,4,115,0,119,90,0,90,209
04/06/2014,ENW,WI,AGL,CE,Federal Contract Tower,0,12,17,0,29,0,0,51,0,51,0,12,68,0,80,98,0,98,178
04/07/2014,ENW,WI,AGL,CE,Federal Contract Tower,0,10,7,0,17,0,0,39,0,39,0,10,46,0,56,42,0,42,98
04/08/2014,ENW,WI,AGL,CE,Federal Contract Tower,0,7,11,0,18,0,0,48,0,48,0,7,59,0,66,80,0,80,146
04/09/2014,ENW,WI,AGL,CE,Federal Contract Tower,0,15,10,0,25,0,6,96,0,102,0,21,106,0,127,88,0,88,215
04/10/2014,ENW,WI,AGL,CE,Federal Contract Tower,0,11,8,0,19,0,4,67,0,71,0,15,75,0,90,160,0,160,250
04/11/2014,ENW,WI,AGL,CE,Federal Contract Tower,0,5,16,0,21,0,0,50,0,50,0,5,66,0,71,184,0,184,255
04/12/2014,ENW,WI,AGL,CE,Federal Contract Tower,0,7,13,0,20,0,0,29,0,29,0,7,42,0,49,106,0,106,155
04/13/2014,ENW,WI,AGL,CE,Federal Contract Tower,0,8,5,0,13,0,0,0,0,0,0,8,5,0,13,0,0,0,13
04/14/2014,ENW,WI,AGL,CE,Federal Contract Tower,0,7,8,0,15,0,0,7,0,7,0,7,15,0,22,36,0,36,58
04/15/2014,ENW,WI,AGL,CE,Federal Contract Tower,0,36,19,0,55,0,0,58,0,58,0,36,77,0,113,68,0,68,181
04/16/2014,ENW,WI,AGL,CE,Federal Contract Tower,0,10,10,0,20,0,0,53,3,56,0,10,63,3,76,92,0,92,168
04/17/2014,ENW,WI,AGL,CE,Federal Contract Tower,0,10,16,0,26,0,0,102,4,106,0,10,118,4,132,124,0,124,256
04/18/2014,ENW,WI,AGL,CE,Federal Contract Tower,0,11,17,0,28,0,0,66,0,66,0,11,83,0,94,156,0,156,250
04/19/2014,ENW,WI,AGL,CE,Federal Contract Tower,0,2,19,0,21,0,0,82,0,82,0,2,101,0,103,160,0,160,263
04/20/2014,ENW,WI,AGL,CE,Federal Contract Tower,0,5,5,0,10,0,0,53,0,53,0,5,58,0,63,78,0,78,141
04/21/2014,ENW,WI,AGL,CE,Federal Contract Tower,0,10,26,0,36,0,0,33,0,33,0,10,59,0,69,56,0,56,125
04/22/2014,ENW,WI,AGL,CE,Federal Contract Tower,0,13,9,0,22,0,0,96,0,96,0,13,105,0,118,134,0,134,252
04/23/2014,ENW,WI,AGL,CE,Federal Contract Tower,0,9,7,0,16,0,0,96,0,96,0,9,103,0,112,116,0,116,228
04/24/2014,ENW,WI,AGL,CE,Federal Contract Tower,0,13,6,0,19,0,0,33,0,33,0,13,39,0,52,70,0,70,122
04/25/2014,ENW,WI,AGL,CE,Federal Contract Tower,0,6,24,0,30,0,0,39,0,39,0,6,63,0,69,76,0,76,145
04/26/2014,ENW,WI,AGL,CE,Federal Contract Tower,0,4,32,0,36,0,0,84,0,84,0,4,116,0,120,154,0,154,274
04/27/2014,ENW,WI,AGL,CE,Federal Contract Tower,0,9,7,0,16,0,0,28,0,28,0,9,35,0,44,20,0,20,64
04/28/2014,ENW,WI,AGL,CE,Federal Contract Tower,0,10,1,0,11,0,0,0,0,0,0,10,1,0,11,0,0,0,11
04/29/2014,ENW,WI,AGL,CE,Federal Contract Tower,0,13,4,0,17,0,0,3,0,3,0,13,7,0,20,0,0,0,20
04/30/2014,ENW,WI,AGL,CE,Federal Contract Tower,0,22,15,0,37,0,2,33,0,35,0,24,48,0,72,72,0,72,144
05/01/2014,ENW,WI,AGL,CE,Federal Contract Tower,0,7,13,0,20,0,0,8,0,8,0,7,21,0,28,26,0,26,54
05/02/2014,ENW,WI,AGL,CE,Federal Contract Tower,0,12,22,0,34,0,0,44,0,44,0,12,66,0,78,112,0,112,190
05/03/2014,ENW,WI,AGL,CE,Federal Contract Tower,0,4,11,0,15,0,0,53,0,53,0,4,64,0,68,82,0,82,150
05/04/2014,ENW,WI,AGL,CE,Federal Contract Tower,0,22,16,0,38,0,0,78,0,78,0,22,94,0,116,58,0,58,174
05/05/2014,ENW,WI,AGL,CE,Federal Contract Tower,0,23,9,0,32,0,0,51,0,51,0,23,60,0,83,74,0,74,157
05/06/2014,ENW,WI,AGL,CE,Federal Contract Tower,0,8,42,0,50,0,0,69,0,69,0,8,111,0,119,82,0,82,201
05/07/2014,ENW,WI,AGL,CE,Federal Contract Tower,0,15,9,0,24,0,0,44,0,44,0,15,53,0,68,30,0,30,98
05/08/2014,ENW,WI,AGL,CE,Federal Contract Tower,0,10,14,0,24,0,0,40,0,40,0,10,54,0,64,62,0,62,126
05/09/2014,ENW,WI,AGL,CE,Federal Contract Tower,0,4,4,0,8,0,0,30,0,30,0,4,34,0,38,84,0,84,122
05/10/2014,ENW,WI,AGL,CE,Federal Contract Tower,0,5,19,0,24,0,0,79,0,79,0,5,98,0,103,124,0,124,227
05/11/2014,ENW,WI,AGL,CE,Federal Contract Tower,0,12,3,0,15,0,0,56,0,56,0,12,59,0,71,20,0,20,91
05/12/2014,ENW,WI,AGL,CE,Federal Contract Tower,0,8,6,0,14,0,0,14,0,14,0,8,20,0,28,20,0,20,48
05/13/2014,ENW,WI,AGL,CE,Federal Contract Tower,0,25,9,0,34,0,0,3,0,3,0,25,12,0,37,28,0,28,65
05/14/2014,ENW,WI,AGL,CE,Federal Contract Tower,0,19,19,0,38,0,0,41,0,41,0,19,60,0,79,100,0,100,179
05/15/2014,ENW,WI,AGL,CE,Federal Contract Tower,0,8,5,2,15,0,0,31,0,31,0,8,36,2,46,64,0,64,110
05/16/2014,ENW,WI,AGL,CE,Federal Contract Tower,0,10,15,0,25,0,0,52,0,52,0,10,67,0,77,106,0,106,183
05/17/2014,ENW,WI,AGL,CE,Federal Contract Tower,0,3,30,0,33,0,0,76,0,76,0,3,106,0,109,174,0,174,283
05/18/2014,ENW,WI,AGL,CE,Federal Contract Tower,0,10,18,0,28,0,0,83,0,83,0,10,101,0,111,132,0,132,243
05/19/2014,ENW,WI,AGL,CE,Federal Contract Tower,0,14,35,0,49,0,1,46,0,47,0,15,81,0,96,32,0,32,128
05/20/2014,ENW,WI,AGL,CE,Federal Contract Tower,0,13,8,0,21,0,0,48,0,48,0,13,56,0,69,4,0,4,73
05/21/2014,ENW,WI,AGL,CE,Federal Contract Tower,0,10,16,0,26,0,0,52,0,52,0,10,68,0,78,86,0,86,164
05/22/2014,ENW,WI,AGL,CE,Federal Contract Tower,0,12,23,0,35,0,0,74,2,76,0,12,97,2,111,108,8,116,227
05/23/2014,ENW,WI,AGL,CE,Federal Contract Tower,0,4,12,0,16,0,0,81,0,81,0,4,93,0,97,138,0,138,235
05/24/2014,ENW,WI,AGL,CE,Federal Contract Tower,0,8,10,0,18,0,0,79,0,79,0,8,89,0,97,84,0,84,181
05/25/2014,ENW,WI,AGL,CE,Federal Contract Tower,0,2,21,0,23,0,0,104,0,104,0,2,125,0,127,24,0,24,151
05/26/2014,ENW,WI,AGL,CE,Federal Contract Tower,0,9,7,0,16,0,0,45,0,45,0,9,52,0,61,30,0,30,91
05/27/2014,ENW,WI,AGL,CE,Federal Contract Tower,0,4,6,0,10,0,0,32,0,32,0,4,38,0,42,54,0,54,96
05/28/2014,ENW,WI,AGL,CE,Federal Contract Tower,0,3,11,0,14,0,0,55,0,55,0,3,66,0,69,66,0,66,135
05/29/2014,ENW,WI,AGL,CE,Federal Contract Tower,0,14,22,0,36,0,4,12,0,16,0,18,34,0,52,100,0,100,152
05/30/2014,ENW,WI,AGL,CE,Federal Contract Tower,0,10,25,0,35,0,0,95,0,95,0,10,120,0,130,120,0,120,250
05/31/2014,ENW,WI,AGL,CE,Federal Contract Tower,0,18,0,0,18,0,0,86,2,88,0,18,86,2,106,126,28,154,260
06/01/2014,ENW,WI,AGL,CE,Federal Contract Tower,0,4,7,0,11,0,0,39,0,39,0,4,46,0,50,58,0,58,108
06/02/2014,ENW,WI,AGL,CE,Federal Contract Tower,0,2,3,0,5,0,2,16,0,18,0,4,19,0,23,28,0,28,51
06/03/2014,ENW,WI,AGL,CE,Federal Contract Tower,0,10,27,0,37,0,0,49,0,49,0,10,76,0,86,28,0,28,114
06/04/2014,ENW,WI,AGL,CE,Federal Contract Tower,0,8,30,0,38,0,0,37,0,37,0,8,67,0,75,48,0,48,123
06/05/2014,ENW,WI,AGL,CE,Federal Contract Tower,0,7,26,0,33,0,1,127,0,128,0,8,153,0,161,186,0,186,347
06/06/2014,ENW,WI,AGL,CE,Federal Contract Tower,0,8,15,0,23,0,0,124,0,124,0,8,139,0,147,204,0,204,351
06/07/2014,ENW,WI,AGL,CE,Federal Contract Tower,0,1,19,0,20,0,0,100,0,100,0,1,119,0,120,86,0,86,206
06/08/2014,ENW,WI,AGL,CE,Federal Contract Tower,0,6,8,0,14,0,0,52,0,52,0,6,60,0,66,40,0,40,106
06/09/2014,ENW,WI,AGL,CE,Federal Contract Tower,0,9,27,0,36,0,0,76,0,76,0,9,103,0,112,116,0,116,228
06/10/2014,ENW,WI,AGL,CE,Federal Contract Tower,0,6,9,0,15,0,0,38,0,38,0,6,47,0,53,28,0,28,81
06/11/2014,ENW,WI,AGL,CE,Federal Contract Tower,0,11,9,1,21,0,0,0,0,0,0,11,9,1,21,12,0,12,33
06/12/2014,ENW,WI,AGL,CE,Federal Contract Tower,0,8,7,0,15,0,0,46,0,46,0,8,53,0,61,142,0,142,203
06/13/2014,ENW,WI,AGL,CE,Federal Contract Tower,0,11,24,0,35,0,0,86,0,86,0,11,110,0,121,146,0,146,267
06/14/2014,ENW,WI,AGL,CE,Federal Contract Tower,0,9,8,0,17,0,0,115,0,115,0,9,123,0,132,180,0,180,312
06/15/2014,ENW,WI,AGL,CE,Federal Contract Tower,0,8,10,0,18,0,0,26,0,26,0,8,36,0,44,0,4,4,48
06/16/2014,ENW,WI,AGL,CE,Federal Contract Tower,0,6,17,0,23,0,0,69,0,69,0,6,86,0,92,126,0,126,218
06/17/2014,ENW,WI,AGL,CE,Federal Contract Tower,0,16,6,0,22,0,4,56,0,60,0,20,62,0,82,96,0,96,178
06/18/2014,ENW,WI,AGL,CE,Federal Contract Tower,0,4,7,0,11,0,0,21,0,21,0,4,28,0,32,46,0,46,78
06/19/2014,ENW,WI,AGL,CE,Federal Contract Tower,0,9,6,0,15,0,0,23,0,23,0,9,29,0,38,20,0,20,58
06/20/2014,ENW,WI,AGL,CE,Federal Contract Tower,0,5,9,0,14,0,0,31,0,31,0,5,40,0,45,8,0,8,53
06/21/2014,ENW,WI,AGL,CE,Federal Contract Tower,0,11,8,0,19,0,0,6,0,6,0,11,14,0,25,10,0,10,35
06/22/2014,ENW,WI,AGL,CE,Federal Contract Tower,0,8,11,0,19,0,0,36,0,36,0,8,47,0,55,18,0,18,73
06/23/2014,ENW,WI,AGL,CE,Federal Contract Tower,0,2,17,0,19,0,0,33,0,33,0,2,50,0,52,92,0,92,144
06/24/2014,ENW,WI,AGL,CE,Federal Contract Tower,0,7,17,0,24,0,0,70,0,70,0,7,87,0,94,108,0,108,202
06/25/2014,ENW,WI,AGL,CE,Federal Contract Tower,0,14,5,0,19,0,0,4,0,4,0,14,9,0,23,24,0,24,47
06/26/2014,ENW,WI,AGL,CE,Federal Contract Tower,0,9,8,0,17,0,0,33,0,33,0,9,41,0,50,108,0,108,158
06/27/2014,ENW,WI,AGL,CE,Federal Contract Tower,0,4,16,0,20,0,0,67,0,67,0,4,83,0,87,24,0,24,111
06/28/2014,ENW,WI,AGL,CE,Federal Contract Tower,0,5,4,0,9,0,0,70,0,70,0,5,74,0,79,82,0,82,161
06/29/2014,ENW,WI,AGL,CE,Federal Contract Tower,0,5,8,0,13,0,0,63,0,63,0,5,71,0,76,86,0,86,162
06/30/2014,ENW,WI,AGL,CE,Federal Contract Tower,0,3,8,0,11,0,0,31,0,31,0,3,39,0,42,52,0,52,94
07/01/2014,ENW,WI,AGL,CE,Federal Contract Tower,0,1,4,0,5,0,0,54,0,54,0,1,58,0,59,100,0,100,159
07/02/2014,ENW,WI,AGL,CE,Federal Contract Tower,0,7,14,0,21,0,0,52,0,52,0,7,66,0,73,46,0,46,119
07/03/2014,ENW,WI,AGL,CE,Federal Contract Tower,0,8,10,0,18,0,0,105,0,105,0,8,115,0,123,108,0,108,231
07/04/2014,ENW,WI,AGL,CE,Federal Contract Tower,0,2,6,0,8,0,0,119,0,119,0,2,125,0,127,150,0,150,277
07/05/2014,ENW,WI,AGL,CE,Federal Contract Tower,0,6,3,0,9,0,0,101,0,101,0,6,104,0,110,114,0,114,224
07/06/2014,ENW,WI,AGL,CE,Federal Contract Tower,0,12,10,0,22,0,0,221,0,221,0,12,231,0,243,120,0,120,363
07/07/2014,ENW,WI,AGL,CE,Federal Contract Tower,0,8,15,0,23,0,0,96,0,96,0,8,111,0,119,56,0,56,175
07/08/2014,ENW,WI,AGL,CE,Federal Contract Tower,0,9,8,0,17,0,0,54,0,54,0,9,62,0,71,30,0,30,101
07/09/2014,ENW,WI,AGL,CE,Federal Contract Tower,0,10,4,0,14,0,0,74,0,74,0,10,78,0,88,48,0,48,136
07/10/2014,ENW,WI,AGL,CE,Federal Contract Tower,0,19,9,0,28,0,0,108,0,108,0,19,117,0,136,158,0,158,294
07/11/2014,ENW,WI,AGL,CE,Federal Contract Tower,0,8,6,0,14,0,0,73,0,73,0,8,79,0,87,100,0,100,187
07/12/2014,ENW,WI,AGL,CE,Federal Contract Tower,0,13,19,0,32,0,0,64,0,64,0,13,83,0,96,78,0,78,174
07/13/2014,ENW,WI,AGL,CE,Federal Contract Tower,0,9,6,0,15,0,0,83,0,83,0,9,89,0,98,26,0,26,124
07/14/2014,ENW,WI,AGL,CE,Federal Contract Tower,0,8,25,0,33,0,0,85,0,85,0,8,110,0,118,64,0,64,182
07/15/2014,ENW,WI,AGL,CE,Federal Contract Tower,0,12,11,0,23,0,0,55,2,57,0,12,66,2,80,28,0,28,108
07/16/2014,ENW,WI,AGL,CE,Federal Contract Tower,0,8,12,0,20,0,0,123,0,123,0,8,135,0,143,198,0,198,341
07/17/2014,ENW,WI,AGL,CE,Federal Contract Tower,0,11,18,0,29,0,1,92,0,93,0,12,110,0,122,62,0,62,184
07/18/2014,ENW,WI,AGL,CE,Federal Contract Tower,0,14,20,0,34,0,0,105,0,105,0,14,125,0,139,82,0,82,221
07/19/2014,ENW,WI,AGL,CE,Federal Contract Tower,0,2,11,0,13,0,0,129,0,129,0,2,140,0,142,104,0,104,246
07/20/2014,ENW,WI,AGL,CE,Federal Contract Tower,0,10,25,0,35,0,0,81,0,81,0,10,106,0,116,36,0,36,152
07/21/2014,ENW,WI,AGL,CE,Federal Contract Tower,0,15,6,0,21,0,1,82,7,90,0,16,88,7,111,130,20,150,261
07/22/2014,ENW,WI,AGL,CE,Federal Contract Tower,0,9,9,0,18,0,0,72,0,72,0,9,81,0,90,94,0,94,184
07/23/2014,ENW,WI,AGL,CE,Federal Contract Tower,0,8,8,0,16,0,1,68,0,69,0,9,76,0,85,74,0,74,159
07/24/2014,ENW,WI,AGL,CE,Federal Contract Tower,0,11,21,0,32,0,0,90,0,90,0,11,111,0,122,128,4,132,254
07/25/2014,ENW,WI,AGL,CE,Federal Contract Tower,0,12,21,0,33,0,0,95,0,95,0,12,116,0,128,0,114,114,242
07/26/2014,ENW,WI,AGL,CE,Federal Contract Tower,0,9,16,0,25,0,0,100,0,100,0,9,116,0,125,68,0,68,193
07/27/2014,ENW,WI,AGL,CE,Federal Contract Tower,0,7,13,0,20,0,0,93,0,93,0,7,106,0,113,94,0,94,207
07/28/2014,ENW,WI,AGL,CE,Federal Contract Tower,0,8,17,0,25,0,0,83,2,85,0,8,100,2,110,72,12,84,194
07/29/2014,ENW,WI,AGL,CE,Federal Contract Tower,0,6,21,0,27,0,0,93,0,93,0,6,114,0,120,84,0,84,204
07/30/2014,ENW,WI,AGL,CE,Federal Contract Tower,0,11,17,0,28,0,0,95,0,95,0,11,112,0,123,42,0,42,165
07/31/2014,ENW,WI,AGL,CE,Federal Contract Tower,0,14,20,0,34,0,0,109,0,109,0,14,129,0,143,54,0,54,197
08/01/2014,ENW,WI,AGL,CE,Federal Contract Tower,0,6,5,0,11,0,0,91,0,91,0,6,96,0,102,126,0,126,228
08/02/2014,ENW,WI,AGL,CE,Federal Contract Tower,0,4,7,0,11,0,0,95,0,95,0,4,102,0,106,44,0,44,150
08/03/2014,ENW,WI,AGL,CE,Federal Contract Tower,0,10,11,0,21,0,0,90,0,90,0,10,101,0,111,18,0,18,129
08/04/2014,ENW,WI,AGL,CE,Federal Contract Tower,0,8,4,2,14,0,0,47,0,47,0,8,51,2,61,18,0,18,79
08/05/2014,ENW,WI,AGL,CE,Federal Contract Tower,0,6,6,0,12,0,0,94,0,94,0,6,100,0,106,82,0,82,188
08/06/2014,ENW,WI,AGL,CE,Federal Contract Tower,0,6,10,0,16,0,0,104,2,106,0,6,114,2,122,112,0,112,234
08/07/2014,ENW,WI,AGL,CE,Federal Contract Tower,0,18,27,0,45,0,0,83,0,83,0,18,110,0,128,136,0,136,264
08/08/2014,ENW,WI,AGL,CE,Federal Contract Tower,0,14,10,0,24,0,0,108,0,108,0,14,118,0,132,124,0,124,256
08/09/2014,ENW,WI,AGL,CE,Federal Contract Tower,0,13,20,0,33,0,0,107,0,107,0,13,127,0,140,208,0,208,348
08/10/2014,ENW,WI,AGL,CE,Federal Contract Tower,0,19,8,0,27,0,0,107,0,107,0,19,115,0,134,106,18,124,258
08/11/2014,ENW,WI,AGL,CE,Federal Contract Tower,0,13,7,0,20,0,0,29,0,29,0,13,36,0,49,12,0,12,61
08/12/2014,ENW,WI,AGL,CE,Federal Contract Tower,0,8,7,0,15,0,0,12,0,12,0,8,19,0,27,32,0,32,59
08/13/2014,ENW,WI,AGL,CE,Federal Contract Tower,0,7,14,0,21,0,0,67,0,67,0,7,81,0,88,130,0,130,218
08/14/2014,ENW,WI,AGL,CE,Federal Contract Tower,0,18,28,0,46,0,0,93,0,93,0,18,121,0,139,76,0,76,215
08/15/2014,ENW,WI,AGL,CE,Federal Contract Tower,0,9,22,0,31,0,0,73,0,73,0,9,95,0,104,10,0,10,114
08/16/2014,ENW,WI,AGL,CE,Federal Contract Tower,0,7,42,0,49,0,0,117,0,117,0,7,159,0,166,56,0,56,222
08/17/2014,ENW,WI,AGL,CE,Federal Contract Tower,0,11,21,0,32,0,0,23,0,23,0,11,44,0,55,0,0,0,55
08/18/2014,ENW,WI,AGL,CE,Federal Contract Tower,0,14,11,0,25,0,0,50,0,50,0,14,61,0,75,76,0,76,151
08/19/2014,ENW,WI,AGL,CE,Federal Contract Tower,0,6,10,0,16,0,0,55,0,55,0,6,65,0,71,24,0,24,95
08/20/2014,ENW,WI,AGL,CE,Federal Contract Tower,0,6,23,0,29,0,0,69,0,69,0,6,92,0,98,172,0,172,270
08/21/2014,ENW,WI,AGL,CE,Federal Contract Tower,0,16,11,0,27,0,0,15,0,15,0,16,26,0,42,10,0,10,52
08/22/2014,ENW,WI,AGL,CE,Federal Contract Tower,0,4,15,0,19,0,0,31,2,33,0,4,46,2,52,32,0,32,84
08/23/2014,ENW,WI,AGL,CE,Federal Contract Tower,0,5,13,0,18,0,0,7,0,7,0,5,20,0,25,36,0,36,61
08/24/2014,ENW,WI,AGL,CE,Federal Contract Tower,0,9,13,0,22,0,0,93,0,93,0,9,106,0,115,64,0,64,179
08/25/2014,ENW,WI,AGL,CE,Federal Contract Tower,0,5,11,0,16,0,0,31,0,31,0,5,42,0,47,76,0,76,123
08/26/2014,ENW,WI,AGL,CE,Federal Contract Tower,0,13,10,0,23,0,0,59,0,59,0,13,69,0,82,70,0,70,152
08/27/2014,ENW,WI,AGL,CE,Federal Contract Tower,0,12,18,0,30,0,0,91,0,91,0,12,109,0,121,68,0,68,189
08/28/2014,ENW,WI,AGL,CE,Federal Contract Tower,0,8,13,0,21,0,0,65,0,65,0,8,78,0,86,86,0,86,172
08/29/2014,ENW,WI,AGL,CE,Federal Contract Tower,0,10,15,0,25,0,0,55,0,55,0,10,70,0,80,90,0,90,170
08/30/2014,ENW,WI,AGL,CE,Federal Contract Tower,0,3,13,0,16,0,0,43,0,43,0,3,56,0,59,26,0,26,85
08/31/2014,ENW,WI,AGL,CE,Federal Contract Tower,0,4,5,0,9,0,0,85,0,85,0,4,90,0,94,32,0,32,126
09/01/2014,ENW,WI,AGL,CE,Federal Contract Tower,0,8,4,0,12,0,0,14,0,14,0,8,18,0,26,0,0,0,26
09/02/2014,ENW,WI,AGL,CE,Federal Contract Tower,0,12,5,0,17,0,4,92,0,96,0,16,97,0,113,82,0,82,195
09/03/2014,ENW,WI,AGL,CE,Federal Contract Tower,0,13,8,0,21,0,0,60,0,60,0,13,68,0,81,42,0,42,123
09/04/2014,ENW,WI,AGL,CE,Federal Contract Tower,0,7,2,0,9,0,0,16,0,16,0,7,18,0,25,0,0,0,25
09/05/2014,ENW,WI,AGL,CE,Federal Contract Tower,0,4,6,0,10,0,0,42,0,42,0,4,48,0,52,124,0,124,176
09/06/2014,ENW,WI,AGL,CE,Federal Contract Tower,0,1,4,0,5,0,0,73,0,73,0,1,77,0,78,34,6,40,118
09/07/2014,ENW,WI,AGL,CE,Federal Contract Tower,0,9,23,0,32,0,0,120,0,120,0,9,143,0,152,42,0,42,194
09/08/2014,ENW,WI,AGL,CE,Federal Contract Tower,0,12,16,0,28,0,0,77,0,77,0,12,93,0,105,36,0,36,141
09/09/2014,ENW,WI,AGL,CE,Federal Contract Tower,0,8,4,0,12,0,0,30,0,30,0,8,34,0,42,68,0,68,110
09/10/2014,ENW,WI,AGL,CE,Federal Contract Tower,0,6,8,0,14,0,0,0,0,0,0,6,8,0,14,0,0,0,14
09/11/2014,ENW,WI,AGL,CE,Federal Contract Tower,0,14,28,0,42,0,0,41,0,41,0,14,69,0,83,90,0,90,173
09/12/2014,ENW,WI,AGL,CE,Federal Contract Tower,0,6,4,0,10,0,0,23,0,23,0,6,27,0,33,108,0,108,141
09/13/2014,ENW,WI,AGL,CE,Federal Contract Tower,0,1,19,0,20,0,0,75,0,75,0,1,94,0,95,160,0,160,255
09/14/2014,ENW,WI,AGL,CE,Federal Contract Tower,0,6,23,0,29,0,0,104,0,104,0,6,127,0,133,58,0,58,191
09/15/2014,ENW,WI,AGL,CE,Federal Contract Tower,0,15,28,0,43,0,0,34,0,34,0,15,62,0,77,46,0,46,123
09/16/2014,ENW,WI,AGL,CE,Federal Contract Tower,0,17,5,0,22,0,0,53,0,53,0,17,58,0,75,76,0,76,151
09/17/2014,ENW,WI,AGL,CE,Federal Contract Tower,0,15,19,0,34,0,0,76,0,76,0,15,95,0,110,160,0,160,270
09/18/2014,ENW,WI,AGL,CE,Federal Contract Tower,0,19,19,0,38,0,0,63,0,63,0,19,82,0,101,128,6,134,235
09/19/2014,ENW,WI,AGL,CE,Federal Contract Tower,0,4,16,0,20,0,0,83,0,83,0,4,99,0,103,162,0,162,265
09/20/2014,ENW,WI,AGL,CE,Federal Contract Tower,0,8,3,0,11,0,0,40,0,40,0,8,43,0,51,32,0,32,83
09/21/2014,ENW,WI,AGL,CE,Federal Contract Tower,0,2,19,0,21,0,0,46,0,46,0,2,65,0,67,42,0,42,109
09/22/2014,ENW,WI,AGL,CE,Federal Contract Tower,0,5,10,0,15,0,1,62,0,63,0,6,72,0,78,58,0,58,136
09/23/2014,ENW,WI,AGL,CE,Federal Contract Tower,0,2,14,0,16,0,0,104,0,104,0,2,118,0,120,72,0,72,192
09/24/2014,ENW,WI,AGL,CE,Federal Contract Tower,0,7,11,0,18,0,0,85,0,85,0,7,96,0,103,126,0,126,229
09/25/2014,ENW,WI,AGL,CE,Federal Contract Tower,0,5,8,0,13,0,1,76,0,77,0,6,84,0,90,108,0,108,198
09/26/2014,ENW,WI,AGL,CE,Federal Contract Tower,0,3,7,0,10,0,0,119,0,119,0,3,126,0,129,190,0,190,319
09/27/2014,ENW,WI,AGL,CE,Federal Contract Tower,0,0,1,0,1,0,0,163,0,163,0,0,164,0,164,142,0,142,306
09/28/2014,ENW,WI,AGL,CE,Federal Contract Tower,0,6,6,0,12,0,1,104,0,105,0,7,110,0,117,52,0,52,169
09/29/2014,ENW,WI,AGL,CE,Federal Contract Tower,0,5,2,0,7,0,0,44,2,46,0,5,46,2,53,58,0,58,111
09/30/2014,ENW,WI,AGL,CE,Federal Contract Tower,0,2,8,0,10,0,0,23,0,23,0,2,31,0,33,12,0,12,45
10/01/2014,ENW,WI,AGL,CE,Federal Contract Tower,0,4,13,0,17,0,0,60,0,60,0,4,73,0,77,96,0,96,173
10/02/2014,ENW,WI,AGL,CE,Federal Contract Tower,0,7,6,0,13,0,0,38,0,38,0,7,44,0,51,132,0,132,183
10/03/2014,ENW,WI,AGL,CE,Federal Contract Tower,0,6,6,0,12,0,0,30,0,30,0,6,36,0,42,2,0,2,44
10/04/2014,ENW,WI,AGL,CE,Federal Contract Tower,0,3,0,0,3,0,22,0,0,22,0,25,0,0,25,16,0,16,41
10/05/2014,ENW,WI,AGL,CE,Federal Contract Tower,0,4,8,0,12,0,3,98,0,101,0,7,106,0,113,72,0,72,185
10/06/2014,ENW,WI,AGL,CE,Federal Contract Tower,0,8,2,0,10,0,0,55,0,55,0,8,57,0,65,18,0,18,83
10/07/2014,ENW,WI,AGL,CE,Federal Contract Tower,0,6,7,0,13,0,0,55,0,55,0,6,62,0,68,44,0,44,112
10/08/2014,ENW,WI,AGL,CE,Federal Contract Tower,0,7,7,0,14,0,0,35,0,35,0,7,42,0,49,20,0,20,69
10/09/2014,ENW,WI,AGL,CE,Federal Contract Tower,0,10,10,0,20,0,0,72,0,72,0,10,82,0,92,54,0,54,146
10/10/2014,ENW,WI,AGL,CE,Federal Contract Tower,0,4,13,0,17,0,0,69,0,69,0,4,82,0,86,130,0,130,216
10/11/2014,ENW,WI,AGL,CE,Federal Contract Tower,0,3,4,0,7,0,0,124,0,124,0,3,128,0,131,126,0,126,257
10/12/2014,ENW,WI,AGL,CE,Federal Contract Tower,0,5,9,0,14,0,0,90,0,90,0,5,99,0,104,48,0,48,152
10/13/2014,ENW,WI,AGL,CE,Federal Contract Tower,0,14,9,0,23,0,0,2,0,2,0,14,11,0,25,0,0,0,25
10/14/2014,ENW,WI,AGL,CE,Federal Contract Tower,0,12,11,0,23,0,0,2,0,2,0,12,13,0,25,0,0,0,25
10/15/2014,ENW,WI,AGL,CE,Federal Contract Tower,0,8,28,0,36,0,0,3,0,3,0,8,31,0,39,0,0,0,39
10/16/2014,ENW,WI,AGL,CE,Federal Contract Tower,0,16,11,0,27,0,0,35,0,35,0,16,46,0,62,8,0,8,70
10/17/2014,ENW,WI,AGL,CE,Federal Contract Tower,0,8,9,0,17,0,0,70,0,70,0,8,79,0,87,96,0,96,183
10/18/2014,ENW,WI,AGL,CE,Federal Contract Tower,0,2,2,0,4,0,0,36,0,36,0,2,38,0,40,48,0,48,88
10/19/2014,ENW,WI,AGL,CE,Federal Contract Tower,0,7,14,0,21,0,0,95,0,95,0,7,109,0,116,88,0,88,204
10/20/2014,ENW,WI,AGL,CE,Federal Contract Tower,0,7,13,0,20,0,0,54,0,54,0,7,67,0,74,74,0,74,148
10/21/2014,ENW,WI,AGL,CE,Federal Contract Tower,0,8,12,0,20,0,0,36,0,36,0,8,48,0,56,14,0,14,70
10/22/2014,ENW,WI,AGL,CE,Federal Contract Tower,0,14,20,0,34,0,0,88,2,90,0,14,108,2,124,166,2,168,292
10/23/2014,ENW,WI,AGL,CE,Federal Contract Tower,0,11,15,0,26,0,0,58,0,58,0,11,73,0,84,78,0,78,162
10/24/2014,ENW,WI,AGL,CE,Federal Contract Tower,0,8,17,0,25,0,0,45,0,45,0,8,62,0,70,48,0,48,118
10/25/2014,ENW,WI,AGL,CE,Federal Contract Tower,0,3,14,0,17,0,0,86,0,86,0,3,100,0,103,126,0,126,229
10/26/2014,ENW,WI,AGL,CE,Federal Contract Tower,0,5,28,0,33,0,0,128,0,128,0,5,156,0,161,92,0,92,253
10/27/2014,ENW,WI,AGL,CE,Federal Contract Tower,0,4,24,0,28,0,4,72,0,76,0,8,96,0,104,26,0,26,130
10/28/2014,ENW,WI,AGL,CE,Federal Contract Tower,0,13,9,0,22,0,1,21,0,22,0,14,30,0,44,12,0,12,56
10/29/2014,ENW,WI,AGL,CE,Federal Contract Tower,0,6,10,0,16,0,0,54,0,54,0,6,64,0,70,40,0,40,110
10/30/2014,ENW,WI,AGL,CE,Federal Contract Tower,0,9,15,0,24,0,0,68,0,68,0,9,83,0,92,152,0,152,244
10/31/2014,ENW,WI,AGL,CE,Federal Contract Tower,0,7,2,0,9,0,0,7,0,7,0,7,9,0,16,0,0,0,16
11/01/2014,ENW,WI,AGL,CE,Federal Contract Tower,0,1,15,0,16,0,0,62,0,62,0,1,77,0,78,38,0,38,116
11/02/2014,ENW,WI,AGL,CE,Federal Contract Tower,0,3,18,0,21,0,0,83,0,83,0,3,101,0,104,106,0,106,210
11/03/2014,ENW,WI,AGL,CE,Federal Contract Tower,0,7,8,0,15,0,3,41,0,44,0,10,49,0,59,30,0,30,89
11/04/2014,ENW,WI,AGL,CE,Federal Contract Tower,0,6,6,0,12,0,0,16,0,16,0,6,22,0,28,20,0,20,48
11/05/2014,ENW,WI,AGL,CE,Federal Contract Tower,0,8,6,0,14,0,0,57,0,57,0,8,63,0,71,86,0,86,157
11/06/2014,ENW,WI,AGL,CE,Federal Contract Tower,0,14,5,0,19,0,0,1,0,1,0,14,6,0,20,0,0,0,20
11/07/2014,ENW,WI,AGL,CE,Federal Contract Tower,0,5,22,0,27,0,0,66,2,68,0,5,88,2,95,104,0,104,199
11/08/2014,ENW,WI,AGL,CE,Federal Contract Tower,0,5,17,0,22,0,0,34,0,34,0,5,51,0,56,110,0,110,166
11/09/2014,ENW,WI,AGL,CE,Federal Contract Tower,0,5,23,0,28,0,0,64,0,64,0,5,87,0,92,36,0,36,128
11/10/2014,ENW,WI,AGL,CE,Federal Contract Tower,0,7,2,0,9,0,1,44,0,45,0,8,46,0,54,74,0,74,128
11/11/2014,ENW,WI,AGL,CE,Federal Contract Tower,0,8,4,0,12,0,0,0,0,0,0,8,4,0,12,0,0,0,12
11/12/2014,ENW,WI,AGL,CE,Federal Contract Tower,0,8,8,0,16,0,0,30,0,30,0,8,38,0,46,16,0,16,62
11/13/2014,ENW,WI,AGL,CE,Federal Contract Tower,0,10,6,0,16,0,0,19,0,19,0,10,25,0,35,26,0,26,61
11/14/2014,ENW,WI,AGL,CE,Federal Contract Tower,0,10,21,0,31,0,0,53,0,53,0,10,74,0,84,108,0,108,192
11/15/2014,ENW,WI,AGL,CE,Federal Contract Tower,0,6,3,0,9,0,0,56,0,56,0,6,59,0,65,112,0,112,177
11/16/2014,ENW,WI,AGL,CE,Federal Contract Tower,0,3,5,0,8,0,0,1,0,1,0,3,6,0,9,0,0,0,9
11/17/2014,ENW,WI,AGL,CE,Federal Contract Tower,0,15,10,0,25,0,0,17,0,17,0,15,27,0,42,0,0,0,42
11/18/2014,ENW,WI,AGL,CE,Federal Contract Tower,0,11,2,0,13,0,0,12,0,12,0,11,14,0,25,76,0,76,101
11/19/2014,ENW,WI,AGL,CE,Federal Contract Tower,0,8,7,0,15,0,0,33,0,33,0,8,40,0,48,108,0,108,156
11/20/2014,ENW,WI,AGL,CE,Federal Contract Tower,0,10,2,0,12,0,0,19,0,19,0,10,21,0,31,30,0,30,61
11/21/2014,ENW,WI,AGL,CE,Federal Contract Tower,0,5,15,0,20,0,0,86,0,86,0,5,101,0,106,92,0,92,198
11/22/2014,ENW,WI,AGL,CE,Federal Contract Tower,0,5,5,0,10,0,0,0,0,0,0,5,5,0,10,0,0,0,10
11/23/2014,ENW,WI,AGL,CE,Federal Contract Tower,0,1,11,0,12,0,0,2,0,2,0,1,13,0,14,0,0,0,14
11/24/2014,ENW,WI,AGL,CE,Federal Contract Tower,0,2,0,0,2,0,0,0,0,0,0,2,0,0,2,0,0,0,2
11/25/2014,ENW,WI,AGL,CE,Federal Contract Tower,0,8,18,0,26,0,0,27,0,27,0,8,45,0,53,38,0,38,91
11/26/2014,ENW,WI,AGL,CE,Federal Contract Tower,0,5,10,0,15,0,0,18,0,18,0,5,28,0,33,22,0,22,55
11/27/2014,ENW,WI,AGL,CE,Federal Contract Tower,0,1,1,0,2,0,0,5,0,5,0,1,6,0,7,20,0,20,27
11/28/2014,ENW,WI,AGL,CE,Federal Contract Tower,0,6,12,0,18,0,0,19,0,19,0,6,31,0,37,16,0,16,53
11/29/2014,ENW,WI,AGL,CE,Federal Contract Tower,0,5,13,0,18,0,0,65,0,65,0,5,78,0,83,106,0,106,189
11/30/2014,ENW,WI,AGL,CE,Federal Contract Tower,0,14,6,0,20,0,0,0,0,0,0,14,6,0,20,0,0,0,20
12/01/2014,ENW,WI,AGL,CE,Federal Contract Tower,0,8,6,0,14,0,0,36,0,36,0,8,42,0,50,160,0,160,210
12/02/2014,ENW,WI,AGL,CE,Federal Contract Tower,0,13,16,0,29,0,0,54,0,54,0,13,70,0,83,132,0,132,215
12/03/2014,ENW,WI,AGL,CE,Federal Contract Tower,0,13,9,0,22,0,0,50,0,50,0,13,59,0,72,130,0,130,202
12/04/2014,ENW,WI,AGL,CE,Federal Contract Tower,0,4,13,0,17,0,0,41,0,41,0,4,54,0,58,168,0,168,226
12/05/2014,ENW,WI,AGL,CE,Federal Contract Tower,0,5,6,0,11,0,0,5,0,5,0,5,11,0,16,40,0,40,56
12/06/2014,ENW,WI,AGL,CE,Federal Contract Tower,0,5,9,0,14,0,0,43,0,43,0,5,52,0,57,66,0,66,123
12/07/2014,ENW,WI,AGL,CE,Federal Contract Tower,0,7,6,0,13,0,0,95,0,95,0,7,101,0,108,122,0,122,230
12/08/2014,ENW,WI,AGL,CE,Federal Contract Tower,0,9,3,0,12,0,0,0,0,0,0,9,3,0,12,0,0,0,12
12/09/2014,ENW,WI,AGL,CE,Federal Contract Tower,0,11,8,0,19,0,2,26,0,28,0,13,34,0,47,36,0,36,83
12/10/2014,ENW,WI,AGL,CE,Federal Contract Tower,0,8,10,0,18,0,0,24,0,24,0,8,34,0,42,18,0,18,60
12/11/2014,ENW,WI,AGL,CE,Federal Contract Tower,0,14,15,0,29,0,0,39,0,39,0,14,54,0,68,42,0,42,110
12/12/2014,ENW,WI,AGL,CE,Federal Contract Tower,0,9,10,0,19,0,0,0,0,0,0,9,10,0,19,0,0,0,19
12/13/2014,ENW,WI,AGL,CE,Federal Contract Tower,0,1,5,0,6,0,0,6,0,6,0,1,11,0,12,58,0,58,70
12/14/2014,ENW,WI,AGL,CE,Federal Contract Tower,0,7,5,0,12,0,0,0,0,0,0,7,5,0,12,0,0,0,12
12/15/2014,ENW,WI,AGL,CE,Federal Contract Tower,0,3,5,0,8,0,0,0,0,0,0,3,5,0,8,0,0,0,8
12/17/2014,ENW,WI,AGL,CE,Federal Contract Tower,0,7,12,0,19,0,0,20,0,20,0,7,32,0,39,66,8,74,113
12/18/2014,ENW,WI,AGL,CE,Federal Contract Tower,0,12,14,0,26,0,0,33,0,33,0,12,47,0,59,26,0,26,85
12/19/2014,ENW,WI,AGL,CE,Federal Contract Tower,0,7,1,0,8,0,0,75,0,75,0,7,76,0,83,152,0,152,235
12/20/2014,ENW,WI,AGL,CE,Federal Contract Tower,0,2,18,0,20,0,0,70,0,70,0,2,88,0,90,108,0,108,198
12/21/2014,ENW,WI,AGL,CE,Federal Contract Tower,0,4,2,0,6,0,0,28,0,28,0,4,30,0,34,32,0,32,66
12/22/2014,ENW,WI,AGL,CE,Federal Contract Tower,0,8,7,0,15,0,0,0,0,0,0,8,7,0,15,0,0,0,15
12/23/2014,ENW,WI,AGL,CE,Federal Contract Tower,0,11,1,0,12,0,0,20,0,20,0,11,21,0,32,42,0,42,74
12/24/2014,ENW,WI,AGL,CE,Federal Contract Tower,0,1,0,0,1,0,0,0,0,0,0,1,0,0,1,0,0,0,1
12/25/2014,ENW,WI,AGL,CE,Federal Contract Tower,0,2,0,0,2,0,0,8,0,8,0,2,8,0,10,0,0,0,10
12/26/2014,ENW,WI,AGL,CE,Federal Contract Tower,0,14,14,0,28,0,4,83,0,87,0,18,97,0,115,174,0,174,289
12/27/2014,ENW,WI,AGL,CE,Federal Contract Tower,0,9,9,0,18,0,0,15,0,15,0,9,24,0,33,40,0,40,73
12/28/2014,ENW,WI,AGL,CE,Federal Contract Tower,0,9,12,0,21,0,0,97,0,97,0,9,109,0,118,178,0,178,296
12/29/2014,ENW,WI,AGL,CE,Federal Contract Tower,0,2,4,0,6,0,0,43,0,43,0,2,47,0,49,154,0,154,203
12/30/2014,ENW,WI,AGL,CE,Federal Contract Tower,0,1,13,0,14,0,0,69,0,69,0,1,82,0,83,114,0,114,197
12/31/2014,ENW,WI,AGL,CE,Federal Contract Tower,0,0,0,0,0,0,0,10,2,12,0,0,10,2,12,4,0,4,16
01/01/2015,ENW,WI,AGL,CE,Federal Contract Tower,0,1,3,0,4,0,0,15,0,15,0,1,18,0,19,0,0,0,19
01/02/2015,ENW,WI,AGL,CE,Federal Contract Tower,0,7,24,0,31,0,0,95,0,95,0,7,119,0,126,142,0,142,268
01/03/2015,ENW,WI,AGL,CE,Federal Contract Tower,0,8,0,0,8,0,0,0,0,0,0,8,0,0,8,0,0,0,8
01/04/2015,ENW,WI,AGL,CE,Federal Contract Tower,0,7,2,0,9,0,0,0,0,0,0,7,2,0,9,0,0,0,9
01/05/2015,ENW,WI,AGL,CE,Federal Contract Tower,0,11,9,0,20,0,0,0,0,0,0,11,9,0,20,0,0,0,20
01/06/2015,ENW,WI,AGL,CE,Federal Contract Tower,0,6,6,0,12,0,0,9,0,9,0,6,15,0,21,0,0,0,21
01/07/2015,ENW,WI,AGL,CE,Federal Contract Tower,0,4,2,0,6,0,0,0,0,0,0,4,2,0,6,0,0,0,6
01/08/2015,ENW,WI,AGL,CE,Federal Contract Tower,0,4,1,0,5,0,0,6,0,6,0,4,7,0,11,12,0,12,23
01/09/2015,ENW,WI,AGL,CE,Federal Contract Tower,0,4,2,0,6,0,0,1,0,1,0,4,3,0,7,0,0,0,7
01/10/2015,ENW,WI,AGL,CE,Federal Contract Tower,0,3,0,0,3,0,0,23,0,23,0,3,23,0,26,36,0,36,62
01/11/2015,ENW,WI,AGL,CE,Federal Contract Tower,0,3,16,0,19,0,0,32,0,32,0,3,48,0,51,80,0,80,131
01/12/2015,ENW,WI,AGL,CE,Federal Contract Tower,0,7,6,0,13,0,0,35,0,35,0,7,41,0,48,76,0,76,124
01/13/2015,ENW,WI,AGL,CE,Federal Contract Tower,0,2,7,0,9,0,0,45,0,45,0,2,52,0,54,22,0,22,76
01/14/2015,ENW,WI,AGL,CE,Federal Contract Tower,0,7,2,0,9,0,0,53,4,57,0,7,55,4,66,112,0,112,178
01/15/2015,ENW,WI,AGL,CE,Federal Contract Tower,0,6,6,0,12,0,0,48,0,48,0,6,54,0,60,98,0,98,158
01/16/2015,ENW,WI,AGL,CE,Federal Contract Tower,0,12,8,0,20,0,0,38,0,38,0,12,46,0,58,116,0,116,174
01/17/2015,ENW,WI,AGL,CE,Federal Contract Tower,0,1,4,0,5,0,0,43,0,43,0,1,47,0,48,28,0,28,76
01/18/2015,ENW,WI,AGL,CE,Federal Contract Tower,0,7,15,0,22,0,0,39,0,39,0,7,54,0,61,28,0,28,89
01/19/2015,ENW,WI,AGL,CE,Federal Contract Tower,0,3,4,0,7,0,0,44,0,44,0,3,48,0,51,120,0,120,171
01/20/2015,ENW,WI,AGL,CE,Federal Contract Tower,0,10,5,0,15,0,0,0,0,0,0,10,5,0,15,0,0,0,15
01/21/2015,ENW,WI,AGL,CE,Federal Contract Tower,0,9,5,0,14,0,0,4,0,4,0,9,9,0,18,0,0,0,18
01/22/2015,ENW,WI,AGL,CE,Federal Contract Tower,0,5,9,0,14,0,8,51,0,59,0,13,60,0,73,76,0,76,149
01/23/2015,ENW,WI,AGL,CE,Federal Contract Tower,0,6,15,0,21,0,0,41,0,41,0,6,56,0,62,80,0,80,142
01/24/2015,ENW,WI,AGL,CE,Federal Contract Tower,0,3,12,0,15,0,0,68,0,68,0,3,80,0,83,62,0,62,145
01/25/2015,ENW,WI,AGL,CE,Federal Contract Tower,0,8,3,0,11,0,0,2,0,2,0,8,5,0,13,0,0,0,13
01/26/2015,ENW,WI,AGL,CE,Federal Contract Tower,0,0,2,0,2,0,0,28,0,28,0,0,30,0,30,82,0,82,112
01/27/2015,ENW,WI,AGL,CE,Federal Contract Tower,0,2,3,0,5,0,0,86,0,86,0,2,89,0,91,206,0,206,297
01/28/2015,ENW,WI,AGL,CE,Federal Contract Tower,0,4,15,0,19,0,0,88,0,88,0,4,103,0,107,56,0,56,163
01/29/2015,ENW,WI,AGL,CE,Federal Contract Tower,0,5,3,0,8,0,0,0,0,0,0,5,3,0,8,62,0,62,70
01/30/2015,ENW,WI,AGL,CE,Federal Contract Tower,0,2,19,0,21,0,0,69,0,69,0,2,88,0,90,116,0,116,206
01/31/2015,ENW,WI,AGL,CE,Federal Contract Tower,0,7,27,0,34,0,0,71,0,71,0,7,98,0,105,110,0,110,215
02/01/2015,ENW,WI,AGL,CE,Federal Contract Tower,0,2,0,0,2,0,0,0,0,0,0,2,0,0,2,0,0,0,2
02/02/2015,ENW,WI,AGL,CE,Federal Contract Tower,0,7,6,0,13,0,0,6,0,6,0,7,12,0,19,0,0,0,19
02/03/2015,ENW,WI,AGL,CE,Federal Contract Tower,0,11,2,0,13,0,0,4,0,4,0,11,6,0,17,0,0,0,17
02/04/2015,ENW,WI,AGL,CE,Federal Contract Tower,0,9,5,0,14,0,0,19,0,19,0,9,24,0,33,0,0,0,33
02/05/2015,ENW,WI,AGL,CE,Federal Contract Tower,0,8,4,0,12,0,0,24,0,24,0,8,28,0,36,8,0,8,44
02/06/2015,ENW,WI,AGL,CE,Federal Contract Tower,0,5,7,0,12,0,0,41,0,41,0,5,48,0,53,8,0,8,61
02/07/2015,ENW,WI,AGL,CE,Federal Contract Tower,0,0,1,0,1,0,0,25,0,25,0,0,26,0,26,42,0,42,68
02/08/2015,ENW,WI,AGL,CE,Federal Contract Tower,0,1,0,0,1,0,0,0,0,0,0,1,0,0,1,0,0,0,1
02/09/2015,ENW,WI,AGL,CE,Federal Contract Tower,0,10,1,0,11,0,0,17,0,17,0,10,18,0,28,42,0,42,70
02/10/2015,ENW,WI,AGL,CE,Federal Contract Tower,0,8,8,0,16,0,0,57,0,57,0,8,65,0,73,72,0,72,145
02/11/2015,ENW,WI,AGL,CE,Federal Contract Tower,0,3,2,0,5,0,0,23,0,23,0,3,25,0,28,22,0,22,50
02/12/2015,ENW,WI,AGL,CE,Federal Contract Tower,0,9,5,0,14,0,0,24,0,24,0,9,29,0,38,18,0,18,56
02/13/2015,ENW,WI,AGL,CE,Federal Contract Tower,0,6,0,0,6,0,0,53,0,53,0,6,53,0,59,46,0,46,105
02/14/2015,ENW,WI,AGL,CE,Federal Contract Tower,0,2,1,0,3,0,0,13,0,13,0,2,14,0,16,22,0,22,38
02/15/2015,ENW,WI,AGL,CE,Federal Contract Tower,0,2,9,0,11,0,0,11,0,11,0,2,20,0,22,0,0,0,22
02/16/2015,ENW,WI,AGL,CE,Federal Contract Tower,0,13,11,0,24,0,0,35,0,35,0,13,46,0,59,4,0,4,63
02/17/2015,ENW,WI,AGL,CE,Federal Contract Tower,0,9,6,0,15,0,0,25,0,25,0,9,31,0,40,16,0,16,56
02/18/2015,ENW,WI,AGL,CE,Federal Contract Tower,0,12,2,0,14,0,0,15,0,15,0,12,17,0,29,0,0,0,29
02/19/2015,ENW,WI,AGL,CE,Federal Contract Tower,0,3,11,0,14,0,0,25,0,25,0,3,36,0,39,28,0,28,67
02/20/2015,ENW,WI,AGL,CE,Federal Contract Tower,0,3,4,0,7,0,0,15,0,15,0,3,19,0,22,0,0,0,22
02/21/2015,ENW,WI,AGL,CE,Federal Contract Tower,0,3,15,0,18,0,0,35,0,35,0,3,50,0,53,106,0,106,159
02/22/2015,ENW,WI,AGL,CE,Federal Contract Tower,0,9,13,0,22,0,0,32,0,32,0,9,45,0,54,64,0,64,118
02/23/2015,ENW,WI,AGL,CE,Federal Contract Tower,0,6,15,0,21,0,0,32,0,32,0,6,47,0,53,0,0,0,53
02/24/2015,ENW,WI,AGL,CE,Federal Contract Tower,0,3,3,0,6,0,0,28,0,28,0,3,31,0,34,62,0,62,96
02/25/2015,ENW,WI,AGL,CE,Federal Contract Tower,0,12,7,0,19,0,0,38,0,38,0,12,45,0,57,84,0,84,141
02/26/2015,ENW,WI,AGL,CE,Federal Contract Tower,0,4,1,0,5,0,0,10,0,10,0,4,11,0,15,0,0,0,15
02/27/2015,ENW,WI,AGL,CE,Federal Contract Tower,0,4,3,0,7,0,2,47,0,49,0,6,50,0,56,108,0,108,164
02/28/2015,ENW,WI,AGL,CE,Federal Contract Tower,0,2,27,0,29,0,0,70,0,70,0,2,97,0,99,126,0,126,225
03/01/2015,ENW,WI,AGL,CE,Federal Contract Tower,0,7,3,0,10,0,0,27,0,27,0,7,30,0,37,60,0,60,97
03/02/2015,ENW,WI,AGL,CE,Federal Contract Tower,0,18,6,0,24,0,2,49,2,53,0,20,55,2,77,112,0,112,189
03/03/2015,ENW,WI,AGL,CE,Federal Contract Tower,0,0,3,0,3,0,0,0,0,0,0,0,3,0,3,0,0,0,3
03/04/2015,ENW,WI,AGL,CE,Federal Contract Tower,0,15,11,0,26,0,0,40,0,40,0,15,51,0,66,28,0,28,94
03/05/2015,ENW,WI,AGL,CE,Federal Contract Tower,0,13,11,0,24,0,0,63,0,63,0,13,74,0,87,16,0,16,103
03/06/2015,ENW,WI,AGL,CE,Federal Contract Tower,0,13,7,0,20,0,0,50,0,50,0,13,57,0,70,92,0,92,162
03/07/2015,ENW,WI,AGL,CE,Federal Contract Tower,0,1,7,0,8,0,0,65,0,65,0,1,72,0,73,176,0,176,249
03/08/2015,ENW,WI,AGL,CE,Federal Contract Tower,0,3,0,0,3,0,0,63,0,63,0,3,63,0,66,104,0,104,170
03/09/2015,ENW,WI,AGL,CE,Federal Contract Tower,0,11,4,0,15,0,2,60,0,62,0,13,64,0,77,100,0,100,177
03/10/2015,ENW,WI,AGL,CE,Federal Contract Tower,0,7,6,0,13,0,0,28,0,28,0,7,34,0,41,0,0,0,41
03/11/2015,ENW,WI,AGL,CE,Federal Contract Tower,0,10,6,0,16,0,0,87,0,87,0,10,93,0,103,94,0,94,197
03/12/2015,ENW,WI,AGL,CE,Federal Contract Tower,0,8,12,0,20,0,0,64,0,64,0,8,76,0,84,166,0,166,250
03/13/2015,ENW,WI,AGL,CE,Federal Contract Tower,0,11,6,0,17,0,0,107,0,107,0,11,113,0,124,84,0,84,208
03/14/2015,ENW,WI,AGL,CE,Federal Contract Tower,0,6,3,0,9,0,0,77,0,77,0,6,80,0,86,74,0,74,160
03/15/2015,ENW,WI,AGL,CE,Federal Contract Tower,0,9,11,0,20,0,0,68,0,68,0,9,79,0,88,66,0,66,154
03/16/2015,ENW,WI,AGL,CE,Federal Contract Tower,0,13,9,0,22,0,4,54,0,58,0,17,63,0,80,86,0,86,166
03/17/2015,ENW,WI,AGL,CE,Federal Contract Tower,0,12,2,0,14,0,0,39,0,39,0,12,41,0,53,58,0,58,111
03/18/2015,ENW,WI,AGL,CE,Federal Contract Tower,0,5,4,0,9,0,0,52,0,52,0,5,56,0,61,114,0,114,175
03/19/2015,ENW,WI,AGL,CE,Federal Contract Tower,0,22,5,0,27,0,0,57,0,57,0,22,62,0,84,118,0,118,202
03/20/2015,ENW,WI,AGL,CE,Federal Contract Tower,0,5,14,0,19,0,0,55,0,55,0,5,69,0,74,54,0,54,128
03/21/2015,ENW,WI,AGL,CE,Federal Contract Tower,0,6,9,0,15,0,0,67,0,67,0,6,76,0,82,106,0,106,188
03/22/2015,ENW,WI,AGL,CE,Federal Contract Tower,0,8,6,0,14,0,0,55,0,55,0,8,61,0,69,40,0,40,109
03/23/2015,ENW,WI,AGL,CE,Federal Contract Tower,0,8,12,0,20,0,0,0,0,0,0,8,12,0,20,0,0,0,20
03/24/2015,ENW,WI,AGL,CE,Federal Contract Tower,0,5,6,0,11,0,0,49,0,49,0,5,55,0,60,44,0,44,104
03/25/2015,ENW,WI,AGL,CE,Federal Contract Tower,0,9,11,0,20,0,0,27,0,27,0,9,38,0,47,0,0,0,47
03/26/2015,ENW,WI,AGL,CE,Federal Contract Tower,0,4,13,0,17,0,0,43,0,43,0,4,56,0,60,52,0,52,112
03/27/2015,ENW,WI,AGL,CE,Federal Contract Tower,0,6,8,0,14,0,0,68,0,68,0,6,76,0,82,78,0,78,160
03/28/2015,ENW,WI,AGL,CE,Federal Contract Tower,0,11,20,0,31,0,0,66,0,66,0,11,86,0,97,78,0,78,175
03/29/2015,ENW,WI,AGL,CE,Federal Contract Tower,0,4,5,0,9,0,0,0,0,0,0,4,5,0,9,0,0,0,9
03/30/2015,ENW,WI,AGL,CE,Federal Contract Tower,0,10,13,0,23,0,0,59,0,59,0,10,72,0,82,32,0,32,114
03/31/2015,ENW,WI,AGL,CE,Federal Contract Tower,0,2,8,0,10,0,0,52,0,52,0,2,60,0,62,36,0,36,98
04/01/2015,ENW,WI,AGL,CE,Federal Contract Tower,0,11,11,0,22,0,0,68,0,68,0,11,79,0,90,120,0,120,210
04/02/2015,ENW,WI,AGL,CE,Federal Contract Tower,0,8,11,0,19,0,0,23,0,23,0,8,34,0,42,108,0,108,150
04/03/2015,ENW,WI,AGL,CE,Federal Contract Tower,0,0,3,0,3,0,0,44,0,44,0,0,47,0,47,116,0,116,163
04/04/2015,ENW,WI,AGL,CE,Federal Contract Tower,0,3,3,0,6,0,0,73,0,73,0,3,76,0,79,60,0,60,139
04/05/2015,ENW,WI,AGL,CE,Federal Contract Tower,0,5,0,0,5,0,0,24,0,24,0,5,24,0,29,0,0,0,29
04/06/2015,ENW,WI,AGL,CE,Federal Contract Tower,0,17,7,0,24,0,65,0,0,65,0,82,7,0,89,52,0,52,141
04/07/2015,ENW,WI,AGL,CE,Federal Contract Tower,0,11,5,0,16,0,0,0,0,0,0,11,5,0,16,0,0,0,16
04/08/2015,ENW,WI,AGL,CE,Federal Contract Tower,0,7,5,0,12,0,0,0,0,0,0,7,5,0,12,0,0,0,12
04/09/2015,ENW,WI,AGL,CE,Federal Contract Tower,0,7,0,0,7,0,0,0,0,0,0,7,0,0,7,0,0,0,7
04/10/2015,ENW,WI,AGL,CE,Federal Contract Tower,0,14,5,0,19,0,0,44,0,44,0,14,49,0,63,68,0,68,131
04/11/2015,ENW,WI,AGL,CE,Federal Contract Tower,0,9,28,0,37,0,0,86,0,86,0,9,114,0,123,232,0,232,355
04/12/2015,ENW,WI,AGL,CE,Federal Contract Tower,0,3,11,0,14,0,0,50,0,50,0,3,61,0,64,70,0,70,134
04/13/2015,ENW,WI,AGL,CE,Federal Contract Tower,0,8,3,0,11,0,0,43,0,43,0,8,46,0,54,88,0,88,142
04/14/2015,ENW,WI,AGL,CE,Federal Contract Tower,0,18,16,0,34,0,0,121,0,121,0,18,137,0,155,196,0,196,351
04/15/2015,ENW,WI,AGL,CE,Federal Contract Tower,0,10,13,0,23,0,0,97,0,97,0,10,110,0,120,186,0,186,306
04/16/2015,ENW,WI,AGL,CE,Federal Contract Tower,0,13,6,0,19,0,0,65,0,65,0,13,71,0,84,162,0,162,246
04/17/2015,ENW,WI,AGL,CE,Federal Contract Tower,0,12,29,0,41,0,0,110,0,110,0,12,139,0,151,296,0,296,447
04/18/2015,ENW,WI,AGL,CE,Federal Contract Tower,0,6,5,0,11,0,0,68,0,68,0,6,73,0,79,132,0,132,211
04/19/2015,ENW,WI,AGL,CE,Federal Contract Tower,0,5,11,0,16,0,0,42,0,42,0,5,53,0,58,80,0,80,138
04/20/2015,ENW,WI,AGL,CE,Federal Contract Tower,0,9,5,0,14,0,0,0,0,0,0,9,5,0,14,0,0,0,14
04/21/2015,ENW,WI,AGL,CE,Federal Contract Tower,0,3,2,0,5,0,0,4,0,4,0,3,6,0,9,20,0,20,29
04/22/2015,ENW,WI,AGL,CE,Federal Contract Tower,0,8,10,0,18,0,0,22,0,22,0,8,32,0,40,30,0,30,70
04/23/2015,ENW,WI,AGL,CE,Federal Contract Tower,0,9,15,0,24,0,2,83,0,85,0,11,98,0,109,144,0,144,253
04/24/2015,ENW,WI,AGL,CE,Federal Contract Tower,0,6,15,0,21,0,0,61,0,61,0,6,76,0,82,128,0,128,210
04/25/2015,ENW,WI,AGL,CE,Federal Contract Tower,0,3,13,0,16,0,0,33,0,33,0,3,46,0,49,116,0,116,165
04/26/2015,ENW,WI,AGL,CE,Federal Contract Tower,0,14,28,0,42,0,0,112,0,112,0,14,140,0,154,132,0,132,286
04/27/2015,ENW,WI,AGL,CE,Federal Contract Tower,0,7,10,0,17,0,0,90,0,90,0,7,100,0,107,130,0,130,237
04/28/2015,ENW,WI,AGL,CE,Federal Contract Tower,0,6,14,0,20,0,0,98,0,98,0,6,112,0,118,242,0,242,360
04/29/2015,ENW,WI,AGL,CE,Federal Contract Tower,0,11,11,0,22,0,0,66,0,66,0,11,77,0,88,146,0,146,234
04/30/2015,ENW,WI,AGL,CE,Federal Contract Tower,0,6,2,0,8,0,2,20,2,24,0,8,22,2,32,56,0,56,88
05/01/2015,ENW,WI,AGL,CE,Federal Contract Tower,0,20,13,0,33,0,3,101,0,104,0,23,114,0,137,178,0,178,315
05/02/2015,ENW,WI,AGL,CE,Federal Contract Tower,0,5,22,0,27,0,0,137,0,137,0,5,159,0,164,164,0,164,328
05/03/2015,ENW,WI,AGL,CE,Federal Contract Tower,0,7,11,0,18,0,0,54,0,54,0,7,65,0,72,66,0,66,138
05/04/2015,ENW,WI,AGL,CE,Federal Contract Tower,0,11,12,0,23,0,0,25,4,29,0,11,37,4,52,112,0,112,164
05/05/2015,ENW,WI,AGL,CE,Federal Contract Tower,0,3,21,0,24,0,0,0,0,0,0,3,21,0,24,0,0,0,24
05/06/2015,ENW,WI,AGL,CE,Federal Contract Tower,0,4,14,0,18,0,0,3,0,3,0,4,17,0,21,80,0,80,101
05/07/2015,ENW,WI,AGL,CE,Federal Contract Tower,0,18,14,0,32,0,0,85,0,85,0,18,99,0,117,136,0,136,253
05/08/2015,ENW,WI,AGL,CE,Federal Contract Tower,0,9,6,0,15,0,0,81,0,81,0,9,87,0,96,164,0,164,260
05/09/2015,ENW,WI,AGL,CE,Federal Contract Tower,0,0,13,0,13,0,0,18,0,18,0,0,31,0,31,62,0,62,93
05/10/2015,ENW,WI,AGL,CE,Federal Contract Tower,0,5,13,0,18,0,0,0,0,0,0,5,13,0,18,0,0,0,18
05/11/2015,ENW,WI,AGL,CE,Federal Contract Tower,0,15,14,0,29,0,0,12,0,12,0,15,26,0,41,0,0,0,41
05/12/2015,ENW,WI,AGL,CE,Federal Contract Tower,0,16,8,0,24,0,1,19,0,20,0,17,27,0,44,12,0,12,56
05/13/2015,ENW,WI,AGL,CE,Federal Contract Tower,0,3,23,0,26,0,0,149,0,149,0,3,172,0,175,248,0,248,423
05/14/2015,ENW,WI,AGL,CE,Federal Contract Tower,0,12,11,0,23,0,0,93,0,93,0,12,104,0,116,128,0,128,244
05/15/2015,ENW,WI,AGL,CE,Federal Contract Tower,0,9,15,0,24,0,0,96,0,96,0,9,111,0,120,136,0,136,256
05/16/2015,ENW,WI,AGL,CE,Federal Contract Tower,0,1,9,0,10,0,0,65,0,65,0,1,74,0,75,142,0,142,217
05/17/2015,ENW,WI,AGL,CE,Federal Contract Tower,0,12,5,0,17,0,0,1,0,1,0,12,6,0,18,0,0,0,18
05/18/2015,ENW,WI,AGL,CE,Federal Contract Tower,0,11,8,0,19,0,2,47,0,49,0,13,55,0,68,90,0,90,158
05/19/2015,ENW,WI,AGL,CE,Federal Contract Tower,0,14,20,0,34,0,0,75,0,75,0,14,95,0,109,100,0,100,209
05/20/2015,ENW,WI,AGL,CE,Federal Contract Tower,0,12,11,0,23,0,0,77,0,77,0,12,88,0,100,126,0,126,226
05/21/2015,ENW,WI,AGL,CE,Federal Contract Tower,0,12,8,0,20,0,0,97,0,97,0,12,105,0,117,222,0,222,339
05/22/2015,ENW,WI,AGL,CE,Federal Contract Tower,0,13,22,0,35,0,0,107,0,107,0,13,129,0,142,174,0,174,316
05/23/2015,ENW,WI,AGL,CE,Federal Contract Tower,0,3,6,0,9,0,0,99,0,99,0,3,105,0,108,230,0,230,338
05/24/2015,ENW,WI,AGL,CE,Federal Contract Tower,0,6,22,0,28,0,0,24,0,24,0,6,46,0,52,0,0,0,52
05/25/2015,ENW,WI,AGL,CE,Federal Contract Tower,0,7,3,0,10,0,0,8,0,8,0,7,11,0,18,18,0,18,36
05/26/2015,ENW,WI,AGL,CE,Federal Contract Tower,0,7,8,0,15,0,0,19,0,19,0,7,27,0,34,104,0,104,138
05/27/2015,ENW,WI,AGL,CE,Federal Contract Tower,0,12,13,0,25,0,0,48,0,48,0,12,61,0,73,148,0,148,221
05/28/2015,ENW,WI,AGL,CE,Federal Contract Tower,0,15,21,0,36,0,0,152,0,152,0,15,173,0,188,202,0,202,390
05/29/2015,ENW,WI,AGL,CE,Federal Contract Tower,0,23,16,0,39,0,1,59,0,60,0,24,75,0,99,104,0,104,203
05/30/2015,ENW,WI,AGL,CE,Federal Contract Tower,0,4,4,0,8,0,0,0,0,0,0,4,4,0,8,0,0,0,8
05/31/2015,ENW,WI,AGL,CE,Federal Contract Tower,0,8,4,0,12,0,0,48,0,48,0,8,52,0,60,30,0,30,90
06/01/2015,ENW,WI,AGL,CE,Federal Contract Tower,0,24,16,0,40,0,2,131,2,135,0,26,147,2,175,228,0,228,403
06/02/2015,ENW,WI,AGL,CE,Federal Contract Tower,0,13,26,0,39,0,0,117,0,117,0,13,143,0,156,150,0,150,306
06/03/2015,ENW,WI,AGL,CE,Federal Contract Tower,0,9,18,0,27,0,3,114,0,117,0,12,132,0,144,138,0,138,282
06/04/2015,ENW,WI,AGL,CE,Federal Contract Tower,0,9,4,0,13,0,0,72,0,72,0,9,76,0,85,234,0,234,319
06/05/2015,ENW,WI,AGL,CE,Federal Contract Tower,0,5,30,0,35,0,0,29,0,29,0,5,59,0,64,48,0,48,112
06/06/2015,ENW,WI,AGL,CE,Federal Contract Tower,0,7,12,0,19,0,0,104,0,104,0,7,116,0,123,116,0,116,239
06/07/2015,ENW,WI,AGL,CE,Federal Contract Tower,0,9,3,0,12,0,0,11,0,11,0,9,14,0,23,0,0,0,23
06/08/2015,ENW,WI,AGL,CE,Federal Contract Tower,0,9,20,0,29,0,0,40,0,40,0,9,60,0,69,22,0,22,91
06/09/2015,ENW,WI,AGL,CE,Federal Contract Tower,0,8,18,0,26,0,0,141,0,141,0,8,159,0,167,214,0,214,381
06/10/2015,ENW,WI,AGL,CE,Federal Contract Tower,0,10,11,0,21,0,0,75,0,75,0,10,86,0,96,80,0,80,176
06/11/2015,ENW,WI,AGL,CE,Federal Contract Tower,0,10,19,0,29,0,0,20,0,20,0,10,39,0,49,46,0,46,95
06/12/2015,ENW,WI,AGL,CE,Federal Contract Tower,0,20,35,0,55,0,0,3,0,3,0,20,38,0,58,0,0,0,58
06/13/2015,ENW,WI,AGL,CE,Federal Contract Tower,0,6,26,0,32,0,0,26,0,26,0,6,52,0,58,68,0,68,126
06/14/2015,ENW,WI,AGL,CE,Federal Contract Tower,0,17,3,0,20,0,0,26,0,26,0,17,29,0,46,82,0,82,128
06/15/2015,ENW,WI,AGL,CE,Federal Contract Tower,0,9,2,0,11,0,0,8,0,8,0,9,10,0,19,30,0,30,49
06/16/2015,ENW,WI,AGL,CE,Federal Contract Tower,0,17,11,0,28,0,0,114,0,114,0,17,125,0,142,156,0,156,298
06/17/2015,ENW,WI,AGL,CE,Federal Contract Tower,0,13,15,0,28,0,0,88,0,88,0,13,103,0,116,192,0,192,308
06/18/2015,ENW,WI,AGL,CE,Federal Contract Tower,0,42,13,1,56,0,0,70,2,72,0,42,83,3,128,146,0,146,274
06/19/2015,ENW,WI,AGL,CE,Federal Contract Tower,0,13,41,0,54,0,0,125,0,125,0,13,166,0,179,202,0,202,381
06/20/2015,ENW,WI,AGL,CE,Federal Contract Tower,0,6,5,0,11,0,0,79,0,79,0,6,84,0,90,90,0,90,180
06/21/2015,ENW,WI,AGL,CE,Federal Contract Tower,0,16,18,0,34,0,0,128,0,128,0,16,146,0,162,80,0,80,242
06/23/2015,ENW,WI,AGL,CE,Federal Contract Tower,0,17,27,0,44,0,0,118,0,118,0,17,145,0,162,266,0,266,428
06/24/2015,ENW,WI,AGL,CE,Federal Contract Tower,0,6,11,0,17,0,0,69,0,69,0,6,80,0,86,274,0,274,360
06/25/2015,ENW,WI,AGL,CE,Federal Contract Tower,0,8,5,0,13,0,0,4,0,4,0,8,9,0,17,52,0,52,69
06/26/2015,ENW,WI,AGL,CE,Federal Contract Tower,0,11,26,0,37,0,0,84,0,84,0,11,110,0,121,100,0,100,221
06/27/2015,ENW,WI,AGL,CE,Federal Contract Tower,0,6,4,0,10,0,0,99,0,99,0,6,103,0,109,42,0,42,151
06/28/2015,ENW,WI,AGL,CE,Federal Contract Tower,0,15,20,0,35,0,0,94,0,94,0,15,114,0,129,92,0,92,221
06/29/2015,ENW,WI,AGL,CE,Federal Contract Tower,0,14,9,0,23,0,2,52,3,57,0,16,61,3,80,174,0,174,254
06/30/2015,ENW,WI,AGL,CE,Federal Contract Tower,0,17,11,0,28,0,2,76,0,78,0,19,87,0,106,96,0,96,202
07/01/2015,ENW,WI,AGL,CE,Federal Contract Tower,0,13,23,0,36,0,0,92,0,92,0,13,115,0,128,116,0,116,244
07/02/2015,ENW,WI,AGL,CE,Federal Contract Tower,0,12,13,0,25,0,1,107,0,108,0,13,120,0,133,156,0,156,289
07/03/2015,ENW,WI,AGL,CE,Federal Contract Tower,0,14,14,0,28,0,0,87,0,87,0,14,101,0,115,140,0,140,255
07/04/2015,ENW,WI,AGL,CE,Federal Contract Tower,0,2,12,0,14,0,0,99,0,99,0,2,111,0,113,34,0,34,147
07/05/2015,ENW,WI,AGL,CE,Federal Contract Tower,0,13,14,0,27,0,0,102,0,102,0,13,116,0,129,58,0,58,187
07/06/2015,ENW,WI,AGL,CE,Federal Contract Tower,0,14,4,0,18,0,0,36,1,37,0,14,40,1,55,68,0,68,123
07/07/2015,ENW,WI,AGL,CE,Federal Contract Tower,0,5,12,0,17,0,86,0,0,86,0,91,12,0,103,174,0,174,277
07/08/2015,ENW,WI,AGL,CE,Federal Contract Tower,0,14,22,0,36,0,0,102,0,102,0,14,124,0,138,182,0,182,320
07/09/2015,ENW,WI,AGL,CE,Federal Contract Tower,0,16,14,0,30,0,0,64,0,64,0,16,78,0,94,66,0,66,160
07/10/2015,ENW,WI,AGL,CE,Federal Contract Tower,0,6,33,0,39,0,0,115,0,115,0,6,148,0,154,162,0,162,316
07/11/2015,ENW,WI,AGL,CE,Federal Contract Tower,0,2,12,0,14,0,0,97,0,97,0,2,109,0,111,108,0,108,219
07/12/2015,ENW,WI,AGL,CE,Federal Contract Tower,0,15,14,0,29,0,0,79,0,79,0,15,93,0,108,110,28,138,246
07/13/2015,ENW,WI,AGL,CE,Federal Contract Tower,0,14,8,0,22,0,0,50,0,50,0,14,58,0,72,80,0,80,152
07/14/2015,ENW,WI,AGL,CE,Federal Contract Tower,0,10,12,0,22,0,0,47,0,47,0,10,59,0,69,104,0,104,173
07/15/2015,ENW,WI,AGL,CE,Federal Contract Tower,0,11,14,0,25,0,0,113,0,113,0,11,127,0,138,154,0,154,292
07/16/2015,ENW,WI,AGL,CE,Federal Contract Tower,0,18,14,0,32,0,0,32,0,32,0,18,46,0,64,44,0,44,108
07/17/2015,ENW,WI,AGL,CE,Federal Contract Tower,0,5,9,0,14,0,0,81,0,81,0,5,90,0,95,66,0,66,161
07/18/2015,ENW,WI,AGL,CE,Federal Contract Tower,0,9,3,0,12,0,0,79,0,79,0,9,82,0,91,38,0,38,129
07/19/2015,ENW,WI,AGL,CE,Federal Contract Tower,0,9,7,0,16,0,1,134,0,135,0,10,141,0,151,178,0,178,329
07/20/2015,ENW,WI,AGL,CE,Federal Contract Tower,0,6,9,0,15,0,0,94,0,94,0,6,103,0,109,174,0,174,283
07/21/2015,ENW,WI,AGL,CE,Federal Contract Tower,0,10,5,0,15,0,0,83,3,86,0,10,88,3,101,210,2,212,313
07/22/2015,ENW,WI,AGL,CE,Federal Contract Tower,0,9,7,0,16,0,0,69,0,69,0,9,76,0,85,68,0,68,153
07/23/2015,ENW,WI,AGL,CE,Federal Contract Tower,0,18,3,0,21,0,0,75,0,75,0,18,78,0,96,84,0,84,180
07/24/2015,ENW,WI,AGL,CE,Federal Contract Tower,0,16,11,0,27,0,0,140,0,140,0,16,151,0,167,170,0,170,337
07/25/2015,ENW,WI,AGL,CE,Federal Contract Tower,0,6,12,0,18,0,0,111,0,111,0,6,123,0,129,72,0,72,201
07/26/2015,ENW,WI,AGL,CE,Federal Contract Tower,0,5,13,0,18,0,0,92,0,92,0,5,105,0,110,144,0,144,254
07/27/2015,ENW,WI,AGL,CE,Federal Contract Tower,0,8,8,0,16,0,0,101,0,101,0,8,109,0,117,218,0,218,335
07/28/2015,ENW,WI,AGL,CE,Federal Contract Tower,0,22,9,0,31,0,0,125,0,125,0,22,134,0,156,98,0,98,254
07/29/2015,ENW,WI,AGL,CE,Federal Contract Tower,0,13,6,0,19,0,0,84,0,84,0,13,90,0,103,124,0,124,227
07/30/2015,ENW,WI,AGL,CE,Federal Contract Tower,0,12,7,0,19,0,0,78,0,78,0,12,85,0,97,172,0,172,269
07/31/2015,ENW,WI,AGL,CE,Federal Contract Tower,0,5,4,0,9,0,0,69,0,69,0,5,73,0,78,230,0,230,308
08/01/2015,ENW,WI,AGL,CE,Federal Contract Tower,0,3,8,0,11,0,0,117,0,117,0,3,125,0,128,60,0,60,188
08/02/2015,ENW,WI,AGL,CE,Federal Contract Tower,0,8,7,0,15,0,0,4,0,4,0,8,11,0,19,36,0,36,55
08/03/2015,ENW,WI,AGL,CE,Federal Contract Tower,0,14,9,0,23,0,0,97,2,99,0,14,106,2,122,142,2,144,266
08/04/2015,ENW,WI,AGL,CE,Federal Contract Tower,0,7,21,0,28,0,1,119,0,120,0,8,140,0,148,68,0,68,216
08/05/2015,ENW,WI,AGL,CE,Federal Contract Tower,0,13,14,0,27,0,0,89,0,89,0,13,103,0,116,144,0,144,260
08/06/2015,ENW,WI,AGL,CE,Federal Contract Tower,0,13,13,0,26,0,0,71,0,71,0,13,84,0,97,46,2,48,145
08/07/2015,ENW,WI,AGL,CE,Federal Contract Tower,0,22,14,0,36,0,0,60,0,60,0,22,74,0,96,86,0,86,182
08/08/2015,ENW,WI,AGL,CE,Federal Contract Tower,0,5,14,0,19,0,0,94,0,94,0,5,108,0,113,14,0,14,127
08/09/2015,ENW,WI,AGL,CE,Federal Contract Tower,0,17,8,0,25,0,0,21,0,21,0,17,29,0,46,18,0,18,64
08/10/2015,ENW,WI,AGL,CE,Federal Contract Tower,0,14,5,0,19,0,0,12,0,12,0,14,17,0,31,24,0,24,55
08/11/2015,ENW,WI,AGL,CE,Federal Contract Tower,0,11,14,0,25,0,0,89,0,89,0,11,103,0,114,186,0,186,300
08/12/2015,ENW,WI,AGL,CE,Federal Contract Tower,0,22,7,0,29,0,0,92,0,92,0,22,99,0,121,114,0,114,235
08/13/2015,ENW,WI,AGL,CE,Federal Contract Tower,0,21,12,0,33,0,0,77,0,77,0,21,89,0,110,78,0,78,188
08/14/2015,ENW,WI,AGL,CE,Federal Contract Tower,0,17,22,0,39,0,0,93,0,93,0,17,115,0,132,94,0,94,226
08/15/2015,ENW,WI,AGL,CE,Federal Contract Tower,0,11,17,0,28,0,0,215,0,215,0,11,232,0,243,16,0,16,259
08/16/2015,ENW,WI,AGL,CE,Federal Contract Tower,0,9,10,0,19,0,0,129,0,129,0,9,139,0,148,66,0,66,214
08/17/2015,ENW,WI,AGL,CE,Federal Contract Tower,0,11,20,0,31,0,2,77,0,79,0,13,97,0,110,66,0,66,176
08/18/2015,ENW,WI,AGL,CE,Federal Contract Tower,0,3,13,0,16,0,0,46,0,46,0,3,59,0,62,30,0,30,92
08/19/2015,ENW,WI,AGL,CE,Federal Contract Tower,0,7,7,0,14,0,0,52,0,52,0,7,59,0,66,72,0,72,138
08/20/2015,ENW,WI,AGL,CE,Federal Contract Tower,0,8,3,0,11,0,0,19,0,19,0,8,22,0,30,48,0,48,78
08/21/2015,ENW,WI,AGL,CE,Federal Contract Tower,0,16,23,0,39,0,0,108,0,108,0,16,131,0,147,130,0,130,277
08/22/2015,ENW,WI,AGL,CE,Federal Contract Tower,0,5,11,0,16,0,0,85,0,85,0,5,96,0,101,102,0,102,203
08/23/2015,ENW,WI,AGL,CE,Federal Contract Tower,0,10,14,0,24,0,0,33,0,33,0,10,47,0,57,30,0,30,87
08/24/2015,ENW,WI,AGL,CE,Federal Contract Tower,0,17,12,0,29,0,0,39,0,39,0,17,51,0,68,10,0,10,78
08/25/2015,ENW,WI,AGL,CE,Federal Contract Tower,0,10,14,0,24,0,0,68,0,68,0,10,82,0,92,44,0,44,136
08/26/2015,ENW,WI,AGL,CE,Federal Contract Tower,0,8,10,0,18,0,0,71,0,71,0,8,81,0,89,80,0,80,169
08/27/2015,ENW,WI,AGL,CE,Federal Contract Tower,0,8,12,0,20,0,0,97,0,97,0,8,109,0,117,206,10,216,333
08/28/2015,ENW,WI,AGL,CE,Federal Contract Tower,0,12,17,0,29,0,0,63,0,63,0,12,80,0,92,32,0,32,124
08/29/2015,ENW,WI,AGL,CE,Federal Contract Tower,0,5,9,0,14,0,0,0,0,0,0,5,9,0,14,0,0,0,14
08/30/2015,ENW,WI,AGL,CE,Federal Contract Tower,0,15,21,0,36,0,2,9,0,11,0,17,30,0,47,2,0,2,49
08/31/2015,ENW,WI,AGL,CE,Federal Contract Tower,0,8,21,0,29,0,0,79,0,79,0,8,100,0,108,42,0,42,150
09/01/2015,ENW,WI,AGL,CE,Federal Contract Tower,0,4,11,0,15,0,0,78,0,78,0,4,89,0,93,40,0,40,133
09/02/2015,ENW,WI,AGL,CE,Federal Contract Tower,0,7,2,0,9,0,0,71,0,71,0,7,73,0,80,82,0,82,162
09/03/2015,ENW,WI,AGL,CE,Federal Contract Tower,0,10,13,0,23,0,0,52,0,52,0,10,65,0,75,28,0,28,103
09/04/2015,ENW,WI,AGL,CE,Federal Contract Tower,0,11,14,0,25,0,0,49,0,49,0,11,63,0,74,96,0,96,170
09/05/2015,ENW,WI,AGL,CE,Federal Contract Tower,0,4,13,0,17,0,0,59,0,59,0,4,72,0,76,100,0,100,176
09/06/2015,ENW,WI,AGL,CE,Federal Contract Tower,0,9,6,0,15,0,0,25,0,25,0,9,31,0,40,0,0,0,40
09/07/2015,ENW,WI,AGL,CE,Federal Contract Tower,0,8,9,0,17,0,0,55,0,55,0,8,64,0,72,12,0,12,84
09/08/2015,ENW,WI,AGL,CE,Federal Contract Tower,0,12,4,0,16,0,0,9,0,9,0,12,13,0,25,0,0,0,25
09/09/2015,ENW,WI,AGL,CE,Federal Contract Tower,0,5,18,0,23,0,2,114,2,118,0,7,132,2,141,130,0,130,271
09/10/2015,ENW,WI,AGL,CE,Federal Contract Tower,0,5,19,0,24,0,0,20,0,20,0,5,39,0,44,8,0,8,52
09/11/2015,ENW,WI,AGL,CE,Federal Contract Tower,0,12,17,0,29,0,0,63,0,63,0,12,80,0,92,66,0,66,158
09/12/2015,ENW,WI,AGL,CE,Federal Contract Tower,0,3,6,0,9,0,0,77,0,77,0,3,83,0,86,58,0,58,144
09/13/2015,ENW,WI,AGL,CE,Federal Contract Tower,0,5,3,0,8,0,0,64,0,64,0,5,67,0,72,16,0,16,88
09/14/2015,ENW,WI,AGL,CE,Federal Contract Tower,0,12,12,0,24,0,1,76,0,77,0,13,88,0,101,18,0,18,119
09/15/2015,ENW,WI,AGL,CE,Federal Contract Tower,0,17,24,0,41,0,6,97,0,103,0,23,121,0,144,26,0,26,170
09/16/2015,ENW,WI,AGL,CE,Federal Contract Tower,0,7,13,0,20,0,0,90,0,90,0,7,103,0,110,28,0,28,138
09/17/2015,ENW,WI,AGL,CE,Federal Contract Tower,0,11,9,0,20,0,0,63,0,63,0,11,72,0,83,98,0,98,181
09/18/2015,ENW,WI,AGL,CE,Federal Contract Tower,0,10,6,0,16,0,0,6,0,6,0,10,12,0,22,2,0,2,24
09/19/2015,ENW,WI,AGL,CE,Federal Contract Tower,0,1,11,0,12,0,0,70,0,70,0,1,81,0,82,66,0,66,148
09/20/2015,ENW,WI,AGL,CE,Federal Contract Tower,0,5,11,0,16,0,10,112,0,122,0,15,123,0,138,8,0,8,146
09/21/2015,ENW,WI,AGL,CE,Federal Contract Tower,0,14,4,0,18,0,2,90,0,92,0,16,94,0,110,84,0,84,194
09/22/2015,ENW,WI,AGL,CE,Federal Contract Tower,0,8,7,0,15,0,0,119,0,119,0,8,126,0,134,88,0,88,222
09/23/2015,ENW,WI,AGL,CE,Federal Contract Tower,0,6,10,0,16,0,0,89,0,89,0,6,99,0,105,102,0,102,207
09/24/2015,ENW,WI,AGL,CE,Federal Contract Tower,0,5,5,0,10,0,1,80,0,81,0,6,85,0,91,70,0,70,161
09/25/2015,ENW,WI,AGL,CE,Federal Contract Tower,0,5,11,0,16,0,0,79,0,79,0,5,90,0,95,88,0,88,183
09/26/2015,ENW,WI,AGL,CE,Federal Contract Tower,0,0,5,0,5,0,0,94,0,94,0,0,99,0,99,44,0,44,143
09/27/2015,ENW,WI,AGL,CE,Federal Contract Tower,0,10,22,0,32,0,0,86,0,86,0,10,108,0,118,16,0,16,134
09/28/2015,ENW,WI,AGL,CE,Federal Contract Tower,0,3,17,0,20,0,0,63,0,63,0,3,80,0,83,30,0,30,113
09/29/2015,ENW,WI,AGL,CE,Federal Contract Tower,0,7,4,0,11,0,0,19,0,19,0,7,23,0,30,16,0,16,46
09/30/2015,ENW,WI,AGL,CE,Federal Contract Tower,0,8,6,0,14,0,0,62,0,62,0,8,68,0,76,18,0,18,94
10/01/2015,ENW,WI,AGL,CE,Federal Contract Tower,0,7,15,0,22,0,0,63,0,63,0,7,78,0,85,66,0,66,151
10/02/2015,ENW,WI,AGL,CE,Federal Contract Tower,0,15,10,0,25,0,0,57,0,57,0,15,67,0,82,46,0,46,128
10/03/2015,ENW,WI,AGL,CE,Federal Contract Tower,0,0,6,0,6,0,0,42,0,42,0,0,48,0,48,46,0,46,94
10/04/2015,ENW,WI,AGL,CE,Federal Contract Tower,0,6,34,0,40,0,0,17,0,17,0,6,51,0,57,20,0,20,77
10/05/2015,ENW,WI,AGL,CE,Federal Contract Tower,0,8,26,0,34,0,0,0,0,0,0,8,26,0,34,0,0,0,34
10/06/2015,ENW,WI,AGL,CE,Federal Contract Tower,0,8,13,0,21,0,0,91,0,91,0,8,104,0,112,128,0,128,240
10/07/2015,ENW,WI,AGL,CE,Federal Contract Tower,0,8,24,0,32,0,0,90,0,90,0,8,114,0,122,86,0,86,208
10/08/2015,ENW,WI,AGL,CE,Federal Contract Tower,0,9,7,0,16,0,0,67,0,67,0,9,74,0,83,74,0,74,157
10/09/2015,ENW,WI,AGL,CE,Federal Contract Tower,0,8,17,0,25,0,0,52,0,52,0,8,69,0,77,62,0,62,139
10/10/2015,ENW,WI,AGL,CE,Federal Contract Tower,0,4,8,0,12,0,0,82,0,82,0,4,90,0,94,174,0,174,268
10/11/2015,ENW,WI,AGL,CE,Federal Contract Tower,0,8,16,0,24,0,0,59,0,59,0,8,75,0,83,20,0,20,103
10/12/2015,ENW,WI,AGL,CE,Federal Contract Tower,0,19,4,0,23,0,0,50,0,50,0,19,54,0,73,50,0,50,123
10/13/2015,ENW,WI,AGL,CE,Federal Contract Tower,0,8,8,0,16,0,5,49,0,54,0,13,57,0,70,50,0,50,120
10/14/2015,ENW,WI,AGL,CE,Federal Contract Tower,0,6,21,0,27,0,0,81,0,81,0,6,102,0,108,134,0,134,242
10/15/2015,ENW,WI,AGL,CE,Federal Contract Tower,0,12,10,0,22,0,0,56,0,56,0,12,66,0,78,112,0,112,190
10/16/2015,ENW,WI,AGL,CE,Federal Contract Tower,0,6,25,0,31,0,0,64,0,64,0,6,89,0,95,140,0,140,235
10/17/2015,ENW,WI,AGL,CE,Federal Contract Tower,0,6,12,0,18,0,0,81,0,81,0,6,93,0,99,148,0,148,247
10/18/2015,ENW,WI,AGL,CE,Federal Contract Tower,0,11,17,0,28,0,0,74,9,83,0,11,91,9,111,84,0,84,195
10/19/2015,ENW,WI,AGL,CE,Federal Contract Tower,0,5,9,0,14,0,0,40,0,40,0,5,49,0,54,32,0,32,86
10/20/2015,ENW,WI,AGL,CE,Federal Contract Tower,0,7,7,0,14,0,0,76,0,76,0,7,83,0,90,118,0,118,208
10/21/2015,ENW,WI,AGL,CE,Federal Contract Tower,0,16,5,0,21,0,0,52,0,52,0,16,57,0,73,34,0,34,107
10/22/2015,ENW,WI,AGL,CE,Federal Contract Tower,0,6,16,0,22,0,0,90,0,90,0,6,106,0,112,132,0,132,244
10/23/2015,ENW,WI,AGL,CE,Federal Contract Tower,0,4,21,0,25,0,0,46,0,46,0,4,67,0,71,100,0,100,171
10/24/2015,ENW,WI,AGL,CE,Federal Contract Tower,0,3,12,0,15,0,0,20,0,20,0,3,32,0,35,48,0,48,83
10/25/2015,ENW,WI,AGL,CE,Federal Contract Tower,0,4,18,0,22,0,0,76,0,76,0,4,94,0,98,78,0,78,176
10/26/2015,ENW,WI,AGL,CE,Federal Contract Tower,0,10,6,0,16,0,0,99,0,99,0,10,105,0,115,138,0,138,253
10/27/2015,ENW,WI,AGL,CE,Federal Contract Tower,0,7,0,0,7,0,0,20,0,20,0,7,20,0,27,0,0,0,27
10/28/2015,ENW,WI,AGL,CE,Federal Contract Tower,0,15,4,0,19,0,0,0,0,0,0,15,4,0,19,0,0,0,19
10/29/2015,ENW,WI,AGL,CE,Federal Contract Tower,0,15,10,0,25,0,0,2,0,2,0,15,12,0,27,0,0,0,27
10/30/2015,ENW,WI,AGL,CE,Federal Contract Tower,0,10,32,0,42,0,0,94,0,94,0,10,126,0,136,66,0,66,202
10/31/2015,ENW,WI,AGL,CE,Federal Contract Tower,0,3,1,0,4,0,0,11,0,11,0,3,12,0,15,16,0,16,31
11/01/2015,ENW,WI,AGL,CE,Federal Contract Tower,0,4,17,0,21,0,0,113,0,113,0,4,130,0,134,74,0,74,208
11/02/2015,ENW,WI,AGL,CE,Federal Contract Tower,0,7,12,0,19,0,0,57,0,57,0,7,69,0,76,42,0,42,118
11/03/2015,ENW,WI,AGL,CE,Federal Contract Tower,0,9,12,0,21,0,0,110,0,110,0,9,122,0,131,60,12,72,203
11/04/2015,ENW,WI,AGL,CE,Federal Contract Tower,0,8,14,0,22,0,0,64,0,64,0,8,78,0,86,96,0,96,182
11/05/2015,ENW,WI,AGL,CE,Federal Contract Tower,0,3,17,0,20,0,0,53,0,53,0,3,70,0,73,44,0,44,117
11/06/2015,ENW,WI,AGL,CE,Federal Contract Tower,0,9,10,0,19,0,0,59,0,59,0,9,69,0,78,70,0,70,148
11/07/2015,ENW,WI,AGL,CE,Federal Contract Tower,0,5,4,0,9,0,0,49,0,49,0,5,53,0,58,62,0,62,120
11/08/2015,ENW,WI,AGL,CE,Federal Contract Tower,0,11,6,0,17,0,0,70,0,70,0,11,76,0,87,28,0,28,115
11/09/2015,ENW,WI,AGL,CE,Federal Contract Tower,0,6,15,0,21,0,0,75,0,75,0,6,90,0,96,104,0,104,200
11/10/2015,ENW,WI,AGL,CE,Federal Contract Tower,0,2,23,0,25,0,0,88,0,88,0,2,111,0,113,66,0,66,179
11/11/2015,ENW,WI,AGL,CE,Federal Contract Tower,0,11,3,0,14,0,0,63,0,63,0,11,66,0,77,52,0,52,129
11/12/2015,ENW,WI,AGL,CE,Federal Contract Tower,0,8,1,0,9,0,0,3,0,3,0,8,4,0,12,0,0,0,12
11/13/2015,ENW,WI,AGL,CE,Federal Contract Tower,0,9,9,0,18,0,0,14,0,14,0,9,23,0,32,10,0,10,42
11/14/2015,ENW,WI,AGL,CE,Federal Contract Tower,0,4,7,0,11,0,0,84,0,84,0,4,91,0,95,58,0,58,153
11/15/2015,ENW,WI,AGL,CE,Federal Contract Tower,0,14,13,0,27,0,0,76,0,76,0,14,89,0,103,28,0,28,131
11/16/2015,ENW,WI,AGL,CE,Federal Contract Tower,0,11,4,0,15,0,0,52,0,52,0,11,56,0,67,84,0,84,151
11/17/2015,ENW,WI,AGL,CE,Federal Contract Tower,0,10,7,0,17,0,0,0,0,0,0,10,7,0,17,0,0,0,17
11/18/2015,ENW,WI,AGL,CE,Federal Contract Tower,0,4,2,0,6,0,1,5,0,6,0,5,7,0,12,0,0,0,12
11/19/2015,ENW,WI,AGL,CE,Federal Contract Tower,0,9,6,0,15,0,0,26,0,26,0,9,32,0,41,8,0,8,49
11/20/2015,ENW,WI,AGL,CE,Federal Contract Tower,0,4,3,0,7,0,0,56,0,56,0,4,59,0,63,84,0,84,147
11/21/2015,ENW,WI,AGL,CE,Federal Contract Tower,0,3,0,0,3,0,0,0,0,0,0,3,0,0,3,0,0,0,3
11/22/2015,ENW,WI,AGL,CE,Federal Contract Tower,0,3,4,0,7,0,0,12,0,12,0,3,16,0,19,0,0,0,19
11/23/2015,ENW,WI,AGL,CE,Federal Contract Tower,0,8,5,0,13,0,0,28,0,28,0,8,33,0,41,60,0,60,101
11/24/2015,ENW,WI,AGL,CE,Federal Contract Tower,0,6,15,0,21,0,0,62,0,62,0,6,77,0,83,36,0,36,119
11/25/2015,ENW,WI,AGL,CE,Federal Contract Tower,0,11,4,0,15,0,0,44,0,44,0,11,48,0,59,44,0,44,103
11/26/2015,ENW,WI,AGL,CE,Federal Contract Tower,0,0,1,0,1,0,0,0,0,0,0,0,1,0,1,0,0,0,1
11/27/2015,ENW,WI,AGL,CE,Federal Contract Tower,0,4,1,0,5,0,0,16,0,16,0,4,17,0,21,82,0,82,103
11/28/2015,ENW,WI,AGL,CE,Federal Contract Tower,0,5,8,0,13,0,0,30,0,30,0,5,38,0,43,82,0,82,125
11/29/2015,ENW,WI,AGL,CE,Federal Contract Tower,0,9,7,0,16,0,0,57,0,57,0,9,64,0,73,82,0,82,155
11/30/2015,ENW,WI,AGL,CE,Federal Contract Tower,0,11,11,0,22,0,0,21,0,21,0,11,32,0,43,66,0,66,109
12/01/2015,ENW,WI,AGL,CE,Federal Contract Tower,0,9,3,0,12,0,0,27,0,27,0,9,30,0,39,86,0,86,125
12/02/2015,ENW,WI,AGL,CE,Federal Contract Tower,0,4,0,0,4,0,0,4,0,4,0,4,4,0,8,0,0,0,8
12/03/2015,ENW,WI,AGL,CE,Federal Contract Tower,0,6,5,0,11,0,0,10,0,10,0,6,15,0,21,0,0,0,21
12/04/2015,ENW,WI,AGL,CE,Federal Contract Tower,0,8,6,0,14,0,0,84,0,84,0,8,90,0,98,90,0,90,188
12/05/2015,ENW,WI,AGL,CE,Federal Contract Tower,0,6,10,0,16,0,0,73,0,73,0,6,83,0,89,124,0,124,213
12/06/2015,ENW,WI,AGL,CE,Federal Contract Tower,0,4,6,0,10,0,6,72,0,78,0,10,78,0,88,88,0,88,176
12/07/2015,ENW,WI,AGL,CE,Federal Contract Tower,0,24,7,0,31,0,0,0,0,0,0,24,7,0,31,0,0,0,31
12/08/2015,ENW,WI,AGL,CE,Federal Contract Tower,0,9,30,0,39,0,0,9,0,9,0,9,39,0,48,30,0,30,78
12/09/2015,ENW,WI,AGL,CE,Federal Contract Tower,0,7,18,0,25,0,0,70,3,73,0,7,88,3,98,102,2,104,202
12/10/2015,ENW,WI,AGL,CE,Federal Contract Tower,0,12,11,0,23,0,0,8,0,8,0,12,19,0,31,20,0,20,51
12/11/2015,ENW,WI,AGL,CE,Federal Contract Tower,0,4,22,0,26,0,0,88,0,88,0,4,110,0,114,88,0,88,202
12/12/2015,ENW,WI,AGL,CE,Federal Contract Tower,0,3,10,0,13,0,0,0,0,0,0,3,10,0,13,0,0,0,13
12/13/2015,ENW,WI,AGL,CE,Federal Contract Tower,0,5,4,0,9,0,0,0,0,0,0,5,4,0,9,0,0,0,9
12/14/2015,ENW,WI,AGL,CE,Federal Contract Tower,0,7,5,0,12,0,0,6,0,6,0,7,11,0,18,10,0,10,28
12/15/2015,ENW,WI,AGL,CE,Federal Contract Tower,0,7,8,0,15,0,0,41,0,41,0,7,49,0,56,54,0,54,110
12/16/2015,ENW,WI,AGL,CE,Federal Contract Tower,0,10,6,0,16,0,0,14,0,14,0,10,20,0,30,24,0,24,54
12/17/2015,ENW,WI,AGL,CE,Federal Contract Tower,0,7,5,0,12,0,0,30,0,30,0,7,35,0,42,42,0,42,84
12/18/2015,ENW,WI,AGL,CE,Federal Contract Tower,0,7,16,0,23,0,0,58,0,58,0,7,74,0,81,40,0,40,121
12/19/2015,ENW,WI,AGL,CE,Federal Contract Tower,0,8,10,0,18,0,0,96,0,96,0,8,106,0,114,80,0,80,194
12/20/2015,ENW,WI,AGL,CE,Federal Contract Tower,0,8,5,0,13,0,0,43,0,43,0,8,48,0,56,10,0,10,66
12/21/2015,ENW,WI,AGL,CE,Federal Contract Tower,0,6,13,0,19,0,0,0,0,0,0,6,13,0,19,0,0,0,19
12/22/2015,ENW,WI,AGL,CE,Federal Contract Tower,0,8,30,0,38,0,0,10,0,10,0,8,40,0,48,10,0,10,58
12/23/2015,ENW,WI,AGL,CE,Federal Contract Tower,0,6,9,0,15,0,0,4,0,4,0,6,13,0,19,0,0,0,19
12/24/2015,ENW,WI,AGL,CE,Federal Contract Tower,0,3,2,0,5,0,0,40,0,40,0,3,42,0,45,10,0,10,55
12/25/2015,ENW,WI,AGL,CE,Federal Contract Tower,0,2,0,0,2,0,0,15,0,15,0,2,15,0,17,28,0,28,45
12/26/2015,ENW,WI,AGL,CE,Federal Contract Tower,0,12,6,0,18,0,0,5,0,5,0,12,11,0,23,8,0,8,31
12/27/2015,ENW,WI,AGL,CE,Federal Contract Tower,0,13,2,0,15,0,0,9,0,9,0,13,11,0,24,2,0,2,26
12/28/2015,ENW,WI,AGL,CE,Federal Contract Tower,0,0,0,0,0,0,0,0,0,0,0,0,0,0,0,0,0,0,0
12/29/2015,ENW,WI,AGL,CE,Federal Contract Tower,0,16,0,0,16,0,0,0,0,0,0,16,0,0,16,0,0,0,16
12/30/2015,ENW,WI,AGL,CE,Federal Contract Tower,0,5,2,0,7,0,0,11,0,11,0,5,13,0,18,30,0,30,48
12/31/2015,ENW,WI,AGL,CE,Federal Contract Tower,0,3,5,0,8,0,0,26,0,26,0,3,31,0,34,4,0,4,38
01/01/2016,ENW,WI,AGL,CE,Federal Contract Tower,0,0,1,0,1,0,0,9,0,9,0,0,10,0,10,6,0,6,16
01/02/2016,ENW,WI,AGL,CE,Federal Contract Tower,0,4,16,0,20,0,0,73,0,73,0,4,89,0,93,78,0,78,171
01/03/2016,ENW,WI,AGL,CE,Federal Contract Tower,0,15,9,0,24,0,0,41,0,41,0,15,50,0,65,44,0,44,109
01/04/2016,ENW,WI,AGL,CE,Federal Contract Tower,0,10,5,0,15,0,0,13,0,13,0,10,18,0,28,0,0,0,28
01/05/2016,ENW,WI,AGL,CE,Federal Contract Tower,0,5,9,0,14,0,0,39,0,39,0,5,48,0,53,48,0,48,101
01/06/2016,ENW,WI,AGL,CE,Federal Contract Tower,0,8,4,0,12,0,0,57,0,57,0,8,61,0,69,72,0,72,141
01/07/2016,ENW,WI,AGL,CE,Federal Contract Tower,0,5,11,0,16,0,0,39,0,39,0,5,50,0,55,30,0,30,85
01/08/2016,ENW,WI,AGL,CE,Federal Contract Tower,0,6,3,0,9,0,0,0,0,0,0,6,3,0,9,0,0,0,9
01/09/2016,ENW,WI,AGL,CE,Federal Contract Tower,0,3,2,0,5,0,0,0,0,0,0,3,2,0,5,20,0,20,25
01/10/2016,ENW,WI,AGL,CE,Federal Contract Tower,0,7,7,0,14,0,0,7,0,7,0,7,14,0,21,0,0,0,21
01/11/2016,ENW,WI,AGL,CE,Federal Contract Tower,0,4,7,4,15,0,0,10,0,10,0,4,17,4,25,12,0,12,37
01/12/2016,ENW,WI,AGL,CE,Federal Contract Tower,0,5,0,0,5,0,0,5,0,5,0,5,5,0,10,16,0,16,26
01/13/2016,ENW,WI,AGL,CE,Federal Contract Tower,0,5,9,0,14,0,0,22,0,22,0,5,31,0,36,26,0,26,62
01/14/2016,ENW,WI,AGL,CE,Federal Contract Tower,0,11,10,0,21,0,0,44,0,44,0,11,54,0,65,78,0,78,143
01/15/2016,ENW,WI,AGL,CE,Federal Contract Tower,0,4,18,0,22,0,0,20,0,20,0,4,38,0,42,36,0,36,78
01/16/2016,ENW,WI,AGL,CE,Federal Contract Tower,0,0,12,5,17,0,0,41,0,41,0,0,53,5,58,48,0,48,106
01/17/2016,ENW,WI,AGL,CE,Federal Contract Tower,0,7,2,0,9,0,0,5,0,5,0,7,7,0,14,16,0,16,30
01/18/2016,ENW,WI,AGL,CE,Federal Contract Tower,0,3,3,0,6,0,0,9,0,9,0,3,12,0,15,24,0,24,39
01/19/2016,ENW,WI,AGL,CE,Federal Contract Tower,0,7,12,0,19,0,0,44,0,44,0,7,56,0,63,28,0,28,91
01/20/2016,ENW,WI,AGL,CE,Federal Contract Tower,0,9,13,0,22,0,0,23,0,23,0,9,36,0,45,10,0,10,55
01/21/2016,ENW,WI,AGL,CE,Federal Contract Tower,0,8,5,0,13,0,0,28,0,28,0,8,33,0,41,48,0,48,89
01/22/2016,ENW,WI,AGL,CE,Federal Contract Tower,0,6,6,0,12,0,0,16,0,16,0,6,22,0,28,88,0,88,116
01/23/2016,ENW,WI,AGL,CE,Federal Contract Tower,0,4,21,0,25,0,0,56,0,56,0,4,77,0,81,98,0,98,179
01/24/2016,ENW,WI,AGL,CE,Federal Contract Tower,0,7,7,0,14,0,0,12,0,12,0,7,19,0,26,16,0,16,42
01/25/2016,ENW,WI,AGL,CE,Federal Contract Tower,0,2,27,0,29,0,0,43,0,43,0,2,70,0,72,40,0,40,112
01/26/2016,ENW,WI,AGL,CE,Federal Contract Tower,0,6,4,0,10,0,0,4,0,4,0,6,8,0,14,40,0,40,54
01/27/2016,ENW,WI,AGL,CE,Federal Contract Tower,0,6,2,0,8,0,0,55,0,55,0,6,57,0,63,82,0,82,145
01/28/2016,ENW,WI,AGL,CE,Federal Contract Tower,0,8,7,0,15,0,0,28,0,28,0,8,35,0,43,34,0,34,77
01/29/2016,ENW,WI,AGL,CE,Federal Contract Tower,0,2,5,0,7,0,0,51,0,51,0,2,56,0,58,28,0,28,86
01/30/2016,ENW,WI,AGL,CE,Federal Contract Tower,0,7,19,0,26,0,0,92,0,92,0,7,111,0,118,80,0,80,198
01/31/2016,ENW,WI,AGL,CE,Federal Contract Tower,0,9,7,0,16,0,0,0,0,0,0,9,7,0,16,0,0,0,16
02/01/2016,ENW,WI,AGL,CE,Federal Contract Tower,0,7,15,0,22,0,0,51,0,51,0,7,66,0,73,114,0,114,187
02/02/2016,ENW,WI,AGL,CE,Federal Contract Tower,0,1,4,0,5,0,0,0,0,0,0,1,4,0,5,0,0,0,5
02/03/2016,ENW,WI,AGL,CE,Federal Contract Tower,0,7,2,0,9,0,0,0,0,0,0,7,2,0,9,26,0,26,35
02/04/2016,ENW,WI,AGL,CE,Federal Contract Tower,0,9,4,0,13,0,0,52,0,52,0,9,56,0,65,82,0,82,147
02/05/2016,ENW,WI,AGL,CE,Federal Contract Tower,0,5,9,0,14,0,0,49,0,49,0,5,58,0,63,74,0,74,137
02/06/2016,ENW,WI,AGL,CE,Federal Contract Tower,0,7,6,0,13,0,0,77,0,77,0,7,83,0,90,130,0,130,220
02/07/2016,ENW,WI,AGL,CE,Federal Contract Tower,0,4,7,0,11,0,0,34,0,34,0,4,41,0,45,64,0,64,109
02/08/2016,ENW,WI,AGL,CE,Federal Contract Tower,0,9,2,0,11,0,0,5,0,5,0,9,7,0,16,0,0,0,16
02/09/2016,ENW,WI,AGL,CE,Federal Contract Tower,0,5,7,0,12,0,0,17,0,17,0,5,24,0,29,22,0,22,51
02/10/2016,ENW,WI,AGL,CE,Federal Contract Tower,0,11,8,0,19,0,0,49,0,49,0,11,57,0,68,116,0,116,184
02/11/2016,ENW,WI,AGL,CE,Federal Contract Tower,0,7,4,0,11,0,0,38,0,38,0,7,42,0,49,38,0,38,87
02/12/2016,ENW,WI,AGL,CE,Federal Contract Tower,0,9,6,0,15,0,0,31,0,31,0,9,37,0,46,0,0,0,46
02/13/2016,ENW,WI,AGL,CE,Federal Contract Tower,0,5,5,0,10,0,0,44,0,44,0,5,49,0,54,46,0,46,100
02/14/2016,ENW,WI,AGL,CE,Federal Contract Tower,0,5,2,0,7,0,4,0,0,4,0,9,2,0,11,0,0,0,11
02/15/2016,ENW,WI,AGL,CE,Federal Contract Tower,0,10,0,0,10,0,0,3,0,3,0,10,3,0,13,0,0,0,13
02/16/2016,ENW,WI,AGL,CE,Federal Contract Tower,0,9,3,0,12,0,0,0,0,0,0,9,3,0,12,0,0,0,12
02/17/2016,ENW,WI,AGL,CE,Federal Contract Tower,0,10,0,0,10,0,0,24,0,24,0,10,24,0,34,48,0,48,82
02/18/2016,ENW,WI,AGL,CE,Federal Contract Tower,0,8,2,0,10,0,0,63,0,63,0,8,65,0,73,22,0,22,95
02/19/2016,ENW,WI,AGL,CE,Federal Contract Tower,0,6,7,0,13,0,0,3,0,3,0,6,10,0,16,0,0,0,16
02/20/2016,ENW,WI,AGL,CE,Federal Contract Tower,0,7,21,0,28,0,0,94,0,94,0,7,115,0,122,82,0,82,204
02/21/2016,ENW,WI,AGL,CE,Federal Contract Tower,0,8,14,0,22,0,0,24,0,24,0,8,38,0,46,6,0,6,52
02/22/2016,ENW,WI,AGL,CE,Federal Contract Tower,0,5,14,1,20,0,0,49,0,49,0,5,63,1,69,50,0,50,119
02/23/2016,ENW,WI,AGL,CE,Federal Contract Tower,0,16,8,0,24,0,0,72,0,72,0,16,80,0,96,40,0,40,136
02/24/2016,ENW,WI,AGL,CE,Federal Contract Tower,0,8,0,0,8,0,0,2,0,2,0,8,2,0,10,0,0,0,10
02/25/2016,ENW,WI,AGL,CE,Federal Contract Tower,0,1,2,0,3,0,0,22,0,22,0,1,24,0,25,0,0,0,25
02/26/2016,ENW,WI,AGL,CE,Federal Contract Tower,0,7,11,0,18,0,0,88,0,88,0,7,99,0,106,146,0,146,252
02/27/2016,ENW,WI,AGL,CE,Federal Contract Tower,0,1,8,0,9,0,0,67,0,67,0,1,75,0,76,66,0,66,142
02/28/2016,ENW,WI,AGL,CE,Federal Contract Tower,0,5,6,0,11,0,0,5,0,5,0,5,11,0,16,0,0,0,16
02/29/2016,ENW,WI,AGL,CE,Federal Contract Tower,0,2,24,0,26,0,0,31,0,31,0,2,55,0,57,32,0,32,89
03/01/2016,ENW,WI,AGL,CE,Federal Contract Tower,0,1,0,0,1,0,0,0,0,0,0,1,0,0,1,0,0,0,1
03/02/2016,ENW,WI,AGL,CE,Federal Contract Tower,0,4,4,0,8,0,0,43,0,43,0,4,47,0,51,108,0,108,159
03/03/2016,ENW,WI,AGL,CE,Federal Contract Tower,0,4,1,0,5,0,0,3,0,3,0,4,4,0,8,0,0,0,8
03/04/2016,ENW,WI,AGL,CE,Federal Contract Tower,0,3,22,0,25,0,0,84,0,84,0,3,106,0,109,122,0,122,231
03/05/2016,ENW,WI,AGL,CE,Federal Contract Tower,0,2,13,0,15,0,0,16,0,16,0,2,29,0,31,60,0,60,91
03/06/2016,ENW,WI,AGL,CE,Federal Contract Tower,0,8,20,0,28,0,0,61,0,61,0,8,81,0,89,22,0,22,111
03/07/2016,ENW,WI,AGL,CE,Federal Contract Tower,0,14,11,0,25,0,0,60,0,60,0,14,71,0,85,86,0,86,171
03/08/2016,ENW,WI,AGL,CE,Federal Contract Tower,0,3,0,0,3,0,0,29,0,29,0,3,29,0,32,28,0,28,60
03/09/2016,ENW,WI,AGL,CE,Federal Contract Tower,0,7,7,0,14,0,0,23,0,23,0,7,30,0,37,44,0,44,81
03/10/2016,ENW,WI,AGL,CE,Federal Contract Tower,0,11,19,0,30,0,0,56,0,56,0,11,75,0,86,34,0,34,120
03/11/2016,ENW,WI,AGL,CE,Federal Contract Tower,0,7,12,0,19,0,0,83,0,83,0,7,95,0,102,144,0,144,246
03/12/2016,ENW,WI,AGL,CE,Federal Contract Tower,0,5,23,0,28,0,0,78,0,78,0,5,101,0,106,114,0,114,220
03/13/2016,ENW,WI,AGL,CE,Federal Contract Tower,0,14,14,0,28,0,0,0,0,0,0,14,14,0,28,0,0,0,28
03/14/2016,ENW,WI,AGL,CE,Federal Contract Tower,0,11,11,0,22,0,0,4,0,4,0,11,15,0,26,20,0,20,46
03/15/2016,ENW,WI,AGL,CE,Federal Contract Tower,0,24,13,0,37,0,0,19,0,19,0,24,32,0,56,8,0,8,64
03/16/2016,ENW,WI,AGL,CE,Federal Contract Tower,0,5,4,0,9,0,0,0,0,0,0,5,4,0,9,0,0,0,9
03/17/2016,ENW,WI,AGL,CE,Federal Contract Tower,0,5,8,0,13,0,0,30,0,30,0,5,38,0,43,26,0,26,69
03/18/2016,ENW,WI,AGL,CE,Federal Contract Tower,0,5,13,0,18,0,0,49,0,49,0,5,62,0,67,114,0,114,181
03/19/2016,ENW,WI,AGL,CE,Federal Contract Tower,0,4,11,0,15,0,0,43,0,43,0,4,54,0,58,110,0,110,168
03/20/2016,ENW,WI,AGL,CE,Federal Contract Tower,0,15,11,0,26,0,0,92,0,92,0,15,103,0,118,54,0,54,172
03/21/2016,ENW,WI,AGL,CE,Federal Contract Tower,0,6,15,1,22,0,0,79,0,79,0,6,94,1,101,96,0,96,197
03/22/2016,ENW,WI,AGL,CE,Federal Contract Tower,0,3,7,0,10,0,0,58,0,58,0,3,65,0,68,44,0,44,112
03/23/2016,ENW,WI,AGL,CE,Federal Contract Tower,0,7,3,0,10,0,0,0,0,0,0,7,3,0,10,0,0,0,10
03/24/2016,ENW,WI,AGL,CE,Federal Contract Tower,0,8,1,0,9,0,0,0,0,0,0,8,1,0,9,0,0,0,9
03/25/2016,ENW,WI,AGL,CE,Federal Contract Tower,0,5,16,0,21,0,0,51,0,51,0,5,67,0,72,78,0,78,150
03/26/2016,ENW,WI,AGL,CE,Federal Contract Tower,0,5,10,0,15,0,0,87,0,87,0,5,97,0,102,124,0,124,226
03/27/2016,ENW,WI,AGL,CE,Federal Contract Tower,0,4,7,0,11,0,0,4,0,4,0,4,11,0,15,18,0,18,33
03/28/2016,ENW,WI,AGL,CE,Federal Contract Tower,0,10,18,0,28,0,0,29,0,29,0,10,47,0,57,32,0,32,89
03/29/2016,ENW,WI,AGL,CE,Federal Contract Tower,0,5,19,0,24,0,0,62,0,62,0,5,81,0,86,46,0,46,132
03/30/2016,ENW,WI,AGL,CE,Federal Contract Tower,0,15,18,0,33,0,0,51,0,51,0,15,69,0,84,70,0,70,154
03/31/2016,ENW,WI,AGL,CE,Federal Contract Tower,0,13,4,0,17,0,0,0,0,0,0,13,4,0,17,0,0,0,17
04/01/2016,ENW,WI,AGL,CE,Federal Contract Tower,0,3,8,0,11,0,0,30,0,30,0,3,38,0,41,98,0,98,139
04/02/2016,ENW,WI,AGL,CE,Federal Contract Tower,0,5,0,0,5,0,0,1,0,1,0,5,1,0,6,0,0,0,6
04/03/2016,ENW,WI,AGL,CE,Federal Contract Tower,0,10,12,0,22,0,0,16,0,16,0,10,28,0,38,30,0,30,68
04/04/2016,ENW,WI,AGL,CE,Federal Contract Tower,0,9,10,0,19,0,1,28,0,29,0,10,38,0,48,10,0,10,58
04/05/2016,ENW,WI,AGL,CE,Federal Contract Tower,0,6,8,0,14,0,0,59,0,59,0,6,67,0,73,50,0,50,123
04/06/2016,ENW,WI,AGL,CE,Federal Contract Tower,0,15,7,0,22,0,0,4,0,4,0,15,11,0,26,22,0,22,48
04/07/2016,ENW,WI,AGL,CE,Federal Contract Tower,0,7,25,0,32,0,0,19,0,19,0,7,44,0,51,40,0,40,91
04/08/2016,ENW,WI,AGL,CE,Federal Contract Tower,0,5,4,0,9,0,0,20,0,20,0,5,24,0,29,92,0,92,121
04/09/2016,ENW,WI,AGL,CE,Federal Contract Tower,0,4,14,0,18,0,0,124,0,124,0,4,138,0,142,84,0,84,226
04/10/2016,ENW,WI,AGL,CE,Federal Contract Tower,0,4,2,0,6,0,0,5,0,5,0,4,7,0,11,0,0,0,11
04/11/2016,ENW,WI,AGL,CE,Federal Contract Tower,0,6,3,0,9,0,0,70,0,70,0,6,73,0,79,46,0,46,125
04/12/2016,ENW,WI,AGL,CE,Federal Contract Tower,0,7,9,0,16,0,0,91,0,91,0,7,100,0,107,84,0,84,191
04/13/2016,ENW,WI,AGL,CE,Federal Contract Tower,0,7,11,0,18,0,0,119,0,119,0,7,130,0,137,104,4,108,245
04/14/2016,ENW,WI,AGL,CE,Federal Contract Tower,0,5,9,0,14,0,0,111,0,111,0,5,120,0,125,134,0,134,259
04/15/2016,ENW,WI,AGL,CE,Federal Contract Tower,0,7,23,0,30,0,0,97,0,97,0,7,120,0,127,100,0,100,227
04/16/2016,ENW,WI,AGL,CE,Federal Contract Tower,0,7,16,0,23,0,0,104,0,104,0,7,120,0,127,120,0,120,247
04/17/2016,ENW,WI,AGL,CE,Federal Contract Tower,0,9,20,0,29,0,2,116,0,118,0,11,136,0,147,86,0,86,233
04/18/2016,ENW,WI,AGL,CE,Federal Contract Tower,0,7,12,0,19,0,0,79,0,79,0,7,91,0,98,110,0,110,208
04/19/2016,ENW,WI,AGL,CE,Federal Contract Tower,0,8,13,0,21,0,0,59,0,59,0,8,72,0,80,64,0,64,144
04/20/2016,ENW,WI,AGL,CE,Federal Contract Tower,0,0,2,0,2,0,0,54,0,54,0,0,56,0,56,122,0,122,178
04/21/2016,ENW,WI,AGL,CE,Federal Contract Tower,0,10,10,0,20,0,0,42,0,42,0,10,52,0,62,78,0,78,140
04/22/2016,ENW,WI,AGL,CE,Federal Contract Tower,0,4,10,0,14,0,0,57,0,57,0,4,67,0,71,92,0,92,163
04/23/2016,ENW,WI,AGL,CE,Federal Contract Tower,0,1,7,0,8,0,0,98,0,98,0,1,105,0,106,148,0,148,254
04/24/2016,ENW,WI,AGL,CE,Federal Contract Tower,0,3,13,0,16,0,0,64,0,64,0,3,77,0,80,76,0,76,156
04/25/2016,ENW,WI,AGL,CE,Federal Contract Tower,0,6,23,0,29,0,0,37,0,37,0,6,60,0,66,4,0,4,70
04/26/2016,ENW,WI,AGL,CE,Federal Contract Tower,0,4,8,0,12,0,0,10,0,10,0,4,18,0,22,0,0,0,22
04/27/2016,ENW,WI,AGL,CE,Federal Contract Tower,0,8,20,0,28,0,0,33,0,33,0,8,53,0,61,58,0,58,119
04/28/2016,ENW,WI,AGL,CE,Federal Contract Tower,0,9,27,0,36,0,0,7,0,7,0,9,34,0,43,24,0,24,67
04/29/2016,ENW,WI,AGL,CE,Federal Contract Tower,0,2,24,0,26,0,0,34,0,34,0,2,58,0,60,28,0,28,88
04/30/2016,ENW,WI,AGL,CE,Federal Contract Tower,0,2,10,0,12,0,0,18,0,18,0,2,28,0,30,14,0,14,44
05/01/2016,ENW,WI,AGL,CE,Federal Contract Tower,0,7,16,0,23,0,0,1,0,1,0,7,17,0,24,14,0,14,38
05/02/2016,ENW,WI,AGL,CE,Federal Contract Tower,0,4,16,0,20,0,4,86,0,90,0,8,102,0,110,64,0,64,174
05/03/2016,ENW,WI,AGL,CE,Federal Contract Tower,0,5,7,0,12,0,0,111,0,111,0,5,118,0,123,64,0,64,187
05/04/2016,ENW,WI,AGL,CE,Federal Contract Tower,0,10,7,0,17,0,0,54,0,54,0,10,61,0,71,112,0,112,183
05/05/2016,ENW,WI,AGL,CE,Federal Contract Tower,0,7,13,0,20,0,0,86,0,86,0,7,99,0,106,116,0,116,222
05/06/2016,ENW,WI,AGL,CE,Federal Contract Tower,0,8,16,0,24,0,0,112,0,112,0,8,128,0,136,174,0,174,310
05/07/2016,ENW,WI,AGL,CE,Federal Contract Tower,0,4,10,0,14,0,0,25,0,25,0,4,35,0,39,8,0,8,47
05/08/2016,ENW,WI,AGL,CE,Federal Contract Tower,0,4,10,0,14,0,0,75,0,75,0,4,85,0,89,0,0,0,89
05/09/2016,ENW,WI,AGL,CE,Federal Contract Tower,0,9,15,0,24,0,0,46,0,46,0,9,61,0,70,74,0,74,144
05/10/2016,ENW,WI,AGL,CE,Federal Contract Tower,0,10,2,0,12,0,0,0,0,0,0,10,2,0,12,0,0,0,12
05/11/2016,ENW,WI,AGL,CE,Federal Contract Tower,0,11,5,0,16,0,0,0,0,0,0,11,5,0,16,0,0,0,16
05/12/2016,ENW,WI,AGL,CE,Federal Contract Tower,0,11,21,0,32,0,0,51,0,51,0,11,72,0,83,66,0,66,149
05/13/2016,ENW,WI,AGL,CE,Federal Contract Tower,0,8,7,0,15,0,0,60,0,60,0,8,67,0,75,26,0,26,101
05/14/2016,ENW,WI,AGL,CE,Federal Contract Tower,0,7,10,0,17,0,0,34,0,34,0,7,44,0,51,24,0,24,75
05/15/2016,ENW,WI,AGL,CE,Federal Contract Tower,0,13,2,0,15,0,0,64,0,64,0,13,66,0,79,60,0,60,139
05/16/2016,ENW,WI,AGL,CE,Federal Contract Tower,0,6,9,0,15,0,0,55,0,55,0,6,64,0,70,48,0,48,118
05/17/2016,ENW,WI,AGL,CE,Federal Contract Tower,0,22,19,0,41,0,2,95,0,97,0,24,114,0,138,126,0,126,264
05/18/2016,ENW,WI,AGL,CE,Federal Contract Tower,0,2,23,0,25,0,0,106,0,106,0,2,129,0,131,124,0,124,255
05/19/2016,ENW,WI,AGL,CE,Federal Contract Tower,0,4,12,0,16,0,0,81,0,81,0,4,93,0,97,88,0,88,185
05/20/2016,ENW,WI,AGL,CE,Federal Contract Tower,0,2,13,0,15,0,0,89,0,89,0,2,102,0,104,58,0,58,162
05/21/2016,ENW,WI,AGL,CE,Federal Contract Tower,0,10,19,0,29,0,0,88,0,88,0,10,107,0,117,86,0,86,203
05/22/2016,ENW,WI,AGL,CE,Federal Contract Tower,0,6,5,0,11,0,0,80,0,80,0,6,85,0,91,96,0,96,187
05/23/2016,ENW,WI,AGL,CE,Federal Contract Tower,0,13,4,1,18,0,0,65,0,65,0,13,69,1,83,28,0,28,111
05/24/2016,ENW,WI,AGL,CE,Federal Contract Tower,0,7,8,0,15,0,1,68,0,69,0,8,76,0,84,84,0,84,168
05/25/2016,ENW,WI,AGL,CE,Federal Contract Tower,0,12,1,0,13,0,0,30,0,30,0,12,31,0,43,24,0,24,67
05/26/2016,ENW,WI,AGL,CE,Federal Contract Tower,0,12,12,0,24,0,0,44,0,44,0,12,56,0,68,70,0,70,138
05/27/2016,ENW,WI,AGL,CE,Federal Contract Tower,0,5,6,0,11,0,0,33,0,33,0,5,39,0,44,12,0,12,56
05/28/2016,ENW,WI,AGL,CE,Federal Contract Tower,0,6,6,0,12,0,0,54,0,54,0,6,60,0,66,30,8,38,104
05/29/2016,ENW,WI,AGL,CE,Federal Contract Tower,0,8,5,0,13,0,0,58,0,58,0,8,63,0,71,22,0,22,93
05/30/2016,ENW,WI,AGL,CE,Federal Contract Tower,0,10,3,0,13,0,0,83,0,83,0,10,86,0,96,132,0,132,228
05/31/2016,ENW,WI,AGL,CE,Federal Contract Tower,0,11,6,0,17,0,0,49,0,49,0,11,55,0,66,72,0,72,138
06/01/2016,ENW,WI,AGL,CE,Federal Contract Tower,0,13,21,0,34,0,0,40,0,40,0,13,61,0,74,48,0,48,122
06/02/2016,ENW,WI,AGL,CE,Federal Contract Tower,0,8,6,0,14,0,4,82,0,86,0,12,88,0,100,86,0,86,186
06/03/2016,ENW,WI,AGL,CE,Federal Contract Tower,0,6,11,0,17,0,1,85,0,86,0,7,96,0,103,62,0,62,165
06/04/2016,ENW,WI,AGL,CE,Federal Contract Tower,0,2,15,0,17,0,0,40,0,40,0,2,55,0,57,50,0,50,107
06/05/2016,ENW,WI,AGL,CE,Federal Contract Tower,0,10,13,0,23,0,0,31,0,31,0,10,44,0,54,0,0,0,54
06/06/2016,ENW,WI,AGL,CE,Federal Contract Tower,0,11,16,0,27,0,0,51,0,51,0,11,67,0,78,54,0,54,132
06/07/2016,ENW,WI,AGL,CE,Federal Contract Tower,0,6,14,0,20,0,0,64,0,64,0,6,78,0,84,24,0,24,108
06/08/2016,ENW,WI,AGL,CE,Federal Contract Tower,0,5,15,0,20,0,0,94,0,94,0,5,109,0,114,176,0,176,290
06/09/2016,ENW,WI,AGL,CE,Federal Contract Tower,0,10,14,0,24,0,1,42,0,43,0,11,56,0,67,46,0,46,113
06/10/2016,ENW,WI,AGL,CE,Federal Contract Tower,0,6,11,0,17,0,0,87,0,87,0,6,98,0,104,86,0,86,190
06/11/2016,ENW,WI,AGL,CE,Federal Contract Tower,0,1,6,0,7,0,0,83,0,83,0,1,89,0,90,18,0,18,108
06/12/2016,ENW,WI,AGL,CE,Federal Contract Tower,0,10,8,0,18,0,0,44,0,44,0,10,52,0,62,22,0,22,84
06/13/2016,ENW,WI,AGL,CE,Federal Contract Tower,0,12,5,0,17,0,0,54,0,54,0,12,59,0,71,46,0,46,117
06/14/2016,ENW,WI,AGL,CE,Federal Contract Tower,0,6,8,0,14,0,0,43,0,43,0,6,51,0,57,10,0,10,67
06/15/2016,ENW,WI,AGL,CE,Federal Contract Tower,0,12,9,0,21,0,0,40,0,40,0,12,49,0,61,80,0,80,141
06/16/2016,ENW,WI,AGL,CE,Federal Contract Tower,0,9,19,0,28,0,0,48,0,48,0,9,67,0,76,48,0,48,124
06/17/2016,ENW,WI,AGL,CE,Federal Contract Tower,0,10,19,0,29,0,0,110,0,110,0,10,129,0,139,98,0,98,237
06/18/2016,ENW,WI,AGL,CE,Federal Contract Tower,0,1,5,0,6,0,0,98,2,100,0,1,103,2,106,96,0,96,202
06/19/2016,ENW,WI,AGL,CE,Federal Contract Tower,0,7,10,0,17,0,1,64,0,65,0,8,74,0,82,68,0,68,150
06/20/2016,ENW,WI,AGL,CE,Federal Contract Tower,0,10,11,0,21,0,4,19,0,23,0,14,30,0,44,36,0,36,80
06/21/2016,ENW,WI,AGL,CE,Federal Contract Tower,0,7,22,0,29,0,0,45,0,45,0,7,67,0,74,98,0,98,172
06/22/2016,ENW,WI,AGL,CE,Federal Contract Tower,0,5,8,0,13,0,2,3,0,5,0,7,11,0,18,0,0,0,18
06/23/2016,ENW,WI,AGL,CE,Federal Contract Tower,0,15,29,0,44,0,0,28,0,28,0,15,57,0,72,76,0,76,148
06/24/2016,ENW,WI,AGL,CE,Federal Contract Tower,0,10,17,0,27,0,0,108,0,108,0,10,125,0,135,124,0,124,259
06/25/2016,ENW,WI,AGL,CE,Federal Contract Tower,0,2,23,0,25,0,0,94,0,94,0,2,117,0,119,110,0,110,229
06/26/2016,ENW,WI,AGL,CE,Federal Contract Tower,0,9,13,0,22,0,0,49,0,49,0,9,62,0,71,64,0,64,135
06/27/2016,ENW,WI,AGL,CE,Federal Contract Tower,0,12,11,0,23,0,1,63,0,64,0,13,74,0,87,42,0,42,129
06/28/2016,ENW,WI,AGL,CE,Federal Contract Tower,0,17,14,0,31,0,0,67,0,67,0,17,81,0,98,144,0,144,242
06/29/2016,ENW,WI,AGL,CE,Federal Contract Tower,0,16,20,0,36,0,0,89,0,89,0,16,109,0,125,126,0,126,251
06/30/2016,ENW,WI,AGL,CE,Federal Contract Tower,0,5,15,0,20,0,0,95,0,95,0,5,110,0,115,140,0,140,255
07/01/2016,ENW,WI,AGL,CE,Federal Contract Tower,0,18,16,0,34,0,0,86,0,86,0,18,102,0,120,86,0,86,206
07/02/2016,ENW,WI,AGL,CE,Federal Contract Tower,0,4,10,0,14,0,0,90,0,90,0,4,100,0,104,118,0,118,222
07/03/2016,ENW,WI,AGL,CE,Federal Contract Tower,0,6,7,0,13,0,0,89,0,89,0,6,96,0,102,42,0,42,144
07/04/2016,ENW,WI,AGL,CE,Federal Contract Tower,0,3,2,0,5,0,0,42,0,42,0,3,44,0,47,62,0,62,109
07/05/2016,ENW,WI,AGL,CE,Federal Contract Tower,0,6,16,0,22,0,1,84,0,85,0,7,100,0,107,102,0,102,209
07/06/2016,ENW,WI,AGL,CE,Federal Contract Tower,0,8,6,1,15,0,0,56,0,56,0,8,62,1,71,94,0,94,165
07/07/2016,ENW,WI,AGL,CE,Federal Contract Tower,0,16,10,0,26,0,0,53,0,53,0,16,63,0,79,80,0,80,159
07/08/2016,ENW,WI,AGL,CE,Federal Contract Tower,0,9,8,0,17,0,0,90,0,90,0,9,98,0,107,106,0,106,213
07/09/2016,ENW,WI,AGL,CE,Federal Contract Tower,0,4,6,0,10,0,0,69,0,69,0,4,75,0,79,92,0,92,171
07/10/2016,ENW,WI,AGL,CE,Federal Contract Tower,0,14,23,0,37,0,0,107,0,107,0,14,130,0,144,86,0,86,230
07/11/2016,ENW,WI,AGL,CE,Federal Contract Tower,0,13,14,0,27,0,0,45,0,45,0,13,59,0,72,64,0,64,136
07/12/2016,ENW,WI,AGL,CE,Federal Contract Tower,0,8,18,0,26,0,1,85,0,86,0,9,103,0,112,42,0,42,154
07/13/2016,ENW,WI,AGL,CE,Federal Contract Tower,0,10,13,0,23,0,0,63,0,63,0,10,76,0,86,30,0,30,116
07/14/2016,ENW,WI,AGL,CE,Federal Contract Tower,0,4,16,0,20,0,0,80,0,80,0,4,96,0,100,26,0,26,126
07/15/2016,ENW,WI,AGL,CE,Federal Contract Tower,0,6,52,0,58,0,0,79,0,79,0,6,131,0,137,64,0,64,201
07/16/2016,ENW,WI,AGL,CE,Federal Contract Tower,0,6,17,0,23,0,0,140,0,140,0,6,157,0,163,208,0,208,371
07/17/2016,ENW,WI,AGL,CE,Federal Contract Tower,0,8,4,0,12,0,2,20,0,22,0,10,24,0,34,0,0,0,34
07/18/2016,ENW,WI,AGL,CE,Federal Contract Tower,0,11,16,0,27,0,2,78,2,82,0,13,94,2,109,122,0,122,231
07/19/2016,ENW,WI,AGL,CE,Federal Contract Tower,0,4,24,0,28,0,0,102,0,102,0,4,126,0,130,134,0,134,264
07/20/2016,ENW,WI,AGL,CE,Federal Contract Tower,0,1,7,0,8,0,0,95,0,95,0,1,102,0,103,94,0,94,197
07/21/2016,ENW,WI,AGL,CE,Federal Contract Tower,0,11,11,0,22,0,0,58,0,58,0,11,69,0,80,72,0,72,152
07/22/2016,ENW,WI,AGL,CE,Federal Contract Tower,0,15,10,0,25,0,0,110,0,110,0,15,120,0,135,114,0,114,249
07/23/2016,ENW,WI,AGL,CE,Federal Contract Tower,0,4,4,0,8,0,0,75,0,75,0,4,79,0,83,82,0,82,165
07/24/2016,ENW,WI,AGL,CE,Federal Contract Tower,0,5,17,0,22,0,0,105,0,105,0,5,122,0,127,26,0,26,153
07/25/2016,ENW,WI,AGL,CE,Federal Contract Tower,0,19,12,0,31,0,1,72,0,73,0,20,84,0,104,34,0,34,138
07/26/2016,ENW,WI,AGL,CE,Federal Contract Tower,0,15,4,0,19,0,1,69,0,70,0,16,73,0,89,28,0,28,117
07/27/2016,ENW,WI,AGL,CE,Federal Contract Tower,0,18,10,0,28,0,0,103,0,103,0,18,113,0,131,28,2,30,161
07/28/2016,ENW,WI,AGL,CE,Federal Contract Tower,0,12,14,0,26,0,0,72,0,72,0,12,86,0,98,44,0,44,142
07/29/2016,ENW,WI,AGL,CE,Federal Contract Tower,0,17,13,0,30,0,0,63,0,63,0,17,76,0,93,38,0,38,131
07/30/2016,ENW,WI,AGL,CE,Federal Contract Tower,0,6,7,0,13,0,0,104,0,104,0,6,111,0,117,80,0,80,197
07/31/2016,ENW,WI,AGL,CE,Federal Contract Tower,0,10,18,0,28,0,3,139,0,142,0,13,157,0,170,44,0,44,214
08/01/2016,ENW,WI,AGL,CE,Federal Contract Tower,0,11,4,0,15,0,0,78,0,78,0,11,82,0,93,50,0,50,143
08/02/2016,ENW,WI,AGL,CE,Federal Contract Tower,0,12,8,0,20,0,1,58,4,63,0,13,66,4,83,86,0,86,169
08/03/2016,ENW,WI,AGL,CE,Federal Contract Tower,0,25,10,0,35,0,0,39,0,39,0,25,49,0,74,46,0,46,120
08/04/2016,ENW,WI,AGL,CE,Federal Contract Tower,0,10,16,0,26,0,0,95,2,97,0,10,111,2,123,80,0,80,203
08/05/2016,ENW,WI,AGL,CE,Federal Contract Tower,0,17,7,0,24,0,0,95,0,95,0,17,102,0,119,94,0,94,213
08/06/2016,ENW,WI,AGL,CE,Federal Contract Tower,0,6,7,0,13,0,5,69,0,74,0,11,76,0,87,56,0,56,143
08/07/2016,ENW,WI,AGL,CE,Federal Contract Tower,0,13,7,0,20,0,0,78,0,78,0,13,85,0,98,14,0,14,112
08/08/2016,ENW,WI,AGL,CE,Federal Contract Tower,0,20,10,0,30,0,0,76,0,76,0,20,86,0,106,112,0,112,218
08/09/2016,ENW,WI,AGL,CE,Federal Contract Tower,0,15,9,0,24,0,1,68,0,69,0,16,77,0,93,16,0,16,109
08/10/2016,ENW,WI,AGL,CE,Federal Contract Tower,0,16,13,0,29,0,0,83,0,83,0,16,96,0,112,182,0,182,294
08/11/2016,ENW,WI,AGL,CE,Federal Contract Tower,0,15,5,0,20,0,0,91,0,91,0,15,96,0,111,112,0,112,223
08/12/2016,ENW,WI,AGL,CE,Federal Contract Tower,0,10,5,0,15,0,0,51,0,51,0,10,56,0,66,96,0,96,162
08/13/2016,ENW,WI,AGL,CE,Federal Contract Tower,0,6,20,0,26,0,0,81,0,81,0,6,101,0,107,134,0,134,241
08/14/2016,ENW,WI,AGL,CE,Federal Contract Tower,0,18,12,0,30,0,0,104,0,104,0,18,116,0,134,72,0,72,206
08/15/2016,ENW,WI,AGL,CE,Federal Contract Tower,0,10,13,4,27,0,1,42,0,43,0,11,55,4,70,58,0,58,128
08/16/2016,ENW,WI,AGL,CE,Federal Contract Tower,0,10,8,0,18,0,0,109,0,109,0,10,117,0,127,118,0,118,245
08/17/2016,ENW,WI,AGL,CE,Federal Contract Tower,0,10,22,0,32,0,0,84,0,84,0,10,106,0,116,62,0,62,178
08/18/2016,ENW,WI,AGL,CE,Federal Contract Tower,0,8,16,0,24,0,0,73,0,73,0,8,89,0,97,78,0,78,175
08/19/2016,ENW,WI,AGL,CE,Federal Contract Tower,0,10,16,0,26,0,0,79,0,79,0,10,95,0,105,158,0,158,263
08/20/2016,ENW,WI,AGL,CE,Federal Contract Tower,0,3,0,0,3,0,0,19,0,19,0,3,19,0,22,8,0,8,30
08/21/2016,ENW,WI,AGL,CE,Federal Contract Tower,0,17,5,0,22,0,0,58,0,58,0,17,63,0,80,78,0,78,158
08/22/2016,ENW,WI,AGL,CE,Federal Contract Tower,0,16,14,0,30,0,0,88,0,88,0,16,102,0,118,102,0,102,220
08/23/2016,ENW,WI,AGL,CE,Federal Contract Tower,0,9,20,0,29,0,2,87,0,89,0,11,107,0,118,32,0,32,150
08/24/2016,ENW,WI,AGL,CE,Federal Contract Tower,0,12,6,0,18,0,0,18,0,18,0,12,24,0,36,74,0,74,110
08/25/2016,ENW,WI,AGL,CE,Federal Contract Tower,0,12,13,0,25,0,0,61,0,61,0,12,74,0,86,80,0,80,166
08/26/2016,ENW,WI,AGL,CE,Federal Contract Tower,0,4,15,0,19,0,0,102,2,104,0,4,117,2,123,166,0,166,289
08/27/2016,ENW,WI,AGL,CE,Federal Contract Tower,0,7,3,0,10,0,0,51,0,51,0,7,54,0,61,96,0,96,157
08/28/2016,ENW,WI,AGL,CE,Federal Contract Tower,0,8,7,0,15,0,0,100,0,100,0,8,107,0,115,100,0,100,215
08/29/2016,ENW,WI,AGL,CE,Federal Contract Tower,0,11,11,0,22,0,0,56,0,56,0,11,67,0,78,134,0,134,212
08/30/2016,ENW,WI,AGL,CE,Federal Contract Tower,0,9,10,0,19,0,6,29,0,35,0,15,39,0,54,22,0,22,76
08/31/2016,ENW,WI,AGL,CE,Federal Contract Tower,0,19,7,0,26,0,2,86,0,88,0,21,93,0,114,76,0,76,190
09/01/2016,ENW,WI,AGL,CE,Federal Contract Tower,0,13,20,0,33,0,3,64,0,67,0,16,84,0,100,38,0,38,138
09/02/2016,ENW,WI,AGL,CE,Federal Contract Tower,0,22,19,0,41,0,0,91,0,91,0,22,110,0,132,86,0,86,218
09/03/2016,ENW,WI,AGL,CE,Federal Contract Tower,0,17,16,0,33,0,0,54,0,54,0,17,70,0,87,40,0,40,127
09/04/2016,ENW,WI,AGL,CE,Federal Contract Tower,0,3,19,0,22,0,0,43,0,43,0,3,62,0,65,38,0,38,103
09/05/2016,ENW,WI,AGL,CE,Federal Contract Tower,0,19,9,0,28,0,0,66,0,66,0,19,75,0,94,0,0,0,94
09/06/2016,ENW,WI,AGL,CE,Federal Contract Tower,0,6,22,0,28,0,0,35,0,35,0,6,57,0,63,26,0,26,89
09/07/2016,ENW,WI,AGL,CE,Federal Contract Tower,0,8,21,0,29,0,0,68,0,68,0,8,89,0,97,122,0,122,219
09/08/2016,ENW,WI,AGL,CE,Federal Contract Tower,0,17,35,0,52,0,0,57,0,57,0,17,92,0,109,82,0,82,191
09/09/2016,ENW,WI,AGL,CE,Federal Contract Tower,0,11,14,0,25,0,0,108,0,108,0,11,122,0,133,154,0,154,287
09/10/2016,ENW,WI,AGL,CE,Federal Contract Tower,0,4,12,0,16,0,0,27,0,27,0,4,39,0,43,2,0,2,45
09/11/2016,ENW,WI,AGL,CE,Federal Contract Tower,0,10,21,0,31,0,0,96,0,96,0,10,117,0,127,34,0,34,161
09/12/2016,ENW,WI,AGL,CE,Federal Contract Tower,0,5,11,0,16,0,0,59,0,59,0,5,70,0,75,120,0,120,195
09/13/2016,ENW,WI,AGL,CE,Federal Contract Tower,0,18,9,0,27,0,2,53,0,55,0,20,62,0,82,56,0,56,138
09/14/2016,ENW,WI,AGL,CE,Federal Contract Tower,0,12,25,0,37,0,0,56,0,56,0,12,81,0,93,82,0,82,175
09/15/2016,ENW,WI,AGL,CE,Federal Contract Tower,0,8,20,0,28,0,0,90,0,90,0,8,110,0,118,56,0,56,174
09/16/2016,ENW,WI,AGL,CE,Federal Contract Tower,0,7,12,0,19,0,0,47,0,47,0,7,59,0,66,54,0,54,120
09/17/2016,ENW,WI,AGL,CE,Federal Contract Tower,0,6,7,0,13,0,0,93,0,93,0,6,100,0,106,66,0,66,172
09/18/2016,ENW,WI,AGL,CE,Federal Contract Tower,0,8,14,0,22,0,0,106,0,106,0,8,120,0,128,32,0,32,160
09/19/2016,ENW,WI,AGL,CE,Federal Contract Tower,0,8,8,0,16,0,0,64,0,64,0,8,72,0,80,60,0,60,140
09/20/2016,ENW,WI,AGL,CE,Federal Contract Tower,0,10,22,0,32,0,0,72,0,72,0,10,94,0,104,82,0,82,186
09/21/2016,ENW,WI,AGL,CE,Federal Contract Tower,0,8,2,0,10,0,0,7,0,7,0,8,9,0,17,36,0,36,53
09/22/2016,ENW,WI,AGL,CE,Federal Contract Tower,0,10,14,0,24,0,0,47,0,47,0,10,61,0,71,34,0,34,105
09/23/2016,ENW,WI,AGL,CE,Federal Contract Tower,0,10,20,0,30,0,0,38,0,38,0,10,58,0,68,86,0,86,154
09/24/2016,ENW,WI,AGL,CE,Federal Contract Tower,0,6,20,0,26,0,0,57,0,57,0,6,77,0,83,80,0,80,163
09/25/2016,ENW,WI,AGL,CE,Federal Contract Tower,0,11,5,0,16,0,0,60,0,60,0,11,65,0,76,52,0,52,128
09/26/2016,ENW,WI,AGL,CE,Federal Contract Tower,0,7,3,0,10,0,2,15,0,17,0,9,18,0,27,14,0,14,41
09/27/2016,ENW,WI,AGL,CE,Federal Contract Tower,0,7,12,0,19,0,0,17,0,17,0,7,29,0,36,0,0,0,36
09/28/2016,ENW,WI,AGL,CE,Federal Contract Tower,0,18,11,0,29,0,0,54,0,54,0,18,65,0,83,24,0,24,107
09/29/2016,ENW,WI,AGL,CE,Federal Contract Tower,0,23,4,0,27,0,0,19,0,19,0,23,23,0,46,24,0,24,70
09/30/2016,ENW,WI,AGL,CE,Federal Contract Tower,0,16,9,0,25,0,0,2,0,2,0,16,11,0,27,28,0,28,55
10/01/2016,ENW,WI,AGL,CE,Federal Contract Tower,0,6,4,0,10,0,0,0,0,0,0,6,4,0,10,0,0,0,10
10/02/2016,ENW,WI,AGL,CE,Federal Contract Tower,0,8,20,0,28,0,0,8,0,8,0,8,28,0,36,92,0,92,128
10/03/2016,ENW,WI,AGL,CE,Federal Contract Tower,0,16,12,0,28,0,0,51,0,51,0,16,63,0,79,58,0,58,137
10/04/2016,ENW,WI,AGL,CE,Federal Contract Tower,0,1,12,0,13,0,0,63,0,63,0,1,75,0,76,64,0,64,140
10/05/2016,ENW,WI,AGL,CE,Federal Contract Tower,0,17,17,0,34,0,0,49,0,49,0,17,66,0,83,136,0,136,219
10/06/2016,ENW,WI,AGL,CE,Federal Contract Tower,0,6,11,0,17,0,0,18,0,18,0,6,29,0,35,44,0,44,79
10/07/2016,ENW,WI,AGL,CE,Federal Contract Tower,0,6,33,0,39,0,0,64,0,64,0,6,97,0,103,108,0,108,211
10/08/2016,ENW,WI,AGL,CE,Federal Contract Tower,0,3,22,0,25,0,0,104,0,104,0,3,126,0,129,146,0,146,275
10/09/2016,ENW,WI,AGL,CE,Federal Contract Tower,0,8,13,0,21,0,0,103,0,103,0,8,116,0,124,58,0,58,182
10/10/2016,ENW,WI,AGL,CE,Federal Contract Tower,0,16,8,0,24,0,0,65,0,65,0,16,73,0,89,100,0,100,189
10/11/2016,ENW,WI,AGL,CE,Federal Contract Tower,0,8,8,0,16,0,0,50,0,50,0,8,58,0,66,102,0,102,168
10/12/2016,ENW,WI,AGL,CE,Federal Contract Tower,0,18,7,0,25,0,0,11,0,11,0,18,18,0,36,20,0,20,56
10/13/2016,ENW,WI,AGL,CE,Federal Contract Tower,0,14,7,0,21,0,1,81,0,82,0,15,88,0,103,66,0,66,169
10/14/2016,ENW,WI,AGL,CE,Federal Contract Tower,0,7,9,0,16,0,0,108,0,108,0,7,117,0,124,124,0,124,248
10/15/2016,ENW,WI,AGL,CE,Federal Contract Tower,0,11,4,0,15,0,0,4,0,4,0,11,8,0,19,10,0,10,29
10/16/2016,ENW,WI,AGL,CE,Federal Contract Tower,0,11,6,0,17,0,0,12,0,12,0,11,18,0,29,44,0,44,73
10/17/2016,ENW,WI,AGL,CE,Federal Contract Tower,0,10,3,0,13,0,0,25,0,25,0,10,28,0,38,8,0,8,46
10/18/2016,ENW,WI,AGL,CE,Federal Contract Tower,0,18,13,0,31,0,0,91,0,91,0,18,104,0,122,62,0,62,184
10/19/2016,ENW,WI,AGL,CE,Federal Contract Tower,0,9,5,0,14,0,0,48,0,48,0,9,53,0,62,114,0,114,176
10/20/2016,ENW,WI,AGL,CE,Federal Contract Tower,0,14,17,0,31,0,0,35,0,35,0,14,52,0,66,52,0,52,118
10/21/2016,ENW,WI,AGL,CE,Federal Contract Tower,0,6,11,0,17,0,0,62,0,62,0,6,73,0,79,116,0,116,195
10/22/2016,ENW,WI,AGL,CE,Federal Contract Tower,0,0,21,0,21,0,0,85,0,85,0,0,106,0,106,72,0,72,178
10/23/2016,ENW,WI,AGL,CE,Federal Contract Tower,0,12,10,0,22,0,0,73,0,73,0,12,83,0,95,46,0,46,141
10/24/2016,ENW,WI,AGL,CE,Federal Contract Tower,0,11,6,0,17,0,0,29,0,29,0,11,35,0,46,10,0,10,56
10/25/2016,ENW,WI,AGL,CE,Federal Contract Tower,0,20,12,0,32,0,0,45,0,45,0,20,57,0,77,34,0,34,111
10/26/2016,ENW,WI,AGL,CE,Federal Contract Tower,0,11,4,0,15,0,0,0,0,0,0,11,4,0,15,0,0,0,15
10/27/2016,ENW,WI,AGL,CE,Federal Contract Tower,0,12,14,0,26,0,0,68,0,68,0,12,82,0,94,82,0,82,176
10/28/2016,ENW,WI,AGL,CE,Federal Contract Tower,0,14,22,0,36,0,0,38,0,38,0,14,60,0,74,0,0,0,74
10/29/2016,ENW,WI,AGL,CE,Federal Contract Tower,0,3,12,0,15,0,0,78,0,78,0,3,90,0,93,86,0,86,179
10/30/2016,ENW,WI,AGL,CE,Federal Contract Tower,0,11,5,0,16,0,2,19,0,21,0,13,24,0,37,16,0,16,53
10/31/2016,ENW,WI,AGL,CE,Federal Contract Tower,0,4,4,0,8,0,0,37,0,37,0,4,41,0,45,24,0,24,69
11/01/2016,ENW,WI,AGL,CE,Federal Contract Tower,0,8,13,0,21,0,0,73,0,73,0,8,86,0,94,30,0,30,124
11/02/2016,ENW,WI,AGL,CE,Federal Contract Tower,0,12,4,0,16,0,0,5,0,5,0,12,9,0,21,24,0,24,45
11/03/2016,ENW,WI,AGL,CE,Federal Contract Tower,0,11,11,0,22,0,0,52,0,52,0,11,63,0,74,28,0,28,102
11/04/2016,ENW,WI,AGL,CE,Federal Contract Tower,0,5,13,0,18,0,0,86,0,86,0,5,99,0,104,102,0,102,206
11/05/2016,ENW,WI,AGL,CE,Federal Contract Tower,0,6,11,0,17,0,0,98,0,98,0,6,109,0,115,118,0,118,233
11/06/2016,ENW,WI,AGL,CE,Federal Contract Tower,0,10,8,0,18,0,0,99,0,99,0,10,107,0,117,134,0,134,251
11/07/2016,ENW,WI,AGL,CE,Federal Contract Tower,0,13,18,0,31,0,0,50,0,50,0,13,68,0,81,22,0,22,103
11/08/2016,ENW,WI,AGL,CE,Federal Contract Tower,0,19,12,0,31,0,0,39,0,39,0,19,51,0,70,20,0,20,90
11/09/2016,ENW,WI,AGL,CE,Federal Contract Tower,0,12,10,0,22,0,0,63,0,63,0,12,73,0,85,84,0,84,169
11/10/2016,ENW,WI,AGL,CE,Federal Contract Tower,0,19,12,0,31,0,0,60,0,60,0,19,72,0,91,90,0,90,181
11/11/2016,ENW,WI,AGL,CE,Federal Contract Tower,0,8,12,0,20,0,0,56,0,56,0,8,68,0,76,64,0,64,140
11/12/2016,ENW,WI,AGL,CE,Federal Contract Tower,0,13,10,0,23,0,0,74,0,74,0,13,84,0,97,122,0,122,219
11/13/2016,ENW,WI,AGL,CE,Federal Contract Tower,0,8,7,0,15,0,1,59,0,60,0,9,66,0,75,46,0,46,121
11/14/2016,ENW,WI,AGL,CE,Federal Contract Tower,0,6,14,0,20,0,0,62,0,62,0,6,76,0,82,26,0,26,108
11/15/2016,ENW,WI,AGL,CE,Federal Contract Tower,0,11,10,0,21,0,0,48,0,48,0,11,58,0,69,88,0,88,157
11/16/2016,ENW,WI,AGL,CE,Federal Contract Tower,0,11,16,0,27,0,0,46,0,46,0,11,62,0,73,68,0,68,141
11/17/2016,ENW,WI,AGL,CE,Federal Contract Tower,0,8,12,0,20,0,1,75,0,76,0,9,87,0,96,74,0,74,170
11/18/2016,ENW,WI,AGL,CE,Federal Contract Tower,0,9,5,0,14,0,0,27,0,27,0,9,32,0,41,112,0,112,153
11/19/2016,ENW,WI,AGL,CE,Federal Contract Tower,0,4,1,0,5,0,0,8,0,8,0,4,9,0,13,0,0,0,13
11/20/2016,ENW,WI,AGL,CE,Federal Contract Tower,0,11,3,0,14,0,0,48,0,48,0,11,51,0,62,54,0,54,116
11/21/2016,ENW,WI,AGL,CE,Federal Contract Tower,0,6,9,0,15,0,0,47,0,47,0,6,56,0,62,78,0,78,140
11/22/2016,ENW,WI,AGL,CE,Federal Contract Tower,0,12,12,0,24,0,0,36,0,36,0,12,48,0,60,42,0,42,102
11/23/2016,ENW,WI,AGL,CE,Federal Contract Tower,0,8,1,0,9,0,0,0,0,0,0,8,1,0,9,0,0,0,9
11/24/2016,ENW,WI,AGL,CE,Federal Contract Tower,0,0,2,0,2,0,0,2,0,2,0,0,4,0,4,0,0,0,4
11/25/2016,ENW,WI,AGL,CE,Federal Contract Tower,0,2,2,0,4,0,0,27,0,27,0,2,29,0,31,98,0,98,129
11/26/2016,ENW,WI,AGL,CE,Federal Contract Tower,0,10,2,0,12,0,0,70,0,70,0,10,72,0,82,92,0,92,174
11/27/2016,ENW,WI,AGL,CE,Federal Contract Tower,0,10,9,0,19,0,0,6,0,6,0,10,15,0,25,18,0,18,43
11/28/2016,ENW,WI,AGL,CE,Federal Contract Tower,0,12,1,0,13,0,0,0,0,0,0,12,1,0,13,0,0,0,13
11/29/2016,ENW,WI,AGL,CE,Federal Contract Tower,0,12,10,0,22,0,0,33,0,33,0,12,43,0,55,58,0,58,113
11/30/2016,ENW,WI,AGL,CE,Federal Contract Tower,0,4,8,0,12,0,0,50,0,50,0,4,58,0,62,78,0,78,140
12/01/2016,ENW,WI,AGL,CE,Federal Contract Tower,0,9,2,0,11,0,0,8,0,8,0,9,10,0,19,4,0,4,23
12/02/2016,ENW,WI,AGL,CE,Federal Contract Tower,0,6,9,0,15,0,0,50,0,50,0,6,59,0,65,66,0,66,131
12/03/2016,ENW,WI,AGL,CE,Federal Contract Tower,0,5,10,0,15,0,0,86,0,86,0,5,96,0,101,164,0,164,265
12/04/2016,ENW,WI,AGL,CE,Federal Contract Tower,0,4,2,0,6,0,0,6,0,6,0,4,8,0,12,0,0,0,12
12/05/2016,ENW,WI,AGL,CE,Federal Contract Tower,0,18,6,0,24,0,0,0,0,0,0,18,6,0,24,0,0,0,24
12/06/2016,ENW,WI,AGL,CE,Federal Contract Tower,0,7,6,0,13,0,0,23,0,23,0,7,29,0,36,62,0,62,98
12/07/2016,ENW,WI,AGL,CE,Federal Contract Tower,0,11,8,0,19,0,0,36,0,36,0,11,44,0,55,40,0,40,95
12/08/2016,ENW,WI,AGL,CE,Federal Contract Tower,0,17,7,0,24,0,0,33,0,33,0,17,40,0,57,30,0,30,87
12/09/2016,ENW,WI,AGL,CE,Federal Contract Tower,0,11,11,0,22,0,0,66,0,66,0,11,77,0,88,120,0,120,208
12/10/2016,ENW,WI,AGL,CE,Federal Contract Tower,0,5,5,0,10,0,0,46,0,46,0,5,51,0,56,64,0,64,120
12/11/2016,ENW,WI,AGL,CE,Federal Contract Tower,0,3,0,0,3,0,0,0,0,0,0,3,0,0,3,0,0,0,3
12/12/2016,ENW,WI,AGL,CE,Federal Contract Tower,0,15,7,0,22,0,1,15,0,16,0,16,22,0,38,0,0,0,38
12/13/2016,ENW,WI,AGL,CE,Federal Contract Tower,0,14,6,0,20,0,0,2,0,2,0,14,8,0,22,20,0,20,42
12/14/2016,ENW,WI,AGL,CE,Federal Contract Tower,0,14,8,0,22,0,0,15,0,15,0,14,23,0,37,0,0,0,37
12/15/2016,ENW,WI,AGL,CE,Federal Contract Tower,0,8,10,0,18,0,0,37,0,37,0,8,47,0,55,36,0,36,91
12/16/2016,ENW,WI,AGL,CE,Federal Contract Tower,0,8,8,0,16,0,0,12,0,12,0,8,20,0,28,68,0,68,96
12/17/2016,ENW,WI,AGL,CE,Federal Contract Tower,0,1,1,0,2,0,0,5,0,5,0,1,6,0,7,0,0,0,7
12/18/2016,ENW,WI,AGL,CE,Federal Contract Tower,0,2,3,0,5,0,0,5,0,5,0,2,8,0,10,0,0,0,10
12/19/2016,ENW,WI,AGL,CE,Federal Contract Tower,0,3,7,0,10,0,2,7,0,9,0,5,14,0,19,0,0,0,19
12/20/2016,ENW,WI,AGL,CE,Federal Contract Tower,0,11,3,0,14,0,2,8,0,10,0,13,11,0,24,20,0,20,44
12/21/2016,ENW,WI,AGL,CE,Federal Contract Tower,0,10,3,0,13,0,0,25,0,25,0,10,28,0,38,70,0,70,108
12/22/2016,ENW,WI,AGL,CE,Federal Contract Tower,0,10,13,0,23,0,0,78,0,78,0,10,91,0,101,190,0,190,291
12/23/2016,ENW,WI,AGL,CE,Federal Contract Tower,0,6,1,0,7,0,0,14,0,14,0,6,15,0,21,20,0,20,41
12/24/2016,ENW,WI,AGL,CE,Federal Contract Tower,0,3,3,0,6,0,0,14,0,14,0,3,17,0,20,18,0,18,38
12/25/2016,ENW,WI,AGL,CE,Federal Contract Tower,0,0,0,0,0,0,0,0,0,0,0,0,0,0,0,0,0,0,0
12/26/2016,ENW,WI,AGL,CE,Federal Contract Tower,0,17,7,0,24,0,0,6,0,6,0,17,13,0,30,0,0,0,30
12/27/2016,ENW,WI,AGL,CE,Federal Contract Tower,0,6,4,0,10,0,0,32,0,32,0,6,36,0,42,96,0,96,138
12/28/2016,ENW,WI,AGL,CE,Federal Contract Tower,0,10,1,0,11,0,0,43,0,43,0,10,44,0,54,68,0,68,122
12/29/2016,ENW,WI,AGL,CE,Federal Contract Tower,0,1,1,0,2,0,0,8,0,8,0,1,9,0,10,44,0,44,54
12/30/2016,ENW,WI,AGL,CE,Federal Contract Tower,0,4,4,0,8,0,0,45,0,45,0,4,49,0,53,90,0,90,143
12/31/2016,ENW,WI,AGL,CE,Federal Contract Tower,0,1,9,0,10,0,0,42,0,42,0,1,51,0,52,70,0,70,122
01/01/2017,ENW,WI,AGL,CE,Federal Contract Tower,0,8,11,0,19,0,0,67,0,67,0,8,78,0,86,48,0,48,134
01/02/2017,ENW,WI,AGL,CE,Federal Contract Tower,0,13,1,0,14,0,0,11,0,11,0,13,12,0,25,18,0,18,43
01/03/2017,ENW,WI,AGL,CE,Federal Contract Tower,0,11,0,0,11,0,0,3,0,3,0,11,3,0,14,64,0,64,78
01/04/2017,ENW,WI,AGL,CE,Federal Contract Tower,0,8,3,0,11,0,0,11,0,11,0,8,14,0,22,60,0,60,82
01/05/2017,ENW,WI,AGL,CE,Federal Contract Tower,0,10,4,0,14,0,0,32,0,32,0,10,36,0,46,114,0,114,160
01/06/2017,ENW,WI,AGL,CE,Federal Contract Tower,0,7,7,0,14,0,0,31,0,31,0,7,38,0,45,108,0,108,153
01/07/2017,ENW,WI,AGL,CE,Federal Contract Tower,0,6,13,0,19,0,0,61,0,61,0,6,74,0,80,106,0,106,186
01/08/2017,ENW,WI,AGL,CE,Federal Contract Tower,0,11,9,0,20,0,0,54,0,54,0,11,63,0,74,46,0,46,120
01/09/2017,ENW,WI,AGL,CE,Federal Contract Tower,0,5,7,0,12,0,0,49,0,49,0,5,56,0,61,32,0,32,93
01/10/2017,ENW,WI,AGL,CE,Federal Contract Tower,0,4,1,0,5,0,0,0,0,0,0,4,1,0,5,0,0,0,5
01/11/2017,ENW,WI,AGL,CE,Federal Contract Tower,0,9,8,0,17,0,0,27,0,27,0,9,35,0,44,48,0,48,92
01/12/2017,ENW,WI,AGL,CE,Federal Contract Tower,0,12,3,0,15,0,0,17,0,17,0,12,20,0,32,100,0,100,132
01/13/2017,ENW,WI,AGL,CE,Federal Contract Tower,0,7,12,0,19,0,0,46,0,46,0,7,58,0,65,128,0,128,193
01/14/2017,ENW,WI,AGL,CE,Federal Contract Tower,0,5,2,0,7,0,0,67,0,67,0,5,69,0,74,154,0,154,228
01/15/2017,ENW,WI,AGL,CE,Federal Contract Tower,0,4,7,0,11,0,0,56,0,56,0,4,63,0,67,66,0,66,133
01/16/2017,ENW,WI,AGL,CE,Federal Contract Tower,0,6,0,0,6,0,0,0,0,0,0,6,0,0,6,0,0,0,6
01/17/2017,ENW,WI,AGL,CE,Federal Contract Tower,0,5,1,0,6,0,0,0,0,0,0,5,1,0,6,0,0,0,6
01/18/2017,ENW,WI,AGL,CE,Federal Contract Tower,0,11,8,0,19,0,0,0,0,0,0,11,8,0,19,48,0,48,67
01/19/2017,ENW,WI,AGL,CE,Federal Contract Tower,0,2,8,0,10,0,0,0,0,0,0,2,8,0,10,0,0,0,10
01/20/2017,ENW,WI,AGL,CE,Federal Contract Tower,0,4,1,0,5,0,0,0,0,0,0,4,1,0,5,32,0,32,37
01/21/2017,ENW,WI,AGL,CE,Federal Contract Tower,0,2,2,0,4,0,0,61,0,61,0,2,63,0,65,120,0,120,185
01/22/2017,ENW,WI,AGL,CE,Federal Contract Tower,0,2,23,0,25,0,0,21,0,21,0,2,44,0,46,60,0,60,106
01/23/2017,ENW,WI,AGL,CE,Federal Contract Tower,0,8,18,0,26,0,0,22,0,22,0,8,40,0,48,46,0,46,94
01/24/2017,ENW,WI,AGL,CE,Federal Contract Tower,0,7,23,0,30,0,0,0,0,0,0,7,23,0,30,22,0,22,52
01/25/2017,ENW,WI,AGL,CE,Federal Contract Tower,0,23,1,0,24,0,0,0,0,0,0,23,1,0,24,0,0,0,24
01/26/2017,ENW,WI,AGL,CE,Federal Contract Tower,0,10,6,0,16,0,0,17,0,17,0,10,23,0,33,60,0,60,93
01/27/2017,ENW,WI,AGL,CE,Federal Contract Tower,0,4,1,0,5,0,0,39,0,39,0,4,40,0,44,118,0,118,162
01/28/2017,ENW,WI,AGL,CE,Federal Contract Tower,0,4,1,0,5,0,0,40,0,40,0,4,41,0,45,62,0,62,107
01/29/2017,ENW,WI,AGL,CE,Federal Contract Tower,0,8,5,0,13,0,0,19,0,19,0,8,24,0,32,78,0,78,110
01/30/2017,ENW,WI,AGL,CE,Federal Contract Tower,0,7,2,0,9,0,1,79,0,80,0,8,81,0,89,110,0,110,199
01/31/2017,ENW,WI,AGL,CE,Federal Contract Tower,0,12,1,0,13,0,0,9,0,9,0,12,10,0,22,30,0,30,52
02/01/2017,ENW,WI,AGL,CE,Federal Contract Tower,0,14,7,0,21,0,0,68,0,68,0,14,75,0,89,96,0,96,185
02/02/2017,ENW,WI,AGL,CE,Federal Contract Tower,0,7,18,0,25,0,0,62,0,62,0,7,80,0,87,128,0,128,215
02/03/2017,ENW,WI,AGL,CE,Federal Contract Tower,0,4,9,0,13,0,0,80,0,80,0,4,89,0,93,134,0,134,227
02/04/2017,ENW,WI,AGL,CE,Federal Contract Tower,0,3,7,0,10,0,0,79,0,79,0,3,86,0,89,120,0,120,209
02/05/2017,ENW,WI,AGL,CE,Federal Contract Tower,0,6,4,0,10,0,4,77,0,81,0,10,81,0,91,22,0,22,113
02/06/2017,ENW,WI,AGL,CE,Federal Contract Tower,0,9,11,0,20,0,0,55,0,55,0,9,66,0,75,54,0,54,129
02/07/2017,ENW,WI,AGL,CE,Federal Contract Tower,0,8,0,0,8,0,0,0,0,0,0,8,0,0,8,0,0,0,8
02/08/2017,ENW,WI,AGL,CE,Federal Contract Tower,0,5,3,0,8,0,0,89,0,89,0,5,92,0,97,168,0,168,265
02/09/2017,ENW,WI,AGL,CE,Federal Contract Tower,0,3,5,0,8,0,0,62,0,62,0,3,67,0,70,138,0,138,208
02/10/2017,ENW,WI,AGL,CE,Federal Contract Tower,0,5,1,0,6,0,0,44,0,44,0,5,45,0,50,112,0,112,162
02/11/2017,ENW,WI,AGL,CE,Federal Contract Tower,0,0,8,0,8,0,0,59,0,59,0,0,67,0,67,120,0,120,187
02/12/2017,ENW,WI,AGL,CE,Federal Contract Tower,0,4,8,0,12,0,0,2,0,2,0,4,10,0,14,0,0,0,14
02/13/2017,ENW,WI,AGL,CE,Federal Contract Tower,0,11,15,0,26,0,3,72,0,75,0,14,87,0,101,116,0,116,217
02/14/2017,ENW,WI,AGL,CE,Federal Contract Tower,0,6,12,0,18,0,0,39,0,39,0,6,51,0,57,32,0,32,89
02/15/2017,ENW,WI,AGL,CE,Federal Contract Tower,0,5,10,0,15,0,0,54,0,54,0,5,64,0,69,78,0,78,147
02/16/2017,ENW,WI,AGL,CE,Federal Contract Tower,0,16,4,0,20,0,0,61,0,61,0,16,65,0,81,68,0,68,149
02/17/2017,ENW,WI,AGL,CE,Federal Contract Tower,0,7,14,0,21,0,0,77,0,77,0,7,91,0,98,80,0,80,178
02/18/2017,ENW,WI,AGL,CE,Federal Contract Tower,0,2,12,0,14,0,0,80,0,80,0,2,92,0,94,160,0,160,254
02/19/2017,ENW,WI,AGL,CE,Federal Contract Tower,0,6,13,0,19,0,2,107,0,109,0,8,120,0,128,106,0,106,234
02/20/2017,ENW,WI,AGL,CE,Federal Contract Tower,0,17,13,0,30,0,0,77,0,77,0,17,90,0,107,122,0,122,229
02/21/2017,ENW,WI,AGL,CE,Federal Contract Tower,0,10,23,0,33,0,0,81,0,81,0,10,104,0,114,168,0,168,282
02/22/2017,ENW,WI,AGL,CE,Federal Contract Tower,0,8,10,0,18,0,0,49,0,49,0,8,59,0,67,56,0,56,123
02/23/2017,ENW,WI,AGL,CE,Federal Contract Tower,0,6,9,0,15,0,0,22,0,22,0,6,31,0,37,56,0,56,93
02/24/2017,ENW,WI,AGL,CE,Federal Contract Tower,0,5,6,0,11,0,0,0,0,0,0,5,6,0,11,30,0,30,41
02/25/2017,ENW,WI,AGL,CE,Federal Contract Tower,0,4,0,0,4,0,0,12,0,12,0,4,12,0,16,40,0,40,56
02/26/2017,ENW,WI,AGL,CE,Federal Contract Tower,0,5,5,0,10,0,0,25,0,25,0,5,30,0,35,6,0,6,41
02/27/2017,ENW,WI,AGL,CE,Federal Contract Tower,0,6,21,0,27,0,2,70,0,72,0,8,91,0,99,50,0,50,149
02/28/2017,ENW,WI,AGL,CE,Federal Contract Tower,0,3,15,0,18,0,0,3,0,3,0,3,18,0,21,0,0,0,21
03/01/2017,ENW,WI,AGL,CE,Federal Contract Tower,0,10,8,0,18,0,0,0,0,0,0,10,8,0,18,0,0,0,18
03/02/2017,ENW,WI,AGL,CE,Federal Contract Tower,0,5,4,0,9,0,0,52,0,52,0,5,56,0,61,72,0,72,133
03/03/2017,ENW,WI,AGL,CE,Federal Contract Tower,0,8,7,0,15,0,0,80,0,80,0,8,87,0,95,124,0,124,219
03/04/2017,ENW,WI,AGL,CE,Federal Contract Tower,0,8,4,0,12,0,0,71,0,71,0,8,75,0,83,60,0,60,143
03/05/2017,ENW,WI,AGL,CE,Federal Contract Tower,0,11,5,0,16,0,0,76,0,76,0,11,81,0,92,38,0,38,130
03/06/2017,ENW,WI,AGL,CE,Federal Contract Tower,0,11,4,0,15,0,0,5,0,5,0,11,9,0,20,2,0,2,22
03/07/2017,ENW,WI,AGL,CE,Federal Contract Tower,0,6,3,0,9,0,2,7,0,9,0,8,10,0,18,0,0,0,18
03/08/2017,ENW,WI,AGL,CE,Federal Contract Tower,0,5,6,0,11,0,0,0,0,0,0,5,6,0,11,0,0,0,11
03/09/2017,ENW,WI,AGL,CE,Federal Contract Tower,0,22,13,0,35,0,0,49,0,49,0,22,62,0,84,82,0,82,166
03/10/2017,ENW,WI,AGL,CE,Federal Contract Tower,0,7,11,0,18,0,0,64,0,64,0,7,75,0,82,136,0,136,218
03/11/2017,ENW,WI,AGL,CE,Federal Contract Tower,0,2,13,0,15,0,0,77,0,77,0,2,90,0,92,116,0,116,208
03/12/2017,ENW,WI,AGL,CE,Federal Contract Tower,0,7,12,0,19,0,0,57,0,57,0,7,69,0,76,0,0,0,76
03/13/2017,ENW,WI,AGL,CE,Federal Contract Tower,0,1,3,0,4,0,0,0,0,0,0,1,3,0,4,0,0,0,4
03/14/2017,ENW,WI,AGL,CE,Federal Contract Tower,0,9,3,0,12,0,0,0,0,0,0,9,3,0,12,0,0,0,12
03/15/2017,ENW,WI,AGL,CE,Federal Contract Tower,0,10,3,0,13,0,0,45,0,45,0,10,48,0,58,8,0,8,66
03/16/2017,ENW,WI,AGL,CE,Federal Contract Tower,0,14,7,0,21,0,1,83,0,84,0,15,90,0,105,158,0,158,263
03/17/2017,ENW,WI,AGL,CE,Federal Contract Tower,0,7,6,0,13,0,0,7,0,7,0,7,13,0,20,0,0,0,20
03/18/2017,ENW,WI,AGL,CE,Federal Contract Tower,0,6,3,0,9,0,0,30,0,30,0,6,33,0,39,126,0,126,165
03/19/2017,ENW,WI,AGL,CE,Federal Contract Tower,0,14,11,0,25,0,0,61,0,61,0,14,72,0,86,22,0,22,108
03/20/2017,ENW,WI,AGL,CE,Federal Contract Tower,0,8,4,0,12,0,0,26,0,26,0,8,30,0,38,30,0,30,68
03/21/2017,ENW,WI,AGL,CE,Federal Contract Tower,0,5,9,0,14,0,0,57,0,57,0,5,66,0,71,72,0,72,143
03/22/2017,ENW,WI,AGL,CE,Federal Contract Tower,0,8,19,0,27,0,0,59,0,59,0,8,78,0,86,62,0,62,148
03/23/2017,ENW,WI,AGL,CE,Federal Contract Tower,0,13,10,0,23,0,0,69,0,69,0,13,79,0,92,52,0,52,144
03/24/2017,ENW,WI,AGL,CE,Federal Contract Tower,0,15,4,0,19,0,0,50,0,50,0,15,54,0,69,66,0,66,135
03/25/2017,ENW,WI,AGL,CE,Federal Contract Tower,0,9,0,0,9,0,0,0,0,0,0,9,0,0,9,0,0,0,9
03/26/2017,ENW,WI,AGL,CE,Federal Contract Tower,0,10,8,0,18,0,0,0,0,0,0,10,8,0,18,0,0,0,18
03/27/2017,ENW,WI,AGL,CE,Federal Contract Tower,0,12,19,0,31,0,0,5,0,5,0,12,24,0,36,44,0,44,80
03/28/2017,ENW,WI,AGL,CE,Federal Contract Tower,0,2,19,0,21,0,0,48,0,48,0,2,67,0,69,96,0,96,165
03/29/2017,ENW,WI,AGL,CE,Federal Contract Tower,0,8,12,0,20,0,0,51,0,51,0,8,63,0,71,186,0,186,257
03/30/2017,ENW,WI,AGL,CE,Federal Contract Tower,0,10,14,0,24,0,0,0,0,0,0,10,14,0,24,26,0,26,50
03/31/2017,ENW,WI,AGL,CE,Federal Contract Tower,0,5,3,0,8,0,0,13,0,13,0,5,16,0,21,28,0,28,49
04/01/2017,ENW,WI,AGL,CE,Federal Contract Tower,0,9,10,0,19,0,0,112,0,112,0,9,122,0,131,162,0,162,293
04/02/2017,ENW,WI,AGL,CE,Federal Contract Tower,0,10,6,0,16,0,1,76,0,77,0,11,82,0,93,146,0,146,239
04/03/2017,ENW,WI,AGL,CE,Federal Contract Tower,0,10,17,0,27,0,2,21,0,23,0,12,38,0,50,42,0,42,92
04/04/2017,ENW,WI,AGL,CE,Federal Contract Tower,0,9,11,0,20,0,0,51,0,51,0,9,62,0,71,114,0,114,185
04/05/2017,ENW,WI,AGL,CE,Federal Contract Tower,0,13,3,0,16,0,0,1,0,1,0,13,4,0,17,0,0,0,17
04/06/2017,ENW,WI,AGL,CE,Federal Contract Tower,0,12,1,0,13,0,0,17,0,17,0,12,18,0,30,10,0,10,40
04/07/2017,ENW,WI,AGL,CE,Federal Contract Tower,0,9,17,0,26,0,0,103,0,103,0,9,120,0,129,170,0,170,299
04/08/2017,ENW,WI,AGL,CE,Federal Contract Tower,0,4,13,0,17,0,0,77,0,77,0,4,90,0,94,82,0,82,176
04/09/2017,ENW,WI,AGL,CE,Federal Contract Tower,0,10,16,0,26,0,0,51,0,51,0,10,67,0,77,76,0,76,153
04/10/2017,ENW,WI,AGL,CE,Federal Contract Tower,0,5,2,0,7,0,0,16,0,16,0,5,18,0,23,66,0,66,89
04/11/2017,ENW,WI,AGL,CE,Federal Contract Tower,0,13,14,0,27,0,0,54,0,54,0,13,68,0,81,196,0,196,277
04/12/2017,ENW,WI,AGL,CE,Federal Contract Tower,0,4,21,0,25,0,0,105,0,105,0,4,126,0,130,186,0,186,316
04/13/2017,ENW,WI,AGL,CE,Federal Contract Tower,0,19,10,0,29,0,0,52,0,52,0,19,62,0,81,78,0,78,159
04/14/2017,ENW,WI,AGL,CE,Federal Contract Tower,0,7,24,0,31,0,0,91,0,91,0,7,115,0,122,156,0,156,278
04/15/2017,ENW,WI,AGL,CE,Federal Contract Tower,0,4,8,0,12,0,0,51,0,51,0,4,59,0,63,128,0,128,191
04/16/2017,ENW,WI,AGL,CE,Federal Contract Tower,0,6,8,0,14,0,0,27,0,27,0,6,35,0,41,18,0,18,59
04/17/2017,ENW,WI,AGL,CE,Federal Contract Tower,0,8,4,1,13,0,3,59,1,63,0,11,63,2,76,138,0,138,214
04/18/2017,ENW,WI,AGL,CE,Federal Contract Tower,0,7,7,0,14,0,0,13,0,13,0,7,20,0,27,26,0,26,53
04/19/2017,ENW,WI,AGL,CE,Federal Contract Tower,0,17,8,0,25,0,0,25,0,25,0,17,33,0,50,24,0,24,74
04/20/2017,ENW,WI,AGL,CE,Federal Contract Tower,0,13,10,0,23,0,0,36,0,36,0,13,46,0,59,34,0,34,93
04/21/2017,ENW,WI,AGL,CE,Federal Contract Tower,0,4,17,0,21,0,0,65,0,65,0,4,82,0,86,72,0,72,158
04/22/2017,ENW,WI,AGL,CE,Federal Contract Tower,0,4,17,0,21,0,0,74,0,74,0,4,91,0,95,150,0,150,245
04/23/2017,ENW,WI,AGL,CE,Federal Contract Tower,0,6,17,0,23,0,3,79,0,82,0,9,96,0,105,100,0,100,205
04/24/2017,ENW,WI,AGL,CE,Federal Contract Tower,0,6,20,0,26,0,4,59,0,63,0,10,79,0,89,74,0,74,163
04/25/2017,ENW,WI,AGL,CE,Federal Contract Tower,0,9,5,0,14,0,4,106,0,110,0,13,111,0,124,122,0,122,246
04/26/2017,ENW,WI,AGL,CE,Federal Contract Tower,0,6,7,0,13,0,0,11,0,11,0,6,18,0,24,34,0,34,58
04/27/2017,ENW,WI,AGL,CE,Federal Contract Tower,0,8,12,0,20,0,0,1,0,1,0,8,13,0,21,0,0,0,21
04/28/2017,ENW,WI,AGL,CE,Federal Contract Tower,0,5,6,0,11,0,0,80,0,80,0,5,86,0,91,134,0,134,225
04/29/2017,ENW,WI,AGL,CE,Federal Contract Tower,0,6,1,0,7,0,0,21,0,21,0,6,22,0,28,88,0,88,116
04/30/2017,ENW,WI,AGL,CE,Federal Contract Tower,0,12,6,0,18,0,0,0,0,0,0,12,6,0,18,0,0,0,18
05/01/2017,ENW,WI,AGL,CE,Federal Contract Tower,0,25,6,0,31,0,0,18,0,18,0,25,24,0,49,18,0,18,67
05/02/2017,ENW,WI,AGL,CE,Federal Contract Tower,0,8,5,0,13,0,0,28,0,28,0,8,33,0,41,38,0,38,79
05/03/2017,ENW,WI,AGL,CE,Federal Contract Tower,0,8,11,0,19,0,0,107,0,107,0,8,118,0,126,130,0,130,256
05/04/2017,ENW,WI,AGL,CE,Federal Contract Tower,0,9,19,0,28,0,1,79,0,80,0,10,98,0,108,128,0,128,236
05/05/2017,ENW,WI,AGL,CE,Federal Contract Tower,0,10,8,0,18,0,0,42,0,42,0,10,50,0,60,76,0,76,136
05/06/2017,ENW,WI,AGL,CE,Federal Contract Tower,0,10,16,0,26,0,0,75,0,75,0,10,91,0,101,32,0,32,133
05/07/2017,ENW,WI,AGL,CE,Federal Contract Tower,0,9,26,0,35,0,0,91,0,91,0,9,117,0,126,118,0,118,244
05/08/2017,ENW,WI,AGL,CE,Federal Contract Tower,0,6,19,0,25,0,0,77,0,77,0,6,96,0,102,98,0,98,200
05/09/2017,ENW,WI,AGL,CE,Federal Contract Tower,0,11,24,0,35,0,0,52,0,52,0,11,76,0,87,98,0,98,185
05/10/2017,ENW,WI,AGL,CE,Federal Contract Tower,0,15,23,0,38,0,0,62,0,62,0,15,85,0,100,42,0,42,142
05/11/2017,ENW,WI,AGL,CE,Federal Contract Tower,0,9,14,0,23,0,0,66,0,66,0,9,80,0,89,138,0,138,227
05/12/2017,ENW,WI,AGL,CE,Federal Contract Tower,0,8,8,0,16,0,1,96,0,97,0,9,104,0,113,144,0,144,257
05/13/2017,ENW,WI,AGL,CE,Federal Contract Tower,0,6,10,0,16,0,0,104,0,104,0,6,114,0,120,160,0,160,280
05/14/2017,ENW,WI,AGL,CE,Federal Contract Tower,0,6,4,0,10,0,0,75,0,75,0,6,79,0,85,12,0,12,97
05/15/2017,ENW,WI,AGL,CE,Federal Contract Tower,0,21,3,0,24,0,0,54,0,54,0,21,57,0,78,24,0,24,102
05/16/2017,ENW,WI,AGL,CE,Federal Contract Tower,0,6,2,0,8,0,0,46,0,46,0,6,48,0,54,20,0,20,74
05/17/2017,ENW,WI,AGL,CE,Federal Contract Tower,0,15,8,0,23,0,0,14,0,14,0,15,22,0,37,44,0,44,81
05/18/2017,ENW,WI,AGL,CE,Federal Contract Tower,0,7,2,0,9,0,0,13,0,13,0,7,15,0,22,0,0,0,22
05/19/2017,ENW,WI,AGL,CE,Federal Contract Tower,0,6,15,0,21,0,0,6,0,6,0,6,21,0,27,24,0,24,51
05/20/2017,ENW,WI,AGL,CE,Federal Contract Tower,0,6,9,0,15,0,0,18,0,18,0,6,27,0,33,12,0,12,45
05/21/2017,ENW,WI,AGL,CE,Federal Contract Tower,0,6,9,0,15,0,0,49,0,49,0,6,58,0,64,16,0,16,80
05/22/2017,ENW,WI,AGL,CE,Federal Contract Tower,0,7,8,0,15,0,0,4,0,4,0,7,12,0,19,46,0,46,65
05/23/2017,ENW,WI,AGL,CE,Federal Contract Tower,0,5,6,0,11,0,0,45,0,45,0,5,51,0,56,95,0,95,151
05/24/2017,ENW,WI,AGL,CE,Federal Contract Tower,0,8,13,0,21,0,0,30,0,30,0,8,43,0,51,10,0,10,61
05/25/2017,ENW,WI,AGL,CE,Federal Contract Tower,0,6,12,0,18,0,0,52,0,52,0,6,64,0,70,84,0,84,154
05/26/2017,ENW,WI,AGL,CE,Federal Contract Tower,0,10,12,0,22,0,0,69,0,69,0,10,81,0,91,54,0,54,145
05/27/2017,ENW,WI,AGL,CE,Federal Contract Tower,0,4,6,0,10,0,0,86,0,86,0,4,92,0,96,154,0,154,250
05/28/2017,ENW,WI,AGL,CE,Federal Contract Tower,0,5,4,0,9,0,0,32,0,32,0,5,36,0,41,78,0,78,119
05/29/2017,ENW,WI,AGL,CE,Federal Contract Tower,0,9,15,0,24,0,0,52,0,52,0,9,67,0,76,10,0,10,86
05/30/2017,ENW,WI,AGL,CE,Federal Contract Tower,0,8,13,0,21,0,0,57,0,57,0,8,70,0,78,16,0,16,94
05/31/2017,ENW,WI,AGL,CE,Federal Contract Tower,0,4,9,0,13,0,0,75,0,75,0,4,84,0,88,58,0,58,146
06/01/2017,ENW,WI,AGL,CE,Federal Contract Tower,0,11,10,0,21,0,0,88,0,88,0,11,98,0,109,130,0,130,239
06/02/2017,ENW,WI,AGL,CE,Federal Contract Tower,0,6,14,0,20,0,0,103,0,103,0,6,117,0,123,74,0,74,197
06/03/2017,ENW,WI,AGL,CE,Federal Contract Tower,0,4,1,0,5,0,0,74,4,78,0,4,75,4,83,48,0,48,131
06/04/2017,ENW,WI,AGL,CE,Federal Contract Tower,0,10,19,0,29,0,0,82,0,82,0,10,101,0,111,32,0,32,143
06/05/2017,ENW,WI,AGL,CE,Federal Contract Tower,0,12,13,0,25,0,0,22,0,22,0,12,35,0,47,18,0,18,65
06/06/2017,ENW,WI,AGL,CE,Federal Contract Tower,0,21,6,0,27,0,3,98,0,101,0,24,104,0,128,74,0,74,202
06/07/2017,ENW,WI,AGL,CE,Federal Contract Tower,0,10,12,0,22,0,0,87,0,87,0,10,99,0,109,56,0,56,165
06/08/2017,ENW,WI,AGL,CE,Federal Contract Tower,0,16,5,0,21,0,0,81,0,81,0,16,86,0,102,38,0,38,140
06/09/2017,ENW,WI,AGL,CE,Federal Contract Tower,0,10,11,0,21,0,0,96,0,96,0,10,107,0,117,92,0,92,209
06/10/2017,ENW,WI,AGL,CE,Federal Contract Tower,0,9,12,0,21,0,0,61,0,61,0,9,73,0,82,44,0,44,126
06/11/2017,ENW,WI,AGL,CE,Federal Contract Tower,0,10,8,0,18,0,0,46,0,46,0,10,54,0,64,16,0,16,80
06/12/2017,ENW,WI,AGL,CE,Federal Contract Tower,0,16,5,0,21,0,0,52,0,52,0,16,57,0,73,40,0,40,113
06/13/2017,ENW,WI,AGL,CE,Federal Contract Tower,0,11,11,0,22,0,0,29,0,29,0,11,40,0,51,86,0,86,137
06/14/2017,ENW,WI,AGL,CE,Federal Contract Tower,0,12,8,0,20,0,1,43,0,44,0,13,51,0,64,54,0,54,118
06/15/2017,ENW,WI,AGL,CE,Federal Contract Tower,0,17,16,0,33,0,0,86,0,86,0,17,102,0,119,134,0,134,253
06/16/2017,ENW,WI,AGL,CE,Federal Contract Tower,0,12,14,0,26,0,0,86,0,86,0,12,100,0,112,48,0,48,160
06/17/2017,ENW,WI,AGL,CE,Federal Contract Tower,0,7,14,0,21,0,0,60,0,60,0,7,74,0,81,32,0,32,113
06/18/2017,ENW,WI,AGL,CE,Federal Contract Tower,0,11,11,0,22,0,1,56,0,57,0,12,67,0,79,6,0,6,85
06/19/2017,ENW,WI,AGL,CE,Federal Contract Tower,0,11,5,0,16,0,0,23,0,23,0,11,28,0,39,0,0,0,39
06/20/2017,ENW,WI,AGL,CE,Federal Contract Tower,0,7,5,0,12,0,0,28,0,28,0,7,33,0,40,32,0,32,72
06/21/2017,ENW,WI,AGL,CE,Federal Contract Tower,0,8,11,0,19,0,1,83,0,84,0,9,94,0,103,38,0,38,141
06/22/2017,ENW,WI,AGL,CE,Federal Contract Tower,0,12,15,0,27,0,0,57,0,57,0,12,72,0,84,34,0,34,118
06/23/2017,ENW,WI,AGL,CE,Federal Contract Tower,0,6,6,0,12,0,0,67,0,67,0,6,73,0,79,62,0,62,141
06/24/2017,ENW,WI,AGL,CE,Federal Contract Tower,0,6,9,0,15,0,0,94,0,94,0,6,103,0,109,68,0,68,177
06/25/2017,ENW,WI,AGL,CE,Federal Contract Tower,0,7,15,0,22,0,0,81,0,81,0,7,96,0,103,44,0,44,147
06/26/2017,ENW,WI,AGL,CE,Federal Contract Tower,0,9,10,0,19,0,0,38,0,38,0,9,48,0,57,26,0,26,83
06/27/2017,ENW,WI,AGL,CE,Federal Contract Tower,0,13,20,0,33,0,0,120,0,120,0,13,140,0,153,112,0,112,265
06/28/2017,ENW,WI,AGL,CE,Federal Contract Tower,0,16,8,0,24,0,0,18,0,18,0,16,26,0,42,10,0,10,52
06/29/2017,ENW,WI,AGL,CE,Federal Contract Tower,0,8,10,0,18,0,0,49,0,49,0,8,59,0,67,50,0,50,117
06/30/2017,ENW,WI,AGL,CE,Federal Contract Tower,0,6,12,0,18,0,0,64,0,64,0,6,76,0,82,46,0,46,128
07/01/2017,ENW,WI,AGL,CE,Federal Contract Tower,0,12,11,0,23,0,0,61,0,61,0,12,72,0,84,76,0,76,160
07/02/2017,ENW,WI,AGL,CE,Federal Contract Tower,0,7,6,0,13,0,0,62,0,62,0,7,68,0,75,24,0,24,99
07/03/2017,ENW,WI,AGL,CE,Federal Contract Tower,0,6,6,0,12,0,2,54,0,56,0,8,60,0,68,58,0,58,126
07/04/2017,ENW,WI,AGL,CE,Federal Contract Tower,0,4,20,0,24,0,0,90,0,90,0,4,110,0,114,24,0,24,138
07/05/2017,ENW,WI,AGL,CE,Federal Contract Tower,0,15,6,0,21,0,0,54,0,54,0,15,60,0,75,28,0,28,103
07/06/2017,ENW,WI,AGL,CE,Federal Contract Tower,0,10,8,0,18,0,0,68,0,68,0,10,76,0,86,70,0,70,156
07/07/2017,ENW,WI,AGL,CE,Federal Contract Tower,0,4,19,0,23,0,0,82,0,82,0,4,101,0,105,120,0,120,225
07/08/2017,ENW,WI,AGL,CE,Federal Contract Tower,0,7,9,2,18,0,0,129,0,129,0,7,138,2,147,118,0,118,265
07/09/2017,ENW,WI,AGL,CE,Federal Contract Tower,0,8,18,0,26,0,0,82,0,82,0,8,100,0,108,42,0,42,150
07/10/2017,ENW,WI,AGL,CE,Federal Contract Tower,0,15,8,0,23,0,2,33,0,35,0,17,41,0,58,52,0,52,110
07/11/2017,ENW,WI,AGL,CE,Federal Contract Tower,0,13,19,0,32,0,0,90,0,90,0,13,109,0,122,144,0,144,266
07/12/2017,ENW,WI,AGL,CE,Federal Contract Tower,0,9,5,0,14,0,0,18,0,18,0,9,23,0,32,16,0,16,48
07/13/2017,ENW,WI,AGL,CE,Federal Contract Tower,0,9,15,0,24,0,0,82,0,82,0,9,97,0,106,0,0,0,106
07/14/2017,ENW,WI,AGL,CE,Federal Contract Tower,0,10,16,0,26,0,0,69,0,69,0,10,85,0,95,124,0,124,219
07/15/2017,ENW,WI,AGL,CE,Federal Contract Tower,0,8,14,0,22,0,0,153,0,153,0,8,167,0,175,68,0,68,243
07/16/2017,ENW,WI,AGL,CE,Federal Contract Tower,0,20,20,0,40,0,0,90,0,90,0,20,110,0,130,0,0,0,130
07/17/2017,ENW,WI,AGL,CE,Federal Contract Tower,0,10,8,0,18,0,0,80,0,80,0,10,88,0,98,44,0,44,142
07/18/2017,ENW,WI,AGL,CE,Federal Contract Tower,0,7,14,0,21,0,0,121,0,121,0,7,135,0,142,104,0,104,246
07/19/2017,ENW,WI,AGL,CE,Federal Contract Tower,0,14,11,0,25,0,0,58,2,60,0,14,69,2,85,72,0,72,157
07/20/2017,ENW,WI,AGL,CE,Federal Contract Tower,0,14,11,0,25,0,0,55,0,55,0,14,66,0,80,90,0,90,170
07/21/2017,ENW,WI,AGL,CE,Federal Contract Tower,0,9,9,0,18,0,0,77,0,77,0,9,86,0,95,76,0,76,171
07/22/2017,ENW,WI,AGL,CE,Federal Contract Tower,0,5,10,0,15,0,0,67,0,67,0,5,77,0,82,112,0,112,194
07/23/2017,ENW,WI,AGL,CE,Federal Contract Tower,0,16,10,0,26,0,0,102,0,102,0,16,112,0,128,64,0,64,192
07/24/2017,ENW,WI,AGL,CE,Federal Contract Tower,0,9,15,0,24,0,0,77,0,77,0,9,92,0,101,42,14,56,157
07/25/2017,ENW,WI,AGL,CE,Federal Contract Tower,0,10,6,0,16,0,0,131,0,131,0,10,137,0,147,40,0,40,187
07/26/2017,ENW,WI,AGL,CE,Federal Contract Tower,0,11,11,0,22,0,0,110,0,110,0,11,121,0,132,82,0,82,214
07/27/2017,ENW,WI,AGL,CE,Federal Contract Tower,0,14,21,0,35,0,0,57,0,57,0,14,78,0,92,46,8,54,146
07/28/2017,ENW,WI,AGL,CE,Federal Contract Tower,0,9,18,0,27,0,0,83,0,83,0,9,101,0,110,0,0,0,110
07/29/2017,ENW,WI,AGL,CE,Federal Contract Tower,0,12,17,0,29,0,0,95,0,95,0,12,112,0,124,30,0,30,154
07/30/2017,ENW,WI,AGL,CE,Federal Contract Tower,0,16,5,0,21,0,0,92,0,92,0,16,97,0,113,48,0,48,161
07/31/2017,ENW,WI,AGL,CE,Federal Contract Tower,0,6,20,0,26,0,4,100,0,104,0,10,120,0,130,162,0,162,292
08/01/2017,ENW,WI,AGL,CE,Federal Contract Tower,0,14,21,0,35,0,0,105,0,105,0,14,126,0,140,126,0,126,266
08/02/2017,ENW,WI,AGL,CE,Federal Contract Tower,0,11,13,0,24,0,0,54,0,54,0,11,67,0,78,54,0,54,132
08/03/2017,ENW,WI,AGL,CE,Federal Contract Tower,0,16,8,0,24,0,0,36,0,36,0,16,44,0,60,16,0,16,76
08/04/2017,ENW,WI,AGL,CE,Federal Contract Tower,0,6,9,0,15,0,0,27,4,31,0,6,36,4,46,90,6,96,142
08/05/2017,ENW,WI,AGL,CE,Federal Contract Tower,0,13,23,0,36,0,0,105,0,105,0,13,128,0,141,112,0,112,253
08/06/2017,ENW,WI,AGL,CE,Federal Contract Tower,0,15,13,0,28,0,1,60,0,61,0,16,73,0,89,38,0,38,127
08/07/2017,ENW,WI,AGL,CE,Federal Contract Tower,0,19,11,0,30,0,5,43,0,48,0,24,54,0,78,14,0,14,92
08/08/2017,ENW,WI,AGL,CE,Federal Contract Tower,0,18,14,0,32,0,0,57,0,57,0,18,71,0,89,0,0,0,89
08/09/2017,ENW,WI,AGL,CE,Federal Contract Tower,0,12,11,4,27,0,0,95,0,95,0,12,106,4,122,94,18,112,234
08/10/2017,ENW,WI,AGL,CE,Federal Contract Tower,0,8,18,0,26,0,0,60,0,60,0,8,78,0,86,44,0,44,130
08/11/2017,ENW,WI,AGL,CE,Federal Contract Tower,0,6,22,0,28,0,0,86,0,86,0,6,108,0,114,80,0,80,194
08/12/2017,ENW,WI,AGL,CE,Federal Contract Tower,0,4,4,0,8,0,0,85,0,85,0,4,89,0,93,106,0,106,199
08/13/2017,ENW,WI,AGL,CE,Federal Contract Tower,0,12,7,0,19,0,0,92,0,92,0,12,99,0,111,84,0,84,195
08/14/2017,ENW,WI,AGL,CE,Federal Contract Tower,0,15,10,0,25,0,2,64,0,66,0,17,74,0,91,104,0,104,195
08/15/2017,ENW,WI,AGL,CE,Federal Contract Tower,0,7,13,0,20,0,2,64,0,66,0,9,77,0,86,82,0,82,168
08/16/2017,ENW,WI,AGL,CE,Federal Contract Tower,0,14,19,0,33,0,0,94,0,94,0,14,113,0,127,134,0,134,261
08/17/2017,ENW,WI,AGL,CE,Federal Contract Tower,0,9,18,0,27,0,0,43,0,43,0,9,61,0,70,78,0,78,148
08/18/2017,ENW,WI,AGL,CE,Federal Contract Tower,0,8,15,0,23,0,0,89,0,89,0,8,104,0,112,164,0,164,276
08/19/2017,ENW,WI,AGL,CE,Federal Contract Tower,0,8,13,0,21,0,0,96,0,96,0,8,109,0,117,100,0,100,217
08/20/2017,ENW,WI,AGL,CE,Federal Contract Tower,0,11,11,0,22,0,0,72,0,72,0,11,83,0,94,66,0,66,160
08/21/2017,ENW,WI,AGL,CE,Federal Contract Tower,0,10,13,0,23,0,0,56,0,56,0,10,69,0,79,14,0,14,93
08/22/2017,ENW,WI,AGL,CE,Federal Contract Tower,0,19,8,0,27,0,0,54,0,54,0,19,62,0,81,68,0,68,149
08/23/2017,ENW,WI,AGL,CE,Federal Contract Tower,0,16,6,0,22,0,0,92,0,92,0,16,98,0,114,118,0,118,232
08/24/2017,ENW,WI,AGL,CE,Federal Contract Tower,0,14,19,0,33,0,0,87,0,87,0,14,106,0,120,128,0,128,248
08/25/2017,ENW,WI,AGL,CE,Federal Contract Tower,0,15,18,0,33,0,0,86,0,86,0,15,104,0,119,126,0,126,245
08/26/2017,ENW,WI,AGL,CE,Federal Contract Tower,0,2,12,0,14,0,0,85,0,85,0,2,97,0,99,100,0,100,199
08/27/2017,ENW,WI,AGL,CE,Federal Contract Tower,0,13,10,0,23,0,1,43,0,44,0,14,53,0,67,22,0,22,89
08/28/2017,ENW,WI,AGL,CE,Federal Contract Tower,0,7,3,0,10,0,0,28,0,28,0,7,31,0,38,76,0,76,114
08/29/2017,ENW,WI,AGL,CE,Federal Contract Tower,0,10,33,0,43,0,0,88,0,88,0,10,121,0,131,136,0,136,267
08/30/2017,ENW,WI,AGL,CE,Federal Contract Tower,0,17,21,0,38,0,0,75,0,75,0,17,96,0,113,96,0,96,209
08/31/2017,ENW,WI,AGL,CE,Federal Contract Tower,0,11,22,0,33,0,1,70,0,71,0,12,92,0,104,100,0,100,204
09/01/2017,ENW,WI,AGL,CE,Federal Contract Tower,0,25,8,0,33,0,0,66,0,66,0,25,74,0,99,66,0,66,165
09/02/2017,ENW,WI,AGL,CE,Federal Contract Tower,0,5,8,0,13,0,0,74,0,74,0,5,82,0,87,48,0,48,135
09/03/2017,ENW,WI,AGL,CE,Federal Contract Tower,0,5,15,0,20,0,0,6,0,6,0,5,21,0,26,22,0,22,48
09/04/2017,ENW,WI,AGL,CE,Federal Contract Tower,0,20,4,0,24,0,0,23,0,23,0,20,27,0,47,14,0,14,61
09/05/2017,ENW,WI,AGL,CE,Federal Contract Tower,0,6,2,0,8,0,0,24,0,24,0,6,26,0,32,14,0,14,46
09/06/2017,ENW,WI,AGL,CE,Federal Contract Tower,0,13,4,0,17,0,0,46,0,46,0,13,50,0,63,54,0,54,117
09/07/2017,ENW,WI,AGL,CE,Federal Contract Tower,0,16,18,0,34,0,0,64,0,64,0,16,82,0,98,50,0,50,148
09/08/2017,ENW,WI,AGL,CE,Federal Contract Tower,0,11,10,0,21,0,6,83,0,89,0,17,93,0,110,98,0,98,208
09/09/2017,ENW,WI,AGL,CE,Federal Contract Tower,0,3,5,0,8,0,0,99,0,99,0,3,104,0,107,98,0,98,205
09/10/2017,ENW,WI,AGL,CE,Federal Contract Tower,0,12,10,0,22,0,0,77,0,77,0,12,87,0,99,44,0,44,143
09/11/2017,ENW,WI,AGL,CE,Federal Contract Tower,0,10,20,0,30,0,0,65,0,65,0,10,85,0,95,10,0,10,105
09/12/2017,ENW,WI,AGL,CE,Federal Contract Tower,0,16,7,0,23,0,0,79,0,79,0,16,86,0,102,60,0,60,162
09/13/2017,ENW,WI,AGL,CE,Federal Contract Tower,0,16,12,0,28,0,0,68,0,68,0,16,80,0,96,90,0,90,186
09/14/2017,ENW,WI,AGL,CE,Federal Contract Tower,0,12,9,0,21,0,0,26,0,26,0,12,35,0,47,58,0,58,105
09/15/2017,ENW,WI,AGL,CE,Federal Contract Tower,0,5,17,0,22,0,0,76,0,76,0,5,93,0,98,92,0,92,190
09/16/2017,ENW,WI,AGL,CE,Federal Contract Tower,0,5,18,0,23,0,0,143,0,143,0,5,161,0,166,32,0,32,198
09/17/2017,ENW,WI,AGL,CE,Federal Contract Tower,0,14,9,0,23,0,0,40,0,40,0,14,49,0,63,0,0,0,63
09/18/2017,ENW,WI,AGL,CE,Federal Contract Tower,0,4,6,0,10,0,0,58,0,58,0,4,64,0,68,30,0,30,98
09/19/2017,ENW,WI,AGL,CE,Federal Contract Tower,0,6,18,0,24,0,0,26,0,26,0,6,44,0,50,0,0,0,50
09/20/2017,ENW,WI,AGL,CE,Federal Contract Tower,0,16,9,0,25,0,0,61,0,61,0,16,70,0,86,50,0,50,136
09/21/2017,ENW,WI,AGL,CE,Federal Contract Tower,0,7,12,0,19,0,0,82,0,82,0,7,94,0,101,76,0,76,177
09/22/2017,ENW,WI,AGL,CE,Federal Contract Tower,0,11,4,0,15,0,0,72,0,72,0,11,76,0,87,128,0,128,215
09/23/2017,ENW,WI,AGL,CE,Federal Contract Tower,0,8,7,0,15,0,0,108,0,108,0,8,115,0,123,78,0,78,201
09/24/2017,ENW,WI,AGL,CE,Federal Contract Tower,0,12,8,0,20,0,0,77,0,77,0,12,85,0,97,46,0,46,143
09/25/2017,ENW,WI,AGL,CE,Federal Contract Tower,0,12,6,0,18,0,0,54,0,54,0,12,60,0,72,46,0,46,118
09/26/2017,ENW,WI,AGL,CE,Federal Contract Tower,0,16,8,0,24,0,0,60,0,60,0,16,68,0,84,56,0,56,140
09/27/2017,ENW,WI,AGL,CE,Federal Contract Tower,0,15,12,0,27,0,0,67,0,67,0,15,79,0,94,92,0,92,186
09/28/2017,ENW,WI,AGL,CE,Federal Contract Tower,0,10,6,0,16,0,0,86,0,86,0,10,92,0,102,170,0,170,272
09/29/2017,ENW,WI,AGL,CE,Federal Contract Tower,0,2,12,0,14,0,0,68,0,68,0,2,80,0,82,84,0,84,166
09/30/2017,ENW,WI,AGL,CE,Federal Contract Tower,0,6,8,0,14,0,0,86,0,86,0,6,94,0,100,128,0,128,228
10/01/2017,ENW,WI,AGL,CE,Federal Contract Tower,0,17,16,0,33,0,0,70,0,70,0,17,86,0,103,26,0,26,129
10/02/2017,ENW,WI,AGL,CE,Federal Contract Tower,0,17,8,0,25,0,0,36,0,36,0,17,44,0,61,50,0,50,111
10/03/2017,ENW,WI,AGL,CE,Federal Contract Tower,0,7,8,0,15,0,0,28,0,28,0,7,36,0,43,38,0,38,81
10/04/2017,ENW,WI,AGL,CE,Federal Contract Tower,0,9,9,0,18,0,0,45,0,45,0,9,54,0,63,56,0,56,119
10/05/2017,ENW,WI,AGL,CE,Federal Contract Tower,0,10,14,0,24,0,0,60,0,60,0,10,74,0,84,51,0,51,135
10/06/2017,ENW,WI,AGL,CE,Federal Contract Tower,0,12,15,0,27,0,0,2,0,2,0,12,17,0,29,36,0,36,65
10/07/2017,ENW,WI,AGL,CE,Federal Contract Tower,0,5,4,0,9,0,0,13,0,13,0,5,17,0,22,30,0,30,52
10/08/2017,ENW,WI,AGL,CE,Federal Contract Tower,0,11,8,0,19,0,4,75,0,79,0,15,83,0,98,18,0,18,116
10/09/2017,ENW,WI,AGL,CE,Federal Contract Tower,0,11,12,0,23,0,1,80,0,81,0,12,92,0,104,104,0,104,208
10/10/2017,ENW,WI,AGL,CE,Federal Contract Tower,0,8,9,0,17,0,0,19,0,19,0,8,28,0,36,0,0,0,36
10/11/2017,ENW,WI,AGL,CE,Federal Contract Tower,0,6,13,0,19,0,0,14,0,14,0,6,27,0,33,24,0,24,57
10/12/2017,ENW,WI,AGL,CE,Federal Contract Tower,0,15,13,0,28,0,0,5,0,5,0,15,18,0,33,0,0,0,33
10/13/2017,ENW,WI,AGL,CE,Federal Contract Tower,0,7,17,0,24,0,0,57,0,57,0,7,74,0,81,168,0,168,249
10/14/2017,ENW,WI,AGL,CE,Federal Contract Tower,0,4,7,0,11,0,0,0,0,0,0,4,7,0,11,0,0,0,11
10/15/2017,ENW,WI,AGL,CE,Federal Contract Tower,0,7,4,0,11,0,1,5,0,6,0,8,9,0,17,0,0,0,17
10/16/2017,ENW,WI,AGL,CE,Federal Contract Tower,0,11,8,0,19,0,0,58,0,58,0,11,66,0,77,80,0,80,157
10/17/2017,ENW,WI,AGL,CE,Federal Contract Tower,0,11,12,0,23,0,0,70,0,70,0,11,82,0,93,22,0,22,115
10/18/2017,ENW,WI,AGL,CE,Federal Contract Tower,0,12,15,0,27,0,0,49,0,49,0,12,64,0,76,10,0,10,86
10/19/2017,ENW,WI,AGL,CE,Federal Contract Tower,0,11,4,0,15,0,0,73,0,73,0,11,77,0,88,144,0,144,232
10/20/2017,ENW,WI,AGL,CE,Federal Contract Tower,0,19,7,0,26,0,0,107,0,107,0,19,114,0,133,94,0,94,227
10/21/2017,ENW,WI,AGL,CE,Federal Contract Tower,0,3,5,0,8,0,0,63,0,63,0,3,68,0,71,56,0,56,127
10/22/2017,ENW,WI,AGL,CE,Federal Contract Tower,0,14,6,0,20,0,0,0,0,0,0,14,6,0,20,0,0,0,20
10/23/2017,ENW,WI,AGL,CE,Federal Contract Tower,0,6,14,0,20,0,1,15,0,16,0,7,29,0,36,54,0,54,90
10/24/2017,ENW,WI,AGL,CE,Federal Contract Tower,0,7,6,0,13,0,0,2,0,2,0,7,8,0,15,0,0,0,15
10/25/2017,ENW,WI,AGL,CE,Federal Contract Tower,0,13,22,0,35,0,0,68,0,68,0,13,90,0,103,72,0,72,175
10/26/2017,ENW,WI,AGL,CE,Federal Contract Tower,0,13,26,0,39,0,0,79,0,79,0,13,105,0,118,136,0,136,254
10/27/2017,ENW,WI,AGL,CE,Federal Contract Tower,0,10,8,0,18,0,0,30,0,30,0,10,38,0,48,62,0,62,110
10/28/2017,ENW,WI,AGL,CE,Federal Contract Tower,0,4,4,0,8,0,0,30,0,30,0,4,34,0,38,66,0,66,104
10/29/2017,ENW,WI,AGL,CE,Federal Contract Tower,0,9,8,0,17,0,0,74,0,74,0,9,82,0,91,50,0,50,141
10/30/2017,ENW,WI,AGL,CE,Federal Contract Tower,0,8,7,0,15,0,6,19,0,25,0,14,26,0,40,24,0,24,64
10/31/2017,ENW,WI,AGL,CE,Federal Contract Tower,0,8,17,0,25,0,0,51,0,51,0,8,68,0,76,136,0,136,212
11/01/2017,ENW,WI,AGL,CE,Federal Contract Tower,0,13,3,0,16,0,1,42,0,43,0,14,45,0,59,92,0,92,151
11/02/2017,ENW,WI,AGL,CE,Federal Contract Tower,0,24,3,0,27,0,0,29,0,29,0,24,32,0,56,68,0,68,124
11/03/2017,ENW,WI,AGL,CE,Federal Contract Tower,0,9,13,0,22,0,0,79,0,79,0,9,92,0,101,116,0,116,217
11/04/2017,ENW,WI,AGL,CE,Federal Contract Tower,0,8,3,0,11,0,0,0,0,0,0,8,3,0,11,60,0,60,71
11/05/2017,ENW,WI,AGL,CE,Federal Contract Tower,0,13,4,0,17,0,0,1,0,1,0,13,5,0,18,2,0,2,20
11/06/2017,ENW,WI,AGL,CE,Federal Contract Tower,0,5,12,0,17,0,0,53,2,55,0,5,65,2,72,38,0,38,110
11/07/2017,ENW,WI,AGL,CE,Federal Contract Tower,0,10,13,0,23,0,2,46,0,48,0,12,59,0,71,12,0,12,83
11/08/2017,ENW,WI,AGL,CE,Federal Contract Tower,0,13,24,0,37,0,0,99,0,99,0,13,123,0,136,90,0,90,226
11/09/2017,ENW,WI,AGL,CE,Federal Contract Tower,0,16,4,0,20,0,0,19,0,19,0,16,23,0,39,18,0,18,57
11/10/2017,ENW,WI,AGL,CE,Federal Contract Tower,0,16,6,0,22,0,0,34,0,34,0,16,40,0,56,76,0,76,132
11/11/2017,ENW,WI,AGL,CE,Federal Contract Tower,0,2,15,0,17,0,0,45,0,45,0,2,60,0,62,78,0,78,140
11/12/2017,ENW,WI,AGL,CE,Federal Contract Tower,0,6,5,0,11,0,0,1,0,1,0,6,6,0,12,12,0,12,24
11/13/2017,ENW,WI,AGL,CE,Federal Contract Tower,0,9,16,0,25,0,1,27,0,28,0,10,43,0,53,84,0,84,137
11/14/2017,ENW,WI,AGL,CE,Federal Contract Tower,0,13,18,0,31,0,2,47,0,49,0,15,65,0,80,30,0,30,110
11/15/2017,ENW,WI,AGL,CE,Federal Contract Tower,0,9,8,0,17,0,0,0,0,0,0,9,8,0,17,0,0,0,17
11/16/2017,ENW,WI,AGL,CE,Federal Contract Tower,0,4,15,0,19,0,0,69,0,69,0,4,84,0,88,36,0,36,124
11/17/2017,ENW,WI,AGL,CE,Federal Contract Tower,0,10,34,0,44,0,0,6,0,6,0,10,40,0,50,8,0,8,58
11/18/2017,ENW,WI,AGL,CE,Federal Contract Tower,0,4,2,0,6,0,0,5,0,5,0,4,7,0,11,38,0,38,49
11/19/2017,ENW,WI,AGL,CE,Federal Contract Tower,0,12,14,0,26,0,0,68,0,68,0,12,82,0,94,2,0,2,96
11/20/2017,ENW,WI,AGL,CE,Federal Contract Tower,0,7,9,0,16,0,0,37,0,37,0,7,46,0,53,6,0,6,59
11/21/2017,ENW,WI,AGL,CE,Federal Contract Tower,0,6,13,0,19,0,0,24,0,24,0,6,37,0,43,32,0,32,75
11/22/2017,ENW,WI,AGL,CE,Federal Contract Tower,0,10,16,0,26,0,0,54,0,54,0,10,70,0,80,78,0,78,158
11/23/2017,ENW,WI,AGL,CE,Federal Contract Tower,0,0,3,0,3,0,0,13,0,13,0,0,16,0,16,26,0,26,42
11/24/2017,ENW,WI,AGL,CE,Federal Contract Tower,0,0,3,0,3,0,0,50,0,50,0,0,53,0,53,62,0,62,115
11/25/2017,ENW,WI,AGL,CE,Federal Contract Tower,0,2,8,0,10,0,0,51,0,51,0,2,59,0,61,80,0,80,141
11/26/2017,ENW,WI,AGL,CE,Federal Contract Tower,0,10,9,0,19,0,0,62,0,62,0,10,71,0,81,58,0,58,139
11/27/2017,ENW,WI,AGL,CE,Federal Contract Tower,0,10,11,0,21,0,0,49,0,49,0,10,60,0,70,54,0,54,124
11/28/2017,ENW,WI,AGL,CE,Federal Contract Tower,0,8,10,0,18,0,0,39,0,39,0,8,49,0,57,16,0,16,73
11/29/2017,ENW,WI,AGL,CE,Federal Contract Tower,0,6,25,0,31,0,0,80,0,80,0,6,105,0,111,174,0,174,285
11/30/2017,ENW,WI,AGL,CE,Federal Contract Tower,0,10,3,0,13,0,0,58,0,58,0,10,61,0,71,34,0,34,105
12/01/2017,ENW,WI,AGL,CE,Federal Contract Tower,0,1,5,0,6,0,0,84,0,84,0,1,89,0,90,138,0,138,228
12/02/2017,ENW,WI,AGL,CE,Federal Contract Tower,0,3,4,0,7,0,0,105,0,105,0,3,109,0,112,198,0,198,310
12/03/2017,ENW,WI,AGL,CE,Federal Contract Tower,0,6,6,0,12,0,0,95,0,95,0,6,101,0,107,60,0,60,167
12/04/2017,ENW,WI,AGL,CE,Federal Contract Tower,0,5,3,0,8,0,0,0,0,0,0,5,3,0,8,0,0,0,8
12/05/2017,ENW,WI,AGL,CE,Federal Contract Tower,0,11,3,0,14,0,0,0,0,0,0,11,3,0,14,0,0,0,14
12/06/2017,ENW,WI,AGL,CE,Federal Contract Tower,0,9,10,0,19,0,0,25,0,25,0,9,35,0,44,0,0,0,44
12/07/2017,ENW,WI,AGL,CE,Federal Contract Tower,0,11,14,0,25,0,0,43,0,43,0,11,57,0,68,52,0,52,120
12/08/2017,ENW,WI,AGL,CE,Federal Contract Tower,0,10,5,0,15,0,4,74,0,78,0,14,79,0,93,88,0,88,181
12/09/2017,ENW,WI,AGL,CE,Federal Contract Tower,0,2,1,0,3,0,0,9,0,9,0,2,10,0,12,16,0,16,28
12/10/2017,ENW,WI,AGL,CE,Federal Contract Tower,0,11,12,0,23,0,0,38,0,38,0,11,50,0,61,32,0,32,93
12/11/2017,ENW,WI,AGL,CE,Federal Contract Tower,0,8,0,0,8,0,0,16,0,16,0,8,16,0,24,76,0,76,100
12/12/2017,ENW,WI,AGL,CE,Federal Contract Tower,0,10,7,0,17,0,0,26,0,26,0,10,33,0,43,30,0,30,73
12/13/2017,ENW,WI,AGL,CE,Federal Contract Tower,0,8,6,0,14,0,0,23,0,23,0,8,29,0,37,30,0,30,67
12/14/2017,ENW,WI,AGL,CE,Federal Contract Tower,0,10,17,0,27,0,0,64,0,64,0,10,81,0,91,46,0,46,137
12/15/2017,ENW,WI,AGL,CE,Federal Contract Tower,0,10,6,0,16,0,0,18,0,18,0,10,24,0,34,60,0,60,94
12/16/2017,ENW,WI,AGL,CE,Federal Contract Tower,0,12,8,0,20,0,0,82,0,82,0,12,90,0,102,100,0,100,202
12/17/2017,ENW,WI,AGL,CE,Federal Contract Tower,0,5,5,0,10,0,0,0,0,0,0,5,5,0,10,12,0,12,22
12/18/2017,ENW,WI,AGL,CE,Federal Contract Tower,0,11,8,0,19,0,0,15,0,15,0,11,23,0,34,26,0,26,60
12/19/2017,ENW,WI,AGL,CE,Federal Contract Tower,0,9,7,0,16,0,0,73,0,73,0,9,80,0,89,54,0,54,143
12/20/2017,ENW,WI,AGL,CE,Federal Contract Tower,0,12,17,0,29,0,0,52,0,52,0,12,69,0,81,80,0,80,161
12/21/2017,ENW,WI,AGL,CE,Federal Contract Tower,0,6,7,0,13,0,0,34,0,34,0,6,41,0,47,70,0,70,117
12/22/2017,ENW,WI,AGL,CE,Federal Contract Tower,0,16,9,0,25,0,0,21,0,21,0,16,30,0,46,44,0,44,90
12/23/2017,ENW,WI,AGL,CE,Federal Contract Tower,0,4,6,0,10,0,0,53,0,53,0,4,59,0,63,92,0,92,155
12/24/2017,ENW,WI,AGL,CE,Federal Contract Tower,0,0,0,0,0,0,0,0,0,0,0,0,0,0,0,0,0,0,0
12/25/2017,ENW,WI,AGL,CE,Federal Contract Tower,0,1,0,0,1,0,0,1,0,1,0,1,1,0,2,0,0,0,2
12/26/2017,ENW,WI,AGL,CE,Federal Contract Tower,0,22,10,0,32,0,0,30,0,30,0,22,40,0,62,16,0,16,78
12/27/2017,ENW,WI,AGL,CE,Federal Contract Tower,0,8,4,0,12,0,0,9,0,9,0,8,13,0,21,0,0,0,21
12/28/2017,ENW,WI,AGL,CE,Federal Contract Tower,0,9,4,0,13,0,0,2,0,2,0,9,6,0,15,0,0,0,15
12/29/2017,ENW,WI,AGL,CE,Federal Contract Tower,0,0,6,0,6,0,0,21,0,21,0,0,27,0,27,24,0,24,51
12/30/2017,ENW,WI,AGL,CE,Federal Contract Tower,0,7,0,0,7,0,0,11,0,11,0,7,11,0,18,42,0,42,60
12/31/2017,ENW,WI,AGL,CE,Federal Contract Tower,0,0,2,0,2,0,1,7,0,8,0,1,9,0,10,0,0,0,10
01/01/2018,ENW,WI,AGL,CE,Federal Contract Tower,0,9,5,0,14,0,0,2,0,2,0,9,7,0,16,0,0,0,16
01/02/2018,ENW,WI,AGL,CE,Federal Contract Tower,0,13,3,0,16,0,0,13,0,13,0,13,16,0,29,12,0,12,41
01/03/2018,ENW,WI,AGL,CE,Federal Contract Tower,0,13,10,0,23,0,0,3,0,3,0,13,13,0,26,0,0,0,26
01/04/2018,ENW,WI,AGL,CE,Federal Contract Tower,0,12,4,0,16,0,0,38,0,38,0,12,42,0,54,28,0,28,82
01/05/2018,ENW,WI,AGL,CE,Federal Contract Tower,0,11,6,0,17,0,0,20,0,20,0,11,26,0,37,8,0,8,45
01/06/2018,ENW,WI,AGL,CE,Federal Contract Tower,0,5,4,0,9,0,0,42,0,42,0,5,46,0,51,64,0,64,115
01/07/2018,ENW,WI,AGL,CE,Federal Contract Tower,0,12,3,0,15,0,0,12,0,12,0,12,15,0,27,0,0,0,27
01/08/2018,ENW,WI,AGL,CE,Federal Contract Tower,0,7,1,0,8,0,1,43,0,44,0,8,44,0,52,18,0,18,70
01/09/2018,ENW,WI,AGL,CE,Federal Contract Tower,0,7,2,0,9,0,0,47,0,47,0,7,49,0,56,70,0,70,126
01/10/2018,ENW,WI,AGL,CE,Federal Contract Tower,0,4,12,0,16,0,0,0,0,0,0,4,12,0,16,48,0,48,64
01/11/2018,ENW,WI,AGL,CE,Federal Contract Tower,0,4,6,0,10,0,0,2,0,2,0,4,8,0,12,30,0,30,42
01/12/2018,ENW,WI,AGL,CE,Federal Contract Tower,0,3,6,0,9,0,0,25,0,25,0,3,31,0,34,34,0,34,68
01/13/2018,ENW,WI,AGL,CE,Federal Contract Tower,0,12,0,0,12,0,0,51,0,51,0,12,51,0,63,48,0,48,111
01/14/2018,ENW,WI,AGL,CE,Federal Contract Tower,0,5,2,0,7,0,0,26,0,26,0,5,28,0,33,6,0,6,39
01/15/2018,ENW,WI,AGL,CE,Federal Contract Tower,0,7,1,0,8,0,0,0,0,0,0,7,1,0,8,0,0,0,8
01/16/2018,ENW,WI,AGL,CE,Federal Contract Tower,0,9,7,0,16,0,0,4,0,4,0,9,11,0,20,0,0,0,20
01/17/2018,ENW,WI,AGL,CE,Federal Contract Tower,0,8,9,0,17,0,0,35,0,35,0,8,44,0,52,28,0,28,80
01/18/2018,ENW,WI,AGL,CE,Federal Contract Tower,0,2,7,0,9,0,0,47,0,47,0,2,54,0,56,58,0,58,114
01/19/2018,ENW,WI,AGL,CE,Federal Contract Tower,0,5,9,0,14,0,0,39,0,39,0,5,48,0,53,80,0,80,133
01/20/2018,ENW,WI,AGL,CE,Federal Contract Tower,0,1,13,0,14,0,0,84,0,84,0,1,97,0,98,116,0,116,214
01/21/2018,ENW,WI,AGL,CE,Federal Contract Tower,0,2,2,0,4,0,0,0,0,0,0,2,2,0,4,0,0,0,4
01/22/2018,ENW,WI,AGL,CE,Federal Contract Tower,0,4,5,0,9,0,0,0,0,0,0,4,5,0,9,24,0,24,33
01/23/2018,ENW,WI,AGL,CE,Federal Contract Tower,0,5,1,0,6,0,0,1,0,1,0,5,2,0,7,0,0,0,7
01/24/2018,ENW,WI,AGL,CE,Federal Contract Tower,0,5,11,0,16,0,0,23,0,23,0,5,34,0,39,10,0,10,49
01/25/2018,ENW,WI,AGL,CE,Federal Contract Tower,0,16,14,0,30,0,0,84,0,84,0,16,98,0,114,100,0,100,214
01/26/2018,ENW,WI,AGL,CE,Federal Contract Tower,0,5,3,0,8,0,1,35,0,36,0,6,38,0,44,14,0,14,58
01/27/2018,ENW,WI,AGL,CE,Federal Contract Tower,0,0,4,0,4,0,0,88,0,88,0,0,92,0,92,176,0,176,268
01/28/2018,ENW,WI,AGL,CE,Federal Contract Tower,0,4,17,0,21,0,0,47,0,47,0,4,64,0,68,14,0,14,82
01/29/2018,ENW,WI,AGL,CE,Federal Contract Tower,0,8,4,0,12,0,0,45,0,45,0,8,49,0,57,16,0,16,73
01/30/2018,ENW,WI,AGL,CE,Federal Contract Tower,0,2,8,0,10,0,0,43,0,43,0,2,51,0,53,56,0,56,109
01/31/2018,ENW,WI,AGL,CE,Federal Contract Tower,0,10,15,0,25,0,0,47,2,49,0,10,62,2,74,0,4,4,78
02/01/2018,ENW,WI,AGL,CE,Federal Contract Tower,0,8,1,0,9,0,0,12,0,12,0,8,13,0,21,24,0,24,45
02/02/2018,ENW,WI,AGL,CE,Federal Contract Tower,0,10,2,0,12,0,0,33,0,33,0,10,35,0,45,58,0,58,103
02/03/2018,ENW,WI,AGL,CE,Federal Contract Tower,0,3,1,0,4,0,0,45,0,45,0,3,46,0,49,66,0,66,115
02/04/2018,ENW,WI,AGL,CE,Federal Contract Tower,0,5,2,0,7,0,0,0,0,0,0,5,2,0,7,0,0,0,7
02/05/2018,ENW,WI,AGL,CE,Federal Contract Tower,0,10,4,0,14,0,0,3,0,3,0,10,7,0,17,0,0,0,17
02/06/2018,ENW,WI,AGL,CE,Federal Contract Tower,0,7,1,0,8,0,0,20,0,20,0,7,21,0,28,8,0,8,36
02/07/2018,ENW,WI,AGL,CE,Federal Contract Tower,0,9,8,0,17,0,0,7,0,7,0,9,15,0,24,0,0,0,24
02/08/2018,ENW,WI,AGL,CE,Federal Contract Tower,0,5,2,0,7,0,0,41,0,41,0,5,43,0,48,94,0,94,142
02/09/2018,ENW,WI,AGL,CE,Federal Contract Tower,0,5,1,0,6,0,0,4,0,4,0,5,5,0,10,0,0,0,10
02/10/2018,ENW,WI,AGL,CE,Federal Contract Tower,0,1,2,0,3,0,0,10,0,10,0,1,12,0,13,0,0,0,13
02/11/2018,ENW,WI,AGL,CE,Federal Contract Tower,0,4,0,0,4,0,0,2,0,2,0,4,2,0,6,0,0,0,6
02/12/2018,ENW,WI,AGL,CE,Federal Contract Tower,0,4,13,0,17,0,0,12,0,12,0,4,25,0,29,4,0,4,33
02/13/2018,ENW,WI,AGL,CE,Federal Contract Tower,0,8,15,0,23,0,0,48,0,48,0,8,63,0,71,12,0,12,83
02/14/2018,ENW,WI,AGL,CE,Federal Contract Tower,0,9,10,0,19,0,0,66,0,66,0,9,76,0,85,70,0,70,155
02/15/2018,ENW,WI,AGL,CE,Federal Contract Tower,0,10,3,0,13,0,0,48,2,50,0,10,51,2,63,48,0,48,111
02/16/2018,ENW,WI,AGL,CE,Federal Contract Tower,0,5,4,0,9,0,0,68,0,68,0,5,72,0,77,70,0,70,147
02/17/2018,ENW,WI,AGL,CE,Federal Contract Tower,0,0,5,0,5,0,0,22,0,22,0,0,27,0,27,78,0,78,105
02/18/2018,ENW,WI,AGL,CE,Federal Contract Tower,0,4,2,0,6,0,0,53,0,53,0,4,55,0,59,34,0,34,93
02/19/2018,ENW,WI,AGL,CE,Federal Contract Tower,0,14,1,0,15,0,0,0,0,0,0,14,1,0,15,0,0,0,15
02/20/2018,ENW,WI,AGL,CE,Federal Contract Tower,0,7,1,0,8,0,0,0,0,0,0,7,1,0,8,0,0,0,8
02/21/2018,ENW,WI,AGL,CE,Federal Contract Tower,0,11,14,0,25,0,0,75,0,75,0,11,89,0,100,110,0,110,210
02/22/2018,ENW,WI,AGL,CE,Federal Contract Tower,0,9,6,2,17,0,1,64,0,65,0,10,70,2,82,78,0,78,160
02/23/2018,ENW,WI,AGL,CE,Federal Contract Tower,0,10,2,0,12,0,0,14,0,14,0,10,16,0,26,12,0,12,38
02/24/2018,ENW,WI,AGL,CE,Federal Contract Tower,0,5,1,0,6,0,0,0,0,0,0,5,1,0,6,108,0,108,114
02/25/2018,ENW,WI,AGL,CE,Federal Contract Tower,0,8,4,0,12,0,0,8,0,8,0,8,12,0,20,12,0,12,32
02/26/2018,ENW,WI,AGL,CE,Federal Contract Tower,0,18,7,0,25,0,3,51,0,54,0,21,58,0,79,56,0,56,135
02/27/2018,ENW,WI,AGL,CE,Federal Contract Tower,0,14,3,0,17,0,0,57,0,57,0,14,60,0,74,70,0,70,144
02/28/2018,ENW,WI,AGL,CE,Federal Contract Tower,0,14,10,0,24,0,0,48,0,48,0,14,58,0,72,32,0,32,104
03/01/2018,ENW,WI,AGL,CE,Federal Contract Tower,0,8,0,0,8,0,0,8,2,10,0,8,8,2,18,14,0,14,32
03/02/2018,ENW,WI,AGL,CE,Federal Contract Tower,0,8,11,0,19,0,0,87,0,87,0,8,98,0,106,120,0,120,226
03/03/2018,ENW,WI,AGL,CE,Federal Contract Tower,0,5,9,0,14,0,2,60,0,62,0,7,69,0,76,44,0,44,120
03/04/2018,ENW,WI,AGL,CE,Federal Contract Tower,0,8,15,0,23,0,0,64,0,64,0,8,79,0,87,30,0,30,117
03/05/2018,ENW,WI,AGL,CE,Federal Contract Tower,0,14,1,0,15,0,1,8,0,9,0,15,9,0,24,2,2,4,28
03/06/2018,ENW,WI,AGL,CE,Federal Contract Tower,0,2,0,0,2,0,0,0,0,0,0,2,0,0,2,0,0,0,2
03/07/2018,ENW,WI,AGL,CE,Federal Contract Tower,0,9,4,0,13,0,0,38,0,38,0,9,42,0,51,98,0,98,149
03/08/2018,ENW,WI,AGL,CE,Federal Contract Tower,0,16,7,0,23,0,0,60,0,60,0,16,67,0,83,166,0,166,249
03/09/2018,ENW,WI,AGL,CE,Federal Contract Tower,0,11,14,0,25,0,0,66,0,66,0,11,80,0,91,102,0,102,193
03/10/2018,ENW,WI,AGL,CE,Federal Contract Tower,0,9,10,0,19,0,0,86,0,86,0,9,96,0,105,130,0,130,235
03/11/2018,ENW,WI,AGL,CE,Federal Contract Tower,0,16,4,0,20,0,0,60,0,60,0,16,64,0,80,12,0,12,92
03/12/2018,ENW,WI,AGL,CE,Federal Contract Tower,0,6,2,0,8,0,0,20,0,20,0,6,22,0,28,46,0,46,74
03/13/2018,ENW,WI,AGL,CE,Federal Contract Tower,0,11,10,0,21,0,0,17,0,17,0,11,27,0,38,52,0,52,90
03/14/2018,ENW,WI,AGL,CE,Federal Contract Tower,0,8,5,0,13,0,0,36,0,36,0,8,41,0,49,174,0,174,223
03/15/2018,ENW,WI,AGL,CE,Federal Contract Tower,0,15,23,0,38,0,0,69,0,69,0,15,92,0,107,90,0,90,197
03/16/2018,ENW,WI,AGL,CE,Federal Contract Tower,0,18,16,0,34,0,0,65,0,65,0,18,81,0,99,100,0,100,199
03/17/2018,ENW,WI,AGL,CE,Federal Contract Tower,0,6,11,0,17,0,0,57,0,57,0,6,68,0,74,104,0,104,178
03/18/2018,ENW,WI,AGL,CE,Federal Contract Tower,0,3,10,0,13,0,0,63,0,63,0,3,73,0,76,56,0,56,132
03/19/2018,ENW,WI,AGL,CE,Federal Contract Tower,0,2,7,0,9,0,0,39,0,39,0,2,46,0,48,46,0,46,94
03/20/2018,ENW,WI,AGL,CE,Federal Contract Tower,0,6,5,0,11,0,0,20,0,20,0,6,25,0,31,0,0,0,31
03/21/2018,ENW,WI,AGL,CE,Federal Contract Tower,0,24,29,0,53,0,0,45,0,45,0,24,74,0,98,20,0,20,118
03/22/2018,ENW,WI,AGL,CE,Federal Contract Tower,0,10,14,0,24,0,0,68,0,68,0,10,82,0,92,82,0,82,174
03/23/2018,ENW,WI,AGL,CE,Federal Contract Tower,0,2,16,0,18,0,4,95,0,99,0,6,111,0,117,140,0,140,257
03/24/2018,ENW,WI,AGL,CE,Federal Contract Tower,0,6,3,0,9,0,0,18,0,18,0,6,21,0,27,12,0,12,39
03/25/2018,ENW,WI,AGL,CE,Federal Contract Tower,0,11,4,0,15,0,0,23,0,23,0,11,27,0,38,52,0,52,90
03/26/2018,ENW,WI,AGL,CE,Federal Contract Tower,0,7,4,0,11,0,0,37,0,37,0,7,41,0,48,92,0,92,140
03/27/2018,ENW,WI,AGL,CE,Federal Contract Tower,0,10,9,0,19,0,0,16,0,16,0,10,25,0,35,30,0,30,65
03/28/2018,ENW,WI,AGL,CE,Federal Contract Tower,0,12,15,0,27,0,0,90,0,90,0,12,105,0,117,100,0,100,217
03/29/2018,ENW,WI,AGL,CE,Federal Contract Tower,0,14,7,0,21,0,0,35,0,35,0,14,42,0,56,20,0,20,76
03/30/2018,ENW,WI,AGL,CE,Federal Contract Tower,0,11,15,0,26,0,0,79,0,79,0,11,94,0,105,2,0,2,107
03/31/2018,ENW,WI,AGL,CE,Federal Contract Tower,0,6,3,0,9,0,0,5,0,5,0,6,8,0,14,10,0,10,24
04/01/2018,ENW,WI,AGL,CE,Federal Contract Tower,0,11,5,0,16,0,0,33,0,33,0,11,38,0,49,10,0,10,59
04/02/2018,ENW,WI,AGL,CE,Federal Contract Tower,0,11,9,0,20,0,0,46,0,46,0,11,55,0,66,30,0,30,96
04/03/2018,ENW,WI,AGL,CE,Federal Contract Tower,0,9,0,0,9,0,0,0,0,0,0,9,0,0,9,0,0,0,9
04/04/2018,ENW,WI,AGL,CE,Federal Contract Tower,0,9,4,0,13,0,0,13,0,13,0,9,17,0,26,54,0,54,80
04/05/2018,ENW,WI,AGL,CE,Federal Contract Tower,0,12,9,0,21,0,0,64,0,64,0,12,73,0,85,76,0,76,161
04/06/2018,ENW,WI,AGL,CE,Federal Contract Tower,0,11,3,0,14,0,0,23,0,23,0,11,26,0,37,58,0,58,95
04/07/2018,ENW,WI,AGL,CE,Federal Contract Tower,0,2,12,0,14,0,0,88,0,88,0,2,100,0,102,74,0,74,176
04/08/2018,ENW,WI,AGL,CE,Federal Contract Tower,0,11,7,0,18,0,1,67,0,68,0,12,74,0,86,58,0,58,144
04/09/2018,ENW,WI,AGL,CE,Federal Contract Tower,0,8,4,0,12,0,0,4,0,4,0,8,8,0,16,0,0,0,16
04/10/2018,ENW,WI,AGL,CE,Federal Contract Tower,0,4,8,0,12,0,0,49,0,49,0,4,57,0,61,48,0,48,109
04/11/2018,ENW,WI,AGL,CE,Federal Contract Tower,0,15,17,0,32,0,0,69,0,69,0,15,86,0,101,130,0,130,231
04/12/2018,ENW,WI,AGL,CE,Federal Contract Tower,0,8,6,0,14,0,2,51,0,53,0,10,57,0,67,68,0,68,135
04/13/2018,ENW,WI,AGL,CE,Federal Contract Tower,0,11,9,0,20,0,0,0,0,0,0,11,9,0,20,0,0,0,20
04/14/2018,ENW,WI,AGL,CE,Federal Contract Tower,0,2,1,0,3,0,0,0,0,0,0,2,1,0,3,0,0,0,3
04/15/2018,ENW,WI,AGL,CE,Federal Contract Tower,0,2,1,0,3,0,0,0,0,0,0,2,1,0,3,0,0,0,3
04/16/2018,ENW,WI,AGL,CE,Federal Contract Tower,0,6,6,0,12,0,0,0,0,0,0,6,6,0,12,0,0,0,12
04/17/2018,ENW,WI,AGL,CE,Federal Contract Tower,0,12,12,0,24,0,0,70,0,70,0,12,82,0,94,68,0,68,162
04/18/2018,ENW,WI,AGL,CE,Federal Contract Tower,0,11,7,0,18,0,0,5,0,5,0,11,12,0,23,46,0,46,69
04/19/2018,ENW,WI,AGL,CE,Federal Contract Tower,0,15,10,0,25,0,0,74,0,74,0,15,84,0,99,110,4,114,213
04/20/2018,ENW,WI,AGL,CE,Federal Contract Tower,0,8,3,0,11,0,0,73,0,73,0,8,76,0,84,96,0,96,180
04/21/2018,ENW,WI,AGL,CE,Federal Contract Tower,0,7,9,0,16,0,0,92,0,92,0,7,101,0,108,140,0,140,248
04/22/2018,ENW,WI,AGL,CE,Federal Contract Tower,0,4,5,0,9,0,0,88,0,88,0,4,93,0,97,94,0,94,191
04/23/2018,ENW,WI,AGL,CE,Federal Contract Tower,0,16,6,0,22,0,1,58,0,59,0,17,64,0,81,106,0,106,187
04/24/2018,ENW,WI,AGL,CE,Federal Contract Tower,0,17,8,0,25,0,0,68,0,68,0,17,76,0,93,104,0,104,197
04/25/2018,ENW,WI,AGL,CE,Federal Contract Tower,0,19,12,0,31,0,0,77,0,77,0,19,89,0,108,90,0,90,198
04/26/2018,ENW,WI,AGL,CE,Federal Contract Tower,0,22,26,0,48,0,2,109,0,111,0,24,135,0,159,188,0,188,347
04/27/2018,ENW,WI,AGL,CE,Federal Contract Tower,0,12,8,2,22,0,0,46,0,46,0,12,54,2,68,150,0,150,218
04/28/2018,ENW,WI,AGL,CE,Federal Contract Tower,0,9,13,0,22,0,0,91,0,91,0,9,104,0,113,60,0,60,173
04/29/2018,ENW,WI,AGL,CE,Federal Contract Tower,0,13,8,0,21,0,0,77,0,77,0,13,85,0,98,96,0,96,194
04/30/2018,ENW,WI,AGL,CE,Federal Contract Tower,0,1,6,0,7,0,0,48,0,48,0,1,54,0,55,56,0,56,111
05/01/2018,ENW,WI,AGL,CE,Federal Contract Tower,0,14,5,0,19,0,0,30,0,30,0,14,35,0,49,68,0,68,117
05/02/2018,ENW,WI,AGL,CE,Federal Contract Tower,0,11,2,0,13,0,0,31,0,31,0,11,33,0,44,40,0,40,84
05/03/2018,ENW,WI,AGL,CE,Federal Contract Tower,0,18,7,0,25,0,0,21,0,21,0,18,28,0,46,20,0,20,66
05/04/2018,ENW,WI,AGL,CE,Federal Contract Tower,0,11,7,0,18,0,0,23,0,23,0,11,30,0,41,30,0,30,71
05/05/2018,ENW,WI,AGL,CE,Federal Contract Tower,0,2,6,0,8,0,0,88,0,88,0,2,94,0,96,88,0,88,184
05/06/2018,ENW,WI,AGL,CE,Federal Contract Tower,0,9,8,0,17,0,0,105,0,105,0,9,113,0,122,54,0,54,176
05/07/2018,ENW,WI,AGL,CE,Federal Contract Tower,0,9,9,0,18,0,0,88,0,88,0,9,97,0,106,86,0,86,192
05/08/2018,ENW,WI,AGL,CE,Federal Contract Tower,0,10,20,0,30,0,0,122,0,122,0,10,142,0,152,218,0,218,370
05/09/2018,ENW,WI,AGL,CE,Federal Contract Tower,0,7,4,0,11,0,0,0,0,0,0,7,4,0,11,40,0,40,51
05/10/2018,ENW,WI,AGL,CE,Federal Contract Tower,0,7,28,0,35,0,0,77,0,77,0,7,105,0,112,138,0,138,250
05/11/2018,ENW,WI,AGL,CE,Federal Contract Tower,0,5,11,0,16,0,0,1,0,1,0,5,12,0,17,0,0,0,17
05/12/2018,ENW,WI,AGL,CE,Federal Contract Tower,0,8,8,0,16,0,0,9,0,9,0,8,17,0,25,40,0,40,65
05/13/2018,ENW,WI,AGL,CE,Federal Contract Tower,0,3,13,0,16,0,0,6,0,6,0,3,19,0,22,36,0,36,58
05/14/2018,ENW,WI,AGL,CE,Federal Contract Tower,0,10,6,0,16,0,0,15,0,15,0,10,21,0,31,20,0,20,51
05/15/2018,ENW,WI,AGL,CE,Federal Contract Tower,0,12,7,0,19,0,1,45,0,46,0,13,52,0,65,90,0,90,155
05/16/2018,ENW,WI,AGL,CE,Federal Contract Tower,0,9,20,0,29,0,0,110,0,110,0,9,130,0,139,164,0,164,303
05/17/2018,ENW,WI,AGL,CE,Federal Contract Tower,0,9,13,0,22,0,0,92,0,92,0,9,105,0,114,140,0,140,254
05/18/2018,ENW,WI,AGL,CE,Federal Contract Tower,0,12,18,0,30,0,0,59,0,59,0,12,77,0,89,56,0,56,145
05/19/2018,ENW,WI,AGL,CE,Federal Contract Tower,0,4,35,0,39,0,0,25,0,25,0,4,60,0,64,48,0,48,112
05/20/2018,ENW,WI,AGL,CE,Federal Contract Tower,0,13,7,0,20,0,0,12,0,12,0,13,19,0,32,6,0,6,38
05/21/2018,ENW,WI,AGL,CE,Federal Contract Tower,0,5,5,0,10,0,0,0,0,0,0,5,5,0,10,0,0,0,10
05/22/2018,ENW,WI,AGL,CE,Federal Contract Tower,0,16,16,0,32,0,0,22,0,22,0,16,38,0,54,26,0,26,80
05/23/2018,ENW,WI,AGL,CE,Federal Contract Tower,0,18,20,0,38,0,0,101,0,101,0,18,121,0,139,134,0,134,273
05/24/2018,ENW,WI,AGL,CE,Federal Contract Tower,0,9,13,0,22,0,0,112,0,112,0,9,125,0,134,198,0,198,332
05/25/2018,ENW,WI,AGL,CE,Federal Contract Tower,0,4,11,0,15,0,0,92,0,92,0,4,103,0,107,156,0,156,263
05/26/2018,ENW,WI,AGL,CE,Federal Contract Tower,0,4,11,0,15,0,0,73,0,73,0,4,84,0,88,46,0,46,134
05/27/2018,ENW,WI,AGL,CE,Federal Contract Tower,0,11,7,0,18,0,0,58,0,58,0,11,65,0,76,30,0,30,106
05/28/2018,ENW,WI,AGL,CE,Federal Contract Tower,0,5,15,0,20,0,0,82,0,82,0,5,97,0,102,78,0,78,180
05/29/2018,ENW,WI,AGL,CE,Federal Contract Tower,0,3,14,0,17,0,1,80,0,81,0,4,94,0,98,142,0,142,240
05/30/2018,ENW,WI,AGL,CE,Federal Contract Tower,0,9,8,0,17,0,0,47,0,47,0,9,55,0,64,48,0,48,112
05/31/2018,ENW,WI,AGL,CE,Federal Contract Tower,0,8,12,0,20,0,0,0,0,0,0,8,12,0,20,188,0,188,208
06/01/2018,ENW,WI,AGL,CE,Federal Contract Tower,0,7,12,0,19,0,0,61,0,61,0,7,73,0,80,120,0,120,200
06/02/2018,ENW,WI,AGL,CE,Federal Contract Tower,0,4,11,0,15,0,0,69,0,69,0,4,80,0,84,150,0,150,234
06/03/2018,ENW,WI,AGL,CE,Federal Contract Tower,0,9,14,0,23,0,0,100,0,100,0,9,114,0,123,48,0,48,171
06/04/2018,ENW,WI,AGL,CE,Federal Contract Tower,0,7,21,0,28,0,0,91,0,91,0,7,112,0,119,58,0,58,177
06/05/2018,ENW,WI,AGL,CE,Federal Contract Tower,0,13,9,0,22,0,0,101,0,101,0,13,110,0,123,192,0,192,315
06/06/2018,ENW,WI,AGL,CE,Federal Contract Tower,0,19,5,0,24,0,0,96,0,96,0,19,101,0,120,256,0,256,376
06/07/2018,ENW,WI,AGL,CE,Federal Contract Tower,0,19,14,0,33,0,0,103,0,103,0,19,117,0,136,249,0,249,385
06/08/2018,ENW,WI,AGL,CE,Federal Contract Tower,0,8,14,0,22,0,0,83,0,83,0,8,97,0,105,104,0,104,209
06/09/2018,ENW,WI,AGL,CE,Federal Contract Tower,0,9,11,0,20,0,0,27,0,27,0,9,38,0,47,52,0,52,99
06/10/2018,ENW,WI,AGL,CE,Federal Contract Tower,0,6,2,0,8,0,0,0,0,0,0,6,2,0,8,0,0,0,8
06/11/2018,ENW,WI,AGL,CE,Federal Contract Tower,0,20,13,0,33,0,0,17,0,17,0,20,30,0,50,20,0,20,70
06/12/2018,ENW,WI,AGL,CE,Federal Contract Tower,0,26,15,0,41,0,0,14,0,14,0,26,29,0,55,0,0,0,55
06/13/2018,ENW,WI,AGL,CE,Federal Contract Tower,0,11,13,0,24,0,2,93,0,95,0,13,106,0,119,140,0,140,259
06/14/2018,ENW,WI,AGL,CE,Federal Contract Tower,0,6,10,0,16,0,0,85,0,85,0,6,95,0,101,100,0,100,201
06/15/2018,ENW,WI,AGL,CE,Federal Contract Tower,0,13,3,0,16,0,1,61,0,62,0,14,64,0,78,80,0,80,158
06/16/2018,ENW,WI,AGL,CE,Federal Contract Tower,0,4,6,0,10,0,0,82,5,87,0,4,88,5,97,104,0,104,201
06/17/2018,ENW,WI,AGL,CE,Federal Contract Tower,0,11,2,0,13,0,0,76,0,76,0,11,78,0,89,12,0,12,101
06/18/2018,ENW,WI,AGL,CE,Federal Contract Tower,0,11,3,0,14,0,0,36,0,36,0,11,39,0,50,66,0,66,116
06/19/2018,ENW,WI,AGL,CE,Federal Contract Tower,0,14,2,0,16,0,0,0,0,0,0,14,2,0,16,0,0,0,16
06/20/2018,ENW,WI,AGL,CE,Federal Contract Tower,0,11,12,0,23,0,0,61,0,61,0,11,73,0,84,202,0,202,286
06/21/2018,ENW,WI,AGL,CE,Federal Contract Tower,0,9,13,0,22,0,0,8,0,8,0,9,21,0,30,16,0,16,46
06/22/2018,ENW,WI,AGL,CE,Federal Contract Tower,0,9,3,0,12,0,0,13,0,13,0,9,16,0,25,8,0,8,33
06/23/2018,ENW,WI,AGL,CE,Federal Contract Tower,0,6,8,0,14,0,0,112,0,112,0,6,120,0,126,104,0,104,230
06/24/2018,ENW,WI,AGL,CE,Federal Contract Tower,0,11,14,0,25,0,0,117,0,117,0,11,131,0,142,68,0,68,210
06/25/2018,ENW,WI,AGL,CE,Federal Contract Tower,0,7,16,0,23,0,0,88,0,88,0,7,104,0,111,122,0,122,233
06/26/2018,ENW,WI,AGL,CE,Federal Contract Tower,0,22,4,0,26,0,0,24,0,24,0,22,28,0,50,46,0,46,96
06/27/2018,ENW,WI,AGL,CE,Federal Contract Tower,0,11,10,0,21,0,0,42,0,42,0,11,52,0,63,80,0,80,143
06/28/2018,ENW,WI,AGL,CE,Federal Contract Tower,0,21,11,0,32,0,0,67,0,67,0,21,78,0,99,38,2,40,139
06/29/2018,ENW,WI,AGL,CE,Federal Contract Tower,0,23,15,0,38,0,0,114,0,114,0,23,129,0,152,114,0,114,266
06/30/2018,ENW,WI,AGL,CE,Federal Contract Tower,0,20,12,0,32,0,0,105,0,105,0,20,117,0,137,162,0,162,299
07/01/2018,ENW,WI,AGL,CE,Federal Contract Tower,0,17,15,0,32,0,1,79,0,80,0,18,94,0,112,54,0,54,166
07/02/2018,ENW,WI,AGL,CE,Federal Contract Tower,0,13,15,0,28,0,0,104,0,104,0,13,119,0,132,176,0,176,308
07/03/2018,ENW,WI,AGL,CE,Federal Contract Tower,0,6,6,0,12,0,0,100,0,100,0,6,106,0,112,136,0,136,248
07/04/2018,ENW,WI,AGL,CE,Federal Contract Tower,0,7,4,0,11,0,0,92,0,92,0,7,96,0,103,86,0,86,189
07/05/2018,ENW,WI,AGL,CE,Federal Contract Tower,0,10,22,0,32,0,0,83,0,83,0,10,105,0,115,86,0,86,201
07/06/2018,ENW,WI,AGL,CE,Federal Contract Tower,0,9,11,0,20,0,0,115,0,115,0,9,126,0,135,124,0,124,259
07/07/2018,ENW,WI,AGL,CE,Federal Contract Tower,0,5,10,0,15,0,0,129,0,129,0,5,139,0,144,168,0,168,312
07/08/2018,ENW,WI,AGL,CE,Federal Contract Tower,0,19,15,0,34,0,0,178,0,178,0,19,193,0,212,38,0,38,250
07/09/2018,ENW,WI,AGL,CE,Federal Contract Tower,0,12,3,0,15,0,0,108,0,108,0,12,111,0,123,74,0,74,197
07/10/2018,ENW,WI,AGL,CE,Federal Contract Tower,0,15,5,0,20,0,0,88,0,88,0,15,93,0,108,200,0,200,308
07/11/2018,ENW,WI,AGL,CE,Federal Contract Tower,0,11,11,0,22,0,0,138,0,138,0,11,149,0,160,132,0,132,292
07/12/2018,ENW,WI,AGL,CE,Federal Contract Tower,0,8,17,0,25,0,1,122,0,123,0,9,139,0,148,116,0,116,264
07/13/2018,ENW,WI,AGL,CE,Federal Contract Tower,0,5,19,0,24,0,1,90,0,91,0,6,109,0,115,136,0,136,251
07/14/2018,ENW,WI,AGL,CE,Federal Contract Tower,0,4,4,0,8,0,0,30,0,30,0,4,34,0,38,52,0,52,90
07/15/2018,ENW,WI,AGL,CE,Federal Contract Tower,0,10,21,0,31,0,0,128,0,128,0,10,149,0,159,36,0,36,195
07/16/2018,ENW,WI,AGL,CE,Federal Contract Tower,0,9,20,0,29,0,0,37,0,37,0,9,57,0,66,60,0,60,126
07/17/2018,ENW,WI,AGL,CE,Federal Contract Tower,0,15,17,0,32,0,0,105,0,105,0,15,122,0,137,108,0,108,245
07/18/2018,ENW,WI,AGL,CE,Federal Contract Tower,0,20,15,0,35,0,0,147,0,147,0,20,162,0,182,164,0,164,346
07/19/2018,ENW,WI,AGL,CE,Federal Contract Tower,0,21,21,0,42,0,0,174,0,174,0,21,195,0,216,210,0,210,426
07/20/2018,ENW,WI,AGL,CE,Federal Contract Tower,0,14,3,0,17,0,1,5,0,6,0,15,8,0,23,22,0,22,45
07/21/2018,ENW,WI,AGL,CE,Federal Contract Tower,0,14,13,0,27,0,0,27,0,27,0,14,40,0,54,22,0,22,76
07/23/2018,ENW,WI,AGL,CE,Federal Contract Tower,0,15,4,0,19,0,0,86,0,86,0,15,90,0,105,58,140,198,303
07/24/2018,ENW,WI,AGL,CE,Federal Contract Tower,0,13,7,0,20,0,0,94,0,94,0,13,101,0,114,90,0,90,204
07/25/2018,ENW,WI,AGL,CE,Federal Contract Tower,0,11,13,0,24,0,0,123,0,123,0,11,136,0,147,130,0,130,277
07/26/2018,ENW,WI,AGL,CE,Federal Contract Tower,0,14,9,0,23,0,0,128,0,128,0,14,137,0,151,146,0,146,297
07/27/2018,ENW,WI,AGL,CE,Federal Contract Tower,0,12,13,0,25,0,1,111,0,112,0,13,124,0,137,128,0,128,265
07/28/2018,ENW,WI,AGL,CE,Federal Contract Tower,0,10,6,0,16,0,0,125,0,125,0,10,131,0,141,128,0,128,269
07/29/2018,ENW,WI,AGL,CE,Federal Contract Tower,0,6,10,4,20,0,0,161,0,161,0,6,171,4,181,122,0,122,303
07/30/2018,ENW,WI,AGL,CE,Federal Contract Tower,0,11,14,0,25,0,0,78,0,78,0,11,92,0,103,178,0,178,281
07/31/2018,ENW,WI,AGL,CE,Federal Contract Tower,0,5,12,0,17,0,0,68,0,68,0,5,80,0,85,110,0,110,195
08/01/2018,ENW,WI,AGL,CE,Federal Contract Tower,0,12,8,0,20,0,0,96,0,96,0,12,104,0,116,86,0,86,202
08/02/2018,ENW,WI,AGL,CE,Federal Contract Tower,0,5,15,0,20,0,0,92,0,92,0,5,107,0,112,92,0,92,204
08/03/2018,ENW,WI,AGL,CE,Federal Contract Tower,0,10,13,0,23,0,0,159,2,161,0,10,172,2,184,150,0,150,334
08/04/2018,ENW,WI,AGL,CE,Federal Contract Tower,0,6,5,0,11,0,0,139,0,139,0,6,144,0,150,142,0,142,292
08/05/2018,ENW,WI,AGL,CE,Federal Contract Tower,0,12,11,0,23,0,0,98,0,98,0,12,109,0,121,60,0,60,181
08/06/2018,ENW,WI,AGL,CE,Federal Contract Tower,0,7,14,0,21,0,0,19,0,19,0,7,33,0,40,12,0,12,52
08/07/2018,ENW,WI,AGL,CE,Federal Contract Tower,0,22,5,0,27,0,0,16,0,16,0,22,21,0,43,36,0,36,79
08/08/2018,ENW,WI,AGL,CE,Federal Contract Tower,0,15,19,0,34,0,2,164,0,166,0,17,183,0,200,140,0,140,340
08/09/2018,ENW,WI,AGL,CE,Federal Contract Tower,0,11,9,0,20,0,0,88,0,88,0,11,97,0,108,80,0,80,188
08/10/2018,ENW,WI,AGL,CE,Federal Contract Tower,0,16,23,0,39,0,0,153,1,154,0,16,176,1,193,198,52,250,443
08/11/2018,ENW,WI,AGL,CE,Federal Contract Tower,0,10,22,0,32,0,0,226,0,226,0,10,248,0,258,126,0,126,384
08/12/2018,ENW,WI,AGL,CE,Federal Contract Tower,0,5,18,0,23,0,2,90,0,92,0,7,108,0,115,44,0,44,159
08/13/2018,ENW,WI,AGL,CE,Federal Contract Tower,0,13,27,0,40,0,0,63,0,63,0,13,90,0,103,76,0,76,179
08/14/2018,ENW,WI,AGL,CE,Federal Contract Tower,0,31,9,0,40,0,1,75,0,76,0,32,84,0,116,108,0,108,224
08/15/2018,ENW,WI,AGL,CE,Federal Contract Tower,0,22,13,0,35,0,0,71,0,71,0,22,84,0,106,86,0,86,192
08/16/2018,ENW,WI,AGL,CE,Federal Contract Tower,0,37,21,0,58,0,0,108,0,108,0,37,129,0,166,118,0,118,284
08/17/2018,ENW,WI,AGL,CE,Federal Contract Tower,0,19,20,0,39,0,0,90,0,90,0,19,110,0,129,136,0,136,265
08/18/2018,ENW,WI,AGL,CE,Federal Contract Tower,0,20,17,0,37,0,1,107,0,108,0,21,124,0,145,116,0,116,261
08/19/2018,ENW,WI,AGL,CE,Federal Contract Tower,0,20,19,0,39,0,0,135,0,135,0,20,154,0,174,134,4,138,312
08/20/2018,ENW,WI,AGL,CE,Federal Contract Tower,0,10,20,0,30,0,0,35,0,35,0,10,55,0,65,22,0,22,87
08/21/2018,ENW,WI,AGL,CE,Federal Contract Tower,0,26,6,0,32,0,0,16,0,16,0,26,22,0,48,36,0,36,84
08/22/2018,ENW,WI,AGL,CE,Federal Contract Tower,0,31,15,0,46,0,0,153,0,153,0,31,168,0,199,132,0,132,331
08/23/2018,ENW,WI,AGL,CE,Federal Contract Tower,0,12,21,0,33,0,140,0,0,140,0,152,21,0,173,164,0,164,337
08/24/2018,ENW,WI,AGL,CE,Federal Contract Tower,0,21,6,0,27,0,0,51,0,51,0,21,57,0,78,78,0,78,156
08/25/2018,ENW,WI,AGL,CE,Federal Contract Tower,0,7,4,0,11,0,0,90,0,90,0,7,94,0,101,206,0,206,307
08/26/2018,ENW,WI,AGL,CE,Federal Contract Tower,0,9,7,0,16,0,0,75,0,75,0,9,82,0,91,52,0,52,143
08/27/2018,ENW,WI,AGL,CE,Federal Contract Tower,0,6,2,0,8,0,0,40,0,40,0,6,42,0,48,38,0,38,86
08/28/2018,ENW,WI,AGL,CE,Federal Contract Tower,0,5,4,0,9,0,0,6,0,6,0,5,10,0,15,10,0,10,25
08/29/2018,ENW,WI,AGL,CE,Federal Contract Tower,0,12,6,0,18,0,0,76,0,76,0,12,82,0,94,132,0,132,226
08/30/2018,ENW,WI,AGL,CE,Federal Contract Tower,0,11,10,0,21,0,0,111,0,111,0,11,121,0,132,178,4,182,314
08/31/2018,ENW,WI,AGL,CE,Federal Contract Tower,0,21,12,0,33,0,0,132,0,132,0,21,144,0,165,126,0,126,291
09/01/2018,ENW,WI,AGL,CE,Federal Contract Tower,0,8,4,0,12,0,4,15,0,19,0,12,19,0,31,0,0,0,31
09/02/2018,ENW,WI,AGL,CE,Federal Contract Tower,0,0,10,0,10,0,0,49,0,49,0,0,59,0,59,110,0,110,169
09/03/2018,ENW,WI,AGL,CE,Federal Contract Tower,0,11,4,0,15,0,0,14,0,14,0,11,18,0,29,0,0,0,29
09/04/2018,ENW,WI,AGL,CE,Federal Contract Tower,0,11,10,0,21,0,0,115,0,115,0,11,125,0,136,168,0,168,304
09/05/2018,ENW,WI,AGL,CE,Federal Contract Tower,0,15,15,0,30,0,0,63,0,63,0,15,78,0,93,68,0,68,161
09/06/2018,ENW,WI,AGL,CE,Federal Contract Tower,0,22,16,0,38,0,0,68,1,69,0,22,84,1,107,144,0,144,251
09/07/2018,ENW,WI,AGL,CE,Federal Contract Tower,0,11,8,0,19,0,0,107,0,107,0,11,115,0,126,184,4,188,314
09/08/2018,ENW,WI,AGL,CE,Federal Contract Tower,0,11,10,0,21,0,2,110,0,112,0,13,120,0,133,152,0,152,285
09/09/2018,ENW,WI,AGL,CE,Federal Contract Tower,0,9,9,0,18,0,1,97,0,98,0,10,106,0,116,78,0,78,194
09/10/2018,ENW,WI,AGL,CE,Federal Contract Tower,0,19,10,0,29,0,0,112,0,112,0,19,122,0,141,92,0,92,233
09/11/2018,ENW,WI,AGL,CE,Federal Contract Tower,0,19,12,0,31,0,0,170,0,170,0,19,182,0,201,276,0,276,477
09/12/2018,ENW,WI,AGL,CE,Federal Contract Tower,0,11,5,0,16,0,0,99,0,99,0,11,104,0,115,164,0,164,279
09/13/2018,ENW,WI,AGL,CE,Federal Contract Tower,0,11,17,0,28,0,0,93,0,93,0,11,110,0,121,194,0,194,315
09/14/2018,ENW,WI,AGL,CE,Federal Contract Tower,0,10,17,0,27,0,0,151,0,151,0,10,168,0,178,246,0,246,424
09/15/2018,ENW,WI,AGL,CE,Federal Contract Tower,0,5,12,0,17,0,0,148,0,148,0,5,160,0,165,170,0,170,335
09/16/2018,ENW,WI,AGL,CE,Federal Contract Tower,0,10,14,0,24,0,0,162,0,162,0,10,176,0,186,170,0,170,356
09/17/2018,ENW,WI,AGL,CE,Federal Contract Tower,0,8,12,0,20,0,0,118,0,118,0,8,130,0,138,98,0,98,236
09/18/2018,ENW,WI,AGL,CE,Federal Contract Tower,0,11,15,0,26,0,1,16,0,17,0,12,31,0,43,26,0,26,69
09/19/2018,ENW,WI,AGL,CE,Federal Contract Tower,0,10,10,0,20,0,0,47,0,47,0,10,57,0,67,94,0,94,161
09/20/2018,ENW,WI,AGL,CE,Federal Contract Tower,0,7,4,0,11,0,0,45,0,45,0,7,49,0,56,74,0,74,130
09/21/2018,ENW,WI,AGL,CE,Federal Contract Tower,0,5,5,0,10,0,0,30,0,30,0,5,35,0,40,0,0,0,40
09/22/2018,ENW,WI,AGL,CE,Federal Contract Tower,0,8,4,0,12,0,0,110,0,110,0,8,114,0,122,130,0,130,252
09/23/2018,ENW,WI,AGL,CE,Federal Contract Tower,0,4,8,0,12,0,3,110,0,113,0,7,118,0,125,18,0,18,143
09/24/2018,ENW,WI,AGL,CE,Federal Contract Tower,0,10,8,0,18,0,0,75,0,75,0,10,83,0,93,60,0,60,153
09/25/2018,ENW,WI,AGL,CE,Federal Contract Tower,0,9,8,0,17,0,1,52,0,53,0,10,60,0,70,66,0,66,136
09/26/2018,ENW,WI,AGL,CE,Federal Contract Tower,0,12,16,0,28,0,2,77,0,79,0,14,93,0,107,114,0,114,221
09/27/2018,ENW,WI,AGL,CE,Federal Contract Tower,0,11,15,0,26,0,0,95,0,95,0,11,110,0,121,204,0,204,325
09/28/2018,ENW,WI,AGL,CE,Federal Contract Tower,0,8,4,0,12,0,0,114,0,114,0,8,118,0,126,160,0,160,286
09/29/2018,ENW,WI,AGL,CE,Federal Contract Tower,0,11,14,0,25,0,0,126,0,126,0,11,140,0,151,72,0,72,223
09/30/2018,ENW,WI,AGL,CE,Federal Contract Tower,0,11,11,0,22,0,0,17,0,17,0,11,28,0,39,0,0,0,39
10/01/2018,ENW,WI,AGL,CE,Federal Contract Tower,0,11,6,0,17,0,0,0,0,0,0,11,6,0,17,0,0,0,17
10/02/2018,ENW,WI,AGL,CE,Federal Contract Tower,0,14,6,0,20,0,0,13,0,13,0,14,19,0,33,34,0,34,67
10/03/2018,ENW,WI,AGL,CE,Federal Contract Tower,0,18,8,0,26,0,1,37,0,38,0,19,45,0,64,80,0,80,144
10/04/2018,ENW,WI,AGL,CE,Federal Contract Tower,0,13,14,0,27,0,1,84,0,85,0,14,98,0,112,114,0,114,226
10/05/2018,ENW,WI,AGL,CE,Federal Contract Tower,0,10,13,0,23,0,0,0,0,0,0,10,13,0,23,0,0,0,23
10/06/2018,ENW,WI,AGL,CE,Federal Contract Tower,0,7,5,0,12,0,0,24,0,24,0,7,29,0,36,48,0,48,84
10/07/2018,ENW,WI,AGL,CE,Federal Contract Tower,0,7,22,0,29,0,0,4,0,4,0,7,26,0,33,34,0,34,67
10/08/2018,ENW,WI,AGL,CE,Federal Contract Tower,0,11,0,0,11,0,0,58,0,58,0,11,58,0,69,82,0,82,151
10/09/2018,ENW,WI,AGL,CE,Federal Contract Tower,0,13,6,0,19,0,0,87,0,87,0,13,93,0,106,172,0,172,278
10/10/2018,ENW,WI,AGL,CE,Federal Contract Tower,0,6,2,0,8,0,0,11,0,11,0,6,13,0,19,50,0,50,69
10/11/2018,ENW,WI,AGL,CE,Federal Contract Tower,0,12,6,0,18,0,0,21,0,21,0,12,27,0,39,46,0,46,85
10/12/2018,ENW,WI,AGL,CE,Federal Contract Tower,0,7,15,0,22,0,0,110,0,110,0,7,125,0,132,238,0,238,370
10/13/2018,ENW,WI,AGL,CE,Federal Contract Tower,0,7,19,0,26,0,0,162,0,162,0,7,181,0,188,220,0,220,408
10/14/2018,ENW,WI,AGL,CE,Federal Contract Tower,0,14,6,0,20,0,0,136,0,136,0,14,142,0,156,170,0,170,326
10/15/2018,ENW,WI,AGL,CE,Federal Contract Tower,0,10,11,0,21,0,0,48,0,48,0,10,59,0,69,36,0,36,105
10/16/2018,ENW,WI,AGL,CE,Federal Contract Tower,0,9,7,0,16,0,0,54,0,54,0,9,61,0,70,68,0,68,138
10/17/2018,ENW,WI,AGL,CE,Federal Contract Tower,0,11,5,0,16,0,0,51,0,51,0,11,56,0,67,58,0,58,125
10/18/2018,ENW,WI,AGL,CE,Federal Contract Tower,0,15,5,0,20,0,0,129,0,129,0,15,134,0,149,194,0,194,343
10/19/2018,ENW,WI,AGL,CE,Federal Contract Tower,0,3,9,0,12,0,0,43,0,43,0,3,52,0,55,52,0,52,107
10/20/2018,ENW,WI,AGL,CE,Federal Contract Tower,0,4,7,0,11,0,2,29,0,31,0,6,36,0,42,66,0,66,108
10/21/2018,ENW,WI,AGL,CE,Federal Contract Tower,0,8,18,0,26,0,0,120,0,120,0,8,138,0,146,164,0,164,310
10/22/2018,ENW,WI,AGL,CE,Federal Contract Tower,0,14,10,0,24,0,0,147,0,147,0,14,157,0,171,276,0,276,447
10/23/2018,ENW,WI,AGL,CE,Federal Contract Tower,0,12,14,0,26,0,0,106,0,106,0,12,120,0,132,98,0,98,230
10/24/2018,ENW,WI,AGL,CE,Federal Contract Tower,0,9,17,0,26,0,0,93,0,93,0,9,110,0,119,202,0,202,321
10/25/2018,ENW,WI,AGL,CE,Federal Contract Tower,0,15,20,0,35,0,1,104,0,105,0,16,124,0,140,190,0,190,330
10/26/2018,ENW,WI,AGL,CE,Federal Contract Tower,0,8,11,0,19,0,0,108,0,108,0,8,119,0,127,186,0,186,313
10/27/2018,ENW,WI,AGL,CE,Federal Contract Tower,0,8,16,0,24,0,0,85,0,85,0,8,101,0,109,96,0,96,205
10/28/2018,ENW,WI,AGL,CE,Federal Contract Tower,0,13,5,0,18,0,0,27,0,27,0,13,32,0,45,0,0,0,45
10/29/2018,ENW,WI,AGL,CE,Federal Contract Tower,0,4,6,0,10,0,0,100,0,100,0,4,106,0,110,120,0,120,230
10/30/2018,ENW,WI,AGL,CE,Federal Contract Tower,0,9,8,0,17,0,0,52,0,52,0,9,60,0,69,118,0,118,187
10/31/2018,ENW,WI,AGL,CE,Federal Contract Tower,0,3,8,0,11,0,0,75,0,75,0,3,83,0,86,250,0,250,336
11/01/2018,ENW,WI,AGL,CE,Federal Contract Tower,0,13,21,0,34,0,0,62,0,62,0,13,83,0,96,74,0,74,170
11/02/2018,ENW,WI,AGL,CE,Federal Contract Tower,0,6,11,0,17,0,0,104,0,104,0,6,115,0,121,188,0,188,309
11/03/2018,ENW,WI,AGL,CE,Federal Contract Tower,0,7,8,0,15,0,0,113,0,113,0,7,121,0,128,182,0,182,310
11/04/2018,ENW,WI,AGL,CE,Federal Contract Tower,0,11,0,0,11,0,0,0,0,0,0,11,0,0,11,0,0,0,11
11/05/2018,ENW,WI,AGL,CE,Federal Contract Tower,0,10,10,0,20,0,0,74,0,74,0,10,84,0,94,84,0,84,178
11/06/2018,ENW,WI,AGL,CE,Federal Contract Tower,0,10,0,0,10,0,0,19,0,19,0,10,19,0,29,0,0,0,29
11/07/2018,ENW,WI,AGL,CE,Federal Contract Tower,0,6,1,0,7,0,0,20,2,22,0,6,21,2,29,42,0,42,71
11/08/2018,ENW,WI,AGL,CE,Federal Contract Tower,0,6,15,0,21,0,0,92,0,92,0,6,107,0,113,172,0,172,285
11/09/2018,ENW,WI,AGL,CE,Federal Contract Tower,0,4,3,0,7,0,0,2,0,2,0,4,5,0,9,38,0,38,47
11/10/2018,ENW,WI,AGL,CE,Federal Contract Tower,0,12,7,0,19,0,0,111,0,111,0,12,118,0,130,240,0,240,370
11/11/2018,ENW,WI,AGL,CE,Federal Contract Tower,0,7,21,0,28,0,5,96,0,101,0,12,117,0,129,116,0,116,245
11/12/2018,ENW,WI,AGL,CE,Federal Contract Tower,0,2,3,0,5,0,0,42,0,42,0,2,45,0,47,78,0,78,125
11/13/2018,ENW,WI,AGL,CE,Federal Contract Tower,0,9,9,0,18,0,0,60,0,60,0,9,69,0,78,106,0,106,184
11/14/2018,ENW,WI,AGL,CE,Federal Contract Tower,0,7,19,0,26,0,0,88,0,88,0,7,107,0,114,152,0,152,266
11/15/2018,ENW,WI,AGL,CE,Federal Contract Tower,0,6,2,0,8,0,0,6,0,6,0,6,8,0,14,24,0,24,38
11/16/2018,ENW,WI,AGL,CE,Federal Contract Tower,0,14,9,0,23,0,0,76,0,76,0,14,85,0,99,90,0,90,189
11/17/2018,ENW,WI,AGL,CE,Federal Contract Tower,0,10,0,0,10,0,0,50,0,50,0,10,50,0,60,32,0,32,92
11/18/2018,ENW,WI,AGL,CE,Federal Contract Tower,0,10,4,0,14,0,0,30,0,30,0,10,34,0,44,58,0,58,102
11/19/2018,ENW,WI,AGL,CE,Federal Contract Tower,0,9,9,0,18,0,0,99,0,99,0,9,108,0,117,192,0,192,309
11/20/2018,ENW,WI,AGL,CE,Federal Contract Tower,0,19,6,0,25,0,0,100,0,100,0,19,106,0,125,148,0,148,273
11/21/2018,ENW,WI,AGL,CE,Federal Contract Tower,0,19,8,0,27,0,0,37,0,37,0,19,45,0,64,62,0,62,126
11/22/2018,ENW,WI,AGL,CE,Federal Contract Tower,0,2,2,0,4,0,0,10,0,10,0,2,12,0,14,0,0,0,14
11/23/2018,ENW,WI,AGL,CE,Federal Contract Tower,0,4,6,0,10,0,0,95,0,95,0,4,101,0,105,144,0,144,249
11/24/2018,ENW,WI,AGL,CE,Federal Contract Tower,0,3,22,0,25,0,0,58,0,58,0,3,80,0,83,138,0,138,221
11/25/2018,ENW,WI,AGL,CE,Federal Contract Tower,0,21,0,0,21,0,0,13,0,13,0,21,13,0,34,2,0,2,36
11/26/2018,ENW,WI,AGL,CE,Federal Contract Tower,0,6,5,0,11,0,0,1,0,1,0,6,6,0,12,0,0,0,12
11/27/2018,ENW,WI,AGL,CE,Federal Contract Tower,0,11,8,0,19,0,0,39,0,39,0,11,47,0,58,0,0,0,58
11/28/2018,ENW,WI,AGL,CE,Federal Contract Tower,0,10,11,0,21,0,0,65,0,65,0,10,76,0,86,176,0,176,262
11/29/2018,ENW,WI,AGL,CE,Federal Contract Tower,0,12,2,0,14,0,0,13,0,13,0,12,15,0,27,18,0,18,45
11/30/2018,ENW,WI,AGL,CE,Federal Contract Tower,0,10,10,0,20,0,0,91,0,91,0,10,101,0,111,144,0,144,255
12/01/2018,ENW,WI,AGL,CE,Federal Contract Tower,0,9,3,0,12,0,0,4,0,4,0,9,7,0,16,40,0,40,56
12/02/2018,ENW,WI,AGL,CE,Federal Contract Tower,0,4,0,0,4,0,0,0,0,0,0,4,0,0,4,0,0,0,4
12/03/2018,ENW,WI,AGL,CE,Federal Contract Tower,0,9,1,0,10,0,3,6,0,9,0,12,7,0,19,10,0,10,29
12/04/2018,ENW,WI,AGL,CE,Federal Contract Tower,0,3,5,0,8,0,0,49,0,49,0,3,54,0,57,126,0,126,183
12/05/2018,ENW,WI,AGL,CE,Federal Contract Tower,0,12,9,0,21,0,0,47,0,47,0,12,56,0,68,66,0,66,134
12/06/2018,ENW,WI,AGL,CE,Federal Contract Tower,0,15,6,0,21,0,0,52,0,52,0,15,58,0,73,48,0,48,121
12/07/2018,ENW,WI,AGL,CE,Federal Contract Tower,0,13,1,0,14,0,0,95,0,95,0,13,96,0,109,120,0,120,229
12/08/2018,ENW,WI,AGL,CE,Federal Contract Tower,0,5,18,0,23,0,0,134,0,134,0,5,152,0,157,196,0,196,353
12/09/2018,ENW,WI,AGL,CE,Federal Contract Tower,0,5,6,0,11,0,0,45,0,45,0,5,51,0,56,28,0,28,84
12/10/2018,ENW,WI,AGL,CE,Federal Contract Tower,0,6,11,0,17,0,0,71,0,71,0,6,82,0,88,150,0,150,238
12/11/2018,ENW,WI,AGL,CE,Federal Contract Tower,0,6,16,0,22,0,0,106,0,106,0,6,122,0,128,148,0,148,276
12/12/2018,ENW,WI,AGL,CE,Federal Contract Tower,0,4,5,0,9,0,0,10,0,10,0,4,15,0,19,88,0,88,107
12/13/2018,ENW,WI,AGL,CE,Federal Contract Tower,0,23,8,0,31,0,0,66,0,66,0,23,74,0,97,134,0,134,231
12/14/2018,ENW,WI,AGL,CE,Federal Contract Tower,0,14,10,0,24,0,0,104,0,104,0,14,114,0,128,178,0,178,306
12/15/2018,ENW,WI,AGL,CE,Federal Contract Tower,0,2,30,0,32,0,0,166,0,166,0,2,196,0,198,194,0,194,392
12/16/2018,ENW,WI,AGL,CE,Federal Contract Tower,0,3,18,0,21,0,0,77,0,77,0,3,95,0,98,50,0,50,148
12/17/2018,ENW,WI,AGL,CE,Federal Contract Tower,0,8,8,0,16,0,0,114,0,114,0,8,122,0,130,88,0,88,218
12/18/2018,ENW,WI,AGL,CE,Federal Contract Tower,0,10,10,0,20,0,0,97,0,97,0,10,107,0,117,140,0,140,257
12/19/2018,ENW,WI,AGL,CE,Federal Contract Tower,0,6,15,0,21,0,0,54,0,54,0,6,69,0,75,126,0,126,201
12/20/2018,ENW,WI,AGL,CE,Federal Contract Tower,0,11,7,0,18,0,0,0,0,0,0,11,7,0,18,0,0,0,18
12/21/2018,ENW,WI,AGL,CE,Federal Contract Tower,0,8,7,0,15,0,0,41,0,41,0,8,48,0,56,0,0,0,56
12/22/2018,ENW,WI,AGL,CE,Federal Contract Tower,0,12,12,0,24,0,0,61,0,61,0,12,73,0,85,122,0,122,207
12/23/2018,ENW,WI,AGL,CE,Federal Contract Tower,0,7,3,0,10,0,0,69,0,69,0,7,72,0,79,94,0,94,173
12/24/2018,ENW,WI,AGL,CE,Federal Contract Tower,0,1,5,0,6,0,0,92,0,92,0,1,97,0,98,62,0,62,160
12/25/2018,ENW,WI,AGL,CE,Federal Contract Tower,0,2,2,0,4,0,0,12,0,12,0,2,14,0,16,40,0,40,56
12/26/2018,ENW,WI,AGL,CE,Federal Contract Tower,0,18,11,0,29,0,0,46,0,46,0,18,57,0,75,6,0,6,81
12/27/2018,ENW,WI,AGL,CE,Federal Contract Tower,0,17,4,0,21,0,0,0,0,0,0,17,4,0,21,0,0,0,21
12/28/2018,ENW,WI,AGL,CE,Federal Contract Tower,0,5,2,0,7,0,0,10,0,10,0,5,12,0,17,18,0,18,35
12/29/2018,ENW,WI,AGL,CE,Federal Contract Tower,0,6,2,0,8,0,0,48,0,48,0,6,50,0,56,92,0,92,148
12/30/2018,ENW,WI,AGL,CE,Federal Contract Tower,0,1,10,0,11,0,0,75,0,75,0,1,85,0,86,44,0,44,130
12/31/2018,ENW,WI,AGL,CE,Federal Contract Tower,0,2,0,0,2,0,0,11,0,11,0,2,11,0,13,11,0,11,24
01/01/2019,ENW,WI,AGL,CE,Federal Contract Tower,0,2,0,0,2,0,0,5,0,5,0,2,5,0,7,20,0,20,27
01/02/2019,ENW,WI,AGL,CE,Federal Contract Tower,0,10,0,0,10,0,0,12,0,12,0,10,12,0,22,94,0,94,116
01/03/2019,ENW,WI,AGL,CE,Federal Contract Tower,0,9,12,0,21,0,0,50,0,50,0,9,62,0,71,62,0,62,133
01/04/2019,ENW,WI,AGL,CE,Federal Contract Tower,0,14,6,0,20,0,0,126,0,126,0,14,132,0,146,156,0,156,302
01/05/2019,ENW,WI,AGL,CE,Federal Contract Tower,0,11,4,0,15,0,0,160,0,160,0,11,164,0,175,306,0,306,481
01/06/2019,ENW,WI,AGL,CE,Federal Contract Tower,0,20,9,0,29,0,3,104,0,107,0,23,113,0,136,72,0,72,208
01/07/2019,ENW,WI,AGL,CE,Federal Contract Tower,0,6,1,0,7,0,0,7,0,7,0,6,8,0,14,0,0,0,14
01/08/2019,ENW,WI,AGL,CE,Federal Contract Tower,0,4,0,0,4,0,0,5,0,5,0,4,5,0,9,0,0,0,9
01/09/2019,ENW,WI,AGL,CE,Federal Contract Tower,0,8,4,0,12,0,0,37,0,37,0,8,41,0,49,50,0,50,99
01/10/2019,ENW,WI,AGL,CE,Federal Contract Tower,0,12,13,0,25,0,0,62,0,62,0,12,75,0,87,104,0,104,191
01/11/2019,ENW,WI,AGL,CE,Federal Contract Tower,0,13,7,0,20,0,0,116,0,116,0,13,123,0,136,198,0,198,334
01/12/2019,ENW,WI,AGL,CE,Federal Contract Tower,0,8,1,0,9,0,0,53,0,53,0,8,54,0,62,162,0,162,224
01/13/2019,ENW,WI,AGL,CE,Federal Contract Tower,0,12,4,0,16,0,0,81,0,81,0,12,85,0,97,136,0,136,233
01/14/2019,ENW,WI,AGL,CE,Federal Contract Tower,0,8,1,0,9,0,0,10,0,10,0,8,11,0,19,0,0,0,19
01/15/2019,ENW,WI,AGL,CE,Federal Contract Tower,0,18,1,0,19,0,0,18,0,18,0,18,19,0,37,112,0,112,149
01/16/2019,ENW,WI,AGL,CE,Federal Contract Tower,0,10,13,0,23,0,0,62,0,62,0,10,75,0,85,102,0,102,187
01/17/2019,ENW,WI,AGL,CE,Federal Contract Tower,0,15,1,0,16,0,0,12,0,12,0,15,13,0,28,66,0,66,94
01/18/2019,ENW,WI,AGL,CE,Federal Contract Tower,0,13,8,0,21,0,0,82,0,82,0,13,90,0,103,180,0,180,283
01/19/2019,ENW,WI,AGL,CE,Federal Contract Tower,0,1,0,0,1,0,0,0,0,0,0,1,0,0,1,0,0,0,1
01/20/2019,ENW,WI,AGL,CE,Federal Contract Tower,0,10,5,0,15,0,0,34,0,34,0,10,39,0,49,4,0,4,53
01/21/2019,ENW,WI,AGL,CE,Federal Contract Tower,0,17,0,0,17,0,0,9,0,9,0,17,9,0,26,0,0,0,26
01/22/2019,ENW,WI,AGL,CE,Federal Contract Tower,0,13,1,0,14,0,0,0,0,0,0,13,1,0,14,0,0,0,14
01/23/2019,ENW,WI,AGL,CE,Federal Contract Tower,0,6,0,0,6,0,0,0,0,0,0,6,0,0,6,0,0,0,6
01/24/2019,ENW,WI,AGL,CE,Federal Contract Tower,0,16,10,0,26,0,0,15,0,15,0,16,25,0,41,28,0,28,69
01/25/2019,ENW,WI,AGL,CE,Federal Contract Tower,0,15,0,0,15,0,0,14,0,14,0,15,14,0,29,0,0,0,29
01/26/2019,ENW,WI,AGL,CE,Federal Contract Tower,0,7,9,0,16,0,0,8,0,8,0,7,17,0,24,2,0,2,26
01/27/2019,ENW,WI,AGL,CE,Federal Contract Tower,0,7,9,0,16,0,0,36,0,36,0,7,45,0,52,6,0,6,58
01/28/2019,ENW,WI,AGL,CE,Federal Contract Tower,0,2,0,0,2,0,0,0,0,0,0,2,0,0,2,0,0,0,2
01/29/2019,ENW,WI,AGL,CE,Federal Contract Tower,0,6,0,0,6,0,0,1,0,1,0,6,1,0,7,0,0,0,7
01/30/2019,ENW,WI,AGL,CE,Federal Contract Tower,0,5,2,0,7,0,0,0,0,0,0,5,2,0,7,0,0,0,7
01/31/2019,ENW,WI,AGL,CE,Federal Contract Tower,0,8,2,0,10,0,0,0,0,0,0,8,2,0,10,0,0,0,10
02/01/2019,ENW,WI,AGL,CE,Federal Contract Tower,0,14,5,0,19,0,1,59,0,60,0,15,64,0,79,0,0,0,79
02/02/2019,ENW,WI,AGL,CE,Federal Contract Tower,0,2,3,0,5,0,0,15,0,15,0,2,18,0,20,60,0,60,80
02/03/2019,ENW,WI,AGL,CE,Federal Contract Tower,0,11,7,0,18,0,0,0,0,0,0,11,7,0,18,0,0,0,18
02/04/2019,ENW,WI,AGL,CE,Federal Contract Tower,0,7,14,0,21,0,0,4,0,4,0,7,18,0,25,0,0,0,25
02/05/2019,ENW,WI,AGL,CE,Federal Contract Tower,0,14,2,0,16,0,0,74,0,74,0,14,76,0,90,160,0,160,250
02/06/2019,ENW,WI,AGL,CE,Federal Contract Tower,0,8,1,0,9,0,0,0,0,0,0,8,1,0,9,0,0,0,9
02/07/2019,ENW,WI,AGL,CE,Federal Contract Tower,0,10,0,0,10,0,0,0,0,0,0,10,0,0,10,0,0,0,10
02/08/2019,ENW,WI,AGL,CE,Federal Contract Tower,0,18,3,0,21,0,0,39,0,39,0,18,42,0,60,34,0,34,94
02/09/2019,ENW,WI,AGL,CE,Federal Contract Tower,0,4,19,0,23,0,0,145,0,145,0,4,164,0,168,152,0,152,320
02/10/2019,ENW,WI,AGL,CE,Federal Contract Tower,0,10,8,0,18,0,0,43,0,43,0,10,51,0,61,18,0,18,79
02/11/2019,ENW,WI,AGL,CE,Federal Contract Tower,0,4,3,0,7,0,0,4,0,4,0,4,7,0,11,0,0,0,11
02/12/2019,ENW,WI,AGL,CE,Federal Contract Tower,0,6,0,0,6,0,0,0,0,0,0,6,0,0,6,0,0,0,6
02/13/2019,ENW,WI,AGL,CE,Federal Contract Tower,0,9,5,0,14,0,0,8,0,8,0,9,13,0,22,10,0,10,32
02/14/2019,ENW,WI,AGL,CE,Federal Contract Tower,0,16,4,0,20,0,0,52,0,52,0,16,56,0,72,24,0,24,96
02/15/2019,ENW,WI,AGL,CE,Federal Contract Tower,0,10,5,0,15,0,1,28,0,29,0,11,33,0,44,0,0,0,44
02/16/2019,ENW,WI,AGL,CE,Federal Contract Tower,0,3,13,0,16,0,0,69,0,69,0,3,82,0,85,110,0,110,195
02/17/2019,ENW,WI,AGL,CE,Federal Contract Tower,0,5,0,0,5,0,0,0,0,0,0,5,0,0,5,0,0,0,5
02/18/2019,ENW,WI,AGL,CE,Federal Contract Tower,0,9,1,0,10,0,0,22,0,22,0,9,23,0,32,30,0,30,62
02/19/2019,ENW,WI,AGL,CE,Federal Contract Tower,0,18,4,0,22,0,4,101,0,105,0,22,105,0,127,70,0,70,197
02/20/2019,ENW,WI,AGL,CE,Federal Contract Tower,0,1,0,0,1,0,0,0,0,0,0,1,0,0,1,0,0,0,1
02/21/2019,ENW,WI,AGL,CE,Federal Contract Tower,0,17,6,0,23,0,1,63,0,64,0,18,69,0,87,104,0,104,191
02/22/2019,ENW,WI,AGL,CE,Federal Contract Tower,0,4,13,0,17,0,0,129,0,129,0,4,142,0,146,258,0,258,404
02/23/2019,ENW,WI,AGL,CE,Federal Contract Tower,0,3,0,0,3,0,0,0,0,0,0,3,0,0,3,0,0,0,3
02/24/2019,ENW,WI,AGL,CE,Federal Contract Tower,0,5,0,0,5,0,0,0,0,0,0,5,0,0,5,0,0,0,5
02/25/2019,ENW,WI,AGL,CE,Federal Contract Tower,0,3,6,0,9,0,0,54,0,54,0,3,60,0,63,70,0,70,133
02/26/2019,ENW,WI,AGL,CE,Federal Contract Tower,0,13,0,0,13,0,0,27,0,27,0,13,27,0,40,80,0,80,120
02/27/2019,ENW,WI,AGL,CE,Federal Contract Tower,0,10,5,0,15,0,0,12,0,12,0,10,17,0,27,54,0,54,81
02/28/2019,ENW,WI,AGL,CE,Federal Contract Tower,0,19,10,0,29,0,1,75,0,76,0,20,85,0,105,92,0,92,197
03/01/2019,ENW,WI,AGL,CE,Federal Contract Tower,0,2,9,0,11,0,0,92,0,92,0,2,101,0,103,218,0,218,321
03/02/2019,ENW,WI,AGL,CE,Federal Contract Tower,0,8,3,0,11,0,0,45,0,45,0,8,48,0,56,38,0,38,94
03/03/2019,ENW,WI,AGL,CE,Federal Contract Tower,0,13,4,0,17,0,0,62,0,62,0,13,66,0,79,82,0,82,161
03/04/2019,ENW,WI,AGL,CE,Federal Contract Tower,0,5,5,0,10,0,0,28,0,28,0,5,33,0,38,0,0,0,38
03/05/2019,ENW,WI,AGL,CE,Federal Contract Tower,0,7,3,0,10,0,0,53,0,53,0,7,56,0,63,94,0,94,157
03/06/2019,ENW,WI,AGL,CE,Federal Contract Tower,0,16,1,0,17,0,0,55,0,55,0,16,56,0,72,66,0,66,138
03/07/2019,ENW,WI,AGL,CE,Federal Contract Tower,0,9,6,0,15,0,0,81,0,81,0,9,87,0,96,118,0,118,214
03/08/2019,ENW,WI,AGL,CE,Federal Contract Tower,0,6,5,0,11,0,0,73,0,73,0,6,78,0,84,180,0,180,264
03/09/2019,ENW,WI,AGL,CE,Federal Contract Tower,0,8,0,0,8,0,0,39,0,39,0,8,39,0,47,28,0,28,75
03/10/2019,ENW,WI,AGL,CE,Federal Contract Tower,0,12,0,0,12,0,0,12,0,12,0,12,12,0,24,8,0,8,32
03/11/2019,ENW,WI,AGL,CE,Federal Contract Tower,0,5,15,0,20,0,0,89,0,89,0,5,104,0,109,80,0,80,189
03/12/2019,ENW,WI,AGL,CE,Federal Contract Tower,0,5,9,0,14,0,0,102,0,102,0,5,111,0,116,146,0,146,262
03/13/2019,ENW,WI,AGL,CE,Federal Contract Tower,0,3,1,0,4,0,0,8,0,8,0,3,9,0,12,42,0,42,54
03/14/2019,ENW,WI,AGL,CE,Federal Contract Tower,0,5,5,0,10,0,0,2,0,2,0,5,7,0,12,24,0,24,36
03/15/2019,ENW,WI,AGL,CE,Federal Contract Tower,0,12,3,0,15,0,0,47,0,47,0,12,50,0,62,52,0,52,114
03/16/2019,ENW,WI,AGL,CE,Federal Contract Tower,0,3,11,0,14,0,0,124,0,124,0,3,135,0,138,242,0,242,380
03/17/2019,ENW,WI,AGL,CE,Federal Contract Tower,0,5,15,0,20,0,0,130,0,130,0,5,145,0,150,196,0,196,346
03/18/2019,ENW,WI,AGL,CE,Federal Contract Tower,0,6,2,0,8,0,0,89,0,89,0,6,91,0,97,148,0,148,245
03/19/2019,ENW,WI,AGL,CE,Federal Contract Tower,0,3,16,0,19,0,0,111,0,111,0,3,127,0,130,172,0,172,302
03/20/2019,ENW,WI,AGL,CE,Federal Contract Tower,0,6,4,0,10,0,0,15,0,15,0,6,19,0,25,52,0,52,77
03/21/2019,ENW,WI,AGL,CE,Federal Contract Tower,0,9,11,0,20,0,0,31,0,31,0,9,42,0,51,88,0,88,139
03/22/2019,ENW,WI,AGL,CE,Federal Contract Tower,0,8,15,0,23,0,0,84,0,84,0,8,99,0,107,230,0,230,337
03/23/2019,ENW,WI,AGL,CE,Federal Contract Tower,0,7,11,0,18,0,0,130,0,130,0,7,141,0,148,248,0,248,396
03/24/2019,ENW,WI,AGL,CE,Federal Contract Tower,0,6,15,0,21,0,0,57,0,57,0,6,72,0,78,128,0,128,206
03/25/2019,ENW,WI,AGL,CE,Federal Contract Tower,0,7,4,0,11,0,0,62,0,62,0,7,66,0,73,12,0,12,85
03/26/2019,ENW,WI,AGL,CE,Federal Contract Tower,0,2,7,0,9,0,0,106,0,106,0,2,113,0,115,134,0,134,249
03/27/2019,ENW,WI,AGL,CE,Federal Contract Tower,0,10,9,0,19,0,0,54,0,54,0,10,63,0,73,68,2,70,143
03/28/2019,ENW,WI,AGL,CE,Federal Contract Tower,0,13,13,0,26,0,0,78,0,78,0,13,91,0,104,148,0,148,252
03/29/2019,ENW,WI,AGL,CE,Federal Contract Tower,0,9,12,0,21,0,0,87,0,87,0,9,99,0,108,176,0,176,284
03/30/2019,ENW,WI,AGL,CE,Federal Contract Tower,0,7,2,0,9,0,0,78,0,78,0,7,80,0,87,166,0,166,253
03/31/2019,ENW,WI,AGL,CE,Federal Contract Tower,0,14,15,0,29,0,0,125,0,125,0,14,140,0,154,122,0,122,276
04/01/2019,ENW,WI,AGL,CE,Federal Contract Tower,0,6,4,0,10,0,0,51,2,53,0,6,55,2,63,64,0,64,127
04/02/2019,ENW,WI,AGL,CE,Federal Contract Tower,0,10,9,0,19,0,0,51,0,51,0,10,60,0,70,82,0,82,152
04/03/2019,ENW,WI,AGL,CE,Federal Contract Tower,0,10,11,0,21,0,0,66,0,66,0,10,77,0,87,94,0,94,181
04/04/2019,ENW,WI,AGL,CE,Federal Contract Tower,0,9,12,0,21,0,1,18,0,19,0,10,30,0,40,12,0,12,52
04/05/2019,ENW,WI,AGL,CE,Federal Contract Tower,0,11,15,0,26,0,0,58,0,58,0,11,73,0,84,84,0,84,168
04/06/2019,ENW,WI,AGL,CE,Federal Contract Tower,0,5,8,0,13,0,0,118,0,118,0,5,126,0,131,192,0,192,323
04/07/2019,ENW,WI,AGL,CE,Federal Contract Tower,0,12,6,0,18,0,0,46,0,46,0,12,52,0,64,14,0,14,78
04/08/2019,ENW,WI,AGL,CE,Federal Contract Tower,0,11,8,0,19,0,0,140,0,140,0,11,148,0,159,174,0,174,333
04/10/2019,ENW,WI,AGL,CE,Federal Contract Tower,0,14,0,0,14,0,0,0,0,0,0,14,0,0,14,0,0,0,14
04/11/2019,ENW,WI,AGL,CE,Federal Contract Tower,0,20,1,0,21,0,0,4,0,4,0,20,5,0,25,0,0,0,25
04/12/2019,ENW,WI,AGL,CE,Federal Contract Tower,0,6,3,0,9,0,0,1,0,1,0,6,4,0,10,44,0,44,54
04/13/2019,ENW,WI,AGL,CE,Federal Contract Tower,0,10,12,0,22,0,0,147,0,147,0,10,159,0,169,158,0,158,327
04/14/2019,ENW,WI,AGL,CE,Federal Contract Tower,0,8,1,0,9,0,0,0,0,0,0,8,1,0,9,0,0,0,9
04/15/2019,ENW,WI,AGL,CE,Federal Contract Tower,0,10,20,0,30,0,0,129,0,129,0,10,149,0,159,186,0,186,345
04/16/2019,ENW,WI,AGL,CE,Federal Contract Tower,0,12,17,1,30,0,0,124,0,124,0,12,141,1,154,194,0,194,348
04/17/2019,ENW,WI,AGL,CE,Federal Contract Tower,0,11,12,0,23,0,0,14,4,18,0,11,26,4,41,46,4,50,91
04/18/2019,ENW,WI,AGL,CE,Federal Contract Tower,22,0,9,0,31,0,0,29,0,29,22,0,38,0,60,28,0,28,88
04/19/2019,ENW,WI,AGL,CE,Federal Contract Tower,0,7,4,0,11,0,0,24,0,24,0,7,28,0,35,50,0,50,85
04/20/2019,ENW,WI,AGL,CE,Federal Contract Tower,0,4,7,0,11,0,0,129,0,129,0,4,136,0,140,148,0,148,288
04/21/2019,ENW,WI,AGL,CE,Federal Contract Tower,0,8,8,0,16,0,0,107,0,107,0,8,115,0,123,84,0,84,207
04/23/2019,ENW,WI,AGL,CE,Federal Contract Tower,0,12,5,0,17,0,0,94,0,94,0,12,99,0,111,72,0,72,183
04/24/2019,ENW,WI,AGL,CE,Federal Contract Tower,0,10,8,0,18,0,2,85,0,87,0,12,93,0,105,126,0,126,231
04/26/2019,ENW,WI,AGL,CE,Federal Contract Tower,0,18,8,0,26,0,0,88,0,88,0,18,96,0,114,118,0,118,232
04/27/2019,ENW,WI,AGL,CE,Federal Contract Tower,0,6,2,0,8,0,0,16,0,16,0,6,18,0,24,32,0,32,56
04/28/2019,ENW,WI,AGL,CE,Federal Contract Tower,0,10,20,0,30,0,1,148,0,149,0,11,168,0,179,160,0,160,339
04/29/2019,ENW,WI,AGL,CE,Federal Contract Tower,0,4,3,0,7,0,0,0,0,0,0,4,3,0,7,0,0,0,7
04/30/2019,ENW,WI,AGL,CE,Federal Contract Tower,0,10,0,0,10,0,0,5,0,5,0,10,5,0,15,58,0,58,73
05/01/2019,ENW,WI,AGL,CE,Federal Contract Tower,0,10,6,0,16,0,0,2,0,2,0,10,8,0,18,30,0,30,48
05/02/2019,ENW,WI,AGL,CE,Federal Contract Tower,0,12,6,0,18,0,0,0,0,0,0,12,6,0,18,0,0,0,18
05/03/2019,ENW,WI,AGL,CE,Federal Contract Tower,0,15,22,0,37,0,4,150,0,154,0,19,172,0,191,182,0,182,373
05/04/2019,ENW,WI,AGL,CE,Federal Contract Tower,0,5,14,0,19,0,0,169,0,169,0,5,183,0,188,196,0,196,384
05/05/2019,ENW,WI,AGL,CE,Federal Contract Tower,0,14,5,0,19,0,0,94,0,94,0,14,99,0,113,52,0,52,165
05/06/2019,ENW,WI,AGL,CE,Federal Contract Tower,0,2,14,0,16,0,0,32,0,32,0,2,46,0,48,170,0,170,218
05/07/2019,ENW,WI,AGL,CE,Federal Contract Tower,0,8,48,0,56,0,0,130,0,130,0,8,178,0,186,226,0,226,412
05/08/2019,ENW,WI,AGL,CE,Federal Contract Tower,0,12,10,0,22,0,0,19,0,19,0,12,29,0,41,26,0,26,67
05/09/2019,ENW,WI,AGL,CE,Federal Contract Tower,0,8,3,0,11,0,0,14,0,14,0,8,17,0,25,34,0,34,59
05/10/2019,ENW,WI,AGL,CE,Federal Contract Tower,0,10,20,0,30,0,0,127,0,127,0,10,147,0,157,216,0,216,373
05/11/2019,ENW,WI,AGL,CE,Federal Contract Tower,0,0,17,0,17,0,0,105,0,105,0,0,122,0,122,154,0,154,276
05/12/2019,ENW,WI,AGL,CE,Federal Contract Tower,0,9,15,0,24,0,0,82,0,82,0,9,97,0,106,112,0,112,218
05/13/2019,ENW,WI,AGL,CE,Federal Contract Tower,0,5,25,0,30,0,0,118,2,120,0,5,143,2,150,202,0,202,352
05/14/2019,ENW,WI,AGL,CE,Federal Contract Tower,0,11,14,0,25,0,14,126,0,140,0,25,140,0,165,162,0,162,327
05/15/2019,ENW,WI,AGL,CE,Federal Contract Tower,0,8,11,0,19,0,10,120,0,130,0,18,131,0,149,182,0,182,331
05/16/2019,ENW,WI,AGL,CE,Federal Contract Tower,0,13,9,0,22,0,0,19,0,19,0,13,28,0,41,36,0,36,77
05/17/2019,ENW,WI,AGL,CE,Federal Contract Tower,0,10,9,0,19,0,0,76,0,76,0,10,85,0,95,86,0,86,181
05/18/2019,ENW,WI,AGL,CE,Federal Contract Tower,0,9,15,0,24,0,0,49,0,49,0,9,64,0,73,72,0,72,145
05/19/2019,ENW,WI,AGL,CE,Federal Contract Tower,0,7,4,0,11,0,0,30,0,30,0,7,34,0,41,30,0,30,71
05/20/2019,ENW,WI,AGL,CE,Federal Contract Tower,0,10,10,0,20,0,0,90,0,90,0,10,100,0,110,190,0,190,300
05/21/2019,ENW,WI,AGL,CE,Federal Contract Tower,0,5,9,0,14,0,0,86,0,86,0,5,95,0,100,192,0,192,292
05/22/2019,ENW,WI,AGL,CE,Federal Contract Tower,0,6,12,2,20,0,0,30,0,30,0,6,42,2,50,36,0,36,86
05/23/2019,ENW,WI,AGL,CE,Federal Contract Tower,0,19,15,0,34,0,0,101,0,101,0,19,116,0,135,32,0,32,167
05/24/2019,ENW,WI,AGL,CE,Federal Contract Tower,0,5,6,0,11,0,0,50,0,50,0,5,56,0,61,96,0,96,157
05/25/2019,ENW,WI,AGL,CE,Federal Contract Tower,0,17,5,0,22,0,0,97,0,97,0,17,102,0,119,156,0,156,275
05/26/2019,ENW,WI,AGL,CE,Federal Contract Tower,0,12,8,0,20,0,0,156,0,156,0,12,164,0,176,174,0,174,350
05/27/2019,ENW,WI,AGL,CE,Federal Contract Tower,0,7,12,0,19,0,0,98,0,98,0,7,110,0,117,104,0,104,221
05/28/2019,ENW,WI,AGL,CE,Federal Contract Tower,0,9,19,0,28,0,0,21,0,21,0,9,40,0,49,0,0,0,49
05/29/2019,ENW,WI,AGL,CE,Federal Contract Tower,0,11,13,0,24,0,0,49,0,49,0,11,62,0,73,98,0,98,171
05/30/2019,ENW,WI,AGL,CE,Federal Contract Tower,0,7,10,0,17,0,0,83,0,83,0,7,93,0,100,178,0,178,278
05/31/2019,ENW,WI,AGL,CE,Federal Contract Tower,0,5,7,0,12,0,2,164,0,166,0,7,171,0,178,186,0,186,364
06/01/2019,ENW,WI,AGL,CE,Federal Contract Tower,0,8,3,1,12,0,0,25,0,25,0,8,28,1,37,12,0,12,49
06/02/2019,ENW,WI,AGL,CE,Federal Contract Tower,0,10,14,0,24,0,0,151,0,151,0,10,165,0,175,188,0,188,363
06/03/2019,ENW,WI,AGL,CE,Federal Contract Tower,0,8,7,0,15,0,0,197,0,197,0,8,204,0,212,276,0,276,488
06/04/2019,ENW,WI,AGL,CE,Federal Contract Tower,0,9,3,0,12,0,0,102,0,102,0,9,105,0,114,190,0,190,304
06/05/2019,ENW,WI,AGL,CE,Federal Contract Tower,0,7,14,0,21,0,1,70,0,71,0,8,84,0,92,130,0,130,222
06/06/2019,ENW,WI,AGL,CE,Federal Contract Tower,0,18,11,0,29,0,1,117,1,119,0,19,128,1,148,136,0,136,284
06/07/2019,ENW,WI,AGL,CE,Federal Contract Tower,0,11,36,0,47,0,0,139,0,139,0,11,175,0,186,182,0,182,368
06/08/2019,ENW,WI,AGL,CE,Federal Contract Tower,0,2,12,0,14,0,0,145,0,145,0,2,157,0,159,160,0,160,319
06/09/2019,ENW,WI,AGL,CE,Federal Contract Tower,0,12,9,0,21,0,0,51,0,51,0,12,60,0,72,52,0,52,124
06/10/2019,ENW,WI,AGL,CE,Federal Contract Tower,0,7,7,0,14,0,0,90,0,90,0,7,97,0,104,152,0,152,256
06/11/2019,ENW,WI,AGL,CE,Federal Contract Tower,0,10,20,0,30,0,0,150,0,150,0,10,170,0,180,220,0,220,400
06/12/2019,ENW,WI,AGL,CE,Federal Contract Tower,0,7,1,0,8,0,0,26,0,26,0,7,27,0,34,64,0,64,98
06/13/2019,ENW,WI,AGL,CE,Federal Contract Tower,0,5,18,0,23,0,0,55,0,55,0,5,73,0,78,124,0,124,202
06/14/2019,ENW,WI,AGL,CE,Federal Contract Tower,0,7,7,0,14,0,0,66,0,66,0,7,73,0,80,92,0,92,172
06/15/2019,ENW,WI,AGL,CE,Federal Contract Tower,0,8,7,0,15,0,0,57,0,57,0,8,64,0,72,76,0,76,148
06/16/2019,ENW,WI,AGL,CE,Federal Contract Tower,0,10,8,0,18,0,0,0,0,0,0,10,8,0,18,8,0,8,26
06/17/2019,ENW,WI,AGL,CE,Federal Contract Tower,0,7,14,0,21,0,0,117,0,117,0,7,131,0,138,156,0,156,294
06/18/2019,ENW,WI,AGL,CE,Federal Contract Tower,0,7,11,0,18,0,0,126,0,126,0,7,137,0,144,198,0,198,342
06/19/2019,ENW,WI,AGL,CE,Federal Contract Tower,0,10,13,0,23,0,0,13,0,13,0,10,26,0,36,0,0,0,36
06/20/2019,ENW,WI,AGL,CE,Federal Contract Tower,0,15,22,0,37,0,0,54,0,54,0,15,76,0,91,62,0,62,153
06/21/2019,ENW,WI,AGL,CE,Federal Contract Tower,0,8,21,0,29,0,0,145,0,145,0,8,166,0,174,152,0,152,326
06/22/2019,ENW,WI,AGL,CE,Federal Contract Tower,0,6,19,0,25,0,0,95,0,95,0,6,114,0,120,130,0,130,250
06/23/2019,ENW,WI,AGL,CE,Federal Contract Tower,0,7,11,0,18,0,0,49,0,49,0,7,60,0,67,36,0,36,103
06/24/2019,ENW,WI,AGL,CE,Federal Contract Tower,0,6,8,0,14,0,0,30,0,30,0,6,38,0,44,30,0,30,74
06/25/2019,ENW,WI,AGL,CE,Federal Contract Tower,0,6,6,0,12,0,0,104,0,104,0,6,110,0,116,142,0,142,258
06/26/2019,ENW,WI,AGL,CE,Federal Contract Tower,0,8,21,0,29,0,0,80,0,80,0,8,101,0,109,238,0,238,347
06/27/2019,ENW,WI,AGL,CE,Federal Contract Tower,0,21,14,0,35,0,0,70,0,70,0,21,84,0,105,230,0,230,335
06/28/2019,ENW,WI,AGL,CE,Federal Contract Tower,0,12,11,0,23,0,0,102,0,102,0,12,113,0,125,122,0,122,247
06/29/2019,ENW,WI,AGL,CE,Federal Contract Tower,0,6,13,0,19,0,0,152,0,152,0,6,165,0,171,210,0,210,381
06/30/2019,ENW,WI,AGL,CE,Federal Contract Tower,0,5,12,0,17,0,0,76,0,76,0,5,88,0,93,84,0,84,177
07/01/2019,ENW,WI,AGL,CE,Federal Contract Tower,0,14,16,0,30,0,0,100,0,100,0,14,116,0,130,230,0,230,360
07/02/2019,ENW,WI,AGL,CE,Federal Contract Tower,0,6,6,0,12,0,0,60,0,60,0,6,66,0,72,74,0,74,146
07/03/2019,ENW,WI,AGL,CE,Federal Contract Tower,0,10,18,0,28,0,0,69,0,69,0,10,87,0,97,176,0,176,273
07/04/2019,ENW,WI,AGL,CE,Federal Contract Tower,0,4,9,0,13,0,0,55,0,55,0,4,64,0,68,2,0,2,70
07/05/2019,ENW,WI,AGL,CE,Federal Contract Tower,0,12,5,0,17,0,0,92,0,92,0,12,97,0,109,202,0,202,311
07/06/2019,ENW,WI,AGL,CE,Federal Contract Tower,0,3,8,0,11,0,0,69,0,69,0,3,77,0,80,90,0,90,170
07/07/2019,ENW,WI,AGL,CE,Federal Contract Tower,0,17,18,4,39,0,0,181,0,181,0,17,199,4,220,134,0,134,354
07/08/2019,ENW,WI,AGL,CE,Federal Contract Tower,0,19,14,0,33,0,2,161,0,163,0,21,175,0,196,194,0,194,390
07/09/2019,ENW,WI,AGL,CE,Federal Contract Tower,0,8,5,0,13,0,2,156,0,158,0,10,161,0,171,194,0,194,365
07/10/2019,ENW,WI,AGL,CE,Federal Contract Tower,0,13,12,0,25,0,7,101,0,108,0,20,113,0,133,198,0,198,331
07/11/2019,ENW,WI,AGL,CE,Federal Contract Tower,0,12,9,0,21,0,0,81,2,83,0,12,90,2,104,190,2,192,296
07/12/2019,ENW,WI,AGL,CE,Federal Contract Tower,0,17,13,0,30,0,0,69,0,69,0,17,82,0,99,98,0,98,197
07/13/2019,ENW,WI,AGL,CE,Federal Contract Tower,0,2,7,0,9,0,0,208,0,208,0,2,215,0,217,190,0,190,407
07/14/2019,ENW,WI,AGL,CE,Federal Contract Tower,0,11,11,0,22,0,0,147,0,147,0,11,158,0,169,58,0,58,227
07/15/2019,ENW,WI,AGL,CE,Federal Contract Tower,0,10,14,0,24,0,0,104,0,104,0,10,118,0,128,98,0,98,226
07/16/2019,ENW,WI,AGL,CE,Federal Contract Tower,0,3,18,0,21,0,0,103,0,103,0,3,121,0,124,192,0,192,316
07/17/2019,ENW,WI,AGL,CE,Federal Contract Tower,0,12,14,0,26,0,1,59,0,60,0,13,73,0,86,128,0,128,214
07/18/2019,ENW,WI,AGL,CE,Federal Contract Tower,0,13,6,0,19,0,0,37,0,37,0,13,43,0,56,90,0,90,146
07/19/2019,ENW,WI,AGL,CE,Federal Contract Tower,0,12,22,1,35,0,0,132,1,133,0,12,154,2,168,192,0,192,360
07/20/2019,ENW,WI,AGL,CE,Federal Contract Tower,0,8,13,0,21,0,0,88,0,88,0,8,101,0,109,56,0,56,165
07/21/2019,ENW,WI,AGL,CE,Federal Contract Tower,0,12,10,4,26,0,0,113,0,113,0,12,123,4,139,96,0,96,235
07/22/2019,ENW,WI,AGL,CE,Federal Contract Tower,0,14,5,0,19,0,8,114,0,122,0,22,119,0,141,68,0,68,209
07/23/2019,ENW,WI,AGL,CE,Federal Contract Tower,0,4,7,0,11,0,0,139,0,139,0,4,146,0,150,310,0,310,460
07/24/2019,ENW,WI,AGL,CE,Federal Contract Tower,0,18,17,0,35,0,0,144,0,144,0,18,161,0,179,216,2,218,397
07/25/2019,ENW,WI,AGL,CE,Federal Contract Tower,0,19,16,0,35,0,0,131,0,131,0,19,147,0,166,210,0,210,376
07/26/2019,ENW,WI,AGL,CE,Federal Contract Tower,0,10,7,0,17,0,0,124,0,124,0,10,131,0,141,132,0,132,273
07/27/2019,ENW,WI,AGL,CE,Federal Contract Tower,0,7,6,0,13,0,0,88,0,88,0,7,94,0,101,54,0,54,155
07/28/2019,ENW,WI,AGL,CE,Federal Contract Tower,0,13,6,0,19,0,0,104,0,104,0,13,110,0,123,128,0,128,251
07/29/2019,ENW,WI,AGL,CE,Federal Contract Tower,0,1,10,0,11,0,0,89,0,89,0,1,99,0,100,198,0,198,298
07/30/2019,ENW,WI,AGL,CE,Federal Contract Tower,0,10,11,0,21,0,0,137,0,137,0,10,148,0,158,170,0,170,328
07/31/2019,ENW,WI,AGL,CE,Federal Contract Tower,0,12,16,0,28,0,0,101,0,101,0,12,117,0,129,220,0,220,349
08/01/2019,ENW,WI,AGL,CE,Federal Contract Tower,0,5,14,0,19,0,0,118,0,118,0,5,132,0,137,174,0,174,311
08/02/2019,ENW,WI,AGL,CE,Federal Contract Tower,0,3,14,0,17,0,0,176,0,176,0,3,190,0,193,220,0,220,413
08/03/2019,ENW,WI,AGL,CE,Federal Contract Tower,0,4,9,0,13,0,0,147,0,147,0,4,156,0,160,178,0,178,338
08/04/2019,ENW,WI,AGL,CE,Federal Contract Tower,0,7,13,0,20,0,154,0,0,154,0,161,13,0,174,88,0,88,262
08/05/2019,ENW,WI,AGL,CE,Federal Contract Tower,0,18,9,0,27,0,0,102,0,102,0,18,111,0,129,96,0,96,225
08/06/2019,ENW,WI,AGL,CE,Federal Contract Tower,0,28,18,0,46,0,0,88,0,88,0,28,106,0,134,46,0,46,180
08/07/2019,ENW,WI,AGL,CE,Federal Contract Tower,0,19,1,2,22,0,1,59,0,60,0,20,60,2,82,58,0,58,140
08/08/2019,ENW,WI,AGL,CE,Federal Contract Tower,0,24,15,0,39,0,0,75,0,75,0,24,90,0,114,106,0,106,220
08/09/2019,ENW,WI,AGL,CE,Federal Contract Tower,0,12,14,0,26,0,0,97,0,97,0,12,111,0,123,183,0,183,306
08/10/2019,ENW,WI,AGL,CE,Federal Contract Tower,0,10,14,0,24,0,0,282,0,282,0,10,296,0,306,164,0,164,470
08/11/2019,ENW,WI,AGL,CE,Federal Contract Tower,0,23,11,0,34,0,0,96,0,96,0,23,107,0,130,100,0,100,230
08/12/2019,ENW,WI,AGL,CE,Federal Contract Tower,0,13,6,0,19,0,0,85,0,85,0,13,91,0,104,178,0,178,282
08/13/2019,ENW,WI,AGL,CE,Federal Contract Tower,0,15,1,0,16,0,0,93,0,93,0,15,94,0,109,44,0,44,153
08/14/2019,ENW,WI,AGL,CE,Federal Contract Tower,0,14,6,0,20,0,0,33,0,33,0,14,39,0,53,42,0,42,95
08/15/2019,ENW,WI,AGL,CE,Federal Contract Tower,0,21,10,0,31,0,0,76,0,76,0,21,86,0,107,124,0,124,231
08/16/2019,ENW,WI,AGL,CE,Federal Contract Tower,0,22,15,0,37,0,0,93,0,93,0,22,108,0,130,104,0,104,234
08/17/2019,ENW,WI,AGL,CE,Federal Contract Tower,0,9,7,0,16,0,0,107,0,107,0,9,114,0,123,144,0,144,267
08/18/2019,ENW,WI,AGL,CE,Federal Contract Tower,0,18,1,0,19,0,1,13,0,14,0,19,14,0,33,0,0,0,33
08/19/2019,ENW,WI,AGL,CE,Federal Contract Tower,0,20,6,0,26,0,0,147,0,147,0,20,153,0,173,324,0,324,497
08/20/2019,ENW,WI,AGL,CE,Federal Contract Tower,0,14,10,0,24,0,0,35,0,35,0,14,45,0,59,84,0,84,143
08/21/2019,ENW,WI,AGL,CE,Federal Contract Tower,0,9,13,0,22,0,0,67,0,67,0,9,80,0,89,262,0,262,351
08/22/2019,ENW,WI,AGL,CE,Federal Contract Tower,0,22,11,0,33,0,0,84,0,84,0,22,95,0,117,210,4,214,331
08/23/2019,ENW,WI,AGL,CE,Federal Contract Tower,0,9,14,0,23,0,0,150,0,150,0,9,164,0,173,164,0,164,337
08/24/2019,ENW,WI,AGL,CE,Federal Contract Tower,0,6,5,0,11,0,0,122,0,122,0,6,127,0,133,106,0,106,239
08/25/2019,ENW,WI,AGL,CE,Federal Contract Tower,0,8,11,0,19,0,0,115,0,115,0,8,126,0,134,112,0,112,246
08/26/2019,ENW,WI,AGL,CE,Federal Contract Tower,0,3,3,0,6,0,0,0,0,0,0,3,3,0,6,0,0,0,6
08/27/2019,ENW,WI,AGL,CE,Federal Contract Tower,0,8,14,0,22,0,0,80,0,80,0,8,94,0,102,66,0,66,168
08/28/2019,ENW,WI,AGL,CE,Federal Contract Tower,0,25,4,0,29,0,0,40,0,40,0,25,44,0,69,44,0,44,113
08/29/2019,ENW,WI,AGL,CE,Federal Contract Tower,0,15,7,0,22,0,0,67,0,67,0,15,74,0,89,78,0,78,167
08/30/2019,ENW,WI,AGL,CE,Federal Contract Tower,0,11,18,0,29,0,0,95,0,95,0,11,113,0,124,106,0,106,230
08/31/2019,ENW,WI,AGL,CE,Federal Contract Tower,0,3,9,0,12,0,0,121,0,121,0,3,130,0,133,94,0,94,227
09/01/2019,ENW,WI,AGL,CE,Federal Contract Tower,0,3,7,0,10,0,0,31,0,31,0,3,38,0,41,58,0,58,99
09/02/2019,ENW,WI,AGL,CE,Federal Contract Tower,0,8,8,0,16,0,1,120,0,121,0,9,128,0,137,156,0,156,293
09/03/2019,ENW,WI,AGL,CE,Federal Contract Tower,0,16,13,0,29,0,0,32,0,32,0,16,45,0,61,0,0,0,61
09/04/2019,ENW,WI,AGL,CE,Federal Contract Tower,0,14,19,0,33,0,0,83,0,83,0,14,102,0,116,72,0,72,188
09/05/2019,ENW,WI,AGL,CE,Federal Contract Tower,0,14,23,0,37,0,0,100,0,100,0,14,123,0,137,146,0,146,283
09/06/2019,ENW,WI,AGL,CE,Federal Contract Tower,0,14,13,0,27,0,0,61,0,61,0,14,74,0,88,88,0,88,176
09/07/2019,ENW,WI,AGL,CE,Federal Contract Tower,0,5,12,0,17,0,0,164,0,164,0,5,176,0,181,254,0,254,435
09/08/2019,ENW,WI,AGL,CE,Federal Contract Tower,0,16,8,0,24,0,0,149,0,149,0,16,157,0,173,156,0,156,329
09/09/2019,ENW,WI,AGL,CE,Federal Contract Tower,0,14,17,0,31,0,0,59,0,59,0,14,76,0,90,76,0,76,166
09/10/2019,ENW,WI,AGL,CE,Federal Contract Tower,0,10,8,0,18,0,0,64,0,64,0,10,72,0,82,78,0,78,160
09/11/2019,ENW,WI,AGL,CE,Federal Contract Tower,0,8,7,0,15,0,3,48,0,51,0,11,55,0,66,134,0,134,200
09/12/2019,ENW,WI,AGL,CE,Federal Contract Tower,0,19,10,0,29,0,0,4,0,4,0,19,14,0,33,0,0,0,33
09/13/2019,ENW,WI,AGL,CE,Federal Contract Tower,0,5,18,0,23,0,0,70,0,70,0,5,88,0,93,160,0,160,253
09/14/2019,ENW,WI,AGL,CE,Federal Contract Tower,0,5,7,0,12,0,0,187,0,187,0,5,194,0,199,256,0,256,455
09/15/2019,ENW,WI,AGL,CE,Federal Contract Tower,0,5,8,0,13,0,0,10,0,10,0,5,18,0,23,12,0,12,35
09/16/2019,ENW,WI,AGL,CE,Federal Contract Tower,0,5,19,0,24,0,0,53,0,53,0,5,72,0,77,120,0,120,197
09/17/2019,ENW,WI,AGL,CE,Federal Contract Tower,0,18,16,0,34,0,0,74,0,74,0,18,90,0,108,98,0,98,206
09/18/2019,ENW,WI,AGL,CE,Federal Contract Tower,0,16,10,0,26,0,0,81,0,81,0,16,91,0,107,124,0,124,231
09/19/2019,ENW,WI,AGL,CE,Federal Contract Tower,0,13,3,0,16,0,0,56,0,56,0,13,59,0,72,186,0,186,258
09/20/2019,ENW,WI,AGL,CE,Federal Contract Tower,0,14,27,0,41,0,0,102,0,102,0,14,129,0,143,158,0,158,301
09/21/2019,ENW,WI,AGL,CE,Federal Contract Tower,0,1,7,0,8,0,0,51,0,51,0,1,58,0,59,58,0,58,117
09/23/2019,ENW,WI,AGL,CE,Federal Contract Tower,0,13,16,0,29,0,0,133,0,133,0,13,149,0,162,130,0,130,292
09/24/2019,ENW,WI,AGL,CE,Federal Contract Tower,0,14,10,0,24,0,0,89,0,89,0,14,99,0,113,100,0,100,213
09/25/2019,ENW,WI,AGL,CE,Federal Contract Tower,0,12,1,0,13,0,4,34,0,38,0,16,35,0,51,68,0,68,119
09/26/2019,ENW,WI,AGL,CE,Federal Contract Tower,0,20,10,0,30,0,0,89,0,89,0,20,99,0,119,100,0,100,219
09/27/2019,ENW,WI,AGL,CE,Federal Contract Tower,0,11,6,0,17,0,0,38,0,38,0,11,44,0,55,90,0,90,145
09/28/2019,ENW,WI,AGL,CE,Federal Contract Tower,0,3,8,0,11,0,0,100,0,100,0,3,108,0,111,146,0,146,257
09/29/2019,ENW,WI,AGL,CE,Federal Contract Tower,0,11,13,0,24,0,0,0,0,0,0,11,13,0,24,4,0,4,28
09/30/2019,ENW,WI,AGL,CE,Federal Contract Tower,0,7,1,0,8,0,0,100,0,100,0,7,101,0,108,78,0,78,186
10/01/2019,ENW,WI,AGL,CE,Federal Contract Tower,0,11,1,0,12,0,0,104,0,104,0,11,105,0,116,208,0,208,324
10/02/2019,ENW,WI,AGL,CE,Federal Contract Tower,0,8,6,0,14,0,0,0,0,0,0,8,6,0,14,0,0,0,14
10/03/2019,ENW,WI,AGL,CE,Federal Contract Tower,0,11,11,0,22,0,0,48,0,48,0,11,59,0,70,60,0,60,130
10/04/2019,ENW,WI,AGL,CE,Federal Contract Tower,0,5,13,0,18,0,0,145,0,145,0,5,158,0,163,246,0,246,409
10/05/2019,ENW,WI,AGL,CE,Federal Contract Tower,0,5,3,0,8,0,0,61,0,61,0,5,64,0,69,136,0,136,205
10/06/2019,ENW,WI,AGL,CE,Federal Contract Tower,0,12,6,0,18,0,0,143,0,143,0,12,149,0,161,134,0,134,295
10/07/2019,ENW,WI,AGL,CE,Federal Contract Tower,0,13,13,0,26,0,0,89,0,89,0,13,102,0,115,108,0,108,223
10/08/2019,ENW,WI,AGL,CE,Federal Contract Tower,0,11,17,0,28,0,1,130,0,131,0,12,147,0,159,150,0,150,309
10/09/2019,ENW,WI,AGL,CE,Federal Contract Tower,0,9,14,0,23,0,0,96,0,96,0,9,110,0,119,136,0,136,255
10/10/2019,ENW,WI,AGL,CE,Federal Contract Tower,0,14,12,0,26,0,0,80,0,80,0,14,92,0,106,114,0,114,220
10/11/2019,ENW,WI,AGL,CE,Federal Contract Tower,0,22,10,0,32,0,0,8,0,8,0,22,18,0,40,0,0,0,40
10/12/2019,ENW,WI,AGL,CE,Federal Contract Tower,0,3,9,0,12,0,0,44,0,44,0,3,53,0,56,26,0,26,82
10/13/2019,ENW,WI,AGL,CE,Federal Contract Tower,0,10,2,0,12,0,0,30,0,30,0,10,32,0,42,72,0,72,114
10/14/2019,ENW,WI,AGL,CE,Federal Contract Tower,0,7,15,0,22,0,0,159,0,159,0,7,174,0,181,216,0,216,397
10/15/2019,ENW,WI,AGL,CE,Federal Contract Tower,0,18,4,0,22,0,0,59,0,59,0,18,63,0,81,22,0,22,103
10/16/2019,ENW,WI,AGL,CE,Federal Contract Tower,0,5,14,0,19,0,0,14,1,15,0,5,28,1,34,24,0,24,58
10/17/2019,ENW,WI,AGL,CE,Federal Contract Tower,0,12,18,0,30,0,0,98,0,98,0,12,116,0,128,248,0,248,376
10/18/2019,ENW,WI,AGL,CE,Federal Contract Tower,0,6,14,0,20,0,1,119,0,120,0,7,133,0,140,234,0,234,374
10/19/2019,ENW,WI,AGL,CE,Federal Contract Tower,0,3,4,0,7,0,0,74,0,74,0,3,78,0,81,112,0,112,193
10/20/2019,ENW,WI,AGL,CE,Federal Contract Tower,0,15,17,0,32,0,0,112,0,112,0,15,129,0,144,100,0,100,244
10/21/2019,ENW,WI,AGL,CE,Federal Contract Tower,0,3,6,0,9,0,0,15,0,15,0,3,21,0,24,2,0,2,26
10/22/2019,ENW,WI,AGL,CE,Federal Contract Tower,0,4,0,0,4,0,0,9,0,9,0,4,9,0,13,20,0,20,33
10/23/2019,ENW,WI,AGL,CE,Federal Contract Tower,0,6,11,0,17,0,0,52,0,52,0,6,63,0,69,32,0,32,101
10/24/2019,ENW,WI,AGL,CE,Federal Contract Tower,0,12,10,0,22,0,0,76,0,76,0,12,86,0,98,176,0,176,274
10/25/2019,ENW,WI,AGL,CE,Federal Contract Tower,0,10,12,0,22,0,0,88,0,88,0,10,100,0,110,172,0,172,282
10/26/2019,ENW,WI,AGL,CE,Federal Contract Tower,0,10,6,0,16,0,0,39,0,39,0,10,45,0,55,46,0,46,101
10/27/2019,ENW,WI,AGL,CE,Federal Contract Tower,0,14,4,0,18,0,0,139,0,139,0,14,143,0,157,80,0,80,237
10/28/2019,ENW,WI,AGL,CE,Federal Contract Tower,0,6,8,0,14,0,0,122,0,122,0,6,130,0,136,276,0,276,412
10/29/2019,ENW,WI,AGL,CE,Federal Contract Tower,0,11,6,0,17,0,0,121,0,121,0,11,127,0,138,240,0,240,378
10/30/2019,ENW,WI,AGL,CE,Federal Contract Tower,0,16,5,0,21,0,1,14,0,15,0,17,19,0,36,92,0,92,128
10/31/2019,ENW,WI,AGL,CE,Federal Contract Tower,0,6,4,0,10,0,0,0,0,0,0,6,4,0,10,0,0,0,10
11/01/2019,ENW,WI,AGL,CE,Federal Contract Tower,0,14,13,0,27,0,0,72,0,72,0,14,85,0,99,102,0,102,201
11/02/2019,ENW,WI,AGL,CE,Federal Contract Tower,0,3,3,0,6,0,0,35,0,35,0,3,38,0,41,52,0,52,93
11/03/2019,ENW,WI,AGL,CE,Federal Contract Tower,0,6,6,0,12,0,0,23,0,23,0,6,29,0,35,70,0,70,105
11/04/2019,ENW,WI,AGL,CE,Federal Contract Tower,0,8,3,0,11,0,0,78,0,78,0,8,81,0,89,104,0,104,193
11/05/2019,ENW,WI,AGL,CE,Federal Contract Tower,0,7,8,0,15,0,0,123,0,123,0,7,131,0,138,184,2,186,324
11/06/2019,ENW,WI,AGL,CE,Federal Contract Tower,0,13,3,0,16,0,0,18,0,18,0,13,21,0,34,80,0,80,114
11/07/2019,ENW,WI,AGL,CE,Federal Contract Tower,0,12,12,0,24,0,0,63,0,63,0,12,75,0,87,180,0,180,267
11/08/2019,ENW,WI,AGL,CE,Federal Contract Tower,0,8,12,0,20,0,0,116,0,116,0,8,128,0,136,194,0,194,330
11/09/2019,ENW,WI,AGL,CE,Federal Contract Tower,0,11,6,0,17,0,0,110,0,110,0,11,116,0,127,172,0,172,299
11/10/2019,ENW,WI,AGL,CE,Federal Contract Tower,0,8,2,0,10,0,0,40,0,40,0,8,42,0,50,0,0,0,50
11/11/2019,ENW,WI,AGL,CE,Federal Contract Tower,0,6,0,0,6,0,0,0,0,0,0,6,0,0,6,0,0,0,6
11/12/2019,ENW,WI,AGL,CE,Federal Contract Tower,0,18,0,0,18,0,3,33,0,36,0,21,33,0,54,34,0,34,88
11/13/2019,ENW,WI,AGL,CE,Federal Contract Tower,0,11,8,0,19,0,0,15,0,15,0,11,23,0,34,46,0,46,80
11/14/2019,ENW,WI,AGL,CE,Federal Contract Tower,0,16,14,0,30,0,0,61,0,61,0,16,75,0,91,128,0,128,219
11/15/2019,ENW,WI,AGL,CE,Federal Contract Tower,0,11,5,0,16,0,0,109,0,109,0,11,114,0,125,256,0,256,381
11/16/2019,ENW,WI,AGL,CE,Federal Contract Tower,0,7,11,0,18,0,1,81,0,82,0,8,92,0,100,150,0,150,250
11/17/2019,ENW,WI,AGL,CE,Federal Contract Tower,0,5,5,0,10,0,1,48,0,49,0,6,53,0,59,32,0,32,91
11/18/2019,ENW,WI,AGL,CE,Federal Contract Tower,0,11,4,0,15,0,0,0,0,0,0,11,4,0,15,0,0,0,15
11/19/2019,ENW,WI,AGL,CE,Federal Contract Tower,0,12,2,0,14,0,0,31,0,31,0,12,33,0,45,48,0,48,93
11/21/2019,ENW,WI,AGL,CE,Federal Contract Tower,0,12,0,0,12,0,0,0,0,0,0,12,0,0,12,0,0,0,12
11/22/2019,ENW,WI,AGL,CE,Federal Contract Tower,0,17,11,0,28,0,0,96,0,96,0,17,107,0,124,208,0,208,332
11/23/2019,ENW,WI,AGL,CE,Federal Contract Tower,0,7,11,0,18,0,0,110,0,110,0,7,121,0,128,156,0,156,284
11/24/2019,ENW,WI,AGL,CE,Federal Contract Tower,0,7,3,0,10,0,0,77,0,77,0,7,80,0,87,132,0,132,219
11/25/2019,ENW,WI,AGL,CE,Federal Contract Tower,0,18,14,0,32,0,0,133,0,133,0,18,147,0,165,134,0,134,299
11/26/2019,ENW,WI,AGL,CE,Federal Contract Tower,0,19,4,0,23,0,0,66,0,66,0,19,70,0,89,134,0,134,223
11/27/2019,ENW,WI,AGL,CE,Federal Contract Tower,0,8,1,0,9,0,0,0,0,0,0,8,1,0,9,0,0,0,9
11/28/2019,ENW,WI,AGL,CE,Federal Contract Tower,0,1,2,0,3,0,0,8,0,8,0,1,10,0,11,10,0,10,21
11/29/2019,ENW,WI,AGL,CE,Federal Contract Tower,0,10,6,0,16,0,0,13,0,13,0,10,19,0,29,28,0,28,57
11/30/2019,ENW,WI,AGL,CE,Federal Contract Tower,0,10,3,0,13,0,0,1,0,1,0,10,4,0,14,32,0,32,46
12/01/2019,ENW,WI,AGL,CE,Federal Contract Tower,0,15,1,0,16,0,0,0,0,0,0,15,1,0,16,0,0,0,16
12/02/2019,ENW,WI,AGL,CE,Federal Contract Tower,0,15,6,0,21,0,0,49,0,49,0,15,55,0,70,82,0,82,152
12/03/2019,ENW,WI,AGL,CE,Federal Contract Tower,0,10,5,0,15,0,0,68,1,69,0,10,73,1,84,94,0,94,178
12/04/2019,ENW,WI,AGL,CE,Federal Contract Tower,0,7,8,0,15,0,0,62,0,62,0,7,70,0,77,42,0,42,119
12/05/2019,ENW,WI,AGL,CE,Federal Contract Tower,0,10,15,0,25,0,0,66,0,66,0,10,81,0,91,182,0,182,273
12/06/2019,ENW,WI,AGL,CE,Federal Contract Tower,0,15,11,0,26,0,0,116,0,116,0,15,127,0,142,204,0,204,346
12/07/2019,ENW,WI,AGL,CE,Federal Contract Tower,0,6,5,0,11,0,0,125,0,125,0,6,130,0,136,142,0,142,278
12/08/2019,ENW,WI,AGL,CE,Federal Contract Tower,0,5,3,0,8,0,0,33,0,33,0,5,36,0,41,2,0,2,43
12/09/2019,ENW,WI,AGL,CE,Federal Contract Tower,0,6,6,0,12,0,0,1,0,1,0,6,7,0,13,0,0,0,13
12/10/2019,ENW,WI,AGL,CE,Federal Contract Tower,0,10,15,0,25,0,0,58,0,58,0,10,73,0,83,84,0,84,167
12/11/2019,ENW,WI,AGL,CE,Federal Contract Tower,0,8,6,0,14,0,0,54,0,54,0,8,60,0,68,92,0,92,160
12/12/2019,ENW,WI,AGL,CE,Federal Contract Tower,0,19,1,0,20,0,0,13,0,13,0,19,14,0,33,24,0,24,57
12/13/2019,ENW,WI,AGL,CE,Federal Contract Tower,0,10,6,0,16,0,0,135,0,135,0,10,141,0,151,218,0,218,369
12/14/2019,ENW,WI,AGL,CE,Federal Contract Tower,0,3,8,0,11,0,0,4,0,4,0,3,12,0,15,70,0,70,85
12/15/2019,ENW,WI,AGL,CE,Federal Contract Tower,0,17,9,0,26,0,0,100,0,100,0,17,109,0,126,62,0,62,188
12/16/2019,ENW,WI,AGL,CE,Federal Contract Tower,0,6,12,0,18,0,0,48,0,48,0,6,60,0,66,98,0,98,164
12/17/2019,ENW,WI,AGL,CE,Federal Contract Tower,0,5,8,0,13,0,0,73,0,73,0,5,81,0,86,154,0,154,240
12/18/2019,ENW,WI,AGL,CE,Federal Contract Tower,0,11,12,0,23,0,0,49,0,49,0,11,61,0,72,94,0,94,166
12/19/2019,ENW,WI,AGL,CE,Federal Contract Tower,0,14,10,0,24,0,1,83,0,84,0,15,93,0,108,82,0,82,190
12/20/2019,ENW,WI,AGL,CE,Federal Contract Tower,0,15,12,0,27,0,0,123,0,123,0,15,135,0,150,190,0,190,340
12/21/2019,ENW,WI,AGL,CE,Federal Contract Tower,0,12,11,0,23,0,0,156,0,156,0,12,167,0,179,140,0,140,319
12/22/2019,ENW,WI,AGL,CE,Federal Contract Tower,0,8,9,0,17,0,0,138,0,138,0,8,147,0,155,78,0,78,233
12/23/2019,ENW,WI,AGL,CE,Federal Contract Tower,0,12,7,0,19,0,0,128,0,128,0,12,135,0,147,222,2,224,371
12/24/2019,ENW,WI,AGL,CE,Federal Contract Tower,0,7,4,0,11,0,0,42,0,42,0,7,46,0,53,62,0,62,115
12/25/2019,ENW,WI,AGL,CE,Federal Contract Tower,0,4,0,0,4,0,0,41,0,41,0,4,41,0,45,36,0,36,81
12/26/2019,ENW,WI,AGL,CE,Federal Contract Tower,0,11,5,0,16,0,0,65,0,65,0,11,70,0,81,92,0,92,173
12/27/2019,ENW,WI,AGL,CE,Federal Contract Tower,0,17,10,2,29,0,0,70,0,70,0,17,80,2,99,70,0,70,169
12/28/2019,ENW,WI,AGL,CE,Federal Contract Tower,0,5,7,0,12,0,0,2,0,2,0,5,9,0,14,32,0,32,46
12/29/2019,ENW,WI,AGL,CE,Federal Contract Tower,0,9,2,0,11,0,0,16,0,16,0,9,18,0,27,50,0,50,77
12/30/2019,ENW,WI,AGL,CE,Federal Contract Tower,0,7,0,0,7,0,0,7,0,7,0,7,7,0,14,0,0,0,14
12/31/2019,ENW,WI,AGL,CE,Federal Contract Tower,0,13,0,0,13,0,0,9,0,9,0,13,9,0,22,8,0,8,30
01/01/2020,ENW,WI,AGL,CE,Federal Contract Tower,0,5,4,0,9,0,0,79,0,79,0,5,83,0,88,46,0,46,134
01/02/2020,ENW,WI,AGL,CE,Federal Contract Tower,0,9,9,0,18,0,0,56,0,56,0,9,65,0,74,78,0,78,152
01/03/2020,ENW,WI,AGL,CE,Federal Contract Tower,0,10,4,0,14,0,0,50,0,50,0,10,54,0,64,98,0,98,162
01/04/2020,ENW,WI,AGL,CE,Federal Contract Tower,0,8,3,0,11,0,0,89,0,89,0,8,92,0,100,176,0,176,276
01/05/2020,ENW,WI,AGL,CE,Federal Contract Tower,0,19,3,0,22,0,0,33,0,33,0,19,36,0,55,38,0,38,93
01/06/2020,ENW,WI,AGL,CE,Federal Contract Tower,0,12,10,0,22,0,0,90,0,90,0,12,100,0,112,152,0,152,264
01/07/2020,ENW,WI,AGL,CE,Federal Contract Tower,0,6,5,0,11,0,0,48,0,48,0,6,53,0,59,60,0,60,119
01/08/2020,ENW,WI,AGL,CE,Federal Contract Tower,0,8,5,0,13,0,0,72,0,72,0,8,77,0,85,112,0,112,197
01/09/2020,ENW,WI,AGL,CE,Federal Contract Tower,0,6,0,0,6,0,0,14,0,14,0,6,14,0,20,20,0,20,40
01/10/2020,ENW,WI,AGL,CE,Federal Contract Tower,0,14,1,0,15,0,0,51,0,51,0,14,52,0,66,168,0,168,234
01/11/2020,ENW,WI,AGL,CE,Federal Contract Tower,0,0,0,0,0,0,0,0,0,0,0,0,0,0,0,0,0,0,0
01/12/2020,ENW,WI,AGL,CE,Federal Contract Tower,0,7,3,0,10,0,0,15,0,15,0,7,18,0,25,0,0,0,25
01/13/2020,ENW,WI,AGL,CE,Federal Contract Tower,0,7,1,0,8,0,0,36,0,36,0,7,37,0,44,32,0,32,76
01/14/2020,ENW,WI,AGL,CE,Federal Contract Tower,0,14,2,0,16,0,0,4,0,4,0,14,6,0,20,30,0,30,50
01/15/2020,ENW,WI,AGL,CE,Federal Contract Tower,0,6,2,0,8,0,0,0,0,0,0,6,2,0,8,0,0,0,8
01/16/2020,ENW,WI,AGL,CE,Federal Contract Tower,0,8,10,0,18,0,0,74,0,74,0,8,84,0,92,138,0,138,230
01/17/2020,ENW,WI,AGL,CE,Federal Contract Tower,0,7,8,0,15,0,0,44,6,50,0,7,52,6,65,104,0,104,169
01/18/2020,ENW,WI,AGL,CE,Federal Contract Tower,0,2,0,0,2,0,0,0,0,0,0,2,0,0,2,0,0,0,2
01/19/2020,ENW,WI,AGL,CE,Federal Contract Tower,0,7,4,0,11,0,0,4,0,4,0,7,8,0,15,0,0,0,15
01/20/2020,ENW,WI,AGL,CE,Federal Contract Tower,0,24,5,0,29,0,0,110,0,110,0,24,115,0,139,136,0,136,275
01/21/2020,ENW,WI,AGL,CE,Federal Contract Tower,0,13,28,0,41,0,0,102,0,102,0,13,130,0,143,58,0,58,201
01/22/2020,ENW,WI,AGL,CE,Federal Contract Tower,0,20,12,0,32,0,0,84,0,84,0,20,96,0,116,170,0,170,286
01/23/2020,ENW,WI,AGL,CE,Federal Contract Tower,0,7,0,0,7,0,0,0,0,0,0,7,0,0,7,0,0,0,7
01/24/2020,ENW,WI,AGL,CE,Federal Contract Tower,0,5,1,0,6,0,0,0,0,0,0,5,1,0,6,0,0,0,6
01/25/2020,ENW,WI,AGL,CE,Federal Contract Tower,0,3,0,0,3,0,0,2,0,2,0,3,2,0,5,0,0,0,5
01/26/2020,ENW,WI,AGL,CE,Federal Contract Tower,0,6,1,0,7,0,0,3,0,3,0,6,4,0,10,0,0,0,10
01/27/2020,ENW,WI,AGL,CE,Federal Contract Tower,0,8,3,0,11,0,0,21,0,21,0,8,24,0,32,44,0,44,76
01/28/2020,ENW,WI,AGL,CE,Federal Contract Tower,0,3,1,0,4,0,0,37,0,37,0,3,38,0,41,198,0,198,239
01/29/2020,ENW,WI,AGL,CE,Federal Contract Tower,0,10,7,0,17,0,0,51,2,53,0,10,58,2,70,178,4,182,252
01/30/2020,ENW,WI,AGL,CE,Federal Contract Tower,0,9,12,0,21,0,0,70,0,70,0,9,82,0,91,150,0,150,241
01/31/2020,ENW,WI,AGL,CE,Federal Contract Tower,0,5,1,0,6,0,0,5,0,5,0,5,6,0,11,0,0,0,11
02/01/2020,ENW,WI,AGL,CE,Federal Contract Tower,0,8,4,0,12,0,0,5,0,5,0,8,9,0,17,0,0,0,17
02/02/2020,ENW,WI,AGL,CE,Federal Contract Tower,0,3,13,0,16,0,0,73,0,73,0,3,86,0,89,50,0,50,139
02/03/2020,ENW,WI,AGL,CE,Federal Contract Tower,0,6,5,0,11,0,0,92,0,92,0,6,97,0,103,130,0,130,233
02/04/2020,ENW,WI,AGL,CE,Federal Contract Tower,0,6,11,0,17,0,0,24,0,24,0,6,35,0,41,12,0,12,53
02/05/2020,ENW,WI,AGL,CE,Federal Contract Tower,0,13,15,0,28,0,0,65,0,65,0,13,80,0,93,128,0,128,221
02/06/2020,ENW,WI,AGL,CE,Federal Contract Tower,0,6,0,0,6,0,2,3,0,5,0,8,3,0,11,10,0,10,21
02/07/2020,ENW,WI,AGL,CE,Federal Contract Tower,0,5,4,0,9,0,0,76,0,76,0,5,80,0,85,158,0,158,243
02/08/2020,ENW,WI,AGL,CE,Federal Contract Tower,0,8,12,0,20,0,0,89,0,89,0,8,101,0,109,144,0,144,253
02/09/2020,ENW,WI,AGL,CE,Federal Contract Tower,0,2,0,0,2,0,0,0,0,0,0,2,0,0,2,0,0,0,2
02/10/2020,ENW,WI,AGL,CE,Federal Contract Tower,0,9,6,0,15,0,0,48,0,48,0,9,54,0,63,72,0,72,135
02/11/2020,ENW,WI,AGL,CE,Federal Contract Tower,0,11,11,0,22,0,2,85,0,87,0,13,96,0,109,122,0,122,231
02/12/2020,ENW,WI,AGL,CE,Federal Contract Tower,0,16,5,0,21,0,0,63,0,63,0,16,68,0,84,112,0,112,196
02/13/2020,ENW,WI,AGL,CE,Federal Contract Tower,0,8,2,0,10,0,0,0,0,0,0,8,2,0,10,0,0,0,10
02/14/2020,ENW,WI,AGL,CE,Federal Contract Tower,0,10,4,0,14,0,0,57,0,57,0,10,61,0,71,12,0,12,83
02/15/2020,ENW,WI,AGL,CE,Federal Contract Tower,0,2,4,0,6,0,0,48,0,48,0,2,52,0,54,118,0,118,172
02/16/2020,ENW,WI,AGL,CE,Federal Contract Tower,0,5,9,0,14,0,0,118,0,118,0,5,127,0,132,192,0,192,324
02/17/2020,ENW,WI,AGL,CE,Federal Contract Tower,0,8,1,0,9,0,0,42,0,42,0,8,43,0,51,58,0,58,109
02/18/2020,ENW,WI,AGL,CE,Federal Contract Tower,0,9,4,0,13,0,0,35,0,35,0,9,39,0,48,88,0,88,136
02/19/2020,ENW,WI,AGL,CE,Federal Contract Tower,0,7,8,0,15,0,0,77,0,77,0,7,85,0,92,148,0,148,240
02/20/2020,ENW,WI,AGL,CE,Federal Contract Tower,0,9,7,0,16,0,5,56,0,61,0,14,63,0,77,94,0,94,171
02/21/2020,ENW,WI,AGL,CE,Federal Contract Tower,0,10,6,0,16,0,0,66,0,66,0,10,72,0,82,70,0,70,152
02/22/2020,ENW,WI,AGL,CE,Federal Contract Tower,0,1,24,0,25,0,0,106,0,106,0,1,130,0,131,124,0,124,255
02/23/2020,ENW,WI,AGL,CE,Federal Contract Tower,0,5,7,0,12,0,0,98,0,98,0,5,105,0,110,106,0,106,216
02/24/2020,ENW,WI,AGL,CE,Federal Contract Tower,0,8,4,0,12,0,6,81,0,87,0,14,85,0,99,152,0,152,251
02/25/2020,ENW,WI,AGL,CE,Federal Contract Tower,0,8,4,0,12,0,0,14,0,14,0,8,18,0,26,36,0,36,62
02/26/2020,ENW,WI,AGL,CE,Federal Contract Tower,0,4,4,0,8,0,0,1,0,1,0,4,5,0,9,18,4,22,31
02/27/2020,ENW,WI,AGL,CE,Federal Contract Tower,0,6,3,0,9,0,0,41,0,41,0,6,44,0,50,52,0,52,102
02/28/2020,ENW,WI,AGL,CE,Federal Contract Tower,0,6,8,0,14,0,0,68,0,68,0,6,76,0,82,60,0,60,142
02/29/2020,ENW,WI,AGL,CE,Federal Contract Tower,0,4,11,0,15,0,0,123,0,123,0,4,134,0,138,184,0,184,322
03/01/2020,ENW,WI,AGL,CE,Federal Contract Tower,0,8,5,0,13,0,4,32,0,36,0,12,37,0,49,18,0,18,67
03/02/2020,ENW,WI,AGL,CE,Federal Contract Tower,0,3,10,0,13,0,0,60,0,60,0,3,70,0,73,122,0,122,195
03/03/2020,ENW,WI,AGL,CE,Federal Contract Tower,0,10,19,0,29,0,0,21,0,21,0,10,40,0,50,22,0,22,72
03/04/2020,ENW,WI,AGL,CE,Federal Contract Tower,0,11,12,0,23,0,4,90,0,94,0,15,102,0,117,204,0,204,321
03/05/2020,ENW,WI,AGL,CE,Federal Contract Tower,0,3,2,0,5,0,0,18,0,18,0,3,20,0,23,46,0,46,69
03/06/2020,ENW,WI,AGL,CE,Federal Contract Tower,0,10,9,0,19,0,0,43,0,43,0,10,52,0,62,66,0,66,128
03/07/2020,ENW,WI,AGL,CE,Federal Contract Tower,0,7,1,0,8,0,0,104,0,104,0,7,105,0,112,82,0,82,194
03/08/2020,ENW,WI,AGL,CE,Federal Contract Tower,0,4,0,0,4,0,0,5,0,5,0,4,5,0,9,12,0,12,21
03/09/2020,ENW,WI,AGL,CE,Federal Contract Tower,0,9,5,0,14,0,0,8,0,8,0,9,13,0,22,18,0,18,40
03/10/2020,ENW,WI,AGL,CE,Federal Contract Tower,0,4,14,0,18,0,0,62,0,62,0,4,76,0,80,114,0,114,194
03/11/2020,ENW,WI,AGL,CE,Federal Contract Tower,0,7,3,0,10,0,0,20,0,20,0,7,23,0,30,82,0,82,112
03/12/2020,ENW,WI,AGL,CE,Federal Contract Tower,0,8,2,0,10,0,0,41,0,41,0,8,43,0,51,124,0,124,175
03/13/2020,ENW,WI,AGL,CE,Federal Contract Tower,0,11,6,0,17,0,0,37,0,37,0,11,43,0,54,30,0,30,84
03/14/2020,ENW,WI,AGL,CE,Federal Contract Tower,0,5,10,0,15,0,0,76,0,76,0,5,86,0,91,140,0,140,231
03/15/2020,ENW,WI,AGL,CE,Federal Contract Tower,0,7,7,0,14,0,0,108,0,108,0,7,115,0,122,140,0,140,262
03/16/2020,ENW,WI,AGL,CE,Federal Contract Tower,0,8,3,0,11,0,1,48,0,49,0,9,51,0,60,58,0,58,118
03/17/2020,ENW,WI,AGL,CE,Federal Contract Tower,0,15,7,0,22,0,0,106,0,106,0,15,113,0,128,66,0,66,194
03/18/2020,ENW,WI,AGL,CE,Federal Contract Tower,0,8,7,0,15,0,0,12,0,12,0,8,19,0,27,46,0,46,73
03/19/2020,ENW,WI,AGL,CE,Federal Contract Tower,0,5,0,0,5,0,0,0,0,0,0,5,0,0,5,0,0,0,5
03/20/2020,ENW,WI,AGL,CE,Federal Contract Tower,0,14,0,0,14,0,0,26,0,26,0,14,26,0,40,64,0,64,104
03/21/2020,ENW,WI,AGL,CE,Federal Contract Tower,0,11,7,0,18,0,2,72,0,74,0,13,79,0,92,138,0,138,230
03/22/2020,ENW,WI,AGL,CE,Federal Contract Tower,0,6,5,0,11,0,0,66,0,66,0,6,71,0,77,58,0,58,135
03/23/2020,ENW,WI,AGL,CE,Federal Contract Tower,0,3,0,0,3,0,0,2,0,2,0,3,2,0,5,18,0,18,23
03/24/2020,ENW,WI,AGL,CE,Federal Contract Tower,0,8,1,0,9,0,32,30,0,62,0,40,31,0,71,70,0,70,141
03/25/2020,ENW,WI,AGL,CE,Federal Contract Tower,0,7,14,0,21,0,0,36,0,36,0,7,50,0,57,54,0,54,111
03/26/2020,ENW,WI,AGL,CE,Federal Contract Tower,0,12,9,0,21,0,0,8,0,8,0,12,17,0,29,72,0,72,101
03/27/2020,ENW,WI,AGL,CE,Federal Contract Tower,0,7,2,0,9,0,0,0,0,0,0,7,2,0,9,0,0,0,9
03/28/2020,ENW,WI,AGL,CE,Federal Contract Tower,0,6,0,0,6,0,0,0,0,0,0,6,0,0,6,0,0,0,6
03/29/2020,ENW,WI,AGL,CE,Federal Contract Tower,0,5,1,0,6,0,0,0,0,0,0,5,1,0,6,0,0,0,6
03/30/2020,ENW,WI,AGL,CE,Federal Contract Tower,0,3,9,0,12,0,0,40,0,40,0,3,49,0,52,34,0,34,86
03/31/2020,ENW,WI,AGL,CE,Federal Contract Tower,0,0,3,0,3,0,0,9,0,9,0,0,12,0,12,2,0,2,14
04/01/2020,ENW,WI,AGL,CE,Federal Contract Tower,0,2,1,0,3,0,0,25,0,25,0,2,26,0,28,36,0,36,64
04/02/2020,ENW,WI,AGL,CE,Federal Contract Tower,0,4,2,0,6,0,0,97,0,97,0,4,99,0,103,114,0,114,217
04/03/2020,ENW,WI,AGL,CE,Federal Contract Tower,0,1,0,0,1,0,0,69,0,69,0,1,69,0,70,78,0,78,148
04/04/2020,ENW,WI,AGL,CE,Federal Contract Tower,0,1,0,0,1,0,0,57,0,57,0,1,57,0,58,80,0,80,138
04/05/2020,ENW,WI,AGL,CE,Federal Contract Tower,0,2,4,0,6,0,0,83,0,83,0,2,87,0,89,112,0,112,201
04/06/2020,ENW,WI,AGL,CE,Federal Contract Tower,0,1,1,0,2,0,0,34,0,34,0,1,35,0,36,12,0,12,48
04/07/2020,ENW,WI,AGL,CE,Federal Contract Tower,0,1,0,0,1,0,1,13,0,14,0,2,13,0,15,0,0,0,15
04/08/2020,ENW,WI,AGL,CE,Federal Contract Tower,0,0,2,0,2,0,0,16,0,16,0,0,18,0,18,30,0,30,48
04/09/2020,ENW,WI,AGL,CE,Federal Contract Tower,0,4,0,0,4,0,1,4,0,5,0,5,4,0,9,0,0,0,9
04/10/2020,ENW,WI,AGL,CE,Federal Contract Tower,0,2,1,0,3,0,0,71,0,71,0,2,72,0,74,68,0,68,142
04/11/2020,ENW,WI,AGL,CE,Federal Contract Tower,0,1,3,0,4,0,0,69,0,69,0,1,72,0,73,110,0,110,183
04/12/2020,ENW,WI,AGL,CE,Federal Contract Tower,0,0,0,0,0,0,0,20,0,20,0,0,20,0,20,32,0,32,52
04/13/2020,ENW,WI,AGL,CE,Federal Contract Tower,0,6,0,0,6,0,0,3,0,3,0,6,3,0,9,0,0,0,9
04/14/2020,ENW,WI,AGL,CE,Federal Contract Tower,0,6,2,0,8,0,0,17,0,17,0,6,19,0,25,26,0,26,51
04/15/2020,ENW,WI,AGL,CE,Federal Contract Tower,0,6,2,0,8,0,6,26,0,32,0,12,28,0,40,34,0,34,74
04/16/2020,ENW,WI,AGL,CE,Federal Contract Tower,0,3,2,0,5,0,0,42,0,42,0,3,44,0,47,34,0,34,81
04/17/2020,ENW,WI,AGL,CE,Federal Contract Tower,0,2,2,0,4,0,0,15,0,15,0,2,17,0,19,28,0,28,47
04/18/2020,ENW,WI,AGL,CE,Federal Contract Tower,0,1,2,0,3,0,1,31,0,32,0,2,33,0,35,0,0,0,35
04/19/2020,ENW,WI,AGL,CE,Federal Contract Tower,0,4,2,0,6,0,0,70,0,70,0,4,72,0,76,40,0,40,116
04/20/2020,ENW,WI,AGL,CE,Federal Contract Tower,0,1,0,0,1,0,0,55,0,55,0,1,55,0,56,42,0,42,98
04/21/2020,ENW,WI,AGL,CE,Federal Contract Tower,0,1,0,0,1,0,0,37,0,37,0,1,37,0,38,0,0,0,38
04/22/2020,ENW,WI,AGL,CE,Federal Contract Tower,0,5,0,0,5,0,0,16,0,16,0,5,16,0,21,40,0,40,61
04/23/2020,ENW,WI,AGL,CE,Federal Contract Tower,0,2,21,0,23,0,0,2,0,2,0,2,23,0,25,10,0,10,35
04/24/2020,ENW,WI,AGL,CE,Federal Contract Tower,0,3,5,0,8,0,0,22,0,22,0,3,27,0,30,18,0,18,48
04/25/2020,ENW,WI,AGL,CE,Federal Contract Tower,0,0,0,0,0,0,0,28,0,28,0,0,28,0,28,36,0,36,64
04/26/2020,ENW,WI,AGL,CE,Federal Contract Tower,0,3,6,0,9,0,0,117,0,117,0,3,123,0,126,134,0,134,260
04/27/2020,ENW,WI,AGL,CE,Federal Contract Tower,0,1,2,0,3,0,0,43,0,43,0,1,45,0,46,16,0,16,62
04/28/2020,ENW,WI,AGL,CE,Federal Contract Tower,0,5,0,0,5,0,0,11,0,11,0,5,11,0,16,2,0,2,18
04/29/2020,ENW,WI,AGL,CE,Federal Contract Tower,0,2,1,0,3,0,0,1,0,1,0,2,2,0,4,0,0,0,4
04/30/2020,ENW,WI,AGL,CE,Federal Contract Tower,0,3,3,0,6,0,0,27,0,27,0,3,30,0,33,36,0,36,69
05/01/2020,ENW,WI,AGL,CE,Federal Contract Tower,0,2,9,0,11,0,0,127,0,127,0,2,136,0,138,122,0,122,260
05/02/2020,ENW,WI,AGL,CE,Federal Contract Tower,0,12,10,0,22,0,0,92,0,92,0,12,102,0,114,60,0,60,174
05/03/2020,ENW,WI,AGL,CE,Federal Contract Tower,0,0,1,0,1,0,0,80,0,80,0,0,81,0,81,84,0,84,165
05/04/2020,ENW,WI,AGL,CE,Federal Contract Tower,0,5,4,0,9,0,0,58,0,58,0,5,62,0,67,100,0,100,167
05/05/2020,ENW,WI,AGL,CE,Federal Contract Tower,0,6,2,0,8,0,4,50,0,54,0,10,52,0,62,54,0,54,116
05/06/2020,ENW,WI,AGL,CE,Federal Contract Tower,0,9,5,0,14,0,0,92,0,92,0,9,97,0,106,100,0,100,206
05/07/2020,ENW,WI,AGL,CE,Federal Contract Tower,0,6,4,0,10,0,1,87,0,88,0,7,91,0,98,170,0,170,268
05/08/2020,ENW,WI,AGL,CE,Federal Contract Tower,0,9,9,0,18,0,0,43,0,43,0,9,52,0,61,8,0,8,69
05/09/2020,ENW,WI,AGL,CE,Federal Contract Tower,0,8,8,0,16,0,0,80,0,80,0,8,88,0,96,82,0,82,178
05/10/2020,ENW,WI,AGL,CE,Federal Contract Tower,0,3,0,0,3,0,2,0,0,2,0,5,0,0,5,20,0,20,25
05/11/2020,ENW,WI,AGL,CE,Federal Contract Tower,0,3,3,0,6,0,0,68,0,68,0,3,71,0,74,106,0,106,180
05/12/2020,ENW,WI,AGL,CE,Federal Contract Tower,0,3,8,0,11,0,0,124,0,124,0,3,132,0,135,178,0,178,313
05/13/2020,ENW,WI,AGL,CE,Federal Contract Tower,0,3,1,0,4,0,0,48,0,48,0,3,49,0,52,70,0,70,122
05/14/2020,ENW,WI,AGL,CE,Federal Contract Tower,0,3,5,0,8,0,0,0,0,0,0,3,5,0,8,0,0,0,8
05/15/2020,ENW,WI,AGL,CE,Federal Contract Tower,0,10,8,0,18,0,0,116,0,116,0,10,124,0,134,140,0,140,274
05/16/2020,ENW,WI,AGL,CE,Federal Contract Tower,0,12,4,0,16,0,0,140,0,140,0,12,144,0,156,132,0,132,288
05/17/2020,ENW,WI,AGL,CE,Federal Contract Tower,0,0,1,0,1,0,0,0,0,0,0,0,1,0,1,0,0,0,1
05/18/2020,ENW,WI,AGL,CE,Federal Contract Tower,0,0,7,0,7,0,0,0,0,0,0,0,7,0,7,0,0,0,7
05/19/2020,ENW,WI,AGL,CE,Federal Contract Tower,0,5,6,0,11,0,0,0,0,0,0,5,6,0,11,0,0,0,11
05/20/2020,ENW,WI,AGL,CE,Federal Contract Tower,0,12,15,0,27,0,0,122,0,122,0,12,137,0,149,220,0,220,369
05/21/2020,ENW,WI,AGL,CE,Federal Contract Tower,0,12,7,0,19,0,0,105,0,105,0,12,112,0,124,200,0,200,324
05/22/2020,ENW,WI,AGL,CE,Federal Contract Tower,0,9,16,0,25,0,0,95,0,95,0,9,111,0,120,118,0,118,238
05/23/2020,ENW,WI,AGL,CE,Federal Contract Tower,0,5,9,0,14,0,0,83,0,83,0,5,92,0,97,68,0,68,165
05/24/2020,ENW,WI,AGL,CE,Federal Contract Tower,0,4,3,0,7,0,0,100,0,100,0,4,103,0,107,18,0,18,125
05/25/2020,ENW,WI,AGL,CE,Federal Contract Tower,0,3,6,0,9,0,0,30,0,30,0,3,36,0,39,6,0,6,45
05/26/2020,ENW,WI,AGL,CE,Federal Contract Tower,0,5,2,0,7,0,0,53,0,53,0,5,55,0,60,28,0,28,88
05/27/2020,ENW,WI,AGL,CE,Federal Contract Tower,0,4,6,0,10,0,2,60,0,62,0,6,66,0,72,96,0,96,168
05/28/2020,ENW,WI,AGL,CE,Federal Contract Tower,0,4,4,0,8,0,0,11,0,11,0,4,15,0,19,20,0,20,39
05/29/2020,ENW,WI,AGL,CE,Federal Contract Tower,0,6,8,0,14,0,0,86,0,86,0,6,94,0,100,92,0,92,192
05/30/2020,ENW,WI,AGL,CE,Federal Contract Tower,0,5,8,0,13,0,0,97,0,97,0,5,105,0,110,64,0,64,174
05/31/2020,ENW,WI,AGL,CE,Federal Contract Tower,0,8,6,0,14,0,2,123,0,125,0,10,129,0,139,52,0,52,191
06/01/2020,ENW,WI,AGL,CE,Federal Contract Tower,0,4,0,0,4,0,0,40,0,40,0,4,40,0,44,60,0,60,104
06/02/2020,ENW,WI,AGL,CE,Federal Contract Tower,0,3,4,0,7,0,0,49,0,49,0,3,53,0,56,58,0,58,114
06/03/2020,ENW,WI,AGL,CE,Federal Contract Tower,0,7,14,0,21,0,0,64,0,64,0,7,78,0,85,150,0,150,235
06/04/2020,ENW,WI,AGL,CE,Federal Contract Tower,0,12,5,0,17,0,0,99,0,99,0,12,104,0,116,88,0,88,204
06/05/2020,ENW,WI,AGL,CE,Federal Contract Tower,0,7,9,0,16,0,0,111,0,111,0,7,120,0,127,162,0,162,289
06/06/2020,ENW,WI,AGL,CE,Federal Contract Tower,0,15,11,0,26,0,0,135,0,135,0,15,146,0,161,90,0,90,251
06/07/2020,ENW,WI,AGL,CE,Federal Contract Tower,0,7,2,0,9,0,0,92,0,92,0,7,94,0,101,98,0,98,199
06/08/2020,ENW,WI,AGL,CE,Federal Contract Tower,0,4,10,0,14,0,0,116,0,116,0,4,126,0,130,194,0,194,324
06/09/2020,ENW,WI,AGL,CE,Federal Contract Tower,0,4,12,0,16,0,0,49,0,49,0,4,61,0,65,8,0,8,73
06/10/2020,ENW,WI,AGL,CE,Federal Contract Tower,0,4,2,0,6,0,0,12,0,12,0,4,14,0,18,0,0,0,18
06/11/2020,ENW,WI,AGL,CE,Federal Contract Tower,0,13,12,0,25,0,0,77,0,77,0,13,89,0,102,44,0,44,146
06/12/2020,ENW,WI,AGL,CE,Federal Contract Tower,0,8,17,0,25,0,0,109,0,109,0,8,126,0,134,96,0,96,230
06/13/2020,ENW,WI,AGL,CE,Federal Contract Tower,0,1,7,0,8,0,0,98,0,98,0,1,105,0,106,86,0,86,192
06/14/2020,ENW,WI,AGL,CE,Federal Contract Tower,0,7,10,0,17,0,0,89,0,89,0,7,99,0,106,0,0,0,106
06/15/2020,ENW,WI,AGL,CE,Federal Contract Tower,0,3,6,0,9,0,0,93,0,93,0,3,99,0,102,50,0,50,152
06/16/2020,ENW,WI,AGL,CE,Federal Contract Tower,0,3,9,0,12,0,0,123,0,123,0,3,132,0,135,170,0,170,305
06/17/2020,ENW,WI,AGL,CE,Federal Contract Tower,0,10,8,2,20,0,0,97,0,97,0,10,105,2,117,166,0,166,283
06/18/2020,ENW,WI,AGL,CE,Federal Contract Tower,0,21,7,0,28,0,0,123,0,123,0,21,130,0,151,180,0,180,331
06/19/2020,ENW,WI,AGL,CE,Federal Contract Tower,0,6,9,0,15,0,0,107,0,107,0,6,116,0,122,140,0,140,262
06/20/2020,ENW,WI,AGL,CE,Federal Contract Tower,0,8,2,0,10,0,0,55,0,55,0,8,57,0,65,80,4,84,149
06/21/2020,ENW,WI,AGL,CE,Federal Contract Tower,0,8,5,0,13,0,0,113,0,113,0,8,118,0,126,58,0,58,184
06/22/2020,ENW,WI,AGL,CE,Federal Contract Tower,0,8,4,0,12,0,0,30,0,30,0,8,34,0,42,24,0,24,66
06/23/2020,ENW,WI,AGL,CE,Federal Contract Tower,0,9,14,0,23,0,0,70,0,70,0,9,84,0,93,66,0,66,159
06/24/2020,ENW,WI,AGL,CE,Federal Contract Tower,0,11,13,0,24,0,0,85,0,85,0,11,98,0,109,254,0,254,363
06/25/2020,ENW,WI,AGL,CE,Federal Contract Tower,0,18,5,0,23,0,0,113,0,113,0,18,118,0,136,252,0,252,388
06/26/2020,ENW,WI,AGL,CE,Federal Contract Tower,0,11,5,0,16,0,0,28,0,28,0,11,33,0,44,40,0,40,84
06/27/2020,ENW,WI,AGL,CE,Federal Contract Tower,0,5,1,0,6,0,0,71,0,71,0,5,72,0,77,158,0,158,235
06/28/2020,ENW,WI,AGL,CE,Federal Contract Tower,0,17,5,0,22,0,0,109,0,109,0,17,114,0,131,44,0,44,175
06/29/2020,ENW,WI,AGL,CE,Federal Contract Tower,8,9,0,0,17,0,0,36,0,36,8,9,36,0,53,42,0,42,95
06/30/2020,ENW,WI,AGL,CE,Federal Contract Tower,0,5,2,0,7,0,0,75,0,75,0,5,77,0,82,130,0,130,212
07/01/2020,ENW,WI,AGL,CE,Federal Contract Tower,0,6,9,0,15,0,0,83,0,83,0,6,92,0,98,134,0,134,232
07/02/2020,ENW,WI,AGL,CE,Federal Contract Tower,0,12,2,0,14,0,0,99,0,99,0,12,101,0,113,160,0,160,273
07/03/2020,ENW,WI,AGL,CE,Federal Contract Tower,0,3,7,0,10,0,0,105,0,105,0,3,112,0,115,86,0,86,201
07/04/2020,ENW,WI,AGL,CE,Federal Contract Tower,0,1,3,0,4,0,0,51,0,51,0,1,54,0,55,20,0,20,75
07/05/2020,ENW,WI,AGL,CE,Federal Contract Tower,0,8,9,0,17,0,0,100,0,100,0,8,109,0,117,70,0,70,187
07/06/2020,ENW,WI,AGL,CE,Federal Contract Tower,0,7,5,0,12,0,0,89,0,89,0,7,94,0,101,64,0,64,165
07/07/2020,ENW,WI,AGL,CE,Federal Contract Tower,0,7,4,0,11,0,0,79,0,79,0,7,83,0,90,66,0,66,156
07/08/2020,ENW,WI,AGL,CE,Federal Contract Tower,0,5,7,0,12,0,0,75,0,75,0,5,82,0,87,180,0,180,267
07/09/2020,ENW,WI,AGL,CE,Federal Contract Tower,0,4,3,1,8,0,0,34,0,34,0,4,37,1,42,52,0,52,94
07/10/2020,ENW,WI,AGL,CE,Federal Contract Tower,0,6,12,0,18,0,0,68,0,68,0,6,80,0,86,64,0,64,150
07/11/2020,ENW,WI,AGL,CE,Federal Contract Tower,0,2,12,0,14,0,0,90,0,90,0,2,102,0,104,124,0,124,228
07/12/2020,ENW,WI,AGL,CE,Federal Contract Tower,0,12,18,0,30,0,0,111,0,111,0,12,129,0,141,98,0,98,239
07/13/2020,ENW,WI,AGL,CE,Federal Contract Tower,0,2,6,0,8,0,0,98,0,98,0,2,104,0,106,100,0,100,206
07/14/2020,ENW,WI,AGL,CE,Federal Contract Tower,0,0,6,0,6,0,0,71,0,71,0,0,77,0,77,120,0,120,197
07/15/2020,ENW,WI,AGL,CE,Federal Contract Tower,0,1,1,0,2,0,0,34,0,34,0,1,35,0,36,80,0,80,116
07/16/2020,ENW,WI,AGL,CE,Federal Contract Tower,0,0,12,0,12,0,0,56,0,56,0,0,68,0,68,90,0,90,158
07/17/2020,ENW,WI,AGL,CE,Federal Contract Tower,0,1,8,0,9,0,0,96,0,96,0,1,104,0,105,184,0,184,289
07/18/2020,ENW,WI,AGL,CE,Federal Contract Tower,0,2,5,0,7,0,0,78,0,78,0,2,83,0,85,78,0,78,163
07/19/2020,ENW,WI,AGL,CE,Federal Contract Tower,0,2,0,0,2,0,0,36,0,36,0,2,36,0,38,26,0,26,64
07/20/2020,ENW,WI,AGL,CE,Federal Contract Tower,0,5,3,0,8,0,0,133,0,133,0,5,136,0,141,176,0,176,317
07/21/2020,ENW,WI,AGL,CE,Federal Contract Tower,0,2,5,0,7,0,0,66,0,66,0,2,71,0,73,14,0,14,87
07/22/2020,ENW,WI,AGL,CE,Federal Contract Tower,0,7,5,0,12,0,0,69,0,69,0,7,74,0,81,140,0,140,221
07/23/2020,ENW,WI,AGL,CE,Federal Contract Tower,0,3,17,0,20,0,0,95,0,95,0,3,112,0,115,176,0,176,291
07/24/2020,ENW,WI,AGL,CE,Federal Contract Tower,0,0,14,0,14,0,0,88,0,88,0,0,102,0,102,50,0,50,152
07/25/2020,ENW,WI,AGL,CE,Federal Contract Tower,0,0,6,0,6,0,0,95,0,95,0,0,101,0,101,92,0,92,193
07/26/2020,ENW,WI,AGL,CE,Federal Contract Tower,0,1,2,0,3,0,0,48,0,48,0,1,50,0,51,12,0,12,63
07/27/2020,ENW,WI,AGL,CE,Federal Contract Tower,0,0,3,0,3,0,0,54,0,54,0,0,57,0,57,64,0,64,121
07/28/2020,ENW,WI,AGL,CE,Federal Contract Tower,0,0,6,0,6,0,0,98,0,98,0,0,104,0,104,110,0,110,214
07/29/2020,ENW,WI,AGL,CE,Federal Contract Tower,0,0,3,0,3,0,0,89,0,89,0,0,92,0,92,104,10,114,206
07/30/2020,ENW,WI,AGL,CE,Federal Contract Tower,0,2,8,0,10,0,0,79,0,79,0,2,87,0,89,70,0,70,159
07/31/2020,ENW,WI,AGL,CE,Federal Contract Tower,0,0,7,0,7,0,0,84,0,84,0,0,91,0,91,84,0,84,175
08/01/2020,ENW,WI,AGL,CE,Federal Contract Tower,0,0,3,0,3,0,0,94,0,94,0,0,97,0,97,178,0,178,275
08/02/2020,ENW,WI,AGL,CE,Federal Contract Tower,0,0,2,0,2,0,0,40,0,40,0,0,42,0,42,50,0,50,92
08/03/2020,ENW,WI,AGL,CE,Federal Contract Tower,0,1,10,0,11,0,0,23,0,23,0,1,33,0,34,24,0,24,58
08/04/2020,ENW,WI,AGL,CE,Federal Contract Tower,0,2,6,0,8,0,0,106,0,106,0,2,112,0,114,168,0,168,282
08/05/2020,ENW,WI,AGL,CE,Federal Contract Tower,0,0,7,0,7,0,0,95,0,95,0,0,102,0,102,180,0,180,282
08/06/2020,ENW,WI,AGL,CE,Federal Contract Tower,0,0,6,0,6,0,0,117,0,117,0,0,123,0,123,144,0,144,267
08/07/2020,ENW,WI,AGL,CE,Federal Contract Tower,0,0,9,0,9,0,0,116,0,116,0,0,125,0,125,228,0,228,353
08/08/2020,ENW,WI,AGL,CE,Federal Contract Tower,0,0,12,0,12,0,0,83,0,83,0,0,95,0,95,66,0,66,161
08/09/2020,ENW,WI,AGL,CE,Federal Contract Tower,0,0,1,0,1,0,0,65,0,65,0,0,66,0,66,60,0,60,126
08/10/2020,ENW,WI,AGL,CE,Federal Contract Tower,0,2,5,0,7,0,0,10,0,10,0,2,15,0,17,0,0,0,17
08/11/2020,ENW,WI,AGL,CE,Federal Contract Tower,0,4,11,0,15,0,0,138,0,138,0,4,149,0,153,130,0,130,283
08/12/2020,ENW,WI,AGL,CE,Federal Contract Tower,0,1,4,0,5,0,0,111,0,111,0,1,115,0,116,162,0,162,278
08/13/2020,ENW,WI,AGL,CE,Federal Contract Tower,0,1,8,0,9,0,0,84,0,84,0,1,92,0,93,206,0,206,299
08/14/2020,ENW,WI,AGL,CE,Federal Contract Tower,0,2,6,0,8,0,0,88,0,88,0,2,94,0,96,100,0,100,196
08/15/2020,ENW,WI,AGL,CE,Federal Contract Tower,0,0,11,0,11,0,0,76,0,76,0,0,87,0,87,132,0,132,219
08/16/2020,ENW,WI,AGL,CE,Federal Contract Tower,0,0,6,0,6,0,0,107,0,107,0,0,113,0,113,68,0,68,181
08/17/2020,ENW,WI,AGL,CE,Federal Contract Tower,0,0,2,0,2,0,0,67,0,67,0,0,69,0,69,68,0,68,137
08/18/2020,ENW,WI,AGL,CE,Federal Contract Tower,0,0,2,0,2,0,0,59,0,59,0,0,61,0,61,82,0,82,143
08/19/2020,ENW,WI,AGL,CE,Federal Contract Tower,0,2,11,0,13,0,0,59,0,59,0,2,70,0,72,118,0,118,190
08/20/2020,ENW,WI,AGL,CE,Federal Contract Tower,0,1,2,0,3,0,0,56,0,56,0,1,58,0,59,66,0,66,125
08/21/2020,ENW,WI,AGL,CE,Federal Contract Tower,0,1,9,0,10,0,0,71,0,71,0,1,80,0,81,74,0,74,155
08/22/2020,ENW,WI,AGL,CE,Federal Contract Tower,0,0,4,0,4,0,0,48,0,48,0,0,52,0,52,82,0,82,134
08/23/2020,ENW,WI,AGL,CE,Federal Contract Tower,0,3,5,0,8,0,0,67,0,67,0,3,72,0,75,30,0,30,105
08/24/2020,ENW,WI,AGL,CE,Federal Contract Tower,0,0,1,0,1,0,0,59,0,59,0,0,60,0,60,62,0,62,122
08/25/2020,ENW,WI,AGL,CE,Federal Contract Tower,0,1,6,0,7,0,0,31,0,31,0,1,37,0,38,16,0,16,54
08/26/2020,ENW,WI,AGL,CE,Federal Contract Tower,0,0,3,0,3,0,0,31,0,31,0,0,34,0,34,26,0,26,60
08/27/2020,ENW,WI,AGL,CE,Federal Contract Tower,0,7,0,0,7,0,0,46,0,46,0,7,46,0,53,86,0,86,139
08/28/2020,ENW,WI,AGL,CE,Federal Contract Tower,0,1,4,0,5,0,0,29,0,29,0,1,33,0,34,60,0,60,94
08/29/2020,ENW,WI,AGL,CE,Federal Contract Tower,0,0,9,0,9,0,0,70,1,71,0,0,79,1,80,32,0,32,112
08/30/2020,ENW,WI,AGL,CE,Federal Contract Tower,0,10,8,0,18,0,0,134,0,134,0,10,142,0,152,68,0,68,220
08/31/2020,ENW,WI,AGL,CE,Federal Contract Tower,0,4,1,0,5,0,0,64,0,64,0,4,65,0,69,44,0,44,113
09/01/2020,ENW,WI,AGL,CE,Federal Contract Tower,0,2,1,2,5,0,1,16,0,17,0,3,17,2,22,0,0,0,22
09/02/2020,ENW,WI,AGL,CE,Federal Contract Tower,0,4,12,0,16,0,0,109,0,109,0,4,121,0,125,78,0,78,203
09/03/2020,ENW,WI,AGL,CE,Federal Contract Tower,0,2,7,0,9,0,0,31,0,31,0,2,38,0,40,0,0,0,40
09/04/2020,ENW,WI,AGL,CE,Federal Contract Tower,0,7,4,0,11,0,0,73,0,73,0,7,77,0,84,90,0,90,174
09/05/2020,ENW,WI,AGL,CE,Federal Contract Tower,0,2,9,0,11,0,0,93,0,93,0,2,102,0,104,96,0,96,200
09/06/2020,ENW,WI,AGL,CE,Federal Contract Tower,0,0,0,0,0,0,0,4,0,4,0,0,4,0,4,0,0,0,4
09/07/2020,ENW,WI,AGL,CE,Federal Contract Tower,0,13,5,0,18,0,0,84,0,84,0,13,89,0,102,14,0,14,116
09/08/2020,ENW,WI,AGL,CE,Federal Contract Tower,0,5,3,0,8,0,0,0,0,0,0,5,3,0,8,0,0,0,8
09/09/2020,ENW,WI,AGL,CE,Federal Contract Tower,0,13,18,0,31,0,0,0,0,0,0,13,18,0,31,12,0,12,43
09/10/2020,ENW,WI,AGL,CE,Federal Contract Tower,0,12,8,0,20,0,0,11,0,11,0,12,19,0,31,40,0,40,71
09/11/2020,ENW,WI,AGL,CE,Federal Contract Tower,0,3,8,0,11,0,1,42,0,43,0,4,50,0,54,78,0,78,132
09/12/2020,ENW,WI,AGL,CE,Federal Contract Tower,0,7,0,0,7,0,0,2,0,2,0,7,2,0,9,18,0,18,27
09/13/2020,ENW,WI,AGL,CE,Federal Contract Tower,0,6,4,0,10,0,0,125,0,125,0,6,129,0,135,98,0,98,233
09/14/2020,ENW,WI,AGL,CE,Federal Contract Tower,0,7,7,0,14,0,0,108,0,108,0,7,115,0,122,142,0,142,264
09/15/2020,ENW,WI,AGL,CE,Federal Contract Tower,0,4,7,0,11,0,0,135,0,135,0,4,142,0,146,156,0,156,302
09/16/2020,ENW,WI,AGL,CE,Federal Contract Tower,0,13,10,0,23,0,0,91,0,91,0,13,101,0,114,164,0,164,278
09/17/2020,ENW,WI,AGL,CE,Federal Contract Tower,0,5,11,0,16,0,0,89,0,89,0,5,100,0,105,44,0,44,149
09/18/2020,ENW,WI,AGL,CE,Federal Contract Tower,0,7,4,0,11,0,0,131,0,131,0,7,135,0,142,212,0,212,354
09/19/2020,ENW,WI,AGL,CE,Federal Contract Tower,0,2,5,0,7,0,0,115,0,115,0,2,120,0,122,186,0,186,308
09/20/2020,ENW,WI,AGL,CE,Federal Contract Tower,0,8,8,0,16,0,0,82,0,82,0,8,90,0,98,100,0,100,198
09/21/2020,ENW,WI,AGL,CE,Federal Contract Tower,0,6,1,0,7,0,0,83,0,83,0,6,84,0,90,78,0,78,168
09/22/2020,ENW,WI,AGL,CE,Federal Contract Tower,0,5,11,0,16,0,0,137,0,137,0,5,148,0,153,280,0,280,433
09/23/2020,ENW,WI,AGL,CE,Federal Contract Tower,0,5,5,0,10,0,0,66,0,66,0,5,71,0,76,8,0,8,84
09/24/2020,ENW,WI,AGL,CE,Federal Contract Tower,0,11,4,0,15,0,0,81,0,81,0,11,85,0,96,156,0,156,252
09/25/2020,ENW,WI,AGL,CE,Federal Contract Tower,0,6,3,1,10,0,2,100,0,102,0,8,103,1,112,144,0,144,256
09/26/2020,ENW,WI,AGL,CE,Federal Contract Tower,0,3,3,0,6,0,0,69,0,69,0,3,72,0,75,130,0,130,205
09/27/2020,ENW,WI,AGL,CE,Federal Contract Tower,0,4,8,0,12,0,0,85,0,85,0,4,93,0,97,70,0,70,167
09/28/2020,ENW,WI,AGL,CE,Federal Contract Tower,0,7,4,0,11,0,0,29,0,29,0,7,33,0,40,64,0,64,104
09/29/2020,ENW,WI,AGL,CE,Federal Contract Tower,0,12,2,0,14,0,0,109,2,111,0,12,111,2,125,160,4,164,289
09/30/2020,ENW,WI,AGL,CE,Federal Contract Tower,0,4,0,0,4,0,0,54,4,58,0,4,54,4,62,90,0,90,152
10/01/2020,ENW,WI,AGL,CE,Federal Contract Tower,0,5,3,0,8,0,0,45,0,45,0,5,48,0,53,173,0,173,226
10/02/2020,ENW,WI,AGL,CE,Federal Contract Tower,0,8,9,0,17,0,0,156,0,156,0,8,165,0,173,300,0,300,473
10/03/2020,ENW,WI,AGL,CE,Federal Contract Tower,0,1,1,0,2,0,0,70,0,70,0,1,71,0,72,138,0,138,210
10/04/2020,ENW,WI,AGL,CE,Federal Contract Tower,0,6,4,0,10,0,0,105,0,105,0,6,109,0,115,138,0,138,253
10/05/2020,ENW,WI,AGL,CE,Federal Contract Tower,0,6,2,0,8,0,0,80,0,80,0,6,82,0,88,144,0,144,232
10/06/2020,ENW,WI,AGL,CE,Federal Contract Tower,0,7,2,0,9,0,0,86,0,86,0,7,88,0,95,190,0,190,285
10/07/2020,ENW,WI,AGL,CE,Federal Contract Tower,0,6,11,0,17,0,0,62,0,62,0,6,73,0,79,60,0,60,139
10/08/2020,ENW,WI,AGL,CE,Federal Contract Tower,0,4,6,0,10,0,0,82,0,82,0,4,88,0,92,148,0,148,240
10/09/2020,ENW,WI,AGL,CE,Federal Contract Tower,0,7,2,0,9,0,0,46,0,46,0,7,48,0,55,32,0,32,87
10/10/2020,ENW,WI,AGL,CE,Federal Contract Tower,0,9,8,0,17,0,0,97,0,97,0,9,105,0,114,78,0,78,192
10/12/2020,ENW,WI,AGL,CE,Federal Contract Tower,0,5,4,0,9,0,0,3,0,3,0,5,7,0,12,0,0,0,12
10/13/2020,ENW,WI,AGL,CE,Federal Contract Tower,0,2,4,0,6,0,2,66,0,68,0,4,70,0,74,122,0,122,196
10/14/2020,ENW,WI,AGL,CE,Federal Contract Tower,0,7,2,0,9,0,0,36,0,36,0,7,38,0,45,46,0,46,91
10/15/2020,ENW,WI,AGL,CE,Federal Contract Tower,0,2,3,0,5,0,0,44,0,44,0,2,47,0,49,126,0,126,175
10/16/2020,ENW,WI,AGL,CE,Federal Contract Tower,0,9,17,0,26,0,0,104,0,104,0,9,121,0,130,160,0,160,290
10/17/2020,ENW,WI,AGL,CE,Federal Contract Tower,0,13,4,0,17,0,0,37,0,37,0,13,41,0,54,34,0,34,88
10/18/2020,ENW,WI,AGL,CE,Federal Contract Tower,0,7,3,0,10,0,0,24,0,24,0,7,27,0,34,64,0,64,98
10/19/2020,ENW,WI,AGL,CE,Federal Contract Tower,0,13,3,0,16,0,0,55,0,55,0,13,58,0,71,80,0,80,151
10/20/2020,ENW,WI,AGL,CE,Federal Contract Tower,0,12,4,0,16,0,0,92,0,92,0,12,96,0,108,184,0,184,292
10/21/2020,ENW,WI,AGL,CE,Federal Contract Tower,0,6,4,0,10,0,1,86,0,87,0,7,90,0,97,172,0,172,269
10/22/2020,ENW,WI,AGL,CE,Federal Contract Tower,0,0,5,0,5,0,0,0,0,0,0,0,5,0,5,0,0,0,5
10/23/2020,ENW,WI,AGL,CE,Federal Contract Tower,0,4,6,0,10,0,0,2,0,2,0,4,8,0,12,14,0,14,26
10/24/2020,ENW,WI,AGL,CE,Federal Contract Tower,0,4,7,0,11,0,0,90,0,90,0,4,97,0,101,130,0,130,231
10/25/2020,ENW,WI,AGL,CE,Federal Contract Tower,0,5,4,0,9,0,4,74,0,78,0,9,78,0,87,22,0,22,109
10/26/2020,ENW,WI,AGL,CE,Federal Contract Tower,0,9,1,0,10,0,1,24,0,25,0,10,25,0,35,32,0,32,67
10/27/2020,ENW,WI,AGL,CE,Federal Contract Tower,0,12,2,0,14,0,0,105,0,105,0,12,107,0,119,160,0,160,279
10/28/2020,ENW,WI,AGL,CE,Federal Contract Tower,0,15,5,0,20,0,1,82,0,83,0,16,87,0,103,144,0,144,247
10/29/2020,ENW,WI,AGL,CE,Federal Contract Tower,0,15,4,0,19,0,0,10,0,10,0,15,14,0,29,22,0,22,51
10/30/2020,ENW,WI,AGL,CE,Federal Contract Tower,0,8,9,0,17,0,0,118,0,118,0,8,127,0,135,220,0,220,355
10/31/2020,ENW,WI,AGL,CE,Federal Contract Tower,0,4,2,0,6,0,0,56,0,56,0,4,58,0,62,84,0,84,146
11/01/2020,ENW,WI,AGL,CE,Federal Contract Tower,0,7,0,0,7,0,0,0,0,0,0,7,0,0,7,0,0,0,7
11/02/2020,ENW,WI,AGL,CE,Federal Contract Tower,0,6,0,0,6,0,0,33,4,37,0,6,33,4,43,18,0,18,61
11/03/2020,ENW,WI,AGL,CE,Federal Contract Tower,0,9,9,0,18,0,0,97,0,97,0,9,106,0,115,120,0,120,235
11/04/2020,ENW,WI,AGL,CE,Federal Contract Tower,0,9,7,0,16,0,0,100,0,100,0,9,107,0,116,204,0,204,320
11/05/2020,ENW,WI,AGL,CE,Federal Contract Tower,0,3,8,0,11,0,0,80,0,80,0,3,88,0,91,132,0,132,223
11/06/2020,ENW,WI,AGL,CE,Federal Contract Tower,0,4,13,0,17,0,0,125,0,125,0,4,138,0,142,188,0,188,330
11/07/2020,ENW,WI,AGL,CE,Federal Contract Tower,0,0,9,0,9,0,0,103,0,103,0,0,112,0,112,202,0,202,314
11/08/2020,ENW,WI,AGL,CE,Federal Contract Tower,0,5,14,0,19,0,0,110,0,110,0,5,124,0,129,170,0,170,299
11/09/2020,ENW,WI,AGL,CE,Federal Contract Tower,0,1,6,0,7,0,0,76,0,76,0,1,82,0,83,92,0,92,175
11/10/2020,ENW,WI,AGL,CE,Federal Contract Tower,0,19,1,0,20,0,0,3,0,3,0,19,4,0,23,0,0,0,23
11/11/2020,ENW,WI,AGL,CE,Federal Contract Tower,0,6,2,0,8,0,0,56,0,56,0,6,58,0,64,34,0,34,98
11/12/2020,ENW,WI,AGL,CE,Federal Contract Tower,0,11,8,0,19,0,0,95,0,95,0,11,103,0,114,74,0,74,188
11/13/2020,ENW,WI,AGL,CE,Federal Contract Tower,0,5,4,0,9,0,0,65,0,65,0,5,69,0,74,66,0,66,140
11/14/2020,ENW,WI,AGL,CE,Federal Contract Tower,0,1,7,0,8,0,1,39,0,40,0,2,46,0,48,38,0,38,86
11/15/2020,ENW,WI,AGL,CE,Federal Contract Tower,0,11,1,0,12,0,0,3,0,3,0,11,4,0,15,0,0,0,15
11/16/2020,ENW,WI,AGL,CE,Federal Contract Tower,0,9,3,0,12,0,0,53,0,53,0,9,56,0,65,66,0,66,131
11/17/2020,ENW,WI,AGL,CE,Federal Contract Tower,0,11,9,0,20,0,0,94,0,94,0,11,103,0,114,96,2,98,212
11/18/2020,ENW,WI,AGL,CE,Federal Contract Tower,0,9,6,0,15,0,0,48,0,48,0,9,54,0,63,26,0,26,89
11/19/2020,ENW,WI,AGL,CE,Federal Contract Tower,0,2,5,0,7,0,0,30,0,30,0,2,35,0,37,56,0,56,93
11/20/2020,ENW,WI,AGL,CE,Federal Contract Tower,0,13,13,0,26,0,0,68,0,68,0,13,81,0,94,48,0,48,142
11/21/2020,ENW,WI,AGL,CE,Federal Contract Tower,0,28,8,0,36,0,0,69,0,69,0,28,77,0,105,70,0,70,175
11/22/2020,ENW,WI,AGL,CE,Federal Contract Tower,0,7,11,0,18,0,0,87,0,87,0,7,98,0,105,186,0,186,291
11/23/2020,ENW,WI,AGL,CE,Federal Contract Tower,0,4,4,0,8,0,0,98,0,98,0,4,102,0,106,112,0,112,218
11/24/2020,ENW,WI,AGL,CE,Federal Contract Tower,0,3,6,0,9,0,0,0,0,0,0,3,6,0,9,0,0,0,9
11/25/2020,ENW,WI,AGL,CE,Federal Contract Tower,0,7,3,0,10,0,0,0,0,0,0,7,3,0,10,0,0,0,10
11/26/2020,ENW,WI,AGL,CE,Federal Contract Tower,0,5,1,0,6,0,0,4,0,4,0,5,5,0,10,8,0,8,18
11/27/2020,ENW,WI,AGL,CE,Federal Contract Tower,0,2,13,0,15,0,0,68,0,68,0,2,81,0,83,128,0,128,211
11/28/2020,ENW,WI,AGL,CE,Federal Contract Tower,0,6,13,0,19,0,0,81,0,81,0,6,94,0,100,74,0,74,174
11/29/2020,ENW,WI,AGL,CE,Federal Contract Tower,0,14,0,0,14,0,0,47,0,47,0,14,47,0,61,40,0,40,101
11/30/2020,ENW,WI,AGL,CE,Federal Contract Tower,0,2,1,0,3,0,0,0,0,0,0,2,1,0,3,0,0,0,3
12/01/2020,ENW,WI,AGL,CE,Federal Contract Tower,0,5,10,0,15,0,0,53,0,53,0,5,63,0,68,110,0,110,178
12/02/2020,ENW,WI,AGL,CE,Federal Contract Tower,0,11,4,0,15,0,0,71,0,71,0,11,75,0,86,110,0,110,196
12/03/2020,ENW,WI,AGL,CE,Federal Contract Tower,0,7,8,0,15,0,0,56,0,56,0,7,64,0,71,76,0,76,147
12/04/2020,ENW,WI,AGL,CE,Federal Contract Tower,0,6,6,0,12,0,0,81,0,81,0,6,87,0,93,150,0,150,243
12/05/2020,ENW,WI,AGL,CE,Federal Contract Tower,0,1,12,0,13,0,0,78,0,78,0,1,90,0,91,88,0,88,179
12/06/2020,ENW,WI,AGL,CE,Federal Contract Tower,0,5,4,0,9,0,0,6,0,6,0,5,10,0,15,36,0,36,51
12/07/2020,ENW,WI,AGL,CE,Federal Contract Tower,0,6,0,0,6,0,0,48,0,48,0,6,48,0,54,68,0,68,122
12/08/2020,ENW,WI,AGL,CE,Federal Contract Tower,0,13,7,0,20,0,0,44,0,44,0,13,51,0,64,130,0,130,194
12/09/2020,ENW,WI,AGL,CE,Federal Contract Tower,0,5,13,0,18,0,0,107,0,107,0,5,120,0,125,238,0,238,363
12/10/2020,ENW,WI,AGL,CE,Federal Contract Tower,0,3,8,0,11,0,0,103,0,103,0,3,111,0,114,162,0,162,276
12/11/2020,ENW,WI,AGL,CE,Federal Contract Tower,0,5,5,0,10,0,0,3,0,3,0,5,8,0,13,16,0,16,29
12/12/2020,ENW,WI,AGL,CE,Federal Contract Tower,0,3,3,0,6,0,0,2,0,2,0,3,5,0,8,18,0,18,26
12/13/2020,ENW,WI,AGL,CE,Federal Contract Tower,0,4,10,0,14,0,0,61,0,61,0,4,71,0,75,86,0,86,161
12/14/2020,ENW,WI,AGL,CE,Federal Contract Tower,0,9,7,0,16,0,1,56,0,57,0,10,63,0,73,90,0,90,163
12/15/2020,ENW,WI,AGL,CE,Federal Contract Tower,0,10,1,0,11,0,0,82,0,82,0,10,83,0,93,228,0,228,321
12/16/2020,ENW,WI,AGL,CE,Federal Contract Tower,0,12,14,0,26,0,0,34,0,34,0,12,48,0,60,72,0,72,132
12/17/2020,ENW,WI,AGL,CE,Federal Contract Tower,0,18,9,0,27,0,0,44,0,44,0,18,53,0,71,106,0,106,177
12/18/2020,ENW,WI,AGL,CE,Federal Contract Tower,0,13,6,0,19,0,0,62,0,62,0,13,68,0,81,60,0,60,141
12/19/2020,ENW,WI,AGL,CE,Federal Contract Tower,0,8,1,0,9,0,0,22,0,22,0,8,23,0,31,62,0,62,93
12/20/2020,ENW,WI,AGL,CE,Federal Contract Tower,0,10,7,0,17,0,0,128,0,128,0,10,135,0,145,180,0,180,325
12/21/2020,ENW,WI,AGL,CE,Federal Contract Tower,0,12,0,0,12,0,1,26,0,27,0,13,26,0,39,22,0,22,61
12/22/2020,ENW,WI,AGL,CE,Federal Contract Tower,0,6,12,0,18,0,0,128,0,128,0,6,140,0,146,96,0,96,242
12/23/2020,ENW,WI,AGL,CE,Federal Contract Tower,0,9,0,0,9,0,0,3,0,3,0,9,3,0,12,0,0,0,12
12/24/2020,ENW,WI,AGL,CE,Federal Contract Tower,0,3,0,0,3,0,0,2,0,2,0,3,2,0,5,18,0,18,23
12/25/2020,ENW,WI,AGL,CE,Federal Contract Tower,0,1,0,0,1,0,0,3,0,3,0,1,3,0,4,2,0,2,6
12/26/2020,ENW,WI,AGL,CE,Federal Contract Tower,0,11,4,0,15,0,0,121,0,121,0,11,125,0,136,134,0,134,270
12/27/2020,ENW,WI,AGL,CE,Federal Contract Tower,0,15,3,0,18,0,0,57,0,57,0,15,60,0,75,68,0,68,143
12/28/2020,ENW,WI,AGL,CE,Federal Contract Tower,0,6,1,0,7,0,0,105,0,105,0,6,106,0,112,96,0,96,208
12/29/2020,ENW,WI,AGL,CE,Federal Contract Tower,0,11,9,2,22,0,0,64,0,64,0,11,73,2,86,146,0,146,232
12/30/2020,ENW,WI,AGL,CE,Federal Contract Tower,0,8,0,0,8,0,0,0,0,0,0,8,0,0,8,0,0,0,8
12/31/2020,ENW,WI,AGL,CE,Federal Contract Tower,0,8,0,0,8,0,0,23,0,23,0,8,23,0,31,30,0,30,61
01/01/2021,ENW,WI,AGL,CE,Federal Contract Tower,0,0,0,0,0,0,0,2,0,2,0,0,2,0,2,0,0,0,2
01/02/2021,ENW,WI,AGL,CE,Federal Contract Tower,0,8,0,0,8,0,0,0,0,0,0,8,0,0,8,0,0,0,8
01/03/2021,ENW,WI,AGL,CE,Federal Contract Tower,0,20,2,0,22,0,0,0,0,0,0,20,2,0,22,0,0,0,22
01/04/2021,ENW,WI,AGL,CE,Federal Contract Tower,0,4,0,0,4,0,0,0,0,0,0,4,0,0,4,0,0,0,4
01/05/2021,ENW,WI,AGL,CE,Federal Contract Tower,0,3,1,0,4,0,0,8,0,8,0,3,9,0,12,74,0,74,86
01/06/2021,ENW,WI,AGL,CE,Federal Contract Tower,0,11,1,0,12,0,0,0,0,0,0,11,1,0,12,0,0,0,12
01/08/2021,ENW,WI,AGL,CE,Federal Contract Tower,0,7,7,0,14,0,0,7,0,7,0,7,14,0,21,10,0,10,31
01/09/2021,ENW,WI,AGL,CE,Federal Contract Tower,0,3,9,0,12,0,0,86,0,86,0,3,95,0,98,124,0,124,222
01/10/2021,ENW,WI,AGL,CE,Federal Contract Tower,0,10,6,0,16,0,0,58,0,58,0,10,64,0,74,166,0,166,240
01/11/2021,ENW,WI,AGL,CE,Federal Contract Tower,0,6,1,0,7,0,0,3,0,3,0,6,4,0,10,0,0,0,10
01/12/2021,ENW,WI,AGL,CE,Federal Contract Tower,0,6,10,0,16,0,0,76,0,76,0,6,86,0,92,196,0,196,288
01/13/2021,ENW,WI,AGL,CE,Federal Contract Tower,0,10,14,0,24,0,0,72,0,72,0,10,86,0,96,118,0,118,214
01/14/2021,ENW,WI,AGL,CE,Federal Contract Tower,0,12,0,0,12,0,0,32,0,32,0,12,32,0,44,82,0,82,126
01/15/2021,ENW,WI,AGL,CE,Federal Contract Tower,0,15,3,0,18,0,0,38,0,38,0,15,41,0,56,66,0,66,122
01/16/2021,ENW,WI,AGL,CE,Federal Contract Tower,0,3,1,0,4,0,0,1,0,1,0,3,2,0,5,0,0,0,5
01/17/2021,ENW,WI,AGL,CE,Federal Contract Tower,0,11,0,0,11,0,0,41,0,41,0,11,41,0,52,132,0,132,184
01/18/2021,ENW,WI,AGL,CE,Federal Contract Tower,0,11,0,0,11,0,0,42,0,42,0,11,42,0,53,62,0,62,115
01/19/2021,ENW,WI,AGL,CE,Federal Contract Tower,0,13,1,0,14,0,0,44,0,44,0,13,45,0,58,66,0,66,124
01/20/2021,ENW,WI,AGL,CE,Federal Contract Tower,0,5,7,0,12,0,0,59,0,59,0,5,66,0,71,46,0,46,117
01/21/2021,ENW,WI,AGL,CE,Federal Contract Tower,0,8,5,0,13,0,0,25,0,25,0,8,30,0,38,28,0,28,66
01/22/2021,ENW,WI,AGL,CE,Federal Contract Tower,0,9,7,0,16,0,3,69,0,72,0,12,76,0,88,146,0,146,234
01/23/2021,ENW,WI,AGL,CE,Federal Contract Tower,0,5,5,0,10,0,0,103,0,103,0,5,108,0,113,62,0,62,175
01/24/2021,ENW,WI,AGL,CE,Federal Contract Tower,0,4,1,0,5,0,0,0,0,0,0,4,1,0,5,0,0,0,5
01/25/2021,ENW,WI,AGL,CE,Federal Contract Tower,0,3,7,0,10,0,0,30,0,30,0,3,37,0,40,50,0,50,90
01/26/2021,ENW,WI,AGL,CE,Federal Contract Tower,0,6,0,0,6,0,0,0,0,0,0,6,0,0,6,0,0,0,6
01/27/2021,ENW,WI,AGL,CE,Federal Contract Tower,0,12,5,0,17,0,1,31,0,32,0,13,36,0,49,8,2,10,59
01/28/2021,ENW,WI,AGL,CE,Federal Contract Tower,0,12,10,0,22,0,0,52,0,52,0,12,62,0,74,26,0,26,100
01/29/2021,ENW,WI,AGL,CE,Federal Contract Tower,0,8,6,0,14,0,0,85,0,85,0,8,91,0,99,38,0,38,137
01/30/2021,ENW,WI,AGL,CE,Federal Contract Tower,0,5,2,0,7,0,0,45,0,45,0,5,47,0,52,124,0,124,176
01/31/2021,ENW,WI,AGL,CE,Federal Contract Tower,0,1,0,0,1,0,0,0,0,0,0,1,0,0,1,0,0,0,1
02/01/2021,ENW,WI,AGL,CE,Federal Contract Tower,0,9,4,0,13,0,0,0,0,0,0,9,4,0,13,10,0,10,23
02/02/2021,ENW,WI,AGL,CE,Federal Contract Tower,0,12,7,0,19,0,0,61,0,61,0,12,68,0,80,64,0,64,144
02/03/2021,ENW,WI,AGL,CE,Federal Contract Tower,0,12,10,0,22,0,0,59,0,59,0,12,69,0,81,62,0,62,143
02/04/2021,ENW,WI,AGL,CE,Federal Contract Tower,0,11,0,0,11,0,0,0,0,0,0,11,0,0,11,0,0,0,11
02/05/2021,ENW,WI,AGL,CE,Federal Contract Tower,0,6,4,0,10,0,0,15,0,15,0,6,19,0,25,0,0,0,25
02/06/2021,ENW,WI,AGL,CE,Federal Contract Tower,0,9,0,0,9,0,0,24,0,24,0,9,24,0,33,0,0,0,33
02/07/2021,ENW,WI,AGL,CE,Federal Contract Tower,0,8,3,0,11,0,2,0,0,2,0,10,3,0,13,0,0,0,13
02/08/2021,ENW,WI,AGL,CE,Federal Contract Tower,0,5,6,0,11,0,0,34,0,34,0,5,40,0,45,12,0,12,57
02/09/2021,ENW,WI,AGL,CE,Federal Contract Tower,0,8,3,0,11,0,0,17,0,17,0,8,20,0,28,0,0,0,28
02/10/2021,ENW,WI,AGL,CE,Federal Contract Tower,0,8,8,0,16,0,0,22,0,22,0,8,30,0,38,30,0,30,68
02/11/2021,ENW,WI,AGL,CE,Federal Contract Tower,0,7,2,0,9,0,0,34,0,34,0,7,36,0,43,48,0,48,91
02/12/2021,ENW,WI,AGL,CE,Federal Contract Tower,0,9,6,0,15,0,0,19,0,19,0,9,25,0,34,2,0,2,36
02/13/2021,ENW,WI,AGL,CE,Federal Contract Tower,0,6,0,0,6,0,0,0,0,0,0,6,0,0,6,0,0,0,6
02/14/2021,ENW,WI,AGL,CE,Federal Contract Tower,0,8,0,0,8,0,0,0,0,0,0,8,0,0,8,0,0,0,8
02/15/2021,ENW,WI,AGL,CE,Federal Contract Tower,0,6,1,0,7,0,0,0,0,0,0,6,1,0,7,0,0,0,7
02/16/2021,ENW,WI,AGL,CE,Federal Contract Tower,0,8,0,0,8,0,0,0,0,0,0,8,0,0,8,0,0,0,8
02/17/2021,ENW,WI,AGL,CE,Federal Contract Tower,0,4,4,0,8,0,0,16,0,16,0,4,20,0,24,0,0,0,24
02/18/2021,ENW,WI,AGL,CE,Federal Contract Tower,0,7,8,0,15,0,0,24,0,24,0,7,32,0,39,8,0,8,47
02/19/2021,ENW,WI,AGL,CE,Federal Contract Tower,0,11,6,0,17,0,0,99,0,99,0,11,105,0,116,162,0,162,278
02/20/2021,ENW,WI,AGL,CE,Federal Contract Tower,0,4,7,0,11,0,0,88,0,88,0,4,95,0,99,126,0,126,225
02/21/2021,ENW,WI,AGL,CE,Federal Contract Tower,0,6,5,0,11,0,0,34,0,34,0,6,39,0,45,144,0,144,189
02/22/2021,ENW,WI,AGL,CE,Federal Contract Tower,0,13,1,0,14,0,0,7,0,7,0,13,8,0,21,0,0,0,21
02/23/2021,ENW,WI,AGL,CE,Federal Contract Tower,0,8,8,0,16,0,0,83,0,83,0,8,91,0,99,98,0,98,197
02/24/2021,ENW,WI,AGL,CE,Federal Contract Tower,0,11,4,0,15,0,0,62,4,66,0,11,66,4,81,120,0,120,201
02/25/2021,ENW,WI,AGL,CE,Federal Contract Tower,0,12,5,0,17,0,0,75,0,75,0,12,80,0,92,200,0,200,292
02/26/2021,ENW,WI,AGL,CE,Federal Contract Tower,0,7,8,0,15,0,0,103,0,103,0,7,111,0,118,250,0,250,368
02/27/2021,ENW,WI,AGL,CE,Federal Contract Tower,0,4,4,0,8,0,0,105,0,105,0,4,109,0,113,166,0,166,279
02/28/2021,ENW,WI,AGL,CE,Federal Contract Tower,0,9,3,0,12,0,0,1,0,1,0,9,4,0,13,0,0,0,13
03/01/2021,ENW,WI,AGL,CE,Federal Contract Tower,0,18,2,0,20,0,0,65,0,65,0,18,67,0,85,150,0,150,235
03/02/2021,ENW,WI,AGL,CE,Federal Contract Tower,0,10,3,0,13,0,0,45,0,45,0,10,48,0,58,90,0,90,148
03/03/2021,ENW,WI,AGL,CE,Federal Contract Tower,0,6,6,0,12,0,0,50,0,50,0,6,56,0,62,86,0,86,148
03/04/2021,ENW,WI,AGL,CE,Federal Contract Tower,0,8,9,0,17,0,0,39,0,39,0,8,48,0,56,38,0,38,94
03/05/2021,ENW,WI,AGL,CE,Federal Contract Tower,0,13,8,0,21,0,0,107,0,107,0,13,115,0,128,172,0,172,300
03/06/2021,ENW,WI,AGL,CE,Federal Contract Tower,0,3,6,0,9,0,0,99,0,99,0,3,105,0,108,196,0,196,304
03/07/2021,ENW,WI,AGL,CE,Federal Contract Tower,0,10,5,0,15,0,0,68,0,68,0,10,73,0,83,38,0,38,121
03/08/2021,ENW,WI,AGL,CE,Federal Contract Tower,0,5,6,0,11,0,0,67,0,67,0,5,73,0,78,210,0,210,288
03/09/2021,ENW,WI,AGL,CE,Federal Contract Tower,0,11,13,0,24,0,2,94,0,96,0,13,107,0,120,200,0,200,320
03/10/2021,ENW,WI,AGL,CE,Federal Contract Tower,0,18,2,0,20,0,0,7,0,7,0,18,9,0,27,26,0,26,53
03/11/2021,ENW,WI,AGL,CE,Federal Contract Tower,0,11,4,0,15,0,0,20,0,20,0,11,24,0,35,26,2,28,63
03/12/2021,ENW,WI,AGL,CE,Federal Contract Tower,0,15,6,0,21,0,0,109,0,109,0,15,115,0,130,114,0,114,244
03/13/2021,ENW,WI,AGL,CE,Federal Contract Tower,0,8,8,0,16,0,0,117,0,117,0,8,125,0,133,176,0,176,309
03/14/2021,ENW,WI,AGL,CE,Federal Contract Tower,0,8,7,0,15,0,0,59,0,59,0,8,66,0,74,58,0,58,132
03/15/2021,ENW,WI,AGL,CE,Federal Contract Tower,0,8,3,0,11,0,0,1,0,1,0,8,4,0,12,0,0,0,12
03/16/2021,ENW,WI,AGL,CE,Federal Contract Tower,0,12,0,0,12,0,0,6,0,6,0,12,6,0,18,0,0,0,18
03/17/2021,ENW,WI,AGL,CE,Federal Contract Tower,0,9,7,0,16,0,0,0,0,0,0,9,7,0,16,0,0,0,16
03/18/2021,ENW,WI,AGL,CE,Federal Contract Tower,0,4,0,0,4,0,0,1,0,1,0,4,1,0,5,0,0,0,5
03/19/2021,ENW,WI,AGL,CE,Federal Contract Tower,0,12,10,0,22,0,0,86,0,86,0,12,96,0,108,126,0,126,234
03/20/2021,ENW,WI,AGL,CE,Federal Contract Tower,0,13,9,0,22,0,0,104,0,104,0,13,113,0,126,170,0,170,296
03/21/2021,ENW,WI,AGL,CE,Federal Contract Tower,0,10,0,0,10,0,0,86,0,86,0,10,86,0,96,116,0,116,212
03/22/2021,ENW,WI,AGL,CE,Federal Contract Tower,0,10,1,0,11,0,1,88,0,89,0,11,89,0,100,160,0,160,260
03/23/2021,ENW,WI,AGL,CE,Federal Contract Tower,0,7,11,0,18,0,0,44,0,44,0,7,55,0,62,112,0,112,174
03/24/2021,ENW,WI,AGL,CE,Federal Contract Tower,0,10,6,0,16,0,0,7,0,7,0,10,13,0,23,0,0,0,23
03/25/2021,ENW,WI,AGL,CE,Federal Contract Tower,0,6,11,0,17,0,0,28,0,28,0,6,39,0,45,140,0,140,185
03/26/2021,ENW,WI,AGL,CE,Federal Contract Tower,0,20,9,0,29,0,0,83,0,83,0,20,92,0,112,130,0,130,242
03/27/2021,ENW,WI,AGL,CE,Federal Contract Tower,0,16,3,0,19,0,0,31,0,31,0,16,34,0,50,74,0,74,124
03/28/2021,ENW,WI,AGL,CE,Federal Contract Tower,0,10,2,0,12,0,0,13,0,13,0,10,15,0,25,54,0,54,79
03/29/2021,ENW,WI,AGL,CE,Federal Contract Tower,0,6,6,0,12,0,0,33,0,33,0,6,39,0,45,8,0,8,53
03/30/2021,ENW,WI,AGL,CE,Federal Contract Tower,0,5,3,0,8,0,0,30,0,30,0,5,33,0,38,20,0,20,58
03/31/2021,ENW,WI,AGL,CE,Federal Contract Tower,0,4,11,0,15,0,0,54,0,54,0,4,65,0,69,88,0,88,157
04/01/2021,ENW,WI,AGL,CE,Federal Contract Tower,0,18,5,0,23,0,0,63,0,63,0,18,68,0,86,132,0,132,218
04/02/2021,ENW,WI,AGL,CE,Federal Contract Tower,0,14,15,0,29,0,0,91,0,91,0,14,106,0,120,166,0,166,286
04/03/2021,ENW,WI,AGL,CE,Federal Contract Tower,0,15,2,0,17,0,0,60,0,60,0,15,62,0,77,74,0,74,151
04/04/2021,ENW,WI,AGL,CE,Federal Contract Tower,0,4,1,0,5,0,0,65,0,65,0,4,66,0,70,78,0,78,148
04/05/2021,ENW,WI,AGL,CE,Federal Contract Tower,0,17,2,0,19,0,0,56,0,56,0,17,58,0,75,76,0,76,151
04/06/2021,ENW,WI,AGL,CE,Federal Contract Tower,0,10,4,0,14,0,0,69,0,69,0,10,73,0,83,80,0,80,163
04/07/2021,ENW,WI,AGL,CE,Federal Contract Tower,0,11,2,0,13,0,0,63,0,63,0,11,65,0,76,84,0,84,160
04/08/2021,ENW,WI,AGL,CE,Federal Contract Tower,0,9,14,0,23,0,0,15,0,15,0,9,29,0,38,76,0,76,114
04/09/2021,ENW,WI,AGL,CE,Federal Contract Tower,0,10,5,0,15,0,0,47,0,47,0,10,52,0,62,74,0,74,136
04/10/2021,ENW,WI,AGL,CE,Federal Contract Tower,0,14,15,0,29,0,0,30,0,30,0,14,45,0,59,90,0,90,149
04/11/2021,ENW,WI,AGL,CE,Federal Contract Tower,0,11,7,0,18,0,0,34,0,34,0,11,41,0,52,54,0,54,106
04/12/2021,ENW,WI,AGL,CE,Federal Contract Tower,0,18,6,0,24,0,0,17,0,17,0,18,23,0,41,18,0,18,59
04/13/2021,ENW,WI,AGL,CE,Federal Contract Tower,0,14,7,0,21,0,4,1,0,5,0,18,8,0,26,154,0,154,180
04/14/2021,ENW,WI,AGL,CE,Federal Contract Tower,0,11,8,0,19,0,0,42,0,42,0,11,50,0,61,116,0,116,177
04/15/2021,ENW,WI,AGL,CE,Federal Contract Tower,0,12,11,0,23,0,0,64,0,64,0,12,75,0,87,104,0,104,191
04/16/2021,ENW,WI,AGL,CE,Federal Contract Tower,0,10,11,0,21,0,0,109,0,109,0,10,120,0,130,150,0,150,280
04/17/2021,ENW,WI,AGL,CE,Federal Contract Tower,0,8,15,0,23,0,0,104,0,104,0,8,119,0,127,102,0,102,229
04/18/2021,ENW,WI,AGL,CE,Federal Contract Tower,0,16,5,0,21,0,0,74,0,74,0,16,79,0,95,36,0,36,131
04/19/2021,ENW,WI,AGL,CE,Federal Contract Tower,0,9,2,0,11,0,0,23,0,23,0,9,25,0,34,42,0,42,76
04/20/2021,ENW,WI,AGL,CE,Federal Contract Tower,0,7,1,0,8,0,0,74,0,74,0,7,75,0,82,146,0,146,228
04/21/2021,ENW,WI,AGL,CE,Federal Contract Tower,0,7,4,0,11,0,0,0,0,0,0,7,4,0,11,8,0,8,19
04/22/2021,ENW,WI,AGL,CE,Federal Contract Tower,0,5,20,0,25,0,1,76,0,77,0,6,96,0,102,56,0,56,158
04/23/2021,ENW,WI,AGL,CE,Federal Contract Tower,0,10,13,0,23,0,0,77,0,77,0,10,90,0,100,108,0,108,208
04/24/2021,ENW,WI,AGL,CE,Federal Contract Tower,0,12,6,0,18,0,0,80,0,80,0,12,86,0,98,120,0,120,218
04/25/2021,ENW,WI,AGL,CE,Federal Contract Tower,0,6,8,0,14,0,0,90,0,90,0,6,98,0,104,112,0,112,216
04/26/2021,ENW,WI,AGL,CE,Federal Contract Tower,0,9,6,0,15,0,0,39,0,39,0,9,45,0,54,44,0,44,98
04/27/2021,ENW,WI,AGL,CE,Federal Contract Tower,0,7,4,0,11,0,0,68,0,68,0,7,72,0,79,72,0,72,151
04/28/2021,ENW,WI,AGL,CE,Federal Contract Tower,0,5,16,0,21,0,0,39,0,39,0,5,55,0,60,74,0,74,134
04/29/2021,ENW,WI,AGL,CE,Federal Contract Tower,0,19,14,0,33,0,0,44,0,44,0,19,58,0,77,92,0,92,169
04/30/2021,ENW,WI,AGL,CE,Federal Contract Tower,0,16,14,0,30,0,0,117,0,117,0,16,131,0,147,104,0,104,251
05/01/2021,ENW,WI,AGL,CE,Federal Contract Tower,0,9,7,0,16,0,0,22,0,22,0,9,29,0,38,0,0,0,38
05/02/2021,ENW,WI,AGL,CE,Federal Contract Tower,0,13,8,0,21,0,0,65,0,65,0,13,73,0,86,102,0,102,188
05/03/2021,ENW,WI,AGL,CE,Federal Contract Tower,0,9,4,0,13,0,0,32,0,32,0,9,36,0,45,26,0,26,71
05/04/2021,ENW,WI,AGL,CE,Federal Contract Tower,0,10,13,0,23,0,1,63,6,70,0,11,76,6,93,74,0,74,167
05/05/2021,ENW,WI,AGL,CE,Federal Contract Tower,0,8,11,0,19,0,0,153,0,153,0,8,164,0,172,192,0,192,364
05/06/2021,ENW,WI,AGL,CE,Federal Contract Tower,0,17,18,0,35,0,0,26,0,26,0,17,44,0,61,44,0,44,105
05/07/2021,ENW,WI,AGL,CE,Federal Contract Tower,0,12,10,0,22,0,0,85,0,85,0,12,95,0,107,134,0,134,241
05/08/2021,ENW,WI,AGL,CE,Federal Contract Tower,0,6,11,0,17,0,0,114,0,114,0,6,125,0,131,188,0,188,319
05/09/2021,ENW,WI,AGL,CE,Federal Contract Tower,0,15,4,0,19,0,0,40,0,40,0,15,44,0,59,56,0,56,115
05/10/2021,ENW,WI,AGL,CE,Federal Contract Tower,0,6,12,0,18,0,0,72,0,72,0,6,84,0,90,66,0,66,156
05/11/2021,ENW,WI,AGL,CE,Federal Contract Tower,0,10,5,0,15,0,0,98,0,98,0,10,103,0,113,180,0,180,293
05/12/2021,ENW,WI,AGL,CE,Federal Contract Tower,0,14,10,0,24,0,0,56,0,56,0,14,66,0,80,138,0,138,218
05/13/2021,ENW,WI,AGL,CE,Federal Contract Tower,0,8,4,0,12,0,0,72,0,72,0,8,76,0,84,168,0,168,252
05/14/2021,ENW,WI,AGL,CE,Federal Contract Tower,0,14,19,0,33,0,0,128,0,128,0,14,147,0,161,186,0,186,347
05/15/2021,ENW,WI,AGL,CE,Federal Contract Tower,0,10,1,0,11,0,0,66,0,66,0,10,67,0,77,142,0,142,219
05/16/2021,ENW,WI,AGL,CE,Federal Contract Tower,0,14,15,0,29,0,0,92,0,92,0,14,107,0,121,94,0,94,215
05/17/2021,ENW,WI,AGL,CE,Federal Contract Tower,0,9,8,0,17,0,0,110,0,110,0,9,118,0,127,140,0,140,267
05/18/2021,ENW,WI,AGL,CE,Federal Contract Tower,0,8,3,0,11,0,0,60,0,60,0,8,63,0,71,116,0,116,187
05/19/2021,ENW,WI,AGL,CE,Federal Contract Tower,0,12,8,0,20,0,0,76,0,76,0,12,84,0,96,168,0,168,264
05/20/2021,ENW,WI,AGL,CE,Federal Contract Tower,0,15,13,0,28,0,0,81,0,81,0,15,94,0,109,98,0,98,207
05/21/2021,ENW,WI,AGL,CE,Federal Contract Tower,0,16,11,0,27,0,0,92,0,92,0,16,103,0,119,84,0,84,203
05/22/2021,ENW,WI,AGL,CE,Federal Contract Tower,0,7,11,0,18,0,0,113,0,113,0,7,124,0,131,244,0,244,375
05/23/2021,ENW,WI,AGL,CE,Federal Contract Tower,0,9,16,0,25,0,0,29,0,29,0,9,45,0,54,16,0,16,70
05/24/2021,ENW,WI,AGL,CE,Federal Contract Tower,0,10,4,0,14,0,0,86,0,86,0,10,90,0,100,96,0,96,196
05/25/2021,ENW,WI,AGL,CE,Federal Contract Tower,0,12,7,0,19,0,0,56,0,56,0,12,63,0,75,54,0,54,129
05/26/2021,ENW,WI,AGL,CE,Federal Contract Tower,0,11,14,0,25,0,0,89,0,89,0,11,103,0,114,100,0,100,214
05/27/2021,ENW,WI,AGL,CE,Federal Contract Tower,0,12,13,0,25,0,0,48,0,48,0,12,61,0,73,94,0,94,167
05/28/2021,ENW,WI,AGL,CE,Federal Contract Tower,0,30,7,0,37,0,0,44,0,44,0,30,51,0,81,86,0,86,167
05/29/2021,ENW,WI,AGL,CE,Federal Contract Tower,0,4,17,0,21,0,0,92,0,92,0,4,109,0,113,126,0,126,239
05/30/2021,ENW,WI,AGL,CE,Federal Contract Tower,0,11,9,0,20,0,0,116,0,116,0,11,125,0,136,18,0,18,154
05/31/2021,ENW,WI,AGL,CE,Federal Contract Tower,0,19,3,0,22,0,0,57,0,57,0,19,60,0,79,40,0,40,119
06/01/2021,ENW,WI,AGL,CE,Federal Contract Tower,0,13,12,0,25,0,0,143,0,143,0,13,155,0,168,182,0,182,350
06/02/2021,ENW,WI,AGL,CE,Federal Contract Tower,0,14,8,0,22,0,0,101,0,101,0,14,109,0,123,164,0,164,287
06/03/2021,ENW,WI,AGL,CE,Federal Contract Tower,0,6,8,0,14,0,0,77,0,77,0,6,85,0,91,152,0,152,243
06/04/2021,ENW,WI,AGL,CE,Federal Contract Tower,0,14,7,0,21,0,0,82,0,82,0,14,89,0,103,80,0,80,183
06/05/2021,ENW,WI,AGL,CE,Federal Contract Tower,0,7,9,0,16,0,0,69,0,69,0,7,78,0,85,86,0,86,171
06/06/2021,ENW,WI,AGL,CE,Federal Contract Tower,0,19,18,0,37,0,0,74,0,74,0,19,92,0,111,54,0,54,165
06/07/2021,ENW,WI,AGL,CE,Federal Contract Tower,0,13,2,0,15,0,0,58,0,58,0,13,60,0,73,30,0,30,103
06/08/2021,ENW,WI,AGL,CE,Federal Contract Tower,0,6,6,0,12,0,0,84,0,84,0,6,90,0,96,118,0,118,214
06/09/2021,ENW,WI,AGL,CE,Federal Contract Tower,0,18,4,0,22,0,0,80,0,80,0,18,84,0,102,112,0,112,214
06/10/2021,ENW,WI,AGL,CE,Federal Contract Tower,0,23,9,0,32,0,0,147,0,147,0,23,156,0,179,222,0,222,401
06/11/2021,ENW,WI,AGL,CE,Federal Contract Tower,0,16,16,0,32,0,0,109,0,109,0,16,125,0,141,116,0,116,257
06/12/2021,ENW,WI,AGL,CE,Federal Contract Tower,0,10,10,0,20,0,0,78,1,79,0,10,88,1,99,38,0,38,137
06/13/2021,ENW,WI,AGL,CE,Federal Contract Tower,0,15,4,0,19,0,0,97,0,97,0,15,101,0,116,34,0,34,150
06/14/2021,ENW,WI,AGL,CE,Federal Contract Tower,0,12,12,0,24,0,0,92,0,92,0,12,104,0,116,160,0,160,276
06/15/2021,ENW,WI,AGL,CE,Federal Contract Tower,0,13,9,0,22,0,0,103,0,103,0,13,112,0,125,134,0,134,259
06/16/2021,ENW,WI,AGL,CE,Federal Contract Tower,0,10,9,1,20,0,0,106,0,106,0,10,115,1,126,126,0,126,252
06/17/2021,ENW,WI,AGL,CE,Federal Contract Tower,0,13,9,0,22,0,0,86,0,86,0,13,95,0,108,154,0,154,262
06/18/2021,ENW,WI,AGL,CE,Federal Contract Tower,0,9,11,0,20,0,0,108,0,108,0,9,119,0,128,226,0,226,354
06/19/2021,ENW,WI,AGL,CE,Federal Contract Tower,0,10,9,0,19,0,0,109,0,109,0,10,118,0,128,214,0,214,342
06/20/2021,ENW,WI,AGL,CE,Federal Contract Tower,0,15,2,0,17,0,0,68,0,68,0,15,70,0,85,70,0,70,155
06/21/2021,ENW,WI,AGL,CE,Federal Contract Tower,0,15,9,0,24,0,0,43,0,43,0,15,52,0,67,4,0,4,71
06/22/2021,ENW,WI,AGL,CE,Federal Contract Tower,0,13,12,0,25,0,0,130,0,130,0,13,142,0,155,142,0,142,297
06/23/2021,ENW,WI,AGL,CE,Federal Contract Tower,0,11,10,0,21,0,0,23,0,23,0,11,33,0,44,20,0,20,64
06/24/2021,ENW,WI,AGL,CE,Federal Contract Tower,0,24,4,0,28,0,0,18,0,18,0,24,22,0,46,0,0,0,46
06/25/2021,ENW,WI,AGL,CE,Federal Contract Tower,0,19,13,0,32,0,0,25,0,25,0,19,38,0,57,16,0,16,73
06/26/2021,ENW,WI,AGL,CE,Federal Contract Tower,0,4,10,0,14,0,0,14,0,14,0,4,24,0,28,64,0,64,92
06/27/2021,ENW,WI,AGL,CE,Federal Contract Tower,0,22,17,0,39,0,0,53,0,53,0,22,70,0,92,130,0,130,222
06/28/2021,ENW,WI,AGL,CE,Federal Contract Tower,0,7,7,0,14,0,0,23,0,23,0,7,30,0,37,52,0,52,89
06/29/2021,ENW,WI,AGL,CE,Federal Contract Tower,0,6,15,0,21,0,0,16,0,16,0,6,31,0,37,0,0,0,37
06/30/2021,ENW,WI,AGL,CE,Federal Contract Tower,0,14,10,0,24,0,0,77,0,77,0,14,87,0,101,150,0,150,251
07/01/2021,ENW,WI,AGL,CE,Federal Contract Tower,0,25,15,0,40,0,0,87,0,87,0,25,102,0,127,146,0,146,273
07/02/2021,ENW,WI,AGL,CE,Federal Contract Tower,0,16,22,0,38,0,0,91,0,91,0,16,113,0,129,206,0,206,335
07/03/2021,ENW,WI,AGL,CE,Federal Contract Tower,0,6,8,0,14,0,0,60,0,60,0,6,68,0,74,56,0,56,130
07/04/2021,ENW,WI,AGL,CE,Federal Contract Tower,0,4,7,0,11,0,0,55,0,55,0,4,62,0,66,36,0,36,102
07/05/2021,ENW,WI,AGL,CE,Federal Contract Tower,0,22,12,0,34,0,0,38,0,38,0,22,50,0,72,2,0,2,74
07/06/2021,ENW,WI,AGL,CE,Federal Contract Tower,0,8,12,0,20,0,0,72,0,72,0,8,84,0,92,66,0,66,158
07/07/2021,ENW,WI,AGL,CE,Federal Contract Tower,0,18,3,0,21,0,0,22,0,22,0,18,25,0,43,0,0,0,43
07/08/2021,ENW,WI,AGL,CE,Federal Contract Tower,0,11,13,0,24,0,0,34,0,34,0,11,47,0,58,108,0,108,166
07/09/2021,ENW,WI,AGL,CE,Federal Contract Tower,0,18,10,0,28,0,0,144,0,144,0,18,154,0,172,146,0,146,318
07/10/2021,ENW,WI,AGL,CE,Federal Contract Tower,0,16,7,0,23,0,0,117,0,117,0,16,124,0,140,118,0,118,258
07/11/2021,ENW,WI,AGL,CE,Federal Contract Tower,0,16,10,0,26,0,0,37,0,37,0,16,47,0,63,0,0,0,63
07/12/2021,ENW,WI,AGL,CE,Federal Contract Tower,0,24,17,0,41,0,0,11,0,11,0,24,28,0,52,0,0,0,52
07/13/2021,ENW,WI,AGL,CE,Federal Contract Tower,0,16,3,0,19,0,0,45,0,45,0,16,48,0,64,88,0,88,152
07/14/2021,ENW,WI,AGL,CE,Federal Contract Tower,0,21,3,0,24,0,0,66,0,66,0,21,69,0,90,184,0,184,274
07/15/2021,ENW,WI,AGL,CE,Federal Contract Tower,0,19,6,0,25,0,0,43,0,43,0,19,49,0,68,46,0,46,114
07/16/2021,ENW,WI,AGL,CE,Federal Contract Tower,0,16,18,0,34,0,0,95,0,95,0,16,113,0,129,58,0,58,187
07/17/2021,ENW,WI,AGL,CE,Federal Contract Tower,0,14,7,0,21,0,0,135,0,135,0,14,142,0,156,198,0,198,354
07/18/2021,ENW,WI,AGL,CE,Federal Contract Tower,0,38,13,0,51,0,0,125,0,125,0,38,138,0,176,130,0,130,306
07/19/2021,ENW,WI,AGL,CE,Federal Contract Tower,0,19,14,0,33,0,0,95,0,95,0,19,109,0,128,120,0,120,248
07/20/2021,ENW,WI,AGL,CE,Federal Contract Tower,0,15,11,0,26,0,0,92,0,92,0,15,103,0,118,98,0,98,216
07/21/2021,ENW,WI,AGL,CE,Federal Contract Tower,0,10,12,0,22,0,0,70,0,70,0,10,82,0,92,62,0,62,154
07/22/2021,ENW,WI,AGL,CE,Federal Contract Tower,0,21,19,0,40,0,0,86,0,86,0,21,105,0,126,140,0,140,266
07/23/2021,ENW,WI,AGL,CE,Federal Contract Tower,0,9,15,0,24,0,0,73,0,73,0,9,88,0,97,84,0,84,181
07/24/2021,ENW,WI,AGL,CE,Federal Contract Tower,0,11,7,0,18,0,0,74,0,74,0,11,81,0,92,128,0,128,220
07/25/2021,ENW,WI,AGL,CE,Federal Contract Tower,0,18,12,0,30,0,0,130,0,130,0,18,142,0,160,56,0,56,216
07/26/2021,ENW,WI,AGL,CE,Federal Contract Tower,0,10,8,0,18,0,0,81,0,81,0,10,89,0,99,4,0,4,103
07/27/2021,ENW,WI,AGL,CE,Federal Contract Tower,0,19,7,0,26,0,0,96,0,96,0,19,103,0,122,72,0,72,194
07/28/2021,ENW,WI,AGL,CE,Federal Contract Tower,0,23,10,0,33,0,0,104,0,104,0,23,114,0,137,148,0,148,285
07/29/2021,ENW,WI,AGL,CE,Federal Contract Tower,0,10,3,0,13,0,0,72,0,72,0,10,75,0,85,38,0,38,123
07/30/2021,ENW,WI,AGL,CE,Federal Contract Tower,0,24,14,0,38,0,0,133,0,133,0,24,147,0,171,142,0,142,313
07/31/2021,ENW,WI,AGL,CE,Federal Contract Tower,0,11,10,0,21,0,0,66,0,66,0,11,76,0,87,30,0,30,117
08/01/2021,ENW,WI,AGL,CE,Federal Contract Tower,0,13,10,0,23,0,0,103,0,103,0,13,113,0,126,40,0,40,166
08/02/2021,ENW,WI,AGL,CE,Federal Contract Tower,0,10,5,0,15,0,0,112,0,112,0,10,117,0,127,132,0,132,259
08/03/2021,ENW,WI,AGL,CE,Federal Contract Tower,0,6,8,0,14,0,0,96,0,96,0,6,104,0,110,110,0,110,220
08/04/2021,ENW,WI,AGL,CE,Federal Contract Tower,0,15,12,0,27,0,0,96,0,96,0,15,108,0,123,120,0,120,243
08/05/2021,ENW,WI,AGL,CE,Federal Contract Tower,0,13,11,0,24,0,0,83,0,83,0,13,94,0,107,128,0,128,235
08/06/2021,ENW,WI,AGL,CE,Federal Contract Tower,0,24,8,0,32,0,0,80,0,80,0,24,88,0,112,86,0,86,198
08/07/2021,ENW,WI,AGL,CE,Federal Contract Tower,0,4,12,0,16,0,0,51,0,51,0,4,63,0,67,102,0,102,169
08/08/2021,ENW,WI,AGL,CE,Federal Contract Tower,0,19,6,0,25,0,0,75,0,75,0,19,81,0,100,38,0,38,138
08/09/2021,ENW,WI,AGL,CE,Federal Contract Tower,0,24,6,0,30,0,0,6,0,6,0,24,12,0,36,4,0,4,40
08/10/2021,ENW,WI,AGL,CE,Federal Contract Tower,0,13,4,0,17,0,0,88,0,88,0,13,92,0,105,184,0,184,289
08/11/2021,ENW,WI,AGL,CE,Federal Contract Tower,0,12,4,0,16,0,0,33,0,33,0,12,37,0,49,18,0,18,67
08/12/2021,ENW,WI,AGL,CE,Federal Contract Tower,0,18,12,0,30,0,0,80,0,80,0,18,92,0,110,114,0,114,224
08/13/2021,ENW,WI,AGL,CE,Federal Contract Tower,0,16,11,0,27,0,0,78,0,78,0,16,89,0,105,114,0,114,219
08/14/2021,ENW,WI,AGL,CE,Federal Contract Tower,0,13,13,0,26,0,0,0,0,0,0,13,13,0,26,86,0,86,112
08/15/2021,ENW,WI,AGL,CE,Federal Contract Tower,0,16,12,0,28,0,0,95,0,95,0,16,107,0,123,206,0,206,329
08/16/2021,ENW,WI,AGL,CE,Federal Contract Tower,0,16,12,0,28,0,0,80,0,80,0,16,92,0,108,116,0,116,224
08/17/2021,ENW,WI,AGL,CE,Federal Contract Tower,0,9,6,0,15,0,0,117,0,117,0,9,123,0,132,208,0,208,340
08/18/2021,ENW,WI,AGL,CE,Federal Contract Tower,0,21,4,0,25,0,0,87,0,87,0,21,91,0,112,128,0,128,240
08/19/2021,ENW,WI,AGL,CE,Federal Contract Tower,0,19,12,0,31,0,0,53,0,53,0,19,65,0,84,118,0,118,202
08/20/2021,ENW,WI,AGL,CE,Federal Contract Tower,0,23,6,0,29,0,0,123,0,123,0,23,129,0,152,158,0,158,310
08/21/2021,ENW,WI,AGL,CE,Federal Contract Tower,0,12,2,0,14,0,0,65,0,65,0,12,67,0,79,74,0,74,153
08/22/2021,ENW,WI,AGL,CE,Federal Contract Tower,0,17,13,0,30,0,0,90,0,90,0,17,103,0,120,92,0,92,212
08/23/2021,ENW,WI,AGL,CE,Federal Contract Tower,0,29,5,0,34,0,0,76,0,76,0,29,81,0,110,42,0,42,152
08/24/2021,ENW,WI,AGL,CE,Federal Contract Tower,0,14,1,0,15,0,0,58,0,58,0,14,59,0,73,68,0,68,141
08/25/2021,ENW,WI,AGL,CE,Federal Contract Tower,21,12,0,0,33,0,0,64,0,64,21,12,64,0,97,106,0,106,203
08/26/2021,ENW,WI,AGL,CE,Federal Contract Tower,0,17,9,0,26,0,0,74,0,74,0,17,83,0,100,90,0,90,190
08/27/2021,ENW,WI,AGL,CE,Federal Contract Tower,0,23,4,0,27,0,0,82,0,82,0,23,86,0,109,104,0,104,213
08/28/2021,ENW,WI,AGL,CE,Federal Contract Tower,0,3,16,0,19,0,0,64,0,64,0,3,80,0,83,56,0,56,139
08/29/2021,ENW,WI,AGL,CE,Federal Contract Tower,0,8,6,0,14,0,0,43,0,43,0,8,49,0,57,46,0,46,103
08/30/2021,ENW,WI,AGL,CE,Federal Contract Tower,0,12,6,0,18,0,0,76,0,76,0,12,82,0,94,14,0,14,108
08/31/2021,ENW,WI,AGL,CE,Federal Contract Tower,0,12,7,0,19,0,0,95,0,95,0,12,102,0,114,86,0,86,200
09/01/2021,ENW,WI,AGL,CE,Federal Contract Tower,0,18,12,0,30,0,0,80,0,80,0,18,92,0,110,102,0,102,212
09/03/2021,ENW,WI,AGL,CE,Federal Contract Tower,0,11,6,0,17,0,0,87,0,87,0,11,93,0,104,136,0,136,240
09/04/2021,ENW,WI,AGL,CE,Federal Contract Tower,0,9,10,0,19,0,0,47,0,47,0,9,57,0,66,184,0,184,250
09/05/2021,ENW,WI,AGL,CE,Federal Contract Tower,0,9,6,0,15,0,0,94,0,94,0,9,100,0,109,60,0,60,169
09/06/2021,ENW,WI,AGL,CE,Federal Contract Tower,0,21,11,0,32,0,0,86,0,86,0,21,97,0,118,40,0,40,158
09/07/2021,ENW,WI,AGL,CE,Federal Contract Tower,0,20,2,0,22,0,0,36,0,36,0,20,38,0,58,50,0,50,108
09/08/2021,ENW,WI,AGL,CE,Federal Contract Tower,0,13,9,0,22,0,0,71,0,71,0,13,80,0,93,174,0,174,267
09/09/2021,ENW,WI,AGL,CE,Federal Contract Tower,0,4,19,0,23,0,1,55,0,56,0,5,74,0,79,138,2,140,219
09/10/2021,ENW,WI,AGL,CE,Federal Contract Tower,0,7,16,0,23,0,0,85,0,85,0,7,101,0,108,134,0,134,242
09/11/2021,ENW,WI,AGL,CE,Federal Contract Tower,0,10,13,0,23,0,0,97,0,97,0,10,110,0,120,96,0,96,216
09/12/2021,ENW,WI,AGL,CE,Federal Contract Tower,0,24,10,0,34,0,0,96,0,96,0,24,106,0,130,98,0,98,228
09/13/2021,ENW,WI,AGL,CE,Federal Contract Tower,0,26,10,0,36,0,0,40,0,40,0,26,50,0,76,50,0,50,126
09/14/2021,ENW,WI,AGL,CE,Federal Contract Tower,0,28,6,0,34,0,0,69,0,69,0,28,75,0,103,94,0,94,197
09/15/2021,ENW,WI,AGL,CE,Federal Contract Tower,0,20,17,0,37,0,0,77,0,77,0,20,94,0,114,136,0,136,250
09/16/2021,ENW,WI,AGL,CE,Federal Contract Tower,0,12,17,0,29,0,0,71,0,71,0,12,88,0,100,116,0,116,216
09/17/2021,ENW,WI,AGL,CE,Federal Contract Tower,0,12,12,0,24,0,0,72,0,72,0,12,84,0,96,84,0,84,180
09/18/2021,ENW,WI,AGL,CE,Federal Contract Tower,0,12,6,0,18,0,2,114,0,116,0,14,120,0,134,106,0,106,240
09/19/2021,ENW,WI,AGL,CE,Federal Contract Tower,0,11,10,0,21,0,3,121,0,124,0,14,131,0,145,150,0,150,295
09/20/2021,ENW,WI,AGL,CE,Federal Contract Tower,0,16,2,0,18,0,0,26,0,26,0,16,28,0,44,4,0,4,48
09/21/2021,ENW,WI,AGL,CE,Federal Contract Tower,0,7,4,0,11,0,2,76,0,78,0,9,80,0,89,206,0,206,295
09/22/2021,ENW,WI,AGL,CE,Federal Contract Tower,0,23,6,0,29,0,0,64,0,64,0,23,70,0,93,44,0,44,137
09/23/2021,ENW,WI,AGL,CE,Federal Contract Tower,0,25,14,0,39,0,0,59,0,59,0,25,73,0,98,28,0,28,126
09/24/2021,ENW,WI,AGL,CE,Federal Contract Tower,0,13,12,0,25,0,0,55,0,55,0,13,67,0,80,52,0,52,132
09/25/2021,ENW,WI,AGL,CE,Federal Contract Tower,0,12,4,0,16,0,0,63,0,63,0,12,67,0,79,42,0,42,121
09/26/2021,ENW,WI,AGL,CE,Federal Contract Tower,0,22,13,0,35,0,6,81,0,87,0,28,94,0,122,20,0,20,142
09/27/2021,ENW,WI,AGL,CE,Federal Contract Tower,15,10,0,0,25,0,0,84,0,84,15,10,84,0,109,48,0,48,157
09/28/2021,ENW,WI,AGL,CE,Federal Contract Tower,0,15,10,0,25,0,0,141,0,141,0,15,151,0,166,202,0,202,368
09/29/2021,ENW,WI,AGL,CE,Federal Contract Tower,0,22,13,0,35,0,0,88,0,88,0,22,101,0,123,109,0,109,232
09/30/2021,ENW,WI,AGL,CE,Federal Contract Tower,0,14,5,0,19,0,0,58,0,58,0,14,63,0,77,136,0,136,213
10/01/2021,ENW,WI,AGL,CE,Federal Contract Tower,0,16,1,0,17,0,0,98,0,98,0,16,99,0,115,124,0,124,239
10/02/2021,ENW,WI,AGL,CE,Federal Contract Tower,0,10,6,0,16,0,0,76,0,76,0,10,82,0,92,118,0,118,210
10/03/2021,ENW,WI,AGL,CE,Federal Contract Tower,0,11,7,0,18,0,0,31,0,31,0,11,38,0,49,26,0,26,75
10/04/2021,ENW,WI,AGL,CE,Federal Contract Tower,0,6,10,0,16,0,1,31,0,32,0,7,41,0,48,48,0,48,96
10/05/2021,ENW,WI,AGL,CE,Federal Contract Tower,0,10,20,0,30,0,0,23,0,23,0,10,43,0,53,0,0,0,53
10/06/2021,ENW,WI,AGL,CE,Federal Contract Tower,0,13,34,0,47,0,0,2,0,2,0,13,36,0,49,0,0,0,49
10/07/2021,ENW,WI,AGL,CE,Federal Contract Tower,0,12,2,0,14,0,0,1,0,1,0,12,3,0,15,0,0,0,15
10/08/2021,ENW,WI,AGL,CE,Federal Contract Tower,0,11,15,0,26,0,0,13,0,13,0,11,28,0,39,52,0,52,91
10/09/2021,ENW,WI,AGL,CE,Federal Contract Tower,0,4,17,0,21,0,0,98,0,98,0,4,115,0,119,174,0,174,293
10/10/2021,ENW,WI,AGL,CE,Federal Contract Tower,0,12,7,0,19,0,0,17,0,17,0,12,24,0,36,0,0,0,36
10/11/2021,ENW,WI,AGL,CE,Federal Contract Tower,0,17,4,0,21,0,1,52,0,53,0,18,56,0,74,72,0,72,146
10/12/2021,ENW,WI,AGL,CE,Federal Contract Tower,0,19,14,0,33,0,1,16,0,17,0,20,30,0,50,50,0,50,100
10/13/2021,ENW,WI,AGL,CE,Federal Contract Tower,0,17,2,0,19,0,0,32,0,32,0,17,34,0,51,46,0,46,97
10/14/2021,ENW,WI,AGL,CE,Federal Contract Tower,0,18,18,0,36,0,0,61,0,61,0,18,79,0,97,60,0,60,157
10/15/2021,ENW,WI,AGL,CE,Federal Contract Tower,0,10,6,0,16,0,0,60,0,60,0,10,66,0,76,100,0,100,176
10/16/2021,ENW,WI,AGL,CE,Federal Contract Tower,0,10,9,0,19,0,0,105,0,105,0,10,114,0,124,136,0,136,260
10/17/2021,ENW,WI,AGL,CE,Federal Contract Tower,0,12,8,0,20,0,0,100,0,100,0,12,108,0,120,176,0,176,296
10/18/2021,ENW,WI,AGL,CE,Federal Contract Tower,0,16,8,0,24,0,1,183,0,184,0,17,191,0,208,184,0,184,392
10/19/2021,ENW,WI,AGL,CE,Federal Contract Tower,0,25,12,0,37,0,0,128,0,128,0,25,140,0,165,122,0,122,287
10/20/2021,ENW,WI,AGL,CE,Federal Contract Tower,0,21,4,0,25,0,0,84,0,84,0,21,88,0,109,168,0,168,277
10/21/2021,ENW,WI,AGL,CE,Federal Contract Tower,0,10,9,0,19,0,0,14,0,14,0,10,23,0,33,36,0,36,69
10/22/2021,ENW,WI,AGL,CE,Federal Contract Tower,0,5,20,0,25,0,0,62,0,62,0,5,82,0,87,110,0,110,197
10/23/2021,ENW,WI,AGL,CE,Federal Contract Tower,0,18,8,0,26,0,0,91,0,91,0,18,99,0,117,102,0,102,219
10/24/2021,ENW,WI,AGL,CE,Federal Contract Tower,0,13,14,0,27,0,0,50,0,50,0,13,64,0,77,64,0,64,141
10/25/2021,ENW,WI,AGL,CE,Federal Contract Tower,0,12,4,0,16,0,0,0,0,0,0,12,4,0,16,0,0,0,16
10/26/2021,ENW,WI,AGL,CE,Federal Contract Tower,0,12,6,0,18,0,4,104,0,108,0,16,110,0,126,152,0,152,278
10/27/2021,ENW,WI,AGL,CE,Federal Contract Tower,0,19,4,0,23,0,0,88,0,88,0,19,92,0,111,130,0,130,241
10/28/2021,ENW,WI,AGL,CE,Federal Contract Tower,0,9,12,0,21,0,0,13,0,13,0,9,25,0,34,0,0,0,34
10/29/2021,ENW,WI,AGL,CE,Federal Contract Tower,0,6,1,0,7,0,0,0,0,0,0,6,1,0,7,0,0,0,7
10/30/2021,ENW,WI,AGL,CE,Federal Contract Tower,0,11,10,0,21,0,0,107,0,107,0,11,117,0,128,192,0,192,320
10/31/2021,ENW,WI,AGL,CE,Federal Contract Tower,0,6,3,0,9,0,1,52,0,53,0,7,55,0,62,22,0,22,84
11/01/2021,ENW,WI,AGL,CE,Federal Contract Tower,0,14,6,0,20,0,0,68,0,68,0,14,74,0,88,62,0,62,150
11/02/2021,ENW,WI,AGL,CE,Federal Contract Tower,0,13,13,0,26,0,0,102,0,102,0,13,115,0,128,166,0,166,294
11/03/2021,ENW,WI,AGL,CE,Federal Contract Tower,0,16,5,0,21,0,0,57,0,57,0,16,62,0,78,176,0,176,254
11/04/2021,ENW,WI,AGL,CE,Federal Contract Tower,0,10,13,0,23,0,0,71,0,71,0,10,84,0,94,112,0,112,206
11/05/2021,ENW,WI,AGL,CE,Federal Contract Tower,0,11,10,2,23,0,1,115,2,118,0,12,125,4,141,144,2,146,287
11/06/2021,ENW,WI,AGL,CE,Federal Contract Tower,0,22,5,0,27,0,0,101,0,101,0,22,106,0,128,92,0,92,220
11/07/2021,ENW,WI,AGL,CE,Federal Contract Tower,0,15,3,0,18,0,0,104,0,104,0,15,107,0,122,94,0,94,216
11/08/2021,ENW,WI,AGL,CE,Federal Contract Tower,0,9,6,0,15,0,0,92,0,92,0,9,98,0,107,110,0,110,217
11/09/2021,ENW,WI,AGL,CE,Federal Contract Tower,0,3,0,0,3,0,0,94,0,94,0,3,94,0,97,68,0,68,165
11/10/2021,ENW,WI,AGL,CE,Federal Contract Tower,21,9,0,0,30,0,0,42,2,44,21,9,42,2,74,26,6,32,106
11/11/2021,ENW,WI,AGL,CE,Federal Contract Tower,0,11,0,0,11,0,0,2,0,2,0,11,2,0,13,0,0,0,13
11/12/2021,ENW,WI,AGL,CE,Federal Contract Tower,0,21,0,0,21,0,0,8,0,8,0,21,8,0,29,82,0,82,111
11/13/2021,ENW,WI,AGL,CE,Federal Contract Tower,0,9,8,0,17,0,0,53,0,53,0,9,61,0,70,128,0,128,198
11/14/2021,ENW,WI,AGL,CE,Federal Contract Tower,0,20,1,0,21,0,0,4,0,4,0,20,5,0,25,18,0,18,43
11/15/2021,ENW,WI,AGL,CE,Federal Contract Tower,0,17,3,0,20,0,0,71,0,71,0,17,74,0,91,82,0,82,173
11/16/2021,ENW,WI,AGL,CE,Federal Contract Tower,0,8,15,0,23,0,0,50,0,50,0,8,65,0,73,34,0,34,107
11/17/2021,ENW,WI,AGL,CE,Federal Contract Tower,0,8,12,0,20,0,0,12,0,12,0,8,24,0,32,26,0,26,58
11/18/2021,ENW,WI,AGL,CE,Federal Contract Tower,0,6,11,0,17,0,0,19,0,19,0,6,30,0,36,16,0,16,52
11/19/2021,ENW,WI,AGL,CE,Federal Contract Tower,0,14,11,0,25,0,1,170,1,172,0,15,181,1,197,298,0,298,495
11/20/2021,ENW,WI,AGL,CE,Federal Contract Tower,0,12,5,0,17,0,0,118,1,119,0,12,123,1,136,188,0,188,324
11/21/2021,ENW,WI,AGL,CE,Federal Contract Tower,0,14,7,0,21,0,0,57,0,57,0,14,64,0,78,8,0,8,86
11/22/2021,ENW,WI,AGL,CE,Federal Contract Tower,0,12,7,0,19,0,1,81,0,82,0,13,88,0,101,76,0,76,177
11/23/2021,ENW,WI,AGL,CE,Federal Contract Tower,0,23,10,0,33,0,0,104,0,104,0,23,114,0,137,134,0,134,271
11/24/2021,ENW,WI,AGL,CE,Federal Contract Tower,0,18,4,0,22,0,0,24,0,24,0,18,28,0,46,12,0,12,58
11/25/2021,ENW,WI,AGL,CE,Federal Contract Tower,0,5,0,0,5,0,0,0,0,0,0,5,0,0,5,0,0,0,5
11/26/2021,ENW,WI,AGL,CE,Federal Contract Tower,0,6,6,0,12,0,0,77,0,77,0,6,83,0,89,86,0,86,175
11/27/2021,ENW,WI,AGL,CE,Federal Contract Tower,0,11,6,0,17,0,0,63,0,63,0,11,69,0,80,104,0,104,184
11/28/2021,ENW,WI,AGL,CE,Federal Contract Tower,0,27,1,0,28,0,0,36,0,36,0,27,37,0,64,50,0,50,114
11/29/2021,ENW,WI,AGL,CE,Federal Contract Tower,0,6,2,0,8,0,0,17,0,17,0,6,19,0,25,10,0,10,35
11/30/2021,ENW,WI,AGL,CE,Federal Contract Tower,0,16,5,0,21,0,0,99,0,99,0,16,104,0,120,142,0,142,262
12/01/2021,ENW,WI,AGL,CE,Federal Contract Tower,0,18,7,0,25,0,0,40,0,40,0,18,47,0,65,80,0,80,145
12/02/2021,ENW,WI,AGL,CE,Federal Contract Tower,0,14,6,0,20,0,0,67,0,67,0,14,73,0,87,72,0,72,159
12/03/2021,ENW,WI,AGL,CE,Federal Contract Tower,0,10,3,0,13,0,0,35,0,35,0,10,38,0,48,64,0,64,112
12/04/2021,ENW,WI,AGL,CE,Federal Contract Tower,0,9,13,0,22,0,0,100,0,100,0,9,113,0,122,174,0,174,296
12/05/2021,ENW,WI,AGL,CE,Federal Contract Tower,0,10,0,0,10,0,0,0,0,0,0,10,0,0,10,0,0,0,10
12/06/2021,ENW,WI,AGL,CE,Federal Contract Tower,0,9,3,0,12,0,0,2,0,2,0,9,5,0,14,6,0,6,20
12/07/2021,ENW,WI,AGL,CE,Federal Contract Tower,0,19,5,0,24,0,1,52,0,53,0,20,57,0,77,38,0,38,115
12/08/2021,ENW,WI,AGL,CE,Federal Contract Tower,0,22,10,0,32,0,2,76,0,78,0,24,86,0,110,98,0,98,208
12/09/2021,ENW,WI,AGL,CE,Federal Contract Tower,0,17,4,0,21,0,0,31,0,31,0,17,35,0,52,98,0,98,150
12/10/2021,ENW,WI,AGL,CE,Federal Contract Tower,0,6,8,0,14,0,0,33,0,33,0,6,41,0,47,76,0,76,123
12/11/2021,ENW,WI,AGL,CE,Federal Contract Tower,0,11,0,0,11,0,1,20,0,21,0,12,20,0,32,60,0,60,92
12/12/2021,ENW,WI,AGL,CE,Federal Contract Tower,0,10,7,0,17,0,2,57,0,59,0,12,64,0,76,56,0,56,132
12/13/2021,ENW,WI,AGL,CE,Federal Contract Tower,0,5,9,0,14,0,0,114,0,114,0,5,123,0,128,180,0,180,308
12/14/2021,ENW,WI,AGL,CE,Federal Contract Tower,0,9,6,0,15,0,0,80,0,80,0,9,86,0,95,120,0,120,215
12/15/2021,ENW,WI,AGL,CE,Federal Contract Tower,0,13,3,0,16,0,0,2,0,2,0,13,5,0,18,0,0,0,18
12/16/2021,ENW,WI,AGL,CE,Federal Contract Tower,0,15,3,0,18,0,0,8,0,8,0,15,11,0,26,10,0,10,36
12/17/2021,ENW,WI,AGL,CE,Federal Contract Tower,0,22,19,0,41,0,0,122,0,122,0,22,141,0,163,200,0,200,363
12/18/2021,ENW,WI,AGL,CE,Federal Contract Tower,0,10,5,0,15,0,0,43,0,43,0,10,48,0,58,110,0,110,168
12/19/2021,ENW,WI,AGL,CE,Federal Contract Tower,0,11,9,0,20,0,0,114,0,114,0,11,123,0,134,86,0,86,220
12/20/2021,ENW,WI,AGL,CE,Federal Contract Tower,0,5,8,0,13,0,0,76,0,76,0,5,84,0,89,38,0,38,127
12/21/2021,ENW,WI,AGL,CE,Federal Contract Tower,0,11,5,0,16,0,0,83,0,83,0,11,88,0,99,92,0,92,191
12/22/2021,ENW,WI,AGL,CE,Federal Contract Tower,0,13,5,0,18,0,0,58,0,58,0,13,63,0,76,56,0,56,132
12/23/2021,ENW,WI,AGL,CE,Federal Contract Tower,0,12,5,0,17,0,0,42,0,42,0,12,47,0,59,38,0,38,97
12/24/2021,ENW,WI,AGL,CE,Federal Contract Tower,0,2,4,0,6,0,0,0,0,0,0,2,4,0,6,0,0,0,6
12/25/2021,ENW,WI,AGL,CE,Federal Contract Tower,0,10,0,0,10,0,0,36,0,36,0,10,36,0,46,64,0,64,110
12/26/2021,ENW,WI,AGL,CE,Federal Contract Tower,0,17,9,0,26,0,0,86,0,86,0,17,95,0,112,102,0,102,214
12/27/2021,ENW,WI,AGL,CE,Federal Contract Tower,0,16,6,0,22,0,0,23,0,23,0,16,29,0,45,16,0,16,61
12/28/2021,ENW,WI,AGL,CE,Federal Contract Tower,0,7,2,0,9,0,0,3,0,3,0,7,5,0,12,34,0,34,46
12/29/2021,ENW,WI,AGL,CE,Federal Contract Tower,0,9,8,0,17,0,0,47,0,47,0,9,55,0,64,76,0,76,140
12/30/2021,ENW,WI,AGL,CE,Federal Contract Tower,0,8,4,0,12,0,0,27,0,27,0,8,31,0,39,112,0,112,151
12/31/2021,ENW,WI,AGL,CE,Federal Contract Tower,0,16,2,0,18,0,0,22,0,22,0,16,24,0,40,8,0,8,48
01/01/2022,ENW,WI,AGL,CE,Federal Contract Tower,0,6,2,0,8,0,0,0,0,0,0,6,2,0,8,0,0,0,8
01/02/2022,ENW,WI,AGL,CE,Federal Contract Tower,0,18,5,0,23,0,0,19,0,19,0,18,24,0,42,0,0,0,42
01/03/2022,ENW,WI,AGL,CE,Federal Contract Tower,0,11,9,0,20,0,0,51,0,51,0,11,60,0,71,36,0,36,107
01/04/2022,ENW,WI,AGL,CE,Federal Contract Tower,0,13,4,0,17,0,0,56,0,56,0,13,60,0,73,30,0,30,103
01/05/2022,ENW,WI,AGL,CE,Federal Contract Tower,0,7,2,0,9,0,0,0,0,0,0,7,2,0,9,0,0,0,9
01/06/2022,ENW,WI,AGL,CE,Federal Contract Tower,0,29,5,0,34,0,0,21,0,21,0,29,26,0,55,60,0,60,115
01/07/2022,ENW,WI,AGL,CE,Federal Contract Tower,0,12,5,0,17,0,0,56,0,56,0,12,61,0,73,52,0,52,125
01/08/2022,ENW,WI,AGL,CE,Federal Contract Tower,0,7,1,0,8,0,0,41,0,41,0,7,42,0,49,18,0,18,67
01/09/2022,ENW,WI,AGL,CE,Federal Contract Tower,0,17,6,0,23,0,0,13,0,13,0,17,19,0,36,14,0,14,50
01/10/2022,ENW,WI,AGL,CE,Federal Contract Tower,0,10,0,0,10,0,0,28,0,28,0,10,28,0,38,44,0,44,82
01/11/2022,ENW,WI,AGL,CE,Federal Contract Tower,0,12,2,0,14,0,1,23,0,24,0,13,25,0,38,44,0,44,82
01/12/2022,ENW,WI,AGL,CE,Federal Contract Tower,0,3,6,0,9,0,0,65,0,65,0,3,71,0,74,176,0,176,250
01/13/2022,ENW,WI,AGL,CE,Federal Contract Tower,0,10,9,0,19,0,0,28,0,28,0,10,37,0,47,18,0,18,65
01/14/2022,ENW,WI,AGL,CE,Federal Contract Tower,0,11,2,0,13,0,0,32,0,32,0,11,34,0,45,38,0,38,83
01/15/2022,ENW,WI,AGL,CE,Federal Contract Tower,0,8,9,0,17,0,0,34,0,34,0,8,43,0,51,126,0,126,177
01/16/2022,ENW,WI,AGL,CE,Federal Contract Tower,0,10,12,0,22,0,0,107,0,107,0,10,119,0,129,116,0,116,245
01/17/2022,ENW,WI,AGL,CE,Federal Contract Tower,0,10,3,0,13,0,0,39,0,39,0,10,42,0,52,38,0,38,90
01/18/2022,ENW,WI,AGL,CE,Federal Contract Tower,0,16,7,2,25,0,0,32,0,32,0,16,39,2,57,28,0,28,85
01/19/2022,ENW,WI,AGL,CE,Federal Contract Tower,0,5,5,0,10,0,0,21,0,21,0,5,26,0,31,42,0,42,73
01/20/2022,ENW,WI,AGL,CE,Federal Contract Tower,0,6,12,0,18,0,0,56,0,56,0,6,68,0,74,186,0,186,260
01/21/2022,ENW,WI,AGL,CE,Federal Contract Tower,0,13,10,0,23,0,0,70,0,70,0,13,80,0,93,168,0,168,261
01/22/2022,ENW,WI,AGL,CE,Federal Contract Tower,0,13,4,0,17,0,0,48,0,48,0,13,52,0,65,62,0,62,127
01/23/2022,ENW,WI,AGL,CE,Federal Contract Tower,0,15,2,0,17,0,0,14,0,14,0,15,16,0,31,58,0,58,89
01/24/2022,ENW,WI,AGL,CE,Federal Contract Tower,0,3,4,0,7,0,0,9,0,9,0,3,13,0,16,16,0,16,32
01/25/2022,ENW,WI,AGL,CE,Federal Contract Tower,0,9,3,0,12,0,0,23,0,23,0,9,26,0,35,0,0,0,35
01/26/2022,ENW,WI,AGL,CE,Federal Contract Tower,0,17,12,0,29,0,19,22,0,41,0,36,34,0,70,6,0,6,76
01/27/2022,ENW,WI,AGL,CE,Federal Contract Tower,0,11,2,0,13,0,0,47,0,47,0,11,49,0,60,106,0,106,166
01/28/2022,ENW,WI,AGL,CE,Federal Contract Tower,0,15,1,0,16,0,0,86,0,86,0,15,87,0,102,144,0,144,246
01/29/2022,ENW,WI,AGL,CE,Federal Contract Tower,0,9,7,0,16,0,0,56,0,56,0,9,63,0,72,212,0,212,284
01/30/2022,ENW,WI,AGL,CE,Federal Contract Tower,0,13,6,0,19,0,0,58,0,58,0,13,64,0,77,202,0,202,279
01/31/2022,ENW,WI,AGL,CE,Federal Contract Tower,0,11,2,0,13,0,0,86,0,86,0,11,88,0,99,124,0,124,223
02/01/2022,ENW,WI,AGL,CE,Federal Contract Tower,0,7,0,0,7,0,0,68,0,68,0,7,68,0,75,170,0,170,245
02/02/2022,ENW,WI,AGL,CE,Federal Contract Tower,0,12,2,0,14,0,0,19,0,19,0,12,21,0,33,20,0,20,53
02/03/2022,ENW,WI,AGL,CE,Federal Contract Tower,0,9,3,0,12,0,0,14,0,14,0,9,17,0,26,6,0,6,32
02/04/2022,ENW,WI,AGL,CE,Federal Contract Tower,0,13,2,0,15,0,0,67,0,67,0,13,69,0,82,82,0,82,164
02/05/2022,ENW,WI,AGL,CE,Federal Contract Tower,0,8,6,0,14,0,0,63,0,63,0,8,69,0,77,112,0,112,189
02/06/2022,ENW,WI,AGL,CE,Federal Contract Tower,0,14,11,0,25,0,0,81,0,81,0,14,92,0,106,30,0,30,136
02/07/2022,ENW,WI,AGL,CE,Federal Contract Tower,0,13,5,0,18,0,0,82,0,82,0,13,87,0,100,76,0,76,176
02/08/2022,ENW,WI,AGL,CE,Federal Contract Tower,0,13,3,0,16,0,0,92,0,92,0,13,95,0,108,116,0,116,224
02/09/2022,ENW,WI,AGL,CE,Federal Contract Tower,0,23,1,0,24,0,0,60,0,60,0,23,61,0,84,180,0,180,264
02/10/2022,ENW,WI,AGL,CE,Federal Contract Tower,0,18,7,0,25,0,0,38,0,38,0,18,45,0,63,130,0,130,193
02/11/2022,ENW,WI,AGL,CE,Federal Contract Tower,0,16,0,0,16,0,0,25,0,25,0,16,25,0,41,62,0,62,103
02/12/2022,ENW,WI,AGL,CE,Federal Contract Tower,0,7,11,0,18,0,0,98,0,98,0,7,109,0,116,130,0,130,246
02/13/2022,ENW,WI,AGL,CE,Federal Contract Tower,0,12,11,0,23,0,0,45,0,45,0,12,56,0,68,76,0,76,144
02/14/2022,ENW,WI,AGL,CE,Federal Contract Tower,0,10,8,0,18,0,0,72,0,72,0,10,80,0,90,68,0,68,158
02/15/2022,ENW,WI,AGL,CE,Federal Contract Tower,0,9,4,0,13,0,0,70,0,70,0,9,74,0,83,174,0,174,257
02/16/2022,ENW,WI,AGL,CE,Federal Contract Tower,0,16,6,0,22,0,0,8,0,8,0,16,14,0,30,20,0,20,50
02/17/2022,ENW,WI,AGL,CE,Federal Contract Tower,0,12,0,0,12,0,0,8,0,8,0,12,8,0,20,8,0,8,28
02/18/2022,ENW,WI,AGL,CE,Federal Contract Tower,0,13,5,0,18,0,0,48,0,48,0,13,53,0,66,26,0,26,92
02/19/2022,ENW,WI,AGL,CE,Federal Contract Tower,0,8,7,0,15,0,0,59,0,59,0,8,66,0,74,106,0,106,180
02/20/2022,ENW,WI,AGL,CE,Federal Contract Tower,0,14,0,0,14,0,0,21,0,21,0,14,21,0,35,12,0,12,47
02/21/2022,ENW,WI,AGL,CE,Federal Contract Tower,0,17,1,0,18,0,0,11,0,11,0,17,12,0,29,24,0,24,53
02/22/2022,ENW,WI,AGL,CE,Federal Contract Tower,0,14,1,0,15,0,0,0,0,0,0,14,1,0,15,0,0,0,15
02/23/2022,ENW,WI,AGL,CE,Federal Contract Tower,0,11,2,0,13,0,0,72,0,72,0,11,74,0,85,144,0,144,229
02/24/2022,ENW,WI,AGL,CE,Federal Contract Tower,0,16,2,0,18,0,0,14,0,14,0,16,16,0,32,34,0,34,66
02/25/2022,ENW,WI,AGL,CE,Federal Contract Tower,0,18,1,0,19,0,0,46,0,46,0,18,47,0,65,4,0,4,69
02/26/2022,ENW,WI,AGL,CE,Federal Contract Tower,0,6,3,0,9,0,0,84,0,84,0,6,87,0,93,98,0,98,191
02/27/2022,ENW,WI,AGL,CE,Federal Contract Tower,0,17,7,0,24,0,0,91,0,91,0,17,98,0,115,78,0,78,193
02/28/2022,ENW,WI,AGL,CE,Federal Contract Tower,0,9,2,0,11,0,0,82,0,82,0,9,84,0,93,154,0,154,247
03/01/2022,ENW,WI,AGL,CE,Federal Contract Tower,0,5,4,0,9,0,0,103,0,103,0,5,107,0,112,144,0,144,256
03/02/2022,ENW,WI,AGL,CE,Federal Contract Tower,0,7,3,0,10,0,0,48,0,48,0,7,51,0,58,82,0,82,140
03/03/2022,ENW,WI,AGL,CE,Federal Contract Tower,0,9,15,1,25,0,0,84,0,84,0,9,99,1,109,86,4,90,199
03/04/2022,ENW,WI,AGL,CE,Federal Contract Tower,0,18,4,0,22,0,0,104,0,104,0,18,108,0,126,168,0,168,294
03/05/2022,ENW,WI,AGL,CE,Federal Contract Tower,0,9,0,0,9,0,0,63,0,63,0,9,63,0,72,120,0,120,192
03/06/2022,ENW,WI,AGL,CE,Federal Contract Tower,0,12,3,0,15,0,0,5,0,5,0,12,8,0,20,6,0,6,26
03/07/2022,ENW,WI,AGL,CE,Federal Contract Tower,0,10,1,0,11,0,0,1,0,1,0,10,2,0,12,0,0,0,12
03/08/2022,ENW,WI,AGL,CE,Federal Contract Tower,0,11,10,0,21,0,0,117,0,117,0,11,127,0,138,178,0,178,316
03/09/2022,ENW,WI,AGL,CE,Federal Contract Tower,0,9,6,0,15,0,0,85,0,85,0,9,91,0,100,170,0,170,270
03/10/2022,ENW,WI,AGL,CE,Federal Contract Tower,0,19,6,0,25,0,0,65,0,65,0,19,71,0,90,184,0,184,274
03/11/2022,ENW,WI,AGL,CE,Federal Contract Tower,0,21,3,0,24,0,0,61,0,61,0,21,64,0,85,124,0,124,209
03/12/2022,ENW,WI,AGL,CE,Federal Contract Tower,0,11,10,0,21,0,0,65,0,65,0,11,75,0,86,78,0,78,164
03/13/2022,ENW,WI,AGL,CE,Federal Contract Tower,0,12,6,0,18,0,0,42,0,42,0,12,48,0,60,0,0,0,60
03/14/2022,ENW,WI,AGL,CE,Federal Contract Tower,0,13,6,0,19,0,0,80,0,80,0,13,86,0,99,82,0,82,181
03/15/2022,ENW,WI,AGL,CE,Federal Contract Tower,0,6,11,0,17,0,0,77,0,77,0,6,88,0,94,166,0,166,260
03/16/2022,ENW,WI,AGL,CE,Federal Contract Tower,0,14,17,0,31,0,1,72,0,73,0,15,89,0,104,148,0,148,252
03/17/2022,ENW,WI,AGL,CE,Federal Contract Tower,0,14,1,0,15,0,0,82,0,82,0,14,83,0,97,228,0,228,325
03/18/2022,ENW,WI,AGL,CE,Federal Contract Tower,0,9,2,0,11,0,0,7,0,7,0,9,9,0,18,10,0,10,28
03/19/2022,ENW,WI,AGL,CE,Federal Contract Tower,0,15,4,0,19,0,0,11,0,11,0,15,15,0,30,12,0,12,42
03/20/2022,ENW,WI,AGL,CE,Federal Contract Tower,0,15,8,0,23,0,0,152,0,152,0,15,160,0,175,140,0,140,315
03/21/2022,ENW,WI,AGL,CE,Federal Contract Tower,0,3,8,0,11,0,0,87,0,87,0,3,95,0,98,92,0,92,190
03/22/2022,ENW,WI,AGL,CE,Federal Contract Tower,0,13,3,0,16,0,0,15,0,15,0,13,18,0,31,10,0,10,41
03/23/2022,ENW,WI,AGL,CE,Federal Contract Tower,0,9,3,0,12,0,0,0,0,0,0,9,3,0,12,0,0,0,12
03/24/2022,ENW,WI,AGL,CE,Federal Contract Tower,0,11,9,0,20,0,0,2,0,2,0,11,11,0,22,0,0,0,22
03/25/2022,ENW,WI,AGL,CE,Federal Contract Tower,0,11,3,0,14,0,0,25,0,25,0,11,28,0,39,88,0,88,127
03/26/2022,ENW,WI,AGL,CE,Federal Contract Tower,0,12,5,0,17,0,0,40,0,40,0,12,45,0,57,140,0,140,197
03/27/2022,ENW,WI,AGL,CE,Federal Contract Tower,0,13,9,0,22,0,0,118,0,118,0,13,127,0,140,64,0,64,204
03/28/2022,ENW,WI,AGL,CE,Federal Contract Tower,0,13,8,0,21,0,0,125,0,125,0,13,133,0,146,106,0,106,252
03/29/2022,ENW,WI,AGL,CE,Federal Contract Tower,0,7,6,0,13,0,0,47,0,47,0,7,53,0,60,46,0,46,106
03/30/2022,ENW,WI,AGL,CE,Federal Contract Tower,0,14,4,0,18,0,0,10,0,10,0,14,14,0,28,20,0,20,48
03/31/2022,ENW,WI,AGL,CE,Federal Contract Tower,23,0,6,0,29,0,0,0,0,0,23,0,6,0,29,20,0,20,49
04/01/2022,ENW,WI,AGL,CE,Federal Contract Tower,0,8,9,0,17,0,0,102,0,102,0,8,111,0,119,86,0,86,205
04/02/2022,ENW,WI,AGL,CE,Federal Contract Tower,0,7,3,0,10,0,0,8,0,8,0,7,11,0,18,76,0,76,94
04/03/2022,ENW,WI,AGL,CE,Federal Contract Tower,0,20,18,0,38,0,0,18,0,18,0,20,36,0,56,20,0,20,76
04/04/2022,ENW,WI,AGL,CE,Federal Contract Tower,0,15,2,0,17,0,0,20,0,20,0,15,22,0,37,0,0,0,37
04/05/2022,ENW,WI,AGL,CE,Federal Contract Tower,0,13,6,0,19,0,0,26,0,26,0,13,32,0,45,22,0,22,67
04/06/2022,ENW,WI,AGL,CE,Federal Contract Tower,0,18,5,0,23,0,0,48,0,48,0,18,53,0,71,68,0,68,139
04/07/2022,ENW,WI,AGL,CE,Federal Contract Tower,0,14,6,0,20,0,1,8,0,9,0,15,14,0,29,24,0,24,53
04/08/2022,ENW,WI,AGL,CE,Federal Contract Tower,0,12,0,0,12,0,0,10,0,10,0,12,10,0,22,52,0,52,74
04/09/2022,ENW,WI,AGL,CE,Federal Contract Tower,0,7,8,0,15,0,0,93,0,93,0,7,101,0,108,206,0,206,314
04/10/2022,ENW,WI,AGL,CE,Federal Contract Tower,0,10,6,0,16,0,0,84,0,84,0,10,90,0,100,86,0,86,186
04/11/2022,ENW,WI,AGL,CE,Federal Contract Tower,0,6,7,0,13,0,0,87,0,87,0,6,94,0,100,118,0,118,218
04/12/2022,ENW,WI,AGL,CE,Federal Contract Tower,0,12,10,0,22,0,0,105,0,105,0,12,115,0,127,84,0,84,211
04/13/2022,ENW,WI,AGL,CE,Federal Contract Tower,0,15,1,0,16,0,0,12,0,12,0,15,13,0,28,0,0,0,28
04/14/2022,ENW,WI,AGL,CE,Federal Contract Tower,0,12,4,0,16,0,0,12,0,12,0,12,16,0,28,0,0,0,28
04/15/2022,ENW,WI,AGL,CE,Federal Contract Tower,1,17,5,0,23,0,0,51,0,51,1,17,56,0,74,34,0,34,108
04/16/2022,ENW,WI,AGL,CE,Federal Contract Tower,0,12,10,0,22,0,0,110,0,110,0,12,120,0,132,136,0,136,268
04/17/2022,ENW,WI,AGL,CE,Federal Contract Tower,0,8,2,0,10,0,0,79,0,79,0,8,81,0,89,106,0,106,195
04/18/2022,ENW,WI,AGL,CE,Federal Contract Tower,0,21,3,0,24,0,0,9,0,9,0,21,12,0,33,0,0,0,33
04/19/2022,ENW,WI,AGL,CE,Federal Contract Tower,0,14,3,0,17,0,0,73,4,77,0,14,76,4,94,50,0,50,144
04/20/2022,ENW,WI,AGL,CE,Federal Contract Tower,0,17,6,0,23,0,0,38,0,38,0,17,44,0,61,26,0,26,87
04/21/2022,ENW,WI,AGL,CE,Federal Contract Tower,0,8,13,0,21,0,0,59,0,59,0,8,72,0,80,120,0,120,200
04/22/2022,ENW,WI,AGL,CE,Federal Contract Tower,0,7,3,0,10,0,0,0,0,0,0,7,3,0,10,0,0,0,10
04/23/2022,ENW,WI,AGL,CE,Federal Contract Tower,0,8,8,0,16,0,0,84,0,84,0,8,92,0,100,18,0,18,118
04/24/2022,ENW,WI,AGL,CE,Federal Contract Tower,0,13,1,0,14,0,0,6,0,6,0,13,7,0,20,6,0,6,26
04/25/2022,ENW,WI,AGL,CE,Federal Contract Tower,0,7,6,0,13,0,0,26,0,26,0,7,32,0,39,30,0,30,69
04/26/2022,ENW,WI,AGL,CE,Federal Contract Tower,0,7,4,0,11,0,0,55,0,55,0,7,59,0,66,78,0,78,144
04/27/2022,ENW,WI,AGL,CE,Federal Contract Tower,0,12,13,0,25,0,0,90,0,90,0,12,103,0,115,130,0,130,245
04/28/2022,ENW,WI,AGL,CE,Federal Contract Tower,0,16,15,0,31,0,0,61,0,61,0,16,76,0,92,92,0,92,184
04/29/2022,ENW,WI,AGL,CE,Federal Contract Tower,0,7,7,0,14,0,0,74,0,74,0,7,81,0,88,168,0,168,256
04/30/2022,ENW,WI,AGL,CE,Federal Contract Tower,0,8,2,0,10,0,0,5,0,5,0,8,7,0,15,14,0,14,29
05/01/2022,ENW,WI,AGL,CE,Federal Contract Tower,0,19,8,0,27,0,1,19,0,20,0,20,27,0,47,12,0,12,59
05/02/2022,ENW,WI,AGL,CE,Federal Contract Tower,0,5,2,0,7,0,0,63,0,63,0,5,65,0,70,128,0,128,198
05/03/2022,ENW,WI,AGL,CE,Federal Contract Tower,0,14,2,0,16,0,0,0,0,0,0,14,2,0,16,0,0,0,16
05/04/2022,ENW,WI,AGL,CE,Federal Contract Tower,0,15,23,0,38,0,0,88,0,88,0,15,111,0,126,168,0,168,294
05/05/2022,ENW,WI,AGL,CE,Federal Contract Tower,0,16,12,0,28,0,0,52,0,52,0,16,64,0,80,116,0,116,196
05/06/2022,ENW,WI,AGL,CE,Federal Contract Tower,0,22,6,0,28,0,0,14,0,14,0,22,20,0,42,44,0,44,86
05/07/2022,ENW,WI,AGL,CE,Federal Contract Tower,0,10,7,0,17,0,0,129,0,129,0,10,136,0,146,172,0,172,318
05/08/2022,ENW,WI,AGL,CE,Federal Contract Tower,0,13,1,0,14,0,37,0,0,37,0,50,1,0,51,74,0,74,125
05/09/2022,ENW,WI,AGL,CE,Federal Contract Tower,0,27,8,0,35,0,0,71,0,71,0,27,79,0,106,22,0,22,128
05/10/2022,ENW,WI,AGL,CE,Federal Contract Tower,0,11,15,0,26,0,0,89,0,89,0,11,104,0,115,116,0,116,231
05/11/2022,ENW,WI,AGL,CE,Federal Contract Tower,0,7,10,0,17,0,0,67,0,67,0,7,77,0,84,162,0,162,246
05/12/2022,ENW,WI,AGL,CE,Federal Contract Tower,0,14,18,0,32,0,0,56,0,56,0,14,74,0,88,112,2,114,202
05/13/2022,ENW,WI,AGL,CE,Federal Contract Tower,0,12,24,0,36,0,0,72,0,72,0,12,96,0,108,148,0,148,256
05/14/2022,ENW,WI,AGL,CE,Federal Contract Tower,0,7,15,0,22,0,0,96,0,96,0,7,111,0,118,200,0,200,318
05/15/2022,ENW,WI,AGL,CE,Federal Contract Tower,0,10,15,0,25,0,0,53,0,53,0,10,68,0,78,64,0,64,142
05/16/2022,ENW,WI,AGL,CE,Federal Contract Tower,0,13,7,0,20,0,0,85,0,85,0,13,92,0,105,42,0,42,147
05/17/2022,ENW,WI,AGL,CE,Federal Contract Tower,0,16,8,0,24,0,0,87,0,87,0,16,95,0,111,64,0,64,175
05/18/2022,ENW,WI,AGL,CE,Federal Contract Tower,0,12,6,0,18,0,0,1,0,1,0,12,7,0,19,0,0,0,19
05/19/2022,ENW,WI,AGL,CE,Federal Contract Tower,0,22,26,0,48,0,0,102,0,102,0,22,128,0,150,162,0,162,312
05/20/2022,ENW,WI,AGL,CE,Federal Contract Tower,0,13,5,0,18,0,0,33,0,33,0,13,38,0,51,0,0,0,51
05/21/2022,ENW,WI,AGL,CE,Federal Contract Tower,0,16,1,0,17,0,0,61,0,61,0,16,62,0,78,152,0,152,230
05/22/2022,ENW,WI,AGL,CE,Federal Contract Tower,0,16,8,0,24,0,0,101,0,101,0,16,109,0,125,112,0,112,237
05/23/2022,ENW,WI,AGL,CE,Federal Contract Tower,0,21,12,0,33,0,0,109,0,109,0,21,121,0,142,264,0,264,406
05/24/2022,ENW,WI,AGL,CE,Federal Contract Tower,0,17,17,0,34,0,0,95,0,95,0,17,112,0,129,160,0,160,289
05/25/2022,ENW,WI,AGL,CE,Federal Contract Tower,0,16,1,0,17,0,0,0,0,0,0,16,1,0,17,0,0,0,17
05/26/2022,ENW,WI,AGL,CE,Federal Contract Tower,0,11,11,0,22,0,0,43,0,43,0,11,54,0,65,88,0,88,153
05/27/2022,ENW,WI,AGL,CE,Federal Contract Tower,0,18,8,0,26,0,0,63,0,63,0,18,71,0,89,110,0,110,199
05/28/2022,ENW,WI,AGL,CE,Federal Contract Tower,0,3,7,0,10,0,0,111,0,111,0,3,118,0,121,134,0,134,255
05/29/2022,ENW,WI,AGL,CE,Federal Contract Tower,0,12,2,0,14,0,0,59,0,59,0,12,61,0,73,42,0,42,115
05/30/2022,ENW,WI,AGL,CE,Federal Contract Tower,0,13,4,0,17,0,1,45,0,46,0,14,49,0,63,10,0,10,73
05/31/2022,ENW,WI,AGL,CE,Federal Contract Tower,0,21,13,0,34,0,6,58,0,64,0,27,71,0,98,74,0,74,172
06/01/2022,ENW,WI,AGL,CE,Federal Contract Tower,0,11,17,0,28,0,0,110,0,110,0,11,127,0,138,238,0,238,376
06/02/2022,ENW,WI,AGL,CE,Federal Contract Tower,0,12,4,0,16,0,0,99,0,99,0,12,103,0,115,154,0,154,269
06/03/2022,ENW,WI,AGL,CE,Federal Contract Tower,0,10,10,0,20,0,0,62,0,62,0,10,72,0,82,48,0,48,130
06/04/2022,ENW,WI,AGL,CE,Federal Contract Tower,0,7,9,0,16,0,0,74,0,74,0,7,83,0,90,106,0,106,196
06/05/2022,ENW,WI,AGL,CE,Federal Contract Tower,0,18,9,0,27,0,0,70,0,70,0,18,79,0,97,50,0,50,147
06/06/2022,ENW,WI,AGL,CE,Federal Contract Tower,0,11,10,0,21,0,0,18,0,18,0,11,28,0,39,26,0,26,65
06/07/2022,ENW,WI,AGL,CE,Federal Contract Tower,0,8,24,0,32,0,0,69,0,69,0,8,93,0,101,138,0,138,239
06/08/2022,ENW,WI,AGL,CE,Federal Contract Tower,0,11,7,0,18,0,0,16,0,16,0,11,23,0,34,24,0,24,58
06/09/2022,ENW,WI,AGL,CE,Federal Contract Tower,0,16,8,0,24,0,0,96,0,96,0,16,104,0,120,168,0,168,288
06/10/2022,ENW,WI,AGL,CE,Federal Contract Tower,0,21,8,0,29,0,0,81,0,81,0,21,89,0,110,156,0,156,266
06/11/2022,ENW,WI,AGL,CE,Federal Contract Tower,0,11,8,0,19,0,0,55,0,55,0,11,63,0,74,78,0,78,152
06/12/2022,ENW,WI,AGL,CE,Federal Contract Tower,0,15,9,0,24,0,0,36,0,36,0,15,45,0,60,36,0,36,96
06/13/2022,ENW,WI,AGL,CE,Federal Contract Tower,0,16,4,0,20,0,0,67,0,67,0,16,71,0,87,40,0,40,127
06/14/2022,ENW,WI,AGL,CE,Federal Contract Tower,0,7,8,0,15,0,0,80,0,80,0,7,88,0,95,100,0,100,195
06/15/2022,ENW,WI,AGL,CE,Federal Contract Tower,0,15,17,0,32,0,0,63,0,63,0,15,80,0,95,112,0,112,207
06/16/2022,ENW,WI,AGL,CE,Federal Contract Tower,0,11,5,0,16,0,0,34,0,34,0,11,39,0,50,20,0,20,70
06/17/2022,ENW,WI,AGL,CE,Federal Contract Tower,0,23,13,0,36,0,0,96,0,96,0,23,109,0,132,138,0,138,270
06/18/2022,ENW,WI,AGL,CE,Federal Contract Tower,0,6,2,0,8,0,0,94,0,94,0,6,96,0,102,138,0,138,240
06/19/2022,ENW,WI,AGL,CE,Federal Contract Tower,0,7,7,0,14,0,1,115,0,116,0,8,122,0,130,10,0,10,140
06/20/2022,ENW,WI,AGL,CE,Federal Contract Tower,0,8,7,0,15,0,0,89,0,89,0,8,96,0,104,72,0,72,176
06/21/2022,ENW,WI,AGL,CE,Federal Contract Tower,0,18,8,0,26,0,0,87,0,87,0,18,95,0,113,16,0,16,129
06/22/2022,ENW,WI,AGL,CE,Federal Contract Tower,0,24,15,0,39,0,0,82,0,82,0,24,97,0,121,142,0,142,263
06/23/2022,ENW,WI,AGL,CE,Federal Contract Tower,0,13,14,0,27,0,0,65,0,65,0,13,79,0,92,172,0,172,264
06/24/2022,ENW,WI,AGL,CE,Federal Contract Tower,0,13,12,0,25,0,0,109,0,109,0,13,121,0,134,158,0,158,292
06/25/2022,ENW,WI,AGL,CE,Federal Contract Tower,0,20,3,0,23,0,0,38,0,38,0,20,41,0,61,36,0,36,97
06/26/2022,ENW,WI,AGL,CE,Federal Contract Tower,0,17,17,0,34,0,1,71,0,72,0,18,88,0,106,36,0,36,142
06/27/2022,ENW,WI,AGL,CE,Federal Contract Tower,0,12,14,0,26,0,0,96,0,96,0,12,110,0,122,154,0,154,276
06/28/2022,ENW,WI,AGL,CE,Federal Contract Tower,0,19,10,0,29,0,0,93,0,93,0,19,103,0,122,90,0,90,212
06/29/2022,ENW,WI,AGL,CE,Federal Contract Tower,0,20,10,0,30,0,0,91,0,91,0,20,101,0,121,146,0,146,267
06/30/2022,ENW,WI,AGL,CE,Federal Contract Tower,0,27,5,0,32,0,0,49,0,49,0,27,54,0,81,18,0,18,99
07/01/2022,ENW,WI,AGL,CE,Federal Contract Tower,0,23,14,0,37,0,0,85,0,85,0,23,99,0,122,132,0,132,254
07/02/2022,ENW,WI,AGL,CE,Federal Contract Tower,0,14,12,0,26,0,0,82,0,82,0,14,94,0,108,40,0,40,148
07/03/2022,ENW,WI,AGL,CE,Federal Contract Tower,0,8,1,0,9,0,0,86,0,86,0,8,87,0,95,60,0,60,155
07/04/2022,ENW,WI,AGL,CE,Federal Contract Tower,0,19,1,0,20,0,0,61,0,61,0,19,62,0,81,86,0,86,167
07/05/2022,ENW,WI,AGL,CE,Federal Contract Tower,0,22,7,0,29,0,0,65,0,65,0,22,72,0,94,72,0,72,166
07/06/2022,ENW,WI,AGL,CE,Federal Contract Tower,0,16,44,0,60,0,0,50,0,50,0,16,94,0,110,68,2,70,180
07/07/2022,ENW,WI,AGL,CE,Federal Contract Tower,0,9,14,0,23,0,0,42,0,42,0,9,56,0,65,64,0,64,129
07/08/2022,ENW,WI,AGL,CE,Federal Contract Tower,0,15,13,0,28,0,0,41,0,41,0,15,54,0,69,86,0,86,155
07/09/2022,ENW,WI,AGL,CE,Federal Contract Tower,0,12,10,0,22,0,1,122,0,123,0,13,132,0,145,210,0,210,355
07/10/2022,ENW,WI,AGL,CE,Federal Contract Tower,0,7,11,0,18,0,0,85,0,85,0,7,96,0,103,56,0,56,159
07/11/2022,ENW,WI,AGL,CE,Federal Contract Tower,0,13,2,0,15,0,1,23,0,24,0,14,25,0,39,4,0,4,43
07/12/2022,ENW,WI,AGL,CE,Federal Contract Tower,0,17,13,0,30,0,0,98,0,98,0,17,111,0,128,40,0,40,168
07/13/2022,ENW,WI,AGL,CE,Federal Contract Tower,0,12,10,0,22,0,0,69,0,69,0,12,79,0,91,100,0,100,191
07/14/2022,ENW,WI,AGL,CE,Federal Contract Tower,0,20,27,0,47,0,0,104,0,104,0,20,131,0,151,142,0,142,293
07/15/2022,ENW,WI,AGL,CE,Federal Contract Tower,0,20,12,0,32,0,0,32,0,32,0,20,44,0,64,54,0,54,118
07/16/2022,ENW,WI,AGL,CE,Federal Contract Tower,0,4,23,0,27,0,0,43,0,43,0,4,66,0,70,4,0,4,74
07/17/2022,ENW,WI,AGL,CE,Federal Contract Tower,0,14,22,0,36,0,0,103,0,103,0,14,125,0,139,106,0,106,245
07/18/2022,ENW,WI,AGL,CE,Federal Contract Tower,0,12,2,0,14,0,0,90,0,90,0,12,92,0,104,112,0,112,216
07/19/2022,ENW,WI,AGL,CE,Federal Contract Tower,0,13,18,0,31,0,0,173,0,173,0,13,191,0,204,196,0,196,400
07/20/2022,ENW,WI,AGL,CE,Federal Contract Tower,0,27,16,0,43,0,0,97,0,97,0,27,113,0,140,62,0,62,202
07/21/2022,ENW,WI,AGL,CE,Federal Contract Tower,0,11,7,0,18,0,0,79,0,79,0,11,86,0,97,52,0,52,149
07/22/2022,ENW,WI,AGL,CE,Federal Contract Tower,0,11,10,0,21,0,0,103,0,103,0,11,113,0,124,126,0,126,250
07/23/2022,ENW,WI,AGL,CE,Federal Contract Tower,0,11,9,0,20,0,0,82,0,82,0,11,91,0,102,113,0,113,215
07/24/2022,ENW,WI,AGL,CE,Federal Contract Tower,0,9,19,0,28,0,0,89,0,89,0,9,108,0,117,74,0,74,191
07/25/2022,ENW,WI,AGL,CE,Federal Contract Tower,0,8,9,0,17,0,1,64,0,65,0,9,73,0,82,22,0,22,104
07/26/2022,ENW,WI,AGL,CE,Federal Contract Tower,0,15,18,0,33,0,0,103,0,103,0,15,121,0,136,138,0,138,274
07/27/2022,ENW,WI,AGL,CE,Federal Contract Tower,0,20,9,0,29,0,0,46,0,46,0,20,55,0,75,72,0,72,147
07/28/2022,ENW,WI,AGL,CE,Federal Contract Tower,0,19,13,2,34,0,0,82,0,82,0,19,95,2,116,66,0,66,182
07/29/2022,ENW,WI,AGL,CE,Federal Contract Tower,0,26,13,0,39,0,0,97,0,97,0,26,110,0,136,90,0,90,226
07/30/2022,ENW,WI,AGL,CE,Federal Contract Tower,0,3,8,0,11,0,0,66,0,66,0,3,74,0,77,120,0,120,197
07/31/2022,ENW,WI,AGL,CE,Federal Contract Tower,0,18,5,0,23,0,0,85,6,91,0,18,90,6,114,74,0,74,188
08/01/2022,ENW,WI,AGL,CE,Federal Contract Tower,0,21,14,0,35,0,0,92,0,92,0,21,106,0,127,92,0,92,219
08/02/2022,ENW,WI,AGL,CE,Federal Contract Tower,0,12,11,0,23,0,0,113,0,113,0,12,124,0,136,214,0,214,350
08/03/2022,ENW,WI,AGL,CE,Federal Contract Tower,0,15,2,0,17,0,0,49,0,49,0,15,51,0,66,70,0,70,136
08/04/2022,ENW,WI,AGL,CE,Federal Contract Tower,0,17,10,0,27,0,0,88,0,88,0,17,98,0,115,128,0,128,243
08/05/2022,ENW,WI,AGL,CE,Federal Contract Tower,0,17,24,0,41,0,0,108,0,108,0,17,132,0,149,158,0,158,307
08/06/2022,ENW,WI,AGL,CE,Federal Contract Tower,0,8,5,0,13,0,0,81,0,81,0,8,86,0,94,66,0,66,160
08/07/2022,ENW,WI,AGL,CE,Federal Contract Tower,0,18,4,0,22,0,0,16,0,16,0,18,20,0,38,0,0,0,38
08/08/2022,ENW,WI,AGL,CE,Federal Contract Tower,0,28,5,0,33,0,0,8,0,8,0,28,13,0,41,12,0,12,53
08/09/2022,ENW,WI,AGL,CE,Federal Contract Tower,0,11,9,0,20,0,0,98,0,98,0,11,107,0,118,136,0,136,254
08/10/2022,ENW,WI,AGL,CE,Federal Contract Tower,0,13,11,0,24,0,0,167,0,167,0,13,178,0,191,188,0,188,379
08/11/2022,ENW,WI,AGL,CE,Federal Contract Tower,0,20,13,0,33,0,0,131,0,131,0,20,144,0,164,160,0,160,324
08/12/2022,ENW,WI,AGL,CE,Federal Contract Tower,0,21,9,0,30,0,0,108,0,108,0,21,117,0,138,230,0,230,368
08/13/2022,ENW,WI,AGL,CE,Federal Contract Tower,0,8,10,0,18,0,0,64,0,64,0,8,74,0,82,124,0,124,206
08/14/2022,ENW,WI,AGL,CE,Federal Contract Tower,0,24,12,0,36,0,0,5,0,5,0,24,17,0,41,0,0,0,41
08/15/2022,ENW,WI,AGL,CE,Federal Contract Tower,0,12,11,0,23,0,0,75,0,75,0,12,86,0,98,90,0,90,188
08/16/2022,ENW,WI,AGL,CE,Federal Contract Tower,0,23,6,0,29,0,0,175,0,175,0,23,181,0,204,184,0,184,388
08/17/2022,ENW,WI,AGL,CE,Federal Contract Tower,0,18,16,0,34,0,6,90,0,96,0,24,106,0,130,184,0,184,314
08/18/2022,ENW,WI,AGL,CE,Federal Contract Tower,0,22,11,0,33,0,0,99,0,99,0,22,110,0,132,104,0,104,236
08/19/2022,ENW,WI,AGL,CE,Federal Contract Tower,0,13,11,0,24,0,0,94,0,94,0,13,105,0,118,82,0,82,200
08/20/2022,ENW,WI,AGL,CE,Federal Contract Tower,0,15,6,0,21,0,0,39,0,39,0,15,45,0,60,56,0,56,116
08/21/2022,ENW,WI,AGL,CE,Federal Contract Tower,0,11,17,0,28,0,0,40,0,40,0,11,57,0,68,58,0,58,126
08/22/2022,ENW,WI,AGL,CE,Federal Contract Tower,0,7,17,0,24,0,0,144,0,144,0,7,161,0,168,202,0,202,370
08/23/2022,ENW,WI,AGL,CE,Federal Contract Tower,0,8,18,0,26,0,0,0,0,0,0,8,18,0,26,222,0,222,248
08/24/2022,ENW,WI,AGL,CE,Federal Contract Tower,0,12,17,0,29,0,0,104,0,104,0,12,121,0,133,196,0,196,329
08/25/2022,ENW,WI,AGL,CE,Federal Contract Tower,0,16,15,0,31,0,0,22,0,22,0,16,37,0,53,110,0,110,163
08/26/2022,ENW,WI,AGL,CE,Federal Contract Tower,0,20,13,0,33,0,0,119,0,119,0,20,132,0,152,154,0,154,306
08/27/2022,ENW,WI,AGL,CE,Federal Contract Tower,0,8,15,0,23,0,0,121,0,121,0,8,136,0,144,120,0,120,264
08/28/2022,ENW,WI,AGL,CE,Federal Contract Tower,0,6,12,0,18,0,0,56,0,56,0,6,68,0,74,48,0,48,122
08/29/2022,ENW,WI,AGL,CE,Federal Contract Tower,0,16,9,0,25,0,0,25,0,25,0,16,34,0,50,10,0,10,60
08/30/2022,ENW,WI,AGL,CE,Federal Contract Tower,0,10,7,0,17,0,0,90,0,90,0,10,97,0,107,60,0,60,167
08/31/2022,ENW,WI,AGL,CE,Federal Contract Tower,0,5,17,0,22,0,0,93,0,93,0,5,110,0,115,134,0,134,249
09/01/2022,ENW,WI,AGL,CE,Federal Contract Tower,0,9,10,0,19,0,0,96,0,96,0,9,106,0,115,114,0,114,229
09/02/2022,ENW,WI,AGL,CE,Federal Contract Tower,0,21,16,0,37,0,0,118,0,118,0,21,134,0,155,118,0,118,273
09/03/2022,ENW,WI,AGL,CE,Federal Contract Tower,0,16,5,0,21,0,0,72,0,72,0,16,77,0,93,86,0,86,179
09/04/2022,ENW,WI,AGL,CE,Federal Contract Tower,0,6,18,0,24,0,0,3,0,3,0,6,21,0,27,30,0,30,57
09/05/2022,ENW,WI,AGL,CE,Federal Contract Tower,0,15,16,0,31,0,0,43,0,43,0,15,59,0,74,22,0,22,96
09/06/2022,ENW,WI,AGL,CE,Federal Contract Tower,0,25,18,0,43,0,0,126,0,126,0,25,144,0,169,176,0,176,345
09/07/2022,ENW,WI,AGL,CE,Federal Contract Tower,0,11,25,0,36,0,0,144,0,144,0,11,169,0,180,124,0,124,304
09/08/2022,ENW,WI,AGL,CE,Federal Contract Tower,0,16,23,4,43,0,0,70,0,70,0,16,93,4,113,90,0,90,203
09/09/2022,ENW,WI,AGL,CE,Federal Contract Tower,0,35,6,0,41,0,0,127,0,127,0,35,133,0,168,82,0,82,250
09/10/2022,ENW,WI,AGL,CE,Federal Contract Tower,0,13,9,0,22,0,0,144,0,144,0,13,153,0,166,94,0,94,260
09/11/2022,ENW,WI,AGL,CE,Federal Contract Tower,0,14,13,0,27,0,0,0,0,0,0,14,13,0,27,0,0,0,27
09/12/2022,ENW,WI,AGL,CE,Federal Contract Tower,0,13,8,0,21,0,0,14,0,14,0,13,22,0,35,10,0,10,45
09/13/2022,ENW,WI,AGL,CE,Federal Contract Tower,0,14,11,0,25,0,0,127,2,129,0,14,138,2,154,138,12,150,304
09/14/2022,ENW,WI,AGL,CE,Federal Contract Tower,0,14,13,0,27,0,0,67,0,67,0,14,80,0,94,182,0,182,276
09/15/2022,ENW,WI,AGL,CE,Federal Contract Tower,0,23,9,0,32,0,0,91,0,91,0,23,100,0,123,146,0,146,269
09/16/2022,ENW,WI,AGL,CE,Federal Contract Tower,0,21,16,0,37,0,0,133,0,133,0,21,149,0,170,160,0,160,330
09/17/2022,ENW,WI,AGL,CE,Federal Contract Tower,0,20,18,0,38,0,0,110,0,110,0,20,128,0,148,72,0,72,220
09/18/2022,ENW,WI,AGL,CE,Federal Contract Tower,0,22,6,0,28,0,0,80,0,80,0,22,86,0,108,80,0,80,188
09/19/2022,ENW,WI,AGL,CE,Federal Contract Tower,0,21,7,0,28,0,0,112,0,112,0,21,119,0,140,160,0,160,300
09/20/2022,ENW,WI,AGL,CE,Federal Contract Tower,0,17,10,0,27,0,0,75,0,75,0,17,85,0,102,104,0,104,206
09/21/2022,ENW,WI,AGL,CE,Federal Contract Tower,0,16,18,0,34,0,0,47,0,47,0,16,65,0,81,86,0,86,167
09/22/2022,ENW,WI,AGL,CE,Federal Contract Tower,0,20,24,0,44,0,0,90,0,90,0,20,114,0,134,110,0,110,244
09/23/2022,ENW,WI,AGL,CE,Federal Contract Tower,0,25,16,0,41,0,0,168,0,168,0,25,184,0,209,262,0,262,471
09/24/2022,ENW,WI,AGL,CE,Federal Contract Tower,0,12,26,0,38,0,0,116,0,116,0,12,142,0,154,248,0,248,402
09/25/2022,ENW,WI,AGL,CE,Federal Contract Tower,0,31,13,0,44,0,0,70,0,70,0,31,83,0,114,32,0,32,146
09/26/2022,ENW,WI,AGL,CE,Federal Contract Tower,0,12,14,0,26,0,0,60,0,60,0,12,74,0,86,52,0,52,138
09/27/2022,ENW,WI,AGL,CE,Federal Contract Tower,0,13,16,0,29,0,0,97,0,97,0,13,113,0,126,78,0,78,204
09/28/2022,ENW,WI,AGL,CE,Federal Contract Tower,0,16,8,0,24,0,0,96,0,96,0,16,104,0,120,130,0,130,250
09/29/2022,ENW,WI,AGL,CE,Federal Contract Tower,0,14,10,0,24,0,12,120,0,132,0,26,130,0,156,222,0,222,378
09/30/2022,ENW,WI,AGL,CE,Federal Contract Tower,0,30,11,0,41,0,0,128,0,128,0,30,139,0,169,84,0,84,253
10/01/2022,ENW,WI,AGL,CE,Federal Contract Tower,0,17,17,0,34,0,0,96,0,96,0,17,113,0,130,114,0,114,244
10/02/2022,ENW,WI,AGL,CE,Federal Contract Tower,0,20,12,0,32,0,0,112,0,112,0,20,124,0,144,116,0,116,260
10/03/2022,ENW,WI,AGL,CE,Federal Contract Tower,0,10,21,0,31,0,0,102,0,102,0,10,123,0,133,150,0,150,283
10/04/2022,ENW,WI,AGL,CE,Federal Contract Tower,0,9,15,0,24,0,0,154,0,154,0,9,169,0,178,218,0,218,396
10/05/2022,ENW,WI,AGL,CE,Federal Contract Tower,0,17,9,0,26,0,0,91,0,91,0,17,100,0,117,182,0,182,299
10/06/2022,ENW,WI,AGL,CE,Federal Contract Tower,0,18,11,0,29,0,6,36,0,42,0,24,47,0,71,38,0,38,109
10/07/2022,ENW,WI,AGL,CE,Federal Contract Tower,0,17,16,0,33,0,0,68,0,68,0,17,84,0,101,122,0,122,223
10/08/2022,ENW,WI,AGL,CE,Federal Contract Tower,0,21,11,0,32,0,6,112,0,118,0,27,123,0,150,118,0,118,268
10/09/2022,ENW,WI,AGL,CE,Federal Contract Tower,0,22,1,0,23,0,0,92,0,92,0,22,93,0,115,126,0,126,241
10/10/2022,ENW,WI,AGL,CE,Federal Contract Tower,0,26,6,0,32,0,0,124,0,124,0,26,130,0,156,140,0,140,296
10/11/2022,ENW,WI,AGL,CE,Federal Contract Tower,0,18,1,0,19,0,0,67,0,67,0,18,68,0,86,126,0,126,212
10/12/2022,ENW,WI,AGL,CE,Federal Contract Tower,0,22,2,0,24,0,0,5,0,5,0,22,7,0,29,2,0,2,31
10/13/2022,ENW,WI,AGL,CE,Federal Contract Tower,0,23,8,0,31,0,1,30,0,31,0,24,38,0,62,82,0,82,144
10/14/2022,ENW,WI,AGL,CE,Federal Contract Tower,0,24,13,0,37,0,0,89,0,89,0,24,102,0,126,146,0,146,272
10/15/2022,ENW,WI,AGL,CE,Federal Contract Tower,0,8,11,0,19,0,0,112,0,112,0,8,123,0,131,270,0,270,401
10/16/2022,ENW,WI,AGL,CE,Federal Contract Tower,0,18,7,0,25,0,4,91,0,95,0,22,98,0,120,140,0,140,260
10/17/2022,ENW,WI,AGL,CE,Federal Contract Tower,0,9,4,0,13,0,0,14,0,14,0,9,18,0,27,0,0,0,27
10/18/2022,ENW,WI,AGL,CE,Federal Contract Tower,0,7,3,0,10,0,2,15,0,17,0,9,18,0,27,44,0,44,71
10/19/2022,ENW,WI,AGL,CE,Federal Contract Tower,0,12,7,0,19,0,0,45,0,45,0,12,52,0,64,50,0,50,114
10/20/2022,ENW,WI,AGL,CE,Federal Contract Tower,0,14,10,0,24,0,0,54,0,54,0,14,64,0,78,180,0,180,258
10/21/2022,ENW,WI,AGL,CE,Federal Contract Tower,0,12,15,0,27,0,0,85,0,85,0,12,100,0,112,104,0,104,216
10/22/2022,ENW,WI,AGL,CE,Federal Contract Tower,0,8,4,0,12,0,0,84,0,84,0,8,88,0,96,78,0,78,174
10/23/2022,ENW,WI,AGL,CE,Federal Contract Tower,0,12,1,0,13,0,0,51,0,51,0,12,52,0,64,10,0,10,74
10/24/2022,ENW,WI,AGL,CE,Federal Contract Tower,0,17,4,0,21,0,0,48,0,48,0,17,52,0,69,48,0,48,117
10/25/2022,ENW,WI,AGL,CE,Federal Contract Tower,0,17,18,0,35,0,0,4,0,4,0,17,22,0,39,0,0,0,39
10/26/2022,ENW,WI,AGL,CE,Federal Contract Tower,0,19,11,0,30,0,1,61,0,62,0,20,72,0,92,110,0,110,202
10/27/2022,ENW,WI,AGL,CE,Federal Contract Tower,0,8,5,0,13,0,0,78,0,78,0,8,83,0,91,168,0,168,259
10/28/2022,ENW,WI,AGL,CE,Federal Contract Tower,0,18,13,0,31,0,1,126,0,127,0,19,139,0,158,214,0,214,372
10/29/2022,ENW,WI,AGL,CE,Federal Contract Tower,0,11,23,0,34,0,0,94,0,94,0,11,117,0,128,132,0,132,260
10/30/2022,ENW,WI,AGL,CE,Federal Contract Tower,0,8,14,0,22,0,0,70,0,70,0,8,84,0,92,38,0,38,130
10/31/2022,ENW,WI,AGL,CE,Federal Contract Tower,0,18,11,0,29,0,0,20,0,20,0,18,31,0,49,60,0,60,109
11/01/2022,ENW,WI,AGL,CE,Federal Contract Tower,0,22,13,0,35,0,0,114,0,114,0,22,127,0,149,222,0,222,371
11/02/2022,ENW,WI,AGL,CE,Federal Contract Tower,0,9,8,0,17,0,0,47,0,47,0,9,55,0,64,102,0,102,166
11/03/2022,ENW,WI,AGL,CE,Federal Contract Tower,0,10,11,0,21,0,0,54,0,54,0,10,65,0,75,156,0,156,231
11/04/2022,ENW,WI,AGL,CE,Federal Contract Tower,0,7,0,0,7,0,0,39,0,39,0,7,39,0,46,26,0,26,72
11/05/2022,ENW,WI,AGL,CE,Federal Contract Tower,0,7,0,0,7,0,0,1,0,1,0,7,1,0,8,0,0,0,8
11/06/2022,ENW,WI,AGL,CE,Federal Contract Tower,0,14,8,0,22,0,0,64,0,64,0,14,72,0,86,10,0,10,96
11/07/2022,ENW,WI,AGL,CE,Federal Contract Tower,0,9,15,0,24,0,0,83,0,83,0,9,98,0,107,48,0,48,155
11/08/2022,ENW,WI,AGL,CE,Federal Contract Tower,0,13,9,0,22,0,0,83,0,83,0,13,92,0,105,18,0,18,123
11/09/2022,ENW,WI,AGL,CE,Federal Contract Tower,0,16,11,0,27,0,0,71,2,73,0,16,82,2,100,176,0,176,276
11/10/2022,ENW,WI,AGL,CE,Federal Contract Tower,0,7,6,0,13,0,0,59,0,59,0,7,65,0,72,86,0,86,158
11/11/2022,ENW,WI,AGL,CE,Federal Contract Tower,0,11,13,0,24,0,0,79,0,79,0,11,92,0,103,144,0,144,247
11/12/2022,ENW,WI,AGL,CE,Federal Contract Tower,0,9,2,0,11,0,0,65,0,65,0,9,67,0,76,158,0,158,234
11/13/2022,ENW,WI,AGL,CE,Federal Contract Tower,0,17,9,0,26,0,0,102,9,111,0,17,111,9,137,74,0,74,211
11/14/2022,ENW,WI,AGL,CE,Federal Contract Tower,0,15,8,0,23,0,1,86,0,87,0,16,94,0,110,62,0,62,172
11/15/2022,ENW,WI,AGL,CE,Federal Contract Tower,0,17,0,0,17,0,0,0,0,0,0,17,0,0,17,0,0,0,17
11/16/2022,ENW,WI,AGL,CE,Federal Contract Tower,0,25,4,0,29,0,0,21,0,21,0,25,25,0,50,76,8,84,134
11/17/2022,ENW,WI,AGL,CE,Federal Contract Tower,0,14,5,0,19,0,0,8,0,8,0,14,13,0,27,48,0,48,75
11/18/2022,ENW,WI,AGL,CE,Federal Contract Tower,0,8,5,0,13,0,0,11,0,11,0,8,16,0,24,0,0,0,24
11/19/2022,ENW,WI,AGL,CE,Federal Contract Tower,0,9,18,0,27,0,0,27,0,27,0,9,45,0,54,58,0,58,112
11/20/2022,ENW,WI,AGL,CE,Federal Contract Tower,0,24,7,0,31,0,0,84,0,84,0,24,91,0,115,112,0,112,227
11/21/2022,ENW,WI,AGL,CE,Federal Contract Tower,0,15,15,0,30,0,4,85,0,89,0,19,100,0,119,202,0,202,321
11/22/2022,ENW,WI,AGL,CE,Federal Contract Tower,0,15,16,2,33,0,0,120,0,120,0,15,136,2,153,226,0,226,379
11/23/2022,ENW,WI,AGL,CE,Federal Contract Tower,0,17,18,0,35,0,0,65,0,65,0,17,83,0,100,118,0,118,218
11/24/2022,ENW,WI,AGL,CE,Federal Contract Tower,0,4,7,0,11,0,0,11,0,11,0,4,18,0,22,46,0,46,68
11/25/2022,ENW,WI,AGL,CE,Federal Contract Tower,0,6,6,0,12,0,0,81,0,81,0,6,87,0,93,188,0,188,281
11/26/2022,ENW,WI,AGL,CE,Federal Contract Tower,0,9,9,0,18,0,0,86,0,86,0,9,95,0,104,188,0,188,292
11/27/2022,ENW,WI,AGL,CE,Federal Contract Tower,0,28,1,0,29,0,0,10,0,10,0,28,11,0,39,0,0,0,39
11/28/2022,ENW,WI,AGL,CE,Federal Contract Tower,0,16,7,0,23,0,0,84,0,84,0,16,91,0,107,112,0,112,219
11/29/2022,ENW,WI,AGL,CE,Federal Contract Tower,0,1,1,0,2,0,0,13,0,13,0,1,14,0,15,54,0,54,69
11/30/2022,ENW,WI,AGL,CE,Federal Contract Tower,0,11,0,0,11,0,0,2,0,2,0,11,2,0,13,12,0,12,25
12/01/2022,ENW,WI,AGL,CE,Federal Contract Tower,0,11,9,0,20,0,0,48,0,48,0,11,57,0,68,132,0,132,200
12/02/2022,ENW,WI,AGL,CE,Federal Contract Tower,0,8,2,0,10,0,0,21,0,21,0,8,23,0,31,30,0,30,61
12/03/2022,ENW,WI,AGL,CE,Federal Contract Tower,0,9,1,0,10,0,0,47,0,47,0,9,48,0,57,72,0,72,129
12/04/2022,ENW,WI,AGL,CE,Federal Contract Tower,0,7,6,0,13,0,0,49,0,49,0,7,55,0,62,58,0,58,120
12/05/2022,ENW,WI,AGL,CE,Federal Contract Tower,0,5,11,0,16,0,0,45,0,45,0,5,56,0,61,106,0,106,167
12/06/2022,ENW,WI,AGL,CE,Federal Contract Tower,0,16,16,0,32,0,0,50,0,50,0,16,66,0,82,134,0,134,216
12/07/2022,ENW,WI,AGL,CE,Federal Contract Tower,0,8,9,0,17,0,0,7,0,7,0,8,16,0,24,58,0,58,82
12/08/2022,ENW,WI,AGL,CE,Federal Contract Tower,0,11,4,0,15,0,0,30,0,30,0,11,34,0,45,60,0,60,105
12/09/2022,ENW,WI,AGL,CE,Federal Contract Tower,0,14,2,0,16,0,0,0,0,0,0,14,2,0,16,0,0,0,16
12/10/2022,ENW,WI,AGL,CE,Federal Contract Tower,0,10,6,0,16,0,0,11,0,11,0,10,17,0,27,16,0,16,43
12/11/2022,ENW,WI,AGL,CE,Federal Contract Tower,0,6,1,0,7,0,0,26,0,26,0,6,27,0,33,68,0,68,101
12/12/2022,ENW,WI,AGL,CE,Federal Contract Tower,0,12,3,0,15,0,0,29,0,29,0,12,32,0,44,30,0,30,74
12/13/2022,ENW,WI,AGL,CE,Federal Contract Tower,0,17,1,0,18,0,0,32,0,32,0,17,33,0,50,28,0,28,78
12/14/2022,ENW,WI,AGL,CE,Federal Contract Tower,0,9,2,0,11,0,0,0,0,0,0,9,2,0,11,0,0,0,11
12/15/2022,ENW,WI,AGL,CE,Federal Contract Tower,0,9,1,0,10,0,0,15,0,15,0,9,16,0,25,58,0,58,83
12/16/2022,ENW,WI,AGL,CE,Federal Contract Tower,0,15,0,0,15,0,0,18,0,18,0,15,18,0,33,92,0,92,125
12/17/2022,ENW,WI,AGL,CE,Federal Contract Tower,0,6,1,0,7,0,0,24,0,24,0,6,25,0,31,92,0,92,123
12/18/2022,ENW,WI,AGL,CE,Federal Contract Tower,0,5,8,0,13,0,0,33,0,33,0,5,41,0,46,56,0,56,102
12/19/2022,ENW,WI,AGL,CE,Federal Contract Tower,0,11,14,0,25,0,0,86,0,86,0,11,100,0,111,86,0,86,197
12/20/2022,ENW,WI,AGL,CE,Federal Contract Tower,0,16,10,0,26,0,0,67,0,67,0,16,77,0,93,102,0,102,195
12/21/2022,ENW,WI,AGL,CE,Federal Contract Tower,0,16,11,0,27,0,0,24,0,24,0,16,35,0,51,44,0,44,95
12/22/2022,ENW,WI,AGL,CE,Federal Contract Tower,0,4,3,0,7,0,0,0,0,0,0,4,3,0,7,0,0,0,7
12/23/2022,ENW,WI,AGL,CE,Federal Contract Tower,0,2,2,0,4,0,0,0,0,0,0,2,2,0,4,0,0,0,4
12/24/2022,ENW,WI,AGL,CE,Federal Contract Tower,0,2,2,0,4,0,0,0,0,0,0,2,2,0,4,0,0,0,4
12/25/2022,ENW,WI,AGL,CE,Federal Contract Tower,0,0,0,0,0,0,0,5,0,5,0,0,5,0,5,0,0,0,5
12/26/2022,ENW,WI,AGL,CE,Federal Contract Tower,0,14,10,0,24,0,0,46,0,46,0,14,56,0,70,64,0,64,134
12/27/2022,ENW,WI,AGL,CE,Federal Contract Tower,0,17,8,0,25,0,0,45,0,45,0,17,53,0,70,12,0,12,82
12/28/2022,ENW,WI,AGL,CE,Federal Contract Tower,0,18,7,0,25,0,0,44,0,44,0,18,51,0,69,42,0,42,111
12/29/2022,ENW,WI,AGL,CE,Federal Contract Tower,0,7,8,0,15,0,0,12,0,12,0,7,20,0,27,16,0,16,43
12/30/2022,ENW,WI,AGL,CE,Federal Contract Tower,0,9,7,0,16,0,0,44,0,44,0,9,51,0,60,62,0,62,122
12/31/2022,ENW,WI,AGL,CE,Federal Contract Tower,0,5,4,0,9,0,0,19,0,19,0,5,23,0,28,16,0,16,44
01/01/2023,ENW,WI,AGL,CE,Federal Contract Tower,0,6,1,0,7,0,0,14,0,14,0,6,15,0,21,20,0,20,41
01/02/2023,ENW,WI,AGL,CE,Federal Contract Tower,0,7,10,0,17,0,0,41,0,41,0,7,51,0,58,92,0,92,150
01/03/2023,ENW,WI,AGL,CE,Federal Contract Tower,0,4,1,0,5,0,0,0,0,0,0,4,1,0,5,0,0,0,5
01/04/2023,ENW,WI,AGL,CE,Federal Contract Tower,0,15,6,0,21,0,0,18,0,18,0,15,24,0,39,60,0,60,99
01/05/2023,ENW,WI,AGL,CE,Federal Contract Tower,0,9,3,0,12,0,0,11,0,11,0,9,14,0,23,58,0,58,81
01/06/2023,ENW,WI,AGL,CE,Federal Contract Tower,0,10,2,0,12,0,0,41,0,41,0,10,43,0,53,98,0,98,151
01/07/2023,ENW,WI,AGL,CE,Federal Contract Tower,0,7,5,0,12,0,0,32,0,32,0,7,37,0,44,62,0,62,106
01/08/2023,ENW,WI,AGL,CE,Federal Contract Tower,0,10,6,0,16,0,0,32,0,32,0,10,38,0,48,120,0,120,168
01/09/2023,ENW,WI,AGL,CE,Federal Contract Tower,0,8,14,0,22,0,0,95,0,95,0,8,109,0,117,132,0,132,249
01/10/2023,ENW,WI,AGL,CE,Federal Contract Tower,0,9,11,0,20,0,0,84,0,84,0,9,95,0,104,186,10,196,300
01/11/2023,ENW,WI,AGL,CE,Federal Contract Tower,0,12,15,0,27,0,0,22,0,22,0,12,37,0,49,38,0,38,87
01/12/2023,ENW,WI,AGL,CE,Federal Contract Tower,0,10,1,0,11,0,0,10,0,10,0,10,11,0,21,60,0,60,81
01/13/2023,ENW,WI,AGL,CE,Federal Contract Tower,0,12,1,0,13,0,0,30,0,30,0,12,31,0,43,14,0,14,57
01/14/2023,ENW,WI,AGL,CE,Federal Contract Tower,0,14,9,0,23,0,0,77,0,77,0,14,86,0,100,90,0,90,190
01/15/2023,ENW,WI,AGL,CE,Federal Contract Tower,0,15,13,0,28,0,0,53,0,53,0,15,66,0,81,28,0,28,109
01/16/2023,ENW,WI,AGL,CE,Federal Contract Tower,0,5,2,0,7,0,0,0,0,0,0,5,2,0,7,0,0,0,7
01/17/2023,ENW,WI,AGL,CE,Federal Contract Tower,0,15,5,0,20,0,0,4,0,4,0,15,9,0,24,40,0,40,64
01/18/2023,ENW,WI,AGL,CE,Federal Contract Tower,0,26,3,0,29,0,0,32,0,32,0,26,35,0,61,50,0,50,111
01/19/2023,ENW,WI,AGL,CE,Federal Contract Tower,0,9,4,0,13,0,0,0,0,0,0,9,4,0,13,0,0,0,13
01/20/2023,ENW,WI,AGL,CE,Federal Contract Tower,0,10,2,0,12,0,0,42,0,42,0,10,44,0,54,88,0,88,142
01/21/2023,ENW,WI,AGL,CE,Federal Contract Tower,0,8,8,0,16,0,0,16,0,16,0,8,24,0,32,80,0,80,112
01/22/2023,ENW,WI,AGL,CE,Federal Contract Tower,0,6,4,0,10,0,0,0,0,0,0,6,4,0,10,0,0,0,10
01/23/2023,ENW,WI,AGL,CE,Federal Contract Tower,0,14,2,0,16,0,0,17,0,17,0,14,19,0,33,12,0,12,45
01/24/2023,ENW,WI,AGL,CE,Federal Contract Tower,0,11,5,0,16,0,0,23,0,23,0,11,28,0,39,52,0,52,91
01/25/2023,ENW,WI,AGL,CE,Federal Contract Tower,0,7,0,0,7,0,0,0,0,0,0,7,0,0,7,0,0,0,7
01/26/2023,ENW,WI,AGL,CE,Federal Contract Tower,0,13,3,0,16,0,0,8,0,8,0,13,11,0,24,0,0,0,24
01/27/2023,ENW,WI,AGL,CE,Federal Contract Tower,0,11,1,0,12,0,0,1,0,1,0,11,2,0,13,8,0,8,21
01/28/2023,ENW,WI,AGL,CE,Federal Contract Tower,0,6,4,0,10,0,0,2,0,2,0,6,6,0,12,4,0,4,16
01/29/2023,ENW,WI,AGL,CE,Federal Contract Tower,0,13,2,0,15,0,0,2,0,2,0,13,4,0,17,0,0,0,17
01/30/2023,ENW,WI,AGL,CE,Federal Contract Tower,0,12,7,0,19,0,0,14,0,14,0,12,21,0,33,2,0,2,35
01/31/2023,ENW,WI,AGL,CE,Federal Contract Tower,0,7,7,0,14,0,0,48,0,48,0,7,55,0,62,44,0,44,106
02/01/2023,ENW,WI,AGL,CE,Federal Contract Tower,0,12,14,0,26,0,0,43,0,43,0,12,57,0,69,20,0,20,89
02/02/2023,ENW,WI,AGL,CE,Federal Contract Tower,0,11,12,0,23,0,0,50,0,50,0,11,62,0,73,38,0,38,111
02/03/2023,ENW,WI,AGL,CE,Federal Contract Tower,0,7,5,1,13,0,0,48,0,48,0,7,53,1,61,18,0,18,79
02/04/2023,ENW,WI,AGL,CE,Federal Contract Tower,0,7,5,0,12,0,0,33,0,33,0,7,38,0,45,18,0,18,63
02/05/2023,ENW,WI,AGL,CE,Federal Contract Tower,0,10,9,0,19,0,0,55,0,55,0,10,64,0,74,116,0,116,190
02/06/2023,ENW,WI,AGL,CE,Federal Contract Tower,0,13,9,0,22,0,0,64,0,64,0,13,73,0,86,66,0,66,152
02/07/2023,ENW,WI,AGL,CE,Federal Contract Tower,0,6,3,0,9,0,0,13,0,13,0,6,16,0,22,52,0,52,74
02/08/2023,ENW,WI,AGL,CE,Federal Contract Tower,0,11,12,0,23,0,0,76,0,76,0,11,88,0,99,134,0,134,233
02/09/2023,ENW,WI,AGL,CE,Federal Contract Tower,0,9,1,0,10,0,0,0,0,0,0,9,1,0,10,0,0,0,10
02/10/2023,ENW,WI,AGL,CE,Federal Contract Tower,0,10,14,0,24,0,0,86,0,86,0,10,100,0,110,150,0,150,260
02/11/2023,ENW,WI,AGL,CE,Federal Contract Tower,0,7,8,0,15,0,0,76,0,76,0,7,84,0,91,118,0,118,209
02/12/2023,ENW,WI,AGL,CE,Federal Contract Tower,0,8,9,0,17,0,0,101,0,101,0,8,110,0,118,78,0,78,196
02/13/2023,ENW,WI,AGL,CE,Federal Contract Tower,0,3,8,0,11,0,1,94,0,95,0,4,102,0,106,120,0,120,226
02/14/2023,ENW,WI,AGL,CE,Federal Contract Tower,0,4,7,0,11,0,0,67,0,67,0,4,74,0,78,128,2,130,208
02/15/2023,ENW,WI,AGL,CE,Federal Contract Tower,0,23,3,0,26,0,0,5,0,5,0,23,8,0,31,0,0,0,31
02/16/2023,ENW,WI,AGL,CE,Federal Contract Tower,0,4,2,0,6,0,0,0,0,0,0,4,2,0,6,0,0,0,6
02/17/2023,ENW,WI,AGL,CE,Federal Contract Tower,0,15,4,0,19,0,0,42,0,42,0,15,46,0,61,14,0,14,75
02/18/2023,ENW,WI,AGL,CE,Federal Contract Tower,0,5,4,0,9,0,0,81,0,81,0,5,85,0,90,94,0,94,184
02/19/2023,ENW,WI,AGL,CE,Federal Contract Tower,0,7,6,0,13,0,0,32,0,32,0,7,38,0,45,14,0,14,59
02/20/2023,ENW,WI,AGL,CE,Federal Contract Tower,0,18,6,0,24,0,0,105,0,105,0,18,111,0,129,212,0,212,341
02/21/2023,ENW,WI,AGL,CE,Federal Contract Tower,0,7,10,0,17,0,0,0,0,0,0,7,10,0,17,48,0,48,65
02/22/2023,ENW,WI,AGL,CE,Federal Contract Tower,0,2,0,0,2,0,0,0,0,0,0,2,0,0,2,0,0,0,2
02/23/2023,ENW,WI,AGL,CE,Federal Contract Tower,0,8,2,0,10,0,0,0,0,0,0,8,2,0,10,0,0,0,10
02/24/2023,ENW,WI,AGL,CE,Federal Contract Tower,0,8,5,0,13,0,0,50,0,50,0,8,55,0,63,188,0,188,251
02/25/2023,ENW,WI,AGL,CE,Federal Contract Tower,0,14,7,0,21,0,0,49,0,49,0,14,56,0,70,68,0,68,138
02/26/2023,ENW,WI,AGL,CE,Federal Contract Tower,0,12,4,0,16,0,0,91,0,91,0,12,95,0,107,152,0,152,259
02/27/2023,ENW,WI,AGL,CE,Federal Contract Tower,0,13,2,0,15,0,0,0,0,0,0,13,2,0,15,0,0,0,15
02/28/2023,ENW,WI,AGL,CE,Federal Contract Tower,0,7,6,0,13,0,0,75,0,75,0,7,81,0,88,92,0,92,180
03/01/2023,ENW,WI,AGL,CE,Federal Contract Tower,0,14,9,0,23,0,0,27,0,27,0,14,36,0,50,86,0,86,136
03/02/2023,ENW,WI,AGL,CE,Federal Contract Tower,0,25,4,0,29,0,0,26,0,26,0,25,30,0,55,44,0,44,99
03/03/2023,ENW,WI,AGL,CE,Federal Contract Tower,0,2,13,0,15,0,0,22,0,22,0,2,35,0,37,18,0,18,55
03/04/2023,ENW,WI,AGL,CE,Federal Contract Tower,0,7,7,0,14,0,0,65,0,65,0,7,72,0,79,142,0,142,221
03/05/2023,ENW,WI,AGL,CE,Federal Contract Tower,0,13,3,0,16,0,0,75,0,75,0,13,78,0,91,92,0,92,183
03/06/2023,ENW,WI,AGL,CE,Federal Contract Tower,0,18,12,0,30,0,0,63,0,63,0,18,75,0,93,86,0,86,179
03/07/2023,ENW,WI,AGL,CE,Federal Contract Tower,0,10,11,0,21,0,0,68,0,68,0,10,79,0,89,100,0,100,189
03/08/2023,ENW,WI,AGL,CE,Federal Contract Tower,0,17,8,0,25,0,0,75,0,75,0,17,83,0,100,188,0,188,288
03/09/2023,ENW,WI,AGL,CE,Federal Contract Tower,0,10,4,0,14,0,2,22,0,24,0,12,26,0,38,28,0,28,66
03/10/2023,ENW,WI,AGL,CE,Federal Contract Tower,0,3,2,0,5,0,0,5,0,5,0,3,7,0,10,16,0,16,26
03/11/2023,ENW,WI,AGL,CE,Federal Contract Tower,0,12,4,0,16,0,0,18,0,18,0,12,22,0,34,0,0,0,34
03/12/2023,ENW,WI,AGL,CE,Federal Contract Tower,0,10,0,0,10,0,0,0,0,0,0,10,0,0,10,20,0,20,30
03/13/2023,ENW,WI,AGL,CE,Federal Contract Tower,0,5,5,0,10,0,0,0,0,0,0,5,5,0,10,0,0,0,10
03/14/2023,ENW,WI,AGL,CE,Federal Contract Tower,0,24,10,0,34,0,0,89,0,89,0,24,99,0,123,110,0,110,233
03/15/2023,ENW,WI,AGL,CE,Federal Contract Tower,0,15,4,0,19,0,0,44,0,44,0,15,48,0,63,82,0,82,145
03/16/2023,ENW,WI,AGL,CE,Federal Contract Tower,0,19,3,0,22,0,0,25,0,25,0,19,28,0,47,64,0,64,111
03/17/2023,ENW,WI,AGL,CE,Federal Contract Tower,0,10,0,0,10,0,0,13,0,13,0,10,13,0,23,44,0,44,67
03/18/2023,ENW,WI,AGL,CE,Federal Contract Tower,0,9,2,0,11,0,0,24,0,24,0,9,26,0,35,90,0,90,125
03/19/2023,ENW,WI,AGL,CE,Federal Contract Tower,0,9,4,0,13,0,0,70,0,70,0,9,74,0,83,148,0,148,231
03/20/2023,ENW,WI,AGL,CE,Federal Contract Tower,0,15,11,0,26,0,0,64,0,64,0,15,75,0,90,62,0,62,152
03/21/2023,ENW,WI,AGL,CE,Federal Contract Tower,0,20,9,0,29,0,0,115,0,115,0,20,124,0,144,180,0,180,324
03/22/2023,ENW,WI,AGL,CE,Federal Contract Tower,0,15,7,0,22,0,0,5,0,5,0,15,12,0,27,62,0,62,89
03/23/2023,ENW,WI,AGL,CE,Federal Contract Tower,0,22,5,0,27,0,0,40,0,40,0,22,45,0,67,90,0,90,157
03/24/2023,ENW,WI,AGL,CE,Federal Contract Tower,0,13,10,0,23,0,1,76,0,77,0,14,86,0,100,174,0,174,274
03/25/2023,ENW,WI,AGL,CE,Federal Contract Tower,0,3,3,0,6,0,0,0,0,0,0,3,3,0,6,0,0,0,6
03/26/2023,ENW,WI,AGL,CE,Federal Contract Tower,0,8,1,0,9,0,0,19,0,19,0,8,20,0,28,16,0,16,44
03/27/2023,ENW,WI,AGL,CE,Federal Contract Tower,0,11,9,3,23,0,2,33,1,36,0,13,42,4,59,10,0,10,69
03/28/2023,ENW,WI,AGL,CE,Federal Contract Tower,0,6,9,0,15,0,0,70,0,70,0,6,79,0,85,162,0,162,247
03/29/2023,ENW,WI,AGL,CE,Federal Contract Tower,0,9,6,0,15,0,0,45,0,45,0,9,51,0,60,66,0,66,126
03/30/2023,ENW,WI,AGL,CE,Federal Contract Tower,0,8,9,0,17,0,0,52,0,52,0,8,61,0,69,108,0,108,177
03/31/2023,ENW,WI,AGL,CE,Federal Contract Tower,0,9,3,0,12,0,0,20,0,20,0,9,23,0,32,0,0,0,32
04/01/2023,ENW,WI,AGL,CE,Federal Contract Tower,0,7,8,0,15,0,0,17,0,17,0,7,25,0,32,20,0,20,52
04/02/2023,ENW,WI,AGL,CE,Federal Contract Tower,0,15,13,0,28,0,0,77,0,77,0,15,90,0,105,70,0,70,175
04/03/2023,ENW,WI,AGL,CE,Federal Contract Tower,0,13,6,0,19,0,0,35,0,35,0,13,41,0,54,40,0,40,94
04/04/2023,ENW,WI,AGL,CE,Federal Contract Tower,0,8,4,0,12,0,0,0,0,0,0,8,4,0,12,0,0,0,12
04/05/2023,ENW,WI,AGL,CE,Federal Contract Tower,0,19,2,0,21,0,0,6,0,6,0,19,8,0,27,36,0,36,63
04/06/2023,ENW,WI,AGL,CE,Federal Contract Tower,0,10,26,0,36,0,0,53,0,53,0,10,79,0,89,118,0,118,207
04/07/2023,ENW,WI,AGL,CE,Federal Contract Tower,0,13,19,0,32,0,0,113,0,113,0,13,132,0,145,170,0,170,315
04/08/2023,ENW,WI,AGL,CE,Federal Contract Tower,0,5,9,0,14,0,0,78,0,78,0,5,87,0,92,228,0,228,320
04/09/2023,ENW,WI,AGL,CE,Federal Contract Tower,0,7,6,0,13,0,0,69,0,69,0,7,75,0,82,62,0,62,144
04/10/2023,ENW,WI,AGL,CE,Federal Contract Tower,0,12,5,0,17,0,0,45,0,45,0,12,50,0,62,34,0,34,96
04/11/2023,ENW,WI,AGL,CE,Federal Contract Tower,0,3,14,0,17,0,0,69,0,69,0,3,83,0,86,68,0,68,154
04/12/2023,ENW,WI,AGL,CE,Federal Contract Tower,0,19,8,0,27,0,0,71,0,71,0,19,79,0,98,140,0,140,238
04/13/2023,ENW,WI,AGL,CE,Federal Contract Tower,0,8,13,0,21,0,0,113,0,113,0,8,126,0,134,194,0,194,328
04/14/2023,ENW,WI,AGL,CE,Federal Contract Tower,0,20,12,0,32,0,0,128,0,128,0,20,140,0,160,256,0,256,416
04/15/2023,ENW,WI,AGL,CE,Federal Contract Tower,0,5,2,0,7,0,0,115,0,115,0,5,117,0,122,242,0,242,364
04/16/2023,ENW,WI,AGL,CE,Federal Contract Tower,0,16,0,0,16,0,0,0,0,0,0,16,0,0,16,0,0,0,16
04/17/2023,ENW,WI,AGL,CE,Federal Contract Tower,0,11,2,0,13,0,0,0,0,0,0,11,2,0,13,0,0,0,13
04/18/2023,ENW,WI,AGL,CE,Federal Contract Tower,0,14,9,0,23,0,0,103,0,103,0,14,112,0,126,160,0,160,286
04/19/2023,ENW,WI,AGL,CE,Federal Contract Tower,0,9,8,0,17,0,0,21,0,21,0,9,29,0,38,84,0,84,122
04/20/2023,ENW,WI,AGL,CE,Federal Contract Tower,0,10,3,0,13,0,0,15,0,15,0,10,18,0,28,36,0,36,64
04/21/2023,ENW,WI,AGL,CE,Federal Contract Tower,0,14,15,0,29,0,0,73,2,75,0,14,88,2,104,112,0,112,216
04/22/2023,ENW,WI,AGL,CE,Federal Contract Tower,0,4,2,0,6,0,0,54,0,54,0,4,56,0,60,158,0,158,218
04/23/2023,ENW,WI,AGL,CE,Federal Contract Tower,0,8,7,0,15,0,0,42,0,42,0,8,49,0,57,90,0,90,147
04/24/2023,ENW,WI,AGL,CE,Federal Contract Tower,0,10,8,0,18,0,0,91,0,91,0,10,99,0,109,82,0,82,191
04/25/2023,ENW,WI,AGL,CE,Federal Contract Tower,0,12,4,0,16,0,0,30,0,30,0,12,34,0,46,44,0,44,90
04/26/2023,ENW,WI,AGL,CE,Federal Contract Tower,0,25,11,2,38,0,0,68,0,68,0,25,79,2,106,166,0,166,272
04/27/2023,ENW,WI,AGL,CE,Federal Contract Tower,0,15,12,0,27,0,0,55,0,55,0,15,67,0,82,168,0,168,250
04/28/2023,ENW,WI,AGL,CE,Federal Contract Tower,0,13,8,0,21,0,0,108,0,108,0,13,116,0,129,122,0,122,251
04/29/2023,ENW,WI,AGL,CE,Federal Contract Tower,0,10,8,0,18,0,0,30,0,30,0,10,38,0,48,46,0,46,94
04/30/2023,ENW,WI,AGL,CE,Federal Contract Tower,0,17,0,0,17,0,0,9,0,9,0,17,9,0,26,6,0,6,32
05/01/2023,ENW,WI,AGL,CE,Federal Contract Tower,0,10,0,0,10,0,0,0,0,0,0,10,0,0,10,0,0,0,10
05/02/2023,ENW,WI,AGL,CE,Federal Contract Tower,0,12,5,0,17,0,0,13,0,13,0,12,18,0,30,38,0,38,68
05/03/2023,ENW,WI,AGL,CE,Federal Contract Tower,0,21,7,0,28,0,0,73,0,73,0,21,80,0,101,88,0,88,189
05/04/2023,ENW,WI,AGL,CE,Federal Contract Tower,0,14,10,0,24,0,0,71,0,71,0,14,81,0,95,94,0,94,189
05/05/2023,ENW,WI,AGL,CE,Federal Contract Tower,0,18,7,0,25,0,0,115,0,115,0,18,122,0,140,216,0,216,356
05/06/2023,ENW,WI,AGL,CE,Federal Contract Tower,0,4,5,0,9,0,0,58,0,58,0,4,63,0,67,98,0,98,165
05/07/2023,ENW,WI,AGL,CE,Federal Contract Tower,0,8,1,0,9,0,0,41,0,41,0,8,42,0,50,24,0,24,74
05/08/2023,ENW,WI,AGL,CE,Federal Contract Tower,0,13,1,0,14,0,0,0,0,0,0,13,1,0,14,0,0,0,14
05/09/2023,ENW,WI,AGL,CE,Federal Contract Tower,0,25,22,0,47,0,0,115,0,115,0,25,137,0,162,236,0,236,398
05/10/2023,ENW,WI,AGL,CE,Federal Contract Tower,0,10,10,0,20,0,0,74,0,74,0,10,84,0,94,174,0,174,268
05/11/2023,ENW,WI,AGL,CE,Federal Contract Tower,0,5,23,0,28,0,0,125,0,125,0,5,148,0,153,214,0,214,367
05/12/2023,ENW,WI,AGL,CE,Federal Contract Tower,0,9,9,0,18,0,0,70,0,70,0,9,79,0,88,112,0,112,200
05/13/2023,ENW,WI,AGL,CE,Federal Contract Tower,0,9,12,0,21,0,0,89,0,89,0,9,101,0,110,70,0,70,180
05/14/2023,ENW,WI,AGL,CE,Federal Contract Tower,0,8,3,0,11,0,0,17,0,17,0,8,20,0,28,32,0,32,60
05/15/2023,ENW,WI,AGL,CE,Federal Contract Tower,0,26,8,0,34,0,0,129,0,129,0,26,137,0,163,220,0,220,383
05/16/2023,ENW,WI,AGL,CE,Federal Contract Tower,0,5,10,0,15,0,0,88,0,88,0,5,98,0,103,180,0,180,283
05/17/2023,ENW,WI,AGL,CE,Federal Contract Tower,0,4,17,0,21,0,0,63,0,63,0,4,80,0,84,120,0,120,204
05/18/2023,ENW,WI,AGL,CE,Federal Contract Tower,0,7,7,0,14,0,0,87,0,87,0,7,94,0,101,146,0,146,247
05/19/2023,ENW,WI,AGL,CE,Federal Contract Tower,0,9,16,0,25,0,0,56,0,56,0,9,72,0,81,60,0,60,141
05/20/2023,ENW,WI,AGL,CE,Federal Contract Tower,0,12,20,0,32,0,0,85,0,85,0,12,105,0,117,212,0,212,329
05/21/2023,ENW,WI,AGL,CE,Federal Contract Tower,0,24,2,0,26,0,0,95,0,95,0,24,97,0,121,54,0,54,175
05/22/2023,ENW,WI,AGL,CE,Federal Contract Tower,0,13,3,0,16,0,6,125,0,131,0,19,128,0,147,186,0,186,333
05/23/2023,ENW,WI,AGL,CE,Federal Contract Tower,0,13,11,0,24,0,0,100,0,100,0,13,111,0,124,158,0,158,282
05/24/2023,ENW,WI,AGL,CE,Federal Contract Tower,0,20,15,0,35,0,0,38,0,38,0,20,53,0,73,64,0,64,137
05/25/2023,ENW,WI,AGL,CE,Federal Contract Tower,0,14,14,0,28,0,0,64,0,64,0,14,78,0,92,52,14,66,158
05/26/2023,ENW,WI,AGL,CE,Federal Contract Tower,0,21,19,0,40,0,0,146,0,146,0,21,165,0,186,264,0,264,450
05/27/2023,ENW,WI,AGL,CE,Federal Contract Tower,0,9,6,0,15,0,0,138,0,138,0,9,144,0,153,256,0,256,409
05/28/2023,ENW,WI,AGL,CE,Federal Contract Tower,0,6,9,0,15,0,0,95,0,95,0,6,104,0,110,130,0,130,240
05/29/2023,ENW,WI,AGL,CE,Federal Contract Tower,0,17,10,0,27,0,0,112,0,112,0,17,122,0,139,86,0,86,225
05/30/2023,ENW,WI,AGL,CE,Federal Contract Tower,0,14,11,0,25,0,22,129,0,151,0,36,140,0,176,212,0,212,388
05/31/2023,ENW,WI,AGL,CE,Federal Contract Tower,0,18,3,0,21,0,0,64,0,64,0,18,67,0,85,196,0,196,281
06/01/2023,ENW,WI,AGL,CE,Federal Contract Tower,0,27,14,0,41,0,0,72,0,72,0,27,86,0,113,224,0,224,337
06/02/2023,ENW,WI,AGL,CE,Federal Contract Tower,0,11,11,0,22,0,0,91,0,91,0,11,102,0,113,92,0,92,205
06/03/2023,ENW,WI,AGL,CE,Federal Contract Tower,0,1,8,0,9,0,0,67,0,67,0,1,75,0,76,56,0,56,132
06/04/2023,ENW,WI,AGL,CE,Federal Contract Tower,0,16,8,0,24,0,1,49,0,50,0,17,57,0,74,26,0,26,100
06/05/2023,ENW,WI,AGL,CE,Federal Contract Tower,0,13,12,0,25,0,0,125,2,127,0,13,137,2,152,106,0,106,258
06/06/2023,ENW,WI,AGL,CE,Federal Contract Tower,0,13,2,0,15,0,1,73,0,74,0,14,75,0,89,144,0,144,233
06/07/2023,ENW,WI,AGL,CE,Federal Contract Tower,0,25,21,0,46,0,0,105,0,105,0,25,126,0,151,150,0,150,301
06/08/2023,ENW,WI,AGL,CE,Federal Contract Tower,0,22,5,0,27,0,0,60,0,60,0,22,65,0,87,64,0,64,151
06/09/2023,ENW,WI,AGL,CE,Federal Contract Tower,0,11,13,0,24,0,0,86,0,86,0,11,99,0,110,148,0,148,258
06/10/2023,ENW,WI,AGL,CE,Federal Contract Tower,0,9,14,0,23,0,0,75,0,75,0,9,89,0,98,82,0,82,180
06/11/2023,ENW,WI,AGL,CE,Federal Contract Tower,0,9,4,0,13,0,0,0,0,0,0,9,4,0,13,0,0,0,13
06/12/2023,ENW,WI,AGL,CE,Federal Contract Tower,0,12,1,0,13,0,1,101,0,102,0,13,102,0,115,240,0,240,355
06/13/2023,ENW,WI,AGL,CE,Federal Contract Tower,0,11,12,0,23,0,0,18,0,18,0,11,30,0,41,44,0,44,85
06/14/2023,ENW,WI,AGL,CE,Federal Contract Tower,0,17,32,0,49,0,0,48,0,48,0,17,80,0,97,42,0,42,139
06/15/2023,ENW,WI,AGL,CE,Federal Contract Tower,0,29,8,0,37,0,0,28,0,28,0,29,36,0,65,4,0,4,69
06/16/2023,ENW,WI,AGL,CE,Federal Contract Tower,0,6,9,0,15,0,0,57,0,57,0,6,66,0,72,66,0,66,138
06/17/2023,ENW,WI,AGL,CE,Federal Contract Tower,0,17,8,0,25,0,0,152,0,152,0,17,160,0,177,126,0,126,303
06/18/2023,ENW,WI,AGL,CE,Federal Contract Tower,0,9,7,0,16,0,0,87,0,87,0,9,94,0,103,172,0,172,275
06/19/2023,ENW,WI,AGL,CE,Federal Contract Tower,0,19,8,0,27,0,0,116,0,116,0,19,124,0,143,144,0,144,287
06/20/2023,ENW,WI,AGL,CE,Federal Contract Tower,0,16,15,0,31,0,1,103,0,104,0,17,118,0,135,134,0,134,269
06/21/2023,ENW,WI,AGL,CE,Federal Contract Tower,0,11,15,0,26,0,0,86,0,86,0,11,101,0,112,182,0,182,294
06/22/2023,ENW,WI,AGL,CE,Federal Contract Tower,0,29,16,0,45,0,0,96,0,96,0,29,112,0,141,174,0,174,315
06/23/2023,ENW,WI,AGL,CE,Federal Contract Tower,0,16,19,0,35,0,0,97,0,97,0,16,116,0,132,96,0,96,228
06/24/2023,ENW,WI,AGL,CE,Federal Contract Tower,0,8,9,0,17,0,0,96,0,96,0,8,105,0,113,132,0,132,245
06/25/2023,ENW,WI,AGL,CE,Federal Contract Tower,0,27,6,0,33,0,0,38,0,38,0,27,44,0,71,42,0,42,113
06/26/2023,ENW,WI,AGL,CE,Federal Contract Tower,0,16,16,0,32,0,0,29,0,29,0,16,45,0,61,24,0,24,85
06/27/2023,ENW,WI,AGL,CE,Federal Contract Tower,0,16,19,0,35,0,0,3,0,3,0,16,22,0,38,42,0,42,80
06/28/2023,ENW,WI,AGL,CE,Federal Contract Tower,0,10,22,0,32,0,0,0,0,0,0,10,22,0,32,76,0,76,108
06/29/2023,ENW,WI,AGL,CE,Federal Contract Tower,0,13,16,0,29,0,0,2,0,2,0,13,18,0,31,16,0,16,47
06/30/2023,ENW,WI,AGL,CE,Federal Contract Tower,0,9,12,0,21,0,0,110,0,110,0,9,122,0,131,102,0,102,233
07/01/2023,ENW,WI,AGL,CE,Federal Contract Tower,0,11,20,0,31,0,0,53,0,53,0,11,73,0,84,66,0,66,150
07/02/2023,ENW,WI,AGL,CE,Federal Contract Tower,0,12,7,0,19,0,2,27,0,29,0,14,34,0,48,4,0,4,52
07/03/2023,ENW,WI,AGL,CE,Federal Contract Tower,0,9,11,0,20,0,0,105,0,105,0,9,116,0,125,160,0,160,285
07/04/2023,ENW,WI,AGL,CE,Federal Contract Tower,0,4,9,0,13,0,0,84,0,84,0,4,93,0,97,220,0,220,317
07/05/2023,ENW,WI,AGL,CE,Federal Contract Tower,0,16,7,0,23,0,0,53,0,53,0,16,60,0,76,116,0,116,192
07/06/2023,ENW,WI,AGL,CE,Federal Contract Tower,0,14,10,0,24,0,0,62,0,62,0,14,72,0,86,162,0,162,248
07/07/2023,ENW,WI,AGL,CE,Federal Contract Tower,0,14,9,0,23,0,0,102,0,102,0,14,111,0,125,176,0,176,301
07/08/2023,ENW,WI,AGL,CE,Federal Contract Tower,0,17,22,0,39,0,0,65,0,65,0,17,87,0,104,72,0,72,176
07/09/2023,ENW,WI,AGL,CE,Federal Contract Tower,0,14,4,0,18,0,1,115,0,116,0,15,119,0,134,116,0,116,250
07/10/2023,ENW,WI,AGL,CE,Federal Contract Tower,0,15,7,0,22,0,0,65,0,65,0,15,72,0,87,20,0,20,107
07/11/2023,ENW,WI,AGL,CE,Federal Contract Tower,0,12,7,0,19,0,0,82,0,82,0,12,89,0,101,156,0,156,257
07/12/2023,ENW,WI,AGL,CE,Federal Contract Tower,0,9,2,0,11,0,0,9,0,9,0,9,11,0,20,10,0,10,30
07/13/2023,ENW,WI,AGL,CE,Federal Contract Tower,0,14,12,0,26,0,0,45,0,45,0,14,57,0,71,92,0,92,163
07/14/2023,ENW,WI,AGL,CE,Federal Contract Tower,0,10,13,0,23,0,0,90,0,90,0,10,103,0,113,170,0,170,283
07/15/2023,ENW,WI,AGL,CE,Federal Contract Tower,0,13,7,0,20,0,0,67,0,67,0,13,74,0,87,114,0,114,201
07/16/2023,ENW,WI,AGL,CE,Federal Contract Tower,0,14,4,0,18,0,0,46,16,62,0,14,50,16,80,74,0,74,154
07/17/2023,ENW,WI,AGL,CE,Federal Contract Tower,0,18,10,0,28,0,0,108,0,108,0,18,118,0,136,160,0,160,296
07/18/2023,ENW,WI,AGL,CE,Federal Contract Tower,0,19,4,0,23,0,1,97,0,98,0,20,101,0,121,146,0,146,267
07/19/2023,ENW,WI,AGL,CE,Federal Contract Tower,0,16,13,0,29,0,0,136,0,136,0,16,149,0,165,236,0,236,401
07/20/2023,ENW,WI,AGL,CE,Federal Contract Tower,0,17,11,0,28,0,0,70,0,70,0,17,81,0,98,46,0,46,144
07/21/2023,ENW,WI,AGL,CE,Federal Contract Tower,0,11,22,0,33,0,0,111,0,111,0,11,133,0,144,250,0,250,394
07/22/2023,ENW,WI,AGL,CE,Federal Contract Tower,0,7,10,0,17,0,0,102,0,102,0,7,112,0,119,158,0,158,277
07/23/2023,ENW,WI,AGL,CE,Federal Contract Tower,0,23,9,0,32,0,0,158,0,158,0,23,167,0,190,182,0,182,372
07/24/2023,ENW,WI,AGL,CE,Federal Contract Tower,0,14,17,0,31,0,0,114,0,114,0,14,131,0,145,256,0,256,401
07/25/2023,ENW,WI,AGL,CE,Federal Contract Tower,0,5,9,0,14,0,2,75,0,77,0,7,84,0,91,80,0,80,171
07/26/2023,ENW,WI,AGL,CE,Federal Contract Tower,0,21,6,0,27,0,0,27,0,27,0,21,33,0,54,22,0,22,76
07/27/2023,ENW,WI,AGL,CE,Federal Contract Tower,0,23,8,0,31,30,0,157,0,187,30,23,165,0,218,166,0,166,384
07/28/2023,ENW,WI,AGL,CE,Federal Contract Tower,0,7,6,0,13,0,0,55,0,55,0,7,61,0,68,20,0,20,88
07/29/2023,ENW,WI,AGL,CE,Federal Contract Tower,0,3,8,0,11,0,0,76,0,76,0,3,84,0,87,100,4,104,191
07/30/2023,ENW,WI,AGL,CE,Federal Contract Tower,0,20,13,1,34,0,0,125,11,136,0,20,138,12,170,52,30,82,252
07/31/2023,ENW,WI,AGL,CE,Federal Contract Tower,0,19,10,0,29,0,0,131,0,131,0,19,141,0,160,176,0,176,336
08/01/2023,ENW,WI,AGL,CE,Federal Contract Tower,0,11,4,2,17,0,1,0,110,111,0,12,4,112,128,154,0,154,282
08/02/2023,ENW,WI,AGL,CE,Federal Contract Tower,0,21,18,0,39,0,0,93,0,93,0,21,111,0,132,98,0,98,230
08/03/2023,ENW,WI,AGL,CE,Federal Contract Tower,0,18,24,0,42,0,0,84,0,84,0,18,108,0,126,142,0,142,268
08/04/2023,ENW,WI,AGL,CE,Federal Contract Tower,0,14,10,0,24,0,0,99,0,99,0,14,109,0,123,164,0,164,287
08/05/2023,ENW,WI,AGL,CE,Federal Contract Tower,0,7,16,0,23,0,0,81,0,81,0,7,97,0,104,100,0,100,204
08/06/2023,ENW,WI,AGL,CE,Federal Contract Tower,0,9,8,0,17,0,0,17,0,17,0,9,25,0,34,22,0,22,56
08/07/2023,ENW,WI,AGL,CE,Federal Contract Tower,0,18,6,0,24,0,0,71,0,71,0,18,77,0,95,94,0,94,189
08/08/2023,ENW,WI,AGL,CE,Federal Contract Tower,0,10,10,0,20,0,0,84,0,84,0,10,94,0,104,130,0,130,234
08/09/2023,ENW,WI,AGL,CE,Federal Contract Tower,0,12,7,0,19,0,0,80,0,80,0,12,87,0,99,176,0,176,275
08/10/2023,ENW,WI,AGL,CE,Federal Contract Tower,0,9,9,0,18,0,0,88,0,88,0,9,97,0,106,68,0,68,174
08/11/2023,ENW,WI,AGL,CE,Federal Contract Tower,0,15,4,2,21,0,0,78,0,78,0,15,82,2,99,76,0,76,175
08/12/2023,ENW,WI,AGL,CE,Federal Contract Tower,0,10,9,0,19,0,0,113,0,113,0,10,122,0,132,80,0,80,212
08/13/2023,ENW,WI,AGL,CE,Federal Contract Tower,0,23,10,0,33,0,0,117,0,117,0,23,127,0,150,132,0,132,282
08/14/2023,ENW,WI,AGL,CE,Federal Contract Tower,0,11,5,0,16,0,0,2,0,2,0,11,7,0,18,0,0,0,18
08/15/2023,ENW,WI,AGL,CE,Federal Contract Tower,0,11,22,0,33,0,0,46,0,46,0,11,68,0,79,28,0,28,107
08/16/2023,ENW,WI,AGL,CE,Federal Contract Tower,0,22,11,0,33,0,0,96,0,96,0,22,107,0,129,176,0,176,305
08/17/2023,ENW,WI,AGL,CE,Federal Contract Tower,0,10,7,0,17,0,0,37,0,37,0,10,44,0,54,70,4,74,128
08/18/2023,ENW,WI,AGL,CE,Federal Contract Tower,0,15,17,0,32,0,0,125,0,125,0,15,142,0,157,164,0,164,321
08/19/2023,ENW,WI,AGL,CE,Federal Contract Tower,0,9,13,2,24,0,0,96,0,96,0,9,109,2,120,48,0,48,168
08/20/2023,ENW,WI,AGL,CE,Federal Contract Tower,0,12,13,0,25,0,0,126,0,126,0,12,139,0,151,128,0,128,279
08/21/2023,ENW,WI,AGL,CE,Federal Contract Tower,0,12,4,0,16,0,0,100,0,100,0,12,104,0,116,146,0,146,262
08/22/2023,ENW,WI,AGL,CE,Federal Contract Tower,0,19,2,0,21,0,0,108,0,108,0,19,110,0,129,142,0,142,271
08/23/2023,ENW,WI,AGL,CE,Federal Contract Tower,0,19,8,0,27,0,0,38,0,38,0,19,46,0,65,48,0,48,113
08/24/2023,ENW,WI,AGL,CE,Federal Contract Tower,0,8,5,0,13,0,0,32,0,32,0,8,37,0,45,10,0,10,55
08/25/2023,ENW,WI,AGL,CE,Federal Contract Tower,0,11,17,1,29,0,0,62,0,62,0,11,79,1,91,24,2,26,117
08/26/2023,ENW,WI,AGL,CE,Federal Contract Tower,0,10,15,3,28,0,0,85,1,86,0,10,100,4,114,54,0,54,168
08/27/2023,ENW,WI,AGL,CE,Federal Contract Tower,0,10,11,0,21,0,0,124,0,124,0,10,135,0,145,102,0,102,247
08/28/2023,ENW,WI,AGL,CE,Federal Contract Tower,0,15,8,0,23,0,2,107,0,109,0,17,115,0,132,222,0,222,354
08/29/2023,ENW,WI,AGL,CE,Federal Contract Tower,0,10,8,0,18,0,0,75,0,75,0,10,83,0,93,98,0,98,191
08/30/2023,ENW,WI,AGL,CE,Federal Contract Tower,0,5,10,0,15,0,0,69,0,69,0,5,79,0,84,134,0,134,218
08/31/2023,ENW,WI,AGL,CE,Federal Contract Tower,0,13,10,0,23,0,0,83,0,83,0,13,93,0,106,170,0,170,276
