01/01/2000,FLL,FL,ASO,ES,Combined TRACON& Tower with Radar,345,72,68,0,485,4,24,54,0,82,349,96,122,0,567,3,0,3,570
01/02/2000,FLL,FL,ASO,ES,Combined TRACON& Tower with Radar,409,105,190,0,704,4,58,194,0,256,413,163,384,0,960,0,0,0,960
01/03/2000,FLL,FL,ASO,ES,Combined TRACON& Tower with Radar,410,122,131,0,663,0,40,257,2,299,410,162,388,2,962,4,0,4,966
01/04/2000,FLL,FL,ASO,ES,Combined TRACON& Tower with Radar,398,114,123,0,635,12,46,160,1,219,410,160,283,1,854,0,0,0,854
01/05/2000,FLL,FL,ASO,ES,Combined TRACON& Tower with Radar,405,121,130,0,656,0,27,162,0,189,405,148,292,0,845,0,0,0,845
01/06/2000,FLL,FL,ASO,ES,Combined TRACON& Tower with Radar,379,112,120,0,611,0,52,145,0,197,379,164,265,0,808,0,0,0,808
01/07/2000,FLL,FL,ASO,ES,Combined TRACON& Tower with Radar,406,117,124,1,648,2,38,166,1,207,408,155,290,2,855,0,0,0,855
01/08/2000,FLL,FL,ASO,ES,Combined TRACON& Tower with Radar,404,81,112,0,597,2,27,75,0,104,406,108,187,0,701,8,0,8,709
01/09/2000,FLL,FL,ASO,ES,Combined TRACON& Tower with Radar,367,106,112,1,586,22,9,89,0,120,389,115,201,1,706,0,0,0,706
01/10/2000,FLL,FL,ASO,ES,Combined TRACON& Tower with Radar,375,104,75,1,555,3,40,143,0,186,378,144,218,1,741,0,0,0,741
01/11/2000,FLL,FL,ASO,ES,Combined TRACON& Tower with Radar,388,113,119,1,621,0,23,112,2,137,388,136,231,3,758,0,0,0,758
01/12/2000,FLL,FL,ASO,ES,Combined TRACON& Tower with Radar,390,133,121,0,644,3,26,140,0,169,393,159,261,0,813,0,6,6,819
01/13/2000,FLL,FL,ASO,ES,Combined TRACON& Tower with Radar,385,114,121,1,621,0,48,145,2,195,385,162,266,3,816,0,0,0,816
01/14/2000,FLL,FL,ASO,ES,Combined TRACON& Tower with Radar,411,120,127,1,659,0,32,105,1,138,411,152,232,2,797,0,0,0,797
01/15/2000,FLL,FL,ASO,ES,Combined TRACON& Tower with Radar,356,102,109,0,567,34,4,34,0,72,390,106,143,0,639,0,0,0,639
01/16/2000,FLL,FL,ASO,ES,Combined TRACON& Tower with Radar,386,111,118,1,616,2,13,109,1,125,388,124,227,2,741,0,0,0,741
01/17/2000,FLL,FL,ASO,ES,Combined TRACON& Tower with Radar,377,112,119,0,608,0,42,138,0,180,377,154,257,0,788,0,0,0,788
01/18/2000,FLL,FL,ASO,ES,Combined TRACON& Tower with Radar,368,106,112,1,587,1,26,143,0,170,369,132,255,1,757,0,0,0,757
01/19/2000,FLL,FL,ASO,ES,Combined TRACON& Tower with Radar,367,109,116,0,592,0,37,148,0,185,367,146,264,0,777,0,0,0,777
01/20/2000,FLL,FL,ASO,ES,Combined TRACON& Tower with Radar,366,109,115,0,590,0,25,128,0,153,366,134,243,0,743,0,0,0,743
01/21/2000,FLL,FL,ASO,ES,Combined TRACON& Tower with Radar,402,129,124,0,655,1,41,185,0,227,403,170,309,0,882,0,0,0,882
01/22/2000,FLL,FL,ASO,ES,Combined TRACON& Tower with Radar,369,106,113,0,588,31,25,96,0,152,400,131,209,0,740,9,0,9,749
01/23/2000,FLL,FL,ASO,ES,Combined TRACON& Tower with Radar,380,109,116,0,605,0,19,93,0,112,380,128,209,0,717,0,0,0,717
01/24/2000,FLL,FL,ASO,ES,Combined TRACON& Tower with Radar,377,109,116,1,603,0,26,51,0,77,377,135,167,1,680,0,0,0,680
01/25/2000,FLL,FL,ASO,ES,Combined TRACON& Tower with Radar,290,85,92,0,467,0,54,131,0,185,290,139,223,0,652,0,0,0,652
01/26/2000,FLL,FL,ASO,ES,Combined TRACON& Tower with Radar,369,107,116,0,592,0,34,132,0,166,369,141,248,0,758,0,0,0,758
01/27/2000,FLL,FL,ASO,ES,Combined TRACON& Tower with Radar,378,109,118,0,605,0,42,103,0,145,378,151,221,0,750,6,0,6,756
01/28/2000,FLL,FL,ASO,ES,Combined TRACON& Tower with Radar,388,120,136,0,644,2,42,107,0,151,390,162,243,0,795,6,0,6,801
01/29/2000,FLL,FL,ASO,ES,Combined TRACON& Tower with Radar,381,94,78,0,553,2,27,104,0,133,383,121,182,0,686,6,0,6,692
01/30/2000,FLL,FL,ASO,ES,Combined TRACON& Tower with Radar,363,93,111,0,567,2,19,73,0,94,365,112,184,0,661,0,0,0,661
01/31/2000,FLL,FL,ASO,ES,Combined TRACON& Tower with Radar,385,111,121,0,617,0,34,98,2,134,385,145,219,2,751,0,0,0,751
02/01/2000,FLL,FL,ASO,ES,Combined TRACON& Tower with Radar,392,113,122,2,629,1,24,121,0,146,393,137,243,2,775,4,0,4,779
02/02/2000,FLL,FL,ASO,ES,Combined TRACON& Tower with Radar,403,118,125,0,646,0,23,167,0,190,403,141,292,0,836,0,0,0,836
02/03/2000,FLL,FL,ASO,ES,Combined TRACON& Tower with Radar,396,119,127,3,645,0,42,106,1,149,396,161,233,4,794,0,0,0,794
02/04/2000,FLL,FL,ASO,ES,Combined TRACON& Tower with Radar,404,117,126,3,650,1,41,158,0,200,405,158,284,3,850,0,0,0,850
02/05/2000,FLL,FL,ASO,ES,Combined TRACON& Tower with Radar,370,107,115,0,592,27,26,107,0,160,397,133,222,0,752,0,0,0,752
02/06/2000,FLL,FL,ASO,ES,Combined TRACON& Tower with Radar,386,113,120,1,620,0,22,117,0,139,386,135,237,1,759,0,8,8,767
02/07/2000,FLL,FL,ASO,ES,Combined TRACON& Tower with Radar,386,112,120,3,621,8,46,106,0,160,394,158,226,3,781,4,0,4,785
02/08/2000,FLL,FL,ASO,ES,Combined TRACON& Tower with Radar,417,124,132,3,676,0,16,83,0,99,417,140,215,3,775,0,0,0,775
02/09/2000,FLL,FL,ASO,ES,Combined TRACON& Tower with Radar,397,133,151,2,683,0,36,146,0,182,397,169,297,2,865,0,0,0,865
02/10/2000,FLL,FL,ASO,ES,Combined TRACON& Tower with Radar,416,128,128,0,672,0,39,164,0,203,416,167,292,0,875,0,0,0,875
02/11/2000,FLL,FL,ASO,ES,Combined TRACON& Tower with Radar,394,119,128,0,641,0,54,207,0,261,394,173,335,0,902,0,0,0,902
02/12/2000,FLL,FL,ASO,ES,Combined TRACON& Tower with Radar,375,109,117,0,601,20,20,125,0,165,395,129,242,0,766,26,0,26,792
02/13/2000,FLL,FL,ASO,ES,Combined TRACON& Tower with Radar,376,91,124,0,591,0,32,109,0,141,376,123,233,0,732,0,0,0,732
02/14/2000,FLL,FL,ASO,ES,Combined TRACON& Tower with Radar,404,118,127,2,651,0,28,101,4,133,404,146,228,6,784,6,0,6,790
02/15/2000,FLL,FL,ASO,ES,Combined TRACON& Tower with Radar,408,118,128,2,656,9,50,109,2,170,417,168,237,4,826,0,0,0,826
02/16/2000,FLL,FL,ASO,ES,Combined TRACON& Tower with Radar,414,126,137,2,679,0,42,123,18,183,414,168,260,20,862,0,0,0,862
02/17/2000,FLL,FL,ASO,ES,Combined TRACON& Tower with Radar,423,128,137,2,690,0,32,189,7,228,423,160,326,9,918,0,0,0,918
02/18/2000,FLL,FL,ASO,ES,Combined TRACON& Tower with Radar,394,127,187,7,715,0,38,200,0,238,394,165,387,7,953,0,0,0,953
02/19/2000,FLL,FL,ASO,ES,Combined TRACON& Tower with Radar,430,125,135,2,692,17,21,114,0,152,447,146,249,2,844,6,0,6,850
02/20/2000,FLL,FL,ASO,ES,Combined TRACON& Tower with Radar,420,124,134,2,680,0,0,124,1,125,420,124,258,3,805,6,0,6,811
02/21/2000,FLL,FL,ASO,ES,Combined TRACON& Tower with Radar,403,138,165,3,709,0,39,187,0,226,403,177,352,3,935,12,0,12,947
02/22/2000,FLL,FL,ASO,ES,Combined TRACON& Tower with Radar,406,120,93,6,625,0,22,134,0,156,406,142,227,6,781,0,0,0,781
02/23/2000,FLL,FL,ASO,ES,Combined TRACON& Tower with Radar,417,118,90,1,626,0,27,115,0,142,417,145,205,1,768,0,0,0,768
02/24/2000,FLL,FL,ASO,ES,Combined TRACON& Tower with Radar,419,129,141,0,689,0,30,152,0,182,419,159,293,0,871,0,0,0,871
02/25/2000,FLL,FL,ASO,ES,Combined TRACON& Tower with Radar,428,138,164,5,735,0,39,160,0,199,428,177,324,5,934,0,0,0,934
02/26/2000,FLL,FL,ASO,ES,Combined TRACON& Tower with Radar,423,107,101,1,632,0,17,111,0,128,423,124,212,1,760,0,0,0,760
02/27/2000,FLL,FL,ASO,ES,Combined TRACON& Tower with Radar,402,118,125,1,646,1,16,128,0,145,403,134,253,1,791,0,0,0,791
02/28/2000,FLL,FL,ASO,ES,Combined TRACON& Tower with Radar,407,136,117,2,662,0,38,168,1,207,407,174,285,3,869,0,0,0,869
02/29/2000,FLL,FL,ASO,ES,Combined TRACON& Tower with Radar,402,118,125,0,645,14,52,101,0,167,416,170,226,0,812,4,0,4,816
03/01/2000,FLL,FL,ASO,ES,Combined TRACON& Tower with Radar,393,113,117,0,623,13,45,135,3,196,406,158,252,3,819,10,0,10,829
03/02/2000,FLL,FL,ASO,ES,Combined TRACON& Tower with Radar,424,112,137,0,673,0,28,133,0,161,424,140,270,0,834,10,0,10,844
03/03/2000,FLL,FL,ASO,ES,Combined TRACON& Tower with Radar,409,126,130,0,665,0,50,203,0,253,409,176,333,0,918,16,0,16,934
03/04/2000,FLL,FL,ASO,ES,Combined TRACON& Tower with Radar,409,117,122,0,648,25,47,132,0,204,434,164,254,0,852,14,0,14,866
03/05/2000,FLL,FL,ASO,ES,Combined TRACON& Tower with Radar,384,112,115,1,612,8,30,125,1,164,392,142,240,2,776,0,0,0,776
03/06/2000,FLL,FL,ASO,ES,Combined TRACON& Tower with Radar,420,121,126,1,668,6,45,143,4,198,426,166,269,5,866,10,0,10,876
03/07/2000,FLL,FL,ASO,ES,Combined TRACON& Tower with Radar,421,122,126,1,670,18,30,119,0,167,439,152,245,1,837,0,0,0,837
03/08/2000,FLL,FL,ASO,ES,Combined TRACON& Tower with Radar,422,124,129,1,676,0,46,161,0,207,422,170,290,1,883,0,8,8,891
03/09/2000,FLL,FL,ASO,ES,Combined TRACON& Tower with Radar,435,126,131,0,692,10,48,163,0,221,445,174,294,0,913,4,0,4,917
03/10/2000,FLL,FL,ASO,ES,Combined TRACON& Tower with Radar,432,131,136,1,700,0,59,220,8,287,432,190,356,9,987,8,0,8,995
03/11/2000,FLL,FL,ASO,ES,Combined TRACON& Tower with Radar,450,130,135,1,716,8,38,124,1,171,458,168,259,2,887,6,0,6,893
03/12/2000,FLL,FL,ASO,ES,Combined TRACON& Tower with Radar,420,122,127,0,669,0,42,95,0,137,420,164,222,0,806,0,32,32,838
03/13/2000,FLL,FL,ASO,ES,Combined TRACON& Tower with Radar,431,125,129,0,685,13,52,126,0,191,444,177,255,0,876,0,0,0,876
03/14/2000,FLL,FL,ASO,ES,Combined TRACON& Tower with Radar,443,128,133,0,704,1,28,147,0,176,444,156,280,0,880,2,0,2,882
03/15/2000,FLL,FL,ASO,ES,Combined TRACON& Tower with Radar,440,130,118,3,691,2,31,159,0,192,442,161,277,3,883,0,0,0,883
03/16/2000,FLL,FL,ASO,ES,Combined TRACON& Tower with Radar,429,136,142,0,707,0,42,190,0,232,429,178,332,0,939,0,0,0,939
03/17/2000,FLL,FL,ASO,ES,Combined TRACON& Tower with Radar,438,141,184,2,765,0,42,227,0,269,438,183,411,2,1034,0,0,0,1034
03/18/2000,FLL,FL,ASO,ES,Combined TRACON& Tower with Radar,447,129,173,0,749,0,31,199,0,230,447,160,372,0,979,8,0,8,987
03/19/2000,FLL,FL,ASO,ES,Combined TRACON& Tower with Radar,415,130,152,0,697,0,20,62,0,82,415,150,214,0,779,0,0,0,779
03/20/2000,FLL,FL,ASO,ES,Combined TRACON& Tower with Radar,441,115,120,0,676,0,38,181,0,219,441,153,301,0,895,0,0,0,895
03/21/2000,FLL,FL,ASO,ES,Combined TRACON& Tower with Radar,434,128,133,0,695,0,42,143,0,185,434,170,276,0,880,0,0,0,880
03/22/2000,FLL,FL,ASO,ES,Combined TRACON& Tower with Radar,431,125,131,0,687,8,34,162,2,206,439,159,293,2,893,0,0,0,893
03/23/2000,FLL,FL,ASO,ES,Combined TRACON& Tower with Radar,463,124,155,1,743,0,41,176,0,217,463,165,331,1,960,0,0,0,960
03/24/2000,FLL,FL,ASO,ES,Combined TRACON& Tower with Radar,459,137,143,0,739,0,36,183,0,219,459,173,326,0,958,18,0,18,976
03/25/2000,FLL,FL,ASO,ES,Combined TRACON& Tower with Radar,432,108,130,0,670,0,42,189,0,231,432,150,319,0,901,5,0,5,906
03/26/2000,FLL,FL,ASO,ES,Combined TRACON& Tower with Radar,408,112,143,0,663,0,41,133,0,174,408,153,276,0,837,0,0,0,837
03/27/2000,FLL,FL,ASO,ES,Combined TRACON& Tower with Radar,428,127,102,2,659,0,35,138,1,174,428,162,240,3,833,2,0,2,835
03/28/2000,FLL,FL,ASO,ES,Combined TRACON& Tower with Radar,423,124,125,0,672,0,25,118,0,143,423,149,243,0,815,0,0,0,815
03/29/2000,FLL,FL,ASO,ES,Combined TRACON& Tower with Radar,426,123,129,0,678,20,51,143,0,214,446,174,272,0,892,0,0,0,892
03/30/2000,FLL,FL,ASO,ES,Combined TRACON& Tower with Radar,439,131,117,0,687,0,34,169,0,203,439,165,286,0,890,0,0,0,890
03/31/2000,FLL,FL,ASO,ES,Combined TRACON& Tower with Radar,452,150,137,0,739,0,42,191,0,233,452,192,328,0,972,0,0,0,972
04/01/2000,FLL,FL,ASO,ES,Combined TRACON& Tower with Radar,429,119,124,0,672,0,30,162,0,192,429,149,286,0,864,11,0,11,875
04/02/2000,FLL,FL,ASO,ES,Combined TRACON& Tower with Radar,409,110,168,0,687,0,33,147,0,180,409,143,315,0,867,0,0,0,867
04/03/2000,FLL,FL,ASO,ES,Combined TRACON& Tower with Radar,445,129,109,0,683,0,50,144,0,194,445,179,253,0,877,0,0,0,877
04/04/2000,FLL,FL,ASO,ES,Combined TRACON& Tower with Radar,424,121,111,0,656,0,72,147,0,219,424,193,258,0,875,0,0,0,875
04/05/2000,FLL,FL,ASO,ES,Combined TRACON& Tower with Radar,426,122,111,0,659,7,26,195,0,228,433,148,306,0,887,0,0,0,887
04/06/2000,FLL,FL,ASO,ES,Combined TRACON& Tower with Radar,444,127,118,0,689,0,46,159,0,205,444,173,277,0,894,10,0,10,904
04/07/2000,FLL,FL,ASO,ES,Combined TRACON& Tower with Radar,433,130,120,0,683,0,53,185,2,240,433,183,305,2,923,16,0,16,939
04/08/2000,FLL,FL,ASO,ES,Combined TRACON& Tower with Radar,443,126,117,0,686,0,41,133,0,174,443,167,250,0,860,28,0,28,888
04/09/2000,FLL,FL,ASO,ES,Combined TRACON& Tower with Radar,416,123,112,0,651,0,30,162,0,192,416,153,274,0,843,0,0,0,843
04/10/2000,FLL,FL,ASO,ES,Combined TRACON& Tower with Radar,422,122,111,0,655,2,39,157,0,198,424,161,268,0,853,4,0,4,857
04/11/2000,FLL,FL,ASO,ES,Combined TRACON& Tower with Radar,401,115,106,0,622,21,46,94,1,162,422,161,200,1,784,0,0,0,784
04/12/2000,FLL,FL,ASO,ES,Combined TRACON& Tower with Radar,444,131,121,0,696,0,28,138,0,166,444,159,259,0,862,6,0,6,868
04/13/2000,FLL,FL,ASO,ES,Combined TRACON& Tower with Radar,453,132,121,0,706,0,28,185,0,213,453,160,306,0,919,12,0,12,931
04/14/2000,FLL,FL,ASO,ES,Combined TRACON& Tower with Radar,449,135,146,0,730,0,36,80,0,116,449,171,226,0,846,0,0,0,846
04/15/2000,FLL,FL,ASO,ES,Combined TRACON& Tower with Radar,444,128,150,0,722,0,43,166,0,209,444,171,316,0,931,46,0,46,977
04/16/2000,FLL,FL,ASO,ES,Combined TRACON& Tower with Radar,422,120,145,0,687,0,32,167,0,199,422,152,312,0,886,4,0,4,890
04/17/2000,FLL,FL,ASO,ES,Combined TRACON& Tower with Radar,458,150,80,0,688,0,42,200,0,242,458,192,280,0,930,2,0,2,932
04/18/2000,FLL,FL,ASO,ES,Combined TRACON& Tower with Radar,424,123,112,0,659,2,45,141,2,190,426,168,253,2,849,0,0,0,849
04/19/2000,FLL,FL,ASO,ES,Combined TRACON& Tower with Radar,431,129,118,0,678,0,42,239,0,281,431,171,357,0,959,6,0,6,965
04/20/2000,FLL,FL,ASO,ES,Combined TRACON& Tower with Radar,433,127,116,0,676,0,49,222,0,271,433,176,338,0,947,0,0,0,947
04/21/2000,FLL,FL,ASO,ES,Combined TRACON& Tower with Radar,403,119,109,0,631,0,74,217,0,291,403,193,326,0,922,0,0,0,922
04/22/2000,FLL,FL,ASO,ES,Combined TRACON& Tower with Radar,439,105,99,0,643,0,42,153,0,195,439,147,252,0,838,0,0,0,838
04/23/2000,FLL,FL,ASO,ES,Combined TRACON& Tower with Radar,409,118,108,0,635,3,20,146,0,169,412,138,254,0,804,10,0,10,814
04/24/2000,FLL,FL,ASO,ES,Combined TRACON& Tower with Radar,431,127,135,0,693,0,43,154,0,197,431,170,289,0,890,8,0,8,898
04/25/2000,FLL,FL,ASO,ES,Combined TRACON& Tower with Radar,436,138,91,1,666,0,37,138,0,175,436,175,229,1,841,0,0,0,841
04/26/2000,FLL,FL,ASO,ES,Combined TRACON& Tower with Radar,426,123,113,0,662,18,50,155,0,223,444,173,268,0,885,0,0,0,885
04/27/2000,FLL,FL,ASO,ES,Combined TRACON& Tower with Radar,438,118,114,0,670,0,42,236,0,278,438,160,350,0,948,0,0,0,948
04/28/2000,FLL,FL,ASO,ES,Combined TRACON& Tower with Radar,422,79,114,1,616,0,0,224,3,227,422,79,338,4,843,4,0,4,847
04/29/2000,FLL,FL,ASO,ES,Combined TRACON& Tower with Radar,392,113,103,1,609,40,45,98,0,183,432,158,201,1,792,2,0,2,794
04/30/2000,FLL,FL,ASO,ES,Combined TRACON& Tower with Radar,400,115,105,0,620,7,24,167,0,198,407,139,272,0,818,6,0,6,824
05/01/2000,FLL,FL,ASO,ES,Combined TRACON& Tower with Radar,398,120,102,0,620,2,46,173,0,221,400,166,275,0,841,2,0,2,843
05/02/2000,FLL,FL,ASO,ES,Combined TRACON& Tower with Radar,386,116,99,3,604,10,44,174,1,229,396,160,273,4,833,0,0,0,833
05/03/2000,FLL,FL,ASO,ES,Combined TRACON& Tower with Radar,396,132,111,5,644,0,45,195,13,253,396,177,306,18,897,2,0,2,899
05/04/2000,FLL,FL,ASO,ES,Combined TRACON& Tower with Radar,412,130,110,5,657,0,37,174,19,230,412,167,284,24,887,0,6,6,893
05/05/2000,FLL,FL,ASO,ES,Combined TRACON& Tower with Radar,412,129,109,5,655,0,40,177,53,270,412,169,286,58,925,0,0,0,925
05/06/2000,FLL,FL,ASO,ES,Combined TRACON& Tower with Radar,368,110,94,4,576,30,45,95,30,200,398,155,189,34,776,10,0,10,786
05/07/2000,FLL,FL,ASO,ES,Combined TRACON& Tower with Radar,368,113,95,4,580,0,32,170,63,265,368,145,265,67,845,0,0,0,845
05/08/2000,FLL,FL,ASO,ES,Combined TRACON& Tower with Radar,405,122,103,4,634,0,46,130,10,186,405,168,233,14,820,0,0,0,820
05/09/2000,FLL,FL,ASO,ES,Combined TRACON& Tower with Radar,375,113,95,3,586,12,33,142,0,187,387,146,237,3,773,0,0,0,773
05/10/2000,FLL,FL,ASO,ES,Combined TRACON& Tower with Radar,363,112,96,0,571,0,47,202,0,249,363,159,298,0,820,0,0,0,820
05/11/2000,FLL,FL,ASO,ES,Combined TRACON& Tower with Radar,386,116,99,2,603,2,55,135,0,192,388,171,234,2,795,10,0,10,805
05/12/2000,FLL,FL,ASO,ES,Combined TRACON& Tower with Radar,400,122,104,4,630,0,32,201,0,233,400,154,305,4,863,12,0,12,875
05/13/2000,FLL,FL,ASO,ES,Combined TRACON& Tower with Radar,364,108,92,1,565,21,37,110,0,168,385,145,202,1,733,38,0,38,771
05/14/2000,FLL,FL,ASO,ES,Combined TRACON& Tower with Radar,350,103,89,1,543,23,29,109,0,161,373,132,198,1,704,2,0,2,706
05/15/2000,FLL,FL,ASO,ES,Combined TRACON& Tower with Radar,387,115,98,0,600,2,32,148,0,182,389,147,246,0,782,0,0,0,782
05/16/2000,FLL,FL,ASO,ES,Combined TRACON& Tower with Radar,385,115,98,0,598,6,37,110,0,153,391,152,208,0,751,6,0,6,757
05/17/2000,FLL,FL,ASO,ES,Combined TRACON& Tower with Radar,387,115,99,0,601,8,33,141,0,182,395,148,240,0,783,0,0,0,783
05/18/2000,FLL,FL,ASO,ES,Combined TRACON& Tower with Radar,375,120,102,0,597,0,39,211,0,250,375,159,313,0,847,16,0,16,863
05/19/2000,FLL,FL,ASO,ES,Combined TRACON& Tower with Radar,392,124,117,4,637,0,50,220,0,270,392,174,337,4,907,0,0,0,907
05/20/2000,FLL,FL,ASO,ES,Combined TRACON& Tower with Radar,378,112,96,1,587,39,42,98,0,179,417,154,194,1,766,0,0,0,766
05/21/2000,FLL,FL,ASO,ES,Combined TRACON& Tower with Radar,372,114,97,2,585,0,36,163,0,199,372,150,260,2,784,4,0,4,788
05/22/2000,FLL,FL,ASO,ES,Combined TRACON& Tower with Radar,388,116,99,1,604,1,34,146,0,181,389,150,245,1,785,0,0,0,785
05/23/2000,FLL,FL,ASO,ES,Combined TRACON& Tower with Radar,390,117,100,1,608,0,43,151,0,194,390,160,251,1,802,2,0,2,804
05/24/2000,FLL,FL,ASO,ES,Combined TRACON& Tower with Radar,384,114,121,0,619,0,35,134,0,169,384,149,255,0,788,0,0,0,788
05/25/2000,FLL,FL,ASO,ES,Combined TRACON& Tower with Radar,407,123,105,0,635,0,61,148,0,209,407,184,253,0,844,0,0,0,844
05/26/2000,FLL,FL,ASO,ES,Combined TRACON& Tower with Radar,403,126,108,1,638,0,42,225,0,267,403,168,333,1,905,0,0,0,905
05/27/2000,FLL,FL,ASO,ES,Combined TRACON& Tower with Radar,355,105,90,1,551,28,39,115,0,182,383,144,205,1,733,6,0,6,739
05/28/2000,FLL,FL,ASO,ES,Combined TRACON& Tower with Radar,351,100,60,2,513,0,35,106,0,141,351,135,166,2,654,0,0,0,654
05/29/2000,FLL,FL,ASO,ES,Combined TRACON& Tower with Radar,376,107,104,0,587,0,48,171,0,219,376,155,275,0,806,0,0,0,806
05/30/2000,FLL,FL,ASO,ES,Combined TRACON& Tower with Radar,369,119,85,2,575,0,35,108,0,143,369,154,193,2,718,0,0,0,718
05/31/2000,FLL,FL,ASO,ES,Combined TRACON& Tower with Radar,392,122,103,3,620,0,41,112,3,156,392,163,215,6,776,2,0,2,778
06/01/2000,FLL,FL,ASO,ES,Combined TRACON& Tower with Radar,405,125,96,0,626,2,39,169,2,212,407,164,265,2,838,14,0,14,852
06/02/2000,FLL,FL,ASO,ES,Combined TRACON& Tower with Radar,383,118,91,0,592,12,34,155,0,201,395,152,246,0,793,18,0,18,811
06/03/2000,FLL,FL,ASO,ES,Combined TRACON& Tower with Radar,393,97,72,0,562,3,36,98,0,137,396,133,170,0,699,0,0,0,699
06/04/2000,FLL,FL,ASO,ES,Combined TRACON& Tower with Radar,362,96,105,0,563,3,32,120,0,155,365,128,225,0,718,0,0,0,718
06/05/2000,FLL,FL,ASO,ES,Combined TRACON& Tower with Radar,371,114,88,0,573,26,41,120,3,190,397,155,208,3,763,0,0,0,763
06/06/2000,FLL,FL,ASO,ES,Combined TRACON& Tower with Radar,383,114,91,0,588,5,0,104,0,109,388,114,195,0,697,0,0,0,697
06/07/2000,FLL,FL,ASO,ES,Combined TRACON& Tower with Radar,413,128,78,2,621,2,43,145,0,190,415,171,223,2,811,4,0,4,815
06/08/2000,FLL,FL,ASO,ES,Combined TRACON& Tower with Radar,429,132,102,0,663,1,50,155,1,207,430,182,257,1,870,1,0,1,871
06/09/2000,FLL,FL,ASO,ES,Combined TRACON& Tower with Radar,418,132,101,1,652,0,34,189,1,224,418,166,290,2,876,6,0,6,882
06/10/2000,FLL,FL,ASO,ES,Combined TRACON& Tower with Radar,385,96,65,0,546,2,41,131,0,174,387,137,196,0,720,0,0,0,720
06/11/2000,FLL,FL,ASO,ES,Combined TRACON& Tower with Radar,367,103,89,0,559,2,27,77,0,106,369,130,166,0,665,0,0,0,665
06/12/2000,FLL,FL,ASO,ES,Combined TRACON& Tower with Radar,373,115,87,0,575,0,26,160,0,186,373,141,247,0,761,0,0,0,761
06/13/2000,FLL,FL,ASO,ES,Combined TRACON& Tower with Radar,369,127,83,1,580,0,40,149,0,189,369,167,232,1,769,0,0,0,769
06/14/2000,FLL,FL,ASO,ES,Combined TRACON& Tower with Radar,361,110,86,0,557,3,37,173,0,213,364,147,259,0,770,0,1,1,771
06/15/2000,FLL,FL,ASO,ES,Combined TRACON& Tower with Radar,378,119,93,0,590,0,40,157,0,197,378,159,250,0,787,0,0,0,787
06/16/2000,FLL,FL,ASO,ES,Combined TRACON& Tower with Radar,373,122,96,1,592,0,56,204,1,261,373,178,300,2,853,0,0,0,853
06/17/2000,FLL,FL,ASO,ES,Combined TRACON& Tower with Radar,385,118,91,0,594,9,33,108,0,150,394,151,199,0,744,0,0,0,744
06/18/2000,FLL,FL,ASO,ES,Combined TRACON& Tower with Radar,379,116,90,1,586,0,30,143,1,174,379,146,233,2,760,2,0,2,762
06/19/2000,FLL,FL,ASO,ES,Combined TRACON& Tower with Radar,354,108,84,0,546,12,39,121,0,172,366,147,205,0,718,0,0,0,718
06/20/2000,FLL,FL,ASO,ES,Combined TRACON& Tower with Radar,380,116,90,0,586,6,38,155,0,199,386,154,245,0,785,6,0,6,791
06/21/2000,FLL,FL,ASO,ES,Combined TRACON& Tower with Radar,376,116,90,0,582,0,38,143,0,181,376,154,233,0,763,0,0,0,763
06/22/2000,FLL,FL,ASO,ES,Combined TRACON& Tower with Radar,384,131,96,0,611,2,41,168,0,211,386,172,264,0,822,0,0,0,822
06/23/2000,FLL,FL,ASO,ES,Combined TRACON& Tower with Radar,411,127,99,0,637,0,52,195,0,247,411,179,294,0,884,10,0,10,894
06/24/2000,FLL,FL,ASO,ES,Combined TRACON& Tower with Radar,377,115,89,0,581,19,38,125,0,182,396,153,214,0,763,14,0,14,777
06/25/2000,FLL,FL,ASO,ES,Combined TRACON& Tower with Radar,372,116,91,0,579,0,28,119,2,149,372,144,210,2,728,0,0,0,728
06/26/2000,FLL,FL,ASO,ES,Combined TRACON& Tower with Radar,373,114,88,0,575,2,52,122,0,176,375,166,210,0,751,8,0,8,759
06/27/2000,FLL,FL,ASO,ES,Combined TRACON& Tower with Radar,362,116,90,0,568,0,40,131,0,171,362,156,221,0,739,0,0,0,739
06/28/2000,FLL,FL,ASO,ES,Combined TRACON& Tower with Radar,390,124,117,0,631,1,47,162,0,210,391,171,279,0,841,0,0,0,841
06/29/2000,FLL,FL,ASO,ES,Combined TRACON& Tower with Radar,395,120,93,0,608,9,46,156,2,213,404,166,249,2,821,28,0,28,849
06/30/2000,FLL,FL,ASO,ES,Combined TRACON& Tower with Radar,399,128,99,0,626,0,43,222,1,266,399,171,321,1,892,0,0,0,892
07/01/2000,FLL,FL,ASO,ES,Combined TRACON& Tower with Radar,400,128,80,0,608,7,23,172,1,203,407,151,252,1,811,8,0,8,819
07/02/2000,FLL,FL,ASO,ES,Combined TRACON& Tower with Radar,363,115,72,0,550,6,23,91,1,121,369,138,163,1,671,0,0,0,671
07/03/2000,FLL,FL,ASO,ES,Combined TRACON& Tower with Radar,337,117,57,0,511,0,31,117,0,148,337,148,174,0,659,0,0,0,659
07/04/2000,FLL,FL,ASO,ES,Combined TRACON& Tower with Radar,340,108,68,0,516,0,47,142,0,189,340,155,210,0,705,6,0,6,711
07/05/2000,FLL,FL,ASO,ES,Combined TRACON& Tower with Radar,378,126,79,0,583,0,41,197,0,238,378,167,276,0,821,0,0,0,821
07/06/2000,FLL,FL,ASO,ES,Combined TRACON& Tower with Radar,394,122,86,0,602,0,36,147,0,183,394,158,233,0,785,0,0,0,785
07/07/2000,FLL,FL,ASO,ES,Combined TRACON& Tower with Radar,386,122,77,0,585,1,50,134,0,185,387,172,211,0,770,4,0,4,774
07/08/2000,FLL,FL,ASO,ES,Combined TRACON& Tower with Radar,383,121,77,0,581,3,43,138,2,186,386,164,215,2,767,12,0,12,779
07/09/2000,FLL,FL,ASO,ES,Combined TRACON& Tower with Radar,363,115,73,0,551,12,31,88,0,131,375,146,161,0,682,0,0,0,682
07/10/2000,FLL,FL,ASO,ES,Combined TRACON& Tower with Radar,372,128,75,2,577,0,25,123,0,148,372,153,198,2,725,0,0,0,725
07/11/2000,FLL,FL,ASO,ES,Combined TRACON& Tower with Radar,390,124,78,0,592,0,33,150,0,183,390,157,228,0,775,8,6,14,789
07/12/2000,FLL,FL,ASO,ES,Combined TRACON& Tower with Radar,392,124,79,0,595,0,35,171,2,208,392,159,250,2,803,0,0,0,803
07/13/2000,FLL,FL,ASO,ES,Combined TRACON& Tower with Radar,411,131,83,0,625,0,35,112,0,147,411,166,195,0,772,6,0,6,778
07/14/2000,FLL,FL,ASO,ES,Combined TRACON& Tower with Radar,367,123,78,0,568,0,43,161,0,204,367,166,239,0,772,0,0,0,772
07/15/2000,FLL,FL,ASO,ES,Combined TRACON& Tower with Radar,381,121,76,0,578,20,18,125,1,164,401,139,201,1,742,2,0,2,744
07/16/2000,FLL,FL,ASO,ES,Combined TRACON& Tower with Radar,374,121,77,0,572,0,23,103,1,127,374,144,180,1,699,8,0,8,707
07/17/2000,FLL,FL,ASO,ES,Combined TRACON& Tower with Radar,389,127,82,2,600,0,34,126,0,160,389,161,208,2,760,0,6,6,766
07/18/2000,FLL,FL,ASO,ES,Combined TRACON& Tower with Radar,394,132,74,1,601,0,35,152,4,191,394,167,226,5,792,0,6,6,798
07/19/2000,FLL,FL,ASO,ES,Combined TRACON& Tower with Radar,397,119,84,2,602,0,26,162,1,189,397,145,246,3,791,0,0,0,791
07/20/2000,FLL,FL,ASO,ES,Combined TRACON& Tower with Radar,403,132,84,0,619,0,45,161,1,207,403,177,245,1,826,6,0,6,832
07/21/2000,FLL,FL,ASO,ES,Combined TRACON& Tower with Radar,401,128,80,1,610,0,50,159,3,212,401,178,239,4,822,10,0,10,832
07/22/2000,FLL,FL,ASO,ES,Combined TRACON& Tower with Radar,398,104,74,0,576,0,41,114,0,155,398,145,188,0,731,0,0,0,731
07/23/2000,FLL,FL,ASO,ES,Combined TRACON& Tower with Radar,376,113,87,0,576,0,43,111,0,154,376,156,198,0,730,0,0,0,730
07/24/2000,FLL,FL,ASO,ES,Combined TRACON& Tower with Radar,373,118,74,0,565,14,44,85,0,143,387,162,159,0,708,0,10,10,718
07/25/2000,FLL,FL,ASO,ES,Combined TRACON& Tower with Radar,376,119,74,0,569,18,35,90,0,143,394,154,164,0,712,0,0,0,712
07/26/2000,FLL,FL,ASO,ES,Combined TRACON& Tower with Radar,388,123,77,0,588,0,47,120,0,167,388,170,197,0,755,0,0,0,755
07/27/2000,FLL,FL,ASO,ES,Combined TRACON& Tower with Radar,400,143,96,2,641,0,37,157,0,194,400,180,253,2,835,8,0,8,843
07/28/2000,FLL,FL,ASO,ES,Combined TRACON& Tower with Radar,393,127,80,0,600,0,49,133,0,182,393,176,213,0,782,0,0,0,782
07/29/2000,FLL,FL,ASO,ES,Combined TRACON& Tower with Radar,392,130,67,0,589,0,40,120,0,160,392,170,187,0,749,0,12,12,761
07/30/2000,FLL,FL,ASO,ES,Combined TRACON& Tower with Radar,372,118,73,0,563,1,38,89,0,128,373,156,162,0,691,0,0,0,691
07/31/2000,FLL,FL,ASO,ES,Combined TRACON& Tower with Radar,371,123,53,0,547,0,44,119,0,163,371,167,172,0,710,0,0,0,710
08/01/2000,FLL,FL,ASO,ES,Combined TRACON& Tower with Radar,385,124,71,0,580,0,33,141,0,174,385,157,212,0,754,0,0,0,754
08/02/2000,FLL,FL,ASO,ES,Combined TRACON& Tower with Radar,394,130,78,0,602,0,33,109,0,142,394,163,187,0,744,0,0,0,744
08/03/2000,FLL,FL,ASO,ES,Combined TRACON& Tower with Radar,397,124,96,0,617,0,38,163,0,201,397,162,259,0,818,0,0,0,818
08/04/2000,FLL,FL,ASO,ES,Combined TRACON& Tower with Radar,404,131,86,0,621,0,40,174,0,214,404,171,260,0,835,0,0,0,835
08/05/2000,FLL,FL,ASO,ES,Combined TRACON& Tower with Radar,386,121,74,0,581,11,34,121,0,166,397,155,195,0,747,0,0,0,747
08/06/2000,FLL,FL,ASO,ES,Combined TRACON& Tower with Radar,375,117,81,0,573,0,34,98,0,132,375,151,179,0,705,10,0,10,715
08/07/2000,FLL,FL,ASO,ES,Combined TRACON& Tower with Radar,398,135,84,0,617,0,41,134,0,175,398,176,218,0,792,0,0,0,792
08/08/2000,FLL,FL,ASO,ES,Combined TRACON& Tower with Radar,385,121,74,0,580,11,36,119,0,166,396,157,193,0,746,0,0,0,746
08/09/2000,FLL,FL,ASO,ES,Combined TRACON& Tower with Radar,383,123,89,5,600,0,43,126,0,169,383,166,215,5,769,0,0,0,769
08/10/2000,FLL,FL,ASO,ES,Combined TRACON& Tower with Radar,415,127,64,1,607,0,44,142,0,186,415,171,206,1,793,0,0,0,793
08/11/2000,FLL,FL,ASO,ES,Combined TRACON& Tower with Radar,386,137,88,1,612,0,40,181,0,221,386,177,269,1,833,0,0,0,833
08/12/2000,FLL,FL,ASO,ES,Combined TRACON& Tower with Radar,376,118,72,0,566,10,40,84,6,140,386,158,156,6,706,0,0,0,706
08/13/2000,FLL,FL,ASO,ES,Combined TRACON& Tower with Radar,398,114,93,2,607,0,42,117,0,159,398,156,210,2,766,12,0,12,778
08/14/2000,FLL,FL,ASO,ES,Combined TRACON& Tower with Radar,380,133,65,0,578,0,45,128,0,173,380,178,193,0,751,0,0,0,751
08/15/2000,FLL,FL,ASO,ES,Combined TRACON& Tower with Radar,390,124,74,0,588,2,24,153,0,179,392,148,227,0,767,6,0,6,773
08/16/2000,FLL,FL,ASO,ES,Combined TRACON& Tower with Radar,398,123,95,1,617,0,38,152,0,190,398,161,247,1,807,0,0,0,807
08/17/2000,FLL,FL,ASO,ES,Combined TRACON& Tower with Radar,399,139,106,0,644,0,40,160,0,200,399,179,266,0,844,0,0,0,844
08/18/2000,FLL,FL,ASO,ES,Combined TRACON& Tower with Radar,400,132,66,0,598,0,32,151,0,183,400,164,217,0,781,0,0,0,781
08/19/2000,FLL,FL,ASO,ES,Combined TRACON& Tower with Radar,399,110,59,3,571,0,37,122,0,159,399,147,181,3,730,8,0,8,738
08/20/2000,FLL,FL,ASO,ES,Combined TRACON& Tower with Radar,369,110,66,0,545,0,33,125,0,158,369,143,191,0,703,0,0,0,703
08/21/2000,FLL,FL,ASO,ES,Combined TRACON& Tower with Radar,390,120,57,0,567,0,42,112,0,154,390,162,169,0,721,0,0,0,721
08/22/2000,FLL,FL,ASO,ES,Combined TRACON& Tower with Radar,392,128,75,1,596,0,48,120,0,168,392,176,195,1,764,0,0,0,764
08/23/2000,FLL,FL,ASO,ES,Combined TRACON& Tower with Radar,388,128,77,0,593,0,29,152,1,182,388,157,229,1,775,0,0,0,775
08/24/2000,FLL,FL,ASO,ES,Combined TRACON& Tower with Radar,408,127,55,0,590,0,30,128,0,158,408,157,183,0,748,0,0,0,748
08/25/2000,FLL,FL,ASO,ES,Combined TRACON& Tower with Radar,412,131,80,0,623,6,40,102,0,148,418,171,182,0,771,0,0,0,771
08/26/2000,FLL,FL,ASO,ES,Combined TRACON& Tower with Radar,381,121,74,0,576,24,16,57,0,97,405,137,131,0,673,6,0,6,679
08/27/2000,FLL,FL,ASO,ES,Combined TRACON& Tower with Radar,370,129,64,0,563,0,28,77,0,105,370,157,141,0,668,4,0,4,672
08/28/2000,FLL,FL,ASO,ES,Combined TRACON& Tower with Radar,391,126,76,0,593,0,49,73,3,125,391,175,149,3,718,0,0,0,718
08/29/2000,FLL,FL,ASO,ES,Combined TRACON& Tower with Radar,401,114,96,0,611,0,36,150,0,186,401,150,246,0,797,6,0,6,803
08/30/2000,FLL,FL,ASO,ES,Combined TRACON& Tower with Radar,404,133,80,0,617,0,35,160,1,196,404,168,240,1,813,0,0,0,813
08/31/2000,FLL,FL,ASO,ES,Combined TRACON& Tower with Radar,399,140,77,0,616,0,41,129,0,170,399,181,206,0,786,0,0,0,786
09/01/2000,FLL,FL,ASO,ES,Combined TRACON& Tower with Radar,402,121,84,0,607,0,61,168,1,230,402,182,252,1,837,0,0,0,837
09/02/2000,FLL,FL,ASO,ES,Combined TRACON& Tower with Radar,369,103,71,0,543,6,45,70,0,121,375,148,141,0,664,0,0,0,664
09/03/2000,FLL,FL,ASO,ES,Combined TRACON& Tower with Radar,339,95,65,0,499,0,47,68,0,115,339,142,133,0,614,10,0,10,624
09/04/2000,FLL,FL,ASO,ES,Combined TRACON& Tower with Radar,360,110,76,0,546,0,55,160,0,215,360,165,236,0,761,0,0,0,761
09/05/2000,FLL,FL,ASO,ES,Combined TRACON& Tower with Radar,367,103,72,0,542,0,40,106,1,147,367,143,178,1,689,0,0,0,689
09/06/2000,FLL,FL,ASO,ES,Combined TRACON& Tower with Radar,396,127,74,0,597,1,27,90,0,118,397,154,164,0,715,0,0,0,715
09/07/2000,FLL,FL,ASO,ES,Combined TRACON& Tower with Radar,384,107,75,0,566,0,38,124,0,162,384,145,199,0,728,0,0,0,728
09/08/2000,FLL,FL,ASO,ES,Combined TRACON& Tower with Radar,392,106,84,0,582,1,27,138,0,166,393,133,222,0,748,0,0,0,748
09/09/2000,FLL,FL,ASO,ES,Combined TRACON& Tower with Radar,347,96,67,0,510,35,7,97,0,139,382,103,164,0,649,14,0,14,663
09/10/2000,FLL,FL,ASO,ES,Combined TRACON& Tower with Radar,351,97,67,1,516,17,10,96,2,125,368,107,163,3,641,0,0,0,641
09/11/2000,FLL,FL,ASO,ES,Combined TRACON& Tower with Radar,364,94,61,2,521,1,28,106,0,135,365,122,167,2,656,8,0,8,664
09/12/2000,FLL,FL,ASO,ES,Combined TRACON& Tower with Radar,366,101,71,1,539,4,30,109,1,144,370,131,180,2,683,12,0,12,695
09/13/2000,FLL,FL,ASO,ES,Combined TRACON& Tower with Radar,380,105,90,0,575,1,25,122,0,148,381,130,212,0,723,0,0,0,723
09/14/2000,FLL,FL,ASO,ES,Combined TRACON& Tower with Radar,386,128,82,3,599,1,32,141,1,175,387,160,223,4,774,4,0,4,778
09/15/2000,FLL,FL,ASO,ES,Combined TRACON& Tower with Radar,385,113,79,1,578,0,25,126,1,152,385,138,205,2,730,0,0,0,730
09/16/2000,FLL,FL,ASO,ES,Combined TRACON& Tower with Radar,376,74,66,0,516,1,21,89,0,111,377,95,155,0,627,12,0,12,639
09/17/2000,FLL,FL,ASO,ES,Combined TRACON& Tower with Radar,355,80,51,0,486,1,21,34,0,56,356,101,85,0,542,0,0,0,542
09/18/2000,FLL,FL,ASO,ES,Combined TRACON& Tower with Radar,367,133,85,2,587,1,35,125,0,161,368,168,210,2,748,0,6,6,754
09/19/2000,FLL,FL,ASO,ES,Combined TRACON& Tower with Radar,375,112,81,1,569,1,32,143,2,178,376,144,224,3,747,0,0,0,747
09/20/2000,FLL,FL,ASO,ES,Combined TRACON& Tower with Radar,368,102,72,0,542,11,30,92,1,134,379,132,164,1,676,0,0,0,676
09/21/2000,FLL,FL,ASO,ES,Combined TRACON& Tower with Radar,377,103,73,2,555,1,33,121,0,155,378,136,194,2,710,0,0,0,710
09/22/2000,FLL,FL,ASO,ES,Combined TRACON& Tower with Radar,363,106,93,3,565,1,32,167,1,201,364,138,260,4,766,0,0,0,766
09/23/2000,FLL,FL,ASO,ES,Combined TRACON& Tower with Radar,380,84,45,0,509,1,17,117,0,135,381,101,162,0,644,4,0,4,648
09/24/2000,FLL,FL,ASO,ES,Combined TRACON& Tower with Radar,350,83,74,1,508,1,28,95,1,125,351,111,169,2,633,0,0,0,633
09/25/2000,FLL,FL,ASO,ES,Combined TRACON& Tower with Radar,365,93,87,0,545,1,28,105,0,134,366,121,192,0,679,0,0,0,679
09/26/2000,FLL,FL,ASO,ES,Combined TRACON& Tower with Radar,363,100,71,0,534,15,30,108,0,153,378,130,179,0,687,0,0,0,687
09/27/2000,FLL,FL,ASO,ES,Combined TRACON& Tower with Radar,374,95,81,1,551,1,40,55,0,96,375,135,136,1,647,0,0,0,647
09/28/2000,FLL,FL,ASO,ES,Combined TRACON& Tower with Radar,379,97,76,0,552,1,38,130,0,169,380,135,206,0,721,0,0,0,721
09/29/2000,FLL,FL,ASO,ES,Combined TRACON& Tower with Radar,391,105,74,0,570,1,41,162,0,204,392,146,236,0,774,0,0,0,774
09/30/2000,FLL,FL,ASO,ES,Combined TRACON& Tower with Radar,376,79,57,0,512,0,24,54,0,78,376,103,111,0,590,0,0,0,590
10/01/2000,FLL,FL,ASO,ES,Combined TRACON& Tower with Radar,375,89,49,0,513,0,29,99,0,128,375,118,148,0,641,0,0,0,641
10/02/2000,FLL,FL,ASO,ES,Combined TRACON& Tower with Radar,386,99,78,1,564,0,23,70,3,96,386,122,148,4,660,0,0,0,660
10/03/2000,FLL,FL,ASO,ES,Combined TRACON& Tower with Radar,372,85,57,1,515,31,0,0,1,32,403,85,57,2,547,0,0,0,547
10/04/2000,FLL,FL,ASO,ES,Combined TRACON& Tower with Radar,379,91,78,1,549,34,26,133,0,193,413,117,211,1,742,0,0,0,742
10/05/2000,FLL,FL,ASO,ES,Combined TRACON& Tower with Radar,411,108,68,0,587,0,26,197,0,223,411,134,265,0,810,0,0,0,810
10/06/2000,FLL,FL,ASO,ES,Combined TRACON& Tower with Radar,420,92,92,0,604,0,45,124,1,170,420,137,216,1,774,0,0,0,774
10/07/2000,FLL,FL,ASO,ES,Combined TRACON& Tower with Radar,378,92,78,0,548,26,17,70,2,115,404,109,148,2,663,0,0,0,663
10/08/2000,FLL,FL,ASO,ES,Combined TRACON& Tower with Radar,339,82,69,0,490,25,32,59,0,116,364,114,128,0,606,0,0,0,606
10/09/2000,FLL,FL,ASO,ES,Combined TRACON& Tower with Radar,376,91,78,0,545,13,33,75,0,121,389,124,153,0,666,0,0,0,666
10/10/2000,FLL,FL,ASO,ES,Combined TRACON& Tower with Radar,398,101,77,0,576,0,41,117,0,158,398,142,194,0,734,0,0,0,734
10/11/2000,FLL,FL,ASO,ES,Combined TRACON& Tower with Radar,396,87,81,0,564,0,32,146,0,178,396,119,227,0,742,0,0,0,742
10/12/2000,FLL,FL,ASO,ES,Combined TRACON& Tower with Radar,404,117,79,0,600,0,34,133,1,168,404,151,212,1,768,0,0,0,768
10/13/2000,FLL,FL,ASO,ES,Combined TRACON& Tower with Radar,405,105,83,0,593,0,43,157,0,200,405,148,240,0,793,0,0,0,793
10/14/2000,FLL,FL,ASO,ES,Combined TRACON& Tower with Radar,396,78,34,0,508,0,35,80,0,115,396,113,114,0,623,4,0,4,627
10/15/2000,FLL,FL,ASO,ES,Combined TRACON& Tower with Radar,374,76,59,0,509,0,43,109,0,152,374,119,168,0,661,0,0,0,661
10/16/2000,FLL,FL,ASO,ES,Combined TRACON& Tower with Radar,387,93,57,0,537,0,34,156,0,190,387,127,213,0,727,18,0,18,745
10/17/2000,FLL,FL,ASO,ES,Combined TRACON& Tower with Radar,389,96,80,0,565,1,32,159,2,194,390,128,239,2,759,0,0,0,759
10/18/2000,FLL,FL,ASO,ES,Combined TRACON& Tower with Radar,378,96,61,0,535,0,41,170,0,211,378,137,231,0,746,0,0,0,746
10/19/2000,FLL,FL,ASO,ES,Combined TRACON& Tower with Radar,402,109,76,0,587,0,45,151,0,196,402,154,227,0,783,0,0,0,783
10/20/2000,FLL,FL,ASO,ES,Combined TRACON& Tower with Radar,412,110,110,0,632,0,44,165,0,209,412,154,275,0,841,16,0,16,857
10/21/2000,FLL,FL,ASO,ES,Combined TRACON& Tower with Radar,362,89,74,0,525,40,26,101,0,167,402,115,175,0,692,8,0,8,700
10/22/2000,FLL,FL,ASO,ES,Combined TRACON& Tower with Radar,372,74,77,2,525,0,42,115,0,157,372,116,192,2,682,0,0,0,682
10/23/2000,FLL,FL,ASO,ES,Combined TRACON& Tower with Radar,395,98,82,0,575,0,34,85,0,119,395,132,167,0,694,0,0,0,694
10/24/2000,FLL,FL,ASO,ES,Combined TRACON& Tower with Radar,397,110,78,1,586,0,30,97,0,127,397,140,175,1,713,0,0,0,713
10/25/2000,FLL,FL,ASO,ES,Combined TRACON& Tower with Radar,397,119,129,4,649,0,42,159,0,201,397,161,288,4,850,0,0,0,850
10/26/2000,FLL,FL,ASO,ES,Combined TRACON& Tower with Radar,413,138,157,2,710,0,44,205,0,249,413,182,362,2,959,0,0,0,959
10/27/2000,FLL,FL,ASO,ES,Combined TRACON& Tower with Radar,450,126,202,3,781,0,49,213,0,262,450,175,415,3,1043,0,0,0,1043
10/28/2000,FLL,FL,ASO,ES,Combined TRACON& Tower with Radar,410,103,88,0,601,0,25,175,0,200,410,128,263,0,801,0,0,0,801
10/29/2000,FLL,FL,ASO,ES,Combined TRACON& Tower with Radar,393,101,160,2,656,0,47,153,0,200,393,148,313,2,856,0,0,0,856
10/30/2000,FLL,FL,ASO,ES,Combined TRACON& Tower with Radar,420,109,93,1,623,0,59,136,1,196,420,168,229,2,819,6,0,6,825
10/31/2000,FLL,FL,ASO,ES,Combined TRACON& Tower with Radar,408,116,96,0,620,0,38,116,0,154,408,154,212,0,774,0,0,0,774
11/01/2000,FLL,FL,ASO,ES,Combined TRACON& Tower with Radar,420,113,112,0,645,0,34,163,0,197,420,147,275,0,842,0,0,0,842
11/02/2000,FLL,FL,ASO,ES,Combined TRACON& Tower with Radar,442,109,96,0,647,0,32,156,0,188,442,141,252,0,835,0,0,0,835
11/03/2000,FLL,FL,ASO,ES,Combined TRACON& Tower with Radar,433,120,104,0,657,0,48,214,0,262,433,168,318,0,919,2,0,2,921
11/04/2000,FLL,FL,ASO,ES,Combined TRACON& Tower with Radar,432,92,70,4,598,0,28,114,0,142,432,120,184,4,740,12,0,12,752
11/05/2000,FLL,FL,ASO,ES,Combined TRACON& Tower with Radar,401,106,92,0,599,15,37,97,0,149,416,143,189,0,748,10,0,10,758
11/06/2000,FLL,FL,ASO,ES,Combined TRACON& Tower with Radar,393,104,90,0,587,30,27,108,0,165,423,131,198,0,752,10,0,10,762
11/07/2000,FLL,FL,ASO,ES,Combined TRACON& Tower with Radar,414,111,96,0,621,0,42,152,1,195,414,153,248,1,816,0,1,1,817
11/08/2000,FLL,FL,ASO,ES,Combined TRACON& Tower with Radar,410,110,95,0,615,0,40,167,0,207,410,150,262,0,822,0,0,0,822
11/09/2000,FLL,FL,ASO,ES,Combined TRACON& Tower with Radar,437,115,102,0,654,0,36,177,0,213,437,151,279,0,867,0,0,0,867
11/10/2000,FLL,FL,ASO,ES,Combined TRACON& Tower with Radar,446,122,130,0,698,0,39,178,0,217,446,161,308,0,915,0,0,0,915
11/11/2000,FLL,FL,ASO,ES,Combined TRACON& Tower with Radar,420,92,75,0,587,0,32,135,0,167,420,124,210,0,754,0,0,0,754
11/12/2000,FLL,FL,ASO,ES,Combined TRACON& Tower with Radar,400,99,113,2,614,0,43,130,0,173,400,142,243,2,787,0,0,0,787
11/13/2000,FLL,FL,ASO,ES,Combined TRACON& Tower with Radar,414,110,95,0,619,8,32,174,0,214,422,142,269,0,833,12,0,12,845
11/14/2000,FLL,FL,ASO,ES,Combined TRACON& Tower with Radar,423,111,94,2,630,0,25,132,0,157,423,136,226,2,787,0,0,0,787
11/15/2000,FLL,FL,ASO,ES,Combined TRACON& Tower with Radar,432,114,99,1,646,0,39,152,0,191,432,153,251,1,837,0,0,0,837
11/16/2000,FLL,FL,ASO,ES,Combined TRACON& Tower with Radar,446,124,111,0,681,0,39,171,0,210,446,163,282,0,891,6,0,6,897
11/17/2000,FLL,FL,ASO,ES,Combined TRACON& Tower with Radar,426,112,125,5,668,0,44,202,0,246,426,156,327,5,914,6,0,6,920
11/18/2000,FLL,FL,ASO,ES,Combined TRACON& Tower with Radar,430,101,72,0,603,0,33,138,0,171,430,134,210,0,774,0,0,0,774
11/19/2000,FLL,FL,ASO,ES,Combined TRACON& Tower with Radar,402,107,91,0,600,2,27,118,1,148,404,134,209,1,748,0,0,0,748
11/20/2000,FLL,FL,ASO,ES,Combined TRACON& Tower with Radar,441,127,116,2,686,0,38,108,0,146,441,165,224,2,832,0,0,0,832
11/21/2000,FLL,FL,ASO,ES,Combined TRACON& Tower with Radar,449,118,116,2,685,0,40,133,0,173,449,158,249,2,858,0,0,0,858
11/22/2000,FLL,FL,ASO,ES,Combined TRACON& Tower with Radar,464,142,119,0,725,0,52,190,0,242,464,194,309,0,967,0,0,0,967
11/23/2000,FLL,FL,ASO,ES,Combined TRACON& Tower with Radar,376,83,43,0,502,0,22,99,0,121,376,105,142,0,623,0,0,0,623
11/24/2000,FLL,FL,ASO,ES,Combined TRACON& Tower with Radar,404,108,85,0,597,0,37,142,0,179,404,145,227,0,776,0,0,0,776
11/25/2000,FLL,FL,ASO,ES,Combined TRACON& Tower with Radar,431,108,110,0,649,0,17,37,0,54,431,125,147,0,703,0,0,0,703
11/26/2000,FLL,FL,ASO,ES,Combined TRACON& Tower with Radar,451,125,110,0,686,0,33,138,0,171,451,158,248,0,857,0,0,0,857
11/27/2000,FLL,FL,ASO,ES,Combined TRACON& Tower with Radar,444,127,119,0,690,0,45,156,0,201,444,172,275,0,891,0,0,0,891
11/28/2000,FLL,FL,ASO,ES,Combined TRACON& Tower with Radar,428,113,100,0,641,0,52,120,4,176,428,165,220,4,817,0,0,0,817
11/29/2000,FLL,FL,ASO,ES,Combined TRACON& Tower with Radar,435,107,97,2,641,0,26,115,0,141,435,133,212,2,782,0,0,0,782
11/30/2000,FLL,FL,ASO,ES,Combined TRACON& Tower with Radar,439,131,98,4,672,0,33,167,0,200,439,164,265,4,872,0,0,0,872
12/01/2000,FLL,FL,ASO,ES,Combined TRACON& Tower with Radar,0,30,25,1,56,472,122,252,3,849,472,152,277,4,905,4,0,4,909
12/02/2000,FLL,FL,ASO,ES,Combined TRACON& Tower with Radar,0,32,0,0,32,434,96,188,0,718,434,128,188,0,750,2,0,2,752
12/03/2000,FLL,FL,ASO,ES,Combined TRACON& Tower with Radar,0,47,210,0,257,440,103,0,0,543,440,150,210,0,800,8,0,8,808
12/04/2000,FLL,FL,ASO,ES,Combined TRACON& Tower with Radar,0,54,0,1,55,435,92,194,0,721,435,146,194,1,776,0,0,0,776
12/05/2000,FLL,FL,ASO,ES,Combined TRACON& Tower with Radar,0,71,223,1,295,438,77,0,2,517,438,148,223,3,812,4,0,4,816
12/06/2000,FLL,FL,ASO,ES,Combined TRACON& Tower with Radar,0,0,60,0,60,446,154,196,4,800,446,154,256,4,860,0,0,0,860
12/07/2000,FLL,FL,ASO,ES,Combined TRACON& Tower with Radar,0,0,64,0,64,440,159,220,0,819,440,159,284,0,883,0,0,0,883
12/08/2000,FLL,FL,ASO,ES,Combined TRACON& Tower with Radar,0,0,36,0,36,480,158,211,0,849,480,158,247,0,885,0,0,0,885
12/09/2000,FLL,FL,ASO,ES,Combined TRACON& Tower with Radar,0,43,0,0,43,450,85,193,0,728,450,128,193,0,771,4,0,4,775
12/10/2000,FLL,FL,ASO,ES,Combined TRACON& Tower with Radar,0,0,0,0,0,402,117,114,0,633,402,117,114,0,633,0,0,0,633
12/11/2000,FLL,FL,ASO,ES,Combined TRACON& Tower with Radar,0,54,267,0,321,410,102,0,0,512,410,156,267,0,833,0,0,0,833
12/12/2000,FLL,FL,ASO,ES,Combined TRACON& Tower with Radar,0,45,244,0,289,429,88,0,0,517,429,133,244,0,806,8,0,8,814
12/13/2000,FLL,FL,ASO,ES,Combined TRACON& Tower with Radar,0,65,237,0,302,417,86,0,4,507,417,151,237,4,809,0,0,0,809
12/14/2000,FLL,FL,ASO,ES,Combined TRACON& Tower with Radar,0,0,64,0,64,457,155,215,1,828,457,155,279,1,892,6,0,6,898
12/15/2000,FLL,FL,ASO,ES,Combined TRACON& Tower with Radar,0,87,294,0,381,489,103,31,1,624,489,190,325,1,1005,0,0,0,1005
12/16/2000,FLL,FL,ASO,ES,Combined TRACON& Tower with Radar,0,53,228,0,281,453,84,0,2,539,453,137,228,2,820,0,0,0,820
12/17/2000,FLL,FL,ASO,ES,Combined TRACON& Tower with Radar,0,0,23,0,23,419,138,165,0,722,419,138,188,0,745,0,0,0,745
12/18/2000,FLL,FL,ASO,ES,Combined TRACON& Tower with Radar,0,56,264,0,320,461,99,6,0,566,461,155,270,0,886,0,0,0,886
12/19/2000,FLL,FL,ASO,ES,Combined TRACON& Tower with Radar,0,69,282,0,351,488,93,6,0,587,488,162,288,0,938,0,0,0,938
12/20/2000,FLL,FL,ASO,ES,Combined TRACON& Tower with Radar,0,75,256,0,331,494,81,6,0,581,494,156,262,0,912,0,0,0,912
12/21/2000,FLL,FL,ASO,ES,Combined TRACON& Tower with Radar,0,76,262,0,338,499,103,32,0,634,499,179,294,0,972,0,0,0,972
12/22/2000,FLL,FL,ASO,ES,Combined TRACON& Tower with Radar,0,80,303,0,383,515,106,16,0,637,515,186,319,0,1020,0,0,0,1020
12/23/2000,FLL,FL,ASO,ES,Combined TRACON& Tower with Radar,0,0,0,0,0,504,152,207,0,863,504,152,207,0,863,0,0,0,863
12/24/2000,FLL,FL,ASO,ES,Combined TRACON& Tower with Radar,0,33,0,0,33,439,74,73,0,586,439,107,73,0,619,0,0,0,619
12/25/2000,FLL,FL,ASO,ES,Combined TRACON& Tower with Radar,0,0,0,0,0,390,123,79,0,592,390,123,79,0,592,0,0,0,592
12/26/2000,FLL,FL,ASO,ES,Combined TRACON& Tower with Radar,0,0,41,0,41,458,187,285,0,930,458,187,326,0,971,0,0,0,971
12/27/2000,FLL,FL,ASO,ES,Combined TRACON& Tower with Radar,0,0,70,0,70,472,174,240,0,886,472,174,310,0,956,10,0,10,966
12/28/2000,FLL,FL,ASO,ES,Combined TRACON& Tower with Radar,0,0,41,0,41,490,176,247,0,913,490,176,288,0,954,0,0,0,954
12/29/2000,FLL,FL,ASO,ES,Combined TRACON& Tower with Radar,0,74,302,0,376,492,91,30,1,614,492,165,332,1,990,0,0,0,990
12/30/2000,FLL,FL,ASO,ES,Combined TRACON& Tower with Radar,0,34,241,0,275,386,120,0,0,506,386,154,241,0,781,0,0,0,781
12/31/2000,FLL,FL,ASO,ES,Combined TRACON& Tower with Radar,0,34,0,0,34,412,100,159,0,671,412,134,159,0,705,0,0,0,705
01/01/2001,FLL,FL,ASO,ES,Combined TRACON& Tower with Radar,417,101,129,0,647,3,44,82,0,129,420,145,211,0,776,0,0,0,776
01/02/2001,FLL,FL,ASO,ES,Combined TRACON& Tower with Radar,477,138,141,0,756,0,49,255,2,306,477,187,396,2,1062,0,0,0,1062
01/03/2001,FLL,FL,ASO,ES,Combined TRACON& Tower with Radar,471,132,135,0,738,0,74,208,0,282,471,206,343,0,1020,0,0,0,1020
01/04/2001,FLL,FL,ASO,ES,Combined TRACON& Tower with Radar,489,134,136,0,759,0,40,156,0,196,489,174,292,0,955,0,0,0,955
01/05/2001,FLL,FL,ASO,ES,Combined TRACON& Tower with Radar,464,127,146,0,737,4,48,195,0,247,468,175,341,0,984,0,0,0,984
01/06/2001,FLL,FL,ASO,ES,Combined TRACON& Tower with Radar,471,123,120,0,714,4,43,133,0,180,475,166,253,0,894,0,0,0,894
01/07/2001,FLL,FL,ASO,ES,Combined TRACON& Tower with Radar,437,120,121,0,678,3,51,104,0,158,440,171,225,0,836,0,0,0,836
01/08/2001,FLL,FL,ASO,ES,Combined TRACON& Tower with Radar,432,113,120,0,665,4,40,120,0,164,436,153,240,0,829,0,0,0,829
01/09/2001,FLL,FL,ASO,ES,Combined TRACON& Tower with Radar,445,121,124,0,690,11,41,77,0,129,456,162,201,0,819,0,0,0,819
01/10/2001,FLL,FL,ASO,ES,Combined TRACON& Tower with Radar,457,126,131,0,714,0,54,140,0,194,457,180,271,0,908,0,0,0,908
01/11/2001,FLL,FL,ASO,ES,Combined TRACON& Tower with Radar,452,122,126,0,700,9,33,164,0,206,461,155,290,0,906,0,0,0,906
01/12/2001,FLL,FL,ASO,ES,Combined TRACON& Tower with Radar,477,139,144,0,760,0,45,195,0,240,477,184,339,0,1000,0,0,0,1000
01/13/2001,FLL,FL,ASO,ES,Combined TRACON& Tower with Radar,463,96,99,1,659,4,27,148,0,179,467,123,247,1,838,14,0,14,852
01/14/2001,FLL,FL,ASO,ES,Combined TRACON& Tower with Radar,426,116,119,0,661,8,5,89,3,105,434,121,208,3,766,0,0,0,766
01/15/2001,FLL,FL,ASO,ES,Combined TRACON& Tower with Radar,432,117,120,1,670,16,31,103,1,151,448,148,223,2,821,0,0,0,821
01/16/2001,FLL,FL,ASO,ES,Combined TRACON& Tower with Radar,445,116,117,0,678,4,31,142,0,177,449,147,259,0,855,0,0,0,855
01/17/2001,FLL,FL,ASO,ES,Combined TRACON& Tower with Radar,451,119,106,1,677,4,20,134,0,158,455,139,240,1,835,0,0,0,835
01/18/2001,FLL,FL,ASO,ES,Combined TRACON& Tower with Radar,470,129,132,0,731,0,39,161,0,200,470,168,293,0,931,8,0,8,939
01/19/2001,FLL,FL,ASO,ES,Combined TRACON& Tower with Radar,468,132,136,1,737,0,63,175,0,238,468,195,311,1,975,0,0,0,975
01/20/2001,FLL,FL,ASO,ES,Combined TRACON& Tower with Radar,426,116,118,0,660,39,15,45,0,99,465,131,163,0,759,0,0,0,759
01/21/2001,FLL,FL,ASO,ES,Combined TRACON& Tower with Radar,391,99,133,0,623,4,40,102,0,146,395,139,235,0,769,0,0,0,769
01/22/2001,FLL,FL,ASO,ES,Combined TRACON& Tower with Radar,467,127,131,0,725,0,9,31,0,40,467,136,162,0,765,0,0,0,765
01/23/2001,FLL,FL,ASO,ES,Combined TRACON& Tower with Radar,440,119,122,0,681,17,53,93,0,163,457,172,215,0,844,10,0,10,854
01/24/2001,FLL,FL,ASO,ES,Combined TRACON& Tower with Radar,463,124,128,0,715,1,42,152,2,197,464,166,280,2,912,0,0,0,912
01/25/2001,FLL,FL,ASO,ES,Combined TRACON& Tower with Radar,467,136,133,0,736,3,33,144,0,180,470,169,277,0,916,0,0,0,916
01/26/2001,FLL,FL,ASO,ES,Combined TRACON& Tower with Radar,476,133,136,0,745,0,57,194,0,251,476,190,330,0,996,10,0,10,1006
01/27/2001,FLL,FL,ASO,ES,Combined TRACON& Tower with Radar,483,107,94,1,685,3,33,118,0,154,486,140,212,1,839,0,0,0,839
01/28/2001,FLL,FL,ASO,ES,Combined TRACON& Tower with Radar,425,116,110,2,653,3,35,106,0,144,428,151,216,2,797,0,0,0,797
01/29/2001,FLL,FL,ASO,ES,Combined TRACON& Tower with Radar,435,135,111,5,686,3,43,118,1,165,438,178,229,6,851,0,0,0,851
01/30/2001,FLL,FL,ASO,ES,Combined TRACON& Tower with Radar,464,125,80,1,670,12,53,171,0,236,476,178,251,1,906,4,0,4,910
01/31/2001,FLL,FL,ASO,ES,Combined TRACON& Tower with Radar,452,122,125,0,699,4,45,148,1,198,456,167,273,1,897,10,0,10,907
02/01/2001,FLL,FL,ASO,ES,Combined TRACON& Tower with Radar,469,136,142,0,747,3,39,167,0,209,472,175,309,0,956,0,0,0,956
02/02/2001,FLL,FL,ASO,ES,Combined TRACON& Tower with Radar,476,151,128,0,755,0,20,179,0,199,476,171,307,0,954,0,0,0,954
02/03/2001,FLL,FL,ASO,ES,Combined TRACON& Tower with Radar,471,117,87,0,675,3,24,106,0,133,474,141,193,0,808,14,0,14,822
02/04/2001,FLL,FL,ASO,ES,Combined TRACON& Tower with Radar,459,117,118,0,694,3,21,114,0,138,462,138,232,0,832,22,0,22,854
02/05/2001,FLL,FL,ASO,ES,Combined TRACON& Tower with Radar,414,128,109,0,651,9,51,118,0,178,423,179,227,0,829,8,0,8,837
02/06/2001,FLL,FL,ASO,ES,Combined TRACON& Tower with Radar,461,128,105,0,694,3,36,163,0,202,464,164,268,0,896,0,0,0,896
02/07/2001,FLL,FL,ASO,ES,Combined TRACON& Tower with Radar,458,143,121,1,723,0,26,182,0,208,458,169,303,1,931,0,0,0,931
02/08/2001,FLL,FL,ASO,ES,Combined TRACON& Tower with Radar,458,142,121,1,722,0,40,157,0,197,458,182,278,1,919,0,0,0,919
02/09/2001,FLL,FL,ASO,ES,Combined TRACON& Tower with Radar,459,145,125,1,730,0,59,221,3,283,459,204,346,4,1013,0,0,0,1013
02/10/2001,FLL,FL,ASO,ES,Combined TRACON& Tower with Radar,449,138,119,0,706,60,15,60,0,135,509,153,179,0,841,4,0,4,845
02/11/2001,FLL,FL,ASO,ES,Combined TRACON& Tower with Radar,459,127,126,1,713,3,34,128,3,168,462,161,254,4,881,0,0,0,881
02/12/2001,FLL,FL,ASO,ES,Combined TRACON& Tower with Radar,418,128,111,0,657,35,40,151,0,226,453,168,262,0,883,16,0,16,899
02/13/2001,FLL,FL,ASO,ES,Combined TRACON& Tower with Radar,451,138,120,0,709,17,41,125,0,183,468,179,245,0,892,0,0,0,892
02/14/2001,FLL,FL,ASO,ES,Combined TRACON& Tower with Radar,462,132,120,0,714,3,35,153,0,191,465,167,273,0,905,0,0,0,905
02/15/2001,FLL,FL,ASO,ES,Combined TRACON& Tower with Radar,486,155,134,0,775,0,42,225,0,267,486,197,359,0,1042,0,0,0,1042
02/16/2001,FLL,FL,ASO,ES,Combined TRACON& Tower with Radar,476,152,132,1,761,0,56,203,0,259,476,208,335,1,1020,0,0,0,1020
02/17/2001,FLL,FL,ASO,ES,Combined TRACON& Tower with Radar,486,147,127,0,760,2,37,134,0,173,488,184,261,0,933,0,0,0,933
02/18/2001,FLL,FL,ASO,ES,Combined TRACON& Tower with Radar,456,142,121,1,720,0,26,108,1,135,456,168,229,2,855,0,0,0,855
02/19/2001,FLL,FL,ASO,ES,Combined TRACON& Tower with Radar,461,148,127,0,736,0,58,165,0,223,461,206,292,0,959,0,0,0,959
02/20/2001,FLL,FL,ASO,ES,Combined TRACON& Tower with Radar,451,138,118,0,707,12,52,126,0,190,463,190,244,0,897,10,0,10,907
02/21/2001,FLL,FL,ASO,ES,Combined TRACON& Tower with Radar,468,144,123,0,735,0,13,212,0,225,468,157,335,0,960,0,0,0,960
02/22/2001,FLL,FL,ASO,ES,Combined TRACON& Tower with Radar,447,147,125,1,720,0,53,205,2,260,447,200,330,3,980,0,0,0,980
02/23/2001,FLL,FL,ASO,ES,Combined TRACON& Tower with Radar,487,190,145,3,825,2,57,169,0,228,489,247,314,3,1053,0,0,0,1053
02/24/2001,FLL,FL,ASO,ES,Combined TRACON& Tower with Radar,488,148,127,1,764,1,28,136,0,165,489,176,263,1,929,0,0,0,929
02/25/2001,FLL,FL,ASO,ES,Combined TRACON& Tower with Radar,456,134,127,3,720,2,36,126,0,164,458,170,253,3,884,10,0,10,894
02/26/2001,FLL,FL,ASO,ES,Combined TRACON& Tower with Radar,464,144,99,2,709,2,34,141,0,177,466,178,240,2,886,0,0,0,886
02/27/2001,FLL,FL,ASO,ES,Combined TRACON& Tower with Radar,473,140,98,5,716,2,32,166,0,200,475,172,264,5,916,0,0,0,916
02/28/2001,FLL,FL,ASO,ES,Combined TRACON& Tower with Radar,463,144,132,4,743,2,49,168,0,219,465,193,300,4,962,0,0,0,962
03/01/2001,FLL,FL,ASO,ES,Combined TRACON& Tower with Radar,498,154,126,1,779,0,49,193,8,250,498,203,319,9,1029,0,0,0,1029
03/02/2001,FLL,FL,ASO,ES,Combined TRACON& Tower with Radar,489,161,102,14,766,0,70,131,1,202,489,231,233,15,968,0,0,0,968
03/03/2001,FLL,FL,ASO,ES,Combined TRACON& Tower with Radar,485,145,119,0,749,4,52,128,0,184,489,197,247,0,933,0,0,0,933
03/04/2001,FLL,FL,ASO,ES,Combined TRACON& Tower with Radar,452,138,113,0,703,0,44,93,0,137,452,182,206,0,840,2,0,2,842
03/05/2001,FLL,FL,ASO,ES,Combined TRACON& Tower with Radar,395,119,97,1,612,0,67,103,5,175,395,186,200,6,787,0,0,0,787
03/06/2001,FLL,FL,ASO,ES,Combined TRACON& Tower with Radar,421,125,103,0,649,5,70,104,0,179,426,195,207,0,828,0,0,0,828
03/07/2001,FLL,FL,ASO,ES,Combined TRACON& Tower with Radar,472,158,119,1,750,0,41,152,0,193,472,199,271,1,943,0,0,0,943
03/08/2001,FLL,FL,ASO,ES,Combined TRACON& Tower with Radar,492,145,111,2,750,0,53,204,2,259,492,198,315,4,1009,0,0,0,1009
03/09/2001,FLL,FL,ASO,ES,Combined TRACON& Tower with Radar,486,146,118,0,750,4,68,181,0,253,490,214,299,0,1003,0,0,0,1003
03/10/2001,FLL,FL,ASO,ES,Combined TRACON& Tower with Radar,490,152,122,1,765,0,28,177,1,206,490,180,299,2,971,0,0,0,971
03/11/2001,FLL,FL,ASO,ES,Combined TRACON& Tower with Radar,461,138,136,0,735,0,52,148,2,202,461,190,284,2,937,0,0,0,937
03/12/2001,FLL,FL,ASO,ES,Combined TRACON& Tower with Radar,450,135,109,0,694,17,75,116,0,208,467,210,225,0,902,0,0,0,902
03/13/2001,FLL,FL,ASO,ES,Combined TRACON& Tower with Radar,469,144,115,1,729,0,43,119,4,166,469,187,234,5,895,0,0,0,895
03/14/2001,FLL,FL,ASO,ES,Combined TRACON& Tower with Radar,482,138,129,2,751,0,47,196,1,244,482,185,325,3,995,0,0,0,995
03/15/2001,FLL,FL,ASO,ES,Combined TRACON& Tower with Radar,476,147,118,1,742,0,68,162,2,232,476,215,280,3,974,0,0,0,974
03/16/2001,FLL,FL,ASO,ES,Combined TRACON& Tower with Radar,492,152,122,1,767,0,62,212,1,275,492,214,334,2,1042,0,0,0,1042
03/17/2001,FLL,FL,ASO,ES,Combined TRACON& Tower with Radar,489,147,118,1,755,7,53,207,0,267,496,200,325,1,1022,0,0,0,1022
03/18/2001,FLL,FL,ASO,ES,Combined TRACON& Tower with Radar,465,149,139,0,753,0,40,126,0,166,465,189,265,0,919,6,0,6,925
03/19/2001,FLL,FL,ASO,ES,Combined TRACON& Tower with Radar,451,136,109,0,696,11,37,85,0,133,462,173,194,0,829,0,0,0,829
03/20/2001,FLL,FL,ASO,ES,Combined TRACON& Tower with Radar,477,149,107,0,733,0,37,175,0,212,477,186,282,0,945,0,0,0,945
03/21/2001,FLL,FL,ASO,ES,Combined TRACON& Tower with Radar,463,149,133,1,746,0,42,174,1,217,463,191,307,2,963,0,0,0,963
03/22/2001,FLL,FL,ASO,ES,Combined TRACON& Tower with Radar,489,151,122,0,762,0,72,195,0,267,489,223,317,0,1029,0,0,0,1029
03/23/2001,FLL,FL,ASO,ES,Combined TRACON& Tower with Radar,488,148,120,1,757,0,49,231,0,280,488,197,351,1,1037,0,0,0,1037
03/24/2001,FLL,FL,ASO,ES,Combined TRACON& Tower with Radar,481,147,119,0,747,0,44,215,0,259,481,191,334,0,1006,2,0,2,1008
03/25/2001,FLL,FL,ASO,ES,Combined TRACON& Tower with Radar,446,136,109,0,691,0,35,168,0,203,446,171,277,0,894,0,0,0,894
03/26/2001,FLL,FL,ASO,ES,Combined TRACON& Tower with Radar,457,137,111,0,705,26,45,157,0,228,483,182,268,0,933,0,0,0,933
03/27/2001,FLL,FL,ASO,ES,Combined TRACON& Tower with Radar,469,141,113,1,724,14,39,136,0,189,483,180,249,1,913,0,0,0,913
03/28/2001,FLL,FL,ASO,ES,Combined TRACON& Tower with Radar,481,145,116,0,742,9,31,187,0,227,490,176,303,0,969,0,0,0,969
03/29/2001,FLL,FL,ASO,ES,Combined TRACON& Tower with Radar,445,134,109,0,688,18,24,104,0,146,463,158,213,0,834,0,0,0,834
03/30/2001,FLL,FL,ASO,ES,Combined TRACON& Tower with Radar,526,159,129,0,814,16,55,134,0,205,542,214,263,0,1019,0,0,0,1019
03/31/2001,FLL,FL,ASO,ES,Combined TRACON& Tower with Radar,477,123,153,0,753,0,58,142,0,200,477,181,295,0,953,8,0,8,961
04/01/2001,FLL,FL,ASO,ES,Combined TRACON& Tower with Radar,445,119,132,0,696,0,46,146,0,192,445,165,278,0,888,0,0,0,888
04/02/2001,FLL,FL,ASO,ES,Combined TRACON& Tower with Radar,473,123,105,0,701,7,62,154,0,223,480,185,259,0,924,0,0,0,924
04/03/2001,FLL,FL,ASO,ES,Combined TRACON& Tower with Radar,448,116,99,0,663,26,44,181,0,251,474,160,280,0,914,0,0,0,914
04/04/2001,FLL,FL,ASO,ES,Combined TRACON& Tower with Radar,472,118,126,2,718,0,75,154,0,229,472,193,280,2,947,0,0,0,947
04/05/2001,FLL,FL,ASO,ES,Combined TRACON& Tower with Radar,473,123,104,0,700,10,79,189,0,278,483,202,293,0,978,0,0,0,978
04/06/2001,FLL,FL,ASO,ES,Combined TRACON& Tower with Radar,490,141,120,2,753,0,53,212,0,265,490,194,332,2,1018,0,0,0,1018
04/07/2001,FLL,FL,ASO,ES,Combined TRACON& Tower with Radar,485,134,114,0,733,0,62,206,0,268,485,196,320,0,1001,0,0,0,1001
04/08/2001,FLL,FL,ASO,ES,Combined TRACON& Tower with Radar,468,124,106,1,699,0,57,153,2,212,468,181,259,3,911,0,0,0,911
04/09/2001,FLL,FL,ASO,ES,Combined TRACON& Tower with Radar,441,115,97,1,654,10,73,183,1,267,451,188,280,2,921,0,0,0,921
04/10/2001,FLL,FL,ASO,ES,Combined TRACON& Tower with Radar,481,125,106,0,712,5,41,157,0,203,486,166,263,0,915,0,0,0,915
04/11/2001,FLL,FL,ASO,ES,Combined TRACON& Tower with Radar,475,123,105,0,703,1,61,158,0,220,476,184,263,0,923,6,0,6,929
04/12/2001,FLL,FL,ASO,ES,Combined TRACON& Tower with Radar,482,138,117,0,737,0,90,261,0,351,482,228,378,0,1088,0,0,0,1088
04/13/2001,FLL,FL,ASO,ES,Combined TRACON& Tower with Radar,502,131,134,0,767,0,65,234,0,299,502,196,368,0,1066,0,0,0,1066
04/14/2001,FLL,FL,ASO,ES,Combined TRACON& Tower with Radar,463,120,104,0,687,18,50,149,0,217,481,170,253,0,904,2,0,2,906
04/15/2001,FLL,FL,ASO,ES,Combined TRACON& Tower with Radar,444,115,99,0,658,20,25,105,0,150,464,140,204,0,808,0,0,0,808
04/16/2001,FLL,FL,ASO,ES,Combined TRACON& Tower with Radar,461,121,133,0,715,0,67,165,0,232,461,188,298,0,947,0,0,0,947
04/17/2001,FLL,FL,ASO,ES,Combined TRACON& Tower with Radar,482,125,107,2,716,0,59,185,0,244,482,184,292,2,960,8,0,8,968
04/18/2001,FLL,FL,ASO,ES,Combined TRACON& Tower with Radar,475,124,106,0,705,14,56,177,1,248,489,180,283,1,953,0,0,0,953
04/19/2001,FLL,FL,ASO,ES,Combined TRACON& Tower with Radar,493,128,111,0,732,3,57,183,0,243,496,185,294,0,975,0,0,0,975
04/20/2001,FLL,FL,ASO,ES,Combined TRACON& Tower with Radar,479,131,113,0,723,0,128,174,3,305,479,259,287,3,1028,0,0,0,1028
04/21/2001,FLL,FL,ASO,ES,Combined TRACON& Tower with Radar,484,135,88,1,708,0,67,136,0,203,484,202,224,1,911,0,0,0,911
04/22/2001,FLL,FL,ASO,ES,Combined TRACON& Tower with Radar,458,122,97,3,680,0,75,136,0,211,458,197,233,3,891,0,0,0,891
04/23/2001,FLL,FL,ASO,ES,Combined TRACON& Tower with Radar,450,118,99,0,667,9,75,113,4,201,459,193,212,4,868,0,0,0,868
04/24/2001,FLL,FL,ASO,ES,Combined TRACON& Tower with Radar,469,120,80,2,671,0,54,144,0,198,469,174,224,2,869,0,0,0,869
04/25/2001,FLL,FL,ASO,ES,Combined TRACON& Tower with Radar,467,119,101,0,687,0,36,195,0,231,467,155,296,0,918,0,0,0,918
04/26/2001,FLL,FL,ASO,ES,Combined TRACON& Tower with Radar,475,125,105,0,705,7,35,133,2,177,482,160,238,2,882,0,0,0,882
04/27/2001,FLL,FL,ASO,ES,Combined TRACON& Tower with Radar,497,142,98,1,738,0,58,180,0,238,497,200,278,1,976,0,0,0,976
04/28/2001,FLL,FL,ASO,ES,Combined TRACON& Tower with Radar,426,112,94,0,632,36,39,83,0,158,462,151,177,0,790,0,0,0,790
04/29/2001,FLL,FL,ASO,ES,Combined TRACON& Tower with Radar,449,124,93,1,667,0,41,82,0,123,449,165,175,1,790,0,0,0,790
04/30/2001,FLL,FL,ASO,ES,Combined TRACON& Tower with Radar,451,119,100,1,671,16,39,64,4,123,467,158,164,5,794,0,0,0,794
05/01/2001,FLL,FL,ASO,ES,Combined TRACON& Tower with Radar,462,106,104,7,679,0,31,103,0,134,462,137,207,7,813,0,0,0,813
05/02/2001,FLL,FL,ASO,ES,Combined TRACON& Tower with Radar,437,111,93,2,643,0,55,114,6,175,437,166,207,8,818,0,0,0,818
05/03/2001,FLL,FL,ASO,ES,Combined TRACON& Tower with Radar,448,123,111,23,705,0,46,107,25,178,448,169,218,48,883,12,0,12,895
05/04/2001,FLL,FL,ASO,ES,Combined TRACON& Tower with Radar,445,121,100,4,670,0,71,169,37,277,445,192,269,41,947,0,0,0,947
05/05/2001,FLL,FL,ASO,ES,Combined TRACON& Tower with Radar,435,104,64,4,607,0,44,83,49,176,435,148,147,53,783,0,0,0,783
05/06/2001,FLL,FL,ASO,ES,Combined TRACON& Tower with Radar,438,114,94,3,649,0,54,131,47,232,438,168,225,50,881,0,0,0,881
05/07/2001,FLL,FL,ASO,ES,Combined TRACON& Tower with Radar,434,107,89,3,633,1,60,145,16,222,435,167,234,19,855,0,0,0,855
05/08/2001,FLL,FL,ASO,ES,Combined TRACON& Tower with Radar,443,110,91,1,645,6,44,98,0,148,449,154,189,1,793,0,0,0,793
05/09/2001,FLL,FL,ASO,ES,Combined TRACON& Tower with Radar,430,109,91,3,633,0,48,187,0,235,430,157,278,3,868,0,0,0,868
05/10/2001,FLL,FL,ASO,ES,Combined TRACON& Tower with Radar,437,108,90,3,638,2,59,178,16,255,439,167,268,19,893,0,0,0,893
05/11/2001,FLL,FL,ASO,ES,Combined TRACON& Tower with Radar,443,111,92,3,649,0,82,195,1,278,443,193,287,4,927,0,0,0,927
05/12/2001,FLL,FL,ASO,ES,Combined TRACON& Tower with Radar,426,105,88,2,621,3,84,103,0,190,429,189,191,2,811,10,0,10,821
05/13/2001,FLL,FL,ASO,ES,Combined TRACON& Tower with Radar,396,98,81,3,578,29,41,98,4,172,425,139,179,7,750,8,0,8,758
05/14/2001,FLL,FL,ASO,ES,Combined TRACON& Tower with Radar,425,105,87,3,620,20,70,140,1,231,445,175,227,4,851,0,0,0,851
05/15/2001,FLL,FL,ASO,ES,Combined TRACON& Tower with Radar,419,103,86,0,608,13,44,150,0,207,432,147,236,0,815,0,0,0,815
05/16/2001,FLL,FL,ASO,ES,Combined TRACON& Tower with Radar,442,113,94,0,649,0,32,198,0,230,442,145,292,0,879,0,0,0,879
05/17/2001,FLL,FL,ASO,ES,Combined TRACON& Tower with Radar,449,116,97,3,665,0,73,219,0,292,449,189,316,3,957,0,0,0,957
05/18/2001,FLL,FL,ASO,ES,Combined TRACON& Tower with Radar,450,114,95,2,661,0,40,200,0,240,450,154,295,2,901,0,0,0,901
05/19/2001,FLL,FL,ASO,ES,Combined TRACON& Tower with Radar,401,99,83,0,583,33,70,145,0,248,434,169,228,0,831,2,0,2,833
05/20/2001,FLL,FL,ASO,ES,Combined TRACON& Tower with Radar,434,100,97,0,631,0,94,118,0,212,434,194,215,0,843,0,0,0,843
05/21/2001,FLL,FL,ASO,ES,Combined TRACON& Tower with Radar,417,103,86,2,608,18,87,112,0,217,435,190,198,2,825,0,0,0,825
05/22/2001,FLL,FL,ASO,ES,Combined TRACON& Tower with Radar,424,101,90,0,615,0,39,109,0,148,424,140,199,0,763,0,0,0,763
05/23/2001,FLL,FL,ASO,ES,Combined TRACON& Tower with Radar,447,111,92,0,650,19,15,61,0,95,466,126,153,0,745,0,0,0,745
05/24/2001,FLL,FL,ASO,ES,Combined TRACON& Tower with Radar,460,116,97,0,673,0,56,171,0,227,460,172,268,0,900,0,0,0,900
05/25/2001,FLL,FL,ASO,ES,Combined TRACON& Tower with Radar,450,123,102,0,675,0,78,238,0,316,450,201,340,0,991,0,0,0,991
05/26/2001,FLL,FL,ASO,ES,Combined TRACON& Tower with Radar,433,107,89,0,629,6,79,92,0,177,439,186,181,0,806,14,0,14,820
05/27/2001,FLL,FL,ASO,ES,Combined TRACON& Tower with Radar,376,93,77,0,546,29,51,50,0,130,405,144,127,0,676,0,0,0,676
05/28/2001,FLL,FL,ASO,ES,Combined TRACON& Tower with Radar,414,103,85,1,603,0,57,171,0,228,414,160,256,1,831,0,0,0,831
05/29/2001,FLL,FL,ASO,ES,Combined TRACON& Tower with Radar,406,100,84,3,593,0,45,264,4,313,406,145,348,7,906,0,0,0,906
05/30/2001,FLL,FL,ASO,ES,Combined TRACON& Tower with Radar,430,106,89,3,628,15,54,121,1,191,445,160,210,4,819,0,0,0,819
05/31/2001,FLL,FL,ASO,ES,Combined TRACON& Tower with Radar,425,105,88,1,619,18,43,164,0,225,443,148,252,1,844,0,0,0,844
06/01/2001,FLL,FL,ASO,ES,Combined TRACON& Tower with Radar,428,111,78,0,617,1,59,136,2,198,429,170,214,2,815,0,0,0,815
06/02/2001,FLL,FL,ASO,ES,Combined TRACON& Tower with Radar,423,103,52,0,578,1,54,111,0,166,424,157,163,0,744,0,0,0,744
06/03/2001,FLL,FL,ASO,ES,Combined TRACON& Tower with Radar,420,87,59,0,566,1,76,102,1,180,421,163,161,1,746,0,0,0,746
06/04/2001,FLL,FL,ASO,ES,Combined TRACON& Tower with Radar,418,96,55,0,569,1,61,134,2,198,419,157,189,2,767,4,0,4,771
06/05/2001,FLL,FL,ASO,ES,Combined TRACON& Tower with Radar,432,110,53,0,595,1,49,151,0,201,433,159,204,0,796,0,0,0,796
06/06/2001,FLL,FL,ASO,ES,Combined TRACON& Tower with Radar,440,96,94,0,630,1,56,165,0,222,441,152,259,0,852,0,0,0,852
06/07/2001,FLL,FL,ASO,ES,Combined TRACON& Tower with Radar,441,113,61,0,615,1,72,146,1,220,442,185,207,1,835,0,0,0,835
06/08/2001,FLL,FL,ASO,ES,Combined TRACON& Tower with Radar,434,109,67,0,610,1,78,156,1,236,435,187,223,1,846,0,0,0,846
06/09/2001,FLL,FL,ASO,ES,Combined TRACON& Tower with Radar,411,95,60,0,566,1,59,137,0,197,412,154,197,0,763,0,0,0,763
06/10/2001,FLL,FL,ASO,ES,Combined TRACON& Tower with Radar,403,104,79,0,586,1,66,110,0,177,404,170,189,0,763,0,0,0,763
06/11/2001,FLL,FL,ASO,ES,Combined TRACON& Tower with Radar,427,109,66,0,602,0,52,181,0,233,427,161,247,0,835,8,10,18,853
06/12/2001,FLL,FL,ASO,ES,Combined TRACON& Tower with Radar,426,100,68,0,594,0,44,175,0,219,426,144,243,0,813,0,0,0,813
06/13/2001,FLL,FL,ASO,ES,Combined TRACON& Tower with Radar,428,94,77,2,601,1,48,157,1,207,429,142,234,3,808,0,0,0,808
06/14/2001,FLL,FL,ASO,ES,Combined TRACON& Tower with Radar,430,92,85,0,607,1,62,181,0,244,431,154,266,0,851,0,0,0,851
06/15/2001,FLL,FL,ASO,ES,Combined TRACON& Tower with Radar,429,113,99,0,641,1,66,223,0,290,430,179,322,0,931,0,0,0,931
06/16/2001,FLL,FL,ASO,ES,Combined TRACON& Tower with Radar,430,105,70,2,607,1,59,128,0,188,431,164,198,2,795,0,0,0,795
06/17/2001,FLL,FL,ASO,ES,Combined TRACON& Tower with Radar,421,72,60,1,554,1,64,156,0,221,422,136,216,1,775,0,0,0,775
06/18/2001,FLL,FL,ASO,ES,Combined TRACON& Tower with Radar,426,96,61,1,584,1,72,143,2,218,427,168,204,3,802,8,0,8,810
06/19/2001,FLL,FL,ASO,ES,Combined TRACON& Tower with Radar,440,89,63,1,593,1,48,149,0,198,441,137,212,1,791,4,0,4,795
06/20/2001,FLL,FL,ASO,ES,Combined TRACON& Tower with Radar,425,101,82,0,608,1,56,178,0,235,426,157,260,0,843,0,0,0,843
06/21/2001,FLL,FL,ASO,ES,Combined TRACON& Tower with Radar,453,90,63,0,606,1,50,120,0,171,454,140,183,0,777,0,0,0,777
06/22/2001,FLL,FL,ASO,ES,Combined TRACON& Tower with Radar,411,103,71,0,585,0,72,125,0,197,411,175,196,0,782,0,0,0,782
06/23/2001,FLL,FL,ASO,ES,Combined TRACON& Tower with Radar,409,105,50,0,564,2,61,120,1,184,411,166,170,1,748,0,0,0,748
06/24/2001,FLL,FL,ASO,ES,Combined TRACON& Tower with Radar,420,92,73,0,585,2,62,93,0,157,422,154,166,0,742,4,0,4,746
06/25/2001,FLL,FL,ASO,ES,Combined TRACON& Tower with Radar,432,98,64,0,594,5,75,143,2,225,437,173,207,2,819,0,4,4,823
06/26/2001,FLL,FL,ASO,ES,Combined TRACON& Tower with Radar,433,96,71,0,600,2,53,119,0,174,435,149,190,0,774,20,0,20,794
06/27/2001,FLL,FL,ASO,ES,Combined TRACON& Tower with Radar,439,104,71,0,614,0,19,157,2,178,439,123,228,2,792,0,0,0,792
06/28/2001,FLL,FL,ASO,ES,Combined TRACON& Tower with Radar,448,146,189,0,783,2,1,2,0,5,450,147,191,0,788,0,0,0,788
06/29/2001,FLL,FL,ASO,ES,Combined TRACON& Tower with Radar,441,107,55,0,603,2,65,208,0,275,443,172,263,0,878,4,0,4,882
06/30/2001,FLL,FL,ASO,ES,Combined TRACON& Tower with Radar,410,110,56,0,576,2,79,154,0,235,412,189,210,0,811,4,0,4,815
07/01/2001,FLL,FL,ASO,ES,Combined TRACON& Tower with Radar,381,86,53,0,520,0,65,124,0,189,381,151,177,0,709,0,0,0,709
07/02/2001,FLL,FL,ASO,ES,Combined TRACON& Tower with Radar,424,97,60,0,581,16,48,121,0,185,440,145,181,0,766,0,0,0,766
07/03/2001,FLL,FL,ASO,ES,Combined TRACON& Tower with Radar,419,96,59,0,574,13,29,153,0,195,432,125,212,0,769,0,0,0,769
07/04/2001,FLL,FL,ASO,ES,Combined TRACON& Tower with Radar,393,75,49,0,517,0,30,98,0,128,393,105,147,0,645,0,0,0,645
07/05/2001,FLL,FL,ASO,ES,Combined TRACON& Tower with Radar,417,91,56,0,564,0,37,137,0,174,417,128,193,0,738,0,0,0,738
07/06/2001,FLL,FL,ASO,ES,Combined TRACON& Tower with Radar,437,100,62,0,599,1,65,156,0,222,438,165,218,0,821,0,0,0,821
07/07/2001,FLL,FL,ASO,ES,Combined TRACON& Tower with Radar,417,110,48,1,576,0,58,179,0,237,417,168,227,1,813,0,0,0,813
07/08/2001,FLL,FL,ASO,ES,Combined TRACON& Tower with Radar,410,83,85,0,578,0,60,137,0,197,410,143,222,0,775,0,0,0,775
07/09/2001,FLL,FL,ASO,ES,Combined TRACON& Tower with Radar,434,104,51,0,589,0,47,101,6,154,434,151,152,6,743,18,0,18,761
07/10/2001,FLL,FL,ASO,ES,Combined TRACON& Tower with Radar,436,103,62,0,601,0,48,96,0,144,436,151,158,0,745,10,0,10,755
07/11/2001,FLL,FL,ASO,ES,Combined TRACON& Tower with Radar,450,88,77,0,615,0,43,118,0,161,450,131,195,0,776,12,0,12,788
07/12/2001,FLL,FL,ASO,ES,Combined TRACON& Tower with Radar,458,106,61,1,626,0,55,149,0,204,458,161,210,1,830,0,0,0,830
07/13/2001,FLL,FL,ASO,ES,Combined TRACON& Tower with Radar,464,107,56,1,628,0,81,164,0,245,464,188,220,1,873,0,0,0,873
07/14/2001,FLL,FL,ASO,ES,Combined TRACON& Tower with Radar,453,95,71,1,620,0,52,101,0,153,453,147,172,1,773,0,0,0,773
07/15/2001,FLL,FL,ASO,ES,Combined TRACON& Tower with Radar,401,96,80,0,577,0,53,96,0,149,401,149,176,0,726,0,0,0,726
07/16/2001,FLL,FL,ASO,ES,Combined TRACON& Tower with Radar,439,110,53,0,602,0,62,145,0,207,439,172,198,0,809,0,0,0,809
07/17/2001,FLL,FL,ASO,ES,Combined TRACON& Tower with Radar,454,107,61,0,622,0,47,135,0,182,454,154,196,0,804,16,0,16,820
07/18/2001,FLL,FL,ASO,ES,Combined TRACON& Tower with Radar,442,100,85,0,627,0,37,125,0,162,442,137,210,0,789,6,0,6,795
07/19/2001,FLL,FL,ASO,ES,Combined TRACON& Tower with Radar,448,106,73,0,627,0,68,180,0,248,448,174,253,0,875,0,0,0,875
07/20/2001,FLL,FL,ASO,ES,Combined TRACON& Tower with Radar,461,106,72,0,639,0,64,124,0,188,461,170,196,0,827,0,0,0,827
07/21/2001,FLL,FL,ASO,ES,Combined TRACON& Tower with Radar,437,98,45,0,580,0,43,111,0,154,437,141,156,0,734,4,0,4,738
07/22/2001,FLL,FL,ASO,ES,Combined TRACON& Tower with Radar,409,99,62,0,570,0,47,77,0,124,409,146,139,0,694,0,0,0,694
07/23/2001,FLL,FL,ASO,ES,Combined TRACON& Tower with Radar,442,112,64,2,620,0,34,79,0,113,442,146,143,2,733,0,0,0,733
07/24/2001,FLL,FL,ASO,ES,Combined TRACON& Tower with Radar,446,103,63,0,612,2,47,144,0,193,448,150,207,0,805,0,0,0,805
07/25/2001,FLL,FL,ASO,ES,Combined TRACON& Tower with Radar,448,108,64,0,620,0,45,135,0,180,448,153,199,0,800,0,0,0,800
07/26/2001,FLL,FL,ASO,ES,Combined TRACON& Tower with Radar,451,100,71,2,624,0,70,142,0,212,451,170,213,2,836,0,0,0,836
07/27/2001,FLL,FL,ASO,ES,Combined TRACON& Tower with Radar,452,119,71,7,649,0,59,149,0,208,452,178,220,7,857,0,0,0,857
07/28/2001,FLL,FL,ASO,ES,Combined TRACON& Tower with Radar,414,103,50,0,567,0,49,159,0,208,414,152,209,0,775,0,0,0,775
07/29/2001,FLL,FL,ASO,ES,Combined TRACON& Tower with Radar,400,95,67,0,562,0,34,122,0,156,400,129,189,0,718,0,0,0,718
07/30/2001,FLL,FL,ASO,ES,Combined TRACON& Tower with Radar,431,100,61,0,592,8,42,138,0,188,439,142,199,0,780,3,0,3,783
07/31/2001,FLL,FL,ASO,ES,Combined TRACON& Tower with Radar,439,105,62,0,606,0,35,166,0,201,439,140,228,0,807,0,0,0,807
08/01/2001,FLL,FL,ASO,ES,Combined TRACON& Tower with Radar,457,112,79,0,648,1,25,58,0,84,458,137,137,0,732,0,0,0,732
08/02/2001,FLL,FL,ASO,ES,Combined TRACON& Tower with Radar,443,131,55,0,629,1,38,53,0,92,444,169,108,0,721,0,0,0,721
08/03/2001,FLL,FL,ASO,ES,Combined TRACON& Tower with Radar,439,121,71,0,631,1,33,55,0,89,440,154,126,0,720,0,0,0,720
08/04/2001,FLL,FL,ASO,ES,Combined TRACON& Tower with Radar,421,114,52,0,587,1,55,84,0,140,422,169,136,0,727,8,0,8,735
08/05/2001,FLL,FL,ASO,ES,Combined TRACON& Tower with Radar,433,91,58,0,582,1,45,87,0,133,434,136,145,0,715,0,0,0,715
08/06/2001,FLL,FL,ASO,ES,Combined TRACON& Tower with Radar,442,121,56,0,619,1,60,132,1,194,443,181,188,1,813,0,0,0,813
08/07/2001,FLL,FL,ASO,ES,Combined TRACON& Tower with Radar,446,111,59,3,619,1,36,155,0,192,447,147,214,3,811,0,0,0,811
08/08/2001,FLL,FL,ASO,ES,Combined TRACON& Tower with Radar,436,101,81,0,618,1,44,152,1,198,437,145,233,1,816,0,0,0,816
08/09/2001,FLL,FL,ASO,ES,Combined TRACON& Tower with Radar,443,111,79,0,633,1,52,123,0,176,444,163,202,0,809,0,0,0,809
08/10/2001,FLL,FL,ASO,ES,Combined TRACON& Tower with Radar,420,125,95,0,640,1,39,160,1,201,421,164,255,1,841,0,0,0,841
08/11/2001,FLL,FL,ASO,ES,Combined TRACON& Tower with Radar,424,112,52,0,588,1,55,102,1,159,425,167,154,1,747,0,0,0,747
08/12/2001,FLL,FL,ASO,ES,Combined TRACON& Tower with Radar,427,95,70,0,592,1,50,120,0,171,428,145,190,0,763,0,0,0,763
08/13/2001,FLL,FL,ASO,ES,Combined TRACON& Tower with Radar,422,119,71,0,612,1,54,135,0,190,423,173,206,0,802,22,0,22,824
08/14/2001,FLL,FL,ASO,ES,Combined TRACON& Tower with Radar,447,123,92,0,662,0,39,131,0,170,447,162,223,0,832,0,0,0,832
08/15/2001,FLL,FL,ASO,ES,Combined TRACON& Tower with Radar,446,106,85,0,637,0,46,164,2,212,446,152,249,2,849,20,0,20,869
08/16/2001,FLL,FL,ASO,ES,Combined TRACON& Tower with Radar,454,120,80,0,654,0,51,152,0,203,454,171,232,0,857,0,0,0,857
08/17/2001,FLL,FL,ASO,ES,Combined TRACON& Tower with Radar,450,125,57,0,632,0,52,160,0,212,450,177,217,0,844,12,0,12,856
08/18/2001,FLL,FL,ASO,ES,Combined TRACON& Tower with Radar,409,111,38,0,558,0,40,81,0,121,409,151,119,0,679,0,0,0,679
08/19/2001,FLL,FL,ASO,ES,Combined TRACON& Tower with Radar,408,98,71,2,579,0,62,78,0,140,408,160,149,2,719,0,0,0,719
08/20/2001,FLL,FL,ASO,ES,Combined TRACON& Tower with Radar,426,118,68,0,612,0,59,88,0,147,426,177,156,0,759,4,0,4,763
08/21/2001,FLL,FL,ASO,ES,Combined TRACON& Tower with Radar,441,120,72,0,633,0,52,166,1,219,441,172,238,1,852,0,0,0,852
08/22/2001,FLL,FL,ASO,ES,Combined TRACON& Tower with Radar,442,121,77,0,640,0,29,129,0,158,442,150,206,0,798,0,0,0,798
08/23/2001,FLL,FL,ASO,ES,Combined TRACON& Tower with Radar,421,109,83,0,613,0,48,126,0,174,421,157,209,0,787,0,0,0,787
08/24/2001,FLL,FL,ASO,ES,Combined TRACON& Tower with Radar,436,114,81,0,631,0,35,176,0,211,436,149,257,0,842,8,0,8,850
08/25/2001,FLL,FL,ASO,ES,Combined TRACON& Tower with Radar,409,125,52,0,586,0,39,106,0,145,409,164,158,0,731,6,0,6,737
08/26/2001,FLL,FL,ASO,ES,Combined TRACON& Tower with Radar,407,95,67,1,570,0,55,91,0,146,407,150,158,1,716,0,0,0,716
08/27/2001,FLL,FL,ASO,ES,Combined TRACON& Tower with Radar,421,116,65,1,603,0,38,131,0,169,421,154,196,1,772,0,0,0,772
08/28/2001,FLL,FL,ASO,ES,Combined TRACON& Tower with Radar,438,117,48,0,603,0,54,126,0,180,438,171,174,0,783,2,0,2,785
08/29/2001,FLL,FL,ASO,ES,Combined TRACON& Tower with Radar,431,110,75,0,616,0,39,137,0,176,431,149,212,0,792,0,0,0,792
08/30/2001,FLL,FL,ASO,ES,Combined TRACON& Tower with Radar,435,116,77,1,629,0,48,142,0,190,435,164,219,1,819,0,0,0,819
08/31/2001,FLL,FL,ASO,ES,Combined TRACON& Tower with Radar,430,126,94,0,650,0,54,152,0,206,430,180,246,0,856,0,0,0,856
09/01/2001,FLL,FL,ASO,ES,Combined TRACON& Tower with Radar,397,107,47,0,551,0,41,106,0,147,397,148,153,0,698,0,0,0,698
09/02/2001,FLL,FL,ASO,ES,Combined TRACON& Tower with Radar,383,91,42,0,516,0,26,91,0,117,383,117,133,0,633,0,0,0,633
09/03/2001,FLL,FL,ASO,ES,Combined TRACON& Tower with Radar,408,119,53,0,580,0,59,107,0,166,408,178,160,0,746,0,0,0,746
09/04/2001,FLL,FL,ASO,ES,Combined TRACON& Tower with Radar,410,103,66,0,579,0,42,112,0,154,410,145,178,0,733,0,0,0,733
09/05/2001,FLL,FL,ASO,ES,Combined TRACON& Tower with Radar,440,106,77,0,623,0,36,109,0,145,440,142,186,0,768,0,0,0,768
09/06/2001,FLL,FL,ASO,ES,Combined TRACON& Tower with Radar,427,114,66,0,607,0,31,91,0,122,427,145,157,0,729,0,0,0,729
09/07/2001,FLL,FL,ASO,ES,Combined TRACON& Tower with Radar,421,112,65,0,598,0,31,130,0,161,421,143,195,0,759,0,0,0,759
09/08/2001,FLL,FL,ASO,ES,Combined TRACON& Tower with Radar,410,82,21,2,515,0,17,44,0,61,410,99,65,2,576,0,0,0,576
09/09/2001,FLL,FL,ASO,ES,Combined TRACON& Tower with Radar,402,90,62,0,554,0,18,46,0,64,402,108,108,0,618,2,0,2,620
09/10/2001,FLL,FL,ASO,ES,Combined TRACON& Tower with Radar,406,110,65,0,581,0,33,96,0,129,406,143,161,0,710,8,0,8,718
09/11/2001,FLL,FL,ASO,ES,Combined TRACON& Tower with Radar,101,26,8,0,135,0,8,32,0,40,101,34,40,0,175,0,0,0,175
09/12/2001,FLL,FL,ASO,ES,Combined TRACON& Tower with Radar,0,0,0,0,0,0,1,0,2,3,0,1,0,2,3,0,0,0,3
09/13/2001,FLL,FL,ASO,ES,Combined TRACON& Tower with Radar,45,33,6,4,88,0,2,3,0,5,45,35,9,4,93,0,0,0,93
09/14/2001,FLL,FL,ASO,ES,Combined TRACON& Tower with Radar,196,80,8,0,284,0,5,1,0,6,196,85,9,0,290,0,0,0,290
09/15/2001,FLL,FL,ASO,ES,Combined TRACON& Tower with Radar,307,130,54,0,491,0,50,2,0,52,307,180,56,0,543,0,0,0,543
09/16/2001,FLL,FL,ASO,ES,Combined TRACON& Tower with Radar,320,115,31,0,466,0,29,0,0,29,320,144,31,0,495,0,0,0,495
09/17/2001,FLL,FL,ASO,ES,Combined TRACON& Tower with Radar,343,124,71,2,540,0,33,5,0,38,343,157,76,2,578,0,0,0,578
09/18/2001,FLL,FL,ASO,ES,Combined TRACON& Tower with Radar,335,121,78,0,534,0,28,2,0,30,335,149,80,0,564,0,0,0,564
09/19/2001,FLL,FL,ASO,ES,Combined TRACON& Tower with Radar,345,121,104,3,573,0,21,5,0,26,345,142,109,3,599,0,0,0,599
09/20/2001,FLL,FL,ASO,ES,Combined TRACON& Tower with Radar,350,112,90,0,552,0,40,25,0,65,350,152,115,0,617,0,0,0,617
09/21/2001,FLL,FL,ASO,ES,Combined TRACON& Tower with Radar,337,114,73,0,524,0,36,30,0,66,337,150,103,0,590,0,0,0,590
09/22/2001,FLL,FL,ASO,ES,Combined TRACON& Tower with Radar,294,87,48,0,429,6,26,31,0,63,300,113,79,0,492,0,0,0,492
09/23/2001,FLL,FL,ASO,ES,Combined TRACON& Tower with Radar,326,84,48,0,458,0,27,14,0,41,326,111,62,0,499,0,0,0,499
09/24/2001,FLL,FL,ASO,ES,Combined TRACON& Tower with Radar,323,109,42,0,474,0,31,41,0,72,323,140,83,0,546,0,0,0,546
09/25/2001,FLL,FL,ASO,ES,Combined TRACON& Tower with Radar,335,103,66,0,504,0,39,47,1,87,335,142,113,1,591,0,0,0,591
09/26/2001,FLL,FL,ASO,ES,Combined TRACON& Tower with Radar,339,99,73,0,511,0,21,48,0,69,339,120,121,0,580,0,0,0,580
09/27/2001,FLL,FL,ASO,ES,Combined TRACON& Tower with Radar,345,109,47,0,501,0,25,52,0,77,345,134,99,0,578,0,0,0,578
09/28/2001,FLL,FL,ASO,ES,Combined TRACON& Tower with Radar,352,113,58,0,523,0,35,38,0,73,352,148,96,0,596,0,0,0,596
09/29/2001,FLL,FL,ASO,ES,Combined TRACON& Tower with Radar,304,91,46,0,441,8,11,0,0,19,312,102,46,0,460,0,0,0,460
09/30/2001,FLL,FL,ASO,ES,Combined TRACON& Tower with Radar,313,91,77,0,481,0,31,22,0,53,313,122,99,0,534,8,0,8,542
10/01/2001,FLL,FL,ASO,ES,Combined TRACON& Tower with Radar,327,116,61,0,504,0,50,65,0,115,327,166,126,0,619,4,0,4,623
10/02/2001,FLL,FL,ASO,ES,Combined TRACON& Tower with Radar,335,92,68,0,495,0,35,71,0,106,335,127,139,0,601,0,0,0,601
10/03/2001,FLL,FL,ASO,ES,Combined TRACON& Tower with Radar,342,121,96,0,559,0,34,81,0,115,342,155,177,0,674,0,0,0,674
10/04/2001,FLL,FL,ASO,ES,Combined TRACON& Tower with Radar,347,130,90,0,567,0,58,54,0,112,347,188,144,0,679,0,0,0,679
10/05/2001,FLL,FL,ASO,ES,Combined TRACON& Tower with Radar,349,134,68,0,551,0,66,66,0,132,349,200,134,0,683,0,0,0,683
10/06/2001,FLL,FL,ASO,ES,Combined TRACON& Tower with Radar,329,91,59,2,481,0,35,31,0,66,329,126,90,2,547,0,0,0,547
10/07/2001,FLL,FL,ASO,ES,Combined TRACON& Tower with Radar,322,82,48,1,453,0,37,28,0,65,322,119,76,1,518,0,0,0,518
10/08/2001,FLL,FL,ASO,ES,Combined TRACON& Tower with Radar,344,123,61,0,528,0,39,41,0,80,344,162,102,0,608,0,0,0,608
10/09/2001,FLL,FL,ASO,ES,Combined TRACON& Tower with Radar,332,90,55,0,477,0,31,15,0,46,332,121,70,0,523,0,0,0,523
10/10/2001,FLL,FL,ASO,ES,Combined TRACON& Tower with Radar,336,105,92,4,537,0,39,36,0,75,336,144,128,4,612,0,0,0,612
10/11/2001,FLL,FL,ASO,ES,Combined TRACON& Tower with Radar,347,113,81,0,541,0,58,67,4,129,347,171,148,4,670,0,0,0,670
10/12/2001,FLL,FL,ASO,ES,Combined TRACON& Tower with Radar,367,127,63,0,557,0,55,98,0,153,367,182,161,0,710,0,0,0,710
10/13/2001,FLL,FL,ASO,ES,Combined TRACON& Tower with Radar,320,83,47,0,450,0,29,65,0,94,320,112,112,0,544,0,0,0,544
10/14/2001,FLL,FL,ASO,ES,Combined TRACON& Tower with Radar,317,107,65,2,491,0,33,18,0,51,317,140,83,2,542,0,0,0,542
10/15/2001,FLL,FL,ASO,ES,Combined TRACON& Tower with Radar,335,109,81,2,527,0,45,28,0,73,335,154,109,2,600,0,0,0,600
10/16/2001,FLL,FL,ASO,ES,Combined TRACON& Tower with Radar,338,107,81,0,526,0,36,38,0,74,338,143,119,0,600,0,0,0,600
10/17/2001,FLL,FL,ASO,ES,Combined TRACON& Tower with Radar,330,116,94,0,540,0,40,36,0,76,330,156,130,0,616,0,0,0,616
10/18/2001,FLL,FL,ASO,ES,Combined TRACON& Tower with Radar,345,114,80,0,539,0,32,20,0,52,345,146,100,0,591,0,0,0,591
10/19/2001,FLL,FL,ASO,ES,Combined TRACON& Tower with Radar,360,137,68,0,565,0,53,24,0,77,360,190,92,0,642,0,0,0,642
10/20/2001,FLL,FL,ASO,ES,Combined TRACON& Tower with Radar,328,105,30,0,463,0,36,8,0,44,328,141,38,0,507,0,0,0,507
10/21/2001,FLL,FL,ASO,ES,Combined TRACON& Tower with Radar,324,107,75,0,506,0,48,26,0,74,324,155,101,0,580,0,0,0,580
10/22/2001,FLL,FL,ASO,ES,Combined TRACON& Tower with Radar,329,126,49,0,504,0,42,30,0,72,329,168,79,0,576,0,0,0,576
10/23/2001,FLL,FL,ASO,ES,Combined TRACON& Tower with Radar,329,101,84,0,514,0,37,53,0,90,329,138,137,0,604,0,0,0,604
10/24/2001,FLL,FL,ASO,ES,Combined TRACON& Tower with Radar,336,149,148,0,633,0,53,51,0,104,336,202,199,0,737,0,0,0,737
10/25/2001,FLL,FL,ASO,ES,Combined TRACON& Tower with Radar,348,161,192,0,701,0,54,55,2,111,348,215,247,2,812,0,0,0,812
10/26/2001,FLL,FL,ASO,ES,Combined TRACON& Tower with Radar,352,141,154,0,647,0,65,47,0,112,352,206,201,0,759,2,0,2,761
10/27/2001,FLL,FL,ASO,ES,Combined TRACON& Tower with Radar,327,121,112,0,560,0,41,38,0,79,327,162,150,0,639,2,0,2,641
10/28/2001,FLL,FL,ASO,ES,Combined TRACON& Tower with Radar,317,121,141,0,579,0,43,52,0,95,317,164,193,0,674,0,0,0,674
10/29/2001,FLL,FL,ASO,ES,Combined TRACON& Tower with Radar,338,114,122,0,574,0,63,54,0,117,338,177,176,0,691,2,0,2,693
10/30/2001,FLL,FL,ASO,ES,Combined TRACON& Tower with Radar,324,111,81,0,516,12,54,36,0,102,336,165,117,0,618,2,0,2,620
10/31/2001,FLL,FL,ASO,ES,Combined TRACON& Tower with Radar,330,97,95,0,522,0,36,38,0,74,330,133,133,0,596,0,0,0,596
11/01/2001,FLL,FL,ASO,ES,Combined TRACON& Tower with Radar,364,158,66,0,588,0,56,30,0,86,364,214,96,0,674,0,0,0,674
11/02/2001,FLL,FL,ASO,ES,Combined TRACON& Tower with Radar,373,135,77,0,585,0,44,38,0,82,373,179,115,0,667,0,0,0,667
11/03/2001,FLL,FL,ASO,ES,Combined TRACON& Tower with Radar,355,131,50,0,536,0,35,20,0,55,355,166,70,0,591,0,0,0,591
11/04/2001,FLL,FL,ASO,ES,Combined TRACON& Tower with Radar,348,128,37,0,513,0,2,26,0,28,348,130,63,0,541,0,0,0,541
11/05/2001,FLL,FL,ASO,ES,Combined TRACON& Tower with Radar,350,45,38,0,433,0,4,8,0,12,350,49,46,0,445,0,0,0,445
11/06/2001,FLL,FL,ASO,ES,Combined TRACON& Tower with Radar,371,126,118,2,617,0,61,147,0,208,371,187,265,2,825,0,0,0,825
11/07/2001,FLL,FL,ASO,ES,Combined TRACON& Tower with Radar,374,126,168,2,670,0,43,102,0,145,374,169,270,2,815,0,0,0,815
11/08/2001,FLL,FL,ASO,ES,Combined TRACON& Tower with Radar,398,146,179,0,723,0,62,174,0,236,398,208,353,0,959,0,0,0,959
11/09/2001,FLL,FL,ASO,ES,Combined TRACON& Tower with Radar,400,146,164,0,710,0,57,239,0,296,400,203,403,0,1006,0,0,0,1006
11/10/2001,FLL,FL,ASO,ES,Combined TRACON& Tower with Radar,360,117,137,0,614,0,28,197,0,225,360,145,334,0,839,0,0,0,839
11/11/2001,FLL,FL,ASO,ES,Combined TRACON& Tower with Radar,363,131,139,0,633,0,34,140,0,174,363,165,279,0,807,0,0,0,807
11/12/2001,FLL,FL,ASO,ES,Combined TRACON& Tower with Radar,357,117,84,2,560,0,39,56,0,95,357,156,140,2,655,4,0,4,659
11/13/2001,FLL,FL,ASO,ES,Combined TRACON& Tower with Radar,374,117,86,1,578,0,35,70,0,105,374,152,156,1,683,0,0,0,683
11/14/2001,FLL,FL,ASO,ES,Combined TRACON& Tower with Radar,394,138,97,1,630,0,31,106,3,140,394,169,203,4,770,0,0,0,770
11/15/2001,FLL,FL,ASO,ES,Combined TRACON& Tower with Radar,403,140,130,0,673,0,26,62,0,88,403,166,192,0,761,0,0,0,761
11/16/2001,FLL,FL,ASO,ES,Combined TRACON& Tower with Radar,397,135,109,1,642,0,50,126,1,177,397,185,235,2,819,0,0,0,819
11/17/2001,FLL,FL,ASO,ES,Combined TRACON& Tower with Radar,366,139,78,0,583,0,26,85,1,112,366,165,163,1,695,4,0,4,699
11/18/2001,FLL,FL,ASO,ES,Combined TRACON& Tower with Radar,368,117,86,1,572,0,40,82,0,122,368,157,168,1,694,10,0,10,704
11/19/2001,FLL,FL,ASO,ES,Combined TRACON& Tower with Radar,378,118,76,0,572,0,47,70,0,117,378,165,146,0,689,0,0,0,689
11/20/2001,FLL,FL,ASO,ES,Combined TRACON& Tower with Radar,396,143,98,1,638,0,50,73,0,123,396,193,171,1,761,0,0,0,761
11/21/2001,FLL,FL,ASO,ES,Combined TRACON& Tower with Radar,410,148,110,0,668,0,71,110,0,181,410,219,220,0,849,0,0,0,849
11/22/2001,FLL,FL,ASO,ES,Combined TRACON& Tower with Radar,294,98,75,0,467,31,30,21,0,82,325,128,96,0,549,0,0,0,549
11/23/2001,FLL,FL,ASO,ES,Combined TRACON& Tower with Radar,353,114,51,0,518,0,42,63,0,105,353,156,114,0,623,0,0,0,623
11/24/2001,FLL,FL,ASO,ES,Combined TRACON& Tower with Radar,364,116,49,0,529,0,35,63,0,98,364,151,112,0,627,0,0,0,627
11/25/2001,FLL,FL,ASO,ES,Combined TRACON& Tower with Radar,383,126,161,2,672,0,71,56,0,127,383,197,217,2,799,0,0,0,799
11/26/2001,FLL,FL,ASO,ES,Combined TRACON& Tower with Radar,390,118,119,2,629,0,55,102,0,157,390,173,221,2,786,0,0,0,786
11/27/2001,FLL,FL,ASO,ES,Combined TRACON& Tower with Radar,388,127,85,0,600,0,36,74,0,110,388,163,159,0,710,0,0,0,710
11/28/2001,FLL,FL,ASO,ES,Combined TRACON& Tower with Radar,382,108,76,1,567,0,46,77,0,123,382,154,153,1,690,0,0,0,690
11/29/2001,FLL,FL,ASO,ES,Combined TRACON& Tower with Radar,395,136,97,0,628,0,50,110,0,160,395,186,207,0,788,0,0,0,788
11/30/2001,FLL,FL,ASO,ES,Combined TRACON& Tower with Radar,417,151,99,3,670,0,35,97,0,132,417,186,196,3,802,0,0,0,802
12/01/2001,FLL,FL,ASO,ES,Combined TRACON& Tower with Radar,377,123,84,0,584,18,17,26,1,62,395,140,110,1,646,0,0,0,646
12/02/2001,FLL,FL,ASO,ES,Combined TRACON& Tower with Radar,369,125,107,0,601,0,24,71,0,95,369,149,178,0,696,14,0,14,710
12/03/2001,FLL,FL,ASO,ES,Combined TRACON& Tower with Radar,378,123,89,4,594,0,52,67,0,119,378,175,156,4,713,10,0,10,723
12/04/2001,FLL,FL,ASO,ES,Combined TRACON& Tower with Radar,380,126,85,0,591,0,35,58,2,95,380,161,143,2,686,0,0,0,686
12/05/2001,FLL,FL,ASO,ES,Combined TRACON& Tower with Radar,378,123,73,0,574,0,46,90,0,136,378,169,163,0,710,0,0,0,710
12/06/2001,FLL,FL,ASO,ES,Combined TRACON& Tower with Radar,388,151,106,0,645,0,40,86,0,126,388,191,192,0,771,0,0,0,771
12/07/2001,FLL,FL,ASO,ES,Combined TRACON& Tower with Radar,397,130,88,0,615,9,59,98,0,166,406,189,186,0,781,0,0,0,781
12/08/2001,FLL,FL,ASO,ES,Combined TRACON& Tower with Radar,364,121,58,0,543,0,23,71,0,94,364,144,129,0,637,0,0,0,637
12/09/2001,FLL,FL,ASO,ES,Combined TRACON& Tower with Radar,370,120,90,0,580,0,42,63,0,105,370,162,153,0,685,0,0,0,685
12/10/2001,FLL,FL,ASO,ES,Combined TRACON& Tower with Radar,373,97,96,0,566,0,49,104,0,153,373,146,200,0,719,0,0,0,719
12/11/2001,FLL,FL,ASO,ES,Combined TRACON& Tower with Radar,392,118,83,0,593,0,45,80,0,125,392,163,163,0,718,0,0,0,718
12/12/2001,FLL,FL,ASO,ES,Combined TRACON& Tower with Radar,361,115,91,0,567,0,49,77,0,126,361,164,168,0,693,0,0,0,693
12/13/2001,FLL,FL,ASO,ES,Combined TRACON& Tower with Radar,395,120,86,0,601,0,39,104,0,143,395,159,190,0,744,0,0,0,744
12/14/2001,FLL,FL,ASO,ES,Combined TRACON& Tower with Radar,416,143,84,0,643,0,41,80,0,121,416,184,164,0,764,0,0,0,764
12/15/2001,FLL,FL,ASO,ES,Combined TRACON& Tower with Radar,383,125,86,0,594,18,19,60,0,97,401,144,146,0,691,0,0,0,691
12/16/2001,FLL,FL,ASO,ES,Combined TRACON& Tower with Radar,390,116,94,0,600,0,27,61,0,88,390,143,155,0,688,0,0,0,688
12/17/2001,FLL,FL,ASO,ES,Combined TRACON& Tower with Radar,396,123,100,3,622,0,36,74,0,110,396,159,174,3,732,0,0,0,732
12/18/2001,FLL,FL,ASO,ES,Combined TRACON& Tower with Radar,421,133,77,0,631,0,37,91,0,128,421,170,168,0,759,0,0,0,759
12/19/2001,FLL,FL,ASO,ES,Combined TRACON& Tower with Radar,420,127,131,0,678,0,42,110,0,152,420,169,241,0,830,0,0,0,830
12/20/2001,FLL,FL,ASO,ES,Combined TRACON& Tower with Radar,436,137,83,4,660,0,38,120,0,158,436,175,203,4,818,0,0,0,818
12/21/2001,FLL,FL,ASO,ES,Combined TRACON& Tower with Radar,455,166,120,0,741,0,44,126,0,170,455,210,246,0,911,0,0,0,911
12/22/2001,FLL,FL,ASO,ES,Combined TRACON& Tower with Radar,448,189,105,0,742,0,49,117,0,166,448,238,222,0,908,0,0,0,908
12/23/2001,FLL,FL,ASO,ES,Combined TRACON& Tower with Radar,389,131,66,1,587,0,34,70,0,104,389,165,136,1,691,0,0,0,691
12/24/2001,FLL,FL,ASO,ES,Combined TRACON& Tower with Radar,378,109,55,0,542,0,56,35,0,91,378,165,90,0,633,0,0,0,633
12/25/2001,FLL,FL,ASO,ES,Combined TRACON& Tower with Radar,318,103,71,0,492,43,8,18,0,69,361,111,89,0,561,0,0,0,561
12/26/2001,FLL,FL,ASO,ES,Combined TRACON& Tower with Radar,406,176,143,0,725,0,54,59,0,113,406,230,202,0,838,0,0,0,838
12/27/2001,FLL,FL,ASO,ES,Combined TRACON& Tower with Radar,429,168,147,0,744,0,62,122,0,184,429,230,269,0,928,0,0,0,928
12/28/2001,FLL,FL,ASO,ES,Combined TRACON& Tower with Radar,423,143,112,2,680,0,70,119,0,189,423,213,231,2,869,2,0,2,871
12/29/2001,FLL,FL,ASO,ES,Combined TRACON& Tower with Radar,426,165,91,0,682,0,56,102,0,158,426,221,193,0,840,0,0,0,840
12/30/2001,FLL,FL,ASO,ES,Combined TRACON& Tower with Radar,402,124,95,1,622,0,42,85,0,127,402,166,180,1,749,0,0,0,749
12/31/2001,FLL,FL,ASO,ES,Combined TRACON& Tower with Radar,378,120,72,0,570,0,22,32,0,54,378,142,104,0,624,0,0,0,624
01/01/2002,FLL,FL,ASO,ES,Combined TRACON& Tower with Radar,391,113,98,0,602,0,56,54,0,110,391,169,152,0,712,0,0,0,712
01/02/2002,FLL,FL,ASO,ES,Combined TRACON& Tower with Radar,413,162,168,0,743,0,59,81,1,141,413,221,249,1,884,0,0,0,884
01/03/2002,FLL,FL,ASO,ES,Combined TRACON& Tower with Radar,391,173,120,1,685,0,59,100,1,160,391,232,220,2,845,0,0,0,845
01/04/2002,FLL,FL,ASO,ES,Combined TRACON& Tower with Radar,432,140,116,0,688,0,49,108,0,157,432,189,224,0,845,0,0,0,845
01/05/2002,FLL,FL,ASO,ES,Combined TRACON& Tower with Radar,410,149,141,2,702,0,53,88,0,141,410,202,229,2,843,0,0,0,843
01/06/2002,FLL,FL,ASO,ES,Combined TRACON& Tower with Radar,393,154,124,3,674,0,55,56,0,111,393,209,180,3,785,0,0,0,785
01/07/2002,FLL,FL,ASO,ES,Combined TRACON& Tower with Radar,407,103,102,1,613,0,49,55,2,106,407,152,157,3,719,0,0,0,719
01/08/2002,FLL,FL,ASO,ES,Combined TRACON& Tower with Radar,415,126,95,4,640,0,40,67,1,108,415,166,162,5,748,0,0,0,748
01/09/2002,FLL,FL,ASO,ES,Combined TRACON& Tower with Radar,410,110,112,3,635,0,42,69,0,111,410,152,181,3,746,0,0,0,746
01/10/2002,FLL,FL,ASO,ES,Combined TRACON& Tower with Radar,412,121,97,0,630,0,33,83,0,116,412,154,180,0,746,0,0,0,746
01/11/2002,FLL,FL,ASO,ES,Combined TRACON& Tower with Radar,432,128,99,1,660,0,32,128,0,160,432,160,227,1,820,0,0,0,820
01/12/2002,FLL,FL,ASO,ES,Combined TRACON& Tower with Radar,387,121,74,0,582,0,26,66,0,92,387,147,140,0,674,0,0,0,674
01/13/2002,FLL,FL,ASO,ES,Combined TRACON& Tower with Radar,382,129,105,0,616,0,34,62,0,96,382,163,167,0,712,0,0,0,712
01/14/2002,FLL,FL,ASO,ES,Combined TRACON& Tower with Radar,397,114,67,0,578,0,31,83,0,114,397,145,150,0,692,2,0,2,694
01/15/2002,FLL,FL,ASO,ES,Combined TRACON& Tower with Radar,407,114,93,3,617,0,37,51,0,88,407,151,144,3,705,2,0,2,707
01/16/2002,FLL,FL,ASO,ES,Combined TRACON& Tower with Radar,392,119,99,1,611,0,45,93,1,139,392,164,192,2,750,0,0,0,750
01/17/2002,FLL,FL,ASO,ES,Combined TRACON& Tower with Radar,420,127,157,1,705,0,24,142,0,166,420,151,299,1,871,0,0,0,871
01/18/2002,FLL,FL,ASO,ES,Combined TRACON& Tower with Radar,424,170,109,5,708,0,52,94,0,146,424,222,203,5,854,0,0,0,854
01/19/2002,FLL,FL,ASO,ES,Combined TRACON& Tower with Radar,395,123,80,3,601,0,23,76,1,100,395,146,156,4,701,0,0,0,701
01/20/2002,FLL,FL,ASO,ES,Combined TRACON& Tower with Radar,391,116,82,0,589,0,25,75,0,100,391,141,157,0,689,0,0,0,689
01/21/2002,FLL,FL,ASO,ES,Combined TRACON& Tower with Radar,392,122,125,0,639,0,50,70,0,120,392,172,195,0,759,0,0,0,759
01/22/2002,FLL,FL,ASO,ES,Combined TRACON& Tower with Radar,405,123,107,1,636,0,34,84,0,118,405,157,191,1,754,8,0,8,762
01/23/2002,FLL,FL,ASO,ES,Combined TRACON& Tower with Radar,391,109,116,1,617,0,36,104,0,140,391,145,220,1,757,0,0,0,757
01/24/2002,FLL,FL,ASO,ES,Combined TRACON& Tower with Radar,432,136,128,2,698,0,28,125,0,153,432,164,253,2,851,0,0,0,851
01/25/2002,FLL,FL,ASO,ES,Combined TRACON& Tower with Radar,423,147,121,0,691,0,40,112,0,152,423,187,233,0,843,0,0,0,843
01/26/2002,FLL,FL,ASO,ES,Combined TRACON& Tower with Radar,377,119,99,0,595,14,35,56,0,105,391,154,155,0,700,0,0,0,700
01/27/2002,FLL,FL,ASO,ES,Combined TRACON& Tower with Radar,384,120,102,0,606,0,28,64,0,92,384,148,166,0,698,0,0,0,698
01/28/2002,FLL,FL,ASO,ES,Combined TRACON& Tower with Radar,392,114,74,0,580,0,38,84,0,122,392,152,158,0,702,0,0,0,702
01/29/2002,FLL,FL,ASO,ES,Combined TRACON& Tower with Radar,384,121,101,0,606,25,34,47,0,106,409,155,148,0,712,0,6,6,718
01/30/2002,FLL,FL,ASO,ES,Combined TRACON& Tower with Radar,392,130,132,0,654,0,39,94,0,133,392,169,226,0,787,0,0,0,787
01/31/2002,FLL,FL,ASO,ES,Combined TRACON& Tower with Radar,409,120,107,0,636,0,49,110,0,159,409,169,217,0,795,0,0,0,795
02/01/2002,FLL,FL,ASO,ES,Combined TRACON& Tower with Radar,436,139,113,0,688,1,39,111,0,151,437,178,224,0,839,0,0,0,839
02/02/2002,FLL,FL,ASO,ES,Combined TRACON& Tower with Radar,419,121,68,1,609,1,35,53,0,89,420,156,121,1,698,0,0,0,698
02/03/2002,FLL,FL,ASO,ES,Combined TRACON& Tower with Radar,410,119,95,0,624,1,34,69,0,104,411,153,164,0,728,0,0,0,728
02/04/2002,FLL,FL,ASO,ES,Combined TRACON& Tower with Radar,423,120,107,0,650,1,44,69,0,114,424,164,176,0,764,0,0,0,764
02/05/2002,FLL,FL,ASO,ES,Combined TRACON& Tower with Radar,417,125,121,0,663,0,47,82,0,129,417,172,203,0,792,4,0,4,796
02/06/2002,FLL,FL,ASO,ES,Combined TRACON& Tower with Radar,420,124,127,0,671,0,39,98,0,137,420,163,225,0,808,0,0,0,808
02/07/2002,FLL,FL,ASO,ES,Combined TRACON& Tower with Radar,431,114,84,0,629,0,48,86,0,134,431,162,170,0,763,0,0,0,763
02/08/2002,FLL,FL,ASO,ES,Combined TRACON& Tower with Radar,448,132,141,0,721,0,56,128,0,184,448,188,269,0,905,0,0,0,905
02/09/2002,FLL,FL,ASO,ES,Combined TRACON& Tower with Radar,430,138,111,1,680,0,25,53,0,78,430,163,164,1,758,0,0,0,758
02/10/2002,FLL,FL,ASO,ES,Combined TRACON& Tower with Radar,415,121,124,1,661,0,52,36,0,88,415,173,160,1,749,0,0,0,749
02/11/2002,FLL,FL,ASO,ES,Combined TRACON& Tower with Radar,422,116,103,0,641,0,51,78,0,129,422,167,181,0,770,10,0,10,780
02/12/2002,FLL,FL,ASO,ES,Combined TRACON& Tower with Radar,424,120,115,0,659,0,42,82,0,124,424,162,197,0,783,0,0,0,783
02/13/2002,FLL,FL,ASO,ES,Combined TRACON& Tower with Radar,446,134,149,0,729,0,35,92,0,127,446,169,241,0,856,0,0,0,856
02/14/2002,FLL,FL,ASO,ES,Combined TRACON& Tower with Radar,456,155,177,0,788,0,33,65,0,98,456,188,242,0,886,8,0,8,894
02/15/2002,FLL,FL,ASO,ES,Combined TRACON& Tower with Radar,461,173,156,0,790,0,47,123,0,170,461,220,279,0,960,0,0,0,960
02/16/2002,FLL,FL,ASO,ES,Combined TRACON& Tower with Radar,456,145,134,3,738,0,32,67,0,99,456,177,201,3,837,0,0,0,837
02/17/2002,FLL,FL,ASO,ES,Combined TRACON& Tower with Radar,420,135,108,1,664,0,41,104,0,145,420,176,212,1,809,0,0,0,809
02/18/2002,FLL,FL,ASO,ES,Combined TRACON& Tower with Radar,440,153,145,0,738,0,45,125,0,170,440,198,270,0,908,6,0,6,914
02/19/2002,FLL,FL,ASO,ES,Combined TRACON& Tower with Radar,441,119,141,0,701,0,37,86,0,123,441,156,227,0,824,0,0,0,824
02/20/2002,FLL,FL,ASO,ES,Combined TRACON& Tower with Radar,442,134,119,2,697,0,39,89,0,128,442,173,208,2,825,0,0,0,825
02/21/2002,FLL,FL,ASO,ES,Combined TRACON& Tower with Radar,459,134,101,2,696,0,35,117,0,152,459,169,218,2,848,0,0,0,848
02/22/2002,FLL,FL,ASO,ES,Combined TRACON& Tower with Radar,454,148,126,2,730,0,48,81,0,129,454,196,207,2,859,0,0,0,859
02/23/2002,FLL,FL,ASO,ES,Combined TRACON& Tower with Radar,450,136,88,2,676,0,24,50,0,74,450,160,138,2,750,0,0,0,750
02/24/2002,FLL,FL,ASO,ES,Combined TRACON& Tower with Radar,440,144,120,7,711,0,33,99,0,132,440,177,219,7,843,0,0,0,843
02/25/2002,FLL,FL,ASO,ES,Combined TRACON& Tower with Radar,448,132,113,4,697,0,56,82,0,138,448,188,195,4,835,4,0,4,839
02/26/2002,FLL,FL,ASO,ES,Combined TRACON& Tower with Radar,438,123,102,8,671,0,45,113,0,158,438,168,215,8,829,0,0,0,829
02/27/2002,FLL,FL,ASO,ES,Combined TRACON& Tower with Radar,440,134,120,1,695,3,28,88,3,122,443,162,208,4,817,0,0,0,817
02/28/2002,FLL,FL,ASO,ES,Combined TRACON& Tower with Radar,456,142,126,1,725,0,27,107,1,135,456,169,233,2,860,0,0,0,860
03/01/2002,FLL,FL,ASO,ES,Combined TRACON& Tower with Radar,464,152,123,12,751,0,54,85,0,139,464,206,208,12,890,0,0,0,890
03/02/2002,FLL,FL,ASO,ES,Combined TRACON& Tower with Radar,444,133,73,0,650,0,48,87,0,135,444,181,160,0,785,0,0,0,785
03/03/2002,FLL,FL,ASO,ES,Combined TRACON& Tower with Radar,438,134,117,0,689,0,47,73,0,120,438,181,190,0,809,0,0,0,809
03/04/2002,FLL,FL,ASO,ES,Combined TRACON& Tower with Radar,453,131,118,5,707,0,34,62,0,96,453,165,180,5,803,0,0,0,803
03/05/2002,FLL,FL,ASO,ES,Combined TRACON& Tower with Radar,458,124,101,0,683,0,33,83,0,116,458,157,184,0,799,0,0,0,799
03/06/2002,FLL,FL,ASO,ES,Combined TRACON& Tower with Radar,450,120,106,0,676,0,29,48,2,79,450,149,154,2,755,0,0,0,755
03/07/2002,FLL,FL,ASO,ES,Combined TRACON& Tower with Radar,459,134,152,0,745,0,33,52,0,85,459,167,204,0,830,0,0,0,830
03/08/2002,FLL,FL,ASO,ES,Combined TRACON& Tower with Radar,466,147,129,0,742,0,39,114,0,153,466,186,243,0,895,0,0,0,895
03/09/2002,FLL,FL,ASO,ES,Combined TRACON& Tower with Radar,450,147,108,0,705,0,61,109,2,172,450,208,217,2,877,32,0,32,909
03/10/2002,FLL,FL,ASO,ES,Combined TRACON& Tower with Radar,460,142,157,0,759,0,59,85,0,144,460,201,242,0,903,0,0,0,903
03/11/2002,FLL,FL,ASO,ES,Combined TRACON& Tower with Radar,468,120,112,0,700,0,41,101,0,142,468,161,213,0,842,0,0,0,842
03/12/2002,FLL,FL,ASO,ES,Combined TRACON& Tower with Radar,429,130,111,0,670,27,22,91,0,140,456,152,202,0,810,6,0,6,816
03/13/2002,FLL,FL,ASO,ES,Combined TRACON& Tower with Radar,465,131,132,0,728,0,39,110,0,149,465,170,242,0,877,0,0,0,877
03/14/2002,FLL,FL,ASO,ES,Combined TRACON& Tower with Radar,475,137,122,0,734,0,36,126,0,162,475,173,248,0,896,0,0,0,896
03/15/2002,FLL,FL,ASO,ES,Combined TRACON& Tower with Radar,478,163,129,0,770,0,64,155,1,220,478,227,284,1,990,0,0,0,990
03/16/2002,FLL,FL,ASO,ES,Combined TRACON& Tower with Radar,464,166,131,1,762,0,64,108,0,172,464,230,239,1,934,2,0,2,936
03/17/2002,FLL,FL,ASO,ES,Combined TRACON& Tower with Radar,435,145,113,0,693,0,48,81,0,129,435,193,194,0,822,0,0,0,822
03/18/2002,FLL,FL,ASO,ES,Combined TRACON& Tower with Radar,448,113,94,0,655,0,56,96,0,152,448,169,190,0,807,0,0,0,807
03/19/2002,FLL,FL,ASO,ES,Combined TRACON& Tower with Radar,440,134,115,0,689,15,43,78,0,136,455,177,193,0,825,0,0,0,825
03/20/2002,FLL,FL,ASO,ES,Combined TRACON& Tower with Radar,455,124,115,1,695,0,56,106,3,165,455,180,221,4,860,0,0,0,860
03/21/2002,FLL,FL,ASO,ES,Combined TRACON& Tower with Radar,473,142,115,0,730,0,56,117,0,173,473,198,232,0,903,0,0,0,903
03/22/2002,FLL,FL,ASO,ES,Combined TRACON& Tower with Radar,468,153,154,0,775,0,75,166,0,241,468,228,320,0,1016,0,0,0,1016
03/23/2002,FLL,FL,ASO,ES,Combined TRACON& Tower with Radar,463,166,146,1,776,0,99,126,2,227,463,265,272,3,1003,0,0,0,1003
03/24/2002,FLL,FL,ASO,ES,Combined TRACON& Tower with Radar,458,150,143,1,752,0,69,104,0,173,458,219,247,1,925,2,0,2,927
03/25/2002,FLL,FL,ASO,ES,Combined TRACON& Tower with Radar,452,128,94,0,674,0,56,107,0,163,452,184,201,0,837,8,0,8,845
03/26/2002,FLL,FL,ASO,ES,Combined TRACON& Tower with Radar,454,122,118,0,694,0,40,99,0,139,454,162,217,0,833,0,0,0,833
03/27/2002,FLL,FL,ASO,ES,Combined TRACON& Tower with Radar,465,136,129,0,730,0,57,129,0,186,465,193,258,0,916,0,0,0,916
03/28/2002,FLL,FL,ASO,ES,Combined TRACON& Tower with Radar,474,163,144,0,781,0,49,173,0,222,474,212,317,0,1003,0,0,0,1003
03/29/2002,FLL,FL,ASO,ES,Combined TRACON& Tower with Radar,476,169,114,0,759,0,67,148,0,215,476,236,262,0,974,2,0,2,976
03/30/2002,FLL,FL,ASO,ES,Combined TRACON& Tower with Radar,459,172,119,0,750,0,60,131,0,191,459,232,250,0,941,0,0,0,941
03/31/2002,FLL,FL,ASO,ES,Combined TRACON& Tower with Radar,442,135,112,0,689,0,59,115,0,174,442,194,227,0,863,0,0,0,863
04/01/2002,FLL,FL,ASO,ES,Combined TRACON& Tower with Radar,449,137,139,0,725,0,78,99,0,177,449,215,238,0,902,0,0,0,902
04/02/2002,FLL,FL,ASO,ES,Combined TRACON& Tower with Radar,451,122,111,0,684,0,55,143,0,198,451,177,254,0,882,4,0,4,886
04/03/2002,FLL,FL,ASO,ES,Combined TRACON& Tower with Radar,463,123,80,2,668,0,53,90,0,143,463,176,170,2,811,0,0,0,811
04/04/2002,FLL,FL,ASO,ES,Combined TRACON& Tower with Radar,474,132,105,2,713,0,46,128,0,174,474,178,233,2,887,8,0,8,895
04/05/2002,FLL,FL,ASO,ES,Combined TRACON& Tower with Radar,453,132,122,0,707,0,42,153,0,195,453,174,275,0,902,0,0,0,902
04/06/2002,FLL,FL,ASO,ES,Combined TRACON& Tower with Radar,450,152,135,0,737,0,73,101,0,174,450,225,236,0,911,10,0,10,921
04/07/2002,FLL,FL,ASO,ES,Combined TRACON& Tower with Radar,428,129,136,0,693,0,80,73,0,153,428,209,209,0,846,0,0,0,846
04/08/2002,FLL,FL,ASO,ES,Combined TRACON& Tower with Radar,445,124,93,0,662,0,59,97,0,156,445,183,190,0,818,0,0,0,818
04/09/2002,FLL,FL,ASO,ES,Combined TRACON& Tower with Radar,439,114,109,0,662,0,43,96,0,139,439,157,205,0,801,0,0,0,801
04/10/2002,FLL,FL,ASO,ES,Combined TRACON& Tower with Radar,452,140,112,1,705,0,46,132,0,178,452,186,244,1,883,0,0,0,883
04/11/2002,FLL,FL,ASO,ES,Combined TRACON& Tower with Radar,466,137,127,0,730,0,38,89,0,127,466,175,216,0,857,0,0,0,857
04/12/2002,FLL,FL,ASO,ES,Combined TRACON& Tower with Radar,454,146,121,0,721,0,59,126,0,185,454,205,247,0,906,0,0,0,906
04/13/2002,FLL,FL,ASO,ES,Combined TRACON& Tower with Radar,441,133,95,0,669,0,47,87,0,134,441,180,182,0,803,0,0,0,803
04/14/2002,FLL,FL,ASO,ES,Combined TRACON& Tower with Radar,440,136,131,0,707,0,50,124,0,174,440,186,255,0,881,0,0,0,881
04/15/2002,FLL,FL,ASO,ES,Combined TRACON& Tower with Radar,451,127,86,0,664,0,61,96,0,157,451,188,182,0,821,0,0,0,821
04/16/2002,FLL,FL,ASO,ES,Combined TRACON& Tower with Radar,438,111,95,2,646,0,43,106,0,149,438,154,201,2,795,0,0,0,795
04/17/2002,FLL,FL,ASO,ES,Combined TRACON& Tower with Radar,445,125,120,0,690,0,31,108,0,139,445,156,228,0,829,0,0,0,829
04/18/2002,FLL,FL,ASO,ES,Combined TRACON& Tower with Radar,449,124,95,0,668,0,44,108,0,152,449,168,203,0,820,0,0,0,820
04/19/2002,FLL,FL,ASO,ES,Combined TRACON& Tower with Radar,456,152,98,0,706,0,50,110,0,160,456,202,208,0,866,0,0,0,866
04/20/2002,FLL,FL,ASO,ES,Combined TRACON& Tower with Radar,431,124,74,0,629,0,59,100,0,159,431,183,174,0,788,2,0,2,790
04/21/2002,FLL,FL,ASO,ES,Combined TRACON& Tower with Radar,423,115,109,2,649,0,49,92,0,141,423,164,201,2,790,0,0,0,790
04/22/2002,FLL,FL,ASO,ES,Combined TRACON& Tower with Radar,425,107,88,8,628,0,54,98,2,154,425,161,186,10,782,0,0,0,782
04/23/2002,FLL,FL,ASO,ES,Combined TRACON& Tower with Radar,421,121,98,0,640,15,43,75,0,133,436,164,173,0,773,10,0,10,783
04/24/2002,FLL,FL,ASO,ES,Combined TRACON& Tower with Radar,441,124,100,0,665,0,39,92,1,132,441,163,192,1,797,0,0,0,797
04/25/2002,FLL,FL,ASO,ES,Combined TRACON& Tower with Radar,456,123,104,2,685,0,50,121,0,171,456,173,225,2,856,0,0,0,856
04/26/2002,FLL,FL,ASO,ES,Combined TRACON& Tower with Radar,451,141,100,1,693,0,50,158,1,209,451,191,258,2,902,0,0,0,902
04/27/2002,FLL,FL,ASO,ES,Combined TRACON& Tower with Radar,404,116,94,0,614,15,48,61,1,125,419,164,155,1,739,0,0,0,739
04/28/2002,FLL,FL,ASO,ES,Combined TRACON& Tower with Radar,407,120,96,0,623,0,56,107,1,164,407,176,203,1,787,0,0,0,787
04/29/2002,FLL,FL,ASO,ES,Combined TRACON& Tower with Radar,459,135,89,0,683,0,67,127,0,194,459,202,216,0,877,0,0,0,877
04/30/2002,FLL,FL,ASO,ES,Combined TRACON& Tower with Radar,446,120,89,4,659,0,48,90,7,145,446,168,179,11,804,0,0,0,804
05/01/2002,FLL,FL,ASO,ES,Combined TRACON& Tower with Radar,411,135,99,4,649,0,41,101,23,165,411,176,200,27,814,0,0,0,814
05/02/2002,FLL,FL,ASO,ES,Combined TRACON& Tower with Radar,411,136,128,17,692,1,63,126,13,203,412,199,254,30,895,0,0,0,895
05/03/2002,FLL,FL,ASO,ES,Combined TRACON& Tower with Radar,434,146,111,8,699,1,63,130,47,241,435,209,241,55,940,0,0,0,940
05/04/2002,FLL,FL,ASO,ES,Combined TRACON& Tower with Radar,411,110,81,8,610,1,66,64,48,179,412,176,145,56,789,0,0,0,789
05/05/2002,FLL,FL,ASO,ES,Combined TRACON& Tower with Radar,385,103,97,15,600,0,54,71,47,172,385,157,168,62,772,0,0,0,772
05/06/2002,FLL,FL,ASO,ES,Combined TRACON& Tower with Radar,414,129,112,9,664,0,56,89,4,149,414,185,201,13,813,0,0,0,813
05/07/2002,FLL,FL,ASO,ES,Combined TRACON& Tower with Radar,419,114,71,2,606,0,52,102,0,154,419,166,173,2,760,0,0,0,760
05/08/2002,FLL,FL,ASO,ES,Combined TRACON& Tower with Radar,415,123,128,1,667,0,50,102,0,152,415,173,230,1,819,0,0,0,819
05/09/2002,FLL,FL,ASO,ES,Combined TRACON& Tower with Radar,420,130,97,0,647,0,59,85,0,144,420,189,182,0,791,0,0,0,791
05/10/2002,FLL,FL,ASO,ES,Combined TRACON& Tower with Radar,433,142,120,1,696,0,60,98,0,158,433,202,218,1,854,0,0,0,854
05/11/2002,FLL,FL,ASO,ES,Combined TRACON& Tower with Radar,399,125,72,1,597,0,37,78,0,115,399,162,150,1,712,0,0,0,712
05/12/2002,FLL,FL,ASO,ES,Combined TRACON& Tower with Radar,384,120,89,0,593,0,58,90,0,148,384,178,179,0,741,0,0,0,741
05/13/2002,FLL,FL,ASO,ES,Combined TRACON& Tower with Radar,401,142,99,2,644,0,55,59,1,115,401,197,158,3,759,0,0,0,759
05/14/2002,FLL,FL,ASO,ES,Combined TRACON& Tower with Radar,430,122,92,2,646,0,65,82,0,147,430,187,174,2,793,0,0,0,793
05/15/2002,FLL,FL,ASO,ES,Combined TRACON& Tower with Radar,413,140,103,0,656,0,50,65,0,115,413,190,168,0,771,0,0,0,771
05/16/2002,FLL,FL,ASO,ES,Combined TRACON& Tower with Radar,438,147,92,1,678,0,52,111,0,163,438,199,203,1,841,0,0,0,841
05/17/2002,FLL,FL,ASO,ES,Combined TRACON& Tower with Radar,411,130,81,0,622,0,68,108,0,176,411,198,189,0,798,0,0,0,798
05/18/2002,FLL,FL,ASO,ES,Combined TRACON& Tower with Radar,409,131,71,0,611,0,45,73,0,118,409,176,144,0,729,0,0,0,729
05/19/2002,FLL,FL,ASO,ES,Combined TRACON& Tower with Radar,385,139,85,0,609,0,29,29,0,58,385,168,114,0,667,0,0,0,667
05/20/2002,FLL,FL,ASO,ES,Combined TRACON& Tower with Radar,420,128,73,0,621,0,61,72,0,133,420,189,145,0,754,0,0,0,754
05/21/2002,FLL,FL,ASO,ES,Combined TRACON& Tower with Radar,408,122,94,2,626,0,40,76,0,116,408,162,170,2,742,0,0,0,742
05/22/2002,FLL,FL,ASO,ES,Combined TRACON& Tower with Radar,412,116,123,0,651,0,71,65,0,136,412,187,188,0,787,0,0,0,787
05/23/2002,FLL,FL,ASO,ES,Combined TRACON& Tower with Radar,435,131,98,3,667,0,61,99,0,160,435,192,197,3,827,0,0,0,827
05/24/2002,FLL,FL,ASO,ES,Combined TRACON& Tower with Radar,422,151,107,0,680,0,90,113,0,203,422,241,220,0,883,0,0,0,883
05/25/2002,FLL,FL,ASO,ES,Combined TRACON& Tower with Radar,402,135,58,0,595,0,68,76,0,144,402,203,134,0,739,0,0,0,739
05/26/2002,FLL,FL,ASO,ES,Combined TRACON& Tower with Radar,386,104,51,2,543,0,42,61,0,103,386,146,112,2,646,12,0,12,658
05/27/2002,FLL,FL,ASO,ES,Combined TRACON& Tower with Radar,394,122,92,0,608,0,118,106,0,224,394,240,198,0,832,0,0,0,832
05/28/2002,FLL,FL,ASO,ES,Combined TRACON& Tower with Radar,411,113,85,1,610,0,70,65,0,135,411,183,150,1,745,0,0,0,745
05/29/2002,FLL,FL,ASO,ES,Combined TRACON& Tower with Radar,386,120,87,1,594,27,54,101,0,182,413,174,188,1,776,14,0,14,790
05/30/2002,FLL,FL,ASO,ES,Combined TRACON& Tower with Radar,415,130,111,2,658,0,53,75,0,128,415,183,186,2,786,0,0,0,786
05/31/2002,FLL,FL,ASO,ES,Combined TRACON& Tower with Radar,423,143,104,0,670,0,76,100,0,176,423,219,204,0,846,2,0,2,848
06/01/2002,FLL,FL,ASO,ES,Combined TRACON& Tower with Radar,392,120,79,0,591,19,66,67,0,152,411,186,146,0,743,0,0,0,743
06/02/2002,FLL,FL,ASO,ES,Combined TRACON& Tower with Radar,392,120,80,0,592,0,56,91,0,147,392,176,171,0,739,0,0,0,739
06/03/2002,FLL,FL,ASO,ES,Combined TRACON& Tower with Radar,398,123,82,0,603,0,54,88,0,142,398,177,170,0,745,0,0,0,745
06/04/2002,FLL,FL,ASO,ES,Combined TRACON& Tower with Radar,397,121,81,0,599,14,61,54,0,129,411,182,135,0,728,0,0,0,728
06/05/2002,FLL,FL,ASO,ES,Combined TRACON& Tower with Radar,403,123,82,0,608,0,55,84,0,139,403,178,166,0,747,0,0,0,747
06/06/2002,FLL,FL,ASO,ES,Combined TRACON& Tower with Radar,412,130,87,0,629,0,63,96,2,161,412,193,183,2,790,6,0,6,796
06/07/2002,FLL,FL,ASO,ES,Combined TRACON& Tower with Radar,440,134,89,0,663,1,72,90,0,163,441,206,179,0,826,0,0,0,826
06/08/2002,FLL,FL,ASO,ES,Combined TRACON& Tower with Radar,396,121,80,0,597,5,61,45,0,111,401,182,125,0,708,12,0,12,720
06/09/2002,FLL,FL,ASO,ES,Combined TRACON& Tower with Radar,395,122,81,0,598,0,70,86,0,156,395,192,167,0,754,0,0,0,754
06/10/2002,FLL,FL,ASO,ES,Combined TRACON& Tower with Radar,408,125,82,0,615,1,78,69,0,148,409,203,151,0,763,0,0,0,763
06/11/2002,FLL,FL,ASO,ES,Combined TRACON& Tower with Radar,397,121,80,0,598,9,57,17,0,83,406,178,97,0,681,10,0,10,691
06/12/2002,FLL,FL,ASO,ES,Combined TRACON& Tower with Radar,398,122,80,0,600,12,37,61,0,110,410,159,141,0,710,0,0,0,710
06/13/2002,FLL,FL,ASO,ES,Combined TRACON& Tower with Radar,429,131,86,0,646,2,39,35,0,76,431,170,121,0,722,0,0,0,722
06/14/2002,FLL,FL,ASO,ES,Combined TRACON& Tower with Radar,438,134,88,0,660,0,38,93,0,131,438,172,181,0,791,0,0,0,791
06/15/2002,FLL,FL,ASO,ES,Combined TRACON& Tower with Radar,404,124,81,0,609,0,49,21,0,70,404,173,102,0,679,0,0,0,679
06/16/2002,FLL,FL,ASO,ES,Combined TRACON& Tower with Radar,394,119,79,1,593,12,47,76,0,135,406,166,155,1,728,0,0,0,728
06/17/2002,FLL,FL,ASO,ES,Combined TRACON& Tower with Radar,390,118,78,1,587,8,80,59,0,147,398,198,137,1,734,0,0,0,734
06/18/2002,FLL,FL,ASO,ES,Combined TRACON& Tower with Radar,387,116,77,0,580,11,41,59,0,111,398,157,136,0,691,0,0,0,691
06/19/2002,FLL,FL,ASO,ES,Combined TRACON& Tower with Radar,392,119,78,0,589,10,36,80,0,126,402,155,158,0,715,0,0,0,715
06/20/2002,FLL,FL,ASO,ES,Combined TRACON& Tower with Radar,422,128,85,0,635,0,62,61,0,123,422,190,146,0,758,0,0,0,758
06/21/2002,FLL,FL,ASO,ES,Combined TRACON& Tower with Radar,422,134,88,0,644,0,51,64,0,115,422,185,152,0,759,0,0,0,759
06/22/2002,FLL,FL,ASO,ES,Combined TRACON& Tower with Radar,373,116,76,0,565,0,92,41,0,133,373,208,117,0,698,0,0,0,698
06/23/2002,FLL,FL,ASO,ES,Combined TRACON& Tower with Radar,405,124,81,0,610,0,43,45,0,88,405,167,126,0,698,0,0,0,698
06/24/2002,FLL,FL,ASO,ES,Combined TRACON& Tower with Radar,396,120,79,0,595,1,54,73,0,128,397,174,152,0,723,0,0,0,723
06/25/2002,FLL,FL,ASO,ES,Combined TRACON& Tower with Radar,394,119,78,1,592,1,52,56,0,109,395,171,134,1,701,0,0,0,701
06/26/2002,FLL,FL,ASO,ES,Combined TRACON& Tower with Radar,406,128,84,0,618,0,48,101,0,149,406,176,185,0,767,0,0,0,767
06/27/2002,FLL,FL,ASO,ES,Combined TRACON& Tower with Radar,408,126,83,0,617,0,52,108,2,162,408,178,191,2,779,0,0,0,779
06/28/2002,FLL,FL,ASO,ES,Combined TRACON& Tower with Radar,429,135,88,0,652,0,80,102,4,186,429,215,190,4,838,0,0,0,838
06/29/2002,FLL,FL,ASO,ES,Combined TRACON& Tower with Radar,390,123,80,0,593,0,76,98,1,175,390,199,178,1,768,8,0,8,776
06/30/2002,FLL,FL,ASO,ES,Combined TRACON& Tower with Radar,399,122,79,0,600,8,36,71,2,117,407,158,150,2,717,8,0,8,725
07/01/2002,FLL,FL,ASO,ES,Combined TRACON& Tower with Radar,373,112,70,0,555,21,33,18,0,72,394,145,88,0,627,0,0,0,627
07/02/2002,FLL,FL,ASO,ES,Combined TRACON& Tower with Radar,403,112,75,0,590,0,72,83,0,155,403,184,158,0,745,0,0,0,745
07/03/2002,FLL,FL,ASO,ES,Combined TRACON& Tower with Radar,400,128,92,0,620,0,88,77,0,165,400,216,169,0,785,0,0,0,785
07/04/2002,FLL,FL,ASO,ES,Combined TRACON& Tower with Radar,362,114,70,0,546,0,75,57,2,134,362,189,127,2,680,4,0,4,684
07/05/2002,FLL,FL,ASO,ES,Combined TRACON& Tower with Radar,376,122,59,1,558,0,62,65,0,127,376,184,124,1,685,0,0,0,685
07/06/2002,FLL,FL,ASO,ES,Combined TRACON& Tower with Radar,396,120,58,0,574,0,67,65,0,132,396,187,123,0,706,0,0,0,706
07/07/2002,FLL,FL,ASO,ES,Combined TRACON& Tower with Radar,379,124,77,0,580,0,60,130,0,190,379,184,207,0,770,0,0,0,770
07/08/2002,FLL,FL,ASO,ES,Combined TRACON& Tower with Radar,395,135,66,0,596,0,58,57,0,115,395,193,123,0,711,0,0,0,711
07/09/2002,FLL,FL,ASO,ES,Combined TRACON& Tower with Radar,398,127,77,0,602,0,83,59,0,142,398,210,136,0,744,0,0,0,744
07/10/2002,FLL,FL,ASO,ES,Combined TRACON& Tower with Radar,399,124,96,1,620,0,54,49,0,103,399,178,145,1,723,0,0,0,723
07/11/2002,FLL,FL,ASO,ES,Combined TRACON& Tower with Radar,420,127,73,0,620,0,51,74,0,125,420,178,147,0,745,0,0,0,745
07/12/2002,FLL,FL,ASO,ES,Combined TRACON& Tower with Radar,430,134,76,2,642,0,49,75,0,124,430,183,151,2,766,0,0,0,766
07/13/2002,FLL,FL,ASO,ES,Combined TRACON& Tower with Radar,388,126,68,2,584,0,73,81,0,154,388,199,149,2,738,0,0,0,738
07/14/2002,FLL,FL,ASO,ES,Combined TRACON& Tower with Radar,400,123,76,0,599,0,85,44,0,129,400,208,120,0,728,0,0,0,728
07/15/2002,FLL,FL,ASO,ES,Combined TRACON& Tower with Radar,404,112,55,2,573,0,62,58,0,120,404,174,113,2,693,0,0,0,693
07/16/2002,FLL,FL,ASO,ES,Combined TRACON& Tower with Radar,402,109,42,2,555,0,59,94,3,156,402,168,136,5,711,0,0,0,711
07/17/2002,FLL,FL,ASO,ES,Combined TRACON& Tower with Radar,410,118,70,6,604,0,60,73,0,133,410,178,143,6,737,0,0,0,737
07/18/2002,FLL,FL,ASO,ES,Combined TRACON& Tower with Radar,413,133,81,1,628,0,56,74,0,130,413,189,155,1,758,0,0,0,758
07/19/2002,FLL,FL,ASO,ES,Combined TRACON& Tower with Radar,399,121,76,0,596,0,64,84,0,148,399,185,160,0,744,0,0,0,744
07/20/2002,FLL,FL,ASO,ES,Combined TRACON& Tower with Radar,405,124,75,1,605,0,79,60,0,139,405,203,135,1,744,0,0,0,744
07/21/2002,FLL,FL,ASO,ES,Combined TRACON& Tower with Radar,388,115,68,0,571,0,56,70,0,126,388,171,138,0,697,0,0,0,697
07/22/2002,FLL,FL,ASO,ES,Combined TRACON& Tower with Radar,384,108,83,0,575,0,81,34,0,115,384,189,117,0,690,0,0,0,690
07/23/2002,FLL,FL,ASO,ES,Combined TRACON& Tower with Radar,382,116,73,0,571,0,37,85,2,124,382,153,158,2,695,0,0,0,695
07/24/2002,FLL,FL,ASO,ES,Combined TRACON& Tower with Radar,413,105,108,0,626,0,57,65,0,122,413,162,173,0,748,0,0,0,748
07/25/2002,FLL,FL,ASO,ES,Combined TRACON& Tower with Radar,404,124,77,0,605,0,68,92,2,162,404,192,169,2,767,0,0,0,767
07/26/2002,FLL,FL,ASO,ES,Combined TRACON& Tower with Radar,406,135,95,3,639,0,91,81,0,172,406,226,176,3,811,4,0,4,815
07/27/2002,FLL,FL,ASO,ES,Combined TRACON& Tower with Radar,388,119,70,0,577,0,71,87,0,158,388,190,157,0,735,0,0,0,735
07/28/2002,FLL,FL,ASO,ES,Combined TRACON& Tower with Radar,384,116,73,0,573,6,76,42,0,124,390,192,115,0,697,0,0,0,697
07/29/2002,FLL,FL,ASO,ES,Combined TRACON& Tower with Radar,406,110,79,1,596,0,67,77,0,144,406,177,156,1,740,0,0,0,740
07/30/2002,FLL,FL,ASO,ES,Combined TRACON& Tower with Radar,383,116,73,0,572,18,66,63,0,147,401,182,136,0,719,0,0,0,719
07/31/2002,FLL,FL,ASO,ES,Combined TRACON& Tower with Radar,386,113,108,0,607,0,80,82,0,162,386,193,190,0,769,0,0,0,769
08/01/2002,FLL,FL,ASO,ES,Combined TRACON& Tower with Radar,430,133,78,0,641,1,91,64,0,156,431,224,142,0,797,0,0,0,797
08/02/2002,FLL,FL,ASO,ES,Combined TRACON& Tower with Radar,416,141,89,2,648,0,76,111,1,188,416,217,200,3,836,0,0,0,836
08/03/2002,FLL,FL,ASO,ES,Combined TRACON& Tower with Radar,398,117,61,0,576,0,60,59,0,119,398,177,120,0,695,0,0,0,695
08/04/2002,FLL,FL,ASO,ES,Combined TRACON& Tower with Radar,405,145,54,2,606,0,84,70,0,154,405,229,124,2,760,0,0,0,760
08/05/2002,FLL,FL,ASO,ES,Combined TRACON& Tower with Radar,408,121,48,0,577,0,72,54,0,126,408,193,102,0,703,0,0,0,703
08/06/2002,FLL,FL,ASO,ES,Combined TRACON& Tower with Radar,421,119,77,0,617,0,69,89,0,158,421,188,166,0,775,0,0,0,775
08/07/2002,FLL,FL,ASO,ES,Combined TRACON& Tower with Radar,406,133,81,0,620,0,63,43,0,106,406,196,124,0,726,0,0,0,726
08/08/2002,FLL,FL,ASO,ES,Combined TRACON& Tower with Radar,409,126,70,0,605,0,72,106,0,178,409,198,176,0,783,7,0,7,790
08/09/2002,FLL,FL,ASO,ES,Combined TRACON& Tower with Radar,425,136,115,1,677,0,72,93,0,165,425,208,208,1,842,0,0,0,842
08/10/2002,FLL,FL,ASO,ES,Combined TRACON& Tower with Radar,386,119,51,0,556,0,47,65,0,112,386,166,116,0,668,0,0,0,668
08/11/2002,FLL,FL,ASO,ES,Combined TRACON& Tower with Radar,391,115,69,0,575,0,45,64,0,109,391,160,133,0,684,0,0,0,684
08/12/2002,FLL,FL,ASO,ES,Combined TRACON& Tower with Radar,401,122,63,0,586,0,56,76,0,132,401,178,139,0,718,0,0,0,718
08/13/2002,FLL,FL,ASO,ES,Combined TRACON& Tower with Radar,406,129,57,0,592,0,73,75,0,148,406,202,132,0,740,0,0,0,740
08/14/2002,FLL,FL,ASO,ES,Combined TRACON& Tower with Radar,412,134,84,0,630,0,96,55,0,151,412,230,139,0,781,6,0,6,787
08/15/2002,FLL,FL,ASO,ES,Combined TRACON& Tower with Radar,425,128,63,0,616,0,69,77,0,146,425,197,140,0,762,0,0,0,762
08/16/2002,FLL,FL,ASO,ES,Combined TRACON& Tower with Radar,418,134,63,2,617,0,56,85,0,141,418,190,148,2,758,0,0,0,758
08/17/2002,FLL,FL,ASO,ES,Combined TRACON& Tower with Radar,390,128,56,0,574,0,49,58,0,107,390,177,114,0,681,0,0,0,681
08/18/2002,FLL,FL,ASO,ES,Combined TRACON& Tower with Radar,396,142,68,0,606,0,90,49,0,139,396,232,117,0,745,0,0,0,745
08/19/2002,FLL,FL,ASO,ES,Combined TRACON& Tower with Radar,406,123,59,0,588,0,77,65,0,142,406,200,124,0,730,0,0,0,730
08/20/2002,FLL,FL,ASO,ES,Combined TRACON& Tower with Radar,415,108,73,0,596,0,61,51,0,112,415,169,124,0,708,0,0,0,708
08/21/2002,FLL,FL,ASO,ES,Combined TRACON& Tower with Radar,400,122,88,0,610,0,61,71,0,132,400,183,159,0,742,0,0,0,742
08/22/2002,FLL,FL,ASO,ES,Combined TRACON& Tower with Radar,415,108,70,0,593,0,49,105,0,154,415,157,175,0,747,0,0,0,747
08/23/2002,FLL,FL,ASO,ES,Combined TRACON& Tower with Radar,426,123,77,0,626,0,56,102,0,158,426,179,179,0,784,0,0,0,784
08/24/2002,FLL,FL,ASO,ES,Combined TRACON& Tower with Radar,380,116,71,0,567,0,58,55,0,113,380,174,126,0,680,0,0,0,680
08/25/2002,FLL,FL,ASO,ES,Combined TRACON& Tower with Radar,413,117,49,2,581,0,51,54,0,105,413,168,103,2,686,0,0,0,686
08/26/2002,FLL,FL,ASO,ES,Combined TRACON& Tower with Radar,409,125,70,0,604,3,71,30,1,105,412,196,100,1,709,0,0,0,709
08/27/2002,FLL,FL,ASO,ES,Combined TRACON& Tower with Radar,407,112,63,2,584,0,50,55,0,105,407,162,118,2,689,0,0,0,689
08/28/2002,FLL,FL,ASO,ES,Combined TRACON& Tower with Radar,393,120,67,0,580,10,43,67,0,120,403,163,134,0,700,0,0,0,700
08/29/2002,FLL,FL,ASO,ES,Combined TRACON& Tower with Radar,413,118,96,2,629,0,77,85,0,162,413,195,181,2,791,0,0,0,791
08/30/2002,FLL,FL,ASO,ES,Combined TRACON& Tower with Radar,431,137,77,0,645,0,79,98,0,177,431,216,175,0,822,0,0,0,822
08/31/2002,FLL,FL,ASO,ES,Combined TRACON& Tower with Radar,370,113,63,0,546,10,56,35,1,102,380,169,98,1,648,0,0,0,648
09/01/2002,FLL,FL,ASO,ES,Combined TRACON& Tower with Radar,371,112,27,4,514,0,41,21,0,62,371,153,48,4,576,0,0,0,576
09/02/2002,FLL,FL,ASO,ES,Combined TRACON& Tower with Radar,384,108,86,0,578,0,90,70,0,160,384,198,156,0,738,0,0,0,738
09/03/2002,FLL,FL,ASO,ES,Combined TRACON& Tower with Radar,386,96,53,0,535,0,56,35,0,91,386,152,88,0,626,0,0,0,626
09/04/2002,FLL,FL,ASO,ES,Combined TRACON& Tower with Radar,404,119,79,0,602,0,54,66,0,120,404,173,145,0,722,0,0,0,722
09/05/2002,FLL,FL,ASO,ES,Combined TRACON& Tower with Radar,404,112,69,0,585,0,63,51,0,114,404,175,120,0,699,0,0,0,699
09/06/2002,FLL,FL,ASO,ES,Combined TRACON& Tower with Radar,405,105,78,0,588,0,43,87,0,130,405,148,165,0,718,10,0,10,728
09/07/2002,FLL,FL,ASO,ES,Combined TRACON& Tower with Radar,371,79,43,0,493,0,35,36,0,71,371,114,79,0,564,0,0,0,564
09/08/2002,FLL,FL,ASO,ES,Combined TRACON& Tower with Radar,374,80,66,0,520,0,42,54,0,96,374,122,120,0,616,0,0,0,616
09/09/2002,FLL,FL,ASO,ES,Combined TRACON& Tower with Radar,368,97,66,0,531,11,44,34,0,89,379,141,100,0,620,0,0,0,620
09/10/2002,FLL,FL,ASO,ES,Combined TRACON& Tower with Radar,375,100,81,1,557,0,65,56,0,121,375,165,137,1,678,0,0,0,678
09/11/2002,FLL,FL,ASO,ES,Combined TRACON& Tower with Radar,325,83,88,1,497,0,42,83,0,125,325,125,171,1,622,0,0,0,622
09/12/2002,FLL,FL,ASO,ES,Combined TRACON& Tower with Radar,388,117,103,1,609,0,52,79,0,131,388,169,182,1,740,0,0,0,740
09/13/2002,FLL,FL,ASO,ES,Combined TRACON& Tower with Radar,411,109,84,1,605,0,46,67,0,113,411,155,151,1,718,0,0,0,718
09/14/2002,FLL,FL,ASO,ES,Combined TRACON& Tower with Radar,363,91,58,2,514,0,31,63,0,94,363,122,121,2,608,0,0,0,608
09/15/2002,FLL,FL,ASO,ES,Combined TRACON& Tower with Radar,376,90,64,2,532,0,45,51,1,97,376,135,115,3,629,0,0,0,629
09/16/2002,FLL,FL,ASO,ES,Combined TRACON& Tower with Radar,386,114,75,0,575,0,45,62,0,107,386,159,137,0,682,0,0,0,682
09/17/2002,FLL,FL,ASO,ES,Combined TRACON& Tower with Radar,399,95,97,1,592,0,63,64,0,127,399,158,161,1,719,0,0,0,719
09/18/2002,FLL,FL,ASO,ES,Combined TRACON& Tower with Radar,392,98,71,1,562,0,45,52,0,97,392,143,123,1,659,0,0,0,659
09/19/2002,FLL,FL,ASO,ES,Combined TRACON& Tower with Radar,391,112,85,0,588,0,53,62,0,115,391,165,147,0,703,0,0,0,703
09/20/2002,FLL,FL,ASO,ES,Combined TRACON& Tower with Radar,425,110,109,1,645,0,44,59,0,103,425,154,168,1,748,0,0,0,748
09/21/2002,FLL,FL,ASO,ES,Combined TRACON& Tower with Radar,358,86,56,2,502,0,28,34,0,62,358,114,90,2,564,6,0,6,570
09/22/2002,FLL,FL,ASO,ES,Combined TRACON& Tower with Radar,390,105,72,3,570,0,36,41,0,77,390,141,113,3,647,0,0,0,647
09/23/2002,FLL,FL,ASO,ES,Combined TRACON& Tower with Radar,398,102,51,2,553,0,42,41,0,83,398,144,92,2,636,0,0,0,636
09/24/2002,FLL,FL,ASO,ES,Combined TRACON& Tower with Radar,392,112,62,1,567,0,58,50,0,108,392,170,112,1,675,0,0,0,675
09/25/2002,FLL,FL,ASO,ES,Combined TRACON& Tower with Radar,387,115,75,0,577,0,54,44,0,98,387,169,119,0,675,0,0,0,675
09/26/2002,FLL,FL,ASO,ES,Combined TRACON& Tower with Radar,394,115,78,0,587,0,38,63,1,102,394,153,141,1,689,16,0,16,705
09/27/2002,FLL,FL,ASO,ES,Combined TRACON& Tower with Radar,409,113,73,0,595,0,41,63,0,104,409,154,136,0,699,0,0,0,699
09/28/2002,FLL,FL,ASO,ES,Combined TRACON& Tower with Radar,356,74,34,0,464,0,27,43,0,70,356,101,77,0,534,0,0,0,534
09/29/2002,FLL,FL,ASO,ES,Combined TRACON& Tower with Radar,378,91,46,0,515,0,38,37,0,75,378,129,83,0,590,0,0,0,590
09/30/2002,FLL,FL,ASO,ES,Combined TRACON& Tower with Radar,381,112,84,2,579,0,53,46,0,99,381,165,130,2,678,0,0,0,678
10/01/2002,FLL,FL,ASO,ES,Combined TRACON& Tower with Radar,395,108,58,2,563,0,61,41,0,102,395,169,99,2,665,0,0,0,665
10/02/2002,FLL,FL,ASO,ES,Combined TRACON& Tower with Radar,381,115,70,0,566,0,53,62,0,115,381,168,132,0,681,0,0,0,681
10/03/2002,FLL,FL,ASO,ES,Combined TRACON& Tower with Radar,403,129,70,2,604,0,48,57,0,105,403,177,127,2,709,0,0,0,709
10/04/2002,FLL,FL,ASO,ES,Combined TRACON& Tower with Radar,412,116,91,0,619,0,52,73,0,125,412,168,164,0,744,0,0,0,744
10/05/2002,FLL,FL,ASO,ES,Combined TRACON& Tower with Radar,365,96,36,1,498,0,35,34,0,69,365,131,70,1,567,0,0,0,567
10/06/2002,FLL,FL,ASO,ES,Combined TRACON& Tower with Radar,384,119,68,1,572,0,45,63,0,108,384,164,131,1,680,0,0,0,680
10/07/2002,FLL,FL,ASO,ES,Combined TRACON& Tower with Radar,394,132,48,2,576,0,62,46,0,108,394,194,94,2,684,0,0,0,684
10/08/2002,FLL,FL,ASO,ES,Combined TRACON& Tower with Radar,392,93,81,2,568,0,52,49,0,101,392,145,130,2,669,0,0,0,669
10/09/2002,FLL,FL,ASO,ES,Combined TRACON& Tower with Radar,385,101,83,0,569,0,57,83,0,140,385,158,166,0,709,0,0,0,709
10/10/2002,FLL,FL,ASO,ES,Combined TRACON& Tower with Radar,394,105,86,0,585,0,46,67,1,114,394,151,153,1,699,0,0,0,699
10/11/2002,FLL,FL,ASO,ES,Combined TRACON& Tower with Radar,404,114,79,0,597,0,29,74,0,103,404,143,153,0,700,0,0,0,700
10/12/2002,FLL,FL,ASO,ES,Combined TRACON& Tower with Radar,366,103,73,0,542,13,21,62,2,98,379,124,135,2,640,0,0,0,640
10/13/2002,FLL,FL,ASO,ES,Combined TRACON& Tower with Radar,381,97,76,0,554,0,63,53,2,118,381,160,129,2,672,0,0,0,672
10/14/2002,FLL,FL,ASO,ES,Combined TRACON& Tower with Radar,390,119,81,0,590,0,55,43,0,98,390,174,124,0,688,0,0,0,688
10/15/2002,FLL,FL,ASO,ES,Combined TRACON& Tower with Radar,397,112,74,3,586,0,50,49,0,99,397,162,123,3,685,4,0,4,689
10/16/2002,FLL,FL,ASO,ES,Combined TRACON& Tower with Radar,378,117,69,0,564,0,29,29,0,58,378,146,98,0,622,0,0,0,622
10/17/2002,FLL,FL,ASO,ES,Combined TRACON& Tower with Radar,406,116,83,2,607,0,49,76,0,125,406,165,159,2,732,0,0,0,732
10/18/2002,FLL,FL,ASO,ES,Combined TRACON& Tower with Radar,391,136,84,2,613,0,53,96,2,151,391,189,180,4,764,0,0,0,764
10/19/2002,FLL,FL,ASO,ES,Combined TRACON& Tower with Radar,353,107,46,2,508,0,36,42,1,79,353,143,88,3,587,0,0,0,587
10/20/2002,FLL,FL,ASO,ES,Combined TRACON& Tower with Radar,367,110,81,0,558,0,51,64,0,115,367,161,145,0,673,0,0,0,673
10/21/2002,FLL,FL,ASO,ES,Combined TRACON& Tower with Radar,390,123,62,3,578,0,61,77,3,141,390,184,139,6,719,0,0,0,719
10/22/2002,FLL,FL,ASO,ES,Combined TRACON& Tower with Radar,387,110,77,0,574,3,71,39,1,114,390,181,116,1,688,0,0,0,688
10/23/2002,FLL,FL,ASO,ES,Combined TRACON& Tower with Radar,384,117,70,0,571,0,62,83,1,146,384,179,153,1,717,0,0,0,717
10/24/2002,FLL,FL,ASO,ES,Combined TRACON& Tower with Radar,400,108,70,2,580,0,50,64,0,114,400,158,134,2,694,0,0,0,694
10/25/2002,FLL,FL,ASO,ES,Combined TRACON& Tower with Radar,410,127,96,0,633,0,72,106,0,178,410,199,202,0,811,0,0,0,811
10/26/2002,FLL,FL,ASO,ES,Combined TRACON& Tower with Radar,371,100,54,0,525,0,35,54,0,89,371,135,108,0,614,0,0,0,614
10/27/2002,FLL,FL,ASO,ES,Combined TRACON& Tower with Radar,395,80,80,1,556,0,46,65,0,111,395,126,145,1,667,0,0,0,667
10/28/2002,FLL,FL,ASO,ES,Combined TRACON& Tower with Radar,398,99,65,1,563,0,65,69,0,134,398,164,134,1,697,0,0,0,697
10/29/2002,FLL,FL,ASO,ES,Combined TRACON& Tower with Radar,404,107,71,2,584,0,60,73,1,134,404,167,144,3,718,0,0,0,718
10/30/2002,FLL,FL,ASO,ES,Combined TRACON& Tower with Radar,395,110,141,1,647,0,49,72,0,121,395,159,213,1,768,0,0,0,768
10/31/2002,FLL,FL,ASO,ES,Combined TRACON& Tower with Radar,416,120,178,1,715,0,62,88,0,150,416,182,266,1,865,0,0,0,865
11/01/2002,FLL,FL,ASO,ES,Combined TRACON& Tower with Radar,440,131,201,0,772,1,64,111,0,176,441,195,312,0,948,0,0,0,948
11/02/2002,FLL,FL,ASO,ES,Combined TRACON& Tower with Radar,391,106,104,0,601,1,61,55,0,117,392,167,159,0,718,0,0,0,718
11/03/2002,FLL,FL,ASO,ES,Combined TRACON& Tower with Radar,403,133,165,0,701,1,66,85,0,152,404,199,250,0,853,0,0,0,853
11/04/2002,FLL,FL,ASO,ES,Combined TRACON& Tower with Radar,412,108,115,0,635,1,53,67,0,121,413,161,182,0,756,0,0,0,756
11/05/2002,FLL,FL,ASO,ES,Combined TRACON& Tower with Radar,403,114,99,2,618,1,49,78,0,128,404,163,177,2,746,0,0,0,746
11/06/2002,FLL,FL,ASO,ES,Combined TRACON& Tower with Radar,409,147,92,3,651,1,47,92,0,140,410,194,184,3,791,0,0,0,791
11/07/2002,FLL,FL,ASO,ES,Combined TRACON& Tower with Radar,419,120,92,1,632,1,74,93,1,169,420,194,185,2,801,0,0,0,801
11/08/2002,FLL,FL,ASO,ES,Combined TRACON& Tower with Radar,426,140,105,2,673,1,54,120,1,176,427,194,225,3,849,0,0,0,849
11/09/2002,FLL,FL,ASO,ES,Combined TRACON& Tower with Radar,377,110,62,0,549,1,33,66,0,100,378,143,128,0,649,0,0,0,649
11/10/2002,FLL,FL,ASO,ES,Combined TRACON& Tower with Radar,388,136,80,0,604,0,63,54,0,117,388,199,134,0,721,0,0,0,721
11/11/2002,FLL,FL,ASO,ES,Combined TRACON& Tower with Radar,421,120,83,0,624,0,77,54,0,131,421,197,137,0,755,0,0,0,755
11/12/2002,FLL,FL,ASO,ES,Combined TRACON& Tower with Radar,421,126,95,0,642,0,68,51,0,119,421,194,146,0,761,0,0,0,761
11/13/2002,FLL,FL,ASO,ES,Combined TRACON& Tower with Radar,418,129,99,0,646,0,41,56,3,100,418,170,155,3,746,0,0,0,746
11/14/2002,FLL,FL,ASO,ES,Combined TRACON& Tower with Radar,424,118,88,0,630,0,65,76,0,141,424,183,164,0,771,0,0,0,771
11/15/2002,FLL,FL,ASO,ES,Combined TRACON& Tower with Radar,430,131,113,5,679,0,67,77,0,144,430,198,190,5,823,0,0,0,823
11/16/2002,FLL,FL,ASO,ES,Combined TRACON& Tower with Radar,382,104,53,0,539,0,43,33,0,76,382,147,86,0,615,0,0,0,615
11/17/2002,FLL,FL,ASO,ES,Combined TRACON& Tower with Radar,407,127,97,4,635,0,24,52,0,76,407,151,149,4,711,0,0,0,711
11/18/2002,FLL,FL,ASO,ES,Combined TRACON& Tower with Radar,429,141,85,0,655,0,72,64,0,136,429,213,149,0,791,0,0,0,791
11/19/2002,FLL,FL,ASO,ES,Combined TRACON& Tower with Radar,412,125,97,0,634,5,63,51,0,119,417,188,148,0,753,0,0,0,753
11/20/2002,FLL,FL,ASO,ES,Combined TRACON& Tower with Radar,410,131,96,0,637,0,58,64,0,122,410,189,160,0,759,0,0,0,759
11/21/2002,FLL,FL,ASO,ES,Combined TRACON& Tower with Radar,426,134,105,0,665,0,64,82,0,146,426,198,187,0,811,0,0,0,811
11/22/2002,FLL,FL,ASO,ES,Combined TRACON& Tower with Radar,433,143,122,1,699,0,68,90,0,158,433,211,212,1,857,0,0,0,857
11/23/2002,FLL,FL,ASO,ES,Combined TRACON& Tower with Radar,393,119,94,0,606,4,57,88,0,149,397,176,182,0,755,0,0,0,755
11/24/2002,FLL,FL,ASO,ES,Combined TRACON& Tower with Radar,406,137,97,0,640,0,49,80,0,129,406,186,177,0,769,0,0,0,769
11/25/2002,FLL,FL,ASO,ES,Combined TRACON& Tower with Radar,424,132,80,0,636,0,65,63,0,128,424,197,143,0,764,4,0,4,768
11/26/2002,FLL,FL,ASO,ES,Combined TRACON& Tower with Radar,447,119,88,2,656,0,60,73,0,133,447,179,161,2,789,0,0,0,789
11/27/2002,FLL,FL,ASO,ES,Combined TRACON& Tower with Radar,427,135,122,0,684,0,73,104,0,177,427,208,226,0,861,0,0,0,861
11/28/2002,FLL,FL,ASO,ES,Combined TRACON& Tower with Radar,338,80,34,0,452,0,41,22,0,63,338,121,56,0,515,0,0,0,515
11/29/2002,FLL,FL,ASO,ES,Combined TRACON& Tower with Radar,375,106,91,0,572,0,70,69,1,140,375,176,160,1,712,0,0,0,712
11/30/2002,FLL,FL,ASO,ES,Combined TRACON& Tower with Radar,399,117,78,1,595,0,73,57,0,130,399,190,135,1,725,0,0,0,725
12/01/2002,FLL,FL,ASO,ES,Combined TRACON& Tower with Radar,409,125,195,1,730,0,68,96,0,164,409,193,291,1,894,0,0,0,894
12/02/2002,FLL,FL,ASO,ES,Combined TRACON& Tower with Radar,419,136,121,0,676,0,77,82,0,159,419,213,203,0,835,0,0,0,835
12/03/2002,FLL,FL,ASO,ES,Combined TRACON& Tower with Radar,429,129,109,0,667,0,74,95,0,169,429,203,204,0,836,0,0,0,836
12/04/2002,FLL,FL,ASO,ES,Combined TRACON& Tower with Radar,435,145,93,0,673,0,67,60,0,127,435,212,153,0,800,0,0,0,800
12/05/2002,FLL,FL,ASO,ES,Combined TRACON& Tower with Radar,404,124,104,0,632,0,70,64,1,135,404,194,168,1,767,0,0,0,767
12/06/2002,FLL,FL,ASO,ES,Combined TRACON& Tower with Radar,442,133,127,0,702,0,46,61,0,107,442,179,188,0,809,0,0,0,809
12/07/2002,FLL,FL,ASO,ES,Combined TRACON& Tower with Radar,402,98,75,1,576,0,32,47,0,79,402,130,122,1,655,0,0,0,655
12/08/2002,FLL,FL,ASO,ES,Combined TRACON& Tower with Radar,389,118,89,0,596,6,19,63,0,88,395,137,152,0,684,0,0,0,684
12/09/2002,FLL,FL,ASO,ES,Combined TRACON& Tower with Radar,427,116,78,0,621,0,49,66,0,115,427,165,144,0,736,0,0,0,736
12/10/2002,FLL,FL,ASO,ES,Combined TRACON& Tower with Radar,410,148,86,0,644,0,63,36,0,99,410,211,122,0,743,0,0,0,743
12/11/2002,FLL,FL,ASO,ES,Combined TRACON& Tower with Radar,413,125,99,0,637,0,53,84,0,137,413,178,183,0,774,0,0,0,774
12/12/2002,FLL,FL,ASO,ES,Combined TRACON& Tower with Radar,442,157,90,0,689,0,65,54,0,119,442,222,144,0,808,0,0,0,808
12/13/2002,FLL,FL,ASO,ES,Combined TRACON& Tower with Radar,454,115,102,3,674,0,47,64,0,111,454,162,166,3,785,0,0,0,785
12/14/2002,FLL,FL,ASO,ES,Combined TRACON& Tower with Radar,411,116,85,0,612,0,53,63,0,116,411,169,148,0,728,0,0,0,728
12/15/2002,FLL,FL,ASO,ES,Combined TRACON& Tower with Radar,417,114,92,2,625,0,41,67,0,108,417,155,159,2,733,0,0,0,733
12/16/2002,FLL,FL,ASO,ES,Combined TRACON& Tower with Radar,430,133,99,0,662,16,49,67,3,135,446,182,166,3,797,0,0,0,797
12/17/2002,FLL,FL,ASO,ES,Combined TRACON& Tower with Radar,425,114,96,2,637,0,69,82,0,151,425,183,178,2,788,0,0,0,788
12/18/2002,FLL,FL,ASO,ES,Combined TRACON& Tower with Radar,449,131,126,1,707,0,73,72,0,145,449,204,198,1,852,0,0,0,852
12/19/2002,FLL,FL,ASO,ES,Combined TRACON& Tower with Radar,463,121,113,2,699,0,63,72,0,135,463,184,185,2,834,0,0,0,834
12/20/2002,FLL,FL,ASO,ES,Combined TRACON& Tower with Radar,473,156,124,0,753,0,59,99,0,158,473,215,223,0,911,0,0,0,911
12/21/2002,FLL,FL,ASO,ES,Combined TRACON& Tower with Radar,461,148,137,0,746,0,78,84,0,162,461,226,221,0,908,0,0,0,908
12/22/2002,FLL,FL,ASO,ES,Combined TRACON& Tower with Radar,466,129,81,2,678,0,80,73,1,154,466,209,154,3,832,0,0,0,832
12/23/2002,FLL,FL,ASO,ES,Combined TRACON& Tower with Radar,446,137,103,0,686,14,98,56,0,168,460,235,159,0,854,0,0,0,854
12/24/2002,FLL,FL,ASO,ES,Combined TRACON& Tower with Radar,436,135,54,0,625,0,62,48,0,110,436,197,102,0,735,0,0,0,735
12/25/2002,FLL,FL,ASO,ES,Combined TRACON& Tower with Radar,371,116,29,0,516,0,9,16,0,25,371,125,45,0,541,0,0,0,541
12/26/2002,FLL,FL,ASO,ES,Combined TRACON& Tower with Radar,480,182,112,0,774,0,90,66,0,156,480,272,178,0,930,0,0,0,930
12/27/2002,FLL,FL,ASO,ES,Combined TRACON& Tower with Radar,491,173,162,0,826,0,85,160,0,245,491,258,322,0,1071,2,0,2,1073
12/28/2002,FLL,FL,ASO,ES,Combined TRACON& Tower with Radar,454,166,132,0,752,0,114,106,0,220,454,280,238,0,972,10,0,10,982
12/29/2002,FLL,FL,ASO,ES,Combined TRACON& Tower with Radar,450,151,86,0,687,0,58,93,0,151,450,209,179,0,838,0,0,0,838
12/30/2002,FLL,FL,ASO,ES,Combined TRACON& Tower with Radar,474,147,124,0,745,0,68,73,0,141,474,215,197,0,886,0,0,0,886
12/31/2002,FLL,FL,ASO,ES,Combined TRACON& Tower with Radar,451,136,53,0,640,0,66,45,0,111,451,202,98,0,751,0,0,0,751
01/01/2003,FLL,FL,ASO,ES,Combined TRACON& Tower with Radar,402,119,78,0,599,3,58,48,0,109,405,177,126,0,708,0,0,0,708
01/02/2003,FLL,FL,ASO,ES,Combined TRACON& Tower with Radar,467,140,133,0,740,1,100,73,0,174,468,240,206,0,914,0,0,0,914
01/03/2003,FLL,FL,ASO,ES,Combined TRACON& Tower with Radar,502,165,160,0,827,1,106,65,0,172,503,271,225,0,999,0,0,0,999
01/04/2003,FLL,FL,ASO,ES,Combined TRACON& Tower with Radar,464,147,162,1,774,0,110,97,0,207,464,257,259,1,981,0,0,0,981
01/05/2003,FLL,FL,ASO,ES,Combined TRACON& Tower with Radar,455,125,150,0,730,0,72,89,0,161,455,197,239,0,891,0,0,0,891
01/06/2003,FLL,FL,ASO,ES,Combined TRACON& Tower with Radar,452,132,112,0,696,0,87,61,0,148,452,219,173,0,844,6,0,6,850
01/07/2003,FLL,FL,ASO,ES,Combined TRACON& Tower with Radar,454,120,86,0,660,10,72,43,0,125,464,192,129,0,785,0,0,0,785
01/08/2003,FLL,FL,ASO,ES,Combined TRACON& Tower with Radar,432,117,101,0,650,0,49,87,0,136,432,166,188,0,786,0,0,0,786
01/09/2003,FLL,FL,ASO,ES,Combined TRACON& Tower with Radar,459,111,80,0,650,0,54,95,0,149,459,165,175,0,799,0,0,0,799
01/10/2003,FLL,FL,ASO,ES,Combined TRACON& Tower with Radar,459,132,124,1,716,0,64,102,0,166,459,196,226,1,882,0,0,0,882
01/11/2003,FLL,FL,ASO,ES,Combined TRACON& Tower with Radar,428,102,84,0,614,0,46,61,0,107,428,148,145,0,721,0,0,0,721
01/12/2003,FLL,FL,ASO,ES,Combined TRACON& Tower with Radar,424,123,98,0,645,0,32,72,1,105,424,155,170,1,750,0,0,0,750
01/13/2003,FLL,FL,ASO,ES,Combined TRACON& Tower with Radar,437,105,116,7,665,0,55,56,0,111,437,160,172,7,776,0,0,0,776
01/14/2003,FLL,FL,ASO,ES,Combined TRACON& Tower with Radar,437,124,108,0,669,0,43,49,0,92,437,167,157,0,761,0,0,0,761
01/15/2003,FLL,FL,ASO,ES,Combined TRACON& Tower with Radar,460,127,115,2,704,0,63,97,0,160,460,190,212,2,864,0,0,0,864
01/16/2003,FLL,FL,ASO,ES,Combined TRACON& Tower with Radar,443,129,113,1,686,0,69,89,0,158,443,198,202,1,844,0,0,0,844
01/17/2003,FLL,FL,ASO,ES,Combined TRACON& Tower with Radar,453,148,146,2,749,0,55,112,0,167,453,203,258,2,916,0,0,0,916
01/18/2003,FLL,FL,ASO,ES,Combined TRACON& Tower with Radar,421,97,84,2,604,0,39,85,0,124,421,136,169,2,728,0,0,0,728
01/19/2003,FLL,FL,ASO,ES,Combined TRACON& Tower with Radar,427,108,84,0,619,0,63,94,0,157,427,171,178,0,776,0,0,0,776
01/20/2003,FLL,FL,ASO,ES,Combined TRACON& Tower with Radar,439,134,116,0,689,0,81,95,0,176,439,215,211,0,865,0,0,0,865
01/21/2003,FLL,FL,ASO,ES,Combined TRACON& Tower with Radar,433,121,106,1,661,17,32,55,5,109,450,153,161,6,770,0,0,0,770
01/22/2003,FLL,FL,ASO,ES,Combined TRACON& Tower with Radar,445,113,118,5,681,0,67,79,0,146,445,180,197,5,827,0,0,0,827
01/23/2003,FLL,FL,ASO,ES,Combined TRACON& Tower with Radar,451,122,123,0,696,0,58,52,0,110,451,180,175,0,806,0,0,0,806
01/24/2003,FLL,FL,ASO,ES,Combined TRACON& Tower with Radar,435,115,101,5,656,0,45,115,0,160,435,160,216,5,816,0,0,0,816
01/25/2003,FLL,FL,ASO,ES,Combined TRACON& Tower with Radar,411,115,98,1,625,0,42,63,1,106,411,157,161,2,731,0,0,0,731
01/26/2003,FLL,FL,ASO,ES,Combined TRACON& Tower with Radar,427,116,79,1,623,0,53,38,0,91,427,169,117,1,714,0,0,0,714
01/27/2003,FLL,FL,ASO,ES,Combined TRACON& Tower with Radar,447,138,97,0,682,0,70,26,0,96,447,208,123,0,778,0,0,0,778
01/28/2003,FLL,FL,ASO,ES,Combined TRACON& Tower with Radar,431,121,95,0,647,0,44,56,0,100,431,165,151,0,747,0,0,0,747
01/29/2003,FLL,FL,ASO,ES,Combined TRACON& Tower with Radar,443,127,97,1,668,0,37,68,0,105,443,164,165,1,773,0,0,0,773
01/30/2003,FLL,FL,ASO,ES,Combined TRACON& Tower with Radar,463,146,102,0,711,0,56,87,0,143,463,202,189,0,854,0,0,0,854
01/31/2003,FLL,FL,ASO,ES,Combined TRACON& Tower with Radar,447,130,127,1,705,0,46,105,0,151,447,176,232,1,856,0,0,0,856
02/01/2003,FLL,FL,ASO,ES,Combined TRACON& Tower with Radar,419,129,81,1,630,3,52,58,0,113,422,181,139,1,743,0,0,0,743
02/02/2003,FLL,FL,ASO,ES,Combined TRACON& Tower with Radar,442,155,98,2,697,1,52,45,2,100,443,207,143,4,797,0,0,0,797
02/03/2003,FLL,FL,ASO,ES,Combined TRACON& Tower with Radar,436,129,91,0,656,2,60,64,0,126,438,189,155,0,782,0,0,0,782
02/04/2003,FLL,FL,ASO,ES,Combined TRACON& Tower with Radar,440,132,109,0,681,2,53,69,0,124,442,185,178,0,805,0,0,0,805
02/05/2003,FLL,FL,ASO,ES,Combined TRACON& Tower with Radar,445,135,134,0,714,2,31,38,0,71,447,166,172,0,785,0,0,0,785
02/06/2003,FLL,FL,ASO,ES,Combined TRACON& Tower with Radar,449,142,112,1,704,1,50,106,1,158,450,192,218,2,862,0,0,0,862
02/07/2003,FLL,FL,ASO,ES,Combined TRACON& Tower with Radar,452,140,149,0,741,1,74,86,1,162,453,214,235,1,903,0,0,0,903
02/08/2003,FLL,FL,ASO,ES,Combined TRACON& Tower with Radar,434,139,100,2,675,1,49,35,1,86,435,188,135,3,761,0,0,0,761
02/09/2003,FLL,FL,ASO,ES,Combined TRACON& Tower with Radar,441,139,82,3,665,1,46,43,1,91,442,185,125,4,756,0,0,0,756
02/10/2003,FLL,FL,ASO,ES,Combined TRACON& Tower with Radar,450,127,97,0,674,2,53,73,0,128,452,180,170,0,802,0,0,0,802
02/11/2003,FLL,FL,ASO,ES,Combined TRACON& Tower with Radar,454,129,110,0,693,2,68,73,0,143,456,197,183,0,836,0,0,0,836
02/12/2003,FLL,FL,ASO,ES,Combined TRACON& Tower with Radar,448,145,120,0,713,2,79,108,0,189,450,224,228,0,902,4,0,4,906
02/13/2003,FLL,FL,ASO,ES,Combined TRACON& Tower with Radar,510,151,146,1,808,1,86,101,1,189,511,237,247,2,997,0,0,0,997
02/14/2003,FLL,FL,ASO,ES,Combined TRACON& Tower with Radar,473,175,177,2,827,1,79,102,1,183,474,254,279,3,1010,0,0,0,1010
02/15/2003,FLL,FL,ASO,ES,Combined TRACON& Tower with Radar,467,143,100,1,711,2,60,84,0,146,469,203,184,1,857,0,0,0,857
02/16/2003,FLL,FL,ASO,ES,Combined TRACON& Tower with Radar,444,143,107,1,695,2,51,53,0,106,446,194,160,1,801,0,0,0,801
02/17/2003,FLL,FL,ASO,ES,Combined TRACON& Tower with Radar,328,119,94,0,541,0,106,80,0,186,328,225,174,0,727,0,0,0,727
02/18/2003,FLL,FL,ASO,ES,Combined TRACON& Tower with Radar,446,150,127,0,723,2,52,111,0,165,448,202,238,0,888,0,0,0,888
02/19/2003,FLL,FL,ASO,ES,Combined TRACON& Tower with Radar,478,150,125,0,753,2,51,77,0,130,480,201,202,0,883,0,0,0,883
02/20/2003,FLL,FL,ASO,ES,Combined TRACON& Tower with Radar,488,151,111,1,751,2,38,83,0,123,490,189,194,1,874,0,0,0,874
02/21/2003,FLL,FL,ASO,ES,Combined TRACON& Tower with Radar,480,151,121,1,753,1,75,98,0,174,481,226,219,1,927,0,0,0,927
02/22/2003,FLL,FL,ASO,ES,Combined TRACON& Tower with Radar,439,120,75,2,636,2,60,61,0,123,441,180,136,2,759,0,0,0,759
02/23/2003,FLL,FL,ASO,ES,Combined TRACON& Tower with Radar,468,149,134,1,752,2,47,67,0,116,470,196,201,1,868,0,0,0,868
02/24/2003,FLL,FL,ASO,ES,Combined TRACON& Tower with Radar,459,149,99,7,714,2,67,65,1,135,461,216,164,8,849,0,0,0,849
02/25/2003,FLL,FL,ASO,ES,Combined TRACON& Tower with Radar,457,152,100,9,718,2,66,57,0,125,459,218,157,9,843,0,0,0,843
02/26/2003,FLL,FL,ASO,ES,Combined TRACON& Tower with Radar,488,121,127,7,743,2,48,89,3,142,490,169,216,10,885,0,0,0,885
02/27/2003,FLL,FL,ASO,ES,Combined TRACON& Tower with Radar,477,155,112,9,753,2,49,83,0,134,479,204,195,9,887,0,0,0,887
02/28/2003,FLL,FL,ASO,ES,Combined TRACON& Tower with Radar,488,145,144,17,794,2,76,102,1,181,490,221,246,18,975,0,0,0,975
03/01/2003,FLL,FL,ASO,ES,Combined TRACON& Tower with Radar,454,135,101,1,691,4,75,72,1,152,458,210,173,2,843,0,0,0,843
03/02/2003,FLL,FL,ASO,ES,Combined TRACON& Tower with Radar,459,136,113,1,709,0,62,76,1,139,459,198,189,2,848,0,0,0,848
03/03/2003,FLL,FL,ASO,ES,Combined TRACON& Tower with Radar,479,147,78,0,704,0,68,58,0,126,479,215,136,0,830,0,0,0,830
03/04/2003,FLL,FL,ASO,ES,Combined TRACON& Tower with Radar,494,146,76,0,716,0,58,71,0,129,494,204,147,0,845,0,0,0,845
03/05/2003,FLL,FL,ASO,ES,Combined TRACON& Tower with Radar,479,123,110,0,712,0,86,96,0,182,479,209,206,0,894,0,0,0,894
03/06/2003,FLL,FL,ASO,ES,Combined TRACON& Tower with Radar,482,130,121,0,733,0,78,77,3,158,482,208,198,3,891,0,0,0,891
03/07/2003,FLL,FL,ASO,ES,Combined TRACON& Tower with Radar,493,151,110,0,754,0,77,85,0,162,493,228,195,0,916,0,0,0,916
03/08/2003,FLL,FL,ASO,ES,Combined TRACON& Tower with Radar,470,129,92,0,691,0,103,83,1,187,470,232,175,1,878,0,0,0,878
03/09/2003,FLL,FL,ASO,ES,Combined TRACON& Tower with Radar,478,155,104,0,737,0,61,109,0,170,478,216,213,0,907,8,0,8,915
03/10/2003,FLL,FL,ASO,ES,Combined TRACON& Tower with Radar,483,148,74,1,706,0,61,50,0,111,483,209,124,1,817,0,0,0,817
03/11/2003,FLL,FL,ASO,ES,Combined TRACON& Tower with Radar,480,138,98,2,718,0,59,75,0,134,480,197,173,2,852,0,0,0,852
03/12/2003,FLL,FL,ASO,ES,Combined TRACON& Tower with Radar,461,130,116,3,710,0,65,108,0,173,461,195,224,3,883,16,0,16,899
03/13/2003,FLL,FL,ASO,ES,Combined TRACON& Tower with Radar,513,148,123,2,786,0,74,83,0,157,513,222,206,2,943,0,0,0,943
03/14/2003,FLL,FL,ASO,ES,Combined TRACON& Tower with Radar,479,149,133,14,775,0,93,106,1,200,479,242,239,15,975,0,0,0,975
03/15/2003,FLL,FL,ASO,ES,Combined TRACON& Tower with Radar,474,152,124,0,750,0,89,80,0,169,474,241,204,0,919,0,0,0,919
03/16/2003,FLL,FL,ASO,ES,Combined TRACON& Tower with Radar,470,167,154,2,793,0,75,79,0,154,470,242,233,2,947,0,0,0,947
03/17/2003,FLL,FL,ASO,ES,Combined TRACON& Tower with Radar,473,147,100,3,723,0,55,73,0,128,473,202,173,3,851,0,0,0,851
03/18/2003,FLL,FL,ASO,ES,Combined TRACON& Tower with Radar,481,146,101,0,728,0,75,69,0,144,481,221,170,0,872,0,0,0,872
03/19/2003,FLL,FL,ASO,ES,Combined TRACON& Tower with Radar,482,153,127,2,764,0,70,75,0,145,482,223,202,2,909,0,0,0,909
03/20/2003,FLL,FL,ASO,ES,Combined TRACON& Tower with Radar,484,148,110,0,742,0,68,109,0,177,484,216,219,0,919,0,0,0,919
03/21/2003,FLL,FL,ASO,ES,Combined TRACON& Tower with Radar,489,136,117,1,743,0,82,124,1,207,489,218,241,2,950,0,0,0,950
03/22/2003,FLL,FL,ASO,ES,Combined TRACON& Tower with Radar,464,142,106,0,712,0,90,136,0,226,464,232,242,0,938,0,0,0,938
03/23/2003,FLL,FL,ASO,ES,Combined TRACON& Tower with Radar,473,148,138,0,759,0,79,69,0,148,473,227,207,0,907,0,0,0,907
03/24/2003,FLL,FL,ASO,ES,Combined TRACON& Tower with Radar,465,140,104,1,710,7,92,62,0,161,472,232,166,1,871,0,0,0,871
03/25/2003,FLL,FL,ASO,ES,Combined TRACON& Tower with Radar,472,154,69,1,696,0,80,50,0,130,472,234,119,1,826,0,0,0,826
03/26/2003,FLL,FL,ASO,ES,Combined TRACON& Tower with Radar,460,138,103,0,701,12,59,91,0,162,472,197,194,0,863,0,0,0,863
03/27/2003,FLL,FL,ASO,ES,Combined TRACON& Tower with Radar,498,149,95,0,742,0,56,64,0,120,498,205,159,0,862,0,0,0,862
03/28/2003,FLL,FL,ASO,ES,Combined TRACON& Tower with Radar,477,149,113,1,740,0,83,125,0,208,477,232,238,1,948,0,0,0,948
03/29/2003,FLL,FL,ASO,ES,Combined TRACON& Tower with Radar,458,130,127,0,715,0,80,133,0,213,458,210,260,0,928,0,0,0,928
03/30/2003,FLL,FL,ASO,ES,Combined TRACON& Tower with Radar,464,146,121,1,732,0,82,47,0,129,464,228,168,1,861,0,0,0,861
03/31/2003,FLL,FL,ASO,ES,Combined TRACON& Tower with Radar,477,129,75,0,681,0,74,72,0,146,477,203,147,0,827,0,0,0,827
04/01/2003,FLL,FL,ASO,ES,Combined TRACON& Tower with Radar,462,116,65,0,643,0,92,64,0,156,462,208,129,0,799,0,0,0,799
04/02/2003,FLL,FL,ASO,ES,Combined TRACON& Tower with Radar,463,118,74,1,656,0,77,68,0,145,463,195,142,1,801,0,0,0,801
04/03/2003,FLL,FL,ASO,ES,Combined TRACON& Tower with Radar,466,140,105,1,712,0,76,78,2,156,466,216,183,3,868,10,0,10,878
04/04/2003,FLL,FL,ASO,ES,Combined TRACON& Tower with Radar,470,166,107,2,745,0,75,117,0,192,470,241,224,2,937,0,0,0,937
04/05/2003,FLL,FL,ASO,ES,Combined TRACON& Tower with Radar,452,112,116,0,680,0,115,76,0,191,452,227,192,0,871,2,0,2,873
04/06/2003,FLL,FL,ASO,ES,Combined TRACON& Tower with Radar,445,120,86,0,651,0,62,88,0,150,445,182,174,0,801,0,0,0,801
04/07/2003,FLL,FL,ASO,ES,Combined TRACON& Tower with Radar,451,137,83,0,671,0,76,74,0,150,451,213,157,0,821,0,0,0,821
04/08/2003,FLL,FL,ASO,ES,Combined TRACON& Tower with Radar,457,137,94,0,688,0,62,58,0,120,457,199,152,0,808,0,0,0,808
04/09/2003,FLL,FL,ASO,ES,Combined TRACON& Tower with Radar,443,135,100,0,678,6,61,47,0,114,449,196,147,0,792,0,0,0,792
04/10/2003,FLL,FL,ASO,ES,Combined TRACON& Tower with Radar,474,134,105,0,713,0,77,80,0,157,474,211,185,0,870,0,0,0,870
04/11/2003,FLL,FL,ASO,ES,Combined TRACON& Tower with Radar,466,150,127,1,744,0,96,110,0,206,466,246,237,1,950,0,0,0,950
04/12/2003,FLL,FL,ASO,ES,Combined TRACON& Tower with Radar,448,129,118,2,697,0,108,113,0,221,448,237,231,2,918,0,0,0,918
04/13/2003,FLL,FL,ASO,ES,Combined TRACON& Tower with Radar,452,131,92,0,675,0,95,84,0,179,452,226,176,0,854,0,0,0,854
04/14/2003,FLL,FL,ASO,ES,Combined TRACON& Tower with Radar,449,128,78,2,657,0,75,87,0,162,449,203,165,2,819,0,0,0,819
04/15/2003,FLL,FL,ASO,ES,Combined TRACON& Tower with Radar,453,138,86,3,680,0,70,110,0,180,453,208,196,3,860,0,0,0,860
04/16/2003,FLL,FL,ASO,ES,Combined TRACON& Tower with Radar,480,145,133,6,764,0,104,106,0,210,480,249,239,6,974,0,0,0,974
04/17/2003,FLL,FL,ASO,ES,Combined TRACON& Tower with Radar,479,171,172,3,825,0,92,176,1,269,479,263,348,4,1094,0,0,0,1094
04/18/2003,FLL,FL,ASO,ES,Combined TRACON& Tower with Radar,463,140,105,1,709,5,98,110,2,215,468,238,215,3,924,0,0,0,924
04/19/2003,FLL,FL,ASO,ES,Combined TRACON& Tower with Radar,455,137,68,0,660,0,102,80,0,182,455,239,148,0,842,0,0,0,842
04/20/2003,FLL,FL,ASO,ES,Combined TRACON& Tower with Radar,462,135,92,1,690,0,66,56,1,123,462,201,148,2,813,0,0,0,813
04/21/2003,FLL,FL,ASO,ES,Combined TRACON& Tower with Radar,462,139,124,2,727,0,84,105,0,189,462,223,229,2,916,0,0,0,916
04/22/2003,FLL,FL,ASO,ES,Combined TRACON& Tower with Radar,460,131,125,1,717,0,80,95,0,175,460,211,220,1,892,0,0,0,892
04/23/2003,FLL,FL,ASO,ES,Combined TRACON& Tower with Radar,438,142,104,1,685,0,73,99,0,172,438,215,203,1,857,0,0,0,857
04/24/2003,FLL,FL,ASO,ES,Combined TRACON& Tower with Radar,472,157,125,0,754,3,77,123,0,203,475,234,248,0,957,0,0,0,957
04/25/2003,FLL,FL,ASO,ES,Combined TRACON& Tower with Radar,451,163,122,0,736,0,74,105,0,179,451,237,227,0,915,0,0,0,915
04/26/2003,FLL,FL,ASO,ES,Combined TRACON& Tower with Radar,458,148,85,2,693,0,51,34,0,85,458,199,119,2,778,0,0,0,778
04/27/2003,FLL,FL,ASO,ES,Combined TRACON& Tower with Radar,466,139,136,3,744,0,75,102,0,177,466,214,238,3,921,0,0,0,921
04/28/2003,FLL,FL,ASO,ES,Combined TRACON& Tower with Radar,459,144,91,3,697,0,72,75,0,147,459,216,166,3,844,0,0,0,844
04/29/2003,FLL,FL,ASO,ES,Combined TRACON& Tower with Radar,448,120,102,5,675,0,56,73,3,132,448,176,175,8,807,0,0,0,807
04/30/2003,FLL,FL,ASO,ES,Combined TRACON& Tower with Radar,436,134,126,4,700,0,46,40,1,87,436,180,166,5,787,0,0,0,787
05/01/2003,FLL,FL,ASO,ES,Combined TRACON& Tower with Radar,430,156,137,17,740,0,62,111,16,189,430,218,248,33,929,0,0,0,929
05/02/2003,FLL,FL,ASO,ES,Combined TRACON& Tower with Radar,419,116,93,8,636,0,77,155,16,248,419,193,248,24,884,0,0,0,884
05/03/2003,FLL,FL,ASO,ES,Combined TRACON& Tower with Radar,399,99,81,6,585,0,63,87,23,173,399,162,168,29,758,0,0,0,758
05/04/2003,FLL,FL,ASO,ES,Combined TRACON& Tower with Radar,392,114,105,9,620,0,66,134,20,220,392,180,239,29,840,0,0,0,840
05/05/2003,FLL,FL,ASO,ES,Combined TRACON& Tower with Radar,395,115,105,9,624,0,74,102,11,187,395,189,207,20,811,0,0,0,811
05/06/2003,FLL,FL,ASO,ES,Combined TRACON& Tower with Radar,393,111,101,0,605,0,45,102,0,147,393,156,203,0,752,0,0,0,752
05/07/2003,FLL,FL,ASO,ES,Combined TRACON& Tower with Radar,392,112,77,1,582,0,68,71,0,139,392,180,148,1,721,0,0,0,721
05/08/2003,FLL,FL,ASO,ES,Combined TRACON& Tower with Radar,411,134,97,0,642,0,69,117,0,186,411,203,214,0,828,0,0,0,828
05/09/2003,FLL,FL,ASO,ES,Combined TRACON& Tower with Radar,397,133,127,0,657,0,66,82,1,149,397,199,209,1,806,0,0,0,806
05/10/2003,FLL,FL,ASO,ES,Combined TRACON& Tower with Radar,373,113,86,1,573,14,61,66,0,141,387,174,152,1,714,0,0,0,714
05/11/2003,FLL,FL,ASO,ES,Combined TRACON& Tower with Radar,389,111,77,1,578,0,74,67,0,141,389,185,144,1,719,0,0,0,719
05/12/2003,FLL,FL,ASO,ES,Combined TRACON& Tower with Radar,404,115,106,0,625,0,68,78,0,146,404,183,184,0,771,0,0,0,771
05/13/2003,FLL,FL,ASO,ES,Combined TRACON& Tower with Radar,400,118,107,1,626,0,75,59,0,134,400,193,166,1,760,0,0,0,760
05/14/2003,FLL,FL,ASO,ES,Combined TRACON& Tower with Radar,403,145,102,1,651,0,57,76,0,133,403,202,178,1,784,0,0,0,784
05/15/2003,FLL,FL,ASO,ES,Combined TRACON& Tower with Radar,397,121,119,0,637,0,65,102,0,167,397,186,221,0,804,0,0,0,804
05/16/2003,FLL,FL,ASO,ES,Combined TRACON& Tower with Radar,398,123,100,2,623,0,74,116,0,190,398,197,216,2,813,0,0,0,813
05/17/2003,FLL,FL,ASO,ES,Combined TRACON& Tower with Radar,383,115,65,0,563,0,70,71,0,141,383,185,136,0,704,0,0,0,704
05/18/2003,FLL,FL,ASO,ES,Combined TRACON& Tower with Radar,376,121,107,1,605,0,71,79,4,154,376,192,186,5,759,0,0,0,759
05/19/2003,FLL,FL,ASO,ES,Combined TRACON& Tower with Radar,397,108,90,1,596,0,78,72,1,151,397,186,162,2,747,0,0,0,747
05/20/2003,FLL,FL,ASO,ES,Combined TRACON& Tower with Radar,380,104,89,0,573,0,54,95,0,149,380,158,184,0,722,0,0,0,722
05/21/2003,FLL,FL,ASO,ES,Combined TRACON& Tower with Radar,399,118,83,0,600,0,57,93,0,150,399,175,176,0,750,0,0,0,750
05/22/2003,FLL,FL,ASO,ES,Combined TRACON& Tower with Radar,406,136,88,0,630,0,65,57,0,122,406,201,145,0,752,0,0,0,752
05/23/2003,FLL,FL,ASO,ES,Combined TRACON& Tower with Radar,404,144,92,3,643,0,84,65,0,149,404,228,157,3,792,0,0,0,792
05/24/2003,FLL,FL,ASO,ES,Combined TRACON& Tower with Radar,391,118,71,0,580,0,84,98,0,182,391,202,169,0,762,0,0,0,762
05/25/2003,FLL,FL,ASO,ES,Combined TRACON& Tower with Radar,388,93,45,0,526,0,55,41,0,96,388,148,86,0,622,0,0,0,622
05/26/2003,FLL,FL,ASO,ES,Combined TRACON& Tower with Radar,382,138,113,1,634,0,107,79,0,186,382,245,192,1,820,0,0,0,820
05/27/2003,FLL,FL,ASO,ES,Combined TRACON& Tower with Radar,312,84,73,2,471,0,52,69,0,121,312,136,142,2,592,0,0,0,592
05/28/2003,FLL,FL,ASO,ES,Combined TRACON& Tower with Radar,433,130,100,1,664,19,64,34,0,117,452,194,134,1,781,0,0,0,781
05/29/2003,FLL,FL,ASO,ES,Combined TRACON& Tower with Radar,410,124,83,1,618,0,40,71,0,111,410,164,154,1,729,0,0,0,729
05/30/2003,FLL,FL,ASO,ES,Combined TRACON& Tower with Radar,403,116,104,1,624,0,60,125,0,185,403,176,229,1,809,0,0,0,809
05/31/2003,FLL,FL,ASO,ES,Combined TRACON& Tower with Radar,389,108,64,1,562,0,67,86,0,153,389,175,150,1,715,0,0,0,715
06/01/2003,FLL,FL,ASO,ES,Combined TRACON& Tower with Radar,376,105,66,2,549,1,58,54,0,113,377,163,120,2,662,0,0,0,662
06/02/2003,FLL,FL,ASO,ES,Combined TRACON& Tower with Radar,393,119,82,0,594,0,68,77,0,145,393,187,159,0,739,0,0,0,739
06/03/2003,FLL,FL,ASO,ES,Combined TRACON& Tower with Radar,393,99,84,0,576,0,52,82,0,134,393,151,166,0,710,0,0,0,710
06/04/2003,FLL,FL,ASO,ES,Combined TRACON& Tower with Radar,382,124,97,1,604,0,63,87,0,150,382,187,184,1,754,0,0,0,754
06/05/2003,FLL,FL,ASO,ES,Combined TRACON& Tower with Radar,412,123,81,0,616,0,56,85,0,141,412,179,166,0,757,0,0,0,757
06/06/2003,FLL,FL,ASO,ES,Combined TRACON& Tower with Radar,399,121,101,1,622,0,76,71,1,148,399,197,172,2,770,0,0,0,770
06/07/2003,FLL,FL,ASO,ES,Combined TRACON& Tower with Radar,387,117,81,0,585,0,62,54,1,117,387,179,135,1,702,0,0,0,702
06/08/2003,FLL,FL,ASO,ES,Combined TRACON& Tower with Radar,376,115,78,0,569,0,52,72,1,125,376,167,150,1,694,0,0,0,694
06/09/2003,FLL,FL,ASO,ES,Combined TRACON& Tower with Radar,403,107,103,2,615,0,50,50,0,100,403,157,153,2,715,0,0,0,715
06/10/2003,FLL,FL,ASO,ES,Combined TRACON& Tower with Radar,401,116,90,3,610,0,53,73,0,126,401,169,163,3,736,2,0,2,738
06/11/2003,FLL,FL,ASO,ES,Combined TRACON& Tower with Radar,392,113,95,2,602,0,51,84,0,135,392,164,179,2,737,0,0,0,737
06/12/2003,FLL,FL,ASO,ES,Combined TRACON& Tower with Radar,392,123,86,1,602,0,85,68,0,153,392,208,154,1,755,10,0,10,765
06/13/2003,FLL,FL,ASO,ES,Combined TRACON& Tower with Radar,410,124,113,2,649,0,92,89,0,181,410,216,202,2,830,0,0,0,830
06/14/2003,FLL,FL,ASO,ES,Combined TRACON& Tower with Radar,381,118,76,4,579,0,78,81,0,159,381,196,157,4,738,0,0,0,738
06/15/2003,FLL,FL,ASO,ES,Combined TRACON& Tower with Radar,378,122,70,2,572,0,55,53,0,108,378,177,123,2,680,0,0,0,680
06/16/2003,FLL,FL,ASO,ES,Combined TRACON& Tower with Radar,387,112,101,0,600,0,62,88,0,150,387,174,189,0,750,0,0,0,750
06/17/2003,FLL,FL,ASO,ES,Combined TRACON& Tower with Radar,393,127,97,0,617,0,63,62,0,125,393,190,159,0,742,0,0,0,742
06/18/2003,FLL,FL,ASO,ES,Combined TRACON& Tower with Radar,388,123,71,0,582,0,73,69,0,142,388,196,140,0,724,0,0,0,724
06/19/2003,FLL,FL,ASO,ES,Combined TRACON& Tower with Radar,404,115,72,1,592,0,68,50,0,118,404,183,122,1,710,0,0,0,710
06/20/2003,FLL,FL,ASO,ES,Combined TRACON& Tower with Radar,427,137,80,5,649,0,72,90,2,164,427,209,170,7,813,0,0,0,813
06/21/2003,FLL,FL,ASO,ES,Combined TRACON& Tower with Radar,396,123,74,2,595,0,78,84,1,163,396,201,158,3,758,0,0,0,758
06/22/2003,FLL,FL,ASO,ES,Combined TRACON& Tower with Radar,387,112,68,0,567,0,50,57,0,107,387,162,125,0,674,0,0,0,674
06/23/2003,FLL,FL,ASO,ES,Combined TRACON& Tower with Radar,394,115,71,0,580,0,63,57,0,120,394,178,128,0,700,0,0,0,700
06/24/2003,FLL,FL,ASO,ES,Combined TRACON& Tower with Radar,410,123,87,0,620,3,54,62,0,119,413,177,149,0,739,0,0,0,739
06/25/2003,FLL,FL,ASO,ES,Combined TRACON& Tower with Radar,392,126,85,0,603,0,66,67,0,133,392,192,152,0,736,2,0,2,738
06/26/2003,FLL,FL,ASO,ES,Combined TRACON& Tower with Radar,413,111,84,0,608,0,67,65,0,132,413,178,149,0,740,0,0,0,740
06/27/2003,FLL,FL,ASO,ES,Combined TRACON& Tower with Radar,415,123,94,1,633,0,68,106,0,174,415,191,200,1,807,0,0,0,807
06/28/2003,FLL,FL,ASO,ES,Combined TRACON& Tower with Radar,370,117,58,0,545,0,84,65,0,149,370,201,123,0,694,0,0,0,694
06/29/2003,FLL,FL,ASO,ES,Combined TRACON& Tower with Radar,391,116,85,0,592,0,68,49,0,117,391,184,134,0,709,0,0,0,709
06/30/2003,FLL,FL,ASO,ES,Combined TRACON& Tower with Radar,403,118,75,0,596,0,75,64,0,139,403,193,139,0,735,4,0,4,739
07/01/2003,FLL,FL,ASO,ES,Combined TRACON& Tower with Radar,421,120,75,0,616,0,78,74,0,152,421,198,149,0,768,0,0,0,768
07/02/2003,FLL,FL,ASO,ES,Combined TRACON& Tower with Radar,405,109,102,0,616,0,70,119,0,189,405,179,221,0,805,0,0,0,805
07/03/2003,FLL,FL,ASO,ES,Combined TRACON& Tower with Radar,403,113,93,0,609,0,109,123,0,232,403,222,216,0,841,0,0,0,841
07/04/2003,FLL,FL,ASO,ES,Combined TRACON& Tower with Radar,338,109,58,0,505,0,64,50,0,114,338,173,108,0,619,0,0,0,619
07/05/2003,FLL,FL,ASO,ES,Combined TRACON& Tower with Radar,376,115,50,0,541,0,82,82,0,164,376,197,132,0,705,0,0,0,705
07/06/2003,FLL,FL,ASO,ES,Combined TRACON& Tower with Radar,378,122,88,0,588,0,85,61,0,146,378,207,149,0,734,0,0,0,734
07/07/2003,FLL,FL,ASO,ES,Combined TRACON& Tower with Radar,396,115,86,0,597,0,94,67,0,161,396,209,153,0,758,0,0,0,758
07/08/2003,FLL,FL,ASO,ES,Combined TRACON& Tower with Radar,409,105,87,0,601,0,85,78,0,163,409,190,165,0,764,0,0,0,764
07/09/2003,FLL,FL,ASO,ES,Combined TRACON& Tower with Radar,396,107,70,0,573,0,75,95,0,170,396,182,165,0,743,0,0,0,743
07/10/2003,FLL,FL,ASO,ES,Combined TRACON& Tower with Radar,412,119,81,0,612,0,59,91,0,150,412,178,172,0,762,0,0,0,762
07/11/2003,FLL,FL,ASO,ES,Combined TRACON& Tower with Radar,421,117,98,0,636,0,82,123,0,205,421,199,221,0,841,0,0,0,841
07/12/2003,FLL,FL,ASO,ES,Combined TRACON& Tower with Radar,373,108,70,0,551,16,79,68,0,163,389,187,138,0,714,12,0,12,726
07/13/2003,FLL,FL,ASO,ES,Combined TRACON& Tower with Radar,378,106,81,0,565,0,62,72,0,134,378,168,153,0,699,0,0,0,699
07/14/2003,FLL,FL,ASO,ES,Combined TRACON& Tower with Radar,420,118,66,0,604,0,71,90,0,161,420,189,156,0,765,98,0,98,863
07/15/2003,FLL,FL,ASO,ES,Combined TRACON& Tower with Radar,401,125,83,2,611,0,63,68,0,131,401,188,151,2,742,0,0,0,742
07/16/2003,FLL,FL,ASO,ES,Combined TRACON& Tower with Radar,399,122,83,1,605,0,75,65,0,140,399,197,148,1,745,0,0,0,745
07/17/2003,FLL,FL,ASO,ES,Combined TRACON& Tower with Radar,432,121,70,1,624,0,83,70,0,153,432,204,140,1,777,0,0,0,777
07/18/2003,FLL,FL,ASO,ES,Combined TRACON& Tower with Radar,411,127,64,1,603,0,55,83,0,138,411,182,147,1,741,0,0,0,741
07/19/2003,FLL,FL,ASO,ES,Combined TRACON& Tower with Radar,397,132,41,1,571,0,63,76,0,139,397,195,117,1,710,0,0,0,710
07/20/2003,FLL,FL,ASO,ES,Combined TRACON& Tower with Radar,390,117,74,0,581,0,87,84,0,171,390,204,158,0,752,0,0,0,752
07/21/2003,FLL,FL,ASO,ES,Combined TRACON& Tower with Radar,418,121,76,0,615,0,65,69,0,134,418,186,145,0,749,0,0,0,749
07/22/2003,FLL,FL,ASO,ES,Combined TRACON& Tower with Radar,399,131,94,1,625,0,51,65,0,116,399,182,159,1,741,0,0,0,741
07/23/2003,FLL,FL,ASO,ES,Combined TRACON& Tower with Radar,408,124,78,0,610,0,46,99,0,145,408,170,177,0,755,0,0,0,755
07/24/2003,FLL,FL,ASO,ES,Combined TRACON& Tower with Radar,419,123,78,0,620,3,45,75,0,123,422,168,153,0,743,0,0,0,743
07/25/2003,FLL,FL,ASO,ES,Combined TRACON& Tower with Radar,426,123,91,0,640,0,80,95,0,175,426,203,186,0,815,0,0,0,815
07/26/2003,FLL,FL,ASO,ES,Combined TRACON& Tower with Radar,392,126,63,0,581,0,61,79,0,140,392,187,142,0,721,0,0,0,721
07/27/2003,FLL,FL,ASO,ES,Combined TRACON& Tower with Radar,383,110,70,1,564,0,52,59,0,111,383,162,129,1,675,0,0,0,675
07/28/2003,FLL,FL,ASO,ES,Combined TRACON& Tower with Radar,409,120,77,0,606,24,61,44,6,135,433,181,121,6,741,0,0,0,741
07/29/2003,FLL,FL,ASO,ES,Combined TRACON& Tower with Radar,415,113,62,3,593,0,75,80,0,155,415,188,142,3,748,0,0,0,748
07/30/2003,FLL,FL,ASO,ES,Combined TRACON& Tower with Radar,399,108,69,1,577,0,50,86,0,136,399,158,155,1,713,0,0,0,713
07/31/2003,FLL,FL,ASO,ES,Combined TRACON& Tower with Radar,417,130,97,0,644,0,83,90,0,173,417,213,187,0,817,0,0,0,817
08/01/2003,FLL,FL,ASO,ES,Combined TRACON& Tower with Radar,420,122,86,0,628,0,49,131,0,180,420,171,217,0,808,0,0,0,808
08/02/2003,FLL,FL,ASO,ES,Combined TRACON& Tower with Radar,414,113,60,0,587,0,52,83,0,135,414,165,143,0,722,0,0,0,722
08/03/2003,FLL,FL,ASO,ES,Combined TRACON& Tower with Radar,386,124,69,3,582,0,46,65,0,111,386,170,134,3,693,0,0,0,693
08/04/2003,FLL,FL,ASO,ES,Combined TRACON& Tower with Radar,393,117,79,2,591,0,62,72,0,134,393,179,151,2,725,0,0,0,725
08/05/2003,FLL,FL,ASO,ES,Combined TRACON& Tower with Radar,418,121,77,0,616,19,42,70,0,131,437,163,147,0,747,0,0,0,747
08/06/2003,FLL,FL,ASO,ES,Combined TRACON& Tower with Radar,413,122,75,0,610,0,52,80,0,132,413,174,155,0,742,0,0,0,742
08/07/2003,FLL,FL,ASO,ES,Combined TRACON& Tower with Radar,410,104,78,2,594,0,47,101,0,148,410,151,179,2,742,0,0,0,742
08/08/2003,FLL,FL,ASO,ES,Combined TRACON& Tower with Radar,424,126,115,1,666,0,64,102,0,166,424,190,217,1,832,0,0,0,832
08/09/2003,FLL,FL,ASO,ES,Combined TRACON& Tower with Radar,391,115,86,0,592,0,62,84,0,146,391,177,170,0,738,0,0,0,738
08/10/2003,FLL,FL,ASO,ES,Combined TRACON& Tower with Radar,393,114,66,0,573,0,56,65,0,121,393,170,131,0,694,0,0,0,694
08/11/2003,FLL,FL,ASO,ES,Combined TRACON& Tower with Radar,402,121,74,2,599,0,58,72,0,130,402,179,146,2,729,0,0,0,729
08/12/2003,FLL,FL,ASO,ES,Combined TRACON& Tower with Radar,420,116,90,0,626,0,53,97,1,151,420,169,187,1,777,0,0,0,777
08/13/2003,FLL,FL,ASO,ES,Combined TRACON& Tower with Radar,397,115,82,0,594,0,47,78,0,125,397,162,160,0,719,0,0,0,719
08/14/2003,FLL,FL,ASO,ES,Combined TRACON& Tower with Radar,411,119,73,0,603,0,37,45,0,82,411,156,118,0,685,0,0,0,685
08/15/2003,FLL,FL,ASO,ES,Combined TRACON& Tower with Radar,384,118,106,0,608,0,48,114,0,162,384,166,220,0,770,0,0,0,770
08/16/2003,FLL,FL,ASO,ES,Combined TRACON& Tower with Radar,367,114,64,0,545,0,39,84,0,123,367,153,148,0,668,0,0,0,668
08/17/2003,FLL,FL,ASO,ES,Combined TRACON& Tower with Radar,404,117,64,0,585,0,58,51,0,109,404,175,115,0,694,0,0,0,694
08/18/2003,FLL,FL,ASO,ES,Combined TRACON& Tower with Radar,430,114,55,0,599,0,50,73,0,123,430,164,128,0,722,0,0,0,722
08/19/2003,FLL,FL,ASO,ES,Combined TRACON& Tower with Radar,412,115,71,0,598,0,49,56,0,105,412,164,127,0,703,0,0,0,703
08/20/2003,FLL,FL,ASO,ES,Combined TRACON& Tower with Radar,402,125,68,0,595,0,22,32,0,54,402,147,100,0,649,0,0,0,649
08/21/2003,FLL,FL,ASO,ES,Combined TRACON& Tower with Radar,405,117,76,0,598,17,50,101,0,168,422,167,177,0,766,0,0,0,766
08/22/2003,FLL,FL,ASO,ES,Combined TRACON& Tower with Radar,407,120,99,1,627,0,54,99,0,153,407,174,198,1,780,6,0,6,786
08/23/2003,FLL,FL,ASO,ES,Combined TRACON& Tower with Radar,391,109,56,0,556,0,39,55,0,94,391,148,111,0,650,0,0,0,650
08/24/2003,FLL,FL,ASO,ES,Combined TRACON& Tower with Radar,388,117,65,1,571,0,40,61,0,101,388,157,126,1,672,0,0,0,672
08/25/2003,FLL,FL,ASO,ES,Combined TRACON& Tower with Radar,407,125,71,0,603,0,42,61,0,103,407,167,132,0,706,0,0,0,706
08/26/2003,FLL,FL,ASO,ES,Combined TRACON& Tower with Radar,407,107,72,0,586,0,51,62,0,113,407,158,134,0,699,0,0,0,699
08/27/2003,FLL,FL,ASO,ES,Combined TRACON& Tower with Radar,400,126,87,0,613,0,65,74,0,139,400,191,161,0,752,0,0,0,752
08/28/2003,FLL,FL,ASO,ES,Combined TRACON& Tower with Radar,425,119,84,1,629,0,32,53,0,85,425,151,137,1,714,0,0,0,714
08/29/2003,FLL,FL,ASO,ES,Combined TRACON& Tower with Radar,414,123,118,2,657,0,72,107,0,179,414,195,225,2,836,10,0,10,846
08/30/2003,FLL,FL,ASO,ES,Combined TRACON& Tower with Radar,371,108,69,0,548,3,43,69,1,116,374,151,138,1,664,0,0,0,664
08/31/2003,FLL,FL,ASO,ES,Combined TRACON& Tower with Radar,365,127,31,1,524,0,35,34,0,69,365,162,65,1,593,0,0,0,593
09/01/2003,FLL,FL,ASO,ES,Combined TRACON& Tower with Radar,388,132,57,1,578,2,76,73,0,151,390,208,130,1,729,0,0,0,729
09/02/2003,FLL,FL,ASO,ES,Combined TRACON& Tower with Radar,409,114,72,0,595,0,73,62,0,135,409,187,134,0,730,0,0,0,730
09/03/2003,FLL,FL,ASO,ES,Combined TRACON& Tower with Radar,384,110,66,0,560,2,48,65,0,115,386,158,131,0,675,0,0,0,675
09/04/2003,FLL,FL,ASO,ES,Combined TRACON& Tower with Radar,406,112,60,2,580,1,43,58,1,103,407,155,118,3,683,0,0,0,683
09/05/2003,FLL,FL,ASO,ES,Combined TRACON& Tower with Radar,411,121,69,2,603,1,52,57,0,110,412,173,126,2,713,0,0,0,713
09/06/2003,FLL,FL,ASO,ES,Combined TRACON& Tower with Radar,348,93,59,1,501,5,26,39,2,72,353,119,98,3,573,0,0,0,573
09/07/2003,FLL,FL,ASO,ES,Combined TRACON& Tower with Radar,370,99,62,1,532,0,39,68,4,111,370,138,130,5,643,0,0,0,643
09/08/2003,FLL,FL,ASO,ES,Combined TRACON& Tower with Radar,375,101,63,1,540,18,45,44,1,108,393,146,107,2,648,0,0,0,648
09/09/2003,FLL,FL,ASO,ES,Combined TRACON& Tower with Radar,368,99,62,1,530,24,27,15,3,69,392,126,77,4,599,0,0,0,599
09/10/2003,FLL,FL,ASO,ES,Combined TRACON& Tower with Radar,382,109,83,2,576,1,38,82,1,122,383,147,165,3,698,12,0,12,710
09/11/2003,FLL,FL,ASO,ES,Combined TRACON& Tower with Radar,384,108,67,1,560,0,41,73,0,114,384,149,140,1,674,0,0,0,674
09/12/2003,FLL,FL,ASO,ES,Combined TRACON& Tower with Radar,410,104,67,0,581,0,59,94,1,154,410,163,161,1,735,0,0,0,735
09/13/2003,FLL,FL,ASO,ES,Combined TRACON& Tower with Radar,373,93,47,0,513,0,25,55,0,80,373,118,102,0,593,0,0,0,593
09/14/2003,FLL,FL,ASO,ES,Combined TRACON& Tower with Radar,380,91,74,1,546,0,50,41,3,94,380,141,115,4,640,0,0,0,640
09/15/2003,FLL,FL,ASO,ES,Combined TRACON& Tower with Radar,396,88,87,0,571,0,52,59,0,111,396,140,146,0,682,6,0,6,688
09/16/2003,FLL,FL,ASO,ES,Combined TRACON& Tower with Radar,395,87,59,2,543,0,47,45,0,92,395,134,104,2,635,0,0,0,635
09/17/2003,FLL,FL,ASO,ES,Combined TRACON& Tower with Radar,373,99,71,0,543,0,63,41,0,104,373,162,112,0,647,0,0,0,647
09/18/2003,FLL,FL,ASO,ES,Combined TRACON& Tower with Radar,387,103,64,0,554,1,56,42,0,99,388,159,106,0,653,0,0,0,653
09/19/2003,FLL,FL,ASO,ES,Combined TRACON& Tower with Radar,396,121,56,1,574,0,45,96,0,141,396,166,152,1,715,0,0,0,715
09/20/2003,FLL,FL,ASO,ES,Combined TRACON& Tower with Radar,364,94,45,0,503,0,33,57,0,90,364,127,102,0,593,8,0,8,601
09/21/2003,FLL,FL,ASO,ES,Combined TRACON& Tower with Radar,385,112,60,1,558,0,46,32,0,78,385,158,92,1,636,0,0,0,636
09/22/2003,FLL,FL,ASO,ES,Combined TRACON& Tower with Radar,392,104,65,0,561,13,44,41,0,98,405,148,106,0,659,0,0,0,659
09/23/2003,FLL,FL,ASO,ES,Combined TRACON& Tower with Radar,377,100,47,8,532,0,41,46,3,90,377,141,93,11,622,0,0,0,622
09/24/2003,FLL,FL,ASO,ES,Combined TRACON& Tower with Radar,371,104,65,0,540,0,39,86,0,125,371,143,151,0,665,0,0,0,665
09/25/2003,FLL,FL,ASO,ES,Combined TRACON& Tower with Radar,418,117,84,1,620,0,54,65,0,119,418,171,149,1,739,0,0,0,739
09/26/2003,FLL,FL,ASO,ES,Combined TRACON& Tower with Radar,408,104,80,4,596,0,33,88,0,121,408,137,168,4,717,0,0,0,717
09/27/2003,FLL,FL,ASO,ES,Combined TRACON& Tower with Radar,366,91,44,0,501,0,26,32,0,58,366,117,76,0,559,0,0,0,559
09/28/2003,FLL,FL,ASO,ES,Combined TRACON& Tower with Radar,390,104,64,1,559,4,51,33,0,88,394,155,97,1,647,0,0,0,647
09/29/2003,FLL,FL,ASO,ES,Combined TRACON& Tower with Radar,391,107,66,1,565,0,39,23,0,62,391,146,89,1,627,0,0,0,627
09/30/2003,FLL,FL,ASO,ES,Combined TRACON& Tower with Radar,397,93,76,2,568,0,29,44,0,73,397,122,120,2,641,0,0,0,641
10/01/2003,FLL,FL,ASO,ES,Combined TRACON& Tower with Radar,392,114,85,1,592,0,52,81,5,138,392,166,166,6,730,0,0,0,730
10/02/2003,FLL,FL,ASO,ES,Combined TRACON& Tower with Radar,411,116,86,0,613,15,54,63,0,132,426,170,149,0,745,0,0,0,745
10/03/2003,FLL,FL,ASO,ES,Combined TRACON& Tower with Radar,412,121,89,1,623,0,48,105,1,154,412,169,194,2,777,0,0,0,777
10/04/2003,FLL,FL,ASO,ES,Combined TRACON& Tower with Radar,354,100,74,0,528,30,24,25,0,79,384,124,99,0,607,0,0,0,607
10/05/2003,FLL,FL,ASO,ES,Combined TRACON& Tower with Radar,371,105,78,0,554,24,34,28,0,86,395,139,106,0,640,0,0,0,640
10/06/2003,FLL,FL,ASO,ES,Combined TRACON& Tower with Radar,397,112,83,1,593,19,77,58,1,155,416,189,141,2,748,0,0,0,748
10/07/2003,FLL,FL,ASO,ES,Combined TRACON& Tower with Radar,385,109,80,0,574,11,46,37,0,94,396,155,117,0,668,0,0,0,668
10/08/2003,FLL,FL,ASO,ES,Combined TRACON& Tower with Radar,391,110,83,0,584,5,34,60,5,104,396,144,143,5,688,0,0,0,688
10/09/2003,FLL,FL,ASO,ES,Combined TRACON& Tower with Radar,433,122,90,1,646,12,51,55,2,120,445,173,145,3,766,0,0,0,766
10/10/2003,FLL,FL,ASO,ES,Combined TRACON& Tower with Radar,440,126,94,1,661,0,43,128,5,176,440,169,222,6,837,4,0,4,841
10/11/2003,FLL,FL,ASO,ES,Combined TRACON& Tower with Radar,360,102,75,0,537,21,30,36,1,88,381,132,111,1,625,0,0,0,625
10/12/2003,FLL,FL,ASO,ES,Combined TRACON& Tower with Radar,402,113,84,0,599,15,43,46,0,104,417,156,130,0,703,0,0,0,703
10/13/2003,FLL,FL,ASO,ES,Combined TRACON& Tower with Radar,405,114,84,1,604,9,44,64,1,118,414,158,148,2,722,0,0,0,722
10/14/2003,FLL,FL,ASO,ES,Combined TRACON& Tower with Radar,387,109,81,0,577,22,43,32,0,97,409,152,113,0,674,0,0,0,674
10/15/2003,FLL,FL,ASO,ES,Combined TRACON& Tower with Radar,382,108,79,0,569,22,31,38,0,91,404,139,117,0,660,0,0,0,660
10/16/2003,FLL,FL,ASO,ES,Combined TRACON& Tower with Radar,406,113,84,0,603,23,51,43,0,117,429,164,127,0,720,0,0,0,720
10/17/2003,FLL,FL,ASO,ES,Combined TRACON& Tower with Radar,426,118,88,0,632,2,55,71,0,128,428,173,159,0,760,0,0,0,760
10/18/2003,FLL,FL,ASO,ES,Combined TRACON& Tower with Radar,380,106,78,0,564,15,42,37,0,94,395,148,115,0,658,0,0,0,658
10/19/2003,FLL,FL,ASO,ES,Combined TRACON& Tower with Radar,390,109,80,1,580,19,52,29,0,100,409,161,109,1,680,0,0,0,680
10/20/2003,FLL,FL,ASO,ES,Combined TRACON& Tower with Radar,410,114,84,2,610,13,64,30,0,107,423,178,114,2,717,0,0,0,717
10/21/2003,FLL,FL,ASO,ES,Combined TRACON& Tower with Radar,405,113,84,0,602,0,57,65,0,122,405,170,149,0,724,0,0,0,724
10/22/2003,FLL,FL,ASO,ES,Combined TRACON& Tower with Radar,407,120,88,1,616,0,64,82,0,146,407,184,170,1,762,0,0,0,762
10/23/2003,FLL,FL,ASO,ES,Combined TRACON& Tower with Radar,422,122,90,1,635,0,44,108,0,152,422,166,198,1,787,0,0,0,787
10/24/2003,FLL,FL,ASO,ES,Combined TRACON& Tower with Radar,426,124,91,0,641,0,55,139,0,194,426,179,230,0,835,0,0,0,835
10/25/2003,FLL,FL,ASO,ES,Combined TRACON& Tower with Radar,368,103,76,0,547,18,32,26,0,76,386,135,102,0,623,0,0,0,623
10/26/2003,FLL,FL,ASO,ES,Combined TRACON& Tower with Radar,401,113,82,0,596,9,51,52,0,112,410,164,134,0,708,0,0,0,708
10/27/2003,FLL,FL,ASO,ES,Combined TRACON& Tower with Radar,403,113,83,0,599,14,35,45,0,94,417,148,128,0,693,0,0,0,693
10/28/2003,FLL,FL,ASO,ES,Combined TRACON& Tower with Radar,433,122,89,0,644,10,38,69,0,117,443,160,158,0,761,0,0,0,761
10/29/2003,FLL,FL,ASO,ES,Combined TRACON& Tower with Radar,411,130,96,0,637,0,55,133,0,188,411,185,229,0,825,0,0,0,825
10/30/2003,FLL,FL,ASO,ES,Combined TRACON& Tower with Radar,462,159,117,0,738,0,39,183,0,222,462,198,300,0,960,0,0,0,960
10/31/2003,FLL,FL,ASO,ES,Combined TRACON& Tower with Radar,440,141,103,1,685,0,33,190,2,225,440,174,293,3,910,0,0,0,910
11/01/2003,FLL,FL,ASO,ES,Combined TRACON& Tower with Radar,411,145,113,0,669,0,36,141,1,178,411,181,254,1,847,0,0,0,847
11/02/2003,FLL,FL,ASO,ES,Combined TRACON& Tower with Radar,430,144,112,0,686,0,27,106,3,136,430,171,218,3,822,0,0,0,822
11/03/2003,FLL,FL,ASO,ES,Combined TRACON& Tower with Radar,444,150,117,0,711,0,42,124,1,167,444,192,241,1,878,0,0,0,878
11/04/2003,FLL,FL,ASO,ES,Combined TRACON& Tower with Radar,441,135,106,0,682,2,41,47,0,90,443,176,153,0,772,0,0,0,772
11/05/2003,FLL,FL,ASO,ES,Combined TRACON& Tower with Radar,415,129,100,0,644,0,48,56,2,106,415,177,156,2,750,0,0,0,750
11/06/2003,FLL,FL,ASO,ES,Combined TRACON& Tower with Radar,484,149,116,0,749,3,14,31,0,48,487,163,147,0,797,0,0,0,797
11/07/2003,FLL,FL,ASO,ES,Combined TRACON& Tower with Radar,454,139,109,0,702,2,47,103,0,152,456,186,212,0,854,0,0,0,854
11/08/2003,FLL,FL,ASO,ES,Combined TRACON& Tower with Radar,425,130,102,0,657,9,18,34,0,61,434,148,136,0,718,0,0,0,718
11/09/2003,FLL,FL,ASO,ES,Combined TRACON& Tower with Radar,407,125,97,1,630,20,34,59,0,113,427,159,156,1,743,0,0,0,743
11/10/2003,FLL,FL,ASO,ES,Combined TRACON& Tower with Radar,410,126,98,1,635,30,54,26,6,116,440,180,124,7,751,0,0,0,751
11/11/2003,FLL,FL,ASO,ES,Combined TRACON& Tower with Radar,430,132,103,0,665,21,30,63,0,114,451,162,166,0,779,0,0,0,779
11/12/2003,FLL,FL,ASO,ES,Combined TRACON& Tower with Radar,424,131,102,0,657,0,63,67,0,130,424,194,169,0,787,0,0,0,787
11/13/2003,FLL,FL,ASO,ES,Combined TRACON& Tower with Radar,455,140,108,1,704,12,62,66,1,141,467,202,174,2,845,0,0,0,845
11/14/2003,FLL,FL,ASO,ES,Combined TRACON& Tower with Radar,456,147,114,1,718,0,37,135,0,172,456,184,249,1,890,0,0,0,890
11/15/2003,FLL,FL,ASO,ES,Combined TRACON& Tower with Radar,421,129,100,1,651,17,39,72,0,128,438,168,172,1,779,0,0,0,779
11/16/2003,FLL,FL,ASO,ES,Combined TRACON& Tower with Radar,455,141,109,1,706,0,56,67,4,127,455,197,176,5,833,6,0,6,839
11/17/2003,FLL,FL,ASO,ES,Combined TRACON& Tower with Radar,449,139,108,1,697,0,71,60,0,131,449,210,168,1,828,0,0,0,828
11/18/2003,FLL,FL,ASO,ES,Combined TRACON& Tower with Radar,450,139,107,0,696,0,37,82,0,119,450,176,189,0,815,0,0,0,815
11/19/2003,FLL,FL,ASO,ES,Combined TRACON& Tower with Radar,446,138,108,0,692,0,27,64,0,91,446,165,172,0,783,0,0,0,783
11/20/2003,FLL,FL,ASO,ES,Combined TRACON& Tower with Radar,460,140,109,1,710,20,48,106,0,174,480,188,215,1,884,0,0,0,884
11/21/2003,FLL,FL,ASO,ES,Combined TRACON& Tower with Radar,479,147,115,0,741,0,41,138,0,179,479,188,253,0,920,4,0,4,924
11/22/2003,FLL,FL,ASO,ES,Combined TRACON& Tower with Radar,440,134,104,0,678,9,67,66,0,142,449,201,170,0,820,0,0,0,820
11/23/2003,FLL,FL,ASO,ES,Combined TRACON& Tower with Radar,431,131,103,0,665,22,40,42,0,104,453,171,145,0,769,0,0,0,769
11/24/2003,FLL,FL,ASO,ES,Combined TRACON& Tower with Radar,441,134,105,0,680,17,72,166,0,255,458,206,271,0,935,0,0,0,935
11/25/2003,FLL,FL,ASO,ES,Combined TRACON& Tower with Radar,450,137,106,0,693,21,48,125,0,194,471,185,231,0,887,0,0,0,887
11/26/2003,FLL,FL,ASO,ES,Combined TRACON& Tower with Radar,469,149,115,0,733,0,63,141,0,204,469,212,256,0,937,0,0,0,937
11/27/2003,FLL,FL,ASO,ES,Combined TRACON& Tower with Radar,364,112,86,0,562,40,6,17,0,63,404,118,103,0,625,0,0,0,625
11/28/2003,FLL,FL,ASO,ES,Combined TRACON& Tower with Radar,406,124,96,0,626,22,35,105,0,162,428,159,201,0,788,0,0,0,788
11/29/2003,FLL,FL,ASO,ES,Combined TRACON& Tower with Radar,440,135,105,0,680,16,50,59,0,125,456,185,164,0,805,0,0,0,805
11/30/2003,FLL,FL,ASO,ES,Combined TRACON& Tower with Radar,465,160,124,0,749,0,57,167,0,224,465,217,291,0,973,0,0,0,973
12/01/2003,FLL,FL,ASO,ES,Combined TRACON& Tower with Radar,464,138,98,0,700,3,62,54,0,119,467,200,152,0,819,0,0,0,819
12/02/2003,FLL,FL,ASO,ES,Combined TRACON& Tower with Radar,463,138,98,0,699,0,54,78,0,132,463,192,176,0,831,0,0,0,831
12/03/2003,FLL,FL,ASO,ES,Combined TRACON& Tower with Radar,450,134,97,1,682,0,46,59,2,107,450,180,156,3,789,0,0,0,789
12/04/2003,FLL,FL,ASO,ES,Combined TRACON& Tower with Radar,461,140,100,0,701,0,52,93,0,145,461,192,193,0,846,0,0,0,846
12/05/2003,FLL,FL,ASO,ES,Combined TRACON& Tower with Radar,430,127,91,1,649,0,40,118,0,158,430,167,209,1,807,0,0,0,807
12/06/2003,FLL,FL,ASO,ES,Combined TRACON& Tower with Radar,385,114,82,0,581,14,20,57,0,91,399,134,139,0,672,0,0,0,672
12/07/2003,FLL,FL,ASO,ES,Combined TRACON& Tower with Radar,428,127,91,1,647,17,47,36,0,100,445,174,127,1,747,0,0,0,747
12/08/2003,FLL,FL,ASO,ES,Combined TRACON& Tower with Radar,442,131,94,1,668,13,64,26,3,106,455,195,120,4,774,0,0,0,774
12/09/2003,FLL,FL,ASO,ES,Combined TRACON& Tower with Radar,454,135,97,1,687,0,59,83,3,145,454,194,180,4,832,0,0,0,832
12/10/2003,FLL,FL,ASO,ES,Combined TRACON& Tower with Radar,438,130,93,1,662,1,30,68,0,99,439,160,161,1,761,0,0,0,761
12/11/2003,FLL,FL,ASO,ES,Combined TRACON& Tower with Radar,459,136,97,1,693,8,35,105,0,148,467,171,202,1,841,0,0,0,841
12/12/2003,FLL,FL,ASO,ES,Combined TRACON& Tower with Radar,472,146,105,1,724,0,53,134,4,191,472,199,239,5,915,0,0,0,915
12/13/2003,FLL,FL,ASO,ES,Combined TRACON& Tower with Radar,423,125,90,1,639,12,51,62,0,125,435,176,152,1,764,0,0,0,764
12/14/2003,FLL,FL,ASO,ES,Combined TRACON& Tower with Radar,430,127,91,1,649,13,32,13,0,58,443,159,104,1,707,0,0,0,707
12/15/2003,FLL,FL,ASO,ES,Combined TRACON& Tower with Radar,473,141,100,1,715,5,47,88,7,147,478,188,188,8,862,0,0,0,862
12/16/2003,FLL,FL,ASO,ES,Combined TRACON& Tower with Radar,466,143,102,1,712,0,34,91,0,125,466,177,193,1,837,0,0,0,837
12/17/2003,FLL,FL,ASO,ES,Combined TRACON& Tower with Radar,476,143,102,0,721,0,47,56,0,103,476,190,158,0,824,0,0,0,824
12/18/2003,FLL,FL,ASO,ES,Combined TRACON& Tower with Radar,529,156,111,0,796,0,46,107,0,153,529,202,218,0,949,0,0,0,949
12/19/2003,FLL,FL,ASO,ES,Combined TRACON& Tower with Radar,527,155,111,2,795,6,51,102,1,160,533,206,213,3,955,0,0,0,955
12/20/2003,FLL,FL,ASO,ES,Combined TRACON& Tower with Radar,525,163,116,0,804,0,35,153,0,188,525,198,269,0,992,0,0,0,992
12/21/2003,FLL,FL,ASO,ES,Combined TRACON& Tower with Radar,496,145,104,1,746,18,44,55,0,117,514,189,159,1,863,0,0,0,863
12/22/2003,FLL,FL,ASO,ES,Combined TRACON& Tower with Radar,526,155,111,0,792,0,51,102,0,153,526,206,213,0,945,0,0,0,945
12/23/2003,FLL,FL,ASO,ES,Combined TRACON& Tower with Radar,515,153,108,0,776,10,62,88,0,160,525,215,196,0,936,0,0,0,936
12/24/2003,FLL,FL,ASO,ES,Combined TRACON& Tower with Radar,462,136,97,0,695,30,39,34,0,103,492,175,131,0,798,0,0,0,798
12/25/2003,FLL,FL,ASO,ES,Combined TRACON& Tower with Radar,405,120,70,0,595,40,15,0,0,55,445,135,70,0,650,0,0,0,650
12/26/2003,FLL,FL,ASO,ES,Combined TRACON& Tower with Radar,522,171,121,0,814,0,57,199,0,256,522,228,320,0,1070,0,0,0,1070
12/27/2003,FLL,FL,ASO,ES,Combined TRACON& Tower with Radar,520,172,122,1,815,0,58,206,0,264,520,230,328,1,1079,0,0,0,1079
12/28/2003,FLL,FL,ASO,ES,Combined TRACON& Tower with Radar,523,163,116,1,803,0,60,141,0,201,523,223,257,1,1004,6,0,6,1010
12/29/2003,FLL,FL,ASO,ES,Combined TRACON& Tower with Radar,509,151,107,0,767,11,72,89,0,172,520,223,196,0,939,0,0,0,939
12/30/2003,FLL,FL,ASO,ES,Combined TRACON& Tower with Radar,524,155,110,0,789,13,43,108,0,164,537,198,218,0,953,0,0,0,953
12/31/2003,FLL,FL,ASO,ES,Combined TRACON& Tower with Radar,455,135,95,0,685,29,40,32,0,101,484,175,127,0,786,0,0,0,786
01/01/2004,FLL,FL,ASO,ES,Combined TRACON& Tower with Radar,429,141,107,0,677,32,28,27,0,87,461,169,134,0,764,0,0,0,764
01/02/2004,FLL,FL,ASO,ES,Combined TRACON& Tower with Radar,521,183,140,1,845,0,91,159,0,250,521,274,299,1,1095,0,0,0,1095
01/03/2004,FLL,FL,ASO,ES,Combined TRACON& Tower with Radar,505,191,146,1,843,0,47,215,3,265,505,238,361,4,1108,4,0,4,1112
01/04/2004,FLL,FL,ASO,ES,Combined TRACON& Tower with Radar,504,180,138,0,822,0,67,178,0,245,504,247,316,0,1067,0,0,0,1067
01/05/2004,FLL,FL,ASO,ES,Combined TRACON& Tower with Radar,514,168,128,1,811,22,79,67,2,170,536,247,195,3,981,0,0,0,981
01/06/2004,FLL,FL,ASO,ES,Combined TRACON& Tower with Radar,487,159,122,0,768,11,42,71,0,124,498,201,193,0,892,0,0,0,892
01/07/2004,FLL,FL,ASO,ES,Combined TRACON& Tower with Radar,473,158,121,1,753,0,56,77,0,133,473,214,198,1,886,0,0,0,886
01/08/2004,FLL,FL,ASO,ES,Combined TRACON& Tower with Radar,453,149,114,1,717,0,55,69,0,124,453,204,183,1,841,0,0,0,841
01/09/2004,FLL,FL,ASO,ES,Combined TRACON& Tower with Radar,475,158,121,0,754,0,29,118,0,147,475,187,239,0,901,0,0,0,901
01/10/2004,FLL,FL,ASO,ES,Combined TRACON& Tower with Radar,443,144,111,0,698,15,12,28,0,55,458,156,139,0,753,0,0,0,753
01/11/2004,FLL,FL,ASO,ES,Combined TRACON& Tower with Radar,467,152,117,1,737,8,55,64,4,131,475,207,181,5,868,0,0,0,868
01/12/2004,FLL,FL,ASO,ES,Combined TRACON& Tower with Radar,447,146,112,0,705,28,46,23,0,97,475,192,135,0,802,0,0,0,802
01/13/2004,FLL,FL,ASO,ES,Combined TRACON& Tower with Radar,447,146,112,0,705,0,62,90,0,152,447,208,202,0,857,0,0,0,857
01/14/2004,FLL,FL,ASO,ES,Combined TRACON& Tower with Radar,446,147,111,1,705,0,41,116,0,157,446,188,227,1,862,0,0,0,862
01/15/2004,FLL,FL,ASO,ES,Combined TRACON& Tower with Radar,464,154,117,2,737,0,50,126,1,177,464,204,243,3,914,0,0,0,914
01/16/2004,FLL,FL,ASO,ES,Combined TRACON& Tower with Radar,488,165,126,2,781,0,72,139,3,214,488,237,265,5,995,0,0,0,995
01/17/2004,FLL,FL,ASO,ES,Combined TRACON& Tower with Radar,435,141,107,1,684,17,49,66,0,132,452,190,173,1,816,0,0,0,816
01/18/2004,FLL,FL,ASO,ES,Combined TRACON& Tower with Radar,437,142,108,0,687,19,37,31,0,87,456,179,139,0,774,0,0,0,774
01/19/2004,FLL,FL,ASO,ES,Combined TRACON& Tower with Radar,467,157,118,1,743,0,57,60,4,121,467,214,178,5,864,0,0,0,864
01/20/2004,FLL,FL,ASO,ES,Combined TRACON& Tower with Radar,437,142,108,1,688,18,53,61,1,133,455,195,169,2,821,0,0,0,821
01/21/2004,FLL,FL,ASO,ES,Combined TRACON& Tower with Radar,428,139,106,0,673,23,20,97,0,140,451,159,203,0,813,0,0,0,813
01/22/2004,FLL,FL,ASO,ES,Combined TRACON& Tower with Radar,453,151,115,0,719,0,30,155,0,185,453,181,270,0,904,0,0,0,904
01/23/2004,FLL,FL,ASO,ES,Combined TRACON& Tower with Radar,478,159,121,1,759,0,22,166,0,188,478,181,287,1,947,2,0,2,949
01/24/2004,FLL,FL,ASO,ES,Combined TRACON& Tower with Radar,470,153,116,1,740,9,47,43,3,102,479,200,159,4,842,0,0,0,842
01/25/2004,FLL,FL,ASO,ES,Combined TRACON& Tower with Radar,468,152,116,1,737,3,61,62,0,126,471,213,178,1,863,0,0,0,863
01/26/2004,FLL,FL,ASO,ES,Combined TRACON& Tower with Radar,470,154,117,0,741,0,41,86,0,127,470,195,203,0,868,0,0,0,868
01/27/2004,FLL,FL,ASO,ES,Combined TRACON& Tower with Radar,425,139,105,0,669,26,41,10,0,77,451,180,115,0,746,0,0,0,746
01/28/2004,FLL,FL,ASO,ES,Combined TRACON& Tower with Radar,430,140,106,1,677,10,60,68,2,140,440,200,174,3,817,0,0,0,817
01/29/2004,FLL,FL,ASO,ES,Combined TRACON& Tower with Radar,479,156,118,1,754,6,68,59,0,133,485,224,177,1,887,0,0,0,887
01/30/2004,FLL,FL,ASO,ES,Combined TRACON& Tower with Radar,492,160,122,0,774,6,32,93,0,131,498,192,215,0,905,0,0,0,905
01/31/2004,FLL,FL,ASO,ES,Combined TRACON& Tower with Radar,470,154,116,0,740,5,35,0,0,40,475,189,116,0,780,0,0,0,780
02/01/2004,FLL,FL,ASO,ES,Combined TRACON& Tower with Radar,458,143,117,0,718,12,29,60,2,103,470,172,177,2,821,0,0,0,821
02/02/2004,FLL,FL,ASO,ES,Combined TRACON& Tower with Radar,492,153,126,1,772,0,81,42,1,124,492,234,168,2,896,0,0,0,896
02/03/2004,FLL,FL,ASO,ES,Combined TRACON& Tower with Radar,468,146,120,0,734,16,57,68,0,141,484,203,188,0,875,0,0,0,875
02/04/2004,FLL,FL,ASO,ES,Combined TRACON& Tower with Radar,470,147,120,0,737,8,55,89,2,154,478,202,209,2,891,0,0,0,891
02/05/2004,FLL,FL,ASO,ES,Combined TRACON& Tower with Radar,481,150,123,0,754,9,44,68,1,122,490,194,191,1,876,0,0,0,876
02/06/2004,FLL,FL,ASO,ES,Combined TRACON& Tower with Radar,500,165,135,1,801,0,48,124,3,175,500,213,259,4,976,0,0,0,976
02/07/2004,FLL,FL,ASO,ES,Combined TRACON& Tower with Radar,473,147,121,0,741,18,34,39,2,93,491,181,160,2,834,0,0,0,834
02/08/2004,FLL,FL,ASO,ES,Combined TRACON& Tower with Radar,479,150,123,0,752,0,46,72,3,121,479,196,195,3,873,4,0,4,877
02/09/2004,FLL,FL,ASO,ES,Combined TRACON& Tower with Radar,492,153,125,0,770,6,67,101,0,174,498,220,226,0,944,0,0,0,944
02/10/2004,FLL,FL,ASO,ES,Combined TRACON& Tower with Radar,460,144,118,0,722,25,47,84,0,156,485,191,202,0,878,0,0,0,878
02/11/2004,FLL,FL,ASO,ES,Combined TRACON& Tower with Radar,520,170,139,1,830,0,81,122,4,207,520,251,261,5,1037,0,0,0,1037
02/12/2004,FLL,FL,ASO,ES,Combined TRACON& Tower with Radar,550,190,155,1,896,0,54,171,2,227,550,244,326,3,1123,0,0,0,1123
02/13/2004,FLL,FL,ASO,ES,Combined TRACON& Tower with Radar,569,192,157,0,918,0,56,170,0,226,569,248,327,0,1144,0,0,0,1144
02/14/2004,FLL,FL,ASO,ES,Combined TRACON& Tower with Radar,540,168,138,0,846,2,55,92,0,149,542,223,230,0,995,0,0,0,995
02/15/2004,FLL,FL,ASO,ES,Combined TRACON& Tower with Radar,528,173,141,0,842,0,56,69,0,125,528,229,210,0,967,0,0,0,967
02/16/2004,FLL,FL,ASO,ES,Combined TRACON& Tower with Radar,521,169,138,0,828,0,58,140,0,198,521,227,278,0,1026,0,0,0,1026
02/17/2004,FLL,FL,ASO,ES,Combined TRACON& Tower with Radar,507,159,130,0,796,0,52,94,0,146,507,211,224,0,942,0,0,0,942
02/18/2004,FLL,FL,ASO,ES,Combined TRACON& Tower with Radar,502,154,127,0,783,24,35,82,0,141,526,189,209,0,924,0,0,0,924
02/19/2004,FLL,FL,ASO,ES,Combined TRACON& Tower with Radar,512,158,130,1,801,0,53,127,0,180,512,211,257,1,981,0,0,0,981
02/20/2004,FLL,FL,ASO,ES,Combined TRACON& Tower with Radar,537,165,136,0,838,3,44,127,0,174,540,209,263,0,1012,0,0,0,1012
02/21/2004,FLL,FL,ASO,ES,Combined TRACON& Tower with Radar,514,159,130,0,803,34,43,72,0,149,548,202,202,0,952,0,0,0,952
02/22/2004,FLL,FL,ASO,ES,Combined TRACON& Tower with Radar,524,162,132,1,819,20,64,71,0,155,544,226,203,1,974,8,0,8,982
02/23/2004,FLL,FL,ASO,ES,Combined TRACON& Tower with Radar,493,153,124,1,771,27,58,66,0,151,520,211,190,1,922,0,0,0,922
02/24/2004,FLL,FL,ASO,ES,Combined TRACON& Tower with Radar,493,153,124,1,771,18,61,91,0,170,511,214,215,1,941,0,0,0,941
02/25/2004,FLL,FL,ASO,ES,Combined TRACON& Tower with Radar,493,153,125,0,771,35,34,4,0,73,528,187,129,0,844,0,0,0,844
02/26/2004,FLL,FL,ASO,ES,Combined TRACON& Tower with Radar,540,168,137,0,845,0,67,99,0,166,540,235,236,0,1011,0,0,0,1011
02/27/2004,FLL,FL,ASO,ES,Combined TRACON& Tower with Radar,523,168,136,1,828,0,50,127,1,178,523,218,263,2,1006,0,0,0,1006
02/28/2004,FLL,FL,ASO,ES,Combined TRACON& Tower with Radar,516,160,130,1,807,5,57,69,0,131,521,217,199,1,938,0,0,0,938
02/29/2004,FLL,FL,ASO,ES,Combined TRACON& Tower with Radar,533,171,139,1,844,0,70,94,2,166,533,241,233,3,1010,2,0,2,1012
03/01/2004,FLL,FL,ASO,ES,Combined TRACON& Tower with Radar,519,157,127,2,805,8,67,86,15,176,527,224,213,17,981,0,0,0,981
03/02/2004,FLL,FL,ASO,ES,Combined TRACON& Tower with Radar,514,155,126,2,797,10,63,54,2,129,524,218,180,4,926,0,0,0,926
03/03/2004,FLL,FL,ASO,ES,Combined TRACON& Tower with Radar,510,154,126,2,792,16,53,74,4,147,526,207,200,6,939,0,0,0,939
03/04/2004,FLL,FL,ASO,ES,Combined TRACON& Tower with Radar,536,165,133,3,837,0,59,69,13,141,536,224,202,16,978,0,0,0,978
03/05/2004,FLL,FL,ASO,ES,Combined TRACON& Tower with Radar,515,163,131,4,813,0,52,146,6,204,515,215,277,10,1017,0,0,0,1017
03/06/2004,FLL,FL,ASO,ES,Combined TRACON& Tower with Radar,524,159,127,1,811,23,48,145,0,216,547,207,272,1,1027,4,0,4,1031
03/07/2004,FLL,FL,ASO,ES,Combined TRACON& Tower with Radar,514,156,125,2,797,11,45,92,0,148,525,201,217,2,945,0,0,0,945
03/08/2004,FLL,FL,ASO,ES,Combined TRACON& Tower with Radar,520,157,126,0,803,8,52,130,0,190,528,209,256,0,993,4,0,4,997
03/09/2004,FLL,FL,ASO,ES,Combined TRACON& Tower with Radar,484,146,118,2,750,34,41,84,0,159,518,187,202,2,909,0,0,0,909
03/10/2004,FLL,FL,ASO,ES,Combined TRACON& Tower with Radar,514,156,125,3,798,12,33,99,0,144,526,189,224,3,942,0,0,0,942
03/11/2004,FLL,FL,ASO,ES,Combined TRACON& Tower with Radar,507,154,125,0,786,0,31,141,0,172,507,185,266,0,958,0,0,0,958
03/12/2004,FLL,FL,ASO,ES,Combined TRACON& Tower with Radar,555,177,143,4,879,0,78,152,0,230,555,255,295,4,1109,0,0,0,1109
03/13/2004,FLL,FL,ASO,ES,Combined TRACON& Tower with Radar,540,166,133,1,840,0,68,138,0,206,540,234,271,1,1046,0,0,0,1046
03/14/2004,FLL,FL,ASO,ES,Combined TRACON& Tower with Radar,500,165,133,4,802,0,67,115,1,183,500,232,248,5,985,0,0,0,985
03/15/2004,FLL,FL,ASO,ES,Combined TRACON& Tower with Radar,517,156,126,3,802,4,48,100,0,152,521,204,226,3,954,0,0,0,954
03/16/2004,FLL,FL,ASO,ES,Combined TRACON& Tower with Radar,476,144,115,0,735,28,43,51,0,122,504,187,166,0,857,0,0,0,857
03/17/2004,FLL,FL,ASO,ES,Combined TRACON& Tower with Radar,530,159,129,3,821,2,45,105,3,155,532,204,234,6,976,0,0,0,976
03/18/2004,FLL,FL,ASO,ES,Combined TRACON& Tower with Radar,527,161,130,0,818,0,57,130,0,187,527,218,260,0,1005,0,0,0,1005
03/19/2004,FLL,FL,ASO,ES,Combined TRACON& Tower with Radar,527,164,132,4,827,0,59,170,4,233,527,223,302,8,1060,8,0,8,1068
03/20/2004,FLL,FL,ASO,ES,Combined TRACON& Tower with Radar,514,154,125,3,796,1,55,162,0,218,515,209,287,3,1014,0,0,0,1014
03/21/2004,FLL,FL,ASO,ES,Combined TRACON& Tower with Radar,524,168,136,3,831,0,78,145,0,223,524,246,281,3,1054,0,0,0,1054
03/22/2004,FLL,FL,ASO,ES,Combined TRACON& Tower with Radar,533,160,129,0,822,0,54,99,0,153,533,214,228,0,975,0,0,0,975
03/23/2004,FLL,FL,ASO,ES,Combined TRACON& Tower with Radar,497,149,121,1,768,35,32,78,0,145,532,181,199,1,913,0,0,0,913
03/24/2004,FLL,FL,ASO,ES,Combined TRACON& Tower with Radar,510,157,127,2,796,0,60,102,5,167,510,217,229,7,963,0,0,0,963
03/25/2004,FLL,FL,ASO,ES,Combined TRACON& Tower with Radar,519,157,126,2,804,16,55,62,0,133,535,212,188,2,937,0,0,0,937
03/26/2004,FLL,FL,ASO,ES,Combined TRACON& Tower with Radar,542,166,133,3,844,0,60,141,1,202,542,226,274,4,1046,0,0,0,1046
03/27/2004,FLL,FL,ASO,ES,Combined TRACON& Tower with Radar,523,162,131,1,817,0,85,160,0,245,523,247,291,1,1062,0,0,0,1062
03/28/2004,FLL,FL,ASO,ES,Combined TRACON& Tower with Radar,523,166,134,2,825,0,72,134,0,206,523,238,268,2,1031,0,0,0,1031
03/29/2004,FLL,FL,ASO,ES,Combined TRACON& Tower with Radar,508,153,123,1,785,26,49,60,0,135,534,202,183,1,920,0,0,0,920
03/30/2004,FLL,FL,ASO,ES,Combined TRACON& Tower with Radar,499,150,121,1,771,27,41,90,0,158,526,191,211,1,929,0,0,0,929
03/31/2004,FLL,FL,ASO,ES,Combined TRACON& Tower with Radar,510,154,124,2,790,8,34,114,1,157,518,188,238,3,947,0,0,0,947
04/01/2004,FLL,FL,ASO,ES,Combined TRACON& Tower with Radar,530,154,122,0,806,13,63,91,0,167,543,217,213,0,973,0,0,0,973
04/02/2004,FLL,FL,ASO,ES,Combined TRACON& Tower with Radar,544,162,128,2,836,0,56,177,0,233,544,218,305,2,1069,0,0,0,1069
04/03/2004,FLL,FL,ASO,ES,Combined TRACON& Tower with Radar,517,164,131,1,813,0,89,207,0,296,517,253,338,1,1109,0,0,0,1109
04/04/2004,FLL,FL,ASO,ES,Combined TRACON& Tower with Radar,501,153,121,2,777,0,80,117,0,197,501,233,238,2,974,0,0,0,974
04/05/2004,FLL,FL,ASO,ES,Combined TRACON& Tower with Radar,511,148,118,0,777,0,79,126,0,205,511,227,244,0,982,0,0,0,982
04/06/2004,FLL,FL,ASO,ES,Combined TRACON& Tower with Radar,505,146,117,0,768,7,36,116,0,159,512,182,233,0,927,0,0,0,927
04/07/2004,FLL,FL,ASO,ES,Combined TRACON& Tower with Radar,534,155,124,2,815,0,64,143,0,207,534,219,267,2,1022,0,0,0,1022
04/08/2004,FLL,FL,ASO,ES,Combined TRACON& Tower with Radar,543,165,132,2,842,0,63,183,0,246,543,228,315,2,1088,0,0,0,1088
04/09/2004,FLL,FL,ASO,ES,Combined TRACON& Tower with Radar,546,160,128,0,834,0,72,153,0,225,546,232,281,0,1059,0,0,0,1059
04/10/2004,FLL,FL,ASO,ES,Combined TRACON& Tower with Radar,521,154,123,0,798,0,74,121,0,195,521,228,244,0,993,0,0,0,993
04/11/2004,FLL,FL,ASO,ES,Combined TRACON& Tower with Radar,496,153,122,0,771,0,55,147,0,202,496,208,269,0,973,0,0,0,973
04/12/2004,FLL,FL,ASO,ES,Combined TRACON& Tower with Radar,519,153,121,0,793,0,48,80,0,128,519,201,201,0,921,0,0,0,921
04/13/2004,FLL,FL,ASO,ES,Combined TRACON& Tower with Radar,492,143,114,1,750,24,42,24,0,90,516,185,138,1,840,0,0,0,840
04/14/2004,FLL,FL,ASO,ES,Combined TRACON& Tower with Radar,527,153,122,2,804,2,47,158,0,207,529,200,280,2,1011,0,0,0,1011
04/15/2004,FLL,FL,ASO,ES,Combined TRACON& Tower with Radar,531,154,123,0,808,4,38,157,0,199,535,192,280,0,1007,0,0,0,1007
04/16/2004,FLL,FL,ASO,ES,Combined TRACON& Tower with Radar,531,154,123,1,809,7,60,137,0,204,538,214,260,1,1013,0,0,0,1013
04/17/2004,FLL,FL,ASO,ES,Combined TRACON& Tower with Radar,519,150,119,0,788,2,62,128,0,192,521,212,247,0,980,0,0,0,980
04/18/2004,FLL,FL,ASO,ES,Combined TRACON& Tower with Radar,505,149,119,0,773,0,69,125,0,194,505,218,244,0,967,0,0,0,967
04/19/2004,FLL,FL,ASO,ES,Combined TRACON& Tower with Radar,516,148,118,1,783,9,50,118,0,177,525,198,236,1,960,0,0,0,960
04/20/2004,FLL,FL,ASO,ES,Combined TRACON& Tower with Radar,480,137,110,0,727,11,40,112,0,163,491,177,222,0,890,0,0,0,890
04/21/2004,FLL,FL,ASO,ES,Combined TRACON& Tower with Radar,500,144,114,3,761,10,47,88,0,145,510,191,202,3,906,0,0,0,906
04/22/2004,FLL,FL,ASO,ES,Combined TRACON& Tower with Radar,513,148,117,1,779,10,81,109,0,200,523,229,226,1,979,0,0,0,979
04/23/2004,FLL,FL,ASO,ES,Combined TRACON& Tower with Radar,509,147,116,0,772,18,55,122,0,195,527,202,238,0,967,6,0,6,973
04/24/2004,FLL,FL,ASO,ES,Combined TRACON& Tower with Radar,477,137,109,0,723,27,48,111,0,186,504,185,220,0,909,0,0,0,909
04/25/2004,FLL,FL,ASO,ES,Combined TRACON& Tower with Radar,494,145,115,1,755,0,67,93,0,160,494,212,208,1,915,0,0,0,915
04/26/2004,FLL,FL,ASO,ES,Combined TRACON& Tower with Radar,481,140,110,2,733,40,61,85,1,187,521,201,195,3,920,0,0,0,920
04/27/2004,FLL,FL,ASO,ES,Combined TRACON& Tower with Radar,466,135,106,2,709,31,40,65,0,136,497,175,171,2,845,0,0,0,845
04/28/2004,FLL,FL,ASO,ES,Combined TRACON& Tower with Radar,509,148,116,2,775,4,30,79,18,131,513,178,195,20,906,0,0,0,906
04/29/2004,FLL,FL,ASO,ES,Combined TRACON& Tower with Radar,512,151,119,2,784,0,45,103,34,182,512,196,222,36,966,0,0,0,966
04/30/2004,FLL,FL,ASO,ES,Combined TRACON& Tower with Radar,504,151,119,2,776,0,59,129,40,228,504,210,248,42,1004,0,0,0,1004
05/01/2004,FLL,FL,ASO,ES,Combined TRACON& Tower with Radar,466,144,99,2,711,10,43,87,30,170,476,187,186,32,881,0,0,0,881
05/02/2004,FLL,FL,ASO,ES,Combined TRACON& Tower with Radar,445,138,95,2,680,3,41,60,39,143,448,179,155,41,823,0,0,0,823
05/03/2004,FLL,FL,ASO,ES,Combined TRACON& Tower with Radar,444,137,95,2,678,17,60,41,8,126,461,197,136,10,804,0,0,0,804
05/04/2004,FLL,FL,ASO,ES,Combined TRACON& Tower with Radar,455,142,98,2,697,0,31,101,5,137,455,173,199,7,834,0,0,0,834
05/05/2004,FLL,FL,ASO,ES,Combined TRACON& Tower with Radar,439,135,94,1,669,1,45,109,0,155,440,180,203,1,824,0,0,0,824
05/06/2004,FLL,FL,ASO,ES,Combined TRACON& Tower with Radar,441,137,94,0,672,7,70,110,0,187,448,207,204,0,859,0,0,0,859
05/07/2004,FLL,FL,ASO,ES,Combined TRACON& Tower with Radar,454,140,97,1,692,8,57,103,0,168,462,197,200,1,860,0,0,0,860
05/08/2004,FLL,FL,ASO,ES,Combined TRACON& Tower with Radar,413,128,88,1,630,31,45,108,0,184,444,173,196,1,814,0,0,0,814
05/09/2004,FLL,FL,ASO,ES,Combined TRACON& Tower with Radar,416,129,89,0,634,7,73,50,0,130,423,202,139,0,764,0,0,0,764
05/10/2004,FLL,FL,ASO,ES,Combined TRACON& Tower with Radar,448,139,96,0,683,0,59,77,0,136,448,198,173,0,819,0,0,0,819
05/11/2004,FLL,FL,ASO,ES,Combined TRACON& Tower with Radar,430,133,92,1,656,6,39,91,0,136,436,172,183,1,792,0,0,0,792
05/12/2004,FLL,FL,ASO,ES,Combined TRACON& Tower with Radar,440,138,95,1,674,0,63,83,0,146,440,201,178,1,820,0,0,0,820
05/13/2004,FLL,FL,ASO,ES,Combined TRACON& Tower with Radar,461,146,101,2,710,0,29,119,1,149,461,175,220,3,859,0,0,0,859
05/14/2004,FLL,FL,ASO,ES,Combined TRACON& Tower with Radar,442,151,105,2,700,0,30,105,2,137,442,181,210,4,837,0,0,0,837
05/15/2004,FLL,FL,ASO,ES,Combined TRACON& Tower with Radar,432,133,91,0,656,10,48,119,0,177,442,181,210,0,833,0,0,0,833
05/16/2004,FLL,FL,ASO,ES,Combined TRACON& Tower with Radar,437,136,92,3,668,1,49,70,1,121,438,185,162,4,789,0,0,0,789
05/17/2004,FLL,FL,ASO,ES,Combined TRACON& Tower with Radar,446,139,95,0,680,0,56,94,0,150,446,195,189,0,830,0,0,0,830
05/18/2004,FLL,FL,ASO,ES,Combined TRACON& Tower with Radar,425,132,91,2,650,0,58,86,0,144,425,190,177,2,794,0,0,0,794
05/19/2004,FLL,FL,ASO,ES,Combined TRACON& Tower with Radar,433,133,91,3,660,6,42,104,0,152,439,175,195,3,812,6,0,6,818
05/20/2004,FLL,FL,ASO,ES,Combined TRACON& Tower with Radar,454,139,96,3,692,4,49,98,0,151,458,188,194,3,843,0,0,0,843
05/21/2004,FLL,FL,ASO,ES,Combined TRACON& Tower with Radar,470,149,102,3,724,0,66,124,0,190,470,215,226,3,914,0,0,0,914
05/22/2004,FLL,FL,ASO,ES,Combined TRACON& Tower with Radar,425,130,89,0,644,14,72,53,0,139,439,202,142,0,783,0,0,0,783
05/23/2004,FLL,FL,ASO,ES,Combined TRACON& Tower with Radar,408,124,86,0,618,21,57,88,0,166,429,181,174,0,784,0,0,0,784
05/24/2004,FLL,FL,ASO,ES,Combined TRACON& Tower with Radar,429,133,92,2,656,0,45,87,0,132,429,178,179,2,788,0,0,0,788
05/25/2004,FLL,FL,ASO,ES,Combined TRACON& Tower with Radar,437,135,92,2,666,9,43,86,0,138,446,178,178,2,804,0,0,0,804
05/26/2004,FLL,FL,ASO,ES,Combined TRACON& Tower with Radar,427,139,95,2,663,0,42,148,1,191,427,181,243,3,854,0,0,0,854
05/27/2004,FLL,FL,ASO,ES,Combined TRACON& Tower with Radar,460,148,101,0,709,0,61,142,0,203,460,209,243,0,912,0,0,0,912
05/28/2004,FLL,FL,ASO,ES,Combined TRACON& Tower with Radar,466,153,104,1,724,0,77,229,0,306,466,230,333,1,1030,0,0,0,1030
05/29/2004,FLL,FL,ASO,ES,Combined TRACON& Tower with Radar,411,126,87,0,624,27,67,88,0,182,438,193,175,0,806,0,0,0,806
05/30/2004,FLL,FL,ASO,ES,Combined TRACON& Tower with Radar,390,121,82,1,594,21,55,50,0,126,411,176,132,1,720,0,0,0,720
05/31/2004,FLL,FL,ASO,ES,Combined TRACON& Tower with Radar,421,144,99,2,666,0,77,210,0,287,421,221,309,2,953,0,0,0,953
06/01/2004,FLL,FL,ASO,ES,Combined TRACON& Tower with Radar,429,124,88,0,641,0,51,106,2,159,429,175,194,2,800,0,0,0,800
06/02/2004,FLL,FL,ASO,ES,Combined TRACON& Tower with Radar,442,128,91,0,661,4,42,124,1,171,446,170,215,1,832,0,0,0,832
06/03/2004,FLL,FL,ASO,ES,Combined TRACON& Tower with Radar,454,136,96,1,687,0,40,130,1,171,454,176,226,2,858,0,0,0,858
06/04/2004,FLL,FL,ASO,ES,Combined TRACON& Tower with Radar,450,130,92,1,673,2,50,110,0,162,452,180,202,1,835,0,0,0,835
06/05/2004,FLL,FL,ASO,ES,Combined TRACON& Tower with Radar,425,124,88,0,637,0,53,96,2,151,425,177,184,2,788,0,0,0,788
06/06/2004,FLL,FL,ASO,ES,Combined TRACON& Tower with Radar,412,119,83,0,614,5,67,94,0,166,417,186,177,0,780,0,0,0,780
06/07/2004,FLL,FL,ASO,ES,Combined TRACON& Tower with Radar,438,127,89,1,655,18,45,93,1,157,456,172,182,2,812,0,0,0,812
06/08/2004,FLL,FL,ASO,ES,Combined TRACON& Tower with Radar,438,130,90,2,660,0,29,126,0,155,438,159,216,2,815,0,0,0,815
06/09/2004,FLL,FL,ASO,ES,Combined TRACON& Tower with Radar,431,129,90,0,650,0,33,133,0,166,431,162,223,0,816,0,0,0,816
06/10/2004,FLL,FL,ASO,ES,Combined TRACON& Tower with Radar,459,134,93,0,686,0,33,81,0,114,459,167,174,0,800,0,0,0,800
06/11/2004,FLL,FL,ASO,ES,Combined TRACON& Tower with Radar,455,135,94,0,684,0,56,151,0,207,455,191,245,0,891,0,0,0,891
06/12/2004,FLL,FL,ASO,ES,Combined TRACON& Tower with Radar,443,128,90,0,661,0,72,94,0,166,443,200,184,0,827,0,0,0,827
06/13/2004,FLL,FL,ASO,ES,Combined TRACON& Tower with Radar,436,128,90,0,654,0,63,104,0,167,436,191,194,0,821,0,0,0,821
06/14/2004,FLL,FL,ASO,ES,Combined TRACON& Tower with Radar,439,126,89,1,655,14,55,74,0,143,453,181,163,1,798,0,0,0,798
06/15/2004,FLL,FL,ASO,ES,Combined TRACON& Tower with Radar,440,126,89,0,655,5,42,95,0,142,445,168,184,0,797,0,0,0,797
06/16/2004,FLL,FL,ASO,ES,Combined TRACON& Tower with Radar,423,121,86,1,631,15,52,103,1,171,438,173,189,2,802,0,0,0,802
06/17/2004,FLL,FL,ASO,ES,Combined TRACON& Tower with Radar,446,128,90,1,665,6,48,75,0,129,452,176,165,1,794,0,0,0,794
06/18/2004,FLL,FL,ASO,ES,Combined TRACON& Tower with Radar,504,149,104,0,757,0,73,124,0,197,504,222,228,0,954,0,0,0,954
06/19/2004,FLL,FL,ASO,ES,Combined TRACON& Tower with Radar,457,131,92,0,680,11,71,65,0,147,468,202,157,0,827,0,0,0,827
06/20/2004,FLL,FL,ASO,ES,Combined TRACON& Tower with Radar,422,121,85,0,628,6,74,48,0,128,428,195,133,0,756,0,0,0,756
06/21/2004,FLL,FL,ASO,ES,Combined TRACON& Tower with Radar,446,128,90,0,664,12,57,96,0,165,458,185,186,0,829,0,0,0,829
06/22/2004,FLL,FL,ASO,ES,Combined TRACON& Tower with Radar,441,126,89,0,656,17,51,80,0,148,458,177,169,0,804,0,0,0,804
06/23/2004,FLL,FL,ASO,ES,Combined TRACON& Tower with Radar,437,130,90,0,657,0,52,143,0,195,437,182,233,0,852,0,0,0,852
06/24/2004,FLL,FL,ASO,ES,Combined TRACON& Tower with Radar,476,144,101,0,721,0,34,173,0,207,476,178,274,0,928,0,0,0,928
06/25/2004,FLL,FL,ASO,ES,Combined TRACON& Tower with Radar,461,133,93,1,688,8,44,81,6,139,469,177,174,7,827,0,0,0,827
06/26/2004,FLL,FL,ASO,ES,Combined TRACON& Tower with Radar,469,135,94,1,699,1,70,100,2,173,470,205,194,3,872,0,0,0,872
06/27/2004,FLL,FL,ASO,ES,Combined TRACON& Tower with Radar,435,128,89,0,652,0,71,108,2,181,435,199,197,2,833,0,0,0,833
06/28/2004,FLL,FL,ASO,ES,Combined TRACON& Tower with Radar,449,130,90,1,670,7,72,80,0,159,456,202,170,1,829,0,0,0,829
06/29/2004,FLL,FL,ASO,ES,Combined TRACON& Tower with Radar,442,128,89,0,659,1,58,80,2,141,443,186,169,2,800,0,0,0,800
06/30/2004,FLL,FL,ASO,ES,Combined TRACON& Tower with Radar,450,130,90,0,670,11,66,90,0,167,461,196,180,0,837,0,0,0,837
07/01/2004,FLL,FL,ASO,ES,Combined TRACON& Tower with Radar,454,139,95,0,688,9,53,116,0,178,463,192,211,0,866,0,0,0,866
07/02/2004,FLL,FL,ASO,ES,Combined TRACON& Tower with Radar,448,136,94,0,678,11,71,152,0,234,459,207,246,0,912,0,0,0,912
07/03/2004,FLL,FL,ASO,ES,Combined TRACON& Tower with Radar,438,134,92,0,664,20,58,61,0,139,458,192,153,0,803,0,0,0,803
07/04/2004,FLL,FL,ASO,ES,Combined TRACON& Tower with Radar,354,109,74,0,537,27,42,8,0,77,381,151,82,0,614,0,0,0,614
07/05/2004,FLL,FL,ASO,ES,Combined TRACON& Tower with Radar,424,137,93,0,654,0,68,104,0,172,424,205,197,0,826,0,0,0,826
07/06/2004,FLL,FL,ASO,ES,Combined TRACON& Tower with Radar,432,133,90,0,655,8,71,92,0,171,440,204,182,0,826,0,0,0,826
07/07/2004,FLL,FL,ASO,ES,Combined TRACON& Tower with Radar,394,121,83,0,598,31,46,103,0,180,425,167,186,0,778,0,0,0,778
07/08/2004,FLL,FL,ASO,ES,Combined TRACON& Tower with Radar,460,142,96,0,698,26,36,91,0,153,486,178,187,0,851,0,0,0,851
07/09/2004,FLL,FL,ASO,ES,Combined TRACON& Tower with Radar,464,143,97,0,704,8,49,108,3,168,472,192,205,3,872,0,0,0,872
07/10/2004,FLL,FL,ASO,ES,Combined TRACON& Tower with Radar,458,141,96,0,695,17,68,91,0,176,475,209,187,0,871,0,0,0,871
07/11/2004,FLL,FL,ASO,ES,Combined TRACON& Tower with Radar,438,135,91,0,664,6,65,70,3,144,444,200,161,3,808,0,0,0,808
07/12/2004,FLL,FL,ASO,ES,Combined TRACON& Tower with Radar,440,136,92,0,668,0,64,96,0,160,440,200,188,0,828,0,0,0,828
07/13/2004,FLL,FL,ASO,ES,Combined TRACON& Tower with Radar,465,146,100,0,711,0,65,102,0,167,465,211,202,0,878,0,0,0,878
07/14/2004,FLL,FL,ASO,ES,Combined TRACON& Tower with Radar,438,143,97,0,678,0,58,134,0,192,438,201,231,0,870,0,0,0,870
07/15/2004,FLL,FL,ASO,ES,Combined TRACON& Tower with Radar,483,157,106,1,747,0,57,119,0,176,483,214,225,1,923,10,0,10,933
07/16/2004,FLL,FL,ASO,ES,Combined TRACON& Tower with Radar,474,160,107,1,742,0,71,142,1,214,474,231,249,2,956,0,0,0,956
07/17/2004,FLL,FL,ASO,ES,Combined TRACON& Tower with Radar,480,154,103,1,738,0,51,152,0,203,480,205,255,1,941,0,0,0,941
07/18/2004,FLL,FL,ASO,ES,Combined TRACON& Tower with Radar,434,145,97,0,676,0,83,141,0,224,434,228,238,0,900,0,0,0,900
07/19/2004,FLL,FL,ASO,ES,Combined TRACON& Tower with Radar,461,141,96,1,699,0,59,86,2,147,461,200,182,3,846,0,0,0,846
07/20/2004,FLL,FL,ASO,ES,Combined TRACON& Tower with Radar,445,139,94,1,679,0,41,97,0,138,445,180,191,1,817,0,0,0,817
07/21/2004,FLL,FL,ASO,ES,Combined TRACON& Tower with Radar,463,148,100,1,712,0,45,139,0,184,463,193,239,1,896,0,0,0,896
07/22/2004,FLL,FL,ASO,ES,Combined TRACON& Tower with Radar,468,150,101,1,720,0,32,159,2,193,468,182,260,3,913,0,0,0,913
07/23/2004,FLL,FL,ASO,ES,Combined TRACON& Tower with Radar,470,150,101,1,722,0,59,154,0,213,470,209,255,1,935,0,0,0,935
07/24/2004,FLL,FL,ASO,ES,Combined TRACON& Tower with Radar,464,141,96,0,701,28,64,45,0,137,492,205,141,0,838,0,0,0,838
07/25/2004,FLL,FL,ASO,ES,Combined TRACON& Tower with Radar,435,133,90,1,659,7,64,88,0,159,442,197,178,1,818,0,0,0,818
07/26/2004,FLL,FL,ASO,ES,Combined TRACON& Tower with Radar,445,136,92,1,674,24,61,61,0,146,469,197,153,1,820,0,0,0,820
07/27/2004,FLL,FL,ASO,ES,Combined TRACON& Tower with Radar,423,129,87,0,639,3,45,54,0,102,426,174,141,0,741,0,0,0,741
07/28/2004,FLL,FL,ASO,ES,Combined TRACON& Tower with Radar,446,136,92,1,675,3,39,73,0,115,449,175,165,1,790,0,0,0,790
07/29/2004,FLL,FL,ASO,ES,Combined TRACON& Tower with Radar,464,142,96,0,702,8,60,95,0,163,472,202,191,0,865,0,0,0,865
07/30/2004,FLL,FL,ASO,ES,Combined TRACON& Tower with Radar,458,140,94,1,693,8,67,96,1,172,466,207,190,2,865,0,0,0,865
07/31/2004,FLL,FL,ASO,ES,Combined TRACON& Tower with Radar,434,132,90,1,657,20,53,74,1,148,454,185,164,2,805,0,0,0,805
08/01/2004,FLL,FL,ASO,ES,Combined TRACON& Tower with Radar,415,123,75,0,613,0,45,72,1,118,415,168,147,1,731,0,0,0,731
08/02/2004,FLL,FL,ASO,ES,Combined TRACON& Tower with Radar,470,136,84,0,690,0,36,77,3,116,470,172,161,3,806,0,0,0,806
08/03/2004,FLL,FL,ASO,ES,Combined TRACON& Tower with Radar,459,137,84,0,680,0,40,97,1,138,459,177,181,1,818,0,0,0,818
08/04/2004,FLL,FL,ASO,ES,Combined TRACON& Tower with Radar,447,131,81,0,659,0,27,118,1,146,447,158,199,1,805,0,0,0,805
08/05/2004,FLL,FL,ASO,ES,Combined TRACON& Tower with Radar,488,141,86,0,715,0,16,90,0,106,488,157,176,0,821,0,0,0,821
08/06/2004,FLL,FL,ASO,ES,Combined TRACON& Tower with Radar,478,139,85,0,702,0,47,118,0,165,478,186,203,0,867,0,0,0,867
08/07/2004,FLL,FL,ASO,ES,Combined TRACON& Tower with Radar,454,131,80,0,665,9,56,82,0,147,463,187,162,0,812,0,0,0,812
08/08/2004,FLL,FL,ASO,ES,Combined TRACON& Tower with Radar,449,130,79,0,658,0,49,55,0,104,449,179,134,0,762,0,0,0,762
08/09/2004,FLL,FL,ASO,ES,Combined TRACON& Tower with Radar,461,134,83,0,678,0,67,83,2,152,461,201,166,2,830,0,0,0,830
08/10/2004,FLL,FL,ASO,ES,Combined TRACON& Tower with Radar,443,128,79,0,650,0,36,103,0,139,443,164,182,0,789,0,0,0,789
08/11/2004,FLL,FL,ASO,ES,Combined TRACON& Tower with Radar,443,135,83,0,661,0,44,109,1,154,443,179,192,1,815,0,0,0,815
08/12/2004,FLL,FL,ASO,ES,Combined TRACON& Tower with Radar,468,135,83,0,686,0,47,123,1,171,468,182,206,1,857,0,0,0,857
08/13/2004,FLL,FL,ASO,ES,Combined TRACON& Tower with Radar,412,113,54,0,579,68,0,0,0,68,480,113,54,0,647,0,0,0,647
08/14/2004,FLL,FL,ASO,ES,Combined TRACON& Tower with Radar,430,124,75,0,629,25,43,70,0,138,455,167,145,0,767,0,0,0,767
08/15/2004,FLL,FL,ASO,ES,Combined TRACON& Tower with Radar,450,129,79,0,658,0,62,38,0,100,450,191,117,0,758,0,0,0,758
08/16/2004,FLL,FL,ASO,ES,Combined TRACON& Tower with Radar,457,130,80,0,667,1,33,103,0,137,458,163,183,0,804,0,0,0,804
08/17/2004,FLL,FL,ASO,ES,Combined TRACON& Tower with Radar,450,128,78,0,656,0,46,90,0,136,450,174,168,0,792,0,0,0,792
08/18/2004,FLL,FL,ASO,ES,Combined TRACON& Tower with Radar,453,130,80,0,663,0,41,102,0,143,453,171,182,0,806,0,0,0,806
08/19/2004,FLL,FL,ASO,ES,Combined TRACON& Tower with Radar,477,139,85,0,701,0,36,108,0,144,477,175,193,0,845,0,0,0,845
08/20/2004,FLL,FL,ASO,ES,Combined TRACON& Tower with Radar,476,141,86,0,703,0,54,154,0,208,476,195,240,0,911,0,0,0,911
08/21/2004,FLL,FL,ASO,ES,Combined TRACON& Tower with Radar,422,120,73,0,615,23,64,39,0,126,445,184,112,0,741,0,0,0,741
08/22/2004,FLL,FL,ASO,ES,Combined TRACON& Tower with Radar,463,132,81,0,676,0,51,74,0,125,463,183,155,0,801,0,0,0,801
08/23/2004,FLL,FL,ASO,ES,Combined TRACON& Tower with Radar,462,131,80,0,673,3,38,80,0,121,465,169,160,0,794,0,0,0,794
08/24/2004,FLL,FL,ASO,ES,Combined TRACON& Tower with Radar,427,122,74,1,624,16,36,58,1,111,443,158,132,2,735,0,0,0,735
08/25/2004,FLL,FL,ASO,ES,Combined TRACON& Tower with Radar,462,132,80,0,674,1,35,74,0,110,463,167,154,0,784,0,0,0,784
08/26/2004,FLL,FL,ASO,ES,Combined TRACON& Tower with Radar,457,130,80,0,667,21,43,76,0,140,478,173,156,0,807,12,0,12,819
08/27/2004,FLL,FL,ASO,ES,Combined TRACON& Tower with Radar,469,141,86,1,697,0,58,124,0,182,469,199,210,1,879,0,0,0,879
08/28/2004,FLL,FL,ASO,ES,Combined TRACON& Tower with Radar,423,121,74,0,618,14,43,15,2,74,437,164,89,2,692,0,0,0,692
08/29/2004,FLL,FL,ASO,ES,Combined TRACON& Tower with Radar,432,128,77,0,637,0,39,75,1,115,432,167,152,1,752,0,0,0,752
08/30/2004,FLL,FL,ASO,ES,Combined TRACON& Tower with Radar,440,129,78,0,647,0,58,101,2,161,440,187,179,2,808,0,0,0,808
08/31/2004,FLL,FL,ASO,ES,Combined TRACON& Tower with Radar,453,129,79,0,661,4,32,103,0,139,457,161,182,0,800,0,0,0,800
09/01/2004,FLL,FL,ASO,ES,Combined TRACON& Tower with Radar,453,126,106,0,685,0,78,176,0,254,453,204,282,0,939,0,0,0,939
09/02/2004,FLL,FL,ASO,ES,Combined TRACON& Tower with Radar,453,129,109,0,691,0,5,165,8,178,453,134,274,8,869,0,0,0,869
09/03/2004,FLL,FL,ASO,ES,Combined TRACON& Tower with Radar,57,17,15,0,89,0,9,8,0,17,57,26,23,0,106,0,0,0,106
09/04/2004,FLL,FL,ASO,ES,Combined TRACON& Tower with Radar,0,0,0,0,0,0,0,0,0,0,0,0,0,0,0,0,0,0,0
09/05/2004,FLL,FL,ASO,ES,Combined TRACON& Tower with Radar,21,1,5,0,27,4,0,2,0,6,25,1,7,0,33,0,0,0,33
09/06/2004,FLL,FL,ASO,ES,Combined TRACON& Tower with Radar,379,100,84,0,563,0,9,69,2,80,379,109,153,2,643,0,0,0,643
09/07/2004,FLL,FL,ASO,ES,Combined TRACON& Tower with Radar,379,102,86,0,567,0,35,88,1,124,379,137,174,1,691,0,0,0,691
09/08/2004,FLL,FL,ASO,ES,Combined TRACON& Tower with Radar,360,97,83,0,540,0,44,96,0,140,360,141,179,0,680,0,0,0,680
09/09/2004,FLL,FL,ASO,ES,Combined TRACON& Tower with Radar,360,99,84,0,543,0,40,80,2,122,360,139,164,2,665,0,0,0,665
09/10/2004,FLL,FL,ASO,ES,Combined TRACON& Tower with Radar,398,109,93,0,600,0,52,119,1,172,398,161,212,1,772,4,0,4,776
09/11/2004,FLL,FL,ASO,ES,Combined TRACON& Tower with Radar,386,101,85,0,572,7,30,58,0,95,393,131,143,0,667,0,0,0,667
09/12/2004,FLL,FL,ASO,ES,Combined TRACON& Tower with Radar,339,86,74,0,499,42,0,36,0,78,381,86,110,0,577,0,0,0,577
09/13/2004,FLL,FL,ASO,ES,Combined TRACON& Tower with Radar,350,81,76,0,507,45,0,27,0,72,395,81,103,0,579,0,0,0,579
09/14/2004,FLL,FL,ASO,ES,Combined TRACON& Tower with Radar,373,97,82,0,552,16,42,20,0,78,389,139,102,0,630,0,0,0,630
09/15/2004,FLL,FL,ASO,ES,Combined TRACON& Tower with Radar,400,105,88,0,593,0,19,77,0,96,400,124,165,0,689,0,0,0,689
09/16/2004,FLL,FL,ASO,ES,Combined TRACON& Tower with Radar,415,111,93,0,619,0,35,96,0,131,415,146,189,0,750,0,0,0,750
09/17/2004,FLL,FL,ASO,ES,Combined TRACON& Tower with Radar,438,113,95,1,647,2,16,107,0,125,440,129,202,1,772,0,0,0,772
09/18/2004,FLL,FL,ASO,ES,Combined TRACON& Tower with Radar,399,102,87,1,589,17,32,23,0,72,416,134,110,1,661,0,0,0,661
09/19/2004,FLL,FL,ASO,ES,Combined TRACON& Tower with Radar,385,99,84,1,569,28,27,13,0,68,413,126,97,1,637,0,0,0,637
09/20/2004,FLL,FL,ASO,ES,Combined TRACON& Tower with Radar,417,108,91,0,616,13,30,19,0,62,430,138,110,0,678,0,0,0,678
09/21/2004,FLL,FL,ASO,ES,Combined TRACON& Tower with Radar,405,105,88,0,598,13,29,32,0,74,418,134,120,0,672,0,0,0,672
09/22/2004,FLL,FL,ASO,ES,Combined TRACON& Tower with Radar,412,108,91,0,611,0,24,55,0,79,412,132,146,0,690,0,0,0,690
09/23/2004,FLL,FL,ASO,ES,Combined TRACON& Tower with Radar,409,105,89,0,603,13,35,88,0,136,422,140,177,0,739,0,0,0,739
09/24/2004,FLL,FL,ASO,ES,Combined TRACON& Tower with Radar,444,115,96,0,655,7,40,97,0,144,451,155,193,0,799,0,0,0,799
09/25/2004,FLL,FL,ASO,ES,Combined TRACON& Tower with Radar,138,38,32,0,208,0,7,42,0,49,138,45,74,0,257,0,0,0,257
09/26/2004,FLL,FL,ASO,ES,Combined TRACON& Tower with Radar,199,51,43,0,293,9,1,17,0,27,208,52,60,0,320,0,0,0,320
09/27/2004,FLL,FL,ASO,ES,Combined TRACON& Tower with Radar,413,107,90,0,610,14,35,33,0,82,427,142,123,0,692,0,0,0,692
09/28/2004,FLL,FL,ASO,ES,Combined TRACON& Tower with Radar,388,100,85,0,573,25,27,52,0,104,413,127,137,0,677,0,0,0,677
09/29/2004,FLL,FL,ASO,ES,Combined TRACON& Tower with Radar,430,118,99,0,647,0,39,77,0,116,430,157,176,0,763,0,0,0,763
09/30/2004,FLL,FL,ASO,ES,Combined TRACON& Tower with Radar,444,128,107,0,679,0,57,112,0,169,444,185,219,0,848,0,0,0,848
10/01/2004,FLL,FL,ASO,ES,Combined TRACON& Tower with Radar,464,139,139,1,743,0,36,78,2,116,464,175,217,3,859,0,0,0,859
10/02/2004,FLL,FL,ASO,ES,Combined TRACON& Tower with Radar,440,111,73,0,624,0,22,53,0,75,440,133,126,0,699,0,0,0,699
10/03/2004,FLL,FL,ASO,ES,Combined TRACON& Tower with Radar,444,100,97,1,642,0,32,63,0,95,444,132,160,1,737,0,0,0,737
10/04/2004,FLL,FL,ASO,ES,Combined TRACON& Tower with Radar,448,99,84,0,631,0,34,67,0,101,448,133,151,0,732,0,0,0,732
10/05/2004,FLL,FL,ASO,ES,Combined TRACON& Tower with Radar,447,99,73,0,619,0,26,78,0,104,447,125,151,0,723,0,0,0,723
10/06/2004,FLL,FL,ASO,ES,Combined TRACON& Tower with Radar,439,109,81,2,631,0,40,76,0,116,439,149,157,2,747,0,0,0,747
10/07/2004,FLL,FL,ASO,ES,Combined TRACON& Tower with Radar,482,122,88,0,692,0,45,79,0,124,482,167,167,0,816,0,0,0,816
10/08/2004,FLL,FL,ASO,ES,Combined TRACON& Tower with Radar,487,113,140,0,740,0,36,97,0,133,487,149,237,0,873,0,0,0,873
10/09/2004,FLL,FL,ASO,ES,Combined TRACON& Tower with Radar,471,111,66,0,648,0,18,67,0,85,471,129,133,0,733,0,0,0,733
10/10/2004,FLL,FL,ASO,ES,Combined TRACON& Tower with Radar,459,101,82,1,643,0,41,42,0,83,459,142,124,1,726,0,0,0,726
10/11/2004,FLL,FL,ASO,ES,Combined TRACON& Tower with Radar,458,112,66,0,636,0,41,47,0,88,458,153,113,0,724,0,0,0,724
10/12/2004,FLL,FL,ASO,ES,Combined TRACON& Tower with Radar,462,101,93,0,656,0,27,52,0,79,462,128,145,0,735,0,0,0,735
10/13/2004,FLL,FL,ASO,ES,Combined TRACON& Tower with Radar,450,116,111,3,680,0,33,89,0,122,450,149,200,3,802,0,0,0,802
10/14/2004,FLL,FL,ASO,ES,Combined TRACON& Tower with Radar,477,132,92,3,704,0,40,86,3,129,477,172,178,6,833,0,0,0,833
10/15/2004,FLL,FL,ASO,ES,Combined TRACON& Tower with Radar,471,135,94,5,705,0,34,59,0,93,471,169,153,5,798,0,0,0,798
10/16/2004,FLL,FL,ASO,ES,Combined TRACON& Tower with Radar,460,97,59,5,621,0,26,52,4,82,460,123,111,9,703,0,0,0,703
10/17/2004,FLL,FL,ASO,ES,Combined TRACON& Tower with Radar,459,103,81,7,650,0,37,51,4,92,459,140,132,11,742,0,0,0,742
10/18/2004,FLL,FL,ASO,ES,Combined TRACON& Tower with Radar,451,96,79,1,627,0,51,54,1,106,451,147,133,2,733,0,0,0,733
10/19/2004,FLL,FL,ASO,ES,Combined TRACON& Tower with Radar,434,107,87,5,633,0,29,76,0,105,434,136,163,5,738,0,0,0,738
10/20/2004,FLL,FL,ASO,ES,Combined TRACON& Tower with Radar,490,127,112,0,729,0,45,86,0,131,490,172,198,0,860,0,0,0,860
10/21/2004,FLL,FL,ASO,ES,Combined TRACON& Tower with Radar,490,127,111,0,728,0,45,87,0,132,490,172,198,0,860,0,0,0,860
10/22/2004,FLL,FL,ASO,ES,Combined TRACON& Tower with Radar,484,126,97,0,707,0,46,91,0,137,484,172,188,0,844,0,0,0,844
10/23/2004,FLL,FL,ASO,ES,Combined TRACON& Tower with Radar,465,121,72,1,659,0,20,60,1,81,465,141,132,2,740,0,0,0,740
10/24/2004,FLL,FL,ASO,ES,Combined TRACON& Tower with Radar,458,121,86,1,666,0,40,60,0,100,458,161,146,1,766,0,0,0,766
10/25/2004,FLL,FL,ASO,ES,Combined TRACON& Tower with Radar,468,116,97,2,683,0,58,77,0,135,468,174,174,2,818,0,0,0,818
10/26/2004,FLL,FL,ASO,ES,Combined TRACON& Tower with Radar,456,127,118,0,701,0,27,81,0,108,456,154,199,0,809,0,0,0,809
10/27/2004,FLL,FL,ASO,ES,Combined TRACON& Tower with Radar,451,141,177,0,769,0,35,78,0,113,451,176,255,0,882,0,0,0,882
10/28/2004,FLL,FL,ASO,ES,Combined TRACON& Tower with Radar,476,157,271,0,904,0,40,132,0,172,476,197,403,0,1076,0,0,0,1076
10/29/2004,FLL,FL,ASO,ES,Combined TRACON& Tower with Radar,487,173,218,0,878,0,72,121,0,193,487,245,339,0,1071,4,0,4,1075
10/30/2004,FLL,FL,ASO,ES,Combined TRACON& Tower with Radar,462,149,161,0,772,6,68,80,0,154,468,217,241,0,926,0,0,0,926
10/31/2004,FLL,FL,ASO,ES,Combined TRACON& Tower with Radar,468,176,193,0,837,0,41,48,0,89,468,217,241,0,926,0,0,0,926
11/01/2004,FLL,FL,ASO,ES,Towers with Radar,469,147,147,0,763,0,51,73,2,126,469,198,220,2,889,0,0,0,889
11/02/2004,FLL,FL,ASO,ES,Towers with Radar,445,132,101,0,678,0,30,71,0,101,445,162,172,0,779,0,0,0,779
11/03/2004,FLL,FL,ASO,ES,Towers with Radar,465,114,100,0,679,0,21,109,0,130,465,135,209,0,809,0,0,0,809
11/04/2004,FLL,FL,ASO,ES,Towers with Radar,487,124,106,0,717,0,48,107,0,155,487,172,213,0,872,0,0,0,872
11/05/2004,FLL,FL,ASO,ES,Towers with Radar,494,133,99,0,726,0,43,92,0,135,494,176,191,0,861,0,0,0,861
11/06/2004,FLL,FL,ASO,ES,Towers with Radar,492,115,51,0,658,0,24,37,0,61,492,139,88,0,719,0,0,0,719
11/07/2004,FLL,FL,ASO,ES,Towers with Radar,479,132,93,0,704,0,29,64,0,93,479,161,157,0,797,0,0,0,797
11/08/2004,FLL,FL,ASO,ES,Towers with Radar,482,114,97,0,693,0,46,102,0,148,482,160,199,0,841,0,0,0,841
11/09/2004,FLL,FL,ASO,ES,Towers with Radar,475,108,88,1,672,0,49,95,0,144,475,157,183,1,816,0,0,0,816
11/10/2004,FLL,FL,ASO,ES,Towers with Radar,484,125,102,2,713,0,45,87,0,132,484,170,189,2,845,0,0,0,845
11/11/2004,FLL,FL,ASO,ES,Towers with Radar,499,134,118,0,751,0,61,121,0,182,499,195,239,0,933,0,0,0,933
11/12/2004,FLL,FL,ASO,ES,Towers with Radar,505,134,128,3,770,4,57,112,0,173,509,191,240,3,943,0,0,0,943
11/13/2004,FLL,FL,ASO,ES,Towers with Radar,504,121,63,3,691,0,41,87,1,129,504,162,150,4,820,0,0,0,820
11/14/2004,FLL,FL,ASO,ES,Towers with Radar,478,137,105,2,722,0,32,58,2,92,478,169,163,4,814,0,0,0,814
11/15/2004,FLL,FL,ASO,ES,Towers with Radar,505,118,106,0,729,0,42,77,1,120,505,160,183,1,849,0,0,0,849
11/16/2004,FLL,FL,ASO,ES,Towers with Radar,489,112,79,0,680,0,46,120,0,166,489,158,199,0,846,0,6,6,852
11/17/2004,FLL,FL,ASO,ES,Towers with Radar,479,105,116,0,700,0,42,102,0,144,479,147,218,0,844,0,0,0,844
11/18/2004,FLL,FL,ASO,ES,Towers with Radar,518,151,134,0,803,0,37,121,0,158,518,188,255,0,961,0,0,0,961
11/19/2004,FLL,FL,ASO,ES,Towers with Radar,547,128,132,0,807,0,44,135,0,179,547,172,267,0,986,0,0,0,986
11/20/2004,FLL,FL,ASO,ES,Towers with Radar,532,140,100,0,772,0,41,116,0,157,532,181,216,0,929,0,0,0,929
11/21/2004,FLL,FL,ASO,ES,Towers with Radar,505,144,108,0,757,0,45,78,2,125,505,189,186,2,882,0,0,0,882
11/22/2004,FLL,FL,ASO,ES,Towers with Radar,511,121,84,2,718,0,54,103,4,161,511,175,187,6,879,0,0,0,879
11/23/2004,FLL,FL,ASO,ES,Towers with Radar,526,139,129,0,794,0,54,124,4,182,526,193,253,4,976,0,0,0,976
11/24/2004,FLL,FL,ASO,ES,Towers with Radar,524,123,130,1,778,0,61,137,0,198,524,184,267,1,976,0,0,0,976
11/25/2004,FLL,FL,ASO,ES,Towers with Radar,455,114,48,1,618,0,16,33,0,49,455,130,81,1,667,0,0,0,667
11/26/2004,FLL,FL,ASO,ES,Towers with Radar,492,135,70,0,697,0,47,90,0,137,492,182,160,0,834,2,0,2,836
11/27/2004,FLL,FL,ASO,ES,Towers with Radar,548,136,72,0,756,0,48,88,0,136,548,184,160,0,892,0,0,0,892
11/28/2004,FLL,FL,ASO,ES,Towers with Radar,526,161,201,0,888,0,65,111,0,176,526,226,312,0,1064,0,0,0,1064
11/29/2004,FLL,FL,ASO,ES,Towers with Radar,546,122,109,1,778,0,48,110,1,159,546,170,219,2,937,0,0,0,937
11/30/2004,FLL,FL,ASO,ES,Towers with Radar,510,123,91,0,724,0,34,86,0,120,510,157,177,0,844,0,0,0,844
12/01/2004,FLL,FL,ASO,ES,Towers with Radar,477,183,120,0,780,0,24,95,0,119,477,207,215,0,899,0,0,0,899
12/02/2004,FLL,FL,ASO,ES,Towers with Radar,526,182,116,0,824,0,32,119,0,151,526,214,235,0,975,0,0,0,975
12/03/2004,FLL,FL,ASO,ES,Towers with Radar,502,163,112,1,778,0,41,116,2,159,502,204,228,3,937,6,0,6,943
12/04/2004,FLL,FL,ASO,ES,Towers with Radar,494,154,92,0,740,0,30,63,0,93,494,184,155,0,833,0,0,0,833
12/05/2004,FLL,FL,ASO,ES,Towers with Radar,481,169,112,0,762,0,24,64,0,88,481,193,176,0,850,0,0,0,850
12/06/2004,FLL,FL,ASO,ES,Towers with Radar,495,173,109,0,777,0,35,84,0,119,495,208,193,0,896,0,0,0,896
12/07/2004,FLL,FL,ASO,ES,Towers with Radar,475,163,89,0,727,0,32,102,0,134,475,195,191,0,861,0,0,0,861
12/08/2004,FLL,FL,ASO,ES,Towers with Radar,476,161,101,0,738,0,23,109,0,132,476,184,210,0,870,0,0,0,870
12/09/2004,FLL,FL,ASO,ES,Towers with Radar,503,164,121,2,790,0,34,95,0,129,503,198,216,2,919,0,0,0,919
12/10/2004,FLL,FL,ASO,ES,Towers with Radar,499,185,122,0,806,0,29,98,1,128,499,214,220,1,934,6,0,6,940
12/11/2004,FLL,FL,ASO,ES,Towers with Radar,519,177,89,0,785,0,31,53,0,84,519,208,142,0,869,0,0,0,869
12/12/2004,FLL,FL,ASO,ES,Towers with Radar,502,163,76,0,741,0,39,52,0,91,502,202,128,0,832,0,0,0,832
12/13/2004,FLL,FL,ASO,ES,Towers with Radar,502,154,100,0,756,0,32,102,0,134,502,186,202,0,890,0,0,0,890
12/14/2004,FLL,FL,ASO,ES,Towers with Radar,483,163,89,0,735,0,37,143,0,180,483,200,232,0,915,0,0,0,915
12/15/2004,FLL,FL,ASO,ES,Towers with Radar,482,177,138,0,797,0,30,96,0,126,482,207,234,0,923,0,0,0,923
12/16/2004,FLL,FL,ASO,ES,Towers with Radar,537,176,116,2,831,0,39,128,0,167,537,215,244,2,998,0,0,0,998
12/17/2004,FLL,FL,ASO,ES,Towers with Radar,595,234,183,0,1012,0,31,77,0,108,595,265,260,0,1120,0,0,0,1120
12/18/2004,FLL,FL,ASO,ES,Towers with Radar,569,196,142,0,907,0,37,81,0,118,569,233,223,0,1025,0,0,0,1025
12/19/2004,FLL,FL,ASO,ES,Towers with Radar,561,198,125,0,884,0,24,55,0,79,561,222,180,0,963,6,0,6,969
12/20/2004,FLL,FL,ASO,ES,Towers with Radar,570,194,112,0,876,0,48,89,0,137,570,242,201,0,1013,0,0,0,1013
12/21/2004,FLL,FL,ASO,ES,Towers with Radar,583,169,105,1,858,0,37,143,0,180,583,206,248,1,1038,0,0,0,1038
12/22/2004,FLL,FL,ASO,ES,Towers with Radar,560,182,143,0,885,0,60,128,0,188,560,242,271,0,1073,0,0,0,1073
12/23/2004,FLL,FL,ASO,ES,Towers with Radar,547,167,152,0,866,0,52,96,0,148,547,219,248,0,1014,0,0,0,1014
12/24/2004,FLL,FL,ASO,ES,Towers with Radar,568,165,56,0,789,0,38,51,0,89,568,203,107,0,878,0,0,0,878
12/25/2004,FLL,FL,ASO,ES,Towers with Radar,542,163,45,0,750,0,12,17,0,29,542,175,62,0,779,0,0,0,779
12/26/2004,FLL,FL,ASO,ES,Towers with Radar,557,207,194,0,958,0,54,93,0,147,557,261,287,0,1105,0,0,0,1105
12/27/2004,FLL,FL,ASO,ES,Towers with Radar,582,216,196,0,994,0,71,101,0,172,582,287,297,0,1166,0,0,0,1166
12/28/2004,FLL,FL,ASO,ES,Towers with Radar,583,197,145,0,925,0,45,107,0,152,583,242,252,0,1077,0,0,0,1077
12/29/2004,FLL,FL,ASO,ES,Towers with Radar,590,188,158,0,936,0,39,117,0,156,590,227,275,0,1092,0,0,0,1092
12/30/2004,FLL,FL,ASO,ES,Towers with Radar,577,193,124,0,894,0,47,113,0,160,577,240,237,0,1054,0,0,0,1054
12/31/2004,FLL,FL,ASO,ES,Towers with Radar,550,186,95,0,831,0,26,67,0,93,550,212,162,0,924,0,0,0,924
01/01/2005,FLL,FL,ASO,ES,Towers with Radar,548,190,84,0,822,0,31,71,0,102,548,221,155,0,924,0,0,0,924
01/02/2005,FLL,FL,ASO,ES,Towers with Radar,591,226,222,0,1039,0,55,116,0,171,591,281,338,0,1210,0,0,0,1210
01/03/2005,FLL,FL,ASO,ES,Towers with Radar,607,218,173,0,998,0,60,142,1,203,607,278,315,1,1201,0,0,0,1201
01/04/2005,FLL,FL,ASO,ES,Towers with Radar,572,193,147,0,912,0,44,104,0,148,572,237,251,0,1060,0,0,0,1060
01/05/2005,FLL,FL,ASO,ES,Towers with Radar,548,189,168,0,905,0,40,111,0,151,548,229,279,0,1056,0,0,0,1056
01/06/2005,FLL,FL,ASO,ES,Towers with Radar,546,184,111,0,841,0,39,100,0,139,546,223,211,0,980,0,0,0,980
01/07/2005,FLL,FL,ASO,ES,Towers with Radar,561,185,135,0,881,0,43,131,0,174,561,228,266,0,1055,0,0,0,1055
01/08/2005,FLL,FL,ASO,ES,Towers with Radar,537,183,120,0,840,0,39,78,0,117,537,222,198,0,957,0,0,0,957
01/09/2005,FLL,FL,ASO,ES,Towers with Radar,524,190,153,0,867,0,37,75,0,112,524,227,228,0,979,0,0,0,979
01/10/2005,FLL,FL,ASO,ES,Towers with Radar,512,169,128,4,813,0,43,77,0,120,512,212,205,4,933,0,0,0,933
01/11/2005,FLL,FL,ASO,ES,Towers with Radar,475,177,100,0,752,0,31,92,0,123,475,208,192,0,875,0,0,0,875
01/12/2005,FLL,FL,ASO,ES,Towers with Radar,480,180,135,2,797,0,34,125,0,159,480,214,260,2,956,0,0,0,956
01/13/2005,FLL,FL,ASO,ES,Towers with Radar,506,206,125,0,837,0,28,95,0,123,506,234,220,0,960,0,0,0,960
01/14/2005,FLL,FL,ASO,ES,Towers with Radar,518,164,138,1,821,0,22,56,0,78,518,186,194,1,899,0,0,0,899
01/15/2005,FLL,FL,ASO,ES,Towers with Radar,522,183,138,0,843,0,3,13,0,16,522,186,151,0,859,0,0,0,859
01/16/2005,FLL,FL,ASO,ES,Towers with Radar,486,181,117,1,785,0,15,32,0,47,486,196,149,1,832,0,0,0,832
01/17/2005,FLL,FL,ASO,ES,Towers with Radar,500,170,120,0,790,0,34,95,0,129,500,204,215,0,919,0,0,0,919
01/18/2005,FLL,FL,ASO,ES,Towers with Radar,510,184,103,0,797,0,25,93,0,118,510,209,196,0,915,0,0,0,915
01/19/2005,FLL,FL,ASO,ES,Towers with Radar,491,176,124,0,791,0,33,101,0,134,491,209,225,0,925,6,0,6,931
01/20/2005,FLL,FL,ASO,ES,Towers with Radar,535,188,128,1,852,0,22,144,0,166,535,210,272,1,1018,0,0,0,1018
01/21/2005,FLL,FL,ASO,ES,Towers with Radar,521,203,128,3,855,0,30,127,1,158,521,233,255,4,1013,0,0,0,1013
01/22/2005,FLL,FL,ASO,ES,Towers with Radar,459,181,97,1,738,0,23,64,0,87,459,204,161,1,825,0,0,0,825
01/23/2005,FLL,FL,ASO,ES,Towers with Radar,434,187,131,3,755,0,33,45,1,79,434,220,176,4,834,0,0,0,834
01/24/2005,FLL,FL,ASO,ES,Towers with Radar,507,176,126,2,811,0,46,75,0,121,507,222,201,2,932,0,0,0,932
01/25/2005,FLL,FL,ASO,ES,Towers with Radar,511,180,101,0,792,0,48,98,0,146,511,228,199,0,938,4,0,4,942
01/26/2005,FLL,FL,ASO,ES,Towers with Radar,472,189,110,1,772,0,34,100,0,134,472,223,210,1,906,0,0,0,906
01/27/2005,FLL,FL,ASO,ES,Towers with Radar,530,218,141,0,889,0,37,127,0,164,530,255,268,0,1053,0,0,0,1053
01/28/2005,FLL,FL,ASO,ES,Towers with Radar,506,217,145,6,874,0,27,104,2,133,506,244,249,8,1007,0,0,0,1007
01/29/2005,FLL,FL,ASO,ES,Towers with Radar,488,183,100,0,771,0,22,68,0,90,488,205,168,0,861,0,0,0,861
01/30/2005,FLL,FL,ASO,ES,Towers with Radar,498,191,101,3,793,0,34,71,0,105,498,225,172,3,898,0,0,0,898
01/31/2005,FLL,FL,ASO,ES,Towers with Radar,509,185,90,0,784,0,25,81,0,106,509,210,171,0,890,0,0,0,890
02/01/2005,FLL,FL,ASO,ES,Towers with Radar,525,173,108,0,806,0,27,99,1,127,525,200,207,1,933,0,0,0,933
02/02/2005,FLL,FL,ASO,ES,Towers with Radar,502,180,125,4,811,0,22,113,0,135,502,202,238,4,946,0,0,0,946
02/03/2005,FLL,FL,ASO,ES,Towers with Radar,522,200,125,3,850,0,35,96,0,131,522,235,221,3,981,0,0,0,981
02/04/2005,FLL,FL,ASO,ES,Towers with Radar,536,225,131,2,894,0,22,120,1,143,536,247,251,3,1037,0,0,0,1037
02/05/2005,FLL,FL,ASO,ES,Towers with Radar,530,174,115,2,821,0,25,93,2,120,530,199,208,4,941,0,0,0,941
02/06/2005,FLL,FL,ASO,ES,Towers with Radar,525,212,117,1,855,0,42,89,0,131,525,254,206,1,986,0,0,0,986
02/07/2005,FLL,FL,ASO,ES,Towers with Radar,547,199,144,0,890,0,43,103,0,146,547,242,247,0,1036,0,0,0,1036
02/08/2005,FLL,FL,ASO,ES,Towers with Radar,537,196,103,0,836,0,41,103,1,145,537,237,206,1,981,0,0,0,981
02/09/2005,FLL,FL,ASO,ES,Towers with Radar,531,197,134,0,862,0,32,110,0,142,531,229,244,0,1004,0,0,0,1004
02/10/2005,FLL,FL,ASO,ES,Towers with Radar,569,220,140,0,929,0,28,137,0,165,569,248,277,0,1094,0,0,0,1094
02/11/2005,FLL,FL,ASO,ES,Towers with Radar,563,219,106,2,890,0,50,149,3,202,563,269,255,5,1092,0,0,0,1092
02/12/2005,FLL,FL,ASO,ES,Towers with Radar,576,191,93,0,860,0,27,89,0,116,576,218,182,0,976,0,0,0,976
02/13/2005,FLL,FL,ASO,ES,Towers with Radar,540,202,135,0,877,0,42,67,0,109,540,244,202,0,986,0,0,0,986
02/14/2005,FLL,FL,ASO,ES,Towers with Radar,551,198,110,0,859,0,38,105,0,143,551,236,215,0,1002,0,0,0,1002
02/15/2005,FLL,FL,ASO,ES,Towers with Radar,568,197,142,8,915,0,43,143,0,186,568,240,285,8,1101,0,0,0,1101
02/16/2005,FLL,FL,ASO,ES,Towers with Radar,554,188,127,6,875,0,30,145,0,175,554,218,272,6,1050,0,0,0,1050
02/17/2005,FLL,FL,ASO,ES,Towers with Radar,580,219,197,5,1001,0,43,153,0,196,580,262,350,5,1197,0,0,0,1197
02/18/2005,FLL,FL,ASO,ES,Towers with Radar,595,222,179,8,1004,0,30,176,2,208,595,252,355,10,1212,0,0,0,1212
02/19/2005,FLL,FL,ASO,ES,Towers with Radar,608,212,119,2,941,0,28,108,2,138,608,240,227,4,1079,0,0,0,1079
02/20/2005,FLL,FL,ASO,ES,Towers with Radar,569,226,138,0,933,0,22,89,0,111,569,248,227,0,1044,0,0,0,1044
02/21/2005,FLL,FL,ASO,ES,Towers with Radar,569,218,144,2,933,0,38,135,0,173,569,256,279,2,1106,0,0,0,1106
02/22/2005,FLL,FL,ASO,ES,Towers with Radar,590,190,135,0,915,0,22,131,0,153,590,212,266,0,1068,0,0,0,1068
02/23/2005,FLL,FL,ASO,ES,Towers with Radar,581,191,127,1,900,0,27,137,0,164,581,218,264,1,1064,0,0,0,1064
02/24/2005,FLL,FL,ASO,ES,Towers with Radar,571,215,115,1,902,0,33,120,0,153,571,248,235,1,1055,0,0,0,1055
02/25/2005,FLL,FL,ASO,ES,Towers with Radar,592,204,114,0,910,0,36,97,2,135,592,240,211,2,1045,0,0,0,1045
02/26/2005,FLL,FL,ASO,ES,Towers with Radar,610,202,104,1,917,0,38,120,0,158,610,240,224,1,1075,0,0,0,1075
02/27/2005,FLL,FL,ASO,ES,Towers with Radar,577,220,138,0,935,0,18,58,0,76,577,238,196,0,1011,0,0,0,1011
02/28/2005,FLL,FL,ASO,ES,Towers with Radar,559,208,131,0,898,0,29,86,2,117,559,237,217,2,1015,0,0,0,1015
03/01/2005,FLL,FL,ASO,ES,Towers with Radar,563,188,105,0,856,0,24,109,0,133,563,212,214,0,989,0,0,0,989
03/02/2005,FLL,FL,ASO,ES,Towers with Radar,588,197,97,1,883,0,26,126,0,152,588,223,223,1,1035,0,0,0,1035
03/03/2005,FLL,FL,ASO,ES,Towers with Radar,602,210,164,2,978,0,27,116,0,143,602,237,280,2,1121,0,0,0,1121
03/04/2005,FLL,FL,ASO,ES,Towers with Radar,581,222,197,0,1000,0,36,119,0,155,581,258,316,0,1155,0,0,0,1155
03/05/2005,FLL,FL,ASO,ES,Towers with Radar,581,212,116,1,910,0,29,116,0,145,581,241,232,1,1055,0,0,0,1055
03/06/2005,FLL,FL,ASO,ES,Towers with Radar,561,219,130,0,910,0,21,93,0,114,561,240,223,0,1024,0,0,0,1024
03/07/2005,FLL,FL,ASO,ES,Towers with Radar,568,196,125,0,889,0,37,116,0,153,568,233,241,0,1042,0,0,0,1042
03/08/2005,FLL,FL,ASO,ES,Towers with Radar,522,194,117,0,833,0,32,93,0,125,522,226,210,0,958,0,0,0,958
03/09/2005,FLL,FL,ASO,ES,Towers with Radar,560,204,147,0,911,0,22,39,0,61,560,226,186,0,972,0,0,0,972
03/10/2005,FLL,FL,ASO,ES,Towers with Radar,617,214,157,0,988,0,40,185,0,225,617,254,342,0,1213,0,0,0,1213
03/11/2005,FLL,FL,ASO,ES,Towers with Radar,586,226,144,0,956,0,42,153,3,198,586,268,297,3,1154,0,0,0,1154
03/12/2005,FLL,FL,ASO,ES,Towers with Radar,581,204,105,0,890,0,41,127,0,168,581,245,232,0,1058,0,0,0,1058
03/13/2005,FLL,FL,ASO,ES,Towers with Radar,558,216,112,0,886,0,46,112,0,158,558,262,224,0,1044,0,0,0,1044
03/14/2005,FLL,FL,ASO,ES,Towers with Radar,566,198,87,2,853,0,37,82,0,119,566,235,169,2,972,0,0,0,972
03/15/2005,FLL,FL,ASO,ES,Towers with Radar,581,210,111,0,902,0,48,138,0,186,581,258,249,0,1088,0,0,0,1088
03/16/2005,FLL,FL,ASO,ES,Towers with Radar,565,215,121,1,902,0,34,104,0,138,565,249,225,1,1040,0,0,0,1040
03/17/2005,FLL,FL,ASO,ES,Towers with Radar,559,185,121,0,865,0,37,60,0,97,559,222,181,0,962,0,0,0,962
03/18/2005,FLL,FL,ASO,ES,Towers with Radar,613,262,218,1,1094,0,54,156,1,211,613,316,374,2,1305,0,0,0,1305
03/19/2005,FLL,FL,ASO,ES,Towers with Radar,583,228,143,0,954,0,53,192,0,245,583,281,335,0,1199,0,0,0,1199
03/20/2005,FLL,FL,ASO,ES,Towers with Radar,577,220,148,0,945,0,54,118,0,172,577,274,266,0,1117,8,0,8,1125
03/21/2005,FLL,FL,ASO,ES,Towers with Radar,580,200,136,0,916,0,54,113,0,167,580,254,249,0,1083,8,0,8,1091
03/22/2005,FLL,FL,ASO,ES,Towers with Radar,575,217,146,0,938,0,34,98,0,132,575,251,244,0,1070,0,0,0,1070
03/23/2005,FLL,FL,ASO,ES,Towers with Radar,558,194,119,0,871,0,51,103,0,154,558,245,222,0,1025,0,0,0,1025
03/24/2005,FLL,FL,ASO,ES,Towers with Radar,614,235,182,0,1031,0,66,177,0,243,614,301,359,0,1274,0,0,0,1274
03/25/2005,FLL,FL,ASO,ES,Towers with Radar,545,208,130,1,884,0,81,142,0,223,545,289,272,1,1107,0,0,0,1107
03/26/2005,FLL,FL,ASO,ES,Towers with Radar,594,223,130,0,947,0,64,148,0,212,594,287,278,0,1159,0,0,0,1159
03/27/2005,FLL,FL,ASO,ES,Towers with Radar,572,223,145,0,940,0,44,113,0,157,572,267,258,0,1097,0,0,0,1097
03/28/2005,FLL,FL,ASO,ES,Towers with Radar,562,238,151,0,951,0,63,91,0,154,562,301,242,0,1105,0,0,0,1105
03/29/2005,FLL,FL,ASO,ES,Towers with Radar,593,200,141,0,934,0,54,138,0,192,593,254,279,0,1126,0,0,0,1126
03/30/2005,FLL,FL,ASO,ES,Towers with Radar,565,210,120,0,895,0,50,132,0,182,565,260,252,0,1077,0,0,0,1077
03/31/2005,FLL,FL,ASO,ES,Towers with Radar,568,200,155,0,923,0,68,146,0,214,568,268,301,0,1137,0,0,0,1137
04/01/2005,FLL,FL,ASO,ES,Towers with Radar,571,196,158,1,926,0,60,157,0,217,571,256,315,1,1143,0,0,0,1143
04/02/2005,FLL,FL,ASO,ES,Towers with Radar,561,214,137,0,912,0,44,113,0,157,561,258,250,0,1069,0,0,0,1069
04/03/2005,FLL,FL,ASO,ES,Towers with Radar,548,197,157,0,902,0,68,122,0,190,548,265,279,0,1092,0,0,0,1092
04/04/2005,FLL,FL,ASO,ES,Towers with Radar,545,179,116,0,840,0,55,124,0,179,545,234,240,0,1019,0,0,0,1019
04/05/2005,FLL,FL,ASO,ES,Towers with Radar,555,190,111,0,856,0,41,140,0,181,555,231,251,0,1037,0,0,0,1037
04/06/2005,FLL,FL,ASO,ES,Towers with Radar,555,191,102,0,848,0,40,103,0,143,555,231,205,0,991,0,0,0,991
04/07/2005,FLL,FL,ASO,ES,Towers with Radar,534,176,107,0,817,0,52,101,0,153,534,228,208,0,970,0,0,0,970
04/08/2005,FLL,FL,ASO,ES,Towers with Radar,563,198,118,1,880,0,43,61,2,106,563,241,179,3,986,0,0,0,986
04/09/2005,FLL,FL,ASO,ES,Towers with Radar,569,222,89,0,880,0,36,118,0,154,569,258,207,0,1034,0,0,0,1034
04/10/2005,FLL,FL,ASO,ES,Towers with Radar,540,219,112,0,871,0,27,66,0,93,540,246,178,0,964,0,0,0,964
04/11/2005,FLL,FL,ASO,ES,Towers with Radar,530,201,91,0,822,0,65,89,0,154,530,266,180,0,976,0,0,0,976
04/12/2005,FLL,FL,ASO,ES,Towers with Radar,533,192,96,0,821,0,44,102,0,146,533,236,198,0,967,0,0,0,967
04/13/2005,FLL,FL,ASO,ES,Towers with Radar,547,203,116,0,866,0,27,93,0,120,547,230,209,0,986,0,0,0,986
04/14/2005,FLL,FL,ASO,ES,Towers with Radar,555,194,101,0,850,0,41,130,0,171,555,235,231,0,1021,0,0,0,1021
04/15/2005,FLL,FL,ASO,ES,Towers with Radar,573,220,117,0,910,0,43,120,0,163,573,263,237,0,1073,4,0,4,1077
04/16/2005,FLL,FL,ASO,ES,Towers with Radar,556,211,120,0,887,0,38,97,0,135,556,249,217,0,1022,0,0,0,1022
04/17/2005,FLL,FL,ASO,ES,Towers with Radar,540,220,130,0,890,0,42,68,0,110,540,262,198,0,1000,0,0,0,1000
04/18/2005,FLL,FL,ASO,ES,Towers with Radar,532,188,93,0,813,0,50,106,0,156,532,238,199,0,969,0,0,0,969
04/19/2005,FLL,FL,ASO,ES,Towers with Radar,544,195,88,0,827,0,49,103,0,152,544,244,191,0,979,0,0,0,979
04/20/2005,FLL,FL,ASO,ES,Towers with Radar,535,185,102,0,822,1,36,128,0,165,536,221,230,0,987,0,0,0,987
04/21/2005,FLL,FL,ASO,ES,Towers with Radar,560,201,133,0,894,0,35,122,0,157,560,236,255,0,1051,0,0,0,1051
04/22/2005,FLL,FL,ASO,ES,Towers with Radar,563,217,111,1,892,0,44,118,0,162,563,261,229,1,1054,0,0,0,1054
04/23/2005,FLL,FL,ASO,ES,Towers with Radar,552,206,69,0,827,0,50,101,0,151,552,256,170,0,978,0,0,0,978
04/24/2005,FLL,FL,ASO,ES,Towers with Radar,532,213,130,0,875,0,47,91,0,138,532,260,221,0,1013,0,0,0,1013
04/25/2005,FLL,FL,ASO,ES,Towers with Radar,525,200,93,0,818,0,49,112,0,161,525,249,205,0,979,0,0,0,979
04/26/2005,FLL,FL,ASO,ES,Towers with Radar,547,177,102,1,827,0,39,120,0,159,547,216,222,1,986,0,0,0,986
04/27/2005,FLL,FL,ASO,ES,Towers with Radar,542,182,130,4,858,0,35,80,1,116,542,217,210,5,974,0,0,0,974
04/28/2005,FLL,FL,ASO,ES,Towers with Radar,550,186,124,2,862,0,58,142,0,200,550,244,266,2,1062,0,0,0,1062
04/29/2005,FLL,FL,ASO,ES,Towers with Radar,553,238,121,0,912,0,49,119,10,178,553,287,240,10,1090,0,0,0,1090
04/30/2005,FLL,FL,ASO,ES,Towers with Radar,525,203,75,2,805,0,47,87,4,138,525,250,162,6,943,0,0,0,943
05/01/2005,FLL,FL,ASO,ES,Towers with Radar,517,209,138,6,870,0,67,81,4,152,517,276,219,10,1022,8,0,8,1030
05/02/2005,FLL,FL,ASO,ES,Towers with Radar,522,188,119,3,832,0,41,103,2,146,522,229,222,5,978,0,0,0,978
05/03/2005,FLL,FL,ASO,ES,Towers with Radar,521,187,101,0,809,0,34,74,2,110,521,221,175,2,919,0,0,0,919
05/04/2005,FLL,FL,ASO,ES,Towers with Radar,499,182,96,0,777,0,28,87,0,115,499,210,183,0,892,0,0,0,892
05/05/2005,FLL,FL,ASO,ES,Towers with Radar,524,202,100,0,826,0,34,90,0,124,524,236,190,0,950,4,0,4,954
05/06/2005,FLL,FL,ASO,ES,Towers with Radar,523,187,118,0,828,0,55,117,0,172,523,242,235,0,1000,0,0,0,1000
05/07/2005,FLL,FL,ASO,ES,Towers with Radar,520,195,84,0,799,0,36,98,0,134,520,231,182,0,933,0,0,0,933
05/08/2005,FLL,FL,ASO,ES,Towers with Radar,461,210,78,0,749,0,51,96,0,147,461,261,174,0,896,0,0,0,896
05/09/2005,FLL,FL,ASO,ES,Towers with Radar,485,185,93,0,763,0,53,101,0,154,485,238,194,0,917,0,0,0,917
05/10/2005,FLL,FL,ASO,ES,Towers with Radar,483,191,114,0,788,0,35,148,0,183,483,226,262,0,971,0,0,0,971
05/11/2005,FLL,FL,ASO,ES,Towers with Radar,480,175,104,0,759,0,39,96,0,135,480,214,200,0,894,0,0,0,894
05/12/2005,FLL,FL,ASO,ES,Towers with Radar,499,193,124,1,817,0,58,89,0,147,499,251,213,1,964,6,0,6,970
05/13/2005,FLL,FL,ASO,ES,Towers with Radar,499,208,99,1,807,0,61,151,3,215,499,269,250,4,1022,0,0,0,1022
05/14/2005,FLL,FL,ASO,ES,Towers with Radar,479,193,82,0,754,0,42,82,0,124,479,235,164,0,878,0,0,0,878
05/15/2005,FLL,FL,ASO,ES,Towers with Radar,455,216,113,0,784,0,54,117,1,172,455,270,230,1,956,0,0,0,956
05/16/2005,FLL,FL,ASO,ES,Towers with Radar,489,187,81,0,757,0,51,114,0,165,489,238,195,0,922,0,0,0,922
05/17/2005,FLL,FL,ASO,ES,Towers with Radar,489,184,87,0,760,0,42,87,0,129,489,226,174,0,889,2,0,2,891
05/18/2005,FLL,FL,ASO,ES,Towers with Radar,482,184,113,0,779,0,43,106,0,149,482,227,219,0,928,0,0,0,928
05/19/2005,FLL,FL,ASO,ES,Towers with Radar,514,193,127,0,834,0,52,122,0,174,514,245,249,0,1008,0,0,0,1008
05/20/2005,FLL,FL,ASO,ES,Towers with Radar,499,195,114,0,808,0,69,150,0,219,499,264,264,0,1027,0,0,0,1027
05/21/2005,FLL,FL,ASO,ES,Towers with Radar,498,198,86,0,782,0,33,79,0,112,498,231,165,0,894,0,0,0,894
05/22/2005,FLL,FL,ASO,ES,Towers with Radar,464,210,124,1,799,0,64,74,0,138,464,274,198,1,937,0,0,0,937
05/23/2005,FLL,FL,ASO,ES,Towers with Radar,492,183,93,0,768,0,61,100,0,161,492,244,193,0,929,0,0,0,929
05/24/2005,FLL,FL,ASO,ES,Towers with Radar,496,181,59,6,742,0,43,79,0,122,496,224,138,6,864,0,0,0,864
05/25/2005,FLL,FL,ASO,ES,Towers with Radar,467,181,95,0,743,0,39,85,0,124,467,220,180,0,867,0,0,0,867
05/26/2005,FLL,FL,ASO,ES,Towers with Radar,532,174,103,1,810,0,46,128,0,174,532,220,231,1,984,0,0,0,984
05/27/2005,FLL,FL,ASO,ES,Towers with Radar,487,216,162,0,865,0,81,180,0,261,487,297,342,0,1126,0,0,0,1126
05/28/2005,FLL,FL,ASO,ES,Towers with Radar,483,193,86,0,762,0,55,97,0,152,483,248,183,0,914,0,0,0,914
05/29/2005,FLL,FL,ASO,ES,Towers with Radar,449,196,66,1,712,0,38,53,0,91,449,234,119,1,803,0,0,0,803
05/30/2005,FLL,FL,ASO,ES,Towers with Radar,464,216,112,0,792,0,63,131,0,194,464,279,243,0,986,0,0,0,986
05/31/2005,FLL,FL,ASO,ES,Towers with Radar,488,160,96,0,744,0,46,102,0,148,488,206,198,0,892,0,0,0,892
06/01/2005,FLL,FL,ASO,ES,Towers with Radar,490,163,86,0,739,0,30,56,0,86,490,193,142,0,825,0,0,0,825
06/02/2005,FLL,FL,ASO,ES,Towers with Radar,497,162,110,0,769,0,49,93,0,142,497,211,203,0,911,0,0,0,911
06/03/2005,FLL,FL,ASO,ES,Towers with Radar,500,191,104,0,795,0,52,105,3,160,500,243,209,3,955,0,0,0,955
06/04/2005,FLL,FL,ASO,ES,Towers with Radar,485,193,80,0,758,0,39,101,0,140,485,232,181,0,898,0,0,0,898
06/05/2005,FLL,FL,ASO,ES,Towers with Radar,477,205,117,0,799,0,39,57,0,96,477,244,174,0,895,0,0,0,895
06/06/2005,FLL,FL,ASO,ES,Towers with Radar,474,187,94,5,760,0,40,70,0,110,474,227,164,5,870,0,0,0,870
06/07/2005,FLL,FL,ASO,ES,Towers with Radar,499,207,93,1,800,0,33,93,0,126,499,240,186,1,926,0,0,0,926
06/08/2005,FLL,FL,ASO,ES,Towers with Radar,473,200,102,0,775,0,47,102,0,149,473,247,204,0,924,0,0,0,924
06/09/2005,FLL,FL,ASO,ES,Towers with Radar,486,206,99,0,791,0,34,76,0,110,486,240,175,0,901,6,0,6,907
06/10/2005,FLL,FL,ASO,ES,Towers with Radar,495,191,97,0,783,0,21,37,0,58,495,212,134,0,841,0,0,0,841
06/11/2005,FLL,FL,ASO,ES,Towers with Radar,497,197,84,0,778,0,34,70,0,104,497,231,154,0,882,0,0,0,882
06/12/2005,FLL,FL,ASO,ES,Towers with Radar,475,198,97,2,772,0,35,96,0,131,475,233,193,2,903,6,0,6,909
06/13/2005,FLL,FL,ASO,ES,Towers with Radar,478,166,84,0,728,0,48,110,0,158,478,214,194,0,886,0,0,0,886
06/14/2005,FLL,FL,ASO,ES,Towers with Radar,482,168,103,1,754,0,43,101,0,144,482,211,204,1,898,0,0,0,898
06/15/2005,FLL,FL,ASO,ES,Towers with Radar,464,175,103,2,744,0,32,147,0,179,464,207,250,2,923,0,0,0,923
06/16/2005,FLL,FL,ASO,ES,Towers with Radar,492,210,96,0,798,0,46,132,0,178,492,256,228,0,976,0,0,0,976
06/17/2005,FLL,FL,ASO,ES,Towers with Radar,516,272,222,0,1010,0,0,0,0,0,516,272,222,0,1010,0,0,0,1010
06/18/2005,FLL,FL,ASO,ES,Towers with Radar,447,191,78,0,716,0,45,91,0,136,447,236,169,0,852,0,0,0,852
06/19/2005,FLL,FL,ASO,ES,Towers with Radar,463,184,70,3,720,0,44,61,0,105,463,228,131,3,825,0,0,0,825
06/20/2005,FLL,FL,ASO,ES,Towers with Radar,480,164,85,0,729,0,45,55,0,100,480,209,140,0,829,0,0,0,829
06/21/2005,FLL,FL,ASO,ES,Towers with Radar,489,183,103,0,775,0,46,93,0,139,489,229,196,0,914,0,0,0,914
06/22/2005,FLL,FL,ASO,ES,Towers with Radar,444,168,90,0,702,0,29,55,0,84,444,197,145,0,786,0,0,0,786
06/23/2005,FLL,FL,ASO,ES,Towers with Radar,500,183,93,0,776,0,41,112,0,153,500,224,205,0,929,0,0,0,929
06/24/2005,FLL,FL,ASO,ES,Towers with Radar,504,185,131,0,820,0,50,129,0,179,504,235,260,0,999,0,0,0,999
06/25/2005,FLL,FL,ASO,ES,Towers with Radar,492,194,78,0,764,0,51,80,0,131,492,245,158,0,895,0,0,0,895
06/26/2005,FLL,FL,ASO,ES,Towers with Radar,467,182,86,0,735,0,36,63,1,100,467,218,149,1,835,14,0,14,849
06/27/2005,FLL,FL,ASO,ES,Towers with Radar,480,168,91,0,739,0,50,72,0,122,480,218,163,0,861,0,0,0,861
06/28/2005,FLL,FL,ASO,ES,Towers with Radar,475,173,93,0,741,0,38,84,0,122,475,211,177,0,863,0,0,0,863
06/29/2005,FLL,FL,ASO,ES,Towers with Radar,474,170,100,0,744,0,48,89,0,137,474,218,189,0,881,0,0,0,881
06/30/2005,FLL,FL,ASO,ES,Towers with Radar,520,182,115,3,820,0,57,121,0,178,520,239,236,3,998,0,0,0,998
07/01/2005,FLL,FL,ASO,ES,Towers with Radar,513,215,144,0,872,0,71,113,0,184,513,286,257,0,1056,0,0,0,1056
07/02/2005,FLL,FL,ASO,ES,Towers with Radar,495,202,72,1,770,0,56,93,1,150,495,258,165,2,920,0,0,0,920
07/03/2005,FLL,FL,ASO,ES,Towers with Radar,444,176,54,0,674,0,28,48,0,76,444,204,102,0,750,0,0,0,750
07/04/2005,FLL,FL,ASO,ES,Towers with Radar,451,176,58,0,685,0,50,65,0,115,451,226,123,0,800,0,0,0,800
07/05/2005,FLL,FL,ASO,ES,Towers with Radar,477,180,100,1,758,0,69,122,0,191,477,249,222,1,949,0,0,0,949
07/06/2005,FLL,FL,ASO,ES,Towers with Radar,485,187,100,0,772,0,50,92,3,145,485,237,192,3,917,10,0,10,927
07/07/2005,FLL,FL,ASO,ES,Towers with Radar,505,186,69,3,763,0,48,118,0,166,505,234,187,3,929,0,0,0,929
07/08/2005,FLL,FL,ASO,ES,Towers with Radar,520,209,80,0,809,0,45,94,1,140,520,254,174,1,949,0,0,0,949
07/09/2005,FLL,FL,ASO,ES,Towers with Radar,400,141,57,0,598,70,19,35,0,124,470,160,92,0,722,0,0,0,722
07/10/2005,FLL,FL,ASO,ES,Towers with Radar,458,153,85,1,697,0,55,57,0,112,458,208,142,1,809,0,0,0,809
07/11/2005,FLL,FL,ASO,ES,Towers with Radar,497,181,88,1,767,0,40,73,0,113,497,221,161,1,880,0,0,0,880
07/12/2005,FLL,FL,ASO,ES,Towers with Radar,486,186,98,0,770,0,34,89,1,124,486,220,187,1,894,0,0,0,894
07/13/2005,FLL,FL,ASO,ES,Towers with Radar,472,183,104,2,761,0,28,130,0,158,472,211,234,2,919,0,0,0,919
07/14/2005,FLL,FL,ASO,ES,Towers with Radar,509,199,102,1,811,0,42,103,0,145,509,241,205,1,956,0,0,0,956
07/15/2005,FLL,FL,ASO,ES,Towers with Radar,502,213,104,0,819,0,36,109,0,145,502,249,213,0,964,0,0,0,964
07/16/2005,FLL,FL,ASO,ES,Towers with Radar,491,226,85,0,802,0,51,72,1,124,491,277,157,1,926,0,0,0,926
07/17/2005,FLL,FL,ASO,ES,Towers with Radar,484,223,69,1,777,0,40,61,0,101,484,263,130,1,878,2,0,2,880
07/18/2005,FLL,FL,ASO,ES,Towers with Radar,496,213,94,0,803,0,55,73,0,128,496,268,167,0,931,0,0,0,931
07/19/2005,FLL,FL,ASO,ES,Towers with Radar,497,209,91,0,797,0,42,94,0,136,497,251,185,0,933,0,0,0,933
07/20/2005,FLL,FL,ASO,ES,Towers with Radar,490,209,96,0,795,0,30,84,0,114,490,239,180,0,909,0,0,0,909
07/21/2005,FLL,FL,ASO,ES,Towers with Radar,499,208,70,0,777,0,38,98,0,136,499,246,168,0,913,0,0,0,913
07/22/2005,FLL,FL,ASO,ES,Towers with Radar,527,201,100,0,828,0,56,67,0,123,527,257,167,0,951,4,0,4,955
07/23/2005,FLL,FL,ASO,ES,Towers with Radar,497,221,92,0,810,0,52,78,0,130,497,273,170,0,940,0,0,0,940
07/24/2005,FLL,FL,ASO,ES,Towers with Radar,471,199,73,1,744,0,49,66,0,115,471,248,139,1,859,0,0,0,859
07/25/2005,FLL,FL,ASO,ES,Towers with Radar,497,190,81,0,768,0,45,82,0,127,497,235,163,0,895,0,0,0,895
07/26/2005,FLL,FL,ASO,ES,Towers with Radar,501,201,81,0,783,0,44,63,0,107,501,245,144,0,890,14,0,14,904
07/27/2005,FLL,FL,ASO,ES,Towers with Radar,478,192,78,0,748,0,38,97,0,135,478,230,175,0,883,0,0,0,883
07/28/2005,FLL,FL,ASO,ES,Towers with Radar,524,198,98,0,820,0,47,94,0,141,524,245,192,0,961,0,0,0,961
07/29/2005,FLL,FL,ASO,ES,Towers with Radar,519,213,78,1,811,0,50,91,0,141,519,263,169,1,952,0,0,0,952
07/30/2005,FLL,FL,ASO,ES,Towers with Radar,492,200,81,0,773,0,56,49,0,105,492,256,130,0,878,0,0,0,878
07/31/2005,FLL,FL,ASO,ES,Towers with Radar,479,212,77,0,768,0,49,78,1,128,479,261,155,1,896,0,0,0,896
08/01/2005,FLL,FL,ASO,ES,Towers with Radar,493,195,66,0,754,0,47,70,0,117,493,242,136,0,871,0,0,0,871
08/02/2005,FLL,FL,ASO,ES,Towers with Radar,490,185,86,1,762,0,40,95,1,136,490,225,181,2,898,0,0,0,898
08/03/2005,FLL,FL,ASO,ES,Towers with Radar,472,185,77,0,734,0,53,73,0,126,472,238,150,0,860,0,0,0,860
08/04/2005,FLL,FL,ASO,ES,Towers with Radar,496,216,97,0,809,0,61,74,0,135,496,277,171,0,944,0,0,0,944
08/05/2005,FLL,FL,ASO,ES,Towers with Radar,513,202,109,0,824,0,51,95,0,146,513,253,204,0,970,0,0,0,970
08/06/2005,FLL,FL,ASO,ES,Towers with Radar,499,202,82,0,783,0,54,60,0,114,499,256,142,0,897,0,0,0,897
08/07/2005,FLL,FL,ASO,ES,Towers with Radar,476,209,86,0,771,0,43,81,0,124,476,252,167,0,895,0,0,0,895
08/08/2005,FLL,FL,ASO,ES,Towers with Radar,471,189,87,0,747,0,49,82,0,131,471,238,169,0,878,0,0,0,878
08/09/2005,FLL,FL,ASO,ES,Towers with Radar,501,199,97,0,797,0,30,64,0,94,501,229,161,0,891,0,0,0,891
08/10/2005,FLL,FL,ASO,ES,Towers with Radar,474,188,79,0,741,0,34,76,0,110,474,222,155,0,851,0,0,0,851
08/11/2005,FLL,FL,ASO,ES,Towers with Radar,508,193,99,3,803,0,28,83,0,111,508,221,182,3,914,0,0,0,914
08/12/2005,FLL,FL,ASO,ES,Towers with Radar,508,208,86,1,803,0,60,79,0,139,508,268,165,1,942,0,0,0,942
08/13/2005,FLL,FL,ASO,ES,Towers with Radar,488,211,64,0,763,0,27,73,0,100,488,238,137,0,863,0,0,0,863
08/14/2005,FLL,FL,ASO,ES,Towers with Radar,456,210,70,0,736,0,36,61,0,97,456,246,131,0,833,0,0,0,833
08/15/2005,FLL,FL,ASO,ES,Towers with Radar,492,207,95,0,794,0,44,71,0,115,492,251,166,0,909,0,0,0,909
08/16/2005,FLL,FL,ASO,ES,Towers with Radar,494,199,95,0,788,0,39,80,0,119,494,238,175,0,907,0,0,0,907
08/17/2005,FLL,FL,ASO,ES,Towers with Radar,486,193,87,0,766,0,31,91,0,122,486,224,178,0,888,0,0,0,888
08/18/2005,FLL,FL,ASO,ES,Towers with Radar,493,208,78,1,780,0,30,86,0,116,493,238,164,1,896,0,0,0,896
08/19/2005,FLL,FL,ASO,ES,Towers with Radar,514,198,80,0,792,0,38,69,0,107,514,236,149,0,899,0,0,0,899
08/20/2005,FLL,FL,ASO,ES,Towers with Radar,475,201,56,0,732,0,32,50,0,82,475,233,106,0,814,0,0,0,814
08/21/2005,FLL,FL,ASO,ES,Towers with Radar,457,212,58,2,729,0,41,46,0,87,457,253,104,2,816,0,0,0,816
08/22/2005,FLL,FL,ASO,ES,Towers with Radar,458,204,63,0,725,0,24,57,0,81,458,228,120,0,806,0,0,0,806
08/23/2005,FLL,FL,ASO,ES,Towers with Radar,438,183,79,0,700,0,29,75,0,104,438,212,154,0,804,0,0,0,804
08/24/2005,FLL,FL,ASO,ES,Towers with Radar,414,174,102,0,690,0,33,54,0,87,414,207,156,0,777,0,0,0,777
08/25/2005,FLL,FL,ASO,ES,Towers with Radar,244,96,52,1,393,0,1,1,0,2,244,97,53,1,395,0,0,0,395
08/26/2005,FLL,FL,ASO,ES,Towers with Radar,337,128,21,0,486,0,11,26,0,37,337,139,47,0,523,0,0,0,523
08/27/2005,FLL,FL,ASO,ES,Towers with Radar,458,174,49,0,681,0,27,39,0,66,458,201,88,0,747,0,0,0,747
08/28/2005,FLL,FL,ASO,ES,Towers with Radar,429,181,43,0,653,0,30,16,0,46,429,211,59,0,699,0,0,0,699
08/29/2005,FLL,FL,ASO,ES,Towers with Radar,443,186,66,0,695,0,32,53,0,85,443,218,119,0,780,0,0,0,780
08/30/2005,FLL,FL,ASO,ES,Towers with Radar,452,179,75,1,707,0,32,67,0,99,452,211,142,1,806,0,0,0,806
08/31/2005,FLL,FL,ASO,ES,Towers with Radar,439,206,79,1,725,0,34,63,0,97,439,240,142,1,822,0,0,0,822
09/01/2005,FLL,FL,ASO,ES,Towers with Radar,454,206,105,0,765,0,50,84,0,134,454,256,189,0,899,0,0,0,899
09/02/2005,FLL,FL,ASO,ES,Towers with Radar,443,207,89,1,740,0,50,84,0,134,443,257,173,1,874,0,0,0,874
09/03/2005,FLL,FL,ASO,ES,Towers with Radar,424,203,59,0,686,0,20,27,0,47,424,223,86,0,733,0,0,0,733
09/04/2005,FLL,FL,ASO,ES,Towers with Radar,391,161,62,0,614,0,26,20,0,46,391,187,82,0,660,0,0,0,660
09/05/2005,FLL,FL,ASO,ES,Towers with Radar,421,205,89,0,715,0,45,41,0,86,421,250,130,0,801,0,0,0,801
09/06/2005,FLL,FL,ASO,ES,Towers with Radar,401,168,92,0,661,0,40,18,0,58,401,208,110,0,719,0,0,0,719
09/07/2005,FLL,FL,ASO,ES,Towers with Radar,388,177,57,0,622,0,19,48,0,67,388,196,105,0,689,0,0,0,689
09/08/2005,FLL,FL,ASO,ES,Towers with Radar,421,173,82,0,676,0,19,51,0,70,421,192,133,0,746,0,0,0,746
09/09/2005,FLL,FL,ASO,ES,Towers with Radar,437,194,79,1,711,0,26,54,0,80,437,220,133,1,791,0,0,0,791
09/10/2005,FLL,FL,ASO,ES,Towers with Radar,406,177,54,1,638,0,13,33,0,46,406,190,87,1,684,0,0,0,684
09/11/2005,FLL,FL,ASO,ES,Towers with Radar,397,163,59,0,619,0,22,52,0,74,397,185,111,0,693,0,0,0,693
09/12/2005,FLL,FL,ASO,ES,Towers with Radar,402,176,92,0,670,0,32,70,0,102,402,208,162,0,772,0,0,0,772
09/13/2005,FLL,FL,ASO,ES,Towers with Radar,378,175,74,0,627,9,18,78,0,105,387,193,152,0,732,0,0,0,732
09/14/2005,FLL,FL,ASO,ES,Towers with Radar,379,175,83,0,637,0,22,93,0,115,379,197,176,0,752,0,0,0,752
09/15/2005,FLL,FL,ASO,ES,Towers with Radar,405,193,107,2,707,0,30,73,0,103,405,223,180,2,810,0,0,0,810
09/16/2005,FLL,FL,ASO,ES,Towers with Radar,442,200,107,0,749,0,56,79,1,136,442,256,186,1,885,0,0,0,885
09/17/2005,FLL,FL,ASO,ES,Towers with Radar,421,179,44,1,645,0,15,52,0,67,421,194,96,1,712,4,0,4,716
09/18/2005,FLL,FL,ASO,ES,Towers with Radar,398,169,77,0,644,0,27,46,0,73,398,196,123,0,717,0,0,0,717
09/19/2005,FLL,FL,ASO,ES,Towers with Radar,410,165,89,0,664,0,30,49,0,79,410,195,138,0,743,0,0,0,743
09/20/2005,FLL,FL,ASO,ES,Towers with Radar,277,89,17,0,383,0,0,7,0,7,277,89,24,0,390,0,0,0,390
09/21/2005,FLL,FL,ASO,ES,Towers with Radar,392,141,66,2,601,0,29,55,0,84,392,170,121,2,685,0,0,0,685
09/22/2005,FLL,FL,ASO,ES,Towers with Radar,400,184,101,0,685,0,21,65,0,86,400,205,166,0,771,0,0,0,771
09/23/2005,FLL,FL,ASO,ES,Towers with Radar,428,192,105,3,728,0,26,59,8,93,428,218,164,11,821,0,0,0,821
09/24/2005,FLL,FL,ASO,ES,Towers with Radar,380,184,52,1,617,0,21,45,0,66,380,205,97,1,683,0,0,0,683
09/25/2005,FLL,FL,ASO,ES,Towers with Radar,400,181,79,4,664,0,22,74,0,96,400,203,153,4,760,0,0,0,760
09/26/2005,FLL,FL,ASO,ES,Towers with Radar,391,168,84,0,643,0,17,63,0,80,391,185,147,0,723,0,0,0,723
09/27/2005,FLL,FL,ASO,ES,Towers with Radar,382,169,65,0,616,0,12,67,0,79,382,181,132,0,695,0,0,0,695
09/28/2005,FLL,FL,ASO,ES,Towers with Radar,384,172,92,0,648,0,11,70,0,81,384,183,162,0,729,0,0,0,729
09/29/2005,FLL,FL,ASO,ES,Towers with Radar,405,191,93,0,689,0,24,67,0,91,405,215,160,0,780,0,0,0,780
09/30/2005,FLL,FL,ASO,ES,Towers with Radar,436,187,111,0,734,0,38,70,1,109,436,225,181,1,843,0,0,0,843
10/01/2005,FLL,FL,ASO,ES,Towers with Radar,424,164,62,0,650,0,13,53,0,66,424,177,115,0,716,0,0,0,716
10/02/2005,FLL,FL,ASO,ES,Towers with Radar,420,178,81,0,679,0,14,25,0,39,420,192,106,0,718,0,0,0,718
10/03/2005,FLL,FL,ASO,ES,Towers with Radar,431,165,87,1,684,0,24,41,0,65,431,189,128,1,749,12,0,12,761
10/04/2005,FLL,FL,ASO,ES,Towers with Radar,414,174,65,0,653,0,13,42,0,55,414,187,107,0,708,0,0,0,708
10/05/2005,FLL,FL,ASO,ES,Towers with Radar,406,183,82,0,671,0,17,60,0,77,406,200,142,0,748,0,0,0,748
10/06/2005,FLL,FL,ASO,ES,Towers with Radar,464,182,93,2,741,0,18,31,0,49,464,200,124,2,790,0,0,0,790
10/07/2005,FLL,FL,ASO,ES,Towers with Radar,447,198,113,0,758,0,19,45,0,64,447,217,158,0,822,0,0,0,822
10/08/2005,FLL,FL,ASO,ES,Towers with Radar,439,175,59,0,673,0,21,30,0,51,439,196,89,0,724,0,0,0,724
10/09/2005,FLL,FL,ASO,ES,Towers with Radar,438,171,79,2,690,0,19,26,0,45,438,190,105,2,735,0,0,0,735
10/10/2005,FLL,FL,ASO,ES,Towers with Radar,433,184,106,0,723,0,29,43,0,72,433,213,149,0,795,0,0,0,795
10/11/2005,FLL,FL,ASO,ES,Towers with Radar,430,169,78,0,677,0,13,77,0,90,430,182,155,0,767,0,0,0,767
10/12/2005,FLL,FL,ASO,ES,Towers with Radar,423,191,94,4,712,0,29,61,0,90,423,220,155,4,802,0,0,0,802
10/13/2005,FLL,FL,ASO,ES,Towers with Radar,449,192,101,1,743,0,28,75,0,103,449,220,176,1,846,0,0,0,846
10/14/2005,FLL,FL,ASO,ES,Towers with Radar,467,201,105,3,776,0,34,57,0,91,467,235,162,3,867,0,0,0,867
10/15/2005,FLL,FL,ASO,ES,Towers with Radar,450,184,97,2,733,0,20,23,0,43,450,204,120,2,776,0,0,0,776
10/16/2005,FLL,FL,ASO,ES,Towers with Radar,431,187,65,0,683,0,28,38,0,66,431,215,103,0,749,0,0,0,749
10/17/2005,FLL,FL,ASO,ES,Towers with Radar,430,179,69,0,678,0,25,53,0,78,430,204,122,0,756,0,0,0,756
10/18/2005,FLL,FL,ASO,ES,Towers with Radar,436,173,86,0,695,0,22,53,0,75,436,195,139,0,770,0,0,0,770
10/19/2005,FLL,FL,ASO,ES,Towers with Radar,424,176,100,0,700,0,22,49,0,71,424,198,149,0,771,0,0,0,771
10/20/2005,FLL,FL,ASO,ES,Towers with Radar,446,197,128,2,773,0,26,81,0,107,446,223,209,2,880,0,0,0,880
10/21/2005,FLL,FL,ASO,ES,Towers with Radar,457,168,82,0,707,0,25,46,0,71,457,193,128,0,778,0,0,0,778
10/22/2005,FLL,FL,ASO,ES,Towers with Radar,434,169,50,0,653,0,21,28,0,49,434,190,78,0,702,0,0,0,702
10/23/2005,FLL,FL,ASO,ES,Towers with Radar,394,142,56,0,592,0,23,17,0,40,394,165,73,0,632,0,0,0,632
10/24/2005,FLL,FL,ASO,ES,Towers with Radar,0,0,0,0,0,0,0,0,0,0,0,0,0,0,0,0,0,0,0
10/25/2005,FLL,FL,ASO,ES,Towers with Radar,0,19,30,2,51,0,2,58,11,71,0,21,88,13,122,0,0,0,122
10/26/2005,FLL,FL,ASO,ES,Towers with Radar,3,17,49,1,70,0,5,78,1,84,3,22,127,2,154,0,0,0,154
10/27/2005,FLL,FL,ASO,ES,Towers with Radar,321,93,94,0,508,0,14,66,2,82,321,107,160,2,590,0,0,0,590
10/28/2005,FLL,FL,ASO,ES,Towers with Radar,363,137,46,0,546,0,34,59,0,93,363,171,105,0,639,0,0,0,639
10/29/2005,FLL,FL,ASO,ES,Towers with Radar,391,156,27,0,574,0,13,32,2,47,391,169,59,2,621,0,0,0,621
10/30/2005,FLL,FL,ASO,ES,Towers with Radar,424,185,52,0,661,0,18,33,0,51,424,203,85,0,712,0,0,0,712
10/31/2005,FLL,FL,ASO,ES,Towers with Radar,439,181,60,0,680,0,31,56,0,87,439,212,116,0,767,0,0,0,767
11/01/2005,FLL,FL,ASO,ES,Towers with Radar,434,140,90,2,666,0,14,47,0,61,434,154,137,2,727,0,0,0,727
11/02/2005,FLL,FL,ASO,ES,Towers with Radar,454,194,85,0,733,0,24,69,0,93,454,218,154,0,826,0,0,0,826
11/03/2005,FLL,FL,ASO,ES,Towers with Radar,471,189,123,0,783,0,24,56,0,80,471,213,179,0,863,0,0,0,863
11/04/2005,FLL,FL,ASO,ES,Towers with Radar,482,189,128,0,799,0,32,74,0,106,482,221,202,0,905,0,0,0,905
11/05/2005,FLL,FL,ASO,ES,Towers with Radar,456,214,104,0,774,0,17,54,0,71,456,231,158,0,845,0,0,0,845
11/06/2005,FLL,FL,ASO,ES,Towers with Radar,468,212,142,0,822,0,24,56,0,80,468,236,198,0,902,0,0,0,902
11/07/2005,FLL,FL,ASO,ES,Towers with Radar,496,187,104,0,787,0,32,57,0,89,496,219,161,0,876,0,0,0,876
11/08/2005,FLL,FL,ASO,ES,Towers with Radar,454,178,110,0,742,0,27,59,0,86,454,205,169,0,828,0,0,0,828
11/09/2005,FLL,FL,ASO,ES,Towers with Radar,475,188,98,1,762,0,23,69,0,92,475,211,167,1,854,0,0,0,854
11/10/2005,FLL,FL,ASO,ES,Towers with Radar,499,195,123,1,818,0,27,74,0,101,499,222,197,1,919,0,0,0,919
11/11/2005,FLL,FL,ASO,ES,Towers with Radar,472,158,122,1,753,0,30,73,0,103,472,188,195,1,856,0,0,0,856
11/12/2005,FLL,FL,ASO,ES,Towers with Radar,490,192,72,0,754,0,25,78,0,103,490,217,150,0,857,0,0,0,857
11/13/2005,FLL,FL,ASO,ES,Towers with Radar,489,185,106,0,780,0,27,72,0,99,489,212,178,0,879,8,0,8,887
11/14/2005,FLL,FL,ASO,ES,Towers with Radar,500,194,112,0,806,0,37,44,0,81,500,231,156,0,887,0,0,0,887
11/15/2005,FLL,FL,ASO,ES,Towers with Radar,488,159,104,0,751,0,28,93,0,121,488,187,197,0,872,0,0,0,872
11/16/2005,FLL,FL,ASO,ES,Towers with Radar,512,172,122,2,808,0,29,78,0,107,512,201,200,2,915,0,0,0,915
11/17/2005,FLL,FL,ASO,ES,Towers with Radar,536,195,115,1,847,0,26,86,0,112,536,221,201,1,959,0,0,0,959
11/18/2005,FLL,FL,ASO,ES,Towers with Radar,515,199,130,4,848,0,32,48,1,81,515,231,178,5,929,0,0,0,929
11/19/2005,FLL,FL,ASO,ES,Towers with Radar,506,201,96,1,804,0,19,40,0,59,506,220,136,1,863,0,0,0,863
11/20/2005,FLL,FL,ASO,ES,Towers with Radar,515,211,103,5,834,1,33,46,0,80,516,244,149,5,914,0,0,0,914
11/21/2005,FLL,FL,ASO,ES,Towers with Radar,522,186,115,0,823,0,29,48,0,77,522,215,163,0,900,0,0,0,900
11/22/2005,FLL,FL,ASO,ES,Towers with Radar,528,179,133,1,841,0,30,78,0,108,528,209,211,1,949,0,0,0,949
11/23/2005,FLL,FL,ASO,ES,Towers with Radar,536,204,181,0,921,0,37,80,0,117,536,241,261,0,1038,0,0,0,1038
11/24/2005,FLL,FL,ASO,ES,Towers with Radar,435,160,41,0,636,0,16,22,0,38,435,176,63,0,674,0,0,0,674
11/25/2005,FLL,FL,ASO,ES,Towers with Radar,481,193,78,0,752,0,22,42,0,64,481,215,120,0,816,0,0,0,816
11/26/2005,FLL,FL,ASO,ES,Towers with Radar,514,205,78,0,797,0,25,53,0,78,514,230,131,0,875,0,0,0,875
11/27/2005,FLL,FL,ASO,ES,Towers with Radar,533,221,177,0,931,0,42,69,0,111,533,263,246,0,1042,0,0,0,1042
11/28/2005,FLL,FL,ASO,ES,Towers with Radar,521,192,117,3,833,0,36,75,0,111,521,228,192,3,944,0,0,0,944
11/29/2005,FLL,FL,ASO,ES,Towers with Radar,523,178,87,0,788,0,21,42,0,63,523,199,129,0,851,0,0,0,851
11/30/2005,FLL,FL,ASO,ES,Towers with Radar,494,189,143,2,828,0,30,68,0,98,494,219,211,2,926,0,0,0,926
12/01/2005,FLL,FL,ASO,ES,Towers with Radar,506,162,128,0,796,0,36,68,0,104,506,198,196,0,900,0,0,0,900
12/02/2005,FLL,FL,ASO,ES,Towers with Radar,528,185,93,0,806,0,36,59,0,95,528,221,152,0,901,0,0,0,901
12/03/2005,FLL,FL,ASO,ES,Towers with Radar,483,165,67,0,715,0,16,49,0,65,483,181,116,0,780,0,0,0,780
12/04/2005,FLL,FL,ASO,ES,Towers with Radar,483,166,89,0,738,0,31,36,0,67,483,197,125,0,805,0,0,0,805
12/05/2005,FLL,FL,ASO,ES,Towers with Radar,500,169,87,2,758,0,29,56,1,86,500,198,143,3,844,0,0,0,844
12/06/2005,FLL,FL,ASO,ES,Towers with Radar,474,151,131,0,756,0,15,18,0,33,474,166,149,0,789,0,0,0,789
12/07/2005,FLL,FL,ASO,ES,Towers with Radar,468,161,120,0,749,0,22,55,0,77,468,183,175,0,826,0,0,0,826
12/08/2005,FLL,FL,ASO,ES,Towers with Radar,498,158,109,0,765,0,21,45,0,66,498,179,154,0,831,0,0,0,831
12/09/2005,FLL,FL,ASO,ES,Towers with Radar,471,176,105,2,754,0,32,71,2,105,471,208,176,4,859,0,0,0,859
12/10/2005,FLL,FL,ASO,ES,Towers with Radar,479,164,92,0,735,0,13,37,0,50,479,177,129,0,785,0,0,0,785
12/11/2005,FLL,FL,ASO,ES,Towers with Radar,477,176,104,4,761,0,13,45,0,58,477,189,149,4,819,0,0,0,819
12/12/2005,FLL,FL,ASO,ES,Towers with Radar,512,149,117,0,778,0,31,69,0,100,512,180,186,0,878,10,0,10,888
12/13/2005,FLL,FL,ASO,ES,Towers with Radar,472,150,94,0,716,0,19,67,0,86,472,169,161,0,802,120,0,120,922
12/14/2005,FLL,FL,ASO,ES,Towers with Radar,495,148,122,1,766,0,28,63,0,91,495,176,185,1,857,0,0,0,857
12/15/2005,FLL,FL,ASO,ES,Towers with Radar,547,173,124,3,847,0,26,62,0,88,547,199,186,3,935,0,0,0,935
12/16/2005,FLL,FL,ASO,ES,Towers with Radar,572,184,159,2,917,0,33,78,0,111,572,217,237,2,1028,0,0,0,1028
12/17/2005,FLL,FL,ASO,ES,Towers with Radar,519,180,111,0,810,0,19,52,0,71,519,199,163,0,881,0,0,0,881
12/18/2005,FLL,FL,ASO,ES,Towers with Radar,547,184,101,0,832,0,38,44,0,82,547,222,145,0,914,0,0,0,914
12/19/2005,FLL,FL,ASO,ES,Towers with Radar,551,166,153,1,871,0,13,14,0,27,551,179,167,1,898,0,0,0,898
12/20/2005,FLL,FL,ASO,ES,Towers with Radar,568,169,129,0,866,0,23,36,0,59,568,192,165,0,925,0,0,0,925
12/21/2005,FLL,FL,ASO,ES,Towers with Radar,589,204,129,0,922,0,22,65,0,87,589,226,194,0,1009,0,0,0,1009
12/22/2005,FLL,FL,ASO,ES,Towers with Radar,593,194,116,2,905,0,25,63,0,88,593,219,179,2,993,0,0,0,993
12/23/2005,FLL,FL,ASO,ES,Towers with Radar,593,179,149,0,921,0,28,87,0,115,593,207,236,0,1036,0,0,0,1036
12/24/2005,FLL,FL,ASO,ES,Towers with Radar,554,168,62,1,785,0,8,67,0,75,554,176,129,1,860,0,0,0,860
12/25/2005,FLL,FL,ASO,ES,Towers with Radar,495,143,48,1,687,0,5,9,0,14,495,148,57,1,701,0,0,0,701
12/26/2005,FLL,FL,ASO,ES,Towers with Radar,574,203,180,0,957,0,24,126,0,150,574,227,306,0,1107,14,0,14,1121
12/27/2005,FLL,FL,ASO,ES,Towers with Radar,550,194,150,0,894,0,29,95,0,124,550,223,245,0,1018,0,0,0,1018
12/28/2005,FLL,FL,ASO,ES,Towers with Radar,580,177,125,0,882,0,24,72,0,96,580,201,197,0,978,0,0,0,978
12/29/2005,FLL,FL,ASO,ES,Towers with Radar,587,174,119,0,880,0,48,109,0,157,587,222,228,0,1037,0,0,0,1037
12/30/2005,FLL,FL,ASO,ES,Towers with Radar,580,174,126,0,880,0,29,86,0,115,580,203,212,0,995,0,0,0,995
12/31/2005,FLL,FL,ASO,ES,Towers with Radar,547,182,73,0,802,0,20,69,0,89,547,202,142,0,891,0,0,0,891
01/01/2006,FLL,FL,ASO,ES,Towers with Radar,558,157,105,0,820,0,27,61,0,88,558,184,166,0,908,0,0,0,908
01/02/2006,FLL,FL,ASO,ES,Towers with Radar,558,174,215,2,949,0,47,114,0,161,558,221,329,2,1110,0,0,0,1110
01/03/2006,FLL,FL,ASO,ES,Towers with Radar,576,161,155,0,892,0,27,66,0,93,576,188,221,0,985,12,0,12,997
01/04/2006,FLL,FL,ASO,ES,Towers with Radar,586,166,117,2,871,0,41,67,0,108,586,207,184,2,979,0,0,0,979
01/05/2006,FLL,FL,ASO,ES,Towers with Radar,549,149,121,0,819,0,15,73,0,88,549,164,194,0,907,0,0,0,907
01/06/2006,FLL,FL,ASO,ES,Towers with Radar,529,151,124,0,804,0,14,70,0,84,529,165,194,0,888,0,0,0,888
01/07/2006,FLL,FL,ASO,ES,Towers with Radar,523,167,93,0,783,0,11,59,0,70,523,178,152,0,853,0,0,0,853
01/08/2006,FLL,FL,ASO,ES,Towers with Radar,481,149,101,0,731,0,12,62,0,74,481,161,163,0,805,0,0,0,805
01/09/2006,FLL,FL,ASO,ES,Towers with Radar,515,149,122,0,786,0,24,65,0,89,515,173,187,0,875,0,0,0,875
01/10/2006,FLL,FL,ASO,ES,Towers with Radar,518,147,124,3,792,0,12,66,0,78,518,159,190,3,870,0,0,0,870
01/11/2006,FLL,FL,ASO,ES,Towers with Radar,519,154,109,0,782,0,14,49,0,63,519,168,158,0,845,0,0,0,845
01/12/2006,FLL,FL,ASO,ES,Towers with Radar,541,160,152,0,853,0,18,62,0,80,541,178,214,0,933,10,0,10,943
01/13/2006,FLL,FL,ASO,ES,Towers with Radar,529,159,120,0,808,0,23,72,0,95,529,182,192,0,903,0,0,0,903
01/14/2006,FLL,FL,ASO,ES,Towers with Radar,544,155,99,1,799,0,15,50,0,65,544,170,149,1,864,0,0,0,864
01/15/2006,FLL,FL,ASO,ES,Towers with Radar,522,147,88,1,758,0,17,67,0,84,522,164,155,1,842,0,0,0,842
01/16/2006,FLL,FL,ASO,ES,Towers with Radar,535,165,134,0,834,0,18,77,0,95,535,183,211,0,929,0,0,0,929
01/17/2006,FLL,FL,ASO,ES,Towers with Radar,508,152,124,0,784,0,16,64,2,82,508,168,188,2,866,0,0,0,866
01/18/2006,FLL,FL,ASO,ES,Towers with Radar,505,145,96,0,746,0,12,65,0,77,505,157,161,0,823,0,0,0,823
01/19/2006,FLL,FL,ASO,ES,Towers with Radar,530,173,125,0,828,0,12,63,0,75,530,185,188,0,903,0,0,0,903
01/20/2006,FLL,FL,ASO,ES,Towers with Radar,545,164,119,3,831,0,19,54,0,73,545,183,173,3,904,0,0,0,904
01/21/2006,FLL,FL,ASO,ES,Towers with Radar,515,155,131,0,801,0,16,38,0,54,515,171,169,0,855,0,0,0,855
01/22/2006,FLL,FL,ASO,ES,Towers with Radar,515,163,78,0,756,0,17,19,2,38,515,180,97,2,794,0,0,0,794
01/23/2006,FLL,FL,ASO,ES,Towers with Radar,527,151,92,0,770,0,23,57,0,80,527,174,149,0,850,0,0,0,850
01/24/2006,FLL,FL,ASO,ES,Towers with Radar,502,155,106,0,763,0,27,61,0,88,502,182,167,0,851,0,0,0,851
01/25/2006,FLL,FL,ASO,ES,Towers with Radar,509,150,107,0,766,0,23,54,0,77,509,173,161,0,843,0,0,0,843
01/26/2006,FLL,FL,ASO,ES,Towers with Radar,537,168,109,0,814,0,37,102,0,139,537,205,211,0,953,6,0,6,959
01/27/2006,FLL,FL,ASO,ES,Towers with Radar,550,175,115,1,841,0,21,36,0,57,550,196,151,1,898,0,0,0,898
01/28/2006,FLL,FL,ASO,ES,Towers with Radar,519,169,70,0,758,0,18,43,0,61,519,187,113,0,819,0,0,0,819
01/29/2006,FLL,FL,ASO,ES,Towers with Radar,513,162,78,0,753,0,17,39,0,56,513,179,117,0,809,0,0,0,809
01/30/2006,FLL,FL,ASO,ES,Towers with Radar,521,152,67,1,741,0,26,46,0,72,521,178,113,1,813,0,0,0,813
01/31/2006,FLL,FL,ASO,ES,Towers with Radar,510,143,78,2,733,0,24,64,0,88,510,167,142,2,821,0,0,0,821
02/01/2006,FLL,FL,ASO,ES,Towers with Radar,501,133,104,1,739,0,22,58,0,80,501,155,162,1,819,0,0,0,819
02/02/2006,FLL,FL,ASO,ES,Towers with Radar,533,152,103,0,788,0,22,55,0,77,533,174,158,0,865,0,0,0,865
02/03/2006,FLL,FL,ASO,ES,Towers with Radar,539,162,119,0,820,0,19,56,0,75,539,181,175,0,895,0,0,0,895
02/04/2006,FLL,FL,ASO,ES,Towers with Radar,518,145,85,0,748,0,14,12,0,26,518,159,97,0,774,0,0,0,774
02/05/2006,FLL,FL,ASO,ES,Towers with Radar,538,150,93,0,781,0,21,53,0,74,538,171,146,0,855,0,0,0,855
02/06/2006,FLL,FL,ASO,ES,Towers with Radar,530,140,112,0,782,0,25,60,0,85,530,165,172,0,867,0,0,0,867
02/07/2006,FLL,FL,ASO,ES,Towers with Radar,520,144,110,0,774,0,20,35,0,55,520,164,145,0,829,0,0,0,829
02/08/2006,FLL,FL,ASO,ES,Towers with Radar,515,155,111,0,781,0,17,47,0,64,515,172,158,0,845,0,0,0,845
02/09/2006,FLL,FL,ASO,ES,Towers with Radar,551,144,126,0,821,0,22,49,0,71,551,166,175,0,892,0,0,0,892
02/10/2006,FLL,FL,ASO,ES,Towers with Radar,563,166,109,0,838,0,31,59,0,90,563,197,168,0,928,0,0,0,928
02/11/2006,FLL,FL,ASO,ES,Towers with Radar,507,157,65,1,730,0,29,40,0,69,507,186,105,1,799,0,0,0,799
02/12/2006,FLL,FL,ASO,ES,Towers with Radar,403,158,108,2,671,0,17,28,0,45,403,175,136,2,716,0,0,0,716
02/13/2006,FLL,FL,ASO,ES,Towers with Radar,511,151,88,0,750,0,29,44,1,74,511,180,132,1,824,8,0,8,832
02/14/2006,FLL,FL,ASO,ES,Towers with Radar,537,156,99,5,797,0,25,53,1,79,537,181,152,6,876,0,0,0,876
02/15/2006,FLL,FL,ASO,ES,Towers with Radar,519,182,166,2,869,0,30,81,0,111,519,212,247,2,980,0,0,0,980
02/16/2006,FLL,FL,ASO,ES,Towers with Radar,551,161,188,16,916,0,20,74,0,94,551,181,262,16,1010,0,0,0,1010
02/17/2006,FLL,FL,ASO,ES,Towers with Radar,546,166,178,3,893,0,35,83,0,118,546,201,261,3,1011,0,0,0,1011
02/18/2006,FLL,FL,ASO,ES,Towers with Radar,566,169,123,0,858,0,21,62,0,83,566,190,185,0,941,0,0,0,941
02/19/2006,FLL,FL,ASO,ES,Towers with Radar,548,161,135,0,844,0,20,40,0,60,548,181,175,0,904,0,0,0,904
02/20/2006,FLL,FL,ASO,ES,Towers with Radar,581,168,187,1,937,0,28,69,0,97,581,196,256,1,1034,0,0,0,1034
02/21/2006,FLL,FL,ASO,ES,Towers with Radar,567,161,126,6,860,0,31,57,0,88,567,192,183,6,948,0,0,0,948
02/22/2006,FLL,FL,ASO,ES,Towers with Radar,560,145,142,0,847,0,18,69,0,87,560,163,211,0,934,0,0,0,934
02/23/2006,FLL,FL,ASO,ES,Towers with Radar,573,151,136,0,860,0,39,66,0,105,573,190,202,0,965,0,0,0,965
02/24/2006,FLL,FL,ASO,ES,Towers with Radar,579,163,119,0,861,0,38,63,0,101,579,201,182,0,962,0,0,0,962
02/25/2006,FLL,FL,ASO,ES,Towers with Radar,561,177,105,1,844,0,29,41,0,70,561,206,146,1,914,0,0,0,914
02/26/2006,FLL,FL,ASO,ES,Towers with Radar,550,187,157,2,896,0,0,0,0,0,550,187,157,2,896,0,0,0,896
02/27/2006,FLL,FL,ASO,ES,Towers with Radar,567,162,77,0,806,0,32,43,0,75,567,194,120,0,881,0,0,0,881
02/28/2006,FLL,FL,ASO,ES,Towers with Radar,562,148,119,0,829,0,22,66,0,88,562,170,185,0,917,0,0,0,917
03/01/2006,FLL,FL,ASO,ES,Towers with Radar,571,153,112,0,836,0,42,76,0,118,571,195,188,0,954,0,0,0,954
03/02/2006,FLL,FL,ASO,ES,Towers with Radar,550,175,107,2,834,0,22,73,0,95,550,197,180,2,929,0,0,0,929
03/03/2006,FLL,FL,ASO,ES,Towers with Radar,573,162,152,0,887,0,30,91,2,123,573,192,243,2,1010,0,0,0,1010
03/04/2006,FLL,FL,ASO,ES,Towers with Radar,554,164,110,0,828,0,26,35,0,61,554,190,145,0,889,0,0,0,889
03/05/2006,FLL,FL,ASO,ES,Towers with Radar,550,170,117,2,839,0,18,44,1,63,550,188,161,3,902,0,0,0,902
03/06/2006,FLL,FL,ASO,ES,Towers with Radar,559,163,112,10,844,0,22,63,0,85,559,185,175,10,929,0,0,0,929
03/07/2006,FLL,FL,ASO,ES,Towers with Radar,550,144,117,0,811,0,18,53,0,71,550,162,170,0,882,0,0,0,882
03/08/2006,FLL,FL,ASO,ES,Towers with Radar,570,153,121,0,844,0,29,72,0,101,570,182,193,0,945,0,0,0,945
03/09/2006,FLL,FL,ASO,ES,Towers with Radar,573,181,131,0,885,0,21,67,0,88,573,202,198,0,973,0,0,0,973
03/10/2006,FLL,FL,ASO,ES,Towers with Radar,569,168,147,3,887,0,40,79,0,119,569,208,226,3,1006,0,0,0,1006
03/11/2006,FLL,FL,ASO,ES,Towers with Radar,560,181,132,0,873,0,30,53,0,83,560,211,185,0,956,0,0,0,956
03/12/2006,FLL,FL,ASO,ES,Towers with Radar,561,174,127,1,863,0,26,56,1,83,561,200,183,2,946,0,0,0,946
03/13/2006,FLL,FL,ASO,ES,Towers with Radar,539,177,115,0,831,0,26,61,0,87,539,203,176,0,918,0,0,0,918
03/14/2006,FLL,FL,ASO,ES,Towers with Radar,559,147,93,1,800,0,29,72,0,101,559,176,165,1,901,0,0,0,901
03/15/2006,FLL,FL,ASO,ES,Towers with Radar,590,160,115,0,865,0,26,63,0,89,590,186,178,0,954,0,0,0,954
03/16/2006,FLL,FL,ASO,ES,Towers with Radar,589,166,142,0,897,0,24,80,0,104,589,190,222,0,1001,0,0,0,1001
03/17/2006,FLL,FL,ASO,ES,Towers with Radar,571,165,159,0,895,0,37,86,0,123,571,202,245,0,1018,0,0,0,1018
03/18/2006,FLL,FL,ASO,ES,Towers with Radar,557,191,122,0,870,0,39,78,0,117,557,230,200,0,987,0,0,0,987
03/19/2006,FLL,FL,ASO,ES,Towers with Radar,554,183,139,0,876,0,35,53,0,88,554,218,192,0,964,0,0,0,964
03/20/2006,FLL,FL,ASO,ES,Towers with Radar,536,169,109,3,817,0,30,68,0,98,536,199,177,3,915,0,0,0,915
03/21/2006,FLL,FL,ASO,ES,Towers with Radar,569,172,133,0,874,0,35,59,0,94,569,207,192,0,968,0,0,0,968
03/22/2006,FLL,FL,ASO,ES,Towers with Radar,561,169,154,0,884,0,18,50,0,68,561,187,204,0,952,0,0,0,952
03/23/2006,FLL,FL,ASO,ES,Towers with Radar,580,160,114,0,854,0,22,52,0,74,580,182,166,0,928,0,0,0,928
03/24/2006,FLL,FL,ASO,ES,Towers with Radar,602,172,175,5,954,0,17,73,1,91,602,189,248,6,1045,0,0,0,1045
03/25/2006,FLL,FL,ASO,ES,Towers with Radar,589,177,143,2,911,0,40,97,0,137,589,217,240,2,1048,0,0,0,1048
03/26/2006,FLL,FL,ASO,ES,Towers with Radar,576,185,129,1,891,0,22,62,0,84,576,207,191,1,975,0,0,0,975
03/27/2006,FLL,FL,ASO,ES,Towers with Radar,577,171,101,5,854,0,30,49,0,79,577,201,150,5,933,0,0,0,933
03/28/2006,FLL,FL,ASO,ES,Towers with Radar,559,149,88,1,797,0,14,61,0,75,559,163,149,1,872,0,0,0,872
03/29/2006,FLL,FL,ASO,ES,Towers with Radar,573,157,111,1,842,0,22,62,0,84,573,179,173,1,926,0,0,0,926
03/30/2006,FLL,FL,ASO,ES,Towers with Radar,576,164,110,0,850,0,32,86,0,118,576,196,196,0,968,0,0,0,968
03/31/2006,FLL,FL,ASO,ES,Towers with Radar,580,158,130,2,870,0,44,65,0,109,580,202,195,2,979,0,0,0,979
04/01/2006,FLL,FL,ASO,ES,Towers with Radar,563,189,143,1,896,0,26,72,0,98,563,215,215,1,994,0,0,0,994
04/02/2006,FLL,FL,ASO,ES,Towers with Radar,561,154,149,0,864,0,31,51,0,82,561,185,200,0,946,0,0,0,946
04/03/2006,FLL,FL,ASO,ES,Towers with Radar,553,156,112,0,821,0,37,51,0,88,553,193,163,0,909,0,0,0,909
04/04/2006,FLL,FL,ASO,ES,Towers with Radar,561,164,114,0,839,0,25,70,0,95,561,189,184,0,934,0,0,0,934
04/05/2006,FLL,FL,ASO,ES,Towers with Radar,557,146,95,0,798,0,25,74,0,99,557,171,169,0,897,0,0,0,897
04/06/2006,FLL,FL,ASO,ES,Towers with Radar,571,165,101,0,837,0,29,79,0,108,571,194,180,0,945,0,0,0,945
04/07/2006,FLL,FL,ASO,ES,Towers with Radar,568,164,160,2,894,0,34,89,0,123,568,198,249,2,1017,0,0,0,1017
04/08/2006,FLL,FL,ASO,ES,Towers with Radar,550,204,131,1,886,0,34,65,0,99,550,238,196,1,985,0,0,0,985
04/09/2006,FLL,FL,ASO,ES,Towers with Radar,577,173,160,0,910,0,25,48,0,73,577,198,208,0,983,0,0,0,983
04/10/2006,FLL,FL,ASO,ES,Towers with Radar,558,172,97,0,827,0,28,43,0,71,558,200,140,0,898,0,0,0,898
04/11/2006,FLL,FL,ASO,ES,Towers with Radar,548,153,109,0,810,0,20,64,0,84,548,173,173,0,894,0,0,0,894
04/12/2006,FLL,FL,ASO,ES,Towers with Radar,544,171,112,0,827,0,31,86,0,117,544,202,198,0,944,0,0,0,944
04/13/2006,FLL,FL,ASO,ES,Towers with Radar,572,173,151,0,896,0,45,96,0,141,572,218,247,0,1037,0,0,0,1037
04/14/2006,FLL,FL,ASO,ES,Towers with Radar,577,182,103,0,862,0,40,86,0,126,577,222,189,0,988,0,0,0,988
04/15/2006,FLL,FL,ASO,ES,Towers with Radar,546,168,108,0,822,0,43,69,0,112,546,211,177,0,934,0,0,0,934
04/16/2006,FLL,FL,ASO,ES,Towers with Radar,549,178,102,0,829,0,33,44,0,77,549,211,146,0,906,0,0,0,906
04/17/2006,FLL,FL,ASO,ES,Towers with Radar,548,175,116,2,841,0,33,66,0,99,548,208,182,2,940,0,0,0,940
04/18/2006,FLL,FL,ASO,ES,Towers with Radar,548,156,102,0,806,0,44,76,0,120,548,200,178,0,926,0,0,0,926
04/19/2006,FLL,FL,ASO,ES,Towers with Radar,545,149,137,2,833,0,31,65,0,96,545,180,202,2,929,0,0,0,929
04/20/2006,FLL,FL,ASO,ES,Towers with Radar,559,165,114,0,838,0,31,83,0,114,559,196,197,0,952,0,0,0,952
04/21/2006,FLL,FL,ASO,ES,Towers with Radar,560,175,125,3,863,0,23,83,1,107,560,198,208,4,970,0,0,0,970
04/22/2006,FLL,FL,ASO,ES,Towers with Radar,534,171,82,0,787,0,33,76,0,109,534,204,158,0,896,0,0,0,896
04/23/2006,FLL,FL,ASO,ES,Towers with Radar,543,176,119,1,839,0,20,65,0,85,543,196,184,1,924,0,0,0,924
04/24/2006,FLL,FL,ASO,ES,Towers with Radar,549,154,76,0,779,0,41,60,0,101,549,195,136,0,880,0,0,0,880
04/25/2006,FLL,FL,ASO,ES,Towers with Radar,542,143,85,1,771,0,27,69,0,96,542,170,154,1,867,0,0,0,867
04/26/2006,FLL,FL,ASO,ES,Towers with Radar,543,156,102,1,802,0,20,60,0,80,543,176,162,1,882,0,0,0,882
04/27/2006,FLL,FL,ASO,ES,Towers with Radar,565,173,114,0,852,0,21,47,0,68,565,194,161,0,920,0,0,0,920
04/28/2006,FLL,FL,ASO,ES,Towers with Radar,543,170,98,0,811,0,26,77,1,104,543,196,175,1,915,0,0,0,915
04/29/2006,FLL,FL,ASO,ES,Towers with Radar,537,168,67,0,772,0,20,42,0,62,537,188,109,0,834,0,0,0,834
04/30/2006,FLL,FL,ASO,ES,Towers with Radar,527,163,93,1,784,0,21,65,0,86,527,184,158,1,870,0,0,0,870
05/01/2006,FLL,FL,ASO,ES,Towers with Radar,493,151,107,4,755,0,35,74,0,109,493,186,181,4,864,0,0,0,864
05/02/2006,FLL,FL,ASO,ES,Towers with Radar,502,134,106,1,743,0,20,62,0,82,502,154,168,1,825,0,0,0,825
05/03/2006,FLL,FL,ASO,ES,Towers with Radar,490,136,93,2,721,0,16,83,2,101,490,152,176,4,822,0,0,0,822
05/04/2006,FLL,FL,ASO,ES,Towers with Radar,499,142,106,8,755,0,22,62,2,86,499,164,168,10,841,0,0,0,841
05/05/2006,FLL,FL,ASO,ES,Towers with Radar,511,139,110,5,765,0,24,73,10,107,511,163,183,15,872,0,0,0,872
05/06/2006,FLL,FL,ASO,ES,Towers with Radar,500,165,71,0,736,0,19,45,2,66,500,184,116,2,802,0,0,0,802
05/07/2006,FLL,FL,ASO,ES,Towers with Radar,449,140,83,1,673,0,32,39,3,74,449,172,122,4,747,0,0,0,747
05/08/2006,FLL,FL,ASO,ES,Towers with Radar,468,132,58,1,659,0,28,26,0,54,468,160,84,1,713,0,0,0,713
05/09/2006,FLL,FL,ASO,ES,Towers with Radar,456,141,64,8,669,0,22,46,0,68,456,163,110,8,737,0,0,0,737
05/10/2006,FLL,FL,ASO,ES,Towers with Radar,473,156,106,6,741,0,33,96,0,129,473,189,202,6,870,0,0,0,870
05/11/2006,FLL,FL,ASO,ES,Towers with Radar,485,148,123,2,758,0,22,78,1,101,485,170,201,3,859,0,0,0,859
05/12/2006,FLL,FL,ASO,ES,Towers with Radar,498,150,106,0,754,0,21,43,1,65,498,171,149,1,819,0,0,0,819
05/13/2006,FLL,FL,ASO,ES,Towers with Radar,459,145,91,0,695,0,22,49,0,71,459,167,140,0,766,0,0,0,766
05/14/2006,FLL,FL,ASO,ES,Towers with Radar,458,155,82,0,695,0,33,58,1,92,458,188,140,1,787,0,0,0,787
05/15/2006,FLL,FL,ASO,ES,Towers with Radar,487,131,84,0,702,0,32,57,2,91,487,163,141,2,793,0,0,0,793
05/16/2006,FLL,FL,ASO,ES,Towers with Radar,471,135,54,0,660,0,17,24,0,41,471,152,78,0,701,0,0,0,701
05/17/2006,FLL,FL,ASO,ES,Towers with Radar,460,148,134,1,743,0,23,53,0,76,460,171,187,1,819,0,0,0,819
05/18/2006,FLL,FL,ASO,ES,Towers with Radar,490,143,111,0,744,0,23,75,0,98,490,166,186,0,842,0,0,0,842
05/19/2006,FLL,FL,ASO,ES,Towers with Radar,467,152,101,5,725,0,28,103,2,133,467,180,204,7,858,0,0,0,858
05/20/2006,FLL,FL,ASO,ES,Towers with Radar,485,147,75,0,707,0,36,50,0,86,485,183,125,0,793,0,0,0,793
05/21/2006,FLL,FL,ASO,ES,Towers with Radar,464,169,93,0,726,0,24,55,0,79,464,193,148,0,805,0,0,0,805
05/22/2006,FLL,FL,ASO,ES,Towers with Radar,459,154,111,0,724,0,35,54,0,89,459,189,165,0,813,0,0,0,813
05/23/2006,FLL,FL,ASO,ES,Towers with Radar,455,128,102,0,685,0,22,45,0,67,455,150,147,0,752,0,0,0,752
05/24/2006,FLL,FL,ASO,ES,Towers with Radar,456,155,105,1,717,0,28,49,0,77,456,183,154,1,794,0,0,0,794
05/25/2006,FLL,FL,ASO,ES,Towers with Radar,479,160,127,0,766,0,15,50,0,65,479,175,177,0,831,0,0,0,831
05/26/2006,FLL,FL,ASO,ES,Towers with Radar,488,167,145,0,800,0,48,82,0,130,488,215,227,0,930,0,0,0,930
05/27/2006,FLL,FL,ASO,ES,Towers with Radar,466,162,83,0,711,0,34,58,0,92,466,196,141,0,803,0,0,0,803
05/28/2006,FLL,FL,ASO,ES,Towers with Radar,446,142,49,0,637,0,26,39,0,65,446,168,88,0,702,0,0,0,702
05/29/2006,FLL,FL,ASO,ES,Towers with Radar,436,152,119,1,708,0,40,71,0,111,436,192,190,1,819,0,0,0,819
05/30/2006,FLL,FL,ASO,ES,Towers with Radar,464,133,110,1,708,0,36,41,0,77,464,169,151,1,785,0,0,0,785
05/31/2006,FLL,FL,ASO,ES,Towers with Radar,464,138,100,4,706,0,22,54,0,76,464,160,154,4,782,0,0,0,782
06/01/2006,FLL,FL,ASO,ES,Towers with Radar,472,146,112,0,730,0,29,49,0,78,472,175,161,0,808,0,0,0,808
06/02/2006,FLL,FL,ASO,ES,Towers with Radar,468,140,105,2,715,0,32,63,0,95,468,172,168,2,810,0,0,0,810
06/03/2006,FLL,FL,ASO,ES,Towers with Radar,468,150,98,1,717,0,30,47,0,77,468,180,145,1,794,0,0,0,794
06/04/2006,FLL,FL,ASO,ES,Towers with Radar,460,150,103,2,715,0,25,27,0,52,460,175,130,2,767,0,0,0,767
06/05/2006,FLL,FL,ASO,ES,Towers with Radar,469,145,85,0,699,0,34,48,1,83,469,179,133,1,782,0,0,0,782
06/06/2006,FLL,FL,ASO,ES,Towers with Radar,462,127,91,2,682,0,17,40,0,57,462,144,131,2,739,0,0,0,739
06/07/2006,FLL,FL,ASO,ES,Towers with Radar,455,130,107,0,692,0,31,64,0,95,455,161,171,0,787,0,0,0,787
06/08/2006,FLL,FL,ASO,ES,Towers with Radar,483,148,97,0,728,0,30,77,0,107,483,178,174,0,835,0,0,0,835
06/09/2006,FLL,FL,ASO,ES,Towers with Radar,464,154,117,1,736,0,31,49,0,80,464,185,166,1,816,0,0,0,816
06/10/2006,FLL,FL,ASO,ES,Towers with Radar,457,163,94,3,717,0,23,71,1,95,457,186,165,4,812,0,0,0,812
06/11/2006,FLL,FL,ASO,ES,Towers with Radar,438,165,67,0,670,0,17,24,0,41,438,182,91,0,711,0,0,0,711
06/12/2006,FLL,FL,ASO,ES,Towers with Radar,463,138,104,2,707,0,24,47,0,71,463,162,151,2,778,0,0,0,778
06/13/2006,FLL,FL,ASO,ES,Towers with Radar,477,128,71,1,677,0,21,34,0,55,477,149,105,1,732,0,0,0,732
06/14/2006,FLL,FL,ASO,ES,Towers with Radar,470,130,89,2,691,0,27,60,0,87,470,157,149,2,778,0,0,0,778
06/15/2006,FLL,FL,ASO,ES,Towers with Radar,486,133,121,0,740,0,27,58,0,85,486,160,179,0,825,0,0,0,825
06/16/2006,FLL,FL,ASO,ES,Towers with Radar,476,142,111,5,734,0,44,41,0,85,476,186,152,5,819,0,0,0,819
06/17/2006,FLL,FL,ASO,ES,Towers with Radar,470,162,77,1,710,0,40,59,0,99,470,202,136,1,809,86,0,86,895
06/18/2006,FLL,FL,ASO,ES,Towers with Radar,459,151,100,1,711,0,30,37,0,67,459,181,137,1,778,0,0,0,778
06/19/2006,FLL,FL,ASO,ES,Towers with Radar,472,143,93,1,709,0,28,56,0,84,472,171,149,1,793,0,0,0,793
06/20/2006,FLL,FL,ASO,ES,Towers with Radar,484,116,89,0,689,0,34,71,0,105,484,150,160,0,794,0,0,0,794
06/21/2006,FLL,FL,ASO,ES,Towers with Radar,467,138,106,1,712,0,24,71,0,95,467,162,177,1,807,0,0,0,807
06/22/2006,FLL,FL,ASO,ES,Towers with Radar,480,151,100,1,732,0,26,68,0,94,480,177,168,1,826,0,0,0,826
06/23/2006,FLL,FL,ASO,ES,Towers with Radar,484,161,112,2,759,0,31,68,0,99,484,192,180,2,858,0,0,0,858
06/24/2006,FLL,FL,ASO,ES,Towers with Radar,472,155,83,0,710,0,33,41,0,74,472,188,124,0,784,0,0,0,784
06/25/2006,FLL,FL,ASO,ES,Towers with Radar,455,150,83,0,688,0,21,21,0,42,455,171,104,0,730,0,0,0,730
06/26/2006,FLL,FL,ASO,ES,Towers with Radar,472,125,95,0,692,0,26,40,0,66,472,151,135,0,758,0,0,0,758
06/27/2006,FLL,FL,ASO,ES,Towers with Radar,491,138,82,0,711,0,18,44,0,62,491,156,126,0,773,0,0,0,773
06/28/2006,FLL,FL,ASO,ES,Towers with Radar,484,120,73,0,677,0,34,52,0,86,484,154,125,0,763,0,0,0,763
06/29/2006,FLL,FL,ASO,ES,Towers with Radar,493,132,128,1,754,0,31,65,0,96,493,163,193,1,850,0,0,0,850
06/30/2006,FLL,FL,ASO,ES,Towers with Radar,0,0,0,0,0,499,185,205,0,889,499,185,205,0,889,0,0,0,889
07/01/2006,FLL,FL,ASO,ES,Towers with Radar,466,142,81,0,689,0,38,55,0,93,466,180,136,0,782,0,0,0,782
07/02/2006,FLL,FL,ASO,ES,Towers with Radar,454,133,57,0,644,0,19,21,0,40,454,152,78,0,684,0,0,0,684
07/03/2006,FLL,FL,ASO,ES,Towers with Radar,447,130,49,1,627,0,17,37,0,54,447,147,86,1,681,0,0,0,681
07/04/2006,FLL,FL,ASO,ES,Towers with Radar,439,116,47,1,603,0,26,17,0,43,439,142,64,1,646,0,0,0,646
07/05/2006,FLL,FL,ASO,ES,Towers with Radar,466,143,85,0,694,0,29,47,0,76,466,172,132,0,770,0,0,0,770
07/06/2006,FLL,FL,ASO,ES,Towers with Radar,490,135,66,0,691,0,12,34,0,46,490,147,100,0,737,0,0,0,737
07/07/2006,FLL,FL,ASO,ES,Towers with Radar,483,138,76,0,697,0,31,53,0,84,483,169,129,0,781,0,0,0,781
07/08/2006,FLL,FL,ASO,ES,Towers with Radar,463,155,107,0,725,0,26,28,0,54,463,181,135,0,779,0,0,0,779
07/09/2006,FLL,FL,ASO,ES,Towers with Radar,446,149,89,0,684,0,31,33,0,64,446,180,122,0,748,0,0,0,748
07/10/2006,FLL,FL,ASO,ES,Towers with Radar,466,134,76,1,677,0,26,30,0,56,466,160,106,1,733,0,0,0,733
07/11/2006,FLL,FL,ASO,ES,Towers with Radar,488,138,90,0,716,0,19,37,0,56,488,157,127,0,772,0,0,0,772
07/12/2006,FLL,FL,ASO,ES,Towers with Radar,456,163,122,2,743,0,0,0,0,0,456,163,122,2,743,0,0,0,743
07/13/2006,FLL,FL,ASO,ES,Towers with Radar,495,132,86,1,714,0,20,59,0,79,495,152,145,1,793,8,0,8,801
07/14/2006,FLL,FL,ASO,ES,Towers with Radar,489,138,109,3,739,0,29,65,0,94,489,167,174,3,833,0,0,0,833
07/15/2006,FLL,FL,ASO,ES,Towers with Radar,466,160,61,0,687,0,25,37,0,62,466,185,98,0,749,0,0,0,749
07/16/2006,FLL,FL,ASO,ES,Towers with Radar,463,141,89,2,695,0,21,40,0,61,463,162,129,2,756,0,0,0,756
07/17/2006,FLL,FL,ASO,ES,Towers with Radar,470,133,73,1,677,0,31,52,0,83,470,164,125,1,760,0,0,0,760
07/18/2006,FLL,FL,ASO,ES,Towers with Radar,467,129,84,0,680,0,19,42,0,61,467,148,126,0,741,0,0,0,741
07/19/2006,FLL,FL,ASO,ES,Towers with Radar,478,232,88,0,798,0,29,51,0,80,478,261,139,0,878,0,0,0,878
07/20/2006,FLL,FL,ASO,ES,Towers with Radar,473,142,79,0,694,0,26,45,0,71,473,168,124,0,765,0,0,0,765
07/21/2006,FLL,FL,ASO,ES,Towers with Radar,484,137,95,1,717,0,34,38,0,72,484,171,133,1,789,0,0,0,789
07/22/2006,FLL,FL,ASO,ES,Towers with Radar,476,141,67,0,684,0,20,47,0,67,476,161,114,0,751,0,0,0,751
07/23/2006,FLL,FL,ASO,ES,Towers with Radar,478,137,86,0,701,0,22,30,0,52,478,159,116,0,753,0,0,0,753
07/24/2006,FLL,FL,ASO,ES,Towers with Radar,473,114,75,0,662,0,25,60,0,85,473,139,135,0,747,0,0,0,747
07/25/2006,FLL,FL,ASO,ES,Towers with Radar,471,128,76,2,677,0,18,57,0,75,471,146,133,2,752,0,0,0,752
07/26/2006,FLL,FL,ASO,ES,Towers with Radar,470,129,77,1,677,0,26,40,0,66,470,155,117,1,743,0,0,0,743
07/27/2006,FLL,FL,ASO,ES,Towers with Radar,491,138,93,0,722,0,50,58,0,108,491,188,151,0,830,0,0,0,830
07/28/2006,FLL,FL,ASO,ES,Towers with Radar,491,144,115,1,751,0,33,66,0,99,491,177,181,1,850,0,0,0,850
07/29/2006,FLL,FL,ASO,ES,Towers with Radar,462,148,79,0,689,0,14,41,0,55,462,162,120,0,744,0,0,0,744
07/30/2006,FLL,FL,ASO,ES,Towers with Radar,448,28,30,0,506,0,141,88,0,229,448,169,118,0,735,0,0,0,735
07/31/2006,FLL,FL,ASO,ES,Towers with Radar,466,139,87,2,694,0,19,35,1,55,466,158,122,3,749,0,0,0,749
08/01/2006,FLL,FL,ASO,ES,Towers with Radar,462,136,93,2,693,0,27,46,0,73,462,163,139,2,766,0,0,0,766
08/02/2006,FLL,FL,ASO,ES,Towers with Radar,475,139,85,0,699,0,19,63,0,82,475,158,148,0,781,0,0,0,781
08/03/2006,FLL,FL,ASO,ES,Towers with Radar,473,146,71,1,691,0,26,69,0,95,473,172,140,1,786,0,0,0,786
08/04/2006,FLL,FL,ASO,ES,Towers with Radar,473,141,98,0,712,0,27,46,0,73,473,168,144,0,785,0,0,0,785
08/05/2006,FLL,FL,ASO,ES,Towers with Radar,457,149,76,0,682,0,21,38,0,59,457,170,114,0,741,0,0,0,741
08/06/2006,FLL,FL,ASO,ES,Towers with Radar,467,140,52,0,659,0,21,32,0,53,467,161,84,0,712,0,0,0,712
08/07/2006,FLL,FL,ASO,ES,Towers with Radar,469,139,74,0,682,0,17,33,0,50,469,156,107,0,732,0,0,0,732
08/08/2006,FLL,FL,ASO,ES,Towers with Radar,464,139,101,2,706,0,25,38,0,63,464,164,139,2,769,0,0,0,769
08/09/2006,FLL,FL,ASO,ES,Towers with Radar,476,131,82,0,689,0,24,48,0,72,476,155,130,0,761,0,0,0,761
08/10/2006,FLL,FL,ASO,ES,Towers with Radar,465,147,115,0,727,0,19,40,0,59,465,166,155,0,786,0,0,0,786
08/11/2006,FLL,FL,ASO,ES,Towers with Radar,492,134,90,1,717,0,20,44,0,64,492,154,134,1,781,0,0,0,781
08/12/2006,FLL,FL,ASO,ES,Towers with Radar,458,139,84,1,682,0,17,46,0,63,458,156,130,1,745,0,0,0,745
08/13/2006,FLL,FL,ASO,ES,Towers with Radar,468,138,75,0,681,0,19,46,0,65,468,157,121,0,746,0,0,0,746
08/14/2006,FLL,FL,ASO,ES,Towers with Radar,491,136,91,0,718,0,22,32,0,54,491,158,123,0,772,0,0,0,772
08/15/2006,FLL,FL,ASO,ES,Towers with Radar,464,103,67,0,634,0,12,49,0,61,464,115,116,0,695,0,0,0,695
08/16/2006,FLL,FL,ASO,ES,Towers with Radar,467,122,95,0,684,0,18,65,0,83,467,140,160,0,767,0,0,0,767
08/17/2006,FLL,FL,ASO,ES,Towers with Radar,490,122,111,0,723,0,24,55,0,79,490,146,166,0,802,0,0,0,802
08/18/2006,FLL,FL,ASO,ES,Towers with Radar,486,122,112,1,721,0,26,50,0,76,486,148,162,1,797,0,0,0,797
08/19/2006,FLL,FL,ASO,ES,Towers with Radar,454,120,70,0,644,0,17,32,0,49,454,137,102,0,693,0,0,0,693
08/20/2006,FLL,FL,ASO,ES,Towers with Radar,456,113,69,0,638,0,16,27,0,43,456,129,96,0,681,0,0,0,681
08/21/2006,FLL,FL,ASO,ES,Towers with Radar,465,109,91,3,668,0,18,25,0,43,465,127,116,3,711,0,0,0,711
08/22/2006,FLL,FL,ASO,ES,Towers with Radar,468,122,89,0,679,0,18,46,0,64,468,140,135,0,743,0,0,0,743
08/23/2006,FLL,FL,ASO,ES,Towers with Radar,471,118,88,0,677,0,16,61,0,77,471,134,149,0,754,0,0,0,754
08/24/2006,FLL,FL,ASO,ES,Towers with Radar,471,119,80,1,671,0,29,62,0,91,471,148,142,1,762,0,0,0,762
08/25/2006,FLL,FL,ASO,ES,Towers with Radar,505,124,123,0,752,0,20,50,0,70,505,144,173,0,822,0,0,0,822
08/26/2006,FLL,FL,ASO,ES,Towers with Radar,460,118,56,0,634,0,15,25,0,40,460,133,81,0,674,0,0,0,674
08/27/2006,FLL,FL,ASO,ES,Towers with Radar,440,120,70,2,632,0,16,34,0,50,440,136,104,2,682,0,0,0,682
08/28/2006,FLL,FL,ASO,ES,Towers with Radar,454,112,86,0,652,0,27,55,0,82,454,139,141,0,734,0,0,0,734
08/29/2006,FLL,FL,ASO,ES,Towers with Radar,292,72,76,0,440,0,8,22,0,30,292,80,98,0,470,0,0,0,470
08/30/2006,FLL,FL,ASO,ES,Towers with Radar,176,30,29,0,235,0,0,47,0,47,176,30,76,0,282,0,0,0,282
08/31/2006,FLL,FL,ASO,ES,Towers with Radar,477,117,105,0,699,0,25,43,0,68,477,142,148,0,767,0,0,0,767
09/01/2006,FLL,FL,ASO,ES,Towers with Radar,491,135,75,0,701,0,31,66,0,97,491,166,141,0,798,0,0,0,798
09/02/2006,FLL,FL,ASO,ES,Towers with Radar,439,126,45,1,611,0,13,28,0,41,439,139,73,1,652,0,0,0,652
09/03/2006,FLL,FL,ASO,ES,Towers with Radar,401,101,38,1,541,0,15,17,0,32,401,116,55,1,573,0,0,0,573
09/04/2006,FLL,FL,ASO,ES,Towers with Radar,445,118,83,0,646,0,23,28,0,51,445,141,111,0,697,0,0,0,697
09/05/2006,FLL,FL,ASO,ES,Towers with Radar,441,102,73,0,616,0,23,18,0,41,441,125,91,0,657,0,0,0,657
09/06/2006,FLL,FL,ASO,ES,Towers with Radar,439,117,82,2,640,0,17,47,0,64,439,134,129,2,704,0,0,0,704
09/07/2006,FLL,FL,ASO,ES,Towers with Radar,425,108,91,0,624,0,28,53,1,82,425,136,144,1,706,0,0,0,706
09/08/2006,FLL,FL,ASO,ES,Towers with Radar,433,125,87,2,647,0,22,38,0,60,433,147,125,2,707,0,0,0,707
09/09/2006,FLL,FL,ASO,ES,Towers with Radar,400,101,60,0,561,0,21,12,0,33,400,122,72,0,594,0,0,0,594
09/10/2006,FLL,FL,ASO,ES,Towers with Radar,399,105,69,2,575,0,13,21,0,34,399,118,90,2,609,0,0,0,609
09/11/2006,FLL,FL,ASO,ES,Towers with Radar,419,94,82,3,598,0,16,22,0,38,419,110,104,3,636,0,0,0,636
09/12/2006,FLL,FL,ASO,ES,Towers with Radar,412,97,92,0,601,0,16,46,0,62,412,113,138,0,663,10,0,10,673
09/13/2006,FLL,FL,ASO,ES,Towers with Radar,384,121,98,0,603,0,10,61,0,71,384,131,159,0,674,0,0,0,674
09/14/2006,FLL,FL,ASO,ES,Towers with Radar,440,109,95,0,644,0,17,55,0,72,440,126,150,0,716,0,0,0,716
09/15/2006,FLL,FL,ASO,ES,Towers with Radar,428,107,98,0,633,0,19,43,0,62,428,126,141,0,695,0,0,0,695
09/16/2006,FLL,FL,ASO,ES,Towers with Radar,385,100,54,0,539,0,9,31,0,40,385,109,85,0,579,0,0,0,579
09/17/2006,FLL,FL,ASO,ES,Towers with Radar,402,109,46,1,558,0,14,22,0,36,402,123,68,1,594,0,0,0,594
09/18/2006,FLL,FL,ASO,ES,Towers with Radar,414,108,76,2,600,0,11,51,0,62,414,119,127,2,662,0,0,0,662
09/19/2006,FLL,FL,ASO,ES,Towers with Radar,432,92,85,0,609,0,18,34,0,52,432,110,119,0,661,0,0,0,661
09/20/2006,FLL,FL,ASO,ES,Towers with Radar,413,104,100,2,619,0,22,42,0,64,413,126,142,2,683,0,0,0,683
09/21/2006,FLL,FL,ASO,ES,Towers with Radar,433,107,88,1,629,0,22,65,0,87,433,129,153,1,716,0,0,0,716
09/22/2006,FLL,FL,ASO,ES,Towers with Radar,403,107,68,0,578,0,21,53,1,75,403,128,121,1,653,0,0,0,653
09/23/2006,FLL,FL,ASO,ES,Towers with Radar,414,106,43,0,563,0,21,41,0,62,414,127,84,0,625,0,0,0,625
09/24/2006,FLL,FL,ASO,ES,Towers with Radar,417,108,59,0,584,0,12,29,0,41,417,120,88,0,625,0,0,0,625
09/25/2006,FLL,FL,ASO,ES,Towers with Radar,428,107,72,0,607,0,23,47,0,70,428,130,119,0,677,0,0,0,677
09/26/2006,FLL,FL,ASO,ES,Towers with Radar,419,96,66,0,581,0,19,47,0,66,419,115,113,0,647,0,0,0,647
09/27/2006,FLL,FL,ASO,ES,Towers with Radar,405,108,104,1,618,0,12,55,0,67,405,120,159,1,685,0,0,0,685
09/28/2006,FLL,FL,ASO,ES,Towers with Radar,430,108,95,0,633,0,21,43,0,64,430,129,138,0,697,0,0,0,697
09/29/2006,FLL,FL,ASO,ES,Towers with Radar,455,115,68,2,640,0,20,72,0,92,455,135,140,2,732,0,0,0,732
09/30/2006,FLL,FL,ASO,ES,Towers with Radar,401,96,50,0,547,0,11,29,0,40,401,107,79,0,587,0,0,0,587
10/01/2006,FLL,FL,ASO,ES,Towers with Radar,422,119,67,0,608,0,15,23,0,38,422,134,90,0,646,0,0,0,646
10/02/2006,FLL,FL,ASO,ES,Towers with Radar,424,118,72,0,614,0,21,20,0,41,424,139,92,0,655,0,0,0,655
10/03/2006,FLL,FL,ASO,ES,Towers with Radar,437,102,65,0,604,0,21,54,0,75,437,123,119,0,679,12,0,12,691
10/04/2006,FLL,FL,ASO,ES,Towers with Radar,432,110,82,0,624,0,18,48,0,66,432,128,130,0,690,0,0,0,690
10/05/2006,FLL,FL,ASO,ES,Towers with Radar,444,114,83,0,641,0,20,48,0,68,444,134,131,0,709,0,0,0,709
10/06/2006,FLL,FL,ASO,ES,Towers with Radar,428,115,95,2,640,0,29,42,0,71,428,144,137,2,711,0,0,0,711
10/07/2006,FLL,FL,ASO,ES,Towers with Radar,395,106,63,0,564,0,23,35,0,58,395,129,98,0,622,0,0,0,622
10/08/2006,FLL,FL,ASO,ES,Towers with Radar,430,115,75,0,620,0,16,40,0,56,430,131,115,0,676,0,0,0,676
10/09/2006,FLL,FL,ASO,ES,Towers with Radar,437,116,65,0,618,0,20,44,1,65,437,136,109,1,683,0,0,0,683
10/10/2006,FLL,FL,ASO,ES,Towers with Radar,436,102,84,1,623,0,12,49,0,61,436,114,133,1,684,0,0,0,684
10/11/2006,FLL,FL,ASO,ES,Towers with Radar,424,108,158,0,690,0,15,0,0,15,424,123,158,0,705,0,0,0,705
10/12/2006,FLL,FL,ASO,ES,Towers with Radar,464,123,106,0,693,0,21,59,0,80,464,144,165,0,773,0,0,0,773
10/13/2006,FLL,FL,ASO,ES,Towers with Radar,453,121,80,2,656,0,22,36,0,58,453,143,116,2,714,0,0,0,714
10/14/2006,FLL,FL,ASO,ES,Towers with Radar,416,109,51,0,576,0,14,37,1,52,416,123,88,1,628,0,0,0,628
10/15/2006,FLL,FL,ASO,ES,Towers with Radar,439,123,74,0,636,0,23,27,0,50,439,146,101,0,686,0,0,0,686
10/16/2006,FLL,FL,ASO,ES,Towers with Radar,426,127,102,2,657,0,25,50,1,76,426,152,152,3,733,4,0,4,737
10/17/2006,FLL,FL,ASO,ES,Towers with Radar,448,95,78,0,621,0,22,38,0,60,448,117,116,0,681,0,0,0,681
10/18/2006,FLL,FL,ASO,ES,Towers with Radar,426,105,93,2,626,0,15,34,0,49,426,120,127,2,675,0,0,0,675
10/19/2006,FLL,FL,ASO,ES,Towers with Radar,454,124,88,11,677,0,23,70,0,93,454,147,158,11,770,0,0,0,770
10/20/2006,FLL,FL,ASO,ES,Towers with Radar,451,133,90,0,674,0,23,25,0,48,451,156,115,0,722,0,0,0,722
10/21/2006,FLL,FL,ASO,ES,Towers with Radar,406,103,59,2,570,0,25,57,0,82,406,128,116,2,652,0,0,0,652
10/22/2006,FLL,FL,ASO,ES,Towers with Radar,404,122,95,0,621,0,17,36,4,57,404,139,131,4,678,0,0,0,678
10/23/2006,FLL,FL,ASO,ES,Towers with Radar,455,122,94,3,674,0,19,40,0,59,455,141,134,3,733,0,0,0,733
10/24/2006,FLL,FL,ASO,ES,Towers with Radar,457,88,91,5,641,0,9,27,1,37,457,97,118,6,678,0,0,0,678
10/25/2006,FLL,FL,ASO,ES,Towers with Radar,429,120,170,1,720,0,17,71,0,88,429,137,241,1,808,0,0,0,808
10/26/2006,FLL,FL,ASO,ES,Towers with Radar,418,125,246,2,791,0,28,94,0,122,418,153,340,2,913,0,0,0,913
10/27/2006,FLL,FL,ASO,ES,Towers with Radar,441,152,205,0,798,0,28,63,0,91,441,180,268,0,889,0,0,0,889
10/28/2006,FLL,FL,ASO,ES,Towers with Radar,404,128,143,0,675,0,11,18,0,29,404,139,161,0,704,0,0,0,704
10/29/2006,FLL,FL,ASO,ES,Towers with Radar,439,148,199,2,788,0,19,44,0,63,439,167,243,2,851,0,0,0,851
10/30/2006,FLL,FL,ASO,ES,Towers with Radar,450,143,144,0,737,0,22,77,0,99,450,165,221,0,836,0,0,0,836
10/31/2006,FLL,FL,ASO,ES,Towers with Radar,442,128,116,1,687,0,17,30,0,47,442,145,146,1,734,0,0,0,734
11/01/2006,FLL,FL,ASO,ES,Towers with Radar,475,127,122,2,726,0,15,48,0,63,475,142,170,2,789,0,0,0,789
11/02/2006,FLL,FL,ASO,ES,Towers with Radar,482,130,116,1,729,0,17,31,0,48,482,147,147,1,777,0,0,0,777
11/03/2006,FLL,FL,ASO,ES,Towers with Radar,459,148,96,4,707,0,28,65,2,95,459,176,161,6,802,0,0,0,802
11/04/2006,FLL,FL,ASO,ES,Towers with Radar,424,121,60,3,608,0,11,22,0,33,424,132,82,3,641,0,0,0,641
11/05/2006,FLL,FL,ASO,ES,Towers with Radar,446,141,96,0,683,0,18,32,0,50,446,159,128,0,733,0,0,0,733
11/06/2006,FLL,FL,ASO,ES,Towers with Radar,439,129,78,0,646,0,22,44,0,66,439,151,122,0,712,0,0,0,712
11/07/2006,FLL,FL,ASO,ES,Towers with Radar,456,116,78,0,650,0,26,42,0,68,456,142,120,0,718,0,0,0,718
11/08/2006,FLL,FL,ASO,ES,Towers with Radar,456,122,117,0,695,0,24,45,1,70,456,146,162,1,765,0,0,0,765
11/09/2006,FLL,FL,ASO,ES,Towers with Radar,480,128,108,4,720,0,18,64,0,82,480,146,172,4,802,0,0,0,802
11/10/2006,FLL,FL,ASO,ES,Towers with Radar,479,132,118,0,729,0,23,56,0,79,479,155,174,0,808,0,0,0,808
11/11/2006,FLL,FL,ASO,ES,Towers with Radar,453,104,79,0,636,0,9,38,0,47,453,113,117,0,683,0,0,0,683
11/12/2006,FLL,FL,ASO,ES,Towers with Radar,448,125,128,2,703,0,20,71,0,91,448,145,199,2,794,0,0,0,794
11/13/2006,FLL,FL,ASO,ES,Towers with Radar,471,129,102,1,703,0,27,62,0,89,471,156,164,1,792,0,0,0,792
11/14/2006,FLL,FL,ASO,ES,Towers with Radar,476,121,108,1,706,0,28,62,0,90,476,149,170,1,796,0,0,0,796
11/15/2006,FLL,FL,ASO,ES,Towers with Radar,469,120,91,3,683,0,19,52,2,73,469,139,143,5,756,0,0,0,756
11/16/2006,FLL,FL,ASO,ES,Towers with Radar,501,123,118,2,744,0,32,42,0,74,501,155,160,2,818,0,0,0,818
11/17/2006,FLL,FL,ASO,ES,Towers with Radar,532,158,155,6,851,0,11,59,0,70,532,169,214,6,921,0,0,0,921
11/18/2006,FLL,FL,ASO,ES,Towers with Radar,484,162,95,4,745,0,15,25,0,40,484,177,120,4,785,0,0,0,785
11/19/2006,FLL,FL,ASO,ES,Towers with Radar,501,142,138,2,783,0,15,30,0,45,501,157,168,2,828,0,0,0,828
11/20/2006,FLL,FL,ASO,ES,Towers with Radar,485,135,107,5,732,0,20,76,3,99,485,155,183,8,831,6,0,6,837
11/21/2006,FLL,FL,ASO,ES,Towers with Radar,516,139,160,3,818,0,30,74,1,105,516,169,234,4,923,0,0,0,923
11/22/2006,FLL,FL,ASO,ES,Towers with Radar,495,158,166,3,822,0,28,34,0,62,495,186,200,3,884,0,0,0,884
11/23/2006,FLL,FL,ASO,ES,Towers with Radar,422,96,32,0,550,0,13,21,0,34,422,109,53,0,584,0,0,0,584
11/24/2006,FLL,FL,ASO,ES,Towers with Radar,469,124,93,0,686,0,11,21,0,32,469,135,114,0,718,0,0,0,718
11/25/2006,FLL,FL,ASO,ES,Towers with Radar,500,162,101,0,763,0,25,91,0,116,500,187,192,0,879,0,0,0,879
11/26/2006,FLL,FL,ASO,ES,Towers with Radar,511,168,222,0,901,0,28,39,0,67,511,196,261,0,968,0,0,0,968
11/27/2006,FLL,FL,ASO,ES,Towers with Radar,518,128,153,1,800,0,32,58,0,90,518,160,211,1,890,0,0,0,890
11/28/2006,FLL,FL,ASO,ES,Towers with Radar,486,107,122,1,716,0,26,49,0,75,486,133,171,1,791,0,0,0,791
11/29/2006,FLL,FL,ASO,ES,Towers with Radar,479,108,120,1,708,0,24,60,0,84,479,132,180,1,792,0,0,0,792
11/30/2006,FLL,FL,ASO,ES,Towers with Radar,488,144,134,0,766,0,28,67,1,96,488,172,201,1,862,0,0,0,862
12/01/2006,FLL,FL,ASO,ES,Towers with Radar,479,148,174,7,808,0,10,38,0,48,479,158,212,7,856,0,0,0,856
12/02/2006,FLL,FL,ASO,ES,Towers with Radar,460,136,81,0,677,0,14,38,0,52,460,150,119,0,729,0,0,0,729
12/03/2006,FLL,FL,ASO,ES,Towers with Radar,469,136,136,3,744,0,11,20,0,31,469,147,156,3,775,0,0,0,775
12/04/2006,FLL,FL,ASO,ES,Towers with Radar,469,122,87,3,681,0,28,50,0,78,469,150,137,3,759,0,0,0,759
12/05/2006,FLL,FL,ASO,ES,Towers with Radar,483,121,110,1,715,0,19,29,0,48,483,140,139,1,763,0,0,0,763
12/06/2006,FLL,FL,ASO,ES,Towers with Radar,481,128,113,0,722,0,21,56,0,77,481,149,169,0,799,0,0,0,799
12/07/2006,FLL,FL,ASO,ES,Towers with Radar,482,157,145,0,784,0,18,40,0,58,482,175,185,0,842,0,0,0,842
12/08/2006,FLL,FL,ASO,ES,Towers with Radar,498,140,137,2,777,0,23,34,0,57,498,163,171,2,834,0,0,0,834
12/09/2006,FLL,FL,ASO,ES,Towers with Radar,452,130,92,3,677,0,9,24,0,33,452,139,116,3,710,0,0,0,710
12/10/2006,FLL,FL,ASO,ES,Towers with Radar,470,122,83,0,675,0,20,50,1,71,470,142,133,1,746,0,0,0,746
12/11/2006,FLL,FL,ASO,ES,Towers with Radar,482,127,97,0,706,0,20,55,0,75,482,147,152,0,781,0,0,0,781
12/12/2006,FLL,FL,ASO,ES,Towers with Radar,455,108,104,1,668,0,22,51,0,73,455,130,155,1,741,0,0,0,741
12/13/2006,FLL,FL,ASO,ES,Towers with Radar,169,115,108,2,394,300,21,43,0,364,469,136,151,2,758,0,0,0,758
12/14/2006,FLL,FL,ASO,ES,Towers with Radar,497,149,122,2,770,0,8,19,0,27,497,157,141,2,797,0,0,0,797
12/15/2006,FLL,FL,ASO,ES,Towers with Radar,557,166,153,9,885,0,16,36,1,53,557,182,189,10,938,0,0,0,938
12/16/2006,FLL,FL,ASO,ES,Towers with Radar,530,167,108,1,806,0,10,21,0,31,530,177,129,1,837,0,0,0,837
12/17/2006,FLL,FL,ASO,ES,Towers with Radar,532,149,100,1,782,0,20,42,0,62,532,169,142,1,844,0,0,0,844
12/18/2006,FLL,FL,ASO,ES,Towers with Radar,551,140,103,4,798,0,37,58,0,95,551,177,161,4,893,0,0,0,893
12/19/2006,FLL,FL,ASO,ES,Towers with Radar,578,124,109,1,812,0,26,79,0,105,578,150,188,1,917,0,0,0,917
12/20/2006,FLL,FL,ASO,ES,Towers with Radar,593,126,126,1,846,0,41,66,0,107,593,167,192,1,953,0,0,0,953
12/21/2006,FLL,FL,ASO,ES,Towers with Radar,585,171,140,1,897,0,18,23,0,41,585,189,163,1,938,0,0,0,938
12/22/2006,FLL,FL,ASO,ES,Towers with Radar,584,169,184,3,940,0,18,23,0,41,584,187,207,3,981,0,0,0,981
12/23/2006,FLL,FL,ASO,ES,Towers with Radar,576,194,140,0,910,0,18,34,0,52,576,212,174,0,962,0,0,0,962
12/24/2006,FLL,FL,ASO,ES,Towers with Radar,557,134,50,0,741,0,22,24,0,46,557,156,74,0,787,0,0,0,787
12/25/2006,FLL,FL,ASO,ES,Towers with Radar,540,108,38,0,686,0,2,6,0,8,540,110,44,0,694,0,0,0,694
12/26/2006,FLL,FL,ASO,ES,Towers with Radar,588,186,178,0,952,0,22,26,0,48,588,208,204,0,1000,0,0,0,1000
12/27/2006,FLL,FL,ASO,ES,Towers with Radar,593,164,218,0,975,0,30,41,0,71,593,194,259,0,1046,0,0,0,1046
12/28/2006,FLL,FL,ASO,ES,Towers with Radar,600,158,156,1,915,0,31,51,0,82,600,189,207,1,997,0,0,0,997
12/29/2006,FLL,FL,ASO,ES,Towers with Radar,589,176,116,0,881,0,18,41,0,59,589,194,157,0,940,0,0,0,940
12/30/2006,FLL,FL,ASO,ES,Towers with Radar,578,164,118,0,860,0,23,38,0,61,578,187,156,0,921,0,0,0,921
12/31/2006,FLL,FL,ASO,ES,Towers with Radar,544,126,68,0,738,0,22,21,0,43,544,148,89,0,781,0,0,0,781
01/01/2007,FLL,FL,ASO,ES,Towers with Radar,556,151,127,0,834,0,24,33,0,57,556,175,160,0,891,0,0,0,891
01/02/2007,FLL,FL,ASO,ES,Towers with Radar,582,204,264,0,1050,0,25,53,0,78,582,229,317,0,1128,0,0,0,1128
01/03/2007,FLL,FL,ASO,ES,Towers with Radar,593,189,169,0,951,0,29,37,0,66,593,218,206,0,1017,0,0,0,1017
01/04/2007,FLL,FL,ASO,ES,Towers with Radar,588,144,113,0,845,0,27,58,0,85,588,171,171,0,930,0,0,0,930
01/05/2007,FLL,FL,ASO,ES,Towers with Radar,563,151,124,0,838,0,24,46,0,70,563,175,170,0,908,0,0,0,908
01/06/2007,FLL,FL,ASO,ES,Towers with Radar,542,160,143,1,846,0,26,42,0,68,542,186,185,1,914,0,0,0,914
01/07/2007,FLL,FL,ASO,ES,Towers with Radar,548,148,151,0,847,0,28,35,0,63,548,176,186,0,910,0,0,0,910
01/08/2007,FLL,FL,ASO,ES,Towers with Radar,547,133,109,0,789,0,19,56,0,75,547,152,165,0,864,0,0,0,864
01/09/2007,FLL,FL,ASO,ES,Towers with Radar,539,98,143,0,780,0,28,49,0,77,539,126,192,0,857,0,0,0,857
01/10/2007,FLL,FL,ASO,ES,Towers with Radar,547,129,137,2,815,0,23,40,0,63,547,152,177,2,878,0,0,0,878
01/11/2007,FLL,FL,ASO,ES,Towers with Radar,547,148,145,0,840,0,14,32,0,46,547,162,177,0,886,0,0,0,886
01/12/2007,FLL,FL,ASO,ES,Towers with Radar,551,154,154,3,862,0,19,26,0,45,551,173,180,3,907,0,0,0,907
01/13/2007,FLL,FL,ASO,ES,Towers with Radar,508,139,87,0,734,0,13,24,0,37,508,152,111,0,771,0,0,0,771
01/14/2007,FLL,FL,ASO,ES,Towers with Radar,511,139,119,1,770,0,8,6,0,14,511,147,125,1,784,0,0,0,784
01/15/2007,FLL,FL,ASO,ES,Towers with Radar,539,136,140,6,821,0,31,54,1,86,539,167,194,7,907,0,0,0,907
01/16/2007,FLL,FL,ASO,ES,Towers with Radar,526,108,100,0,734,0,25,51,0,76,526,133,151,0,810,0,0,0,810
01/17/2007,FLL,FL,ASO,ES,Towers with Radar,511,124,95,1,731,0,19,37,0,56,511,143,132,1,787,0,0,0,787
01/18/2007,FLL,FL,ASO,ES,Towers with Radar,525,145,124,3,797,0,17,38,1,56,525,162,162,4,853,0,0,0,853
01/19/2007,FLL,FL,ASO,ES,Towers with Radar,561,125,129,6,821,0,25,52,0,77,561,150,181,6,898,0,0,0,898
01/20/2007,FLL,FL,ASO,ES,Towers with Radar,537,122,78,1,738,0,21,52,0,73,537,143,130,1,811,0,0,0,811
01/21/2007,FLL,FL,ASO,ES,Towers with Radar,530,138,140,1,809,0,18,47,0,65,530,156,187,1,874,0,0,0,874
01/22/2007,FLL,FL,ASO,ES,Towers with Radar,548,131,111,0,790,0,19,31,0,50,548,150,142,0,840,0,0,0,840
01/23/2007,FLL,FL,ASO,ES,Towers with Radar,527,109,115,0,751,0,19,37,0,56,527,128,152,0,807,0,0,0,807
01/24/2007,FLL,FL,ASO,ES,Towers with Radar,501,128,119,2,750,0,19,43,0,62,501,147,162,2,812,0,0,0,812
01/25/2007,FLL,FL,ASO,ES,Towers with Radar,538,168,139,1,846,0,4,18,0,22,538,172,157,1,868,0,0,0,868
01/26/2007,FLL,FL,ASO,ES,Towers with Radar,554,148,156,2,860,0,16,35,0,51,554,164,191,2,911,0,0,0,911
01/27/2007,FLL,FL,ASO,ES,Towers with Radar,516,147,86,1,750,0,12,35,0,47,516,159,121,1,797,0,0,0,797
01/28/2007,FLL,FL,ASO,ES,Towers with Radar,531,147,128,1,807,0,6,11,0,17,531,153,139,1,824,0,0,0,824
01/29/2007,FLL,FL,ASO,ES,Towers with Radar,546,146,106,2,800,0,24,47,0,71,546,170,153,2,871,0,0,0,871
01/30/2007,FLL,FL,ASO,ES,Towers with Radar,519,133,104,1,757,0,39,48,0,87,519,172,152,1,844,0,0,0,844
01/31/2007,FLL,FL,ASO,ES,Towers with Radar,524,126,96,0,746,0,19,43,0,62,524,145,139,0,808,0,0,0,808
02/01/2007,FLL,FL,ASO,ES,Towers with Radar,551,170,208,0,929,0,12,24,1,37,551,182,232,1,966,0,0,0,966
02/02/2007,FLL,FL,ASO,ES,Towers with Radar,549,188,235,2,974,0,14,22,0,36,549,202,257,2,1010,0,0,0,1010
02/03/2007,FLL,FL,ASO,ES,Towers with Radar,522,166,134,1,823,0,13,28,0,41,522,179,162,1,864,0,0,0,864
02/04/2007,FLL,FL,ASO,ES,Towers with Radar,536,173,93,0,802,0,1,5,0,6,536,174,98,0,808,0,0,0,808
02/05/2007,FLL,FL,ASO,ES,Towers with Radar,560,174,280,3,1017,0,13,33,0,46,560,187,313,3,1063,0,0,0,1063
02/06/2007,FLL,FL,ASO,ES,Towers with Radar,518,119,101,0,738,0,23,40,0,63,518,142,141,0,801,0,0,0,801
02/07/2007,FLL,FL,ASO,ES,Towers with Radar,534,126,118,3,781,0,23,63,0,86,534,149,181,3,867,0,0,0,867
02/08/2007,FLL,FL,ASO,ES,Towers with Radar,563,147,115,2,827,0,25,60,0,85,563,172,175,2,912,0,0,0,912
02/09/2007,FLL,FL,ASO,ES,Towers with Radar,572,160,178,2,912,0,13,31,0,44,572,173,209,2,956,0,0,0,956
02/10/2007,FLL,FL,ASO,ES,Towers with Radar,548,131,80,0,759,0,12,56,0,68,548,143,136,0,827,0,0,0,827
02/11/2007,FLL,FL,ASO,ES,Towers with Radar,566,153,111,1,831,0,21,37,0,58,566,174,148,1,889,0,0,0,889
02/12/2007,FLL,FL,ASO,ES,Towers with Radar,567,124,109,1,801,0,20,25,0,45,567,144,134,1,846,0,0,0,846
02/13/2007,FLL,FL,ASO,ES,Towers with Radar,489,123,100,0,712,0,22,39,0,61,489,145,139,0,773,0,0,0,773
02/14/2007,FLL,FL,ASO,ES,Towers with Radar,446,114,146,9,715,0,18,34,0,52,446,132,180,9,767,0,0,0,767
02/15/2007,FLL,FL,ASO,ES,Towers with Radar,569,201,229,3,1002,0,16,32,0,48,569,217,261,3,1050,0,0,0,1050
02/16/2007,FLL,FL,ASO,ES,Towers with Radar,626,189,241,5,1061,0,18,39,0,57,626,207,280,5,1118,0,0,0,1118
02/17/2007,FLL,FL,ASO,ES,Towers with Radar,607,151,119,2,879,0,18,68,0,86,607,169,187,2,965,0,0,0,965
02/18/2007,FLL,FL,ASO,ES,Towers with Radar,620,130,158,2,910,0,9,13,0,22,620,139,171,2,932,0,0,0,932
02/19/2007,FLL,FL,ASO,ES,Towers with Radar,603,156,152,4,915,0,35,76,0,111,603,191,228,4,1026,0,0,0,1026
02/20/2007,FLL,FL,ASO,ES,Towers with Radar,604,141,160,0,905,0,29,50,0,79,604,170,210,0,984,0,0,0,984
02/21/2007,FLL,FL,ASO,ES,Towers with Radar,607,130,163,4,904,0,14,38,0,52,607,144,201,4,956,0,0,0,956
02/22/2007,FLL,FL,ASO,ES,Towers with Radar,637,165,190,0,992,0,23,38,0,61,637,188,228,0,1053,0,0,0,1053
02/23/2007,FLL,FL,ASO,ES,Towers with Radar,647,159,187,5,998,0,12,25,1,38,647,171,212,6,1036,0,0,0,1036
02/24/2007,FLL,FL,ASO,ES,Towers with Radar,591,151,117,1,860,0,16,32,0,48,591,167,149,1,908,0,0,0,908
02/25/2007,FLL,FL,ASO,ES,Towers with Radar,567,151,118,3,839,0,24,30,0,54,567,175,148,3,893,0,0,0,893
02/26/2007,FLL,FL,ASO,ES,Towers with Radar,613,140,124,0,877,0,27,40,0,67,613,167,164,0,944,0,0,0,944
02/27/2007,FLL,FL,ASO,ES,Towers with Radar,592,131,88,0,811,0,22,39,0,61,592,153,127,0,872,0,0,0,872
02/28/2007,FLL,FL,ASO,ES,Towers with Radar,629,133,136,0,898,0,17,43,0,60,629,150,179,0,958,0,0,0,958
03/01/2007,FLL,FL,ASO,ES,Towers with Radar,610,138,152,0,900,0,9,40,0,49,610,147,192,0,949,0,0,0,949
03/02/2007,FLL,FL,ASO,ES,Towers with Radar,611,157,191,2,961,0,15,42,0,57,611,172,233,2,1018,0,0,0,1018
03/03/2007,FLL,FL,ASO,ES,Towers with Radar,608,144,126,1,879,0,21,30,1,52,608,165,156,2,931,0,0,0,931
03/04/2007,FLL,FL,ASO,ES,Towers with Radar,613,151,125,0,889,0,9,21,0,30,613,160,146,0,919,0,0,0,919
03/05/2007,FLL,FL,ASO,ES,Towers with Radar,591,134,130,1,856,0,35,56,0,91,591,169,186,1,947,0,0,0,947
03/06/2007,FLL,FL,ASO,ES,Towers with Radar,573,134,123,0,830,0,20,65,0,85,573,154,188,0,915,0,0,0,915
03/07/2007,FLL,FL,ASO,ES,Towers with Radar,565,130,131,5,831,0,12,37,0,49,565,142,168,5,880,0,0,0,880
03/08/2007,FLL,FL,ASO,ES,Towers with Radar,628,155,164,12,959,0,15,36,0,51,628,170,200,12,1010,0,0,0,1010
03/09/2007,FLL,FL,ASO,ES,Towers with Radar,641,155,177,7,980,0,16,35,1,52,641,171,212,8,1032,0,0,0,1032
03/10/2007,FLL,FL,ASO,ES,Towers with Radar,620,185,131,2,938,0,34,36,0,70,620,219,167,2,1008,0,0,0,1008
03/11/2007,FLL,FL,ASO,ES,Towers with Radar,599,168,127,1,895,0,32,77,0,109,599,200,204,1,1004,0,0,0,1004
03/12/2007,FLL,FL,ASO,ES,Towers with Radar,596,132,119,3,850,0,34,74,0,108,596,166,193,3,958,0,0,0,958
03/13/2007,FLL,FL,ASO,ES,Towers with Radar,573,131,93,2,799,0,20,54,0,74,573,151,147,2,873,0,0,0,873
03/14/2007,FLL,FL,ASO,ES,Towers with Radar,594,143,139,0,876,0,21,51,0,72,594,164,190,0,948,0,0,0,948
03/15/2007,FLL,FL,ASO,ES,Towers with Radar,634,150,135,3,922,0,23,45,1,69,634,173,180,4,991,0,0,0,991
03/16/2007,FLL,FL,ASO,ES,Towers with Radar,535,169,152,3,859,0,33,46,0,79,535,202,198,3,938,0,0,0,938
03/17/2007,FLL,FL,ASO,ES,Towers with Radar,586,178,174,3,941,0,22,43,0,65,586,200,217,3,1006,0,0,0,1006
03/18/2007,FLL,FL,ASO,ES,Towers with Radar,622,169,164,0,955,0,36,43,0,79,622,205,207,0,1034,0,0,0,1034
03/19/2007,FLL,FL,ASO,ES,Towers with Radar,604,141,112,3,860,0,47,65,0,112,604,188,177,3,972,0,0,0,972
03/20/2007,FLL,FL,ASO,ES,Towers with Radar,569,127,106,0,802,0,27,42,0,69,569,154,148,0,871,0,0,0,871
03/21/2007,FLL,FL,ASO,ES,Towers with Radar,613,129,119,0,861,0,23,47,0,70,613,152,166,0,931,0,0,0,931
03/22/2007,FLL,FL,ASO,ES,Towers with Radar,607,155,153,1,916,0,24,48,0,72,607,179,201,1,988,0,0,0,988
03/23/2007,FLL,FL,ASO,ES,Towers with Radar,637,162,192,4,995,0,23,38,1,62,637,185,230,5,1057,0,0,0,1057
03/24/2007,FLL,FL,ASO,ES,Towers with Radar,633,162,155,2,952,0,17,21,0,38,633,179,176,2,990,0,0,0,990
03/25/2007,FLL,FL,ASO,ES,Towers with Radar,622,163,118,2,905,0,28,38,0,66,622,191,156,2,971,0,0,0,971
03/26/2007,FLL,FL,ASO,ES,Towers with Radar,592,147,130,4,873,0,43,76,0,119,592,190,206,4,992,0,0,0,992
03/27/2007,FLL,FL,ASO,ES,Towers with Radar,595,135,112,2,844,0,26,55,0,81,595,161,167,2,925,0,0,0,925
03/28/2007,FLL,FL,ASO,ES,Towers with Radar,604,146,144,0,894,0,22,40,0,62,604,168,184,0,956,0,0,0,956
03/29/2007,FLL,FL,ASO,ES,Towers with Radar,615,166,127,0,908,0,31,77,0,108,615,197,204,0,1016,0,0,0,1016
03/30/2007,FLL,FL,ASO,ES,Towers with Radar,641,179,221,5,1046,0,20,24,3,47,641,199,245,8,1093,0,0,0,1093
03/31/2007,FLL,FL,ASO,ES,Towers with Radar,626,186,189,0,1001,0,26,55,0,81,626,212,244,0,1082,0,0,0,1082
04/01/2007,FLL,FL,ASO,ES,Towers with Radar,603,183,172,5,963,0,33,37,1,71,603,216,209,6,1034,0,0,0,1034
04/02/2007,FLL,FL,ASO,ES,Towers with Radar,578,143,105,1,827,0,47,59,0,106,578,190,164,1,933,0,0,0,933
04/03/2007,FLL,FL,ASO,ES,Towers with Radar,571,151,112,0,834,0,27,55,0,82,571,178,167,0,916,0,0,0,916
04/04/2007,FLL,FL,ASO,ES,Towers with Radar,584,161,118,0,863,0,41,68,0,109,584,202,186,0,972,0,0,0,972
04/05/2007,FLL,FL,ASO,ES,Towers with Radar,629,171,165,2,967,0,45,93,0,138,629,216,258,2,1105,0,0,0,1105
04/06/2007,FLL,FL,ASO,ES,Towers with Radar,592,166,115,1,874,0,36,53,0,89,592,202,168,1,963,0,0,0,963
04/07/2007,FLL,FL,ASO,ES,Towers with Radar,598,167,112,0,877,0,28,56,0,84,598,195,168,0,961,0,0,0,961
04/08/2007,FLL,FL,ASO,ES,Towers with Radar,594,177,135,1,907,0,39,55,0,94,594,216,190,1,1001,0,0,0,1001
04/09/2007,FLL,FL,ASO,ES,Towers with Radar,589,166,143,1,899,0,43,57,0,100,589,209,200,1,999,0,0,0,999
04/10/2007,FLL,FL,ASO,ES,Towers with Radar,567,145,108,2,822,0,32,56,0,88,567,177,164,2,910,0,0,0,910
04/11/2007,FLL,FL,ASO,ES,Towers with Radar,581,150,151,3,885,0,24,53,0,77,581,174,204,3,962,0,0,0,962
04/12/2007,FLL,FL,ASO,ES,Towers with Radar,599,145,140,0,884,0,15,58,0,73,599,160,198,0,957,0,0,0,957
04/13/2007,FLL,FL,ASO,ES,Towers with Radar,611,149,169,0,929,0,22,43,0,65,611,171,212,0,994,0,0,0,994
04/14/2007,FLL,FL,ASO,ES,Towers with Radar,608,171,121,2,902,0,20,32,0,52,608,191,153,2,954,0,0,0,954
04/15/2007,FLL,FL,ASO,ES,Towers with Radar,544,148,144,1,837,0,29,26,0,55,544,177,170,1,892,0,0,0,892
04/16/2007,FLL,FL,ASO,ES,Towers with Radar,582,136,126,0,844,0,56,56,0,112,582,192,182,0,956,0,0,0,956
04/17/2007,FLL,FL,ASO,ES,Towers with Radar,523,141,71,0,735,0,38,58,0,96,523,179,129,0,831,0,0,0,831
04/18/2007,FLL,FL,ASO,ES,Towers with Radar,542,182,137,2,863,0,0,0,0,0,542,182,137,2,863,0,0,0,863
04/19/2007,FLL,FL,ASO,ES,Towers with Radar,582,156,113,1,852,0,22,68,0,90,582,178,181,1,942,0,0,0,942
04/20/2007,FLL,FL,ASO,ES,Towers with Radar,574,146,108,2,830,0,45,51,0,96,574,191,159,2,926,0,0,0,926
04/21/2007,FLL,FL,ASO,ES,Towers with Radar,561,161,83,2,807,0,24,32,0,56,561,185,115,2,863,0,0,0,863
04/22/2007,FLL,FL,ASO,ES,Towers with Radar,567,167,102,0,836,0,33,44,0,77,567,200,146,0,913,0,0,0,913
04/23/2007,FLL,FL,ASO,ES,Towers with Radar,565,152,89,1,807,0,22,61,0,83,565,174,150,1,890,0,0,0,890
04/24/2007,FLL,FL,ASO,ES,Towers with Radar,533,142,80,1,756,0,20,55,0,75,533,162,135,1,831,0,0,0,831
04/25/2007,FLL,FL,ASO,ES,Towers with Radar,535,156,122,2,815,0,15,59,0,74,535,171,181,2,889,0,0,0,889
04/26/2007,FLL,FL,ASO,ES,Towers with Radar,593,157,144,3,897,0,15,34,0,49,593,172,178,3,946,0,0,0,946
04/27/2007,FLL,FL,ASO,ES,Towers with Radar,582,178,129,2,891,0,19,31,1,51,582,197,160,3,942,0,0,0,942
04/28/2007,FLL,FL,ASO,ES,Towers with Radar,552,164,90,1,807,0,20,33,0,53,552,184,123,1,860,0,0,0,860
04/29/2007,FLL,FL,ASO,ES,Towers with Radar,563,155,90,3,811,0,16,35,0,51,563,171,125,3,862,0,0,0,862
04/30/2007,FLL,FL,ASO,ES,Towers with Radar,565,143,77,4,789,0,44,61,0,105,565,187,138,4,894,0,0,0,894
05/01/2007,FLL,FL,ASO,ES,Towers with Radar,533,135,102,0,770,0,20,50,0,70,533,155,152,0,840,0,0,0,840
05/02/2007,FLL,FL,ASO,ES,Towers with Radar,505,134,115,2,756,0,19,43,0,62,505,153,158,2,818,0,0,0,818
05/03/2007,FLL,FL,ASO,ES,Towers with Radar,553,157,130,10,850,0,18,34,2,54,553,175,164,12,904,0,0,0,904
05/04/2007,FLL,FL,ASO,ES,Towers with Radar,550,161,141,15,867,0,23,24,7,54,550,184,165,22,921,0,0,0,921
05/05/2007,FLL,FL,ASO,ES,Towers with Radar,497,145,78,3,723,0,11,17,10,38,497,156,95,13,761,0,0,0,761
05/06/2007,FLL,FL,ASO,ES,Towers with Radar,503,143,109,5,760,0,27,16,3,46,503,170,125,8,806,0,0,0,806
05/07/2007,FLL,FL,ASO,ES,Towers with Radar,509,143,83,3,738,0,35,42,4,81,509,178,125,7,819,0,0,0,819
05/08/2007,FLL,FL,ASO,ES,Towers with Radar,480,138,92,4,714,0,23,54,0,77,480,161,146,4,791,0,0,0,791
05/09/2007,FLL,FL,ASO,ES,Towers with Radar,493,133,106,2,734,0,21,40,2,63,493,154,146,4,797,0,0,0,797
05/10/2007,FLL,FL,ASO,ES,Towers with Radar,543,163,149,6,861,0,17,26,1,44,543,180,175,7,905,0,0,0,905
05/11/2007,FLL,FL,ASO,ES,Towers with Radar,539,169,155,5,868,0,17,45,0,62,539,186,200,5,930,0,0,0,930
05/12/2007,FLL,FL,ASO,ES,Towers with Radar,514,155,97,0,766,0,6,23,0,29,514,161,120,0,795,0,0,0,795
05/13/2007,FLL,FL,ASO,ES,Towers with Radar,514,173,87,2,776,0,20,19,0,39,514,193,106,2,815,0,0,0,815
05/14/2007,FLL,FL,ASO,ES,Towers with Radar,504,152,92,2,750,0,23,20,1,44,504,175,112,3,794,0,0,0,794
05/15/2007,FLL,FL,ASO,ES,Towers with Radar,481,129,98,1,709,0,16,27,0,43,481,145,125,1,752,0,0,0,752
05/16/2007,FLL,FL,ASO,ES,Towers with Radar,480,148,103,2,733,0,23,46,1,70,480,171,149,3,803,0,0,0,803
05/17/2007,FLL,FL,ASO,ES,Towers with Radar,514,161,121,2,798,0,37,53,0,90,514,198,174,2,888,0,0,0,888
05/18/2007,FLL,FL,ASO,ES,Towers with Radar,501,155,118,2,776,0,30,57,0,87,501,185,175,2,863,0,0,0,863
05/19/2007,FLL,FL,ASO,ES,Towers with Radar,492,139,50,0,681,0,20,33,0,53,492,159,83,0,734,0,0,0,734
05/20/2007,FLL,FL,ASO,ES,Towers with Radar,488,170,98,0,756,0,28,38,0,66,488,198,136,0,822,0,0,0,822
05/21/2007,FLL,FL,ASO,ES,Towers with Radar,495,146,101,1,743,0,31,41,0,72,495,177,142,1,815,0,0,0,815
05/22/2007,FLL,FL,ASO,ES,Towers with Radar,489,128,133,0,750,0,26,25,1,52,489,154,158,1,802,0,0,0,802
05/23/2007,FLL,FL,ASO,ES,Towers with Radar,486,127,107,0,720,0,27,52,0,79,486,154,159,0,799,0,0,0,799
05/24/2007,FLL,FL,ASO,ES,Towers with Radar,513,173,121,0,807,0,28,63,0,91,513,201,184,0,898,0,0,0,898
05/25/2007,FLL,FL,ASO,ES,Towers with Radar,542,170,131,1,844,0,45,70,0,115,542,215,201,1,959,0,0,0,959
05/26/2007,FLL,FL,ASO,ES,Towers with Radar,497,164,63,1,725,0,24,51,0,75,497,188,114,1,800,0,0,0,800
05/27/2007,FLL,FL,ASO,ES,Towers with Radar,483,131,67,1,682,0,29,27,0,56,483,160,94,1,738,0,0,0,738
05/28/2007,FLL,FL,ASO,ES,Towers with Radar,501,171,110,1,783,0,68,57,0,125,501,239,167,1,908,0,0,0,908
05/29/2007,FLL,FL,ASO,ES,Towers with Radar,503,137,75,1,716,0,31,35,0,66,503,168,110,1,782,0,0,0,782
05/30/2007,FLL,FL,ASO,ES,Towers with Radar,501,143,96,0,740,0,22,48,0,70,501,165,144,0,810,0,0,0,810
05/31/2007,FLL,FL,ASO,ES,Towers with Radar,542,148,95,0,785,0,31,68,1,100,542,179,163,1,885,0,0,0,885
06/01/2007,FLL,FL,ASO,ES,Towers with Radar,560,163,95,0,818,0,14,10,0,24,560,177,105,0,842,0,0,0,842
06/02/2007,FLL,FL,ASO,ES,Towers with Radar,512,139,57,0,708,0,19,20,0,39,512,158,77,0,747,0,0,0,747
06/03/2007,FLL,FL,ASO,ES,Towers with Radar,491,168,87,0,746,0,37,33,0,70,491,205,120,0,816,0,0,0,816
06/04/2007,FLL,FL,ASO,ES,Towers with Radar,504,145,91,4,744,0,27,48,1,76,504,172,139,5,820,0,0,0,820
06/05/2007,FLL,FL,ASO,ES,Towers with Radar,507,162,85,1,755,0,30,53,0,83,507,192,138,1,838,0,0,0,838
06/06/2007,FLL,FL,ASO,ES,Towers with Radar,492,159,113,0,764,0,28,21,0,49,492,187,134,0,813,0,0,0,813
06/07/2007,FLL,FL,ASO,ES,Towers with Radar,525,155,101,3,784,0,24,61,0,85,525,179,162,3,869,0,0,0,869
06/08/2007,FLL,FL,ASO,ES,Towers with Radar,514,152,80,0,746,0,34,50,0,84,514,186,130,0,830,0,0,0,830
06/09/2007,FLL,FL,ASO,ES,Towers with Radar,510,180,86,0,776,0,33,54,2,89,510,213,140,2,865,0,0,0,865
06/10/2007,FLL,FL,ASO,ES,Towers with Radar,501,159,95,2,757,0,42,51,0,93,501,201,146,2,850,0,0,0,850
06/11/2007,FLL,FL,ASO,ES,Towers with Radar,505,145,91,1,742,0,29,44,0,73,505,174,135,1,815,0,0,0,815
06/12/2007,FLL,FL,ASO,ES,Towers with Radar,479,148,77,3,707,0,29,41,0,70,479,177,118,3,777,0,0,0,777
06/13/2007,FLL,FL,ASO,ES,Towers with Radar,498,141,90,3,732,0,31,55,0,86,498,172,145,3,818,0,0,0,818
06/14/2007,FLL,FL,ASO,ES,Towers with Radar,555,152,107,2,816,0,17,44,0,61,555,169,151,2,877,0,0,0,877
06/15/2007,FLL,FL,ASO,ES,Towers with Radar,525,143,113,2,783,0,32,41,0,73,525,175,154,2,856,0,0,0,856
06/16/2007,FLL,FL,ASO,ES,Towers with Radar,516,155,63,1,735,0,24,12,0,36,516,179,75,1,771,0,0,0,771
06/17/2007,FLL,FL,ASO,ES,Towers with Radar,492,151,60,0,703,0,36,32,0,68,492,187,92,0,771,0,0,0,771
06/18/2007,FLL,FL,ASO,ES,Towers with Radar,520,144,106,4,774,0,22,30,0,52,520,166,136,4,826,0,0,0,826
06/19/2007,FLL,FL,ASO,ES,Towers with Radar,507,150,75,0,732,0,26,42,0,68,507,176,117,0,800,0,0,0,800
06/20/2007,FLL,FL,ASO,ES,Towers with Radar,516,142,87,0,745,0,18,47,0,65,516,160,134,0,810,0,0,0,810
06/21/2007,FLL,FL,ASO,ES,Towers with Radar,520,156,91,0,767,0,26,73,0,99,520,182,164,0,866,0,0,0,866
06/22/2007,FLL,FL,ASO,ES,Towers with Radar,544,141,100,0,785,0,27,41,0,68,544,168,141,0,853,0,0,0,853
06/23/2007,FLL,FL,ASO,ES,Towers with Radar,522,142,59,0,723,0,25,33,0,58,522,167,92,0,781,0,0,0,781
06/24/2007,FLL,FL,ASO,ES,Towers with Radar,523,155,91,2,771,0,26,47,0,73,523,181,138,2,844,0,0,0,844
06/25/2007,FLL,FL,ASO,ES,Towers with Radar,507,140,73,2,722,0,37,52,0,89,507,177,125,2,811,0,0,0,811
06/26/2007,FLL,FL,ASO,ES,Towers with Radar,513,125,67,0,705,0,24,26,0,50,513,149,93,0,755,0,0,0,755
06/27/2007,FLL,FL,ASO,ES,Towers with Radar,488,134,85,0,707,0,28,44,0,72,488,162,129,0,779,0,0,0,779
06/28/2007,FLL,FL,ASO,ES,Towers with Radar,525,166,97,2,790,0,19,34,0,53,525,185,131,2,843,0,0,0,843
06/29/2007,FLL,FL,ASO,ES,Towers with Radar,567,173,112,2,854,0,32,37,0,69,567,205,149,2,923,0,0,0,923
06/30/2007,FLL,FL,ASO,ES,Towers with Radar,511,170,76,0,757,0,31,55,0,86,511,201,131,0,843,0,0,0,843
07/01/2007,FLL,FL,ASO,ES,Towers with Radar,518,146,86,0,750,0,27,41,0,68,518,173,127,0,818,0,0,0,818
07/02/2007,FLL,FL,ASO,ES,Towers with Radar,519,125,73,0,717,0,25,52,0,77,519,150,125,0,794,0,0,0,794
07/03/2007,FLL,FL,ASO,ES,Towers with Radar,501,129,80,1,711,0,38,45,0,83,501,167,125,1,794,0,0,0,794
07/04/2007,FLL,FL,ASO,ES,Towers with Radar,469,113,44,0,626,0,28,32,0,60,469,141,76,0,686,0,0,0,686
07/05/2007,FLL,FL,ASO,ES,Towers with Radar,526,142,121,2,791,0,21,53,0,74,526,163,174,2,865,0,0,0,865
07/06/2007,FLL,FL,ASO,ES,Towers with Radar,550,154,63,1,768,0,28,55,0,83,550,182,118,1,851,0,0,0,851
07/07/2007,FLL,FL,ASO,ES,Towers with Radar,530,138,77,0,745,0,35,22,0,57,530,173,99,0,802,0,0,0,802
07/08/2007,FLL,FL,ASO,ES,Towers with Radar,521,138,120,0,779,0,38,44,0,82,521,176,164,0,861,0,0,0,861
07/09/2007,FLL,FL,ASO,ES,Towers with Radar,511,145,105,3,764,0,21,50,0,71,511,166,155,3,835,0,0,0,835
07/10/2007,FLL,FL,ASO,ES,Towers with Radar,502,127,96,1,726,0,27,44,0,71,502,154,140,1,797,0,0,0,797
07/11/2007,FLL,FL,ASO,ES,Towers with Radar,503,139,82,0,724,0,16,28,0,44,503,155,110,0,768,0,0,0,768
07/12/2007,FLL,FL,ASO,ES,Towers with Radar,547,138,115,3,803,0,20,51,0,71,547,158,166,3,874,0,0,0,874
07/13/2007,FLL,FL,ASO,ES,Towers with Radar,527,146,80,0,753,0,31,45,0,76,527,177,125,0,829,0,0,0,829
07/14/2007,FLL,FL,ASO,ES,Towers with Radar,599,189,73,0,861,0,49,49,0,98,599,238,122,0,959,0,0,0,959
07/15/2007,FLL,FL,ASO,ES,Towers with Radar,507,142,79,0,728,0,23,33,0,56,507,165,112,0,784,0,0,0,784
07/16/2007,FLL,FL,ASO,ES,Towers with Radar,526,140,89,2,757,0,32,60,0,92,526,172,149,2,849,0,0,0,849
07/17/2007,FLL,FL,ASO,ES,Towers with Radar,515,123,96,2,736,0,37,47,0,84,515,160,143,2,820,0,0,0,820
07/18/2007,FLL,FL,ASO,ES,Towers with Radar,488,125,79,3,695,0,18,50,4,72,488,143,129,7,767,0,0,0,767
07/19/2007,FLL,FL,ASO,ES,Towers with Radar,514,137,81,2,734,0,24,46,0,70,514,161,127,2,804,0,0,0,804
07/20/2007,FLL,FL,ASO,ES,Towers with Radar,545,161,94,5,805,0,44,68,0,112,545,205,162,5,917,0,0,0,917
07/21/2007,FLL,FL,ASO,ES,Towers with Radar,517,126,76,0,719,0,22,40,0,62,517,148,116,0,781,0,0,0,781
07/22/2007,FLL,FL,ASO,ES,Towers with Radar,525,128,99,0,752,0,19,27,0,46,525,147,126,0,798,0,0,0,798
07/23/2007,FLL,FL,ASO,ES,Towers with Radar,518,145,87,0,750,0,34,46,8,88,518,179,133,8,838,0,0,0,838
07/24/2007,FLL,FL,ASO,ES,Towers with Radar,518,123,77,5,723,0,23,51,1,75,518,146,128,6,798,0,0,0,798
07/25/2007,FLL,FL,ASO,ES,Towers with Radar,512,124,87,0,723,0,15,33,0,48,512,139,120,0,771,0,0,0,771
07/26/2007,FLL,FL,ASO,ES,Towers with Radar,527,146,88,1,762,0,23,73,0,96,527,169,161,1,858,0,0,0,858
07/27/2007,FLL,FL,ASO,ES,Towers with Radar,520,150,110,0,780,0,33,43,0,76,520,183,153,0,856,0,0,0,856
07/28/2007,FLL,FL,ASO,ES,Towers with Radar,527,136,60,1,724,0,29,48,1,78,527,165,108,2,802,0,0,0,802
07/29/2007,FLL,FL,ASO,ES,Towers with Radar,465,143,92,0,700,0,26,35,0,61,465,169,127,0,761,0,0,0,761
07/30/2007,FLL,FL,ASO,ES,Towers with Radar,533,131,99,1,764,0,29,44,0,73,533,160,143,1,837,0,0,0,837
07/31/2007,FLL,FL,ASO,ES,Towers with Radar,517,136,75,1,729,0,18,35,0,53,517,154,110,1,782,0,0,0,782
08/01/2007,FLL,FL,ASO,ES,Towers with Radar,515,131,82,0,728,0,20,38,0,58,515,151,120,0,786,0,0,0,786
08/02/2007,FLL,FL,ASO,ES,Towers with Radar,529,151,86,2,768,0,26,45,0,71,529,177,131,2,839,0,0,0,839
08/03/2007,FLL,FL,ASO,ES,Towers with Radar,525,158,104,1,788,0,40,48,0,88,525,198,152,1,876,0,0,0,876
08/04/2007,FLL,FL,ASO,ES,Towers with Radar,507,144,65,1,717,0,26,49,0,75,507,170,114,1,792,0,0,0,792
08/05/2007,FLL,FL,ASO,ES,Towers with Radar,495,143,60,2,700,0,30,30,0,60,495,173,90,2,760,0,0,0,760
08/06/2007,FLL,FL,ASO,ES,Towers with Radar,510,138,96,0,744,0,38,39,0,77,510,176,135,0,821,0,0,0,821
08/07/2007,FLL,FL,ASO,ES,Towers with Radar,519,123,81,0,723,0,21,35,0,56,519,144,116,0,779,0,0,0,779
08/08/2007,FLL,FL,ASO,ES,Towers with Radar,505,142,108,1,756,0,15,54,0,69,505,157,162,1,825,0,0,0,825
08/09/2007,FLL,FL,ASO,ES,Towers with Radar,514,144,85,2,745,0,35,47,0,82,514,179,132,2,827,0,0,0,827
08/10/2007,FLL,FL,ASO,ES,Towers with Radar,546,155,114,0,815,0,18,37,1,56,546,173,151,1,871,0,0,0,871
08/11/2007,FLL,FL,ASO,ES,Towers with Radar,512,143,58,1,714,0,18,24,0,42,512,161,82,1,756,0,0,0,756
08/12/2007,FLL,FL,ASO,ES,Towers with Radar,507,133,91,1,732,0,25,26,1,52,507,158,117,2,784,0,0,0,784
08/13/2007,FLL,FL,ASO,ES,Towers with Radar,508,131,95,2,736,0,16,41,0,57,508,147,136,2,793,0,0,0,793
08/14/2007,FLL,FL,ASO,ES,Towers with Radar,513,130,79,1,723,0,16,34,0,50,513,146,113,1,773,0,0,0,773
08/15/2007,FLL,FL,ASO,ES,Towers with Radar,520,128,92,0,740,0,24,65,0,89,520,152,157,0,829,0,0,0,829
08/16/2007,FLL,FL,ASO,ES,Towers with Radar,520,135,97,2,754,0,21,56,0,77,520,156,153,2,831,0,0,0,831
08/17/2007,FLL,FL,ASO,ES,Towers with Radar,496,149,84,0,729,0,26,40,0,66,496,175,124,0,795,0,0,0,795
08/18/2007,FLL,FL,ASO,ES,Towers with Radar,508,143,76,1,728,0,21,31,2,54,508,164,107,3,782,0,0,0,782
08/19/2007,FLL,FL,ASO,ES,Towers with Radar,481,145,83,0,709,0,10,43,0,53,481,155,126,0,762,0,0,0,762
08/20/2007,FLL,FL,ASO,ES,Towers with Radar,484,139,91,4,718,0,21,51,0,72,484,160,142,4,790,0,0,0,790
08/21/2007,FLL,FL,ASO,ES,Towers with Radar,463,110,88,6,667,0,16,49,0,65,463,126,137,6,732,0,0,0,732
08/22/2007,FLL,FL,ASO,ES,Towers with Radar,480,131,75,5,691,0,23,45,0,68,480,154,120,5,759,0,0,0,759
08/23/2007,FLL,FL,ASO,ES,Towers with Radar,496,142,78,2,718,0,21,56,0,77,496,163,134,2,795,0,0,0,795
08/24/2007,FLL,FL,ASO,ES,Towers with Radar,513,132,91,0,736,0,24,44,0,68,513,156,135,0,804,0,0,0,804
08/25/2007,FLL,FL,ASO,ES,Towers with Radar,477,125,54,1,657,0,15,21,2,38,477,140,75,3,695,0,0,0,695
08/26/2007,FLL,FL,ASO,ES,Towers with Radar,504,116,84,1,705,0,14,33,0,47,504,130,117,1,752,0,0,0,752
08/27/2007,FLL,FL,ASO,ES,Towers with Radar,489,120,85,0,694,0,24,30,0,54,489,144,115,0,748,10,0,10,758
08/28/2007,FLL,FL,ASO,ES,Towers with Radar,459,116,76,2,653,0,26,35,0,61,459,142,111,2,714,0,0,0,714
08/29/2007,FLL,FL,ASO,ES,Towers with Radar,478,129,69,2,678,0,13,34,1,48,478,142,103,3,726,0,0,0,726
08/30/2007,FLL,FL,ASO,ES,Towers with Radar,479,124,95,1,699,0,20,34,0,54,479,144,129,1,753,0,0,0,753
08/31/2007,FLL,FL,ASO,ES,Towers with Radar,509,127,125,2,763,0,35,44,2,81,509,162,169,4,844,0,0,0,844
09/01/2007,FLL,FL,ASO,ES,Towers with Radar,471,109,51,2,633,0,20,20,0,40,471,129,71,2,673,0,0,0,673
09/02/2007,FLL,FL,ASO,ES,Towers with Radar,434,104,41,0,579,0,18,16,0,34,434,122,57,0,613,0,0,0,613
09/03/2007,FLL,FL,ASO,ES,Towers with Radar,462,131,93,2,688,0,26,24,0,50,462,157,117,2,738,0,0,0,738
09/04/2007,FLL,FL,ASO,ES,Towers with Radar,460,115,83,0,658,0,19,37,0,56,460,134,120,0,714,0,0,0,714
09/05/2007,FLL,FL,ASO,ES,Towers with Radar,443,109,77,2,631,0,15,48,0,63,443,124,125,2,694,0,0,0,694
09/06/2007,FLL,FL,ASO,ES,Towers with Radar,479,125,73,1,678,0,18,58,0,76,479,143,131,1,754,0,0,0,754
09/07/2007,FLL,FL,ASO,ES,Towers with Radar,482,129,95,1,707,0,17,39,0,56,482,146,134,1,763,0,0,0,763
09/08/2007,FLL,FL,ASO,ES,Towers with Radar,433,105,66,0,604,0,13,18,0,31,433,118,84,0,635,0,0,0,635
09/09/2007,FLL,FL,ASO,ES,Towers with Radar,464,114,52,1,631,0,11,23,0,34,464,125,75,1,665,0,0,0,665
09/10/2007,FLL,FL,ASO,ES,Towers with Radar,455,122,63,1,641,0,17,33,0,50,455,139,96,1,691,0,0,0,691
09/11/2007,FLL,FL,ASO,ES,Towers with Radar,434,116,83,2,635,0,23,37,0,60,434,139,120,2,695,0,0,0,695
09/12/2007,FLL,FL,ASO,ES,Towers with Radar,422,134,80,0,636,0,16,33,0,49,422,150,113,0,685,0,0,0,685
09/13/2007,FLL,FL,ASO,ES,Towers with Radar,466,132,69,3,670,0,20,57,0,77,466,152,126,3,747,0,0,0,747
09/14/2007,FLL,FL,ASO,ES,Towers with Radar,459,130,82,1,672,0,22,44,0,66,459,152,126,1,738,0,0,0,738
09/15/2007,FLL,FL,ASO,ES,Towers with Radar,427,113,60,3,603,0,6,28,0,34,427,119,88,3,637,0,0,0,637
09/16/2007,FLL,FL,ASO,ES,Towers with Radar,468,139,62,5,674,0,15,17,0,32,468,154,79,5,706,0,0,0,706
09/17/2007,FLL,FL,ASO,ES,Towers with Radar,460,115,48,2,625,0,12,29,0,41,460,127,77,2,666,0,0,0,666
09/18/2007,FLL,FL,ASO,ES,Towers with Radar,439,113,57,0,609,0,8,22,0,30,439,121,79,0,639,0,0,0,639
09/19/2007,FLL,FL,ASO,ES,Towers with Radar,426,117,75,3,621,0,11,22,0,33,426,128,97,3,654,0,0,0,654
09/20/2007,FLL,FL,ASO,ES,Towers with Radar,467,131,69,2,669,12,25,48,0,85,479,156,117,2,754,0,0,0,754
09/21/2007,FLL,FL,ASO,ES,Towers with Radar,432,132,99,2,665,40,17,44,0,101,472,149,143,2,766,0,0,0,766
09/22/2007,FLL,FL,ASO,ES,Towers with Radar,421,100,40,0,561,0,19,22,0,41,421,119,62,0,602,0,0,0,602
09/23/2007,FLL,FL,ASO,ES,Towers with Radar,469,118,62,0,649,0,8,12,0,20,469,126,74,0,669,0,0,0,669
09/24/2007,FLL,FL,ASO,ES,Towers with Radar,458,120,75,0,653,0,11,27,0,38,458,131,102,0,691,0,0,0,691
09/25/2007,FLL,FL,ASO,ES,Towers with Radar,422,121,80,0,623,0,11,22,0,33,422,132,102,0,656,0,0,0,656
09/26/2007,FLL,FL,ASO,ES,Towers with Radar,441,132,81,0,654,0,5,7,0,12,441,137,88,0,666,0,0,0,666
09/27/2007,FLL,FL,ASO,ES,Towers with Radar,463,129,79,0,671,0,22,51,0,73,463,151,130,0,744,0,0,0,744
09/28/2007,FLL,FL,ASO,ES,Towers with Radar,475,128,80,1,684,0,18,51,0,69,475,146,131,1,753,0,0,0,753
09/29/2007,FLL,FL,ASO,ES,Towers with Radar,439,101,47,0,587,0,13,25,0,38,439,114,72,0,625,0,0,0,625
09/30/2007,FLL,FL,ASO,ES,Towers with Radar,471,121,81,0,673,0,6,15,0,21,471,127,96,0,694,0,0,0,694
10/01/2007,FLL,FL,ASO,ES,Towers with Radar,468,114,51,0,633,0,11,11,0,22,468,125,62,0,655,0,0,0,677
10/02/2007,FLL,FL,ASO,ES,Towers with Radar,453,119,59,3,634,0,18,25,0,43,453,137,84,3,677,0,0,0,743
10/03/2007,FLL,FL,ASO,ES,Towers with Radar,445,132,88,2,667,0,22,38,0,60,445,155,126,2,728,0,0,0,816
10/04/2007,FLL,FL,ASO,ES,Towers with Radar,479,149,96,1,725,0,24,50,0,74,479,177,146,1,803,0,0,0,904
10/05/2007,FLL,FL,ASO,ES,Towers with Radar,484,121,74,1,680,0,18,39,0,57,484,140,113,1,738,0,0,0,837
10/06/2007,FLL,FL,ASO,ES,Towers with Radar,459,105,50,0,614,0,16,25,0,41,459,121,75,0,655,0,0,0,713
10/07/2007,FLL,FL,ASO,ES,Towers with Radar,454,119,75,0,648,0,15,16,0,31,454,134,91,0,679,0,0,0,752
10/08/2007,FLL,FL,ASO,ES,Towers with Radar,470,116,82,2,670,0,18,32,0,50,470,137,114,2,723,0,0,0,773
10/09/2007,FLL,FL,ASO,ES,Towers with Radar,444,128,78,0,650,0,14,45,0,59,444,142,123,0,709,0,0,0,796
10/10/2007,FLL,FL,ASO,ES,Towers with Radar,449,128,88,2,667,0,7,34,0,41,449,141,122,2,714,0,0,0,788
10/11/2007,FLL,FL,ASO,ES,Towers with Radar,495,134,86,0,715,0,17,35,0,52,495,152,121,0,768,0,0,0,859
10/12/2007,FLL,FL,ASO,ES,Towers with Radar,496,141,93,3,733,0,19,38,0,57,496,160,131,3,790,0,0,0,875
10/13/2007,FLL,FL,ASO,ES,Towers with Radar,458,112,53,1,624,0,12,16,0,28,458,124,69,1,652,0,0,0,731
10/14/2007,FLL,FL,ASO,ES,Towers with Radar,473,126,79,0,678,0,11,18,2,31,473,137,97,2,709,0,0,0,764
10/15/2007,FLL,FL,ASO,ES,Towers with Radar,463,124,70,0,657,0,28,34,0,62,463,152,104,0,719,0,0,0,769
10/16/2007,FLL,FL,ASO,ES,Towers with Radar,452,125,110,0,687,0,21,19,0,40,452,147,129,0,728,0,0,0,800
10/17/2007,FLL,FL,ASO,ES,Towers with Radar,449,133,79,3,664,0,13,45,0,58,449,159,124,3,735,0,0,0,860
10/18/2007,FLL,FL,ASO,ES,Towers with Radar,494,128,88,1,711,0,21,57,0,78,494,153,145,1,793,0,0,0,887
10/19/2007,FLL,FL,ASO,ES,Towers with Radar,489,135,90,2,716,0,24,51,0,75,489,162,141,2,794,0,0,0,859
10/20/2007,FLL,FL,ASO,ES,Towers with Radar,482,111,53,0,646,0,10,30,0,40,482,121,83,0,686,0,0,0,743
10/21/2007,FLL,FL,ASO,ES,Towers with Radar,478,144,95,0,717,0,21,27,0,48,478,165,122,0,765,0,0,0,827
10/22/2007,FLL,FL,ASO,ES,Towers with Radar,463,124,96,0,683,0,17,46,0,63,463,142,142,0,747,0,0,0,819
10/23/2007,FLL,FL,ASO,ES,Towers with Radar,447,139,102,0,688,0,16,52,0,68,447,258,154,0,859,0,0,0,862
10/24/2007,FLL,FL,ASO,ES,Towers with Radar,444,149,131,1,725,0,14,64,0,78,444,166,195,1,806,0,0,0,897
10/25/2007,FLL,FL,ASO,ES,Towers with Radar,512,162,199,1,874,0,19,46,0,65,512,184,245,1,942,0,0,0,1027
10/26/2007,FLL,FL,ASO,ES,Towers with Radar,496,151,201,0,848,0,9,29,0,38,496,163,230,0,889,0,0,0,916
10/27/2007,FLL,FL,ASO,ES,Towers with Radar,471,127,130,2,730,0,15,31,0,46,471,143,161,2,777,0,0,0,948
10/28/2007,FLL,FL,ASO,ES,Towers with Radar,465,160,139,0,764,0,16,42,0,58,465,176,181,0,822,0,0,0,896
10/29/2007,FLL,FL,ASO,ES,Towers with Radar,488,141,110,0,739,0,25,43,0,68,488,167,153,0,808,0,0,0,875
10/30/2007,FLL,FL,ASO,ES,Towers with Radar,440,113,89,0,642,0,14,32,0,46,440,128,121,0,689,0,0,0,757
10/31/2007,FLL,FL,ASO,ES,Towers with Radar,459,89,73,0,621,0,1,9,0,10,459,90,82,0,631,0,0,0,645
11/01/2007,FLL,FL,ASO,ES,Towers with Radar,505,97,64,0,666,0,3,5,0,8,505,101,69,0,675,0,0,0,711
11/02/2007,FLL,FL,ASO,ES,Towers with Radar,524,114,126,0,764,0,35,50,0,85,524,149,176,0,849,0,0,0,931
11/03/2007,FLL,FL,ASO,ES,Towers with Radar,484,125,44,0,653,0,18,35,0,53,484,143,79,0,706,0,0,0,808
11/04/2007,FLL,FL,ASO,ES,Towers with Radar,530,125,66,0,721,0,13,37,0,50,530,138,103,0,771,0,0,0,839
11/05/2007,FLL,FL,ASO,ES,Towers with Radar,512,130,83,1,726,0,15,26,0,41,512,145,109,1,767,0,0,0,843
11/06/2007,FLL,FL,ASO,ES,Towers with Radar,491,122,82,1,696,0,32,32,1,65,491,155,114,2,762,0,0,0,862
11/07/2007,FLL,FL,ASO,ES,Towers with Radar,511,143,82,0,736,0,30,51,0,81,511,173,133,0,817,0,0,0,965
11/08/2007,FLL,FL,ASO,ES,Towers with Radar,548,124,94,5,771,0,19,44,0,63,548,144,138,5,835,0,0,0,916
11/09/2007,FLL,FL,ASO,ES,Towers with Radar,551,151,94,3,799,0,32,63,0,95,551,183,157,3,894,0,0,0,1014
11/10/2007,FLL,FL,ASO,ES,Towers with Radar,530,122,45,1,698,0,16,37,0,53,530,138,82,1,751,0,0,0,836
11/11/2007,FLL,FL,ASO,ES,Towers with Radar,544,134,87,4,769,0,13,53,0,66,544,147,140,4,835,0,0,0,931
11/12/2007,FLL,FL,ASO,ES,Towers with Radar,514,136,83,0,733,0,18,40,0,58,514,156,123,0,793,0,0,0,862
11/13/2007,FLL,FL,ASO,ES,Towers with Radar,506,124,92,0,722,0,20,61,0,81,506,145,153,0,804,0,0,0,912
11/14/2007,FLL,FL,ASO,ES,Towers with Radar,502,140,92,2,736,0,26,38,0,64,502,168,130,2,802,0,0,0,884
11/15/2007,FLL,FL,ASO,ES,Towers with Radar,560,141,125,3,829,0,27,45,0,72,560,168,170,3,901,0,0,0,1008
11/16/2007,FLL,FL,ASO,ES,Towers with Radar,571,148,117,3,839,0,40,79,0,119,571,190,196,3,960,0,0,0,1050
11/17/2007,FLL,FL,ASO,ES,Towers with Radar,557,143,75,0,775,0,19,44,0,63,557,162,119,0,838,0,0,0,926
11/18/2007,FLL,FL,ASO,ES,Towers with Radar,557,145,85,0,787,0,15,31,0,46,557,161,116,0,834,0,0,0,937
11/19/2007,FLL,FL,ASO,ES,Towers with Radar,538,122,102,2,764,0,26,34,0,60,538,148,136,2,824,0,0,0,868
11/20/2007,FLL,FL,ASO,ES,Towers with Radar,572,140,116,0,828,0,25,52,0,77,572,168,168,0,908,0,0,0,1008
11/21/2007,FLL,FL,ASO,ES,Towers with Radar,576,154,139,1,870,0,33,54,0,87,576,188,193,1,958,0,0,0,1055
11/22/2007,FLL,FL,ASO,ES,Towers with Radar,480,126,42,0,648,0,4,22,0,26,480,131,64,0,675,0,0,0,715
11/23/2007,FLL,FL,ASO,ES,Towers with Radar,532,108,65,0,705,0,30,43,0,73,532,141,108,0,781,0,0,0,850
11/24/2007,FLL,FL,ASO,ES,Towers with Radar,565,145,95,0,805,0,18,29,0,47,565,163,124,0,852,0,0,0,911
11/25/2007,FLL,FL,ASO,ES,Towers with Radar,575,160,171,0,906,0,39,41,0,80,575,199,212,0,986,0,0,0,1073
11/26/2007,FLL,FL,ASO,ES,Towers with Radar,525,148,115,0,788,0,19,51,0,70,525,167,166,0,858,0,0,0,918
11/27/2007,FLL,FL,ASO,ES,Towers with Radar,563,133,82,0,778,0,12,35,0,47,563,146,117,0,826,0,0,0,892
11/28/2007,FLL,FL,ASO,ES,Towers with Radar,523,135,95,0,753,0,20,52,0,72,523,155,147,0,825,0,0,0,894
11/29/2007,FLL,FL,ASO,ES,Towers with Radar,551,135,117,0,803,0,18,43,0,61,551,154,160,0,865,0,0,0,941
11/30/2007,FLL,FL,ASO,ES,Towers with Radar,543,132,108,0,783,0,32,54,0,86,543,168,162,0,873,0,0,0,958
12/01/2007,FLL,FL,ASO,ES,Towers with Radar,519,134,54,0,707,0,21,39,0,60,519,156,93,0,768,0,0,0,865
12/02/2007,FLL,FL,ASO,ES,Towers with Radar,529,126,71,1,727,0,15,47,0,62,529,142,118,1,790,0,0,0,890
12/03/2007,FLL,FL,ASO,ES,Towers with Radar,519,134,91,0,744,0,26,50,0,76,519,160,141,0,820,0,0,0,899
12/04/2007,FLL,FL,ASO,ES,Towers with Radar,501,137,107,0,745,0,20,37,0,57,501,158,144,0,803,0,0,0,880
12/05/2007,FLL,FL,ASO,ES,Towers with Radar,494,131,121,2,748,0,13,54,0,67,494,146,175,2,817,0,0,0,892
12/06/2007,FLL,FL,ASO,ES,Towers with Radar,548,149,92,4,793,0,24,70,0,94,548,175,162,4,889,0,0,0,956
12/07/2007,FLL,FL,ASO,ES,Towers with Radar,539,146,118,2,805,0,22,64,0,86,539,169,182,2,892,0,0,0,959
12/08/2007,FLL,FL,ASO,ES,Towers with Radar,538,126,76,0,740,0,5,42,0,47,538,131,118,0,787,0,0,0,854
12/09/2007,FLL,FL,ASO,ES,Towers with Radar,531,141,81,0,753,0,15,37,0,52,531,156,118,0,805,0,0,0,886
12/10/2007,FLL,FL,ASO,ES,Towers with Radar,521,139,113,1,774,0,19,40,0,59,521,159,153,1,834,0,0,0,901
12/11/2007,FLL,FL,ASO,ES,Towers with Radar,489,134,89,2,714,0,13,56,0,69,489,147,145,2,783,0,0,0,878
12/12/2007,FLL,FL,ASO,ES,Towers with Radar,493,147,95,0,735,0,13,45,0,58,493,162,140,0,795,0,0,0,885
12/13/2007,FLL,FL,ASO,ES,Towers with Radar,535,146,114,0,795,0,20,43,0,63,535,166,157,0,858,0,0,0,935
12/14/2007,FLL,FL,ASO,ES,Towers with Radar,588,148,126,5,867,0,29,57,0,86,588,177,183,5,953,0,0,0,1005
12/15/2007,FLL,FL,ASO,ES,Towers with Radar,587,135,87,1,810,0,23,37,0,60,587,159,124,1,871,0,0,0,930
12/16/2007,FLL,FL,ASO,ES,Towers with Radar,528,149,90,6,773,56,14,37,0,107,584,164,127,6,881,0,0,0,918
12/17/2007,FLL,FL,ASO,ES,Towers with Radar,585,130,105,2,822,0,41,39,0,80,585,174,144,2,905,0,0,0,992
12/18/2007,FLL,FL,ASO,ES,Towers with Radar,597,136,88,0,821,0,28,58,0,86,597,164,146,0,907,0,0,0,976
12/19/2007,FLL,FL,ASO,ES,Towers with Radar,616,141,126,0,883,0,26,71,0,97,616,172,197,0,985,0,0,0,1071
12/20/2007,FLL,FL,ASO,ES,Towers with Radar,624,157,121,2,904,0,33,51,0,84,624,191,172,2,989,0,0,0,1043
12/21/2007,FLL,FL,ASO,ES,Towers with Radar,664,168,145,2,979,0,41,75,0,116,664,210,220,2,1096,0,0,0,1172
12/22/2007,FLL,FL,ASO,ES,Towers with Radar,634,175,180,0,989,0,34,75,0,109,634,209,255,0,1098,0,0,0,1197
12/23/2007,FLL,FL,ASO,ES,Towers with Radar,621,174,80,0,875,0,19,32,0,51,621,193,112,0,926,0,0,0,985
12/24/2007,FLL,FL,ASO,ES,Towers with Radar,628,118,62,1,809,0,29,38,0,67,628,149,100,1,878,0,0,0,939
12/25/2007,FLL,FL,ASO,ES,Towers with Radar,574,101,36,1,712,0,4,4,0,8,574,105,40,1,720,0,0,0,740
12/26/2007,FLL,FL,ASO,ES,Towers with Radar,637,179,201,3,1020,0,54,53,0,107,637,234,254,3,1128,0,0,0,1195
12/27/2007,FLL,FL,ASO,ES,Towers with Radar,674,177,221,0,1072,0,44,58,0,102,674,222,279,0,1175,0,0,0,1264
12/28/2007,FLL,FL,ASO,ES,Towers with Radar,655,170,106,0,931,0,54,53,0,107,655,225,159,0,1039,0,0,0,1122
12/29/2007,FLL,FL,ASO,ES,Towers with Radar,632,171,129,0,932,0,24,26,1,51,632,195,155,1,983,0,0,0,1063
12/30/2007,FLL,FL,ASO,ES,Towers with Radar,645,161,92,0,898,0,26,39,0,65,645,188,131,0,964,0,0,0,1052
12/31/2007,FLL,FL,ASO,ES,Towers with Radar,594,160,53,0,807,0,36,36,0,72,594,196,89,0,879,0,0,0,963
01/01/2008,FLL,FL,ASO,ES,Towers with Radar,597,143,118,0,858,0,36,19,0,55,597,180,137,0,914,0,0,0,943
01/02/2008,FLL,FL,ASO,ES,Towers with Radar,632,192,163,0,987,0,32,44,0,76,632,227,207,0,1066,0,0,0,1114
01/03/2008,FLL,FL,ASO,ES,Towers with Radar,673,156,149,1,979,0,41,47,0,88,673,197,196,1,1067,0,0,0,1106
01/04/2008,FLL,FL,ASO,ES,Towers with Radar,673,174,138,0,985,0,49,51,0,100,673,224,189,0,1086,0,0,0,1141
01/05/2008,FLL,FL,ASO,ES,Towers with Radar,634,159,147,0,940,0,25,32,0,57,634,184,179,0,997,0,0,0,1043
01/06/2008,FLL,FL,ASO,ES,Towers with Radar,626,163,185,1,975,0,16,53,0,69,626,179,238,1,1044,0,0,0,1132
01/07/2008,FLL,FL,ASO,ES,Towers with Radar,607,145,127,0,879,0,32,37,0,69,607,179,164,0,950,0,0,0,1022
01/08/2008,FLL,FL,ASO,ES,Towers with Radar,537,124,98,2,761,0,28,60,2,90,537,152,158,4,851,0,0,0,930
01/09/2008,FLL,FL,ASO,ES,Towers with Radar,528,134,119,0,781,0,20,39,0,59,528,154,158,0,840,0,0,0,925
01/10/2008,FLL,FL,ASO,ES,Towers with Radar,589,139,101,0,829,0,17,57,0,74,589,157,158,0,904,0,0,0,976
01/11/2008,FLL,FL,ASO,ES,Towers with Radar,587,132,111,0,830,0,22,54,0,76,587,155,165,0,907,0,0,0,996
01/12/2008,FLL,FL,ASO,ES,Towers with Radar,568,126,78,0,772,0,12,38,0,50,568,138,116,0,822,0,0,0,915
01/13/2008,FLL,FL,ASO,ES,Towers with Radar,565,150,122,0,837,0,16,29,0,45,565,166,151,0,882,0,0,0,923
01/14/2008,FLL,FL,ASO,ES,Towers with Radar,551,132,95,0,778,0,17,32,0,49,551,149,127,0,827,0,0,0,891
01/15/2008,FLL,FL,ASO,ES,Towers with Radar,517,125,95,2,739,0,17,36,0,53,517,151,131,2,801,0,0,0,881
01/16/2008,FLL,FL,ASO,ES,Towers with Radar,489,136,144,0,769,0,20,45,0,65,489,160,189,0,838,0,0,0,904
01/17/2008,FLL,FL,ASO,ES,Towers with Radar,595,143,132,0,870,0,17,31,0,48,595,161,163,0,919,0,0,0,977
01/18/2008,FLL,FL,ASO,ES,Towers with Radar,601,140,137,5,883,0,21,57,0,78,601,161,194,5,961,0,0,0,1053
01/19/2008,FLL,FL,ASO,ES,Towers with Radar,564,121,65,0,750,0,14,36,0,50,564,136,101,0,801,0,0,0,873
01/20/2008,FLL,FL,ASO,ES,Towers with Radar,611,167,89,0,867,0,9,14,0,23,611,176,103,0,890,0,0,0,905
01/21/2008,FLL,FL,ASO,ES,Towers with Radar,557,131,119,3,810,0,21,41,0,62,557,152,160,3,872,0,0,0,924
01/22/2008,FLL,FL,ASO,ES,Towers with Radar,532,140,88,0,760,0,21,32,0,53,532,163,120,0,815,0,0,0,859
01/23/2008,FLL,FL,ASO,ES,Towers with Radar,538,128,108,0,774,0,24,52,0,76,538,160,160,0,858,0,0,0,920
01/24/2008,FLL,FL,ASO,ES,Towers with Radar,610,147,128,0,885,0,36,36,0,72,610,185,164,0,959,0,0,0,1025
01/25/2008,FLL,FL,ASO,ES,Towers with Radar,602,135,138,1,876,0,22,48,0,70,602,157,186,1,946,0,0,0,1015
01/26/2008,FLL,FL,ASO,ES,Towers with Radar,549,134,72,0,755,0,14,37,0,51,549,148,109,0,806,0,0,0,881
01/27/2008,FLL,FL,ASO,ES,Towers with Radar,584,155,114,2,855,0,11,32,0,43,584,167,146,2,899,0,0,0,945
01/28/2008,FLL,FL,ASO,ES,Towers with Radar,570,130,91,0,791,0,23,26,0,49,570,158,117,0,845,0,0,0,938
01/29/2008,FLL,FL,ASO,ES,Towers with Radar,530,132,86,0,748,0,16,48,0,64,530,151,134,0,815,0,0,0,919
01/30/2008,FLL,FL,ASO,ES,Towers with Radar,542,140,92,0,774,0,13,37,0,50,542,153,129,0,824,0,0,0,897
01/31/2008,FLL,FL,ASO,ES,Towers with Radar,576,176,126,0,878,0,21,38,2,61,576,197,164,2,939,0,0,0,1038
02/01/2008,FLL,FL,ASO,ES,Towers with Radar,574,141,107,0,822,0,24,53,0,77,574,165,160,0,899,0,0,0,1001
02/02/2008,FLL,FL,ASO,ES,Towers with Radar,585,128,94,0,807,0,7,35,0,42,585,136,129,0,850,0,0,0,931
02/03/2008,FLL,FL,ASO,ES,Towers with Radar,562,141,78,0,781,0,13,26,0,39,562,158,104,0,824,0,0,0,896
02/04/2008,FLL,FL,ASO,ES,Towers with Radar,563,139,85,2,789,0,13,38,0,51,563,155,123,2,843,0,0,0,934
02/05/2008,FLL,FL,ASO,ES,Towers with Radar,549,124,76,0,749,0,25,31,0,56,549,151,107,0,807,0,0,0,893
02/06/2008,FLL,FL,ASO,ES,Towers with Radar,529,135,104,1,769,0,20,55,0,75,529,156,159,1,845,0,0,0,937
02/07/2008,FLL,FL,ASO,ES,Towers with Radar,592,158,104,2,856,0,18,45,0,63,592,176,149,2,919,0,0,0,986
02/08/2008,FLL,FL,ASO,ES,Towers with Radar,613,154,105,2,874,0,22,43,0,65,613,176,148,2,939,0,0,0,1001
02/09/2008,FLL,FL,ASO,ES,Towers with Radar,566,149,66,0,781,0,7,27,3,37,566,156,93,3,818,0,0,0,884
02/10/2008,FLL,FL,ASO,ES,Towers with Radar,571,161,95,3,830,0,12,41,2,55,571,174,136,5,886,0,0,0,946
02/11/2008,FLL,FL,ASO,ES,Towers with Radar,574,161,108,2,845,0,18,37,1,56,574,186,145,3,908,68,1,69,1039
02/12/2008,FLL,FL,ASO,ES,Towers with Radar,522,133,75,2,732,0,13,26,2,41,522,154,101,4,781,0,0,0,806
02/13/2008,FLL,FL,ASO,ES,Towers with Radar,566,129,122,1,818,0,12,20,0,32,566,141,142,1,850,0,0,0,882
02/14/2008,FLL,FL,ASO,ES,Towers with Radar,660,185,192,3,1040,0,34,76,0,110,660,222,268,3,1153,0,0,0,1282
02/15/2008,FLL,FL,ASO,ES,Towers with Radar,645,179,179,0,1003,0,30,62,0,92,645,221,241,0,1107,0,0,0,1197
02/16/2008,FLL,FL,ASO,ES,Towers with Radar,621,157,114,4,896,0,28,39,0,67,621,188,153,4,966,0,0,0,1082
02/17/2008,FLL,FL,ASO,ES,Towers with Radar,630,169,112,2,913,0,16,32,0,48,630,187,144,2,963,0,2,2,1028
02/18/2008,FLL,FL,ASO,ES,Towers with Radar,624,163,187,1,975,0,29,25,0,54,624,234,212,1,1071,0,0,0,1139
02/19/2008,FLL,FL,ASO,ES,Towers with Radar,639,164,107,2,912,0,15,33,0,48,639,180,140,2,961,0,0,0,1018
02/20/2008,FLL,FL,ASO,ES,Towers with Radar,636,143,124,1,904,0,15,59,0,74,636,161,183,1,981,0,0,0,1061
02/21/2008,FLL,FL,ASO,ES,Towers with Radar,661,161,132,2,956,0,21,49,0,70,661,185,181,2,1029,0,0,0,1076
02/22/2008,FLL,FL,ASO,ES,Towers with Radar,594,149,115,0,858,0,25,58,0,83,594,183,173,0,950,0,0,0,1039
02/23/2008,FLL,FL,ASO,ES,Towers with Radar,636,175,98,0,909,0,12,42,0,54,636,189,140,0,965,0,0,0,1044
02/24/2008,FLL,FL,ASO,ES,Towers with Radar,645,180,151,1,977,0,18,27,0,45,645,199,178,1,1023,0,0,0,1113
02/25/2008,FLL,FL,ASO,ES,Towers with Radar,637,144,101,0,882,0,22,44,0,66,637,169,145,0,951,0,0,0,1038
02/26/2008,FLL,FL,ASO,ES,Towers with Radar,626,134,93,1,854,0,16,33,0,49,626,151,126,1,904,0,0,0,957
02/27/2008,FLL,FL,ASO,ES,Towers with Radar,643,155,126,2,926,0,12,37,0,49,643,171,163,2,979,0,0,0,1039
02/28/2008,FLL,FL,ASO,ES,Towers with Radar,648,162,119,6,935,0,42,63,0,105,648,205,182,6,1041,0,0,0,1144
02/29/2008,FLL,FL,ASO,ES,Towers with Radar,625,171,133,7,936,0,38,79,0,117,625,209,212,7,1053,0,0,0,1155
03/01/2008,FLL,FL,ASO,ES,Towers with Radar,644,150,91,0,885,0,20,40,1,61,644,170,131,1,946,0,0,0,1053
03/02/2008,FLL,FL,ASO,ES,Towers with Radar,639,164,82,1,886,0,16,25,0,41,639,182,107,1,929,0,0,0,1039
03/03/2008,FLL,FL,ASO,ES,Towers with Radar,623,152,92,0,867,0,23,31,0,54,623,175,123,0,921,0,0,0,981
03/04/2008,FLL,FL,ASO,ES,Towers with Radar,610,138,110,1,859,0,23,44,0,67,610,164,154,1,929,0,0,0,1004
03/05/2008,FLL,FL,ASO,ES,Towers with Radar,640,151,80,0,871,0,17,23,0,40,640,169,103,0,912,0,0,0,981
03/06/2008,FLL,FL,ASO,ES,Towers with Radar,621,156,112,0,889,0,21,22,0,43,621,179,134,0,934,0,0,0,989
03/07/2008,FLL,FL,ASO,ES,Towers with Radar,651,171,132,1,955,0,33,36,0,69,651,205,168,1,1025,0,0,0,1111
03/08/2008,FLL,FL,ASO,ES,Towers with Radar,627,160,89,0,876,0,18,39,0,57,627,178,128,0,933,0,0,0,1004
03/09/2008,FLL,FL,ASO,ES,Towers with Radar,628,159,108,0,895,0,24,39,0,63,628,185,147,0,960,0,0,0,1053
03/10/2008,FLL,FL,ASO,ES,Towers with Radar,636,145,77,0,858,0,28,47,0,75,636,177,124,0,937,0,0,0,1025
03/11/2008,FLL,FL,ASO,ES,Towers with Radar,633,134,109,0,876,0,0,47,0,47,633,139,156,0,928,0,0,0,1024
03/12/2008,FLL,FL,ASO,ES,Towers with Radar,609,145,121,0,875,0,22,52,1,75,609,183,173,1,966,0,0,0,1067
03/13/2008,FLL,FL,ASO,ES,Towers with Radar,657,159,123,0,939,0,30,71,0,101,657,189,194,0,1040,0,0,0,1168
03/14/2008,FLL,FL,ASO,ES,Towers with Radar,649,194,196,1,1040,0,31,84,0,115,649,235,280,1,1165,0,0,0,1253
03/15/2008,FLL,FL,ASO,ES,Towers with Radar,646,193,157,1,997,0,36,70,0,106,646,234,227,1,1108,0,0,0,1200
03/16/2008,FLL,FL,ASO,ES,Towers with Radar,649,195,149,3,996,0,35,45,0,80,649,233,194,3,1079,0,0,0,1168
03/17/2008,FLL,FL,ASO,ES,Towers with Radar,627,160,98,0,885,0,37,45,0,82,627,197,143,0,967,0,0,0,1055
03/18/2008,FLL,FL,ASO,ES,Towers with Radar,625,166,127,2,920,0,21,45,0,66,625,187,172,2,986,0,0,0,1057
03/19/2008,FLL,FL,ASO,ES,Towers with Radar,619,158,140,3,920,0,42,63,0,105,619,204,203,3,1029,0,0,0,1097
03/20/2008,FLL,FL,ASO,ES,Towers with Radar,650,189,147,2,988,0,56,71,0,127,650,258,218,2,1128,0,0,0,1204
03/21/2008,FLL,FL,ASO,ES,Towers with Radar,642,169,133,4,948,0,52,50,0,102,642,229,183,4,1058,0,0,0,1177
03/22/2008,FLL,FL,ASO,ES,Towers with Radar,669,170,126,0,965,0,27,37,0,64,669,197,163,0,1029,0,0,0,1062
03/23/2008,FLL,FL,ASO,ES,Towers with Radar,631,171,147,0,949,0,28,29,0,57,631,199,176,0,1006,0,0,0,1052
03/24/2008,FLL,FL,ASO,ES,Towers with Radar,663,189,179,2,1033,0,46,64,0,110,663,236,243,2,1144,0,0,0,1206
03/25/2008,FLL,FL,ASO,ES,Towers with Radar,622,158,120,2,902,0,25,56,0,81,622,188,176,2,988,0,0,0,1055
03/26/2008,FLL,FL,ASO,ES,Towers with Radar,626,166,118,2,912,0,27,59,0,86,626,205,177,2,1010,0,0,0,1084
03/27/2008,FLL,FL,ASO,ES,Towers with Radar,656,146,162,0,964,0,29,67,0,96,656,179,229,0,1064,0,0,0,1160
03/28/2008,FLL,FL,ASO,ES,Towers with Radar,645,176,151,3,975,0,26,57,0,83,645,203,208,3,1059,0,0,0,1172
03/29/2008,FLL,FL,ASO,ES,Towers with Radar,669,186,162,0,1017,0,28,60,0,88,669,214,222,0,1105,0,0,0,1197
03/30/2008,FLL,FL,ASO,ES,Towers with Radar,632,188,144,4,968,0,24,63,0,87,632,213,207,4,1056,0,0,0,1133
03/31/2008,FLL,FL,ASO,ES,Towers with Radar,625,159,94,5,883,0,30,47,0,77,625,192,141,5,963,0,0,0,1023
04/01/2008,FLL,FL,ASO,ES,Towers with Radar,617,141,131,3,892,0,21,23,0,44,617,174,154,3,948,0,0,0,1010
04/02/2008,FLL,FL,ASO,ES,Towers with Radar,615,148,100,0,863,0,22,48,0,70,615,173,148,0,936,0,0,0,1022
04/03/2008,FLL,FL,ASO,ES,Towers with Radar,637,148,83,0,868,0,32,48,0,80,637,184,131,0,952,0,0,0,1008
04/04/2008,FLL,FL,ASO,ES,Towers with Radar,633,168,117,1,919,0,37,53,0,90,633,206,170,1,1010,0,0,0,1083
04/05/2008,FLL,FL,ASO,ES,Towers with Radar,642,149,102,0,893,0,27,39,0,66,642,176,141,0,959,0,0,0,1023
04/06/2008,FLL,FL,ASO,ES,Towers with Radar,591,164,95,0,850,0,19,47,0,66,591,184,142,0,917,0,0,0,982
04/07/2008,FLL,FL,ASO,ES,Towers with Radar,618,120,83,1,822,0,24,44,0,68,618,146,127,1,892,0,0,0,943
04/08/2008,FLL,FL,ASO,ES,Towers with Radar,588,133,86,1,808,0,12,44,0,56,588,147,130,1,866,0,0,0,932
04/09/2008,FLL,FL,ASO,ES,Towers with Radar,564,156,88,0,808,0,16,68,0,84,564,176,156,0,896,0,0,0,991
04/10/2008,FLL,FL,ASO,ES,Towers with Radar,592,143,89,0,824,0,28,75,0,103,592,182,164,0,938,0,0,0,1024
04/11/2008,FLL,FL,ASO,ES,Towers with Radar,598,153,101,2,854,0,27,49,0,76,598,182,150,2,932,0,0,0,1018
04/12/2008,FLL,FL,ASO,ES,Towers with Radar,611,127,93,0,831,0,13,44,0,57,611,140,137,0,888,0,0,0,968
04/13/2008,FLL,FL,ASO,ES,Towers with Radar,601,167,101,0,869,0,29,35,0,64,601,198,136,0,935,0,0,0,986
04/14/2008,FLL,FL,ASO,ES,Towers with Radar,589,128,90,0,807,0,16,41,0,57,589,145,131,0,865,0,0,0,950
04/15/2008,FLL,FL,ASO,ES,Towers with Radar,579,132,71,1,783,0,17,54,0,71,579,149,125,1,854,0,0,0,922
04/16/2008,FLL,FL,ASO,ES,Towers with Radar,560,144,97,3,804,0,29,71,0,100,560,188,168,3,919,0,0,0,1055
04/17/2008,FLL,FL,ASO,ES,Towers with Radar,604,154,101,0,859,0,16,53,0,69,604,175,154,0,933,0,0,0,994
04/18/2008,FLL,FL,ASO,ES,Towers with Radar,614,153,101,1,869,0,30,63,0,93,614,192,164,1,971,0,0,0,1044
04/19/2008,FLL,FL,ASO,ES,Towers with Radar,608,148,75,0,831,0,17,39,0,56,608,166,114,0,888,0,0,0,972
04/20/2008,FLL,FL,ASO,ES,Towers with Radar,581,158,98,0,837,0,24,35,0,59,581,187,133,0,901,0,0,0,992
04/21/2008,FLL,FL,ASO,ES,Towers with Radar,606,143,92,0,841,0,18,43,0,61,606,161,135,0,902,0,0,0,992
04/22/2008,FLL,FL,ASO,ES,Towers with Radar,590,145,66,0,801,0,16,37,0,53,590,165,103,0,858,0,0,0,935
04/23/2008,FLL,FL,ASO,ES,Towers with Radar,571,142,84,1,798,0,20,75,0,95,571,174,159,1,905,0,0,0,981
04/24/2008,FLL,FL,ASO,ES,Towers with Radar,611,147,94,1,853,0,28,75,0,103,611,187,169,1,968,0,0,0,1074
04/25/2008,FLL,FL,ASO,ES,Towers with Radar,604,154,113,1,872,0,23,57,0,80,604,188,170,1,963,0,0,0,1037
04/26/2008,FLL,FL,ASO,ES,Towers with Radar,604,142,63,0,809,0,35,55,0,90,604,178,118,0,900,0,0,0,976
04/27/2008,FLL,FL,ASO,ES,Towers with Radar,592,155,86,0,833,0,20,32,2,54,592,175,118,2,887,0,0,0,948
04/28/2008,FLL,FL,ASO,ES,Towers with Radar,565,145,108,0,818,0,31,53,0,84,565,176,161,0,902,0,0,0,970
04/29/2008,FLL,FL,ASO,ES,Towers with Radar,575,163,99,0,837,0,18,31,0,49,575,188,130,0,893,0,0,0,935
04/30/2008,FLL,FL,ASO,ES,Towers with Radar,571,144,123,2,840,0,28,50,1,79,571,207,173,3,954,0,0,0,1008
05/01/2008,FLL,FL,ASO,ES,Towers with Radar,590,159,117,5,871,0,30,38,0,68,590,198,155,5,948,0,0,0,1006
05/02/2008,FLL,FL,ASO,ES,Towers with Radar,576,146,75,4,801,0,43,51,0,94,576,190,126,4,896,0,0,0,973
05/03/2008,FLL,FL,ASO,ES,Towers with Radar,574,135,61,3,773,0,22,32,0,54,574,157,93,3,827,0,0,0,907
05/04/2008,FLL,FL,ASO,ES,Towers with Radar,529,133,76,0,738,0,26,47,0,73,529,160,123,0,812,0,0,0,892
05/05/2008,FLL,FL,ASO,ES,Towers with Radar,562,126,78,1,767,0,25,51,0,76,562,152,129,1,844,0,0,0,911
05/06/2008,FLL,FL,ASO,ES,Towers with Radar,529,135,95,0,759,0,23,47,0,70,529,163,142,0,834,0,0,0,920
05/07/2008,FLL,FL,ASO,ES,Towers with Radar,525,133,86,3,747,0,20,38,0,58,525,157,124,3,809,0,0,0,896
05/08/2008,FLL,FL,ASO,ES,Towers with Radar,543,154,107,1,805,0,29,58,0,87,543,191,165,1,900,0,0,0,974
05/09/2008,FLL,FL,ASO,ES,Towers with Radar,558,148,92,0,798,0,29,36,0,65,558,188,128,0,874,0,0,0,938
05/10/2008,FLL,FL,ASO,ES,Towers with Radar,532,133,64,2,731,0,36,45,20,101,532,176,109,22,839,0,0,0,908
05/11/2008,FLL,FL,ASO,ES,Towers with Radar,520,137,72,0,729,0,28,26,0,54,520,166,98,0,784,0,0,0,820
05/12/2008,FLL,FL,ASO,ES,Towers with Radar,547,148,75,0,770,0,42,39,0,81,547,191,114,0,852,0,0,0,940
05/13/2008,FLL,FL,ASO,ES,Towers with Radar,510,129,85,0,724,0,26,49,0,75,510,156,134,0,800,0,0,0,877
05/14/2008,FLL,FL,ASO,ES,Towers with Radar,518,130,74,3,725,0,34,61,0,95,518,167,135,3,823,0,0,0,883
05/15/2008,FLL,FL,ASO,ES,Towers with Radar,557,138,91,2,788,0,30,60,0,90,557,174,151,2,884,0,0,0,944
05/16/2008,FLL,FL,ASO,ES,Towers with Radar,554,136,112,2,804,0,44,41,0,85,554,193,153,2,902,0,0,0,966
05/17/2008,FLL,FL,ASO,ES,Towers with Radar,523,128,58,1,710,0,24,37,0,61,523,152,95,1,771,0,0,0,835
05/18/2008,FLL,FL,ASO,ES,Towers with Radar,509,136,77,0,722,0,55,35,0,90,509,191,112,0,812,0,0,0,871
05/19/2008,FLL,FL,ASO,ES,Towers with Radar,533,133,62,0,728,0,40,49,0,89,533,174,111,0,818,0,0,0,868
05/20/2008,FLL,FL,ASO,ES,Towers with Radar,522,128,74,4,728,0,23,34,0,57,522,159,108,4,793,0,0,0,861
05/21/2008,FLL,FL,ASO,ES,Towers with Radar,535,132,67,0,734,0,22,57,2,81,535,171,124,2,832,0,0,0,897
05/22/2008,FLL,FL,ASO,ES,Towers with Radar,566,144,87,0,797,0,41,45,0,86,566,193,132,0,891,0,0,0,958
05/23/2008,FLL,FL,ASO,ES,Towers with Radar,557,168,128,0,853,0,52,62,0,114,557,235,190,0,982,0,0,0,1039
05/24/2008,FLL,FL,ASO,ES,Towers with Radar,514,136,56,2,708,0,19,27,0,46,514,155,83,2,754,0,0,0,817
05/25/2008,FLL,FL,ASO,ES,Towers with Radar,509,119,47,0,675,0,35,19,0,54,509,155,66,0,730,0,0,0,781
05/26/2008,FLL,FL,ASO,ES,Towers with Radar,493,146,87,0,726,14,45,61,0,120,507,193,148,0,848,0,0,0,913
05/27/2008,FLL,FL,ASO,ES,Towers with Radar,530,124,76,1,731,0,31,46,0,77,530,158,122,1,811,0,0,0,895
05/28/2008,FLL,FL,ASO,ES,Towers with Radar,540,137,69,0,746,20,28,38,0,86,560,177,107,0,844,0,0,0,904
05/29/2008,FLL,FL,ASO,ES,Towers with Radar,572,134,68,2,776,0,36,51,0,87,572,183,119,2,876,0,0,0,951
05/30/2008,FLL,FL,ASO,ES,Towers with Radar,553,141,92,0,786,0,47,45,0,92,553,200,137,0,890,0,0,0,941
05/31/2008,FLL,FL,ASO,ES,Towers with Radar,517,135,70,0,722,0,28,28,0,56,517,165,98,0,780,0,0,0,848
06/01/2008,FLL,FL,ASO,ES,Towers with Radar,526,144,85,0,755,0,33,36,0,69,527,182,121,0,830,0,0,0,903
06/02/2008,FLL,FL,ASO,ES,Towers with Radar,540,131,64,0,735,1,40,36,0,77,541,175,100,0,816,0,0,0,887
06/03/2008,FLL,FL,ASO,ES,Towers with Radar,521,133,84,0,738,0,24,47,0,71,521,159,131,0,811,0,0,0,890
06/04/2008,FLL,FL,ASO,ES,Towers with Radar,506,126,67,0,699,0,28,72,0,100,506,159,139,0,804,0,0,0,866
06/05/2008,FLL,FL,ASO,ES,Towers with Radar,552,134,69,0,755,0,33,56,0,89,560,176,125,0,861,0,0,0,930
06/06/2008,FLL,FL,ASO,ES,Towers with Radar,545,131,97,1,774,0,44,47,1,92,546,178,144,2,870,0,0,0,959
06/07/2008,FLL,FL,ASO,ES,Towers with Radar,517,128,59,0,704,0,24,50,0,74,518,155,109,0,782,0,0,0,842
06/08/2008,FLL,FL,ASO,ES,Towers with Radar,511,142,67,5,725,0,44,48,1,93,512,186,115,6,819,0,0,0,893
06/09/2008,FLL,FL,ASO,ES,Towers with Radar,532,115,70,0,717,0,34,40,0,74,533,152,110,0,795,0,0,0,846
06/10/2008,FLL,FL,ASO,ES,Towers with Radar,521,126,50,0,697,0,23,58,0,81,521,154,108,0,783,0,0,0,845
06/11/2008,FLL,FL,ASO,ES,Towers with Radar,518,122,68,2,710,0,54,52,0,106,519,180,120,2,821,0,0,0,889
06/12/2008,FLL,FL,ASO,ES,Towers with Radar,551,138,82,0,771,0,35,42,0,77,552,177,124,0,853,0,0,0,929
06/13/2008,FLL,FL,ASO,ES,Towers with Radar,552,132,65,0,749,0,52,60,2,114,553,188,125,2,868,0,0,0,935
06/14/2008,FLL,FL,ASO,ES,Towers with Radar,519,134,49,0,702,0,45,44,0,89,519,181,93,0,793,0,0,0,851
06/15/2008,FLL,FL,ASO,ES,Towers with Radar,538,119,78,0,735,0,47,59,0,106,539,168,137,0,844,0,0,0,932
06/16/2008,FLL,FL,ASO,ES,Towers with Radar,526,119,82,2,729,1,43,43,2,89,529,168,125,4,826,0,0,0,889
06/17/2008,FLL,FL,ASO,ES,Towers with Radar,544,122,68,0,734,0,15,49,0,64,544,142,117,0,803,0,0,0,864
06/18/2008,FLL,FL,ASO,ES,Towers with Radar,531,121,66,1,719,0,27,26,0,53,531,153,92,1,777,0,0,0,814
06/19/2008,FLL,FL,ASO,ES,Towers with Radar,552,127,86,1,766,0,32,34,0,66,556,163,120,1,840,0,0,0,891
06/20/2008,FLL,FL,ASO,ES,Towers with Radar,560,130,90,2,782,0,49,55,2,106,560,184,145,4,893,0,0,0,939
06/21/2008,FLL,FL,ASO,ES,Towers with Radar,520,125,55,0,700,1,44,44,0,89,523,173,99,0,795,0,0,0,853
06/22/2008,FLL,FL,ASO,ES,Towers with Radar,507,139,102,2,750,0,34,37,0,71,509,177,139,2,827,0,0,0,887
06/23/2008,FLL,FL,ASO,ES,Towers with Radar,555,124,67,5,751,0,28,41,0,69,558,158,108,5,829,0,0,0,893
06/24/2008,FLL,FL,ASO,ES,Towers with Radar,546,126,64,2,738,0,31,37,2,70,548,162,101,4,815,0,0,0,883
06/25/2008,FLL,FL,ASO,ES,Towers with Radar,539,120,77,1,737,0,19,49,6,74,539,142,126,7,814,0,0,0,883
06/26/2008,FLL,FL,ASO,ES,Towers with Radar,549,141,82,1,773,2,36,34,0,72,555,180,116,1,852,0,0,0,909
06/27/2008,FLL,FL,ASO,ES,Towers with Radar,558,138,66,0,762,0,40,47,4,91,559,186,113,4,862,0,0,0,961
06/28/2008,FLL,FL,ASO,ES,Towers with Radar,533,126,51,0,710,1,35,25,0,61,534,165,76,0,775,0,0,0,842
06/29/2008,FLL,FL,ASO,ES,Towers with Radar,508,133,66,1,708,1,24,29,0,54,512,158,95,1,766,0,0,0,842
06/30/2008,FLL,FL,ASO,ES,Towers with Radar,551,106,66,0,723,0,41,44,6,91,553,153,110,6,822,0,0,0,886
07/01/2008,FLL,FL,ASO,ES,Towers with Radar,542,116,67,0,725,0,34,29,0,63,542,150,96,0,788,0,0,0,788
07/02/2008,FLL,FL,ASO,ES,Towers with Radar,539,128,62,1,730,2,31,53,0,86,541,159,115,1,816,0,0,0,816
07/03/2008,FLL,FL,ASO,ES,Towers with Radar,559,134,74,1,768,0,43,48,0,91,559,177,122,1,859,0,0,0,859
07/04/2008,FLL,FL,ASO,ES,Towers with Radar,494,113,43,0,650,0,21,18,2,41,494,134,61,2,691,0,0,0,691
07/05/2008,FLL,FL,ASO,ES,Towers with Radar,510,135,40,0,685,0,28,26,0,54,510,163,66,0,739,0,0,0,739
07/06/2008,FLL,FL,ASO,ES,Towers with Radar,520,130,77,0,727,0,40,40,0,80,520,170,117,0,807,0,0,0,807
07/07/2008,FLL,FL,ASO,ES,Towers with Radar,541,136,92,2,771,0,38,22,0,60,541,174,114,2,831,0,0,0,831
07/08/2008,FLL,FL,ASO,ES,Towers with Radar,521,98,78,0,697,0,27,35,0,62,521,125,113,0,759,0,0,0,759
07/09/2008,FLL,FL,ASO,ES,Towers with Radar,522,121,65,3,711,0,27,47,0,74,522,148,112,3,785,0,0,0,785
07/10/2008,FLL,FL,ASO,ES,Towers with Radar,544,134,60,0,738,0,28,46,0,74,544,162,106,0,812,0,0,0,812
07/11/2008,FLL,FL,ASO,ES,Towers with Radar,564,121,64,1,750,0,32,44,0,76,564,153,108,1,826,0,0,0,826
07/12/2008,FLL,FL,ASO,ES,Towers with Radar,532,123,48,0,703,0,45,30,0,75,532,168,78,0,778,0,0,0,778
07/13/2008,FLL,FL,ASO,ES,Towers with Radar,516,126,59,0,701,0,26,37,1,64,516,152,96,1,765,0,0,0,765
07/14/2008,FLL,FL,ASO,ES,Towers with Radar,542,114,47,0,703,1,32,33,0,66,543,146,80,0,769,0,0,0,769
07/15/2008,FLL,FL,ASO,ES,Towers with Radar,524,106,45,1,676,0,19,21,1,41,524,125,66,2,717,0,0,0,717
07/16/2008,FLL,FL,ASO,ES,Towers with Radar,524,116,91,0,731,1,36,47,0,84,525,152,138,0,815,0,0,0,815
07/17/2008,FLL,FL,ASO,ES,Towers with Radar,545,127,70,0,742,0,31,33,0,64,545,158,103,0,806,0,0,0,806
07/18/2008,FLL,FL,ASO,ES,Towers with Radar,550,112,69,2,733,0,49,43,2,94,550,161,112,4,827,0,0,0,827
07/19/2008,FLL,FL,ASO,ES,Towers with Radar,529,108,50,2,689,1,28,50,1,80,530,136,100,3,769,0,0,0,769
07/20/2008,FLL,FL,ASO,ES,Towers with Radar,521,108,88,0,717,0,31,20,0,51,521,139,108,0,768,0,0,0,768
07/21/2008,FLL,FL,ASO,ES,Towers with Radar,541,103,72,0,716,0,39,33,3,75,541,142,105,3,791,0,0,0,791
07/22/2008,FLL,FL,ASO,ES,Towers with Radar,508,110,64,0,682,1,20,52,0,73,509,130,116,0,755,0,0,0,755
07/23/2008,FLL,FL,ASO,ES,Towers with Radar,503,120,80,0,703,0,25,48,0,73,503,145,128,0,776,0,0,0,776
07/24/2008,FLL,FL,ASO,ES,Towers with Radar,541,128,64,0,733,0,37,53,2,92,541,165,117,2,825,0,0,0,825
07/25/2008,FLL,FL,ASO,ES,Towers with Radar,554,123,83,2,762,0,32,57,3,92,554,155,140,5,854,0,0,0,854
07/26/2008,FLL,FL,ASO,ES,Towers with Radar,532,105,57,0,694,0,38,38,0,76,532,143,95,0,770,0,0,0,770
07/27/2008,FLL,FL,ASO,ES,Towers with Radar,490,110,70,2,672,1,36,17,0,54,491,146,87,2,726,0,0,0,726
07/28/2008,FLL,FL,ASO,ES,Towers with Radar,552,103,51,6,712,0,34,48,5,87,552,137,99,11,799,0,0,0,799
07/29/2008,FLL,FL,ASO,ES,Towers with Radar,518,106,51,3,678,0,24,54,0,78,518,130,105,3,756,0,0,0,756
07/30/2008,FLL,FL,ASO,ES,Towers with Radar,528,104,72,6,710,1,28,41,0,70,529,132,113,6,780,0,0,0,780
07/31/2008,FLL,FL,ASO,ES,Towers with Radar,539,107,65,0,711,0,50,37,0,87,539,157,102,0,798,0,0,0,798
08/01/2008,FLL,FL,ASO,ES,Towers with Radar,556,112,58,1,727,0,48,41,0,89,556,160,99,1,816,0,0,0,816
08/02/2008,FLL,FL,ASO,ES,Towers with Radar,494,107,56,0,657,0,28,39,0,67,494,135,95,0,724,0,0,0,724
08/03/2008,FLL,FL,ASO,ES,Towers with Radar,518,101,86,0,705,0,31,40,0,71,518,132,126,0,776,0,0,0,776
08/04/2008,FLL,FL,ASO,ES,Towers with Radar,523,106,70,1,700,0,25,29,2,56,523,131,99,3,756,0,0,0,756
08/05/2008,FLL,FL,ASO,ES,Towers with Radar,522,98,82,1,703,0,17,44,0,61,522,115,126,1,764,0,0,0,764
08/06/2008,FLL,FL,ASO,ES,Towers with Radar,516,107,89,0,712,0,23,37,0,60,516,130,126,0,772,0,0,0,772
08/07/2008,FLL,FL,ASO,ES,Towers with Radar,526,113,69,0,708,0,43,55,2,100,526,156,124,2,808,0,0,0,808
08/08/2008,FLL,FL,ASO,ES,Towers with Radar,547,115,70,3,735,0,35,55,0,90,547,150,125,3,825,0,0,0,825
08/09/2008,FLL,FL,ASO,ES,Towers with Radar,522,110,59,1,692,1,26,29,1,57,523,136,88,2,749,0,0,0,749
08/10/2008,FLL,FL,ASO,ES,Towers with Radar,504,111,72,1,688,0,24,41,0,65,504,135,113,1,753,0,0,0,753
08/11/2008,FLL,FL,ASO,ES,Towers with Radar,521,103,72,2,698,0,32,35,0,67,521,135,107,2,765,0,0,0,765
08/12/2008,FLL,FL,ASO,ES,Towers with Radar,506,97,61,0,664,0,28,28,2,58,506,125,89,2,722,0,0,0,722
08/13/2008,FLL,FL,ASO,ES,Towers with Radar,498,96,73,5,672,0,21,52,0,73,498,117,125,5,745,0,0,0,745
08/14/2008,FLL,FL,ASO,ES,Towers with Radar,518,125,85,2,730,1,25,39,4,69,519,150,124,6,799,0,0,0,799
08/15/2008,FLL,FL,ASO,ES,Towers with Radar,516,109,63,4,692,0,29,44,2,75,516,138,107,6,767,0,0,0,767
08/16/2008,FLL,FL,ASO,ES,Towers with Radar,516,111,56,0,683,0,24,35,0,59,516,135,91,0,742,0,0,0,742
08/17/2008,FLL,FL,ASO,ES,Towers with Radar,507,108,73,0,688,0,28,27,0,55,507,136,100,0,743,0,0,0,743
08/18/2008,FLL,FL,ASO,ES,Towers with Radar,518,110,48,1,677,0,2,4,0,6,518,112,52,1,683,0,0,0,683
08/19/2008,FLL,FL,ASO,ES,Towers with Radar,470,62,24,0,556,0,1,6,0,7,470,63,30,0,563,0,0,0,563
08/20/2008,FLL,FL,ASO,ES,Towers with Radar,494,79,67,2,642,0,25,40,0,65,494,104,107,2,707,0,0,0,707
08/21/2008,FLL,FL,ASO,ES,Towers with Radar,516,81,61,4,662,0,29,28,0,57,516,110,89,4,719,0,0,0,719
08/22/2008,FLL,FL,ASO,ES,Towers with Radar,505,87,67,0,659,0,27,33,2,62,505,114,100,2,721,0,0,0,721
08/23/2008,FLL,FL,ASO,ES,Towers with Radar,479,70,42,0,591,1,19,35,0,55,480,89,77,0,646,0,0,0,646
08/24/2008,FLL,FL,ASO,ES,Towers with Radar,483,81,68,0,632,0,19,23,0,42,483,100,91,0,674,0,0,0,674
08/25/2008,FLL,FL,ASO,ES,Towers with Radar,493,85,57,2,637,0,20,39,0,59,493,105,96,2,696,0,0,0,696
08/26/2008,FLL,FL,ASO,ES,Towers with Radar,488,80,56,5,629,0,17,43,0,60,488,97,99,5,689,0,0,0,689
08/27/2008,FLL,FL,ASO,ES,Towers with Radar,480,69,61,3,613,0,26,54,1,81,480,95,115,4,694,0,0,0,694
08/28/2008,FLL,FL,ASO,ES,Towers with Radar,511,88,84,4,687,0,24,55,0,79,511,112,139,4,766,0,0,0,766
08/29/2008,FLL,FL,ASO,ES,Towers with Radar,505,102,69,0,676,0,33,56,0,89,505,135,125,0,765,0,0,0,765
08/30/2008,FLL,FL,ASO,ES,Towers with Radar,468,68,47,0,583,1,28,22,0,51,469,96,69,0,634,0,0,0,634
08/31/2008,FLL,FL,ASO,ES,Towers with Radar,441,79,37,3,560,0,12,11,6,29,441,91,48,9,589,0,0,0,589
09/01/2008,FLL,FL,ASO,ES,Towers with Radar,477,83,55,1,616,0,32,38,6,76,477,115,93,7,692,0,0,0,692
09/02/2008,FLL,FL,ASO,ES,Towers with Radar,451,59,61,4,575,0,22,33,4,59,451,81,94,8,634,0,0,0,634
09/03/2008,FLL,FL,ASO,ES,Towers with Radar,429,69,50,0,548,0,13,41,0,54,429,82,91,0,602,0,0,0,602
09/04/2008,FLL,FL,ASO,ES,Towers with Radar,449,62,38,2,551,0,14,26,0,40,449,76,64,2,591,0,0,0,591
09/05/2008,FLL,FL,ASO,ES,Towers with Radar,455,70,67,2,594,0,13,25,1,39,455,83,92,3,633,0,0,0,633
09/06/2008,FLL,FL,ASO,ES,Towers with Radar,404,74,49,0,527,0,23,44,0,67,404,97,93,0,594,0,0,0,594
09/07/2008,FLL,FL,ASO,ES,Towers with Radar,425,63,44,0,532,0,13,40,0,53,425,76,84,0,585,0,0,0,585
09/08/2008,FLL,FL,ASO,ES,Towers with Radar,426,68,39,2,535,0,11,19,0,30,426,79,58,2,565,0,0,0,565
09/09/2008,FLL,FL,ASO,ES,Towers with Radar,364,65,38,0,467,0,7,15,0,22,364,72,53,0,489,0,0,0,489
09/10/2008,FLL,FL,ASO,ES,Towers with Radar,394,68,39,0,501,0,19,25,0,44,394,87,64,0,545,0,0,0,545
09/11/2008,FLL,FL,ASO,ES,Towers with Radar,429,82,64,0,575,0,29,31,2,62,429,111,95,2,637,0,0,0,637
09/12/2008,FLL,FL,ASO,ES,Towers with Radar,429,80,76,0,585,0,21,46,0,67,429,101,122,0,652,0,0,0,652
09/13/2008,FLL,FL,ASO,ES,Towers with Radar,370,70,50,0,490,0,18,26,0,44,370,88,76,0,534,0,0,0,534
09/14/2008,FLL,FL,ASO,ES,Towers with Radar,387,81,47,3,518,1,20,26,6,53,388,101,73,9,571,0,0,0,571
09/15/2008,FLL,FL,ASO,ES,Towers with Radar,423,70,58,3,554,0,19,43,0,62,423,89,101,3,616,0,0,0,616
09/16/2008,FLL,FL,ASO,ES,Towers with Radar,394,83,63,0,540,0,19,42,2,63,394,102,105,2,603,0,0,0,603
09/17/2008,FLL,FL,ASO,ES,Towers with Radar,390,82,73,0,545,0,18,34,2,54,390,100,107,2,599,0,0,0,599
09/18/2008,FLL,FL,ASO,ES,Towers with Radar,424,85,67,0,576,0,21,41,0,62,424,106,108,0,638,0,0,0,638
09/19/2008,FLL,FL,ASO,ES,Towers with Radar,437,81,72,3,593,0,19,53,1,73,437,100,125,4,666,0,0,0,666
09/20/2008,FLL,FL,ASO,ES,Towers with Radar,394,68,41,0,503,0,19,28,1,48,394,87,69,1,551,0,0,0,551
09/21/2008,FLL,FL,ASO,ES,Towers with Radar,419,80,56,1,556,0,21,32,2,55,419,101,88,3,611,0,0,0,611
09/22/2008,FLL,FL,ASO,ES,Towers with Radar,419,72,57,4,552,0,18,45,0,63,419,90,102,4,615,0,0,0,615
09/23/2008,FLL,FL,ASO,ES,Towers with Radar,391,86,49,0,526,0,22,33,3,58,391,108,82,3,584,0,0,0,584
09/24/2008,FLL,FL,ASO,ES,Towers with Radar,394,87,85,3,569,0,12,36,0,48,394,99,121,3,617,0,0,0,617
09/25/2008,FLL,FL,ASO,ES,Towers with Radar,425,83,70,0,578,0,24,41,0,65,425,107,111,0,643,0,0,0,643
09/26/2008,FLL,FL,ASO,ES,Towers with Radar,439,86,64,1,590,0,25,34,0,59,439,111,98,1,649,0,0,0,649
09/27/2008,FLL,FL,ASO,ES,Towers with Radar,389,82,40,0,511,0,16,21,4,41,389,98,61,4,552,0,0,0,552
09/28/2008,FLL,FL,ASO,ES,Towers with Radar,416,67,58,0,541,0,12,12,0,24,416,79,70,0,565,0,0,0,565
09/29/2008,FLL,FL,ASO,ES,Towers with Radar,428,66,46,0,540,0,22,26,4,52,428,88,72,4,592,0,0,0,592
09/30/2008,FLL,FL,ASO,ES,Towers with Radar,396,91,50,2,539,0,21,12,2,35,396,112,62,4,574,0,0,0,574
10/01/2008,FLL,FL,ASO,ES,Towers with Radar,403,76,66,0,545,0,12,49,0,61,403,88,115,0,606,0,0,0,606
10/02/2008,FLL,FL,ASO,ES,Towers with Radar,441,77,57,0,575,0,23,42,0,65,441,100,99,0,640,0,0,0,640
10/03/2008,FLL,FL,ASO,ES,Towers with Radar,457,83,79,2,621,0,34,32,1,67,457,117,111,3,688,0,0,0,688
10/04/2008,FLL,FL,ASO,ES,Towers with Radar,399,81,41,2,523,0,4,9,0,13,399,85,50,2,536,0,0,0,536
10/05/2008,FLL,FL,ASO,ES,Towers with Radar,431,86,62,0,579,0,13,35,0,48,431,99,97,0,627,0,0,0,627
10/06/2008,FLL,FL,ASO,ES,Towers with Radar,437,71,68,2,578,0,24,45,2,71,437,95,113,4,649,0,0,0,649
10/07/2008,FLL,FL,ASO,ES,Towers with Radar,408,83,70,2,563,0,21,45,0,66,408,104,115,2,629,0,0,0,629
10/08/2008,FLL,FL,ASO,ES,Towers with Radar,403,85,67,3,558,0,16,63,1,80,403,101,130,4,638,0,0,0,638
10/09/2008,FLL,FL,ASO,ES,Towers with Radar,451,103,64,0,618,0,23,26,0,49,451,126,90,0,667,0,0,0,667
10/10/2008,FLL,FL,ASO,ES,Towers with Radar,460,107,107,1,675,0,27,39,0,66,460,134,146,1,741,0,0,0,741
10/11/2008,FLL,FL,ASO,ES,Towers with Radar,409,71,37,0,517,0,14,21,0,35,409,85,58,0,552,0,0,0,552
10/12/2008,FLL,FL,ASO,ES,Towers with Radar,435,79,76,3,593,0,19,31,0,50,435,98,107,3,643,0,0,0,643
10/13/2008,FLL,FL,ASO,ES,Towers with Radar,447,91,82,2,622,0,21,21,1,43,447,112,103,3,665,0,0,0,665
10/14/2008,FLL,FL,ASO,ES,Towers with Radar,411,85,65,0,561,0,13,55,2,70,411,98,120,2,631,0,0,0,631
10/15/2008,FLL,FL,ASO,ES,Towers with Radar,415,76,74,3,568,0,22,59,0,81,415,98,133,3,649,0,0,0,649
10/16/2008,FLL,FL,ASO,ES,Towers with Radar,446,69,71,0,586,0,25,67,0,92,446,94,138,0,678,0,0,0,678
10/17/2008,FLL,FL,ASO,ES,Towers with Radar,465,78,84,5,632,0,24,38,2,64,465,102,122,7,696,0,0,0,696
10/18/2008,FLL,FL,ASO,ES,Towers with Radar,404,70,65,1,540,0,14,34,0,48,404,84,99,1,588,0,0,0,588
10/19/2008,FLL,FL,ASO,ES,Towers with Radar,440,76,64,4,584,0,14,37,4,55,440,90,101,8,639,0,0,0,639
10/20/2008,FLL,FL,ASO,ES,Towers with Radar,392,72,64,3,531,0,11,31,1,43,392,83,95,4,574,0,0,0,574
10/21/2008,FLL,FL,ASO,ES,Towers with Radar,404,90,70,2,566,1,15,46,2,64,405,105,116,4,630,0,0,0,630
10/22/2008,FLL,FL,ASO,ES,Towers with Radar,408,92,79,0,579,0,21,42,0,63,408,113,121,0,642,0,0,0,642
10/23/2008,FLL,FL,ASO,ES,Towers with Radar,453,92,77,0,622,1,5,39,7,52,454,97,116,7,674,0,0,0,674
10/24/2008,FLL,FL,ASO,ES,Towers with Radar,461,88,94,0,643,0,14,25,0,39,461,102,119,0,682,0,0,0,682
10/25/2008,FLL,FL,ASO,ES,Towers with Radar,402,71,47,0,520,0,13,35,0,48,402,84,82,0,568,0,0,0,568
10/26/2008,FLL,FL,ASO,ES,Towers with Radar,435,75,87,0,597,1,10,27,0,38,436,85,114,0,635,0,0,0,635
10/27/2008,FLL,FL,ASO,ES,Towers with Radar,442,87,73,1,603,0,26,57,0,83,442,113,130,1,686,0,0,0,686
10/28/2008,FLL,FL,ASO,ES,Towers with Radar,406,83,79,2,570,0,23,35,0,58,406,106,114,2,628,0,0,0,628
10/29/2008,FLL,FL,ASO,ES,Towers with Radar,416,95,98,6,615,0,21,70,2,93,416,116,168,8,708,0,0,0,708
10/30/2008,FLL,FL,ASO,ES,Towers with Radar,450,97,167,1,715,0,30,96,4,130,450,127,263,5,845,0,0,0,845
10/31/2008,FLL,FL,ASO,ES,Towers with Radar,466,107,140,2,715,0,23,61,0,84,466,130,201,2,799,0,0,0,799
11/01/2008,FLL,FL,ASO,ES,Towers with Radar,411,82,87,0,580,0,14,54,0,68,411,96,141,0,648,0,0,0,648
11/02/2008,FLL,FL,ASO,ES,Towers with Radar,482,91,126,3,702,0,17,32,2,51,482,108,158,5,753,0,0,0,753
11/03/2008,FLL,FL,ASO,ES,Towers with Radar,493,90,90,3,676,0,30,65,0,95,493,120,155,3,771,0,0,0,771
11/04/2008,FLL,FL,ASO,ES,Towers with Radar,462,97,99,0,658,0,9,39,1,49,462,106,138,1,707,0,0,0,707
11/05/2008,FLL,FL,ASO,ES,Towers with Radar,461,88,65,2,616,0,21,65,2,88,461,109,130,4,704,0,0,0,704
11/06/2008,FLL,FL,ASO,ES,Towers with Radar,500,93,89,4,686,0,22,67,0,89,500,115,156,4,775,0,0,0,775
11/07/2008,FLL,FL,ASO,ES,Towers with Radar,504,106,84,0,694,0,33,52,1,86,504,139,136,1,780,0,0,0,780
11/08/2008,FLL,FL,ASO,ES,Towers with Radar,467,79,57,0,603,0,18,40,0,58,467,97,97,0,661,0,0,0,661
11/09/2008,FLL,FL,ASO,ES,Towers with Radar,481,98,76,0,655,0,21,64,2,87,481,119,140,2,742,0,0,0,742
11/10/2008,FLL,FL,ASO,ES,Towers with Radar,498,84,81,0,663,0,35,45,2,82,498,119,126,2,745,0,0,0,745
11/11/2008,FLL,FL,ASO,ES,Towers with Radar,450,94,72,0,616,0,14,50,0,64,450,108,122,0,680,0,0,0,680
11/12/2008,FLL,FL,ASO,ES,Towers with Radar,462,82,63,2,609,0,23,37,0,60,462,105,100,2,669,0,0,0,669
11/13/2008,FLL,FL,ASO,ES,Towers with Radar,500,90,95,2,687,0,19,70,4,93,500,109,165,6,780,0,0,0,780
11/14/2008,FLL,FL,ASO,ES,Towers with Radar,504,93,75,7,679,0,21,70,4,95,504,114,145,11,774,0,0,0,774
11/15/2008,FLL,FL,ASO,ES,Towers with Radar,454,99,64,0,617,0,12,33,0,45,454,111,97,0,662,0,0,0,662
11/16/2008,FLL,FL,ASO,ES,Towers with Radar,485,91,77,1,654,0,12,72,1,85,485,103,149,2,739,0,0,0,739
11/17/2008,FLL,FL,ASO,ES,Towers with Radar,500,92,77,4,673,0,30,59,0,89,500,122,136,4,762,0,0,0,762
11/18/2008,FLL,FL,ASO,ES,Towers with Radar,471,103,72,0,646,0,26,44,6,76,471,129,116,6,722,0,0,0,722
11/19/2008,FLL,FL,ASO,ES,Towers with Radar,477,97,105,1,680,0,13,74,0,87,477,110,179,1,767,0,0,0,767
11/20/2008,FLL,FL,ASO,ES,Towers with Radar,533,93,85,1,712,0,14,51,12,77,533,107,136,13,789,0,0,0,789
11/21/2008,FLL,FL,ASO,ES,Towers with Radar,536,102,78,4,720,0,20,59,0,79,536,122,137,4,799,0,0,0,799
11/22/2008,FLL,FL,ASO,ES,Towers with Radar,499,109,65,0,673,0,16,47,0,63,499,125,112,0,736,0,0,0,736
11/23/2008,FLL,FL,ASO,ES,Towers with Radar,521,88,54,2,665,0,12,47,0,59,521,100,101,2,724,0,0,0,724
11/24/2008,FLL,FL,ASO,ES,Towers with Radar,514,79,73,0,666,0,22,58,0,80,514,101,131,0,746,0,0,0,746
11/25/2008,FLL,FL,ASO,ES,Towers with Radar,535,118,91,0,744,0,25,79,1,105,535,143,170,1,849,0,0,0,849
11/26/2008,FLL,FL,ASO,ES,Towers with Radar,545,108,106,0,759,0,19,61,0,80,545,127,167,0,839,0,0,0,839
11/27/2008,FLL,FL,ASO,ES,Towers with Radar,422,61,36,0,519,1,10,29,0,40,423,71,65,0,559,0,0,0,559
11/28/2008,FLL,FL,ASO,ES,Towers with Radar,475,83,49,0,607,0,17,50,2,69,475,100,99,2,676,0,0,0,676
11/29/2008,FLL,FL,ASO,ES,Towers with Radar,520,105,68,0,693,0,19,37,2,58,520,124,105,2,751,0,0,0,751
11/30/2008,FLL,FL,ASO,ES,Towers with Radar,504,115,129,0,748,1,23,29,0,53,505,138,158,0,801,0,0,0,801
12/01/2008,FLL,FL,ASO,ES,Towers with Radar,549,109,103,2,763,0,13,23,0,36,549,122,126,2,799,0,0,0,799
12/02/2008,FLL,FL,ASO,ES,Towers with Radar,528,91,80,2,701,0,14,60,0,74,528,105,140,2,775,0,0,0,775
12/03/2008,FLL,FL,ASO,ES,Towers with Radar,487,90,86,2,665,0,17,53,0,70,487,107,139,2,735,0,0,0,735
12/04/2008,FLL,FL,ASO,ES,Towers with Radar,502,95,101,4,702,0,15,64,3,82,502,110,165,7,784,0,0,0,784
12/05/2008,FLL,FL,ASO,ES,Towers with Radar,508,85,82,0,675,0,22,54,6,82,508,107,136,6,757,0,0,0,757
12/06/2008,FLL,FL,ASO,ES,Towers with Radar,462,81,74,4,621,0,15,37,0,52,462,96,111,4,673,0,0,0,673
12/07/2008,FLL,FL,ASO,ES,Towers with Radar,471,105,73,1,650,0,11,36,0,47,471,116,109,1,697,0,0,0,697
12/08/2008,FLL,FL,ASO,ES,Towers with Radar,492,78,69,1,640,0,23,41,3,67,492,101,110,4,707,0,0,0,707
12/09/2008,FLL,FL,ASO,ES,Towers with Radar,461,84,84,1,630,0,30,39,0,69,461,114,123,1,699,0,0,0,699
12/10/2008,FLL,FL,ASO,ES,Towers with Radar,464,87,79,0,630,0,21,61,3,85,464,108,140,3,715,0,0,0,715
12/11/2008,FLL,FL,ASO,ES,Towers with Radar,506,94,77,1,678,0,12,32,7,51,506,106,109,8,729,0,0,0,729
12/12/2008,FLL,FL,ASO,ES,Towers with Radar,512,90,93,0,695,0,26,72,0,98,512,116,165,0,793,0,0,0,793
12/13/2008,FLL,FL,ASO,ES,Towers with Radar,463,98,68,0,629,1,15,56,12,84,464,113,124,12,713,0,0,0,713
12/14/2008,FLL,FL,ASO,ES,Towers with Radar,481,98,71,2,652,1,13,46,2,62,482,111,117,4,714,0,0,0,714
12/15/2008,FLL,FL,ASO,ES,Towers with Radar,493,95,89,2,679,0,20,58,1,79,493,115,147,3,758,0,0,0,758
12/16/2008,FLL,FL,ASO,ES,Towers with Radar,470,84,98,1,653,0,18,61,0,79,470,102,159,1,732,0,0,0,732
12/17/2008,FLL,FL,ASO,ES,Towers with Radar,506,106,98,2,712,0,21,57,0,78,506,127,155,2,790,0,0,0,790
12/18/2008,FLL,FL,ASO,ES,Towers with Radar,564,116,98,2,780,0,25,94,0,119,564,141,192,2,899,0,0,0,899
12/19/2008,FLL,FL,ASO,ES,Towers with Radar,556,112,109,6,783,0,32,56,2,90,556,144,165,8,873,0,0,0,873
12/20/2008,FLL,FL,ASO,ES,Towers with Radar,551,134,100,0,785,0,15,56,2,73,551,149,156,2,858,0,0,0,858
12/21/2008,FLL,FL,ASO,ES,Towers with Radar,561,108,68,4,741,0,19,32,2,53,561,127,100,6,794,0,0,0,794
12/22/2008,FLL,FL,ASO,ES,Towers with Radar,575,99,116,0,790,0,20,47,1,68,575,119,163,1,858,0,0,0,858
12/23/2008,FLL,FL,ASO,ES,Towers with Radar,586,114,83,2,785,0,24,54,0,78,586,138,137,2,863,0,0,0,863
12/24/2008,FLL,FL,ASO,ES,Towers with Radar,539,100,63,0,702,0,16,47,0,63,539,116,110,0,765,0,0,0,765
12/25/2008,FLL,FL,ASO,ES,Towers with Radar,536,81,27,0,644,0,0,16,0,16,536,81,43,0,660,0,0,0,660
12/26/2008,FLL,FL,ASO,ES,Towers with Radar,570,123,138,0,831,0,35,59,0,94,570,158,197,0,925,0,0,0,925
12/27/2008,FLL,FL,ASO,ES,Towers with Radar,559,146,146,0,851,0,20,57,0,77,559,166,203,0,928,0,0,0,928
12/28/2008,FLL,FL,ASO,ES,Towers with Radar,562,134,104,0,800,0,31,40,0,71,562,165,144,0,871,0,0,0,871
12/29/2008,FLL,FL,ASO,ES,Towers with Radar,592,114,105,0,811,0,22,42,0,64,592,136,147,0,875,0,0,0,875
12/30/2008,FLL,FL,ASO,ES,Towers with Radar,572,113,84,0,769,0,24,81,0,105,572,137,165,0,874,0,0,0,874
12/31/2008,FLL,FL,ASO,ES,Towers with Radar,531,103,71,0,705,0,29,55,1,85,531,132,126,1,790,0,0,0,790
01/01/2009,FLL,FL,ASO,ES,Towers with Radar,540,93,81,0,714,0,26,29,0,55,540,119,110,0,769,0,0,0,769
01/02/2009,FLL,FL,ASO,ES,Towers with Radar,593,116,122,1,832,0,29,73,0,102,593,145,195,1,934,0,0,0,934
01/03/2009,FLL,FL,ASO,ES,Towers with Radar,569,129,196,1,895,0,33,81,1,115,569,162,277,2,1010,0,0,0,1010
01/04/2009,FLL,FL,ASO,ES,Towers with Radar,573,135,195,0,903,0,33,64,0,97,573,168,259,0,1000,0,0,0,1000
01/05/2009,FLL,FL,ASO,ES,Towers with Radar,539,102,103,1,745,0,29,65,0,94,539,131,168,1,839,0,0,0,839
01/06/2009,FLL,FL,ASO,ES,Towers with Radar,508,103,100,0,711,0,18,56,0,74,508,121,156,0,785,0,0,0,785
01/07/2009,FLL,FL,ASO,ES,Towers with Radar,495,111,112,0,718,0,15,47,0,62,495,126,159,0,780,0,0,0,780
01/08/2009,FLL,FL,ASO,ES,Towers with Radar,546,96,133,2,777,0,20,86,0,106,546,116,219,2,883,0,0,0,883
01/09/2009,FLL,FL,ASO,ES,Towers with Radar,539,106,145,0,790,0,18,76,4,98,539,124,221,4,888,0,0,0,888
01/10/2009,FLL,FL,ASO,ES,Towers with Radar,500,111,84,0,695,0,9,29,0,38,500,120,113,0,733,0,0,0,733
01/11/2009,FLL,FL,ASO,ES,Towers with Radar,510,82,94,2,688,0,12,39,0,51,510,94,133,2,739,0,0,0,739
01/12/2009,FLL,FL,ASO,ES,Towers with Radar,515,79,70,2,666,0,21,33,3,57,515,100,103,5,723,0,0,0,723
01/13/2009,FLL,FL,ASO,ES,Towers with Radar,489,79,88,1,657,0,7,43,0,50,489,86,131,1,707,0,0,0,707
01/14/2009,FLL,FL,ASO,ES,Towers with Radar,496,84,74,1,655,0,19,72,0,91,496,103,146,1,746,0,0,0,746
01/15/2009,FLL,FL,ASO,ES,Towers with Radar,529,96,103,0,728,0,20,60,2,82,529,116,163,2,810,0,0,0,810
01/16/2009,FLL,FL,ASO,ES,Towers with Radar,517,107,110,0,734,0,28,45,0,73,517,135,155,0,807,0,0,0,807
01/17/2009,FLL,FL,ASO,ES,Towers with Radar,504,85,61,0,650,0,9,36,0,45,504,94,97,0,695,0,0,0,695
01/18/2009,FLL,FL,ASO,ES,Towers with Radar,511,84,95,0,690,0,14,41,0,55,511,98,136,0,745,0,0,0,745
01/19/2009,FLL,FL,ASO,ES,Towers with Radar,512,99,76,1,688,0,23,52,0,75,512,122,128,1,763,0,0,0,763
01/20/2009,FLL,FL,ASO,ES,Towers with Radar,500,91,82,0,673,0,17,35,0,52,500,108,117,0,725,0,0,0,725
01/21/2009,FLL,FL,ASO,ES,Towers with Radar,498,94,94,0,686,0,27,52,4,83,498,121,146,4,769,0,0,0,769
01/22/2009,FLL,FL,ASO,ES,Towers with Radar,530,109,88,1,728,0,22,69,1,92,530,131,157,2,820,0,0,0,820
01/23/2009,FLL,FL,ASO,ES,Towers with Radar,521,92,95,2,710,0,23,72,0,95,521,115,167,2,805,0,0,0,805
01/24/2009,FLL,FL,ASO,ES,Towers with Radar,493,92,52,0,637,0,8,52,1,61,493,100,104,1,698,0,0,0,698
01/25/2009,FLL,FL,ASO,ES,Towers with Radar,505,102,89,2,698,0,14,38,0,52,505,116,127,2,750,0,0,0,750
01/26/2009,FLL,FL,ASO,ES,Towers with Radar,508,86,70,0,664,0,19,52,0,71,508,105,122,0,735,0,0,0,735
01/27/2009,FLL,FL,ASO,ES,Towers with Radar,484,83,70,1,638,0,19,56,1,76,484,102,126,2,714,0,0,0,714
01/28/2009,FLL,FL,ASO,ES,Towers with Radar,472,91,79,0,642,0,14,44,0,58,472,105,123,0,700,0,0,0,700
01/29/2009,FLL,FL,ASO,ES,Towers with Radar,536,96,102,1,735,1,17,50,0,68,537,113,152,1,803,0,0,0,803
01/30/2009,FLL,FL,ASO,ES,Towers with Radar,521,109,106,2,738,0,16,33,0,49,521,125,139,2,787,0,0,0,787
01/31/2009,FLL,FL,ASO,ES,Towers with Radar,494,91,73,2,660,0,13,44,0,57,494,104,117,2,717,0,0,0,717
02/01/2009,FLL,FL,ASO,ES,Towers with Radar,520,101,93,1,715,0,5,33,0,38,520,106,126,1,753,0,0,0,753
02/02/2009,FLL,FL,ASO,ES,Towers with Radar,512,97,81,3,693,0,19,43,0,62,512,116,124,3,755,0,0,0,755
02/03/2009,FLL,FL,ASO,ES,Towers with Radar,495,90,94,4,683,0,14,46,0,60,495,104,140,4,743,0,0,0,743
02/04/2009,FLL,FL,ASO,ES,Towers with Radar,511,84,91,0,686,0,15,57,0,72,511,99,148,0,758,0,0,0,758
02/05/2009,FLL,FL,ASO,ES,Towers with Radar,534,104,91,0,729,0,21,40,1,62,534,125,131,1,791,0,0,0,791
02/06/2009,FLL,FL,ASO,ES,Towers with Radar,524,110,91,2,727,0,15,46,1,62,524,125,137,3,789,0,0,0,789
02/07/2009,FLL,FL,ASO,ES,Towers with Radar,499,91,72,0,662,0,3,42,0,45,499,94,114,0,707,0,0,0,707
02/08/2009,FLL,FL,ASO,ES,Towers with Radar,525,97,77,1,700,1,11,39,0,51,526,108,116,1,751,0,0,0,751
02/09/2009,FLL,FL,ASO,ES,Towers with Radar,519,92,89,2,702,0,24,41,2,67,519,116,130,4,769,0,0,0,769
02/10/2009,FLL,FL,ASO,ES,Towers with Radar,495,102,74,1,672,0,19,48,0,67,495,121,122,1,739,0,0,0,739
02/11/2009,FLL,FL,ASO,ES,Towers with Radar,508,105,94,0,707,0,20,43,2,65,508,125,137,2,772,0,0,0,772
02/12/2009,FLL,FL,ASO,ES,Towers with Radar,553,132,111,0,796,0,17,65,0,82,553,149,176,0,878,0,0,0,878
02/13/2009,FLL,FL,ASO,ES,Towers with Radar,556,153,132,0,841,0,20,46,0,66,556,173,178,0,907,0,0,0,907
02/14/2009,FLL,FL,ASO,ES,Towers with Radar,539,120,77,1,737,0,9,19,0,28,539,129,96,1,765,0,0,0,765
02/15/2009,FLL,FL,ASO,ES,Towers with Radar,554,104,76,1,735,0,12,28,0,40,554,116,104,1,775,0,0,0,775
02/16/2009,FLL,FL,ASO,ES,Towers with Radar,546,133,120,3,802,0,17,40,0,57,546,150,160,3,859,0,0,0,859
02/17/2009,FLL,FL,ASO,ES,Towers with Radar,542,113,101,4,760,1,24,46,4,75,543,137,147,8,835,0,0,0,835
02/18/2009,FLL,FL,ASO,ES,Towers with Radar,534,98,113,1,746,0,21,58,0,79,534,119,171,1,825,0,0,0,825
02/19/2009,FLL,FL,ASO,ES,Towers with Radar,560,101,99,1,761,0,19,59,3,81,560,120,158,4,842,0,0,0,842
02/20/2009,FLL,FL,ASO,ES,Towers with Radar,543,104,111,1,759,0,25,63,2,90,543,129,174,3,849,0,0,0,849
02/21/2009,FLL,FL,ASO,ES,Towers with Radar,532,93,88,2,715,0,20,49,2,71,532,113,137,4,786,0,0,0,786
02/22/2009,FLL,FL,ASO,ES,Towers with Radar,545,99,92,3,739,1,14,51,1,67,546,113,143,4,806,0,0,0,806
02/23/2009,FLL,FL,ASO,ES,Towers with Radar,542,102,78,1,723,0,26,44,0,70,542,128,122,1,793,0,0,0,793
02/24/2009,FLL,FL,ASO,ES,Towers with Radar,543,106,91,1,741,0,15,52,0,67,543,121,143,1,808,0,0,0,808
02/25/2009,FLL,FL,ASO,ES,Towers with Radar,535,100,98,3,736,0,17,66,0,83,535,117,164,3,819,0,0,0,819
02/26/2009,FLL,FL,ASO,ES,Towers with Radar,552,102,95,9,758,0,20,44,0,64,552,122,139,9,822,0,0,0,822
02/27/2009,FLL,FL,ASO,ES,Towers with Radar,545,104,90,5,744,0,19,58,9,86,545,123,148,14,830,0,0,0,830
02/28/2009,FLL,FL,ASO,ES,Towers with Radar,528,90,66,2,686,0,17,74,1,92,528,107,140,3,778,0,0,0,778
03/01/2009,FLL,FL,ASO,ES,Towers with Radar,500,88,96,5,689,1,25,18,1,45,501,113,114,6,734,0,0,0,734
03/02/2009,FLL,FL,ASO,ES,Towers with Radar,507,84,62,0,653,0,31,34,0,65,507,115,96,0,718,0,0,0,718
03/03/2009,FLL,FL,ASO,ES,Towers with Radar,558,96,88,3,745,0,21,64,0,85,558,117,152,3,830,0,0,0,830
03/04/2009,FLL,FL,ASO,ES,Towers with Radar,540,107,96,1,744,0,19,44,0,63,540,126,140,1,807,0,0,0,807
03/05/2009,FLL,FL,ASO,ES,Towers with Radar,564,103,95,3,765,0,28,60,4,92,564,131,155,7,857,0,0,0,857
03/06/2009,FLL,FL,ASO,ES,Towers with Radar,561,93,95,0,749,0,24,47,0,71,561,117,142,0,820,0,0,0,820
03/07/2009,FLL,FL,ASO,ES,Towers with Radar,566,87,70,0,723,0,24,39,0,63,566,111,109,0,786,0,0,0,786
03/08/2009,FLL,FL,ASO,ES,Towers with Radar,550,98,79,1,728,0,18,54,0,72,550,116,133,1,800,0,0,0,800
03/09/2009,FLL,FL,ASO,ES,Towers with Radar,553,98,61,0,712,0,28,21,0,49,553,126,82,0,761,0,0,0,761
03/10/2009,FLL,FL,ASO,ES,Towers with Radar,550,89,90,0,729,0,30,57,0,87,550,119,147,0,816,0,0,0,816
03/11/2009,FLL,FL,ASO,ES,Towers with Radar,547,93,90,0,730,0,16,62,0,78,547,109,152,0,808,0,0,0,808
03/12/2009,FLL,FL,ASO,ES,Towers with Radar,571,107,109,0,787,1,27,77,3,108,572,134,186,3,895,0,0,0,895
03/13/2009,FLL,FL,ASO,ES,Towers with Radar,562,116,127,4,809,0,38,73,0,111,562,154,200,4,920,0,0,0,920
03/14/2009,FLL,FL,ASO,ES,Towers with Radar,570,127,119,0,816,0,35,62,0,97,570,162,181,0,913,0,0,0,913
03/15/2009,FLL,FL,ASO,ES,Towers with Radar,555,112,127,3,797,0,28,33,1,62,555,140,160,4,859,0,0,0,859
03/16/2009,FLL,FL,ASO,ES,Towers with Radar,551,91,81,3,726,0,33,33,0,66,551,124,114,3,792,0,0,0,792
03/17/2009,FLL,FL,ASO,ES,Towers with Radar,563,95,65,0,723,0,32,49,0,81,563,127,114,0,804,0,0,0,804
03/18/2009,FLL,FL,ASO,ES,Towers with Radar,539,125,89,5,758,0,5,26,0,31,539,130,115,5,789,0,0,0,789
03/19/2009,FLL,FL,ASO,ES,Towers with Radar,567,102,106,6,781,0,20,52,3,75,567,122,158,9,856,0,0,0,856
03/20/2009,FLL,FL,ASO,ES,Towers with Radar,571,105,111,1,788,0,33,69,5,107,571,138,180,6,895,0,0,0,895
03/21/2009,FLL,FL,ASO,ES,Towers with Radar,566,122,120,2,810,0,20,42,0,62,566,142,162,2,872,0,0,0,872
03/22/2009,FLL,FL,ASO,ES,Towers with Radar,559,109,115,0,783,0,28,41,0,69,559,137,156,0,852,0,0,0,852
03/23/2009,FLL,FL,ASO,ES,Towers with Radar,555,98,69,2,724,0,33,31,0,64,555,131,100,2,788,0,0,0,788
03/24/2009,FLL,FL,ASO,ES,Towers with Radar,544,85,80,0,709,0,28,52,2,82,544,113,132,2,791,0,0,0,791
03/25/2009,FLL,FL,ASO,ES,Towers with Radar,548,100,90,0,738,0,23,56,0,79,548,123,146,0,817,0,0,0,817
03/26/2009,FLL,FL,ASO,ES,Towers with Radar,557,101,91,0,749,0,28,35,0,63,557,129,126,0,812,0,0,0,812
03/27/2009,FLL,FL,ASO,ES,Towers with Radar,562,122,85,2,771,0,27,50,0,77,562,149,135,2,848,0,0,0,848
03/28/2009,FLL,FL,ASO,ES,Towers with Radar,566,142,80,3,791,0,13,50,0,63,566,155,130,3,854,0,0,0,854
03/29/2009,FLL,FL,ASO,ES,Towers with Radar,542,102,88,0,732,1,24,18,0,43,543,126,106,0,775,0,0,0,775
03/30/2009,FLL,FL,ASO,ES,Towers with Radar,563,98,73,0,734,0,24,43,6,73,563,122,116,6,807,0,0,0,807
03/31/2009,FLL,FL,ASO,ES,Towers with Radar,551,104,71,0,726,0,30,51,0,81,551,134,122,0,807,0,0,0,807
04/01/2009,FLL,FL,ASO,ES,Towers with Radar,533,107,70,2,712,0,20,39,1,60,533,127,109,3,772,0,0,0,772
04/02/2009,FLL,FL,ASO,ES,Towers with Radar,542,103,90,0,735,0,25,44,1,70,542,128,134,1,805,0,0,0,805
04/03/2009,FLL,FL,ASO,ES,Towers with Radar,550,128,108,1,787,0,37,40,1,78,550,165,148,2,865,0,0,0,865
04/04/2009,FLL,FL,ASO,ES,Towers with Radar,563,123,116,3,805,0,27,50,2,79,563,150,166,5,884,0,0,0,884
04/05/2009,FLL,FL,ASO,ES,Towers with Radar,551,104,90,2,747,1,24,39,0,64,552,128,129,2,811,0,0,0,811
04/06/2009,FLL,FL,ASO,ES,Towers with Radar,526,111,79,1,717,0,32,43,0,75,526,143,122,1,792,0,0,0,792
04/07/2009,FLL,FL,ASO,ES,Towers with Radar,540,97,82,0,719,1,24,35,2,62,541,121,117,2,781,0,0,0,781
04/08/2009,FLL,FL,ASO,ES,Towers with Radar,537,102,84,0,723,0,38,50,0,88,537,140,134,0,811,0,0,0,811
04/09/2009,FLL,FL,ASO,ES,Towers with Radar,550,117,111,3,781,0,28,75,0,103,550,145,186,3,884,0,0,0,884
04/10/2009,FLL,FL,ASO,ES,Towers with Radar,550,109,77,0,736,0,27,38,0,65,550,136,115,0,801,0,0,0,801
04/11/2009,FLL,FL,ASO,ES,Towers with Radar,548,119,77,1,745,0,29,34,0,63,548,148,111,1,808,0,0,0,808
04/12/2009,FLL,FL,ASO,ES,Towers with Radar,539,115,81,0,735,1,22,28,1,52,540,137,109,1,787,0,0,0,787
04/13/2009,FLL,FL,ASO,ES,Towers with Radar,525,114,119,1,759,1,26,47,0,74,526,140,166,1,833,0,0,0,833
04/14/2009,FLL,FL,ASO,ES,Towers with Radar,525,108,84,2,719,0,26,37,0,63,525,134,121,2,782,0,0,0,782
04/15/2009,FLL,FL,ASO,ES,Towers with Radar,524,111,89,2,726,0,15,32,0,47,524,126,121,2,773,0,0,0,773
04/16/2009,FLL,FL,ASO,ES,Towers with Radar,535,124,72,2,733,0,25,50,0,75,535,149,122,2,808,0,0,0,808
04/17/2009,FLL,FL,ASO,ES,Towers with Radar,524,109,74,5,712,0,29,38,0,67,524,138,112,5,779,0,0,0,779
04/18/2009,FLL,FL,ASO,ES,Towers with Radar,535,110,68,0,713,0,24,45,0,69,535,134,113,0,782,0,0,0,782
04/19/2009,FLL,FL,ASO,ES,Towers with Radar,527,108,80,0,715,1,17,50,3,71,528,125,130,3,786,0,0,0,786
04/20/2009,FLL,FL,ASO,ES,Towers with Radar,503,112,95,0,710,0,21,30,0,51,503,133,125,0,761,0,0,0,761
04/21/2009,FLL,FL,ASO,ES,Towers with Radar,512,97,64,2,675,0,18,33,0,51,512,115,97,2,726,0,0,0,726
04/22/2009,FLL,FL,ASO,ES,Towers with Radar,502,95,75,4,676,0,24,33,0,57,502,119,108,4,733,0,0,0,733
04/23/2009,FLL,FL,ASO,ES,Towers with Radar,517,94,109,2,722,1,27,52,1,81,518,121,161,3,803,0,0,0,803
04/24/2009,FLL,FL,ASO,ES,Towers with Radar,517,100,84,3,704,0,20,39,2,61,517,120,123,5,765,0,0,0,765
04/25/2009,FLL,FL,ASO,ES,Towers with Radar,515,92,70,2,679,0,19,33,2,54,515,111,103,4,733,0,0,0,733
04/26/2009,FLL,FL,ASO,ES,Towers with Radar,504,102,73,0,679,1,27,31,2,61,505,129,104,2,740,0,0,0,740
04/27/2009,FLL,FL,ASO,ES,Towers with Radar,501,99,70,2,672,0,23,38,0,61,501,122,108,2,733,0,0,0,733
04/28/2009,FLL,FL,ASO,ES,Towers with Radar,498,103,71,0,672,0,22,35,0,57,498,125,106,0,729,0,0,0,729
04/29/2009,FLL,FL,ASO,ES,Towers with Radar,494,94,95,1,684,0,14,45,0,59,494,108,140,1,743,0,0,0,743
04/30/2009,FLL,FL,ASO,ES,Towers with Radar,512,103,96,1,712,1,35,52,0,88,513,138,148,1,800,0,0,0,800
05/01/2009,FLL,FL,ASO,ES,Towers with Radar,494,91,59,2,646,0,30,71,1,102,494,121,130,3,748,0,0,0,748
05/02/2009,FLL,FL,ASO,ES,Towers with Radar,501,87,42,4,634,0,20,30,0,50,501,107,72,4,684,0,0,0,684
05/03/2009,FLL,FL,ASO,ES,Towers with Radar,494,90,73,1,658,0,29,32,0,61,494,119,105,1,719,0,0,0,719
05/04/2009,FLL,FL,ASO,ES,Towers with Radar,492,91,65,0,648,0,27,32,1,60,492,118,97,1,708,0,0,0,708
05/05/2009,FLL,FL,ASO,ES,Towers with Radar,483,89,77,0,649,0,20,22,0,42,483,109,99,0,691,0,0,0,691
05/06/2009,FLL,FL,ASO,ES,Towers with Radar,477,99,71,4,651,0,20,48,0,68,477,119,119,4,719,0,0,0,719
05/07/2009,FLL,FL,ASO,ES,Towers with Radar,505,106,67,0,678,0,28,39,1,68,505,134,106,1,746,0,0,0,746
05/08/2009,FLL,FL,ASO,ES,Towers with Radar,506,96,70,0,672,0,23,46,0,69,506,119,116,0,741,0,0,0,741
05/09/2009,FLL,FL,ASO,ES,Towers with Radar,474,101,53,2,630,0,21,22,2,45,474,122,75,4,675,0,0,0,675
05/10/2009,FLL,FL,ASO,ES,Towers with Radar,457,97,47,1,602,0,30,28,2,60,457,127,75,3,662,0,0,0,662
05/11/2009,FLL,FL,ASO,ES,Towers with Radar,473,65,56,1,595,0,32,29,0,61,473,97,85,1,656,0,0,0,656
05/12/2009,FLL,FL,ASO,ES,Towers with Radar,467,88,49,1,605,0,20,35,1,56,467,108,84,2,661,0,0,0,661
05/13/2009,FLL,FL,ASO,ES,Towers with Radar,453,92,67,4,616,0,20,30,1,51,453,112,97,5,667,0,0,0,667
05/14/2009,FLL,FL,ASO,ES,Towers with Radar,488,87,77,2,654,0,26,35,0,61,488,113,112,2,715,0,0,0,715
05/15/2009,FLL,FL,ASO,ES,Towers with Radar,483,87,67,1,638,0,26,37,4,67,483,113,104,5,705,0,0,0,705
05/16/2009,FLL,FL,ASO,ES,Towers with Radar,458,98,42,5,603,0,18,21,0,39,458,116,63,5,642,0,0,0,642
05/17/2009,FLL,FL,ASO,ES,Towers with Radar,457,92,81,2,632,0,19,34,1,54,457,111,115,3,686,0,0,0,686
05/18/2009,FLL,FL,ASO,ES,Towers with Radar,483,95,79,0,657,0,18,36,2,56,483,113,115,2,713,0,0,0,713
05/19/2009,FLL,FL,ASO,ES,Towers with Radar,465,99,91,2,657,0,9,17,0,26,465,108,108,2,683,0,0,0,683
05/20/2009,FLL,FL,ASO,ES,Towers with Radar,468,100,80,3,651,0,21,39,0,60,468,121,119,3,711,0,0,0,711
05/21/2009,FLL,FL,ASO,ES,Towers with Radar,483,103,80,0,666,0,17,33,0,50,483,120,113,0,716,0,0,0,716
05/22/2009,FLL,FL,ASO,ES,Towers with Radar,492,114,68,0,674,0,36,48,0,84,492,150,116,0,758,0,0,0,758
05/23/2009,FLL,FL,ASO,ES,Towers with Radar,470,106,35,0,611,0,18,29,1,48,470,124,64,1,659,0,0,0,659
05/24/2009,FLL,FL,ASO,ES,Towers with Radar,433,92,38,2,565,0,20,15,1,36,433,112,53,3,601,0,0,0,601
05/25/2009,FLL,FL,ASO,ES,Towers with Radar,452,117,78,3,650,0,31,37,1,69,452,148,115,4,719,0,0,0,719
05/26/2009,FLL,FL,ASO,ES,Towers with Radar,453,89,69,4,615,0,20,42,1,63,453,109,111,5,678,0,0,0,678
05/27/2009,FLL,FL,ASO,ES,Towers with Radar,474,101,85,1,661,0,16,66,0,82,474,117,151,1,743,0,0,0,743
05/28/2009,FLL,FL,ASO,ES,Towers with Radar,487,104,76,0,667,0,14,47,0,61,487,118,123,0,728,0,0,0,728
05/29/2009,FLL,FL,ASO,ES,Towers with Radar,491,107,61,1,660,0,15,35,0,50,491,122,96,1,710,0,0,0,710
05/30/2009,FLL,FL,ASO,ES,Towers with Radar,474,96,48,1,619,0,24,39,0,63,474,120,87,1,682,0,0,0,682
05/31/2009,FLL,FL,ASO,ES,Towers with Radar,454,92,51,3,600,0,16,30,0,46,454,108,81,3,646,0,0,0,646
06/01/2009,FLL,FL,ASO,ES,Towers with Radar,472,89,53,1,615,0,18,31,0,49,472,107,84,1,664,0,0,0,664
06/02/2009,FLL,FL,ASO,ES,Towers with Radar,463,102,59,1,625,0,9,42,0,51,463,111,101,1,676,0,0,0,676
06/03/2009,FLL,FL,ASO,ES,Towers with Radar,449,89,87,2,627,0,13,40,0,53,449,102,127,2,680,0,0,0,680
06/04/2009,FLL,FL,ASO,ES,Towers with Radar,495,96,73,1,665,0,17,47,0,64,495,113,120,1,729,0,0,0,729
06/05/2009,FLL,FL,ASO,ES,Towers with Radar,490,101,69,1,661,0,13,30,0,43,490,114,99,1,704,0,0,0,704
06/06/2009,FLL,FL,ASO,ES,Towers with Radar,470,108,50,0,628,0,18,27,0,45,470,126,77,0,673,0,0,0,673
06/07/2009,FLL,FL,ASO,ES,Towers with Radar,459,91,52,0,602,0,16,41,1,58,459,107,93,1,660,0,0,0,660
06/08/2009,FLL,FL,ASO,ES,Towers with Radar,472,94,58,0,624,0,16,48,0,64,472,110,106,0,688,0,0,0,688
06/09/2009,FLL,FL,ASO,ES,Towers with Radar,441,98,71,0,610,0,22,45,1,68,441,120,116,1,678,0,0,0,678
06/10/2009,FLL,FL,ASO,ES,Towers with Radar,470,97,73,0,640,0,21,49,4,74,470,118,122,4,714,0,0,0,714
06/11/2009,FLL,FL,ASO,ES,Towers with Radar,468,92,61,0,621,0,16,56,1,73,468,108,117,1,694,0,0,0,694
06/12/2009,FLL,FL,ASO,ES,Towers with Radar,486,100,79,1,666,0,23,48,0,71,486,123,127,1,737,0,0,0,737
06/13/2009,FLL,FL,ASO,ES,Towers with Radar,464,102,52,0,618,0,18,47,0,65,464,120,99,0,683,0,0,0,683
06/14/2009,FLL,FL,ASO,ES,Towers with Radar,459,89,66,1,615,0,20,36,0,56,459,109,102,1,671,0,0,0,671
06/15/2009,FLL,FL,ASO,ES,Towers with Radar,473,95,66,1,635,0,25,46,0,71,473,120,112,1,706,0,0,0,706
06/16/2009,FLL,FL,ASO,ES,Towers with Radar,477,90,75,0,642,0,11,47,0,58,477,101,122,0,700,0,0,0,700
06/17/2009,FLL,FL,ASO,ES,Towers with Radar,472,104,90,0,666,0,17,47,0,64,472,121,137,0,730,0,0,0,730
06/18/2009,FLL,FL,ASO,ES,Towers with Radar,475,92,79,2,648,1,38,60,0,99,476,130,139,2,747,0,0,0,747
06/19/2009,FLL,FL,ASO,ES,Towers with Radar,506,91,85,3,685,0,25,55,0,80,506,116,140,3,765,0,0,0,765
06/20/2009,FLL,FL,ASO,ES,Towers with Radar,467,98,58,2,625,0,30,32,0,62,467,128,90,2,687,0,0,0,687
06/21/2009,FLL,FL,ASO,ES,Towers with Radar,469,80,59,1,609,0,20,24,0,44,469,100,83,1,653,0,0,0,653
06/22/2009,FLL,FL,ASO,ES,Towers with Radar,483,92,55,1,631,0,24,39,0,63,483,116,94,1,694,0,0,0,694
06/23/2009,FLL,FL,ASO,ES,Towers with Radar,484,79,64,1,628,0,8,13,0,21,484,87,77,1,649,0,0,0,649
06/24/2009,FLL,FL,ASO,ES,Towers with Radar,494,86,65,0,645,0,20,50,1,71,494,106,115,1,716,0,0,0,716
06/25/2009,FLL,FL,ASO,ES,Towers with Radar,502,103,60,3,668,0,17,48,0,65,502,120,108,3,733,0,0,0,733
06/26/2009,FLL,FL,ASO,ES,Towers with Radar,489,85,63,3,640,0,21,42,0,63,489,106,105,3,703,0,0,0,703
06/27/2009,FLL,FL,ASO,ES,Towers with Radar,484,91,44,0,619,0,22,34,0,56,484,113,78,0,675,0,0,0,675
06/28/2009,FLL,FL,ASO,ES,Towers with Radar,481,74,78,0,633,0,18,22,0,40,481,92,100,0,673,0,0,0,673
06/29/2009,FLL,FL,ASO,ES,Towers with Radar,488,87,54,1,630,0,26,26,0,52,488,113,80,1,682,0,0,0,682
06/30/2009,FLL,FL,ASO,ES,Towers with Radar,481,91,50,0,622,0,9,28,0,37,481,100,78,0,659,0,0,0,659
07/01/2009,FLL,FL,ASO,ES,Towers with Radar,493,104,57,1,655,0,20,30,0,50,493,124,87,1,705,0,0,0,705
07/02/2009,FLL,FL,ASO,ES,Towers with Radar,514,93,83,0,690,0,25,30,0,55,514,118,113,0,745,0,0,0,745
07/03/2009,FLL,FL,ASO,ES,Towers with Radar,502,96,59,1,658,0,29,34,1,64,502,125,93,2,722,0,0,0,722
07/04/2009,FLL,FL,ASO,ES,Towers with Radar,441,79,40,1,561,0,19,12,0,31,441,98,52,1,592,0,0,0,592
07/05/2009,FLL,FL,ASO,ES,Towers with Radar,477,88,60,0,625,0,27,42,0,69,477,115,102,0,694,0,0,0,694
07/06/2009,FLL,FL,ASO,ES,Towers with Radar,498,96,47,0,641,0,27,39,0,66,498,123,86,0,707,0,0,0,707
07/07/2009,FLL,FL,ASO,ES,Towers with Radar,500,89,56,0,645,0,17,42,2,61,500,106,98,2,706,0,0,0,706
07/08/2009,FLL,FL,ASO,ES,Towers with Radar,497,75,52,0,624,0,15,47,2,64,497,90,99,2,688,0,0,0,688
07/09/2009,FLL,FL,ASO,ES,Towers with Radar,507,103,78,0,688,0,14,33,0,47,507,117,111,0,735,0,0,0,735
07/10/2009,FLL,FL,ASO,ES,Towers with Radar,507,91,59,1,658,0,12,41,1,54,507,103,100,2,712,0,0,0,712
07/11/2009,FLL,FL,ASO,ES,Towers with Radar,474,84,46,2,606,0,11,33,2,46,474,95,79,4,652,0,0,0,652
07/12/2009,FLL,FL,ASO,ES,Towers with Radar,480,92,56,0,628,0,10,45,3,58,480,102,101,3,686,0,0,0,686
07/13/2009,FLL,FL,ASO,ES,Towers with Radar,509,80,73,0,662,0,20,33,3,56,509,100,106,3,718,0,0,0,718
07/14/2009,FLL,FL,ASO,ES,Towers with Radar,496,89,53,0,638,0,12,43,1,56,496,101,96,1,694,0,0,0,694
07/15/2009,FLL,FL,ASO,ES,Towers with Radar,501,91,63,0,655,0,14,31,1,46,501,105,94,1,701,0,0,0,701
07/16/2009,FLL,FL,ASO,ES,Towers with Radar,503,86,57,0,646,0,24,36,0,60,503,110,93,0,706,0,0,0,706
07/17/2009,FLL,FL,ASO,ES,Towers with Radar,507,84,72,1,664,0,21,45,1,67,507,105,117,2,731,0,0,0,731
07/18/2009,FLL,FL,ASO,ES,Towers with Radar,489,96,50,1,636,0,25,33,2,60,489,121,83,3,696,0,0,0,696
07/19/2009,FLL,FL,ASO,ES,Towers with Radar,485,85,67,0,637,0,12,27,1,40,485,97,94,1,677,0,0,0,677
07/20/2009,FLL,FL,ASO,ES,Towers with Radar,494,78,57,0,629,0,12,15,3,30,494,90,72,3,659,0,0,0,659
07/21/2009,FLL,FL,ASO,ES,Towers with Radar,493,81,49,0,623,0,24,21,2,47,493,105,70,2,670,0,0,0,670
07/22/2009,FLL,FL,ASO,ES,Towers with Radar,501,90,51,0,642,0,21,35,1,57,501,111,86,1,699,0,0,0,699
07/23/2009,FLL,FL,ASO,ES,Towers with Radar,501,83,70,0,654,0,21,28,1,50,501,104,98,1,704,0,0,0,704
07/24/2009,FLL,FL,ASO,ES,Towers with Radar,510,96,78,2,686,0,38,61,2,101,510,134,139,4,787,0,0,0,787
07/25/2009,FLL,FL,ASO,ES,Towers with Radar,487,88,37,0,612,0,16,13,0,29,487,104,50,0,641,0,0,0,641
07/26/2009,FLL,FL,ASO,ES,Towers with Radar,465,82,54,0,601,0,12,22,0,34,465,94,76,0,635,0,0,0,635
07/27/2009,FLL,FL,ASO,ES,Towers with Radar,495,92,60,1,648,0,30,36,0,66,495,122,96,1,714,0,0,0,714
07/28/2009,FLL,FL,ASO,ES,Towers with Radar,504,88,59,0,651,0,19,37,0,56,504,107,96,0,707,0,0,0,707
07/29/2009,FLL,FL,ASO,ES,Towers with Radar,477,93,67,2,639,0,10,43,0,53,477,103,110,2,692,0,0,0,692
07/30/2009,FLL,FL,ASO,ES,Towers with Radar,505,90,82,0,677,0,16,20,0,36,505,106,102,0,713,0,0,0,713
07/31/2009,FLL,FL,ASO,ES,Towers with Radar,494,102,62,0,658,0,24,42,2,68,494,126,104,2,726,0,0,0,726
08/01/2009,FLL,FL,ASO,ES,Towers with Radar,478,110,71,0,659,0,20,46,1,67,478,130,117,1,726,0,0,0,726
08/02/2009,FLL,FL,ASO,ES,Towers with Radar,464,90,65,2,621,0,21,25,2,48,464,111,90,4,669,0,0,0,669
08/03/2009,FLL,FL,ASO,ES,Towers with Radar,504,87,68,0,659,0,25,22,0,47,504,112,90,0,706,0,0,0,706
08/04/2009,FLL,FL,ASO,ES,Towers with Radar,495,82,51,4,632,0,23,24,0,47,495,105,75,4,679,0,0,0,679
08/05/2009,FLL,FL,ASO,ES,Towers with Radar,485,93,70,0,648,0,22,27,1,50,485,115,97,1,698,0,0,0,698
08/06/2009,FLL,FL,ASO,ES,Towers with Radar,507,94,67,2,670,0,23,22,2,47,507,117,89,4,717,0,0,0,717
08/07/2009,FLL,FL,ASO,ES,Towers with Radar,510,96,70,0,676,0,22,46,1,69,510,118,116,1,745,0,0,0,745
08/08/2009,FLL,FL,ASO,ES,Towers with Radar,474,93,58,0,625,0,22,24,0,46,474,115,82,0,671,0,0,0,671
08/09/2009,FLL,FL,ASO,ES,Towers with Radar,469,92,71,5,637,0,29,22,0,51,469,121,93,5,688,0,0,0,688
08/10/2009,FLL,FL,ASO,ES,Towers with Radar,491,94,55,2,642,0,34,35,0,69,491,128,90,2,711,0,0,0,711
08/11/2009,FLL,FL,ASO,ES,Towers with Radar,500,86,80,0,666,0,17,38,2,57,500,103,118,2,723,0,0,0,723
08/12/2009,FLL,FL,ASO,ES,Towers with Radar,480,79,43,2,604,0,14,43,1,58,480,93,86,3,662,0,0,0,662
08/13/2009,FLL,FL,ASO,ES,Towers with Radar,516,91,73,1,681,0,18,46,0,64,516,109,119,1,745,0,0,0,745
08/14/2009,FLL,FL,ASO,ES,Towers with Radar,501,91,78,1,671,0,26,43,0,69,501,117,121,1,740,0,0,0,740
08/15/2009,FLL,FL,ASO,ES,Towers with Radar,473,86,59,0,618,0,16,20,0,36,473,102,79,0,654,0,0,0,654
08/16/2009,FLL,FL,ASO,ES,Towers with Radar,470,86,85,1,642,0,18,36,4,58,470,104,121,5,700,0,0,0,700
08/17/2009,FLL,FL,ASO,ES,Towers with Radar,477,87,51,1,616,0,24,39,0,63,477,111,90,1,679,0,0,0,679
08/18/2009,FLL,FL,ASO,ES,Towers with Radar,480,71,52,2,605,0,13,40,0,53,480,84,92,2,658,0,0,0,658
08/19/2009,FLL,FL,ASO,ES,Towers with Radar,469,80,54,1,604,0,18,27,4,49,469,98,81,5,653,0,0,0,653
08/20/2009,FLL,FL,ASO,ES,Towers with Radar,493,92,55,1,641,0,20,41,0,61,493,112,96,1,702,0,0,0,702
08/21/2009,FLL,FL,ASO,ES,Towers with Radar,477,84,47,1,609,0,24,54,0,78,477,108,101,1,687,0,0,0,687
08/22/2009,FLL,FL,ASO,ES,Towers with Radar,467,91,36,2,596,0,19,30,0,49,467,110,66,2,645,0,0,0,645
08/23/2009,FLL,FL,ASO,ES,Towers with Radar,468,77,61,0,606,0,16,33,0,49,468,93,94,0,655,0,0,0,655
08/24/2009,FLL,FL,ASO,ES,Towers with Radar,487,88,65,0,640,0,20,33,0,53,487,108,98,0,693,0,0,0,693
08/25/2009,FLL,FL,ASO,ES,Towers with Radar,470,76,67,2,615,0,15,29,6,50,470,91,96,8,665,0,0,0,665
08/26/2009,FLL,FL,ASO,ES,Towers with Radar,467,82,75,0,624,0,23,51,2,76,467,105,126,2,700,0,0,0,700
08/27/2009,FLL,FL,ASO,ES,Towers with Radar,487,79,67,0,633,1,19,39,0,59,488,98,106,0,692,0,0,0,692
08/28/2009,FLL,FL,ASO,ES,Towers with Radar,482,88,52,0,622,0,25,51,0,76,482,113,103,0,698,0,0,0,698
08/29/2009,FLL,FL,ASO,ES,Towers with Radar,453,91,52,0,596,0,21,23,0,44,453,112,75,0,640,0,0,0,640
08/30/2009,FLL,FL,ASO,ES,Towers with Radar,469,84,51,8,612,0,15,26,2,43,469,99,77,10,655,0,0,0,655
08/31/2009,FLL,FL,ASO,ES,Towers with Radar,472,87,57,0,616,0,21,31,0,52,472,108,88,0,668,0,0,0,668
09/01/2009,FLL,FL,ASO,ES,Towers with Radar,421,85,41,0,547,0,11,24,0,35,421,96,65,0,582,0,0,0,582
09/02/2009,FLL,FL,ASO,ES,Towers with Radar,428,86,39,1,554,0,14,30,9,53,428,100,69,10,607,0,0,0,607
09/03/2009,FLL,FL,ASO,ES,Towers with Radar,448,92,59,3,602,0,22,36,1,59,448,114,95,4,661,0,0,0,661
09/04/2009,FLL,FL,ASO,ES,Towers with Radar,473,91,67,1,632,0,19,34,4,57,473,110,101,5,689,0,0,0,689
09/05/2009,FLL,FL,ASO,ES,Towers with Radar,411,70,34,1,516,0,19,31,4,54,411,89,65,5,570,0,0,0,570
09/06/2009,FLL,FL,ASO,ES,Towers with Radar,399,70,25,0,494,0,13,14,2,29,399,83,39,2,523,0,0,0,523
09/07/2009,FLL,FL,ASO,ES,Towers with Radar,428,79,66,0,573,0,28,41,5,74,428,107,107,5,647,0,0,0,647
09/08/2009,FLL,FL,ASO,ES,Towers with Radar,431,73,74,2,580,0,15,25,4,44,431,88,99,6,624,0,0,0,624
09/09/2009,FLL,FL,ASO,ES,Towers with Radar,395,75,51,0,521,0,15,32,8,55,395,90,83,8,576,0,0,0,576
09/10/2009,FLL,FL,ASO,ES,Towers with Radar,447,75,64,0,586,0,16,22,2,40,447,91,86,2,626,0,0,0,626
09/11/2009,FLL,FL,ASO,ES,Towers with Radar,446,97,54,0,597,0,23,28,4,55,446,120,82,4,652,0,0,0,652
09/12/2009,FLL,FL,ASO,ES,Towers with Radar,414,67,53,0,534,0,11,16,2,29,414,78,69,2,563,0,0,0,563
09/13/2009,FLL,FL,ASO,ES,Towers with Radar,443,81,51,0,575,0,14,31,0,45,443,95,82,0,620,0,0,0,620
09/14/2009,FLL,FL,ASO,ES,Towers with Radar,438,77,48,0,563,0,28,21,0,49,438,105,69,0,612,0,0,0,612
09/15/2009,FLL,FL,ASO,ES,Towers with Radar,374,71,48,2,495,1,9,30,0,40,375,80,78,2,535,0,0,0,535
09/16/2009,FLL,FL,ASO,ES,Towers with Radar,386,78,52,0,516,0,11,44,0,55,386,89,96,0,571,0,0,0,571
09/17/2009,FLL,FL,ASO,ES,Towers with Radar,439,77,68,2,586,0,22,40,2,64,439,99,108,4,650,0,0,0,650
09/18/2009,FLL,FL,ASO,ES,Towers with Radar,451,72,60,1,584,0,27,35,4,66,451,99,95,5,650,0,0,0,650
09/19/2009,FLL,FL,ASO,ES,Towers with Radar,398,65,36,3,502,0,22,32,3,57,398,87,68,6,559,0,0,0,559
09/20/2009,FLL,FL,ASO,ES,Towers with Radar,429,70,52,2,553,0,16,20,0,36,429,86,72,2,589,0,0,0,589
09/21/2009,FLL,FL,ASO,ES,Towers with Radar,431,76,55,0,562,0,27,41,2,70,431,103,96,2,632,0,0,0,632
09/22/2009,FLL,FL,ASO,ES,Towers with Radar,393,79,52,1,525,0,15,34,0,49,393,94,86,1,574,0,0,0,574
09/23/2009,FLL,FL,ASO,ES,Towers with Radar,391,76,62,0,529,0,10,29,0,39,391,86,91,0,568,0,0,0,568
09/24/2009,FLL,FL,ASO,ES,Towers with Radar,443,82,63,0,588,0,10,43,2,55,443,92,106,2,643,0,0,0,643
09/25/2009,FLL,FL,ASO,ES,Towers with Radar,453,74,63,2,592,0,22,52,2,76,453,96,115,4,668,0,0,0,668
09/26/2009,FLL,FL,ASO,ES,Towers with Radar,399,77,32,0,508,0,17,35,0,52,399,94,67,0,560,0,0,0,560
09/27/2009,FLL,FL,ASO,ES,Towers with Radar,428,69,59,0,556,0,15,16,0,31,428,84,75,0,587,0,0,0,587
09/28/2009,FLL,FL,ASO,ES,Towers with Radar,434,72,50,0,556,0,18,23,0,41,434,90,73,0,597,0,0,0,597
09/29/2009,FLL,FL,ASO,ES,Towers with Radar,381,85,60,0,526,0,18,51,0,69,381,103,111,0,595,0,0,0,595
09/30/2009,FLL,FL,ASO,ES,Towers with Radar,392,70,69,0,531,0,18,41,2,61,392,88,110,2,592,0,0,0,592
10/01/2009,FLL,FL,ASO,ES,Towers with Radar,450,64,71,1,586,0,23,27,0,50,450,87,98,1,636,0,0,0,636
10/02/2009,FLL,FL,ASO,ES,Towers with Radar,471,77,63,1,612,0,32,55,0,87,471,109,118,1,699,0,0,0,699
10/03/2009,FLL,FL,ASO,ES,Towers with Radar,422,68,45,1,536,0,8,33,0,41,422,76,78,1,577,0,0,0,577
10/04/2009,FLL,FL,ASO,ES,Towers with Radar,450,78,52,0,580,0,18,38,0,56,450,96,90,0,636,0,0,0,636
10/05/2009,FLL,FL,ASO,ES,Towers with Radar,452,80,58,0,590,0,26,35,0,61,452,106,93,0,651,0,0,0,651
10/06/2009,FLL,FL,ASO,ES,Towers with Radar,403,86,40,0,529,0,17,35,1,53,403,103,75,1,582,0,0,0,582
10/07/2009,FLL,FL,ASO,ES,Towers with Radar,411,89,73,0,573,0,15,46,0,61,411,104,119,0,634,0,0,0,634
10/08/2009,FLL,FL,ASO,ES,Towers with Radar,460,84,64,0,608,1,15,42,0,58,461,99,106,0,666,0,0,0,666
10/09/2009,FLL,FL,ASO,ES,Towers with Radar,470,90,62,1,623,0,17,48,0,65,470,107,110,1,688,0,0,0,688
10/10/2009,FLL,FL,ASO,ES,Towers with Radar,433,79,42,0,554,0,15,28,0,43,433,94,70,0,597,0,0,0,597
10/11/2009,FLL,FL,ASO,ES,Towers with Radar,454,82,56,1,593,0,15,17,0,32,454,97,73,1,625,0,0,0,625
10/12/2009,FLL,FL,ASO,ES,Towers with Radar,453,83,93,2,631,0,22,48,0,70,453,105,141,2,701,0,0,0,701
10/13/2009,FLL,FL,ASO,ES,Towers with Radar,410,77,67,0,554,0,26,48,0,74,410,103,115,0,628,0,0,0,628
10/14/2009,FLL,FL,ASO,ES,Towers with Radar,413,76,77,1,567,0,21,45,0,66,413,97,122,1,633,0,0,0,633
10/15/2009,FLL,FL,ASO,ES,Towers with Radar,461,71,68,0,600,0,11,45,3,59,461,82,113,3,659,0,0,0,659
10/16/2009,FLL,FL,ASO,ES,Towers with Radar,468,78,52,1,599,0,18,35,0,53,468,96,87,1,652,0,0,0,652
10/17/2009,FLL,FL,ASO,ES,Towers with Radar,429,77,72,1,579,0,13,24,0,37,429,90,96,1,616,0,0,0,616
10/18/2009,FLL,FL,ASO,ES,Towers with Radar,447,80,76,1,604,0,12,15,2,29,447,92,91,3,633,0,0,0,633
10/19/2009,FLL,FL,ASO,ES,Towers with Radar,455,73,71,0,599,0,27,35,2,64,455,100,106,2,663,0,0,0,663
10/20/2009,FLL,FL,ASO,ES,Towers with Radar,408,81,69,0,558,1,17,54,2,74,409,98,123,2,632,0,0,0,632
10/21/2009,FLL,FL,ASO,ES,Towers with Radar,417,76,65,2,560,0,15,27,0,42,417,91,92,2,602,0,0,0,602
10/22/2009,FLL,FL,ASO,ES,Towers with Radar,462,81,69,0,612,1,26,26,0,53,463,107,95,0,665,0,0,0,665
10/23/2009,FLL,FL,ASO,ES,Towers with Radar,477,91,73,0,641,0,19,55,0,74,477,110,128,0,715,0,0,0,715
10/24/2009,FLL,FL,ASO,ES,Towers with Radar,431,67,50,0,548,0,21,34,0,55,431,88,84,0,603,0,0,0,603
10/25/2009,FLL,FL,ASO,ES,Towers with Radar,455,70,75,2,602,0,19,52,0,71,455,89,127,2,673,0,0,0,673
10/26/2009,FLL,FL,ASO,ES,Towers with Radar,458,95,85,2,640,0,22,29,0,51,458,117,114,2,691,0,0,0,691
10/27/2009,FLL,FL,ASO,ES,Towers with Radar,404,93,75,0,572,0,10,25,2,37,404,103,100,2,609,0,0,0,609
10/28/2009,FLL,FL,ASO,ES,Towers with Radar,422,106,113,1,642,0,20,71,12,103,422,126,184,13,745,0,0,0,745
10/29/2009,FLL,FL,ASO,ES,Towers with Radar,460,98,169,1,728,0,16,70,81,167,460,114,239,82,895,0,0,0,895
10/30/2009,FLL,FL,ASO,ES,Towers with Radar,483,87,142,4,716,0,27,77,108,212,483,114,219,112,928,0,0,0,928
10/31/2009,FLL,FL,ASO,ES,Towers with Radar,438,94,81,0,613,0,20,180,28,228,438,114,261,28,841,0,0,0,841
11/01/2009,FLL,FL,ASO,ES,Towers with Radar,476,80,120,1,677,0,13,126,29,168,476,93,246,30,845,0,0,0,845
11/02/2009,FLL,FL,ASO,ES,Towers with Radar,464,108,120,16,708,0,20,48,0,68,464,128,168,16,776,0,0,0,776
11/03/2009,FLL,FL,ASO,ES,Towers with Radar,438,96,101,0,635,0,18,60,3,81,438,114,161,3,716,0,0,0,716
11/04/2009,FLL,FL,ASO,ES,Towers with Radar,448,84,98,0,630,0,15,53,4,72,448,99,151,4,702,0,0,0,702
11/05/2009,FLL,FL,ASO,ES,Towers with Radar,504,97,81,0,682,0,13,49,0,62,504,110,130,0,744,0,0,0,744
11/06/2009,FLL,FL,ASO,ES,Towers with Radar,510,93,73,4,680,0,21,51,0,72,510,114,124,4,752,0,0,0,752
11/07/2009,FLL,FL,ASO,ES,Towers with Radar,484,76,45,2,607,0,16,26,0,42,484,92,71,2,649,0,0,0,649
11/08/2009,FLL,FL,ASO,ES,Towers with Radar,489,81,63,0,633,0,14,33,0,47,489,95,96,0,680,0,0,0,680
11/09/2009,FLL,FL,ASO,ES,Towers with Radar,479,88,88,0,655,0,27,36,2,65,479,115,124,2,720,0,0,0,720
11/10/2009,FLL,FL,ASO,ES,Towers with Radar,445,91,54,2,592,0,22,50,0,72,445,113,104,2,664,0,0,0,664
11/11/2009,FLL,FL,ASO,ES,Towers with Radar,455,91,65,0,611,0,15,39,0,54,455,106,104,0,665,0,0,0,665
11/12/2009,FLL,FL,ASO,ES,Towers with Radar,507,91,98,4,700,0,24,36,0,60,507,115,134,4,760,0,0,0,760
11/13/2009,FLL,FL,ASO,ES,Towers with Radar,506,96,80,0,682,0,27,63,12,102,506,123,143,12,784,0,0,0,784
11/14/2009,FLL,FL,ASO,ES,Towers with Radar,491,83,42,0,616,0,17,36,0,53,491,100,78,0,669,0,0,0,669
11/15/2009,FLL,FL,ASO,ES,Towers with Radar,494,83,57,0,634,0,12,44,0,56,494,95,101,0,690,0,0,0,690
11/16/2009,FLL,FL,ASO,ES,Towers with Radar,490,91,82,2,665,0,18,42,0,60,490,109,124,2,725,0,0,0,725
11/17/2009,FLL,FL,ASO,ES,Towers with Radar,466,99,83,2,650,0,18,41,0,59,466,117,124,2,709,0,0,0,709
11/18/2009,FLL,FL,ASO,ES,Towers with Radar,484,88,70,2,644,0,13,50,0,63,484,101,120,2,707,0,0,0,707
11/19/2009,FLL,FL,ASO,ES,Towers with Radar,533,86,88,1,708,0,19,70,1,90,533,105,158,2,798,0,0,0,798
11/20/2009,FLL,FL,ASO,ES,Towers with Radar,559,90,99,3,751,0,25,61,0,86,559,115,160,3,837,0,0,0,837
11/21/2009,FLL,FL,ASO,ES,Towers with Radar,535,88,63,0,686,0,26,47,0,73,535,114,110,0,759,0,0,0,759
11/22/2009,FLL,FL,ASO,ES,Towers with Radar,532,82,72,0,686,0,17,44,0,61,532,99,116,0,747,0,0,0,747
11/23/2009,FLL,FL,ASO,ES,Towers with Radar,528,78,69,1,676,0,26,52,0,78,528,104,121,1,754,0,0,0,754
11/24/2009,FLL,FL,ASO,ES,Towers with Radar,556,102,76,0,734,0,19,54,0,73,556,121,130,0,807,0,0,0,807
11/25/2009,FLL,FL,ASO,ES,Towers with Radar,544,80,104,0,728,0,17,15,0,32,544,97,119,0,760,0,0,0,760
11/26/2009,FLL,FL,ASO,ES,Towers with Radar,445,69,43,0,557,0,16,35,0,51,445,85,78,0,608,0,0,0,608
11/27/2009,FLL,FL,ASO,ES,Towers with Radar,483,89,54,0,626,0,25,45,2,72,483,114,99,2,698,0,0,0,698
11/28/2009,FLL,FL,ASO,ES,Towers with Radar,556,105,67,0,728,0,17,32,0,49,556,122,99,0,777,0,0,0,777
11/29/2009,FLL,FL,ASO,ES,Towers with Radar,569,103,128,0,800,0,33,49,0,82,569,136,177,0,882,0,0,0,882
11/30/2009,FLL,FL,ASO,ES,Towers with Radar,545,96,82,0,723,0,21,42,0,63,545,117,124,0,786,0,0,0,786
12/01/2009,FLL,FL,ASO,ES,Towers with Radar,509,99,93,0,701,0,22,45,0,67,509,121,138,0,768,0,0,0,768
12/02/2009,FLL,FL,ASO,ES,Towers with Radar,488,89,68,0,645,0,13,35,0,48,488,102,103,0,693,0,0,0,693
12/03/2009,FLL,FL,ASO,ES,Towers with Radar,532,111,66,0,709,1,27,50,0,78,533,138,116,0,787,0,0,0,787
12/04/2009,FLL,FL,ASO,ES,Towers with Radar,533,106,80,1,720,0,24,23,1,48,533,130,103,2,768,0,0,0,768
12/05/2009,FLL,FL,ASO,ES,Towers with Radar,510,93,68,3,674,0,11,20,2,33,510,104,88,5,707,0,0,0,707
12/06/2009,FLL,FL,ASO,ES,Towers with Radar,523,95,80,3,701,0,10,46,0,56,523,105,126,3,757,0,0,0,757
12/07/2009,FLL,FL,ASO,ES,Towers with Radar,516,87,70,0,673,0,23,28,0,51,516,110,98,0,724,0,0,0,724
12/08/2009,FLL,FL,ASO,ES,Towers with Radar,482,93,68,0,643,1,12,73,0,86,483,105,141,0,729,0,0,0,729
12/09/2009,FLL,FL,ASO,ES,Towers with Radar,488,79,60,0,627,0,22,53,2,77,488,101,113,2,704,0,0,0,704
12/10/2009,FLL,FL,ASO,ES,Towers with Radar,532,94,58,2,686,0,21,42,0,63,532,115,100,2,749,0,0,0,749
12/11/2009,FLL,FL,ASO,ES,Towers with Radar,537,101,86,0,724,1,21,42,2,66,538,122,128,2,790,0,0,0,790
12/12/2009,FLL,FL,ASO,ES,Towers with Radar,521,93,62,0,676,0,12,37,0,49,521,105,99,0,725,0,0,0,725
12/13/2009,FLL,FL,ASO,ES,Towers with Radar,514,82,60,0,656,0,14,32,0,46,514,96,92,0,702,0,0,0,702
12/14/2009,FLL,FL,ASO,ES,Towers with Radar,506,89,82,1,678,0,16,53,0,69,506,105,135,1,747,0,0,0,747
12/15/2009,FLL,FL,ASO,ES,Towers with Radar,499,78,84,1,662,0,15,59,4,78,499,93,143,5,740,0,0,0,740
12/16/2009,FLL,FL,ASO,ES,Towers with Radar,505,104,99,0,708,0,19,57,0,76,505,123,156,0,784,0,0,0,784
12/17/2009,FLL,FL,ASO,ES,Towers with Radar,582,112,77,1,772,0,15,37,0,52,582,127,114,1,824,0,0,0,824
12/18/2009,FLL,FL,ASO,ES,Towers with Radar,607,125,80,4,816,0,4,12,0,16,607,129,92,4,832,0,0,0,832
12/19/2009,FLL,FL,ASO,ES,Towers with Radar,486,132,96,3,717,0,24,71,2,97,486,156,167,5,814,0,0,0,814
12/20/2009,FLL,FL,ASO,ES,Towers with Radar,512,112,101,0,725,0,26,59,1,86,512,138,160,1,811,0,0,0,811
12/21/2009,FLL,FL,ASO,ES,Towers with Radar,611,108,82,0,801,0,26,65,3,94,611,134,147,3,895,0,0,0,895
12/22/2009,FLL,FL,ASO,ES,Towers with Radar,621,125,105,0,851,0,21,43,0,64,621,146,148,0,915,0,0,0,915
12/23/2009,FLL,FL,ASO,ES,Towers with Radar,618,117,96,2,833,0,21,58,0,79,618,138,154,2,912,0,0,0,912
12/24/2009,FLL,FL,ASO,ES,Towers with Radar,589,98,44,0,731,0,15,27,0,42,589,113,71,0,773,0,0,0,773
12/25/2009,FLL,FL,ASO,ES,Towers with Radar,552,76,26,0,654,0,4,4,0,8,552,80,30,0,662,0,0,0,662
12/26/2009,FLL,FL,ASO,ES,Towers with Radar,584,165,148,2,899,0,38,64,0,102,584,203,212,2,1001,0,0,0,1001
12/27/2009,FLL,FL,ASO,ES,Towers with Radar,601,154,125,3,883,0,29,53,1,83,601,183,178,4,966,0,0,0,966
12/28/2009,FLL,FL,ASO,ES,Towers with Radar,614,125,98,1,838,0,23,73,0,96,614,148,171,1,934,0,0,0,934
12/29/2009,FLL,FL,ASO,ES,Towers with Radar,608,114,87,0,809,0,21,71,0,92,608,135,158,0,901,0,0,0,901
12/30/2009,FLL,FL,ASO,ES,Towers with Radar,593,128,93,0,814,0,26,46,0,72,593,154,139,0,886,0,0,0,886
12/31/2009,FLL,FL,ASO,ES,Towers with Radar,585,90,56,1,732,0,23,48,0,71,585,113,104,1,803,0,0,0,803
01/01/2010,FLL,FL,ASO,ES,Towers with Radar,572,85,74,1,732,0,31,18,2,51,572,116,92,3,783,0,0,0,783
01/02/2010,FLL,FL,ASO,ES,Towers with Radar,594,160,179,0,933,0,45,90,0,135,594,205,269,0,1068,0,0,0,1068
01/03/2010,FLL,FL,ASO,ES,Towers with Radar,615,146,184,0,945,0,39,85,0,124,615,185,269,0,1069,0,0,0,1069
01/04/2010,FLL,FL,ASO,ES,Towers with Radar,603,130,125,1,859,0,30,54,1,85,603,160,179,2,944,0,0,0,944
01/05/2010,FLL,FL,ASO,ES,Towers with Radar,557,105,105,2,769,1,21,52,0,74,558,126,157,2,843,0,0,0,843
01/06/2010,FLL,FL,ASO,ES,Towers with Radar,550,93,86,2,731,0,20,54,1,75,550,113,140,3,806,0,0,0,806
01/07/2010,FLL,FL,ASO,ES,Towers with Radar,559,97,91,2,749,2,26,42,0,70,561,123,133,2,819,0,0,0,819
01/08/2010,FLL,FL,ASO,ES,Towers with Radar,572,87,89,0,748,0,28,63,2,93,572,115,152,2,841,0,0,0,841
01/09/2010,FLL,FL,ASO,ES,Towers with Radar,544,90,78,0,712,0,1,9,0,10,544,91,87,0,722,0,0,0,722
01/10/2010,FLL,FL,ASO,ES,Towers with Radar,548,96,88,0,732,0,20,24,0,44,548,116,112,0,776,0,0,0,776
01/11/2010,FLL,FL,ASO,ES,Towers with Radar,550,77,57,0,684,0,19,64,0,83,550,96,121,0,767,0,0,0,767
01/12/2010,FLL,FL,ASO,ES,Towers with Radar,519,84,76,0,679,0,8,43,2,53,519,92,119,2,732,0,0,0,732
01/13/2010,FLL,FL,ASO,ES,Towers with Radar,503,91,78,3,675,0,14,37,0,51,503,105,115,3,726,0,0,0,726
01/14/2010,FLL,FL,ASO,ES,Towers with Radar,543,109,86,0,738,1,13,65,0,79,544,122,151,0,817,0,0,0,817
01/15/2010,FLL,FL,ASO,ES,Towers with Radar,563,134,94,0,791,0,31,69,0,100,563,165,163,0,891,0,0,0,891
01/16/2010,FLL,FL,ASO,ES,Towers with Radar,532,80,88,6,706,0,14,26,0,40,532,94,114,6,746,0,0,0,746
01/17/2010,FLL,FL,ASO,ES,Towers with Radar,547,90,80,8,725,0,11,26,0,37,547,101,106,8,762,0,0,0,762
01/18/2010,FLL,FL,ASO,ES,Towers with Radar,537,87,106,7,737,0,25,66,2,93,537,112,172,9,830,0,0,0,830
01/19/2010,FLL,FL,ASO,ES,Towers with Radar,506,102,85,6,699,0,15,52,1,68,506,117,137,7,767,0,0,0,767
01/20/2010,FLL,FL,ASO,ES,Towers with Radar,504,101,107,7,719,0,13,45,0,58,504,114,152,7,777,0,0,0,777
01/21/2010,FLL,FL,ASO,ES,Towers with Radar,543,107,123,4,777,0,21,51,0,72,543,128,174,4,849,0,0,0,849
01/22/2010,FLL,FL,ASO,ES,Towers with Radar,560,113,118,3,794,0,11,50,2,63,560,124,168,5,857,0,0,0,857
01/23/2010,FLL,FL,ASO,ES,Towers with Radar,528,101,95,2,726,0,7,45,0,52,528,108,140,2,778,0,0,0,778
01/24/2010,FLL,FL,ASO,ES,Towers with Radar,537,101,110,2,750,2,5,23,0,30,539,106,133,2,780,0,0,0,780
01/25/2010,FLL,FL,ASO,ES,Towers with Radar,520,99,86,2,707,0,11,27,0,38,520,110,113,2,745,0,0,0,745
01/26/2010,FLL,FL,ASO,ES,Towers with Radar,519,87,110,4,720,0,12,63,0,75,519,99,173,4,795,0,0,0,795
01/27/2010,FLL,FL,ASO,ES,Towers with Radar,496,101,103,0,700,0,15,57,5,77,496,116,160,5,777,0,0,0,777
01/28/2010,FLL,FL,ASO,ES,Towers with Radar,549,94,94,7,744,1,19,50,0,70,550,113,144,7,814,0,0,0,814
01/29/2010,FLL,FL,ASO,ES,Towers with Radar,552,99,122,5,778,0,21,65,2,88,552,120,187,7,866,0,0,0,866
01/30/2010,FLL,FL,ASO,ES,Towers with Radar,509,87,90,1,687,0,11,41,0,52,509,98,131,1,739,0,0,0,739
01/31/2010,FLL,FL,ASO,ES,Towers with Radar,548,97,101,4,750,0,7,24,0,31,548,104,125,4,781,0,0,0,781
02/01/2010,FLL,FL,ASO,ES,Towers with Radar,542,98,80,2,722,0,6,4,0,10,542,104,84,2,732,0,0,0,732
02/02/2010,FLL,FL,ASO,ES,Towers with Radar,509,87,93,1,690,0,18,43,1,62,509,105,136,2,752,0,0,0,752
02/03/2010,FLL,FL,ASO,ES,Towers with Radar,506,103,106,2,717,0,14,55,0,69,506,117,161,2,786,0,0,0,786
02/04/2010,FLL,FL,ASO,ES,Towers with Radar,553,114,141,3,811,0,11,60,0,71,553,125,201,3,882,0,0,0,882
02/05/2010,FLL,FL,ASO,ES,Towers with Radar,562,133,153,0,848,0,16,32,4,52,562,149,185,4,900,0,0,0,900
02/06/2010,FLL,FL,ASO,ES,Towers with Radar,477,100,82,0,659,0,14,55,0,69,477,114,137,0,728,0,0,0,728
02/07/2010,FLL,FL,ASO,ES,Towers with Radar,503,87,84,0,674,0,14,22,0,36,503,101,106,0,710,0,0,0,710
02/08/2010,FLL,FL,ASO,ES,Towers with Radar,577,148,212,1,938,0,20,49,2,71,577,168,261,3,1009,0,0,0,1009
02/09/2010,FLL,FL,ASO,ES,Towers with Radar,491,112,87,3,693,0,17,49,0,66,491,129,136,3,759,0,0,0,759
02/10/2010,FLL,FL,ASO,ES,Towers with Radar,393,91,106,1,591,0,18,62,2,82,393,109,168,3,673,0,0,0,673
02/11/2010,FLL,FL,ASO,ES,Towers with Radar,518,104,182,8,812,0,24,70,0,94,518,128,252,8,906,0,0,0,906
02/12/2010,FLL,FL,ASO,ES,Towers with Radar,557,110,168,1,836,0,30,42,0,72,557,140,210,1,908,0,0,0,908
02/13/2010,FLL,FL,ASO,ES,Towers with Radar,575,105,119,0,799,0,18,53,0,71,575,123,172,0,870,0,0,0,870
02/14/2010,FLL,FL,ASO,ES,Towers with Radar,579,101,86,3,769,0,21,40,0,61,579,122,126,3,830,0,0,0,830
02/15/2010,FLL,FL,ASO,ES,Towers with Radar,551,102,130,0,783,0,27,67,0,94,551,129,197,0,877,0,0,0,877
02/16/2010,FLL,FL,ASO,ES,Towers with Radar,553,88,119,1,761,0,17,40,0,57,553,105,159,1,818,0,0,0,818
02/17/2010,FLL,FL,ASO,ES,Towers with Radar,570,95,107,0,772,0,12,39,0,51,570,107,146,0,823,0,0,0,823
02/18/2010,FLL,FL,ASO,ES,Towers with Radar,580,95,95,0,770,0,18,55,0,73,580,113,150,0,843,0,0,0,843
02/19/2010,FLL,FL,ASO,ES,Towers with Radar,584,102,86,7,779,0,21,93,0,114,584,123,179,7,893,0,0,0,893
02/20/2010,FLL,FL,ASO,ES,Towers with Radar,572,94,105,1,772,0,12,69,1,82,572,106,174,2,854,0,0,0,854
02/21/2010,FLL,FL,ASO,ES,Towers with Radar,566,94,97,5,762,0,13,63,0,76,566,107,160,5,838,0,0,0,838
02/22/2010,FLL,FL,ASO,ES,Towers with Radar,570,98,80,6,754,0,10,21,0,31,570,108,101,6,785,0,0,0,785
02/23/2010,FLL,FL,ASO,ES,Towers with Radar,568,93,97,2,760,1,13,32,2,48,569,106,129,4,808,0,0,0,808
02/24/2010,FLL,FL,ASO,ES,Towers with Radar,545,95,100,4,744,0,9,26,2,37,545,104,126,6,781,0,0,0,781
02/25/2010,FLL,FL,ASO,ES,Towers with Radar,566,95,109,7,777,0,25,49,2,76,566,120,158,9,853,0,0,0,853
02/26/2010,FLL,FL,ASO,ES,Towers with Radar,521,92,114,4,731,0,32,62,2,96,521,124,176,6,827,0,0,0,827
02/27/2010,FLL,FL,ASO,ES,Towers with Radar,567,99,63,1,730,0,13,40,0,53,567,112,103,1,783,0,0,0,783
02/28/2010,FLL,FL,ASO,ES,Towers with Radar,580,100,87,2,769,0,14,64,2,80,580,114,151,4,849,0,0,0,849
03/01/2010,FLL,FL,ASO,ES,Towers with Radar,573,87,99,0,759,0,25,42,0,67,573,112,141,0,826,0,0,0,826
03/02/2010,FLL,FL,ASO,ES,Towers with Radar,542,97,104,0,743,0,15,14,0,29,542,112,118,0,772,0,0,0,772
03/03/2010,FLL,FL,ASO,ES,Towers with Radar,555,95,96,0,746,0,19,35,4,58,555,114,131,4,804,0,0,0,804
03/04/2010,FLL,FL,ASO,ES,Towers with Radar,584,93,73,1,751,0,16,69,0,85,584,109,142,1,836,0,0,0,836
03/05/2010,FLL,FL,ASO,ES,Towers with Radar,581,98,90,0,769,0,32,82,0,114,581,130,172,0,883,0,0,0,883
03/06/2010,FLL,FL,ASO,ES,Towers with Radar,566,97,93,0,756,0,21,44,0,65,566,118,137,0,821,0,0,0,821
03/07/2010,FLL,FL,ASO,ES,Towers with Radar,568,90,78,0,736,0,21,33,0,54,568,111,111,0,790,0,0,0,790
03/08/2010,FLL,FL,ASO,ES,Towers with Radar,569,87,93,0,749,0,23,59,0,82,569,110,152,0,831,0,0,0,831
03/09/2010,FLL,FL,ASO,ES,Towers with Radar,566,81,84,2,733,0,13,51,0,64,566,94,135,2,797,0,0,0,797
03/10/2010,FLL,FL,ASO,ES,Towers with Radar,557,101,86,0,744,0,17,46,2,65,557,118,132,2,809,0,0,0,809
03/11/2010,FLL,FL,ASO,ES,Towers with Radar,574,103,96,0,773,0,17,25,0,42,574,120,121,0,815,0,0,0,815
03/12/2010,FLL,FL,ASO,ES,Towers with Radar,588,111,88,0,787,0,4,15,0,19,588,115,103,0,806,0,0,0,806
03/13/2010,FLL,FL,ASO,ES,Towers with Radar,557,145,102,2,806,0,22,78,0,100,557,167,180,2,906,0,0,0,906
03/14/2010,FLL,FL,ASO,ES,Towers with Radar,547,97,110,4,758,0,18,75,0,93,547,115,185,4,851,0,0,0,851
03/15/2010,FLL,FL,ASO,ES,Towers with Radar,563,122,82,2,769,0,21,48,0,69,563,143,130,2,838,0,0,0,838
03/16/2010,FLL,FL,ASO,ES,Towers with Radar,587,88,76,0,751,0,16,44,0,60,587,104,120,0,811,0,0,0,811
03/17/2010,FLL,FL,ASO,ES,Towers with Radar,564,105,94,0,763,0,16,37,2,55,564,121,131,2,818,0,0,0,818
03/18/2010,FLL,FL,ASO,ES,Towers with Radar,586,97,100,0,783,0,23,58,3,84,586,120,158,3,867,0,0,0,867
03/19/2010,FLL,FL,ASO,ES,Towers with Radar,594,120,120,0,834,0,21,79,6,106,594,141,199,6,940,0,0,0,940
03/20/2010,FLL,FL,ASO,ES,Towers with Radar,569,128,91,0,788,0,30,63,0,93,569,158,154,0,881,0,0,0,881
03/21/2010,FLL,FL,ASO,ES,Towers with Radar,570,126,70,1,767,0,13,52,0,65,570,139,122,1,832,0,0,0,832
03/22/2010,FLL,FL,ASO,ES,Towers with Radar,579,92,82,2,755,0,18,32,0,50,579,110,114,2,805,0,0,0,805
03/23/2010,FLL,FL,ASO,ES,Towers with Radar,573,84,68,0,725,0,22,63,0,85,573,106,131,0,810,0,0,0,810
03/24/2010,FLL,FL,ASO,ES,Towers with Radar,560,105,85,2,752,0,22,52,2,76,560,127,137,4,828,0,0,0,828
03/25/2010,FLL,FL,ASO,ES,Towers with Radar,587,111,95,0,793,1,29,65,0,95,588,140,160,0,888,0,0,0,888
03/26/2010,FLL,FL,ASO,ES,Towers with Radar,594,141,124,0,859,0,27,61,2,90,594,168,185,2,949,0,0,0,949
03/27/2010,FLL,FL,ASO,ES,Towers with Radar,589,120,131,1,841,0,23,64,0,87,589,143,195,1,928,0,0,0,928
03/28/2010,FLL,FL,ASO,ES,Towers with Radar,578,105,102,3,788,0,14,49,4,67,578,119,151,7,855,0,0,0,855
03/29/2010,FLL,FL,ASO,ES,Towers with Radar,570,98,58,0,726,0,17,30,0,47,570,115,88,0,773,0,0,0,773
03/30/2010,FLL,FL,ASO,ES,Towers with Radar,581,97,86,0,764,0,22,64,2,88,581,119,150,2,852,0,0,0,852
03/31/2010,FLL,FL,ASO,ES,Towers with Radar,579,92,115,0,786,0,35,58,4,97,579,127,173,4,883,0,0,0,883
04/01/2010,FLL,FL,ASO,ES,Towers with Radar,597,98,104,5,804,0,38,82,0,120,597,136,186,5,924,0,0,0,924
04/02/2010,FLL,FL,ASO,ES,Towers with Radar,604,103,87,0,794,0,36,90,2,128,604,139,177,2,922,0,0,0,922
04/03/2010,FLL,FL,ASO,ES,Towers with Radar,594,112,94,0,800,0,29,64,0,93,594,141,158,0,893,0,0,0,893
04/04/2010,FLL,FL,ASO,ES,Towers with Radar,578,96,97,0,771,0,33,41,0,74,578,129,138,0,845,0,0,0,845
04/05/2010,FLL,FL,ASO,ES,Towers with Radar,582,107,121,0,810,0,39,54,0,93,582,146,175,0,903,0,0,0,903
04/06/2010,FLL,FL,ASO,ES,Towers with Radar,552,104,85,1,742,0,24,65,0,89,552,128,150,1,831,0,0,0,831
04/07/2010,FLL,FL,ASO,ES,Towers with Radar,552,106,97,0,755,0,12,40,0,52,552,118,137,0,807,0,0,0,807
04/08/2010,FLL,FL,ASO,ES,Towers with Radar,570,93,79,1,743,0,29,73,0,102,570,122,152,1,845,0,0,0,845
04/09/2010,FLL,FL,ASO,ES,Towers with Radar,571,92,84,0,747,0,29,52,0,81,571,121,136,0,828,0,0,0,828
04/10/2010,FLL,FL,ASO,ES,Towers with Radar,566,109,98,0,773,0,25,71,0,96,566,134,169,0,869,0,0,0,869
04/11/2010,FLL,FL,ASO,ES,Towers with Radar,550,94,113,1,758,1,12,21,0,34,551,106,134,1,792,0,0,0,792
04/12/2010,FLL,FL,ASO,ES,Towers with Radar,550,106,75,0,731,0,19,19,0,38,550,125,94,0,769,0,0,0,769
04/13/2010,FLL,FL,ASO,ES,Towers with Radar,545,94,74,0,713,1,15,40,0,56,546,109,114,0,769,0,0,0,769
04/14/2010,FLL,FL,ASO,ES,Towers with Radar,526,98,62,2,688,0,15,53,0,68,526,113,115,2,756,0,0,0,756
04/15/2010,FLL,FL,ASO,ES,Towers with Radar,557,99,83,2,741,0,13,53,0,66,557,112,136,2,807,0,0,0,807
04/16/2010,FLL,FL,ASO,ES,Towers with Radar,545,98,89,2,734,0,27,75,0,102,545,125,164,2,836,0,0,0,836
04/17/2010,FLL,FL,ASO,ES,Towers with Radar,553,97,67,0,717,0,15,31,0,46,553,112,98,0,763,0,0,0,763
04/18/2010,FLL,FL,ASO,ES,Towers with Radar,537,96,63,0,696,0,5,14,0,19,537,101,77,0,715,0,0,0,715
04/19/2010,FLL,FL,ASO,ES,Towers with Radar,530,97,72,1,700,0,16,27,0,43,530,113,99,1,743,0,0,0,743
04/20/2010,FLL,FL,ASO,ES,Towers with Radar,531,84,108,2,725,0,24,32,1,57,531,108,140,3,782,0,0,0,782
04/21/2010,FLL,FL,ASO,ES,Towers with Radar,525,101,75,1,702,0,19,58,0,77,525,120,133,1,779,0,0,0,779
04/22/2010,FLL,FL,ASO,ES,Towers with Radar,547,92,91,1,731,0,22,73,0,95,547,114,164,1,826,0,0,0,826
04/23/2010,FLL,FL,ASO,ES,Towers with Radar,542,108,84,2,736,0,24,61,0,85,542,132,145,2,821,0,0,0,821
04/24/2010,FLL,FL,ASO,ES,Towers with Radar,539,90,59,0,688,0,17,45,0,62,539,107,104,0,750,0,0,0,750
04/25/2010,FLL,FL,ASO,ES,Towers with Radar,523,92,72,0,687,0,14,49,2,65,523,106,121,2,752,0,0,0,752
04/26/2010,FLL,FL,ASO,ES,Towers with Radar,523,71,68,0,662,0,14,15,2,31,523,85,83,2,693,0,0,0,693
04/27/2010,FLL,FL,ASO,ES,Towers with Radar,514,101,75,1,691,1,23,54,3,81,515,124,129,4,772,0,0,0,772
04/28/2010,FLL,FL,ASO,ES,Towers with Radar,513,85,93,3,694,0,31,77,0,108,513,116,170,3,802,0,0,0,802
04/29/2010,FLL,FL,ASO,ES,Towers with Radar,527,91,93,2,713,0,33,75,4,112,527,124,168,6,825,0,0,0,825
04/30/2010,FLL,FL,ASO,ES,Towers with Radar,532,104,84,3,723,0,21,69,1,91,532,125,153,4,814,0,0,0,814
05/01/2010,FLL,FL,ASO,ES,Towers with Radar,524,84,68,0,676,0,18,21,0,39,524,102,89,0,715,0,0,0,715
05/02/2010,FLL,FL,ASO,ES,Towers with Radar,477,80,90,4,651,0,25,50,0,75,477,105,140,4,726,0,0,0,726
05/03/2010,FLL,FL,ASO,ES,Towers with Radar,517,80,61,4,662,0,23,52,1,76,517,103,113,5,738,0,0,0,738
05/04/2010,FLL,FL,ASO,ES,Towers with Radar,489,81,72,0,642,0,16,49,0,65,489,97,121,0,707,0,0,0,707
05/05/2010,FLL,FL,ASO,ES,Towers with Radar,483,98,61,0,642,0,18,52,0,70,483,116,113,0,712,0,0,0,712
05/06/2010,FLL,FL,ASO,ES,Towers with Radar,510,103,69,0,682,0,25,45,0,70,510,128,114,0,752,0,0,0,752
05/07/2010,FLL,FL,ASO,ES,Towers with Radar,515,90,75,0,680,0,25,74,2,101,515,115,149,2,781,0,0,0,781
05/08/2010,FLL,FL,ASO,ES,Towers with Radar,521,90,36,0,647,0,15,39,0,54,521,105,75,0,701,0,0,0,701
05/09/2010,FLL,FL,ASO,ES,Towers with Radar,458,70,58,0,586,0,20,31,3,54,458,90,89,3,640,0,0,0,640
05/10/2010,FLL,FL,ASO,ES,Towers with Radar,495,78,76,1,650,0,21,36,0,57,495,99,112,1,707,0,0,0,707
05/11/2010,FLL,FL,ASO,ES,Towers with Radar,472,72,54,1,599,0,19,35,0,54,472,91,89,1,653,0,0,0,653
05/12/2010,FLL,FL,ASO,ES,Towers with Radar,465,96,94,0,655,0,20,64,0,84,465,116,158,0,739,0,0,0,739
05/13/2010,FLL,FL,ASO,ES,Towers with Radar,498,95,87,0,680,0,25,41,2,68,498,120,128,2,748,0,0,0,748
05/14/2010,FLL,FL,ASO,ES,Towers with Radar,496,87,98,0,681,0,27,28,5,60,496,114,126,5,741,0,0,0,741
05/15/2010,FLL,FL,ASO,ES,Towers with Radar,488,92,66,0,646,0,22,26,5,53,488,114,92,5,699,0,0,0,699
05/16/2010,FLL,FL,ASO,ES,Towers with Radar,464,78,76,0,618,1,23,25,0,49,465,101,101,0,667,0,0,0,667
05/17/2010,FLL,FL,ASO,ES,Towers with Radar,501,86,69,0,656,0,24,42,0,66,501,110,111,0,722,0,0,0,722
05/18/2010,FLL,FL,ASO,ES,Towers with Radar,471,89,90,0,650,0,16,43,0,59,471,105,133,0,709,0,0,0,709
05/19/2010,FLL,FL,ASO,ES,Towers with Radar,465,88,90,2,645,0,24,51,0,75,465,112,141,2,720,0,0,0,720
05/20/2010,FLL,FL,ASO,ES,Towers with Radar,498,89,77,0,664,0,33,47,1,81,498,122,124,1,745,0,0,0,745
05/21/2010,FLL,FL,ASO,ES,Towers with Radar,490,88,102,1,681,0,24,69,0,93,490,112,171,1,774,0,0,0,774
05/22/2010,FLL,FL,ASO,ES,Towers with Radar,490,102,67,0,659,0,21,34,0,55,490,123,101,0,714,0,0,0,714
05/23/2010,FLL,FL,ASO,ES,Towers with Radar,460,87,84,1,632,0,20,40,0,60,460,107,124,1,692,0,0,0,692
05/24/2010,FLL,FL,ASO,ES,Towers with Radar,495,92,77,3,667,0,28,40,0,68,495,120,117,3,735,0,0,0,735
05/25/2010,FLL,FL,ASO,ES,Towers with Radar,468,82,69,1,620,0,16,45,0,61,468,98,114,1,681,0,0,0,681
05/26/2010,FLL,FL,ASO,ES,Towers with Radar,479,88,79,0,646,0,25,61,5,91,479,113,140,5,737,0,0,0,737
05/27/2010,FLL,FL,ASO,ES,Towers with Radar,499,103,94,3,699,1,34,75,3,113,500,137,169,6,812,0,0,0,812
05/28/2010,FLL,FL,ASO,ES,Towers with Radar,500,104,82,3,689,0,38,73,0,111,500,142,155,3,800,0,0,0,800
05/29/2010,FLL,FL,ASO,ES,Towers with Radar,487,94,65,1,647,0,23,49,0,72,487,117,114,1,719,0,0,0,719
05/30/2010,FLL,FL,ASO,ES,Towers with Radar,462,80,53,0,595,0,21,36,0,57,462,101,89,0,652,0,0,0,652
05/31/2010,FLL,FL,ASO,ES,Towers with Radar,466,81,65,1,613,0,45,54,0,99,466,126,119,1,712,0,0,0,712
06/01/2010,FLL,FL,ASO,ES,Towers with Radar,486,89,80,0,655,0,23,33,0,56,486,112,113,0,711,0,0,0,711
06/02/2010,FLL,FL,ASO,ES,Towers with Radar,488,84,59,2,633,0,22,46,0,68,488,106,105,2,701,0,0,0,701
06/03/2010,FLL,FL,ASO,ES,Towers with Radar,506,94,63,3,666,0,25,42,0,67,506,119,105,3,733,0,0,0,733
06/04/2010,FLL,FL,ASO,ES,Towers with Radar,514,87,82,1,684,0,22,63,2,87,514,109,145,3,771,0,0,0,771
06/05/2010,FLL,FL,ASO,ES,Towers with Radar,487,104,69,0,660,0,23,50,4,77,487,127,119,4,737,0,0,0,737
06/06/2010,FLL,FL,ASO,ES,Towers with Radar,457,83,78,2,620,1,27,55,2,85,458,110,133,4,705,0,0,0,705
06/07/2010,FLL,FL,ASO,ES,Towers with Radar,488,89,82,0,659,0,23,40,0,63,488,112,122,0,722,0,0,0,722
06/08/2010,FLL,FL,ASO,ES,Towers with Radar,471,85,51,2,609,0,18,42,1,61,471,103,93,3,670,0,0,0,670
06/09/2010,FLL,FL,ASO,ES,Towers with Radar,472,81,84,0,637,0,34,60,2,96,472,115,144,2,733,0,0,0,733
06/10/2010,FLL,FL,ASO,ES,Towers with Radar,486,83,95,0,664,0,27,64,0,91,486,110,159,0,755,0,0,0,755
06/11/2010,FLL,FL,ASO,ES,Towers with Radar,488,95,99,0,682,0,33,60,2,95,488,128,159,2,777,0,0,0,777
06/12/2010,FLL,FL,ASO,ES,Towers with Radar,371,98,49,0,518,1,27,48,0,76,372,125,97,0,594,0,0,0,594
06/13/2010,FLL,FL,ASO,ES,Towers with Radar,371,89,102,0,562,0,30,52,0,82,371,119,154,0,644,0,0,0,644
06/14/2010,FLL,FL,ASO,ES,Towers with Radar,397,84,113,6,600,0,26,46,0,72,397,110,159,6,672,0,0,0,672
06/15/2010,FLL,FL,ASO,ES,Towers with Radar,390,97,72,1,560,0,21,43,0,64,390,118,115,1,624,0,0,0,624
06/16/2010,FLL,FL,ASO,ES,Towers with Radar,390,86,82,4,562,0,24,38,2,64,390,110,120,6,626,0,0,0,626
06/17/2010,FLL,FL,ASO,ES,Towers with Radar,420,96,71,2,589,1,30,46,0,77,421,126,117,2,666,0,0,0,666
06/18/2010,FLL,FL,ASO,ES,Towers with Radar,492,110,87,1,690,0,29,35,0,64,492,139,122,1,754,0,0,0,754
06/19/2010,FLL,FL,ASO,ES,Towers with Radar,495,95,60,3,653,0,31,44,0,75,495,126,104,3,728,0,0,0,728
06/20/2010,FLL,FL,ASO,ES,Towers with Radar,489,82,65,2,638,1,23,53,0,77,490,105,118,2,715,0,0,0,715
06/21/2010,FLL,FL,ASO,ES,Towers with Radar,501,90,74,2,667,0,31,34,0,65,501,121,108,2,732,0,0,0,732
06/22/2010,FLL,FL,ASO,ES,Towers with Radar,490,105,63,2,660,1,26,31,0,58,491,131,94,2,718,0,0,0,718
06/23/2010,FLL,FL,ASO,ES,Towers with Radar,502,99,79,0,680,0,27,38,0,65,502,126,117,0,745,0,0,0,745
06/24/2010,FLL,FL,ASO,ES,Towers with Radar,509,96,77,0,682,0,30,51,0,81,509,126,128,0,763,0,0,0,763
06/25/2010,FLL,FL,ASO,ES,Towers with Radar,518,89,81,0,688,0,36,28,1,65,518,125,109,1,753,0,0,0,753
06/26/2010,FLL,FL,ASO,ES,Towers with Radar,503,80,60,0,643,0,20,47,0,67,503,100,107,0,710,0,0,0,710
06/27/2010,FLL,FL,ASO,ES,Towers with Radar,488,87,78,2,655,0,13,62,0,75,488,100,140,2,730,0,0,0,730
06/28/2010,FLL,FL,ASO,ES,Towers with Radar,506,84,59,2,651,0,31,41,2,74,506,115,100,4,725,0,0,0,725
06/29/2010,FLL,FL,ASO,ES,Towers with Radar,506,90,85,0,681,0,28,17,0,45,506,118,102,0,726,0,0,0,726
06/30/2010,FLL,FL,ASO,ES,Towers with Radar,515,90,84,0,689,0,20,27,0,47,515,110,111,0,736,0,0,0,736
07/01/2010,FLL,FL,ASO,ES,Towers with Radar,513,103,91,1,708,0,26,45,0,71,513,129,136,1,779,0,0,0,779
07/02/2010,FLL,FL,ASO,ES,Towers with Radar,523,96,80,2,701,0,31,45,0,76,523,127,125,2,777,0,0,0,777
07/03/2010,FLL,FL,ASO,ES,Towers with Radar,501,79,71,2,653,0,24,28,0,52,501,103,99,2,705,0,0,0,705
07/04/2010,FLL,FL,ASO,ES,Towers with Radar,452,61,36,1,550,0,18,25,2,45,452,79,61,3,595,0,0,0,595
07/05/2010,FLL,FL,ASO,ES,Towers with Radar,483,82,82,1,648,0,17,37,2,56,483,99,119,3,704,0,0,0,704
07/06/2010,FLL,FL,ASO,ES,Towers with Radar,509,92,75,3,679,0,33,40,0,73,509,125,115,3,752,0,0,0,752
07/07/2010,FLL,FL,ASO,ES,Towers with Radar,510,87,64,0,661,0,24,34,3,61,510,111,98,3,722,0,0,0,722
07/08/2010,FLL,FL,ASO,ES,Towers with Radar,515,89,70,2,676,0,29,30,0,59,515,118,100,2,735,0,0,0,735
07/09/2010,FLL,FL,ASO,ES,Towers with Radar,520,84,89,1,694,1,26,62,0,89,521,110,151,1,783,0,0,0,783
07/10/2010,FLL,FL,ASO,ES,Towers with Radar,501,81,62,0,644,0,13,38,0,51,501,94,100,0,695,0,0,0,695
07/11/2010,FLL,FL,ASO,ES,Towers with Radar,493,90,64,3,650,1,20,33,0,54,494,110,97,3,704,0,0,0,704
07/12/2010,FLL,FL,ASO,ES,Towers with Radar,501,75,62,1,639,0,30,33,0,63,501,105,95,1,702,0,0,0,702
07/13/2010,FLL,FL,ASO,ES,Towers with Radar,503,96,50,0,649,0,20,36,0,56,503,116,86,0,705,0,0,0,705
07/14/2010,FLL,FL,ASO,ES,Towers with Radar,513,97,58,0,668,0,13,21,1,35,513,110,79,1,703,0,0,0,703
07/15/2010,FLL,FL,ASO,ES,Towers with Radar,509,88,76,0,673,4,25,41,0,70,513,113,117,0,743,0,0,0,743
07/16/2010,FLL,FL,ASO,ES,Towers with Radar,524,97,89,0,710,0,38,37,0,75,524,135,126,0,785,0,0,0,785
07/17/2010,FLL,FL,ASO,ES,Towers with Radar,509,84,46,1,640,0,19,54,2,75,509,103,100,3,715,0,0,0,715
07/18/2010,FLL,FL,ASO,ES,Towers with Radar,488,83,57,0,628,0,24,34,0,58,488,107,91,0,686,0,0,0,686
07/19/2010,FLL,FL,ASO,ES,Towers with Radar,502,92,70,0,664,0,32,35,4,71,502,124,105,4,735,0,0,0,735
07/20/2010,FLL,FL,ASO,ES,Towers with Radar,508,84,60,1,653,0,37,37,3,77,508,121,97,4,730,0,0,0,730
07/21/2010,FLL,FL,ASO,ES,Towers with Radar,506,92,59,0,657,1,30,37,0,68,507,122,96,0,725,0,0,0,725
07/22/2010,FLL,FL,ASO,ES,Towers with Radar,510,94,59,1,664,1,35,35,0,71,511,129,94,1,735,0,0,0,735
07/23/2010,FLL,FL,ASO,ES,Towers with Radar,517,95,46,1,659,1,18,9,0,28,518,113,55,1,687,0,0,0,687
07/24/2010,FLL,FL,ASO,ES,Towers with Radar,512,102,62,1,677,0,20,43,2,65,512,122,105,3,742,0,0,0,742
07/25/2010,FLL,FL,ASO,ES,Towers with Radar,483,84,44,2,613,0,16,45,0,61,483,100,89,2,674,0,0,0,674
07/26/2010,FLL,FL,ASO,ES,Towers with Radar,516,81,62,2,661,1,29,44,0,74,517,110,106,2,735,0,0,0,735
07/27/2010,FLL,FL,ASO,ES,Towers with Radar,516,82,59,4,661,0,14,40,2,56,516,96,99,6,717,0,0,0,717
07/28/2010,FLL,FL,ASO,ES,Towers with Radar,508,93,69,0,670,0,21,44,2,67,508,114,113,2,737,0,0,0,737
07/29/2010,FLL,FL,ASO,ES,Towers with Radar,512,81,66,0,659,0,21,57,0,78,512,102,123,0,737,0,0,0,737
07/30/2010,FLL,FL,ASO,ES,Towers with Radar,549,90,84,0,723,0,43,37,0,80,549,133,121,0,803,0,0,0,803
07/31/2010,FLL,FL,ASO,ES,Towers with Radar,509,81,68,0,658,0,24,35,0,59,509,105,103,0,717,0,0,0,717
08/01/2010,FLL,FL,ASO,ES,Towers with Radar,492,76,63,0,631,0,21,26,0,47,492,97,89,0,678,0,0,0,678
08/02/2010,FLL,FL,ASO,ES,Towers with Radar,521,84,53,1,659,0,34,26,2,62,521,118,79,3,721,0,0,0,721
08/03/2010,FLL,FL,ASO,ES,Towers with Radar,522,82,65,1,670,0,31,26,0,57,522,113,91,1,727,0,0,0,727
08/04/2010,FLL,FL,ASO,ES,Towers with Radar,498,86,54,0,638,1,22,31,0,54,499,108,85,0,692,0,0,0,692
08/05/2010,FLL,FL,ASO,ES,Towers with Radar,510,89,64,0,663,1,22,45,0,68,511,111,109,0,731,0,0,0,731
08/06/2010,FLL,FL,ASO,ES,Towers with Radar,521,96,75,0,692,0,30,21,0,51,521,126,96,0,743,0,0,0,743
08/07/2010,FLL,FL,ASO,ES,Towers with Radar,508,95,64,0,667,0,21,30,0,51,508,116,94,0,718,0,0,0,718
08/08/2010,FLL,FL,ASO,ES,Towers with Radar,484,100,67,0,651,0,11,12,0,23,484,111,79,0,674,0,0,0,674
08/09/2010,FLL,FL,ASO,ES,Towers with Radar,521,90,81,0,692,0,30,25,0,55,521,120,106,0,747,0,0,0,747
08/10/2010,FLL,FL,ASO,ES,Towers with Radar,513,90,62,1,666,0,19,11,0,30,513,109,73,1,696,0,0,0,696
08/11/2010,FLL,FL,ASO,ES,Towers with Radar,508,84,75,2,669,0,25,43,2,70,508,109,118,4,739,0,0,0,739
08/12/2010,FLL,FL,ASO,ES,Towers with Radar,503,90,40,1,634,0,25,43,0,68,503,115,83,1,702,0,0,0,702
08/13/2010,FLL,FL,ASO,ES,Towers with Radar,526,77,61,3,667,0,33,39,1,73,526,110,100,4,740,0,0,0,740
08/14/2010,FLL,FL,ASO,ES,Towers with Radar,498,86,60,4,648,0,19,30,0,49,498,105,90,4,697,0,0,0,697
08/15/2010,FLL,FL,ASO,ES,Towers with Radar,493,92,50,0,635,0,18,21,0,39,493,110,71,0,674,0,0,0,674
08/16/2010,FLL,FL,ASO,ES,Towers with Radar,474,80,75,0,629,0,28,31,0,59,474,108,106,0,688,0,0,0,688
08/17/2010,FLL,FL,ASO,ES,Towers with Radar,474,68,61,2,605,0,21,30,0,51,474,89,91,2,656,0,0,0,656
08/18/2010,FLL,FL,ASO,ES,Towers with Radar,467,73,76,2,618,0,15,27,0,42,467,88,103,2,660,0,0,0,660
08/19/2010,FLL,FL,ASO,ES,Towers with Radar,489,79,64,0,632,1,11,36,0,48,490,90,100,0,680,0,0,0,680
08/20/2010,FLL,FL,ASO,ES,Towers with Radar,497,72,63,2,634,1,27,31,2,61,498,99,94,4,695,0,0,0,695
08/21/2010,FLL,FL,ASO,ES,Towers with Radar,479,68,37,0,584,0,27,19,0,46,479,95,56,0,630,0,0,0,630
08/22/2010,FLL,FL,ASO,ES,Towers with Radar,449,67,69,0,585,0,13,25,0,38,449,80,94,0,623,0,0,0,623
08/23/2010,FLL,FL,ASO,ES,Towers with Radar,491,72,55,0,618,0,19,31,0,50,491,91,86,0,668,0,0,0,668
08/24/2010,FLL,FL,ASO,ES,Towers with Radar,483,68,54,1,606,0,27,41,0,68,483,95,95,1,674,0,0,0,674
08/25/2010,FLL,FL,ASO,ES,Towers with Radar,467,62,86,0,615,2,16,27,0,45,469,78,113,0,660,0,0,0,660
08/26/2010,FLL,FL,ASO,ES,Towers with Radar,482,68,85,2,637,0,11,53,2,66,482,79,138,4,703,0,0,0,703
08/27/2010,FLL,FL,ASO,ES,Towers with Radar,490,78,61,0,629,1,29,36,0,66,491,107,97,0,695,0,0,0,695
08/28/2010,FLL,FL,ASO,ES,Towers with Radar,466,57,50,0,573,0,17,27,0,44,466,74,77,0,617,0,0,0,617
08/29/2010,FLL,FL,ASO,ES,Towers with Radar,456,68,58,0,582,1,12,17,0,30,457,80,75,0,612,0,0,0,612
08/30/2010,FLL,FL,ASO,ES,Towers with Radar,473,70,65,0,608,0,21,22,0,43,473,91,87,0,651,0,0,0,651
08/31/2010,FLL,FL,ASO,ES,Towers with Radar,470,62,60,2,594,0,29,32,0,61,470,91,92,2,655,0,0,0,655
09/01/2010,FLL,FL,ASO,ES,Towers with Radar,473,65,53,0,591,0,11,35,0,46,473,76,88,0,637,0,0,0,637
09/02/2010,FLL,FL,ASO,ES,Towers with Radar,485,60,63,1,609,2,20,37,0,59,487,80,100,1,668,0,0,0,668
09/03/2010,FLL,FL,ASO,ES,Towers with Radar,485,74,79,2,640,2,29,30,0,61,487,103,109,2,701,0,0,0,701
09/04/2010,FLL,FL,ASO,ES,Towers with Radar,469,58,37,0,564,0,13,34,0,47,469,71,71,0,611,0,0,0,611
09/05/2010,FLL,FL,ASO,ES,Towers with Radar,431,41,25,0,497,1,15,12,0,28,432,56,37,0,525,0,0,0,525
09/06/2010,FLL,FL,ASO,ES,Towers with Radar,455,55,62,0,572,0,22,41,0,63,455,77,103,0,635,0,0,0,635
09/07/2010,FLL,FL,ASO,ES,Towers with Radar,439,57,66,0,562,0,27,32,0,59,439,84,98,0,621,0,0,0,621
09/08/2010,FLL,FL,ASO,ES,Towers with Radar,416,78,40,0,534,1,19,29,0,49,417,97,69,0,583,0,0,0,583
09/09/2010,FLL,FL,ASO,ES,Towers with Radar,460,70,56,0,586,0,20,29,0,49,460,90,85,0,635,0,0,0,635
09/10/2010,FLL,FL,ASO,ES,Towers with Radar,478,69,88,0,635,0,25,43,0,68,478,94,131,0,703,0,0,0,703
09/11/2010,FLL,FL,ASO,ES,Towers with Radar,432,52,36,0,520,0,12,18,0,30,432,64,54,0,550,0,0,0,550
09/12/2010,FLL,FL,ASO,ES,Towers with Radar,443,61,58,0,562,0,13,27,0,40,443,74,85,0,602,0,0,0,602
09/13/2010,FLL,FL,ASO,ES,Towers with Radar,445,75,78,0,598,0,20,28,0,48,445,95,106,0,646,0,0,0,646
09/14/2010,FLL,FL,ASO,ES,Towers with Radar,419,71,56,2,548,0,7,28,0,35,419,78,84,2,583,0,0,0,583
09/15/2010,FLL,FL,ASO,ES,Towers with Radar,411,68,42,2,523,2,24,41,1,68,413,92,83,3,591,0,0,0,591
09/16/2010,FLL,FL,ASO,ES,Towers with Radar,449,78,68,0,595,0,13,41,0,54,449,91,109,0,649,0,0,0,649
09/17/2010,FLL,FL,ASO,ES,Towers with Radar,471,79,73,2,625,1,23,52,0,76,472,102,125,2,701,0,0,0,701
09/18/2010,FLL,FL,ASO,ES,Towers with Radar,430,74,38,2,544,0,18,22,0,40,430,92,60,2,584,0,0,0,584
09/19/2010,FLL,FL,ASO,ES,Towers with Radar,441,66,60,1,568,0,13,34,1,48,441,79,94,2,616,0,0,0,616
09/20/2010,FLL,FL,ASO,ES,Towers with Radar,444,66,64,2,576,0,18,31,0,49,444,84,95,2,625,0,0,0,625
09/21/2010,FLL,FL,ASO,ES,Towers with Radar,420,59,51,3,533,0,25,28,0,53,420,84,79,3,586,0,0,0,586
09/22/2010,FLL,FL,ASO,ES,Towers with Radar,407,62,48,0,517,0,21,42,2,65,407,83,90,2,582,0,0,0,582
09/23/2010,FLL,FL,ASO,ES,Towers with Radar,461,61,64,0,586,0,14,28,0,42,461,75,92,0,628,0,0,0,628
09/24/2010,FLL,FL,ASO,ES,Towers with Radar,476,69,59,2,606,0,16,33,0,49,476,85,92,2,655,0,0,0,655
09/25/2010,FLL,FL,ASO,ES,Towers with Radar,434,53,46,0,533,0,7,25,0,32,434,60,71,0,565,0,0,0,565
09/26/2010,FLL,FL,ASO,ES,Towers with Radar,421,67,62,0,550,0,11,31,0,42,421,78,93,0,592,0,0,0,592
09/27/2010,FLL,FL,ASO,ES,Towers with Radar,439,66,71,3,579,0,12,36,0,48,439,78,107,3,627,0,0,0,627
09/28/2010,FLL,FL,ASO,ES,Towers with Radar,416,72,65,2,555,1,15,23,0,39,417,87,88,2,594,0,0,0,594
09/29/2010,FLL,FL,ASO,ES,Towers with Radar,413,60,29,0,502,0,3,0,0,3,413,63,29,0,505,0,0,0,505
09/30/2010,FLL,FL,ASO,ES,Towers with Radar,431,70,69,0,570,0,13,33,0,46,431,83,102,0,616,0,0,0,616
10/01/2010,FLL,FL,ASO,ES,Towers with Radar,466,59,76,1,602,1,20,51,0,72,467,79,127,1,674,0,0,0,674
10/02/2010,FLL,FL,ASO,ES,Towers with Radar,447,55,50,0,552,0,7,17,0,24,447,62,67,0,576,0,0,0,576
10/03/2010,FLL,FL,ASO,ES,Towers with Radar,432,59,62,0,553,0,8,35,1,44,432,67,97,1,597,0,0,0,597
10/04/2010,FLL,FL,ASO,ES,Towers with Radar,459,63,64,0,586,0,21,45,0,66,459,84,109,0,652,0,0,0,652
10/05/2010,FLL,FL,ASO,ES,Towers with Radar,421,75,53,0,549,0,18,23,0,41,421,93,76,0,590,0,0,0,590
10/06/2010,FLL,FL,ASO,ES,Towers with Radar,422,69,58,2,551,0,17,24,0,41,422,86,82,2,592,0,0,0,592
10/07/2010,FLL,FL,ASO,ES,Towers with Radar,469,61,85,0,615,0,15,31,0,46,469,76,116,0,661,0,0,0,661
10/08/2010,FLL,FL,ASO,ES,Towers with Radar,472,60,89,2,623,0,35,57,0,92,472,95,146,2,715,0,0,0,715
10/09/2010,FLL,FL,ASO,ES,Towers with Radar,450,55,64,4,573,0,14,43,0,57,450,69,107,4,630,0,0,0,630
10/10/2010,FLL,FL,ASO,ES,Towers with Radar,446,57,41,0,544,0,16,23,0,39,446,73,64,0,583,0,0,0,583
10/11/2010,FLL,FL,ASO,ES,Towers with Radar,456,67,77,0,600,0,17,46,0,63,456,84,123,0,663,0,0,0,663
10/12/2010,FLL,FL,ASO,ES,Towers with Radar,443,66,75,3,587,0,27,48,0,75,443,93,123,3,662,0,0,0,662
10/13/2010,FLL,FL,ASO,ES,Towers with Radar,432,72,68,3,575,1,22,40,2,65,433,94,108,5,640,0,0,0,640
10/14/2010,FLL,FL,ASO,ES,Towers with Radar,468,75,64,0,607,0,10,32,0,42,468,85,96,0,649,0,0,0,649
10/15/2010,FLL,FL,ASO,ES,Towers with Radar,481,70,64,2,617,0,16,40,0,56,481,86,104,2,673,0,0,0,673
10/16/2010,FLL,FL,ASO,ES,Towers with Radar,451,51,71,0,573,0,9,21,0,30,451,60,92,0,603,0,0,0,603
10/17/2010,FLL,FL,ASO,ES,Towers with Radar,445,68,62,3,578,0,7,27,3,37,445,75,89,6,615,0,0,0,615
10/18/2010,FLL,FL,ASO,ES,Towers with Radar,456,65,77,1,599,0,15,42,0,57,456,80,119,1,656,0,0,0,656
10/19/2010,FLL,FL,ASO,ES,Towers with Radar,443,70,90,0,603,0,17,38,0,55,443,87,128,0,658,0,0,0,658
10/20/2010,FLL,FL,ASO,ES,Towers with Radar,430,80,72,2,584,0,13,35,0,48,430,93,107,2,632,0,0,0,632
10/21/2010,FLL,FL,ASO,ES,Towers with Radar,468,72,86,2,628,0,12,48,0,60,468,84,134,2,688,0,0,0,688
10/22/2010,FLL,FL,ASO,ES,Towers with Radar,481,68,70,0,619,0,17,49,0,66,481,85,119,0,685,0,0,0,685
10/23/2010,FLL,FL,ASO,ES,Towers with Radar,448,65,55,2,570,0,8,33,0,41,448,73,88,2,611,0,0,0,611
10/24/2010,FLL,FL,ASO,ES,Towers with Radar,446,58,84,0,588,0,8,28,0,36,446,66,112,0,624,0,0,0,624
10/25/2010,FLL,FL,ASO,ES,Towers with Radar,458,72,72,0,602,0,15,41,0,56,458,87,113,0,658,0,0,0,658
10/26/2010,FLL,FL,ASO,ES,Towers with Radar,443,73,72,0,588,0,13,49,0,62,443,86,121,0,650,0,0,0,650
10/27/2010,FLL,FL,ASO,ES,Towers with Radar,421,84,103,0,608,0,16,42,0,58,421,100,145,0,666,0,0,0,666
10/28/2010,FLL,FL,ASO,ES,Towers with Radar,467,96,174,0,737,0,12,57,1,70,467,108,231,1,807,0,0,0,807
10/29/2010,FLL,FL,ASO,ES,Towers with Radar,478,112,131,2,723,1,22,60,0,83,479,134,191,2,806,0,0,0,806
10/30/2010,FLL,FL,ASO,ES,Towers with Radar,447,78,109,0,634,0,9,60,0,69,447,87,169,0,703,0,0,0,703
10/31/2010,FLL,FL,ASO,ES,Towers with Radar,460,85,110,0,655,2,8,36,0,46,462,93,146,0,701,0,0,0,701
11/01/2010,FLL,FL,ASO,ES,Towers with Radar,472,87,86,2,647,0,18,24,2,44,472,105,110,4,691,0,0,0,691
11/02/2010,FLL,FL,ASO,ES,Towers with Radar,436,100,66,0,602,0,30,60,0,90,436,130,126,0,692,0,0,0,692
11/03/2010,FLL,FL,ASO,ES,Towers with Radar,449,97,84,0,630,0,14,20,3,37,449,111,104,3,667,0,0,0,667
11/04/2010,FLL,FL,ASO,ES,Towers with Radar,478,90,85,0,653,0,11,34,0,45,478,101,119,0,698,0,0,0,698
11/05/2010,FLL,FL,ASO,ES,Towers with Radar,492,78,78,0,648,2,27,52,1,82,494,105,130,1,730,0,0,0,730
11/06/2010,FLL,FL,ASO,ES,Towers with Radar,474,74,55,2,605,0,11,45,0,56,474,85,100,2,661,0,0,0,661
11/07/2010,FLL,FL,ASO,ES,Towers with Radar,508,71,92,0,671,0,7,31,0,38,508,78,123,0,709,0,0,0,709
11/08/2010,FLL,FL,ASO,ES,Towers with Radar,492,72,82,6,652,0,15,36,0,51,492,87,118,6,703,0,0,0,703
11/09/2010,FLL,FL,ASO,ES,Towers with Radar,470,76,71,0,617,0,24,31,0,55,470,100,102,0,672,0,0,0,672
11/10/2010,FLL,FL,ASO,ES,Towers with Radar,474,90,78,1,643,0,14,60,4,78,474,104,138,5,721,0,0,0,721
11/11/2010,FLL,FL,ASO,ES,Towers with Radar,529,94,87,1,711,0,23,64,0,87,529,117,151,1,798,0,0,0,798
11/12/2010,FLL,FL,ASO,ES,Towers with Radar,535,86,84,3,708,0,25,40,0,65,535,111,124,3,773,0,0,0,773
11/13/2010,FLL,FL,ASO,ES,Towers with Radar,505,79,64,5,653,0,9,30,0,39,505,88,94,5,692,0,0,0,692
11/14/2010,FLL,FL,ASO,ES,Towers with Radar,523,83,82,0,688,0,14,50,0,64,523,97,132,0,752,0,0,0,752
11/15/2010,FLL,FL,ASO,ES,Towers with Radar,512,76,76,3,667,0,24,41,2,67,512,100,117,5,734,0,0,0,734
11/16/2010,FLL,FL,ASO,ES,Towers with Radar,488,78,94,1,661,0,16,48,0,64,488,94,142,1,725,0,0,0,725
11/17/2010,FLL,FL,ASO,ES,Towers with Radar,497,87,65,0,649,0,24,41,0,65,497,111,106,0,714,0,0,0,714
11/18/2010,FLL,FL,ASO,ES,Towers with Radar,565,87,91,0,743,0,21,40,1,62,565,108,131,1,805,0,0,0,805
11/19/2010,FLL,FL,ASO,ES,Towers with Radar,573,110,81,2,766,0,21,72,1,94,573,131,153,3,860,0,0,0,860
11/20/2010,FLL,FL,ASO,ES,Towers with Radar,542,84,94,0,720,0,17,49,0,66,542,101,143,0,786,0,0,0,786
11/21/2010,FLL,FL,ASO,ES,Towers with Radar,566,75,94,0,735,0,13,27,0,40,566,88,121,0,775,0,0,0,775
11/22/2010,FLL,FL,ASO,ES,Towers with Radar,561,67,65,0,693,0,19,46,0,65,561,86,111,0,758,0,0,0,758
11/23/2010,FLL,FL,ASO,ES,Towers with Radar,593,105,99,2,799,0,23,56,0,79,593,128,155,2,878,0,0,0,878
11/24/2010,FLL,FL,ASO,ES,Towers with Radar,589,103,92,0,784,0,36,51,0,87,589,139,143,0,871,0,0,0,871
11/25/2010,FLL,FL,ASO,ES,Towers with Radar,475,63,42,0,580,0,16,16,1,33,475,79,58,1,613,0,0,0,613
11/26/2010,FLL,FL,ASO,ES,Towers with Radar,521,93,70,1,685,0,19,40,0,59,521,112,110,1,744,0,0,0,744
11/27/2010,FLL,FL,ASO,ES,Towers with Radar,564,80,58,0,702,0,13,22,0,35,564,93,80,0,737,0,0,0,737
11/28/2010,FLL,FL,ASO,ES,Towers with Radar,587,118,151,0,856,0,29,67,0,96,587,147,218,0,952,0,0,0,952
11/29/2010,FLL,FL,ASO,ES,Towers with Radar,591,90,87,4,772,2,34,53,0,89,593,124,140,4,861,0,0,0,861
11/30/2010,FLL,FL,ASO,ES,Towers with Radar,544,91,73,0,708,0,17,56,0,73,544,108,129,0,781,0,0,0,781
12/01/2010,FLL,FL,ASO,ES,Towers with Radar,523,77,81,3,684,0,14,36,0,50,523,91,117,3,734,0,0,0,734
12/02/2010,FLL,FL,ASO,ES,Towers with Radar,570,112,86,1,769,0,16,45,0,61,570,128,131,1,830,0,0,0,830
12/03/2010,FLL,FL,ASO,ES,Towers with Radar,561,96,88,3,748,0,23,37,4,64,561,119,125,7,812,0,0,0,812
12/04/2010,FLL,FL,ASO,ES,Towers with Radar,523,90,49,0,662,0,3,40,0,43,523,93,89,0,705,0,0,0,705
12/05/2010,FLL,FL,ASO,ES,Towers with Radar,538,81,73,5,697,0,15,37,0,52,538,96,110,5,749,0,0,0,749
12/06/2010,FLL,FL,ASO,ES,Towers with Radar,530,74,66,0,670,0,20,36,0,56,530,94,102,0,726,0,0,0,726
12/07/2010,FLL,FL,ASO,ES,Towers with Radar,482,84,71,2,639,2,23,39,0,64,484,107,110,2,703,0,0,0,703
12/08/2010,FLL,FL,ASO,ES,Towers with Radar,493,81,95,0,669,0,17,42,0,59,493,98,137,0,728,0,0,0,728
12/09/2010,FLL,FL,ASO,ES,Towers with Radar,547,81,90,3,721,0,11,34,0,45,547,92,124,3,766,0,0,0,766
12/10/2010,FLL,FL,ASO,ES,Towers with Radar,578,88,83,0,749,0,20,64,2,86,578,108,147,2,835,0,0,0,835
12/11/2010,FLL,FL,ASO,ES,Towers with Radar,526,80,51,0,657,0,13,36,2,51,526,93,87,2,708,0,0,0,708
12/12/2010,FLL,FL,ASO,ES,Towers with Radar,494,55,85,3,637,1,14,27,0,42,495,69,112,3,679,0,0,0,679
12/13/2010,FLL,FL,ASO,ES,Towers with Radar,546,81,75,1,703,0,25,34,0,59,546,106,109,1,762,0,0,0,762
12/14/2010,FLL,FL,ASO,ES,Towers with Radar,515,80,87,2,684,0,18,36,0,54,515,98,123,2,738,0,0,0,738
12/15/2010,FLL,FL,ASO,ES,Towers with Radar,511,91,87,0,689,0,21,53,0,74,511,112,140,0,763,0,0,0,763
12/16/2010,FLL,FL,ASO,ES,Towers with Radar,603,88,77,3,771,0,21,50,0,71,603,109,127,3,842,0,0,0,842
12/17/2010,FLL,FL,ASO,ES,Towers with Radar,613,104,103,2,822,0,25,48,1,74,613,129,151,3,896,0,0,0,896
12/18/2010,FLL,FL,ASO,ES,Towers with Radar,601,98,105,1,805,0,12,17,0,29,601,110,122,1,834,0,0,0,834
12/19/2010,FLL,FL,ASO,ES,Towers with Radar,620,85,106,2,813,0,15,41,0,56,620,100,147,2,869,0,0,0,869
12/20/2010,FLL,FL,ASO,ES,Towers with Radar,619,88,85,0,792,0,19,29,0,48,619,107,114,0,840,0,0,0,840
12/21/2010,FLL,FL,ASO,ES,Towers with Radar,651,100,75,0,826,0,24,45,0,69,651,124,120,0,895,0,0,0,895
12/22/2010,FLL,FL,ASO,ES,Towers with Radar,644,100,102,2,848,2,21,56,0,79,646,121,158,2,927,0,0,0,927
12/23/2010,FLL,FL,ASO,ES,Towers with Radar,663,103,73,2,841,0,26,46,0,72,663,129,119,2,913,0,0,0,913
12/24/2010,FLL,FL,ASO,ES,Towers with Radar,605,74,42,0,721,0,19,28,0,47,605,93,70,0,768,0,0,0,768
12/25/2010,FLL,FL,ASO,ES,Towers with Radar,557,79,40,0,676,1,4,12,0,17,558,83,52,0,693,0,0,0,693
12/26/2010,FLL,FL,ASO,ES,Towers with Radar,534,120,161,0,815,0,23,41,0,64,534,143,202,0,879,0,0,0,879
12/27/2010,FLL,FL,ASO,ES,Towers with Radar,495,109,131,0,735,0,26,49,0,75,495,135,180,0,810,0,0,0,810
12/28/2010,FLL,FL,ASO,ES,Towers with Radar,572,115,122,2,811,1,18,51,0,70,573,133,173,2,881,0,0,0,881
12/29/2010,FLL,FL,ASO,ES,Towers with Radar,620,90,123,2,835,0,19,52,0,71,620,109,175,2,906,0,0,0,906
12/30/2010,FLL,FL,ASO,ES,Towers with Radar,633,94,95,1,823,1,30,54,0,85,634,124,149,1,908,0,0,0,908
12/31/2010,FLL,FL,ASO,ES,Towers with Radar,617,75,34,0,726,0,23,38,0,61,617,98,72,0,787,0,0,0,787
01/01/2011,FLL,FL,ASO,ES,Towers with Radar,603,111,62,0,776,0,19,32,0,51,603,130,94,0,827,0,0,0,827
01/02/2011,FLL,FL,ASO,ES,Towers with Radar,634,139,212,2,987,0,24,56,0,80,634,163,268,2,1067,0,0,0,1067
01/03/2011,FLL,FL,ASO,ES,Towers with Radar,631,132,151,2,916,0,15,70,0,85,631,147,221,2,1001,0,0,0,1001
01/04/2011,FLL,FL,ASO,ES,Towers with Radar,624,87,107,1,819,0,16,46,2,64,624,103,153,3,883,0,0,0,883
01/05/2011,FLL,FL,ASO,ES,Towers with Radar,576,85,66,2,729,0,17,50,1,68,576,102,116,3,797,0,0,0,797
01/06/2011,FLL,FL,ASO,ES,Towers with Radar,605,94,62,1,762,0,18,37,0,55,605,112,99,1,817,0,0,0,817
01/07/2011,FLL,FL,ASO,ES,Towers with Radar,589,76,92,6,763,0,16,63,0,79,589,92,155,6,842,0,0,0,842
01/08/2011,FLL,FL,ASO,ES,Towers with Radar,573,74,62,2,711,1,17,24,0,42,574,91,86,2,753,0,0,0,753
01/09/2011,FLL,FL,ASO,ES,Towers with Radar,567,81,104,0,752,0,10,51,0,61,567,91,155,0,813,0,0,0,813
01/10/2011,FLL,FL,ASO,ES,Towers with Radar,531,83,89,0,703,0,14,42,0,56,531,97,131,0,759,0,0,0,759
01/11/2011,FLL,FL,ASO,ES,Towers with Radar,461,81,80,4,626,0,15,22,0,37,461,96,102,4,663,0,0,0,663
01/12/2011,FLL,FL,ASO,ES,Towers with Radar,440,76,83,1,600,0,9,24,1,34,440,85,107,2,634,0,0,0,634
01/13/2011,FLL,FL,ASO,ES,Towers with Radar,584,97,92,1,774,0,19,46,0,65,584,116,138,1,839,0,0,0,839
01/14/2011,FLL,FL,ASO,ES,Towers with Radar,580,90,102,3,775,0,18,42,0,60,580,108,144,3,835,0,0,0,835
01/15/2011,FLL,FL,ASO,ES,Towers with Radar,574,69,61,1,705,0,11,46,0,57,574,80,107,1,762,0,0,0,762
01/16/2011,FLL,FL,ASO,ES,Towers with Radar,567,75,88,0,730,0,5,26,0,31,567,80,114,0,761,0,0,0,761
01/17/2011,FLL,FL,ASO,ES,Towers with Radar,565,95,66,0,726,0,9,16,0,25,565,104,82,0,751,0,0,0,751
01/18/2011,FLL,FL,ASO,ES,Towers with Radar,508,82,80,2,672,0,19,43,0,62,508,101,123,2,734,0,0,0,734
01/19/2011,FLL,FL,ASO,ES,Towers with Radar,529,76,101,4,710,0,10,21,0,31,529,86,122,4,741,0,0,0,741
01/20/2011,FLL,FL,ASO,ES,Towers with Radar,582,88,115,0,785,0,22,32,0,54,582,110,147,0,839,0,0,0,839
01/21/2011,FLL,FL,ASO,ES,Towers with Radar,574,85,83,1,743,0,14,25,2,41,574,99,108,3,784,0,0,0,784
01/22/2011,FLL,FL,ASO,ES,Towers with Radar,571,83,66,1,721,0,1,14,0,15,571,84,80,1,736,0,0,0,736
01/23/2011,FLL,FL,ASO,ES,Towers with Radar,563,74,91,2,730,0,6,18,1,25,563,80,109,3,755,0,0,0,755
01/24/2011,FLL,FL,ASO,ES,Towers with Radar,560,76,98,1,735,0,22,44,0,66,560,98,142,1,801,0,0,0,801
01/25/2011,FLL,FL,ASO,ES,Towers with Radar,522,71,66,2,661,0,24,21,0,45,522,95,87,2,706,0,0,0,706
01/26/2011,FLL,FL,ASO,ES,Towers with Radar,475,75,77,2,629,0,10,33,0,43,475,85,110,2,672,0,0,0,672
01/27/2011,FLL,FL,ASO,ES,Towers with Radar,518,84,103,4,709,0,21,39,0,60,518,105,142,4,769,0,0,0,769
01/28/2011,FLL,FL,ASO,ES,Towers with Radar,572,92,104,3,771,0,17,44,0,61,572,109,148,3,832,0,0,0,832
01/29/2011,FLL,FL,ASO,ES,Towers with Radar,567,66,64,1,698,0,7,36,0,43,567,73,100,1,741,0,0,0,741
01/30/2011,FLL,FL,ASO,ES,Towers with Radar,560,90,82,1,733,0,9,25,0,34,560,99,107,1,767,0,0,0,767
01/31/2011,FLL,FL,ASO,ES,Towers with Radar,566,78,82,0,726,0,19,31,0,50,566,97,113,0,776,0,0,0,776
02/01/2011,FLL,FL,ASO,ES,Towers with Radar,401,70,60,2,533,0,13,37,0,50,401,83,97,2,583,0,0,0,583
02/02/2011,FLL,FL,ASO,ES,Towers with Radar,418,80,64,0,562,0,18,47,0,65,418,98,111,0,627,0,0,0,627
02/03/2011,FLL,FL,ASO,ES,Towers with Radar,556,94,99,2,751,0,19,36,0,55,556,113,135,2,806,0,0,0,806
02/04/2011,FLL,FL,ASO,ES,Towers with Radar,567,96,79,1,743,2,15,44,2,63,569,111,123,3,806,0,0,0,806
02/05/2011,FLL,FL,ASO,ES,Towers with Radar,566,83,57,1,707,0,5,19,0,24,566,88,76,1,731,0,0,0,731
02/06/2011,FLL,FL,ASO,ES,Towers with Radar,560,78,64,0,702,0,9,21,0,30,560,87,85,0,732,0,0,0,732
02/07/2011,FLL,FL,ASO,ES,Towers with Radar,572,84,93,2,751,0,24,38,0,62,572,108,131,2,813,0,0,0,813
02/08/2011,FLL,FL,ASO,ES,Towers with Radar,541,75,72,0,688,0,20,39,0,59,541,95,111,0,747,0,0,0,747
02/09/2011,FLL,FL,ASO,ES,Towers with Radar,529,85,70,0,684,0,13,51,0,64,529,98,121,0,748,0,0,0,748
02/10/2011,FLL,FL,ASO,ES,Towers with Radar,578,76,88,0,742,0,9,25,0,34,578,85,113,0,776,0,0,0,776
02/11/2011,FLL,FL,ASO,ES,Towers with Radar,588,85,98,1,772,0,16,31,0,47,588,101,129,1,819,0,0,0,819
02/12/2011,FLL,FL,ASO,ES,Towers with Radar,568,77,74,0,719,0,7,17,0,24,568,84,91,0,743,0,0,0,743
02/13/2011,FLL,FL,ASO,ES,Towers with Radar,577,76,74,2,729,0,13,32,0,45,577,89,106,2,774,0,0,0,774
02/14/2011,FLL,FL,ASO,ES,Towers with Radar,573,67,82,0,722,0,15,34,0,49,573,82,116,0,771,0,0,0,771
02/15/2011,FLL,FL,ASO,ES,Towers with Radar,530,85,83,0,698,1,22,41,0,64,531,107,124,0,762,0,0,0,762
02/16/2011,FLL,FL,ASO,ES,Towers with Radar,545,94,120,0,759,0,16,60,0,76,545,110,180,0,835,0,0,0,835
02/17/2011,FLL,FL,ASO,ES,Towers with Radar,606,128,156,1,891,0,18,58,1,77,606,146,214,2,968,0,0,0,968
02/18/2011,FLL,FL,ASO,ES,Towers with Radar,622,92,200,1,915,0,20,47,1,68,622,112,247,2,983,0,0,0,983
02/19/2011,FLL,FL,ASO,ES,Towers with Radar,599,83,95,1,778,0,13,24,1,38,599,96,119,2,816,0,0,0,816
02/20/2011,FLL,FL,ASO,ES,Towers with Radar,594,114,100,0,808,0,20,37,0,57,594,134,137,0,865,0,0,0,865
02/21/2011,FLL,FL,ASO,ES,Towers with Radar,597,99,124,0,820,0,27,52,0,79,597,126,176,0,899,0,0,0,899
02/22/2011,FLL,FL,ASO,ES,Towers with Radar,612,94,95,4,805,0,27,48,1,76,612,121,143,5,881,0,0,0,881
02/23/2011,FLL,FL,ASO,ES,Towers with Radar,605,108,79,12,804,0,16,42,0,58,605,124,121,12,862,0,0,0,862
02/24/2011,FLL,FL,ASO,ES,Towers with Radar,613,98,83,12,806,2,9,58,0,69,615,107,141,12,875,0,0,0,875
02/25/2011,FLL,FL,ASO,ES,Towers with Radar,612,91,96,7,806,0,25,57,0,82,612,116,153,7,888,0,0,0,888
02/26/2011,FLL,FL,ASO,ES,Towers with Radar,615,85,86,4,790,2,9,20,2,33,617,94,106,6,823,0,0,0,823
02/27/2011,FLL,FL,ASO,ES,Towers with Radar,600,77,90,1,768,0,8,37,0,45,600,85,127,1,813,0,0,0,813
02/28/2011,FLL,FL,ASO,ES,Towers with Radar,608,78,72,1,759,0,15,49,0,64,608,93,121,1,823,0,0,0,823
03/01/2011,FLL,FL,ASO,ES,Towers with Radar,605,78,69,1,753,2,12,41,0,55,607,90,110,1,808,0,0,0,808
03/02/2011,FLL,FL,ASO,ES,Towers with Radar,586,92,84,0,762,2,15,46,0,63,588,107,130,0,825,0,0,0,825
03/03/2011,FLL,FL,ASO,ES,Towers with Radar,610,97,110,4,821,0,19,34,0,53,610,116,144,4,874,0,0,0,874
03/04/2011,FLL,FL,ASO,ES,Towers with Radar,619,128,147,0,894,2,25,28,0,55,621,153,175,0,949,0,0,0,949
03/05/2011,FLL,FL,ASO,ES,Towers with Radar,611,87,112,0,810,2,9,39,0,50,613,96,151,0,860,0,0,0,860
03/06/2011,FLL,FL,ASO,ES,Towers with Radar,592,87,90,1,770,0,10,19,0,29,592,97,109,1,799,0,0,0,799
03/07/2011,FLL,FL,ASO,ES,Towers with Radar,610,73,67,0,750,2,20,47,0,69,612,93,114,0,819,0,0,0,819
03/08/2011,FLL,FL,ASO,ES,Towers with Radar,587,72,79,2,740,2,20,43,0,65,589,92,122,2,805,0,0,0,805
03/09/2011,FLL,FL,ASO,ES,Towers with Radar,580,85,95,0,760,2,16,47,0,65,582,101,142,0,825,0,0,0,825
03/10/2011,FLL,FL,ASO,ES,Towers with Radar,596,93,87,1,777,0,9,24,0,33,596,102,111,1,810,0,0,0,810
03/11/2011,FLL,FL,ASO,ES,Towers with Radar,641,112,131,1,885,3,31,73,2,109,644,143,204,3,994,0,0,0,994
03/12/2011,FLL,FL,ASO,ES,Towers with Radar,632,96,113,0,841,2,22,62,0,86,634,118,175,0,927,0,0,0,927
03/13/2011,FLL,FL,ASO,ES,Towers with Radar,602,98,129,0,829,0,24,66,0,90,602,122,195,0,919,0,0,0,919
03/14/2011,FLL,FL,ASO,ES,Towers with Radar,601,86,69,0,756,2,30,43,0,75,603,116,112,0,831,0,0,0,831
03/15/2011,FLL,FL,ASO,ES,Towers with Radar,594,98,93,1,786,2,25,45,0,72,596,123,138,1,858,0,0,0,858
03/16/2011,FLL,FL,ASO,ES,Towers with Radar,583,86,91,0,760,2,31,67,0,100,585,117,158,0,860,0,0,0,860
03/17/2011,FLL,FL,ASO,ES,Towers with Radar,614,97,108,0,819,2,22,63,0,87,616,119,171,0,906,0,0,0,906
03/18/2011,FLL,FL,ASO,ES,Towers with Radar,614,92,116,0,822,2,30,75,0,107,616,122,191,0,929,0,0,0,929
03/19/2011,FLL,FL,ASO,ES,Towers with Radar,628,100,88,1,817,2,24,58,2,86,630,124,146,3,903,0,0,0,903
03/20/2011,FLL,FL,ASO,ES,Towers with Radar,603,105,114,1,823,0,25,71,0,96,603,130,185,1,919,0,0,0,919
03/21/2011,FLL,FL,ASO,ES,Towers with Radar,606,74,103,1,784,0,24,45,1,70,606,98,148,2,854,0,0,0,854
03/22/2011,FLL,FL,ASO,ES,Towers with Radar,589,65,85,1,740,2,19,42,1,64,591,84,127,2,804,0,0,0,804
03/23/2011,FLL,FL,ASO,ES,Towers with Radar,569,71,98,1,739,3,24,56,0,83,572,95,154,1,822,0,0,0,822
03/24/2011,FLL,FL,ASO,ES,Towers with Radar,660,71,102,2,835,0,26,78,0,104,660,97,180,2,939,0,0,0,939
03/25/2011,FLL,FL,ASO,ES,Towers with Radar,624,101,131,0,856,2,30,68,1,101,626,131,199,1,957,0,0,0,957
03/26/2011,FLL,FL,ASO,ES,Towers with Radar,626,89,75,2,792,0,22,73,3,98,626,111,148,5,890,0,0,0,890
03/27/2011,FLL,FL,ASO,ES,Towers with Radar,602,79,109,0,790,1,26,52,0,79,603,105,161,0,869,0,0,0,869
03/28/2011,FLL,FL,ASO,ES,Towers with Radar,572,68,73,2,715,2,25,15,6,48,574,93,88,8,763,0,0,0,763
03/29/2011,FLL,FL,ASO,ES,Towers with Radar,615,85,79,0,779,2,24,39,0,65,617,109,118,0,844,0,0,0,844
03/30/2011,FLL,FL,ASO,ES,Towers with Radar,580,78,96,0,754,0,30,60,0,90,580,108,156,0,844,0,0,0,844
03/31/2011,FLL,FL,ASO,ES,Towers with Radar,590,66,81,0,737,1,21,26,0,48,591,87,107,0,785,0,0,0,785
04/01/2011,FLL,FL,ASO,ES,Towers with Radar,627,86,94,0,807,4,31,42,0,77,631,117,136,0,884,0,0,0,884
04/02/2011,FLL,FL,ASO,ES,Towers with Radar,607,80,83,0,770,2,29,46,0,77,609,109,129,0,847,0,0,0,847
04/03/2011,FLL,FL,ASO,ES,Towers with Radar,594,78,107,0,779,0,26,41,0,67,594,104,148,0,846,0,0,0,846
04/04/2011,FLL,FL,ASO,ES,Towers with Radar,589,73,86,0,748,0,26,41,0,67,589,99,127,0,815,0,0,0,815
04/05/2011,FLL,FL,ASO,ES,Towers with Radar,564,65,89,1,719,0,22,43,0,65,564,87,132,1,784,0,0,0,784
04/06/2011,FLL,FL,ASO,ES,Towers with Radar,563,79,94,3,739,2,32,41,0,75,565,111,135,3,814,0,0,0,814
04/07/2011,FLL,FL,ASO,ES,Towers with Radar,604,73,84,0,761,2,21,59,0,82,606,94,143,0,843,0,0,0,843
04/08/2011,FLL,FL,ASO,ES,Towers with Radar,601,76,109,0,786,2,21,53,0,76,603,97,162,0,862,0,0,0,862
04/09/2011,FLL,FL,ASO,ES,Towers with Radar,606,75,84,0,765,0,26,56,2,84,606,101,140,2,849,0,0,0,849
04/10/2011,FLL,FL,ASO,ES,Towers with Radar,585,67,103,1,756,0,27,38,0,65,585,94,141,1,821,0,0,0,821
04/11/2011,FLL,FL,ASO,ES,Towers with Radar,594,61,55,0,710,0,27,41,0,68,594,88,96,0,778,0,0,0,778
04/12/2011,FLL,FL,ASO,ES,Towers with Radar,558,68,57,1,684,2,26,30,0,58,560,94,87,1,742,0,0,0,742
04/13/2011,FLL,FL,ASO,ES,Towers with Radar,554,75,72,1,702,2,19,54,0,75,556,94,126,1,777,0,0,0,777
04/14/2011,FLL,FL,ASO,ES,Towers with Radar,615,87,103,0,805,2,23,50,0,75,617,110,153,0,880,0,0,0,880
04/15/2011,FLL,FL,ASO,ES,Towers with Radar,597,102,127,2,828,1,24,52,0,77,598,126,179,2,905,0,0,0,905
04/16/2011,FLL,FL,ASO,ES,Towers with Radar,605,92,102,1,800,0,18,51,0,69,605,110,153,1,869,0,0,0,869
04/17/2011,FLL,FL,ASO,ES,Towers with Radar,607,69,102,1,779,0,24,49,0,73,607,93,151,1,852,0,0,0,852
04/18/2011,FLL,FL,ASO,ES,Towers with Radar,598,71,73,0,742,0,30,49,0,79,598,101,122,0,821,0,0,0,821
04/19/2011,FLL,FL,ASO,ES,Towers with Radar,580,68,87,0,735,2,29,61,0,92,582,97,148,0,827,0,0,0,827
04/20/2011,FLL,FL,ASO,ES,Towers with Radar,568,73,98,1,740,0,18,53,0,71,568,91,151,1,811,0,0,0,811
04/21/2011,FLL,FL,ASO,ES,Towers with Radar,615,88,91,0,794,5,50,52,0,107,620,138,143,0,901,0,0,0,901
04/22/2011,FLL,FL,ASO,ES,Towers with Radar,612,83,72,1,768,1,42,70,1,114,613,125,142,2,882,0,0,0,882
04/23/2011,FLL,FL,ASO,ES,Towers with Radar,601,79,72,0,752,0,32,55,0,87,601,111,127,0,839,0,0,0,839
04/24/2011,FLL,FL,ASO,ES,Towers with Radar,584,82,123,0,789,0,34,48,1,83,584,116,171,1,872,0,0,0,872
04/25/2011,FLL,FL,ASO,ES,Towers with Radar,593,87,127,0,807,0,37,59,1,97,593,124,186,1,904,0,0,0,904
04/26/2011,FLL,FL,ASO,ES,Towers with Radar,570,77,100,0,747,0,25,51,3,79,570,102,151,3,826,0,0,0,826
04/27/2011,FLL,FL,ASO,ES,Towers with Radar,578,83,90,0,751,0,18,53,0,71,578,101,143,0,822,0,0,0,822
04/28/2011,FLL,FL,ASO,ES,Towers with Radar,573,80,87,0,740,0,26,57,0,83,573,106,144,0,823,0,0,0,823
04/29/2011,FLL,FL,ASO,ES,Towers with Radar,608,84,102,0,794,0,27,43,2,72,608,111,145,2,866,0,0,0,866
04/30/2011,FLL,FL,ASO,ES,Towers with Radar,588,76,73,0,737,0,24,57,0,81,588,100,130,0,818,0,0,0,818
05/01/2011,FLL,FL,ASO,ES,Towers with Radar,556,86,99,0,741,0,27,53,1,81,556,113,152,1,822,0,0,0,822
05/02/2011,FLL,FL,ASO,ES,Towers with Radar,559,65,62,0,686,0,24,37,0,61,559,89,99,0,747,0,0,0,747
05/03/2011,FLL,FL,ASO,ES,Towers with Radar,515,69,69,0,653,0,25,37,0,62,515,94,106,0,715,0,0,0,715
05/04/2011,FLL,FL,ASO,ES,Towers with Radar,508,66,67,1,642,0,23,30,0,53,508,89,97,1,695,0,0,0,695
05/05/2011,FLL,FL,ASO,ES,Towers with Radar,518,70,77,1,666,0,23,24,0,47,518,93,101,1,713,0,0,0,713
05/06/2011,FLL,FL,ASO,ES,Towers with Radar,520,95,94,4,713,0,18,35,0,53,520,113,129,4,766,0,0,0,766
05/07/2011,FLL,FL,ASO,ES,Towers with Radar,510,62,53,0,625,0,19,33,0,52,510,81,86,0,677,0,0,0,677
05/08/2011,FLL,FL,ASO,ES,Towers with Radar,490,68,74,2,634,1,19,34,0,54,491,87,108,2,688,0,0,0,688
05/09/2011,FLL,FL,ASO,ES,Towers with Radar,507,81,71,0,659,0,27,28,0,55,507,108,99,0,714,0,0,0,714
05/10/2011,FLL,FL,ASO,ES,Towers with Radar,490,74,63,0,627,0,18,33,0,51,490,92,96,0,678,0,0,0,678
05/11/2011,FLL,FL,ASO,ES,Towers with Radar,479,75,45,1,600,0,16,36,0,52,479,91,81,1,652,0,0,0,652
05/12/2011,FLL,FL,ASO,ES,Towers with Radar,517,66,60,4,647,0,21,31,0,52,517,87,91,4,699,0,0,0,699
05/13/2011,FLL,FL,ASO,ES,Towers with Radar,521,81,68,1,671,0,16,43,2,61,521,97,111,3,732,0,0,0,732
05/14/2011,FLL,FL,ASO,ES,Towers with Radar,498,72,47,0,617,0,19,30,1,50,498,91,77,1,667,0,0,0,667
05/15/2011,FLL,FL,ASO,ES,Towers with Radar,482,91,75,0,648,0,10,20,0,30,482,101,95,0,678,0,0,0,678
05/16/2011,FLL,FL,ASO,ES,Towers with Radar,504,66,65,3,638,0,17,36,0,53,504,83,101,3,691,0,0,0,691
05/17/2011,FLL,FL,ASO,ES,Towers with Radar,488,58,68,2,616,0,11,36,2,49,488,69,104,4,665,0,0,0,665
05/18/2011,FLL,FL,ASO,ES,Towers with Radar,503,73,72,3,651,0,13,36,0,49,503,86,108,3,700,0,0,0,700
05/19/2011,FLL,FL,ASO,ES,Towers with Radar,513,72,59,1,645,1,19,35,0,55,514,91,94,1,700,0,0,0,700
05/20/2011,FLL,FL,ASO,ES,Towers with Radar,505,83,69,2,659,0,21,23,0,44,505,104,92,2,703,0,0,0,703
05/21/2011,FLL,FL,ASO,ES,Towers with Radar,513,71,42,1,627,0,17,25,0,42,513,88,67,1,669,0,0,0,669
05/22/2011,FLL,FL,ASO,ES,Towers with Radar,483,75,67,0,625,0,20,25,2,47,483,95,92,2,672,0,0,0,672
05/23/2011,FLL,FL,ASO,ES,Towers with Radar,497,73,71,0,641,0,19,41,0,60,497,92,112,0,701,0,0,0,701
05/24/2011,FLL,FL,ASO,ES,Towers with Radar,498,58,65,0,621,2,23,42,0,67,500,81,107,0,688,0,0,0,688
05/25/2011,FLL,FL,ASO,ES,Towers with Radar,487,73,53,0,613,2,20,40,2,64,489,93,93,2,677,0,0,0,677
05/26/2011,FLL,FL,ASO,ES,Towers with Radar,503,82,79,0,664,0,22,38,0,60,503,104,117,0,724,0,0,0,724
05/27/2011,FLL,FL,ASO,ES,Towers with Radar,522,103,75,2,702,2,52,45,0,99,524,155,120,2,801,0,0,0,801
05/28/2011,FLL,FL,ASO,ES,Towers with Radar,501,74,40,2,617,0,13,28,0,41,501,87,68,2,658,0,0,0,658
05/29/2011,FLL,FL,ASO,ES,Towers with Radar,457,73,40,0,570,1,13,7,0,21,458,86,47,0,591,0,0,0,591
05/30/2011,FLL,FL,ASO,ES,Towers with Radar,499,67,80,2,648,0,36,29,1,66,499,103,109,3,714,0,0,0,714
05/31/2011,FLL,FL,ASO,ES,Towers with Radar,500,55,63,0,618,0,20,32,0,52,500,75,95,0,670,0,0,0,670
06/01/2011,FLL,FL,ASO,ES,Towers with Radar,490,56,50,2,598,2,15,40,0,57,492,71,90,2,655,0,0,0,655
06/02/2011,FLL,FL,ASO,ES,Towers with Radar,516,79,60,0,655,2,19,38,0,59,518,98,98,0,714,0,0,0,714
06/03/2011,FLL,FL,ASO,ES,Towers with Radar,516,69,73,1,659,2,27,27,0,56,518,96,100,1,715,0,0,0,715
06/04/2011,FLL,FL,ASO,ES,Towers with Radar,495,61,44,1,601,0,22,28,0,50,495,83,72,1,651,0,0,0,651
06/05/2011,FLL,FL,ASO,ES,Towers with Radar,484,69,82,0,635,0,11,36,0,47,484,80,118,0,682,0,0,0,682
06/06/2011,FLL,FL,ASO,ES,Towers with Radar,508,71,64,2,645,0,25,32,0,57,508,96,96,2,702,0,0,0,702
06/07/2011,FLL,FL,ASO,ES,Towers with Radar,493,61,46,1,601,1,24,24,0,49,494,85,70,1,650,0,0,0,650
06/08/2011,FLL,FL,ASO,ES,Towers with Radar,482,73,67,1,623,2,28,31,0,61,484,101,98,1,684,0,0,0,684
06/09/2011,FLL,FL,ASO,ES,Towers with Radar,493,80,77,0,650,3,12,42,0,57,496,92,119,0,707,0,0,0,707
06/10/2011,FLL,FL,ASO,ES,Towers with Radar,530,91,84,0,705,2,29,39,0,70,532,120,123,0,775,0,0,0,775
06/11/2011,FLL,FL,ASO,ES,Towers with Radar,505,63,59,0,627,0,14,31,0,45,505,77,90,0,672,0,0,0,672
06/12/2011,FLL,FL,ASO,ES,Towers with Radar,481,81,79,2,643,0,13,31,0,44,481,94,110,2,687,0,0,0,687
06/13/2011,FLL,FL,ASO,ES,Towers with Radar,520,91,66,1,678,0,16,32,0,48,520,107,98,1,726,0,0,0,726
06/14/2011,FLL,FL,ASO,ES,Towers with Radar,493,61,46,1,601,1,24,23,0,48,494,85,69,1,649,0,0,0,649
06/15/2011,FLL,FL,ASO,ES,Towers with Radar,494,67,61,1,623,3,16,27,0,46,497,83,88,1,669,0,0,0,669
06/16/2011,FLL,FL,ASO,ES,Towers with Radar,494,82,71,0,647,2,14,43,0,59,496,96,114,0,706,0,0,0,706
06/17/2011,FLL,FL,ASO,ES,Towers with Radar,508,87,53,1,649,3,34,39,0,76,511,121,92,1,725,0,0,0,725
06/18/2011,FLL,FL,ASO,ES,Towers with Radar,504,73,48,1,626,0,6,39,0,45,504,79,87,1,671,0,0,0,671
06/19/2011,FLL,FL,ASO,ES,Towers with Radar,493,81,65,0,639,0,21,20,0,41,493,102,85,0,680,0,0,0,680
06/20/2011,FLL,FL,ASO,ES,Towers with Radar,504,71,58,1,634,0,17,24,0,41,504,88,82,1,675,0,0,0,675
06/21/2011,FLL,FL,ASO,ES,Towers with Radar,503,71,66,2,642,1,19,23,0,43,504,90,89,2,685,0,0,0,685
06/22/2011,FLL,FL,ASO,ES,Towers with Radar,487,69,58,2,616,4,19,34,0,57,491,88,92,2,673,0,0,0,673
06/23/2011,FLL,FL,ASO,ES,Towers with Radar,517,92,58,2,669,0,21,22,0,43,517,113,80,2,712,0,0,0,712
06/24/2011,FLL,FL,ASO,ES,Towers with Radar,507,74,77,1,659,4,26,35,0,65,511,100,112,1,724,0,0,0,724
06/25/2011,FLL,FL,ASO,ES,Towers with Radar,532,85,48,2,667,1,15,26,0,42,533,100,74,2,709,0,0,0,709
06/26/2011,FLL,FL,ASO,ES,Towers with Radar,511,92,69,4,676,0,10,16,0,26,511,102,85,4,702,0,0,0,702
06/27/2011,FLL,FL,ASO,ES,Towers with Radar,527,79,61,0,667,0,17,26,0,43,527,96,87,0,710,0,0,0,710
06/28/2011,FLL,FL,ASO,ES,Towers with Radar,504,74,54,0,632,2,17,25,0,44,506,91,79,0,676,0,0,0,676
06/29/2011,FLL,FL,ASO,ES,Towers with Radar,521,80,54,0,655,0,30,21,0,51,521,110,75,0,706,0,0,0,706
06/30/2011,FLL,FL,ASO,ES,Towers with Radar,519,94,87,0,700,1,33,34,0,68,520,127,121,0,768,0,0,0,768
07/01/2011,FLL,FL,ASO,ES,Towers with Radar,532,96,102,1,731,1,33,48,0,82,533,129,150,1,813,0,0,0,813
07/02/2011,FLL,FL,ASO,ES,Towers with Radar,532,79,68,0,679,1,24,32,0,57,533,103,100,0,736,0,0,0,736
07/03/2011,FLL,FL,ASO,ES,Towers with Radar,470,77,58,4,609,0,17,15,0,32,470,94,73,4,641,0,0,0,641
07/04/2011,FLL,FL,ASO,ES,Towers with Radar,507,64,43,0,614,0,20,17,0,37,507,84,60,0,651,0,0,0,651
07/05/2011,FLL,FL,ASO,ES,Towers with Radar,518,75,67,3,663,0,22,44,0,66,518,97,111,3,729,0,0,0,729
07/06/2011,FLL,FL,ASO,ES,Towers with Radar,503,82,57,1,643,0,16,24,0,40,503,98,81,1,683,0,0,0,683
07/07/2011,FLL,FL,ASO,ES,Towers with Radar,509,116,63,0,688,0,6,11,0,17,509,122,74,0,705,0,0,0,705
07/08/2011,FLL,FL,ASO,ES,Towers with Radar,520,95,63,0,678,0,31,35,0,66,520,126,98,0,744,0,0,0,744
07/09/2011,FLL,FL,ASO,ES,Towers with Radar,540,81,62,0,683,0,20,32,0,52,540,101,94,0,735,0,0,0,735
07/10/2011,FLL,FL,ASO,ES,Towers with Radar,511,82,68,1,662,0,18,35,0,53,511,100,103,1,715,0,0,0,715
07/11/2011,FLL,FL,ASO,ES,Towers with Radar,521,72,39,1,633,0,23,37,0,60,521,95,76,1,693,0,0,0,693
07/12/2011,FLL,FL,ASO,ES,Towers with Radar,527,69,77,0,673,0,10,50,0,60,527,79,127,0,733,0,0,0,733
07/13/2011,FLL,FL,ASO,ES,Towers with Radar,505,69,72,0,646,0,23,38,0,61,505,92,110,0,707,0,0,0,707
07/14/2011,FLL,FL,ASO,ES,Towers with Radar,520,88,68,0,676,0,17,49,0,66,520,105,117,0,742,0,0,0,742
07/15/2011,FLL,FL,ASO,ES,Towers with Radar,537,79,62,2,680,0,27,51,0,78,537,106,113,2,758,0,0,0,758
07/16/2011,FLL,FL,ASO,ES,Towers with Radar,529,66,59,0,654,0,34,50,0,84,529,100,109,0,738,0,0,0,738
07/17/2011,FLL,FL,ASO,ES,Towers with Radar,503,88,62,4,657,0,17,30,0,47,503,105,92,4,704,0,0,0,704
07/18/2011,FLL,FL,ASO,ES,Towers with Radar,531,81,68,0,680,0,24,30,0,54,531,105,98,0,734,0,0,0,734
07/19/2011,FLL,FL,ASO,ES,Towers with Radar,516,71,65,0,652,1,34,42,0,77,517,105,107,0,729,0,0,0,729
07/20/2011,FLL,FL,ASO,ES,Towers with Radar,530,84,51,0,665,0,25,48,0,73,530,109,99,0,738,0,0,0,738
07/21/2011,FLL,FL,ASO,ES,Towers with Radar,517,88,60,0,665,0,21,39,0,60,517,109,99,0,725,0,0,0,725
07/22/2011,FLL,FL,ASO,ES,Towers with Radar,523,81,64,0,668,0,40,30,0,70,523,121,94,0,738,0,0,0,738
07/23/2011,FLL,FL,ASO,ES,Towers with Radar,536,76,44,0,656,0,13,31,0,44,536,89,75,0,700,0,0,0,700
07/24/2011,FLL,FL,ASO,ES,Towers with Radar,497,95,76,0,668,1,20,26,0,47,498,115,102,0,715,0,0,0,715
07/25/2011,FLL,FL,ASO,ES,Towers with Radar,512,87,73,2,674,0,30,33,0,63,512,117,106,2,737,0,0,0,737
07/26/2011,FLL,FL,ASO,ES,Towers with Radar,520,72,47,0,639,0,17,32,3,52,520,89,79,3,691,0,0,0,691
07/27/2011,FLL,FL,ASO,ES,Towers with Radar,520,71,65,0,656,0,20,51,0,71,520,91,116,0,727,0,0,0,727
07/28/2011,FLL,FL,ASO,ES,Towers with Radar,520,96,43,0,659,0,19,43,0,62,520,115,86,0,721,0,0,0,721
07/29/2011,FLL,FL,ASO,ES,Towers with Radar,520,97,76,0,693,0,32,47,0,79,520,129,123,0,772,0,0,0,772
07/30/2011,FLL,FL,ASO,ES,Towers with Radar,544,73,37,0,654,0,20,38,0,58,544,93,75,0,712,0,0,0,712
07/31/2011,FLL,FL,ASO,ES,Towers with Radar,503,88,52,0,643,0,17,26,0,43,503,105,78,0,686,0,0,0,686
08/01/2011,FLL,FL,ASO,ES,Towers with Radar,521,76,69,0,666,0,15,32,0,47,521,91,101,0,713,0,0,0,713
08/02/2011,FLL,FL,ASO,ES,Towers with Radar,521,70,59,0,650,0,15,34,0,49,521,85,93,0,699,0,0,0,699
08/03/2011,FLL,FL,ASO,ES,Towers with Radar,513,65,48,1,627,0,21,25,0,46,513,86,73,1,673,0,0,0,673
08/04/2011,FLL,FL,ASO,ES,Towers with Radar,523,83,62,6,674,0,22,43,0,65,523,105,105,6,739,0,0,0,739
08/05/2011,FLL,FL,ASO,ES,Towers with Radar,529,80,70,1,680,0,18,35,0,53,529,98,105,1,733,0,0,0,733
08/06/2011,FLL,FL,ASO,ES,Towers with Radar,535,66,34,0,635,0,10,15,0,25,535,76,49,0,660,0,0,0,660
08/07/2011,FLL,FL,ASO,ES,Towers with Radar,509,100,65,0,674,0,13,16,0,29,509,113,81,0,703,0,0,0,703
08/08/2011,FLL,FL,ASO,ES,Towers with Radar,523,64,62,2,651,0,21,24,0,45,523,85,86,2,696,0,0,0,696
08/09/2011,FLL,FL,ASO,ES,Towers with Radar,523,70,43,0,636,0,16,32,0,48,523,86,75,0,684,0,0,0,684
08/10/2011,FLL,FL,ASO,ES,Towers with Radar,516,59,44,0,619,0,21,46,0,67,516,80,90,0,686,0,0,0,686
08/11/2011,FLL,FL,ASO,ES,Towers with Radar,526,96,48,2,672,2,17,40,0,59,528,113,88,2,731,0,0,0,731
08/12/2011,FLL,FL,ASO,ES,Towers with Radar,529,86,80,0,695,0,13,37,0,50,529,99,117,0,745,0,0,0,745
08/13/2011,FLL,FL,ASO,ES,Towers with Radar,530,73,45,0,648,0,16,29,0,45,530,89,74,0,693,0,0,0,693
08/14/2011,FLL,FL,ASO,ES,Towers with Radar,474,90,51,0,615,1,25,34,0,60,475,115,85,0,675,0,0,0,675
08/15/2011,FLL,FL,ASO,ES,Towers with Radar,512,72,73,3,660,0,20,28,0,48,512,92,101,3,708,0,0,0,708
08/16/2011,FLL,FL,ASO,ES,Towers with Radar,503,71,53,0,627,0,14,25,1,40,503,85,78,1,667,0,0,0,667
08/17/2011,FLL,FL,ASO,ES,Towers with Radar,487,60,71,0,618,0,16,51,0,67,487,76,122,0,685,0,0,0,685
08/18/2011,FLL,FL,ASO,ES,Towers with Radar,488,88,48,2,626,1,10,35,0,46,489,98,83,2,672,0,0,0,672
08/19/2011,FLL,FL,ASO,ES,Towers with Radar,502,85,51,0,638,0,23,35,0,58,502,108,86,0,696,0,0,0,696
08/20/2011,FLL,FL,ASO,ES,Towers with Radar,493,69,35,0,597,1,11,26,0,38,494,80,61,0,635,0,0,0,635
08/21/2011,FLL,FL,ASO,ES,Towers with Radar,455,79,64,0,598,0,10,30,0,40,455,89,94,0,638,0,0,0,638
08/22/2011,FLL,FL,ASO,ES,Towers with Radar,488,83,45,0,616,0,17,26,0,43,488,100,71,0,659,0,0,0,659
08/23/2011,FLL,FL,ASO,ES,Towers with Radar,472,86,70,2,630,0,30,61,0,91,472,116,131,2,721,0,0,0,721
08/24/2011,FLL,FL,ASO,ES,Towers with Radar,460,60,70,1,591,0,13,26,0,39,460,73,96,1,630,0,0,0,630
08/25/2011,FLL,FL,ASO,ES,Towers with Radar,456,24,22,0,502,1,3,7,0,11,457,27,29,0,513,0,0,0,513
08/26/2011,FLL,FL,ASO,ES,Towers with Radar,493,53,49,0,595,0,11,38,1,50,493,64,87,1,645,0,0,0,645
08/27/2011,FLL,FL,ASO,ES,Towers with Radar,409,61,50,0,520,1,17,20,0,38,410,78,70,0,558,0,0,0,558
08/28/2011,FLL,FL,ASO,ES,Towers with Radar,333,72,37,0,442,0,14,21,0,35,333,86,58,0,477,0,0,0,477
08/29/2011,FLL,FL,ASO,ES,Towers with Radar,442,72,49,0,563,0,19,38,0,57,442,91,87,0,620,0,0,0,620
08/30/2011,FLL,FL,ASO,ES,Towers with Radar,458,51,56,0,565,0,20,20,0,40,458,71,76,0,605,0,0,0,605
08/31/2011,FLL,FL,ASO,ES,Towers with Radar,444,52,65,0,561,0,19,27,1,47,444,71,92,1,608,0,0,0,608
09/01/2011,FLL,FL,ASO,ES,Towers with Radar,469,78,60,3,610,0,21,29,0,50,469,99,89,3,660,0,0,0,660
09/02/2011,FLL,FL,ASO,ES,Towers with Radar,500,77,65,4,646,0,28,31,0,59,500,105,96,4,705,0,0,0,705
09/03/2011,FLL,FL,ASO,ES,Towers with Radar,454,56,48,0,558,0,13,20,0,33,454,69,68,0,591,0,0,0,591
09/04/2011,FLL,FL,ASO,ES,Towers with Radar,425,57,31,2,515,0,7,19,0,26,425,64,50,2,541,0,0,0,541
09/05/2011,FLL,FL,ASO,ES,Towers with Radar,447,61,57,2,567,0,21,28,0,49,447,82,85,2,616,0,0,0,616
09/06/2011,FLL,FL,ASO,ES,Towers with Radar,445,57,37,1,540,0,17,25,1,43,445,74,62,2,583,0,0,0,583
09/07/2011,FLL,FL,ASO,ES,Towers with Radar,417,55,56,0,528,0,14,26,0,40,417,69,82,0,568,0,0,0,568
09/08/2011,FLL,FL,ASO,ES,Towers with Radar,361,63,59,4,487,0,15,30,0,45,361,78,89,4,532,0,0,0,532
09/09/2011,FLL,FL,ASO,ES,Towers with Radar,455,68,61,2,586,0,24,22,0,46,455,92,83,2,632,0,0,0,632
09/10/2011,FLL,FL,ASO,ES,Towers with Radar,412,45,34,0,491,0,8,32,0,40,412,53,66,0,531,0,0,0,531
09/11/2011,FLL,FL,ASO,ES,Towers with Radar,428,58,38,0,524,0,7,22,0,29,428,65,60,0,553,0,0,0,553
09/12/2011,FLL,FL,ASO,ES,Towers with Radar,435,60,47,2,544,2,15,38,0,55,437,75,85,2,599,0,0,0,599
09/13/2011,FLL,FL,ASO,ES,Towers with Radar,416,62,43,0,521,2,18,25,4,49,418,80,68,4,570,0,0,0,570
09/14/2011,FLL,FL,ASO,ES,Towers with Radar,403,58,54,0,515,2,12,32,1,47,405,70,86,1,562,0,0,0,562
09/15/2011,FLL,FL,ASO,ES,Towers with Radar,437,71,53,0,561,2,20,30,1,53,439,91,83,1,614,0,0,0,614
09/16/2011,FLL,FL,ASO,ES,Towers with Radar,459,69,60,0,588,2,21,34,1,58,461,90,94,1,646,0,0,0,646
09/17/2011,FLL,FL,ASO,ES,Towers with Radar,421,40,46,2,509,0,9,26,0,35,421,49,72,2,544,0,0,0,544
09/18/2011,FLL,FL,ASO,ES,Towers with Radar,433,70,59,1,563,0,10,35,0,45,433,80,94,1,608,0,0,0,608
09/19/2011,FLL,FL,ASO,ES,Towers with Radar,441,58,64,0,563,0,13,26,0,39,441,71,90,0,602,0,0,0,602
09/20/2011,FLL,FL,ASO,ES,Towers with Radar,407,66,57,1,531,4,18,42,2,66,411,84,99,3,597,0,0,0,597
09/21/2011,FLL,FL,ASO,ES,Towers with Radar,422,55,68,2,547,2,12,32,0,46,424,67,100,2,593,0,0,0,593
09/22/2011,FLL,FL,ASO,ES,Towers with Radar,435,67,48,2,552,0,20,22,0,42,435,87,70,2,594,0,0,0,594
09/23/2011,FLL,FL,ASO,ES,Towers with Radar,464,67,62,0,593,2,21,26,0,49,466,88,88,0,642,0,0,0,642
09/24/2011,FLL,FL,ASO,ES,Towers with Radar,431,48,24,0,503,0,13,21,0,34,431,61,45,0,537,0,0,0,537
09/25/2011,FLL,FL,ASO,ES,Towers with Radar,440,56,57,2,555,0,6,17,0,23,440,62,74,2,578,0,0,0,578
09/26/2011,FLL,FL,ASO,ES,Towers with Radar,440,60,47,3,550,0,19,18,0,37,440,79,65,3,587,0,0,0,587
09/27/2011,FLL,FL,ASO,ES,Towers with Radar,414,54,49,0,517,0,17,33,0,50,414,71,82,0,567,0,0,0,567
09/28/2011,FLL,FL,ASO,ES,Towers with Radar,404,60,57,0,521,0,18,49,0,67,404,78,106,0,588,0,0,0,588
09/29/2011,FLL,FL,ASO,ES,Towers with Radar,430,63,57,3,553,2,19,32,0,53,432,82,89,3,606,0,0,0,606
09/30/2011,FLL,FL,ASO,ES,Towers with Radar,465,59,68,0,592,0,20,40,0,60,465,79,108,0,652,0,0,0,652
10/01/2011,FLL,FL,ASO,ES,Towers with Radar,423,40,29,0,492,0,6,39,2,47,423,46,68,2,539,0,0,0,539
10/02/2011,FLL,FL,ASO,ES,Towers with Radar,438,65,33,2,538,0,10,25,0,35,438,75,58,2,573,0,0,0,573
10/03/2011,FLL,FL,ASO,ES,Towers with Radar,449,61,33,2,545,0,18,18,0,36,449,79,51,2,581,0,0,0,581
10/04/2011,FLL,FL,ASO,ES,Towers with Radar,425,56,61,0,542,0,17,31,0,48,425,73,92,0,590,0,0,0,590
10/05/2011,FLL,FL,ASO,ES,Towers with Radar,423,61,52,2,538,2,20,33,0,55,425,81,85,2,593,0,0,0,593
10/06/2011,FLL,FL,ASO,ES,Towers with Radar,454,64,73,0,591,0,12,26,0,38,454,76,99,0,629,0,0,0,629
10/07/2011,FLL,FL,ASO,ES,Towers with Radar,484,71,67,0,622,2,27,34,0,63,486,98,101,0,685,0,0,0,685
10/08/2011,FLL,FL,ASO,ES,Towers with Radar,426,48,25,1,500,0,3,4,0,7,426,51,29,1,507,0,0,0,507
10/09/2011,FLL,FL,ASO,ES,Towers with Radar,442,71,54,1,568,1,2,7,0,10,443,73,61,1,578,0,0,0,578
10/10/2011,FLL,FL,ASO,ES,Towers with Radar,470,60,50,0,580,0,18,23,0,41,470,78,73,0,621,0,0,0,621
10/11/2011,FLL,FL,ASO,ES,Towers with Radar,426,56,49,1,532,0,12,28,1,41,426,68,77,2,573,0,0,0,573
10/12/2011,FLL,FL,ASO,ES,Towers with Radar,433,63,55,0,551,0,25,28,0,53,433,88,83,0,604,0,0,0,604
10/13/2011,FLL,FL,ASO,ES,Towers with Radar,449,72,52,0,573,0,17,39,0,56,449,89,91,0,629,0,0,0,629
10/14/2011,FLL,FL,ASO,ES,Towers with Radar,484,71,72,2,629,1,18,51,0,70,485,89,123,2,699,0,0,0,699
10/15/2011,FLL,FL,ASO,ES,Towers with Radar,437,51,50,0,538,0,12,16,0,28,437,63,66,0,566,0,0,0,566
10/16/2011,FLL,FL,ASO,ES,Towers with Radar,452,72,73,0,597,0,4,9,0,13,452,76,82,0,610,0,0,0,610
10/17/2011,FLL,FL,ASO,ES,Towers with Radar,465,77,71,0,613,0,13,14,0,27,465,90,85,0,640,0,0,0,640
10/18/2011,FLL,FL,ASO,ES,Towers with Radar,431,65,41,0,537,0,10,10,0,20,431,75,51,0,557,0,0,0,557
10/19/2011,FLL,FL,ASO,ES,Towers with Radar,424,70,50,0,544,2,8,9,0,19,426,78,59,0,563,0,0,0,563
10/20/2011,FLL,FL,ASO,ES,Towers with Radar,462,81,54,0,597,2,17,42,0,61,464,98,96,0,658,0,0,0,658
10/21/2011,FLL,FL,ASO,ES,Towers with Radar,477,74,62,0,613,2,22,36,0,60,479,96,98,0,673,0,0,0,673
10/22/2011,FLL,FL,ASO,ES,Towers with Radar,438,44,55,3,540,0,8,12,0,20,438,52,67,3,560,0,0,0,560
10/23/2011,FLL,FL,ASO,ES,Towers with Radar,446,80,49,0,575,0,7,36,0,43,446,87,85,0,618,0,0,0,618
10/24/2011,FLL,FL,ASO,ES,Towers with Radar,457,70,81,1,609,0,21,38,0,59,457,91,119,1,668,0,0,0,668
10/25/2011,FLL,FL,ASO,ES,Towers with Radar,433,62,51,0,546,2,16,54,0,72,435,78,105,0,618,0,0,0,618
10/26/2011,FLL,FL,ASO,ES,Towers with Radar,433,80,110,0,623,2,17,75,0,94,435,97,185,0,717,0,0,0,717
10/27/2011,FLL,FL,ASO,ES,Towers with Radar,448,101,129,2,680,0,25,62,0,87,448,126,191,2,767,0,0,0,767
10/28/2011,FLL,FL,ASO,ES,Towers with Radar,485,100,131,0,716,2,30,60,0,92,487,130,191,0,808,0,0,0,808
10/29/2011,FLL,FL,ASO,ES,Towers with Radar,420,53,86,2,561,0,8,27,0,35,420,61,113,2,596,0,0,0,596
10/30/2011,FLL,FL,ASO,ES,Towers with Radar,460,84,138,4,686,0,4,10,0,14,460,88,148,4,700,0,0,0,700
10/31/2011,FLL,FL,ASO,ES,Towers with Radar,468,71,79,0,618,0,18,13,0,31,468,89,92,0,649,0,0,0,649
11/01/2011,FLL,FL,ASO,ES,Towers with Radar,453,65,79,0,597,2,16,28,2,48,455,81,107,2,645,0,0,0,645
11/02/2011,FLL,FL,ASO,ES,Towers with Radar,453,71,70,2,596,5,18,32,0,55,458,89,102,2,651,0,0,0,651
11/03/2011,FLL,FL,ASO,ES,Towers with Radar,482,90,59,0,631,1,27,35,0,63,483,117,94,0,694,0,0,0,694
11/04/2011,FLL,FL,ASO,ES,Towers with Radar,510,77,93,0,680,4,24,44,0,72,514,101,137,0,752,0,0,0,752
11/05/2011,FLL,FL,ASO,ES,Towers with Radar,470,53,38,0,561,0,11,34,0,45,470,64,72,0,606,0,0,0,606
11/06/2011,FLL,FL,ASO,ES,Towers with Radar,492,98,80,2,672,0,9,27,0,36,492,107,107,2,708,0,0,0,708
11/07/2011,FLL,FL,ASO,ES,Towers with Radar,485,73,93,0,651,0,17,21,1,39,485,90,114,1,690,0,0,0,690
11/08/2011,FLL,FL,ASO,ES,Towers with Radar,466,77,74,0,617,0,18,31,0,49,466,95,105,0,666,0,0,0,666
11/09/2011,FLL,FL,ASO,ES,Towers with Radar,454,79,66,0,599,0,20,37,0,57,454,99,103,0,656,0,0,0,656
11/10/2011,FLL,FL,ASO,ES,Towers with Radar,491,95,72,0,658,1,22,55,0,78,492,117,127,0,736,0,0,0,736
11/11/2011,FLL,FL,ASO,ES,Towers with Radar,512,91,75,1,679,0,26,21,0,47,512,117,96,1,726,0,0,0,726
11/12/2011,FLL,FL,ASO,ES,Towers with Radar,493,71,55,0,619,0,17,26,0,43,493,88,81,0,662,0,0,0,662
11/13/2011,FLL,FL,ASO,ES,Towers with Radar,499,80,77,0,656,0,20,32,0,52,499,100,109,0,708,0,0,0,708
11/14/2011,FLL,FL,ASO,ES,Towers with Radar,485,87,68,0,640,0,21,25,2,48,485,108,93,2,688,0,0,0,688
11/15/2011,FLL,FL,ASO,ES,Towers with Radar,468,83,57,0,608,0,22,28,0,50,468,105,85,0,658,0,0,0,658
11/16/2011,FLL,FL,ASO,ES,Towers with Radar,465,81,53,0,599,0,22,41,0,63,465,103,94,0,662,0,0,0,662
11/17/2011,FLL,FL,ASO,ES,Towers with Radar,537,87,77,0,701,0,20,35,0,55,537,107,112,0,756,0,0,0,756
11/18/2011,FLL,FL,ASO,ES,Towers with Radar,550,104,79,3,736,0,19,23,0,42,550,123,102,3,778,0,0,0,778
11/19/2011,FLL,FL,ASO,ES,Towers with Radar,522,80,86,2,690,0,19,39,0,58,522,99,125,2,748,0,0,0,748
11/20/2011,FLL,FL,ASO,ES,Towers with Radar,523,97,67,1,688,0,20,33,0,53,523,117,100,1,741,0,0,0,741
11/21/2011,FLL,FL,ASO,ES,Towers with Radar,519,88,70,2,679,0,21,27,0,48,519,109,97,2,727,0,0,0,727
11/22/2011,FLL,FL,ASO,ES,Towers with Radar,544,90,88,0,722,2,19,42,0,63,546,109,130,0,785,0,0,0,785
11/23/2011,FLL,FL,ASO,ES,Towers with Radar,552,83,94,3,732,0,35,55,0,90,552,118,149,3,822,0,0,0,822
11/24/2011,FLL,FL,ASO,ES,Towers with Radar,447,64,34,0,545,0,17,12,0,29,447,81,46,0,574,0,0,0,574
11/25/2011,FLL,FL,ASO,ES,Towers with Radar,486,79,33,0,598,0,31,33,0,64,486,110,66,0,662,0,0,0,662
11/26/2011,FLL,FL,ASO,ES,Towers with Radar,535,62,51,0,648,0,28,32,0,60,535,90,83,0,708,0,0,0,708
11/27/2011,FLL,FL,ASO,ES,Towers with Radar,561,108,125,0,794,0,29,44,0,73,561,137,169,0,867,0,0,0,867
11/28/2011,FLL,FL,ASO,ES,Towers with Radar,545,101,64,0,710,0,22,20,0,42,545,123,84,0,752,0,0,0,752
11/29/2011,FLL,FL,ASO,ES,Towers with Radar,506,87,52,0,645,2,22,29,0,53,508,109,81,0,698,0,0,0,698
11/30/2011,FLL,FL,ASO,ES,Towers with Radar,502,84,62,0,648,1,18,22,0,41,503,102,84,0,689,0,0,0,689
12/01/2011,FLL,FL,ASO,ES,Towers with Radar,530,96,53,0,679,1,21,34,0,56,531,117,87,0,735,0,0,0,735
12/02/2011,FLL,FL,ASO,ES,Towers with Radar,529,103,77,2,711,2,22,31,0,55,531,125,108,2,766,0,0,0,766
12/03/2011,FLL,FL,ASO,ES,Towers with Radar,496,76,43,2,617,0,10,31,0,41,496,86,74,2,658,0,0,0,658
12/04/2011,FLL,FL,ASO,ES,Towers with Radar,510,96,48,3,657,0,12,24,0,36,510,108,72,3,693,0,0,0,693
12/05/2011,FLL,FL,ASO,ES,Towers with Radar,493,82,86,0,661,1,19,42,0,62,494,101,128,0,723,0,0,0,723
12/06/2011,FLL,FL,ASO,ES,Towers with Radar,494,96,64,2,656,3,13,34,0,50,497,109,98,2,706,0,0,0,706
12/07/2011,FLL,FL,ASO,ES,Towers with Radar,494,76,78,0,648,4,18,37,0,59,498,94,115,0,707,0,0,0,707
12/08/2011,FLL,FL,ASO,ES,Towers with Radar,533,98,89,1,721,1,16,30,0,47,534,114,119,1,768,0,0,0,768
12/09/2011,FLL,FL,ASO,ES,Towers with Radar,528,102,76,2,708,0,22,29,0,51,528,124,105,2,759,0,0,0,759
12/10/2011,FLL,FL,ASO,ES,Towers with Radar,499,83,57,1,640,0,17,35,0,52,499,100,92,1,692,0,0,0,692
12/11/2011,FLL,FL,ASO,ES,Towers with Radar,522,91,63,1,677,0,17,21,0,38,522,108,84,1,715,0,0,0,715
12/12/2011,FLL,FL,ASO,ES,Towers with Radar,515,88,74,2,679,0,25,33,0,58,515,113,107,2,737,0,0,0,737
12/13/2011,FLL,FL,ASO,ES,Towers with Radar,498,78,62,1,639,0,20,36,0,56,498,98,98,1,695,0,0,0,695
12/14/2011,FLL,FL,ASO,ES,Towers with Radar,503,81,76,2,662,3,40,38,2,83,506,121,114,4,745,0,0,0,745
12/15/2011,FLL,FL,ASO,ES,Towers with Radar,544,105,74,0,723,4,20,43,0,67,548,125,117,0,790,0,0,0,790
12/16/2011,FLL,FL,ASO,ES,Towers with Radar,577,135,83,0,795,1,24,58,0,83,578,159,141,0,878,0,0,0,878
12/17/2011,FLL,FL,ASO,ES,Towers with Radar,574,99,68,1,742,0,28,25,0,53,574,127,93,1,795,0,0,0,795
12/18/2011,FLL,FL,ASO,ES,Towers with Radar,581,100,71,4,756,0,19,26,0,45,581,119,97,4,801,0,0,0,801
12/19/2011,FLL,FL,ASO,ES,Towers with Radar,572,111,71,3,757,0,24,39,0,63,572,135,110,3,820,0,0,0,820
12/20/2011,FLL,FL,ASO,ES,Towers with Radar,589,102,72,6,769,2,25,44,0,71,591,127,116,6,840,0,0,0,840
12/21/2011,FLL,FL,ASO,ES,Towers with Radar,605,109,79,0,793,2,19,61,0,82,607,128,140,0,875,0,0,0,875
12/22/2011,FLL,FL,ASO,ES,Towers with Radar,634,121,94,2,851,2,26,44,0,72,636,147,138,2,923,0,0,0,923
12/23/2011,FLL,FL,ASO,ES,Towers with Radar,636,104,87,0,827,2,33,43,0,78,638,137,130,0,905,0,0,0,905
12/24/2011,FLL,FL,ASO,ES,Towers with Radar,582,65,35,0,682,0,16,22,0,38,582,81,57,0,720,0,0,0,720
12/25/2011,FLL,FL,ASO,ES,Towers with Radar,534,68,19,0,621,0,0,9,0,9,534,68,28,0,630,0,0,0,630
12/26/2011,FLL,FL,ASO,ES,Towers with Radar,599,127,133,0,859,0,21,34,1,56,599,148,167,1,915,0,0,0,915
12/27/2011,FLL,FL,ASO,ES,Towers with Radar,611,116,106,0,833,0,20,45,2,67,611,136,151,2,900,0,0,0,900
12/28/2011,FLL,FL,ASO,ES,Towers with Radar,635,102,84,0,821,2,23,49,0,74,637,125,133,0,895,0,0,0,895
12/29/2011,FLL,FL,ASO,ES,Towers with Radar,618,100,77,2,797,0,22,38,0,60,618,122,115,2,857,0,0,0,857
12/30/2011,FLL,FL,ASO,ES,Towers with Radar,621,111,81,1,814,2,26,43,1,72,623,137,124,2,886,0,0,0,886
12/31/2011,FLL,FL,ASO,ES,Towers with Radar,589,81,50,0,720,0,26,17,2,45,589,107,67,2,765,0,0,0,765
01/01/2012,FLL,FL,ASO,ES,Towers with Radar,572,105,74,0,751,0,29,29,0,58,572,134,103,0,809,0,0,0,809
01/02/2012,FLL,FL,ASO,ES,Towers with Radar,604,102,164,0,870,0,27,56,0,83,604,129,220,0,953,0,0,0,953
01/03/2012,FLL,FL,ASO,ES,Towers with Radar,598,119,108,2,827,0,27,47,0,74,598,146,155,2,901,0,0,0,901
01/04/2012,FLL,FL,ASO,ES,Towers with Radar,553,96,93,2,744,2,16,70,0,88,555,112,163,2,832,0,0,0,832
01/05/2012,FLL,FL,ASO,ES,Towers with Radar,560,88,103,0,751,4,22,36,0,62,564,110,139,0,813,0,0,0,813
01/06/2012,FLL,FL,ASO,ES,Towers with Radar,546,108,98,0,752,2,22,44,0,68,548,130,142,0,820,0,0,0,820
01/07/2012,FLL,FL,ASO,ES,Towers with Radar,538,78,90,0,706,0,22,32,0,54,538,100,122,0,760,0,0,0,760
01/08/2012,FLL,FL,ASO,ES,Towers with Radar,555,84,100,0,739,0,18,25,0,43,555,102,125,0,782,0,0,0,782
01/09/2012,FLL,FL,ASO,ES,Towers with Radar,538,75,86,2,701,0,22,43,1,66,538,97,129,3,767,0,0,0,767
01/10/2012,FLL,FL,ASO,ES,Towers with Radar,525,90,98,0,713,0,25,34,0,59,525,115,132,0,772,0,0,0,772
01/11/2012,FLL,FL,ASO,ES,Towers with Radar,519,68,86,3,676,2,30,43,1,76,521,98,129,4,752,0,0,0,752
01/12/2012,FLL,FL,ASO,ES,Towers with Radar,544,83,94,1,722,0,19,42,0,61,544,102,136,1,783,0,0,0,783
01/13/2012,FLL,FL,ASO,ES,Towers with Radar,556,88,91,1,736,5,24,32,0,61,561,112,123,1,797,0,0,0,797
01/14/2012,FLL,FL,ASO,ES,Towers with Radar,537,69,61,2,669,0,16,30,0,46,537,85,91,2,715,0,0,0,715
01/15/2012,FLL,FL,ASO,ES,Towers with Radar,557,93,84,1,735,0,11,26,0,37,557,104,110,1,772,0,0,0,772
01/16/2012,FLL,FL,ASO,ES,Towers with Radar,539,79,84,1,703,0,26,33,0,59,539,105,117,1,762,0,0,0,762
01/17/2012,FLL,FL,ASO,ES,Towers with Radar,516,60,52,0,628,0,17,33,2,52,516,77,85,2,680,0,0,0,680
01/18/2012,FLL,FL,ASO,ES,Towers with Radar,519,66,81,0,666,0,19,32,0,51,519,85,113,0,717,0,0,0,717
01/19/2012,FLL,FL,ASO,ES,Towers with Radar,544,77,100,2,723,2,16,32,0,50,546,93,132,2,773,0,0,0,773
01/20/2012,FLL,FL,ASO,ES,Towers with Radar,540,83,96,2,721,2,23,41,0,66,542,106,137,2,787,0,0,0,787
01/21/2012,FLL,FL,ASO,ES,Towers with Radar,521,75,82,0,678,0,16,28,0,44,521,91,110,0,722,0,0,0,722
01/22/2012,FLL,FL,ASO,ES,Towers with Radar,547,82,82,0,711,1,12,26,0,39,548,94,108,0,750,0,0,0,750
01/23/2012,FLL,FL,ASO,ES,Towers with Radar,537,69,71,2,679,0,22,29,0,51,537,91,100,2,730,0,0,0,730
01/24/2012,FLL,FL,ASO,ES,Towers with Radar,519,81,80,0,680,3,21,31,0,55,522,102,111,0,735,0,0,0,735
01/25/2012,FLL,FL,ASO,ES,Towers with Radar,503,94,104,0,701,1,20,48,0,69,504,114,152,0,770,0,0,0,770
01/26/2012,FLL,FL,ASO,ES,Towers with Radar,551,93,102,0,746,0,15,37,0,52,551,108,139,0,798,0,0,0,798
01/27/2012,FLL,FL,ASO,ES,Towers with Radar,548,91,91,0,730,2,19,32,0,53,550,110,123,0,783,0,0,0,783
01/28/2012,FLL,FL,ASO,ES,Towers with Radar,540,58,68,1,667,0,13,34,0,47,540,71,102,1,714,0,0,0,714
01/29/2012,FLL,FL,ASO,ES,Towers with Radar,542,96,68,1,707,0,13,24,0,37,542,109,92,1,744,0,0,0,744
01/30/2012,FLL,FL,ASO,ES,Towers with Radar,539,76,79,0,694,0,27,29,0,56,539,103,108,0,750,0,0,0,750
01/31/2012,FLL,FL,ASO,ES,Towers with Radar,516,67,72,0,655,0,19,34,0,53,516,86,106,0,708,0,0,0,708
02/01/2012,FLL,FL,ASO,ES,Towers with Radar,519,84,63,0,666,0,18,38,0,56,519,102,101,0,722,0,0,0,722
02/02/2012,FLL,FL,ASO,ES,Towers with Radar,548,101,100,2,751,0,20,29,0,49,548,121,129,2,800,0,0,0,800
02/03/2012,FLL,FL,ASO,ES,Towers with Radar,551,91,90,1,733,3,25,30,0,58,554,116,120,1,791,0,0,0,791
02/04/2012,FLL,FL,ASO,ES,Towers with Radar,530,65,43,1,639,0,14,20,0,34,530,79,63,1,673,0,0,0,673
02/05/2012,FLL,FL,ASO,ES,Towers with Radar,553,82,75,0,710,0,14,29,0,43,553,96,104,0,753,0,0,0,753
02/06/2012,FLL,FL,ASO,ES,Towers with Radar,544,100,115,2,761,0,16,11,0,27,544,116,126,2,788,0,0,0,788
02/07/2012,FLL,FL,ASO,ES,Towers with Radar,512,66,68,2,648,1,18,25,0,44,513,84,93,2,692,0,0,0,692
02/08/2012,FLL,FL,ASO,ES,Towers with Radar,524,80,49,4,657,2,14,16,0,32,526,94,65,4,689,0,0,0,689
02/09/2012,FLL,FL,ASO,ES,Towers with Radar,562,81,72,0,715,3,16,43,0,62,565,97,115,0,777,0,0,0,777
02/10/2012,FLL,FL,ASO,ES,Towers with Radar,557,90,76,1,724,1,21,26,0,48,558,111,102,1,772,0,0,0,772
02/11/2012,FLL,FL,ASO,ES,Towers with Radar,527,70,50,1,648,0,21,26,0,47,527,91,76,1,695,0,0,0,695
02/12/2012,FLL,FL,ASO,ES,Towers with Radar,557,67,87,3,714,0,12,25,2,39,557,79,112,5,753,0,0,0,753
02/13/2012,FLL,FL,ASO,ES,Towers with Radar,554,77,63,2,696,1,26,41,0,68,555,103,104,2,764,0,0,0,764
02/14/2012,FLL,FL,ASO,ES,Towers with Radar,535,77,50,0,662,0,19,41,0,60,535,96,91,0,722,0,0,0,722
02/15/2012,FLL,FL,ASO,ES,Towers with Radar,549,79,74,0,702,0,27,44,0,71,549,106,118,0,773,0,0,0,773
02/16/2012,FLL,FL,ASO,ES,Towers with Radar,589,99,107,5,800,2,17,45,0,64,591,116,152,5,864,0,0,0,864
02/17/2012,FLL,FL,ASO,ES,Towers with Radar,601,116,143,1,861,2,34,51,0,87,603,150,194,1,948,0,0,0,948
02/18/2012,FLL,FL,ASO,ES,Towers with Radar,582,84,101,0,767,0,23,28,0,51,582,107,129,0,818,0,0,0,818
02/19/2012,FLL,FL,ASO,ES,Towers with Radar,596,86,68,1,751,2,16,16,0,34,598,102,84,1,785,0,0,0,785
02/20/2012,FLL,FL,ASO,ES,Towers with Radar,580,90,111,3,784,0,35,39,0,74,580,125,150,3,858,0,0,0,858
02/21/2012,FLL,FL,ASO,ES,Towers with Radar,565,68,115,7,755,0,23,45,1,69,565,91,160,8,824,0,0,0,824
02/22/2012,FLL,FL,ASO,ES,Towers with Radar,584,72,80,2,738,0,23,45,0,68,584,95,125,2,806,0,0,0,806
02/23/2012,FLL,FL,ASO,ES,Towers with Radar,599,96,116,3,814,0,20,41,0,61,599,116,157,3,875,0,0,0,875
02/24/2012,FLL,FL,ASO,ES,Towers with Radar,592,95,99,10,796,2,26,39,0,67,594,121,138,10,863,0,0,0,863
02/25/2012,FLL,FL,ASO,ES,Towers with Radar,603,78,91,0,772,2,14,37,0,53,605,92,128,0,825,0,0,0,825
02/26/2012,FLL,FL,ASO,ES,Towers with Radar,602,106,119,0,827,0,16,21,0,37,602,122,140,0,864,0,0,0,864
02/27/2012,FLL,FL,ASO,ES,Towers with Radar,592,84,80,2,758,0,21,26,0,47,592,105,106,2,805,0,0,0,805
02/28/2012,FLL,FL,ASO,ES,Towers with Radar,582,81,72,2,737,2,15,37,0,54,584,96,109,2,791,0,0,0,791
02/29/2012,FLL,FL,ASO,ES,Towers with Radar,563,87,71,0,721,0,20,41,0,61,563,107,112,0,782,0,0,0,782
03/01/2012,FLL,FL,ASO,ES,Towers with Radar,591,82,77,0,750,0,18,37,0,55,591,100,114,0,805,0,0,0,805
03/02/2012,FLL,FL,ASO,ES,Towers with Radar,610,91,87,0,788,2,24,37,0,63,612,115,124,0,851,0,0,0,851
03/03/2012,FLL,FL,ASO,ES,Towers with Radar,599,76,60,0,735,0,21,18,2,41,599,97,78,2,776,0,0,0,776
03/04/2012,FLL,FL,ASO,ES,Towers with Radar,609,77,54,3,743,1,13,8,0,22,610,90,62,3,765,0,0,0,765
03/05/2012,FLL,FL,ASO,ES,Towers with Radar,597,80,59,1,737,0,19,24,0,43,597,99,83,1,780,0,0,0,780
03/06/2012,FLL,FL,ASO,ES,Towers with Radar,576,74,66,1,717,0,20,20,0,40,576,94,86,1,757,0,0,0,757
03/07/2012,FLL,FL,ASO,ES,Towers with Radar,586,73,86,0,745,2,15,22,0,39,588,88,108,0,784,0,0,0,784
03/08/2012,FLL,FL,ASO,ES,Towers with Radar,601,91,85,6,783,1,17,24,0,42,602,108,109,6,825,0,0,0,825
03/09/2012,FLL,FL,ASO,ES,Towers with Radar,597,95,90,4,786,2,33,44,2,81,599,128,134,6,867,0,0,0,867
03/10/2012,FLL,FL,ASO,ES,Towers with Radar,619,83,92,0,794,0,25,43,0,68,619,108,135,0,862,0,0,0,862
03/11/2012,FLL,FL,ASO,ES,Towers with Radar,599,105,88,3,795,0,24,28,0,52,599,129,116,3,847,0,0,0,847
03/12/2012,FLL,FL,ASO,ES,Towers with Radar,588,92,78,2,760,0,22,38,0,60,588,114,116,2,820,0,0,0,820
03/13/2012,FLL,FL,ASO,ES,Towers with Radar,588,70,42,0,700,2,18,35,0,55,590,88,77,0,755,0,0,0,755
03/14/2012,FLL,FL,ASO,ES,Towers with Radar,592,82,72,3,749,1,16,43,0,60,593,98,115,3,809,0,0,0,809
03/15/2012,FLL,FL,ASO,ES,Towers with Radar,599,104,97,1,801,1,21,29,0,51,600,125,126,1,852,0,0,0,852
03/16/2012,FLL,FL,ASO,ES,Towers with Radar,614,120,88,3,825,2,25,44,0,71,616,145,132,3,896,0,0,0,896
03/17/2012,FLL,FL,ASO,ES,Towers with Radar,617,95,96,0,808,2,28,50,0,80,619,123,146,0,888,0,0,0,888
03/18/2012,FLL,FL,ASO,ES,Towers with Radar,589,110,95,3,797,0,26,50,0,76,589,136,145,3,873,0,0,0,873
03/19/2012,FLL,FL,ASO,ES,Towers with Radar,593,89,71,2,755,0,31,42,0,73,593,120,113,2,828,0,0,0,828
03/20/2012,FLL,FL,ASO,ES,Towers with Radar,586,85,59,0,730,0,20,37,2,59,586,105,96,2,789,0,0,0,789
03/21/2012,FLL,FL,ASO,ES,Towers with Radar,589,90,88,0,767,4,22,39,0,65,593,112,127,0,832,0,0,0,832
03/22/2012,FLL,FL,ASO,ES,Towers with Radar,603,96,71,1,771,2,26,40,1,69,605,122,111,2,840,0,0,0,840
03/23/2012,FLL,FL,ASO,ES,Towers with Radar,597,109,86,3,795,1,24,41,0,66,598,133,127,3,861,0,0,0,861
03/24/2012,FLL,FL,ASO,ES,Towers with Radar,620,86,78,0,784,0,32,37,0,69,620,118,115,0,853,0,0,0,853
03/25/2012,FLL,FL,ASO,ES,Towers with Radar,590,95,100,0,785,1,21,29,0,51,591,116,129,0,836,0,0,0,836
03/26/2012,FLL,FL,ASO,ES,Towers with Radar,590,78,71,0,739,1,24,37,0,62,591,102,108,0,801,0,0,0,801
03/27/2012,FLL,FL,ASO,ES,Towers with Radar,579,77,82,0,738,0,20,50,0,70,579,97,132,0,808,0,0,0,808
03/28/2012,FLL,FL,ASO,ES,Towers with Radar,588,87,74,0,749,0,24,47,0,71,588,111,121,0,820,0,0,0,820
03/29/2012,FLL,FL,ASO,ES,Towers with Radar,611,90,93,0,794,0,18,56,0,74,611,108,149,0,868,0,0,0,868
03/30/2012,FLL,FL,ASO,ES,Towers with Radar,602,103,107,0,812,0,33,70,0,103,602,136,177,0,915,0,0,0,915
03/31/2012,FLL,FL,ASO,ES,Towers with Radar,616,105,123,0,844,0,29,35,0,64,616,134,158,0,908,0,0,0,908
04/01/2012,FLL,FL,ASO,ES,Towers with Radar,612,115,96,0,823,0,17,44,2,63,612,132,140,2,886,0,0,0,886
04/02/2012,FLL,FL,ASO,ES,Towers with Radar,587,87,92,0,766,0,24,29,1,54,587,111,121,1,820,0,0,0,820
04/03/2012,FLL,FL,ASO,ES,Towers with Radar,565,99,70,0,734,0,16,34,0,50,565,115,104,0,784,0,0,0,784
04/04/2012,FLL,FL,ASO,ES,Towers with Radar,592,97,75,2,766,0,20,52,0,72,592,117,127,2,838,0,0,0,838
04/05/2012,FLL,FL,ASO,ES,Towers with Radar,579,105,104,0,788,0,32,50,0,82,579,137,154,0,870,0,0,0,870
04/06/2012,FLL,FL,ASO,ES,Towers with Radar,604,112,88,0,804,0,29,49,0,78,604,141,137,0,882,0,0,0,882
04/07/2012,FLL,FL,ASO,ES,Towers with Radar,609,86,74,0,769,0,24,41,1,66,609,110,115,1,835,0,0,0,835
04/08/2012,FLL,FL,ASO,ES,Towers with Radar,578,116,93,1,788,0,29,35,0,64,578,145,128,1,852,0,0,0,852
04/09/2012,FLL,FL,ASO,ES,Towers with Radar,584,104,95,1,784,0,29,63,0,92,584,133,158,1,876,0,0,0,876
04/10/2012,FLL,FL,ASO,ES,Towers with Radar,563,82,60,0,705,0,21,33,0,54,563,103,93,0,759,0,0,0,759
04/11/2012,FLL,FL,ASO,ES,Towers with Radar,562,79,61,3,705,0,21,66,0,87,562,100,127,3,792,0,0,0,792
04/12/2012,FLL,FL,ASO,ES,Towers with Radar,582,101,54,0,737,0,10,58,0,68,582,111,112,0,805,0,0,0,805
04/13/2012,FLL,FL,ASO,ES,Towers with Radar,569,99,79,2,749,0,18,44,1,63,569,117,123,3,812,0,0,0,812
04/14/2012,FLL,FL,ASO,ES,Towers with Radar,572,111,82,2,767,0,19,53,0,72,572,130,135,2,839,0,0,0,839
04/15/2012,FLL,FL,ASO,ES,Towers with Radar,566,110,83,0,759,0,12,33,0,45,566,122,116,0,804,0,0,0,804
04/16/2012,FLL,FL,ASO,ES,Towers with Radar,563,79,71,0,713,0,17,37,2,56,563,96,108,2,769,0,0,0,769
04/17/2012,FLL,FL,ASO,ES,Towers with Radar,539,87,53,0,679,0,12,38,0,50,539,99,91,0,729,0,0,0,729
04/18/2012,FLL,FL,ASO,ES,Towers with Radar,538,84,92,0,714,0,16,43,0,59,538,100,135,0,773,0,0,0,773
04/19/2012,FLL,FL,ASO,ES,Towers with Radar,564,95,85,2,746,0,16,34,0,50,564,111,119,2,796,0,0,0,796
04/20/2012,FLL,FL,ASO,ES,Towers with Radar,551,95,68,1,715,0,19,38,0,57,551,114,106,1,772,0,0,0,772
04/21/2012,FLL,FL,ASO,ES,Towers with Radar,567,70,33,0,670,0,18,14,0,32,567,88,47,0,702,0,0,0,702
04/22/2012,FLL,FL,ASO,ES,Towers with Radar,544,94,66,2,706,0,15,29,0,44,544,109,95,2,750,0,0,0,750
04/23/2012,FLL,FL,ASO,ES,Towers with Radar,554,79,49,4,686,1,16,36,0,53,555,95,85,4,739,0,0,0,739
04/24/2012,FLL,FL,ASO,ES,Towers with Radar,528,97,54,0,679,0,13,36,0,49,528,110,90,0,728,0,0,0,728
04/25/2012,FLL,FL,ASO,ES,Towers with Radar,527,73,53,3,656,0,12,44,1,57,527,85,97,4,713,0,0,0,713
04/26/2012,FLL,FL,ASO,ES,Towers with Radar,537,86,50,4,677,0,14,44,2,60,537,100,94,6,737,0,0,0,737
04/27/2012,FLL,FL,ASO,ES,Towers with Radar,557,92,83,3,735,0,24,50,0,74,557,116,133,3,809,0,0,0,809
04/28/2012,FLL,FL,ASO,ES,Towers with Radar,542,76,53,0,671,0,12,13,0,25,542,88,66,0,696,0,0,0,696
04/29/2012,FLL,FL,ASO,ES,Towers with Radar,531,80,46,4,661,0,6,5,0,11,531,86,51,4,672,0,0,0,672
04/30/2012,FLL,FL,ASO,ES,Towers with Radar,534,104,54,4,696,0,7,4,0,11,534,111,58,4,707,0,0,0,707
05/01/2012,FLL,FL,ASO,ES,Towers with Radar,496,89,49,2,636,0,12,27,0,39,496,101,76,2,675,0,0,0,675
05/02/2012,FLL,FL,ASO,ES,Towers with Radar,492,78,67,1,638,0,18,44,0,62,492,96,111,1,700,0,0,0,700
05/03/2012,FLL,FL,ASO,ES,Towers with Radar,505,90,56,0,651,0,14,32,0,46,505,104,88,0,697,0,0,0,697
05/04/2012,FLL,FL,ASO,ES,Towers with Radar,500,99,80,1,680,0,15,33,0,48,500,114,113,1,728,0,0,0,728
05/05/2012,FLL,FL,ASO,ES,Towers with Radar,504,70,32,0,606,0,13,13,2,28,504,83,45,2,634,0,0,0,634
05/06/2012,FLL,FL,ASO,ES,Towers with Radar,485,88,54,3,630,0,13,22,0,35,485,101,76,3,665,0,0,0,665
05/07/2012,FLL,FL,ASO,ES,Towers with Radar,507,82,61,0,650,0,16,32,0,48,507,98,93,0,698,0,0,0,698
05/08/2012,FLL,FL,ASO,ES,Towers with Radar,502,89,59,0,650,0,17,25,0,42,502,106,84,0,692,0,0,0,692
05/09/2012,FLL,FL,ASO,ES,Towers with Radar,490,74,57,0,621,1,19,31,0,51,491,93,88,0,672,0,0,0,672
05/10/2012,FLL,FL,ASO,ES,Towers with Radar,523,91,65,1,680,0,17,26,1,44,523,108,91,2,724,0,0,0,724
05/11/2012,FLL,FL,ASO,ES,Towers with Radar,513,101,83,0,697,0,21,33,1,55,513,122,116,1,752,0,0,0,752
05/12/2012,FLL,FL,ASO,ES,Towers with Radar,489,77,48,0,614,0,14,24,0,38,489,91,72,0,652,0,0,0,652
05/13/2012,FLL,FL,ASO,ES,Towers with Radar,488,91,67,0,646,0,18,25,0,43,488,109,92,0,689,0,0,0,689
05/14/2012,FLL,FL,ASO,ES,Towers with Radar,500,81,65,1,647,0,19,27,0,46,500,100,92,1,693,0,0,0,693
05/15/2012,FLL,FL,ASO,ES,Towers with Radar,496,84,45,1,626,0,11,31,0,42,496,95,76,1,668,0,0,0,668
05/16/2012,FLL,FL,ASO,ES,Towers with Radar,499,84,40,2,625,0,18,24,0,42,499,102,64,2,667,0,0,0,667
05/17/2012,FLL,FL,ASO,ES,Towers with Radar,510,109,59,0,678,1,9,20,0,30,511,118,79,0,708,0,0,0,708
05/18/2012,FLL,FL,ASO,ES,Towers with Radar,519,91,72,0,682,1,18,40,1,60,520,109,112,1,742,0,0,0,742
05/19/2012,FLL,FL,ASO,ES,Towers with Radar,493,73,37,0,603,0,22,26,0,48,493,95,63,0,651,0,0,0,651
05/20/2012,FLL,FL,ASO,ES,Towers with Radar,493,84,55,3,635,0,23,41,0,64,493,107,96,3,699,0,0,0,699
05/21/2012,FLL,FL,ASO,ES,Towers with Radar,496,80,54,1,631,0,15,33,2,50,496,95,87,3,681,0,0,0,681
05/22/2012,FLL,FL,ASO,ES,Towers with Radar,502,80,57,0,639,0,12,30,1,43,502,92,87,1,682,0,0,0,682
05/23/2012,FLL,FL,ASO,ES,Towers with Radar,496,81,64,0,641,0,12,33,0,45,496,93,97,0,686,0,0,0,686
05/24/2012,FLL,FL,ASO,ES,Towers with Radar,509,107,61,0,677,0,11,27,0,38,509,118,88,0,715,0,0,0,715
05/25/2012,FLL,FL,ASO,ES,Towers with Radar,522,131,88,1,742,0,35,44,1,80,522,166,132,2,822,0,0,0,822
05/26/2012,FLL,FL,ASO,ES,Towers with Radar,477,88,40,0,605,0,27,35,0,62,477,115,75,0,667,0,0,0,667
05/27/2012,FLL,FL,ASO,ES,Towers with Radar,461,86,48,0,595,0,13,15,0,28,461,99,63,0,623,0,0,0,623
05/28/2012,FLL,FL,ASO,ES,Towers with Radar,496,96,76,3,671,0,22,51,4,77,496,118,127,7,748,0,0,0,748
05/29/2012,FLL,FL,ASO,ES,Towers with Radar,488,89,52,0,629,1,18,26,0,45,489,107,78,0,674,0,0,0,674
05/30/2012,FLL,FL,ASO,ES,Towers with Radar,499,79,55,0,633,0,20,44,0,64,499,99,99,0,697,0,0,0,697
05/31/2012,FLL,FL,ASO,ES,Towers with Radar,514,82,66,2,664,0,19,24,0,43,514,101,90,2,707,0,0,0,707
06/01/2012,FLL,FL,ASO,ES,Towers with Radar,512,76,67,0,655,0,15,19,0,34,512,91,86,0,689,0,0,0,689
06/02/2012,FLL,FL,ASO,ES,Towers with Radar,496,79,46,2,623,0,22,21,0,43,496,101,67,2,666,0,0,0,666
06/03/2012,FLL,FL,ASO,ES,Towers with Radar,475,92,40,0,607,0,14,15,0,29,475,106,55,0,636,0,0,0,636
06/04/2012,FLL,FL,ASO,ES,Towers with Radar,503,83,46,5,637,0,12,42,0,54,503,95,88,5,691,0,0,0,691
06/05/2012,FLL,FL,ASO,ES,Towers with Radar,487,77,56,2,622,0,17,26,0,43,487,94,82,2,665,0,0,0,665
06/06/2012,FLL,FL,ASO,ES,Towers with Radar,485,77,64,0,626,0,19,13,2,34,485,96,77,2,660,0,0,0,660
06/07/2012,FLL,FL,ASO,ES,Towers with Radar,503,99,59,2,663,0,13,29,0,42,503,112,88,2,705,0,0,0,705
06/08/2012,FLL,FL,ASO,ES,Towers with Radar,530,84,55,1,670,0,21,30,0,51,530,105,85,1,721,0,0,0,721
06/09/2012,FLL,FL,ASO,ES,Towers with Radar,497,82,58,2,639,0,22,31,0,53,497,104,89,2,692,0,0,0,692
06/10/2012,FLL,FL,ASO,ES,Towers with Radar,483,97,62,0,642,0,21,28,0,49,483,118,90,0,691,0,0,0,691
06/11/2012,FLL,FL,ASO,ES,Towers with Radar,509,79,48,3,639,0,12,36,0,48,509,91,84,3,687,0,0,0,687
06/12/2012,FLL,FL,ASO,ES,Towers with Radar,497,70,43,0,610,2,22,33,0,57,499,92,76,0,667,0,0,0,667
06/13/2012,FLL,FL,ASO,ES,Towers with Radar,507,75,62,1,645,1,22,37,0,60,508,97,99,1,705,0,0,0,705
06/14/2012,FLL,FL,ASO,ES,Towers with Radar,521,96,59,1,677,0,18,47,0,65,521,114,106,1,742,0,0,0,742
06/15/2012,FLL,FL,ASO,ES,Towers with Radar,522,94,68,0,684,2,22,35,0,59,524,116,103,0,743,0,0,0,743
06/16/2012,FLL,FL,ASO,ES,Towers with Radar,505,85,67,0,657,0,18,23,0,41,505,103,90,0,698,0,0,0,698
06/17/2012,FLL,FL,ASO,ES,Towers with Radar,502,79,62,0,643,0,14,42,0,56,502,93,104,0,699,0,0,0,699
06/18/2012,FLL,FL,ASO,ES,Towers with Radar,518,85,56,5,664,0,19,33,2,54,518,104,89,7,718,0,0,0,718
06/19/2012,FLL,FL,ASO,ES,Towers with Radar,516,80,64,1,661,1,17,31,0,49,517,97,95,1,710,0,0,0,710
06/20/2012,FLL,FL,ASO,ES,Towers with Radar,516,77,60,0,653,0,14,18,0,32,516,91,78,0,685,0,0,0,685
06/21/2012,FLL,FL,ASO,ES,Towers with Radar,520,95,70,2,687,0,11,30,0,41,520,106,100,2,728,0,0,0,728
06/22/2012,FLL,FL,ASO,ES,Towers with Radar,493,101,74,0,668,1,19,26,2,48,494,120,100,2,716,0,0,0,716
06/23/2012,FLL,FL,ASO,ES,Towers with Radar,531,80,62,0,673,0,19,20,0,39,531,99,82,0,712,0,0,0,712
06/24/2012,FLL,FL,ASO,ES,Towers with Radar,504,93,81,0,678,0,10,16,0,26,504,103,97,0,704,0,0,0,704
06/25/2012,FLL,FL,ASO,ES,Towers with Radar,512,76,46,0,634,0,15,20,0,35,512,91,66,0,669,0,0,0,669
06/26/2012,FLL,FL,ASO,ES,Towers with Radar,539,87,53,1,680,0,13,23,0,36,539,100,76,1,716,0,0,0,716
06/27/2012,FLL,FL,ASO,ES,Towers with Radar,526,75,71,2,674,0,19,17,0,36,526,94,88,2,710,0,0,0,710
06/28/2012,FLL,FL,ASO,ES,Towers with Radar,522,100,39,0,661,0,18,29,0,47,522,118,68,0,708,0,0,0,708
06/29/2012,FLL,FL,ASO,ES,Towers with Radar,524,93,78,2,697,1,25,55,0,81,525,118,133,2,778,0,0,0,778
06/30/2012,FLL,FL,ASO,ES,Towers with Radar,536,90,70,0,696,0,27,34,0,61,536,117,104,0,757,0,0,0,757
07/01/2012,FLL,FL,ASO,ES,Towers with Radar,491,98,67,3,659,1,17,26,1,45,492,115,93,4,704,0,0,0,704
07/02/2012,FLL,FL,ASO,ES,Towers with Radar,536,79,59,1,675,0,16,28,0,44,536,95,87,1,719,0,0,0,719
07/03/2012,FLL,FL,ASO,ES,Towers with Radar,496,81,44,0,621,0,16,21,0,37,496,97,65,0,658,0,0,0,658
07/04/2012,FLL,FL,ASO,ES,Towers with Radar,479,67,33,0,579,0,9,31,0,40,479,76,64,0,619,0,0,0,619
07/05/2012,FLL,FL,ASO,ES,Towers with Radar,496,87,46,0,629,0,19,28,0,47,496,106,74,0,676,0,0,0,676
07/06/2012,FLL,FL,ASO,ES,Towers with Radar,529,89,47,0,665,0,27,28,0,55,529,116,75,0,720,0,0,0,720
07/07/2012,FLL,FL,ASO,ES,Towers with Radar,527,87,54,1,669,0,25,32,0,57,527,112,86,1,726,0,0,0,726
07/08/2012,FLL,FL,ASO,ES,Towers with Radar,515,97,55,1,668,0,17,24,0,41,515,114,79,1,709,0,0,0,709
07/09/2012,FLL,FL,ASO,ES,Towers with Radar,521,76,48,2,647,0,18,31,0,49,521,94,79,2,696,0,0,0,696
07/10/2012,FLL,FL,ASO,ES,Towers with Radar,517,75,47,0,639,0,8,29,0,37,517,83,76,0,676,0,0,0,676
07/11/2012,FLL,FL,ASO,ES,Towers with Radar,526,75,55,2,658,0,15,17,0,32,526,90,72,2,690,0,0,0,690
07/12/2012,FLL,FL,ASO,ES,Towers with Radar,527,79,40,2,648,0,23,32,2,57,527,102,72,4,705,0,0,0,705
07/13/2012,FLL,FL,ASO,ES,Towers with Radar,531,99,55,0,685,0,26,33,0,59,531,125,88,0,744,0,0,0,744
07/14/2012,FLL,FL,ASO,ES,Towers with Radar,516,83,50,0,649,0,33,16,0,49,516,116,66,0,698,0,0,0,698
07/15/2012,FLL,FL,ASO,ES,Towers with Radar,499,82,62,0,643,0,17,22,0,39,499,99,84,0,682,0,0,0,682
07/16/2012,FLL,FL,ASO,ES,Towers with Radar,528,90,39,0,657,0,19,26,0,45,528,109,65,0,702,0,0,0,702
07/17/2012,FLL,FL,ASO,ES,Towers with Radar,529,77,43,0,649,1,24,23,2,50,530,101,66,2,699,0,0,0,699
07/18/2012,FLL,FL,ASO,ES,Towers with Radar,492,70,58,0,620,0,14,29,0,43,492,84,87,0,663,0,0,0,663
07/19/2012,FLL,FL,ASO,ES,Towers with Radar,516,94,63,0,673,0,15,32,0,47,516,109,95,0,720,0,0,0,720
07/20/2012,FLL,FL,ASO,ES,Towers with Radar,537,92,78,0,707,0,33,27,0,60,537,125,105,0,767,0,0,0,767
07/21/2012,FLL,FL,ASO,ES,Towers with Radar,523,75,63,0,661,1,17,17,0,35,524,92,80,0,696,0,0,0,696
07/22/2012,FLL,FL,ASO,ES,Towers with Radar,530,97,45,0,672,0,19,11,0,30,530,116,56,0,702,0,0,0,702
07/23/2012,FLL,FL,ASO,ES,Towers with Radar,524,76,50,0,650,0,26,15,0,41,524,102,65,0,691,0,0,0,691
07/24/2012,FLL,FL,ASO,ES,Towers with Radar,535,81,43,0,659,0,22,27,0,49,535,103,70,0,708,0,0,0,708
07/25/2012,FLL,FL,ASO,ES,Towers with Radar,523,75,42,2,642,0,16,25,2,43,523,91,67,4,685,0,0,0,685
07/26/2012,FLL,FL,ASO,ES,Towers with Radar,498,83,58,1,640,0,27,38,1,66,498,110,96,2,706,0,0,0,706
07/27/2012,FLL,FL,ASO,ES,Towers with Radar,536,95,73,3,707,0,27,39,0,66,536,122,112,3,773,0,0,0,773
07/28/2012,FLL,FL,ASO,ES,Towers with Radar,517,75,39,3,634,0,18,24,0,42,517,93,63,3,676,0,0,0,676
07/29/2012,FLL,FL,ASO,ES,Towers with Radar,515,95,45,1,656,0,20,30,0,50,515,115,75,1,706,0,0,0,706
07/30/2012,FLL,FL,ASO,ES,Towers with Radar,524,82,51,0,657,0,17,21,0,38,524,99,72,0,695,0,0,0,695
07/31/2012,FLL,FL,ASO,ES,Towers with Radar,516,85,52,0,653,0,19,44,0,63,516,104,96,0,716,0,0,0,716
08/01/2012,FLL,FL,ASO,ES,Towers with Radar,512,72,74,0,658,0,21,35,0,56,512,93,109,0,714,0,0,0,714
08/02/2012,FLL,FL,ASO,ES,Towers with Radar,529,90,47,3,669,0,24,29,0,53,529,114,76,3,722,0,0,0,722
08/03/2012,FLL,FL,ASO,ES,Towers with Radar,522,94,68,1,685,0,14,26,0,40,522,108,94,1,725,0,0,0,725
08/04/2012,FLL,FL,ASO,ES,Towers with Radar,534,92,46,0,672,0,13,18,0,31,534,105,64,0,703,0,0,0,703
08/05/2012,FLL,FL,ASO,ES,Towers with Radar,500,90,70,2,662,0,22,21,0,43,500,112,91,2,705,0,0,0,705
08/06/2012,FLL,FL,ASO,ES,Towers with Radar,536,82,52,0,670,0,17,19,0,36,536,99,71,0,706,0,0,0,706
08/07/2012,FLL,FL,ASO,ES,Towers with Radar,526,69,43,1,639,0,17,24,0,41,526,86,67,1,680,0,0,0,680
08/08/2012,FLL,FL,ASO,ES,Towers with Radar,514,76,64,0,654,0,22,35,2,59,514,98,99,2,713,0,0,0,713
08/09/2012,FLL,FL,ASO,ES,Towers with Radar,508,88,49,2,647,1,19,29,1,50,509,107,78,3,697,0,0,0,697
08/10/2012,FLL,FL,ASO,ES,Towers with Radar,538,99,67,0,704,0,26,29,0,55,538,125,96,0,759,0,0,0,759
08/11/2012,FLL,FL,ASO,ES,Towers with Radar,539,80,42,0,661,0,19,23,0,42,539,99,65,0,703,0,0,0,703
08/12/2012,FLL,FL,ASO,ES,Towers with Radar,499,96,63,0,658,0,12,26,0,38,499,108,89,0,696,0,0,0,696
08/13/2012,FLL,FL,ASO,ES,Towers with Radar,498,80,64,1,643,1,23,29,0,53,499,103,93,1,696,0,0,0,696
08/14/2012,FLL,FL,ASO,ES,Towers with Radar,485,79,45,1,610,1,22,18,0,41,486,101,63,1,651,0,0,0,651
08/15/2012,FLL,FL,ASO,ES,Towers with Radar,482,71,50,0,603,1,16,35,0,52,483,87,85,0,655,0,0,0,655
08/16/2012,FLL,FL,ASO,ES,Towers with Radar,505,88,64,0,657,0,10,29,0,39,505,98,93,0,696,0,0,0,696
08/17/2012,FLL,FL,ASO,ES,Towers with Radar,508,80,54,1,643,0,15,35,0,50,508,95,89,1,693,0,0,0,693
08/18/2012,FLL,FL,ASO,ES,Towers with Radar,475,90,40,2,607,0,8,15,0,23,475,98,55,2,630,0,0,0,630
08/19/2012,FLL,FL,ASO,ES,Towers with Radar,484,88,48,2,622,0,6,25,0,31,484,94,73,2,653,0,0,0,653
08/20/2012,FLL,FL,ASO,ES,Towers with Radar,498,71,59,1,629,0,10,20,0,30,498,81,79,1,659,0,0,0,659
08/21/2012,FLL,FL,ASO,ES,Towers with Radar,482,65,49,0,596,0,11,35,0,46,482,76,84,0,642,0,0,0,642
08/22/2012,FLL,FL,ASO,ES,Towers with Radar,478,63,46,2,589,0,9,27,1,37,478,72,73,3,626,0,0,0,626
08/23/2012,FLL,FL,ASO,ES,Towers with Radar,500,84,47,4,635,0,13,33,0,46,500,97,80,4,681,0,0,0,681
08/24/2012,FLL,FL,ASO,ES,Towers with Radar,497,82,52,0,631,0,20,29,0,49,497,102,81,0,680,0,0,0,680
08/25/2012,FLL,FL,ASO,ES,Towers with Radar,457,76,55,0,588,0,4,9,0,13,457,80,64,0,601,0,0,0,601
08/26/2012,FLL,FL,ASO,ES,Towers with Radar,331,41,11,0,383,0,0,1,0,1,331,41,12,0,384,0,0,0,384
08/27/2012,FLL,FL,ASO,ES,Towers with Radar,485,70,35,0,590,0,8,2,0,10,485,78,37,0,600,0,0,0,600
08/28/2012,FLL,FL,ASO,ES,Towers with Radar,482,84,43,0,609,0,15,34,0,49,482,99,77,0,658,0,0,0,658
08/29/2012,FLL,FL,ASO,ES,Towers with Radar,477,70,39,0,586,0,11,18,0,29,477,81,57,0,615,0,0,0,615
08/30/2012,FLL,FL,ASO,ES,Towers with Radar,491,77,70,0,638,0,11,23,0,34,491,88,93,0,672,0,0,0,672
08/31/2012,FLL,FL,ASO,ES,Towers with Radar,500,91,71,2,664,1,18,39,0,58,501,109,110,2,722,0,0,0,722
09/01/2012,FLL,FL,ASO,ES,Towers with Radar,446,65,38,0,549,0,6,14,0,20,446,71,52,0,569,0,0,0,569
09/02/2012,FLL,FL,ASO,ES,Towers with Radar,437,67,34,0,538,0,12,13,0,25,437,79,47,0,563,0,0,0,563
09/03/2012,FLL,FL,ASO,ES,Towers with Radar,454,76,63,0,593,0,9,23,0,32,454,85,86,0,625,0,0,0,625
09/04/2012,FLL,FL,ASO,ES,Towers with Radar,470,70,52,0,592,2,6,25,0,33,472,76,77,0,625,0,0,0,625
09/05/2012,FLL,FL,ASO,ES,Towers with Radar,443,60,52,2,557,0,6,18,0,24,443,66,70,2,581,0,0,0,581
09/06/2012,FLL,FL,ASO,ES,Towers with Radar,477,74,41,0,592,0,12,12,0,24,477,86,53,0,616,0,0,0,616
09/07/2012,FLL,FL,ASO,ES,Towers with Radar,491,75,63,4,633,0,19,18,0,37,491,94,81,4,670,0,0,0,670
09/08/2012,FLL,FL,ASO,ES,Towers with Radar,428,57,29,7,521,0,8,19,0,27,428,65,48,7,548,0,0,0,548
09/09/2012,FLL,FL,ASO,ES,Towers with Radar,477,67,45,5,594,0,5,17,1,23,477,72,62,6,617,0,0,0,617
09/10/2012,FLL,FL,ASO,ES,Towers with Radar,478,61,45,3,587,0,15,32,1,48,478,76,77,4,635,0,0,0,635
09/11/2012,FLL,FL,ASO,ES,Towers with Radar,432,56,44,0,532,0,12,20,0,32,432,68,64,0,564,0,0,0,564
09/12/2012,FLL,FL,ASO,ES,Towers with Radar,421,67,55,0,543,0,10,25,2,37,421,77,80,2,580,0,0,0,580
09/13/2012,FLL,FL,ASO,ES,Towers with Radar,462,69,48,0,579,0,16,13,0,29,462,85,61,0,608,0,0,0,608
09/14/2012,FLL,FL,ASO,ES,Towers with Radar,484,66,63,1,614,0,17,24,0,41,484,83,87,1,655,0,0,0,655
09/15/2012,FLL,FL,ASO,ES,Towers with Radar,422,61,41,0,524,0,15,18,0,33,422,76,59,0,557,0,0,0,557
09/16/2012,FLL,FL,ASO,ES,Towers with Radar,447,68,49,1,565,0,6,13,0,19,447,74,62,1,584,0,0,0,584
09/17/2012,FLL,FL,ASO,ES,Towers with Radar,460,65,56,2,583,0,14,25,2,41,460,79,81,4,624,0,0,0,624
09/18/2012,FLL,FL,ASO,ES,Towers with Radar,425,60,47,0,532,0,13,20,0,33,425,73,67,0,565,0,0,0,565
09/19/2012,FLL,FL,ASO,ES,Towers with Radar,441,63,43,2,549,0,9,15,0,24,441,72,58,2,573,0,0,0,573
09/20/2012,FLL,FL,ASO,ES,Towers with Radar,458,78,45,3,584,0,11,30,1,42,458,89,75,4,626,0,0,0,626
09/21/2012,FLL,FL,ASO,ES,Towers with Radar,479,72,53,4,608,0,22,24,0,46,479,94,77,4,654,0,0,0,654
09/22/2012,FLL,FL,ASO,ES,Towers with Radar,417,53,45,0,515,0,5,4,0,9,417,58,49,0,524,0,0,0,524
09/23/2012,FLL,FL,ASO,ES,Towers with Radar,460,68,50,4,582,0,11,25,2,38,460,79,75,6,620,0,0,0,620
09/24/2012,FLL,FL,ASO,ES,Towers with Radar,465,68,57,0,590,0,10,28,0,38,465,78,85,0,628,0,0,0,628
09/25/2012,FLL,FL,ASO,ES,Towers with Radar,431,60,58,0,549,1,14,16,0,31,432,74,74,0,580,0,0,0,580
09/26/2012,FLL,FL,ASO,ES,Towers with Radar,429,61,62,0,552,0,8,18,0,26,429,69,80,0,578,0,0,0,578
09/27/2012,FLL,FL,ASO,ES,Towers with Radar,458,69,58,0,585,0,19,22,0,41,458,88,80,0,626,0,0,0,626
09/28/2012,FLL,FL,ASO,ES,Towers with Radar,483,74,60,3,620,0,17,29,0,46,483,91,89,3,666,0,0,0,666
09/29/2012,FLL,FL,ASO,ES,Towers with Radar,422,60,40,0,522,0,10,14,0,24,422,70,54,0,546,0,0,0,546
09/30/2012,FLL,FL,ASO,ES,Towers with Radar,444,69,53,0,566,0,8,19,0,27,444,77,72,0,593,0,0,0,593
10/01/2012,FLL,FL,ASO,ES,Towers with Radar,476,58,54,0,588,0,9,8,2,19,476,67,62,2,607,0,0,0,607
10/02/2012,FLL,FL,ASO,ES,Towers with Radar,440,58,65,0,563,1,9,16,0,26,441,67,81,0,589,0,0,0,589
10/03/2012,FLL,FL,ASO,ES,Towers with Radar,436,54,65,0,555,0,8,21,0,29,436,62,86,0,584,0,0,0,584
10/04/2012,FLL,FL,ASO,ES,Towers with Radar,468,71,51,2,592,1,8,29,0,38,469,79,80,2,630,0,0,0,630
10/05/2012,FLL,FL,ASO,ES,Towers with Radar,489,76,69,0,634,0,13,37,0,50,489,89,106,0,684,0,0,0,684
10/06/2012,FLL,FL,ASO,ES,Towers with Radar,449,58,43,0,550,0,8,18,0,26,449,66,61,0,576,0,0,0,576
10/07/2012,FLL,FL,ASO,ES,Towers with Radar,467,59,55,0,581,0,4,24,0,28,467,63,79,0,609,0,0,0,609
10/08/2012,FLL,FL,ASO,ES,Towers with Radar,474,63,54,2,593,0,8,17,0,25,474,71,71,2,618,0,0,0,618
10/09/2012,FLL,FL,ASO,ES,Towers with Radar,449,64,69,2,584,1,10,29,0,40,450,74,98,2,624,0,0,0,624
10/10/2012,FLL,FL,ASO,ES,Towers with Radar,449,63,56,0,568,0,7,19,0,26,449,70,75,0,594,0,0,0,594
10/11/2012,FLL,FL,ASO,ES,Towers with Radar,472,82,58,0,612,1,17,32,2,52,473,99,90,2,664,0,0,0,664
10/12/2012,FLL,FL,ASO,ES,Towers with Radar,494,65,68,1,628,0,5,49,0,54,494,70,117,1,682,0,0,0,682
10/13/2012,FLL,FL,ASO,ES,Towers with Radar,445,54,38,0,537,0,1,15,0,16,445,55,53,0,553,0,0,0,553
10/14/2012,FLL,FL,ASO,ES,Towers with Radar,474,57,44,0,575,0,6,33,1,40,474,63,77,1,615,0,0,0,615
10/15/2012,FLL,FL,ASO,ES,Towers with Radar,473,67,74,2,616,0,7,26,2,35,473,74,100,4,651,0,0,0,651
10/16/2012,FLL,FL,ASO,ES,Towers with Radar,440,49,68,0,557,1,9,27,0,37,441,58,95,0,594,0,0,0,594
10/17/2012,FLL,FL,ASO,ES,Towers with Radar,447,68,50,0,565,0,10,29,0,39,447,78,79,0,604,0,0,0,604
10/18/2012,FLL,FL,ASO,ES,Towers with Radar,470,65,58,0,593,1,9,30,0,40,471,74,88,0,633,0,0,0,633
10/19/2012,FLL,FL,ASO,ES,Towers with Radar,492,74,65,0,631,0,14,39,2,55,492,88,104,2,686,0,0,0,686
10/20/2012,FLL,FL,ASO,ES,Towers with Radar,450,50,34,0,534,0,6,27,0,33,450,56,61,0,567,0,0,0,567
10/21/2012,FLL,FL,ASO,ES,Towers with Radar,470,56,58,0,584,0,7,28,0,35,470,63,86,0,619,0,0,0,619
10/22/2012,FLL,FL,ASO,ES,Towers with Radar,477,81,64,1,623,0,13,20,0,33,477,94,84,1,656,0,0,0,656
10/23/2012,FLL,FL,ASO,ES,Towers with Radar,446,70,71,1,588,1,13,28,0,42,447,83,99,1,630,0,0,0,630
10/24/2012,FLL,FL,ASO,ES,Towers with Radar,429,80,82,6,597,0,15,56,0,71,429,95,138,6,668,0,0,0,668
10/25/2012,FLL,FL,ASO,ES,Towers with Radar,463,51,81,0,595,0,8,7,0,15,463,59,88,0,610,0,0,0,610
10/26/2012,FLL,FL,ASO,ES,Towers with Radar,478,43,49,0,570,0,1,2,0,3,478,44,51,0,573,0,0,0,573
10/27/2012,FLL,FL,ASO,ES,Towers with Radar,461,51,80,2,594,0,12,15,1,28,461,63,95,3,622,0,0,0,622
10/28/2012,FLL,FL,ASO,ES,Towers with Radar,474,57,129,0,660,0,5,34,0,39,474,62,163,0,699,0,0,0,699
10/29/2012,FLL,FL,ASO,ES,Towers with Radar,338,73,82,2,495,0,10,33,0,43,338,83,115,2,538,0,0,0,538
10/30/2012,FLL,FL,ASO,ES,Towers with Radar,325,67,65,1,458,0,8,41,2,51,325,75,106,3,509,0,0,0,509
10/31/2012,FLL,FL,ASO,ES,Towers with Radar,394,58,87,0,539,0,10,34,1,45,394,68,121,1,584,0,0,0,584
11/01/2012,FLL,FL,ASO,ES,Towers with Radar,483,81,88,5,657,0,18,31,0,49,483,99,119,5,706,0,0,0,706
11/02/2012,FLL,FL,ASO,ES,Towers with Radar,492,76,65,0,633,0,13,30,1,44,492,89,95,1,677,0,0,0,677
11/03/2012,FLL,FL,ASO,ES,Towers with Radar,495,52,40,1,588,0,4,22,0,26,495,56,62,1,614,0,0,0,614
11/04/2012,FLL,FL,ASO,ES,Towers with Radar,507,63,74,3,647,0,8,32,0,40,507,71,106,3,687,0,0,0,687
11/05/2012,FLL,FL,ASO,ES,Towers with Radar,515,63,61,2,641,0,13,36,0,49,515,76,97,2,690,0,0,0,690
11/06/2012,FLL,FL,ASO,ES,Towers with Radar,475,67,60,1,603,0,3,26,0,29,475,70,86,1,632,0,0,0,632
11/07/2012,FLL,FL,ASO,ES,Towers with Radar,449,60,52,3,564,0,9,25,0,34,449,69,77,3,598,0,0,0,598
11/08/2012,FLL,FL,ASO,ES,Towers with Radar,517,67,69,2,655,0,18,32,2,52,517,85,101,4,707,0,0,0,707
11/09/2012,FLL,FL,ASO,ES,Towers with Radar,534,69,77,1,681,0,13,38,2,53,534,82,115,3,734,0,0,0,734
11/10/2012,FLL,FL,ASO,ES,Towers with Radar,525,58,51,0,634,0,4,6,0,10,525,62,57,0,644,0,0,0,644
11/11/2012,FLL,FL,ASO,ES,Towers with Radar,513,70,85,0,668,1,5,25,0,31,514,75,110,0,699,0,0,0,699
11/12/2012,FLL,FL,ASO,ES,Towers with Radar,517,72,75,0,664,0,15,26,0,41,517,87,101,0,705,0,0,0,705
11/13/2012,FLL,FL,ASO,ES,Towers with Radar,509,68,56,0,633,0,17,37,0,54,509,85,93,0,687,0,0,0,687
11/14/2012,FLL,FL,ASO,ES,Towers with Radar,498,76,83,0,657,0,10,35,0,45,498,86,118,0,702,0,0,0,702
11/15/2012,FLL,FL,ASO,ES,Towers with Radar,550,75,94,1,720,1,19,48,0,68,551,94,142,1,788,0,0,0,788
11/16/2012,FLL,FL,ASO,ES,Towers with Radar,569,95,73,2,739,0,13,26,0,39,569,108,99,2,778,0,0,0,778
11/17/2012,FLL,FL,ASO,ES,Towers with Radar,546,63,59,1,669,0,4,41,2,47,546,67,100,3,716,0,0,0,716
11/18/2012,FLL,FL,ASO,ES,Towers with Radar,556,72,70,0,698,0,6,35,0,41,556,78,105,0,739,0,0,0,739
11/19/2012,FLL,FL,ASO,ES,Towers with Radar,560,72,62,0,694,0,13,32,2,47,560,85,94,2,741,0,0,0,741
11/20/2012,FLL,FL,ASO,ES,Towers with Radar,557,90,84,0,731,0,8,13,0,21,557,98,97,0,752,0,0,0,752
11/21/2012,FLL,FL,ASO,ES,Towers with Radar,591,75,107,0,773,0,29,39,0,68,591,104,146,0,841,0,0,0,841
11/22/2012,FLL,FL,ASO,ES,Towers with Radar,450,59,42,0,551,0,11,13,0,24,450,70,55,0,575,0,0,0,575
11/23/2012,FLL,FL,ASO,ES,Towers with Radar,500,74,35,0,609,0,17,22,0,39,500,91,57,0,648,0,0,0,648
11/24/2012,FLL,FL,ASO,ES,Towers with Radar,572,58,60,0,690,0,4,28,0,32,572,62,88,0,722,0,0,0,722
11/25/2012,FLL,FL,ASO,ES,Towers with Radar,594,82,97,0,773,0,15,42,0,57,594,97,139,0,830,0,0,0,830
11/26/2012,FLL,FL,ASO,ES,Towers with Radar,584,78,80,0,742,0,22,39,2,63,584,100,119,2,805,0,0,0,805
11/27/2012,FLL,FL,ASO,ES,Towers with Radar,523,61,51,2,637,1,10,32,0,43,524,71,83,2,680,0,0,0,680
11/28/2012,FLL,FL,ASO,ES,Towers with Radar,529,67,65,0,661,0,9,45,2,56,529,76,110,2,717,0,0,0,717
11/29/2012,FLL,FL,ASO,ES,Towers with Radar,548,71,71,0,690,1,14,36,0,51,549,85,107,0,741,0,0,0,741
11/30/2012,FLL,FL,ASO,ES,Towers with Radar,555,78,92,1,726,0,14,34,0,48,555,92,126,1,774,0,0,0,774
12/01/2012,FLL,FL,ASO,ES,Towers with Radar,536,52,70,0,658,0,2,21,0,23,536,54,91,0,681,0,0,0,681
12/02/2012,FLL,FL,ASO,ES,Towers with Radar,538,70,52,1,661,1,7,24,1,33,539,77,76,2,694,0,0,0,694
12/03/2012,FLL,FL,ASO,ES,Towers with Radar,533,73,57,0,663,0,11,21,0,32,533,84,78,0,695,0,0,0,695
12/04/2012,FLL,FL,ASO,ES,Towers with Radar,511,66,38,1,616,1,8,31,0,40,512,74,69,1,656,0,0,0,656
12/05/2012,FLL,FL,ASO,ES,Towers with Radar,518,73,58,4,653,0,10,23,1,34,518,83,81,5,687,0,0,0,687
12/06/2012,FLL,FL,ASO,ES,Towers with Radar,552,83,78,0,713,0,11,42,2,55,552,94,120,2,768,0,0,0,768
12/07/2012,FLL,FL,ASO,ES,Towers with Radar,553,85,61,4,703,0,17,41,0,58,553,102,102,4,761,0,0,0,761
12/08/2012,FLL,FL,ASO,ES,Towers with Radar,537,63,68,0,668,1,5,20,0,26,538,68,88,0,694,0,0,0,694
12/09/2012,FLL,FL,ASO,ES,Towers with Radar,535,74,70,3,682,0,8,18,4,30,535,82,88,7,712,0,0,0,712
12/10/2012,FLL,FL,ASO,ES,Towers with Radar,528,82,71,2,683,0,18,39,0,57,528,100,110,2,740,0,0,0,740
12/11/2012,FLL,FL,ASO,ES,Towers with Radar,526,77,78,0,681,0,8,31,2,41,526,85,109,2,722,0,0,0,722
12/12/2012,FLL,FL,ASO,ES,Towers with Radar,522,73,59,0,654,0,9,39,0,48,522,82,98,0,702,0,0,0,702
12/13/2012,FLL,FL,ASO,ES,Towers with Radar,556,78,77,0,711,0,2,24,0,26,556,80,101,0,737,0,0,0,737
12/14/2012,FLL,FL,ASO,ES,Towers with Radar,567,91,60,2,720,0,10,48,2,60,567,101,108,4,780,0,0,0,780
12/15/2012,FLL,FL,ASO,ES,Towers with Radar,575,65,64,0,704,0,2,28,0,30,575,67,92,0,734,0,0,0,734
12/16/2012,FLL,FL,ASO,ES,Towers with Radar,562,79,52,0,693,1,4,27,0,32,563,83,79,0,725,0,0,0,725
12/17/2012,FLL,FL,ASO,ES,Towers with Radar,558,88,82,0,728,0,14,14,0,28,558,102,96,0,756,0,0,0,756
12/18/2012,FLL,FL,ASO,ES,Towers with Radar,571,72,59,3,705,0,9,31,0,40,571,81,90,3,745,0,0,0,745
12/19/2012,FLL,FL,ASO,ES,Towers with Radar,572,88,104,2,766,0,10,52,0,62,572,98,156,2,828,0,0,0,828
12/20/2012,FLL,FL,ASO,ES,Towers with Radar,628,97,82,0,807,0,11,41,0,52,628,108,123,0,859,0,0,0,859
12/21/2012,FLL,FL,ASO,ES,Towers with Radar,633,95,107,1,836,0,16,36,0,52,633,111,143,1,888,0,0,0,888
12/22/2012,FLL,FL,ASO,ES,Towers with Radar,644,94,80,0,818,0,5,43,0,48,644,99,123,0,866,0,0,0,866
12/23/2012,FLL,FL,ASO,ES,Towers with Radar,622,73,72,0,767,1,10,37,0,48,623,83,109,0,815,0,0,0,815
12/24/2012,FLL,FL,ASO,ES,Towers with Radar,572,66,31,0,669,0,12,33,0,45,572,78,64,0,714,0,0,0,714
12/25/2012,FLL,FL,ASO,ES,Towers with Radar,542,46,22,0,610,0,2,10,0,12,542,48,32,0,622,0,0,0,622
12/26/2012,FLL,FL,ASO,ES,Towers with Radar,621,72,85,0,778,0,13,48,0,61,621,85,133,0,839,0,0,0,839
12/27/2012,FLL,FL,ASO,ES,Towers with Radar,650,107,119,0,876,0,28,49,0,77,650,135,168,0,953,0,0,0,953
12/28/2012,FLL,FL,ASO,ES,Towers with Radar,649,100,93,0,842,0,24,46,0,70,649,124,139,0,912,0,0,0,912
12/29/2012,FLL,FL,ASO,ES,Towers with Radar,637,65,80,0,782,0,23,47,0,70,637,88,127,0,852,0,0,0,852
12/30/2012,FLL,FL,ASO,ES,Towers with Radar,639,95,70,0,804,0,23,28,0,51,639,118,98,0,855,0,0,0,855
12/31/2012,FLL,FL,ASO,ES,Towers with Radar,602,63,32,0,697,0,11,28,0,39,602,74,60,0,736,0,0,0,736
01/01/2013,FLL,FL,ASO,ES,Towers with Radar,546,60,48,0,654,0,20,37,0,57,546,80,85,0,711,0,0,0,711
01/02/2013,FLL,FL,ASO,ES,Towers with Radar,644,83,106,2,835,0,22,64,0,86,644,105,170,2,921,0,0,0,921
01/03/2013,FLL,FL,ASO,ES,Towers with Radar,624,91,98,0,813,1,19,33,0,53,625,110,131,0,866,0,0,0,866
01/04/2013,FLL,FL,ASO,ES,Towers with Radar,623,101,98,0,822,0,12,29,0,41,623,113,127,0,863,0,0,0,863
01/05/2013,FLL,FL,ASO,ES,Towers with Radar,638,83,127,0,848,0,7,34,0,41,638,90,161,0,889,0,0,0,889
01/06/2013,FLL,FL,ASO,ES,Towers with Radar,615,114,133,0,862,0,7,44,0,51,615,121,177,0,913,0,0,0,913
01/07/2013,FLL,FL,ASO,ES,Towers with Radar,581,105,119,0,805,0,10,31,0,41,581,115,150,0,846,0,0,0,846
01/08/2013,FLL,FL,ASO,ES,Towers with Radar,583,117,142,0,842,0,3,22,2,27,583,120,164,2,869,0,0,0,869
01/09/2013,FLL,FL,ASO,ES,Towers with Radar,541,88,65,0,694,0,5,28,1,34,541,93,93,1,728,0,0,0,728
01/10/2013,FLL,FL,ASO,ES,Towers with Radar,573,87,79,0,739,0,11,38,0,49,573,98,117,0,788,0,0,0,788
01/11/2013,FLL,FL,ASO,ES,Towers with Radar,583,99,94,0,776,0,14,27,0,41,583,113,121,0,817,0,0,0,817
01/12/2013,FLL,FL,ASO,ES,Towers with Radar,565,53,49,0,667,0,5,37,0,42,565,58,86,0,709,0,0,0,709
01/13/2013,FLL,FL,ASO,ES,Towers with Radar,560,66,88,0,714,0,7,14,0,21,560,73,102,0,735,0,0,0,735
01/14/2013,FLL,FL,ASO,ES,Towers with Radar,575,65,71,0,711,0,11,16,0,27,575,76,87,0,738,0,0,0,738
01/15/2013,FLL,FL,ASO,ES,Towers with Radar,519,75,70,0,664,0,8,33,0,41,519,83,103,0,705,0,0,0,705
01/16/2013,FLL,FL,ASO,ES,Towers with Radar,535,80,63,3,681,0,2,40,0,42,535,82,103,3,723,0,0,0,723
01/17/2013,FLL,FL,ASO,ES,Towers with Radar,591,71,79,1,742,0,10,21,2,33,591,81,100,3,775,0,0,0,775
01/18/2013,FLL,FL,ASO,ES,Towers with Radar,584,102,87,0,773,1,18,35,0,54,585,120,122,0,827,0,0,0,827
01/19/2013,FLL,FL,ASO,ES,Towers with Radar,563,53,73,1,690,0,2,4,0,6,563,55,77,1,696,0,0,0,696
01/20/2013,FLL,FL,ASO,ES,Towers with Radar,569,60,100,0,729,0,6,18,0,24,569,66,118,0,753,0,0,0,753
01/21/2013,FLL,FL,ASO,ES,Towers with Radar,566,72,75,0,713,0,6,16,1,23,566,78,91,1,736,0,0,0,736
01/22/2013,FLL,FL,ASO,ES,Towers with Radar,518,78,59,0,655,0,8,22,0,30,518,86,81,0,685,0,0,0,685
01/23/2013,FLL,FL,ASO,ES,Towers with Radar,543,78,58,0,679,0,5,31,0,36,543,83,89,0,715,0,0,0,715
01/24/2013,FLL,FL,ASO,ES,Towers with Radar,557,90,67,0,714,0,9,33,0,42,557,99,100,0,756,0,0,0,756
01/25/2013,FLL,FL,ASO,ES,Towers with Radar,571,93,63,0,727,0,8,36,0,44,571,101,99,0,771,0,0,0,771
01/26/2013,FLL,FL,ASO,ES,Towers with Radar,568,60,64,0,692,0,9,31,0,40,568,69,95,0,732,0,0,0,732
01/27/2013,FLL,FL,ASO,ES,Towers with Radar,560,64,72,0,696,0,6,15,0,21,560,70,87,0,717,0,0,0,717
01/28/2013,FLL,FL,ASO,ES,Towers with Radar,564,69,52,2,687,0,7,26,0,33,564,76,78,2,720,0,0,0,720
01/29/2013,FLL,FL,ASO,ES,Towers with Radar,527,73,72,2,674,2,7,18,0,27,529,80,90,2,701,0,0,0,701
01/30/2013,FLL,FL,ASO,ES,Towers with Radar,531,81,74,2,688,0,9,50,0,59,531,90,124,2,747,0,0,0,747
01/31/2013,FLL,FL,ASO,ES,Towers with Radar,584,80,71,1,736,0,10,17,0,27,584,90,88,1,763,0,0,0,763
02/01/2013,FLL,FL,ASO,ES,Towers with Radar,577,94,59,5,735,0,11,28,0,39,577,105,87,5,774,0,0,0,774
02/02/2013,FLL,FL,ASO,ES,Towers with Radar,568,60,70,2,700,0,2,26,0,28,568,62,96,2,728,0,0,0,728
02/03/2013,FLL,FL,ASO,ES,Towers with Radar,560,53,61,2,676,0,5,9,0,14,560,58,70,2,690,0,0,0,690
02/04/2013,FLL,FL,ASO,ES,Towers with Radar,561,87,67,1,716,0,14,27,2,43,561,101,94,3,759,0,0,0,759
02/05/2013,FLL,FL,ASO,ES,Towers with Radar,532,77,79,0,688,0,9,19,0,28,532,86,98,0,716,0,0,0,716
02/06/2013,FLL,FL,ASO,ES,Towers with Radar,544,72,63,2,681,0,3,34,0,37,544,75,97,2,718,0,0,0,718
02/07/2013,FLL,FL,ASO,ES,Towers with Radar,572,79,76,0,727,1,6,40,0,47,573,85,116,0,774,0,0,0,774
02/08/2013,FLL,FL,ASO,ES,Towers with Radar,516,81,107,2,706,1,17,22,0,40,517,98,129,2,746,0,0,0,746
02/09/2013,FLL,FL,ASO,ES,Towers with Radar,509,60,71,0,640,0,4,34,0,38,509,64,105,0,678,0,0,0,678
02/10/2013,FLL,FL,ASO,ES,Towers with Radar,573,72,86,0,731,1,6,24,0,31,574,78,110,0,762,0,0,0,762
02/11/2013,FLL,FL,ASO,ES,Towers with Radar,557,70,50,0,677,0,11,40,0,51,557,81,90,0,728,0,0,0,728
02/12/2013,FLL,FL,ASO,ES,Towers with Radar,536,99,84,0,719,0,13,27,0,40,536,112,111,0,759,0,0,0,759
02/13/2013,FLL,FL,ASO,ES,Towers with Radar,548,82,93,1,724,0,6,46,0,52,548,88,139,1,776,0,0,0,776
02/14/2013,FLL,FL,ASO,ES,Towers with Radar,612,89,101,0,802,0,8,27,0,35,612,97,128,0,837,0,0,0,837
02/15/2013,FLL,FL,ASO,ES,Towers with Radar,621,112,146,1,880,0,12,18,0,30,621,124,164,1,910,0,0,0,910
02/16/2013,FLL,FL,ASO,ES,Towers with Radar,639,80,86,1,806,0,3,19,0,22,639,83,105,1,828,0,0,0,828
02/17/2013,FLL,FL,ASO,ES,Towers with Radar,612,87,101,1,801,0,12,24,0,36,612,99,125,1,837,0,0,0,837
02/18/2013,FLL,FL,ASO,ES,Towers with Radar,610,88,110,1,809,0,15,34,0,49,610,103,144,1,858,0,0,0,858
02/19/2013,FLL,FL,ASO,ES,Towers with Radar,589,74,84,5,752,0,11,39,0,50,589,85,123,5,802,0,0,0,802
02/20/2013,FLL,FL,ASO,ES,Towers with Radar,583,71,80,6,740,0,13,30,0,43,583,84,110,6,783,0,0,0,783
02/21/2013,FLL,FL,ASO,ES,Towers with Radar,603,83,74,3,763,1,3,35,2,41,604,86,109,5,804,0,0,0,804
02/22/2013,FLL,FL,ASO,ES,Towers with Radar,611,104,89,0,804,0,14,40,0,54,611,118,129,0,858,0,0,0,858
02/23/2013,FLL,FL,ASO,ES,Towers with Radar,640,74,66,1,781,0,3,38,0,41,640,77,104,1,822,0,0,0,822
02/24/2013,FLL,FL,ASO,ES,Towers with Radar,601,81,88,0,770,0,11,26,0,37,601,92,114,0,807,0,0,0,807
02/25/2013,FLL,FL,ASO,ES,Towers with Radar,607,82,76,0,765,0,7,32,2,41,607,89,108,2,806,0,0,0,806
02/26/2013,FLL,FL,ASO,ES,Towers with Radar,585,62,67,2,716,0,9,36,0,45,585,71,103,2,761,0,0,0,761
02/27/2013,FLL,FL,ASO,ES,Towers with Radar,591,73,77,0,741,0,8,20,1,29,591,81,97,1,770,0,0,0,770
02/28/2013,FLL,FL,ASO,ES,Towers with Radar,619,80,99,2,800,0,6,48,0,54,619,86,147,2,854,0,0,0,854
03/01/2013,FLL,FL,ASO,ES,Towers with Radar,616,93,92,0,801,0,10,34,0,44,616,103,126,0,845,0,0,0,845
03/02/2013,FLL,FL,ASO,ES,Towers with Radar,641,68,70,2,781,0,5,22,5,32,641,73,92,7,813,0,0,0,813
03/03/2013,FLL,FL,ASO,ES,Towers with Radar,631,87,94,5,817,0,5,23,0,28,631,92,117,5,845,0,0,0,845
03/04/2013,FLL,FL,ASO,ES,Towers with Radar,608,99,72,5,784,0,9,35,2,46,608,108,107,7,830,0,0,0,830
03/05/2013,FLL,FL,ASO,ES,Towers with Radar,586,92,64,2,744,0,11,36,0,47,586,103,100,2,791,0,0,0,791
03/06/2013,FLL,FL,ASO,ES,Towers with Radar,587,86,86,2,761,0,13,32,4,49,587,99,118,6,810,0,0,0,810
03/07/2013,FLL,FL,ASO,ES,Towers with Radar,619,77,93,0,789,0,14,31,1,46,619,91,124,1,835,0,0,0,835
03/08/2013,FLL,FL,ASO,ES,Towers with Radar,614,90,80,0,784,0,12,47,6,65,614,102,127,6,849,0,0,0,849
03/09/2013,FLL,FL,ASO,ES,Towers with Radar,636,67,76,1,780,0,9,28,5,42,636,76,104,6,822,0,0,0,822
03/10/2013,FLL,FL,ASO,ES,Towers with Radar,609,76,101,0,786,0,11,26,2,39,609,87,127,2,825,0,0,0,825
03/11/2013,FLL,FL,ASO,ES,Towers with Radar,620,83,67,2,772,0,8,24,1,33,620,91,91,3,805,0,0,0,805
03/12/2013,FLL,FL,ASO,ES,Towers with Radar,597,70,74,2,743,0,9,29,5,43,597,79,103,7,786,0,0,0,786
03/13/2013,FLL,FL,ASO,ES,Towers with Radar,613,65,80,3,761,0,11,26,0,37,613,76,106,3,798,0,0,0,798
03/14/2013,FLL,FL,ASO,ES,Towers with Radar,619,107,89,0,815,0,18,53,3,74,619,125,142,3,889,0,0,0,889
03/15/2013,FLL,FL,ASO,ES,Towers with Radar,626,105,101,0,832,0,14,53,2,69,626,119,154,2,901,0,0,0,901
03/16/2013,FLL,FL,ASO,ES,Towers with Radar,652,95,108,0,855,0,14,53,2,69,652,109,161,2,924,0,0,0,924
03/17/2013,FLL,FL,ASO,ES,Towers with Radar,615,77,118,0,810,0,3,29,1,33,615,80,147,1,843,0,0,0,843
03/18/2013,FLL,FL,ASO,ES,Towers with Radar,600,83,79,0,762,0,11,38,0,49,600,94,117,0,811,0,0,0,811
03/19/2013,FLL,FL,ASO,ES,Towers with Radar,609,75,83,1,768,1,12,34,5,52,610,87,117,6,820,0,0,0,820
03/20/2013,FLL,FL,ASO,ES,Towers with Radar,617,71,69,0,757,0,9,28,0,37,617,80,97,0,794,0,0,0,794
03/21/2013,FLL,FL,ASO,ES,Towers with Radar,629,107,97,0,833,0,17,47,5,69,629,124,144,5,902,0,0,0,902
03/22/2013,FLL,FL,ASO,ES,Towers with Radar,621,122,160,2,905,0,16,29,2,47,621,138,189,4,952,0,0,0,952
03/23/2013,FLL,FL,ASO,ES,Towers with Radar,646,88,130,0,864,0,20,56,4,80,646,108,186,4,944,0,0,0,944
03/24/2013,FLL,FL,ASO,ES,Towers with Radar,601,86,101,0,788,0,10,34,5,49,601,96,135,5,837,0,0,0,837
03/25/2013,FLL,FL,ASO,ES,Towers with Radar,641,100,56,1,798,0,12,31,1,44,641,112,87,2,842,0,0,0,842
03/26/2013,FLL,FL,ASO,ES,Towers with Radar,609,75,90,2,776,0,15,58,1,74,609,90,148,3,850,0,0,0,850
03/27/2013,FLL,FL,ASO,ES,Towers with Radar,614,72,104,2,792,0,17,60,2,79,614,89,164,4,871,0,0,0,871
03/28/2013,FLL,FL,ASO,ES,Towers with Radar,631,91,122,1,845,0,19,74,4,97,631,110,196,5,942,0,0,0,942
03/29/2013,FLL,FL,ASO,ES,Towers with Radar,619,113,110,2,844,0,12,36,1,49,619,125,146,3,893,0,0,0,893
03/30/2013,FLL,FL,ASO,ES,Towers with Radar,636,71,97,0,804,0,19,48,2,69,636,90,145,2,873,0,0,0,873
03/31/2013,FLL,FL,ASO,ES,Towers with Radar,603,96,136,0,835,1,14,40,3,58,604,110,176,3,893,0,0,0,893
04/01/2013,FLL,FL,ASO,ES,Towers with Radar,629,99,118,0,846,0,17,25,2,44,629,116,143,2,890,0,0,0,890
04/02/2013,FLL,FL,ASO,ES,Towers with Radar,588,79,87,0,754,1,13,32,2,48,589,92,119,2,802,0,0,0,802
04/03/2013,FLL,FL,ASO,ES,Towers with Radar,591,89,61,2,743,0,11,49,1,61,591,100,110,3,804,0,0,0,804
04/04/2013,FLL,FL,ASO,ES,Towers with Radar,604,96,95,0,795,0,6,29,0,35,604,102,124,0,830,0,0,0,830
04/05/2013,FLL,FL,ASO,ES,Towers with Radar,624,105,82,0,811,0,5,17,2,24,624,110,99,2,835,0,0,0,835
04/06/2013,FLL,FL,ASO,ES,Towers with Radar,640,77,78,0,795,0,6,44,4,54,640,83,122,4,849,0,0,0,849
04/07/2013,FLL,FL,ASO,ES,Towers with Radar,598,88,94,0,780,0,4,41,7,52,598,92,135,7,832,0,0,0,832
04/08/2013,FLL,FL,ASO,ES,Towers with Radar,580,79,79,0,738,0,8,30,0,38,580,87,109,0,776,0,0,0,776
04/09/2013,FLL,FL,ASO,ES,Towers with Radar,556,64,82,1,703,1,12,46,1,60,557,76,128,2,763,0,0,0,763
04/10/2013,FLL,FL,ASO,ES,Towers with Radar,557,60,70,3,690,0,4,41,2,47,557,64,111,5,737,0,0,0,737
04/11/2013,FLL,FL,ASO,ES,Towers with Radar,599,76,82,0,757,0,8,57,1,66,599,84,139,1,823,0,0,0,823
04/12/2013,FLL,FL,ASO,ES,Towers with Radar,593,85,91,1,770,0,19,32,3,54,593,104,123,4,824,0,0,0,824
04/13/2013,FLL,FL,ASO,ES,Towers with Radar,624,68,50,0,742,0,11,15,2,28,624,79,65,2,770,0,0,0,770
04/14/2013,FLL,FL,ASO,ES,Towers with Radar,590,77,77,1,745,0,6,31,3,40,590,83,108,4,785,0,0,0,785
04/15/2013,FLL,FL,ASO,ES,Towers with Radar,574,85,73,0,732,0,7,25,3,35,574,92,98,3,767,0,0,0,767
04/16/2013,FLL,FL,ASO,ES,Towers with Radar,548,64,96,2,710,0,7,30,2,39,548,71,126,4,749,0,0,0,749
04/17/2013,FLL,FL,ASO,ES,Towers with Radar,552,69,59,0,680,0,10,38,2,50,552,79,97,2,730,0,0,0,730
04/18/2013,FLL,FL,ASO,ES,Towers with Radar,573,88,60,2,723,1,13,40,1,55,574,101,100,3,778,0,0,0,778
04/19/2013,FLL,FL,ASO,ES,Towers with Radar,571,90,73,0,734,0,10,56,3,69,571,100,129,3,803,0,0,0,803
04/20/2013,FLL,FL,ASO,ES,Towers with Radar,580,71,56,0,707,0,12,22,4,38,580,83,78,4,745,0,0,0,745
04/21/2013,FLL,FL,ASO,ES,Towers with Radar,578,73,75,0,726,0,5,14,2,21,578,78,89,2,747,0,0,0,747
04/22/2013,FLL,FL,ASO,ES,Towers with Radar,560,79,66,0,705,0,5,15,0,20,560,84,81,0,725,0,0,0,725
04/23/2013,FLL,FL,ASO,ES,Towers with Radar,556,84,59,1,700,0,9,39,0,48,556,93,98,1,748,0,0,0,748
04/24/2013,FLL,FL,ASO,ES,Towers with Radar,537,74,65,4,680,0,9,34,1,44,537,83,99,5,724,0,0,0,724
04/25/2013,FLL,FL,ASO,ES,Towers with Radar,561,86,76,0,723,0,13,51,2,66,561,99,127,2,789,0,0,0,789
04/26/2013,FLL,FL,ASO,ES,Towers with Radar,558,96,74,2,730,0,13,45,4,62,558,109,119,6,792,0,0,0,792
04/27/2013,FLL,FL,ASO,ES,Towers with Radar,553,65,55,0,673,0,4,21,1,26,553,69,76,1,699,0,0,0,699
04/28/2013,FLL,FL,ASO,ES,Towers with Radar,535,66,65,2,668,1,9,28,0,38,536,75,93,2,706,0,0,0,706
04/29/2013,FLL,FL,ASO,ES,Towers with Radar,551,70,64,0,685,0,5,36,2,43,551,75,100,2,728,0,0,0,728
04/30/2013,FLL,FL,ASO,ES,Towers with Radar,540,78,56,0,674,1,5,21,0,27,541,83,77,0,701,0,0,0,701
05/01/2013,FLL,FL,ASO,ES,Towers with Radar,500,79,62,0,641,0,8,36,2,46,500,87,98,2,687,0,0,0,687
05/02/2013,FLL,FL,ASO,ES,Towers with Radar,469,81,56,0,606,1,4,20,0,25,470,85,76,0,631,0,0,0,631
05/03/2013,FLL,FL,ASO,ES,Towers with Radar,553,100,64,0,717,0,9,44,1,54,553,109,108,1,771,0,0,0,771
05/04/2013,FLL,FL,ASO,ES,Towers with Radar,539,71,60,0,670,0,5,35,2,42,539,76,95,2,712,0,0,0,712
05/05/2013,FLL,FL,ASO,ES,Towers with Radar,513,60,73,0,646,0,3,19,1,23,513,63,92,1,669,0,0,0,669
05/06/2013,FLL,FL,ASO,ES,Towers with Radar,521,80,56,0,657,0,14,26,0,40,521,94,82,0,697,0,0,0,697
05/07/2013,FLL,FL,ASO,ES,Towers with Radar,502,68,66,0,636,1,10,34,3,48,503,78,100,3,684,0,0,0,684
05/08/2013,FLL,FL,ASO,ES,Towers with Radar,491,66,53,0,610,0,7,21,0,28,491,73,74,0,638,0,0,0,638
05/09/2013,FLL,FL,ASO,ES,Towers with Radar,527,78,66,0,671,0,11,38,2,51,527,89,104,2,722,0,0,0,722
05/10/2013,FLL,FL,ASO,ES,Towers with Radar,521,92,64,0,677,0,13,27,3,43,521,105,91,3,720,0,0,0,720
05/11/2013,FLL,FL,ASO,ES,Towers with Radar,514,65,35,0,614,0,3,30,2,35,514,68,65,2,649,0,0,0,649
05/12/2013,FLL,FL,ASO,ES,Towers with Radar,509,63,52,0,624,0,6,21,2,29,509,69,73,2,653,0,0,0,653
05/13/2013,FLL,FL,ASO,ES,Towers with Radar,507,76,57,0,640,0,8,22,2,32,507,84,79,2,672,0,0,0,672
05/14/2013,FLL,FL,ASO,ES,Towers with Radar,498,60,52,0,610,0,9,23,0,32,498,69,75,0,642,0,0,0,642
05/15/2013,FLL,FL,ASO,ES,Towers with Radar,489,64,75,2,630,1,8,34,1,44,490,72,109,3,674,0,0,0,674
05/16/2013,FLL,FL,ASO,ES,Towers with Radar,506,76,84,4,670,0,13,44,1,58,506,89,128,5,728,0,0,0,728
05/17/2013,FLL,FL,ASO,ES,Towers with Radar,515,82,49,1,647,0,11,37,1,49,515,93,86,2,696,0,0,0,696
05/18/2013,FLL,FL,ASO,ES,Towers with Radar,510,63,43,1,617,0,4,23,0,27,510,67,66,1,644,0,0,0,644
05/19/2013,FLL,FL,ASO,ES,Towers with Radar,495,60,78,0,633,0,10,31,4,45,495,70,109,4,678,0,0,0,678
05/20/2013,FLL,FL,ASO,ES,Towers with Radar,498,79,58,5,640,0,8,23,2,33,498,87,81,7,673,0,0,0,673
05/21/2013,FLL,FL,ASO,ES,Towers with Radar,500,63,49,0,612,0,4,16,2,22,500,67,65,2,634,0,0,0,634
05/22/2013,FLL,FL,ASO,ES,Towers with Radar,476,73,41,1,591,0,5,18,2,25,476,78,59,3,616,0,0,0,616
05/23/2013,FLL,FL,ASO,ES,Towers with Radar,500,81,91,0,672,1,23,44,0,68,501,104,135,0,740,0,0,0,740
05/24/2013,FLL,FL,ASO,ES,Towers with Radar,523,110,71,0,704,0,20,47,3,70,523,130,118,3,774,0,0,0,774
05/25/2013,FLL,FL,ASO,ES,Towers with Radar,482,69,35,0,586,0,7,16,1,24,482,76,51,1,610,0,0,0,610
05/26/2013,FLL,FL,ASO,ES,Towers with Radar,456,62,56,0,574,0,7,15,0,22,456,69,71,0,596,0,0,0,596
05/27/2013,FLL,FL,ASO,ES,Towers with Radar,473,81,67,0,621,0,18,34,1,53,473,99,101,1,674,0,0,0,674
05/28/2013,FLL,FL,ASO,ES,Towers with Radar,491,58,72,0,621,0,17,16,2,35,491,75,88,2,656,0,0,0,656
05/29/2013,FLL,FL,ASO,ES,Towers with Radar,489,61,71,2,623,0,8,17,0,25,489,69,88,2,648,0,0,0,648
05/30/2013,FLL,FL,ASO,ES,Towers with Radar,498,77,58,0,633,0,9,27,1,37,498,86,85,1,670,0,0,0,670
05/31/2013,FLL,FL,ASO,ES,Towers with Radar,506,77,80,0,663,1,10,25,1,37,507,87,105,1,700,0,0,0,700
06/01/2013,FLL,FL,ASO,ES,Towers with Radar,497,63,60,0,620,0,5,24,1,30,497,68,84,1,650,0,0,0,650
06/02/2013,FLL,FL,ASO,ES,Towers with Radar,478,54,57,1,590,0,6,23,0,29,478,60,80,1,619,0,0,0,619
06/03/2013,FLL,FL,ASO,ES,Towers with Radar,506,76,57,1,640,0,8,26,4,38,506,84,83,5,678,0,0,0,678
06/04/2013,FLL,FL,ASO,ES,Towers with Radar,476,61,57,0,594,0,4,15,0,19,476,65,72,0,613,0,0,0,613
06/05/2013,FLL,FL,ASO,ES,Towers with Radar,472,53,47,2,574,0,6,17,2,25,472,59,64,4,599,0,0,0,599
06/06/2013,FLL,FL,ASO,ES,Towers with Radar,491,74,44,0,609,0,7,15,2,24,491,81,59,2,633,0,0,0,633
06/07/2013,FLL,FL,ASO,ES,Towers with Radar,474,58,36,2,570,0,4,16,0,20,474,62,52,2,590,0,0,0,590
06/08/2013,FLL,FL,ASO,ES,Towers with Radar,520,75,67,0,662,0,11,34,0,45,520,86,101,0,707,0,0,0,707
06/09/2013,FLL,FL,ASO,ES,Towers with Radar,487,72,82,2,643,1,4,24,0,29,488,76,106,2,672,0,0,0,672
06/10/2013,FLL,FL,ASO,ES,Towers with Radar,488,63,53,4,608,0,10,26,0,36,488,73,79,4,644,0,0,0,644
06/11/2013,FLL,FL,ASO,ES,Towers with Radar,489,63,52,0,604,0,9,28,2,39,489,72,80,2,643,0,0,0,643
06/12/2013,FLL,FL,ASO,ES,Towers with Radar,493,63,63,1,620,0,7,22,0,29,493,70,85,1,649,0,0,0,649
06/13/2013,FLL,FL,ASO,ES,Towers with Radar,468,75,67,1,611,0,8,19,3,30,468,83,86,4,641,0,0,0,641
06/14/2013,FLL,FL,ASO,ES,Towers with Radar,528,82,75,1,686,0,16,23,3,42,528,98,98,4,728,0,0,0,728
06/15/2013,FLL,FL,ASO,ES,Towers with Radar,511,64,51,0,626,0,6,19,0,25,511,70,70,0,651,0,0,0,651
06/16/2013,FLL,FL,ASO,ES,Towers with Radar,499,67,76,0,642,0,4,18,3,25,499,71,94,3,667,0,0,0,667
06/17/2013,FLL,FL,ASO,ES,Towers with Radar,486,66,70,2,624,0,15,25,1,41,486,81,95,3,665,0,0,0,665
06/18/2013,FLL,FL,ASO,ES,Towers with Radar,499,57,42,0,598,0,14,35,6,55,499,71,77,6,653,0,0,0,653
06/19/2013,FLL,FL,ASO,ES,Towers with Radar,498,54,62,3,617,0,6,28,1,35,498,60,90,4,652,0,0,0,652
06/20/2013,FLL,FL,ASO,ES,Towers with Radar,515,72,70,3,660,0,20,37,0,57,515,92,107,3,717,0,0,0,717
06/21/2013,FLL,FL,ASO,ES,Towers with Radar,504,81,65,4,654,0,12,28,2,42,504,93,93,6,696,0,0,0,696
06/22/2013,FLL,FL,ASO,ES,Towers with Radar,504,60,40,1,605,0,9,29,0,38,504,69,69,1,643,0,0,0,643
06/23/2013,FLL,FL,ASO,ES,Towers with Radar,498,56,62,1,617,0,9,15,0,24,498,65,77,1,641,0,0,0,641
06/24/2013,FLL,FL,ASO,ES,Towers with Radar,503,70,67,2,642,0,14,35,0,49,503,84,102,2,691,0,0,0,691
06/25/2013,FLL,FL,ASO,ES,Towers with Radar,499,62,50,0,611,0,12,25,0,37,499,74,75,0,648,0,0,0,648
06/26/2013,FLL,FL,ASO,ES,Towers with Radar,496,54,53,2,605,0,6,20,0,26,496,60,73,2,631,0,0,0,631
06/27/2013,FLL,FL,ASO,ES,Towers with Radar,517,73,54,0,644,0,9,42,1,52,517,82,96,1,696,0,0,0,696
06/28/2013,FLL,FL,ASO,ES,Towers with Radar,519,89,63,2,673,0,14,35,0,49,519,103,98,2,722,0,0,0,722
06/29/2013,FLL,FL,ASO,ES,Towers with Radar,526,72,55,0,653,0,11,35,0,46,526,83,90,0,699,0,0,0,699
06/30/2013,FLL,FL,ASO,ES,Towers with Radar,508,63,64,0,635,1,5,25,0,31,509,68,89,0,666,0,0,0,666
07/01/2013,FLL,FL,ASO,ES,Towers with Radar,507,72,69,0,648,0,12,26,4,42,507,84,95,4,690,0,0,0,690
07/02/2013,FLL,FL,ASO,ES,Towers with Radar,464,52,44,2,562,0,6,21,0,27,464,58,65,2,589,0,0,0,589
07/03/2013,FLL,FL,ASO,ES,Towers with Radar,499,57,56,0,612,0,15,40,0,55,499,72,96,0,667,0,0,0,667
07/04/2013,FLL,FL,ASO,ES,Towers with Radar,463,63,39,0,565,1,6,22,0,29,464,69,61,0,594,0,0,0,594
07/05/2013,FLL,FL,ASO,ES,Towers with Radar,488,79,44,2,613,0,9,22,0,31,488,88,66,2,644,0,0,0,644
07/06/2013,FLL,FL,ASO,ES,Towers with Radar,516,57,46,2,621,0,5,22,0,27,516,62,68,2,648,0,0,0,648
07/07/2013,FLL,FL,ASO,ES,Towers with Radar,493,62,72,0,627,1,24,48,0,73,494,86,120,0,700,0,0,0,700
07/08/2013,FLL,FL,ASO,ES,Towers with Radar,504,72,65,0,641,0,12,29,0,41,504,84,94,0,682,0,0,0,682
07/09/2013,FLL,FL,ASO,ES,Towers with Radar,511,55,68,0,634,0,7,36,0,43,511,62,104,0,677,0,0,0,677
07/10/2013,FLL,FL,ASO,ES,Towers with Radar,486,56,44,0,586,0,3,26,0,29,486,59,70,0,615,0,0,0,615
07/11/2013,FLL,FL,ASO,ES,Towers with Radar,516,56,38,0,610,1,10,21,2,34,517,66,59,2,644,0,0,0,644
07/12/2013,FLL,FL,ASO,ES,Towers with Radar,534,71,48,2,655,0,7,22,0,29,534,78,70,2,684,0,0,0,684
07/13/2013,FLL,FL,ASO,ES,Towers with Radar,528,64,34,0,626,0,1,16,0,17,528,65,50,0,643,0,0,0,643
07/14/2013,FLL,FL,ASO,ES,Towers with Radar,529,63,54,0,646,0,2,21,0,23,529,65,75,0,669,0,0,0,669
07/15/2013,FLL,FL,ASO,ES,Towers with Radar,512,62,48,2,624,0,11,25,0,36,512,73,73,2,660,0,0,0,660
07/16/2013,FLL,FL,ASO,ES,Towers with Radar,519,54,42,0,615,1,8,17,0,26,520,62,59,0,641,0,0,0,641
07/17/2013,FLL,FL,ASO,ES,Towers with Radar,511,60,54,2,627,0,3,11,0,14,511,63,65,2,641,0,0,0,641
07/18/2013,FLL,FL,ASO,ES,Towers with Radar,515,62,48,2,627,1,7,24,0,32,516,69,72,2,659,0,0,0,659
07/19/2013,FLL,FL,ASO,ES,Towers with Radar,528,72,55,2,657,0,27,39,0,66,528,99,94,2,723,0,0,0,723
07/20/2013,FLL,FL,ASO,ES,Towers with Radar,531,64,47,0,642,0,6,14,0,20,531,70,61,0,662,0,0,0,662
07/21/2013,FLL,FL,ASO,ES,Towers with Radar,505,54,64,0,623,0,7,24,0,31,505,61,88,0,654,0,0,0,654
07/22/2013,FLL,FL,ASO,ES,Towers with Radar,511,56,51,0,618,0,17,30,0,47,511,73,81,0,665,0,0,0,665
07/23/2013,FLL,FL,ASO,ES,Towers with Radar,510,57,51,0,618,0,3,22,0,25,510,60,73,0,643,0,0,0,643
07/24/2013,FLL,FL,ASO,ES,Towers with Radar,525,51,70,0,646,0,10,35,0,45,525,61,105,0,691,0,0,0,691
07/25/2013,FLL,FL,ASO,ES,Towers with Radar,532,64,69,0,665,0,23,33,0,56,532,87,102,0,721,0,0,0,721
07/26/2013,FLL,FL,ASO,ES,Towers with Radar,528,63,69,0,660,0,11,31,0,42,528,74,100,0,702,0,0,0,702
07/27/2013,FLL,FL,ASO,ES,Towers with Radar,528,74,55,0,657,0,4,16,1,21,528,78,71,1,678,0,0,0,678
07/28/2013,FLL,FL,ASO,ES,Towers with Radar,494,64,40,1,599,0,17,13,0,30,494,81,53,1,629,0,0,0,629
07/29/2013,FLL,FL,ASO,ES,Towers with Radar,514,62,48,1,625,0,5,25,0,30,514,67,73,1,655,0,0,0,655
07/30/2013,FLL,FL,ASO,ES,Towers with Radar,525,53,44,2,624,0,9,26,0,35,525,62,70,2,659,0,0,0,659
07/31/2013,FLL,FL,ASO,ES,Towers with Radar,508,50,65,0,623,0,6,41,3,50,508,56,106,3,673,0,0,0,673
08/01/2013,FLL,FL,ASO,ES,Towers with Radar,507,70,48,5,630,1,10,32,0,43,508,80,80,5,673,0,0,0,673
08/02/2013,FLL,FL,ASO,ES,Towers with Radar,535,79,60,1,675,0,8,16,0,24,535,87,76,1,699,0,0,0,699
08/03/2013,FLL,FL,ASO,ES,Towers with Radar,528,61,38,0,627,0,6,27,0,33,528,67,65,0,660,0,0,0,660
08/04/2013,FLL,FL,ASO,ES,Towers with Radar,520,69,50,0,639,0,5,21,0,26,520,74,71,0,665,0,0,0,665
08/05/2013,FLL,FL,ASO,ES,Towers with Radar,525,63,52,0,640,0,7,34,0,41,525,70,86,0,681,0,0,0,681
08/06/2013,FLL,FL,ASO,ES,Towers with Radar,524,59,51,0,634,0,6,19,1,26,524,65,70,1,660,0,0,0,660
08/07/2013,FLL,FL,ASO,ES,Towers with Radar,505,57,41,2,605,0,6,39,0,45,505,63,80,2,650,0,0,0,650
08/08/2013,FLL,FL,ASO,ES,Towers with Radar,509,63,71,0,643,1,5,38,0,44,510,68,109,0,687,0,0,0,687
08/09/2013,FLL,FL,ASO,ES,Towers with Radar,515,77,63,0,655,0,13,30,0,43,515,90,93,0,698,0,0,0,698
08/10/2013,FLL,FL,ASO,ES,Towers with Radar,525,64,54,0,643,0,11,29,0,40,525,75,83,0,683,0,0,0,683
08/11/2013,FLL,FL,ASO,ES,Towers with Radar,490,58,61,0,609,0,11,28,0,39,490,69,89,0,648,0,0,0,648
08/12/2013,FLL,FL,ASO,ES,Towers with Radar,491,64,51,0,606,0,9,26,0,35,491,73,77,0,641,0,0,0,641
08/13/2013,FLL,FL,ASO,ES,Towers with Radar,474,49,54,0,577,0,13,26,0,39,474,62,80,0,616,0,0,0,616
08/14/2013,FLL,FL,ASO,ES,Towers with Radar,491,56,55,0,602,0,7,22,2,31,491,63,77,2,633,0,0,0,633
08/15/2013,FLL,FL,ASO,ES,Towers with Radar,479,70,62,1,612,1,8,14,0,23,480,78,76,1,635,0,0,0,635
08/16/2013,FLL,FL,ASO,ES,Towers with Radar,499,80,52,1,632,0,10,20,0,30,499,90,72,1,662,0,0,0,662
08/17/2013,FLL,FL,ASO,ES,Towers with Radar,476,68,46,0,590,0,8,28,0,36,476,76,74,0,626,0,0,0,626
08/18/2013,FLL,FL,ASO,ES,Towers with Radar,486,61,70,1,618,0,9,22,0,31,486,70,92,1,649,0,0,0,649
08/19/2013,FLL,FL,ASO,ES,Towers with Radar,478,71,29,1,579,1,11,16,0,28,479,82,45,1,607,0,0,0,607
08/20/2013,FLL,FL,ASO,ES,Towers with Radar,473,52,52,0,577,0,15,21,0,36,473,67,73,0,613,0,0,0,613
08/21/2013,FLL,FL,ASO,ES,Towers with Radar,463,50,48,2,563,0,7,20,0,27,463,57,68,2,590,0,0,0,590
08/22/2013,FLL,FL,ASO,ES,Towers with Radar,466,75,68,0,609,1,3,23,0,27,467,78,91,0,636,0,0,0,636
08/23/2013,FLL,FL,ASO,ES,Towers with Radar,488,75,66,0,629,0,6,29,0,35,488,81,95,0,664,0,0,0,664
08/24/2013,FLL,FL,ASO,ES,Towers with Radar,469,57,44,0,570,0,3,26,0,29,469,60,70,0,599,0,0,0,599
08/25/2013,FLL,FL,ASO,ES,Towers with Radar,461,50,54,0,565,1,6,13,0,20,462,56,67,0,585,0,0,0,585
08/26/2013,FLL,FL,ASO,ES,Towers with Radar,467,56,60,0,583,1,6,36,0,43,468,62,96,0,626,0,0,0,626
08/27/2013,FLL,FL,ASO,ES,Towers with Radar,451,50,39,0,540,0,5,29,0,34,451,55,68,0,574,0,0,0,574
08/28/2013,FLL,FL,ASO,ES,Towers with Radar,452,61,61,3,577,0,6,23,0,29,452,67,84,3,606,0,0,0,606
08/29/2013,FLL,FL,ASO,ES,Towers with Radar,475,65,72,0,612,0,10,33,0,43,475,75,105,0,655,0,0,0,655
08/30/2013,FLL,FL,ASO,ES,Towers with Radar,466,69,92,2,629,0,12,35,0,47,466,81,127,2,676,0,0,0,676
08/31/2013,FLL,FL,ASO,ES,Towers with Radar,417,42,57,0,516,0,6,22,0,28,417,48,79,0,544,0,0,0,544
09/01/2013,FLL,FL,ASO,ES,Towers with Radar,408,49,41,0,498,0,8,13,0,21,408,57,54,0,519,0,0,0,519
09/02/2013,FLL,FL,ASO,ES,Towers with Radar,437,53,61,0,551,0,13,26,0,39,437,66,87,0,590,0,0,0,590
09/03/2013,FLL,FL,ASO,ES,Towers with Radar,427,48,49,0,524,0,8,26,0,34,427,56,75,0,558,0,0,0,558
09/04/2013,FLL,FL,ASO,ES,Towers with Radar,399,52,49,0,500,0,3,21,0,24,399,55,70,0,524,0,0,0,524
09/05/2013,FLL,FL,ASO,ES,Towers with Radar,425,57,41,0,523,0,10,29,0,39,425,67,70,0,562,0,0,0,562
09/06/2013,FLL,FL,ASO,ES,Towers with Radar,431,60,48,0,539,2,7,29,2,40,433,67,77,2,579,0,0,0,579
09/07/2013,FLL,FL,ASO,ES,Towers with Radar,398,46,44,0,488,0,3,16,0,19,398,49,60,0,507,0,0,0,507
09/08/2013,FLL,FL,ASO,ES,Towers with Radar,418,47,65,0,530,0,2,19,0,21,418,49,84,0,551,0,0,0,551
09/09/2013,FLL,FL,ASO,ES,Towers with Radar,411,53,44,4,512,0,6,40,0,46,411,59,84,4,558,0,0,0,558
09/10/2013,FLL,FL,ASO,ES,Towers with Radar,368,49,60,0,477,1,7,23,0,31,369,56,83,0,508,0,0,0,508
09/11/2013,FLL,FL,ASO,ES,Towers with Radar,365,49,57,2,473,1,4,19,0,24,366,53,76,2,497,0,0,0,497
09/12/2013,FLL,FL,ASO,ES,Towers with Radar,391,68,59,0,518,0,7,26,0,33,391,75,85,0,551,0,0,0,551
09/13/2013,FLL,FL,ASO,ES,Towers with Radar,436,60,57,0,553,0,12,26,1,39,436,72,83,1,592,0,0,0,592
09/14/2013,FLL,FL,ASO,ES,Towers with Radar,391,47,55,0,493,0,2,29,0,31,391,49,84,0,524,0,0,0,524
09/15/2013,FLL,FL,ASO,ES,Towers with Radar,420,43,54,0,517,1,3,15,0,19,421,46,69,0,536,0,0,0,536
09/16/2013,FLL,FL,ASO,ES,Towers with Radar,408,60,50,0,518,0,7,8,0,15,408,67,58,0,533,0,0,0,533
09/17/2013,FLL,FL,ASO,ES,Towers with Radar,375,53,49,0,477,0,4,25,0,29,375,57,74,0,506,0,0,0,506
09/18/2013,FLL,FL,ASO,ES,Towers with Radar,378,47,54,4,483,1,10,31,0,42,379,57,85,4,525,0,0,0,525
09/19/2013,FLL,FL,ASO,ES,Towers with Radar,419,60,62,0,541,0,6,29,0,35,419,66,91,0,576,0,0,0,576
09/20/2013,FLL,FL,ASO,ES,Towers with Radar,430,61,62,3,556,1,6,30,0,37,431,67,92,3,593,0,0,0,593
09/21/2013,FLL,FL,ASO,ES,Towers with Radar,401,43,36,4,484,0,8,29,0,37,401,51,65,4,521,0,0,0,521
09/22/2013,FLL,FL,ASO,ES,Towers with Radar,420,45,62,1,528,0,0,16,0,16,420,45,78,1,544,0,0,0,544
09/23/2013,FLL,FL,ASO,ES,Towers with Radar,418,45,29,0,492,0,4,12,0,16,418,49,41,0,508,0,0,0,508
09/24/2013,FLL,FL,ASO,ES,Towers with Radar,384,47,39,0,470,0,10,22,1,33,384,57,61,1,503,0,0,0,503
09/25/2013,FLL,FL,ASO,ES,Towers with Radar,385,52,60,0,497,0,6,35,0,41,385,58,95,0,538,0,0,0,538
09/26/2013,FLL,FL,ASO,ES,Towers with Radar,431,54,57,1,543,0,14,32,0,46,431,68,89,1,589,0,0,0,589
09/27/2013,FLL,FL,ASO,ES,Towers with Radar,438,61,53,6,558,2,6,48,0,56,440,67,101,6,614,0,0,0,614
09/28/2013,FLL,FL,ASO,ES,Towers with Radar,396,45,34,0,475,0,1,39,4,44,396,46,73,4,519,0,0,0,519
09/29/2013,FLL,FL,ASO,ES,Towers with Radar,424,45,72,2,543,0,5,24,1,30,424,50,96,3,573,0,0,0,573
09/30/2013,FLL,FL,ASO,ES,Towers with Radar,430,59,42,0,531,0,4,32,0,36,430,63,74,0,567,0,0,0,567
10/01/2013,FLL,FL,ASO,ES,Towers with Radar,398,52,40,0,490,0,8,21,0,29,398,60,61,0,519,0,0,0,519
10/02/2013,FLL,FL,ASO,ES,Towers with Radar,400,50,52,0,502,0,4,22,0,26,400,54,74,0,528,0,0,0,528
10/03/2013,FLL,FL,ASO,ES,Towers with Radar,443,57,48,2,550,0,17,18,0,35,443,74,66,2,585,0,0,0,585
10/04/2013,FLL,FL,ASO,ES,Towers with Radar,451,71,38,2,562,0,7,23,2,32,451,78,61,4,594,0,0,0,594
10/05/2013,FLL,FL,ASO,ES,Towers with Radar,413,47,44,0,504,0,12,25,0,37,413,59,69,0,541,0,0,0,541
10/06/2013,FLL,FL,ASO,ES,Towers with Radar,430,55,50,0,535,0,0,21,0,21,430,55,71,0,556,0,0,0,556
10/07/2013,FLL,FL,ASO,ES,Towers with Radar,437,59,51,0,547,0,10,23,1,34,437,69,74,1,581,0,0,0,581
10/08/2013,FLL,FL,ASO,ES,Towers with Radar,414,53,40,0,507,0,2,20,0,22,414,55,60,0,529,0,0,0,529
10/09/2013,FLL,FL,ASO,ES,Towers with Radar,412,68,56,2,538,0,5,27,0,32,412,73,83,2,570,0,0,0,570
10/10/2013,FLL,FL,ASO,ES,Towers with Radar,443,66,55,0,564,0,9,40,2,51,443,75,95,2,615,0,0,0,615
10/11/2013,FLL,FL,ASO,ES,Towers with Radar,465,69,68,1,603,0,13,50,0,63,465,82,118,1,666,0,0,0,666
10/12/2013,FLL,FL,ASO,ES,Towers with Radar,426,52,46,0,524,0,4,23,0,27,426,56,69,0,551,0,0,0,551
10/13/2013,FLL,FL,ASO,ES,Towers with Radar,434,69,73,0,576,1,0,27,0,28,435,69,100,0,604,0,0,0,604
10/14/2013,FLL,FL,ASO,ES,Towers with Radar,446,64,76,0,586,0,6,24,0,30,446,70,100,0,616,0,0,0,616
10/15/2013,FLL,FL,ASO,ES,Towers with Radar,406,54,51,2,513,1,8,37,0,46,407,62,88,2,559,0,0,0,559
10/16/2013,FLL,FL,ASO,ES,Towers with Radar,411,63,53,2,529,0,6,28,0,34,411,69,81,2,563,0,0,0,563
10/17/2013,FLL,FL,ASO,ES,Towers with Radar,448,68,69,0,585,0,4,18,0,22,448,72,87,0,607,0,0,0,607
10/18/2013,FLL,FL,ASO,ES,Towers with Radar,461,68,78,0,607,0,8,35,0,43,461,76,113,0,650,0,0,0,650
10/19/2013,FLL,FL,ASO,ES,Towers with Radar,432,59,46,2,539,0,4,28,0,32,432,63,74,2,571,0,0,0,571
10/20/2013,FLL,FL,ASO,ES,Towers with Radar,438,52,63,0,553,0,4,21,0,25,438,56,84,0,578,0,0,0,578
10/21/2013,FLL,FL,ASO,ES,Towers with Radar,440,61,57,2,560,0,6,25,0,31,440,67,82,2,591,0,0,0,591
10/22/2013,FLL,FL,ASO,ES,Towers with Radar,411,66,63,0,540,1,8,36,0,45,412,74,99,0,585,0,0,0,585
10/23/2013,FLL,FL,ASO,ES,Towers with Radar,396,65,77,5,543,0,6,27,2,35,396,71,104,7,578,0,0,0,578
10/24/2013,FLL,FL,ASO,ES,Towers with Radar,453,66,62,0,581,0,6,23,0,29,453,72,85,0,610,0,0,0,610
10/25/2013,FLL,FL,ASO,ES,Towers with Radar,466,69,88,2,625,0,16,23,0,39,466,85,111,2,664,0,0,0,664
10/26/2013,FLL,FL,ASO,ES,Towers with Radar,449,52,45,1,547,0,3,29,0,32,449,55,74,1,579,0,0,0,579
10/27/2013,FLL,FL,ASO,ES,Towers with Radar,451,70,72,1,594,0,7,25,1,33,451,77,97,2,627,0,0,0,627
10/28/2013,FLL,FL,ASO,ES,Towers with Radar,451,65,49,0,565,0,16,25,2,43,451,81,74,2,608,0,0,0,608
10/29/2013,FLL,FL,ASO,ES,Towers with Radar,442,58,52,3,555,0,10,28,0,38,442,68,80,3,593,0,0,0,593
10/30/2013,FLL,FL,ASO,ES,Towers with Radar,438,69,88,0,595,0,14,40,0,54,438,83,128,0,649,0,0,0,649
10/31/2013,FLL,FL,ASO,ES,Towers with Radar,468,70,120,0,658,0,9,33,2,44,468,79,153,2,702,0,0,0,702
11/01/2013,FLL,FL,ASO,ES,Towers with Radar,479,95,124,3,701,0,13,47,0,60,479,108,171,3,761,0,0,0,761
11/02/2013,FLL,FL,ASO,ES,Towers with Radar,458,56,97,2,613,0,0,56,0,56,458,56,153,2,669,0,0,0,669
11/03/2013,FLL,FL,ASO,ES,Towers with Radar,486,74,144,1,705,0,6,41,0,47,486,80,185,1,752,0,0,0,752
11/04/2013,FLL,FL,ASO,ES,Towers with Radar,468,73,114,0,655,0,8,18,0,26,468,81,132,0,681,0,0,0,681
11/05/2013,FLL,FL,ASO,ES,Towers with Radar,465,69,70,0,604,0,6,20,4,30,465,75,90,4,634,0,0,0,634
11/06/2013,FLL,FL,ASO,ES,Towers with Radar,466,63,73,4,606,0,7,29,0,36,466,70,102,4,642,0,0,0,642
11/07/2013,FLL,FL,ASO,ES,Towers with Radar,500,66,71,0,637,0,8,35,0,43,500,74,106,0,680,0,0,0,680
11/08/2013,FLL,FL,ASO,ES,Towers with Radar,514,89,114,0,717,0,7,33,0,40,514,96,147,0,757,0,0,0,757
11/09/2013,FLL,FL,ASO,ES,Towers with Radar,531,69,63,0,663,0,2,20,0,22,531,71,83,0,685,0,0,0,685
11/10/2013,FLL,FL,ASO,ES,Towers with Radar,505,62,84,0,651,1,8,45,0,54,506,70,129,0,705,0,0,0,705
11/11/2013,FLL,FL,ASO,ES,Towers with Radar,503,70,74,0,647,0,8,37,0,45,503,78,111,0,692,0,0,0,692
11/12/2013,FLL,FL,ASO,ES,Towers with Radar,482,65,72,0,619,0,6,33,0,39,482,71,105,0,658,0,0,0,658
11/13/2013,FLL,FL,ASO,ES,Towers with Radar,494,61,72,0,627,0,5,14,2,21,494,66,86,2,648,0,0,0,648
11/14/2013,FLL,FL,ASO,ES,Towers with Radar,511,71,74,0,656,1,11,23,2,37,512,82,97,2,693,0,0,0,693
11/15/2013,FLL,FL,ASO,ES,Towers with Radar,527,72,83,2,684,0,7,37,0,44,527,79,120,2,728,0,0,0,728
11/16/2013,FLL,FL,ASO,ES,Towers with Radar,528,58,65,0,651,0,0,26,0,26,528,58,91,0,677,0,0,0,677
11/17/2013,FLL,FL,ASO,ES,Towers with Radar,499,54,76,0,629,1,10,40,0,51,500,64,116,0,680,0,0,0,680
11/18/2013,FLL,FL,ASO,ES,Towers with Radar,499,77,74,0,650,1,8,30,0,39,500,85,104,0,689,0,0,0,689
11/19/2013,FLL,FL,ASO,ES,Towers with Radar,481,71,61,0,613,0,5,17,0,22,481,76,78,0,635,0,0,0,635
11/20/2013,FLL,FL,ASO,ES,Towers with Radar,488,66,80,0,634,0,4,26,0,30,488,70,106,0,664,0,0,0,664
11/21/2013,FLL,FL,ASO,ES,Towers with Radar,540,83,61,0,684,1,10,34,0,45,541,93,95,0,729,0,0,0,729
11/22/2013,FLL,FL,ASO,ES,Towers with Radar,570,92,82,4,748,0,6,30,0,36,570,98,112,4,784,0,0,0,784
11/23/2013,FLL,FL,ASO,ES,Towers with Radar,564,71,67,0,702,0,5,43,2,50,564,76,110,2,752,0,0,0,752
11/24/2013,FLL,FL,ASO,ES,Towers with Radar,536,70,67,0,673,1,2,26,0,29,537,72,93,0,702,0,0,0,702
11/25/2013,FLL,FL,ASO,ES,Towers with Radar,520,70,67,2,659,0,5,25,3,33,520,75,92,5,692,0,0,0,692
11/26/2013,FLL,FL,ASO,ES,Towers with Radar,540,80,82,0,702,2,9,26,3,40,542,89,108,3,742,0,0,0,742
11/27/2013,FLL,FL,ASO,ES,Towers with Radar,578,74,70,0,722,1,11,28,0,40,579,85,98,0,762,0,0,0,762
11/28/2013,FLL,FL,ASO,ES,Towers with Radar,430,34,43,0,507,0,4,13,0,17,430,38,56,0,524,0,0,0,524
11/29/2013,FLL,FL,ASO,ES,Towers with Radar,492,66,45,1,604,0,9,28,0,37,492,75,73,1,641,0,0,0,641
11/30/2013,FLL,FL,ASO,ES,Towers with Radar,570,60,74,0,704,0,4,19,0,23,570,64,93,0,727,0,0,0,727
12/01/2013,FLL,FL,ASO,ES,Towers with Radar,577,78,133,0,788,0,11,42,0,53,577,89,175,0,841,0,0,0,841
12/02/2013,FLL,FL,ASO,ES,Towers with Radar,566,76,70,2,714,2,9,21,0,32,568,85,91,2,746,0,0,0,746
12/03/2013,FLL,FL,ASO,ES,Towers with Radar,504,82,87,0,673,0,8,23,0,31,504,90,110,0,704,0,0,0,704
12/04/2013,FLL,FL,ASO,ES,Towers with Radar,505,70,84,2,661,0,9,42,0,51,505,79,126,2,712,0,0,0,712
12/05/2013,FLL,FL,ASO,ES,Towers with Radar,524,90,79,2,695,2,13,28,0,43,526,103,107,2,738,0,0,0,738
12/06/2013,FLL,FL,ASO,ES,Towers with Radar,534,84,71,1,690,0,10,25,0,35,534,94,96,1,725,0,0,0,725
12/07/2013,FLL,FL,ASO,ES,Towers with Radar,541,51,51,2,645,0,8,25,0,33,541,59,76,2,678,0,0,0,678
12/08/2013,FLL,FL,ASO,ES,Towers with Radar,493,71,55,2,621,0,4,27,1,32,493,75,82,3,653,0,0,0,653
12/09/2013,FLL,FL,ASO,ES,Towers with Radar,520,73,69,0,662,0,8,33,2,43,520,81,102,2,705,0,0,0,705
12/10/2013,FLL,FL,ASO,ES,Towers with Radar,492,77,79,0,648,0,10,22,2,34,492,87,101,2,682,0,0,0,682
12/11/2013,FLL,FL,ASO,ES,Towers with Radar,504,77,72,0,653,0,10,38,2,50,504,87,110,2,703,0,0,0,703
12/12/2013,FLL,FL,ASO,ES,Towers with Radar,544,81,80,4,709,0,8,42,0,50,544,89,122,4,759,0,0,0,759
12/13/2013,FLL,FL,ASO,ES,Towers with Radar,550,76,79,1,706,0,10,31,0,41,550,86,110,1,747,0,0,0,747
12/14/2013,FLL,FL,ASO,ES,Towers with Radar,548,55,68,0,671,0,3,21,0,24,548,58,89,0,695,0,0,0,695
12/15/2013,FLL,FL,ASO,ES,Towers with Radar,538,70,94,1,703,2,5,30,2,39,540,75,124,3,742,0,0,0,742
12/16/2013,FLL,FL,ASO,ES,Towers with Radar,539,72,70,3,684,0,4,25,0,29,539,76,95,3,713,0,0,0,713
12/17/2013,FLL,FL,ASO,ES,Towers with Radar,504,84,62,2,652,1,3,21,0,25,505,87,83,2,677,0,0,0,677
12/18/2013,FLL,FL,ASO,ES,Towers with Radar,543,75,76,2,696,0,7,36,0,43,543,82,112,2,739,0,0,0,739
12/19/2013,FLL,FL,ASO,ES,Towers with Radar,594,98,93,0,785,2,9,35,0,46,596,107,128,0,831,0,0,0,831
12/20/2013,FLL,FL,ASO,ES,Towers with Radar,609,97,84,0,790,2,13,37,0,52,611,110,121,0,842,0,0,0,842
12/21/2013,FLL,FL,ASO,ES,Towers with Radar,645,84,89,0,818,0,5,27,0,32,645,89,116,0,850,0,0,0,850
12/22/2013,FLL,FL,ASO,ES,Towers with Radar,620,87,55,0,762,0,3,31,0,34,620,90,86,0,796,0,0,0,796
12/23/2013,FLL,FL,ASO,ES,Towers with Radar,617,86,73,0,776,0,20,48,0,68,617,106,121,0,844,0,0,0,844
12/24/2013,FLL,FL,ASO,ES,Towers with Radar,597,65,31,0,693,1,9,37,1,48,598,74,68,1,741,0,0,0,741
12/25/2013,FLL,FL,ASO,ES,Towers with Radar,533,45,32,0,610,0,2,11,0,13,533,47,43,0,623,0,0,0,623
12/26/2013,FLL,FL,ASO,ES,Towers with Radar,628,82,114,0,824,0,12,24,2,38,628,94,138,2,862,0,0,0,862
12/27/2013,FLL,FL,ASO,ES,Towers with Radar,649,94,115,2,860,0,12,41,0,53,649,106,156,2,913,0,0,0,913
12/28/2013,FLL,FL,ASO,ES,Towers with Radar,646,86,90,0,822,0,15,28,0,43,646,101,118,0,865,0,0,0,865
12/29/2013,FLL,FL,ASO,ES,Towers with Radar,641,75,65,0,781,0,9,31,1,41,641,84,96,1,822,0,0,0,822
12/30/2013,FLL,FL,ASO,ES,Towers with Radar,613,88,64,0,765,0,12,31,0,43,613,100,95,0,808,0,0,0,808
12/31/2013,FLL,FL,ASO,ES,Towers with Radar,588,64,38,0,690,0,8,37,0,45,588,72,75,0,735,0,0,0,735
01/01/2014,FLL,FL,ASO,ES,Towers with Radar,559,56,61,0,676,0,7,21,0,28,559,63,82,0,704,0,0,0,704
01/02/2014,FLL,FL,ASO,ES,Towers with Radar,598,79,85,0,762,0,12,43,0,55,598,91,128,0,817,0,0,0,817
01/03/2014,FLL,FL,ASO,ES,Towers with Radar,538,97,111,3,749,0,9,49,1,59,538,106,160,4,808,0,0,0,808
01/04/2014,FLL,FL,ASO,ES,Towers with Radar,604,101,125,0,830,0,12,30,1,43,604,113,155,1,873,0,0,0,873
01/05/2014,FLL,FL,ASO,ES,Towers with Radar,557,93,116,0,766,0,12,42,1,55,557,105,158,1,821,0,0,0,821
01/06/2014,FLL,FL,ASO,ES,Towers with Radar,525,74,97,0,696,0,11,35,0,46,525,85,132,0,742,0,0,0,742
01/07/2014,FLL,FL,ASO,ES,Towers with Radar,532,72,77,1,682,1,6,23,1,31,533,78,100,2,713,0,0,0,713
01/08/2014,FLL,FL,ASO,ES,Towers with Radar,539,78,88,0,705,0,3,8,0,11,539,81,96,0,716,0,0,0,716
01/09/2014,FLL,FL,ASO,ES,Towers with Radar,578,73,83,0,734,0,4,25,0,29,578,77,108,0,763,0,0,0,763
01/10/2014,FLL,FL,ASO,ES,Towers with Radar,555,79,81,3,718,0,5,44,0,49,555,84,125,3,767,0,0,0,767
01/11/2014,FLL,FL,ASO,ES,Towers with Radar,572,47,71,1,691,0,5,29,0,34,572,52,100,1,725,0,0,0,725
01/12/2014,FLL,FL,ASO,ES,Towers with Radar,577,56,107,0,740,0,4,20,0,24,577,60,127,0,764,0,0,0,764
01/13/2014,FLL,FL,ASO,ES,Towers with Radar,559,61,63,1,684,0,6,30,0,36,559,67,93,1,720,0,0,0,720
01/14/2014,FLL,FL,ASO,ES,Towers with Radar,534,73,68,0,675,0,6,29,1,36,534,79,97,1,711,0,0,0,711
01/15/2014,FLL,FL,ASO,ES,Towers with Radar,524,77,74,2,677,0,8,29,0,37,524,85,103,2,714,0,0,0,714
01/16/2014,FLL,FL,ASO,ES,Towers with Radar,569,79,91,0,739,1,8,29,0,38,570,87,120,0,777,0,0,0,777
01/17/2014,FLL,FL,ASO,ES,Towers with Radar,574,77,92,2,745,0,10,25,0,35,574,87,117,2,780,0,0,0,780
01/18/2014,FLL,FL,ASO,ES,Towers with Radar,574,49,62,0,685,0,4,27,0,31,574,53,89,0,716,0,0,0,716
01/19/2014,FLL,FL,ASO,ES,Towers with Radar,562,56,75,0,693,0,8,29,0,37,562,64,104,0,730,0,0,0,730
01/20/2014,FLL,FL,ASO,ES,Towers with Radar,554,68,77,0,699,0,7,35,0,42,554,75,112,0,741,0,0,0,741
01/21/2014,FLL,FL,ASO,ES,Towers with Radar,455,62,76,3,596,1,7,31,0,39,456,69,107,3,635,0,0,0,635
01/22/2014,FLL,FL,ASO,ES,Towers with Radar,501,66,93,0,660,0,11,46,1,58,501,77,139,1,718,0,0,0,718
01/23/2014,FLL,FL,ASO,ES,Towers with Radar,563,73,71,0,707,0,9,18,0,27,563,82,89,0,734,0,0,0,734
01/24/2014,FLL,FL,ASO,ES,Towers with Radar,562,87,90,0,739,0,7,43,0,50,562,94,133,0,789,0,0,0,789
01/25/2014,FLL,FL,ASO,ES,Towers with Radar,581,58,74,0,713,0,5,19,1,25,581,63,93,1,738,0,0,0,738
01/26/2014,FLL,FL,ASO,ES,Towers with Radar,556,59,68,0,683,1,4,24,0,29,557,63,92,0,712,0,0,0,712
01/27/2014,FLL,FL,ASO,ES,Towers with Radar,556,54,83,1,694,0,8,24,0,32,556,62,107,1,726,0,0,0,726
01/28/2014,FLL,FL,ASO,ES,Towers with Radar,485,63,46,4,598,0,10,27,0,37,485,73,73,4,635,0,0,0,635
01/29/2014,FLL,FL,ASO,ES,Towers with Radar,484,60,71,1,616,0,4,18,0,22,484,64,89,1,638,0,0,0,638
01/30/2014,FLL,FL,ASO,ES,Towers with Radar,550,74,99,0,723,0,4,9,4,17,550,78,108,4,740,0,0,0,740
01/31/2014,FLL,FL,ASO,ES,Towers with Radar,560,67,96,2,725,0,12,49,0,61,560,79,145,2,786,0,0,0,786
02/01/2014,FLL,FL,ASO,ES,Towers with Radar,568,56,57,0,681,0,7,36,0,43,568,63,93,0,724,0,0,0,724
02/02/2014,FLL,FL,ASO,ES,Towers with Radar,552,52,56,1,661,0,2,23,0,25,552,54,79,1,686,0,0,0,686
02/03/2014,FLL,FL,ASO,ES,Towers with Radar,511,57,89,3,660,1,9,25,1,36,512,66,114,4,696,0,0,0,696
02/04/2014,FLL,FL,ASO,ES,Towers with Radar,511,63,72,0,646,0,9,26,0,35,511,72,98,0,681,0,0,0,681
02/05/2014,FLL,FL,ASO,ES,Towers with Radar,481,81,65,0,627,0,8,25,0,33,481,89,90,0,660,0,0,0,660
02/06/2014,FLL,FL,ASO,ES,Towers with Radar,565,86,97,2,750,0,3,26,0,29,565,89,123,2,779,0,0,0,779
02/07/2014,FLL,FL,ASO,ES,Towers with Radar,584,83,109,0,776,1,11,35,0,47,585,94,144,0,823,0,0,0,823
02/08/2014,FLL,FL,ASO,ES,Towers with Radar,594,45,60,0,699,0,2,22,0,24,594,47,82,0,723,0,0,0,723
02/09/2014,FLL,FL,ASO,ES,Towers with Radar,552,68,92,0,712,1,4,22,0,27,553,72,114,0,739,0,0,0,739
02/10/2014,FLL,FL,ASO,ES,Towers with Radar,557,50,67,0,674,0,8,22,0,30,557,58,89,0,704,0,0,0,704
02/11/2014,FLL,FL,ASO,ES,Towers with Radar,522,59,70,0,651,0,8,29,0,37,522,67,99,0,688,0,0,0,688
02/12/2014,FLL,FL,ASO,ES,Towers with Radar,450,69,86,0,605,0,7,29,2,38,450,76,115,2,643,0,0,0,643
02/13/2014,FLL,FL,ASO,ES,Towers with Radar,473,87,105,2,667,0,8,27,0,35,473,95,132,2,702,0,0,0,702
02/14/2014,FLL,FL,ASO,ES,Towers with Radar,605,102,111,3,821,0,12,65,0,77,605,114,176,3,898,0,0,0,898
02/15/2014,FLL,FL,ASO,ES,Towers with Radar,640,74,53,0,767,0,12,29,0,41,640,86,82,0,808,0,0,0,808
02/16/2014,FLL,FL,ASO,ES,Towers with Radar,591,60,88,0,739,0,5,21,0,26,591,65,109,0,765,0,0,0,765
02/17/2014,FLL,FL,ASO,ES,Towers with Radar,594,81,95,0,770,0,15,49,0,64,594,96,144,0,834,0,0,0,834
02/18/2014,FLL,FL,ASO,ES,Towers with Radar,570,70,65,0,705,1,9,22,0,32,571,79,87,0,737,0,0,0,737
02/19/2014,FLL,FL,ASO,ES,Towers with Radar,576,78,75,2,731,0,17,45,0,62,576,95,120,2,793,0,0,0,793
02/20/2014,FLL,FL,ASO,ES,Towers with Radar,604,72,88,0,764,1,13,25,0,39,605,85,113,0,803,0,0,0,803
02/21/2014,FLL,FL,ASO,ES,Towers with Radar,580,67,86,0,733,0,13,46,0,59,580,80,132,0,792,0,0,0,792
02/22/2014,FLL,FL,ASO,ES,Towers with Radar,656,69,73,0,798,0,4,28,0,32,656,73,101,0,830,0,0,0,830
02/23/2014,FLL,FL,ASO,ES,Towers with Radar,596,57,76,0,729,0,6,44,0,50,596,63,120,0,779,0,0,0,779
02/24/2014,FLL,FL,ASO,ES,Towers with Radar,605,68,74,0,747,0,7,32,0,39,605,75,106,0,786,0,0,0,786
02/25/2014,FLL,FL,ASO,ES,Towers with Radar,592,68,58,0,718,0,9,38,0,47,592,77,96,0,765,0,0,0,765
02/26/2014,FLL,FL,ASO,ES,Towers with Radar,590,65,92,0,747,0,10,38,2,50,590,75,130,2,797,0,0,0,797
02/27/2014,FLL,FL,ASO,ES,Towers with Radar,615,85,91,0,791,0,6,28,1,35,615,91,119,1,826,0,0,0,826
02/28/2014,FLL,FL,ASO,ES,Towers with Radar,616,83,90,0,789,0,8,30,0,38,616,91,120,0,827,0,0,0,827
03/01/2014,FLL,FL,ASO,ES,Towers with Radar,646,75,75,0,796,0,10,33,0,43,646,85,108,0,839,0,0,0,839
03/02/2014,FLL,FL,ASO,ES,Towers with Radar,586,78,92,0,756,0,6,34,2,42,586,84,126,2,798,0,0,0,798
03/03/2014,FLL,FL,ASO,ES,Towers with Radar,551,68,67,1,687,0,6,26,0,32,551,74,93,1,719,0,0,0,719
03/04/2014,FLL,FL,ASO,ES,Towers with Radar,578,90,79,0,747,0,16,31,2,49,578,106,110,2,796,0,0,0,796
03/05/2014,FLL,FL,ASO,ES,Towers with Radar,582,67,98,0,747,0,7,28,2,37,582,74,126,2,784,0,0,0,784
03/06/2014,FLL,FL,ASO,ES,Towers with Radar,609,58,60,2,729,0,11,15,0,26,609,69,75,2,755,0,0,0,755
03/07/2014,FLL,FL,ASO,ES,Towers with Radar,643,77,87,0,807,0,4,29,0,33,643,81,116,0,840,0,0,0,840
03/08/2014,FLL,FL,ASO,ES,Towers with Radar,678,60,77,0,815,0,6,39,0,45,678,66,116,0,860,0,0,0,860
03/09/2014,FLL,FL,ASO,ES,Towers with Radar,618,72,104,0,794,0,10,35,0,45,618,82,139,0,839,0,0,0,839
03/10/2014,FLL,FL,ASO,ES,Towers with Radar,609,78,64,0,751,0,14,31,0,45,609,92,95,0,796,0,0,0,796
03/11/2014,FLL,FL,ASO,ES,Towers with Radar,596,69,75,2,742,0,11,33,0,44,596,80,108,2,786,0,0,0,786
03/12/2014,FLL,FL,ASO,ES,Towers with Radar,586,63,90,0,739,0,8,19,2,29,586,71,109,2,768,0,0,0,768
03/13/2014,FLL,FL,ASO,ES,Towers with Radar,619,79,79,0,777,0,13,36,0,49,619,92,115,0,826,0,0,0,826
03/14/2014,FLL,FL,ASO,ES,Towers with Radar,630,88,92,1,811,0,12,24,4,40,630,100,116,5,851,0,0,0,851
03/15/2014,FLL,FL,ASO,ES,Towers with Radar,668,68,81,1,818,0,11,37,0,48,668,79,118,1,866,0,0,0,866
03/16/2014,FLL,FL,ASO,ES,Towers with Radar,612,74,94,0,780,1,15,32,5,53,613,89,126,5,833,0,0,0,833
03/17/2014,FLL,FL,ASO,ES,Towers with Radar,591,75,68,0,734,0,15,19,0,34,591,90,87,0,768,0,0,0,768
03/18/2014,FLL,FL,ASO,ES,Towers with Radar,613,64,52,2,731,0,5,25,2,32,613,69,77,4,763,0,0,0,763
03/19/2014,FLL,FL,ASO,ES,Towers with Radar,591,65,74,2,732,0,4,25,0,29,591,69,99,2,761,0,0,0,761
03/20/2014,FLL,FL,ASO,ES,Towers with Radar,624,73,129,2,828,0,8,29,0,37,624,81,158,2,865,0,0,0,865
03/21/2014,FLL,FL,ASO,ES,Towers with Radar,639,92,94,1,826,0,8,44,2,54,639,100,138,3,880,0,0,0,880
03/22/2014,FLL,FL,ASO,ES,Towers with Radar,674,78,111,0,863,0,8,19,0,27,674,86,130,0,890,0,0,0,890
03/23/2014,FLL,FL,ASO,ES,Towers with Radar,621,79,94,0,794,0,13,32,4,49,621,92,126,4,843,0,0,0,843
03/24/2014,FLL,FL,ASO,ES,Towers with Radar,617,55,80,0,752,0,11,28,0,39,617,66,108,0,791,0,0,0,791
03/25/2014,FLL,FL,ASO,ES,Towers with Radar,613,65,71,0,749,0,7,23,2,32,613,72,94,2,781,0,0,0,781
03/26/2014,FLL,FL,ASO,ES,Towers with Radar,607,68,65,0,740,0,10,34,2,46,607,78,99,2,786,0,0,0,786
03/27/2014,FLL,FL,ASO,ES,Towers with Radar,620,76,71,3,770,0,8,44,3,55,620,84,115,6,825,0,0,0,825
03/28/2014,FLL,FL,ASO,ES,Towers with Radar,626,62,87,2,777,0,13,28,1,42,626,75,115,3,819,0,0,0,819
03/29/2014,FLL,FL,ASO,ES,Towers with Radar,621,77,60,0,758,0,2,19,0,21,621,79,79,0,779,0,0,0,779
03/30/2014,FLL,FL,ASO,ES,Towers with Radar,656,62,109,1,828,0,10,31,0,41,656,72,140,1,869,0,0,0,869
03/31/2014,FLL,FL,ASO,ES,Towers with Radar,619,66,73,0,758,0,15,40,1,56,619,81,113,1,814,0,0,0,814
04/01/2014,FLL,FL,ASO,ES,Towers with Radar,574,66,65,0,705,0,7,24,0,31,574,73,89,0,736,0,0,0,736
04/02/2014,FLL,FL,ASO,ES,Towers with Radar,583,59,47,2,691,0,10,46,2,58,583,69,93,4,749,0,0,0,749
04/03/2014,FLL,FL,ASO,ES,Towers with Radar,589,69,61,0,719,0,12,49,0,61,589,81,110,0,780,0,0,0,780
04/04/2014,FLL,FL,ASO,ES,Towers with Radar,598,82,75,0,755,0,12,26,0,38,598,94,101,0,793,0,0,0,793
04/05/2014,FLL,FL,ASO,ES,Towers with Radar,637,71,70,0,778,0,7,38,4,49,637,78,108,4,827,0,0,0,827
04/06/2014,FLL,FL,ASO,ES,Towers with Radar,579,67,80,0,726,0,5,33,0,38,579,72,113,0,764,0,0,0,764
04/07/2014,FLL,FL,ASO,ES,Towers with Radar,576,71,76,0,723,1,14,22,2,39,577,85,98,2,762,0,0,0,762
04/08/2014,FLL,FL,ASO,ES,Towers with Radar,555,64,56,0,675,0,14,19,0,33,555,78,75,0,708,0,0,0,708
04/09/2014,FLL,FL,ASO,ES,Towers with Radar,572,66,71,1,710,0,6,35,2,43,572,72,106,3,753,0,0,0,753
04/10/2014,FLL,FL,ASO,ES,Towers with Radar,567,83,86,1,737,1,15,37,0,53,568,98,123,1,790,0,0,0,790
04/11/2014,FLL,FL,ASO,ES,Towers with Radar,579,118,120,1,818,0,13,46,1,60,579,131,166,2,878,0,0,0,878
04/12/2014,FLL,FL,ASO,ES,Towers with Radar,583,87,89,0,759,1,12,31,0,44,584,99,120,0,803,0,0,0,803
04/13/2014,FLL,FL,ASO,ES,Towers with Radar,577,59,82,2,720,0,9,19,0,28,577,68,101,2,748,0,0,0,748
04/14/2014,FLL,FL,ASO,ES,Towers with Radar,559,64,74,4,701,1,17,38,0,56,560,81,112,4,757,0,0,0,757
04/15/2014,FLL,FL,ASO,ES,Towers with Radar,546,73,53,0,672,0,9,21,0,30,546,82,74,0,702,0,0,0,702
04/16/2014,FLL,FL,ASO,ES,Towers with Radar,562,81,80,0,723,0,19,34,0,53,562,100,114,0,776,0,0,0,776
04/17/2014,FLL,FL,ASO,ES,Towers with Radar,575,96,95,2,768,0,15,26,1,42,575,111,121,3,810,0,0,0,810
04/18/2014,FLL,FL,ASO,ES,Towers with Radar,583,99,78,1,761,0,18,28,1,47,583,117,106,2,808,0,0,0,808
04/19/2014,FLL,FL,ASO,ES,Towers with Radar,586,76,63,1,726,0,13,38,0,51,586,89,101,1,777,0,0,0,777
04/20/2014,FLL,FL,ASO,ES,Towers with Radar,586,81,112,0,779,0,21,27,0,48,586,102,139,0,827,0,0,0,827
04/21/2014,FLL,FL,ASO,ES,Towers with Radar,563,96,104,0,763,0,22,32,1,55,563,118,136,1,818,0,0,0,818
04/22/2014,FLL,FL,ASO,ES,Towers with Radar,554,55,83,0,692,0,14,26,0,40,554,69,109,0,732,0,0,0,732
04/23/2014,FLL,FL,ASO,ES,Towers with Radar,552,68,78,3,701,0,9,29,2,40,552,77,107,5,741,0,0,0,741
04/24/2014,FLL,FL,ASO,ES,Towers with Radar,572,68,70,3,713,0,14,40,2,56,572,82,110,5,769,0,0,0,769
04/25/2014,FLL,FL,ASO,ES,Towers with Radar,584,85,79,4,752,0,16,28,1,45,584,101,107,5,797,0,0,0,797
04/26/2014,FLL,FL,ASO,ES,Towers with Radar,588,72,66,0,726,0,11,32,0,43,588,83,98,0,769,0,0,0,769
04/27/2014,FLL,FL,ASO,ES,Towers with Radar,565,65,82,1,713,0,9,38,0,47,565,74,120,1,760,0,0,0,760
04/28/2014,FLL,FL,ASO,ES,Towers with Radar,558,67,56,0,681,0,12,26,1,39,558,79,82,1,720,0,0,0,720
04/29/2014,FLL,FL,ASO,ES,Towers with Radar,534,56,59,2,651,0,6,21,1,28,534,62,80,3,679,0,0,0,679
04/30/2014,FLL,FL,ASO,ES,Towers with Radar,507,66,59,0,632,0,10,24,0,34,507,76,83,0,666,0,0,0,666
05/01/2014,FLL,FL,ASO,ES,Towers with Radar,541,75,74,0,690,0,11,38,0,49,541,86,112,0,739,0,0,0,739
05/02/2014,FLL,FL,ASO,ES,Towers with Radar,542,67,49,0,658,0,11,27,0,38,542,78,76,0,696,0,0,0,696
05/03/2014,FLL,FL,ASO,ES,Towers with Radar,526,58,38,2,624,0,5,16,0,21,526,63,54,2,645,0,0,0,645
05/04/2014,FLL,FL,ASO,ES,Towers with Radar,533,68,67,2,670,0,6,23,0,29,533,74,90,2,699,0,0,0,699
05/05/2014,FLL,FL,ASO,ES,Towers with Radar,528,69,66,2,665,0,15,19,0,34,528,84,85,2,699,0,0,0,699
05/06/2014,FLL,FL,ASO,ES,Towers with Radar,498,61,67,0,626,0,12,28,0,40,498,73,95,0,666,0,0,0,666
05/07/2014,FLL,FL,ASO,ES,Towers with Radar,500,64,57,0,621,0,20,28,2,50,500,84,85,2,671,0,0,0,671
05/08/2014,FLL,FL,ASO,ES,Towers with Radar,490,75,70,0,635,0,9,40,0,49,490,84,110,0,684,0,0,0,684
05/09/2014,FLL,FL,ASO,ES,Towers with Radar,520,74,49,0,643,0,17,28,0,45,520,91,77,0,688,0,0,0,688
05/10/2014,FLL,FL,ASO,ES,Towers with Radar,495,70,46,0,611,0,11,36,0,47,495,81,82,0,658,0,0,0,658
05/11/2014,FLL,FL,ASO,ES,Towers with Radar,509,63,64,0,636,0,12,15,0,27,509,75,79,0,663,0,0,0,663
05/12/2014,FLL,FL,ASO,ES,Towers with Radar,495,66,68,0,629,1,15,29,0,45,496,81,97,0,674,0,0,0,674
05/13/2014,FLL,FL,ASO,ES,Towers with Radar,490,56,41,1,588,0,8,19,0,27,490,64,60,1,615,0,0,0,615
05/14/2014,FLL,FL,ASO,ES,Towers with Radar,492,61,57,0,610,0,20,30,0,50,492,81,87,0,660,0,0,0,660
05/15/2014,FLL,FL,ASO,ES,Towers with Radar,513,70,78,2,663,0,7,24,0,31,513,77,102,2,694,0,0,0,694
05/16/2014,FLL,FL,ASO,ES,Towers with Radar,521,78,73,3,675,0,10,32,2,44,521,88,105,5,719,0,0,0,719
05/17/2014,FLL,FL,ASO,ES,Towers with Radar,506,60,50,0,616,0,13,16,0,29,506,73,66,0,645,0,0,0,645
05/18/2014,FLL,FL,ASO,ES,Towers with Radar,513,68,52,7,640,0,10,37,0,47,513,78,89,7,687,0,0,0,687
05/19/2014,FLL,FL,ASO,ES,Towers with Radar,515,66,64,2,647,0,11,34,0,45,515,77,98,2,692,0,0,0,692
05/20/2014,FLL,FL,ASO,ES,Towers with Radar,498,74,61,2,635,1,10,31,1,43,499,84,92,3,678,0,0,0,678
05/21/2014,FLL,FL,ASO,ES,Towers with Radar,497,64,58,3,622,0,14,26,0,40,497,78,84,3,662,0,0,0,662
05/22/2014,FLL,FL,ASO,ES,Towers with Radar,512,63,74,3,652,0,14,34,1,49,512,77,108,4,701,0,0,0,701
05/23/2014,FLL,FL,ASO,ES,Towers with Radar,519,83,95,6,703,0,23,43,3,69,519,106,138,9,772,0,0,0,772
05/24/2014,FLL,FL,ASO,ES,Towers with Radar,500,64,48,6,618,0,13,30,0,43,500,77,78,6,661,0,0,0,661
05/25/2014,FLL,FL,ASO,ES,Towers with Radar,474,52,50,0,576,1,11,24,0,36,475,63,74,0,612,0,0,0,612
05/26/2014,FLL,FL,ASO,ES,Towers with Radar,511,64,78,3,656,0,19,29,2,50,511,83,107,5,706,0,0,0,706
05/27/2014,FLL,FL,ASO,ES,Towers with Radar,489,56,63,1,609,0,10,15,2,27,489,66,78,3,636,0,0,0,636
05/28/2014,FLL,FL,ASO,ES,Towers with Radar,503,60,48,5,616,0,9,28,0,37,503,69,76,5,653,0,0,0,653
05/29/2014,FLL,FL,ASO,ES,Towers with Radar,519,78,79,0,676,0,5,21,2,28,519,83,100,2,704,0,0,0,704
05/30/2014,FLL,FL,ASO,ES,Towers with Radar,530,81,64,4,679,0,17,44,0,61,530,98,108,4,740,0,0,0,740
05/31/2014,FLL,FL,ASO,ES,Towers with Radar,501,69,41,1,612,0,9,20,0,29,501,78,61,1,641,0,0,0,641
06/01/2014,FLL,FL,ASO,ES,Towers with Radar,510,59,66,3,638,0,5,33,0,38,510,64,99,3,676,0,0,0,676
06/02/2014,FLL,FL,ASO,ES,Towers with Radar,508,68,57,0,633,0,11,32,0,43,508,79,89,0,676,0,0,0,676
06/03/2014,FLL,FL,ASO,ES,Towers with Radar,486,62,55,0,603,0,10,26,0,36,486,72,81,0,639,0,0,0,639
06/04/2014,FLL,FL,ASO,ES,Towers with Radar,491,56,58,0,605,0,11,31,2,44,491,67,89,2,649,0,0,0,649
06/05/2014,FLL,FL,ASO,ES,Towers with Radar,506,74,73,0,653,0,19,35,0,54,506,93,108,0,707,0,0,0,707
06/06/2014,FLL,FL,ASO,ES,Towers with Radar,522,75,72,0,669,0,9,35,0,44,522,84,107,0,713,0,0,0,713
06/07/2014,FLL,FL,ASO,ES,Towers with Radar,501,60,48,0,609,0,7,29,0,36,501,67,77,0,645,0,0,0,645
06/08/2014,FLL,FL,ASO,ES,Towers with Radar,485,58,66,0,609,0,16,31,0,47,485,74,97,0,656,0,0,0,656
06/09/2014,FLL,FL,ASO,ES,Towers with Radar,543,79,59,0,681,0,7,7,0,14,543,86,66,0,695,0,0,0,695
06/10/2014,FLL,FL,ASO,ES,Towers with Radar,523,60,58,0,641,1,6,28,0,35,524,66,86,0,676,0,0,0,676
06/11/2014,FLL,FL,ASO,ES,Towers with Radar,490,57,63,0,610,0,10,27,0,37,490,67,90,0,647,0,0,0,647
06/12/2014,FLL,FL,ASO,ES,Towers with Radar,506,69,73,2,650,1,8,24,0,33,507,77,97,2,683,0,0,0,683
06/13/2014,FLL,FL,ASO,ES,Towers with Radar,505,67,60,0,632,0,13,21,0,34,505,80,81,0,666,0,0,0,666
06/14/2014,FLL,FL,ASO,ES,Towers with Radar,527,67,48,0,642,0,9,23,0,32,527,76,71,0,674,0,0,0,674
06/15/2014,FLL,FL,ASO,ES,Towers with Radar,510,64,58,0,632,1,6,20,0,27,511,70,78,0,659,0,0,0,659
06/16/2014,FLL,FL,ASO,ES,Towers with Radar,507,69,67,0,643,1,8,42,0,51,508,77,109,0,694,0,0,0,694
06/17/2014,FLL,FL,ASO,ES,Towers with Radar,498,63,35,0,596,0,8,12,1,21,498,71,47,1,617,0,0,0,617
06/18/2014,FLL,FL,ASO,ES,Towers with Radar,495,62,69,2,628,0,7,19,0,26,495,69,88,2,654,0,0,0,654
06/19/2014,FLL,FL,ASO,ES,Towers with Radar,494,58,66,0,618,1,6,26,0,33,495,64,92,0,651,0,0,0,651
06/20/2014,FLL,FL,ASO,ES,Towers with Radar,527,74,79,0,680,0,6,18,0,24,527,80,97,0,704,0,0,0,704
06/21/2014,FLL,FL,ASO,ES,Towers with Radar,529,63,48,1,641,0,8,28,0,36,529,71,76,1,677,0,0,0,677
06/22/2014,FLL,FL,ASO,ES,Towers with Radar,514,57,66,0,637,0,5,26,0,31,514,62,92,0,668,0,0,0,668
06/23/2014,FLL,FL,ASO,ES,Towers with Radar,512,60,53,1,626,0,9,22,0,31,512,69,75,1,657,0,0,0,657
06/24/2014,FLL,FL,ASO,ES,Towers with Radar,511,58,63,1,633,0,14,26,0,40,511,72,89,1,673,0,0,0,673
06/25/2014,FLL,FL,ASO,ES,Towers with Radar,500,60,88,4,652,0,9,20,0,29,500,69,108,4,681,0,0,0,681
06/26/2014,FLL,FL,ASO,ES,Towers with Radar,507,68,44,0,619,0,17,36,2,55,507,85,80,2,674,0,0,0,674
06/27/2014,FLL,FL,ASO,ES,Towers with Radar,529,84,75,0,688,0,16,19,2,37,529,100,94,2,725,0,0,0,725
06/28/2014,FLL,FL,ASO,ES,Towers with Radar,521,57,40,2,620,0,9,21,2,32,521,66,61,4,652,0,0,0,652
06/29/2014,FLL,FL,ASO,ES,Towers with Radar,524,52,64,2,642,1,14,22,0,37,525,66,86,2,679,0,0,0,679
06/30/2014,FLL,FL,ASO,ES,Towers with Radar,528,71,86,0,685,0,13,29,0,42,528,84,115,0,727,0,0,0,727
07/01/2014,FLL,FL,ASO,ES,Towers with Radar,502,63,54,0,619,0,6,18,0,24,502,69,72,0,643,0,0,0,643
07/02/2014,FLL,FL,ASO,ES,Towers with Radar,519,72,65,0,656,0,8,31,0,39,519,80,96,0,695,0,0,0,695
07/03/2014,FLL,FL,ASO,ES,Towers with Radar,490,82,60,0,632,0,15,33,0,48,490,97,93,0,680,0,0,0,680
07/04/2014,FLL,FL,ASO,ES,Towers with Radar,460,51,31,0,542,0,9,14,1,24,460,60,45,1,566,0,0,0,566
07/05/2014,FLL,FL,ASO,ES,Towers with Radar,523,62,47,0,632,0,7,29,0,36,523,69,76,0,668,0,0,0,668
07/06/2014,FLL,FL,ASO,ES,Towers with Radar,509,67,67,0,643,0,11,22,0,33,509,78,89,0,676,0,0,0,676
07/07/2014,FLL,FL,ASO,ES,Towers with Radar,525,67,70,1,663,1,9,28,0,38,526,76,98,1,701,0,0,0,701
07/08/2014,FLL,FL,ASO,ES,Towers with Radar,521,66,38,0,625,0,7,23,0,30,521,73,61,0,655,0,0,0,655
07/09/2014,FLL,FL,ASO,ES,Towers with Radar,513,70,41,2,626,0,5,37,0,42,513,75,78,2,668,0,0,0,668
07/10/2014,FLL,FL,ASO,ES,Towers with Radar,510,65,55,4,634,0,7,41,0,48,510,72,96,4,682,0,0,0,682
07/11/2014,FLL,FL,ASO,ES,Towers with Radar,537,70,58,4,669,1,8,73,2,84,538,78,131,6,753,0,0,0,753
07/12/2014,FLL,FL,ASO,ES,Towers with Radar,526,59,55,0,640,0,9,49,0,58,526,68,104,0,698,0,0,0,698
07/13/2014,FLL,FL,ASO,ES,Towers with Radar,500,58,60,2,620,0,7,18,0,25,500,65,78,2,645,0,0,0,645
07/14/2014,FLL,FL,ASO,ES,Towers with Radar,503,72,56,3,634,1,12,31,0,44,504,84,87,3,678,0,0,0,678
07/15/2014,FLL,FL,ASO,ES,Towers with Radar,489,69,60,0,618,1,8,20,0,29,490,77,80,0,647,0,0,0,647
07/16/2014,FLL,FL,ASO,ES,Towers with Radar,506,68,62,0,636,0,10,19,0,29,506,78,81,0,665,0,0,0,665
07/17/2014,FLL,FL,ASO,ES,Towers with Radar,524,72,59,1,656,0,4,20,0,24,524,76,79,1,680,0,0,0,680
07/18/2014,FLL,FL,ASO,ES,Towers with Radar,542,84,81,1,708,0,10,35,0,45,542,94,116,1,753,0,0,0,753
07/19/2014,FLL,FL,ASO,ES,Towers with Radar,537,70,46,0,653,1,15,24,2,42,538,85,70,2,695,0,0,0,695
07/20/2014,FLL,FL,ASO,ES,Towers with Radar,504,59,66,2,631,0,9,18,0,27,504,68,84,2,658,0,0,0,658
07/21/2014,FLL,FL,ASO,ES,Towers with Radar,516,63,66,3,648,1,8,27,0,36,517,71,93,3,684,0,0,0,684
07/22/2014,FLL,FL,ASO,ES,Towers with Radar,527,65,65,3,660,0,17,29,0,46,527,82,94,3,706,0,0,0,706
07/23/2014,FLL,FL,ASO,ES,Towers with Radar,503,67,61,4,635,3,11,19,0,33,506,78,80,4,668,0,0,0,668
07/24/2014,FLL,FL,ASO,ES,Towers with Radar,529,65,65,0,659,0,10,36,0,46,529,75,101,0,705,0,0,0,705
07/25/2014,FLL,FL,ASO,ES,Towers with Radar,528,75,42,0,645,1,19,27,0,47,529,94,69,0,692,0,0,0,692
07/26/2014,FLL,FL,ASO,ES,Towers with Radar,539,69,48,0,656,0,14,28,0,42,539,83,76,0,698,0,0,0,698
07/27/2014,FLL,FL,ASO,ES,Towers with Radar,503,63,61,1,628,1,4,26,0,31,504,67,87,1,659,0,0,0,659
07/28/2014,FLL,FL,ASO,ES,Towers with Radar,541,63,50,1,655,1,13,10,0,24,542,76,60,1,679,0,0,0,679
07/29/2014,FLL,FL,ASO,ES,Towers with Radar,520,58,63,0,641,0,13,26,0,39,520,71,89,0,680,0,0,0,680
07/30/2014,FLL,FL,ASO,ES,Towers with Radar,530,64,63,0,657,1,7,27,0,35,531,71,90,0,692,0,0,0,692
07/31/2014,FLL,FL,ASO,ES,Towers with Radar,524,74,63,1,662,0,9,15,0,24,524,83,78,1,686,0,0,0,686
08/01/2014,FLL,FL,ASO,ES,Towers with Radar,517,78,59,0,654,0,12,38,0,50,517,90,97,0,704,0,0,0,704
08/02/2014,FLL,FL,ASO,ES,Towers with Radar,526,62,68,1,657,0,5,21,0,26,526,67,89,1,683,0,0,0,683
08/03/2014,FLL,FL,ASO,ES,Towers with Radar,492,58,44,2,596,0,1,18,0,19,492,59,62,2,615,0,0,0,615
08/04/2014,FLL,FL,ASO,ES,Towers with Radar,560,62,58,4,684,0,9,18,0,27,560,71,76,4,711,0,0,0,711
08/05/2014,FLL,FL,ASO,ES,Towers with Radar,514,56,70,2,642,0,5,19,0,24,514,61,89,2,666,0,0,0,666
08/06/2014,FLL,FL,ASO,ES,Towers with Radar,521,67,56,0,644,1,4,24,0,29,522,71,80,0,673,0,0,0,673
08/07/2014,FLL,FL,ASO,ES,Towers with Radar,527,68,67,2,664,0,10,29,0,39,527,78,96,2,703,0,0,0,703
08/08/2014,FLL,FL,ASO,ES,Towers with Radar,526,86,76,5,693,1,7,21,0,29,527,93,97,5,722,0,0,0,722
08/09/2014,FLL,FL,ASO,ES,Towers with Radar,528,66,58,0,652,1,4,20,0,25,529,70,78,0,677,0,0,0,677
08/10/2014,FLL,FL,ASO,ES,Towers with Radar,485,68,87,3,643,1,11,19,0,31,486,79,106,3,674,0,0,0,674
08/11/2014,FLL,FL,ASO,ES,Towers with Radar,499,64,59,0,622,1,9,30,2,42,500,73,89,2,664,0,0,0,664
08/12/2014,FLL,FL,ASO,ES,Towers with Radar,476,53,52,0,581,0,5,23,0,28,476,58,75,0,609,0,0,0,609
08/13/2014,FLL,FL,ASO,ES,Towers with Radar,492,55,60,1,608,0,5,20,0,25,492,60,80,1,633,0,0,0,633
08/14/2014,FLL,FL,ASO,ES,Towers with Radar,494,70,74,2,640,0,12,20,2,34,494,82,94,4,674,0,0,0,674
08/15/2014,FLL,FL,ASO,ES,Towers with Radar,517,77,75,0,669,1,9,28,0,38,518,86,103,0,707,0,0,0,707
08/16/2014,FLL,FL,ASO,ES,Towers with Radar,482,66,46,0,594,1,10,18,0,29,483,76,64,0,623,0,0,0,623
08/17/2014,FLL,FL,ASO,ES,Towers with Radar,473,53,47,0,573,0,4,15,0,19,473,57,62,0,592,0,0,0,592
08/18/2014,FLL,FL,ASO,ES,Towers with Radar,487,72,69,0,628,1,11,29,0,41,488,83,98,0,669,0,0,0,669
08/19/2014,FLL,FL,ASO,ES,Towers with Radar,465,53,51,1,570,1,5,36,0,42,466,58,87,1,612,0,0,0,612
08/20/2014,FLL,FL,ASO,ES,Towers with Radar,466,63,87,2,618,1,6,23,0,30,467,69,110,2,648,0,0,0,648
08/21/2014,FLL,FL,ASO,ES,Towers with Radar,476,76,73,0,625,0,6,14,0,20,476,82,87,0,645,0,0,0,645
08/22/2014,FLL,FL,ASO,ES,Towers with Radar,485,92,55,0,632,1,9,29,0,39,486,101,84,0,671,0,0,0,671
08/23/2014,FLL,FL,ASO,ES,Towers with Radar,463,49,60,4,576,1,3,20,0,24,464,52,80,4,600,0,0,0,600
08/24/2014,FLL,FL,ASO,ES,Towers with Radar,454,58,70,0,582,0,1,16,0,17,454,59,86,0,599,0,0,0,599
08/25/2014,FLL,FL,ASO,ES,Towers with Radar,482,60,53,0,595,1,4,17,0,22,483,64,70,0,617,0,0,0,617
08/26/2014,FLL,FL,ASO,ES,Towers with Radar,470,62,58,2,592,0,5,22,1,28,470,67,80,3,620,0,0,0,620
08/27/2014,FLL,FL,ASO,ES,Towers with Radar,475,72,73,0,620,2,4,27,2,35,477,76,100,2,655,0,0,0,655
08/28/2014,FLL,FL,ASO,ES,Towers with Radar,481,83,70,0,634,1,9,28,0,38,482,92,98,0,672,0,0,0,672
08/29/2014,FLL,FL,ASO,ES,Towers with Radar,491,87,75,0,653,0,14,27,0,41,491,101,102,0,694,0,0,0,694
08/30/2014,FLL,FL,ASO,ES,Towers with Radar,464,51,46,0,561,0,9,21,0,30,464,60,67,0,591,0,0,0,591
08/31/2014,FLL,FL,ASO,ES,Towers with Radar,438,46,42,0,526,1,6,12,0,19,439,52,54,0,545,0,0,0,545
09/01/2014,FLL,FL,ASO,ES,Towers with Radar,464,58,80,0,602,1,14,28,0,43,465,72,108,0,645,0,0,0,645
09/02/2014,FLL,FL,ASO,ES,Towers with Radar,441,64,48,0,553,0,5,21,0,26,441,69,69,0,579,0,0,0,579
09/03/2014,FLL,FL,ASO,ES,Towers with Radar,400,69,61,0,530,0,6,29,1,36,400,75,90,1,566,0,0,0,566
09/04/2014,FLL,FL,ASO,ES,Towers with Radar,432,75,59,4,570,0,4,21,0,25,432,79,80,4,595,0,0,0,595
09/05/2014,FLL,FL,ASO,ES,Towers with Radar,434,79,60,3,576,2,7,26,0,35,436,86,86,3,611,0,0,0,611
09/06/2014,FLL,FL,ASO,ES,Towers with Radar,393,51,32,6,482,0,2,19,2,23,393,53,51,8,505,0,0,0,505
09/07/2014,FLL,FL,ASO,ES,Towers with Radar,418,58,46,0,522,0,8,17,0,25,418,66,63,0,547,0,0,0,547
09/08/2014,FLL,FL,ASO,ES,Towers with Radar,429,73,66,0,568,0,9,27,2,38,429,82,93,2,606,0,0,0,606
09/09/2014,FLL,FL,ASO,ES,Towers with Radar,401,70,64,4,539,1,10,20,2,33,402,80,84,6,572,0,0,0,572
09/10/2014,FLL,FL,ASO,ES,Towers with Radar,396,64,52,0,512,1,7,37,0,45,397,71,89,0,557,0,0,0,557
09/11/2014,FLL,FL,ASO,ES,Towers with Radar,430,68,50,2,550,0,5,25,0,30,430,73,75,2,580,0,0,0,580
09/12/2014,FLL,FL,ASO,ES,Towers with Radar,450,88,63,0,601,2,6,12,0,20,452,94,75,0,621,0,0,0,621
09/13/2014,FLL,FL,ASO,ES,Towers with Radar,408,44,40,2,494,1,8,14,0,23,409,52,54,2,517,0,0,0,517
09/14/2014,FLL,FL,ASO,ES,Towers with Radar,419,57,63,1,540,0,3,4,0,7,419,60,67,1,547,0,0,0,547
09/15/2014,FLL,FL,ASO,ES,Towers with Radar,440,58,44,1,543,0,12,36,0,48,440,70,80,1,591,0,0,0,591
09/16/2014,FLL,FL,ASO,ES,Towers with Radar,390,69,61,2,522,0,6,21,0,27,390,75,82,2,549,0,0,0,549
09/17/2014,FLL,FL,ASO,ES,Towers with Radar,400,71,44,3,518,1,6,23,0,30,401,77,67,3,548,0,0,0,548
09/18/2014,FLL,FL,ASO,ES,Towers with Radar,438,72,52,1,563,1,3,20,0,24,439,75,72,1,587,0,0,0,587
09/19/2014,FLL,FL,ASO,ES,Towers with Radar,450,76,47,1,574,1,3,39,0,43,451,79,86,1,617,0,0,0,617
09/20/2014,FLL,FL,ASO,ES,Towers with Radar,416,44,40,2,502,0,6,21,0,27,416,50,61,2,529,0,0,0,529
09/21/2014,FLL,FL,ASO,ES,Towers with Radar,429,55,54,1,539,0,5,19,0,24,429,60,73,1,563,0,0,0,563
09/22/2014,FLL,FL,ASO,ES,Towers with Radar,437,68,37,0,542,0,12,25,0,37,437,80,62,0,579,0,0,0,579
09/23/2014,FLL,FL,ASO,ES,Towers with Radar,411,67,57,0,535,0,2,5,0,7,411,69,62,0,542,0,0,0,542
09/24/2014,FLL,FL,ASO,ES,Towers with Radar,399,73,49,0,521,0,4,27,2,33,399,77,76,2,554,0,0,0,554
09/25/2014,FLL,FL,ASO,ES,Towers with Radar,443,63,47,1,554,0,5,14,1,20,443,68,61,2,574,0,0,0,574
09/26/2014,FLL,FL,ASO,ES,Towers with Radar,437,70,51,2,560,0,10,16,0,26,437,80,67,2,586,0,0,0,586
09/27/2014,FLL,FL,ASO,ES,Towers with Radar,407,51,46,0,504,0,11,16,2,29,407,62,62,2,533,0,0,0,533
09/28/2014,FLL,FL,ASO,ES,Towers with Radar,431,54,70,2,557,1,6,16,2,25,432,60,86,4,582,0,0,0,582
09/29/2014,FLL,FL,ASO,ES,Towers with Radar,445,62,42,0,549,0,9,27,0,36,445,71,69,0,585,0,0,0,585
09/30/2014,FLL,FL,ASO,ES,Towers with Radar,415,61,56,0,532,1,8,23,0,32,416,69,79,0,564,0,0,0,564
10/01/2014,FLL,FL,ASO,ES,Towers with Radar,418,62,48,0,528,0,6,24,0,30,418,68,72,0,558,0,0,0,558
10/02/2014,FLL,FL,ASO,ES,Towers with Radar,441,72,52,0,565,0,11,23,2,36,441,83,75,2,601,0,0,0,601
10/03/2014,FLL,FL,ASO,ES,Towers with Radar,461,69,60,0,590,0,9,23,0,32,461,78,83,0,622,0,0,0,622
10/04/2014,FLL,FL,ASO,ES,Towers with Radar,423,38,53,0,514,1,5,15,0,21,424,43,68,0,535,0,0,0,535
10/05/2014,FLL,FL,ASO,ES,Towers with Radar,435,55,53,0,543,0,5,17,0,22,435,60,70,0,565,0,0,0,565
10/06/2014,FLL,FL,ASO,ES,Towers with Radar,453,53,45,0,551,1,12,24,2,39,454,65,69,2,590,0,0,0,590
10/07/2014,FLL,FL,ASO,ES,Towers with Radar,429,62,47,2,540,1,6,13,0,20,430,68,60,2,560,0,0,0,560
10/08/2014,FLL,FL,ASO,ES,Towers with Radar,437,66,60,2,565,0,6,41,0,47,437,72,101,2,612,0,0,0,612
10/09/2014,FLL,FL,ASO,ES,Towers with Radar,464,68,75,0,607,0,10,40,2,52,464,78,115,2,659,0,0,0,659
10/10/2014,FLL,FL,ASO,ES,Towers with Radar,483,80,65,1,629,0,19,28,0,47,483,99,93,1,676,0,0,0,676
10/11/2014,FLL,FL,ASO,ES,Towers with Radar,443,47,61,0,551,0,4,17,0,21,443,51,78,0,572,0,0,0,572
10/12/2014,FLL,FL,ASO,ES,Towers with Radar,455,45,55,0,555,0,7,33,1,41,455,52,88,1,596,0,0,0,596
10/13/2014,FLL,FL,ASO,ES,Towers with Radar,473,58,57,0,588,0,6,24,0,30,473,64,81,0,618,0,0,0,618
10/14/2014,FLL,FL,ASO,ES,Towers with Radar,443,58,74,0,575,0,10,52,0,62,443,68,126,0,637,0,0,0,637
10/15/2014,FLL,FL,ASO,ES,Towers with Radar,450,66,66,0,582,0,8,20,2,30,450,74,86,2,612,0,0,0,612
10/16/2014,FLL,FL,ASO,ES,Towers with Radar,486,68,56,0,610,0,4,28,0,32,486,72,84,0,642,0,0,0,642
10/17/2014,FLL,FL,ASO,ES,Towers with Radar,489,76,61,0,626,0,5,31,0,36,489,81,92,0,662,0,0,0,662
10/18/2014,FLL,FL,ASO,ES,Towers with Radar,444,48,57,0,549,0,10,15,0,25,444,58,72,0,574,0,0,0,574
10/19/2014,FLL,FL,ASO,ES,Towers with Radar,456,54,79,0,589,0,0,20,0,20,456,54,99,0,609,0,0,0,609
10/20/2014,FLL,FL,ASO,ES,Towers with Radar,466,62,65,0,593,0,8,30,0,38,466,70,95,0,631,0,0,0,631
10/21/2014,FLL,FL,ASO,ES,Towers with Radar,443,65,55,1,564,0,2,18,2,22,443,67,73,3,586,0,0,0,586
10/22/2014,FLL,FL,ASO,ES,Towers with Radar,439,73,82,1,595,0,3,20,0,23,439,76,102,1,618,0,0,0,618
10/23/2014,FLL,FL,ASO,ES,Towers with Radar,468,76,94,2,640,0,3,23,0,26,468,79,117,2,666,0,0,0,666
10/24/2014,FLL,FL,ASO,ES,Towers with Radar,487,66,83,0,636,0,3,11,0,14,487,69,94,0,650,0,0,0,650
10/25/2014,FLL,FL,ASO,ES,Towers with Radar,448,50,51,0,549,0,6,29,0,35,448,56,80,0,584,0,0,0,584
10/26/2014,FLL,FL,ASO,ES,Towers with Radar,467,55,67,0,589,0,3,24,0,27,467,58,91,0,616,0,0,0,616
10/27/2014,FLL,FL,ASO,ES,Towers with Radar,481,71,55,1,608,0,15,34,0,49,481,86,89,1,657,0,0,0,657
10/28/2014,FLL,FL,ASO,ES,Towers with Radar,456,71,57,0,584,0,10,27,0,37,456,81,84,0,621,0,0,0,621
10/29/2014,FLL,FL,ASO,ES,Towers with Radar,472,73,84,0,629,0,7,47,2,56,472,80,131,2,685,0,0,0,685
10/30/2014,FLL,FL,ASO,ES,Towers with Radar,489,86,138,0,713,0,8,35,0,43,489,94,173,0,756,0,0,0,756
10/31/2014,FLL,FL,ASO,ES,Towers with Radar,514,76,99,4,693,1,11,49,2,63,515,87,148,6,756,0,0,0,756
11/01/2014,FLL,FL,ASO,ES,Towers with Radar,496,58,98,0,652,0,6,39,0,45,496,64,137,0,697,0,0,0,697
11/02/2014,FLL,FL,ASO,ES,Towers with Radar,532,75,98,0,705,0,3,35,0,38,532,78,133,0,743,0,0,0,743
11/03/2014,FLL,FL,ASO,ES,Towers with Radar,539,78,87,3,707,0,12,30,1,43,539,90,117,4,750,0,0,0,750
11/04/2014,FLL,FL,ASO,ES,Towers with Radar,505,67,60,2,634,0,8,32,0,40,505,75,92,2,674,0,0,0,674
11/05/2014,FLL,FL,ASO,ES,Towers with Radar,523,74,67,1,665,0,9,29,0,38,523,83,96,1,703,0,0,0,703
11/06/2014,FLL,FL,ASO,ES,Towers with Radar,539,83,85,3,710,1,13,24,1,39,540,96,109,4,749,0,0,0,749
11/07/2014,FLL,FL,ASO,ES,Towers with Radar,563,82,85,0,730,0,7,37,0,44,563,89,122,0,774,0,0,0,774
11/08/2014,FLL,FL,ASO,ES,Towers with Radar,562,44,45,0,651,0,8,31,0,39,562,52,76,0,690,0,0,0,690
11/09/2014,FLL,FL,ASO,ES,Towers with Radar,546,66,89,0,701,0,3,4,0,7,546,69,93,0,708,0,0,0,708
11/10/2014,FLL,FL,ASO,ES,Towers with Radar,551,80,78,2,711,0,9,31,0,40,551,89,109,2,751,0,0,0,751
11/11/2014,FLL,FL,ASO,ES,Towers with Radar,536,79,65,0,680,0,10,33,0,43,536,89,98,0,723,0,0,0,723
11/12/2014,FLL,FL,ASO,ES,Towers with Radar,543,79,70,1,693,0,4,43,0,47,543,83,113,1,740,0,0,0,740
11/13/2014,FLL,FL,ASO,ES,Towers with Radar,550,83,77,0,710,0,5,31,0,36,550,88,108,0,746,0,0,0,746
11/14/2014,FLL,FL,ASO,ES,Towers with Radar,558,86,81,0,725,0,12,40,2,54,558,98,121,2,779,0,0,0,779
11/15/2014,FLL,FL,ASO,ES,Towers with Radar,562,49,47,0,658,0,8,36,0,44,562,57,83,0,702,0,0,0,702
11/16/2014,FLL,FL,ASO,ES,Towers with Radar,535,61,71,0,667,0,5,54,0,59,535,66,125,0,726,0,0,0,726
11/17/2014,FLL,FL,ASO,ES,Towers with Radar,530,67,64,1,662,0,5,18,0,23,530,72,82,1,685,0,0,0,685
11/18/2014,FLL,FL,ASO,ES,Towers with Radar,536,79,68,4,687,0,4,14,0,18,536,83,82,4,705,0,0,0,705
11/19/2014,FLL,FL,ASO,ES,Towers with Radar,535,94,81,0,710,0,8,18,0,26,535,102,99,0,736,0,0,0,736
11/20/2014,FLL,FL,ASO,ES,Towers with Radar,558,82,67,0,707,0,5,36,0,41,558,87,103,0,748,0,0,0,748
11/21/2014,FLL,FL,ASO,ES,Towers with Radar,576,82,98,1,757,0,3,18,0,21,576,85,116,1,778,0,0,0,778
11/22/2014,FLL,FL,ASO,ES,Towers with Radar,572,52,62,1,687,0,2,18,2,22,572,54,80,3,709,0,0,0,709
11/23/2014,FLL,FL,ASO,ES,Towers with Radar,563,55,81,2,701,0,2,37,0,39,563,57,118,2,740,0,0,0,740
11/24/2014,FLL,FL,ASO,ES,Towers with Radar,547,77,51,2,677,0,5,22,0,27,547,82,73,2,704,0,0,0,704
11/25/2014,FLL,FL,ASO,ES,Towers with Radar,569,77,76,1,723,0,8,34,0,42,569,85,110,1,765,0,0,0,765
11/26/2014,FLL,FL,ASO,ES,Towers with Radar,603,104,109,0,816,0,9,28,0,37,603,113,137,0,853,0,0,0,853
11/27/2014,FLL,FL,ASO,ES,Towers with Radar,457,44,38,0,539,0,9,14,0,23,457,53,52,0,562,0,0,0,562
11/28/2014,FLL,FL,ASO,ES,Towers with Radar,526,66,35,0,627,0,11,26,0,37,526,77,61,0,664,0,0,0,664
11/29/2014,FLL,FL,ASO,ES,Towers with Radar,572,69,74,0,715,0,5,24,0,29,572,74,98,0,744,0,0,0,744
11/30/2014,FLL,FL,ASO,ES,Towers with Radar,596,89,128,0,813,0,10,52,1,63,596,99,180,1,876,0,0,0,876
12/01/2014,FLL,FL,ASO,ES,Towers with Radar,594,89,82,0,765,0,8,44,0,52,594,97,126,0,817,0,0,0,817
12/02/2014,FLL,FL,ASO,ES,Towers with Radar,556,63,56,3,678,0,3,12,1,16,556,66,68,4,694,0,0,0,694
12/03/2014,FLL,FL,ASO,ES,Towers with Radar,549,82,77,0,708,0,5,26,0,31,549,87,103,0,739,0,0,0,739
12/04/2014,FLL,FL,ASO,ES,Towers with Radar,578,84,70,0,732,0,8,26,0,34,578,92,96,0,766,0,0,0,766
12/05/2014,FLL,FL,ASO,ES,Towers with Radar,575,88,75,1,739,1,11,32,0,44,576,99,107,1,783,0,0,0,783
12/06/2014,FLL,FL,ASO,ES,Towers with Radar,579,59,54,0,692,0,0,35,0,35,579,59,89,0,727,0,0,0,727
12/07/2014,FLL,FL,ASO,ES,Towers with Radar,582,69,63,0,714,0,6,29,0,35,582,75,92,0,749,0,0,0,749
12/08/2014,FLL,FL,ASO,ES,Towers with Radar,564,78,64,1,707,0,8,36,0,44,564,86,100,1,751,0,0,0,751
12/09/2014,FLL,FL,ASO,ES,Towers with Radar,550,82,71,2,705,0,9,17,0,26,550,91,88,2,731,0,0,0,731
12/10/2014,FLL,FL,ASO,ES,Towers with Radar,541,80,67,0,688,0,12,37,0,49,541,92,104,0,737,0,0,0,737
12/11/2014,FLL,FL,ASO,ES,Towers with Radar,583,99,82,0,764,0,13,34,0,47,583,112,116,0,811,0,0,0,811
12/12/2014,FLL,FL,ASO,ES,Towers with Radar,606,87,88,2,783,0,12,42,0,54,606,99,130,2,837,0,0,0,837
12/13/2014,FLL,FL,ASO,ES,Towers with Radar,603,68,41,2,714,1,5,33,0,39,604,73,74,2,753,0,0,0,753
12/14/2014,FLL,FL,ASO,ES,Towers with Radar,574,71,76,0,721,1,4,16,0,21,575,75,92,0,742,0,0,0,742
12/15/2014,FLL,FL,ASO,ES,Towers with Radar,566,79,92,2,739,0,12,31,0,43,566,91,123,2,782,0,0,0,782
12/16/2014,FLL,FL,ASO,ES,Towers with Radar,552,83,52,4,691,0,9,28,0,37,552,92,80,4,728,0,0,0,728
12/17/2014,FLL,FL,ASO,ES,Towers with Radar,573,85,67,2,727,0,5,40,0,45,573,90,107,2,772,0,0,0,772
12/18/2014,FLL,FL,ASO,ES,Towers with Radar,633,88,85,0,806,0,13,24,0,37,633,101,109,0,843,0,0,0,843
12/19/2014,FLL,FL,ASO,ES,Towers with Radar,631,113,109,1,854,0,10,49,0,59,631,123,158,1,913,0,0,0,913
12/20/2014,FLL,FL,ASO,ES,Towers with Radar,675,80,128,0,883,1,6,44,0,51,676,86,172,0,934,0,0,0,934
12/21/2014,FLL,FL,ASO,ES,Towers with Radar,678,73,91,1,843,0,4,25,0,29,678,77,116,1,872,0,0,0,872
12/22/2014,FLL,FL,ASO,ES,Towers with Radar,662,80,57,2,801,1,7,34,0,42,663,87,91,2,843,0,0,0,843
12/23/2014,FLL,FL,ASO,ES,Towers with Radar,647,85,86,2,820,0,18,43,0,61,647,103,129,2,881,0,0,0,881
12/24/2014,FLL,FL,ASO,ES,Towers with Radar,627,75,37,0,739,0,10,21,0,31,627,85,58,0,770,0,0,0,770
12/25/2014,FLL,FL,ASO,ES,Towers with Radar,583,54,27,0,664,0,1,9,0,10,583,55,36,0,674,0,0,0,674
12/26/2014,FLL,FL,ASO,ES,Towers with Radar,662,115,160,0,937,0,11,28,0,39,662,126,188,0,976,0,0,0,976
12/27/2014,FLL,FL,ASO,ES,Towers with Radar,671,99,149,0,919,0,19,53,0,72,671,118,202,0,991,0,0,0,991
12/28/2014,FLL,FL,ASO,ES,Towers with Radar,681,89,97,0,867,0,15,42,0,57,681,104,139,0,924,0,0,0,924
12/29/2014,FLL,FL,ASO,ES,Towers with Radar,650,80,83,1,814,0,16,39,1,56,650,96,122,2,870,0,0,0,870
12/30/2014,FLL,FL,ASO,ES,Towers with Radar,667,89,91,5,852,0,12,36,0,48,667,101,127,5,900,0,0,0,900
12/31/2014,FLL,FL,ASO,ES,Towers with Radar,623,84,55,1,763,0,10,23,0,33,623,94,78,1,796,0,0,0,796
01/01/2015,FLL,FL,ASO,ES,Towers with Radar,605,72,40,1,718,1,6,25,0,32,606,78,65,1,750,0,0,0,750
01/02/2015,FLL,FL,ASO,ES,Towers with Radar,671,125,116,2,914,0,16,31,0,47,671,141,147,2,961,0,0,0,961
01/03/2015,FLL,FL,ASO,ES,Towers with Radar,650,113,143,0,906,0,10,42,3,55,650,123,185,3,961,0,0,0,961
01/04/2015,FLL,FL,ASO,ES,Towers with Radar,668,115,133,0,916,0,16,47,0,63,668,131,180,0,979,0,0,0,979
01/05/2015,FLL,FL,ASO,ES,Towers with Radar,640,103,105,1,849,0,10,27,0,37,640,113,132,1,886,0,0,0,886
01/06/2015,FLL,FL,ASO,ES,Towers with Radar,597,81,60,3,741,0,11,36,0,47,597,92,96,3,788,0,0,0,788
01/07/2015,FLL,FL,ASO,ES,Towers with Radar,600,83,89,1,773,0,7,38,2,47,600,90,127,3,820,0,0,0,820
01/08/2015,FLL,FL,ASO,ES,Towers with Radar,628,76,65,0,769,0,9,33,0,42,628,85,98,0,811,0,0,0,811
01/09/2015,FLL,FL,ASO,ES,Towers with Radar,616,91,94,2,803,1,8,31,0,40,617,99,125,2,843,0,0,0,843
01/10/2015,FLL,FL,ASO,ES,Towers with Radar,638,58,64,3,763,0,6,24,0,30,638,64,88,3,793,0,0,0,793
01/11/2015,FLL,FL,ASO,ES,Towers with Radar,610,63,83,0,756,0,0,6,0,6,610,63,89,0,762,0,0,0,762
01/12/2015,FLL,FL,ASO,ES,Towers with Radar,589,76,69,0,734,0,9,21,1,31,589,85,90,1,765,0,0,0,765
01/13/2015,FLL,FL,ASO,ES,Towers with Radar,593,72,91,0,756,0,2,20,0,22,593,74,111,0,778,0,0,0,778
01/14/2015,FLL,FL,ASO,ES,Towers with Radar,600,93,68,0,761,0,5,24,0,29,600,98,92,0,790,0,0,0,790
01/15/2015,FLL,FL,ASO,ES,Towers with Radar,610,95,94,0,799,0,8,15,2,25,610,103,109,2,824,0,0,0,824
01/16/2015,FLL,FL,ASO,ES,Towers with Radar,619,93,92,1,805,0,7,45,0,52,619,100,137,1,857,0,0,0,857
01/17/2015,FLL,FL,ASO,ES,Towers with Radar,622,66,66,0,754,0,2,34,0,36,622,68,100,0,790,0,0,0,790
01/18/2015,FLL,FL,ASO,ES,Towers with Radar,592,69,76,0,737,0,2,38,0,40,592,71,114,0,777,0,0,0,777
01/19/2015,FLL,FL,ASO,ES,Towers with Radar,596,76,95,1,768,1,12,44,0,57,597,88,139,1,825,0,0,0,825
01/20/2015,FLL,FL,ASO,ES,Towers with Radar,565,80,76,2,723,0,14,21,0,35,565,94,97,2,758,0,0,0,758
01/21/2015,FLL,FL,ASO,ES,Towers with Radar,569,74,87,4,734,1,8,28,0,37,570,82,115,4,771,0,0,0,771
01/22/2015,FLL,FL,ASO,ES,Towers with Radar,605,92,88,0,785,0,5,24,0,29,605,97,112,0,814,0,0,0,814
01/23/2015,FLL,FL,ASO,ES,Towers with Radar,611,94,82,2,789,0,13,44,0,57,611,107,126,2,846,0,0,0,846
01/24/2015,FLL,FL,ASO,ES,Towers with Radar,613,57,54,0,724,0,2,12,1,15,613,59,66,1,739,0,0,0,739
01/25/2015,FLL,FL,ASO,ES,Towers with Radar,621,68,83,0,772,0,3,38,0,41,621,71,121,0,813,0,0,0,813
01/26/2015,FLL,FL,ASO,ES,Towers with Radar,531,70,91,0,692,1,3,22,0,26,532,73,113,0,718,0,0,0,718
01/27/2015,FLL,FL,ASO,ES,Towers with Radar,441,79,67,3,590,0,7,26,0,33,441,86,93,3,623,0,0,0,623
01/28/2015,FLL,FL,ASO,ES,Towers with Radar,555,93,77,2,727,0,11,33,0,44,555,104,110,2,771,0,0,0,771
01/29/2015,FLL,FL,ASO,ES,Towers with Radar,605,103,87,1,796,0,3,27,4,34,605,106,114,5,830,0,0,0,830
01/30/2015,FLL,FL,ASO,ES,Towers with Radar,618,81,80,1,780,0,13,31,0,44,618,94,111,1,824,0,0,0,824
01/31/2015,FLL,FL,ASO,ES,Towers with Radar,616,60,45,1,722,0,4,20,0,24,616,64,65,1,746,0,0,0,746
02/01/2015,FLL,FL,ASO,ES,Towers with Radar,547,72,58,1,678,1,6,23,0,30,548,78,81,1,708,0,0,0,708
02/02/2015,FLL,FL,ASO,ES,Towers with Radar,537,95,88,2,722,1,1,19,0,21,538,96,107,2,743,0,0,0,743
02/03/2015,FLL,FL,ASO,ES,Towers with Radar,554,81,54,1,690,0,9,18,0,27,554,90,72,1,717,0,0,0,717
02/04/2015,FLL,FL,ASO,ES,Towers with Radar,578,81,71,0,730,0,12,42,0,54,578,93,113,0,784,0,0,0,784
02/05/2015,FLL,FL,ASO,ES,Towers with Radar,612,106,64,0,782,0,7,20,3,30,612,113,84,3,812,0,0,0,812
02/06/2015,FLL,FL,ASO,ES,Towers with Radar,615,93,95,0,803,0,12,38,0,50,615,105,133,0,853,0,0,0,853
02/07/2015,FLL,FL,ASO,ES,Towers with Radar,621,62,74,0,757,0,0,32,2,34,621,62,106,2,791,0,0,0,791
02/08/2015,FLL,FL,ASO,ES,Towers with Radar,587,68,73,0,728,0,4,40,0,44,587,72,113,0,772,0,0,0,772
02/09/2015,FLL,FL,ASO,ES,Towers with Radar,573,57,66,2,698,0,9,22,1,32,573,66,88,3,730,0,0,0,730
02/10/2015,FLL,FL,ASO,ES,Towers with Radar,594,79,70,0,743,0,6,27,0,33,594,85,97,0,776,0,0,0,776
02/11/2015,FLL,FL,ASO,ES,Towers with Radar,604,91,99,0,794,0,10,34,0,44,604,101,133,0,838,0,0,0,838
02/12/2015,FLL,FL,ASO,ES,Towers with Radar,641,97,138,0,876,0,16,70,0,86,641,113,208,0,962,0,0,0,962
02/13/2015,FLL,FL,ASO,ES,Towers with Radar,656,103,119,0,878,0,15,62,0,77,656,118,181,0,955,0,0,0,955
02/14/2015,FLL,FL,ASO,ES,Towers with Radar,665,81,74,0,820,0,16,53,0,69,665,97,127,0,889,0,0,0,889
02/15/2015,FLL,FL,ASO,ES,Towers with Radar,565,77,70,0,712,0,5,50,0,55,565,82,120,0,767,0,0,0,767
02/16/2015,FLL,FL,ASO,ES,Towers with Radar,608,93,108,0,809,0,13,43,0,56,608,106,151,0,865,0,0,0,865
02/17/2015,FLL,FL,ASO,ES,Towers with Radar,599,83,63,3,748,0,10,33,0,43,599,93,96,3,791,0,0,0,791
02/18/2015,FLL,FL,ASO,ES,Towers with Radar,641,93,99,3,836,0,6,25,1,32,641,99,124,4,868,0,0,0,868
02/19/2015,FLL,FL,ASO,ES,Towers with Radar,646,96,102,0,844,1,7,31,0,39,647,103,133,0,883,0,0,0,883
02/20/2015,FLL,FL,ASO,ES,Towers with Radar,642,112,80,0,834,1,12,40,2,55,643,124,120,2,889,0,0,0,889
02/21/2015,FLL,FL,ASO,ES,Towers with Radar,650,76,79,1,806,0,4,27,0,31,650,80,106,1,837,0,0,0,837
02/22/2015,FLL,FL,ASO,ES,Towers with Radar,630,97,100,0,827,0,5,29,0,34,630,102,129,0,861,0,0,0,861
02/23/2015,FLL,FL,ASO,ES,Towers with Radar,628,90,88,0,806,0,11,35,0,46,628,101,123,0,852,0,0,0,852
02/24/2015,FLL,FL,ASO,ES,Towers with Radar,630,87,88,0,805,0,8,44,0,52,630,95,132,0,857,0,0,0,857
02/25/2015,FLL,FL,ASO,ES,Towers with Radar,595,100,118,2,815,0,6,26,0,32,595,106,144,2,847,0,0,0,847
02/26/2015,FLL,FL,ASO,ES,Towers with Radar,644,115,85,0,844,0,8,28,0,36,644,123,113,0,880,0,0,0,880
02/27/2015,FLL,FL,ASO,ES,Towers with Radar,639,105,88,0,832,1,7,27,0,35,640,112,115,0,867,0,0,0,867
02/28/2015,FLL,FL,ASO,ES,Towers with Radar,703,74,67,0,844,0,1,4,0,5,703,75,71,0,849,0,0,0,849
03/01/2015,FLL,FL,ASO,ES,Towers with Radar,599,85,158,0,842,0,8,36,0,44,599,93,194,0,886,0,0,0,886
03/02/2015,FLL,FL,ASO,ES,Towers with Radar,621,102,70,0,793,0,3,42,2,47,621,105,112,2,840,0,0,0,840
03/03/2015,FLL,FL,ASO,ES,Towers with Radar,610,106,79,1,796,0,6,27,2,35,610,112,106,3,831,0,0,0,831
03/04/2015,FLL,FL,ASO,ES,Towers with Radar,611,106,96,0,813,0,9,41,2,52,611,115,137,2,865,0,0,0,865
03/05/2015,FLL,FL,ASO,ES,Towers with Radar,544,106,82,0,732,0,7,41,0,48,544,113,123,0,780,0,0,0,780
03/06/2015,FLL,FL,ASO,ES,Towers with Radar,646,105,112,1,864,0,14,32,1,47,646,119,144,2,911,0,0,0,911
03/07/2015,FLL,FL,ASO,ES,Towers with Radar,708,86,115,0,909,0,4,19,0,23,708,90,134,0,932,0,0,0,932
03/08/2015,FLL,FL,ASO,ES,Towers with Radar,652,78,77,1,808,1,4,27,0,32,653,82,104,1,840,0,0,0,840
03/09/2015,FLL,FL,ASO,ES,Towers with Radar,642,81,68,0,791,1,13,25,0,39,643,94,93,0,830,0,0,0,830
03/10/2015,FLL,FL,ASO,ES,Towers with Radar,632,87,89,2,810,0,10,24,2,36,632,97,113,4,846,0,0,0,846
03/11/2015,FLL,FL,ASO,ES,Towers with Radar,630,93,78,0,801,0,5,51,3,59,630,98,129,3,860,0,0,0,860
03/12/2015,FLL,FL,ASO,ES,Towers with Radar,656,112,79,0,847,0,19,24,0,43,656,131,103,0,890,0,0,0,890
03/13/2015,FLL,FL,ASO,ES,Towers with Radar,660,101,89,0,850,0,13,43,0,56,660,114,132,0,906,0,0,0,906
03/14/2015,FLL,FL,ASO,ES,Towers with Radar,707,98,103,1,909,0,12,39,0,51,707,110,142,1,960,0,0,0,960
03/15/2015,FLL,FL,ASO,ES,Towers with Radar,639,107,135,0,881,0,10,34,0,44,639,117,169,0,925,0,0,0,925
03/16/2015,FLL,FL,ASO,ES,Towers with Radar,649,90,81,0,820,0,10,30,0,40,649,100,111,0,860,0,0,0,860
03/17/2015,FLL,FL,ASO,ES,Towers with Radar,633,82,63,0,778,0,9,41,1,51,633,91,104,1,829,0,0,0,829
03/18/2015,FLL,FL,ASO,ES,Towers with Radar,646,95,78,1,820,0,13,42,0,55,646,108,120,1,875,0,0,0,875
03/19/2015,FLL,FL,ASO,ES,Towers with Radar,673,104,93,1,871,0,14,38,0,52,673,118,131,1,923,0,0,0,923
03/20/2015,FLL,FL,ASO,ES,Towers with Radar,642,94,109,2,847,0,19,43,0,62,642,113,152,2,909,0,0,0,909
03/21/2015,FLL,FL,ASO,ES,Towers with Radar,719,110,95,1,925,0,8,45,2,55,719,118,140,3,980,0,0,0,980
03/22/2015,FLL,FL,ASO,ES,Towers with Radar,654,86,109,2,851,0,10,31,3,44,654,96,140,5,895,0,0,0,895
03/23/2015,FLL,FL,ASO,ES,Towers with Radar,652,99,80,0,831,0,11,35,4,50,652,110,115,4,881,0,0,0,881
03/24/2015,FLL,FL,ASO,ES,Towers with Radar,635,89,72,1,797,0,12,31,3,46,635,101,103,4,843,0,0,0,843
03/25/2015,FLL,FL,ASO,ES,Towers with Radar,641,94,80,0,815,1,12,47,0,60,642,106,127,0,875,0,0,0,875
03/26/2015,FLL,FL,ASO,ES,Towers with Radar,637,108,98,0,843,0,10,42,0,52,637,118,140,0,895,0,0,0,895
03/27/2015,FLL,FL,ASO,ES,Towers with Radar,657,126,132,7,922,0,13,40,0,53,657,139,172,7,975,0,0,0,975
03/28/2015,FLL,FL,ASO,ES,Towers with Radar,733,99,105,1,938,1,3,30,0,34,734,102,135,1,972,0,0,0,972
03/29/2015,FLL,FL,ASO,ES,Towers with Radar,658,109,116,9,892,1,14,32,0,47,659,123,148,9,939,0,0,0,939
03/30/2015,FLL,FL,ASO,ES,Towers with Radar,632,104,96,1,833,0,9,34,0,43,632,113,130,1,876,0,0,0,876
03/31/2015,FLL,FL,ASO,ES,Towers with Radar,642,99,73,2,816,0,10,32,0,42,642,109,105,2,858,0,0,0,858
04/01/2015,FLL,FL,ASO,ES,Towers with Radar,637,98,90,0,825,0,9,34,0,43,637,107,124,0,868,0,0,0,868
04/02/2015,FLL,FL,ASO,ES,Towers with Radar,658,111,128,0,897,0,22,49,0,71,658,133,177,0,968,0,0,0,968
04/03/2015,FLL,FL,ASO,ES,Towers with Radar,647,112,77,1,837,0,17,32,1,50,647,129,109,2,887,0,0,0,887
04/04/2015,FLL,FL,ASO,ES,Towers with Radar,692,90,77,0,859,0,18,42,0,60,692,108,119,0,919,0,0,0,919
04/05/2015,FLL,FL,ASO,ES,Towers with Radar,637,75,105,1,818,0,10,22,0,32,637,85,127,1,850,0,0,0,850
04/06/2015,FLL,FL,ASO,ES,Towers with Radar,638,98,107,0,843,1,10,39,0,50,639,108,146,0,893,0,0,0,893
04/07/2015,FLL,FL,ASO,ES,Towers with Radar,619,90,66,0,775,1,13,33,0,47,620,103,99,0,822,0,0,0,822
04/08/2015,FLL,FL,ASO,ES,Towers with Radar,597,96,68,0,761,0,10,33,5,48,597,106,101,5,809,0,0,0,809
04/09/2015,FLL,FL,ASO,ES,Towers with Radar,613,101,78,1,793,0,12,52,0,64,613,113,130,1,857,0,0,0,857
04/10/2015,FLL,FL,ASO,ES,Towers with Radar,612,102,78,7,799,0,11,39,5,55,612,113,117,12,854,0,0,0,854
04/11/2015,FLL,FL,ASO,ES,Towers with Radar,629,84,92,1,806,0,9,69,0,78,629,93,161,1,884,0,0,0,884
04/12/2015,FLL,FL,ASO,ES,Towers with Radar,609,100,102,4,815,1,10,64,3,78,610,110,166,7,893,0,0,0,893
04/13/2015,FLL,FL,ASO,ES,Towers with Radar,598,89,94,2,783,1,16,25,1,43,599,105,119,3,826,0,0,0,826
04/14/2015,FLL,FL,ASO,ES,Towers with Radar,587,87,53,0,727,1,15,30,0,46,588,102,83,0,773,0,0,0,773
04/15/2015,FLL,FL,ASO,ES,Towers with Radar,579,87,66,0,732,0,9,30,0,39,579,96,96,0,771,0,0,0,771
04/16/2015,FLL,FL,ASO,ES,Towers with Radar,597,97,84,1,779,0,14,38,0,52,597,111,122,1,831,0,0,0,831
04/17/2015,FLL,FL,ASO,ES,Towers with Radar,608,94,82,1,785,0,12,39,0,51,608,106,121,1,836,0,0,0,836
04/18/2015,FLL,FL,ASO,ES,Towers with Radar,615,70,50,0,735,0,13,31,0,44,615,83,81,0,779,0,0,0,779
04/19/2015,FLL,FL,ASO,ES,Towers with Radar,582,74,55,4,715,0,8,34,0,42,582,82,89,4,757,0,0,0,757
04/20/2015,FLL,FL,ASO,ES,Towers with Radar,569,89,69,0,727,0,14,32,0,46,569,103,101,0,773,0,0,0,773
04/21/2015,FLL,FL,ASO,ES,Towers with Radar,598,88,84,0,770,0,8,25,1,34,598,96,109,1,804,0,0,0,804
04/22/2015,FLL,FL,ASO,ES,Towers with Radar,570,85,84,0,739,1,9,23,0,33,571,94,107,0,772,0,0,0,772
04/23/2015,FLL,FL,ASO,ES,Towers with Radar,584,90,69,2,745,0,4,36,1,41,584,94,105,3,786,0,0,0,786
04/24/2015,FLL,FL,ASO,ES,Towers with Radar,598,85,66,1,750,0,15,63,1,79,598,100,129,2,829,0,0,0,829
04/25/2015,FLL,FL,ASO,ES,Towers with Radar,609,72,62,0,743,0,11,34,0,45,609,83,96,0,788,0,0,0,788
04/26/2015,FLL,FL,ASO,ES,Towers with Radar,598,75,83,1,757,0,6,66,0,72,598,81,149,1,829,0,0,0,829
04/27/2015,FLL,FL,ASO,ES,Towers with Radar,585,82,46,0,713,0,15,24,0,39,585,97,70,0,752,0,0,0,752
04/28/2015,FLL,FL,ASO,ES,Towers with Radar,563,89,63,1,716,0,6,31,3,40,563,95,94,4,756,0,0,0,756
04/29/2015,FLL,FL,ASO,ES,Towers with Radar,560,94,75,0,729,0,2,11,0,13,560,96,86,0,742,0,0,0,742
04/30/2015,FLL,FL,ASO,ES,Towers with Radar,594,89,103,1,787,0,10,38,0,48,594,99,141,1,835,0,0,0,835
05/01/2015,FLL,FL,ASO,ES,Towers with Radar,580,94,74,2,750,0,8,41,1,50,580,102,115,3,800,0,0,0,800
05/02/2015,FLL,FL,ASO,ES,Towers with Radar,568,73,56,1,698,0,12,26,0,38,568,85,82,1,736,0,0,0,736
05/03/2015,FLL,FL,ASO,ES,Towers with Radar,552,69,55,0,676,0,8,35,0,43,552,77,90,0,719,0,0,0,719
05/04/2015,FLL,FL,ASO,ES,Towers with Radar,565,89,78,3,735,0,16,21,7,44,565,105,99,10,779,0,0,0,779
05/05/2015,FLL,FL,ASO,ES,Towers with Radar,531,91,68,0,690,0,2,17,0,19,531,93,85,0,709,0,0,0,709
05/06/2015,FLL,FL,ASO,ES,Towers with Radar,554,95,84,0,733,0,7,32,0,39,554,102,116,0,772,0,0,0,772
05/07/2015,FLL,FL,ASO,ES,Towers with Radar,555,96,67,2,720,0,11,29,0,40,555,107,96,2,760,0,0,0,760
05/08/2015,FLL,FL,ASO,ES,Towers with Radar,561,85,79,2,727,0,17,53,0,70,561,102,132,2,797,0,0,0,797
05/09/2015,FLL,FL,ASO,ES,Towers with Radar,538,56,49,0,643,1,10,17,0,28,539,66,66,0,671,0,0,0,671
05/10/2015,FLL,FL,ASO,ES,Towers with Radar,517,57,63,0,637,0,8,23,0,31,517,65,86,0,668,0,0,0,668
05/11/2015,FLL,FL,ASO,ES,Towers with Radar,550,79,64,0,693,0,16,33,2,51,550,95,97,2,744,0,0,0,744
05/12/2015,FLL,FL,ASO,ES,Towers with Radar,534,86,86,0,706,0,14,44,1,59,534,100,130,1,765,0,0,0,765
05/13/2015,FLL,FL,ASO,ES,Towers with Radar,531,88,71,2,692,1,10,39,0,50,532,98,110,2,742,0,0,0,742
05/14/2015,FLL,FL,ASO,ES,Towers with Radar,553,79,49,1,682,0,9,35,0,44,553,88,84,1,726,0,0,0,726
05/15/2015,FLL,FL,ASO,ES,Towers with Radar,554,77,82,1,714,0,13,57,0,70,554,90,139,1,784,0,0,0,784
05/16/2015,FLL,FL,ASO,ES,Towers with Radar,538,64,51,0,653,0,6,28,0,34,538,70,79,0,687,0,0,0,687
05/17/2015,FLL,FL,ASO,ES,Towers with Radar,541,68,69,1,679,0,7,35,1,43,541,75,104,2,722,0,0,0,722
05/18/2015,FLL,FL,ASO,ES,Towers with Radar,536,85,59,2,682,0,7,30,0,37,536,92,89,2,719,0,0,0,719
05/19/2015,FLL,FL,ASO,ES,Towers with Radar,533,78,57,0,668,0,9,32,0,41,533,87,89,0,709,0,0,0,709
05/20/2015,FLL,FL,ASO,ES,Towers with Radar,544,94,72,0,710,0,9,29,2,40,544,103,101,2,750,0,0,0,750
05/21/2015,FLL,FL,ASO,ES,Towers with Radar,557,84,87,1,729,1,12,59,1,73,558,96,146,2,802,0,0,0,802
05/22/2015,FLL,FL,ASO,ES,Towers with Radar,570,97,110,1,778,0,24,58,0,82,570,121,168,1,860,0,0,0,860
05/23/2015,FLL,FL,ASO,ES,Towers with Radar,525,73,48,2,648,0,8,36,0,44,525,81,84,2,692,0,0,0,692
05/24/2015,FLL,FL,ASO,ES,Towers with Radar,481,56,51,0,588,0,6,20,0,26,481,62,71,0,614,0,0,0,614
05/25/2015,FLL,FL,ASO,ES,Towers with Radar,523,81,80,0,684,0,24,63,2,89,523,105,143,2,773,0,0,0,773
05/26/2015,FLL,FL,ASO,ES,Towers with Radar,522,85,64,2,673,0,10,44,0,54,522,95,108,2,727,0,0,0,727
05/27/2015,FLL,FL,ASO,ES,Towers with Radar,526,85,85,2,698,1,18,50,0,69,527,103,135,2,767,0,0,0,767
05/28/2015,FLL,FL,ASO,ES,Towers with Radar,550,92,78,0,720,0,11,23,0,34,550,103,101,0,754,0,0,0,754
05/29/2015,FLL,FL,ASO,ES,Towers with Radar,562,83,68,0,713,1,9,35,0,45,563,92,103,0,758,0,0,0,758
05/30/2015,FLL,FL,ASO,ES,Towers with Radar,540,64,37,0,641,0,12,31,0,43,540,76,68,0,684,0,0,0,684
05/31/2015,FLL,FL,ASO,ES,Towers with Radar,518,64,44,0,626,0,4,39,0,43,518,68,83,0,669,0,0,0,669
06/01/2015,FLL,FL,ASO,ES,Towers with Radar,531,84,64,0,679,0,12,33,0,45,531,96,97,0,724,0,0,0,724
06/02/2015,FLL,FL,ASO,ES,Towers with Radar,524,66,56,0,646,0,14,27,0,41,524,80,83,0,687,0,0,0,687
06/03/2015,FLL,FL,ASO,ES,Towers with Radar,536,80,68,0,684,0,7,25,0,32,536,87,93,0,716,0,0,0,716
06/04/2015,FLL,FL,ASO,ES,Towers with Radar,534,82,81,0,697,0,16,34,0,50,534,98,115,0,747,0,0,0,747
06/05/2015,FLL,FL,ASO,ES,Towers with Radar,554,89,80,1,724,0,11,31,0,42,554,100,111,1,766,0,0,0,766
06/06/2015,FLL,FL,ASO,ES,Towers with Radar,534,61,51,2,648,0,17,9,2,28,534,78,60,4,676,0,0,0,676
06/07/2015,FLL,FL,ASO,ES,Towers with Radar,526,69,83,2,680,0,7,17,0,24,526,76,100,2,704,0,0,0,704
06/08/2015,FLL,FL,ASO,ES,Towers with Radar,543,73,60,2,678,0,7,38,0,45,543,80,98,2,723,0,0,0,723
06/09/2015,FLL,FL,ASO,ES,Towers with Radar,533,81,52,2,668,0,17,38,0,55,533,98,90,2,723,0,0,0,723
06/10/2015,FLL,FL,ASO,ES,Towers with Radar,532,83,62,3,680,0,14,29,2,45,532,97,91,5,725,0,0,0,725
06/11/2015,FLL,FL,ASO,ES,Towers with Radar,545,86,72,0,703,1,12,48,2,63,546,98,120,2,766,0,0,0,766
06/12/2015,FLL,FL,ASO,ES,Towers with Radar,561,94,67,1,723,0,16,38,0,54,561,110,105,1,777,0,0,0,777
06/13/2015,FLL,FL,ASO,ES,Towers with Radar,542,56,71,0,669,0,8,25,0,33,542,64,96,0,702,0,0,0,702
06/14/2015,FLL,FL,ASO,ES,Towers with Radar,518,76,79,0,673,0,6,25,0,31,518,82,104,0,704,0,0,0,704
06/15/2015,FLL,FL,ASO,ES,Towers with Radar,534,80,50,0,664,0,14,32,2,48,534,94,82,2,712,0,0,0,712
06/16/2015,FLL,FL,ASO,ES,Towers with Radar,525,86,46,0,657,0,15,34,0,49,525,101,80,0,706,0,0,0,706
06/17/2015,FLL,FL,ASO,ES,Towers with Radar,523,78,49,0,650,0,4,41,0,45,523,82,90,0,695,0,0,0,695
06/18/2015,FLL,FL,ASO,ES,Towers with Radar,524,88,75,0,687,1,7,40,0,48,525,95,115,0,735,0,0,0,735
06/19/2015,FLL,FL,ASO,ES,Towers with Radar,568,97,68,2,735,0,13,42,2,57,568,110,110,4,792,0,0,0,792
06/20/2015,FLL,FL,ASO,ES,Towers with Radar,536,88,47,0,671,0,10,32,0,42,536,98,79,0,713,0,0,0,713
06/21/2015,FLL,FL,ASO,ES,Towers with Radar,543,69,62,1,675,0,13,39,0,52,543,82,101,1,727,0,0,0,727
06/22/2015,FLL,FL,ASO,ES,Towers with Radar,547,74,61,1,683,1,12,44,0,57,548,86,105,1,740,0,0,0,740
06/23/2015,FLL,FL,ASO,ES,Towers with Radar,526,76,55,0,657,0,6,29,0,35,526,82,84,0,692,0,0,0,692
06/24/2015,FLL,FL,ASO,ES,Towers with Radar,547,90,63,0,700,0,8,43,0,51,547,98,106,0,751,0,0,0,751
06/25/2015,FLL,FL,ASO,ES,Towers with Radar,559,93,66,0,718,0,8,32,0,40,559,101,98,0,758,0,0,0,758
06/26/2015,FLL,FL,ASO,ES,Towers with Radar,574,101,72,0,747,1,13,50,0,64,575,114,122,0,811,0,0,0,811
06/27/2015,FLL,FL,ASO,ES,Towers with Radar,574,75,60,0,709,0,6,36,0,42,574,81,96,0,751,0,0,0,751
06/28/2015,FLL,FL,ASO,ES,Towers with Radar,555,79,77,3,714,0,10,35,1,46,555,89,112,4,760,0,0,0,760
06/29/2015,FLL,FL,ASO,ES,Towers with Radar,550,88,57,1,696,0,11,35,0,46,550,99,92,1,742,0,0,0,742
06/30/2015,FLL,FL,ASO,ES,Towers with Radar,525,78,62,0,665,0,9,38,4,51,525,87,100,4,716,0,0,0,716
07/01/2015,FLL,FL,ASO,ES,Towers with Radar,534,75,68,0,677,0,8,38,0,46,534,83,106,0,723,0,0,0,723
07/02/2015,FLL,FL,ASO,ES,Towers with Radar,564,79,75,2,720,0,14,43,0,57,564,93,118,2,777,0,0,0,777
07/03/2015,FLL,FL,ASO,ES,Towers with Radar,555,76,60,1,692,0,10,23,1,34,555,86,83,2,726,0,0,0,726
07/04/2015,FLL,FL,ASO,ES,Towers with Radar,501,56,32,0,589,0,6,17,0,23,501,62,49,0,612,0,0,0,612
07/05/2015,FLL,FL,ASO,ES,Towers with Radar,551,70,89,0,710,0,8,38,0,46,551,78,127,0,756,0,0,0,756
07/06/2015,FLL,FL,ASO,ES,Towers with Radar,556,79,46,0,681,0,12,36,0,48,556,91,82,0,729,0,0,0,729
07/07/2015,FLL,FL,ASO,ES,Towers with Radar,536,81,48,2,667,0,7,26,0,33,536,88,74,2,700,0,0,0,700
07/08/2015,FLL,FL,ASO,ES,Towers with Radar,547,81,57,0,685,0,8,47,0,55,547,89,104,0,740,0,0,0,740
07/09/2015,FLL,FL,ASO,ES,Towers with Radar,550,74,71,0,695,0,8,45,0,53,550,82,116,0,748,0,0,0,748
07/10/2015,FLL,FL,ASO,ES,Towers with Radar,566,89,68,3,726,0,5,24,0,29,566,94,92,3,755,0,0,0,755
07/11/2015,FLL,FL,ASO,ES,Towers with Radar,557,61,42,0,660,0,4,20,0,24,557,65,62,0,684,0,0,0,684
07/12/2015,FLL,FL,ASO,ES,Towers with Radar,542,70,81,1,694,0,12,27,0,39,542,82,108,1,733,0,0,0,733
07/13/2015,FLL,FL,ASO,ES,Towers with Radar,545,73,44,0,662,1,13,20,0,34,546,86,64,0,696,0,0,0,696
07/14/2015,FLL,FL,ASO,ES,Towers with Radar,544,73,49,1,667,1,11,22,1,35,545,84,71,2,702,0,0,0,702
07/15/2015,FLL,FL,ASO,ES,Towers with Radar,574,81,57,0,712,0,8,18,0,26,574,89,75,0,738,0,0,0,738
07/16/2015,FLL,FL,ASO,ES,Towers with Radar,567,99,63,3,732,0,9,25,0,34,567,108,88,3,766,0,0,0,766
07/17/2015,FLL,FL,ASO,ES,Towers with Radar,583,88,70,1,742,0,12,26,0,38,583,100,96,1,780,0,0,0,780
07/18/2015,FLL,FL,ASO,ES,Towers with Radar,540,75,65,0,680,0,17,25,0,42,540,92,90,0,722,0,0,0,722
07/19/2015,FLL,FL,ASO,ES,Towers with Radar,546,74,75,0,695,1,6,32,0,39,547,80,107,0,734,0,0,0,734
07/20/2015,FLL,FL,ASO,ES,Towers with Radar,564,75,62,1,702,0,11,32,1,44,564,86,94,2,746,0,0,0,746
07/21/2015,FLL,FL,ASO,ES,Towers with Radar,557,72,57,1,687,0,19,27,0,46,557,91,84,1,733,0,0,0,733
07/22/2015,FLL,FL,ASO,ES,Towers with Radar,573,86,52,0,711,0,16,22,2,40,573,102,74,2,751,0,0,0,751
07/23/2015,FLL,FL,ASO,ES,Towers with Radar,562,84,68,0,714,0,7,19,0,26,562,91,87,0,740,0,0,0,740
07/24/2015,FLL,FL,ASO,ES,Towers with Radar,585,92,88,0,765,1,19,40,0,60,586,111,128,0,825,0,0,0,825
07/25/2015,FLL,FL,ASO,ES,Towers with Radar,561,73,46,0,680,0,7,21,0,28,561,80,67,0,708,0,0,0,708
07/26/2015,FLL,FL,ASO,ES,Towers with Radar,554,71,59,0,684,0,9,18,0,27,554,80,77,0,711,0,0,0,711
07/27/2015,FLL,FL,ASO,ES,Towers with Radar,579,75,61,0,715,0,21,29,0,50,579,96,90,0,765,0,0,0,765
07/28/2015,FLL,FL,ASO,ES,Towers with Radar,553,76,66,0,695,0,7,37,0,44,553,83,103,0,739,0,0,0,739
07/29/2015,FLL,FL,ASO,ES,Towers with Radar,560,89,86,0,735,0,10,20,2,32,560,99,106,2,767,0,0,0,767
07/30/2015,FLL,FL,ASO,ES,Towers with Radar,550,75,63,0,688,0,7,23,1,31,550,82,86,1,719,0,0,0,719
07/31/2015,FLL,FL,ASO,ES,Towers with Radar,602,107,87,0,796,0,13,30,0,43,602,120,117,0,839,0,0,0,839
08/01/2015,FLL,FL,ASO,ES,Towers with Radar,567,64,62,0,693,0,10,25,0,35,567,74,87,0,728,0,0,0,728
08/02/2015,FLL,FL,ASO,ES,Towers with Radar,557,72,53,1,683,0,6,35,0,41,557,78,88,1,724,0,0,0,724
08/03/2015,FLL,FL,ASO,ES,Towers with Radar,572,68,56,1,697,1,8,17,0,26,573,76,73,1,723,0,0,0,723
08/04/2015,FLL,FL,ASO,ES,Towers with Radar,544,80,65,2,691,0,9,20,0,29,544,89,85,2,720,0,0,0,720
08/05/2015,FLL,FL,ASO,ES,Towers with Radar,544,86,57,1,688,0,12,32,0,44,544,98,89,1,732,0,0,0,732
08/06/2015,FLL,FL,ASO,ES,Towers with Radar,560,76,62,1,699,0,7,40,0,47,560,83,102,1,746,0,0,0,746
08/07/2015,FLL,FL,ASO,ES,Towers with Radar,565,97,77,0,739,1,9,61,0,71,566,106,138,0,810,0,0,0,810
08/08/2015,FLL,FL,ASO,ES,Towers with Radar,585,71,40,0,696,0,8,33,0,41,585,79,73,0,737,0,0,0,737
08/09/2015,FLL,FL,ASO,ES,Towers with Radar,532,77,75,0,684,0,9,35,0,44,532,86,110,0,728,0,0,0,728
08/10/2015,FLL,FL,ASO,ES,Towers with Radar,561,87,84,0,732,0,9,50,0,59,561,96,134,0,791,0,0,0,791
08/11/2015,FLL,FL,ASO,ES,Towers with Radar,520,74,68,0,662,0,9,34,0,43,520,83,102,0,705,0,0,0,705
08/12/2015,FLL,FL,ASO,ES,Towers with Radar,539,73,57,0,669,0,8,36,0,44,539,81,93,0,713,0,0,0,713
08/13/2015,FLL,FL,ASO,ES,Towers with Radar,538,85,77,0,700,0,8,32,0,40,538,93,109,0,740,0,0,0,740
08/14/2015,FLL,FL,ASO,ES,Towers with Radar,541,90,57,0,688,0,12,18,0,30,541,102,75,0,718,0,0,0,718
08/15/2015,FLL,FL,ASO,ES,Towers with Radar,501,73,47,0,621,0,13,28,0,41,501,86,75,0,662,0,0,0,662
08/16/2015,FLL,FL,ASO,ES,Towers with Radar,524,75,56,0,655,0,8,27,0,35,524,83,83,0,690,0,0,0,690
08/17/2015,FLL,FL,ASO,ES,Towers with Radar,534,79,46,0,659,0,7,14,0,21,534,86,60,0,680,0,0,0,680
08/18/2015,FLL,FL,ASO,ES,Towers with Radar,513,71,49,0,633,1,12,16,2,31,514,83,65,2,664,0,0,0,664
08/19/2015,FLL,FL,ASO,ES,Towers with Radar,509,61,43,2,615,0,10,40,2,52,509,71,83,4,667,0,0,0,667
08/20/2015,FLL,FL,ASO,ES,Towers with Radar,509,65,51,1,626,0,6,32,0,38,509,71,83,1,664,0,0,0,664
08/21/2015,FLL,FL,ASO,ES,Towers with Radar,545,80,64,2,691,0,10,18,0,28,545,90,82,2,719,0,0,0,719
08/22/2015,FLL,FL,ASO,ES,Towers with Radar,511,44,54,0,609,0,6,10,0,16,511,50,64,0,625,0,0,0,625
08/23/2015,FLL,FL,ASO,ES,Towers with Radar,512,53,54,0,619,0,5,17,0,22,512,58,71,0,641,0,0,0,641
08/24/2015,FLL,FL,ASO,ES,Towers with Radar,514,54,48,0,616,0,3,27,0,30,514,57,75,0,646,0,0,0,646
08/25/2015,FLL,FL,ASO,ES,Towers with Radar,509,66,65,2,642,0,8,36,0,44,509,74,101,2,686,0,0,0,686
08/26/2015,FLL,FL,ASO,ES,Towers with Radar,486,71,66,5,628,0,7,26,1,34,486,78,92,6,662,0,0,0,662
08/27/2015,FLL,FL,ASO,ES,Towers with Radar,536,67,66,1,670,0,8,31,1,40,536,75,97,2,710,0,0,0,710
08/28/2015,FLL,FL,ASO,ES,Towers with Radar,529,79,71,0,679,0,6,31,0,37,529,85,102,0,716,0,0,0,716
08/29/2015,FLL,FL,ASO,ES,Towers with Radar,494,62,33,2,591,1,2,16,0,19,495,64,49,2,610,0,0,0,610
08/30/2015,FLL,FL,ASO,ES,Towers with Radar,502,43,30,0,575,0,0,0,0,0,502,43,30,0,575,0,0,0,575
08/31/2015,FLL,FL,ASO,ES,Towers with Radar,526,58,35,1,620,1,14,11,0,26,527,72,46,1,646,0,0,0,646
09/01/2015,FLL,FL,ASO,ES,Towers with Radar,491,65,67,1,624,0,9,22,1,32,491,74,89,2,656,0,0,0,656
09/02/2015,FLL,FL,ASO,ES,Towers with Radar,496,62,50,0,608,0,11,30,0,41,496,73,80,0,649,0,0,0,649
09/03/2015,FLL,FL,ASO,ES,Towers with Radar,504,71,70,0,645,0,9,33,0,42,504,80,103,0,687,0,0,0,687
09/04/2015,FLL,FL,ASO,ES,Towers with Radar,527,82,74,0,683,0,17,53,0,70,527,99,127,0,753,0,0,0,753
09/05/2015,FLL,FL,ASO,ES,Towers with Radar,472,51,56,1,580,0,2,39,0,41,472,53,95,1,621,0,0,0,621
09/06/2015,FLL,FL,ASO,ES,Towers with Radar,470,44,38,0,552,0,2,16,0,18,470,46,54,0,570,0,0,0,570
09/07/2015,FLL,FL,ASO,ES,Towers with Radar,490,56,68,0,614,0,11,37,0,48,490,67,105,0,662,0,0,0,662
09/08/2015,FLL,FL,ASO,ES,Towers with Radar,465,49,65,0,579,0,5,24,0,29,465,54,89,0,608,0,0,0,608
09/09/2015,FLL,FL,ASO,ES,Towers with Radar,451,50,52,0,553,1,11,40,0,52,452,61,92,0,605,0,0,0,605
09/10/2015,FLL,FL,ASO,ES,Towers with Radar,446,68,53,0,567,0,5,33,0,38,446,73,86,0,605,0,0,0,605
09/11/2015,FLL,FL,ASO,ES,Towers with Radar,492,74,61,0,627,2,6,26,0,34,494,80,87,0,661,0,0,0,661
09/12/2015,FLL,FL,ASO,ES,Towers with Radar,441,38,28,0,507,0,7,14,0,21,441,45,42,0,528,0,0,0,528
09/13/2015,FLL,FL,ASO,ES,Towers with Radar,474,48,59,0,581,0,2,21,0,23,474,50,80,0,604,0,0,0,604
09/14/2015,FLL,FL,ASO,ES,Towers with Radar,469,56,45,0,570,0,7,20,0,27,469,63,65,0,597,0,0,0,597
09/15/2015,FLL,FL,ASO,ES,Towers with Radar,432,69,47,0,548,1,6,17,0,24,433,75,64,0,572,0,0,0,572
09/16/2015,FLL,FL,ASO,ES,Towers with Radar,451,68,52,0,571,1,7,15,0,23,452,75,67,0,594,0,0,0,594
09/17/2015,FLL,FL,ASO,ES,Towers with Radar,466,68,54,1,589,0,2,15,0,17,466,70,69,1,606,0,0,0,606
09/18/2015,FLL,FL,ASO,ES,Towers with Radar,509,81,69,5,664,0,7,29,0,36,509,88,98,5,700,0,0,0,700
09/19/2015,FLL,FL,ASO,ES,Towers with Radar,468,50,46,0,564,0,5,19,0,24,468,55,65,0,588,0,0,0,588
09/20/2015,FLL,FL,ASO,ES,Towers with Radar,481,56,57,3,597,0,2,23,1,26,481,58,80,4,623,0,0,0,623
09/21/2015,FLL,FL,ASO,ES,Towers with Radar,475,64,47,0,586,0,13,24,0,37,475,77,71,0,623,0,0,0,623
09/22/2015,FLL,FL,ASO,ES,Towers with Radar,451,70,52,0,573,0,4,19,0,23,451,74,71,0,596,0,0,0,596
09/23/2015,FLL,FL,ASO,ES,Towers with Radar,440,66,58,0,564,0,8,20,2,30,440,74,78,2,594,0,0,0,594
09/24/2015,FLL,FL,ASO,ES,Towers with Radar,461,62,75,1,599,0,2,22,0,24,461,64,97,1,623,0,0,0,623
09/25/2015,FLL,FL,ASO,ES,Towers with Radar,503,68,70,3,644,0,7,21,1,29,503,75,91,4,673,0,0,0,673
09/26/2015,FLL,FL,ASO,ES,Towers with Radar,471,42,43,1,557,1,7,9,0,17,472,49,52,1,574,0,0,0,574
09/27/2015,FLL,FL,ASO,ES,Towers with Radar,481,53,63,2,599,0,2,30,0,32,481,55,93,2,631,0,0,0,631
09/28/2015,FLL,FL,ASO,ES,Towers with Radar,488,56,64,1,609,0,6,29,3,38,488,62,93,4,647,0,0,0,647
09/29/2015,FLL,FL,ASO,ES,Towers with Radar,464,57,47,0,568,0,9,18,0,27,464,66,65,0,595,0,0,0,595
09/30/2015,FLL,FL,ASO,ES,Towers with Radar,475,57,54,3,589,0,10,26,0,36,475,67,80,3,625,0,0,0,625
10/01/2015,FLL,FL,ASO,ES,Towers with Radar,485,53,56,0,594,1,9,39,2,51,486,62,95,2,645,0,0,0,645
10/02/2015,FLL,FL,ASO,ES,Towers with Radar,494,66,65,0,625,0,5,17,0,22,494,71,82,0,647,0,0,0,647
10/03/2015,FLL,FL,ASO,ES,Towers with Radar,505,33,57,0,595,1,7,19,0,27,506,40,76,0,622,0,0,0,622
10/04/2015,FLL,FL,ASO,ES,Towers with Radar,496,44,49,0,589,0,2,24,0,26,496,46,73,0,615,0,0,0,615
10/05/2015,FLL,FL,ASO,ES,Towers with Radar,507,59,58,1,625,0,7,41,0,48,507,66,99,1,673,0,0,0,673
10/06/2015,FLL,FL,ASO,ES,Towers with Radar,474,76,54,1,605,0,11,32,0,43,474,87,86,1,648,0,0,0,648
10/07/2015,FLL,FL,ASO,ES,Towers with Radar,492,61,74,0,627,0,4,34,0,38,492,65,108,0,665,0,0,0,665
10/08/2015,FLL,FL,ASO,ES,Towers with Radar,502,61,77,0,640,0,9,29,0,38,502,70,106,0,678,0,0,0,678
10/09/2015,FLL,FL,ASO,ES,Towers with Radar,507,65,84,0,656,0,9,46,0,55,507,74,130,0,711,0,0,0,711
10/10/2015,FLL,FL,ASO,ES,Towers with Radar,532,37,59,1,629,0,6,11,0,17,532,43,70,1,646,0,0,0,646
10/11/2015,FLL,FL,ASO,ES,Towers with Radar,506,49,72,1,628,0,2,25,0,27,506,51,97,1,655,0,0,0,655
10/12/2015,FLL,FL,ASO,ES,Towers with Radar,521,68,75,0,664,0,9,32,2,43,521,77,107,2,707,0,0,0,707
10/13/2015,FLL,FL,ASO,ES,Towers with Radar,484,51,52,0,587,0,7,26,0,33,484,58,78,0,620,0,0,0,620
10/14/2015,FLL,FL,ASO,ES,Towers with Radar,493,61,65,0,619,0,9,24,0,33,493,70,89,0,652,0,0,0,652
10/15/2015,FLL,FL,ASO,ES,Towers with Radar,503,73,61,0,637,0,9,19,0,28,503,82,80,0,665,0,0,0,665
10/16/2015,FLL,FL,ASO,ES,Towers with Radar,520,76,68,0,664,0,13,22,0,35,520,89,90,0,699,0,0,0,699
10/17/2015,FLL,FL,ASO,ES,Towers with Radar,499,42,40,0,581,0,7,15,0,22,499,49,55,0,603,0,0,0,603
10/18/2015,FLL,FL,ASO,ES,Towers with Radar,484,58,63,0,605,0,3,11,0,14,484,61,74,0,619,0,0,0,619
10/19/2015,FLL,FL,ASO,ES,Towers with Radar,510,47,50,0,607,1,7,7,0,15,511,54,57,0,622,0,0,0,622
10/20/2015,FLL,FL,ASO,ES,Towers with Radar,479,57,61,0,597,0,7,22,0,29,479,64,83,0,626,0,0,0,626
10/21/2015,FLL,FL,ASO,ES,Towers with Radar,485,55,76,0,616,0,4,29,0,33,485,59,105,0,649,0,0,0,649
10/22/2015,FLL,FL,ASO,ES,Towers with Radar,500,57,57,1,615,0,15,23,0,38,500,72,80,1,653,0,0,0,653
10/23/2015,FLL,FL,ASO,ES,Towers with Radar,507,71,68,0,646,0,11,35,0,46,507,82,103,0,692,0,0,0,692
10/24/2015,FLL,FL,ASO,ES,Towers with Radar,492,42,36,1,571,0,3,24,1,28,492,45,60,2,599,0,0,0,599
10/25/2015,FLL,FL,ASO,ES,Towers with Radar,504,59,64,3,630,0,4,29,0,33,504,63,93,3,663,0,0,0,663
10/26/2015,FLL,FL,ASO,ES,Towers with Radar,528,54,45,0,627,0,13,23,0,36,528,67,68,0,663,0,0,0,663
10/27/2015,FLL,FL,ASO,ES,Towers with Radar,479,60,56,0,595,0,8,39,3,50,479,68,95,3,645,0,0,0,645
10/28/2015,FLL,FL,ASO,ES,Towers with Radar,500,69,57,0,626,0,6,24,2,32,500,75,81,2,658,0,0,0,658
10/29/2015,FLL,FL,ASO,ES,Towers with Radar,473,54,54,1,582,0,5,31,0,36,473,59,85,1,618,0,0,0,618
10/30/2015,FLL,FL,ASO,ES,Towers with Radar,544,75,66,1,686,1,4,32,2,39,545,79,98,3,725,0,0,0,725
10/31/2015,FLL,FL,ASO,ES,Towers with Radar,492,38,37,3,570,0,8,19,0,27,492,46,56,3,597,0,0,0,597
11/01/2015,FLL,FL,ASO,ES,Towers with Radar,537,56,69,0,662,0,6,23,0,29,537,62,92,0,691,0,0,0,691
11/02/2015,FLL,FL,ASO,ES,Towers with Radar,561,67,69,1,698,1,10,24,0,35,562,77,93,1,733,0,0,0,733
11/03/2015,FLL,FL,ASO,ES,Towers with Radar,510,67,60,0,637,0,11,25,0,36,510,78,85,0,673,0,0,0,673
11/04/2015,FLL,FL,ASO,ES,Towers with Radar,548,77,98,0,723,0,8,40,0,48,548,85,138,0,771,0,0,0,771
11/05/2015,FLL,FL,ASO,ES,Towers with Radar,570,89,125,2,786,0,11,33,2,46,570,100,158,4,832,0,0,0,832
11/06/2015,FLL,FL,ASO,ES,Towers with Radar,578,91,144,0,813,0,10,65,1,76,578,101,209,1,889,0,0,0,889
11/07/2015,FLL,FL,ASO,ES,Towers with Radar,584,56,119,0,759,0,8,32,3,43,584,64,151,3,802,0,0,0,802
11/08/2015,FLL,FL,ASO,ES,Towers with Radar,558,87,148,0,793,0,4,44,1,49,558,91,192,1,842,0,0,0,842
11/09/2015,FLL,FL,ASO,ES,Towers with Radar,564,71,107,0,742,0,11,39,0,50,564,82,146,0,792,0,0,0,792
11/10/2015,FLL,FL,ASO,ES,Towers with Radar,534,75,108,0,717,0,6,22,0,28,534,81,130,0,745,0,0,0,745
11/11/2015,FLL,FL,ASO,ES,Towers with Radar,551,69,67,0,687,0,13,44,0,57,551,82,111,0,744,0,0,0,744
11/12/2015,FLL,FL,ASO,ES,Towers with Radar,588,60,75,1,724,0,9,54,2,65,588,69,129,3,789,0,0,0,789
11/13/2015,FLL,FL,ASO,ES,Towers with Radar,592,84,73,0,749,0,14,24,2,40,592,98,97,2,789,0,0,0,789
11/14/2015,FLL,FL,ASO,ES,Towers with Radar,614,36,64,0,714,0,7,13,0,20,614,43,77,0,734,0,0,0,734
11/15/2015,FLL,FL,ASO,ES,Towers with Radar,575,47,80,0,702,0,13,22,0,35,575,60,102,0,737,0,0,0,737
11/16/2015,FLL,FL,ASO,ES,Towers with Radar,579,72,60,2,713,0,9,20,2,31,579,81,80,4,744,0,0,0,744
11/17/2015,FLL,FL,ASO,ES,Towers with Radar,553,61,76,1,691,0,6,42,0,48,553,67,118,1,739,0,0,0,739
11/18/2015,FLL,FL,ASO,ES,Towers with Radar,574,65,81,2,722,0,15,19,0,34,574,80,100,2,756,0,0,0,756
11/19/2015,FLL,FL,ASO,ES,Towers with Radar,597,70,67,3,737,0,10,20,2,32,597,80,87,5,769,0,0,0,769
11/20/2015,FLL,FL,ASO,ES,Towers with Radar,614,83,80,2,779,0,10,23,0,33,614,93,103,2,812,0,0,0,812
11/21/2015,FLL,FL,ASO,ES,Towers with Radar,615,55,65,1,736,0,10,33,0,43,615,65,98,1,779,0,0,0,779
11/22/2015,FLL,FL,ASO,ES,Towers with Radar,592,69,73,0,734,1,8,25,8,42,593,77,98,8,776,0,0,0,776
11/23/2015,FLL,FL,ASO,ES,Towers with Radar,591,60,74,0,725,0,8,33,1,42,591,68,107,1,767,0,0,0,767
11/24/2015,FLL,FL,ASO,ES,Towers with Radar,604,75,97,0,776,0,16,23,0,39,604,91,120,0,815,0,0,0,815
11/25/2015,FLL,FL,ASO,ES,Towers with Radar,635,79,84,1,799,0,15,50,3,68,635,94,134,4,867,0,0,0,867
11/26/2015,FLL,FL,ASO,ES,Towers with Radar,493,40,46,0,579,0,3,12,0,15,493,43,58,0,594,0,0,0,594
11/27/2015,FLL,FL,ASO,ES,Towers with Radar,561,56,50,0,667,0,17,24,0,41,561,73,74,0,708,0,0,0,708
11/28/2015,FLL,FL,ASO,ES,Towers with Radar,651,67,55,0,773,1,7,20,0,28,652,74,75,0,801,0,0,0,801
11/29/2015,FLL,FL,ASO,ES,Towers with Radar,647,94,129,0,870,0,16,49,0,65,647,110,178,0,935,0,0,0,935
11/30/2015,FLL,FL,ASO,ES,Towers with Radar,634,73,79,0,786,1,6,13,0,20,635,79,92,0,806,0,0,0,806
12/01/2015,FLL,FL,ASO,ES,Towers with Radar,575,70,84,0,729,0,4,28,0,32,575,74,112,0,761,0,0,0,761
12/02/2015,FLL,FL,ASO,ES,Towers with Radar,590,71,95,1,757,1,15,33,0,49,591,86,128,1,806,0,0,0,806
12/03/2015,FLL,FL,ASO,ES,Towers with Radar,637,84,93,1,815,3,8,16,0,27,640,92,109,1,842,0,0,0,842
12/04/2015,FLL,FL,ASO,ES,Towers with Radar,629,84,59,0,772,0,6,13,0,19,629,90,72,0,791,0,0,0,791
12/05/2015,FLL,FL,ASO,ES,Towers with Radar,616,53,50,0,719,0,0,8,0,8,616,53,58,0,727,0,0,0,727
12/06/2015,FLL,FL,ASO,ES,Towers with Radar,586,64,69,1,720,0,5,29,1,35,586,69,98,2,755,0,0,0,755
12/07/2015,FLL,FL,ASO,ES,Towers with Radar,617,73,68,2,760,1,7,10,3,21,618,80,78,5,781,0,0,0,781
12/08/2015,FLL,FL,ASO,ES,Towers with Radar,567,73,85,0,725,0,3,17,1,21,567,76,102,1,746,0,0,0,746
12/09/2015,FLL,FL,ASO,ES,Towers with Radar,592,66,71,0,729,1,13,32,3,49,593,79,103,3,778,0,0,0,778
12/10/2015,FLL,FL,ASO,ES,Towers with Radar,623,75,56,0,754,0,10,39,2,51,623,85,95,2,805,0,0,0,805
12/11/2015,FLL,FL,ASO,ES,Towers with Radar,624,76,94,2,796,0,14,33,0,47,624,90,127,2,843,0,0,0,843
12/12/2015,FLL,FL,ASO,ES,Towers with Radar,620,70,45,0,735,0,3,26,0,29,620,73,71,0,764,0,0,0,764
12/13/2015,FLL,FL,ASO,ES,Towers with Radar,590,63,66,2,721,0,8,21,0,29,590,71,87,2,750,0,0,0,750
12/14/2015,FLL,FL,ASO,ES,Towers with Radar,609,76,74,0,759,1,12,28,2,43,610,88,102,2,802,0,0,0,802
12/15/2015,FLL,FL,ASO,ES,Towers with Radar,574,79,68,0,721,0,7,37,0,44,574,86,105,0,765,0,0,0,765
12/16/2015,FLL,FL,ASO,ES,Towers with Radar,622,79,73,0,774,0,9,33,5,47,622,88,106,5,821,0,0,0,821
12/17/2015,FLL,FL,ASO,ES,Towers with Radar,652,81,91,0,824,2,9,29,3,43,654,90,120,3,867,0,0,0,867
12/18/2015,FLL,FL,ASO,ES,Towers with Radar,692,85,91,0,868,0,24,22,0,46,692,109,113,0,914,0,0,0,914
12/19/2015,FLL,FL,ASO,ES,Towers with Radar,762,83,74,0,919,1,6,31,0,38,763,89,105,0,957,0,0,0,957
12/20/2015,FLL,FL,ASO,ES,Towers with Radar,716,85,91,2,894,0,13,14,0,27,716,98,105,2,921,0,0,0,921
12/21/2015,FLL,FL,ASO,ES,Towers with Radar,701,81,71,0,853,0,9,25,2,36,701,90,96,2,889,0,0,0,889
12/22/2015,FLL,FL,ASO,ES,Towers with Radar,703,73,74,0,850,0,16,27,0,43,703,89,101,0,893,0,0,0,893
12/23/2015,FLL,FL,ASO,ES,Towers with Radar,716,92,72,0,880,0,17,35,0,52,716,109,107,0,932,0,0,0,932
12/24/2015,FLL,FL,ASO,ES,Towers with Radar,680,64,45,1,790,0,7,16,1,24,680,71,61,2,814,0,0,0,814
12/25/2015,FLL,FL,ASO,ES,Towers with Radar,629,75,33,0,737,0,0,10,0,10,629,75,43,0,747,0,0,0,747
12/26/2015,FLL,FL,ASO,ES,Towers with Radar,731,101,157,0,989,0,7,33,0,40,731,108,190,0,1029,0,0,0,1029
12/27/2015,FLL,FL,ASO,ES,Towers with Radar,719,114,136,0,969,0,12,55,0,67,719,126,191,0,1036,0,0,0,1036
12/28/2015,FLL,FL,ASO,ES,Towers with Radar,698,106,79,0,883,0,14,31,0,45,698,120,110,0,928,0,0,0,928
12/29/2015,FLL,FL,ASO,ES,Towers with Radar,677,82,82,1,842,0,19,41,3,63,677,101,123,4,905,0,0,0,905
12/30/2015,FLL,FL,ASO,ES,Towers with Radar,718,89,94,0,901,0,18,45,0,63,718,107,139,0,964,0,0,0,964
12/31/2015,FLL,FL,ASO,ES,Towers with Radar,676,74,73,0,823,1,12,27,0,40,677,86,100,0,863,0,0,0,863
01/01/2016,FLL,FL,ASO,ES,Towers with Radar,654,87,61,0,802,0,9,41,0,50,654,96,102,0,852,0,0,0,852
01/02/2016,FLL,FL,ASO,ES,Towers with Radar,734,133,131,1,999,0,25,40,0,65,734,158,171,1,1064,0,0,0,1064
01/03/2016,FLL,FL,ASO,ES,Towers with Radar,780,120,172,0,1072,0,15,49,1,65,780,135,221,1,1137,0,0,0,1137
01/04/2016,FLL,FL,ASO,ES,Towers with Radar,711,83,93,1,888,0,10,31,1,42,711,93,124,2,930,0,0,0,930
01/05/2016,FLL,FL,ASO,ES,Towers with Radar,613,82,80,2,777,0,8,13,2,23,613,90,93,4,800,0,0,0,800
01/06/2016,FLL,FL,ASO,ES,Towers with Radar,634,69,71,0,774,1,4,15,0,20,635,73,86,0,794,0,0,0,794
01/07/2016,FLL,FL,ASO,ES,Towers with Radar,656,80,109,1,846,0,10,32,0,42,656,90,141,1,888,0,0,0,888
01/08/2016,FLL,FL,ASO,ES,Towers with Radar,666,89,90,2,847,0,14,40,0,54,666,103,130,2,901,0,0,0,901
01/09/2016,FLL,FL,ASO,ES,Towers with Radar,697,67,60,0,824,0,12,27,0,39,697,79,87,0,863,0,0,0,863
01/10/2016,FLL,FL,ASO,ES,Towers with Radar,640,77,95,0,812,0,9,24,0,33,640,86,119,0,845,0,0,0,845
01/11/2016,FLL,FL,ASO,ES,Towers with Radar,670,69,72,2,813,0,10,25,0,35,670,79,97,2,848,0,0,0,848
01/12/2016,FLL,FL,ASO,ES,Towers with Radar,627,75,60,0,762,0,13,21,0,34,627,88,81,0,796,0,0,0,796
01/13/2016,FLL,FL,ASO,ES,Towers with Radar,620,81,78,0,779,1,14,41,7,63,621,95,119,7,842,0,0,0,842
01/14/2016,FLL,FL,ASO,ES,Towers with Radar,655,83,106,2,846,1,13,19,4,37,656,96,125,6,883,0,0,0,883
01/15/2016,FLL,FL,ASO,ES,Towers with Radar,665,91,123,0,879,0,9,12,2,23,665,100,135,2,902,0,0,0,902
01/16/2016,FLL,FL,ASO,ES,Towers with Radar,640,71,77,0,788,0,12,41,0,53,640,83,118,0,841,0,0,0,841
01/17/2016,FLL,FL,ASO,ES,Towers with Radar,660,81,68,0,809,0,2,16,0,18,660,83,84,0,827,0,0,0,827
01/18/2016,FLL,FL,ASO,ES,Towers with Radar,656,76,74,0,806,0,13,31,1,45,656,89,105,1,851,0,0,0,851
01/19/2016,FLL,FL,ASO,ES,Towers with Radar,599,79,63,0,741,2,9,25,2,38,601,88,88,2,779,0,0,0,779
01/20/2016,FLL,FL,ASO,ES,Towers with Radar,616,83,60,0,759,0,11,39,0,50,616,94,99,0,809,0,0,0,809
01/21/2016,FLL,FL,ASO,ES,Towers with Radar,641,82,93,2,818,0,11,44,0,55,641,93,137,2,873,0,0,0,873
01/22/2016,FLL,FL,ASO,ES,Towers with Radar,591,85,84,0,760,1,0,3,0,4,592,85,87,0,764,0,0,0,764
01/23/2016,FLL,FL,ASO,ES,Towers with Radar,510,60,44,0,614,0,4,16,0,20,510,64,60,0,634,0,0,0,634
01/24/2016,FLL,FL,ASO,ES,Towers with Radar,538,85,62,4,689,0,8,27,0,35,538,93,89,4,724,0,0,0,724
01/25/2016,FLL,FL,ASO,ES,Towers with Radar,615,86,68,0,769,0,13,28,0,41,615,99,96,0,810,0,0,0,810
01/26/2016,FLL,FL,ASO,ES,Towers with Radar,601,83,92,0,776,0,14,25,0,39,601,97,117,0,815,0,0,0,815
01/27/2016,FLL,FL,ASO,ES,Towers with Radar,619,76,86,0,781,0,6,7,0,13,619,82,93,0,794,0,0,0,794
01/28/2016,FLL,FL,ASO,ES,Towers with Radar,664,73,73,2,812,0,3,2,0,5,664,76,75,2,817,0,0,0,817
01/29/2016,FLL,FL,ASO,ES,Towers with Radar,660,87,92,0,839,0,17,34,0,51,660,104,126,0,890,0,0,0,890
01/30/2016,FLL,FL,ASO,ES,Towers with Radar,680,58,45,0,783,0,10,32,0,42,680,68,77,0,825,0,0,0,825
01/31/2016,FLL,FL,ASO,ES,Towers with Radar,627,77,65,0,769,0,13,30,0,43,627,90,95,0,812,0,0,0,812
02/01/2016,FLL,FL,ASO,ES,Towers with Radar,631,83,80,0,794,0,3,8,1,12,631,86,88,1,806,0,0,0,806
02/02/2016,FLL,FL,ASO,ES,Towers with Radar,595,85,63,2,745,0,14,33,3,50,595,99,96,5,795,0,0,0,795
02/03/2016,FLL,FL,ASO,ES,Towers with Radar,612,77,70,0,759,0,19,31,2,52,612,96,101,2,811,0,0,0,811
02/04/2016,FLL,FL,ASO,ES,Towers with Radar,643,80,76,1,800,0,17,25,1,43,643,97,101,2,843,0,0,0,843
02/05/2016,FLL,FL,ASO,ES,Towers with Radar,638,87,99,0,824,0,7,28,0,35,638,94,127,0,859,0,0,0,859
02/06/2016,FLL,FL,ASO,ES,Towers with Radar,687,64,58,0,809,0,7,26,4,37,687,71,84,4,846,0,0,0,846
02/07/2016,FLL,FL,ASO,ES,Towers with Radar,627,64,55,0,746,0,6,29,1,36,627,70,84,1,782,0,0,0,782
02/08/2016,FLL,FL,ASO,ES,Towers with Radar,621,70,62,1,754,0,11,46,0,57,621,81,108,1,811,0,0,0,811
02/09/2016,FLL,FL,ASO,ES,Towers with Radar,607,72,69,3,751,0,10,24,0,34,607,82,93,3,785,0,0,0,785
02/10/2016,FLL,FL,ASO,ES,Towers with Radar,637,66,70,0,773,0,10,36,1,47,637,76,106,1,820,0,0,0,820
02/11/2016,FLL,FL,ASO,ES,Towers with Radar,675,95,100,1,871,0,24,41,2,67,675,119,141,3,938,0,0,0,938
02/12/2016,FLL,FL,ASO,ES,Towers with Radar,671,101,106,0,878,0,16,44,0,60,671,117,150,0,938,0,0,0,938
02/13/2016,FLL,FL,ASO,ES,Towers with Radar,710,81,82,0,873,0,12,27,0,39,710,93,109,0,912,0,0,0,912
02/14/2016,FLL,FL,ASO,ES,Towers with Radar,655,68,81,0,804,0,9,19,0,28,655,77,100,0,832,0,0,0,832
02/15/2016,FLL,FL,ASO,ES,Towers with Radar,622,96,126,0,844,0,5,41,0,46,622,101,167,0,890,0,0,0,890
02/16/2016,FLL,FL,ASO,ES,Towers with Radar,634,83,90,0,807,0,10,21,0,31,634,93,111,0,838,0,0,0,838
02/17/2016,FLL,FL,ASO,ES,Towers with Radar,693,99,83,0,875,0,12,60,2,74,693,111,143,2,949,0,0,0,949
02/18/2016,FLL,FL,ASO,ES,Towers with Radar,678,79,66,0,823,1,9,36,0,46,679,88,102,0,869,0,0,0,869
02/19/2016,FLL,FL,ASO,ES,Towers with Radar,675,91,90,1,857,0,14,39,1,54,675,105,129,2,911,0,0,0,911
02/20/2016,FLL,FL,ASO,ES,Towers with Radar,711,78,53,1,843,0,11,21,0,32,711,89,74,1,875,0,0,0,875
02/21/2016,FLL,FL,ASO,ES,Towers with Radar,672,84,75,0,831,1,14,33,0,48,673,98,108,0,879,0,0,0,879
02/22/2016,FLL,FL,ASO,ES,Towers with Radar,658,76,74,0,808,1,13,29,3,46,659,89,103,3,854,0,0,0,854
02/23/2016,FLL,FL,ASO,ES,Towers with Radar,640,76,67,0,783,0,11,8,1,20,640,87,75,1,803,0,0,0,803
02/24/2016,FLL,FL,ASO,ES,Towers with Radar,614,81,73,2,770,1,16,34,1,52,615,97,107,3,822,0,0,0,822
02/25/2016,FLL,FL,ASO,ES,Towers with Radar,678,80,97,3,858,0,17,54,1,72,678,97,151,4,930,0,0,0,930
02/26/2016,FLL,FL,ASO,ES,Towers with Radar,682,95,83,5,865,0,19,36,2,57,682,114,119,7,922,0,0,0,922
02/27/2016,FLL,FL,ASO,ES,Towers with Radar,726,77,60,0,863,0,10,32,0,42,726,87,92,0,905,0,0,0,905
02/28/2016,FLL,FL,ASO,ES,Towers with Radar,668,97,87,3,855,1,15,43,0,59,669,112,130,3,914,0,0,0,914
02/29/2016,FLL,FL,ASO,ES,Towers with Radar,661,74,66,0,801,0,11,23,0,34,661,85,89,0,835,0,0,0,835
03/01/2016,FLL,FL,ASO,ES,Towers with Radar,638,78,75,0,791,1,24,26,2,53,639,102,101,2,844,0,0,0,844
03/02/2016,FLL,FL,ASO,ES,Towers with Radar,659,70,74,1,804,0,22,38,2,62,659,92,112,3,866,0,0,0,866
03/03/2016,FLL,FL,ASO,ES,Towers with Radar,666,89,83,1,839,1,13,32,0,46,667,102,115,1,885,0,0,0,885
03/04/2016,FLL,FL,ASO,ES,Towers with Radar,689,102,80,2,873,0,17,46,0,63,689,119,126,2,936,0,0,0,936
03/05/2016,FLL,FL,ASO,ES,Towers with Radar,714,86,59,0,859,1,11,15,0,27,715,97,74,0,886,0,0,0,886
03/06/2016,FLL,FL,ASO,ES,Towers with Radar,692,98,79,0,869,0,16,34,0,50,692,114,113,0,919,0,0,0,919
03/07/2016,FLL,FL,ASO,ES,Towers with Radar,664,72,63,0,799,0,14,29,5,48,664,86,92,5,847,0,0,0,847
03/08/2016,FLL,FL,ASO,ES,Towers with Radar,632,84,66,0,782,0,18,33,2,53,632,102,99,2,835,0,0,0,835
03/09/2016,FLL,FL,ASO,ES,Towers with Radar,653,84,84,0,821,0,17,34,1,52,653,101,118,1,873,0,0,0,873
03/10/2016,FLL,FL,ASO,ES,Towers with Radar,677,94,96,1,868,0,11,40,2,53,677,105,136,3,921,0,0,0,921
03/11/2016,FLL,FL,ASO,ES,Towers with Radar,680,98,92,0,870,0,16,49,5,70,680,114,141,5,940,0,0,0,940
03/12/2016,FLL,FL,ASO,ES,Towers with Radar,737,87,62,0,886,0,18,42,0,60,737,105,104,0,946,0,0,0,946
03/13/2016,FLL,FL,ASO,ES,Towers with Radar,696,93,124,0,913,1,7,19,0,27,697,100,143,0,940,0,0,0,940
03/14/2016,FLL,FL,ASO,ES,Towers with Radar,662,90,51,1,804,2,11,56,4,73,664,101,107,5,877,0,0,0,877
03/15/2016,FLL,FL,ASO,ES,Towers with Radar,669,96,84,0,849,0,16,29,0,45,669,112,113,0,894,0,0,0,894
03/16/2016,FLL,FL,ASO,ES,Towers with Radar,677,88,89,0,854,1,21,39,2,63,678,109,128,2,917,0,0,0,917
03/17/2016,FLL,FL,ASO,ES,Towers with Radar,679,90,113,1,883,0,18,31,0,49,679,108,144,1,932,0,0,0,932
03/18/2016,FLL,FL,ASO,ES,Towers with Radar,690,119,130,2,941,1,27,73,2,103,691,146,203,4,1044,0,0,0,1044
03/19/2016,FLL,FL,ASO,ES,Towers with Radar,729,86,105,1,921,1,14,34,0,49,730,100,139,1,970,0,0,0,970
03/20/2016,FLL,FL,ASO,ES,Towers with Radar,704,97,137,3,941,0,17,53,0,70,704,114,190,3,1011,0,0,0,1011
03/21/2016,FLL,FL,ASO,ES,Towers with Radar,683,92,84,0,859,0,19,24,0,43,683,111,108,0,902,0,0,0,902
03/22/2016,FLL,FL,ASO,ES,Towers with Radar,665,85,89,1,840,0,20,37,2,59,665,105,126,3,899,0,0,0,899
03/23/2016,FLL,FL,ASO,ES,Towers with Radar,669,90,63,1,823,1,21,56,2,80,670,111,119,3,903,0,0,0,903
03/24/2016,FLL,FL,ASO,ES,Towers with Radar,659,112,120,0,891,1,13,25,0,39,660,125,145,0,930,0,0,0,930
03/25/2016,FLL,FL,ASO,ES,Towers with Radar,696,86,119,0,901,1,21,45,0,67,697,107,164,0,968,0,0,0,968
03/26/2016,FLL,FL,ASO,ES,Towers with Radar,731,83,72,0,886,0,15,44,0,59,731,98,116,0,945,0,0,0,945
03/27/2016,FLL,FL,ASO,ES,Towers with Radar,694,88,99,0,881,0,25,25,0,50,694,113,124,0,931,0,0,0,931
03/28/2016,FLL,FL,ASO,ES,Towers with Radar,674,95,106,0,875,0,17,51,1,69,674,112,157,1,944,0,0,0,944
03/29/2016,FLL,FL,ASO,ES,Towers with Radar,684,81,86,0,851,0,12,31,4,47,684,93,117,4,898,0,0,0,898
03/30/2016,FLL,FL,ASO,ES,Towers with Radar,672,94,91,0,857,0,12,36,4,52,672,106,127,4,909,0,0,0,909
03/31/2016,FLL,FL,ASO,ES,Towers with Radar,674,115,88,0,877,0,18,59,0,77,674,133,147,0,954,0,0,0,954
04/01/2016,FLL,FL,ASO,ES,Towers with Radar,669,110,71,0,850,1,23,40,1,65,670,133,111,1,915,0,0,0,915
04/02/2016,FLL,FL,ASO,ES,Towers with Radar,695,97,98,1,891,0,14,33,0,47,695,111,131,1,938,0,0,0,938
04/03/2016,FLL,FL,ASO,ES,Towers with Radar,681,99,136,0,916,2,18,32,0,52,683,117,168,0,968,0,0,0,968
04/04/2016,FLL,FL,ASO,ES,Towers with Radar,659,81,62,2,804,0,19,15,7,41,659,100,77,9,845,0,0,0,845
04/05/2016,FLL,FL,ASO,ES,Towers with Radar,639,83,69,2,793,0,18,30,2,50,639,101,99,4,843,0,0,0,843
04/06/2016,FLL,FL,ASO,ES,Towers with Radar,633,81,64,2,780,0,19,30,2,51,633,100,94,4,831,0,0,0,831
04/07/2016,FLL,FL,ASO,ES,Towers with Radar,660,98,89,0,847,0,14,39,0,53,660,112,128,0,900,0,0,0,900
04/08/2016,FLL,FL,ASO,ES,Towers with Radar,671,101,87,1,860,0,20,62,1,83,671,121,149,2,943,0,0,0,943
04/09/2016,FLL,FL,ASO,ES,Towers with Radar,683,86,74,1,844,0,13,43,0,56,683,99,117,1,900,0,0,0,900
04/10/2016,FLL,FL,ASO,ES,Towers with Radar,635,90,69,0,794,0,18,37,0,55,635,108,106,0,849,0,0,0,849
04/11/2016,FLL,FL,ASO,ES,Towers with Radar,630,89,82,1,802,0,24,35,1,60,630,113,117,2,862,0,0,0,862
04/12/2016,FLL,FL,ASO,ES,Towers with Radar,594,84,48,1,727,0,13,30,0,43,594,97,78,1,770,0,0,0,770
04/13/2016,FLL,FL,ASO,ES,Towers with Radar,618,87,58,2,765,0,17,30,3,50,618,104,88,5,815,0,0,0,815
04/14/2016,FLL,FL,ASO,ES,Towers with Radar,612,95,58,0,765,0,21,32,0,53,612,116,90,0,818,0,0,0,818
04/15/2016,FLL,FL,ASO,ES,Towers with Radar,633,87,100,0,820,0,23,57,2,82,633,110,157,2,902,0,0,0,902
04/16/2016,FLL,FL,ASO,ES,Towers with Radar,621,86,49,0,756,1,21,20,2,44,622,107,69,2,800,0,0,0,800
04/17/2016,FLL,FL,ASO,ES,Towers with Radar,604,75,89,0,768,1,20,48,2,71,605,95,137,2,839,0,0,0,839
04/18/2016,FLL,FL,ASO,ES,Towers with Radar,601,87,61,0,749,0,19,37,1,57,601,106,98,1,806,0,0,0,806
04/19/2016,FLL,FL,ASO,ES,Towers with Radar,588,96,52,0,736,0,17,37,0,54,588,113,89,0,790,0,0,0,790
04/20/2016,FLL,FL,ASO,ES,Towers with Radar,609,83,70,0,762,1,11,44,2,58,610,94,114,2,820,0,0,0,820
04/21/2016,FLL,FL,ASO,ES,Towers with Radar,611,97,78,2,788,0,12,43,3,58,611,109,121,5,846,0,0,0,846
04/22/2016,FLL,FL,ASO,ES,Towers with Radar,627,93,61,0,781,0,21,51,1,73,627,114,112,1,854,0,0,0,854
04/23/2016,FLL,FL,ASO,ES,Towers with Radar,638,78,42,0,758,0,23,23,0,46,638,101,65,0,804,0,0,0,804
04/24/2016,FLL,FL,ASO,ES,Towers with Radar,603,76,76,0,755,0,13,26,0,39,603,89,102,0,794,0,0,0,794
04/25/2016,FLL,FL,ASO,ES,Towers with Radar,615,80,53,0,748,0,18,24,2,44,615,98,77,2,792,0,0,0,792
04/26/2016,FLL,FL,ASO,ES,Towers with Radar,590,76,61,0,727,0,21,54,0,75,590,97,115,0,802,0,0,0,802
04/27/2016,FLL,FL,ASO,ES,Towers with Radar,608,91,80,1,780,0,19,45,0,64,608,110,125,1,844,0,0,0,844
04/28/2016,FLL,FL,ASO,ES,Towers with Radar,614,100,108,0,822,0,16,63,1,80,614,116,171,1,902,0,0,0,902
04/29/2016,FLL,FL,ASO,ES,Towers with Radar,615,97,76,2,790,0,16,50,1,67,615,113,126,3,857,0,0,0,857
04/30/2016,FLL,FL,ASO,ES,Towers with Radar,609,77,71,0,757,0,22,32,0,54,609,99,103,0,811,0,0,0,811
05/01/2016,FLL,FL,ASO,ES,Towers with Radar,582,98,89,1,770,1,12,44,1,58,583,110,133,2,828,0,0,0,828
05/02/2016,FLL,FL,ASO,ES,Towers with Radar,593,76,62,2,733,0,24,50,6,80,593,100,112,8,813,0,0,0,813
05/03/2016,FLL,FL,ASO,ES,Towers with Radar,601,89,57,1,748,0,14,37,3,54,601,103,94,4,802,0,0,0,802
05/04/2016,FLL,FL,ASO,ES,Towers with Radar,543,64,42,0,649,0,9,12,2,23,543,73,54,2,672,0,0,0,672
05/05/2016,FLL,FL,ASO,ES,Towers with Radar,623,84,78,0,785,0,19,37,16,72,623,103,115,16,857,0,0,0,857
05/06/2016,FLL,FL,ASO,ES,Towers with Radar,592,83,83,2,760,0,16,50,13,79,592,99,133,15,839,0,0,0,839
05/07/2016,FLL,FL,ASO,ES,Towers with Radar,581,70,44,0,695,1,19,18,9,47,582,89,62,9,742,0,0,0,742
05/08/2016,FLL,FL,ASO,ES,Towers with Radar,557,79,59,2,697,0,9,18,7,34,557,88,77,9,731,0,0,0,731
05/09/2016,FLL,FL,ASO,ES,Towers with Radar,583,76,71,4,734,0,22,31,0,53,583,98,102,4,787,0,0,0,787
05/10/2016,FLL,FL,ASO,ES,Towers with Radar,550,94,47,2,693,0,22,21,1,44,550,116,68,3,737,0,0,0,737
05/11/2016,FLL,FL,ASO,ES,Towers with Radar,576,85,57,0,718,0,20,48,1,69,576,105,105,1,787,0,0,0,787
05/12/2016,FLL,FL,ASO,ES,Towers with Radar,575,93,58,0,726,0,13,29,3,45,575,106,87,3,771,0,0,0,771
05/13/2016,FLL,FL,ASO,ES,Towers with Radar,590,82,69,0,741,1,23,45,1,70,591,105,114,1,811,0,0,0,811
05/14/2016,FLL,FL,ASO,ES,Towers with Radar,573,82,57,0,712,0,21,23,0,44,573,103,80,0,756,0,0,0,756
05/15/2016,FLL,FL,ASO,ES,Towers with Radar,568,70,83,0,721,0,22,25,0,47,568,92,108,0,768,0,0,0,768
05/16/2016,FLL,FL,ASO,ES,Towers with Radar,574,67,60,1,702,0,14,19,0,33,574,81,79,1,735,0,0,0,735
05/17/2016,FLL,FL,ASO,ES,Towers with Radar,552,71,57,0,680,0,19,15,0,34,552,90,72,0,714,0,0,0,714
05/18/2016,FLL,FL,ASO,ES,Towers with Radar,586,79,56,0,721,0,14,17,3,34,586,93,73,3,755,0,0,0,755
05/19/2016,FLL,FL,ASO,ES,Towers with Radar,576,87,73,0,736,0,18,30,6,54,576,105,103,6,790,0,0,0,790
05/20/2016,FLL,FL,ASO,ES,Towers with Radar,597,84,62,0,743,0,20,29,3,52,597,104,91,3,795,0,0,0,795
05/21/2016,FLL,FL,ASO,ES,Towers with Radar,581,73,50,0,704,0,24,19,4,47,581,97,69,4,751,0,0,0,751
05/22/2016,FLL,FL,ASO,ES,Towers with Radar,575,69,56,0,700,0,20,38,1,59,575,89,94,1,759,0,0,0,759
05/23/2016,FLL,FL,ASO,ES,Towers with Radar,583,69,61,0,713,0,16,30,2,48,583,85,91,2,761,0,0,0,761
05/24/2016,FLL,FL,ASO,ES,Towers with Radar,558,76,57,0,691,0,22,29,2,53,558,98,86,2,744,0,0,0,744
05/25/2016,FLL,FL,ASO,ES,Towers with Radar,578,76,50,2,706,0,17,43,1,61,578,93,93,3,767,0,0,0,767
05/26/2016,FLL,FL,ASO,ES,Towers with Radar,574,89,73,0,736,1,15,41,4,61,575,104,114,4,797,0,0,0,797
05/27/2016,FLL,FL,ASO,ES,Towers with Radar,593,95,88,0,776,0,27,62,0,89,593,122,150,0,865,0,0,0,865
05/28/2016,FLL,FL,ASO,ES,Towers with Radar,577,82,51,0,710,0,17,12,0,29,577,99,63,0,739,0,0,0,739
05/29/2016,FLL,FL,ASO,ES,Towers with Radar,516,69,27,0,612,0,11,18,0,29,516,80,45,0,641,0,0,0,641
05/30/2016,FLL,FL,ASO,ES,Towers with Radar,565,84,82,0,731,0,25,42,0,67,565,109,124,0,798,0,0,0,798
05/31/2016,FLL,FL,ASO,ES,Towers with Radar,531,75,64,0,670,0,17,29,0,46,531,92,93,0,716,0,0,0,716
06/01/2016,FLL,FL,ASO,ES,Towers with Radar,588,81,60,0,729,0,13,28,4,45,588,94,88,4,774,0,0,0,774
06/02/2016,FLL,FL,ASO,ES,Towers with Radar,577,85,56,0,718,0,16,38,0,54,577,101,94,0,772,0,0,0,772
06/03/2016,FLL,FL,ASO,ES,Towers with Radar,589,103,68,0,760,0,12,43,2,57,589,115,111,2,817,0,0,0,817
06/04/2016,FLL,FL,ASO,ES,Towers with Radar,573,64,56,3,696,0,20,24,3,47,573,84,80,6,743,0,0,0,743
06/05/2016,FLL,FL,ASO,ES,Towers with Radar,560,71,68,0,699,0,13,16,0,29,560,84,84,0,728,0,0,0,728
06/06/2016,FLL,FL,ASO,ES,Towers with Radar,592,66,46,0,704,0,19,17,3,39,592,85,63,3,743,0,0,0,743
06/07/2016,FLL,FL,ASO,ES,Towers with Radar,564,84,51,0,699,0,17,10,0,27,564,101,61,0,726,0,0,0,726
06/08/2016,FLL,FL,ASO,ES,Towers with Radar,599,82,75,0,756,0,12,27,1,40,599,94,102,1,796,0,0,0,796
06/09/2016,FLL,FL,ASO,ES,Towers with Radar,590,92,67,0,749,1,10,24,2,37,591,102,91,2,786,0,0,0,786
06/10/2016,FLL,FL,ASO,ES,Towers with Radar,590,75,81,0,746,0,26,25,3,54,590,101,106,3,800,0,0,0,800
06/11/2016,FLL,FL,ASO,ES,Towers with Radar,589,77,47,0,713,0,14,34,0,48,589,91,81,0,761,0,0,0,761
06/12/2016,FLL,FL,ASO,ES,Towers with Radar,559,61,76,0,696,0,12,36,0,48,559,73,112,0,744,0,0,0,744
06/13/2016,FLL,FL,ASO,ES,Towers with Radar,584,74,60,0,718,0,21,30,2,53,584,95,90,2,771,0,0,0,771
06/14/2016,FLL,FL,ASO,ES,Towers with Radar,568,71,59,0,698,0,14,23,3,40,568,85,82,3,738,0,0,0,738
06/15/2016,FLL,FL,ASO,ES,Towers with Radar,608,64,49,2,723,0,14,32,0,46,608,78,81,2,769,0,0,0,769
06/16/2016,FLL,FL,ASO,ES,Towers with Radar,588,74,48,0,710,0,9,38,1,48,588,83,86,1,758,0,0,0,758
06/17/2016,FLL,FL,ASO,ES,Towers with Radar,605,91,57,0,753,1,14,28,0,43,606,105,85,0,796,0,0,0,796
06/18/2016,FLL,FL,ASO,ES,Towers with Radar,602,65,54,0,721,0,19,34,0,53,602,84,88,0,774,0,0,0,774
06/19/2016,FLL,FL,ASO,ES,Towers with Radar,572,63,73,0,708,0,10,36,0,46,572,73,109,0,754,0,0,0,754
06/20/2016,FLL,FL,ASO,ES,Towers with Radar,583,65,61,0,709,0,19,24,1,44,583,84,85,1,753,0,0,0,753
06/21/2016,FLL,FL,ASO,ES,Towers with Radar,553,66,46,2,667,0,11,23,2,36,553,77,69,4,703,0,0,0,703
06/22/2016,FLL,FL,ASO,ES,Towers with Radar,590,76,57,2,725,2,22,30,1,55,592,98,87,3,780,0,0,0,780
06/23/2016,FLL,FL,ASO,ES,Towers with Radar,561,82,51,0,694,0,18,43,3,64,561,100,94,3,758,0,0,0,758
06/24/2016,FLL,FL,ASO,ES,Towers with Radar,595,86,62,0,743,0,18,37,0,55,595,104,99,0,798,0,0,0,798
06/25/2016,FLL,FL,ASO,ES,Towers with Radar,589,61,44,0,694,1,10,18,0,29,590,71,62,0,723,0,0,0,723
06/26/2016,FLL,FL,ASO,ES,Towers with Radar,567,73,68,0,708,0,12,27,0,39,567,85,95,0,747,0,0,0,747
06/27/2016,FLL,FL,ASO,ES,Towers with Radar,582,73,50,0,705,1,19,36,2,58,583,92,86,2,763,0,0,0,763
06/28/2016,FLL,FL,ASO,ES,Towers with Radar,555,68,63,0,686,1,10,27,3,41,556,78,90,3,727,0,0,0,727
06/29/2016,FLL,FL,ASO,ES,Towers with Radar,583,72,58,0,713,1,15,51,2,69,584,87,109,2,782,0,0,0,782
06/30/2016,FLL,FL,ASO,ES,Towers with Radar,598,83,80,0,761,0,17,22,0,39,598,100,102,0,800,0,0,0,800
07/01/2016,FLL,FL,ASO,ES,Towers with Radar,571,90,86,0,747,0,18,37,2,57,571,108,123,2,804,0,0,0,804
07/02/2016,FLL,FL,ASO,ES,Towers with Radar,584,62,69,0,715,1,12,18,0,31,585,74,87,0,746,0,0,0,746
07/03/2016,FLL,FL,ASO,ES,Towers with Radar,557,55,35,0,647,0,12,30,1,43,557,67,65,1,690,0,0,0,690
07/04/2016,FLL,FL,ASO,ES,Towers with Radar,546,62,40,0,648,0,20,29,0,49,546,82,69,0,697,0,0,0,697
07/05/2016,FLL,FL,ASO,ES,Towers with Radar,555,78,65,0,698,1,21,43,1,66,556,99,108,1,764,0,0,0,764
07/06/2016,FLL,FL,ASO,ES,Towers with Radar,583,70,54,0,707,0,6,44,2,52,583,76,98,2,759,0,0,0,759
07/07/2016,FLL,FL,ASO,ES,Towers with Radar,586,76,42,1,705,1,19,31,2,53,587,95,73,3,758,0,0,0,758
07/08/2016,FLL,FL,ASO,ES,Towers with Radar,581,83,72,1,737,0,19,46,3,68,581,102,118,4,805,0,0,0,805
07/09/2016,FLL,FL,ASO,ES,Towers with Radar,586,69,62,0,717,1,18,27,0,46,587,87,89,0,763,0,0,0,763
07/10/2016,FLL,FL,ASO,ES,Towers with Radar,582,78,57,2,719,1,11,22,0,34,583,89,79,2,753,0,0,0,753
07/11/2016,FLL,FL,ASO,ES,Towers with Radar,580,62,48,0,690,0,14,37,0,51,580,76,85,0,741,0,0,0,741
07/12/2016,FLL,FL,ASO,ES,Towers with Radar,571,77,58,1,707,0,16,10,2,28,571,93,68,3,735,0,0,0,735
07/13/2016,FLL,FL,ASO,ES,Towers with Radar,578,70,49,0,697,0,13,31,0,44,578,83,80,0,741,0,0,0,741
07/14/2016,FLL,FL,ASO,ES,Towers with Radar,593,78,63,1,735,0,21,49,0,70,593,99,112,1,805,0,0,0,805
07/15/2016,FLL,FL,ASO,ES,Towers with Radar,587,86,67,0,740,0,15,48,1,64,587,101,115,1,804,0,0,0,804
07/16/2016,FLL,FL,ASO,ES,Towers with Radar,584,71,49,0,704,0,9,12,0,21,584,80,61,0,725,0,0,0,725
07/17/2016,FLL,FL,ASO,ES,Towers with Radar,579,68,56,0,703,0,13,37,0,50,579,81,93,0,753,0,0,0,753
07/18/2016,FLL,FL,ASO,ES,Towers with Radar,568,68,58,0,694,0,28,28,0,56,568,96,86,0,750,0,0,0,750
07/19/2016,FLL,FL,ASO,ES,Towers with Radar,574,64,50,0,688,0,16,29,0,45,574,80,79,0,733,0,0,0,733
07/20/2016,FLL,FL,ASO,ES,Towers with Radar,575,73,51,0,699,0,11,34,0,45,575,84,85,0,744,0,0,0,744
07/21/2016,FLL,FL,ASO,ES,Towers with Radar,557,81,59,2,699,0,9,22,3,34,557,90,81,5,733,0,0,0,733
07/22/2016,FLL,FL,ASO,ES,Towers with Radar,570,98,68,0,736,1,16,24,0,41,571,114,92,0,777,0,0,0,777
07/23/2016,FLL,FL,ASO,ES,Towers with Radar,588,75,52,0,715,0,22,25,0,47,588,97,77,0,762,0,0,0,762
07/24/2016,FLL,FL,ASO,ES,Towers with Radar,583,77,53,0,713,0,12,37,2,51,583,89,90,2,764,0,0,0,764
07/25/2016,FLL,FL,ASO,ES,Towers with Radar,551,71,40,0,662,1,14,30,2,47,552,85,70,2,709,0,0,0,709
07/26/2016,FLL,FL,ASO,ES,Towers with Radar,586,71,53,0,710,0,24,43,0,67,586,95,96,0,777,0,0,0,777
07/27/2016,FLL,FL,ASO,ES,Towers with Radar,579,83,51,0,713,0,12,22,0,34,579,95,73,0,747,0,0,0,747
07/28/2016,FLL,FL,ASO,ES,Towers with Radar,568,85,69,0,722,0,17,49,6,72,568,102,118,6,794,0,0,0,794
07/29/2016,FLL,FL,ASO,ES,Towers with Radar,601,89,79,1,770,0,29,40,0,69,601,118,119,1,839,0,0,0,839
07/30/2016,FLL,FL,ASO,ES,Towers with Radar,568,76,63,2,709,0,15,42,4,61,568,91,105,6,770,0,0,0,770
07/31/2016,FLL,FL,ASO,ES,Towers with Radar,575,78,65,0,718,0,12,22,0,34,575,90,87,0,752,0,0,0,752
08/01/2016,FLL,FL,ASO,ES,Towers with Radar,594,72,44,3,713,0,29,29,2,60,594,101,73,5,773,0,0,0,773
08/02/2016,FLL,FL,ASO,ES,Towers with Radar,539,76,49,0,664,0,13,24,3,40,539,89,73,3,704,0,0,0,704
08/03/2016,FLL,FL,ASO,ES,Towers with Radar,606,69,65,0,740,1,21,29,3,54,607,90,94,3,794,0,0,0,794
08/04/2016,FLL,FL,ASO,ES,Towers with Radar,585,75,57,0,717,0,12,50,4,66,585,87,107,4,783,0,0,0,783
08/05/2016,FLL,FL,ASO,ES,Towers with Radar,594,87,54,0,735,0,10,30,1,41,594,97,84,1,776,0,0,0,776
08/06/2016,FLL,FL,ASO,ES,Towers with Radar,595,70,31,0,696,0,16,20,0,36,595,86,51,0,732,0,0,0,732
08/07/2016,FLL,FL,ASO,ES,Towers with Radar,562,70,61,0,693,0,17,27,0,44,562,87,88,0,737,0,0,0,737
08/08/2016,FLL,FL,ASO,ES,Towers with Radar,549,66,43,0,658,0,11,10,2,23,549,77,53,2,681,0,0,0,681
08/09/2016,FLL,FL,ASO,ES,Towers with Radar,542,73,53,2,670,0,22,17,3,42,542,95,70,5,712,0,0,0,712
08/10/2016,FLL,FL,ASO,ES,Towers with Radar,558,75,73,0,706,0,14,58,2,74,558,89,131,2,780,0,0,0,780
08/11/2016,FLL,FL,ASO,ES,Towers with Radar,563,91,66,0,720,0,14,24,6,44,563,105,90,6,764,0,0,0,764
08/12/2016,FLL,FL,ASO,ES,Towers with Radar,556,93,63,1,713,0,10,37,3,50,556,103,100,4,763,0,0,0,763
08/13/2016,FLL,FL,ASO,ES,Towers with Radar,571,66,27,2,666,1,8,25,0,34,572,74,52,2,700,0,0,0,700
08/14/2016,FLL,FL,ASO,ES,Towers with Radar,555,72,55,2,684,1,11,20,0,32,556,83,75,2,716,0,0,0,716
08/15/2016,FLL,FL,ASO,ES,Towers with Radar,563,73,61,1,698,0,15,42,3,60,563,88,103,4,758,0,0,0,758
08/16/2016,FLL,FL,ASO,ES,Towers with Radar,544,67,52,2,665,0,16,28,1,45,544,83,80,3,710,0,0,0,710
08/17/2016,FLL,FL,ASO,ES,Towers with Radar,557,70,62,1,690,0,8,43,0,51,557,78,105,1,741,0,0,0,741
08/18/2016,FLL,FL,ASO,ES,Towers with Radar,565,67,61,1,694,1,13,43,0,57,566,80,104,1,751,0,0,0,751
08/19/2016,FLL,FL,ASO,ES,Towers with Radar,549,71,52,1,673,0,10,58,1,69,549,81,110,2,742,0,0,0,742
08/20/2016,FLL,FL,ASO,ES,Towers with Radar,559,57,43,1,660,0,11,26,2,39,559,68,69,3,699,0,0,0,699
08/21/2016,FLL,FL,ASO,ES,Towers with Radar,542,61,41,1,645,0,9,39,0,48,542,70,80,1,693,0,0,0,693
08/22/2016,FLL,FL,ASO,ES,Towers with Radar,567,64,49,1,681,0,11,38,0,49,567,75,87,1,730,0,0,0,730
08/23/2016,FLL,FL,ASO,ES,Towers with Radar,536,58,60,0,654,0,11,37,2,50,536,69,97,2,704,0,0,0,704
08/24/2016,FLL,FL,ASO,ES,Towers with Radar,547,49,40,1,637,0,13,22,2,37,547,62,62,3,674,0,0,0,674
08/25/2016,FLL,FL,ASO,ES,Towers with Radar,548,71,50,0,669,0,10,21,1,32,548,81,71,1,701,0,0,0,701
08/26/2016,FLL,FL,ASO,ES,Towers with Radar,562,83,47,1,693,0,11,58,1,70,562,94,105,2,763,0,0,0,763
08/27/2016,FLL,FL,ASO,ES,Towers with Radar,571,66,27,2,666,1,8,25,0,34,572,74,52,2,700,0,0,0,700
08/28/2016,FLL,FL,ASO,ES,Towers with Radar,568,72,51,1,692,1,11,20,0,32,569,83,71,1,724,0,0,0,724
08/29/2016,FLL,FL,ASO,ES,Towers with Radar,580,71,42,3,696,0,29,28,2,59,580,100,70,5,755,0,0,0,755
08/30/2016,FLL,FL,ASO,ES,Towers with Radar,510,61,45,0,616,0,4,9,1,14,510,65,54,1,630,0,0,0,630
08/31/2016,FLL,FL,ASO,ES,Towers with Radar,539,60,61,0,660,0,12,29,1,42,539,72,90,1,702,0,0,0,702
09/01/2016,FLL,FL,ASO,ES,Towers with Radar,539,58,64,1,662,0,14,25,1,40,539,72,89,2,702,0,0,0,702
09/02/2016,FLL,FL,ASO,ES,Towers with Radar,554,91,64,1,710,1,18,33,4,56,555,109,97,5,766,0,0,0,766
09/03/2016,FLL,FL,ASO,ES,Towers with Radar,509,46,29,0,584,0,13,13,0,26,509,59,42,0,610,0,0,0,610
09/04/2016,FLL,FL,ASO,ES,Towers with Radar,487,56,33,0,576,1,8,18,0,27,488,64,51,0,603,0,0,0,603
09/05/2016,FLL,FL,ASO,ES,Towers with Radar,508,66,57,0,631,0,13,32,0,45,508,79,89,0,676,0,0,0,676
09/06/2016,FLL,FL,ASO,ES,Towers with Radar,491,68,62,0,621,0,8,33,1,42,491,76,95,1,663,0,0,0,663
09/07/2016,FLL,FL,ASO,ES,Towers with Radar,501,52,58,0,611,1,5,33,1,40,502,57,91,1,651,0,0,0,651
09/08/2016,FLL,FL,ASO,ES,Towers with Radar,511,68,57,0,636,1,13,40,1,55,512,81,97,1,691,0,0,0,691
09/09/2016,FLL,FL,ASO,ES,Towers with Radar,520,80,64,0,664,0,11,37,2,50,520,91,101,2,714,0,0,0,714
09/10/2016,FLL,FL,ASO,ES,Towers with Radar,477,48,40,0,565,0,11,8,0,19,477,59,48,0,584,0,0,0,584
09/11/2016,FLL,FL,ASO,ES,Towers with Radar,498,63,51,0,612,0,6,21,0,27,498,69,72,0,639,0,0,0,639
09/12/2016,FLL,FL,ASO,ES,Towers with Radar,510,60,41,0,611,0,16,22,0,38,510,76,63,0,649,0,0,0,649
09/13/2016,FLL,FL,ASO,ES,Towers with Radar,471,57,55,0,583,0,8,17,1,26,471,65,72,1,609,0,0,0,609
09/14/2016,FLL,FL,ASO,ES,Towers with Radar,492,57,50,0,599,0,14,18,2,34,492,71,68,2,633,0,0,0,633
09/15/2016,FLL,FL,ASO,ES,Towers with Radar,521,80,50,4,655,0,8,26,0,34,521,88,76,4,689,0,0,0,689
09/16/2016,FLL,FL,ASO,ES,Towers with Radar,526,72,60,2,660,0,15,47,3,65,526,87,107,5,725,0,0,0,725
09/17/2016,FLL,FL,ASO,ES,Towers with Radar,485,54,21,0,560,0,11,15,0,26,485,65,36,0,586,0,0,0,586
09/18/2016,FLL,FL,ASO,ES,Towers with Radar,503,65,39,0,607,0,6,23,0,29,503,71,62,0,636,0,0,0,636
09/19/2016,FLL,FL,ASO,ES,Towers with Radar,506,61,45,0,612,0,8,19,0,27,506,69,64,0,639,0,0,0,639
09/20/2016,FLL,FL,ASO,ES,Towers with Radar,489,59,51,0,599,0,10,28,5,43,489,69,79,5,642,0,0,0,642
09/21/2016,FLL,FL,ASO,ES,Towers with Radar,503,57,54,0,614,0,9,29,2,40,503,66,83,2,654,0,0,0,654
09/22/2016,FLL,FL,ASO,ES,Towers with Radar,531,72,71,2,676,0,8,27,0,35,531,80,98,2,711,0,0,0,711
09/23/2016,FLL,FL,ASO,ES,Towers with Radar,532,67,50,0,649,0,14,45,2,61,532,81,95,2,710,0,0,0,710
09/24/2016,FLL,FL,ASO,ES,Towers with Radar,490,53,30,0,573,0,4,18,0,22,490,57,48,0,595,0,0,0,595
09/25/2016,FLL,FL,ASO,ES,Towers with Radar,507,68,42,0,617,0,6,23,6,35,507,74,65,6,652,0,0,0,652
09/26/2016,FLL,FL,ASO,ES,Towers with Radar,509,61,68,0,638,1,13,17,0,31,510,74,85,0,669,0,0,0,669
09/27/2016,FLL,FL,ASO,ES,Towers with Radar,486,55,48,0,589,0,9,14,1,24,486,64,62,1,613,0,0,0,613
09/28/2016,FLL,FL,ASO,ES,Towers with Radar,497,50,37,1,585,0,13,34,6,53,497,63,71,7,638,0,0,0,638
09/29/2016,FLL,FL,ASO,ES,Towers with Radar,521,71,51,0,643,0,10,32,2,44,521,81,83,2,687,0,0,0,687
09/30/2016,FLL,FL,ASO,ES,Towers with Radar,545,75,52,2,674,0,11,26,2,39,545,86,78,4,713,0,0,0,713
10/01/2016,FLL,FL,ASO,ES,Towers with Radar,507,53,52,0,612,0,12,24,1,37,507,65,76,1,649,0,0,0,649
10/02/2016,FLL,FL,ASO,ES,Towers with Radar,509,55,51,0,615,0,6,18,1,25,509,61,69,1,640,0,0,0,640
10/03/2016,FLL,FL,ASO,ES,Towers with Radar,506,56,42,0,604,1,14,23,3,41,507,70,65,3,645,0,0,0,645
10/04/2016,FLL,FL,ASO,ES,Towers with Radar,481,45,49,0,575,0,16,25,0,41,481,61,74,0,616,0,0,0,616
10/05/2016,FLL,FL,ASO,ES,Towers with Radar,485,50,74,0,609,0,11,19,2,32,485,61,93,2,641,0,0,0,641
10/06/2016,FLL,FL,ASO,ES,Towers with Radar,81,4,8,0,93,0,0,3,0,3,81,4,11,0,96,0,0,0,96
10/07/2016,FLL,FL,ASO,ES,Towers with Radar,249,17,31,0,297,0,3,10,0,13,249,20,41,0,310,0,0,0,310
10/08/2016,FLL,FL,ASO,ES,Towers with Radar,539,50,56,0,645,0,10,32,0,42,539,60,88,0,687,0,0,0,687
10/09/2016,FLL,FL,ASO,ES,Towers with Radar,520,54,55,0,629,2,10,30,5,47,522,64,85,5,676,0,0,0,676
10/10/2016,FLL,FL,ASO,ES,Towers with Radar,537,60,63,0,660,0,14,22,0,36,537,74,85,0,696,0,0,0,696
10/11/2016,FLL,FL,ASO,ES,Towers with Radar,488,61,76,0,625,0,8,34,1,43,488,69,110,1,668,0,0,0,668
10/12/2016,FLL,FL,ASO,ES,Towers with Radar,518,62,73,0,653,0,19,23,0,42,518,81,96,0,695,0,0,0,695
10/13/2016,FLL,FL,ASO,ES,Towers with Radar,533,69,79,0,681,0,10,27,2,39,533,79,106,2,720,0,0,0,720
10/14/2016,FLL,FL,ASO,ES,Towers with Radar,552,75,75,0,702,0,11,57,0,68,552,86,132,0,770,0,0,0,770
10/15/2016,FLL,FL,ASO,ES,Towers with Radar,514,48,55,0,617,0,7,18,0,25,514,55,73,0,642,0,0,0,642
10/16/2016,FLL,FL,ASO,ES,Towers with Radar,521,72,59,0,652,0,11,20,3,34,521,83,79,3,686,0,0,0,686
10/17/2016,FLL,FL,ASO,ES,Towers with Radar,539,61,55,0,655,0,7,29,2,38,539,68,84,2,693,0,0,0,693
10/18/2016,FLL,FL,ASO,ES,Towers with Radar,497,68,66,4,635,0,11,23,5,39,497,79,89,9,674,0,0,0,674
10/19/2016,FLL,FL,ASO,ES,Towers with Radar,512,74,56,1,643,1,8,32,2,43,513,82,88,3,686,0,0,0,686
10/20/2016,FLL,FL,ASO,ES,Towers with Radar,534,85,111,0,730,0,12,27,0,39,534,97,138,0,769,0,0,0,769
10/21/2016,FLL,FL,ASO,ES,Towers with Radar,568,74,82,1,725,0,13,47,2,62,568,87,129,3,787,0,0,0,787
10/22/2016,FLL,FL,ASO,ES,Towers with Radar,543,52,46,0,641,0,10,36,0,46,543,62,82,0,687,0,0,0,687
10/23/2016,FLL,FL,ASO,ES,Towers with Radar,529,52,71,2,654,1,9,32,2,44,530,61,103,4,698,0,0,0,698
10/24/2016,FLL,FL,ASO,ES,Towers with Radar,538,64,63,0,665,1,10,24,0,35,539,74,87,0,700,0,0,0,700
10/25/2016,FLL,FL,ASO,ES,Towers with Radar,490,74,46,0,610,0,9,30,0,39,490,83,76,0,649,0,0,0,649
10/26/2016,FLL,FL,ASO,ES,Towers with Radar,501,76,55,0,632,1,11,35,0,47,502,87,90,0,679,0,0,0,679
10/27/2016,FLL,FL,ASO,ES,Towers with Radar,537,80,75,0,692,0,8,30,1,39,537,88,105,1,731,0,0,0,731
10/28/2016,FLL,FL,ASO,ES,Towers with Radar,534,77,66,2,679,0,13,18,0,31,534,90,84,2,710,0,0,0,710
10/29/2016,FLL,FL,ASO,ES,Towers with Radar,529,56,47,0,632,0,8,16,1,25,529,64,63,1,657,0,0,0,657
10/30/2016,FLL,FL,ASO,ES,Towers with Radar,549,72,50,0,671,0,2,13,0,15,549,74,63,0,686,0,0,0,686
10/31/2016,FLL,FL,ASO,ES,Towers with Radar,550,87,41,1,679,1,6,17,1,25,551,93,58,2,704,0,0,0,704
11/01/2016,FLL,FL,ASO,ES,Towers with Radar,518,80,58,1,657,0,10,17,2,29,518,90,75,3,686,0,0,0,686
11/02/2016,FLL,FL,ASO,ES,Towers with Radar,534,87,100,2,723,1,4,28,0,33,535,91,128,2,756,0,0,0,756
11/03/2016,FLL,FL,ASO,ES,Towers with Radar,567,136,194,0,897,0,5,38,2,45,567,141,232,2,942,0,0,0,942
11/04/2016,FLL,FL,ASO,ES,Towers with Radar,590,123,120,0,833,0,13,67,2,82,590,136,187,2,915,0,0,0,915
11/05/2016,FLL,FL,ASO,ES,Towers with Radar,557,78,91,0,726,0,4,42,0,46,557,82,133,0,772,0,0,0,772
11/06/2016,FLL,FL,ASO,ES,Towers with Radar,612,108,122,0,842,0,2,40,4,46,612,110,162,4,888,0,0,0,888
11/07/2016,FLL,FL,ASO,ES,Towers with Radar,597,72,75,0,744,0,11,19,0,30,597,83,94,0,774,0,0,0,774
11/08/2016,FLL,FL,ASO,ES,Towers with Radar,541,60,70,0,671,0,9,24,0,33,541,69,94,0,704,0,0,0,704
11/09/2016,FLL,FL,ASO,ES,Towers with Radar,575,74,68,0,717,0,8,32,2,42,575,82,100,2,759,0,0,0,759
11/10/2016,FLL,FL,ASO,ES,Towers with Radar,627,88,73,0,788,1,5,44,1,51,628,93,117,1,839,0,0,0,839
11/11/2016,FLL,FL,ASO,ES,Towers with Radar,630,96,74,0,800,0,14,36,0,50,630,110,110,0,850,0,0,0,850
11/12/2016,FLL,FL,ASO,ES,Towers with Radar,633,69,36,1,739,1,6,30,0,37,634,75,66,1,776,0,0,0,776
11/13/2016,FLL,FL,ASO,ES,Towers with Radar,624,76,68,1,769,0,4,30,0,34,624,80,98,1,803,0,0,0,803
11/14/2016,FLL,FL,ASO,ES,Towers with Radar,629,81,71,0,781,0,6,25,0,31,629,87,96,0,812,0,0,0,812
11/15/2016,FLL,FL,ASO,ES,Towers with Radar,586,76,64,0,726,0,4,24,0,28,586,80,88,0,754,0,0,0,754
11/16/2016,FLL,FL,ASO,ES,Towers with Radar,624,71,79,2,776,0,12,37,0,49,624,83,116,2,825,0,0,0,825
11/17/2016,FLL,FL,ASO,ES,Towers with Radar,636,80,78,0,794,0,6,44,1,51,636,86,122,1,845,0,0,0,845
11/18/2016,FLL,FL,ASO,ES,Towers with Radar,644,86,94,1,825,0,13,60,2,75,644,99,154,3,900,0,0,0,900
11/19/2016,FLL,FL,ASO,ES,Towers with Radar,650,69,82,0,801,0,3,22,0,25,650,72,104,0,826,0,0,0,826
11/20/2016,FLL,FL,ASO,ES,Towers with Radar,639,65,72,0,776,1,7,47,11,66,640,72,119,11,842,0,0,0,842
11/21/2016,FLL,FL,ASO,ES,Towers with Radar,652,86,73,0,811,0,9,45,0,54,652,95,118,0,865,0,0,0,865
11/22/2016,FLL,FL,ASO,ES,Towers with Radar,653,68,70,2,793,1,10,42,0,53,654,78,112,2,846,0,0,0,846
11/23/2016,FLL,FL,ASO,ES,Towers with Radar,667,75,80,4,826,0,8,51,0,59,667,83,131,4,885,0,0,0,885
11/24/2016,FLL,FL,ASO,ES,Towers with Radar,513,38,20,0,571,0,2,23,0,25,513,40,43,0,596,0,0,0,596
11/25/2016,FLL,FL,ASO,ES,Towers with Radar,596,62,49,0,707,0,14,30,0,44,596,76,79,0,751,0,0,0,751
11/26/2016,FLL,FL,ASO,ES,Towers with Radar,689,67,53,0,809,0,2,25,0,27,689,69,78,0,836,0,0,0,836
11/27/2016,FLL,FL,ASO,ES,Towers with Radar,689,101,118,4,912,1,10,43,0,54,690,111,161,4,966,0,0,0,966
11/28/2016,FLL,FL,ASO,ES,Towers with Radar,662,73,71,0,806,0,6,29,1,36,662,79,100,1,842,0,0,0,842
11/29/2016,FLL,FL,ASO,ES,Towers with Radar,620,60,69,1,750,0,6,34,1,41,620,66,103,2,791,0,0,0,791
11/30/2016,FLL,FL,ASO,ES,Towers with Radar,618,77,85,2,782,0,4,45,0,49,618,81,130,2,831,0,0,0,831
12/01/2016,FLL,FL,ASO,ES,Towers with Radar,648,80,72,1,801,0,6,34,0,40,648,86,106,1,841,0,0,0,841
12/02/2016,FLL,FL,ASO,ES,Towers with Radar,647,102,105,2,856,0,8,37,0,45,647,110,142,2,901,0,0,0,901
12/03/2016,FLL,FL,ASO,ES,Towers with Radar,630,88,81,0,799,0,4,32,0,36,630,92,113,0,835,0,0,0,835
12/04/2016,FLL,FL,ASO,ES,Towers with Radar,628,88,107,0,823,0,4,39,0,43,628,92,146,0,866,0,0,0,866
12/05/2016,FLL,FL,ASO,ES,Towers with Radar,644,86,66,0,796,0,7,30,0,37,644,93,96,0,833,0,0,0,833
12/06/2016,FLL,FL,ASO,ES,Towers with Radar,619,74,59,0,752,0,11,30,0,41,619,85,89,0,793,0,0,0,793
12/07/2016,FLL,FL,ASO,ES,Towers with Radar,635,70,79,1,785,0,3,38,0,41,635,73,117,1,826,0,0,0,826
12/08/2016,FLL,FL,ASO,ES,Towers with Radar,641,69,82,1,793,0,6,23,1,30,641,75,105,2,823,0,0,0,823
12/09/2016,FLL,FL,ASO,ES,Towers with Radar,655,92,77,0,824,0,7,20,1,28,655,99,97,1,852,0,0,0,852
12/10/2016,FLL,FL,ASO,ES,Towers with Radar,643,75,75,0,793,0,0,4,0,4,643,75,79,0,797,0,0,0,797
12/11/2016,FLL,FL,ASO,ES,Towers with Radar,623,86,101,0,810,1,8,23,0,32,624,94,124,0,842,0,0,0,842
12/12/2016,FLL,FL,ASO,ES,Towers with Radar,645,73,79,0,797,0,10,29,1,40,645,83,108,1,837,0,0,0,837
12/13/2016,FLL,FL,ASO,ES,Towers with Radar,631,76,53,0,760,0,6,41,2,49,631,82,94,2,809,0,0,0,809
12/14/2016,FLL,FL,ASO,ES,Towers with Radar,640,76,45,0,761,1,12,43,0,56,641,88,88,0,817,0,0,0,817
12/15/2016,FLL,FL,ASO,ES,Towers with Radar,685,77,83,0,845,0,5,30,0,35,685,82,113,0,880,0,0,0,880
12/16/2016,FLL,FL,ASO,ES,Towers with Radar,691,98,96,2,887,0,16,30,0,46,691,114,126,2,933,0,0,0,933
12/17/2016,FLL,FL,ASO,ES,Towers with Radar,692,76,59,0,827,0,7,29,0,36,692,83,88,0,863,0,0,0,863
12/18/2016,FLL,FL,ASO,ES,Towers with Radar,679,99,96,2,876,0,2,21,0,23,679,101,117,2,899,0,0,0,899
12/19/2016,FLL,FL,ASO,ES,Towers with Radar,725,87,63,7,882,0,7,33,0,40,725,94,96,7,922,0,0,0,922
12/20/2016,FLL,FL,ASO,ES,Towers with Radar,717,84,68,4,873,0,6,38,0,44,717,90,106,4,917,0,0,0,917
12/21/2016,FLL,FL,ASO,ES,Towers with Radar,766,68,90,1,925,0,10,16,2,28,766,78,106,3,953,0,0,0,953
12/22/2016,FLL,FL,ASO,ES,Towers with Radar,778,86,73,0,937,0,7,34,0,41,778,93,107,0,978,0,0,0,978
12/23/2016,FLL,FL,ASO,ES,Towers with Radar,792,110,86,0,988,0,10,42,0,52,792,120,128,0,1040,0,0,0,1040
12/24/2016,FLL,FL,ASO,ES,Towers with Radar,722,67,39,0,828,0,8,23,0,31,722,75,62,0,859,0,0,0,859
12/25/2016,FLL,FL,ASO,ES,Towers with Radar,667,55,23,0,745,0,1,12,0,13,667,56,35,0,758,0,0,0,758
12/26/2016,FLL,FL,ASO,ES,Towers with Radar,738,99,126,0,963,1,15,53,1,70,739,114,179,1,1033,0,0,0,1033
12/27/2016,FLL,FL,ASO,ES,Towers with Radar,777,100,103,0,980,0,20,63,0,83,777,120,166,0,1063,0,0,0,1063
12/28/2016,FLL,FL,ASO,ES,Towers with Radar,785,91,95,0,971,0,13,34,0,47,785,104,129,0,1018,0,0,0,1018
12/29/2016,FLL,FL,ASO,ES,Towers with Radar,782,88,71,0,941,0,17,63,0,80,782,105,134,0,1021,0,0,0,1021
12/30/2016,FLL,FL,ASO,ES,Towers with Radar,799,96,80,0,975,0,21,58,5,84,799,117,138,5,1059,0,0,0,1059
12/31/2016,FLL,FL,ASO,ES,Towers with Radar,728,50,65,0,843,0,9,38,0,47,728,59,103,0,890,0,0,0,890
01/01/2017,FLL,FL,ASO,ES,Towers with Radar,705,75,63,0,843,0,16,46,0,62,705,91,109,0,905,0,0,0,905
01/02/2017,FLL,FL,ASO,ES,Towers with Radar,726,100,149,1,976,2,26,73,1,102,728,126,222,2,1078,0,0,0,1078
01/03/2017,FLL,FL,ASO,ES,Towers with Radar,729,88,101,1,919,0,11,38,2,51,729,99,139,3,970,0,0,0,970
01/04/2017,FLL,FL,ASO,ES,Towers with Radar,702,89,74,3,868,0,13,29,0,42,702,102,103,3,910,0,0,0,910
01/05/2017,FLL,FL,ASO,ES,Towers with Radar,705,84,68,1,858,0,4,62,0,66,705,88,130,1,924,0,0,0,924
01/06/2017,FLL,FL,ASO,ES,Towers with Radar,359,48,43,0,450,0,9,30,1,40,359,57,73,1,490,0,0,0,490
01/07/2017,FLL,FL,ASO,ES,Towers with Radar,488,66,60,0,614,0,6,20,2,28,488,72,80,2,642,0,0,0,642
01/08/2017,FLL,FL,ASO,ES,Towers with Radar,727,91,80,0,898,2,3,21,0,26,729,94,101,0,924,0,0,0,924
01/09/2017,FLL,FL,ASO,ES,Towers with Radar,720,79,73,0,872,0,5,23,0,28,720,84,96,0,900,0,0,0,900
01/10/2017,FLL,FL,ASO,ES,Towers with Radar,677,84,73,0,834,0,4,24,0,28,677,88,97,0,862,0,0,0,862
01/11/2017,FLL,FL,ASO,ES,Towers with Radar,668,87,73,0,828,0,4,33,0,37,668,91,106,0,865,0,0,0,865
01/12/2017,FLL,FL,ASO,ES,Towers with Radar,711,81,63,0,855,0,12,28,0,40,711,93,91,0,895,0,0,0,895
01/13/2017,FLL,FL,ASO,ES,Towers with Radar,714,97,90,0,901,0,11,32,0,43,714,108,122,0,944,0,0,0,944
01/14/2017,FLL,FL,ASO,ES,Towers with Radar,701,67,49,0,817,0,2,17,0,19,701,69,66,0,836,0,0,0,836
01/15/2017,FLL,FL,ASO,ES,Towers with Radar,704,73,60,2,839,0,6,20,0,26,704,79,80,2,865,0,0,0,865
01/16/2017,FLL,FL,ASO,ES,Towers with Radar,690,94,76,0,860,0,10,25,0,35,690,104,101,0,895,0,0,0,895
01/17/2017,FLL,FL,ASO,ES,Towers with Radar,661,94,47,2,804,0,7,33,2,42,661,101,80,4,846,0,0,0,846
01/18/2017,FLL,FL,ASO,ES,Towers with Radar,674,73,83,0,830,0,9,44,0,53,674,82,127,0,883,0,0,0,883
01/19/2017,FLL,FL,ASO,ES,Towers with Radar,702,77,82,1,862,0,10,47,2,59,702,87,129,3,921,0,0,0,921
01/20/2017,FLL,FL,ASO,ES,Towers with Radar,716,100,80,0,896,0,8,22,0,30,716,108,102,0,926,0,0,0,926
01/21/2017,FLL,FL,ASO,ES,Towers with Radar,715,79,64,0,858,0,0,18,0,18,715,79,82,0,876,0,0,0,876
01/22/2017,FLL,FL,ASO,ES,Towers with Radar,697,78,67,0,842,0,3,20,0,23,697,81,87,0,865,0,0,0,865
01/23/2017,FLL,FL,ASO,ES,Towers with Radar,700,82,45,0,827,0,10,22,0,32,700,92,67,0,859,0,0,0,859
01/24/2017,FLL,FL,ASO,ES,Towers with Radar,673,99,67,2,841,0,6,30,2,38,673,105,97,4,879,0,0,0,879
01/25/2017,FLL,FL,ASO,ES,Towers with Radar,675,88,81,0,844,1,8,49,3,61,676,96,130,3,905,0,0,0,905
01/26/2017,FLL,FL,ASO,ES,Towers with Radar,699,103,90,4,896,0,5,52,1,58,699,108,142,5,954,0,0,0,954
01/27/2017,FLL,FL,ASO,ES,Towers with Radar,732,113,98,2,945,0,9,44,4,57,732,122,142,6,1002,0,0,0,1002
01/28/2017,FLL,FL,ASO,ES,Towers with Radar,710,87,66,0,863,0,7,32,2,41,710,94,98,2,904,0,0,0,904
01/29/2017,FLL,FL,ASO,ES,Towers with Radar,709,88,92,0,889,0,0,9,0,9,709,88,101,0,898,0,0,0,898
01/30/2017,FLL,FL,ASO,ES,Towers with Radar,707,71,53,0,831,0,7,31,0,38,707,78,84,0,869,0,0,0,869
01/31/2017,FLL,FL,ASO,ES,Towers with Radar,654,100,51,0,805,1,4,34,0,39,655,104,85,0,844,0,0,0,844
02/01/2017,FLL,FL,ASO,ES,Towers with Radar,673,76,74,0,823,0,13,45,0,58,673,89,119,0,881,0,0,0,881
02/02/2017,FLL,FL,ASO,ES,Towers with Radar,694,77,80,2,853,0,6,35,0,41,694,83,115,2,894,0,0,0,894
02/03/2017,FLL,FL,ASO,ES,Towers with Radar,718,110,78,2,908,0,17,48,0,65,718,127,126,2,973,0,0,0,973
02/04/2017,FLL,FL,ASO,ES,Towers with Radar,696,74,57,0,827,0,2,21,0,23,696,76,78,0,850,0,0,0,850
02/05/2017,FLL,FL,ASO,ES,Towers with Radar,679,99,103,2,883,0,7,34,0,41,679,106,137,2,924,0,0,0,924
02/06/2017,FLL,FL,ASO,ES,Towers with Radar,680,90,74,0,844,0,6,27,0,33,680,96,101,0,877,0,0,0,877
02/07/2017,FLL,FL,ASO,ES,Towers with Radar,658,85,71,0,814,0,11,40,0,51,658,96,111,0,865,0,0,0,865
02/08/2017,FLL,FL,ASO,ES,Towers with Radar,682,90,67,0,839,0,13,39,0,52,682,103,106,0,891,0,0,0,891
02/09/2017,FLL,FL,ASO,ES,Towers with Radar,586,84,95,0,765,0,5,40,0,45,586,89,135,0,810,0,0,0,810
02/10/2017,FLL,FL,ASO,ES,Towers with Radar,702,99,83,0,884,0,8,51,2,61,702,107,134,2,945,0,0,0,945
02/11/2017,FLL,FL,ASO,ES,Towers with Radar,707,89,81,2,879,1,3,17,4,25,708,92,98,6,904,0,0,0,904
02/12/2017,FLL,FL,ASO,ES,Towers with Radar,688,122,99,0,909,0,2,37,2,41,688,124,136,2,950,0,0,0,950
02/13/2017,FLL,FL,ASO,ES,Towers with Radar,696,70,60,0,826,0,5,38,0,43,696,75,98,0,869,0,0,0,869
02/14/2017,FLL,FL,ASO,ES,Towers with Radar,646,87,58,0,791,1,8,14,0,23,647,95,72,0,814,0,0,0,814
02/15/2017,FLL,FL,ASO,ES,Towers with Radar,681,85,88,0,854,0,7,43,0,50,681,92,131,0,904,0,0,0,904
02/16/2017,FLL,FL,ASO,ES,Towers with Radar,717,123,105,1,946,0,15,62,3,80,717,138,167,4,1026,0,0,0,1026
02/17/2017,FLL,FL,ASO,ES,Towers with Radar,730,122,128,1,981,0,16,56,2,74,730,138,184,3,1055,0,0,0,1055
02/18/2017,FLL,FL,ASO,ES,Towers with Radar,729,96,81,0,906,0,3,24,2,29,729,99,105,2,935,0,0,0,935
02/19/2017,FLL,FL,ASO,ES,Towers with Radar,741,129,108,0,978,1,5,32,0,38,742,134,140,0,1016,0,0,0,1016
02/20/2017,FLL,FL,ASO,ES,Towers with Radar,718,136,142,0,996,0,11,64,0,75,718,147,206,0,1071,0,0,0,1071
02/21/2017,FLL,FL,ASO,ES,Towers with Radar,703,107,91,2,903,1,11,29,1,42,704,118,120,3,945,0,0,0,945
02/22/2017,FLL,FL,ASO,ES,Towers with Radar,721,82,80,0,883,0,5,15,2,22,721,87,95,2,905,0,0,0,905
02/23/2017,FLL,FL,ASO,ES,Towers with Radar,744,89,96,1,930,0,9,41,4,54,744,98,137,5,984,0,0,0,984
02/24/2017,FLL,FL,ASO,ES,Towers with Radar,758,104,81,0,943,0,11,33,1,45,758,115,114,1,988,0,0,0,988
02/25/2017,FLL,FL,ASO,ES,Towers with Radar,718,78,57,0,853,0,2,25,1,28,718,80,82,1,881,0,0,0,881
02/26/2017,FLL,FL,ASO,ES,Towers with Radar,736,101,88,0,925,0,2,49,0,51,736,103,137,0,976,0,0,0,976
02/27/2017,FLL,FL,ASO,ES,Towers with Radar,727,90,68,0,885,0,10,46,0,56,727,100,114,0,941,0,0,0,941
02/28/2017,FLL,FL,ASO,ES,Towers with Radar,688,92,84,3,867,0,7,36,2,45,688,99,120,5,912,0,0,0,912
03/01/2017,FLL,FL,ASO,ES,Towers with Radar,699,98,85,0,882,0,9,25,0,34,699,107,110,0,916,0,0,0,916
03/02/2017,FLL,FL,ASO,ES,Towers with Radar,728,95,81,2,906,0,15,45,0,60,728,110,126,2,966,0,0,0,966
03/03/2017,FLL,FL,ASO,ES,Towers with Radar,740,103,106,0,949,1,20,38,0,59,741,123,144,0,1008,0,0,0,1008
03/04/2017,FLL,FL,ASO,ES,Towers with Radar,746,110,98,1,955,0,10,29,1,40,746,120,127,2,995,0,0,0,995
03/05/2017,FLL,FL,ASO,ES,Towers with Radar,728,119,110,1,958,0,5,25,0,30,728,124,135,1,988,0,0,0,988
03/06/2017,FLL,FL,ASO,ES,Towers with Radar,689,96,67,1,853,0,9,21,0,30,689,105,88,1,883,0,0,0,883
03/07/2017,FLL,FL,ASO,ES,Towers with Radar,688,106,68,0,862,2,11,41,2,56,690,117,109,2,918,0,0,0,918
03/08/2017,FLL,FL,ASO,ES,Towers with Radar,701,95,79,0,875,0,9,33,3,45,701,104,112,3,920,0,0,0,920
03/09/2017,FLL,FL,ASO,ES,Towers with Radar,737,101,105,0,943,0,10,57,5,72,737,111,162,5,1015,0,0,0,1015
03/10/2017,FLL,FL,ASO,ES,Towers with Radar,745,118,79,0,942,0,8,65,3,76,745,126,144,3,1018,0,0,0,1018
03/11/2017,FLL,FL,ASO,ES,Towers with Radar,793,86,85,0,964,0,11,42,0,53,793,97,127,0,1017,0,0,0,1017
03/12/2017,FLL,FL,ASO,ES,Towers with Radar,775,108,112,1,996,0,8,31,4,43,775,116,143,5,1039,0,0,0,1039
03/13/2017,FLL,FL,ASO,ES,Towers with Radar,710,90,67,1,868,0,8,39,0,47,710,98,106,1,915,0,0,0,915
03/14/2017,FLL,FL,ASO,ES,Towers with Radar,538,99,91,0,728,0,16,47,2,65,538,115,138,2,793,0,0,0,793
03/15/2017,FLL,FL,ASO,ES,Towers with Radar,709,88,91,1,889,0,12,37,0,49,709,100,128,1,938,0,0,0,938
03/16/2017,FLL,FL,ASO,ES,Towers with Radar,754,113,89,2,958,1,16,49,1,67,755,129,138,3,1025,0,0,0,1025
03/17/2017,FLL,FL,ASO,ES,Towers with Radar,758,110,84,3,955,0,21,36,4,61,758,131,120,7,1016,0,0,0,1016
03/18/2017,FLL,FL,ASO,ES,Towers with Radar,779,122,126,1,1028,0,8,34,3,45,779,130,160,4,1073,0,0,0,1073
03/19/2017,FLL,FL,ASO,ES,Towers with Radar,761,125,118,2,1006,0,12,38,2,52,761,137,156,4,1058,0,0,0,1058
03/20/2017,FLL,FL,ASO,ES,Towers with Radar,738,89,78,0,905,0,16,36,1,53,738,105,114,1,958,0,0,0,958
03/21/2017,FLL,FL,ASO,ES,Towers with Radar,720,100,65,1,886,0,11,35,0,46,720,111,100,1,932,0,0,0,932
03/22/2017,FLL,FL,ASO,ES,Towers with Radar,740,87,86,1,914,0,15,44,0,59,740,102,130,1,973,0,0,0,973
03/23/2017,FLL,FL,ASO,ES,Towers with Radar,744,97,93,2,936,1,9,24,0,34,745,106,117,2,970,0,0,0,970
03/24/2017,FLL,FL,ASO,ES,Towers with Radar,752,112,85,5,954,0,14,30,0,44,752,126,115,5,998,0,0,0,998
03/25/2017,FLL,FL,ASO,ES,Towers with Radar,781,93,60,0,934,0,11,34,0,45,781,104,94,0,979,0,0,0,979
03/26/2017,FLL,FL,ASO,ES,Towers with Radar,750,122,107,2,981,0,10,41,0,51,750,132,148,2,1032,0,0,0,1032
03/27/2017,FLL,FL,ASO,ES,Towers with Radar,730,78,66,1,875,0,6,40,0,46,730,84,106,1,921,0,0,0,921
03/28/2017,FLL,FL,ASO,ES,Towers with Radar,722,74,64,0,860,0,5,25,0,30,722,79,89,0,890,0,0,0,890
03/29/2017,FLL,FL,ASO,ES,Towers with Radar,721,88,62,0,871,0,9,24,2,35,721,97,86,2,906,0,0,0,906
03/30/2017,FLL,FL,ASO,ES,Towers with Radar,729,95,91,0,915,1,5,42,3,51,730,100,133,3,966,0,0,0,966
03/31/2017,FLL,FL,ASO,ES,Towers with Radar,740,99,67,0,906,0,11,45,0,56,740,110,112,0,962,0,0,0,962
04/01/2017,FLL,FL,ASO,ES,Towers with Radar,792,80,80,0,952,0,4,47,0,51,792,84,127,0,1003,0,0,0,1003
04/02/2017,FLL,FL,ASO,ES,Towers with Radar,751,100,98,0,949,0,5,47,0,52,751,105,145,0,1001,0,0,0,1001
04/03/2017,FLL,FL,ASO,ES,Towers with Radar,735,85,59,2,881,0,8,41,0,49,735,93,100,2,930,0,0,0,930
04/04/2017,FLL,FL,ASO,ES,Towers with Radar,697,81,55,0,833,0,10,20,3,33,697,91,75,3,866,0,0,0,866
04/05/2017,FLL,FL,ASO,ES,Towers with Radar,643,88,79,0,810,0,7,44,4,55,643,95,123,4,865,0,0,0,865
04/06/2017,FLL,FL,ASO,ES,Towers with Radar,677,97,120,0,894,0,11,30,0,41,677,108,150,0,935,0,0,0,935
04/07/2017,FLL,FL,ASO,ES,Towers with Radar,733,136,150,1,1020,0,9,71,0,80,733,145,221,1,1100,0,0,0,1100
04/08/2017,FLL,FL,ASO,ES,Towers with Radar,757,142,118,0,1017,0,10,42,1,53,757,152,160,1,1070,0,0,0,1070
04/09/2017,FLL,FL,ASO,ES,Towers with Radar,731,119,130,0,980,0,9,39,0,48,731,128,169,0,1028,0,0,0,1028
04/10/2017,FLL,FL,ASO,ES,Towers with Radar,710,87,80,0,877,1,11,37,0,49,711,98,117,0,926,0,0,0,926
04/11/2017,FLL,FL,ASO,ES,Towers with Radar,699,74,79,0,852,0,15,41,2,58,699,89,120,2,910,0,0,0,910
04/12/2017,FLL,FL,ASO,ES,Towers with Radar,710,85,62,0,857,0,13,52,0,65,710,98,114,0,922,0,0,0,922
04/13/2017,FLL,FL,ASO,ES,Towers with Radar,713,106,108,0,927,0,25,70,0,95,713,131,178,0,1022,0,0,0,1022
04/14/2017,FLL,FL,ASO,ES,Towers with Radar,739,108,115,0,962,0,14,48,2,64,739,122,163,2,1026,0,0,0,1026
04/15/2017,FLL,FL,ASO,ES,Towers with Radar,739,95,87,0,921,0,11,40,0,51,739,106,127,0,972,0,0,0,972
04/16/2017,FLL,FL,ASO,ES,Towers with Radar,726,115,105,0,946,0,16,48,0,64,726,131,153,0,1010,0,0,0,1010
04/17/2017,FLL,FL,ASO,ES,Towers with Radar,714,87,98,0,899,0,17,40,0,57,714,104,138,0,956,0,0,0,956
04/18/2017,FLL,FL,ASO,ES,Towers with Radar,697,85,68,0,850,0,12,34,0,46,697,97,102,0,896,0,0,0,896
04/19/2017,FLL,FL,ASO,ES,Towers with Radar,691,83,76,2,852,0,11,36,1,48,691,94,112,3,900,0,0,0,900
04/20/2017,FLL,FL,ASO,ES,Towers with Radar,704,90,88,1,883,0,11,34,0,45,704,101,122,1,928,0,0,0,928
04/21/2017,FLL,FL,ASO,ES,Towers with Radar,729,93,91,0,913,2,17,53,0,72,731,110,144,0,985,0,0,0,985
04/22/2017,FLL,FL,ASO,ES,Towers with Radar,737,74,60,0,871,0,6,37,0,43,737,80,97,0,914,0,0,0,914
04/23/2017,FLL,FL,ASO,ES,Towers with Radar,734,85,85,1,905,1,5,19,0,25,735,90,104,1,930,0,0,0,930
04/24/2017,FLL,FL,ASO,ES,Towers with Radar,746,93,74,0,913,0,17,49,0,66,746,110,123,0,979,0,0,0,979
04/25/2017,FLL,FL,ASO,ES,Towers with Radar,653,75,73,0,801,0,9,38,1,48,653,84,111,1,849,0,0,0,849
04/26/2017,FLL,FL,ASO,ES,Towers with Radar,648,82,79,0,809,0,4,39,3,46,648,86,118,3,855,0,0,0,855
04/27/2017,FLL,FL,ASO,ES,Towers with Radar,670,79,58,3,810,0,5,44,1,50,670,84,102,4,860,0,0,0,860
04/28/2017,FLL,FL,ASO,ES,Towers with Radar,672,97,92,0,861,1,6,37,4,48,673,103,129,4,909,0,0,0,909
04/29/2017,FLL,FL,ASO,ES,Towers with Radar,666,71,36,0,773,0,5,35,0,40,666,76,71,0,813,0,0,0,813
04/30/2017,FLL,FL,ASO,ES,Towers with Radar,668,90,75,0,833,0,3,46,0,49,668,93,121,0,882,0,0,0,882
05/01/2017,FLL,FL,ASO,ES,Towers with Radar,647,79,67,0,793,0,13,20,0,33,647,92,87,0,826,0,0,0,826
05/02/2017,FLL,FL,ASO,ES,Towers with Radar,636,69,61,0,766,0,6,20,2,28,636,75,81,2,794,0,0,0,794
05/03/2017,FLL,FL,ASO,ES,Towers with Radar,607,75,54,0,736,0,6,42,0,48,607,81,96,0,784,0,0,0,784
05/04/2017,FLL,FL,ASO,ES,Towers with Radar,646,76,62,2,786,1,13,51,0,65,647,89,113,2,851,0,0,0,851
05/05/2017,FLL,FL,ASO,ES,Towers with Radar,613,91,70,4,778,0,8,44,7,59,613,99,114,11,837,0,0,0,837
05/06/2017,FLL,FL,ASO,ES,Towers with Radar,637,74,47,0,758,0,9,36,7,52,637,83,83,7,810,0,0,0,810
05/07/2017,FLL,FL,ASO,ES,Towers with Radar,607,74,69,2,752,2,11,49,5,67,609,85,118,7,819,0,0,0,819
05/08/2017,FLL,FL,ASO,ES,Towers with Radar,625,79,56,2,762,0,9,35,0,44,625,88,91,2,806,0,0,0,806
05/09/2017,FLL,FL,ASO,ES,Towers with Radar,599,75,65,1,740,0,7,42,0,49,599,82,107,1,789,0,0,0,789
05/10/2017,FLL,FL,ASO,ES,Towers with Radar,597,75,69,0,741,0,4,42,0,46,597,79,111,0,787,0,0,0,787
05/11/2017,FLL,FL,ASO,ES,Towers with Radar,631,77,83,0,791,0,6,40,6,52,631,83,123,6,843,0,0,0,843
05/12/2017,FLL,FL,ASO,ES,Towers with Radar,635,86,90,0,811,1,6,41,0,48,636,92,131,0,859,0,0,0,859
05/13/2017,FLL,FL,ASO,ES,Towers with Radar,624,74,57,0,755,1,9,20,0,30,625,83,77,0,785,0,0,0,785
05/14/2017,FLL,FL,ASO,ES,Towers with Radar,643,77,66,0,786,0,8,19,0,27,643,85,85,0,813,0,0,0,813
05/15/2017,FLL,FL,ASO,ES,Towers with Radar,635,76,61,0,772,0,7,27,4,38,635,83,88,4,810,0,0,0,810
05/16/2017,FLL,FL,ASO,ES,Towers with Radar,603,79,48,1,731,0,10,21,0,31,603,89,69,1,762,0,0,0,762
05/17/2017,FLL,FL,ASO,ES,Towers with Radar,609,73,55,2,739,0,9,29,2,40,609,82,84,4,779,0,0,0,779
05/18/2017,FLL,FL,ASO,ES,Towers with Radar,639,80,86,2,807,0,10,26,0,36,639,90,112,2,843,0,0,0,843
05/19/2017,FLL,FL,ASO,ES,Towers with Radar,624,90,61,0,775,0,17,38,0,55,624,107,99,0,830,0,0,0,830
05/20/2017,FLL,FL,ASO,ES,Towers with Radar,623,73,28,1,725,0,3,15,0,18,623,76,43,1,743,0,0,0,743
05/21/2017,FLL,FL,ASO,ES,Towers with Radar,627,77,71,1,776,0,7,33,0,40,627,84,104,1,816,0,0,0,816
05/22/2017,FLL,FL,ASO,ES,Towers with Radar,616,89,63,3,771,0,11,24,0,35,616,100,87,3,806,0,0,0,806
05/23/2017,FLL,FL,ASO,ES,Towers with Radar,605,73,79,0,757,0,7,30,4,41,605,80,109,4,798,0,0,0,798
05/24/2017,FLL,FL,ASO,ES,Towers with Radar,572,81,63,2,718,0,11,26,0,37,572,92,89,2,755,0,0,0,755
05/25/2017,FLL,FL,ASO,ES,Towers with Radar,667,91,99,0,857,0,9,34,0,43,667,100,133,0,900,0,0,0,900
05/26/2017,FLL,FL,ASO,ES,Towers with Radar,653,107,87,2,849,0,16,53,2,71,653,123,140,4,920,0,0,0,920
05/27/2017,FLL,FL,ASO,ES,Towers with Radar,624,73,45,1,743,1,11,42,0,54,625,84,87,1,797,0,0,0,797
05/28/2017,FLL,FL,ASO,ES,Towers with Radar,598,93,38,0,729,0,3,24,0,27,598,96,62,0,756,0,0,0,756
05/29/2017,FLL,FL,ASO,ES,Towers with Radar,624,84,95,1,804,0,10,61,7,78,624,94,156,8,882,0,0,0,882
05/30/2017,FLL,FL,ASO,ES,Towers with Radar,605,70,57,2,734,0,8,31,4,43,605,78,88,6,777,0,0,0,777
05/31/2017,FLL,FL,ASO,ES,Towers with Radar,618,80,57,0,755,0,13,43,0,56,618,93,100,0,811,0,0,0,811
06/01/2017,FLL,FL,ASO,ES,Towers with Radar,636,79,69,1,785,0,6,31,0,37,636,85,100,1,822,0,0,0,822
06/02/2017,FLL,FL,ASO,ES,Towers with Radar,654,83,62,0,799,0,6,19,0,25,654,89,81,0,824,0,0,0,824
06/03/2017,FLL,FL,ASO,ES,Towers with Radar,644,67,44,1,756,0,15,22,0,37,644,82,66,1,793,0,0,0,793
06/04/2017,FLL,FL,ASO,ES,Towers with Radar,647,86,74,0,807,0,2,18,0,20,647,88,92,0,827,0,0,0,827
06/05/2017,FLL,FL,ASO,ES,Towers with Radar,616,70,60,0,746,0,8,24,0,32,616,78,84,0,778,0,0,0,778
06/06/2017,FLL,FL,ASO,ES,Towers with Radar,557,50,55,0,662,0,12,6,0,18,557,62,61,0,680,0,0,0,680
06/07/2017,FLL,FL,ASO,ES,Towers with Radar,673,68,83,0,824,0,11,15,0,26,673,79,98,0,850,0,0,0,850
06/08/2017,FLL,FL,ASO,ES,Towers with Radar,691,81,91,1,864,0,9,25,0,34,691,90,116,1,898,0,0,0,898
06/09/2017,FLL,FL,ASO,ES,Towers with Radar,677,90,68,1,836,1,12,41,0,54,678,102,109,1,890,0,0,0,890
06/10/2017,FLL,FL,ASO,ES,Towers with Radar,684,65,29,1,779,0,6,26,1,33,684,71,55,2,812,0,0,0,812
06/11/2017,FLL,FL,ASO,ES,Towers with Radar,663,90,62,0,815,0,8,31,2,41,663,98,93,2,856,0,0,0,856
06/12/2017,FLL,FL,ASO,ES,Towers with Radar,657,86,51,0,794,1,12,35,1,49,658,98,86,1,843,0,0,0,843
06/13/2017,FLL,FL,ASO,ES,Towers with Radar,650,66,53,0,769,0,6,31,0,37,650,72,84,0,806,0,0,0,806
06/14/2017,FLL,FL,ASO,ES,Towers with Radar,629,63,47,0,739,0,6,29,0,35,629,69,76,0,774,0,0,0,774
06/15/2017,FLL,FL,ASO,ES,Towers with Radar,665,94,57,0,816,2,8,42,0,52,667,102,99,0,868,0,0,0,868
06/16/2017,FLL,FL,ASO,ES,Towers with Radar,660,92,78,0,830,0,8,35,1,44,660,100,113,1,874,0,0,0,874
06/17/2017,FLL,FL,ASO,ES,Towers with Radar,670,75,65,0,810,0,10,30,0,40,670,85,95,0,850,0,0,0,850
06/18/2017,FLL,FL,ASO,ES,Towers with Radar,663,80,43,0,786,0,10,17,0,27,663,90,60,0,813,0,0,0,813
06/19/2017,FLL,FL,ASO,ES,Towers with Radar,642,77,61,0,780,0,9,17,0,26,642,86,78,0,806,0,0,0,806
06/20/2017,FLL,FL,ASO,ES,Towers with Radar,631,75,51,0,757,0,11,18,0,29,631,86,69,0,786,0,0,0,786
06/21/2017,FLL,FL,ASO,ES,Towers with Radar,653,68,69,1,791,0,6,43,0,49,653,74,112,1,840,0,0,0,840
06/22/2017,FLL,FL,ASO,ES,Towers with Radar,681,95,53,0,829,1,10,33,0,44,682,105,86,0,873,0,0,0,873
06/23/2017,FLL,FL,ASO,ES,Towers with Radar,658,89,52,0,799,0,16,38,0,54,658,105,90,0,853,0,0,0,853
06/24/2017,FLL,FL,ASO,ES,Towers with Radar,679,78,41,0,798,0,11,34,0,45,679,89,75,0,843,0,0,0,843
06/25/2017,FLL,FL,ASO,ES,Towers with Radar,667,89,55,0,811,0,10,27,0,37,667,99,82,0,848,0,0,0,848
06/26/2017,FLL,FL,ASO,ES,Towers with Radar,660,85,48,0,793,1,14,28,0,43,661,99,76,0,836,0,0,0,836
06/27/2017,FLL,FL,ASO,ES,Towers with Radar,656,77,56,0,789,0,7,17,0,24,656,84,73,0,813,0,0,0,813
06/28/2017,FLL,FL,ASO,ES,Towers with Radar,659,68,48,2,777,0,4,23,0,27,659,72,71,2,804,0,0,0,804
06/29/2017,FLL,FL,ASO,ES,Towers with Radar,690,77,69,0,836,0,8,32,3,43,690,85,101,3,879,0,0,0,879
06/30/2017,FLL,FL,ASO,ES,Towers with Radar,663,91,59,1,814,0,10,37,1,48,663,101,96,2,862,0,0,0,862
07/01/2017,FLL,FL,ASO,ES,Towers with Radar,678,81,55,0,814,0,7,31,0,38,678,88,86,0,852,0,0,0,852
07/02/2017,FLL,FL,ASO,ES,Towers with Radar,676,74,50,0,800,0,4,26,0,30,676,78,76,0,830,0,0,0,830
07/03/2017,FLL,FL,ASO,ES,Towers with Radar,646,81,34,0,761,0,6,30,0,36,646,87,64,0,797,0,0,0,797
07/04/2017,FLL,FL,ASO,ES,Towers with Radar,617,62,29,0,708,0,4,15,0,19,617,66,44,0,727,0,0,0,727
07/05/2017,FLL,FL,ASO,ES,Towers with Radar,652,76,52,0,780,0,9,34,0,43,652,85,86,0,823,0,0,0,823
07/06/2017,FLL,FL,ASO,ES,Towers with Radar,689,90,57,0,836,0,7,62,0,69,689,97,119,0,905,0,0,0,905
07/07/2017,FLL,FL,ASO,ES,Towers with Radar,683,85,55,0,823,0,14,42,0,56,683,99,97,0,879,0,0,0,879
07/08/2017,FLL,FL,ASO,ES,Towers with Radar,691,75,60,1,827,0,5,20,0,25,691,80,80,1,852,0,0,0,852
07/09/2017,FLL,FL,ASO,ES,Towers with Radar,678,76,61,1,816,0,6,56,0,62,678,82,117,1,878,0,0,0,878
07/10/2017,FLL,FL,ASO,ES,Towers with Radar,631,76,48,0,755,0,8,10,1,19,631,84,58,1,774,0,0,0,774
07/11/2017,FLL,FL,ASO,ES,Towers with Radar,669,61,56,0,786,0,11,31,0,42,669,72,87,0,828,0,0,0,828
07/12/2017,FLL,FL,ASO,ES,Towers with Radar,677,74,66,1,818,0,4,21,2,27,677,78,87,3,845,0,0,0,845
07/13/2017,FLL,FL,ASO,ES,Towers with Radar,681,88,47,2,818,0,4,35,0,39,681,92,82,2,857,0,0,0,857
07/14/2017,FLL,FL,ASO,ES,Towers with Radar,663,100,65,1,829,1,8,37,1,47,664,108,102,2,876,0,0,0,876
07/15/2017,FLL,FL,ASO,ES,Towers with Radar,688,86,39,0,813,1,7,31,0,39,689,93,70,0,852,0,0,0,852
07/16/2017,FLL,FL,ASO,ES,Towers with Radar,684,88,57,0,829,0,6,34,0,40,684,94,91,0,869,0,0,0,869
07/17/2017,FLL,FL,ASO,ES,Towers with Radar,674,80,59,0,813,0,10,26,0,36,674,90,85,0,849,0,0,0,849
07/18/2017,FLL,FL,ASO,ES,Towers with Radar,678,62,60,2,802,0,7,31,0,38,678,69,91,2,840,0,0,0,840
07/19/2017,FLL,FL,ASO,ES,Towers with Radar,683,88,64,0,835,0,9,26,0,35,683,97,90,0,870,0,0,0,870
07/20/2017,FLL,FL,ASO,ES,Towers with Radar,677,83,58,0,818,0,4,30,2,36,677,87,88,2,854,0,0,0,854
07/21/2017,FLL,FL,ASO,ES,Towers with Radar,682,91,54,2,829,1,7,43,5,56,683,98,97,7,885,0,0,0,885
07/22/2017,FLL,FL,ASO,ES,Towers with Radar,677,74,48,0,799,1,15,32,0,48,678,89,80,0,847,0,0,0,847
07/23/2017,FLL,FL,ASO,ES,Towers with Radar,664,86,47,1,798,0,8,47,0,55,664,94,94,1,853,0,0,0,853
07/24/2017,FLL,FL,ASO,ES,Towers with Radar,672,80,58,0,810,0,16,34,1,51,672,96,92,1,861,0,0,0,861
07/25/2017,FLL,FL,ASO,ES,Towers with Radar,682,69,64,0,815,0,19,26,0,45,682,88,90,0,860,0,0,0,860
07/26/2017,FLL,FL,ASO,ES,Towers with Radar,664,71,57,0,792,0,8,31,0,39,664,79,88,0,831,0,0,0,831
07/27/2017,FLL,FL,ASO,ES,Towers with Radar,675,88,58,0,821,1,4,32,2,39,676,92,90,2,860,0,0,0,860
07/28/2017,FLL,FL,ASO,ES,Towers with Radar,658,101,73,0,832,1,16,52,2,71,659,117,125,2,903,0,0,0,903
07/29/2017,FLL,FL,ASO,ES,Towers with Radar,690,76,36,0,802,1,10,20,0,31,691,86,56,0,833,0,0,0,833
07/30/2017,FLL,FL,ASO,ES,Towers with Radar,703,77,58,0,838,0,6,17,0,23,703,83,75,0,861,0,0,0,861
07/31/2017,FLL,FL,ASO,ES,Towers with Radar,667,73,50,0,790,2,6,12,2,22,669,79,62,2,812,0,0,0,812
08/01/2017,FLL,FL,ASO,ES,Towers with Radar,656,60,66,2,784,1,10,30,6,47,657,70,96,8,831,0,0,0,831
08/02/2017,FLL,FL,ASO,ES,Towers with Radar,649,69,52,0,770,0,8,48,2,58,649,77,100,2,828,0,0,0,828
08/03/2017,FLL,FL,ASO,ES,Towers with Radar,667,79,65,0,811,0,6,51,0,57,667,85,116,0,868,0,0,0,868
08/04/2017,FLL,FL,ASO,ES,Towers with Radar,676,99,51,2,828,0,8,39,5,52,676,107,90,7,880,0,0,0,880
08/05/2017,FLL,FL,ASO,ES,Towers with Radar,679,82,37,0,798,0,11,32,0,43,679,93,69,0,841,0,0,0,841
08/06/2017,FLL,FL,ASO,ES,Towers with Radar,683,71,55,0,809,0,6,34,0,40,683,77,89,0,849,0,0,0,849
08/07/2017,FLL,FL,ASO,ES,Towers with Radar,652,85,50,0,787,0,8,33,1,42,652,93,83,1,829,0,0,0,829
08/08/2017,FLL,FL,ASO,ES,Towers with Radar,663,67,44,1,775,0,9,32,0,41,663,76,76,1,816,0,0,0,816
08/09/2017,FLL,FL,ASO,ES,Towers with Radar,658,66,46,3,773,1,8,28,0,37,659,74,74,3,810,0,0,0,810
08/10/2017,FLL,FL,ASO,ES,Towers with Radar,664,81,64,2,811,0,2,17,1,20,664,83,81,3,831,0,0,0,831
08/11/2017,FLL,FL,ASO,ES,Towers with Radar,655,86,64,2,807,1,8,43,1,53,656,94,107,3,860,0,0,0,860
08/12/2017,FLL,FL,ASO,ES,Towers with Radar,674,70,25,2,771,1,7,25,0,33,675,77,50,2,804,0,0,0,804
08/13/2017,FLL,FL,ASO,ES,Towers with Radar,679,68,42,0,789,1,2,42,0,45,680,70,84,0,834,0,0,0,834
08/14/2017,FLL,FL,ASO,ES,Towers with Radar,657,88,59,0,804,0,13,21,0,34,657,101,80,0,838,0,0,0,838
08/15/2017,FLL,FL,ASO,ES,Towers with Radar,626,72,49,0,747,0,3,22,3,28,626,75,71,3,775,0,0,0,775
08/16/2017,FLL,FL,ASO,ES,Towers with Radar,638,74,35,2,749,0,8,23,0,31,638,82,58,2,780,0,0,0,780
08/17/2017,FLL,FL,ASO,ES,Towers with Radar,641,78,50,3,772,0,5,40,2,47,641,83,90,5,819,0,0,0,819
08/18/2017,FLL,FL,ASO,ES,Towers with Radar,618,85,61,2,766,0,8,30,2,40,618,93,91,4,806,0,0,0,806
08/19/2017,FLL,FL,ASO,ES,Towers with Radar,626,70,52,0,748,0,4,19,0,23,626,74,71,0,771,0,0,0,771
08/20/2017,FLL,FL,ASO,ES,Towers with Radar,632,70,61,0,763,1,4,32,0,37,633,74,93,0,800,0,0,0,800
08/21/2017,FLL,FL,ASO,ES,Towers with Radar,640,74,57,2,773,0,7,25,1,33,640,81,82,3,806,0,0,0,806
08/22/2017,FLL,FL,ASO,ES,Towers with Radar,619,74,70,3,766,1,3,24,0,28,620,77,94,3,794,0,0,0,794
08/23/2017,FLL,FL,ASO,ES,Towers with Radar,619,73,57,0,749,1,4,20,2,27,620,77,77,2,776,0,0,0,776
08/24/2017,FLL,FL,ASO,ES,Towers with Radar,654,77,58,0,789,0,4,18,0,22,654,81,76,0,811,0,0,0,811
08/25/2017,FLL,FL,ASO,ES,Towers with Radar,645,82,39,0,766,1,10,19,0,30,646,92,58,0,796,0,0,0,796
08/26/2017,FLL,FL,ASO,ES,Towers with Radar,634,76,23,0,733,0,4,12,0,16,634,80,35,0,749,0,0,0,749
08/27/2017,FLL,FL,ASO,ES,Towers with Radar,640,81,51,0,772,0,2,27,0,29,640,83,78,0,801,0,0,0,801
08/28/2017,FLL,FL,ASO,ES,Towers with Radar,643,92,53,3,791,1,11,28,3,43,644,103,81,6,834,0,0,0,834
08/29/2017,FLL,FL,ASO,ES,Towers with Radar,605,80,58,1,744,0,8,20,2,30,605,88,78,3,774,0,0,0,774
08/30/2017,FLL,FL,ASO,ES,Towers with Radar,596,83,64,2,745,1,6,34,2,43,597,89,98,4,788,0,0,0,788
08/31/2017,FLL,FL,ASO,ES,Towers with Radar,622,78,52,0,752,0,10,37,0,47,622,88,89,0,799,0,0,0,799
09/01/2017,FLL,FL,ASO,ES,Towers with Radar,616,82,78,2,778,0,8,44,0,52,616,90,122,2,830,0,0,0,830
09/02/2017,FLL,FL,ASO,ES,Towers with Radar,598,64,33,0,695,0,11,18,0,29,598,75,51,0,724,0,0,0,724
09/03/2017,FLL,FL,ASO,ES,Towers with Radar,581,68,45,0,694,0,6,18,0,24,581,74,63,0,718,0,0,0,718
09/04/2017,FLL,FL,ASO,ES,Towers with Radar,609,75,62,3,749,1,6,39,1,47,610,81,101,4,796,0,0,0,796
09/05/2017,FLL,FL,ASO,ES,Towers with Radar,577,70,75,1,723,0,9,29,1,39,577,79,104,2,762,0,0,0,762
09/06/2017,FLL,FL,ASO,ES,Towers with Radar,560,103,140,1,804,1,17,60,1,79,561,120,200,2,883,0,0,0,883
09/07/2017,FLL,FL,ASO,ES,Towers with Radar,562,137,204,0,903,1,3,33,3,40,563,140,237,3,943,0,0,0,943
09/08/2017,FLL,FL,ASO,ES,Towers with Radar,364,77,157,0,598,0,4,19,1,24,364,81,176,1,622,0,0,0,622
09/09/2017,FLL,FL,ASO,ES,Towers with Radar,0,0,0,0,0,0,0,0,0,0,0,0,0,0,0,0,0,0,0
09/10/2017,FLL,FL,ASO,ES,Towers with Radar,0,0,0,0,0,0,0,0,0,0,0,0,0,0,0,0,0,0,0
09/11/2017,FLL,FL,ASO,ES,Towers with Radar,4,0,0,14,18,0,0,5,0,5,4,0,5,14,23,0,0,0,23
09/12/2017,FLL,FL,ASO,ES,Towers with Radar,200,56,99,13,368,1,1,27,1,30,201,57,126,14,398,0,0,0,398
09/13/2017,FLL,FL,ASO,ES,Towers with Radar,427,61,96,4,588,0,2,30,1,33,427,63,126,5,621,0,0,0,621
09/14/2017,FLL,FL,ASO,ES,Towers with Radar,577,77,66,5,725,0,3,35,0,38,577,80,101,5,763,0,0,0,763
09/15/2017,FLL,FL,ASO,ES,Towers with Radar,590,56,51,2,699,1,2,26,1,30,591,58,77,3,729,0,0,0,729
09/16/2017,FLL,FL,ASO,ES,Towers with Radar,583,49,31,1,664,0,6,23,2,31,583,55,54,3,695,0,0,0,695
09/17/2017,FLL,FL,ASO,ES,Towers with Radar,579,48,40,1,668,1,5,22,2,30,580,53,62,3,698,0,0,0,698
09/18/2017,FLL,FL,ASO,ES,Towers with Radar,608,67,50,4,729,0,9,24,1,34,608,76,74,5,763,0,0,0,763
09/19/2017,FLL,FL,ASO,ES,Towers with Radar,553,52,65,2,672,2,10,21,1,34,555,62,86,3,706,0,0,0,706
09/20/2017,FLL,FL,ASO,ES,Towers with Radar,550,62,52,4,668,0,5,16,1,22,550,67,68,5,690,0,0,0,690
09/21/2017,FLL,FL,ASO,ES,Towers with Radar,570,59,41,2,672,1,1,24,1,27,571,60,65,3,699,0,0,0,699
09/22/2017,FLL,FL,ASO,ES,Towers with Radar,580,55,60,2,697,2,7,16,0,25,582,62,76,2,722,0,0,0,722
09/23/2017,FLL,FL,ASO,ES,Towers with Radar,577,59,46,0,682,0,2,13,0,15,577,61,59,0,697,0,0,0,697
09/24/2017,FLL,FL,ASO,ES,Towers with Radar,571,50,87,2,710,0,1,14,0,15,571,51,101,2,725,0,0,0,725
09/25/2017,FLL,FL,ASO,ES,Towers with Radar,598,73,82,4,757,1,10,14,0,25,599,83,96,4,782,0,0,0,782
09/26/2017,FLL,FL,ASO,ES,Towers with Radar,549,67,89,3,708,1,7,25,0,33,550,74,114,3,741,0,0,0,741
09/27/2017,FLL,FL,ASO,ES,Towers with Radar,563,61,106,2,732,0,8,21,1,30,563,69,127,3,762,0,0,0,762
09/28/2017,FLL,FL,ASO,ES,Towers with Radar,604,65,120,3,792,0,5,34,2,41,604,70,154,5,833,0,0,0,833
09/29/2017,FLL,FL,ASO,ES,Towers with Radar,604,78,89,1,772,0,6,16,0,22,604,84,105,1,794,0,0,0,794
09/30/2017,FLL,FL,ASO,ES,Towers with Radar,570,64,75,4,713,0,8,7,0,15,570,72,82,4,728,0,0,0,728
10/01/2017,FLL,FL,ASO,ES,Towers with Radar,586,70,85,2,743,0,2,15,0,17,586,72,100,2,760,0,0,0,760
10/02/2017,FLL,FL,ASO,ES,Towers with Radar,623,74,76,0,773,0,5,20,0,25,623,79,96,0,798,0,0,0,798
10/03/2017,FLL,FL,ASO,ES,Towers with Radar,565,89,69,3,726,2,5,13,0,20,567,94,82,3,746,0,0,0,746
10/04/2017,FLL,FL,ASO,ES,Towers with Radar,575,84,71,7,737,0,9,16,2,27,575,93,87,9,764,0,0,0,764
10/05/2017,FLL,FL,ASO,ES,Towers with Radar,630,77,90,2,799,0,2,13,0,15,630,79,103,2,814,0,0,0,814
10/06/2017,FLL,FL,ASO,ES,Towers with Radar,624,77,106,0,807,0,6,30,0,36,624,83,136,0,843,0,0,0,843
10/07/2017,FLL,FL,ASO,ES,Towers with Radar,601,61,52,0,714,0,4,19,0,23,601,65,71,0,737,0,0,0,737
10/08/2017,FLL,FL,ASO,ES,Towers with Radar,602,68,51,0,721,0,2,27,0,29,602,70,78,0,750,0,0,0,750
10/09/2017,FLL,FL,ASO,ES,Towers with Radar,615,70,71,0,756,0,10,20,2,32,615,80,91,2,788,0,0,0,788
10/10/2017,FLL,FL,ASO,ES,Towers with Radar,588,72,72,2,734,0,5,21,0,26,588,77,93,2,760,0,0,0,760
10/11/2017,FLL,FL,ASO,ES,Towers with Radar,582,75,89,7,753,0,6,27,0,33,582,81,116,7,786,0,0,0,786
10/12/2017,FLL,FL,ASO,ES,Towers with Radar,612,75,76,3,766,0,9,19,2,30,612,84,95,5,796,0,0,0,796
10/13/2017,FLL,FL,ASO,ES,Towers with Radar,629,78,77,1,785,0,5,30,0,35,629,83,107,1,820,0,0,0,820
10/14/2017,FLL,FL,ASO,ES,Towers with Radar,593,46,41,6,686,0,3,11,1,15,593,49,52,7,701,0,0,0,701
10/15/2017,FLL,FL,ASO,ES,Towers with Radar,613,65,54,2,734,0,5,27,0,32,613,70,81,2,766,0,0,0,766
10/16/2017,FLL,FL,ASO,ES,Towers with Radar,630,65,68,4,767,0,11,26,0,37,630,76,94,4,804,0,0,0,804
10/17/2017,FLL,FL,ASO,ES,Towers with Radar,562,58,51,2,673,1,7,28,5,41,563,65,79,7,714,0,0,0,714
10/18/2017,FLL,FL,ASO,ES,Towers with Radar,575,69,68,1,713,0,7,32,2,41,575,76,100,3,754,0,0,0,754
10/19/2017,FLL,FL,ASO,ES,Towers with Radar,616,74,57,0,747,1,6,19,0,26,617,80,76,0,773,0,0,0,773
10/20/2017,FLL,FL,ASO,ES,Towers with Radar,630,60,62,2,754,0,4,36,0,40,630,64,98,2,794,0,0,0,794
10/21/2017,FLL,FL,ASO,ES,Towers with Radar,601,62,38,2,703,0,7,24,0,31,601,69,62,2,734,0,0,0,734
10/22/2017,FLL,FL,ASO,ES,Towers with Radar,593,71,59,0,723,1,5,32,0,38,594,76,91,0,761,0,0,0,761
10/23/2017,FLL,FL,ASO,ES,Towers with Radar,614,74,56,0,744,1,10,25,3,39,615,84,81,3,783,0,0,0,783
10/24/2017,FLL,FL,ASO,ES,Towers with Radar,545,63,51,0,659,0,4,25,0,29,545,67,76,0,688,0,0,0,688
10/25/2017,FLL,FL,ASO,ES,Towers with Radar,582,82,50,2,716,0,10,21,0,31,582,92,71,2,747,0,0,0,747
10/26/2017,FLL,FL,ASO,ES,Towers with Radar,620,75,60,0,755,1,6,34,2,43,621,81,94,2,798,0,0,0,798
10/27/2017,FLL,FL,ASO,ES,Towers with Radar,626,83,65,0,774,0,5,33,0,38,626,88,98,0,812,0,0,0,812
10/28/2017,FLL,FL,ASO,ES,Towers with Radar,590,58,34,0,682,0,5,8,0,13,590,63,42,0,695,0,0,0,695
10/29/2017,FLL,FL,ASO,ES,Towers with Radar,588,63,59,0,710,1,2,15,0,18,589,65,74,0,728,0,0,0,728
10/30/2017,FLL,FL,ASO,ES,Towers with Radar,622,85,64,0,771,0,13,27,1,41,622,98,91,1,812,0,0,0,812
10/31/2017,FLL,FL,ASO,ES,Towers with Radar,556,79,70,4,709,1,8,29,1,39,557,87,99,5,748,0,0,0,748
11/01/2017,FLL,FL,ASO,ES,Towers with Radar,574,92,126,1,793,0,8,48,0,56,574,100,174,1,849,0,0,0,849
11/02/2017,FLL,FL,ASO,ES,Towers with Radar,616,104,182,3,905,1,7,47,2,57,617,111,229,5,962,0,0,0,962
11/03/2017,FLL,FL,ASO,ES,Towers with Radar,616,116,150,2,884,1,11,66,2,80,617,127,216,4,964,0,0,0,964
11/04/2017,FLL,FL,ASO,ES,Towers with Radar,602,90,79,0,771,0,12,36,0,48,602,102,115,0,819,0,0,0,819
11/05/2017,FLL,FL,ASO,ES,Towers with Radar,657,114,111,0,882,0,2,47,0,49,657,116,158,0,931,0,0,0,931
11/06/2017,FLL,FL,ASO,ES,Towers with Radar,655,77,82,2,816,0,10,40,2,52,655,87,122,4,868,0,0,0,868
11/07/2017,FLL,FL,ASO,ES,Towers with Radar,594,67,78,0,739,1,10,18,2,31,595,77,96,2,770,0,0,0,770
11/08/2017,FLL,FL,ASO,ES,Towers with Radar,615,84,66,1,766,0,11,32,2,45,615,95,98,3,811,0,0,0,811
11/09/2017,FLL,FL,ASO,ES,Towers with Radar,660,98,82,3,843,1,4,39,0,44,661,102,121,3,887,0,0,0,887
11/10/2017,FLL,FL,ASO,ES,Towers with Radar,673,100,70,0,843,1,10,44,0,55,674,110,114,0,898,0,0,0,898
11/11/2017,FLL,FL,ASO,ES,Towers with Radar,667,60,39,0,766,0,0,30,0,30,667,60,69,0,796,0,0,0,796
11/12/2017,FLL,FL,ASO,ES,Towers with Radar,679,82,80,0,841,0,14,29,0,43,679,96,109,0,884,0,0,0,884
11/13/2017,FLL,FL,ASO,ES,Towers with Radar,669,82,64,0,815,0,5,26,2,33,669,87,90,2,848,0,0,0,848
11/14/2017,FLL,FL,ASO,ES,Towers with Radar,633,79,57,3,772,0,6,37,2,45,633,85,94,5,817,0,0,0,817
11/15/2017,FLL,FL,ASO,ES,Towers with Radar,656,78,56,3,793,1,6,19,0,26,657,84,75,3,819,0,0,0,819
11/16/2017,FLL,FL,ASO,ES,Towers with Radar,689,82,83,1,855,0,8,42,1,51,689,90,125,2,906,0,0,0,906
11/17/2017,FLL,FL,ASO,ES,Towers with Radar,702,74,92,1,869,1,11,58,0,70,703,85,150,1,939,0,0,0,939
11/18/2017,FLL,FL,ASO,ES,Towers with Radar,725,72,38,0,835,0,2,51,0,53,725,74,89,0,888,0,0,0,888
11/19/2017,FLL,FL,ASO,ES,Towers with Radar,709,85,70,0,864,0,9,46,0,55,709,94,116,0,919,0,0,0,919
11/20/2017,FLL,FL,ASO,ES,Towers with Radar,695,78,60,4,837,1,3,48,1,53,696,81,108,5,890,0,0,0,890
11/21/2017,FLL,FL,ASO,ES,Towers with Radar,692,103,84,2,881,1,5,48,4,58,693,108,132,6,939,0,0,0,939
11/22/2017,FLL,FL,ASO,ES,Towers with Radar,718,123,125,1,967,1,8,36,3,48,719,131,161,4,1015,0,0,0,1015
11/23/2017,FLL,FL,ASO,ES,Towers with Radar,586,67,35,0,688,0,0,24,0,24,586,67,59,0,712,0,0,0,712
11/24/2017,FLL,FL,ASO,ES,Towers with Radar,648,106,63,0,817,1,10,32,0,43,649,116,95,0,860,0,0,0,860
11/25/2017,FLL,FL,ASO,ES,Towers with Radar,767,90,51,0,908,0,4,44,0,48,767,94,95,0,956,0,0,0,956
11/26/2017,FLL,FL,ASO,ES,Towers with Radar,747,108,111,0,966,0,10,58,0,68,747,118,169,0,1034,0,0,0,1034
11/27/2017,FLL,FL,ASO,ES,Towers with Radar,733,89,77,1,900,0,6,42,0,48,733,95,119,1,948,0,0,0,948
11/28/2017,FLL,FL,ASO,ES,Towers with Radar,646,86,63,1,796,0,6,28,0,34,646,92,91,1,830,0,0,0,830
11/29/2017,FLL,FL,ASO,ES,Towers with Radar,651,66,54,0,771,0,7,30,1,38,651,73,84,1,809,0,0,0,809
11/30/2017,FLL,FL,ASO,ES,Towers with Radar,683,85,50,1,819,0,11,33,5,49,683,96,83,6,868,0,0,0,868
12/01/2017,FLL,FL,ASO,ES,Towers with Radar,685,98,77,2,862,1,12,31,1,45,686,110,108,3,907,0,0,0,907
12/02/2017,FLL,FL,ASO,ES,Towers with Radar,670,70,45,4,789,0,2,19,0,21,670,72,64,4,810,0,0,0,810
12/03/2017,FLL,FL,ASO,ES,Towers with Radar,682,73,62,0,817,0,8,31,0,39,682,81,93,0,856,0,0,0,856
12/04/2017,FLL,FL,ASO,ES,Towers with Radar,678,71,57,6,812,0,8,30,0,38,678,79,87,6,850,0,0,0,850
12/05/2017,FLL,FL,ASO,ES,Towers with Radar,612,74,76,0,762,0,13,27,0,40,612,87,103,0,802,0,0,0,802
12/06/2017,FLL,FL,ASO,ES,Towers with Radar,635,81,92,0,808,0,9,49,0,58,635,90,141,0,866,0,0,0,866
12/07/2017,FLL,FL,ASO,ES,Towers with Radar,679,99,90,1,869,1,10,18,3,32,680,109,108,4,901,0,0,0,901
12/08/2017,FLL,FL,ASO,ES,Towers with Radar,661,94,103,7,865,1,9,28,1,39,662,103,131,8,904,0,0,0,904
12/09/2017,FLL,FL,ASO,ES,Towers with Radar,655,72,69,2,798,0,0,9,0,9,655,72,78,2,807,0,0,0,807
12/10/2017,FLL,FL,ASO,ES,Towers with Radar,709,102,78,0,889,1,4,30,0,35,710,106,108,0,924,0,0,0,924
12/11/2017,FLL,FL,ASO,ES,Towers with Radar,672,73,71,0,816,0,6,45,1,52,672,79,116,1,868,0,0,0,868
12/12/2017,FLL,FL,ASO,ES,Towers with Radar,633,76,60,0,769,0,12,35,0,47,633,88,95,0,816,0,0,0,816
12/13/2017,FLL,FL,ASO,ES,Towers with Radar,648,77,65,3,793,1,10,32,2,45,649,87,97,5,838,0,0,0,838
12/14/2017,FLL,FL,ASO,ES,Towers with Radar,701,82,90,0,873,0,10,36,2,48,701,92,126,2,921,0,0,0,921
12/15/2017,FLL,FL,ASO,ES,Towers with Radar,709,99,81,4,893,0,12,52,1,65,709,111,133,5,958,0,0,0,958
12/16/2017,FLL,FL,ASO,ES,Towers with Radar,734,80,71,2,887,0,3,51,3,57,734,83,122,5,944,0,0,0,944
12/17/2017,FLL,FL,ASO,ES,Towers with Radar,693,77,69,0,839,1,4,38,0,43,694,81,107,0,882,0,0,0,882
12/18/2017,FLL,FL,ASO,ES,Towers with Radar,710,89,101,3,903,0,10,46,2,58,710,99,147,5,961,0,0,0,961
12/19/2017,FLL,FL,ASO,ES,Towers with Radar,671,87,56,5,819,0,9,45,0,54,671,96,101,5,873,0,0,0,873
12/20/2017,FLL,FL,ASO,ES,Towers with Radar,723,86,80,1,890,0,14,44,2,60,723,100,124,3,950,0,0,0,950
12/21/2017,FLL,FL,ASO,ES,Towers with Radar,816,122,93,2,1033,1,11,33,2,47,817,133,126,4,1080,0,0,0,1080
12/22/2017,FLL,FL,ASO,ES,Towers with Radar,838,139,115,0,1092,0,14,40,2,56,838,153,155,2,1148,0,0,0,1148
12/23/2017,FLL,FL,ASO,ES,Towers with Radar,835,126,95,0,1056,1,8,53,1,63,836,134,148,1,1119,0,0,0,1119
12/24/2017,FLL,FL,ASO,ES,Towers with Radar,774,95,46,0,915,2,0,33,1,36,776,95,79,1,951,0,0,0,951
12/25/2017,FLL,FL,ASO,ES,Towers with Radar,700,95,44,0,839,1,0,26,0,27,701,95,70,0,866,0,0,0,866
12/26/2017,FLL,FL,ASO,ES,Towers with Radar,780,148,174,3,1105,3,14,59,0,76,783,162,233,3,1181,0,0,0,1181
12/27/2017,FLL,FL,ASO,ES,Towers with Radar,792,176,146,2,1116,1,14,56,1,72,793,190,202,3,1188,0,0,0,1188
12/28/2017,FLL,FL,ASO,ES,Towers with Radar,825,162,113,2,1102,1,14,47,2,64,826,176,160,4,1166,0,0,0,1166
12/29/2017,FLL,FL,ASO,ES,Towers with Radar,819,157,108,0,1084,0,16,31,0,47,819,173,139,0,1131,0,0,0,1131
12/30/2017,FLL,FL,ASO,ES,Towers with Radar,852,122,125,0,1099,0,10,12,0,22,852,132,137,0,1121,0,0,0,1121
12/31/2017,FLL,FL,ASO,ES,Towers with Radar,777,121,69,0,967,0,10,38,0,48,777,131,107,0,1015,0,0,0,1015
01/01/2018,FLL,FL,ASO,ES,Towers with Radar,760,146,118,0,1024,1,15,61,0,77,761,161,179,0,1101,0,0,0,1101
01/02/2018,FLL,FL,ASO,ES,Towers with Radar,797,97,150,0,1044,1,3,3,0,7,798,100,153,0,1051,0,0,0,1051
01/03/2018,FLL,FL,ASO,ES,Towers with Radar,742,141,120,0,1003,3,8,10,0,21,745,149,130,0,1024,0,0,0,1024
01/04/2018,FLL,FL,ASO,ES,Towers with Radar,622,104,86,0,812,0,13,66,0,79,622,117,152,0,891,0,0,0,891
01/05/2018,FLL,FL,ASO,ES,Towers with Radar,680,98,97,2,877,0,8,46,0,54,680,106,143,2,931,0,0,0,931
01/06/2018,FLL,FL,ASO,ES,Towers with Radar,731,93,73,0,897,0,3,44,0,47,731,96,117,0,944,0,0,0,944
01/07/2018,FLL,FL,ASO,ES,Towers with Radar,730,92,86,1,909,0,4,27,0,31,730,96,113,1,940,0,0,0,940
01/08/2018,FLL,FL,ASO,ES,Towers with Radar,726,83,89,1,899,0,10,24,4,38,726,93,113,5,937,0,0,0,937
01/09/2018,FLL,FL,ASO,ES,Towers with Radar,714,82,56,0,852,0,7,8,0,15,714,89,64,0,867,0,0,0,867
01/10/2018,FLL,FL,ASO,ES,Towers with Radar,724,73,60,2,859,0,6,24,2,32,724,79,84,4,891,0,0,0,891
01/11/2018,FLL,FL,ASO,ES,Towers with Radar,743,98,75,0,916,0,17,39,2,58,743,115,114,2,974,0,0,0,974
01/12/2018,FLL,FL,ASO,ES,Towers with Radar,720,97,103,8,928,2,9,23,2,36,722,106,126,10,964,0,0,0,964
01/13/2018,FLL,FL,ASO,ES,Towers with Radar,749,89,59,0,897,0,2,19,2,23,749,91,78,2,920,0,0,0,920
01/14/2018,FLL,FL,ASO,ES,Towers with Radar,737,93,77,1,908,0,8,22,0,30,737,101,99,1,938,0,0,0,938
01/15/2018,FLL,FL,ASO,ES,Towers with Radar,719,129,90,1,939,0,10,23,3,36,719,139,113,4,975,0,0,0,975
01/16/2018,FLL,FL,ASO,ES,Towers with Radar,680,77,72,4,833,0,11,29,2,42,680,88,101,6,875,0,0,0,875
01/17/2018,FLL,FL,ASO,ES,Towers with Radar,658,87,79,6,830,0,5,28,1,34,658,92,107,7,864,0,0,0,864
01/18/2018,FLL,FL,ASO,ES,Towers with Radar,735,103,90,1,929,0,11,26,0,37,735,114,116,1,966,0,0,0,966
01/19/2018,FLL,FL,ASO,ES,Towers with Radar,737,96,81,4,918,0,11,46,0,57,737,107,127,4,975,0,0,0,975
01/20/2018,FLL,FL,ASO,ES,Towers with Radar,749,79,61,0,889,0,5,25,2,32,749,84,86,2,921,0,0,0,921
01/21/2018,FLL,FL,ASO,ES,Towers with Radar,729,84,80,0,893,0,2,29,0,31,729,86,109,0,924,0,0,0,924
01/22/2018,FLL,FL,ASO,ES,Towers with Radar,725,70,58,0,853,0,7,32,0,39,725,77,90,0,892,0,0,0,892
01/23/2018,FLL,FL,ASO,ES,Towers with Radar,686,74,55,2,817,0,7,19,0,26,686,81,74,2,843,0,0,0,843
01/24/2018,FLL,FL,ASO,ES,Towers with Radar,701,73,76,4,854,0,5,28,0,33,701,78,104,4,887,0,0,0,887
01/25/2018,FLL,FL,ASO,ES,Towers with Radar,735,107,97,0,939,0,4,34,4,42,735,111,131,4,981,0,0,0,981
01/26/2018,FLL,FL,ASO,ES,Towers with Radar,728,102,92,0,922,0,5,29,0,34,728,107,121,0,956,0,0,0,956
01/27/2018,FLL,FL,ASO,ES,Towers with Radar,736,79,41,0,856,0,3,16,0,19,736,82,57,0,875,0,0,0,875
01/28/2018,FLL,FL,ASO,ES,Towers with Radar,737,96,80,0,913,0,4,15,0,19,737,100,95,0,932,0,0,0,932
01/29/2018,FLL,FL,ASO,ES,Towers with Radar,741,80,63,3,887,2,5,18,4,29,743,85,81,7,916,0,0,0,916
01/30/2018,FLL,FL,ASO,ES,Towers with Radar,683,80,54,0,817,1,8,26,4,39,684,88,80,4,856,0,0,0,856
01/31/2018,FLL,FL,ASO,ES,Towers with Radar,689,86,46,0,821,1,7,20,1,29,690,93,66,1,850,0,0,0,850
02/01/2018,FLL,FL,ASO,ES,Towers with Radar,732,101,66,1,900,1,10,41,3,55,733,111,107,4,955,0,0,0,955
02/02/2018,FLL,FL,ASO,ES,Towers with Radar,743,99,69,1,912,0,9,51,4,64,743,108,120,5,976,0,0,0,976
02/03/2018,FLL,FL,ASO,ES,Towers with Radar,755,83,60,0,898,0,4,32,2,38,755,87,92,2,936,0,0,0,936
02/04/2018,FLL,FL,ASO,ES,Towers with Radar,696,90,67,3,856,0,5,35,2,42,696,95,102,5,898,0,0,0,898
02/05/2018,FLL,FL,ASO,ES,Towers with Radar,736,92,79,3,910,1,2,50,1,54,737,94,129,4,964,0,0,0,964
02/06/2018,FLL,FL,ASO,ES,Towers with Radar,694,84,66,2,846,0,14,30,2,46,694,98,96,4,892,0,0,0,892
02/07/2018,FLL,FL,ASO,ES,Towers with Radar,671,79,75,2,827,0,12,33,0,45,671,91,108,2,872,0,0,0,872
02/08/2018,FLL,FL,ASO,ES,Towers with Radar,733,105,100,0,938,0,10,29,1,40,733,115,129,1,978,0,0,0,978
02/09/2018,FLL,FL,ASO,ES,Towers with Radar,724,98,97,0,919,0,7,37,0,44,724,105,134,0,963,0,0,0,963
02/10/2018,FLL,FL,ASO,ES,Towers with Radar,742,90,63,0,895,0,1,48,0,49,742,91,111,0,944,0,0,0,944
02/11/2018,FLL,FL,ASO,ES,Towers with Radar,722,86,69,2,879,0,4,29,4,37,722,90,98,6,916,0,0,0,916
02/12/2018,FLL,FL,ASO,ES,Towers with Radar,746,80,85,0,911,0,9,18,3,30,746,89,103,3,941,0,0,0,941
02/13/2018,FLL,FL,ASO,ES,Towers with Radar,715,89,76,5,885,0,9,29,2,40,715,98,105,7,925,0,0,0,925
02/14/2018,FLL,FL,ASO,ES,Towers with Radar,667,86,69,6,828,0,8,37,4,49,667,94,106,10,877,0,0,0,877
02/15/2018,FLL,FL,ASO,ES,Towers with Radar,747,116,93,0,956,2,11,42,4,59,749,127,135,4,1015,0,0,0,1015
02/16/2018,FLL,FL,ASO,ES,Towers with Radar,764,144,113,1,1022,2,8,71,4,85,766,152,184,5,1107,0,0,0,1107
02/17/2018,FLL,FL,ASO,ES,Towers with Radar,775,107,79,4,965,0,2,46,0,48,775,109,125,4,1013,0,0,0,1013
02/18/2018,FLL,FL,ASO,ES,Towers with Radar,770,131,115,0,1016,0,6,36,0,42,770,137,151,0,1058,0,0,0,1058
02/19/2018,FLL,FL,ASO,ES,Towers with Radar,748,145,129,1,1023,0,11,51,2,64,748,156,180,3,1087,0,0,0,1087
02/20/2018,FLL,FL,ASO,ES,Towers with Radar,744,100,100,2,946,0,9,39,2,50,744,109,139,4,996,0,0,0,996
02/21/2018,FLL,FL,ASO,ES,Towers with Radar,740,112,72,1,925,1,10,38,4,53,741,122,110,5,978,0,0,0,978
02/22/2018,FLL,FL,ASO,ES,Towers with Radar,759,105,78,2,944,1,7,42,0,50,760,112,120,2,994,0,0,0,994
02/23/2018,FLL,FL,ASO,ES,Towers with Radar,776,127,87,0,990,1,10,45,8,64,777,137,132,8,1054,0,0,0,1054
02/24/2018,FLL,FL,ASO,ES,Towers with Radar,800,100,76,0,976,0,0,26,0,26,800,100,102,0,1002,0,0,0,1002
02/25/2018,FLL,FL,ASO,ES,Towers with Radar,787,125,93,0,1005,0,7,47,0,54,787,132,140,0,1059,0,0,0,1059
02/26/2018,FLL,FL,ASO,ES,Towers with Radar,778,110,86,0,974,0,10,40,1,51,778,120,126,1,1025,0,0,0,1025
02/27/2018,FLL,FL,ASO,ES,Towers with Radar,748,111,78,0,937,0,8,28,3,39,748,119,106,3,976,0,0,0,976
02/28/2018,FLL,FL,ASO,ES,Towers with Radar,737,109,88,0,934,0,9,33,2,44,737,118,121,2,978,0,0,0,978
03/01/2018,FLL,FL,ASO,ES,Towers with Radar,770,120,84,3,977,0,8,30,0,38,770,128,114,3,1015,0,0,0,1015
03/02/2018,FLL,FL,ASO,ES,Towers with Radar,702,105,76,5,888,1,7,43,2,53,703,112,119,7,941,0,0,0,941
03/03/2018,FLL,FL,ASO,ES,Towers with Radar,791,126,69,1,987,0,1,26,0,27,791,127,95,1,1014,0,0,0,1014
03/04/2018,FLL,FL,ASO,ES,Towers with Radar,760,115,88,0,963,1,4,44,0,49,761,119,132,0,1012,0,0,0,1012
03/05/2018,FLL,FL,ASO,ES,Towers with Radar,779,109,58,1,947,0,11,41,3,55,779,120,99,4,1002,0,0,0,1002
03/06/2018,FLL,FL,ASO,ES,Towers with Radar,745,111,79,2,937,0,8,41,5,54,745,119,120,7,991,0,0,0,991
03/07/2018,FLL,FL,ASO,ES,Towers with Radar,643,107,75,4,829,1,7,31,5,44,644,114,106,9,873,0,0,0,873
03/08/2018,FLL,FL,ASO,ES,Towers with Radar,776,111,73,2,962,0,11,41,6,58,776,122,114,8,1020,0,0,0,1020
03/09/2018,FLL,FL,ASO,ES,Towers with Radar,796,101,92,4,993,0,11,51,1,63,796,112,143,5,1056,0,0,0,1056
03/10/2018,FLL,FL,ASO,ES,Towers with Radar,806,92,71,0,969,0,8,35,2,45,806,100,106,2,1014,0,0,0,1014
03/11/2018,FLL,FL,ASO,ES,Towers with Radar,799,108,97,1,1005,0,4,33,0,37,799,112,130,1,1042,0,0,0,1042
03/12/2018,FLL,FL,ASO,ES,Towers with Radar,787,101,77,1,966,0,6,21,0,27,787,107,98,1,993,0,0,0,993
03/13/2018,FLL,FL,ASO,ES,Towers with Radar,740,102,80,4,926,1,7,39,4,51,741,109,119,8,977,0,0,0,977
03/14/2018,FLL,FL,ASO,ES,Towers with Radar,771,114,78,4,967,0,13,40,0,53,771,127,118,4,1020,0,0,0,1020
03/15/2018,FLL,FL,ASO,ES,Towers with Radar,805,104,107,0,1016,1,10,32,1,44,806,114,139,1,1060,0,0,0,1060
03/16/2018,FLL,FL,ASO,ES,Towers with Radar,784,111,107,2,1004,2,14,67,1,84,786,125,174,3,1088,0,0,0,1088
03/17/2018,FLL,FL,ASO,ES,Towers with Radar,829,90,90,0,1009,0,15,40,0,55,829,105,130,0,1064,0,0,0,1064
03/18/2018,FLL,FL,ASO,ES,Towers with Radar,808,99,93,1,1001,0,5,35,1,41,808,104,128,2,1042,0,0,0,1042
03/19/2018,FLL,FL,ASO,ES,Towers with Radar,794,105,73,2,974,0,9,27,0,36,794,114,100,2,1010,0,0,0,1010
03/20/2018,FLL,FL,ASO,ES,Towers with Radar,761,99,75,0,935,0,9,23,0,32,761,108,98,0,967,0,0,0,967
03/21/2018,FLL,FL,ASO,ES,Towers with Radar,681,104,102,0,887,0,18,30,0,48,681,122,132,0,935,0,0,0,935
03/22/2018,FLL,FL,ASO,ES,Towers with Radar,790,117,105,2,1014,0,10,42,0,52,790,127,147,2,1066,0,0,0,1066
03/23/2018,FLL,FL,ASO,ES,Towers with Radar,805,137,109,2,1053,0,16,45,0,61,805,153,154,2,1114,0,0,0,1114
03/24/2018,FLL,FL,ASO,ES,Towers with Radar,819,138,130,0,1087,1,11,59,4,75,820,149,189,4,1162,0,0,0,1162
03/25/2018,FLL,FL,ASO,ES,Towers with Radar,798,125,131,0,1054,0,3,49,1,53,798,128,180,1,1107,0,0,0,1107
03/26/2018,FLL,FL,ASO,ES,Towers with Radar,789,106,74,0,969,0,12,43,2,57,789,118,117,2,1026,0,0,0,1026
03/27/2018,FLL,FL,ASO,ES,Towers with Radar,755,103,78,1,937,0,13,46,0,59,755,116,124,1,996,0,0,0,996
03/28/2018,FLL,FL,ASO,ES,Towers with Radar,775,100,101,5,981,1,14,40,4,59,776,114,141,9,1040,0,0,0,1040
03/29/2018,FLL,FL,ASO,ES,Towers with Radar,800,137,143,1,1081,0,24,66,0,90,800,161,209,1,1171,0,0,0,1171
03/30/2018,FLL,FL,ASO,ES,Towers with Radar,802,145,113,1,1061,0,11,63,0,74,802,156,176,1,1135,0,0,0,1135
03/31/2018,FLL,FL,ASO,ES,Towers with Radar,810,134,98,0,1042,0,7,39,0,46,810,141,137,0,1088,0,0,0,1088
04/01/2018,FLL,FL,ASO,ES,Towers with Radar,815,143,89,1,1048,0,11,39,0,50,815,154,128,1,1098,0,0,0,1098
04/02/2018,FLL,FL,ASO,ES,Towers with Radar,769,122,88,4,983,0,15,53,0,68,769,137,141,4,1051,0,0,0,1051
04/03/2018,FLL,FL,ASO,ES,Towers with Radar,752,95,90,2,939,0,15,45,2,62,752,110,135,4,1001,0,0,0,1001
04/04/2018,FLL,FL,ASO,ES,Towers with Radar,764,94,72,6,936,0,9,26,2,37,764,103,98,8,973,0,0,0,973
04/05/2018,FLL,FL,ASO,ES,Towers with Radar,782,114,79,3,978,0,10,65,0,75,782,124,144,3,1053,0,0,0,1053
04/06/2018,FLL,FL,ASO,ES,Towers with Radar,774,112,100,0,986,0,15,65,2,82,774,127,165,2,1068,0,0,0,1068
04/07/2018,FLL,FL,ASO,ES,Towers with Radar,781,108,70,2,961,0,7,38,1,46,781,115,108,3,1007,0,0,0,1007
04/08/2018,FLL,FL,ASO,ES,Towers with Radar,762,113,112,0,987,0,6,43,0,49,762,119,155,0,1036,0,0,0,1036
04/09/2018,FLL,FL,ASO,ES,Towers with Radar,744,116,58,2,920,0,12,33,0,45,744,128,91,2,965,0,0,0,965
04/10/2018,FLL,FL,ASO,ES,Towers with Radar,683,96,50,0,829,0,6,19,0,25,683,102,69,0,854,0,0,0,854
04/11/2018,FLL,FL,ASO,ES,Towers with Radar,766,91,68,1,926,0,8,20,0,28,766,99,88,1,954,0,0,0,954
04/12/2018,FLL,FL,ASO,ES,Towers with Radar,734,101,90,4,929,0,10,40,2,52,734,111,130,6,981,0,0,0,981
04/13/2018,FLL,FL,ASO,ES,Towers with Radar,757,116,91,1,965,0,14,39,4,57,757,130,130,5,1022,0,0,0,1022
04/14/2018,FLL,FL,ASO,ES,Towers with Radar,743,87,49,0,879,0,11,40,0,51,743,98,89,0,930,0,0,0,930
04/15/2018,FLL,FL,ASO,ES,Towers with Radar,702,89,71,4,866,0,2,30,0,32,702,91,101,4,898,0,0,0,898
04/16/2018,FLL,FL,ASO,ES,Towers with Radar,745,123,93,0,961,0,13,36,2,51,745,136,129,2,1012,0,0,0,1012
04/17/2018,FLL,FL,ASO,ES,Towers with Radar,707,121,85,0,913,0,7,41,0,48,707,128,126,0,961,0,0,0,961
04/18/2018,FLL,FL,ASO,ES,Towers with Radar,709,112,103,0,924,0,3,30,2,35,709,115,133,2,959,0,0,0,959
04/19/2018,FLL,FL,ASO,ES,Towers with Radar,730,121,90,2,943,0,11,34,3,48,730,132,124,5,991,0,0,0,991
04/20/2018,FLL,FL,ASO,ES,Towers with Radar,757,154,104,4,1019,0,8,56,0,64,757,162,160,4,1083,0,0,0,1083
04/21/2018,FLL,FL,ASO,ES,Towers with Radar,733,112,73,2,920,0,8,37,0,45,733,120,110,2,965,0,0,0,965
04/22/2018,FLL,FL,ASO,ES,Towers with Radar,730,112,114,1,957,0,6,36,0,42,730,118,150,1,999,0,0,0,999
04/23/2018,FLL,FL,ASO,ES,Towers with Radar,746,96,64,1,907,0,11,30,0,41,746,107,94,1,948,0,0,0,948
04/24/2018,FLL,FL,ASO,ES,Towers with Radar,699,98,81,0,878,0,6,27,0,33,699,104,108,0,911,0,0,0,911
04/25/2018,FLL,FL,ASO,ES,Towers with Radar,690,106,52,4,852,0,11,38,4,53,690,117,90,8,905,0,0,0,905
04/26/2018,FLL,FL,ASO,ES,Towers with Radar,724,106,82,3,915,0,15,41,0,56,724,121,123,3,971,0,0,0,971
04/27/2018,FLL,FL,ASO,ES,Towers with Radar,736,108,81,1,926,0,11,39,3,53,736,119,120,4,979,0,0,0,979
04/28/2018,FLL,FL,ASO,ES,Towers with Radar,737,86,57,0,880,0,10,28,1,39,737,96,85,1,919,0,0,0,919
04/29/2018,FLL,FL,ASO,ES,Towers with Radar,728,96,53,0,877,0,9,38,1,48,728,105,91,1,925,0,0,0,925
04/30/2018,FLL,FL,ASO,ES,Towers with Radar,728,86,51,1,866,0,10,37,1,48,728,96,88,2,914,0,0,0,914
05/01/2018,FLL,FL,ASO,ES,Towers with Radar,689,100,62,1,852,0,4,29,1,34,689,104,91,2,886,0,0,0,886
05/02/2018,FLL,FL,ASO,ES,Towers with Radar,685,103,67,0,855,0,5,49,0,54,685,108,116,0,909,0,0,0,909
05/03/2018,FLL,FL,ASO,ES,Towers with Radar,705,94,65,6,870,0,7,35,2,44,705,101,100,8,914,0,0,0,914
05/04/2018,FLL,FL,ASO,ES,Towers with Radar,725,99,72,0,896,0,7,44,6,57,725,106,116,6,953,0,0,0,953
05/05/2018,FLL,FL,ASO,ES,Towers with Radar,703,94,49,0,846,0,10,29,4,43,703,104,78,4,889,0,0,0,889
05/06/2018,FLL,FL,ASO,ES,Towers with Radar,713,102,79,0,894,0,3,36,2,41,713,105,115,2,935,0,0,0,935
05/07/2018,FLL,FL,ASO,ES,Towers with Radar,713,95,47,1,856,0,8,26,3,37,713,103,73,4,893,0,0,0,893
05/08/2018,FLL,FL,ASO,ES,Towers with Radar,690,89,56,0,835,0,8,25,0,33,690,97,81,0,868,0,0,0,868
05/09/2018,FLL,FL,ASO,ES,Towers with Radar,682,84,72,0,838,0,5,53,0,58,682,89,125,0,896,0,0,0,896
05/10/2018,FLL,FL,ASO,ES,Towers with Radar,710,94,81,2,887,0,12,42,6,60,710,106,123,8,947,0,0,0,947
05/11/2018,FLL,FL,ASO,ES,Towers with Radar,733,96,65,2,896,0,16,31,2,49,733,112,96,4,945,0,0,0,945
05/12/2018,FLL,FL,ASO,ES,Towers with Radar,701,79,47,1,828,0,5,28,0,33,701,84,75,1,861,0,0,0,861
05/13/2018,FLL,FL,ASO,ES,Towers with Radar,705,95,53,0,853,0,4,12,0,16,705,99,65,0,869,0,0,0,869
05/14/2018,FLL,FL,ASO,ES,Towers with Radar,688,91,76,0,855,0,6,18,0,24,688,97,94,0,879,0,0,0,879
05/15/2018,FLL,FL,ASO,ES,Towers with Radar,655,79,61,0,795,0,7,18,0,25,655,86,79,0,820,0,0,0,820
05/16/2018,FLL,FL,ASO,ES,Towers with Radar,682,81,65,2,830,0,7,24,0,31,682,88,89,2,861,0,0,0,861
05/17/2018,FLL,FL,ASO,ES,Towers with Radar,723,91,61,2,877,0,5,14,0,19,723,96,75,2,896,0,0,0,896
05/18/2018,FLL,FL,ASO,ES,Towers with Radar,718,109,77,2,906,0,10,49,0,59,718,119,126,2,965,0,0,0,965
05/19/2018,FLL,FL,ASO,ES,Towers with Radar,692,86,28,0,806,0,6,5,0,11,692,92,33,0,817,0,0,0,817
05/20/2018,FLL,FL,ASO,ES,Towers with Radar,703,88,49,0,840,0,7,18,0,25,703,95,67,0,865,0,0,0,865
05/21/2018,FLL,FL,ASO,ES,Towers with Radar,722,86,47,2,857,0,8,8,2,18,722,94,55,4,875,0,0,0,875
05/22/2018,FLL,FL,ASO,ES,Towers with Radar,687,94,66,0,847,0,8,24,1,33,687,102,90,1,880,0,0,0,880
05/23/2018,FLL,FL,ASO,ES,Towers with Radar,689,85,47,2,823,0,12,21,0,33,689,97,68,2,856,0,0,0,856
05/24/2018,FLL,FL,ASO,ES,Towers with Radar,719,95,75,0,889,0,9,36,1,46,719,104,111,1,935,0,0,0,935
05/25/2018,FLL,FL,ASO,ES,Towers with Radar,694,108,92,0,894,0,2,30,0,32,694,110,122,0,926,0,0,0,926
05/26/2018,FLL,FL,ASO,ES,Towers with Radar,710,69,37,0,816,0,3,15,0,18,710,72,52,0,834,0,0,0,834
05/27/2018,FLL,FL,ASO,ES,Towers with Radar,669,69,20,0,758,0,2,9,0,11,669,71,29,0,769,0,0,0,769
05/28/2018,FLL,FL,ASO,ES,Towers with Radar,714,89,79,0,882,0,13,42,0,55,714,102,121,0,937,0,0,0,937
05/29/2018,FLL,FL,ASO,ES,Towers with Radar,683,88,46,2,819,0,5,20,0,25,683,93,66,2,844,0,0,0,844
05/30/2018,FLL,FL,ASO,ES,Towers with Radar,693,79,50,0,822,0,5,20,2,27,693,84,70,2,849,0,0,0,849
05/31/2018,FLL,FL,ASO,ES,Towers with Radar,727,89,76,0,892,0,10,33,0,43,727,99,109,0,935,0,0,0,935
06/01/2018,FLL,FL,ASO,ES,Towers with Radar,722,90,71,0,883,0,5,32,2,39,722,95,103,2,922,0,0,0,922
06/02/2018,FLL,FL,ASO,ES,Towers with Radar,707,75,39,2,823,0,7,33,0,40,707,82,72,2,863,0,0,0,863
06/03/2018,FLL,FL,ASO,ES,Towers with Radar,728,88,62,1,879,1,4,27,0,32,729,92,89,1,911,0,0,0,911
06/04/2018,FLL,FL,ASO,ES,Towers with Radar,720,86,56,1,863,0,7,40,0,47,720,93,96,1,910,0,0,0,910
06/05/2018,FLL,FL,ASO,ES,Towers with Radar,697,83,54,0,834,0,4,34,1,39,697,87,88,1,873,0,0,0,873
06/06/2018,FLL,FL,ASO,ES,Towers with Radar,715,92,62,2,871,0,11,38,0,49,715,103,100,2,920,0,0,0,920
06/07/2018,FLL,FL,ASO,ES,Towers with Radar,701,86,70,2,859,0,7,43,1,51,701,93,113,3,910,0,0,0,910
06/08/2018,FLL,FL,ASO,ES,Towers with Radar,725,88,52,0,865,0,9,46,2,57,725,97,98,2,922,0,0,0,922
06/09/2018,FLL,FL,ASO,ES,Towers with Radar,728,75,32,2,837,0,5,32,1,38,728,80,64,3,875,0,0,0,875
06/10/2018,FLL,FL,ASO,ES,Towers with Radar,713,84,70,3,870,0,5,26,1,32,713,89,96,4,902,0,0,0,902
06/11/2018,FLL,FL,ASO,ES,Towers with Radar,708,78,42,2,830,0,8,37,3,48,708,86,79,5,878,0,0,0,878
06/12/2018,FLL,FL,ASO,ES,Towers with Radar,712,79,50,2,843,0,5,32,3,40,712,84,82,5,883,0,0,0,883
06/13/2018,FLL,FL,ASO,ES,Towers with Radar,690,90,39,3,822,0,4,31,4,39,690,94,70,7,861,0,0,0,861
06/14/2018,FLL,FL,ASO,ES,Towers with Radar,705,91,63,0,859,0,5,40,4,49,705,96,103,4,908,0,0,0,908
06/15/2018,FLL,FL,ASO,ES,Towers with Radar,710,103,51,2,866,0,10,34,0,44,710,113,85,2,910,0,0,0,910
06/16/2018,FLL,FL,ASO,ES,Towers with Radar,731,75,34,0,840,0,11,24,0,35,731,86,58,0,875,0,0,0,875
06/17/2018,FLL,FL,ASO,ES,Towers with Radar,706,81,60,2,849,0,4,35,0,39,706,85,95,2,888,0,0,0,888
06/18/2018,FLL,FL,ASO,ES,Towers with Radar,712,82,62,1,857,0,10,25,3,38,712,92,87,4,895,0,0,0,895
06/19/2018,FLL,FL,ASO,ES,Towers with Radar,677,92,27,2,798,0,4,22,0,26,677,96,49,2,824,0,0,0,824
06/20/2018,FLL,FL,ASO,ES,Towers with Radar,708,91,60,2,861,0,16,26,0,42,708,107,86,2,903,0,0,0,903
06/21/2018,FLL,FL,ASO,ES,Towers with Radar,704,98,62,2,866,0,5,38,0,43,704,103,100,2,909,0,0,0,909
06/22/2018,FLL,FL,ASO,ES,Towers with Radar,718,101,76,2,897,0,10,51,2,63,718,111,127,4,960,0,0,0,960
06/23/2018,FLL,FL,ASO,ES,Towers with Radar,744,86,42,0,872,0,9,27,0,36,744,95,69,0,908,0,0,0,908
06/24/2018,FLL,FL,ASO,ES,Towers with Radar,708,86,55,1,850,0,6,46,0,52,708,92,101,1,902,0,0,0,902
06/25/2018,FLL,FL,ASO,ES,Towers with Radar,719,87,56,5,867,0,9,38,0,47,719,96,94,5,914,0,0,0,914
06/26/2018,FLL,FL,ASO,ES,Towers with Radar,708,83,56,2,849,0,7,28,2,37,708,90,84,4,886,0,0,0,886
06/27/2018,FLL,FL,ASO,ES,Towers with Radar,708,82,60,4,854,0,12,35,1,48,708,94,95,5,902,0,0,0,902
06/28/2018,FLL,FL,ASO,ES,Towers with Radar,719,89,65,1,874,0,5,41,2,48,719,94,106,3,922,0,0,0,922
06/29/2018,FLL,FL,ASO,ES,Towers with Radar,744,102,63,2,911,0,11,45,2,58,744,113,108,4,969,0,0,0,969
06/30/2018,FLL,FL,ASO,ES,Towers with Radar,736,84,60,0,880,0,17,43,0,60,736,101,103,0,940,0,0,0,940
07/01/2018,FLL,FL,ASO,ES,Towers with Radar,726,74,66,0,866,0,6,30,0,36,726,80,96,0,902,0,0,0,902
07/02/2018,FLL,FL,ASO,ES,Towers with Radar,694,79,41,2,816,0,13,23,2,38,694,92,64,4,854,0,0,0,854
07/03/2018,FLL,FL,ASO,ES,Towers with Radar,671,81,34,0,786,0,7,29,1,37,671,88,63,1,823,0,0,0,823
07/04/2018,FLL,FL,ASO,ES,Towers with Radar,664,66,31,0,761,0,5,28,0,33,664,71,59,0,794,0,0,0,794
07/05/2018,FLL,FL,ASO,ES,Towers with Radar,702,87,47,0,836,0,9,32,2,43,702,96,79,2,879,0,0,0,879
07/06/2018,FLL,FL,ASO,ES,Towers with Radar,706,78,58,0,842,0,9,25,0,34,706,87,83,0,876,0,0,0,876
07/07/2018,FLL,FL,ASO,ES,Towers with Radar,739,81,42,0,862,0,8,40,0,48,739,89,82,0,910,0,0,0,910
07/08/2018,FLL,FL,ASO,ES,Towers with Radar,718,92,65,3,878,0,6,40,0,46,718,98,105,3,924,0,0,0,924
07/09/2018,FLL,FL,ASO,ES,Towers with Radar,723,86,64,4,877,0,11,28,0,39,723,97,92,4,916,0,0,0,916
07/10/2018,FLL,FL,ASO,ES,Towers with Radar,715,84,45,3,847,0,2,27,4,33,715,86,72,7,880,0,0,0,880
07/11/2018,FLL,FL,ASO,ES,Towers with Radar,716,90,58,0,864,0,5,29,1,35,716,95,87,1,899,0,0,0,899
07/12/2018,FLL,FL,ASO,ES,Towers with Radar,725,90,47,6,868,0,9,39,3,51,725,99,86,9,919,0,0,0,919
07/13/2018,FLL,FL,ASO,ES,Towers with Radar,725,86,64,4,879,0,11,44,3,58,725,97,108,7,937,0,0,0,937
07/14/2018,FLL,FL,ASO,ES,Towers with Radar,734,77,36,0,847,0,12,25,0,37,734,89,61,0,884,0,0,0,884
07/15/2018,FLL,FL,ASO,ES,Towers with Radar,714,90,53,0,857,0,4,21,0,25,714,94,74,0,882,0,0,0,882
07/16/2018,FLL,FL,ASO,ES,Towers with Radar,706,77,56,0,839,0,8,34,1,43,706,85,90,1,882,0,0,0,882
07/17/2018,FLL,FL,ASO,ES,Towers with Radar,689,78,60,2,829,0,7,25,2,34,689,85,85,4,863,0,0,0,863
07/18/2018,FLL,FL,ASO,ES,Towers with Radar,736,79,46,2,863,0,4,32,5,41,736,83,78,7,904,0,0,0,904
07/19/2018,FLL,FL,ASO,ES,Towers with Radar,723,93,63,0,879,0,7,104,0,111,723,100,167,0,990,0,0,0,990
07/20/2018,FLL,FL,ASO,ES,Towers with Radar,711,91,53,2,857,0,8,50,0,58,711,99,103,2,915,0,0,0,915
07/21/2018,FLL,FL,ASO,ES,Towers with Radar,748,79,39,0,866,0,6,29,0,35,748,85,68,0,901,0,0,0,901
07/22/2018,FLL,FL,ASO,ES,Towers with Radar,723,89,62,0,874,0,8,24,0,32,723,97,86,0,906,0,0,0,906
07/23/2018,FLL,FL,ASO,ES,Towers with Radar,702,74,48,0,824,0,8,27,2,37,702,82,75,2,861,0,0,0,861
07/24/2018,FLL,FL,ASO,ES,Towers with Radar,720,85,58,2,865,0,12,24,4,40,720,97,82,6,905,0,0,0,905
07/25/2018,FLL,FL,ASO,ES,Towers with Radar,688,86,56,0,830,0,6,21,1,28,688,92,77,1,858,0,0,0,858
07/26/2018,FLL,FL,ASO,ES,Towers with Radar,752,85,56,2,895,0,10,40,0,50,752,95,96,2,945,0,0,0,945
07/27/2018,FLL,FL,ASO,ES,Towers with Radar,690,96,57,0,843,0,14,38,4,56,690,110,95,4,899,0,0,0,899
07/28/2018,FLL,FL,ASO,ES,Towers with Radar,755,80,50,0,885,0,13,24,0,37,755,93,74,0,922,0,0,0,922
07/29/2018,FLL,FL,ASO,ES,Towers with Radar,732,76,62,0,870,0,5,30,0,35,732,81,92,0,905,0,0,0,905
07/30/2018,FLL,FL,ASO,ES,Towers with Radar,728,79,56,0,863,0,7,20,2,29,728,86,76,2,892,0,0,0,892
07/31/2018,FLL,FL,ASO,ES,Towers with Radar,717,76,59,2,854,0,5,36,2,43,717,81,95,4,897,0,0,0,897
08/01/2018,FLL,FL,ASO,ES,Towers with Radar,719,75,62,0,856,0,10,35,0,45,719,85,97,0,901,0,0,0,901
08/02/2018,FLL,FL,ASO,ES,Towers with Radar,692,86,62,0,840,0,5,45,2,52,692,91,107,2,892,0,0,0,892
08/03/2018,FLL,FL,ASO,ES,Towers with Radar,711,82,66,0,859,0,7,41,0,48,711,89,107,0,907,0,0,0,907
08/04/2018,FLL,FL,ASO,ES,Towers with Radar,726,72,41,2,841,1,11,32,0,44,727,83,73,2,885,0,0,0,885
08/05/2018,FLL,FL,ASO,ES,Towers with Radar,729,77,38,1,845,0,4,31,0,35,729,81,69,1,880,0,0,0,880
08/06/2018,FLL,FL,ASO,ES,Towers with Radar,721,77,39,4,841,0,9,26,1,36,721,86,65,5,877,0,0,0,877
08/07/2018,FLL,FL,ASO,ES,Towers with Radar,678,75,62,1,816,0,4,25,4,33,678,79,87,5,849,0,0,0,849
08/08/2018,FLL,FL,ASO,ES,Towers with Radar,682,79,60,7,828,1,7,42,0,50,683,86,102,7,878,0,0,0,878
08/09/2018,FLL,FL,ASO,ES,Towers with Radar,720,90,59,0,869,0,7,31,0,38,720,97,90,0,907,0,0,0,907
08/10/2018,FLL,FL,ASO,ES,Towers with Radar,714,83,46,1,844,0,8,37,0,45,714,91,83,1,889,0,0,0,889
08/11/2018,FLL,FL,ASO,ES,Towers with Radar,693,73,42,2,810,0,8,19,0,27,693,81,61,2,837,0,0,0,837
08/12/2018,FLL,FL,ASO,ES,Towers with Radar,694,81,63,1,839,0,6,27,0,33,694,87,90,1,872,0,0,0,872
08/13/2018,FLL,FL,ASO,ES,Towers with Radar,678,76,60,1,815,0,9,26,2,37,678,85,86,3,852,0,0,0,852
08/14/2018,FLL,FL,ASO,ES,Towers with Radar,697,85,55,0,837,0,3,34,0,37,697,88,89,0,874,0,0,0,874
08/15/2018,FLL,FL,ASO,ES,Towers with Radar,698,61,45,2,806,0,8,31,1,40,698,69,76,3,846,0,0,0,846
08/16/2018,FLL,FL,ASO,ES,Towers with Radar,697,86,54,2,839,0,9,45,1,55,697,95,99,3,894,0,0,0,894
08/17/2018,FLL,FL,ASO,ES,Towers with Radar,683,80,61,3,827,0,2,28,3,33,683,82,89,6,860,0,0,0,860
08/18/2018,FLL,FL,ASO,ES,Towers with Radar,693,57,25,1,776,0,9,25,4,38,693,66,50,5,814,0,0,0,814
08/19/2018,FLL,FL,ASO,ES,Towers with Radar,710,64,49,1,824,0,5,32,0,37,710,69,81,1,861,0,0,0,861
08/20/2018,FLL,FL,ASO,ES,Towers with Radar,705,81,52,0,838,0,7,28,0,35,705,88,80,0,873,0,0,0,873
08/21/2018,FLL,FL,ASO,ES,Towers with Radar,657,77,43,1,778,0,6,26,0,32,657,83,69,1,810,0,0,0,810
08/22/2018,FLL,FL,ASO,ES,Towers with Radar,670,68,50,1,789,0,5,32,1,38,670,73,82,2,827,0,0,0,827
08/23/2018,FLL,FL,ASO,ES,Towers with Radar,700,79,68,1,848,0,7,37,0,44,700,86,105,1,892,0,0,0,892
08/24/2018,FLL,FL,ASO,ES,Towers with Radar,676,88,58,1,823,0,6,27,0,33,676,94,85,1,856,0,0,0,856
08/25/2018,FLL,FL,ASO,ES,Towers with Radar,671,61,32,0,764,0,2,11,2,15,671,63,43,2,779,0,0,0,779
08/26/2018,FLL,FL,ASO,ES,Towers with Radar,694,65,31,0,790,1,4,29,0,34,695,69,60,0,824,0,0,0,824
08/27/2018,FLL,FL,ASO,ES,Towers with Radar,673,78,43,2,796,0,7,18,2,27,673,85,61,4,823,0,0,0,823
08/28/2018,FLL,FL,ASO,ES,Towers with Radar,657,72,39,1,769,0,2,28,1,31,657,74,67,2,800,0,0,0,800
08/29/2018,FLL,FL,ASO,ES,Towers with Radar,655,65,39,1,760,0,1,18,0,19,655,66,57,1,779,0,0,0,779
08/30/2018,FLL,FL,ASO,ES,Towers with Radar,675,87,48,2,812,0,11,32,4,47,675,98,80,6,859,0,0,0,859
08/31/2018,FLL,FL,ASO,ES,Towers with Radar,680,99,67,0,846,0,13,31,0,44,680,112,98,0,890,0,0,0,890
09/01/2018,FLL,FL,ASO,ES,Towers with Radar,649,60,19,0,728,0,10,25,0,35,649,70,44,0,763,0,0,0,763
09/02/2018,FLL,FL,ASO,ES,Towers with Radar,627,68,26,0,721,0,6,5,0,11,627,74,31,0,732,0,0,0,732
09/03/2018,FLL,FL,ASO,ES,Towers with Radar,672,69,54,0,795,0,1,6,0,7,672,70,60,0,802,0,0,0,802
09/04/2018,FLL,FL,ASO,ES,Towers with Radar,657,70,56,2,785,0,16,43,3,62,657,86,99,5,847,0,0,0,847
09/05/2018,FLL,FL,ASO,ES,Towers with Radar,636,67,58,0,761,0,3,24,0,27,636,70,82,0,788,0,0,0,788
09/06/2018,FLL,FL,ASO,ES,Towers with Radar,646,81,46,0,773,0,3,20,1,24,646,84,66,1,797,0,0,0,797
09/07/2018,FLL,FL,ASO,ES,Towers with Radar,643,75,55,4,777,0,4,22,2,28,643,79,77,6,805,0,0,0,805
09/08/2018,FLL,FL,ASO,ES,Towers with Radar,660,62,27,0,749,0,7,11,0,18,660,69,38,0,767,0,0,0,767
09/09/2018,FLL,FL,ASO,ES,Towers with Radar,649,57,43,2,751,0,4,27,2,33,649,61,70,4,784,0,0,0,784
09/10/2018,FLL,FL,ASO,ES,Towers with Radar,672,65,51,2,790,0,8,30,0,38,672,73,81,2,828,0,0,0,828
09/11/2018,FLL,FL,ASO,ES,Towers with Radar,605,71,39,0,715,0,7,21,2,30,605,78,60,2,745,0,0,0,745
09/12/2018,FLL,FL,ASO,ES,Towers with Radar,600,59,48,2,709,0,5,22,2,29,600,64,70,4,738,0,0,0,738
09/13/2018,FLL,FL,ASO,ES,Towers with Radar,667,79,38,0,784,0,5,27,3,35,667,84,65,3,819,0,0,0,819
09/14/2018,FLL,FL,ASO,ES,Towers with Radar,656,68,32,1,757,0,7,17,0,24,656,75,49,1,781,0,0,0,781
09/15/2018,FLL,FL,ASO,ES,Towers with Radar,652,46,25,1,724,0,6,9,0,15,652,52,34,1,739,0,0,0,739
09/16/2018,FLL,FL,ASO,ES,Towers with Radar,664,57,39,0,760,0,5,21,0,26,664,62,60,0,786,0,0,0,786
09/17/2018,FLL,FL,ASO,ES,Towers with Radar,659,65,37,0,761,0,10,20,0,30,659,75,57,0,791,0,0,0,791
09/18/2018,FLL,FL,ASO,ES,Towers with Radar,605,76,42,1,724,0,9,20,0,29,605,85,62,1,753,0,0,0,753
09/19/2018,FLL,FL,ASO,ES,Towers with Radar,617,78,43,1,739,0,6,24,0,30,617,84,67,1,769,0,0,0,769
09/20/2018,FLL,FL,ASO,ES,Towers with Radar,661,80,48,0,789,0,12,20,0,32,661,92,68,0,821,0,0,0,821
09/21/2018,FLL,FL,ASO,ES,Towers with Radar,663,81,47,2,793,0,6,26,2,34,663,87,73,4,827,0,0,0,827
09/22/2018,FLL,FL,ASO,ES,Towers with Radar,638,60,27,2,727,0,9,15,0,24,638,69,42,2,751,0,0,0,751
09/23/2018,FLL,FL,ASO,ES,Towers with Radar,658,55,50,0,763,0,2,29,2,33,658,57,79,2,796,0,0,0,796
09/24/2018,FLL,FL,ASO,ES,Towers with Radar,655,75,47,0,777,1,13,27,0,41,656,88,74,0,818,0,0,0,818
09/25/2018,FLL,FL,ASO,ES,Towers with Radar,598,70,58,0,726,0,7,23,3,33,598,77,81,3,759,0,0,0,759
09/26/2018,FLL,FL,ASO,ES,Towers with Radar,601,67,50,2,720,0,6,33,3,42,601,73,83,5,762,0,0,0,762
09/27/2018,FLL,FL,ASO,ES,Towers with Radar,663,78,54,0,795,0,5,30,2,37,663,83,84,2,832,0,0,0,832
09/28/2018,FLL,FL,ASO,ES,Towers with Radar,661,71,51,5,788,0,9,29,0,38,661,80,80,5,826,0,0,0,826
09/29/2018,FLL,FL,ASO,ES,Towers with Radar,655,47,31,1,734,0,6,21,0,27,655,53,52,1,761,0,0,0,761
09/30/2018,FLL,FL,ASO,ES,Towers with Radar,658,67,45,0,770,0,2,23,0,25,658,69,68,0,795,0,0,0,795
10/01/2018,FLL,FL,ASO,ES,Towers with Radar,654,69,47,3,773,0,7,22,0,29,654,76,69,3,802,0,0,0,802
10/02/2018,FLL,FL,ASO,ES,Towers with Radar,619,80,37,1,737,0,3,15,0,18,619,83,52,1,755,0,0,0,755
10/03/2018,FLL,FL,ASO,ES,Towers with Radar,625,77,46,0,748,0,6,33,0,39,625,83,79,0,787,0,0,0,787
10/04/2018,FLL,FL,ASO,ES,Towers with Radar,685,91,51,2,829,0,6,32,0,38,685,97,83,2,867,0,0,0,867
10/05/2018,FLL,FL,ASO,ES,Towers with Radar,682,87,61,2,832,0,10,39,0,49,682,97,100,2,881,0,0,0,881
10/06/2018,FLL,FL,ASO,ES,Towers with Radar,667,62,39,2,770,0,9,24,0,33,667,71,63,2,803,0,0,0,803
10/07/2018,FLL,FL,ASO,ES,Towers with Radar,673,67,36,2,778,0,5,24,1,30,673,72,60,3,808,0,0,0,808
10/08/2018,FLL,FL,ASO,ES,Towers with Radar,677,67,41,2,787,0,4,22,0,26,677,71,63,2,813,0,0,0,813
10/09/2018,FLL,FL,ASO,ES,Towers with Radar,611,81,50,2,744,0,10,25,0,35,611,91,75,2,779,0,0,0,779
10/10/2018,FLL,FL,ASO,ES,Towers with Radar,624,70,38,1,733,0,6,29,1,36,624,76,67,2,769,0,0,0,769
10/11/2018,FLL,FL,ASO,ES,Towers with Radar,666,72,38,1,777,0,11,24,3,38,666,83,62,4,815,0,0,0,815
10/12/2018,FLL,FL,ASO,ES,Towers with Radar,701,68,62,4,835,0,9,41,2,52,701,77,103,6,887,0,0,0,887
10/13/2018,FLL,FL,ASO,ES,Towers with Radar,660,52,51,0,763,0,1,28,0,29,660,53,79,0,792,0,0,0,792
10/14/2018,FLL,FL,ASO,ES,Towers with Radar,679,62,54,4,799,0,3,38,0,41,679,65,92,4,840,0,0,0,840
10/15/2018,FLL,FL,ASO,ES,Towers with Radar,671,66,68,4,809,0,11,30,2,43,671,77,98,6,852,0,0,0,852
10/16/2018,FLL,FL,ASO,ES,Towers with Radar,629,81,63,0,773,0,3,18,0,21,629,84,81,0,794,0,0,0,794
10/17/2018,FLL,FL,ASO,ES,Towers with Radar,627,65,49,1,742,0,10,20,3,33,627,75,69,4,775,0,0,0,775
10/18/2018,FLL,FL,ASO,ES,Towers with Radar,672,76,50,0,798,0,3,49,0,52,672,79,99,0,850,0,0,0,850
10/19/2018,FLL,FL,ASO,ES,Towers with Radar,690,83,72,2,847,0,9,44,0,53,690,92,116,2,900,0,0,0,900
10/20/2018,FLL,FL,ASO,ES,Towers with Radar,667,55,35,2,759,0,0,27,0,27,667,55,62,2,786,0,0,0,786
10/21/2018,FLL,FL,ASO,ES,Towers with Radar,675,74,60,1,810,0,2,34,0,36,675,76,94,1,846,0,0,0,846
10/22/2018,FLL,FL,ASO,ES,Towers with Radar,696,65,46,1,808,0,3,24,0,27,696,68,70,1,835,0,0,0,835
10/23/2018,FLL,FL,ASO,ES,Towers with Radar,622,70,35,1,728,0,10,26,0,36,622,80,61,1,764,0,0,0,764
10/24/2018,FLL,FL,ASO,ES,Towers with Radar,625,77,52,1,755,0,7,31,0,38,625,84,83,1,793,0,0,0,793
10/25/2018,FLL,FL,ASO,ES,Towers with Radar,683,73,52,4,812,0,5,38,4,47,683,78,90,8,859,0,0,0,859
10/26/2018,FLL,FL,ASO,ES,Towers with Radar,672,83,45,1,801,0,8,31,2,41,672,91,76,3,842,0,0,0,842
10/27/2018,FLL,FL,ASO,ES,Towers with Radar,660,57,45,1,763,0,2,36,0,38,660,59,81,1,801,0,0,0,801
10/28/2018,FLL,FL,ASO,ES,Towers with Radar,681,69,42,1,793,0,4,38,2,44,681,73,80,3,837,0,0,0,837
10/29/2018,FLL,FL,ASO,ES,Towers with Radar,684,77,63,2,826,0,4,29,0,33,684,81,92,2,859,0,0,0,859
10/30/2018,FLL,FL,ASO,ES,Towers with Radar,611,83,79,1,774,0,6,43,2,51,611,89,122,3,825,0,0,0,825
10/31/2018,FLL,FL,ASO,ES,Towers with Radar,576,89,101,1,767,0,6,45,6,57,576,95,146,7,824,0,0,0,824
11/01/2018,FLL,FL,ASO,ES,Towers with Radar,688,106,187,4,985,0,7,58,0,65,688,113,245,4,1050,0,0,0,1050
11/02/2018,FLL,FL,ASO,ES,Towers with Radar,681,109,129,1,920,0,6,44,1,51,681,115,173,2,971,0,0,0,971
11/03/2018,FLL,FL,ASO,ES,Towers with Radar,692,80,86,2,860,0,0,35,0,35,692,80,121,2,895,0,0,0,895
11/04/2018,FLL,FL,ASO,ES,Towers with Radar,733,73,104,5,915,0,2,36,2,40,733,75,140,7,955,0,0,0,955
11/05/2018,FLL,FL,ASO,ES,Towers with Radar,719,79,72,5,875,0,18,32,0,50,719,97,104,5,925,0,0,0,925
11/06/2018,FLL,FL,ASO,ES,Towers with Radar,645,81,48,2,776,1,10,36,0,47,646,91,84,2,823,0,0,0,823
11/07/2018,FLL,FL,ASO,ES,Towers with Radar,683,87,58,6,834,0,7,26,1,34,683,94,84,7,868,0,0,0,868
11/08/2018,FLL,FL,ASO,ES,Towers with Radar,742,88,53,0,883,0,7,43,4,54,742,95,96,4,937,0,0,0,937
11/09/2018,FLL,FL,ASO,ES,Towers with Radar,746,82,42,2,872,0,8,52,0,60,746,90,94,2,932,0,0,0,932
11/10/2018,FLL,FL,ASO,ES,Towers with Radar,726,60,38,0,824,0,2,39,0,41,726,62,77,0,865,0,0,0,865
11/11/2018,FLL,FL,ASO,ES,Towers with Radar,725,69,60,0,854,0,5,33,0,38,725,74,93,0,892,0,0,0,892
11/12/2018,FLL,FL,ASO,ES,Towers with Radar,757,74,60,1,892,0,7,34,0,41,757,81,94,1,933,0,0,0,933
11/13/2018,FLL,FL,ASO,ES,Towers with Radar,712,81,58,1,852,0,4,27,0,31,712,85,85,1,883,0,0,0,883
11/14/2018,FLL,FL,ASO,ES,Towers with Radar,706,88,54,5,853,0,15,32,4,51,706,103,86,9,904,0,0,0,904
11/15/2018,FLL,FL,ASO,ES,Towers with Radar,702,86,77,6,871,0,8,24,4,36,702,94,101,10,907,0,0,0,907
11/16/2018,FLL,FL,ASO,ES,Towers with Radar,759,89,63,7,918,0,8,40,10,58,759,97,103,17,976,0,0,0,976
11/17/2018,FLL,FL,ASO,ES,Towers with Radar,789,79,61,0,929,0,11,44,1,56,789,90,105,1,985,0,0,0,985
11/18/2018,FLL,FL,ASO,ES,Towers with Radar,752,68,60,2,882,0,10,41,7,58,752,78,101,9,940,0,0,0,940
11/19/2018,FLL,FL,ASO,ES,Towers with Radar,757,79,77,2,915,0,6,38,0,44,757,85,115,2,959,0,0,0,959
11/20/2018,FLL,FL,ASO,ES,Towers with Radar,760,122,100,2,984,0,5,41,0,46,760,127,141,2,1030,0,0,0,1030
11/21/2018,FLL,FL,ASO,ES,Towers with Radar,780,121,100,0,1001,0,21,41,8,70,780,142,141,8,1071,0,0,0,1071
11/22/2018,FLL,FL,ASO,ES,Towers with Radar,614,69,36,0,719,0,3,17,0,20,614,72,53,0,739,0,0,0,739
11/23/2018,FLL,FL,ASO,ES,Towers with Radar,705,89,42,1,837,0,6,32,0,38,705,95,74,1,875,0,0,0,875
11/24/2018,FLL,FL,ASO,ES,Towers with Radar,799,95,66,0,960,0,4,27,0,31,799,99,93,0,991,0,0,0,991
11/25/2018,FLL,FL,ASO,ES,Towers with Radar,782,122,160,2,1066,0,14,61,0,75,782,136,221,2,1141,0,0,0,1141
11/26/2018,FLL,FL,ASO,ES,Towers with Radar,784,97,65,0,946,0,14,25,0,39,784,111,90,0,985,0,0,0,985
11/27/2018,FLL,FL,ASO,ES,Towers with Radar,700,100,58,2,860,0,9,23,0,32,700,109,81,2,892,0,0,0,892
11/28/2018,FLL,FL,ASO,ES,Towers with Radar,671,92,61,0,824,0,5,31,0,36,671,97,92,0,860,0,0,0,860
11/29/2018,FLL,FL,ASO,ES,Towers with Radar,721,91,82,3,897,0,9,54,6,69,721,100,136,9,966,0,0,0,966
11/30/2018,FLL,FL,ASO,ES,Towers with Radar,742,88,51,3,884,0,8,40,2,50,742,96,91,5,934,0,0,0,934
12/01/2018,FLL,FL,ASO,ES,Towers with Radar,702,61,52,0,815,0,2,19,0,21,702,63,71,0,836,0,0,0,836
12/02/2018,FLL,FL,ASO,ES,Towers with Radar,718,83,66,2,869,0,4,34,2,40,718,87,100,4,909,0,0,0,909
12/03/2018,FLL,FL,ASO,ES,Towers with Radar,733,95,79,0,907,0,6,32,8,46,733,101,111,8,953,0,0,0,953
12/04/2018,FLL,FL,ASO,ES,Towers with Radar,648,84,69,0,801,0,6,27,0,33,648,90,96,0,834,0,0,0,834
12/05/2018,FLL,FL,ASO,ES,Towers with Radar,666,79,73,0,818,0,8,23,2,33,666,87,96,2,851,0,0,0,851
12/06/2018,FLL,FL,ASO,ES,Towers with Radar,720,95,57,0,872,0,6,50,0,56,720,101,107,0,928,0,0,0,928
12/07/2018,FLL,FL,ASO,ES,Towers with Radar,735,97,88,0,920,0,10,32,2,44,735,107,120,2,964,0,0,0,964
12/08/2018,FLL,FL,ASO,ES,Towers with Radar,701,69,50,4,824,0,5,25,2,32,701,74,75,6,856,0,0,0,856
12/09/2018,FLL,FL,ASO,ES,Towers with Radar,690,84,65,1,840,0,6,21,2,29,690,90,86,3,869,0,0,0,869
12/10/2018,FLL,FL,ASO,ES,Towers with Radar,716,84,62,1,863,0,14,29,4,47,716,98,91,5,910,0,0,0,910
12/11/2018,FLL,FL,ASO,ES,Towers with Radar,654,77,58,7,796,0,11,23,5,39,654,88,81,12,835,0,0,0,835
12/12/2018,FLL,FL,ASO,ES,Towers with Radar,658,67,60,2,787,0,8,26,2,36,658,75,86,4,823,0,0,0,823
12/13/2018,FLL,FL,ASO,ES,Towers with Radar,727,94,54,2,877,0,12,43,2,57,727,106,97,4,934,0,0,0,934
12/14/2018,FLL,FL,ASO,ES,Towers with Radar,758,78,53,2,891,0,11,35,6,52,758,89,88,8,943,0,0,0,943
12/15/2018,FLL,FL,ASO,ES,Towers with Radar,745,75,55,0,875,0,1,18,0,19,745,76,73,0,894,0,0,0,894
12/16/2018,FLL,FL,ASO,ES,Towers with Radar,752,80,66,1,899,0,4,31,2,37,752,84,97,3,936,0,0,0,936
12/17/2018,FLL,FL,ASO,ES,Towers with Radar,752,73,74,1,900,0,12,26,0,38,752,85,100,1,938,0,0,0,938
12/18/2018,FLL,FL,ASO,ES,Towers with Radar,698,63,59,1,821,0,5,37,1,43,698,68,96,2,864,0,0,0,864
12/19/2018,FLL,FL,ASO,ES,Towers with Radar,757,86,61,0,904,0,7,40,2,49,757,93,101,2,953,0,0,0,953
12/20/2018,FLL,FL,ASO,ES,Towers with Radar,782,88,73,0,943,0,7,23,0,30,782,95,96,0,973,0,0,0,973
12/21/2018,FLL,FL,ASO,ES,Towers with Radar,856,132,86,2,1076,0,18,28,0,46,856,150,114,2,1122,0,0,0,1122
12/22/2018,FLL,FL,ASO,ES,Towers with Radar,891,114,110,0,1115,0,15,52,0,67,891,129,162,0,1182,0,0,0,1182
12/23/2018,FLL,FL,ASO,ES,Towers with Radar,866,106,68,2,1042,0,7,36,2,45,866,113,104,4,1087,0,0,0,1087
12/24/2018,FLL,FL,ASO,ES,Towers with Radar,801,77,25,0,903,0,2,16,0,18,801,79,41,0,921,0,0,0,921
12/25/2018,FLL,FL,ASO,ES,Towers with Radar,738,88,34,0,860,0,2,14,0,16,738,90,48,0,876,0,0,0,876
12/26/2018,FLL,FL,ASO,ES,Towers with Radar,830,111,131,1,1073,0,16,44,0,60,830,127,175,1,1133,0,0,0,1133
12/27/2018,FLL,FL,ASO,ES,Towers with Radar,858,136,112,1,1107,0,20,54,2,76,858,156,166,3,1183,0,0,0,1183
12/28/2018,FLL,FL,ASO,ES,Towers with Radar,880,115,99,2,1096,0,16,39,6,61,880,131,138,8,1157,0,0,0,1157
12/29/2018,FLL,FL,ASO,ES,Towers with Radar,892,106,79,0,1077,0,20,36,7,63,892,126,115,7,1140,0,0,0,1140
12/30/2018,FLL,FL,ASO,ES,Towers with Radar,872,103,106,0,1081,0,7,29,0,36,872,110,135,0,1117,0,0,0,1117
12/31/2018,FLL,FL,ASO,ES,Towers with Radar,793,94,37,0,924,0,8,28,0,36,793,102,65,0,960,0,0,0,960
01/01/2019,FLL,FL,ASO,ES,Towers with Radar,796,96,79,0,971,0,13,47,2,62,796,109,126,2,1033,0,0,0,1033
01/02/2019,FLL,FL,ASO,ES,Towers with Radar,847,115,114,4,1080,0,19,56,0,75,847,134,170,4,1155,0,0,0,1155
01/03/2019,FLL,FL,ASO,ES,Towers with Radar,817,123,105,4,1049,0,12,48,1,61,817,135,153,5,1110,0,0,0,1110
01/04/2019,FLL,FL,ASO,ES,Towers with Radar,823,105,85,2,1015,0,12,40,0,52,823,117,125,2,1067,0,0,0,1067
01/05/2019,FLL,FL,ASO,ES,Towers with Radar,814,116,95,0,1025,0,8,33,0,41,814,124,128,0,1066,0,0,0,1066
01/06/2019,FLL,FL,ASO,ES,Towers with Radar,808,117,98,1,1024,0,7,31,0,38,808,124,129,1,1062,0,0,0,1062
01/07/2019,FLL,FL,ASO,ES,Towers with Radar,788,92,74,3,957,0,9,34,0,43,788,101,108,3,1000,0,0,0,1000
01/08/2019,FLL,FL,ASO,ES,Towers with Radar,728,69,69,0,866,0,7,29,0,36,728,76,98,0,902,0,0,0,902
01/09/2019,FLL,FL,ASO,ES,Towers with Radar,744,75,66,0,885,0,10,29,0,39,744,85,95,0,924,0,0,0,924
01/10/2019,FLL,FL,ASO,ES,Towers with Radar,758,84,83,2,927,0,6,29,2,37,758,90,112,4,964,0,0,0,964
01/11/2019,FLL,FL,ASO,ES,Towers with Radar,784,86,75,5,950,0,12,22,2,36,784,98,97,7,986,0,0,0,986
01/12/2019,FLL,FL,ASO,ES,Towers with Radar,767,80,58,2,907,0,3,21,0,24,767,83,79,2,931,0,0,0,931
01/13/2019,FLL,FL,ASO,ES,Towers with Radar,758,83,51,1,893,0,6,7,0,13,758,89,58,1,906,0,0,0,906
01/14/2019,FLL,FL,ASO,ES,Towers with Radar,765,76,42,0,883,0,9,22,2,33,765,85,64,2,916,0,0,0,916
01/15/2019,FLL,FL,ASO,ES,Towers with Radar,693,76,50,0,819,0,7,17,0,24,693,83,67,0,843,0,0,0,843
01/16/2019,FLL,FL,ASO,ES,Towers with Radar,704,98,58,0,860,0,9,31,2,42,704,107,89,2,902,0,0,0,902
01/17/2019,FLL,FL,ASO,ES,Towers with Radar,766,99,59,1,925,0,10,30,0,40,766,109,89,1,965,0,0,0,965
01/18/2019,FLL,FL,ASO,ES,Towers with Radar,782,120,89,1,992,0,18,37,1,56,782,138,126,2,1048,0,0,0,1048
01/19/2019,FLL,FL,ASO,ES,Towers with Radar,721,74,51,3,849,0,4,29,0,33,721,78,80,3,882,0,0,0,882
01/20/2019,FLL,FL,ASO,ES,Towers with Radar,694,74,58,0,826,0,6,22,0,28,694,80,80,0,854,0,0,0,854
01/21/2019,FLL,FL,ASO,ES,Towers with Radar,753,118,84,1,956,0,7,40,0,47,753,125,124,1,1003,0,0,0,1003
01/22/2019,FLL,FL,ASO,ES,Towers with Radar,687,93,48,3,831,0,7,28,0,35,687,100,76,3,866,0,0,0,866
01/23/2019,FLL,FL,ASO,ES,Towers with Radar,698,102,63,0,863,0,5,21,0,26,698,107,84,0,889,0,0,0,889
01/24/2019,FLL,FL,ASO,ES,Towers with Radar,756,90,70,1,917,0,7,16,3,26,756,97,86,4,943,0,0,0,943
01/25/2019,FLL,FL,ASO,ES,Towers with Radar,793,102,66,3,964,1,9,25,0,35,794,111,91,3,999,0,0,0,999
01/26/2019,FLL,FL,ASO,ES,Towers with Radar,778,74,67,2,921,0,0,4,0,4,778,74,71,2,925,0,0,0,925
01/27/2019,FLL,FL,ASO,ES,Towers with Radar,764,98,65,1,928,0,0,12,0,12,764,98,77,1,940,0,0,0,940
01/28/2019,FLL,FL,ASO,ES,Towers with Radar,769,77,63,2,911,0,7,18,0,25,769,84,81,2,936,0,0,0,936
01/29/2019,FLL,FL,ASO,ES,Towers with Radar,688,91,53,1,833,0,12,27,4,43,688,103,80,5,876,0,0,0,876
01/30/2019,FLL,FL,ASO,ES,Towers with Radar,673,78,63,1,815,0,9,29,2,40,673,87,92,3,855,0,0,0,855
01/31/2019,FLL,FL,ASO,ES,Towers with Radar,741,113,86,2,942,0,6,36,2,44,741,119,122,4,986,0,0,0,986
02/01/2019,FLL,FL,ASO,ES,Towers with Radar,782,104,86,11,983,0,8,43,2,53,782,112,129,13,1036,0,0,0,1036
02/02/2019,FLL,FL,ASO,ES,Towers with Radar,782,106,69,7,964,0,1,24,0,25,782,107,93,7,989,0,0,0,989
02/03/2019,FLL,FL,ASO,ES,Towers with Radar,729,103,67,7,906,0,5,25,0,30,729,108,92,7,936,0,0,0,936
02/04/2019,FLL,FL,ASO,ES,Towers with Radar,760,106,70,8,944,0,9,23,0,32,760,115,93,8,976,0,0,0,976
02/05/2019,FLL,FL,ASO,ES,Towers with Radar,697,80,78,2,857,0,8,25,0,33,697,88,103,2,890,0,0,0,890
02/06/2019,FLL,FL,ASO,ES,Towers with Radar,694,95,51,1,841,0,12,25,0,37,694,107,76,1,878,0,0,0,878
02/07/2019,FLL,FL,ASO,ES,Towers with Radar,758,96,53,2,909,0,7,31,0,38,758,103,84,2,947,0,0,0,947
02/08/2019,FLL,FL,ASO,ES,Towers with Radar,784,97,74,2,957,0,11,37,2,50,784,108,111,4,1007,0,0,0,1007
02/09/2019,FLL,FL,ASO,ES,Towers with Radar,766,87,53,3,909,0,4,16,2,22,766,91,69,5,931,0,0,0,931
02/10/2019,FLL,FL,ASO,ES,Towers with Radar,758,92,72,1,923,0,2,18,0,20,758,94,90,1,943,0,0,0,943
02/11/2019,FLL,FL,ASO,ES,Towers with Radar,771,86,64,2,923,0,6,27,2,35,771,92,91,4,958,0,0,0,958
02/12/2019,FLL,FL,ASO,ES,Towers with Radar,654,81,62,1,798,0,9,36,2,47,654,90,98,3,845,0,0,0,845
02/13/2019,FLL,FL,ASO,ES,Towers with Radar,717,109,68,1,895,0,0,2,0,2,717,109,70,1,897,0,0,0,897
02/14/2019,FLL,FL,ASO,ES,Towers with Radar,790,116,93,2,1001,0,13,89,5,107,790,129,182,7,1108,0,0,0,1108
02/15/2019,FLL,FL,ASO,ES,Towers with Radar,820,127,96,2,1045,1,19,68,0,88,821,146,164,2,1133,0,0,0,1133
02/16/2019,FLL,FL,ASO,ES,Towers with Radar,820,108,77,0,1005,0,4,39,0,43,820,112,116,0,1048,0,0,0,1048
02/17/2019,FLL,FL,ASO,ES,Towers with Radar,788,111,96,0,995,0,10,36,0,46,788,121,132,0,1041,0,0,0,1041
02/18/2019,FLL,FL,ASO,ES,Towers with Radar,792,150,113,3,1058,0,9,32,1,42,792,159,145,4,1100,0,0,0,1100
02/19/2019,FLL,FL,ASO,ES,Towers with Radar,768,101,58,0,927,0,10,35,0,45,768,111,93,0,972,0,0,0,972
02/20/2019,FLL,FL,ASO,ES,Towers with Radar,729,100,58,1,888,0,6,45,0,51,729,106,103,1,939,0,0,0,939
02/21/2019,FLL,FL,ASO,ES,Towers with Radar,811,108,85,1,1005,0,7,41,2,50,811,115,126,3,1055,0,0,0,1055
02/22/2019,FLL,FL,ASO,ES,Towers with Radar,809,110,68,4,991,0,14,51,2,67,809,124,119,6,1058,0,0,0,1058
02/23/2019,FLL,FL,ASO,ES,Towers with Radar,849,97,57,0,1003,0,10,32,0,42,849,107,89,0,1045,0,0,0,1045
02/24/2019,FLL,FL,ASO,ES,Towers with Radar,797,100,64,0,961,0,7,27,0,34,797,107,91,0,995,0,0,0,995
02/25/2019,FLL,FL,ASO,ES,Towers with Radar,801,89,60,4,954,0,7,32,4,43,801,96,92,8,997,0,0,0,997
02/26/2019,FLL,FL,ASO,ES,Towers with Radar,770,108,68,0,946,0,7,22,0,29,770,115,90,0,975,0,0,0,975
02/27/2019,FLL,FL,ASO,ES,Towers with Radar,764,112,79,0,955,0,7,26,4,37,764,119,105,4,992,0,0,0,992
02/28/2019,FLL,FL,ASO,ES,Towers with Radar,806,114,82,3,1005,0,11,40,5,56,806,125,122,8,1061,0,0,0,1061
03/01/2019,FLL,FL,ASO,ES,Towers with Radar,807,118,82,2,1009,0,10,57,4,71,807,128,139,6,1080,0,0,0,1080
03/02/2019,FLL,FL,ASO,ES,Towers with Radar,822,93,73,0,988,0,2,25,0,27,822,95,98,0,1015,0,0,0,1015
03/03/2019,FLL,FL,ASO,ES,Towers with Radar,792,98,77,1,968,0,5,41,2,48,792,103,118,3,1016,0,0,0,1016
03/04/2019,FLL,FL,ASO,ES,Towers with Radar,798,89,71,1,959,0,8,21,0,29,798,97,92,1,988,0,0,0,988
03/05/2019,FLL,FL,ASO,ES,Towers with Radar,772,110,73,1,956,0,6,25,2,33,772,116,98,3,989,0,0,0,989
03/06/2019,FLL,FL,ASO,ES,Towers with Radar,794,100,80,2,976,0,14,45,4,63,794,114,125,6,1039,0,0,0,1039
03/07/2019,FLL,FL,ASO,ES,Towers with Radar,816,118,77,2,1013,0,9,45,4,58,816,127,122,6,1071,0,0,0,1071
03/08/2019,FLL,FL,ASO,ES,Towers with Radar,829,128,86,5,1048,0,15,50,4,69,829,143,136,9,1117,0,0,0,1117
03/09/2019,FLL,FL,ASO,ES,Towers with Radar,834,130,113,0,1077,0,7,44,6,57,834,137,157,6,1134,0,0,0,1134
03/10/2019,FLL,FL,ASO,ES,Towers with Radar,805,132,130,1,1068,0,8,32,4,44,805,140,162,5,1112,0,0,0,1112
03/11/2019,FLL,FL,ASO,ES,Towers with Radar,828,93,69,0,990,0,12,53,2,67,828,105,122,2,1057,0,0,0,1057
03/12/2019,FLL,FL,ASO,ES,Towers with Radar,802,101,93,4,1000,0,4,40,2,46,802,105,133,6,1046,0,0,0,1046
03/13/2019,FLL,FL,ASO,ES,Towers with Radar,795,109,72,4,980,0,5,37,3,45,795,114,109,7,1025,0,0,0,1025
03/14/2019,FLL,FL,ASO,ES,Towers with Radar,788,122,98,3,1011,0,10,40,0,50,788,132,138,3,1061,0,0,0,1061
03/15/2019,FLL,FL,ASO,ES,Towers with Radar,827,137,103,3,1070,0,16,62,2,80,827,153,165,5,1150,0,0,0,1150
03/16/2019,FLL,FL,ASO,ES,Towers with Radar,850,97,90,2,1039,0,9,45,2,56,850,106,135,4,1095,0,0,0,1095
03/17/2019,FLL,FL,ASO,ES,Towers with Radar,822,101,111,0,1034,0,5,19,0,24,822,106,130,0,1058,0,0,0,1058
03/18/2019,FLL,FL,ASO,ES,Towers with Radar,835,89,76,2,1002,0,9,15,4,28,835,98,91,6,1030,0,0,0,1030
03/19/2019,FLL,FL,ASO,ES,Towers with Radar,797,81,67,4,949,0,0,1,2,3,797,81,68,6,952,0,0,0,952
03/20/2019,FLL,FL,ASO,ES,Towers with Radar,797,87,92,3,979,0,5,32,2,39,797,92,124,5,1018,0,0,0,1018
03/21/2019,FLL,FL,ASO,ES,Towers with Radar,813,104,70,3,990,0,6,32,4,42,813,110,102,7,1032,0,0,0,1032
03/22/2019,FLL,FL,ASO,ES,Towers with Radar,836,135,96,1,1068,0,15,44,3,62,836,150,140,4,1130,0,0,0,1130
03/23/2019,FLL,FL,ASO,ES,Towers with Radar,852,118,83,0,1053,0,11,34,0,45,852,129,117,0,1098,0,0,0,1098
03/24/2019,FLL,FL,ASO,ES,Towers with Radar,816,141,119,1,1077,0,2,35,3,40,816,143,154,4,1117,0,0,0,1117
03/25/2019,FLL,FL,ASO,ES,Towers with Radar,819,88,56,0,963,0,7,41,0,48,819,95,97,0,1011,0,0,0,1011
03/26/2019,FLL,FL,ASO,ES,Towers with Radar,788,103,59,0,950,0,5,37,0,42,788,108,96,0,992,0,0,0,992
03/27/2019,FLL,FL,ASO,ES,Towers with Radar,795,109,89,0,993,0,6,31,0,37,795,115,120,0,1030,0,0,0,1030
03/28/2019,FLL,FL,ASO,ES,Towers with Radar,824,105,73,0,1002,0,7,26,2,35,824,112,99,2,1037,0,0,0,1037
03/29/2019,FLL,FL,ASO,ES,Towers with Radar,822,112,120,3,1057,0,5,44,1,50,822,117,164,4,1107,0,0,0,1107
03/30/2019,FLL,FL,ASO,ES,Towers with Radar,846,106,100,1,1053,0,4,31,1,36,846,110,131,2,1089,0,0,0,1089
03/31/2019,FLL,FL,ASO,ES,Towers with Radar,809,124,97,2,1032,0,7,44,0,51,809,131,141,2,1083,0,0,0,1083
04/01/2019,FLL,FL,ASO,ES,Towers with Radar,792,106,85,1,984,0,7,54,0,61,792,113,139,1,1045,0,0,0,1045
04/02/2019,FLL,FL,ASO,ES,Towers with Radar,769,101,67,4,941,0,4,39,0,43,769,105,106,4,984,0,0,0,984
04/03/2019,FLL,FL,ASO,ES,Towers with Radar,774,103,86,1,964,0,5,28,0,33,774,108,114,1,997,0,0,0,997
04/04/2019,FLL,FL,ASO,ES,Towers with Radar,805,107,76,0,988,0,3,25,0,28,805,110,101,0,1016,0,0,0,1016
04/05/2019,FLL,FL,ASO,ES,Towers with Radar,817,102,69,2,990,0,13,41,3,57,817,115,110,5,1047,0,0,0,1047
04/06/2019,FLL,FL,ASO,ES,Towers with Radar,821,90,66,2,979,0,5,40,0,45,821,95,106,2,1024,0,0,0,1024
04/07/2019,FLL,FL,ASO,ES,Towers with Radar,788,96,73,5,962,0,4,29,2,35,788,100,102,7,997,0,0,0,997
04/08/2019,FLL,FL,ASO,ES,Towers with Radar,793,85,77,2,957,0,14,33,2,49,793,99,110,4,1006,0,0,0,1006
04/09/2019,FLL,FL,ASO,ES,Towers with Radar,732,106,62,0,900,0,4,14,0,18,732,110,76,0,918,0,0,0,918
04/10/2019,FLL,FL,ASO,ES,Towers with Radar,764,104,90,1,959,0,7,34,3,44,764,111,124,4,1003,0,0,0,1003
04/11/2019,FLL,FL,ASO,ES,Towers with Radar,787,121,81,2,991,0,6,40,8,54,787,127,121,10,1045,0,0,0,1045
04/12/2019,FLL,FL,ASO,ES,Towers with Radar,785,109,57,2,953,0,10,36,2,48,785,119,93,4,1001,0,0,0,1001
04/13/2019,FLL,FL,ASO,ES,Towers with Radar,783,110,65,4,962,0,7,35,0,42,783,117,100,4,1004,0,0,0,1004
04/14/2019,FLL,FL,ASO,ES,Towers with Radar,727,111,84,0,922,0,6,26,3,35,727,117,110,3,957,0,0,0,957
04/15/2019,FLL,FL,ASO,ES,Towers with Radar,782,97,95,5,979,0,12,20,5,37,782,109,115,10,1016,0,0,0,1016
04/16/2019,FLL,FL,ASO,ES,Towers with Radar,759,85,54,1,899,0,8,28,0,36,759,93,82,1,935,0,0,0,935
04/17/2019,FLL,FL,ASO,ES,Towers with Radar,763,98,82,8,951,0,10,39,0,49,763,108,121,8,1000,0,0,0,1000
04/18/2019,FLL,FL,ASO,ES,Towers with Radar,769,114,114,5,1002,0,13,35,4,52,769,127,149,9,1054,0,0,0,1054
04/19/2019,FLL,FL,ASO,ES,Towers with Radar,593,114,56,5,768,0,18,14,0,32,593,132,70,5,800,0,0,0,800
04/20/2019,FLL,FL,ASO,ES,Towers with Radar,834,95,79,4,1012,0,9,32,3,44,834,104,111,7,1056,0,0,0,1056
04/21/2019,FLL,FL,ASO,ES,Towers with Radar,755,126,87,0,968,0,5,33,0,38,755,131,120,0,1006,0,0,0,1006
04/22/2019,FLL,FL,ASO,ES,Towers with Radar,786,109,97,2,994,0,17,43,3,63,786,126,140,5,1057,0,0,0,1057
04/23/2019,FLL,FL,ASO,ES,Towers with Radar,759,90,54,0,903,0,13,32,14,59,759,103,86,14,962,0,0,0,962
04/24/2019,FLL,FL,ASO,ES,Towers with Radar,740,96,62,0,898,0,3,48,2,53,740,99,110,2,951,0,0,0,951
04/25/2019,FLL,FL,ASO,ES,Towers with Radar,779,101,72,0,952,0,14,44,2,60,779,115,116,2,1012,0,0,0,1012
04/26/2019,FLL,FL,ASO,ES,Towers with Radar,757,112,94,1,964,0,6,41,1,48,757,118,135,2,1012,0,0,0,1012
04/27/2019,FLL,FL,ASO,ES,Towers with Radar,786,83,42,2,913,0,4,27,0,31,786,87,69,2,944,0,0,0,944
04/28/2019,FLL,FL,ASO,ES,Towers with Radar,742,118,90,3,953,0,6,31,0,37,742,124,121,3,990,0,0,0,990
04/29/2019,FLL,FL,ASO,ES,Towers with Radar,767,71,72,2,912,0,10,37,5,52,767,81,109,7,964,0,0,0,964
04/30/2019,FLL,FL,ASO,ES,Towers with Radar,727,92,70,2,891,0,10,24,0,34,727,102,94,2,925,0,0,0,925
05/01/2019,FLL,FL,ASO,ES,Towers with Radar,716,96,68,4,884,0,3,42,4,49,716,99,110,8,933,0,0,0,933
05/02/2019,FLL,FL,ASO,ES,Towers with Radar,702,90,77,5,874,0,0,15,3,18,702,90,92,8,892,0,0,0,892
05/03/2019,FLL,FL,ASO,ES,Towers with Radar,747,85,75,1,908,0,15,48,6,69,747,100,123,7,977,0,0,0,977
05/04/2019,FLL,FL,ASO,ES,Towers with Radar,724,79,61,0,864,0,10,46,5,61,724,89,107,5,925,0,0,0,925
05/05/2019,FLL,FL,ASO,ES,Towers with Radar,699,92,81,2,874,0,5,41,16,62,699,97,122,18,936,0,0,0,936
05/06/2019,FLL,FL,ASO,ES,Towers with Radar,737,80,77,0,894,0,9,42,1,52,737,89,119,1,946,0,0,0,946
05/07/2019,FLL,FL,ASO,ES,Towers with Radar,697,95,57,3,852,0,6,25,0,31,697,101,82,3,883,0,0,0,883
05/08/2019,FLL,FL,ASO,ES,Towers with Radar,694,84,80,2,860,0,7,38,0,45,694,91,118,2,905,0,0,0,905
05/09/2019,FLL,FL,ASO,ES,Towers with Radar,720,92,95,0,907,0,5,34,0,39,720,97,129,0,946,0,0,0,946
05/10/2019,FLL,FL,ASO,ES,Towers with Radar,750,86,76,0,912,0,11,28,4,43,750,97,104,4,955,0,0,0,955
05/11/2019,FLL,FL,ASO,ES,Towers with Radar,695,74,74,0,843,0,7,21,1,29,695,81,95,1,872,0,0,0,872
05/12/2019,FLL,FL,ASO,ES,Towers with Radar,698,84,48,2,832,0,4,29,2,35,698,88,77,4,867,0,0,0,867
05/13/2019,FLL,FL,ASO,ES,Towers with Radar,710,76,72,1,859,0,14,35,7,56,710,90,107,8,915,0,0,0,915
05/14/2019,FLL,FL,ASO,ES,Towers with Radar,726,102,51,0,879,0,5,23,0,28,726,107,74,0,907,0,0,0,907
05/15/2019,FLL,FL,ASO,ES,Towers with Radar,709,94,71,5,879,0,19,15,1,35,709,113,86,6,914,0,0,0,914
05/16/2019,FLL,FL,ASO,ES,Towers with Radar,728,95,57,1,881,0,15,16,0,31,728,110,73,1,912,0,0,0,912
05/17/2019,FLL,FL,ASO,ES,Towers with Radar,732,111,43,3,889,0,22,14,0,36,732,133,57,3,925,0,0,0,925
05/18/2019,FLL,FL,ASO,ES,Towers with Radar,702,81,47,0,830,0,11,16,0,27,702,92,63,0,857,0,0,0,857
05/19/2019,FLL,FL,ASO,ES,Towers with Radar,699,89,54,4,846,0,23,25,0,48,699,112,79,4,894,0,0,0,894
05/20/2019,FLL,FL,ASO,ES,Towers with Radar,731,86,49,0,866,0,16,21,1,38,731,102,70,1,904,0,0,0,904
05/21/2019,FLL,FL,ASO,ES,Towers with Radar,695,97,62,4,858,0,9,19,2,30,695,106,81,6,888,0,0,0,888
05/22/2019,FLL,FL,ASO,ES,Towers with Radar,712,95,51,0,858,0,11,36,0,47,712,106,87,0,905,0,0,0,905
05/23/2019,FLL,FL,ASO,ES,Towers with Radar,717,95,76,2,890,0,20,24,3,47,717,115,100,5,937,0,0,0,937
05/24/2019,FLL,FL,ASO,ES,Towers with Radar,748,115,59,3,925,0,52,23,0,75,748,167,82,3,1000,0,0,0,1000
05/25/2019,FLL,FL,ASO,ES,Towers with Radar,708,92,36,0,836,0,21,26,0,47,708,113,62,0,883,0,0,0,883
05/26/2019,FLL,FL,ASO,ES,Towers with Radar,691,73,30,0,794,0,13,13,0,26,691,86,43,0,820,0,0,0,820
05/27/2019,FLL,FL,ASO,ES,Towers with Radar,712,95,54,1,862,0,55,33,0,88,712,150,87,1,950,0,0,0,950
05/28/2019,FLL,FL,ASO,ES,Towers with Radar,696,90,50,4,840,0,25,20,2,47,696,115,70,6,887,0,0,0,887
05/29/2019,FLL,FL,ASO,ES,Towers with Radar,685,84,45,3,817,0,16,20,0,36,685,100,65,3,853,0,0,0,853
05/30/2019,FLL,FL,ASO,ES,Towers with Radar,704,87,62,1,854,0,10,37,2,49,704,97,99,3,903,0,0,0,903
05/31/2019,FLL,FL,ASO,ES,Towers with Radar,745,91,57,3,896,0,17,23,0,40,745,108,80,3,936,0,0,0,936
06/01/2019,FLL,FL,ASO,ES,Towers with Radar,705,77,43,2,827,0,13,20,2,35,705,90,63,4,862,0,0,0,862
06/02/2019,FLL,FL,ASO,ES,Towers with Radar,699,83,37,3,822,0,9,14,0,23,699,92,51,3,845,0,0,0,845
06/03/2019,FLL,FL,ASO,ES,Towers with Radar,737,82,29,0,848,0,14,14,0,28,737,96,43,0,876,0,0,0,876
06/04/2019,FLL,FL,ASO,ES,Towers with Radar,698,94,37,1,830,0,14,13,2,29,698,108,50,3,859,0,0,0,859
06/05/2019,FLL,FL,ASO,ES,Towers with Radar,693,90,39,1,823,0,18,24,0,42,693,108,63,1,865,0,0,0,865
06/06/2019,FLL,FL,ASO,ES,Towers with Radar,722,83,38,1,844,0,7,18,1,26,722,90,56,2,870,0,0,0,870
06/07/2019,FLL,FL,ASO,ES,Towers with Radar,732,88,46,0,866,0,16,22,0,38,732,104,68,0,904,0,0,0,904
06/08/2019,FLL,FL,ASO,ES,Towers with Radar,688,64,24,2,778,0,12,24,0,36,688,76,48,2,814,0,0,0,814
06/09/2019,FLL,FL,ASO,ES,Towers with Radar,705,72,28,0,805,0,12,13,0,25,705,84,41,0,830,0,0,0,830
06/10/2019,FLL,FL,ASO,ES,Towers with Radar,707,84,35,0,826,0,11,10,0,21,707,95,45,0,847,0,0,0,847
06/11/2019,FLL,FL,ASO,ES,Towers with Radar,687,85,57,0,829,0,10,22,4,36,687,95,79,4,865,0,0,0,865
06/12/2019,FLL,FL,ASO,ES,Towers with Radar,683,87,38,2,810,0,10,19,0,29,683,97,57,2,839,0,0,0,839
06/13/2019,FLL,FL,ASO,ES,Towers with Radar,688,79,49,0,816,0,17,23,6,46,688,96,72,6,862,0,0,0,862
06/14/2019,FLL,FL,ASO,ES,Towers with Radar,719,78,49,1,847,0,17,18,0,35,719,95,67,1,882,0,0,0,882
06/15/2019,FLL,FL,ASO,ES,Towers with Radar,728,72,37,1,838,0,12,8,0,20,728,84,45,1,858,0,0,0,858
06/16/2019,FLL,FL,ASO,ES,Towers with Radar,679,68,37,3,787,0,2,7,0,9,679,70,44,3,796,0,0,0,796
06/17/2019,FLL,FL,ASO,ES,Towers with Radar,696,61,56,0,813,0,7,6,0,13,696,68,62,0,826,0,0,0,826
06/18/2019,FLL,FL,ASO,ES,Towers with Radar,697,96,45,0,838,0,18,9,0,27,697,114,54,0,865,0,0,0,865
06/19/2019,FLL,FL,ASO,ES,Towers with Radar,689,87,62,0,838,0,14,22,0,36,689,101,84,0,874,0,0,0,874
06/20/2019,FLL,FL,ASO,ES,Towers with Radar,700,98,54,2,854,0,19,29,6,54,700,117,83,8,908,0,0,0,908
06/21/2019,FLL,FL,ASO,ES,Towers with Radar,721,120,60,2,903,0,28,16,2,46,721,148,76,4,949,0,0,0,949
06/22/2019,FLL,FL,ASO,ES,Towers with Radar,722,82,31,1,836,0,10,13,1,24,722,92,44,2,860,0,0,0,860
06/23/2019,FLL,FL,ASO,ES,Towers with Radar,682,79,51,1,813,0,19,15,0,34,682,98,66,1,847,0,0,0,847
06/24/2019,FLL,FL,ASO,ES,Towers with Radar,718,90,29,6,843,0,14,14,0,28,718,104,43,6,871,0,0,0,871
06/25/2019,FLL,FL,ASO,ES,Towers with Radar,681,83,38,2,804,0,7,25,4,36,681,90,63,6,840,0,0,0,840
06/26/2019,FLL,FL,ASO,ES,Towers with Radar,695,86,26,2,809,0,15,21,0,36,695,101,47,2,845,0,0,0,845
06/27/2019,FLL,FL,ASO,ES,Towers with Radar,714,104,72,1,891,0,8,14,2,24,714,112,86,3,915,0,0,0,915
06/28/2019,FLL,FL,ASO,ES,Towers with Radar,711,86,42,0,839,0,11,13,0,24,711,97,55,0,863,0,0,0,863
06/29/2019,FLL,FL,ASO,ES,Towers with Radar,701,92,39,0,832,0,7,13,0,20,701,99,52,0,852,0,0,0,852
06/30/2019,FLL,FL,ASO,ES,Towers with Radar,712,71,34,0,817,0,13,19,0,32,712,84,53,0,849,0,0,0,849
07/01/2019,FLL,FL,ASO,ES,Towers with Radar,702,83,43,2,830,0,16,18,0,34,702,99,61,2,864,0,0,0,864
07/02/2019,FLL,FL,ASO,ES,Towers with Radar,689,89,49,1,828,0,19,18,4,41,689,108,67,5,869,0,0,0,869
07/03/2019,FLL,FL,ASO,ES,Towers with Radar,679,98,49,2,828,0,17,11,4,32,679,115,60,6,860,0,0,0,860
07/04/2019,FLL,FL,ASO,ES,Towers with Radar,642,81,25,1,749,0,8,10,0,18,642,89,35,1,767,0,0,0,767
07/05/2019,FLL,FL,ASO,ES,Towers with Radar,655,90,18,2,765,0,14,12,0,26,655,104,30,2,791,0,0,0,791
07/06/2019,FLL,FL,ASO,ES,Towers with Radar,703,73,40,0,816,0,9,5,0,14,703,82,45,0,830,0,0,0,830
07/07/2019,FLL,FL,ASO,ES,Towers with Radar,696,105,50,0,851,0,14,17,0,31,696,119,67,0,882,0,0,0,882
07/08/2019,FLL,FL,ASO,ES,Towers with Radar,686,68,43,4,801,0,12,15,0,27,686,80,58,4,828,0,0,0,828
07/09/2019,FLL,FL,ASO,ES,Towers with Radar,706,75,45,1,827,0,12,10,0,22,706,87,55,1,849,0,0,0,849
07/10/2019,FLL,FL,ASO,ES,Towers with Radar,690,66,43,1,800,0,8,10,0,18,690,74,53,1,818,0,0,0,818
07/11/2019,FLL,FL,ASO,ES,Towers with Radar,689,77,51,0,817,0,10,10,1,21,689,87,61,1,838,0,0,0,838
07/12/2019,FLL,FL,ASO,ES,Towers with Radar,711,103,37,2,853,0,9,14,6,29,711,112,51,8,882,0,0,0,882
07/13/2019,FLL,FL,ASO,ES,Towers with Radar,712,69,21,0,802,0,14,9,0,23,712,83,30,0,825,0,0,0,825
07/14/2019,FLL,FL,ASO,ES,Towers with Radar,701,82,49,0,832,0,9,3,0,12,701,91,52,0,844,0,0,0,844
07/15/2019,FLL,FL,ASO,ES,Towers with Radar,701,78,42,2,823,0,13,13,6,32,701,91,55,8,855,0,0,0,855
07/16/2019,FLL,FL,ASO,ES,Towers with Radar,685,68,39,0,792,0,7,13,0,20,685,75,52,0,812,0,0,0,812
07/17/2019,FLL,FL,ASO,ES,Towers with Radar,687,65,42,4,798,0,6,22,6,34,687,71,64,10,832,0,0,0,832
07/18/2019,FLL,FL,ASO,ES,Towers with Radar,689,80,37,1,807,0,7,17,4,28,689,87,54,5,835,0,0,0,835
07/19/2019,FLL,FL,ASO,ES,Towers with Radar,718,98,54,2,872,0,10,16,0,26,718,108,70,2,898,0,0,0,898
07/20/2019,FLL,FL,ASO,ES,Towers with Radar,721,79,45,0,845,0,9,11,0,20,721,88,56,0,865,0,0,0,865
07/21/2019,FLL,FL,ASO,ES,Towers with Radar,701,89,47,0,837,0,14,13,4,31,701,103,60,4,868,0,0,0,868
07/22/2019,FLL,FL,ASO,ES,Towers with Radar,697,77,47,1,822,0,14,15,0,29,697,91,62,1,851,0,0,0,851
07/23/2019,FLL,FL,ASO,ES,Towers with Radar,678,80,40,4,802,0,7,16,1,24,678,87,56,5,826,0,0,0,826
07/24/2019,FLL,FL,ASO,ES,Towers with Radar,715,84,55,0,854,0,7,19,0,26,715,91,74,0,880,0,0,0,880
07/25/2019,FLL,FL,ASO,ES,Towers with Radar,675,77,47,3,802,0,7,12,0,19,675,84,59,3,821,0,0,0,821
07/26/2019,FLL,FL,ASO,ES,Towers with Radar,700,89,54,2,845,0,24,16,2,42,700,113,70,4,887,0,0,0,887
07/27/2019,FLL,FL,ASO,ES,Towers with Radar,740,76,41,2,859,0,10,11,2,23,740,86,52,4,882,0,0,0,882
07/28/2019,FLL,FL,ASO,ES,Towers with Radar,711,77,43,4,835,0,14,9,0,23,711,91,52,4,858,0,0,0,858
07/29/2019,FLL,FL,ASO,ES,Towers with Radar,708,71,51,1,831,0,12,11,0,23,708,83,62,1,854,0,0,0,854
07/30/2019,FLL,FL,ASO,ES,Towers with Radar,679,96,51,4,830,0,7,12,2,21,679,103,63,6,851,0,0,0,851
07/31/2019,FLL,FL,ASO,ES,Towers with Radar,674,83,47,0,804,0,11,14,0,25,674,94,61,0,829,0,0,0,829
08/01/2019,FLL,FL,ASO,ES,Towers with Radar,687,81,58,2,828,0,5,12,0,17,687,86,70,2,845,0,0,0,845
08/02/2019,FLL,FL,ASO,ES,Towers with Radar,715,93,39,2,849,0,7,15,0,22,715,100,54,2,871,0,0,0,871
08/03/2019,FLL,FL,ASO,ES,Towers with Radar,723,94,38,0,855,0,7,8,0,15,723,101,46,0,870,0,0,0,870
08/04/2019,FLL,FL,ASO,ES,Towers with Radar,708,81,38,1,828,0,6,16,0,22,708,87,54,1,850,0,0,0,850
08/05/2019,FLL,FL,ASO,ES,Towers with Radar,723,82,44,3,852,0,9,10,4,23,723,91,54,7,875,0,0,0,875
08/06/2019,FLL,FL,ASO,ES,Towers with Radar,679,75,29,2,785,0,12,27,0,39,679,87,56,2,824,0,0,0,824
08/07/2019,FLL,FL,ASO,ES,Towers with Radar,656,76,47,0,779,0,4,17,0,21,656,80,64,0,800,0,0,0,800
08/08/2019,FLL,FL,ASO,ES,Towers with Radar,703,92,48,0,843,0,13,27,0,40,703,105,75,0,883,0,0,0,883
08/09/2019,FLL,FL,ASO,ES,Towers with Radar,712,85,54,0,851,0,12,16,2,30,712,97,70,2,881,0,0,0,881
08/10/2019,FLL,FL,ASO,ES,Towers with Radar,708,79,25,0,812,0,9,9,0,18,708,88,34,0,830,0,0,0,830
08/11/2019,FLL,FL,ASO,ES,Towers with Radar,679,82,41,0,802,0,9,11,0,20,679,91,52,0,822,0,0,0,822
08/12/2019,FLL,FL,ASO,ES,Towers with Radar,699,75,41,0,815,0,11,9,0,20,699,86,50,0,835,0,0,0,835
08/13/2019,FLL,FL,ASO,ES,Towers with Radar,647,88,34,0,769,0,6,16,3,25,647,94,50,3,794,0,0,0,794
08/14/2019,FLL,FL,ASO,ES,Towers with Radar,653,79,47,2,781,0,6,10,0,16,653,85,57,2,797,0,0,0,797
08/15/2019,FLL,FL,ASO,ES,Towers with Radar,689,71,33,0,793,0,8,12,0,20,689,79,45,0,813,0,0,0,813
08/16/2019,FLL,FL,ASO,ES,Towers with Radar,687,93,55,3,838,0,9,17,0,26,687,102,72,3,864,0,0,0,864
08/17/2019,FLL,FL,ASO,ES,Towers with Radar,678,66,41,2,787,0,9,8,2,19,678,75,49,4,806,0,0,0,806
08/18/2019,FLL,FL,ASO,ES,Towers with Radar,657,84,53,0,794,0,9,8,0,17,657,93,61,0,811,0,0,0,811
08/19/2019,FLL,FL,ASO,ES,Towers with Radar,681,66,39,0,786,0,12,12,1,25,681,78,51,1,811,0,0,0,811
08/20/2019,FLL,FL,ASO,ES,Towers with Radar,644,73,43,0,760,0,8,13,12,33,644,81,56,12,793,0,0,0,793
08/21/2019,FLL,FL,ASO,ES,Towers with Radar,658,66,30,0,754,0,10,17,0,27,658,76,47,0,781,0,0,0,781
08/22/2019,FLL,FL,ASO,ES,Towers with Radar,674,79,45,1,799,0,10,9,2,21,674,89,54,3,820,0,0,0,820
08/23/2019,FLL,FL,ASO,ES,Towers with Radar,674,93,40,1,808,0,10,7,6,23,674,103,47,7,831,0,0,0,831
08/24/2019,FLL,FL,ASO,ES,Towers with Radar,675,79,22,1,777,0,6,8,0,14,675,85,30,1,791,0,0,0,791
08/25/2019,FLL,FL,ASO,ES,Towers with Radar,668,74,32,0,774,0,11,9,0,20,668,85,41,0,794,0,0,0,794
08/26/2019,FLL,FL,ASO,ES,Towers with Radar,682,80,43,0,805,0,7,10,0,17,682,87,53,0,822,0,0,0,822
08/27/2019,FLL,FL,ASO,ES,Towers with Radar,660,61,38,1,760,0,9,13,0,22,660,70,51,1,782,0,0,0,782
08/28/2019,FLL,FL,ASO,ES,Towers with Radar,649,85,61,2,797,0,15,11,2,28,649,100,72,4,825,0,0,0,825
08/29/2019,FLL,FL,ASO,ES,Towers with Radar,681,87,60,2,830,0,5,9,2,16,681,92,69,4,846,0,0,0,846
08/30/2019,FLL,FL,ASO,ES,Towers with Radar,686,105,75,0,866,0,11,14,1,26,686,116,89,1,892,0,0,0,892
08/31/2019,FLL,FL,ASO,ES,Towers with Radar,668,67,58,0,793,0,2,4,0,6,668,69,62,0,799,0,0,0,799
09/01/2019,FLL,FL,ASO,ES,Towers with Radar,611,9,20,0,640,0,2,5,2,9,611,11,25,2,649,0,0,0,649
09/02/2019,FLL,FL,ASO,ES,Towers with Radar,131,3,2,0,136,0,0,1,0,1,131,3,3,0,137,0,0,0,137
09/03/2019,FLL,FL,ASO,ES,Towers with Radar,274,14,16,0,304,0,0,5,0,5,274,14,21,0,309,0,0,0,309
09/04/2019,FLL,FL,ASO,ES,Towers with Radar,555,58,49,0,662,0,3,16,0,19,555,61,65,0,681,0,0,0,681
09/05/2019,FLL,FL,ASO,ES,Towers with Radar,620,84,48,2,754,0,6,25,0,31,620,90,73,2,785,0,0,0,785
09/06/2019,FLL,FL,ASO,ES,Towers with Radar,634,76,67,2,779,0,10,32,0,42,634,86,99,2,821,0,0,0,821
09/07/2019,FLL,FL,ASO,ES,Towers with Radar,631,76,54,0,761,0,6,26,6,38,631,82,80,6,799,0,0,0,799
09/08/2019,FLL,FL,ASO,ES,Towers with Radar,635,76,55,0,766,0,13,31,7,51,635,89,86,7,817,0,0,0,817
09/09/2019,FLL,FL,ASO,ES,Towers with Radar,634,66,52,2,754,0,17,26,11,54,634,83,78,13,808,0,0,0,808
09/10/2019,FLL,FL,ASO,ES,Towers with Radar,565,82,51,1,699,0,14,38,5,57,565,96,89,6,756,0,0,0,756
09/11/2019,FLL,FL,ASO,ES,Towers with Radar,571,80,44,2,697,0,18,30,2,50,571,98,74,4,747,0,0,0,747
09/12/2019,FLL,FL,ASO,ES,Towers with Radar,626,91,51,1,769,0,15,25,2,42,626,106,76,3,811,0,0,0,811
09/13/2019,FLL,FL,ASO,ES,Towers with Radar,654,85,49,1,789,0,10,19,2,31,654,95,68,3,820,0,0,0,820
09/14/2019,FLL,FL,ASO,ES,Towers with Radar,630,42,15,1,688,0,8,10,4,22,630,50,25,5,710,0,0,0,710
09/15/2019,FLL,FL,ASO,ES,Towers with Radar,632,61,36,0,729,0,8,20,0,28,632,69,56,0,757,0,0,0,757
09/16/2019,FLL,FL,ASO,ES,Towers with Radar,639,78,53,2,772,0,17,12,0,29,639,95,65,2,801,0,0,0,801
09/17/2019,FLL,FL,ASO,ES,Towers with Radar,574,82,55,0,711,0,9,16,0,25,574,91,71,0,736,0,0,0,736
09/18/2019,FLL,FL,ASO,ES,Towers with Radar,552,74,70,2,698,0,8,18,0,26,552,82,88,2,724,0,0,0,724
09/19/2019,FLL,FL,ASO,ES,Towers with Radar,629,66,58,0,753,0,15,18,0,33,629,81,76,0,786,0,0,0,786
09/20/2019,FLL,FL,ASO,ES,Towers with Radar,650,79,37,2,768,0,13,15,4,32,650,92,52,6,800,0,0,0,800
09/21/2019,FLL,FL,ASO,ES,Towers with Radar,626,53,31,0,710,0,12,9,0,21,626,65,40,0,731,0,0,0,731
09/22/2019,FLL,FL,ASO,ES,Towers with Radar,631,64,38,0,733,0,8,10,0,18,631,72,48,0,751,0,0,0,751
09/23/2019,FLL,FL,ASO,ES,Towers with Radar,636,74,31,0,741,0,12,14,0,26,636,86,45,0,767,0,0,0,767
09/24/2019,FLL,FL,ASO,ES,Towers with Radar,571,68,38,2,679,0,9,7,2,18,571,77,45,4,697,0,0,0,697
09/25/2019,FLL,FL,ASO,ES,Towers with Radar,570,58,35,1,664,0,13,25,2,40,570,71,60,3,704,0,0,0,704
09/26/2019,FLL,FL,ASO,ES,Towers with Radar,622,80,45,1,748,0,6,60,4,70,622,86,105,5,818,0,0,0,818
09/27/2019,FLL,FL,ASO,ES,Towers with Radar,649,79,52,0,780,0,19,31,0,50,649,98,83,0,830,0,0,0,830
09/28/2019,FLL,FL,ASO,ES,Towers with Radar,625,62,39,0,726,0,9,12,0,21,625,71,51,0,747,0,0,0,747
09/29/2019,FLL,FL,ASO,ES,Towers with Radar,633,69,37,0,739,0,14,14,0,28,633,83,51,0,767,0,0,0,767
09/30/2019,FLL,FL,ASO,ES,Towers with Radar,636,76,32,0,744,0,12,7,0,19,636,88,39,0,763,0,0,0,763
10/01/2019,FLL,FL,ASO,ES,Towers with Radar,579,64,49,2,694,0,17,24,0,41,579,81,73,2,735,0,0,0,735
10/02/2019,FLL,FL,ASO,ES,Towers with Radar,578,60,52,1,691,0,12,28,4,44,578,72,80,5,735,0,0,0,735
10/03/2019,FLL,FL,ASO,ES,Towers with Radar,656,79,55,1,791,0,15,25,0,40,656,94,80,1,831,0,0,0,831
10/04/2019,FLL,FL,ASO,ES,Towers with Radar,669,73,51,0,793,1,25,16,4,46,670,98,67,4,839,0,0,0,839
10/05/2019,FLL,FL,ASO,ES,Towers with Radar,662,47,34,0,743,0,12,8,0,20,662,59,42,0,763,0,0,0,763
10/06/2019,FLL,FL,ASO,ES,Towers with Radar,654,63,45,0,762,0,19,15,2,36,654,82,60,2,798,0,0,0,798
10/07/2019,FLL,FL,ASO,ES,Towers with Radar,666,57,41,2,766,0,12,10,0,22,666,69,51,2,788,0,0,0,788
10/08/2019,FLL,FL,ASO,ES,Towers with Radar,611,68,42,1,722,0,5,10,0,15,611,73,52,1,737,0,0,0,737
10/09/2019,FLL,FL,ASO,ES,Towers with Radar,594,68,62,1,725,0,10,8,0,18,594,78,70,1,743,0,0,0,743
10/10/2019,FLL,FL,ASO,ES,Towers with Radar,677,88,62,2,829,0,12,19,2,33,677,100,81,4,862,0,0,0,862
10/11/2019,FLL,FL,ASO,ES,Towers with Radar,684,94,60,3,841,0,14,14,0,28,684,108,74,3,869,0,0,0,869
10/12/2019,FLL,FL,ASO,ES,Towers with Radar,678,61,41,1,781,0,10,9,0,19,678,71,50,1,800,0,0,0,800
10/13/2019,FLL,FL,ASO,ES,Towers with Radar,663,57,57,0,777,0,9,19,0,28,663,66,76,0,805,0,0,0,805
10/14/2019,FLL,FL,ASO,ES,Towers with Radar,681,62,48,2,793,0,10,13,0,23,681,72,61,2,816,0,0,0,816
10/15/2019,FLL,FL,ASO,ES,Towers with Radar,620,69,61,0,750,0,10,15,0,25,620,79,76,0,775,0,0,0,775
10/16/2019,FLL,FL,ASO,ES,Towers with Radar,604,74,72,2,752,0,22,21,1,44,604,96,93,3,796,0,0,0,796
10/17/2019,FLL,FL,ASO,ES,Towers with Radar,669,72,60,0,801,0,12,18,2,32,669,84,78,2,833,0,0,0,833
10/18/2019,FLL,FL,ASO,ES,Towers with Radar,687,78,51,2,818,0,21,19,2,42,687,99,70,4,860,0,0,0,860
10/19/2019,FLL,FL,ASO,ES,Towers with Radar,667,46,26,0,739,0,15,5,0,20,667,61,31,0,759,0,0,0,759
10/20/2019,FLL,FL,ASO,ES,Towers with Radar,687,59,46,0,792,0,13,10,0,23,687,72,56,0,815,0,0,0,815
10/21/2019,FLL,FL,ASO,ES,Towers with Radar,678,56,50,0,784,0,17,19,4,40,678,73,69,4,824,0,0,0,824
10/22/2019,FLL,FL,ASO,ES,Towers with Radar,613,79,57,2,751,0,11,20,0,31,613,90,77,2,782,0,0,0,782
10/23/2019,FLL,FL,ASO,ES,Towers with Radar,605,88,45,0,738,0,9,27,4,40,605,97,72,4,778,0,0,0,778
10/24/2019,FLL,FL,ASO,ES,Towers with Radar,672,93,68,0,833,0,11,23,2,36,672,104,91,2,869,0,0,0,869
10/25/2019,FLL,FL,ASO,ES,Towers with Radar,682,76,57,2,817,0,18,17,0,35,682,94,74,2,852,0,0,0,852
10/26/2019,FLL,FL,ASO,ES,Towers with Radar,669,52,44,0,765,0,3,12,0,15,669,55,56,0,780,0,0,0,780
10/27/2019,FLL,FL,ASO,ES,Towers with Radar,697,70,63,0,830,0,11,9,0,20,697,81,72,0,850,0,0,0,850
10/28/2019,FLL,FL,ASO,ES,Towers with Radar,687,69,49,2,807,0,17,19,4,40,687,86,68,6,847,0,0,0,847
10/29/2019,FLL,FL,ASO,ES,Towers with Radar,630,68,65,0,763,0,23,31,4,58,630,91,96,4,821,0,0,0,821
10/30/2019,FLL,FL,ASO,ES,Towers with Radar,628,94,103,0,825,0,13,22,2,37,628,107,125,2,862,0,0,0,862
10/31/2019,FLL,FL,ASO,ES,Towers with Radar,680,81,99,1,861,0,7,32,4,43,680,88,131,5,904,0,0,0,904
11/01/2019,FLL,FL,ASO,ES,Towers with Radar,698,98,120,0,916,0,17,37,0,54,698,115,157,0,970,0,0,0,970
11/02/2019,FLL,FL,ASO,ES,Towers with Radar,713,63,70,0,846,0,5,23,2,30,713,68,93,2,876,0,0,0,876
11/03/2019,FLL,FL,ASO,ES,Towers with Radar,744,81,100,1,926,0,9,12,0,21,744,90,112,1,947,0,0,0,947
11/04/2019,FLL,FL,ASO,ES,Towers with Radar,740,72,70,0,882,0,13,13,0,26,740,85,83,0,908,0,0,0,908
11/05/2019,FLL,FL,ASO,ES,Towers with Radar,662,71,45,0,778,0,13,19,0,32,662,84,64,0,810,0,0,0,810
11/06/2019,FLL,FL,ASO,ES,Towers with Radar,676,80,50,2,808,0,9,17,0,26,676,89,67,2,834,0,0,0,834
11/07/2019,FLL,FL,ASO,ES,Towers with Radar,761,75,67,1,904,0,15,32,0,47,761,90,99,1,951,0,0,0,951
11/08/2019,FLL,FL,ASO,ES,Towers with Radar,759,72,70,2,903,0,23,25,0,48,759,95,95,2,951,0,0,0,951
11/09/2019,FLL,FL,ASO,ES,Towers with Radar,749,55,36,0,840,0,9,2,0,11,749,64,38,0,851,0,0,0,851
11/10/2019,FLL,FL,ASO,ES,Towers with Radar,743,67,49,0,859,0,13,11,0,24,743,80,60,0,883,0,0,0,883
11/11/2019,FLL,FL,ASO,ES,Towers with Radar,721,85,54,3,863,0,13,32,0,45,721,98,86,3,908,0,0,0,908
11/12/2019,FLL,FL,ASO,ES,Towers with Radar,700,86,32,1,819,0,18,22,0,40,700,104,54,1,859,0,0,0,859
11/13/2019,FLL,FL,ASO,ES,Towers with Radar,701,83,56,4,844,0,14,14,2,30,701,97,70,6,874,0,0,0,874
11/14/2019,FLL,FL,ASO,ES,Towers with Radar,771,63,59,0,893,0,1,4,0,5,771,64,63,0,898,0,0,0,898
11/15/2019,FLL,FL,ASO,ES,Towers with Radar,784,106,61,1,952,0,14,16,2,32,784,120,77,3,984,0,0,0,984
11/16/2019,FLL,FL,ASO,ES,Towers with Radar,776,67,48,5,896,0,12,26,0,38,776,79,74,5,934,0,0,0,934
11/17/2019,FLL,FL,ASO,ES,Towers with Radar,774,69,66,1,910,0,13,16,4,33,774,82,82,5,943,0,0,0,943
11/18/2019,FLL,FL,ASO,ES,Towers with Radar,759,68,58,0,885,0,8,15,0,23,759,76,73,0,908,0,0,0,908
11/19/2019,FLL,FL,ASO,ES,Towers with Radar,753,81,46,1,881,0,10,16,1,27,753,91,62,2,908,0,0,0,908
11/20/2019,FLL,FL,ASO,ES,Towers with Radar,737,75,75,0,887,0,19,27,8,54,737,94,102,8,941,0,0,0,941
11/21/2019,FLL,FL,ASO,ES,Towers with Radar,793,81,51,0,925,0,14,15,0,29,793,95,66,0,954,0,0,0,954
11/22/2019,FLL,FL,ASO,ES,Towers with Radar,813,97,62,2,974,0,19,28,1,48,813,116,90,3,1022,0,0,0,1022
11/23/2019,FLL,FL,ASO,ES,Towers with Radar,828,72,49,0,949,0,8,21,0,29,828,80,70,0,978,0,0,0,978
11/24/2019,FLL,FL,ASO,ES,Towers with Radar,809,77,55,1,942,0,7,20,1,28,809,84,75,2,970,0,0,0,970
11/25/2019,FLL,FL,ASO,ES,Towers with Radar,776,80,55,2,913,0,14,10,2,26,776,94,65,4,939,0,0,0,939
11/26/2019,FLL,FL,ASO,ES,Towers with Radar,791,88,50,2,931,0,17,18,2,37,791,105,68,4,968,0,0,0,968
11/27/2019,FLL,FL,ASO,ES,Towers with Radar,810,89,63,4,966,0,20,23,0,43,810,109,86,4,1009,0,0,0,1009
11/28/2019,FLL,FL,ASO,ES,Towers with Radar,664,54,24,0,742,0,8,7,2,17,664,62,31,2,759,0,0,0,759
11/29/2019,FLL,FL,ASO,ES,Towers with Radar,726,70,51,0,847,0,19,9,0,28,726,89,60,0,875,0,0,0,875
11/30/2019,FLL,FL,ASO,ES,Towers with Radar,846,109,63,0,1018,0,11,17,0,28,846,120,80,0,1046,0,0,0,1046
12/01/2019,FLL,FL,ASO,ES,Towers with Radar,809,132,96,1,1038,0,30,24,2,56,809,162,120,3,1094,0,0,0,1094
12/02/2019,FLL,FL,ASO,ES,Towers with Radar,787,84,64,0,935,0,10,12,2,24,787,94,76,2,959,0,0,0,959
12/03/2019,FLL,FL,ASO,ES,Towers with Radar,716,75,52,0,843,0,10,19,0,29,716,85,71,0,872,0,0,0,872
12/04/2019,FLL,FL,ASO,ES,Towers with Radar,736,83,69,2,890,0,16,34,2,52,736,99,103,4,942,0,0,0,942
12/05/2019,FLL,FL,ASO,ES,Towers with Radar,783,81,88,0,952,0,22,24,0,46,783,103,112,0,998,0,0,0,998
12/06/2019,FLL,FL,ASO,ES,Towers with Radar,764,87,71,1,923,0,11,17,2,30,764,98,88,3,953,0,0,0,953
12/07/2019,FLL,FL,ASO,ES,Towers with Radar,749,50,37,2,838,0,7,22,0,29,749,57,59,2,867,0,0,0,867
12/08/2019,FLL,FL,ASO,ES,Towers with Radar,762,76,72,1,911,0,15,26,3,44,762,91,98,4,955,0,0,0,955
12/09/2019,FLL,FL,ASO,ES,Towers with Radar,751,75,61,0,887,0,5,13,0,18,751,80,74,0,905,0,0,0,905
12/10/2019,FLL,FL,ASO,ES,Towers with Radar,706,77,59,3,845,0,7,20,2,29,706,84,79,5,874,0,0,0,874
12/11/2019,FLL,FL,ASO,ES,Towers with Radar,711,79,45,2,837,0,7,13,2,22,711,86,58,4,859,0,0,0,859
12/12/2019,FLL,FL,ASO,ES,Towers with Radar,782,84,57,2,925,0,7,14,4,25,782,91,71,6,950,0,0,0,950
12/13/2019,FLL,FL,ASO,ES,Towers with Radar,782,86,54,1,923,0,13,12,2,27,782,99,66,3,950,0,0,0,950
12/14/2019,FLL,FL,ASO,ES,Towers with Radar,769,68,50,0,887,0,6,10,0,16,769,74,60,0,903,0,0,0,903
12/15/2019,FLL,FL,ASO,ES,Towers with Radar,775,81,59,0,915,0,7,14,0,21,775,88,73,0,936,0,0,0,936
12/16/2019,FLL,FL,ASO,ES,Towers with Radar,773,79,52,0,904,0,13,14,3,30,773,92,66,3,934,0,0,0,934
12/17/2019,FLL,FL,ASO,ES,Towers with Radar,710,81,61,1,853,0,15,38,0,53,710,96,99,1,906,0,0,0,906
12/18/2019,FLL,FL,ASO,ES,Towers with Radar,754,77,73,2,906,0,17,14,2,33,754,94,87,4,939,0,0,0,939
12/19/2019,FLL,FL,ASO,ES,Towers with Radar,844,95,64,1,1004,0,8,9,0,17,844,103,73,1,1021,0,0,0,1021
12/20/2019,FLL,FL,ASO,ES,Towers with Radar,853,119,112,1,1085,0,13,20,0,33,853,132,132,1,1118,0,0,0,1118
12/21/2019,FLL,FL,ASO,ES,Towers with Radar,920,99,68,3,1090,0,8,27,0,35,920,107,95,3,1125,0,0,0,1125
12/22/2019,FLL,FL,ASO,ES,Towers with Radar,878,105,66,1,1050,0,13,8,0,21,878,118,74,1,1071,0,0,0,1071
12/23/2019,FLL,FL,ASO,ES,Towers with Radar,852,85,58,0,995,0,5,9,0,14,852,90,67,0,1009,0,0,0,1009
12/24/2019,FLL,FL,ASO,ES,Towers with Radar,859,86,32,0,977,0,8,24,0,32,859,94,56,0,1009,0,0,0,1009
12/25/2019,FLL,FL,ASO,ES,Towers with Radar,774,72,27,0,873,0,2,4,0,6,774,74,31,0,879,0,0,0,879
12/26/2019,FLL,FL,ASO,ES,Towers with Radar,885,134,133,1,1153,0,16,21,2,39,885,150,154,3,1192,0,0,0,1192
12/27/2019,FLL,FL,ASO,ES,Towers with Radar,889,163,113,0,1165,0,24,7,0,31,889,187,120,0,1196,0,0,0,1196
12/28/2019,FLL,FL,ASO,ES,Towers with Radar,900,139,106,0,1145,0,22,16,0,38,900,161,122,0,1183,0,0,0,1183
12/29/2019,FLL,FL,ASO,ES,Towers with Radar,883,131,86,0,1100,0,12,14,0,26,883,143,100,0,1126,0,0,0,1126
12/30/2019,FLL,FL,ASO,ES,Towers with Radar,894,120,73,0,1087,0,12,8,8,28,894,132,81,8,1115,0,0,0,1115
12/31/2019,FLL,FL,ASO,ES,Towers with Radar,843,105,62,0,1010,0,8,14,1,23,843,113,76,1,1033,0,0,0,1033
01/01/2020,FLL,FL,ASO,ES,Towers with Radar,801,83,69,0,953,0,32,12,1,45,801,115,81,1,998,0,0,0,998
01/02/2020,FLL,FL,ASO,ES,Towers with Radar,854,135,113,0,1102,0,31,18,4,53,854,166,131,4,1155,0,0,0,1155
01/03/2020,FLL,FL,ASO,ES,Towers with Radar,861,159,101,0,1121,0,8,23,2,33,861,167,124,2,1154,0,0,0,1154
01/04/2020,FLL,FL,ASO,ES,Towers with Radar,848,153,101,2,1104,0,16,12,0,28,848,169,113,2,1132,0,0,0,1132
01/05/2020,FLL,FL,ASO,ES,Towers with Radar,874,138,115,2,1129,0,13,19,1,33,874,151,134,3,1162,0,0,0,1162
01/06/2020,FLL,FL,ASO,ES,Towers with Radar,827,89,58,0,974,0,2,19,8,29,827,91,77,8,1003,0,0,0,1003
01/07/2020,FLL,FL,ASO,ES,Towers with Radar,778,75,62,0,915,0,13,26,0,39,778,88,88,0,954,0,0,0,954
01/08/2020,FLL,FL,ASO,ES,Towers with Radar,751,64,52,0,867,0,8,29,2,39,751,72,81,2,906,0,0,0,906
01/09/2020,FLL,FL,ASO,ES,Towers with Radar,809,89,77,0,975,0,9,12,2,23,809,98,89,2,998,0,0,0,998
01/10/2020,FLL,FL,ASO,ES,Towers with Radar,789,102,64,1,956,0,5,16,0,21,789,107,80,1,977,0,0,0,977
01/11/2020,FLL,FL,ASO,ES,Towers with Radar,795,81,51,0,927,0,2,7,0,9,795,83,58,0,936,0,0,0,936
01/12/2020,FLL,FL,ASO,ES,Towers with Radar,797,71,52,0,920,0,5,6,0,11,797,76,58,0,931,0,0,0,931
01/13/2020,FLL,FL,ASO,ES,Towers with Radar,785,78,54,0,917,0,4,12,2,18,785,82,66,2,935,0,0,0,935
01/14/2020,FLL,FL,ASO,ES,Towers with Radar,710,73,52,2,837,0,16,13,1,30,710,89,65,3,867,0,0,0,867
01/15/2020,FLL,FL,ASO,ES,Towers with Radar,719,66,57,3,845,0,17,10,0,27,719,83,67,3,872,0,0,0,872
01/16/2020,FLL,FL,ASO,ES,Towers with Radar,779,98,61,2,940,0,14,19,0,33,779,112,80,2,973,0,0,0,973
01/17/2020,FLL,FL,ASO,ES,Towers with Radar,800,100,72,1,973,0,19,17,0,36,800,119,89,1,1009,0,0,0,1009
01/18/2020,FLL,FL,ASO,ES,Towers with Radar,783,93,49,1,926,0,8,11,0,19,783,101,60,1,945,0,0,0,945
01/19/2020,FLL,FL,ASO,ES,Towers with Radar,793,87,43,0,923,0,12,16,0,28,793,99,59,0,951,0,0,0,951
01/20/2020,FLL,FL,ASO,ES,Towers with Radar,785,74,86,0,945,0,14,10,2,26,785,88,96,2,971,0,0,0,971
01/21/2020,FLL,FL,ASO,ES,Towers with Radar,713,73,36,0,822,0,4,15,0,19,713,77,51,0,841,0,0,0,841
01/22/2020,FLL,FL,ASO,ES,Towers with Radar,713,84,53,1,851,0,12,8,1,21,713,96,61,2,872,0,0,0,872
01/23/2020,FLL,FL,ASO,ES,Towers with Radar,804,106,76,2,988,0,5,17,0,22,804,111,93,2,1010,0,0,0,1010
01/24/2020,FLL,FL,ASO,ES,Towers with Radar,787,83,76,1,947,0,17,16,2,35,787,100,92,3,982,0,0,0,982
01/25/2020,FLL,FL,ASO,ES,Towers with Radar,785,73,52,0,910,0,6,12,0,18,785,79,64,0,928,0,0,0,928
01/26/2020,FLL,FL,ASO,ES,Towers with Radar,796,82,55,2,935,0,12,23,0,35,796,94,78,2,970,0,0,0,970
01/27/2020,FLL,FL,ASO,ES,Towers with Radar,785,83,62,2,932,0,10,14,2,26,785,93,76,4,958,0,0,0,958
01/28/2020,FLL,FL,ASO,ES,Towers with Radar,712,88,59,1,860,0,12,22,2,36,712,100,81,3,896,0,0,0,896
01/29/2020,FLL,FL,ASO,ES,Towers with Radar,707,80,56,1,844,0,6,10,2,18,707,86,66,3,862,0,0,0,862
01/30/2020,FLL,FL,ASO,ES,Towers with Radar,801,92,84,2,979,0,7,10,4,21,801,99,94,6,1000,0,0,0,1000
01/31/2020,FLL,FL,ASO,ES,Towers with Radar,812,101,84,0,997,0,8,14,2,24,812,109,98,2,1021,0,0,0,1021
02/01/2020,FLL,FL,ASO,ES,Towers with Radar,839,76,60,0,975,0,1,7,0,8,839,77,67,0,983,0,0,0,983
02/02/2020,FLL,FL,ASO,ES,Towers with Radar,797,76,52,0,925,0,6,5,0,11,797,82,57,0,936,0,0,0,936
02/03/2020,FLL,FL,ASO,ES,Towers with Radar,802,104,123,2,1031,0,10,9,0,19,802,114,132,2,1050,0,0,0,1050
02/04/2020,FLL,FL,ASO,ES,Towers with Radar,711,109,78,2,900,0,4,27,4,35,711,113,105,6,935,0,0,0,935
02/05/2020,FLL,FL,ASO,ES,Towers with Radar,705,85,62,0,852,0,10,15,0,25,705,95,77,0,877,0,0,0,877
02/06/2020,FLL,FL,ASO,ES,Towers with Radar,764,89,59,2,914,0,9,8,0,17,764,98,67,2,931,0,0,0,931
02/07/2020,FLL,FL,ASO,ES,Towers with Radar,803,93,69,2,967,0,12,12,0,24,803,105,81,2,991,0,0,0,991
02/08/2020,FLL,FL,ASO,ES,Towers with Radar,829,65,46,0,940,0,6,14,0,20,829,71,60,0,960,0,0,0,960
02/09/2020,FLL,FL,ASO,ES,Towers with Radar,796,99,49,2,946,0,14,14,0,28,796,113,63,2,974,0,0,0,974
02/10/2020,FLL,FL,ASO,ES,Towers with Radar,771,82,58,0,911,0,6,8,2,16,771,88,66,2,927,0,0,0,927
02/11/2020,FLL,FL,ASO,ES,Towers with Radar,713,86,62,4,865,0,7,14,0,21,713,93,76,4,886,0,0,0,886
02/12/2020,FLL,FL,ASO,ES,Towers with Radar,722,84,64,0,870,0,10,24,0,34,722,94,88,0,904,0,0,0,904
02/13/2020,FLL,FL,ASO,ES,Towers with Radar,787,107,76,0,970,0,11,21,8,40,787,118,97,8,1010,0,0,0,1010
02/14/2020,FLL,FL,ASO,ES,Towers with Radar,797,112,77,0,986,0,24,11,0,35,797,136,88,0,1021,0,0,0,1021
02/15/2020,FLL,FL,ASO,ES,Towers with Radar,853,101,74,0,1028,0,5,10,0,15,853,106,84,0,1043,0,0,0,1043
02/16/2020,FLL,FL,ASO,ES,Towers with Radar,821,122,80,0,1023,0,15,10,0,25,821,137,90,0,1048,0,0,0,1048
02/17/2020,FLL,FL,ASO,ES,Towers with Radar,785,80,98,0,963,0,27,19,0,46,785,107,117,0,1009,0,0,0,1009
02/18/2020,FLL,FL,ASO,ES,Towers with Radar,758,79,60,1,898,0,16,18,2,36,758,95,78,3,934,0,0,0,934
02/19/2020,FLL,FL,ASO,ES,Towers with Radar,757,87,60,3,907,0,21,16,2,39,757,108,76,5,946,0,0,0,946
02/20/2020,FLL,FL,ASO,ES,Towers with Radar,792,91,54,1,938,0,25,14,3,42,792,116,68,4,980,0,0,0,980
02/21/2020,FLL,FL,ASO,ES,Towers with Radar,810,96,110,2,1018,0,9,5,0,14,810,105,115,2,1032,0,0,0,1032
02/22/2020,FLL,FL,ASO,ES,Towers with Radar,848,76,68,1,993,0,4,17,0,21,848,80,85,1,1014,0,0,0,1014
02/23/2020,FLL,FL,ASO,ES,Towers with Radar,822,98,76,2,998,0,11,5,0,16,822,109,81,2,1014,0,0,0,1014
02/24/2020,FLL,FL,ASO,ES,Towers with Radar,784,64,60,1,909,0,15,26,3,44,784,79,86,4,953,0,0,0,953
02/25/2020,FLL,FL,ASO,ES,Towers with Radar,753,78,61,1,893,0,13,20,0,33,753,91,81,1,926,0,0,0,926
02/26/2020,FLL,FL,ASO,ES,Towers with Radar,748,89,75,0,912,0,8,9,0,17,748,97,84,0,929,0,0,0,929
02/27/2020,FLL,FL,ASO,ES,Towers with Radar,801,90,76,1,968,0,16,20,2,38,801,106,96,3,1006,0,0,0,1006
02/28/2020,FLL,FL,ASO,ES,Towers with Radar,797,93,81,1,972,0,17,15,4,36,797,110,96,5,1008,0,0,0,1008
02/29/2020,FLL,FL,ASO,ES,Towers with Radar,844,74,58,1,977,1,11,11,2,25,845,85,69,3,1002,0,0,0,1002
03/01/2020,FLL,FL,ASO,ES,Towers with Radar,813,87,93,0,993,0,7,17,0,24,813,94,110,0,1017,0,0,0,1017
03/02/2020,FLL,FL,ASO,ES,Towers with Radar,788,75,62,4,929,0,16,18,2,36,788,91,80,6,965,0,0,0,965
03/03/2020,FLL,FL,ASO,ES,Towers with Radar,763,99,73,1,936,0,10,14,1,25,763,109,87,2,961,0,0,0,961
03/04/2020,FLL,FL,ASO,ES,Towers with Radar,764,89,55,0,908,0,14,20,0,34,764,103,75,0,942,0,0,0,942
03/05/2020,FLL,FL,ASO,ES,Towers with Radar,804,96,59,0,959,0,9,14,0,23,804,105,73,0,982,0,0,0,982
03/06/2020,FLL,FL,ASO,ES,Towers with Radar,807,109,49,3,968,0,18,13,0,31,807,127,62,3,999,0,0,0,999
03/07/2020,FLL,FL,ASO,ES,Towers with Radar,867,107,65,3,1042,0,13,31,1,45,867,120,96,4,1087,0,0,0,1087
03/08/2020,FLL,FL,ASO,ES,Towers with Radar,845,115,85,0,1045,0,19,10,0,29,845,134,95,0,1074,0,0,0,1074
03/09/2020,FLL,FL,ASO,ES,Towers with Radar,797,92,65,1,955,0,16,17,0,33,797,108,82,1,988,0,0,0,988
03/10/2020,FLL,FL,ASO,ES,Towers with Radar,784,95,55,3,937,0,11,19,0,30,784,106,74,3,967,0,0,0,967
03/11/2020,FLL,FL,ASO,ES,Towers with Radar,771,97,55,0,923,0,6,27,0,33,771,103,82,0,956,0,0,0,956
03/12/2020,FLL,FL,ASO,ES,Towers with Radar,820,101,73,2,996,0,19,9,1,29,820,120,82,3,1025,0,0,0,1025
03/13/2020,FLL,FL,ASO,ES,Towers with Radar,796,106,93,0,995,0,13,19,2,34,796,119,112,2,1029,0,0,0,1029
03/14/2020,FLL,FL,ASO,ES,Towers with Radar,874,91,93,0,1058,0,5,12,0,17,874,96,105,0,1075,0,0,0,1075
03/15/2020,FLL,FL,ASO,ES,Towers with Radar,848,100,100,1,1049,0,9,14,0,23,848,109,114,1,1072,0,0,0,1072
03/16/2020,FLL,FL,ASO,ES,Towers with Radar,793,104,79,0,976,0,23,13,0,36,793,127,92,0,1012,0,0,0,1012
03/17/2020,FLL,FL,ASO,ES,Towers with Radar,758,71,57,0,886,0,6,13,0,19,758,77,70,0,905,0,0,0,905
03/18/2020,FLL,FL,ASO,ES,Towers with Radar,724,81,56,0,861,0,8,12,1,21,724,89,68,1,882,0,0,0,882
03/19/2020,FLL,FL,ASO,ES,Towers with Radar,713,84,59,0,856,0,9,23,2,34,713,93,82,2,890,0,0,0,890
03/20/2020,FLL,FL,ASO,ES,Towers with Radar,710,88,49,2,849,0,7,22,4,33,710,95,71,6,882,0,0,0,882
03/21/2020,FLL,FL,ASO,ES,Towers with Radar,705,80,39,0,824,0,4,14,0,18,705,84,53,0,842,0,0,0,842
03/22/2020,FLL,FL,ASO,ES,Towers with Radar,665,69,19,0,753,0,1,9,0,10,665,70,28,0,763,0,0,0,763
03/23/2020,FLL,FL,ASO,ES,Towers with Radar,528,67,14,0,609,0,2,10,0,12,528,69,24,0,621,0,0,0,621
03/24/2020,FLL,FL,ASO,ES,Towers with Radar,499,51,23,0,573,0,8,12,0,20,499,59,35,0,593,0,0,0,593
03/25/2020,FLL,FL,ASO,ES,Towers with Radar,479,22,12,0,513,0,9,14,2,25,479,31,26,2,538,0,0,0,538
03/26/2020,FLL,FL,ASO,ES,Towers with Radar,415,38,14,0,467,0,3,12,4,19,415,41,26,4,486,0,0,0,486
03/27/2020,FLL,FL,ASO,ES,Towers with Radar,368,37,13,0,418,0,10,8,2,20,368,47,21,2,438,0,0,0,438
03/28/2020,FLL,FL,ASO,ES,Towers with Radar,383,32,11,0,426,0,1,5,0,6,383,33,16,0,432,0,0,0,432
03/29/2020,FLL,FL,ASO,ES,Towers with Radar,350,26,3,0,379,0,0,3,0,3,350,26,6,0,382,0,0,0,382
03/30/2020,FLL,FL,ASO,ES,Towers with Radar,309,25,12,2,348,0,0,14,2,16,309,25,26,4,364,0,0,0,364
03/31/2020,FLL,FL,ASO,ES,Towers with Radar,309,35,13,0,357,0,2,2,5,9,309,37,15,5,366,0,0,0,366
04/01/2020,FLL,FL,ASO,ES,Towers with Radar,272,28,11,2,313,0,3,5,0,8,272,31,16,2,321,0,0,0,321
04/02/2020,FLL,FL,ASO,ES,Towers with Radar,278,29,24,0,331,0,6,4,0,10,278,35,28,0,341,0,0,0,341
04/03/2020,FLL,FL,ASO,ES,Towers with Radar,275,33,23,0,331,0,5,13,0,18,275,38,36,0,349,0,0,0,349
04/04/2020,FLL,FL,ASO,ES,Towers with Radar,277,28,14,0,319,0,0,6,0,6,277,28,20,0,325,0,0,0,325
04/05/2020,FLL,FL,ASO,ES,Towers with Radar,281,17,8,0,306,0,0,1,0,1,281,17,9,0,307,0,0,0,307
04/06/2020,FLL,FL,ASO,ES,Towers with Radar,268,19,15,0,302,0,4,19,0,23,268,23,34,0,325,0,0,0,325
04/07/2020,FLL,FL,ASO,ES,Towers with Radar,251,15,10,2,278,0,5,16,0,21,251,20,26,2,299,0,0,0,299
04/08/2020,FLL,FL,ASO,ES,Towers with Radar,179,20,19,0,218,0,2,10,0,12,179,22,29,0,230,0,0,0,230
04/09/2020,FLL,FL,ASO,ES,Towers with Radar,187,17,12,2,218,0,3,4,0,7,187,20,16,2,225,0,0,0,225
04/10/2020,FLL,FL,ASO,ES,Towers with Radar,201,21,8,0,230,0,0,3,0,3,201,21,11,0,233,0,0,0,233
04/11/2020,FLL,FL,ASO,ES,Towers with Radar,182,12,5,0,199,0,0,1,0,1,182,12,6,0,200,0,0,0,200
04/12/2020,FLL,FL,ASO,ES,Towers with Radar,157,7,4,0,168,0,0,0,0,0,157,7,4,0,168,0,0,0,168
04/13/2020,FLL,FL,ASO,ES,Towers with Radar,158,9,5,0,172,0,0,5,2,7,158,9,10,2,179,0,0,0,179
04/14/2020,FLL,FL,ASO,ES,Towers with Radar,136,14,15,2,167,0,2,10,0,12,136,16,25,2,179,0,0,0,179
04/15/2020,FLL,FL,ASO,ES,Towers with Radar,111,9,14,1,135,0,4,11,0,15,111,13,25,1,150,0,0,0,150
04/16/2020,FLL,FL,ASO,ES,Towers with Radar,115,17,15,2,149,0,0,7,0,7,115,17,22,2,156,0,0,0,156
04/17/2020,FLL,FL,ASO,ES,Towers with Radar,117,20,13,0,150,0,2,3,0,5,117,22,16,0,155,0,0,0,155
04/18/2020,FLL,FL,ASO,ES,Towers with Radar,134,13,11,0,158,0,0,16,0,16,134,13,27,0,174,0,0,0,174
04/19/2020,FLL,FL,ASO,ES,Towers with Radar,106,11,6,2,125,0,0,8,2,10,106,11,14,4,135,0,0,0,135
04/20/2020,FLL,FL,ASO,ES,Towers with Radar,90,12,13,3,118,0,4,1,0,5,90,16,14,3,123,0,0,0,123
04/21/2020,FLL,FL,ASO,ES,Towers with Radar,100,13,12,0,125,0,2,8,0,10,100,15,20,0,135,0,0,0,135
04/22/2020,FLL,FL,ASO,ES,Towers with Radar,114,22,14,3,153,0,1,10,3,14,114,23,24,6,167,0,0,0,167
04/23/2020,FLL,FL,ASO,ES,Towers with Radar,122,30,17,2,171,0,2,17,0,19,122,32,34,2,190,0,0,0,190
04/24/2020,FLL,FL,ASO,ES,Towers with Radar,106,31,9,0,146,0,2,14,0,16,106,33,23,0,162,0,0,0,162
04/25/2020,FLL,FL,ASO,ES,Towers with Radar,111,13,14,0,138,0,0,8,0,8,111,13,22,0,146,0,0,0,146
04/26/2020,FLL,FL,ASO,ES,Towers with Radar,95,8,10,0,113,0,2,8,2,12,95,10,18,2,125,0,0,0,125
04/27/2020,FLL,FL,ASO,ES,Towers with Radar,104,23,20,2,149,0,0,16,0,16,104,23,36,2,165,0,0,0,165
04/28/2020,FLL,FL,ASO,ES,Towers with Radar,102,20,28,0,150,0,2,9,0,11,102,22,37,0,161,0,0,0,161
04/29/2020,FLL,FL,ASO,ES,Towers with Radar,116,24,30,0,170,0,2,14,2,18,116,26,44,2,188,0,0,0,188
04/30/2020,FLL,FL,ASO,ES,Towers with Radar,135,30,17,2,184,0,0,9,1,10,135,30,26,3,194,0,0,0,194
05/01/2020,FLL,FL,ASO,ES,Towers with Radar,119,21,40,2,182,0,9,26,0,35,119,30,66,2,217,0,0,0,217
05/02/2020,FLL,FL,ASO,ES,Towers with Radar,115,13,9,2,139,0,2,18,0,20,115,15,27,2,159,0,0,0,159
05/03/2020,FLL,FL,ASO,ES,Towers with Radar,113,20,18,0,151,0,0,12,0,12,113,20,30,0,163,0,0,0,163
05/04/2020,FLL,FL,ASO,ES,Towers with Radar,122,30,22,0,174,2,2,12,0,16,124,32,34,0,190,0,0,0,190
05/05/2020,FLL,FL,ASO,ES,Towers with Radar,106,22,23,0,151,0,4,19,0,23,106,26,42,0,174,0,0,0,174
05/06/2020,FLL,FL,ASO,ES,Towers with Radar,106,18,46,2,172,0,8,25,2,35,106,26,71,4,207,0,0,0,207
05/07/2020,FLL,FL,ASO,ES,Towers with Radar,130,36,38,2,206,0,8,21,0,29,130,44,59,2,235,0,0,0,235
05/08/2020,FLL,FL,ASO,ES,Towers with Radar,126,35,28,2,191,0,8,17,1,26,126,43,45,3,217,0,0,0,217
05/09/2020,FLL,FL,ASO,ES,Towers with Radar,102,21,29,0,152,0,4,7,0,11,102,25,36,0,163,0,0,0,163
05/10/2020,FLL,FL,ASO,ES,Towers with Radar,114,10,18,0,142,0,0,4,0,4,114,10,22,0,146,0,0,0,146
05/11/2020,FLL,FL,ASO,ES,Towers with Radar,111,22,34,0,167,0,3,10,0,13,111,25,44,0,180,0,0,0,180
05/12/2020,FLL,FL,ASO,ES,Towers with Radar,103,20,25,0,148,0,1,4,0,5,103,21,29,0,153,0,0,0,153
05/13/2020,FLL,FL,ASO,ES,Towers with Radar,105,25,25,0,155,0,4,18,2,24,105,29,43,2,179,0,0,0,179
05/14/2020,FLL,FL,ASO,ES,Towers with Radar,137,41,46,0,224,0,2,2,0,4,137,43,48,0,228,0,0,0,228
05/15/2020,FLL,FL,ASO,ES,Towers with Radar,116,34,18,0,168,0,1,5,0,6,116,35,23,0,174,0,0,0,174
05/16/2020,FLL,FL,ASO,ES,Towers with Radar,102,17,21,2,142,0,1,4,0,5,102,18,25,2,147,0,0,0,147
05/17/2020,FLL,FL,ASO,ES,Towers with Radar,119,23,23,0,165,0,2,7,2,11,119,25,30,2,176,0,0,0,176
05/18/2020,FLL,FL,ASO,ES,Towers with Radar,121,33,29,0,183,0,7,10,0,17,121,40,39,0,200,0,0,0,200
05/19/2020,FLL,FL,ASO,ES,Towers with Radar,104,23,29,0,156,0,2,15,0,17,104,25,44,0,173,0,0,0,173
05/20/2020,FLL,FL,ASO,ES,Towers with Radar,105,24,41,0,170,0,4,14,0,18,105,28,55,0,188,0,0,0,188
05/21/2020,FLL,FL,ASO,ES,Towers with Radar,140,34,35,2,211,0,0,16,2,18,140,34,51,4,229,0,0,0,229
05/22/2020,FLL,FL,ASO,ES,Towers with Radar,130,36,31,2,199,0,3,20,0,23,130,39,51,2,222,0,0,0,222
05/23/2020,FLL,FL,ASO,ES,Towers with Radar,119,26,24,1,170,0,1,3,0,4,119,27,27,1,174,0,0,0,174
05/24/2020,FLL,FL,ASO,ES,Towers with Radar,121,15,22,0,158,0,0,2,0,2,121,15,24,0,160,0,0,0,160
05/25/2020,FLL,FL,ASO,ES,Towers with Radar,123,28,39,0,190,0,0,1,0,1,123,28,40,0,191,0,0,0,191
05/26/2020,FLL,FL,ASO,ES,Towers with Radar,112,23,26,0,161,0,4,1,0,5,112,27,27,0,166,0,0,0,166
05/27/2020,FLL,FL,ASO,ES,Towers with Radar,108,26,40,0,174,0,2,13,0,15,108,28,53,0,189,0,0,0,189
05/28/2020,FLL,FL,ASO,ES,Towers with Radar,135,18,49,0,202,0,2,17,1,20,135,20,66,1,222,0,0,0,222
05/29/2020,FLL,FL,ASO,ES,Towers with Radar,128,30,37,2,197,0,4,22,0,26,128,34,59,2,223,0,0,0,223
05/30/2020,FLL,FL,ASO,ES,Towers with Radar,116,20,22,2,160,0,0,9,0,9,116,20,31,2,169,0,0,0,169
05/31/2020,FLL,FL,ASO,ES,Towers with Radar,131,21,31,0,183,0,4,13,0,17,131,25,44,0,200,0,0,0,200
06/01/2020,FLL,FL,ASO,ES,Towers with Radar,157,25,37,1,220,0,0,3,0,3,157,25,40,1,223,0,0,0,223
06/02/2020,FLL,FL,ASO,ES,Towers with Radar,144,26,36,1,207,0,9,5,4,18,144,35,41,5,225,0,0,0,225
06/03/2020,FLL,FL,ASO,ES,Towers with Radar,143,37,43,3,226,0,8,5,0,13,143,45,48,3,239,0,0,0,239
06/04/2020,FLL,FL,ASO,ES,Towers with Radar,178,35,44,0,257,0,2,0,0,2,178,37,44,0,259,0,0,0,259
06/05/2020,FLL,FL,ASO,ES,Towers with Radar,177,30,47,2,256,0,8,7,3,18,177,38,54,5,274,0,0,0,274
06/06/2020,FLL,FL,ASO,ES,Towers with Radar,157,18,34,0,209,0,0,4,0,4,157,18,38,0,213,0,0,0,213
06/07/2020,FLL,FL,ASO,ES,Towers with Radar,176,27,32,0,235,0,0,5,0,5,176,27,37,0,240,0,0,0,240
06/08/2020,FLL,FL,ASO,ES,Towers with Radar,179,27,23,2,231,0,0,15,2,17,179,27,38,4,248,0,0,0,248
06/09/2020,FLL,FL,ASO,ES,Towers with Radar,150,28,37,5,220,0,8,19,1,28,150,36,56,6,248,0,0,0,248
06/10/2020,FLL,FL,ASO,ES,Towers with Radar,166,33,32,0,231,0,0,11,1,12,166,33,43,1,243,0,0,0,243
06/11/2020,FLL,FL,ASO,ES,Towers with Radar,228,43,37,0,308,0,5,20,0,25,228,48,57,0,333,0,0,0,333
06/12/2020,FLL,FL,ASO,ES,Towers with Radar,231,45,47,2,325,0,2,12,0,14,231,47,59,2,339,0,0,0,339
06/13/2020,FLL,FL,ASO,ES,Towers with Radar,196,32,21,0,249,0,0,5,0,5,196,32,26,0,254,0,0,0,254
06/14/2020,FLL,FL,ASO,ES,Towers with Radar,228,35,43,0,306,0,0,9,0,9,228,35,52,0,315,0,0,0,315
06/15/2020,FLL,FL,ASO,ES,Towers with Radar,213,35,38,0,286,0,10,5,0,15,213,45,43,0,301,0,0,0,301
06/16/2020,FLL,FL,ASO,ES,Towers with Radar,173,43,42,1,259,0,6,12,0,18,173,49,54,1,277,0,0,0,277
06/17/2020,FLL,FL,ASO,ES,Towers with Radar,173,40,56,1,270,0,3,9,0,12,173,43,65,1,282,0,0,0,282
06/18/2020,FLL,FL,ASO,ES,Towers with Radar,254,44,39,4,341,0,2,7,0,9,254,46,46,4,350,0,0,0,350
06/19/2020,FLL,FL,ASO,ES,Towers with Radar,240,50,45,2,337,0,6,10,2,18,240,56,55,4,355,0,0,0,355
06/20/2020,FLL,FL,ASO,ES,Towers with Radar,222,36,32,2,292,0,0,10,0,10,222,36,42,2,302,0,0,0,302
06/21/2020,FLL,FL,ASO,ES,Towers with Radar,239,37,39,0,315,0,0,3,0,3,239,37,42,0,318,0,0,0,318
06/22/2020,FLL,FL,ASO,ES,Towers with Radar,239,35,49,0,323,0,6,6,2,14,239,41,55,2,337,0,0,0,337
06/23/2020,FLL,FL,ASO,ES,Towers with Radar,197,47,32,0,276,0,2,15,2,19,197,49,47,2,295,0,0,0,295
06/24/2020,FLL,FL,ASO,ES,Towers with Radar,194,37,44,0,275,0,4,12,0,16,194,41,56,0,291,0,0,0,291
06/25/2020,FLL,FL,ASO,ES,Towers with Radar,278,32,38,0,348,0,5,17,0,22,278,37,55,0,370,0,0,0,370
06/26/2020,FLL,FL,ASO,ES,Towers with Radar,269,52,39,2,362,0,4,22,2,28,269,56,61,4,390,0,0,0,390
06/27/2020,FLL,FL,ASO,ES,Towers with Radar,236,26,36,0,298,0,3,5,0,8,236,29,41,0,306,0,0,0,306
06/28/2020,FLL,FL,ASO,ES,Towers with Radar,254,42,42,0,338,0,6,7,0,13,254,48,49,0,351,0,0,0,351
06/29/2020,FLL,FL,ASO,ES,Towers with Radar,262,27,41,0,330,0,10,7,1,18,262,37,48,1,348,0,0,0,348
06/30/2020,FLL,FL,ASO,ES,Towers with Radar,203,49,47,2,301,0,5,8,1,14,203,54,55,3,315,0,0,0,315
07/01/2020,FLL,FL,ASO,ES,Towers with Radar,307,53,52,0,412,0,10,10,1,21,307,63,62,1,433,0,0,0,433
07/02/2020,FLL,FL,ASO,ES,Towers with Radar,371,61,46,2,480,0,22,12,2,36,371,83,58,4,516,0,0,0,516
07/03/2020,FLL,FL,ASO,ES,Towers with Radar,377,75,39,0,491,0,19,10,0,29,377,94,49,0,520,0,0,0,520
07/04/2020,FLL,FL,ASO,ES,Towers with Radar,282,36,15,1,334,0,2,11,0,13,282,38,26,1,347,0,0,0,347
07/05/2020,FLL,FL,ASO,ES,Towers with Radar,368,49,32,2,451,0,12,8,0,20,368,61,40,2,471,0,0,0,471
07/06/2020,FLL,FL,ASO,ES,Towers with Radar,378,47,44,0,469,0,13,8,0,21,378,60,52,0,490,0,0,0,490
07/07/2020,FLL,FL,ASO,ES,Towers with Radar,334,41,38,0,413,0,6,9,2,17,334,47,47,2,430,0,0,0,430
07/08/2020,FLL,FL,ASO,ES,Towers with Radar,343,41,40,0,424,0,5,18,2,25,343,46,58,2,449,0,0,0,449
07/09/2020,FLL,FL,ASO,ES,Towers with Radar,394,60,46,1,501,0,8,19,0,27,394,68,65,1,528,0,0,0,528
07/10/2020,FLL,FL,ASO,ES,Towers with Radar,418,52,34,6,510,0,16,8,3,27,418,68,42,9,537,0,0,0,537
07/11/2020,FLL,FL,ASO,ES,Towers with Radar,370,54,27,2,453,0,3,5,0,8,370,57,32,2,461,0,0,0,461
07/12/2020,FLL,FL,ASO,ES,Towers with Radar,376,49,36,0,461,0,7,8,0,15,376,56,44,0,476,0,0,0,476
07/13/2020,FLL,FL,ASO,ES,Towers with Radar,388,40,43,0,471,0,5,6,2,13,388,45,49,2,484,0,0,0,484
07/14/2020,FLL,FL,ASO,ES,Towers with Radar,328,22,35,2,387,0,8,16,0,24,328,30,51,2,411,0,0,0,411
07/15/2020,FLL,FL,ASO,ES,Towers with Radar,338,39,46,0,423,0,7,8,0,15,338,46,54,0,438,0,0,0,438
07/16/2020,FLL,FL,ASO,ES,Towers with Radar,380,43,38,0,461,0,12,13,0,25,380,55,51,0,486,0,0,0,486
07/17/2020,FLL,FL,ASO,ES,Towers with Radar,386,56,43,0,485,0,12,11,0,23,386,68,54,0,508,0,0,0,508
07/18/2020,FLL,FL,ASO,ES,Towers with Radar,352,45,21,0,418,0,5,4,0,9,352,50,25,0,427,0,0,0,427
07/19/2020,FLL,FL,ASO,ES,Towers with Radar,363,45,23,0,431,0,3,2,0,5,363,48,25,0,436,0,0,0,436
07/20/2020,FLL,FL,ASO,ES,Towers with Radar,372,30,24,0,426,0,6,4,1,11,372,36,28,1,437,0,0,0,437
07/21/2020,FLL,FL,ASO,ES,Towers with Radar,315,25,41,2,383,0,7,10,0,17,315,32,51,2,400,0,0,0,400
07/22/2020,FLL,FL,ASO,ES,Towers with Radar,324,31,31,0,386,0,5,11,1,17,324,36,42,1,403,0,0,0,403
07/23/2020,FLL,FL,ASO,ES,Towers with Radar,369,60,25,2,456,0,6,12,1,19,369,66,37,3,475,0,0,0,475
07/24/2020,FLL,FL,ASO,ES,Towers with Radar,370,45,39,0,454,0,11,11,2,24,370,56,50,2,478,0,0,0,478
07/25/2020,FLL,FL,ASO,ES,Towers with Radar,337,25,19,1,382,0,6,11,1,18,337,31,30,2,400,0,0,0,400
07/26/2020,FLL,FL,ASO,ES,Towers with Radar,358,36,34,0,428,0,7,10,2,19,358,43,44,2,447,0,0,0,447
07/27/2020,FLL,FL,ASO,ES,Towers with Radar,358,28,32,2,420,0,12,17,0,29,358,40,49,2,449,0,0,0,449
07/28/2020,FLL,FL,ASO,ES,Towers with Radar,305,27,37,0,369,0,5,5,0,10,305,32,42,0,379,0,0,0,379
07/29/2020,FLL,FL,ASO,ES,Towers with Radar,308,29,37,2,376,0,2,18,0,20,308,31,55,2,396,0,0,0,396
07/30/2020,FLL,FL,ASO,ES,Towers with Radar,358,42,39,0,439,0,9,11,0,20,358,51,50,0,459,0,0,0,459
07/31/2020,FLL,FL,ASO,ES,Towers with Radar,365,35,54,0,454,0,9,9,1,19,365,44,63,1,473,0,0,0,473
08/01/2020,FLL,FL,ASO,ES,Towers with Radar,300,18,17,0,335,0,1,1,0,2,300,19,18,0,337,0,0,0,337
08/02/2020,FLL,FL,ASO,ES,Towers with Radar,347,24,23,0,394,0,1,2,0,3,347,25,25,0,397,0,0,0,397
08/03/2020,FLL,FL,ASO,ES,Towers with Radar,375,28,46,0,449,0,11,12,0,23,375,39,58,0,472,0,0,0,472
08/04/2020,FLL,FL,ASO,ES,Towers with Radar,303,30,47,0,380,0,1,13,2,16,303,31,60,2,396,0,0,0,396
08/05/2020,FLL,FL,ASO,ES,Towers with Radar,292,44,28,0,364,0,1,17,0,18,292,45,45,0,382,0,0,0,382
08/06/2020,FLL,FL,ASO,ES,Towers with Radar,355,57,40,2,454,0,5,11,0,16,355,62,51,2,470,0,0,0,470
08/07/2020,FLL,FL,ASO,ES,Towers with Radar,355,38,47,0,440,0,3,11,0,14,355,41,58,0,454,0,0,0,454
08/08/2020,FLL,FL,ASO,ES,Towers with Radar,306,36,31,0,373,0,1,9,0,10,306,37,40,0,383,0,0,0,383
08/09/2020,FLL,FL,ASO,ES,Towers with Radar,333,37,28,0,398,0,2,2,0,4,333,39,30,0,402,0,0,0,402
08/10/2020,FLL,FL,ASO,ES,Towers with Radar,326,37,26,2,391,0,6,10,0,16,326,43,36,2,407,0,0,0,407
08/11/2020,FLL,FL,ASO,ES,Towers with Radar,251,32,31,0,314,0,5,22,0,27,251,37,53,0,341,0,0,0,341
08/12/2020,FLL,FL,ASO,ES,Towers with Radar,250,42,33,4,329,0,1,17,5,23,250,43,50,9,352,0,0,0,352
08/13/2020,FLL,FL,ASO,ES,Towers with Radar,319,55,50,4,428,0,3,47,0,50,319,58,97,4,478,0,0,0,478
08/14/2020,FLL,FL,ASO,ES,Towers with Radar,303,48,54,2,407,0,0,12,0,12,303,48,66,2,419,0,0,0,419
08/15/2020,FLL,FL,ASO,ES,Towers with Radar,285,33,42,0,360,0,3,8,1,12,285,36,50,1,372,0,0,0,372
08/16/2020,FLL,FL,ASO,ES,Towers with Radar,304,43,40,0,387,0,7,5,0,12,304,50,45,0,399,0,0,0,399
08/17/2020,FLL,FL,ASO,ES,Towers with Radar,309,37,40,0,386,0,3,9,2,14,309,40,49,2,400,0,0,0,400
08/18/2020,FLL,FL,ASO,ES,Towers with Radar,242,32,35,2,311,0,7,21,0,28,242,39,56,2,339,0,0,0,339
08/19/2020,FLL,FL,ASO,ES,Towers with Radar,249,26,52,0,327,0,4,8,0,12,249,30,60,0,339,0,0,0,339
08/20/2020,FLL,FL,ASO,ES,Towers with Radar,312,39,36,0,387,0,2,6,0,8,312,41,42,0,395,0,0,0,395
08/21/2020,FLL,FL,ASO,ES,Towers with Radar,303,51,47,1,402,0,7,14,0,21,303,58,61,1,423,0,0,0,423
08/22/2020,FLL,FL,ASO,ES,Towers with Radar,278,26,35,0,339,0,9,3,0,12,278,35,38,0,351,0,0,0,351
08/23/2020,FLL,FL,ASO,ES,Towers with Radar,299,36,51,1,387,0,4,8,0,12,299,40,59,1,399,0,0,0,399
08/24/2020,FLL,FL,ASO,ES,Towers with Radar,300,24,21,0,345,0,0,4,0,4,300,24,25,0,349,0,0,0,349
08/25/2020,FLL,FL,ASO,ES,Towers with Radar,242,29,36,2,309,0,3,12,4,19,242,32,48,6,328,0,0,0,328
08/26/2020,FLL,FL,ASO,ES,Towers with Radar,235,39,40,2,316,0,5,22,2,29,235,44,62,4,345,0,0,0,345
08/27/2020,FLL,FL,ASO,ES,Towers with Radar,311,36,44,0,391,0,4,26,0,30,311,40,70,0,421,0,0,0,421
08/28/2020,FLL,FL,ASO,ES,Towers with Radar,309,51,49,2,411,0,4,18,0,22,309,55,67,2,433,0,0,0,433
08/29/2020,FLL,FL,ASO,ES,Towers with Radar,281,26,30,0,337,0,3,12,0,15,281,29,42,0,352,0,0,0,352
08/30/2020,FLL,FL,ASO,ES,Towers with Radar,302,41,31,0,374,0,6,10,0,16,302,47,41,0,390,0,0,0,390
08/31/2020,FLL,FL,ASO,ES,Towers with Radar,308,39,40,0,387,0,4,19,0,23,308,43,59,0,410,0,0,0,410
09/01/2020,FLL,FL,ASO,ES,Towers with Radar,232,32,47,2,313,0,6,16,1,23,232,38,63,3,336,0,0,0,336
09/02/2020,FLL,FL,ASO,ES,Towers with Radar,238,32,32,3,305,0,6,13,3,22,238,38,45,6,327,0,0,0,327
09/03/2020,FLL,FL,ASO,ES,Towers with Radar,303,53,43,3,402,0,3,11,0,14,303,56,54,3,416,0,0,0,416
09/04/2020,FLL,FL,ASO,ES,Towers with Radar,309,56,59,2,426,0,7,18,2,27,309,63,77,4,453,0,0,0,453
09/05/2020,FLL,FL,ASO,ES,Towers with Radar,260,23,20,0,303,0,2,6,0,8,260,25,26,0,311,0,0,0,311
09/06/2020,FLL,FL,ASO,ES,Towers with Radar,272,35,21,0,328,0,5,5,0,10,272,40,26,0,338,0,0,0,338
09/07/2020,FLL,FL,ASO,ES,Towers with Radar,298,37,53,0,388,0,8,9,0,17,298,45,62,0,405,0,0,0,405
09/08/2020,FLL,FL,ASO,ES,Towers with Radar,223,32,44,2,301,0,4,15,0,19,223,36,59,2,320,0,0,0,320
09/09/2020,FLL,FL,ASO,ES,Towers with Radar,226,37,44,2,309,0,6,12,0,18,226,43,56,2,327,0,0,0,327
09/10/2020,FLL,FL,ASO,ES,Towers with Radar,299,49,48,4,400,0,3,7,0,10,299,52,55,4,410,0,0,0,410
09/11/2020,FLL,FL,ASO,ES,Towers with Radar,279,39,35,2,355,0,7,7,2,16,279,46,42,4,371,0,0,0,371
09/12/2020,FLL,FL,ASO,ES,Towers with Radar,243,33,26,0,302,0,0,3,0,3,243,33,29,0,305,0,0,0,305
09/13/2020,FLL,FL,ASO,ES,Towers with Radar,277,55,28,0,360,0,9,12,0,21,277,64,40,0,381,0,0,0,381
09/14/2020,FLL,FL,ASO,ES,Towers with Radar,269,46,33,1,349,0,5,10,0,15,269,51,43,1,364,0,0,0,364
09/15/2020,FLL,FL,ASO,ES,Towers with Radar,206,28,30,1,265,0,7,5,0,12,206,35,35,1,277,0,0,0,277
09/16/2020,FLL,FL,ASO,ES,Towers with Radar,218,49,41,2,310,0,6,7,0,13,218,55,48,2,323,0,0,0,323
09/17/2020,FLL,FL,ASO,ES,Towers with Radar,289,53,30,2,374,0,13,7,2,22,289,66,37,4,396,0,0,0,396
09/18/2020,FLL,FL,ASO,ES,Towers with Radar,274,43,49,0,366,0,4,18,0,22,274,47,67,0,388,0,0,0,388
09/19/2020,FLL,FL,ASO,ES,Towers with Radar,238,28,30,0,296,0,5,10,0,15,238,33,40,0,311,0,0,0,311
09/20/2020,FLL,FL,ASO,ES,Towers with Radar,274,49,37,0,360,0,8,17,0,25,274,57,54,0,385,0,0,0,385
09/21/2020,FLL,FL,ASO,ES,Towers with Radar,289,39,28,0,356,0,1,2,0,3,289,40,30,0,359,0,0,0,359
09/22/2020,FLL,FL,ASO,ES,Towers with Radar,216,22,34,2,274,0,8,14,0,22,216,30,48,2,296,0,0,0,296
09/23/2020,FLL,FL,ASO,ES,Towers with Radar,227,57,46,0,330,0,6,13,2,21,227,63,59,2,351,0,0,0,351
09/24/2020,FLL,FL,ASO,ES,Towers with Radar,300,66,59,4,429,0,2,15,0,17,300,68,74,4,446,0,0,0,446
09/25/2020,FLL,FL,ASO,ES,Towers with Radar,294,63,56,0,413,0,5,11,0,16,294,68,67,0,429,0,0,0,429
09/26/2020,FLL,FL,ASO,ES,Towers with Radar,256,35,46,0,337,0,3,5,0,8,256,38,51,0,345,0,0,0,345
09/27/2020,FLL,FL,ASO,ES,Towers with Radar,285,52,72,0,409,0,6,8,0,14,285,58,80,0,423,0,0,0,423
09/28/2020,FLL,FL,ASO,ES,Towers with Radar,299,35,32,4,370,0,4,6,1,11,299,39,38,5,381,0,0,0,381
09/29/2020,FLL,FL,ASO,ES,Towers with Radar,226,38,44,2,310,0,6,7,0,13,226,44,51,2,323,0,0,0,323
09/30/2020,FLL,FL,ASO,ES,Towers with Radar,231,48,51,0,330,0,4,6,0,10,231,52,57,0,340,0,0,0,340
10/01/2020,FLL,FL,ASO,ES,Towers with Radar,336,52,52,2,442,0,6,14,0,20,336,58,66,2,462,0,0,0,462
10/02/2020,FLL,FL,ASO,ES,Towers with Radar,326,55,47,1,429,0,8,7,0,15,326,63,54,1,444,0,0,0,444
10/03/2020,FLL,FL,ASO,ES,Towers with Radar,297,33,33,2,365,0,0,5,0,5,297,33,38,2,370,0,0,0,370
10/04/2020,FLL,FL,ASO,ES,Towers with Radar,327,47,48,1,423,0,3,12,1,16,327,50,60,2,439,0,0,0,439
10/05/2020,FLL,FL,ASO,ES,Towers with Radar,330,50,45,0,425,0,3,4,0,7,330,53,49,0,432,0,0,0,432
10/06/2020,FLL,FL,ASO,ES,Towers with Radar,240,47,39,2,328,0,17,14,0,31,240,64,53,2,359,0,0,0,359
10/07/2020,FLL,FL,ASO,ES,Towers with Radar,275,56,46,0,377,0,8,13,2,23,275,64,59,2,400,0,0,0,400
10/08/2020,FLL,FL,ASO,ES,Towers with Radar,371,53,52,3,479,0,18,13,2,33,371,71,65,5,512,0,0,0,512
10/09/2020,FLL,FL,ASO,ES,Towers with Radar,374,52,46,1,473,0,11,21,4,36,374,63,67,5,509,0,0,0,509
10/10/2020,FLL,FL,ASO,ES,Towers with Radar,331,29,42,0,402,0,1,6,0,7,331,30,48,0,409,0,0,0,409
10/11/2020,FLL,FL,ASO,ES,Towers with Radar,363,42,30,2,437,0,6,7,2,15,363,48,37,4,452,0,0,0,452
10/12/2020,FLL,FL,ASO,ES,Towers with Radar,378,49,42,0,469,0,5,20,0,25,378,54,62,0,494,0,0,0,494
10/13/2020,FLL,FL,ASO,ES,Towers with Radar,284,35,47,2,368,0,11,20,2,33,284,46,67,4,401,0,0,0,401
10/14/2020,FLL,FL,ASO,ES,Towers with Radar,282,42,58,0,382,0,16,12,0,28,282,58,70,0,410,0,0,0,410
10/15/2020,FLL,FL,ASO,ES,Towers with Radar,383,82,80,3,548,0,8,20,0,28,383,90,100,3,576,0,0,0,576
10/16/2020,FLL,FL,ASO,ES,Towers with Radar,376,53,88,2,519,0,4,3,0,7,376,57,91,2,526,0,0,0,526
10/17/2020,FLL,FL,ASO,ES,Towers with Radar,338,37,48,2,425,0,9,12,0,21,338,46,60,2,446,0,0,0,446
10/18/2020,FLL,FL,ASO,ES,Towers with Radar,377,66,50,0,493,0,7,8,0,15,377,73,58,0,508,0,0,0,508
10/19/2020,FLL,FL,ASO,ES,Towers with Radar,384,51,35,0,470,0,8,7,0,15,384,59,42,0,485,0,0,0,485
10/20/2020,FLL,FL,ASO,ES,Towers with Radar,299,40,40,0,379,0,4,7,0,11,299,44,47,0,390,0,0,0,390
10/21/2020,FLL,FL,ASO,ES,Towers with Radar,300,51,39,0,390,0,5,5,0,10,300,56,44,0,400,0,0,0,400
10/22/2020,FLL,FL,ASO,ES,Towers with Radar,387,58,62,2,509,0,2,8,0,10,387,60,70,2,519,0,0,0,519
10/23/2020,FLL,FL,ASO,ES,Towers with Radar,383,65,45,0,493,0,11,11,1,23,383,76,56,1,516,0,0,0,516
10/24/2020,FLL,FL,ASO,ES,Towers with Radar,333,48,55,0,436,0,5,9,0,14,333,53,64,0,450,0,0,0,450
10/25/2020,FLL,FL,ASO,ES,Towers with Radar,381,49,63,0,493,0,6,7,0,13,381,55,70,0,506,0,0,0,506
10/26/2020,FLL,FL,ASO,ES,Towers with Radar,390,49,46,0,485,0,8,15,2,25,390,57,61,2,510,0,0,0,510
10/27/2020,FLL,FL,ASO,ES,Towers with Radar,296,40,74,2,412,0,16,13,0,29,296,56,87,2,441,0,0,0,441
10/28/2020,FLL,FL,ASO,ES,Towers with Radar,301,64,99,0,464,0,8,26,0,34,301,72,125,0,498,0,0,0,498
10/29/2020,FLL,FL,ASO,ES,Towers with Radar,394,81,111,2,588,0,3,22,0,25,394,84,133,2,613,0,0,0,613
10/30/2020,FLL,FL,ASO,ES,Towers with Radar,381,75,85,0,541,0,6,41,0,47,381,81,126,0,588,0,0,0,588
10/31/2020,FLL,FL,ASO,ES,Towers with Radar,300,66,55,0,421,0,1,16,0,17,300,67,71,0,438,0,0,0,438
11/01/2020,FLL,FL,ASO,ES,Towers with Radar,388,81,91,0,560,0,3,18,0,21,388,84,109,0,581,0,0,0,581
11/02/2020,FLL,FL,ASO,ES,Towers with Radar,393,68,54,0,515,0,5,11,0,16,393,73,65,0,531,0,0,0,531
11/03/2020,FLL,FL,ASO,ES,Towers with Radar,291,31,43,2,367,0,7,16,0,23,291,38,59,2,390,0,0,0,390
11/04/2020,FLL,FL,ASO,ES,Towers with Radar,316,51,42,2,411,0,4,12,2,18,316,55,54,4,429,0,0,0,429
11/05/2020,FLL,FL,ASO,ES,Towers with Radar,418,53,51,2,524,0,8,7,4,19,418,61,58,6,543,0,0,0,543
11/06/2020,FLL,FL,ASO,ES,Towers with Radar,420,58,65,2,545,0,7,9,0,16,420,65,74,2,561,0,0,0,561
11/07/2020,FLL,FL,ASO,ES,Towers with Radar,388,44,36,0,468,0,0,3,0,3,388,44,39,0,471,0,0,0,471
11/08/2020,FLL,FL,ASO,ES,Towers with Radar,396,21,23,0,440,0,0,0,0,0,396,21,23,0,440,0,0,0,440
11/09/2020,FLL,FL,ASO,ES,Towers with Radar,407,27,30,0,464,0,0,1,0,1,407,27,31,0,465,0,0,0,465
11/10/2020,FLL,FL,ASO,ES,Towers with Radar,338,28,50,2,418,0,9,13,0,22,338,37,63,2,440,0,0,0,440
11/11/2020,FLL,FL,ASO,ES,Towers with Radar,348,48,33,0,429,0,3,4,0,7,348,51,37,0,436,0,0,0,436
11/12/2020,FLL,FL,ASO,ES,Towers with Radar,439,66,51,1,557,0,4,15,0,19,439,70,66,1,576,0,0,0,576
11/13/2020,FLL,FL,ASO,ES,Towers with Radar,439,52,62,2,555,0,10,19,0,29,439,62,81,2,584,0,0,0,584
11/14/2020,FLL,FL,ASO,ES,Towers with Radar,389,47,41,0,477,0,5,13,0,18,389,52,54,0,495,0,0,0,495
11/15/2020,FLL,FL,ASO,ES,Towers with Radar,442,77,49,0,568,0,8,25,2,35,442,85,74,2,603,0,0,0,603
11/16/2020,FLL,FL,ASO,ES,Towers with Radar,431,66,60,2,559,0,7,28,1,36,431,73,88,3,595,0,0,0,595
11/17/2020,FLL,FL,ASO,ES,Towers with Radar,329,62,47,1,439,0,12,28,0,40,329,74,75,1,479,0,0,0,479
11/18/2020,FLL,FL,ASO,ES,Towers with Radar,393,55,27,2,477,0,5,12,3,20,393,60,39,5,497,0,0,0,497
11/19/2020,FLL,FL,ASO,ES,Towers with Radar,498,83,52,5,638,0,7,15,5,27,498,90,67,10,665,0,0,0,665
11/20/2020,FLL,FL,ASO,ES,Towers with Radar,513,68,70,0,651,0,14,17,8,39,513,82,87,8,690,0,0,0,690
11/21/2020,FLL,FL,ASO,ES,Towers with Radar,547,70,64,1,682,0,10,12,5,27,547,80,76,6,709,0,0,0,709
11/22/2020,FLL,FL,ASO,ES,Towers with Radar,508,101,59,0,668,0,7,6,4,17,508,108,65,4,685,0,0,0,685
11/23/2020,FLL,FL,ASO,ES,Towers with Radar,509,55,55,6,625,0,9,17,0,26,509,64,72,6,651,0,0,0,651
11/24/2020,FLL,FL,ASO,ES,Towers with Radar,519,34,62,3,618,0,13,31,1,45,519,47,93,4,663,0,0,0,663
11/25/2020,FLL,FL,ASO,ES,Towers with Radar,526,65,48,2,641,0,9,18,0,27,526,74,66,2,668,0,0,0,668
11/26/2020,FLL,FL,ASO,ES,Towers with Radar,328,30,20,0,378,0,8,10,0,18,328,38,30,0,396,0,0,0,396
11/27/2020,FLL,FL,ASO,ES,Towers with Radar,471,57,54,0,582,0,8,5,2,15,471,65,59,2,597,0,0,0,597
11/28/2020,FLL,FL,ASO,ES,Towers with Radar,565,51,55,0,671,0,9,10,0,19,565,60,65,0,690,0,0,0,690
11/29/2020,FLL,FL,ASO,ES,Towers with Radar,561,87,80,0,728,0,13,8,0,21,561,100,88,0,749,0,0,0,749
11/30/2020,FLL,FL,ASO,ES,Towers with Radar,543,65,56,2,666,0,11,11,2,24,543,76,67,4,690,0,0,0,690
12/01/2020,FLL,FL,ASO,ES,Towers with Radar,459,65,63,2,589,0,9,11,3,23,459,74,74,5,612,0,0,0,612
12/02/2020,FLL,FL,ASO,ES,Towers with Radar,378,59,79,0,516,0,7,11,2,20,378,66,90,2,536,0,0,0,536
12/03/2020,FLL,FL,ASO,ES,Towers with Radar,459,73,57,2,591,0,3,20,1,24,459,76,77,3,615,0,0,0,615
12/04/2020,FLL,FL,ASO,ES,Towers with Radar,437,60,70,2,569,0,15,15,0,30,437,75,85,2,599,0,0,0,599
12/05/2020,FLL,FL,ASO,ES,Towers with Radar,406,45,46,0,497,0,7,20,0,27,406,52,66,0,524,0,0,0,524
12/06/2020,FLL,FL,ASO,ES,Towers with Radar,475,50,45,0,570,0,2,12,0,14,475,52,57,0,584,0,0,0,584
12/07/2020,FLL,FL,ASO,ES,Towers with Radar,453,40,42,2,537,0,1,5,0,6,453,41,47,2,543,0,0,0,543
12/08/2020,FLL,FL,ASO,ES,Towers with Radar,367,54,54,0,475,0,13,18,0,31,367,67,72,0,506,0,0,0,506
12/09/2020,FLL,FL,ASO,ES,Towers with Radar,374,51,58,2,485,0,4,14,0,18,374,55,72,2,503,0,0,0,503
12/10/2020,FLL,FL,ASO,ES,Towers with Radar,476,64,76,3,619,0,1,27,0,28,476,65,103,3,647,0,0,0,647
12/11/2020,FLL,FL,ASO,ES,Towers with Radar,452,93,64,0,609,0,9,24,0,33,452,102,88,0,642,0,0,0,642
12/12/2020,FLL,FL,ASO,ES,Towers with Radar,424,50,52,0,526,0,8,11,0,19,424,58,63,0,545,0,0,0,545
12/13/2020,FLL,FL,ASO,ES,Towers with Radar,476,51,74,0,601,0,7,7,0,14,476,58,81,0,615,0,0,0,615
12/14/2020,FLL,FL,ASO,ES,Towers with Radar,452,72,48,0,572,0,5,18,0,23,452,77,66,0,595,0,0,0,595
12/15/2020,FLL,FL,ASO,ES,Towers with Radar,373,54,63,2,492,0,14,12,0,26,373,68,75,2,518,0,0,0,518
12/16/2020,FLL,FL,ASO,ES,Towers with Radar,402,49,42,2,495,0,13,21,0,34,402,62,63,2,529,0,0,0,529
12/17/2020,FLL,FL,ASO,ES,Towers with Radar,519,79,70,2,670,0,7,15,3,25,519,86,85,5,695,0,0,0,695
12/18/2020,FLL,FL,ASO,ES,Towers with Radar,595,95,81,0,771,0,10,25,0,35,595,105,106,0,806,0,0,0,806
12/19/2020,FLL,FL,ASO,ES,Towers with Radar,641,80,78,0,799,0,6,15,0,21,641,86,93,0,820,0,0,0,820
12/20/2020,FLL,FL,ASO,ES,Towers with Radar,602,74,60,0,736,0,9,13,0,22,602,83,73,0,758,0,0,0,758
12/21/2020,FLL,FL,ASO,ES,Towers with Radar,586,62,84,0,732,0,11,12,0,23,586,73,96,0,755,0,0,0,755
12/22/2020,FLL,FL,ASO,ES,Towers with Radar,595,67,71,6,739,0,11,22,0,33,595,78,93,6,772,0,0,0,772
12/23/2020,FLL,FL,ASO,ES,Towers with Radar,612,69,66,0,747,0,13,14,0,27,612,82,80,0,774,0,0,0,774
12/24/2020,FLL,FL,ASO,ES,Towers with Radar,487,64,43,0,594,0,8,12,0,20,487,72,55,0,614,0,0,0,614
12/25/2020,FLL,FL,ASO,ES,Towers with Radar,437,45,29,0,511,0,0,3,0,3,437,45,32,0,514,0,0,0,514
12/26/2020,FLL,FL,ASO,ES,Towers with Radar,623,129,152,0,904,0,18,11,3,32,623,147,163,3,936,0,0,0,936
12/27/2020,FLL,FL,ASO,ES,Towers with Radar,616,133,161,0,910,0,14,13,0,27,616,147,174,0,937,0,0,0,937
12/28/2020,FLL,FL,ASO,ES,Towers with Radar,567,124,115,0,806,0,16,13,2,31,567,140,128,2,837,0,0,0,837
12/29/2020,FLL,FL,ASO,ES,Towers with Radar,581,102,112,2,797,0,7,26,0,33,581,109,138,2,830,0,0,0,830
12/30/2020,FLL,FL,ASO,ES,Towers with Radar,577,110,99,2,788,0,8,15,2,25,577,118,114,4,813,0,0,0,813
12/31/2020,FLL,FL,ASO,ES,Towers with Radar,485,67,64,0,616,0,18,10,0,28,485,85,74,0,644,0,0,0,644
01/01/2021,FLL,FL,ASO,ES,Towers with Radar,483,45,56,0,584,0,14,4,0,18,483,59,60,0,602,0,0,0,602
01/02/2021,FLL,FL,ASO,ES,Towers with Radar,626,92,122,0,840,0,17,17,1,35,626,109,139,1,875,0,0,0,875
01/03/2021,FLL,FL,ASO,ES,Towers with Radar,616,112,145,0,873,0,28,19,0,47,616,140,164,0,920,0,0,0,920
01/04/2021,FLL,FL,ASO,ES,Towers with Radar,566,84,86,2,738,0,13,14,0,27,566,97,100,2,765,0,0,0,765
01/05/2021,FLL,FL,ASO,ES,Towers with Radar,508,82,84,2,676,0,5,12,0,17,508,87,96,2,693,0,0,0,693
01/06/2021,FLL,FL,ASO,ES,Towers with Radar,434,59,68,2,563,0,4,19,2,25,434,63,87,4,588,0,0,0,588
01/07/2021,FLL,FL,ASO,ES,Towers with Radar,494,87,65,3,649,0,15,27,1,43,494,102,92,4,692,0,0,0,692
01/08/2021,FLL,FL,ASO,ES,Towers with Radar,480,90,63,0,633,0,4,19,2,25,480,94,82,2,658,0,0,0,658
01/09/2021,FLL,FL,ASO,ES,Towers with Radar,467,58,76,0,601,0,14,16,0,30,467,72,92,0,631,0,0,0,631
01/10/2021,FLL,FL,ASO,ES,Towers with Radar,488,69,79,2,638,0,11,8,2,21,488,80,87,4,659,0,0,0,659
01/11/2021,FLL,FL,ASO,ES,Towers with Radar,466,68,59,4,597,0,6,9,0,15,466,74,68,4,612,0,0,0,612
01/12/2021,FLL,FL,ASO,ES,Towers with Radar,399,66,85,4,554,0,4,17,0,21,399,70,102,4,575,0,0,0,575
01/13/2021,FLL,FL,ASO,ES,Towers with Radar,401,49,60,4,514,0,7,36,0,43,401,56,96,4,557,0,0,0,557
01/14/2021,FLL,FL,ASO,ES,Towers with Radar,490,69,91,2,652,0,8,10,0,18,490,77,101,2,670,0,0,0,670
01/15/2021,FLL,FL,ASO,ES,Towers with Radar,474,68,77,1,620,0,20,16,0,36,474,88,93,1,656,0,0,0,656
01/16/2021,FLL,FL,ASO,ES,Towers with Radar,458,57,54,0,569,0,6,8,1,15,458,63,62,1,584,0,0,0,584
01/17/2021,FLL,FL,ASO,ES,Towers with Radar,475,71,59,1,606,0,11,5,0,16,475,82,64,1,622,0,0,0,622
01/18/2021,FLL,FL,ASO,ES,Towers with Radar,474,66,69,0,609,0,13,13,2,28,474,79,82,2,637,0,0,0,637
01/19/2021,FLL,FL,ASO,ES,Towers with Radar,400,53,61,2,516,0,15,16,0,31,400,68,77,2,547,0,0,0,547
01/20/2021,FLL,FL,ASO,ES,Towers with Radar,407,66,74,4,551,0,9,12,0,21,407,75,86,4,572,0,0,0,572
01/21/2021,FLL,FL,ASO,ES,Towers with Radar,491,56,66,2,615,0,7,22,1,30,491,63,88,3,645,0,0,0,645
01/22/2021,FLL,FL,ASO,ES,Towers with Radar,473,70,82,17,642,0,14,35,2,51,473,84,117,19,693,0,0,0,693
01/23/2021,FLL,FL,ASO,ES,Towers with Radar,454,46,44,0,544,0,11,17,0,28,454,57,61,0,572,0,0,0,572
01/24/2021,FLL,FL,ASO,ES,Towers with Radar,499,71,64,14,648,0,6,12,1,19,499,77,76,15,667,0,0,0,667
01/25/2021,FLL,FL,ASO,ES,Towers with Radar,460,50,68,2,580,0,9,19,2,30,460,59,87,4,610,0,0,0,610
01/26/2021,FLL,FL,ASO,ES,Towers with Radar,393,35,61,4,493,0,9,14,1,24,393,44,75,5,517,0,0,0,517
01/27/2021,FLL,FL,ASO,ES,Towers with Radar,401,55,71,4,531,0,9,17,0,26,401,64,88,4,557,0,0,0,557
01/28/2021,FLL,FL,ASO,ES,Towers with Radar,489,72,91,2,654,0,12,14,0,26,489,84,105,2,680,0,0,0,680
01/29/2021,FLL,FL,ASO,ES,Towers with Radar,469,81,58,0,608,0,15,20,0,35,469,96,78,0,643,0,0,0,643
01/30/2021,FLL,FL,ASO,ES,Towers with Radar,458,57,58,0,573,0,10,17,0,27,458,67,75,0,600,0,0,0,600
01/31/2021,FLL,FL,ASO,ES,Towers with Radar,457,73,83,0,613,0,12,5,0,17,457,85,88,0,630,0,0,0,630
02/01/2021,FLL,FL,ASO,ES,Towers with Radar,385,50,56,0,491,0,4,8,0,12,385,54,64,0,503,0,0,0,503
02/02/2021,FLL,FL,ASO,ES,Towers with Radar,378,40,41,0,459,0,3,18,0,21,378,43,59,0,480,0,0,0,480
02/03/2021,FLL,FL,ASO,ES,Towers with Radar,392,80,61,1,534,0,8,12,6,26,392,88,73,7,560,0,0,0,560
02/04/2021,FLL,FL,ASO,ES,Towers with Radar,470,52,72,3,597,0,16,19,0,35,470,68,91,3,632,0,0,0,632
02/05/2021,FLL,FL,ASO,ES,Towers with Radar,472,85,48,3,608,0,10,24,0,34,472,95,72,3,642,0,0,0,642
02/06/2021,FLL,FL,ASO,ES,Towers with Radar,451,74,39,1,565,0,5,11,2,18,451,79,50,3,583,0,0,0,583
02/07/2021,FLL,FL,ASO,ES,Towers with Radar,456,72,47,1,576,0,6,7,0,13,456,78,54,1,589,0,0,0,589
02/08/2021,FLL,FL,ASO,ES,Towers with Radar,454,69,64,1,588,0,11,4,4,19,454,80,68,5,607,0,0,0,607
02/09/2021,FLL,FL,ASO,ES,Towers with Radar,381,48,63,2,494,0,9,14,2,25,381,57,77,4,519,0,0,0,519
02/10/2021,FLL,FL,ASO,ES,Towers with Radar,408,58,54,0,520,0,15,18,0,33,408,73,72,0,553,0,0,0,553
02/11/2021,FLL,FL,ASO,ES,Towers with Radar,537,82,75,4,698,0,15,21,2,38,537,97,96,6,736,0,0,0,736
02/12/2021,FLL,FL,ASO,ES,Towers with Radar,551,80,83,2,716,0,24,11,2,37,551,104,94,4,753,0,0,0,753
02/13/2021,FLL,FL,ASO,ES,Towers with Radar,529,86,68,0,683,0,9,28,0,37,529,95,96,0,720,0,0,0,720
02/14/2021,FLL,FL,ASO,ES,Towers with Radar,514,66,66,0,646,0,13,12,0,25,514,79,78,0,671,0,0,0,671
02/15/2021,FLL,FL,ASO,ES,Towers with Radar,478,58,73,0,609,0,18,17,1,36,478,76,90,1,645,0,0,0,645
02/16/2021,FLL,FL,ASO,ES,Towers with Radar,409,70,65,3,547,0,4,11,0,15,409,74,76,3,562,0,0,0,562
02/17/2021,FLL,FL,ASO,ES,Towers with Radar,418,83,71,2,574,0,3,8,0,11,418,86,79,2,585,0,0,0,585
02/18/2021,FLL,FL,ASO,ES,Towers with Radar,482,39,68,2,591,0,7,17,0,24,482,46,85,2,615,0,0,0,615
02/19/2021,FLL,FL,ASO,ES,Towers with Radar,532,76,68,2,678,0,18,8,9,35,532,94,76,11,713,0,0,0,713
02/20/2021,FLL,FL,ASO,ES,Towers with Radar,550,72,79,0,701,0,7,21,0,28,550,79,100,0,729,0,0,0,729
02/21/2021,FLL,FL,ASO,ES,Towers with Radar,548,86,100,0,734,0,8,12,2,22,548,94,112,2,756,0,0,0,756
02/22/2021,FLL,FL,ASO,ES,Towers with Radar,514,72,51,1,638,0,11,17,6,34,514,83,68,7,672,0,0,0,672
02/23/2021,FLL,FL,ASO,ES,Towers with Radar,437,73,47,4,561,0,7,16,6,29,437,80,63,10,590,0,0,0,590
02/24/2021,FLL,FL,ASO,ES,Towers with Radar,447,71,96,3,617,0,5,17,1,23,447,76,113,4,640,0,0,0,640
02/25/2021,FLL,FL,ASO,ES,Towers with Radar,541,73,69,2,685,0,9,25,4,38,541,82,94,6,723,0,0,0,723
02/26/2021,FLL,FL,ASO,ES,Towers with Radar,543,66,104,4,717,0,11,23,0,34,543,77,127,4,751,0,0,0,751
02/27/2021,FLL,FL,ASO,ES,Towers with Radar,550,65,70,2,687,0,9,14,0,23,550,74,84,2,710,0,0,0,710
02/28/2021,FLL,FL,ASO,ES,Towers with Radar,537,70,120,0,727,0,11,30,0,41,537,81,150,0,768,0,0,0,768
03/01/2021,FLL,FL,ASO,ES,Towers with Radar,522,60,69,5,656,0,9,15,0,24,522,69,84,5,680,0,0,0,680
03/02/2021,FLL,FL,ASO,ES,Towers with Radar,444,69,93,1,607,0,14,19,0,33,444,83,112,1,640,0,0,0,640
03/03/2021,FLL,FL,ASO,ES,Towers with Radar,463,71,76,3,613,0,4,11,0,15,463,75,87,3,628,0,0,0,628
03/04/2021,FLL,FL,ASO,ES,Towers with Radar,562,69,78,3,712,0,6,18,0,24,562,75,96,3,736,0,0,0,736
03/05/2021,FLL,FL,ASO,ES,Towers with Radar,552,75,54,1,682,0,16,13,0,29,552,91,67,1,711,0,0,0,711
03/06/2021,FLL,FL,ASO,ES,Towers with Radar,571,70,52,1,694,0,8,11,0,19,571,78,63,1,713,0,0,0,713
03/07/2021,FLL,FL,ASO,ES,Towers with Radar,578,59,88,0,725,0,11,4,0,15,578,70,92,0,740,0,0,0,740
03/08/2021,FLL,FL,ASO,ES,Towers with Radar,585,63,60,2,710,0,7,16,0,23,585,70,76,2,733,0,0,0,733
03/09/2021,FLL,FL,ASO,ES,Towers with Radar,467,58,47,2,574,0,10,16,2,28,467,68,63,4,602,0,0,0,602
03/10/2021,FLL,FL,ASO,ES,Towers with Radar,533,73,70,2,678,0,3,38,2,43,533,76,108,4,721,0,0,0,721
03/11/2021,FLL,FL,ASO,ES,Towers with Radar,624,65,101,3,793,0,14,17,0,31,624,79,118,3,824,0,0,0,824
03/12/2021,FLL,FL,ASO,ES,Towers with Radar,640,85,81,0,806,0,15,19,2,36,640,100,100,2,842,0,0,0,842
03/13/2021,FLL,FL,ASO,ES,Towers with Radar,640,70,87,2,799,0,14,25,0,39,640,84,112,2,838,0,0,0,838
03/14/2021,FLL,FL,ASO,ES,Towers with Radar,613,78,95,4,790,0,17,19,0,36,613,95,114,4,826,0,0,0,826
03/15/2021,FLL,FL,ASO,ES,Towers with Radar,619,99,80,1,799,0,16,11,0,27,619,115,91,1,826,0,0,0,826
03/16/2021,FLL,FL,ASO,ES,Towers with Radar,565,64,72,2,703,0,20,27,0,47,565,84,99,2,750,0,0,0,750
03/17/2021,FLL,FL,ASO,ES,Towers with Radar,574,51,48,0,673,0,5,19,2,26,574,56,67,2,699,0,0,0,699
03/18/2021,FLL,FL,ASO,ES,Towers with Radar,644,72,88,2,806,0,14,23,0,37,644,86,111,2,843,0,0,0,843
03/19/2021,FLL,FL,ASO,ES,Towers with Radar,644,85,91,2,822,0,12,16,5,33,644,97,107,7,855,0,0,0,855
03/20/2021,FLL,FL,ASO,ES,Towers with Radar,656,100,86,3,845,0,20,26,0,46,656,120,112,3,891,0,0,0,891
03/21/2021,FLL,FL,ASO,ES,Towers with Radar,628,79,102,0,809,0,16,18,0,34,628,95,120,0,843,0,0,0,843
03/22/2021,FLL,FL,ASO,ES,Towers with Radar,629,68,72,2,771,0,12,9,3,24,629,80,81,5,795,0,0,0,795
03/23/2021,FLL,FL,ASO,ES,Towers with Radar,571,78,73,0,722,0,10,29,0,39,571,88,102,0,761,0,0,0,761
03/24/2021,FLL,FL,ASO,ES,Towers with Radar,582,76,75,2,735,0,11,17,0,28,582,87,92,2,763,0,0,0,763
03/25/2021,FLL,FL,ASO,ES,Towers with Radar,641,95,100,2,838,0,14,31,0,45,641,109,131,2,883,0,0,0,883
03/26/2021,FLL,FL,ASO,ES,Towers with Radar,649,88,92,4,833,0,4,30,4,38,649,92,122,8,871,0,0,0,871
03/27/2021,FLL,FL,ASO,ES,Towers with Radar,660,81,89,2,832,0,0,24,0,24,660,81,113,2,856,0,0,0,856
03/28/2021,FLL,FL,ASO,ES,Towers with Radar,633,75,79,1,788,0,4,31,0,35,633,79,110,1,823,0,0,0,823
03/29/2021,FLL,FL,ASO,ES,Towers with Radar,643,69,74,2,788,0,2,34,0,36,643,71,108,2,824,0,0,0,824
03/30/2021,FLL,FL,ASO,ES,Towers with Radar,593,59,57,6,715,0,2,25,0,27,593,61,82,6,742,0,0,0,742
03/31/2021,FLL,FL,ASO,ES,Towers with Radar,615,66,81,2,764,0,1,26,9,36,615,67,107,11,800,0,0,0,800
04/01/2021,FLL,FL,ASO,ES,Towers with Radar,624,91,119,2,836,0,5,33,0,38,624,96,152,2,874,0,0,0,874
04/02/2021,FLL,FL,ASO,ES,Towers with Radar,671,78,90,0,839,0,5,24,0,29,671,83,114,0,868,0,0,0,868
04/03/2021,FLL,FL,ASO,ES,Towers with Radar,675,81,93,0,849,0,0,27,0,27,675,81,120,0,876,0,0,0,876
04/04/2021,FLL,FL,ASO,ES,Towers with Radar,641,75,64,0,780,0,0,25,0,25,641,75,89,0,805,0,0,0,805
04/05/2021,FLL,FL,ASO,ES,Towers with Radar,642,78,106,2,828,0,3,34,0,37,642,81,140,2,865,0,0,0,865
04/06/2021,FLL,FL,ASO,ES,Towers with Radar,580,71,80,2,733,0,9,27,3,39,580,80,107,5,772,0,0,0,772
04/07/2021,FLL,FL,ASO,ES,Towers with Radar,582,73,62,2,719,0,2,23,0,25,582,75,85,2,744,0,0,0,744
04/08/2021,FLL,FL,ASO,ES,Towers with Radar,653,77,93,3,826,0,0,22,0,22,653,77,115,3,848,0,0,0,848
04/09/2021,FLL,FL,ASO,ES,Towers with Radar,638,69,89,2,798,0,2,38,0,40,638,71,127,2,838,0,0,0,838
04/10/2021,FLL,FL,ASO,ES,Towers with Radar,689,93,61,2,845,0,2,33,0,35,689,95,94,2,880,0,0,0,880
04/11/2021,FLL,FL,ASO,ES,Towers with Radar,442,67,89,1,599,0,3,19,0,22,442,70,108,1,621,0,0,0,621
04/12/2021,FLL,FL,ASO,ES,Towers with Radar,616,78,105,0,799,0,3,25,0,28,616,81,130,0,827,0,0,0,827
04/13/2021,FLL,FL,ASO,ES,Towers with Radar,544,71,70,2,687,0,8,22,1,31,544,79,92,3,718,0,0,0,718
04/14/2021,FLL,FL,ASO,ES,Towers with Radar,508,77,65,0,650,0,0,37,0,37,508,77,102,0,687,0,0,0,687
04/15/2021,FLL,FL,ASO,ES,Towers with Radar,635,64,103,2,804,0,4,40,0,44,635,68,143,2,848,0,0,0,848
04/16/2021,FLL,FL,ASO,ES,Towers with Radar,628,79,79,2,788,0,2,27,0,29,628,81,106,2,817,0,0,0,817
04/17/2021,FLL,FL,ASO,ES,Towers with Radar,612,66,85,2,765,0,1,22,0,23,612,67,107,2,788,0,0,0,788
04/18/2021,FLL,FL,ASO,ES,Towers with Radar,629,82,82,0,793,0,0,38,0,38,629,82,120,0,831,0,0,0,831
04/19/2021,FLL,FL,ASO,ES,Towers with Radar,608,56,72,2,738,0,2,20,4,26,608,58,92,6,764,0,0,0,764
04/20/2021,FLL,FL,ASO,ES,Towers with Radar,517,44,68,2,631,0,2,10,2,14,517,46,78,4,645,0,0,0,645
04/21/2021,FLL,FL,ASO,ES,Towers with Radar,515,72,70,2,659,0,2,23,2,27,515,74,93,4,686,0,0,0,686
04/22/2021,FLL,FL,ASO,ES,Towers with Radar,632,86,101,3,822,0,0,35,0,35,632,86,136,3,857,0,0,0,857
04/23/2021,FLL,FL,ASO,ES,Towers with Radar,620,79,86,3,788,0,4,32,4,40,620,83,118,7,828,0,0,0,828
04/24/2021,FLL,FL,ASO,ES,Towers with Radar,603,61,66,3,733,0,0,32,1,33,603,61,98,4,766,0,0,0,766
04/25/2021,FLL,FL,ASO,ES,Towers with Radar,638,61,98,1,798,0,4,24,0,28,638,65,122,1,826,0,0,0,826
04/26/2021,FLL,FL,ASO,ES,Towers with Radar,596,69,87,0,752,0,2,39,2,43,596,71,126,2,795,0,0,0,795
04/27/2021,FLL,FL,ASO,ES,Towers with Radar,506,56,56,4,622,0,4,23,7,34,506,60,79,11,656,0,0,0,656
04/28/2021,FLL,FL,ASO,ES,Towers with Radar,519,67,83,2,671,0,5,32,2,39,519,72,115,4,710,0,0,0,710
04/29/2021,FLL,FL,ASO,ES,Towers with Radar,626,71,82,2,781,0,0,45,2,47,626,71,127,4,828,0,0,0,828
04/30/2021,FLL,FL,ASO,ES,Towers with Radar,614,67,73,2,756,0,19,28,0,47,614,86,101,2,803,0,0,0,803
05/01/2021,FLL,FL,ASO,ES,Towers with Radar,612,64,70,1,747,0,13,16,0,29,612,77,86,1,776,0,0,0,776
05/02/2021,FLL,FL,ASO,ES,Towers with Radar,615,95,75,1,786,1,14,15,0,30,616,109,90,1,816,0,0,0,816
05/03/2021,FLL,FL,ASO,ES,Towers with Radar,598,73,73,2,746,0,13,13,0,26,598,86,86,2,772,0,0,0,772
05/04/2021,FLL,FL,ASO,ES,Towers with Radar,499,45,63,5,612,0,11,25,0,36,499,56,88,5,648,0,0,0,648
05/05/2021,FLL,FL,ASO,ES,Towers with Radar,556,63,82,1,702,0,7,21,4,32,556,70,103,5,734,0,0,0,734
05/06/2021,FLL,FL,ASO,ES,Towers with Radar,618,70,67,5,760,0,16,33,15,64,618,86,100,20,824,0,0,0,824
05/07/2021,FLL,FL,ASO,ES,Towers with Radar,708,73,86,7,874,0,16,37,23,76,708,89,123,30,950,0,0,0,950
05/08/2021,FLL,FL,ASO,ES,Towers with Radar,668,63,64,6,801,0,7,18,8,33,668,70,82,14,834,0,0,0,834
05/09/2021,FLL,FL,ASO,ES,Towers with Radar,667,58,70,4,799,0,16,13,12,41,667,74,83,16,840,0,0,0,840
05/10/2021,FLL,FL,ASO,ES,Towers with Radar,657,66,59,3,785,0,7,13,3,23,657,73,72,6,808,0,0,0,808
05/11/2021,FLL,FL,ASO,ES,Towers with Radar,602,58,66,4,730,0,5,27,2,34,602,63,93,6,764,0,0,0,764
05/12/2021,FLL,FL,ASO,ES,Towers with Radar,607,76,76,3,762,0,4,23,0,27,607,80,99,3,789,0,0,0,789
05/13/2021,FLL,FL,ASO,ES,Towers with Radar,683,71,94,3,851,0,8,13,0,21,683,79,107,3,872,0,0,0,872
05/14/2021,FLL,FL,ASO,ES,Towers with Radar,678,83,83,0,844,0,21,29,1,51,678,104,112,1,895,0,0,0,895
05/15/2021,FLL,FL,ASO,ES,Towers with Radar,658,68,59,2,787,0,7,11,0,18,658,75,70,2,805,0,0,0,805
05/16/2021,FLL,FL,ASO,ES,Towers with Radar,673,66,81,0,820,0,12,20,0,32,673,78,101,0,852,0,0,0,852
05/17/2021,FLL,FL,ASO,ES,Towers with Radar,665,64,43,0,772,0,12,8,0,20,665,76,51,0,792,0,0,0,792
05/18/2021,FLL,FL,ASO,ES,Towers with Radar,605,53,59,5,722,0,7,26,1,34,605,60,85,6,756,0,0,0,756
05/19/2021,FLL,FL,ASO,ES,Towers with Radar,624,68,54,3,749,0,8,17,0,25,624,76,71,3,774,0,0,0,774
05/20/2021,FLL,FL,ASO,ES,Towers with Radar,671,72,85,2,830,0,13,23,0,36,671,85,108,2,866,0,0,0,866
05/21/2021,FLL,FL,ASO,ES,Towers with Radar,677,56,62,1,796,0,21,16,2,39,677,77,78,3,835,0,0,0,835
05/22/2021,FLL,FL,ASO,ES,Towers with Radar,661,57,54,0,772,0,11,12,0,23,661,68,66,0,795,0,0,0,795
05/23/2021,FLL,FL,ASO,ES,Towers with Radar,672,68,76,2,818,0,19,19,0,38,672,87,95,2,856,0,0,0,856
05/24/2021,FLL,FL,ASO,ES,Towers with Radar,649,64,80,0,793,0,9,12,0,21,649,73,92,0,814,0,0,0,814
05/25/2021,FLL,FL,ASO,ES,Towers with Radar,625,54,55,0,734,0,13,16,0,29,625,67,71,0,763,0,0,0,763
05/26/2021,FLL,FL,ASO,ES,Towers with Radar,614,74,83,0,771,0,11,33,0,44,614,85,116,0,815,0,0,0,815
05/27/2021,FLL,FL,ASO,ES,Towers with Radar,678,91,86,2,857,0,13,32,0,45,678,104,118,2,902,0,0,0,902
05/28/2021,FLL,FL,ASO,ES,Towers with Radar,698,75,91,0,864,0,22,28,1,51,698,97,119,1,915,0,0,0,915
05/29/2021,FLL,FL,ASO,ES,Towers with Radar,665,67,51,2,785,0,6,13,0,19,665,73,64,2,804,0,0,0,804
05/30/2021,FLL,FL,ASO,ES,Towers with Radar,655,77,55,1,788,1,12,8,0,21,656,89,63,1,809,0,0,0,809
05/31/2021,FLL,FL,ASO,ES,Towers with Radar,680,71,96,2,849,0,14,21,1,36,680,85,117,3,885,0,0,0,885
06/01/2021,FLL,FL,ASO,ES,Towers with Radar,610,53,54,1,718,0,10,24,0,34,610,63,78,1,752,0,0,0,752
06/02/2021,FLL,FL,ASO,ES,Towers with Radar,627,52,61,4,744,0,11,21,0,32,627,63,82,4,776,0,0,0,776
06/03/2021,FLL,FL,ASO,ES,Towers with Radar,656,68,68,0,792,0,22,20,0,42,656,90,88,0,834,0,0,0,834
06/04/2021,FLL,FL,ASO,ES,Towers with Radar,678,81,74,6,839,0,13,15,6,34,678,94,89,12,873,0,0,0,873
06/05/2021,FLL,FL,ASO,ES,Towers with Radar,653,85,50,0,788,0,8,10,0,18,653,93,60,0,806,0,0,0,806
06/06/2021,FLL,FL,ASO,ES,Towers with Radar,671,66,86,0,823,0,12,11,0,23,671,78,97,0,846,0,0,0,846
06/07/2021,FLL,FL,ASO,ES,Towers with Radar,650,64,77,0,791,0,16,17,0,33,650,80,94,0,824,0,0,0,824
06/08/2021,FLL,FL,ASO,ES,Towers with Radar,575,40,60,0,675,0,10,14,0,24,575,50,74,0,699,0,0,0,699
06/09/2021,FLL,FL,ASO,ES,Towers with Radar,579,51,69,0,699,0,12,31,0,43,579,63,100,0,742,0,0,0,742
06/10/2021,FLL,FL,ASO,ES,Towers with Radar,654,76,69,0,799,0,13,33,0,46,654,89,102,0,845,0,0,0,845
06/11/2021,FLL,FL,ASO,ES,Towers with Radar,674,73,78,0,825,1,16,17,0,34,675,89,95,0,859,0,0,0,859
06/12/2021,FLL,FL,ASO,ES,Towers with Radar,650,62,53,1,766,0,11,24,0,35,650,73,77,1,801,0,0,0,801
06/13/2021,FLL,FL,ASO,ES,Towers with Radar,647,63,72,2,784,0,16,14,0,30,647,79,86,2,814,0,0,0,814
06/14/2021,FLL,FL,ASO,ES,Towers with Radar,611,72,66,0,749,0,14,11,0,25,611,86,77,0,774,0,0,0,774
06/15/2021,FLL,FL,ASO,ES,Towers with Radar,620,46,79,4,749,0,4,6,0,10,620,50,85,4,759,0,0,0,759
06/16/2021,FLL,FL,ASO,ES,Towers with Radar,620,62,82,0,764,0,4,13,0,17,620,66,95,0,781,0,0,0,781
06/17/2021,FLL,FL,ASO,ES,Towers with Radar,661,84,65,0,810,0,18,25,0,43,661,102,90,0,853,0,0,0,853
06/18/2021,FLL,FL,ASO,ES,Towers with Radar,663,73,91,2,829,0,13,16,4,33,663,86,107,6,862,0,0,0,862
06/19/2021,FLL,FL,ASO,ES,Towers with Radar,649,70,64,0,783,0,14,19,0,33,649,84,83,0,816,0,0,0,816
06/20/2021,FLL,FL,ASO,ES,Towers with Radar,656,64,66,0,786,0,7,15,0,22,656,71,81,0,808,0,0,0,808
06/21/2021,FLL,FL,ASO,ES,Towers with Radar,621,71,64,3,759,0,18,23,3,44,621,89,87,6,803,0,0,0,803
06/22/2021,FLL,FL,ASO,ES,Towers with Radar,613,60,76,1,750,0,7,18,0,25,613,67,94,1,775,0,0,0,775
06/23/2021,FLL,FL,ASO,ES,Towers with Radar,626,77,68,2,773,0,5,23,6,34,626,82,91,8,807,0,0,0,807
06/24/2021,FLL,FL,ASO,ES,Towers with Radar,656,70,83,4,813,0,11,17,5,33,656,81,100,9,846,0,0,0,846
06/25/2021,FLL,FL,ASO,ES,Towers with Radar,679,60,63,1,803,0,16,19,4,39,679,76,82,5,842,0,0,0,842
06/26/2021,FLL,FL,ASO,ES,Towers with Radar,648,60,51,2,761,0,11,18,0,29,648,71,69,2,790,0,0,0,790
06/27/2021,FLL,FL,ASO,ES,Towers with Radar,651,66,85,1,803,0,17,18,0,35,651,83,103,1,838,0,0,0,838
06/28/2021,FLL,FL,ASO,ES,Towers with Radar,648,55,78,1,782,0,12,10,1,23,648,67,88,2,805,0,0,0,805
06/29/2021,FLL,FL,ASO,ES,Towers with Radar,636,57,58,2,753,0,8,14,0,22,636,65,72,2,775,0,0,0,775
06/30/2021,FLL,FL,ASO,ES,Towers with Radar,630,55,65,3,753,0,8,9,1,18,630,63,74,4,771,0,0,0,771
07/01/2021,FLL,FL,ASO,ES,Towers with Radar,667,117,158,1,943,0,14,23,2,39,667,131,181,3,982,0,0,0,982
07/02/2021,FLL,FL,ASO,ES,Towers with Radar,664,84,74,1,823,0,14,21,0,35,664,98,95,1,858,0,0,0,858
07/03/2021,FLL,FL,ASO,ES,Towers with Radar,655,60,74,0,789,0,7,18,3,28,655,67,92,3,817,0,0,0,817
07/04/2021,FLL,FL,ASO,ES,Towers with Radar,601,56,26,0,683,0,7,12,0,19,601,63,38,0,702,0,0,0,702
07/05/2021,FLL,FL,ASO,ES,Towers with Radar,626,46,71,0,743,0,11,15,0,26,626,57,86,0,769,0,0,0,769
07/06/2021,FLL,FL,ASO,ES,Towers with Radar,611,27,47,0,685,0,8,4,1,13,611,35,51,1,698,0,0,0,698
07/07/2021,FLL,FL,ASO,ES,Towers with Radar,595,49,46,2,692,0,6,14,0,20,595,55,60,2,712,0,0,0,712
07/08/2021,FLL,FL,ASO,ES,Towers with Radar,621,77,77,1,776,0,11,11,0,22,621,88,88,1,798,0,0,0,798
07/09/2021,FLL,FL,ASO,ES,Towers with Radar,658,72,57,5,792,0,13,14,3,30,658,85,71,8,822,0,0,0,822
07/10/2021,FLL,FL,ASO,ES,Towers with Radar,652,54,50,0,756,0,9,16,0,25,652,63,66,0,781,0,0,0,781
07/11/2021,FLL,FL,ASO,ES,Towers with Radar,640,67,79,2,788,0,10,18,0,28,640,77,97,2,816,0,0,0,816
07/12/2021,FLL,FL,ASO,ES,Towers with Radar,622,59,71,1,753,0,8,8,4,20,622,67,79,5,773,0,0,0,773
07/13/2021,FLL,FL,ASO,ES,Towers with Radar,638,60,58,0,756,0,10,17,1,28,638,70,75,1,784,0,0,0,784
07/14/2021,FLL,FL,ASO,ES,Towers with Radar,618,47,78,2,745,0,10,18,0,28,618,57,96,2,773,0,0,0,773
07/15/2021,FLL,FL,ASO,ES,Towers with Radar,660,71,70,0,801,0,15,14,0,29,660,86,84,0,830,0,0,0,830
07/16/2021,FLL,FL,ASO,ES,Towers with Radar,669,63,71,2,805,0,14,19,14,47,669,77,90,16,852,0,0,0,852
07/17/2021,FLL,FL,ASO,ES,Towers with Radar,641,57,70,0,768,0,3,19,0,22,641,60,89,0,790,0,0,0,790
07/18/2021,FLL,FL,ASO,ES,Towers with Radar,642,65,55,0,762,0,11,13,0,24,642,76,68,0,786,0,0,0,786
07/19/2021,FLL,FL,ASO,ES,Towers with Radar,648,60,81,0,789,0,11,13,2,26,648,71,94,2,815,0,0,0,815
07/20/2021,FLL,FL,ASO,ES,Towers with Radar,623,64,58,0,745,0,9,19,0,28,623,73,77,0,773,0,0,0,773
07/21/2021,FLL,FL,ASO,ES,Towers with Radar,609,62,80,2,753,0,7,21,1,29,609,69,101,3,782,0,0,0,782
07/22/2021,FLL,FL,ASO,ES,Towers with Radar,673,77,79,0,829,0,15,17,0,32,673,92,96,0,861,0,0,0,861
07/23/2021,FLL,FL,ASO,ES,Towers with Radar,642,63,58,2,765,0,13,12,1,26,642,76,70,3,791,0,0,0,791
07/24/2021,FLL,FL,ASO,ES,Towers with Radar,655,67,49,0,771,0,8,9,0,17,655,75,58,0,788,0,0,0,788
07/25/2021,FLL,FL,ASO,ES,Towers with Radar,645,59,60,0,764,0,13,15,0,28,645,72,75,0,792,0,0,0,792
07/26/2021,FLL,FL,ASO,ES,Towers with Radar,674,61,44,2,781,0,14,12,0,26,674,75,56,2,807,0,0,0,807
07/27/2021,FLL,FL,ASO,ES,Towers with Radar,618,55,84,2,759,0,12,15,0,27,618,67,99,2,786,0,0,0,786
07/28/2021,FLL,FL,ASO,ES,Towers with Radar,609,52,50,0,711,0,5,9,5,19,609,57,59,5,730,0,0,0,730
07/29/2021,FLL,FL,ASO,ES,Towers with Radar,682,68,54,1,805,0,12,15,0,27,682,80,69,1,832,0,0,0,832
07/30/2021,FLL,FL,ASO,ES,Towers with Radar,654,79,77,0,810,0,16,24,1,41,654,95,101,1,851,0,0,0,851
07/31/2021,FLL,FL,ASO,ES,Towers with Radar,617,59,65,1,742,0,8,13,0,21,617,67,78,1,763,0,0,0,763
08/01/2021,FLL,FL,ASO,ES,Towers with Radar,577,47,72,1,697,0,12,11,5,28,577,59,83,6,725,0,0,0,725
08/02/2021,FLL,FL,ASO,ES,Towers with Radar,556,57,70,0,683,0,7,15,0,22,556,64,85,0,705,0,0,0,705
08/03/2021,FLL,FL,ASO,ES,Towers with Radar,489,49,57,0,595,0,13,12,0,25,489,62,69,0,620,0,0,0,620
08/04/2021,FLL,FL,ASO,ES,Towers with Radar,518,49,65,0,632,0,12,20,0,32,518,61,85,0,664,0,0,0,664
08/05/2021,FLL,FL,ASO,ES,Towers with Radar,586,65,73,2,726,0,11,22,1,34,586,76,95,3,760,0,0,0,760
08/06/2021,FLL,FL,ASO,ES,Towers with Radar,608,70,65,2,745,0,10,25,0,35,608,80,90,2,780,0,0,0,780
08/07/2021,FLL,FL,ASO,ES,Towers with Radar,615,79,66,3,763,0,9,12,0,21,615,88,78,3,784,0,0,0,784
08/08/2021,FLL,FL,ASO,ES,Towers with Radar,653,59,79,0,791,0,10,10,0,20,653,69,89,0,811,0,0,0,811
08/09/2021,FLL,FL,ASO,ES,Towers with Radar,633,55,45,0,733,0,7,25,0,32,633,62,70,0,765,0,0,0,765
08/10/2021,FLL,FL,ASO,ES,Towers with Radar,592,67,64,2,725,0,10,17,0,27,592,77,81,2,752,0,0,0,752
08/11/2021,FLL,FL,ASO,ES,Towers with Radar,605,51,58,3,717,0,4,15,1,20,605,55,73,4,737,0,0,0,737
08/12/2021,FLL,FL,ASO,ES,Towers with Radar,585,53,51,0,689,0,7,28,0,35,585,60,79,0,724,0,0,0,724
08/13/2021,FLL,FL,ASO,ES,Towers with Radar,666,65,60,1,792,0,14,13,0,27,666,79,73,1,819,0,0,0,819
08/14/2021,FLL,FL,ASO,ES,Towers with Radar,631,54,29,1,715,0,0,8,0,8,631,54,37,1,723,0,0,0,723
08/15/2021,FLL,FL,ASO,ES,Towers with Radar,634,67,59,3,763,0,9,18,0,27,634,76,77,3,790,0,0,0,790
08/16/2021,FLL,FL,ASO,ES,Towers with Radar,623,61,45,4,733,0,6,14,0,20,623,67,59,4,753,0,0,0,753
08/17/2021,FLL,FL,ASO,ES,Towers with Radar,564,58,65,1,688,0,4,24,0,28,564,62,89,1,716,0,0,0,716
08/18/2021,FLL,FL,ASO,ES,Towers with Radar,577,55,89,2,723,0,7,20,0,27,577,62,109,2,750,0,0,0,750
08/19/2021,FLL,FL,ASO,ES,Towers with Radar,637,43,56,0,736,0,10,27,1,38,637,53,83,1,774,0,0,0,774
08/20/2021,FLL,FL,ASO,ES,Towers with Radar,632,58,59,2,751,0,12,23,0,35,632,70,82,2,786,0,0,0,786
08/21/2021,FLL,FL,ASO,ES,Towers with Radar,616,57,56,1,730,0,7,6,2,15,616,64,62,3,745,0,0,0,745
08/22/2021,FLL,FL,ASO,ES,Towers with Radar,610,58,54,0,722,0,10,17,0,27,610,68,71,0,749,0,0,0,749
08/23/2021,FLL,FL,ASO,ES,Towers with Radar,605,62,49,3,719,0,13,13,0,26,605,75,62,3,745,0,0,0,745
08/24/2021,FLL,FL,ASO,ES,Towers with Radar,572,55,63,2,692,0,13,26,0,39,572,68,89,2,731,0,0,0,731
08/25/2021,FLL,FL,ASO,ES,Towers with Radar,573,52,71,4,700,0,5,15,1,21,573,57,86,5,721,0,0,0,721
08/26/2021,FLL,FL,ASO,ES,Towers with Radar,643,62,59,1,765,0,12,19,2,33,643,74,78,3,798,0,0,0,798
08/27/2021,FLL,FL,ASO,ES,Towers with Radar,630,60,58,2,750,0,16,17,0,33,630,76,75,2,783,0,0,0,783
08/28/2021,FLL,FL,ASO,ES,Towers with Radar,614,61,57,0,732,0,3,19,0,22,614,64,76,0,754,0,0,0,754
08/29/2021,FLL,FL,ASO,ES,Towers with Radar,622,53,36,0,711,0,12,8,0,20,622,65,44,0,731,0,0,0,731
08/30/2021,FLL,FL,ASO,ES,Towers with Radar,600,49,54,4,707,0,13,17,1,31,600,62,71,5,738,0,0,0,738
08/31/2021,FLL,FL,ASO,ES,Towers with Radar,557,47,43,1,648,0,8,14,1,23,557,55,57,2,671,0,0,0,671
09/01/2021,FLL,FL,ASO,ES,Towers with Radar,546,58,43,1,648,0,3,22,0,25,546,61,65,1,673,0,0,0,673
09/02/2021,FLL,FL,ASO,ES,Towers with Radar,600,74,53,3,730,0,7,9,0,16,600,81,62,3,746,0,0,0,746
09/03/2021,FLL,FL,ASO,ES,Towers with Radar,625,63,85,0,773,0,17,14,0,31,625,80,99,0,804,0,0,0,804
09/04/2021,FLL,FL,ASO,ES,Towers with Radar,587,56,51,0,694,0,6,9,0,15,587,62,60,0,709,0,0,0,709
09/05/2021,FLL,FL,ASO,ES,Towers with Radar,577,47,34,0,658,0,13,7,0,20,577,60,41,0,678,0,0,0,678
09/06/2021,FLL,FL,ASO,ES,Towers with Radar,595,53,51,0,699,0,27,10,0,37,595,80,61,0,736,0,0,0,736
09/07/2021,FLL,FL,ASO,ES,Towers with Radar,514,52,37,2,605,0,8,13,0,21,514,60,50,2,626,0,0,0,626
09/08/2021,FLL,FL,ASO,ES,Towers with Radar,525,55,62,2,644,0,6,9,0,15,525,61,71,2,659,0,0,0,659
09/09/2021,FLL,FL,ASO,ES,Towers with Radar,592,63,63,0,718,0,8,22,0,30,592,71,85,0,748,0,0,0,748
09/10/2021,FLL,FL,ASO,ES,Towers with Radar,605,56,69,2,732,0,9,20,0,29,605,65,89,2,761,0,0,0,761
09/11/2021,FLL,FL,ASO,ES,Towers with Radar,558,72,33,0,663,0,4,10,0,14,558,76,43,0,677,0,0,0,677
09/12/2021,FLL,FL,ASO,ES,Towers with Radar,587,59,61,1,708,0,12,10,0,22,587,71,71,1,730,0,0,0,730
09/13/2021,FLL,FL,ASO,ES,Towers with Radar,581,46,44,1,672,0,9,13,0,22,581,55,57,1,694,0,0,0,694
09/14/2021,FLL,FL,ASO,ES,Towers with Radar,485,58,52,0,595,0,11,26,0,37,485,69,78,0,632,0,0,0,632
09/15/2021,FLL,FL,ASO,ES,Towers with Radar,514,53,58,3,628,0,5,15,0,20,514,58,73,3,648,0,0,0,648
09/16/2021,FLL,FL,ASO,ES,Towers with Radar,603,56,47,3,709,0,12,15,0,27,603,68,62,3,736,0,0,0,736
09/17/2021,FLL,FL,ASO,ES,Towers with Radar,597,61,69,2,729,0,6,15,0,21,597,67,84,2,750,0,0,0,750
09/18/2021,FLL,FL,ASO,ES,Towers with Radar,548,55,36,0,639,0,6,12,0,18,548,61,48,0,657,0,0,0,657
09/19/2021,FLL,FL,ASO,ES,Towers with Radar,590,54,50,1,695,0,4,16,0,20,590,58,66,1,715,0,0,0,715
09/20/2021,FLL,FL,ASO,ES,Towers with Radar,589,54,48,2,693,0,7,18,0,25,589,61,66,2,718,0,0,0,718
09/21/2021,FLL,FL,ASO,ES,Towers with Radar,514,45,52,0,611,0,6,30,0,36,514,51,82,0,647,0,0,0,647
09/22/2021,FLL,FL,ASO,ES,Towers with Radar,509,44,47,1,601,0,7,26,1,34,509,51,73,2,635,0,0,0,635
09/23/2021,FLL,FL,ASO,ES,Towers with Radar,562,63,68,0,693,0,13,20,2,35,562,76,88,2,728,0,0,0,728
09/24/2021,FLL,FL,ASO,ES,Towers with Radar,583,88,79,0,750,0,12,12,2,26,583,100,91,2,776,0,0,0,776
09/25/2021,FLL,FL,ASO,ES,Towers with Radar,543,55,41,0,639,0,10,3,0,13,543,65,44,0,652,0,0,0,652
09/26/2021,FLL,FL,ASO,ES,Towers with Radar,596,66,73,2,737,0,16,13,2,31,596,82,86,4,768,0,0,0,768
09/27/2021,FLL,FL,ASO,ES,Towers with Radar,569,46,61,0,676,0,13,26,0,39,569,59,87,0,715,0,0,0,715
09/28/2021,FLL,FL,ASO,ES,Towers with Radar,502,35,75,0,612,0,13,20,1,34,502,48,95,1,646,0,0,0,646
09/29/2021,FLL,FL,ASO,ES,Towers with Radar,517,51,63,0,631,0,7,50,1,58,517,58,113,1,689,0,0,0,689
09/30/2021,FLL,FL,ASO,ES,Towers with Radar,603,63,70,1,737,0,12,20,3,35,603,75,90,4,772,0,0,0,772
10/01/2021,FLL,FL,ASO,ES,Towers with Radar,598,68,77,1,744,0,10,10,2,22,598,78,87,3,766,0,0,0,766
10/02/2021,FLL,FL,ASO,ES,Towers with Radar,556,45,58,0,659,0,0,13,0,13,556,45,71,0,672,0,0,0,672
10/03/2021,FLL,FL,ASO,ES,Towers with Radar,601,69,56,0,726,0,7,12,0,19,601,76,68,0,745,0,0,0,745
10/04/2021,FLL,FL,ASO,ES,Towers with Radar,568,51,71,2,692,0,9,26,0,35,568,60,97,2,727,0,0,0,727
10/05/2021,FLL,FL,ASO,ES,Towers with Radar,530,62,47,1,640,0,11,27,0,38,530,73,74,1,678,0,0,0,678
10/06/2021,FLL,FL,ASO,ES,Towers with Radar,509,54,67,3,633,0,7,29,0,36,509,61,96,3,669,0,0,0,669
10/07/2021,FLL,FL,ASO,ES,Towers with Radar,614,91,82,1,788,0,8,24,2,34,614,99,106,3,822,0,0,0,822
10/08/2021,FLL,FL,ASO,ES,Towers with Radar,534,81,61,3,679,0,14,24,0,38,534,95,85,3,717,0,0,0,717
10/09/2021,FLL,FL,ASO,ES,Towers with Radar,584,78,47,0,709,0,5,3,0,8,584,83,50,0,717,0,0,0,717
10/10/2021,FLL,FL,ASO,ES,Towers with Radar,566,65,48,0,679,0,4,15,1,20,566,69,63,1,699,0,0,0,699
10/11/2021,FLL,FL,ASO,ES,Towers with Radar,576,84,51,1,712,0,2,18,0,20,576,86,69,1,732,0,0,0,732
10/12/2021,FLL,FL,ASO,ES,Towers with Radar,537,48,55,2,642,0,5,17,0,22,537,53,72,2,664,0,0,0,664
10/13/2021,FLL,FL,ASO,ES,Towers with Radar,540,56,63,2,661,0,5,19,0,24,540,61,82,2,685,0,0,0,685
10/14/2021,FLL,FL,ASO,ES,Towers with Radar,610,63,76,0,749,0,9,7,0,16,610,72,83,0,765,0,0,0,765
10/15/2021,FLL,FL,ASO,ES,Towers with Radar,614,79,52,3,748,0,12,14,0,26,614,91,66,3,774,0,0,0,774
10/16/2021,FLL,FL,ASO,ES,Towers with Radar,581,54,42,2,679,0,10,9,0,19,581,64,51,2,698,0,0,0,698
10/17/2021,FLL,FL,ASO,ES,Towers with Radar,606,63,73,2,744,0,7,10,0,17,606,70,83,2,761,0,0,0,761
10/18/2021,FLL,FL,ASO,ES,Towers with Radar,599,55,77,4,735,0,6,20,0,26,599,61,97,4,761,0,0,0,761
10/19/2021,FLL,FL,ASO,ES,Towers with Radar,539,52,77,2,670,0,3,28,0,31,539,55,105,2,701,0,0,0,701
10/20/2021,FLL,FL,ASO,ES,Towers with Radar,546,56,82,0,684,0,17,30,1,48,546,73,112,1,732,0,0,0,732
10/21/2021,FLL,FL,ASO,ES,Towers with Radar,605,78,74,0,757,0,12,26,0,38,605,90,100,0,795,0,0,0,795
10/22/2021,FLL,FL,ASO,ES,Towers with Radar,625,83,77,2,787,0,14,7,2,23,625,97,84,4,810,0,0,0,810
10/23/2021,FLL,FL,ASO,ES,Towers with Radar,583,55,51,0,689,0,4,19,0,23,583,59,70,0,712,0,0,0,712
10/24/2021,FLL,FL,ASO,ES,Towers with Radar,601,73,60,0,734,0,2,23,0,25,601,75,83,0,759,0,0,0,759
10/25/2021,FLL,FL,ASO,ES,Towers with Radar,583,67,72,4,726,0,13,7,0,20,583,80,79,4,746,0,0,0,746
10/26/2021,FLL,FL,ASO,ES,Towers with Radar,549,71,90,3,713,0,12,27,0,39,549,83,117,3,752,0,0,0,752
10/27/2021,FLL,FL,ASO,ES,Towers with Radar,543,113,143,3,802,0,7,39,0,46,543,120,182,3,848,0,0,0,848
10/28/2021,FLL,FL,ASO,ES,Towers with Radar,603,119,145,2,869,0,10,26,1,37,603,129,171,3,906,0,0,0,906
10/29/2021,FLL,FL,ASO,ES,Towers with Radar,614,118,161,3,896,0,15,51,0,66,614,133,212,3,962,0,0,0,962
10/30/2021,FLL,FL,ASO,ES,Towers with Radar,584,93,109,0,786,0,6,33,0,39,584,99,142,0,825,0,0,0,825
10/31/2021,FLL,FL,ASO,ES,Towers with Radar,589,96,129,0,814,0,9,24,0,33,589,105,153,0,847,0,0,0,847
11/01/2021,FLL,FL,ASO,ES,Towers with Radar,609,84,66,1,760,0,12,20,0,32,609,96,86,1,792,0,0,0,792
11/02/2021,FLL,FL,ASO,ES,Towers with Radar,549,72,73,3,697,0,12,14,0,26,549,84,87,3,723,0,0,0,723
11/03/2021,FLL,FL,ASO,ES,Towers with Radar,560,82,57,2,701,0,20,17,0,37,560,102,74,2,738,0,0,0,738
11/04/2021,FLL,FL,ASO,ES,Towers with Radar,634,87,86,4,811,0,16,31,0,47,634,103,117,4,858,0,0,0,858
11/05/2021,FLL,FL,ASO,ES,Towers with Radar,630,76,71,4,781,0,3,9,2,14,630,79,80,6,795,0,0,0,795
11/06/2021,FLL,FL,ASO,ES,Towers with Radar,581,72,60,0,713,0,1,11,0,12,581,73,71,0,725,0,0,0,725
11/07/2021,FLL,FL,ASO,ES,Towers with Radar,610,94,99,0,803,0,6,25,0,31,610,100,124,0,834,0,0,0,834
11/08/2021,FLL,FL,ASO,ES,Towers with Radar,588,80,77,2,747,0,2,19,0,21,588,82,96,2,768,0,0,0,768
11/09/2021,FLL,FL,ASO,ES,Towers with Radar,503,63,81,4,651,0,8,29,0,37,503,71,110,4,688,0,0,0,688
11/10/2021,FLL,FL,ASO,ES,Towers with Radar,502,81,108,2,693,0,3,32,2,37,502,84,140,4,730,0,0,0,730
11/11/2021,FLL,FL,ASO,ES,Towers with Radar,622,91,97,0,810,0,8,34,0,42,622,99,131,0,852,0,0,0,852
11/12/2021,FLL,FL,ASO,ES,Towers with Radar,605,93,106,0,804,1,20,26,2,49,606,113,132,2,853,0,0,0,853
11/13/2021,FLL,FL,ASO,ES,Towers with Radar,574,66,57,0,697,0,8,11,0,19,574,74,68,0,716,0,0,0,716
11/14/2021,FLL,FL,ASO,ES,Towers with Radar,616,80,120,2,818,0,8,29,0,37,616,88,149,2,855,0,0,0,855
11/15/2021,FLL,FL,ASO,ES,Towers with Radar,607,87,91,1,786,0,11,43,0,54,607,98,134,1,840,0,0,0,840
11/16/2021,FLL,FL,ASO,ES,Towers with Radar,501,53,59,3,616,0,5,47,0,52,501,58,106,3,668,0,0,0,668
11/17/2021,FLL,FL,ASO,ES,Towers with Radar,518,65,64,4,651,0,2,27,0,29,518,67,91,4,680,0,0,0,680
11/18/2021,FLL,FL,ASO,ES,Towers with Radar,612,69,92,0,773,0,6,19,0,25,612,75,111,0,798,0,0,0,798
11/19/2021,FLL,FL,ASO,ES,Towers with Radar,620,76,107,2,805,0,4,16,0,20,620,80,123,2,825,0,0,0,825
11/20/2021,FLL,FL,ASO,ES,Towers with Radar,631,76,88,0,795,0,3,20,0,23,631,79,108,0,818,0,0,0,818
11/21/2021,FLL,FL,ASO,ES,Towers with Radar,634,83,113,3,833,0,9,28,0,37,634,92,141,3,870,0,0,0,870
11/22/2021,FLL,FL,ASO,ES,Towers with Radar,595,70,79,1,745,0,6,26,2,34,595,76,105,3,779,0,0,0,779
11/23/2021,FLL,FL,ASO,ES,Towers with Radar,632,72,118,0,822,0,19,48,2,69,632,91,166,2,891,0,0,0,891
11/24/2021,FLL,FL,ASO,ES,Towers with Radar,652,102,91,2,847,0,9,37,0,46,652,111,128,2,893,0,0,0,893
11/25/2021,FLL,FL,ASO,ES,Towers with Radar,510,42,21,0,573,0,1,14,0,15,510,43,35,0,588,0,0,0,588
11/26/2021,FLL,FL,ASO,ES,Towers with Radar,569,67,54,0,690,0,15,33,0,48,569,82,87,0,738,0,0,0,738
11/27/2021,FLL,FL,ASO,ES,Towers with Radar,658,91,67,0,816,0,12,31,0,43,658,103,98,0,859,0,0,0,859
11/28/2021,FLL,FL,ASO,ES,Towers with Radar,680,102,123,0,905,0,28,24,7,59,680,130,147,7,964,0,0,0,964
11/29/2021,FLL,FL,ASO,ES,Towers with Radar,649,71,97,1,818,0,20,42,0,62,649,91,139,1,880,0,0,0,880
11/30/2021,FLL,FL,ASO,ES,Towers with Radar,594,64,72,3,733,0,13,39,0,52,594,77,111,3,785,0,0,0,785
12/01/2021,FLL,FL,ASO,ES,Towers with Radar,570,86,98,4,758,0,10,42,0,52,570,96,140,4,810,0,0,0,810
12/02/2021,FLL,FL,ASO,ES,Towers with Radar,626,82,104,0,812,0,16,35,1,52,626,98,139,1,864,0,0,0,864
12/03/2021,FLL,FL,ASO,ES,Towers with Radar,623,66,75,3,767,0,14,38,0,52,623,80,113,3,819,0,0,0,819
12/04/2021,FLL,FL,ASO,ES,Towers with Radar,608,69,66,2,745,0,11,20,0,31,608,80,86,2,776,0,0,0,776
12/05/2021,FLL,FL,ASO,ES,Towers with Radar,643,86,96,2,827,0,22,16,0,38,643,108,112,2,865,0,0,0,865
12/06/2021,FLL,FL,ASO,ES,Towers with Radar,589,71,76,2,738,0,13,18,0,31,589,84,94,2,769,0,0,0,769
12/07/2021,FLL,FL,ASO,ES,Towers with Radar,529,60,72,1,662,0,10,27,0,37,529,70,99,1,699,0,0,0,699
12/08/2021,FLL,FL,ASO,ES,Towers with Radar,530,70,87,1,688,0,8,30,0,38,530,78,117,1,726,0,0,0,726
12/09/2021,FLL,FL,ASO,ES,Towers with Radar,621,90,86,2,799,0,16,24,0,40,621,106,110,2,839,0,0,0,839
12/10/2021,FLL,FL,ASO,ES,Towers with Radar,602,83,79,3,767,0,21,31,0,52,602,104,110,3,819,0,0,0,819
12/11/2021,FLL,FL,ASO,ES,Towers with Radar,574,76,54,0,704,0,7,16,0,23,574,83,70,0,727,0,0,0,727
12/12/2021,FLL,FL,ASO,ES,Towers with Radar,625,61,83,2,771,0,18,11,0,29,625,79,94,2,800,0,0,0,800
12/13/2021,FLL,FL,ASO,ES,Towers with Radar,588,57,70,1,716,0,11,30,2,43,588,68,100,3,759,0,0,0,759
12/14/2021,FLL,FL,ASO,ES,Towers with Radar,527,79,89,2,697,0,13,28,0,41,527,92,117,2,738,0,0,0,738
12/15/2021,FLL,FL,ASO,ES,Towers with Radar,543,77,81,2,703,0,8,28,0,36,543,85,109,2,739,0,0,0,739
12/16/2021,FLL,FL,ASO,ES,Towers with Radar,649,87,85,0,821,0,7,48,2,57,649,94,133,2,878,0,0,0,878
12/17/2021,FLL,FL,ASO,ES,Towers with Radar,666,94,122,4,886,0,12,23,4,39,666,106,145,8,925,0,0,0,925
12/18/2021,FLL,FL,ASO,ES,Towers with Radar,686,105,96,1,888,0,3,22,0,25,686,108,118,1,913,0,0,0,913
12/19/2021,FLL,FL,ASO,ES,Towers with Radar,666,93,98,2,859,0,8,13,0,21,666,101,111,2,880,0,0,0,880
12/20/2021,FLL,FL,ASO,ES,Towers with Radar,681,82,85,0,848,0,14,23,0,37,681,96,108,0,885,0,0,0,885
12/21/2021,FLL,FL,ASO,ES,Towers with Radar,681,78,68,0,827,0,10,17,0,27,681,88,85,0,854,0,0,0,854
12/22/2021,FLL,FL,ASO,ES,Towers with Radar,696,95,73,0,864,0,9,25,0,34,696,104,98,0,898,0,0,0,898
12/23/2021,FLL,FL,ASO,ES,Towers with Radar,728,80,75,0,883,0,12,33,0,45,728,92,108,0,928,0,0,0,928
12/24/2021,FLL,FL,ASO,ES,Towers with Radar,603,72,53,0,728,0,3,23,0,26,603,75,76,0,754,0,0,0,754
12/25/2021,FLL,FL,ASO,ES,Towers with Radar,590,62,48,0,700,0,6,11,0,17,590,68,59,0,717,0,0,0,717
12/26/2021,FLL,FL,ASO,ES,Towers with Radar,638,109,136,0,883,0,21,36,0,57,638,130,172,0,940,0,0,0,940
12/27/2021,FLL,FL,ASO,ES,Towers with Radar,684,120,128,2,934,0,19,32,2,53,684,139,160,4,987,0,0,0,987
12/28/2021,FLL,FL,ASO,ES,Towers with Radar,672,101,122,4,899,0,12,40,0,52,672,113,162,4,951,0,0,0,951
12/29/2021,FLL,FL,ASO,ES,Towers with Radar,677,75,85,2,839,0,14,39,0,53,677,89,124,2,892,0,0,0,892
12/30/2021,FLL,FL,ASO,ES,Towers with Radar,675,112,112,2,901,0,19,29,2,50,675,131,141,4,951,0,0,0,951
12/31/2021,FLL,FL,ASO,ES,Towers with Radar,593,76,71,0,740,0,10,18,2,30,593,86,89,2,770,0,0,0,770
01/01/2022,FLL,FL,ASO,ES,Towers with Radar,593,94,79,0,766,0,8,33,0,41,593,102,112,0,807,0,0,0,807
01/02/2022,FLL,FL,ASO,ES,Towers with Radar,620,120,157,0,897,0,17,56,2,75,620,137,213,2,972,0,0,0,972
01/03/2022,FLL,FL,ASO,ES,Towers with Radar,664,114,105,0,883,0,18,27,0,45,664,132,132,0,928,0,0,0,928
01/04/2022,FLL,FL,ASO,ES,Towers with Radar,606,95,98,2,801,0,16,32,0,48,606,111,130,2,849,0,0,0,849
01/05/2022,FLL,FL,ASO,ES,Towers with Radar,572,67,98,2,739,0,4,19,2,25,572,71,117,4,764,0,0,0,764
01/06/2022,FLL,FL,ASO,ES,Towers with Radar,612,82,97,0,791,0,16,17,2,35,612,98,114,2,826,0,0,0,826
01/07/2022,FLL,FL,ASO,ES,Towers with Radar,594,67,57,0,718,0,14,23,1,38,594,81,80,1,756,0,0,0,756
01/08/2022,FLL,FL,ASO,ES,Towers with Radar,595,81,66,2,744,0,2,22,1,25,595,83,88,3,769,0,0,0,769
01/09/2022,FLL,FL,ASO,ES,Towers with Radar,635,106,85,0,826,0,9,6,0,15,635,115,91,0,841,0,0,0,841
01/10/2022,FLL,FL,ASO,ES,Towers with Radar,622,78,79,2,781,0,13,20,2,35,622,91,99,4,816,0,0,0,816
01/11/2022,FLL,FL,ASO,ES,Towers with Radar,539,62,76,2,679,0,7,9,0,16,539,69,85,2,695,0,0,0,695
01/12/2022,FLL,FL,ASO,ES,Towers with Radar,550,73,85,2,710,0,7,16,0,23,550,80,101,2,733,0,0,0,733
01/13/2022,FLL,FL,ASO,ES,Towers with Radar,626,79,100,0,805,0,9,32,0,41,626,88,132,0,846,0,0,0,846
01/14/2022,FLL,FL,ASO,ES,Towers with Radar,634,89,93,2,818,0,18,33,0,51,634,107,126,2,869,0,0,0,869
01/15/2022,FLL,FL,ASO,ES,Towers with Radar,597,71,56,0,724,0,13,27,0,40,597,84,83,0,764,0,0,0,764
01/16/2022,FLL,FL,ASO,ES,Towers with Radar,542,66,55,0,663,0,9,2,0,11,542,75,57,0,674,0,0,0,674
01/17/2022,FLL,FL,ASO,ES,Towers with Radar,587,73,119,0,779,0,18,20,0,38,587,91,139,0,817,0,0,0,817
01/18/2022,FLL,FL,ASO,ES,Towers with Radar,538,70,74,2,684,0,12,18,0,30,538,82,92,2,714,0,0,0,714
01/19/2022,FLL,FL,ASO,ES,Towers with Radar,558,66,79,3,706,0,13,25,0,38,558,79,104,3,744,0,0,0,744
01/20/2022,FLL,FL,ASO,ES,Towers with Radar,636,72,97,2,807,0,12,30,0,42,636,84,127,2,849,0,0,0,849
01/21/2022,FLL,FL,ASO,ES,Towers with Radar,646,59,90,3,798,0,2,27,0,29,646,61,117,3,827,0,0,0,827
01/22/2022,FLL,FL,ASO,ES,Towers with Radar,596,54,58,4,712,0,6,11,0,17,596,60,69,4,729,0,0,0,729
01/23/2022,FLL,FL,ASO,ES,Towers with Radar,619,86,88,1,794,0,3,14,2,19,619,89,102,3,813,0,0,0,813
01/24/2022,FLL,FL,ASO,ES,Towers with Radar,609,58,87,2,756,0,2,25,2,29,609,60,112,4,785,0,0,0,785
01/25/2022,FLL,FL,ASO,ES,Towers with Radar,533,63,74,0,670,0,11,26,0,37,533,74,100,0,707,0,0,0,707
01/26/2022,FLL,FL,ASO,ES,Towers with Radar,543,62,96,2,703,0,4,22,0,26,543,66,118,2,729,0,0,0,729
01/27/2022,FLL,FL,ASO,ES,Towers with Radar,634,89,115,2,840,0,10,12,0,22,634,99,127,2,862,0,0,0,862
01/28/2022,FLL,FL,ASO,ES,Towers with Radar,631,69,111,0,811,0,3,15,0,18,631,72,126,0,829,0,0,0,829
01/29/2022,FLL,FL,ASO,ES,Towers with Radar,489,50,54,2,595,0,1,18,0,19,489,51,72,2,614,0,0,0,614
01/30/2022,FLL,FL,ASO,ES,Towers with Radar,550,75,109,0,734,0,12,20,0,32,550,87,129,0,766,0,0,0,766
01/31/2022,FLL,FL,ASO,ES,Towers with Radar,579,61,83,2,725,0,5,26,0,31,579,66,109,2,756,0,0,0,756
02/01/2022,FLL,FL,ASO,ES,Towers with Radar,530,44,76,2,652,0,5,35,0,40,530,49,111,2,692,0,0,0,692
02/02/2022,FLL,FL,ASO,ES,Towers with Radar,533,54,66,5,658,0,1,46,0,47,533,55,112,5,705,0,0,0,705
02/03/2022,FLL,FL,ASO,ES,Towers with Radar,547,73,83,3,706,0,4,34,0,38,547,77,117,3,744,0,0,0,744
02/04/2022,FLL,FL,ASO,ES,Towers with Radar,573,57,89,5,724,0,15,29,6,50,573,72,118,11,774,0,0,0,774
02/05/2022,FLL,FL,ASO,ES,Towers with Radar,559,65,79,0,703,0,10,12,0,22,559,75,91,0,725,0,0,0,725
02/06/2022,FLL,FL,ASO,ES,Towers with Radar,607,97,67,1,772,0,6,18,0,24,607,103,85,1,796,0,0,0,796
02/07/2022,FLL,FL,ASO,ES,Towers with Radar,629,66,75,5,775,0,8,24,5,37,629,74,99,10,812,0,0,0,812
02/08/2022,FLL,FL,ASO,ES,Towers with Radar,544,63,62,1,670,0,2,26,0,28,544,65,88,1,698,0,0,0,698
02/09/2022,FLL,FL,ASO,ES,Towers with Radar,556,64,84,4,708,0,0,10,2,12,556,64,94,6,720,0,0,0,720
02/10/2022,FLL,FL,ASO,ES,Towers with Radar,638,76,102,4,820,0,12,52,2,66,638,88,154,6,886,0,0,0,886
02/11/2022,FLL,FL,ASO,ES,Towers with Radar,656,74,103,3,836,0,14,30,5,49,656,88,133,8,885,0,0,0,885
02/12/2022,FLL,FL,ASO,ES,Towers with Radar,625,83,84,2,794,0,6,25,0,31,625,89,109,2,825,0,0,0,825
02/13/2022,FLL,FL,ASO,ES,Towers with Radar,596,60,66,1,723,0,6,12,1,19,596,66,78,2,742,0,0,0,742
02/14/2022,FLL,FL,ASO,ES,Towers with Radar,632,85,95,0,812,0,15,28,1,44,632,100,123,1,856,0,0,0,856
02/15/2022,FLL,FL,ASO,ES,Towers with Radar,552,68,87,6,713,0,11,35,0,46,552,79,122,6,759,0,0,0,759
02/16/2022,FLL,FL,ASO,ES,Towers with Radar,606,71,109,3,789,0,8,18,0,26,606,79,127,3,815,0,0,0,815
02/17/2022,FLL,FL,ASO,ES,Towers with Radar,694,106,130,3,933,0,7,33,0,40,694,113,163,3,973,0,0,0,973
02/18/2022,FLL,FL,ASO,ES,Towers with Radar,713,108,112,3,936,0,10,36,0,46,713,118,148,3,982,0,0,0,982
02/19/2022,FLL,FL,ASO,ES,Towers with Radar,740,84,67,2,893,0,9,9,0,18,740,93,76,2,911,0,0,0,911
02/20/2022,FLL,FL,ASO,ES,Towers with Radar,695,102,75,0,872,0,6,24,5,35,695,108,99,5,907,0,0,0,907
02/21/2022,FLL,FL,ASO,ES,Towers with Radar,714,83,118,2,917,0,13,35,1,49,714,96,153,3,966,0,0,0,966
02/22/2022,FLL,FL,ASO,ES,Towers with Radar,661,60,97,0,818,0,5,24,3,32,661,65,121,3,850,0,0,0,850
02/23/2022,FLL,FL,ASO,ES,Towers with Radar,672,66,81,3,822,0,2,28,0,30,672,68,109,3,852,0,0,0,852
02/24/2022,FLL,FL,ASO,ES,Towers with Radar,712,81,99,4,896,0,15,32,1,48,712,96,131,5,944,0,0,0,944
02/25/2022,FLL,FL,ASO,ES,Towers with Radar,695,87,97,6,885,0,12,47,4,63,695,99,144,10,948,0,0,0,948
02/26/2022,FLL,FL,ASO,ES,Towers with Radar,732,92,96,1,921,0,3,18,2,23,732,95,114,3,944,0,0,0,944
02/27/2022,FLL,FL,ASO,ES,Towers with Radar,704,79,107,0,890,0,9,29,5,43,704,88,136,5,933,0,0,0,933
02/28/2022,FLL,FL,ASO,ES,Towers with Radar,726,79,78,4,887,0,5,35,0,40,726,84,113,4,927,0,0,0,927
03/01/2022,FLL,FL,ASO,ES,Towers with Radar,626,68,87,0,781,0,4,21,0,25,626,72,108,0,806,0,0,0,806
03/02/2022,FLL,FL,ASO,ES,Towers with Radar,632,60,116,1,809,0,1,32,0,33,632,61,148,1,842,0,0,0,842
03/03/2022,FLL,FL,ASO,ES,Towers with Radar,693,95,81,0,869,0,6,45,3,54,693,101,126,3,923,0,0,0,923
03/04/2022,FLL,FL,ASO,ES,Towers with Radar,694,85,86,0,865,0,14,37,0,51,694,99,123,0,916,0,0,0,916
03/05/2022,FLL,FL,ASO,ES,Towers with Radar,686,75,84,0,845,1,7,19,0,27,687,82,103,0,872,0,0,0,872
03/06/2022,FLL,FL,ASO,ES,Towers with Radar,671,91,124,0,886,0,9,27,0,36,671,100,151,0,922,0,0,0,922
03/07/2022,FLL,FL,ASO,ES,Towers with Radar,684,85,90,4,863,0,7,29,0,36,684,92,119,4,899,0,0,0,899
03/08/2022,FLL,FL,ASO,ES,Towers with Radar,602,80,88,0,770,0,7,37,2,46,602,87,125,2,816,0,0,0,816
03/09/2022,FLL,FL,ASO,ES,Towers with Radar,614,66,96,2,778,0,4,26,0,30,614,70,122,2,808,0,0,0,808
03/10/2022,FLL,FL,ASO,ES,Towers with Radar,708,83,109,2,902,0,8,36,0,44,708,91,145,2,946,0,0,0,946
03/11/2022,FLL,FL,ASO,ES,Towers with Radar,704,99,101,1,905,0,11,36,0,47,704,110,137,1,952,0,0,0,952
03/12/2022,FLL,FL,ASO,ES,Towers with Radar,592,88,97,1,778,0,12,28,0,40,592,100,125,1,818,0,0,0,818
03/13/2022,FLL,FL,ASO,ES,Towers with Radar,665,99,125,4,893,0,7,35,0,42,665,106,160,4,935,0,0,0,935
03/14/2022,FLL,FL,ASO,ES,Towers with Radar,702,102,96,5,905,1,12,35,0,48,703,114,131,5,953,0,0,0,953
03/15/2022,FLL,FL,ASO,ES,Towers with Radar,616,76,84,2,778,0,6,35,0,41,616,82,119,2,819,0,0,0,819
03/16/2022,FLL,FL,ASO,ES,Towers with Radar,635,70,99,3,807,0,2,37,0,39,635,72,136,3,846,0,0,0,846
03/17/2022,FLL,FL,ASO,ES,Towers with Radar,696,87,107,2,892,0,19,30,2,51,696,106,137,4,943,0,0,0,943
03/18/2022,FLL,FL,ASO,ES,Towers with Radar,698,91,80,4,873,0,21,48,2,71,698,112,128,6,944,0,0,0,944
03/19/2022,FLL,FL,ASO,ES,Towers with Radar,734,89,92,2,917,0,17,44,1,62,734,106,136,3,979,0,0,0,979
03/20/2022,FLL,FL,ASO,ES,Towers with Radar,720,91,132,0,943,0,13,25,0,38,720,104,157,0,981,0,0,0,981
03/21/2022,FLL,FL,ASO,ES,Towers with Radar,706,77,95,1,879,0,19,36,0,55,706,96,131,1,934,0,0,0,934
03/22/2022,FLL,FL,ASO,ES,Towers with Radar,607,49,69,4,729,0,8,37,0,45,607,57,106,4,774,0,0,0,774
03/23/2022,FLL,FL,ASO,ES,Towers with Radar,642,81,67,1,791,0,13,24,0,37,642,94,91,1,828,0,0,0,828
03/24/2022,FLL,FL,ASO,ES,Towers with Radar,704,90,96,0,890,0,13,20,0,33,704,103,116,0,923,0,0,0,923
03/25/2022,FLL,FL,ASO,ES,Towers with Radar,744,90,105,0,939,0,11,30,0,41,744,101,135,0,980,0,0,0,980
03/26/2022,FLL,FL,ASO,ES,Towers with Radar,728,94,87,0,909,0,16,33,0,49,728,110,120,0,958,0,0,0,958
03/27/2022,FLL,FL,ASO,ES,Towers with Radar,706,98,125,2,931,0,25,19,0,44,706,123,144,2,975,0,0,0,975
03/28/2022,FLL,FL,ASO,ES,Towers with Radar,697,75,79,2,853,0,15,23,0,38,697,90,102,2,891,0,0,0,891
03/29/2022,FLL,FL,ASO,ES,Towers with Radar,609,62,81,5,757,0,9,27,1,37,609,71,108,6,794,0,0,0,794
03/30/2022,FLL,FL,ASO,ES,Towers with Radar,620,73,89,3,785,0,12,31,0,43,620,85,120,3,828,0,0,0,828
03/31/2022,FLL,FL,ASO,ES,Towers with Radar,655,91,103,0,849,0,11,24,2,37,655,102,127,2,886,0,0,0,886
04/01/2022,FLL,FL,ASO,ES,Towers with Radar,650,81,109,0,840,0,17,38,2,57,650,98,147,2,897,0,0,0,897
04/02/2022,FLL,FL,ASO,ES,Towers with Radar,543,67,83,0,693,0,11,25,2,38,543,78,108,2,731,0,0,0,731
04/03/2022,FLL,FL,ASO,ES,Towers with Radar,604,81,118,0,803,0,16,26,0,42,604,97,144,0,845,0,0,0,845
04/04/2022,FLL,FL,ASO,ES,Towers with Radar,653,83,105,2,843,0,11,26,1,38,653,94,131,3,881,0,0,0,881
04/05/2022,FLL,FL,ASO,ES,Towers with Radar,637,49,79,3,768,0,12,27,7,46,637,61,106,10,814,0,0,0,814
04/06/2022,FLL,FL,ASO,ES,Towers with Radar,650,82,74,2,808,0,8,40,2,50,650,90,114,4,858,0,0,0,858
04/07/2022,FLL,FL,ASO,ES,Towers with Radar,611,73,87,0,771,0,18,18,0,36,611,91,105,0,807,0,0,0,807
04/08/2022,FLL,FL,ASO,ES,Towers with Radar,683,80,129,0,892,0,16,46,0,62,683,96,175,0,954,0,0,0,954
04/09/2022,FLL,FL,ASO,ES,Towers with Radar,634,74,90,2,800,0,14,29,2,45,634,88,119,4,845,0,0,0,845
04/10/2022,FLL,FL,ASO,ES,Towers with Radar,660,75,123,4,862,0,21,28,0,49,660,96,151,4,911,0,0,0,911
04/11/2022,FLL,FL,ASO,ES,Towers with Radar,681,76,95,0,852,0,15,23,0,38,681,91,118,0,890,0,0,0,890
04/12/2022,FLL,FL,ASO,ES,Towers with Radar,629,54,84,2,769,0,8,32,0,40,629,62,116,2,809,0,0,0,809
04/13/2022,FLL,FL,ASO,ES,Towers with Radar,639,82,104,4,829,0,4,42,0,46,639,86,146,4,875,0,0,0,875
04/14/2022,FLL,FL,ASO,ES,Towers with Radar,689,97,111,0,897,0,14,37,2,53,689,111,148,2,950,0,0,0,950
04/15/2022,FLL,FL,ASO,ES,Towers with Radar,672,89,73,2,836,0,9,33,0,42,672,98,106,2,878,0,0,0,878
04/16/2022,FLL,FL,ASO,ES,Towers with Radar,674,81,64,4,823,0,7,20,0,27,674,88,84,4,850,0,0,0,850
04/17/2022,FLL,FL,ASO,ES,Towers with Radar,664,90,82,1,837,0,14,25,0,39,664,104,107,1,876,0,0,0,876
04/18/2022,FLL,FL,ASO,ES,Towers with Radar,674,91,84,1,850,0,9,38,0,47,674,100,122,1,897,0,0,0,897
04/19/2022,FLL,FL,ASO,ES,Towers with Radar,630,68,74,3,775,0,13,31,0,44,630,81,105,3,819,0,0,0,819
04/20/2022,FLL,FL,ASO,ES,Towers with Radar,629,54,83,4,770,0,4,22,0,26,629,58,105,4,796,0,0,0,796
04/21/2022,FLL,FL,ASO,ES,Towers with Radar,683,78,85,3,849,0,11,34,0,45,683,89,119,3,894,0,0,0,894
04/22/2022,FLL,FL,ASO,ES,Towers with Radar,682,68,87,3,840,0,6,21,2,29,682,74,108,5,869,0,0,0,869
04/23/2022,FLL,FL,ASO,ES,Towers with Radar,646,81,78,3,808,0,11,22,0,33,646,92,100,3,841,0,0,0,841
04/24/2022,FLL,FL,ASO,ES,Towers with Radar,663,104,95,0,862,0,11,25,2,38,663,115,120,2,900,0,0,0,900
04/25/2022,FLL,FL,ASO,ES,Towers with Radar,662,77,68,3,810,0,14,26,1,41,662,91,94,4,851,0,0,0,851
04/26/2022,FLL,FL,ASO,ES,Towers with Radar,629,54,61,0,744,0,6,36,2,44,629,60,97,2,788,0,0,0,788
04/27/2022,FLL,FL,ASO,ES,Towers with Radar,620,59,105,4,788,0,5,31,0,36,620,64,136,4,824,0,0,0,824
04/28/2022,FLL,FL,ASO,ES,Towers with Radar,684,77,77,2,840,0,7,38,7,52,684,84,115,9,892,0,0,0,892
04/29/2022,FLL,FL,ASO,ES,Towers with Radar,681,77,88,4,850,0,24,46,21,91,681,101,134,25,941,0,0,0,941
04/30/2022,FLL,FL,ASO,ES,Towers with Radar,629,70,48,1,748,0,3,31,22,56,629,73,79,23,804,0,0,0,804
05/01/2022,FLL,FL,ASO,ES,Towers with Radar,645,71,97,7,820,0,19,39,14,72,645,90,136,21,892,0,0,0,892
05/02/2022,FLL,FL,ASO,ES,Towers with Radar,663,78,109,7,857,0,17,38,2,57,663,95,147,9,914,0,0,0,914
05/03/2022,FLL,FL,ASO,ES,Towers with Radar,597,68,71,4,740,0,7,22,0,29,597,75,93,4,769,0,0,0,769
05/04/2022,FLL,FL,ASO,ES,Towers with Radar,618,71,85,4,778,0,16,19,0,35,618,87,104,4,813,0,0,0,813
05/05/2022,FLL,FL,ASO,ES,Towers with Radar,663,91,126,4,884,0,18,32,1,51,663,109,158,5,935,0,0,0,935
05/06/2022,FLL,FL,ASO,ES,Towers with Radar,659,104,108,2,873,0,14,38,3,55,659,118,146,5,928,0,0,0,928
05/07/2022,FLL,FL,ASO,ES,Towers with Radar,606,95,66,1,768,0,6,34,2,42,606,101,100,3,810,0,0,0,810
05/08/2022,FLL,FL,ASO,ES,Towers with Radar,676,103,118,0,897,0,15,29,0,44,676,118,147,0,941,0,0,0,941
05/09/2022,FLL,FL,ASO,ES,Towers with Radar,653,111,121,3,888,0,13,31,0,44,653,124,152,3,932,0,0,0,932
05/10/2022,FLL,FL,ASO,ES,Towers with Radar,611,76,76,2,765,0,19,23,0,42,611,95,99,2,807,0,0,0,807
05/11/2022,FLL,FL,ASO,ES,Towers with Radar,600,64,68,1,733,0,13,26,0,39,600,77,94,1,772,0,0,0,772
05/12/2022,FLL,FL,ASO,ES,Towers with Radar,657,73,64,3,797,0,13,31,0,44,657,86,95,3,841,0,0,0,841
05/13/2022,FLL,FL,ASO,ES,Towers with Radar,642,65,81,2,790,0,13,38,0,51,642,78,119,2,841,0,0,0,841
05/14/2022,FLL,FL,ASO,ES,Towers with Radar,615,74,61,1,751,0,15,22,0,37,615,89,83,1,788,0,0,0,788
05/15/2022,FLL,FL,ASO,ES,Towers with Radar,636,76,92,1,805,0,17,28,0,45,636,93,120,1,850,0,0,0,850
05/16/2022,FLL,FL,ASO,ES,Towers with Radar,625,74,56,2,757,0,8,33,1,42,625,82,89,3,799,0,0,0,799
05/17/2022,FLL,FL,ASO,ES,Towers with Radar,604,56,57,2,719,0,13,19,1,33,604,69,76,3,752,0,0,0,752
05/18/2022,FLL,FL,ASO,ES,Towers with Radar,608,62,82,2,754,0,2,39,0,41,608,64,121,2,795,0,0,0,795
05/19/2022,FLL,FL,ASO,ES,Towers with Radar,660,74,85,3,822,0,13,44,0,57,660,87,129,3,879,0,0,0,879
05/20/2022,FLL,FL,ASO,ES,Towers with Radar,542,65,73,4,684,0,12,29,0,41,542,77,102,4,725,0,0,0,725
05/21/2022,FLL,FL,ASO,ES,Towers with Radar,608,76,76,2,762,0,9,24,2,35,608,85,100,4,797,0,0,0,797
05/22/2022,FLL,FL,ASO,ES,Towers with Radar,612,84,92,0,788,0,11,28,2,41,612,95,120,2,829,0,0,0,829
05/23/2022,FLL,FL,ASO,ES,Towers with Radar,646,63,85,0,794,0,8,112,0,120,646,71,197,0,914,79,0,79,993
05/24/2022,FLL,FL,ASO,ES,Towers with Radar,608,54,68,3,733,0,6,146,1,153,608,60,214,4,886,132,0,132,1018
05/25/2022,FLL,FL,ASO,ES,Towers with Radar,594,48,88,2,732,0,1,227,2,230,594,49,315,4,962,123,0,123,1085
05/26/2022,FLL,FL,ASO,ES,Towers with Radar,654,78,92,0,824,0,13,112,2,127,654,91,204,2,951,46,0,46,997
05/27/2022,FLL,FL,ASO,ES,Towers with Radar,621,62,104,2,789,0,15,35,0,50,621,77,139,2,839,0,0,0,839
05/28/2022,FLL,FL,ASO,ES,Towers with Radar,610,77,56,0,743,0,10,13,0,23,610,87,69,0,766,0,0,0,766
05/29/2022,FLL,FL,ASO,ES,Towers with Radar,575,50,63,0,688,0,11,10,0,21,575,61,73,0,709,0,0,0,709
05/30/2022,FLL,FL,ASO,ES,Towers with Radar,637,67,62,0,766,0,25,33,0,58,637,92,95,0,824,0,0,0,824
05/31/2022,FLL,FL,ASO,ES,Towers with Radar,590,63,80,1,734,0,15,16,0,31,590,78,96,1,765,0,0,0,765
06/01/2022,FLL,FL,ASO,ES,Towers with Radar,588,64,61,1,714,0,12,13,2,27,588,76,74,3,741,0,0,0,741
06/02/2022,FLL,FL,ASO,ES,Towers with Radar,603,62,72,1,738,0,18,18,2,38,603,80,90,3,776,0,0,0,776
06/03/2022,FLL,FL,ASO,ES,Towers with Radar,595,78,50,1,724,0,0,8,0,8,595,78,58,1,732,0,0,0,732
06/04/2022,FLL,FL,ASO,ES,Towers with Radar,535,45,27,0,607,0,1,2,0,3,535,46,29,0,610,0,0,0,610
06/05/2022,FLL,FL,ASO,ES,Towers with Radar,581,77,55,0,713,0,12,26,2,40,581,89,81,2,753,0,0,0,753
06/06/2022,FLL,FL,ASO,ES,Towers with Radar,585,87,55,2,729,0,16,11,0,27,585,103,66,2,756,0,0,0,756
06/07/2022,FLL,FL,ASO,ES,Towers with Radar,561,44,46,2,653,0,7,15,0,22,561,51,61,2,675,0,0,0,675
06/08/2022,FLL,FL,ASO,ES,Towers with Radar,552,67,65,0,684,0,4,29,0,33,552,71,94,0,717,0,0,0,717
06/09/2022,FLL,FL,ASO,ES,Towers with Radar,563,88,81,6,738,0,11,23,0,34,563,99,104,6,772,0,0,0,772
06/10/2022,FLL,FL,ASO,ES,Towers with Radar,587,68,55,3,713,0,17,18,2,37,587,85,73,5,750,0,0,0,750
06/11/2022,FLL,FL,ASO,ES,Towers with Radar,574,68,54,0,696,0,9,19,0,28,574,77,73,0,724,0,0,0,724
06/12/2022,FLL,FL,ASO,ES,Towers with Radar,563,64,59,1,687,0,11,15,2,28,563,75,74,3,715,0,0,0,715
06/13/2022,FLL,FL,ASO,ES,Towers with Radar,582,63,70,0,715,0,19,22,0,41,582,82,92,0,756,0,0,0,756
06/14/2022,FLL,FL,ASO,ES,Towers with Radar,544,41,66,0,651,0,12,17,0,29,544,53,83,0,680,0,0,0,680
06/15/2022,FLL,FL,ASO,ES,Towers with Radar,548,54,76,4,682,0,6,27,0,33,548,60,103,4,715,0,0,0,715
06/16/2022,FLL,FL,ASO,ES,Towers with Radar,541,69,78,0,688,0,17,23,0,40,541,86,101,0,728,0,0,0,728
06/17/2022,FLL,FL,ASO,ES,Towers with Radar,570,78,55,2,705,0,13,28,0,41,570,91,83,2,746,0,0,0,746
06/18/2022,FLL,FL,ASO,ES,Towers with Radar,569,55,49,0,673,0,9,17,0,26,569,64,66,0,699,0,0,0,699
06/19/2022,FLL,FL,ASO,ES,Towers with Radar,565,60,63,2,690,0,14,11,0,25,565,74,74,2,715,0,0,0,715
06/20/2022,FLL,FL,ASO,ES,Towers with Radar,574,74,62,0,710,0,8,19,0,27,574,82,81,0,737,0,0,0,737
06/21/2022,FLL,FL,ASO,ES,Towers with Radar,548,52,49,1,650,0,12,10,2,24,548,64,59,3,674,0,0,0,674
06/22/2022,FLL,FL,ASO,ES,Towers with Radar,534,52,73,1,660,0,5,36,0,41,534,57,109,1,701,0,0,0,701
06/23/2022,FLL,FL,ASO,ES,Towers with Radar,583,68,78,2,731,0,11,33,0,44,583,79,111,2,775,0,0,0,775
06/24/2022,FLL,FL,ASO,ES,Towers with Radar,580,51,65,1,697,0,10,34,3,47,580,61,99,4,744,0,0,0,744
06/25/2022,FLL,FL,ASO,ES,Towers with Radar,577,63,44,0,684,0,5,16,0,21,577,68,60,0,705,0,0,0,705
06/26/2022,FLL,FL,ASO,ES,Towers with Radar,574,64,57,0,695,0,14,10,0,24,574,78,67,0,719,0,0,0,719
06/27/2022,FLL,FL,ASO,ES,Towers with Radar,560,57,66,2,685,0,15,18,0,33,560,72,84,2,718,0,0,0,718
06/28/2022,FLL,FL,ASO,ES,Towers with Radar,543,56,60,4,663,0,14,22,0,36,543,70,82,4,699,0,0,0,699
06/29/2022,FLL,FL,ASO,ES,Towers with Radar,546,60,79,2,687,0,9,17,0,26,546,69,96,2,713,0,0,0,713
06/30/2022,FLL,FL,ASO,ES,Towers with Radar,595,68,88,0,751,0,22,24,0,46,595,90,112,0,797,0,0,0,797
07/01/2022,FLL,FL,ASO,ES,Towers with Radar,575,76,92,0,743,0,23,42,2,67,575,99,134,2,810,0,0,0,810
07/02/2022,FLL,FL,ASO,ES,Towers with Radar,570,61,43,0,674,0,13,28,0,41,570,74,71,0,715,0,0,0,715
07/03/2022,FLL,FL,ASO,ES,Towers with Radar,575,44,29,0,648,0,14,14,0,28,575,58,43,0,676,0,0,0,676
07/04/2022,FLL,FL,ASO,ES,Towers with Radar,551,46,32,0,629,0,8,22,0,30,551,54,54,0,659,0,0,0,659
07/05/2022,FLL,FL,ASO,ES,Towers with Radar,544,66,73,0,683,0,19,2,0,21,544,85,75,0,704,0,0,0,704
07/06/2022,FLL,FL,ASO,ES,Towers with Radar,550,51,51,2,654,0,7,16,0,23,550,58,67,2,677,0,0,0,677
07/07/2022,FLL,FL,ASO,ES,Towers with Radar,586,53,64,2,705,0,21,31,2,54,586,74,95,4,759,0,0,0,759
07/08/2022,FLL,FL,ASO,ES,Towers with Radar,585,47,49,3,684,0,8,28,1,37,585,55,77,4,721,0,0,0,721
07/09/2022,FLL,FL,ASO,ES,Towers with Radar,573,64,36,0,673,2,12,20,0,34,575,76,56,0,707,0,0,0,707
07/10/2022,FLL,FL,ASO,ES,Towers with Radar,596,47,38,0,681,0,20,12,1,33,596,67,50,1,714,0,0,0,714
07/11/2022,FLL,FL,ASO,ES,Towers with Radar,587,55,41,2,685,0,15,15,0,30,587,70,56,2,715,0,0,0,715
07/12/2022,FLL,FL,ASO,ES,Towers with Radar,542,54,59,2,657,4,18,14,0,36,546,72,73,2,693,0,0,0,693
07/13/2022,FLL,FL,ASO,ES,Towers with Radar,563,56,48,2,669,1,4,19,4,28,564,60,67,6,697,0,0,0,697
07/14/2022,FLL,FL,ASO,ES,Towers with Radar,594,61,62,0,717,0,11,28,0,39,594,72,90,0,756,0,0,0,756
07/15/2022,FLL,FL,ASO,ES,Towers with Radar,578,58,57,2,695,0,12,15,3,30,578,70,72,5,725,0,0,0,725
07/16/2022,FLL,FL,ASO,ES,Towers with Radar,568,56,41,0,665,0,7,13,0,20,568,63,54,0,685,0,0,0,685
07/17/2022,FLL,FL,ASO,ES,Towers with Radar,573,69,50,3,695,0,15,12,0,27,573,84,62,3,722,0,0,0,722
07/18/2022,FLL,FL,ASO,ES,Towers with Radar,566,50,49,1,666,0,2,24,0,26,566,52,73,1,692,0,0,0,692
07/19/2022,FLL,FL,ASO,ES,Towers with Radar,558,54,48,1,661,0,14,21,0,35,558,68,69,1,696,0,0,0,696
07/20/2022,FLL,FL,ASO,ES,Towers with Radar,554,50,58,2,664,0,5,23,0,28,554,55,81,2,692,0,0,0,692
07/21/2022,FLL,FL,ASO,ES,Towers with Radar,579,59,78,4,720,0,17,24,0,41,579,76,102,4,761,0,0,0,761
07/22/2022,FLL,FL,ASO,ES,Towers with Radar,577,54,64,1,696,0,13,25,2,40,577,67,89,3,736,0,0,0,736
07/23/2022,FLL,FL,ASO,ES,Towers with Radar,583,45,46,5,679,0,11,16,5,32,583,56,62,10,711,0,0,0,711
07/24/2022,FLL,FL,ASO,ES,Towers with Radar,577,68,67,1,713,0,14,15,1,30,577,82,82,2,743,0,0,0,743
07/25/2022,FLL,FL,ASO,ES,Towers with Radar,566,61,56,2,685,0,4,31,2,37,566,65,87,4,722,0,0,0,722
07/26/2022,FLL,FL,ASO,ES,Towers with Radar,549,42,49,1,641,0,16,13,2,31,549,58,62,3,672,0,0,0,672
07/27/2022,FLL,FL,ASO,ES,Towers with Radar,564,66,55,3,688,0,8,16,0,24,564,74,71,3,712,0,0,0,712
07/28/2022,FLL,FL,ASO,ES,Towers with Radar,582,62,67,0,711,0,14,18,0,32,582,76,85,0,743,0,0,0,743
07/29/2022,FLL,FL,ASO,ES,Towers with Radar,576,66,60,3,705,0,14,21,2,37,576,80,81,5,742,0,0,0,742
07/30/2022,FLL,FL,ASO,ES,Towers with Radar,572,72,41,1,686,0,8,18,1,27,572,80,59,2,713,0,0,0,713
07/31/2022,FLL,FL,ASO,ES,Towers with Radar,577,66,55,3,701,0,16,13,0,29,577,82,68,3,730,0,0,0,730
08/01/2022,FLL,FL,ASO,ES,Towers with Radar,574,46,51,3,674,0,13,18,0,31,574,59,69,3,705,0,0,0,705
08/02/2022,FLL,FL,ASO,ES,Towers with Radar,558,40,60,0,658,0,13,6,0,19,558,53,66,0,677,0,0,0,677
08/03/2022,FLL,FL,ASO,ES,Towers with Radar,536,57,71,2,666,0,15,9,1,25,536,72,80,3,691,0,0,0,691
08/04/2022,FLL,FL,ASO,ES,Towers with Radar,554,65,82,2,703,0,17,21,0,38,554,82,103,2,741,0,0,0,741
08/05/2022,FLL,FL,ASO,ES,Towers with Radar,566,65,53,0,684,0,14,11,0,25,566,79,64,0,709,0,0,0,709
08/06/2022,FLL,FL,ASO,ES,Towers with Radar,560,49,40,0,649,0,4,18,0,22,560,53,58,0,671,0,0,0,671
08/07/2022,FLL,FL,ASO,ES,Towers with Radar,579,48,50,0,677,0,11,18,0,29,579,59,68,0,706,0,0,0,706
08/08/2022,FLL,FL,ASO,ES,Towers with Radar,575,58,59,4,696,0,12,20,0,32,575,70,79,4,728,0,0,0,728
08/09/2022,FLL,FL,ASO,ES,Towers with Radar,535,44,55,2,636,0,18,13,0,31,535,62,68,2,667,0,0,0,667
08/10/2022,FLL,FL,ASO,ES,Towers with Radar,543,61,62,7,673,0,7,21,0,28,543,68,83,7,701,0,0,0,701
08/11/2022,FLL,FL,ASO,ES,Towers with Radar,579,76,52,0,707,0,16,21,0,37,579,92,73,0,744,0,0,0,744
08/12/2022,FLL,FL,ASO,ES,Towers with Radar,589,54,67,2,712,0,9,25,0,34,589,63,92,2,746,0,0,0,746
08/13/2022,FLL,FL,ASO,ES,Towers with Radar,578,53,44,2,677,0,8,31,0,39,578,61,75,2,716,0,0,0,716
08/14/2022,FLL,FL,ASO,ES,Towers with Radar,572,55,50,2,679,0,25,26,1,52,572,80,76,3,731,0,0,0,731
08/15/2022,FLL,FL,ASO,ES,Towers with Radar,576,59,59,0,694,0,15,23,0,38,576,74,82,0,732,0,0,0,732
08/16/2022,FLL,FL,ASO,ES,Towers with Radar,539,57,53,0,649,0,15,21,0,36,539,72,74,0,685,0,0,0,685
08/17/2022,FLL,FL,ASO,ES,Towers with Radar,536,67,45,2,650,0,11,21,1,33,536,78,66,3,683,0,0,0,683
08/18/2022,FLL,FL,ASO,ES,Towers with Radar,577,61,63,0,701,0,19,17,0,36,577,80,80,0,737,0,0,0,737
08/19/2022,FLL,FL,ASO,ES,Towers with Radar,586,61,50,2,699,0,18,29,4,51,586,79,79,6,750,0,0,0,750
08/20/2022,FLL,FL,ASO,ES,Towers with Radar,556,61,42,0,659,0,8,10,0,18,556,69,52,0,677,0,0,0,677
08/21/2022,FLL,FL,ASO,ES,Towers with Radar,560,70,50,0,680,0,22,9,0,31,560,92,59,0,711,0,0,0,711
08/22/2022,FLL,FL,ASO,ES,Towers with Radar,530,58,56,0,644,0,7,17,0,24,530,65,73,0,668,0,0,0,668
08/23/2022,FLL,FL,ASO,ES,Towers with Radar,548,53,51,2,654,0,5,24,0,29,548,58,75,2,683,0,0,0,683
08/24/2022,FLL,FL,ASO,ES,Towers with Radar,545,51,62,0,658,0,1,16,0,17,545,52,78,0,675,0,0,0,675
08/25/2022,FLL,FL,ASO,ES,Towers with Radar,557,58,52,1,668,0,15,22,0,37,557,73,74,1,705,0,0,0,705
08/26/2022,FLL,FL,ASO,ES,Towers with Radar,571,52,75,0,698,0,16,24,0,40,571,68,99,0,738,0,0,0,738
08/27/2022,FLL,FL,ASO,ES,Towers with Radar,537,68,47,1,653,0,10,11,0,21,537,78,58,1,674,0,0,0,674
08/28/2022,FLL,FL,ASO,ES,Towers with Radar,574,66,54,1,695,0,11,18,0,29,574,77,72,1,724,0,0,0,724
08/29/2022,FLL,FL,ASO,ES,Towers with Radar,554,53,55,1,663,0,12,11,0,23,554,65,66,1,686,0,0,0,686
08/30/2022,FLL,FL,ASO,ES,Towers with Radar,525,49,58,0,632,0,12,16,0,28,525,61,74,0,660,0,0,0,660
08/31/2022,FLL,FL,ASO,ES,Towers with Radar,548,45,76,2,671,0,7,10,11,28,548,52,86,13,699,0,0,0,699
09/01/2022,FLL,FL,ASO,ES,Towers with Radar,573,69,69,4,715,0,16,25,0,41,573,85,94,4,756,0,0,0,756
09/02/2022,FLL,FL,ASO,ES,Towers with Radar,575,71,82,0,728,0,22,18,0,40,575,93,100,0,768,0,0,0,768
09/03/2022,FLL,FL,ASO,ES,Towers with Radar,538,52,34,0,624,0,10,16,0,26,538,62,50,0,650,0,0,0,650
09/04/2022,FLL,FL,ASO,ES,Towers with Radar,545,47,40,0,632,0,15,19,0,34,545,62,59,0,666,0,0,0,666
09/05/2022,FLL,FL,ASO,ES,Towers with Radar,559,66,71,0,696,0,24,23,0,47,559,90,94,0,743,0,0,0,743
09/06/2022,FLL,FL,ASO,ES,Towers with Radar,515,42,43,2,602,0,8,35,2,45,515,50,78,4,647,0,0,0,647
09/07/2022,FLL,FL,ASO,ES,Towers with Radar,491,33,49,1,574,0,7,15,0,22,491,40,64,1,596,0,0,0,596
09/08/2022,FLL,FL,ASO,ES,Towers with Radar,528,67,42,1,638,0,16,24,0,40,528,83,66,1,678,0,0,0,678
09/09/2022,FLL,FL,ASO,ES,Towers with Radar,531,47,62,2,642,0,14,12,0,26,531,61,74,2,668,0,0,0,668
09/10/2022,FLL,FL,ASO,ES,Towers with Radar,495,49,48,0,592,0,8,0,0,8,495,57,48,0,600,0,0,0,600
09/11/2022,FLL,FL,ASO,ES,Towers with Radar,526,66,60,1,653,0,16,11,0,27,526,82,71,1,680,0,0,0,680
09/12/2022,FLL,FL,ASO,ES,Towers with Radar,510,47,57,1,615,0,16,14,0,30,510,63,71,1,645,0,0,0,645
09/13/2022,FLL,FL,ASO,ES,Towers with Radar,498,34,60,0,592,1,10,17,0,28,499,44,77,0,620,0,0,0,620
09/14/2022,FLL,FL,ASO,ES,Towers with Radar,500,53,49,2,604,0,2,21,5,28,500,55,70,7,632,0,0,0,632
09/15/2022,FLL,FL,ASO,ES,Towers with Radar,532,57,58,0,647,1,16,25,0,42,533,73,83,0,689,0,0,0,689
09/16/2022,FLL,FL,ASO,ES,Towers with Radar,535,50,55,4,644,1,9,16,4,30,536,59,71,8,674,0,0,0,674
09/17/2022,FLL,FL,ASO,ES,Towers with Radar,484,42,33,2,561,0,6,4,0,10,484,48,37,2,571,0,0,0,571
09/18/2022,FLL,FL,ASO,ES,Towers with Radar,518,53,50,1,622,0,23,13,0,36,518,76,63,1,658,0,0,0,658
09/19/2022,FLL,FL,ASO,ES,Towers with Radar,496,46,58,2,602,0,15,11,2,28,496,61,69,4,630,0,0,0,630
09/20/2022,FLL,FL,ASO,ES,Towers with Radar,485,39,39,0,563,0,12,7,2,21,485,51,46,2,584,0,0,0,584
09/21/2022,FLL,FL,ASO,ES,Towers with Radar,493,50,55,2,600,0,10,17,0,27,493,60,72,2,627,0,0,0,627
09/22/2022,FLL,FL,ASO,ES,Towers with Radar,521,69,63,1,654,1,21,13,1,36,522,90,76,2,690,0,0,0,690
09/23/2022,FLL,FL,ASO,ES,Towers with Radar,535,57,68,5,665,0,16,29,0,45,535,73,97,5,710,0,0,0,710
09/24/2022,FLL,FL,ASO,ES,Towers with Radar,504,55,37,0,596,0,6,6,0,12,504,61,43,0,608,0,0,0,608
09/25/2022,FLL,FL,ASO,ES,Towers with Radar,526,49,56,0,631,0,11,19,0,30,526,60,75,0,661,0,0,0,661
09/26/2022,FLL,FL,ASO,ES,Towers with Radar,512,51,70,4,637,0,12,18,0,30,512,63,88,4,667,0,0,0,667
09/27/2022,FLL,FL,ASO,ES,Towers with Radar,459,46,34,0,539,0,0,1,0,1,459,46,35,0,540,0,0,0,540
09/28/2022,FLL,FL,ASO,ES,Towers with Radar,307,7,4,0,318,0,0,0,0,0,307,7,4,0,318,0,0,0,318
09/29/2022,FLL,FL,ASO,ES,Towers with Radar,485,29,22,0,536,0,2,8,2,12,485,31,30,2,548,0,0,0,548
09/30/2022,FLL,FL,ASO,ES,Towers with Radar,506,65,64,1,636,0,14,31,1,46,506,79,95,2,682,0,0,0,682
10/01/2022,FLL,FL,ASO,ES,Towers with Radar,472,57,42,0,571,0,15,15,5,35,472,72,57,5,606,0,0,0,606
10/02/2022,FLL,FL,ASO,ES,Towers with Radar,529,58,41,0,628,0,8,15,0,23,529,66,56,0,651,0,0,0,651
10/03/2022,FLL,FL,ASO,ES,Towers with Radar,532,63,45,1,641,0,12,32,1,45,532,75,77,2,686,0,0,0,686
10/04/2022,FLL,FL,ASO,ES,Towers with Radar,490,55,49,2,596,0,17,29,2,48,490,72,78,4,644,0,0,0,644
10/05/2022,FLL,FL,ASO,ES,Towers with Radar,494,59,64,0,617,1,6,26,1,34,495,65,90,1,651,0,0,0,651
10/06/2022,FLL,FL,ASO,ES,Towers with Radar,565,79,63,2,709,1,10,49,0,60,566,89,112,2,769,0,0,0,769
10/07/2022,FLL,FL,ASO,ES,Towers with Radar,559,73,77,0,709,0,14,22,0,36,559,87,99,0,745,0,0,0,745
10/08/2022,FLL,FL,ASO,ES,Towers with Radar,535,68,43,0,646,0,6,19,0,25,535,74,62,0,671,0,0,0,671
10/09/2022,FLL,FL,ASO,ES,Towers with Radar,578,78,46,0,702,0,11,8,0,19,578,89,54,0,721,0,0,0,721
10/10/2022,FLL,FL,ASO,ES,Towers with Radar,557,63,51,0,671,0,14,28,2,44,557,77,79,2,715,0,0,0,715
10/11/2022,FLL,FL,ASO,ES,Towers with Radar,506,64,54,0,624,0,12,36,2,50,506,76,90,2,674,0,0,0,674
10/12/2022,FLL,FL,ASO,ES,Towers with Radar,515,61,69,0,645,0,1,26,0,27,515,62,95,0,672,0,0,0,672
10/13/2022,FLL,FL,ASO,ES,Towers with Radar,576,80,59,2,717,0,12,17,0,29,576,92,76,2,746,0,0,0,746
10/14/2022,FLL,FL,ASO,ES,Towers with Radar,576,79,68,1,724,1,19,15,0,35,577,98,83,1,759,0,0,0,759
10/15/2022,FLL,FL,ASO,ES,Towers with Radar,538,64,48,1,651,0,6,14,0,20,538,70,62,1,671,0,0,0,671
10/16/2022,FLL,FL,ASO,ES,Towers with Radar,561,81,74,0,716,0,13,22,0,35,561,94,96,0,751,0,0,0,751
10/17/2022,FLL,FL,ASO,ES,Towers with Radar,545,68,68,2,683,0,15,26,0,41,545,83,94,2,724,0,0,0,724
10/18/2022,FLL,FL,ASO,ES,Towers with Radar,525,55,57,2,639,0,10,22,2,34,525,65,79,4,673,0,0,0,673
10/19/2022,FLL,FL,ASO,ES,Towers with Radar,524,53,62,2,641,0,9,10,0,19,524,62,72,2,660,0,0,0,660
10/20/2022,FLL,FL,ASO,ES,Towers with Radar,574,73,80,2,729,0,14,26,0,40,574,87,106,2,769,0,0,0,769
10/21/2022,FLL,FL,ASO,ES,Towers with Radar,568,80,73,4,725,0,10,24,0,34,568,90,97,4,759,0,0,0,759
10/22/2022,FLL,FL,ASO,ES,Towers with Radar,539,64,40,0,643,0,10,18,0,28,539,74,58,0,671,0,0,0,671
10/23/2022,FLL,FL,ASO,ES,Towers with Radar,574,81,71,1,727,0,13,31,0,44,574,94,102,1,771,0,0,0,771
10/24/2022,FLL,FL,ASO,ES,Towers with Radar,546,75,69,1,691,1,21,29,0,51,547,96,98,1,742,0,0,0,742
10/25/2022,FLL,FL,ASO,ES,Towers with Radar,503,88,81,0,672,1,22,17,0,40,504,110,98,0,712,0,0,0,712
10/26/2022,FLL,FL,ASO,ES,Towers with Radar,520,83,128,2,733,1,13,39,4,57,521,96,167,6,790,0,0,0,790
10/27/2022,FLL,FL,ASO,ES,Towers with Radar,571,122,133,2,828,1,32,34,3,70,572,154,167,5,898,0,0,0,898
10/28/2022,FLL,FL,ASO,ES,Towers with Radar,557,119,123,4,803,2,36,23,2,63,559,155,146,6,866,0,0,0,866
10/29/2022,FLL,FL,ASO,ES,Towers with Radar,531,72,90,8,701,0,12,28,4,44,531,84,118,12,745,0,0,0,745
10/30/2022,FLL,FL,ASO,ES,Towers with Radar,601,96,129,0,826,0,27,24,1,52,601,123,153,1,878,0,0,0,878
10/31/2022,FLL,FL,ASO,ES,Towers with Radar,556,78,64,6,704,1,22,19,2,44,557,100,83,8,748,0,0,0,748
11/01/2022,FLL,FL,ASO,ES,Towers with Radar,539,60,42,3,644,2,17,10,3,32,541,77,52,6,676,0,0,0,676
11/02/2022,FLL,FL,ASO,ES,Towers with Radar,570,71,62,8,711,1,13,25,2,41,571,84,87,10,752,0,0,0,752
11/03/2022,FLL,FL,ASO,ES,Towers with Radar,603,102,68,4,777,0,30,30,1,61,603,132,98,5,838,0,0,0,838
11/04/2022,FLL,FL,ASO,ES,Towers with Radar,584,81,80,0,745,1,23,13,2,39,585,104,93,2,784,0,0,0,784
11/05/2022,FLL,FL,ASO,ES,Towers with Radar,573,69,50,0,692,0,13,20,0,33,573,82,70,0,725,0,0,0,725
11/06/2022,FLL,FL,ASO,ES,Towers with Radar,608,84,69,3,764,0,11,14,0,25,608,95,83,3,789,0,0,0,789
11/07/2022,FLL,FL,ASO,ES,Towers with Radar,611,65,62,2,740,0,23,22,0,45,611,88,84,2,785,0,0,0,785
11/08/2022,FLL,FL,ASO,ES,Towers with Radar,572,73,76,2,723,0,17,17,4,38,572,90,93,6,761,0,0,0,761
11/09/2022,FLL,FL,ASO,ES,Towers with Radar,517,40,21,0,578,0,0,0,0,0,517,40,21,0,578,0,0,0,578
11/10/2022,FLL,FL,ASO,ES,Towers with Radar,611,41,32,2,686,1,8,14,1,24,612,49,46,3,710,0,0,0,710
11/11/2022,FLL,FL,ASO,ES,Towers with Radar,637,83,92,0,812,0,28,30,0,58,637,111,122,0,870,0,0,0,870
11/12/2022,FLL,FL,ASO,ES,Towers with Radar,613,61,60,0,734,0,16,7,0,23,613,77,67,0,757,0,0,0,757
11/13/2022,FLL,FL,ASO,ES,Towers with Radar,631,100,99,0,830,0,19,23,2,44,631,119,122,2,874,0,0,0,874
11/14/2022,FLL,FL,ASO,ES,Towers with Radar,611,65,71,4,751,0,15,25,2,42,611,80,96,6,793,0,0,0,793
11/15/2022,FLL,FL,ASO,ES,Towers with Radar,582,85,91,1,759,0,26,11,0,37,582,111,102,1,796,0,0,0,796
11/16/2022,FLL,FL,ASO,ES,Towers with Radar,600,71,75,2,748,0,9,21,3,33,600,80,96,5,781,0,0,0,781
11/17/2022,FLL,FL,ASO,ES,Towers with Radar,640,91,76,2,809,1,18,21,1,41,641,109,97,3,850,0,0,0,850
11/18/2022,FLL,FL,ASO,ES,Towers with Radar,657,87,88,2,834,0,16,31,5,52,657,103,119,7,886,0,0,0,886
11/19/2022,FLL,FL,ASO,ES,Towers with Radar,659,86,92,0,837,0,20,26,0,46,659,106,118,0,883,0,0,0,883
11/20/2022,FLL,FL,ASO,ES,Towers with Radar,664,93,69,1,827,0,8,3,0,11,664,101,72,1,838,0,0,0,838
11/21/2022,FLL,FL,ASO,ES,Towers with Radar,665,77,75,3,820,0,13,15,1,29,665,90,90,4,849,0,0,0,849
11/22/2022,FLL,FL,ASO,ES,Towers with Radar,666,79,84,4,833,0,23,16,0,39,666,102,100,4,872,0,0,0,872
11/23/2022,FLL,FL,ASO,ES,Towers with Radar,671,98,88,0,857,0,18,18,0,36,671,116,106,0,893,0,0,0,893
11/24/2022,FLL,FL,ASO,ES,Towers with Radar,498,47,36,0,581,0,16,4,0,20,498,63,40,0,601,0,0,0,601
11/25/2022,FLL,FL,ASO,ES,Towers with Radar,595,78,63,0,736,0,14,21,2,37,595,92,84,2,773,0,0,0,773
11/26/2022,FLL,FL,ASO,ES,Towers with Radar,702,81,76,0,859,0,13,16,0,29,702,94,92,0,888,0,0,0,888
11/27/2022,FLL,FL,ASO,ES,Towers with Radar,682,131,132,0,945,0,38,16,0,54,682,169,148,0,999,0,0,0,999
11/28/2022,FLL,FL,ASO,ES,Towers with Radar,679,78,68,2,827,0,19,17,0,36,679,97,85,2,863,0,0,0,863
11/29/2022,FLL,FL,ASO,ES,Towers with Radar,616,78,68,2,764,0,14,21,4,39,616,92,89,6,803,0,0,0,803
11/30/2022,FLL,FL,ASO,ES,Towers with Radar,595,79,57,1,732,0,14,16,2,32,595,93,73,3,764,0,0,0,764
12/01/2022,FLL,FL,ASO,ES,Towers with Radar,653,93,73,1,820,0,15,16,1,32,653,108,89,2,852,0,0,0,852
12/02/2022,FLL,FL,ASO,ES,Towers with Radar,647,74,86,0,807,0,14,32,1,47,647,88,118,1,854,0,0,0,854
12/03/2022,FLL,FL,ASO,ES,Towers with Radar,629,75,54,0,758,0,12,12,0,24,629,87,66,0,782,0,0,0,782
12/04/2022,FLL,FL,ASO,ES,Towers with Radar,643,95,94,1,833,2,18,15,0,35,645,113,109,1,868,0,0,0,868
12/05/2022,FLL,FL,ASO,ES,Towers with Radar,622,78,90,2,792,0,21,14,2,37,622,99,104,4,829,0,0,0,829
12/06/2022,FLL,FL,ASO,ES,Towers with Radar,605,66,56,0,727,0,20,24,0,44,605,86,80,0,771,0,0,0,771
12/07/2022,FLL,FL,ASO,ES,Towers with Radar,602,67,80,4,753,0,11,22,4,37,602,78,102,8,790,0,0,0,790
12/08/2022,FLL,FL,ASO,ES,Towers with Radar,654,79,82,1,816,0,20,36,0,56,654,99,118,1,872,0,0,0,872
12/09/2022,FLL,FL,ASO,ES,Towers with Radar,634,110,72,4,820,1,13,32,0,46,635,123,104,4,866,0,0,0,866
12/10/2022,FLL,FL,ASO,ES,Towers with Radar,652,73,49,0,774,1,6,15,0,22,653,79,64,0,796,0,0,0,796
12/11/2022,FLL,FL,ASO,ES,Towers with Radar,648,84,69,0,801,1,18,12,0,31,649,102,81,0,832,0,0,0,832
12/12/2022,FLL,FL,ASO,ES,Towers with Radar,643,74,65,2,784,1,17,21,4,43,644,91,86,6,827,0,0,0,827
12/13/2022,FLL,FL,ASO,ES,Towers with Radar,601,70,75,3,749,1,16,23,6,46,602,86,98,9,795,0,0,0,795
12/14/2022,FLL,FL,ASO,ES,Towers with Radar,611,87,72,0,770,0,9,26,2,37,611,96,98,2,807,0,0,0,807
12/15/2022,FLL,FL,ASO,ES,Towers with Radar,685,85,73,2,845,0,13,37,0,50,685,98,110,2,895,0,0,0,895
12/16/2022,FLL,FL,ASO,ES,Towers with Radar,707,112,96,1,916,1,7,10,1,19,708,119,106,2,935,0,0,0,935
12/17/2022,FLL,FL,ASO,ES,Towers with Radar,745,100,75,0,920,1,6,8,2,17,746,106,83,2,937,0,0,0,937
12/18/2022,FLL,FL,ASO,ES,Towers with Radar,705,109,65,0,879,0,8,33,0,41,705,117,98,0,920,0,0,0,920
12/19/2022,FLL,FL,ASO,ES,Towers with Radar,706,76,53,2,837,0,7,47,2,56,706,83,100,4,893,0,0,0,893
12/20/2022,FLL,FL,ASO,ES,Towers with Radar,699,89,67,1,856,1,5,24,2,32,700,94,91,3,888,0,0,0,888
12/21/2022,FLL,FL,ASO,ES,Towers with Radar,704,86,62,1,853,1,8,9,0,18,705,94,71,1,871,0,0,0,871
12/22/2022,FLL,FL,ASO,ES,Towers with Radar,717,115,72,2,906,0,23,18,0,41,717,138,90,2,947,0,0,0,947
12/23/2022,FLL,FL,ASO,ES,Towers with Radar,648,99,66,0,813,0,19,18,0,37,648,118,84,0,850,0,0,0,850
12/24/2022,FLL,FL,ASO,ES,Towers with Radar,594,83,38,0,715,1,5,15,0,21,595,88,53,0,736,0,0,0,736
12/25/2022,FLL,FL,ASO,ES,Towers with Radar,551,67,33,0,651,0,4,15,0,19,551,71,48,0,670,0,0,0,670
12/26/2022,FLL,FL,ASO,ES,Towers with Radar,619,141,120,2,882,0,15,31,0,46,619,156,151,2,928,0,0,0,928
12/27/2022,FLL,FL,ASO,ES,Towers with Radar,637,123,170,0,930,0,15,17,2,34,637,138,187,2,964,0,0,0,964
12/28/2022,FLL,FL,ASO,ES,Towers with Radar,652,123,129,0,904,0,21,36,0,57,652,144,165,0,961,0,0,0,961
12/29/2022,FLL,FL,ASO,ES,Towers with Radar,691,102,86,2,881,0,36,25,0,61,691,138,111,2,942,0,0,0,942
12/30/2022,FLL,FL,ASO,ES,Towers with Radar,741,89,88,0,918,1,22,24,2,49,742,111,112,2,967,0,0,0,967
12/31/2022,FLL,FL,ASO,ES,Towers with Radar,721,84,61,0,866,0,14,15,0,29,721,98,76,0,895,0,0,0,895
01/01/2023,FLL,FL,ASO,ES,Towers with Radar,661,96,93,0,850,0,23,30,0,53,661,119,123,0,903,0,0,0,903
01/02/2023,FLL,FL,ASO,ES,Towers with Radar,647,128,159,0,934,3,28,52,0,83,650,156,211,0,1017,0,0,0,1017
01/03/2023,FLL,FL,ASO,ES,Towers with Radar,680,99,125,2,906,0,33,38,0,71,680,132,163,2,977,0,0,0,977
01/04/2023,FLL,FL,ASO,ES,Towers with Radar,606,109,73,0,788,0,13,13,0,26,606,122,86,0,814,0,0,0,814
01/05/2023,FLL,FL,ASO,ES,Towers with Radar,686,101,70,0,857,1,16,30,0,47,687,117,100,0,904,0,0,0,904
01/06/2023,FLL,FL,ASO,ES,Towers with Radar,713,80,78,3,874,1,18,31,0,50,714,98,109,3,924,0,0,0,924
01/07/2023,FLL,FL,ASO,ES,Towers with Radar,675,81,74,1,831,1,8,28,0,37,676,89,102,1,868,0,0,0,868
01/08/2023,FLL,FL,ASO,ES,Towers with Radar,714,110,76,1,901,2,9,30,3,44,716,119,106,4,945,0,0,0,945
01/09/2023,FLL,FL,ASO,ES,Towers with Radar,685,84,64,6,839,1,9,34,0,44,686,93,98,6,883,0,0,0,883
01/10/2023,FLL,FL,ASO,ES,Towers with Radar,609,57,64,2,732,3,13,41,2,59,612,70,105,4,791,0,0,0,791
01/11/2023,FLL,FL,ASO,ES,Towers with Radar,597,60,72,1,730,3,16,41,0,60,600,76,113,1,790,0,0,0,790
01/12/2023,FLL,FL,ASO,ES,Towers with Radar,666,80,93,2,841,4,20,30,2,56,670,100,123,4,897,0,0,0,897
01/13/2023,FLL,FL,ASO,ES,Towers with Radar,703,79,98,0,880,3,9,19,0,31,706,88,117,0,911,0,0,0,911
01/14/2023,FLL,FL,ASO,ES,Towers with Radar,674,63,52,0,789,3,3,19,0,25,677,66,71,0,814,0,0,0,814
01/15/2023,FLL,FL,ASO,ES,Towers with Radar,679,68,73,3,823,0,13,19,3,35,679,81,92,6,858,0,0,0,858
01/16/2023,FLL,FL,ASO,ES,Towers with Radar,674,78,83,2,837,0,11,20,1,32,674,89,103,3,869,0,0,0,869
01/17/2023,FLL,FL,ASO,ES,Towers with Radar,612,83,51,5,751,0,11,28,1,40,612,94,79,6,791,0,0,0,791
01/18/2023,FLL,FL,ASO,ES,Towers with Radar,610,85,73,2,770,3,5,21,0,29,613,90,94,2,799,0,0,0,799
01/19/2023,FLL,FL,ASO,ES,Towers with Radar,659,78,80,1,818,3,16,30,1,50,662,94,110,2,868,0,0,0,868
01/20/2023,FLL,FL,ASO,ES,Towers with Radar,691,93,92,6,882,4,11,33,2,50,695,104,125,8,932,0,0,0,932
01/21/2023,FLL,FL,ASO,ES,Towers with Radar,648,57,58,0,763,3,0,9,0,12,651,57,67,0,775,0,0,0,775
01/22/2023,FLL,FL,ASO,ES,Towers with Radar,679,83,76,3,841,0,18,20,0,38,679,101,96,3,879,0,0,0,879
01/23/2023,FLL,FL,ASO,ES,Towers with Radar,666,70,45,2,783,0,4,37,0,41,666,74,82,2,824,0,0,0,824
01/24/2023,FLL,FL,ASO,ES,Towers with Radar,605,62,65,2,734,0,11,43,0,54,605,73,108,2,788,0,0,0,788
01/25/2023,FLL,FL,ASO,ES,Towers with Radar,597,95,76,2,770,0,11,58,19,88,597,106,134,21,858,0,0,0,858
01/26/2023,FLL,FL,ASO,ES,Towers with Radar,662,92,89,2,845,0,10,73,0,83,662,102,162,2,928,0,0,0,928
01/27/2023,FLL,FL,ASO,ES,Towers with Radar,701,96,90,4,891,0,7,37,2,46,701,103,127,6,937,0,0,0,937
01/28/2023,FLL,FL,ASO,ES,Towers with Radar,653,78,76,1,808,0,3,23,2,28,653,81,99,3,836,0,0,0,836
01/29/2023,FLL,FL,ASO,ES,Towers with Radar,682,104,108,0,894,0,15,24,0,39,682,119,132,0,933,0,0,0,933
01/30/2023,FLL,FL,ASO,ES,Towers with Radar,662,87,83,2,834,0,10,23,0,33,662,97,106,2,867,0,0,0,867
01/31/2023,FLL,FL,ASO,ES,Towers with Radar,583,69,54,0,706,0,18,15,2,35,583,87,69,2,741,0,0,0,741
02/01/2023,FLL,FL,ASO,ES,Towers with Radar,584,67,88,3,742,4,7,34,2,47,588,74,122,5,789,0,0,0,789
02/02/2023,FLL,FL,ASO,ES,Towers with Radar,652,85,83,4,824,4,17,29,1,51,656,102,112,5,875,0,0,0,875
02/03/2023,FLL,FL,ASO,ES,Towers with Radar,672,84,76,6,838,4,15,18,0,37,676,99,94,6,875,0,0,0,875
02/04/2023,FLL,FL,ASO,ES,Towers with Radar,664,78,77,0,819,3,0,8,0,11,667,78,85,0,830,0,0,0,830
02/05/2023,FLL,FL,ASO,ES,Towers with Radar,704,73,68,1,846,5,6,13,0,24,709,79,81,1,870,0,0,0,870
02/06/2023,FLL,FL,ASO,ES,Towers with Radar,698,81,62,2,843,1,12,37,14,64,699,93,99,16,907,0,0,0,907
02/07/2023,FLL,FL,ASO,ES,Towers with Radar,623,84,73,1,781,0,10,30,0,40,623,94,103,1,821,0,0,0,821
02/08/2023,FLL,FL,ASO,ES,Towers with Radar,617,90,65,2,774,0,12,24,0,36,617,102,89,2,810,0,0,0,810
02/09/2023,FLL,FL,ASO,ES,Towers with Radar,680,98,83,0,861,0,15,50,9,74,680,113,133,9,935,0,0,0,935
02/10/2023,FLL,FL,ASO,ES,Towers with Radar,685,86,76,0,847,0,19,26,0,45,685,105,102,0,892,0,0,0,892
02/11/2023,FLL,FL,ASO,ES,Towers with Radar,694,67,47,2,810,0,10,13,2,25,694,77,60,4,835,0,0,0,835
02/12/2023,FLL,FL,ASO,ES,Towers with Radar,708,70,65,0,843,0,16,15,2,33,708,86,80,2,876,0,0,0,876
02/13/2023,FLL,FL,ASO,ES,Towers with Radar,685,72,76,0,833,3,20,36,0,59,688,92,112,0,892,0,0,0,892
02/14/2023,FLL,FL,ASO,ES,Towers with Radar,633,67,74,0,774,2,13,20,0,35,635,80,94,0,809,0,0,0,809
02/15/2023,FLL,FL,ASO,ES,Towers with Radar,644,81,94,2,821,3,15,12,1,31,647,96,106,3,852,0,0,0,852
02/16/2023,FLL,FL,ASO,ES,Towers with Radar,695,94,111,2,902,1,21,47,1,70,696,115,158,3,972,0,0,0,972
02/17/2023,FLL,FL,ASO,ES,Towers with Radar,712,104,106,2,924,3,21,28,3,55,715,125,134,5,979,0,0,0,979
02/18/2023,FLL,FL,ASO,ES,Towers with Radar,724,95,82,3,904,4,6,10,4,24,728,101,92,7,928,0,0,0,928
02/19/2023,FLL,FL,ASO,ES,Towers with Radar,718,81,95,0,894,4,26,24,1,55,722,107,119,1,949,0,0,0,949
02/20/2023,FLL,FL,ASO,ES,Towers with Radar,703,103,102,0,908,3,25,26,1,55,706,128,128,1,963,0,0,0,963
02/21/2023,FLL,FL,ASO,ES,Towers with Radar,682,82,79,1,844,3,15,27,1,46,685,97,106,2,890,0,0,0,890
02/22/2023,FLL,FL,ASO,ES,Towers with Radar,657,87,78,1,823,3,11,39,4,57,660,98,117,5,880,0,0,0,880
02/23/2023,FLL,FL,ASO,ES,Towers with Radar,681,85,106,2,874,4,22,29,3,58,685,107,135,5,932,0,0,0,932
02/24/2023,FLL,FL,ASO,ES,Towers with Radar,704,81,99,1,885,4,14,33,8,59,708,95,132,9,944,0,0,0,944
02/25/2023,FLL,FL,ASO,ES,Towers with Radar,708,78,76,2,864,4,10,19,0,33,712,88,95,2,897,0,0,0,897
02/26/2023,FLL,FL,ASO,ES,Towers with Radar,712,106,116,3,937,3,29,17,0,49,715,135,133,3,986,0,0,0,986
02/27/2023,FLL,FL,ASO,ES,Towers with Radar,707,82,83,2,874,6,23,28,2,59,713,105,111,4,933,0,0,0,933
02/28/2023,FLL,FL,ASO,ES,Towers with Radar,656,97,94,0,847,3,13,23,0,39,659,110,117,0,886,0,0,0,886
03/01/2023,FLL,FL,ASO,ES,Towers with Radar,676,89,96,3,864,4,13,23,11,51,680,102,119,14,915,0,0,0,915
03/02/2023,FLL,FL,ASO,ES,Towers with Radar,697,81,91,0,869,3,20,22,5,50,700,101,113,5,919,0,0,0,919
03/03/2023,FLL,FL,ASO,ES,Towers with Radar,717,79,74,4,874,2,15,26,3,46,719,94,100,7,920,0,0,0,920
03/04/2023,FLL,FL,ASO,ES,Towers with Radar,706,92,69,0,867,5,9,24,0,38,711,101,93,0,905,0,0,0,905
03/05/2023,FLL,FL,ASO,ES,Towers with Radar,739,100,104,0,943,2,18,25,0,45,741,118,129,0,988,0,0,0,988
03/06/2023,FLL,FL,ASO,ES,Towers with Radar,712,73,63,1,849,4,14,34,3,55,716,87,97,4,904,0,0,0,904
03/07/2023,FLL,FL,ASO,ES,Towers with Radar,668,79,66,3,816,4,19,21,0,44,672,98,87,3,860,0,0,0,860
03/08/2023,FLL,FL,ASO,ES,Towers with Radar,682,87,87,2,858,3,12,25,1,41,685,99,112,3,899,0,0,0,899
03/09/2023,FLL,FL,ASO,ES,Towers with Radar,732,92,69,2,895,4,10,38,0,52,736,102,107,2,947,0,0,0,947
03/10/2023,FLL,FL,ASO,ES,Towers with Radar,735,85,88,1,909,2,26,20,1,49,737,111,108,2,958,0,0,0,958
03/11/2023,FLL,FL,ASO,ES,Towers with Radar,775,108,106,0,989,3,14,34,0,51,778,122,140,0,1040,0,0,0,1040
03/12/2023,FLL,FL,ASO,ES,Towers with Radar,712,107,77,2,898,3,18,32,0,53,715,125,109,2,951,0,0,0,951
03/13/2023,FLL,FL,ASO,ES,Towers with Radar,755,78,103,0,936,2,17,32,0,51,757,95,135,0,987,0,0,0,987
03/14/2023,FLL,FL,ASO,ES,Towers with Radar,679,78,67,1,825,4,10,26,3,43,683,88,93,4,868,0,0,0,868
03/15/2023,FLL,FL,ASO,ES,Towers with Radar,721,88,98,1,908,5,6,33,0,44,726,94,131,1,952,0,0,0,952
03/16/2023,FLL,FL,ASO,ES,Towers with Radar,736,89,96,0,921,4,19,33,2,58,740,108,129,2,979,0,0,0,979
03/17/2023,FLL,FL,ASO,ES,Towers with Radar,742,104,100,4,950,3,16,48,7,74,745,120,148,11,1024,0,0,0,1024
03/18/2023,FLL,FL,ASO,ES,Towers with Radar,784,106,109,0,999,4,15,31,0,50,788,121,140,0,1049,0,0,0,1049
03/19/2023,FLL,FL,ASO,ES,Towers with Radar,782,119,107,0,1008,3,9,35,2,49,785,128,142,2,1057,0,0,0,1057
03/20/2023,FLL,FL,ASO,ES,Towers with Radar,738,88,86,0,912,4,15,18,1,38,742,103,104,1,950,0,0,0,950
03/21/2023,FLL,FL,ASO,ES,Towers with Radar,708,60,67,0,835,4,20,25,4,53,712,80,92,4,888,0,0,0,888
03/22/2023,FLL,FL,ASO,ES,Towers with Radar,711,73,58,1,843,4,15,28,3,50,715,88,86,4,893,0,0,0,893
03/23/2023,FLL,FL,ASO,ES,Towers with Radar,745,93,66,0,904,2,19,24,0,45,747,112,90,0,949,0,0,0,949
03/24/2023,FLL,FL,ASO,ES,Towers with Radar,732,100,74,3,909,4,22,31,0,57,736,122,105,3,966,0,0,0,966
03/25/2023,FLL,FL,ASO,ES,Towers with Radar,768,83,86,0,937,3,15,24,0,42,771,98,110,0,979,0,0,0,979
03/26/2023,FLL,FL,ASO,ES,Towers with Radar,733,90,96,0,919,4,16,26,1,47,737,106,122,1,966,0,0,0,966
03/27/2023,FLL,FL,ASO,ES,Towers with Radar,738,60,67,0,865,3,19,25,5,52,741,79,92,5,917,0,0,0,917
03/28/2023,FLL,FL,ASO,ES,Towers with Radar,684,73,60,2,819,2,18,19,3,42,686,91,79,5,861,0,0,0,861
03/29/2023,FLL,FL,ASO,ES,Towers with Radar,711,86,77,2,876,4,11,30,5,50,715,97,107,7,926,0,0,0,926
03/30/2023,FLL,FL,ASO,ES,Towers with Radar,725,92,97,1,915,3,30,35,4,72,728,122,132,5,987,0,0,0,987
03/31/2023,FLL,FL,ASO,ES,Towers with Radar,714,115,92,2,923,2,24,42,1,69,716,139,134,3,992,0,0,0,992
04/01/2023,FLL,FL,ASO,ES,Towers with Radar,754,91,113,0,958,4,3,32,0,39,758,94,145,0,997,0,0,0,997
04/02/2023,FLL,FL,ASO,ES,Towers with Radar,759,99,134,2,994,3,20,40,1,64,762,119,174,3,1058,0,0,0,1058
04/03/2023,FLL,FL,ASO,ES,Towers with Radar,725,83,72,1,881,4,14,35,0,53,729,97,107,1,934,0,0,0,934
04/04/2023,FLL,FL,ASO,ES,Towers with Radar,682,86,75,0,843,4,14,20,2,40,686,100,95,2,883,0,0,0,883
04/05/2023,FLL,FL,ASO,ES,Towers with Radar,706,95,69,0,870,3,11,33,0,47,709,106,102,0,917,0,0,0,917
04/06/2023,FLL,FL,ASO,ES,Towers with Radar,732,86,84,0,902,4,23,32,5,64,736,109,116,5,966,0,0,0,966
04/07/2023,FLL,FL,ASO,ES,Towers with Radar,742,83,91,1,917,2,22,48,3,75,744,105,139,4,992,0,0,0,992
04/08/2023,FLL,FL,ASO,ES,Towers with Radar,776,79,57,0,912,3,7,25,6,41,779,86,82,6,953,0,0,0,953
04/09/2023,FLL,FL,ASO,ES,Towers with Radar,765,70,65,1,901,3,18,27,0,48,768,88,92,1,949,0,0,0,949
04/10/2023,FLL,FL,ASO,ES,Towers with Radar,737,87,115,1,940,4,7,13,0,24,741,94,128,1,964,0,0,0,964
04/11/2023,FLL,FL,ASO,ES,Towers with Radar,685,76,61,0,822,4,13,12,2,31,689,89,73,2,853,0,0,0,853
04/12/2023,FLL,FL,ASO,ES,Towers with Radar,369,46,30,0,445,2,2,4,0,8,371,48,34,0,453,0,0,0,453
04/13/2023,FLL,FL,ASO,ES,Towers with Radar,0,0,0,0,0,0,0,5,0,5,0,0,5,0,5,0,0,0,5
04/14/2023,FLL,FL,ASO,ES,Towers with Radar,400,42,32,0,474,3,3,15,7,28,403,45,47,7,502,0,0,0,502
04/15/2023,FLL,FL,ASO,ES,Towers with Radar,687,63,43,2,795,4,4,10,6,24,691,67,53,8,819,0,0,0,819
04/16/2023,FLL,FL,ASO,ES,Towers with Radar,671,78,52,0,801,4,11,25,2,42,675,89,77,2,843,0,0,0,843
04/17/2023,FLL,FL,ASO,ES,Towers with Radar,632,52,66,2,752,2,3,20,0,25,634,55,86,2,777,0,0,0,777
04/18/2023,FLL,FL,ASO,ES,Towers with Radar,698,55,71,2,826,2,14,31,1,48,700,69,102,3,874,0,0,0,874
04/19/2023,FLL,FL,ASO,ES,Towers with Radar,670,70,68,2,810,4,10,45,1,60,674,80,113,3,870,0,0,0,870
04/20/2023,FLL,FL,ASO,ES,Towers with Radar,680,83,90,2,855,4,16,44,2,66,684,99,134,4,921,0,0,0,921
04/21/2023,FLL,FL,ASO,ES,Towers with Radar,704,80,62,3,849,6,9,24,9,48,710,89,86,12,897,0,0,0,897
04/22/2023,FLL,FL,ASO,ES,Towers with Radar,692,72,46,0,810,3,15,21,3,42,695,87,67,3,852,0,0,0,852
04/23/2023,FLL,FL,ASO,ES,Towers with Radar,702,83,66,0,851,3,20,21,3,47,705,103,87,3,898,0,0,0,898
04/24/2023,FLL,FL,ASO,ES,Towers with Radar,707,55,56,2,820,4,10,26,0,40,711,65,82,2,860,0,0,0,860
04/25/2023,FLL,FL,ASO,ES,Towers with Radar,657,60,48,1,766,4,7,29,0,40,661,67,77,1,806,0,0,0,806
04/26/2023,FLL,FL,ASO,ES,Towers with Radar,652,75,62,1,790,3,17,19,2,41,655,92,81,3,831,0,0,0,831
04/27/2023,FLL,FL,ASO,ES,Towers with Radar,667,80,89,7,843,3,25,56,14,98,670,105,145,21,941,0,0,0,941
04/28/2023,FLL,FL,ASO,ES,Towers with Radar,737,97,85,5,924,3,8,46,20,77,740,105,131,25,1001,0,0,0,1001
04/29/2023,FLL,FL,ASO,ES,Towers with Radar,705,51,65,1,822,4,7,41,17,69,709,58,106,18,891,0,0,0,891
04/30/2023,FLL,FL,ASO,ES,Towers with Radar,609,78,81,3,771,2,11,34,10,57,611,89,115,13,828,0,0,0,828
05/01/2023,FLL,FL,ASO,ES,Towers with Radar,680,84,92,3,859,3,11,49,3,66,683,95,141,6,925,0,0,0,925
05/02/2023,FLL,FL,ASO,ES,Towers with Radar,654,58,89,2,803,2,11,33,2,48,656,69,122,4,851,0,0,0,851
05/03/2023,FLL,FL,ASO,ES,Towers with Radar,656,57,69,0,782,4,9,23,6,42,660,66,92,6,824,0,0,0,824
05/04/2023,FLL,FL,ASO,ES,Towers with Radar,685,98,80,2,865,4,4,28,3,39,689,102,108,5,904,0,0,0,904
05/05/2023,FLL,FL,ASO,ES,Towers with Radar,658,104,97,6,865,2,8,26,7,43,660,112,123,13,908,0,0,0,908
05/06/2023,FLL,FL,ASO,ES,Towers with Radar,646,65,76,0,787,4,0,23,9,36,650,65,99,9,823,0,0,0,823
05/07/2023,FLL,FL,ASO,ES,Towers with Radar,644,120,86,1,851,3,13,23,14,53,647,133,109,15,904,0,0,0,904
05/08/2023,FLL,FL,ASO,ES,Towers with Radar,629,72,71,2,774,3,14,29,2,48,632,86,100,4,822,0,0,0,822
05/09/2023,FLL,FL,ASO,ES,Towers with Radar,604,72,48,2,726,3,2,32,1,38,607,74,80,3,764,0,0,0,764
05/10/2023,FLL,FL,ASO,ES,Towers with Radar,598,78,56,5,737,2,17,30,4,53,600,95,86,9,790,0,0,0,790
05/11/2023,FLL,FL,ASO,ES,Towers with Radar,640,68,82,4,794,3,12,33,0,48,643,80,115,4,842,0,0,0,842
05/12/2023,FLL,FL,ASO,ES,Towers with Radar,649,79,85,1,814,3,11,26,6,46,652,90,111,7,860,0,0,0,860
05/13/2023,FLL,FL,ASO,ES,Towers with Radar,643,72,32,0,747,2,4,22,4,32,645,76,54,4,779,0,0,0,779
05/14/2023,FLL,FL,ASO,ES,Towers with Radar,628,61,54,0,743,4,7,26,1,38,632,68,80,1,781,0,0,0,781
05/15/2023,FLL,FL,ASO,ES,Towers with Radar,641,59,95,4,799,1,5,38,1,45,642,64,133,5,844,0,0,0,844
05/16/2023,FLL,FL,ASO,ES,Towers with Radar,595,60,53,0,708,1,9,29,4,43,596,69,82,4,751,0,0,0,751
05/17/2023,FLL,FL,ASO,ES,Towers with Radar,608,79,69,6,762,2,4,28,0,34,610,83,97,6,796,0,0,0,796
05/18/2023,FLL,FL,ASO,ES,Towers with Radar,655,60,66,0,781,2,10,34,0,46,657,70,100,0,827,0,0,0,827
05/19/2023,FLL,FL,ASO,ES,Towers with Radar,643,88,95,7,833,2,4,38,0,44,645,92,133,7,877,0,0,0,877
05/20/2023,FLL,FL,ASO,ES,Towers with Radar,648,71,49,1,769,1,0,30,3,34,649,71,79,4,803,0,0,0,803
05/21/2023,FLL,FL,ASO,ES,Towers with Radar,647,72,78,1,798,1,14,28,1,44,648,86,106,2,842,0,0,0,842
05/22/2023,FLL,FL,ASO,ES,Towers with Radar,615,71,66,4,756,1,9,29,1,40,616,80,95,5,796,0,0,0,796
05/23/2023,FLL,FL,ASO,ES,Towers with Radar,595,61,73,1,730,0,4,14,1,19,595,65,87,2,749,0,0,0,749
05/24/2023,FLL,FL,ASO,ES,Towers with Radar,610,62,65,0,737,2,6,38,0,46,612,68,103,0,783,0,0,0,783
05/25/2023,FLL,FL,ASO,ES,Towers with Radar,619,92,92,4,807,0,16,31,3,50,619,108,123,7,857,0,0,0,857
05/26/2023,FLL,FL,ASO,ES,Towers with Radar,661,89,96,4,850,0,18,38,5,61,661,107,134,9,911,0,0,0,911
05/27/2023,FLL,FL,ASO,ES,Towers with Radar,655,65,41,0,761,0,15,28,12,55,655,80,69,12,816,0,0,0,816
05/28/2023,FLL,FL,ASO,ES,Towers with Radar,629,73,39,0,741,0,6,19,2,27,629,79,58,2,768,0,0,0,768
05/29/2023,FLL,FL,ASO,ES,Towers with Radar,623,62,93,0,778,1,15,54,0,70,624,77,147,0,848,0,0,0,848
05/30/2023,FLL,FL,ASO,ES,Towers with Radar,571,57,58,4,690,1,11,27,0,39,572,68,85,4,729,0,0,0,729
05/31/2023,FLL,FL,ASO,ES,Towers with Radar,636,63,68,0,767,0,8,16,1,25,636,71,84,1,792,0,0,0,792
06/01/2023,FLL,FL,ASO,ES,Towers with Radar,607,61,60,1,729,0,6,23,2,31,607,67,83,3,760,0,0,0,760
06/02/2023,FLL,FL,ASO,ES,Towers with Radar,641,69,59,2,771,0,9,14,0,23,641,78,73,2,794,0,0,0,794
06/03/2023,FLL,FL,ASO,ES,Towers with Radar,636,51,51,2,740,0,5,19,3,27,636,56,70,5,767,0,0,0,767
06/04/2023,FLL,FL,ASO,ES,Towers with Radar,625,56,74,4,759,0,11,24,3,38,625,67,98,7,797,0,0,0,797
06/05/2023,FLL,FL,ASO,ES,Towers with Radar,623,58,65,3,749,0,8,24,1,33,623,66,89,4,782,0,0,0,782
06/06/2023,FLL,FL,ASO,ES,Towers with Radar,579,76,41,4,700,0,3,22,0,25,579,79,63,4,725,0,0,0,725
06/07/2023,FLL,FL,ASO,ES,Towers with Radar,586,86,64,1,737,0,2,26,7,35,586,88,90,8,772,0,0,0,772
06/08/2023,FLL,FL,ASO,ES,Towers with Radar,633,78,85,5,801,3,0,35,6,44,636,78,120,11,845,0,0,0,845
06/09/2023,FLL,FL,ASO,ES,Towers with Radar,635,68,75,0,778,6,6,33,5,50,641,74,108,5,828,0,0,0,828
06/10/2023,FLL,FL,ASO,ES,Towers with Radar,638,69,49,2,758,3,1,28,0,32,641,70,77,2,790,0,0,0,790
06/11/2023,FLL,FL,ASO,ES,Towers with Radar,614,77,74,0,765,4,7,31,2,44,618,84,105,2,809,0,0,0,809
06/12/2023,FLL,FL,ASO,ES,Towers with Radar,610,60,56,3,729,4,9,18,0,31,614,69,74,3,760,0,0,0,760
06/13/2023,FLL,FL,ASO,ES,Towers with Radar,579,53,47,4,683,3,3,23,2,31,582,56,70,6,714,0,0,0,714
06/14/2023,FLL,FL,ASO,ES,Towers with Radar,578,57,49,0,684,4,6,23,3,36,582,63,72,3,720,0,0,0,720
06/15/2023,FLL,FL,ASO,ES,Towers with Radar,611,85,70,2,768,3,12,30,2,47,614,97,100,4,815,0,0,0,815
06/16/2023,FLL,FL,ASO,ES,Towers with Radar,609,73,57,3,742,3,4,27,6,40,612,77,84,9,782,0,0,0,782
06/17/2023,FLL,FL,ASO,ES,Towers with Radar,576,46,36,1,659,3,8,17,6,34,579,54,53,7,693,0,0,0,693
06/18/2023,FLL,FL,ASO,ES,Towers with Radar,625,63,54,0,742,4,12,28,3,47,629,75,82,3,789,0,0,0,789
06/19/2023,FLL,FL,ASO,ES,Towers with Radar,526,48,70,2,646,3,7,21,2,33,529,55,91,4,679,0,0,0,679
06/20/2023,FLL,FL,ASO,ES,Towers with Radar,560,42,50,2,654,4,7,34,4,49,564,49,84,6,703,0,0,0,703
06/21/2023,FLL,FL,ASO,ES,Towers with Radar,621,47,66,0,734,4,11,21,5,41,625,58,87,5,775,0,0,0,775
06/22/2023,FLL,FL,ASO,ES,Towers with Radar,601,78,38,2,719,4,2,34,4,44,605,80,72,6,763,0,0,0,763
06/23/2023,FLL,FL,ASO,ES,Towers with Radar,600,63,70,2,735,4,18,16,8,46,604,81,86,10,781,0,0,0,781
06/24/2023,FLL,FL,ASO,ES,Towers with Radar,627,54,50,0,731,3,11,21,7,42,630,65,71,7,773,0,0,0,773
06/25/2023,FLL,FL,ASO,ES,Towers with Radar,595,58,55,0,708,4,14,20,2,40,599,72,75,2,748,0,0,0,748
06/26/2023,FLL,FL,ASO,ES,Towers with Radar,576,53,55,0,684,2,13,25,3,43,578,66,80,3,727,0,0,0,727
06/27/2023,FLL,FL,ASO,ES,Towers with Radar,555,57,61,1,674,4,7,19,2,32,559,64,80,3,706,0,0,0,706
06/28/2023,FLL,FL,ASO,ES,Towers with Radar,563,61,50,1,675,4,11,16,6,37,567,72,66,7,712,0,0,0,712
06/29/2023,FLL,FL,ASO,ES,Towers with Radar,637,61,80,0,778,4,22,23,1,50,641,83,103,1,828,0,0,0,828
06/30/2023,FLL,FL,ASO,ES,Towers with Radar,615,67,91,0,773,4,19,23,4,50,619,86,114,4,823,0,0,0,823
07/01/2023,FLL,FL,ASO,ES,Towers with Radar,662,59,46,0,767,3,18,29,5,55,665,77,75,5,822,0,0,0,822
07/02/2023,FLL,FL,ASO,ES,Towers with Radar,625,69,42,0,736,4,18,14,4,40,629,87,56,4,776,0,0,0,776
07/03/2023,FLL,FL,ASO,ES,Towers with Radar,608,53,39,0,700,4,18,9,0,31,612,71,48,0,731,0,0,0,731
07/04/2023,FLL,FL,ASO,ES,Towers with Radar,532,45,30,0,607,4,16,16,3,39,536,61,46,3,646,0,0,0,646
07/05/2023,FLL,FL,ASO,ES,Towers with Radar,577,61,70,2,710,4,26,14,2,46,581,87,84,4,756,0,0,0,756
07/06/2023,FLL,FL,ASO,ES,Towers with Radar,643,66,67,0,776,4,19,27,4,54,647,85,94,4,830,0,0,0,830
07/07/2023,FLL,FL,ASO,ES,Towers with Radar,624,54,47,1,726,3,6,27,6,42,627,60,74,7,768,0,0,0,768
07/08/2023,FLL,FL,ASO,ES,Towers with Radar,609,70,32,0,711,4,8,19,1,32,613,78,51,1,743,0,0,0,743
07/09/2023,FLL,FL,ASO,ES,Towers with Radar,597,53,46,1,697,6,15,16,2,39,603,68,62,3,736,0,0,0,736
07/10/2023,FLL,FL,ASO,ES,Towers with Radar,605,73,64,1,743,2,4,25,3,34,607,77,89,4,777,0,0,0,777
07/11/2023,FLL,FL,ASO,ES,Towers with Radar,602,62,65,2,731,4,8,32,5,49,606,70,97,7,780,0,0,0,780
07/12/2023,FLL,FL,ASO,ES,Towers with Radar,599,60,75,2,736,4,10,21,2,37,603,70,96,4,773,0,0,0,773
07/13/2023,FLL,FL,ASO,ES,Towers with Radar,626,77,51,1,755,4,9,22,4,39,630,86,73,5,794,0,0,0,794
07/14/2023,FLL,FL,ASO,ES,Towers with Radar,607,70,55,3,735,4,9,26,6,45,611,79,81,9,780,0,0,0,780
07/15/2023,FLL,FL,ASO,ES,Towers with Radar,639,55,56,0,750,3,6,20,2,31,642,61,76,2,781,0,0,0,781
07/16/2023,FLL,FL,ASO,ES,Towers with Radar,559,66,57,0,682,3,7,23,2,35,562,73,80,2,717,0,0,0,717
07/17/2023,FLL,FL,ASO,ES,Towers with Radar,596,62,68,1,727,4,9,20,1,34,600,71,88,2,761,0,0,0,761
07/18/2023,FLL,FL,ASO,ES,Towers with Radar,594,54,39,1,688,1,10,17,3,31,595,64,56,4,719,0,0,0,719
07/19/2023,FLL,FL,ASO,ES,Towers with Radar,599,66,60,2,727,1,8,17,0,26,600,74,77,2,753,0,0,0,753
07/20/2023,FLL,FL,ASO,ES,Towers with Radar,622,66,53,0,741,3,7,25,3,38,625,73,78,3,779,0,0,0,779
07/21/2023,FLL,FL,ASO,ES,Towers with Radar,622,65,45,2,734,3,10,21,3,37,625,75,66,5,771,0,0,0,771
07/22/2023,FLL,FL,ASO,ES,Towers with Radar,638,55,37,0,730,2,4,16,2,24,640,59,53,2,754,0,0,0,754
07/23/2023,FLL,FL,ASO,ES,Towers with Radar,621,71,61,1,754,2,16,10,1,29,623,87,71,2,783,0,0,0,783
07/24/2023,FLL,FL,ASO,ES,Towers with Radar,639,62,44,0,745,1,6,19,5,31,640,68,63,5,776,0,0,0,776
07/25/2023,FLL,FL,ASO,ES,Towers with Radar,572,66,49,1,688,2,10,14,2,28,574,76,63,3,716,0,0,0,716
07/26/2023,FLL,FL,ASO,ES,Towers with Radar,596,64,63,1,724,3,4,12,0,19,599,68,75,1,743,0,0,0,743
07/27/2023,FLL,FL,ASO,ES,Towers with Radar,612,46,57,3,718,2,13,18,1,34,614,59,75,4,752,0,0,0,752
07/28/2023,FLL,FL,ASO,ES,Towers with Radar,614,61,42,0,717,2,11,23,4,40,616,72,65,4,757,0,0,0,757
07/29/2023,FLL,FL,ASO,ES,Towers with Radar,624,49,50,0,723,3,2,16,2,23,627,51,66,2,746,0,0,0,746
07/30/2023,FLL,FL,ASO,ES,Towers with Radar,645,65,60,1,771,3,13,25,5,46,648,78,85,6,817,0,0,0,817
07/31/2023,FLL,FL,ASO,ES,Towers with Radar,623,52,62,1,738,1,13,19,0,33,624,65,81,1,771,0,0,0,771
08/01/2023,FLL,FL,ASO,ES,Towers with Radar,588,51,44,0,683,2,10,21,3,36,590,61,65,3,719,0,0,0,719
08/02/2023,FLL,FL,ASO,ES,Towers with Radar,594,57,61,0,712,2,8,17,4,31,596,65,78,4,743,0,0,0,743
08/03/2023,FLL,FL,ASO,ES,Towers with Radar,630,57,69,1,757,5,14,17,6,42,635,71,86,7,799,0,0,0,799
08/04/2023,FLL,FL,ASO,ES,Towers with Radar,636,76,80,0,792,5,14,20,4,43,641,90,100,4,835,0,0,0,835
08/05/2023,FLL,FL,ASO,ES,Towers with Radar,646,56,55,2,759,2,1,14,2,19,648,57,69,4,778,0,0,0,778
08/06/2023,FLL,FL,ASO,ES,Towers with Radar,637,64,69,0,770,2,16,18,1,37,639,80,87,1,807,0,0,0,807
08/07/2023,FLL,FL,ASO,ES,Towers with Radar,623,55,40,1,719,4,14,17,1,36,627,69,57,2,755,0,0,0,755
08/08/2023,FLL,FL,ASO,ES,Towers with Radar,598,52,48,1,699,1,8,17,0,26,599,60,65,1,725,0,0,0,725
08/09/2023,FLL,FL,ASO,ES,Towers with Radar,609,68,38,3,718,1,4,10,0,15,610,72,48,3,733,0,0,0,733
08/10/2023,FLL,FL,ASO,ES,Towers with Radar,632,68,50,2,752,0,9,30,3,42,632,77,80,5,794,0,0,0,794
08/11/2023,FLL,FL,ASO,ES,Towers with Radar,656,66,50,6,778,2,13,28,1,44,658,79,78,7,822,0,0,0,822
08/12/2023,FLL,FL,ASO,ES,Towers with Radar,647,60,41,1,749,3,5,19,0,27,650,65,60,1,776,0,0,0,776
08/13/2023,FLL,FL,ASO,ES,Towers with Radar,666,68,55,1,790,3,11,24,5,43,669,79,79,6,833,0,0,0,833
08/14/2023,FLL,FL,ASO,ES,Towers with Radar,621,63,59,0,743,2,9,16,3,30,623,72,75,3,773,0,0,0,773
08/15/2023,FLL,FL,ASO,ES,Towers with Radar,612,62,66,3,743,1,9,23,0,33,613,71,89,3,776,0,0,0,776
08/16/2023,FLL,FL,ASO,ES,Towers with Radar,602,60,47,4,713,0,4,32,0,36,602,64,79,4,749,0,0,0,749
08/17/2023,FLL,FL,ASO,ES,Towers with Radar,615,62,55,1,733,2,7,21,3,33,617,69,76,4,766,0,0,0,766
08/18/2023,FLL,FL,ASO,ES,Towers with Radar,627,78,65,4,774,1,8,25,2,36,628,86,90,6,810,0,0,0,810
08/19/2023,FLL,FL,ASO,ES,Towers with Radar,624,55,43,0,722,1,1,12,1,15,625,56,55,1,737,0,0,0,737
08/20/2023,FLL,FL,ASO,ES,Towers with Radar,607,68,60,0,735,1,3,13,3,20,608,71,73,3,755,0,0,0,755
08/21/2023,FLL,FL,ASO,ES,Towers with Radar,615,63,47,0,725,1,5,19,0,25,616,68,66,0,750,0,0,0,750
08/22/2023,FLL,FL,ASO,ES,Towers with Radar,581,68,57,1,707,1,9,35,4,49,582,77,92,5,756,0,0,0,756
08/23/2023,FLL,FL,ASO,ES,Towers with Radar,577,73,59,1,710,0,2,30,0,32,577,75,89,1,742,0,0,0,742
08/24/2023,FLL,FL,ASO,ES,Towers with Radar,616,61,48,4,729,1,8,23,4,36,617,69,71,8,765,0,0,0,765
08/25/2023,FLL,FL,ASO,ES,Towers with Radar,622,67,55,0,744,1,4,16,1,22,623,71,71,1,766,0,0,0,766
08/26/2023,FLL,FL,ASO,ES,Towers with Radar,634,63,28,0,725,3,1,7,0,11,637,64,35,0,736,0,0,0,736
08/27/2023,FLL,FL,ASO,ES,Towers with Radar,600,60,40,1,701,2,10,15,1,28,602,70,55,2,729,0,0,0,729
08/28/2023,FLL,FL,ASO,ES,Towers with Radar,622,43,53,1,719,1,6,14,0,21,623,49,67,1,740,0,0,0,740
08/29/2023,FLL,FL,ASO,ES,Towers with Radar,578,47,37,0,662,2,4,13,0,19,580,51,50,0,681,0,0,0,681
08/30/2023,FLL,FL,ASO,ES,Towers with Radar,553,52,27,3,635,3,5,6,3,17,556,57,33,6,652,0,0,0,652
08/31/2023,FLL,FL,ASO,ES,Towers with Radar,628,72,59,1,760,1,11,30,5,47,629,83,89,6,807,0,0,0,807
