01/01/2000,FRG,NY,AEA,EN,Towers with Display (VFR),0,2,30,0,32,0,0,52,0,52,0,2,82,0,84,23,0,23,107
01/02/2000,FRG,NY,AEA,EN,Towers with Display (VFR),0,18,71,0,89,0,7,306,0,313,0,25,377,0,402,449,0,449,851
01/03/2000,FRG,NY,AEA,EN,Towers with Display (VFR),0,8,38,0,46,0,0,171,0,171,0,8,209,0,217,283,0,283,500
01/04/2000,FRG,NY,AEA,EN,Towers with Display (VFR),0,1,12,0,13,0,0,3,0,3,0,1,15,0,16,2,0,2,18
01/05/2000,FRG,NY,AEA,EN,Towers with Display (VFR),0,11,47,0,58,1,0,219,0,220,1,11,266,0,278,139,0,139,417
01/06/2000,FRG,NY,AEA,EN,Towers with Display (VFR),0,8,39,0,47,0,0,330,0,330,0,8,369,0,377,328,0,328,705
01/07/2000,FRG,NY,AEA,EN,Towers with Display (VFR),0,11,40,0,51,0,3,282,0,285,0,14,322,0,336,291,0,291,627
01/08/2000,FRG,NY,AEA,EN,Towers with Display (VFR),0,1,30,0,31,0,0,445,0,445,0,1,475,0,476,359,0,359,835
01/09/2000,FRG,NY,AEA,EN,Towers with Display (VFR),0,9,35,0,44,0,1,395,0,396,0,10,430,0,440,354,0,354,794
01/10/2000,FRG,NY,AEA,EN,Towers with Display (VFR),0,4,22,0,26,0,0,17,0,17,0,4,39,0,43,63,0,63,106
01/11/2000,FRG,NY,AEA,EN,Towers with Display (VFR),0,7,30,0,37,0,7,133,0,140,0,14,163,0,177,138,0,138,315
01/12/2000,FRG,NY,AEA,EN,Towers with Display (VFR),0,12,48,0,60,0,7,287,0,294,0,19,335,0,354,299,0,299,653
01/13/2000,FRG,NY,AEA,EN,Towers with Display (VFR),0,10,41,0,51,0,1,5,0,6,0,11,46,0,57,14,0,14,71
01/14/2000,FRG,NY,AEA,EN,Towers with Display (VFR),0,10,44,0,54,0,4,89,2,95,0,14,133,2,149,35,0,35,184
01/15/2000,FRG,NY,AEA,EN,Towers with Display (VFR),0,5,24,0,29,0,2,340,0,342,0,7,364,0,371,282,0,282,653
01/16/2000,FRG,NY,AEA,EN,Towers with Display (VFR),0,1,30,0,31,0,0,144,0,144,0,1,174,0,175,266,0,266,441
01/17/2000,FRG,NY,AEA,EN,Towers with Display (VFR),0,5,20,0,25,0,1,26,0,27,0,6,46,0,52,2,0,2,54
01/18/2000,FRG,NY,AEA,EN,Towers with Display (VFR),0,4,17,0,21,0,7,205,0,212,0,11,222,0,233,317,0,317,550
01/19/2000,FRG,NY,AEA,EN,Towers with Display (VFR),0,13,55,0,68,0,0,333,2,335,0,13,388,2,403,570,0,570,973
01/20/2000,FRG,NY,AEA,EN,Towers with Display (VFR),0,7,24,0,31,0,6,0,0,6,0,13,24,0,37,2,0,2,39
01/21/2000,FRG,NY,AEA,EN,Towers with Display (VFR),0,6,25,0,31,0,8,59,0,67,0,14,84,0,98,10,0,10,108
01/22/2000,FRG,NY,AEA,EN,Towers with Display (VFR),0,3,16,0,19,0,3,76,0,79,0,6,92,0,98,118,0,118,216
01/23/2000,FRG,NY,AEA,EN,Towers with Display (VFR),0,7,31,0,38,0,2,109,1,112,0,9,140,1,150,441,0,441,591
01/24/2000,FRG,NY,AEA,EN,Towers with Display (VFR),0,11,46,0,57,0,1,219,1,221,0,12,265,1,278,492,0,492,770
01/25/2000,FRG,NY,AEA,EN,Towers with Display (VFR),0,1,15,0,16,0,0,2,0,2,0,1,17,0,18,0,0,0,18
01/26/2000,FRG,NY,AEA,EN,Towers with Display (VFR),0,9,39,0,48,0,1,66,0,67,0,10,105,0,115,85,0,85,200
01/27/2000,FRG,NY,AEA,EN,Towers with Display (VFR),0,12,49,0,61,0,3,173,0,176,0,15,222,0,237,165,0,165,402
01/28/2000,FRG,NY,AEA,EN,Towers with Display (VFR),0,9,36,0,45,0,0,143,0,143,0,9,179,0,188,49,0,49,237
01/29/2000,FRG,NY,AEA,EN,Towers with Display (VFR),0,4,29,0,33,0,0,317,0,317,0,4,346,0,350,338,0,338,688
01/30/2000,FRG,NY,AEA,EN,Towers with Display (VFR),0,6,25,0,31,0,1,283,0,284,0,7,308,0,315,396,0,396,711
01/31/2000,FRG,NY,AEA,EN,Towers with Display (VFR),0,6,26,0,32,0,1,101,0,102,0,7,127,0,134,117,0,117,251
02/01/2000,FRG,NY,AEA,EN,Towers with Display (VFR),0,5,41,1,47,0,7,222,1,230,0,12,263,2,277,233,0,233,510
02/02/2000,FRG,NY,AEA,EN,Towers with Display (VFR),0,5,37,1,43,0,8,90,5,103,0,13,127,6,146,68,0,68,214
02/03/2000,FRG,NY,AEA,EN,Towers with Display (VFR),0,5,36,0,41,0,0,199,0,199,0,5,235,0,240,369,0,369,609
02/04/2000,FRG,NY,AEA,EN,Towers with Display (VFR),0,8,51,0,59,0,0,36,0,36,0,8,87,0,95,63,0,63,158
02/05/2000,FRG,NY,AEA,EN,Towers with Display (VFR),0,5,30,0,35,0,6,333,0,339,0,11,363,0,374,341,0,341,715
02/06/2000,FRG,NY,AEA,EN,Towers with Display (VFR),0,4,40,0,44,0,0,277,0,277,0,4,317,0,321,380,0,380,701
02/07/2000,FRG,NY,AEA,EN,Towers with Display (VFR),0,7,43,1,51,0,3,200,0,203,0,10,243,1,254,236,0,236,490
02/08/2000,FRG,NY,AEA,EN,Towers with Display (VFR),0,6,40,1,47,0,6,315,0,321,0,12,355,1,368,495,0,495,863
02/09/2000,FRG,NY,AEA,EN,Towers with Display (VFR),0,9,54,1,64,0,4,328,1,333,0,13,382,2,397,361,0,361,758
02/10/2000,FRG,NY,AEA,EN,Towers with Display (VFR),0,8,68,0,76,0,0,293,0,293,0,8,361,0,369,337,0,337,706
02/11/2000,FRG,NY,AEA,EN,Towers with Display (VFR),0,10,60,0,70,0,1,40,0,41,0,11,100,0,111,155,0,155,266
02/12/2000,FRG,NY,AEA,EN,Towers with Display (VFR),0,7,41,1,49,0,11,380,0,391,0,18,421,1,440,354,0,354,794
02/13/2000,FRG,NY,AEA,EN,Towers with Display (VFR),0,6,45,0,51,0,0,316,0,316,0,6,361,0,367,303,0,303,670
02/14/2000,FRG,NY,AEA,EN,Towers with Display (VFR),0,7,45,1,53,0,6,11,1,18,0,13,56,2,71,147,0,147,218
02/15/2000,FRG,NY,AEA,EN,Towers with Display (VFR),0,8,48,1,57,0,9,306,23,338,0,17,354,24,395,385,8,393,788
02/16/2000,FRG,NY,AEA,EN,Towers with Display (VFR),0,7,40,0,47,0,2,215,0,217,0,9,255,0,264,447,0,447,711
02/17/2000,FRG,NY,AEA,EN,Towers with Display (VFR),0,9,52,0,61,0,9,354,0,363,0,18,406,0,424,427,0,427,851
02/18/2000,FRG,NY,AEA,EN,Towers with Display (VFR),0,8,51,0,59,0,5,13,0,18,0,13,64,0,77,96,0,96,173
02/19/2000,FRG,NY,AEA,EN,Towers with Display (VFR),0,7,48,0,55,0,0,1,0,1,0,7,49,0,56,5,0,5,61
02/20/2000,FRG,NY,AEA,EN,Towers with Display (VFR),0,9,56,0,65,0,11,309,0,320,0,20,365,0,385,254,0,254,639
02/21/2000,FRG,NY,AEA,EN,Towers with Display (VFR),0,9,52,0,61,0,1,391,0,392,0,10,443,0,453,321,0,321,774
02/22/2000,FRG,NY,AEA,EN,Towers with Display (VFR),0,7,45,0,52,0,2,299,0,301,0,9,344,0,353,437,0,437,790
02/23/2000,FRG,NY,AEA,EN,Towers with Display (VFR),0,8,49,0,57,0,0,240,0,240,0,8,289,0,297,407,0,407,704
02/24/2000,FRG,NY,AEA,EN,Towers with Display (VFR),0,9,54,0,63,0,6,299,0,305,0,15,353,0,368,332,0,332,700
02/25/2000,FRG,NY,AEA,EN,Towers with Display (VFR),0,6,85,1,92,0,0,52,1,53,0,6,137,2,145,153,0,153,298
02/26/2000,FRG,NY,AEA,EN,Towers with Display (VFR),0,8,95,1,104,0,0,6,3,9,0,8,101,4,113,8,0,8,121
02/27/2000,FRG,NY,AEA,EN,Towers with Display (VFR),0,5,64,0,69,0,0,8,0,8,0,5,72,0,77,8,0,8,85
02/28/2000,FRG,NY,AEA,EN,Towers with Display (VFR),0,10,63,0,73,0,7,181,0,188,0,17,244,0,261,196,0,196,457
02/29/2000,FRG,NY,AEA,EN,Towers with Display (VFR),0,6,41,0,47,0,6,271,0,277,0,12,312,0,324,276,0,276,600
03/01/2000,FRG,NY,AEA,EN,Towers with Display (VFR),0,7,54,0,61,0,3,323,0,326,0,10,377,0,387,478,0,478,865
03/02/2000,FRG,NY,AEA,EN,Towers with Display (VFR),0,5,49,0,54,0,0,178,2,180,0,5,227,2,234,208,0,208,442
03/03/2000,FRG,NY,AEA,EN,Towers with Display (VFR),0,6,42,0,48,0,6,216,1,223,0,12,258,1,271,214,0,214,485
03/04/2000,FRG,NY,AEA,EN,Towers with Display (VFR),0,4,39,0,43,0,0,503,1,504,0,4,542,1,547,375,0,375,922
03/05/2000,FRG,NY,AEA,EN,Towers with Display (VFR),0,7,46,0,53,0,7,474,0,481,0,14,520,0,534,274,0,274,808
03/06/2000,FRG,NY,AEA,EN,Towers with Display (VFR),0,5,35,0,40,0,2,258,0,260,0,7,293,0,300,348,0,348,648
03/07/2000,FRG,NY,AEA,EN,Towers with Display (VFR),0,5,30,0,35,0,1,375,0,376,0,6,405,0,411,565,0,565,976
03/08/2000,FRG,NY,AEA,EN,Towers with Display (VFR),0,9,63,0,72,0,0,369,0,369,0,9,432,0,441,524,0,524,965
03/09/2000,FRG,NY,AEA,EN,Towers with Display (VFR),0,8,56,0,64,0,1,218,0,219,0,9,274,0,283,411,0,411,694
03/10/2000,FRG,NY,AEA,EN,Towers with Display (VFR),0,6,57,0,63,0,0,290,0,290,0,6,347,0,353,386,0,386,739
03/11/2000,FRG,NY,AEA,EN,Towers with Display (VFR),0,4,32,0,36,0,1,11,0,12,0,5,43,0,48,4,0,4,52
03/12/2000,FRG,NY,AEA,EN,Towers with Display (VFR),0,9,70,0,79,0,0,98,0,98,0,9,168,0,177,124,0,124,301
03/13/2000,FRG,NY,AEA,EN,Towers with Display (VFR),0,3,28,0,31,0,2,288,0,290,0,5,316,0,321,356,0,356,677
03/14/2000,FRG,NY,AEA,EN,Towers with Display (VFR),0,5,41,1,47,0,8,315,0,323,0,13,356,1,370,405,0,405,775
03/15/2000,FRG,NY,AEA,EN,Towers with Display (VFR),0,8,57,0,65,0,5,314,0,319,0,13,371,0,384,316,0,316,700
03/16/2000,FRG,NY,AEA,EN,Towers with Display (VFR),0,6,58,0,64,0,0,229,0,229,0,6,287,0,293,359,0,359,652
03/17/2000,FRG,NY,AEA,EN,Towers with Display (VFR),0,7,51,0,58,0,5,19,0,24,0,12,70,0,82,8,0,8,90
03/18/2000,FRG,NY,AEA,EN,Towers with Display (VFR),0,2,40,0,42,0,0,405,0,405,0,2,445,0,447,232,0,232,679
03/19/2000,FRG,NY,AEA,EN,Towers with Display (VFR),0,9,65,0,74,0,7,397,0,404,0,16,462,0,478,249,0,249,727
03/20/2000,FRG,NY,AEA,EN,Towers with Display (VFR),0,3,23,0,26,0,5,105,0,110,0,8,128,0,136,261,0,261,397
03/21/2000,FRG,NY,AEA,EN,Towers with Display (VFR),0,6,57,0,63,1,0,18,0,19,1,6,75,0,82,21,0,21,103
03/22/2000,FRG,NY,AEA,EN,Towers with Display (VFR),0,9,68,0,77,0,3,129,0,132,0,12,197,0,209,157,0,157,366
03/23/2000,FRG,NY,AEA,EN,Towers with Display (VFR),0,8,64,0,72,0,0,397,0,397,0,8,461,0,469,456,0,456,925
03/24/2000,FRG,NY,AEA,EN,Towers with Display (VFR),0,8,64,0,72,0,5,454,0,459,0,13,518,0,531,450,0,450,981
03/25/2000,FRG,NY,AEA,EN,Towers with Display (VFR),0,9,65,0,74,0,16,365,1,382,0,25,430,1,456,470,0,470,926
03/26/2000,FRG,NY,AEA,EN,Towers with Display (VFR),0,5,42,0,47,0,9,421,2,432,0,14,463,2,479,415,0,415,894
03/27/2000,FRG,NY,AEA,EN,Towers with Display (VFR),0,5,39,0,44,0,8,259,0,267,0,13,298,0,311,424,0,424,735
03/28/2000,FRG,NY,AEA,EN,Towers with Display (VFR),0,5,40,0,45,0,0,73,0,73,0,5,113,0,118,85,0,85,203
03/29/2000,FRG,NY,AEA,EN,Towers with Display (VFR),0,6,46,0,52,0,5,69,0,74,0,11,115,0,126,165,0,165,291
03/30/2000,FRG,NY,AEA,EN,Towers with Display (VFR),0,6,45,0,51,0,7,273,2,282,0,13,318,2,333,406,0,406,739
03/31/2000,FRG,NY,AEA,EN,Towers with Display (VFR),0,4,30,0,34,0,2,291,0,293,0,6,321,0,327,392,0,392,719
04/01/2000,FRG,NY,AEA,EN,Towers with Display (VFR),0,3,31,0,34,0,10,551,0,561,0,13,582,0,595,274,0,274,869
04/02/2000,FRG,NY,AEA,EN,Towers with Display (VFR),0,5,50,0,55,0,2,198,0,200,0,7,248,0,255,283,0,283,538
04/03/2000,FRG,NY,AEA,EN,Towers with Display (VFR),0,7,79,0,86,0,0,14,0,14,0,7,93,0,100,20,0,20,120
04/04/2000,FRG,NY,AEA,EN,Towers with Display (VFR),0,3,49,0,52,0,0,13,0,13,0,3,62,0,65,21,0,21,86
04/05/2000,FRG,NY,AEA,EN,Towers with Display (VFR),0,6,49,0,55,0,5,150,0,155,0,11,199,0,210,182,0,182,392
04/06/2000,FRG,NY,AEA,EN,Towers with Display (VFR),0,6,47,0,53,0,1,232,0,233,0,7,279,0,286,395,0,395,681
04/07/2000,FRG,NY,AEA,EN,Towers with Display (VFR),0,6,48,0,54,1,5,358,0,364,1,11,406,0,418,507,0,507,925
04/08/2000,FRG,NY,AEA,EN,Towers with Display (VFR),0,2,16,0,18,0,2,150,0,152,0,4,166,0,170,121,0,121,291
04/09/2000,FRG,NY,AEA,EN,Towers with Display (VFR),0,4,30,0,34,0,8,10,0,18,0,12,40,0,52,22,0,22,74
04/10/2000,FRG,NY,AEA,EN,Towers with Display (VFR),0,1,29,0,30,0,0,256,0,256,0,1,285,0,286,360,0,360,646
04/11/2000,FRG,NY,AEA,EN,Towers with Display (VFR),0,3,38,1,42,0,0,46,1,47,0,3,84,2,89,134,0,134,223
04/12/2000,FRG,NY,AEA,EN,Towers with Display (VFR),0,5,36,0,41,0,3,179,0,182,0,8,215,0,223,173,0,173,396
04/13/2000,FRG,NY,AEA,EN,Towers with Display (VFR),0,4,47,1,52,0,0,422,0,422,0,4,469,1,474,546,0,546,1020
04/14/2000,FRG,NY,AEA,EN,Towers with Display (VFR),0,3,69,0,72,0,0,382,0,382,0,3,451,0,454,463,0,463,917
04/15/2000,FRG,NY,AEA,EN,Towers with Display (VFR),0,4,61,1,66,0,0,15,6,21,0,4,76,7,87,60,0,60,147
04/16/2000,FRG,NY,AEA,EN,Towers with Display (VFR),0,7,72,0,79,0,0,106,0,106,0,7,178,0,185,201,0,201,386
04/17/2000,FRG,NY,AEA,EN,Towers with Display (VFR),0,4,51,0,55,0,0,67,0,67,0,4,118,0,122,139,0,139,261
04/18/2000,FRG,NY,AEA,EN,Towers with Display (VFR),0,8,63,0,71,0,3,16,0,19,0,11,79,0,90,0,0,0,90
04/19/2000,FRG,NY,AEA,EN,Towers with Display (VFR),0,12,91,0,103,0,1,158,0,159,0,13,249,0,262,286,0,286,548
04/20/2000,FRG,NY,AEA,EN,Towers with Display (VFR),0,10,74,0,84,0,1,312,0,313,0,11,386,0,397,477,0,477,874
04/21/2000,FRG,NY,AEA,EN,Towers with Display (VFR),0,5,30,0,35,0,5,0,4,9,0,10,30,4,44,13,4,17,61
04/22/2000,FRG,NY,AEA,EN,Towers with Display (VFR),0,6,46,0,52,0,2,0,0,2,0,8,46,0,54,10,0,10,64
04/23/2000,FRG,NY,AEA,EN,Towers with Display (VFR),0,7,53,0,60,0,0,19,0,19,0,7,72,0,79,26,0,26,105
04/24/2000,FRG,NY,AEA,EN,Towers with Display (VFR),0,9,65,0,74,0,1,370,4,375,0,10,435,4,449,434,0,434,883
04/25/2000,FRG,NY,AEA,EN,Towers with Display (VFR),0,6,47,0,53,0,2,253,0,255,0,8,300,0,308,360,0,360,668
04/26/2000,FRG,NY,AEA,EN,Towers with Display (VFR),0,4,53,0,57,0,0,77,0,77,0,4,130,0,134,222,0,222,356
04/27/2000,FRG,NY,AEA,EN,Towers with Display (VFR),0,7,54,0,61,0,2,212,0,214,0,9,266,0,275,555,0,555,830
04/28/2000,FRG,NY,AEA,EN,Towers with Display (VFR),0,8,64,0,72,0,3,193,2,198,0,11,257,2,270,504,0,504,774
04/29/2000,FRG,NY,AEA,EN,Towers with Display (VFR),0,5,42,0,47,0,14,332,2,348,0,19,374,2,395,458,0,458,853
04/30/2000,FRG,NY,AEA,EN,Towers with Display (VFR),0,6,46,0,52,0,12,351,1,364,0,18,397,1,416,330,0,330,746
05/01/2000,FRG,NY,AEA,EN,Towers with Display (VFR),0,2,33,0,35,0,0,202,1,203,0,2,235,1,238,412,0,412,650
05/02/2000,FRG,NY,AEA,EN,Towers with Display (VFR),0,7,63,0,70,0,5,226,0,231,0,12,289,0,301,616,0,616,917
05/03/2000,FRG,NY,AEA,EN,Towers with Display (VFR),0,5,46,0,51,0,5,421,4,430,0,10,467,4,481,763,0,763,1244
05/04/2000,FRG,NY,AEA,EN,Towers with Display (VFR),0,4,44,0,48,0,6,367,0,373,0,10,411,0,421,485,0,485,906
05/05/2000,FRG,NY,AEA,EN,Towers with Display (VFR),0,5,54,1,60,0,1,322,0,323,0,6,376,1,383,514,0,514,897
05/06/2000,FRG,NY,AEA,EN,Towers with Display (VFR),0,4,46,1,51,0,8,446,0,454,0,12,492,1,505,467,0,467,972
05/07/2000,FRG,NY,AEA,EN,Towers with Display (VFR),0,5,56,0,61,0,11,416,0,427,0,16,472,0,488,517,0,517,1005
05/08/2000,FRG,NY,AEA,EN,Towers with Display (VFR),0,5,51,1,57,0,0,191,3,194,0,5,242,4,251,416,0,416,667
05/09/2000,FRG,NY,AEA,EN,Towers with Display (VFR),0,4,40,0,44,0,3,266,0,269,0,7,306,0,313,496,0,496,809
05/10/2000,FRG,NY,AEA,EN,Towers with Display (VFR),0,7,65,0,72,0,4,0,0,4,0,11,65,0,76,3,0,3,79
05/11/2000,FRG,NY,AEA,EN,Towers with Display (VFR),0,6,58,0,64,0,6,347,0,353,0,12,405,0,417,364,0,364,781
05/12/2000,FRG,NY,AEA,EN,Towers with Display (VFR),0,7,74,1,82,0,0,225,3,228,0,7,299,4,310,376,0,376,686
05/13/2000,FRG,NY,AEA,EN,Towers with Display (VFR),0,6,72,0,78,0,0,48,0,48,0,6,120,0,126,177,0,177,303
05/14/2000,FRG,NY,AEA,EN,Towers with Display (VFR),0,4,45,1,50,0,11,429,0,440,0,15,474,1,490,519,0,519,1009
05/15/2000,FRG,NY,AEA,EN,Towers with Display (VFR),0,3,33,0,36,0,4,359,0,363,0,7,392,0,399,477,0,477,876
05/16/2000,FRG,NY,AEA,EN,Towers with Display (VFR),0,5,52,0,57,0,14,393,0,407,0,19,445,0,464,562,0,562,1026
05/17/2000,FRG,NY,AEA,EN,Towers with Display (VFR),0,7,72,0,79,0,2,376,1,379,0,9,448,1,458,624,0,624,1082
05/18/2000,FRG,NY,AEA,EN,Towers with Display (VFR),0,4,70,0,74,0,0,26,0,26,0,4,96,0,100,31,0,31,131
05/19/2000,FRG,NY,AEA,EN,Towers with Display (VFR),0,3,76,0,79,0,0,14,0,14,0,3,90,0,93,7,0,7,100
05/20/2000,FRG,NY,AEA,EN,Towers with Display (VFR),0,2,75,0,77,0,0,22,0,22,0,2,97,0,99,58,0,58,157
05/21/2000,FRG,NY,AEA,EN,Towers with Display (VFR),0,9,127,0,136,0,0,4,0,4,0,9,131,0,140,4,0,4,144
05/22/2000,FRG,NY,AEA,EN,Towers with Display (VFR),0,3,80,0,83,0,0,8,2,10,0,3,88,2,93,7,0,7,100
05/23/2000,FRG,NY,AEA,EN,Towers with Display (VFR),0,3,109,0,112,0,0,32,0,32,0,3,141,0,144,8,0,8,152
05/24/2000,FRG,NY,AEA,EN,Towers with Display (VFR),0,5,57,0,62,0,6,174,5,185,0,11,231,5,247,415,0,415,662
05/25/2000,FRG,NY,AEA,EN,Towers with Display (VFR),0,3,59,0,62,0,0,293,0,293,0,3,352,0,355,421,0,421,776
05/26/2000,FRG,NY,AEA,EN,Towers with Display (VFR),0,3,34,0,37,0,4,539,0,543,0,7,573,0,580,502,0,502,1082
05/27/2000,FRG,NY,AEA,EN,Towers with Display (VFR),0,3,30,0,33,0,10,479,1,490,0,13,509,1,523,398,0,398,921
05/28/2000,FRG,NY,AEA,EN,Towers with Display (VFR),0,3,38,0,41,0,4,338,1,343,0,7,376,1,384,335,0,335,719
05/29/2000,FRG,NY,AEA,EN,Towers with Display (VFR),0,5,49,0,54,0,3,283,1,287,0,8,332,1,341,376,6,382,723
05/30/2000,FRG,NY,AEA,EN,Towers with Display (VFR),0,3,36,0,39,0,1,274,0,275,0,4,310,0,314,382,0,382,696
05/31/2000,FRG,NY,AEA,EN,Towers with Display (VFR),0,7,77,0,84,0,1,252,2,255,0,8,329,2,339,389,0,389,728
06/01/2000,FRG,NY,AEA,EN,Towers with Display (VFR),0,10,81,0,91,0,0,307,0,307,0,10,388,0,398,510,0,510,908
06/02/2000,FRG,NY,AEA,EN,Towers with Display (VFR),0,7,35,0,42,0,5,260,1,266,0,12,295,1,308,312,0,312,620
06/03/2000,FRG,NY,AEA,EN,Towers with Display (VFR),0,2,29,0,31,0,0,320,2,322,0,2,349,2,353,444,0,444,797
06/04/2000,FRG,NY,AEA,EN,Towers with Display (VFR),0,6,36,0,42,0,15,504,0,519,0,21,540,0,561,448,0,448,1009
06/05/2000,FRG,NY,AEA,EN,Towers with Display (VFR),0,2,35,1,38,0,0,205,0,205,0,2,240,1,243,284,0,284,527
06/06/2000,FRG,NY,AEA,EN,Towers with Display (VFR),0,7,47,0,54,0,0,2,0,2,0,7,49,0,56,3,0,3,59
06/07/2000,FRG,NY,AEA,EN,Towers with Display (VFR),0,5,33,0,38,0,2,298,0,300,0,7,331,0,338,397,0,397,735
06/08/2000,FRG,NY,AEA,EN,Towers with Display (VFR),0,5,33,0,38,0,0,451,0,451,0,5,484,0,489,439,0,439,928
06/09/2000,FRG,NY,AEA,EN,Towers with Display (VFR),0,9,51,0,60,0,9,344,0,353,0,18,395,0,413,537,0,537,950
06/10/2000,FRG,NY,AEA,EN,Towers with Display (VFR),0,2,39,1,42,0,0,392,1,393,0,2,431,2,435,309,0,309,744
06/11/2000,FRG,NY,AEA,EN,Towers with Display (VFR),0,9,57,1,67,0,0,252,0,252,0,9,309,1,319,334,0,334,653
06/12/2000,FRG,NY,AEA,EN,Towers with Display (VFR),0,7,57,0,64,0,0,4,0,4,0,7,61,0,68,5,0,5,73
06/13/2000,FRG,NY,AEA,EN,Towers with Display (VFR),0,13,78,0,91,0,1,84,3,88,0,14,162,3,179,187,0,187,366
06/14/2000,FRG,NY,AEA,EN,Towers with Display (VFR),0,19,109,0,128,0,15,141,0,156,0,34,250,0,284,272,0,272,556
06/15/2000,FRG,NY,AEA,EN,Towers with Display (VFR),0,6,70,0,76,0,0,52,1,53,0,6,122,1,129,107,0,107,236
06/16/2000,FRG,NY,AEA,EN,Towers with Display (VFR),0,7,59,0,66,0,0,252,1,253,0,7,311,1,319,347,0,347,666
06/17/2000,FRG,NY,AEA,EN,Towers with Display (VFR),0,6,39,0,45,0,11,270,3,284,0,17,309,3,329,270,0,270,599
06/18/2000,FRG,NY,AEA,EN,Towers with Display (VFR),0,5,68,0,73,0,0,154,0,154,0,5,222,0,227,315,0,315,542
06/19/2000,FRG,NY,AEA,EN,Towers with Display (VFR),0,3,59,0,62,0,0,157,2,159,0,3,216,2,221,453,0,453,674
06/20/2000,FRG,NY,AEA,EN,Towers with Display (VFR),0,6,36,0,42,0,5,459,0,464,0,11,495,0,506,492,0,492,998
06/21/2000,FRG,NY,AEA,EN,Towers with Display (VFR),0,8,54,0,62,0,0,259,0,259,0,8,313,0,321,286,0,286,607
06/22/2000,FRG,NY,AEA,EN,Towers with Display (VFR),0,8,76,0,84,0,0,223,0,223,0,8,299,0,307,388,0,388,695
06/23/2000,FRG,NY,AEA,EN,Towers with Display (VFR),0,11,68,0,79,0,16,444,2,462,0,27,512,2,541,312,0,312,853
06/24/2000,FRG,NY,AEA,EN,Towers with Display (VFR),0,7,43,0,50,0,12,480,0,492,0,19,523,0,542,392,0,392,934
06/25/2000,FRG,NY,AEA,EN,Towers with Display (VFR),0,8,84,0,92,0,0,199,0,199,0,8,283,0,291,139,0,139,430
06/26/2000,FRG,NY,AEA,EN,Towers with Display (VFR),0,10,59,0,69,0,4,240,0,244,0,14,299,0,313,424,0,424,737
06/27/2000,FRG,NY,AEA,EN,Towers with Display (VFR),0,8,47,0,55,0,7,169,2,178,0,15,216,2,233,337,0,337,570
06/28/2000,FRG,NY,AEA,EN,Towers with Display (VFR),0,11,67,0,78,0,16,416,0,432,0,27,483,0,510,520,0,520,1030
06/29/2000,FRG,NY,AEA,EN,Towers with Display (VFR),0,10,68,0,78,0,0,188,0,188,0,10,256,0,266,526,0,526,792
06/30/2000,FRG,NY,AEA,EN,Towers with Display (VFR),0,11,63,0,74,0,8,470,0,478,0,19,533,0,552,325,0,325,877
07/01/2000,FRG,NY,AEA,EN,Towers with Display (VFR),0,9,45,0,54,0,9,463,0,472,0,18,508,0,526,403,0,403,929
07/02/2000,FRG,NY,AEA,EN,Towers with Display (VFR),0,5,22,0,27,0,18,448,0,466,0,23,470,0,493,330,0,330,823
07/03/2000,FRG,NY,AEA,EN,Towers with Display (VFR),0,7,39,0,46,0,4,215,0,219,0,11,254,0,265,475,0,475,740
07/04/2000,FRG,NY,AEA,EN,Towers with Display (VFR),0,1,74,0,75,0,0,117,0,117,0,1,191,0,192,95,0,95,287
07/05/2000,FRG,NY,AEA,EN,Towers with Display (VFR),0,8,43,0,51,0,4,384,0,388,0,12,427,0,439,433,0,433,872
07/06/2000,FRG,NY,AEA,EN,Towers with Display (VFR),0,9,62,0,71,0,0,445,0,445,0,9,507,0,516,351,0,351,867
07/07/2000,FRG,NY,AEA,EN,Towers with Display (VFR),0,8,40,0,48,0,7,449,0,456,0,15,489,0,504,305,0,305,809
07/08/2000,FRG,NY,AEA,EN,Towers with Display (VFR),0,6,30,0,36,0,7,472,0,479,0,13,502,0,515,399,0,399,914
07/09/2000,FRG,NY,AEA,EN,Towers with Display (VFR),0,12,64,0,76,0,12,385,0,397,0,24,449,0,473,232,0,232,705
07/10/2000,FRG,NY,AEA,EN,Towers with Display (VFR),0,13,69,0,82,0,0,140,0,140,0,13,209,0,222,321,0,321,543
07/11/2000,FRG,NY,AEA,EN,Towers with Display (VFR),0,2,33,0,35,0,0,364,0,364,0,2,397,0,399,327,0,327,726
07/12/2000,FRG,NY,AEA,EN,Towers with Display (VFR),0,7,43,1,51,0,10,396,0,406,0,17,439,1,457,432,0,432,889
07/13/2000,FRG,NY,AEA,EN,Towers with Display (VFR),0,7,45,0,52,0,5,375,0,380,0,12,420,0,432,441,0,441,873
07/14/2000,FRG,NY,AEA,EN,Towers with Display (VFR),0,9,51,0,60,0,10,209,0,219,0,19,260,0,279,328,0,328,607
07/15/2000,FRG,NY,AEA,EN,Towers with Display (VFR),0,8,45,0,53,0,5,19,0,24,0,13,64,0,77,16,0,16,93
07/16/2000,FRG,NY,AEA,EN,Towers with Display (VFR),0,15,91,0,106,0,6,209,0,215,0,21,300,0,321,267,0,267,588
07/17/2000,FRG,NY,AEA,EN,Towers with Display (VFR),0,9,68,0,77,0,0,221,0,221,0,9,289,0,298,394,0,394,692
07/18/2000,FRG,NY,AEA,EN,Towers with Display (VFR),0,4,42,0,46,0,0,211,0,211,0,4,253,0,257,242,0,242,499
07/19/2000,FRG,NY,AEA,EN,Towers with Display (VFR),0,11,68,0,79,0,7,286,0,293,0,18,354,0,372,378,0,378,750
07/20/2000,FRG,NY,AEA,EN,Towers with Display (VFR),0,12,70,0,82,0,1,438,0,439,0,13,508,0,521,293,0,293,814
07/21/2000,FRG,NY,AEA,EN,Towers with Display (VFR),0,10,59,0,69,0,17,374,1,392,0,27,433,1,461,314,0,314,775
07/22/2000,FRG,NY,AEA,EN,Towers with Display (VFR),0,6,36,0,42,0,9,404,0,413,0,15,440,0,455,346,0,346,801
07/23/2000,FRG,NY,AEA,EN,Towers with Display (VFR),0,9,57,0,66,0,7,509,1,517,0,16,566,1,583,376,0,376,959
07/24/2000,FRG,NY,AEA,EN,Towers with Display (VFR),0,12,69,0,81,0,12,327,0,339,0,24,396,0,420,349,0,349,769
07/25/2000,FRG,NY,AEA,EN,Towers with Display (VFR),0,8,51,0,59,0,11,283,1,295,0,19,334,1,354,424,0,424,778
07/26/2000,FRG,NY,AEA,EN,Towers with Display (VFR),0,12,72,0,84,0,6,0,0,6,0,18,72,0,90,10,0,10,100
07/27/2000,FRG,NY,AEA,EN,Towers with Display (VFR),0,9,91,0,100,0,0,8,0,8,0,9,99,0,108,14,0,14,122
07/28/2000,FRG,NY,AEA,EN,Towers with Display (VFR),0,13,98,0,111,0,0,93,2,95,0,13,191,2,206,214,0,214,420
07/29/2000,FRG,NY,AEA,EN,Towers with Display (VFR),0,16,92,0,108,0,6,90,0,96,0,22,182,0,204,306,0,306,510
07/30/2000,FRG,NY,AEA,EN,Towers with Display (VFR),0,20,115,0,135,0,5,0,0,5,0,25,115,0,140,13,0,13,153
07/31/2000,FRG,NY,AEA,EN,Towers with Display (VFR),0,5,40,0,45,0,0,2,0,2,0,5,42,0,47,0,0,0,47
08/01/2000,FRG,NY,AEA,EN,Towers with Display (VFR),0,6,42,0,48,0,0,9,0,9,0,6,51,0,57,40,0,40,97
08/02/2000,FRG,NY,AEA,EN,Towers with Display (VFR),0,10,61,0,71,0,0,99,0,99,0,10,160,0,170,261,0,261,431
08/03/2000,FRG,NY,AEA,EN,Towers with Display (VFR),0,11,91,1,103,0,0,54,0,54,0,11,145,1,157,75,0,75,232
08/04/2000,FRG,NY,AEA,EN,Towers with Display (VFR),0,11,64,0,75,0,0,321,0,321,0,11,385,0,396,319,0,319,715
08/05/2000,FRG,NY,AEA,EN,Towers with Display (VFR),0,8,42,0,50,0,0,401,0,401,0,8,443,0,451,404,0,404,855
08/06/2000,FRG,NY,AEA,EN,Towers with Display (VFR),0,11,60,0,71,0,23,357,0,380,0,34,417,0,451,441,0,441,892
08/07/2000,FRG,NY,AEA,EN,Towers with Display (VFR),0,5,50,0,55,0,0,91,0,91,0,5,141,0,146,196,0,196,342
08/08/2000,FRG,NY,AEA,EN,Towers with Display (VFR),0,9,47,0,56,0,6,343,0,349,0,15,390,0,405,472,0,472,877
08/09/2000,FRG,NY,AEA,EN,Towers with Display (VFR),0,12,61,1,74,0,6,219,4,229,0,18,280,5,303,388,0,388,691
08/10/2000,FRG,NY,AEA,EN,Towers with Display (VFR),0,13,68,1,82,0,6,370,1,377,0,19,438,2,459,333,0,333,792
08/11/2000,FRG,NY,AEA,EN,Towers with Display (VFR),0,13,69,1,83,0,21,208,1,230,0,34,277,2,313,386,0,386,699
08/12/2000,FRG,NY,AEA,EN,Towers with Display (VFR),0,8,41,1,50,0,0,89,0,89,0,8,130,1,139,104,0,104,243
08/13/2000,FRG,NY,AEA,EN,Towers with Display (VFR),0,14,100,2,116,0,0,52,1,53,0,14,152,3,169,133,0,133,302
08/14/2000,FRG,NY,AEA,EN,Towers with Display (VFR),0,8,71,0,79,0,0,23,0,23,0,8,94,0,102,41,0,41,143
08/15/2000,FRG,NY,AEA,EN,Towers with Display (VFR),0,5,83,2,90,0,0,215,4,219,0,5,298,6,309,209,0,209,518
08/16/2000,FRG,NY,AEA,EN,Towers with Display (VFR),0,15,84,0,99,0,5,230,0,235,0,20,314,0,334,272,0,272,606
08/17/2000,FRG,NY,AEA,EN,Towers with Display (VFR),0,4,43,0,47,0,0,480,0,480,0,4,523,0,527,366,0,366,893
08/18/2000,FRG,NY,AEA,EN,Towers with Display (VFR),0,12,103,1,116,0,0,103,1,104,0,12,206,2,220,122,0,122,342
08/19/2000,FRG,NY,AEA,EN,Towers with Display (VFR),0,6,33,0,39,0,12,427,0,439,0,18,460,0,478,367,0,367,845
08/20/2000,FRG,NY,AEA,EN,Towers with Display (VFR),0,9,51,0,60,0,16,398,1,415,0,25,449,1,475,343,0,343,818
08/21/2000,FRG,NY,AEA,EN,Towers with Display (VFR),0,6,36,0,42,0,1,356,0,357,0,7,392,0,399,359,0,359,758
08/22/2000,FRG,NY,AEA,EN,Towers with Display (VFR),0,10,52,0,62,0,17,417,2,436,0,27,469,2,498,475,0,475,973
08/23/2000,FRG,NY,AEA,EN,Towers with Display (VFR),0,11,58,0,69,0,7,163,0,170,0,18,221,0,239,289,0,289,528
08/24/2000,FRG,NY,AEA,EN,Towers with Display (VFR),0,13,95,0,108,0,0,147,0,147,0,13,242,0,255,190,0,190,445
08/25/2000,FRG,NY,AEA,EN,Towers with Display (VFR),0,12,62,0,74,0,30,403,1,434,0,42,465,1,508,372,0,372,880
08/26/2000,FRG,NY,AEA,EN,Towers with Display (VFR),0,6,32,0,38,0,8,400,0,408,0,14,432,0,446,380,0,380,826
08/27/2000,FRG,NY,AEA,EN,Towers with Display (VFR),0,12,61,0,73,1,17,249,0,267,1,29,310,0,340,317,0,317,657
08/28/2000,FRG,NY,AEA,EN,Towers with Display (VFR),0,7,69,0,76,0,0,92,0,92,0,7,161,0,168,128,0,128,296
08/29/2000,FRG,NY,AEA,EN,Towers with Display (VFR),0,11,62,0,73,0,0,258,0,258,0,11,320,0,331,309,0,309,640
08/30/2000,FRG,NY,AEA,EN,Towers with Display (VFR),0,13,98,0,111,0,0,123,0,123,0,13,221,0,234,172,0,172,406
08/31/2000,FRG,NY,AEA,EN,Towers with Display (VFR),0,14,81,0,95,0,4,157,0,161,0,18,238,0,256,223,0,223,479
09/01/2000,FRG,NY,AEA,EN,Towers with Display (VFR),0,23,100,0,123,0,2,170,0,172,0,25,270,0,295,226,0,226,521
09/02/2000,FRG,NY,AEA,EN,Towers with Display (VFR),0,11,59,0,70,0,0,44,0,44,0,11,103,0,114,84,0,84,198
09/03/2000,FRG,NY,AEA,EN,Towers with Display (VFR),0,11,50,0,61,0,1,29,0,30,0,12,79,0,91,46,0,46,137
09/04/2000,FRG,NY,AEA,EN,Towers with Display (VFR),0,13,63,0,76,0,0,131,0,131,0,13,194,0,207,257,0,257,464
09/05/2000,FRG,NY,AEA,EN,Towers with Display (VFR),0,8,35,0,43,0,5,345,0,350,0,13,380,0,393,417,0,417,810
09/06/2000,FRG,NY,AEA,EN,Towers with Display (VFR),0,10,43,0,53,0,5,346,0,351,0,15,389,0,404,448,0,448,852
09/07/2000,FRG,NY,AEA,EN,Towers with Display (VFR),0,5,55,0,60,0,0,404,0,404,0,5,459,0,464,381,0,381,845
09/08/2000,FRG,NY,AEA,EN,Towers with Display (VFR),0,13,60,0,73,0,6,385,0,391,0,19,445,0,464,387,0,387,851
09/09/2000,FRG,NY,AEA,EN,Towers with Display (VFR),0,7,34,1,42,0,4,287,1,292,0,11,321,2,334,376,0,376,710
09/10/2000,FRG,NY,AEA,EN,Towers with Display (VFR),0,14,78,0,92,0,0,318,0,318,0,14,396,0,410,335,0,335,745
09/11/2000,FRG,NY,AEA,EN,Towers with Display (VFR),0,13,60,1,74,0,2,131,0,133,0,15,191,1,207,302,0,302,509
09/12/2000,FRG,NY,AEA,EN,Towers with Display (VFR),0,9,53,0,62,0,0,193,0,193,0,9,246,0,255,335,0,335,590
09/13/2000,FRG,NY,AEA,EN,Towers with Display (VFR),0,12,57,0,69,0,3,205,0,208,0,15,262,0,277,362,0,362,639
09/14/2000,FRG,NY,AEA,EN,Towers with Display (VFR),0,13,61,1,75,0,1,381,1,383,0,14,442,2,458,401,0,401,859
09/15/2000,FRG,NY,AEA,EN,Towers with Display (VFR),0,13,62,0,75,0,3,164,0,167,0,16,226,0,242,219,0,219,461
09/16/2000,FRG,NY,AEA,EN,Towers with Display (VFR),0,6,45,0,51,0,0,349,1,350,0,6,394,1,401,404,0,404,805
09/17/2000,FRG,NY,AEA,EN,Towers with Display (VFR),0,12,55,0,67,0,7,403,0,410,0,19,458,0,477,214,0,214,691
09/18/2000,FRG,NY,AEA,EN,Towers with Display (VFR),0,9,46,0,55,0,4,332,2,338,0,13,378,2,393,360,0,360,753
09/19/2000,FRG,NY,AEA,EN,Towers with Display (VFR),0,13,62,0,75,0,3,109,0,112,0,16,171,0,187,198,0,198,385
09/20/2000,FRG,NY,AEA,EN,Towers with Display (VFR),0,11,52,0,63,0,5,346,0,351,0,16,398,0,414,392,0,392,806
09/21/2000,FRG,NY,AEA,EN,Towers with Display (VFR),0,12,59,0,71,0,6,231,1,238,0,18,290,1,309,226,0,226,535
09/22/2000,FRG,NY,AEA,EN,Towers with Display (VFR),0,12,59,0,71,0,10,536,0,546,0,22,595,0,617,304,0,304,921
09/23/2000,FRG,NY,AEA,EN,Towers with Display (VFR),0,14,66,0,80,0,6,183,0,189,0,20,249,0,269,357,0,357,626
09/24/2000,FRG,NY,AEA,EN,Towers with Display (VFR),0,19,90,0,109,0,5,58,3,66,0,24,148,3,175,96,0,96,271
09/25/2000,FRG,NY,AEA,EN,Towers with Display (VFR),0,10,48,0,58,0,6,211,0,217,0,16,259,0,275,317,0,317,592
09/26/2000,FRG,NY,AEA,EN,Towers with Display (VFR),0,9,47,0,56,0,0,39,0,39,0,9,86,0,95,0,0,0,95
09/27/2000,FRG,NY,AEA,EN,Towers with Display (VFR),0,11,52,0,63,0,6,436,0,442,0,17,488,0,505,514,0,514,1019
09/28/2000,FRG,NY,AEA,EN,Towers with Display (VFR),0,8,58,0,66,0,0,326,1,327,0,8,384,1,393,351,0,351,744
09/29/2000,FRG,NY,AEA,EN,Towers with Display (VFR),0,4,64,0,68,0,0,418,0,418,0,4,482,0,486,359,0,359,845
09/30/2000,FRG,NY,AEA,EN,Towers with Display (VFR),0,6,32,0,38,0,0,421,1,422,0,6,453,1,460,445,0,445,905
10/01/2000,FRG,NY,AEA,EN,Towers with Display (VFR),0,5,33,0,38,0,0,328,0,328,0,5,361,0,366,407,0,407,773
10/02/2000,FRG,NY,AEA,EN,Towers with Display (VFR),0,13,51,0,64,0,0,190,0,190,0,13,241,0,254,323,0,323,577
10/03/2000,FRG,NY,AEA,EN,Towers with Display (VFR),0,6,37,0,43,0,0,234,0,234,0,6,271,0,277,382,0,382,659
10/04/2000,FRG,NY,AEA,EN,Towers with Display (VFR),0,15,54,0,69,0,4,280,0,284,0,19,334,0,353,380,0,380,733
10/05/2000,FRG,NY,AEA,EN,Towers with Display (VFR),0,15,55,1,71,0,2,179,1,182,0,17,234,2,253,174,0,174,427
10/06/2000,FRG,NY,AEA,EN,Towers with Display (VFR),0,20,94,0,114,0,0,63,0,63,0,20,157,0,177,83,0,83,260
10/07/2000,FRG,NY,AEA,EN,Towers with Display (VFR),0,13,49,0,62,0,8,442,0,450,0,21,491,0,512,429,0,429,941
10/08/2000,FRG,NY,AEA,EN,Towers with Display (VFR),0,8,30,0,38,0,1,291,0,292,0,9,321,0,330,370,0,370,700
10/09/2000,FRG,NY,AEA,EN,Towers with Display (VFR),0,8,32,0,40,0,14,264,0,278,0,22,296,0,318,348,0,348,666
10/10/2000,FRG,NY,AEA,EN,Towers with Display (VFR),0,14,54,0,68,0,6,279,0,285,0,20,333,0,353,381,0,381,734
10/11/2000,FRG,NY,AEA,EN,Towers with Display (VFR),0,12,46,0,58,0,10,263,0,273,0,22,309,0,331,378,0,378,709
10/12/2000,FRG,NY,AEA,EN,Towers with Display (VFR),0,7,51,0,58,0,0,433,0,433,0,7,484,0,491,346,0,346,837
10/13/2000,FRG,NY,AEA,EN,Towers with Display (VFR),0,15,55,1,71,0,16,519,1,536,0,31,574,2,607,513,0,513,1120
10/14/2000,FRG,NY,AEA,EN,Towers with Display (VFR),0,8,30,0,38,0,7,484,0,491,0,15,514,0,529,326,0,326,855
10/15/2000,FRG,NY,AEA,EN,Towers with Display (VFR),0,12,44,1,57,0,12,416,0,428,0,24,460,1,485,442,0,442,927
10/16/2000,FRG,NY,AEA,EN,Towers with Display (VFR),0,6,64,0,70,0,0,68,0,68,0,6,132,0,138,32,0,32,170
10/17/2000,FRG,NY,AEA,EN,Towers with Display (VFR),0,10,63,0,73,0,0,97,0,97,0,10,160,0,170,193,0,193,363
10/18/2000,FRG,NY,AEA,EN,Towers with Display (VFR),0,14,54,0,68,0,5,7,0,12,0,19,61,0,80,5,0,5,85
10/19/2000,FRG,NY,AEA,EN,Towers with Display (VFR),0,16,60,0,76,0,0,353,0,353,0,16,413,0,429,316,0,316,745
10/20/2000,FRG,NY,AEA,EN,Towers with Display (VFR),0,15,57,0,72,0,13,422,1,436,0,28,479,1,508,397,0,397,905
10/21/2000,FRG,NY,AEA,EN,Towers with Display (VFR),0,11,42,0,53,0,15,452,1,468,0,26,494,1,521,237,0,237,758
10/22/2000,FRG,NY,AEA,EN,Towers with Display (VFR),0,14,53,0,67,0,15,467,2,484,0,29,520,2,551,367,0,367,918
10/23/2000,FRG,NY,AEA,EN,Towers with Display (VFR),0,9,37,0,46,0,4,297,1,302,0,13,334,1,348,405,0,405,753
10/24/2000,FRG,NY,AEA,EN,Towers with Display (VFR),0,7,41,0,48,0,0,415,4,419,0,7,456,4,467,372,0,372,839
10/25/2000,FRG,NY,AEA,EN,Towers with Display (VFR),0,15,58,0,73,0,2,318,0,320,0,17,376,0,393,536,0,536,929
10/26/2000,FRG,NY,AEA,EN,Towers with Display (VFR),0,9,59,0,68,0,0,191,0,191,0,9,250,0,259,220,0,220,479
10/27/2000,FRG,NY,AEA,EN,Towers with Display (VFR),0,15,76,0,91,0,0,103,0,103,0,15,179,0,194,313,0,313,507
10/28/2000,FRG,NY,AEA,EN,Towers with Display (VFR),0,8,31,0,39,0,11,81,0,92,0,19,112,0,131,89,0,89,220
10/29/2000,FRG,NY,AEA,EN,Towers with Display (VFR),0,13,50,0,63,0,3,124,0,127,0,16,174,0,190,127,0,127,317
10/30/2000,FRG,NY,AEA,EN,Towers with Display (VFR),0,12,44,0,56,0,15,182,0,197,0,27,226,0,253,246,0,246,499
10/31/2000,FRG,NY,AEA,EN,Towers with Display (VFR),0,9,37,0,46,0,12,169,0,181,0,21,206,0,227,269,0,269,496
11/01/2000,FRG,NY,AEA,EN,Towers with Display (VFR),0,6,47,0,53,0,0,250,2,252,0,6,297,2,305,308,0,308,613
11/02/2000,FRG,NY,AEA,EN,Towers with Display (VFR),0,2,33,0,35,0,0,258,0,258,0,2,291,0,293,301,0,301,594
11/03/2000,FRG,NY,AEA,EN,Towers with Display (VFR),0,7,59,1,67,0,0,474,7,481,0,7,533,8,548,300,0,300,848
11/04/2000,FRG,NY,AEA,EN,Towers with Display (VFR),0,6,30,1,37,2,6,488,5,501,2,12,518,6,538,306,0,306,844
11/05/2000,FRG,NY,AEA,EN,Towers with Display (VFR),0,14,62,2,78,0,8,240,0,248,0,22,302,2,326,216,0,216,542
11/06/2000,FRG,NY,AEA,EN,Towers with Display (VFR),0,5,28,0,33,0,17,211,0,228,0,22,239,0,261,398,0,398,659
11/07/2000,FRG,NY,AEA,EN,Towers with Display (VFR),0,7,34,1,42,0,0,388,0,388,0,7,422,1,430,363,0,363,793
11/08/2000,FRG,NY,AEA,EN,Towers with Display (VFR),0,10,49,0,59,0,0,365,0,365,0,10,414,0,424,412,0,412,836
11/09/2000,FRG,NY,AEA,EN,Towers with Display (VFR),0,2,86,1,89,0,0,188,0,188,0,2,274,1,277,361,0,361,638
11/10/2000,FRG,NY,AEA,EN,Towers with Display (VFR),0,12,59,2,73,0,0,59,1,60,0,12,118,3,133,175,0,175,308
11/11/2000,FRG,NY,AEA,EN,Towers with Display (VFR),0,4,46,0,50,0,0,24,0,24,0,4,70,0,74,141,0,141,215
11/12/2000,FRG,NY,AEA,EN,Towers with Display (VFR),0,15,63,0,78,0,10,476,0,486,0,25,539,0,564,468,0,468,1032
11/13/2000,FRG,NY,AEA,EN,Towers with Display (VFR),0,12,61,1,74,0,0,181,0,181,0,12,242,1,255,501,0,501,756
11/14/2000,FRG,NY,AEA,EN,Towers with Display (VFR),0,7,45,0,52,0,0,26,0,26,0,7,71,0,78,69,0,69,147
11/15/2000,FRG,NY,AEA,EN,Towers with Display (VFR),0,10,40,1,51,0,7,270,1,278,0,17,310,2,329,412,0,412,741
11/16/2000,FRG,NY,AEA,EN,Towers with Display (VFR),0,12,47,0,59,0,8,362,0,370,0,20,409,0,429,363,0,363,792
11/17/2000,FRG,NY,AEA,EN,Towers with Display (VFR),0,11,42,0,53,0,19,229,0,248,0,30,271,0,301,230,0,230,531
11/18/2000,FRG,NY,AEA,EN,Towers with Display (VFR),0,8,32,0,40,0,8,393,0,401,0,16,425,0,441,435,0,435,876
11/19/2000,FRG,NY,AEA,EN,Towers with Display (VFR),0,9,38,0,47,0,16,420,0,436,0,25,458,0,483,409,0,409,892
11/20/2000,FRG,NY,AEA,EN,Towers with Display (VFR),0,8,31,0,39,0,3,237,0,240,0,11,268,0,279,408,0,408,687
11/21/2000,FRG,NY,AEA,EN,Towers with Display (VFR),0,9,38,1,48,0,6,247,0,253,0,15,285,1,301,334,0,334,635
11/22/2000,FRG,NY,AEA,EN,Towers with Display (VFR),0,13,73,0,86,0,0,186,0,186,0,13,259,0,272,114,0,114,386
11/23/2000,FRG,NY,AEA,EN,Towers with Display (VFR),0,3,16,0,19,1,1,116,0,118,1,4,132,0,137,134,0,134,271
11/24/2000,FRG,NY,AEA,EN,Towers with Display (VFR),0,9,38,0,47,0,4,371,0,375,0,13,409,0,422,458,0,458,880
11/25/2000,FRG,NY,AEA,EN,Towers with Display (VFR),0,10,40,0,50,0,9,386,0,395,0,19,426,0,445,250,0,250,695
11/26/2000,FRG,NY,AEA,EN,Towers with Display (VFR),0,5,39,0,44,0,0,5,0,5,0,5,44,0,49,0,0,0,49
11/27/2000,FRG,NY,AEA,EN,Towers with Display (VFR),0,19,80,1,100,0,7,142,0,149,0,26,222,1,249,220,0,220,469
11/28/2000,FRG,NY,AEA,EN,Towers with Display (VFR),0,8,45,0,53,0,0,286,0,286,0,8,331,0,339,381,0,381,720
11/29/2000,FRG,NY,AEA,EN,Towers with Display (VFR),0,8,44,0,52,0,0,265,1,266,0,8,309,1,318,354,0,354,672
11/30/2000,FRG,NY,AEA,EN,Towers with Display (VFR),0,13,52,0,65,0,7,69,0,76,0,20,121,0,141,98,0,98,239
12/01/2000,FRG,NY,AEA,EN,Towers with Display (VFR),0,14,54,0,68,0,3,326,0,329,0,17,380,0,397,377,0,377,774
12/02/2000,FRG,NY,AEA,EN,Towers with Display (VFR),0,5,24,0,29,0,5,335,0,340,0,10,359,0,369,332,0,332,701
12/03/2000,FRG,NY,AEA,EN,Towers with Display (VFR),0,11,42,1,54,0,2,293,1,296,0,13,335,2,350,363,0,363,713
12/04/2000,FRG,NY,AEA,EN,Towers with Display (VFR),0,8,28,0,36,0,10,252,0,262,0,18,280,0,298,407,0,407,705
12/05/2000,FRG,NY,AEA,EN,Towers with Display (VFR),0,2,34,0,36,0,0,306,0,306,0,2,340,0,342,285,0,285,627
12/06/2000,FRG,NY,AEA,EN,Towers with Display (VFR),0,9,41,1,51,0,0,270,1,271,0,9,311,2,322,400,0,400,722
12/07/2000,FRG,NY,AEA,EN,Towers with Display (VFR),0,6,43,0,49,0,0,237,0,237,0,6,280,0,286,242,0,242,528
12/08/2000,FRG,NY,AEA,EN,Towers with Display (VFR),0,18,62,1,81,0,1,35,1,37,0,19,97,2,118,82,0,82,200
12/09/2000,FRG,NY,AEA,EN,Towers with Display (VFR),0,11,40,0,51,0,5,353,0,358,0,16,393,0,409,308,0,308,717
12/10/2000,FRG,NY,AEA,EN,Towers with Display (VFR),0,12,41,1,54,0,1,294,1,296,0,13,335,2,350,363,0,363,713
12/11/2000,FRG,NY,AEA,EN,Towers with Display (VFR),0,13,45,0,58,0,2,23,0,25,0,15,68,0,83,81,0,81,164
12/12/2000,FRG,NY,AEA,EN,Towers with Display (VFR),0,8,29,0,37,0,0,33,0,33,0,8,62,0,70,13,0,13,83
12/13/2000,FRG,NY,AEA,EN,Towers with Display (VFR),0,14,49,1,64,0,0,283,1,284,0,14,332,2,348,346,0,346,694
12/14/2000,FRG,NY,AEA,EN,Towers with Display (VFR),0,9,31,0,40,0,13,97,0,110,0,22,128,0,150,161,0,161,311
12/15/2000,FRG,NY,AEA,EN,Towers with Display (VFR),0,12,43,0,55,1,0,386,0,387,1,12,429,0,442,245,0,245,687
12/16/2000,FRG,NY,AEA,EN,Towers with Display (VFR),0,3,29,0,32,0,0,25,0,25,0,3,54,0,57,149,0,149,206
12/17/2000,FRG,NY,AEA,EN,Towers with Display (VFR),0,2,14,0,16,0,0,3,0,3,0,2,17,0,19,1,0,1,20
12/18/2000,FRG,NY,AEA,EN,Towers with Display (VFR),0,4,27,0,31,0,0,144,0,144,0,4,171,0,175,88,0,88,263
12/19/2000,FRG,NY,AEA,EN,Towers with Display (VFR),0,4,34,0,38,1,0,290,0,291,1,4,324,0,329,330,0,330,659
12/20/2000,FRG,NY,AEA,EN,Towers with Display (VFR),0,12,44,0,56,0,4,106,0,110,0,16,150,0,166,123,0,123,289
12/21/2000,FRG,NY,AEA,EN,Towers with Display (VFR),0,12,42,0,54,0,3,374,0,377,0,15,416,0,431,358,0,358,789
12/22/2000,FRG,NY,AEA,EN,Towers with Display (VFR),0,15,53,0,68,1,2,1,2,6,1,17,54,2,74,13,0,13,87
12/23/2000,FRG,NY,AEA,EN,Towers with Display (VFR),0,8,34,0,42,0,0,234,0,234,0,8,268,0,276,178,0,178,454
12/24/2000,FRG,NY,AEA,EN,Towers with Display (VFR),0,1,13,0,14,0,0,148,0,148,0,1,161,0,162,229,0,229,391
12/25/2000,FRG,NY,AEA,EN,Towers with Display (VFR),0,4,14,0,18,0,4,14,0,18,0,8,28,0,36,0,0,0,36
12/26/2000,FRG,NY,AEA,EN,Towers with Display (VFR),0,8,39,0,47,0,0,141,0,141,0,8,180,0,188,71,0,71,259
12/27/2000,FRG,NY,AEA,EN,Towers with Display (VFR),0,10,35,0,45,0,4,230,0,234,0,14,265,0,279,189,0,189,468
12/28/2000,FRG,NY,AEA,EN,Towers with Display (VFR),0,7,26,0,33,0,6,136,0,142,0,13,162,0,175,95,0,95,270
12/29/2000,FRG,NY,AEA,EN,Towers with Display (VFR),0,6,24,0,30,0,11,221,0,232,0,17,245,0,262,266,0,266,528
12/30/2000,FRG,NY,AEA,EN,Towers with Display (VFR),0,0,2,0,2,0,1,0,0,1,0,1,2,0,3,0,0,0,3
12/31/2000,FRG,NY,AEA,EN,Towers with Display (VFR),0,1,5,0,6,0,3,1,0,4,0,4,6,0,10,1,0,1,11
01/01/2001,FRG,NY,AEA,EN,Towers with Display (VFR),0,15,59,0,74,0,1,88,0,89,0,16,147,0,163,14,0,14,177
01/02/2001,FRG,NY,AEA,EN,Towers with Display (VFR),0,11,44,0,55,0,1,195,0,196,0,12,239,0,251,54,0,54,305
01/03/2001,FRG,NY,AEA,EN,Towers with Display (VFR),0,12,44,0,56,0,0,273,0,273,0,12,317,0,329,201,0,201,530
01/04/2001,FRG,NY,AEA,EN,Towers with Display (VFR),0,9,36,0,45,0,0,234,0,234,0,9,270,0,279,348,0,348,627
01/05/2001,FRG,NY,AEA,EN,Towers with Display (VFR),0,11,38,0,49,0,8,71,1,80,0,19,109,1,129,217,0,217,346
01/06/2001,FRG,NY,AEA,EN,Towers with Display (VFR),0,7,26,0,33,0,8,236,0,244,0,15,262,0,277,296,0,296,573
01/07/2001,FRG,NY,AEA,EN,Towers with Display (VFR),0,10,35,0,45,0,14,332,1,347,0,24,367,1,392,321,0,321,713
01/08/2001,FRG,NY,AEA,EN,Towers with Display (VFR),0,9,31,0,40,0,1,66,0,67,0,10,97,0,107,167,0,167,274
01/09/2001,FRG,NY,AEA,EN,Towers with Display (VFR),0,5,26,0,31,0,0,84,0,84,0,5,110,0,115,116,0,116,231
01/10/2001,FRG,NY,AEA,EN,Towers with Display (VFR),0,8,33,0,41,0,10,213,0,223,0,18,246,0,264,205,0,205,469
01/11/2001,FRG,NY,AEA,EN,Towers with Display (VFR),0,9,37,1,47,0,10,275,0,285,0,19,312,1,332,267,0,267,599
01/12/2001,FRG,NY,AEA,EN,Towers with Display (VFR),0,10,39,0,49,0,11,325,0,336,0,21,364,0,385,312,0,312,697
01/13/2001,FRG,NY,AEA,EN,Towers with Display (VFR),0,6,28,0,34,0,0,343,0,343,0,6,371,0,377,231,0,231,608
01/14/2001,FRG,NY,AEA,EN,Towers with Display (VFR),0,5,31,1,37,0,0,240,0,240,0,5,271,1,277,264,0,264,541
01/15/2001,FRG,NY,AEA,EN,Towers with Display (VFR),0,10,41,0,51,0,7,2,0,9,0,17,43,0,60,5,0,5,65
01/16/2001,FRG,NY,AEA,EN,Towers with Display (VFR),0,6,38,0,44,0,0,181,0,181,0,6,219,0,225,217,0,217,442
01/17/2001,FRG,NY,AEA,EN,Towers with Display (VFR),0,12,46,0,58,0,0,203,0,203,0,12,249,0,261,415,0,415,676
01/18/2001,FRG,NY,AEA,EN,Towers with Display (VFR),0,6,50,0,56,0,0,126,0,126,0,6,176,0,182,151,0,151,333
01/19/2001,FRG,NY,AEA,EN,Towers with Display (VFR),0,5,22,0,27,0,0,0,0,0,0,5,22,0,27,6,0,6,33
01/20/2001,FRG,NY,AEA,EN,Towers with Display (VFR),0,1,10,0,11,0,0,1,0,1,0,1,11,0,12,0,0,0,12
01/21/2001,FRG,NY,AEA,EN,Towers with Display (VFR),0,6,23,0,29,0,1,33,1,35,0,7,56,1,64,25,0,25,89
01/22/2001,FRG,NY,AEA,EN,Towers with Display (VFR),0,9,35,0,44,0,4,139,0,143,0,13,174,0,187,215,0,215,402
01/23/2001,FRG,NY,AEA,EN,Towers with Display (VFR),0,3,45,0,48,0,0,251,0,251,0,3,296,0,299,370,0,370,669
01/24/2001,FRG,NY,AEA,EN,Towers with Display (VFR),0,17,68,0,85,0,16,245,0,261,0,33,313,0,346,473,0,473,819
01/25/2001,FRG,NY,AEA,EN,Towers with Display (VFR),0,9,36,0,45,0,4,90,0,94,0,13,126,0,139,162,0,162,301
01/26/2001,FRG,NY,AEA,EN,Towers with Display (VFR),0,9,35,0,44,0,8,388,1,397,0,17,423,1,441,363,0,363,804
01/27/2001,FRG,NY,AEA,EN,Towers with Display (VFR),0,4,40,0,44,0,0,64,0,64,0,4,104,0,108,117,0,117,225
01/28/2001,FRG,NY,AEA,EN,Towers with Display (VFR),0,8,31,0,39,2,1,372,0,375,2,9,403,0,414,222,0,222,636
01/29/2001,FRG,NY,AEA,EN,Towers with Display (VFR),0,5,35,0,40,0,0,288,2,290,0,5,323,2,330,351,0,351,681
01/30/2001,FRG,NY,AEA,EN,Towers with Display (VFR),0,3,14,0,17,0,1,20,0,21,0,4,34,0,38,50,0,50,88
01/31/2001,FRG,NY,AEA,EN,Towers with Display (VFR),0,13,51,0,64,0,1,120,4,125,0,14,171,4,189,144,0,144,333
02/01/2001,FRG,NY,AEA,EN,Towers with Display (VFR),0,9,38,0,47,0,4,256,0,260,0,13,294,0,307,229,0,229,536
02/02/2001,FRG,NY,AEA,EN,Towers with Display (VFR),0,10,37,0,47,0,5,147,0,152,0,15,184,0,199,278,0,278,477
02/03/2001,FRG,NY,AEA,EN,Towers with Display (VFR),0,6,23,0,29,0,0,274,0,274,0,6,297,0,303,290,0,290,593
02/04/2001,FRG,NY,AEA,EN,Towers with Display (VFR),0,9,35,1,45,0,4,305,1,310,0,13,340,2,355,258,0,258,613
02/05/2001,FRG,NY,AEA,EN,Towers with Display (VFR),0,4,18,0,22,0,6,0,0,6,0,10,18,0,28,8,0,8,36
02/06/2001,FRG,NY,AEA,EN,Towers with Display (VFR),0,8,29,0,37,2,9,167,0,178,2,17,196,0,215,176,0,176,391
02/07/2001,FRG,NY,AEA,EN,Towers with Display (VFR),0,12,46,0,58,0,5,335,0,340,0,17,381,0,398,309,0,309,707
02/08/2001,FRG,NY,AEA,EN,Towers with Display (VFR),0,14,54,1,69,0,4,285,1,290,0,18,339,2,359,315,0,315,674
02/09/2001,FRG,NY,AEA,EN,Towers with Display (VFR),0,13,69,1,83,0,0,119,1,120,0,13,188,2,203,255,0,255,458
02/10/2001,FRG,NY,AEA,EN,Towers with Display (VFR),0,2,9,0,11,0,2,45,0,47,0,4,54,0,58,19,0,19,77
02/11/2001,FRG,NY,AEA,EN,Towers with Display (VFR),0,1,20,0,21,0,0,215,0,215,0,1,235,0,236,218,0,218,454
02/12/2001,FRG,NY,AEA,EN,Towers with Display (VFR),0,6,21,0,27,0,0,257,0,257,0,6,278,0,284,342,0,342,626
02/13/2001,FRG,NY,AEA,EN,Towers with Display (VFR),0,6,33,0,39,1,0,297,0,298,1,6,330,0,337,306,0,306,643
02/14/2001,FRG,NY,AEA,EN,Towers with Display (VFR),0,15,58,1,74,0,0,84,3,87,0,15,142,4,161,314,0,314,475
02/15/2001,FRG,NY,AEA,EN,Towers with Display (VFR),0,8,68,0,76,0,0,261,0,261,0,8,329,0,337,299,0,299,636
02/16/2001,FRG,NY,AEA,EN,Towers with Display (VFR),0,22,91,2,115,0,0,85,0,85,0,22,176,2,200,234,0,234,434
02/17/2001,FRG,NY,AEA,EN,Towers with Display (VFR),0,10,41,0,51,0,14,79,0,93,0,24,120,0,144,40,0,40,184
02/18/2001,FRG,NY,AEA,EN,Towers with Display (VFR),0,7,29,0,36,0,3,340,0,343,0,10,369,0,379,282,0,282,661
02/19/2001,FRG,NY,AEA,EN,Towers with Display (VFR),0,10,37,0,47,0,2,281,0,283,0,12,318,0,330,257,0,257,587
02/20/2001,FRG,NY,AEA,EN,Towers with Display (VFR),0,7,28,0,35,0,6,209,2,217,0,13,237,2,252,319,0,319,571
02/21/2001,FRG,NY,AEA,EN,Towers with Display (VFR),0,7,29,0,36,0,8,119,0,127,0,15,148,0,163,84,0,84,247
02/22/2001,FRG,NY,AEA,EN,Towers with Display (VFR),0,5,26,0,31,0,0,155,0,155,0,5,181,0,186,287,0,287,473
02/23/2001,FRG,NY,AEA,EN,Towers with Display (VFR),0,15,56,0,71,0,2,194,1,197,0,17,250,1,268,249,0,249,517
02/24/2001,FRG,NY,AEA,EN,Towers with Display (VFR),0,15,56,0,71,0,5,427,4,436,0,20,483,4,507,323,0,323,830
02/25/2001,FRG,NY,AEA,EN,Towers with Display (VFR),0,11,34,0,45,0,7,0,1,8,0,18,34,1,53,10,0,10,63
02/26/2001,FRG,NY,AEA,EN,Towers with Display (VFR),0,11,44,0,55,0,11,117,0,128,0,22,161,0,183,182,0,182,365
02/27/2001,FRG,NY,AEA,EN,Towers with Display (VFR),0,7,36,0,43,0,0,326,0,326,0,7,362,0,369,430,0,430,799
02/28/2001,FRG,NY,AEA,EN,Towers with Display (VFR),0,10,41,0,51,0,5,204,0,209,0,15,245,0,260,390,0,390,650
03/01/2001,FRG,NY,AEA,EN,Towers with Display (VFR),0,10,46,0,56,0,11,223,4,238,0,21,269,4,294,325,0,325,619
03/02/2001,FRG,NY,AEA,EN,Towers with Display (VFR),0,14,66,0,80,0,0,19,0,19,0,14,85,0,99,27,0,27,126
03/03/2001,FRG,NY,AEA,EN,Towers with Display (VFR),0,13,55,0,68,0,7,261,0,268,0,20,316,0,336,405,0,405,741
03/04/2001,FRG,NY,AEA,EN,Towers with Display (VFR),0,10,39,0,49,0,1,50,0,51,0,11,89,0,100,152,0,152,252
03/05/2001,FRG,NY,AEA,EN,Towers with Display (VFR),0,0,0,0,0,0,0,0,0,0,0,0,0,0,0,0,0,0,0
03/06/2001,FRG,NY,AEA,EN,Towers with Display (VFR),0,0,5,0,5,0,0,2,0,2,0,0,7,0,7,0,0,0,7
03/07/2001,FRG,NY,AEA,EN,Towers with Display (VFR),0,7,39,1,47,0,0,144,1,145,0,7,183,2,192,462,0,462,654
03/08/2001,FRG,NY,AEA,EN,Towers with Display (VFR),0,13,55,0,68,0,9,264,0,273,0,22,319,0,341,356,0,356,697
03/09/2001,FRG,NY,AEA,EN,Towers with Display (VFR),0,10,48,0,58,0,0,17,0,17,0,10,65,0,75,35,0,35,110
03/10/2001,FRG,NY,AEA,EN,Towers with Display (VFR),0,7,29,0,36,1,3,241,0,245,1,10,270,0,281,243,0,243,524
03/11/2001,FRG,NY,AEA,EN,Towers with Display (VFR),0,7,31,0,38,0,14,411,0,425,0,21,442,0,463,199,0,199,662
03/12/2001,FRG,NY,AEA,EN,Towers with Display (VFR),0,5,24,0,29,0,2,393,0,395,0,7,417,0,424,338,0,338,762
03/13/2001,FRG,NY,AEA,EN,Towers with Display (VFR),0,3,28,0,31,0,0,7,0,7,0,3,35,0,38,2,0,2,40
03/14/2001,FRG,NY,AEA,EN,Towers with Display (VFR),0,7,36,0,43,0,0,137,0,137,0,7,173,0,180,181,0,181,361
03/15/2001,FRG,NY,AEA,EN,Towers with Display (VFR),0,11,52,0,63,0,0,364,0,364,0,11,416,0,427,347,0,347,774
03/16/2001,FRG,NY,AEA,EN,Towers with Display (VFR),0,13,57,0,70,0,8,276,1,285,0,21,333,1,355,294,0,294,649
03/17/2001,FRG,NY,AEA,EN,Towers with Display (VFR),0,10,47,0,57,0,13,107,0,120,0,23,154,0,177,333,0,333,510
03/18/2001,FRG,NY,AEA,EN,Towers with Display (VFR),0,9,40,0,49,0,7,232,1,240,0,16,272,1,289,245,0,245,534
03/19/2001,FRG,NY,AEA,EN,Towers with Display (VFR),0,6,27,0,33,0,2,241,0,243,0,8,268,0,276,313,0,313,589
03/20/2001,FRG,NY,AEA,EN,Towers with Display (VFR),0,8,35,0,43,0,5,450,0,455,0,13,485,0,498,361,0,361,859
03/21/2001,FRG,NY,AEA,EN,Towers with Display (VFR),0,12,53,0,65,0,0,34,0,34,0,12,87,0,99,48,0,48,147
03/22/2001,FRG,NY,AEA,EN,Towers with Display (VFR),0,9,42,0,51,0,6,7,4,17,0,15,49,4,68,5,0,5,73
03/23/2001,FRG,NY,AEA,EN,Towers with Display (VFR),0,8,34,0,42,0,1,107,2,110,0,9,141,2,152,48,0,48,200
03/24/2001,FRG,NY,AEA,EN,Towers with Display (VFR),0,7,30,0,37,0,0,173,0,173,0,7,203,0,210,144,0,144,354
03/25/2001,FRG,NY,AEA,EN,Towers with Display (VFR),0,12,53,0,65,0,4,372,0,376,0,16,425,0,441,258,0,258,699
03/26/2001,FRG,NY,AEA,EN,Towers with Display (VFR),0,9,39,0,48,0,1,24,0,25,0,10,63,0,73,43,0,43,116
03/27/2001,FRG,NY,AEA,EN,Towers with Display (VFR),0,5,36,0,41,0,0,280,0,280,0,5,316,0,321,387,0,387,708
03/28/2001,FRG,NY,AEA,EN,Towers with Display (VFR),0,7,32,0,39,0,4,370,0,374,0,11,402,0,413,640,0,640,1053
03/29/2001,FRG,NY,AEA,EN,Towers with Display (VFR),0,11,59,0,70,0,0,124,0,124,0,11,183,0,194,543,0,543,737
03/30/2001,FRG,NY,AEA,EN,Towers with Display (VFR),0,12,52,0,64,1,2,0,0,3,1,14,52,0,67,8,0,8,75
03/31/2001,FRG,NY,AEA,EN,Towers with Display (VFR),0,7,34,0,41,0,2,224,0,226,0,9,258,0,267,463,0,463,730
04/01/2001,FRG,NY,AEA,EN,Towers with Display (VFR),0,15,70,0,85,0,0,17,0,17,0,15,87,0,102,49,0,49,151
04/02/2001,FRG,NY,AEA,EN,Towers with Display (VFR),0,11,37,0,48,0,0,132,0,132,0,11,169,0,180,419,0,419,599
04/03/2001,FRG,NY,AEA,EN,Towers with Display (VFR),0,11,37,0,48,0,1,320,0,321,0,12,357,0,369,366,0,366,735
04/04/2001,FRG,NY,AEA,EN,Towers with Display (VFR),0,21,50,0,71,0,1,390,0,391,0,22,440,0,462,385,0,385,847
04/05/2001,FRG,NY,AEA,EN,Towers with Display (VFR),0,14,39,0,53,0,11,417,0,428,0,25,456,0,481,373,0,373,854
04/06/2001,FRG,NY,AEA,EN,Towers with Display (VFR),0,15,73,0,88,0,4,58,0,62,0,19,131,0,150,223,0,223,373
04/07/2001,FRG,NY,AEA,EN,Towers with Display (VFR),0,7,62,0,69,0,0,89,0,89,0,7,151,0,158,505,0,505,663
04/08/2001,FRG,NY,AEA,EN,Towers with Display (VFR),0,12,58,2,72,0,0,0,0,0,0,12,58,2,72,0,0,0,72
04/09/2001,FRG,NY,AEA,EN,Towers with Display (VFR),0,8,60,0,68,0,1,119,0,120,0,9,179,0,188,198,0,198,386
04/10/2001,FRG,NY,AEA,EN,Towers with Display (VFR),0,9,53,0,62,0,1,205,0,206,0,10,258,0,268,364,0,364,632
04/11/2001,FRG,NY,AEA,EN,Towers with Display (VFR),0,8,52,2,62,0,1,134,0,135,0,9,186,2,197,426,0,426,623
04/12/2001,FRG,NY,AEA,EN,Towers with Display (VFR),0,11,45,0,56,0,0,12,0,12,0,11,57,0,68,18,0,18,86
04/13/2001,FRG,NY,AEA,EN,Towers with Display (VFR),0,21,44,0,65,0,6,228,0,234,0,27,272,0,299,289,0,289,588
04/14/2001,FRG,NY,AEA,EN,Towers with Display (VFR),0,10,48,0,58,0,0,503,0,503,0,10,551,0,561,229,0,229,790
04/15/2001,FRG,NY,AEA,EN,Towers with Display (VFR),0,16,43,3,62,0,0,228,0,228,0,16,271,3,290,258,0,258,548
04/16/2001,FRG,NY,AEA,EN,Towers with Display (VFR),0,14,59,0,73,0,10,196,0,206,0,24,255,0,279,244,0,244,523
04/17/2001,FRG,NY,AEA,EN,Towers with Display (VFR),0,11,49,0,60,0,17,170,0,187,0,28,219,0,247,359,0,359,606
04/18/2001,FRG,NY,AEA,EN,Towers with Display (VFR),0,13,35,0,48,0,0,179,0,179,0,13,214,0,227,157,0,157,384
04/19/2001,FRG,NY,AEA,EN,Towers with Display (VFR),0,8,35,0,43,0,18,443,0,461,0,26,478,0,504,420,0,420,924
04/20/2001,FRG,NY,AEA,EN,Towers with Display (VFR),0,14,58,0,72,0,7,380,1,388,0,21,438,1,460,397,0,397,857
04/21/2001,FRG,NY,AEA,EN,Towers with Display (VFR),0,5,51,3,59,0,2,292,11,305,0,7,343,14,364,400,0,400,764
04/22/2001,FRG,NY,AEA,EN,Towers with Display (VFR),0,10,45,1,56,0,4,384,1,389,0,14,429,2,445,375,0,375,820
04/23/2001,FRG,NY,AEA,EN,Towers with Display (VFR),0,10,39,1,50,0,0,362,0,362,0,10,401,1,412,334,0,334,746
04/24/2001,FRG,NY,AEA,EN,Towers with Display (VFR),0,8,34,0,42,0,1,279,0,280,0,9,313,0,322,338,0,338,660
04/25/2001,FRG,NY,AEA,EN,Towers with Display (VFR),0,8,60,0,68,0,0,311,0,311,0,8,371,0,379,321,0,321,700
04/26/2001,FRG,NY,AEA,EN,Towers with Display (VFR),0,9,47,0,56,0,3,378,0,381,0,12,425,0,437,338,0,338,775
04/27/2001,FRG,NY,AEA,EN,Towers with Display (VFR),0,9,45,0,54,0,1,400,0,401,0,10,445,0,455,365,0,365,820
04/28/2001,FRG,NY,AEA,EN,Towers with Display (VFR),0,7,32,0,39,0,3,348,1,352,0,10,380,1,391,239,0,239,630
04/29/2001,FRG,NY,AEA,EN,Towers with Display (VFR),0,12,54,0,66,0,5,478,0,483,0,17,532,0,549,266,0,266,815
04/30/2001,FRG,NY,AEA,EN,Towers with Display (VFR),0,8,27,0,35,0,3,319,2,324,0,11,346,2,359,295,0,295,654
05/01/2001,FRG,NY,AEA,EN,Towers with Display (VFR),0,8,35,0,43,0,9,362,0,371,0,17,397,0,414,462,0,462,876
05/02/2001,FRG,NY,AEA,EN,Towers with Display (VFR),0,12,47,5,64,0,2,331,1,334,0,14,378,6,398,455,0,455,853
05/03/2001,FRG,NY,AEA,EN,Towers with Display (VFR),0,11,56,4,71,0,6,392,0,398,0,17,448,4,469,501,0,501,970
05/04/2001,FRG,NY,AEA,EN,Towers with Display (VFR),0,13,42,3,58,0,1,307,1,309,0,14,349,4,367,378,0,378,745
05/05/2001,FRG,NY,AEA,EN,Towers with Display (VFR),0,6,57,2,65,0,1,272,0,273,0,7,329,2,338,403,0,403,741
05/06/2001,FRG,NY,AEA,EN,Towers with Display (VFR),0,16,47,4,67,0,0,333,1,334,0,16,380,5,401,291,0,291,692
05/07/2001,FRG,NY,AEA,EN,Towers with Display (VFR),0,18,35,5,58,0,2,321,0,323,0,20,356,5,381,572,0,572,953
05/08/2001,FRG,NY,AEA,EN,Towers with Display (VFR),0,12,51,0,63,0,0,338,0,338,0,12,389,0,401,511,0,511,912
05/09/2001,FRG,NY,AEA,EN,Towers with Display (VFR),0,16,44,0,60,0,1,292,0,293,0,17,336,0,353,432,0,432,785
05/10/2001,FRG,NY,AEA,EN,Towers with Display (VFR),0,6,45,0,51,0,0,381,0,381,0,6,426,0,432,388,0,388,820
05/11/2001,FRG,NY,AEA,EN,Towers with Display (VFR),0,9,63,1,73,0,0,391,4,395,0,9,454,5,468,331,0,331,799
05/12/2001,FRG,NY,AEA,EN,Towers with Display (VFR),0,6,45,0,51,0,3,230,0,233,0,9,275,0,284,382,0,382,666
05/13/2001,FRG,NY,AEA,EN,Towers with Display (VFR),0,8,37,0,45,0,1,236,0,237,0,9,273,0,282,209,0,209,491
05/14/2001,FRG,NY,AEA,EN,Towers with Display (VFR),0,8,33,0,41,0,0,216,0,216,0,8,249,0,257,354,0,354,611
05/15/2001,FRG,NY,AEA,EN,Towers with Display (VFR),0,5,36,0,41,0,1,271,0,272,0,6,307,0,313,350,0,350,663
05/16/2001,FRG,NY,AEA,EN,Towers with Display (VFR),0,10,72,0,82,0,6,258,0,264,0,16,330,0,346,414,0,414,760
05/17/2001,FRG,NY,AEA,EN,Towers with Display (VFR),0,15,69,0,84,0,5,278,0,283,0,20,347,0,367,326,0,326,693
05/18/2001,FRG,NY,AEA,EN,Towers with Display (VFR),0,15,81,0,96,0,0,171,0,171,0,15,252,0,267,431,0,431,698
05/19/2001,FRG,NY,AEA,EN,Towers with Display (VFR),0,10,58,0,68,0,4,332,1,337,0,14,390,1,405,419,0,419,824
05/20/2001,FRG,NY,AEA,EN,Towers with Display (VFR),0,17,71,0,88,0,9,377,0,386,0,26,448,0,474,326,0,326,800
05/21/2001,FRG,NY,AEA,EN,Towers with Display (VFR),0,7,99,0,106,0,0,37,0,37,0,7,136,0,143,100,0,100,243
05/22/2001,FRG,NY,AEA,EN,Towers with Display (VFR),0,4,33,0,37,0,0,0,0,0,0,4,33,0,37,14,0,14,51
05/23/2001,FRG,NY,AEA,EN,Towers with Display (VFR),0,6,40,0,46,0,0,0,0,0,0,6,40,0,46,4,0,4,50
05/24/2001,FRG,NY,AEA,EN,Towers with Display (VFR),0,10,83,0,93,0,0,10,0,10,0,10,93,0,103,75,0,75,178
05/25/2001,FRG,NY,AEA,EN,Towers with Display (VFR),0,23,126,2,151,0,2,6,1,9,0,25,132,3,160,89,0,89,249
05/26/2001,FRG,NY,AEA,EN,Towers with Display (VFR),0,1,46,0,47,0,0,1,0,1,0,1,47,0,48,4,0,4,52
05/27/2001,FRG,NY,AEA,EN,Towers with Display (VFR),0,6,44,0,50,0,0,50,0,50,0,6,94,0,100,97,0,97,197
05/28/2001,FRG,NY,AEA,EN,Towers with Display (VFR),0,11,68,1,80,0,0,123,3,126,0,11,191,4,206,199,0,199,405
05/29/2001,FRG,NY,AEA,EN,Towers with Display (VFR),0,10,50,0,60,0,1,311,0,312,0,11,361,0,372,429,0,429,801
05/30/2001,FRG,NY,AEA,EN,Towers with Display (VFR),0,12,40,0,52,0,10,360,2,372,0,22,400,2,424,357,0,357,781
05/31/2001,FRG,NY,AEA,EN,Towers with Display (VFR),0,10,60,0,70,0,7,412,0,419,0,17,472,0,489,423,0,423,912
06/01/2001,FRG,NY,AEA,EN,Towers with Display (VFR),0,15,72,0,87,0,10,331,0,341,0,25,403,0,428,374,0,374,802
06/02/2001,FRG,NY,AEA,EN,Towers with Display (VFR),0,2,50,0,52,0,1,0,0,1,0,3,50,0,53,29,0,29,82
06/03/2001,FRG,NY,AEA,EN,Towers with Display (VFR),0,10,52,0,62,0,3,140,0,143,0,13,192,0,205,166,0,166,371
06/04/2001,FRG,NY,AEA,EN,Towers with Display (VFR),0,9,59,0,68,0,1,225,0,226,0,10,284,0,294,258,0,258,552
06/05/2001,FRG,NY,AEA,EN,Towers with Display (VFR),0,3,37,0,40,0,1,316,0,317,0,4,353,0,357,477,0,477,834
06/06/2001,FRG,NY,AEA,EN,Towers with Display (VFR),0,12,45,0,57,0,1,406,0,407,0,13,451,0,464,475,0,475,939
06/07/2001,FRG,NY,AEA,EN,Towers with Display (VFR),0,4,53,0,57,0,1,400,0,401,0,5,453,0,458,387,0,387,845
06/08/2001,FRG,NY,AEA,EN,Towers with Display (VFR),0,13,58,0,71,0,5,477,0,482,0,18,535,0,553,460,0,460,1013
06/09/2001,FRG,NY,AEA,EN,Towers with Display (VFR),0,6,60,0,66,0,0,470,1,471,0,6,530,1,537,357,0,357,894
06/10/2001,FRG,NY,AEA,EN,Towers with Display (VFR),0,14,42,0,56,0,13,566,3,582,0,27,608,3,638,296,0,296,934
06/11/2001,FRG,NY,AEA,EN,Towers with Display (VFR),0,5,50,1,56,0,2,135,0,137,0,7,185,1,193,238,0,238,431
06/12/2001,FRG,NY,AEA,EN,Towers with Display (VFR),0,3,47,0,50,0,0,461,0,461,0,3,508,0,511,521,0,521,1032
06/13/2001,FRG,NY,AEA,EN,Towers with Display (VFR),0,11,159,0,170,0,0,0,0,0,0,11,159,0,170,31,0,31,201
06/14/2001,FRG,NY,AEA,EN,Towers with Display (VFR),0,9,80,0,89,0,2,85,0,87,0,11,165,0,176,158,0,158,334
06/15/2001,FRG,NY,AEA,EN,Towers with Display (VFR),0,7,106,3,116,0,0,87,0,87,0,7,193,3,203,292,0,292,495
06/16/2001,FRG,NY,AEA,EN,Towers with Display (VFR),2,13,68,1,84,0,0,8,1,9,2,13,76,2,93,37,0,37,130
06/17/2001,FRG,NY,AEA,EN,Towers with Display (VFR),0,9,42,0,51,0,0,51,2,53,0,9,93,2,104,70,0,70,174
06/18/2001,FRG,NY,AEA,EN,Towers with Display (VFR),0,15,42,0,57,0,1,373,0,374,0,16,415,0,431,270,1,271,702
06/19/2001,FRG,NY,AEA,EN,Towers with Display (VFR),0,15,51,2,68,0,1,495,0,496,0,16,546,2,564,426,0,426,990
06/20/2001,FRG,NY,AEA,EN,Towers with Display (VFR),0,16,45,0,61,0,0,325,0,325,0,16,370,0,386,447,0,447,833
06/21/2001,FRG,NY,AEA,EN,Towers with Display (VFR),0,21,80,0,101,0,0,128,0,128,0,21,208,0,229,427,0,427,656
06/22/2001,FRG,NY,AEA,EN,Towers with Display (VFR),0,15,74,0,89,0,3,156,0,159,0,18,230,0,248,313,0,313,561
06/23/2001,FRG,NY,AEA,EN,Towers with Display (VFR),0,10,39,0,49,0,0,31,0,31,0,10,70,0,80,36,0,36,116
06/24/2001,FRG,NY,AEA,EN,Towers with Display (VFR),0,25,85,0,110,0,0,280,0,280,0,25,365,0,390,381,0,381,771
06/25/2001,FRG,NY,AEA,EN,Towers with Display (VFR),0,19,48,0,67,0,1,443,0,444,0,20,491,0,511,379,0,379,890
06/26/2001,FRG,NY,AEA,EN,Towers with Display (VFR),0,11,63,0,74,0,0,462,0,462,0,11,525,0,536,528,0,528,1064
06/27/2001,FRG,NY,AEA,EN,Towers with Display (VFR),0,19,59,1,79,0,9,445,0,454,0,28,504,1,533,478,0,478,1011
06/28/2001,FRG,NY,AEA,EN,Towers with Display (VFR),0,17,64,0,81,0,3,387,0,390,0,20,451,0,471,456,0,456,927
06/29/2001,FRG,NY,AEA,EN,Towers with Display (VFR),0,10,68,1,79,0,0,470,0,470,0,10,538,1,549,411,0,411,960
06/30/2001,FRG,NY,AEA,EN,Towers with Display (VFR),0,14,129,0,143,0,0,37,0,37,0,14,166,0,180,64,0,64,244
07/01/2001,FRG,NY,AEA,EN,Towers with Display (VFR),0,15,56,1,72,0,8,230,0,238,0,23,286,1,310,190,0,190,500
07/02/2001,FRG,NY,AEA,EN,Towers with Display (VFR),0,8,55,0,63,0,0,397,0,397,0,8,452,0,460,353,0,353,813
07/03/2001,FRG,NY,AEA,EN,Towers with Display (VFR),0,11,41,1,53,0,0,492,0,492,0,11,533,1,545,535,0,535,1080
07/04/2001,FRG,NY,AEA,EN,Towers with Display (VFR),0,13,65,1,79,0,0,87,0,87,0,13,152,1,166,175,0,175,341
07/05/2001,FRG,NY,AEA,EN,Towers with Display (VFR),0,10,59,2,71,0,2,221,0,223,0,12,280,2,294,467,0,467,761
07/06/2001,FRG,NY,AEA,EN,Towers with Display (VFR),0,14,53,1,68,0,3,446,2,451,0,17,499,3,519,453,0,453,972
07/07/2001,FRG,NY,AEA,EN,Towers with Display (VFR),0,8,30,1,39,0,2,531,1,534,0,10,561,2,573,329,0,329,902
07/08/2001,FRG,NY,AEA,EN,Towers with Display (VFR),0,15,100,2,117,0,0,52,0,52,0,15,152,2,169,178,0,178,347
07/09/2001,FRG,NY,AEA,EN,Towers with Display (VFR),0,7,55,2,64,0,1,278,0,279,0,8,333,2,343,567,0,567,910
07/10/2001,FRG,NY,AEA,EN,Towers with Display (VFR),0,7,42,0,49,0,1,302,0,303,0,8,344,0,352,393,0,393,745
07/11/2001,FRG,NY,AEA,EN,Towers with Display (VFR),0,22,32,0,54,0,6,325,0,331,0,28,357,0,385,428,0,428,813
07/12/2001,FRG,NY,AEA,EN,Towers with Display (VFR),0,23,52,0,75,0,0,498,0,498,0,23,550,0,573,442,0,442,1015
07/13/2001,FRG,NY,AEA,EN,Towers with Display (VFR),0,15,63,2,80,0,5,421,0,426,0,20,484,2,506,515,0,515,1021
07/14/2001,FRG,NY,AEA,EN,Towers with Display (VFR),0,12,22,0,34,0,0,478,0,478,0,12,500,0,512,368,0,368,880
07/15/2001,FRG,NY,AEA,EN,Towers with Display (VFR),0,19,37,2,58,0,1,511,0,512,0,20,548,2,570,348,10,358,928
07/16/2001,FRG,NY,AEA,EN,Towers with Display (VFR),0,12,38,1,51,0,5,348,0,353,0,17,386,1,404,480,0,480,884
07/17/2001,FRG,NY,AEA,EN,Towers with Display (VFR),0,6,57,0,63,0,0,168,0,168,0,6,225,0,231,526,0,526,757
07/18/2001,FRG,NY,AEA,EN,Towers with Display (VFR),0,10,51,0,61,0,1,162,0,163,0,11,213,0,224,453,0,453,677
07/19/2001,FRG,NY,AEA,EN,Towers with Display (VFR),0,11,65,2,78,0,6,302,2,310,0,17,367,4,388,564,0,564,952
07/20/2001,FRG,NY,AEA,EN,Towers with Display (VFR),0,18,41,1,60,0,4,496,0,500,0,22,537,1,560,304,0,304,864
07/21/2001,FRG,NY,AEA,EN,Towers with Display (VFR),0,10,35,0,45,0,4,505,6,515,0,14,540,6,560,448,4,452,1012
07/22/2001,FRG,NY,AEA,EN,Towers with Display (VFR),0,15,45,0,60,0,1,415,1,417,0,16,460,1,477,416,0,416,893
07/23/2001,FRG,NY,AEA,EN,Towers with Display (VFR),0,11,53,2,66,0,2,290,2,294,0,13,343,4,360,470,0,470,830
07/24/2001,FRG,NY,AEA,EN,Towers with Display (VFR),0,12,71,2,85,0,0,188,0,188,0,12,259,2,273,289,0,289,562
07/25/2001,FRG,NY,AEA,EN,Towers with Display (VFR),0,14,44,0,58,0,2,242,0,244,0,16,286,0,302,364,0,364,666
07/26/2001,FRG,NY,AEA,EN,Towers with Display (VFR),0,6,64,0,70,0,3,110,0,113,0,9,174,0,183,158,0,158,341
07/27/2001,FRG,NY,AEA,EN,Towers with Display (VFR),0,16,44,2,62,0,1,530,0,531,0,17,574,2,593,443,0,443,1036
07/28/2001,FRG,NY,AEA,EN,Towers with Display (VFR),0,6,27,0,33,0,6,433,5,444,0,12,460,5,477,355,0,355,832
07/29/2001,FRG,NY,AEA,EN,Towers with Display (VFR),0,20,69,0,89,0,8,367,3,378,0,28,436,3,467,338,0,338,805
07/30/2001,FRG,NY,AEA,EN,Towers with Display (VFR),0,7,54,0,61,0,1,313,2,316,0,8,367,2,377,419,0,419,796
07/31/2001,FRG,NY,AEA,EN,Towers with Display (VFR),0,6,39,0,45,0,0,449,0,449,0,6,488,0,494,588,0,588,1082
08/01/2001,FRG,NY,AEA,EN,Towers with Display (VFR),0,11,51,0,62,0,4,461,2,467,0,15,512,2,529,502,0,502,1031
08/02/2001,FRG,NY,AEA,EN,Towers with Display (VFR),0,5,56,0,61,0,2,392,0,394,0,7,448,0,455,473,0,473,928
08/03/2001,FRG,NY,AEA,EN,Towers with Display (VFR),0,23,36,1,60,0,2,301,0,303,0,25,337,1,363,393,0,393,756
08/04/2001,FRG,NY,AEA,EN,Towers with Display (VFR),0,8,41,4,53,0,3,162,1,166,0,11,203,5,219,347,0,347,566
08/05/2001,FRG,NY,AEA,EN,Towers with Display (VFR),0,34,73,1,108,0,4,241,1,246,0,38,314,2,354,498,0,498,852
08/06/2001,FRG,NY,AEA,EN,Towers with Display (VFR),0,13,57,0,70,0,1,126,2,129,0,14,183,2,199,276,0,276,475
08/07/2001,FRG,NY,AEA,EN,Towers with Display (VFR),0,18,71,0,89,0,3,185,0,188,0,21,256,0,277,308,0,308,585
08/08/2001,FRG,NY,AEA,EN,Towers with Display (VFR),0,11,48,0,59,0,8,308,0,316,0,19,356,0,375,470,0,470,845
08/09/2001,FRG,NY,AEA,EN,Towers with Display (VFR),0,8,50,0,58,0,32,311,0,343,0,40,361,0,401,457,0,457,858
08/10/2001,FRG,NY,AEA,EN,Towers with Display (VFR),0,13,132,1,146,0,1,32,0,33,0,14,164,1,179,36,0,36,215
08/11/2001,FRG,NY,AEA,EN,Towers with Display (VFR),0,9,54,1,64,0,0,116,2,118,0,9,170,3,182,410,0,410,592
08/12/2001,FRG,NY,AEA,EN,Towers with Display (VFR),0,9,67,4,80,0,1,10,0,11,0,10,77,4,91,20,0,20,111
08/13/2001,FRG,NY,AEA,EN,Towers with Display (VFR),0,17,72,0,89,0,1,60,0,61,0,18,132,0,150,153,0,153,303
08/14/2001,FRG,NY,AEA,EN,Towers with Display (VFR),0,8,39,0,47,0,0,372,0,372,0,8,411,0,419,437,0,437,856
08/15/2001,FRG,NY,AEA,EN,Towers with Display (VFR),0,19,47,0,66,0,16,542,0,558,0,35,589,0,624,539,0,539,1163
08/16/2001,FRG,NY,AEA,EN,Towers with Display (VFR),0,13,58,1,72,0,14,526,0,540,0,27,584,1,612,390,0,390,1002
08/17/2001,FRG,NY,AEA,EN,Towers with Display (VFR),0,10,64,3,77,0,9,159,1,169,0,19,223,4,246,503,0,503,749
08/18/2001,FRG,NY,AEA,EN,Towers with Display (VFR),1,6,32,0,39,0,0,439,4,443,1,6,471,4,482,422,0,422,904
08/19/2001,FRG,NY,AEA,EN,Towers with Display (VFR),0,25,80,2,107,0,5,162,1,168,0,30,242,3,275,305,0,305,580
08/20/2001,FRG,NY,AEA,EN,Towers with Display (VFR),0,17,92,0,109,0,1,36,0,37,0,18,128,0,146,50,0,50,196
08/21/2001,FRG,NY,AEA,EN,Towers with Display (VFR),0,13,64,0,77,0,0,374,0,374,0,13,438,0,451,504,0,504,955
08/22/2001,FRG,NY,AEA,EN,Towers with Display (VFR),0,13,44,0,57,1,4,540,2,547,1,17,584,2,604,468,0,468,1072
08/23/2001,FRG,NY,AEA,EN,Towers with Display (VFR),0,10,40,0,50,0,1,227,0,228,0,11,267,0,278,394,0,394,672
08/24/2001,FRG,NY,AEA,EN,Towers with Display (VFR),0,18,64,0,82,0,4,355,1,360,0,22,419,1,442,379,0,379,821
08/25/2001,FRG,NY,AEA,EN,Towers with Display (VFR),0,6,32,0,38,0,16,430,1,447,0,22,462,1,485,208,0,208,693
08/26/2001,FRG,NY,AEA,EN,Towers with Display (VFR),0,12,31,0,43,0,1,440,0,441,0,13,471,0,484,245,0,245,729
08/27/2001,FRG,NY,AEA,EN,Towers with Display (VFR),0,9,40,0,49,0,0,152,0,152,0,9,192,0,201,268,0,268,469
08/28/2001,FRG,NY,AEA,EN,Towers with Display (VFR),0,6,40,0,46,0,0,250,0,250,0,6,290,0,296,420,0,420,716
08/29/2001,FRG,NY,AEA,EN,Towers with Display (VFR),0,13,43,0,56,0,15,510,0,525,0,28,553,0,581,548,0,548,1129
08/30/2001,FRG,NY,AEA,EN,Towers with Display (VFR),0,14,67,0,81,0,0,397,0,397,0,14,464,0,478,474,0,474,952
08/31/2001,FRG,NY,AEA,EN,Towers with Display (VFR),0,22,95,1,118,0,1,83,1,85,0,23,178,2,203,111,0,111,314
09/01/2001,FRG,NY,AEA,EN,Towers with Display (VFR),0,6,42,0,48,0,4,409,0,413,0,10,451,0,461,320,0,320,781
09/02/2001,FRG,NY,AEA,EN,Towers with Display (VFR),0,7,37,1,45,0,0,499,2,501,0,7,536,3,546,293,0,293,839
09/03/2001,FRG,NY,AEA,EN,Towers with Display (VFR),0,14,31,0,45,0,0,472,0,472,0,14,503,0,517,410,0,410,927
09/04/2001,FRG,NY,AEA,EN,Towers with Display (VFR),0,1,27,0,28,0,0,170,2,172,0,1,197,2,200,288,0,288,488
09/05/2001,FRG,NY,AEA,EN,Towers with Display (VFR),0,10,22,0,32,0,13,389,0,402,0,23,411,0,434,573,0,573,1007
09/06/2001,FRG,NY,AEA,EN,Towers with Display (VFR),0,4,52,0,56,0,6,433,0,439,0,10,485,0,495,349,0,349,844
09/07/2001,FRG,NY,AEA,EN,Towers with Display (VFR),0,12,40,0,52,0,3,479,0,482,0,15,519,0,534,395,0,395,929
09/08/2001,FRG,NY,AEA,EN,Towers with Display (VFR),0,6,33,0,39,0,0,437,1,438,0,6,470,1,477,503,0,503,980
09/09/2001,FRG,NY,AEA,EN,Towers with Display (VFR),0,21,40,0,61,0,0,472,0,472,0,21,512,0,533,418,0,418,951
09/10/2001,FRG,NY,AEA,EN,Towers with Display (VFR),0,8,43,0,51,0,1,138,1,140,0,9,181,1,191,238,0,238,429
09/11/2001,FRG,NY,AEA,EN,Towers with Display (VFR),0,2,7,1,10,0,1,51,0,52,0,3,58,1,62,63,6,69,131
09/12/2001,FRG,NY,AEA,EN,Towers with Display (VFR),0,0,0,0,0,0,0,33,1,34,0,0,33,1,34,16,0,16,50
09/13/2001,FRG,NY,AEA,EN,Towers with Display (VFR),0,16,13,0,29,0,7,10,0,17,0,23,23,0,46,7,0,7,53
09/14/2001,FRG,NY,AEA,EN,Towers with Display (VFR),0,37,0,0,37,0,10,0,4,14,0,47,0,4,51,0,0,0,51
09/15/2001,FRG,NY,AEA,EN,Towers with Display (VFR),0,19,1,0,20,0,0,9,0,9,0,19,10,0,29,4,0,4,33
09/16/2001,FRG,NY,AEA,EN,Towers with Display (VFR),0,9,3,0,12,0,0,15,2,17,0,9,18,2,29,2,0,2,31
09/17/2001,FRG,NY,AEA,EN,Towers with Display (VFR),0,20,4,0,24,0,2,3,0,5,0,22,7,0,29,32,0,32,61
09/18/2001,FRG,NY,AEA,EN,Towers with Display (VFR),0,17,37,0,54,0,4,0,0,4,0,21,37,0,58,46,0,46,104
09/19/2001,FRG,NY,AEA,EN,Towers with Display (VFR),0,20,12,0,32,0,7,11,0,18,0,27,23,0,50,43,0,43,93
09/20/2001,FRG,NY,AEA,EN,Towers with Display (VFR),0,21,2,0,23,0,0,4,0,4,0,21,6,0,27,2,0,2,29
09/21/2001,FRG,NY,AEA,EN,Towers with Display (VFR),0,39,0,0,39,0,2,0,3,5,0,41,0,3,44,5,0,5,49
09/22/2001,FRG,NY,AEA,EN,Towers with Display (VFR),1,19,0,1,21,0,2,1,0,3,1,21,1,1,24,5,0,5,29
09/23/2001,FRG,NY,AEA,EN,Towers with Display (VFR),0,30,0,0,30,0,0,4,0,4,0,30,4,0,34,5,0,5,39
09/24/2001,FRG,NY,AEA,EN,Towers with Display (VFR),0,28,2,0,30,0,0,1,0,1,0,28,3,0,31,15,0,15,46
09/25/2001,FRG,NY,AEA,EN,Towers with Display (VFR),1,13,4,0,18,0,8,6,0,14,1,21,10,0,32,3,0,3,35
09/26/2001,FRG,NY,AEA,EN,Towers with Display (VFR),0,29,1,0,30,0,8,1,0,9,0,37,2,0,39,15,0,15,54
09/27/2001,FRG,NY,AEA,EN,Towers with Display (VFR),0,18,1,0,19,0,3,0,0,3,0,21,1,0,22,9,0,9,31
09/28/2001,FRG,NY,AEA,EN,Towers with Display (VFR),0,35,0,0,35,0,3,2,5,10,0,38,2,5,45,19,0,19,64
09/29/2001,FRG,NY,AEA,EN,Towers with Display (VFR),0,14,0,0,14,0,0,0,0,0,0,14,0,0,14,7,0,7,21
09/30/2001,FRG,NY,AEA,EN,Towers with Display (VFR),0,30,0,2,32,0,0,5,0,5,0,30,5,2,37,4,0,4,41
10/01/2001,FRG,NY,AEA,EN,Towers with Display (VFR),0,35,0,0,35,0,1,1,0,2,0,36,1,0,37,8,0,8,45
10/02/2001,FRG,NY,AEA,EN,Towers with Display (VFR),0,34,0,0,34,0,3,13,4,20,0,37,13,4,54,0,0,0,54
10/03/2001,FRG,NY,AEA,EN,Towers with Display (VFR),0,22,2,0,24,0,14,3,0,17,0,36,5,0,41,27,0,27,68
10/04/2001,FRG,NY,AEA,EN,Towers with Display (VFR),0,25,1,0,26,0,11,1,0,12,0,36,2,0,38,8,0,8,46
10/05/2001,FRG,NY,AEA,EN,Towers with Display (VFR),0,40,0,2,42,0,5,1,13,19,0,45,1,15,61,29,0,29,90
10/06/2001,FRG,NY,AEA,EN,Towers with Display (VFR),0,15,29,0,44,0,5,31,0,36,0,20,60,0,80,77,0,77,157
10/07/2001,FRG,NY,AEA,EN,Towers with Display (VFR),0,20,84,0,104,0,4,83,0,87,0,24,167,0,191,196,0,196,387
10/08/2001,FRG,NY,AEA,EN,Towers with Display (VFR),0,29,67,0,96,0,1,81,0,82,0,30,148,0,178,124,0,124,302
10/09/2001,FRG,NY,AEA,EN,Towers with Display (VFR),0,29,51,1,81,0,4,68,0,72,0,33,119,1,153,141,0,141,294
10/10/2001,FRG,NY,AEA,EN,Towers with Display (VFR),2,26,81,0,109,0,1,108,0,109,2,27,189,0,218,193,0,193,411
10/11/2001,FRG,NY,AEA,EN,Towers with Display (VFR),0,38,107,0,145,0,0,135,0,135,0,38,242,0,280,215,0,215,495
10/12/2001,FRG,NY,AEA,EN,Towers with Display (VFR),0,27,94,0,121,0,1,151,0,152,0,28,245,0,273,310,0,310,583
10/13/2001,FRG,NY,AEA,EN,Towers with Display (VFR),0,22,93,1,116,0,1,134,0,135,0,23,227,1,251,329,0,329,580
10/14/2001,FRG,NY,AEA,EN,Towers with Display (VFR),0,31,53,0,84,0,3,0,0,3,0,34,53,0,87,22,0,22,109
10/15/2001,FRG,NY,AEA,EN,Towers with Display (VFR),0,25,70,0,95,0,2,64,0,66,0,27,134,0,161,143,0,143,304
10/16/2001,FRG,NY,AEA,EN,Towers with Display (VFR),0,37,87,0,124,2,2,129,0,133,2,39,216,0,257,256,0,256,513
10/17/2001,FRG,NY,AEA,EN,Towers with Display (VFR),1,36,96,0,133,0,5,35,0,40,1,41,131,0,173,53,0,53,226
10/18/2001,FRG,NY,AEA,EN,Towers with Display (VFR),0,47,95,1,143,0,0,127,1,128,0,47,222,2,271,313,0,313,584
10/19/2001,FRG,NY,AEA,EN,Towers with Display (VFR),0,45,121,2,168,0,7,119,0,126,0,52,240,2,294,162,0,162,456
10/20/2001,FRG,NY,AEA,EN,Towers with Display (VFR),0,16,85,0,101,0,0,168,0,168,0,16,253,0,269,277,0,277,546
10/21/2001,FRG,NY,AEA,EN,Towers with Display (VFR),0,31,159,0,190,0,3,127,0,130,0,34,286,0,320,336,0,336,656
10/22/2001,FRG,NY,AEA,EN,Towers with Display (VFR),0,24,83,0,107,0,4,85,0,89,0,28,168,0,196,200,0,200,396
10/23/2001,FRG,NY,AEA,EN,Towers with Display (VFR),0,22,99,0,121,0,1,19,0,20,0,23,118,0,141,171,0,171,312
10/24/2001,FRG,NY,AEA,EN,Towers with Display (VFR),2,38,84,0,124,0,4,123,0,127,2,42,207,0,251,323,0,323,574
10/25/2001,FRG,NY,AEA,EN,Towers with Display (VFR),0,36,81,0,117,0,1,83,0,84,0,37,164,0,201,273,0,273,474
10/26/2001,FRG,NY,AEA,EN,Towers with Display (VFR),0,49,92,1,142,0,3,46,0,49,0,52,138,1,191,40,0,40,231
10/27/2001,FRG,NY,AEA,EN,Towers with Display (VFR),0,39,110,0,149,0,2,188,0,190,0,41,298,0,339,240,0,240,579
10/28/2001,FRG,NY,AEA,EN,Towers with Display (VFR),0,58,134,0,192,2,4,163,0,169,2,62,297,0,361,267,0,267,628
10/29/2001,FRG,NY,AEA,EN,Towers with Display (VFR),0,30,71,0,101,2,7,156,0,165,2,37,227,0,266,269,0,269,535
10/30/2001,FRG,NY,AEA,EN,Towers with Display (VFR),2,33,73,0,108,0,4,151,0,155,2,37,224,0,263,309,0,309,572
10/31/2001,FRG,NY,AEA,EN,Towers with Display (VFR),1,24,75,0,100,1,1,87,0,89,2,25,162,0,189,320,0,320,509
11/01/2001,FRG,NY,AEA,EN,Towers with Display (VFR),5,38,93,0,136,0,0,159,0,159,5,38,252,0,295,312,0,312,607
11/02/2001,FRG,NY,AEA,EN,Towers with Display (VFR),1,46,103,0,150,0,0,114,0,114,1,46,217,0,264,173,0,173,437
11/03/2001,FRG,NY,AEA,EN,Towers with Display (VFR),0,23,62,6,91,0,2,92,0,94,0,25,154,6,185,268,0,268,453
11/04/2001,FRG,NY,AEA,EN,Towers with Display (VFR),0,22,117,0,139,0,3,146,0,149,0,25,263,0,288,389,0,389,677
11/05/2001,FRG,NY,AEA,EN,Towers with Display (VFR),0,26,33,0,59,0,3,39,0,42,0,29,72,0,101,32,0,32,133
11/06/2001,FRG,NY,AEA,EN,Towers with Display (VFR),0,28,63,0,91,0,10,79,0,89,0,38,142,0,180,166,0,166,346
11/07/2001,FRG,NY,AEA,EN,Towers with Display (VFR),0,50,88,0,138,0,13,115,0,128,0,63,203,0,266,153,0,153,419
11/08/2001,FRG,NY,AEA,EN,Towers with Display (VFR),0,35,90,0,125,0,1,164,2,167,0,36,254,2,292,258,0,258,550
11/09/2001,FRG,NY,AEA,EN,Towers with Display (VFR),2,44,64,0,110,0,3,78,0,81,2,47,142,0,191,96,0,96,287
11/10/2001,FRG,NY,AEA,EN,Towers with Display (VFR),0,20,83,0,103,0,2,166,0,168,0,22,249,0,271,230,0,230,501
11/11/2001,FRG,NY,AEA,EN,Towers with Display (VFR),1,40,68,0,109,0,0,99,0,99,1,40,167,0,208,174,0,174,382
11/12/2001,FRG,NY,AEA,EN,Towers with Display (VFR),2,30,58,1,91,0,0,52,0,52,2,30,110,1,143,96,0,96,239
11/13/2001,FRG,NY,AEA,EN,Towers with Display (VFR),0,43,76,0,119,0,6,142,0,148,0,49,218,0,267,242,0,242,509
11/14/2001,FRG,NY,AEA,EN,Towers with Display (VFR),0,47,122,3,172,0,1,143,0,144,0,48,265,3,316,174,0,174,490
11/15/2001,FRG,NY,AEA,EN,Towers with Display (VFR),0,61,70,0,131,0,2,114,2,118,0,63,184,2,249,331,0,331,580
11/16/2001,FRG,NY,AEA,EN,Towers with Display (VFR),2,51,84,2,139,0,0,142,0,142,2,51,226,2,281,325,0,325,606
11/17/2001,FRG,NY,AEA,EN,Towers with Display (VFR),2,27,109,0,138,0,1,196,0,197,2,28,305,0,335,300,0,300,635
11/18/2001,FRG,NY,AEA,EN,Towers with Display (VFR),0,46,99,0,145,0,3,161,0,164,0,49,260,0,309,375,0,375,684
11/19/2001,FRG,NY,AEA,EN,Towers with Display (VFR),0,35,57,1,93,0,3,87,0,90,0,38,144,1,183,145,0,145,328
11/20/2001,FRG,NY,AEA,EN,Towers with Display (VFR),2,67,67,0,136,0,2,83,0,85,2,69,150,0,221,110,0,110,331
11/21/2001,FRG,NY,AEA,EN,Towers with Display (VFR),0,53,113,0,166,0,2,138,0,140,0,55,251,0,306,290,0,290,596
11/22/2001,FRG,NY,AEA,EN,Towers with Display (VFR),0,10,59,0,69,0,0,49,0,49,0,10,108,0,118,62,0,62,180
11/23/2001,FRG,NY,AEA,EN,Towers with Display (VFR),1,12,94,0,107,0,1,199,0,200,1,13,293,0,307,330,0,330,637
11/24/2001,FRG,NY,AEA,EN,Towers with Display (VFR),0,29,54,0,83,0,0,42,0,42,0,29,96,0,125,257,0,257,382
11/25/2001,FRG,NY,AEA,EN,Towers with Display (VFR),0,61,84,0,145,0,2,84,0,86,0,63,168,0,231,140,0,140,371
11/26/2001,FRG,NY,AEA,EN,Towers with Display (VFR),0,51,52,0,103,0,0,176,0,176,0,51,228,0,279,194,0,194,473
11/27/2001,FRG,NY,AEA,EN,Towers with Display (VFR),0,45,54,0,99,0,5,189,1,195,0,50,243,1,294,372,0,372,666
11/28/2001,FRG,NY,AEA,EN,Towers with Display (VFR),0,32,49,1,82,0,3,184,2,189,0,35,233,3,271,299,0,299,570
11/29/2001,FRG,NY,AEA,EN,Towers with Display (VFR),0,24,38,0,62,0,0,4,0,4,0,24,42,0,66,16,0,16,82
11/30/2001,FRG,NY,AEA,EN,Towers with Display (VFR),2,51,46,0,99,0,2,14,0,16,2,53,60,0,115,18,0,18,133
12/01/2001,FRG,NY,AEA,EN,Towers with Display (VFR),0,23,70,0,93,0,0,303,0,303,0,23,373,0,396,225,0,225,621
12/02/2001,FRG,NY,AEA,EN,Towers with Display (VFR),0,50,66,0,116,0,0,323,2,325,0,50,389,2,441,290,0,290,731
12/03/2001,FRG,NY,AEA,EN,Towers with Display (VFR),0,32,47,0,79,0,0,188,0,188,0,32,235,0,267,298,0,298,565
12/04/2001,FRG,NY,AEA,EN,Towers with Display (VFR),0,23,53,1,77,0,9,229,0,238,0,32,282,1,315,271,0,271,586
12/05/2001,FRG,NY,AEA,EN,Towers with Display (VFR),0,40,55,1,96,0,2,213,0,215,0,42,268,1,311,284,0,284,595
12/06/2001,FRG,NY,AEA,EN,Towers with Display (VFR),0,48,64,0,112,0,3,292,0,295,0,51,356,0,407,260,0,260,667
12/07/2001,FRG,NY,AEA,EN,Towers with Display (VFR),0,41,67,0,108,0,1,271,6,278,0,42,338,6,386,203,4,207,593
12/08/2001,FRG,NY,AEA,EN,Towers with Display (VFR),2,15,58,6,81,0,1,205,1,207,2,16,263,7,288,353,0,353,641
12/09/2001,FRG,NY,AEA,EN,Towers with Display (VFR),0,34,57,0,91,0,5,58,0,63,0,39,115,0,154,267,0,267,421
12/10/2001,FRG,NY,AEA,EN,Towers with Display (VFR),0,30,44,2,76,0,2,223,0,225,0,32,267,2,301,287,4,291,592
12/11/2001,FRG,NY,AEA,EN,Towers with Display (VFR),1,30,64,0,95,0,6,178,0,184,1,36,242,0,279,250,0,250,529
12/12/2001,FRG,NY,AEA,EN,Towers with Display (VFR),0,34,86,2,122,0,6,90,2,98,0,40,176,4,220,324,0,324,544
12/13/2001,FRG,NY,AEA,EN,Towers with Display (VFR),0,46,35,0,81,0,0,8,0,8,0,46,43,0,89,13,0,13,102
12/14/2001,FRG,NY,AEA,EN,Towers with Display (VFR),0,28,37,0,65,0,0,0,0,0,0,28,37,0,65,9,0,9,74
12/15/2001,FRG,NY,AEA,EN,Towers with Display (VFR),0,25,39,0,64,0,1,166,0,167,0,26,205,0,231,214,0,214,445
12/16/2001,FRG,NY,AEA,EN,Towers with Display (VFR),0,26,71,1,98,0,3,355,1,359,0,29,426,2,457,277,0,277,734
12/17/2001,FRG,NY,AEA,EN,Towers with Display (VFR),0,15,36,0,51,0,1,54,0,55,0,16,90,0,106,230,0,230,336
12/18/2001,FRG,NY,AEA,EN,Towers with Display (VFR),0,20,43,0,63,0,1,50,0,51,0,21,93,0,114,113,0,113,227
12/19/2001,FRG,NY,AEA,EN,Towers with Display (VFR),0,34,78,0,112,0,11,292,0,303,0,45,370,0,415,362,0,362,777
12/20/2001,FRG,NY,AEA,EN,Towers with Display (VFR),0,26,47,0,73,0,1,149,0,150,0,27,196,0,223,166,0,166,389
12/21/2001,FRG,NY,AEA,EN,Towers with Display (VFR),2,38,39,0,79,0,9,211,0,220,2,47,250,0,299,161,0,161,460
12/22/2001,FRG,NY,AEA,EN,Towers with Display (VFR),0,31,28,0,59,0,10,351,0,361,0,41,379,0,420,317,0,317,737
12/23/2001,FRG,NY,AEA,EN,Towers with Display (VFR),0,8,28,0,36,0,0,287,0,287,0,8,315,0,323,284,0,284,607
12/24/2001,FRG,NY,AEA,EN,Towers with Display (VFR),0,2,15,0,17,0,0,46,0,46,0,2,61,0,63,191,0,191,254
12/25/2001,FRG,NY,AEA,EN,Towers with Display (VFR),0,13,16,0,29,0,0,67,0,67,0,13,83,0,96,132,0,132,228
12/26/2001,FRG,NY,AEA,EN,Towers with Display (VFR),2,33,54,0,89,0,2,257,0,259,2,35,311,0,348,323,0,323,671
12/27/2001,FRG,NY,AEA,EN,Towers with Display (VFR),0,19,49,0,68,0,0,228,0,228,0,19,277,0,296,305,1,306,602
12/28/2001,FRG,NY,AEA,EN,Towers with Display (VFR),1,19,52,0,72,0,1,242,0,243,1,20,294,0,315,235,0,235,550
12/29/2001,FRG,NY,AEA,EN,Towers with Display (VFR),2,8,37,0,47,0,0,217,0,217,2,8,254,0,264,535,0,535,799
12/30/2001,FRG,NY,AEA,EN,Towers with Display (VFR),0,15,27,0,42,0,1,229,0,230,0,16,256,0,272,289,0,289,561
12/31/2001,FRG,NY,AEA,EN,Towers with Display (VFR),3,17,30,0,50,0,0,121,0,121,3,17,151,0,171,89,0,89,260
01/01/2002,FRG,NY,AEA,EN,Towers with Display (VFR),2,49,57,0,108,0,0,127,0,127,2,49,184,0,235,192,0,192,427
01/02/2002,FRG,NY,AEA,EN,Towers with Display (VFR),0,32,38,0,70,0,5,180,1,186,0,37,218,1,256,385,0,385,641
01/03/2002,FRG,NY,AEA,EN,Towers with Display (VFR),0,18,29,0,47,0,0,201,0,201,0,18,230,0,248,345,0,345,593
01/04/2002,FRG,NY,AEA,EN,Towers with Display (VFR),0,11,47,1,59,0,1,228,3,232,0,12,275,4,291,305,0,305,596
01/05/2002,FRG,NY,AEA,EN,Towers with Display (VFR),1,16,37,0,54,0,0,326,0,326,1,16,363,0,380,342,0,342,722
01/06/2002,FRG,NY,AEA,EN,Towers with Display (VFR),0,27,59,1,87,0,11,158,4,173,0,38,217,5,260,378,0,378,638
01/07/2002,FRG,NY,AEA,EN,Towers with Display (VFR),0,19,18,0,37,0,0,16,0,16,0,19,34,0,53,66,0,66,119
01/08/2002,FRG,NY,AEA,EN,Towers with Display (VFR),0,14,43,0,57,0,3,168,0,171,0,17,211,0,228,262,0,262,490
01/09/2002,FRG,NY,AEA,EN,Towers with Display (VFR),2,18,42,0,62,0,1,59,0,60,2,19,101,0,122,93,0,93,215
01/10/2002,FRG,NY,AEA,EN,Towers with Display (VFR),0,20,43,0,63,0,1,245,0,246,0,21,288,0,309,257,0,257,566
01/11/2002,FRG,NY,AEA,EN,Towers with Display (VFR),0,18,52,2,72,0,1,71,0,72,0,19,123,2,144,82,0,82,226
01/12/2002,FRG,NY,AEA,EN,Towers with Display (VFR),0,1,23,0,24,0,0,345,0,345,0,1,368,0,369,334,0,334,703
01/13/2002,FRG,NY,AEA,EN,Towers with Display (VFR),0,12,32,0,44,0,1,43,0,44,0,13,75,0,88,39,0,39,127
01/14/2002,FRG,NY,AEA,EN,Towers with Display (VFR),0,9,34,0,43,0,3,226,0,229,0,12,260,0,272,312,0,312,584
01/15/2002,FRG,NY,AEA,EN,Towers with Display (VFR),0,17,28,0,45,0,4,111,0,115,0,21,139,0,160,177,0,177,337
01/16/2002,FRG,NY,AEA,EN,Towers with Display (VFR),0,18,36,0,54,0,4,297,0,301,0,22,333,0,355,320,0,320,675
01/17/2002,FRG,NY,AEA,EN,Towers with Display (VFR),0,25,37,0,62,0,4,146,0,150,0,29,183,0,212,148,0,148,360
01/18/2002,FRG,NY,AEA,EN,Towers with Display (VFR),0,33,62,0,95,0,6,214,1,221,0,39,276,1,316,262,0,262,578
01/19/2002,FRG,NY,AEA,EN,Towers with Display (VFR),0,3,26,0,29,0,0,113,0,113,0,3,139,0,142,216,0,216,358
01/20/2002,FRG,NY,AEA,EN,Towers with Display (VFR),0,2,32,0,34,0,0,227,0,227,0,2,259,0,261,290,0,290,551
01/21/2002,FRG,NY,AEA,EN,Towers with Display (VFR),2,24,55,0,81,0,2,43,0,45,2,26,98,0,126,156,0,156,282
01/22/2002,FRG,NY,AEA,EN,Towers with Display (VFR),0,31,45,0,76,0,5,230,0,235,0,36,275,0,311,328,0,328,639
01/23/2002,FRG,NY,AEA,EN,Towers with Display (VFR),0,20,68,2,90,0,2,64,0,66,0,22,132,2,156,89,0,89,245
01/24/2002,FRG,NY,AEA,EN,Towers with Display (VFR),0,31,29,2,62,0,0,4,0,4,0,31,33,2,66,7,0,7,73
01/25/2002,FRG,NY,AEA,EN,Towers with Display (VFR),0,23,52,0,75,0,1,297,0,298,0,24,349,0,373,340,0,340,713
01/26/2002,FRG,NY,AEA,EN,Towers with Display (VFR),0,3,32,0,35,0,1,364,0,365,0,4,396,0,400,266,0,266,666
01/27/2002,FRG,NY,AEA,EN,Towers with Display (VFR),0,12,43,0,55,0,3,437,3,443,0,15,480,3,498,301,0,301,799
01/28/2002,FRG,NY,AEA,EN,Towers with Display (VFR),0,6,36,1,43,0,15,261,1,277,0,21,297,2,320,278,0,278,598
01/29/2002,FRG,NY,AEA,EN,Towers with Display (VFR),0,21,48,0,69,4,3,305,0,312,4,24,353,0,381,348,0,348,729
01/30/2002,FRG,NY,AEA,EN,Towers with Display (VFR),0,25,56,0,81,0,3,145,0,148,0,28,201,0,229,248,0,248,477
01/31/2002,FRG,NY,AEA,EN,Towers with Display (VFR),0,17,38,0,55,0,3,10,0,13,0,20,48,0,68,15,0,15,83
02/01/2002,FRG,NY,AEA,EN,Towers with Display (VFR),0,14,26,0,40,0,0,9,0,9,0,14,35,0,49,35,0,35,84
02/02/2002,FRG,NY,AEA,EN,Towers with Display (VFR),1,9,43,0,53,0,1,252,0,253,1,10,295,0,306,253,0,253,559
02/03/2002,FRG,NY,AEA,EN,Towers with Display (VFR),1,14,44,0,59,0,1,292,0,293,1,15,336,0,352,367,0,367,719
02/04/2002,FRG,NY,AEA,EN,Towers with Display (VFR),0,15,51,0,66,0,7,191,0,198,0,22,242,0,264,315,0,315,579
02/05/2002,FRG,NY,AEA,EN,Towers with Display (VFR),0,13,44,0,57,0,9,149,0,158,0,22,193,0,215,224,0,224,439
02/06/2002,FRG,NY,AEA,EN,Towers with Display (VFR),1,14,38,0,53,0,7,263,0,270,1,21,301,0,323,403,0,403,726
02/07/2002,FRG,NY,AEA,EN,Towers with Display (VFR),0,16,52,0,68,0,1,65,0,66,0,17,117,0,134,83,0,83,217
02/08/2002,FRG,NY,AEA,EN,Towers with Display (VFR),0,16,46,0,62,0,10,333,0,343,0,26,379,0,405,356,0,356,761
02/09/2002,FRG,NY,AEA,EN,Towers with Display (VFR),2,2,40,0,44,0,0,424,0,424,2,2,464,0,468,333,0,333,801
02/10/2002,FRG,NY,AEA,EN,Towers with Display (VFR),0,18,49,0,67,0,0,111,0,111,0,18,160,0,178,384,0,384,562
02/11/2002,FRG,NY,AEA,EN,Towers with Display (VFR),0,19,22,0,41,0,4,58,0,62,0,23,80,0,103,29,0,29,132
02/12/2002,FRG,NY,AEA,EN,Towers with Display (VFR),0,19,44,0,63,0,5,186,0,191,0,24,230,0,254,208,0,208,462
02/13/2002,FRG,NY,AEA,EN,Towers with Display (VFR),0,14,46,0,60,0,1,200,0,201,0,15,246,0,261,216,0,216,477
02/14/2002,FRG,NY,AEA,EN,Towers with Display (VFR),0,34,52,0,86,0,9,281,0,290,0,43,333,0,376,327,0,327,703
02/15/2002,FRG,NY,AEA,EN,Towers with Display (VFR),0,41,61,0,102,0,4,247,0,251,0,45,308,0,353,215,0,215,568
02/16/2002,FRG,NY,AEA,EN,Towers with Display (VFR),0,27,55,0,82,0,0,328,0,328,0,27,383,0,410,383,0,383,793
02/17/2002,FRG,NY,AEA,EN,Towers with Display (VFR),0,9,23,0,32,0,0,90,0,90,0,9,113,0,122,362,0,362,484
02/18/2002,FRG,NY,AEA,EN,Towers with Display (VFR),0,23,47,0,70,0,8,258,0,266,0,31,305,0,336,272,0,272,608
02/19/2002,FRG,NY,AEA,EN,Towers with Display (VFR),0,17,27,0,44,0,0,302,0,302,0,17,329,0,346,411,0,411,757
02/20/2002,FRG,NY,AEA,EN,Towers with Display (VFR),0,14,45,0,59,0,6,171,1,178,0,20,216,1,237,362,0,362,599
02/21/2002,FRG,NY,AEA,EN,Towers with Display (VFR),0,26,40,0,66,0,1,154,0,155,0,27,194,0,221,277,0,277,498
02/22/2002,FRG,NY,AEA,EN,Towers with Display (VFR),0,14,49,0,63,0,0,258,6,264,0,14,307,6,327,331,0,331,658
02/23/2002,FRG,NY,AEA,EN,Towers with Display (VFR),0,32,30,0,62,0,3,383,0,386,0,35,413,0,448,307,0,307,755
02/24/2002,FRG,NY,AEA,EN,Towers with Display (VFR),0,50,64,0,114,0,8,462,0,470,0,58,526,0,584,265,0,265,849
02/25/2002,FRG,NY,AEA,EN,Towers with Display (VFR),0,18,48,0,66,0,4,211,0,215,0,22,259,0,281,370,0,370,651
02/26/2002,FRG,NY,AEA,EN,Towers with Display (VFR),0,14,40,0,54,0,4,166,0,170,0,18,206,0,224,127,0,127,351
02/27/2002,FRG,NY,AEA,EN,Towers with Display (VFR),0,14,37,0,51,0,4,38,0,42,0,18,75,0,93,31,0,31,124
02/28/2002,FRG,NY,AEA,EN,Towers with Display (VFR),2,23,56,0,81,0,4,194,0,198,2,27,250,0,279,190,0,190,469
03/01/2002,FRG,NY,AEA,EN,Towers with Display (VFR),0,16,49,0,65,0,15,358,0,373,0,31,407,0,438,394,0,394,832
03/02/2002,FRG,NY,AEA,EN,Towers with Display (VFR),0,13,47,0,60,0,2,220,0,222,0,15,267,0,282,372,0,372,654
03/03/2002,FRG,NY,AEA,EN,Towers with Display (VFR),0,19,27,0,46,0,0,1,0,1,0,19,28,0,47,3,0,3,50
03/04/2002,FRG,NY,AEA,EN,Towers with Display (VFR),1,12,35,2,50,0,3,172,0,175,1,15,207,2,225,211,0,211,436
03/05/2002,FRG,NY,AEA,EN,Towers with Display (VFR),0,20,46,0,66,0,2,230,0,232,0,22,276,0,298,354,0,354,652
03/06/2002,FRG,NY,AEA,EN,Towers with Display (VFR),1,23,41,0,65,1,8,253,0,262,2,31,294,0,327,247,0,247,574
03/07/2002,FRG,NY,AEA,EN,Towers with Display (VFR),1,11,51,0,63,0,4,382,3,389,1,15,433,3,452,428,0,428,880
03/08/2002,FRG,NY,AEA,EN,Towers with Display (VFR),0,12,108,0,120,0,0,78,0,78,0,12,186,0,198,121,0,121,319
03/09/2002,FRG,NY,AEA,EN,Towers with Display (VFR),2,14,35,0,51,0,0,216,1,217,2,14,251,1,268,211,0,211,479
03/10/2002,FRG,NY,AEA,EN,Towers with Display (VFR),1,15,31,0,47,0,0,17,0,17,1,15,48,0,64,5,0,5,69
03/11/2002,FRG,NY,AEA,EN,Towers with Display (VFR),1,11,53,0,65,0,1,214,0,215,1,12,267,0,280,428,0,428,708
03/12/2002,FRG,NY,AEA,EN,Towers with Display (VFR),0,13,40,0,53,0,0,125,0,125,0,13,165,0,178,551,0,551,729
03/13/2002,FRG,NY,AEA,EN,Towers with Display (VFR),0,22,58,0,80,0,0,1,0,1,0,22,59,0,81,9,0,9,90
03/14/2002,FRG,NY,AEA,EN,Towers with Display (VFR),0,30,61,0,91,0,0,396,1,397,0,30,457,1,488,215,0,215,703
03/15/2002,FRG,NY,AEA,EN,Towers with Display (VFR),2,15,49,0,66,0,0,2,0,2,2,15,51,0,68,12,0,12,80
03/16/2002,FRG,NY,AEA,EN,Towers with Display (VFR),0,9,69,0,78,0,1,55,0,56,0,10,124,0,134,280,0,280,414
03/17/2002,FRG,NY,AEA,EN,Towers with Display (VFR),0,16,55,0,71,0,1,411,1,413,0,17,466,1,484,371,0,371,855
03/18/2002,FRG,NY,AEA,EN,Towers with Display (VFR),0,13,25,0,38,0,0,0,0,0,0,13,25,0,38,2,0,2,40
03/19/2002,FRG,NY,AEA,EN,Towers with Display (VFR),0,9,55,0,64,0,4,157,1,162,0,13,212,1,226,313,0,313,539
03/20/2002,FRG,NY,AEA,EN,Towers with Display (VFR),0,15,32,0,47,0,0,6,0,6,0,15,38,0,53,43,0,43,96
03/21/2002,FRG,NY,AEA,EN,Towers with Display (VFR),0,26,60,0,86,0,4,394,1,399,0,30,454,1,485,362,0,362,847
03/22/2002,FRG,NY,AEA,EN,Towers with Display (VFR),0,18,39,0,57,0,3,97,0,100,0,21,136,0,157,89,0,89,246
03/23/2002,FRG,NY,AEA,EN,Towers with Display (VFR),1,12,34,0,47,0,0,154,0,154,1,12,188,0,201,101,0,101,302
03/24/2002,FRG,NY,AEA,EN,Towers with Display (VFR),1,17,43,0,61,0,0,378,0,378,1,17,421,0,439,343,0,343,782
03/25/2002,FRG,NY,AEA,EN,Towers with Display (VFR),1,25,38,0,64,0,10,214,0,224,1,35,252,0,288,452,0,452,740
03/26/2002,FRG,NY,AEA,EN,Towers with Display (VFR),0,15,26,0,41,0,0,21,0,21,0,15,47,0,62,126,0,126,188
03/27/2002,FRG,NY,AEA,EN,Towers with Display (VFR),2,44,47,0,93,0,3,255,0,258,2,47,302,0,351,377,0,377,728
03/28/2002,FRG,NY,AEA,EN,Towers with Display (VFR),0,33,65,0,98,0,0,468,1,469,0,33,533,1,567,302,0,302,869
03/29/2002,FRG,NY,AEA,EN,Towers with Display (VFR),0,22,56,0,78,0,2,320,0,322,0,24,376,0,400,434,0,434,834
03/30/2002,FRG,NY,AEA,EN,Towers with Display (VFR),0,18,58,0,76,0,0,154,1,155,0,18,212,1,231,282,0,282,513
03/31/2002,FRG,NY,AEA,EN,Towers with Display (VFR),0,24,62,0,86,1,0,220,0,221,1,24,282,0,307,353,0,353,660
04/01/2002,FRG,NY,AEA,EN,Towers with Display (VFR),0,26,45,0,71,0,4,126,3,133,0,30,171,3,204,192,0,192,396
04/02/2002,FRG,NY,AEA,EN,Towers with Display (VFR),4,20,40,4,68,0,1,280,0,281,4,21,320,4,349,385,0,385,734
04/03/2002,FRG,NY,AEA,EN,Towers with Display (VFR),0,22,69,0,91,0,1,54,0,55,0,23,123,0,146,345,0,345,491
04/04/2002,FRG,NY,AEA,EN,Towers with Display (VFR),0,21,53,2,76,0,9,387,4,400,0,30,440,6,476,305,0,305,781
04/05/2002,FRG,NY,AEA,EN,Towers with Display (VFR),0,22,67,0,89,0,4,358,2,364,0,26,425,2,453,342,0,342,795
04/06/2002,FRG,NY,AEA,EN,Towers with Display (VFR),3,16,75,0,94,0,3,337,0,340,3,19,412,0,434,378,0,378,812
04/07/2002,FRG,NY,AEA,EN,Towers with Display (VFR),2,20,64,0,86,0,4,369,0,373,2,24,433,0,459,66,0,66,525
04/08/2002,FRG,NY,AEA,EN,Towers with Display (VFR),0,10,33,0,43,0,0,230,0,230,0,10,263,0,273,262,0,262,535
04/09/2002,FRG,NY,AEA,EN,Towers with Display (VFR),2,9,31,0,42,0,7,128,0,135,2,16,159,0,177,93,0,93,270
04/10/2002,FRG,NY,AEA,EN,Towers with Display (VFR),2,22,56,1,81,0,11,287,0,298,2,33,343,1,379,257,0,257,636
04/11/2002,FRG,NY,AEA,EN,Towers with Display (VFR),0,24,79,3,106,0,7,382,2,391,0,31,461,5,497,82,0,82,579
04/12/2002,FRG,NY,AEA,EN,Towers with Display (VFR),0,11,85,0,96,0,15,156,0,171,0,26,241,0,267,334,0,334,601
04/13/2002,FRG,NY,AEA,EN,Towers with Display (VFR),2,10,39,3,54,0,2,150,4,156,2,12,189,7,210,39,0,39,249
04/14/2002,FRG,NY,AEA,EN,Towers with Display (VFR),0,29,59,0,88,0,5,309,0,314,0,34,368,0,402,312,0,312,714
04/15/2002,FRG,NY,AEA,EN,Towers with Display (VFR),0,14,57,0,71,0,1,175,0,176,0,15,232,0,247,177,0,177,424
04/16/2002,FRG,NY,AEA,EN,Towers with Display (VFR),2,15,55,0,72,0,7,378,0,385,2,22,433,0,457,320,0,320,777
04/17/2002,FRG,NY,AEA,EN,Towers with Display (VFR),0,15,44,0,59,0,2,305,0,307,0,17,349,0,366,148,0,148,514
04/18/2002,FRG,NY,AEA,EN,Towers with Display (VFR),0,14,46,0,60,0,7,348,0,355,0,21,394,0,415,262,0,262,677
04/19/2002,FRG,NY,AEA,EN,Towers with Display (VFR),0,23,44,0,67,0,14,265,1,280,0,37,309,1,347,216,0,216,563
04/20/2002,FRG,NY,AEA,EN,Towers with Display (VFR),2,19,48,0,69,0,0,261,0,261,2,19,309,0,330,290,0,290,620
04/21/2002,FRG,NY,AEA,EN,Towers with Display (VFR),0,21,43,1,65,0,0,367,4,371,0,21,410,5,436,156,0,156,592
04/22/2002,FRG,NY,AEA,EN,Towers with Display (VFR),0,12,45,0,57,1,0,17,0,18,1,12,62,0,75,328,0,328,403
04/23/2002,FRG,NY,AEA,EN,Towers with Display (VFR),0,17,36,0,53,0,11,255,2,268,0,28,291,2,321,89,0,89,410
04/24/2002,FRG,NY,AEA,EN,Towers with Display (VFR),0,12,55,0,67,0,7,404,1,412,0,19,459,1,479,7,0,7,486
04/25/2002,FRG,NY,AEA,EN,Towers with Display (VFR),0,15,40,0,55,1,2,90,0,93,1,17,130,0,148,340,0,340,488
04/26/2002,FRG,NY,AEA,EN,Towers with Display (VFR),0,24,43,0,67,0,2,369,1,372,0,26,412,1,439,266,0,266,705
04/27/2002,FRG,NY,AEA,EN,Towers with Display (VFR),1,8,36,1,46,0,3,464,1,468,1,11,500,2,514,301,0,301,815
04/28/2002,FRG,NY,AEA,EN,Towers with Display (VFR),0,22,36,0,58,0,0,0,0,0,0,22,36,0,58,278,0,278,336
04/29/2002,FRG,NY,AEA,EN,Towers with Display (VFR),1,22,63,0,86,0,1,99,0,100,1,23,162,0,186,348,0,348,534
04/30/2002,FRG,NY,AEA,EN,Towers with Display (VFR),0,24,35,0,59,0,1,206,0,207,0,25,241,0,266,248,0,248,514
05/01/2002,FRG,NY,AEA,EN,Towers with Display (VFR),0,30,40,0,70,0,25,276,0,301,0,55,316,0,371,378,0,378,749
05/02/2002,FRG,NY,AEA,EN,Towers with Display (VFR),0,11,64,0,75,0,0,8,0,8,0,11,72,0,83,10,0,10,93
05/03/2002,FRG,NY,AEA,EN,Towers with Display (VFR),0,24,33,1,58,0,0,86,4,90,0,24,119,5,148,26,0,26,174
05/04/2002,FRG,NY,AEA,EN,Towers with Display (VFR),0,5,40,1,46,0,0,411,2,413,0,5,451,3,459,341,0,341,800
05/05/2002,FRG,NY,AEA,EN,Towers with Display (VFR),2,31,43,6,82,0,2,451,6,459,2,33,494,12,541,324,0,324,865
05/06/2002,FRG,NY,AEA,EN,Towers with Display (VFR),2,26,25,0,53,0,5,324,0,329,2,31,349,0,382,392,0,392,774
05/07/2002,FRG,NY,AEA,EN,Towers with Display (VFR),0,16,40,0,56,0,6,193,0,199,0,22,233,0,255,318,0,318,573
05/08/2002,FRG,NY,AEA,EN,Towers with Display (VFR),0,20,69,4,93,0,10,358,1,369,0,30,427,5,462,449,0,449,911
05/09/2002,FRG,NY,AEA,EN,Towers with Display (VFR),0,25,57,1,83,0,12,85,3,100,0,37,142,4,183,123,0,123,306
05/10/2002,FRG,NY,AEA,EN,Towers with Display (VFR),0,20,49,7,76,0,9,335,5,349,0,29,384,12,425,291,2,293,718
05/11/2002,FRG,NY,AEA,EN,Towers with Display (VFR),0,7,29,0,36,0,5,456,5,466,0,12,485,5,502,390,0,390,892
05/12/2002,FRG,NY,AEA,EN,Towers with Display (VFR),0,20,51,1,72,0,0,27,0,27,0,20,78,1,99,94,0,94,193
05/13/2002,FRG,NY,AEA,EN,Towers with Display (VFR),2,15,21,0,38,0,0,3,0,3,2,15,24,0,41,8,0,8,49
05/14/2002,FRG,NY,AEA,EN,Towers with Display (VFR),0,11,41,0,52,0,13,120,0,133,0,24,161,0,185,179,0,179,364
05/15/2002,FRG,NY,AEA,EN,Towers with Display (VFR),0,21,38,0,59,0,9,161,0,170,0,30,199,0,229,183,0,183,412
05/16/2002,FRG,NY,AEA,EN,Towers with Display (VFR),0,14,42,0,56,0,0,451,0,451,0,14,493,0,507,435,0,435,942
05/17/2002,FRG,NY,AEA,EN,Towers with Display (VFR),1,21,50,2,74,1,2,265,1,269,2,23,315,3,343,436,0,436,779
05/18/2002,FRG,NY,AEA,EN,Towers with Display (VFR),0,17,28,1,46,0,5,42,0,47,0,22,70,1,93,43,0,43,136
05/19/2002,FRG,NY,AEA,EN,Towers with Display (VFR),0,27,62,2,91,0,0,466,1,467,0,27,528,3,558,254,0,254,812
05/20/2002,FRG,NY,AEA,EN,Towers with Display (VFR),0,17,42,0,59,0,8,331,0,339,0,25,373,0,398,471,0,471,869
05/21/2002,FRG,NY,AEA,EN,Towers with Display (VFR),0,18,32,0,50,0,9,386,0,395,0,27,418,0,445,521,0,521,966
05/22/2002,FRG,NY,AEA,EN,Towers with Display (VFR),0,30,52,0,82,0,7,440,3,450,0,37,492,3,532,648,0,648,1180
05/23/2002,FRG,NY,AEA,EN,Towers with Display (VFR),0,22,56,1,79,0,4,429,0,433,0,26,485,1,512,475,0,475,987
05/24/2002,FRG,NY,AEA,EN,Towers with Display (VFR),0,34,69,2,105,0,6,396,2,404,0,40,465,4,509,411,1,412,921
05/25/2002,FRG,NY,AEA,EN,Towers with Display (VFR),0,6,35,1,42,0,0,376,2,378,0,6,411,3,420,414,0,414,834
05/26/2002,FRG,NY,AEA,EN,Towers with Display (VFR),0,19,65,0,84,0,0,31,0,31,0,19,96,0,115,150,0,150,265
05/27/2002,FRG,NY,AEA,EN,Towers with Display (VFR),0,12,69,2,83,0,5,125,1,131,0,17,194,3,214,326,1,327,541
05/28/2002,FRG,NY,AEA,EN,Towers with Display (VFR),0,26,50,2,78,0,5,148,0,153,0,31,198,2,231,432,0,432,663
05/29/2002,FRG,NY,AEA,EN,Towers with Display (VFR),2,19,64,0,85,0,10,196,0,206,2,29,260,0,291,593,0,593,884
05/30/2002,FRG,NY,AEA,EN,Towers with Display (VFR),0,11,85,0,96,0,4,156,0,160,0,15,241,0,256,390,0,390,646
05/31/2002,FRG,NY,AEA,EN,Towers with Display (VFR),0,15,55,1,71,0,18,189,0,207,0,33,244,1,278,267,0,267,545
06/01/2002,FRG,NY,AEA,EN,Towers with Display (VFR),0,11,32,0,43,0,1,380,7,388,0,12,412,7,431,261,0,261,692
06/02/2002,FRG,NY,AEA,EN,Towers with Display (VFR),0,30,29,0,59,0,1,308,1,310,0,31,337,1,369,231,0,231,600
06/03/2002,FRG,NY,AEA,EN,Towers with Display (VFR),2,13,29,0,44,0,6,412,0,418,2,19,441,0,462,327,0,327,789
06/04/2002,FRG,NY,AEA,EN,Towers with Display (VFR),0,8,51,0,59,0,8,269,0,277,0,16,320,0,336,507,0,507,843
06/05/2002,FRG,NY,AEA,EN,Towers with Display (VFR),2,17,57,0,76,0,5,94,0,99,2,22,151,0,175,271,0,271,446
06/06/2002,FRG,NY,AEA,EN,Towers with Display (VFR),0,30,47,0,77,0,4,55,0,59,0,34,102,0,136,131,0,131,267
06/07/2002,FRG,NY,AEA,EN,Towers with Display (VFR),0,29,106,0,135,0,6,187,0,193,0,35,293,0,328,231,0,231,559
06/08/2002,FRG,NY,AEA,EN,Towers with Display (VFR),0,18,53,0,71,0,2,472,1,475,0,20,525,1,546,331,0,331,877
06/09/2002,FRG,NY,AEA,EN,Towers with Display (VFR),2,35,49,0,86,0,0,433,2,435,2,35,482,2,521,349,0,349,870
06/10/2002,FRG,NY,AEA,EN,Towers with Display (VFR),0,29,69,0,98,0,23,448,0,471,0,52,517,0,569,411,0,411,980
06/11/2002,FRG,NY,AEA,EN,Towers with Display (VFR),0,30,72,0,102,0,2,234,0,236,0,32,306,0,338,401,0,401,739
06/12/2002,FRG,NY,AEA,EN,Towers with Display (VFR),0,22,93,0,115,0,5,210,0,215,0,27,303,0,330,199,0,199,529
06/13/2002,FRG,NY,AEA,EN,Towers with Display (VFR),0,30,181,0,211,4,5,146,0,155,4,35,327,0,366,156,0,156,522
06/14/2002,FRG,NY,AEA,EN,Towers with Display (VFR),0,42,132,0,174,0,1,4,0,5,0,43,136,0,179,14,0,14,193
06/15/2002,FRG,NY,AEA,EN,Towers with Display (VFR),0,31,90,0,121,0,1,52,4,57,0,32,142,4,178,138,0,138,316
06/16/2002,FRG,NY,AEA,EN,Towers with Display (VFR),0,112,75,0,187,0,5,326,1,332,0,117,401,1,519,363,0,363,882
06/17/2002,FRG,NY,AEA,EN,Towers with Display (VFR),0,15,52,0,67,0,19,365,4,388,0,34,417,4,455,403,0,403,858
06/18/2002,FRG,NY,AEA,EN,Towers with Display (VFR),0,13,44,0,57,0,5,354,0,359,0,18,398,0,416,488,0,488,904
06/19/2002,FRG,NY,AEA,EN,Towers with Display (VFR),0,26,47,3,76,0,13,385,4,402,0,39,432,7,478,445,0,445,923
06/20/2002,FRG,NY,AEA,EN,Towers with Display (VFR),0,23,57,0,80,0,1,380,2,383,0,24,437,2,463,509,0,509,972
06/21/2002,FRG,NY,AEA,EN,Towers with Display (VFR),0,23,51,0,74,0,7,350,2,359,0,30,401,2,433,483,0,483,916
06/22/2002,FRG,NY,AEA,EN,Towers with Display (VFR),0,17,49,0,66,0,5,389,4,398,0,22,438,4,464,295,0,295,759
06/23/2002,FRG,NY,AEA,EN,Towers with Display (VFR),0,31,59,0,90,0,3,345,1,349,0,34,404,1,439,314,0,314,753
06/24/2002,FRG,NY,AEA,EN,Towers with Display (VFR),0,13,51,0,64,0,7,286,0,293,0,20,337,0,357,515,0,515,872
06/25/2002,FRG,NY,AEA,EN,Towers with Display (VFR),0,17,52,0,69,0,2,328,1,331,0,19,380,1,400,402,0,402,802
06/26/2002,FRG,NY,AEA,EN,Towers with Display (VFR),2,33,91,0,126,0,5,91,0,96,2,38,182,0,222,186,0,186,408
06/27/2002,FRG,NY,AEA,EN,Towers with Display (VFR),0,29,59,0,88,0,14,216,3,233,0,43,275,3,321,425,0,425,746
06/28/2002,FRG,NY,AEA,EN,Towers with Display (VFR),0,32,83,2,117,0,5,293,4,302,0,37,376,6,419,355,0,355,774
06/29/2002,FRG,NY,AEA,EN,Towers with Display (VFR),0,5,43,1,49,0,1,469,2,472,0,6,512,3,521,338,0,338,859
06/30/2002,FRG,NY,AEA,EN,Towers with Display (VFR),0,35,55,3,93,0,5,379,5,389,0,40,434,8,482,372,0,372,854
07/01/2002,FRG,NY,AEA,EN,Towers with Display (VFR),0,6,58,2,66,1,1,292,0,294,1,7,350,2,360,398,0,398,758
07/02/2002,FRG,NY,AEA,EN,Towers with Display (VFR),0,3,77,2,82,0,5,195,0,200,0,8,272,2,282,455,0,455,737
07/03/2002,FRG,NY,AEA,EN,Towers with Display (VFR),2,11,69,0,82,0,6,300,7,313,2,17,369,7,395,290,0,290,685
07/04/2002,FRG,NY,AEA,EN,Towers with Display (VFR),0,6,29,1,36,0,4,232,2,238,0,10,261,3,274,287,0,287,561
07/05/2002,FRG,NY,AEA,EN,Towers with Display (VFR),0,4,40,0,44,0,1,350,1,352,0,5,390,1,396,318,0,318,714
07/06/2002,FRG,NY,AEA,EN,Towers with Display (VFR),2,11,38,0,51,0,1,354,0,355,2,12,392,0,406,226,0,226,632
07/07/2002,FRG,NY,AEA,EN,Towers with Display (VFR),0,31,181,1,213,0,1,11,0,12,0,32,192,1,225,38,0,38,263
07/08/2002,FRG,NY,AEA,EN,Towers with Display (VFR),0,10,98,1,109,0,0,136,1,137,0,10,234,2,246,201,0,201,447
07/09/2002,FRG,NY,AEA,EN,Towers with Display (VFR),0,23,80,0,103,0,2,108,2,112,0,25,188,2,215,245,0,245,460
07/10/2002,FRG,NY,AEA,EN,Towers with Display (VFR),1,13,77,0,91,0,3,351,0,354,1,16,428,0,445,384,0,384,829
07/11/2002,FRG,NY,AEA,EN,Towers with Display (VFR),0,15,51,0,66,0,2,313,1,316,0,17,364,1,382,282,0,282,664
07/12/2002,FRG,NY,AEA,EN,Towers with Display (VFR),0,19,53,1,73,0,0,491,1,492,0,19,544,2,565,474,2,476,1041
07/13/2002,FRG,NY,AEA,EN,Towers with Display (VFR),0,6,45,0,51,0,0,399,0,399,0,6,444,0,450,331,0,331,781
07/14/2002,FRG,NY,AEA,EN,Towers with Display (VFR),1,30,62,2,95,1,0,369,0,370,2,30,431,2,465,422,0,422,887
07/15/2002,FRG,NY,AEA,EN,Towers with Display (VFR),0,18,60,0,78,0,8,268,0,276,0,26,328,0,354,470,0,470,824
07/16/2002,FRG,NY,AEA,EN,Towers with Display (VFR),0,9,39,0,48,0,5,323,0,328,0,14,362,0,376,434,0,434,810
07/17/2002,FRG,NY,AEA,EN,Towers with Display (VFR),0,27,52,0,79,0,9,391,2,402,0,36,443,2,481,333,0,333,814
07/18/2002,FRG,NY,AEA,EN,Towers with Display (VFR),0,21,75,0,96,0,10,227,0,237,0,31,302,0,333,414,0,414,747
07/19/2002,FRG,NY,AEA,EN,Towers with Display (VFR),0,30,71,2,103,0,0,121,2,123,0,30,192,4,226,363,0,363,589
07/20/2002,FRG,NY,AEA,EN,Towers with Display (VFR),0,16,93,0,109,0,1,184,1,186,0,17,277,1,295,213,0,213,508
07/21/2002,FRG,NY,AEA,EN,Towers with Display (VFR),0,26,70,1,97,0,0,406,0,406,0,26,476,1,503,285,0,285,788
07/22/2002,FRG,NY,AEA,EN,Towers with Display (VFR),0,13,47,0,60,0,3,303,0,306,0,16,350,0,366,527,0,527,893
07/23/2002,FRG,NY,AEA,EN,Towers with Display (VFR),0,10,54,0,64,0,4,136,0,140,0,14,190,0,204,334,0,334,538
07/24/2002,FRG,NY,AEA,EN,Towers with Display (VFR),0,14,60,0,74,0,2,307,0,309,0,16,367,0,383,542,0,542,925
07/25/2002,FRG,NY,AEA,EN,Towers with Display (VFR),0,16,57,2,75,0,12,353,0,365,0,28,410,2,440,411,0,411,851
07/26/2002,FRG,NY,AEA,EN,Towers with Display (VFR),0,24,56,2,82,0,3,303,2,308,0,27,359,4,390,418,4,422,812
07/27/2002,FRG,NY,AEA,EN,Towers with Display (VFR),0,14,67,0,81,0,0,156,0,156,0,14,223,0,237,244,0,244,481
07/28/2002,FRG,NY,AEA,EN,Towers with Display (VFR),0,20,74,0,94,0,3,23,2,28,0,23,97,2,122,30,0,30,152
07/29/2002,FRG,NY,AEA,EN,Towers with Display (VFR),0,18,67,0,85,0,15,255,1,271,0,33,322,1,356,496,0,496,852
07/30/2002,FRG,NY,AEA,EN,Towers with Display (VFR),0,23,56,0,79,0,0,263,0,263,0,23,319,0,342,367,0,367,709
07/31/2002,FRG,NY,AEA,EN,Towers with Display (VFR),0,26,48,0,74,0,3,423,0,426,0,29,471,0,500,387,0,387,887
08/01/2002,FRG,NY,AEA,EN,Towers with Display (VFR),0,15,44,0,59,0,8,375,0,383,0,23,419,0,442,433,0,433,875
08/02/2002,FRG,NY,AEA,EN,Towers with Display (VFR),0,15,86,0,101,0,9,244,0,253,0,24,330,0,354,340,0,340,694
08/03/2002,FRG,NY,AEA,EN,Towers with Display (VFR),0,9,45,0,54,0,1,388,0,389,0,10,433,0,443,330,0,330,773
08/04/2002,FRG,NY,AEA,EN,Towers with Display (VFR),0,43,65,1,109,0,1,354,0,355,0,44,419,1,464,253,0,253,717
08/05/2002,FRG,NY,AEA,EN,Towers with Display (VFR),0,20,45,1,66,0,6,119,0,125,0,26,164,1,191,361,0,361,552
08/06/2002,FRG,NY,AEA,EN,Towers with Display (VFR),0,10,45,0,55,0,11,305,0,316,0,21,350,0,371,262,0,262,633
08/07/2002,FRG,NY,AEA,EN,Towers with Display (VFR),0,15,53,0,68,0,9,419,7,435,0,24,472,7,503,456,0,456,959
08/08/2002,FRG,NY,AEA,EN,Towers with Display (VFR),0,21,40,2,63,0,5,520,0,525,0,26,560,2,588,363,0,363,951
08/09/2002,FRG,NY,AEA,EN,Towers with Display (VFR),0,22,61,1,84,0,2,517,0,519,0,24,578,1,603,410,0,410,1013
08/10/2002,FRG,NY,AEA,EN,Towers with Display (VFR),0,17,36,1,54,0,0,429,0,429,0,17,465,1,483,281,0,281,764
08/11/2002,FRG,NY,AEA,EN,Towers with Display (VFR),0,28,47,2,77,0,0,407,1,408,0,28,454,3,485,329,0,329,814
08/12/2002,FRG,NY,AEA,EN,Towers with Display (VFR),0,7,46,0,53,0,11,310,0,321,0,18,356,0,374,439,0,439,813
08/13/2002,FRG,NY,AEA,EN,Towers with Display (VFR),0,14,59,0,73,0,8,234,0,242,0,22,293,0,315,419,0,419,734
08/14/2002,FRG,NY,AEA,EN,Towers with Display (VFR),0,14,73,0,87,0,5,302,2,309,0,19,375,2,396,547,0,547,943
08/15/2002,FRG,NY,AEA,EN,Towers with Display (VFR),4,19,97,0,120,0,3,211,0,214,4,22,308,0,334,170,0,170,504
08/16/2002,FRG,NY,AEA,EN,Towers with Display (VFR),2,12,65,0,79,0,6,183,2,191,2,18,248,2,270,307,0,307,577
08/17/2002,FRG,NY,AEA,EN,Towers with Display (VFR),0,17,48,0,65,0,0,278,0,278,0,17,326,0,343,302,0,302,645
08/18/2002,FRG,NY,AEA,EN,Towers with Display (VFR),0,20,35,0,55,0,1,267,0,268,0,21,302,0,323,359,0,359,682
08/19/2002,FRG,NY,AEA,EN,Towers with Display (VFR),0,10,47,0,57,0,6,364,1,371,0,16,411,1,428,425,0,425,853
08/20/2002,FRG,NY,AEA,EN,Towers with Display (VFR),0,16,76,0,92,0,8,188,0,196,0,24,264,0,288,231,0,231,519
08/21/2002,FRG,NY,AEA,EN,Towers with Display (VFR),0,27,49,0,76,0,6,403,0,409,0,33,452,0,485,470,0,470,955
08/22/2002,FRG,NY,AEA,EN,Towers with Display (VFR),0,30,37,0,67,0,2,353,7,362,0,32,390,7,429,502,0,502,931
08/23/2002,FRG,NY,AEA,EN,Towers with Display (VFR),0,25,78,0,103,0,4,180,1,185,0,29,258,1,288,350,0,350,638
08/24/2002,FRG,NY,AEA,EN,Towers with Display (VFR),0,21,70,0,91,0,0,88,0,88,0,21,158,0,179,108,0,108,287
08/25/2002,FRG,NY,AEA,EN,Towers with Display (VFR),0,40,51,0,91,0,1,415,0,416,0,41,466,0,507,351,0,351,858
08/26/2002,FRG,NY,AEA,EN,Towers with Display (VFR),0,14,40,0,54,0,15,403,0,418,0,29,443,0,472,494,0,494,966
08/27/2002,FRG,NY,AEA,EN,Towers with Display (VFR),2,18,68,0,88,0,12,304,0,316,2,30,372,0,404,302,0,302,706
08/28/2002,FRG,NY,AEA,EN,Towers with Display (VFR),0,27,50,0,77,0,6,291,0,297,0,33,341,0,374,311,0,311,685
08/29/2002,FRG,NY,AEA,EN,Towers with Display (VFR),1,40,71,0,112,0,4,34,0,38,1,44,105,0,150,31,0,31,181
08/30/2002,FRG,NY,AEA,EN,Towers with Display (VFR),0,22,101,1,124,0,0,60,1,61,0,22,161,2,185,103,0,103,288
08/31/2002,FRG,NY,AEA,EN,Towers with Display (VFR),0,11,66,0,77,0,0,223,0,223,0,11,289,0,300,277,0,277,577
09/01/2002,FRG,NY,AEA,EN,Towers with Display (VFR),0,18,74,0,92,0,2,20,0,22,0,20,94,0,114,85,0,85,199
09/02/2002,FRG,NY,AEA,EN,Towers with Display (VFR),0,14,67,1,82,0,2,0,0,2,0,16,67,1,84,9,0,9,93
09/03/2002,FRG,NY,AEA,EN,Towers with Display (VFR),0,11,58,0,69,0,9,275,0,284,0,20,333,0,353,411,0,411,764
09/04/2002,FRG,NY,AEA,EN,Towers with Display (VFR),0,10,79,0,89,0,8,175,3,186,0,18,254,3,275,317,0,317,592
09/05/2002,FRG,NY,AEA,EN,Towers with Display (VFR),0,24,46,0,70,0,8,429,3,440,0,32,475,3,510,341,0,341,851
09/06/2002,FRG,NY,AEA,EN,Towers with Display (VFR),1,13,49,0,63,0,10,376,0,386,1,23,425,0,449,519,0,519,968
09/07/2002,FRG,NY,AEA,EN,Towers with Display (VFR),0,16,34,0,50,0,1,402,0,403,0,17,436,0,453,344,0,344,797
09/08/2002,FRG,NY,AEA,EN,Towers with Display (VFR),0,23,45,0,68,0,1,459,0,460,0,24,504,0,528,285,0,285,813
09/09/2002,FRG,NY,AEA,EN,Towers with Display (VFR),0,35,93,0,128,0,9,372,0,381,0,44,465,0,509,494,0,494,1003
09/10/2002,FRG,NY,AEA,EN,Towers with Display (VFR),0,15,56,0,71,0,1,233,0,234,0,16,289,0,305,377,0,377,682
09/11/2002,FRG,NY,AEA,EN,Towers with Display (VFR),2,9,25,0,36,0,0,4,0,4,2,9,29,0,40,11,0,11,51
09/12/2002,FRG,NY,AEA,EN,Towers with Display (VFR),0,22,84,2,108,0,0,10,2,12,0,22,94,4,120,15,0,15,135
09/13/2002,FRG,NY,AEA,EN,Towers with Display (VFR),0,28,95,0,123,0,2,26,0,28,0,30,121,0,151,17,0,17,168
09/14/2002,FRG,NY,AEA,EN,Towers with Display (VFR),0,9,49,0,58,0,0,292,0,292,0,9,341,0,350,369,0,369,719
09/15/2002,FRG,NY,AEA,EN,Towers with Display (VFR),0,15,68,0,83,0,0,12,0,12,0,15,80,0,95,56,0,56,151
09/16/2002,FRG,NY,AEA,EN,Towers with Display (VFR),0,15,52,0,67,0,0,28,0,28,0,15,80,0,95,71,0,71,166
09/17/2002,FRG,NY,AEA,EN,Towers with Display (VFR),0,18,67,0,85,0,5,328,1,334,0,23,395,1,419,502,0,502,921
09/18/2002,FRG,NY,AEA,EN,Towers with Display (VFR),1,13,65,0,79,0,1,367,0,368,1,14,432,0,447,467,0,467,914
09/19/2002,FRG,NY,AEA,EN,Towers with Display (VFR),1,12,58,0,71,0,0,328,0,328,1,12,386,0,399,496,0,496,895
09/20/2002,FRG,NY,AEA,EN,Towers with Display (VFR),2,23,57,0,82,0,8,329,0,337,2,31,386,0,419,392,0,392,811
09/21/2002,FRG,NY,AEA,EN,Towers with Display (VFR),0,9,68,0,77,0,0,244,2,246,0,9,312,2,323,283,0,283,606
09/22/2002,FRG,NY,AEA,EN,Towers with Display (VFR),2,27,72,0,101,0,1,339,0,340,2,28,411,0,441,395,0,395,836
09/23/2002,FRG,NY,AEA,EN,Towers with Display (VFR),0,9,40,0,49,0,0,191,1,192,0,9,231,1,241,503,0,503,744
09/24/2002,FRG,NY,AEA,EN,Towers with Display (VFR),0,11,52,0,63,0,8,317,0,325,0,19,369,0,388,452,0,452,840
09/25/2002,FRG,NY,AEA,EN,Towers with Display (VFR),0,16,55,1,72,0,2,397,2,401,0,18,452,3,473,401,0,401,874
09/26/2002,FRG,NY,AEA,EN,Towers with Display (VFR),0,17,82,2,101,0,2,80,0,82,0,19,162,2,183,178,0,178,361
09/27/2002,FRG,NY,AEA,EN,Towers with Display (VFR),0,17,75,0,92,0,0,0,0,0,0,17,75,0,92,14,0,14,106
09/28/2002,FRG,NY,AEA,EN,Towers with Display (VFR),0,17,47,0,64,0,0,273,0,273,0,17,320,0,337,202,0,202,539
09/29/2002,FRG,NY,AEA,EN,Towers with Display (VFR),0,27,46,0,73,0,0,492,0,492,0,27,538,0,565,300,0,300,865
09/30/2002,FRG,NY,AEA,EN,Towers with Display (VFR),2,19,37,0,58,0,2,283,0,285,2,21,320,0,343,296,0,296,639
10/01/2002,FRG,NY,AEA,EN,Towers with Display (VFR),1,14,44,0,59,0,5,243,1,249,1,19,287,1,308,0,0,0,308
10/02/2002,FRG,NY,AEA,EN,Towers with Display (VFR),0,17,76,0,93,0,0,198,0,198,0,17,274,0,291,239,0,239,530
10/03/2002,FRG,NY,AEA,EN,Towers with Display (VFR),0,12,42,0,54,0,26,195,0,221,0,38,237,0,275,241,0,241,516
10/04/2002,FRG,NY,AEA,EN,Towers with Display (VFR),0,26,82,0,108,0,12,62,0,74,0,38,144,0,182,124,0,124,306
10/05/2002,FRG,NY,AEA,EN,Towers with Display (VFR),0,12,50,0,62,0,0,195,0,195,0,12,245,0,257,328,0,328,585
10/06/2002,FRG,NY,AEA,EN,Towers with Display (VFR),0,13,42,0,55,0,19,492,0,511,0,32,534,0,566,197,0,197,763
10/07/2002,FRG,NY,AEA,EN,Towers with Display (VFR),0,16,52,0,68,2,4,128,0,134,2,20,180,0,202,170,0,170,372
10/08/2002,FRG,NY,AEA,EN,Towers with Display (VFR),0,15,48,0,63,2,5,347,5,359,2,20,395,5,422,424,0,424,846
10/09/2002,FRG,NY,AEA,EN,Towers with Display (VFR),0,20,63,0,83,3,11,295,0,309,3,31,358,0,392,348,0,348,740
10/10/2002,FRG,NY,AEA,EN,Towers with Display (VFR),0,13,40,1,54,1,3,206,1,211,1,16,246,2,265,320,0,320,585
10/11/2002,FRG,NY,AEA,EN,Towers with Display (VFR),0,18,58,0,76,0,9,31,0,40,0,27,89,0,116,13,0,13,129
10/12/2002,FRG,NY,AEA,EN,Towers with Display (VFR),0,10,40,1,51,0,0,13,1,14,0,10,53,2,65,5,0,5,70
10/13/2002,FRG,NY,AEA,EN,Towers with Display (VFR),0,17,55,1,73,2,4,31,1,38,2,21,86,2,111,18,0,18,129
10/14/2002,FRG,NY,AEA,EN,Towers with Display (VFR),1,14,64,0,79,1,0,294,0,295,2,14,358,0,374,285,0,285,659
10/15/2002,FRG,NY,AEA,EN,Towers with Display (VFR),0,20,89,0,109,0,0,283,0,283,0,20,372,0,392,424,0,424,816
10/16/2002,FRG,NY,AEA,EN,Towers with Display (VFR),0,9,38,0,47,0,0,0,0,0,0,9,38,0,47,8,0,8,55
10/17/2002,FRG,NY,AEA,EN,Towers with Display (VFR),0,23,64,1,88,0,5,390,0,395,0,28,454,1,483,468,0,468,951
10/18/2002,FRG,NY,AEA,EN,Towers with Display (VFR),0,21,43,1,65,0,4,427,0,431,0,25,470,1,496,300,0,300,796
10/19/2002,FRG,NY,AEA,EN,Towers with Display (VFR),0,12,46,0,58,0,2,172,5,179,0,14,218,5,237,167,0,167,404
10/20/2002,FRG,NY,AEA,EN,Towers with Display (VFR),0,18,52,0,70,0,4,444,0,448,0,22,496,0,518,274,0,274,792
10/21/2002,FRG,NY,AEA,EN,Towers with Display (VFR),2,23,32,0,57,0,2,278,0,280,2,25,310,0,337,428,0,428,765
10/22/2002,FRG,NY,AEA,EN,Towers with Display (VFR),0,27,60,0,87,0,20,322,0,342,0,47,382,0,429,418,0,418,847
10/23/2002,FRG,NY,AEA,EN,Towers with Display (VFR),2,16,64,0,82,0,0,303,0,303,2,16,367,0,385,388,0,388,773
10/24/2002,FRG,NY,AEA,EN,Towers with Display (VFR),3,23,54,0,80,0,10,400,2,412,3,33,454,2,492,352,0,352,844
10/25/2002,FRG,NY,AEA,EN,Towers with Display (VFR),4,19,66,0,89,0,3,250,0,253,4,22,316,0,342,332,0,332,674
10/26/2002,FRG,NY,AEA,EN,Towers with Display (VFR),2,18,49,4,73,0,1,25,0,26,2,19,74,4,99,22,0,22,121
10/27/2002,FRG,NY,AEA,EN,Towers with Display (VFR),4,21,51,0,76,0,0,521,1,522,4,21,572,1,598,173,0,173,771
10/28/2002,FRG,NY,AEA,EN,Towers with Display (VFR),0,8,38,0,46,0,1,298,0,299,0,9,336,0,345,472,0,472,817
10/29/2002,FRG,NY,AEA,EN,Towers with Display (VFR),1,5,42,0,48,0,2,256,0,258,1,7,298,0,306,318,0,318,624
10/30/2002,FRG,NY,AEA,EN,Towers with Display (VFR),0,14,30,5,49,0,1,160,0,161,0,15,190,5,210,334,0,334,544
10/31/2002,FRG,NY,AEA,EN,Towers with Display (VFR),2,18,58,1,79,0,6,336,3,345,2,24,394,4,424,409,0,409,833
11/01/2002,FRG,NY,AEA,EN,Towers with Display (VFR),2,25,51,1,79,0,6,250,0,256,2,31,301,1,335,240,0,240,575
11/02/2002,FRG,NY,AEA,EN,Towers with Display (VFR),1,13,36,0,50,1,6,313,0,320,2,19,349,0,370,394,0,394,764
11/03/2002,FRG,NY,AEA,EN,Towers with Display (VFR),1,24,47,1,73,0,0,389,0,389,1,24,436,1,462,207,0,207,669
11/04/2002,FRG,NY,AEA,EN,Towers with Display (VFR),3,9,32,0,44,0,8,132,0,140,3,17,164,0,184,255,0,255,439
11/05/2002,FRG,NY,AEA,EN,Towers with Display (VFR),0,16,44,1,61,0,0,332,0,332,0,16,376,1,393,362,0,362,755
11/06/2002,FRG,NY,AEA,EN,Towers with Display (VFR),3,14,46,3,66,0,2,40,1,43,3,16,86,4,109,40,0,40,149
11/07/2002,FRG,NY,AEA,EN,Towers with Display (VFR),0,19,52,1,72,0,0,282,9,291,0,19,334,10,363,208,0,208,571
11/08/2002,FRG,NY,AEA,EN,Towers with Display (VFR),0,19,40,1,60,0,4,304,0,308,0,23,344,1,368,181,0,181,549
11/09/2002,FRG,NY,AEA,EN,Towers with Display (VFR),1,2,47,1,51,0,3,448,2,453,1,5,495,3,504,340,0,340,844
11/10/2002,FRG,NY,AEA,EN,Towers with Display (VFR),1,29,77,0,107,0,0,104,0,104,1,29,181,0,211,169,0,169,380
11/11/2002,FRG,NY,AEA,EN,Towers with Display (VFR),1,10,29,0,40,0,1,1,0,2,1,11,30,0,42,4,0,4,46
11/12/2002,FRG,NY,AEA,EN,Towers with Display (VFR),0,16,56,2,74,0,0,40,0,40,0,16,96,2,114,109,0,109,223
11/13/2002,FRG,NY,AEA,EN,Towers with Display (VFR),2,17,67,2,88,0,0,89,0,89,2,17,156,2,177,244,0,244,421
11/14/2002,FRG,NY,AEA,EN,Towers with Display (VFR),0,20,54,0,74,0,1,412,0,413,0,21,466,0,487,317,0,317,804
11/15/2002,FRG,NY,AEA,EN,Towers with Display (VFR),0,24,51,0,75,0,4,392,0,396,0,28,443,0,471,371,0,371,842
11/16/2002,FRG,NY,AEA,EN,Towers with Display (VFR),0,7,33,0,40,0,0,11,0,11,0,7,44,0,51,33,0,33,84
11/17/2002,FRG,NY,AEA,EN,Towers with Display (VFR),0,17,30,0,47,0,0,0,0,0,0,17,30,0,47,1,0,1,48
11/18/2002,FRG,NY,AEA,EN,Towers with Display (VFR),0,19,39,0,58,0,1,60,0,61,0,20,99,0,119,13,0,13,132
11/19/2002,FRG,NY,AEA,EN,Towers with Display (VFR),1,18,53,0,72,0,0,294,1,295,1,18,347,1,367,359,0,359,726
11/20/2002,FRG,NY,AEA,EN,Towers with Display (VFR),0,24,65,3,92,0,0,388,9,397,0,24,453,12,489,367,0,367,856
11/21/2002,FRG,NY,AEA,EN,Towers with Display (VFR),0,20,52,0,72,0,5,178,2,185,0,25,230,2,257,349,0,349,606
11/22/2002,FRG,NY,AEA,EN,Towers with Display (VFR),0,26,63,0,89,0,1,18,0,19,0,27,81,0,108,3,0,3,111
11/23/2002,FRG,NY,AEA,EN,Towers with Display (VFR),0,13,35,0,48,0,6,54,2,62,0,19,89,2,110,26,0,26,136
11/24/2002,FRG,NY,AEA,EN,Towers with Display (VFR),0,14,34,0,48,0,4,443,0,447,0,18,477,0,495,200,0,200,695
11/25/2002,FRG,NY,AEA,EN,Towers with Display (VFR),0,11,41,0,52,0,4,320,0,324,0,15,361,0,376,352,0,352,728
11/26/2002,FRG,NY,AEA,EN,Towers with Display (VFR),2,31,65,0,98,0,5,346,0,351,2,36,411,0,449,276,0,276,725
11/27/2002,FRG,NY,AEA,EN,Towers with Display (VFR),0,28,49,0,77,0,2,74,0,76,0,30,123,0,153,84,0,84,237
11/28/2002,FRG,NY,AEA,EN,Towers with Display (VFR),0,7,21,0,28,0,1,126,0,127,0,8,147,0,155,159,0,159,314
11/29/2002,FRG,NY,AEA,EN,Towers with Display (VFR),3,12,49,0,64,0,0,176,2,178,3,12,225,2,242,238,0,238,480
11/30/2002,FRG,NY,AEA,EN,Towers with Display (VFR),0,11,37,0,48,0,0,215,0,215,0,11,252,0,263,252,0,252,515
12/01/2002,FRG,NY,AEA,EN,Towers with Display (VFR),1,33,89,0,123,0,17,60,0,77,1,50,149,0,200,7,0,7,207
12/02/2002,FRG,NY,AEA,EN,Towers with Display (VFR),1,27,41,0,69,0,4,171,0,175,1,31,212,0,244,313,0,313,557
12/03/2002,FRG,NY,AEA,EN,Towers with Display (VFR),1,16,33,0,50,0,4,136,0,140,1,20,169,0,190,71,0,71,261
12/04/2002,FRG,NY,AEA,EN,Towers with Display (VFR),1,13,47,0,61,0,7,307,0,314,1,20,354,0,375,394,0,394,769
12/05/2002,FRG,NY,AEA,EN,Towers with Display (VFR),0,6,21,0,27,0,1,6,0,7,0,7,27,0,34,20,0,20,54
12/06/2002,FRG,NY,AEA,EN,Towers with Display (VFR),2,35,68,0,105,0,3,171,1,175,2,38,239,1,280,198,0,198,478
12/07/2002,FRG,NY,AEA,EN,Towers with Display (VFR),0,10,38,0,48,0,1,262,0,263,0,11,300,0,311,307,0,307,618
12/08/2002,FRG,NY,AEA,EN,Towers with Display (VFR),0,30,47,0,77,0,3,295,0,298,0,33,342,0,375,188,0,188,563
12/09/2002,FRG,NY,AEA,EN,Towers with Display (VFR),0,14,37,0,51,0,2,250,0,252,0,16,287,0,303,295,0,295,598
12/10/2002,FRG,NY,AEA,EN,Towers with Display (VFR),0,9,59,1,69,0,0,219,0,219,0,9,278,1,288,295,0,295,583
12/11/2002,FRG,NY,AEA,EN,Towers with Display (VFR),0,20,39,0,59,0,0,61,0,61,0,20,100,0,120,60,0,60,180
12/12/2002,FRG,NY,AEA,EN,Towers with Display (VFR),2,8,42,0,52,0,6,237,2,245,2,14,279,2,297,301,0,301,598
12/13/2002,FRG,NY,AEA,EN,Towers with Display (VFR),0,17,41,0,58,0,8,222,0,230,0,25,263,0,288,382,0,382,670
12/14/2002,FRG,NY,AEA,EN,Towers with Display (VFR),0,5,37,0,42,0,0,0,0,0,0,5,37,0,42,7,0,7,49
12/15/2002,FRG,NY,AEA,EN,Towers with Display (VFR),0,11,33,1,45,0,0,325,1,326,0,11,358,2,371,307,6,313,684
12/16/2002,FRG,NY,AEA,EN,Towers with Display (VFR),0,16,29,0,45,0,4,50,0,54,0,20,79,0,99,43,0,43,142
12/17/2002,FRG,NY,AEA,EN,Towers with Display (VFR),0,17,50,0,67,0,1,275,0,276,0,18,325,0,343,337,0,337,680
12/18/2002,FRG,NY,AEA,EN,Towers with Display (VFR),2,17,47,0,66,0,9,332,0,341,2,26,379,0,407,276,0,276,683
12/19/2002,FRG,NY,AEA,EN,Towers with Display (VFR),0,19,62,0,81,0,0,272,0,272,0,19,334,0,353,367,0,367,720
12/20/2002,FRG,NY,AEA,EN,Towers with Display (VFR),1,27,43,0,71,0,0,26,0,26,1,27,69,0,97,16,0,16,113
12/21/2002,FRG,NY,AEA,EN,Towers with Display (VFR),1,19,46,0,66,0,0,146,2,148,1,19,192,2,214,61,0,61,275
12/22/2002,FRG,NY,AEA,EN,Towers with Display (VFR),0,11,50,0,61,1,0,293,0,294,1,11,343,0,355,331,0,331,686
12/23/2002,FRG,NY,AEA,EN,Towers with Display (VFR),1,10,25,0,36,0,3,156,0,159,1,13,181,0,195,181,0,181,376
12/24/2002,FRG,NY,AEA,EN,Towers with Display (VFR),0,8,23,0,31,0,2,151,0,153,0,10,174,0,184,272,0,272,456
12/25/2002,FRG,NY,AEA,EN,Towers with Display (VFR),0,6,14,0,20,0,0,0,0,0,0,6,14,0,20,6,0,6,26
12/26/2002,FRG,NY,AEA,EN,Towers with Display (VFR),0,22,47,0,69,0,3,41,0,44,0,25,88,0,113,20,0,20,133
12/27/2002,FRG,NY,AEA,EN,Towers with Display (VFR),0,20,47,0,67,0,6,234,0,240,0,26,281,0,307,393,0,393,700
12/28/2002,FRG,NY,AEA,EN,Towers with Display (VFR),0,10,44,0,54,0,0,281,4,285,0,10,325,4,339,230,0,230,569
12/29/2002,FRG,NY,AEA,EN,Towers with Display (VFR),2,10,48,0,60,0,1,260,0,261,2,11,308,0,321,307,0,307,628
12/30/2002,FRG,NY,AEA,EN,Towers with Display (VFR),1,10,20,0,31,0,5,272,0,277,1,15,292,0,308,350,0,350,658
12/31/2002,FRG,NY,AEA,EN,Towers with Display (VFR),0,11,25,0,36,0,0,4,0,4,0,11,29,0,40,20,0,20,60
01/01/2003,FRG,NY,AEA,EN,Towers with Display (VFR),0,9,57,0,66,0,1,2,0,3,0,10,59,0,69,1,0,1,70
01/02/2003,FRG,NY,AEA,EN,Towers with Display (VFR),0,16,29,0,45,0,3,103,0,106,0,19,132,0,151,160,0,160,311
01/03/2003,FRG,NY,AEA,EN,Towers with Display (VFR),1,15,18,0,34,1,1,0,0,2,2,16,18,0,36,3,0,3,39
01/04/2003,FRG,NY,AEA,EN,Towers with Display (VFR),0,24,44,0,68,0,1,28,0,29,0,25,72,0,97,108,0,108,205
01/05/2003,FRG,NY,AEA,EN,Towers with Display (VFR),0,26,62,0,88,0,1,224,0,225,0,27,286,0,313,296,0,296,609
01/06/2003,FRG,NY,AEA,EN,Towers with Display (VFR),0,12,31,0,43,0,3,2,0,5,0,15,33,0,48,6,0,6,54
01/07/2003,FRG,NY,AEA,EN,Towers with Display (VFR),1,12,27,0,40,0,9,122,0,131,1,21,149,0,171,78,0,78,249
01/08/2003,FRG,NY,AEA,EN,Towers with Display (VFR),0,6,29,0,35,0,2,134,0,136,0,8,163,0,171,222,0,222,393
01/09/2003,FRG,NY,AEA,EN,Towers with Display (VFR),0,17,41,0,58,0,3,115,0,118,0,20,156,0,176,54,0,54,230
01/10/2003,FRG,NY,AEA,EN,Towers with Display (VFR),2,17,34,0,53,0,2,285,0,287,2,19,319,0,340,232,0,232,572
01/11/2003,FRG,NY,AEA,EN,Towers with Display (VFR),0,5,29,0,34,0,0,177,0,177,0,5,206,0,211,174,0,174,385
01/12/2003,FRG,NY,AEA,EN,Towers with Display (VFR),2,29,34,0,65,0,0,250,0,250,2,29,284,0,315,227,0,227,542
01/13/2003,FRG,NY,AEA,EN,Towers with Display (VFR),0,11,32,1,44,0,6,127,0,133,0,17,159,1,177,151,0,151,328
01/14/2003,FRG,NY,AEA,EN,Towers with Display (VFR),0,12,42,0,54,0,7,258,2,267,0,19,300,2,321,274,0,274,595
01/15/2003,FRG,NY,AEA,EN,Towers with Display (VFR),0,21,52,0,73,0,11,216,1,228,0,32,268,1,301,354,0,354,655
01/16/2003,FRG,NY,AEA,EN,Towers with Display (VFR),0,23,61,0,84,0,6,276,2,284,0,29,337,2,368,279,0,279,647
01/17/2003,FRG,NY,AEA,EN,Towers with Display (VFR),0,25,43,0,68,0,1,172,0,173,0,26,215,0,241,206,0,206,447
01/18/2003,FRG,NY,AEA,EN,Towers with Display (VFR),0,9,25,0,34,0,0,228,0,228,0,9,253,0,262,353,0,353,615
01/19/2003,FRG,NY,AEA,EN,Towers with Display (VFR),0,21,32,0,53,0,0,173,0,173,0,21,205,0,226,419,0,419,645
01/20/2003,FRG,NY,AEA,EN,Towers with Display (VFR),0,19,47,0,66,0,0,60,0,60,0,19,107,0,126,14,0,14,140
01/21/2003,FRG,NY,AEA,EN,Towers with Display (VFR),0,19,22,0,41,0,0,225,0,225,0,19,247,0,266,229,0,229,495
01/22/2003,FRG,NY,AEA,EN,Towers with Display (VFR),0,14,30,0,44,0,6,160,0,166,0,20,190,0,210,87,0,87,297
01/23/2003,FRG,NY,AEA,EN,Towers with Display (VFR),0,11,54,0,65,0,13,152,0,165,0,24,206,0,230,134,0,134,364
01/24/2003,FRG,NY,AEA,EN,Towers with Display (VFR),0,24,31,0,55,0,0,137,0,137,0,24,168,0,192,104,0,104,296
01/25/2003,FRG,NY,AEA,EN,Towers with Display (VFR),0,15,20,0,35,0,0,350,0,350,0,15,370,0,385,342,0,342,727
01/26/2003,FRG,NY,AEA,EN,Towers with Display (VFR),0,16,37,0,53,0,0,252,0,252,0,16,289,0,305,501,0,501,806
01/27/2003,FRG,NY,AEA,EN,Towers with Display (VFR),0,17,24,0,41,0,1,84,0,85,0,18,108,0,126,76,0,76,202
01/28/2003,FRG,NY,AEA,EN,Towers with Display (VFR),0,11,32,0,43,0,2,187,0,189,0,13,219,0,232,236,0,236,468
01/29/2003,FRG,NY,AEA,EN,Towers with Display (VFR),0,14,44,0,58,2,0,8,0,10,2,14,52,0,68,9,0,9,77
01/30/2003,FRG,NY,AEA,EN,Towers with Display (VFR),2,19,48,0,69,0,3,282,3,288,2,22,330,3,357,336,0,336,693
01/31/2003,FRG,NY,AEA,EN,Towers with Display (VFR),0,23,49,0,72,0,0,0,0,0,0,23,49,0,72,3,0,3,75
02/01/2003,FRG,NY,AEA,EN,Towers with Display (VFR),0,6,27,0,33,0,0,2,0,2,0,6,29,0,35,433,0,433,468
02/02/2003,FRG,NY,AEA,EN,Towers with Display (VFR),0,23,34,0,57,0,0,182,0,182,0,23,216,0,239,340,0,340,579
02/03/2003,FRG,NY,AEA,EN,Towers with Display (VFR),0,15,35,0,50,0,1,323,0,324,0,16,358,0,374,330,0,330,704
02/04/2003,FRG,NY,AEA,EN,Towers with Display (VFR),0,9,25,0,34,0,0,14,0,14,0,9,39,0,48,253,0,253,301
02/05/2003,FRG,NY,AEA,EN,Towers with Display (VFR),0,18,37,0,55,0,2,190,0,192,0,20,227,0,247,361,0,361,608
02/06/2003,FRG,NY,AEA,EN,Towers with Display (VFR),0,20,36,0,56,0,2,355,0,357,0,22,391,0,413,262,0,262,675
02/07/2003,FRG,NY,AEA,EN,Towers with Display (VFR),0,16,29,0,45,0,0,17,0,17,0,16,46,0,62,456,0,456,518
02/08/2003,FRG,NY,AEA,EN,Towers with Display (VFR),1,7,22,0,30,0,0,234,0,234,1,7,256,0,264,363,0,363,627
02/09/2003,FRG,NY,AEA,EN,Towers with Display (VFR),1,31,47,1,80,0,0,311,1,312,1,31,358,2,392,410,0,410,802
02/10/2003,FRG,NY,AEA,EN,Towers with Display (VFR),0,11,18,0,29,0,0,36,0,36,0,11,54,0,65,281,0,281,346
02/11/2003,FRG,NY,AEA,EN,Towers with Display (VFR),0,16,42,0,58,0,1,121,0,122,0,17,163,0,180,329,0,329,509
02/12/2003,FRG,NY,AEA,EN,Towers with Display (VFR),1,22,33,0,56,1,0,58,0,59,2,22,91,0,115,439,0,439,554
02/13/2003,FRG,NY,AEA,EN,Towers with Display (VFR),0,12,49,0,61,0,0,167,0,167,0,12,216,0,228,419,0,419,647
02/14/2003,FRG,NY,AEA,EN,Towers with Display (VFR),0,43,105,0,148,0,0,211,0,211,0,43,316,0,359,547,0,547,906
02/15/2003,FRG,NY,AEA,EN,Towers with Display (VFR),0,30,32,0,62,0,0,139,0,139,0,30,171,0,201,170,0,170,371
02/16/2003,FRG,NY,AEA,EN,Towers with Display (VFR),0,18,30,0,48,0,1,86,0,87,0,19,116,0,135,307,0,307,442
02/17/2003,FRG,NY,AEA,EN,Towers with Display (VFR),0,0,0,0,0,0,0,0,0,0,0,0,0,0,0,302,0,302,302
02/18/2003,FRG,NY,AEA,EN,Towers with Display (VFR),0,14,36,0,50,0,0,29,0,29,0,14,65,0,79,359,0,359,438
02/19/2003,FRG,NY,AEA,EN,Towers with Display (VFR),0,19,38,0,57,0,8,101,0,109,0,27,139,0,166,425,0,425,591
02/20/2003,FRG,NY,AEA,EN,Towers with Display (VFR),0,24,61,0,85,2,0,272,0,274,2,24,333,0,359,231,0,231,590
02/21/2003,FRG,NY,AEA,EN,Towers with Display (VFR),0,26,50,0,76,0,4,300,0,304,0,30,350,0,380,470,0,470,850
02/22/2003,FRG,NY,AEA,EN,Towers with Display (VFR),0,9,25,0,34,0,0,0,0,0,0,9,25,0,34,502,0,502,536
02/23/2003,FRG,NY,AEA,EN,Towers with Display (VFR),0,18,68,0,86,0,0,3,1,4,0,18,71,1,90,350,0,350,440
02/24/2003,FRG,NY,AEA,EN,Towers with Display (VFR),0,14,60,0,74,2,0,121,0,123,2,14,181,0,197,108,0,108,305
02/25/2003,FRG,NY,AEA,EN,Towers with Display (VFR),0,13,60,0,73,0,0,190,0,190,0,13,250,0,263,351,0,351,614
02/26/2003,FRG,NY,AEA,EN,Towers with Display (VFR),0,17,36,0,53,0,0,215,0,215,0,17,251,0,268,494,0,494,762
02/27/2003,FRG,NY,AEA,EN,Towers with Display (VFR),0,25,58,0,83,0,0,175,2,177,0,25,233,2,260,302,0,302,562
02/28/2003,FRG,NY,AEA,EN,Towers with Display (VFR),0,20,51,0,71,0,0,186,0,186,0,20,237,0,257,311,0,311,568
03/01/2003,FRG,NY,AEA,EN,Towers with Display (VFR),1,6,36,0,43,0,1,201,0,202,1,7,237,0,245,456,0,456,701
03/02/2003,FRG,NY,AEA,EN,Towers with Display (VFR),1,24,28,0,53,0,1,10,0,11,1,25,38,0,64,18,0,18,82
03/03/2003,FRG,NY,AEA,EN,Towers with Display (VFR),1,24,32,1,58,0,2,82,0,84,1,26,114,1,142,57,0,57,199
03/04/2003,FRG,NY,AEA,EN,Towers with Display (VFR),0,11,43,0,54,0,2,292,0,294,0,13,335,0,348,315,0,315,663
03/05/2003,FRG,NY,AEA,EN,Towers with Display (VFR),0,12,40,0,52,0,0,39,0,39,0,12,79,0,91,39,0,39,130
03/06/2003,FRG,NY,AEA,EN,Towers with Display (VFR),0,6,27,0,33,0,1,3,0,4,0,7,30,0,37,0,0,0,37
03/07/2003,FRG,NY,AEA,EN,Towers with Display (VFR),1,28,48,0,77,0,8,224,0,232,1,36,272,0,309,246,0,246,555
03/08/2003,FRG,NY,AEA,EN,Towers with Display (VFR),0,10,30,0,40,0,0,418,4,422,0,10,448,4,462,254,0,254,716
03/09/2003,FRG,NY,AEA,EN,Towers with Display (VFR),0,13,37,0,50,0,7,136,0,143,0,20,173,0,193,219,0,219,412
03/10/2003,FRG,NY,AEA,EN,Towers with Display (VFR),0,17,33,0,50,0,3,140,0,143,0,20,173,0,193,219,0,219,412
03/11/2003,FRG,NY,AEA,EN,Towers with Display (VFR),2,9,46,2,59,0,9,248,0,257,2,18,294,2,316,242,0,242,558
03/12/2003,FRG,NY,AEA,EN,Towers with Display (VFR),0,11,71,0,82,0,1,120,0,121,0,12,191,0,203,417,0,417,620
03/13/2003,FRG,NY,AEA,EN,Towers with Display (VFR),0,23,36,0,59,0,0,45,0,45,0,23,81,0,104,184,0,184,288
03/14/2003,FRG,NY,AEA,EN,Towers with Display (VFR),0,17,63,0,80,0,0,326,0,326,0,17,389,0,406,381,0,381,787
03/15/2003,FRG,NY,AEA,EN,Towers with Display (VFR),0,12,45,0,57,0,0,424,0,424,0,12,469,0,481,270,0,270,751
03/16/2003,FRG,NY,AEA,EN,Towers with Display (VFR),0,36,42,0,78,0,0,435,0,435,0,36,477,0,513,377,0,377,890
03/17/2003,FRG,NY,AEA,EN,Towers with Display (VFR),0,9,33,0,42,0,0,278,0,278,0,9,311,0,320,440,0,440,760
03/18/2003,FRG,NY,AEA,EN,Towers with Display (VFR),0,27,61,0,88,0,0,223,0,223,0,27,284,0,311,340,0,340,651
03/19/2003,FRG,NY,AEA,EN,Towers with Display (VFR),0,21,79,0,100,0,1,196,1,198,0,22,275,1,298,148,0,148,446
03/20/2003,FRG,NY,AEA,EN,Towers with Display (VFR),2,16,51,0,69,0,0,41,0,41,2,16,92,0,110,99,0,99,209
03/21/2003,FRG,NY,AEA,EN,Towers with Display (VFR),0,28,22,0,50,0,0,2,0,2,0,28,24,0,52,6,0,6,58
03/22/2003,FRG,NY,AEA,EN,Towers with Display (VFR),0,20,59,2,81,0,1,237,2,240,0,21,296,4,321,203,0,203,524
03/23/2003,FRG,NY,AEA,EN,Towers with Display (VFR),0,30,99,0,129,0,0,248,0,248,0,30,347,0,377,285,0,285,662
03/24/2003,FRG,NY,AEA,EN,Towers with Display (VFR),0,30,95,0,125,0,0,252,0,252,0,30,347,0,377,285,0,285,662
03/25/2003,FRG,NY,AEA,EN,Towers with Display (VFR),0,16,51,0,67,2,0,41,0,43,2,16,92,0,110,99,0,99,209
03/26/2003,FRG,NY,AEA,EN,Towers with Display (VFR),0,21,59,0,80,0,0,237,4,241,0,21,296,4,321,203,0,203,524
03/27/2003,FRG,NY,AEA,EN,Towers with Display (VFR),1,12,70,0,83,0,0,271,0,271,1,12,341,0,354,367,0,367,721
03/28/2003,FRG,NY,AEA,EN,Towers with Display (VFR),0,17,83,0,100,0,0,247,9,256,0,17,330,9,356,98,0,98,454
03/29/2003,FRG,NY,AEA,EN,Towers with Display (VFR),2,23,54,0,79,0,1,18,0,19,2,24,72,0,98,18,0,18,116
03/30/2003,FRG,NY,AEA,EN,Towers with Display (VFR),0,26,72,0,98,0,0,1,0,1,0,26,73,0,99,7,0,7,106
03/31/2003,FRG,NY,AEA,EN,Towers with Display (VFR),1,7,41,0,49,0,2,97,3,102,1,9,138,3,151,106,0,106,257
04/01/2003,FRG,NY,AEA,EN,Towers with Display (VFR),0,11,37,0,48,0,0,120,4,124,0,11,157,4,172,136,0,136,308
04/02/2003,FRG,NY,AEA,EN,Towers with Display (VFR),2,17,77,0,96,0,1,150,1,152,2,18,227,1,248,301,0,301,549
04/03/2003,FRG,NY,AEA,EN,Towers with Display (VFR),0,19,80,0,99,0,0,159,2,161,0,19,239,2,260,340,0,340,600
04/04/2003,FRG,NY,AEA,EN,Towers with Display (VFR),1,11,60,0,72,0,0,8,0,8,1,11,68,0,80,9,0,9,89
04/05/2003,FRG,NY,AEA,EN,Towers with Display (VFR),2,18,23,0,43,0,0,0,0,0,2,18,23,0,43,0,0,0,43
04/06/2003,FRG,NY,AEA,EN,Towers with Display (VFR),1,16,74,1,92,0,0,248,0,248,1,16,322,1,340,259,0,259,599
04/07/2003,FRG,NY,AEA,EN,Towers with Display (VFR),0,3,13,0,16,0,0,2,0,2,0,3,15,0,18,5,0,5,23
04/08/2003,FRG,NY,AEA,EN,Towers with Display (VFR),4,18,47,0,69,0,0,9,0,9,4,18,56,0,78,8,0,8,86
04/09/2003,FRG,NY,AEA,EN,Towers with Display (VFR),0,19,45,0,64,0,2,0,0,2,0,21,45,0,66,9,0,9,75
04/10/2003,FRG,NY,AEA,EN,Towers with Display (VFR),0,36,66,0,102,0,1,224,1,226,0,37,290,1,328,374,0,374,702
04/11/2003,FRG,NY,AEA,EN,Towers with Display (VFR),0,23,39,0,62,0,0,8,2,10,0,23,47,2,72,4,0,4,76
04/12/2003,FRG,NY,AEA,EN,Towers with Display (VFR),0,6,59,2,67,0,2,69,0,71,0,8,128,2,138,120,0,120,258
04/13/2003,FRG,NY,AEA,EN,Towers with Display (VFR),0,34,94,0,128,0,0,369,0,369,0,34,463,0,497,165,0,165,662
04/14/2003,FRG,NY,AEA,EN,Towers with Display (VFR),0,16,67,0,83,0,1,285,0,286,0,17,352,0,369,384,0,384,753
04/15/2003,FRG,NY,AEA,EN,Towers with Display (VFR),0,23,81,0,104,0,7,282,0,289,0,30,363,0,393,343,0,343,736
04/16/2003,FRG,NY,AEA,EN,Towers with Display (VFR),0,28,90,0,118,0,6,264,0,270,0,34,354,0,388,136,0,136,524
04/17/2003,FRG,NY,AEA,EN,Towers with Display (VFR),0,35,55,0,90,0,2,111,0,113,0,37,166,0,203,144,0,144,347
04/18/2003,FRG,NY,AEA,EN,Towers with Display (VFR),0,24,69,2,95,0,3,184,0,187,0,27,253,2,282,361,0,361,643
04/19/2003,FRG,NY,AEA,EN,Towers with Display (VFR),0,7,44,0,51,0,2,390,3,395,0,9,434,3,446,406,0,406,852
04/20/2003,FRG,NY,AEA,EN,Towers with Display (VFR),0,20,62,1,83,0,0,303,0,303,0,20,365,1,386,240,0,240,626
04/21/2003,FRG,NY,AEA,EN,Towers with Display (VFR),0,16,53,1,70,0,2,277,4,283,0,18,330,5,353,482,0,482,835
04/22/2003,FRG,NY,AEA,EN,Towers with Display (VFR),0,12,71,0,83,0,1,15,0,16,0,13,86,0,99,5,0,5,104
04/23/2003,FRG,NY,AEA,EN,Towers with Display (VFR),0,27,57,0,84,0,0,186,0,186,0,27,243,0,270,188,0,188,458
04/24/2003,FRG,NY,AEA,EN,Towers with Display (VFR),0,30,39,0,69,0,0,278,1,279,0,30,317,1,348,284,0,284,632
04/25/2003,FRG,NY,AEA,EN,Towers with Display (VFR),0,28,47,1,76,0,4,330,1,335,0,32,377,2,411,445,0,445,856
04/26/2003,FRG,NY,AEA,EN,Towers with Display (VFR),0,23,36,0,59,0,2,0,0,2,0,25,36,0,61,1,0,1,62
04/27/2003,FRG,NY,AEA,EN,Towers with Display (VFR),0,45,86,0,131,0,0,431,1,432,0,45,517,1,563,319,0,319,882
04/28/2003,FRG,NY,AEA,EN,Towers with Display (VFR),0,21,50,3,74,0,0,311,1,312,0,21,361,4,386,428,0,428,814
04/29/2003,FRG,NY,AEA,EN,Towers with Display (VFR),0,21,44,0,65,0,0,239,0,239,0,21,283,0,304,348,0,348,652
04/30/2003,FRG,NY,AEA,EN,Towers with Display (VFR),2,13,57,0,72,0,1,385,2,388,2,14,442,2,460,530,1,531,991
05/01/2003,FRG,NY,AEA,EN,Towers with Display (VFR),0,21,105,0,126,0,1,39,1,41,0,22,144,1,167,185,0,185,352
05/02/2003,FRG,NY,AEA,EN,Towers with Display (VFR),0,34,61,0,95,0,3,181,3,187,0,37,242,3,282,310,0,310,592
05/03/2003,FRG,NY,AEA,EN,Towers with Display (VFR),2,13,72,0,87,0,4,219,2,225,2,17,291,2,312,422,0,422,734
05/04/2003,FRG,NY,AEA,EN,Towers with Display (VFR),2,20,60,0,82,0,5,8,0,13,2,25,68,0,95,331,0,331,426
05/05/2003,FRG,NY,AEA,EN,Towers with Display (VFR),0,13,43,0,56,0,0,278,1,279,0,13,321,1,335,487,0,487,822
05/06/2003,FRG,NY,AEA,EN,Towers with Display (VFR),1,26,64,0,91,0,0,12,0,12,1,26,76,0,103,15,0,15,118
05/07/2003,FRG,NY,AEA,EN,Towers with Display (VFR),1,21,82,0,104,0,5,177,0,182,1,26,259,0,286,523,0,523,809
05/08/2003,FRG,NY,AEA,EN,Towers with Display (VFR),2,35,99,0,136,0,0,6,0,6,2,35,105,0,142,94,0,94,236
05/09/2003,FRG,NY,AEA,EN,Towers with Display (VFR),0,18,88,0,106,0,2,94,2,98,0,20,182,2,204,243,0,243,447
05/10/2003,FRG,NY,AEA,EN,Towers with Display (VFR),0,14,67,0,81,0,0,102,3,105,0,14,169,3,186,265,0,265,451
05/11/2003,FRG,NY,AEA,EN,Towers with Display (VFR),0,12,21,0,33,0,0,0,0,0,0,12,21,0,33,0,0,0,33
05/12/2003,FRG,NY,AEA,EN,Towers with Display (VFR),0,18,71,0,89,0,0,41,0,41,0,18,112,0,130,15,0,15,145
05/13/2003,FRG,NY,AEA,EN,Towers with Display (VFR),0,21,43,0,64,0,0,169,2,171,0,21,212,2,235,253,0,253,488
05/14/2003,FRG,NY,AEA,EN,Towers with Display (VFR),0,19,65,0,84,0,4,312,2,318,0,23,377,2,402,455,0,455,857
05/15/2003,FRG,NY,AEA,EN,Towers with Display (VFR),0,20,60,0,80,0,1,423,3,427,0,21,483,3,507,494,0,494,1001
05/16/2003,FRG,NY,AEA,EN,Towers with Display (VFR),0,38,55,0,93,0,1,58,0,59,0,39,113,0,152,53,0,53,205
05/17/2003,FRG,NY,AEA,EN,Towers with Display (VFR),0,19,78,0,97,1,6,177,3,187,1,25,255,3,284,387,0,387,671
05/18/2003,FRG,NY,AEA,EN,Towers with Display (VFR),0,26,63,0,89,0,4,489,0,493,0,30,552,0,582,338,0,338,920
05/19/2003,FRG,NY,AEA,EN,Towers with Display (VFR),0,20,54,0,74,0,0,415,7,422,0,20,469,7,496,561,0,561,1057
05/20/2003,FRG,NY,AEA,EN,Towers with Display (VFR),0,15,58,2,75,0,2,449,2,453,0,17,507,4,528,540,0,540,1068
05/21/2003,FRG,NY,AEA,EN,Towers with Display (VFR),0,18,87,0,105,0,1,39,0,40,0,19,126,0,145,85,0,85,230
05/22/2003,FRG,NY,AEA,EN,Towers with Display (VFR),2,17,97,2,118,0,0,0,0,0,2,17,97,2,118,10,0,10,128
05/23/2003,FRG,NY,AEA,EN,Towers with Display (VFR),2,37,94,3,136,0,0,0,0,0,2,37,94,3,136,7,0,7,143
05/24/2003,FRG,NY,AEA,EN,Towers with Display (VFR),0,9,47,0,56,0,0,0,0,0,0,9,47,0,56,9,0,9,65
05/25/2003,FRG,NY,AEA,EN,Towers with Display (VFR),0,11,92,0,103,0,0,71,0,71,0,11,163,0,174,242,0,242,416
05/26/2003,FRG,NY,AEA,EN,Towers with Display (VFR),0,14,54,0,68,0,0,3,0,3,0,14,57,0,71,5,0,5,76
05/27/2003,FRG,NY,AEA,EN,Towers with Display (VFR),1,14,75,1,91,0,7,236,2,245,1,21,311,3,336,498,0,498,834
05/28/2003,FRG,NY,AEA,EN,Towers with Display (VFR),1,26,93,0,120,0,3,100,0,103,1,29,193,0,223,130,0,130,353
05/29/2003,FRG,NY,AEA,EN,Towers with Display (VFR),0,22,66,0,88,0,2,268,0,270,0,24,334,0,358,464,0,464,822
05/30/2003,FRG,NY,AEA,EN,Towers with Display (VFR),0,22,65,0,87,0,4,348,2,354,0,26,413,2,441,348,0,348,789
05/31/2003,FRG,NY,AEA,EN,Towers with Display (VFR),0,12,55,0,67,0,2,133,1,136,0,14,188,1,203,148,0,148,351
06/01/2003,FRG,NY,AEA,EN,Towers with Display (VFR),0,19,39,0,58,0,1,18,0,19,0,20,57,0,77,11,18,29,106
06/02/2003,FRG,NY,AEA,EN,Towers with Display (VFR),0,3,36,9,48,0,9,325,4,338,0,12,361,13,386,81,384,465,851
06/03/2003,FRG,NY,AEA,EN,Towers with Display (VFR),0,14,50,0,64,0,0,263,0,263,0,14,313,0,327,83,334,417,744
06/04/2003,FRG,NY,AEA,EN,Towers with Display (VFR),1,24,89,0,114,0,0,0,0,0,1,24,89,0,114,6,0,6,120
06/05/2003,FRG,NY,AEA,EN,Towers with Display (VFR),0,32,148,0,180,0,1,93,3,97,0,33,241,3,277,23,34,57,334
06/06/2003,FRG,NY,AEA,EN,Towers with Display (VFR),0,19,77,0,96,0,1,521,0,522,0,20,598,0,618,84,299,383,1001
06/07/2003,FRG,NY,AEA,EN,Towers with Display (VFR),0,24,81,0,105,0,0,52,0,52,0,24,133,0,157,33,116,149,306
06/08/2003,FRG,NY,AEA,EN,Towers with Display (VFR),2,19,134,0,155,0,1,159,1,161,2,20,293,1,316,71,272,343,659
06/09/2003,FRG,NY,AEA,EN,Towers with Display (VFR),2,11,72,0,85,0,3,116,0,119,2,14,188,0,204,62,132,194,398
06/10/2003,FRG,NY,AEA,EN,Towers with Display (VFR),0,12,47,0,59,0,2,480,5,487,0,14,527,5,546,91,430,521,1067
06/11/2003,FRG,NY,AEA,EN,Towers with Display (VFR),0,22,67,0,89,0,2,34,0,36,0,24,101,0,125,16,0,16,141
06/12/2003,FRG,NY,AEA,EN,Towers with Display (VFR),1,22,107,0,130,0,3,35,0,38,1,25,142,0,168,30,170,200,368
06/13/2003,FRG,NY,AEA,EN,Towers with Display (VFR),0,13,38,1,52,0,0,0,0,0,0,13,38,1,52,17,0,17,69
06/14/2003,FRG,NY,AEA,EN,Towers with Display (VFR),0,14,48,0,62,0,2,91,0,93,0,16,139,0,155,33,94,127,282
06/15/2003,FRG,NY,AEA,EN,Towers with Display (VFR),0,25,54,0,79,0,6,447,3,456,0,31,501,3,535,53,254,307,842
06/16/2003,FRG,NY,AEA,EN,Towers with Display (VFR),0,14,59,0,73,0,4,364,0,368,0,18,423,0,441,88,298,386,827
06/17/2003,FRG,NY,AEA,EN,Towers with Display (VFR),2,14,83,0,99,0,2,366,1,369,2,16,449,1,468,72,348,420,888
06/18/2003,FRG,NY,AEA,EN,Towers with Display (VFR),0,23,60,0,83,0,0,0,0,0,0,23,60,0,83,4,0,4,87
06/19/2003,FRG,NY,AEA,EN,Towers with Display (VFR),0,27,111,0,138,0,0,11,0,11,0,27,122,0,149,10,22,32,181
06/20/2003,FRG,NY,AEA,EN,Towers with Display (VFR),0,35,80,0,115,0,2,97,0,99,0,37,177,0,214,37,136,173,387
06/21/2003,FRG,NY,AEA,EN,Towers with Display (VFR),0,16,50,0,66,0,2,1,0,3,0,18,51,0,69,9,30,39,108
06/22/2003,FRG,NY,AEA,EN,Towers with Display (VFR),0,33,90,1,124,0,0,50,0,50,0,33,140,1,174,34,76,110,284
06/23/2003,FRG,NY,AEA,EN,Towers with Display (VFR),0,14,53,0,67,0,2,285,1,288,0,16,338,1,355,60,256,316,671
06/24/2003,FRG,NY,AEA,EN,Towers with Display (VFR),1,23,62,2,88,0,0,493,0,493,1,23,555,2,581,80,478,558,1139
06/25/2003,FRG,NY,AEA,EN,Towers with Display (VFR),0,14,62,0,76,0,8,412,0,420,0,22,474,0,496,65,334,399,895
06/26/2003,FRG,NY,AEA,EN,Towers with Display (VFR),0,14,45,0,59,0,3,368,1,372,0,17,413,1,431,59,336,395,826
06/27/2003,FRG,NY,AEA,EN,Towers with Display (VFR),0,20,103,2,125,0,4,132,0,136,0,24,235,2,261,63,292,355,616
06/28/2003,FRG,NY,AEA,EN,Towers with Display (VFR),0,24,50,0,74,0,1,509,5,515,0,25,559,5,589,88,264,352,941
06/29/2003,FRG,NY,AEA,EN,Towers with Display (VFR),0,21,72,2,95,0,5,337,2,344,0,26,409,4,439,99,228,327,766
06/30/2003,FRG,NY,AEA,EN,Towers with Display (VFR),2,5,69,0,76,0,7,112,0,119,2,12,181,0,195,84,398,482,677
07/01/2003,FRG,NY,AEA,EN,Towers with Display (VFR),2,12,63,0,77,0,10,488,0,498,2,22,551,0,575,465,0,465,1040
07/02/2003,FRG,NY,AEA,EN,Towers with Display (VFR),0,18,63,0,81,0,2,392,1,395,0,20,455,1,476,482,0,482,958
07/03/2003,FRG,NY,AEA,EN,Towers with Display (VFR),0,19,130,0,149,0,1,22,0,23,0,20,152,0,172,39,0,39,211
07/04/2003,FRG,NY,AEA,EN,Towers with Display (VFR),0,12,45,0,57,0,0,153,0,153,0,12,198,0,210,195,0,195,405
07/05/2003,FRG,NY,AEA,EN,Towers with Display (VFR),0,11,43,0,54,0,1,229,0,230,0,12,272,0,284,200,0,200,484
07/06/2003,FRG,NY,AEA,EN,Towers with Display (VFR),0,23,55,0,78,0,5,399,0,404,0,28,454,0,482,260,0,260,742
07/07/2003,FRG,NY,AEA,EN,Towers with Display (VFR),0,7,74,0,81,0,2,224,0,226,0,9,298,0,307,469,0,469,776
07/08/2003,FRG,NY,AEA,EN,Towers with Display (VFR),0,6,49,4,59,0,5,238,0,243,0,11,287,4,302,487,0,487,789
07/09/2003,FRG,NY,AEA,EN,Towers with Display (VFR),0,19,71,0,90,0,5,199,2,206,0,24,270,2,296,256,2,258,554
07/10/2003,FRG,NY,AEA,EN,Towers with Display (VFR),2,19,95,0,116,0,1,116,1,118,2,20,211,1,234,366,0,366,600
07/11/2003,FRG,NY,AEA,EN,Towers with Display (VFR),0,20,66,0,86,0,2,53,0,55,0,22,119,0,141,96,0,96,237
07/12/2003,FRG,NY,AEA,EN,Towers with Display (VFR),0,24,50,0,74,0,2,375,0,377,0,26,425,0,451,295,0,295,746
07/13/2003,FRG,NY,AEA,EN,Towers with Display (VFR),0,22,62,0,84,0,0,445,6,451,0,22,507,6,535,368,0,368,903
07/14/2003,FRG,NY,AEA,EN,Towers with Display (VFR),1,8,80,0,89,0,2,182,0,184,1,10,262,0,273,342,0,342,615
07/15/2003,FRG,NY,AEA,EN,Towers with Display (VFR),1,13,80,0,94,0,0,375,0,375,1,13,455,0,469,490,0,490,959
07/16/2003,FRG,NY,AEA,EN,Towers with Display (VFR),1,22,116,2,141,0,2,36,0,38,1,24,152,2,179,84,0,84,263
07/17/2003,FRG,NY,AEA,EN,Towers with Display (VFR),0,21,68,0,89,0,1,409,3,413,0,22,477,3,502,576,0,576,1078
07/18/2003,FRG,NY,AEA,EN,Towers with Display (VFR),1,17,79,0,97,0,2,296,0,298,1,19,375,0,395,440,0,440,835
07/19/2003,FRG,NY,AEA,EN,Towers with Display (VFR),1,13,54,0,68,0,3,351,0,354,1,16,405,0,422,469,0,469,891
07/20/2003,FRG,NY,AEA,EN,Towers with Display (VFR),0,17,64,0,81,0,0,467,1,468,0,17,531,1,549,321,0,321,870
07/21/2003,FRG,NY,AEA,EN,Towers with Display (VFR),0,9,63,0,72,0,0,46,0,46,0,9,109,0,118,20,0,20,138
07/22/2003,FRG,NY,AEA,EN,Towers with Display (VFR),0,22,54,0,76,0,0,11,0,11,0,22,65,0,87,3,0,3,90
07/23/2003,FRG,NY,AEA,EN,Towers with Display (VFR),0,21,64,0,85,0,6,39,0,45,0,27,103,0,130,62,0,62,192
07/24/2003,FRG,NY,AEA,EN,Towers with Display (VFR),0,28,80,0,108,0,2,127,0,129,0,30,207,0,237,277,0,277,514
07/25/2003,FRG,NY,AEA,EN,Towers with Display (VFR),0,33,57,0,90,0,3,497,2,502,0,36,554,2,592,362,0,362,954
07/26/2003,FRG,NY,AEA,EN,Towers with Display (VFR),0,17,53,0,70,0,5,393,4,402,0,22,446,4,472,322,0,322,794
07/27/2003,FRG,NY,AEA,EN,Towers with Display (VFR),0,21,68,0,89,0,0,201,0,201,0,21,269,0,290,220,0,220,510
07/28/2003,FRG,NY,AEA,EN,Towers with Display (VFR),0,7,56,0,63,0,7,307,0,314,0,14,363,0,377,512,0,512,889
07/29/2003,FRG,NY,AEA,EN,Towers with Display (VFR),0,24,34,0,58,0,4,327,0,331,0,28,361,0,389,543,0,543,932
07/30/2003,FRG,NY,AEA,EN,Towers with Display (VFR),0,19,82,0,101,0,5,385,2,392,0,24,467,2,493,508,0,508,1001
07/31/2003,FRG,NY,AEA,EN,Towers with Display (VFR),0,15,72,0,87,0,0,356,0,356,0,15,428,0,443,478,0,478,921
08/01/2003,FRG,NY,AEA,EN,Towers with Display (VFR),0,18,83,2,103,0,0,0,0,0,0,18,83,2,103,6,0,6,109
08/02/2003,FRG,NY,AEA,EN,Towers with Display (VFR),0,30,83,0,113,0,0,16,0,16,0,30,99,0,129,47,0,47,176
08/03/2003,FRG,NY,AEA,EN,Towers with Display (VFR),0,20,99,1,120,0,0,53,0,53,0,20,152,1,173,82,0,82,255
08/04/2003,FRG,NY,AEA,EN,Towers with Display (VFR),0,8,69,0,77,0,1,36,0,37,0,9,105,0,114,36,0,36,150
08/05/2003,FRG,NY,AEA,EN,Towers with Display (VFR),0,27,59,0,86,0,0,8,0,8,0,27,67,0,94,3,0,3,97
08/06/2003,FRG,NY,AEA,EN,Towers with Display (VFR),0,23,59,0,82,0,3,149,0,152,0,26,208,0,234,380,0,380,614
08/07/2003,FRG,NY,AEA,EN,Towers with Display (VFR),0,18,79,0,97,0,1,43,2,46,0,19,122,2,143,200,0,200,343
08/08/2003,FRG,NY,AEA,EN,Towers with Display (VFR),0,18,90,1,109,0,0,82,0,82,0,18,172,1,191,53,0,53,244
08/09/2003,FRG,NY,AEA,EN,Towers with Display (VFR),0,15,80,0,95,0,0,0,0,0,0,15,80,0,95,7,0,7,102
08/10/2003,FRG,NY,AEA,EN,Towers with Display (VFR),0,28,122,1,151,0,0,18,0,18,0,28,140,1,169,22,0,22,191
08/11/2003,FRG,NY,AEA,EN,Towers with Display (VFR),0,21,115,0,136,0,1,61,0,62,0,22,176,0,198,64,0,64,262
08/12/2003,FRG,NY,AEA,EN,Towers with Display (VFR),0,16,86,0,102,0,1,112,1,114,0,17,198,1,216,293,0,293,509
08/13/2003,FRG,NY,AEA,EN,Towers with Display (VFR),0,16,100,0,116,0,2,92,0,94,0,18,192,0,210,200,0,200,410
08/14/2003,FRG,NY,AEA,EN,Towers with Display (VFR),0,14,56,4,74,0,3,418,0,421,0,17,474,4,495,388,0,388,883
08/15/2003,FRG,NY,AEA,EN,Towers with Display (VFR),0,24,77,0,101,0,3,336,3,342,0,27,413,3,443,194,0,194,637
08/16/2003,FRG,NY,AEA,EN,Towers with Display (VFR),0,14,37,0,51,0,1,234,2,237,0,15,271,2,288,318,0,318,606
08/17/2003,FRG,NY,AEA,EN,Towers with Display (VFR),0,28,59,0,87,0,2,66,0,68,0,30,125,0,155,143,0,143,298
08/18/2003,FRG,NY,AEA,EN,Towers with Display (VFR),0,12,69,0,81,0,4,371,3,378,0,16,440,3,459,435,0,435,894
08/19/2003,FRG,NY,AEA,EN,Towers with Display (VFR),2,9,68,0,79,0,3,420,2,425,2,12,488,2,504,427,0,427,931
08/20/2003,FRG,NY,AEA,EN,Towers with Display (VFR),0,14,67,0,81,0,6,386,0,392,0,20,453,0,473,460,0,460,933
08/21/2003,FRG,NY,AEA,EN,Towers with Display (VFR),1,24,83,0,108,0,1,287,0,288,1,25,370,0,396,379,0,379,775
08/22/2003,FRG,NY,AEA,EN,Towers with Display (VFR),0,21,111,0,132,0,0,71,0,71,0,21,182,0,203,120,0,120,323
08/23/2003,FRG,NY,AEA,EN,Towers with Display (VFR),0,12,41,0,53,0,0,410,0,410,0,12,451,0,463,337,0,337,800
08/24/2003,FRG,NY,AEA,EN,Towers with Display (VFR),0,34,58,0,92,0,2,472,4,478,0,36,530,4,570,416,0,416,986
08/25/2003,FRG,NY,AEA,EN,Towers with Display (VFR),0,13,58,0,71,0,5,367,1,373,0,18,425,1,444,557,0,557,1001
08/26/2003,FRG,NY,AEA,EN,Towers with Display (VFR),0,12,52,0,64,0,1,319,3,323,0,13,371,3,387,482,0,482,869
08/27/2003,FRG,NY,AEA,EN,Towers with Display (VFR),0,15,56,2,73,0,1,281,39,321,0,16,337,41,394,526,0,526,920
08/28/2003,FRG,NY,AEA,EN,Towers with Display (VFR),0,32,55,0,87,0,1,430,0,431,0,33,485,0,518,431,0,431,949
08/29/2003,FRG,NY,AEA,EN,Towers with Display (VFR),1,34,46,0,81,0,2,259,0,261,1,36,305,0,342,245,0,245,587
08/30/2003,FRG,NY,AEA,EN,Towers with Display (VFR),0,16,60,0,76,0,1,131,0,132,0,17,191,0,208,280,0,280,488
08/31/2003,FRG,NY,AEA,EN,Towers with Display (VFR),0,14,35,0,49,0,0,335,0,335,0,14,370,0,384,242,0,242,626
09/01/2003,FRG,NY,AEA,EN,Towers with Display (VFR),2,8,102,0,112,0,1,23,0,24,2,9,125,0,136,48,0,48,184
09/02/2003,FRG,NY,AEA,EN,Towers with Display (VFR),0,26,74,0,100,0,0,14,0,14,0,26,88,0,114,22,0,22,136
09/03/2003,FRG,NY,AEA,EN,Towers with Display (VFR),0,8,74,0,82,0,0,15,0,15,0,8,89,0,97,14,0,14,111
09/04/2003,FRG,NY,AEA,EN,Towers with Display (VFR),0,22,57,0,79,0,0,16,0,16,0,22,73,0,95,20,0,20,115
09/05/2003,FRG,NY,AEA,EN,Towers with Display (VFR),0,22,53,1,76,0,3,320,0,323,0,25,373,1,399,409,0,409,808
09/06/2003,FRG,NY,AEA,EN,Towers with Display (VFR),2,11,32,0,45,0,4,405,0,409,2,15,437,0,454,373,0,373,827
09/07/2003,FRG,NY,AEA,EN,Towers with Display (VFR),0,22,44,1,67,0,1,491,1,493,0,23,535,2,560,313,0,313,873
09/08/2003,FRG,NY,AEA,EN,Towers with Display (VFR),2,13,52,0,67,0,3,303,1,307,2,16,355,1,374,437,0,437,811
09/09/2003,FRG,NY,AEA,EN,Towers with Display (VFR),0,11,48,0,59,0,5,286,1,292,0,16,334,1,351,332,0,332,683
09/10/2003,FRG,NY,AEA,EN,Towers with Display (VFR),0,13,61,0,74,0,0,328,0,328,0,13,389,0,402,476,0,476,878
09/11/2003,FRG,NY,AEA,EN,Towers with Display (VFR),3,29,73,0,105,0,3,325,3,331,3,32,398,3,436,453,0,453,889
09/12/2003,FRG,NY,AEA,EN,Towers with Display (VFR),2,24,55,0,81,0,5,263,0,268,2,29,318,0,349,345,0,345,694
09/13/2003,FRG,NY,AEA,EN,Towers with Display (VFR),0,14,72,0,86,0,0,7,0,7,0,14,79,0,93,0,0,0,93
09/14/2003,FRG,NY,AEA,EN,Towers with Display (VFR),0,34,86,0,120,0,0,43,0,43,0,34,129,0,163,165,0,165,328
09/15/2003,FRG,NY,AEA,EN,Towers with Display (VFR),0,14,49,0,63,0,2,53,0,55,0,16,102,0,118,95,0,95,213
09/16/2003,FRG,NY,AEA,EN,Towers with Display (VFR),0,14,45,0,59,0,1,291,0,292,0,15,336,0,351,527,0,527,878
09/17/2003,FRG,NY,AEA,EN,Towers with Display (VFR),0,26,52,0,78,0,3,372,2,377,0,29,424,2,455,446,0,446,901
09/18/2003,FRG,NY,AEA,EN,Towers with Display (VFR),0,13,20,0,33,0,3,58,0,61,0,16,78,0,94,44,0,44,138
09/19/2003,FRG,NY,AEA,EN,Towers with Display (VFR),0,12,20,0,32,0,1,44,0,45,0,13,64,0,77,18,0,18,95
09/20/2003,FRG,NY,AEA,EN,Towers with Display (VFR),0,9,48,0,57,0,3,348,2,353,0,12,396,2,410,444,0,444,854
09/21/2003,FRG,NY,AEA,EN,Towers with Display (VFR),0,20,47,0,67,0,2,522,0,524,0,22,569,0,591,307,0,307,898
09/22/2003,FRG,NY,AEA,EN,Towers with Display (VFR),0,13,69,0,82,0,4,228,6,238,0,17,297,6,320,349,0,349,669
09/23/2003,FRG,NY,AEA,EN,Towers with Display (VFR),0,5,37,0,42,0,0,30,0,30,0,5,67,0,72,2,0,2,74
09/24/2003,FRG,NY,AEA,EN,Towers with Display (VFR),1,15,110,0,126,0,6,236,0,242,1,21,346,0,368,236,0,236,604
09/25/2003,FRG,NY,AEA,EN,Towers with Display (VFR),1,14,81,0,96,0,7,285,4,296,1,21,366,4,392,307,0,307,699
09/26/2003,FRG,NY,AEA,EN,Towers with Display (VFR),0,26,101,1,128,0,7,125,4,136,0,33,226,5,264,376,0,376,640
09/27/2003,FRG,NY,AEA,EN,Towers with Display (VFR),0,15,67,0,82,0,0,80,2,82,0,15,147,2,164,233,0,233,397
09/28/2003,FRG,NY,AEA,EN,Towers with Display (VFR),0,22,70,1,93,0,0,1,0,1,0,22,71,1,94,19,0,19,113
09/29/2003,FRG,NY,AEA,EN,Towers with Display (VFR),0,18,52,1,71,0,1,242,1,244,0,19,294,2,315,379,0,379,694
09/30/2003,FRG,NY,AEA,EN,Towers with Display (VFR),0,11,49,0,60,0,4,404,1,409,0,15,453,1,469,386,0,386,855
10/01/2003,FRG,NY,AEA,EN,Towers with Display (VFR),4,17,61,0,82,0,0,209,0,209,4,17,270,0,291,282,0,282,573
10/02/2003,FRG,NY,AEA,EN,Towers with Display (VFR),2,16,50,0,68,0,1,286,0,287,2,17,336,0,355,353,0,353,708
10/03/2003,FRG,NY,AEA,EN,Towers with Display (VFR),0,25,42,0,67,0,2,401,0,403,0,27,443,0,470,450,0,450,920
10/04/2003,FRG,NY,AEA,EN,Towers with Display (VFR),0,13,54,0,67,0,4,111,1,116,0,17,165,1,183,180,0,180,363
10/05/2003,FRG,NY,AEA,EN,Towers with Display (VFR),0,14,49,0,63,0,0,382,0,382,0,14,431,0,445,359,0,359,804
10/06/2003,FRG,NY,AEA,EN,Towers with Display (VFR),0,11,38,0,49,0,5,338,0,343,0,16,376,0,392,297,0,297,689
10/07/2003,FRG,NY,AEA,EN,Towers with Display (VFR),0,11,32,0,43,0,0,319,0,319,0,11,351,0,362,273,0,273,635
10/08/2003,FRG,NY,AEA,EN,Towers with Display (VFR),4,11,77,1,93,0,1,170,1,172,4,12,247,2,265,328,0,328,593
10/09/2003,FRG,NY,AEA,EN,Towers with Display (VFR),1,31,112,0,144,0,1,164,1,166,1,32,276,1,310,326,0,326,636
10/10/2003,FRG,NY,AEA,EN,Towers with Display (VFR),1,37,161,1,200,0,0,3,0,3,1,37,164,1,203,8,0,8,211
10/11/2003,FRG,NY,AEA,EN,Towers with Display (VFR),0,11,39,0,50,0,3,275,1,279,0,14,314,1,329,317,0,317,646
10/12/2003,FRG,NY,AEA,EN,Towers with Display (VFR),0,20,97,0,117,0,0,11,0,11,0,20,108,0,128,17,0,17,145
10/13/2003,FRG,NY,AEA,EN,Towers with Display (VFR),2,28,55,1,86,0,0,418,0,418,2,28,473,1,504,303,0,303,807
10/14/2003,FRG,NY,AEA,EN,Towers with Display (VFR),2,17,71,1,91,0,0,260,1,261,2,17,331,2,352,343,0,343,695
10/15/2003,FRG,NY,AEA,EN,Towers with Display (VFR),0,24,34,0,58,0,0,44,0,44,0,24,78,0,102,12,0,12,114
10/16/2003,FRG,NY,AEA,EN,Towers with Display (VFR),0,20,47,0,67,0,2,221,0,223,0,22,268,0,290,192,0,192,482
10/17/2003,FRG,NY,AEA,EN,Towers with Display (VFR),2,31,61,1,95,0,1,300,0,301,2,32,361,1,396,373,0,373,769
10/18/2003,FRG,NY,AEA,EN,Towers with Display (VFR),0,12,29,0,41,0,1,284,2,287,0,13,313,2,328,506,0,506,834
10/19/2003,FRG,NY,AEA,EN,Towers with Display (VFR),0,29,57,1,87,0,1,159,0,160,0,30,216,1,247,540,0,540,787
10/20/2003,FRG,NY,AEA,EN,Towers with Display (VFR),0,13,46,0,59,0,2,327,1,330,0,15,373,1,389,303,0,303,692
10/21/2003,FRG,NY,AEA,EN,Towers with Display (VFR),1,19,30,0,50,0,0,137,0,137,1,19,167,0,187,135,0,135,322
10/22/2003,FRG,NY,AEA,EN,Towers with Display (VFR),3,14,49,0,66,0,2,197,0,199,3,16,246,0,265,315,0,315,580
10/23/2003,FRG,NY,AEA,EN,Towers with Display (VFR),0,14,65,0,79,0,2,276,0,278,0,16,341,0,357,257,0,257,614
10/24/2003,FRG,NY,AEA,EN,Towers with Display (VFR),3,23,54,0,80,0,1,312,1,314,3,24,366,1,394,325,0,325,719
10/25/2003,FRG,NY,AEA,EN,Towers with Display (VFR),1,19,36,0,56,0,2,412,5,419,1,21,448,5,475,300,0,300,775
10/26/2003,FRG,NY,AEA,EN,Towers with Display (VFR),2,26,53,1,82,0,0,18,0,18,2,26,71,1,100,81,0,81,181
10/27/2003,FRG,NY,AEA,EN,Towers with Display (VFR),2,15,47,0,64,0,3,12,0,15,2,18,59,0,79,44,0,44,123
10/28/2003,FRG,NY,AEA,EN,Towers with Display (VFR),2,12,69,0,83,0,2,330,0,332,2,14,399,0,415,352,0,352,767
10/29/2003,FRG,NY,AEA,EN,Towers with Display (VFR),0,21,59,0,80,0,3,61,0,64,0,24,120,0,144,138,0,138,282
10/30/2003,FRG,NY,AEA,EN,Towers with Display (VFR),2,26,77,0,105,0,5,446,2,453,2,31,523,2,558,341,0,341,899
10/31/2003,FRG,NY,AEA,EN,Towers with Display (VFR),0,24,53,0,77,0,4,341,1,346,0,28,394,1,423,266,0,266,689
11/01/2003,FRG,NY,AEA,EN,Towers with Display (VFR),0,9,35,0,44,0,1,377,0,378,0,10,412,0,422,353,0,353,775
11/02/2003,FRG,NY,AEA,EN,Towers with Display (VFR),1,23,68,0,92,0,0,386,0,386,1,23,454,0,478,330,0,330,808
11/03/2003,FRG,NY,AEA,EN,Towers with Display (VFR),1,14,57,0,72,0,3,202,0,205,1,17,259,0,277,286,0,286,563
11/04/2003,FRG,NY,AEA,EN,Towers with Display (VFR),0,23,64,0,87,0,0,1,0,1,0,23,65,0,88,14,0,14,102
11/05/2003,FRG,NY,AEA,EN,Towers with Display (VFR),0,16,43,0,59,0,0,0,0,0,0,16,43,0,59,2,0,2,61
11/06/2003,FRG,NY,AEA,EN,Towers with Display (VFR),0,16,51,0,67,0,0,90,0,90,0,16,141,0,157,230,0,230,387
11/07/2003,FRG,NY,AEA,EN,Towers with Display (VFR),0,20,54,1,75,0,3,323,0,326,0,23,377,1,401,350,0,350,751
11/08/2003,FRG,NY,AEA,EN,Towers with Display (VFR),1,9,34,0,44,0,1,285,0,286,1,10,319,0,330,295,0,295,625
11/09/2003,FRG,NY,AEA,EN,Towers with Display (VFR),0,20,55,1,76,0,0,448,0,448,0,20,503,1,524,106,0,106,630
11/10/2003,FRG,NY,AEA,EN,Towers with Display (VFR),0,13,43,0,56,0,2,325,0,327,0,15,368,0,383,417,0,417,800
11/11/2003,FRG,NY,AEA,EN,Towers with Display (VFR),0,12,68,0,80,0,3,254,0,257,0,15,322,0,337,342,0,342,679
11/12/2003,FRG,NY,AEA,EN,Towers with Display (VFR),1,20,62,6,89,0,0,0,0,0,1,20,62,6,89,4,0,4,93
11/13/2003,FRG,NY,AEA,EN,Towers with Display (VFR),1,23,28,0,52,0,0,17,0,17,1,23,45,0,69,7,0,7,76
11/14/2003,FRG,NY,AEA,EN,Towers with Display (VFR),1,33,37,1,72,0,2,51,1,54,1,35,88,2,126,16,0,16,142
11/15/2003,FRG,NY,AEA,EN,Towers with Display (VFR),0,8,44,0,52,0,4,223,0,227,0,12,267,0,279,295,0,295,574
11/16/2003,FRG,NY,AEA,EN,Towers with Display (VFR),0,19,57,0,76,0,5,348,0,353,0,24,405,0,429,371,0,371,800
11/17/2003,FRG,NY,AEA,EN,Towers with Display (VFR),2,11,70,0,83,0,1,59,0,60,2,12,129,0,143,205,0,205,348
11/18/2003,FRG,NY,AEA,EN,Towers with Display (VFR),0,10,92,0,102,0,0,97,0,97,0,10,189,0,199,123,0,123,322
11/19/2003,FRG,NY,AEA,EN,Towers with Display (VFR),0,20,45,0,65,0,1,11,0,12,0,21,56,0,77,20,0,20,97
11/20/2003,FRG,NY,AEA,EN,Towers with Display (VFR),1,18,66,3,88,0,1,97,0,98,1,19,163,3,186,206,0,206,392
11/21/2003,FRG,NY,AEA,EN,Towers with Display (VFR),2,27,57,1,87,0,3,405,0,408,2,30,462,1,495,360,0,360,855
11/22/2003,FRG,NY,AEA,EN,Towers with Display (VFR),2,15,36,0,53,0,3,510,1,514,2,18,546,1,567,333,0,333,900
11/23/2003,FRG,NY,AEA,EN,Towers with Display (VFR),0,20,65,1,86,0,0,494,0,494,0,20,559,1,580,338,0,338,918
11/24/2003,FRG,NY,AEA,EN,Towers with Display (VFR),2,24,90,1,117,0,0,129,3,132,2,24,219,4,249,341,0,341,590
11/25/2003,FRG,NY,AEA,EN,Towers with Display (VFR),2,33,52,0,87,0,4,316,0,320,2,37,368,0,407,234,0,234,641
11/26/2003,FRG,NY,AEA,EN,Towers with Display (VFR),2,31,73,1,107,0,0,373,0,373,2,31,446,1,480,296,0,296,776
11/27/2003,FRG,NY,AEA,EN,Towers with Display (VFR),2,9,24,0,35,0,1,109,0,110,2,10,133,0,145,154,0,154,299
11/28/2003,FRG,NY,AEA,EN,Towers with Display (VFR),0,13,26,0,39,0,0,0,0,0,0,13,26,0,39,0,0,0,39
11/29/2003,FRG,NY,AEA,EN,Towers with Display (VFR),2,17,20,0,39,0,0,20,0,20,2,17,40,0,59,23,0,23,82
11/30/2003,FRG,NY,AEA,EN,Towers with Display (VFR),2,38,99,0,139,0,5,321,0,326,2,43,420,0,465,138,0,138,603
12/01/2003,FRG,NY,AEA,EN,Towers with Display (VFR),0,25,35,0,60,0,0,75,1,76,0,25,110,1,136,49,0,49,185
12/02/2003,FRG,NY,AEA,EN,Towers with Display (VFR),1,11,44,0,56,0,1,83,0,84,1,12,127,0,140,104,0,104,244
12/03/2003,FRG,NY,AEA,EN,Towers with Display (VFR),0,17,43,2,62,0,5,291,0,296,0,22,334,2,358,359,0,359,717
12/04/2003,FRG,NY,AEA,EN,Towers with Display (VFR),0,30,58,0,88,0,4,329,0,333,0,34,387,0,421,390,0,390,811
12/05/2003,FRG,NY,AEA,EN,Towers with Display (VFR),0,10,16,0,26,0,2,26,0,28,0,12,42,0,54,86,0,86,140
12/06/2003,FRG,NY,AEA,EN,Towers with Display (VFR),0,3,5,0,8,0,0,0,0,0,0,3,5,0,8,0,0,0,8
12/07/2003,FRG,NY,AEA,EN,Towers with Display (VFR),1,21,26,0,48,0,0,18,0,18,1,21,44,0,66,3,0,3,69
12/08/2003,FRG,NY,AEA,EN,Towers with Display (VFR),0,9,28,0,37,0,1,166,0,167,0,10,194,0,204,211,0,211,415
12/09/2003,FRG,NY,AEA,EN,Towers with Display (VFR),0,6,55,0,61,0,3,280,0,283,0,9,335,0,344,407,0,407,751
12/10/2003,FRG,NY,AEA,EN,Towers with Display (VFR),1,22,54,0,77,0,1,182,3,186,1,23,236,3,263,349,0,349,612
12/11/2003,FRG,NY,AEA,EN,Towers with Display (VFR),0,6,51,0,57,0,2,9,0,11,0,8,60,0,68,3,0,3,71
12/12/2003,FRG,NY,AEA,EN,Towers with Display (VFR),0,16,55,0,71,0,2,276,0,278,0,18,331,0,349,381,0,381,730
12/13/2003,FRG,NY,AEA,EN,Towers with Display (VFR),1,3,31,0,35,0,4,371,2,377,1,7,402,2,412,398,0,398,810
12/14/2003,FRG,NY,AEA,EN,Towers with Display (VFR),0,5,6,0,11,0,2,18,0,20,0,7,24,0,31,61,0,61,92
12/15/2003,FRG,NY,AEA,EN,Towers with Display (VFR),0,18,41,0,59,0,0,52,0,52,0,18,93,0,111,20,0,20,131
12/16/2003,FRG,NY,AEA,EN,Towers with Display (VFR),2,20,53,0,75,0,12,318,0,330,2,32,371,0,405,207,0,207,612
12/17/2003,FRG,NY,AEA,EN,Towers with Display (VFR),0,24,35,0,59,0,1,29,0,30,0,25,64,0,89,20,0,20,109
12/18/2003,FRG,NY,AEA,EN,Towers with Display (VFR),0,24,54,0,78,0,4,133,0,137,0,28,187,0,215,54,0,54,269
12/19/2003,FRG,NY,AEA,EN,Towers with Display (VFR),0,18,57,0,75,0,0,271,3,274,0,18,328,3,349,407,0,407,756
12/20/2003,FRG,NY,AEA,EN,Towers with Display (VFR),0,22,55,0,77,0,3,280,2,285,0,25,335,2,362,348,0,348,710
12/21/2003,FRG,NY,AEA,EN,Towers with Display (VFR),0,17,44,0,61,0,1,335,0,336,0,18,379,0,397,308,0,308,705
12/22/2003,FRG,NY,AEA,EN,Towers with Display (VFR),0,13,41,0,54,0,3,322,0,325,0,16,363,0,379,305,0,305,684
12/23/2003,FRG,NY,AEA,EN,Towers with Display (VFR),0,9,47,0,56,0,1,249,0,250,0,10,296,0,306,334,0,334,640
12/24/2003,FRG,NY,AEA,EN,Towers with Display (VFR),0,7,39,0,46,0,1,6,0,7,0,8,45,0,53,3,0,3,56
12/25/2003,FRG,NY,AEA,EN,Towers with Display (VFR),0,16,25,0,41,0,0,44,0,44,0,16,69,0,85,8,0,8,93
12/26/2003,FRG,NY,AEA,EN,Towers with Display (VFR),2,26,71,0,99,0,1,141,2,144,2,27,212,2,243,208,0,208,451
12/27/2003,FRG,NY,AEA,EN,Towers with Display (VFR),0,15,42,0,57,0,3,321,4,328,0,18,363,4,385,285,0,285,670
12/28/2003,FRG,NY,AEA,EN,Towers with Display (VFR),0,22,42,0,64,0,1,377,0,378,0,23,419,0,442,306,0,306,748
12/29/2003,FRG,NY,AEA,EN,Towers with Display (VFR),0,1,37,0,38,0,0,240,1,241,0,1,277,1,279,309,0,309,588
12/30/2003,FRG,NY,AEA,EN,Towers with Display (VFR),1,12,41,0,54,0,2,54,0,56,1,14,95,0,110,46,0,46,156
12/31/2003,FRG,NY,AEA,EN,Towers with Display (VFR),0,17,34,0,51,0,1,231,0,232,0,18,265,0,283,281,0,281,564
01/01/2004,FRG,NY,AEA,EN,Towers with Display (VFR),0,16,22,0,38,0,2,156,0,158,0,18,178,0,196,186,0,186,382
01/02/2004,FRG,NY,AEA,EN,Towers with Display (VFR),0,15,45,0,60,0,0,93,2,95,0,15,138,2,155,215,0,215,370
01/03/2004,FRG,NY,AEA,EN,Towers with Display (VFR),0,23,80,0,103,0,2,57,0,59,0,25,137,0,162,175,0,175,337
01/04/2004,FRG,NY,AEA,EN,Towers with Display (VFR),1,22,113,0,136,0,0,20,0,20,1,22,133,0,156,71,0,71,227
01/05/2004,FRG,NY,AEA,EN,Towers with Display (VFR),0,13,36,2,51,0,0,2,0,2,0,13,38,2,53,4,0,4,57
01/06/2004,FRG,NY,AEA,EN,Towers with Display (VFR),1,17,33,0,51,0,0,189,0,189,1,17,222,0,240,168,0,168,408
01/07/2004,FRG,NY,AEA,EN,Towers with Display (VFR),0,20,46,0,66,0,2,118,0,120,0,22,164,0,186,127,0,127,313
01/08/2004,FRG,NY,AEA,EN,Towers with Display (VFR),0,19,55,0,74,0,2,167,0,169,0,21,222,0,243,349,0,349,592
01/09/2004,FRG,NY,AEA,EN,Towers with Display (VFR),0,24,57,0,81,0,3,167,0,170,0,27,224,0,251,240,0,240,491
01/10/2004,FRG,NY,AEA,EN,Towers with Display (VFR),0,4,19,0,23,0,1,143,0,144,0,5,162,0,167,262,0,262,429
01/11/2004,FRG,NY,AEA,EN,Towers with Display (VFR),0,15,47,0,62,0,0,190,0,190,0,15,237,0,252,277,0,277,529
01/12/2004,FRG,NY,AEA,EN,Towers with Display (VFR),0,8,55,2,65,0,3,66,1,70,0,11,121,3,135,181,0,181,316
01/13/2004,FRG,NY,AEA,EN,Towers with Display (VFR),0,9,27,0,36,0,2,139,0,141,0,11,166,0,177,227,0,227,404
01/14/2004,FRG,NY,AEA,EN,Towers with Display (VFR),0,24,66,0,90,0,5,156,0,161,0,29,222,0,251,252,0,252,503
01/15/2004,FRG,NY,AEA,EN,Towers with Display (VFR),0,24,33,2,59,0,2,39,0,41,0,26,72,2,100,7,0,7,107
01/16/2004,FRG,NY,AEA,EN,Towers with Display (VFR),0,24,44,0,68,0,4,47,0,51,0,28,91,0,119,19,0,19,138
01/17/2004,FRG,NY,AEA,EN,Towers with Display (VFR),0,11,27,0,38,0,1,262,4,267,0,12,289,4,305,301,0,301,606
01/18/2004,FRG,NY,AEA,EN,Towers with Display (VFR),3,11,30,0,44,0,0,2,0,2,3,11,32,0,46,4,0,4,50
01/19/2004,FRG,NY,AEA,EN,Towers with Display (VFR),3,24,57,0,84,0,2,70,0,72,3,26,127,0,156,53,0,53,209
01/20/2004,FRG,NY,AEA,EN,Towers with Display (VFR),0,10,25,0,35,0,3,123,0,126,0,13,148,0,161,105,0,105,266
01/21/2004,FRG,NY,AEA,EN,Towers with Display (VFR),0,20,60,0,80,0,3,218,0,221,0,23,278,0,301,328,0,328,629
01/22/2004,FRG,NY,AEA,EN,Towers with Display (VFR),1,21,54,0,76,0,2,101,0,103,1,23,155,0,179,306,0,306,485
01/23/2004,FRG,NY,AEA,EN,Towers with Display (VFR),0,21,46,0,67,0,2,169,0,171,0,23,215,0,238,232,0,232,470
01/24/2004,FRG,NY,AEA,EN,Towers with Display (VFR),0,12,38,0,50,0,1,192,1,194,0,13,230,1,244,268,0,268,512
01/25/2004,FRG,NY,AEA,EN,Towers with Display (VFR),0,21,33,0,54,0,0,160,0,160,0,21,193,0,214,228,0,228,442
01/26/2004,FRG,NY,AEA,EN,Towers with Display (VFR),0,13,18,0,31,0,3,101,0,104,0,16,119,0,135,186,0,186,321
01/27/2004,FRG,NY,AEA,EN,Towers with Display (VFR),1,10,23,0,34,0,0,19,0,19,1,10,42,0,53,63,0,63,116
01/28/2004,FRG,NY,AEA,EN,Towers with Display (VFR),2,17,13,0,32,0,0,10,0,10,2,17,23,0,42,5,0,5,47
01/29/2004,FRG,NY,AEA,EN,Towers with Display (VFR),0,26,53,0,79,0,8,33,0,41,0,34,86,0,120,9,0,9,129
01/30/2004,FRG,NY,AEA,EN,Towers with Display (VFR),1,23,51,0,75,1,12,195,0,208,2,35,246,0,283,204,0,204,487
01/31/2004,FRG,NY,AEA,EN,Towers with Display (VFR),1,9,27,0,37,0,2,209,4,215,1,11,236,4,252,216,0,216,468
02/01/2004,FRG,NY,AEA,EN,Towers with Display (VFR),0,23,33,0,56,0,3,293,0,296,0,26,326,0,352,296,0,296,648
02/02/2004,FRG,NY,AEA,EN,Towers with Display (VFR),0,14,43,3,60,0,1,270,1,272,0,15,313,4,332,371,0,371,703
02/03/2004,FRG,NY,AEA,EN,Towers with Display (VFR),0,12,42,0,54,0,1,30,0,31,0,13,72,0,85,113,0,113,198
02/04/2004,FRG,NY,AEA,EN,Towers with Display (VFR),2,15,41,0,58,0,2,180,3,185,2,17,221,3,243,375,0,375,618
02/05/2004,FRG,NY,AEA,EN,Towers with Display (VFR),2,18,45,0,65,0,2,198,3,203,2,20,243,3,268,395,0,395,663
02/06/2004,FRG,NY,AEA,EN,Towers with Display (VFR),0,13,33,0,46,0,0,0,0,0,0,13,33,0,46,7,0,7,53
02/07/2004,FRG,NY,AEA,EN,Towers with Display (VFR),0,12,42,0,54,0,0,111,0,111,0,12,153,0,165,304,0,304,469
02/08/2004,FRG,NY,AEA,EN,Towers with Display (VFR),1,26,41,0,68,0,0,239,2,241,1,26,280,2,309,262,0,262,571
02/09/2004,FRG,NY,AEA,EN,Towers with Display (VFR),1,21,53,0,75,0,0,189,1,190,1,21,242,1,265,234,0,234,499
02/10/2004,FRG,NY,AEA,EN,Towers with Display (VFR),0,6,54,0,60,0,4,274,0,278,0,10,328,0,338,279,0,279,617
02/11/2004,FRG,NY,AEA,EN,Towers with Display (VFR),0,30,64,0,94,0,1,286,0,287,0,31,350,0,381,298,0,298,679
02/12/2004,FRG,NY,AEA,EN,Towers with Display (VFR),0,24,67,0,91,0,3,252,2,257,0,27,319,2,348,442,0,442,790
02/13/2004,FRG,NY,AEA,EN,Towers with Display (VFR),0,42,74,0,116,0,2,280,0,282,0,44,354,0,398,337,0,337,735
02/14/2004,FRG,NY,AEA,EN,Towers with Display (VFR),0,24,47,0,71,0,2,262,0,264,0,26,309,0,335,251,0,251,586
02/15/2004,FRG,NY,AEA,EN,Towers with Display (VFR),0,14,41,0,55,0,2,212,0,214,0,16,253,0,269,323,0,323,592
02/16/2004,FRG,NY,AEA,EN,Towers with Display (VFR),0,18,48,0,66,0,6,320,2,328,0,24,368,2,394,456,0,456,850
02/17/2004,FRG,NY,AEA,EN,Towers with Display (VFR),1,19,58,0,78,0,0,162,0,162,1,19,220,0,240,436,0,436,676
02/18/2004,FRG,NY,AEA,EN,Towers with Display (VFR),1,16,34,0,51,0,5,149,0,154,1,21,183,0,205,231,0,231,436
02/19/2004,FRG,NY,AEA,EN,Towers with Display (VFR),0,24,36,0,60,0,0,212,0,212,0,24,248,0,272,318,0,318,590
02/20/2004,FRG,NY,AEA,EN,Towers with Display (VFR),0,30,67,0,97,0,4,322,0,326,0,34,389,0,423,464,0,464,887
02/21/2004,FRG,NY,AEA,EN,Towers with Display (VFR),2,36,44,0,82,0,2,137,1,140,2,38,181,1,222,276,0,276,498
02/22/2004,FRG,NY,AEA,EN,Towers with Display (VFR),0,44,72,0,116,0,0,246,3,249,0,44,318,3,365,207,0,207,572
02/23/2004,FRG,NY,AEA,EN,Towers with Display (VFR),0,25,28,1,54,0,6,295,1,302,0,31,323,2,356,362,0,362,718
02/24/2004,FRG,NY,AEA,EN,Towers with Display (VFR),0,22,40,0,62,0,2,105,2,109,0,24,145,2,171,161,0,161,332
02/25/2004,FRG,NY,AEA,EN,Towers with Display (VFR),0,12,67,4,83,0,3,210,0,213,0,15,277,4,296,371,0,371,667
02/26/2004,FRG,NY,AEA,EN,Towers with Display (VFR),2,27,44,0,73,0,1,315,1,317,2,28,359,1,390,421,0,421,811
02/27/2004,FRG,NY,AEA,EN,Towers with Display (VFR),0,24,57,1,82,0,8,273,0,281,0,32,330,1,363,439,0,439,802
02/28/2004,FRG,NY,AEA,EN,Towers with Display (VFR),2,13,33,0,48,0,0,390,0,390,2,13,423,0,438,327,0,327,765
02/29/2004,FRG,NY,AEA,EN,Towers with Display (VFR),1,26,48,1,76,0,0,438,0,438,1,26,486,1,514,329,0,329,843
03/01/2004,FRG,NY,AEA,EN,Towers with Display (VFR),2,11,46,0,59,0,9,212,0,221,2,20,258,0,280,389,0,389,669
03/02/2004,FRG,NY,AEA,EN,Towers with Display (VFR),0,15,52,0,67,0,3,84,0,87,0,18,136,0,154,141,0,141,295
03/03/2004,FRG,NY,AEA,EN,Towers with Display (VFR),0,19,68,0,87,0,2,260,0,262,0,21,328,0,349,312,0,312,661
03/04/2004,FRG,NY,AEA,EN,Towers with Display (VFR),0,11,105,0,116,0,2,15,0,17,0,13,120,0,133,92,0,92,225
03/05/2004,FRG,NY,AEA,EN,Towers with Display (VFR),0,3,41,0,44,0,0,0,0,0,0,3,41,0,44,10,0,10,54
03/06/2004,FRG,NY,AEA,EN,Towers with Display (VFR),2,8,31,0,41,0,0,23,0,23,2,8,54,0,64,66,0,66,130
03/07/2004,FRG,NY,AEA,EN,Towers with Display (VFR),0,17,45,0,62,0,0,399,0,399,0,17,444,0,461,489,0,489,950
03/08/2004,FRG,NY,AEA,EN,Towers with Display (VFR),0,21,46,0,67,0,0,8,0,8,0,21,54,0,75,7,0,7,82
03/09/2004,FRG,NY,AEA,EN,Towers with Display (VFR),0,21,61,0,82,0,1,46,2,49,0,22,107,2,131,148,2,150,281
03/10/2004,FRG,NY,AEA,EN,Towers with Display (VFR),0,15,72,0,87,0,0,182,0,182,0,15,254,0,269,344,0,344,613
03/11/2004,FRG,NY,AEA,EN,Towers with Display (VFR),4,8,31,2,45,0,7,158,0,165,4,15,189,2,210,157,0,157,367
03/12/2004,FRG,NY,AEA,EN,Towers with Display (VFR),0,17,33,0,50,0,0,68,2,70,0,17,101,2,120,21,0,21,141
03/13/2004,FRG,NY,AEA,EN,Towers with Display (VFR),0,19,26,2,47,0,0,277,0,277,0,19,303,2,324,311,6,317,641
03/14/2004,FRG,NY,AEA,EN,Towers with Display (VFR),0,18,57,0,75,0,0,420,1,421,0,18,477,1,496,316,0,316,812
03/15/2004,FRG,NY,AEA,EN,Towers with Display (VFR),0,5,52,1,58,0,6,260,0,266,0,11,312,1,324,383,0,383,707
03/16/2004,FRG,NY,AEA,EN,Towers with Display (VFR),0,3,30,0,33,0,3,31,0,34,0,6,61,0,67,134,0,134,201
03/17/2004,FRG,NY,AEA,EN,Towers with Display (VFR),2,21,47,0,70,0,1,15,0,16,2,22,62,0,86,59,0,59,145
03/18/2004,FRG,NY,AEA,EN,Towers with Display (VFR),1,15,77,0,93,0,12,43,0,55,1,27,120,0,148,134,0,134,282
03/19/2004,FRG,NY,AEA,EN,Towers with Display (VFR),0,19,34,0,53,0,0,28,0,28,0,19,62,0,81,132,0,132,213
03/20/2004,FRG,NY,AEA,EN,Towers with Display (VFR),2,12,43,0,57,0,2,362,0,364,2,14,405,0,421,380,0,380,801
03/21/2004,FRG,NY,AEA,EN,Towers with Display (VFR),2,25,58,0,85,0,2,152,0,154,2,27,210,0,239,156,0,156,395
03/22/2004,FRG,NY,AEA,EN,Towers with Display (VFR),0,16,54,0,70,0,3,228,0,231,0,19,282,0,301,399,0,399,700
03/23/2004,FRG,NY,AEA,EN,Towers with Display (VFR),2,15,66,0,83,4,3,360,0,367,6,18,426,0,450,388,0,388,838
03/24/2004,FRG,NY,AEA,EN,Towers with Display (VFR),2,20,75,0,97,0,0,343,0,343,2,20,418,0,440,434,0,434,874
03/25/2004,FRG,NY,AEA,EN,Towers with Display (VFR),0,34,57,0,91,0,4,126,0,130,0,38,183,0,221,496,0,496,717
03/26/2004,FRG,NY,AEA,EN,Towers with Display (VFR),0,21,61,0,82,0,3,307,1,311,0,24,368,1,393,470,0,470,863
03/27/2004,FRG,NY,AEA,EN,Towers with Display (VFR),0,18,47,0,65,0,3,203,1,207,0,21,250,1,272,308,0,308,580
03/28/2004,FRG,NY,AEA,EN,Towers with Display (VFR),0,29,47,0,76,0,0,296,0,296,0,29,343,0,372,341,0,341,713
03/29/2004,FRG,NY,AEA,EN,Towers with Display (VFR),0,19,65,0,84,0,1,260,0,261,0,20,325,0,345,522,0,522,867
03/30/2004,FRG,NY,AEA,EN,Towers with Display (VFR),0,15,83,0,98,0,1,75,0,76,0,16,158,0,174,297,0,297,471
03/31/2004,FRG,NY,AEA,EN,Towers with Display (VFR),1,23,88,2,114,0,0,1,0,1,1,23,89,2,115,9,0,9,124
04/01/2004,FRG,NY,AEA,EN,Towers with Display (VFR),1,27,43,0,71,0,0,0,0,0,1,27,43,0,71,12,0,12,83
04/02/2004,FRG,NY,AEA,EN,Towers with Display (VFR),0,40,91,0,131,0,0,28,0,28,0,40,119,0,159,48,0,48,207
04/03/2004,FRG,NY,AEA,EN,Towers with Display (VFR),1,38,86,0,125,0,0,53,1,54,1,38,139,1,179,192,0,192,371
04/04/2004,FRG,NY,AEA,EN,Towers with Display (VFR),0,32,62,0,94,0,0,44,0,44,0,32,106,0,138,238,0,238,376
04/05/2004,FRG,NY,AEA,EN,Towers with Display (VFR),0,17,34,0,51,0,0,78,0,78,0,17,112,0,129,95,0,95,224
04/06/2004,FRG,NY,AEA,EN,Towers with Display (VFR),2,21,42,0,65,0,3,230,0,233,2,24,272,0,298,308,0,308,606
04/07/2004,FRG,NY,AEA,EN,Towers with Display (VFR),4,32,79,0,115,0,2,328,0,330,4,34,407,0,445,405,0,405,850
04/08/2004,FRG,NY,AEA,EN,Towers with Display (VFR),0,24,73,1,98,0,4,270,2,276,0,28,343,3,374,337,0,337,711
04/09/2004,FRG,NY,AEA,EN,Towers with Display (VFR),0,18,65,0,83,0,0,261,0,261,0,18,326,0,344,475,0,475,819
04/10/2004,FRG,NY,AEA,EN,Towers with Display (VFR),4,23,44,0,71,0,0,398,0,398,4,23,442,0,469,316,0,316,785
04/11/2004,FRG,NY,AEA,EN,Towers with Display (VFR),0,32,54,0,86,0,2,49,0,51,0,34,103,0,137,215,0,215,352
04/12/2004,FRG,NY,AEA,EN,Towers with Display (VFR),1,12,64,2,79,0,3,158,4,165,1,15,222,6,244,315,0,315,559
04/13/2004,FRG,NY,AEA,EN,Towers with Display (VFR),1,11,44,0,56,0,0,0,0,0,1,11,44,0,56,5,0,5,61
04/14/2004,FRG,NY,AEA,EN,Towers with Display (VFR),0,21,47,0,68,0,0,10,0,10,0,21,57,0,78,13,0,13,91
04/15/2004,FRG,NY,AEA,EN,Towers with Display (VFR),2,12,63,0,77,0,18,159,0,177,2,30,222,0,254,329,0,329,583
04/16/2004,FRG,NY,AEA,EN,Towers with Display (VFR),0,19,51,0,70,0,3,429,0,432,0,22,480,0,502,405,0,405,907
04/17/2004,FRG,NY,AEA,EN,Towers with Display (VFR),0,12,25,0,37,0,1,321,0,322,0,13,346,0,359,514,0,514,873
04/18/2004,FRG,NY,AEA,EN,Towers with Display (VFR),2,28,60,0,90,0,1,381,0,382,2,29,441,0,472,275,0,275,747
04/19/2004,FRG,NY,AEA,EN,Towers with Display (VFR),0,15,51,0,66,0,6,221,1,228,0,21,272,1,294,290,0,290,584
04/20/2004,FRG,NY,AEA,EN,Towers with Display (VFR),0,13,61,0,74,0,8,274,0,282,0,21,335,0,356,353,0,353,709
04/21/2004,FRG,NY,AEA,EN,Towers with Display (VFR),0,12,74,0,86,0,7,215,0,222,0,19,289,0,308,422,0,422,730
04/22/2004,FRG,NY,AEA,EN,Towers with Display (VFR),0,22,81,0,103,0,0,184,1,185,0,22,265,1,288,285,0,285,573
04/23/2004,FRG,NY,AEA,EN,Towers with Display (VFR),0,17,85,0,102,0,4,209,0,213,0,21,294,0,315,437,0,437,752
04/24/2004,FRG,NY,AEA,EN,Towers with Display (VFR),0,20,38,0,58,0,2,318,0,320,0,22,356,0,378,304,0,304,682
04/25/2004,FRG,NY,AEA,EN,Towers with Display (VFR),2,23,69,0,94,0,1,331,0,332,2,24,400,0,426,293,0,293,719
04/26/2004,FRG,NY,AEA,EN,Towers with Display (VFR),0,18,50,0,68,0,0,3,0,3,0,18,53,0,71,3,0,3,74
04/27/2004,FRG,NY,AEA,EN,Towers with Display (VFR),1,18,42,0,61,0,0,270,0,270,1,18,312,0,331,421,0,421,752
04/28/2004,FRG,NY,AEA,EN,Towers with Display (VFR),2,18,64,0,84,0,2,344,0,346,2,20,408,0,430,356,0,356,786
04/29/2004,FRG,NY,AEA,EN,Towers with Display (VFR),0,18,53,0,71,0,4,349,0,353,0,22,402,0,424,378,0,378,802
04/30/2004,FRG,NY,AEA,EN,Towers with Display (VFR),0,23,70,1,94,0,4,391,0,395,0,27,461,1,489,329,6,335,824
05/01/2004,FRG,NY,AEA,EN,Towers with Display (VFR),0,17,52,0,69,0,0,333,0,333,0,17,385,0,402,446,0,446,848
05/02/2004,FRG,NY,AEA,EN,Towers with Display (VFR),0,28,45,0,73,0,0,0,0,0,0,28,45,0,73,10,0,10,83
05/03/2004,FRG,NY,AEA,EN,Towers with Display (VFR),2,16,72,1,91,0,1,18,0,19,2,17,90,1,110,14,0,14,124
05/04/2004,FRG,NY,AEA,EN,Towers with Display (VFR),2,33,61,0,96,0,0,281,0,281,2,33,342,0,377,441,0,441,818
05/05/2004,FRG,NY,AEA,EN,Towers with Display (VFR),0,20,69,0,89,0,3,218,1,222,0,23,287,1,311,322,0,322,633
05/06/2004,FRG,NY,AEA,EN,Towers with Display (VFR),1,12,69,0,82,0,1,424,2,427,1,13,493,2,509,493,0,493,1002
05/07/2004,FRG,NY,AEA,EN,Towers with Display (VFR),0,28,61,0,89,0,2,285,0,287,0,30,346,0,376,327,0,327,703
05/08/2004,FRG,NY,AEA,EN,Towers with Display (VFR),0,5,56,0,61,0,4,360,5,369,0,9,416,5,430,354,0,354,784
05/09/2004,FRG,NY,AEA,EN,Towers with Display (VFR),0,12,89,0,101,0,0,158,0,158,0,12,247,0,259,474,0,474,733
05/10/2004,FRG,NY,AEA,EN,Towers with Display (VFR),0,12,102,3,117,0,3,148,0,151,0,15,250,3,268,259,0,259,527
05/11/2004,FRG,NY,AEA,EN,Towers with Display (VFR),2,12,60,0,74,0,3,240,0,243,2,15,300,0,317,424,0,424,741
05/12/2004,FRG,NY,AEA,EN,Towers with Display (VFR),0,16,78,2,96,0,5,178,0,183,0,21,256,2,279,339,0,339,618
05/13/2004,FRG,NY,AEA,EN,Towers with Display (VFR),0,19,99,0,118,0,2,202,0,204,0,21,301,0,322,387,0,387,709
05/14/2004,FRG,NY,AEA,EN,Towers with Display (VFR),1,20,104,4,129,0,0,2,0,2,1,20,106,4,131,10,0,10,141
05/15/2004,FRG,NY,AEA,EN,Towers with Display (VFR),0,15,55,3,73,0,0,297,11,308,0,15,352,14,381,241,0,241,622
05/16/2004,FRG,NY,AEA,EN,Towers with Display (VFR),0,31,76,0,107,0,1,336,0,337,0,32,412,0,444,349,0,349,793
05/17/2004,FRG,NY,AEA,EN,Towers with Display (VFR),2,12,80,2,96,0,1,85,0,86,2,13,165,2,182,167,0,167,349
05/18/2004,FRG,NY,AEA,EN,Towers with Display (VFR),0,8,64,0,72,0,1,57,0,58,0,9,121,0,130,199,0,199,329
05/19/2004,FRG,NY,AEA,EN,Towers with Display (VFR),0,21,91,0,112,0,4,174,5,183,0,25,265,5,295,294,0,294,589
05/20/2004,FRG,NY,AEA,EN,Towers with Display (VFR),0,16,77,0,93,0,3,342,0,345,0,19,419,0,438,480,0,480,918
05/21/2004,FRG,NY,AEA,EN,Towers with Display (VFR),0,14,85,0,99,0,2,132,0,134,0,16,217,0,233,277,0,277,510
05/22/2004,FRG,NY,AEA,EN,Towers with Display (VFR),0,8,61,0,69,0,1,70,0,71,0,9,131,0,140,244,0,244,384
05/23/2004,FRG,NY,AEA,EN,Towers with Display (VFR),0,18,86,0,104,0,0,187,0,187,0,18,273,0,291,337,0,337,628
05/24/2004,FRG,NY,AEA,EN,Towers with Display (VFR),1,7,50,0,58,0,1,31,0,32,1,8,81,0,90,91,0,91,181
05/25/2004,FRG,NY,AEA,EN,Towers with Display (VFR),0,8,95,0,103,0,0,139,0,139,0,8,234,0,242,289,0,289,531
05/26/2004,FRG,NY,AEA,EN,Towers with Display (VFR),0,19,68,1,88,0,0,1,0,1,0,19,69,1,89,10,0,10,99
05/27/2004,FRG,NY,AEA,EN,Towers with Display (VFR),0,20,143,13,176,0,0,189,1,190,0,20,332,14,366,28,0,28,394
05/28/2004,FRG,NY,AEA,EN,Towers with Display (VFR),2,19,87,3,111,0,0,55,2,57,2,19,142,5,168,87,0,87,255
05/29/2004,FRG,NY,AEA,EN,Towers with Display (VFR),2,11,44,0,57,0,2,421,13,436,2,13,465,13,493,194,0,194,687
05/30/2004,FRG,NY,AEA,EN,Towers with Display (VFR),0,10,40,8,58,0,2,429,6,437,0,12,469,14,495,254,0,254,749
05/31/2004,FRG,NY,AEA,EN,Towers with Display (VFR),0,24,85,2,111,0,0,170,0,170,0,24,255,2,281,123,0,123,404
06/01/2004,FRG,NY,AEA,EN,Towers with Display (VFR),0,22,69,0,91,0,1,151,0,152,0,23,220,0,243,353,0,353,596
06/02/2004,FRG,NY,AEA,EN,Towers with Display (VFR),0,12,70,0,82,0,4,262,0,266,0,16,332,0,348,320,0,320,668
06/03/2004,FRG,NY,AEA,EN,Towers with Display (VFR),0,17,60,1,78,0,0,367,0,367,0,17,427,1,445,435,0,435,880
06/04/2004,FRG,NY,AEA,EN,Towers with Display (VFR),0,23,74,0,97,0,14,478,0,492,0,37,552,0,589,358,0,358,947
06/05/2004,FRG,NY,AEA,EN,Towers with Display (VFR),0,29,75,1,105,0,4,176,0,180,0,33,251,1,285,338,0,338,623
06/06/2004,FRG,NY,AEA,EN,Towers with Display (VFR),3,18,139,1,161,0,0,2,0,2,3,18,141,1,163,21,0,21,184
06/07/2004,FRG,NY,AEA,EN,Towers with Display (VFR),1,17,63,0,81,0,0,264,0,264,1,17,327,0,345,401,0,401,746
06/08/2004,FRG,NY,AEA,EN,Towers with Display (VFR),0,8,79,0,87,0,1,313,0,314,0,9,392,0,401,390,0,390,791
06/09/2004,FRG,NY,AEA,EN,Towers with Display (VFR),0,17,66,0,83,0,4,307,0,311,0,21,373,0,394,492,0,492,886
06/10/2004,FRG,NY,AEA,EN,Towers with Display (VFR),0,16,80,0,96,0,2,128,0,130,0,18,208,0,226,303,0,303,529
06/11/2004,FRG,NY,AEA,EN,Towers with Display (VFR),0,16,61,0,77,0,0,370,1,371,0,16,431,1,448,417,0,417,865
06/12/2004,FRG,NY,AEA,EN,Towers with Display (VFR),0,22,43,0,65,0,5,420,1,426,0,27,463,1,491,393,0,393,884
06/13/2004,FRG,NY,AEA,EN,Towers with Display (VFR),2,27,68,0,97,0,7,426,0,433,2,34,494,0,530,263,0,263,793
06/14/2004,FRG,NY,AEA,EN,Towers with Display (VFR),0,7,63,0,70,0,2,134,0,136,0,9,197,0,206,273,0,273,479
06/15/2004,FRG,NY,AEA,EN,Towers with Display (VFR),0,13,71,0,84,0,0,205,0,205,0,13,276,0,289,425,0,425,714
06/16/2004,FRG,NY,AEA,EN,Towers with Display (VFR),0,17,63,0,80,0,2,323,0,325,0,19,386,0,405,501,0,501,906
06/17/2004,FRG,NY,AEA,EN,Towers with Display (VFR),0,18,61,0,79,0,0,365,0,365,0,18,426,0,444,462,0,462,906
06/18/2004,FRG,NY,AEA,EN,Towers with Display (VFR),0,19,101,1,121,0,5,306,1,312,0,24,407,2,433,382,0,382,815
06/19/2004,FRG,NY,AEA,EN,Towers with Display (VFR),0,12,91,0,103,0,0,205,0,205,0,12,296,0,308,209,0,209,517
06/20/2004,FRG,NY,AEA,EN,Towers with Display (VFR),0,23,50,0,73,0,0,246,1,247,0,23,296,1,320,258,0,258,578
06/21/2004,FRG,NY,AEA,EN,Towers with Display (VFR),0,24,36,0,60,0,4,369,0,373,0,28,405,0,433,248,0,248,681
06/22/2004,FRG,NY,AEA,EN,Towers with Display (VFR),2,16,80,0,98,0,1,19,0,20,2,17,99,0,118,46,0,46,164
06/23/2004,FRG,NY,AEA,EN,Towers with Display (VFR),0,17,82,4,103,0,3,375,3,381,0,20,457,7,484,511,0,511,995
06/24/2004,FRG,NY,AEA,EN,Towers with Display (VFR),0,10,56,0,66,0,5,380,0,385,0,15,436,0,451,380,0,380,831
06/25/2004,FRG,NY,AEA,EN,Towers with Display (VFR),0,24,57,0,81,0,3,176,0,179,0,27,233,0,260,254,0,254,514
06/26/2004,FRG,NY,AEA,EN,Towers with Display (VFR),0,21,68,0,89,0,0,89,0,89,0,21,157,0,178,153,0,153,331
06/27/2004,FRG,NY,AEA,EN,Towers with Display (VFR),0,26,59,0,85,0,2,476,0,478,0,28,535,0,563,264,0,264,827
06/28/2004,FRG,NY,AEA,EN,Towers with Display (VFR),0,14,42,0,56,0,4,340,0,344,0,18,382,0,400,343,0,343,743
06/29/2004,FRG,NY,AEA,EN,Towers with Display (VFR),1,23,55,0,79,0,0,367,0,367,1,23,422,0,446,435,0,435,881
06/30/2004,FRG,NY,AEA,EN,Towers with Display (VFR),1,19,80,0,100,0,0,394,0,394,1,19,474,0,494,394,0,394,888
07/01/2004,FRG,NY,AEA,EN,Towers with Display (VFR),2,29,74,0,105,0,1,320,0,321,2,30,394,0,426,367,0,367,793
07/02/2004,FRG,NY,AEA,EN,Towers with Display (VFR),0,18,59,0,77,0,3,208,0,211,0,21,267,0,288,363,0,363,651
07/03/2004,FRG,NY,AEA,EN,Towers with Display (VFR),0,9,27,0,36,0,1,415,2,418,0,10,442,2,454,297,0,297,751
07/04/2004,FRG,NY,AEA,EN,Towers with Display (VFR),0,33,40,0,73,0,0,217,2,219,0,33,257,2,292,224,0,224,516
07/05/2004,FRG,NY,AEA,EN,Towers with Display (VFR),1,18,80,0,99,0,2,24,0,26,1,20,104,0,125,6,0,6,131
07/06/2004,FRG,NY,AEA,EN,Towers with Display (VFR),1,12,60,0,73,0,1,349,0,350,1,13,409,0,423,295,0,295,718
07/07/2004,FRG,NY,AEA,EN,Towers with Display (VFR),0,24,65,5,94,0,1,397,1,399,0,25,462,6,493,431,0,431,924
07/08/2004,FRG,NY,AEA,EN,Towers with Display (VFR),1,26,85,6,118,0,1,176,7,184,1,27,261,13,302,245,1,246,548
07/09/2004,FRG,NY,AEA,EN,Towers with Display (VFR),0,23,55,0,78,0,4,402,0,406,0,27,457,0,484,244,0,244,728
07/10/2004,FRG,NY,AEA,EN,Towers with Display (VFR),0,8,43,0,51,0,1,411,1,413,0,9,454,1,464,400,0,400,864
07/11/2004,FRG,NY,AEA,EN,Towers with Display (VFR),2,33,55,0,90,0,2,381,0,383,2,35,436,0,473,292,0,292,765
07/12/2004,FRG,NY,AEA,EN,Towers with Display (VFR),0,8,56,0,64,0,3,57,0,60,0,11,113,0,124,69,0,69,193
07/13/2004,FRG,NY,AEA,EN,Towers with Display (VFR),0,22,100,0,122,0,0,4,0,4,0,22,104,0,126,7,0,7,133
07/14/2004,FRG,NY,AEA,EN,Towers with Display (VFR),0,18,88,0,106,0,1,65,0,66,0,19,153,0,172,84,0,84,256
07/15/2004,FRG,NY,AEA,EN,Towers with Display (VFR),2,24,90,0,116,0,1,233,3,237,2,25,323,3,353,253,0,253,606
07/16/2004,FRG,NY,AEA,EN,Towers with Display (VFR),0,14,60,0,74,0,5,431,0,436,0,19,491,0,510,358,0,358,868
07/17/2004,FRG,NY,AEA,EN,Towers with Display (VFR),0,9,54,0,63,0,1,367,1,369,0,10,421,1,432,365,0,365,797
07/18/2004,FRG,NY,AEA,EN,Towers with Display (VFR),2,27,82,0,111,0,1,39,0,40,2,28,121,0,151,52,0,52,203
07/19/2004,FRG,NY,AEA,EN,Towers with Display (VFR),0,12,68,0,80,0,0,109,1,110,0,12,177,1,190,244,0,244,434
07/20/2004,FRG,NY,AEA,EN,Towers with Display (VFR),0,17,69,2,88,0,2,287,0,289,0,19,356,2,377,406,0,406,783
07/21/2004,FRG,NY,AEA,EN,Towers with Display (VFR),2,27,73,0,102,0,1,393,1,395,2,28,466,1,497,492,0,492,989
07/22/2004,FRG,NY,AEA,EN,Towers with Display (VFR),0,33,109,2,144,0,1,196,0,197,0,34,305,2,341,241,0,241,582
07/23/2004,FRG,NY,AEA,EN,Towers with Display (VFR),0,30,109,0,139,0,1,31,0,32,0,31,140,0,171,117,0,117,288
07/24/2004,FRG,NY,AEA,EN,Towers with Display (VFR),0,22,64,2,88,0,2,108,1,111,0,24,172,3,199,317,0,317,516
07/25/2004,FRG,NY,AEA,EN,Towers with Display (VFR),0,24,94,0,118,0,0,252,0,252,0,24,346,0,370,295,0,295,665
07/26/2004,FRG,NY,AEA,EN,Towers with Display (VFR),0,8,40,0,48,0,4,369,0,373,0,12,409,0,421,439,0,439,860
07/27/2004,FRG,NY,AEA,EN,Towers with Display (VFR),0,12,109,4,125,0,0,57,0,57,0,12,166,4,182,104,0,104,286
07/28/2004,FRG,NY,AEA,EN,Towers with Display (VFR),0,25,93,0,118,0,0,7,0,7,0,25,100,0,125,45,0,45,170
07/29/2004,FRG,NY,AEA,EN,Towers with Display (VFR),0,25,76,0,101,0,3,377,0,380,0,28,453,0,481,420,0,420,901
07/30/2004,FRG,NY,AEA,EN,Towers with Display (VFR),0,35,132,0,167,0,0,68,0,68,0,35,200,0,235,95,0,95,330
07/31/2004,FRG,NY,AEA,EN,Towers with Display (VFR),0,17,67,0,84,0,2,102,0,104,0,19,169,0,188,86,0,86,274
08/01/2004,FRG,NY,AEA,EN,Towers with Display (VFR),0,23,78,0,101,0,0,57,0,57,0,23,135,0,158,90,0,90,248
08/02/2004,FRG,NY,AEA,EN,Towers with Display (VFR),0,8,76,0,84,0,0,212,0,212,0,8,288,0,296,370,0,370,666
08/03/2004,FRG,NY,AEA,EN,Towers with Display (VFR),0,19,86,2,107,0,0,162,0,162,0,19,248,2,269,298,0,298,567
08/04/2004,FRG,NY,AEA,EN,Towers with Display (VFR),0,9,65,0,74,0,2,325,2,329,0,11,390,2,403,418,0,418,821
08/05/2004,FRG,NY,AEA,EN,Towers with Display (VFR),1,21,78,2,102,0,2,154,4,160,1,23,232,6,262,190,0,190,452
08/06/2004,FRG,NY,AEA,EN,Towers with Display (VFR),0,33,65,2,100,0,5,453,4,462,0,38,518,6,562,307,0,307,869
08/07/2004,FRG,NY,AEA,EN,Towers with Display (VFR),0,17,35,0,52,0,2,343,1,346,0,19,378,1,398,461,1,462,860
08/08/2004,FRG,NY,AEA,EN,Towers with Display (VFR),0,33,73,0,106,0,0,329,0,329,0,33,402,0,435,405,0,405,840
08/09/2004,FRG,NY,AEA,EN,Towers with Display (VFR),0,13,38,0,51,0,4,346,0,350,0,17,384,0,401,466,0,466,867
08/10/2004,FRG,NY,AEA,EN,Towers with Display (VFR),0,19,62,0,81,0,5,297,0,302,0,24,359,0,383,358,0,358,741
08/11/2004,FRG,NY,AEA,EN,Towers with Display (VFR),0,28,72,2,102,0,3,58,0,61,0,31,130,2,163,59,0,59,222
08/12/2004,FRG,NY,AEA,EN,Towers with Display (VFR),0,32,65,0,97,0,8,148,0,156,0,40,213,0,253,254,0,254,507
08/13/2004,FRG,NY,AEA,EN,Towers with Display (VFR),0,24,74,0,98,0,0,21,0,21,0,24,95,0,119,29,0,29,148
08/14/2004,FRG,NY,AEA,EN,Towers with Display (VFR),0,22,99,0,121,0,2,160,1,163,0,24,259,1,284,349,1,350,634
08/15/2004,FRG,NY,AEA,EN,Towers with Display (VFR),0,21,70,0,91,0,4,62,0,66,0,25,132,0,157,155,0,155,312
08/16/2004,FRG,NY,AEA,EN,Towers with Display (VFR),0,24,93,0,117,0,0,48,0,48,0,24,141,0,165,136,0,136,301
08/17/2004,FRG,NY,AEA,EN,Towers with Display (VFR),0,17,65,0,82,0,3,413,0,416,0,20,478,0,498,359,0,359,857
08/18/2004,FRG,NY,AEA,EN,Towers with Display (VFR),0,18,117,0,135,0,0,100,0,100,0,18,217,0,235,252,0,252,487
08/19/2004,FRG,NY,AEA,EN,Towers with Display (VFR),0,32,98,0,130,0,2,96,0,98,0,34,194,0,228,279,0,279,507
08/20/2004,FRG,NY,AEA,EN,Towers with Display (VFR),0,26,78,2,106,0,2,165,0,167,0,28,243,2,273,216,0,216,489
08/21/2004,FRG,NY,AEA,EN,Towers with Display (VFR),0,10,27,0,37,0,2,9,0,11,0,12,36,0,48,21,0,21,69
08/22/2004,FRG,NY,AEA,EN,Towers with Display (VFR),0,15,68,0,83,0,3,535,4,542,0,18,603,4,625,268,0,268,893
08/23/2004,FRG,NY,AEA,EN,Towers with Display (VFR),0,13,33,0,46,0,1,380,0,381,0,14,413,0,427,393,0,393,820
08/24/2004,FRG,NY,AEA,EN,Towers with Display (VFR),0,16,37,4,57,0,2,369,0,371,0,18,406,4,428,342,0,342,770
08/25/2004,FRG,NY,AEA,EN,Towers with Display (VFR),0,14,60,4,78,0,8,366,4,378,0,22,426,8,456,362,0,362,818
08/26/2004,FRG,NY,AEA,EN,Towers with Display (VFR),0,18,66,0,84,0,4,351,0,355,0,22,417,0,439,392,0,392,831
08/27/2004,FRG,NY,AEA,EN,Towers with Display (VFR),0,29,91,0,120,0,5,164,0,169,0,34,255,0,289,200,0,200,489
08/28/2004,FRG,NY,AEA,EN,Towers with Display (VFR),0,14,56,1,71,0,0,204,3,207,0,14,260,4,278,270,0,270,548
08/29/2004,FRG,NY,AEA,EN,Towers with Display (VFR),0,26,77,0,103,0,0,223,2,225,0,26,300,2,328,341,0,341,669
08/30/2004,FRG,NY,AEA,EN,Towers with Display (VFR),0,16,58,0,74,0,0,18,0,18,0,16,76,0,92,9,0,9,101
08/31/2004,FRG,NY,AEA,EN,Towers with Display (VFR),0,20,78,0,98,0,0,71,0,71,0,20,149,0,169,16,0,16,185
09/01/2004,FRG,NY,AEA,EN,Towers with Display (VFR),0,28,68,1,97,0,0,348,0,348,0,28,416,1,445,271,0,271,716
09/02/2004,FRG,NY,AEA,EN,Towers with Display (VFR),0,10,63,0,73,0,4,262,0,266,0,14,325,0,339,310,0,310,649
09/03/2004,FRG,NY,AEA,EN,Towers with Display (VFR),2,22,53,2,79,0,1,409,0,410,2,23,462,2,489,263,0,263,752
09/04/2004,FRG,NY,AEA,EN,Towers with Display (VFR),0,12,49,0,61,0,1,268,0,269,0,13,317,0,330,361,0,361,691
09/05/2004,FRG,NY,AEA,EN,Towers with Display (VFR),2,11,60,0,73,0,1,236,0,237,2,12,296,0,310,362,0,362,672
09/06/2004,FRG,NY,AEA,EN,Towers with Display (VFR),2,16,41,0,59,0,0,346,0,346,2,16,387,0,405,315,0,315,720
09/07/2004,FRG,NY,AEA,EN,Towers with Display (VFR),0,20,68,0,88,0,2,352,5,359,0,22,420,5,447,374,0,374,821
09/08/2004,FRG,NY,AEA,EN,Towers with Display (VFR),0,20,81,0,101,0,2,275,14,291,0,22,356,14,392,201,0,201,593
09/09/2004,FRG,NY,AEA,EN,Towers with Display (VFR),0,20,88,0,108,0,0,205,0,205,0,20,293,0,313,344,0,344,657
09/10/2004,FRG,NY,AEA,EN,Towers with Display (VFR),0,18,65,0,83,0,0,339,3,342,0,18,404,3,425,230,0,230,655
09/11/2004,FRG,NY,AEA,EN,Towers with Display (VFR),0,17,61,2,80,0,2,251,7,260,0,19,312,9,340,310,0,310,650
09/12/2004,FRG,NY,AEA,EN,Towers with Display (VFR),0,11,40,0,51,0,0,120,0,120,0,11,160,0,171,102,0,102,273
09/13/2004,FRG,NY,AEA,EN,Towers with Display (VFR),0,18,57,0,75,0,2,380,0,382,0,20,437,0,457,420,0,420,877
09/14/2004,FRG,NY,AEA,EN,Towers with Display (VFR),0,24,57,0,81,0,1,66,1,68,0,25,123,1,149,157,0,157,306
09/15/2004,FRG,NY,AEA,EN,Towers with Display (VFR),0,26,111,0,137,0,0,6,0,6,0,26,117,0,143,12,0,12,155
09/16/2004,FRG,NY,AEA,EN,Towers with Display (VFR),0,13,35,0,48,0,2,237,0,239,0,15,272,0,287,374,0,374,661
09/17/2004,FRG,NY,AEA,EN,Towers with Display (VFR),0,31,44,1,76,0,1,239,0,240,0,32,283,1,316,362,0,362,678
09/18/2004,FRG,NY,AEA,EN,Towers with Display (VFR),0,15,49,0,64,0,0,333,0,333,0,15,382,0,397,434,0,434,831
09/19/2004,FRG,NY,AEA,EN,Towers with Display (VFR),1,25,64,0,90,0,0,4,0,4,1,25,68,0,94,16,0,16,110
09/20/2004,FRG,NY,AEA,EN,Towers with Display (VFR),1,21,72,2,96,0,0,111,0,111,1,21,183,2,207,204,0,204,411
09/21/2004,FRG,NY,AEA,EN,Towers with Display (VFR),2,20,72,2,96,0,3,233,0,236,2,23,305,2,332,451,0,451,783
09/22/2004,FRG,NY,AEA,EN,Towers with Display (VFR),0,19,77,1,97,0,5,286,0,291,0,24,363,1,388,333,0,333,721
09/23/2004,FRG,NY,AEA,EN,Towers with Display (VFR),0,11,83,0,94,0,0,345,1,346,0,11,428,1,440,339,0,339,779
09/24/2004,FRG,NY,AEA,EN,Towers with Display (VFR),2,21,82,0,105,0,0,244,4,248,2,21,326,4,353,377,0,377,730
09/25/2004,FRG,NY,AEA,EN,Towers with Display (VFR),0,16,84,3,103,0,1,114,0,115,0,17,198,3,218,338,0,338,556
09/26/2004,FRG,NY,AEA,EN,Towers with Display (VFR),2,14,51,0,67,0,0,305,0,305,2,14,356,0,372,329,0,329,701
09/27/2004,FRG,NY,AEA,EN,Towers with Display (VFR),2,18,44,0,64,1,4,404,0,409,3,22,448,0,473,316,0,316,789
09/28/2004,FRG,NY,AEA,EN,Towers with Display (VFR),0,18,48,1,67,0,0,366,0,366,0,18,414,1,433,474,0,474,907
09/29/2004,FRG,NY,AEA,EN,Towers with Display (VFR),1,30,54,0,85,0,3,297,0,300,1,33,351,0,385,363,0,363,748
09/30/2004,FRG,NY,AEA,EN,Towers with Display (VFR),0,8,45,0,53,0,0,0,0,0,0,8,45,0,53,35,0,35,88
10/01/2004,FRG,NY,AEA,EN,Towers with Display (VFR),0,28,68,1,97,0,0,348,0,348,0,28,416,1,445,271,0,271,716
10/02/2004,FRG,NY,AEA,EN,Towers with Display (VFR),0,10,63,0,73,0,4,262,0,266,0,14,325,0,339,310,0,310,649
10/03/2004,FRG,NY,AEA,EN,Towers with Display (VFR),2,22,53,2,79,0,1,409,0,410,2,23,462,2,489,263,0,263,752
10/04/2004,FRG,NY,AEA,EN,Towers with Display (VFR),0,12,49,0,61,0,1,268,0,269,0,13,317,0,330,361,0,361,691
10/05/2004,FRG,NY,AEA,EN,Towers with Display (VFR),2,11,60,0,73,0,1,236,0,237,2,12,296,0,310,362,0,362,672
10/06/2004,FRG,NY,AEA,EN,Towers with Display (VFR),4,16,41,0,61,0,0,346,0,346,4,16,387,0,407,315,0,315,722
10/07/2004,FRG,NY,AEA,EN,Towers with Display (VFR),0,20,68,0,88,0,2,352,5,359,0,22,420,5,447,374,0,374,821
10/08/2004,FRG,NY,AEA,EN,Towers with Display (VFR),0,20,81,0,101,0,2,275,14,291,0,22,356,14,392,201,0,201,593
10/09/2004,FRG,NY,AEA,EN,Towers with Display (VFR),0,20,88,0,108,0,0,205,0,205,0,20,293,0,313,344,0,344,657
10/10/2004,FRG,NY,AEA,EN,Towers with Display (VFR),0,18,65,0,83,0,0,339,3,342,0,18,404,3,425,230,0,230,655
10/11/2004,FRG,NY,AEA,EN,Towers with Display (VFR),0,17,61,2,80,0,2,251,7,260,0,19,312,9,340,310,0,310,650
10/12/2004,FRG,NY,AEA,EN,Towers with Display (VFR),0,11,40,0,51,0,0,120,0,120,0,11,160,0,171,102,0,102,273
10/13/2004,FRG,NY,AEA,EN,Towers with Display (VFR),0,18,57,0,75,0,2,380,0,382,0,20,437,0,457,420,0,420,877
10/14/2004,FRG,NY,AEA,EN,Towers with Display (VFR),0,24,57,0,81,0,1,66,1,68,0,25,123,1,149,157,0,157,306
10/15/2004,FRG,NY,AEA,EN,Towers with Display (VFR),0,26,111,0,137,0,0,6,0,6,0,26,117,0,143,12,0,12,155
10/16/2004,FRG,NY,AEA,EN,Towers with Display (VFR),0,13,35,0,48,0,2,237,0,239,0,15,272,0,287,374,0,374,661
10/17/2004,FRG,NY,AEA,EN,Towers with Display (VFR),0,32,44,1,77,0,0,239,0,239,0,32,283,1,316,362,0,362,678
10/18/2004,FRG,NY,AEA,EN,Towers with Display (VFR),0,15,49,0,64,0,0,333,0,333,0,15,382,0,397,434,0,434,831
10/19/2004,FRG,NY,AEA,EN,Towers with Display (VFR),1,25,64,0,90,0,0,4,0,4,1,25,68,0,94,16,0,16,110
10/20/2004,FRG,NY,AEA,EN,Towers with Display (VFR),1,21,72,2,96,0,0,111,0,111,1,21,183,2,207,204,0,204,411
10/21/2004,FRG,NY,AEA,EN,Towers with Display (VFR),2,20,72,2,96,0,3,233,0,236,2,23,305,2,332,451,0,451,783
10/22/2004,FRG,NY,AEA,EN,Towers with Display (VFR),0,19,77,1,97,0,5,286,0,291,0,24,363,1,388,333,0,333,721
10/23/2004,FRG,NY,AEA,EN,Towers with Display (VFR),0,11,83,0,94,0,0,345,1,346,0,11,428,1,440,339,0,339,779
10/24/2004,FRG,NY,AEA,EN,Towers with Display (VFR),2,21,82,0,105,0,0,244,4,248,2,21,326,4,353,377,0,377,730
10/25/2004,FRG,NY,AEA,EN,Towers with Display (VFR),0,16,84,3,103,0,1,114,0,115,0,17,198,3,218,338,0,338,556
10/26/2004,FRG,NY,AEA,EN,Towers with Display (VFR),2,14,51,0,67,0,0,305,0,305,2,14,356,0,372,329,0,329,701
10/27/2004,FRG,NY,AEA,EN,Towers with Display (VFR),2,18,44,0,64,1,4,404,0,409,3,22,448,0,473,316,0,316,789
10/28/2004,FRG,NY,AEA,EN,Towers with Display (VFR),0,18,48,1,67,0,0,366,0,366,0,18,414,1,433,474,0,474,907
10/29/2004,FRG,NY,AEA,EN,Towers with Display (VFR),2,29,54,0,85,0,3,297,0,300,2,32,351,0,385,363,0,363,748
10/30/2004,FRG,NY,AEA,EN,Towers with Display (VFR),0,8,45,0,53,0,0,0,0,0,0,8,45,0,53,35,0,35,88
10/31/2004,FRG,NY,AEA,EN,Towers with Display (VFR),0,22,47,1,70,0,0,196,0,196,0,22,243,1,266,197,0,197,463
11/01/2004,FRG,NY,AEA,EN,Towers with Radar,4,16,36,0,56,0,3,249,1,253,4,19,285,1,309,235,0,235,544
11/02/2004,FRG,NY,AEA,EN,Towers with Radar,0,18,61,1,80,0,1,210,0,211,0,19,271,1,291,365,0,365,656
11/03/2004,FRG,NY,AEA,EN,Towers with Radar,0,15,47,0,62,0,2,200,0,202,0,17,247,0,264,189,0,189,453
11/04/2004,FRG,NY,AEA,EN,Towers with Radar,2,23,81,1,107,0,3,189,1,193,2,26,270,2,300,227,0,227,527
11/05/2004,FRG,NY,AEA,EN,Towers with Radar,3,18,32,0,53,0,4,70,0,74,3,22,102,0,127,20,0,20,147
11/06/2004,FRG,NY,AEA,EN,Towers with Radar,2,8,53,0,63,0,2,284,8,294,2,10,337,8,357,217,0,217,574
11/07/2004,FRG,NY,AEA,EN,Towers with Radar,2,28,61,1,92,0,0,449,2,451,2,28,510,3,543,243,0,243,786
11/08/2004,FRG,NY,AEA,EN,Towers with Radar,1,9,38,0,48,0,0,189,2,191,1,9,227,2,239,199,0,199,438
11/09/2004,FRG,NY,AEA,EN,Towers with Radar,0,13,56,0,69,0,1,296,0,297,0,14,352,0,366,445,0,445,811
11/10/2004,FRG,NY,AEA,EN,Towers with Radar,0,16,67,0,83,0,3,345,0,348,0,19,412,0,431,473,0,473,904
11/11/2004,FRG,NY,AEA,EN,Towers with Radar,1,19,82,0,102,0,3,362,2,367,1,22,444,2,469,315,0,315,784
11/12/2004,FRG,NY,AEA,EN,Towers with Radar,0,22,67,1,90,0,3,37,0,40,0,25,104,1,130,110,0,110,240
11/13/2004,FRG,NY,AEA,EN,Towers with Radar,0,14,35,1,50,0,0,140,0,140,0,14,175,1,190,160,0,160,350
11/14/2004,FRG,NY,AEA,EN,Towers with Radar,0,28,46,2,76,0,0,405,1,406,0,28,451,3,482,319,0,319,801
11/15/2004,FRG,NY,AEA,EN,Towers with Radar,0,16,66,0,82,0,0,325,0,325,0,16,391,0,407,281,0,281,688
11/16/2004,FRG,NY,AEA,EN,Towers with Radar,0,10,51,0,61,0,2,331,0,333,0,12,382,0,394,453,0,453,847
11/17/2004,FRG,NY,AEA,EN,Towers with Radar,0,20,54,0,74,0,0,358,0,358,0,20,412,0,432,339,0,339,771
11/18/2004,FRG,NY,AEA,EN,Towers with Radar,0,17,70,0,87,0,3,284,0,287,0,20,354,0,374,450,0,450,824
11/19/2004,FRG,NY,AEA,EN,Towers with Radar,0,28,68,0,96,0,0,335,0,335,0,28,403,0,431,446,0,446,877
11/20/2004,FRG,NY,AEA,EN,Towers with Radar,0,15,79,0,94,0,0,95,0,95,0,15,174,0,189,291,0,291,480
11/21/2004,FRG,NY,AEA,EN,Towers with Radar,0,12,54,0,66,0,0,2,0,2,0,12,56,0,68,9,0,9,77
11/22/2004,FRG,NY,AEA,EN,Towers with Radar,0,15,65,0,80,0,0,139,0,139,0,15,204,0,219,181,0,181,400
11/23/2004,FRG,NY,AEA,EN,Towers with Radar,2,20,82,0,104,0,3,183,0,186,2,23,265,0,290,353,0,353,643
11/24/2004,FRG,NY,AEA,EN,Towers with Radar,2,27,78,0,107,0,0,10,0,10,2,27,88,0,117,22,0,22,139
11/25/2004,FRG,NY,AEA,EN,Towers with Radar,0,13,37,0,50,0,0,12,0,12,0,13,49,0,62,32,0,32,94
11/26/2004,FRG,NY,AEA,EN,Towers with Radar,0,10,36,0,46,0,0,326,2,328,0,10,362,2,374,385,0,385,759
11/27/2004,FRG,NY,AEA,EN,Towers with Radar,0,8,50,0,58,0,4,307,0,311,0,12,357,0,369,329,0,329,698
11/28/2004,FRG,NY,AEA,EN,Towers with Radar,0,43,97,0,140,0,2,30,0,32,0,45,127,0,172,28,0,28,200
11/29/2004,FRG,NY,AEA,EN,Towers with Radar,2,14,58,2,76,0,0,269,0,269,2,14,327,2,345,309,0,309,654
11/30/2004,FRG,NY,AEA,EN,Towers with Radar,2,14,47,0,63,0,4,380,0,384,2,18,427,0,447,454,0,454,901
12/01/2004,FRG,NY,AEA,EN,Towers with Radar,0,15,38,0,53,0,1,20,0,21,0,16,58,0,74,10,0,10,84
12/02/2004,FRG,NY,AEA,EN,Towers with Radar,2,28,63,0,93,0,0,287,0,287,2,28,350,0,380,441,0,441,821
12/03/2004,FRG,NY,AEA,EN,Towers with Radar,0,27,53,0,80,0,1,295,2,298,0,28,348,2,378,362,0,362,740
12/04/2004,FRG,NY,AEA,EN,Towers with Radar,0,11,47,0,58,0,2,402,1,405,0,13,449,1,463,338,0,338,801
12/05/2004,FRG,NY,AEA,EN,Towers with Radar,0,27,46,0,73,0,0,399,2,401,0,27,445,2,474,303,0,303,777
12/06/2004,FRG,NY,AEA,EN,Towers with Radar,0,19,56,0,75,0,0,77,0,77,0,19,133,0,152,195,0,195,347
12/07/2004,FRG,NY,AEA,EN,Towers with Radar,0,10,39,0,49,0,0,1,0,1,0,10,40,0,50,2,0,2,52
12/08/2004,FRG,NY,AEA,EN,Towers with Radar,0,24,61,2,87,0,5,218,0,223,0,29,279,2,310,300,0,300,610
12/09/2004,FRG,NY,AEA,EN,Towers with Radar,0,10,63,0,73,0,2,308,0,310,0,12,371,0,383,400,0,400,783
12/10/2004,FRG,NY,AEA,EN,Towers with Radar,0,19,69,0,88,0,0,0,0,0,0,19,69,0,88,9,0,9,97
12/11/2004,FRG,NY,AEA,EN,Towers with Radar,0,13,66,0,79,0,0,35,0,35,0,13,101,0,114,133,0,133,247
12/12/2004,FRG,NY,AEA,EN,Towers with Radar,0,20,53,0,73,0,1,307,1,309,0,21,360,1,382,277,0,277,659
12/13/2004,FRG,NY,AEA,EN,Towers with Radar,0,12,69,0,81,0,4,153,0,157,0,16,222,0,238,267,0,267,505
12/14/2004,FRG,NY,AEA,EN,Towers with Radar,0,11,54,0,65,0,2,279,0,281,0,13,333,0,346,348,0,348,694
12/15/2004,FRG,NY,AEA,EN,Towers with Radar,0,25,66,0,91,0,4,284,0,288,0,29,350,0,379,371,0,371,750
12/16/2004,FRG,NY,AEA,EN,Towers with Radar,0,13,58,8,79,0,2,314,0,316,0,15,372,8,395,324,0,324,719
12/17/2004,FRG,NY,AEA,EN,Towers with Radar,0,23,66,0,89,0,3,266,0,269,0,26,332,0,358,287,0,287,645
12/18/2004,FRG,NY,AEA,EN,Towers with Radar,0,21,47,0,68,0,0,379,1,380,0,21,426,1,448,328,0,328,776
12/19/2004,FRG,NY,AEA,EN,Towers with Radar,0,11,52,0,63,0,1,98,0,99,0,12,150,0,162,325,0,325,487
12/20/2004,FRG,NY,AEA,EN,Towers with Radar,0,9,37,0,46,0,0,60,0,60,0,9,97,0,106,20,0,20,126
12/21/2004,FRG,NY,AEA,EN,Towers with Radar,0,19,45,0,64,0,1,216,0,217,0,20,261,0,281,332,0,332,613
12/22/2004,FRG,NY,AEA,EN,Towers with Radar,0,23,64,0,87,0,7,257,0,264,0,30,321,0,351,366,0,366,717
12/23/2004,FRG,NY,AEA,EN,Towers with Radar,0,27,57,0,84,0,1,30,0,31,0,28,87,0,115,10,0,10,125
12/24/2004,FRG,NY,AEA,EN,Towers with Radar,0,10,34,0,44,0,2,113,0,115,0,12,147,0,159,153,0,153,312
12/25/2004,FRG,NY,AEA,EN,Towers with Radar,0,12,24,0,36,0,0,80,0,80,0,12,104,0,116,25,0,25,141
12/26/2004,FRG,NY,AEA,EN,Towers with Radar,0,17,66,0,83,0,0,52,2,54,0,17,118,2,137,113,0,113,250
12/27/2004,FRG,NY,AEA,EN,Towers with Radar,0,9,56,0,65,0,1,41,0,42,0,10,97,0,107,48,0,48,155
12/28/2004,FRG,NY,AEA,EN,Towers with Radar,0,13,45,2,60,0,2,198,0,200,0,15,243,2,260,278,0,278,538
12/29/2004,FRG,NY,AEA,EN,Towers with Radar,0,6,48,0,54,0,3,216,0,219,0,9,264,0,273,296,0,296,569
12/30/2004,FRG,NY,AEA,EN,Towers with Radar,0,15,36,0,51,0,2,264,0,266,0,17,300,0,317,307,0,307,624
12/31/2004,FRG,NY,AEA,EN,Towers with Radar,0,9,40,0,49,0,2,152,2,156,0,11,192,2,205,321,0,321,526
01/01/2005,FRG,NY,AEA,EN,Towers with Radar,0,18,53,0,71,0,0,147,0,147,0,18,200,0,218,67,0,67,285
01/02/2005,FRG,NY,AEA,EN,Towers with Radar,2,24,89,0,115,0,2,208,0,210,2,26,297,0,325,235,0,235,560
01/03/2005,FRG,NY,AEA,EN,Towers with Radar,0,23,60,0,83,0,1,96,0,97,0,24,156,0,180,251,0,251,431
01/04/2005,FRG,NY,AEA,EN,Towers with Radar,0,26,57,0,83,0,2,79,0,81,0,28,136,0,164,128,0,128,292
01/05/2005,FRG,NY,AEA,EN,Towers with Radar,0,8,24,0,32,0,1,16,0,17,0,9,40,0,49,19,0,19,68
01/06/2005,FRG,NY,AEA,EN,Towers with Radar,0,12,32,0,44,0,0,0,0,0,0,12,32,0,44,7,0,7,51
01/07/2005,FRG,NY,AEA,EN,Towers with Radar,0,7,58,0,65,0,0,254,0,254,0,7,312,0,319,372,0,372,691
01/08/2005,FRG,NY,AEA,EN,Towers with Radar,0,1,40,0,41,0,0,2,0,2,0,1,42,0,43,5,0,5,48
01/09/2005,FRG,NY,AEA,EN,Towers with Radar,0,13,58,0,71,0,0,321,0,321,0,13,379,0,392,297,0,297,689
01/10/2005,FRG,NY,AEA,EN,Towers with Radar,0,11,45,0,56,0,0,129,0,129,0,11,174,0,185,230,0,230,415
01/11/2005,FRG,NY,AEA,EN,Towers with Radar,0,12,29,2,43,0,1,100,0,101,0,13,129,2,144,219,0,219,363
01/12/2005,FRG,NY,AEA,EN,Towers with Radar,0,15,33,0,48,0,0,0,0,0,0,15,33,0,48,4,0,4,52
01/13/2005,FRG,NY,AEA,EN,Towers with Radar,0,8,26,0,34,0,0,0,0,0,0,8,26,0,34,7,0,7,41
01/14/2005,FRG,NY,AEA,EN,Towers with Radar,0,12,66,0,78,0,0,28,0,28,0,12,94,0,106,9,0,9,115
01/15/2005,FRG,NY,AEA,EN,Towers with Radar,0,12,28,0,40,0,2,369,0,371,0,14,397,0,411,271,0,271,682
01/16/2005,FRG,NY,AEA,EN,Towers with Radar,0,18,52,0,70,0,0,164,0,164,0,18,216,0,234,285,0,285,519
01/17/2005,FRG,NY,AEA,EN,Towers with Radar,0,19,54,0,73,0,0,84,0,84,0,19,138,0,157,54,0,54,211
01/18/2005,FRG,NY,AEA,EN,Towers with Radar,0,20,32,0,52,0,1,169,0,170,0,21,201,0,222,273,0,273,495
01/19/2005,FRG,NY,AEA,EN,Towers with Radar,0,20,35,0,55,0,1,46,0,47,0,21,81,0,102,15,0,15,117
01/20/2005,FRG,NY,AEA,EN,Towers with Radar,0,22,50,0,72,0,2,209,0,211,0,24,259,0,283,174,0,174,457
01/21/2005,FRG,NY,AEA,EN,Towers with Radar,0,18,60,0,78,0,2,229,0,231,0,20,289,0,309,307,0,307,616
01/22/2005,FRG,NY,AEA,EN,Towers with Radar,0,1,14,0,15,0,3,44,0,47,0,4,58,0,62,146,0,146,208
01/23/2005,FRG,NY,AEA,EN,Towers with Radar,0,1,7,0,8,0,0,0,0,0,0,1,7,0,8,7,0,7,15
01/24/2005,FRG,NY,AEA,EN,Towers with Radar,0,24,26,0,50,0,1,69,0,70,0,25,95,0,120,25,0,25,145
01/25/2005,FRG,NY,AEA,EN,Towers with Radar,0,24,44,0,68,0,2,159,0,161,0,26,203,0,229,177,0,177,406
01/26/2005,FRG,NY,AEA,EN,Towers with Radar,0,16,37,0,53,0,3,38,0,41,0,19,75,0,94,13,0,13,107
01/27/2005,FRG,NY,AEA,EN,Towers with Radar,0,10,87,0,97,0,2,138,1,141,0,12,225,1,238,262,0,262,500
01/28/2005,FRG,NY,AEA,EN,Towers with Radar,0,11,35,0,46,0,3,256,3,262,0,14,291,3,308,413,0,413,721
01/29/2005,FRG,NY,AEA,EN,Towers with Radar,0,8,24,0,32,0,2,266,0,268,0,10,290,0,300,371,0,371,671
01/30/2005,FRG,NY,AEA,EN,Towers with Radar,0,12,42,0,54,0,0,200,0,200,0,12,242,0,254,373,0,373,627
01/31/2005,FRG,NY,AEA,EN,Towers with Radar,0,8,31,0,39,0,0,203,5,208,0,8,234,5,247,306,0,306,553
02/01/2005,FRG,NY,AEA,EN,Towers with Radar,0,2,38,0,40,0,0,250,0,250,0,2,288,0,290,436,0,436,726
02/02/2005,FRG,NY,AEA,EN,Towers with Radar,0,16,49,0,65,0,4,292,0,296,0,20,341,0,361,333,0,333,694
02/03/2005,FRG,NY,AEA,EN,Towers with Radar,0,19,56,0,75,0,1,241,0,242,0,20,297,0,317,366,0,366,683
02/04/2005,FRG,NY,AEA,EN,Towers with Radar,0,13,85,0,98,0,0,115,0,115,0,13,200,0,213,92,0,92,305
02/05/2005,FRG,NY,AEA,EN,Towers with Radar,0,2,37,0,39,0,2,361,0,363,0,4,398,0,402,434,0,434,836
02/06/2005,FRG,NY,AEA,EN,Towers with Radar,0,16,61,0,77,0,0,411,0,411,0,16,472,0,488,332,0,332,820
02/07/2005,FRG,NY,AEA,EN,Towers with Radar,0,19,47,0,66,0,0,315,0,315,0,19,362,0,381,463,0,463,844
02/08/2005,FRG,NY,AEA,EN,Towers with Radar,0,15,53,0,68,0,2,208,0,210,0,17,261,0,278,362,0,362,640
02/09/2005,FRG,NY,AEA,EN,Towers with Radar,0,16,51,1,68,0,0,201,0,201,0,16,252,1,269,354,0,354,623
02/10/2005,FRG,NY,AEA,EN,Towers with Radar,0,11,41,2,54,0,2,63,0,65,0,13,104,2,119,44,0,44,163
02/11/2005,FRG,NY,AEA,EN,Towers with Radar,0,12,55,0,67,0,3,152,0,155,0,15,207,0,222,194,0,194,416
02/12/2005,FRG,NY,AEA,EN,Towers with Radar,0,7,47,0,54,0,0,279,0,279,0,7,326,0,333,351,0,351,684
02/13/2005,FRG,NY,AEA,EN,Towers with Radar,0,12,60,2,74,0,0,385,0,385,0,12,445,2,459,373,2,375,834
02/14/2005,FRG,NY,AEA,EN,Towers with Radar,0,14,38,0,52,0,0,50,0,50,0,14,88,0,102,174,0,174,276
02/15/2005,FRG,NY,AEA,EN,Towers with Radar,0,17,57,0,74,0,3,234,0,237,0,20,291,0,311,309,0,309,620
02/16/2005,FRG,NY,AEA,EN,Towers with Radar,0,16,75,0,91,0,2,78,0,80,0,18,153,0,171,137,0,137,308
02/17/2005,FRG,NY,AEA,EN,Towers with Radar,0,24,65,0,89,0,2,293,0,295,0,26,358,0,384,319,0,319,703
02/18/2005,FRG,NY,AEA,EN,Towers with Radar,0,39,113,0,152,0,3,203,0,206,0,42,316,0,358,232,0,232,590
02/19/2005,FRG,NY,AEA,EN,Towers with Radar,0,26,56,0,82,0,1,288,1,290,0,27,344,1,372,229,0,229,601
02/20/2005,FRG,NY,AEA,EN,Towers with Radar,0,7,38,0,45,0,0,0,0,0,0,7,38,0,45,2,0,2,47
02/21/2005,FRG,NY,AEA,EN,Towers with Radar,0,7,38,0,45,0,0,0,0,0,0,7,38,0,45,2,0,2,47
02/22/2005,FRG,NY,AEA,EN,Towers with Radar,0,20,56,0,76,0,4,169,0,173,0,24,225,0,249,265,0,265,514
02/23/2005,FRG,NY,AEA,EN,Towers with Radar,0,11,55,0,66,0,3,255,0,258,0,14,310,0,324,296,0,296,620
02/24/2005,FRG,NY,AEA,EN,Towers with Radar,0,10,32,0,42,0,1,113,0,114,0,11,145,0,156,339,0,339,495
02/25/2005,FRG,NY,AEA,EN,Towers with Radar,0,28,49,0,77,0,8,201,0,209,0,36,250,0,286,288,0,288,574
02/26/2005,FRG,NY,AEA,EN,Towers with Radar,0,23,74,0,97,0,0,185,0,185,0,23,259,0,282,350,0,350,632
02/27/2005,FRG,NY,AEA,EN,Towers with Radar,0,38,78,0,116,0,0,427,0,427,0,38,505,0,543,221,0,221,764
02/28/2005,FRG,NY,AEA,EN,Towers with Radar,0,19,36,0,55,0,1,83,0,84,0,20,119,0,139,111,0,111,250
03/01/2005,FRG,NY,AEA,EN,Towers with Radar,0,17,30,0,47,0,0,36,0,36,0,17,66,0,83,19,0,19,102
03/02/2005,FRG,NY,AEA,EN,Towers with Radar,0,9,53,0,62,0,1,124,0,125,0,10,177,0,187,184,0,184,371
03/03/2005,FRG,NY,AEA,EN,Towers with Radar,0,12,52,0,64,0,3,200,0,203,0,15,252,0,267,262,0,262,529
03/04/2005,FRG,NY,AEA,EN,Towers with Radar,0,13,58,0,71,0,2,282,0,284,0,15,340,0,355,361,0,361,716
03/05/2005,FRG,NY,AEA,EN,Towers with Radar,0,9,28,0,37,0,3,398,0,401,0,12,426,0,438,434,0,434,872
03/06/2005,FRG,NY,AEA,EN,Towers with Radar,0,9,77,0,86,0,0,260,0,260,0,9,337,0,346,337,0,337,683
03/07/2005,FRG,NY,AEA,EN,Towers with Radar,0,15,42,3,60,0,1,174,0,175,0,16,216,3,235,255,0,255,490
03/08/2005,FRG,NY,AEA,EN,Towers with Radar,2,15,17,0,34,0,0,13,0,13,2,15,30,0,47,11,0,11,58
03/09/2005,FRG,NY,AEA,EN,Towers with Radar,0,14,49,0,63,0,0,76,0,76,0,14,125,0,139,26,0,26,165
03/10/2005,FRG,NY,AEA,EN,Towers with Radar,0,21,64,0,85,0,5,303,1,309,0,26,367,1,394,348,0,348,742
03/11/2005,FRG,NY,AEA,EN,Towers with Radar,0,24,49,0,73,0,1,37,0,38,0,25,86,0,111,80,0,80,191
03/12/2005,FRG,NY,AEA,EN,Towers with Radar,0,12,40,1,53,0,1,121,6,128,0,13,161,7,181,191,0,191,372
03/13/2005,FRG,NY,AEA,EN,Towers with Radar,0,11,62,0,73,0,0,376,0,376,0,11,438,0,449,383,0,383,832
03/14/2005,FRG,NY,AEA,EN,Towers with Radar,0,17,32,0,49,0,5,265,0,270,0,22,297,0,319,343,0,343,662
03/15/2005,FRG,NY,AEA,EN,Towers with Radar,0,13,59,0,72,0,0,282,0,282,0,13,341,0,354,355,0,355,709
03/16/2005,FRG,NY,AEA,EN,Towers with Radar,0,13,41,0,54,0,1,287,8,296,0,14,328,8,350,422,0,422,772
03/17/2005,FRG,NY,AEA,EN,Towers with Radar,2,14,59,0,75,0,1,295,0,296,2,15,354,0,371,410,0,410,781
03/18/2005,FRG,NY,AEA,EN,Towers with Radar,0,20,79,2,101,0,2,355,2,359,0,22,434,4,460,463,0,463,923
03/19/2005,FRG,NY,AEA,EN,Towers with Radar,0,10,41,0,51,0,0,338,4,342,0,10,379,4,393,461,0,461,854
03/20/2005,FRG,NY,AEA,EN,Towers with Radar,0,19,73,0,92,0,0,47,0,47,0,19,120,0,139,243,0,243,382
03/21/2005,FRG,NY,AEA,EN,Towers with Radar,0,25,42,0,67,0,0,83,0,83,0,25,125,0,150,153,0,153,303
03/22/2005,FRG,NY,AEA,EN,Towers with Radar,0,21,51,0,72,0,0,360,0,360,0,21,411,0,432,386,0,386,818
03/23/2005,FRG,NY,AEA,EN,Towers with Radar,0,32,65,2,99,0,0,41,0,41,0,32,106,2,140,93,0,93,233
03/24/2005,FRG,NY,AEA,EN,Towers with Radar,0,35,79,0,114,0,2,176,1,179,0,37,255,1,293,370,0,370,663
03/25/2005,FRG,NY,AEA,EN,Towers with Radar,0,16,60,0,76,0,2,232,0,234,0,18,292,0,310,470,0,470,780
03/26/2005,FRG,NY,AEA,EN,Towers with Radar,0,12,49,0,61,0,3,324,0,327,0,15,373,0,388,276,0,276,664
03/27/2005,FRG,NY,AEA,EN,Towers with Radar,0,27,58,0,85,0,0,148,0,148,0,27,206,0,233,254,0,254,487
03/28/2005,FRG,NY,AEA,EN,Towers with Radar,0,17,30,0,47,0,0,2,0,2,0,17,32,0,49,9,0,9,58
03/29/2005,FRG,NY,AEA,EN,Towers with Radar,0,13,62,0,75,0,2,90,0,92,0,15,152,0,167,173,0,173,340
03/30/2005,FRG,NY,AEA,EN,Towers with Radar,0,10,63,0,73,0,1,384,0,385,0,11,447,0,458,381,0,381,839
03/31/2005,FRG,NY,AEA,EN,Towers with Radar,0,20,82,0,102,0,2,329,0,331,0,22,411,0,433,374,0,374,807
04/01/2005,FRG,NY,AEA,EN,Towers with Radar,0,22,93,0,115,0,0,64,0,64,0,22,157,0,179,232,0,232,411
04/02/2005,FRG,NY,AEA,EN,Towers with Radar,0,8,32,0,40,0,0,1,0,1,0,8,33,0,41,9,0,9,50
04/03/2005,FRG,NY,AEA,EN,Towers with Radar,0,32,69,0,101,0,0,64,2,66,0,32,133,2,167,138,0,138,305
04/04/2005,FRG,NY,AEA,EN,Towers with Radar,0,19,47,2,68,0,3,200,1,204,0,22,247,3,272,280,0,280,552
04/05/2005,FRG,NY,AEA,EN,Towers with Radar,0,10,53,0,63,0,1,345,0,346,0,11,398,0,409,346,0,346,755
04/06/2005,FRG,NY,AEA,EN,Towers with Radar,0,11,65,0,76,0,3,399,0,402,0,14,464,0,478,474,0,474,952
04/07/2005,FRG,NY,AEA,EN,Towers with Radar,1,16,54,2,73,0,0,281,0,281,1,16,335,2,354,255,0,255,609
04/08/2005,FRG,NY,AEA,EN,Towers with Radar,1,14,74,0,89,0,1,222,2,225,1,15,296,2,314,327,0,327,641
04/09/2005,FRG,NY,AEA,EN,Towers with Radar,0,17,38,0,55,0,2,357,9,368,0,19,395,9,423,470,0,470,893
04/10/2005,FRG,NY,AEA,EN,Towers with Radar,0,33,49,1,83,0,0,471,1,472,0,33,520,2,555,387,0,387,942
04/11/2005,FRG,NY,AEA,EN,Towers with Radar,0,16,46,0,62,0,0,266,0,266,0,16,312,0,328,256,0,256,584
04/12/2005,FRG,NY,AEA,EN,Towers with Radar,2,5,51,0,58,0,1,371,0,372,2,6,422,0,430,299,0,299,729
04/13/2005,FRG,NY,AEA,EN,Towers with Radar,2,5,51,0,58,0,1,371,0,372,2,6,422,0,430,299,0,299,729
04/14/2005,FRG,NY,AEA,EN,Towers with Radar,0,10,58,1,69,0,4,310,1,315,0,14,368,2,384,389,0,389,773
04/15/2005,FRG,NY,AEA,EN,Towers with Radar,0,10,67,1,78,0,5,261,1,267,0,15,328,2,345,260,0,260,605
04/16/2005,FRG,NY,AEA,EN,Towers with Radar,0,23,40,0,63,0,2,351,0,353,0,25,391,0,416,488,0,488,904
04/17/2005,FRG,NY,AEA,EN,Towers with Radar,0,19,59,0,78,0,6,402,0,408,0,25,461,0,486,234,0,234,720
04/18/2005,FRG,NY,AEA,EN,Towers with Radar,0,20,38,0,58,0,0,273,0,273,0,20,311,0,331,385,0,385,716
04/19/2005,FRG,NY,AEA,EN,Towers with Radar,0,21,50,0,71,0,2,352,0,354,0,23,402,0,425,486,0,486,911
04/20/2005,FRG,NY,AEA,EN,Towers with Radar,0,13,77,0,90,0,2,255,0,257,0,15,332,0,347,326,0,326,673
04/21/2005,FRG,NY,AEA,EN,Towers with Radar,0,16,95,0,111,0,0,281,1,282,0,16,376,1,393,166,0,166,559
04/22/2005,FRG,NY,AEA,EN,Towers with Radar,0,18,92,0,110,0,0,261,0,261,0,18,353,0,371,418,0,418,789
04/23/2005,FRG,NY,AEA,EN,Towers with Radar,0,19,20,0,39,0,0,2,0,2,0,19,22,0,41,5,0,5,46
04/24/2005,FRG,NY,AEA,EN,Towers with Radar,0,35,68,0,103,0,17,106,0,123,0,52,174,0,226,155,0,155,381
04/25/2005,FRG,NY,AEA,EN,Towers with Radar,2,22,59,0,83,0,0,142,0,142,2,22,201,0,225,121,0,121,346
04/26/2005,FRG,NY,AEA,EN,Towers with Radar,0,20,56,1,77,0,2,273,0,275,0,22,329,1,352,359,0,359,711
04/27/2005,FRG,NY,AEA,EN,Towers with Radar,0,19,68,0,87,0,1,20,0,21,0,20,88,0,108,20,0,20,128
04/28/2005,FRG,NY,AEA,EN,Towers with Radar,2,17,62,1,82,0,3,254,0,257,2,20,316,1,339,351,0,351,690
04/29/2005,FRG,NY,AEA,EN,Towers with Radar,0,20,75,0,95,0,1,280,2,283,0,21,355,2,378,315,0,315,693
04/30/2005,FRG,NY,AEA,EN,Towers with Radar,0,10,44,0,54,0,0,0,0,0,0,10,44,0,54,6,0,6,60
05/01/2005,FRG,NY,AEA,EN,Towers with Radar,1,45,107,0,153,0,2,161,0,163,1,47,268,0,316,285,0,285,601
05/02/2005,FRG,NY,AEA,EN,Towers with Radar,0,38,33,0,71,0,0,127,0,127,0,38,160,0,198,139,0,139,337
05/03/2005,FRG,NY,AEA,EN,Towers with Radar,0,20,67,0,87,0,2,329,4,335,0,22,396,4,422,416,0,416,838
05/04/2005,FRG,NY,AEA,EN,Towers with Radar,0,18,57,1,76,0,0,316,0,316,0,18,373,1,392,419,0,419,811
05/05/2005,FRG,NY,AEA,EN,Towers with Radar,0,23,66,0,89,0,5,391,1,397,0,28,457,1,486,456,0,456,942
05/06/2005,FRG,NY,AEA,EN,Towers with Radar,0,14,65,0,79,0,0,239,0,239,0,14,304,0,318,336,0,336,654
05/07/2005,FRG,NY,AEA,EN,Towers with Radar,0,8,27,0,35,0,0,82,0,82,0,8,109,0,117,106,0,106,223
05/08/2005,FRG,NY,AEA,EN,Towers with Radar,3,28,35,1,67,0,2,160,1,163,3,30,195,2,230,208,0,208,438
05/09/2005,FRG,NY,AEA,EN,Towers with Radar,0,4,47,3,54,0,3,261,0,264,0,7,308,3,318,378,0,378,696
05/10/2005,FRG,NY,AEA,EN,Towers with Radar,0,7,58,0,65,0,8,332,0,340,0,15,390,0,405,438,0,438,843
05/11/2005,FRG,NY,AEA,EN,Towers with Radar,0,11,86,0,97,0,1,126,1,128,0,12,212,1,225,272,0,272,497
05/12/2005,FRG,NY,AEA,EN,Towers with Radar,2,17,61,0,80,0,0,264,0,264,2,17,325,0,344,207,0,207,551
05/13/2005,FRG,NY,AEA,EN,Towers with Radar,2,20,56,2,80,0,2,382,0,384,2,22,438,2,464,390,0,390,854
05/14/2005,FRG,NY,AEA,EN,Towers with Radar,0,14,48,1,63,0,5,195,0,200,0,19,243,1,263,337,0,337,600
05/15/2005,FRG,NY,AEA,EN,Towers with Radar,2,22,75,1,100,0,0,169,0,169,2,22,244,1,269,436,0,436,705
05/16/2005,FRG,NY,AEA,EN,Towers with Radar,0,24,66,0,90,0,0,183,0,183,0,24,249,0,273,294,0,294,567
05/17/2005,FRG,NY,AEA,EN,Towers with Radar,2,13,63,0,78,0,0,325,0,325,2,13,388,0,403,461,0,461,864
05/18/2005,FRG,NY,AEA,EN,Towers with Radar,0,21,60,0,81,0,2,338,0,340,0,23,398,0,421,465,0,465,886
05/19/2005,FRG,NY,AEA,EN,Towers with Radar,0,17,56,0,73,0,1,350,0,351,0,18,406,0,424,521,0,521,945
05/20/2005,FRG,NY,AEA,EN,Towers with Radar,0,13,71,0,84,0,2,158,0,160,0,15,229,0,244,334,0,334,578
05/21/2005,FRG,NY,AEA,EN,Towers with Radar,0,9,50,1,60,0,6,321,1,328,0,15,371,2,388,493,0,493,881
05/22/2005,FRG,NY,AEA,EN,Towers with Radar,0,12,85,0,97,0,2,106,0,108,0,14,191,0,205,251,0,251,456
05/23/2005,FRG,NY,AEA,EN,Towers with Radar,0,26,65,0,91,0,1,202,0,203,0,27,267,0,294,383,0,383,677
05/24/2005,FRG,NY,AEA,EN,Towers with Radar,0,17,63,0,80,0,1,71,0,72,0,18,134,0,152,138,0,138,290
05/25/2005,FRG,NY,AEA,EN,Towers with Radar,0,20,54,2,76,0,1,34,1,36,0,21,88,3,112,83,0,83,195
05/26/2005,FRG,NY,AEA,EN,Towers with Radar,0,21,88,8,117,0,0,171,0,171,0,21,259,8,288,180,2,182,470
05/27/2005,FRG,NY,AEA,EN,Towers with Radar,2,19,97,1,119,0,5,371,4,380,2,24,468,5,499,183,4,187,686
05/28/2005,FRG,NY,AEA,EN,Towers with Radar,0,5,38,5,48,0,2,291,1,294,0,7,329,6,342,101,0,101,443
05/29/2005,FRG,NY,AEA,EN,Towers with Radar,0,7,42,1,50,0,0,346,6,352,0,7,388,7,402,196,4,200,602
05/30/2005,FRG,NY,AEA,EN,Towers with Radar,0,23,55,3,81,0,0,354,4,358,0,23,409,7,439,195,0,195,634
05/31/2005,FRG,NY,AEA,EN,Towers with Radar,2,10,46,1,59,0,5,283,0,288,2,15,329,1,347,397,0,397,744
06/01/2005,FRG,NY,AEA,EN,Towers with Radar,0,20,104,2,126,0,0,54,1,55,0,20,158,3,181,89,0,89,270
06/02/2005,FRG,NY,AEA,EN,Towers with Radar,0,12,138,2,152,0,1,141,0,142,0,13,279,2,294,222,0,222,516
06/03/2005,FRG,NY,AEA,EN,Towers with Radar,0,19,103,1,123,0,1,117,0,118,0,20,220,1,241,163,0,163,404
06/04/2005,FRG,NY,AEA,EN,Towers with Radar,0,18,55,0,73,0,0,203,0,203,0,18,258,0,276,218,0,218,494
06/05/2005,FRG,NY,AEA,EN,Towers with Radar,0,13,58,1,72,0,2,472,3,477,0,15,530,4,549,271,0,271,820
06/06/2005,FRG,NY,AEA,EN,Towers with Radar,0,15,50,0,65,0,0,192,0,192,0,15,242,0,257,176,0,176,433
06/07/2005,FRG,NY,AEA,EN,Towers with Radar,0,25,77,0,102,0,1,239,0,240,0,26,316,0,342,374,0,374,716
06/08/2005,FRG,NY,AEA,EN,Towers with Radar,0,21,67,0,88,0,2,323,0,325,0,23,390,0,413,489,0,489,902
06/09/2005,FRG,NY,AEA,EN,Towers with Radar,0,24,74,0,98,0,2,228,0,230,0,26,302,0,328,316,0,316,644
06/10/2005,FRG,NY,AEA,EN,Towers with Radar,0,33,104,0,137,0,1,95,0,96,0,34,199,0,233,116,0,116,349
06/11/2005,FRG,NY,AEA,EN,Towers with Radar,0,15,49,1,65,0,6,227,1,234,0,21,276,2,299,381,0,381,680
06/12/2005,FRG,NY,AEA,EN,Towers with Radar,2,26,86,0,114,0,3,309,2,314,2,29,395,2,428,277,0,277,705
06/13/2005,FRG,NY,AEA,EN,Towers with Radar,2,26,86,0,114,0,3,309,2,314,2,29,395,2,428,277,0,277,705
06/14/2005,FRG,NY,AEA,EN,Towers with Radar,0,15,35,0,50,0,3,317,0,320,0,18,352,0,370,384,0,384,754
06/15/2005,FRG,NY,AEA,EN,Towers with Radar,0,23,114,0,137,0,2,43,0,45,0,25,157,0,182,90,0,90,272
06/16/2005,FRG,NY,AEA,EN,Towers with Radar,2,25,107,0,134,0,1,42,0,43,2,26,149,0,177,72,0,72,249
06/17/2005,FRG,NY,AEA,EN,Towers with Radar,0,34,52,0,86,0,6,324,0,330,0,40,376,0,416,346,0,346,762
06/18/2005,FRG,NY,AEA,EN,Towers with Radar,0,19,62,0,81,0,2,284,0,286,0,21,346,0,367,375,0,375,742
06/19/2005,FRG,NY,AEA,EN,Towers with Radar,1,22,78,1,102,0,6,341,0,347,1,28,419,1,449,416,0,416,865
06/20/2005,FRG,NY,AEA,EN,Towers with Radar,1,22,78,1,102,0,6,341,0,347,1,28,419,1,449,416,0,416,865
06/21/2005,FRG,NY,AEA,EN,Towers with Radar,0,14,63,0,77,0,3,265,2,270,0,17,328,2,347,394,0,394,741
06/22/2005,FRG,NY,AEA,EN,Towers with Radar,0,29,74,0,103,0,7,262,0,269,0,36,336,0,372,357,0,357,729
06/23/2005,FRG,NY,AEA,EN,Towers with Radar,0,27,54,0,81,0,4,369,0,373,0,31,423,0,454,431,0,431,885
06/24/2005,FRG,NY,AEA,EN,Towers with Radar,0,23,76,0,99,0,5,406,0,411,0,28,482,0,510,476,0,476,986
06/25/2005,FRG,NY,AEA,EN,Towers with Radar,0,12,37,0,49,0,4,365,2,371,0,16,402,2,420,404,0,404,824
06/26/2005,FRG,NY,AEA,EN,Towers with Radar,0,36,68,0,104,0,7,279,0,286,0,43,347,0,390,272,0,272,662
06/27/2005,FRG,NY,AEA,EN,Towers with Radar,0,41,71,0,112,0,0,5,0,5,0,41,76,0,117,15,0,15,132
06/28/2005,FRG,NY,AEA,EN,Towers with Radar,0,12,92,0,104,0,2,48,0,50,0,14,140,0,154,115,0,115,269
06/29/2005,FRG,NY,AEA,EN,Towers with Radar,2,42,90,2,136,0,16,86,0,102,2,58,176,2,238,37,178,215,453
06/30/2005,FRG,NY,AEA,EN,Towers with Radar,0,24,122,0,146,0,0,1,0,1,0,24,123,0,147,14,0,14,161
07/01/2005,FRG,NY,AEA,EN,Towers with Radar,0,29,36,0,65,0,7,138,0,145,0,36,174,0,210,135,0,135,345
07/02/2005,FRG,NY,AEA,EN,Towers with Radar,2,20,63,0,85,0,3,277,0,280,2,23,340,0,365,415,0,415,780
07/03/2005,FRG,NY,AEA,EN,Towers with Radar,0,46,30,0,76,0,1,360,5,366,0,47,390,5,442,239,0,239,681
07/04/2005,FRG,NY,AEA,EN,Towers with Radar,0,14,57,1,72,0,3,213,1,217,0,17,270,2,289,153,0,153,442
07/05/2005,FRG,NY,AEA,EN,Towers with Radar,0,10,65,0,75,0,4,41,0,45,0,14,106,0,120,108,0,108,228
07/06/2005,FRG,NY,AEA,EN,Towers with Radar,0,18,69,0,87,0,1,17,0,18,0,19,86,0,105,66,0,66,171
07/07/2005,FRG,NY,AEA,EN,Towers with Radar,2,14,107,4,127,0,1,142,2,145,2,15,249,6,272,188,0,188,460
07/08/2005,FRG,NY,AEA,EN,Towers with Radar,0,20,59,1,80,0,0,0,0,0,0,20,59,1,80,11,0,11,91
07/09/2005,FRG,NY,AEA,EN,Towers with Radar,0,26,49,0,75,0,2,212,2,216,0,28,261,2,291,232,0,232,523
07/10/2005,FRG,NY,AEA,EN,Towers with Radar,0,27,48,0,75,0,0,357,0,357,0,27,405,0,432,252,0,252,684
07/11/2005,FRG,NY,AEA,EN,Towers with Radar,0,29,47,0,76,0,4,297,0,301,0,33,344,0,377,391,0,391,768
07/12/2005,FRG,NY,AEA,EN,Towers with Radar,0,15,67,0,82,0,2,307,0,309,0,17,374,0,391,366,0,366,757
07/13/2005,FRG,NY,AEA,EN,Towers with Radar,0,47,101,0,148,0,2,54,0,56,0,49,155,0,204,24,0,24,228
07/14/2005,FRG,NY,AEA,EN,Towers with Radar,0,28,116,0,144,0,0,86,0,86,0,28,202,0,230,139,0,139,369
07/15/2005,FRG,NY,AEA,EN,Towers with Radar,0,33,90,0,123,0,2,191,0,193,0,35,281,0,316,338,0,338,654
07/16/2005,FRG,NY,AEA,EN,Towers with Radar,0,19,77,0,96,0,0,42,0,42,0,19,119,0,138,133,0,133,271
07/17/2005,FRG,NY,AEA,EN,Towers with Radar,0,21,73,2,96,0,0,0,0,0,0,21,73,2,96,8,0,8,104
07/18/2005,FRG,NY,AEA,EN,Towers with Radar,0,20,37,0,57,0,0,3,0,3,0,20,40,0,60,27,0,27,87
07/19/2005,FRG,NY,AEA,EN,Towers with Radar,0,13,75,0,88,0,1,39,0,40,0,14,114,0,128,32,0,32,160
07/20/2005,FRG,NY,AEA,EN,Towers with Radar,0,18,64,0,82,0,8,403,0,411,0,26,467,0,493,211,0,211,704
07/21/2005,FRG,NY,AEA,EN,Towers with Radar,0,28,63,0,91,0,2,384,0,386,0,30,447,0,477,438,0,438,915
07/22/2005,FRG,NY,AEA,EN,Towers with Radar,0,21,68,2,91,0,1,329,1,331,0,22,397,3,422,389,0,389,811
07/23/2005,FRG,NY,AEA,EN,Towers with Radar,0,31,39,1,71,0,0,339,0,339,0,31,378,1,410,344,0,344,754
07/24/2005,FRG,NY,AEA,EN,Towers with Radar,0,39,77,1,117,0,3,388,0,391,0,42,465,1,508,148,0,148,656
07/25/2005,FRG,NY,AEA,EN,Towers with Radar,0,18,44,1,63,0,0,168,1,169,0,18,212,2,232,205,0,205,437
07/26/2005,FRG,NY,AEA,EN,Towers with Radar,0,8,61,0,69,0,1,276,0,277,0,9,337,0,346,308,0,308,654
07/27/2005,FRG,NY,AEA,EN,Towers with Radar,0,21,127,0,148,0,1,38,0,39,0,22,165,0,187,47,0,47,234
07/28/2005,FRG,NY,AEA,EN,Towers with Radar,0,18,74,0,92,0,5,340,0,345,0,23,414,0,437,395,0,395,832
07/29/2005,FRG,NY,AEA,EN,Towers with Radar,0,19,74,0,93,0,2,325,0,327,0,21,399,0,420,342,0,342,762
07/30/2005,FRG,NY,AEA,EN,Towers with Radar,0,9,79,0,88,0,1,176,0,177,0,10,255,0,265,215,0,215,480
07/31/2005,FRG,NY,AEA,EN,Towers with Radar,0,32,84,0,116,0,1,296,0,297,0,33,380,0,413,350,0,350,763
08/01/2005,FRG,NY,AEA,EN,Towers with Radar,0,17,48,0,65,0,3,187,0,190,0,20,235,0,255,250,0,250,505
08/02/2005,FRG,NY,AEA,EN,Towers with Radar,1,14,55,0,70,0,7,273,0,280,1,21,328,0,350,345,0,345,695
08/03/2005,FRG,NY,AEA,EN,Towers with Radar,1,24,64,0,89,0,2,309,0,311,1,26,373,0,400,302,0,302,702
08/04/2005,FRG,NY,AEA,EN,Towers with Radar,0,24,65,0,89,0,0,257,0,257,0,24,322,0,346,417,0,417,763
08/05/2005,FRG,NY,AEA,EN,Towers with Radar,0,27,57,0,84,0,0,162,0,162,0,27,219,0,246,343,0,343,589
08/06/2005,FRG,NY,AEA,EN,Towers with Radar,0,11,30,0,41,0,2,348,0,350,0,13,378,0,391,390,0,390,781
08/07/2005,FRG,NY,AEA,EN,Towers with Radar,0,24,55,0,79,0,0,311,0,311,0,24,366,0,390,388,0,388,778
08/08/2005,FRG,NY,AEA,EN,Towers with Radar,0,14,54,2,70,0,3,165,2,170,0,17,219,4,240,213,2,215,455
08/09/2005,FRG,NY,AEA,EN,Towers with Radar,0,15,64,0,79,0,1,204,0,205,0,16,268,0,284,174,0,174,458
08/10/2005,FRG,NY,AEA,EN,Towers with Radar,0,19,67,0,86,0,0,408,1,409,0,19,475,1,495,0,302,302,797
08/11/2005,FRG,NY,AEA,EN,Towers with Radar,0,30,57,0,87,0,4,294,0,298,0,34,351,0,385,288,0,288,673
08/12/2005,FRG,NY,AEA,EN,Towers with Radar,0,21,86,0,107,0,0,281,1,282,0,21,367,1,389,305,0,305,694
08/13/2005,FRG,NY,AEA,EN,Towers with Radar,2,24,77,0,103,0,0,162,0,162,2,24,239,0,265,325,0,325,590
08/14/2005,FRG,NY,AEA,EN,Towers with Radar,0,17,91,0,108,0,1,91,0,92,0,18,182,0,200,134,0,134,334
08/15/2005,FRG,NY,AEA,EN,Towers with Radar,0,12,96,0,108,0,14,56,0,70,0,26,152,0,178,46,0,46,224
08/16/2005,FRG,NY,AEA,EN,Towers with Radar,0,19,47,0,66,0,20,210,2,232,0,39,257,2,298,437,0,437,735
08/17/2005,FRG,NY,AEA,EN,Towers with Radar,0,24,54,0,78,0,11,386,0,397,0,35,440,0,475,405,0,405,880
08/18/2005,FRG,NY,AEA,EN,Towers with Radar,0,23,69,0,92,0,1,403,0,404,0,24,472,0,496,408,0,408,904
08/19/2005,FRG,NY,AEA,EN,Towers with Radar,0,30,69,1,100,0,2,208,3,213,0,32,277,4,313,394,0,394,707
08/20/2005,FRG,NY,AEA,EN,Towers with Radar,0,18,70,0,88,0,0,85,0,85,0,18,155,0,173,227,0,227,400
08/21/2005,FRG,NY,AEA,EN,Towers with Radar,0,24,60,1,85,0,0,126,0,126,0,24,186,1,211,199,0,199,410
08/22/2005,FRG,NY,AEA,EN,Towers with Radar,0,18,36,0,54,0,4,289,0,293,0,22,325,0,347,242,0,242,589
08/23/2005,FRG,NY,AEA,EN,Towers with Radar,0,21,62,0,83,0,43,339,1,383,0,64,401,1,466,403,0,403,869
08/24/2005,FRG,NY,AEA,EN,Towers with Radar,0,23,64,0,87,0,8,334,0,342,0,31,398,0,429,408,0,408,837
08/25/2005,FRG,NY,AEA,EN,Towers with Radar,0,28,57,1,86,0,16,359,0,375,0,44,416,1,461,363,0,363,824
08/26/2005,FRG,NY,AEA,EN,Towers with Radar,0,28,74,0,102,0,3,334,1,338,0,31,408,1,440,372,0,372,812
08/27/2005,FRG,NY,AEA,EN,Towers with Radar,0,24,36,0,60,0,6,340,0,346,0,30,376,0,406,305,0,305,711
08/28/2005,FRG,NY,AEA,EN,Towers with Radar,0,45,96,0,141,0,0,118,0,118,0,45,214,0,259,230,0,230,489
08/29/2005,FRG,NY,AEA,EN,Towers with Radar,0,37,32,1,70,0,8,116,0,124,0,45,148,1,194,122,0,122,316
08/30/2005,FRG,NY,AEA,EN,Towers with Radar,0,24,57,0,81,0,2,50,0,52,0,26,107,0,133,66,0,66,199
08/31/2005,FRG,NY,AEA,EN,Towers with Radar,0,26,56,1,83,0,15,35,0,50,0,41,91,1,133,20,0,20,153
09/01/2005,FRG,NY,AEA,EN,Towers with Radar,0,16,61,1,78,0,0,335,0,335,0,16,396,1,413,505,0,505,918
09/02/2005,FRG,NY,AEA,EN,Towers with Radar,0,17,61,0,78,0,2,350,0,352,0,19,411,0,430,349,0,349,779
09/03/2005,FRG,NY,AEA,EN,Towers with Radar,0,15,29,0,44,0,1,306,1,308,0,16,335,1,352,234,0,234,586
09/04/2005,FRG,NY,AEA,EN,Towers with Radar,0,10,36,0,46,0,6,380,0,386,0,16,416,0,432,233,0,233,665
09/05/2005,FRG,NY,AEA,EN,Towers with Radar,0,15,62,1,78,0,5,333,0,338,0,20,395,1,416,123,0,123,539
09/06/2005,FRG,NY,AEA,EN,Towers with Radar,0,12,36,0,48,0,18,319,0,337,0,30,355,0,385,396,0,396,781
09/07/2005,FRG,NY,AEA,EN,Towers with Radar,0,7,37,0,44,0,20,265,2,287,0,27,302,2,331,147,0,147,478
09/08/2005,FRG,NY,AEA,EN,Towers with Radar,0,14,45,0,59,0,7,383,2,392,0,21,428,2,451,444,0,444,895
09/09/2005,FRG,NY,AEA,EN,Towers with Radar,0,7,58,0,65,0,0,308,0,308,0,7,366,0,373,392,0,392,765
09/10/2005,FRG,NY,AEA,EN,Towers with Radar,1,27,33,0,61,0,26,315,0,341,1,53,348,0,402,268,0,268,670
09/11/2005,FRG,NY,AEA,EN,Towers with Radar,0,19,71,0,90,0,0,462,0,462,0,19,533,0,552,300,0,300,852
09/12/2005,FRG,NY,AEA,EN,Towers with Radar,0,6,12,2,20,0,0,125,0,125,0,6,137,2,145,104,0,104,249
09/13/2005,FRG,NY,AEA,EN,Towers with Radar,0,10,67,0,77,0,2,163,0,165,0,12,230,0,242,287,0,287,529
09/14/2005,FRG,NY,AEA,EN,Towers with Radar,0,19,109,0,128,0,4,48,0,52,0,23,157,0,180,35,0,35,215
09/15/2005,FRG,NY,AEA,EN,Towers with Radar,2,20,98,0,120,0,0,24,0,24,2,20,122,0,144,1,0,1,145
09/16/2005,FRG,NY,AEA,EN,Towers with Radar,0,39,106,0,145,0,1,39,0,40,0,40,145,0,185,19,0,19,204
09/17/2005,FRG,NY,AEA,EN,Towers with Radar,0,16,58,0,74,0,2,78,0,80,0,18,136,0,154,207,0,207,361
09/18/2005,FRG,NY,AEA,EN,Towers with Radar,0,38,51,0,89,0,6,427,1,434,0,44,478,1,523,338,0,338,861
09/19/2005,FRG,NY,AEA,EN,Towers with Radar,3,15,51,2,71,0,3,276,0,279,3,18,327,2,350,482,0,482,832
09/20/2005,FRG,NY,AEA,EN,Towers with Radar,0,33,49,1,83,0,4,75,0,79,0,37,124,1,162,276,0,276,438
09/21/2005,FRG,NY,AEA,EN,Towers with Radar,0,33,60,0,93,0,19,379,0,398,0,52,439,0,491,516,0,516,1007
09/22/2005,FRG,NY,AEA,EN,Towers with Radar,0,15,74,0,89,0,2,332,0,334,0,17,406,0,423,349,0,349,772
09/23/2005,FRG,NY,AEA,EN,Towers with Radar,2,20,83,0,105,0,4,280,0,284,2,24,363,0,389,441,0,441,830
09/24/2005,FRG,NY,AEA,EN,Towers with Radar,2,10,43,0,55,0,5,330,0,335,2,15,373,0,390,329,0,329,719
09/25/2005,FRG,NY,AEA,EN,Towers with Radar,0,24,84,0,108,0,5,313,0,318,0,29,397,0,426,412,0,412,838
09/26/2005,FRG,NY,AEA,EN,Towers with Radar,1,10,38,0,49,0,19,93,0,112,1,29,131,0,161,44,118,162,323
09/27/2005,FRG,NY,AEA,EN,Towers with Radar,2,9,42,0,53,0,6,278,1,285,2,15,320,1,338,95,378,473,811
09/28/2005,FRG,NY,AEA,EN,Towers with Radar,0,24,45,0,69,0,6,311,0,317,0,30,356,0,386,268,0,268,654
09/29/2005,FRG,NY,AEA,EN,Towers with Radar,2,25,48,2,77,0,3,86,0,89,2,28,134,2,166,94,0,94,260
09/30/2005,FRG,NY,AEA,EN,Towers with Radar,2,26,70,1,99,0,2,372,0,374,2,28,442,1,473,270,0,270,743
10/01/2005,FRG,NY,AEA,EN,Towers with Radar,0,11,45,0,56,0,0,339,0,339,0,11,384,0,395,364,0,364,759
10/02/2005,FRG,NY,AEA,EN,Towers with Radar,0,23,59,0,82,0,0,341,2,343,0,23,400,2,425,311,0,311,736
10/03/2005,FRG,NY,AEA,EN,Towers with Radar,0,16,60,0,76,0,7,213,0,220,0,23,273,0,296,452,0,452,748
10/04/2005,FRG,NY,AEA,EN,Towers with Radar,4,13,59,0,76,0,15,267,1,283,4,28,326,1,359,397,0,397,756
10/05/2005,FRG,NY,AEA,EN,Towers with Radar,2,27,88,0,117,0,0,147,0,147,2,27,235,0,264,242,0,242,506
10/06/2005,FRG,NY,AEA,EN,Towers with Radar,0,12,86,0,98,0,1,80,1,82,0,13,166,1,180,55,0,55,235
10/07/2005,FRG,NY,AEA,EN,Towers with Radar,0,27,93,1,121,0,0,55,0,55,0,27,148,1,176,67,0,67,243
10/08/2005,FRG,NY,AEA,EN,Towers with Radar,1,19,29,0,49,0,0,0,0,0,1,19,29,0,49,0,0,0,49
10/09/2005,FRG,NY,AEA,EN,Towers with Radar,0,28,75,0,103,0,0,0,0,0,0,28,75,0,103,8,0,8,111
10/10/2005,FRG,NY,AEA,EN,Towers with Radar,3,34,46,1,84,0,0,0,0,0,3,34,46,1,84,13,0,13,97
10/11/2005,FRG,NY,AEA,EN,Towers with Radar,1,21,68,1,91,0,1,5,0,6,1,22,73,1,97,9,0,9,106
10/12/2005,FRG,NY,AEA,EN,Towers with Radar,0,26,22,0,48,0,0,0,0,0,0,26,22,0,48,3,0,3,51
10/13/2005,FRG,NY,AEA,EN,Towers with Radar,0,12,31,0,43,0,0,5,0,5,0,12,36,0,48,2,0,2,50
10/14/2005,FRG,NY,AEA,EN,Towers with Radar,0,28,43,0,71,0,0,0,0,0,0,28,43,0,71,10,0,10,81
10/15/2005,FRG,NY,AEA,EN,Towers with Radar,0,33,37,0,70,0,2,89,0,91,0,35,126,0,161,104,0,104,265
10/16/2005,FRG,NY,AEA,EN,Towers with Radar,0,22,54,0,76,0,8,60,0,68,0,30,114,0,144,106,0,106,250
10/17/2005,FRG,NY,AEA,EN,Towers with Radar,2,15,33,3,53,0,5,179,2,186,2,20,212,5,239,243,0,243,482
10/18/2005,FRG,NY,AEA,EN,Towers with Radar,2,36,29,0,67,0,7,285,0,292,2,43,314,0,359,254,0,254,613
10/19/2005,FRG,NY,AEA,EN,Towers with Radar,0,28,45,0,73,0,31,343,2,376,0,59,388,2,449,386,0,386,835
10/20/2005,FRG,NY,AEA,EN,Towers with Radar,2,13,58,1,74,0,4,360,0,364,2,17,418,1,438,319,0,319,757
10/21/2005,FRG,NY,AEA,EN,Towers with Radar,2,31,51,0,84,0,4,273,0,277,2,35,324,0,361,487,0,487,848
10/22/2005,FRG,NY,AEA,EN,Towers with Radar,0,16,53,0,69,0,2,19,0,21,0,18,72,0,90,33,0,33,123
10/23/2005,FRG,NY,AEA,EN,Towers with Radar,1,31,76,0,108,0,4,142,0,146,1,35,218,0,254,233,0,233,487
10/24/2005,FRG,NY,AEA,EN,Towers with Radar,2,22,46,0,70,0,6,149,0,155,2,28,195,0,225,309,0,309,534
10/25/2005,FRG,NY,AEA,EN,Towers with Radar,3,17,16,0,36,0,1,4,0,5,3,18,20,0,41,9,0,9,50
10/26/2005,FRG,NY,AEA,EN,Towers with Radar,2,38,77,2,119,0,6,204,0,210,2,44,281,2,329,236,0,236,565
10/27/2005,FRG,NY,AEA,EN,Towers with Radar,1,31,54,2,88,0,2,304,0,306,1,33,358,2,394,326,0,326,720
10/28/2005,FRG,NY,AEA,EN,Towers with Radar,0,40,61,0,101,0,3,337,0,340,0,43,398,0,441,442,0,442,883
10/29/2005,FRG,NY,AEA,EN,Towers with Radar,0,20,73,0,93,0,1,259,0,260,0,21,332,0,353,429,0,429,782
10/30/2005,FRG,NY,AEA,EN,Towers with Radar,4,24,75,0,103,0,4,402,0,406,4,28,477,0,509,207,0,207,716
10/31/2005,FRG,NY,AEA,EN,Towers with Radar,1,15,28,0,44,0,10,270,0,280,1,25,298,0,324,380,0,380,704
11/01/2005,FRG,NY,AEA,EN,Towers with Radar,3,28,60,0,91,0,1,287,0,288,3,29,347,0,379,300,0,300,679
11/02/2005,FRG,NY,AEA,EN,Towers with Radar,2,16,35,0,53,0,4,331,0,335,2,20,366,0,388,272,0,272,660
11/03/2005,FRG,NY,AEA,EN,Towers with Radar,2,30,39,2,73,0,7,237,5,249,2,37,276,7,322,317,0,317,639
11/04/2005,FRG,NY,AEA,EN,Towers with Radar,2,24,45,0,71,0,2,318,0,320,2,26,363,0,391,495,0,495,886
11/05/2005,FRG,NY,AEA,EN,Towers with Radar,0,21,49,0,70,0,0,364,2,366,0,21,413,2,436,454,0,454,890
11/06/2005,FRG,NY,AEA,EN,Towers with Radar,0,18,49,2,69,0,1,114,0,115,0,19,163,2,184,134,0,134,318
11/07/2005,FRG,NY,AEA,EN,Towers with Radar,0,11,29,0,40,0,9,205,0,214,0,20,234,0,254,281,0,281,535
11/08/2005,FRG,NY,AEA,EN,Towers with Radar,0,14,31,0,45,0,22,318,0,340,0,36,349,0,385,511,0,511,896
11/09/2005,FRG,NY,AEA,EN,Towers with Radar,0,27,58,2,87,0,15,151,0,166,0,42,209,2,253,291,0,291,544
11/10/2005,FRG,NY,AEA,EN,Towers with Radar,0,27,66,0,93,0,1,139,0,140,0,28,205,0,233,244,0,244,477
11/11/2005,FRG,NY,AEA,EN,Towers with Radar,2,35,47,0,84,0,3,348,0,351,2,38,395,0,435,314,0,314,749
11/12/2005,FRG,NY,AEA,EN,Towers with Radar,2,18,56,0,76,0,3,395,1,399,2,21,451,1,475,313,0,313,788
11/13/2005,FRG,NY,AEA,EN,Towers with Radar,1,30,74,0,105,0,3,341,0,344,1,33,415,0,449,301,0,301,750
11/14/2005,FRG,NY,AEA,EN,Towers with Radar,0,15,35,0,50,0,3,276,0,279,0,18,311,0,329,222,0,222,551
11/15/2005,FRG,NY,AEA,EN,Towers with Radar,0,23,44,0,67,0,17,64,0,81,0,40,108,0,148,62,0,62,210
11/16/2005,FRG,NY,AEA,EN,Towers with Radar,0,25,19,0,44,0,7,40,0,47,0,32,59,0,91,9,0,9,100
11/17/2005,FRG,NY,AEA,EN,Towers with Radar,0,27,53,0,80,0,2,251,3,256,0,29,304,3,336,366,0,366,702
11/18/2005,FRG,NY,AEA,EN,Towers with Radar,0,35,57,1,93,0,1,334,0,335,0,36,391,1,428,396,0,396,824
11/19/2005,FRG,NY,AEA,EN,Towers with Radar,0,16,45,0,61,0,4,388,3,395,0,20,433,3,456,404,0,404,860
11/20/2005,FRG,NY,AEA,EN,Towers with Radar,0,45,48,1,94,0,4,412,0,416,0,49,460,1,510,279,0,279,789
11/21/2005,FRG,NY,AEA,EN,Towers with Radar,2,20,46,0,68,0,3,165,3,171,2,23,211,3,239,359,0,359,598
11/22/2005,FRG,NY,AEA,EN,Towers with Radar,4,43,28,0,75,0,0,18,1,19,4,43,46,1,94,14,0,14,108
11/23/2005,FRG,NY,AEA,EN,Towers with Radar,0,35,59,0,94,0,16,259,0,275,0,51,318,0,369,232,0,232,601
11/24/2005,FRG,NY,AEA,EN,Towers with Radar,1,5,9,0,15,0,0,11,0,11,1,5,20,0,26,4,0,4,30
11/25/2005,FRG,NY,AEA,EN,Towers with Radar,1,8,19,0,28,0,1,153,0,154,1,9,172,0,182,218,0,218,400
11/26/2005,FRG,NY,AEA,EN,Towers with Radar,0,24,48,0,72,0,4,304,0,308,0,28,352,0,380,332,0,332,712
11/27/2005,FRG,NY,AEA,EN,Towers with Radar,0,75,83,0,158,0,8,365,0,373,0,83,448,0,531,501,0,501,1032
11/28/2005,FRG,NY,AEA,EN,Towers with Radar,0,24,36,0,60,0,7,91,0,98,0,31,127,0,158,195,0,195,353
11/29/2005,FRG,NY,AEA,EN,Towers with Radar,0,16,40,6,62,0,4,85,0,89,0,20,125,6,151,82,0,82,233
11/30/2005,FRG,NY,AEA,EN,Towers with Radar,1,22,64,2,89,0,1,146,3,150,1,23,210,5,239,298,0,298,537
12/01/2005,FRG,NY,AEA,EN,Towers with Radar,2,29,58,0,89,0,2,325,0,327,2,31,383,0,416,478,0,478,894
12/02/2005,FRG,NY,AEA,EN,Towers with Radar,0,23,0,0,23,0,0,202,2,204,0,23,202,2,227,206,0,206,433
12/03/2005,FRG,NY,AEA,EN,Towers with Radar,4,12,32,0,48,0,3,209,0,212,4,15,241,0,260,290,0,290,550
12/04/2005,FRG,NY,AEA,EN,Towers with Radar,0,10,43,0,53,0,1,4,0,5,0,11,47,0,58,5,0,5,63
12/05/2005,FRG,NY,AEA,EN,Towers with Radar,0,20,44,0,64,0,2,121,0,123,0,22,165,0,187,321,0,321,508
12/06/2005,FRG,NY,AEA,EN,Towers with Radar,0,15,31,0,46,0,6,129,0,135,0,21,160,0,181,174,0,174,355
12/07/2005,FRG,NY,AEA,EN,Towers with Radar,0,26,45,0,71,0,17,212,0,229,0,43,257,0,300,317,0,317,617
12/08/2005,FRG,NY,AEA,EN,Towers with Radar,0,13,58,0,71,0,3,336,2,341,0,16,394,2,412,467,0,467,879
12/09/2005,FRG,NY,AEA,EN,Towers with Radar,0,6,27,0,33,0,0,40,0,40,0,6,67,0,73,16,0,16,89
12/10/2005,FRG,NY,AEA,EN,Towers with Radar,0,16,46,0,62,0,4,321,2,327,0,20,367,2,389,330,0,330,719
12/11/2005,FRG,NY,AEA,EN,Towers with Radar,0,29,54,0,83,0,9,317,1,327,0,38,371,1,410,408,0,408,818
12/12/2005,FRG,NY,AEA,EN,Towers with Radar,1,10,40,0,51,0,1,182,2,185,1,11,222,2,236,377,0,377,613
12/13/2005,FRG,NY,AEA,EN,Towers with Radar,0,16,56,0,72,0,5,212,0,217,0,21,268,0,289,332,0,332,621
12/14/2005,FRG,NY,AEA,EN,Towers with Radar,0,19,51,1,71,0,2,304,0,306,0,21,355,1,377,462,0,462,839
12/15/2005,FRG,NY,AEA,EN,Towers with Radar,0,22,57,0,79,0,8,184,0,192,0,30,241,0,271,428,0,428,699
12/16/2005,FRG,NY,AEA,EN,Towers with Radar,0,20,43,0,63,0,3,67,0,70,0,23,110,0,133,88,0,88,221
12/17/2005,FRG,NY,AEA,EN,Towers with Radar,0,19,39,0,58,0,10,353,3,366,0,29,392,3,424,315,0,315,739
12/18/2005,FRG,NY,AEA,EN,Towers with Radar,0,29,53,0,82,0,0,274,1,275,0,29,327,1,357,411,0,411,768
12/19/2005,FRG,NY,AEA,EN,Towers with Radar,0,22,35,0,57,0,14,189,0,203,0,36,224,0,260,356,0,356,616
12/20/2005,FRG,NY,AEA,EN,Towers with Radar,0,22,51,0,73,0,8,249,0,257,0,30,300,0,330,343,0,343,673
12/21/2005,FRG,NY,AEA,EN,Towers with Radar,0,33,47,0,80,0,7,234,0,241,0,40,281,0,321,359,0,359,680
12/22/2005,FRG,NY,AEA,EN,Towers with Radar,0,18,62,0,80,0,0,228,2,230,0,18,290,2,310,346,0,346,656
12/23/2005,FRG,NY,AEA,EN,Towers with Radar,1,31,68,0,100,0,0,233,0,233,1,31,301,0,333,300,0,300,633
12/24/2005,FRG,NY,AEA,EN,Towers with Radar,0,6,26,0,32,0,2,166,0,168,0,8,192,0,200,250,0,250,450
12/25/2005,FRG,NY,AEA,EN,Towers with Radar,0,14,14,0,28,0,0,6,0,6,0,14,20,0,34,7,6,13,47
12/26/2005,FRG,NY,AEA,EN,Towers with Radar,0,21,82,0,103,0,0,12,0,12,0,21,94,0,115,18,0,18,133
12/27/2005,FRG,NY,AEA,EN,Towers with Radar,0,26,55,0,81,0,3,134,0,137,0,29,189,0,218,101,0,101,319
12/28/2005,FRG,NY,AEA,EN,Towers with Radar,0,32,286,0,318,0,0,0,0,0,0,32,286,0,318,398,0,398,716
12/29/2005,FRG,NY,AEA,EN,Towers with Radar,1,12,26,0,39,0,0,2,0,2,1,12,28,0,41,40,0,40,81
12/30/2005,FRG,NY,AEA,EN,Towers with Radar,0,11,27,0,38,0,2,194,2,198,0,13,221,2,236,220,0,220,456
12/31/2005,FRG,NY,AEA,EN,Towers with Radar,0,6,27,0,33,0,3,93,0,96,0,9,120,0,129,236,0,236,365
01/01/2006,FRG,NY,AEA,EN,Towers with Radar,2,35,61,0,98,0,6,65,0,71,2,41,126,0,169,123,0,123,292
01/02/2006,FRG,NY,AEA,EN,Towers with Radar,0,30,90,0,120,0,0,119,0,119,0,30,209,0,239,42,158,200,439
01/03/2006,FRG,NY,AEA,EN,Towers with Radar,0,15,32,0,47,0,0,2,0,2,0,15,34,0,49,7,0,7,56
01/04/2006,FRG,NY,AEA,EN,Towers with Radar,0,19,50,0,69,0,10,171,0,181,0,29,221,0,250,336,0,336,586
01/05/2006,FRG,NY,AEA,EN,Towers with Radar,1,27,37,0,65,0,2,75,0,77,1,29,112,0,142,82,0,82,224
01/06/2006,FRG,NY,AEA,EN,Towers with Radar,0,15,43,0,58,0,1,169,0,170,0,16,212,0,228,382,0,382,610
01/07/2006,FRG,NY,AEA,EN,Towers with Radar,1,12,33,0,46,0,2,296,2,300,1,14,329,2,346,419,0,419,765
01/08/2006,FRG,NY,AEA,EN,Towers with Radar,0,14,61,0,75,0,1,282,4,287,0,15,343,4,362,421,0,421,783
01/09/2006,FRG,NY,AEA,EN,Towers with Radar,2,8,30,0,40,0,7,160,0,167,2,15,190,0,207,246,0,246,453
01/10/2006,FRG,NY,AEA,EN,Towers with Radar,0,0,0,0,0,2,25,318,1,346,2,25,318,1,346,0,0,0,346
01/11/2006,FRG,NY,AEA,EN,Towers with Radar,0,17,44,0,61,0,8,11,0,19,0,25,55,0,80,16,0,16,96
01/12/2006,FRG,NY,AEA,EN,Towers with Radar,0,13,64,0,77,0,1,311,0,312,0,14,375,0,389,336,0,336,725
01/13/2006,FRG,NY,AEA,EN,Towers with Radar,0,2,27,0,29,0,0,1,0,1,0,2,28,0,30,12,0,12,42
01/14/2006,FRG,NY,AEA,EN,Towers with Radar,1,12,33,0,46,0,0,11,0,11,1,12,44,0,57,12,0,12,69
01/15/2006,FRG,NY,AEA,EN,Towers with Radar,1,19,17,0,37,0,1,10,0,11,1,20,27,0,48,11,0,11,59
01/16/2006,FRG,NY,AEA,EN,Towers with Radar,1,22,63,0,86,1,7,114,0,122,2,29,177,0,208,186,0,186,394
01/17/2006,FRG,NY,AEA,EN,Towers with Radar,1,13,46,0,60,0,0,158,0,158,1,13,204,0,218,250,0,250,468
01/18/2006,FRG,NY,AEA,EN,Towers with Radar,0,26,23,0,49,0,5,5,0,10,0,31,28,0,59,0,0,0,59
01/19/2006,FRG,NY,AEA,EN,Towers with Radar,1,22,37,0,60,0,5,237,1,243,1,27,274,1,303,189,0,189,492
01/20/2006,FRG,NY,AEA,EN,Towers with Radar,1,11,34,0,46,0,2,316,0,318,1,13,350,0,364,238,0,238,602
01/21/2006,FRG,NY,AEA,EN,Towers with Radar,0,10,18,0,28,0,4,162,2,168,0,14,180,2,196,235,0,235,431
01/22/2006,FRG,NY,AEA,EN,Towers with Radar,0,26,52,0,78,0,0,342,2,344,0,26,394,2,422,309,0,309,731
01/23/2006,FRG,NY,AEA,EN,Towers with Radar,0,24,30,0,54,0,0,0,0,0,0,24,30,0,54,17,0,17,71
01/24/2006,FRG,NY,AEA,EN,Towers with Radar,0,22,35,0,57,0,2,227,1,230,0,24,262,1,287,311,0,311,598
01/25/2006,FRG,NY,AEA,EN,Towers with Radar,2,32,34,0,68,0,11,163,2,176,2,43,197,2,244,175,0,175,419
01/26/2006,FRG,NY,AEA,EN,Towers with Radar,0,0,0,0,0,0,28,204,0,232,0,28,204,0,232,228,0,228,460
01/27/2006,FRG,NY,AEA,EN,Towers with Radar,1,19,56,0,76,0,1,320,4,325,1,20,376,4,401,320,0,320,721
01/28/2006,FRG,NY,AEA,EN,Towers with Radar,0,16,33,0,49,0,2,284,0,286,0,18,317,0,335,271,0,271,606
01/29/2006,FRG,NY,AEA,EN,Towers with Radar,0,42,41,0,83,0,1,145,1,147,0,43,186,1,230,256,0,256,486
01/30/2006,FRG,NY,AEA,EN,Towers with Radar,0,12,37,0,49,0,1,73,0,74,0,13,110,0,123,179,0,179,302
01/31/2006,FRG,NY,AEA,EN,Towers with Radar,4,21,36,2,63,0,1,23,0,24,4,22,59,2,87,7,0,7,94
02/01/2006,FRG,NY,AEA,EN,Towers with Radar,0,17,76,0,93,0,3,284,2,289,0,20,360,2,382,452,0,452,834
02/02/2006,FRG,NY,AEA,EN,Towers with Radar,1,9,67,0,77,0,1,274,9,284,1,10,341,9,361,376,0,376,737
02/03/2006,FRG,NY,AEA,EN,Towers with Radar,2,21,46,0,69,0,1,48,0,49,2,22,94,0,118,50,0,50,168
02/04/2006,FRG,NY,AEA,EN,Towers with Radar,0,14,42,0,56,0,2,117,1,120,0,16,159,1,176,285,0,285,461
02/05/2006,FRG,NY,AEA,EN,Towers with Radar,0,12,35,0,47,0,0,147,2,149,0,12,182,2,196,161,0,161,357
02/06/2006,FRG,NY,AEA,EN,Towers with Radar,0,21,53,0,74,0,6,75,0,81,0,27,128,0,155,55,0,55,210
02/07/2006,FRG,NY,AEA,EN,Towers with Radar,1,15,47,0,63,0,9,275,0,284,1,24,322,0,347,333,0,333,680
02/08/2006,FRG,NY,AEA,EN,Towers with Radar,0,19,50,0,69,0,1,211,0,212,0,20,261,0,281,426,0,426,707
02/09/2006,FRG,NY,AEA,EN,Towers with Radar,0,19,39,0,58,0,3,271,1,275,0,22,310,1,333,330,1,331,664
02/10/2006,FRG,NY,AEA,EN,Towers with Radar,0,23,43,1,67,0,4,228,0,232,0,27,271,1,299,395,0,395,694
02/11/2006,FRG,NY,AEA,EN,Towers with Radar,0,16,24,0,40,0,3,162,2,167,0,19,186,2,207,371,0,371,578
02/12/2006,FRG,NY,AEA,EN,Towers with Radar,0,1,4,0,5,0,0,3,0,3,0,1,7,0,8,3,0,3,11
02/13/2006,FRG,NY,AEA,EN,Towers with Radar,0,15,44,1,60,0,3,86,0,89,0,18,130,1,149,45,0,45,194
02/14/2006,FRG,NY,AEA,EN,Towers with Radar,0,12,37,0,49,0,2,222,3,227,0,14,259,3,276,342,0,342,618
02/15/2006,FRG,NY,AEA,EN,Towers with Radar,0,27,40,0,67,0,12,315,0,327,0,39,355,0,394,352,0,352,746
02/16/2006,FRG,NY,AEA,EN,Towers with Radar,0,26,79,0,105,0,2,334,0,336,0,28,413,0,441,372,0,372,813
02/17/2006,FRG,NY,AEA,EN,Towers with Radar,0,34,75,0,109,0,2,63,0,65,0,36,138,0,174,33,0,33,207
02/18/2006,FRG,NY,AEA,EN,Towers with Radar,0,47,47,0,94,0,1,142,2,145,0,48,189,2,239,115,0,115,354
02/19/2006,FRG,NY,AEA,EN,Towers with Radar,0,15,36,0,51,0,0,216,8,224,0,15,252,8,275,239,0,239,514
02/20/2006,FRG,NY,AEA,EN,Towers with Radar,0,13,48,0,61,0,1,203,0,204,0,14,251,0,265,226,0,226,491
02/21/2006,FRG,NY,AEA,EN,Towers with Radar,0,23,43,0,66,0,6,180,0,186,0,29,223,0,252,270,0,270,522
02/22/2006,FRG,NY,AEA,EN,Towers with Radar,0,17,51,0,68,0,11,220,2,233,0,28,271,2,301,375,2,377,678
02/23/2006,FRG,NY,AEA,EN,Towers with Radar,0,24,41,0,65,0,0,58,0,58,0,24,99,0,123,200,34,234,357
02/24/2006,FRG,NY,AEA,EN,Towers with Radar,0,29,36,0,65,0,1,49,0,50,0,30,85,0,115,31,0,31,146
02/25/2006,FRG,NY,AEA,EN,Towers with Radar,0,45,38,0,83,0,3,86,0,89,0,48,124,0,172,172,0,172,344
02/26/2006,FRG,NY,AEA,EN,Towers with Radar,0,41,63,0,104,0,0,132,0,132,0,41,195,0,236,76,0,76,312
02/27/2006,FRG,NY,AEA,EN,Towers with Radar,1,16,34,0,51,0,6,128,0,134,1,22,162,0,185,103,0,103,288
02/28/2006,FRG,NY,AEA,EN,Towers with Radar,0,18,46,0,64,0,6,209,0,215,0,24,255,0,279,277,0,277,556
03/01/2006,FRG,NY,AEA,EN,Towers with Radar,0,43,54,0,97,0,7,320,2,329,0,50,374,2,426,359,0,359,785
03/02/2006,FRG,NY,AEA,EN,Towers with Radar,0,13,30,2,45,0,0,13,0,13,0,13,43,2,58,24,0,24,82
03/03/2006,FRG,NY,AEA,EN,Towers with Radar,0,23,48,0,71,0,1,115,4,120,0,24,163,4,191,106,0,106,297
03/04/2006,FRG,NY,AEA,EN,Towers with Radar,0,15,35,0,50,0,3,142,7,152,0,18,177,7,202,114,0,114,316
03/05/2006,FRG,NY,AEA,EN,Towers with Radar,3,19,52,0,74,0,0,280,0,280,3,19,332,0,354,233,0,233,587
03/06/2006,FRG,NY,AEA,EN,Towers with Radar,0,19,37,0,56,0,9,217,0,226,0,28,254,0,282,316,0,316,598
03/07/2006,FRG,NY,AEA,EN,Towers with Radar,2,22,63,0,87,0,0,255,0,255,2,22,318,0,342,557,0,557,899
03/08/2006,FRG,NY,AEA,EN,Towers with Radar,0,30,53,0,83,0,2,323,0,325,0,32,376,0,408,383,0,383,791
03/09/2006,FRG,NY,AEA,EN,Towers with Radar,1,24,56,0,81,0,1,206,1,208,1,25,262,1,289,292,0,292,581
03/10/2006,FRG,NY,AEA,EN,Towers with Radar,1,19,45,0,65,0,1,98,0,99,1,20,143,0,164,51,0,51,215
03/11/2006,FRG,NY,AEA,EN,Towers with Radar,0,4,37,1,42,0,2,469,0,471,0,6,506,1,513,330,0,330,843
03/12/2006,FRG,NY,AEA,EN,Towers with Radar,0,18,90,0,108,0,0,72,0,72,0,18,162,0,180,103,0,103,283
03/13/2006,FRG,NY,AEA,EN,Towers with Radar,0,16,51,0,67,0,2,19,0,21,0,18,70,0,88,34,0,34,122
03/14/2006,FRG,NY,AEA,EN,Towers with Radar,2,23,46,0,71,0,10,87,0,97,2,33,133,0,168,126,0,126,294
03/15/2006,FRG,NY,AEA,EN,Towers with Radar,0,17,42,1,60,0,16,70,2,88,0,33,112,3,148,26,0,26,174
03/16/2006,FRG,NY,AEA,EN,Towers with Radar,0,26,53,0,79,0,1,249,0,250,0,27,302,0,329,342,0,342,671
03/17/2006,FRG,NY,AEA,EN,Towers with Radar,0,31,53,0,84,0,4,335,0,339,0,35,388,0,423,289,0,289,712
03/18/2006,FRG,NY,AEA,EN,Towers with Radar,0,12,44,0,56,0,2,241,0,243,0,14,285,0,299,253,0,253,552
03/19/2006,FRG,NY,AEA,EN,Towers with Radar,0,24,58,2,84,0,1,246,1,248,0,25,304,3,332,205,0,205,537
03/20/2006,FRG,NY,AEA,EN,Towers with Radar,0,14,39,0,53,0,1,175,0,176,0,15,214,0,229,159,0,159,388
03/21/2006,FRG,NY,AEA,EN,Towers with Radar,1,17,40,0,58,0,3,261,0,264,1,20,301,0,322,370,0,370,692
03/22/2006,FRG,NY,AEA,EN,Towers with Radar,1,26,43,0,70,0,6,297,0,303,1,32,340,0,373,310,0,310,683
03/23/2006,FRG,NY,AEA,EN,Towers with Radar,1,23,57,0,81,0,1,313,1,315,1,24,370,1,396,271,0,271,667
03/24/2006,FRG,NY,AEA,EN,Towers with Radar,2,23,51,2,78,0,1,310,0,311,2,24,361,2,389,374,0,374,763
03/25/2006,FRG,NY,AEA,EN,Towers with Radar,1,19,39,0,59,0,8,202,0,210,1,27,241,0,269,372,0,372,641
03/26/2006,FRG,NY,AEA,EN,Towers with Radar,0,28,77,0,105,0,2,140,0,142,0,30,217,0,247,421,0,421,668
03/27/2006,FRG,NY,AEA,EN,Towers with Radar,2,14,29,0,45,0,3,281,0,284,2,17,310,0,329,387,0,387,716
03/28/2006,FRG,NY,AEA,EN,Towers with Radar,0,12,64,0,76,0,2,251,3,256,0,14,315,3,332,521,0,521,853
03/29/2006,FRG,NY,AEA,EN,Towers with Radar,2,19,50,2,73,0,6,303,1,310,2,25,353,3,383,81,320,401,784
03/30/2006,FRG,NY,AEA,EN,Towers with Radar,1,20,55,0,76,0,0,396,2,398,1,20,451,2,474,396,0,396,870
03/31/2006,FRG,NY,AEA,EN,Towers with Radar,1,13,62,0,76,0,2,333,3,338,1,15,395,3,414,228,0,228,642
04/01/2006,FRG,NY,AEA,EN,Towers with Radar,0,5,50,0,55,0,2,114,0,116,0,7,164,0,171,228,0,228,399
04/02/2006,FRG,NY,AEA,EN,Towers with Radar,2,32,54,0,88,0,5,399,0,404,2,37,453,0,492,300,0,300,792
04/03/2006,FRG,NY,AEA,EN,Towers with Radar,0,14,43,0,57,0,19,116,0,135,0,33,159,0,192,165,0,165,357
04/04/2006,FRG,NY,AEA,EN,Towers with Radar,2,29,41,0,72,0,9,64,0,73,2,38,105,0,145,20,0,20,165
04/05/2006,FRG,NY,AEA,EN,Towers with Radar,0,15,60,0,75,0,2,107,0,109,0,17,167,0,184,59,0,59,243
04/06/2006,FRG,NY,AEA,EN,Towers with Radar,0,26,64,0,90,0,2,362,0,364,0,28,426,0,454,393,0,393,847
04/07/2006,FRG,NY,AEA,EN,Towers with Radar,2,28,74,0,104,0,3,152,0,155,2,31,226,0,259,210,0,210,469
04/08/2006,FRG,NY,AEA,EN,Towers with Radar,2,15,39,0,56,0,0,40,0,40,2,15,79,0,96,38,0,38,134
04/09/2006,FRG,NY,AEA,EN,Towers with Radar,0,22,73,0,95,0,0,428,2,430,0,22,501,2,525,206,0,206,731
04/10/2006,FRG,NY,AEA,EN,Towers with Radar,0,25,36,0,61,0,7,237,0,244,0,32,273,0,305,361,0,361,666
04/11/2006,FRG,NY,AEA,EN,Towers with Radar,0,23,62,0,85,0,6,306,0,312,0,29,368,0,397,441,0,441,838
04/12/2006,FRG,NY,AEA,EN,Towers with Radar,1,34,75,1,111,0,5,275,0,280,1,39,350,1,391,271,0,271,662
04/13/2006,FRG,NY,AEA,EN,Towers with Radar,1,21,68,1,91,0,3,197,3,203,1,24,265,4,294,138,0,138,432
04/14/2006,FRG,NY,AEA,EN,Towers with Radar,0,28,45,0,73,0,1,210,3,214,0,29,255,3,287,323,0,323,610
04/15/2006,FRG,NY,AEA,EN,Towers with Radar,0,14,53,0,67,0,0,195,1,196,0,14,248,1,263,223,0,223,486
04/16/2006,FRG,NY,AEA,EN,Towers with Radar,0,21,49,0,70,0,0,180,0,180,0,21,229,0,250,194,0,194,444
04/17/2006,FRG,NY,AEA,EN,Towers with Radar,0,33,72,0,105,0,3,202,0,205,0,36,274,0,310,81,320,401,711
04/18/2006,FRG,NY,AEA,EN,Towers with Radar,0,23,55,0,78,0,8,288,0,296,0,31,343,0,374,311,0,311,685
04/19/2006,FRG,NY,AEA,EN,Towers with Radar,0,28,51,0,79,0,8,294,0,302,0,36,345,0,381,263,0,263,644
04/20/2006,FRG,NY,AEA,EN,Towers with Radar,0,20,54,0,74,0,2,363,0,365,0,22,417,0,439,411,0,411,850
04/21/2006,FRG,NY,AEA,EN,Towers with Radar,0,31,63,0,94,0,3,370,3,376,0,34,433,3,470,354,0,354,824
04/22/2006,FRG,NY,AEA,EN,Towers with Radar,0,15,59,0,74,0,1,21,0,22,0,16,80,0,96,6,0,6,102
04/23/2006,FRG,NY,AEA,EN,Towers with Radar,0,50,60,0,110,0,0,0,0,0,0,50,60,0,110,6,0,6,116
04/24/2006,FRG,NY,AEA,EN,Towers with Radar,0,21,60,0,81,0,2,71,0,73,0,23,131,0,154,83,0,83,237
04/25/2006,FRG,NY,AEA,EN,Towers with Radar,0,19,59,0,78,0,10,243,0,253,0,29,302,0,331,391,0,391,722
04/26/2006,FRG,NY,AEA,EN,Towers with Radar,0,35,68,0,103,0,19,315,2,336,0,54,383,2,439,348,0,348,787
04/27/2006,FRG,NY,AEA,EN,Towers with Radar,2,22,77,0,101,0,3,311,0,314,2,25,388,0,415,425,0,425,840
04/28/2006,FRG,NY,AEA,EN,Towers with Radar,0,31,56,0,87,0,0,350,0,350,0,31,406,0,437,414,0,414,851
04/29/2006,FRG,NY,AEA,EN,Towers with Radar,0,18,29,0,47,0,13,359,0,372,0,31,388,0,419,378,0,378,797
04/30/2006,FRG,NY,AEA,EN,Towers with Radar,0,36,72,2,110,0,7,377,0,384,0,43,449,2,494,279,0,279,773
05/01/2006,FRG,NY,AEA,EN,Towers with Radar,0,17,24,0,41,0,3,148,0,151,0,20,172,0,192,179,0,179,371
05/02/2006,FRG,NY,AEA,EN,Towers with Radar,0,23,47,0,70,0,8,156,1,165,0,31,203,1,235,415,0,415,650
05/03/2006,FRG,NY,AEA,EN,Towers with Radar,0,14,91,0,105,0,13,174,2,189,0,27,265,2,294,359,0,359,653
05/04/2006,FRG,NY,AEA,EN,Towers with Radar,2,16,66,1,85,0,2,342,0,344,2,18,408,1,429,320,0,320,749
05/05/2006,FRG,NY,AEA,EN,Towers with Radar,0,21,71,1,93,0,1,377,0,378,0,22,448,1,471,487,0,487,958
05/06/2006,FRG,NY,AEA,EN,Towers with Radar,2,6,56,1,65,0,0,259,1,260,2,6,315,2,325,310,0,310,635
05/07/2006,FRG,NY,AEA,EN,Towers with Radar,0,14,68,1,83,0,3,367,1,371,0,17,435,2,454,334,0,334,788
05/08/2006,FRG,NY,AEA,EN,Towers with Radar,0,11,24,0,35,0,0,157,0,157,0,11,181,0,192,252,0,252,444
05/09/2006,FRG,NY,AEA,EN,Towers with Radar,1,10,61,0,72,1,7,130,0,138,2,17,191,0,210,144,0,144,354
05/10/2006,FRG,NY,AEA,EN,Towers with Radar,2,40,64,2,108,0,8,103,0,111,2,48,167,2,219,242,0,242,461
05/11/2006,FRG,NY,AEA,EN,Towers with Radar,0,16,79,0,95,0,0,26,0,26,0,16,105,0,121,39,0,39,160
05/12/2006,FRG,NY,AEA,EN,Towers with Radar,0,12,56,2,70,0,0,8,0,8,0,12,64,2,78,14,0,14,92
05/13/2006,FRG,NY,AEA,EN,Towers with Radar,1,20,52,2,75,0,1,62,0,63,1,21,114,2,138,76,0,76,214
05/14/2006,FRG,NY,AEA,EN,Towers with Radar,0,26,82,0,108,0,1,9,0,10,0,27,91,0,118,30,0,30,148
05/15/2006,FRG,NY,AEA,EN,Towers with Radar,0,17,31,2,50,0,1,1,0,2,0,18,32,2,52,8,0,8,60
05/16/2006,FRG,NY,AEA,EN,Towers with Radar,0,21,55,0,76,0,8,304,2,314,0,29,359,2,390,372,0,372,762
05/17/2006,FRG,NY,AEA,EN,Towers with Radar,0,21,55,0,76,0,8,304,2,314,0,29,359,2,390,372,0,372,762
05/18/2006,FRG,NY,AEA,EN,Towers with Radar,0,14,64,1,79,0,3,313,0,316,0,17,377,1,395,322,2,324,719
05/19/2006,FRG,NY,AEA,EN,Towers with Radar,0,25,76,0,101,0,0,105,0,105,0,25,181,0,206,111,0,111,317
05/20/2006,FRG,NY,AEA,EN,Towers with Radar,0,23,38,2,63,0,14,280,0,294,0,37,318,2,357,224,0,224,581
05/21/2006,FRG,NY,AEA,EN,Towers with Radar,0,34,57,3,94,0,3,198,0,201,0,37,255,3,295,177,0,177,472
05/22/2006,FRG,NY,AEA,EN,Towers with Radar,0,23,61,0,84,0,3,186,2,191,0,26,247,2,275,114,0,114,389
05/23/2006,FRG,NY,AEA,EN,Towers with Radar,0,27,81,0,108,0,5,227,1,233,0,32,308,1,341,158,0,158,499
05/24/2006,FRG,NY,AEA,EN,Towers with Radar,0,26,51,7,84,0,22,454,2,478,0,48,505,9,562,290,0,290,852
05/25/2006,FRG,NY,AEA,EN,Towers with Radar,0,25,74,20,119,0,0,315,38,353,0,25,389,58,472,137,0,137,609
05/26/2006,FRG,NY,AEA,EN,Towers with Radar,2,26,106,11,145,0,1,39,5,45,2,27,145,16,190,48,0,48,238
05/27/2006,FRG,NY,AEA,EN,Towers with Radar,0,19,76,3,98,0,0,166,27,193,0,19,242,30,291,230,0,230,521
05/28/2006,FRG,NY,AEA,EN,Towers with Radar,0,20,34,7,61,0,14,344,14,372,0,34,378,21,433,195,6,201,634
05/29/2006,FRG,NY,AEA,EN,Towers with Radar,0,40,49,8,97,0,5,289,0,294,0,45,338,8,391,303,0,303,694
05/30/2006,FRG,NY,AEA,EN,Towers with Radar,1,33,59,4,97,0,2,243,3,248,1,35,302,7,345,398,0,398,743
05/31/2006,FRG,NY,AEA,EN,Towers with Radar,0,17,135,2,154,0,4,40,0,44,0,21,175,2,198,43,0,43,241
06/01/2006,FRG,NY,AEA,EN,Towers with Radar,0,25,58,0,83,0,4,104,0,108,0,29,162,0,191,180,0,180,371
06/02/2006,FRG,NY,AEA,EN,Towers with Radar,0,27,85,0,112,0,1,42,1,44,0,28,127,1,156,29,0,29,185
06/03/2006,FRG,NY,AEA,EN,Towers with Radar,2,19,41,0,62,0,0,0,0,0,2,19,41,0,62,10,0,10,72
06/04/2006,FRG,NY,AEA,EN,Towers with Radar,0,37,63,0,100,0,15,194,0,209,0,52,257,0,309,294,0,294,603
06/05/2006,FRG,NY,AEA,EN,Towers with Radar,0,11,48,0,59,0,2,186,1,189,0,13,234,1,248,361,0,361,609
06/06/2006,FRG,NY,AEA,EN,Towers with Radar,0,14,48,0,62,0,2,219,0,221,0,16,267,0,283,273,0,273,556
06/07/2006,FRG,NY,AEA,EN,Towers with Radar,2,10,62,1,75,0,0,4,0,4,2,10,66,1,79,9,0,9,88
06/08/2006,FRG,NY,AEA,EN,Towers with Radar,0,25,91,0,116,0,1,125,0,126,0,26,216,0,242,262,0,262,504
06/09/2006,FRG,NY,AEA,EN,Towers with Radar,0,28,64,0,92,0,3,213,0,216,0,31,277,0,308,292,0,292,600
06/10/2006,FRG,NY,AEA,EN,Towers with Radar,0,22,45,0,67,0,3,147,0,150,0,25,192,0,217,40,0,40,257
06/11/2006,FRG,NY,AEA,EN,Towers with Radar,2,21,82,0,105,0,7,337,8,352,2,28,419,8,457,213,0,213,670
06/12/2006,FRG,NY,AEA,EN,Towers with Radar,1,16,41,0,58,1,6,302,0,309,2,22,343,0,367,274,0,274,641
06/13/2006,FRG,NY,AEA,EN,Towers with Radar,0,18,54,0,72,0,5,327,0,332,0,23,381,0,404,86,358,444,848
06/14/2006,FRG,NY,AEA,EN,Towers with Radar,0,26,61,0,87,0,34,217,0,251,0,60,278,0,338,67,180,247,585
06/15/2006,FRG,NY,AEA,EN,Towers with Radar,0,20,53,3,76,0,9,306,6,321,0,29,359,9,397,350,0,350,747
06/16/2006,FRG,NY,AEA,EN,Towers with Radar,0,11,38,1,50,0,6,418,4,428,0,17,456,5,478,429,8,437,915
06/17/2006,FRG,NY,AEA,EN,Towers with Radar,0,17,45,0,62,0,5,284,0,289,0,22,329,0,351,251,8,259,610
06/18/2006,FRG,NY,AEA,EN,Towers with Radar,0,31,37,0,68,0,19,310,0,329,0,50,347,0,397,252,0,252,649
06/19/2006,FRG,NY,AEA,EN,Towers with Radar,0,25,54,0,79,0,32,86,0,118,0,57,140,0,197,62,0,62,259
06/20/2006,FRG,NY,AEA,EN,Towers with Radar,0,22,53,0,75,0,9,213,1,223,0,31,266,1,298,456,0,456,754
06/21/2006,FRG,NY,AEA,EN,Towers with Radar,0,31,36,0,67,0,33,397,0,430,0,64,433,0,497,345,0,345,842
06/22/2006,FRG,NY,AEA,EN,Towers with Radar,0,22,53,0,75,0,9,213,1,223,0,31,266,1,298,456,0,456,754
06/23/2006,FRG,NY,AEA,EN,Towers with Radar,0,22,64,0,86,0,4,208,1,213,0,26,272,1,299,295,0,295,594
06/24/2006,FRG,NY,AEA,EN,Towers with Radar,0,19,28,0,47,0,0,0,0,0,0,19,28,0,47,8,0,8,55
06/25/2006,FRG,NY,AEA,EN,Towers with Radar,0,45,57,0,102,0,0,2,0,2,0,45,59,0,104,10,0,10,114
06/26/2006,FRG,NY,AEA,EN,Towers with Radar,0,25,64,0,89,0,7,86,0,93,0,32,150,0,182,50,0,50,232
06/27/2006,FRG,NY,AEA,EN,Towers with Radar,0,9,73,0,82,0,3,145,2,150,0,12,218,2,232,83,2,85,317
06/28/2006,FRG,NY,AEA,EN,Towers with Radar,2,28,80,0,110,0,0,89,4,93,2,28,169,4,203,119,0,119,322
06/29/2006,FRG,NY,AEA,EN,Towers with Radar,1,34,98,0,133,0,4,101,0,105,1,38,199,0,238,186,0,186,424
06/30/2006,FRG,NY,AEA,EN,Towers with Radar,0,19,82,1,102,0,4,467,3,474,0,23,549,4,576,287,0,287,863
07/01/2006,FRG,NY,AEA,EN,Towers with Radar,0,14,67,0,81,0,4,341,0,345,0,18,408,0,426,214,0,214,640
07/02/2006,FRG,NY,AEA,EN,Towers with Radar,2,5,46,0,53,0,4,225,0,229,2,9,271,0,282,165,0,165,447
07/03/2006,FRG,NY,AEA,EN,Towers with Radar,0,12,48,0,60,0,1,198,0,199,0,13,246,0,259,186,0,186,445
07/04/2006,FRG,NY,AEA,EN,Towers with Radar,0,9,38,0,47,0,3,103,0,106,0,12,141,0,153,132,0,132,285
07/05/2006,FRG,NY,AEA,EN,Towers with Radar,0,25,79,0,104,0,1,54,0,55,0,26,133,0,159,58,0,58,217
07/06/2006,FRG,NY,AEA,EN,Towers with Radar,2,11,74,0,87,0,4,280,0,284,2,15,354,0,371,290,0,290,661
07/07/2006,FRG,NY,AEA,EN,Towers with Radar,0,17,59,1,77,0,3,419,7,429,0,20,478,8,506,370,0,370,876
07/08/2006,FRG,NY,AEA,EN,Towers with Radar,0,7,45,0,52,0,2,392,0,394,0,9,437,0,446,330,0,330,776
07/09/2006,FRG,NY,AEA,EN,Towers with Radar,0,31,71,0,102,0,5,314,2,321,0,36,385,2,423,183,0,183,606
07/10/2006,FRG,NY,AEA,EN,Towers with Radar,0,30,46,0,76,0,11,188,0,199,0,41,234,0,275,76,220,296,571
07/11/2006,FRG,NY,AEA,EN,Towers with Radar,0,16,53,0,69,0,20,135,0,155,0,36,188,0,224,221,0,221,445
07/12/2006,FRG,NY,AEA,EN,Towers with Radar,0,28,71,0,99,0,18,30,2,50,0,46,101,2,149,61,0,61,210
07/13/2006,FRG,NY,AEA,EN,Towers with Radar,0,23,66,0,89,0,1,209,0,210,0,24,275,0,299,332,0,332,631
07/14/2006,FRG,NY,AEA,EN,Towers with Radar,2,17,61,0,80,0,1,426,5,432,2,18,487,5,512,430,0,430,942
07/15/2006,FRG,NY,AEA,EN,Towers with Radar,0,21,69,2,92,0,3,231,2,236,0,24,300,4,328,276,0,276,604
07/16/2006,FRG,NY,AEA,EN,Towers with Radar,2,23,61,0,86,0,23,378,3,404,2,46,439,3,490,233,0,233,723
07/17/2006,FRG,NY,AEA,EN,Towers with Radar,0,18,51,0,69,0,6,240,1,247,0,24,291,1,316,311,0,311,627
07/18/2006,FRG,NY,AEA,EN,Towers with Radar,0,16,40,2,58,0,16,184,1,201,0,32,224,3,259,283,0,283,542
07/19/2006,FRG,NY,AEA,EN,Towers with Radar,0,29,44,0,73,0,5,317,0,322,0,34,361,0,395,451,0,451,846
07/20/2006,FRG,NY,AEA,EN,Towers with Radar,2,33,85,0,120,0,6,108,0,114,2,39,193,0,234,79,0,79,313
07/21/2006,FRG,NY,AEA,EN,Towers with Radar,0,31,61,3,95,0,2,152,0,154,0,33,213,3,249,185,0,185,434
07/22/2006,FRG,NY,AEA,EN,Towers with Radar,0,24,63,2,89,0,1,0,0,1,0,25,63,2,90,17,0,17,107
07/23/2006,FRG,NY,AEA,EN,Towers with Radar,0,41,81,3,125,0,13,178,0,191,0,54,259,3,316,166,0,166,482
07/24/2006,FRG,NY,AEA,EN,Towers with Radar,0,21,47,0,68,0,9,379,0,388,0,30,426,0,456,252,0,252,708
07/25/2006,FRG,NY,AEA,EN,Towers with Radar,0,24,38,1,63,0,13,313,3,329,0,37,351,4,392,316,0,316,708
07/26/2006,FRG,NY,AEA,EN,Towers with Radar,0,22,68,0,90,0,9,234,0,243,0,31,302,0,333,300,0,300,633
07/27/2006,FRG,NY,AEA,EN,Towers with Radar,0,23,84,1,108,0,3,201,0,204,0,26,285,1,312,192,0,192,504
07/28/2006,FRG,NY,AEA,EN,Towers with Radar,0,28,68,0,96,0,4,167,2,173,0,32,235,2,269,181,0,181,450
07/29/2006,FRG,NY,AEA,EN,Towers with Radar,0,32,52,1,85,0,3,272,0,275,0,35,324,1,360,234,0,234,594
07/30/2006,FRG,NY,AEA,EN,Towers with Radar,0,44,46,0,90,0,6,276,0,282,0,50,322,0,372,182,0,182,554
07/31/2006,FRG,NY,AEA,EN,Towers with Radar,0,33,60,0,93,0,10,224,2,236,0,43,284,2,329,268,0,268,597
08/01/2006,FRG,NY,AEA,EN,Towers with Radar,0,18,40,0,58,0,4,227,1,232,0,22,267,1,290,301,0,301,591
08/02/2006,FRG,NY,AEA,EN,Towers with Radar,0,33,43,0,76,0,31,203,3,237,0,64,246,3,313,152,0,152,465
08/03/2006,FRG,NY,AEA,EN,Towers with Radar,0,30,46,0,76,0,11,184,1,196,0,41,230,1,272,255,0,255,527
08/04/2006,FRG,NY,AEA,EN,Towers with Radar,0,28,59,2,89,0,1,298,1,300,0,29,357,3,389,286,0,286,675
08/05/2006,FRG,NY,AEA,EN,Towers with Radar,0,27,38,0,65,0,1,320,3,324,0,28,358,3,389,227,0,227,616
08/06/2006,FRG,NY,AEA,EN,Towers with Radar,0,34,49,2,85,0,2,315,2,319,0,36,364,4,404,144,0,144,548
08/07/2006,FRG,NY,AEA,EN,Towers with Radar,0,20,48,0,68,0,12,203,0,215,0,32,251,0,283,174,0,174,457
08/08/2006,FRG,NY,AEA,EN,Towers with Radar,0,30,40,0,70,0,12,358,0,370,0,42,398,0,440,349,0,349,789
08/09/2006,FRG,NY,AEA,EN,Towers with Radar,0,25,41,0,66,0,22,438,4,464,0,47,479,4,530,374,0,374,904
08/10/2006,FRG,NY,AEA,EN,Towers with Radar,0,21,55,0,76,0,1,243,11,255,0,22,298,11,331,255,0,255,586
08/11/2006,FRG,NY,AEA,EN,Towers with Radar,0,36,53,0,89,0,21,378,4,403,0,57,431,4,492,205,0,205,697
08/12/2006,FRG,NY,AEA,EN,Towers with Radar,0,24,43,0,67,0,9,331,0,340,0,33,374,0,407,211,0,211,618
08/13/2006,FRG,NY,AEA,EN,Towers with Radar,0,56,51,0,107,0,20,402,1,423,0,76,453,1,530,275,0,275,805
08/14/2006,FRG,NY,AEA,EN,Towers with Radar,0,17,49,0,66,0,11,268,0,279,0,28,317,0,345,283,0,283,628
08/15/2006,FRG,NY,AEA,EN,Towers with Radar,0,26,41,0,67,0,7,189,0,196,0,33,230,0,263,294,0,294,557
08/16/2006,FRG,NY,AEA,EN,Towers with Radar,0,24,61,0,85,0,14,352,2,368,0,38,413,2,453,335,0,335,788
08/17/2006,FRG,NY,AEA,EN,Towers with Radar,0,18,58,0,76,0,10,343,0,353,0,28,401,0,429,461,0,461,890
08/18/2006,FRG,NY,AEA,EN,Towers with Radar,0,39,68,4,111,0,3,349,0,352,0,42,417,4,463,415,0,415,878
08/19/2006,FRG,NY,AEA,EN,Towers with Radar,0,27,38,0,65,0,6,314,2,322,0,33,352,2,387,317,0,317,704
08/20/2006,FRG,NY,AEA,EN,Towers with Radar,0,47,42,1,90,0,17,151,1,169,0,64,193,2,259,173,0,173,432
08/21/2006,FRG,NY,AEA,EN,Towers with Radar,0,34,33,0,67,0,9,321,3,333,0,43,354,3,400,316,0,316,716
08/22/2006,FRG,NY,AEA,EN,Towers with Radar,0,22,40,0,62,0,1,327,0,328,0,23,367,0,390,394,0,394,784
08/23/2006,FRG,NY,AEA,EN,Towers with Radar,0,38,45,0,83,0,19,396,7,422,0,57,441,7,505,441,0,441,946
08/24/2006,FRG,NY,AEA,EN,Towers with Radar,0,30,53,0,83,0,0,273,0,273,0,30,326,0,356,188,0,188,544
08/25/2006,FRG,NY,AEA,EN,Towers with Radar,0,34,66,3,103,0,8,81,2,91,0,42,147,5,194,115,0,115,309
08/26/2006,FRG,NY,AEA,EN,Towers with Radar,0,32,41,1,74,0,1,78,0,79,0,33,119,1,153,110,0,110,263
08/27/2006,FRG,NY,AEA,EN,Towers with Radar,0,53,39,0,92,0,2,30,0,32,0,55,69,0,124,76,0,76,200
08/28/2006,FRG,NY,AEA,EN,Towers with Radar,0,17,58,0,75,0,11,16,0,27,0,28,74,0,102,60,0,60,162
08/29/2006,FRG,NY,AEA,EN,Towers with Radar,0,22,70,0,92,0,0,2,0,2,0,22,72,0,94,9,0,9,103
08/30/2006,FRG,NY,AEA,EN,Towers with Radar,0,33,71,0,104,0,7,200,1,208,0,40,271,1,312,214,0,214,526
08/31/2006,FRG,NY,AEA,EN,Towers with Radar,0,10,55,0,65,0,8,358,2,368,0,18,413,2,433,385,0,385,818
09/01/2006,FRG,NY,AEA,EN,Towers with Radar,0,22,36,0,58,0,9,259,0,268,0,31,295,0,326,223,0,223,549
09/02/2006,FRG,NY,AEA,EN,Towers with Radar,0,17,19,0,36,0,0,6,0,6,0,17,25,0,42,6,0,6,48
09/03/2006,FRG,NY,AEA,EN,Towers with Radar,0,18,35,0,53,0,9,170,0,179,0,27,205,0,232,193,0,193,425
09/04/2006,FRG,NY,AEA,EN,Towers with Radar,0,21,52,0,73,0,5,451,0,456,0,26,503,0,529,176,0,176,705
09/05/2006,FRG,NY,AEA,EN,Towers with Radar,0,21,57,8,86,0,11,172,0,183,0,32,229,8,269,293,0,293,562
09/06/2006,FRG,NY,AEA,EN,Towers with Radar,0,36,43,0,79,0,20,232,0,252,0,56,275,0,331,310,0,310,641
09/07/2006,FRG,NY,AEA,EN,Towers with Radar,0,24,48,1,73,0,7,386,1,394,0,31,434,2,467,387,0,387,854
09/08/2006,FRG,NY,AEA,EN,Towers with Radar,2,27,58,0,87,0,6,417,3,426,2,33,475,3,513,424,0,424,937
09/09/2006,FRG,NY,AEA,EN,Towers with Radar,2,38,43,2,85,0,2,268,0,270,2,40,311,2,355,390,6,396,751
09/10/2006,FRG,NY,AEA,EN,Towers with Radar,0,54,64,2,120,0,2,285,0,287,0,56,349,2,407,178,0,178,585
09/11/2006,FRG,NY,AEA,EN,Towers with Radar,0,37,36,2,75,0,23,217,0,240,0,60,253,2,315,170,0,170,485
09/12/2006,FRG,NY,AEA,EN,Towers with Radar,0,40,46,2,88,0,32,312,0,344,0,72,358,2,432,366,0,366,798
09/13/2006,FRG,NY,AEA,EN,Towers with Radar,0,45,61,0,106,0,11,252,2,265,0,56,313,2,371,356,0,356,727
09/14/2006,FRG,NY,AEA,EN,Towers with Radar,1,23,96,0,120,0,0,22,0,22,1,23,118,0,142,34,0,34,176
09/15/2006,FRG,NY,AEA,EN,Towers with Radar,0,28,72,0,100,0,1,3,0,4,0,29,75,0,104,22,0,22,126
09/16/2006,FRG,NY,AEA,EN,Towers with Radar,0,29,50,0,79,0,11,286,0,297,0,40,336,0,376,301,0,301,677
09/17/2006,FRG,NY,AEA,EN,Towers with Radar,0,51,63,0,114,0,7,406,0,413,0,58,469,0,527,211,0,211,738
09/18/2006,FRG,NY,AEA,EN,Towers with Radar,0,20,68,0,88,0,21,217,0,238,0,41,285,0,326,67,0,67,393
09/19/2006,FRG,NY,AEA,EN,Towers with Radar,0,31,81,0,112,0,4,41,0,45,0,35,122,0,157,16,0,16,173
09/20/2006,FRG,NY,AEA,EN,Towers with Radar,2,59,72,0,133,0,17,302,4,323,2,76,374,4,456,184,2,186,642
09/21/2006,FRG,NY,AEA,EN,Towers with Radar,0,29,63,0,92,0,5,342,0,347,0,34,405,0,439,296,0,296,735
09/22/2006,FRG,NY,AEA,EN,Towers with Radar,0,25,55,0,80,0,0,348,0,348,0,25,403,0,428,280,0,280,708
09/23/2006,FRG,NY,AEA,EN,Towers with Radar,0,15,71,0,86,0,2,35,0,37,0,17,106,0,123,48,0,48,171
09/24/2006,FRG,NY,AEA,EN,Towers with Radar,0,15,71,0,86,0,2,35,1,38,0,17,106,1,124,48,0,48,172
09/25/2006,FRG,NY,AEA,EN,Towers with Radar,0,16,32,0,48,0,12,203,0,215,0,28,235,0,263,317,0,317,580
09/26/2006,FRG,NY,AEA,EN,Towers with Radar,0,25,68,0,93,0,5,334,1,340,0,30,402,1,433,343,0,343,776
09/27/2006,FRG,NY,AEA,EN,Towers with Radar,1,32,52,0,85,0,12,343,0,355,1,44,395,0,440,453,0,453,893
09/28/2006,FRG,NY,AEA,EN,Towers with Radar,1,18,61,0,80,2,21,233,1,257,3,39,294,1,337,469,0,469,806
09/29/2006,FRG,NY,AEA,EN,Towers with Radar,0,34,70,1,105,0,1,196,5,202,0,35,266,6,307,255,2,257,564
09/30/2006,FRG,NY,AEA,EN,Towers with Radar,0,30,27,1,58,0,14,439,0,453,0,44,466,1,511,322,0,322,833
10/01/2006,FRG,NY,AEA,EN,Towers with Radar,3,31,33,0,67,0,10,83,0,93,3,41,116,0,160,71,0,71,231
10/02/2006,FRG,NY,AEA,EN,Towers with Radar,0,10,36,0,46,0,19,390,0,409,0,29,426,0,455,63,250,313,768
10/03/2006,FRG,NY,AEA,EN,Towers with Radar,1,27,40,0,68,0,30,273,1,304,1,57,313,1,372,222,0,222,594
10/04/2006,FRG,NY,AEA,EN,Towers with Radar,2,31,52,0,85,0,16,291,3,310,2,47,343,3,395,479,0,479,874
10/05/2006,FRG,NY,AEA,EN,Towers with Radar,2,34,68,0,104,0,3,296,0,299,2,37,364,0,403,402,0,402,805
10/06/2006,FRG,NY,AEA,EN,Towers with Radar,0,31,84,0,115,0,0,202,0,202,0,31,286,0,317,284,0,284,601
10/07/2006,FRG,NY,AEA,EN,Towers with Radar,0,21,65,0,86,0,1,159,0,160,0,22,224,0,246,209,0,209,455
10/08/2006,FRG,NY,AEA,EN,Towers with Radar,0,38,49,0,87,0,13,347,0,360,0,51,396,0,447,334,0,334,781
10/09/2006,FRG,NY,AEA,EN,Towers with Radar,0,27,48,0,75,0,11,321,0,332,0,38,369,0,407,315,0,315,722
10/10/2006,FRG,NY,AEA,EN,Towers with Radar,0,23,60,0,83,0,21,316,0,337,0,44,376,0,420,377,0,377,797
10/11/2006,FRG,NY,AEA,EN,Towers with Radar,2,39,107,0,148,0,14,99,0,113,2,53,206,0,261,159,0,159,420
10/12/2006,FRG,NY,AEA,EN,Towers with Radar,2,39,89,0,130,0,0,84,0,84,2,39,173,0,214,131,0,131,345
10/13/2006,FRG,NY,AEA,EN,Towers with Radar,0,22,58,2,82,0,3,305,0,308,0,25,363,2,390,337,0,337,727
10/14/2006,FRG,NY,AEA,EN,Towers with Radar,1,25,35,0,61,0,0,278,0,278,1,25,313,0,339,231,0,231,570
10/15/2006,FRG,NY,AEA,EN,Towers with Radar,1,25,35,0,61,0,0,278,0,278,1,25,313,0,339,231,0,231,570
10/16/2006,FRG,NY,AEA,EN,Towers with Radar,0,20,51,0,71,0,8,227,0,235,0,28,278,0,306,423,0,423,729
10/17/2006,FRG,NY,AEA,EN,Towers with Radar,0,26,41,0,67,0,12,59,0,71,0,38,100,0,138,128,0,128,266
10/18/2006,FRG,NY,AEA,EN,Towers with Radar,0,45,75,0,120,0,2,146,0,148,0,47,221,0,268,282,0,282,550
10/19/2006,FRG,NY,AEA,EN,Towers with Radar,0,30,76,0,106,1,0,277,0,278,1,30,353,0,384,437,0,437,821
10/20/2006,FRG,NY,AEA,EN,Towers with Radar,2,34,49,0,85,0,0,16,0,16,2,34,65,0,101,8,0,8,109
10/21/2006,FRG,NY,AEA,EN,Towers with Radar,3,17,41,0,61,0,1,228,0,229,3,18,269,0,290,125,0,125,415
10/22/2006,FRG,NY,AEA,EN,Towers with Radar,2,40,46,0,88,0,7,277,0,284,2,47,323,0,372,233,0,233,605
10/23/2006,FRG,NY,AEA,EN,Towers with Radar,0,26,25,0,51,0,13,184,0,197,0,39,209,0,248,228,0,228,476
10/24/2006,FRG,NY,AEA,EN,Towers with Radar,1,32,52,0,85,0,6,256,0,262,1,38,308,0,347,160,0,160,507
10/25/2006,FRG,NY,AEA,EN,Towers with Radar,0,41,57,0,98,0,22,179,0,201,0,63,236,0,299,117,0,117,416
10/26/2006,FRG,NY,AEA,EN,Towers with Radar,2,30,39,0,71,0,5,325,0,330,2,35,364,0,401,286,0,286,687
10/27/2006,FRG,NY,AEA,EN,Towers with Radar,1,39,51,0,91,0,0,315,0,315,1,39,366,0,406,419,0,419,825
10/28/2006,FRG,NY,AEA,EN,Towers with Radar,0,15,8,0,23,0,2,0,0,2,0,17,8,0,25,4,0,4,29
10/29/2006,FRG,NY,AEA,EN,Towers with Radar,3,37,36,0,76,0,0,23,0,23,3,37,59,0,99,11,0,11,110
10/30/2006,FRG,NY,AEA,EN,Towers with Radar,0,18,35,0,53,0,9,226,0,235,0,27,261,0,288,181,0,181,469
10/31/2006,FRG,NY,AEA,EN,Towers with Radar,0,19,51,0,70,0,1,299,0,300,0,20,350,0,370,314,0,314,684
11/01/2006,FRG,NY,AEA,EN,Towers with Radar,4,31,42,0,77,0,10,259,0,269,4,41,301,0,346,368,0,368,714
11/02/2006,FRG,NY,AEA,EN,Towers with Radar,0,37,72,2,111,0,1,176,0,177,0,38,248,2,288,245,0,245,533
11/03/2006,FRG,NY,AEA,EN,Towers with Radar,0,33,31,0,64,0,4,338,2,344,0,37,369,2,408,296,0,296,704
11/04/2006,FRG,NY,AEA,EN,Towers with Radar,1,18,35,0,54,0,0,332,0,332,1,18,367,0,386,272,0,272,658
11/05/2006,FRG,NY,AEA,EN,Towers with Radar,7,35,47,0,89,0,5,307,0,312,7,40,354,0,401,179,0,179,580
11/06/2006,FRG,NY,AEA,EN,Towers with Radar,0,15,48,0,63,0,27,256,0,283,0,42,304,0,346,203,0,203,549
11/07/2006,FRG,NY,AEA,EN,Towers with Radar,2,25,69,0,96,0,30,158,0,188,2,55,227,0,284,203,0,203,487
11/08/2006,FRG,NY,AEA,EN,Towers with Radar,1,41,36,0,78,0,0,0,0,0,1,41,36,0,78,11,0,11,89
11/09/2006,FRG,NY,AEA,EN,Towers with Radar,1,31,70,0,102,0,14,262,0,276,1,45,332,0,378,191,0,191,569
11/10/2006,FRG,NY,AEA,EN,Towers with Radar,1,34,47,0,82,0,0,336,4,340,1,34,383,4,422,239,0,239,661
11/11/2006,FRG,NY,AEA,EN,Towers with Radar,1,15,35,5,56,0,3,307,3,313,1,18,342,8,369,256,0,256,625
11/12/2006,FRG,NY,AEA,EN,Towers with Radar,0,32,34,0,66,0,0,0,0,0,0,32,34,0,66,9,0,9,75
11/13/2006,FRG,NY,AEA,EN,Towers with Radar,0,33,48,0,81,0,8,23,0,31,0,41,71,0,112,7,0,7,119
11/14/2006,FRG,NY,AEA,EN,Towers with Radar,2,25,76,0,103,0,3,42,0,45,2,28,118,0,148,30,0,30,178
11/15/2006,FRG,NY,AEA,EN,Towers with Radar,0,41,103,1,145,0,0,37,0,37,0,41,140,1,182,68,0,68,250
11/16/2006,FRG,NY,AEA,EN,Towers with Radar,0,45,29,0,74,0,11,55,0,66,0,56,84,0,140,59,0,59,199
11/17/2006,FRG,NY,AEA,EN,Towers with Radar,0,51,88,0,139,0,5,254,4,263,0,56,342,4,402,213,0,213,615
11/18/2006,FRG,NY,AEA,EN,Towers with Radar,0,22,42,0,64,0,6,362,2,370,0,28,404,2,434,313,0,313,747
11/19/2006,FRG,NY,AEA,EN,Towers with Radar,0,43,53,0,96,0,0,327,2,329,0,43,380,2,425,233,0,233,658
11/20/2006,FRG,NY,AEA,EN,Towers with Radar,2,28,39,0,69,0,26,220,0,246,2,54,259,0,315,368,0,368,683
11/21/2006,FRG,NY,AEA,EN,Towers with Radar,3,68,60,0,131,0,17,280,0,297,3,85,340,0,428,267,0,267,695
11/22/2006,FRG,NY,AEA,EN,Towers with Radar,0,40,93,0,133,0,3,114,1,118,0,43,207,1,251,54,0,54,305
11/23/2006,FRG,NY,AEA,EN,Towers with Radar,1,8,17,0,26,0,0,4,0,4,1,8,21,0,30,0,0,0,30
11/24/2006,FRG,NY,AEA,EN,Towers with Radar,1,23,38,0,62,0,3,247,1,251,1,26,285,1,313,182,0,182,495
11/25/2006,FRG,NY,AEA,EN,Towers with Radar,1,25,44,0,70,0,1,314,5,320,1,26,358,5,390,341,0,341,731
11/26/2006,FRG,NY,AEA,EN,Towers with Radar,1,59,92,0,152,0,3,338,0,341,1,62,430,0,493,276,0,276,769
11/27/2006,FRG,NY,AEA,EN,Towers with Radar,2,33,57,0,92,0,13,162,0,175,2,46,219,0,267,278,0,278,545
11/28/2006,FRG,NY,AEA,EN,Towers with Radar,3,47,64,0,114,0,21,132,0,153,3,68,196,0,267,141,0,141,408
11/29/2006,FRG,NY,AEA,EN,Towers with Radar,1,50,77,0,128,0,4,43,0,47,1,54,120,0,175,13,0,13,188
11/30/2006,FRG,NY,AEA,EN,Towers with Radar,0,35,57,0,92,0,3,99,0,102,0,38,156,0,194,146,0,146,340
12/01/2006,FRG,NY,AEA,EN,Towers with Radar,2,14,49,0,65,0,0,4,0,4,2,14,53,0,69,23,0,23,92
12/02/2006,FRG,NY,AEA,EN,Towers with Radar,0,15,29,0,44,0,3,218,0,221,0,18,247,0,265,316,0,316,581
12/03/2006,FRG,NY,AEA,EN,Towers with Radar,0,46,51,0,97,0,14,344,0,358,0,60,395,0,455,271,0,271,726
12/04/2006,FRG,NY,AEA,EN,Towers with Radar,2,24,30,0,56,0,11,135,0,146,2,35,165,0,202,159,0,159,361
12/05/2006,FRG,NY,AEA,EN,Towers with Radar,1,20,51,0,72,0,3,210,0,213,1,23,261,0,285,228,0,228,513
12/06/2006,FRG,NY,AEA,EN,Towers with Radar,0,34,56,0,90,0,9,222,2,233,0,43,278,2,323,231,0,231,554
12/07/2006,FRG,NY,AEA,EN,Towers with Radar,0,31,47,0,78,0,18,269,0,287,0,49,316,0,365,294,0,294,659
12/08/2006,FRG,NY,AEA,EN,Towers with Radar,0,32,37,0,69,0,2,74,0,76,0,34,111,0,145,39,0,39,184
12/09/2006,FRG,NY,AEA,EN,Towers with Radar,1,15,26,0,42,0,2,304,0,306,1,17,330,0,348,250,0,250,598
12/10/2006,FRG,NY,AEA,EN,Towers with Radar,1,39,40,0,80,0,0,327,1,328,1,39,367,1,408,187,0,187,595
12/11/2006,FRG,NY,AEA,EN,Towers with Radar,0,22,43,0,65,0,6,233,2,241,0,28,276,2,306,273,0,273,579
12/12/2006,FRG,NY,AEA,EN,Towers with Radar,0,24,63,0,87,0,4,213,0,217,0,28,276,0,304,331,0,331,635
12/13/2006,FRG,NY,AEA,EN,Towers with Radar,0,23,85,0,108,0,3,28,0,31,0,26,113,0,139,62,0,62,201
12/14/2006,FRG,NY,AEA,EN,Towers with Radar,1,13,116,0,130,0,0,19,0,19,1,13,135,0,149,38,0,38,187
12/15/2006,FRG,NY,AEA,EN,Towers with Radar,0,28,94,0,122,0,0,71,0,71,0,28,165,0,193,126,0,126,319
12/16/2006,FRG,NY,AEA,EN,Towers with Radar,1,15,16,0,32,0,0,358,4,362,1,15,374,4,394,328,0,328,722
12/17/2006,FRG,NY,AEA,EN,Towers with Radar,0,26,18,0,44,0,2,295,0,297,0,28,313,0,341,268,0,268,609
12/18/2006,FRG,NY,AEA,EN,Towers with Radar,0,25,32,0,57,0,41,181,0,222,0,66,213,0,279,403,0,403,682
12/19/2006,FRG,NY,AEA,EN,Towers with Radar,0,37,43,1,81,0,12,229,0,241,0,49,272,1,322,315,0,315,637
12/20/2006,FRG,NY,AEA,EN,Towers with Radar,0,34,39,0,73,0,20,307,0,327,0,54,346,0,400,434,0,434,834
12/21/2006,FRG,NY,AEA,EN,Towers with Radar,1,31,0,0,32,0,40,336,0,376,1,71,336,0,408,325,0,325,733
12/22/2006,FRG,NY,AEA,EN,Towers with Radar,0,42,70,0,112,0,9,226,0,235,0,51,296,0,347,328,0,328,675
12/23/2006,FRG,NY,AEA,EN,Towers with Radar,1,28,55,0,84,0,1,39,0,40,1,29,94,0,124,30,0,30,154
12/24/2006,FRG,NY,AEA,EN,Towers with Radar,1,26,17,0,44,0,6,134,1,141,1,32,151,1,185,75,0,75,260
12/25/2006,FRG,NY,AEA,EN,Towers with Radar,0,25,28,0,53,0,4,63,0,67,0,29,91,0,120,100,0,100,220
12/26/2006,FRG,NY,AEA,EN,Towers with Radar,0,47,54,0,101,0,1,21,0,22,0,48,75,0,123,16,0,16,139
12/27/2006,FRG,NY,AEA,EN,Towers with Radar,0,47,54,0,101,0,1,21,0,22,0,48,75,0,123,16,0,16,139
12/28/2006,FRG,NY,AEA,EN,Towers with Radar,3,21,36,0,60,0,16,243,0,259,3,37,279,0,319,321,0,321,640
12/29/2006,FRG,NY,AEA,EN,Towers with Radar,0,23,40,0,63,0,6,270,2,278,0,29,310,2,341,288,0,288,629
12/30/2006,FRG,NY,AEA,EN,Towers with Radar,0,18,40,0,58,0,2,182,0,184,0,20,222,0,242,426,0,426,668
12/31/2006,FRG,NY,AEA,EN,Towers with Radar,1,20,29,0,50,0,4,259,0,263,1,24,288,0,313,344,0,344,657
01/01/2007,FRG,NY,AEA,EN,Towers with Radar,2,61,27,0,90,0,1,3,0,4,2,62,30,0,94,4,0,4,98
01/02/2007,FRG,NY,AEA,EN,Towers with Radar,0,40,57,0,97,0,7,122,0,129,0,47,179,0,226,47,32,79,305
01/03/2007,FRG,NY,AEA,EN,Towers with Radar,0,24,38,0,62,0,7,264,1,272,0,31,302,1,334,92,154,246,580
01/04/2007,FRG,NY,AEA,EN,Towers with Radar,2,22,50,0,74,0,7,295,2,304,2,29,345,2,378,314,0,314,692
01/05/2007,FRG,NY,AEA,EN,Towers with Radar,2,31,41,0,74,0,1,43,0,44,2,32,84,0,118,41,0,41,159
01/06/2007,FRG,NY,AEA,EN,Towers with Radar,0,22,32,0,54,0,0,81,1,82,0,22,113,1,136,65,0,65,201
01/07/2007,FRG,NY,AEA,EN,Towers with Radar,0,37,38,0,75,0,4,402,1,407,0,41,440,1,482,233,0,233,715
01/08/2007,FRG,NY,AEA,EN,Towers with Radar,0,13,29,0,42,0,0,17,0,17,0,13,46,0,59,5,0,5,64
01/09/2007,FRG,NY,AEA,EN,Towers with Radar,1,21,24,0,46,0,11,157,0,168,1,32,181,0,214,192,0,192,406
01/10/2007,FRG,NY,AEA,EN,Towers with Radar,3,18,40,0,61,0,4,169,0,173,3,22,209,0,234,143,0,143,377
01/11/2007,FRG,NY,AEA,EN,Towers with Radar,0,27,59,0,86,0,1,324,6,331,0,28,383,6,417,310,0,310,727
01/12/2007,FRG,NY,AEA,EN,Towers with Radar,0,29,53,0,82,0,3,224,0,227,0,32,277,0,309,211,0,211,520
01/13/2007,FRG,NY,AEA,EN,Towers with Radar,0,17,39,0,56,0,4,102,0,106,0,21,141,0,162,180,0,180,342
01/14/2007,FRG,NY,AEA,EN,Towers with Radar,1,13,29,0,43,0,5,0,0,5,1,18,29,0,48,15,0,15,63
01/15/2007,FRG,NY,AEA,EN,Towers with Radar,3,44,34,0,81,0,0,1,0,1,3,44,35,0,82,3,0,3,85
01/16/2007,FRG,NY,AEA,EN,Towers with Radar,0,23,38,0,61,0,4,120,0,124,0,27,158,0,185,144,0,144,329
01/17/2007,FRG,NY,AEA,EN,Towers with Radar,0,19,44,0,63,0,9,184,0,193,0,28,228,0,256,245,0,245,501
01/18/2007,FRG,NY,AEA,EN,Towers with Radar,0,23,46,0,69,0,4,156,0,160,0,27,202,0,229,186,0,186,415
01/19/2007,FRG,NY,AEA,EN,Towers with Radar,0,20,44,1,65,0,0,77,2,79,0,20,121,3,144,57,0,57,201
01/20/2007,FRG,NY,AEA,EN,Towers with Radar,0,19,17,0,36,0,2,61,1,64,0,21,78,1,100,83,0,83,183
01/21/2007,FRG,NY,AEA,EN,Towers with Radar,0,25,36,0,61,0,2,274,2,278,0,27,310,2,339,304,0,304,643
01/22/2007,FRG,NY,AEA,EN,Towers with Radar,0,24,31,0,55,0,11,101,0,112,0,35,132,0,167,162,0,162,329
01/23/2007,FRG,NY,AEA,EN,Towers with Radar,0,28,40,0,68,0,5,253,0,258,0,33,293,0,326,328,0,328,654
01/24/2007,FRG,NY,AEA,EN,Towers with Radar,0,37,55,0,92,0,25,296,0,321,0,62,351,0,413,285,0,285,698
01/25/2007,FRG,NY,AEA,EN,Towers with Radar,1,29,45,0,75,0,0,59,0,59,1,29,104,0,134,92,0,92,226
01/26/2007,FRG,NY,AEA,EN,Towers with Radar,0,26,36,0,62,0,2,135,4,141,0,28,171,4,203,90,0,90,293
01/27/2007,FRG,NY,AEA,EN,Towers with Radar,3,27,31,0,61,0,2,241,3,246,3,29,272,3,307,294,0,294,601
01/28/2007,FRG,NY,AEA,EN,Towers with Radar,1,41,36,0,78,0,7,263,2,272,1,48,299,2,350,331,0,331,681
01/29/2007,FRG,NY,AEA,EN,Towers with Radar,0,27,34,0,61,0,22,142,0,164,0,49,176,0,225,182,0,182,407
01/30/2007,FRG,NY,AEA,EN,Towers with Radar,0,15,52,0,67,0,0,207,1,208,0,15,259,1,275,213,0,213,488
01/31/2007,FRG,NY,AEA,EN,Towers with Radar,0,25,80,0,105,0,10,156,0,166,0,35,236,0,271,127,0,127,398
02/01/2007,FRG,NY,AEA,EN,Towers with Radar,0,37,57,0,94,0,2,203,6,211,0,39,260,6,305,244,0,244,549
02/02/2007,FRG,NY,AEA,EN,Towers with Radar,0,23,68,0,91,0,0,5,0,5,0,23,73,0,96,37,0,37,133
02/03/2007,FRG,NY,AEA,EN,Towers with Radar,2,15,24,0,41,0,2,237,1,240,2,17,261,1,281,259,0,259,540
02/04/2007,FRG,NY,AEA,EN,Towers with Radar,0,34,22,0,56,1,1,92,2,96,1,35,114,2,152,98,0,98,250
02/05/2007,FRG,NY,AEA,EN,Towers with Radar,0,14,32,0,46,0,8,71,0,79,0,22,103,0,125,98,0,98,223
02/06/2007,FRG,NY,AEA,EN,Towers with Radar,0,26,31,0,57,0,2,180,0,182,0,28,211,0,239,284,0,284,523
02/07/2007,FRG,NY,AEA,EN,Towers with Radar,1,32,40,0,73,0,12,232,5,249,1,44,272,5,322,278,0,278,600
02/08/2007,FRG,NY,AEA,EN,Towers with Radar,0,30,28,0,58,0,12,167,9,188,0,42,195,9,246,146,2,148,394
02/09/2007,FRG,NY,AEA,EN,Towers with Radar,0,22,40,1,63,0,7,180,0,187,0,29,220,1,250,153,2,155,405
02/10/2007,FRG,NY,AEA,EN,Towers with Radar,0,15,26,0,41,0,2,271,7,280,0,17,297,7,321,302,2,304,625
02/11/2007,FRG,NY,AEA,EN,Towers with Radar,0,47,51,1,99,0,6,278,0,284,0,53,329,1,383,333,0,333,716
02/12/2007,FRG,NY,AEA,EN,Towers with Radar,0,22,27,0,49,0,14,173,0,187,0,36,200,0,236,254,0,254,490
02/13/2007,FRG,NY,AEA,EN,Towers with Radar,0,30,26,0,56,0,6,135,0,141,0,36,161,0,197,237,0,237,434
02/14/2007,FRG,NY,AEA,EN,Towers with Radar,0,4,7,0,11,0,0,3,0,3,0,4,10,0,14,5,0,5,19
02/15/2007,FRG,NY,AEA,EN,Towers with Radar,0,57,72,0,129,0,4,48,0,52,0,61,120,0,181,28,0,28,209
02/16/2007,FRG,NY,AEA,EN,Towers with Radar,0,74,70,2,146,0,15,75,0,90,0,89,145,2,236,61,0,61,297
02/17/2007,FRG,NY,AEA,EN,Towers with Radar,0,44,67,0,111,0,3,210,6,219,0,47,277,6,330,184,0,184,514
02/18/2007,FRG,NY,AEA,EN,Towers with Radar,1,30,41,0,72,0,5,192,4,201,1,35,233,4,273,247,0,247,520
02/19/2007,FRG,NY,AEA,EN,Towers with Radar,2,43,39,0,84,0,15,108,6,129,2,58,147,6,213,192,0,192,405
02/20/2007,FRG,NY,AEA,EN,Towers with Radar,0,35,49,0,84,0,10,235,0,245,0,45,284,0,329,182,0,182,511
02/21/2007,FRG,NY,AEA,EN,Towers with Radar,1,22,27,0,50,0,1,272,1,274,1,23,299,1,324,351,0,351,675
02/22/2007,FRG,NY,AEA,EN,Towers with Radar,1,22,40,2,65,0,12,90,0,102,1,34,130,2,167,199,0,199,366
02/23/2007,FRG,NY,AEA,EN,Towers with Radar,2,41,37,0,80,0,9,107,0,116,2,50,144,0,196,58,0,58,254
02/24/2007,FRG,NY,AEA,EN,Towers with Radar,2,40,51,0,93,0,3,215,1,219,2,43,266,1,312,166,0,166,478
02/25/2007,FRG,NY,AEA,EN,Towers with Radar,2,59,57,0,118,0,6,289,7,302,2,65,346,7,420,179,6,185,605
02/26/2007,FRG,NY,AEA,EN,Towers with Radar,1,28,29,0,58,0,2,1,0,3,1,30,30,0,61,14,0,14,75
02/27/2007,FRG,NY,AEA,EN,Towers with Radar,0,31,33,0,64,0,3,15,0,18,0,34,48,0,82,78,0,78,160
02/28/2007,FRG,NY,AEA,EN,Towers with Radar,2,47,54,0,103,0,0,335,2,337,2,47,389,2,440,319,0,319,759
03/01/2007,FRG,NY,AEA,EN,Towers with Radar,0,49,58,0,107,0,11,211,3,225,0,60,269,3,332,250,0,250,582
03/02/2007,FRG,NY,AEA,EN,Towers with Radar,4,22,46,0,72,0,0,51,0,51,4,22,97,0,123,20,0,20,143
03/03/2007,FRG,NY,AEA,EN,Towers with Radar,0,21,47,0,68,0,2,279,0,281,0,23,326,0,349,282,0,282,631
03/04/2007,FRG,NY,AEA,EN,Towers with Radar,2,25,43,0,70,0,2,220,2,224,2,27,263,2,294,299,0,299,593
03/05/2007,FRG,NY,AEA,EN,Towers with Radar,0,28,19,0,47,0,10,66,0,76,0,38,85,0,123,41,0,41,164
03/06/2007,FRG,NY,AEA,EN,Towers with Radar,2,30,25,0,57,0,0,44,0,44,2,30,69,0,101,42,0,42,143
03/07/2007,FRG,NY,AEA,EN,Towers with Radar,0,18,34,0,52,0,5,39,0,44,0,23,73,0,96,29,0,29,125
03/08/2007,FRG,NY,AEA,EN,Towers with Radar,0,28,33,0,61,0,9,204,0,213,0,37,237,0,274,267,0,267,541
03/09/2007,FRG,NY,AEA,EN,Towers with Radar,0,25,59,0,84,0,2,318,3,323,0,27,377,3,407,347,0,347,754
03/10/2007,FRG,NY,AEA,EN,Towers with Radar,0,20,60,0,80,0,0,103,0,103,0,20,163,0,183,94,0,94,277
03/11/2007,FRG,NY,AEA,EN,Towers with Radar,1,37,70,0,108,0,13,310,2,325,1,50,380,2,433,250,0,250,683
03/12/2007,FRG,NY,AEA,EN,Towers with Radar,2,27,34,0,63,0,16,3,0,19,2,43,37,0,82,341,0,341,423
03/13/2007,FRG,NY,AEA,EN,Towers with Radar,0,31,42,0,73,0,20,226,1,247,0,51,268,1,320,315,0,315,635
03/14/2007,FRG,NY,AEA,EN,Towers with Radar,0,18,110,2,130,0,3,195,0,198,0,21,305,2,328,363,0,363,691
03/15/2007,FRG,NY,AEA,EN,Towers with Radar,0,39,89,1,129,0,0,60,0,60,0,39,149,1,189,158,0,158,347
03/16/2007,FRG,NY,AEA,EN,Towers with Radar,0,2,21,0,23,0,0,7,0,7,0,2,28,0,30,26,0,26,56
03/17/2007,FRG,NY,AEA,EN,Towers with Radar,0,27,50,0,77,0,0,40,0,40,0,27,90,0,117,24,0,24,141
03/18/2007,FRG,NY,AEA,EN,Towers with Radar,0,47,66,0,113,0,10,121,0,131,0,57,187,0,244,121,0,121,365
03/19/2007,FRG,NY,AEA,EN,Towers with Radar,0,24,40,0,64,0,9,199,0,208,0,33,239,0,272,187,0,187,459
03/20/2007,FRG,NY,AEA,EN,Towers with Radar,0,24,97,0,121,0,0,142,0,142,0,24,239,0,263,270,0,270,533
03/21/2007,FRG,NY,AEA,EN,Towers with Radar,2,27,56,0,85,0,8,313,0,321,2,35,369,0,406,327,0,327,733
03/22/2007,FRG,NY,AEA,EN,Towers with Radar,1,50,59,0,110,0,13,91,0,104,1,63,150,0,214,124,0,124,338
03/23/2007,FRG,NY,AEA,EN,Towers with Radar,0,36,76,0,112,0,0,191,0,191,0,36,267,0,303,222,0,222,525
03/24/2007,FRG,NY,AEA,EN,Towers with Radar,0,39,67,0,106,0,1,239,0,240,0,40,306,0,346,363,0,363,709
03/25/2007,FRG,NY,AEA,EN,Towers with Radar,0,46,55,0,101,0,20,322,1,343,0,66,377,1,444,456,0,456,900
03/26/2007,FRG,NY,AEA,EN,Towers with Radar,0,26,52,0,78,0,9,104,0,113,0,35,156,0,191,211,0,211,402
03/27/2007,FRG,NY,AEA,EN,Towers with Radar,0,18,41,0,59,0,0,278,0,278,0,18,319,0,337,416,0,416,753
03/28/2007,FRG,NY,AEA,EN,Towers with Radar,0,26,52,0,78,0,9,104,0,113,0,35,156,0,191,211,0,211,402
03/29/2007,FRG,NY,AEA,EN,Towers with Radar,1,44,46,1,92,0,19,256,0,275,1,63,302,1,367,276,0,276,643
03/30/2007,FRG,NY,AEA,EN,Towers with Radar,0,48,43,0,91,0,0,355,0,355,0,48,398,0,446,436,0,436,882
03/31/2007,FRG,NY,AEA,EN,Towers with Radar,1,44,46,1,92,0,1,368,0,369,1,45,414,1,461,308,0,308,769
04/01/2007,FRG,NY,AEA,EN,Towers with Radar,2,65,67,0,134,0,11,234,0,245,2,76,301,0,379,317,0,317,696
04/02/2007,FRG,NY,AEA,EN,Towers with Radar,0,42,53,0,95,0,0,22,0,22,0,42,75,0,117,25,0,25,142
04/03/2007,FRG,NY,AEA,EN,Towers with Radar,0,36,71,0,107,0,0,154,0,154,0,36,225,0,261,291,0,291,552
04/04/2007,FRG,NY,AEA,EN,Towers with Radar,2,49,53,0,104,0,1,16,0,17,2,50,69,0,121,51,0,51,172
04/05/2007,FRG,NY,AEA,EN,Towers with Radar,3,34,55,1,93,0,14,144,0,158,3,48,199,1,251,247,1,248,499
04/06/2007,FRG,NY,AEA,EN,Towers with Radar,0,21,48,0,69,0,2,210,2,214,0,23,258,2,283,374,0,374,657
04/07/2007,FRG,NY,AEA,EN,Towers with Radar,0,22,30,0,52,0,0,281,0,281,0,22,311,0,333,361,0,361,694
04/08/2007,FRG,NY,AEA,EN,Towers with Radar,0,35,47,0,82,0,0,130,0,130,0,35,177,0,212,144,0,144,356
04/09/2007,FRG,NY,AEA,EN,Towers with Radar,0,51,48,0,99,0,5,229,0,234,0,56,277,0,333,308,0,308,641
04/10/2007,FRG,NY,AEA,EN,Towers with Radar,2,23,71,0,96,0,1,281,0,282,2,24,352,0,378,237,0,237,615
04/11/2007,FRG,NY,AEA,EN,Towers with Radar,1,30,62,0,93,0,7,297,6,310,1,37,359,6,403,300,0,300,703
04/12/2007,FRG,NY,AEA,EN,Towers with Radar,0,21,73,0,94,0,4,7,0,11,0,25,80,0,105,14,0,14,119
04/13/2007,FRG,NY,AEA,EN,Towers with Radar,0,23,55,0,78,0,1,195,2,198,0,24,250,2,276,180,0,180,456
04/14/2007,FRG,NY,AEA,EN,Towers with Radar,0,29,46,0,75,0,5,373,6,384,0,34,419,6,459,356,0,356,815
04/15/2007,FRG,NY,AEA,EN,Towers with Radar,1,24,8,0,33,0,0,1,0,1,1,24,9,0,34,3,0,3,37
04/16/2007,FRG,NY,AEA,EN,Towers with Radar,0,23,36,0,59,0,4,30,0,34,0,27,66,0,93,31,0,31,124
04/17/2007,FRG,NY,AEA,EN,Towers with Radar,0,45,24,0,69,0,10,91,0,101,0,55,115,0,170,107,0,107,277
04/18/2007,FRG,NY,AEA,EN,Towers with Radar,2,30,59,0,91,0,3,180,0,183,2,33,239,0,274,374,0,374,648
04/19/2007,FRG,NY,AEA,EN,Towers with Radar,1,23,67,0,91,0,2,290,0,292,1,25,357,0,383,489,0,489,872
04/20/2007,FRG,NY,AEA,EN,Towers with Radar,0,20,63,0,83,0,0,339,2,341,0,20,402,2,424,326,0,326,750
04/21/2007,FRG,NY,AEA,EN,Towers with Radar,0,17,42,0,59,0,7,391,0,398,0,24,433,0,457,367,0,367,824
04/22/2007,FRG,NY,AEA,EN,Towers with Radar,0,38,39,0,77,0,22,394,3,419,0,60,433,3,496,407,0,407,903
04/23/2007,FRG,NY,AEA,EN,Towers with Radar,0,17,32,0,49,0,11,250,2,263,0,28,282,2,312,422,0,422,734
04/24/2007,FRG,NY,AEA,EN,Towers with Radar,0,14,55,0,69,0,0,158,0,158,0,14,213,0,227,109,0,109,336
04/25/2007,FRG,NY,AEA,EN,Towers with Radar,0,37,55,0,92,0,3,214,0,217,0,40,269,0,309,189,0,189,498
04/26/2007,FRG,NY,AEA,EN,Towers with Radar,0,26,45,0,71,0,1,317,3,321,0,27,362,3,392,459,0,459,851
04/27/2007,FRG,NY,AEA,EN,Towers with Radar,2,31,44,4,81,0,0,2,0,2,2,31,46,4,83,22,0,22,105
04/28/2007,FRG,NY,AEA,EN,Towers with Radar,0,23,51,0,74,0,1,147,0,148,0,24,198,0,222,249,0,249,471
04/29/2007,FRG,NY,AEA,EN,Towers with Radar,0,51,57,0,108,0,6,258,2,266,0,57,315,2,374,308,0,308,682
04/30/2007,FRG,NY,AEA,EN,Towers with Radar,0,18,37,0,55,0,11,165,2,178,0,29,202,2,233,152,0,152,385
05/01/2007,FRG,NY,AEA,EN,Towers with Radar,0,22,34,0,56,0,0,218,2,220,0,22,252,2,276,296,0,296,572
05/02/2007,FRG,NY,AEA,EN,Towers with Radar,2,39,62,0,103,0,6,110,0,116,2,45,172,0,219,135,0,135,354
05/03/2007,FRG,NY,AEA,EN,Towers with Radar,2,31,55,0,88,0,16,410,0,426,2,47,465,0,514,480,0,480,994
05/04/2007,FRG,NY,AEA,EN,Towers with Radar,0,27,39,0,66,0,2,353,0,355,0,29,392,0,421,442,0,442,863
05/05/2007,FRG,NY,AEA,EN,Towers with Radar,0,17,35,0,52,0,0,282,0,282,0,17,317,0,334,264,0,264,598
05/06/2007,FRG,NY,AEA,EN,Towers with Radar,0,56,40,0,96,0,9,186,0,195,0,65,226,0,291,185,0,185,476
05/07/2007,FRG,NY,AEA,EN,Towers with Radar,2,19,54,0,75,0,1,250,0,251,2,20,304,0,326,361,0,361,687
05/08/2007,FRG,NY,AEA,EN,Towers with Radar,0,32,31,0,63,0,2,289,0,291,0,34,320,0,354,384,0,384,738
05/09/2007,FRG,NY,AEA,EN,Towers with Radar,0,25,65,0,90,0,9,236,0,245,0,34,301,0,335,254,0,254,589
05/10/2007,FRG,NY,AEA,EN,Towers with Radar,0,22,75,1,98,0,0,58,0,58,0,22,133,1,156,102,0,102,258
05/11/2007,FRG,NY,AEA,EN,Towers with Radar,2,47,67,1,117,0,1,80,0,81,2,48,147,1,198,151,0,151,349
05/12/2007,FRG,NY,AEA,EN,Towers with Radar,1,22,49,2,74,0,0,252,6,258,1,22,301,8,332,273,2,275,607
05/13/2007,FRG,NY,AEA,EN,Towers with Radar,0,44,37,0,81,0,8,310,2,320,0,52,347,2,401,216,0,216,617
05/14/2007,FRG,NY,AEA,EN,Towers with Radar,0,21,53,1,75,0,11,276,0,287,0,32,329,1,362,379,0,379,741
05/15/2007,FRG,NY,AEA,EN,Towers with Radar,0,21,45,0,66,0,2,173,0,175,0,23,218,0,241,241,0,241,482
05/16/2007,FRG,NY,AEA,EN,Towers with Radar,0,28,64,0,92,2,13,162,0,177,2,41,226,0,269,221,0,221,490
05/17/2007,FRG,NY,AEA,EN,Towers with Radar,0,30,75,0,105,0,5,157,0,162,0,35,232,0,267,240,0,240,507
05/18/2007,FRG,NY,AEA,EN,Towers with Radar,0,36,56,0,92,0,0,70,0,70,0,36,126,0,162,84,0,84,246
05/19/2007,FRG,NY,AEA,EN,Towers with Radar,0,27,30,2,59,0,1,109,0,110,0,28,139,2,169,199,0,199,368
05/20/2007,FRG,NY,AEA,EN,Towers with Radar,0,50,42,1,93,0,0,215,0,215,0,50,257,1,308,53,0,53,361
05/21/2007,FRG,NY,AEA,EN,Towers with Radar,0,7,26,2,35,0,10,293,1,304,0,17,319,3,339,66,0,66,405
05/22/2007,FRG,NY,AEA,EN,Towers with Radar,1,22,41,4,68,0,4,343,29,376,1,26,384,33,444,291,0,291,735
05/23/2007,FRG,NY,AEA,EN,Towers with Radar,0,23,63,6,92,0,19,333,0,352,0,42,396,6,444,273,10,283,727
05/24/2007,FRG,NY,AEA,EN,Towers with Radar,0,19,77,11,107,0,6,358,50,414,0,25,435,61,521,256,12,268,789
05/25/2007,FRG,NY,AEA,EN,Towers with Radar,0,36,54,5,95,0,0,381,12,393,0,36,435,17,488,208,3,211,699
05/26/2007,FRG,NY,AEA,EN,Towers with Radar,2,14,37,0,53,0,0,280,8,288,2,14,317,8,341,63,84,147,488
05/27/2007,FRG,NY,AEA,EN,Towers with Radar,0,22,35,0,57,0,1,277,26,304,0,23,312,26,361,196,126,322,683
05/28/2007,FRG,NY,AEA,EN,Towers with Radar,0,30,42,11,83,0,11,202,5,218,0,41,244,16,301,298,0,298,599
05/29/2007,FRG,NY,AEA,EN,Towers with Radar,0,35,43,1,79,0,22,296,3,321,0,57,339,4,400,431,0,431,831
05/30/2007,FRG,NY,AEA,EN,Towers with Radar,0,16,43,0,59,0,20,352,4,376,0,36,395,4,435,462,0,462,897
05/31/2007,FRG,NY,AEA,EN,Towers with Radar,0,22,33,0,55,0,23,281,3,307,0,45,314,3,362,425,0,425,787
06/01/2007,FRG,NY,AEA,EN,Towers with Radar,2,25,34,2,63,0,3,254,2,259,2,28,288,4,322,368,0,368,690
06/02/2007,FRG,NY,AEA,EN,Towers with Radar,0,18,28,0,46,0,3,284,7,294,0,21,312,7,340,333,0,333,673
06/03/2007,FRG,NY,AEA,EN,Towers with Radar,0,34,36,0,70,0,4,162,0,166,0,38,198,0,236,361,0,361,597
06/04/2007,FRG,NY,AEA,EN,Towers with Radar,0,32,37,0,69,0,10,5,0,15,0,42,42,0,84,6,0,6,90
06/05/2007,FRG,NY,AEA,EN,Towers with Radar,2,18,45,0,65,0,1,206,0,207,2,19,251,0,272,251,0,251,523
06/06/2007,FRG,NY,AEA,EN,Towers with Radar,0,19,37,4,60,0,41,343,0,384,0,60,380,4,444,406,0,406,850
06/07/2007,FRG,NY,AEA,EN,Towers with Radar,0,30,64,0,94,0,2,399,2,403,0,32,463,2,497,341,0,341,838
06/08/2007,FRG,NY,AEA,EN,Towers with Radar,1,27,64,0,92,0,0,189,0,189,1,27,253,0,281,315,0,315,596
06/09/2007,FRG,NY,AEA,EN,Towers with Radar,0,34,71,0,105,0,0,79,0,79,0,34,150,0,184,67,0,67,251
06/10/2007,FRG,NY,AEA,EN,Towers with Radar,1,34,46,1,82,0,10,288,0,298,1,44,334,1,380,352,0,352,732
06/11/2007,FRG,NY,AEA,EN,Towers with Radar,2,10,49,0,61,0,3,250,1,254,2,13,299,1,315,333,0,333,648
06/12/2007,FRG,NY,AEA,EN,Towers with Radar,0,20,45,0,65,0,2,211,0,213,0,22,256,0,278,245,0,245,523
06/13/2007,FRG,NY,AEA,EN,Towers with Radar,0,37,71,0,108,0,1,119,0,120,0,38,190,0,228,62,0,62,290
06/14/2007,FRG,NY,AEA,EN,Towers with Radar,0,23,71,0,94,0,11,239,0,250,0,34,310,0,344,362,0,362,706
06/15/2007,FRG,NY,AEA,EN,Towers with Radar,0,33,52,2,87,0,9,286,0,295,0,42,338,2,382,430,0,430,812
06/16/2007,FRG,NY,AEA,EN,Towers with Radar,0,18,28,0,46,0,2,286,0,288,0,20,314,0,334,334,0,334,668
06/17/2007,FRG,NY,AEA,EN,Towers with Radar,0,30,42,1,73,0,9,291,1,301,0,39,333,2,374,351,0,351,725
06/18/2007,FRG,NY,AEA,EN,Towers with Radar,0,24,36,0,60,0,26,218,0,244,0,50,254,0,304,360,0,360,664
06/19/2007,FRG,NY,AEA,EN,Towers with Radar,0,33,47,0,80,0,8,226,0,234,0,41,273,0,314,186,0,186,500
06/20/2007,FRG,NY,AEA,EN,Towers with Radar,0,31,68,2,101,0,0,189,2,191,0,31,257,4,292,88,0,88,380
06/21/2007,FRG,NY,AEA,EN,Towers with Radar,0,31,44,0,75,0,2,268,2,272,0,33,312,2,347,210,0,210,557
06/22/2007,FRG,NY,AEA,EN,Towers with Radar,0,35,55,0,90,0,0,321,0,321,0,35,376,0,411,149,0,149,560
06/23/2007,FRG,NY,AEA,EN,Towers with Radar,0,19,29,0,48,0,0,352,7,359,0,19,381,7,407,253,0,253,660
06/24/2007,FRG,NY,AEA,EN,Towers with Radar,0,34,26,0,60,0,8,384,1,393,0,42,410,1,453,371,0,371,824
06/25/2007,FRG,NY,AEA,EN,Towers with Radar,0,24,46,0,70,0,7,246,0,253,0,31,292,0,323,257,0,257,580
06/26/2007,FRG,NY,AEA,EN,Towers with Radar,1,25,55,0,81,0,2,202,0,204,1,27,257,0,285,247,0,247,532
06/27/2007,FRG,NY,AEA,EN,Towers with Radar,1,34,57,0,92,0,0,125,1,126,1,34,182,1,218,107,0,107,325
06/28/2007,FRG,NY,AEA,EN,Towers with Radar,0,29,44,0,73,0,4,107,1,112,0,33,151,1,185,114,0,114,299
06/29/2007,FRG,NY,AEA,EN,Towers with Radar,0,31,66,2,99,0,2,395,2,399,0,33,461,4,498,311,0,311,809
06/30/2007,FRG,NY,AEA,EN,Towers with Radar,0,30,47,0,77,0,1,430,0,431,0,31,477,0,508,361,0,361,869
07/01/2007,FRG,NY,AEA,EN,Towers with Radar,0,54,49,0,103,0,0,328,1,329,0,54,377,1,432,251,0,251,683
07/02/2007,FRG,NY,AEA,EN,Towers with Radar,0,24,49,0,73,0,12,239,0,251,0,36,288,0,324,310,0,310,634
07/03/2007,FRG,NY,AEA,EN,Towers with Radar,1,18,38,1,58,0,10,313,0,323,1,28,351,1,381,400,0,400,781
07/04/2007,FRG,NY,AEA,EN,Towers with Radar,0,14,27,0,41,0,3,106,0,109,0,17,133,0,150,50,0,50,200
07/05/2007,FRG,NY,AEA,EN,Towers with Radar,2,11,60,0,73,0,3,94,0,97,2,14,154,0,170,125,0,125,295
07/06/2007,FRG,NY,AEA,EN,Towers with Radar,0,27,52,1,80,0,0,225,0,225,0,27,277,1,305,249,0,249,554
07/07/2007,FRG,NY,AEA,EN,Towers with Radar,0,22,28,2,52,0,3,321,0,324,0,25,349,2,376,325,0,325,701
07/08/2007,FRG,NY,AEA,EN,Towers with Radar,1,33,59,2,95,0,1,295,0,296,1,34,354,2,391,257,0,257,648
07/09/2007,FRG,NY,AEA,EN,Towers with Radar,0,14,60,0,74,0,0,237,0,237,0,14,297,0,311,330,0,330,641
07/10/2007,FRG,NY,AEA,EN,Towers with Radar,0,27,60,0,87,0,0,137,0,137,0,27,197,0,224,209,0,209,433
07/11/2007,FRG,NY,AEA,EN,Towers with Radar,2,22,74,0,98,0,0,54,0,54,2,22,128,0,152,64,0,64,216
07/12/2007,FRG,NY,AEA,EN,Towers with Radar,0,33,67,0,100,0,0,390,2,392,0,33,457,2,492,351,0,351,843
07/13/2007,FRG,NY,AEA,EN,Towers with Radar,0,33,55,0,88,0,3,321,5,329,0,36,376,5,417,434,0,434,851
07/14/2007,FRG,NY,AEA,EN,Towers with Radar,0,11,44,2,57,0,5,327,0,332,0,16,371,2,389,291,0,291,680
07/15/2007,FRG,NY,AEA,EN,Towers with Radar,0,48,64,0,112,0,8,240,0,248,0,56,304,0,360,180,0,180,540
07/16/2007,FRG,NY,AEA,EN,Towers with Radar,0,25,47,0,72,0,11,206,0,217,0,36,253,0,289,284,0,284,573
07/17/2007,FRG,NY,AEA,EN,Towers with Radar,0,38,42,0,80,0,6,228,0,234,0,44,270,0,314,291,0,291,605
07/18/2007,FRG,NY,AEA,EN,Towers with Radar,0,28,48,0,76,0,0,24,0,24,0,28,72,0,100,27,0,27,127
07/19/2007,FRG,NY,AEA,EN,Towers with Radar,0,35,97,0,132,0,4,55,0,59,0,39,152,0,191,52,50,102,293
07/20/2007,FRG,NY,AEA,EN,Towers with Radar,0,39,60,1,100,0,4,367,2,373,0,43,427,3,473,285,0,285,758
07/21/2007,FRG,NY,AEA,EN,Towers with Radar,0,34,64,0,98,0,0,328,0,328,0,34,392,0,426,251,0,251,677
07/22/2007,FRG,NY,AEA,EN,Towers with Radar,0,54,51,1,106,0,0,355,1,356,0,54,406,2,462,105,242,347,809
07/23/2007,FRG,NY,AEA,EN,Towers with Radar,0,19,65,0,84,0,0,16,0,16,0,19,81,0,100,8,0,8,108
07/24/2007,FRG,NY,AEA,EN,Towers with Radar,0,25,45,1,71,0,17,285,0,302,0,42,330,1,373,362,0,362,735
07/25/2007,FRG,NY,AEA,EN,Towers with Radar,0,50,70,0,120,0,21,299,0,320,0,71,369,0,440,263,0,263,703
07/26/2007,FRG,NY,AEA,EN,Towers with Radar,0,31,70,0,101,0,4,327,0,331,0,35,397,0,432,116,274,390,822
07/27/2007,FRG,NY,AEA,EN,Towers with Radar,0,34,72,0,106,0,4,237,1,242,0,38,309,1,348,298,0,298,646
07/28/2007,FRG,NY,AEA,EN,Towers with Radar,0,20,54,0,74,0,0,76,6,82,0,20,130,6,156,198,0,198,354
07/29/2007,FRG,NY,AEA,EN,Towers with Radar,0,24,83,0,107,0,1,26,0,27,0,25,109,0,134,20,12,32,166
07/30/2007,FRG,NY,AEA,EN,Towers with Radar,0,23,50,0,73,0,17,99,0,116,0,40,149,0,189,238,0,238,427
07/31/2007,FRG,NY,AEA,EN,Towers with Radar,0,28,33,0,61,0,0,331,0,331,0,28,364,0,392,364,0,364,756
08/01/2007,FRG,NY,AEA,EN,Towers with Radar,0,32,54,0,86,0,9,327,0,336,0,41,381,0,422,331,0,331,753
08/02/2007,FRG,NY,AEA,EN,Towers with Radar,0,45,43,0,88,0,18,264,0,282,0,63,307,0,370,287,0,287,657
08/03/2007,FRG,NY,AEA,EN,Towers with Radar,0,28,58,0,86,0,2,318,3,323,0,30,376,3,409,395,0,395,804
08/04/2007,FRG,NY,AEA,EN,Towers with Radar,0,26,39,0,65,0,2,233,1,236,0,28,272,1,301,62,272,334,635
08/05/2007,FRG,NY,AEA,EN,Towers with Radar,0,30,58,0,88,0,7,350,0,357,0,37,408,0,445,357,0,357,802
08/06/2007,FRG,NY,AEA,EN,Towers with Radar,0,31,57,0,88,0,9,54,0,63,0,40,111,0,151,60,0,60,211
08/07/2007,FRG,NY,AEA,EN,Towers with Radar,0,36,45,0,81,0,19,220,0,239,0,55,265,0,320,280,0,280,600
08/08/2007,FRG,NY,AEA,EN,Towers with Radar,0,40,46,0,86,0,9,143,0,152,0,49,189,0,238,175,0,175,413
08/09/2007,FRG,NY,AEA,EN,Towers with Radar,0,32,52,1,85,0,3,356,6,365,0,35,408,7,450,388,0,388,838
08/10/2007,FRG,NY,AEA,EN,Towers with Radar,0,34,80,3,117,0,4,13,0,17,0,38,93,3,134,29,0,29,163
08/11/2007,FRG,NY,AEA,EN,Towers with Radar,0,18,33,0,51,0,0,362,0,362,0,18,395,0,413,352,0,352,765
08/12/2007,FRG,NY,AEA,EN,Towers with Radar,0,51,50,0,101,0,12,353,2,367,0,63,403,2,468,263,0,263,731
08/13/2007,FRG,NY,AEA,EN,Towers with Radar,0,17,46,0,63,0,14,250,2,266,0,31,296,2,329,335,0,335,664
08/14/2007,FRG,NY,AEA,EN,Towers with Radar,0,37,37,0,74,0,7,307,0,314,0,44,344,0,388,299,0,299,687
08/15/2007,FRG,NY,AEA,EN,Towers with Radar,0,30,54,0,84,0,4,290,2,296,0,34,344,2,380,340,0,340,720
08/16/2007,FRG,NY,AEA,EN,Towers with Radar,0,31,71,0,102,0,3,157,0,160,0,34,228,0,262,230,0,230,492
08/17/2007,FRG,NY,AEA,EN,Towers with Radar,0,32,62,0,94,0,1,285,2,288,0,33,347,2,382,86,134,220,602
08/18/2007,FRG,NY,AEA,EN,Towers with Radar,0,23,34,0,57,0,1,243,0,244,0,24,277,0,301,291,0,291,592
08/19/2007,FRG,NY,AEA,EN,Towers with Radar,0,32,55,0,87,0,3,331,5,339,0,35,386,5,426,86,250,336,762
08/20/2007,FRG,NY,AEA,EN,Towers with Radar,0,27,49,0,76,0,1,109,0,110,0,28,158,0,186,208,0,208,394
08/21/2007,FRG,NY,AEA,EN,Towers with Radar,0,39,44,0,83,0,3,8,0,11,0,42,52,0,94,16,0,16,110
08/22/2007,FRG,NY,AEA,EN,Towers with Radar,0,27,71,0,98,0,4,157,0,161,0,31,228,0,259,201,0,201,460
08/23/2007,FRG,NY,AEA,EN,Towers with Radar,0,39,101,0,140,0,1,98,0,99,0,40,199,0,239,86,0,86,325
08/24/2007,FRG,NY,AEA,EN,Towers with Radar,0,46,76,1,123,0,3,250,5,258,0,49,326,6,381,280,0,280,661
08/25/2007,FRG,NY,AEA,EN,Towers with Radar,0,25,68,0,93,0,0,37,0,37,0,25,105,0,130,72,0,72,202
08/26/2007,FRG,NY,AEA,EN,Towers with Radar,0,54,39,1,94,0,18,205,1,224,0,72,244,2,318,308,0,308,626
08/27/2007,FRG,NY,AEA,EN,Towers with Radar,0,33,32,0,65,0,20,258,0,278,0,53,290,0,343,386,0,386,729
08/28/2007,FRG,NY,AEA,EN,Towers with Radar,0,33,33,0,66,0,11,316,0,327,0,44,349,0,393,417,0,417,810
08/29/2007,FRG,NY,AEA,EN,Towers with Radar,0,22,49,0,71,0,1,339,1,341,0,23,388,1,412,314,0,314,726
08/30/2007,FRG,NY,AEA,EN,Towers with Radar,0,23,44,0,67,0,4,356,0,360,0,27,400,0,427,461,0,461,888
08/31/2007,FRG,NY,AEA,EN,Towers with Radar,2,37,61,0,100,0,2,245,0,247,2,39,306,0,347,402,0,402,749
09/01/2007,FRG,NY,AEA,EN,Towers with Radar,0,20,23,0,43,0,0,361,0,361,0,20,384,0,404,261,0,261,665
09/02/2007,FRG,NY,AEA,EN,Towers with Radar,0,26,28,0,54,0,8,365,0,373,0,34,393,0,427,357,0,357,784
09/03/2007,FRG,NY,AEA,EN,Towers with Radar,0,28,33,0,61,0,15,358,0,373,0,43,391,0,434,164,0,164,598
09/04/2007,FRG,NY,AEA,EN,Towers with Radar,3,18,35,0,56,0,1,247,0,248,3,19,282,0,304,299,0,299,603
09/05/2007,FRG,NY,AEA,EN,Towers with Radar,0,19,56,0,75,0,8,316,0,324,0,27,372,0,399,384,0,384,783
09/06/2007,FRG,NY,AEA,EN,Towers with Radar,0,33,42,1,76,0,13,291,0,304,0,46,333,1,380,333,0,333,713
09/07/2007,FRG,NY,AEA,EN,Towers with Radar,2,26,50,0,78,0,4,293,0,297,2,30,343,0,375,294,0,294,669
09/08/2007,FRG,NY,AEA,EN,Towers with Radar,0,13,33,0,46,0,0,272,2,274,0,13,305,2,320,306,0,306,626
09/09/2007,FRG,NY,AEA,EN,Towers with Radar,2,26,50,0,78,0,4,293,0,297,2,30,343,0,375,82,212,294,669
09/10/2007,FRG,NY,AEA,EN,Towers with Radar,1,24,70,0,95,0,0,10,0,10,1,24,80,0,105,44,0,44,149
09/11/2007,FRG,NY,AEA,EN,Towers with Radar,0,13,41,0,54,0,2,14,0,16,0,15,55,0,70,14,0,14,84
09/12/2007,FRG,NY,AEA,EN,Towers with Radar,0,13,41,0,54,0,2,14,0,16,0,15,55,0,70,14,0,14,84
09/13/2007,FRG,NY,AEA,EN,Towers with Radar,2,19,54,0,75,0,5,331,4,340,2,24,385,4,415,292,0,292,707
09/14/2007,FRG,NY,AEA,EN,Towers with Radar,0,29,46,0,75,0,0,332,0,332,0,29,378,0,407,448,0,448,855
09/15/2007,FRG,NY,AEA,EN,Towers with Radar,0,24,36,1,61,0,0,113,0,113,0,24,149,1,174,152,0,152,326
09/16/2007,FRG,NY,AEA,EN,Towers with Radar,0,29,46,0,75,0,0,332,0,332,0,29,378,0,407,448,0,448,855
09/17/2007,FRG,NY,AEA,EN,Towers with Radar,0,18,38,0,56,0,1,263,0,264,0,19,301,0,320,394,0,394,714
09/18/2007,FRG,NY,AEA,EN,Towers with Radar,1,14,46,0,61,0,4,277,0,281,1,18,323,0,342,371,0,371,713
09/19/2007,FRG,NY,AEA,EN,Towers with Radar,1,10,47,1,59,0,2,347,0,349,1,12,394,1,408,331,0,331,739
09/20/2007,FRG,NY,AEA,EN,Towers with Radar,0,17,49,0,66,0,12,269,2,283,0,29,318,2,349,455,0,455,804
09/21/2007,FRG,NY,AEA,EN,Towers with Radar,0,25,44,3,72,0,1,308,0,309,0,26,352,3,381,110,310,420,801
09/22/2007,FRG,NY,AEA,EN,Towers with Radar,1,8,67,1,77,0,0,51,0,51,1,8,118,1,128,69,0,69,197
09/23/2007,FRG,NY,AEA,EN,Towers with Radar,2,34,39,1,76,0,12,385,0,397,2,46,424,1,473,65,162,227,700
09/24/2007,FRG,NY,AEA,EN,Towers with Radar,2,30,65,0,97,0,6,242,0,248,2,36,307,0,345,25,0,25,370
09/25/2007,FRG,NY,AEA,EN,Towers with Radar,1,29,72,0,102,0,1,245,0,246,1,30,317,0,348,20,0,20,368
09/26/2007,FRG,NY,AEA,EN,Towers with Radar,1,18,65,0,84,0,5,260,1,266,1,23,325,1,350,100,0,100,450
09/27/2007,FRG,NY,AEA,EN,Towers with Radar,0,26,95,1,122,0,0,32,0,32,0,26,127,1,154,31,0,31,185
09/28/2007,FRG,NY,AEA,EN,Towers with Radar,0,15,67,0,82,0,2,227,0,229,0,17,294,0,311,276,0,276,587
09/29/2007,FRG,NY,AEA,EN,Towers with Radar,1,10,24,0,35,0,0,332,0,332,1,10,356,0,367,95,226,321,688
09/30/2007,FRG,NY,AEA,EN,Towers with Radar,0,35,51,0,86,0,0,321,0,321,0,35,372,0,407,295,0,295,702
10/01/2007,FRG,NY,AEA,EN,Towers with Radar,2,19,40,0,61,0,10,249,0,259,2,29,289,0,320,308,0,308,628
10/02/2007,FRG,NY,AEA,EN,Towers with Radar,2,25,67,0,94,0,0,234,0,234,2,25,301,0,328,306,0,306,634
10/03/2007,FRG,NY,AEA,EN,Towers with Radar,1,37,66,0,104,0,2,65,0,67,1,39,131,0,171,100,0,100,271
10/04/2007,FRG,NY,AEA,EN,Towers with Radar,1,19,98,2,120,0,0,120,1,121,1,19,218,3,241,190,0,190,431
10/05/2007,FRG,NY,AEA,EN,Towers with Radar,0,28,107,0,135,0,1,71,0,72,0,29,178,0,207,41,60,101,308
10/06/2007,FRG,NY,AEA,EN,Towers with Radar,3,18,51,0,72,0,0,149,0,149,3,18,200,0,221,201,0,201,422
10/07/2007,FRG,NY,AEA,EN,Towers with Radar,0,27,65,0,92,0,10,204,0,214,0,37,269,0,306,44,212,256,562
10/08/2007,FRG,NY,AEA,EN,Towers with Radar,2,31,57,0,90,0,5,181,0,186,2,36,238,0,276,153,0,153,429
10/09/2007,FRG,NY,AEA,EN,Towers with Radar,0,17,62,1,80,0,1,113,0,114,0,18,175,1,194,168,0,168,362
10/10/2007,FRG,NY,AEA,EN,Towers with Radar,2,31,80,0,113,0,0,35,0,35,2,31,115,0,148,27,0,27,175
10/11/2007,FRG,NY,AEA,EN,Towers with Radar,0,19,75,1,95,0,0,24,0,24,0,19,99,1,119,15,0,15,134
10/12/2007,FRG,NY,AEA,EN,Towers with Radar,0,21,79,0,100,0,1,138,1,140,0,22,217,1,240,122,4,126,366
10/13/2007,FRG,NY,AEA,EN,Towers with Radar,0,20,38,0,58,0,0,390,0,390,0,20,428,0,448,431,0,431,879
10/14/2007,FRG,NY,AEA,EN,Towers with Radar,0,25,47,1,73,0,5,347,0,352,0,30,394,1,425,251,2,253,678
10/15/2007,FRG,NY,AEA,EN,Towers with Radar,2,19,56,3,80,0,4,281,0,285,2,23,337,3,365,349,0,349,714
10/16/2007,FRG,NY,AEA,EN,Towers with Radar,0,32,44,1,77,0,9,285,0,294,0,41,329,1,371,271,0,271,642
10/17/2007,FRG,NY,AEA,EN,Towers with Radar,2,26,88,2,118,0,4,131,0,135,2,30,219,2,253,145,0,145,398
10/18/2007,FRG,NY,AEA,EN,Towers with Radar,0,16,72,1,89,0,2,110,2,114,0,18,182,3,203,127,0,127,330
10/19/2007,FRG,NY,AEA,EN,Towers with Radar,0,29,61,0,90,0,0,9,0,9,0,29,70,0,99,23,0,23,122
10/20/2007,FRG,NY,AEA,EN,Towers with Radar,0,16,39,1,56,0,0,308,1,309,0,16,347,2,365,324,0,324,689
10/21/2007,FRG,NY,AEA,EN,Towers with Radar,0,20,63,0,83,0,0,397,0,397,0,20,460,0,480,93,224,317,797
10/22/2007,FRG,NY,AEA,EN,Towers with Radar,4,19,50,0,73,0,4,346,0,350,4,23,396,0,423,90,274,364,787
10/23/2007,FRG,NY,AEA,EN,Towers with Radar,0,13,66,0,79,0,0,112,1,113,0,13,178,1,192,59,0,59,251
10/24/2007,FRG,NY,AEA,EN,Towers with Radar,0,16,85,0,101,0,2,68,0,70,0,18,153,0,171,36,32,68,239
10/25/2007,FRG,NY,AEA,EN,Towers with Radar,0,26,68,0,94,0,1,126,0,127,0,27,194,0,221,190,0,190,411
10/26/2007,FRG,NY,AEA,EN,Towers with Radar,0,33,76,0,109,0,1,90,0,91,0,34,166,0,200,252,0,252,452
10/27/2007,FRG,NY,AEA,EN,Towers with Radar,4,11,31,0,46,0,0,47,0,47,4,11,78,0,93,35,0,35,128
10/28/2007,FRG,NY,AEA,EN,Towers with Radar,0,29,63,0,92,0,0,251,0,251,0,29,314,0,343,59,134,193,536
10/29/2007,FRG,NY,AEA,EN,Towers with Radar,0,29,37,0,66,0,2,282,1,285,0,31,319,1,351,290,0,290,641
10/30/2007,FRG,NY,AEA,EN,Towers with Radar,0,21,44,1,66,0,1,381,0,382,0,22,425,1,448,461,0,461,909
10/31/2007,FRG,NY,AEA,EN,Towers with Radar,2,25,45,0,72,0,3,312,0,315,2,28,357,0,387,93,252,345,732
11/01/2007,FRG,NY,AEA,EN,Towers with Radar,2,44,71,0,117,0,2,333,0,335,2,46,404,0,452,366,0,366,818
11/02/2007,FRG,NY,AEA,EN,Towers with Radar,2,49,60,0,111,0,3,289,0,292,2,52,349,0,403,307,0,307,710
11/03/2007,FRG,NY,AEA,EN,Towers with Radar,0,9,18,0,27,0,0,12,1,13,0,9,30,1,40,17,0,17,57
11/04/2007,FRG,NY,AEA,EN,Towers with Radar,0,34,79,0,113,0,0,371,0,371,0,34,450,0,484,254,0,254,738
11/05/2007,FRG,NY,AEA,EN,Towers with Radar,0,31,65,2,98,0,0,230,1,231,0,31,295,3,329,262,0,262,591
11/06/2007,FRG,NY,AEA,EN,Towers with Radar,2,17,54,0,73,0,0,86,0,86,2,17,140,0,159,105,0,105,264
11/07/2007,FRG,NY,AEA,EN,Towers with Radar,1,19,47,0,67,0,1,197,0,198,1,20,244,0,265,158,0,158,423
11/08/2007,FRG,NY,AEA,EN,Towers with Radar,0,11,55,0,66,0,1,370,1,372,0,12,425,1,438,377,0,377,815
11/09/2007,FRG,NY,AEA,EN,Towers with Radar,0,19,69,0,88,0,1,122,0,123,0,20,191,0,211,264,0,264,475
11/10/2007,FRG,NY,AEA,EN,Towers with Radar,0,17,34,0,51,0,0,107,0,107,0,17,141,0,158,322,0,322,480
11/11/2007,FRG,NY,AEA,EN,Towers with Radar,0,31,59,0,90,0,0,368,2,370,0,31,427,2,460,277,0,277,737
11/12/2007,FRG,NY,AEA,EN,Towers with Radar,0,21,61,0,82,0,1,165,0,166,0,22,226,0,248,320,0,320,568
11/13/2007,FRG,NY,AEA,EN,Towers with Radar,1,35,69,0,105,0,4,139,0,143,1,39,208,0,248,236,0,236,484
11/14/2007,FRG,NY,AEA,EN,Towers with Radar,1,44,101,2,148,0,1,92,0,93,1,45,193,2,241,157,0,157,398
11/15/2007,FRG,NY,AEA,EN,Towers with Radar,2,30,52,0,84,0,4,67,1,72,2,34,119,1,156,40,0,40,196
11/16/2007,FRG,NY,AEA,EN,Towers with Radar,0,32,64,0,96,0,1,124,0,125,0,33,188,0,221,123,0,123,344
11/17/2007,FRG,NY,AEA,EN,Towers with Radar,1,11,45,0,57,0,0,284,0,284,1,11,329,0,341,372,0,372,713
11/18/2007,FRG,NY,AEA,EN,Towers with Radar,0,21,48,0,69,0,0,127,1,128,0,21,175,1,197,249,0,249,446
11/19/2007,FRG,NY,AEA,EN,Towers with Radar,0,24,42,0,66,0,4,107,0,111,0,28,149,0,177,237,0,237,414
11/20/2007,FRG,NY,AEA,EN,Towers with Radar,3,51,86,0,140,0,0,53,0,53,3,51,139,0,193,15,0,15,208
11/21/2007,FRG,NY,AEA,EN,Towers with Radar,3,66,119,0,188,0,0,50,0,50,3,66,169,0,238,45,0,45,283
11/22/2007,FRG,NY,AEA,EN,Towers with Radar,2,14,24,0,40,0,0,71,3,74,2,14,95,3,114,56,2,58,172
11/23/2007,FRG,NY,AEA,EN,Towers with Radar,3,14,50,0,67,0,3,225,5,233,3,17,275,5,300,265,0,265,565
11/24/2007,FRG,NY,AEA,EN,Towers with Radar,0,23,39,2,64,0,1,290,1,292,0,24,329,3,356,234,0,234,590
11/25/2007,FRG,NY,AEA,EN,Towers with Radar,0,48,116,0,164,0,0,388,1,389,0,48,504,1,553,57,102,159,712
11/26/2007,FRG,NY,AEA,EN,Towers with Radar,1,16,33,1,51,0,0,1,0,1,1,16,34,1,52,12,0,12,64
11/27/2007,FRG,NY,AEA,EN,Towers with Radar,2,37,40,1,80,0,7,126,0,133,2,44,166,1,213,186,0,186,399
11/28/2007,FRG,NY,AEA,EN,Towers with Radar,0,22,41,3,66,0,12,298,0,310,0,34,339,3,376,280,0,280,656
11/29/2007,FRG,NY,AEA,EN,Towers with Radar,0,20,46,0,66,0,8,199,2,209,0,28,245,2,275,262,0,262,537
11/30/2007,FRG,NY,AEA,EN,Towers with Radar,2,16,50,4,72,0,0,258,0,258,2,16,308,4,330,249,0,249,579
12/01/2007,FRG,NY,AEA,EN,Towers with Radar,0,15,48,0,63,0,0,158,0,158,0,15,206,0,221,157,0,157,378
12/02/2007,FRG,NY,AEA,EN,Towers with Radar,1,13,38,0,52,0,0,1,0,1,1,13,39,0,53,11,0,11,64
12/03/2007,FRG,NY,AEA,EN,Towers with Radar,0,21,28,3,52,0,15,35,7,57,0,36,63,10,109,13,0,13,122
12/04/2007,FRG,NY,AEA,EN,Towers with Radar,2,26,51,0,79,0,0,34,0,34,2,26,85,0,113,41,0,41,154
12/05/2007,FRG,NY,AEA,EN,Towers with Radar,0,33,48,2,83,0,10,101,0,111,0,43,149,2,194,163,0,163,357
12/06/2007,FRG,NY,AEA,EN,Towers with Radar,0,26,49,0,75,0,9,266,1,276,0,35,315,1,351,349,0,349,700
12/07/2007,FRG,NY,AEA,EN,Towers with Radar,0,21,59,0,80,0,0,172,2,174,0,21,231,2,254,316,0,316,570
12/08/2007,FRG,NY,AEA,EN,Towers with Radar,0,14,31,0,45,0,2,280,13,295,0,16,311,13,340,371,0,371,711
12/09/2007,FRG,NY,AEA,EN,Towers with Radar,0,45,43,0,88,0,10,104,0,114,0,55,147,0,202,61,264,325,527
12/10/2007,FRG,NY,AEA,EN,Towers with Radar,0,25,19,0,44,0,0,10,0,10,0,25,29,0,54,17,6,23,77
12/11/2007,FRG,NY,AEA,EN,Towers with Radar,2,32,46,0,80,0,2,160,0,162,2,34,206,0,242,353,0,353,595
12/12/2007,FRG,NY,AEA,EN,Towers with Radar,0,17,55,0,72,0,4,145,0,149,0,21,200,0,221,131,0,131,352
12/13/2007,FRG,NY,AEA,EN,Towers with Radar,0,26,28,0,54,0,0,48,0,48,0,26,76,0,102,87,0,87,189
12/14/2007,FRG,NY,AEA,EN,Towers with Radar,2,35,65,0,102,0,2,169,0,171,2,37,234,0,273,252,0,252,525
12/15/2007,FRG,NY,AEA,EN,Towers with Radar,2,18,30,0,50,0,0,217,4,221,2,18,247,4,271,250,0,250,521
12/16/2007,FRG,NY,AEA,EN,Towers with Radar,0,15,17,0,32,0,0,2,0,2,0,15,19,0,34,18,0,18,52
12/17/2007,FRG,NY,AEA,EN,Towers with Radar,2,17,32,1,52,0,5,75,0,80,2,22,107,1,132,33,0,33,165
12/18/2007,FRG,NY,AEA,EN,Towers with Radar,2,25,25,1,53,0,1,280,0,281,2,26,305,1,334,300,0,300,634
12/19/2007,FRG,NY,AEA,EN,Towers with Radar,1,22,52,0,75,0,0,205,1,206,1,22,257,1,281,213,0,213,494
12/20/2007,FRG,NY,AEA,EN,Towers with Radar,2,22,73,0,97,0,5,306,0,311,2,27,379,0,408,301,0,301,709
12/21/2007,FRG,NY,AEA,EN,Towers with Radar,2,38,65,0,105,0,1,133,0,134,2,39,198,0,239,273,0,273,512
12/22/2007,FRG,NY,AEA,EN,Towers with Radar,2,31,80,0,113,0,2,67,2,71,2,33,147,2,184,248,0,248,432
12/23/2007,FRG,NY,AEA,EN,Towers with Radar,0,19,41,0,60,0,0,8,0,8,0,19,49,0,68,9,2,11,79
12/24/2007,FRG,NY,AEA,EN,Towers with Radar,0,29,13,0,42,0,7,107,0,114,0,36,120,0,156,94,0,94,250
12/25/2007,FRG,NY,AEA,EN,Towers with Radar,1,23,27,0,51,0,1,116,0,117,1,24,143,0,168,24,0,24,192
12/26/2007,FRG,NY,AEA,EN,Towers with Radar,4,42,90,0,136,0,7,170,0,177,4,49,260,0,313,134,0,134,447
12/27/2007,FRG,NY,AEA,EN,Towers with Radar,0,28,53,0,81,0,0,21,0,21,0,28,74,0,102,39,0,39,141
12/28/2007,FRG,NY,AEA,EN,Towers with Radar,1,26,30,0,57,0,5,264,0,269,1,31,294,0,326,320,0,320,646
12/29/2007,FRG,NY,AEA,EN,Towers with Radar,1,18,40,0,59,0,1,144,2,147,1,19,184,2,206,194,0,194,400
12/30/2007,FRG,NY,AEA,EN,Towers with Radar,1,18,32,0,51,0,0,233,3,236,1,18,265,3,287,227,0,227,514
12/31/2007,FRG,NY,AEA,EN,Towers with Radar,0,17,27,0,44,0,2,99,0,101,0,19,126,0,145,73,0,73,218
01/01/2008,FRG,NY,AEA,EN,Towers with Radar,0,56,44,0,100,0,0,14,0,14,0,56,58,0,114,17,0,17,131
01/02/2008,FRG,NY,AEA,EN,Towers with Radar,0,33,52,0,85,0,8,105,0,113,0,41,157,0,198,119,0,119,317
01/03/2008,FRG,NY,AEA,EN,Towers with Radar,1,27,48,0,76,0,7,150,4,161,1,34,198,4,237,67,0,67,304
01/04/2008,FRG,NY,AEA,EN,Towers with Radar,7,22,40,0,69,0,0,208,1,209,7,22,248,1,278,156,1,157,435
01/05/2008,FRG,NY,AEA,EN,Towers with Radar,0,27,33,0,60,0,0,319,1,320,0,27,352,1,380,404,0,404,784
01/06/2008,FRG,NY,AEA,EN,Towers with Radar,0,20,51,0,71,0,0,238,3,241,0,20,289,3,312,365,0,365,677
01/07/2008,FRG,NY,AEA,EN,Towers with Radar,0,23,43,5,71,0,11,202,1,214,0,34,245,6,285,311,2,313,598
01/08/2008,FRG,NY,AEA,EN,Towers with Radar,0,17,23,0,40,0,4,243,0,247,0,21,266,0,287,241,0,241,528
01/09/2008,FRG,NY,AEA,EN,Towers with Radar,2,20,39,0,61,0,4,75,0,79,2,24,114,0,140,43,0,43,183
01/10/2008,FRG,NY,AEA,EN,Towers with Radar,0,20,35,1,56,0,15,297,0,312,0,35,332,1,368,327,0,327,695
01/11/2008,FRG,NY,AEA,EN,Towers with Radar,7,15,30,0,52,0,1,14,0,15,7,16,44,0,67,24,0,24,91
01/12/2008,FRG,NY,AEA,EN,Towers with Radar,0,12,24,0,36,0,0,327,3,330,0,12,351,3,366,335,0,335,701
01/13/2008,FRG,NY,AEA,EN,Towers with Radar,0,22,26,0,48,0,0,270,1,271,0,22,296,1,319,58,234,292,611
01/14/2008,FRG,NY,AEA,EN,Towers with Radar,3,15,26,0,44,0,1,37,0,38,3,16,63,0,82,35,0,35,117
01/15/2008,FRG,NY,AEA,EN,Towers with Radar,1,12,32,0,45,0,0,146,0,146,1,12,178,0,191,198,0,198,389
01/16/2008,FRG,NY,AEA,EN,Towers with Radar,1,20,51,0,72,0,2,329,0,331,1,22,380,0,403,266,0,266,669
01/17/2008,FRG,NY,AEA,EN,Towers with Radar,9,23,44,0,76,0,5,188,0,193,9,28,232,0,269,408,0,408,677
01/18/2008,FRG,NY,AEA,EN,Towers with Radar,0,25,58,2,85,0,0,131,0,131,0,25,189,2,216,93,0,93,309
01/19/2008,FRG,NY,AEA,EN,Towers with Radar,0,8,36,0,44,0,1,209,0,210,0,9,245,0,254,349,0,349,603
01/20/2008,FRG,NY,AEA,EN,Towers with Radar,2,13,33,1,49,0,4,115,0,119,2,17,148,1,168,67,0,67,235
01/21/2008,FRG,NY,AEA,EN,Towers with Radar,2,25,39,0,66,0,1,173,0,174,2,26,212,0,240,25,112,137,377
01/22/2008,FRG,NY,AEA,EN,Towers with Radar,0,23,25,0,48,0,16,97,0,113,0,39,122,0,161,79,0,79,240
01/23/2008,FRG,NY,AEA,EN,Towers with Radar,0,34,41,1,76,0,2,293,1,296,0,36,334,2,372,258,0,258,630
01/24/2008,FRG,NY,AEA,EN,Towers with Radar,0,26,45,0,71,0,8,157,0,165,0,34,202,0,236,151,0,151,387
01/25/2008,FRG,NY,AEA,EN,Towers with Radar,12,13,72,0,97,0,0,196,0,196,12,13,268,0,293,282,0,282,575
01/26/2008,FRG,NY,AEA,EN,Towers with Radar,0,16,22,0,38,0,0,257,4,261,0,16,279,4,299,256,1,257,556
01/27/2008,FRG,NY,AEA,EN,Towers with Radar,0,41,36,0,77,0,15,134,2,151,0,56,170,2,228,50,246,296,524
01/28/2008,FRG,NY,AEA,EN,Towers with Radar,1,28,26,0,55,0,17,172,0,189,1,45,198,0,244,170,0,170,414
01/29/2008,FRG,NY,AEA,EN,Towers with Radar,1,7,28,0,36,0,5,194,0,199,1,12,222,0,235,246,0,246,481
01/30/2008,FRG,NY,AEA,EN,Towers with Radar,0,21,32,0,53,0,4,73,0,77,0,25,105,0,130,32,0,32,162
01/31/2008,FRG,NY,AEA,EN,Towers with Radar,0,27,56,0,83,0,1,359,2,362,0,28,415,2,445,360,0,360,805
02/01/2008,FRG,NY,AEA,EN,Towers with Radar,2,13,37,0,52,0,0,18,0,18,2,13,55,0,70,13,0,13,83
02/02/2008,FRG,NY,AEA,EN,Towers with Radar,3,16,30,0,49,0,1,274,0,275,3,17,304,0,324,207,0,207,531
02/03/2008,FRG,NY,AEA,EN,Towers with Radar,0,20,34,0,54,0,0,308,0,308,0,20,342,0,362,297,0,297,659
02/04/2008,FRG,NY,AEA,EN,Towers with Radar,0,25,38,0,63,0,1,71,0,72,0,26,109,0,135,64,0,64,199
02/05/2008,FRG,NY,AEA,EN,Towers with Radar,0,20,38,0,58,0,2,48,0,50,0,22,86,0,108,67,0,67,175
02/06/2008,FRG,NY,AEA,EN,Towers with Radar,4,19,29,0,52,0,2,87,0,89,4,21,116,0,141,149,0,149,290
02/07/2008,FRG,NY,AEA,EN,Towers with Radar,0,17,53,0,70,0,5,207,0,212,0,22,260,0,282,259,0,259,541
02/08/2008,FRG,NY,AEA,EN,Towers with Radar,5,25,62,0,92,0,1,141,0,142,5,26,203,0,234,96,0,96,330
02/09/2008,FRG,NY,AEA,EN,Towers with Radar,0,12,26,1,39,0,3,101,1,105,0,15,127,2,144,258,0,258,402
02/10/2008,FRG,NY,AEA,EN,Towers with Radar,2,18,31,0,51,0,3,48,0,51,2,21,79,0,102,25,56,81,183
02/11/2008,FRG,NY,AEA,EN,Towers with Radar,0,21,25,0,46,0,6,96,3,105,0,27,121,3,151,72,0,72,223
02/12/2008,FRG,NY,AEA,EN,Towers with Radar,0,17,29,0,46,0,0,102,0,102,0,17,131,0,148,140,0,140,288
02/13/2008,FRG,NY,AEA,EN,Towers with Radar,1,33,40,2,76,0,0,20,0,20,1,33,60,2,96,6,0,6,102
02/14/2008,FRG,NY,AEA,EN,Towers with Radar,2,24,64,0,90,0,9,277,0,286,2,33,341,0,376,182,0,182,558
02/15/2008,FRG,NY,AEA,EN,Towers with Radar,1,33,109,0,143,0,11,250,1,262,1,44,359,1,405,160,0,160,565
02/16/2008,FRG,NY,AEA,EN,Towers with Radar,1,37,50,0,88,0,0,344,0,344,1,37,394,0,432,216,0,216,648
02/17/2008,FRG,NY,AEA,EN,Towers with Radar,1,35,30,0,66,0,2,232,4,238,1,37,262,4,304,335,0,335,639
02/18/2008,FRG,NY,AEA,EN,Towers with Radar,1,34,21,1,57,0,1,3,0,4,1,35,24,1,61,6,0,6,67
02/19/2008,FRG,NY,AEA,EN,Towers with Radar,0,28,37,0,65,0,1,103,0,104,0,29,140,0,169,103,0,103,272
02/20/2008,FRG,NY,AEA,EN,Towers with Radar,5,27,39,0,71,0,15,189,2,206,5,42,228,2,277,266,0,266,543
02/21/2008,FRG,NY,AEA,EN,Towers with Radar,2,19,48,1,70,0,25,267,2,294,2,44,315,3,364,369,0,369,733
02/22/2008,FRG,NY,AEA,EN,Towers with Radar,1,13,18,0,32,0,0,3,0,3,1,13,21,0,35,11,0,11,46
02/23/2008,FRG,NY,AEA,EN,Towers with Radar,0,48,67,0,115,0,0,38,0,38,0,48,105,0,153,52,0,52,205
02/24/2008,FRG,NY,AEA,EN,Towers with Radar,2,70,46,0,118,0,3,302,2,307,2,73,348,2,425,239,0,239,664
02/25/2008,FRG,NY,AEA,EN,Towers with Radar,7,14,25,0,46,0,6,267,0,273,7,20,292,0,319,383,0,383,702
02/26/2008,FRG,NY,AEA,EN,Towers with Radar,0,32,19,0,51,2,3,62,0,67,2,35,81,0,118,119,0,119,237
02/27/2008,FRG,NY,AEA,EN,Towers with Radar,3,30,48,0,81,0,15,144,1,160,3,45,192,1,241,198,0,198,439
02/28/2008,FRG,NY,AEA,EN,Towers with Radar,4,23,47,0,74,0,12,238,0,250,4,35,285,0,324,280,1,281,605
02/29/2008,FRG,NY,AEA,EN,Towers with Radar,0,22,55,0,77,0,0,244,2,246,0,22,299,2,323,234,0,234,557
03/01/2008,FRG,NY,AEA,EN,Towers with Radar,4,13,23,0,40,0,4,88,0,92,4,17,111,0,132,127,0,127,259
03/02/2008,FRG,NY,AEA,EN,Towers with Radar,1,22,62,1,86,0,16,321,0,337,1,38,383,1,423,207,0,207,630
03/03/2008,FRG,NY,AEA,EN,Towers with Radar,0,18,39,0,57,0,0,195,0,195,0,18,234,0,252,166,0,166,418
03/04/2008,FRG,NY,AEA,EN,Towers with Radar,3,24,45,0,72,2,0,90,0,92,5,24,135,0,164,142,0,142,306
03/05/2008,FRG,NY,AEA,EN,Towers with Radar,0,25,48,0,73,0,7,70,2,79,0,32,118,2,152,22,0,22,174
03/06/2008,FRG,NY,AEA,EN,Towers with Radar,0,17,51,0,68,0,6,281,0,287,0,23,332,0,355,352,0,352,707
03/07/2008,FRG,NY,AEA,EN,Towers with Radar,0,23,65,0,88,0,5,138,2,145,0,28,203,2,233,308,0,308,541
03/08/2008,FRG,NY,AEA,EN,Towers with Radar,0,16,20,0,36,0,1,0,0,1,0,17,20,0,37,5,0,5,42
03/09/2008,FRG,NY,AEA,EN,Towers with Radar,2,25,56,0,83,0,0,62,1,63,2,25,118,1,146,31,14,45,191
03/10/2008,FRG,NY,AEA,EN,Towers with Radar,0,20,26,0,46,0,2,164,0,166,0,22,190,0,212,407,0,407,619
03/11/2008,FRG,NY,AEA,EN,Towers with Radar,2,33,26,0,61,0,9,229,1,239,2,42,255,1,300,303,0,303,603
03/12/2008,FRG,NY,AEA,EN,Towers with Radar,0,31,46,0,77,0,6,198,0,204,0,37,244,0,281,214,0,214,495
03/13/2008,FRG,NY,AEA,EN,Towers with Radar,0,28,50,0,78,0,0,270,0,270,0,28,320,0,348,398,0,398,746
03/14/2008,FRG,NY,AEA,EN,Towers with Radar,2,20,76,0,98,0,0,122,1,123,2,20,198,1,221,132,0,132,353
03/15/2008,FRG,NY,AEA,EN,Towers with Radar,0,11,47,0,58,0,2,138,1,141,0,13,185,1,199,224,0,224,423
03/16/2008,FRG,NY,AEA,EN,Towers with Radar,0,21,54,0,75,0,1,54,0,55,0,22,108,0,130,168,0,168,298
03/17/2008,FRG,NY,AEA,EN,Towers with Radar,2,15,16,0,33,0,3,185,1,189,2,18,201,1,222,181,0,181,403
03/18/2008,FRG,NY,AEA,EN,Towers with Radar,2,34,34,0,70,0,10,209,0,219,2,44,243,0,289,232,0,232,521
03/19/2008,FRG,NY,AEA,EN,Towers with Radar,6,23,61,0,90,0,0,8,0,8,6,23,69,0,98,24,0,24,122
03/20/2008,FRG,NY,AEA,EN,Towers with Radar,0,49,50,0,99,0,0,63,0,63,0,49,113,0,162,74,0,74,236
03/21/2008,FRG,NY,AEA,EN,Towers with Radar,0,25,28,0,53,0,0,78,0,78,0,25,106,0,131,28,0,28,159
03/22/2008,FRG,NY,AEA,EN,Towers with Radar,2,17,30,0,49,0,1,275,3,279,2,18,305,3,328,327,0,327,655
03/23/2008,FRG,NY,AEA,EN,Towers with Radar,2,21,47,0,70,0,0,279,0,279,2,21,326,0,349,53,205,258,607
03/24/2008,FRG,NY,AEA,EN,Towers with Radar,0,27,34,0,61,0,4,175,0,179,0,31,209,0,240,376,0,376,616
03/25/2008,FRG,NY,AEA,EN,Towers with Radar,0,28,48,0,76,0,1,228,14,243,0,29,276,14,319,403,0,403,722
03/26/2008,FRG,NY,AEA,EN,Towers with Radar,2,35,37,2,76,0,7,201,0,208,2,42,238,2,284,220,0,220,504
03/27/2008,FRG,NY,AEA,EN,Towers with Radar,0,24,43,0,67,0,12,98,1,111,0,36,141,1,178,345,0,345,523
03/28/2008,FRG,NY,AEA,EN,Towers with Radar,0,35,43,2,80,0,0,70,0,70,0,35,113,2,150,128,0,128,278
03/29/2008,FRG,NY,AEA,EN,Towers with Radar,0,10,45,0,55,0,0,236,0,236,0,10,281,0,291,152,0,152,443
03/30/2008,FRG,NY,AEA,EN,Towers with Radar,0,51,46,0,97,0,4,355,2,361,0,55,401,2,458,305,0,305,763
03/31/2008,FRG,NY,AEA,EN,Towers with Radar,0,17,48,0,65,0,0,42,0,42,0,17,90,0,107,124,0,124,231
04/01/2008,FRG,NY,AEA,EN,Towers with Radar,2,14,43,0,59,0,2,18,0,20,2,16,61,0,79,33,0,33,112
04/02/2008,FRG,NY,AEA,EN,Towers with Radar,2,24,29,1,56,0,1,232,2,235,2,25,261,3,291,194,0,194,485
04/03/2008,FRG,NY,AEA,EN,Towers with Radar,2,45,26,1,74,0,6,381,0,387,2,51,407,1,461,385,0,385,846
04/04/2008,FRG,NY,AEA,EN,Towers with Radar,0,25,54,1,80,0,0,29,0,29,0,25,83,1,109,19,0,19,128
04/05/2008,FRG,NY,AEA,EN,Towers with Radar,0,12,47,0,59,0,1,156,0,157,0,13,203,0,216,366,0,366,582
04/06/2008,FRG,NY,AEA,EN,Towers with Radar,2,39,68,0,109,0,3,89,1,93,2,42,157,1,202,240,0,240,442
04/07/2008,FRG,NY,AEA,EN,Towers with Radar,0,21,59,0,80,0,3,121,1,125,0,24,180,1,205,353,0,353,558
04/08/2008,FRG,NY,AEA,EN,Towers with Radar,0,20,32,0,52,0,5,272,0,277,0,25,304,0,329,326,0,326,655
04/09/2008,FRG,NY,AEA,EN,Towers with Radar,2,21,67,0,90,0,1,191,2,194,2,22,258,2,284,316,0,316,600
04/10/2008,FRG,NY,AEA,EN,Towers with Radar,4,37,51,0,92,4,0,300,0,304,8,37,351,0,396,443,0,443,839
04/11/2008,FRG,NY,AEA,EN,Towers with Radar,0,27,68,0,95,0,0,80,0,80,0,27,148,0,175,218,0,218,393
04/12/2008,FRG,NY,AEA,EN,Towers with Radar,0,13,42,0,55,0,0,61,0,61,0,13,103,0,116,132,0,132,248
04/13/2008,FRG,NY,AEA,EN,Towers with Radar,0,30,37,0,67,0,0,233,3,236,0,30,270,3,303,169,0,169,472
04/14/2008,FRG,NY,AEA,EN,Towers with Radar,0,27,27,0,54,0,4,217,0,221,0,31,244,0,275,307,0,307,582
04/15/2008,FRG,NY,AEA,EN,Towers with Radar,0,11,24,2,37,0,9,262,0,271,0,20,286,2,308,273,0,273,581
04/16/2008,FRG,NY,AEA,EN,Towers with Radar,2,17,47,1,67,0,2,332,3,337,2,19,379,4,404,316,0,316,720
04/17/2008,FRG,NY,AEA,EN,Towers with Radar,0,31,48,0,79,0,0,338,0,338,0,31,386,0,417,334,1,335,752
04/18/2008,FRG,NY,AEA,EN,Towers with Radar,0,34,75,0,109,0,0,295,1,296,0,34,370,1,405,428,0,428,833
04/19/2008,FRG,NY,AEA,EN,Towers with Radar,0,22,46,1,69,0,0,326,2,328,0,22,372,3,397,288,0,288,685
04/20/2008,FRG,NY,AEA,EN,Towers with Radar,0,35,72,0,107,0,7,93,0,100,0,42,165,0,207,28,86,114,321
04/21/2008,FRG,NY,AEA,EN,Towers with Radar,0,25,47,0,72,0,7,127,0,134,0,32,174,0,206,105,0,105,311
04/22/2008,FRG,NY,AEA,EN,Towers with Radar,0,22,45,0,67,0,6,201,0,207,0,28,246,0,274,215,0,215,489
04/23/2008,FRG,NY,AEA,EN,Towers with Radar,0,20,49,0,69,0,0,290,4,294,0,20,339,4,363,295,0,295,658
04/24/2008,FRG,NY,AEA,EN,Towers with Radar,0,30,45,0,75,0,7,325,1,333,0,37,370,1,408,338,0,338,746
04/25/2008,FRG,NY,AEA,EN,Towers with Radar,0,27,51,0,78,0,0,307,2,309,0,27,358,2,387,393,0,393,780
04/26/2008,FRG,NY,AEA,EN,Towers with Radar,1,25,77,2,105,0,2,205,0,207,1,27,282,2,312,76,174,250,562
04/27/2008,FRG,NY,AEA,EN,Towers with Radar,0,59,64,0,123,0,17,78,0,95,0,76,142,0,218,119,0,119,337
04/28/2008,FRG,NY,AEA,EN,Towers with Radar,0,18,28,0,46,0,0,0,0,0,0,18,28,0,46,4,0,4,50
04/29/2008,FRG,NY,AEA,EN,Towers with Radar,0,25,52,0,77,0,3,74,0,77,0,28,126,0,154,133,0,133,287
04/30/2008,FRG,NY,AEA,EN,Towers with Radar,3,36,48,1,88,0,4,317,6,327,3,40,365,7,415,322,0,322,737
05/01/2008,FRG,NY,AEA,EN,Towers with Radar,0,37,40,3,80,0,4,227,0,231,0,41,267,3,311,325,0,325,636
05/02/2008,FRG,NY,AEA,EN,Towers with Radar,0,32,73,6,111,0,0,37,0,37,0,32,110,6,148,17,4,21,169
05/03/2008,FRG,NY,AEA,EN,Towers with Radar,0,13,49,0,62,0,1,49,0,50,0,14,98,0,112,166,0,166,278
05/04/2008,FRG,NY,AEA,EN,Towers with Radar,6,24,61,6,97,0,0,120,1,121,6,24,181,7,218,31,50,81,299
05/05/2008,FRG,NY,AEA,EN,Towers with Radar,0,17,27,0,44,0,4,238,0,242,0,21,265,0,286,317,0,317,603
05/06/2008,FRG,NY,AEA,EN,Towers with Radar,2,33,50,0,85,0,9,273,0,282,2,42,323,0,367,314,0,314,681
05/07/2008,FRG,NY,AEA,EN,Towers with Radar,0,19,39,0,58,0,8,313,2,323,0,27,352,2,381,283,0,283,664
05/08/2008,FRG,NY,AEA,EN,Towers with Radar,5,23,67,0,95,0,27,123,0,150,5,50,190,0,245,201,0,201,446
05/09/2008,FRG,NY,AEA,EN,Towers with Radar,0,21,52,0,73,0,0,33,0,33,0,21,85,0,106,17,0,17,123
05/10/2008,FRG,NY,AEA,EN,Towers with Radar,0,12,45,0,57,0,1,307,0,308,0,13,352,0,365,403,0,403,768
05/11/2008,FRG,NY,AEA,EN,Towers with Radar,0,21,53,0,74,0,1,269,0,270,0,22,322,0,344,59,224,283,627
05/12/2008,FRG,NY,AEA,EN,Towers with Radar,0,17,18,0,35,0,1,33,0,34,0,18,51,0,69,6,0,6,75
05/13/2008,FRG,NY,AEA,EN,Towers with Radar,0,23,36,0,59,0,0,236,0,236,0,23,272,0,295,158,0,158,453
05/14/2008,FRG,NY,AEA,EN,Towers with Radar,0,23,45,0,68,0,16,357,0,373,0,39,402,0,441,288,0,288,729
05/15/2008,FRG,NY,AEA,EN,Towers with Radar,0,21,63,0,84,0,0,227,0,227,0,21,290,0,311,67,184,251,562
05/16/2008,FRG,NY,AEA,EN,Towers with Radar,0,26,60,0,86,0,1,33,0,34,0,27,93,0,120,32,0,32,152
05/17/2008,FRG,NY,AEA,EN,Towers with Radar,0,19,27,0,46,0,0,299,2,301,0,19,326,2,347,252,0,252,599
05/18/2008,FRG,NY,AEA,EN,Towers with Radar,0,37,66,0,103,0,6,218,0,224,0,43,284,0,327,58,202,260,587
05/19/2008,FRG,NY,AEA,EN,Towers with Radar,0,15,25,2,42,0,13,107,0,120,0,28,132,2,162,66,0,66,228
05/20/2008,FRG,NY,AEA,EN,Towers with Radar,0,32,47,2,81,0,0,118,1,119,0,32,165,3,200,229,0,229,429
05/21/2008,FRG,NY,AEA,EN,Towers with Radar,0,14,56,1,71,0,4,260,0,264,0,18,316,1,335,313,0,313,648
05/22/2008,FRG,NY,AEA,EN,Towers with Radar,0,19,61,18,98,0,20,192,32,244,0,39,253,50,342,185,8,193,535
05/23/2008,FRG,NY,AEA,EN,Towers with Radar,1,26,63,15,105,0,1,293,19,313,1,27,356,34,418,46,70,116,534
05/24/2008,FRG,NY,AEA,EN,Towers with Radar,0,7,34,6,47,0,0,321,19,340,0,7,355,25,387,125,10,135,522
05/25/2008,FRG,NY,AEA,EN,Towers with Radar,0,19,43,12,74,0,10,365,13,388,0,29,408,25,462,96,7,103,565
05/26/2008,FRG,NY,AEA,EN,Towers with Radar,0,26,52,1,79,0,8,265,0,273,0,34,317,1,352,143,0,143,495
05/27/2008,FRG,NY,AEA,EN,Towers with Radar,0,36,26,1,63,0,2,94,0,96,0,38,120,1,159,99,0,99,258
05/28/2008,FRG,NY,AEA,EN,Towers with Radar,4,17,45,1,67,1,10,261,0,272,5,27,306,1,339,324,0,324,663
05/29/2008,FRG,NY,AEA,EN,Towers with Radar,9,13,46,0,68,0,3,365,0,368,9,16,411,0,436,89,332,421,857
05/30/2008,FRG,NY,AEA,EN,Towers with Radar,2,21,53,0,76,0,0,348,1,349,2,21,401,1,425,369,0,369,794
05/31/2008,FRG,NY,AEA,EN,Towers with Radar,3,2,31,0,36,0,0,11,0,11,3,2,42,0,47,37,0,37,84
06/01/2008,FRG,NY,AEA,EN,Towers with Radar,8,40,33,0,81,0,8,280,0,288,8,48,313,0,369,191,0,191,560
06/02/2008,FRG,NY,AEA,EN,Towers with Radar,0,20,22,0,42,0,9,235,0,244,0,29,257,0,286,319,0,319,605
06/03/2008,FRG,NY,AEA,EN,Towers with Radar,0,28,40,0,68,0,5,267,4,276,0,33,307,4,344,174,0,174,518
06/04/2008,FRG,NY,AEA,EN,Towers with Radar,2,24,38,0,64,0,1,49,0,50,2,25,87,0,114,24,0,24,138
06/05/2008,FRG,NY,AEA,EN,Towers with Radar,0,32,61,0,93,0,0,131,2,133,0,32,192,2,226,314,0,314,540
06/06/2008,FRG,NY,AEA,EN,Towers with Radar,0,35,88,2,125,0,2,66,0,68,0,37,154,2,193,48,0,48,241
06/07/2008,FRG,NY,AEA,EN,Towers with Radar,0,20,67,0,87,0,0,190,0,190,0,20,257,0,277,233,0,233,510
06/08/2008,FRG,NY,AEA,EN,Towers with Radar,0,34,41,0,75,0,18,241,0,259,0,52,282,0,334,181,0,181,515
06/09/2008,FRG,NY,AEA,EN,Towers with Radar,2,15,34,0,51,0,3,250,1,254,2,18,284,1,305,228,0,228,533
06/10/2008,FRG,NY,AEA,EN,Towers with Radar,0,18,36,0,54,2,1,209,0,212,2,19,245,0,266,238,0,238,504
06/11/2008,FRG,NY,AEA,EN,Towers with Radar,0,31,43,0,74,0,11,263,0,274,0,42,306,0,348,186,0,186,534
06/12/2008,FRG,NY,AEA,EN,Towers with Radar,0,15,48,1,64,0,0,319,0,319,0,15,367,1,383,366,0,366,749
06/13/2008,FRG,NY,AEA,EN,Towers with Radar,0,24,36,2,62,0,2,343,0,345,0,26,379,2,407,347,0,347,754
06/14/2008,FRG,NY,AEA,EN,Towers with Radar,0,4,41,0,45,0,0,206,1,207,0,4,247,1,252,237,0,237,489
06/15/2008,FRG,NY,AEA,EN,Towers with Radar,2,18,80,2,102,0,0,96,0,96,2,18,176,2,198,130,0,130,328
06/16/2008,FRG,NY,AEA,EN,Towers with Radar,12,21,53,0,86,4,2,28,0,34,16,23,81,0,120,64,0,64,184
06/17/2008,FRG,NY,AEA,EN,Towers with Radar,0,31,43,0,74,0,2,218,0,220,0,33,261,0,294,293,0,293,587
06/18/2008,FRG,NY,AEA,EN,Towers with Radar,0,27,62,0,89,0,4,250,1,255,0,31,312,1,344,270,0,270,614
06/19/2008,FRG,NY,AEA,EN,Towers with Radar,0,9,59,0,68,0,6,235,1,242,0,15,294,1,310,200,0,200,510
06/20/2008,FRG,NY,AEA,EN,Towers with Radar,1,15,54,0,70,0,0,268,0,268,1,15,322,0,338,293,0,293,631
06/21/2008,FRG,NY,AEA,EN,Towers with Radar,1,11,30,0,42,0,0,291,0,291,1,11,321,0,333,323,0,323,656
06/22/2008,FRG,NY,AEA,EN,Towers with Radar,0,14,59,0,73,0,1,88,0,89,0,15,147,0,162,156,0,156,318
06/23/2008,FRG,NY,AEA,EN,Towers with Radar,1,28,50,0,79,0,3,13,0,16,1,31,63,0,95,32,0,32,127
06/24/2008,FRG,NY,AEA,EN,Towers with Radar,0,37,37,0,74,0,12,177,0,189,0,49,214,0,263,173,0,173,436
06/25/2008,FRG,NY,AEA,EN,Towers with Radar,0,23,52,0,75,0,4,429,31,464,0,27,481,31,539,226,40,266,805
06/26/2008,FRG,NY,AEA,EN,Towers with Radar,0,22,45,0,67,0,0,159,1,160,0,22,204,1,227,160,0,160,387
06/27/2008,FRG,NY,AEA,EN,Towers with Radar,0,23,64,0,87,0,2,214,7,223,0,25,278,7,310,82,138,220,530
06/28/2008,FRG,NY,AEA,EN,Towers with Radar,0,10,42,0,52,0,2,216,0,218,0,12,258,0,270,347,0,347,617
06/29/2008,FRG,NY,AEA,EN,Towers with Radar,3,28,55,0,86,0,0,145,3,148,3,28,200,3,234,143,0,143,377
06/30/2008,FRG,NY,AEA,EN,Towers with Radar,1,17,23,1,42,0,9,222,0,231,1,26,245,1,273,268,0,268,541
07/01/2008,FRG,NY,AEA,EN,Towers with Radar,0,18,49,0,67,0,0,166,0,166,0,18,215,0,233,249,0,249,482
07/02/2008,FRG,NY,AEA,EN,Towers with Radar,0,34,49,0,83,0,10,351,0,361,0,44,400,0,444,290,0,290,734
07/03/2008,FRG,NY,AEA,EN,Towers with Radar,0,24,21,0,45,0,7,266,0,273,0,31,287,0,318,262,0,262,580
07/04/2008,FRG,NY,AEA,EN,Towers with Radar,0,9,44,0,53,0,4,97,0,101,0,13,141,0,154,190,0,190,344
07/05/2008,FRG,NY,AEA,EN,Towers with Radar,0,7,60,0,67,0,0,41,2,43,0,7,101,2,110,115,0,115,225
07/06/2008,FRG,NY,AEA,EN,Towers with Radar,0,31,86,0,117,0,0,32,0,32,0,31,118,0,149,49,0,49,198
07/07/2008,FRG,NY,AEA,EN,Towers with Radar,0,21,78,0,99,0,0,45,0,45,0,21,123,0,144,125,0,125,269
07/08/2008,FRG,NY,AEA,EN,Towers with Radar,2,18,37,0,57,0,11,208,0,219,2,29,245,0,276,289,0,289,565
07/09/2008,FRG,NY,AEA,EN,Towers with Radar,0,20,65,0,85,0,4,198,0,202,0,24,263,0,287,270,0,270,557
07/10/2008,FRG,NY,AEA,EN,Towers with Radar,0,30,39,1,70,0,13,342,1,356,0,43,381,2,426,288,0,288,714
07/11/2008,FRG,NY,AEA,EN,Towers with Radar,0,21,46,0,67,0,1,362,4,367,0,22,408,4,434,293,0,293,727
07/12/2008,FRG,NY,AEA,EN,Towers with Radar,0,10,37,0,47,0,0,308,0,308,0,10,345,0,355,274,0,274,629
07/13/2008,FRG,NY,AEA,EN,Towers with Radar,0,33,48,0,81,0,2,253,2,257,0,35,301,2,338,173,0,173,511
07/14/2008,FRG,NY,AEA,EN,Towers with Radar,0,25,45,0,70,0,0,139,0,139,0,25,184,0,209,154,0,154,363
07/15/2008,FRG,NY,AEA,EN,Towers with Radar,0,28,39,0,67,0,5,237,0,242,0,33,276,0,309,282,0,282,591
07/16/2008,FRG,NY,AEA,EN,Towers with Radar,0,21,32,0,53,0,7,229,0,236,0,28,261,0,289,173,0,173,462
07/17/2008,FRG,NY,AEA,EN,Towers with Radar,1,48,39,0,88,0,12,309,0,321,1,60,348,0,409,385,0,385,794
07/18/2008,FRG,NY,AEA,EN,Towers with Radar,2,23,43,0,68,0,16,288,0,304,2,39,331,0,372,328,0,328,700
07/19/2008,FRG,NY,AEA,EN,Towers with Radar,0,13,49,0,62,0,2,227,0,229,0,15,276,0,291,160,0,160,451
07/20/2008,FRG,NY,AEA,EN,Towers with Radar,0,27,51,0,78,0,5,191,0,196,0,32,242,0,274,140,0,140,414
07/21/2008,FRG,NY,AEA,EN,Towers with Radar,0,18,32,0,50,0,9,160,0,169,0,27,192,0,219,194,0,194,413
07/22/2008,FRG,NY,AEA,EN,Towers with Radar,0,21,88,0,109,0,0,120,1,121,0,21,208,1,230,188,0,188,418
07/23/2008,FRG,NY,AEA,EN,Towers with Radar,0,20,45,0,65,0,0,23,0,23,0,20,68,0,88,6,0,6,94
07/24/2008,FRG,NY,AEA,EN,Towers with Radar,0,24,64,0,88,0,0,106,0,106,0,24,170,0,194,277,0,277,471
07/25/2008,FRG,NY,AEA,EN,Towers with Radar,0,25,54,1,80,0,1,441,3,445,0,26,495,4,525,251,0,251,776
07/26/2008,FRG,NY,AEA,EN,Towers with Radar,2,22,40,0,64,0,5,281,2,288,2,27,321,2,352,232,0,232,584
07/27/2008,FRG,NY,AEA,EN,Towers with Radar,0,27,58,0,85,0,1,56,0,57,0,28,114,0,142,33,0,33,175
07/28/2008,FRG,NY,AEA,EN,Towers with Radar,2,17,62,0,81,0,7,105,0,112,2,24,167,0,193,341,0,341,534
07/29/2008,FRG,NY,AEA,EN,Towers with Radar,7,23,39,0,69,0,22,234,0,256,7,45,273,0,325,277,0,277,602
07/30/2008,FRG,NY,AEA,EN,Towers with Radar,0,30,50,0,80,0,2,198,0,200,0,32,248,0,280,219,0,219,499
07/31/2008,FRG,NY,AEA,EN,Towers with Radar,2,27,71,0,100,0,4,167,0,171,2,31,238,0,271,180,0,180,451
08/01/2008,FRG,NY,AEA,EN,Towers with Radar,0,17,59,3,79,0,2,308,2,312,0,19,367,5,391,321,0,321,712
08/02/2008,FRG,NY,AEA,EN,Towers with Radar,0,18,38,1,57,0,1,76,0,77,0,19,114,1,134,189,0,189,323
08/03/2008,FRG,NY,AEA,EN,Towers with Radar,0,20,53,1,74,0,1,308,2,311,0,21,361,3,385,194,0,194,579
08/04/2008,FRG,NY,AEA,EN,Towers with Radar,0,24,50,1,75,0,0,209,0,209,0,24,259,1,284,260,0,260,544
08/05/2008,FRG,NY,AEA,EN,Towers with Radar,0,20,42,0,62,0,1,188,0,189,0,21,230,0,251,261,0,261,512
08/06/2008,FRG,NY,AEA,EN,Towers with Radar,0,19,54,0,73,0,1,112,1,114,0,20,166,1,187,256,0,256,443
08/07/2008,FRG,NY,AEA,EN,Towers with Radar,0,30,49,0,79,0,3,113,0,116,0,33,162,0,195,166,0,166,361
08/08/2008,FRG,NY,AEA,EN,Towers with Radar,0,25,53,0,78,0,0,160,0,160,0,25,213,0,238,252,0,252,490
08/09/2008,FRG,NY,AEA,EN,Towers with Radar,0,17,41,0,58,0,0,276,0,276,0,17,317,0,334,149,0,149,483
08/10/2008,FRG,NY,AEA,EN,Towers with Radar,0,25,33,0,58,0,1,173,0,174,0,26,206,0,232,184,0,184,416
08/11/2008,FRG,NY,AEA,EN,Towers with Radar,0,35,37,0,72,0,6,71,0,77,0,41,108,0,149,180,0,180,329
08/12/2008,FRG,NY,AEA,EN,Towers with Radar,0,28,45,0,73,0,5,192,0,197,0,33,237,0,270,297,0,297,567
08/13/2008,FRG,NY,AEA,EN,Towers with Radar,0,35,49,0,84,0,0,243,0,243,0,35,292,0,327,284,0,284,611
08/14/2008,FRG,NY,AEA,EN,Towers with Radar,0,27,41,1,69,0,21,198,0,219,0,48,239,1,288,152,0,152,440
08/15/2008,FRG,NY,AEA,EN,Towers with Radar,1,25,55,0,81,0,0,101,0,101,1,25,156,0,182,178,0,178,360
08/16/2008,FRG,NY,AEA,EN,Towers with Radar,0,22,40,0,62,0,0,194,0,194,0,22,234,0,256,229,0,229,485
08/17/2008,FRG,NY,AEA,EN,Towers with Radar,0,41,42,0,83,0,6,375,2,383,0,47,417,2,466,196,0,196,662
08/18/2008,FRG,NY,AEA,EN,Towers with Radar,0,17,43,0,60,0,2,220,1,223,0,19,263,1,283,254,0,254,537
08/19/2008,FRG,NY,AEA,EN,Towers with Radar,0,16,27,0,43,0,0,180,0,180,0,16,207,0,223,244,0,244,467
08/20/2008,FRG,NY,AEA,EN,Towers with Radar,0,21,41,0,62,0,4,288,0,292,0,25,329,0,354,373,0,373,727
08/21/2008,FRG,NY,AEA,EN,Towers with Radar,0,17,62,0,79,0,2,265,0,267,0,19,327,0,346,359,0,359,705
08/22/2008,FRG,NY,AEA,EN,Towers with Radar,0,13,49,0,62,0,1,290,0,291,0,14,339,0,353,175,0,175,528
08/23/2008,FRG,NY,AEA,EN,Towers with Radar,0,6,31,0,37,0,0,273,0,273,0,6,304,0,310,184,0,184,494
08/24/2008,FRG,NY,AEA,EN,Towers with Radar,0,22,65,0,87,0,0,199,0,199,0,22,264,0,286,188,0,188,474
08/25/2008,FRG,NY,AEA,EN,Towers with Radar,1,14,41,0,56,0,0,108,0,108,1,14,149,0,164,318,0,318,482
08/26/2008,FRG,NY,AEA,EN,Towers with Radar,0,17,29,0,46,0,7,242,0,249,0,24,271,0,295,199,0,199,494
08/27/2008,FRG,NY,AEA,EN,Towers with Radar,0,19,56,0,75,0,14,231,2,247,0,33,287,2,322,263,0,263,585
08/28/2008,FRG,NY,AEA,EN,Towers with Radar,0,28,33,0,61,0,9,270,0,279,0,37,303,0,340,293,0,293,633
08/29/2008,FRG,NY,AEA,EN,Towers with Radar,0,28,54,0,82,0,0,254,0,254,0,28,308,0,336,326,0,326,662
08/30/2008,FRG,NY,AEA,EN,Towers with Radar,0,19,67,0,86,0,0,63,0,63,0,19,130,0,149,146,0,146,295
08/31/2008,FRG,NY,AEA,EN,Towers with Radar,0,13,47,1,61,0,8,274,0,282,0,21,321,1,343,257,0,257,600
09/01/2008,FRG,NY,AEA,EN,Towers with Radar,0,32,32,0,64,0,8,301,0,309,0,40,333,0,373,147,0,147,520
09/02/2008,FRG,NY,AEA,EN,Towers with Radar,0,14,37,0,51,0,5,200,0,205,0,19,237,0,256,156,0,156,412
09/03/2008,FRG,NY,AEA,EN,Towers with Radar,0,17,47,0,64,0,1,255,0,256,0,18,302,0,320,330,0,330,650
09/04/2008,FRG,NY,AEA,EN,Towers with Radar,0,21,54,0,75,0,4,237,0,241,0,25,291,0,316,298,0,298,614
09/05/2008,FRG,NY,AEA,EN,Towers with Radar,0,29,63,0,92,0,0,191,1,192,0,29,254,1,284,120,0,120,404
09/06/2008,FRG,NY,AEA,EN,Towers with Radar,0,8,7,0,15,0,0,1,0,1,0,8,8,0,16,3,0,3,19
09/07/2008,FRG,NY,AEA,EN,Towers with Radar,0,25,39,0,64,0,5,301,0,306,0,30,340,0,370,133,0,133,503
09/08/2008,FRG,NY,AEA,EN,Towers with Radar,0,17,32,0,49,0,7,242,0,249,0,24,274,0,298,144,0,144,442
09/09/2008,FRG,NY,AEA,EN,Towers with Radar,2,16,31,0,49,0,0,89,0,89,2,16,120,0,138,73,0,73,211
09/10/2008,FRG,NY,AEA,EN,Towers with Radar,0,16,44,0,60,0,0,317,0,317,0,16,361,0,377,291,0,291,668
09/11/2008,FRG,NY,AEA,EN,Towers with Radar,0,29,43,0,72,0,2,306,0,308,0,31,349,0,380,292,18,310,690
09/12/2008,FRG,NY,AEA,EN,Towers with Radar,1,30,61,0,92,0,0,189,0,189,1,30,250,0,281,140,0,140,421
09/13/2008,FRG,NY,AEA,EN,Towers with Radar,0,17,63,0,80,0,0,123,0,123,0,17,186,0,203,140,0,140,343
09/14/2008,FRG,NY,AEA,EN,Towers with Radar,0,26,73,0,99,0,0,199,0,199,0,26,272,0,298,220,0,220,518
09/15/2008,FRG,NY,AEA,EN,Towers with Radar,0,13,26,0,39,0,0,232,0,232,0,13,258,0,271,96,0,96,367
09/16/2008,FRG,NY,AEA,EN,Towers with Radar,0,12,37,0,49,0,0,263,0,263,0,12,300,0,312,252,0,252,564
09/17/2008,FRG,NY,AEA,EN,Towers with Radar,0,9,45,0,54,0,0,317,3,320,0,9,362,3,374,382,0,382,756
09/18/2008,FRG,NY,AEA,EN,Towers with Radar,1,27,33,0,61,0,9,330,1,340,1,36,363,1,401,366,0,366,767
09/19/2008,FRG,NY,AEA,EN,Towers with Radar,1,18,53,0,72,0,4,334,0,338,1,22,387,0,410,308,0,308,718
09/20/2008,FRG,NY,AEA,EN,Towers with Radar,0,7,37,1,45,0,1,349,0,350,0,8,386,1,395,300,0,300,695
09/21/2008,FRG,NY,AEA,EN,Towers with Radar,0,21,57,0,78,0,0,421,1,422,0,21,478,1,500,245,0,245,745
09/22/2008,FRG,NY,AEA,EN,Towers with Radar,1,20,55,0,76,0,0,209,0,209,1,20,264,0,285,0,0,0,285
09/23/2008,FRG,NY,AEA,EN,Towers with Radar,0,25,69,0,94,0,1,251,3,255,0,26,320,3,349,0,0,0,349
09/24/2008,FRG,NY,AEA,EN,Towers with Radar,0,14,86,0,100,0,4,249,3,256,0,18,335,3,356,111,0,111,467
09/25/2008,FRG,NY,AEA,EN,Towers with Radar,0,20,34,0,54,0,6,178,2,186,0,26,212,2,240,196,0,196,436
09/26/2008,FRG,NY,AEA,EN,Towers with Radar,0,18,56,2,76,0,0,11,0,11,0,18,67,2,87,18,0,18,105
09/27/2008,FRG,NY,AEA,EN,Towers with Radar,0,13,38,0,51,0,0,0,0,0,0,13,38,0,51,6,0,6,57
09/28/2008,FRG,NY,AEA,EN,Towers with Radar,3,21,85,0,109,0,0,17,0,17,3,21,102,0,126,5,0,5,131
09/29/2008,FRG,NY,AEA,EN,Towers with Radar,1,11,20,0,32,0,0,235,0,235,1,11,255,0,267,319,0,319,586
09/30/2008,FRG,NY,AEA,EN,Towers with Radar,0,20,34,0,54,0,2,221,0,223,0,22,255,0,277,289,0,289,566
10/01/2008,FRG,NY,AEA,EN,Towers with Radar,0,18,67,0,85,0,1,171,3,175,0,19,238,3,260,134,0,134,394
10/02/2008,FRG,NY,AEA,EN,Towers with Radar,0,19,41,0,60,0,0,223,1,224,0,19,264,1,284,134,0,134,418
10/03/2008,FRG,NY,AEA,EN,Towers with Radar,3,18,45,0,66,0,4,327,0,331,3,22,372,0,397,149,0,149,546
10/04/2008,FRG,NY,AEA,EN,Towers with Radar,7,17,23,0,47,0,1,365,0,366,7,18,388,0,413,234,0,234,647
10/05/2008,FRG,NY,AEA,EN,Towers with Radar,2,23,89,0,114,0,0,122,0,122,2,23,211,0,236,90,0,90,326
10/06/2008,FRG,NY,AEA,EN,Towers with Radar,1,10,28,0,39,0,0,210,0,210,1,10,238,0,249,159,0,159,408
10/07/2008,FRG,NY,AEA,EN,Towers with Radar,0,18,17,0,35,0,5,272,0,277,0,23,289,0,312,346,0,346,658
10/08/2008,FRG,NY,AEA,EN,Towers with Radar,0,20,42,0,62,0,0,302,0,302,0,20,344,0,364,210,0,210,574
10/09/2008,FRG,NY,AEA,EN,Towers with Radar,0,27,47,0,74,0,3,163,0,166,0,30,210,0,240,198,0,198,438
10/10/2008,FRG,NY,AEA,EN,Towers with Radar,0,28,50,0,78,0,4,348,2,354,0,32,398,2,432,384,0,384,816
10/11/2008,FRG,NY,AEA,EN,Towers with Radar,1,23,76,0,100,0,1,325,0,326,1,24,401,0,426,162,0,162,588
10/12/2008,FRG,NY,AEA,EN,Towers with Radar,1,18,39,0,58,0,0,358,0,358,1,18,397,0,416,222,0,222,638
10/13/2008,FRG,NY,AEA,EN,Towers with Radar,0,39,32,0,71,0,2,248,0,250,0,41,280,0,321,239,0,239,560
10/14/2008,FRG,NY,AEA,EN,Towers with Radar,1,28,41,0,70,0,0,176,0,176,1,28,217,0,246,180,0,180,426
10/15/2008,FRG,NY,AEA,EN,Towers with Radar,3,21,101,0,125,0,17,309,0,326,3,38,410,0,451,224,0,224,675
10/16/2008,FRG,NY,AEA,EN,Towers with Radar,3,21,55,0,79,0,3,157,0,160,3,24,212,0,239,138,0,138,377
10/17/2008,FRG,NY,AEA,EN,Towers with Radar,3,24,44,0,71,0,2,318,0,320,3,26,362,0,391,232,0,232,623
10/18/2008,FRG,NY,AEA,EN,Towers with Radar,3,21,248,0,272,0,0,248,0,248,3,21,496,0,520,178,0,178,698
10/19/2008,FRG,NY,AEA,EN,Towers with Radar,3,17,47,0,67,0,1,226,0,227,3,18,273,0,294,89,0,89,383
10/20/2008,FRG,NY,AEA,EN,Towers with Radar,1,23,40,2,66,0,0,219,0,219,1,23,259,2,285,118,0,118,403
10/21/2008,FRG,NY,AEA,EN,Towers with Radar,1,32,74,0,107,0,0,261,0,261,1,32,335,0,368,101,0,101,469
10/22/2008,FRG,NY,AEA,EN,Towers with Radar,0,27,83,0,110,0,0,177,0,177,0,27,260,0,287,128,0,128,415
10/23/2008,FRG,NY,AEA,EN,Towers with Radar,0,48,107,0,155,0,6,283,0,289,0,54,390,0,444,260,0,260,704
10/24/2008,FRG,NY,AEA,EN,Towers with Radar,1,38,101,4,144,0,2,333,0,335,1,40,434,4,479,287,0,287,766
10/25/2008,FRG,NY,AEA,EN,Towers with Radar,0,22,47,0,69,0,0,40,0,40,0,22,87,0,109,2,0,2,111
10/26/2008,FRG,NY,AEA,EN,Towers with Radar,0,45,112,2,159,0,0,362,0,362,0,45,474,2,521,270,0,270,791
10/27/2008,FRG,NY,AEA,EN,Towers with Radar,0,20,61,2,83,0,0,219,0,219,0,20,280,2,302,232,14,246,548
10/28/2008,FRG,NY,AEA,EN,Towers with Radar,4,31,58,0,93,0,0,7,0,7,4,31,65,0,100,0,0,0,100
10/29/2008,FRG,NY,AEA,EN,Towers with Radar,0,33,79,0,112,0,0,100,0,100,0,33,179,0,212,34,0,34,246
10/30/2008,FRG,NY,AEA,EN,Towers with Radar,0,30,65,2,97,0,4,310,0,314,0,34,375,2,411,344,0,344,755
10/31/2008,FRG,NY,AEA,EN,Towers with Radar,3,19,25,0,47,0,1,333,0,334,3,20,358,0,381,285,0,285,666
11/01/2008,FRG,NY,AEA,EN,Towers with Radar,4,18,49,0,71,0,0,291,0,291,4,18,340,0,362,206,0,206,568
11/02/2008,FRG,NY,AEA,EN,Towers with Radar,1,46,81,0,128,36,0,276,0,312,37,46,357,0,440,194,0,194,634
11/03/2008,FRG,NY,AEA,EN,Towers with Radar,1,40,41,0,82,0,0,137,0,137,1,40,178,0,219,235,0,235,454
11/04/2008,FRG,NY,AEA,EN,Towers with Radar,4,38,74,0,116,0,4,205,3,212,4,42,279,3,328,235,1,236,564
11/05/2008,FRG,NY,AEA,EN,Towers with Radar,2,47,88,0,137,0,2,150,2,154,2,49,238,2,291,126,0,126,417
11/06/2008,FRG,NY,AEA,EN,Towers with Radar,0,29,100,1,130,0,0,7,0,7,0,29,107,1,137,10,2,12,149
11/07/2008,FRG,NY,AEA,EN,Towers with Radar,4,45,162,5,216,0,0,13,0,13,4,45,175,5,229,5,0,5,234
11/08/2008,FRG,NY,AEA,EN,Towers with Radar,3,13,45,0,61,0,0,0,0,0,3,13,45,0,61,2,0,2,63
11/09/2008,FRG,NY,AEA,EN,Towers with Radar,0,44,97,2,143,0,1,314,0,315,0,45,411,2,458,230,0,230,688
11/10/2008,FRG,NY,AEA,EN,Towers with Radar,2,17,82,0,101,0,0,262,0,262,2,17,344,0,363,201,0,201,564
11/11/2008,FRG,NY,AEA,EN,Towers with Radar,2,33,60,0,95,0,2,227,0,229,2,35,287,0,324,84,0,84,408
11/12/2008,FRG,NY,AEA,EN,Towers with Radar,4,39,91,0,134,0,3,313,0,316,4,42,404,0,450,255,0,255,705
11/13/2008,FRG,NY,AEA,EN,Towers with Radar,2,35,111,6,154,0,0,54,1,55,2,35,165,7,209,13,0,13,222
11/14/2008,FRG,NY,AEA,EN,Towers with Radar,6,45,113,0,164,0,4,28,0,32,6,49,141,0,196,27,0,27,223
11/15/2008,FRG,NY,AEA,EN,Towers with Radar,0,22,43,0,65,0,0,1,0,1,0,22,44,0,66,5,0,5,71
11/16/2008,FRG,NY,AEA,EN,Towers with Radar,4,32,106,0,142,0,3,148,2,153,4,35,254,2,295,118,0,118,413
11/17/2008,FRG,NY,AEA,EN,Towers with Radar,0,26,60,3,89,0,2,270,0,272,0,28,330,3,361,223,0,223,584
11/18/2008,FRG,NY,AEA,EN,Towers with Radar,0,28,52,0,80,0,1,168,0,169,0,29,220,0,249,110,0,110,359
11/19/2008,FRG,NY,AEA,EN,Towers with Radar,0,44,85,0,129,0,7,209,2,218,0,51,294,2,347,156,0,156,503
11/20/2008,FRG,NY,AEA,EN,Towers with Radar,0,19,71,0,90,0,5,216,0,221,0,24,287,0,311,362,0,362,673
11/21/2008,FRG,NY,AEA,EN,Towers with Radar,0,43,84,0,127,0,2,255,2,259,0,45,339,2,386,250,0,250,636
11/22/2008,FRG,NY,AEA,EN,Towers with Radar,0,48,62,0,110,0,0,133,0,133,0,48,195,0,243,104,0,104,347
11/23/2008,FRG,NY,AEA,EN,Towers with Radar,0,27,101,0,128,0,0,306,2,308,0,27,407,2,436,169,0,169,605
11/24/2008,FRG,NY,AEA,EN,Towers with Radar,2,26,58,0,86,0,0,193,2,195,2,26,251,2,281,245,0,245,526
11/25/2008,FRG,NY,AEA,EN,Towers with Radar,2,41,106,0,149,0,0,137,0,137,2,41,243,0,286,39,0,39,325
11/26/2008,FRG,NY,AEA,EN,Towers with Radar,1,54,99,0,154,0,0,264,3,267,1,54,363,3,421,289,0,289,710
11/27/2008,FRG,NY,AEA,EN,Towers with Radar,4,14,21,0,39,0,0,110,0,110,4,14,131,0,149,42,0,42,191
11/28/2008,FRG,NY,AEA,EN,Towers with Radar,4,50,51,1,106,0,1,221,0,222,4,51,272,1,328,96,0,96,424
11/29/2008,FRG,NY,AEA,EN,Towers with Radar,1,41,86,0,128,0,0,301,2,303,1,41,387,2,431,146,0,146,577
11/30/2008,FRG,NY,AEA,EN,Towers with Radar,0,111,165,0,276,0,0,1,0,1,0,111,166,0,277,0,0,0,277
12/01/2008,FRG,NY,AEA,EN,Towers with Radar,0,45,57,1,103,0,1,146,0,147,0,46,203,1,250,207,0,207,457
12/02/2008,FRG,NY,AEA,EN,Towers with Radar,0,37,46,0,83,0,2,206,0,208,0,39,252,0,291,246,0,246,537
12/03/2008,FRG,NY,AEA,EN,Towers with Radar,4,37,86,0,127,0,1,270,0,271,4,38,356,0,398,159,0,159,557
12/04/2008,FRG,NY,AEA,EN,Towers with Radar,6,35,68,0,109,0,8,217,0,225,6,43,285,0,334,65,0,65,399
12/05/2008,FRG,NY,AEA,EN,Towers with Radar,4,30,49,0,83,0,1,272,4,277,4,31,321,4,360,272,0,272,632
12/06/2008,FRG,NY,AEA,EN,Towers with Radar,0,31,33,0,64,0,0,235,5,240,0,31,268,5,304,252,0,252,556
12/07/2008,FRG,NY,AEA,EN,Towers with Radar,10,42,56,0,108,0,0,51,1,52,10,42,107,1,160,0,0,0,160
12/08/2008,FRG,NY,AEA,EN,Towers with Radar,0,30,66,0,96,0,0,181,0,181,0,30,247,0,277,301,0,301,578
12/09/2008,FRG,NY,AEA,EN,Towers with Radar,0,38,56,0,94,0,0,216,0,216,0,38,272,0,310,209,0,209,519
12/10/2008,FRG,NY,AEA,EN,Towers with Radar,0,54,69,0,123,0,0,16,0,16,0,54,85,0,139,7,0,7,146
12/11/2008,FRG,NY,AEA,EN,Towers with Radar,0,41,63,0,104,0,0,0,0,0,0,41,63,0,104,3,0,3,107
12/12/2008,FRG,NY,AEA,EN,Towers with Radar,0,74,57,0,131,0,0,80,0,80,0,74,137,0,211,84,0,84,295
12/13/2008,FRG,NY,AEA,EN,Towers with Radar,0,16,31,0,47,0,1,223,0,224,0,17,254,0,271,198,0,198,469
12/14/2008,FRG,NY,AEA,EN,Towers with Radar,1,30,78,0,109,0,1,276,0,277,1,31,354,0,386,217,0,217,603
12/15/2008,FRG,NY,AEA,EN,Towers with Radar,2,26,33,0,61,0,0,80,1,81,2,26,113,1,142,48,0,48,190
12/16/2008,FRG,NY,AEA,EN,Towers with Radar,0,22,56,0,78,0,0,34,0,34,0,22,90,0,112,71,0,71,183
12/17/2008,FRG,NY,AEA,EN,Towers with Radar,2,49,44,2,97,0,2,34,2,38,2,51,78,4,135,31,0,31,166
12/18/2008,FRG,NY,AEA,EN,Towers with Radar,11,57,144,0,212,0,0,271,0,271,11,57,415,0,483,228,0,228,711
12/19/2008,FRG,NY,AEA,EN,Towers with Radar,0,27,11,0,38,0,0,17,0,17,0,27,28,0,55,44,0,44,99
12/20/2008,FRG,NY,AEA,EN,Towers with Radar,0,35,79,0,114,0,0,5,0,5,0,35,84,0,119,1,0,1,120
12/21/2008,FRG,NY,AEA,EN,Towers with Radar,6,18,42,0,66,0,0,9,0,9,6,18,51,0,75,1,0,1,76
12/22/2008,FRG,NY,AEA,EN,Towers with Radar,0,23,39,0,62,0,0,94,0,94,0,23,133,0,156,31,0,31,187
12/23/2008,FRG,NY,AEA,EN,Towers with Radar,4,94,78,2,178,0,0,203,0,203,4,94,281,2,381,184,4,188,569
12/24/2008,FRG,NY,AEA,EN,Towers with Radar,0,68,54,0,122,0,0,30,0,30,0,68,84,0,152,0,0,0,152
12/25/2008,FRG,NY,AEA,EN,Towers with Radar,0,37,35,0,72,0,0,67,0,67,0,37,102,0,139,36,0,36,175
12/26/2008,FRG,NY,AEA,EN,Towers with Radar,6,76,108,0,190,0,0,178,0,178,6,76,286,0,368,174,0,174,542
12/27/2008,FRG,NY,AEA,EN,Towers with Radar,0,35,64,0,99,0,0,12,0,12,0,35,76,0,111,16,0,16,127
12/28/2008,FRG,NY,AEA,EN,Towers with Radar,1,42,72,0,115,0,0,17,0,17,1,42,89,0,132,17,0,17,149
12/29/2008,FRG,NY,AEA,EN,Towers with Radar,0,34,44,0,78,0,1,205,0,206,0,35,249,0,284,157,0,157,441
12/30/2008,FRG,NY,AEA,EN,Towers with Radar,2,49,49,0,100,0,0,77,0,77,2,49,126,0,177,31,0,31,208
12/31/2008,FRG,NY,AEA,EN,Towers with Radar,3,34,28,0,65,0,0,7,0,7,3,34,35,0,72,0,0,0,72
01/01/2009,FRG,NY,AEA,EN,Towers with Radar,0,24,44,0,68,0,1,53,0,54,0,25,97,0,122,18,0,18,140
01/02/2009,FRG,NY,AEA,EN,Towers with Radar,0,40,40,0,80,0,0,47,0,47,0,40,87,0,127,52,0,52,179
01/03/2009,FRG,NY,AEA,EN,Towers with Radar,2,55,51,0,108,0,1,174,0,175,2,56,225,0,283,66,0,66,349
01/04/2009,FRG,NY,AEA,EN,Towers with Radar,0,35,69,0,104,0,0,379,0,379,0,35,448,0,483,148,0,148,631
01/05/2009,FRG,NY,AEA,EN,Towers with Radar,0,52,49,0,101,0,0,164,0,164,0,52,213,0,265,198,0,198,463
01/06/2009,FRG,NY,AEA,EN,Towers with Radar,0,26,49,0,75,0,0,162,2,164,0,26,211,2,239,220,0,220,459
01/07/2009,FRG,NY,AEA,EN,Towers with Radar,0,26,39,0,65,0,0,2,0,2,0,26,41,0,67,10,0,10,77
01/08/2009,FRG,NY,AEA,EN,Towers with Radar,0,17,46,0,63,0,0,95,0,95,0,17,141,0,158,14,0,14,172
01/09/2009,FRG,NY,AEA,EN,Towers with Radar,2,50,60,0,112,0,1,184,0,185,2,51,244,0,297,93,0,93,390
01/10/2009,FRG,NY,AEA,EN,Towers with Radar,0,10,16,0,26,0,0,45,0,45,0,10,61,0,71,186,0,186,257
01/11/2009,FRG,NY,AEA,EN,Towers with Radar,0,18,41,0,59,0,1,55,0,56,0,19,96,0,115,84,0,84,199
01/12/2009,FRG,NY,AEA,EN,Towers with Radar,0,35,47,0,82,0,1,185,0,186,0,36,232,0,268,278,2,280,548
01/13/2009,FRG,NY,AEA,EN,Towers with Radar,0,39,40,0,79,0,0,193,0,193,0,39,233,0,272,224,0,224,496
01/14/2009,FRG,NY,AEA,EN,Towers with Radar,3,34,60,0,97,0,0,165,0,165,3,34,225,0,262,154,0,154,416
01/15/2009,FRG,NY,AEA,EN,Towers with Radar,1,46,56,0,103,0,1,41,0,42,1,47,97,0,145,10,0,10,155
01/16/2009,FRG,NY,AEA,EN,Towers with Radar,0,16,35,3,54,0,0,137,0,137,0,16,172,3,191,198,0,198,389
01/17/2009,FRG,NY,AEA,EN,Towers with Radar,1,10,24,0,35,0,0,155,0,155,1,10,179,0,190,163,0,163,353
01/18/2009,FRG,NY,AEA,EN,Towers with Radar,2,24,31,0,57,0,0,28,0,28,2,24,59,0,85,17,0,17,102
01/19/2009,FRG,NY,AEA,EN,Towers with Radar,6,72,80,0,158,0,1,37,0,38,6,73,117,0,196,66,0,66,262
01/20/2009,FRG,NY,AEA,EN,Towers with Radar,0,36,58,0,94,0,1,113,0,114,0,37,171,0,208,99,0,99,307
01/21/2009,FRG,NY,AEA,EN,Towers with Radar,0,53,56,0,109,0,6,200,0,206,0,59,256,0,315,190,0,190,505
01/22/2009,FRG,NY,AEA,EN,Towers with Radar,0,18,59,0,77,0,1,252,0,253,0,19,311,0,330,219,0,219,549
01/23/2009,FRG,NY,AEA,EN,Towers with Radar,0,40,63,0,103,0,1,288,1,290,0,41,351,1,393,288,0,288,681
01/24/2009,FRG,NY,AEA,EN,Towers with Radar,0,12,42,0,54,0,0,126,1,127,0,12,168,1,181,64,0,64,245
01/25/2009,FRG,NY,AEA,EN,Towers with Radar,0,62,84,0,146,0,5,308,7,320,0,67,392,7,466,284,0,284,750
01/26/2009,FRG,NY,AEA,EN,Towers with Radar,0,10,54,3,67,0,1,233,0,234,0,11,287,3,301,247,0,247,548
01/27/2009,FRG,NY,AEA,EN,Towers with Radar,0,27,48,0,75,0,2,142,0,144,0,29,190,0,219,228,0,228,447
01/28/2009,FRG,NY,AEA,EN,Towers with Radar,0,25,20,0,45,0,0,0,0,0,0,25,20,0,45,2,0,2,47
01/29/2009,FRG,NY,AEA,EN,Towers with Radar,0,58,67,0,125,0,1,192,0,193,0,59,259,0,318,213,0,213,531
01/30/2009,FRG,NY,AEA,EN,Towers with Radar,5,39,59,0,103,0,1,227,0,228,5,40,286,0,331,181,0,181,512
01/31/2009,FRG,NY,AEA,EN,Towers with Radar,1,28,15,0,44,0,0,184,2,186,1,28,199,2,230,200,0,200,430
02/01/2009,FRG,NY,AEA,EN,Towers with Radar,0,20,51,0,71,0,1,262,1,264,0,21,313,1,335,182,0,182,517
02/02/2009,FRG,NY,AEA,EN,Towers with Radar,4,41,55,0,100,0,1,195,0,196,4,42,250,0,296,276,0,276,572
02/03/2009,FRG,NY,AEA,EN,Towers with Radar,2,19,18,0,39,0,0,6,0,6,2,19,24,0,45,33,0,33,78
02/04/2009,FRG,NY,AEA,EN,Towers with Radar,0,31,65,0,96,0,0,143,0,143,0,31,208,0,239,156,0,156,395
02/05/2009,FRG,NY,AEA,EN,Towers with Radar,1,50,41,4,96,0,2,168,1,171,1,52,209,5,267,174,0,174,441
02/06/2009,FRG,NY,AEA,EN,Towers with Radar,1,41,51,0,93,0,1,237,0,238,1,42,288,0,331,171,0,171,502
02/07/2009,FRG,NY,AEA,EN,Towers with Radar,0,11,51,0,62,0,0,245,0,245,0,11,296,0,307,198,0,198,505
02/08/2009,FRG,NY,AEA,EN,Towers with Radar,2,32,61,0,95,0,0,181,0,181,2,32,242,0,276,72,0,72,348
02/09/2009,FRG,NY,AEA,EN,Towers with Radar,1,20,57,0,78,0,3,220,2,225,1,23,277,2,303,200,0,200,503
02/10/2009,FRG,NY,AEA,EN,Towers with Radar,2,44,84,0,130,0,2,195,0,197,2,46,279,0,327,210,0,210,537
02/11/2009,FRG,NY,AEA,EN,Towers with Radar,0,41,80,0,121,0,2,259,3,264,0,43,339,3,385,261,0,261,646
02/12/2009,FRG,NY,AEA,EN,Towers with Radar,0,50,84,0,134,0,0,26,0,26,0,50,110,0,160,13,0,13,173
02/13/2009,FRG,NY,AEA,EN,Towers with Radar,2,105,110,0,217,0,2,213,3,218,2,107,323,3,435,49,0,49,484
02/14/2009,FRG,NY,AEA,EN,Towers with Radar,0,78,68,0,146,0,2,271,0,273,0,80,339,0,419,248,0,248,667
02/15/2009,FRG,NY,AEA,EN,Towers with Radar,0,19,97,0,116,0,2,315,5,322,0,21,412,5,438,150,0,150,588
02/16/2009,FRG,NY,AEA,EN,Towers with Radar,2,47,79,2,130,0,5,301,0,306,2,52,380,2,436,234,0,234,670
02/17/2009,FRG,NY,AEA,EN,Towers with Radar,0,61,60,2,123,0,2,290,5,297,0,63,350,7,420,240,0,240,660
02/18/2009,FRG,NY,AEA,EN,Towers with Radar,5,32,68,0,105,0,0,107,0,107,5,32,175,0,212,74,0,74,286
02/19/2009,FRG,NY,AEA,EN,Towers with Radar,2,45,42,0,89,0,0,162,0,162,2,45,204,0,251,149,0,149,400
02/20/2009,FRG,NY,AEA,EN,Towers with Radar,1,32,54,0,87,0,2,132,0,134,1,34,186,0,221,21,0,21,242
02/21/2009,FRG,NY,AEA,EN,Towers with Radar,1,61,88,0,150,0,0,350,1,351,1,61,438,1,501,194,0,194,695
02/22/2009,FRG,NY,AEA,EN,Towers with Radar,0,82,101,0,183,0,0,39,0,39,0,82,140,0,222,17,0,17,239
02/23/2009,FRG,NY,AEA,EN,Towers with Radar,0,33,33,0,66,0,0,117,0,117,0,33,150,0,183,37,0,37,220
02/24/2009,FRG,NY,AEA,EN,Towers with Radar,4,25,68,0,97,0,0,201,0,201,4,25,269,0,298,251,0,251,549
02/25/2009,FRG,NY,AEA,EN,Towers with Radar,1,44,72,4,121,0,6,479,3,488,1,50,551,7,609,283,0,283,892
02/26/2009,FRG,NY,AEA,EN,Towers with Radar,7,50,53,4,114,0,2,253,0,255,7,52,306,4,369,292,0,292,661
02/27/2009,FRG,NY,AEA,EN,Towers with Radar,2,38,70,4,114,0,0,114,0,114,2,38,184,4,228,59,0,59,287
02/28/2009,FRG,NY,AEA,EN,Towers with Radar,5,34,41,0,80,0,0,274,0,274,5,34,315,0,354,170,0,170,524
03/01/2009,FRG,NY,AEA,EN,Towers with Radar,0,42,61,0,103,0,0,30,0,30,0,42,91,0,133,36,0,36,169
03/02/2009,FRG,NY,AEA,EN,Towers with Radar,0,12,12,0,24,0,0,0,0,0,0,12,12,0,24,4,0,4,28
03/03/2009,FRG,NY,AEA,EN,Towers with Radar,3,45,39,0,87,0,1,80,0,81,3,46,119,0,168,68,0,68,236
03/04/2009,FRG,NY,AEA,EN,Towers with Radar,0,40,65,6,111,0,0,237,0,237,0,40,302,6,348,298,0,298,646
03/05/2009,FRG,NY,AEA,EN,Towers with Radar,0,36,48,0,84,0,2,268,0,270,0,38,316,0,354,293,0,293,647
03/06/2009,FRG,NY,AEA,EN,Towers with Radar,0,42,51,0,93,0,0,246,0,246,0,42,297,0,339,259,0,259,598
03/07/2009,FRG,NY,AEA,EN,Towers with Radar,1,25,80,0,106,0,0,374,1,375,1,25,454,1,481,227,22,249,730
03/08/2009,FRG,NY,AEA,EN,Towers with Radar,4,24,84,0,112,0,1,201,1,203,4,25,285,1,315,213,0,213,528
03/09/2009,FRG,NY,AEA,EN,Towers with Radar,4,43,31,0,78,0,0,32,2,34,4,43,63,2,112,15,0,15,127
03/10/2009,FRG,NY,AEA,EN,Towers with Radar,0,25,39,0,64,0,0,168,0,168,0,25,207,0,232,250,0,250,482
03/11/2009,FRG,NY,AEA,EN,Towers with Radar,0,54,69,0,123,0,0,22,0,22,0,54,91,0,145,35,0,35,180
03/12/2009,FRG,NY,AEA,EN,Towers with Radar,0,51,65,0,116,0,0,273,0,273,0,51,338,0,389,246,0,246,635
03/13/2009,FRG,NY,AEA,EN,Towers with Radar,0,65,75,0,140,0,0,319,0,319,0,65,394,0,459,334,0,334,793
03/14/2009,FRG,NY,AEA,EN,Towers with Radar,0,28,78,0,106,0,0,336,0,336,0,28,414,0,442,306,0,306,748
03/15/2009,FRG,NY,AEA,EN,Towers with Radar,4,40,70,0,114,0,0,288,0,288,4,40,358,0,402,345,0,345,747
03/16/2009,FRG,NY,AEA,EN,Towers with Radar,0,20,70,4,94,0,0,193,0,193,0,20,263,4,287,194,0,194,481
03/17/2009,FRG,NY,AEA,EN,Towers with Radar,0,36,62,0,98,0,0,262,0,262,0,36,324,0,360,228,0,228,588
03/18/2009,FRG,NY,AEA,EN,Towers with Radar,0,48,98,0,146,0,0,287,2,289,0,48,385,2,435,212,0,212,647
03/19/2009,FRG,NY,AEA,EN,Towers with Radar,2,53,96,0,151,0,0,121,0,121,2,53,217,0,272,61,0,61,333
03/20/2009,FRG,NY,AEA,EN,Towers with Radar,0,50,89,0,139,0,0,230,0,230,0,50,319,0,369,206,0,206,575
03/21/2009,FRG,NY,AEA,EN,Towers with Radar,0,27,64,0,91,0,0,355,5,360,0,27,419,5,451,255,0,255,706
03/22/2009,FRG,NY,AEA,EN,Towers with Radar,2,48,72,0,122,0,2,330,0,332,2,50,402,0,454,167,0,167,621
03/23/2009,FRG,NY,AEA,EN,Towers with Radar,0,40,77,5,122,0,0,190,0,190,0,40,267,5,312,118,0,118,430
03/24/2009,FRG,NY,AEA,EN,Towers with Radar,0,37,33,5,75,0,0,187,0,187,0,37,220,5,262,215,0,215,477
03/25/2009,FRG,NY,AEA,EN,Towers with Radar,4,33,75,0,112,0,2,331,1,334,4,35,406,1,446,271,0,271,717
03/26/2009,FRG,NY,AEA,EN,Towers with Radar,4,25,106,0,135,0,0,43,0,43,4,25,149,0,178,55,0,55,233
03/27/2009,FRG,NY,AEA,EN,Towers with Radar,4,40,59,0,103,0,0,261,1,262,4,40,320,1,365,278,0,278,643
03/28/2009,FRG,NY,AEA,EN,Towers with Radar,3,31,79,0,113,0,0,139,0,139,3,31,218,0,252,188,0,188,440
03/29/2009,FRG,NY,AEA,EN,Towers with Radar,0,37,63,0,100,0,0,0,0,0,0,37,63,0,100,14,0,14,114
03/30/2009,FRG,NY,AEA,EN,Towers with Radar,0,43,51,0,94,0,1,118,0,119,0,44,169,0,213,92,0,92,305
03/31/2009,FRG,NY,AEA,EN,Towers with Radar,4,28,76,4,112,0,0,335,0,335,4,28,411,4,447,253,0,253,700
04/01/2009,FRG,NY,AEA,EN,Towers with Radar,6,33,92,0,131,0,1,101,0,102,6,34,193,0,233,164,0,164,397
04/02/2009,FRG,NY,AEA,EN,Towers with Radar,2,41,116,0,159,0,0,52,0,52,2,41,168,0,211,150,0,150,361
04/03/2009,FRG,NY,AEA,EN,Towers with Radar,0,41,57,0,98,0,1,2,0,3,0,42,59,0,101,0,0,0,101
04/04/2009,FRG,NY,AEA,EN,Towers with Radar,3,22,57,0,82,0,2,26,1,29,3,24,83,1,111,2,0,2,113
04/05/2009,FRG,NY,AEA,EN,Towers with Radar,2,37,78,0,117,0,1,386,0,387,2,38,464,0,504,237,0,237,741
04/06/2009,FRG,NY,AEA,EN,Towers with Radar,2,29,65,0,96,0,0,14,0,14,2,29,79,0,110,16,0,16,126
04/07/2009,FRG,NY,AEA,EN,Towers with Radar,0,34,73,0,107,0,0,141,1,142,0,34,214,1,249,186,0,186,435
04/08/2009,FRG,NY,AEA,EN,Towers with Radar,0,38,81,4,123,0,0,230,0,230,0,38,311,4,353,210,0,210,563
04/09/2009,FRG,NY,AEA,EN,Towers with Radar,0,28,91,8,127,0,1,312,0,313,0,29,403,8,440,265,0,265,705
04/10/2009,FRG,NY,AEA,EN,Towers with Radar,0,27,78,0,105,0,0,219,0,219,0,27,297,0,324,344,0,344,668
04/11/2009,FRG,NY,AEA,EN,Towers with Radar,8,28,45,0,81,0,0,9,0,9,8,28,54,0,90,16,0,16,106
04/12/2009,FRG,NY,AEA,EN,Towers with Radar,2,63,76,0,141,0,0,206,4,210,2,63,282,4,351,158,0,158,509
04/13/2009,FRG,NY,AEA,EN,Towers with Radar,0,44,76,0,120,0,0,273,0,273,0,44,349,0,393,269,0,269,662
04/14/2009,FRG,NY,AEA,EN,Towers with Radar,0,38,73,3,114,0,0,101,0,101,0,38,174,3,215,144,0,144,359
04/15/2009,FRG,NY,AEA,EN,Towers with Radar,0,30,64,0,94,0,1,123,0,124,0,31,187,0,218,81,0,81,299
04/16/2009,FRG,NY,AEA,EN,Towers with Radar,0,34,117,0,151,0,1,305,3,309,0,35,422,3,460,222,0,222,682
04/17/2009,FRG,NY,AEA,EN,Towers with Radar,0,36,69,0,105,0,0,355,0,355,0,36,424,0,460,264,0,264,724
04/18/2009,FRG,NY,AEA,EN,Towers with Radar,0,16,83,0,99,0,0,369,1,370,0,16,452,1,469,220,0,220,689
04/19/2009,FRG,NY,AEA,EN,Towers with Radar,0,39,91,1,131,0,1,275,0,276,0,40,366,1,407,224,0,224,631
04/20/2009,FRG,NY,AEA,EN,Towers with Radar,0,33,33,0,66,0,1,32,0,33,0,34,65,0,99,45,0,45,144
04/21/2009,FRG,NY,AEA,EN,Towers with Radar,0,20,53,0,73,0,0,0,0,0,0,20,53,0,73,20,0,20,93
04/22/2009,FRG,NY,AEA,EN,Towers with Radar,0,30,92,0,122,0,1,72,3,76,0,31,164,3,198,78,0,78,276
04/23/2009,FRG,NY,AEA,EN,Towers with Radar,0,53,94,3,150,0,5,258,5,268,0,58,352,8,418,183,0,183,601
04/24/2009,FRG,NY,AEA,EN,Towers with Radar,0,38,73,0,111,0,3,396,0,399,0,41,469,0,510,362,0,362,872
04/25/2009,FRG,NY,AEA,EN,Towers with Radar,3,30,55,0,88,0,1,369,4,374,3,31,424,4,462,308,0,308,770
04/26/2009,FRG,NY,AEA,EN,Towers with Radar,0,36,96,0,132,0,0,374,0,374,0,36,470,0,506,284,0,284,790
04/27/2009,FRG,NY,AEA,EN,Towers with Radar,0,19,49,0,68,0,0,290,1,291,0,19,339,1,359,407,0,407,766
04/28/2009,FRG,NY,AEA,EN,Towers with Radar,4,34,74,0,112,0,0,207,1,208,4,34,281,1,320,199,0,199,519
04/29/2009,FRG,NY,AEA,EN,Towers with Radar,0,35,90,0,125,0,0,213,0,213,0,35,303,0,338,352,0,352,690
04/30/2009,FRG,NY,AEA,EN,Towers with Radar,0,39,75,2,116,0,2,252,1,255,0,41,327,3,371,418,0,418,789
05/01/2009,FRG,NY,AEA,EN,Towers with Radar,0,59,113,0,172,0,0,18,0,18,0,59,131,0,190,0,0,0,190
05/02/2009,FRG,NY,AEA,EN,Towers with Radar,0,28,58,0,86,0,2,146,0,148,0,30,204,0,234,265,0,265,499
05/03/2009,FRG,NY,AEA,EN,Towers with Radar,11,54,124,0,189,0,0,7,0,7,11,54,131,0,196,62,0,62,258
05/04/2009,FRG,NY,AEA,EN,Towers with Radar,0,37,67,0,104,0,0,7,0,7,0,37,74,0,111,4,0,4,115
05/05/2009,FRG,NY,AEA,EN,Towers with Radar,2,46,87,1,136,0,0,0,0,0,2,46,87,1,136,4,0,4,140
05/06/2009,FRG,NY,AEA,EN,Towers with Radar,0,51,84,1,136,0,2,200,2,204,0,53,284,3,340,274,0,274,614
05/07/2009,FRG,NY,AEA,EN,Towers with Radar,0,47,83,0,130,0,0,30,0,30,0,47,113,0,160,16,0,16,176
05/08/2009,FRG,NY,AEA,EN,Towers with Radar,0,43,78,1,122,0,2,304,6,312,0,45,382,7,434,322,0,322,756
05/09/2009,FRG,NY,AEA,EN,Towers with Radar,0,27,85,0,112,0,2,96,0,98,0,29,181,0,210,218,0,218,428
05/10/2009,FRG,NY,AEA,EN,Towers with Radar,0,33,57,0,90,0,0,156,1,157,0,33,213,1,247,101,0,101,348
05/11/2009,FRG,NY,AEA,EN,Towers with Radar,0,26,68,0,94,0,0,291,0,291,0,26,359,0,385,300,0,300,685
05/12/2009,FRG,NY,AEA,EN,Towers with Radar,0,29,49,4,82,0,2,261,1,264,0,31,310,5,346,312,0,312,658
05/13/2009,FRG,NY,AEA,EN,Towers with Radar,4,35,86,0,125,0,1,425,2,428,4,36,511,2,553,436,0,436,989
05/14/2009,FRG,NY,AEA,EN,Towers with Radar,0,38,62,4,104,0,0,125,0,125,0,38,187,4,229,60,0,60,289
05/15/2009,FRG,NY,AEA,EN,Towers with Radar,0,49,138,0,187,0,4,197,0,201,0,53,335,0,388,220,0,220,608
05/16/2009,FRG,NY,AEA,EN,Towers with Radar,0,23,73,0,96,0,0,0,0,0,0,23,73,0,96,0,0,0,96
05/17/2009,FRG,NY,AEA,EN,Towers with Radar,0,52,97,2,151,0,0,142,0,142,0,52,239,2,293,133,0,133,426
05/18/2009,FRG,NY,AEA,EN,Towers with Radar,0,23,64,0,87,0,0,309,1,310,0,23,373,1,397,356,0,356,753
05/19/2009,FRG,NY,AEA,EN,Towers with Radar,0,40,74,15,129,0,3,337,6,346,0,43,411,21,475,145,0,145,620
05/20/2009,FRG,NY,AEA,EN,Towers with Radar,4,55,65,3,127,0,1,367,2,370,4,56,432,5,497,199,0,199,696
05/21/2009,FRG,NY,AEA,EN,Towers with Radar,2,59,69,8,138,0,1,401,10,412,2,60,470,18,550,171,4,175,725
05/22/2009,FRG,NY,AEA,EN,Towers with Radar,0,50,56,8,114,0,8,385,29,422,0,58,441,37,536,95,10,105,641
05/23/2009,FRG,NY,AEA,EN,Towers with Radar,0,15,47,0,62,0,4,247,7,258,0,19,294,7,320,115,2,117,437
05/24/2009,FRG,NY,AEA,EN,Towers with Radar,0,33,36,2,71,0,4,180,7,191,0,37,216,9,262,148,0,148,410
05/25/2009,FRG,NY,AEA,EN,Towers with Radar,0,40,84,20,144,0,4,409,0,413,0,44,493,20,557,256,0,256,813
05/26/2009,FRG,NY,AEA,EN,Towers with Radar,0,37,51,6,94,0,0,201,2,203,0,37,252,8,297,158,0,158,455
05/27/2009,FRG,NY,AEA,EN,Towers with Radar,0,39,88,6,133,0,0,6,0,6,0,39,94,6,139,28,0,28,167
05/28/2009,FRG,NY,AEA,EN,Towers with Radar,0,57,69,0,126,0,0,0,1,1,0,57,69,1,127,5,0,5,132
05/29/2009,FRG,NY,AEA,EN,Towers with Radar,0,46,104,0,150,0,0,34,0,34,0,46,138,0,184,6,0,6,190
05/30/2009,FRG,NY,AEA,EN,Towers with Radar,0,15,122,0,137,0,1,304,0,305,0,16,426,0,442,192,0,192,634
05/31/2009,FRG,NY,AEA,EN,Towers with Radar,0,36,23,0,59,0,3,350,0,353,0,39,373,0,412,277,0,277,689
06/01/2009,FRG,NY,AEA,EN,Towers with Radar,0,22,29,0,51,0,1,292,1,294,0,23,321,1,345,200,0,200,545
06/02/2009,FRG,NY,AEA,EN,Towers with Radar,2,21,74,0,97,0,0,200,0,200,2,21,274,0,297,170,0,170,467
06/03/2009,FRG,NY,AEA,EN,Towers with Radar,4,36,80,0,120,0,1,206,0,207,4,37,286,0,327,213,0,213,540
06/04/2009,FRG,NY,AEA,EN,Towers with Radar,0,32,75,0,107,0,2,136,0,138,0,34,211,0,245,184,0,184,429
06/05/2009,FRG,NY,AEA,EN,Towers with Radar,0,39,102,0,141,0,0,4,0,4,0,39,106,0,145,0,0,0,145
06/06/2009,FRG,NY,AEA,EN,Towers with Radar,0,39,86,0,125,0,0,392,2,394,0,39,478,2,519,261,0,261,780
06/07/2009,FRG,NY,AEA,EN,Towers with Radar,2,46,71,0,119,0,5,378,0,383,2,51,449,0,502,266,0,266,768
06/08/2009,FRG,NY,AEA,EN,Towers with Radar,2,39,44,0,85,0,2,241,1,244,2,41,285,1,329,267,0,267,596
06/09/2009,FRG,NY,AEA,EN,Towers with Radar,3,15,67,0,85,0,0,29,0,29,3,15,96,0,114,26,0,26,140
06/10/2009,FRG,NY,AEA,EN,Towers with Radar,0,32,139,0,171,0,0,30,0,30,0,32,169,0,201,11,0,11,212
06/11/2009,FRG,NY,AEA,EN,Towers with Radar,0,24,102,0,126,0,0,0,0,0,0,24,102,0,126,0,0,0,126
06/12/2009,FRG,NY,AEA,EN,Towers with Radar,0,36,78,0,114,0,1,65,0,66,0,37,143,0,180,76,0,76,256
06/13/2009,FRG,NY,AEA,EN,Towers with Radar,0,39,91,0,130,0,1,252,0,253,0,40,343,0,383,322,0,322,705
06/14/2009,FRG,NY,AEA,EN,Towers with Radar,0,45,130,0,175,0,1,160,0,161,0,46,290,0,336,212,0,212,548
06/15/2009,FRG,NY,AEA,EN,Towers with Radar,0,56,91,0,147,0,0,153,0,153,0,56,244,0,300,184,0,184,484
06/16/2009,FRG,NY,AEA,EN,Towers with Radar,0,62,92,0,154,0,0,165,0,165,0,62,257,0,319,238,0,238,557
06/17/2009,FRG,NY,AEA,EN,Towers with Radar,0,47,93,0,140,0,0,420,1,421,0,47,513,1,561,194,0,194,755
06/18/2009,FRG,NY,AEA,EN,Towers with Radar,0,53,138,2,193,0,0,14,0,14,0,53,152,2,207,4,0,4,211
06/19/2009,FRG,NY,AEA,EN,Towers with Radar,0,44,163,1,208,0,0,138,0,138,0,44,301,1,346,158,0,158,504
06/20/2009,FRG,NY,AEA,EN,Towers with Radar,0,55,94,0,149,0,1,110,0,111,0,56,204,0,260,74,0,74,334
06/21/2009,FRG,NY,AEA,EN,Towers with Radar,0,61,129,2,192,0,0,94,0,94,0,61,223,2,286,94,0,94,380
06/22/2009,FRG,NY,AEA,EN,Towers with Radar,0,63,95,0,158,0,0,116,0,116,0,63,211,0,274,270,0,270,544
06/23/2009,FRG,NY,AEA,EN,Towers with Radar,2,33,46,2,83,0,2,183,0,185,2,35,229,2,268,131,0,131,399
06/24/2009,FRG,NY,AEA,EN,Towers with Radar,2,43,140,0,185,0,0,95,0,95,2,43,235,0,280,222,0,222,502
06/25/2009,FRG,NY,AEA,EN,Towers with Radar,1,31,119,0,151,0,0,251,0,251,1,31,370,0,402,274,0,274,676
06/26/2009,FRG,NY,AEA,EN,Towers with Radar,0,26,83,0,109,0,0,57,0,57,0,26,140,0,166,16,0,16,182
06/27/2009,FRG,NY,AEA,EN,Towers with Radar,0,26,62,2,90,0,0,262,0,262,0,26,324,2,352,196,0,196,548
06/28/2009,FRG,NY,AEA,EN,Towers with Radar,2,38,96,2,138,0,1,251,0,252,2,39,347,2,390,277,0,277,667
06/29/2009,FRG,NY,AEA,EN,Towers with Radar,2,37,80,0,119,0,0,224,1,225,2,37,304,1,344,162,0,162,506
06/30/2009,FRG,NY,AEA,EN,Towers with Radar,3,22,68,0,93,0,4,178,0,182,3,26,246,0,275,208,0,208,483
07/01/2009,FRG,NY,AEA,EN,Towers with Radar,0,50,95,0,145,0,1,118,0,119,0,51,213,0,264,54,0,54,318
07/02/2009,FRG,NY,AEA,EN,Towers with Radar,0,55,82,0,137,0,4,101,0,105,0,59,183,0,242,51,0,51,293
07/03/2009,FRG,NY,AEA,EN,Towers with Radar,0,36,79,0,115,0,0,279,0,279,0,36,358,0,394,314,0,314,708
07/04/2009,FRG,NY,AEA,EN,Towers with Radar,0,19,38,0,57,0,0,216,0,216,0,19,254,0,273,63,0,63,336
07/05/2009,FRG,NY,AEA,EN,Towers with Radar,2,47,68,0,117,0,0,342,0,342,2,47,410,0,459,158,0,158,617
07/06/2009,FRG,NY,AEA,EN,Towers with Radar,0,39,54,0,93,0,0,275,0,275,0,39,329,0,368,148,0,148,516
07/07/2009,FRG,NY,AEA,EN,Towers with Radar,2,52,67,8,129,0,0,165,0,165,2,52,232,8,294,137,0,137,431
07/08/2009,FRG,NY,AEA,EN,Towers with Radar,0,53,58,0,111,0,0,258,0,258,0,53,316,0,369,228,0,228,597
07/09/2009,FRG,NY,AEA,EN,Towers with Radar,0,52,86,0,138,0,0,186,0,186,0,52,272,0,324,243,0,243,567
07/10/2009,FRG,NY,AEA,EN,Towers with Radar,0,45,77,2,124,0,2,354,0,356,0,47,431,2,480,184,2,186,666
07/11/2009,FRG,NY,AEA,EN,Towers with Radar,0,32,63,0,95,0,0,199,0,199,0,32,262,0,294,118,0,118,412
07/12/2009,FRG,NY,AEA,EN,Towers with Radar,0,55,91,2,148,0,6,356,0,362,0,61,447,2,510,143,0,143,653
07/13/2009,FRG,NY,AEA,EN,Towers with Radar,2,37,71,0,110,0,2,263,0,265,2,39,334,0,375,207,0,207,582
07/14/2009,FRG,NY,AEA,EN,Towers with Radar,0,26,78,0,104,0,2,271,0,273,0,28,349,0,377,191,0,191,568
07/15/2009,FRG,NY,AEA,EN,Towers with Radar,0,31,72,0,103,0,1,299,1,301,0,32,371,1,404,169,0,169,573
07/16/2009,FRG,NY,AEA,EN,Towers with Radar,0,49,106,0,155,0,2,150,1,153,0,51,256,1,308,89,0,89,397
07/17/2009,FRG,NY,AEA,EN,Towers with Radar,0,43,77,3,123,0,0,202,0,202,0,43,279,3,325,274,0,274,599
07/18/2009,FRG,NY,AEA,EN,Towers with Radar,0,29,76,0,105,0,0,189,0,189,0,29,265,0,294,108,0,108,402
07/19/2009,FRG,NY,AEA,EN,Towers with Radar,0,43,79,2,124,0,4,374,0,378,0,47,453,2,502,90,0,90,592
07/20/2009,FRG,NY,AEA,EN,Towers with Radar,0,45,48,0,93,0,1,196,0,197,0,46,244,0,290,197,0,197,487
07/21/2009,FRG,NY,AEA,EN,Towers with Radar,0,47,90,0,137,0,0,11,0,11,0,47,101,0,148,7,0,7,155
07/22/2009,FRG,NY,AEA,EN,Towers with Radar,0,36,100,0,136,0,2,202,0,204,0,38,302,0,340,219,0,219,559
07/23/2009,FRG,NY,AEA,EN,Towers with Radar,0,38,106,4,148,0,0,62,0,62,0,38,168,4,210,23,0,23,233
07/24/2009,FRG,NY,AEA,EN,Towers with Radar,0,58,92,4,154,0,2,227,0,229,0,60,319,4,383,134,0,134,517
07/25/2009,FRG,NY,AEA,EN,Towers with Radar,0,35,86,2,123,0,1,290,1,292,0,36,376,3,415,202,0,202,617
07/26/2009,FRG,NY,AEA,EN,Towers with Radar,1,60,100,0,161,0,1,92,0,93,1,61,192,0,254,68,0,68,322
07/27/2009,FRG,NY,AEA,EN,Towers with Radar,0,28,62,0,90,0,1,138,0,139,0,29,200,0,229,160,0,160,389
07/28/2009,FRG,NY,AEA,EN,Towers with Radar,0,20,79,0,99,0,0,198,0,198,0,20,277,0,297,137,0,137,434
07/29/2009,FRG,NY,AEA,EN,Towers with Radar,0,42,100,4,146,0,0,15,0,15,0,42,115,4,161,0,0,0,161
07/30/2009,FRG,NY,AEA,EN,Towers with Radar,0,57,119,0,176,0,2,183,0,185,0,59,302,0,361,146,0,146,507
07/31/2009,FRG,NY,AEA,EN,Towers with Radar,0,40,107,4,151,0,1,45,0,46,0,41,152,4,197,12,0,12,209
08/01/2009,FRG,NY,AEA,EN,Towers with Radar,0,37,94,0,131,0,2,317,2,321,0,39,411,2,452,204,0,204,656
08/02/2009,FRG,NY,AEA,EN,Towers with Radar,0,55,102,0,157,0,0,35,0,35,0,55,137,0,192,12,0,12,204
08/03/2009,FRG,NY,AEA,EN,Towers with Radar,0,42,66,0,108,0,3,205,0,208,0,45,271,0,316,250,0,250,566
08/04/2009,FRG,NY,AEA,EN,Towers with Radar,0,23,59,0,82,0,0,281,0,281,0,23,340,0,363,226,0,226,589
08/05/2009,FRG,NY,AEA,EN,Towers with Radar,0,37,69,4,110,0,2,180,1,183,0,39,249,5,293,230,0,230,523
08/06/2009,FRG,NY,AEA,EN,Towers with Radar,0,39,108,0,147,0,3,242,5,250,0,42,350,5,397,192,0,192,589
08/07/2009,FRG,NY,AEA,EN,Towers with Radar,0,65,88,0,153,0,1,403,1,405,0,66,491,1,558,266,0,266,824
08/08/2009,FRG,NY,AEA,EN,Towers with Radar,0,35,71,2,108,0,0,361,0,361,0,35,432,2,469,178,0,178,647
08/09/2009,FRG,NY,AEA,EN,Towers with Radar,0,46,133,0,179,0,2,108,0,110,0,48,241,0,289,100,0,100,389
08/10/2009,FRG,NY,AEA,EN,Towers with Radar,0,19,77,2,98,0,4,246,0,250,0,23,323,2,348,170,0,170,518
08/11/2009,FRG,NY,AEA,EN,Towers with Radar,0,34,37,0,71,0,4,258,0,262,0,38,295,0,333,257,0,257,590
08/12/2009,FRG,NY,AEA,EN,Towers with Radar,0,63,150,2,215,0,2,112,2,116,0,65,262,4,331,36,0,36,367
08/13/2009,FRG,NY,AEA,EN,Towers with Radar,0,47,101,0,148,0,2,100,0,102,0,49,201,0,250,141,0,141,391
08/14/2009,FRG,NY,AEA,EN,Towers with Radar,0,41,89,0,130,0,2,388,4,394,0,43,477,4,524,234,0,234,758
08/15/2009,FRG,NY,AEA,EN,Towers with Radar,0,30,65,0,95,0,4,313,0,317,0,34,378,0,412,202,0,202,614
08/16/2009,FRG,NY,AEA,EN,Towers with Radar,0,57,108,0,165,0,3,341,0,344,0,60,449,0,509,208,0,208,717
08/17/2009,FRG,NY,AEA,EN,Towers with Radar,0,38,56,0,94,0,1,297,0,298,0,39,353,0,392,141,0,141,533
08/18/2009,FRG,NY,AEA,EN,Towers with Radar,0,36,76,0,112,0,8,241,0,249,0,44,317,0,361,183,0,183,544
08/19/2009,FRG,NY,AEA,EN,Towers with Radar,0,39,92,0,131,0,2,292,2,296,0,41,384,2,427,139,0,139,566
08/20/2009,FRG,NY,AEA,EN,Towers with Radar,0,50,85,0,135,0,2,222,0,224,0,52,307,0,359,198,0,198,557
08/21/2009,FRG,NY,AEA,EN,Towers with Radar,0,51,83,0,134,0,0,219,0,219,0,51,302,0,353,100,0,100,453
08/22/2009,FRG,NY,AEA,EN,Towers with Radar,0,34,62,0,96,0,0,106,0,106,0,34,168,0,202,130,0,130,332
08/23/2009,FRG,NY,AEA,EN,Towers with Radar,0,54,85,0,139,0,0,184,0,184,0,54,269,0,323,205,0,205,528
08/24/2009,FRG,NY,AEA,EN,Towers with Radar,0,27,70,0,97,0,1,228,0,229,0,28,298,0,326,194,0,194,520
08/25/2009,FRG,NY,AEA,EN,Towers with Radar,0,32,70,0,102,0,0,336,0,336,0,32,406,0,438,174,0,174,612
08/26/2009,FRG,NY,AEA,EN,Towers with Radar,0,38,103,0,141,0,4,355,0,359,0,42,458,0,500,198,0,198,698
08/27/2009,FRG,NY,AEA,EN,Towers with Radar,0,54,66,0,120,0,1,332,0,333,0,55,398,0,453,208,0,208,661
08/28/2009,FRG,NY,AEA,EN,Towers with Radar,0,43,74,0,117,0,0,78,0,78,0,43,152,0,195,36,0,36,231
08/29/2009,FRG,NY,AEA,EN,Towers with Radar,0,23,78,0,101,0,0,2,0,2,0,23,80,0,103,10,0,10,113
08/30/2009,FRG,NY,AEA,EN,Towers with Radar,0,45,92,0,137,0,0,259,0,259,0,45,351,0,396,241,0,241,637
08/31/2009,FRG,NY,AEA,EN,Towers with Radar,0,25,53,0,78,0,1,283,1,285,0,26,336,1,363,147,0,147,510
09/01/2009,FRG,NY,AEA,EN,Towers with Radar,0,23,66,0,89,0,4,292,1,297,0,27,358,1,386,159,0,159,545
09/02/2009,FRG,NY,AEA,EN,Towers with Radar,0,25,51,0,76,0,5,350,1,356,0,30,401,1,432,270,0,270,702
09/03/2009,FRG,NY,AEA,EN,Towers with Radar,0,50,80,0,130,0,0,328,0,328,0,50,408,0,458,274,0,274,732
09/04/2009,FRG,NY,AEA,EN,Towers with Radar,0,57,92,0,149,0,2,410,0,412,0,59,502,0,561,244,0,244,805
09/05/2009,FRG,NY,AEA,EN,Towers with Radar,0,27,67,0,94,0,0,401,0,401,0,27,468,0,495,202,0,202,697
09/06/2009,FRG,NY,AEA,EN,Towers with Radar,0,21,57,0,78,0,3,316,0,319,0,24,373,0,397,170,0,170,567
09/07/2009,FRG,NY,AEA,EN,Towers with Radar,0,48,101,0,149,0,2,389,0,391,0,50,490,0,540,130,0,130,670
09/08/2009,FRG,NY,AEA,EN,Towers with Radar,0,36,49,0,85,0,6,245,0,251,0,42,294,0,336,291,0,291,627
09/09/2009,FRG,NY,AEA,EN,Towers with Radar,0,28,92,0,120,0,5,190,2,197,0,33,282,2,317,116,0,116,433
09/10/2009,FRG,NY,AEA,EN,Towers with Radar,0,47,116,0,163,0,1,135,0,136,0,48,251,0,299,42,0,42,341
09/11/2009,FRG,NY,AEA,EN,Towers with Radar,2,55,64,0,121,0,0,13,0,13,2,55,77,0,134,0,0,0,134
09/12/2009,FRG,NY,AEA,EN,Towers with Radar,2,24,88,0,114,0,0,58,2,60,2,24,146,2,174,176,0,176,350
09/13/2009,FRG,NY,AEA,EN,Towers with Radar,0,42,80,0,122,0,0,341,0,341,0,42,421,0,463,222,0,222,685
09/14/2009,FRG,NY,AEA,EN,Towers with Radar,1,34,111,0,146,0,1,241,0,242,1,35,352,0,388,138,0,138,526
09/15/2009,FRG,NY,AEA,EN,Towers with Radar,2,29,46,0,77,0,0,338,2,340,2,29,384,2,417,362,0,362,779
09/16/2009,FRG,NY,AEA,EN,Towers with Radar,0,37,127,0,164,0,2,143,1,146,0,39,270,1,310,170,0,170,480
09/17/2009,FRG,NY,AEA,EN,Towers with Radar,0,47,69,1,117,0,2,271,2,275,0,49,340,3,392,236,0,236,628
09/18/2009,FRG,NY,AEA,EN,Towers with Radar,0,64,78,0,142,0,2,283,4,289,0,66,361,4,431,234,0,234,665
09/19/2009,FRG,NY,AEA,EN,Towers with Radar,0,30,42,0,72,0,0,437,6,443,0,30,479,6,515,270,0,270,785
09/20/2009,FRG,NY,AEA,EN,Towers with Radar,0,57,80,0,137,0,2,442,0,444,0,59,522,0,581,202,0,202,783
09/21/2009,FRG,NY,AEA,EN,Towers with Radar,5,43,95,2,145,0,1,297,1,299,5,44,392,3,444,100,0,100,544
09/22/2009,FRG,NY,AEA,EN,Towers with Radar,2,33,100,6,141,0,0,272,0,272,2,33,372,6,413,39,0,39,452
09/23/2009,FRG,NY,AEA,EN,Towers with Radar,4,41,155,0,200,0,0,137,0,137,4,41,292,0,337,10,0,10,347
09/24/2009,FRG,NY,AEA,EN,Towers with Radar,1,20,106,0,127,0,0,305,1,306,1,20,411,1,433,38,0,38,471
09/25/2009,FRG,NY,AEA,EN,Towers with Radar,5,41,84,0,130,0,1,341,0,342,5,42,425,0,472,158,0,158,630
09/26/2009,FRG,NY,AEA,EN,Towers with Radar,1,24,113,0,138,0,2,466,2,470,1,26,579,2,608,288,0,288,896
09/27/2009,FRG,NY,AEA,EN,Towers with Radar,0,42,72,0,114,0,2,3,0,5,0,44,75,0,119,4,0,4,123
09/28/2009,FRG,NY,AEA,EN,Towers with Radar,0,20,43,0,63,0,4,210,1,215,0,24,253,1,278,164,0,164,442
09/29/2009,FRG,NY,AEA,EN,Towers with Radar,0,31,46,0,77,0,0,153,0,153,0,31,199,0,230,144,0,144,374
09/30/2009,FRG,NY,AEA,EN,Towers with Radar,0,28,78,0,106,0,3,283,1,287,0,31,361,1,393,344,0,344,737
10/01/2009,FRG,NY,AEA,EN,Towers with Radar,2,43,77,0,122,0,5,350,2,357,2,48,427,2,479,428,0,428,907
10/02/2009,FRG,NY,AEA,EN,Towers with Radar,0,60,75,0,135,0,0,335,0,335,0,60,410,0,470,320,0,320,790
10/03/2009,FRG,NY,AEA,EN,Towers with Radar,0,21,83,0,104,0,0,24,0,24,0,21,107,0,128,24,0,24,152
10/04/2009,FRG,NY,AEA,EN,Towers with Radar,2,30,71,0,103,0,4,307,0,311,2,34,378,0,414,418,0,418,832
10/05/2009,FRG,NY,AEA,EN,Towers with Radar,1,27,53,1,82,0,5,295,1,301,1,32,348,2,383,269,0,269,652
10/06/2009,FRG,NY,AEA,EN,Towers with Radar,4,19,43,1,67,0,6,328,2,336,4,25,371,3,403,363,0,363,766
10/07/2009,FRG,NY,AEA,EN,Towers with Radar,4,37,65,0,106,0,3,64,3,70,4,40,129,3,176,10,0,10,186
10/08/2009,FRG,NY,AEA,EN,Towers with Radar,0,59,62,2,123,0,9,322,4,335,0,68,384,6,458,274,0,274,732
10/09/2009,FRG,NY,AEA,EN,Towers with Radar,0,68,96,0,164,0,3,179,1,183,0,71,275,1,347,299,0,299,646
10/10/2009,FRG,NY,AEA,EN,Towers with Radar,0,25,85,0,110,0,0,218,0,218,0,25,303,0,328,354,0,354,682
10/11/2009,FRG,NY,AEA,EN,Towers with Radar,2,30,61,0,93,0,0,401,2,403,2,30,462,2,496,246,0,246,742
10/12/2009,FRG,NY,AEA,EN,Towers with Radar,2,50,69,0,121,0,0,337,0,337,2,50,406,0,458,380,0,380,838
10/13/2009,FRG,NY,AEA,EN,Towers with Radar,1,31,44,0,76,0,5,160,0,165,1,36,204,0,241,254,0,254,495
10/14/2009,FRG,NY,AEA,EN,Towers with Radar,0,29,110,0,139,0,2,273,1,276,0,31,383,1,415,287,0,287,702
10/15/2009,FRG,NY,AEA,EN,Towers with Radar,4,25,60,0,89,0,1,52,0,53,4,26,112,0,142,87,0,87,229
10/16/2009,FRG,NY,AEA,EN,Towers with Radar,0,54,76,0,130,0,0,39,0,39,0,54,115,0,169,50,0,50,219
10/17/2009,FRG,NY,AEA,EN,Towers with Radar,2,36,34,0,72,0,1,122,2,125,2,37,156,2,197,133,0,133,330
10/18/2009,FRG,NY,AEA,EN,Towers with Radar,0,59,71,0,130,0,0,0,0,0,0,59,71,0,130,0,0,0,130
10/19/2009,FRG,NY,AEA,EN,Towers with Radar,3,24,54,2,83,0,0,272,4,276,3,24,326,6,359,382,0,382,741
10/20/2009,FRG,NY,AEA,EN,Towers with Radar,2,33,106,0,141,0,0,284,0,284,2,33,390,0,425,247,0,247,672
10/21/2009,FRG,NY,AEA,EN,Towers with Radar,2,44,89,0,135,0,2,362,0,364,2,46,451,0,499,242,0,242,741
10/22/2009,FRG,NY,AEA,EN,Towers with Radar,0,32,110,0,142,0,1,325,2,328,0,33,435,2,470,264,0,264,734
10/23/2009,FRG,NY,AEA,EN,Towers with Radar,2,40,75,2,119,0,0,200,2,202,2,40,275,4,321,108,0,108,429
10/24/2009,FRG,NY,AEA,EN,Towers with Radar,5,15,46,0,66,0,0,23,0,23,5,15,69,0,89,22,0,22,111
10/25/2009,FRG,NY,AEA,EN,Towers with Radar,4,46,60,2,112,0,2,412,0,414,4,48,472,2,526,230,0,230,756
10/26/2009,FRG,NY,AEA,EN,Towers with Radar,2,34,59,0,95,0,0,357,0,357,2,34,416,0,452,350,0,350,802
10/27/2009,FRG,NY,AEA,EN,Towers with Radar,1,34,116,0,151,0,0,21,0,21,1,34,137,0,172,38,0,38,210
10/28/2009,FRG,NY,AEA,EN,Towers with Radar,2,39,110,0,151,0,0,6,0,6,2,39,116,0,157,0,0,0,157
10/29/2009,FRG,NY,AEA,EN,Towers with Radar,4,50,130,0,184,0,3,293,0,296,4,53,423,0,480,374,0,374,854
10/30/2009,FRG,NY,AEA,EN,Towers with Radar,0,36,81,0,117,0,0,407,0,407,0,36,488,0,524,280,0,280,804
10/31/2009,FRG,NY,AEA,EN,Towers with Radar,9,36,58,0,103,0,0,75,0,75,9,36,133,0,178,60,0,60,238
11/01/2009,FRG,NY,AEA,EN,Towers with Radar,0,32,63,0,95,0,1,251,0,252,0,33,314,0,347,283,0,283,630
11/02/2009,FRG,NY,AEA,EN,Towers with Radar,3,26,54,0,83,0,1,248,2,251,3,27,302,2,334,201,0,201,535
11/03/2009,FRG,NY,AEA,EN,Towers with Radar,4,23,61,3,91,0,0,326,0,326,4,23,387,3,417,280,0,280,697
11/04/2009,FRG,NY,AEA,EN,Towers with Radar,0,46,84,6,136,0,2,336,4,342,0,48,420,10,478,372,2,374,852
11/05/2009,FRG,NY,AEA,EN,Towers with Radar,2,38,80,0,120,0,0,238,0,238,2,38,318,0,358,346,0,346,704
11/06/2009,FRG,NY,AEA,EN,Towers with Radar,4,57,69,3,133,0,1,252,3,256,4,58,321,6,389,187,0,187,576
11/07/2009,FRG,NY,AEA,EN,Towers with Radar,3,35,50,0,88,0,0,321,0,321,3,35,371,0,409,408,0,408,817
11/08/2009,FRG,NY,AEA,EN,Towers with Radar,0,50,84,0,134,0,3,439,2,444,0,53,523,2,578,214,0,214,792
11/09/2009,FRG,NY,AEA,EN,Towers with Radar,4,45,58,1,108,0,6,300,2,308,4,51,358,3,416,136,0,136,552
11/10/2009,FRG,NY,AEA,EN,Towers with Radar,3,41,55,2,101,0,0,288,2,290,3,41,343,4,391,318,0,318,709
11/11/2009,FRG,NY,AEA,EN,Towers with Radar,0,31,55,0,86,0,2,218,0,220,0,33,273,0,306,156,0,156,462
11/12/2009,FRG,NY,AEA,EN,Towers with Radar,0,42,39,0,81,0,0,83,1,84,0,42,122,1,165,46,0,46,211
11/13/2009,FRG,NY,AEA,EN,Towers with Radar,0,34,69,0,103,0,0,30,0,30,0,34,99,0,133,72,0,72,205
11/14/2009,FRG,NY,AEA,EN,Towers with Radar,4,28,63,0,95,0,0,0,0,0,4,28,63,0,95,0,0,0,95
11/15/2009,FRG,NY,AEA,EN,Towers with Radar,0,40,115,0,155,0,1,118,0,119,0,41,233,0,274,94,0,94,368
11/16/2009,FRG,NY,AEA,EN,Towers with Radar,0,24,39,4,67,0,2,287,0,289,0,26,326,4,356,331,0,331,687
11/17/2009,FRG,NY,AEA,EN,Towers with Radar,2,35,53,0,90,0,4,309,2,315,2,39,362,2,405,290,0,290,695
11/18/2009,FRG,NY,AEA,EN,Towers with Radar,0,47,93,1,141,0,1,339,0,340,0,48,432,1,481,356,0,356,837
11/19/2009,FRG,NY,AEA,EN,Towers with Radar,6,41,147,4,198,0,2,83,0,85,6,43,230,4,283,98,0,98,381
11/20/2009,FRG,NY,AEA,EN,Towers with Radar,0,53,91,0,144,0,1,312,0,313,0,54,403,0,457,130,0,130,587
11/21/2009,FRG,NY,AEA,EN,Towers with Radar,0,36,73,0,109,0,1,427,2,430,0,37,500,2,539,278,0,278,817
11/22/2009,FRG,NY,AEA,EN,Towers with Radar,2,56,110,0,168,0,0,389,4,393,2,56,499,4,561,310,0,310,871
11/23/2009,FRG,NY,AEA,EN,Towers with Radar,1,44,71,0,116,0,3,139,2,144,1,47,210,2,260,278,0,278,538
11/24/2009,FRG,NY,AEA,EN,Towers with Radar,1,59,106,0,166,0,0,105,0,105,1,59,211,0,271,120,0,120,391
11/25/2009,FRG,NY,AEA,EN,Towers with Radar,0,76,161,0,237,0,0,16,0,16,0,76,177,0,253,8,0,8,261
11/26/2009,FRG,NY,AEA,EN,Towers with Radar,4,22,44,1,71,0,0,31,0,31,4,22,75,1,102,134,0,134,236
11/27/2009,FRG,NY,AEA,EN,Towers with Radar,4,54,57,0,115,0,1,27,0,28,4,55,84,0,143,91,0,91,234
11/28/2009,FRG,NY,AEA,EN,Towers with Radar,0,28,38,0,66,0,0,72,0,72,0,28,110,0,138,52,0,52,190
11/29/2009,FRG,NY,AEA,EN,Towers with Radar,3,93,141,0,237,0,4,476,3,483,3,97,617,3,720,212,0,212,932
11/30/2009,FRG,NY,AEA,EN,Towers with Radar,3,51,79,0,133,0,0,116,0,116,3,51,195,0,249,185,0,185,434
12/01/2009,FRG,NY,AEA,EN,Towers with Radar,2,30,59,0,91,0,4,270,1,275,2,34,329,1,366,272,0,272,638
12/02/2009,FRG,NY,AEA,EN,Towers with Radar,2,39,87,0,128,0,0,215,1,216,2,39,302,1,344,233,0,233,577
12/03/2009,FRG,NY,AEA,EN,Towers with Radar,0,48,70,0,118,0,3,96,0,99,0,51,166,0,217,78,0,78,295
12/04/2009,FRG,NY,AEA,EN,Towers with Radar,4,46,77,0,127,0,1,395,0,396,4,47,472,0,523,270,0,270,793
12/05/2009,FRG,NY,AEA,EN,Towers with Radar,4,14,38,0,56,0,0,35,0,35,4,14,73,0,91,88,0,88,179
12/06/2009,FRG,NY,AEA,EN,Towers with Radar,0,55,52,0,107,0,0,366,1,367,0,55,418,1,474,196,0,196,670
12/07/2009,FRG,NY,AEA,EN,Towers with Radar,0,37,44,0,81,0,3,264,6,273,0,40,308,6,354,238,0,238,592
12/08/2009,FRG,NY,AEA,EN,Towers with Radar,2,44,56,0,102,0,0,309,1,310,2,44,365,1,412,232,0,232,644
12/09/2009,FRG,NY,AEA,EN,Towers with Radar,0,32,35,0,67,0,1,35,0,36,0,33,70,0,103,30,0,30,133
12/10/2009,FRG,NY,AEA,EN,Towers with Radar,0,27,53,0,80,0,0,112,1,113,0,27,165,1,193,52,0,52,245
12/11/2009,FRG,NY,AEA,EN,Towers with Radar,4,42,79,0,125,0,1,181,2,184,4,43,260,2,309,30,0,30,339
12/12/2009,FRG,NY,AEA,EN,Towers with Radar,4,18,33,0,55,0,2,294,4,300,4,20,327,4,355,262,0,262,617
12/13/2009,FRG,NY,AEA,EN,Towers with Radar,0,31,49,0,80,0,0,67,0,67,0,31,116,0,147,116,0,116,263
12/14/2009,FRG,NY,AEA,EN,Towers with Radar,3,20,51,0,74,0,2,243,0,245,3,22,294,0,319,240,0,240,559
12/15/2009,FRG,NY,AEA,EN,Towers with Radar,0,42,68,9,119,0,0,141,0,141,0,42,209,9,260,168,0,168,428
12/16/2009,FRG,NY,AEA,EN,Towers with Radar,0,46,81,2,129,0,6,212,2,220,0,52,293,4,349,166,0,166,515
12/17/2009,FRG,NY,AEA,EN,Towers with Radar,0,33,69,0,102,0,7,259,0,266,0,40,328,0,368,136,0,136,504
12/18/2009,FRG,NY,AEA,EN,Towers with Radar,2,70,65,0,137,0,5,362,2,369,2,75,427,2,506,210,0,210,716
12/19/2009,FRG,NY,AEA,EN,Towers with Radar,0,11,41,0,52,0,0,45,0,45,0,11,86,0,97,112,0,112,209
12/20/2009,FRG,NY,AEA,EN,Towers with Radar,2,41,48,0,91,0,2,15,0,17,2,43,63,0,108,8,0,8,116
12/21/2009,FRG,NY,AEA,EN,Towers with Radar,2,49,77,0,128,0,0,96,0,96,2,49,173,0,224,44,0,44,268
12/22/2009,FRG,NY,AEA,EN,Towers with Radar,1,34,55,0,90,0,0,162,0,162,1,34,217,0,252,108,0,108,360
12/23/2009,FRG,NY,AEA,EN,Towers with Radar,2,68,69,0,139,0,1,188,0,189,2,69,257,0,328,100,0,100,428
12/24/2009,FRG,NY,AEA,EN,Towers with Radar,0,44,40,0,84,0,0,153,3,156,0,44,193,3,240,134,0,134,374
12/25/2009,FRG,NY,AEA,EN,Towers with Radar,0,55,28,0,83,0,0,14,1,15,0,55,42,1,98,8,0,8,106
12/26/2009,FRG,NY,AEA,EN,Towers with Radar,1,80,61,0,142,0,0,0,0,0,1,80,61,0,142,10,0,10,152
12/27/2009,FRG,NY,AEA,EN,Towers with Radar,3,65,84,0,152,0,3,236,0,239,3,68,320,0,391,86,0,86,477
12/28/2009,FRG,NY,AEA,EN,Towers with Radar,5,35,34,2,76,0,0,69,0,69,5,35,103,2,145,45,0,45,190
12/29/2009,FRG,NY,AEA,EN,Towers with Radar,0,25,27,0,52,0,0,17,0,17,0,25,44,0,69,6,0,6,75
12/30/2009,FRG,NY,AEA,EN,Towers with Radar,4,37,40,0,81,0,2,249,2,253,4,39,289,2,334,223,0,223,557
12/31/2009,FRG,NY,AEA,EN,Towers with Radar,0,29,20,0,49,0,0,6,0,6,0,29,26,0,55,16,0,16,71
01/01/2010,FRG,NY,AEA,EN,Towers with Radar,2,43,17,0,62,0,0,4,0,4,2,43,21,0,66,14,0,14,80
01/02/2010,FRG,NY,AEA,EN,Towers with Radar,4,104,79,0,187,0,1,11,0,12,4,105,90,0,199,8,0,8,207
01/03/2010,FRG,NY,AEA,EN,Towers with Radar,1,105,161,1,268,0,0,6,0,6,1,105,167,1,274,16,0,16,290
01/04/2010,FRG,NY,AEA,EN,Towers with Radar,2,39,49,0,90,0,4,183,0,187,2,43,232,0,277,84,0,84,361
01/05/2010,FRG,NY,AEA,EN,Towers with Radar,2,41,55,4,102,0,4,159,0,163,2,45,214,4,265,146,0,146,411
01/06/2010,FRG,NY,AEA,EN,Towers with Radar,0,24,51,7,82,0,0,195,8,203,0,24,246,15,285,122,0,122,407
01/07/2010,FRG,NY,AEA,EN,Towers with Radar,0,26,55,0,81,0,0,266,2,268,0,26,321,2,349,272,0,272,621
01/08/2010,FRG,NY,AEA,EN,Towers with Radar,0,47,56,0,103,0,1,28,0,29,0,48,84,0,132,26,0,26,158
01/09/2010,FRG,NY,AEA,EN,Towers with Radar,0,21,32,0,53,0,0,209,9,218,0,21,241,9,271,208,0,208,479
01/10/2010,FRG,NY,AEA,EN,Towers with Radar,1,49,57,0,107,0,1,288,0,289,1,50,345,0,396,192,0,192,588
01/11/2010,FRG,NY,AEA,EN,Towers with Radar,1,28,42,0,71,0,0,232,2,234,1,28,274,2,305,168,0,168,473
01/12/2010,FRG,NY,AEA,EN,Towers with Radar,2,44,66,0,112,0,2,176,0,178,2,46,242,0,290,86,0,86,376
01/13/2010,FRG,NY,AEA,EN,Towers with Radar,0,45,72,0,117,0,0,221,3,224,0,45,293,3,341,110,0,110,451
01/14/2010,FRG,NY,AEA,EN,Towers with Radar,0,31,57,4,92,0,4,330,0,334,0,35,387,4,426,254,0,254,680
01/15/2010,FRG,NY,AEA,EN,Towers with Radar,2,64,94,0,160,0,2,241,0,243,2,66,335,0,403,152,0,152,555
01/16/2010,FRG,NY,AEA,EN,Towers with Radar,1,16,38,0,55,0,0,357,0,357,1,16,395,0,412,223,0,223,635
01/17/2010,FRG,NY,AEA,EN,Towers with Radar,6,27,45,0,78,0,0,61,0,61,6,27,106,0,139,146,0,146,285
01/18/2010,FRG,NY,AEA,EN,Towers with Radar,2,77,86,0,165,0,0,136,0,136,2,77,222,0,301,92,0,92,393
01/19/2010,FRG,NY,AEA,EN,Towers with Radar,0,44,47,0,91,0,3,139,0,142,0,47,186,0,233,204,0,204,437
01/20/2010,FRG,NY,AEA,EN,Towers with Radar,3,44,66,0,113,0,2,217,0,219,3,46,283,0,332,141,0,141,473
01/21/2010,FRG,NY,AEA,EN,Towers with Radar,2,40,67,0,109,0,3,280,2,285,2,43,347,2,394,224,0,224,618
01/22/2010,FRG,NY,AEA,EN,Towers with Radar,0,63,63,0,126,0,2,242,2,246,0,65,305,2,372,126,0,126,498
01/23/2010,FRG,NY,AEA,EN,Towers with Radar,0,44,58,0,102,0,0,444,0,444,0,44,502,0,546,334,0,334,880
01/24/2010,FRG,NY,AEA,EN,Towers with Radar,0,88,111,0,199,0,1,124,5,130,0,89,235,5,329,132,0,132,461
01/25/2010,FRG,NY,AEA,EN,Towers with Radar,4,55,47,0,106,0,0,2,0,2,4,55,49,0,108,0,0,0,108
01/26/2010,FRG,NY,AEA,EN,Towers with Radar,3,46,56,0,105,0,3,151,2,156,3,49,207,2,261,138,0,138,399
01/27/2010,FRG,NY,AEA,EN,Towers with Radar,4,49,44,0,97,0,3,323,4,330,4,52,367,4,427,330,0,330,757
01/28/2010,FRG,NY,AEA,EN,Towers with Radar,0,54,58,0,112,0,1,75,0,76,0,55,133,0,188,94,0,94,282
01/29/2010,FRG,NY,AEA,EN,Towers with Radar,0,63,47,0,110,0,7,165,0,172,0,70,212,0,282,76,0,76,358
01/30/2010,FRG,NY,AEA,EN,Towers with Radar,0,30,28,0,58,0,0,196,0,196,0,30,224,0,254,226,0,226,480
01/31/2010,FRG,NY,AEA,EN,Towers with Radar,0,59,70,0,129,0,2,281,0,283,0,61,351,0,412,204,0,204,616
02/01/2010,FRG,NY,AEA,EN,Towers with Radar,0,31,29,0,60,0,2,264,1,267,0,33,293,1,327,229,0,229,556
02/02/2010,FRG,NY,AEA,EN,Towers with Radar,0,22,47,0,69,0,1,213,2,216,0,23,260,2,285,246,0,246,531
02/03/2010,FRG,NY,AEA,EN,Towers with Radar,0,47,84,0,131,0,2,109,0,111,0,49,193,0,242,94,0,94,336
02/04/2010,FRG,NY,AEA,EN,Towers with Radar,0,47,69,0,116,0,0,285,2,287,0,47,354,2,403,222,0,222,625
02/05/2010,FRG,NY,AEA,EN,Towers with Radar,2,36,64,0,102,0,4,301,0,305,2,40,365,0,407,292,0,292,699
02/06/2010,FRG,NY,AEA,EN,Towers with Radar,1,26,4,0,31,0,2,10,0,12,1,28,14,0,43,4,0,4,47
02/07/2010,FRG,NY,AEA,EN,Towers with Radar,0,47,60,0,107,0,2,194,0,196,0,49,254,0,303,146,0,146,449
02/08/2010,FRG,NY,AEA,EN,Towers with Radar,5,41,62,0,108,0,0,220,0,220,5,41,282,0,328,112,0,112,440
02/09/2010,FRG,NY,AEA,EN,Towers with Radar,0,61,69,0,130,0,2,272,1,275,0,63,341,1,405,204,0,204,609
02/10/2010,FRG,NY,AEA,EN,Towers with Radar,0,0,4,0,4,0,0,0,0,0,0,0,4,0,4,0,0,0,4
02/11/2010,FRG,NY,AEA,EN,Towers with Radar,4,56,95,0,155,0,4,88,0,92,4,60,183,0,247,2,0,2,249
02/12/2010,FRG,NY,AEA,EN,Towers with Radar,3,115,94,0,212,0,2,230,0,232,3,117,324,0,444,142,0,142,586
02/13/2010,FRG,NY,AEA,EN,Towers with Radar,0,62,75,0,137,0,2,225,0,227,0,64,300,0,364,160,0,160,524
02/14/2010,FRG,NY,AEA,EN,Towers with Radar,2,35,43,0,80,0,0,135,0,135,2,35,178,0,215,106,0,106,321
02/15/2010,FRG,NY,AEA,EN,Towers with Radar,0,65,50,0,115,0,3,282,2,287,0,68,332,2,402,168,0,168,570
02/16/2010,FRG,NY,AEA,EN,Towers with Radar,0,32,45,0,77,0,2,1,0,3,0,34,46,0,80,4,0,4,84
02/17/2010,FRG,NY,AEA,EN,Towers with Radar,0,44,63,0,107,0,1,199,0,200,0,45,262,0,307,160,0,160,467
02/18/2010,FRG,NY,AEA,EN,Towers with Radar,0,39,48,0,87,0,0,216,0,216,0,39,264,0,303,204,0,204,507
02/19/2010,FRG,NY,AEA,EN,Towers with Radar,0,57,60,0,117,0,5,163,0,168,0,62,223,0,285,90,0,90,375
02/20/2010,FRG,NY,AEA,EN,Towers with Radar,0,37,84,0,121,0,0,337,0,337,0,37,421,0,458,187,0,187,645
02/21/2010,FRG,NY,AEA,EN,Towers with Radar,0,91,103,0,194,0,1,308,0,309,0,92,411,0,503,94,0,94,597
02/22/2010,FRG,NY,AEA,EN,Towers with Radar,0,39,61,0,100,0,0,289,0,289,0,39,350,0,389,234,0,234,623
02/23/2010,FRG,NY,AEA,EN,Towers with Radar,0,30,34,0,64,0,0,11,0,11,0,30,45,0,75,0,0,0,75
02/24/2010,FRG,NY,AEA,EN,Towers with Radar,0,47,68,0,115,0,1,2,0,3,0,48,70,0,118,6,0,6,124
02/25/2010,FRG,NY,AEA,EN,Towers with Radar,0,35,51,0,86,0,0,1,0,1,0,35,52,0,87,14,0,14,101
02/26/2010,FRG,NY,AEA,EN,Towers with Radar,0,27,23,0,50,0,0,0,0,0,0,27,23,0,50,0,0,0,50
02/27/2010,FRG,NY,AEA,EN,Towers with Radar,0,13,59,0,72,0,0,72,0,72,0,13,131,0,144,138,0,138,282
02/28/2010,FRG,NY,AEA,EN,Towers with Radar,0,42,95,0,137,0,2,105,0,107,0,44,200,0,244,204,0,204,448
03/01/2010,FRG,NY,AEA,EN,Towers with Radar,2,30,63,0,95,0,0,187,3,190,2,30,250,3,285,137,0,137,422
03/02/2010,FRG,NY,AEA,EN,Towers with Radar,2,35,54,0,91,0,3,255,0,258,2,38,309,0,349,276,0,276,625
03/03/2010,FRG,NY,AEA,EN,Towers with Radar,2,30,42,0,74,0,2,39,0,41,2,32,81,0,115,72,0,72,187
03/04/2010,FRG,NY,AEA,EN,Towers with Radar,0,35,72,0,107,0,3,233,2,238,0,38,305,2,345,274,0,274,619
03/05/2010,FRG,NY,AEA,EN,Towers with Radar,4,44,53,0,101,0,2,230,2,234,4,46,283,2,335,142,0,142,477
03/06/2010,FRG,NY,AEA,EN,Towers with Radar,6,22,56,0,84,0,0,443,2,445,6,22,499,2,529,232,0,232,761
03/07/2010,FRG,NY,AEA,EN,Towers with Radar,0,39,61,0,100,0,2,454,0,456,0,41,515,0,556,264,0,264,820
03/08/2010,FRG,NY,AEA,EN,Towers with Radar,2,32,52,0,86,0,2,358,0,360,2,34,410,0,446,146,0,146,592
03/09/2010,FRG,NY,AEA,EN,Towers with Radar,0,36,77,0,113,0,2,319,0,321,0,38,396,0,434,276,0,276,710
03/10/2010,FRG,NY,AEA,EN,Towers with Radar,4,46,85,0,135,0,2,360,1,363,4,48,445,1,498,220,0,220,718
03/11/2010,FRG,NY,AEA,EN,Towers with Radar,2,40,92,2,136,0,0,98,4,102,2,40,190,6,238,180,0,180,418
03/12/2010,FRG,NY,AEA,EN,Towers with Radar,0,65,110,0,175,0,0,31,0,31,0,65,141,0,206,4,0,4,210
03/13/2010,FRG,NY,AEA,EN,Towers with Radar,0,6,14,0,20,0,0,0,0,0,0,6,14,0,20,0,0,0,20
03/14/2010,FRG,NY,AEA,EN,Towers with Radar,7,63,98,4,172,0,0,6,0,6,7,63,104,4,178,8,0,8,186
03/15/2010,FRG,NY,AEA,EN,Towers with Radar,0,44,28,0,72,0,0,26,0,26,0,44,54,0,98,66,0,66,164
03/16/2010,FRG,NY,AEA,EN,Towers with Radar,0,35,56,0,91,0,0,273,3,276,0,35,329,3,367,244,0,244,611
03/17/2010,FRG,NY,AEA,EN,Towers with Radar,0,45,73,0,118,0,0,371,6,377,0,45,444,6,495,390,0,390,885
03/18/2010,FRG,NY,AEA,EN,Towers with Radar,4,57,67,0,128,0,0,366,2,368,4,57,433,2,496,296,0,296,792
03/19/2010,FRG,NY,AEA,EN,Towers with Radar,0,39,67,0,106,0,0,391,0,391,0,39,458,0,497,454,0,454,951
03/20/2010,FRG,NY,AEA,EN,Towers with Radar,0,50,57,0,107,0,0,472,1,473,0,50,529,1,580,306,0,306,886
03/21/2010,FRG,NY,AEA,EN,Towers with Radar,4,60,93,0,157,0,2,385,0,387,4,62,478,0,544,290,0,290,834
03/22/2010,FRG,NY,AEA,EN,Towers with Radar,0,34,48,0,82,0,5,16,0,21,0,39,64,0,103,6,0,6,109
03/23/2010,FRG,NY,AEA,EN,Towers with Radar,0,53,117,0,170,0,0,3,0,3,0,53,120,0,173,8,0,8,181
03/24/2010,FRG,NY,AEA,EN,Towers with Radar,2,37,54,0,93,0,0,234,0,234,2,37,288,0,327,162,0,162,489
03/25/2010,FRG,NY,AEA,EN,Towers with Radar,3,71,94,0,168,0,3,334,4,341,3,74,428,4,509,213,0,213,722
03/26/2010,FRG,NY,AEA,EN,Towers with Radar,7,86,65,2,160,0,0,123,0,123,7,86,188,2,283,86,0,86,369
03/27/2010,FRG,NY,AEA,EN,Towers with Radar,0,69,57,0,126,0,1,400,0,401,0,70,457,0,527,384,0,384,911
03/28/2010,FRG,NY,AEA,EN,Towers with Radar,0,61,118,0,179,0,0,114,0,114,0,61,232,0,293,100,0,100,393
03/29/2010,FRG,NY,AEA,EN,Towers with Radar,0,32,70,0,102,0,0,2,0,2,0,32,72,0,104,0,0,0,104
03/30/2010,FRG,NY,AEA,EN,Towers with Radar,4,35,37,0,76,0,0,0,0,0,4,35,37,0,76,2,0,2,78
03/31/2010,FRG,NY,AEA,EN,Towers with Radar,6,59,86,0,151,0,4,151,0,155,6,63,237,0,306,196,0,196,502
04/01/2010,FRG,NY,AEA,EN,Towers with Radar,2,82,83,0,167,0,0,376,3,379,2,82,459,3,546,324,0,324,870
04/02/2010,FRG,NY,AEA,EN,Towers with Radar,4,22,61,4,91,0,2,444,0,446,4,24,505,4,537,406,0,406,943
04/03/2010,FRG,NY,AEA,EN,Towers with Radar,4,41,98,0,143,0,0,251,0,251,4,41,349,0,394,320,0,320,714
04/04/2010,FRG,NY,AEA,EN,Towers with Radar,2,68,108,0,178,0,0,221,4,225,2,68,329,4,403,164,0,164,567
04/05/2010,FRG,NY,AEA,EN,Towers with Radar,2,55,89,4,150,0,0,240,0,240,2,55,329,4,390,180,0,180,570
04/06/2010,FRG,NY,AEA,EN,Towers with Radar,2,32,57,0,91,0,1,273,0,274,2,33,330,0,365,282,0,282,647
04/07/2010,FRG,NY,AEA,EN,Towers with Radar,4,47,74,0,125,0,1,366,2,369,4,48,440,2,494,178,0,178,672
04/08/2010,FRG,NY,AEA,EN,Towers with Radar,0,62,52,0,114,0,1,254,1,256,0,63,306,1,370,312,0,312,682
04/09/2010,FRG,NY,AEA,EN,Towers with Radar,2,87,78,0,167,0,2,111,0,113,2,89,189,0,280,183,0,183,463
04/10/2010,FRG,NY,AEA,EN,Towers with Radar,0,49,63,0,112,0,2,246,1,249,0,51,309,1,361,256,0,256,617
04/11/2010,FRG,NY,AEA,EN,Towers with Radar,1,57,74,0,132,0,3,345,0,348,1,60,419,0,480,304,0,304,784
04/12/2010,FRG,NY,AEA,EN,Towers with Radar,0,43,65,0,108,0,2,264,1,267,0,45,329,1,375,232,0,232,607
04/13/2010,FRG,NY,AEA,EN,Towers with Radar,0,30,56,0,86,0,2,200,4,206,0,32,256,4,292,216,0,216,508
04/14/2010,FRG,NY,AEA,EN,Towers with Radar,0,53,66,0,119,0,2,359,5,366,0,55,425,5,485,300,0,300,785
04/15/2010,FRG,NY,AEA,EN,Towers with Radar,0,50,85,0,135,0,4,320,1,325,0,54,405,1,460,318,0,318,778
04/16/2010,FRG,NY,AEA,EN,Towers with Radar,0,57,77,0,134,0,2,198,1,201,0,59,275,1,335,206,0,206,541
04/17/2010,FRG,NY,AEA,EN,Towers with Radar,0,32,55,0,87,0,1,100,0,101,0,33,155,0,188,150,0,150,338
04/18/2010,FRG,NY,AEA,EN,Towers with Radar,0,56,68,0,124,0,0,299,0,299,0,56,367,0,423,286,0,286,709
04/19/2010,FRG,NY,AEA,EN,Towers with Radar,0,28,50,0,78,0,0,268,2,270,0,28,318,2,348,234,0,234,582
04/20/2010,FRG,NY,AEA,EN,Towers with Radar,0,34,61,0,95,0,2,353,1,356,0,36,414,1,451,228,0,228,679
04/21/2010,FRG,NY,AEA,EN,Towers with Radar,0,48,72,0,120,0,3,306,2,311,0,51,378,2,431,268,0,268,699
04/22/2010,FRG,NY,AEA,EN,Towers with Radar,0,67,88,0,155,0,3,175,0,178,0,70,263,0,333,202,0,202,535
04/23/2010,FRG,NY,AEA,EN,Towers with Radar,0,69,39,0,108,0,2,383,2,387,0,71,422,2,495,220,0,220,715
04/24/2010,FRG,NY,AEA,EN,Towers with Radar,0,35,65,0,100,0,0,484,0,484,0,35,549,0,584,402,0,402,986
04/25/2010,FRG,NY,AEA,EN,Towers with Radar,0,72,87,0,159,0,0,1,0,1,0,72,88,0,160,0,0,0,160
04/26/2010,FRG,NY,AEA,EN,Towers with Radar,0,37,94,0,131,0,0,10,0,10,0,37,104,0,141,0,0,0,141
04/27/2010,FRG,NY,AEA,EN,Towers with Radar,0,38,75,8,121,0,2,112,1,115,0,40,187,9,236,178,0,178,414
04/28/2010,FRG,NY,AEA,EN,Towers with Radar,0,53,83,0,136,0,2,140,1,143,0,55,223,1,279,86,0,86,365
04/29/2010,FRG,NY,AEA,EN,Towers with Radar,0,61,77,0,138,0,2,245,1,248,0,63,322,1,386,156,0,156,542
04/30/2010,FRG,NY,AEA,EN,Towers with Radar,0,50,51,0,101,0,0,457,1,458,0,50,508,1,559,366,0,366,925
05/01/2010,FRG,NY,AEA,EN,Towers with Radar,0,29,47,0,76,0,1,445,0,446,0,30,492,0,522,302,0,302,824
05/02/2010,FRG,NY,AEA,EN,Towers with Radar,0,51,82,0,133,0,4,333,0,337,0,55,415,0,470,262,0,262,732
05/03/2010,FRG,NY,AEA,EN,Towers with Radar,4,40,42,7,93,0,2,103,0,105,4,42,145,7,198,182,0,182,380
05/04/2010,FRG,NY,AEA,EN,Towers with Radar,0,19,54,0,73,0,6,261,0,267,0,25,315,0,340,306,0,306,646
05/05/2010,FRG,NY,AEA,EN,Towers with Radar,0,49,67,0,116,0,2,413,0,415,0,51,480,0,531,220,0,220,751
05/06/2010,FRG,NY,AEA,EN,Towers with Radar,0,52,96,14,162,0,2,188,0,190,0,54,284,14,352,156,0,156,508
05/07/2010,FRG,NY,AEA,EN,Towers with Radar,0,53,43,0,96,0,0,401,1,402,0,53,444,1,498,256,0,256,754
05/08/2010,FRG,NY,AEA,EN,Towers with Radar,0,24,40,0,64,0,5,67,0,72,0,29,107,0,136,48,0,48,184
05/09/2010,FRG,NY,AEA,EN,Towers with Radar,0,40,64,0,104,0,3,58,1,62,0,43,122,1,166,33,0,33,199
05/10/2010,FRG,NY,AEA,EN,Towers with Radar,0,37,66,0,103,0,2,280,0,282,0,39,346,0,385,256,0,256,641
05/11/2010,FRG,NY,AEA,EN,Towers with Radar,0,30,72,0,102,0,1,248,6,255,0,31,320,6,357,238,0,238,595
05/12/2010,FRG,NY,AEA,EN,Towers with Radar,0,70,73,0,143,0,0,0,0,0,0,70,73,0,143,6,0,6,149
05/13/2010,FRG,NY,AEA,EN,Towers with Radar,0,52,120,0,172,0,5,334,0,339,0,57,454,0,511,240,0,240,751
05/14/2010,FRG,NY,AEA,EN,Towers with Radar,0,67,71,2,140,0,0,188,0,188,0,67,259,2,328,190,0,190,518
05/15/2010,FRG,NY,AEA,EN,Towers with Radar,0,24,83,0,107,0,2,294,0,296,0,26,377,0,403,238,0,238,641
05/16/2010,FRG,NY,AEA,EN,Towers with Radar,0,67,100,2,169,0,2,474,0,476,0,69,574,2,645,296,0,296,941
05/17/2010,FRG,NY,AEA,EN,Towers with Radar,0,37,36,0,73,0,0,260,0,260,0,37,296,0,333,186,0,186,519
05/18/2010,FRG,NY,AEA,EN,Towers with Radar,0,49,61,0,110,0,2,33,0,35,0,51,94,0,145,22,0,22,167
05/19/2010,FRG,NY,AEA,EN,Towers with Radar,0,43,106,0,149,0,2,151,1,154,0,45,257,1,303,294,0,294,597
05/20/2010,FRG,NY,AEA,EN,Towers with Radar,2,37,42,4,85,0,1,373,3,377,2,38,415,7,462,286,0,286,748
05/21/2010,FRG,NY,AEA,EN,Towers with Radar,0,43,72,0,115,0,2,416,0,418,0,45,488,0,533,310,0,310,843
05/22/2010,FRG,NY,AEA,EN,Towers with Radar,1,27,38,0,66,0,2,322,0,324,1,29,360,0,390,308,0,308,698
05/23/2010,FRG,NY,AEA,EN,Towers with Radar,0,51,83,0,134,0,0,109,0,109,0,51,192,0,243,113,0,113,356
05/24/2010,FRG,NY,AEA,EN,Towers with Radar,0,53,99,0,152,0,1,141,2,144,0,54,240,2,296,146,0,146,442
05/25/2010,FRG,NY,AEA,EN,Towers with Radar,0,37,83,5,125,0,7,374,3,384,0,44,457,8,509,372,0,372,881
05/26/2010,FRG,NY,AEA,EN,Towers with Radar,0,49,71,4,124,0,4,443,3,450,0,53,514,7,574,188,0,188,762
05/27/2010,FRG,NY,AEA,EN,Towers with Radar,0,63,107,18,188,0,5,251,16,272,0,68,358,34,460,129,0,129,589
05/28/2010,FRG,NY,AEA,EN,Towers with Radar,0,102,94,14,210,0,4,373,16,393,0,106,467,30,603,198,4,202,805
05/29/2010,FRG,NY,AEA,EN,Towers with Radar,0,25,46,0,71,0,3,325,10,338,0,28,371,10,409,129,0,129,538
05/30/2010,FRG,NY,AEA,EN,Towers with Radar,0,34,38,18,90,0,3,396,10,409,0,37,434,28,499,100,4,104,603
05/31/2010,FRG,NY,AEA,EN,Towers with Radar,2,65,82,5,154,0,2,364,4,370,2,67,446,9,524,188,0,188,712
06/01/2010,FRG,NY,AEA,EN,Towers with Radar,0,40,49,7,96,0,6,140,0,146,0,46,189,7,242,130,0,130,372
06/02/2010,FRG,NY,AEA,EN,Towers with Radar,2,40,84,9,135,0,1,359,0,360,2,41,443,9,495,276,0,276,771
06/03/2010,FRG,NY,AEA,EN,Towers with Radar,0,67,80,0,147,0,0,108,4,112,0,67,188,4,259,148,0,148,407
06/04/2010,FRG,NY,AEA,EN,Towers with Radar,0,63,73,2,138,0,2,341,0,343,0,65,414,2,481,242,0,242,723
06/05/2010,FRG,NY,AEA,EN,Towers with Radar,0,33,39,0,72,0,1,229,0,230,0,34,268,0,302,224,0,224,526
06/06/2010,FRG,NY,AEA,EN,Towers with Radar,0,38,61,2,101,0,3,168,1,172,0,41,229,3,273,178,0,178,451
06/07/2010,FRG,NY,AEA,EN,Towers with Radar,5,45,48,0,98,0,5,329,4,338,5,50,377,4,436,312,0,312,748
06/08/2010,FRG,NY,AEA,EN,Towers with Radar,2,30,55,0,87,0,3,335,0,338,2,33,390,0,425,340,0,340,765
06/09/2010,FRG,NY,AEA,EN,Towers with Radar,0,68,103,0,171,0,0,171,0,171,0,68,274,0,342,138,0,138,480
06/10/2010,FRG,NY,AEA,EN,Towers with Radar,0,51,96,2,149,0,6,149,0,155,0,57,245,2,304,174,0,174,478
06/11/2010,FRG,NY,AEA,EN,Towers with Radar,0,50,86,3,139,0,0,332,0,332,0,50,418,3,471,286,0,286,757
06/12/2010,FRG,NY,AEA,EN,Towers with Radar,0,23,94,0,117,0,0,196,0,196,0,23,290,0,313,146,0,146,459
06/13/2010,FRG,NY,AEA,EN,Towers with Radar,0,43,136,0,179,0,0,93,0,93,0,43,229,0,272,223,0,223,495
06/14/2010,FRG,NY,AEA,EN,Towers with Radar,3,21,76,8,108,0,2,163,0,165,3,23,239,8,273,218,0,218,491
06/15/2010,FRG,NY,AEA,EN,Towers with Radar,0,32,80,0,112,0,10,383,0,393,0,42,463,0,505,272,0,272,777
06/16/2010,FRG,NY,AEA,EN,Towers with Radar,5,41,98,0,144,0,3,169,2,174,5,44,267,2,318,128,0,128,446
06/17/2010,FRG,NY,AEA,EN,Towers with Radar,0,52,72,0,124,0,2,248,0,250,0,54,320,0,374,184,0,184,558
06/18/2010,FRG,NY,AEA,EN,Towers with Radar,0,52,88,0,140,0,8,445,3,456,0,60,533,3,596,202,0,202,798
06/19/2010,FRG,NY,AEA,EN,Towers with Radar,0,24,90,0,114,0,0,324,0,324,0,24,414,0,438,226,0,226,664
06/20/2010,FRG,NY,AEA,EN,Towers with Radar,2,41,111,0,154,0,0,218,0,218,2,41,329,0,372,222,0,222,594
06/21/2010,FRG,NY,AEA,EN,Towers with Radar,2,35,44,0,81,0,3,343,2,348,2,38,387,2,429,308,0,308,737
06/22/2010,FRG,NY,AEA,EN,Towers with Radar,2,30,65,4,101,0,8,205,0,213,2,38,270,4,314,254,0,254,568
06/23/2010,FRG,NY,AEA,EN,Towers with Radar,0,52,70,0,122,0,6,311,6,323,0,58,381,6,445,184,0,184,629
06/24/2010,FRG,NY,AEA,EN,Towers with Radar,0,54,46,0,100,0,2,200,0,202,0,56,246,0,302,142,0,142,444
06/25/2010,FRG,NY,AEA,EN,Towers with Radar,0,58,76,0,134,0,7,375,0,382,0,65,451,0,516,222,0,222,738
06/26/2010,FRG,NY,AEA,EN,Towers with Radar,0,22,54,0,76,0,0,311,0,311,0,22,365,0,387,318,0,318,705
06/27/2010,FRG,NY,AEA,EN,Towers with Radar,0,55,97,0,152,0,2,265,0,267,0,57,362,0,419,350,0,350,769
06/28/2010,FRG,NY,AEA,EN,Towers with Radar,5,62,68,0,135,0,8,177,0,185,5,70,245,0,320,144,0,144,464
06/29/2010,FRG,NY,AEA,EN,Towers with Radar,0,52,79,0,131,0,10,313,9,332,0,62,392,9,463,199,0,199,662
06/30/2010,FRG,NY,AEA,EN,Towers with Radar,0,56,80,0,136,0,4,329,1,334,0,60,409,1,470,226,0,226,696
07/01/2010,FRG,NY,AEA,EN,Towers with Radar,0,67,77,0,144,0,1,350,0,351,0,68,427,0,495,194,0,194,689
07/02/2010,FRG,NY,AEA,EN,Towers with Radar,0,48,50,0,98,0,4,343,2,349,0,52,393,2,447,180,0,180,627
07/03/2010,FRG,NY,AEA,EN,Towers with Radar,0,22,31,0,53,0,4,345,0,349,0,26,376,0,402,292,0,292,694
07/04/2010,FRG,NY,AEA,EN,Towers with Radar,0,14,38,0,52,0,6,248,0,254,0,20,286,0,306,100,0,100,406
07/05/2010,FRG,NY,AEA,EN,Towers with Radar,0,51,98,0,149,0,15,318,0,333,0,66,416,0,482,160,0,160,642
07/06/2010,FRG,NY,AEA,EN,Towers with Radar,2,40,64,0,106,0,9,242,1,252,2,49,306,1,358,188,0,188,546
07/07/2010,FRG,NY,AEA,EN,Towers with Radar,2,44,75,2,123,0,4,275,1,280,2,48,350,3,403,166,0,166,569
07/08/2010,FRG,NY,AEA,EN,Towers with Radar,0,57,92,0,149,0,0,234,0,234,0,57,326,0,383,220,0,220,603
07/09/2010,FRG,NY,AEA,EN,Towers with Radar,0,40,94,0,134,0,1,254,0,255,0,41,348,0,389,162,0,162,551
07/10/2010,FRG,NY,AEA,EN,Towers with Radar,0,24,53,0,77,0,0,61,0,61,0,24,114,0,138,148,0,148,286
07/11/2010,FRG,NY,AEA,EN,Towers with Radar,4,68,108,1,181,0,1,319,0,320,4,69,427,1,501,160,0,160,661
07/12/2010,FRG,NY,AEA,EN,Towers with Radar,0,44,70,0,114,0,8,245,0,253,0,52,315,0,367,190,0,190,557
07/13/2010,FRG,NY,AEA,EN,Towers with Radar,0,36,113,0,149,0,0,82,0,82,0,36,195,0,231,68,0,68,299
07/14/2010,FRG,NY,AEA,EN,Towers with Radar,0,57,89,0,146,0,0,85,0,85,0,57,174,0,231,78,0,78,309
07/15/2010,FRG,NY,AEA,EN,Towers with Radar,0,50,124,0,174,0,0,235,0,235,0,50,359,0,409,196,0,196,605
07/16/2010,FRG,NY,AEA,EN,Towers with Radar,0,37,107,0,144,0,4,173,0,177,0,41,280,0,321,76,0,76,397
07/17/2010,FRG,NY,AEA,EN,Towers with Radar,0,31,35,0,66,0,0,259,0,259,0,31,294,0,325,140,0,140,465
07/18/2010,FRG,NY,AEA,EN,Towers with Radar,0,54,94,0,148,0,7,357,0,364,0,61,451,0,512,161,0,161,673
07/19/2010,FRG,NY,AEA,EN,Towers with Radar,0,31,58,0,89,0,4,176,0,180,0,35,234,0,269,135,0,135,404
07/20/2010,FRG,NY,AEA,EN,Towers with Radar,0,20,52,0,72,0,3,270,0,273,0,23,322,0,345,294,0,294,639
07/21/2010,FRG,NY,AEA,EN,Towers with Radar,0,24,33,2,59,0,4,258,0,262,0,28,291,2,321,194,0,194,515
07/22/2010,FRG,NY,AEA,EN,Towers with Radar,0,77,88,0,165,0,6,404,2,412,0,83,492,2,577,148,0,148,725
07/23/2010,FRG,NY,AEA,EN,Towers with Radar,0,56,108,0,164,0,4,221,3,228,0,60,329,3,392,138,0,138,530
07/24/2010,FRG,NY,AEA,EN,Towers with Radar,0,36,84,0,120,0,2,313,0,315,0,38,397,0,435,249,0,249,684
07/25/2010,FRG,NY,AEA,EN,Towers with Radar,0,37,55,0,92,0,12,288,5,305,0,49,343,5,397,156,0,156,553
07/26/2010,FRG,NY,AEA,EN,Towers with Radar,0,28,49,0,77,0,4,271,1,276,0,32,320,1,353,214,0,214,567
07/27/2010,FRG,NY,AEA,EN,Towers with Radar,0,28,41,0,69,0,3,272,1,276,0,31,313,1,345,222,0,222,567
07/28/2010,FRG,NY,AEA,EN,Towers with Radar,0,53,70,0,123,0,4,321,0,325,0,57,391,0,448,203,0,203,651
07/29/2010,FRG,NY,AEA,EN,Towers with Radar,0,51,73,0,124,0,2,181,0,183,0,53,254,0,307,66,0,66,373
07/30/2010,FRG,NY,AEA,EN,Towers with Radar,0,29,50,1,80,0,5,432,1,438,0,34,482,2,518,396,0,396,914
07/31/2010,FRG,NY,AEA,EN,Towers with Radar,0,12,25,0,37,0,7,429,2,438,0,19,454,2,475,270,0,270,745
08/01/2010,FRG,NY,AEA,EN,Towers with Radar,0,31,78,1,110,0,2,274,1,277,0,33,352,2,387,262,0,262,649
08/02/2010,FRG,NY,AEA,EN,Towers with Radar,0,15,34,2,51,0,9,277,0,286,0,24,311,2,337,235,0,235,572
08/03/2010,FRG,NY,AEA,EN,Towers with Radar,0,9,54,0,63,0,3,250,0,253,0,12,304,0,316,204,0,204,520
08/04/2010,FRG,NY,AEA,EN,Towers with Radar,0,30,53,0,83,0,2,263,2,267,0,32,316,2,350,258,0,258,608
08/05/2010,FRG,NY,AEA,EN,Towers with Radar,0,32,57,0,89,0,5,215,5,225,0,37,272,5,314,72,0,72,386
08/06/2010,FRG,NY,AEA,EN,Towers with Radar,0,26,50,0,76,0,10,424,0,434,0,36,474,0,510,204,0,204,714
08/07/2010,FRG,NY,AEA,EN,Towers with Radar,0,26,38,0,64,0,1,357,0,358,0,27,395,0,422,214,0,214,636
08/08/2010,FRG,NY,AEA,EN,Towers with Radar,0,46,66,0,112,0,3,428,1,432,0,49,494,1,544,172,0,172,716
08/09/2010,FRG,NY,AEA,EN,Towers with Radar,0,30,65,4,99,0,6,303,1,310,0,36,368,5,409,220,0,220,629
08/10/2010,FRG,NY,AEA,EN,Towers with Radar,0,39,40,0,79,0,5,247,0,252,0,44,287,0,331,318,0,318,649
08/11/2010,FRG,NY,AEA,EN,Towers with Radar,0,29,49,0,78,0,7,371,1,379,0,36,420,1,457,280,0,280,737
08/12/2010,FRG,NY,AEA,EN,Towers with Radar,0,27,80,0,107,0,4,246,0,250,0,31,326,0,357,178,0,178,535
08/13/2010,FRG,NY,AEA,EN,Towers with Radar,0,16,34,0,50,0,4,356,1,361,0,20,390,1,411,192,0,192,603
08/14/2010,FRG,NY,AEA,EN,Towers with Radar,0,18,31,0,49,0,3,438,0,441,0,21,469,0,490,300,0,300,790
08/15/2010,FRG,NY,AEA,EN,Towers with Radar,0,54,84,0,138,0,7,265,0,272,0,61,349,0,410,254,0,254,664
08/16/2010,FRG,NY,AEA,EN,Towers with Radar,0,31,74,0,105,0,0,126,1,127,0,31,200,1,232,30,0,30,262
08/17/2010,FRG,NY,AEA,EN,Towers with Radar,0,14,50,0,64,0,5,315,2,322,0,19,365,2,386,298,0,298,684
08/18/2010,FRG,NY,AEA,EN,Towers with Radar,0,24,54,0,78,0,3,271,1,275,0,27,325,1,353,374,0,374,727
08/19/2010,FRG,NY,AEA,EN,Towers with Radar,0,20,46,0,66,0,3,399,0,402,0,23,445,0,468,282,0,282,750
08/20/2010,FRG,NY,AEA,EN,Towers with Radar,0,32,49,1,82,0,4,408,1,413,0,36,457,2,495,282,0,282,777
08/21/2010,FRG,NY,AEA,EN,Towers with Radar,0,27,74,0,101,0,3,413,2,418,0,30,487,2,519,384,0,384,903
08/22/2010,FRG,NY,AEA,EN,Towers with Radar,0,25,80,1,106,0,0,27,0,27,0,25,107,1,133,54,0,54,187
08/23/2010,FRG,NY,AEA,EN,Towers with Radar,0,29,77,0,106,0,0,37,0,37,0,29,114,0,143,24,0,24,167
08/24/2010,FRG,NY,AEA,EN,Towers with Radar,0,27,48,0,75,0,1,47,0,48,0,28,95,0,123,38,0,38,161
08/25/2010,FRG,NY,AEA,EN,Towers with Radar,0,19,76,0,95,0,0,39,0,39,0,19,115,0,134,2,0,2,136
08/26/2010,FRG,NY,AEA,EN,Towers with Radar,0,26,62,0,88,0,0,380,1,381,0,26,442,1,469,360,0,360,829
08/27/2010,FRG,NY,AEA,EN,Towers with Radar,0,20,50,0,70,0,1,419,0,420,0,21,469,0,490,338,0,338,828
08/28/2010,FRG,NY,AEA,EN,Towers with Radar,0,20,26,0,46,0,4,401,1,406,0,24,427,1,452,226,0,226,678
08/29/2010,FRG,NY,AEA,EN,Towers with Radar,0,32,38,0,70,0,4,340,0,344,0,36,378,0,414,232,0,232,646
08/30/2010,FRG,NY,AEA,EN,Towers with Radar,0,19,22,0,41,0,6,282,0,288,0,25,304,0,329,298,0,298,627
08/31/2010,FRG,NY,AEA,EN,Towers with Radar,0,19,28,0,47,0,0,263,1,264,0,19,291,1,311,246,0,246,557
09/01/2010,FRG,NY,AEA,EN,Towers with Radar,0,23,46,0,69,0,4,349,2,355,0,27,395,2,424,294,0,294,718
09/02/2010,FRG,NY,AEA,EN,Towers with Radar,0,20,43,0,63,0,7,310,2,319,0,27,353,2,382,282,0,282,664
09/03/2010,FRG,NY,AEA,EN,Towers with Radar,0,9,27,0,36,0,2,47,1,50,0,11,74,1,86,31,0,31,117
09/04/2010,FRG,NY,AEA,EN,Towers with Radar,0,11,16,0,27,0,1,146,0,147,0,12,162,0,174,28,0,28,202
09/05/2010,FRG,NY,AEA,EN,Towers with Radar,0,18,26,0,44,0,2,327,1,330,0,20,353,1,374,132,0,132,506
09/06/2010,FRG,NY,AEA,EN,Towers with Radar,1,21,37,0,59,0,0,392,0,392,1,21,429,0,451,230,0,230,681
09/07/2010,FRG,NY,AEA,EN,Towers with Radar,0,10,37,0,47,0,2,261,0,263,0,12,298,0,310,168,0,168,478
09/08/2010,FRG,NY,AEA,EN,Towers with Radar,0,31,33,0,64,0,3,180,0,183,0,34,213,0,247,116,0,116,363
09/09/2010,FRG,NY,AEA,EN,Towers with Radar,0,32,37,0,69,0,1,273,0,274,0,33,310,0,343,114,0,114,457
09/10/2010,FRG,NY,AEA,EN,Towers with Radar,0,40,56,0,96,0,6,354,2,362,0,46,410,2,458,186,0,186,644
09/11/2010,FRG,NY,AEA,EN,Towers with Radar,0,23,24,0,47,0,4,456,3,463,0,27,480,3,510,398,0,398,908
09/12/2010,FRG,NY,AEA,EN,Towers with Radar,0,40,91,0,131,0,2,82,0,84,0,42,173,0,215,286,0,286,501
09/13/2010,FRG,NY,AEA,EN,Towers with Radar,0,22,63,0,85,0,2,104,0,106,0,24,167,0,191,106,0,106,297
09/14/2010,FRG,NY,AEA,EN,Towers with Radar,0,26,33,0,59,0,5,325,0,330,0,31,358,0,389,312,0,312,701
09/15/2010,FRG,NY,AEA,EN,Towers with Radar,0,28,49,1,78,0,7,367,2,376,0,35,416,3,454,282,0,282,736
09/16/2010,FRG,NY,AEA,EN,Towers with Radar,0,29,68,0,97,0,3,222,0,225,0,32,290,0,322,144,0,144,466
09/17/2010,FRG,NY,AEA,EN,Towers with Radar,0,33,64,0,97,0,0,263,0,263,0,33,327,0,360,140,0,140,500
09/18/2010,FRG,NY,AEA,EN,Towers with Radar,0,15,56,0,71,0,5,340,0,345,0,20,396,0,416,352,0,352,768
09/19/2010,FRG,NY,AEA,EN,Towers with Radar,0,34,59,0,93,0,3,449,0,452,0,37,508,0,545,270,0,270,815
09/20/2010,FRG,NY,AEA,EN,Towers with Radar,0,32,34,0,66,0,2,287,5,294,0,34,321,5,360,228,0,228,588
09/21/2010,FRG,NY,AEA,EN,Towers with Radar,0,22,41,0,63,0,3,304,0,307,0,25,345,0,370,342,0,342,712
09/22/2010,FRG,NY,AEA,EN,Towers with Radar,0,34,38,0,72,0,0,272,1,273,0,34,310,1,345,152,0,152,497
09/23/2010,FRG,NY,AEA,EN,Towers with Radar,0,37,70,0,107,0,2,357,2,361,0,39,427,2,468,2,0,2,470
09/24/2010,FRG,NY,AEA,EN,Towers with Radar,0,36,87,4,127,0,0,52,0,52,0,36,139,4,179,0,0,0,179
09/25/2010,FRG,NY,AEA,EN,Towers with Radar,0,21,34,0,55,0,6,392,2,400,0,27,426,2,455,132,0,132,587
09/26/2010,FRG,NY,AEA,EN,Towers with Radar,0,32,58,0,90,0,7,342,0,349,0,39,400,0,439,273,0,273,712
09/27/2010,FRG,NY,AEA,EN,Towers with Radar,0,29,71,0,100,0,0,3,0,3,0,29,74,0,103,26,0,26,129
09/28/2010,FRG,NY,AEA,EN,Towers with Radar,2,13,59,0,74,0,0,24,0,24,2,13,83,0,98,8,0,8,106
09/29/2010,FRG,NY,AEA,EN,Towers with Radar,0,25,36,2,63,0,3,381,0,384,0,28,417,2,447,340,0,340,787
09/30/2010,FRG,NY,AEA,EN,Towers with Radar,0,18,29,0,47,0,0,0,0,0,0,18,29,0,47,0,0,0,47
10/01/2010,FRG,NY,AEA,EN,Towers with Radar,0,67,98,0,165,0,0,47,0,47,0,67,145,0,212,24,0,24,236
10/02/2010,FRG,NY,AEA,EN,Towers with Radar,2,21,32,2,57,0,1,480,0,481,2,22,512,2,538,287,0,287,825
10/03/2010,FRG,NY,AEA,EN,Towers with Radar,0,40,60,1,101,0,4,276,0,280,0,44,336,1,381,212,0,212,593
10/04/2010,FRG,NY,AEA,EN,Towers with Radar,0,22,52,0,74,0,0,49,0,49,0,22,101,0,123,76,0,76,199
10/05/2010,FRG,NY,AEA,EN,Towers with Radar,0,21,73,1,95,0,6,40,0,46,0,27,113,1,141,40,0,40,181
10/06/2010,FRG,NY,AEA,EN,Towers with Radar,0,35,80,0,115,0,3,240,1,244,0,38,320,1,359,228,0,228,587
10/07/2010,FRG,NY,AEA,EN,Towers with Radar,0,22,36,0,58,0,2,291,0,293,0,24,327,0,351,228,0,228,579
10/08/2010,FRG,NY,AEA,EN,Towers with Radar,0,32,40,0,72,0,1,454,0,455,0,33,494,0,527,314,0,314,841
10/09/2010,FRG,NY,AEA,EN,Towers with Radar,0,10,35,0,45,0,4,85,1,90,0,14,120,1,135,0,0,0,135
10/10/2010,FRG,NY,AEA,EN,Towers with Radar,0,20,40,0,60,0,1,379,0,380,0,21,419,0,440,256,0,256,696
10/11/2010,FRG,NY,AEA,EN,Towers with Radar,0,21,47,0,68,0,2,318,0,320,0,23,365,0,388,358,0,358,746
10/12/2010,FRG,NY,AEA,EN,Towers with Radar,1,19,36,0,56,0,3,230,0,233,1,22,266,0,289,224,0,224,513
10/13/2010,FRG,NY,AEA,EN,Towers with Radar,0,26,42,0,68,0,6,428,2,436,0,32,470,2,504,418,0,418,922
10/14/2010,FRG,NY,AEA,EN,Towers with Radar,0,20,49,0,69,0,1,190,1,192,0,21,239,1,261,156,0,156,417
10/15/2010,FRG,NY,AEA,EN,Towers with Radar,0,31,23,0,54,0,0,106,1,107,0,31,129,1,161,54,0,54,215
10/16/2010,FRG,NY,AEA,EN,Towers with Radar,0,12,26,0,38,0,0,133,0,133,0,12,159,0,171,142,0,142,313
10/17/2010,FRG,NY,AEA,EN,Towers with Radar,2,41,38,0,81,0,1,410,0,411,2,42,448,0,492,277,0,277,769
10/18/2010,FRG,NY,AEA,EN,Towers with Radar,0,24,50,0,74,0,1,303,0,304,0,25,353,0,378,286,0,286,664
10/19/2010,FRG,NY,AEA,EN,Towers with Radar,0,13,31,4,48,0,4,207,1,212,0,17,238,5,260,352,0,352,612
10/20/2010,FRG,NY,AEA,EN,Towers with Radar,1,24,36,0,61,0,3,340,0,343,1,27,376,0,404,490,0,490,894
10/21/2010,FRG,NY,AEA,EN,Towers with Radar,0,36,60,7,103,0,0,118,3,121,0,36,178,10,224,94,0,94,318
10/22/2010,FRG,NY,AEA,EN,Towers with Radar,0,28,56,0,84,0,5,291,0,296,0,33,347,0,380,266,0,266,646
10/23/2010,FRG,NY,AEA,EN,Towers with Radar,0,18,46,0,64,0,3,450,0,453,0,21,496,0,517,322,0,322,839
10/24/2010,FRG,NY,AEA,EN,Towers with Radar,1,37,41,0,79,0,1,372,1,374,1,38,413,1,453,246,0,246,699
10/25/2010,FRG,NY,AEA,EN,Towers with Radar,1,30,67,0,98,0,2,173,0,175,1,32,240,0,273,208,0,208,481
10/26/2010,FRG,NY,AEA,EN,Towers with Radar,1,36,85,4,126,0,1,78,0,79,1,37,163,4,205,174,0,174,379
10/27/2010,FRG,NY,AEA,EN,Towers with Radar,0,23,33,0,56,0,0,0,0,0,0,23,33,0,56,6,0,6,62
10/28/2010,FRG,NY,AEA,EN,Towers with Radar,2,23,43,0,68,0,1,264,0,265,2,24,307,0,333,232,0,232,565
10/29/2010,FRG,NY,AEA,EN,Towers with Radar,2,38,49,0,89,0,4,295,1,300,2,42,344,1,389,246,0,246,635
10/30/2010,FRG,NY,AEA,EN,Towers with Radar,0,13,59,0,72,0,1,282,1,284,0,14,341,1,356,210,0,210,566
10/31/2010,FRG,NY,AEA,EN,Towers with Radar,0,27,52,0,79,0,0,361,0,361,0,27,413,0,440,186,0,186,626
11/01/2010,FRG,NY,AEA,EN,Towers with Radar,0,12,35,0,47,0,3,250,0,253,0,15,285,0,300,328,0,328,628
11/02/2010,FRG,NY,AEA,EN,Towers with Radar,2,23,36,2,63,0,3,389,0,392,2,26,425,2,455,432,0,432,887
11/03/2010,FRG,NY,AEA,EN,Towers with Radar,0,36,44,0,80,0,0,395,1,396,0,36,439,1,476,414,0,414,890
11/04/2010,FRG,NY,AEA,EN,Towers with Radar,0,22,46,0,68,0,0,15,0,15,0,22,61,0,83,2,0,2,85
11/05/2010,FRG,NY,AEA,EN,Towers with Radar,4,28,54,0,86,0,1,115,1,117,4,29,169,1,203,46,0,46,249
11/06/2010,FRG,NY,AEA,EN,Towers with Radar,2,14,41,0,57,0,2,380,0,382,2,16,421,0,439,368,0,368,807
11/07/2010,FRG,NY,AEA,EN,Towers with Radar,0,60,49,0,109,0,0,317,0,317,0,60,366,0,426,210,0,210,636
11/08/2010,FRG,NY,AEA,EN,Towers with Radar,1,25,32,0,58,0,0,46,0,46,1,25,78,0,104,12,0,12,116
11/09/2010,FRG,NY,AEA,EN,Towers with Radar,2,28,37,0,67,0,2,202,0,204,2,30,239,0,271,114,0,114,385
11/10/2010,FRG,NY,AEA,EN,Towers with Radar,0,36,38,0,74,0,3,237,0,240,0,39,275,0,314,384,0,384,698
11/11/2010,FRG,NY,AEA,EN,Towers with Radar,0,23,43,0,66,0,5,322,0,327,0,28,365,0,393,246,0,246,639
11/12/2010,FRG,NY,AEA,EN,Towers with Radar,0,38,29,0,67,0,2,369,1,372,0,40,398,1,439,312,0,312,751
11/13/2010,FRG,NY,AEA,EN,Towers with Radar,0,6,16,0,22,0,3,434,0,437,0,9,450,0,459,465,0,465,924
11/14/2010,FRG,NY,AEA,EN,Towers with Radar,2,27,70,0,99,0,4,438,0,442,2,31,508,0,541,274,0,274,815
11/15/2010,FRG,NY,AEA,EN,Towers with Radar,0,22,93,0,115,0,1,88,0,89,0,23,181,0,204,64,0,64,268
11/16/2010,FRG,NY,AEA,EN,Towers with Radar,3,14,54,0,71,0,0,36,0,36,3,14,90,0,107,0,0,0,107
11/17/2010,FRG,NY,AEA,EN,Towers with Radar,0,26,23,0,49,0,2,75,0,77,0,28,98,0,126,24,0,24,150
11/18/2010,FRG,NY,AEA,EN,Towers with Radar,0,22,44,0,66,0,6,294,2,302,0,28,338,2,368,274,0,274,642
11/19/2010,FRG,NY,AEA,EN,Towers with Radar,1,37,33,1,72,0,6,356,0,362,1,43,389,1,434,377,0,377,811
11/20/2010,FRG,NY,AEA,EN,Towers with Radar,4,12,37,0,53,0,2,266,3,271,4,14,303,3,324,235,0,235,559
11/21/2010,FRG,NY,AEA,EN,Towers with Radar,0,32,46,1,79,0,2,384,0,386,0,34,430,1,465,232,0,232,697
11/22/2010,FRG,NY,AEA,EN,Towers with Radar,1,23,41,0,65,0,2,181,0,183,1,25,222,0,248,312,0,312,560
11/23/2010,FRG,NY,AEA,EN,Towers with Radar,0,39,54,0,93,0,3,217,0,220,0,42,271,0,313,248,0,248,561
11/24/2010,FRG,NY,AEA,EN,Towers with Radar,0,39,64,0,103,0,1,212,0,213,0,40,276,0,316,90,0,90,406
11/25/2010,FRG,NY,AEA,EN,Towers with Radar,0,13,18,0,31,0,0,80,0,80,0,13,98,0,111,52,0,52,163
11/26/2010,FRG,NY,AEA,EN,Towers with Radar,1,35,27,0,63,0,0,59,0,59,1,35,86,0,122,36,0,36,158
11/27/2010,FRG,NY,AEA,EN,Towers with Radar,0,36,28,0,64,0,0,181,0,181,0,36,209,0,245,134,0,134,379
11/28/2010,FRG,NY,AEA,EN,Towers with Radar,0,61,98,0,159,0,6,464,0,470,0,67,562,0,629,168,0,168,797
11/29/2010,FRG,NY,AEA,EN,Towers with Radar,0,38,42,0,80,0,4,309,1,314,0,42,351,1,394,303,0,303,697
11/30/2010,FRG,NY,AEA,EN,Towers with Radar,0,28,59,0,87,0,2,133,1,136,0,30,192,1,223,202,0,202,425
12/01/2010,FRG,NY,AEA,EN,Towers with Radar,0,22,42,0,64,0,0,20,0,20,0,22,62,0,84,2,0,2,86
12/02/2010,FRG,NY,AEA,EN,Towers with Radar,0,24,33,0,57,0,4,298,1,303,0,28,331,1,360,366,0,366,726
12/03/2010,FRG,NY,AEA,EN,Towers with Radar,0,29,39,2,70,0,1,311,2,314,0,30,350,4,384,226,0,226,610
12/04/2010,FRG,NY,AEA,EN,Towers with Radar,2,11,26,0,39,0,2,333,2,337,2,13,359,2,376,380,0,380,756
12/05/2010,FRG,NY,AEA,EN,Towers with Radar,1,49,55,0,105,0,1,238,1,240,1,50,293,1,345,174,0,174,519
12/06/2010,FRG,NY,AEA,EN,Towers with Radar,0,17,33,0,50,0,0,105,2,107,0,17,138,2,157,134,0,134,291
12/07/2010,FRG,NY,AEA,EN,Towers with Radar,0,31,51,0,82,0,1,160,0,161,0,32,211,0,243,80,0,80,323
12/08/2010,FRG,NY,AEA,EN,Towers with Radar,2,24,29,0,55,0,2,213,0,215,2,26,242,0,270,182,0,182,452
12/09/2010,FRG,NY,AEA,EN,Towers with Radar,0,27,39,0,66,0,2,280,0,282,0,29,319,0,348,274,0,274,622
12/10/2010,FRG,NY,AEA,EN,Towers with Radar,0,31,43,0,74,0,1,258,0,259,0,32,301,0,333,326,0,326,659
12/11/2010,FRG,NY,AEA,EN,Towers with Radar,1,34,48,0,83,0,0,442,0,442,1,34,490,0,525,346,0,346,871
12/12/2010,FRG,NY,AEA,EN,Towers with Radar,4,14,30,0,48,0,0,5,0,5,4,14,35,0,53,0,0,0,53
12/13/2010,FRG,NY,AEA,EN,Towers with Radar,1,24,34,0,59,0,0,120,0,120,1,24,154,0,179,218,0,218,397
12/14/2010,FRG,NY,AEA,EN,Towers with Radar,0,28,24,0,52,0,0,102,0,102,0,28,126,0,154,100,0,100,254
12/15/2010,FRG,NY,AEA,EN,Towers with Radar,0,29,39,0,68,0,3,169,0,172,0,32,208,0,240,180,0,180,420
12/16/2010,FRG,NY,AEA,EN,Towers with Radar,1,33,34,0,68,0,1,250,0,251,1,34,284,0,319,258,0,258,577
12/17/2010,FRG,NY,AEA,EN,Towers with Radar,0,19,35,0,54,0,2,290,0,292,0,21,325,0,346,158,0,158,504
12/18/2010,FRG,NY,AEA,EN,Towers with Radar,0,38,48,0,86,0,1,387,0,388,0,39,435,0,474,272,0,272,746
12/19/2010,FRG,NY,AEA,EN,Towers with Radar,0,31,27,0,58,0,2,184,0,186,0,33,211,0,244,324,0,324,568
12/20/2010,FRG,NY,AEA,EN,Towers with Radar,0,18,25,2,45,0,2,247,0,249,0,20,272,2,294,148,0,148,442
12/21/2010,FRG,NY,AEA,EN,Towers with Radar,2,29,34,0,65,0,4,130,0,134,2,33,164,0,199,68,0,68,267
12/22/2010,FRG,NY,AEA,EN,Towers with Radar,0,18,21,0,39,0,5,224,2,231,0,23,245,2,270,224,0,224,494
12/23/2010,FRG,NY,AEA,EN,Towers with Radar,0,36,50,0,86,0,1,105,0,106,0,37,155,0,192,24,0,24,216
12/24/2010,FRG,NY,AEA,EN,Towers with Radar,0,20,27,0,47,0,2,219,1,222,0,22,246,1,269,100,0,100,369
12/25/2010,FRG,NY,AEA,EN,Towers with Radar,0,32,13,0,45,0,1,71,1,73,0,33,84,1,118,44,0,44,162
12/26/2010,FRG,NY,AEA,EN,Towers with Radar,1,27,44,0,72,0,0,3,0,3,1,27,47,0,75,0,0,0,75
12/27/2010,FRG,NY,AEA,EN,Towers with Radar,1,33,30,0,64,0,0,3,0,3,1,33,33,0,67,10,0,10,77
12/28/2010,FRG,NY,AEA,EN,Towers with Radar,0,55,44,0,99,0,1,70,0,71,0,56,114,0,170,4,0,4,174
12/29/2010,FRG,NY,AEA,EN,Towers with Radar,2,35,28,0,65,0,3,120,0,123,2,38,148,0,188,172,0,172,360
12/30/2010,FRG,NY,AEA,EN,Towers with Radar,1,31,26,0,58,0,2,213,0,215,1,33,239,0,273,60,0,60,333
12/31/2010,FRG,NY,AEA,EN,Towers with Radar,0,25,25,0,50,0,0,218,0,218,0,25,243,0,268,122,0,122,390
01/01/2011,FRG,NY,AEA,EN,Towers with Radar,0,57,41,0,98,0,0,157,1,158,0,57,198,1,256,30,0,30,286
01/02/2011,FRG,NY,AEA,EN,Towers with Radar,0,65,98,0,163,0,4,66,0,70,0,69,164,0,233,82,0,82,315
01/03/2011,FRG,NY,AEA,EN,Towers with Radar,0,23,42,0,65,0,1,202,0,203,0,24,244,0,268,110,0,110,378
01/04/2011,FRG,NY,AEA,EN,Towers with Radar,0,19,24,0,43,0,3,186,0,189,0,22,210,0,232,196,0,196,428
01/05/2011,FRG,NY,AEA,EN,Towers with Radar,0,24,24,0,48,0,0,273,1,274,0,24,297,1,322,296,0,296,618
01/06/2011,FRG,NY,AEA,EN,Towers with Radar,0,14,30,0,44,0,0,204,0,204,0,14,234,0,248,244,0,244,492
01/07/2011,FRG,NY,AEA,EN,Towers with Radar,0,12,25,0,37,0,0,24,0,24,0,12,49,0,61,2,0,2,63
01/08/2011,FRG,NY,AEA,EN,Towers with Radar,0,25,32,0,57,0,0,50,0,50,0,25,82,0,107,248,0,248,355
01/09/2011,FRG,NY,AEA,EN,Towers with Radar,3,34,46,0,83,0,1,136,0,137,3,35,182,0,220,120,0,120,340
01/10/2011,FRG,NY,AEA,EN,Towers with Radar,0,23,34,0,57,0,1,238,0,239,0,24,272,0,296,161,0,161,457
01/11/2011,FRG,NY,AEA,EN,Towers with Radar,1,19,26,0,46,0,3,185,0,188,1,22,211,0,234,238,0,238,472
01/12/2011,FRG,NY,AEA,EN,Towers with Radar,1,9,6,0,16,0,0,23,0,23,1,9,29,0,39,0,0,0,39
01/13/2011,FRG,NY,AEA,EN,Towers with Radar,0,25,23,0,48,0,3,145,1,149,0,28,168,1,197,114,0,114,311
01/14/2011,FRG,NY,AEA,EN,Towers with Radar,2,49,46,0,97,0,2,240,1,243,2,51,286,1,340,234,0,234,574
01/15/2011,FRG,NY,AEA,EN,Towers with Radar,1,13,29,0,43,0,2,298,0,300,1,15,327,0,343,339,0,339,682
01/16/2011,FRG,NY,AEA,EN,Towers with Radar,0,22,30,0,52,0,2,237,0,239,0,24,267,0,291,254,0,254,545
01/17/2011,FRG,NY,AEA,EN,Towers with Radar,0,41,39,0,80,0,7,182,0,189,0,48,221,0,269,120,0,120,389
01/18/2011,FRG,NY,AEA,EN,Towers with Radar,0,19,29,0,48,0,0,0,0,0,0,19,29,0,48,0,0,0,48
01/19/2011,FRG,NY,AEA,EN,Towers with Radar,1,23,25,0,49,0,0,49,0,49,1,23,74,0,98,26,0,26,124
01/20/2011,FRG,NY,AEA,EN,Towers with Radar,2,29,42,0,73,0,1,258,0,259,2,30,300,0,332,262,0,262,594
01/21/2011,FRG,NY,AEA,EN,Towers with Radar,0,16,20,0,36,0,0,30,0,30,0,16,50,0,66,6,0,6,72
01/22/2011,FRG,NY,AEA,EN,Towers with Radar,2,29,22,0,53,0,0,230,0,230,2,29,252,0,283,254,0,254,537
01/23/2011,FRG,NY,AEA,EN,Towers with Radar,2,28,47,0,77,0,1,52,0,53,2,29,99,0,130,56,0,56,186
01/24/2011,FRG,NY,AEA,EN,Towers with Radar,1,23,36,17,77,0,3,205,4,212,1,26,241,21,289,172,0,172,461
01/25/2011,FRG,NY,AEA,EN,Towers with Radar,2,28,17,0,47,0,1,94,0,95,2,29,111,0,142,74,0,74,216
01/26/2011,FRG,NY,AEA,EN,Towers with Radar,1,3,16,0,20,0,0,6,0,6,1,3,22,0,26,2,0,2,28
01/27/2011,FRG,NY,AEA,EN,Towers with Radar,1,30,19,0,50,0,4,57,0,61,1,34,76,0,111,18,0,18,129
01/28/2011,FRG,NY,AEA,EN,Towers with Radar,0,30,42,0,72,0,0,105,1,106,0,30,147,1,178,168,0,168,346
01/29/2011,FRG,NY,AEA,EN,Towers with Radar,0,19,17,0,36,0,1,104,0,105,0,20,121,0,141,216,0,216,357
01/30/2011,FRG,NY,AEA,EN,Towers with Radar,0,27,38,0,65,0,1,47,0,48,0,28,85,0,113,0,0,0,113
01/31/2011,FRG,NY,AEA,EN,Towers with Radar,2,29,31,0,62,0,1,245,0,246,2,30,276,0,308,222,0,222,530
02/01/2011,FRG,NY,AEA,EN,Towers with Radar,0,7,14,0,21,0,0,0,0,0,0,7,14,0,21,2,0,2,23
02/02/2011,FRG,NY,AEA,EN,Towers with Radar,0,10,7,0,17,0,0,0,0,0,0,10,7,0,17,0,0,0,17
02/03/2011,FRG,NY,AEA,EN,Towers with Radar,0,29,38,0,67,0,3,258,0,261,0,32,296,0,328,310,0,310,638
02/04/2011,FRG,NY,AEA,EN,Towers with Radar,3,18,34,1,56,0,1,378,6,385,3,19,412,7,441,236,0,236,677
02/05/2011,FRG,NY,AEA,EN,Towers with Radar,0,19,6,0,25,0,1,1,0,2,0,20,7,0,27,0,0,0,27
02/06/2011,FRG,NY,AEA,EN,Towers with Radar,0,30,32,0,62,0,1,329,0,330,0,31,361,0,392,237,0,237,629
02/07/2011,FRG,NY,AEA,EN,Towers with Radar,0,18,37,0,55,0,2,234,0,236,0,20,271,0,291,254,0,254,545
02/08/2011,FRG,NY,AEA,EN,Towers with Radar,3,16,15,0,34,0,1,110,0,111,3,17,125,0,145,24,0,24,169
02/09/2011,FRG,NY,AEA,EN,Towers with Radar,2,21,21,0,44,0,3,259,0,262,2,24,280,0,306,338,0,338,644
02/10/2011,FRG,NY,AEA,EN,Towers with Radar,0,24,38,0,62,0,3,306,1,310,0,27,344,1,372,386,0,386,758
02/11/2011,FRG,NY,AEA,EN,Towers with Radar,2,18,34,0,54,0,1,349,0,350,2,19,383,0,404,522,0,522,926
02/12/2011,FRG,NY,AEA,EN,Towers with Radar,3,10,14,0,27,0,0,241,1,242,3,10,255,1,269,120,0,120,389
02/13/2011,FRG,NY,AEA,EN,Towers with Radar,0,30,35,0,65,0,4,218,0,222,0,34,253,0,287,120,0,120,407
02/14/2011,FRG,NY,AEA,EN,Towers with Radar,0,19,29,0,48,0,0,183,0,183,0,19,212,0,231,120,0,120,351
02/15/2011,FRG,NY,AEA,EN,Towers with Radar,0,21,31,0,52,0,1,180,0,181,0,22,211,0,233,100,0,100,333
02/16/2011,FRG,NY,AEA,EN,Towers with Radar,2,25,38,4,69,0,2,331,0,333,2,27,369,4,402,276,0,276,678
02/17/2011,FRG,NY,AEA,EN,Towers with Radar,0,34,46,0,80,0,2,320,2,324,0,36,366,2,404,382,0,382,786
02/18/2011,FRG,NY,AEA,EN,Towers with Radar,0,42,49,0,91,0,1,343,0,344,0,43,392,0,435,246,0,246,681
02/19/2011,FRG,NY,AEA,EN,Towers with Radar,1,29,30,0,60,0,2,21,1,24,1,31,51,1,84,0,0,0,84
02/20/2011,FRG,NY,AEA,EN,Towers with Radar,0,17,34,0,51,0,0,273,0,273,0,17,307,0,324,198,0,198,522
02/21/2011,FRG,NY,AEA,EN,Towers with Radar,3,21,42,0,66,0,0,42,0,42,3,21,84,0,108,14,0,14,122
02/22/2011,FRG,NY,AEA,EN,Towers with Radar,0,37,50,0,87,0,2,190,0,192,0,39,240,0,279,205,0,205,484
02/23/2011,FRG,NY,AEA,EN,Towers with Radar,0,23,50,2,75,0,1,348,4,353,0,24,398,6,428,384,0,384,812
02/24/2011,FRG,NY,AEA,EN,Towers with Radar,0,30,40,1,71,0,2,291,1,294,0,32,331,2,365,298,0,298,663
02/25/2011,FRG,NY,AEA,EN,Towers with Radar,0,21,24,0,45,0,1,17,0,18,0,22,41,0,63,0,0,0,63
02/26/2011,FRG,NY,AEA,EN,Towers with Radar,1,35,50,0,86,0,1,376,0,377,1,36,426,0,463,390,0,390,853
02/27/2011,FRG,NY,AEA,EN,Towers with Radar,1,53,61,0,115,0,0,183,0,183,1,53,244,0,298,206,0,206,504
02/28/2011,FRG,NY,AEA,EN,Towers with Radar,1,25,36,0,62,0,0,42,1,43,1,25,78,1,105,38,0,38,143
03/01/2011,FRG,NY,AEA,EN,Towers with Radar,2,17,23,0,42,0,1,271,0,272,2,18,294,0,314,386,0,386,700
03/02/2011,FRG,NY,AEA,EN,Towers with Radar,1,21,23,0,45,0,3,201,1,205,1,24,224,1,250,146,0,146,396
03/03/2011,FRG,NY,AEA,EN,Towers with Radar,0,29,24,0,53,0,1,334,1,336,0,30,358,1,389,312,0,312,701
03/04/2011,FRG,NY,AEA,EN,Towers with Radar,2,27,27,0,56,0,2,388,0,390,2,29,415,0,446,400,0,400,846
03/05/2011,FRG,NY,AEA,EN,Towers with Radar,5,17,25,0,47,0,1,207,0,208,5,18,232,0,255,204,0,204,459
03/06/2011,FRG,NY,AEA,EN,Towers with Radar,0,20,50,0,70,0,0,5,0,5,0,20,55,0,75,6,0,6,81
03/07/2011,FRG,NY,AEA,EN,Towers with Radar,1,19,34,0,54,0,2,191,0,193,1,21,225,0,247,94,0,94,341
03/08/2011,FRG,NY,AEA,EN,Towers with Radar,0,22,39,0,61,0,2,367,0,369,0,24,406,0,430,388,0,388,818
03/09/2011,FRG,NY,AEA,EN,Towers with Radar,0,24,27,0,51,0,3,308,3,314,0,27,335,3,365,324,0,324,689
03/10/2011,FRG,NY,AEA,EN,Towers with Radar,0,48,33,0,81,0,1,32,0,33,0,49,65,0,114,2,0,2,116
03/11/2011,FRG,NY,AEA,EN,Towers with Radar,1,34,79,0,114,0,1,148,0,149,1,35,227,0,263,190,0,190,453
03/12/2011,FRG,NY,AEA,EN,Towers with Radar,0,19,27,0,46,0,1,341,1,343,0,20,368,1,389,284,0,284,673
03/13/2011,FRG,NY,AEA,EN,Towers with Radar,0,39,44,0,83,0,0,267,0,267,0,39,311,0,350,217,0,217,567
03/14/2011,FRG,NY,AEA,EN,Towers with Radar,0,29,36,0,65,0,1,340,0,341,0,30,376,0,406,394,4,398,804
03/15/2011,FRG,NY,AEA,EN,Towers with Radar,3,18,54,1,76,0,5,239,2,246,3,23,293,3,322,412,0,412,734
03/16/2011,FRG,NY,AEA,EN,Towers with Radar,0,33,35,0,68,0,1,80,0,81,0,34,115,0,149,50,0,50,199
03/17/2011,FRG,NY,AEA,EN,Towers with Radar,4,27,43,0,74,0,4,433,0,437,4,31,476,0,511,220,0,220,731
03/18/2011,FRG,NY,AEA,EN,Towers with Radar,10,40,28,0,78,0,3,320,0,323,10,43,348,0,401,238,0,238,639
03/19/2011,FRG,NY,AEA,EN,Towers with Radar,0,23,30,0,53,0,2,327,0,329,0,25,357,0,382,256,0,256,638
03/20/2011,FRG,NY,AEA,EN,Towers with Radar,0,20,35,0,55,0,1,452,0,453,0,21,487,0,508,292,0,292,800
03/21/2011,FRG,NY,AEA,EN,Towers with Radar,0,20,36,0,56,0,0,11,0,11,0,20,47,0,67,2,0,2,69
03/22/2011,FRG,NY,AEA,EN,Towers with Radar,1,30,20,0,51,0,3,220,1,224,1,33,240,1,275,318,0,318,593
03/23/2011,FRG,NY,AEA,EN,Towers with Radar,3,24,25,0,52,0,0,0,0,0,3,24,25,0,52,3,0,3,55
03/24/2011,FRG,NY,AEA,EN,Towers with Radar,2,16,38,0,56,0,0,125,0,125,2,16,163,0,181,228,0,228,409
03/25/2011,FRG,NY,AEA,EN,Towers with Radar,3,27,37,0,67,0,0,401,0,401,3,27,438,0,468,484,0,484,952
03/26/2011,FRG,NY,AEA,EN,Towers with Radar,0,17,38,0,55,0,1,375,0,376,0,18,413,0,431,302,0,302,733
03/27/2011,FRG,NY,AEA,EN,Towers with Radar,0,37,58,0,95,0,1,295,2,298,0,38,353,2,393,182,0,182,575
03/28/2011,FRG,NY,AEA,EN,Towers with Radar,0,27,29,0,56,0,0,207,1,208,0,27,236,1,264,158,0,158,422
03/29/2011,FRG,NY,AEA,EN,Towers with Radar,0,19,53,0,72,0,1,165,1,167,0,20,218,1,239,104,0,104,343
03/30/2011,FRG,NY,AEA,EN,Towers with Radar,0,23,43,0,66,0,0,408,0,408,0,23,451,0,474,376,0,376,850
03/31/2011,FRG,NY,AEA,EN,Towers with Radar,1,38,34,0,73,0,0,71,0,71,1,38,105,0,144,39,0,39,183
04/01/2011,FRG,NY,AEA,EN,Towers with Radar,1,27,21,0,49,0,0,42,0,42,1,27,63,0,91,12,0,12,103
04/02/2011,FRG,NY,AEA,EN,Towers with Radar,3,12,33,0,48,0,0,323,0,323,3,12,356,0,371,264,0,264,635
04/03/2011,FRG,NY,AEA,EN,Towers with Radar,0,58,57,0,115,0,1,232,0,233,0,59,289,0,348,82,0,82,430
04/04/2011,FRG,NY,AEA,EN,Towers with Radar,4,19,27,0,50,0,0,188,0,188,4,19,215,0,238,178,0,178,416
04/05/2011,FRG,NY,AEA,EN,Towers with Radar,1,19,19,0,39,0,0,33,0,33,1,19,52,0,72,6,0,6,78
04/06/2011,FRG,NY,AEA,EN,Towers with Radar,2,29,34,6,71,0,1,292,2,295,2,30,326,8,366,92,0,92,458
04/07/2011,FRG,NY,AEA,EN,Towers with Radar,1,23,48,1,73,0,2,251,2,255,1,25,299,3,328,522,0,522,850
04/08/2011,FRG,NY,AEA,EN,Towers with Radar,1,28,55,0,84,0,0,270,0,270,1,28,325,0,354,352,0,352,706
04/09/2011,FRG,NY,AEA,EN,Towers with Radar,0,18,48,0,66,0,0,470,0,470,0,18,518,0,536,432,0,432,968
04/10/2011,FRG,NY,AEA,EN,Towers with Radar,0,25,77,0,102,0,2,208,0,210,0,27,285,0,312,278,0,278,590
04/11/2011,FRG,NY,AEA,EN,Towers with Radar,0,36,34,0,70,0,0,62,0,62,0,36,96,0,132,30,0,30,162
04/12/2011,FRG,NY,AEA,EN,Towers with Radar,0,24,40,0,64,0,1,169,0,170,0,25,209,0,234,156,0,156,390
04/13/2011,FRG,NY,AEA,EN,Towers with Radar,0,28,47,0,75,0,0,1,0,1,0,28,48,0,76,1,0,1,77
04/14/2011,FRG,NY,AEA,EN,Towers with Radar,0,37,37,0,74,0,3,375,0,378,0,40,412,0,452,282,0,282,734
04/15/2011,FRG,NY,AEA,EN,Towers with Radar,0,37,56,0,93,0,3,411,0,414,0,40,467,0,507,286,0,286,793
04/16/2011,FRG,NY,AEA,EN,Towers with Radar,1,21,56,0,78,0,0,14,0,14,1,21,70,0,92,98,0,98,190
04/17/2011,FRG,NY,AEA,EN,Towers with Radar,0,39,50,0,89,0,1,123,0,124,0,40,173,0,213,28,0,28,241
04/18/2011,FRG,NY,AEA,EN,Towers with Radar,1,17,26,0,44,0,2,301,1,304,1,19,327,1,348,204,0,204,552
04/19/2011,FRG,NY,AEA,EN,Towers with Radar,0,33,43,0,76,0,3,138,0,141,0,36,181,0,217,116,0,116,333
04/20/2011,FRG,NY,AEA,EN,Towers with Radar,0,32,40,0,72,0,0,103,0,103,0,32,143,0,175,108,0,108,283
04/21/2011,FRG,NY,AEA,EN,Towers with Radar,0,28,58,0,86,0,2,306,1,309,0,30,364,1,395,142,0,142,537
04/22/2011,FRG,NY,AEA,EN,Towers with Radar,0,21,24,0,45,0,1,463,0,464,0,22,487,0,509,417,0,417,926
04/23/2011,FRG,NY,AEA,EN,Towers with Radar,1,9,31,0,41,0,0,0,0,0,1,9,31,0,41,0,0,0,41
04/24/2011,FRG,NY,AEA,EN,Towers with Radar,0,34,72,0,106,0,0,188,0,188,0,34,260,0,294,98,0,98,392
04/25/2011,FRG,NY,AEA,EN,Towers with Radar,0,27,67,0,94,0,0,114,0,114,0,27,181,0,208,62,0,62,270
04/26/2011,FRG,NY,AEA,EN,Towers with Radar,2,34,65,0,101,0,0,126,0,126,2,34,191,0,227,132,0,132,359
04/27/2011,FRG,NY,AEA,EN,Towers with Radar,0,26,59,0,85,0,0,8,0,8,0,26,67,0,93,4,0,4,97
04/28/2011,FRG,NY,AEA,EN,Towers with Radar,0,12,20,0,32,0,0,0,0,0,0,12,20,0,32,0,0,0,32
04/29/2011,FRG,NY,AEA,EN,Towers with Radar,0,43,37,0,80,0,1,447,0,448,0,44,484,0,528,347,0,347,875
04/30/2011,FRG,NY,AEA,EN,Towers with Radar,0,22,31,1,54,0,3,475,0,478,0,25,506,1,532,276,0,276,808
05/01/2011,FRG,NY,AEA,EN,Towers with Radar,0,25,38,0,63,0,2,457,0,459,0,27,495,0,522,328,0,328,850
05/02/2011,FRG,NY,AEA,EN,Towers with Radar,0,17,43,4,64,0,4,309,0,313,0,21,352,4,377,310,0,310,687
05/03/2011,FRG,NY,AEA,EN,Towers with Radar,1,20,44,0,65,0,3,220,0,223,1,23,264,0,288,286,0,286,574
05/04/2011,FRG,NY,AEA,EN,Towers with Radar,0,26,50,0,76,0,0,38,0,38,0,26,88,0,114,16,0,16,130
05/05/2011,FRG,NY,AEA,EN,Towers with Radar,2,35,62,2,101,0,0,147,4,151,2,35,209,6,252,110,0,110,362
05/06/2011,FRG,NY,AEA,EN,Towers with Radar,1,28,47,0,76,0,0,440,1,441,1,28,487,1,517,301,0,301,818
05/07/2011,FRG,NY,AEA,EN,Towers with Radar,0,15,22,0,37,0,1,410,0,411,0,16,432,0,448,290,0,290,738
05/08/2011,FRG,NY,AEA,EN,Towers with Radar,4,31,33,0,68,0,2,377,0,379,4,33,410,0,447,268,0,268,715
05/09/2011,FRG,NY,AEA,EN,Towers with Radar,0,19,28,0,47,0,3,280,0,283,0,22,308,0,330,254,0,254,584
05/10/2011,FRG,NY,AEA,EN,Towers with Radar,0,20,35,0,55,0,3,307,0,310,0,23,342,0,365,304,0,304,669
05/11/2011,FRG,NY,AEA,EN,Towers with Radar,0,24,33,0,57,0,3,228,2,233,0,27,261,2,290,314,0,314,604
05/12/2011,FRG,NY,AEA,EN,Towers with Radar,0,21,51,0,72,0,3,387,1,391,0,24,438,1,463,320,0,320,783
05/13/2011,FRG,NY,AEA,EN,Towers with Radar,0,31,41,0,72,0,5,408,0,413,0,36,449,0,485,356,0,356,841
05/14/2011,FRG,NY,AEA,EN,Towers with Radar,0,21,53,0,74,0,1,175,0,176,0,22,228,0,250,256,0,256,506
05/15/2011,FRG,NY,AEA,EN,Towers with Radar,0,28,49,0,77,0,0,1,0,1,0,28,50,0,78,0,0,0,78
05/16/2011,FRG,NY,AEA,EN,Towers with Radar,0,25,29,0,54,0,0,0,0,0,0,25,29,0,54,0,0,0,54
05/17/2011,FRG,NY,AEA,EN,Towers with Radar,0,9,35,0,44,0,0,14,0,14,0,9,49,0,58,0,0,0,58
05/18/2011,FRG,NY,AEA,EN,Towers with Radar,0,48,55,0,103,0,0,14,0,14,0,48,69,0,117,27,0,27,144
05/19/2011,FRG,NY,AEA,EN,Towers with Radar,0,26,61,0,87,0,0,59,0,59,0,26,120,0,146,128,0,128,274
05/20/2011,FRG,NY,AEA,EN,Towers with Radar,0,24,54,0,78,0,0,89,0,89,0,24,143,0,167,156,0,156,323
05/21/2011,FRG,NY,AEA,EN,Towers with Radar,0,24,65,0,89,0,0,215,0,215,0,24,280,0,304,330,0,330,634
05/22/2011,FRG,NY,AEA,EN,Towers with Radar,0,25,60,1,86,0,0,9,1,10,0,25,69,2,96,1,0,1,97
05/23/2011,FRG,NY,AEA,EN,Towers with Radar,0,5,68,0,73,0,0,9,0,9,0,5,77,0,82,0,0,0,82
05/24/2011,FRG,NY,AEA,EN,Towers with Radar,0,17,36,3,56,0,1,176,1,178,0,18,212,4,234,164,0,164,398
05/25/2011,FRG,NY,AEA,EN,Towers with Radar,4,32,43,2,81,0,1,541,2,544,4,33,584,4,625,282,0,282,907
05/26/2011,FRG,NY,AEA,EN,Towers with Radar,0,58,99,5,162,0,0,79,0,79,0,58,178,5,241,62,0,62,303
05/27/2011,FRG,NY,AEA,EN,Towers with Radar,0,46,43,7,96,0,2,385,13,400,0,48,428,20,496,192,6,198,694
05/28/2011,FRG,NY,AEA,EN,Towers with Radar,0,12,46,4,62,0,3,297,6,306,0,15,343,10,368,102,0,102,470
05/29/2011,FRG,NY,AEA,EN,Towers with Radar,0,13,36,5,54,0,0,233,7,240,0,13,269,12,294,88,12,100,394
05/30/2011,FRG,NY,AEA,EN,Towers with Radar,4,32,42,4,82,0,7,330,2,339,4,39,372,6,421,250,0,250,671
05/31/2011,FRG,NY,AEA,EN,Towers with Radar,0,22,33,5,60,0,3,353,1,357,0,25,386,6,417,368,0,368,785
06/01/2011,FRG,NY,AEA,EN,Towers with Radar,0,21,54,3,78,0,0,109,0,109,0,21,163,3,187,110,0,110,297
06/02/2011,FRG,NY,AEA,EN,Towers with Radar,0,27,39,0,66,0,10,316,0,326,0,37,355,0,392,152,0,152,544
06/03/2011,FRG,NY,AEA,EN,Towers with Radar,0,8,37,0,45,0,0,365,0,365,0,8,402,0,410,386,0,386,796
06/04/2011,FRG,NY,AEA,EN,Towers with Radar,0,20,17,0,37,0,4,439,1,444,0,24,456,1,481,232,0,232,713
06/05/2011,FRG,NY,AEA,EN,Towers with Radar,0,22,36,0,58,0,0,328,0,328,0,22,364,0,386,269,0,269,655
06/06/2011,FRG,NY,AEA,EN,Towers with Radar,2,24,17,0,43,0,2,310,0,312,2,26,327,0,355,324,0,324,679
06/07/2011,FRG,NY,AEA,EN,Towers with Radar,0,10,45,0,55,0,4,299,6,309,0,14,344,6,364,242,0,242,606
06/08/2011,FRG,NY,AEA,EN,Towers with Radar,0,24,26,1,51,0,2,384,2,388,0,26,410,3,439,400,0,400,839
06/09/2011,FRG,NY,AEA,EN,Towers with Radar,0,20,37,0,57,0,4,206,0,210,0,24,243,0,267,266,0,266,533
06/10/2011,FRG,NY,AEA,EN,Towers with Radar,0,21,41,3,65,0,3,364,1,368,0,24,405,4,433,396,0,396,829
06/11/2011,FRG,NY,AEA,EN,Towers with Radar,0,21,51,2,74,0,1,0,0,1,0,22,51,2,75,14,0,14,89
06/12/2011,FRG,NY,AEA,EN,Towers with Radar,0,15,49,2,66,0,4,25,0,29,0,19,74,2,95,44,0,44,139
06/13/2011,FRG,NY,AEA,EN,Towers with Radar,0,14,42,0,56,0,4,232,2,238,0,18,274,2,294,330,0,330,624
06/14/2011,FRG,NY,AEA,EN,Towers with Radar,0,21,38,0,59,0,4,137,0,141,0,25,175,0,200,268,0,268,468
06/15/2011,FRG,NY,AEA,EN,Towers with Radar,0,19,29,0,48,0,2,409,0,411,0,21,438,0,459,472,0,472,931
06/16/2011,FRG,NY,AEA,EN,Towers with Radar,2,23,54,0,79,0,3,400,0,403,2,26,454,0,482,322,0,322,804
06/17/2011,FRG,NY,AEA,EN,Towers with Radar,0,12,66,0,78,0,3,101,1,105,0,15,167,1,183,43,0,43,226
06/18/2011,FRG,NY,AEA,EN,Towers with Radar,0,14,58,0,72,0,4,466,0,470,0,18,524,0,542,298,0,298,840
06/19/2011,FRG,NY,AEA,EN,Towers with Radar,0,26,52,0,78,0,0,357,0,357,0,26,409,0,435,200,0,200,635
06/20/2011,FRG,NY,AEA,EN,Towers with Radar,0,20,25,2,47,0,4,364,1,369,0,24,389,3,416,294,0,294,710
06/21/2011,FRG,NY,AEA,EN,Towers with Radar,0,19,30,0,49,0,21,274,0,295,0,40,304,0,344,331,0,331,675
06/22/2011,FRG,NY,AEA,EN,Towers with Radar,0,28,54,4,86,0,1,102,1,104,0,29,156,5,190,156,0,156,346
06/23/2011,FRG,NY,AEA,EN,Towers with Radar,0,27,58,0,85,0,0,4,0,4,0,27,62,0,89,0,0,0,89
06/24/2011,FRG,NY,AEA,EN,Towers with Radar,0,25,72,0,97,0,1,5,0,6,0,26,77,0,103,4,0,4,107
06/25/2011,FRG,NY,AEA,EN,Towers with Radar,0,14,38,0,52,0,0,164,0,164,0,14,202,0,216,152,0,152,368
06/26/2011,FRG,NY,AEA,EN,Towers with Radar,0,23,41,0,64,0,5,468,0,473,0,28,509,0,537,288,0,288,825
06/27/2011,FRG,NY,AEA,EN,Towers with Radar,0,24,30,2,56,0,1,355,0,356,0,25,385,2,412,370,0,370,782
06/28/2011,FRG,NY,AEA,EN,Towers with Radar,0,21,40,0,61,0,2,240,1,243,0,23,280,1,304,268,0,268,572
06/29/2011,FRG,NY,AEA,EN,Towers with Radar,0,11,33,0,44,0,5,327,1,333,0,16,360,1,377,268,0,268,645
06/30/2011,FRG,NY,AEA,EN,Towers with Radar,0,22,45,0,67,0,4,445,2,451,0,26,490,2,518,370,0,370,888
07/01/2011,FRG,NY,AEA,EN,Towers with Radar,0,32,33,0,65,0,2,490,0,492,0,34,523,0,557,320,0,320,877
07/02/2011,FRG,NY,AEA,EN,Towers with Radar,0,18,34,0,52,0,4,395,2,401,0,22,429,2,453,272,0,272,725
07/03/2011,FRG,NY,AEA,EN,Towers with Radar,0,25,29,0,54,0,3,69,0,72,0,28,98,0,126,90,0,90,216
07/04/2011,FRG,NY,AEA,EN,Towers with Radar,0,24,38,0,62,0,4,251,1,256,0,28,289,1,318,170,0,170,488
07/05/2011,FRG,NY,AEA,EN,Towers with Radar,0,27,40,0,67,0,3,339,0,342,0,30,379,0,409,256,0,256,665
07/06/2011,FRG,NY,AEA,EN,Towers with Radar,0,17,44,0,61,0,2,274,3,279,0,19,318,3,340,272,0,272,612
07/07/2011,FRG,NY,AEA,EN,Towers with Radar,0,18,35,0,53,0,2,309,0,311,0,20,344,0,364,332,0,332,696
07/08/2011,FRG,NY,AEA,EN,Towers with Radar,0,22,46,1,69,0,2,108,1,111,0,24,154,2,180,178,0,178,358
07/09/2011,FRG,NY,AEA,EN,Towers with Radar,0,21,12,0,33,0,2,495,0,497,0,23,507,0,530,306,0,306,836
07/10/2011,FRG,NY,AEA,EN,Towers with Radar,0,28,49,3,80,0,2,544,1,547,0,30,593,4,627,356,0,356,983
07/11/2011,FRG,NY,AEA,EN,Towers with Radar,0,42,37,0,79,0,5,348,1,354,0,47,385,1,433,236,0,236,669
07/12/2011,FRG,NY,AEA,EN,Towers with Radar,0,21,56,0,77,0,5,215,1,221,0,26,271,1,298,178,0,178,476
07/13/2011,FRG,NY,AEA,EN,Towers with Radar,0,11,31,0,42,0,3,333,1,337,0,14,364,1,379,264,0,264,643
07/14/2011,FRG,NY,AEA,EN,Towers with Radar,0,21,32,0,53,0,5,399,1,405,0,26,431,1,458,368,0,368,826
07/15/2011,FRG,NY,AEA,EN,Towers with Radar,0,18,29,0,47,0,6,392,0,398,0,24,421,0,445,421,0,421,866
07/16/2011,FRG,NY,AEA,EN,Towers with Radar,0,20,38,0,58,0,3,483,0,486,0,23,521,0,544,210,0,210,754
07/17/2011,FRG,NY,AEA,EN,Towers with Radar,0,25,54,0,79,0,7,470,1,478,0,32,524,1,557,212,0,212,769
07/18/2011,FRG,NY,AEA,EN,Towers with Radar,0,23,23,0,46,0,2,244,0,246,0,25,267,0,292,220,0,220,512
07/19/2011,FRG,NY,AEA,EN,Towers with Radar,0,15,31,0,46,0,3,275,0,278,0,18,306,0,324,340,0,340,664
07/20/2011,FRG,NY,AEA,EN,Towers with Radar,0,34,46,0,80,0,4,311,1,316,0,38,357,1,396,164,0,164,560
07/21/2011,FRG,NY,AEA,EN,Towers with Radar,0,42,54,0,96,0,2,197,0,199,0,44,251,0,295,326,0,326,621
07/22/2011,FRG,NY,AEA,EN,Towers with Radar,0,25,39,0,64,0,1,263,0,264,0,26,302,0,328,230,0,230,558
07/23/2011,FRG,NY,AEA,EN,Towers with Radar,0,27,32,0,59,0,1,325,0,326,0,28,357,0,385,324,0,324,709
07/24/2011,FRG,NY,AEA,EN,Towers with Radar,0,30,33,0,63,0,1,306,0,307,0,31,339,0,370,282,0,282,652
07/25/2011,FRG,NY,AEA,EN,Towers with Radar,0,19,32,0,51,0,1,140,0,141,0,20,172,0,192,127,0,127,319
07/26/2011,FRG,NY,AEA,EN,Towers with Radar,0,22,43,0,65,0,1,163,0,164,0,23,206,0,229,342,0,342,571
07/27/2011,FRG,NY,AEA,EN,Towers with Radar,0,20,48,0,68,0,3,374,1,378,0,23,422,1,446,246,0,246,692
07/28/2011,FRG,NY,AEA,EN,Towers with Radar,0,21,33,0,54,0,1,309,0,310,0,22,342,0,364,358,0,358,722
07/29/2011,FRG,NY,AEA,EN,Towers with Radar,0,22,65,0,87,0,0,64,0,64,0,22,129,0,151,12,0,12,163
07/30/2011,FRG,NY,AEA,EN,Towers with Radar,0,17,32,0,49,0,2,327,1,330,0,19,359,1,379,272,0,272,651
07/31/2011,FRG,NY,AEA,EN,Towers with Radar,1,19,26,0,46,0,1,404,0,405,1,20,430,0,451,294,0,294,745
08/01/2011,FRG,NY,AEA,EN,Towers with Radar,0,24,24,0,48,0,2,232,0,234,0,26,256,0,282,228,0,228,510
08/02/2011,FRG,NY,AEA,EN,Towers with Radar,0,11,12,0,23,0,1,299,0,300,0,12,311,0,323,415,0,415,738
08/03/2011,FRG,NY,AEA,EN,Towers with Radar,0,24,29,0,53,0,0,217,0,217,0,24,246,0,270,300,0,300,570
08/04/2011,FRG,NY,AEA,EN,Towers with Radar,0,38,36,0,74,0,2,282,0,284,0,40,318,0,358,382,0,382,740
08/05/2011,FRG,NY,AEA,EN,Towers with Radar,0,17,51,2,70,0,0,302,0,302,0,17,353,2,372,374,0,374,746
08/06/2011,FRG,NY,AEA,EN,Towers with Radar,0,25,36,0,61,0,0,253,0,253,0,25,289,0,314,245,0,245,559
08/07/2011,FRG,NY,AEA,EN,Towers with Radar,0,21,46,0,67,0,1,99,0,100,0,22,145,0,167,106,0,106,273
08/08/2011,FRG,NY,AEA,EN,Towers with Radar,0,26,33,0,59,0,0,229,0,229,0,26,262,0,288,317,0,317,605
08/09/2011,FRG,NY,AEA,EN,Towers with Radar,0,20,41,0,61,0,0,155,0,155,0,20,196,0,216,304,0,304,520
08/10/2011,FRG,NY,AEA,EN,Towers with Radar,0,16,33,0,49,0,4,287,1,292,0,20,320,1,341,322,0,322,663
08/11/2011,FRG,NY,AEA,EN,Towers with Radar,0,41,50,2,93,0,2,298,0,300,0,43,348,2,393,258,0,258,651
08/12/2011,FRG,NY,AEA,EN,Towers with Radar,0,17,18,0,35,0,0,422,0,422,0,17,440,0,457,298,0,298,755
08/13/2011,FRG,NY,AEA,EN,Towers with Radar,0,18,38,0,56,0,1,371,3,375,0,19,409,3,431,358,0,358,789
08/14/2011,FRG,NY,AEA,EN,Towers with Radar,0,23,35,0,58,0,1,5,0,6,0,24,40,0,64,0,0,0,64
08/15/2011,FRG,NY,AEA,EN,Towers with Radar,0,19,54,0,73,0,2,84,0,86,0,21,138,0,159,54,0,54,213
08/16/2011,FRG,NY,AEA,EN,Towers with Radar,0,19,58,4,81,0,0,135,0,135,0,19,193,4,216,196,0,196,412
08/17/2011,FRG,NY,AEA,EN,Towers with Radar,0,18,41,0,59,0,1,355,0,356,0,19,396,0,415,366,0,366,781
08/18/2011,FRG,NY,AEA,EN,Towers with Radar,0,23,38,0,61,0,0,197,2,199,0,23,235,2,260,278,0,278,538
08/19/2011,FRG,NY,AEA,EN,Towers with Radar,0,23,34,0,57,0,2,227,0,229,0,25,261,0,286,162,0,162,448
08/20/2011,FRG,NY,AEA,EN,Towers with Radar,0,17,24,0,41,0,2,342,0,344,0,19,366,0,385,210,0,210,595
08/21/2011,FRG,NY,AEA,EN,Towers with Radar,0,34,49,0,83,0,0,145,0,145,0,34,194,0,228,100,0,100,328
08/22/2011,FRG,NY,AEA,EN,Towers with Radar,0,29,35,0,64,0,1,278,0,279,0,30,313,0,343,252,0,252,595
08/23/2011,FRG,NY,AEA,EN,Towers with Radar,0,28,25,0,53,0,3,251,0,254,0,31,276,0,307,328,0,328,635
08/24/2011,FRG,NY,AEA,EN,Towers with Radar,0,18,33,1,52,0,0,347,0,347,0,18,380,1,399,160,0,160,559
08/25/2011,FRG,NY,AEA,EN,Towers with Radar,0,24,46,0,70,0,1,68,0,69,0,25,114,0,139,42,0,42,181
08/26/2011,FRG,NY,AEA,EN,Towers with Radar,0,36,65,0,101,0,5,338,0,343,0,41,403,0,444,354,0,354,798
08/27/2011,FRG,NY,AEA,EN,Towers with Radar,0,28,51,0,79,0,0,4,0,4,0,28,55,0,83,2,0,2,85
08/28/2011,FRG,NY,AEA,EN,Towers with Radar,0,4,6,0,10,0,0,8,0,8,0,4,14,0,18,0,0,0,18
08/29/2011,FRG,NY,AEA,EN,Towers with Radar,0,31,58,0,89,0,4,283,1,288,0,35,341,1,377,166,0,166,543
08/30/2011,FRG,NY,AEA,EN,Towers with Radar,0,27,38,0,65,0,2,285,0,287,0,29,323,0,352,264,0,264,616
08/31/2011,FRG,NY,AEA,EN,Towers with Radar,0,24,25,0,49,0,0,325,0,325,0,24,350,0,374,280,0,280,654
09/01/2011,FRG,NY,AEA,EN,Towers with Radar,0,24,43,0,67,0,0,282,0,282,0,24,325,0,349,380,0,380,729
09/02/2011,FRG,NY,AEA,EN,Towers with Radar,0,22,57,2,81,0,2,299,0,301,0,24,356,2,382,316,0,316,698
09/03/2011,FRG,NY,AEA,EN,Towers with Radar,0,10,23,0,33,0,0,380,0,380,0,10,403,0,413,276,0,276,689
09/04/2011,FRG,NY,AEA,EN,Towers with Radar,0,24,65,0,89,0,0,157,3,160,0,24,222,3,249,234,0,234,483
09/05/2011,FRG,NY,AEA,EN,Towers with Radar,0,20,64,0,84,0,0,111,0,111,0,20,175,0,195,70,0,70,265
09/06/2011,FRG,NY,AEA,EN,Towers with Radar,0,18,43,0,61,0,0,23,0,23,0,18,66,0,84,6,0,6,90
09/07/2011,FRG,NY,AEA,EN,Towers with Radar,0,24,25,0,49,0,0,0,0,0,0,24,25,0,49,4,0,4,53
09/08/2011,FRG,NY,AEA,EN,Towers with Radar,1,15,44,0,60,0,0,102,0,102,1,15,146,0,162,284,0,284,446
09/09/2011,FRG,NY,AEA,EN,Towers with Radar,0,11,71,2,84,0,2,309,0,311,0,13,380,2,395,364,0,364,759
09/10/2011,FRG,NY,AEA,EN,Towers with Radar,0,14,25,0,39,0,0,292,0,292,0,14,317,0,331,386,0,386,717
09/11/2011,FRG,NY,AEA,EN,Towers with Radar,0,18,66,0,84,0,1,202,1,204,0,19,268,1,288,256,0,256,544
09/12/2011,FRG,NY,AEA,EN,Towers with Radar,0,26,39,0,65,0,2,253,0,255,0,28,292,0,320,287,0,287,607
09/13/2011,FRG,NY,AEA,EN,Towers with Radar,0,19,27,0,46,0,0,286,0,286,0,19,313,0,332,316,0,316,648
09/14/2011,FRG,NY,AEA,EN,Towers with Radar,0,23,42,0,65,0,0,282,0,282,0,23,324,0,347,242,0,242,589
09/15/2011,FRG,NY,AEA,EN,Towers with Radar,0,23,45,2,70,0,0,173,0,173,0,23,218,2,243,262,0,262,505
09/16/2011,FRG,NY,AEA,EN,Towers with Radar,0,24,42,0,66,0,2,396,0,398,0,26,438,0,464,318,0,318,782
09/17/2011,FRG,NY,AEA,EN,Towers with Radar,0,10,25,0,35,0,0,379,1,380,0,10,404,1,415,278,0,278,693
09/18/2011,FRG,NY,AEA,EN,Towers with Radar,0,31,69,0,100,0,0,343,0,343,0,31,412,0,443,156,0,156,599
09/19/2011,FRG,NY,AEA,EN,Towers with Radar,0,31,39,0,70,0,0,258,0,258,0,31,297,0,328,292,0,292,620
09/20/2011,FRG,NY,AEA,EN,Towers with Radar,0,23,67,0,90,0,2,110,1,113,0,25,177,1,203,0,0,0,203
09/21/2011,FRG,NY,AEA,EN,Towers with Radar,0,30,77,0,107,0,0,125,4,129,0,30,202,4,236,0,0,0,236
09/22/2011,FRG,NY,AEA,EN,Towers with Radar,0,29,66,0,95,0,0,113,0,113,0,29,179,0,208,170,0,170,378
09/23/2011,FRG,NY,AEA,EN,Towers with Radar,2,31,57,0,90,0,0,0,0,0,2,31,57,0,90,0,0,0,90
09/24/2011,FRG,NY,AEA,EN,Towers with Radar,1,13,38,0,52,0,0,97,0,97,1,13,135,0,149,184,0,184,333
09/25/2011,FRG,NY,AEA,EN,Towers with Radar,0,33,58,0,91,0,2,228,0,230,0,35,286,0,321,212,0,212,533
09/26/2011,FRG,NY,AEA,EN,Towers with Radar,0,21,31,0,52,0,2,226,0,228,0,23,257,0,280,376,0,376,656
09/27/2011,FRG,NY,AEA,EN,Towers with Radar,0,27,58,0,85,0,0,66,0,66,0,27,124,0,151,178,0,178,329
09/28/2011,FRG,NY,AEA,EN,Towers with Radar,0,22,75,0,97,0,0,27,0,27,0,22,102,0,124,36,0,36,160
09/29/2011,FRG,NY,AEA,EN,Towers with Radar,0,21,33,0,54,0,0,61,0,61,0,21,94,0,115,60,0,60,175
09/30/2011,FRG,NY,AEA,EN,Towers with Radar,0,36,44,0,80,0,1,375,1,377,0,37,419,1,457,304,0,304,761
10/01/2011,FRG,NY,AEA,EN,Towers with Radar,0,33,40,0,73,0,0,255,0,255,0,33,295,0,328,348,0,348,676
10/02/2011,FRG,NY,AEA,EN,Towers with Radar,0,44,45,0,89,0,0,271,0,271,0,44,316,0,360,284,0,284,644
10/03/2011,FRG,NY,AEA,EN,Towers with Radar,0,19,48,0,67,0,0,295,0,295,0,19,343,0,362,422,0,422,784
10/04/2011,FRG,NY,AEA,EN,Towers with Radar,0,22,26,0,48,0,1,224,0,225,0,23,250,0,273,378,0,378,651
10/05/2011,FRG,NY,AEA,EN,Towers with Radar,0,21,30,0,51,0,1,346,0,347,0,22,376,0,398,360,0,360,758
10/06/2011,FRG,NY,AEA,EN,Towers with Radar,0,21,25,2,48,0,1,291,0,292,0,22,316,2,340,383,0,383,723
10/07/2011,FRG,NY,AEA,EN,Towers with Radar,2,28,30,0,60,0,1,419,0,420,2,29,449,0,480,474,0,474,954
10/08/2011,FRG,NY,AEA,EN,Towers with Radar,0,7,26,0,33,0,1,427,0,428,0,8,453,0,461,304,0,304,765
10/09/2011,FRG,NY,AEA,EN,Towers with Radar,9,39,104,0,152,0,1,371,0,372,9,40,475,0,524,318,0,318,842
10/10/2011,FRG,NY,AEA,EN,Towers with Radar,4,34,45,0,83,0,3,363,0,366,4,37,408,0,449,396,0,396,845
10/11/2011,FRG,NY,AEA,EN,Towers with Radar,0,23,41,0,64,0,18,293,0,311,0,41,334,0,375,368,0,368,743
10/12/2011,FRG,NY,AEA,EN,Towers with Radar,1,18,27,0,46,0,1,123,0,124,1,19,150,0,170,404,0,404,574
10/13/2011,FRG,NY,AEA,EN,Towers with Radar,0,23,83,0,106,0,0,9,0,9,0,23,92,0,115,2,0,2,117
10/14/2011,FRG,NY,AEA,EN,Towers with Radar,0,55,54,0,109,0,0,13,0,13,0,55,67,0,122,3,0,3,125
10/15/2011,FRG,NY,AEA,EN,Towers with Radar,0,18,20,0,38,0,0,129,0,129,0,18,149,0,167,170,0,170,337
10/16/2011,FRG,NY,AEA,EN,Towers with Radar,0,28,39,0,67,0,1,183,0,184,0,29,222,0,251,122,0,122,373
10/17/2011,FRG,NY,AEA,EN,Towers with Radar,0,21,26,0,47,0,1,275,0,276,0,22,301,0,323,402,0,402,725
10/18/2011,FRG,NY,AEA,EN,Towers with Radar,2,17,26,0,45,0,2,373,1,376,2,19,399,1,421,426,0,426,847
10/19/2011,FRG,NY,AEA,EN,Towers with Radar,2,19,40,0,61,0,0,2,0,2,2,19,42,0,63,3,0,3,66
10/20/2011,FRG,NY,AEA,EN,Towers with Radar,0,24,56,0,80,0,0,174,0,174,0,24,230,0,254,153,0,153,407
10/21/2011,FRG,NY,AEA,EN,Towers with Radar,1,23,30,0,54,0,0,364,0,364,1,23,394,0,418,402,0,402,820
10/22/2011,FRG,NY,AEA,EN,Towers with Radar,0,23,62,0,85,0,0,459,0,459,0,23,521,0,544,284,0,284,828
10/23/2011,FRG,NY,AEA,EN,Towers with Radar,0,41,44,0,85,0,0,422,0,422,0,41,466,0,507,278,0,278,785
10/24/2011,FRG,NY,AEA,EN,Towers with Radar,3,25,28,0,56,0,0,242,0,242,3,25,270,0,298,458,0,458,756
10/25/2011,FRG,NY,AEA,EN,Towers with Radar,0,30,31,0,61,0,3,231,0,234,0,33,262,0,295,274,0,274,569
10/26/2011,FRG,NY,AEA,EN,Towers with Radar,2,20,34,2,58,0,0,229,0,229,2,20,263,2,287,380,0,380,667
10/27/2011,FRG,NY,AEA,EN,Towers with Radar,0,28,60,0,88,0,1,10,0,11,0,29,70,0,99,3,0,3,102
10/28/2011,FRG,NY,AEA,EN,Towers with Radar,1,33,36,2,72,0,2,348,0,350,1,35,384,2,422,418,0,418,840
10/29/2011,FRG,NY,AEA,EN,Towers with Radar,1,14,14,0,29,0,0,14,0,14,1,14,28,0,43,72,0,72,115
10/30/2011,FRG,NY,AEA,EN,Towers with Radar,0,21,40,0,61,0,0,197,0,197,0,21,237,0,258,152,0,152,410
10/31/2011,FRG,NY,AEA,EN,Towers with Radar,0,17,19,0,36,0,0,241,0,241,0,17,260,0,277,424,0,424,701
11/01/2011,FRG,NY,AEA,EN,Towers with Radar,2,24,33,0,59,0,0,239,0,239,2,24,272,0,298,282,0,282,580
11/02/2011,FRG,NY,AEA,EN,Towers with Radar,2,25,43,0,70,0,1,270,0,271,2,26,313,0,341,250,0,250,591
11/03/2011,FRG,NY,AEA,EN,Towers with Radar,0,24,43,0,67,0,1,321,0,322,0,25,364,0,389,251,0,251,640
11/04/2011,FRG,NY,AEA,EN,Towers with Radar,0,43,44,0,87,0,1,286,0,287,0,44,330,0,374,320,0,320,694
11/05/2011,FRG,NY,AEA,EN,Towers with Radar,1,14,62,0,77,0,0,360,0,360,1,14,422,0,437,278,0,278,715
11/06/2011,FRG,NY,AEA,EN,Towers with Radar,4,31,51,0,86,0,1,376,0,377,4,32,427,0,463,267,0,267,730
11/07/2011,FRG,NY,AEA,EN,Towers with Radar,2,17,24,0,43,0,0,274,2,276,2,17,298,2,319,432,0,432,751
11/08/2011,FRG,NY,AEA,EN,Towers with Radar,0,21,29,0,50,0,0,367,2,369,0,21,396,2,419,512,0,512,931
11/09/2011,FRG,NY,AEA,EN,Towers with Radar,1,35,52,0,88,0,0,183,0,183,1,35,235,0,271,354,0,354,625
11/10/2011,FRG,NY,AEA,EN,Towers with Radar,0,28,65,0,93,0,0,109,0,109,0,28,174,0,202,173,0,173,375
11/11/2011,FRG,NY,AEA,EN,Towers with Radar,0,23,38,0,61,0,0,198,0,198,0,23,236,0,259,249,0,249,508
11/12/2011,FRG,NY,AEA,EN,Towers with Radar,0,11,22,0,33,0,0,340,0,340,0,11,362,0,373,310,0,310,683
11/13/2011,FRG,NY,AEA,EN,Towers with Radar,0,34,50,0,84,0,1,310,0,311,0,35,360,0,395,152,0,152,547
11/14/2011,FRG,NY,AEA,EN,Towers with Radar,0,25,32,0,57,0,2,264,0,266,0,27,296,0,323,402,0,402,725
11/15/2011,FRG,NY,AEA,EN,Towers with Radar,0,16,35,0,51,0,0,242,0,242,0,16,277,0,293,319,0,319,612
11/16/2011,FRG,NY,AEA,EN,Towers with Radar,0,35,81,0,116,0,14,43,0,57,0,49,124,0,173,96,0,96,269
11/17/2011,FRG,NY,AEA,EN,Towers with Radar,1,34,35,1,71,0,1,148,0,149,1,35,183,1,220,316,0,316,536
11/18/2011,FRG,NY,AEA,EN,Towers with Radar,2,48,80,1,131,0,1,455,0,456,2,49,535,1,587,387,0,387,974
11/19/2011,FRG,NY,AEA,EN,Towers with Radar,0,14,35,0,49,0,2,322,0,324,0,16,357,0,373,216,0,216,589
11/20/2011,FRG,NY,AEA,EN,Towers with Radar,5,38,44,0,87,0,3,358,3,364,5,41,402,3,451,212,0,212,663
11/21/2011,FRG,NY,AEA,EN,Towers with Radar,1,9,25,0,35,0,0,295,0,295,1,9,320,0,330,530,0,530,860
11/22/2011,FRG,NY,AEA,EN,Towers with Radar,1,32,48,0,81,0,2,141,0,143,1,34,189,0,224,414,0,414,638
11/23/2011,FRG,NY,AEA,EN,Towers with Radar,0,30,63,0,93,0,0,18,0,18,0,30,81,0,111,0,0,0,111
11/24/2011,FRG,NY,AEA,EN,Towers with Radar,0,10,25,0,35,0,0,152,5,157,0,10,177,5,192,140,0,140,332
11/25/2011,FRG,NY,AEA,EN,Towers with Radar,1,20,30,0,51,0,0,316,0,316,1,20,346,0,367,210,0,210,577
11/26/2011,FRG,NY,AEA,EN,Towers with Radar,0,11,32,0,43,0,0,407,0,407,0,11,439,0,450,280,0,280,730
11/27/2011,FRG,NY,AEA,EN,Towers with Radar,0,64,106,0,170,0,1,333,0,334,0,65,439,0,504,98,0,98,602
11/28/2011,FRG,NY,AEA,EN,Towers with Radar,1,39,36,0,76,0,0,262,0,262,1,39,298,0,338,199,0,199,537
11/29/2011,FRG,NY,AEA,EN,Towers with Radar,0,39,40,0,79,0,0,108,0,108,0,39,148,0,187,116,0,116,303
11/30/2011,FRG,NY,AEA,EN,Towers with Radar,2,23,40,2,67,0,3,207,0,210,2,26,247,2,277,292,0,292,569
12/01/2011,FRG,NY,AEA,EN,Towers with Radar,2,23,31,0,56,0,0,308,0,308,2,23,339,0,364,254,0,254,618
12/02/2011,FRG,NY,AEA,EN,Towers with Radar,0,31,28,2,61,0,1,377,0,378,0,32,405,2,439,424,0,424,863
12/03/2011,FRG,NY,AEA,EN,Towers with Radar,0,21,28,0,49,0,0,421,0,421,0,21,449,0,470,330,0,330,800
12/04/2011,FRG,NY,AEA,EN,Towers with Radar,0,40,40,0,80,0,0,320,0,320,0,40,360,0,400,395,0,395,795
12/05/2011,FRG,NY,AEA,EN,Towers with Radar,0,22,24,0,46,0,0,0,0,0,0,22,24,0,46,0,0,0,46
12/06/2011,FRG,NY,AEA,EN,Towers with Radar,0,16,50,0,66,0,0,0,0,0,0,16,50,0,66,0,0,0,66
12/07/2011,FRG,NY,AEA,EN,Towers with Radar,1,28,32,0,61,0,0,1,0,1,1,28,33,0,62,1,0,1,63
12/08/2011,FRG,NY,AEA,EN,Towers with Radar,0,29,32,0,61,0,0,224,0,224,0,29,256,0,285,256,0,256,541
12/09/2011,FRG,NY,AEA,EN,Towers with Radar,0,26,34,0,60,0,0,391,0,391,0,26,425,0,451,386,0,386,837
12/10/2011,FRG,NY,AEA,EN,Towers with Radar,1,28,56,0,85,0,0,395,0,395,1,28,451,0,480,388,0,388,868
12/11/2011,FRG,NY,AEA,EN,Towers with Radar,0,22,23,0,45,0,6,305,0,311,0,28,328,0,356,266,0,266,622
12/12/2011,FRG,NY,AEA,EN,Towers with Radar,2,29,43,0,74,0,0,309,0,309,2,29,352,0,383,440,0,440,823
12/13/2011,FRG,NY,AEA,EN,Towers with Radar,0,16,33,1,50,0,0,319,0,319,0,16,352,1,369,302,0,302,671
12/14/2011,FRG,NY,AEA,EN,Towers with Radar,2,19,37,0,58,0,0,266,0,266,2,19,303,0,324,347,0,347,671
12/15/2011,FRG,NY,AEA,EN,Towers with Radar,1,19,35,0,55,0,1,132,0,133,1,20,167,0,188,260,0,260,448
12/16/2011,FRG,NY,AEA,EN,Towers with Radar,3,27,39,0,69,0,1,215,0,216,3,28,254,0,285,166,0,166,451
12/17/2011,FRG,NY,AEA,EN,Towers with Radar,0,13,28,0,41,0,2,340,0,342,0,15,368,0,383,298,0,298,681
12/18/2011,FRG,NY,AEA,EN,Towers with Radar,0,26,29,0,55,0,1,328,0,329,0,27,357,0,384,246,0,246,630
12/19/2011,FRG,NY,AEA,EN,Towers with Radar,0,23,27,0,50,0,0,257,0,257,0,23,284,0,307,234,0,234,541
12/20/2011,FRG,NY,AEA,EN,Towers with Radar,0,12,34,0,46,0,0,241,0,241,0,12,275,0,287,354,0,354,641
12/21/2011,FRG,NY,AEA,EN,Towers with Radar,0,23,48,0,71,0,0,12,0,12,0,23,60,0,83,34,0,34,117
12/22/2011,FRG,NY,AEA,EN,Towers with Radar,0,23,43,0,66,0,0,221,0,221,0,23,264,0,287,238,0,238,525
12/23/2011,FRG,NY,AEA,EN,Towers with Radar,1,24,30,0,55,0,1,105,0,106,1,25,135,0,161,218,0,218,379
12/24/2011,FRG,NY,AEA,EN,Towers with Radar,0,13,28,0,41,0,0,138,0,138,0,13,166,0,179,248,0,248,427
12/25/2011,FRG,NY,AEA,EN,Towers with Radar,0,28,19,0,47,0,0,62,0,62,0,28,81,0,109,40,0,40,149
12/26/2011,FRG,NY,AEA,EN,Towers with Radar,0,25,59,0,84,0,0,174,0,174,0,25,233,0,258,96,0,96,354
12/27/2011,FRG,NY,AEA,EN,Towers with Radar,0,24,36,0,60,0,0,113,0,113,0,24,149,0,173,170,0,170,343
12/28/2011,FRG,NY,AEA,EN,Towers with Radar,0,25,21,0,46,0,1,89,0,90,0,26,110,0,136,28,0,28,164
12/29/2011,FRG,NY,AEA,EN,Towers with Radar,0,18,20,2,40,0,0,249,0,249,0,18,269,2,289,242,0,242,531
12/30/2011,FRG,NY,AEA,EN,Towers with Radar,0,18,20,0,38,0,0,221,0,221,0,18,241,0,259,376,0,376,635
12/31/2011,FRG,NY,AEA,EN,Towers with Radar,1,15,23,0,39,0,0,149,0,149,1,15,172,0,188,246,0,246,434
01/01/2012,FRG,NY,AEA,EN,Towers with Radar,0,44,46,0,90,0,1,160,0,161,0,45,206,0,251,110,0,110,361
01/02/2012,FRG,NY,AEA,EN,Towers with Radar,2,46,76,0,124,0,0,131,0,131,2,46,207,0,255,60,0,60,315
01/03/2012,FRG,NY,AEA,EN,Towers with Radar,0,21,38,1,60,0,0,97,0,97,0,21,135,1,157,150,0,150,307
01/04/2012,FRG,NY,AEA,EN,Towers with Radar,0,24,32,1,57,0,0,208,0,208,0,24,240,1,265,326,0,326,591
01/05/2012,FRG,NY,AEA,EN,Towers with Radar,0,21,29,0,50,0,0,220,0,220,0,21,249,0,270,288,0,288,558
01/06/2012,FRG,NY,AEA,EN,Towers with Radar,0,16,21,0,37,0,0,276,0,276,0,16,297,0,313,303,0,303,616
01/07/2012,FRG,NY,AEA,EN,Towers with Radar,0,12,15,0,27,0,0,382,0,382,0,12,397,0,409,174,0,174,583
01/08/2012,FRG,NY,AEA,EN,Towers with Radar,1,13,25,0,39,0,0,287,0,287,1,13,312,0,326,296,0,296,622
01/09/2012,FRG,NY,AEA,EN,Towers with Radar,1,13,31,0,45,0,0,225,0,225,1,13,256,0,270,254,0,254,524
01/10/2012,FRG,NY,AEA,EN,Towers with Radar,0,10,28,0,38,0,0,199,0,199,0,10,227,0,237,306,0,306,543
01/11/2012,FRG,NY,AEA,EN,Towers with Radar,0,23,29,0,52,0,0,250,0,250,0,23,279,0,302,350,0,350,652
01/12/2012,FRG,NY,AEA,EN,Towers with Radar,2,37,31,0,70,0,1,5,0,6,2,38,36,0,76,0,0,0,76
01/13/2012,FRG,NY,AEA,EN,Towers with Radar,0,30,31,0,61,0,0,26,0,26,0,30,57,0,87,0,0,0,87
01/14/2012,FRG,NY,AEA,EN,Towers with Radar,0,7,22,0,29,0,0,196,0,196,0,7,218,0,225,104,0,104,329
01/15/2012,FRG,NY,AEA,EN,Towers with Radar,2,15,25,0,42,0,0,160,0,160,2,15,185,0,202,110,0,110,312
01/16/2012,FRG,NY,AEA,EN,Towers with Radar,1,35,27,0,63,0,1,242,0,243,1,36,269,0,306,376,0,376,682
01/17/2012,FRG,NY,AEA,EN,Towers with Radar,0,13,38,1,52,0,0,39,0,39,0,13,77,1,91,24,0,24,115
01/18/2012,FRG,NY,AEA,EN,Towers with Radar,0,27,27,1,55,0,0,112,0,112,0,27,139,1,167,106,0,106,273
01/19/2012,FRG,NY,AEA,EN,Towers with Radar,0,14,57,1,72,0,0,252,0,252,0,14,309,1,324,236,0,236,560
01/20/2012,FRG,NY,AEA,EN,Towers with Radar,0,23,31,0,54,0,0,259,0,259,0,23,290,0,313,152,0,152,465
01/21/2012,FRG,NY,AEA,EN,Towers with Radar,0,7,16,0,23,0,0,1,0,1,0,7,17,0,24,0,0,0,24
01/22/2012,FRG,NY,AEA,EN,Towers with Radar,2,24,51,0,77,0,0,31,0,31,2,24,82,0,108,42,0,42,150
01/23/2012,FRG,NY,AEA,EN,Towers with Radar,0,24,24,1,49,0,0,3,0,3,0,24,27,1,52,2,0,2,54
01/24/2012,FRG,NY,AEA,EN,Towers with Radar,2,18,30,0,50,0,0,197,0,197,2,18,227,0,247,340,0,340,587
01/25/2012,FRG,NY,AEA,EN,Towers with Radar,0,20,43,0,63,0,1,322,0,323,0,21,365,0,386,404,0,404,790
01/26/2012,FRG,NY,AEA,EN,Towers with Radar,0,26,45,0,71,0,1,138,0,139,0,27,183,0,210,230,0,230,440
01/27/2012,FRG,NY,AEA,EN,Towers with Radar,0,24,60,0,84,0,0,24,0,24,0,24,84,0,108,0,0,0,108
01/28/2012,FRG,NY,AEA,EN,Towers with Radar,2,10,24,0,36,0,0,390,0,390,2,10,414,0,426,290,0,290,716
01/29/2012,FRG,NY,AEA,EN,Towers with Radar,0,22,32,0,54,0,1,311,0,312,0,23,343,0,366,172,0,172,538
01/30/2012,FRG,NY,AEA,EN,Towers with Radar,2,18,36,0,56,0,1,248,0,249,2,19,284,0,305,316,0,316,621
01/31/2012,FRG,NY,AEA,EN,Towers with Radar,0,20,26,0,46,0,1,275,0,276,0,21,301,0,322,326,0,326,648
02/01/2012,FRG,NY,AEA,EN,Towers with Radar,0,13,23,0,36,0,0,220,0,220,0,13,243,0,256,354,0,354,610
02/02/2012,FRG,NY,AEA,EN,Towers with Radar,2,28,41,0,71,0,0,222,0,222,2,28,263,0,293,389,0,389,682
02/03/2012,FRG,NY,AEA,EN,Towers with Radar,1,24,22,0,47,0,1,359,0,360,1,25,381,0,407,422,0,422,829
02/04/2012,FRG,NY,AEA,EN,Towers with Radar,0,25,44,0,69,0,0,382,0,382,0,25,426,0,451,283,0,283,734
02/05/2012,FRG,NY,AEA,EN,Towers with Radar,0,27,35,0,62,0,1,310,0,311,0,28,345,0,373,262,0,262,635
02/06/2012,FRG,NY,AEA,EN,Towers with Radar,0,46,61,0,107,0,33,280,0,313,0,79,341,0,420,244,0,244,664
02/07/2012,FRG,NY,AEA,EN,Towers with Radar,1,11,24,0,36,0,0,266,0,266,1,11,290,0,302,332,0,332,634
02/08/2012,FRG,NY,AEA,EN,Towers with Radar,2,18,25,0,45,0,0,214,0,214,2,18,239,0,259,567,0,567,826
02/09/2012,FRG,NY,AEA,EN,Towers with Radar,1,21,35,0,57,0,0,308,0,308,1,21,343,0,365,428,0,428,793
02/10/2012,FRG,NY,AEA,EN,Towers with Radar,0,33,46,0,79,0,0,329,0,329,0,33,375,0,408,414,0,414,822
02/11/2012,FRG,NY,AEA,EN,Towers with Radar,3,14,28,0,45,0,0,23,0,23,3,14,51,0,68,36,0,36,104
02/12/2012,FRG,NY,AEA,EN,Towers with Radar,2,33,27,0,62,0,0,112,0,112,2,33,139,0,174,42,0,42,216
02/13/2012,FRG,NY,AEA,EN,Towers with Radar,3,17,32,0,52,0,0,321,0,321,3,17,353,0,373,236,0,236,609
02/14/2012,FRG,NY,AEA,EN,Towers with Radar,0,15,28,0,43,0,1,252,0,253,0,16,280,0,296,540,0,540,836
02/15/2012,FRG,NY,AEA,EN,Towers with Radar,0,20,41,0,61,0,0,140,0,140,0,20,181,0,201,506,0,506,707
02/16/2012,FRG,NY,AEA,EN,Towers with Radar,0,34,52,0,86,0,0,163,0,163,0,34,215,0,249,352,0,352,601
02/17/2012,FRG,NY,AEA,EN,Towers with Radar,2,39,55,0,96,0,0,270,0,270,2,39,325,0,366,376,0,376,742
02/18/2012,FRG,NY,AEA,EN,Towers with Radar,2,25,44,0,71,0,0,378,0,378,2,25,422,0,449,248,0,248,697
02/19/2012,FRG,NY,AEA,EN,Towers with Radar,2,18,29,0,49,0,0,306,0,306,2,18,335,0,355,254,0,254,609
02/20/2012,FRG,NY,AEA,EN,Towers with Radar,2,21,35,0,58,0,1,335,0,336,2,22,370,0,394,390,0,390,784
02/21/2012,FRG,NY,AEA,EN,Towers with Radar,0,24,26,2,52,0,0,289,0,289,0,24,315,2,341,355,0,355,696
02/22/2012,FRG,NY,AEA,EN,Towers with Radar,1,27,31,2,61,0,0,307,0,307,1,27,338,2,368,432,0,432,800
02/23/2012,FRG,NY,AEA,EN,Towers with Radar,0,21,16,0,37,0,0,226,0,226,0,21,242,0,263,234,0,234,497
02/24/2012,FRG,NY,AEA,EN,Towers with Radar,1,40,27,0,68,0,0,9,0,9,1,40,36,0,77,0,0,0,77
02/25/2012,FRG,NY,AEA,EN,Towers with Radar,1,25,21,0,47,0,0,8,0,8,1,25,29,0,55,10,0,10,65
02/26/2012,FRG,NY,AEA,EN,Towers with Radar,0,41,75,0,116,0,0,369,1,370,0,41,444,1,486,174,0,174,660
02/27/2012,FRG,NY,AEA,EN,Towers with Radar,0,30,28,0,58,0,0,255,0,255,0,30,283,0,313,328,0,328,641
02/28/2012,FRG,NY,AEA,EN,Towers with Radar,0,11,32,0,43,0,0,338,0,338,0,11,370,0,381,447,0,447,828
02/29/2012,FRG,NY,AEA,EN,Towers with Radar,1,18,26,2,47,0,0,52,0,52,1,18,78,2,99,154,0,154,253
03/01/2012,FRG,NY,AEA,EN,Towers with Radar,0,21,42,0,63,0,0,8,0,8,0,21,50,0,71,6,0,6,77
03/02/2012,FRG,NY,AEA,EN,Towers with Radar,0,29,41,1,71,0,1,99,0,100,0,30,140,1,171,335,0,335,506
03/03/2012,FRG,NY,AEA,EN,Towers with Radar,2,12,25,0,39,0,0,63,0,63,2,12,88,0,102,62,0,62,164
03/04/2012,FRG,NY,AEA,EN,Towers with Radar,1,30,37,1,69,0,0,271,0,271,1,30,308,1,340,320,0,320,660
03/05/2012,FRG,NY,AEA,EN,Towers with Radar,0,23,33,0,56,0,0,292,0,292,0,23,325,0,348,424,0,424,772
03/06/2012,FRG,NY,AEA,EN,Towers with Radar,0,15,29,1,45,0,2,290,0,292,0,17,319,1,337,450,0,450,787
03/07/2012,FRG,NY,AEA,EN,Towers with Radar,0,18,42,0,60,0,3,336,0,339,0,21,378,0,399,444,0,444,843
03/08/2012,FRG,NY,AEA,EN,Towers with Radar,0,26,32,2,60,0,0,176,0,176,0,26,208,2,236,136,0,136,372
03/09/2012,FRG,NY,AEA,EN,Towers with Radar,0,28,50,0,78,0,2,191,1,194,0,30,241,1,272,334,0,334,606
03/10/2012,FRG,NY,AEA,EN,Towers with Radar,0,10,36,0,46,0,0,332,0,332,0,10,368,0,378,310,0,310,688
03/11/2012,FRG,NY,AEA,EN,Towers with Radar,0,28,35,0,63,0,1,397,0,398,0,29,432,0,461,212,0,212,673
03/12/2012,FRG,NY,AEA,EN,Towers with Radar,2,15,36,0,53,0,0,293,0,293,2,15,329,0,346,386,0,386,732
03/13/2012,FRG,NY,AEA,EN,Towers with Radar,1,21,39,0,61,0,0,158,0,158,1,21,197,0,219,386,0,386,605
03/14/2012,FRG,NY,AEA,EN,Towers with Radar,2,24,56,0,82,0,1,383,2,386,2,25,439,2,468,624,0,624,1092
03/15/2012,FRG,NY,AEA,EN,Towers with Radar,1,26,66,0,93,0,0,59,0,59,1,26,125,0,152,82,0,82,234
03/16/2012,FRG,NY,AEA,EN,Towers with Radar,2,28,78,1,109,0,0,5,0,5,2,28,83,1,114,0,0,0,114
03/17/2012,FRG,NY,AEA,EN,Towers with Radar,0,9,22,0,31,0,0,328,0,328,0,9,350,0,359,270,0,270,629
03/18/2012,FRG,NY,AEA,EN,Towers with Radar,0,21,59,1,81,0,0,258,0,258,0,21,317,1,339,258,0,258,597
03/19/2012,FRG,NY,AEA,EN,Towers with Radar,0,20,40,3,63,0,1,342,0,343,0,21,382,3,406,408,0,408,814
03/20/2012,FRG,NY,AEA,EN,Towers with Radar,0,21,33,2,56,0,0,171,0,171,0,21,204,2,227,324,0,324,551
03/21/2012,FRG,NY,AEA,EN,Towers with Radar,1,24,74,6,105,0,0,45,0,45,1,24,119,6,150,62,0,62,212
03/22/2012,FRG,NY,AEA,EN,Towers with Radar,0,27,51,0,78,0,2,188,0,190,0,29,239,0,268,360,0,360,628
03/23/2012,FRG,NY,AEA,EN,Towers with Radar,1,31,41,0,73,0,0,370,1,371,1,31,411,1,444,357,0,357,801
03/24/2012,FRG,NY,AEA,EN,Towers with Radar,0,21,33,0,54,0,0,277,1,278,0,21,310,1,332,264,0,264,596
03/25/2012,FRG,NY,AEA,EN,Towers with Radar,0,34,70,0,104,0,0,40,0,40,0,34,110,0,144,158,0,158,302
03/26/2012,FRG,NY,AEA,EN,Towers with Radar,0,22,24,0,46,0,0,173,0,173,0,22,197,0,219,154,0,154,373
03/27/2012,FRG,NY,AEA,EN,Towers with Radar,0,19,26,0,45,0,0,311,0,311,0,19,337,0,356,350,0,350,706
03/28/2012,FRG,NY,AEA,EN,Towers with Radar,2,22,50,0,74,0,0,231,0,231,2,22,281,0,305,458,0,458,763
03/29/2012,FRG,NY,AEA,EN,Towers with Radar,1,25,20,0,46,0,0,302,0,302,1,25,322,0,348,462,4,466,814
03/30/2012,FRG,NY,AEA,EN,Towers with Radar,4,26,37,2,69,0,0,384,0,384,4,26,421,2,453,286,0,286,739
03/31/2012,FRG,NY,AEA,EN,Towers with Radar,2,17,41,0,60,0,0,3,0,3,2,17,44,0,63,2,0,2,65
04/01/2012,FRG,NY,AEA,EN,Towers with Radar,2,30,59,2,93,0,0,215,0,215,2,30,274,2,308,194,0,194,502
04/02/2012,FRG,NY,AEA,EN,Towers with Radar,0,16,18,2,36,0,0,160,0,160,0,16,178,2,196,134,0,134,330
04/03/2012,FRG,NY,AEA,EN,Towers with Radar,0,22,28,0,50,0,0,335,0,335,0,22,363,0,385,436,0,436,821
04/04/2012,FRG,NY,AEA,EN,Towers with Radar,2,35,41,0,78,0,0,361,0,361,2,35,402,0,439,364,0,364,803
04/05/2012,FRG,NY,AEA,EN,Towers with Radar,1,35,68,0,104,0,2,403,0,405,1,37,471,0,509,334,0,334,843
04/06/2012,FRG,NY,AEA,EN,Towers with Radar,2,32,26,0,60,0,3,403,0,406,2,35,429,0,466,398,0,398,864
04/07/2012,FRG,NY,AEA,EN,Towers with Radar,0,20,32,0,52,0,0,380,0,380,0,20,412,0,432,374,0,374,806
04/08/2012,FRG,NY,AEA,EN,Towers with Radar,1,26,48,0,75,0,0,239,0,239,1,26,287,0,314,184,0,184,498
04/09/2012,FRG,NY,AEA,EN,Towers with Radar,0,25,44,0,69,0,0,129,0,129,0,25,173,0,198,64,0,64,262
04/10/2012,FRG,NY,AEA,EN,Towers with Radar,0,25,31,0,56,0,1,327,0,328,0,26,358,0,384,380,0,380,764
04/11/2012,FRG,NY,AEA,EN,Towers with Radar,0,20,28,0,48,0,1,336,1,338,0,21,364,1,386,566,0,566,952
04/12/2012,FRG,NY,AEA,EN,Towers with Radar,2,27,44,0,73,0,2,278,0,280,2,29,322,0,353,574,0,574,927
04/13/2012,FRG,NY,AEA,EN,Towers with Radar,1,30,49,0,80,0,0,440,0,440,1,30,489,0,520,280,0,280,800
04/14/2012,FRG,NY,AEA,EN,Towers with Radar,2,28,41,0,71,0,0,463,0,463,2,28,504,0,534,444,0,444,978
04/15/2012,FRG,NY,AEA,EN,Towers with Radar,0,51,58,0,109,0,1,274,0,275,0,52,332,0,384,232,0,232,616
04/16/2012,FRG,NY,AEA,EN,Towers with Radar,0,15,28,2,45,0,0,337,0,337,0,15,365,2,382,322,0,322,704
04/17/2012,FRG,NY,AEA,EN,Towers with Radar,0,20,24,0,44,0,2,344,0,346,0,22,368,0,390,314,0,314,704
04/18/2012,FRG,NY,AEA,EN,Towers with Radar,0,32,27,0,59,0,1,331,0,332,0,33,358,0,391,342,0,342,733
04/19/2012,FRG,NY,AEA,EN,Towers with Radar,0,18,40,0,58,0,0,381,0,381,0,18,421,0,439,520,0,520,959
04/20/2012,FRG,NY,AEA,EN,Towers with Radar,0,21,52,0,73,0,1,388,1,390,0,22,440,1,463,280,0,280,743
04/21/2012,FRG,NY,AEA,EN,Towers with Radar,0,16,44,2,62,0,0,121,0,121,0,16,165,2,183,168,0,168,351
04/22/2012,FRG,NY,AEA,EN,Towers with Radar,0,22,74,0,96,0,0,34,0,34,0,22,108,0,130,68,0,68,198
04/23/2012,FRG,NY,AEA,EN,Towers with Radar,0,20,42,0,62,0,0,56,0,56,0,20,98,0,118,76,0,76,194
04/24/2012,FRG,NY,AEA,EN,Towers with Radar,1,23,29,0,53,0,1,171,1,173,1,24,200,1,226,72,0,72,298
04/25/2012,FRG,NY,AEA,EN,Towers with Radar,0,23,44,0,67,0,3,302,0,305,0,26,346,0,372,454,0,454,826
04/26/2012,FRG,NY,AEA,EN,Towers with Radar,0,23,56,0,79,0,1,185,0,186,0,24,241,0,265,340,0,340,605
04/27/2012,FRG,NY,AEA,EN,Towers with Radar,0,26,40,0,66,0,1,188,1,190,0,27,228,1,256,94,0,94,350
04/28/2012,FRG,NY,AEA,EN,Towers with Radar,0,17,27,0,44,0,2,441,0,443,0,19,468,0,487,266,0,266,753
04/29/2012,FRG,NY,AEA,EN,Towers with Radar,0,34,36,0,70,0,2,418,0,420,0,36,454,0,490,140,0,140,630
04/30/2012,FRG,NY,AEA,EN,Towers with Radar,2,18,30,0,50,0,0,385,0,385,2,18,415,0,435,426,0,426,861
05/01/2012,FRG,NY,AEA,EN,Towers with Radar,0,17,53,0,70,0,0,89,0,89,0,17,142,0,159,184,0,184,343
05/02/2012,FRG,NY,AEA,EN,Towers with Radar,0,37,62,0,99,0,0,73,0,73,0,37,135,0,172,84,0,84,256
05/03/2012,FRG,NY,AEA,EN,Towers with Radar,0,23,90,0,113,0,0,7,0,7,0,23,97,0,120,0,0,0,120
05/04/2012,FRG,NY,AEA,EN,Towers with Radar,0,29,54,0,83,0,0,74,0,74,0,29,128,0,157,64,0,64,221
05/05/2012,FRG,NY,AEA,EN,Towers with Radar,0,17,59,0,76,0,0,4,0,4,0,17,63,0,80,0,0,0,80
05/06/2012,FRG,NY,AEA,EN,Towers with Radar,2,32,70,0,104,1,2,327,0,330,3,34,397,0,434,300,0,300,734
05/07/2012,FRG,NY,AEA,EN,Towers with Radar,0,12,35,0,47,0,1,324,0,325,0,13,359,0,372,558,0,558,930
05/08/2012,FRG,NY,AEA,EN,Towers with Radar,0,19,25,0,44,0,0,198,0,198,0,19,223,0,242,182,0,182,424
05/09/2012,FRG,NY,AEA,EN,Towers with Radar,0,25,37,0,62,0,0,0,0,0,0,25,37,0,62,2,0,2,64
05/10/2012,FRG,NY,AEA,EN,Towers with Radar,0,36,41,1,78,0,0,298,0,298,0,36,339,1,376,258,0,258,634
05/11/2012,FRG,NY,AEA,EN,Towers with Radar,0,27,35,1,63,0,4,370,0,374,0,31,405,1,437,331,0,331,768
05/12/2012,FRG,NY,AEA,EN,Towers with Radar,0,12,23,0,35,0,2,483,0,485,0,14,506,0,520,276,0,276,796
05/13/2012,FRG,NY,AEA,EN,Towers with Radar,0,27,54,0,81,0,3,299,0,302,0,30,353,0,383,312,0,312,695
05/14/2012,FRG,NY,AEA,EN,Towers with Radar,0,12,59,0,71,0,1,93,0,94,0,13,152,0,165,90,0,90,255
05/15/2012,FRG,NY,AEA,EN,Towers with Radar,2,17,31,0,50,0,0,29,0,29,2,17,60,0,79,78,0,78,157
05/16/2012,FRG,NY,AEA,EN,Towers with Radar,0,18,52,3,73,0,0,141,3,144,0,18,193,6,217,140,0,140,357
05/17/2012,FRG,NY,AEA,EN,Towers with Radar,1,41,58,2,102,0,4,466,1,471,1,45,524,3,573,390,0,390,963
05/18/2012,FRG,NY,AEA,EN,Towers with Radar,0,42,33,0,75,0,2,475,1,478,0,44,508,1,553,386,0,386,939
05/19/2012,FRG,NY,AEA,EN,Towers with Radar,0,18,29,0,47,0,3,499,0,502,0,21,528,0,549,260,0,260,809
05/20/2012,FRG,NY,AEA,EN,Towers with Radar,0,35,37,1,73,0,3,460,0,463,0,38,497,1,536,198,0,198,734
05/21/2012,FRG,NY,AEA,EN,Towers with Radar,0,19,39,12,70,0,0,2,0,2,0,19,41,12,72,2,0,2,74
05/22/2012,FRG,NY,AEA,EN,Towers with Radar,0,17,54,1,72,0,0,21,0,21,0,17,75,1,93,2,0,2,95
05/23/2012,FRG,NY,AEA,EN,Towers with Radar,0,24,64,27,115,0,2,169,3,174,0,26,233,30,289,140,0,140,429
05/24/2012,FRG,NY,AEA,EN,Towers with Radar,0,44,69,4,117,0,0,77,3,80,0,44,146,7,197,46,0,46,243
05/25/2012,FRG,NY,AEA,EN,Towers with Radar,1,35,83,3,122,0,2,8,0,10,1,37,91,3,132,8,0,8,140
05/26/2012,FRG,NY,AEA,EN,Towers with Radar,0,17,26,5,48,0,4,341,2,347,0,21,367,7,395,166,0,166,561
05/27/2012,FRG,NY,AEA,EN,Towers with Radar,0,16,38,6,60,0,6,319,4,329,0,22,357,10,389,160,0,160,549
05/28/2012,FRG,NY,AEA,EN,Towers with Radar,0,31,40,3,74,0,0,376,0,376,0,31,416,3,450,276,0,276,726
05/29/2012,FRG,NY,AEA,EN,Towers with Radar,1,18,27,6,52,0,1,309,0,310,1,19,336,6,362,314,0,314,676
05/30/2012,FRG,NY,AEA,EN,Towers with Radar,0,29,36,3,68,0,2,311,0,313,0,31,347,3,381,302,0,302,683
05/31/2012,FRG,NY,AEA,EN,Towers with Radar,0,20,66,0,86,0,3,465,0,468,0,23,531,0,554,262,0,262,816
06/01/2012,FRG,NY,AEA,EN,Towers with Radar,0,49,50,0,99,0,0,349,1,350,0,49,399,1,449,266,0,266,715
06/02/2012,FRG,NY,AEA,EN,Towers with Radar,0,24,34,0,58,0,0,157,0,157,0,24,191,0,215,100,0,100,315
06/03/2012,FRG,NY,AEA,EN,Towers with Radar,0,20,21,0,41,0,1,376,0,377,0,21,397,0,418,284,0,284,702
06/04/2012,FRG,NY,AEA,EN,Towers with Radar,0,11,54,0,65,0,4,107,1,112,0,15,161,1,177,166,0,166,343
06/05/2012,FRG,NY,AEA,EN,Towers with Radar,0,17,41,2,60,0,1,289,0,290,0,18,330,2,350,482,0,482,832
06/06/2012,FRG,NY,AEA,EN,Towers with Radar,1,26,76,0,103,0,3,348,1,352,1,29,424,1,455,316,0,316,771
06/07/2012,FRG,NY,AEA,EN,Towers with Radar,0,24,42,0,66,0,2,328,1,331,0,26,370,1,397,390,0,390,787
06/08/2012,FRG,NY,AEA,EN,Towers with Radar,0,26,38,0,64,0,1,404,0,405,0,27,442,0,469,410,0,410,879
06/09/2012,FRG,NY,AEA,EN,Towers with Radar,0,25,45,0,70,0,1,346,0,347,0,26,391,0,417,270,0,270,687
06/10/2012,FRG,NY,AEA,EN,Towers with Radar,0,26,33,0,59,0,0,411,1,412,0,26,444,1,471,218,0,218,689
06/11/2012,FRG,NY,AEA,EN,Towers with Radar,1,16,32,1,50,0,1,306,1,308,1,17,338,2,358,292,0,292,650
06/12/2012,FRG,NY,AEA,EN,Towers with Radar,0,13,28,0,41,0,2,32,0,34,0,15,60,0,75,16,0,16,91
06/13/2012,FRG,NY,AEA,EN,Towers with Radar,0,25,72,1,98,0,0,2,1,3,0,25,74,2,101,0,0,0,101
06/14/2012,FRG,NY,AEA,EN,Towers with Radar,0,23,56,2,81,0,0,200,0,200,0,23,256,2,281,355,0,355,636
06/15/2012,FRG,NY,AEA,EN,Towers with Radar,0,22,27,0,49,0,1,464,0,465,0,23,491,0,514,512,0,512,1026
06/16/2012,FRG,NY,AEA,EN,Towers with Radar,0,7,32,0,39,0,2,431,0,433,0,9,463,0,472,290,0,290,762
06/17/2012,FRG,NY,AEA,EN,Towers with Radar,0,22,52,0,74,0,0,339,1,340,0,22,391,1,414,245,0,245,659
06/18/2012,FRG,NY,AEA,EN,Towers with Radar,0,17,51,0,68,0,4,356,1,361,0,21,407,1,429,624,0,624,1053
06/19/2012,FRG,NY,AEA,EN,Towers with Radar,0,25,55,0,80,0,1,249,0,250,0,26,304,0,330,380,0,380,710
06/20/2012,FRG,NY,AEA,EN,Towers with Radar,0,23,34,2,59,0,2,359,0,361,0,25,393,2,420,425,0,425,845
06/21/2012,FRG,NY,AEA,EN,Towers with Radar,0,35,41,2,78,0,3,299,0,302,0,38,340,2,380,368,0,368,748
06/22/2012,FRG,NY,AEA,EN,Towers with Radar,0,43,58,2,103,0,4,252,0,256,0,47,310,2,359,234,0,234,593
06/23/2012,FRG,NY,AEA,EN,Towers with Radar,0,22,26,0,48,0,3,429,0,432,0,25,455,0,480,164,0,164,644
06/24/2012,FRG,NY,AEA,EN,Towers with Radar,0,32,22,0,54,0,3,368,0,371,0,35,390,0,425,318,0,318,743
06/25/2012,FRG,NY,AEA,EN,Towers with Radar,0,18,23,0,41,0,4,103,0,107,0,22,126,0,148,56,0,56,204
06/26/2012,FRG,NY,AEA,EN,Towers with Radar,0,38,40,0,78,0,2,282,0,284,0,40,322,0,362,274,0,274,636
06/27/2012,FRG,NY,AEA,EN,Towers with Radar,0,20,41,1,62,0,2,355,1,358,0,22,396,2,420,314,0,314,734
06/28/2012,FRG,NY,AEA,EN,Towers with Radar,0,35,31,2,68,0,3,458,0,461,0,38,489,2,529,524,0,524,1053
06/29/2012,FRG,NY,AEA,EN,Towers with Radar,0,31,37,0,68,0,1,287,0,288,0,32,324,0,356,304,0,304,660
06/30/2012,FRG,NY,AEA,EN,Towers with Radar,0,27,25,0,52,0,3,464,1,468,0,30,489,1,520,260,0,260,780
07/01/2012,FRG,NY,AEA,EN,Towers with Radar,0,35,33,0,68,0,2,354,0,356,0,37,387,0,424,172,0,172,596
07/02/2012,FRG,NY,AEA,EN,Towers with Radar,0,16,20,0,36,0,2,332,0,334,0,18,352,0,370,450,0,450,820
07/03/2012,FRG,NY,AEA,EN,Towers with Radar,0,21,33,0,54,0,2,389,0,391,0,23,422,0,445,378,0,378,823
07/04/2012,FRG,NY,AEA,EN,Towers with Radar,0,32,34,0,66,0,5,210,0,215,0,37,244,0,281,136,0,136,417
07/05/2012,FRG,NY,AEA,EN,Towers with Radar,0,24,34,0,58,0,3,399,0,402,0,27,433,0,460,458,0,458,918
07/06/2012,FRG,NY,AEA,EN,Towers with Radar,0,17,28,0,45,0,4,407,0,411,0,21,435,0,456,372,0,372,828
07/07/2012,FRG,NY,AEA,EN,Towers with Radar,0,28,19,0,47,0,0,263,1,264,0,28,282,1,311,256,0,256,567
07/08/2012,FRG,NY,AEA,EN,Towers with Radar,0,37,37,0,74,0,1,455,0,456,0,38,492,0,530,296,0,296,826
07/09/2012,FRG,NY,AEA,EN,Towers with Radar,0,32,35,0,67,0,0,374,0,374,0,32,409,0,441,491,0,491,932
07/10/2012,FRG,NY,AEA,EN,Towers with Radar,0,18,24,0,42,0,5,387,0,392,0,23,411,0,434,414,0,414,848
07/11/2012,FRG,NY,AEA,EN,Towers with Radar,0,26,27,0,53,0,4,368,1,373,0,30,395,1,426,472,0,472,898
07/12/2012,FRG,NY,AEA,EN,Towers with Radar,0,34,33,0,67,0,5,362,0,367,0,39,395,0,434,292,0,292,726
07/13/2012,FRG,NY,AEA,EN,Towers with Radar,0,34,44,0,78,0,3,424,0,427,0,37,468,0,505,300,0,300,805
07/14/2012,FRG,NY,AEA,EN,Towers with Radar,0,22,26,0,48,0,3,365,0,368,0,25,391,0,416,272,0,272,688
07/15/2012,FRG,NY,AEA,EN,Towers with Radar,0,36,58,1,95,0,1,271,0,272,0,37,329,1,367,302,0,302,669
07/16/2012,FRG,NY,AEA,EN,Towers with Radar,0,35,34,0,69,0,0,334,1,335,0,35,368,1,404,354,0,354,758
07/17/2012,FRG,NY,AEA,EN,Towers with Radar,0,16,27,0,43,0,0,303,0,303,0,16,330,0,346,306,0,306,652
07/18/2012,FRG,NY,AEA,EN,Towers with Radar,0,15,36,0,51,0,0,171,0,171,0,15,207,0,222,180,0,180,402
07/19/2012,FRG,NY,AEA,EN,Towers with Radar,0,47,46,0,93,0,0,259,0,259,0,47,305,0,352,292,0,292,644
07/20/2012,FRG,NY,AEA,EN,Towers with Radar,0,52,81,0,133,0,1,95,0,96,0,53,176,0,229,0,0,0,229
07/21/2012,FRG,NY,AEA,EN,Towers with Radar,0,18,63,0,81,0,0,420,0,420,0,18,483,0,501,354,0,354,855
07/22/2012,FRG,NY,AEA,EN,Towers with Radar,0,35,32,0,67,0,3,448,0,451,0,38,480,0,518,374,0,374,892
07/23/2012,FRG,NY,AEA,EN,Towers with Radar,0,29,31,0,60,0,2,171,0,173,0,31,202,0,233,128,0,128,361
07/24/2012,FRG,NY,AEA,EN,Towers with Radar,0,12,34,0,46,0,0,324,0,324,0,12,358,0,370,270,0,270,640
07/25/2012,FRG,NY,AEA,EN,Towers with Radar,0,21,26,4,51,0,3,403,0,406,0,24,429,4,457,290,0,290,747
07/26/2012,FRG,NY,AEA,EN,Towers with Radar,0,21,34,0,55,0,3,182,0,185,0,24,216,0,240,146,0,146,386
07/27/2012,FRG,NY,AEA,EN,Towers with Radar,0,38,45,0,83,0,1,315,0,316,0,39,360,0,399,268,0,268,667
07/28/2012,FRG,NY,AEA,EN,Towers with Radar,0,24,28,0,52,0,0,64,0,64,0,24,92,0,116,20,0,20,136
07/29/2012,FRG,NY,AEA,EN,Towers with Radar,0,44,56,0,100,0,0,135,0,135,0,44,191,0,235,108,0,108,343
07/30/2012,FRG,NY,AEA,EN,Towers with Radar,0,34,46,0,80,0,7,247,0,254,0,41,293,0,334,224,0,224,558
07/31/2012,FRG,NY,AEA,EN,Towers with Radar,0,27,31,0,58,0,1,241,0,242,0,28,272,0,300,362,0,362,662
08/01/2012,FRG,NY,AEA,EN,Towers with Radar,0,28,78,0,106,0,0,203,0,203,0,28,281,0,309,225,0,225,534
08/02/2012,FRG,NY,AEA,EN,Towers with Radar,0,29,40,0,69,0,0,381,0,381,0,29,421,0,450,370,0,370,820
08/03/2012,FRG,NY,AEA,EN,Towers with Radar,0,27,59,0,86,0,3,323,0,326,0,30,382,0,412,332,0,332,744
08/04/2012,FRG,NY,AEA,EN,Towers with Radar,0,26,55,0,81,0,0,258,0,258,0,26,313,0,339,182,0,182,521
08/05/2012,FRG,NY,AEA,EN,Towers with Radar,0,35,62,0,97,0,1,114,0,115,0,36,176,0,212,128,0,128,340
08/06/2012,FRG,NY,AEA,EN,Towers with Radar,0,16,53,0,69,0,3,263,0,266,0,19,316,0,335,199,0,199,534
08/07/2012,FRG,NY,AEA,EN,Towers with Radar,0,20,40,0,60,0,0,385,0,385,0,20,425,0,445,456,0,456,901
08/08/2012,FRG,NY,AEA,EN,Towers with Radar,0,35,60,0,95,0,4,357,6,367,0,39,417,6,462,314,0,314,776
08/09/2012,FRG,NY,AEA,EN,Towers with Radar,0,41,37,0,78,0,4,319,0,323,0,45,356,0,401,500,0,500,901
08/10/2012,FRG,NY,AEA,EN,Towers with Radar,0,43,56,0,99,0,0,66,0,66,0,43,122,0,165,40,0,40,205
08/11/2012,FRG,NY,AEA,EN,Towers with Radar,0,19,45,0,64,0,2,88,0,90,0,21,133,0,154,192,0,192,346
08/12/2012,FRG,NY,AEA,EN,Towers with Radar,0,29,54,0,83,0,0,454,0,454,0,29,508,0,537,286,0,286,823
08/13/2012,FRG,NY,AEA,EN,Towers with Radar,0,22,41,0,63,0,0,432,0,432,0,22,473,0,495,424,0,424,919
08/14/2012,FRG,NY,AEA,EN,Towers with Radar,0,18,34,0,52,0,3,312,0,315,0,21,346,0,367,310,0,310,677
08/15/2012,FRG,NY,AEA,EN,Towers with Radar,0,24,46,0,70,0,0,76,1,77,0,24,122,1,147,58,0,58,205
08/16/2012,FRG,NY,AEA,EN,Towers with Radar,0,32,32,0,64,0,1,438,0,439,0,33,470,0,503,288,0,288,791
08/17/2012,FRG,NY,AEA,EN,Towers with Radar,0,25,42,0,67,0,0,347,0,347,0,25,389,0,414,252,0,252,666
08/18/2012,FRG,NY,AEA,EN,Towers with Radar,0,27,23,0,50,0,0,212,0,212,0,27,235,0,262,250,0,250,512
08/19/2012,FRG,NY,AEA,EN,Towers with Radar,0,40,30,0,70,0,1,452,0,453,0,41,482,0,523,396,0,396,919
08/20/2012,FRG,NY,AEA,EN,Towers with Radar,0,45,50,0,95,0,1,327,0,328,0,46,377,0,423,375,0,375,798
08/21/2012,FRG,NY,AEA,EN,Towers with Radar,0,38,42,0,80,0,1,338,0,339,0,39,380,0,419,458,0,458,877
08/22/2012,FRG,NY,AEA,EN,Towers with Radar,0,35,68,4,107,0,4,285,0,289,0,39,353,4,396,344,0,344,740
08/23/2012,FRG,NY,AEA,EN,Towers with Radar,0,45,68,2,115,0,3,408,0,411,0,48,476,2,526,306,0,306,832
08/24/2012,FRG,NY,AEA,EN,Towers with Radar,0,66,62,0,128,0,6,320,2,328,0,72,382,2,456,266,0,266,722
08/25/2012,FRG,NY,AEA,EN,Towers with Radar,0,45,64,0,109,0,0,357,1,358,0,45,421,1,467,294,0,294,761
08/26/2012,FRG,NY,AEA,EN,Towers with Radar,0,70,86,0,156,0,1,385,0,386,0,71,471,0,542,248,0,248,790
08/27/2012,FRG,NY,AEA,EN,Towers with Radar,0,30,60,0,90,0,4,179,0,183,0,34,239,0,273,160,0,160,433
08/28/2012,FRG,NY,AEA,EN,Towers with Radar,0,30,36,0,66,0,2,209,1,212,0,32,245,1,278,240,0,240,518
08/29/2012,FRG,NY,AEA,EN,Towers with Radar,0,22,36,0,58,0,9,384,3,396,0,31,420,3,454,492,0,492,946
08/30/2012,FRG,NY,AEA,EN,Towers with Radar,0,24,33,1,58,0,1,187,1,189,0,25,220,2,247,136,0,136,383
08/31/2012,FRG,NY,AEA,EN,Towers with Radar,0,30,38,0,68,0,8,466,0,474,0,38,504,0,542,304,0,304,846
09/01/2012,FRG,NY,AEA,EN,Towers with Radar,0,8,25,0,33,0,0,454,0,454,0,8,479,0,487,228,0,228,715
09/02/2012,FRG,NY,AEA,EN,Towers with Radar,0,20,23,0,43,0,2,374,0,376,0,22,397,0,419,290,0,290,709
09/03/2012,FRG,NY,AEA,EN,Towers with Radar,0,36,40,0,76,0,6,320,0,326,0,42,360,0,402,196,0,196,598
09/04/2012,FRG,NY,AEA,EN,Towers with Radar,0,22,56,0,78,0,2,15,0,17,0,24,71,0,95,0,0,0,95
09/05/2012,FRG,NY,AEA,EN,Towers with Radar,0,29,42,0,71,0,5,100,0,105,0,34,142,0,176,158,0,158,334
09/06/2012,FRG,NY,AEA,EN,Towers with Radar,0,41,39,0,80,0,4,283,0,287,0,45,322,0,367,310,0,310,677
09/07/2012,FRG,NY,AEA,EN,Towers with Radar,0,32,37,1,70,0,7,370,0,377,0,39,407,1,447,444,0,444,891
09/08/2012,FRG,NY,AEA,EN,Towers with Radar,0,21,31,0,52,0,0,58,0,58,0,21,89,0,110,148,0,148,258
09/09/2012,FRG,NY,AEA,EN,Towers with Radar,1,27,41,1,70,0,0,402,0,402,1,27,443,1,472,352,0,352,824
09/10/2012,FRG,NY,AEA,EN,Towers with Radar,0,20,39,0,59,0,0,350,0,350,0,20,389,0,409,305,0,305,714
09/11/2012,FRG,NY,AEA,EN,Towers with Radar,0,20,25,0,45,26,1,359,0,386,26,21,384,0,431,410,0,410,841
09/12/2012,FRG,NY,AEA,EN,Towers with Radar,0,30,31,0,61,0,2,354,0,356,0,32,385,0,417,492,0,492,909
09/13/2012,FRG,NY,AEA,EN,Towers with Radar,0,26,41,0,67,1,3,429,1,434,1,29,470,1,501,518,0,518,1019
09/14/2012,FRG,NY,AEA,EN,Towers with Radar,0,35,44,0,79,0,1,434,0,435,0,36,478,0,514,286,0,286,800
09/15/2012,FRG,NY,AEA,EN,Towers with Radar,0,18,41,0,59,0,3,398,0,401,0,21,439,0,460,321,0,321,781
09/16/2012,FRG,NY,AEA,EN,Towers with Radar,0,25,42,0,67,0,0,468,0,468,0,25,510,0,535,258,0,258,793
09/17/2012,FRG,NY,AEA,EN,Towers with Radar,0,19,33,0,52,0,3,403,0,406,0,22,436,0,458,386,0,386,844
09/18/2012,FRG,NY,AEA,EN,Towers with Radar,0,12,15,0,27,0,1,23,0,24,0,13,38,0,51,2,0,2,53
09/19/2012,FRG,NY,AEA,EN,Towers with Radar,0,31,43,0,74,0,3,270,0,273,0,34,313,0,347,334,0,334,681
09/20/2012,FRG,NY,AEA,EN,Towers with Radar,1,24,44,1,70,0,3,350,0,353,1,27,394,1,423,452,0,452,875
09/21/2012,FRG,NY,AEA,EN,Towers with Radar,0,39,52,0,91,0,3,465,1,469,0,42,517,1,560,428,0,428,988
09/22/2012,FRG,NY,AEA,EN,Towers with Radar,0,23,36,0,59,0,3,345,0,348,0,26,381,0,407,252,0,252,659
09/23/2012,FRG,NY,AEA,EN,Towers with Radar,0,38,53,0,91,0,3,397,0,400,0,41,450,0,491,288,0,288,779
09/24/2012,FRG,NY,AEA,EN,Towers with Radar,0,23,69,0,92,0,3,326,1,330,0,26,395,1,422,192,0,192,614
09/25/2012,FRG,NY,AEA,EN,Towers with Radar,0,27,70,0,97,0,0,294,0,294,0,27,364,0,391,98,0,98,489
09/26/2012,FRG,NY,AEA,EN,Towers with Radar,0,19,40,0,59,0,2,186,0,188,0,21,226,0,247,234,0,234,481
09/27/2012,FRG,NY,AEA,EN,Towers with Radar,1,41,53,0,95,0,2,341,0,343,1,43,394,0,438,538,0,538,976
09/28/2012,FRG,NY,AEA,EN,Towers with Radar,0,33,66,0,99,0,0,45,0,45,0,33,111,0,144,0,0,0,144
09/29/2012,FRG,NY,AEA,EN,Towers with Radar,0,18,63,0,81,0,0,73,0,73,0,18,136,0,154,14,0,14,168
09/30/2012,FRG,NY,AEA,EN,Towers with Radar,0,34,70,0,104,0,0,295,0,295,0,34,365,0,399,288,0,288,687
10/01/2012,FRG,NY,AEA,EN,Towers with Radar,2,21,30,0,53,0,2,427,0,429,2,23,457,0,482,320,0,320,802
10/02/2012,FRG,NY,AEA,EN,Towers with Radar,0,29,54,0,83,0,0,194,0,194,0,29,248,0,277,254,0,254,531
10/03/2012,FRG,NY,AEA,EN,Towers with Radar,0,25,36,0,61,0,0,18,0,18,0,25,54,0,79,24,0,24,103
10/04/2012,FRG,NY,AEA,EN,Towers with Radar,0,42,62,0,104,0,0,14,0,14,0,42,76,0,118,0,0,0,118
10/05/2012,FRG,NY,AEA,EN,Towers with Radar,0,54,67,0,121,0,3,541,0,544,0,57,608,0,665,212,0,212,877
10/06/2012,FRG,NY,AEA,EN,Towers with Radar,0,21,23,0,44,0,2,407,0,409,0,23,430,0,453,292,0,292,745
10/07/2012,FRG,NY,AEA,EN,Towers with Radar,0,32,36,0,68,0,0,238,0,238,0,32,274,0,306,305,0,305,611
10/08/2012,FRG,NY,AEA,EN,Towers with Radar,0,35,47,0,82,0,3,447,0,450,0,38,494,0,532,488,0,488,1020
10/09/2012,FRG,NY,AEA,EN,Towers with Radar,0,16,44,2,62,0,1,52,0,53,0,17,96,2,115,73,0,73,188
10/10/2012,FRG,NY,AEA,EN,Towers with Radar,0,17,33,0,50,0,1,156,0,157,0,18,189,0,207,226,0,226,433
10/11/2012,FRG,NY,AEA,EN,Towers with Radar,0,29,39,1,69,0,3,371,0,374,0,32,410,1,443,218,0,218,661
10/12/2012,FRG,NY,AEA,EN,Towers with Radar,0,26,45,0,71,0,3,329,1,333,0,29,374,1,404,406,0,406,810
10/13/2012,FRG,NY,AEA,EN,Towers with Radar,0,21,49,0,70,0,0,595,0,595,0,21,644,0,665,280,0,280,945
10/14/2012,FRG,NY,AEA,EN,Towers with Radar,0,21,58,0,79,0,1,298,0,299,0,22,356,0,378,102,0,102,480
10/15/2012,FRG,NY,AEA,EN,Towers with Radar,0,19,37,0,56,0,3,247,0,250,0,22,284,0,306,244,0,244,550
10/16/2012,FRG,NY,AEA,EN,Towers with Radar,0,14,32,0,46,0,3,94,0,97,0,17,126,0,143,69,0,69,212
10/17/2012,FRG,NY,AEA,EN,Towers with Radar,0,26,42,0,68,0,1,445,0,446,0,27,487,0,514,536,0,536,1050
10/18/2012,FRG,NY,AEA,EN,Towers with Radar,0,30,81,3,114,0,1,300,0,301,0,31,381,3,415,246,0,246,661
10/19/2012,FRG,NY,AEA,EN,Towers with Radar,0,35,65,0,100,0,1,39,0,40,0,36,104,0,140,0,0,0,140
10/20/2012,FRG,NY,AEA,EN,Towers with Radar,0,12,49,0,61,0,1,335,0,336,0,13,384,0,397,212,0,212,609
10/21/2012,FRG,NY,AEA,EN,Towers with Radar,0,34,59,0,93,0,4,432,0,436,0,38,491,0,529,258,0,258,787
10/22/2012,FRG,NY,AEA,EN,Towers with Radar,0,16,40,0,56,0,7,423,0,430,0,23,463,0,486,517,0,517,1003
10/23/2012,FRG,NY,AEA,EN,Towers with Radar,0,20,31,0,51,0,1,303,3,307,0,21,334,3,358,414,0,414,772
10/24/2012,FRG,NY,AEA,EN,Towers with Radar,0,29,65,0,94,0,1,52,0,53,0,30,117,0,147,142,0,142,289
10/25/2012,FRG,NY,AEA,EN,Towers with Radar,0,21,37,4,62,0,2,279,0,281,0,23,316,4,343,570,0,570,913
10/26/2012,FRG,NY,AEA,EN,Towers with Radar,0,28,55,0,83,0,1,344,0,345,0,29,399,0,428,502,0,502,930
10/27/2012,FRG,NY,AEA,EN,Towers with Radar,0,19,65,0,84,0,0,378,2,380,0,19,443,2,464,332,0,332,796
10/28/2012,FRG,NY,AEA,EN,Towers with Radar,0,23,43,0,66,0,2,44,0,46,0,25,87,0,112,0,0,0,112
10/29/2012,FRG,NY,AEA,EN,Towers with Radar,0,0,0,0,0,0,0,0,0,0,0,0,0,0,0,0,0,0,0
10/30/2012,FRG,NY,AEA,EN,Towers with Radar,0,3,1,1,5,0,2,26,26,54,0,5,27,27,59,0,0,0,59
10/31/2012,FRG,NY,AEA,EN,Towers with Radar,0,11,9,5,25,0,0,56,6,62,0,11,65,11,87,0,0,0,87
11/01/2012,FRG,NY,AEA,EN,Towers with Radar,0,17,34,6,57,0,1,74,0,75,0,18,108,6,132,18,0,18,150
11/02/2012,FRG,NY,AEA,EN,Towers with Radar,0,15,16,3,34,0,8,130,5,143,0,23,146,8,177,0,0,0,177
11/03/2012,FRG,NY,AEA,EN,Towers with Radar,0,12,17,6,35,0,1,130,1,132,0,13,147,7,167,0,0,0,167
11/04/2012,FRG,NY,AEA,EN,Towers with Radar,0,13,21,0,34,0,11,296,4,311,0,24,317,4,345,102,0,102,447
11/05/2012,FRG,NY,AEA,EN,Towers with Radar,0,17,32,0,49,0,0,273,4,277,0,17,305,4,326,281,0,281,607
11/06/2012,FRG,NY,AEA,EN,Towers with Radar,0,20,25,2,47,0,1,275,1,277,0,21,300,3,324,274,0,274,598
11/07/2012,FRG,NY,AEA,EN,Towers with Radar,0,5,12,0,17,0,1,11,0,12,0,6,23,0,29,2,0,2,31
11/08/2012,FRG,NY,AEA,EN,Towers with Radar,0,18,28,0,46,0,1,60,5,66,0,19,88,5,112,30,0,30,142
11/09/2012,FRG,NY,AEA,EN,Towers with Radar,0,26,33,0,59,2,6,318,0,326,2,32,351,0,385,166,0,166,551
11/10/2012,FRG,NY,AEA,EN,Towers with Radar,0,13,37,2,52,0,3,354,0,357,0,16,391,2,409,316,0,316,725
11/11/2012,FRG,NY,AEA,EN,Towers with Radar,0,20,37,0,57,0,4,414,4,422,0,24,451,4,479,367,2,369,848
11/12/2012,FRG,NY,AEA,EN,Towers with Radar,0,23,47,0,70,0,6,251,8,265,0,29,298,8,335,184,0,184,519
11/13/2012,FRG,NY,AEA,EN,Towers with Radar,0,24,36,1,61,0,3,105,4,112,0,27,141,5,173,82,0,82,255
11/14/2012,FRG,NY,AEA,EN,Towers with Radar,0,22,31,0,53,0,2,301,0,303,0,24,332,0,356,426,0,426,782
11/15/2012,FRG,NY,AEA,EN,Towers with Radar,0,30,52,0,82,0,2,212,0,214,0,32,264,0,296,172,0,172,468
11/16/2012,FRG,NY,AEA,EN,Towers with Radar,0,19,56,0,75,0,1,309,0,310,0,20,365,0,385,368,0,368,753
11/17/2012,FRG,NY,AEA,EN,Towers with Radar,0,19,36,0,55,0,1,411,8,420,0,20,447,8,475,292,0,292,767
11/18/2012,FRG,NY,AEA,EN,Towers with Radar,0,20,32,0,52,0,3,361,0,364,0,23,393,0,416,402,0,402,818
11/19/2012,FRG,NY,AEA,EN,Towers with Radar,1,13,40,0,54,0,5,251,0,256,1,18,291,0,310,432,0,432,742
11/20/2012,FRG,NY,AEA,EN,Towers with Radar,0,26,58,0,84,0,3,278,0,281,0,29,336,0,365,404,0,404,769
11/21/2012,FRG,NY,AEA,EN,Towers with Radar,0,30,76,0,106,0,3,256,0,259,0,33,332,0,365,254,0,254,619
11/22/2012,FRG,NY,AEA,EN,Towers with Radar,0,9,21,0,30,0,0,148,0,148,0,9,169,0,178,107,0,107,285
11/23/2012,FRG,NY,AEA,EN,Towers with Radar,0,23,33,0,56,0,0,338,0,338,0,23,371,0,394,283,0,283,677
11/24/2012,FRG,NY,AEA,EN,Towers with Radar,0,14,19,0,33,0,0,164,0,164,0,14,183,0,197,40,0,40,237
11/25/2012,FRG,NY,AEA,EN,Towers with Radar,0,38,94,0,132,0,1,254,0,255,0,39,348,0,387,204,0,204,591
11/26/2012,FRG,NY,AEA,EN,Towers with Radar,0,20,41,0,61,0,0,339,0,339,0,20,380,0,400,276,0,276,676
11/27/2012,FRG,NY,AEA,EN,Towers with Radar,0,8,21,0,29,0,2,33,0,35,0,10,54,0,64,24,0,24,88
11/28/2012,FRG,NY,AEA,EN,Towers with Radar,0,27,36,0,63,0,1,262,0,263,0,28,298,0,326,402,0,402,728
11/29/2012,FRG,NY,AEA,EN,Towers with Radar,0,19,39,0,58,0,2,298,0,300,0,21,337,0,358,338,0,338,696
11/30/2012,FRG,NY,AEA,EN,Towers with Radar,0,20,46,0,66,0,0,313,2,315,0,20,359,2,381,288,0,288,669
12/01/2012,FRG,NY,AEA,EN,Towers with Radar,0,19,26,0,45,0,2,46,0,48,0,21,72,0,93,38,0,38,131
12/02/2012,FRG,NY,AEA,EN,Towers with Radar,0,29,43,0,72,0,0,24,0,24,0,29,67,0,96,18,0,18,114
12/03/2012,FRG,NY,AEA,EN,Towers with Radar,0,19,46,0,65,0,1,255,0,256,0,20,301,0,321,318,0,318,639
12/04/2012,FRG,NY,AEA,EN,Towers with Radar,0,19,51,0,70,0,2,48,0,50,0,21,99,0,120,86,0,86,206
12/05/2012,FRG,NY,AEA,EN,Towers with Radar,0,20,30,0,50,0,1,234,0,235,0,21,264,0,285,252,0,252,537
12/06/2012,FRG,NY,AEA,EN,Towers with Radar,0,29,43,0,72,0,8,335,0,343,0,37,378,0,415,432,0,432,847
12/07/2012,FRG,NY,AEA,EN,Towers with Radar,1,26,44,2,73,0,2,195,0,197,1,28,239,2,270,372,0,372,642
12/08/2012,FRG,NY,AEA,EN,Towers with Radar,0,16,30,0,46,0,0,5,0,5,0,16,35,0,51,0,0,0,51
12/09/2012,FRG,NY,AEA,EN,Towers with Radar,0,33,66,0,99,0,0,157,1,158,0,33,223,1,257,324,0,324,581
12/10/2012,FRG,NY,AEA,EN,Towers with Radar,0,7,22,0,29,0,0,0,0,0,0,7,22,0,29,0,0,0,29
12/11/2012,FRG,NY,AEA,EN,Towers with Radar,0,28,38,0,66,0,5,284,0,289,0,33,322,0,355,346,0,346,701
12/12/2012,FRG,NY,AEA,EN,Towers with Radar,0,20,24,0,44,0,2,304,0,306,0,22,328,0,350,346,0,346,696
12/13/2012,FRG,NY,AEA,EN,Towers with Radar,0,24,33,0,57,0,3,319,0,322,0,27,352,0,379,368,0,368,747
12/14/2012,FRG,NY,AEA,EN,Towers with Radar,0,19,31,0,50,0,4,330,0,334,0,23,361,0,384,282,0,282,666
12/15/2012,FRG,NY,AEA,EN,Towers with Radar,0,5,26,0,31,0,2,357,0,359,0,7,383,0,390,384,0,384,774
12/16/2012,FRG,NY,AEA,EN,Towers with Radar,0,26,65,0,91,0,0,6,0,6,0,26,71,0,97,18,0,18,115
12/17/2012,FRG,NY,AEA,EN,Towers with Radar,0,11,39,0,50,0,0,0,0,0,0,11,39,0,50,3,0,3,53
12/18/2012,FRG,NY,AEA,EN,Towers with Radar,0,33,35,0,68,0,4,72,1,77,0,37,107,1,145,98,0,98,243
12/19/2012,FRG,NY,AEA,EN,Towers with Radar,0,23,34,0,57,0,3,214,0,217,0,26,248,0,274,68,0,68,342
12/20/2012,FRG,NY,AEA,EN,Towers with Radar,0,36,53,0,89,0,6,303,0,309,0,42,356,0,398,300,0,300,698
12/21/2012,FRG,NY,AEA,EN,Towers with Radar,0,29,36,0,65,0,0,47,0,47,0,29,83,0,112,6,0,6,118
12/22/2012,FRG,NY,AEA,EN,Towers with Radar,0,36,34,0,70,0,0,35,0,35,0,36,69,0,105,28,0,28,133
12/23/2012,FRG,NY,AEA,EN,Towers with Radar,0,22,36,0,58,0,0,310,0,310,0,22,346,0,368,344,0,344,712
12/24/2012,FRG,NY,AEA,EN,Towers with Radar,0,15,20,0,35,0,0,163,1,164,0,15,183,1,199,186,0,186,385
12/25/2012,FRG,NY,AEA,EN,Towers with Radar,0,24,18,0,42,0,0,35,0,35,0,24,53,0,77,22,0,22,99
12/26/2012,FRG,NY,AEA,EN,Towers with Radar,0,37,38,0,75,0,0,83,1,84,0,37,121,1,159,158,0,158,317
12/27/2012,FRG,NY,AEA,EN,Towers with Radar,0,29,37,0,66,0,0,26,0,26,0,29,63,0,92,0,0,0,92
12/28/2012,FRG,NY,AEA,EN,Towers with Radar,0,37,34,0,71,0,1,338,1,340,0,38,372,1,411,216,0,216,627
12/29/2012,FRG,NY,AEA,EN,Towers with Radar,0,19,18,0,37,0,0,11,0,11,0,19,29,0,48,22,0,22,70
12/30/2012,FRG,NY,AEA,EN,Towers with Radar,0,17,20,0,37,0,0,47,0,47,0,17,67,0,84,7,0,7,91
12/31/2012,FRG,NY,AEA,EN,Towers with Radar,1,32,18,1,52,0,0,222,0,222,1,32,240,1,274,210,0,210,484
01/01/2013,FRG,NY,AEA,EN,Towers with Radar,0,49,43,0,92,0,1,109,0,110,0,50,152,0,202,114,0,114,316
01/02/2013,FRG,NY,AEA,EN,Towers with Radar,0,35,55,0,90,0,2,186,1,189,0,37,241,1,279,244,0,244,523
01/03/2013,FRG,NY,AEA,EN,Towers with Radar,0,17,52,0,69,0,2,253,1,256,0,19,305,1,325,230,0,230,555
01/04/2013,FRG,NY,AEA,EN,Towers with Radar,0,17,24,0,41,0,0,215,0,215,0,17,239,0,256,145,0,145,401
01/05/2013,FRG,NY,AEA,EN,Towers with Radar,0,59,71,0,130,0,1,469,0,470,0,60,540,0,600,402,0,402,1002
01/06/2013,FRG,NY,AEA,EN,Towers with Radar,0,42,40,0,82,0,1,236,0,237,0,43,276,0,319,174,0,174,493
01/07/2013,FRG,NY,AEA,EN,Towers with Radar,0,14,17,0,31,0,1,228,25,254,0,15,245,25,285,372,0,372,657
01/08/2013,FRG,NY,AEA,EN,Towers with Radar,0,12,21,0,33,0,2,237,0,239,0,14,258,0,272,182,0,182,454
01/09/2013,FRG,NY,AEA,EN,Towers with Radar,10,16,27,0,53,0,2,217,0,219,10,18,244,0,272,426,0,426,698
01/10/2013,FRG,NY,AEA,EN,Towers with Radar,0,19,27,0,46,0,1,238,0,239,0,20,265,0,285,274,0,274,559
01/11/2013,FRG,NY,AEA,EN,Towers with Radar,0,21,47,0,68,0,0,150,0,150,0,21,197,0,218,304,0,304,522
01/12/2013,FRG,NY,AEA,EN,Towers with Radar,0,16,22,0,38,0,0,3,0,3,0,16,25,0,41,0,0,0,41
01/13/2013,FRG,NY,AEA,EN,Towers with Radar,0,27,33,0,60,0,0,0,0,0,0,27,33,0,60,0,0,0,60
01/14/2013,FRG,NY,AEA,EN,Towers with Radar,0,13,25,0,38,0,2,134,0,136,0,15,159,0,174,182,0,182,356
01/15/2013,FRG,NY,AEA,EN,Towers with Radar,0,17,28,0,45,0,4,239,3,246,0,21,267,3,291,430,0,430,721
01/16/2013,FRG,NY,AEA,EN,Towers with Radar,0,19,24,0,43,0,0,8,0,8,0,19,32,0,51,0,0,0,51
01/17/2013,FRG,NY,AEA,EN,Towers with Radar,0,29,42,0,71,0,3,217,0,220,0,32,259,0,291,418,0,418,709
01/18/2013,FRG,NY,AEA,EN,Towers with Radar,0,28,38,0,66,0,3,245,0,248,0,31,283,0,314,284,0,284,598
01/19/2013,FRG,NY,AEA,EN,Towers with Radar,1,11,14,0,26,0,2,251,0,253,1,13,265,0,279,106,0,106,385
01/20/2013,FRG,NY,AEA,EN,Towers with Radar,2,20,26,0,48,0,0,183,0,183,2,20,209,0,231,38,0,38,269
01/21/2013,FRG,NY,AEA,EN,Towers with Radar,3,36,50,0,89,0,2,202,0,204,3,38,252,0,293,344,0,344,637
01/22/2013,FRG,NY,AEA,EN,Towers with Radar,0,27,23,0,50,0,3,114,0,117,0,30,137,0,167,66,0,66,233
01/23/2013,FRG,NY,AEA,EN,Towers with Radar,2,18,34,0,54,0,1,148,0,149,2,19,182,0,203,234,0,234,437
01/24/2013,FRG,NY,AEA,EN,Towers with Radar,0,18,47,0,65,0,0,171,1,172,0,18,218,1,237,156,0,156,393
01/25/2013,FRG,NY,AEA,EN,Towers with Radar,0,19,41,0,60,0,3,193,0,196,0,22,234,0,256,258,0,258,514
01/26/2013,FRG,NY,AEA,EN,Towers with Radar,1,13,35,0,49,0,0,151,0,151,1,13,186,0,200,96,0,96,296
01/27/2013,FRG,NY,AEA,EN,Towers with Radar,0,30,41,0,71,0,3,272,0,275,0,33,313,0,346,332,0,332,678
01/28/2013,FRG,NY,AEA,EN,Towers with Radar,0,25,26,0,51,0,0,40,0,40,0,25,66,0,91,91,0,91,182
01/29/2013,FRG,NY,AEA,EN,Towers with Radar,0,24,43,0,67,0,1,144,0,145,0,25,187,0,212,222,0,222,434
01/30/2013,FRG,NY,AEA,EN,Towers with Radar,1,27,19,0,47,0,0,9,0,9,1,27,28,0,56,0,0,0,56
01/31/2013,FRG,NY,AEA,EN,Towers with Radar,0,16,31,0,47,0,1,71,0,72,0,17,102,0,119,0,0,0,119
02/01/2013,FRG,NY,AEA,EN,Towers with Radar,0,23,40,0,63,0,5,273,0,278,0,28,313,0,341,328,0,328,669
02/02/2013,FRG,NY,AEA,EN,Towers with Radar,3,12,27,0,42,0,2,372,0,374,3,14,399,0,416,400,0,400,816
02/03/2013,FRG,NY,AEA,EN,Towers with Radar,0,20,27,0,47,0,0,122,0,122,0,20,149,0,169,100,0,100,269
02/04/2013,FRG,NY,AEA,EN,Towers with Radar,3,13,31,0,47,0,3,206,0,209,3,16,237,0,256,320,0,320,576
02/05/2013,FRG,NY,AEA,EN,Towers with Radar,1,18,42,0,61,0,0,60,0,60,1,18,102,0,121,0,0,0,121
02/06/2013,FRG,NY,AEA,EN,Towers with Radar,0,16,52,0,68,0,4,311,0,315,0,20,363,0,383,380,0,380,763
02/07/2013,FRG,NY,AEA,EN,Towers with Radar,0,31,41,0,72,0,5,349,0,354,0,36,390,0,426,506,0,506,932
02/08/2013,FRG,NY,AEA,EN,Towers with Radar,0,7,13,0,20,0,0,8,0,8,0,7,21,0,28,0,0,0,28
02/09/2013,FRG,NY,AEA,EN,Towers with Radar,0,2,4,0,6,0,0,5,0,5,0,2,9,0,11,0,0,0,11
02/10/2013,FRG,NY,AEA,EN,Towers with Radar,3,16,30,0,49,0,2,82,0,84,3,18,112,0,133,30,0,30,163
02/11/2013,FRG,NY,AEA,EN,Towers with Radar,0,5,16,0,21,0,0,8,0,8,0,5,24,0,29,0,0,0,29
02/12/2013,FRG,NY,AEA,EN,Towers with Radar,0,17,31,0,48,0,0,294,0,294,0,17,325,0,342,398,0,398,740
02/13/2013,FRG,NY,AEA,EN,Towers with Radar,0,29,30,0,59,0,3,303,1,307,0,32,333,1,366,546,0,546,912
02/14/2013,FRG,NY,AEA,EN,Towers with Radar,1,34,26,0,61,0,3,266,0,269,1,37,292,0,330,486,0,486,816
02/15/2013,FRG,NY,AEA,EN,Towers with Radar,0,55,72,0,127,0,2,353,0,355,0,57,425,0,482,304,0,304,786
02/16/2013,FRG,NY,AEA,EN,Towers with Radar,0,27,30,0,57,0,1,213,0,214,0,28,243,0,271,320,0,320,591
02/17/2013,FRG,NY,AEA,EN,Towers with Radar,1,22,20,0,43,0,0,17,0,17,1,22,37,0,60,48,0,48,108
02/18/2013,FRG,NY,AEA,EN,Towers with Radar,3,34,46,0,83,0,0,320,0,320,3,34,366,0,403,350,0,350,753
02/19/2013,FRG,NY,AEA,EN,Towers with Radar,0,16,29,0,45,0,0,187,0,187,0,16,216,0,232,198,0,198,430
02/20/2013,FRG,NY,AEA,EN,Towers with Radar,0,20,17,0,37,0,6,242,0,248,0,26,259,0,285,218,0,218,503
02/21/2013,FRG,NY,AEA,EN,Towers with Radar,0,21,36,0,57,0,4,215,2,221,0,25,251,2,278,226,0,226,504
02/22/2013,FRG,NY,AEA,EN,Towers with Radar,0,31,45,0,76,0,10,379,0,389,0,41,424,0,465,501,0,501,966
02/23/2013,FRG,NY,AEA,EN,Towers with Radar,0,15,35,0,50,0,0,17,0,17,0,15,52,0,67,8,0,8,75
02/24/2013,FRG,NY,AEA,EN,Towers with Radar,0,33,56,0,89,0,0,231,0,231,0,33,287,0,320,264,0,264,584
02/25/2013,FRG,NY,AEA,EN,Towers with Radar,1,20,31,0,52,0,9,427,0,436,1,29,458,0,488,446,0,446,934
02/26/2013,FRG,NY,AEA,EN,Towers with Radar,0,25,32,0,57,0,2,256,0,258,0,27,288,0,315,368,0,368,683
02/27/2013,FRG,NY,AEA,EN,Towers with Radar,0,19,35,0,54,0,2,36,2,40,0,21,71,2,94,12,2,14,108
02/28/2013,FRG,NY,AEA,EN,Towers with Radar,1,36,32,0,69,0,7,239,0,246,1,43,271,0,315,480,0,480,795
03/01/2013,FRG,NY,AEA,EN,Towers with Radar,0,21,35,0,56,0,11,345,0,356,0,32,380,0,412,312,0,312,724
03/02/2013,FRG,NY,AEA,EN,Towers with Radar,2,30,35,0,67,0,1,352,0,353,2,31,387,0,420,420,0,420,840
03/03/2013,FRG,NY,AEA,EN,Towers with Radar,2,30,44,0,76,0,4,345,0,349,2,34,389,0,425,326,0,326,751
03/04/2013,FRG,NY,AEA,EN,Towers with Radar,0,16,29,0,45,0,9,241,0,250,0,25,270,0,295,248,0,248,543
03/05/2013,FRG,NY,AEA,EN,Towers with Radar,0,20,33,0,53,0,6,437,0,443,0,26,470,0,496,484,0,484,980
03/06/2013,FRG,NY,AEA,EN,Towers with Radar,0,17,25,0,42,0,1,23,0,24,0,18,48,0,66,4,0,4,70
03/07/2013,FRG,NY,AEA,EN,Towers with Radar,1,11,32,0,44,0,1,12,0,13,1,12,44,0,57,0,0,0,57
03/08/2013,FRG,NY,AEA,EN,Towers with Radar,2,15,36,0,53,0,0,15,0,15,2,15,51,0,68,0,0,0,68
03/09/2013,FRG,NY,AEA,EN,Towers with Radar,3,21,26,0,50,0,2,467,0,469,3,23,493,0,519,344,0,344,863
03/10/2013,FRG,NY,AEA,EN,Towers with Radar,0,29,46,0,75,0,1,405,0,406,0,30,451,0,481,420,0,420,901
03/11/2013,FRG,NY,AEA,EN,Towers with Radar,0,20,50,0,70,0,0,208,0,208,0,20,258,0,278,550,0,550,828
03/12/2013,FRG,NY,AEA,EN,Towers with Radar,0,17,25,0,42,0,1,14,0,15,0,18,39,0,57,0,0,0,57
03/13/2013,FRG,NY,AEA,EN,Towers with Radar,2,21,40,0,63,0,6,362,0,368,2,27,402,0,431,455,0,455,886
03/14/2013,FRG,NY,AEA,EN,Towers with Radar,0,46,22,0,68,0,8,189,0,197,0,54,211,0,265,206,0,206,471
03/15/2013,FRG,NY,AEA,EN,Towers with Radar,0,38,54,0,92,0,9,362,0,371,0,47,416,0,463,334,0,334,797
03/16/2013,FRG,NY,AEA,EN,Towers with Radar,0,16,28,0,44,0,0,167,0,167,0,16,195,0,211,260,0,260,471
03/17/2013,FRG,NY,AEA,EN,Towers with Radar,1,26,54,0,81,0,0,329,0,329,1,26,383,0,410,308,0,308,718
03/18/2013,FRG,NY,AEA,EN,Towers with Radar,2,14,26,0,42,0,7,204,0,211,2,21,230,0,253,298,0,298,551
03/19/2013,FRG,NY,AEA,EN,Towers with Radar,1,21,21,0,43,0,1,52,0,53,1,22,73,0,96,60,0,60,156
03/20/2013,FRG,NY,AEA,EN,Towers with Radar,1,22,33,0,56,0,5,232,0,237,1,27,265,0,293,250,0,250,543
03/21/2013,FRG,NY,AEA,EN,Towers with Radar,1,25,39,0,65,0,3,137,0,140,1,28,176,0,205,196,0,196,401
03/22/2013,FRG,NY,AEA,EN,Towers with Radar,0,42,63,0,105,0,3,276,0,279,0,45,339,0,384,322,0,322,706
03/23/2013,FRG,NY,AEA,EN,Towers with Radar,0,30,59,1,90,0,7,296,1,304,0,37,355,2,394,180,0,180,574
03/24/2013,FRG,NY,AEA,EN,Towers with Radar,3,21,96,0,120,0,1,351,0,352,3,22,447,0,472,428,0,428,900
03/25/2013,FRG,NY,AEA,EN,Towers with Radar,2,15,22,0,39,0,0,37,0,37,2,15,59,0,76,24,0,24,100
03/26/2013,FRG,NY,AEA,EN,Towers with Radar,0,31,41,0,72,0,5,334,0,339,0,36,375,0,411,330,0,330,741
03/27/2013,FRG,NY,AEA,EN,Towers with Radar,0,30,50,0,80,0,3,330,0,333,0,33,380,0,413,402,0,402,815
03/28/2013,FRG,NY,AEA,EN,Towers with Radar,0,40,42,0,82,0,2,294,0,296,0,42,336,0,378,514,0,514,892
03/29/2013,FRG,NY,AEA,EN,Towers with Radar,0,27,35,0,62,0,4,383,1,388,0,31,418,1,450,392,0,392,842
03/30/2013,FRG,NY,AEA,EN,Towers with Radar,2,17,33,0,52,0,1,429,0,430,2,18,462,0,482,296,0,296,778
03/31/2013,FRG,NY,AEA,EN,Towers with Radar,0,42,61,0,103,0,1,182,0,183,0,43,243,0,286,206,0,206,492
04/01/2013,FRG,NY,AEA,EN,Towers with Radar,0,48,49,0,97,0,3,199,0,202,0,51,248,0,299,290,0,290,589
04/02/2013,FRG,NY,AEA,EN,Towers with Radar,1,37,34,0,72,0,5,229,1,235,1,42,263,1,307,122,0,122,429
04/03/2013,FRG,NY,AEA,EN,Towers with Radar,2,26,30,0,58,0,4,252,0,256,2,30,282,0,314,342,0,342,656
04/04/2013,FRG,NY,AEA,EN,Towers with Radar,0,28,38,0,66,0,7,397,0,404,0,35,435,0,470,517,0,517,987
04/05/2013,FRG,NY,AEA,EN,Towers with Radar,2,23,27,0,52,0,3,246,0,249,2,26,273,0,301,380,0,380,681
04/06/2013,FRG,NY,AEA,EN,Towers with Radar,2,23,64,0,89,0,8,437,0,445,2,31,501,0,534,382,0,382,916
04/07/2013,FRG,NY,AEA,EN,Towers with Radar,0,24,39,0,63,0,0,277,2,279,0,24,316,2,342,206,0,206,548
04/08/2013,FRG,NY,AEA,EN,Towers with Radar,3,28,34,0,65,0,5,293,0,298,3,33,327,0,363,618,0,618,981
04/09/2013,FRG,NY,AEA,EN,Towers with Radar,2,29,15,0,46,0,3,282,1,286,2,32,297,1,332,256,0,256,588
04/10/2013,FRG,NY,AEA,EN,Towers with Radar,1,28,43,0,72,0,6,325,0,331,1,34,368,0,403,372,0,372,775
04/11/2013,FRG,NY,AEA,EN,Towers with Radar,0,28,47,0,75,0,1,96,0,97,0,29,143,0,172,196,0,196,368
04/12/2013,FRG,NY,AEA,EN,Towers with Radar,0,26,27,0,53,0,1,12,0,13,0,27,39,0,66,2,0,2,68
04/13/2013,FRG,NY,AEA,EN,Towers with Radar,0,24,24,0,48,0,2,370,0,372,0,26,394,0,420,386,0,386,806
04/14/2013,FRG,NY,AEA,EN,Towers with Radar,0,30,30,0,60,0,4,322,0,326,0,34,352,0,386,186,0,186,572
04/15/2013,FRG,NY,AEA,EN,Towers with Radar,0,26,21,0,47,0,2,269,0,271,0,28,290,0,318,360,0,360,678
04/16/2013,FRG,NY,AEA,EN,Towers with Radar,0,21,33,0,54,0,9,254,0,263,0,30,287,0,317,326,0,326,643
04/17/2013,FRG,NY,AEA,EN,Towers with Radar,0,21,28,0,49,0,6,373,0,379,0,27,401,0,428,562,0,562,990
04/18/2013,FRG,NY,AEA,EN,Towers with Radar,1,28,35,0,64,0,2,305,0,307,1,30,340,0,371,348,0,348,719
04/19/2013,FRG,NY,AEA,EN,Towers with Radar,2,12,16,0,30,0,0,9,0,9,2,12,25,0,39,0,0,0,39
04/20/2013,FRG,NY,AEA,EN,Towers with Radar,0,26,27,0,53,0,3,271,0,274,0,29,298,0,327,150,0,150,477
04/21/2013,FRG,NY,AEA,EN,Towers with Radar,0,49,34,0,83,0,4,428,0,432,0,53,462,0,515,506,0,506,1021
04/22/2013,FRG,NY,AEA,EN,Towers with Radar,0,29,27,0,56,0,5,227,0,232,0,34,254,0,288,92,0,92,380
04/23/2013,FRG,NY,AEA,EN,Towers with Radar,0,22,43,0,65,0,0,70,0,70,0,22,113,0,135,52,0,52,187
04/24/2013,FRG,NY,AEA,EN,Towers with Radar,0,22,59,0,81,0,1,298,0,299,0,23,357,0,380,336,0,336,716
04/25/2013,FRG,NY,AEA,EN,Towers with Radar,0,28,39,0,67,0,4,375,0,379,0,32,414,0,446,380,0,380,826
04/26/2013,FRG,NY,AEA,EN,Towers with Radar,0,44,36,0,80,0,7,436,0,443,0,51,472,0,523,450,0,450,973
04/27/2013,FRG,NY,AEA,EN,Towers with Radar,0,22,24,0,46,0,3,397,0,400,0,25,421,0,446,550,0,550,996
04/28/2013,FRG,NY,AEA,EN,Towers with Radar,0,48,39,0,87,0,1,437,0,438,0,49,476,0,525,462,0,462,987
04/29/2013,FRG,NY,AEA,EN,Towers with Radar,0,23,35,0,58,0,4,297,0,301,0,27,332,0,359,424,0,424,783
04/30/2013,FRG,NY,AEA,EN,Towers with Radar,0,27,26,0,53,0,7,352,0,359,0,34,378,0,412,356,0,356,768
05/01/2013,FRG,NY,AEA,EN,Towers with Radar,0,19,33,0,52,0,5,373,2,380,0,24,406,2,432,528,0,528,960
05/02/2013,FRG,NY,AEA,EN,Towers with Radar,0,38,54,0,92,0,2,374,0,376,0,40,428,0,468,546,0,546,1014
05/03/2013,FRG,NY,AEA,EN,Towers with Radar,0,26,32,0,58,0,6,331,0,337,0,32,363,0,395,320,0,320,715
05/04/2013,FRG,NY,AEA,EN,Towers with Radar,1,23,39,0,63,0,1,382,0,383,1,24,421,0,446,458,0,458,904
05/05/2013,FRG,NY,AEA,EN,Towers with Radar,0,38,44,0,82,0,0,394,0,394,0,38,438,0,476,422,0,422,898
05/06/2013,FRG,NY,AEA,EN,Towers with Radar,0,24,38,0,62,0,5,298,0,303,0,29,336,0,365,510,0,510,875
05/07/2013,FRG,NY,AEA,EN,Towers with Radar,0,45,66,0,111,0,0,201,0,201,0,45,267,0,312,314,0,314,626
05/08/2013,FRG,NY,AEA,EN,Towers with Radar,2,19,59,0,80,0,1,29,0,30,2,20,88,0,110,6,0,6,116
05/09/2013,FRG,NY,AEA,EN,Towers with Radar,1,30,42,0,73,0,0,76,0,76,1,30,118,0,149,82,0,82,231
05/10/2013,FRG,NY,AEA,EN,Towers with Radar,1,19,37,0,57,0,2,436,0,438,1,21,473,0,495,562,0,562,1057
05/11/2013,FRG,NY,AEA,EN,Towers with Radar,0,10,26,0,36,0,0,17,0,17,0,10,43,0,53,36,0,36,89
05/12/2013,FRG,NY,AEA,EN,Towers with Radar,1,16,14,0,31,0,5,244,1,250,1,21,258,1,281,234,0,234,515
05/13/2013,FRG,NY,AEA,EN,Towers with Radar,0,19,43,0,62,0,3,224,0,227,0,22,267,0,289,125,0,125,414
05/14/2013,FRG,NY,AEA,EN,Towers with Radar,0,27,42,0,69,0,6,408,1,415,0,33,450,1,484,536,0,536,1020
05/15/2013,FRG,NY,AEA,EN,Towers with Radar,0,33,38,0,71,0,2,245,0,247,0,35,283,0,318,384,0,384,702
05/16/2013,FRG,NY,AEA,EN,Towers with Radar,0,31,49,0,80,0,3,357,0,360,0,34,406,0,440,458,0,458,898
05/17/2013,FRG,NY,AEA,EN,Towers with Radar,0,31,43,0,74,0,4,418,0,422,0,35,461,0,496,364,0,364,860
05/18/2013,FRG,NY,AEA,EN,Towers with Radar,0,31,39,0,70,0,2,407,0,409,0,33,446,0,479,230,0,230,709
05/19/2013,FRG,NY,AEA,EN,Towers with Radar,0,39,87,0,126,0,0,15,0,15,0,39,102,0,141,36,0,36,177
05/20/2013,FRG,NY,AEA,EN,Towers with Radar,0,26,55,0,81,0,0,156,0,156,0,26,211,0,237,134,0,134,371
05/21/2013,FRG,NY,AEA,EN,Towers with Radar,0,29,42,1,72,0,3,300,0,303,0,32,342,1,375,346,0,346,721
05/22/2013,FRG,NY,AEA,EN,Towers with Radar,0,27,56,2,85,0,2,108,0,110,0,29,164,2,195,98,0,98,293
05/23/2013,FRG,NY,AEA,EN,Towers with Radar,0,41,45,0,86,0,0,61,0,61,0,41,106,0,147,2,0,2,149
05/24/2013,FRG,NY,AEA,EN,Towers with Radar,0,35,81,0,116,0,1,156,1,158,0,36,237,1,274,62,6,68,342
05/25/2013,FRG,NY,AEA,EN,Towers with Radar,0,13,23,0,36,0,0,48,0,48,0,13,71,0,84,51,0,51,135
05/26/2013,FRG,NY,AEA,EN,Towers with Radar,0,17,17,0,34,0,0,258,0,258,0,17,275,0,292,222,0,222,514
05/27/2013,FRG,NY,AEA,EN,Towers with Radar,0,31,47,0,78,0,4,481,0,485,0,35,528,0,563,384,0,384,947
05/28/2013,FRG,NY,AEA,EN,Towers with Radar,0,21,38,0,59,0,3,243,0,246,0,24,281,0,305,178,0,178,483
05/29/2013,FRG,NY,AEA,EN,Towers with Radar,0,27,43,0,70,0,4,223,0,227,0,31,266,0,297,438,0,438,735
05/30/2013,FRG,NY,AEA,EN,Towers with Radar,0,25,47,0,72,0,8,386,0,394,0,33,433,0,466,516,0,516,982
05/31/2013,FRG,NY,AEA,EN,Towers with Radar,0,23,35,0,58,0,6,450,0,456,0,29,485,0,514,468,0,468,982
06/01/2013,FRG,NY,AEA,EN,Towers with Radar,0,13,28,0,41,0,4,408,0,412,0,17,436,0,453,286,0,286,739
06/02/2013,FRG,NY,AEA,EN,Towers with Radar,0,22,46,0,68,0,1,359,0,360,0,23,405,0,428,276,0,276,704
06/03/2013,FRG,NY,AEA,EN,Towers with Radar,0,6,39,0,45,0,0,45,0,45,0,6,84,0,90,58,0,58,148
06/04/2013,FRG,NY,AEA,EN,Towers with Radar,0,18,25,0,43,0,9,397,0,406,0,27,422,0,449,446,0,446,895
06/05/2013,FRG,NY,AEA,EN,Towers with Radar,1,25,36,0,62,0,8,484,0,492,1,33,520,0,554,470,0,470,1024
06/06/2013,FRG,NY,AEA,EN,Towers with Radar,0,31,47,0,78,0,8,365,0,373,0,39,412,0,451,406,0,406,857
06/07/2013,FRG,NY,AEA,EN,Towers with Radar,0,19,23,0,42,0,0,2,0,2,0,19,25,0,44,0,0,0,44
06/08/2013,FRG,NY,AEA,EN,Towers with Radar,0,16,34,0,50,0,1,308,0,309,0,17,342,0,359,420,0,420,779
06/09/2013,FRG,NY,AEA,EN,Towers with Radar,0,16,40,0,56,0,0,476,0,476,0,16,516,0,532,344,0,344,876
06/10/2013,FRG,NY,AEA,EN,Towers with Radar,0,28,35,0,63,0,1,38,0,39,0,29,73,0,102,114,0,114,216
06/11/2013,FRG,NY,AEA,EN,Towers with Radar,0,22,34,0,56,0,5,178,0,183,0,27,212,0,239,140,0,140,379
06/12/2013,FRG,NY,AEA,EN,Towers with Radar,0,24,62,0,86,0,10,374,1,385,0,34,436,1,471,360,0,360,831
06/13/2013,FRG,NY,AEA,EN,Towers with Radar,0,27,28,0,55,0,3,28,0,31,0,30,56,0,86,20,0,20,106
06/14/2013,FRG,NY,AEA,EN,Towers with Radar,0,50,69,3,122,0,6,265,0,271,0,56,334,3,393,261,0,261,654
06/15/2013,FRG,NY,AEA,EN,Towers with Radar,0,17,30,0,47,0,1,490,0,491,0,18,520,0,538,354,0,354,892
06/16/2013,FRG,NY,AEA,EN,Towers with Radar,0,26,38,1,65,0,3,370,0,373,0,29,408,1,438,272,0,272,710
06/17/2013,FRG,NY,AEA,EN,Towers with Radar,0,21,35,0,56,0,6,388,0,394,0,27,423,0,450,340,0,340,790
06/18/2013,FRG,NY,AEA,EN,Towers with Radar,0,31,31,0,62,0,2,188,0,190,0,33,219,0,252,284,0,284,536
06/19/2013,FRG,NY,AEA,EN,Towers with Radar,0,29,28,0,57,0,7,361,0,368,0,36,389,0,425,470,0,470,895
06/20/2013,FRG,NY,AEA,EN,Towers with Radar,0,39,38,0,77,0,3,415,0,418,0,42,453,0,495,350,0,350,845
06/21/2013,FRG,NY,AEA,EN,Towers with Radar,0,31,42,0,73,0,9,428,0,437,0,40,470,0,510,244,0,244,754
06/22/2013,FRG,NY,AEA,EN,Towers with Radar,0,21,21,0,42,0,2,419,0,421,0,23,440,0,463,380,0,380,843
06/23/2013,FRG,NY,AEA,EN,Towers with Radar,0,34,40,0,74,0,67,381,0,448,0,101,421,0,522,246,0,246,768
06/24/2013,FRG,NY,AEA,EN,Towers with Radar,0,14,29,0,43,0,1,276,1,278,0,15,305,1,321,256,0,256,577
06/25/2013,FRG,NY,AEA,EN,Towers with Radar,0,20,51,0,71,0,7,335,0,342,0,27,386,0,413,402,0,402,815
06/26/2013,FRG,NY,AEA,EN,Towers with Radar,0,30,42,0,72,0,5,399,0,404,0,35,441,0,476,442,0,442,918
06/27/2013,FRG,NY,AEA,EN,Towers with Radar,0,34,53,0,87,0,2,209,0,211,0,36,262,0,298,340,0,340,638
06/28/2013,FRG,NY,AEA,EN,Towers with Radar,0,30,54,0,84,0,2,201,1,204,0,32,255,1,288,260,0,260,548
06/29/2013,FRG,NY,AEA,EN,Towers with Radar,0,12,33,0,45,0,1,206,0,207,0,13,239,0,252,182,0,182,434
06/30/2013,FRG,NY,AEA,EN,Towers with Radar,0,37,59,0,96,0,0,36,0,36,0,37,95,0,132,34,0,34,166
07/01/2013,FRG,NY,AEA,EN,Towers with Radar,0,25,42,0,67,0,0,16,0,16,0,25,58,0,83,0,0,0,83
07/02/2013,FRG,NY,AEA,EN,Towers with Radar,0,17,46,0,63,0,2,30,0,32,0,19,76,0,95,10,0,10,105
07/03/2013,FRG,NY,AEA,EN,Towers with Radar,0,15,55,0,70,0,3,254,0,257,0,18,309,0,327,364,0,364,691
07/04/2013,FRG,NY,AEA,EN,Towers with Radar,0,13,31,0,44,0,2,195,1,198,0,15,226,1,242,170,0,170,412
07/05/2013,FRG,NY,AEA,EN,Towers with Radar,0,16,24,0,40,0,5,360,0,365,0,21,384,0,405,476,0,476,881
07/06/2013,FRG,NY,AEA,EN,Towers with Radar,1,12,21,0,34,0,0,355,0,355,1,12,376,0,389,306,0,306,695
07/07/2013,FRG,NY,AEA,EN,Towers with Radar,0,38,48,0,86,0,2,390,0,392,0,40,438,0,478,322,0,322,800
07/08/2013,FRG,NY,AEA,EN,Towers with Radar,0,19,33,0,52,0,7,281,0,288,0,26,314,0,340,428,0,428,768
07/09/2013,FRG,NY,AEA,EN,Towers with Radar,0,23,31,0,54,0,9,323,0,332,0,32,354,0,386,458,0,458,844
07/10/2013,FRG,NY,AEA,EN,Towers with Radar,0,22,35,0,57,0,5,211,0,216,0,27,246,0,273,258,0,258,531
07/11/2013,FRG,NY,AEA,EN,Towers with Radar,0,43,41,0,84,0,6,233,0,239,0,49,274,0,323,364,0,364,687
07/12/2013,FRG,NY,AEA,EN,Towers with Radar,0,40,33,0,73,0,4,248,0,252,0,44,281,0,325,408,0,408,733
07/13/2013,FRG,NY,AEA,EN,Towers with Radar,0,36,67,0,103,0,0,52,0,52,0,36,119,0,155,0,0,0,155
07/14/2013,FRG,NY,AEA,EN,Towers with Radar,0,56,30,0,86,0,2,346,0,348,0,58,376,0,434,376,0,376,810
07/15/2013,FRG,NY,AEA,EN,Towers with Radar,0,27,37,0,64,0,2,377,0,379,0,29,414,0,443,336,0,336,779
07/16/2013,FRG,NY,AEA,EN,Towers with Radar,0,17,39,0,56,0,0,335,0,335,0,17,374,0,391,253,0,253,644
07/17/2013,FRG,NY,AEA,EN,Towers with Radar,0,17,37,0,54,0,7,399,0,406,0,24,436,0,460,412,0,412,872
07/18/2013,FRG,NY,AEA,EN,Towers with Radar,0,29,41,0,70,0,8,367,2,377,0,37,408,2,447,330,0,330,777
07/19/2013,FRG,NY,AEA,EN,Towers with Radar,0,38,45,3,86,0,3,339,0,342,0,41,384,3,428,220,0,220,648
07/20/2013,FRG,NY,AEA,EN,Towers with Radar,0,15,28,0,43,0,2,265,0,267,0,17,293,0,310,268,0,268,578
07/21/2013,FRG,NY,AEA,EN,Towers with Radar,0,31,34,0,65,0,6,437,0,443,0,37,471,0,508,274,0,274,782
07/22/2013,FRG,NY,AEA,EN,Towers with Radar,0,34,63,0,97,0,0,136,0,136,0,34,199,0,233,208,0,208,441
07/23/2013,FRG,NY,AEA,EN,Towers with Radar,0,29,40,0,69,0,1,133,0,134,0,30,173,0,203,164,0,164,367
07/24/2013,FRG,NY,AEA,EN,Towers with Radar,0,21,39,0,60,0,8,456,0,464,0,29,495,0,524,514,0,514,1038
07/25/2013,FRG,NY,AEA,EN,Towers with Radar,0,43,54,0,97,0,3,167,0,170,0,46,221,0,267,102,0,102,369
07/26/2013,FRG,NY,AEA,EN,Towers with Radar,0,34,45,1,80,0,3,356,3,362,0,37,401,4,442,352,0,352,794
07/27/2013,FRG,NY,AEA,EN,Towers with Radar,0,26,27,0,53,0,3,472,0,475,0,29,499,0,528,216,0,216,744
07/28/2013,FRG,NY,AEA,EN,Towers with Radar,0,38,56,0,94,0,3,173,0,176,0,41,229,0,270,156,0,156,426
07/29/2013,FRG,NY,AEA,EN,Towers with Radar,0,34,28,0,62,0,2,344,0,346,0,36,372,0,408,418,0,418,826
07/30/2013,FRG,NY,AEA,EN,Towers with Radar,0,9,26,0,35,0,2,371,0,373,0,11,397,0,408,308,0,308,716
07/31/2013,FRG,NY,AEA,EN,Towers with Radar,0,23,30,0,53,0,8,424,0,432,0,31,454,0,485,344,0,344,829
08/01/2013,FRG,NY,AEA,EN,Towers with Radar,0,22,37,0,59,0,3,185,0,188,0,25,222,0,247,218,0,218,465
08/02/2013,FRG,NY,AEA,EN,Towers with Radar,0,23,42,0,65,0,5,496,0,501,0,28,538,0,566,388,0,388,954
08/03/2013,FRG,NY,AEA,EN,Towers with Radar,0,14,41,0,55,0,2,264,0,266,0,16,305,0,321,250,0,250,571
08/04/2013,FRG,NY,AEA,EN,Towers with Radar,0,26,51,0,77,0,2,450,0,452,0,28,501,0,529,244,0,244,773
08/05/2013,FRG,NY,AEA,EN,Towers with Radar,0,22,37,0,59,0,6,411,1,418,0,28,448,1,477,416,0,416,893
08/06/2013,FRG,NY,AEA,EN,Towers with Radar,0,13,23,0,36,0,6,391,0,397,0,19,414,0,433,400,0,400,833
08/07/2013,FRG,NY,AEA,EN,Towers with Radar,0,36,40,0,76,0,10,367,0,377,0,46,407,0,453,470,0,470,923
08/08/2013,FRG,NY,AEA,EN,Towers with Radar,0,44,56,0,100,0,2,65,0,67,0,46,121,0,167,16,0,16,183
08/09/2013,FRG,NY,AEA,EN,Towers with Radar,0,41,55,0,96,0,3,69,0,72,0,44,124,0,168,75,0,75,243
08/10/2013,FRG,NY,AEA,EN,Towers with Radar,0,23,32,0,55,0,1,407,0,408,0,24,439,0,463,276,0,276,739
08/11/2013,FRG,NY,AEA,EN,Towers with Radar,0,27,55,0,82,0,2,509,0,511,0,29,564,0,593,346,0,346,939
08/12/2013,FRG,NY,AEA,EN,Towers with Radar,0,34,47,0,81,0,1,245,1,247,0,35,292,1,328,366,0,366,694
08/13/2013,FRG,NY,AEA,EN,Towers with Radar,0,23,34,0,57,0,1,65,0,66,0,24,99,0,123,68,0,68,191
08/14/2013,FRG,NY,AEA,EN,Towers with Radar,0,14,33,2,49,0,5,428,0,433,0,19,461,2,482,270,0,270,752
08/15/2013,FRG,NY,AEA,EN,Towers with Radar,0,29,40,0,69,0,5,484,0,489,0,34,524,0,558,350,0,350,908
08/16/2013,FRG,NY,AEA,EN,Towers with Radar,2,21,41,2,66,0,2,419,0,421,2,23,460,2,487,296,0,296,783
08/17/2013,FRG,NY,AEA,EN,Towers with Radar,0,15,22,0,37,0,3,389,1,393,0,18,411,1,430,312,0,312,742
08/18/2013,FRG,NY,AEA,EN,Towers with Radar,0,26,51,0,77,0,6,351,0,357,0,32,402,0,434,284,0,284,718
08/19/2013,FRG,NY,AEA,EN,Towers with Radar,0,21,32,0,53,0,3,348,0,351,0,24,380,0,404,292,0,292,696
08/20/2013,FRG,NY,AEA,EN,Towers with Radar,0,30,44,0,74,0,5,339,0,344,0,35,383,0,418,512,0,512,930
08/21/2013,FRG,NY,AEA,EN,Towers with Radar,0,33,43,0,76,0,4,421,0,425,0,37,464,0,501,536,0,536,1037
08/22/2013,FRG,NY,AEA,EN,Towers with Radar,1,28,40,0,69,0,0,134,0,134,1,28,174,0,203,236,0,236,439
08/23/2013,FRG,NY,AEA,EN,Towers with Radar,1,22,37,0,60,0,3,432,0,435,1,25,469,0,495,398,0,398,893
08/24/2013,FRG,NY,AEA,EN,Towers with Radar,0,17,38,0,55,0,1,453,0,454,0,18,491,0,509,378,0,378,887
08/25/2013,FRG,NY,AEA,EN,Towers with Radar,0,31,30,0,61,0,3,520,0,523,0,34,550,0,584,320,0,320,904
08/26/2013,FRG,NY,AEA,EN,Towers with Radar,0,28,22,0,50,0,2,279,0,281,0,30,301,0,331,382,0,382,713
08/27/2013,FRG,NY,AEA,EN,Towers with Radar,0,18,29,0,47,0,2,244,0,246,0,20,273,0,293,378,0,378,671
08/28/2013,FRG,NY,AEA,EN,Towers with Radar,0,27,41,0,68,0,5,326,0,331,0,32,367,0,399,696,0,696,1095
08/29/2013,FRG,NY,AEA,EN,Towers with Radar,0,34,62,2,98,0,2,229,1,232,0,36,291,3,330,224,0,224,554
08/30/2013,FRG,NY,AEA,EN,Towers with Radar,0,26,61,0,87,0,2,357,0,359,0,28,418,0,446,376,0,376,822
08/31/2013,FRG,NY,AEA,EN,Towers with Radar,0,16,62,0,78,0,2,166,0,168,0,18,228,0,246,94,0,94,340
09/01/2013,FRG,NY,AEA,EN,Towers with Radar,0,23,37,0,60,0,1,49,1,51,0,24,86,1,111,30,0,30,141
09/02/2013,FRG,NY,AEA,EN,Towers with Radar,0,34,62,0,96,0,1,8,0,9,0,35,70,0,105,0,0,0,105
09/03/2013,FRG,NY,AEA,EN,Towers with Radar,0,16,43,0,59,0,0,181,0,181,0,16,224,0,240,354,0,354,594
09/04/2013,FRG,NY,AEA,EN,Towers with Radar,0,32,18,0,50,0,13,353,0,366,0,45,371,0,416,448,0,448,864
09/05/2013,FRG,NY,AEA,EN,Towers with Radar,0,28,41,0,69,0,5,335,0,340,0,33,376,0,409,181,0,181,590
09/06/2013,FRG,NY,AEA,EN,Towers with Radar,0,24,43,0,67,0,5,461,0,466,0,29,504,0,533,394,0,394,927
09/07/2013,FRG,NY,AEA,EN,Towers with Radar,0,10,45,0,55,0,4,486,0,490,0,14,531,0,545,290,0,290,835
09/08/2013,FRG,NY,AEA,EN,Towers with Radar,0,18,35,0,53,0,4,313,0,317,0,22,348,0,370,256,0,256,626
09/09/2013,FRG,NY,AEA,EN,Towers with Radar,0,23,31,0,54,0,3,332,0,335,0,26,363,0,389,366,0,366,755
09/10/2013,FRG,NY,AEA,EN,Towers with Radar,0,22,43,0,65,0,0,126,0,126,0,22,169,0,191,304,0,304,495
09/11/2013,FRG,NY,AEA,EN,Towers with Radar,0,22,37,2,61,0,10,284,0,294,0,32,321,2,355,480,0,480,835
09/12/2013,FRG,NY,AEA,EN,Towers with Radar,0,26,34,0,60,0,3,111,0,114,0,29,145,0,174,170,0,170,344
09/13/2013,FRG,NY,AEA,EN,Towers with Radar,0,30,42,0,72,0,2,324,1,327,0,32,366,1,399,362,0,362,761
09/14/2013,FRG,NY,AEA,EN,Towers with Radar,0,26,21,0,47,0,6,372,0,378,0,32,393,0,425,366,0,366,791
09/15/2013,FRG,NY,AEA,EN,Towers with Radar,0,34,29,0,63,0,3,397,0,400,0,37,426,0,463,256,0,256,719
09/16/2013,FRG,NY,AEA,EN,Towers with Radar,2,29,36,0,67,0,6,199,0,205,2,35,235,0,272,313,0,313,585
09/17/2013,FRG,NY,AEA,EN,Towers with Radar,0,31,25,0,56,0,3,321,0,324,0,34,346,0,380,256,0,256,636
09/18/2013,FRG,NY,AEA,EN,Towers with Radar,2,33,32,0,67,0,3,346,2,351,2,36,378,2,418,370,0,370,788
09/19/2013,FRG,NY,AEA,EN,Towers with Radar,0,29,20,0,49,0,1,339,0,340,0,30,359,0,389,370,0,370,759
09/20/2013,FRG,NY,AEA,EN,Towers with Radar,1,31,46,0,78,0,9,372,0,381,1,40,418,0,459,332,0,332,791
09/21/2013,FRG,NY,AEA,EN,Towers with Radar,0,29,44,0,73,0,2,204,0,206,0,31,248,0,279,218,0,218,497
09/22/2013,FRG,NY,AEA,EN,Towers with Radar,1,19,26,0,46,0,1,285,0,286,1,20,311,0,332,240,0,240,572
09/23/2013,FRG,NY,AEA,EN,Towers with Radar,0,26,43,0,69,0,5,266,0,271,0,31,309,0,340,112,0,112,452
09/24/2013,FRG,NY,AEA,EN,Towers with Radar,1,30,50,0,81,0,5,252,0,257,1,35,302,0,338,0,0,0,338
09/25/2013,FRG,NY,AEA,EN,Towers with Radar,0,23,27,0,50,0,7,356,0,363,0,30,383,0,413,462,0,462,875
09/26/2013,FRG,NY,AEA,EN,Towers with Radar,0,33,52,0,85,0,2,269,0,271,0,35,321,0,356,516,0,516,872
09/27/2013,FRG,NY,AEA,EN,Towers with Radar,1,37,43,0,81,0,6,326,0,332,1,43,369,0,413,314,0,314,727
09/28/2013,FRG,NY,AEA,EN,Towers with Radar,1,18,39,0,58,0,3,440,0,443,1,21,479,0,501,280,0,280,781
09/29/2013,FRG,NY,AEA,EN,Towers with Radar,1,45,30,0,76,0,2,393,0,395,1,47,423,0,471,252,0,252,723
09/30/2013,FRG,NY,AEA,EN,Towers with Radar,1,21,49,0,71,0,4,298,0,302,1,25,347,0,373,388,0,388,761
10/01/2013,FRG,NY,AEA,EN,Towers with Radar,0,22,25,0,47,0,1,364,0,365,0,23,389,0,412,418,0,418,830
10/02/2013,FRG,NY,AEA,EN,Towers with Radar,0,27,30,0,57,0,7,351,0,358,0,34,381,0,415,414,0,414,829
10/03/2013,FRG,NY,AEA,EN,Towers with Radar,1,27,34,0,62,0,8,311,0,319,1,35,345,0,381,412,0,412,793
10/04/2013,FRG,NY,AEA,EN,Towers with Radar,0,25,39,0,64,0,6,313,1,320,0,31,352,1,384,432,0,432,816
10/05/2013,FRG,NY,AEA,EN,Towers with Radar,0,18,52,0,70,0,0,135,0,135,0,18,187,0,205,86,0,86,291
10/06/2013,FRG,NY,AEA,EN,Towers with Radar,0,40,41,0,81,0,0,2,0,2,0,40,43,0,83,0,0,0,83
10/07/2013,FRG,NY,AEA,EN,Towers with Radar,1,10,44,0,55,0,0,67,0,67,1,10,111,0,122,24,0,24,146
10/08/2013,FRG,NY,AEA,EN,Towers with Radar,0,20,26,0,46,0,3,333,0,336,0,23,359,0,382,434,0,434,816
10/09/2013,FRG,NY,AEA,EN,Towers with Radar,1,20,40,0,61,0,4,344,0,348,1,24,384,0,409,304,0,304,713
10/10/2013,FRG,NY,AEA,EN,Towers with Radar,2,24,31,0,57,0,2,76,0,78,2,26,107,0,135,62,0,62,197
10/11/2013,FRG,NY,AEA,EN,Towers with Radar,0,42,51,0,93,0,2,94,0,96,0,44,145,0,189,16,0,16,205
10/12/2013,FRG,NY,AEA,EN,Towers with Radar,0,23,33,0,56,0,3,336,0,339,0,26,369,0,395,173,0,173,568
10/13/2013,FRG,NY,AEA,EN,Towers with Radar,3,28,44,0,75,0,1,303,0,304,3,29,347,0,379,254,0,254,633
10/14/2013,FRG,NY,AEA,EN,Towers with Radar,0,27,40,0,67,0,2,358,0,360,0,29,398,0,427,392,0,392,819
10/15/2013,FRG,NY,AEA,EN,Towers with Radar,0,23,33,0,56,10,12,312,0,334,10,35,345,0,390,534,0,534,924
10/16/2013,FRG,NY,AEA,EN,Towers with Radar,0,30,48,4,82,0,4,142,0,146,0,34,190,4,228,366,0,366,594
10/17/2013,FRG,NY,AEA,EN,Towers with Radar,1,25,54,0,80,0,4,165,0,169,1,29,219,0,249,152,0,152,401
10/18/2013,FRG,NY,AEA,EN,Towers with Radar,1,25,75,0,101,0,10,352,0,362,1,35,427,0,463,268,0,268,731
10/19/2013,FRG,NY,AEA,EN,Towers with Radar,0,17,41,0,58,0,4,308,0,312,0,21,349,0,370,270,0,270,640
10/20/2013,FRG,NY,AEA,EN,Towers with Radar,0,23,61,0,84,0,1,401,0,402,0,24,462,0,486,215,0,215,701
10/21/2013,FRG,NY,AEA,EN,Towers with Radar,2,19,30,0,51,0,0,304,0,304,2,19,334,0,355,300,0,300,655
10/22/2013,FRG,NY,AEA,EN,Towers with Radar,0,13,26,0,39,0,3,375,0,378,0,16,401,0,417,418,0,418,835
10/23/2013,FRG,NY,AEA,EN,Towers with Radar,0,18,33,0,51,0,0,283,0,283,0,18,316,0,334,484,0,484,818
10/24/2013,FRG,NY,AEA,EN,Towers with Radar,2,33,43,0,78,0,12,300,0,312,2,45,343,0,390,242,0,242,632
10/25/2013,FRG,NY,AEA,EN,Towers with Radar,2,24,56,0,82,0,6,241,0,247,2,30,297,0,329,196,0,196,525
10/26/2013,FRG,NY,AEA,EN,Towers with Radar,1,19,20,0,40,0,5,270,0,275,1,24,290,0,315,144,0,144,459
10/27/2013,FRG,NY,AEA,EN,Towers with Radar,0,38,32,0,70,0,1,333,1,335,0,39,365,1,405,278,0,278,683
10/28/2013,FRG,NY,AEA,EN,Towers with Radar,0,20,20,0,40,0,3,272,2,277,0,23,292,2,317,254,0,254,571
10/29/2013,FRG,NY,AEA,EN,Towers with Radar,0,17,32,0,49,0,3,307,2,312,0,20,339,2,361,506,0,506,867
10/30/2013,FRG,NY,AEA,EN,Towers with Radar,0,23,40,0,63,0,7,245,0,252,0,30,285,0,315,444,0,444,759
10/31/2013,FRG,NY,AEA,EN,Towers with Radar,2,34,47,0,83,0,2,87,0,89,2,36,134,0,172,164,0,164,336
11/01/2013,FRG,NY,AEA,EN,Towers with Radar,2,13,24,0,39,0,0,98,0,98,2,13,122,0,137,82,0,82,219
11/02/2013,FRG,NY,AEA,EN,Towers with Radar,2,8,26,0,36,0,3,418,0,421,2,11,444,0,457,224,0,224,681
11/03/2013,FRG,NY,AEA,EN,Towers with Radar,0,21,41,0,62,0,0,273,0,273,0,21,314,0,335,238,0,238,573
11/04/2013,FRG,NY,AEA,EN,Towers with Radar,1,18,30,0,49,0,3,305,0,308,1,21,335,0,357,394,0,394,751
11/05/2013,FRG,NY,AEA,EN,Towers with Radar,0,22,25,0,47,0,8,287,0,295,0,30,312,0,342,444,0,444,786
11/06/2013,FRG,NY,AEA,EN,Towers with Radar,0,30,24,0,54,0,7,290,0,297,0,37,314,0,351,320,0,320,671
11/07/2013,FRG,NY,AEA,EN,Towers with Radar,0,29,40,0,69,0,1,38,1,40,0,30,78,1,109,24,0,24,133
11/08/2013,FRG,NY,AEA,EN,Towers with Radar,0,31,38,0,69,0,7,296,0,303,0,38,334,0,372,262,0,262,634
11/09/2013,FRG,NY,AEA,EN,Towers with Radar,0,31,32,0,63,0,5,463,0,468,0,36,495,0,531,396,0,396,927
11/10/2013,FRG,NY,AEA,EN,Towers with Radar,0,30,20,0,50,0,4,154,0,158,0,34,174,0,208,120,0,120,328
11/11/2013,FRG,NY,AEA,EN,Towers with Radar,1,16,37,0,54,0,2,244,0,246,1,18,281,0,300,356,0,356,656
11/12/2013,FRG,NY,AEA,EN,Towers with Radar,0,20,23,0,43,0,2,104,0,106,0,22,127,0,149,222,0,222,371
11/13/2013,FRG,NY,AEA,EN,Towers with Radar,2,21,36,0,59,0,2,299,0,301,2,23,335,0,360,366,0,366,726
11/14/2013,FRG,NY,AEA,EN,Towers with Radar,0,40,30,0,70,0,4,239,0,243,0,44,269,0,313,194,0,194,507
11/15/2013,FRG,NY,AEA,EN,Towers with Radar,0,33,26,0,59,0,10,361,0,371,0,43,387,0,430,464,0,464,894
11/16/2013,FRG,NY,AEA,EN,Towers with Radar,0,17,27,1,45,0,2,399,4,405,0,19,426,5,450,320,0,320,770
11/17/2013,FRG,NY,AEA,EN,Towers with Radar,0,23,58,0,81,0,0,0,0,0,0,23,58,0,81,0,0,0,81
11/18/2013,FRG,NY,AEA,EN,Towers with Radar,2,17,17,0,36,0,4,165,0,169,2,21,182,0,205,146,0,146,351
11/19/2013,FRG,NY,AEA,EN,Towers with Radar,0,17,33,0,50,0,3,144,0,147,0,20,177,0,197,110,0,110,307
11/20/2013,FRG,NY,AEA,EN,Towers with Radar,0,19,28,0,47,0,8,327,0,335,0,27,355,0,382,458,0,458,840
11/21/2013,FRG,NY,AEA,EN,Towers with Radar,0,24,31,0,55,0,3,365,0,368,0,27,396,0,423,434,0,434,857
11/22/2013,FRG,NY,AEA,EN,Towers with Radar,1,49,55,0,105,0,1,103,0,104,1,50,158,0,209,30,0,30,239
11/23/2013,FRG,NY,AEA,EN,Towers with Radar,0,24,35,0,59,0,5,365,0,370,0,29,400,0,429,206,0,206,635
11/24/2013,FRG,NY,AEA,EN,Towers with Radar,0,24,18,0,42,0,4,66,1,71,0,28,84,1,113,0,0,0,113
11/25/2013,FRG,NY,AEA,EN,Towers with Radar,0,17,20,0,37,0,5,341,0,346,0,22,361,0,383,460,0,460,843
11/26/2013,FRG,NY,AEA,EN,Towers with Radar,0,40,51,0,91,0,6,187,0,193,0,46,238,0,284,292,0,292,576
11/27/2013,FRG,NY,AEA,EN,Towers with Radar,1,16,21,0,38,0,0,10,0,10,1,16,31,0,48,0,0,0,48
11/28/2013,FRG,NY,AEA,EN,Towers with Radar,0,6,12,0,18,0,1,78,0,79,0,7,90,0,97,8,0,8,105
11/29/2013,FRG,NY,AEA,EN,Towers with Radar,1,15,26,0,42,0,5,310,0,315,1,20,336,0,357,214,0,214,571
11/30/2013,FRG,NY,AEA,EN,Towers with Radar,1,10,26,0,37,0,0,322,0,322,1,10,348,0,359,214,0,214,573
12/01/2013,FRG,NY,AEA,EN,Towers with Radar,1,69,95,0,165,0,0,344,0,344,1,69,439,0,509,288,0,288,797
12/02/2013,FRG,NY,AEA,EN,Towers with Radar,2,30,30,0,62,0,6,207,0,213,2,36,237,0,275,301,0,301,576
12/03/2013,FRG,NY,AEA,EN,Towers with Radar,1,21,24,0,46,0,6,269,0,275,1,27,293,0,321,382,0,382,703
12/04/2013,FRG,NY,AEA,EN,Towers with Radar,2,29,38,0,69,0,6,333,0,339,2,35,371,0,408,468,0,468,876
12/05/2013,FRG,NY,AEA,EN,Towers with Radar,0,31,27,0,58,0,0,23,0,23,0,31,50,0,81,0,0,0,81
12/06/2013,FRG,NY,AEA,EN,Towers with Radar,0,48,35,0,83,0,0,33,0,33,0,48,68,0,116,10,0,10,126
12/07/2013,FRG,NY,AEA,EN,Towers with Radar,0,8,28,0,36,0,0,255,1,256,0,8,283,1,292,384,0,384,676
12/08/2013,FRG,NY,AEA,EN,Towers with Radar,0,30,34,0,64,0,1,203,0,204,0,31,237,0,268,192,0,192,460
12/09/2013,FRG,NY,AEA,EN,Towers with Radar,0,25,14,0,39,0,0,1,0,1,0,25,15,0,40,2,0,2,42
12/10/2013,FRG,NY,AEA,EN,Towers with Radar,0,18,14,0,32,0,1,30,0,31,0,19,44,0,63,0,0,0,63
12/11/2013,FRG,NY,AEA,EN,Towers with Radar,0,25,35,2,62,0,11,217,0,228,0,36,252,2,290,158,0,158,448
12/12/2013,FRG,NY,AEA,EN,Towers with Radar,0,19,50,0,69,0,13,278,0,291,0,32,328,0,360,380,0,380,740
12/13/2013,FRG,NY,AEA,EN,Towers with Radar,2,31,41,0,74,0,4,232,0,236,2,35,273,0,310,156,0,156,466
12/14/2013,FRG,NY,AEA,EN,Towers with Radar,0,3,11,0,14,0,0,0,0,0,0,3,11,0,14,12,0,12,26
12/15/2013,FRG,NY,AEA,EN,Towers with Radar,0,23,39,0,62,0,0,103,0,103,0,23,142,0,165,106,0,106,271
12/16/2013,FRG,NY,AEA,EN,Towers with Radar,1,11,25,0,37,0,4,215,1,220,1,15,240,1,257,260,0,260,517
12/17/2013,FRG,NY,AEA,EN,Towers with Radar,1,12,40,0,53,0,1,16,0,17,1,13,56,0,70,0,0,0,70
12/18/2013,FRG,NY,AEA,EN,Towers with Radar,0,17,31,0,48,0,7,228,0,235,0,24,259,0,283,242,0,242,525
12/19/2013,FRG,NY,AEA,EN,Towers with Radar,0,33,40,0,73,0,5,330,0,335,0,38,370,0,408,312,0,312,720
12/20/2013,FRG,NY,AEA,EN,Towers with Radar,0,34,46,0,80,0,4,256,0,260,0,38,302,0,340,316,0,316,656
12/21/2013,FRG,NY,AEA,EN,Towers with Radar,2,36,40,0,78,0,2,280,0,282,2,38,320,0,360,230,0,230,590
12/22/2013,FRG,NY,AEA,EN,Towers with Radar,1,33,30,0,64,0,0,32,0,32,1,33,62,0,96,30,0,30,126
12/23/2013,FRG,NY,AEA,EN,Towers with Radar,0,23,30,0,53,0,0,7,0,7,0,23,37,0,60,0,0,0,60
12/24/2013,FRG,NY,AEA,EN,Towers with Radar,0,13,12,0,25,0,3,157,0,160,0,16,169,0,185,214,0,214,399
12/25/2013,FRG,NY,AEA,EN,Towers with Radar,0,21,13,0,34,0,0,104,0,104,0,21,117,0,138,104,0,104,242
12/26/2013,FRG,NY,AEA,EN,Towers with Radar,0,48,60,0,108,0,1,170,0,171,0,49,230,0,279,260,0,260,539
12/27/2013,FRG,NY,AEA,EN,Towers with Radar,0,32,41,0,73,0,1,255,0,256,0,33,296,0,329,178,0,178,507
12/28/2013,FRG,NY,AEA,EN,Towers with Radar,1,19,29,0,49,0,1,288,0,289,1,20,317,0,338,164,0,164,502
12/29/2013,FRG,NY,AEA,EN,Towers with Radar,0,19,10,0,29,0,0,41,0,41,0,19,51,0,70,130,0,130,200
12/30/2013,FRG,NY,AEA,EN,Towers with Radar,0,20,28,0,48,0,1,183,0,184,0,21,211,0,232,189,0,189,421
12/31/2013,FRG,NY,AEA,EN,Towers with Radar,0,17,15,0,32,0,1,145,0,146,0,18,160,0,178,258,0,258,436
01/01/2014,FRG,NY,AEA,EN,Towers with Radar,1,34,34,0,69,0,1,147,0,148,1,35,181,0,217,128,0,128,345
01/02/2014,FRG,NY,AEA,EN,Towers with Radar,1,22,28,0,51,0,0,10,0,10,1,22,38,0,61,0,0,0,61
01/03/2014,FRG,NY,AEA,EN,Towers with Radar,4,22,26,0,52,0,0,23,0,23,4,22,49,0,75,0,0,0,75
01/04/2014,FRG,NY,AEA,EN,Towers with Radar,1,49,55,0,105,0,0,165,0,165,1,49,220,0,270,56,0,56,326
01/05/2014,FRG,NY,AEA,EN,Towers with Radar,1,43,64,0,108,0,0,2,0,2,1,43,66,0,110,10,0,10,120
01/06/2014,FRG,NY,AEA,EN,Towers with Radar,0,28,33,0,61,0,0,50,0,50,0,28,83,0,111,24,0,24,135
01/07/2014,FRG,NY,AEA,EN,Towers with Radar,0,23,19,0,42,0,1,56,0,57,0,24,75,0,99,0,0,0,99
01/08/2014,FRG,NY,AEA,EN,Towers with Radar,2,23,26,0,51,0,5,208,0,213,2,28,234,0,264,198,0,198,462
01/09/2014,FRG,NY,AEA,EN,Towers with Radar,2,22,19,0,43,0,3,250,1,254,2,25,269,1,297,298,0,298,595
01/10/2014,FRG,NY,AEA,EN,Towers with Radar,0,18,27,0,45,0,0,34,0,34,0,18,61,0,79,26,0,26,105
01/11/2014,FRG,NY,AEA,EN,Towers with Radar,0,11,4,0,15,0,0,0,0,0,0,11,4,0,15,0,0,0,15
01/12/2014,FRG,NY,AEA,EN,Towers with Radar,0,16,33,0,49,0,2,235,1,238,0,18,268,1,287,246,0,246,533
01/13/2014,FRG,NY,AEA,EN,Towers with Radar,1,11,22,0,34,0,3,202,1,206,1,14,224,1,240,306,0,306,546
01/14/2014,FRG,NY,AEA,EN,Towers with Radar,0,8,28,0,36,0,1,17,0,18,0,9,45,0,54,14,0,14,68
01/15/2014,FRG,NY,AEA,EN,Towers with Radar,0,28,34,0,62,0,0,8,0,8,0,28,42,0,70,0,0,0,70
01/16/2014,FRG,NY,AEA,EN,Towers with Radar,0,19,34,0,53,0,1,74,0,75,0,20,108,0,128,306,0,306,434
01/17/2014,FRG,NY,AEA,EN,Towers with Radar,0,29,40,0,69,0,3,301,0,304,0,32,341,0,373,308,0,308,681
01/18/2014,FRG,NY,AEA,EN,Towers with Radar,0,8,18,0,26,0,1,74,0,75,0,9,92,0,101,204,0,204,305
01/19/2014,FRG,NY,AEA,EN,Towers with Radar,1,11,22,0,34,0,0,247,0,247,1,11,269,0,281,216,0,216,497
01/20/2014,FRG,NY,AEA,EN,Towers with Radar,1,28,40,0,69,0,1,211,0,212,1,29,251,0,281,196,0,196,477
01/21/2014,FRG,NY,AEA,EN,Towers with Radar,0,8,6,0,14,0,1,8,0,9,0,9,14,0,23,20,0,20,43
01/22/2014,FRG,NY,AEA,EN,Towers with Radar,0,20,18,0,38,0,1,57,0,58,0,21,75,0,96,28,0,28,124
01/23/2014,FRG,NY,AEA,EN,Towers with Radar,0,14,20,0,34,0,1,163,2,166,0,15,183,2,200,180,0,180,380
01/24/2014,FRG,NY,AEA,EN,Towers with Radar,1,25,27,0,53,0,2,219,0,221,1,27,246,0,274,210,0,210,484
01/25/2014,FRG,NY,AEA,EN,Towers with Radar,6,13,17,0,36,0,2,40,0,42,6,15,57,0,78,0,0,0,78
01/26/2014,FRG,NY,AEA,EN,Towers with Radar,0,24,26,0,50,0,1,140,1,142,0,25,166,1,192,116,0,116,308
01/27/2014,FRG,NY,AEA,EN,Towers with Radar,1,16,20,0,37,0,1,155,0,156,1,17,175,0,193,94,0,94,287
01/28/2014,FRG,NY,AEA,EN,Towers with Radar,0,20,23,0,43,0,2,201,0,203,0,22,224,0,246,340,0,340,586
01/29/2014,FRG,NY,AEA,EN,Towers with Radar,0,34,32,0,66,0,1,194,0,195,0,35,226,0,261,154,0,154,415
01/30/2014,FRG,NY,AEA,EN,Towers with Radar,0,35,26,0,61,0,18,221,0,239,0,53,247,0,300,242,0,242,542
01/31/2014,FRG,NY,AEA,EN,Towers with Radar,0,34,40,0,74,0,7,255,0,262,0,41,295,0,336,278,0,278,614
02/01/2014,FRG,NY,AEA,EN,Towers with Radar,0,22,32,0,54,0,2,300,0,302,0,24,332,0,356,298,0,298,654
02/02/2014,FRG,NY,AEA,EN,Towers with Radar,0,18,41,0,59,0,0,208,0,208,0,18,249,0,267,282,0,282,549
02/03/2014,FRG,NY,AEA,EN,Towers with Radar,0,13,26,0,39,0,0,2,0,2,0,13,28,0,41,0,0,0,41
02/04/2014,FRG,NY,AEA,EN,Towers with Radar,0,34,41,0,75,0,4,175,0,179,0,38,216,0,254,196,0,196,450
02/05/2014,FRG,NY,AEA,EN,Towers with Radar,3,4,12,0,19,0,0,8,0,8,3,4,20,0,27,0,0,0,27
02/06/2014,FRG,NY,AEA,EN,Towers with Radar,0,26,19,0,45,0,2,178,0,180,0,28,197,0,225,292,0,292,517
02/07/2014,FRG,NY,AEA,EN,Towers with Radar,1,20,29,0,50,0,4,230,0,234,1,24,259,0,284,326,0,326,610
02/08/2014,FRG,NY,AEA,EN,Towers with Radar,1,18,16,0,35,0,4,274,4,282,1,22,290,4,317,386,0,386,703
02/09/2014,FRG,NY,AEA,EN,Towers with Radar,0,24,20,0,44,0,0,151,1,152,0,24,171,1,196,258,0,258,454
02/10/2014,FRG,NY,AEA,EN,Towers with Radar,0,13,12,0,25,0,6,125,2,133,0,19,137,2,158,158,0,158,316
02/11/2014,FRG,NY,AEA,EN,Towers with Radar,0,20,31,0,51,0,2,238,0,240,0,22,269,0,291,276,0,276,567
02/12/2014,FRG,NY,AEA,EN,Towers with Radar,0,40,40,0,80,0,2,244,0,246,0,42,284,0,326,286,0,286,612
02/13/2014,FRG,NY,AEA,EN,Towers with Radar,0,14,13,0,27,0,0,0,0,0,0,14,13,0,27,0,0,0,27
02/14/2014,FRG,NY,AEA,EN,Towers with Radar,0,60,64,0,124,0,1,61,0,62,0,61,125,0,186,4,0,4,190
02/15/2014,FRG,NY,AEA,EN,Towers with Radar,0,30,17,0,47,0,0,21,0,21,0,30,38,0,68,116,0,116,184
02/16/2014,FRG,NY,AEA,EN,Towers with Radar,0,27,19,0,46,0,1,171,0,172,0,28,190,0,218,268,0,268,486
02/17/2014,FRG,NY,AEA,EN,Towers with Radar,0,37,48,0,85,0,8,313,0,321,0,45,361,0,406,342,0,342,748
02/18/2014,FRG,NY,AEA,EN,Towers with Radar,0,19,24,0,43,0,0,43,0,43,0,19,67,0,86,68,0,68,154
02/19/2014,FRG,NY,AEA,EN,Towers with Radar,0,26,30,0,56,0,3,70,0,73,0,29,100,0,129,156,0,156,285
02/20/2014,FRG,NY,AEA,EN,Towers with Radar,0,29,30,1,60,0,7,274,0,281,0,36,304,1,341,377,0,377,718
02/21/2014,FRG,NY,AEA,EN,Towers with Radar,0,35,17,0,52,0,0,32,0,32,0,35,49,0,84,0,0,0,84
02/22/2014,FRG,NY,AEA,EN,Towers with Radar,0,30,34,1,65,0,11,391,0,402,0,41,425,1,467,268,0,268,735
02/23/2014,FRG,NY,AEA,EN,Towers with Radar,0,44,47,0,91,0,0,319,0,319,0,44,366,0,410,172,0,172,582
02/24/2014,FRG,NY,AEA,EN,Towers with Radar,0,26,38,0,64,0,5,175,0,180,0,31,213,0,244,200,0,200,444
02/25/2014,FRG,NY,AEA,EN,Towers with Radar,0,23,30,0,53,0,4,228,1,233,0,27,258,1,286,356,0,356,642
02/26/2014,FRG,NY,AEA,EN,Towers with Radar,3,24,30,0,57,0,3,76,0,79,3,27,106,0,136,168,0,168,304
02/27/2014,FRG,NY,AEA,EN,Towers with Radar,0,31,28,0,59,0,2,130,0,132,0,33,158,0,191,220,0,220,411
02/28/2014,FRG,NY,AEA,EN,Towers with Radar,0,25,36,0,61,0,1,292,0,293,0,26,328,0,354,352,0,352,706
03/01/2014,FRG,NY,AEA,EN,Towers with Radar,1,18,23,0,42,0,4,379,0,383,1,22,402,0,425,328,0,328,753
03/02/2014,FRG,NY,AEA,EN,Towers with Radar,1,42,29,0,72,0,0,64,0,64,1,42,93,0,136,107,0,107,243
03/03/2014,FRG,NY,AEA,EN,Towers with Radar,2,7,15,0,24,0,4,96,0,100,2,11,111,0,124,150,0,150,274
03/04/2014,FRG,NY,AEA,EN,Towers with Radar,0,29,35,0,64,0,4,247,0,251,0,33,282,0,315,362,0,362,677
03/05/2014,FRG,NY,AEA,EN,Towers with Radar,1,30,24,0,55,0,6,285,2,293,1,36,309,2,348,438,0,438,786
03/06/2014,FRG,NY,AEA,EN,Towers with Radar,0,35,37,0,72,0,6,255,0,261,0,41,292,0,333,350,0,350,683
03/07/2014,FRG,NY,AEA,EN,Towers with Radar,0,26,35,0,61,0,3,215,0,218,0,29,250,0,279,568,0,568,847
03/08/2014,FRG,NY,AEA,EN,Towers with Radar,0,9,23,4,36,0,5,412,0,417,0,14,435,4,453,346,0,346,799
03/09/2014,FRG,NY,AEA,EN,Towers with Radar,0,23,44,0,67,0,0,335,2,337,0,23,379,2,404,278,0,278,682
03/10/2014,FRG,NY,AEA,EN,Towers with Radar,0,17,27,0,44,0,5,200,0,205,0,22,227,0,249,484,0,484,733
03/11/2014,FRG,NY,AEA,EN,Towers with Radar,2,17,35,0,54,0,12,178,1,191,2,29,213,1,245,218,0,218,463
03/12/2014,FRG,NY,AEA,EN,Towers with Radar,0,28,21,0,49,0,3,111,0,114,0,31,132,0,163,184,0,184,347
03/13/2014,FRG,NY,AEA,EN,Towers with Radar,0,24,23,0,47,0,2,49,1,52,0,26,72,1,99,0,0,0,99
03/14/2014,FRG,NY,AEA,EN,Towers with Radar,0,36,22,0,58,0,7,289,0,296,0,43,311,0,354,282,0,282,636
03/15/2014,FRG,NY,AEA,EN,Towers with Radar,1,12,31,0,44,0,4,270,1,275,1,16,301,1,319,270,0,270,589
03/16/2014,FRG,NY,AEA,EN,Towers with Radar,0,26,60,0,86,0,0,336,0,336,0,26,396,0,422,242,0,242,664
03/17/2014,FRG,NY,AEA,EN,Towers with Radar,0,7,25,0,32,0,4,184,0,188,0,11,209,0,220,274,0,274,494
03/18/2014,FRG,NY,AEA,EN,Towers with Radar,0,16,32,2,50,0,7,279,1,287,0,23,311,3,337,262,0,262,599
03/19/2014,FRG,NY,AEA,EN,Towers with Radar,0,26,41,0,67,0,2,205,1,208,0,28,246,1,275,356,0,356,631
03/20/2014,FRG,NY,AEA,EN,Towers with Radar,2,40,38,0,80,0,0,167,2,169,2,40,205,2,249,140,0,140,389
03/21/2014,FRG,NY,AEA,EN,Towers with Radar,0,23,55,0,78,0,5,294,0,299,0,28,349,0,377,304,0,304,681
03/22/2014,FRG,NY,AEA,EN,Towers with Radar,0,22,20,0,42,0,1,234,0,235,0,23,254,0,277,278,0,278,555
03/23/2014,FRG,NY,AEA,EN,Towers with Radar,0,24,44,0,68,0,0,280,0,280,0,24,324,0,348,276,0,276,624
03/24/2014,FRG,NY,AEA,EN,Towers with Radar,3,18,20,0,41,0,1,243,3,247,3,19,263,3,288,442,0,442,730
03/25/2014,FRG,NY,AEA,EN,Towers with Radar,0,17,18,0,35,0,5,213,0,218,0,22,231,0,253,458,0,458,711
03/26/2014,FRG,NY,AEA,EN,Towers with Radar,0,21,19,0,40,0,1,41,0,42,0,22,60,0,82,4,0,4,86
03/27/2014,FRG,NY,AEA,EN,Towers with Radar,0,27,43,0,70,0,6,314,0,320,0,33,357,0,390,384,0,384,774
03/28/2014,FRG,NY,AEA,EN,Towers with Radar,0,18,41,0,59,0,0,106,0,106,0,18,147,0,165,192,0,192,357
03/29/2014,FRG,NY,AEA,EN,Towers with Radar,0,19,30,0,49,0,1,46,0,47,0,20,76,0,96,252,0,252,348
03/30/2014,FRG,NY,AEA,EN,Towers with Radar,0,37,50,0,87,0,0,0,0,0,0,37,50,0,87,0,0,0,87
03/31/2014,FRG,NY,AEA,EN,Towers with Radar,1,14,28,0,43,0,1,115,0,116,1,15,143,0,159,156,0,156,315
04/01/2014,FRG,NY,AEA,EN,Towers with Radar,0,34,33,0,67,0,7,351,0,358,0,41,384,0,425,488,0,488,913
04/02/2014,FRG,NY,AEA,EN,Towers with Radar,2,25,35,0,62,0,5,309,0,314,2,30,344,0,376,449,0,449,825
04/03/2014,FRG,NY,AEA,EN,Towers with Radar,1,21,32,0,54,0,4,288,0,292,1,25,320,0,346,444,0,444,790
04/04/2014,FRG,NY,AEA,EN,Towers with Radar,0,26,34,0,60,0,2,87,0,89,0,28,121,0,149,326,0,326,475
04/05/2014,FRG,NY,AEA,EN,Towers with Radar,4,23,22,0,49,0,2,184,0,186,4,25,206,0,235,114,0,114,349
04/06/2014,FRG,NY,AEA,EN,Towers with Radar,0,24,43,0,67,0,2,436,0,438,0,26,479,0,505,292,0,292,797
04/07/2014,FRG,NY,AEA,EN,Towers with Radar,1,17,28,0,46,0,2,178,0,180,1,19,206,0,226,340,0,340,566
04/08/2014,FRG,NY,AEA,EN,Towers with Radar,1,22,28,0,51,0,0,85,0,85,1,22,113,0,136,56,0,56,192
04/09/2014,FRG,NY,AEA,EN,Towers with Radar,2,32,26,0,60,0,3,321,1,325,2,35,347,1,385,426,0,426,811
04/10/2014,FRG,NY,AEA,EN,Towers with Radar,0,30,25,0,55,0,10,293,0,303,0,40,318,0,358,274,0,274,632
04/11/2014,FRG,NY,AEA,EN,Towers with Radar,0,45,62,0,107,0,11,207,0,218,0,56,269,0,325,292,0,292,617
04/12/2014,FRG,NY,AEA,EN,Towers with Radar,1,40,35,0,76,0,3,443,0,446,1,43,478,0,522,322,0,322,844
04/13/2014,FRG,NY,AEA,EN,Towers with Radar,1,32,49,0,82,0,0,300,0,300,1,32,349,0,382,222,0,222,604
04/14/2014,FRG,NY,AEA,EN,Towers with Radar,1,20,17,0,38,0,2,145,0,147,1,22,162,0,185,138,0,138,323
04/15/2014,FRG,NY,AEA,EN,Towers with Radar,0,24,28,0,52,0,0,0,0,0,0,24,28,0,52,0,0,0,52
04/16/2014,FRG,NY,AEA,EN,Towers with Radar,0,32,43,0,75,0,14,267,0,281,0,46,310,0,356,260,0,260,616
04/17/2014,FRG,NY,AEA,EN,Towers with Radar,0,34,25,0,59,0,6,297,1,304,0,40,322,1,363,498,0,498,861
04/18/2014,FRG,NY,AEA,EN,Towers with Radar,0,32,41,0,73,0,4,256,0,260,0,36,297,0,333,422,0,422,755
04/19/2014,FRG,NY,AEA,EN,Towers with Radar,0,23,21,0,44,0,0,395,0,395,0,23,416,0,439,340,0,340,779
04/20/2014,FRG,NY,AEA,EN,Towers with Radar,0,41,44,0,85,0,3,266,0,269,0,44,310,0,354,140,0,140,494
04/21/2014,FRG,NY,AEA,EN,Towers with Radar,0,39,39,0,78,0,5,308,0,313,0,44,347,0,391,305,0,305,696
04/22/2014,FRG,NY,AEA,EN,Towers with Radar,0,30,22,0,52,0,4,263,0,267,0,34,285,0,319,332,0,332,651
04/23/2014,FRG,NY,AEA,EN,Towers with Radar,0,24,36,0,60,0,3,157,0,160,0,27,193,0,220,206,0,206,426
04/24/2014,FRG,NY,AEA,EN,Towers with Radar,0,25,17,0,42,0,7,118,0,125,0,32,135,0,167,184,0,184,351
04/25/2014,FRG,NY,AEA,EN,Towers with Radar,0,27,38,0,65,0,6,371,0,377,0,33,409,0,442,418,0,418,860
04/26/2014,FRG,NY,AEA,EN,Towers with Radar,0,24,37,0,61,0,0,169,1,170,0,24,206,1,231,224,0,224,455
04/27/2014,FRG,NY,AEA,EN,Towers with Radar,0,35,33,0,68,0,1,369,0,370,0,36,402,0,438,192,0,192,630
04/28/2014,FRG,NY,AEA,EN,Towers with Radar,0,9,33,0,42,0,3,290,0,293,0,12,323,0,335,504,0,504,839
04/29/2014,FRG,NY,AEA,EN,Towers with Radar,0,12,49,0,61,0,0,45,1,46,0,12,94,1,107,188,0,188,295
04/30/2014,FRG,NY,AEA,EN,Towers with Radar,0,11,35,0,46,0,2,27,0,29,0,13,62,0,75,0,0,0,75
05/01/2014,FRG,NY,AEA,EN,Towers with Radar,0,38,32,0,70,0,1,94,0,95,0,39,126,0,165,60,0,60,225
05/02/2014,FRG,NY,AEA,EN,Towers with Radar,0,31,49,0,80,0,6,355,0,361,0,37,404,0,441,342,0,342,783
05/03/2014,FRG,NY,AEA,EN,Towers with Radar,0,17,43,0,60,0,5,394,0,399,0,22,437,0,459,316,0,316,775
05/04/2014,FRG,NY,AEA,EN,Towers with Radar,0,35,35,0,70,0,1,193,0,194,0,36,228,0,264,94,0,94,358
05/05/2014,FRG,NY,AEA,EN,Towers with Radar,0,20,31,0,51,0,15,279,0,294,0,35,310,0,345,360,0,360,705
05/06/2014,FRG,NY,AEA,EN,Towers with Radar,0,20,29,0,49,0,10,334,0,344,0,30,363,0,393,380,0,380,773
05/07/2014,FRG,NY,AEA,EN,Towers with Radar,0,30,32,0,62,0,11,438,0,449,0,41,470,0,511,538,0,538,1049
05/08/2014,FRG,NY,AEA,EN,Towers with Radar,0,29,64,0,93,0,1,7,0,8,0,30,71,0,101,4,0,4,105
05/09/2014,FRG,NY,AEA,EN,Towers with Radar,0,36,42,0,78,0,0,13,0,13,0,36,55,0,91,0,0,0,91
05/10/2014,FRG,NY,AEA,EN,Towers with Radar,0,26,31,1,58,0,1,105,0,106,0,27,136,1,164,126,0,126,290
05/11/2014,FRG,NY,AEA,EN,Towers with Radar,0,21,33,0,54,0,1,336,0,337,0,22,369,0,391,400,0,400,791
05/12/2014,FRG,NY,AEA,EN,Towers with Radar,0,19,29,0,48,0,5,272,0,277,0,24,301,0,325,428,0,428,753
05/13/2014,FRG,NY,AEA,EN,Towers with Radar,0,31,39,2,72,0,3,285,0,288,0,34,324,2,360,306,0,306,666
05/14/2014,FRG,NY,AEA,EN,Towers with Radar,0,20,58,0,78,0,1,70,0,71,0,21,128,0,149,84,0,84,233
05/15/2014,FRG,NY,AEA,EN,Towers with Radar,0,21,53,0,74,0,0,19,0,19,0,21,72,0,93,106,0,106,199
05/16/2014,FRG,NY,AEA,EN,Towers with Radar,0,31,42,2,75,0,0,15,0,15,0,31,57,2,90,0,0,0,90
05/17/2014,FRG,NY,AEA,EN,Towers with Radar,0,20,35,0,55,0,1,331,0,332,0,21,366,0,387,360,0,360,747
05/18/2014,FRG,NY,AEA,EN,Towers with Radar,0,36,37,0,73,0,1,460,0,461,0,37,497,0,534,294,0,294,828
05/19/2014,FRG,NY,AEA,EN,Towers with Radar,0,19,33,0,52,0,5,252,0,257,0,24,285,0,309,224,0,224,533
05/20/2014,FRG,NY,AEA,EN,Towers with Radar,0,27,31,0,58,0,5,343,0,348,0,32,374,0,406,368,0,368,774
05/21/2014,FRG,NY,AEA,EN,Towers with Radar,0,20,25,1,46,0,4,365,1,370,0,24,390,2,416,472,0,472,888
05/22/2014,FRG,NY,AEA,EN,Towers with Radar,2,35,62,14,113,0,3,74,4,81,2,38,136,18,194,20,0,20,214
05/23/2014,FRG,NY,AEA,EN,Towers with Radar,0,40,86,9,135,0,1,82,0,83,0,41,168,9,218,34,0,34,252
05/24/2014,FRG,NY,AEA,EN,Towers with Radar,0,17,42,0,59,0,1,292,1,294,0,18,334,1,353,89,0,89,442
05/25/2014,FRG,NY,AEA,EN,Towers with Radar,2,19,21,8,50,0,4,388,1,393,2,23,409,9,443,122,0,122,565
05/26/2014,FRG,NY,AEA,EN,Towers with Radar,0,28,33,0,61,0,7,404,0,411,0,35,437,0,472,234,0,234,706
05/27/2014,FRG,NY,AEA,EN,Towers with Radar,0,18,40,0,58,0,3,218,0,221,0,21,258,0,279,256,0,256,535
05/28/2014,FRG,NY,AEA,EN,Towers with Radar,0,22,71,0,93,0,1,32,0,33,0,23,103,0,126,20,0,20,146
05/29/2014,FRG,NY,AEA,EN,Towers with Radar,0,24,36,0,60,0,3,377,1,381,0,27,413,1,441,558,0,558,999
05/30/2014,FRG,NY,AEA,EN,Towers with Radar,0,23,31,0,54,0,1,366,0,367,0,24,397,0,421,318,0,318,739
05/31/2014,FRG,NY,AEA,EN,Towers with Radar,0,21,36,0,57,0,0,286,0,286,0,21,322,0,343,295,0,295,638
06/01/2014,FRG,NY,AEA,EN,Towers with Radar,0,22,34,0,56,0,0,474,0,474,0,22,508,0,530,270,0,270,800
06/02/2014,FRG,NY,AEA,EN,Towers with Radar,0,19,25,0,44,0,1,286,0,287,0,20,311,0,331,400,0,400,731
06/03/2014,FRG,NY,AEA,EN,Towers with Radar,0,14,35,0,49,0,2,270,0,272,0,16,305,0,321,310,0,310,631
06/04/2014,FRG,NY,AEA,EN,Towers with Radar,0,26,48,0,74,0,5,223,0,228,0,31,271,0,302,374,0,374,676
06/05/2014,FRG,NY,AEA,EN,Towers with Radar,0,22,33,0,55,0,1,76,1,78,0,23,109,1,133,168,0,168,301
06/06/2014,FRG,NY,AEA,EN,Towers with Radar,0,27,46,0,73,0,1,377,0,378,0,28,423,0,451,382,0,382,833
06/07/2014,FRG,NY,AEA,EN,Towers with Radar,0,26,60,0,86,0,2,420,0,422,0,28,480,0,508,328,0,328,836
06/08/2014,FRG,NY,AEA,EN,Towers with Radar,0,37,33,0,70,0,0,419,0,419,0,37,452,0,489,272,0,272,761
06/09/2014,FRG,NY,AEA,EN,Towers with Radar,0,26,62,0,88,0,0,26,0,26,0,26,88,0,114,10,0,10,124
06/10/2014,FRG,NY,AEA,EN,Towers with Radar,0,27,25,0,52,0,0,30,0,30,0,27,55,0,82,60,0,60,142
06/11/2014,FRG,NY,AEA,EN,Towers with Radar,0,35,44,0,79,0,2,178,0,180,0,37,222,0,259,474,0,474,733
06/12/2014,FRG,NY,AEA,EN,Towers with Radar,0,39,46,0,85,0,1,26,1,28,0,40,72,1,113,32,0,32,145
06/13/2014,FRG,NY,AEA,EN,Towers with Radar,0,25,51,0,76,0,0,24,0,24,0,25,75,0,100,76,0,76,176
06/14/2014,FRG,NY,AEA,EN,Towers with Radar,0,13,45,0,58,0,1,323,0,324,0,14,368,0,382,466,0,466,848
06/15/2014,FRG,NY,AEA,EN,Towers with Radar,0,32,31,0,63,0,1,433,0,434,0,33,464,0,497,308,0,308,805
06/16/2014,FRG,NY,AEA,EN,Towers with Radar,0,18,33,0,51,0,2,423,0,425,0,20,456,0,476,332,0,332,808
06/17/2014,FRG,NY,AEA,EN,Towers with Radar,0,27,42,0,69,0,15,284,0,299,0,42,326,0,368,326,0,326,694
06/18/2014,FRG,NY,AEA,EN,Towers with Radar,0,32,38,0,70,0,4,307,0,311,0,36,345,0,381,328,0,328,709
06/19/2014,FRG,NY,AEA,EN,Towers with Radar,0,27,36,0,63,0,4,238,0,242,0,31,274,0,305,574,0,574,879
06/20/2014,FRG,NY,AEA,EN,Towers with Radar,0,31,55,0,86,0,7,400,0,407,0,38,455,0,493,334,0,334,827
06/21/2014,FRG,NY,AEA,EN,Towers with Radar,0,26,36,2,64,0,1,376,0,377,0,27,412,2,441,396,0,396,837
06/22/2014,FRG,NY,AEA,EN,Towers with Radar,0,33,29,0,62,0,3,369,0,372,0,36,398,0,434,324,0,324,758
06/23/2014,FRG,NY,AEA,EN,Towers with Radar,0,34,26,0,60,0,5,288,0,293,0,39,314,0,353,422,0,422,775
06/24/2014,FRG,NY,AEA,EN,Towers with Radar,0,27,28,0,55,0,6,298,0,304,0,33,326,0,359,322,0,322,681
06/25/2014,FRG,NY,AEA,EN,Towers with Radar,0,16,74,2,92,0,0,97,0,97,0,16,171,2,189,26,0,26,215
06/26/2014,FRG,NY,AEA,EN,Towers with Radar,0,30,35,0,65,0,6,271,0,277,0,36,306,0,342,448,0,448,790
06/27/2014,FRG,NY,AEA,EN,Towers with Radar,0,26,22,0,48,0,2,421,0,423,0,28,443,0,471,408,0,408,879
06/28/2014,FRG,NY,AEA,EN,Towers with Radar,0,14,17,0,31,0,3,360,0,363,0,17,377,0,394,294,0,294,688
06/29/2014,FRG,NY,AEA,EN,Towers with Radar,0,31,40,1,72,0,2,412,0,414,0,33,452,1,486,300,0,300,786
06/30/2014,FRG,NY,AEA,EN,Towers with Radar,0,14,31,1,46,0,3,282,0,285,0,17,313,1,331,340,0,340,671
07/01/2014,FRG,NY,AEA,EN,Towers with Radar,0,20,37,0,57,0,1,238,1,240,0,21,275,1,297,264,0,264,561
07/02/2014,FRG,NY,AEA,EN,Towers with Radar,0,24,32,0,56,0,1,173,2,176,0,25,205,2,232,190,0,190,422
07/03/2014,FRG,NY,AEA,EN,Towers with Radar,0,25,39,0,64,0,4,150,0,154,0,29,189,0,218,274,0,274,492
07/04/2014,FRG,NY,AEA,EN,Towers with Radar,0,23,18,0,41,0,1,17,0,18,0,24,35,0,59,64,0,64,123
07/05/2014,FRG,NY,AEA,EN,Towers with Radar,0,13,28,0,41,0,4,214,0,218,0,17,242,0,259,176,0,176,435
07/06/2014,FRG,NY,AEA,EN,Towers with Radar,0,35,45,0,80,0,2,364,1,367,0,37,409,1,447,266,0,266,713
07/07/2014,FRG,NY,AEA,EN,Towers with Radar,0,19,35,0,54,0,1,284,0,285,0,20,319,0,339,360,0,360,699
07/08/2014,FRG,NY,AEA,EN,Towers with Radar,0,20,29,0,49,0,2,262,1,265,0,22,291,1,314,288,0,288,602
07/09/2014,FRG,NY,AEA,EN,Towers with Radar,0,28,31,0,59,0,6,269,0,275,0,34,300,0,334,452,0,452,786
07/10/2014,FRG,NY,AEA,EN,Towers with Radar,0,30,42,0,72,0,4,308,1,313,0,34,350,1,385,424,0,424,809
07/11/2014,FRG,NY,AEA,EN,Towers with Radar,0,29,36,0,65,0,1,380,0,381,0,30,416,0,446,404,0,404,850
07/12/2014,FRG,NY,AEA,EN,Towers with Radar,0,28,37,0,65,0,0,403,0,403,0,28,440,0,468,258,0,258,726
07/13/2014,FRG,NY,AEA,EN,Towers with Radar,0,49,74,0,123,0,0,72,0,72,0,49,146,0,195,12,0,12,207
07/14/2014,FRG,NY,AEA,EN,Towers with Radar,0,16,44,0,60,0,1,136,0,137,0,17,180,0,197,238,0,238,435
07/15/2014,FRG,NY,AEA,EN,Towers with Radar,0,23,29,0,52,0,0,21,0,21,0,23,50,0,73,4,0,4,77
07/16/2014,FRG,NY,AEA,EN,Towers with Radar,0,30,35,1,66,0,1,167,0,168,0,31,202,1,234,240,0,240,474
07/17/2014,FRG,NY,AEA,EN,Towers with Radar,0,17,57,0,74,0,8,306,0,314,0,25,363,0,388,232,0,232,620
07/18/2014,FRG,NY,AEA,EN,Towers with Radar,0,35,35,0,70,0,4,423,1,428,0,39,458,1,498,360,0,360,858
07/19/2014,FRG,NY,AEA,EN,Towers with Radar,0,16,26,0,42,0,1,353,0,354,0,17,379,0,396,376,0,376,772
07/20/2014,FRG,NY,AEA,EN,Towers with Radar,0,38,36,0,74,0,0,337,0,337,0,38,373,0,411,290,0,290,701
07/21/2014,FRG,NY,AEA,EN,Towers with Radar,0,29,23,0,52,0,6,337,0,343,0,35,360,0,395,414,0,414,809
07/22/2014,FRG,NY,AEA,EN,Towers with Radar,0,16,33,0,49,0,6,307,0,313,0,22,340,0,362,314,0,314,676
07/23/2014,FRG,NY,AEA,EN,Towers with Radar,0,14,29,0,43,0,2,297,0,299,0,16,326,0,342,170,0,170,512
07/24/2014,FRG,NY,AEA,EN,Towers with Radar,0,36,34,0,70,0,3,268,0,271,0,39,302,0,341,306,0,306,647
07/25/2014,FRG,NY,AEA,EN,Towers with Radar,0,33,38,0,71,0,3,319,0,322,0,36,357,0,393,256,0,256,649
07/26/2014,FRG,NY,AEA,EN,Towers with Radar,0,21,36,0,57,0,2,156,0,158,0,23,192,0,215,162,0,162,377
07/27/2014,FRG,NY,AEA,EN,Towers with Radar,0,46,40,0,86,0,1,3,0,4,0,47,43,0,90,0,0,0,90
07/28/2014,FRG,NY,AEA,EN,Towers with Radar,0,22,36,0,58,0,0,199,1,200,0,22,235,1,258,154,0,154,412
07/29/2014,FRG,NY,AEA,EN,Towers with Radar,0,20,33,0,53,0,4,282,0,286,0,24,315,0,339,372,0,372,711
07/30/2014,FRG,NY,AEA,EN,Towers with Radar,0,24,50,0,74,0,2,317,0,319,0,26,367,0,393,284,0,284,677
07/31/2014,FRG,NY,AEA,EN,Towers with Radar,0,18,42,0,60,0,5,334,0,339,0,23,376,0,399,428,0,428,827
08/01/2014,FRG,NY,AEA,EN,Towers with Radar,1,32,49,0,82,0,0,189,0,189,1,32,238,0,271,236,0,236,507
08/02/2014,FRG,NY,AEA,EN,Towers with Radar,0,23,38,2,63,0,0,18,0,18,0,23,56,2,81,28,0,28,109
08/03/2014,FRG,NY,AEA,EN,Towers with Radar,0,36,49,0,85,0,0,101,1,102,0,36,150,1,187,270,0,270,457
08/04/2014,FRG,NY,AEA,EN,Towers with Radar,0,24,27,0,51,0,2,247,0,249,0,26,274,0,300,478,0,478,778
08/05/2014,FRG,NY,AEA,EN,Towers with Radar,0,19,37,0,56,0,8,306,0,314,0,27,343,0,370,385,0,385,755
08/06/2014,FRG,NY,AEA,EN,Towers with Radar,0,18,33,0,51,0,2,347,0,349,0,20,380,0,400,416,0,416,816
08/07/2014,FRG,NY,AEA,EN,Towers with Radar,0,35,45,0,80,0,8,345,0,353,0,43,390,0,433,340,0,340,773
08/08/2014,FRG,NY,AEA,EN,Towers with Radar,0,36,43,0,79,0,2,348,0,350,0,38,391,0,429,340,0,340,769
08/09/2014,FRG,NY,AEA,EN,Towers with Radar,0,22,32,0,54,0,1,397,1,399,0,23,429,1,453,300,0,300,753
08/10/2014,FRG,NY,AEA,EN,Towers with Radar,0,32,46,0,78,0,0,431,1,432,0,32,477,1,510,212,0,212,722
08/11/2014,FRG,NY,AEA,EN,Towers with Radar,0,29,29,0,58,0,2,266,0,268,0,31,295,0,326,370,0,370,696
08/12/2014,FRG,NY,AEA,EN,Towers with Radar,0,24,37,0,61,0,3,107,0,110,0,27,144,0,171,204,0,204,375
08/13/2014,FRG,NY,AEA,EN,Towers with Radar,0,13,46,0,59,0,2,64,0,66,0,15,110,0,125,94,0,94,219
08/14/2014,FRG,NY,AEA,EN,Towers with Radar,1,22,36,0,59,0,9,371,0,380,1,31,407,0,439,342,0,342,781
08/15/2014,FRG,NY,AEA,EN,Towers with Radar,0,31,39,0,70,0,2,351,0,353,0,33,390,0,423,278,0,278,701
08/16/2014,FRG,NY,AEA,EN,Towers with Radar,0,23,41,0,64,0,1,422,0,423,0,24,463,0,487,202,0,202,689
08/17/2014,FRG,NY,AEA,EN,Towers with Radar,0,32,49,0,81,0,1,303,0,304,0,33,352,0,385,230,0,230,615
08/18/2014,FRG,NY,AEA,EN,Towers with Radar,0,24,27,0,51,0,5,321,0,326,0,29,348,0,377,392,0,392,769
08/19/2014,FRG,NY,AEA,EN,Towers with Radar,0,18,25,0,43,0,3,245,0,248,0,21,270,0,291,486,0,486,777
08/20/2014,FRG,NY,AEA,EN,Towers with Radar,0,21,31,0,52,0,3,293,1,297,0,24,324,1,349,234,0,234,583
08/21/2014,FRG,NY,AEA,EN,Towers with Radar,0,39,57,0,96,0,4,195,0,199,0,43,252,0,295,282,0,282,577
08/22/2014,FRG,NY,AEA,EN,Towers with Radar,0,24,34,0,58,0,3,184,0,187,0,27,218,0,245,256,0,256,501
08/23/2014,FRG,NY,AEA,EN,Towers with Radar,0,25,39,0,64,0,0,221,0,221,0,25,260,0,285,345,0,345,630
08/24/2014,FRG,NY,AEA,EN,Towers with Radar,0,34,41,0,75,0,0,359,0,359,0,34,400,0,434,286,0,286,720
08/25/2014,FRG,NY,AEA,EN,Towers with Radar,0,26,51,0,77,0,2,218,0,220,0,28,269,0,297,280,0,280,577
08/26/2014,FRG,NY,AEA,EN,Towers with Radar,0,22,30,0,52,0,2,262,0,264,0,24,292,0,316,426,0,426,742
08/27/2014,FRG,NY,AEA,EN,Towers with Radar,0,22,21,0,43,0,6,301,1,308,0,28,322,1,351,326,0,326,677
08/28/2014,FRG,NY,AEA,EN,Towers with Radar,0,22,39,0,61,0,6,342,0,348,0,28,381,0,409,276,0,276,685
08/29/2014,FRG,NY,AEA,EN,Towers with Radar,0,34,50,0,84,0,6,281,0,287,0,40,331,0,371,182,0,182,553
08/30/2014,FRG,NY,AEA,EN,Towers with Radar,0,22,35,0,57,0,2,269,0,271,0,24,304,0,328,150,0,150,478
08/31/2014,FRG,NY,AEA,EN,Towers with Radar,0,36,52,0,88,0,1,112,0,113,0,37,164,0,201,162,0,162,363
09/01/2014,FRG,NY,AEA,EN,Towers with Radar,0,25,53,0,78,0,1,171,0,172,0,26,224,0,250,140,0,140,390
09/02/2014,FRG,NY,AEA,EN,Towers with Radar,0,21,25,0,46,0,4,255,0,259,0,25,280,0,305,343,0,343,648
09/03/2014,FRG,NY,AEA,EN,Towers with Radar,0,25,31,0,56,0,2,286,2,290,0,27,317,2,346,404,0,404,750
09/04/2014,FRG,NY,AEA,EN,Towers with Radar,0,21,27,0,48,0,8,331,0,339,0,29,358,0,387,364,0,364,751
09/05/2014,FRG,NY,AEA,EN,Towers with Radar,0,33,56,0,89,0,0,190,0,190,0,33,246,0,279,266,0,266,545
09/06/2014,FRG,NY,AEA,EN,Towers with Radar,0,14,40,0,54,0,0,69,0,69,0,14,109,0,123,92,0,92,215
09/07/2014,FRG,NY,AEA,EN,Towers with Radar,0,27,31,0,58,0,15,345,0,360,0,42,376,0,418,294,0,294,712
09/08/2014,FRG,NY,AEA,EN,Towers with Radar,0,16,28,0,44,0,1,238,0,239,0,17,266,0,283,280,0,280,563
09/09/2014,FRG,NY,AEA,EN,Towers with Radar,0,23,48,0,71,0,1,159,0,160,0,24,207,0,231,254,0,254,485
09/10/2014,FRG,NY,AEA,EN,Towers with Radar,0,23,47,0,70,0,2,194,0,196,0,25,241,0,266,226,0,226,492
09/11/2014,FRG,NY,AEA,EN,Towers with Radar,0,29,47,0,76,0,7,137,0,144,0,36,184,0,220,322,0,322,542
09/12/2014,FRG,NY,AEA,EN,Towers with Radar,0,18,29,0,47,0,7,379,0,386,0,25,408,0,433,438,0,438,871
09/13/2014,FRG,NY,AEA,EN,Towers with Radar,0,25,43,0,68,0,1,115,0,116,0,26,158,0,184,228,0,228,412
09/14/2014,FRG,NY,AEA,EN,Towers with Radar,0,53,43,0,96,0,1,462,1,464,0,54,505,1,560,252,0,252,812
09/15/2014,FRG,NY,AEA,EN,Towers with Radar,0,23,20,1,44,0,3,362,1,366,0,26,382,2,410,300,0,300,710
09/16/2014,FRG,NY,AEA,EN,Towers with Radar,0,22,27,2,51,0,4,179,0,183,0,26,206,2,234,215,0,215,449
09/17/2014,FRG,NY,AEA,EN,Towers with Radar,0,27,32,0,59,0,5,384,0,389,0,32,416,0,448,330,0,330,778
09/18/2014,FRG,NY,AEA,EN,Towers with Radar,1,31,21,0,53,0,6,340,0,346,1,37,361,0,399,358,0,358,757
09/19/2014,FRG,NY,AEA,EN,Towers with Radar,0,36,42,0,78,0,7,384,1,392,0,43,426,1,470,242,0,242,712
09/20/2014,FRG,NY,AEA,EN,Towers with Radar,0,30,37,0,67,0,4,408,0,412,0,34,445,0,479,234,0,234,713
09/21/2014,FRG,NY,AEA,EN,Towers with Radar,0,30,65,1,96,0,1,173,0,174,0,31,238,1,270,248,0,248,518
09/22/2014,FRG,NY,AEA,EN,Towers with Radar,1,20,25,0,46,0,1,280,0,281,1,21,305,0,327,216,0,216,543
09/23/2014,FRG,NY,AEA,EN,Towers with Radar,0,24,41,0,65,0,9,227,1,237,0,33,268,1,302,44,0,44,346
09/24/2014,FRG,NY,AEA,EN,Towers with Radar,0,20,53,0,73,0,14,260,0,274,0,34,313,0,347,0,0,0,347
09/25/2014,FRG,NY,AEA,EN,Towers with Radar,0,21,43,0,64,0,0,21,0,21,0,21,64,0,85,0,0,0,85
09/26/2014,FRG,NY,AEA,EN,Towers with Radar,0,36,55,0,91,0,4,440,0,444,0,40,495,0,535,220,0,220,755
09/27/2014,FRG,NY,AEA,EN,Towers with Radar,0,16,34,0,50,0,5,485,0,490,0,21,519,0,540,296,0,296,836
09/28/2014,FRG,NY,AEA,EN,Towers with Radar,0,38,38,0,76,0,4,425,0,429,0,42,463,0,505,328,0,328,833
09/29/2014,FRG,NY,AEA,EN,Towers with Radar,0,24,44,0,68,0,4,278,0,282,0,28,322,0,350,252,0,252,602
09/30/2014,FRG,NY,AEA,EN,Towers with Radar,2,34,61,0,97,0,0,61,0,61,2,34,122,0,158,22,0,22,180
10/01/2014,FRG,NY,AEA,EN,Towers with Radar,0,32,43,0,75,0,0,35,0,35,0,32,78,0,110,22,0,22,132
10/02/2014,FRG,NY,AEA,EN,Towers with Radar,0,21,43,0,64,0,2,183,0,185,0,23,226,0,249,476,0,476,725
10/03/2014,FRG,NY,AEA,EN,Towers with Radar,0,42,49,0,91,0,5,425,0,430,0,47,474,0,521,356,0,356,877
10/04/2014,FRG,NY,AEA,EN,Towers with Radar,0,20,27,0,47,0,0,22,0,22,0,20,49,0,69,16,0,16,85
10/05/2014,FRG,NY,AEA,EN,Towers with Radar,0,32,39,0,71,0,0,373,1,374,0,32,412,1,445,244,0,244,689
10/06/2014,FRG,NY,AEA,EN,Towers with Radar,0,10,32,0,42,0,4,318,0,322,0,14,350,0,364,302,0,302,666
10/07/2014,FRG,NY,AEA,EN,Towers with Radar,0,25,37,0,62,0,9,159,0,168,0,34,196,0,230,85,0,85,315
10/08/2014,FRG,NY,AEA,EN,Towers with Radar,0,19,28,0,47,0,4,159,0,163,0,23,187,0,210,172,0,172,382
10/09/2014,FRG,NY,AEA,EN,Towers with Radar,2,27,30,2,61,0,10,376,0,386,2,37,406,2,447,292,0,292,739
10/10/2014,FRG,NY,AEA,EN,Towers with Radar,0,36,57,0,93,0,4,379,0,383,0,40,436,0,476,358,0,358,834
10/11/2014,FRG,NY,AEA,EN,Towers with Radar,0,43,34,0,77,0,0,28,0,28,0,43,62,0,105,8,0,8,113
10/12/2014,FRG,NY,AEA,EN,Towers with Radar,0,28,34,1,63,0,0,423,0,423,0,28,457,1,486,262,0,262,748
10/13/2014,FRG,NY,AEA,EN,Towers with Radar,0,36,57,0,93,0,0,248,0,248,0,36,305,0,341,230,0,230,571
10/14/2014,FRG,NY,AEA,EN,Towers with Radar,0,27,38,0,65,0,9,305,0,314,0,36,343,0,379,306,0,306,685
10/15/2014,FRG,NY,AEA,EN,Towers with Radar,1,29,44,0,74,0,3,155,1,159,1,32,199,1,233,206,0,206,439
10/16/2014,FRG,NY,AEA,EN,Towers with Radar,0,24,43,0,67,0,1,74,0,75,0,25,117,0,142,56,0,56,198
10/17/2014,FRG,NY,AEA,EN,Towers with Radar,1,35,56,0,92,0,4,408,0,412,1,39,464,0,504,350,0,350,854
10/18/2014,FRG,NY,AEA,EN,Towers with Radar,0,17,36,0,53,0,1,393,0,394,0,18,429,0,447,326,0,326,773
10/19/2014,FRG,NY,AEA,EN,Towers with Radar,1,34,40,0,75,0,1,204,0,205,1,35,244,0,280,180,0,180,460
10/20/2014,FRG,NY,AEA,EN,Towers with Radar,2,21,25,0,48,0,9,344,0,353,2,30,369,0,401,396,0,396,797
10/21/2014,FRG,NY,AEA,EN,Towers with Radar,1,15,19,0,35,0,2,204,0,206,1,17,223,0,241,350,0,350,591
10/22/2014,FRG,NY,AEA,EN,Towers with Radar,2,20,19,0,41,0,1,23,0,24,2,21,42,0,65,0,0,0,65
10/23/2014,FRG,NY,AEA,EN,Towers with Radar,0,19,33,0,52,0,0,44,0,44,0,19,77,0,96,38,0,38,134
10/24/2014,FRG,NY,AEA,EN,Towers with Radar,0,28,45,0,73,0,3,315,0,318,0,31,360,0,391,464,0,464,855
10/25/2014,FRG,NY,AEA,EN,Towers with Radar,0,30,39,0,69,0,5,428,0,433,0,35,467,0,502,364,0,364,866
10/26/2014,FRG,NY,AEA,EN,Towers with Radar,0,31,31,0,62,0,3,193,0,196,0,34,224,0,258,152,0,152,410
10/27/2014,FRG,NY,AEA,EN,Towers with Radar,2,21,29,0,52,0,5,320,0,325,2,26,349,0,377,398,0,398,775
10/28/2014,FRG,NY,AEA,EN,Towers with Radar,0,28,28,0,56,0,3,319,0,322,0,31,347,0,378,347,0,347,725
10/29/2014,FRG,NY,AEA,EN,Towers with Radar,1,16,35,0,52,0,5,256,0,261,1,21,291,0,313,450,0,450,763
10/30/2014,FRG,NY,AEA,EN,Towers with Radar,0,30,36,4,70,0,5,359,0,364,0,35,395,4,434,470,0,470,904
10/31/2014,FRG,NY,AEA,EN,Towers with Radar,0,22,54,0,76,0,4,228,0,232,0,26,282,0,308,326,0,326,634
11/01/2014,FRG,NY,AEA,EN,Towers with Radar,0,15,16,0,31,0,0,23,0,23,0,15,39,0,54,14,0,14,68
11/02/2014,FRG,NY,AEA,EN,Towers with Radar,0,26,25,0,51,0,0,27,0,27,0,26,52,0,78,2,0,2,80
11/03/2014,FRG,NY,AEA,EN,Towers with Radar,0,23,31,0,54,0,3,234,1,238,0,26,265,1,292,304,0,304,596
11/04/2014,FRG,NY,AEA,EN,Towers with Radar,0,14,13,0,27,0,3,173,0,176,0,17,186,0,203,198,0,198,401
11/05/2014,FRG,NY,AEA,EN,Towers with Radar,0,11,38,0,49,0,5,280,0,285,0,16,318,0,334,326,0,326,660
11/06/2014,FRG,NY,AEA,EN,Towers with Radar,0,25,48,0,73,0,3,16,0,19,0,28,64,0,92,2,0,2,94
11/07/2014,FRG,NY,AEA,EN,Towers with Radar,0,26,33,0,59,0,1,218,0,219,0,27,251,0,278,232,0,232,510
11/08/2014,FRG,NY,AEA,EN,Towers with Radar,0,12,31,0,43,0,6,430,0,436,0,18,461,0,479,342,0,342,821
11/09/2014,FRG,NY,AEA,EN,Towers with Radar,1,42,40,0,83,0,0,378,0,378,1,42,418,0,461,234,0,234,695
11/10/2014,FRG,NY,AEA,EN,Towers with Radar,2,27,33,0,62,0,6,252,0,258,2,33,285,0,320,362,0,362,682
11/11/2014,FRG,NY,AEA,EN,Towers with Radar,0,22,55,0,77,0,1,205,0,206,0,23,260,0,283,308,0,308,591
11/12/2014,FRG,NY,AEA,EN,Towers with Radar,0,27,50,0,77,0,0,91,0,91,0,27,141,0,168,152,0,152,320
11/13/2014,FRG,NY,AEA,EN,Towers with Radar,0,25,33,0,58,0,4,317,0,321,0,29,350,0,379,422,0,422,801
11/14/2014,FRG,NY,AEA,EN,Towers with Radar,0,24,34,0,58,0,1,295,0,296,0,25,329,0,354,408,0,408,762
11/15/2014,FRG,NY,AEA,EN,Towers with Radar,0,31,32,0,63,0,7,420,7,434,0,38,452,7,497,364,0,364,861
11/16/2014,FRG,NY,AEA,EN,Towers with Radar,0,26,30,0,56,0,0,271,0,271,0,26,301,0,327,256,0,256,583
11/17/2014,FRG,NY,AEA,EN,Towers with Radar,0,16,16,0,32,0,0,20,0,20,0,16,36,0,52,0,0,0,52
11/18/2014,FRG,NY,AEA,EN,Towers with Radar,1,18,31,0,50,0,1,70,0,71,1,19,101,0,121,22,0,22,143
11/19/2014,FRG,NY,AEA,EN,Towers with Radar,1,21,17,0,39,0,9,253,0,262,1,30,270,0,301,296,0,296,597
11/20/2014,FRG,NY,AEA,EN,Towers with Radar,3,26,24,3,56,0,5,114,0,119,3,31,138,3,175,215,0,215,390
11/21/2014,FRG,NY,AEA,EN,Towers with Radar,0,26,40,0,66,0,5,214,0,219,0,31,254,0,285,138,0,138,423
11/22/2014,FRG,NY,AEA,EN,Towers with Radar,0,13,30,0,43,0,5,332,0,337,0,18,362,0,380,396,0,396,776
11/23/2014,FRG,NY,AEA,EN,Towers with Radar,1,26,46,0,73,0,0,296,0,296,1,26,342,0,369,242,0,242,611
11/24/2014,FRG,NY,AEA,EN,Towers with Radar,0,18,20,0,38,0,0,18,0,18,0,18,38,0,56,12,0,12,68
11/25/2014,FRG,NY,AEA,EN,Towers with Radar,2,37,64,0,103,0,4,286,0,290,2,41,350,0,393,352,0,352,745
11/26/2014,FRG,NY,AEA,EN,Towers with Radar,1,16,25,0,42,0,1,2,0,3,1,17,27,0,45,0,0,0,45
11/27/2014,FRG,NY,AEA,EN,Towers with Radar,2,7,18,0,27,0,0,62,0,62,2,7,80,0,89,116,0,116,205
11/28/2014,FRG,NY,AEA,EN,Towers with Radar,1,20,35,0,56,0,1,203,0,204,1,21,238,0,260,176,0,176,436
11/29/2014,FRG,NY,AEA,EN,Towers with Radar,1,22,32,0,55,0,1,198,0,199,1,23,230,0,254,216,0,216,470
11/30/2014,FRG,NY,AEA,EN,Towers with Radar,0,70,97,0,167,0,0,344,1,345,0,70,441,1,512,162,0,162,674
12/01/2014,FRG,NY,AEA,EN,Towers with Radar,1,24,54,1,80,0,0,229,0,229,1,24,283,1,309,362,0,362,671
12/02/2014,FRG,NY,AEA,EN,Towers with Radar,0,21,30,0,51,0,0,113,0,113,0,21,143,0,164,252,0,252,416
12/03/2014,FRG,NY,AEA,EN,Towers with Radar,1,24,52,0,77,0,0,11,0,11,1,24,63,0,88,0,0,0,88
12/04/2014,FRG,NY,AEA,EN,Towers with Radar,0,25,29,0,54,0,12,356,2,370,0,37,385,2,424,404,0,404,828
12/05/2014,FRG,NY,AEA,EN,Towers with Radar,1,27,40,0,68,0,4,189,0,193,1,31,229,0,261,384,0,384,645
12/06/2014,FRG,NY,AEA,EN,Towers with Radar,1,15,33,0,49,0,0,4,0,4,1,15,37,0,53,0,0,0,53
12/07/2014,FRG,NY,AEA,EN,Towers with Radar,1,31,31,0,63,0,2,165,0,167,1,33,196,0,230,46,0,46,276
12/08/2014,FRG,NY,AEA,EN,Towers with Radar,1,23,26,2,52,0,1,75,0,76,1,24,101,2,128,216,0,216,344
12/09/2014,FRG,NY,AEA,EN,Towers with Radar,0,10,11,0,21,0,0,8,0,8,0,10,19,0,29,0,0,0,29
12/10/2014,FRG,NY,AEA,EN,Towers with Radar,0,12,34,0,46,0,0,12,1,13,0,12,46,1,59,0,0,0,59
12/11/2014,FRG,NY,AEA,EN,Towers with Radar,0,23,34,0,57,0,6,123,1,130,0,29,157,1,187,102,0,102,289
12/12/2014,FRG,NY,AEA,EN,Towers with Radar,2,25,42,0,69,0,5,290,0,295,2,30,332,0,364,356,0,356,720
12/13/2014,FRG,NY,AEA,EN,Towers with Radar,1,23,31,0,55,0,9,366,0,375,1,32,397,0,430,314,0,314,744
12/14/2014,FRG,NY,AEA,EN,Towers with Radar,0,39,44,0,83,0,1,313,0,314,0,40,357,0,397,272,0,272,669
12/15/2014,FRG,NY,AEA,EN,Towers with Radar,0,23,31,0,54,0,6,279,0,285,0,29,310,0,339,378,0,378,717
12/16/2014,FRG,NY,AEA,EN,Towers with Radar,0,22,30,2,54,0,2,78,0,80,0,24,108,2,134,210,0,210,344
12/17/2014,FRG,NY,AEA,EN,Towers with Radar,0,22,29,2,53,0,6,162,0,168,0,28,191,2,221,282,0,282,503
12/18/2014,FRG,NY,AEA,EN,Towers with Radar,2,27,33,0,62,0,4,212,0,216,2,31,245,0,278,184,0,184,462
12/19/2014,FRG,NY,AEA,EN,Towers with Radar,0,29,47,0,76,0,4,216,0,220,0,33,263,0,296,300,0,300,596
12/20/2014,FRG,NY,AEA,EN,Towers with Radar,1,20,33,0,54,0,0,214,0,214,1,20,247,0,268,402,0,402,670
12/21/2014,FRG,NY,AEA,EN,Towers with Radar,0,25,47,0,72,0,0,54,0,54,0,25,101,0,126,128,0,128,254
12/22/2014,FRG,NY,AEA,EN,Towers with Radar,1,29,40,0,70,0,0,41,0,41,1,29,81,0,111,54,0,54,165
12/23/2014,FRG,NY,AEA,EN,Towers with Radar,0,19,45,0,64,0,1,5,0,6,0,20,50,0,70,0,0,0,70
12/24/2014,FRG,NY,AEA,EN,Towers with Radar,0,13,10,0,23,0,0,0,0,0,0,13,10,0,23,0,0,0,23
12/25/2014,FRG,NY,AEA,EN,Towers with Radar,0,27,22,0,49,0,0,42,0,42,0,27,64,0,91,38,0,38,129
12/26/2014,FRG,NY,AEA,EN,Towers with Radar,1,32,45,0,78,0,2,284,0,286,1,34,329,0,364,285,0,285,649
12/27/2014,FRG,NY,AEA,EN,Towers with Radar,1,30,48,0,79,0,0,335,0,335,1,30,383,0,414,160,0,160,574
12/28/2014,FRG,NY,AEA,EN,Towers with Radar,2,28,22,0,52,0,0,74,0,74,2,28,96,0,126,224,0,224,350
12/29/2014,FRG,NY,AEA,EN,Towers with Radar,1,13,16,0,30,0,2,233,0,235,1,15,249,0,265,338,0,338,603
12/30/2014,FRG,NY,AEA,EN,Towers with Radar,1,27,23,0,51,0,2,164,0,166,1,29,187,0,217,200,0,200,417
12/31/2014,FRG,NY,AEA,EN,Towers with Radar,0,15,14,0,29,0,2,159,0,161,0,17,173,0,190,190,0,190,380
01/01/2015,FRG,NY,AEA,EN,Towers with Radar,0,22,17,0,39,0,1,105,1,107,0,23,122,1,146,40,0,40,186
01/02/2015,FRG,NY,AEA,EN,Towers with Radar,0,30,32,0,62,0,0,186,0,186,0,30,218,0,248,194,0,194,442
01/03/2015,FRG,NY,AEA,EN,Towers with Radar,0,34,39,0,73,0,0,84,0,84,0,34,123,0,157,206,0,206,363
01/04/2015,FRG,NY,AEA,EN,Towers with Radar,0,47,60,0,107,0,0,19,0,19,0,47,79,0,126,0,0,0,126
01/05/2015,FRG,NY,AEA,EN,Towers with Radar,0,28,30,0,58,0,2,103,0,105,0,30,133,0,163,120,0,120,283
01/06/2015,FRG,NY,AEA,EN,Towers with Radar,0,13,19,1,33,0,1,10,0,11,0,14,29,1,44,8,0,8,52
01/07/2015,FRG,NY,AEA,EN,Towers with Radar,2,27,20,3,52,0,0,69,0,69,2,27,89,3,121,84,0,84,205
01/08/2015,FRG,NY,AEA,EN,Towers with Radar,0,22,24,0,46,0,6,135,0,141,0,28,159,0,187,236,0,236,423
01/09/2015,FRG,NY,AEA,EN,Towers with Radar,1,15,22,0,38,0,1,41,0,42,1,16,63,0,80,10,0,10,90
01/10/2015,FRG,NY,AEA,EN,Towers with Radar,1,7,25,0,33,0,1,170,0,171,1,8,195,0,204,220,0,220,424
01/11/2015,FRG,NY,AEA,EN,Towers with Radar,1,21,34,0,56,0,0,215,0,215,1,21,249,0,271,266,0,266,537
01/12/2015,FRG,NY,AEA,EN,Towers with Radar,1,17,18,0,36,0,0,10,0,10,1,17,28,0,46,0,0,0,46
01/13/2015,FRG,NY,AEA,EN,Towers with Radar,0,28,22,0,50,0,2,228,0,230,0,30,250,0,280,188,0,188,468
01/14/2015,FRG,NY,AEA,EN,Towers with Radar,1,32,23,0,56,0,0,103,0,103,1,32,126,0,159,256,0,256,415
01/15/2015,FRG,NY,AEA,EN,Towers with Radar,3,31,34,0,68,0,4,215,1,220,3,35,249,1,288,262,0,262,550
01/16/2015,FRG,NY,AEA,EN,Towers with Radar,1,25,25,0,51,0,15,144,0,159,1,40,169,0,210,152,0,152,362
01/17/2015,FRG,NY,AEA,EN,Towers with Radar,0,9,27,0,36,0,0,260,0,260,0,9,287,0,296,366,0,366,662
01/18/2015,FRG,NY,AEA,EN,Towers with Radar,2,25,20,1,48,0,0,2,0,2,2,25,22,1,50,0,0,0,50
01/19/2015,FRG,NY,AEA,EN,Towers with Radar,1,39,42,0,82,0,2,173,0,175,1,41,215,0,257,188,0,188,445
01/20/2015,FRG,NY,AEA,EN,Towers with Radar,1,26,21,0,48,0,10,198,0,208,1,36,219,0,256,310,0,310,566
01/21/2015,FRG,NY,AEA,EN,Towers with Radar,0,17,24,0,41,0,6,151,0,157,0,23,175,0,198,246,0,246,444
01/22/2015,FRG,NY,AEA,EN,Towers with Radar,0,18,28,0,46,0,1,229,0,230,0,19,257,0,276,306,0,306,582
01/23/2015,FRG,NY,AEA,EN,Towers with Radar,0,16,28,0,44,0,1,293,0,294,0,17,321,0,338,360,0,360,698
01/24/2015,FRG,NY,AEA,EN,Towers with Radar,0,17,9,0,26,0,0,5,0,5,0,17,14,0,31,0,0,0,31
01/25/2015,FRG,NY,AEA,EN,Towers with Radar,0,26,37,0,63,0,0,268,0,268,0,26,305,0,331,244,0,244,575
01/26/2015,FRG,NY,AEA,EN,Towers with Radar,0,10,15,0,25,0,0,6,0,6,0,10,21,0,31,0,0,0,31
01/27/2015,FRG,NY,AEA,EN,Towers with Radar,0,2,1,0,3,0,0,6,0,6,0,2,7,0,9,2,0,2,11
01/28/2015,FRG,NY,AEA,EN,Towers with Radar,1,22,22,0,45,0,0,67,0,67,1,22,89,0,112,28,0,28,140
01/29/2015,FRG,NY,AEA,EN,Towers with Radar,1,25,29,0,55,0,0,175,0,175,1,25,204,0,230,110,0,110,340
01/30/2015,FRG,NY,AEA,EN,Towers with Radar,1,20,24,0,45,0,0,68,0,68,1,20,92,0,113,44,0,44,157
01/31/2015,FRG,NY,AEA,EN,Towers with Radar,2,16,15,0,33,0,1,33,0,34,2,17,48,0,67,40,0,40,107
02/01/2015,FRG,NY,AEA,EN,Towers with Radar,0,37,42,0,79,0,0,234,0,234,0,37,276,0,313,326,0,326,639
02/02/2015,FRG,NY,AEA,EN,Towers with Radar,0,9,11,0,20,0,0,11,0,11,0,9,22,0,31,0,0,0,31
02/03/2015,FRG,NY,AEA,EN,Towers with Radar,1,11,21,1,34,0,1,71,2,74,1,12,92,3,108,0,0,0,108
02/04/2015,FRG,NY,AEA,EN,Towers with Radar,1,14,17,0,32,0,4,195,0,199,1,18,212,0,231,230,0,230,461
02/05/2015,FRG,NY,AEA,EN,Towers with Radar,0,26,20,0,46,0,3,56,0,59,0,29,76,0,105,18,0,18,123
02/06/2015,FRG,NY,AEA,EN,Towers with Radar,0,28,33,0,61,0,7,241,0,248,0,35,274,0,309,328,0,328,637
02/07/2015,FRG,NY,AEA,EN,Towers with Radar,0,11,25,0,36,0,4,158,1,163,0,15,183,1,199,310,0,310,509
02/08/2015,FRG,NY,AEA,EN,Towers with Radar,1,30,26,3,60,0,0,2,0,2,1,30,28,3,62,0,0,0,62
02/09/2015,FRG,NY,AEA,EN,Towers with Radar,1,7,11,0,19,0,0,18,0,18,1,7,29,0,37,10,0,10,47
02/10/2015,FRG,NY,AEA,EN,Towers with Radar,0,12,30,0,42,0,3,147,0,150,0,15,177,0,192,110,0,110,302
02/11/2015,FRG,NY,AEA,EN,Towers with Radar,2,36,41,0,79,0,9,269,1,279,2,45,310,1,358,324,0,324,682
02/12/2015,FRG,NY,AEA,EN,Towers with Radar,0,28,38,0,66,0,0,62,0,62,0,28,100,0,128,137,0,137,265
02/13/2015,FRG,NY,AEA,EN,Towers with Radar,0,53,53,0,106,0,2,170,0,172,0,55,223,0,278,142,0,142,420
02/14/2015,FRG,NY,AEA,EN,Towers with Radar,0,31,13,0,44,0,0,111,0,111,0,31,124,0,155,202,0,202,357
02/15/2015,FRG,NY,AEA,EN,Towers with Radar,0,12,21,0,33,0,1,8,3,12,0,13,29,3,45,6,0,6,51
02/16/2015,FRG,NY,AEA,EN,Towers with Radar,1,49,46,0,96,0,3,143,0,146,1,52,189,0,242,166,0,166,408
02/17/2015,FRG,NY,AEA,EN,Towers with Radar,0,11,21,0,32,0,0,48,1,49,0,11,69,1,81,46,0,46,127
02/18/2015,FRG,NY,AEA,EN,Towers with Radar,2,16,24,1,43,0,1,176,0,177,2,17,200,1,220,362,0,362,582
02/19/2015,FRG,NY,AEA,EN,Towers with Radar,1,27,30,0,58,0,2,91,0,93,1,29,121,0,151,112,0,112,263
02/20/2015,FRG,NY,AEA,EN,Towers with Radar,1,23,16,0,40,0,3,150,0,153,1,26,166,0,193,126,0,126,319
02/21/2015,FRG,NY,AEA,EN,Towers with Radar,0,15,19,0,34,0,3,122,0,125,0,18,141,0,159,232,0,232,391
02/22/2015,FRG,NY,AEA,EN,Towers with Radar,2,37,31,0,70,0,0,119,0,119,2,37,150,0,189,198,0,198,387
02/23/2015,FRG,NY,AEA,EN,Towers with Radar,0,27,38,0,65,0,0,141,0,141,0,27,179,0,206,118,0,118,324
02/24/2015,FRG,NY,AEA,EN,Towers with Radar,0,15,25,0,40,0,2,180,0,182,0,17,205,0,222,298,0,298,520
02/25/2015,FRG,NY,AEA,EN,Towers with Radar,0,22,22,0,44,0,4,263,0,267,0,26,285,0,311,234,0,234,545
02/26/2015,FRG,NY,AEA,EN,Towers with Radar,0,15,33,0,48,0,5,141,0,146,0,20,174,0,194,298,0,298,492
02/27/2015,FRG,NY,AEA,EN,Towers with Radar,3,26,35,0,64,0,10,316,0,326,3,36,351,0,390,360,0,360,750
02/28/2015,FRG,NY,AEA,EN,Towers with Radar,4,20,28,0,52,0,4,307,0,311,4,24,335,0,363,452,0,452,815
03/01/2015,FRG,NY,AEA,EN,Towers with Radar,0,29,25,0,54,0,0,37,0,37,0,29,62,0,91,146,0,146,237
03/02/2015,FRG,NY,AEA,EN,Towers with Radar,3,24,22,0,49,0,0,142,0,142,3,24,164,0,191,98,0,98,289
03/03/2015,FRG,NY,AEA,EN,Towers with Radar,0,14,24,0,38,0,1,143,0,144,0,15,167,0,182,240,0,240,422
03/04/2015,FRG,NY,AEA,EN,Towers with Radar,2,28,38,0,68,0,1,31,0,32,2,29,69,0,100,0,0,0,100
03/05/2015,FRG,NY,AEA,EN,Towers with Radar,0,9,5,0,14,0,0,6,0,6,0,9,11,0,20,4,0,4,24
03/06/2015,FRG,NY,AEA,EN,Towers with Radar,4,29,50,0,83,0,7,163,0,170,4,36,213,0,253,230,0,230,483
03/07/2015,FRG,NY,AEA,EN,Towers with Radar,1,11,31,0,43,0,4,306,0,310,1,15,337,0,353,344,0,344,697
03/08/2015,FRG,NY,AEA,EN,Towers with Radar,0,37,41,0,78,0,0,331,0,331,0,37,372,0,409,254,0,254,663
03/09/2015,FRG,NY,AEA,EN,Towers with Radar,1,19,42,0,62,0,12,234,1,247,1,31,276,1,309,292,0,292,601
03/10/2015,FRG,NY,AEA,EN,Towers with Radar,4,20,34,0,58,0,5,177,0,182,4,25,211,0,240,310,0,310,550
03/11/2015,FRG,NY,AEA,EN,Towers with Radar,0,29,31,0,60,0,6,238,1,245,0,35,269,1,305,370,0,370,675
03/12/2015,FRG,NY,AEA,EN,Towers with Radar,0,31,35,0,66,0,4,251,0,255,0,35,286,0,321,182,0,182,503
03/13/2015,FRG,NY,AEA,EN,Towers with Radar,2,23,34,2,61,0,12,323,0,335,2,35,357,2,396,398,0,398,794
03/14/2015,FRG,NY,AEA,EN,Towers with Radar,1,23,21,0,45,0,0,3,0,3,1,23,24,0,48,0,0,0,48
03/15/2015,FRG,NY,AEA,EN,Towers with Radar,0,34,43,0,77,0,0,171,0,171,0,34,214,0,248,112,0,112,360
03/16/2015,FRG,NY,AEA,EN,Towers with Radar,2,28,29,0,59,0,6,290,6,302,2,34,319,6,361,356,0,356,717
03/17/2015,FRG,NY,AEA,EN,Towers with Radar,0,23,24,0,47,0,0,88,0,88,0,23,112,0,135,148,0,148,283
03/18/2015,FRG,NY,AEA,EN,Towers with Radar,0,19,40,1,60,0,3,149,0,152,0,22,189,1,212,92,0,92,304
03/19/2015,FRG,NY,AEA,EN,Towers with Radar,0,26,27,0,53,0,6,344,0,350,0,32,371,0,403,332,0,332,735
03/20/2015,FRG,NY,AEA,EN,Towers with Radar,0,20,30,0,50,0,4,74,2,80,0,24,104,2,130,154,10,164,294
03/21/2015,FRG,NY,AEA,EN,Towers with Radar,0,21,26,0,47,0,0,159,0,159,0,21,185,0,206,266,0,266,472
03/22/2015,FRG,NY,AEA,EN,Towers with Radar,0,26,55,0,81,0,2,339,0,341,0,28,394,0,422,234,0,234,656
03/23/2015,FRG,NY,AEA,EN,Towers with Radar,0,20,29,1,50,0,5,206,1,212,0,25,235,2,262,310,0,310,572
03/24/2015,FRG,NY,AEA,EN,Towers with Radar,2,20,47,0,69,0,7,336,0,343,2,27,383,0,412,328,0,328,740
03/25/2015,FRG,NY,AEA,EN,Towers with Radar,0,22,26,0,48,0,6,213,0,219,0,28,239,0,267,222,0,222,489
03/26/2015,FRG,NY,AEA,EN,Towers with Radar,1,14,31,0,46,0,0,0,0,0,1,14,31,0,46,0,0,0,46
03/27/2015,FRG,NY,AEA,EN,Towers with Radar,0,39,37,0,76,0,7,166,1,174,0,46,203,1,250,352,0,352,602
03/28/2015,FRG,NY,AEA,EN,Towers with Radar,0,23,26,0,49,0,0,20,0,20,0,23,46,0,69,16,0,16,85
03/29/2015,FRG,NY,AEA,EN,Towers with Radar,0,44,59,1,104,0,0,461,0,461,0,44,520,1,565,308,0,308,873
03/30/2015,FRG,NY,AEA,EN,Towers with Radar,0,23,20,0,43,0,2,172,0,174,0,25,192,0,217,220,0,220,437
03/31/2015,FRG,NY,AEA,EN,Towers with Radar,0,23,34,1,58,0,1,154,1,156,0,24,188,2,214,240,0,240,454
04/01/2015,FRG,NY,AEA,EN,Towers with Radar,1,31,43,1,76,0,7,309,2,318,1,38,352,3,394,442,0,442,836
04/02/2015,FRG,NY,AEA,EN,Towers with Radar,0,45,45,0,90,0,5,189,0,194,0,50,234,0,284,92,0,92,376
04/03/2015,FRG,NY,AEA,EN,Towers with Radar,0,19,37,0,56,0,2,39,0,41,0,21,76,0,97,114,0,114,211
04/04/2015,FRG,NY,AEA,EN,Towers with Radar,1,30,26,0,57,0,1,60,0,61,1,31,86,0,118,12,0,12,130
04/05/2015,FRG,NY,AEA,EN,Towers with Radar,0,24,29,0,53,0,0,208,0,208,0,24,237,0,261,214,0,214,475
04/06/2015,FRG,NY,AEA,EN,Towers with Radar,0,21,49,0,70,0,6,341,0,347,0,27,390,0,417,264,0,264,681
04/07/2015,FRG,NY,AEA,EN,Towers with Radar,0,29,58,0,87,0,1,80,0,81,0,30,138,0,168,300,0,300,468
04/08/2015,FRG,NY,AEA,EN,Towers with Radar,0,23,30,0,53,0,4,120,0,124,0,27,150,0,177,108,0,108,285
04/09/2015,FRG,NY,AEA,EN,Towers with Radar,2,26,70,3,101,0,1,14,0,15,2,27,84,3,116,10,12,22,138
04/10/2015,FRG,NY,AEA,EN,Towers with Radar,0,21,68,0,89,0,0,14,0,14,0,21,82,0,103,8,0,8,111
04/11/2015,FRG,NY,AEA,EN,Towers with Radar,1,25,38,0,64,0,2,274,0,276,1,27,312,0,340,212,0,212,552
04/12/2015,FRG,NY,AEA,EN,Towers with Radar,0,54,64,0,118,0,1,465,0,466,0,55,529,0,584,371,0,371,955
04/13/2015,FRG,NY,AEA,EN,Towers with Radar,1,6,17,0,24,0,6,286,0,292,1,12,303,0,316,338,0,338,654
04/14/2015,FRG,NY,AEA,EN,Towers with Radar,1,17,26,0,44,0,5,234,0,239,1,22,260,0,283,388,0,388,671
04/15/2015,FRG,NY,AEA,EN,Towers with Radar,0,36,37,0,73,0,2,315,0,317,0,38,352,0,390,178,0,178,568
04/16/2015,FRG,NY,AEA,EN,Towers with Radar,1,34,32,0,67,0,7,383,0,390,1,41,415,0,457,418,0,418,875
04/17/2015,FRG,NY,AEA,EN,Towers with Radar,0,37,50,0,87,0,3,90,0,93,0,40,140,0,180,142,0,142,322
04/18/2015,FRG,NY,AEA,EN,Towers with Radar,1,29,37,0,67,0,2,424,0,426,1,31,461,0,493,369,0,369,862
04/19/2015,FRG,NY,AEA,EN,Towers with Radar,2,47,42,0,91,0,1,456,0,457,2,48,498,0,548,351,0,351,899
04/20/2015,FRG,NY,AEA,EN,Towers with Radar,0,17,23,0,40,0,0,4,0,4,0,17,27,0,44,2,0,2,46
04/21/2015,FRG,NY,AEA,EN,Towers with Radar,0,36,36,0,72,0,7,218,0,225,0,43,254,0,297,228,0,228,525
04/22/2015,FRG,NY,AEA,EN,Towers with Radar,1,22,29,0,52,0,6,164,0,170,1,28,193,0,222,109,0,109,331
04/23/2015,FRG,NY,AEA,EN,Towers with Radar,0,20,29,0,49,0,2,243,1,246,0,22,272,1,295,263,0,263,558
04/24/2015,FRG,NY,AEA,EN,Towers with Radar,1,33,36,0,70,0,0,246,0,246,1,33,282,0,316,122,0,122,438
04/25/2015,FRG,NY,AEA,EN,Towers with Radar,2,22,38,0,62,0,5,381,2,388,2,27,419,2,450,420,0,420,870
04/26/2015,FRG,NY,AEA,EN,Towers with Radar,3,56,85,1,145,0,1,414,1,416,3,57,499,2,561,364,0,364,925
04/27/2015,FRG,NY,AEA,EN,Towers with Radar,0,26,55,0,81,0,7,229,0,236,0,33,284,0,317,330,0,330,647
04/28/2015,FRG,NY,AEA,EN,Towers with Radar,1,31,34,0,66,0,6,293,0,299,1,37,327,0,365,344,0,344,709
04/29/2015,FRG,NY,AEA,EN,Towers with Radar,0,27,32,0,59,0,7,397,1,405,0,34,429,1,464,376,0,376,840
04/30/2015,FRG,NY,AEA,EN,Towers with Radar,0,41,57,2,100,0,7,289,0,296,0,48,346,2,396,310,0,310,706
05/01/2015,FRG,NY,AEA,EN,Towers with Radar,0,40,42,0,82,0,5,250,21,276,0,45,292,21,358,456,0,456,814
05/02/2015,FRG,NY,AEA,EN,Towers with Radar,0,14,36,0,50,0,5,395,0,400,0,19,431,0,450,400,0,400,850
05/03/2015,FRG,NY,AEA,EN,Towers with Radar,0,35,37,0,72,0,1,410,0,411,0,36,447,0,483,298,0,298,781
05/04/2015,FRG,NY,AEA,EN,Towers with Radar,0,20,54,0,74,0,7,166,0,173,0,27,220,0,247,142,0,142,389
05/05/2015,FRG,NY,AEA,EN,Towers with Radar,0,16,46,2,64,0,4,236,0,240,0,20,282,2,304,302,0,302,606
05/06/2015,FRG,NY,AEA,EN,Towers with Radar,0,21,38,0,59,0,2,270,1,273,0,23,308,1,332,304,0,304,636
05/07/2015,FRG,NY,AEA,EN,Towers with Radar,0,26,43,0,69,0,14,359,0,373,0,40,402,0,442,228,0,228,670
05/08/2015,FRG,NY,AEA,EN,Towers with Radar,0,41,34,0,75,0,1,281,2,284,0,42,315,2,359,453,0,453,812
05/09/2015,FRG,NY,AEA,EN,Towers with Radar,0,23,50,0,73,0,0,6,0,6,0,23,56,0,79,7,0,7,86
05/10/2015,FRG,NY,AEA,EN,Towers with Radar,0,34,62,0,96,0,0,197,0,197,0,34,259,0,293,372,0,372,665
05/11/2015,FRG,NY,AEA,EN,Towers with Radar,0,35,41,0,76,0,1,120,0,121,0,36,161,0,197,166,0,166,363
05/12/2015,FRG,NY,AEA,EN,Towers with Radar,0,18,38,0,56,0,4,158,0,162,0,22,196,0,218,152,0,152,370
05/13/2015,FRG,NY,AEA,EN,Towers with Radar,0,29,27,0,56,0,7,250,0,257,0,36,277,0,313,262,0,262,575
05/14/2015,FRG,NY,AEA,EN,Towers with Radar,0,37,39,0,76,0,20,367,0,387,0,57,406,0,463,390,0,390,853
05/15/2015,FRG,NY,AEA,EN,Towers with Radar,0,29,36,0,65,0,5,351,0,356,0,34,387,0,421,366,0,366,787
05/16/2015,FRG,NY,AEA,EN,Towers with Radar,0,29,45,0,74,0,0,132,0,132,0,29,177,0,206,200,0,200,406
05/17/2015,FRG,NY,AEA,EN,Towers with Radar,0,48,59,0,107,0,0,276,0,276,0,48,335,0,383,216,0,216,599
05/18/2015,FRG,NY,AEA,EN,Towers with Radar,0,30,58,0,88,0,0,49,0,49,0,30,107,0,137,106,0,106,243
05/19/2015,FRG,NY,AEA,EN,Towers with Radar,0,32,34,0,66,0,0,61,0,61,0,32,95,0,127,10,0,10,137
05/20/2015,FRG,NY,AEA,EN,Towers with Radar,0,34,47,0,81,0,4,292,1,297,0,38,339,1,378,174,0,174,552
05/21/2015,FRG,NY,AEA,EN,Towers with Radar,1,34,41,0,76,0,6,377,0,383,1,40,418,0,459,214,0,214,673
05/22/2015,FRG,NY,AEA,EN,Towers with Radar,0,32,49,0,81,0,1,431,0,432,0,33,480,0,513,176,0,176,689
05/23/2015,FRG,NY,AEA,EN,Towers with Radar,0,3,20,0,23,0,2,417,1,420,0,5,437,1,443,92,0,92,535
05/24/2015,FRG,NY,AEA,EN,Towers with Radar,0,16,22,0,38,0,4,637,0,641,0,20,659,0,679,102,0,102,781
05/25/2015,FRG,NY,AEA,EN,Towers with Radar,0,40,46,0,86,0,1,420,1,422,0,41,466,1,508,146,0,146,654
05/26/2015,FRG,NY,AEA,EN,Towers with Radar,0,24,30,0,54,0,1,298,0,299,0,25,328,0,353,318,0,318,671
05/27/2015,FRG,NY,AEA,EN,Towers with Radar,0,18,61,5,84,0,4,99,1,104,0,22,160,6,188,98,0,98,286
05/28/2015,FRG,NY,AEA,EN,Towers with Radar,0,25,49,0,74,0,1,84,0,85,0,26,133,0,159,87,0,87,246
05/29/2015,FRG,NY,AEA,EN,Towers with Radar,0,28,29,0,57,0,3,454,0,457,0,31,483,0,514,506,0,506,1020
05/30/2015,FRG,NY,AEA,EN,Towers with Radar,0,21,40,0,61,0,0,332,0,332,0,21,372,0,393,198,0,198,591
05/31/2015,FRG,NY,AEA,EN,Towers with Radar,0,25,47,0,72,0,0,178,0,178,0,25,225,0,250,354,0,354,604
06/01/2015,FRG,NY,AEA,EN,Towers with Radar,0,19,30,2,51,0,0,0,0,0,0,19,30,2,51,0,0,0,51
06/02/2015,FRG,NY,AEA,EN,Towers with Radar,0,26,59,0,85,0,1,5,0,6,0,27,64,0,91,0,0,0,91
06/03/2015,FRG,NY,AEA,EN,Towers with Radar,0,25,56,0,81,0,7,405,2,414,0,32,461,2,495,362,0,362,857
06/04/2015,FRG,NY,AEA,EN,Towers with Radar,0,21,50,0,71,0,8,307,0,315,0,29,357,0,386,394,0,394,780
06/05/2015,FRG,NY,AEA,EN,Towers with Radar,0,29,53,0,82,0,3,181,0,184,0,32,234,0,266,500,0,500,766
06/06/2015,FRG,NY,AEA,EN,Towers with Radar,0,20,74,0,94,0,0,279,0,279,0,20,353,0,373,244,0,244,617
06/07/2015,FRG,NY,AEA,EN,Towers with Radar,0,10,58,0,68,0,0,418,0,418,0,10,476,0,486,282,0,282,768
06/08/2015,FRG,NY,AEA,EN,Towers with Radar,0,19,45,0,64,0,3,204,0,207,0,22,249,0,271,98,0,98,369
06/09/2015,FRG,NY,AEA,EN,Towers with Radar,0,20,46,0,66,0,3,95,0,98,0,23,141,0,164,132,0,132,296
06/10/2015,FRG,NY,AEA,EN,Towers with Radar,0,19,47,2,68,0,9,387,0,396,0,28,434,2,464,348,0,348,812
06/11/2015,FRG,NY,AEA,EN,Towers with Radar,0,26,44,0,70,0,8,276,1,285,0,34,320,1,355,346,0,346,701
06/12/2015,FRG,NY,AEA,EN,Towers with Radar,0,25,38,0,63,0,8,309,1,318,0,33,347,1,381,398,0,398,779
06/13/2015,FRG,NY,AEA,EN,Towers with Radar,0,29,41,0,70,0,1,339,0,340,0,30,380,0,410,372,0,372,782
06/14/2015,FRG,NY,AEA,EN,Towers with Radar,0,31,42,0,73,0,0,498,0,498,0,31,540,0,571,314,0,314,885
06/15/2015,FRG,NY,AEA,EN,Towers with Radar,0,26,41,0,67,0,0,0,0,0,0,26,41,0,67,6,0,6,73
06/16/2015,FRG,NY,AEA,EN,Towers with Radar,1,19,58,0,78,0,1,56,0,57,1,20,114,0,135,16,0,16,151
06/17/2015,FRG,NY,AEA,EN,Towers with Radar,0,26,43,0,69,0,13,384,0,397,0,39,427,0,466,456,0,456,922
06/18/2015,FRG,NY,AEA,EN,Towers with Radar,1,28,55,0,84,0,2,211,0,213,1,30,266,0,297,376,0,376,673
06/19/2015,FRG,NY,AEA,EN,Towers with Radar,0,30,20,0,50,0,5,299,0,304,0,35,319,0,354,504,0,504,858
06/20/2015,FRG,NY,AEA,EN,Towers with Radar,0,28,74,0,102,0,0,129,0,129,0,28,203,0,231,160,0,160,391
06/21/2015,FRG,NY,AEA,EN,Towers with Radar,0,25,36,0,61,0,1,96,1,98,0,26,132,1,159,124,0,124,283
06/22/2015,FRG,NY,AEA,EN,Towers with Radar,0,20,32,0,52,0,7,404,0,411,0,27,436,0,463,500,0,500,963
06/23/2015,FRG,NY,AEA,EN,Towers with Radar,1,20,33,0,54,0,4,144,0,148,1,24,177,0,202,330,0,330,532
06/24/2015,FRG,NY,AEA,EN,Towers with Radar,0,34,26,0,60,0,18,331,1,350,0,52,357,1,410,442,0,442,852
06/25/2015,FRG,NY,AEA,EN,Towers with Radar,0,15,41,0,56,0,8,370,1,379,0,23,411,1,435,428,0,428,863
06/26/2015,FRG,NY,AEA,EN,Towers with Radar,0,32,46,0,78,0,1,276,1,278,0,33,322,1,356,308,0,308,664
06/27/2015,FRG,NY,AEA,EN,Towers with Radar,0,24,31,0,55,0,0,256,0,256,0,24,287,0,311,280,0,280,591
06/28/2015,FRG,NY,AEA,EN,Towers with Radar,0,46,49,0,95,0,0,32,0,32,0,46,81,0,127,62,0,62,189
06/29/2015,FRG,NY,AEA,EN,Towers with Radar,0,30,39,0,69,0,4,293,0,297,0,34,332,0,366,498,0,498,864
06/30/2015,FRG,NY,AEA,EN,Towers with Radar,0,37,30,0,67,0,4,297,0,301,0,41,327,0,368,440,0,440,808
07/01/2015,FRG,NY,AEA,EN,Towers with Radar,0,37,34,0,71,0,4,194,0,198,0,41,228,0,269,230,0,230,499
07/02/2015,FRG,NY,AEA,EN,Towers with Radar,0,36,53,0,89,0,4,366,0,370,0,40,419,0,459,362,0,362,821
07/03/2015,FRG,NY,AEA,EN,Towers with Radar,0,19,39,0,58,0,0,377,1,378,0,19,416,1,436,304,0,304,740
07/04/2015,FRG,NY,AEA,EN,Towers with Radar,0,12,19,1,32,0,0,167,0,167,0,12,186,1,199,310,0,310,509
07/05/2015,FRG,NY,AEA,EN,Towers with Radar,0,29,55,0,84,0,0,365,0,365,0,29,420,0,449,280,0,280,729
07/06/2015,FRG,NY,AEA,EN,Towers with Radar,0,32,44,0,76,0,4,282,1,287,0,36,326,1,363,444,0,444,807
07/07/2015,FRG,NY,AEA,EN,Towers with Radar,0,19,74,0,93,0,1,105,0,106,0,20,179,0,199,182,0,182,381
07/08/2015,FRG,NY,AEA,EN,Towers with Radar,0,28,39,0,67,0,6,198,0,204,0,34,237,0,271,376,0,376,647
07/09/2015,FRG,NY,AEA,EN,Towers with Radar,0,31,69,0,100,0,1,197,1,199,0,32,266,1,299,529,0,529,828
07/10/2015,FRG,NY,AEA,EN,Towers with Radar,1,36,46,0,83,0,2,422,0,424,1,38,468,0,507,366,0,366,873
07/11/2015,FRG,NY,AEA,EN,Towers with Radar,0,28,29,0,57,0,2,424,0,426,0,30,453,0,483,440,0,440,923
07/12/2015,FRG,NY,AEA,EN,Towers with Radar,0,28,46,0,74,0,1,455,0,456,0,29,501,0,530,324,0,324,854
07/13/2015,FRG,NY,AEA,EN,Towers with Radar,0,31,46,0,77,0,6,296,1,303,0,37,342,1,380,304,0,304,684
07/14/2015,FRG,NY,AEA,EN,Towers with Radar,0,21,48,0,69,0,0,120,1,121,0,21,168,1,190,264,0,264,454
07/15/2015,FRG,NY,AEA,EN,Towers with Radar,0,41,52,0,93,0,0,67,0,67,0,41,119,0,160,122,0,122,282
07/16/2015,FRG,NY,AEA,EN,Towers with Radar,0,32,49,0,81,0,10,412,0,422,0,42,461,0,503,442,0,442,945
07/17/2015,FRG,NY,AEA,EN,Towers with Radar,0,41,44,0,85,0,4,342,1,347,0,45,386,1,432,360,0,360,792
07/18/2015,FRG,NY,AEA,EN,Towers with Radar,0,26,66,3,95,0,1,46,2,49,0,27,112,5,144,24,0,24,168
07/19/2015,FRG,NY,AEA,EN,Towers with Radar,0,38,48,0,86,0,3,13,0,16,0,41,61,0,102,0,0,0,102
07/20/2015,FRG,NY,AEA,EN,Towers with Radar,0,23,37,0,60,0,7,302,0,309,0,30,339,0,369,372,0,372,741
07/21/2015,FRG,NY,AEA,EN,Towers with Radar,0,29,37,1,67,0,11,261,0,272,0,40,298,1,339,184,0,184,523
07/22/2015,FRG,NY,AEA,EN,Towers with Radar,0,22,48,0,70,0,5,339,0,344,0,27,387,0,414,390,0,390,804
07/23/2015,FRG,NY,AEA,EN,Towers with Radar,0,46,51,0,97,0,9,373,0,382,0,55,424,0,479,380,0,380,859
07/24/2015,FRG,NY,AEA,EN,Towers with Radar,0,37,56,0,93,0,2,367,0,369,0,39,423,0,462,428,0,428,890
07/25/2015,FRG,NY,AEA,EN,Towers with Radar,0,15,29,0,44,0,2,417,0,419,0,17,446,0,463,374,0,374,837
07/26/2015,FRG,NY,AEA,EN,Towers with Radar,0,48,56,1,105,0,3,309,0,312,0,51,365,1,417,228,0,228,645
07/27/2015,FRG,NY,AEA,EN,Towers with Radar,2,28,54,0,84,0,3,253,0,256,2,31,307,0,340,390,0,390,730
07/28/2015,FRG,NY,AEA,EN,Towers with Radar,0,23,38,0,61,0,5,315,1,321,0,28,353,1,382,473,0,473,855
07/29/2015,FRG,NY,AEA,EN,Towers with Radar,0,29,34,0,63,0,5,306,0,311,0,34,340,0,374,500,0,500,874
07/30/2015,FRG,NY,AEA,EN,Towers with Radar,0,28,38,0,66,0,2,144,1,147,0,30,182,1,213,194,0,194,407
07/31/2015,FRG,NY,AEA,EN,Towers with Radar,0,22,34,0,56,0,3,381,0,384,0,25,415,0,440,434,0,434,874
08/01/2015,FRG,NY,AEA,EN,Towers with Radar,0,31,32,0,63,0,0,386,0,386,0,31,418,0,449,222,0,222,671
08/02/2015,FRG,NY,AEA,EN,Towers with Radar,0,28,44,0,72,0,3,364,0,367,0,31,408,0,439,334,0,334,773
08/03/2015,FRG,NY,AEA,EN,Towers with Radar,0,21,31,0,52,0,3,374,0,377,0,24,405,0,429,277,0,277,706
08/04/2015,FRG,NY,AEA,EN,Towers with Radar,0,30,37,0,67,0,7,303,0,310,0,37,340,0,377,294,0,294,671
08/05/2015,FRG,NY,AEA,EN,Towers with Radar,0,32,33,0,65,0,4,366,1,371,0,36,399,1,436,426,0,426,862
08/06/2015,FRG,NY,AEA,EN,Towers with Radar,0,35,53,0,88,0,12,362,1,375,0,47,415,1,463,464,0,464,927
08/07/2015,FRG,NY,AEA,EN,Towers with Radar,0,34,34,0,68,0,6,376,1,383,0,40,410,1,451,272,0,272,723
08/08/2015,FRG,NY,AEA,EN,Towers with Radar,0,20,24,0,44,0,0,363,0,363,0,20,387,0,407,280,0,280,687
08/09/2015,FRG,NY,AEA,EN,Towers with Radar,0,30,41,0,71,0,1,428,0,429,0,31,469,0,500,222,0,222,722
08/10/2015,FRG,NY,AEA,EN,Towers with Radar,0,43,30,1,74,0,3,286,0,289,0,46,316,1,363,430,0,430,793
08/11/2015,FRG,NY,AEA,EN,Towers with Radar,1,31,42,0,74,0,0,23,0,23,1,31,65,0,97,8,0,8,105
08/12/2015,FRG,NY,AEA,EN,Towers with Radar,0,31,38,0,69,0,13,329,0,342,0,44,367,0,411,474,0,474,885
08/13/2015,FRG,NY,AEA,EN,Towers with Radar,0,39,31,0,70,0,8,346,0,354,0,47,377,0,424,386,0,386,810
08/14/2015,FRG,NY,AEA,EN,Towers with Radar,0,29,43,0,72,0,4,320,0,324,0,33,363,0,396,351,0,351,747
08/15/2015,FRG,NY,AEA,EN,Towers with Radar,0,31,30,0,61,0,2,383,0,385,0,33,413,0,446,316,0,316,762
08/16/2015,FRG,NY,AEA,EN,Towers with Radar,0,36,46,1,83,0,4,372,0,376,0,40,418,1,459,224,0,224,683
08/17/2015,FRG,NY,AEA,EN,Towers with Radar,0,20,29,0,49,0,9,292,0,301,0,29,321,0,350,300,0,300,650
08/18/2015,FRG,NY,AEA,EN,Towers with Radar,0,24,37,0,61,0,6,283,0,289,0,30,320,0,350,248,0,248,598
08/19/2015,FRG,NY,AEA,EN,Towers with Radar,0,32,58,0,90,0,4,208,2,214,0,36,266,2,304,246,0,246,550
08/20/2015,FRG,NY,AEA,EN,Towers with Radar,0,49,79,0,128,0,1,169,1,171,0,50,248,1,299,260,0,260,559
08/21/2015,FRG,NY,AEA,EN,Towers with Radar,0,23,51,0,74,0,1,178,0,179,0,24,229,0,253,190,0,190,443
08/22/2015,FRG,NY,AEA,EN,Towers with Radar,0,25,37,0,62,0,1,396,0,397,0,26,433,0,459,320,0,320,779
08/23/2015,FRG,NY,AEA,EN,Towers with Radar,0,33,46,0,79,1,5,226,0,232,1,38,272,0,311,258,0,258,569
08/24/2015,FRG,NY,AEA,EN,Towers with Radar,0,19,19,0,38,0,7,270,1,278,0,26,289,1,316,364,0,364,680
08/25/2015,FRG,NY,AEA,EN,Towers with Radar,0,31,38,0,69,0,6,239,0,245,0,37,277,0,314,378,0,378,692
08/26/2015,FRG,NY,AEA,EN,Towers with Radar,1,19,41,0,61,2,4,339,1,346,3,23,380,1,407,454,0,454,861
08/27/2015,FRG,NY,AEA,EN,Towers with Radar,2,30,47,2,81,0,4,334,1,339,2,34,381,3,420,274,0,274,694
08/28/2015,FRG,NY,AEA,EN,Towers with Radar,0,24,37,0,61,0,4,366,0,370,0,28,403,0,431,344,0,344,775
08/29/2015,FRG,NY,AEA,EN,Towers with Radar,0,24,22,0,46,0,3,340,0,343,0,27,362,0,389,364,0,364,753
08/30/2015,FRG,NY,AEA,EN,Towers with Radar,0,31,28,0,59,0,0,368,0,368,0,31,396,0,427,446,0,446,873
08/31/2015,FRG,NY,AEA,EN,Towers with Radar,0,23,28,0,51,0,4,278,0,282,0,27,306,0,333,324,0,324,657
09/01/2015,FRG,NY,AEA,EN,Towers with Radar,0,23,15,0,38,0,7,267,0,274,0,30,282,0,312,364,0,364,676
09/02/2015,FRG,NY,AEA,EN,Towers with Radar,0,51,62,0,113,0,4,296,0,300,0,55,358,0,413,302,0,302,715
09/03/2015,FRG,NY,AEA,EN,Towers with Radar,0,35,38,0,73,0,6,289,0,295,0,41,327,0,368,410,0,410,778
09/04/2015,FRG,NY,AEA,EN,Towers with Radar,0,47,52,0,99,0,0,245,0,245,0,47,297,0,344,340,0,340,684
09/05/2015,FRG,NY,AEA,EN,Towers with Radar,0,16,33,0,49,0,5,468,0,473,0,21,501,0,522,272,0,272,794
09/06/2015,FRG,NY,AEA,EN,Towers with Radar,0,29,32,0,61,0,1,329,0,330,0,30,361,0,391,267,0,267,658
09/07/2015,FRG,NY,AEA,EN,Towers with Radar,0,19,36,0,55,0,4,304,0,308,0,23,340,0,363,288,0,288,651
09/08/2015,FRG,NY,AEA,EN,Towers with Radar,0,20,37,0,57,0,4,255,0,259,0,24,292,0,316,290,0,290,606
09/09/2015,FRG,NY,AEA,EN,Towers with Radar,0,30,69,0,99,0,5,211,0,216,0,35,280,0,315,186,0,186,501
09/10/2015,FRG,NY,AEA,EN,Towers with Radar,0,24,45,0,69,0,1,25,0,26,0,25,70,0,95,8,0,8,103
09/11/2015,FRG,NY,AEA,EN,Towers with Radar,0,40,56,2,98,0,3,189,0,192,0,43,245,2,290,264,0,264,554
09/12/2015,FRG,NY,AEA,EN,Towers with Radar,0,29,33,0,62,0,1,198,0,199,0,30,231,0,261,274,0,274,535
09/13/2015,FRG,NY,AEA,EN,Towers with Radar,0,24,43,4,71,0,1,190,0,191,0,25,233,4,262,358,0,358,620
09/14/2015,FRG,NY,AEA,EN,Towers with Radar,0,28,27,2,57,0,7,306,4,317,0,35,333,6,374,239,0,239,613
09/15/2015,FRG,NY,AEA,EN,Towers with Radar,0,41,66,0,107,0,10,416,0,426,0,51,482,0,533,352,0,352,885
09/16/2015,FRG,NY,AEA,EN,Towers with Radar,0,29,36,0,65,0,5,374,0,379,0,34,410,0,444,468,0,468,912
09/17/2015,FRG,NY,AEA,EN,Towers with Radar,0,27,30,0,57,0,2,363,0,365,0,29,393,0,422,424,0,424,846
09/18/2015,FRG,NY,AEA,EN,Towers with Radar,0,29,38,0,67,0,12,406,0,418,0,41,444,0,485,482,0,482,967
09/19/2015,FRG,NY,AEA,EN,Towers with Radar,0,23,41,0,64,0,4,384,0,388,0,27,425,0,452,332,0,332,784
09/20/2015,FRG,NY,AEA,EN,Towers with Radar,0,22,49,0,71,0,2,370,0,372,0,24,419,0,443,274,0,274,717
09/21/2015,FRG,NY,AEA,EN,Towers with Radar,0,24,30,0,54,0,8,261,0,269,0,32,291,0,323,390,0,390,713
09/22/2015,FRG,NY,AEA,EN,Towers with Radar,0,22,39,0,61,0,6,309,0,315,0,28,348,0,376,376,0,376,752
09/23/2015,FRG,NY,AEA,EN,Towers with Radar,0,23,32,2,57,0,5,289,1,295,0,28,321,3,352,392,0,392,744
09/24/2015,FRG,NY,AEA,EN,Towers with Radar,0,30,33,0,63,0,12,287,1,300,0,42,320,1,363,300,0,300,663
09/25/2015,FRG,NY,AEA,EN,Towers with Radar,1,29,48,0,78,0,13,301,0,314,1,42,349,0,392,6,0,6,398
09/26/2015,FRG,NY,AEA,EN,Towers with Radar,1,33,41,0,75,0,10,292,1,303,1,43,333,1,378,8,0,8,386
09/27/2015,FRG,NY,AEA,EN,Towers with Radar,1,54,54,0,109,0,5,350,0,355,1,59,404,0,464,18,0,18,482
09/28/2015,FRG,NY,AEA,EN,Towers with Radar,0,26,36,0,62,0,10,163,0,173,0,36,199,0,235,4,0,4,239
09/29/2015,FRG,NY,AEA,EN,Towers with Radar,0,22,63,0,85,0,1,50,0,51,0,23,113,0,136,16,0,16,152
09/30/2015,FRG,NY,AEA,EN,Towers with Radar,0,18,57,0,75,0,0,30,0,30,0,18,87,0,105,0,0,0,105
10/01/2015,FRG,NY,AEA,EN,Towers with Radar,1,36,45,0,82,0,1,116,0,117,1,37,161,0,199,184,0,184,383
10/02/2015,FRG,NY,AEA,EN,Towers with Radar,0,28,26,0,54,0,1,20,0,21,0,29,46,0,75,30,0,30,105
10/03/2015,FRG,NY,AEA,EN,Towers with Radar,0,22,8,0,30,0,0,8,1,9,0,22,16,1,39,0,0,0,39
10/04/2015,FRG,NY,AEA,EN,Towers with Radar,1,34,28,0,63,0,2,85,0,87,1,36,113,0,150,74,0,74,224
10/05/2015,FRG,NY,AEA,EN,Towers with Radar,0,24,22,0,46,0,5,228,1,234,0,29,250,1,280,280,0,280,560
10/06/2015,FRG,NY,AEA,EN,Towers with Radar,1,22,22,0,45,0,5,406,0,411,1,27,428,0,456,392,0,392,848
10/07/2015,FRG,NY,AEA,EN,Towers with Radar,1,21,32,0,54,0,7,354,0,361,1,28,386,0,415,374,0,374,789
10/08/2015,FRG,NY,AEA,EN,Towers with Radar,1,27,55,0,83,0,9,402,0,411,1,36,457,0,494,348,0,348,842
10/09/2015,FRG,NY,AEA,EN,Towers with Radar,0,37,51,0,88,0,5,170,1,176,0,42,221,1,264,134,0,134,398
10/10/2015,FRG,NY,AEA,EN,Towers with Radar,0,19,46,0,65,0,5,400,0,405,0,24,446,0,470,336,0,336,806
10/11/2015,FRG,NY,AEA,EN,Towers with Radar,0,22,18,0,40,0,1,372,0,373,0,23,390,0,413,302,0,302,715
10/12/2015,FRG,NY,AEA,EN,Towers with Radar,0,33,35,0,68,0,8,391,0,399,0,41,426,0,467,398,0,398,865
10/13/2015,FRG,NY,AEA,EN,Towers with Radar,1,11,36,0,48,0,2,189,0,191,1,13,225,0,239,424,0,424,663
10/14/2015,FRG,NY,AEA,EN,Towers with Radar,0,19,31,0,50,0,7,317,0,324,0,26,348,0,374,360,0,360,734
10/15/2015,FRG,NY,AEA,EN,Towers with Radar,0,41,48,0,89,0,10,396,1,407,0,51,444,1,496,270,0,270,766
10/16/2015,FRG,NY,AEA,EN,Towers with Radar,0,14,63,0,77,0,8,305,1,314,0,22,368,1,391,228,0,228,619
10/17/2015,FRG,NY,AEA,EN,Towers with Radar,0,15,35,0,50,0,1,326,0,327,0,16,361,0,377,292,0,292,669
10/18/2015,FRG,NY,AEA,EN,Towers with Radar,2,33,48,0,83,1,0,314,0,315,3,33,362,0,398,338,0,338,736
10/19/2015,FRG,NY,AEA,EN,Towers with Radar,1,17,38,0,56,0,6,299,0,305,1,23,337,0,361,320,0,320,681
10/20/2015,FRG,NY,AEA,EN,Towers with Radar,0,13,33,0,46,0,3,348,0,351,0,16,381,0,397,277,0,277,674
10/21/2015,FRG,NY,AEA,EN,Towers with Radar,0,31,45,2,78,0,2,360,0,362,0,33,405,2,440,300,0,300,740
10/22/2015,FRG,NY,AEA,EN,Towers with Radar,1,36,35,2,74,0,5,321,0,326,1,41,356,2,400,216,0,216,616
10/23/2015,FRG,NY,AEA,EN,Towers with Radar,0,24,54,1,79,0,3,285,0,288,0,27,339,1,367,180,0,180,547
10/24/2015,FRG,NY,AEA,EN,Towers with Radar,0,17,39,0,56,0,1,324,0,325,0,18,363,0,381,344,0,344,725
10/25/2015,FRG,NY,AEA,EN,Towers with Radar,0,43,53,0,96,0,1,118,0,119,0,44,171,0,215,154,0,154,369
10/26/2015,FRG,NY,AEA,EN,Towers with Radar,0,18,46,0,64,0,3,283,1,287,0,21,329,1,351,364,0,364,715
10/27/2015,FRG,NY,AEA,EN,Towers with Radar,0,19,32,0,51,0,6,308,0,314,0,25,340,0,365,330,0,330,695
10/28/2015,FRG,NY,AEA,EN,Towers with Radar,0,23,34,0,57,0,0,23,0,23,0,23,57,0,80,26,0,26,106
10/29/2015,FRG,NY,AEA,EN,Towers with Radar,1,24,45,0,70,0,4,181,1,186,1,28,226,1,256,168,0,168,424
10/30/2015,FRG,NY,AEA,EN,Towers with Radar,0,34,44,0,78,0,9,332,0,341,0,43,376,0,419,250,0,250,669
10/31/2015,FRG,NY,AEA,EN,Towers with Radar,0,31,32,0,63,0,5,409,0,414,0,36,441,0,477,288,0,288,765
11/01/2015,FRG,NY,AEA,EN,Towers with Radar,1,32,49,0,82,0,1,243,0,244,1,33,292,0,326,222,0,222,548
11/02/2015,FRG,NY,AEA,EN,Towers with Radar,0,29,58,0,87,0,29,202,0,231,0,58,260,0,318,140,0,140,458
11/03/2015,FRG,NY,AEA,EN,Towers with Radar,0,15,21,0,36,0,8,258,0,266,0,23,279,0,302,374,0,374,676
11/04/2015,FRG,NY,AEA,EN,Towers with Radar,1,17,48,0,66,0,12,305,0,317,1,29,353,0,383,316,0,316,699
11/05/2015,FRG,NY,AEA,EN,Towers with Radar,0,35,52,0,87,0,2,69,0,71,0,37,121,0,158,134,0,134,292
11/06/2015,FRG,NY,AEA,EN,Towers with Radar,1,27,78,0,106,0,0,59,0,59,1,27,137,0,165,98,0,98,263
11/07/2015,FRG,NY,AEA,EN,Towers with Radar,0,27,39,0,66,0,7,377,0,384,0,34,416,0,450,306,0,306,756
11/08/2015,FRG,NY,AEA,EN,Towers with Radar,0,25,49,0,74,0,0,390,0,390,0,25,439,0,464,279,0,279,743
11/09/2015,FRG,NY,AEA,EN,Towers with Radar,2,16,27,0,45,0,6,359,0,365,2,22,386,0,410,348,0,348,758
11/10/2015,FRG,NY,AEA,EN,Towers with Radar,0,24,58,2,84,0,2,10,0,12,0,26,68,2,96,0,0,0,96
11/11/2015,FRG,NY,AEA,EN,Towers with Radar,0,23,46,0,69,0,3,81,0,84,0,26,127,0,153,168,0,168,321
11/12/2015,FRG,NY,AEA,EN,Towers with Radar,0,24,47,1,72,0,0,43,1,44,0,24,90,2,116,52,0,52,168
11/13/2015,FRG,NY,AEA,EN,Towers with Radar,0,24,31,1,56,0,1,93,0,94,0,25,124,1,150,16,0,16,166
11/14/2015,FRG,NY,AEA,EN,Towers with Radar,1,16,25,0,42,0,0,127,0,127,1,16,152,0,169,74,0,74,243
11/15/2015,FRG,NY,AEA,EN,Towers with Radar,0,36,40,0,76,0,0,387,0,387,0,36,427,0,463,276,0,276,739
11/16/2015,FRG,NY,AEA,EN,Towers with Radar,1,21,35,0,57,0,10,356,0,366,1,31,391,0,423,352,0,352,775
11/17/2015,FRG,NY,AEA,EN,Towers with Radar,0,13,42,0,55,0,7,366,2,375,0,20,408,2,430,452,0,452,882
11/18/2015,FRG,NY,AEA,EN,Towers with Radar,0,26,48,0,74,0,8,276,0,284,0,34,324,0,358,468,0,468,826
11/19/2015,FRG,NY,AEA,EN,Towers with Radar,0,28,28,0,56,0,2,47,0,49,0,30,75,0,105,88,0,88,193
11/20/2015,FRG,NY,AEA,EN,Towers with Radar,0,40,48,0,88,0,12,343,0,355,0,52,391,0,443,344,0,344,787
11/21/2015,FRG,NY,AEA,EN,Towers with Radar,1,15,47,0,63,0,4,394,0,398,1,19,441,0,461,376,0,376,837
11/22/2015,FRG,NY,AEA,EN,Towers with Radar,0,28,32,0,60,0,0,267,0,267,0,28,299,0,327,388,0,388,715
11/23/2015,FRG,NY,AEA,EN,Towers with Radar,1,15,24,0,40,0,11,273,0,284,1,26,297,0,324,242,0,242,566
11/24/2015,FRG,NY,AEA,EN,Towers with Radar,0,26,62,0,88,0,10,298,0,308,0,36,360,0,396,334,0,334,730
11/25/2015,FRG,NY,AEA,EN,Towers with Radar,0,40,61,0,101,0,3,332,0,335,0,43,393,0,436,334,0,334,770
11/26/2015,FRG,NY,AEA,EN,Towers with Radar,0,14,18,0,32,0,0,134,0,134,0,14,152,0,166,238,0,238,404
11/27/2015,FRG,NY,AEA,EN,Towers with Radar,2,14,35,0,51,0,0,247,0,247,2,14,282,0,298,210,0,210,508
11/28/2015,FRG,NY,AEA,EN,Towers with Radar,0,13,40,0,53,0,0,159,0,159,0,13,199,0,212,340,0,340,552
11/29/2015,FRG,NY,AEA,EN,Towers with Radar,0,54,99,0,153,0,1,336,0,337,0,55,435,0,490,288,0,288,778
11/30/2015,FRG,NY,AEA,EN,Towers with Radar,0,22,51,0,73,0,2,208,0,210,0,24,259,0,283,444,0,444,727
12/01/2015,FRG,NY,AEA,EN,Towers with Radar,0,21,50,4,75,0,1,35,0,36,0,22,85,4,111,50,0,50,161
12/02/2015,FRG,NY,AEA,EN,Towers with Radar,0,17,29,1,47,0,0,4,0,4,0,17,33,1,51,17,0,17,68
12/03/2015,FRG,NY,AEA,EN,Towers with Radar,0,30,35,0,65,0,2,169,0,171,0,32,204,0,236,206,0,206,442
12/04/2015,FRG,NY,AEA,EN,Towers with Radar,0,24,45,0,69,0,4,351,0,355,0,28,396,0,424,318,0,318,742
12/05/2015,FRG,NY,AEA,EN,Towers with Radar,0,20,25,0,45,0,5,377,0,382,0,25,402,0,427,370,0,370,797
12/06/2015,FRG,NY,AEA,EN,Towers with Radar,3,33,35,0,71,0,1,356,0,357,3,34,391,0,428,350,0,350,778
12/07/2015,FRG,NY,AEA,EN,Towers with Radar,1,18,33,0,52,0,3,243,0,246,1,21,276,0,298,512,0,512,810
12/08/2015,FRG,NY,AEA,EN,Towers with Radar,0,20,45,0,65,0,7,257,0,264,0,27,302,0,329,487,0,487,816
12/09/2015,FRG,NY,AEA,EN,Towers with Radar,0,33,31,2,66,0,5,233,0,238,0,38,264,2,304,498,0,498,802
12/10/2015,FRG,NY,AEA,EN,Towers with Radar,0,32,39,0,71,0,4,358,0,362,0,36,397,0,433,426,0,426,859
12/11/2015,FRG,NY,AEA,EN,Towers with Radar,2,33,59,1,95,0,5,208,0,213,2,38,267,1,308,182,0,182,490
12/12/2015,FRG,NY,AEA,EN,Towers with Radar,0,13,35,0,48,0,3,336,0,339,0,16,371,0,387,244,0,244,631
12/13/2015,FRG,NY,AEA,EN,Towers with Radar,1,32,42,0,75,0,1,274,0,275,1,33,316,0,350,332,0,332,682
12/14/2015,FRG,NY,AEA,EN,Towers with Radar,1,17,19,0,37,0,1,10,0,11,1,18,29,0,48,16,0,16,64
12/15/2015,FRG,NY,AEA,EN,Towers with Radar,0,27,35,0,62,0,2,205,0,207,0,29,240,0,269,218,0,218,487
12/16/2015,FRG,NY,AEA,EN,Towers with Radar,1,35,44,0,80,0,12,350,0,362,1,47,394,0,442,554,0,554,996
12/17/2015,FRG,NY,AEA,EN,Towers with Radar,0,16,39,0,55,0,2,7,0,9,0,18,46,0,64,0,0,0,64
12/18/2015,FRG,NY,AEA,EN,Towers with Radar,0,36,59,0,95,0,3,90,0,93,0,39,149,0,188,272,0,272,460
12/19/2015,FRG,NY,AEA,EN,Towers with Radar,0,16,18,1,35,0,2,155,0,157,0,18,173,1,192,136,0,136,328
12/20/2015,FRG,NY,AEA,EN,Towers with Radar,1,21,31,0,53,0,1,361,0,362,1,22,392,0,415,292,0,292,707
12/21/2015,FRG,NY,AEA,EN,Towers with Radar,1,9,22,1,33,0,4,219,1,224,1,13,241,2,257,218,0,218,475
12/22/2015,FRG,NY,AEA,EN,Towers with Radar,0,26,34,0,60,0,0,15,0,15,0,26,49,0,75,6,0,6,81
12/23/2015,FRG,NY,AEA,EN,Towers with Radar,0,22,38,0,60,0,0,1,0,1,0,22,39,0,61,2,0,2,63
12/24/2015,FRG,NY,AEA,EN,Towers with Radar,0,10,33,0,43,0,0,15,0,15,0,10,48,0,58,80,0,80,138
12/25/2015,FRG,NY,AEA,EN,Towers with Radar,0,15,20,1,36,0,0,5,0,5,0,15,25,1,41,2,0,2,43
12/26/2015,FRG,NY,AEA,EN,Towers with Radar,0,48,55,0,103,0,0,196,0,196,0,48,251,0,299,244,0,244,543
12/27/2015,FRG,NY,AEA,EN,Towers with Radar,0,35,40,0,75,0,0,11,0,11,0,35,51,0,86,10,0,10,96
12/28/2015,FRG,NY,AEA,EN,Towers with Radar,1,15,22,0,38,0,1,216,0,217,1,16,238,0,255,215,0,215,470
12/29/2015,FRG,NY,AEA,EN,Towers with Radar,1,23,18,0,42,0,2,4,0,6,1,25,22,0,48,10,0,10,58
12/30/2015,FRG,NY,AEA,EN,Towers with Radar,0,30,44,0,74,0,4,24,0,28,0,34,68,0,102,14,0,14,116
12/31/2015,FRG,NY,AEA,EN,Towers with Radar,0,19,26,0,45,0,1,120,0,121,0,20,146,0,166,186,0,186,352
01/01/2016,FRG,NY,AEA,EN,Towers with Radar,0,25,27,0,52,0,0,160,0,160,0,25,187,0,212,154,0,154,366
01/02/2016,FRG,NY,AEA,EN,Towers with Radar,0,64,60,0,124,0,1,254,0,255,0,65,314,0,379,246,0,246,625
01/03/2016,FRG,NY,AEA,EN,Towers with Radar,1,49,61,0,111,0,1,252,0,253,1,50,313,0,364,141,0,141,505
01/04/2016,FRG,NY,AEA,EN,Towers with Radar,0,36,25,0,61,0,4,151,0,155,0,40,176,0,216,304,0,304,520
01/05/2016,FRG,NY,AEA,EN,Towers with Radar,0,31,18,0,49,0,6,187,0,193,0,37,205,0,242,318,0,318,560
01/06/2016,FRG,NY,AEA,EN,Towers with Radar,0,23,21,0,44,0,5,287,0,292,0,28,308,0,336,298,0,298,634
01/07/2016,FRG,NY,AEA,EN,Towers with Radar,0,21,20,0,41,0,5,252,1,258,0,26,272,1,299,430,0,430,729
01/08/2016,FRG,NY,AEA,EN,Towers with Radar,1,21,34,0,56,0,0,205,0,205,1,21,239,0,261,366,0,366,627
01/09/2016,FRG,NY,AEA,EN,Towers with Radar,2,28,32,0,62,0,0,122,0,122,2,28,154,0,184,266,0,266,450
01/10/2016,FRG,NY,AEA,EN,Towers with Radar,0,34,31,0,65,0,0,5,0,5,0,34,36,0,70,6,0,6,76
01/11/2016,FRG,NY,AEA,EN,Towers with Radar,0,21,32,0,53,0,3,195,0,198,0,24,227,0,251,230,0,230,481
01/12/2016,FRG,NY,AEA,EN,Towers with Radar,0,15,25,0,40,0,3,147,0,150,0,18,172,0,190,308,0,308,498
01/13/2016,FRG,NY,AEA,EN,Towers with Radar,0,17,30,0,47,0,3,114,0,117,0,20,144,0,164,111,0,111,275
01/14/2016,FRG,NY,AEA,EN,Towers with Radar,0,23,44,0,67,0,7,211,0,218,0,30,255,0,285,426,0,426,711
01/15/2016,FRG,NY,AEA,EN,Towers with Radar,0,32,56,0,88,0,2,297,0,299,0,34,353,0,387,314,0,314,701
01/16/2016,FRG,NY,AEA,EN,Towers with Radar,0,17,23,0,40,0,0,94,0,94,0,17,117,0,134,160,0,160,294
01/17/2016,FRG,NY,AEA,EN,Towers with Radar,0,20,30,0,50,0,0,240,0,240,0,20,270,0,290,278,0,278,568
01/18/2016,FRG,NY,AEA,EN,Towers with Radar,0,41,44,0,85,0,1,86,0,87,0,42,130,0,172,97,0,97,269
01/19/2016,FRG,NY,AEA,EN,Towers with Radar,0,25,18,2,45,0,3,74,0,77,0,28,92,2,122,110,0,110,232
01/20/2016,FRG,NY,AEA,EN,Towers with Radar,0,18,31,0,49,0,5,266,0,271,0,23,297,0,320,404,0,404,724
01/21/2016,FRG,NY,AEA,EN,Towers with Radar,2,25,32,0,59,0,4,321,0,325,2,29,353,0,384,451,0,451,835
01/22/2016,FRG,NY,AEA,EN,Towers with Radar,0,17,24,0,41,0,4,226,0,230,0,21,250,0,271,362,0,362,633
01/23/2016,FRG,NY,AEA,EN,Towers with Radar,0,0,0,0,0,0,0,0,0,0,0,0,0,0,0,0,0,0,0
01/24/2016,FRG,NY,AEA,EN,Towers with Radar,1,15,18,0,34,0,0,31,0,31,1,15,49,0,65,15,0,15,80
01/25/2016,FRG,NY,AEA,EN,Towers with Radar,0,28,33,0,61,0,1,69,0,70,0,29,102,0,131,84,0,84,215
01/26/2016,FRG,NY,AEA,EN,Towers with Radar,0,17,30,0,47,0,2,119,0,121,0,19,149,0,168,132,0,132,300
01/27/2016,FRG,NY,AEA,EN,Towers with Radar,0,26,17,0,43,0,8,247,0,255,0,34,264,0,298,330,0,330,628
01/28/2016,FRG,NY,AEA,EN,Towers with Radar,0,27,40,3,70,0,7,320,1,328,0,34,360,4,398,504,0,504,902
01/29/2016,FRG,NY,AEA,EN,Towers with Radar,0,20,45,0,65,0,4,175,0,179,0,24,220,0,244,362,0,362,606
01/30/2016,FRG,NY,AEA,EN,Towers with Radar,0,19,12,0,31,0,1,340,0,341,0,20,352,0,372,308,0,308,680
01/31/2016,FRG,NY,AEA,EN,Towers with Radar,0,33,31,0,64,0,0,326,0,326,0,33,357,0,390,383,0,383,773
02/01/2016,FRG,NY,AEA,EN,Towers with Radar,0,25,22,0,47,0,6,193,1,200,0,31,215,1,247,178,0,178,425
02/02/2016,FRG,NY,AEA,EN,Towers with Radar,0,15,29,0,44,0,2,265,3,270,0,17,294,3,314,374,0,374,688
02/03/2016,FRG,NY,AEA,EN,Towers with Radar,1,18,21,0,40,0,1,27,0,28,1,19,48,0,68,92,0,92,160
02/04/2016,FRG,NY,AEA,EN,Towers with Radar,0,35,30,0,65,0,0,255,0,255,0,35,285,0,320,312,0,312,632
02/05/2016,FRG,NY,AEA,EN,Towers with Radar,0,19,27,0,46,0,0,85,0,85,0,19,112,0,131,34,0,34,165
02/06/2016,FRG,NY,AEA,EN,Towers with Radar,1,18,19,0,38,0,2,309,1,312,1,20,328,1,350,246,0,246,596
02/07/2016,FRG,NY,AEA,EN,Towers with Radar,0,15,29,1,45,0,1,338,0,339,0,16,367,1,384,416,0,416,800
02/08/2016,FRG,NY,AEA,EN,Towers with Radar,1,12,20,0,33,0,1,14,0,15,1,13,34,0,48,16,0,16,64
02/09/2016,FRG,NY,AEA,EN,Towers with Radar,0,16,19,0,35,0,0,62,0,62,0,16,81,0,97,229,0,229,326
02/10/2016,FRG,NY,AEA,EN,Towers with Radar,1,20,26,0,47,0,3,130,0,133,1,23,156,0,180,272,0,272,452
02/11/2016,FRG,NY,AEA,EN,Towers with Radar,1,25,27,0,53,0,3,150,0,153,1,28,177,0,206,212,0,212,418
02/12/2016,FRG,NY,AEA,EN,Towers with Radar,1,32,59,0,92,0,2,305,0,307,1,34,364,0,399,362,0,362,761
02/13/2016,FRG,NY,AEA,EN,Towers with Radar,0,27,21,0,48,0,0,50,0,50,0,27,71,0,98,66,0,66,164
02/14/2016,FRG,NY,AEA,EN,Towers with Radar,1,24,18,0,43,0,2,84,0,86,1,26,102,0,129,226,0,226,355
02/15/2016,FRG,NY,AEA,EN,Towers with Radar,1,29,41,0,71,0,1,41,0,42,1,30,82,0,113,260,0,260,373
02/16/2016,FRG,NY,AEA,EN,Towers with Radar,0,30,39,0,69,0,1,3,0,4,0,31,42,0,73,24,0,24,97
02/17/2016,FRG,NY,AEA,EN,Towers with Radar,0,17,31,0,48,0,8,268,0,276,0,25,299,0,324,504,0,504,828
02/18/2016,FRG,NY,AEA,EN,Towers with Radar,0,24,24,0,48,0,9,277,0,286,0,33,301,0,334,324,0,324,658
02/19/2016,FRG,NY,AEA,EN,Towers with Radar,0,30,35,0,65,0,3,310,0,313,0,33,345,0,378,418,0,418,796
02/20/2016,FRG,NY,AEA,EN,Towers with Radar,0,32,22,0,54,0,7,331,1,339,0,39,353,1,393,224,0,224,617
02/21/2016,FRG,NY,AEA,EN,Towers with Radar,0,51,45,0,96,0,0,365,0,365,0,51,410,0,461,212,0,212,673
02/22/2016,FRG,NY,AEA,EN,Towers with Radar,1,20,32,0,53,0,10,313,0,323,1,30,345,0,376,348,0,348,724
02/23/2016,FRG,NY,AEA,EN,Towers with Radar,0,21,39,0,60,0,2,27,0,29,0,23,66,0,89,118,0,118,207
02/24/2016,FRG,NY,AEA,EN,Towers with Radar,0,25,30,0,55,0,0,0,0,0,0,25,30,0,55,8,0,8,63
02/25/2016,FRG,NY,AEA,EN,Towers with Radar,0,27,48,2,77,0,1,108,0,109,0,28,156,2,186,158,0,158,344
02/26/2016,FRG,NY,AEA,EN,Towers with Radar,2,32,37,0,71,0,2,172,1,175,2,34,209,1,246,140,0,140,386
02/27/2016,FRG,NY,AEA,EN,Towers with Radar,2,9,20,0,31,0,1,406,0,407,2,10,426,0,438,388,0,388,826
02/28/2016,FRG,NY,AEA,EN,Towers with Radar,0,29,49,0,78,0,1,350,0,351,0,30,399,0,429,390,0,390,819
02/29/2016,FRG,NY,AEA,EN,Towers with Radar,0,15,27,0,42,0,4,153,1,158,0,19,180,1,200,259,0,259,459
03/01/2016,FRG,NY,AEA,EN,Towers with Radar,0,9,28,0,37,0,11,313,0,324,0,20,341,0,361,538,0,538,899
03/02/2016,FRG,NY,AEA,EN,Towers with Radar,0,17,21,0,38,0,0,82,1,83,0,17,103,1,121,64,0,64,185
03/03/2016,FRG,NY,AEA,EN,Towers with Radar,0,18,36,0,54,0,5,393,0,398,0,23,429,0,452,463,0,463,915
03/04/2016,FRG,NY,AEA,EN,Towers with Radar,0,28,28,0,56,0,0,45,0,45,0,28,73,0,101,10,0,10,111
03/05/2016,FRG,NY,AEA,EN,Towers with Radar,0,13,22,0,35,0,0,352,0,352,0,13,374,0,387,424,0,424,811
03/06/2016,FRG,NY,AEA,EN,Towers with Radar,0,27,42,0,69,0,0,296,1,297,0,27,338,1,366,400,0,400,766
03/07/2016,FRG,NY,AEA,EN,Towers with Radar,0,27,41,0,68,0,5,220,0,225,0,32,261,0,293,332,0,332,625
03/08/2016,FRG,NY,AEA,EN,Towers with Radar,0,26,29,0,55,0,4,306,0,310,0,30,335,0,365,446,0,446,811
03/09/2016,FRG,NY,AEA,EN,Towers with Radar,0,22,36,0,58,0,5,352,1,358,0,27,388,1,416,450,0,450,866
03/10/2016,FRG,NY,AEA,EN,Towers with Radar,0,27,43,0,70,0,3,287,0,290,0,30,330,0,360,400,0,400,760
03/11/2016,FRG,NY,AEA,EN,Towers with Radar,1,20,33,0,54,0,13,313,0,326,1,33,346,0,380,388,0,388,768
03/12/2016,FRG,NY,AEA,EN,Towers with Radar,1,22,19,0,42,0,1,436,0,437,1,23,455,0,479,326,0,326,805
03/13/2016,FRG,NY,AEA,EN,Towers with Radar,0,25,65,0,90,0,0,329,0,329,0,25,394,0,419,462,0,462,881
03/14/2016,FRG,NY,AEA,EN,Towers with Radar,0,8,27,0,35,0,0,20,0,20,0,8,47,0,55,26,0,26,81
03/15/2016,FRG,NY,AEA,EN,Towers with Radar,0,16,54,0,70,0,2,81,0,83,0,18,135,0,153,112,0,112,265
03/16/2016,FRG,NY,AEA,EN,Towers with Radar,0,39,47,0,86,0,2,307,0,309,0,41,354,0,395,426,0,426,821
03/17/2016,FRG,NY,AEA,EN,Towers with Radar,0,29,43,2,74,0,4,232,0,236,0,33,275,2,310,422,0,422,732
03/18/2016,FRG,NY,AEA,EN,Towers with Radar,0,31,55,2,88,0,4,209,0,213,0,35,264,2,301,344,0,344,645
03/19/2016,FRG,NY,AEA,EN,Towers with Radar,0,17,55,0,72,0,2,417,0,419,0,19,472,0,491,372,0,372,863
03/20/2016,FRG,NY,AEA,EN,Towers with Radar,0,24,25,0,49,0,0,154,0,154,0,24,179,0,203,378,0,378,581
03/21/2016,FRG,NY,AEA,EN,Towers with Radar,0,20,27,0,47,0,3,136,0,139,0,23,163,0,186,222,0,222,408
03/22/2016,FRG,NY,AEA,EN,Towers with Radar,0,19,24,0,43,0,2,272,2,276,0,21,296,2,319,284,0,284,603
03/23/2016,FRG,NY,AEA,EN,Towers with Radar,0,27,46,0,73,0,7,309,0,316,0,34,355,0,389,422,0,422,811
03/24/2016,FRG,NY,AEA,EN,Towers with Radar,2,28,69,2,101,0,1,187,0,188,2,29,256,2,289,358,0,358,647
03/25/2016,FRG,NY,AEA,EN,Towers with Radar,0,22,57,0,79,0,0,71,0,71,0,22,128,0,150,114,0,114,264
03/26/2016,FRG,NY,AEA,EN,Towers with Radar,0,10,38,0,48,0,1,400,0,401,0,11,438,0,449,452,0,452,901
03/27/2016,FRG,NY,AEA,EN,Towers with Radar,0,31,59,0,90,0,0,219,0,219,0,31,278,0,309,388,0,388,697
03/28/2016,FRG,NY,AEA,EN,Towers with Radar,0,26,41,2,69,0,1,25,0,26,0,27,66,2,95,4,0,4,99
03/29/2016,FRG,NY,AEA,EN,Towers with Radar,0,19,24,0,43,0,2,84,0,86,0,21,108,0,129,50,0,50,179
03/30/2016,FRG,NY,AEA,EN,Towers with Radar,0,27,28,0,55,0,9,406,1,416,0,36,434,1,471,504,0,504,975
03/31/2016,FRG,NY,AEA,EN,Towers with Radar,0,22,30,0,52,0,0,150,0,150,0,22,180,0,202,116,0,116,318
04/01/2016,FRG,NY,AEA,EN,Towers with Radar,0,22,37,0,59,0,0,21,0,21,0,22,58,0,80,16,0,16,96
04/02/2016,FRG,NY,AEA,EN,Towers with Radar,0,24,75,0,99,0,0,37,0,37,0,24,112,0,136,48,0,48,184
04/03/2016,FRG,NY,AEA,EN,Towers with Radar,0,34,32,0,66,0,0,38,0,38,0,34,70,0,104,18,0,18,122
04/04/2016,FRG,NY,AEA,EN,Towers with Radar,0,28,49,0,77,0,1,28,0,29,0,29,77,0,106,10,0,10,116
04/05/2016,FRG,NY,AEA,EN,Towers with Radar,0,12,29,0,41,0,2,216,2,220,0,14,245,2,261,419,0,419,680
04/06/2016,FRG,NY,AEA,EN,Towers with Radar,0,21,32,2,55,0,5,323,0,328,0,26,355,2,383,468,0,468,851
04/07/2016,FRG,NY,AEA,EN,Towers with Radar,0,20,40,0,60,0,2,23,0,25,0,22,63,0,85,12,0,12,97
04/08/2016,FRG,NY,AEA,EN,Towers with Radar,0,36,27,2,65,0,2,251,0,253,0,38,278,2,318,216,0,216,534
04/09/2016,FRG,NY,AEA,EN,Towers with Radar,0,15,37,0,52,0,0,90,0,90,0,15,127,0,142,266,0,266,408
04/10/2016,FRG,NY,AEA,EN,Towers with Radar,0,27,58,0,85,0,0,450,0,450,0,27,508,0,535,304,0,304,839
04/11/2016,FRG,NY,AEA,EN,Towers with Radar,0,17,35,0,52,0,3,129,0,132,0,20,164,0,184,52,0,52,236
04/12/2016,FRG,NY,AEA,EN,Towers with Radar,0,22,26,0,48,0,1,67,0,68,0,23,93,0,116,174,0,174,290
04/13/2016,FRG,NY,AEA,EN,Towers with Radar,3,30,41,2,76,0,13,377,0,390,3,43,418,2,466,602,0,602,1068
04/14/2016,FRG,NY,AEA,EN,Towers with Radar,2,26,44,0,72,0,7,391,1,399,2,33,435,1,471,418,0,418,889
04/15/2016,FRG,NY,AEA,EN,Towers with Radar,0,19,44,0,63,0,7,380,2,389,0,26,424,2,452,504,0,504,956
04/16/2016,FRG,NY,AEA,EN,Towers with Radar,0,24,49,0,73,0,2,424,0,426,0,26,473,0,499,356,0,356,855
04/17/2016,FRG,NY,AEA,EN,Towers with Radar,0,22,36,1,59,0,0,404,0,404,0,22,440,1,463,442,0,442,905
04/18/2016,FRG,NY,AEA,EN,Towers with Radar,0,26,22,0,48,0,8,316,0,324,0,34,338,0,372,340,0,340,712
04/19/2016,FRG,NY,AEA,EN,Towers with Radar,0,12,47,0,59,0,1,245,0,246,0,13,292,0,305,334,0,334,639
04/20/2016,FRG,NY,AEA,EN,Towers with Radar,1,43,47,0,91,0,6,363,3,372,1,49,410,3,463,430,0,430,893
04/21/2016,FRG,NY,AEA,EN,Towers with Radar,1,28,26,0,55,0,2,380,0,382,1,30,406,0,437,480,0,480,917
04/22/2016,FRG,NY,AEA,EN,Towers with Radar,0,21,33,0,54,0,3,248,0,251,0,24,281,0,305,358,0,358,663
04/23/2016,FRG,NY,AEA,EN,Towers with Radar,2,27,51,0,80,0,2,228,0,230,2,29,279,0,310,320,0,320,630
04/24/2016,FRG,NY,AEA,EN,Towers with Radar,0,28,46,0,74,0,0,385,0,385,0,28,431,0,459,430,0,430,889
04/25/2016,FRG,NY,AEA,EN,Towers with Radar,1,23,34,0,58,0,6,310,0,316,1,29,344,0,374,538,0,538,912
04/26/2016,FRG,NY,AEA,EN,Towers with Radar,1,18,41,0,60,0,2,21,0,23,1,20,62,0,83,104,0,104,187
04/27/2016,FRG,NY,AEA,EN,Towers with Radar,0,26,37,0,63,0,14,420,0,434,0,40,457,0,497,570,0,570,1067
04/28/2016,FRG,NY,AEA,EN,Towers with Radar,0,37,31,0,68,0,8,382,1,391,0,45,413,1,459,532,0,532,991
04/29/2016,FRG,NY,AEA,EN,Towers with Radar,0,29,35,0,64,0,6,241,1,248,0,35,276,1,312,387,0,387,699
04/30/2016,FRG,NY,AEA,EN,Towers with Radar,1,45,38,0,84,0,4,403,1,408,1,49,441,1,492,218,0,218,710
05/01/2016,FRG,NY,AEA,EN,Towers with Radar,0,51,71,0,122,0,0,46,0,46,0,51,117,0,168,78,0,78,246
05/02/2016,FRG,NY,AEA,EN,Towers with Radar,1,9,41,0,51,0,0,32,0,32,1,9,73,0,83,26,0,26,109
05/03/2016,FRG,NY,AEA,EN,Towers with Radar,0,12,39,0,51,0,0,5,0,5,0,12,44,0,56,0,0,0,56
05/04/2016,FRG,NY,AEA,EN,Towers with Radar,0,29,51,0,80,0,1,35,0,36,0,30,86,0,116,23,0,23,139
05/05/2016,FRG,NY,AEA,EN,Towers with Radar,2,41,55,0,98,0,1,65,0,66,2,42,120,0,164,90,0,90,254
05/06/2016,FRG,NY,AEA,EN,Towers with Radar,0,38,53,2,93,0,0,18,0,18,0,38,71,2,111,4,0,4,115
05/07/2016,FRG,NY,AEA,EN,Towers with Radar,1,29,56,0,86,0,0,23,0,23,1,29,79,0,109,6,0,6,115
05/08/2016,FRG,NY,AEA,EN,Towers with Radar,2,25,34,0,61,0,2,63,0,65,2,27,97,0,126,80,0,80,206
05/09/2016,FRG,NY,AEA,EN,Towers with Radar,1,19,26,0,46,0,5,303,1,309,1,24,329,1,355,280,0,280,635
05/10/2016,FRG,NY,AEA,EN,Towers with Radar,0,25,31,0,56,0,6,328,1,335,0,31,359,1,391,424,0,424,815
05/11/2016,FRG,NY,AEA,EN,Towers with Radar,0,14,33,0,47,0,9,329,0,338,0,23,362,0,385,522,0,522,907
05/12/2016,FRG,NY,AEA,EN,Towers with Radar,0,29,45,0,74,0,3,366,1,370,0,32,411,1,444,486,0,486,930
05/13/2016,FRG,NY,AEA,EN,Towers with Radar,0,26,61,0,87,0,1,66,0,67,0,27,127,0,154,206,0,206,360
05/14/2016,FRG,NY,AEA,EN,Towers with Radar,0,48,36,0,84,0,1,279,1,281,0,49,315,1,365,248,0,248,613
05/15/2016,FRG,NY,AEA,EN,Towers with Radar,0,99,112,0,211,0,2,168,0,170,0,101,280,0,381,114,0,114,495
05/16/2016,FRG,NY,AEA,EN,Towers with Radar,0,27,56,0,83,0,0,88,0,88,0,27,144,0,171,54,0,54,225
05/17/2016,FRG,NY,AEA,EN,Towers with Radar,0,18,44,0,62,0,2,285,0,287,0,20,329,0,349,548,0,548,897
05/18/2016,FRG,NY,AEA,EN,Towers with Radar,0,12,41,0,53,0,6,334,0,340,0,18,375,0,393,520,0,520,913
05/19/2016,FRG,NY,AEA,EN,Towers with Radar,0,18,30,0,48,0,6,343,0,349,0,24,373,0,397,490,0,490,887
05/20/2016,FRG,NY,AEA,EN,Towers with Radar,0,31,39,0,70,0,1,436,0,437,0,32,475,0,507,282,0,282,789
05/21/2016,FRG,NY,AEA,EN,Towers with Radar,0,29,29,0,58,0,0,248,0,248,0,29,277,0,306,472,0,472,778
05/22/2016,FRG,NY,AEA,EN,Towers with Radar,0,41,52,0,93,0,0,208,0,208,0,41,260,0,301,388,0,388,689
05/23/2016,FRG,NY,AEA,EN,Towers with Radar,0,35,31,0,66,0,2,280,0,282,0,37,311,0,348,439,0,439,787
05/24/2016,FRG,NY,AEA,EN,Towers with Radar,0,25,24,0,49,0,0,137,0,137,0,25,161,0,186,260,0,260,446
05/25/2016,FRG,NY,AEA,EN,Towers with Radar,0,30,34,1,65,0,29,347,0,376,0,59,381,1,441,478,0,478,919
05/26/2016,FRG,NY,AEA,EN,Towers with Radar,0,44,37,7,88,0,4,336,3,343,0,48,373,10,431,84,0,84,515
05/27/2016,FRG,NY,AEA,EN,Towers with Radar,0,36,32,3,71,0,1,370,11,382,0,37,402,14,453,132,16,148,601
05/28/2016,FRG,NY,AEA,EN,Towers with Radar,0,14,29,7,50,0,2,290,16,308,0,16,319,23,358,122,0,122,480
05/29/2016,FRG,NY,AEA,EN,Towers with Radar,0,40,36,5,81,0,3,239,15,257,0,43,275,20,338,44,0,44,382
05/30/2016,FRG,NY,AEA,EN,Towers with Radar,0,36,57,1,94,0,0,18,0,18,0,36,75,1,112,12,0,12,124
05/31/2016,FRG,NY,AEA,EN,Towers with Radar,0,27,51,4,82,0,4,214,2,220,0,31,265,6,302,330,0,330,632
06/01/2016,FRG,NY,AEA,EN,Towers with Radar,0,28,17,2,47,0,1,367,0,368,0,29,384,2,415,510,0,510,925
06/02/2016,FRG,NY,AEA,EN,Towers with Radar,0,30,61,0,91,0,0,262,0,262,0,30,323,0,353,256,0,256,609
06/03/2016,FRG,NY,AEA,EN,Towers with Radar,0,38,63,0,101,0,0,45,0,45,0,38,108,0,146,36,0,36,182
06/04/2016,FRG,NY,AEA,EN,Towers with Radar,0,26,69,0,95,0,0,275,0,275,0,26,344,0,370,426,0,426,796
06/05/2016,FRG,NY,AEA,EN,Towers with Radar,0,26,46,0,72,0,0,7,0,7,0,26,53,0,79,4,0,4,83
06/06/2016,FRG,NY,AEA,EN,Towers with Radar,1,19,37,0,57,0,3,317,0,320,1,22,354,0,377,402,0,402,779
06/07/2016,FRG,NY,AEA,EN,Towers with Radar,0,25,37,0,62,0,4,265,0,269,0,29,302,0,331,356,0,356,687
06/08/2016,FRG,NY,AEA,EN,Towers with Radar,1,27,46,0,74,0,3,117,0,120,1,30,163,0,194,310,0,310,504
06/09/2016,FRG,NY,AEA,EN,Towers with Radar,0,30,51,0,81,0,4,233,0,237,0,34,284,0,318,274,0,274,592
06/10/2016,FRG,NY,AEA,EN,Towers with Radar,0,34,49,0,83,0,0,399,0,399,0,34,448,0,482,336,0,336,818
06/11/2016,FRG,NY,AEA,EN,Towers with Radar,0,40,60,0,100,0,2,288,0,290,0,42,348,0,390,268,0,268,658
06/12/2016,FRG,NY,AEA,EN,Towers with Radar,0,26,48,0,74,0,5,182,2,189,0,31,230,2,263,52,0,52,315
06/13/2016,FRG,NY,AEA,EN,Towers with Radar,0,26,27,0,53,0,5,214,0,219,0,31,241,0,272,430,0,430,702
06/14/2016,FRG,NY,AEA,EN,Towers with Radar,0,20,37,2,59,0,0,328,0,328,0,20,365,2,387,466,0,466,853
06/15/2016,FRG,NY,AEA,EN,Towers with Radar,0,26,47,0,73,0,7,450,2,459,0,33,497,2,532,493,0,493,1025
06/16/2016,FRG,NY,AEA,EN,Towers with Radar,0,22,36,0,58,0,1,287,0,288,0,23,323,0,346,350,0,350,696
06/17/2016,FRG,NY,AEA,EN,Towers with Radar,0,28,43,0,71,0,2,368,0,370,0,30,411,0,441,338,0,338,779
06/18/2016,FRG,NY,AEA,EN,Towers with Radar,0,24,34,0,58,0,3,397,0,400,0,27,431,0,458,388,0,388,846
06/19/2016,FRG,NY,AEA,EN,Towers with Radar,0,20,42,0,62,0,2,394,0,396,0,22,436,0,458,344,0,344,802
06/20/2016,FRG,NY,AEA,EN,Towers with Radar,0,25,23,6,54,0,5,283,0,288,0,30,306,6,342,431,0,431,773
06/21/2016,FRG,NY,AEA,EN,Towers with Radar,0,18,38,2,58,0,2,317,1,320,0,20,355,3,378,380,0,380,758
06/22/2016,FRG,NY,AEA,EN,Towers with Radar,0,27,46,0,73,0,3,346,1,350,0,30,392,1,423,454,0,454,877
06/23/2016,FRG,NY,AEA,EN,Towers with Radar,0,21,28,0,49,0,0,265,1,266,0,21,293,1,315,430,0,430,745
06/24/2016,FRG,NY,AEA,EN,Towers with Radar,0,31,60,0,91,0,5,366,1,372,0,36,426,1,463,274,0,274,737
06/25/2016,FRG,NY,AEA,EN,Towers with Radar,0,21,22,1,44,0,1,384,2,387,0,22,406,3,431,324,0,324,755
06/26/2016,FRG,NY,AEA,EN,Towers with Radar,0,25,43,0,68,0,1,317,0,318,0,26,360,0,386,354,0,354,740
06/27/2016,FRG,NY,AEA,EN,Towers with Radar,0,24,33,0,57,0,2,235,0,237,0,26,268,0,294,333,0,333,627
06/28/2016,FRG,NY,AEA,EN,Towers with Radar,0,46,46,0,92,0,0,12,0,12,0,46,58,0,104,34,0,34,138
06/29/2016,FRG,NY,AEA,EN,Towers with Radar,0,23,46,0,69,0,1,283,1,285,0,24,329,1,354,522,0,522,876
06/30/2016,FRG,NY,AEA,EN,Towers with Radar,0,30,38,0,68,0,4,436,0,440,0,34,474,0,508,442,0,442,950
07/01/2016,FRG,NY,AEA,EN,Towers with Radar,0,32,66,0,98,0,0,93,0,93,0,32,159,0,191,102,0,102,293
07/02/2016,FRG,NY,AEA,EN,Towers with Radar,0,34,42,0,76,0,1,299,0,300,0,35,341,0,376,266,0,266,642
07/03/2016,FRG,NY,AEA,EN,Towers with Radar,0,22,21,0,43,0,0,264,0,264,0,22,285,0,307,192,0,192,499
07/04/2016,FRG,NY,AEA,EN,Towers with Radar,0,27,20,0,47,0,0,238,0,238,0,27,258,0,285,138,0,138,423
07/05/2016,FRG,NY,AEA,EN,Towers with Radar,0,24,55,0,79,0,1,178,0,179,0,25,233,0,258,328,0,328,586
07/06/2016,FRG,NY,AEA,EN,Towers with Radar,0,32,41,0,73,0,3,348,0,351,0,35,389,0,424,456,0,456,880
07/07/2016,FRG,NY,AEA,EN,Towers with Radar,0,32,48,0,80,0,0,246,0,246,0,32,294,0,326,314,0,314,640
07/08/2016,FRG,NY,AEA,EN,Towers with Radar,0,31,72,2,105,0,1,102,0,103,0,32,174,2,208,94,0,94,302
07/09/2016,FRG,NY,AEA,EN,Towers with Radar,2,26,68,0,96,0,0,13,0,13,2,26,81,0,109,132,0,132,241
07/10/2016,FRG,NY,AEA,EN,Towers with Radar,0,42,55,0,97,0,0,233,0,233,0,42,288,0,330,344,0,344,674
07/11/2016,FRG,NY,AEA,EN,Towers with Radar,0,26,33,0,59,0,2,308,0,310,0,28,341,0,369,522,0,522,891
07/12/2016,FRG,NY,AEA,EN,Towers with Radar,0,28,42,0,70,0,3,342,0,345,0,31,384,0,415,272,0,272,687
07/13/2016,FRG,NY,AEA,EN,Towers with Radar,0,29,47,0,76,0,1,278,1,280,0,30,325,1,356,416,0,416,772
07/14/2016,FRG,NY,AEA,EN,Towers with Radar,0,48,104,0,152,0,2,153,0,155,0,50,257,0,307,102,0,102,409
07/15/2016,FRG,NY,AEA,EN,Towers with Radar,0,39,28,0,67,0,3,313,0,316,0,42,341,0,383,224,0,224,607
07/16/2016,FRG,NY,AEA,EN,Towers with Radar,0,27,26,0,53,0,1,309,0,310,0,28,335,0,363,290,0,290,653
07/17/2016,FRG,NY,AEA,EN,Towers with Radar,0,33,40,0,73,0,0,379,0,379,0,33,419,0,452,288,0,288,740
07/18/2016,FRG,NY,AEA,EN,Towers with Radar,0,29,31,0,60,0,2,229,0,231,0,31,260,0,291,192,0,192,483
07/19/2016,FRG,NY,AEA,EN,Towers with Radar,0,31,28,2,61,0,4,303,0,307,0,35,331,2,368,446,0,446,814
07/20/2016,FRG,NY,AEA,EN,Towers with Radar,0,29,38,0,67,0,2,338,0,340,0,31,376,0,407,426,0,426,833
07/21/2016,FRG,NY,AEA,EN,Towers with Radar,0,37,51,2,90,0,4,321,0,325,0,41,372,2,415,328,0,328,743
07/22/2016,FRG,NY,AEA,EN,Towers with Radar,0,28,40,0,68,0,1,303,0,304,0,29,343,0,372,314,0,314,686
07/23/2016,FRG,NY,AEA,EN,Towers with Radar,2,29,25,0,56,0,3,349,1,353,2,32,374,1,409,146,0,146,555
07/24/2016,FRG,NY,AEA,EN,Towers with Radar,0,47,36,0,83,0,1,320,0,321,0,48,356,0,404,242,0,242,646
07/25/2016,FRG,NY,AEA,EN,Towers with Radar,0,19,35,0,54,0,0,167,0,167,0,19,202,0,221,288,0,288,509
07/26/2016,FRG,NY,AEA,EN,Towers with Radar,1,23,37,0,61,0,5,290,0,295,1,28,327,0,356,372,0,372,728
07/27/2016,FRG,NY,AEA,EN,Towers with Radar,0,18,39,0,57,0,5,375,0,380,0,23,414,0,437,350,0,350,787
07/28/2016,FRG,NY,AEA,EN,Towers with Radar,0,34,48,0,82,0,1,278,1,280,0,35,326,1,362,240,0,240,602
07/29/2016,FRG,NY,AEA,EN,Towers with Radar,0,38,32,0,70,0,0,101,0,101,0,38,133,0,171,104,0,104,275
07/30/2016,FRG,NY,AEA,EN,Towers with Radar,0,28,38,0,66,0,2,211,0,213,0,30,249,0,279,216,0,216,495
07/31/2016,FRG,NY,AEA,EN,Towers with Radar,0,31,68,0,99,0,3,39,0,42,0,34,107,0,141,8,0,8,149
08/01/2016,FRG,NY,AEA,EN,Towers with Radar,0,31,49,0,80,0,0,66,0,66,0,31,115,0,146,254,0,254,400
08/02/2016,FRG,NY,AEA,EN,Towers with Radar,0,18,56,0,74,0,2,221,0,223,0,20,277,0,297,284,0,284,581
08/03/2016,FRG,NY,AEA,EN,Towers with Radar,0,22,25,0,47,0,2,384,0,386,0,24,409,0,433,374,0,374,807
08/04/2016,FRG,NY,AEA,EN,Towers with Radar,0,28,49,0,77,0,1,401,0,402,0,29,450,0,479,338,0,338,817
08/05/2016,FRG,NY,AEA,EN,Towers with Radar,0,20,45,0,65,0,1,333,0,334,0,21,378,0,399,406,0,406,805
08/06/2016,FRG,NY,AEA,EN,Towers with Radar,0,27,54,0,81,0,0,127,1,128,0,27,181,1,209,262,0,262,471
08/07/2016,FRG,NY,AEA,EN,Towers with Radar,0,28,41,0,69,0,1,433,0,434,0,29,474,0,503,296,0,296,799
08/08/2016,FRG,NY,AEA,EN,Towers with Radar,0,35,35,0,70,0,2,330,0,332,0,37,365,0,402,334,0,334,736
08/09/2016,FRG,NY,AEA,EN,Towers with Radar,0,27,31,1,59,0,1,343,0,344,0,28,374,1,403,402,0,402,805
08/10/2016,FRG,NY,AEA,EN,Towers with Radar,0,26,69,0,95,0,4,94,0,98,0,30,163,0,193,102,0,102,295
08/11/2016,FRG,NY,AEA,EN,Towers with Radar,0,26,36,0,62,0,2,256,0,258,0,28,292,0,320,380,0,380,700
08/12/2016,FRG,NY,AEA,EN,Towers with Radar,0,43,50,0,93,0,6,272,0,278,0,49,322,0,371,314,0,314,685
08/13/2016,FRG,NY,AEA,EN,Towers with Radar,0,26,33,0,59,0,3,292,0,295,0,29,325,0,354,316,0,316,670
08/14/2016,FRG,NY,AEA,EN,Towers with Radar,0,24,41,0,65,0,0,292,0,292,0,24,333,0,357,228,0,228,585
08/15/2016,FRG,NY,AEA,EN,Towers with Radar,0,29,27,0,56,0,3,314,1,318,0,32,341,1,374,465,0,465,839
08/16/2016,FRG,NY,AEA,EN,Towers with Radar,0,27,50,0,77,0,2,194,0,196,0,29,244,0,273,244,0,244,517
08/17/2016,FRG,NY,AEA,EN,Towers with Radar,0,27,44,0,71,0,2,293,0,295,0,29,337,0,366,395,0,395,761
08/18/2016,FRG,NY,AEA,EN,Towers with Radar,0,49,60,0,109,0,1,394,1,396,0,50,454,1,505,309,0,309,814
08/19/2016,FRG,NY,AEA,EN,Towers with Radar,0,46,37,0,83,0,3,336,0,339,0,49,373,0,422,448,0,448,870
08/20/2016,FRG,NY,AEA,EN,Towers with Radar,0,26,52,0,78,0,0,208,0,208,0,26,260,0,286,236,0,236,522
08/21/2016,FRG,NY,AEA,EN,Towers with Radar,0,50,52,0,102,0,0,139,0,139,0,50,191,0,241,170,0,170,411
08/22/2016,FRG,NY,AEA,EN,Towers with Radar,0,42,28,0,70,0,1,296,1,298,0,43,324,1,368,314,0,314,682
08/23/2016,FRG,NY,AEA,EN,Towers with Radar,0,52,44,0,96,0,2,346,0,348,0,54,390,0,444,394,0,394,838
08/24/2016,FRG,NY,AEA,EN,Towers with Radar,0,29,46,0,75,0,3,404,0,407,0,32,450,0,482,421,0,421,903
08/25/2016,FRG,NY,AEA,EN,Towers with Radar,0,42,26,0,68,0,3,332,0,335,0,45,358,0,403,384,0,384,787
08/26/2016,FRG,NY,AEA,EN,Towers with Radar,0,40,30,0,70,0,7,344,0,351,0,47,374,0,421,486,0,486,907
08/27/2016,FRG,NY,AEA,EN,Towers with Radar,0,28,31,0,59,0,1,391,0,392,0,29,422,0,451,302,0,302,753
08/28/2016,FRG,NY,AEA,EN,Towers with Radar,0,58,45,0,103,0,0,386,0,386,0,58,431,0,489,346,0,346,835
08/29/2016,FRG,NY,AEA,EN,Towers with Radar,0,15,28,0,43,0,1,267,0,268,0,16,295,0,311,206,0,206,517
08/30/2016,FRG,NY,AEA,EN,Towers with Radar,0,11,45,0,56,0,2,283,0,285,0,13,328,0,341,376,0,376,717
08/31/2016,FRG,NY,AEA,EN,Towers with Radar,0,24,50,0,74,0,1,257,0,258,0,25,307,0,332,456,0,456,788
09/01/2016,FRG,NY,AEA,EN,Towers with Radar,0,30,53,0,83,0,1,106,0,107,0,31,159,0,190,186,0,186,376
09/02/2016,FRG,NY,AEA,EN,Towers with Radar,0,27,29,0,56,0,4,340,0,344,0,31,369,0,400,434,0,434,834
09/03/2016,FRG,NY,AEA,EN,Towers with Radar,0,22,27,0,49,0,5,246,0,251,0,27,273,0,300,462,0,462,762
09/04/2016,FRG,NY,AEA,EN,Towers with Radar,0,18,27,0,45,0,0,110,0,110,0,18,137,0,155,100,0,100,255
09/05/2016,FRG,NY,AEA,EN,Towers with Radar,0,16,21,0,37,0,0,89,0,89,0,16,110,0,126,78,0,78,204
09/06/2016,FRG,NY,AEA,EN,Towers with Radar,0,25,24,2,51,0,2,21,1,24,0,27,45,3,75,2,0,2,77
09/07/2016,FRG,NY,AEA,EN,Towers with Radar,0,34,59,0,93,0,1,114,0,115,0,35,173,0,208,167,0,167,375
09/08/2016,FRG,NY,AEA,EN,Towers with Radar,0,19,42,0,61,0,4,301,0,305,0,23,343,0,366,344,0,344,710
09/09/2016,FRG,NY,AEA,EN,Towers with Radar,0,36,42,0,78,0,0,352,0,352,0,36,394,0,430,292,0,292,722
09/10/2016,FRG,NY,AEA,EN,Towers with Radar,0,22,32,0,54,0,1,303,0,304,0,23,335,0,358,308,0,308,666
09/11/2016,FRG,NY,AEA,EN,Towers with Radar,0,34,58,0,92,0,3,224,1,228,0,37,282,1,320,266,0,266,586
09/12/2016,FRG,NY,AEA,EN,Towers with Radar,0,26,38,0,64,0,3,392,0,395,0,29,430,0,459,284,0,284,743
09/13/2016,FRG,NY,AEA,EN,Towers with Radar,0,28,48,0,76,0,4,299,2,305,0,32,347,2,381,302,0,302,683
09/14/2016,FRG,NY,AEA,EN,Towers with Radar,0,38,34,0,72,0,2,334,0,336,0,40,368,0,408,342,0,342,750
09/15/2016,FRG,NY,AEA,EN,Towers with Radar,0,35,40,0,75,0,3,397,0,400,0,38,437,0,475,398,0,398,873
09/16/2016,FRG,NY,AEA,EN,Towers with Radar,0,42,46,0,88,0,4,307,0,311,0,46,353,0,399,490,0,490,889
09/17/2016,FRG,NY,AEA,EN,Towers with Radar,0,34,41,0,75,0,2,419,0,421,0,36,460,0,496,308,0,308,804
09/18/2016,FRG,NY,AEA,EN,Towers with Radar,0,40,77,1,118,0,0,89,0,89,0,40,166,1,207,182,0,182,389
09/19/2016,FRG,NY,AEA,EN,Towers with Radar,1,24,32,0,57,0,0,22,0,22,1,24,54,0,79,2,0,2,81
09/20/2016,FRG,NY,AEA,EN,Towers with Radar,0,27,68,1,96,0,4,119,0,123,0,31,187,1,219,10,0,10,229
09/21/2016,FRG,NY,AEA,EN,Towers with Radar,1,27,64,0,92,0,6,330,0,336,1,33,394,0,428,212,0,212,640
09/22/2016,FRG,NY,AEA,EN,Towers with Radar,0,22,46,0,68,0,4,439,0,443,0,26,485,0,511,318,0,318,829
09/23/2016,FRG,NY,AEA,EN,Towers with Radar,0,29,45,0,74,0,8,344,0,352,0,37,389,0,426,396,0,396,822
09/24/2016,FRG,NY,AEA,EN,Towers with Radar,0,19,53,0,72,0,1,202,0,203,0,20,255,0,275,406,0,406,681
09/25/2016,FRG,NY,AEA,EN,Towers with Radar,0,31,33,0,64,0,3,439,0,442,0,34,472,0,506,415,0,415,921
09/26/2016,FRG,NY,AEA,EN,Towers with Radar,0,26,26,0,52,0,4,392,0,396,0,30,418,0,448,400,0,400,848
09/27/2016,FRG,NY,AEA,EN,Towers with Radar,0,18,45,0,63,0,2,194,0,196,0,20,239,0,259,528,0,528,787
09/28/2016,FRG,NY,AEA,EN,Towers with Radar,0,27,40,0,67,0,0,81,0,81,0,27,121,0,148,146,0,146,294
09/29/2016,FRG,NY,AEA,EN,Towers with Radar,0,44,60,0,104,0,0,94,0,94,0,44,154,0,198,132,0,132,330
09/30/2016,FRG,NY,AEA,EN,Towers with Radar,0,40,48,0,88,0,0,35,0,35,0,40,83,0,123,0,0,0,123
10/01/2016,FRG,NY,AEA,EN,Towers with Radar,0,24,39,2,65,0,0,1,0,1,0,24,40,2,66,12,0,12,78
10/02/2016,FRG,NY,AEA,EN,Towers with Radar,0,30,47,0,77,0,0,3,0,3,0,30,50,0,80,8,0,8,88
10/03/2016,FRG,NY,AEA,EN,Towers with Radar,0,45,69,1,115,0,0,100,0,100,0,45,169,1,215,320,0,320,535
10/04/2016,FRG,NY,AEA,EN,Towers with Radar,0,34,56,2,92,0,0,188,0,188,0,34,244,2,280,534,0,534,814
10/05/2016,FRG,NY,AEA,EN,Towers with Radar,0,33,46,0,79,0,0,334,0,334,0,33,380,0,413,544,0,544,957
10/06/2016,FRG,NY,AEA,EN,Towers with Radar,0,36,41,0,77,0,4,431,0,435,0,40,472,0,512,444,0,444,956
10/07/2016,FRG,NY,AEA,EN,Towers with Radar,0,22,53,0,75,0,1,321,1,323,0,23,374,1,398,262,0,262,660
10/08/2016,FRG,NY,AEA,EN,Towers with Radar,0,20,42,0,62,0,0,105,0,105,0,20,147,0,167,476,0,476,643
10/09/2016,FRG,NY,AEA,EN,Towers with Radar,2,19,47,0,68,0,0,19,0,19,2,19,66,0,87,46,0,46,133
10/10/2016,FRG,NY,AEA,EN,Towers with Radar,0,33,34,0,67,0,2,267,0,269,0,35,301,0,336,324,0,324,660
10/11/2016,FRG,NY,AEA,EN,Towers with Radar,0,19,24,0,43,0,3,302,0,305,0,22,326,0,348,446,0,446,794
10/12/2016,FRG,NY,AEA,EN,Towers with Radar,0,25,34,0,59,0,4,277,1,282,0,29,311,1,341,530,0,530,871
10/13/2016,FRG,NY,AEA,EN,Towers with Radar,0,28,50,0,78,0,2,280,0,282,0,30,330,0,360,278,0,278,638
10/14/2016,FRG,NY,AEA,EN,Towers with Radar,2,26,40,0,68,0,5,391,0,396,2,31,431,0,464,320,0,320,784
10/15/2016,FRG,NY,AEA,EN,Towers with Radar,0,31,34,0,65,0,2,358,0,360,0,33,392,0,425,270,0,270,695
10/16/2016,FRG,NY,AEA,EN,Towers with Radar,0,26,52,0,78,0,1,374,0,375,0,27,426,0,453,224,0,224,677
10/17/2016,FRG,NY,AEA,EN,Towers with Radar,0,20,39,0,59,0,4,248,0,252,0,24,287,0,311,356,0,356,667
10/18/2016,FRG,NY,AEA,EN,Towers with Radar,0,17,24,0,41,0,2,242,0,244,0,19,266,0,285,268,0,268,553
10/19/2016,FRG,NY,AEA,EN,Towers with Radar,0,15,28,0,43,0,5,365,0,370,0,20,393,0,413,418,0,418,831
10/20/2016,FRG,NY,AEA,EN,Towers with Radar,0,35,62,0,97,0,2,207,0,209,0,37,269,0,306,430,0,430,736
10/21/2016,FRG,NY,AEA,EN,Towers with Radar,0,14,59,0,73,0,0,15,0,15,0,14,74,0,88,24,0,24,112
10/22/2016,FRG,NY,AEA,EN,Towers with Radar,0,20,33,0,53,0,0,19,0,19,0,20,52,0,72,44,0,44,116
10/23/2016,FRG,NY,AEA,EN,Towers with Radar,0,24,28,0,52,0,1,140,0,141,0,25,168,0,193,84,0,84,277
10/24/2016,FRG,NY,AEA,EN,Towers with Radar,0,15,34,0,49,0,3,216,0,219,0,18,250,0,268,244,0,244,512
10/25/2016,FRG,NY,AEA,EN,Towers with Radar,0,13,23,0,36,0,1,211,0,212,0,14,234,0,248,358,0,358,606
10/26/2016,FRG,NY,AEA,EN,Towers with Radar,0,26,36,0,62,0,3,334,0,337,0,29,370,0,399,488,0,488,887
10/27/2016,FRG,NY,AEA,EN,Towers with Radar,0,38,37,0,75,0,0,57,0,57,0,38,94,0,132,110,0,110,242
10/28/2016,FRG,NY,AEA,EN,Towers with Radar,0,43,40,0,83,0,2,154,0,156,0,45,194,0,239,122,0,122,361
10/29/2016,FRG,NY,AEA,EN,Towers with Radar,0,20,51,0,71,0,2,458,0,460,0,22,509,0,531,228,0,228,759
10/30/2016,FRG,NY,AEA,EN,Towers with Radar,0,43,68,0,111,0,1,331,0,332,0,44,399,0,443,214,0,214,657
10/31/2016,FRG,NY,AEA,EN,Towers with Radar,0,16,28,0,44,0,2,242,0,244,0,18,270,0,288,312,0,312,600
11/01/2016,FRG,NY,AEA,EN,Towers with Radar,0,27,29,3,59,0,1,252,0,253,0,28,281,3,312,438,0,438,750
11/02/2016,FRG,NY,AEA,EN,Towers with Radar,0,32,39,0,71,0,6,338,0,344,0,38,377,0,415,456,0,456,871
11/03/2016,FRG,NY,AEA,EN,Towers with Radar,0,22,42,0,64,0,3,156,0,159,0,25,198,0,223,204,0,204,427
11/04/2016,FRG,NY,AEA,EN,Towers with Radar,0,26,42,0,68,0,5,334,1,340,0,31,376,1,408,314,0,314,722
11/05/2016,FRG,NY,AEA,EN,Towers with Radar,0,20,32,0,52,0,4,471,0,475,0,24,503,0,527,306,0,306,833
11/06/2016,FRG,NY,AEA,EN,Towers with Radar,0,34,46,0,80,0,1,295,0,296,0,35,341,0,376,182,0,182,558
11/07/2016,FRG,NY,AEA,EN,Towers with Radar,0,18,27,1,46,0,3,263,0,266,0,21,290,1,312,348,0,348,660
11/08/2016,FRG,NY,AEA,EN,Towers with Radar,0,23,14,0,37,0,2,306,0,308,0,25,320,0,345,480,0,480,825
11/09/2016,FRG,NY,AEA,EN,Towers with Radar,1,32,45,0,78,0,0,106,0,106,1,32,151,0,184,326,0,326,510
11/10/2016,FRG,NY,AEA,EN,Towers with Radar,0,23,39,0,62,0,4,373,0,377,0,27,412,0,439,342,0,342,781
11/11/2016,FRG,NY,AEA,EN,Towers with Radar,0,34,38,0,72,0,2,156,0,158,0,36,194,0,230,140,0,140,370
11/12/2016,FRG,NY,AEA,EN,Towers with Radar,0,17,22,0,39,0,1,355,0,356,0,18,377,0,395,260,0,260,655
11/13/2016,FRG,NY,AEA,EN,Towers with Radar,1,38,44,0,83,0,4,435,0,439,1,42,479,0,522,288,0,288,810
11/14/2016,FRG,NY,AEA,EN,Towers with Radar,0,34,39,0,73,0,2,287,1,290,0,36,326,1,363,360,0,360,723
11/15/2016,FRG,NY,AEA,EN,Towers with Radar,0,30,40,0,70,0,2,3,0,5,0,32,43,0,75,0,0,0,75
11/16/2016,FRG,NY,AEA,EN,Towers with Radar,0,33,33,0,66,0,5,347,1,353,0,38,380,1,419,446,0,446,865
11/17/2016,FRG,NY,AEA,EN,Towers with Radar,0,23,35,0,58,0,5,293,0,298,0,28,328,0,356,366,0,366,722
11/18/2016,FRG,NY,AEA,EN,Towers with Radar,1,34,38,0,73,0,3,336,0,339,1,37,374,0,412,418,0,418,830
11/19/2016,FRG,NY,AEA,EN,Towers with Radar,1,23,41,1,66,0,2,348,0,350,1,25,389,1,416,260,0,260,676
11/20/2016,FRG,NY,AEA,EN,Towers with Radar,0,25,27,0,52,0,1,15,0,16,0,26,42,0,68,50,0,50,118
11/21/2016,FRG,NY,AEA,EN,Towers with Radar,0,27,19,0,46,0,1,36,0,37,0,28,55,0,83,10,0,10,93
11/22/2016,FRG,NY,AEA,EN,Towers with Radar,0,32,51,0,83,0,1,76,0,77,0,33,127,0,160,30,0,30,190
11/23/2016,FRG,NY,AEA,EN,Towers with Radar,0,34,93,0,127,0,3,312,0,315,0,37,405,0,442,276,0,276,718
11/24/2016,FRG,NY,AEA,EN,Towers with Radar,0,8,14,0,22,0,0,95,0,95,0,8,109,0,117,283,0,283,400
11/25/2016,FRG,NY,AEA,EN,Towers with Radar,0,21,36,0,57,0,1,172,0,173,0,22,208,0,230,362,0,362,592
11/26/2016,FRG,NY,AEA,EN,Towers with Radar,1,17,42,0,60,0,1,218,0,219,1,18,260,0,279,334,0,334,613
11/27/2016,FRG,NY,AEA,EN,Towers with Radar,0,41,77,0,118,0,0,320,0,320,0,41,397,0,438,251,0,251,689
11/28/2016,FRG,NY,AEA,EN,Towers with Radar,0,27,38,0,65,0,2,277,0,279,0,29,315,0,344,296,0,296,640
11/29/2016,FRG,NY,AEA,EN,Towers with Radar,0,14,24,0,38,0,0,17,0,17,0,14,41,0,55,28,0,28,83
11/30/2016,FRG,NY,AEA,EN,Towers with Radar,0,17,43,0,60,0,0,17,0,17,0,17,60,0,77,84,0,84,161
12/01/2016,FRG,NY,AEA,EN,Towers with Radar,0,20,43,0,63,0,0,255,0,255,0,20,298,0,318,212,0,212,530
12/02/2016,FRG,NY,AEA,EN,Towers with Radar,0,16,35,0,51,0,3,246,0,249,0,19,281,0,300,256,0,256,556
12/03/2016,FRG,NY,AEA,EN,Towers with Radar,0,13,18,0,31,0,0,180,0,180,0,13,198,0,211,190,0,190,401
12/04/2016,FRG,NY,AEA,EN,Towers with Radar,0,25,61,0,86,0,2,413,0,415,0,27,474,0,501,322,0,322,823
12/05/2016,FRG,NY,AEA,EN,Towers with Radar,0,35,24,0,59,0,4,108,0,112,0,39,132,0,171,228,0,228,399
12/06/2016,FRG,NY,AEA,EN,Towers with Radar,0,22,36,0,58,0,1,223,0,224,0,23,259,0,282,338,0,338,620
12/07/2016,FRG,NY,AEA,EN,Towers with Radar,0,28,52,0,80,0,0,72,0,72,0,28,124,0,152,102,0,102,254
12/08/2016,FRG,NY,AEA,EN,Towers with Radar,1,27,30,0,58,0,3,261,0,264,1,30,291,0,322,316,0,316,638
12/09/2016,FRG,NY,AEA,EN,Towers with Radar,1,28,30,0,59,0,0,202,0,202,1,28,232,0,261,162,0,162,423
12/10/2016,FRG,NY,AEA,EN,Towers with Radar,1,11,18,0,30,0,1,284,0,285,1,12,302,0,315,352,0,352,667
12/11/2016,FRG,NY,AEA,EN,Towers with Radar,0,26,35,0,61,0,0,242,0,242,0,26,277,0,303,288,0,288,591
12/12/2016,FRG,NY,AEA,EN,Towers with Radar,0,35,32,0,67,0,1,34,2,37,0,36,66,2,104,80,0,80,184
12/13/2016,FRG,NY,AEA,EN,Towers with Radar,0,22,24,0,46,0,7,242,1,250,0,29,266,1,296,350,0,350,646
12/14/2016,FRG,NY,AEA,EN,Towers with Radar,0,21,27,0,48,0,3,253,0,256,0,24,280,0,304,348,0,348,652
12/15/2016,FRG,NY,AEA,EN,Towers with Radar,0,26,39,0,65,0,0,58,1,59,0,26,97,1,124,14,0,14,138
12/16/2016,FRG,NY,AEA,EN,Towers with Radar,0,42,56,0,98,0,0,187,0,187,0,42,243,0,285,250,0,250,535
12/17/2016,FRG,NY,AEA,EN,Towers with Radar,0,18,26,0,44,0,0,2,0,2,0,18,28,0,46,12,0,12,58
12/18/2016,FRG,NY,AEA,EN,Towers with Radar,1,31,36,0,68,0,1,21,0,22,1,32,57,0,90,48,0,48,138
12/19/2016,FRG,NY,AEA,EN,Towers with Radar,1,20,33,0,54,0,2,197,0,199,1,22,230,0,253,370,0,370,623
12/20/2016,FRG,NY,AEA,EN,Towers with Radar,0,29,34,0,63,0,0,215,0,215,0,29,249,0,278,308,0,308,586
12/21/2016,FRG,NY,AEA,EN,Towers with Radar,0,28,37,2,67,0,1,303,0,304,0,29,340,2,371,358,6,364,735
12/22/2016,FRG,NY,AEA,EN,Towers with Radar,0,27,35,0,62,0,1,267,0,268,0,28,302,0,330,242,0,242,572
12/23/2016,FRG,NY,AEA,EN,Towers with Radar,0,37,39,0,76,0,0,247,0,247,0,37,286,0,323,220,0,220,543
12/24/2016,FRG,NY,AEA,EN,Towers with Radar,0,26,16,0,42,0,0,10,0,10,0,26,26,0,52,6,0,6,58
12/25/2016,FRG,NY,AEA,EN,Towers with Radar,0,20,14,0,34,0,0,89,0,89,0,20,103,0,123,53,0,53,176
12/26/2016,FRG,NY,AEA,EN,Towers with Radar,0,37,61,0,98,0,0,89,0,89,0,37,150,0,187,254,0,254,441
12/27/2016,FRG,NY,AEA,EN,Towers with Radar,0,29,53,0,82,0,0,82,0,82,0,29,135,0,164,126,0,126,290
12/28/2016,FRG,NY,AEA,EN,Towers with Radar,1,20,24,0,45,0,0,239,0,239,1,20,263,0,284,386,0,386,670
12/29/2016,FRG,NY,AEA,EN,Towers with Radar,0,16,10,0,26,0,0,6,0,6,0,16,16,0,32,30,0,30,62
12/30/2016,FRG,NY,AEA,EN,Towers with Radar,0,16,11,0,27,0,0,156,1,157,0,16,167,1,184,130,0,130,314
12/31/2016,FRG,NY,AEA,EN,Towers with Radar,0,19,22,0,41,0,0,216,0,216,0,19,238,0,257,208,0,208,465
01/01/2017,FRG,NY,AEA,EN,Towers with Radar,0,42,33,0,75,0,3,150,0,153,0,45,183,0,228,126,0,126,354
01/02/2017,FRG,NY,AEA,EN,Towers with Radar,0,80,76,0,156,0,0,36,0,36,0,80,112,0,192,120,0,120,312
01/03/2017,FRG,NY,AEA,EN,Towers with Radar,0,30,47,0,77,0,3,6,0,9,0,33,53,0,86,10,0,10,96
01/04/2017,FRG,NY,AEA,EN,Towers with Radar,0,20,25,0,45,0,0,148,0,148,0,20,173,0,193,232,0,232,425
01/05/2017,FRG,NY,AEA,EN,Towers with Radar,1,22,28,1,52,0,2,215,0,217,1,24,243,1,269,328,0,328,597
01/06/2017,FRG,NY,AEA,EN,Towers with Radar,0,24,26,0,50,0,0,120,0,120,0,24,146,0,170,208,0,208,378
01/07/2017,FRG,NY,AEA,EN,Towers with Radar,0,7,18,0,25,0,0,7,0,7,0,7,25,0,32,10,0,10,42
01/08/2017,FRG,NY,AEA,EN,Towers with Radar,2,25,29,0,56,0,1,57,0,58,2,26,86,0,114,54,0,54,168
01/09/2017,FRG,NY,AEA,EN,Towers with Radar,0,11,26,0,37,0,0,133,0,133,0,11,159,0,170,220,0,220,390
01/10/2017,FRG,NY,AEA,EN,Towers with Radar,0,23,21,0,44,0,1,190,0,191,0,24,211,0,235,306,0,306,541
01/11/2017,FRG,NY,AEA,EN,Towers with Radar,0,26,34,0,60,0,0,179,0,179,0,26,213,0,239,226,0,226,465
01/12/2017,FRG,NY,AEA,EN,Towers with Radar,1,31,35,0,67,0,0,147,0,147,1,31,182,0,214,246,0,246,460
01/13/2017,FRG,NY,AEA,EN,Towers with Radar,0,28,47,0,75,0,0,182,1,183,0,28,229,1,258,174,0,174,432
01/14/2017,FRG,NY,AEA,EN,Towers with Radar,0,19,23,1,43,0,0,199,0,199,0,19,222,1,242,294,0,294,536
01/15/2017,FRG,NY,AEA,EN,Towers with Radar,1,16,43,0,60,0,2,289,0,291,1,18,332,0,351,250,0,250,601
01/16/2017,FRG,NY,AEA,EN,Towers with Radar,3,20,49,0,72,0,0,257,0,257,3,20,306,0,329,264,0,264,593
01/17/2017,FRG,NY,AEA,EN,Towers with Radar,0,23,35,0,58,0,1,34,0,35,0,24,69,0,93,148,0,148,241
01/18/2017,FRG,NY,AEA,EN,Towers with Radar,0,28,28,0,56,0,0,15,0,15,0,28,43,0,71,10,0,10,81
01/19/2017,FRG,NY,AEA,EN,Towers with Radar,0,30,59,0,89,0,8,344,0,352,0,38,403,0,441,280,0,280,721
01/20/2017,FRG,NY,AEA,EN,Towers with Radar,0,21,44,0,65,0,0,152,0,152,0,21,196,0,217,372,0,372,589
01/21/2017,FRG,NY,AEA,EN,Towers with Radar,0,15,42,0,57,0,0,13,0,13,0,15,55,0,70,40,0,40,110
01/22/2017,FRG,NY,AEA,EN,Towers with Radar,0,29,47,0,76,0,0,19,0,19,0,29,66,0,95,32,0,32,127
01/23/2017,FRG,NY,AEA,EN,Towers with Radar,0,6,10,0,16,0,1,7,0,8,0,7,17,0,24,2,0,2,26
01/24/2017,FRG,NY,AEA,EN,Towers with Radar,0,19,28,0,47,0,0,3,0,3,0,19,31,0,50,6,0,6,56
01/25/2017,FRG,NY,AEA,EN,Towers with Radar,0,19,36,0,55,0,3,309,0,312,0,22,345,0,367,294,0,294,661
01/26/2017,FRG,NY,AEA,EN,Towers with Radar,0,23,39,0,62,0,2,121,0,123,0,25,160,0,185,156,0,156,341
01/27/2017,FRG,NY,AEA,EN,Towers with Radar,0,14,36,0,50,0,2,185,0,187,0,16,221,0,237,114,0,114,351
01/28/2017,FRG,NY,AEA,EN,Towers with Radar,0,22,27,0,49,0,1,211,0,212,0,23,238,0,261,226,0,226,487
01/29/2017,FRG,NY,AEA,EN,Towers with Radar,0,38,45,0,83,0,0,316,0,316,0,38,361,0,399,253,0,253,652
01/30/2017,FRG,NY,AEA,EN,Towers with Radar,0,13,22,0,35,0,1,232,0,233,0,14,254,0,268,238,0,238,506
01/31/2017,FRG,NY,AEA,EN,Towers with Radar,0,13,32,0,45,0,0,15,0,15,0,13,47,0,60,78,0,78,138
02/01/2017,FRG,NY,AEA,EN,Towers with Radar,0,13,34,0,47,0,0,268,0,268,0,13,302,0,315,312,0,312,627
02/02/2017,FRG,NY,AEA,EN,Towers with Radar,1,24,39,0,64,0,1,231,0,232,1,25,270,0,296,298,0,298,594
02/03/2017,FRG,NY,AEA,EN,Towers with Radar,0,33,39,0,72,0,1,299,0,300,0,34,338,0,372,393,0,393,765
02/04/2017,FRG,NY,AEA,EN,Towers with Radar,0,23,32,0,55,0,2,347,0,349,0,25,379,0,404,244,0,244,648
02/05/2017,FRG,NY,AEA,EN,Towers with Radar,0,34,41,0,75,0,0,203,0,203,0,34,244,0,278,260,0,260,538
02/06/2017,FRG,NY,AEA,EN,Towers with Radar,0,21,30,0,51,0,2,229,0,231,0,23,259,0,282,400,0,400,682
02/07/2017,FRG,NY,AEA,EN,Towers with Radar,1,17,32,0,50,0,0,7,0,7,1,17,39,0,57,16,0,16,73
02/08/2017,FRG,NY,AEA,EN,Towers with Radar,2,27,41,0,70,0,3,253,0,256,2,30,294,0,326,430,0,430,756
02/09/2017,FRG,NY,AEA,EN,Towers with Radar,0,0,0,0,0,0,0,0,0,0,0,0,0,0,0,0,0,0,0
02/10/2017,FRG,NY,AEA,EN,Towers with Radar,0,22,36,0,58,0,2,73,0,75,0,24,109,0,133,56,0,56,189
02/11/2017,FRG,NY,AEA,EN,Towers with Radar,1,14,15,0,30,0,0,249,0,249,1,14,264,0,279,466,0,466,745
02/12/2017,FRG,NY,AEA,EN,Towers with Radar,0,21,19,0,40,0,0,0,0,0,0,21,19,0,40,2,0,2,42
02/13/2017,FRG,NY,AEA,EN,Towers with Radar,1,16,23,0,40,0,0,20,0,20,1,16,43,0,60,20,0,20,80
02/14/2017,FRG,NY,AEA,EN,Towers with Radar,2,19,39,2,62,0,8,340,1,349,2,27,379,3,411,434,0,434,845
02/15/2017,FRG,NY,AEA,EN,Towers with Radar,1,24,45,0,70,0,2,216,0,218,1,26,261,0,288,428,0,428,716
02/16/2017,FRG,NY,AEA,EN,Towers with Radar,0,26,43,0,69,0,3,110,0,113,0,29,153,0,182,132,0,132,314
02/17/2017,FRG,NY,AEA,EN,Towers with Radar,0,54,70,0,124,0,4,327,0,331,0,58,397,0,455,316,0,316,771
02/18/2017,FRG,NY,AEA,EN,Towers with Radar,0,26,40,0,66,0,1,376,0,377,0,27,416,0,443,326,0,326,769
02/19/2017,FRG,NY,AEA,EN,Towers with Radar,0,17,26,0,43,0,0,369,0,369,0,17,395,0,412,328,0,328,740
02/20/2017,FRG,NY,AEA,EN,Towers with Radar,1,42,46,0,89,0,8,393,1,402,1,50,439,1,491,344,0,344,835
02/21/2017,FRG,NY,AEA,EN,Towers with Radar,0,22,40,0,62,0,3,246,0,249,0,25,286,0,311,307,0,307,618
02/22/2017,FRG,NY,AEA,EN,Towers with Radar,0,20,44,0,64,0,3,243,0,246,0,23,287,0,310,388,0,388,698
02/23/2017,FRG,NY,AEA,EN,Towers with Radar,0,27,66,0,93,0,3,56,0,59,0,30,122,0,152,62,0,62,214
02/24/2017,FRG,NY,AEA,EN,Towers with Radar,2,26,39,0,67,0,7,336,0,343,2,33,375,0,410,288,0,288,698
02/25/2017,FRG,NY,AEA,EN,Towers with Radar,3,40,26,0,69,0,0,12,0,12,3,40,38,0,81,52,6,58,139
02/26/2017,FRG,NY,AEA,EN,Towers with Radar,0,54,41,0,95,0,0,240,0,240,0,54,281,0,335,276,0,276,611
02/27/2017,FRG,NY,AEA,EN,Towers with Radar,3,30,33,0,66,0,1,263,0,264,3,31,296,0,330,350,0,350,680
02/28/2017,FRG,NY,AEA,EN,Towers with Radar,1,12,40,0,53,0,0,129,0,129,1,12,169,0,182,400,0,400,582
03/01/2017,FRG,NY,AEA,EN,Towers with Radar,0,9,30,0,39,0,0,13,0,13,0,9,43,0,52,38,0,38,90
03/02/2017,FRG,NY,AEA,EN,Towers with Radar,0,17,32,0,49,0,0,49,0,49,0,17,81,0,98,20,0,20,118
03/03/2017,FRG,NY,AEA,EN,Towers with Radar,0,21,40,0,61,0,3,212,0,215,0,24,252,0,276,386,0,386,662
03/04/2017,FRG,NY,AEA,EN,Towers with Radar,0,11,17,0,28,0,1,74,0,75,0,12,91,0,103,96,0,96,199
03/05/2017,FRG,NY,AEA,EN,Towers with Radar,0,29,35,0,64,0,3,212,1,216,0,32,247,1,280,178,0,178,458
03/06/2017,FRG,NY,AEA,EN,Towers with Radar,0,28,25,0,53,0,3,335,0,338,0,31,360,0,391,536,0,536,927
03/07/2017,FRG,NY,AEA,EN,Towers with Radar,0,28,47,0,75,0,4,92,1,97,0,32,139,1,172,110,0,110,282
03/08/2017,FRG,NY,AEA,EN,Towers with Radar,0,31,33,0,64,0,2,226,0,228,0,33,259,0,292,146,0,146,438
03/09/2017,FRG,NY,AEA,EN,Towers with Radar,0,21,30,0,51,0,1,112,0,113,0,22,142,0,164,152,0,152,316
03/10/2017,FRG,NY,AEA,EN,Towers with Radar,0,11,24,0,35,0,2,5,0,7,0,13,29,0,42,20,0,20,62
03/11/2017,FRG,NY,AEA,EN,Towers with Radar,0,20,19,0,39,0,0,92,0,92,0,20,111,0,131,160,0,160,291
03/12/2017,FRG,NY,AEA,EN,Towers with Radar,0,27,41,0,68,0,0,250,0,250,0,27,291,0,318,224,0,224,542
03/13/2017,FRG,NY,AEA,EN,Towers with Radar,0,29,38,0,67,0,6,280,0,286,0,35,318,0,353,556,0,556,909
03/14/2017,FRG,NY,AEA,EN,Towers with Radar,0,2,1,0,3,0,0,0,0,0,0,2,1,0,3,0,0,0,3
03/15/2017,FRG,NY,AEA,EN,Towers with Radar,3,25,36,0,64,0,0,65,0,65,3,25,101,0,129,46,0,46,175
03/16/2017,FRG,NY,AEA,EN,Towers with Radar,0,21,31,0,52,0,1,143,0,144,0,22,174,0,196,210,0,210,406
03/17/2017,FRG,NY,AEA,EN,Towers with Radar,0,32,36,0,68,0,2,296,0,298,0,34,332,0,366,386,0,386,752
03/18/2017,FRG,NY,AEA,EN,Towers with Radar,0,18,26,0,44,0,0,47,0,47,0,18,73,0,91,256,0,256,347
03/19/2017,FRG,NY,AEA,EN,Towers with Radar,0,30,40,0,70,0,0,178,0,178,0,30,218,0,248,223,0,223,471
03/20/2017,FRG,NY,AEA,EN,Towers with Radar,0,26,35,0,61,0,0,317,0,317,0,26,352,0,378,484,0,484,862
03/21/2017,FRG,NY,AEA,EN,Towers with Radar,0,19,36,0,55,0,3,296,1,300,0,22,332,1,355,472,0,472,827
03/22/2017,FRG,NY,AEA,EN,Towers with Radar,0,23,32,0,55,0,1,81,0,82,0,24,113,0,137,40,0,40,177
03/23/2017,FRG,NY,AEA,EN,Towers with Radar,0,11,44,0,55,0,11,350,1,362,0,22,394,1,417,357,0,357,774
03/24/2017,FRG,NY,AEA,EN,Towers with Radar,0,18,38,0,56,0,2,191,0,193,0,20,229,0,249,230,0,230,479
03/25/2017,FRG,NY,AEA,EN,Towers with Radar,1,23,40,0,64,0,0,270,0,270,1,23,310,0,334,584,0,584,918
03/26/2017,FRG,NY,AEA,EN,Towers with Radar,0,27,44,0,71,0,0,61,0,61,0,27,105,0,132,248,0,248,380
03/27/2017,FRG,NY,AEA,EN,Towers with Radar,0,18,25,0,43,0,0,24,0,24,0,18,49,0,67,2,0,2,69
03/28/2017,FRG,NY,AEA,EN,Towers with Radar,1,17,36,0,54,0,0,1,0,1,1,17,37,0,55,8,0,8,63
03/29/2017,FRG,NY,AEA,EN,Towers with Radar,1,23,49,0,73,0,6,374,0,380,1,29,423,0,453,322,0,322,775
03/30/2017,FRG,NY,AEA,EN,Towers with Radar,0,20,36,0,56,0,2,379,0,381,0,22,415,0,437,394,0,394,831
03/31/2017,FRG,NY,AEA,EN,Towers with Radar,1,17,29,0,47,0,0,10,0,10,1,17,39,0,57,30,0,30,87
04/01/2017,FRG,NY,AEA,EN,Towers with Radar,1,20,25,0,46,0,0,26,0,26,1,20,51,0,72,52,0,52,124
04/02/2017,FRG,NY,AEA,EN,Towers with Radar,0,22,50,0,72,0,1,473,0,474,0,23,523,0,546,360,0,360,906
04/03/2017,FRG,NY,AEA,EN,Towers with Radar,0,25,29,3,57,0,4,313,0,317,0,29,342,3,374,434,6,440,814
04/04/2017,FRG,NY,AEA,EN,Towers with Radar,0,23,28,0,51,0,0,0,0,0,0,23,28,0,51,0,0,0,51
04/05/2017,FRG,NY,AEA,EN,Towers with Radar,0,22,45,0,67,0,0,257,0,257,0,22,302,0,324,448,0,448,772
04/06/2017,FRG,NY,AEA,EN,Towers with Radar,0,33,46,0,79,0,0,2,0,2,0,33,48,0,81,0,0,0,81
04/07/2017,FRG,NY,AEA,EN,Towers with Radar,0,37,81,0,118,0,0,134,0,134,0,37,215,0,252,118,0,118,370
04/08/2017,FRG,NY,AEA,EN,Towers with Radar,0,28,35,0,63,0,1,229,0,230,0,29,264,0,293,208,0,208,501
04/09/2017,FRG,NY,AEA,EN,Towers with Radar,0,32,42,0,74,0,3,415,0,418,0,35,457,0,492,428,0,428,920
04/10/2017,FRG,NY,AEA,EN,Towers with Radar,0,26,42,0,68,0,2,339,0,341,0,28,381,0,409,374,0,374,783
04/11/2017,FRG,NY,AEA,EN,Towers with Radar,0,15,36,0,51,0,1,385,0,386,0,16,421,0,437,470,0,470,907
04/12/2017,FRG,NY,AEA,EN,Towers with Radar,0,12,34,0,46,0,2,241,0,243,0,14,275,0,289,360,0,360,649
04/13/2017,FRG,NY,AEA,EN,Towers with Radar,0,36,51,0,87,0,4,314,1,319,0,40,365,1,406,324,0,324,730
04/14/2017,FRG,NY,AEA,EN,Towers with Radar,0,34,33,0,67,0,75,300,0,375,0,109,333,0,442,294,0,294,736
04/15/2017,FRG,NY,AEA,EN,Towers with Radar,0,20,27,0,47,0,6,294,0,300,0,26,321,0,347,292,0,292,639
04/16/2017,FRG,NY,AEA,EN,Towers with Radar,0,24,38,0,62,0,0,202,0,202,0,24,240,0,264,204,0,204,468
04/17/2017,FRG,NY,AEA,EN,Towers with Radar,0,43,69,0,112,0,5,262,0,267,0,48,331,0,379,406,0,406,785
04/18/2017,FRG,NY,AEA,EN,Towers with Radar,0,25,42,0,67,0,3,330,0,333,0,28,372,0,400,470,0,470,870
04/19/2017,FRG,NY,AEA,EN,Towers with Radar,0,32,58,0,90,0,0,187,0,187,0,32,245,0,277,410,0,410,687
04/20/2017,FRG,NY,AEA,EN,Towers with Radar,0,30,71,2,103,0,6,88,0,94,0,36,159,2,197,102,0,102,299
04/21/2017,FRG,NY,AEA,EN,Towers with Radar,0,27,70,0,97,0,0,3,0,3,0,27,73,0,100,16,0,16,116
04/22/2017,FRG,NY,AEA,EN,Towers with Radar,0,20,65,0,85,0,0,103,0,103,0,20,168,0,188,278,0,278,466
04/23/2017,FRG,NY,AEA,EN,Towers with Radar,0,21,65,0,86,0,0,354,0,354,0,21,419,0,440,384,0,384,824
04/24/2017,FRG,NY,AEA,EN,Towers with Radar,0,29,32,0,61,0,3,228,0,231,0,32,260,0,292,446,0,446,738
04/25/2017,FRG,NY,AEA,EN,Towers with Radar,0,19,53,0,72,0,0,7,0,7,0,19,60,0,79,0,0,0,79
04/26/2017,FRG,NY,AEA,EN,Towers with Radar,0,24,63,0,87,0,0,8,0,8,0,24,71,0,95,8,0,8,103
04/27/2017,FRG,NY,AEA,EN,Towers with Radar,0,29,84,0,113,0,0,68,0,68,0,29,152,0,181,134,0,134,315
04/28/2017,FRG,NY,AEA,EN,Towers with Radar,0,24,62,0,86,0,3,312,0,315,0,27,374,0,401,266,0,266,667
04/29/2017,FRG,NY,AEA,EN,Towers with Radar,0,38,61,0,99,0,2,253,0,255,0,40,314,0,354,240,0,240,594
04/30/2017,FRG,NY,AEA,EN,Towers with Radar,0,28,97,0,125,0,1,334,0,335,0,29,431,0,460,434,0,434,894
05/01/2017,FRG,NY,AEA,EN,Towers with Radar,0,30,44,0,74,0,1,42,0,43,0,31,86,0,117,36,0,36,153
05/02/2017,FRG,NY,AEA,EN,Towers with Radar,0,10,44,0,54,0,1,123,0,124,0,11,167,0,178,82,0,82,260
05/03/2017,FRG,NY,AEA,EN,Towers with Radar,0,17,29,0,46,0,2,305,0,307,0,19,334,0,353,306,0,306,659
05/04/2017,FRG,NY,AEA,EN,Towers with Radar,1,27,62,0,90,0,4,330,0,334,1,31,392,0,424,290,0,290,714
05/05/2017,FRG,NY,AEA,EN,Towers with Radar,1,26,47,0,74,0,0,2,2,4,1,26,49,2,78,2,0,2,80
05/06/2017,FRG,NY,AEA,EN,Towers with Radar,0,21,42,0,63,0,1,111,0,112,0,22,153,0,175,98,0,98,273
05/07/2017,FRG,NY,AEA,EN,Towers with Radar,0,25,52,0,77,0,0,258,0,258,0,25,310,0,335,354,0,354,689
05/08/2017,FRG,NY,AEA,EN,Towers with Radar,1,13,34,0,48,0,2,346,0,348,1,15,380,0,396,408,0,408,804
05/09/2017,FRG,NY,AEA,EN,Towers with Radar,0,28,42,0,70,0,4,397,0,401,0,32,439,0,471,344,0,344,815
05/10/2017,FRG,NY,AEA,EN,Towers with Radar,0,12,37,0,49,0,2,385,0,387,0,14,422,0,436,516,0,516,952
05/11/2017,FRG,NY,AEA,EN,Towers with Radar,0,29,60,0,89,0,2,325,0,327,0,31,385,0,416,450,0,450,866
05/12/2017,FRG,NY,AEA,EN,Towers with Radar,0,31,52,0,83,0,11,332,0,343,0,42,384,0,426,514,0,514,940
05/13/2017,FRG,NY,AEA,EN,Towers with Radar,0,23,27,0,50,0,0,1,0,1,0,23,28,0,51,0,0,0,51
05/14/2017,FRG,NY,AEA,EN,Towers with Radar,0,25,28,0,53,0,3,162,0,165,0,28,190,0,218,307,0,307,525
05/15/2017,FRG,NY,AEA,EN,Towers with Radar,0,16,40,0,56,0,1,103,0,104,0,17,143,0,160,84,0,84,244
05/16/2017,FRG,NY,AEA,EN,Towers with Radar,0,13,41,0,54,0,2,386,0,388,0,15,427,0,442,536,0,536,978
05/17/2017,FRG,NY,AEA,EN,Towers with Radar,0,11,29,0,40,0,0,431,0,431,0,11,460,0,471,404,0,404,875
05/18/2017,FRG,NY,AEA,EN,Towers with Radar,3,26,34,6,69,0,6,415,0,421,3,32,449,6,490,338,0,338,828
05/19/2017,FRG,NY,AEA,EN,Towers with Radar,1,22,33,0,56,0,5,290,1,296,1,27,323,1,352,388,0,388,740
05/20/2017,FRG,NY,AEA,EN,Towers with Radar,4,14,45,0,63,0,1,351,0,352,4,15,396,0,415,324,0,324,739
05/21/2017,FRG,NY,AEA,EN,Towers with Radar,0,44,67,0,111,0,2,464,0,466,0,46,531,0,577,460,0,460,1037
05/22/2017,FRG,NY,AEA,EN,Towers with Radar,0,27,49,0,76,0,0,19,0,19,0,27,68,0,95,48,0,48,143
05/23/2017,FRG,NY,AEA,EN,Towers with Radar,0,24,43,0,67,0,5,324,0,329,0,29,367,0,396,304,0,304,700
05/24/2017,FRG,NY,AEA,EN,Towers with Radar,0,23,50,0,73,0,3,305,0,308,0,26,355,0,381,318,0,318,699
05/25/2017,FRG,NY,AEA,EN,Towers with Radar,0,39,93,0,132,0,0,0,0,0,0,39,93,0,132,10,0,10,142
05/26/2017,FRG,NY,AEA,EN,Towers with Radar,0,35,58,0,93,0,3,260,0,263,0,38,318,0,356,140,0,140,496
05/27/2017,FRG,NY,AEA,EN,Towers with Radar,0,13,17,0,30,0,3,340,1,344,0,16,357,1,374,132,0,132,506
05/28/2017,FRG,NY,AEA,EN,Towers with Radar,0,20,39,0,59,0,2,320,0,322,0,22,359,0,381,86,0,86,467
05/29/2017,FRG,NY,AEA,EN,Towers with Radar,0,39,87,1,127,0,0,27,0,27,0,39,114,1,154,52,0,52,206
05/30/2017,FRG,NY,AEA,EN,Towers with Radar,0,25,85,0,110,0,0,6,0,6,0,25,91,0,116,14,0,14,130
05/31/2017,FRG,NY,AEA,EN,Towers with Radar,0,17,64,0,81,0,0,73,0,73,0,17,137,0,154,282,0,282,436
06/01/2017,FRG,NY,AEA,EN,Towers with Radar,0,19,42,0,61,0,0,286,0,286,0,19,328,0,347,302,0,302,649
06/02/2017,FRG,NY,AEA,EN,Towers with Radar,0,28,42,0,70,0,2,367,0,369,0,30,409,0,439,418,0,418,857
06/03/2017,FRG,NY,AEA,EN,Towers with Radar,0,17,39,0,56,0,1,386,0,387,0,18,425,0,443,398,0,398,841
06/04/2017,FRG,NY,AEA,EN,Towers with Radar,0,26,51,0,77,0,0,334,0,334,0,26,385,0,411,494,0,494,905
06/05/2017,FRG,NY,AEA,EN,Towers with Radar,0,26,50,0,76,0,0,7,0,7,0,26,57,0,83,0,0,0,83
06/06/2017,FRG,NY,AEA,EN,Towers with Radar,0,12,71,0,83,0,0,17,0,17,0,12,88,0,100,20,0,20,120
06/07/2017,FRG,NY,AEA,EN,Towers with Radar,0,9,39,0,48,0,1,274,0,275,0,10,313,0,323,426,0,426,749
06/08/2017,FRG,NY,AEA,EN,Towers with Radar,0,21,34,0,55,0,3,429,0,432,0,24,463,0,487,558,0,558,1045
06/09/2017,FRG,NY,AEA,EN,Towers with Radar,0,25,44,0,69,0,0,325,0,325,0,25,369,0,394,384,0,384,778
06/10/2017,FRG,NY,AEA,EN,Towers with Radar,0,19,61,0,80,0,1,340,0,341,0,20,401,0,421,274,0,274,695
06/11/2017,FRG,NY,AEA,EN,Towers with Radar,0,30,53,0,83,0,2,390,0,392,0,32,443,0,475,340,0,340,815
06/12/2017,FRG,NY,AEA,EN,Towers with Radar,0,20,29,0,49,0,2,350,0,352,0,22,379,0,401,450,0,450,851
06/13/2017,FRG,NY,AEA,EN,Towers with Radar,0,18,37,0,55,0,9,203,0,212,0,27,240,0,267,260,0,260,527
06/14/2017,FRG,NY,AEA,EN,Towers with Radar,0,15,60,0,75,0,0,261,0,261,0,15,321,0,336,374,0,374,710
06/15/2017,FRG,NY,AEA,EN,Towers with Radar,0,20,66,0,86,0,3,312,0,315,0,23,378,0,401,469,0,469,870
06/16/2017,FRG,NY,AEA,EN,Towers with Radar,0,33,73,0,106,0,0,5,0,5,0,33,78,0,111,48,0,48,159
06/17/2017,FRG,NY,AEA,EN,Towers with Radar,0,14,59,0,73,0,0,0,0,0,0,14,59,0,73,8,0,8,81
06/18/2017,FRG,NY,AEA,EN,Towers with Radar,0,19,65,0,84,0,0,34,0,34,0,19,99,0,118,24,0,24,142
06/19/2017,FRG,NY,AEA,EN,Towers with Radar,0,8,49,0,57,0,0,37,0,37,0,8,86,0,94,14,0,14,108
06/20/2017,FRG,NY,AEA,EN,Towers with Radar,0,22,65,0,87,0,4,266,0,270,0,26,331,0,357,254,0,254,611
06/21/2017,FRG,NY,AEA,EN,Towers with Radar,0,24,45,0,69,0,7,363,0,370,0,31,408,0,439,414,0,414,853
06/22/2017,FRG,NY,AEA,EN,Towers with Radar,0,21,57,0,78,0,4,362,0,366,0,25,419,0,444,458,0,458,902
06/23/2017,FRG,NY,AEA,EN,Towers with Radar,0,33,57,0,90,0,0,160,0,160,0,33,217,0,250,264,0,264,514
06/24/2017,FRG,NY,AEA,EN,Towers with Radar,0,25,38,0,63,0,1,233,0,234,0,26,271,0,297,130,0,130,427
06/25/2017,FRG,NY,AEA,EN,Towers with Radar,0,39,43,0,82,0,0,477,1,478,0,39,520,1,560,302,0,302,862
06/26/2017,FRG,NY,AEA,EN,Towers with Radar,0,22,40,0,62,0,1,381,2,384,0,23,421,2,446,444,0,444,890
06/27/2017,FRG,NY,AEA,EN,Towers with Radar,3,13,24,0,40,0,3,304,0,307,3,16,328,0,347,562,0,562,909
06/28/2017,FRG,NY,AEA,EN,Towers with Radar,1,23,43,0,67,0,5,372,0,377,1,28,415,0,444,388,0,388,832
06/29/2017,FRG,NY,AEA,EN,Towers with Radar,0,19,36,0,55,0,2,204,0,206,0,21,240,0,261,255,0,255,516
06/30/2017,FRG,NY,AEA,EN,Towers with Radar,0,16,34,0,50,0,2,282,0,284,0,18,316,0,334,404,0,404,738
07/01/2017,FRG,NY,AEA,EN,Towers with Radar,0,20,55,0,75,0,0,34,0,34,0,20,89,0,109,28,0,28,137
07/02/2017,FRG,NY,AEA,EN,Towers with Radar,0,14,27,0,41,0,1,394,1,396,0,15,421,1,437,414,0,414,851
07/03/2017,FRG,NY,AEA,EN,Towers with Radar,0,13,33,0,46,0,3,311,0,314,0,16,344,0,360,386,0,386,746
07/04/2017,FRG,NY,AEA,EN,Towers with Radar,0,4,20,0,24,0,2,267,0,269,0,6,287,0,293,218,0,218,511
07/05/2017,FRG,NY,AEA,EN,Towers with Radar,0,29,55,0,84,0,0,394,0,394,0,29,449,0,478,382,0,382,860
07/06/2017,FRG,NY,AEA,EN,Towers with Radar,0,15,38,0,53,0,3,267,2,272,0,18,305,2,325,491,0,491,816
07/07/2017,FRG,NY,AEA,EN,Towers with Radar,0,25,40,0,65,0,0,48,0,48,0,25,88,0,113,31,0,31,144
07/08/2017,FRG,NY,AEA,EN,Towers with Radar,0,15,25,0,40,0,2,330,0,332,0,17,355,0,372,228,0,228,600
07/09/2017,FRG,NY,AEA,EN,Towers with Radar,0,24,57,0,81,0,0,425,0,425,0,24,482,0,506,304,0,304,810
07/10/2017,FRG,NY,AEA,EN,Towers with Radar,0,21,34,0,55,0,1,351,0,352,0,22,385,0,407,351,0,351,758
07/11/2017,FRG,NY,AEA,EN,Towers with Radar,0,23,33,0,56,0,4,188,0,192,0,27,221,0,248,245,0,245,493
07/12/2017,FRG,NY,AEA,EN,Towers with Radar,0,17,34,0,51,0,2,241,0,243,0,19,275,0,294,330,0,330,624
07/13/2017,FRG,NY,AEA,EN,Towers with Radar,0,20,41,0,61,0,2,298,0,300,0,22,339,0,361,434,0,434,795
07/14/2017,FRG,NY,AEA,EN,Towers with Radar,0,37,62,0,99,0,0,3,0,3,0,37,65,0,102,6,0,6,108
07/15/2017,FRG,NY,AEA,EN,Towers with Radar,0,13,72,0,85,0,0,203,0,203,0,13,275,0,288,333,0,333,621
07/16/2017,FRG,NY,AEA,EN,Towers with Radar,1,30,56,0,87,0,0,420,0,420,1,30,476,0,507,330,0,330,837
07/17/2017,FRG,NY,AEA,EN,Towers with Radar,0,43,44,0,87,0,2,294,0,296,0,45,338,0,383,358,0,358,741
07/18/2017,FRG,NY,AEA,EN,Towers with Radar,0,16,38,0,54,0,2,276,4,282,0,18,314,4,336,364,0,364,700
07/19/2017,FRG,NY,AEA,EN,Towers with Radar,0,17,41,2,60,0,2,310,0,312,0,19,351,2,372,445,0,445,817
07/20/2017,FRG,NY,AEA,EN,Towers with Radar,1,28,49,0,78,0,1,375,1,377,1,29,424,1,455,386,0,386,841
07/21/2017,FRG,NY,AEA,EN,Towers with Radar,0,37,31,3,71,0,2,412,0,414,0,39,443,3,485,502,0,502,987
07/22/2017,FRG,NY,AEA,EN,Towers with Radar,0,23,24,0,47,0,0,330,0,330,0,23,354,0,377,418,0,418,795
07/23/2017,FRG,NY,AEA,EN,Towers with Radar,0,34,41,0,75,0,2,265,0,267,0,36,306,0,342,401,0,401,743
07/24/2017,FRG,NY,AEA,EN,Towers with Radar,0,12,33,0,45,0,0,35,0,35,0,12,68,0,80,84,0,84,164
07/25/2017,FRG,NY,AEA,EN,Towers with Radar,0,16,53,2,71,0,2,206,2,210,0,18,259,4,281,396,0,396,677
07/26/2017,FRG,NY,AEA,EN,Towers with Radar,0,34,48,0,82,0,5,433,0,438,0,39,481,0,520,558,0,558,1078
07/27/2017,FRG,NY,AEA,EN,Towers with Radar,0,25,48,0,73,0,5,256,1,262,0,30,304,1,335,464,0,464,799
07/28/2017,FRG,NY,AEA,EN,Towers with Radar,0,29,40,0,69,0,2,206,0,208,0,31,246,0,277,228,0,228,505
07/29/2017,FRG,NY,AEA,EN,Towers with Radar,0,34,28,0,62,0,0,102,0,102,0,34,130,0,164,128,0,128,292
07/30/2017,FRG,NY,AEA,EN,Towers with Radar,0,25,38,0,63,0,4,493,0,497,0,29,531,0,560,384,0,384,944
07/31/2017,FRG,NY,AEA,EN,Towers with Radar,0,16,38,0,54,0,4,390,0,394,0,20,428,0,448,468,0,468,916
08/01/2017,FRG,NY,AEA,EN,Towers with Radar,0,16,29,0,45,0,6,328,0,334,0,22,357,0,379,550,0,550,929
08/02/2017,FRG,NY,AEA,EN,Towers with Radar,0,33,41,0,74,0,0,275,0,275,0,33,316,0,349,403,0,403,752
08/03/2017,FRG,NY,AEA,EN,Towers with Radar,0,36,59,0,95,0,2,401,0,403,0,38,460,0,498,514,0,514,1012
08/04/2017,FRG,NY,AEA,EN,Towers with Radar,0,22,43,0,65,0,2,275,0,277,0,24,318,0,342,360,0,360,702
08/05/2017,FRG,NY,AEA,EN,Towers with Radar,0,20,44,0,64,0,1,146,0,147,0,21,190,0,211,328,0,328,539
08/06/2017,FRG,NY,AEA,EN,Towers with Radar,0,24,49,0,73,0,0,455,0,455,0,24,504,0,528,312,0,312,840
08/07/2017,FRG,NY,AEA,EN,Towers with Radar,0,23,51,2,76,0,1,74,0,75,0,24,125,2,151,148,0,148,299
08/08/2017,FRG,NY,AEA,EN,Towers with Radar,0,36,65,0,101,0,3,255,0,258,0,39,320,0,359,318,0,318,677
08/09/2017,FRG,NY,AEA,EN,Towers with Radar,0,33,45,0,78,0,6,471,0,477,0,39,516,0,555,402,0,402,957
08/10/2017,FRG,NY,AEA,EN,Towers with Radar,0,27,44,0,71,0,4,459,0,463,0,31,503,0,534,543,0,543,1077
08/11/2017,FRG,NY,AEA,EN,Towers with Radar,0,32,45,0,77,0,3,355,1,359,0,35,400,1,436,385,0,385,821
08/12/2017,FRG,NY,AEA,EN,Towers with Radar,0,27,53,0,80,0,0,68,0,68,0,27,121,0,148,167,0,167,315
08/13/2017,FRG,NY,AEA,EN,Towers with Radar,0,27,47,0,74,0,4,448,0,452,0,31,495,0,526,346,0,346,872
08/14/2017,FRG,NY,AEA,EN,Towers with Radar,0,17,24,0,41,0,5,309,0,314,0,22,333,0,355,370,0,370,725
08/15/2017,FRG,NY,AEA,EN,Towers with Radar,0,26,72,0,98,0,8,93,0,101,0,34,165,0,199,14,0,14,213
08/16/2017,FRG,NY,AEA,EN,Towers with Radar,0,26,47,0,73,0,5,382,0,387,0,31,429,0,460,208,0,208,668
08/17/2017,FRG,NY,AEA,EN,Towers with Radar,0,28,40,0,68,0,5,446,0,451,0,33,486,0,519,400,0,400,919
08/18/2017,FRG,NY,AEA,EN,Towers with Radar,0,37,46,0,83,0,0,7,0,7,0,37,53,0,90,0,0,0,90
08/19/2017,FRG,NY,AEA,EN,Towers with Radar,0,38,38,0,76,0,2,388,1,391,0,40,426,1,467,372,0,372,839
08/20/2017,FRG,NY,AEA,EN,Towers with Radar,0,38,50,0,88,0,1,406,0,407,0,39,456,0,495,328,0,328,823
08/21/2017,FRG,NY,AEA,EN,Towers with Radar,0,38,50,0,88,0,6,342,0,348,0,44,392,0,436,314,0,314,750
08/22/2017,FRG,NY,AEA,EN,Towers with Radar,0,33,53,0,86,0,2,122,0,124,0,35,175,0,210,94,0,94,304
08/23/2017,FRG,NY,AEA,EN,Towers with Radar,0,19,40,0,59,0,3,338,0,341,0,22,378,0,400,352,0,352,752
08/24/2017,FRG,NY,AEA,EN,Towers with Radar,0,35,54,0,89,0,2,394,0,396,0,37,448,0,485,490,0,490,975
08/25/2017,FRG,NY,AEA,EN,Towers with Radar,0,28,58,0,86,0,1,455,0,456,0,29,513,0,542,400,0,400,942
08/26/2017,FRG,NY,AEA,EN,Towers with Radar,0,14,25,0,39,0,0,351,0,351,0,14,376,0,390,365,0,365,755
08/27/2017,FRG,NY,AEA,EN,Towers with Radar,0,31,45,0,76,0,1,348,0,349,0,32,393,0,425,260,0,260,685
08/28/2017,FRG,NY,AEA,EN,Towers with Radar,0,19,28,1,48,0,2,300,0,302,0,21,328,1,350,184,0,184,534
08/29/2017,FRG,NY,AEA,EN,Towers with Radar,0,17,52,0,69,0,0,91,0,91,0,17,143,0,160,202,0,202,362
08/30/2017,FRG,NY,AEA,EN,Towers with Radar,0,19,31,0,50,0,2,293,0,295,0,21,324,0,345,452,0,452,797
08/31/2017,FRG,NY,AEA,EN,Towers with Radar,0,26,36,0,62,0,3,322,0,325,0,29,358,0,387,456,0,456,843
09/01/2017,FRG,NY,AEA,EN,Towers with Radar,0,28,35,0,63,0,7,328,0,335,0,35,363,0,398,346,0,346,744
09/02/2017,FRG,NY,AEA,EN,Towers with Radar,0,14,27,0,41,0,0,308,0,308,0,14,335,0,349,288,0,288,637
09/03/2017,FRG,NY,AEA,EN,Towers with Radar,0,18,33,0,51,0,0,38,0,38,0,18,71,0,89,56,0,56,145
09/04/2017,FRG,NY,AEA,EN,Towers with Radar,0,19,59,0,78,0,0,345,0,345,0,19,404,0,423,242,0,242,665
09/05/2017,FRG,NY,AEA,EN,Towers with Radar,0,45,62,0,107,0,3,212,0,215,0,48,274,0,322,305,0,305,627
09/06/2017,FRG,NY,AEA,EN,Towers with Radar,0,24,57,0,81,0,0,22,0,22,0,24,79,0,103,46,0,46,149
09/07/2017,FRG,NY,AEA,EN,Towers with Radar,0,61,70,2,133,0,3,488,0,491,0,64,558,2,624,464,0,464,1088
09/08/2017,FRG,NY,AEA,EN,Towers with Radar,0,35,65,0,100,0,5,425,0,430,0,40,490,0,530,420,0,420,950
09/09/2017,FRG,NY,AEA,EN,Towers with Radar,0,27,32,0,59,0,1,407,0,408,0,28,439,0,467,278,0,278,745
09/10/2017,FRG,NY,AEA,EN,Towers with Radar,0,19,39,0,58,0,4,398,0,402,0,23,437,0,460,354,0,354,814
09/11/2017,FRG,NY,AEA,EN,Towers with Radar,0,22,21,0,43,0,2,330,0,332,0,24,351,0,375,366,0,366,741
09/12/2017,FRG,NY,AEA,EN,Towers with Radar,0,20,29,0,49,0,6,305,0,311,0,26,334,0,360,372,0,372,732
09/13/2017,FRG,NY,AEA,EN,Towers with Radar,0,14,50,0,64,0,2,285,0,287,0,16,335,0,351,314,0,314,665
09/14/2017,FRG,NY,AEA,EN,Towers with Radar,0,20,76,2,98,0,0,262,0,262,0,20,338,2,360,236,0,236,596
09/15/2017,FRG,NY,AEA,EN,Towers with Radar,0,22,50,0,72,0,1,281,0,282,0,23,331,0,354,366,0,366,720
09/16/2017,FRG,NY,AEA,EN,Towers with Radar,0,22,46,0,68,0,1,139,0,140,0,23,185,0,208,230,0,230,438
09/17/2017,FRG,NY,AEA,EN,Towers with Radar,1,26,64,0,91,0,3,150,4,157,1,29,214,4,248,104,0,104,352
09/18/2017,FRG,NY,AEA,EN,Towers with Radar,0,30,68,0,98,0,5,60,0,65,0,35,128,0,163,0,0,0,163
09/19/2017,FRG,NY,AEA,EN,Towers with Radar,0,20,34,0,54,0,2,44,0,46,0,22,78,0,100,10,0,10,110
09/20/2017,FRG,NY,AEA,EN,Towers with Radar,1,21,52,0,74,0,6,130,0,136,1,27,182,0,210,0,0,0,210
09/21/2017,FRG,NY,AEA,EN,Towers with Radar,0,35,65,0,100,0,2,312,0,314,0,37,377,0,414,38,0,38,452
09/22/2017,FRG,NY,AEA,EN,Towers with Radar,0,19,61,0,80,0,3,237,1,241,0,22,298,1,321,290,0,290,611
09/23/2017,FRG,NY,AEA,EN,Towers with Radar,0,18,28,0,46,0,2,380,0,382,0,20,408,0,428,384,0,384,812
09/24/2017,FRG,NY,AEA,EN,Towers with Radar,0,25,51,0,76,0,5,401,0,406,0,30,452,0,482,402,0,402,884
09/25/2017,FRG,NY,AEA,EN,Towers with Radar,0,20,38,0,58,0,1,307,0,308,0,21,345,0,366,488,0,488,854
09/26/2017,FRG,NY,AEA,EN,Towers with Radar,0,13,53,0,66,0,2,151,0,153,0,15,204,0,219,130,0,130,349
09/27/2017,FRG,NY,AEA,EN,Towers with Radar,0,17,70,0,87,0,2,148,0,150,0,19,218,0,237,290,0,290,527
09/28/2017,FRG,NY,AEA,EN,Towers with Radar,0,29,44,1,74,0,3,256,0,259,0,32,300,1,333,186,0,186,519
09/29/2017,FRG,NY,AEA,EN,Towers with Radar,2,20,46,2,70,0,8,439,0,447,2,28,485,2,517,354,0,354,871
09/30/2017,FRG,NY,AEA,EN,Towers with Radar,1,16,35,0,52,0,0,111,0,111,1,16,146,0,163,254,0,254,417
10/01/2017,FRG,NY,AEA,EN,Towers with Radar,3,35,36,0,74,0,3,431,1,435,3,38,467,1,509,212,0,212,721
10/02/2017,FRG,NY,AEA,EN,Towers with Radar,0,19,35,0,54,0,6,365,0,371,0,25,400,0,425,380,0,380,805
10/03/2017,FRG,NY,AEA,EN,Towers with Radar,1,13,35,0,49,0,1,337,0,338,1,14,372,0,387,566,0,566,953
10/04/2017,FRG,NY,AEA,EN,Towers with Radar,1,22,38,0,61,0,5,368,0,373,1,27,406,0,434,376,0,376,810
10/05/2017,FRG,NY,AEA,EN,Towers with Radar,2,33,43,0,78,0,6,342,0,348,2,39,385,0,426,268,0,268,694
10/06/2017,FRG,NY,AEA,EN,Towers with Radar,0,35,67,2,104,0,4,327,3,334,0,39,394,5,438,338,0,338,776
10/07/2017,FRG,NY,AEA,EN,Towers with Radar,0,19,45,0,64,0,0,300,0,300,0,19,345,0,364,355,0,355,719
10/08/2017,FRG,NY,AEA,EN,Towers with Radar,0,42,62,0,104,0,0,18,0,18,0,42,80,0,122,4,0,4,126
10/09/2017,FRG,NY,AEA,EN,Towers with Radar,0,60,79,0,139,0,0,3,0,3,0,60,82,0,142,0,0,0,142
10/10/2017,FRG,NY,AEA,EN,Towers with Radar,0,11,46,0,57,0,3,375,3,381,0,14,421,3,438,408,0,408,846
10/11/2017,FRG,NY,AEA,EN,Towers with Radar,0,26,25,0,51,0,2,310,0,312,0,28,335,0,363,274,0,274,637
10/12/2017,FRG,NY,AEA,EN,Towers with Radar,0,19,37,0,56,0,0,259,0,259,0,19,296,0,315,280,0,280,595
10/13/2017,FRG,NY,AEA,EN,Towers with Radar,0,28,57,0,85,0,5,320,0,325,0,33,377,0,410,394,0,394,804
10/14/2017,FRG,NY,AEA,EN,Towers with Radar,0,25,60,0,85,0,1,31,0,32,0,26,91,0,117,96,0,96,213
10/15/2017,FRG,NY,AEA,EN,Towers with Radar,0,43,76,0,119,0,0,47,0,47,0,43,123,0,166,104,0,104,270
10/16/2017,FRG,NY,AEA,EN,Towers with Radar,1,29,23,0,53,0,4,220,0,224,1,33,243,0,277,328,0,328,605
10/17/2017,FRG,NY,AEA,EN,Towers with Radar,1,15,47,0,63,0,1,382,0,383,1,16,429,0,446,352,0,352,798
10/18/2017,FRG,NY,AEA,EN,Towers with Radar,0,29,43,0,72,0,3,367,0,370,0,32,410,0,442,372,0,372,814
10/19/2017,FRG,NY,AEA,EN,Towers with Radar,0,22,53,0,75,0,1,348,0,349,0,23,401,0,424,444,0,444,868
10/20/2017,FRG,NY,AEA,EN,Towers with Radar,0,21,37,0,58,0,9,390,1,400,0,30,427,1,458,412,0,412,870
10/21/2017,FRG,NY,AEA,EN,Towers with Radar,0,23,22,0,45,0,3,434,0,437,0,26,456,0,482,372,0,372,854
10/22/2017,FRG,NY,AEA,EN,Towers with Radar,0,30,52,0,82,0,3,373,0,376,0,33,425,0,458,286,0,286,744
10/23/2017,FRG,NY,AEA,EN,Towers with Radar,0,24,49,0,73,0,3,240,0,243,0,27,289,0,316,352,0,352,668
10/24/2017,FRG,NY,AEA,EN,Towers with Radar,3,8,22,0,33,0,0,4,1,5,3,8,26,1,38,6,0,6,44
10/25/2017,FRG,NY,AEA,EN,Towers with Radar,1,25,54,0,80,0,0,152,1,153,1,25,206,1,233,311,0,311,544
10/26/2017,FRG,NY,AEA,EN,Towers with Radar,0,22,49,0,71,0,1,187,0,188,0,23,236,0,259,406,0,406,665
10/27/2017,FRG,NY,AEA,EN,Towers with Radar,0,29,36,0,65,0,5,439,0,444,0,34,475,0,509,370,0,370,879
10/28/2017,FRG,NY,AEA,EN,Towers with Radar,0,19,40,0,59,0,1,338,0,339,0,20,378,0,398,316,0,316,714
10/29/2017,FRG,NY,AEA,EN,Towers with Radar,0,21,33,1,55,0,0,0,0,0,0,21,33,1,55,0,0,0,55
10/30/2017,FRG,NY,AEA,EN,Towers with Radar,0,21,29,0,50,0,2,55,0,57,0,23,84,0,107,72,0,72,179
10/31/2017,FRG,NY,AEA,EN,Towers with Radar,0,18,52,0,70,0,1,239,0,240,0,19,291,0,310,254,0,254,564
11/01/2017,FRG,NY,AEA,EN,Towers with Radar,1,28,34,0,63,0,3,264,0,267,1,31,298,0,330,426,0,426,756
11/02/2017,FRG,NY,AEA,EN,Towers with Radar,0,21,50,0,71,0,2,268,0,270,0,23,318,0,341,402,0,402,743
11/03/2017,FRG,NY,AEA,EN,Towers with Radar,0,23,46,2,71,0,2,224,0,226,0,25,270,2,297,304,0,304,601
11/04/2017,FRG,NY,AEA,EN,Towers with Radar,0,13,31,0,44,0,1,434,0,435,0,14,465,0,479,389,0,389,868
11/05/2017,FRG,NY,AEA,EN,Towers with Radar,0,34,67,0,101,0,0,18,0,18,0,34,85,0,119,28,0,28,147
11/06/2017,FRG,NY,AEA,EN,Towers with Radar,0,33,40,0,73,0,0,30,0,30,0,33,70,0,103,46,0,46,149
11/07/2017,FRG,NY,AEA,EN,Towers with Radar,0,20,48,0,68,0,1,168,0,169,0,21,216,0,237,312,0,312,549
11/08/2017,FRG,NY,AEA,EN,Towers with Radar,1,14,53,0,68,0,1,173,0,174,1,15,226,0,242,404,0,404,646
11/09/2017,FRG,NY,AEA,EN,Towers with Radar,0,42,46,2,90,0,2,332,0,334,0,44,378,2,424,526,0,526,950
11/10/2017,FRG,NY,AEA,EN,Towers with Radar,0,18,33,0,51,0,1,72,0,73,0,19,105,0,124,23,0,23,147
11/11/2017,FRG,NY,AEA,EN,Towers with Radar,0,20,20,0,40,0,1,396,0,397,0,21,416,0,437,346,0,346,783
11/12/2017,FRG,NY,AEA,EN,Towers with Radar,0,37,41,0,78,0,2,402,0,404,0,39,443,0,482,320,0,320,802
11/13/2017,FRG,NY,AEA,EN,Towers with Radar,0,17,34,0,51,0,4,140,0,144,0,21,174,0,195,350,0,350,545
11/14/2017,FRG,NY,AEA,EN,Towers with Radar,0,15,49,0,64,0,0,66,0,66,0,15,115,0,130,332,0,332,462
11/15/2017,FRG,NY,AEA,EN,Towers with Radar,0,19,42,0,61,0,2,290,0,292,0,21,332,0,353,436,0,436,789
11/16/2017,FRG,NY,AEA,EN,Towers with Radar,0,28,35,0,63,0,1,171,0,172,0,29,206,0,235,280,0,280,515
11/17/2017,FRG,NY,AEA,EN,Towers with Radar,1,25,47,3,76,0,4,271,0,275,1,29,318,3,351,230,0,230,581
11/18/2017,FRG,NY,AEA,EN,Towers with Radar,0,16,37,0,53,0,1,224,0,225,0,17,261,0,278,314,0,314,592
11/19/2017,FRG,NY,AEA,EN,Towers with Radar,1,48,35,0,84,0,0,47,0,47,1,48,82,0,131,12,0,12,143
11/20/2017,FRG,NY,AEA,EN,Towers with Radar,1,28,54,0,83,0,4,217,0,221,1,32,271,0,304,248,0,248,552
11/21/2017,FRG,NY,AEA,EN,Towers with Radar,0,33,57,0,90,0,2,272,0,274,0,35,329,0,364,217,0,217,581
11/22/2017,FRG,NY,AEA,EN,Towers with Radar,0,31,67,2,100,0,0,130,0,130,0,31,197,2,230,140,0,140,370
11/23/2017,FRG,NY,AEA,EN,Towers with Radar,1,16,20,0,37,0,0,117,0,117,1,16,137,0,154,152,0,152,306
11/24/2017,FRG,NY,AEA,EN,Towers with Radar,0,14,37,0,51,0,1,280,0,281,0,15,317,0,332,306,0,306,638
11/25/2017,FRG,NY,AEA,EN,Towers with Radar,0,22,23,0,45,0,0,307,0,307,0,22,330,0,352,302,0,302,654
11/26/2017,FRG,NY,AEA,EN,Towers with Radar,0,43,105,0,148,0,2,303,0,305,0,45,408,0,453,188,0,188,641
11/27/2017,FRG,NY,AEA,EN,Towers with Radar,0,26,36,0,62,0,8,275,0,283,0,34,311,0,345,316,0,316,661
11/28/2017,FRG,NY,AEA,EN,Towers with Radar,0,19,40,0,59,0,1,253,0,254,0,20,293,0,313,320,0,320,633
11/29/2017,FRG,NY,AEA,EN,Towers with Radar,0,24,33,0,57,0,3,306,0,309,0,27,339,0,366,342,0,342,708
11/30/2017,FRG,NY,AEA,EN,Towers with Radar,0,18,44,0,62,0,5,271,0,276,0,23,315,0,338,402,0,402,740
12/01/2017,FRG,NY,AEA,EN,Towers with Radar,0,22,30,0,52,0,3,315,0,318,0,25,345,0,370,316,0,316,686
12/02/2017,FRG,NY,AEA,EN,Towers with Radar,0,11,21,0,32,0,1,277,0,278,0,12,298,0,310,202,0,202,512
12/03/2017,FRG,NY,AEA,EN,Towers with Radar,2,20,57,0,79,0,0,322,0,322,2,20,379,0,401,362,0,362,763
12/04/2017,FRG,NY,AEA,EN,Towers with Radar,0,21,39,0,60,0,4,265,0,269,0,25,304,0,329,424,0,424,753
12/05/2017,FRG,NY,AEA,EN,Towers with Radar,0,19,19,0,38,0,2,54,0,56,0,21,73,0,94,126,0,126,220
12/06/2017,FRG,NY,AEA,EN,Towers with Radar,0,19,33,0,52,0,3,198,0,201,0,22,231,0,253,296,0,296,549
12/07/2017,FRG,NY,AEA,EN,Towers with Radar,0,30,34,0,64,0,1,294,0,295,0,31,328,0,359,306,0,306,665
12/08/2017,FRG,NY,AEA,EN,Towers with Radar,0,19,38,2,59,0,3,247,0,250,0,22,285,2,309,364,0,364,673
12/09/2017,FRG,NY,AEA,EN,Towers with Radar,0,13,9,0,22,0,0,7,0,7,0,13,16,0,29,22,0,22,51
12/10/2017,FRG,NY,AEA,EN,Towers with Radar,0,21,42,0,63,0,0,194,0,194,0,21,236,0,257,240,0,240,497
12/11/2017,FRG,NY,AEA,EN,Towers with Radar,0,24,27,2,53,0,6,234,2,242,0,30,261,4,295,286,0,286,581
12/12/2017,FRG,NY,AEA,EN,Towers with Radar,0,18,25,0,43,0,1,94,0,95,0,19,119,0,138,260,0,260,398
12/13/2017,FRG,NY,AEA,EN,Towers with Radar,0,16,19,0,35,0,1,36,0,37,0,17,55,0,72,28,0,28,100
12/14/2017,FRG,NY,AEA,EN,Towers with Radar,2,17,28,0,47,0,5,102,0,107,2,22,130,0,154,182,0,182,336
12/15/2017,FRG,NY,AEA,EN,Towers with Radar,0,17,29,0,46,0,1,150,0,151,0,18,179,0,197,215,0,215,412
12/16/2017,FRG,NY,AEA,EN,Towers with Radar,0,17,19,0,36,0,1,149,0,150,0,18,168,0,186,80,0,80,266
12/17/2017,FRG,NY,AEA,EN,Towers with Radar,0,21,51,0,72,0,1,289,0,290,0,22,340,0,362,372,0,372,734
12/18/2017,FRG,NY,AEA,EN,Towers with Radar,0,15,35,0,50,0,2,134,0,136,0,17,169,0,186,347,0,347,533
12/19/2017,FRG,NY,AEA,EN,Towers with Radar,0,24,39,2,65,0,1,196,0,197,0,25,235,2,262,210,0,210,472
12/20/2017,FRG,NY,AEA,EN,Towers with Radar,0,27,42,2,71,0,4,298,0,302,0,31,340,2,373,370,0,370,743
12/21/2017,FRG,NY,AEA,EN,Towers with Radar,0,19,43,0,62,0,1,294,0,295,0,20,337,0,357,435,0,435,792
12/22/2017,FRG,NY,AEA,EN,Towers with Radar,0,24,59,0,83,0,0,170,0,170,0,24,229,0,253,440,0,440,693
12/23/2017,FRG,NY,AEA,EN,Towers with Radar,0,22,50,0,72,0,0,8,0,8,0,22,58,0,80,26,0,26,106
12/24/2017,FRG,NY,AEA,EN,Towers with Radar,0,9,23,0,32,0,0,204,0,204,0,9,227,0,236,366,0,366,602
12/25/2017,FRG,NY,AEA,EN,Towers with Radar,0,25,15,0,40,0,0,5,0,5,0,25,20,0,45,0,0,0,45
12/26/2017,FRG,NY,AEA,EN,Towers with Radar,0,32,62,0,94,0,0,173,0,173,0,32,235,0,267,253,0,253,520
12/27/2017,FRG,NY,AEA,EN,Towers with Radar,0,24,46,0,70,0,1,200,0,201,0,25,246,0,271,330,0,330,601
12/28/2017,FRG,NY,AEA,EN,Towers with Radar,3,14,33,0,50,0,0,105,0,105,3,14,138,0,155,150,0,150,305
12/29/2017,FRG,NY,AEA,EN,Towers with Radar,0,27,13,0,40,0,0,123,0,123,0,27,136,0,163,246,0,246,409
12/30/2017,FRG,NY,AEA,EN,Towers with Radar,0,30,14,0,44,0,0,0,0,0,0,30,14,0,44,6,0,6,50
12/31/2017,FRG,NY,AEA,EN,Towers with Radar,0,19,11,0,30,0,0,108,0,108,0,19,119,0,138,84,0,84,222
01/01/2018,FRG,NY,AEA,EN,Towers with Radar,3,50,47,0,100,0,2,93,2,97,3,52,140,2,197,38,0,38,235
01/02/2018,FRG,NY,AEA,EN,Towers with Radar,1,43,49,0,93,0,1,157,0,158,1,44,206,0,251,148,0,148,399
01/03/2018,FRG,NY,AEA,EN,Towers with Radar,1,29,38,0,68,0,4,267,0,271,1,33,305,0,339,409,0,409,748
01/04/2018,FRG,NY,AEA,EN,Towers with Radar,0,0,0,0,0,0,0,0,0,0,0,0,0,0,0,0,0,0,0
01/05/2018,FRG,NY,AEA,EN,Towers with Radar,1,22,25,0,48,0,0,38,0,38,1,22,63,0,86,20,0,20,106
01/06/2018,FRG,NY,AEA,EN,Towers with Radar,0,15,16,0,31,0,2,44,0,46,0,17,60,0,77,4,0,4,81
01/07/2018,FRG,NY,AEA,EN,Towers with Radar,0,28,29,0,57,0,0,103,0,103,0,28,132,0,160,78,0,78,238
01/08/2018,FRG,NY,AEA,EN,Towers with Radar,0,17,28,0,45,0,1,115,0,116,0,18,143,0,161,110,0,110,271
01/09/2018,FRG,NY,AEA,EN,Towers with Radar,0,27,27,0,54,0,2,226,0,228,0,29,253,0,282,134,0,134,416
01/10/2018,FRG,NY,AEA,EN,Towers with Radar,0,14,28,0,42,0,2,247,0,249,0,16,275,0,291,326,0,326,617
01/11/2018,FRG,NY,AEA,EN,Towers with Radar,0,13,46,2,61,0,2,116,0,118,0,15,162,2,179,362,0,362,541
01/12/2018,FRG,NY,AEA,EN,Towers with Radar,0,17,18,0,35,0,0,0,0,0,0,17,18,0,35,4,0,4,39
01/13/2018,FRG,NY,AEA,EN,Towers with Radar,0,16,30,0,46,0,0,139,0,139,0,16,169,0,185,258,0,258,443
01/14/2018,FRG,NY,AEA,EN,Towers with Radar,1,20,29,0,50,0,1,246,0,247,1,21,275,0,297,316,0,316,613
01/15/2018,FRG,NY,AEA,EN,Towers with Radar,0,29,41,0,70,0,0,213,0,213,0,29,254,0,283,500,0,500,783
01/16/2018,FRG,NY,AEA,EN,Towers with Radar,1,8,34,0,43,0,1,78,0,79,1,9,112,0,122,96,0,96,218
01/17/2018,FRG,NY,AEA,EN,Towers with Radar,0,12,23,0,35,0,0,3,0,3,0,12,26,0,38,2,0,2,40
01/18/2018,FRG,NY,AEA,EN,Towers with Radar,0,18,25,0,43,0,9,263,0,272,0,27,288,0,315,346,0,346,661
01/19/2018,FRG,NY,AEA,EN,Towers with Radar,1,22,37,0,60,0,5,311,0,316,1,27,348,0,376,334,0,334,710
01/20/2018,FRG,NY,AEA,EN,Towers with Radar,0,10,29,0,39,0,0,320,0,320,0,10,349,0,359,134,0,134,493
01/21/2018,FRG,NY,AEA,EN,Towers with Radar,0,18,45,0,63,0,0,366,0,366,0,18,411,0,429,456,0,456,885
01/22/2018,FRG,NY,AEA,EN,Towers with Radar,0,12,31,0,43,0,4,85,0,89,0,16,116,0,132,182,0,182,314
01/23/2018,FRG,NY,AEA,EN,Towers with Radar,0,8,17,0,25,0,0,9,0,9,0,8,26,0,34,24,0,24,58
01/24/2018,FRG,NY,AEA,EN,Towers with Radar,0,15,28,0,43,0,2,259,2,263,0,17,287,2,306,302,0,302,608
01/25/2018,FRG,NY,AEA,EN,Towers with Radar,0,18,32,0,50,0,2,286,0,288,0,20,318,0,338,354,0,354,692
01/26/2018,FRG,NY,AEA,EN,Towers with Radar,1,24,45,0,70,0,3,313,0,316,1,27,358,0,386,380,0,380,766
01/27/2018,FRG,NY,AEA,EN,Towers with Radar,1,17,44,0,62,0,1,326,0,327,1,18,370,0,389,256,0,256,645
01/28/2018,FRG,NY,AEA,EN,Towers with Radar,2,23,47,0,72,0,0,76,0,76,2,23,123,0,148,86,0,86,234
01/29/2018,FRG,NY,AEA,EN,Towers with Radar,0,9,23,0,32,0,3,198,0,201,0,12,221,0,233,248,0,248,481
01/30/2018,FRG,NY,AEA,EN,Towers with Radar,0,16,29,0,45,0,0,68,0,68,0,16,97,0,113,114,0,114,227
01/31/2018,FRG,NY,AEA,EN,Towers with Radar,0,24,40,0,64,0,9,311,0,320,0,33,351,0,384,486,0,486,870
02/01/2018,FRG,NY,AEA,EN,Towers with Radar,0,30,38,0,68,0,2,214,0,216,0,32,252,0,284,336,0,336,620
02/02/2018,FRG,NY,AEA,EN,Towers with Radar,0,33,47,0,80,0,0,54,0,54,0,33,101,0,134,80,0,80,214
02/03/2018,FRG,NY,AEA,EN,Towers with Radar,0,17,20,0,37,0,2,357,0,359,0,19,377,0,396,328,0,328,724
02/04/2018,FRG,NY,AEA,EN,Towers with Radar,0,25,25,0,50,0,0,106,0,106,0,25,131,0,156,242,0,242,398
02/05/2018,FRG,NY,AEA,EN,Towers with Radar,0,17,25,1,43,0,1,158,0,159,0,18,183,1,202,216,0,216,418
02/06/2018,FRG,NY,AEA,EN,Towers with Radar,0,11,32,0,43,0,4,230,0,234,0,15,262,0,277,464,0,464,741
02/07/2018,FRG,NY,AEA,EN,Towers with Radar,1,8,25,0,34,0,0,7,0,7,1,8,32,0,41,28,0,28,69
02/08/2018,FRG,NY,AEA,EN,Towers with Radar,0,20,20,0,40,0,4,260,0,264,0,24,280,0,304,394,0,394,698
02/09/2018,FRG,NY,AEA,EN,Towers with Radar,1,32,34,0,67,0,7,256,0,263,1,39,290,0,330,400,0,400,730
02/10/2018,FRG,NY,AEA,EN,Towers with Radar,1,18,22,0,41,0,0,127,0,127,1,18,149,0,168,302,0,302,470
02/11/2018,FRG,NY,AEA,EN,Towers with Radar,0,20,39,0,59,0,0,0,0,0,0,20,39,0,59,0,0,0,59
02/12/2018,FRG,NY,AEA,EN,Towers with Radar,0,28,38,0,66,0,3,237,0,240,0,31,275,0,306,404,0,404,710
02/13/2018,FRG,NY,AEA,EN,Towers with Radar,0,14,28,0,42,0,3,262,0,265,0,17,290,0,307,382,0,382,689
02/14/2018,FRG,NY,AEA,EN,Towers with Radar,0,24,32,0,56,0,2,316,0,318,0,26,348,0,374,502,0,502,876
02/15/2018,FRG,NY,AEA,EN,Towers with Radar,0,39,41,2,82,0,3,106,0,109,0,42,147,2,191,188,0,188,379
02/16/2018,FRG,NY,AEA,EN,Towers with Radar,0,39,54,0,93,0,2,135,0,137,0,41,189,0,230,216,0,216,446
02/17/2018,FRG,NY,AEA,EN,Towers with Radar,1,31,26,0,58,0,1,367,0,368,1,32,393,0,426,387,0,387,813
02/18/2018,FRG,NY,AEA,EN,Towers with Radar,0,15,29,0,44,0,0,270,0,270,0,15,299,0,314,364,0,364,678
02/19/2018,FRG,NY,AEA,EN,Towers with Radar,0,25,59,0,84,0,5,258,0,263,0,30,317,0,347,370,0,370,717
02/20/2018,FRG,NY,AEA,EN,Towers with Radar,0,26,38,0,64,0,1,103,0,104,0,27,141,0,168,246,0,246,414
02/21/2018,FRG,NY,AEA,EN,Towers with Radar,2,21,40,0,63,0,0,208,0,208,2,21,248,0,271,380,0,380,651
02/22/2018,FRG,NY,AEA,EN,Towers with Radar,0,25,31,0,56,0,3,56,0,59,0,28,87,0,115,110,0,110,225
02/23/2018,FRG,NY,AEA,EN,Towers with Radar,0,38,40,0,78,0,0,10,0,10,0,38,50,0,88,16,0,16,104
02/24/2018,FRG,NY,AEA,EN,Towers with Radar,0,26,31,0,57,0,1,250,0,251,0,27,281,0,308,350,0,350,658
02/25/2018,FRG,NY,AEA,EN,Towers with Radar,1,38,59,0,98,0,0,2,0,2,1,38,61,0,100,0,0,0,100
02/26/2018,FRG,NY,AEA,EN,Towers with Radar,0,20,28,0,48,0,37,238,0,275,0,57,266,0,323,438,0,438,761
02/27/2018,FRG,NY,AEA,EN,Towers with Radar,2,13,23,0,38,0,8,379,0,387,2,21,402,0,425,336,0,336,761
02/28/2018,FRG,NY,AEA,EN,Towers with Radar,0,31,21,0,52,0,4,352,0,356,0,35,373,0,408,456,0,456,864
03/01/2018,FRG,NY,AEA,EN,Towers with Radar,1,33,34,0,68,0,6,283,0,289,1,39,317,0,357,388,0,388,745
03/02/2018,FRG,NY,AEA,EN,Towers with Radar,0,5,11,0,16,0,0,5,0,5,0,5,16,0,21,0,0,0,21
03/03/2018,FRG,NY,AEA,EN,Towers with Radar,0,15,24,0,39,0,0,76,0,76,0,15,100,0,115,0,0,0,115
03/04/2018,FRG,NY,AEA,EN,Towers with Radar,0,29,46,0,75,0,0,204,0,204,0,29,250,0,279,292,0,292,571
03/05/2018,FRG,NY,AEA,EN,Towers with Radar,0,19,26,0,45,0,0,200,0,200,0,19,226,0,245,248,0,248,493
03/06/2018,FRG,NY,AEA,EN,Towers with Radar,0,14,37,0,51,0,4,341,0,345,0,18,378,0,396,474,0,474,870
03/07/2018,FRG,NY,AEA,EN,Towers with Radar,0,6,6,0,12,0,0,0,0,0,0,6,6,0,12,0,0,0,12
03/08/2018,FRG,NY,AEA,EN,Towers with Radar,0,16,27,0,43,0,1,155,0,156,0,17,182,0,199,198,0,198,397
03/09/2018,FRG,NY,AEA,EN,Towers with Radar,0,15,43,2,60,0,2,187,0,189,0,17,230,2,249,208,0,208,457
03/10/2018,FRG,NY,AEA,EN,Towers with Radar,0,23,27,0,50,0,2,347,0,349,0,25,374,0,399,260,0,260,659
03/11/2018,FRG,NY,AEA,EN,Towers with Radar,0,26,60,0,86,0,0,406,0,406,0,26,466,0,492,402,0,402,894
03/12/2018,FRG,NY,AEA,EN,Towers with Radar,2,15,30,0,47,0,1,230,0,231,2,16,260,0,278,340,0,340,618
03/13/2018,FRG,NY,AEA,EN,Towers with Radar,0,3,21,0,24,0,0,26,0,26,0,3,47,0,50,10,0,10,60
03/14/2018,FRG,NY,AEA,EN,Towers with Radar,0,12,32,0,44,0,1,109,0,110,0,13,141,0,154,159,0,159,313
03/15/2018,FRG,NY,AEA,EN,Towers with Radar,0,18,37,0,55,0,3,235,0,238,0,21,272,0,293,236,0,236,529
03/16/2018,FRG,NY,AEA,EN,Towers with Radar,0,29,29,0,58,0,1,110,0,111,0,30,139,0,169,92,0,92,261
03/17/2018,FRG,NY,AEA,EN,Towers with Radar,0,7,16,0,23,0,1,293,0,294,0,8,309,0,317,272,0,272,589
03/18/2018,FRG,NY,AEA,EN,Towers with Radar,0,36,44,0,80,0,1,367,0,368,0,37,411,0,448,360,0,360,808
03/19/2018,FRG,NY,AEA,EN,Towers with Radar,0,27,22,0,49,0,0,360,0,360,0,27,382,0,409,448,0,448,857
03/20/2018,FRG,NY,AEA,EN,Towers with Radar,0,34,31,0,65,0,2,219,0,221,0,36,250,0,286,302,0,302,588
03/21/2018,FRG,NY,AEA,EN,Towers with Radar,0,2,2,0,4,0,0,0,0,0,0,2,2,0,4,0,0,0,4
03/22/2018,FRG,NY,AEA,EN,Towers with Radar,0,33,35,0,68,0,6,117,0,123,0,39,152,0,191,142,0,142,333
03/23/2018,FRG,NY,AEA,EN,Towers with Radar,0,29,37,0,66,0,4,250,0,254,0,33,287,0,320,476,0,476,796
03/24/2018,FRG,NY,AEA,EN,Towers with Radar,0,25,19,0,44,0,2,398,0,400,0,27,417,0,444,296,0,296,740
03/25/2018,FRG,NY,AEA,EN,Towers with Radar,0,20,35,0,55,0,3,216,0,219,0,23,251,0,274,336,0,336,610
03/26/2018,FRG,NY,AEA,EN,Towers with Radar,0,17,21,0,38,0,7,300,1,308,0,24,321,1,346,470,0,470,816
03/27/2018,FRG,NY,AEA,EN,Towers with Radar,0,14,35,0,49,0,5,247,0,252,0,19,282,0,301,462,0,462,763
03/28/2018,FRG,NY,AEA,EN,Towers with Radar,0,23,56,1,80,0,2,123,0,125,0,25,179,1,205,230,0,230,435
03/29/2018,FRG,NY,AEA,EN,Towers with Radar,0,27,64,2,93,0,1,5,0,6,0,28,69,2,99,38,0,38,137
03/30/2018,FRG,NY,AEA,EN,Towers with Radar,0,19,57,0,76,0,0,42,0,42,0,19,99,0,118,206,0,206,324
03/31/2018,FRG,NY,AEA,EN,Towers with Radar,0,14,33,0,47,0,8,507,0,515,0,22,540,0,562,440,0,440,1002
04/01/2018,FRG,NY,AEA,EN,Towers with Radar,0,20,33,0,53,0,2,239,0,241,0,22,272,0,294,366,0,366,660
04/02/2018,FRG,NY,AEA,EN,Towers with Radar,0,25,42,0,67,0,4,83,0,87,0,29,125,0,154,76,0,76,230
04/03/2018,FRG,NY,AEA,EN,Towers with Radar,0,13,30,0,43,0,0,42,0,42,0,13,72,0,85,100,0,100,185
04/04/2018,FRG,NY,AEA,EN,Towers with Radar,0,19,26,0,45,0,0,7,0,7,0,19,33,0,52,10,0,10,62
04/05/2018,FRG,NY,AEA,EN,Towers with Radar,0,28,36,0,64,0,1,281,0,282,0,29,317,0,346,250,0,250,596
04/06/2018,FRG,NY,AEA,EN,Towers with Radar,1,26,33,0,60,0,0,49,0,49,1,26,82,0,109,86,0,86,195
04/07/2018,FRG,NY,AEA,EN,Towers with Radar,0,16,33,0,49,0,7,300,0,307,0,23,333,0,356,334,0,334,690
04/08/2018,FRG,NY,AEA,EN,Towers with Radar,0,30,66,0,96,0,2,400,0,402,0,32,466,0,498,312,0,312,810
04/09/2018,FRG,NY,AEA,EN,Towers with Radar,0,24,27,0,51,0,8,337,0,345,0,32,364,0,396,364,0,364,760
04/10/2018,FRG,NY,AEA,EN,Towers with Radar,0,22,30,0,52,0,0,85,0,85,0,22,115,0,137,212,0,212,349
04/11/2018,FRG,NY,AEA,EN,Towers with Radar,0,17,34,0,51,0,6,386,0,392,0,23,420,0,443,376,0,376,819
04/12/2018,FRG,NY,AEA,EN,Towers with Radar,0,20,31,2,53,0,5,253,0,258,0,25,284,2,311,492,0,492,803
04/13/2018,FRG,NY,AEA,EN,Towers with Radar,0,13,22,0,35,0,3,329,0,332,0,16,351,0,367,412,0,412,779
04/14/2018,FRG,NY,AEA,EN,Towers with Radar,0,14,50,0,64,0,4,429,0,433,0,18,479,0,497,308,0,308,805
04/15/2018,FRG,NY,AEA,EN,Towers with Radar,0,20,42,0,62,0,0,17,0,17,0,20,59,0,79,44,0,44,123
04/16/2018,FRG,NY,AEA,EN,Towers with Radar,0,19,33,1,53,0,1,12,0,13,0,20,45,1,66,16,0,16,82
04/17/2018,FRG,NY,AEA,EN,Towers with Radar,0,8,21,0,29,0,3,191,0,194,0,11,212,0,223,180,0,180,403
04/18/2018,FRG,NY,AEA,EN,Towers with Radar,0,20,44,0,64,0,2,291,0,293,0,22,335,0,357,252,0,252,609
04/19/2018,FRG,NY,AEA,EN,Towers with Radar,0,19,39,0,58,0,1,67,0,68,0,20,106,0,126,97,0,97,223
04/20/2018,FRG,NY,AEA,EN,Towers with Radar,0,26,44,0,70,0,15,379,0,394,0,41,423,0,464,286,0,286,750
04/21/2018,FRG,NY,AEA,EN,Towers with Radar,0,22,35,0,57,0,5,495,0,500,0,27,530,0,557,398,0,398,955
04/22/2018,FRG,NY,AEA,EN,Towers with Radar,0,33,49,0,82,0,5,437,0,442,0,38,486,0,524,528,0,528,1052
04/23/2018,FRG,NY,AEA,EN,Towers with Radar,0,19,31,1,51,0,9,402,2,413,0,28,433,3,464,561,0,561,1025
04/24/2018,FRG,NY,AEA,EN,Towers with Radar,0,34,23,0,57,0,23,206,3,232,0,57,229,3,289,330,0,330,619
04/25/2018,FRG,NY,AEA,EN,Towers with Radar,0,20,32,0,52,0,0,0,0,0,0,20,32,0,52,0,0,0,52
04/26/2018,FRG,NY,AEA,EN,Towers with Radar,0,32,47,0,79,0,9,331,0,340,0,41,378,0,419,370,0,370,789
04/27/2018,FRG,NY,AEA,EN,Towers with Radar,0,28,40,0,68,0,0,44,0,44,0,28,84,0,112,180,0,180,292
04/28/2018,FRG,NY,AEA,EN,Towers with Radar,0,19,44,0,63,0,4,168,0,172,0,23,212,0,235,194,0,194,429
04/29/2018,FRG,NY,AEA,EN,Towers with Radar,0,39,56,0,95,0,2,282,0,284,0,41,338,0,379,306,0,306,685
04/30/2018,FRG,NY,AEA,EN,Towers with Radar,0,21,36,0,57,0,15,157,2,174,0,36,193,2,231,344,0,344,575
05/01/2018,FRG,NY,AEA,EN,Towers with Radar,0,26,33,0,59,0,40,348,1,389,0,66,381,1,448,429,0,429,877
05/02/2018,FRG,NY,AEA,EN,Towers with Radar,0,14,29,0,43,0,44,430,0,474,0,58,459,0,517,458,0,458,975
05/03/2018,FRG,NY,AEA,EN,Towers with Radar,2,23,35,0,60,0,17,322,0,339,2,40,357,0,399,330,0,330,729
05/04/2018,FRG,NY,AEA,EN,Towers with Radar,0,34,44,2,80,0,39,283,4,326,0,73,327,6,406,406,0,406,812
05/05/2018,FRG,NY,AEA,EN,Towers with Radar,0,23,31,0,54,0,2,399,0,401,0,25,430,0,455,392,0,392,847
05/06/2018,FRG,NY,AEA,EN,Towers with Radar,2,20,66,0,88,0,0,113,0,113,2,20,179,0,201,180,0,180,381
05/07/2018,FRG,NY,AEA,EN,Towers with Radar,2,18,29,0,49,0,15,364,0,379,2,33,393,0,428,424,0,424,852
05/08/2018,FRG,NY,AEA,EN,Towers with Radar,0,8,41,0,49,0,28,353,0,381,0,36,394,0,430,432,0,432,862
05/09/2018,FRG,NY,AEA,EN,Towers with Radar,0,33,41,0,74,0,41,404,0,445,0,74,445,0,519,652,0,652,1171
05/10/2018,FRG,NY,AEA,EN,Towers with Radar,0,36,49,0,85,0,6,50,0,56,0,42,99,0,141,28,0,28,169
05/11/2018,FRG,NY,AEA,EN,Towers with Radar,0,29,41,0,70,0,18,430,0,448,0,47,471,0,518,312,0,312,830
05/12/2018,FRG,NY,AEA,EN,Towers with Radar,0,18,41,0,59,0,2,47,0,49,0,20,88,0,108,36,0,36,144
05/13/2018,FRG,NY,AEA,EN,Towers with Radar,0,36,68,0,104,0,5,25,0,30,0,41,93,0,134,18,0,18,152
05/14/2018,FRG,NY,AEA,EN,Towers with Radar,0,31,57,2,90,0,17,117,0,134,0,48,174,2,224,244,0,244,468
05/15/2018,FRG,NY,AEA,EN,Towers with Radar,0,18,43,0,61,0,5,98,0,103,0,23,141,0,164,122,0,122,286
05/16/2018,FRG,NY,AEA,EN,Towers with Radar,0,20,56,1,77,0,2,66,0,68,0,22,122,1,145,148,0,148,293
05/17/2018,FRG,NY,AEA,EN,Towers with Radar,0,29,51,0,80,0,2,36,0,38,0,31,87,0,118,58,0,58,176
05/18/2018,FRG,NY,AEA,EN,Towers with Radar,0,36,50,0,86,0,3,162,0,165,0,39,212,0,251,102,0,102,353
05/19/2018,FRG,NY,AEA,EN,Towers with Radar,0,12,18,0,30,0,0,2,0,2,0,12,20,0,32,0,0,0,32
05/20/2018,FRG,NY,AEA,EN,Towers with Radar,0,35,40,0,75,0,3,108,2,113,0,38,148,2,188,144,0,144,332
05/21/2018,FRG,NY,AEA,EN,Towers with Radar,0,14,35,0,49,0,22,378,5,405,0,36,413,5,454,420,0,420,874
05/22/2018,FRG,NY,AEA,EN,Towers with Radar,0,27,35,0,62,0,36,263,0,299,0,63,298,0,361,326,0,326,687
05/23/2018,FRG,NY,AEA,EN,Towers with Radar,0,16,50,4,70,0,5,118,1,124,0,21,168,5,194,60,0,60,254
05/24/2018,FRG,NY,AEA,EN,Towers with Radar,0,29,41,7,77,0,9,417,2,428,0,38,458,9,505,305,21,326,831
05/25/2018,FRG,NY,AEA,EN,Towers with Radar,0,21,46,3,70,0,3,397,3,403,0,24,443,6,473,266,14,280,753
05/26/2018,FRG,NY,AEA,EN,Towers with Radar,0,8,22,2,32,0,4,344,37,385,0,12,366,39,417,194,0,194,611
05/27/2018,FRG,NY,AEA,EN,Towers with Radar,0,13,29,0,42,0,2,2,0,4,0,15,31,0,46,0,0,0,46
05/28/2018,FRG,NY,AEA,EN,Towers with Radar,0,34,55,1,90,0,3,218,1,222,0,37,273,2,312,270,0,270,582
05/29/2018,FRG,NY,AEA,EN,Towers with Radar,0,16,39,8,63,0,14,315,0,329,0,30,354,8,392,460,0,460,852
05/30/2018,FRG,NY,AEA,EN,Towers with Radar,0,10,49,3,62,0,0,136,1,137,0,10,185,4,199,176,0,176,375
05/31/2018,FRG,NY,AEA,EN,Towers with Radar,0,22,34,0,56,0,3,35,0,38,0,25,69,0,94,86,0,86,180
06/01/2018,FRG,NY,AEA,EN,Towers with Radar,0,23,41,0,64,0,0,40,0,40,0,23,81,0,104,68,0,68,172
06/02/2018,FRG,NY,AEA,EN,Towers with Radar,0,9,22,0,31,0,4,183,0,187,0,13,205,0,218,286,0,286,504
06/03/2018,FRG,NY,AEA,EN,Towers with Radar,0,24,56,0,80,0,0,223,0,223,0,24,279,0,303,450,0,450,753
06/04/2018,FRG,NY,AEA,EN,Towers with Radar,0,19,30,1,50,0,0,145,0,145,0,19,175,1,195,148,0,148,343
06/05/2018,FRG,NY,AEA,EN,Towers with Radar,0,18,26,0,44,0,28,245,1,274,0,46,271,1,318,438,0,438,756
06/06/2018,FRG,NY,AEA,EN,Towers with Radar,0,14,38,0,52,0,44,393,0,437,0,58,431,0,489,565,0,565,1054
06/07/2018,FRG,NY,AEA,EN,Towers with Radar,0,24,61,0,85,0,8,356,1,365,0,32,417,1,450,364,0,364,814
06/08/2018,FRG,NY,AEA,EN,Towers with Radar,0,22,58,2,82,0,21,388,0,409,0,43,446,2,491,444,0,444,935
06/09/2018,FRG,NY,AEA,EN,Towers with Radar,0,26,61,0,87,0,4,363,0,367,0,30,424,0,454,322,0,322,776
06/10/2018,FRG,NY,AEA,EN,Towers with Radar,0,27,34,0,61,0,10,315,2,327,0,37,349,2,388,476,0,476,864
06/11/2018,FRG,NY,AEA,EN,Towers with Radar,0,21,32,0,53,0,32,358,2,392,0,53,390,2,445,386,0,386,831
06/12/2018,FRG,NY,AEA,EN,Towers with Radar,0,8,28,0,36,0,75,417,3,495,0,83,445,3,531,422,0,422,953
06/13/2018,FRG,NY,AEA,EN,Towers with Radar,0,26,61,0,87,0,6,35,0,41,0,32,96,0,128,62,0,62,190
06/14/2018,FRG,NY,AEA,EN,Towers with Radar,0,24,45,0,69,0,24,335,0,359,0,48,380,0,428,238,0,238,666
06/15/2018,FRG,NY,AEA,EN,Towers with Radar,0,26,43,0,69,0,19,366,0,385,0,45,409,0,454,480,0,480,934
06/16/2018,FRG,NY,AEA,EN,Towers with Radar,0,20,30,0,50,0,3,413,0,416,0,23,443,0,466,352,0,352,818
06/17/2018,FRG,NY,AEA,EN,Towers with Radar,0,20,54,0,74,0,14,332,0,346,0,34,386,0,420,396,0,396,816
06/18/2018,FRG,NY,AEA,EN,Towers with Radar,0,35,26,0,61,0,19,331,1,351,0,54,357,1,412,338,0,338,750
06/19/2018,FRG,NY,AEA,EN,Towers with Radar,0,23,32,1,56,0,21,310,0,331,0,44,342,1,387,486,0,486,873
06/20/2018,FRG,NY,AEA,EN,Towers with Radar,0,23,43,0,66,0,47,318,1,366,0,70,361,1,432,388,0,388,820
06/21/2018,FRG,NY,AEA,EN,Towers with Radar,0,21,51,0,72,0,15,274,4,293,0,36,325,4,365,376,0,376,741
06/22/2018,FRG,NY,AEA,EN,Towers with Radar,0,29,40,1,70,0,7,300,1,308,0,36,340,2,378,386,0,386,764
06/23/2018,FRG,NY,AEA,EN,Towers with Radar,0,27,33,0,60,0,0,1,0,1,0,27,34,0,61,0,0,0,61
06/24/2018,FRG,NY,AEA,EN,Towers with Radar,0,36,82,0,118,0,3,113,0,116,0,39,195,0,234,186,0,186,420
06/25/2018,FRG,NY,AEA,EN,Towers with Radar,0,27,40,0,67,0,18,308,1,327,0,45,348,1,394,366,0,366,760
06/26/2018,FRG,NY,AEA,EN,Towers with Radar,0,22,37,0,59,0,46,399,0,445,0,68,436,0,504,510,0,510,1014
06/27/2018,FRG,NY,AEA,EN,Towers with Radar,0,16,45,0,61,0,42,378,2,422,0,58,423,2,483,356,0,356,839
06/28/2018,FRG,NY,AEA,EN,Towers with Radar,0,27,42,0,69,0,1,51,0,52,0,28,93,0,121,30,0,30,151
06/29/2018,FRG,NY,AEA,EN,Towers with Radar,0,15,40,0,55,0,29,398,0,427,0,44,438,0,482,390,0,390,872
06/30/2018,FRG,NY,AEA,EN,Towers with Radar,0,23,34,0,57,0,14,359,0,373,0,37,393,0,430,298,0,298,728
07/01/2018,FRG,NY,AEA,EN,Towers with Radar,0,16,38,0,54,0,21,345,1,367,0,37,383,1,421,391,0,391,812
07/02/2018,FRG,NY,AEA,EN,Towers with Radar,0,16,29,0,45,0,43,348,1,392,0,59,377,1,437,438,0,438,875
07/03/2018,FRG,NY,AEA,EN,Towers with Radar,0,17,40,2,59,0,8,127,2,137,0,25,167,4,196,226,0,226,422
07/04/2018,FRG,NY,AEA,EN,Towers with Radar,0,7,29,0,36,0,9,187,0,196,0,16,216,0,232,284,0,284,516
07/05/2018,FRG,NY,AEA,EN,Towers with Radar,0,14,48,0,62,0,17,284,0,301,0,31,332,0,363,408,0,408,771
07/06/2018,FRG,NY,AEA,EN,Towers with Radar,4,23,29,2,58,0,1,72,0,73,4,24,101,2,131,80,0,80,211
07/07/2018,FRG,NY,AEA,EN,Towers with Radar,0,13,30,0,43,0,12,302,0,314,0,25,332,0,357,370,0,370,727
07/08/2018,FRG,NY,AEA,EN,Towers with Radar,0,33,60,0,93,0,30,404,2,436,0,63,464,2,529,344,0,344,873
07/09/2018,FRG,NY,AEA,EN,Towers with Radar,0,35,24,0,59,0,34,392,3,429,0,69,416,3,488,352,0,352,840
07/10/2018,FRG,NY,AEA,EN,Towers with Radar,0,24,39,0,63,0,44,322,3,369,0,68,361,3,432,376,0,376,808
07/11/2018,FRG,NY,AEA,EN,Towers with Radar,0,21,50,0,71,0,34,362,1,397,0,55,412,1,468,398,0,398,866
07/12/2018,FRG,NY,AEA,EN,Towers with Radar,0,14,36,0,50,0,29,299,0,328,0,43,335,0,378,444,0,444,822
07/13/2018,FRG,NY,AEA,EN,Towers with Radar,1,28,35,0,64,0,10,340,0,350,1,38,375,0,414,380,0,380,794
07/14/2018,FRG,NY,AEA,EN,Towers with Radar,0,29,27,0,56,0,3,337,0,340,0,32,364,0,396,444,0,444,840
07/15/2018,FRG,NY,AEA,EN,Towers with Radar,0,27,54,0,81,0,12,182,1,195,0,39,236,1,276,282,0,282,558
07/16/2018,FRG,NY,AEA,EN,Towers with Radar,0,22,41,0,63,0,24,326,0,350,0,46,367,0,413,406,0,406,819
07/17/2018,FRG,NY,AEA,EN,Towers with Radar,0,23,53,2,78,0,4,17,0,21,0,27,70,2,99,22,0,22,121
07/18/2018,FRG,NY,AEA,EN,Towers with Radar,0,24,43,0,67,0,26,339,1,366,0,50,382,1,433,412,0,412,845
07/19/2018,FRG,NY,AEA,EN,Towers with Radar,0,30,38,0,68,0,23,370,1,394,0,53,408,1,462,516,0,516,978
07/20/2018,FRG,NY,AEA,EN,Towers with Radar,0,38,44,0,82,0,7,368,2,377,0,45,412,2,459,294,0,294,753
07/21/2018,FRG,NY,AEA,EN,Towers with Radar,0,29,30,1,60,0,7,202,0,209,0,36,232,1,269,233,0,233,502
07/22/2018,FRG,NY,AEA,EN,Towers with Radar,0,43,63,2,108,0,0,43,0,43,0,43,106,2,151,88,0,88,239
07/23/2018,FRG,NY,AEA,EN,Towers with Radar,0,16,36,0,52,0,0,54,0,54,0,16,90,0,106,10,0,10,116
07/24/2018,FRG,NY,AEA,EN,Towers with Radar,0,21,42,0,63,0,10,135,0,145,0,31,177,0,208,98,0,98,306
07/25/2018,FRG,NY,AEA,EN,Towers with Radar,0,29,54,2,85,0,0,4,0,4,0,29,58,2,89,0,0,0,89
07/26/2018,FRG,NY,AEA,EN,Towers with Radar,0,32,60,0,92,0,4,152,0,156,0,36,212,0,248,314,0,314,562
07/27/2018,FRG,NY,AEA,EN,Towers with Radar,0,35,43,2,80,0,11,253,0,264,0,46,296,2,344,386,0,386,730
07/28/2018,FRG,NY,AEA,EN,Towers with Radar,0,26,46,0,72,0,7,261,0,268,0,33,307,0,340,346,0,346,686
07/29/2018,FRG,NY,AEA,EN,Towers with Radar,0,21,41,0,62,0,13,348,2,363,0,34,389,2,425,288,0,288,713
07/30/2018,FRG,NY,AEA,EN,Towers with Radar,0,26,56,0,82,0,42,326,0,368,0,68,382,0,450,388,0,388,838
07/31/2018,FRG,NY,AEA,EN,Towers with Radar,0,17,32,0,49,0,41,269,4,314,0,58,301,4,363,384,0,384,747
08/01/2018,FRG,NY,AEA,EN,Towers with Radar,0,26,53,2,81,0,3,43,2,48,0,29,96,4,129,72,0,72,201
08/02/2018,FRG,NY,AEA,EN,Towers with Radar,0,24,55,0,79,0,6,188,0,194,0,30,243,0,273,292,0,292,565
08/03/2018,FRG,NY,AEA,EN,Towers with Radar,0,32,56,1,89,0,11,139,0,150,0,43,195,1,239,182,0,182,421
08/04/2018,FRG,NY,AEA,EN,Towers with Radar,1,17,33,0,51,0,0,89,0,89,1,17,122,0,140,166,0,166,306
08/05/2018,FRG,NY,AEA,EN,Towers with Radar,1,22,37,0,60,0,4,389,0,393,1,26,426,0,453,356,0,356,809
08/06/2018,FRG,NY,AEA,EN,Towers with Radar,0,18,32,0,50,0,34,319,0,353,0,52,351,0,403,316,0,316,719
08/07/2018,FRG,NY,AEA,EN,Towers with Radar,0,20,24,0,44,0,34,264,0,298,0,54,288,0,342,386,0,386,728
08/08/2018,FRG,NY,AEA,EN,Towers with Radar,0,22,57,0,79,0,6,255,0,261,0,28,312,0,340,428,0,428,768
08/09/2018,FRG,NY,AEA,EN,Towers with Radar,0,32,52,0,84,0,10,299,1,310,0,42,351,1,394,416,0,416,810
08/10/2018,FRG,NY,AEA,EN,Towers with Radar,0,25,38,0,63,0,10,332,0,342,0,35,370,0,405,370,0,370,775
08/11/2018,FRG,NY,AEA,EN,Towers with Radar,0,22,24,0,46,0,2,29,0,31,0,24,53,0,77,14,0,14,91
08/12/2018,FRG,NY,AEA,EN,Towers with Radar,0,25,49,0,74,0,1,71,0,72,0,26,120,0,146,170,0,170,316
08/13/2018,FRG,NY,AEA,EN,Towers with Radar,0,17,49,0,66,0,0,8,0,8,0,17,57,0,74,0,0,0,74
08/14/2018,FRG,NY,AEA,EN,Towers with Radar,0,18,32,0,50,0,4,150,0,154,0,22,182,0,204,304,0,304,508
08/15/2018,FRG,NY,AEA,EN,Towers with Radar,0,22,34,0,56,0,17,342,0,359,0,39,376,0,415,406,0,406,821
08/16/2018,FRG,NY,AEA,EN,Towers with Radar,0,23,41,0,64,0,10,338,0,348,0,33,379,0,412,360,0,360,772
08/17/2018,FRG,NY,AEA,EN,Towers with Radar,0,18,61,0,79,0,7,212,0,219,0,25,273,0,298,400,0,400,698
08/18/2018,FRG,NY,AEA,EN,Towers with Radar,0,16,24,0,40,0,5,190,0,195,0,21,214,0,235,294,0,294,529
08/19/2018,FRG,NY,AEA,EN,Towers with Radar,0,29,66,0,95,0,6,82,0,88,0,35,148,0,183,166,0,166,349
08/20/2018,FRG,NY,AEA,EN,Towers with Radar,0,24,54,0,78,0,4,127,3,134,0,28,181,3,212,366,0,366,578
08/21/2018,FRG,NY,AEA,EN,Towers with Radar,0,15,44,0,59,0,18,232,0,250,0,33,276,0,309,374,0,374,683
08/22/2018,FRG,NY,AEA,EN,Towers with Radar,0,24,40,0,64,0,6,148,0,154,0,30,188,0,218,270,0,270,488
08/23/2018,FRG,NY,AEA,EN,Towers with Radar,0,17,29,0,46,0,9,338,0,347,0,26,367,0,393,376,0,376,769
08/24/2018,FRG,NY,AEA,EN,Towers with Radar,0,16,31,0,47,0,18,392,0,410,0,34,423,0,457,488,0,488,945
08/25/2018,FRG,NY,AEA,EN,Towers with Radar,0,12,26,0,38,0,7,365,0,372,0,19,391,0,410,250,0,250,660
08/26/2018,FRG,NY,AEA,EN,Towers with Radar,0,27,42,0,69,0,9,356,2,367,0,36,398,2,436,322,0,322,758
08/27/2018,FRG,NY,AEA,EN,Towers with Radar,0,20,38,0,58,0,18,301,2,321,0,38,339,2,379,486,0,486,865
08/28/2018,FRG,NY,AEA,EN,Towers with Radar,0,17,38,0,55,0,3,242,1,246,0,20,280,1,301,506,0,506,807
08/29/2018,FRG,NY,AEA,EN,Towers with Radar,0,23,36,0,59,0,12,317,0,329,0,35,353,0,388,428,0,428,816
08/30/2018,FRG,NY,AEA,EN,Towers with Radar,0,40,37,0,77,0,23,287,0,310,0,63,324,0,387,338,0,338,725
08/31/2018,FRG,NY,AEA,EN,Towers with Radar,0,18,63,0,81,0,2,148,0,150,0,20,211,0,231,280,0,280,511
09/01/2018,FRG,NY,AEA,EN,Towers with Radar,0,18,43,0,61,0,14,290,0,304,0,32,333,0,365,300,0,300,665
09/02/2018,FRG,NY,AEA,EN,Towers with Radar,0,13,42,0,55,0,9,237,0,246,0,22,279,0,301,430,0,430,731
09/03/2018,FRG,NY,AEA,EN,Towers with Radar,0,18,55,0,73,0,15,250,0,265,0,33,305,0,338,258,0,258,596
09/04/2018,FRG,NY,AEA,EN,Towers with Radar,0,19,21,0,40,0,42,221,0,263,0,61,242,0,303,382,0,382,685
09/05/2018,FRG,NY,AEA,EN,Towers with Radar,0,29,43,0,72,0,28,262,0,290,0,57,305,0,362,466,0,466,828
09/06/2018,FRG,NY,AEA,EN,Towers with Radar,0,24,47,0,71,0,0,189,0,189,0,24,236,0,260,248,0,248,508
09/07/2018,FRG,NY,AEA,EN,Towers with Radar,0,33,59,2,94,0,1,108,0,109,0,34,167,2,203,380,0,380,583
09/08/2018,FRG,NY,AEA,EN,Towers with Radar,0,5,36,0,41,0,5,251,0,256,0,10,287,0,297,440,0,440,737
09/09/2018,FRG,NY,AEA,EN,Towers with Radar,0,22,33,0,55,0,4,105,0,109,0,26,138,0,164,314,0,314,478
09/10/2018,FRG,NY,AEA,EN,Towers with Radar,0,15,23,0,38,0,0,2,0,2,0,15,25,0,40,16,0,16,56
09/11/2018,FRG,NY,AEA,EN,Towers with Radar,0,19,50,0,69,0,0,5,0,5,0,19,55,0,74,0,0,0,74
09/12/2018,FRG,NY,AEA,EN,Towers with Radar,1,17,58,0,76,0,1,3,0,4,1,18,61,0,80,32,0,32,112
09/13/2018,FRG,NY,AEA,EN,Towers with Radar,0,23,60,0,83,0,2,25,0,27,0,25,85,0,110,6,0,6,116
09/14/2018,FRG,NY,AEA,EN,Towers with Radar,0,29,58,0,87,0,6,197,0,203,0,35,255,0,290,386,0,386,676
09/15/2018,FRG,NY,AEA,EN,Towers with Radar,0,14,38,0,52,0,13,389,2,404,0,27,427,2,456,448,0,448,904
09/16/2018,FRG,NY,AEA,EN,Towers with Radar,0,27,32,0,59,0,14,366,0,380,0,41,398,0,439,358,0,358,797
09/17/2018,FRG,NY,AEA,EN,Towers with Radar,1,16,58,0,75,0,2,78,0,80,1,18,136,0,155,30,0,30,185
09/18/2018,FRG,NY,AEA,EN,Towers with Radar,1,5,22,0,28,0,3,4,0,7,1,8,26,0,35,4,0,4,39
09/19/2018,FRG,NY,AEA,EN,Towers with Radar,0,23,40,0,63,0,33,223,1,257,0,56,263,1,320,528,0,528,848
09/20/2018,FRG,NY,AEA,EN,Towers with Radar,1,29,48,0,78,0,16,297,1,314,1,45,345,1,392,426,0,426,818
09/21/2018,FRG,NY,AEA,EN,Towers with Radar,1,33,33,0,67,0,15,237,2,254,1,48,270,2,321,332,0,332,653
09/22/2018,FRG,NY,AEA,EN,Towers with Radar,1,27,41,1,70,0,21,322,1,344,1,48,363,2,414,439,0,439,853
09/23/2018,FRG,NY,AEA,EN,Towers with Radar,0,28,59,1,88,0,4,228,4,236,0,32,287,5,324,380,0,380,704
09/24/2018,FRG,NY,AEA,EN,Towers with Radar,1,40,62,0,103,0,19,179,4,202,1,59,241,4,305,4,0,4,309
09/25/2018,FRG,NY,AEA,EN,Towers with Radar,0,14,29,0,43,0,2,0,0,2,0,16,29,0,45,0,0,0,45
09/26/2018,FRG,NY,AEA,EN,Towers with Radar,1,32,62,0,95,0,0,20,0,20,1,32,82,0,115,0,0,0,115
09/27/2018,FRG,NY,AEA,EN,Towers with Radar,2,28,59,0,89,0,33,289,3,325,2,61,348,3,414,330,0,330,744
09/28/2018,FRG,NY,AEA,EN,Towers with Radar,0,37,59,0,96,0,2,54,4,60,0,39,113,4,156,64,0,64,220
09/29/2018,FRG,NY,AEA,EN,Towers with Radar,1,11,35,1,48,0,24,415,3,442,1,35,450,4,490,428,0,428,918
09/30/2018,FRG,NY,AEA,EN,Towers with Radar,0,32,59,0,91,0,14,379,0,393,0,46,438,0,484,258,0,258,742
10/01/2018,FRG,NY,AEA,EN,Towers with Radar,0,18,52,0,70,0,32,244,0,276,0,50,296,0,346,450,0,450,796
10/02/2018,FRG,NY,AEA,EN,Towers with Radar,0,18,45,0,63,0,4,66,5,75,0,22,111,5,138,170,0,170,308
10/03/2018,FRG,NY,AEA,EN,Towers with Radar,2,23,47,0,72,0,28,328,1,357,2,51,375,1,429,550,0,550,979
10/04/2018,FRG,NY,AEA,EN,Towers with Radar,0,24,52,1,77,0,14,185,2,201,0,38,237,3,278,382,0,382,660
10/05/2018,FRG,NY,AEA,EN,Towers with Radar,0,36,58,0,94,0,27,295,0,322,0,63,353,0,416,330,0,330,746
10/06/2018,FRG,NY,AEA,EN,Towers with Radar,0,26,51,0,77,0,6,201,0,207,0,32,252,0,284,462,0,462,746
10/07/2018,FRG,NY,AEA,EN,Towers with Radar,0,37,71,0,108,0,1,79,0,80,0,38,150,0,188,148,0,148,336
10/08/2018,FRG,NY,AEA,EN,Towers with Radar,0,43,83,0,126,0,0,6,0,6,0,43,89,0,132,2,0,2,134
10/09/2018,FRG,NY,AEA,EN,Towers with Radar,0,20,70,0,90,0,4,61,0,65,0,24,131,0,155,32,0,32,187
10/10/2018,FRG,NY,AEA,EN,Towers with Radar,0,30,73,0,103,0,0,3,0,3,0,30,76,0,106,10,0,10,116
10/11/2018,FRG,NY,AEA,EN,Towers with Radar,0,23,37,2,62,0,0,0,0,0,0,23,37,2,62,0,0,0,62
10/12/2018,FRG,NY,AEA,EN,Towers with Radar,1,15,26,0,42,0,4,171,1,176,1,19,197,1,218,276,0,276,494
10/13/2018,FRG,NY,AEA,EN,Towers with Radar,0,18,31,0,49,0,9,236,1,246,0,27,267,1,295,410,0,410,705
10/14/2018,FRG,NY,AEA,EN,Towers with Radar,0,33,50,0,83,0,5,340,0,345,0,38,390,0,428,238,0,238,666
10/15/2018,FRG,NY,AEA,EN,Towers with Radar,0,29,43,0,72,0,0,24,1,25,0,29,67,1,97,4,0,4,101
10/16/2018,FRG,NY,AEA,EN,Towers with Radar,0,20,35,0,55,0,37,308,1,346,0,57,343,1,401,342,0,342,743
10/17/2018,FRG,NY,AEA,EN,Towers with Radar,0,14,30,0,44,0,9,187,0,196,0,23,217,0,240,202,0,202,442
10/18/2018,FRG,NY,AEA,EN,Towers with Radar,0,30,49,0,79,0,18,235,0,253,0,48,284,0,332,324,0,324,656
10/19/2018,FRG,NY,AEA,EN,Towers with Radar,0,21,41,0,62,0,32,308,0,340,0,53,349,0,402,424,0,424,826
10/20/2018,FRG,NY,AEA,EN,Towers with Radar,0,11,58,0,69,0,3,154,0,157,0,14,212,0,226,324,0,324,550
10/21/2018,FRG,NY,AEA,EN,Towers with Radar,2,22,44,0,68,0,1,78,0,79,2,23,122,0,147,70,0,70,217
10/22/2018,FRG,NY,AEA,EN,Towers with Radar,0,19,29,0,48,0,68,244,0,312,0,87,273,0,360,370,0,370,730
10/23/2018,FRG,NY,AEA,EN,Towers with Radar,0,13,32,0,45,0,35,267,0,302,0,48,299,0,347,282,0,282,629
10/24/2018,FRG,NY,AEA,EN,Towers with Radar,0,11,25,0,36,0,16,224,1,241,0,27,249,1,277,305,0,305,582
10/25/2018,FRG,NY,AEA,EN,Towers with Radar,0,25,26,0,51,0,22,315,2,339,0,47,341,2,390,392,0,392,782
10/26/2018,FRG,NY,AEA,EN,Towers with Radar,2,32,35,0,69,0,16,289,0,305,2,48,324,0,374,492,0,492,866
10/27/2018,FRG,NY,AEA,EN,Towers with Radar,0,10,9,0,19,0,0,0,0,0,0,10,9,0,19,0,0,0,19
10/28/2018,FRG,NY,AEA,EN,Towers with Radar,0,19,38,1,58,0,6,257,1,264,0,25,295,2,322,258,0,258,580
10/29/2018,FRG,NY,AEA,EN,Towers with Radar,0,23,34,0,57,0,14,188,1,203,0,37,222,1,260,346,0,346,606
10/30/2018,FRG,NY,AEA,EN,Towers with Radar,0,11,36,0,47,0,21,275,3,299,0,32,311,3,346,348,0,348,694
10/31/2018,FRG,NY,AEA,EN,Towers with Radar,1,13,31,1,46,0,37,335,0,372,1,50,366,1,418,289,0,289,707
11/01/2018,FRG,NY,AEA,EN,Towers with Radar,0,23,48,0,71,0,35,261,0,296,0,58,309,0,367,318,0,318,685
11/02/2018,FRG,NY,AEA,EN,Towers with Radar,0,34,40,0,74,0,0,24,0,24,0,34,64,0,98,0,0,0,98
11/03/2018,FRG,NY,AEA,EN,Towers with Radar,0,26,38,1,65,0,1,24,0,25,0,27,62,1,90,64,0,64,154
11/04/2018,FRG,NY,AEA,EN,Towers with Radar,0,33,53,0,86,0,18,454,0,472,0,51,507,0,558,276,0,276,834
11/05/2018,FRG,NY,AEA,EN,Towers with Radar,1,15,25,0,41,0,0,14,0,14,1,15,39,0,55,92,0,92,147
11/06/2018,FRG,NY,AEA,EN,Towers with Radar,1,14,21,0,36,0,0,2,0,2,1,14,23,0,38,10,0,10,48
11/07/2018,FRG,NY,AEA,EN,Towers with Radar,0,27,34,0,61,0,13,278,1,292,0,40,312,1,353,418,0,418,771
11/08/2018,FRG,NY,AEA,EN,Towers with Radar,0,21,46,0,67,0,31,343,0,374,0,52,389,0,441,390,0,390,831
11/09/2018,FRG,NY,AEA,EN,Towers with Radar,0,38,35,1,74,0,18,134,0,152,0,56,169,1,226,206,0,206,432
11/10/2018,FRG,NY,AEA,EN,Towers with Radar,0,17,16,0,33,0,8,91,0,99,0,25,107,0,132,38,0,38,170
11/11/2018,FRG,NY,AEA,EN,Towers with Radar,1,32,36,0,69,0,17,360,1,378,1,49,396,1,447,326,0,326,773
11/12/2018,FRG,NY,AEA,EN,Towers with Radar,0,31,28,1,60,0,33,341,0,374,0,64,369,1,434,440,0,440,874
11/13/2018,FRG,NY,AEA,EN,Towers with Radar,0,24,30,0,54,0,2,34,0,36,0,26,64,0,90,130,0,130,220
11/14/2018,FRG,NY,AEA,EN,Towers with Radar,2,12,32,0,46,0,28,233,0,261,2,40,265,0,307,354,0,354,661
11/15/2018,FRG,NY,AEA,EN,Towers with Radar,0,14,18,0,32,0,16,69,0,85,0,30,87,0,117,156,0,156,273
11/16/2018,FRG,NY,AEA,EN,Towers with Radar,0,30,44,0,74,0,2,81,3,86,0,32,125,3,160,108,0,108,268
11/17/2018,FRG,NY,AEA,EN,Towers with Radar,0,19,20,0,39,0,21,310,0,331,0,40,330,0,370,386,0,386,756
11/18/2018,FRG,NY,AEA,EN,Towers with Radar,0,29,39,0,68,0,7,301,0,308,0,36,340,0,376,366,0,366,742
11/19/2018,FRG,NY,AEA,EN,Towers with Radar,0,20,26,0,46,0,13,182,4,199,0,33,208,4,245,430,0,430,675
11/20/2018,FRG,NY,AEA,EN,Towers with Radar,0,23,49,0,72,0,5,116,0,121,0,28,165,0,193,108,0,108,301
11/21/2018,FRG,NY,AEA,EN,Towers with Radar,0,27,43,0,70,0,21,205,2,228,0,48,248,2,298,228,0,228,526
11/22/2018,FRG,NY,AEA,EN,Towers with Radar,0,16,12,0,28,0,8,58,1,67,0,24,70,1,95,48,0,48,143
11/23/2018,FRG,NY,AEA,EN,Towers with Radar,0,19,32,0,51,0,5,258,0,263,0,24,290,0,314,364,0,364,678
11/24/2018,FRG,NY,AEA,EN,Towers with Radar,0,18,41,0,59,0,1,130,0,131,0,19,171,0,190,356,0,356,546
11/25/2018,FRG,NY,AEA,EN,Towers with Radar,0,39,98,0,137,0,11,305,0,316,0,50,403,0,453,170,0,170,623
11/26/2018,FRG,NY,AEA,EN,Towers with Radar,0,20,40,0,60,0,4,60,1,65,0,24,100,1,125,186,0,186,311
11/27/2018,FRG,NY,AEA,EN,Towers with Radar,0,19,19,0,38,0,2,111,0,113,0,21,130,0,151,80,0,80,231
11/28/2018,FRG,NY,AEA,EN,Towers with Radar,1,12,24,0,37,0,13,92,0,105,1,25,116,0,142,42,0,42,184
11/29/2018,FRG,NY,AEA,EN,Towers with Radar,2,16,22,0,40,0,12,223,1,236,2,28,245,1,276,238,0,238,514
11/30/2018,FRG,NY,AEA,EN,Towers with Radar,3,18,21,0,42,0,41,144,3,188,3,59,165,3,230,402,0,402,632
12/01/2018,FRG,NY,AEA,EN,Towers with Radar,3,6,17,0,26,0,24,288,4,316,3,30,305,4,342,412,0,412,754
12/02/2018,FRG,NY,AEA,EN,Towers with Radar,0,13,23,0,36,0,0,0,0,0,0,13,23,0,36,0,0,0,36
12/03/2018,FRG,NY,AEA,EN,Towers with Radar,0,25,28,0,53,0,21,207,0,228,0,46,235,0,281,180,0,180,461
12/04/2018,FRG,NY,AEA,EN,Towers with Radar,0,11,21,0,32,0,19,246,2,267,0,30,267,2,299,328,0,328,627
12/05/2018,FRG,NY,AEA,EN,Towers with Radar,1,33,31,0,65,0,48,251,0,299,1,81,282,0,364,350,0,350,714
12/06/2018,FRG,NY,AEA,EN,Towers with Radar,0,16,35,0,51,0,30,226,0,256,0,46,261,0,307,308,0,308,615
12/07/2018,FRG,NY,AEA,EN,Towers with Radar,0,18,51,0,69,0,33,238,0,271,0,51,289,0,340,342,0,342,682
12/08/2018,FRG,NY,AEA,EN,Towers with Radar,0,15,27,0,42,0,40,248,2,290,0,55,275,2,332,262,0,262,594
12/09/2018,FRG,NY,AEA,EN,Towers with Radar,2,16,49,0,67,0,2,295,0,297,2,18,344,0,364,323,0,323,687
12/10/2018,FRG,NY,AEA,EN,Towers with Radar,1,20,28,0,49,0,28,242,2,272,1,48,270,2,321,288,0,288,609
12/11/2018,FRG,NY,AEA,EN,Towers with Radar,0,15,30,0,45,0,25,211,0,236,0,40,241,0,281,384,0,384,665
12/12/2018,FRG,NY,AEA,EN,Towers with Radar,0,26,32,0,58,0,43,252,2,297,0,69,284,2,355,320,0,320,675
12/13/2018,FRG,NY,AEA,EN,Towers with Radar,0,21,34,0,55,0,0,56,0,56,0,21,90,0,111,38,0,38,149
12/14/2018,FRG,NY,AEA,EN,Towers with Radar,0,25,45,0,70,0,13,161,1,175,0,38,206,1,245,438,0,438,683
12/15/2018,FRG,NY,AEA,EN,Towers with Radar,1,12,33,0,46,0,3,28,0,31,1,15,61,0,77,98,0,98,175
12/16/2018,FRG,NY,AEA,EN,Towers with Radar,1,22,29,0,52,0,0,0,0,0,1,22,29,0,52,0,0,0,52
12/17/2018,FRG,NY,AEA,EN,Towers with Radar,0,14,30,2,46,0,4,183,3,190,0,18,213,5,236,282,10,292,528
12/18/2018,FRG,NY,AEA,EN,Towers with Radar,0,14,31,0,45,0,11,114,0,125,0,25,145,0,170,138,0,138,308
12/19/2018,FRG,NY,AEA,EN,Towers with Radar,0,25,29,0,54,0,56,333,1,390,0,81,362,1,444,474,0,474,918
12/20/2018,FRG,NY,AEA,EN,Towers with Radar,0,22,50,0,72,0,18,191,0,209,0,40,241,0,281,398,0,398,679
12/21/2018,FRG,NY,AEA,EN,Towers with Radar,0,21,27,0,48,0,0,10,0,10,0,21,37,0,58,0,0,0,58
12/22/2018,FRG,NY,AEA,EN,Towers with Radar,0,30,55,0,85,0,3,63,0,66,0,33,118,0,151,34,0,34,185
12/23/2018,FRG,NY,AEA,EN,Towers with Radar,0,16,15,1,32,0,2,353,0,355,0,18,368,1,387,414,0,414,801
12/24/2018,FRG,NY,AEA,EN,Towers with Radar,0,7,13,0,20,0,5,63,0,68,0,12,76,0,88,146,0,146,234
12/25/2018,FRG,NY,AEA,EN,Towers with Radar,0,18,14,0,32,0,0,82,0,82,0,18,96,0,114,58,0,58,172
12/26/2018,FRG,NY,AEA,EN,Towers with Radar,0,22,46,0,68,0,14,210,0,224,0,36,256,0,292,274,0,274,566
12/27/2018,FRG,NY,AEA,EN,Towers with Radar,0,31,49,0,80,0,16,264,0,280,0,47,313,0,360,332,0,332,692
12/28/2018,FRG,NY,AEA,EN,Towers with Radar,0,17,15,0,32,0,4,0,0,4,0,21,15,0,36,0,0,0,36
12/29/2018,FRG,NY,AEA,EN,Towers with Radar,0,12,41,0,53,0,2,254,0,256,0,14,295,0,309,280,0,280,589
12/30/2018,FRG,NY,AEA,EN,Towers with Radar,0,13,36,0,49,0,1,198,0,199,0,14,234,0,248,364,0,364,612
12/31/2018,FRG,NY,AEA,EN,Towers with Radar,0,17,17,0,34,0,3,115,0,118,0,20,132,0,152,150,0,150,302
01/01/2019,FRG,NY,AEA,EN,Towers with Radar,0,28,42,0,70,0,11,80,0,91,0,39,122,0,161,31,0,31,192
01/02/2019,FRG,NY,AEA,EN,Towers with Radar,1,33,45,0,79,0,34,267,0,301,1,67,312,0,380,312,0,312,692
01/03/2019,FRG,NY,AEA,EN,Towers with Radar,1,33,30,0,64,0,4,194,0,198,1,37,224,0,262,307,0,307,569
01/04/2019,FRG,NY,AEA,EN,Towers with Radar,1,16,37,0,54,0,42,288,1,331,1,58,325,1,385,466,0,466,851
01/05/2019,FRG,NY,AEA,EN,Towers with Radar,0,19,24,0,43,0,2,2,0,4,0,21,26,0,47,0,0,0,47
01/06/2019,FRG,NY,AEA,EN,Towers with Radar,3,23,43,0,69,0,10,205,0,215,3,33,248,0,284,316,0,316,600
01/07/2019,FRG,NY,AEA,EN,Towers with Radar,0,24,32,0,56,0,16,195,1,212,0,40,227,1,268,400,0,400,668
01/08/2019,FRG,NY,AEA,EN,Towers with Radar,1,13,14,0,28,0,1,15,0,16,1,14,29,0,44,0,0,0,44
01/09/2019,FRG,NY,AEA,EN,Towers with Radar,0,16,31,0,47,0,6,77,0,83,0,22,108,0,130,30,0,30,160
01/10/2019,FRG,NY,AEA,EN,Towers with Radar,0,18,30,0,48,0,0,61,0,61,0,18,91,0,109,0,0,0,109
01/11/2019,FRG,NY,AEA,EN,Towers with Radar,0,9,27,0,36,0,16,189,0,205,0,25,216,0,241,276,0,276,517
01/12/2019,FRG,NY,AEA,EN,Towers with Radar,0,9,27,0,36,0,6,302,1,309,0,15,329,1,345,500,0,500,845
01/13/2019,FRG,NY,AEA,EN,Towers with Radar,0,11,31,0,42,0,1,194,0,195,0,12,225,0,237,443,0,443,680
01/14/2019,FRG,NY,AEA,EN,Towers with Radar,0,7,19,0,26,0,17,191,1,209,0,24,210,1,235,436,0,436,671
01/15/2019,FRG,NY,AEA,EN,Towers with Radar,0,7,19,0,26,0,29,235,0,264,0,36,254,0,290,400,0,400,690
01/16/2019,FRG,NY,AEA,EN,Towers with Radar,0,14,38,0,52,0,9,191,0,200,0,23,229,0,252,282,0,282,534
01/17/2019,FRG,NY,AEA,EN,Towers with Radar,2,27,34,0,63,0,12,236,1,249,2,39,270,1,312,334,0,334,646
01/18/2019,FRG,NY,AEA,EN,Towers with Radar,0,23,33,0,56,0,2,45,0,47,0,25,78,0,103,144,0,144,247
01/19/2019,FRG,NY,AEA,EN,Towers with Radar,0,11,29,0,40,0,9,215,0,224,0,20,244,0,264,354,0,354,618
01/20/2019,FRG,NY,AEA,EN,Towers with Radar,2,13,13,0,28,0,2,3,0,5,2,15,16,0,33,0,0,0,33
01/21/2019,FRG,NY,AEA,EN,Towers with Radar,1,47,41,0,89,0,0,13,0,13,1,47,54,0,102,0,0,0,102
01/22/2019,FRG,NY,AEA,EN,Towers with Radar,0,27,47,0,74,0,29,168,0,197,0,56,215,0,271,382,0,382,653
01/23/2019,FRG,NY,AEA,EN,Towers with Radar,0,21,21,0,42,0,5,164,1,170,0,26,185,1,212,296,0,296,508
01/24/2019,FRG,NY,AEA,EN,Towers with Radar,0,15,33,0,48,0,2,14,0,16,0,17,47,0,64,4,0,4,68
01/25/2019,FRG,NY,AEA,EN,Towers with Radar,0,21,39,0,60,0,35,216,1,252,0,56,255,1,312,252,0,252,564
01/26/2019,FRG,NY,AEA,EN,Towers with Radar,0,16,17,0,33,0,43,276,0,319,0,59,293,0,352,378,0,378,730
01/27/2019,FRG,NY,AEA,EN,Towers with Radar,0,31,44,0,75,0,8,185,0,193,0,39,229,0,268,208,0,208,476
01/28/2019,FRG,NY,AEA,EN,Towers with Radar,0,16,27,0,43,0,45,229,0,274,0,61,256,0,317,510,0,510,827
01/29/2019,FRG,NY,AEA,EN,Towers with Radar,2,20,26,0,48,0,6,78,0,84,2,26,104,0,132,182,0,182,314
01/30/2019,FRG,NY,AEA,EN,Towers with Radar,0,17,27,0,44,0,9,98,0,107,0,26,125,0,151,240,0,240,391
01/31/2019,FRG,NY,AEA,EN,Towers with Radar,1,31,31,0,63,0,27,68,0,95,1,58,99,0,158,122,0,122,280
02/01/2019,FRG,NY,AEA,EN,Towers with Radar,1,25,57,0,83,0,35,173,0,208,1,60,230,0,291,382,0,382,673
02/02/2019,FRG,NY,AEA,EN,Towers with Radar,0,17,15,0,32,0,19,325,0,344,0,36,340,0,376,358,0,358,734
02/03/2019,FRG,NY,AEA,EN,Towers with Radar,1,21,35,0,57,0,8,313,0,321,1,29,348,0,378,286,0,286,664
02/04/2019,FRG,NY,AEA,EN,Towers with Radar,1,26,26,0,53,0,61,208,2,271,1,87,234,2,324,378,0,378,702
02/05/2019,FRG,NY,AEA,EN,Towers with Radar,0,26,27,0,53,0,40,221,0,261,0,66,248,0,314,332,0,332,646
02/06/2019,FRG,NY,AEA,EN,Towers with Radar,1,16,28,3,48,0,23,216,0,239,1,39,244,3,287,424,0,424,711
02/07/2019,FRG,NY,AEA,EN,Towers with Radar,2,16,24,0,42,0,1,0,0,1,2,17,24,0,43,0,0,0,43
02/08/2019,FRG,NY,AEA,EN,Towers with Radar,0,15,33,0,48,0,4,49,1,54,0,19,82,1,102,30,0,30,132
02/09/2019,FRG,NY,AEA,EN,Towers with Radar,0,22,25,0,47,0,16,77,2,95,0,38,102,2,142,62,0,62,204
02/10/2019,FRG,NY,AEA,EN,Towers with Radar,1,23,38,0,62,0,5,402,0,407,1,28,440,0,469,333,0,333,802
02/11/2019,FRG,NY,AEA,EN,Towers with Radar,1,18,30,0,49,0,18,234,0,252,1,36,264,0,301,436,0,436,737
02/12/2019,FRG,NY,AEA,EN,Towers with Radar,0,5,9,0,14,0,1,11,0,12,0,6,20,0,26,12,0,12,38
02/13/2019,FRG,NY,AEA,EN,Towers with Radar,0,19,22,0,41,0,7,64,2,73,0,26,86,2,114,60,0,60,174
02/14/2019,FRG,NY,AEA,EN,Towers with Radar,0,26,63,0,89,0,23,286,2,311,0,49,349,2,400,266,0,266,666
02/15/2019,FRG,NY,AEA,EN,Towers with Radar,0,30,54,0,84,0,8,95,1,104,0,38,149,1,188,48,0,48,236
02/16/2019,FRG,NY,AEA,EN,Towers with Radar,0,40,24,0,64,0,43,407,0,450,0,83,431,0,514,334,0,334,848
02/17/2019,FRG,NY,AEA,EN,Towers with Radar,1,20,28,0,49,0,15,310,0,325,1,35,338,0,374,466,0,466,840
02/18/2019,FRG,NY,AEA,EN,Towers with Radar,1,23,42,0,66,0,0,48,1,49,1,23,90,1,115,46,0,46,161
02/19/2019,FRG,NY,AEA,EN,Towers with Radar,0,29,36,0,65,0,28,282,0,310,0,57,318,0,375,318,0,318,693
02/20/2019,FRG,NY,AEA,EN,Towers with Radar,0,17,11,0,28,0,14,93,0,107,0,31,104,0,135,282,0,282,417
02/21/2019,FRG,NY,AEA,EN,Towers with Radar,0,18,40,0,58,0,15,202,1,218,0,33,242,1,276,304,0,304,580
02/22/2019,FRG,NY,AEA,EN,Towers with Radar,0,26,32,0,58,0,24,261,3,288,0,50,293,3,346,450,0,450,796
02/23/2019,FRG,NY,AEA,EN,Towers with Radar,0,30,35,0,65,0,28,352,1,381,0,58,387,1,446,370,0,370,816
02/24/2019,FRG,NY,AEA,EN,Towers with Radar,2,37,27,0,66,0,0,7,0,7,2,37,34,0,73,0,0,0,73
02/25/2019,FRG,NY,AEA,EN,Towers with Radar,1,24,19,0,44,0,1,3,0,4,1,25,22,0,48,0,0,0,48
02/26/2019,FRG,NY,AEA,EN,Towers with Radar,0,14,26,0,40,0,24,163,0,187,0,38,189,0,227,172,0,172,399
02/27/2019,FRG,NY,AEA,EN,Towers with Radar,0,21,46,0,67,0,19,170,1,190,0,40,216,1,257,354,0,354,611
02/28/2019,FRG,NY,AEA,EN,Towers with Radar,0,28,32,0,60,0,27,233,1,261,0,55,265,1,321,286,0,286,607
03/01/2019,FRG,NY,AEA,EN,Towers with Radar,0,16,32,0,48,0,0,49,0,49,0,16,81,0,97,216,0,216,313
03/02/2019,FRG,NY,AEA,EN,Towers with Radar,0,12,19,0,31,0,6,50,0,56,0,18,69,0,87,128,0,128,215
03/03/2019,FRG,NY,AEA,EN,Towers with Radar,0,19,27,0,46,0,3,223,1,227,0,22,250,1,273,356,0,356,629
03/04/2019,FRG,NY,AEA,EN,Towers with Radar,1,16,26,0,43,0,10,112,0,122,1,26,138,0,165,180,0,180,345
03/05/2019,FRG,NY,AEA,EN,Towers with Radar,1,12,19,0,32,0,50,244,0,294,1,62,263,0,326,376,0,376,702
03/06/2019,FRG,NY,AEA,EN,Towers with Radar,1,11,25,0,37,0,28,206,0,234,1,39,231,0,271,190,0,190,461
03/07/2019,FRG,NY,AEA,EN,Towers with Radar,1,24,30,0,55,0,12,192,0,204,1,36,222,0,259,258,0,258,517
03/08/2019,FRG,NY,AEA,EN,Towers with Radar,1,33,41,0,75,0,39,278,0,317,1,72,319,0,392,410,0,410,802
03/09/2019,FRG,NY,AEA,EN,Towers with Radar,0,15,29,0,44,0,34,380,1,415,0,49,409,1,459,436,0,436,895
03/10/2019,FRG,NY,AEA,EN,Towers with Radar,1,47,56,0,104,0,0,0,0,0,1,47,56,0,104,0,0,0,104
03/11/2019,FRG,NY,AEA,EN,Towers with Radar,0,21,29,1,51,0,36,195,1,232,0,57,224,2,283,290,0,290,573
03/12/2019,FRG,NY,AEA,EN,Towers with Radar,0,15,38,2,55,0,35,245,0,280,0,50,283,2,335,418,0,418,753
03/13/2019,FRG,NY,AEA,EN,Towers with Radar,1,18,30,0,49,0,11,340,5,356,1,29,370,5,405,572,0,572,977
03/14/2019,FRG,NY,AEA,EN,Towers with Radar,0,19,42,2,63,0,8,260,2,270,0,27,302,4,333,531,0,531,864
03/15/2019,FRG,NY,AEA,EN,Towers with Radar,1,23,37,0,61,0,0,24,0,24,1,23,61,0,85,10,0,10,95
03/16/2019,FRG,NY,AEA,EN,Towers with Radar,0,24,28,0,52,0,6,135,0,141,0,30,163,0,193,146,0,146,339
03/17/2019,FRG,NY,AEA,EN,Towers with Radar,0,30,46,0,76,0,1,376,0,377,0,31,422,0,453,326,0,326,779
03/18/2019,FRG,NY,AEA,EN,Towers with Radar,3,11,36,0,50,0,37,290,0,327,3,48,326,0,377,478,0,478,855
03/19/2019,FRG,NY,AEA,EN,Towers with Radar,0,13,30,0,43,0,35,285,1,321,0,48,315,1,364,606,0,606,970
03/20/2019,FRG,NY,AEA,EN,Towers with Radar,3,18,33,0,54,0,24,291,0,315,3,42,324,0,369,468,0,468,837
03/21/2019,FRG,NY,AEA,EN,Towers with Radar,2,12,36,0,50,0,0,30,0,30,2,12,66,0,80,86,0,86,166
03/22/2019,FRG,NY,AEA,EN,Towers with Radar,1,16,40,0,57,0,10,38,0,48,1,26,78,0,105,0,0,0,105
03/23/2019,FRG,NY,AEA,EN,Towers with Radar,2,16,12,0,30,0,0,24,0,24,2,16,36,0,54,4,0,4,58
03/24/2019,FRG,NY,AEA,EN,Towers with Radar,2,19,47,0,68,0,4,386,0,390,2,23,433,0,458,370,0,370,828
03/25/2019,FRG,NY,AEA,EN,Towers with Radar,1,24,29,0,54,0,43,260,0,303,1,67,289,0,357,454,0,454,811
03/26/2019,FRG,NY,AEA,EN,Towers with Radar,0,21,18,0,39,0,40,276,0,316,0,61,294,0,355,342,0,342,697
03/27/2019,FRG,NY,AEA,EN,Towers with Radar,0,9,40,0,49,0,33,285,2,320,0,42,325,2,369,390,0,390,759
03/28/2019,FRG,NY,AEA,EN,Towers with Radar,0,9,32,0,41,0,1,275,0,276,0,10,307,0,317,486,0,486,803
03/29/2019,FRG,NY,AEA,EN,Towers with Radar,0,22,47,0,69,0,9,225,1,235,0,31,272,1,304,497,0,497,801
03/30/2019,FRG,NY,AEA,EN,Towers with Radar,0,24,30,0,54,0,31,342,0,373,0,55,372,0,427,368,0,368,795
03/31/2019,FRG,NY,AEA,EN,Towers with Radar,1,17,34,0,52,0,0,37,0,37,1,17,71,0,89,70,0,70,159
04/01/2019,FRG,NY,AEA,EN,Towers with Radar,1,13,23,0,37,0,33,145,0,178,1,46,168,0,215,306,0,306,521
04/02/2019,FRG,NY,AEA,EN,Towers with Radar,0,17,37,0,54,0,33,252,0,285,0,50,289,0,339,404,0,404,743
04/03/2019,FRG,NY,AEA,EN,Towers with Radar,2,27,30,0,59,0,8,106,0,114,2,35,136,0,173,162,0,162,335
04/04/2019,FRG,NY,AEA,EN,Towers with Radar,0,19,37,0,56,0,6,266,0,272,0,25,303,0,328,380,0,380,708
04/05/2019,FRG,NY,AEA,EN,Towers with Radar,0,31,34,0,65,0,14,100,0,114,0,45,134,0,179,196,0,196,375
04/06/2019,FRG,NY,AEA,EN,Towers with Radar,0,24,31,0,55,0,12,244,0,256,0,36,275,0,311,286,0,286,597
04/07/2019,FRG,NY,AEA,EN,Towers with Radar,0,30,59,0,89,0,4,367,1,372,0,34,426,1,461,348,0,348,809
04/08/2019,FRG,NY,AEA,EN,Towers with Radar,0,26,42,0,68,0,11,95,0,106,0,37,137,0,174,174,0,174,348
04/09/2019,FRG,NY,AEA,EN,Towers with Radar,2,22,32,0,56,0,0,9,0,9,2,22,41,0,65,0,0,0,65
04/10/2019,FRG,NY,AEA,EN,Towers with Radar,1,33,30,0,64,0,35,335,0,370,1,68,365,0,434,406,0,406,840
04/11/2019,FRG,NY,AEA,EN,Towers with Radar,0,16,44,0,60,0,19,342,0,361,0,35,386,0,421,504,0,504,925
04/12/2019,FRG,NY,AEA,EN,Towers with Radar,3,29,40,2,74,0,3,69,0,72,3,32,109,2,146,60,0,60,206
04/13/2019,FRG,NY,AEA,EN,Towers with Radar,2,30,41,0,73,0,5,65,0,70,2,35,106,0,143,224,0,224,367
04/14/2019,FRG,NY,AEA,EN,Towers with Radar,0,20,44,0,64,0,0,8,0,8,0,20,52,0,72,0,0,0,72
04/15/2019,FRG,NY,AEA,EN,Towers with Radar,0,15,45,0,60,0,5,48,0,53,0,20,93,0,113,14,0,14,127
04/16/2019,FRG,NY,AEA,EN,Towers with Radar,0,22,48,0,70,0,24,230,0,254,0,46,278,0,324,304,0,304,628
04/17/2019,FRG,NY,AEA,EN,Towers with Radar,0,20,51,0,71,0,46,461,0,507,0,66,512,0,578,590,0,590,1168
04/18/2019,FRG,NY,AEA,EN,Towers with Radar,0,37,60,0,97,0,2,80,0,82,0,39,140,0,179,142,0,142,321
04/19/2019,FRG,NY,AEA,EN,Towers with Radar,0,16,42,0,58,0,3,34,0,37,0,19,76,0,95,20,0,20,115
04/20/2019,FRG,NY,AEA,EN,Towers with Radar,0,28,28,0,56,0,1,4,0,5,0,29,32,0,61,2,0,2,63
04/21/2019,FRG,NY,AEA,EN,Towers with Radar,0,18,73,0,91,0,3,117,0,120,0,21,190,0,211,174,0,174,385
04/22/2019,FRG,NY,AEA,EN,Towers with Radar,0,42,50,0,92,0,11,128,0,139,0,53,178,0,231,172,0,172,403
04/23/2019,FRG,NY,AEA,EN,Towers with Radar,0,20,27,0,47,0,57,395,0,452,0,77,422,0,499,608,0,608,1107
04/24/2019,FRG,NY,AEA,EN,Towers with Radar,0,11,42,0,53,0,7,290,0,297,0,18,332,0,350,302,0,302,652
04/25/2019,FRG,NY,AEA,EN,Towers with Radar,0,22,34,1,57,0,12,325,4,341,0,34,359,5,398,680,0,680,1078
04/26/2019,FRG,NY,AEA,EN,Towers with Radar,0,26,48,0,74,0,0,8,0,8,0,26,56,0,82,2,0,2,84
04/27/2019,FRG,NY,AEA,EN,Towers with Radar,0,31,30,0,61,0,2,75,0,77,0,33,105,0,138,52,0,52,190
04/28/2019,FRG,NY,AEA,EN,Towers with Radar,0,56,74,0,130,0,4,171,0,175,0,60,245,0,305,446,0,446,751
04/29/2019,FRG,NY,AEA,EN,Towers with Radar,0,34,41,0,75,0,44,420,0,464,0,78,461,0,539,560,0,560,1099
04/30/2019,FRG,NY,AEA,EN,Towers with Radar,1,18,38,0,57,0,3,37,0,40,1,21,75,0,97,86,0,86,183
05/01/2019,FRG,NY,AEA,EN,Towers with Radar,0,27,42,0,69,0,10,149,0,159,0,37,191,0,228,392,0,392,620
05/02/2019,FRG,NY,AEA,EN,Towers with Radar,0,25,57,0,82,0,0,84,0,84,0,25,141,0,166,240,0,240,406
05/03/2019,FRG,NY,AEA,EN,Towers with Radar,0,46,38,0,84,0,0,6,0,6,0,46,44,0,90,0,0,0,90
05/04/2019,FRG,NY,AEA,EN,Towers with Radar,1,17,45,0,63,0,0,16,1,17,1,17,61,1,80,0,0,0,80
05/05/2019,FRG,NY,AEA,EN,Towers with Radar,0,34,46,0,80,0,0,0,0,0,0,34,46,0,80,2,0,2,82
05/06/2019,FRG,NY,AEA,EN,Towers with Radar,0,21,36,0,57,0,34,409,2,445,0,55,445,2,502,648,0,648,1150
05/07/2019,FRG,NY,AEA,EN,Towers with Radar,0,8,33,0,41,0,23,333,1,357,0,31,366,1,398,576,0,576,974
05/08/2019,FRG,NY,AEA,EN,Towers with Radar,0,24,43,0,67,0,19,319,0,338,0,43,362,0,405,545,0,545,950
05/09/2019,FRG,NY,AEA,EN,Towers with Radar,0,22,41,0,63,0,11,245,2,258,0,33,286,2,321,450,0,450,771
05/10/2019,FRG,NY,AEA,EN,Towers with Radar,0,18,50,0,68,0,0,87,0,87,0,18,137,0,155,96,0,96,251
05/11/2019,FRG,NY,AEA,EN,Towers with Radar,0,20,42,0,62,0,6,432,8,446,0,26,474,8,508,482,0,482,990
05/12/2019,FRG,NY,AEA,EN,Towers with Radar,0,30,45,0,75,0,0,2,0,2,0,30,47,0,77,0,0,0,77
05/13/2019,FRG,NY,AEA,EN,Towers with Radar,0,24,46,0,70,0,0,8,0,8,0,24,54,0,78,4,0,4,82
05/14/2019,FRG,NY,AEA,EN,Towers with Radar,0,36,40,0,76,0,3,106,0,109,0,39,146,0,185,352,0,352,537
05/15/2019,FRG,NY,AEA,EN,Towers with Radar,0,14,47,0,61,0,50,514,0,564,0,64,561,0,625,536,0,536,1161
05/16/2019,FRG,NY,AEA,EN,Towers with Radar,3,26,63,0,92,0,16,440,2,458,3,42,503,2,550,340,0,340,890
05/17/2019,FRG,NY,AEA,EN,Towers with Radar,0,43,44,0,87,0,24,340,0,364,0,67,384,0,451,388,0,388,839
05/18/2019,FRG,NY,AEA,EN,Towers with Radar,3,25,34,0,62,0,1,490,0,491,3,26,524,0,553,364,0,364,917
05/19/2019,FRG,NY,AEA,EN,Towers with Radar,0,62,50,0,112,0,8,341,0,349,0,70,391,0,461,216,0,216,677
05/20/2019,FRG,NY,AEA,EN,Towers with Radar,0,28,45,0,73,0,26,263,0,289,0,54,308,0,362,460,0,460,822
05/21/2019,FRG,NY,AEA,EN,Towers with Radar,0,11,39,0,50,0,34,247,2,283,0,45,286,2,333,356,0,356,689
05/22/2019,FRG,NY,AEA,EN,Towers with Radar,0,15,40,1,56,0,23,394,0,417,0,38,434,1,473,582,0,582,1055
05/23/2019,FRG,NY,AEA,EN,Towers with Radar,0,32,62,0,94,0,15,193,3,211,0,47,255,3,305,124,0,124,429
05/24/2019,FRG,NY,AEA,EN,Towers with Radar,0,29,30,0,59,0,9,327,5,341,0,38,357,5,400,66,0,66,466
05/25/2019,FRG,NY,AEA,EN,Towers with Radar,0,16,35,0,51,0,26,441,3,470,0,42,476,3,521,184,0,184,705
05/26/2019,FRG,NY,AEA,EN,Towers with Radar,0,12,21,1,34,0,43,329,9,381,0,55,350,10,415,126,2,128,543
05/27/2019,FRG,NY,AEA,EN,Towers with Radar,0,23,44,0,67,0,24,407,0,431,0,47,451,0,498,344,0,344,842
05/28/2019,FRG,NY,AEA,EN,Towers with Radar,0,26,49,0,75,0,7,96,0,103,0,33,145,0,178,136,0,136,314
05/29/2019,FRG,NY,AEA,EN,Towers with Radar,0,26,48,0,74,0,8,107,0,115,0,34,155,0,189,286,0,286,475
05/30/2019,FRG,NY,AEA,EN,Towers with Radar,0,28,57,0,85,0,0,14,0,14,0,28,71,0,99,10,0,10,109
05/31/2019,FRG,NY,AEA,EN,Towers with Radar,0,16,33,0,49,0,24,421,0,445,0,40,454,0,494,490,0,490,984
06/01/2019,FRG,NY,AEA,EN,Towers with Radar,0,13,33,0,46,0,5,368,0,373,0,18,401,0,419,460,0,460,879
06/02/2019,FRG,NY,AEA,EN,Towers with Radar,1,21,36,0,58,0,6,224,0,230,1,27,260,0,288,294,0,294,582
06/03/2019,FRG,NY,AEA,EN,Towers with Radar,0,23,24,0,47,0,55,349,4,408,0,78,373,4,455,540,0,540,995
06/04/2019,FRG,NY,AEA,EN,Towers with Radar,0,20,28,0,48,0,51,346,2,399,0,71,374,2,447,533,0,533,980
06/05/2019,FRG,NY,AEA,EN,Towers with Radar,1,16,31,0,48,0,39,217,0,256,1,55,248,0,304,416,0,416,720
06/06/2019,FRG,NY,AEA,EN,Towers with Radar,0,22,47,0,69,0,11,265,0,276,0,33,312,0,345,496,0,496,841
06/07/2019,FRG,NY,AEA,EN,Towers with Radar,0,27,40,0,67,0,22,362,0,384,0,49,402,0,451,488,0,488,939
06/08/2019,FRG,NY,AEA,EN,Towers with Radar,0,12,30,0,42,0,6,350,1,357,0,18,380,1,399,318,0,318,717
06/09/2019,FRG,NY,AEA,EN,Towers with Radar,0,29,31,0,60,0,7,344,1,352,0,36,375,1,412,404,0,404,816
06/10/2019,FRG,NY,AEA,EN,Towers with Radar,0,19,60,0,79,0,1,23,1,25,0,20,83,1,104,0,0,0,104
06/11/2019,FRG,NY,AEA,EN,Towers with Radar,0,23,34,0,57,0,14,117,0,131,0,37,151,0,188,232,0,232,420
06/12/2019,FRG,NY,AEA,EN,Towers with Radar,0,19,38,0,57,0,43,376,0,419,0,62,414,0,476,546,0,546,1022
06/13/2019,FRG,NY,AEA,EN,Towers with Radar,0,27,30,2,59,0,6,29,0,35,0,33,59,2,94,24,0,24,118
06/14/2019,FRG,NY,AEA,EN,Towers with Radar,0,33,36,0,69,0,6,281,1,288,0,39,317,1,357,320,0,320,677
06/15/2019,FRG,NY,AEA,EN,Towers with Radar,0,11,31,0,42,0,0,314,0,314,0,11,345,0,356,262,0,262,618
06/16/2019,FRG,NY,AEA,EN,Towers with Radar,0,26,33,0,59,0,5,185,0,190,0,31,218,0,249,396,0,396,645
06/17/2019,FRG,NY,AEA,EN,Towers with Radar,0,20,40,0,60,0,11,256,0,267,0,31,296,0,327,556,0,556,883
06/18/2019,FRG,NY,AEA,EN,Towers with Radar,0,30,35,0,65,0,4,2,0,6,0,34,37,0,71,4,0,4,75
06/19/2019,FRG,NY,AEA,EN,Towers with Radar,0,23,39,0,62,0,0,8,0,8,0,23,47,0,70,4,0,4,74
06/20/2019,FRG,NY,AEA,EN,Towers with Radar,0,32,29,0,61,0,1,7,0,8,0,33,36,0,69,0,0,0,69
06/21/2019,FRG,NY,AEA,EN,Towers with Radar,0,32,41,0,73,0,9,175,0,184,0,41,216,0,257,106,0,106,363
06/22/2019,FRG,NY,AEA,EN,Towers with Radar,0,21,29,0,50,0,7,409,0,416,0,28,438,0,466,468,0,468,934
06/23/2019,FRG,NY,AEA,EN,Towers with Radar,0,30,20,0,50,0,14,435,0,449,0,44,455,0,499,422,0,422,921
06/24/2019,FRG,NY,AEA,EN,Towers with Radar,0,19,32,0,51,0,30,419,0,449,0,49,451,0,500,564,0,564,1064
06/25/2019,FRG,NY,AEA,EN,Towers with Radar,0,19,53,0,72,0,0,10,0,10,0,19,63,0,82,14,0,14,96
06/26/2019,FRG,NY,AEA,EN,Towers with Radar,0,17,43,2,62,0,30,378,0,408,0,47,421,2,470,484,0,484,954
06/27/2019,FRG,NY,AEA,EN,Towers with Radar,0,24,41,0,65,0,35,384,3,422,0,59,425,3,487,546,0,546,1033
06/28/2019,FRG,NY,AEA,EN,Towers with Radar,0,22,34,0,56,0,26,420,1,447,0,48,454,1,503,500,0,500,1003
06/29/2019,FRG,NY,AEA,EN,Towers with Radar,0,13,24,0,37,0,2,245,0,247,0,15,269,0,284,318,0,318,602
06/30/2019,FRG,NY,AEA,EN,Towers with Radar,0,20,22,0,42,0,3,255,0,258,0,23,277,0,300,396,0,396,696
07/01/2019,FRG,NY,AEA,EN,Towers with Radar,0,30,16,0,46,0,36,353,0,389,0,66,369,0,435,454,0,454,889
07/02/2019,FRG,NY,AEA,EN,Towers with Radar,0,20,30,0,50,0,43,309,3,355,0,63,339,3,405,476,0,476,881
07/03/2019,FRG,NY,AEA,EN,Towers with Radar,0,4,47,0,51,0,6,325,0,331,0,10,372,0,382,556,0,556,938
07/04/2019,FRG,NY,AEA,EN,Towers with Radar,0,6,27,0,33,0,9,253,0,262,0,15,280,0,295,346,0,346,641
07/05/2019,FRG,NY,AEA,EN,Towers with Radar,0,15,35,0,50,0,3,158,0,161,0,18,193,0,211,336,0,336,547
07/06/2019,FRG,NY,AEA,EN,Towers with Radar,0,15,34,0,49,0,0,46,0,46,0,15,80,0,95,202,0,202,297
07/07/2019,FRG,NY,AEA,EN,Towers with Radar,0,21,53,0,74,0,6,320,0,326,0,27,373,0,400,388,0,388,788
07/08/2019,FRG,NY,AEA,EN,Towers with Radar,0,13,31,0,44,0,30,266,1,297,0,43,297,1,341,491,6,497,838
07/09/2019,FRG,NY,AEA,EN,Towers with Radar,0,15,37,0,52,0,30,327,0,357,0,45,364,0,409,436,0,436,845
07/10/2019,FRG,NY,AEA,EN,Towers with Radar,0,18,29,0,47,0,14,381,1,396,0,32,410,1,443,420,0,420,863
07/11/2019,FRG,NY,AEA,EN,Towers with Radar,0,21,46,0,67,0,21,201,1,223,0,42,247,1,290,263,0,263,553
07/12/2019,FRG,NY,AEA,EN,Towers with Radar,0,24,57,0,81,0,13,252,1,266,0,37,309,1,347,324,0,324,671
07/13/2019,FRG,NY,AEA,EN,Towers with Radar,0,21,33,0,54,0,10,397,0,407,0,31,430,0,461,384,0,384,845
07/14/2019,FRG,NY,AEA,EN,Towers with Radar,0,30,37,0,67,0,9,357,2,368,0,39,394,2,435,396,0,396,831
07/15/2019,FRG,NY,AEA,EN,Towers with Radar,0,22,39,0,61,0,30,355,0,385,0,52,394,0,446,428,0,428,874
07/16/2019,FRG,NY,AEA,EN,Towers with Radar,0,15,31,2,48,0,49,329,1,379,0,64,360,3,427,428,0,428,855
07/17/2019,FRG,NY,AEA,EN,Towers with Radar,0,20,35,1,56,0,21,213,2,236,0,41,248,3,292,348,0,348,640
07/18/2019,FRG,NY,AEA,EN,Towers with Radar,0,31,48,0,79,0,0,29,0,29,0,31,77,0,108,0,0,0,108
07/19/2019,FRG,NY,AEA,EN,Towers with Radar,0,34,46,0,80,0,2,221,1,224,0,36,267,1,304,356,0,356,660
07/20/2019,FRG,NY,AEA,EN,Towers with Radar,0,26,36,0,62,0,2,387,0,389,0,28,423,0,451,334,0,334,785
07/21/2019,FRG,NY,AEA,EN,Towers with Radar,0,31,36,0,67,0,20,295,1,316,0,51,331,1,383,380,0,380,763
07/22/2019,FRG,NY,AEA,EN,Towers with Radar,0,30,18,0,48,0,21,217,1,239,0,51,235,1,287,334,0,334,621
07/23/2019,FRG,NY,AEA,EN,Towers with Radar,0,9,48,0,57,0,5,45,0,50,0,14,93,0,107,122,0,122,229
07/24/2019,FRG,NY,AEA,EN,Towers with Radar,2,16,30,0,48,0,55,473,1,529,2,71,503,1,577,592,0,592,1169
07/25/2019,FRG,NY,AEA,EN,Towers with Radar,2,9,42,1,54,0,36,392,0,428,2,45,434,1,482,670,0,670,1152
07/26/2019,FRG,NY,AEA,EN,Towers with Radar,0,23,40,0,63,0,14,363,1,378,0,37,403,1,441,390,0,390,831
07/27/2019,FRG,NY,AEA,EN,Towers with Radar,0,19,26,1,46,0,3,340,0,343,0,22,366,1,389,406,0,406,795
07/28/2019,FRG,NY,AEA,EN,Towers with Radar,0,38,31,1,70,0,9,376,0,385,0,47,407,1,455,388,0,388,843
07/29/2019,FRG,NY,AEA,EN,Towers with Radar,0,34,36,0,70,0,20,359,0,379,0,54,395,0,449,536,0,536,985
07/30/2019,FRG,NY,AEA,EN,Towers with Radar,0,13,26,1,40,0,42,354,0,396,0,55,380,1,436,518,0,518,954
07/31/2019,FRG,NY,AEA,EN,Towers with Radar,0,23,25,0,48,0,15,219,0,234,0,38,244,0,282,344,0,344,626
08/01/2019,FRG,NY,AEA,EN,Towers with Radar,0,24,37,0,61,0,36,385,2,423,0,60,422,2,484,432,0,432,916
08/02/2019,FRG,NY,AEA,EN,Towers with Radar,0,20,25,0,45,0,29,258,0,287,0,49,283,0,332,440,0,440,772
08/03/2019,FRG,NY,AEA,EN,Towers with Radar,0,16,39,1,56,0,5,270,0,275,0,21,309,1,331,452,0,452,783
08/04/2019,FRG,NY,AEA,EN,Towers with Radar,0,30,52,4,86,0,39,342,0,381,0,69,394,4,467,336,0,336,803
08/05/2019,FRG,NY,AEA,EN,Towers with Radar,0,15,26,0,41,0,23,343,0,366,0,38,369,0,407,466,0,466,873
08/06/2019,FRG,NY,AEA,EN,Towers with Radar,0,12,35,0,47,0,4,98,0,102,0,16,133,0,149,66,0,66,215
08/07/2019,FRG,NY,AEA,EN,Towers with Radar,0,26,29,1,56,0,7,79,0,86,0,33,108,1,142,100,0,100,242
08/08/2019,FRG,NY,AEA,EN,Towers with Radar,0,26,45,0,71,0,24,279,0,303,0,50,324,0,374,529,0,529,903
08/09/2019,FRG,NY,AEA,EN,Towers with Radar,0,33,49,0,82,0,10,222,2,234,0,43,271,2,316,362,0,362,678
08/10/2019,FRG,NY,AEA,EN,Towers with Radar,0,13,28,0,41,0,9,349,1,359,0,22,377,1,400,370,0,370,770
08/11/2019,FRG,NY,AEA,EN,Towers with Radar,0,17,26,1,44,0,9,369,0,378,0,26,395,1,422,448,0,448,870
08/12/2019,FRG,NY,AEA,EN,Towers with Radar,0,21,38,0,59,0,19,361,3,383,0,40,399,3,442,338,0,338,780
08/13/2019,FRG,NY,AEA,EN,Towers with Radar,0,15,45,0,60,0,6,105,0,111,0,21,150,0,171,170,0,170,341
08/14/2019,FRG,NY,AEA,EN,Towers with Radar,0,19,50,0,69,0,4,109,0,113,0,23,159,0,182,376,0,376,558
08/15/2019,FRG,NY,AEA,EN,Towers with Radar,2,26,56,0,84,0,21,337,1,359,2,47,393,1,443,446,0,446,889
08/16/2019,FRG,NY,AEA,EN,Towers with Radar,1,26,60,0,87,0,18,259,1,278,1,44,319,1,365,514,0,514,879
08/17/2019,FRG,NY,AEA,EN,Towers with Radar,1,19,49,0,69,0,0,64,0,64,1,19,113,0,133,270,0,270,403
08/18/2019,FRG,NY,AEA,EN,Towers with Radar,1,28,75,0,104,0,11,196,0,207,1,39,271,0,311,222,0,222,533
08/19/2019,FRG,NY,AEA,EN,Towers with Radar,0,23,39,2,64,0,20,254,1,275,0,43,293,3,339,401,0,401,740
08/20/2019,FRG,NY,AEA,EN,Towers with Radar,0,18,30,1,49,0,30,390,2,422,0,48,420,3,471,490,0,490,961
08/21/2019,FRG,NY,AEA,EN,Towers with Radar,0,19,23,1,43,0,12,105,0,117,0,31,128,1,160,210,0,210,370
08/22/2019,FRG,NY,AEA,EN,Towers with Radar,0,20,46,3,69,0,20,328,1,349,0,40,374,4,418,360,0,360,778
08/23/2019,FRG,NY,AEA,EN,Towers with Radar,0,33,47,0,80,0,16,242,0,258,0,49,289,0,338,420,0,420,758
08/24/2019,FRG,NY,AEA,EN,Towers with Radar,0,29,23,1,53,0,9,388,0,397,0,38,411,1,450,454,0,454,904
08/25/2019,FRG,NY,AEA,EN,Towers with Radar,0,25,44,0,69,0,8,344,0,352,0,33,388,0,421,272,0,272,693
08/26/2019,FRG,NY,AEA,EN,Towers with Radar,0,17,39,0,56,0,13,290,0,303,0,30,329,0,359,526,0,526,885
08/27/2019,FRG,NY,AEA,EN,Towers with Radar,0,15,33,0,48,0,28,295,3,326,0,43,328,3,374,522,0,522,896
08/28/2019,FRG,NY,AEA,EN,Towers with Radar,0,26,44,0,70,0,3,56,0,59,0,29,100,0,129,110,0,110,239
08/29/2019,FRG,NY,AEA,EN,Towers with Radar,0,16,47,1,64,0,37,375,3,415,0,53,422,4,479,392,0,392,871
08/30/2019,FRG,NY,AEA,EN,Towers with Radar,0,20,51,0,71,0,46,403,0,449,0,66,454,0,520,440,0,440,960
08/31/2019,FRG,NY,AEA,EN,Towers with Radar,0,19,43,0,62,0,19,403,0,422,0,38,446,0,484,428,0,428,912
09/01/2019,FRG,NY,AEA,EN,Towers with Radar,0,24,21,0,45,0,17,316,0,333,0,41,337,0,378,344,0,344,722
09/02/2019,FRG,NY,AEA,EN,Towers with Radar,0,22,35,0,57,0,2,136,1,139,0,24,171,1,196,260,0,260,456
09/03/2019,FRG,NY,AEA,EN,Towers with Radar,0,21,26,0,47,0,18,373,0,391,0,39,399,0,438,408,0,408,846
09/04/2019,FRG,NY,AEA,EN,Towers with Radar,0,21,46,0,67,0,2,83,0,85,0,23,129,0,152,168,0,168,320
09/05/2019,FRG,NY,AEA,EN,Towers with Radar,0,21,62,0,83,0,26,355,0,381,0,47,417,0,464,530,0,530,994
09/06/2019,FRG,NY,AEA,EN,Towers with Radar,2,21,40,0,63,0,3,70,0,73,2,24,110,0,136,192,0,192,328
09/07/2019,FRG,NY,AEA,EN,Towers with Radar,0,18,35,0,53,0,28,329,0,357,0,46,364,0,410,418,0,418,828
09/08/2019,FRG,NY,AEA,EN,Towers with Radar,0,25,37,0,62,0,9,336,0,345,0,34,373,0,407,499,0,499,906
09/09/2019,FRG,NY,AEA,EN,Towers with Radar,0,14,20,0,34,0,47,350,0,397,0,61,370,0,431,578,0,578,1009
09/10/2019,FRG,NY,AEA,EN,Towers with Radar,0,27,43,0,70,0,23,279,0,302,0,50,322,0,372,550,0,550,922
09/11/2019,FRG,NY,AEA,EN,Towers with Radar,0,26,34,0,60,0,35,300,0,335,0,61,334,0,395,442,0,442,837
09/12/2019,FRG,NY,AEA,EN,Towers with Radar,1,34,43,0,78,0,3,69,0,72,1,37,112,0,150,164,0,164,314
09/13/2019,FRG,NY,AEA,EN,Towers with Radar,0,27,29,0,56,0,49,307,1,357,0,76,336,1,413,382,0,382,795
09/14/2019,FRG,NY,AEA,EN,Towers with Radar,0,22,26,0,48,0,33,274,1,308,0,55,300,1,356,392,0,392,748
09/15/2019,FRG,NY,AEA,EN,Towers with Radar,0,31,38,0,69,0,11,339,0,350,0,42,377,0,419,458,0,458,877
09/16/2019,FRG,NY,AEA,EN,Towers with Radar,1,23,37,0,61,0,43,304,2,349,1,66,341,2,410,460,0,460,870
09/17/2019,FRG,NY,AEA,EN,Towers with Radar,0,17,37,0,54,0,55,342,3,400,0,72,379,3,454,488,0,488,942
09/18/2019,FRG,NY,AEA,EN,Towers with Radar,1,31,45,0,77,0,55,341,10,406,1,86,386,10,483,504,0,504,987
09/19/2019,FRG,NY,AEA,EN,Towers with Radar,0,29,39,0,68,0,52,359,1,412,0,81,398,1,480,512,0,512,992
09/20/2019,FRG,NY,AEA,EN,Towers with Radar,2,23,40,0,65,0,59,275,1,335,2,82,315,1,400,465,0,465,865
09/21/2019,FRG,NY,AEA,EN,Towers with Radar,0,20,28,0,48,0,45,395,7,447,0,65,423,7,495,600,0,600,1095
09/22/2019,FRG,NY,AEA,EN,Towers with Radar,1,40,67,0,108,0,26,347,3,376,1,66,414,3,484,440,0,440,924
09/23/2019,FRG,NY,AEA,EN,Towers with Radar,0,34,54,0,88,0,31,225,7,263,0,65,279,7,351,0,0,0,351
09/24/2019,FRG,NY,AEA,EN,Towers with Radar,0,16,41,0,57,0,40,316,3,359,0,56,357,3,416,4,0,4,420
09/25/2019,FRG,NY,AEA,EN,Towers with Radar,0,17,51,0,68,0,60,341,5,406,0,77,392,5,474,0,0,0,474
09/26/2019,FRG,NY,AEA,EN,Towers with Radar,3,33,46,0,82,0,25,269,0,294,3,58,315,0,376,78,0,78,454
09/27/2019,FRG,NY,AEA,EN,Towers with Radar,1,33,46,0,80,0,65,380,30,475,1,98,426,30,555,610,0,610,1165
09/28/2019,FRG,NY,AEA,EN,Towers with Radar,0,24,43,0,67,0,72,421,12,505,0,96,464,12,572,320,0,320,892
09/29/2019,FRG,NY,AEA,EN,Towers with Radar,0,21,25,3,49,0,18,361,3,382,0,39,386,6,431,454,0,454,885
09/30/2019,FRG,NY,AEA,EN,Towers with Radar,0,17,47,0,64,0,20,295,0,315,0,37,342,0,379,570,0,570,949
10/01/2019,FRG,NY,AEA,EN,Towers with Radar,0,12,41,3,56,0,17,214,2,233,0,29,255,5,289,408,0,408,697
10/02/2019,FRG,NY,AEA,EN,Towers with Radar,0,30,26,3,59,0,25,239,2,266,0,55,265,5,325,390,0,390,715
10/03/2019,FRG,NY,AEA,EN,Towers with Radar,0,33,39,0,72,0,0,10,0,10,0,33,49,0,82,6,0,6,88
10/04/2019,FRG,NY,AEA,EN,Towers with Radar,0,24,38,0,62,0,11,140,1,152,0,35,178,1,214,144,0,144,358
10/05/2019,FRG,NY,AEA,EN,Towers with Radar,0,28,33,0,61,0,66,380,0,446,0,94,413,0,507,410,0,410,917
10/06/2019,FRG,NY,AEA,EN,Towers with Radar,2,48,80,0,130,0,3,239,0,242,2,51,319,0,372,442,0,442,814
10/07/2019,FRG,NY,AEA,EN,Towers with Radar,2,26,51,0,79,0,16,179,3,198,2,42,230,3,277,100,0,100,377
10/08/2019,FRG,NY,AEA,EN,Towers with Radar,0,26,39,0,65,0,35,225,15,275,0,61,264,15,340,414,0,414,754
10/09/2019,FRG,NY,AEA,EN,Towers with Radar,1,23,36,0,60,0,2,18,0,20,1,25,54,0,80,4,0,4,84
10/10/2019,FRG,NY,AEA,EN,Towers with Radar,1,29,25,0,55,0,7,76,0,83,1,36,101,0,138,64,0,64,202
10/11/2019,FRG,NY,AEA,EN,Towers with Radar,0,37,36,0,73,0,10,103,0,113,0,47,139,0,186,30,0,30,216
10/12/2019,FRG,NY,AEA,EN,Towers with Radar,0,24,53,0,77,0,12,224,2,238,0,36,277,2,315,630,0,630,945
10/13/2019,FRG,NY,AEA,EN,Towers with Radar,0,33,41,0,74,0,6,365,0,371,0,39,406,0,445,524,0,524,969
10/14/2019,FRG,NY,AEA,EN,Towers with Radar,1,27,52,0,80,0,59,324,1,384,1,86,376,1,464,374,0,374,838
10/15/2019,FRG,NY,AEA,EN,Towers with Radar,1,25,49,0,75,0,40,297,1,338,1,65,346,1,413,326,0,326,739
10/16/2019,FRG,NY,AEA,EN,Towers with Radar,1,19,19,2,41,0,12,125,0,137,1,31,144,2,178,302,0,302,480
10/17/2019,FRG,NY,AEA,EN,Towers with Radar,0,20,28,0,48,0,3,30,0,33,0,23,58,0,81,2,0,2,83
10/18/2019,FRG,NY,AEA,EN,Towers with Radar,0,25,38,0,63,0,27,344,0,371,0,52,382,0,434,504,0,504,938
10/19/2019,FRG,NY,AEA,EN,Towers with Radar,0,25,31,1,57,0,49,399,0,448,0,74,430,1,505,414,0,414,919
10/20/2019,FRG,NY,AEA,EN,Towers with Radar,0,29,68,0,97,0,2,192,0,194,0,31,260,0,291,320,0,320,611
10/21/2019,FRG,NY,AEA,EN,Towers with Radar,0,16,30,0,46,0,22,318,1,341,0,38,348,1,387,550,0,550,937
10/22/2019,FRG,NY,AEA,EN,Towers with Radar,0,21,27,0,48,0,3,9,0,12,0,24,36,0,60,0,0,0,60
10/23/2019,FRG,NY,AEA,EN,Towers with Radar,0,32,42,0,74,0,44,336,2,382,0,76,378,2,456,420,0,420,876
10/24/2019,FRG,NY,AEA,EN,Towers with Radar,1,29,38,1,69,0,59,346,0,405,1,88,384,1,474,408,0,408,882
10/25/2019,FRG,NY,AEA,EN,Towers with Radar,0,25,49,0,74,0,35,361,0,396,0,60,410,0,470,546,0,546,1016
10/26/2019,FRG,NY,AEA,EN,Towers with Radar,1,14,34,0,49,0,59,372,2,433,1,73,406,2,482,482,0,482,964
10/27/2019,FRG,NY,AEA,EN,Towers with Radar,0,25,35,0,60,0,0,8,0,8,0,25,43,0,68,4,0,4,72
10/28/2019,FRG,NY,AEA,EN,Towers with Radar,0,25,33,0,58,0,21,322,1,344,0,46,355,1,402,554,0,554,956
10/29/2019,FRG,NY,AEA,EN,Towers with Radar,0,26,59,0,85,0,2,6,0,8,0,28,65,0,93,0,0,0,93
10/30/2019,FRG,NY,AEA,EN,Towers with Radar,0,26,30,0,56,0,0,4,0,4,0,26,34,0,60,0,0,0,60
10/31/2019,FRG,NY,AEA,EN,Towers with Radar,0,17,33,0,50,0,0,1,0,1,0,17,34,0,51,0,0,0,51
11/01/2019,FRG,NY,AEA,EN,Towers with Radar,1,25,38,0,64,0,12,110,0,122,1,37,148,0,186,102,0,102,288
11/02/2019,FRG,NY,AEA,EN,Towers with Radar,0,18,19,0,37,0,39,464,0,503,0,57,483,0,540,448,0,448,988
11/03/2019,FRG,NY,AEA,EN,Towers with Radar,0,24,45,0,69,0,13,327,0,340,0,37,372,0,409,210,0,210,619
11/04/2019,FRG,NY,AEA,EN,Towers with Radar,0,19,42,0,61,0,56,314,7,377,0,75,356,7,438,380,0,380,818
11/05/2019,FRG,NY,AEA,EN,Towers with Radar,0,15,32,0,47,0,11,120,0,131,0,26,152,0,178,304,0,304,482
11/06/2019,FRG,NY,AEA,EN,Towers with Radar,0,14,34,0,48,0,57,396,3,456,0,71,430,3,504,334,0,334,838
11/07/2019,FRG,NY,AEA,EN,Towers with Radar,0,29,26,0,55,0,45,254,0,299,0,74,280,0,354,312,0,312,666
11/08/2019,FRG,NY,AEA,EN,Towers with Radar,0,25,38,0,63,0,8,110,0,118,0,33,148,0,181,170,0,170,351
11/09/2019,FRG,NY,AEA,EN,Towers with Radar,0,26,33,0,59,0,45,384,1,430,0,71,417,1,489,342,0,342,831
11/10/2019,FRG,NY,AEA,EN,Towers with Radar,0,31,42,0,73,0,11,305,1,317,0,42,347,1,390,42,0,42,432
11/11/2019,FRG,NY,AEA,EN,Towers with Radar,0,21,45,0,66,0,42,339,2,383,0,63,384,2,449,0,0,0,449
11/12/2019,FRG,NY,AEA,EN,Towers with Radar,2,21,27,0,50,0,3,18,0,21,2,24,45,0,71,10,0,10,81
11/13/2019,FRG,NY,AEA,EN,Towers with Radar,1,22,29,0,52,0,28,231,0,259,1,50,260,0,311,318,0,318,629
11/14/2019,FRG,NY,AEA,EN,Towers with Radar,1,24,30,0,55,0,38,295,4,337,1,62,325,4,392,438,0,438,830
11/15/2019,FRG,NY,AEA,EN,Towers with Radar,1,31,40,0,72,0,54,291,0,345,1,85,331,0,417,438,0,438,855
11/16/2019,FRG,NY,AEA,EN,Towers with Radar,0,26,27,0,53,0,9,156,0,165,0,35,183,0,218,154,0,154,372
11/17/2019,FRG,NY,AEA,EN,Towers with Radar,0,34,42,0,76,0,4,157,2,163,0,38,199,2,239,200,0,200,439
11/18/2019,FRG,NY,AEA,EN,Towers with Radar,1,21,33,0,55,0,0,0,0,0,1,21,33,0,55,0,0,0,55
11/19/2019,FRG,NY,AEA,EN,Towers with Radar,0,11,46,0,57,0,4,165,0,169,0,15,211,0,226,432,0,432,658
11/20/2019,FRG,NY,AEA,EN,Towers with Radar,0,17,28,0,45,0,9,192,0,201,0,26,220,0,246,670,0,670,916
11/21/2019,FRG,NY,AEA,EN,Towers with Radar,1,18,32,0,51,0,72,422,2,496,1,90,454,2,547,488,0,488,1035
11/22/2019,FRG,NY,AEA,EN,Towers with Radar,1,32,34,0,67,0,15,148,0,163,1,47,182,0,230,310,0,310,540
11/23/2019,FRG,NY,AEA,EN,Towers with Radar,0,14,50,0,64,0,32,456,0,488,0,46,506,0,552,335,0,335,887
11/24/2019,FRG,NY,AEA,EN,Towers with Radar,0,25,40,0,65,0,0,4,0,4,0,25,44,0,69,0,0,0,69
11/25/2019,FRG,NY,AEA,EN,Towers with Radar,0,21,32,1,54,0,37,284,0,321,0,58,316,1,375,588,0,588,963
11/26/2019,FRG,NY,AEA,EN,Towers with Radar,0,34,45,0,79,0,35,358,2,395,0,69,403,2,474,451,0,451,925
11/27/2019,FRG,NY,AEA,EN,Towers with Radar,0,20,60,0,80,0,2,102,0,104,0,22,162,0,184,44,0,44,228
11/28/2019,FRG,NY,AEA,EN,Towers with Radar,2,14,13,0,29,0,2,27,0,29,2,16,40,0,58,7,0,7,65
11/29/2019,FRG,NY,AEA,EN,Towers with Radar,0,23,44,0,67,0,8,236,2,246,0,31,280,2,313,252,0,252,565
11/30/2019,FRG,NY,AEA,EN,Towers with Radar,0,25,68,0,93,0,2,329,0,331,0,27,397,0,424,282,0,282,706
12/01/2019,FRG,NY,AEA,EN,Towers with Radar,1,41,53,0,95,0,0,54,0,54,1,41,107,0,149,114,0,114,263
12/02/2019,FRG,NY,AEA,EN,Towers with Radar,0,25,30,0,55,0,0,2,0,2,0,25,32,0,57,0,0,0,57
12/03/2019,FRG,NY,AEA,EN,Towers with Radar,0,22,48,0,70,0,12,128,6,146,0,34,176,6,216,166,0,166,382
12/04/2019,FRG,NY,AEA,EN,Towers with Radar,2,26,36,0,64,0,26,281,0,307,2,52,317,0,371,537,0,537,908
12/05/2019,FRG,NY,AEA,EN,Towers with Radar,1,18,29,0,48,0,12,195,0,207,1,30,224,0,255,202,0,202,457
12/06/2019,FRG,NY,AEA,EN,Towers with Radar,2,22,57,0,81,0,36,271,1,308,2,58,328,1,389,252,0,252,641
12/07/2019,FRG,NY,AEA,EN,Towers with Radar,0,11,32,0,43,0,23,341,2,366,0,34,373,2,409,350,0,350,759
12/08/2019,FRG,NY,AEA,EN,Towers with Radar,0,26,53,0,79,0,5,337,3,345,0,31,390,3,424,298,0,298,722
12/09/2019,FRG,NY,AEA,EN,Towers with Radar,0,18,35,0,53,0,0,0,0,0,0,18,35,0,53,0,0,0,53
12/10/2019,FRG,NY,AEA,EN,Towers with Radar,1,13,37,0,51,0,1,32,1,34,1,14,69,1,85,126,0,126,211
12/11/2019,FRG,NY,AEA,EN,Towers with Radar,0,9,22,0,31,0,38,72,0,110,0,47,94,0,141,260,0,260,401
12/12/2019,FRG,NY,AEA,EN,Towers with Radar,0,24,31,0,55,0,72,327,2,401,0,96,358,2,456,532,0,532,988
12/13/2019,FRG,NY,AEA,EN,Towers with Radar,2,25,35,0,62,0,4,44,6,54,2,29,79,6,116,316,0,316,432
12/14/2019,FRG,NY,AEA,EN,Towers with Radar,0,11,15,0,26,0,0,0,0,0,0,11,15,0,26,0,0,0,26
12/15/2019,FRG,NY,AEA,EN,Towers with Radar,1,29,39,0,69,0,9,112,0,121,1,38,151,0,190,38,0,38,228
12/16/2019,FRG,NY,AEA,EN,Towers with Radar,0,24,32,0,56,0,27,222,0,249,0,51,254,0,305,550,0,550,855
12/17/2019,FRG,NY,AEA,EN,Towers with Radar,0,6,24,0,30,0,0,0,0,0,0,6,24,0,30,0,0,0,30
12/18/2019,FRG,NY,AEA,EN,Towers with Radar,2,25,37,0,64,0,16,205,4,225,2,41,242,4,289,390,0,390,679
12/19/2019,FRG,NY,AEA,EN,Towers with Radar,2,27,39,1,69,0,54,162,0,216,2,81,201,1,285,338,0,338,623
12/20/2019,FRG,NY,AEA,EN,Towers with Radar,0,35,51,1,87,0,25,281,0,306,0,60,332,1,393,286,0,286,679
12/21/2019,FRG,NY,AEA,EN,Towers with Radar,0,28,33,0,61,0,18,330,0,348,0,46,363,0,409,376,0,376,785
12/22/2019,FRG,NY,AEA,EN,Towers with Radar,3,44,29,0,76,0,11,323,1,335,3,55,352,1,411,322,0,322,733
12/23/2019,FRG,NY,AEA,EN,Towers with Radar,0,19,19,3,41,0,20,275,2,297,0,39,294,5,338,364,0,364,702
12/24/2019,FRG,NY,AEA,EN,Towers with Radar,0,8,17,0,25,0,1,203,0,204,0,9,220,0,229,399,0,399,628
12/25/2019,FRG,NY,AEA,EN,Towers with Radar,0,26,16,0,42,0,7,91,1,99,0,33,107,1,141,22,0,22,163
12/26/2019,FRG,NY,AEA,EN,Towers with Radar,1,37,65,0,103,0,21,107,8,136,1,58,172,8,239,348,0,348,587
12/27/2019,FRG,NY,AEA,EN,Towers with Radar,1,31,53,0,85,0,9,186,5,200,1,40,239,5,285,344,0,344,629
12/28/2019,FRG,NY,AEA,EN,Towers with Radar,0,10,34,0,44,0,5,290,0,295,0,15,324,0,339,338,0,338,677
12/29/2019,FRG,NY,AEA,EN,Towers with Radar,0,19,30,0,49,0,5,199,0,204,0,24,229,0,253,360,0,360,613
12/30/2019,FRG,NY,AEA,EN,Towers with Radar,0,22,13,0,35,0,0,0,0,0,0,22,13,0,35,0,0,0,35
12/31/2019,FRG,NY,AEA,EN,Towers with Radar,2,17,25,0,44,0,6,100,0,106,2,23,125,0,150,160,0,160,310
01/01/2020,FRG,NY,AEA,EN,Towers with Radar,0,30,24,0,54,0,4,131,0,135,0,34,155,0,189,106,0,106,295
01/02/2020,FRG,NY,AEA,EN,Towers with Radar,0,22,31,0,53,0,35,294,0,329,0,57,325,0,382,458,0,458,840
01/03/2020,FRG,NY,AEA,EN,Towers with Radar,3,37,33,0,73,0,3,8,0,11,3,40,41,0,84,0,0,0,84
01/04/2020,FRG,NY,AEA,EN,Towers with Radar,1,21,39,0,61,0,0,0,0,0,1,21,39,0,61,0,0,0,61
01/05/2020,FRG,NY,AEA,EN,Towers with Radar,0,40,29,0,69,0,16,101,0,117,0,56,130,0,186,102,0,102,288
01/06/2020,FRG,NY,AEA,EN,Towers with Radar,0,25,39,0,64,0,26,257,0,283,0,51,296,0,347,304,0,304,651
01/07/2020,FRG,NY,AEA,EN,Towers with Radar,0,24,25,0,49,0,35,251,3,289,0,59,276,3,338,500,0,500,838
01/08/2020,FRG,NY,AEA,EN,Towers with Radar,0,10,30,0,40,0,7,85,2,94,0,17,115,2,134,148,0,148,282
01/09/2020,FRG,NY,AEA,EN,Towers with Radar,0,28,35,0,63,0,27,303,1,331,0,55,338,1,394,438,0,438,832
01/10/2020,FRG,NY,AEA,EN,Towers with Radar,0,19,35,0,54,0,6,191,0,197,0,25,226,0,251,341,0,341,592
01/11/2020,FRG,NY,AEA,EN,Towers with Radar,0,9,19,0,28,0,2,98,0,100,0,11,117,0,128,68,0,68,196
01/12/2020,FRG,NY,AEA,EN,Towers with Radar,0,15,25,0,40,0,5,49,0,54,0,20,74,0,94,30,0,30,124
01/13/2020,FRG,NY,AEA,EN,Towers with Radar,0,17,39,1,57,0,2,62,0,64,0,19,101,1,121,162,0,162,283
01/14/2020,FRG,NY,AEA,EN,Towers with Radar,0,13,33,0,46,0,1,115,0,116,0,14,148,0,162,338,0,338,500
01/15/2020,FRG,NY,AEA,EN,Towers with Radar,0,15,43,0,58,0,62,357,1,420,0,77,400,1,478,572,0,572,1050
01/16/2020,FRG,NY,AEA,EN,Towers with Radar,1,27,35,0,63,0,2,53,0,55,1,29,88,0,118,8,0,8,126
01/17/2020,FRG,NY,AEA,EN,Towers with Radar,2,22,44,0,68,0,5,105,0,110,2,27,149,0,178,110,0,110,288
01/18/2020,FRG,NY,AEA,EN,Towers with Radar,3,13,10,0,26,0,0,82,0,82,3,13,92,0,108,155,0,155,263
01/19/2020,FRG,NY,AEA,EN,Towers with Radar,1,16,33,0,50,0,15,230,0,245,1,31,263,0,295,282,0,282,577
01/20/2020,FRG,NY,AEA,EN,Towers with Radar,0,37,57,0,94,0,2,163,0,165,0,39,220,0,259,177,0,177,436
01/21/2020,FRG,NY,AEA,EN,Towers with Radar,0,15,38,0,53,0,33,238,2,273,0,48,276,2,326,400,0,400,726
01/22/2020,FRG,NY,AEA,EN,Towers with Radar,0,15,29,0,44,0,45,272,1,318,0,60,301,1,362,534,0,534,896
01/23/2020,FRG,NY,AEA,EN,Towers with Radar,0,31,25,0,56,0,30,301,1,332,0,61,326,1,388,314,0,314,702
01/24/2020,FRG,NY,AEA,EN,Towers with Radar,0,33,40,2,75,0,57,277,0,334,0,90,317,2,409,406,0,406,815
01/25/2020,FRG,NY,AEA,EN,Towers with Radar,1,22,24,0,47,0,0,0,0,0,1,22,24,0,47,0,0,0,47
01/26/2020,FRG,NY,AEA,EN,Towers with Radar,1,33,34,0,68,0,18,308,0,326,1,51,342,0,394,322,0,322,716
01/27/2020,FRG,NY,AEA,EN,Towers with Radar,0,32,35,0,67,0,26,231,3,260,0,58,266,3,327,402,0,402,729
01/28/2020,FRG,NY,AEA,EN,Towers with Radar,0,21,30,0,51,0,45,222,1,268,0,66,252,1,319,414,0,414,733
01/29/2020,FRG,NY,AEA,EN,Towers with Radar,0,24,29,0,53,0,22,258,0,280,0,46,287,0,333,422,0,422,755
01/30/2020,FRG,NY,AEA,EN,Towers with Radar,0,25,48,2,75,0,61,275,5,341,0,86,323,7,416,394,0,394,810
01/31/2020,FRG,NY,AEA,EN,Towers with Radar,0,26,41,0,67,0,36,219,0,255,0,62,260,0,322,618,0,618,940
02/01/2020,FRG,NY,AEA,EN,Towers with Radar,0,14,21,0,35,0,0,5,0,5,0,14,26,0,40,48,0,48,88
02/02/2020,FRG,NY,AEA,EN,Towers with Radar,0,22,45,0,67,0,5,168,0,173,0,27,213,0,240,414,0,414,654
02/03/2020,FRG,NY,AEA,EN,Towers with Radar,1,26,49,0,76,0,46,273,2,321,1,72,322,2,397,454,0,454,851
02/04/2020,FRG,NY,AEA,EN,Towers with Radar,0,14,34,0,48,0,7,54,1,62,0,21,88,1,110,138,0,138,248
02/05/2020,FRG,NY,AEA,EN,Towers with Radar,0,19,43,0,62,0,32,211,1,244,0,51,254,1,306,458,0,458,764
02/06/2020,FRG,NY,AEA,EN,Towers with Radar,1,30,26,0,57,0,0,0,0,0,1,30,26,0,57,0,0,0,57
02/07/2020,FRG,NY,AEA,EN,Towers with Radar,3,10,16,0,29,0,0,6,0,6,3,10,22,0,35,0,0,0,35
02/08/2020,FRG,NY,AEA,EN,Towers with Radar,0,10,32,0,42,0,25,312,0,337,0,35,344,0,379,362,0,362,741
02/09/2020,FRG,NY,AEA,EN,Towers with Radar,1,24,45,0,70,0,15,323,0,338,1,39,368,0,408,390,0,390,798
02/10/2020,FRG,NY,AEA,EN,Towers with Radar,0,27,28,0,55,0,5,30,0,35,0,32,58,0,90,82,0,82,172
02/11/2020,FRG,NY,AEA,EN,Towers with Radar,1,26,34,0,61,0,3,9,0,12,1,29,43,0,73,10,0,10,83
02/12/2020,FRG,NY,AEA,EN,Towers with Radar,2,21,40,0,63,0,44,338,0,382,2,65,378,0,445,570,0,570,1015
02/13/2020,FRG,NY,AEA,EN,Towers with Radar,1,26,26,0,53,0,0,19,0,19,1,26,45,0,72,0,0,0,72
02/14/2020,FRG,NY,AEA,EN,Towers with Radar,0,33,47,1,81,0,28,217,1,246,0,61,264,2,327,276,0,276,603
02/15/2020,FRG,NY,AEA,EN,Towers with Radar,0,25,39,0,64,0,46,318,1,365,0,71,357,1,429,468,0,468,897
02/16/2020,FRG,NY,AEA,EN,Towers with Radar,0,24,21,0,45,0,19,312,0,331,0,43,333,0,376,452,0,452,828
02/17/2020,FRG,NY,AEA,EN,Towers with Radar,0,34,58,0,92,0,48,316,1,365,0,82,374,1,457,531,0,531,988
02/18/2020,FRG,NY,AEA,EN,Towers with Radar,0,24,50,0,74,0,0,14,0,14,0,24,64,0,88,24,0,24,112
02/19/2020,FRG,NY,AEA,EN,Towers with Radar,0,28,26,0,54,0,34,310,0,344,0,62,336,0,398,332,0,332,730
02/20/2020,FRG,NY,AEA,EN,Towers with Radar,2,38,30,0,70,0,36,279,1,316,2,74,309,1,386,530,0,530,916
02/21/2020,FRG,NY,AEA,EN,Towers with Radar,0,32,30,0,62,0,41,258,6,305,0,73,288,6,367,430,0,430,797
02/22/2020,FRG,NY,AEA,EN,Towers with Radar,0,18,32,0,50,0,19,327,0,346,0,37,359,0,396,500,0,500,896
02/23/2020,FRG,NY,AEA,EN,Towers with Radar,0,41,44,0,85,0,31,377,0,408,0,72,421,0,493,388,0,388,881
02/24/2020,FRG,NY,AEA,EN,Towers with Radar,0,27,28,2,57,0,47,276,2,325,0,74,304,4,382,498,0,498,880
02/25/2020,FRG,NY,AEA,EN,Towers with Radar,0,24,27,0,51,0,10,68,3,81,0,34,95,3,132,292,0,292,424
02/26/2020,FRG,NY,AEA,EN,Towers with Radar,1,14,34,0,49,0,0,0,0,0,1,14,34,0,49,0,0,0,49
02/27/2020,FRG,NY,AEA,EN,Towers with Radar,0,16,22,0,38,0,3,51,0,54,0,19,73,0,92,4,0,4,96
02/28/2020,FRG,NY,AEA,EN,Towers with Radar,1,20,23,0,44,0,4,67,1,72,1,24,90,1,116,16,0,16,132
02/29/2020,FRG,NY,AEA,EN,Towers with Radar,1,24,24,0,49,0,26,270,3,299,1,50,294,3,348,530,0,530,878
03/01/2020,FRG,NY,AEA,EN,Towers with Radar,0,27,41,0,68,0,9,250,0,259,0,36,291,0,327,242,0,242,569
03/02/2020,FRG,NY,AEA,EN,Towers with Radar,0,19,22,0,41,0,64,249,0,313,0,83,271,0,354,332,0,332,686
03/03/2020,FRG,NY,AEA,EN,Towers with Radar,1,13,45,2,61,0,8,126,0,134,1,21,171,2,195,374,0,374,569
03/04/2020,FRG,NY,AEA,EN,Towers with Radar,1,17,39,0,57,0,18,89,1,108,1,35,128,1,165,70,0,70,235
03/05/2020,FRG,NY,AEA,EN,Towers with Radar,0,30,30,0,60,0,81,285,3,369,0,111,315,3,429,492,0,492,921
03/06/2020,FRG,NY,AEA,EN,Towers with Radar,0,28,38,0,66,0,50,110,1,161,0,78,148,1,227,354,0,354,581
03/07/2020,FRG,NY,AEA,EN,Towers with Radar,2,9,24,0,35,0,1,84,0,85,2,10,108,0,120,28,0,28,148
03/08/2020,FRG,NY,AEA,EN,Towers with Radar,1,16,35,0,52,0,19,402,2,423,1,35,437,2,475,458,0,458,933
03/09/2020,FRG,NY,AEA,EN,Towers with Radar,0,33,28,0,61,0,76,289,6,371,0,109,317,6,432,516,0,516,948
03/10/2020,FRG,NY,AEA,EN,Towers with Radar,0,30,33,0,63,0,34,192,1,227,0,64,225,1,290,506,0,506,796
03/11/2020,FRG,NY,AEA,EN,Towers with Radar,0,32,38,0,70,0,70,346,4,420,0,102,384,4,490,568,0,568,1058
03/12/2020,FRG,NY,AEA,EN,Towers with Radar,0,36,50,0,86,0,5,92,3,100,0,41,142,3,186,293,0,293,479
03/13/2020,FRG,NY,AEA,EN,Towers with Radar,1,37,39,0,77,0,0,30,0,30,1,37,69,0,107,12,0,12,119
03/14/2020,FRG,NY,AEA,EN,Towers with Radar,0,22,43,0,65,0,18,378,1,397,0,40,421,1,462,388,0,388,850
03/15/2020,FRG,NY,AEA,EN,Towers with Radar,0,24,46,0,70,0,22,327,0,349,0,46,373,0,419,420,0,420,839
03/16/2020,FRG,NY,AEA,EN,Towers with Radar,0,21,32,0,53,0,7,204,2,213,0,28,236,2,266,390,0,390,656
03/17/2020,FRG,NY,AEA,EN,Towers with Radar,0,16,34,0,50,0,3,20,0,23,0,19,54,0,73,18,0,18,91
03/18/2020,FRG,NY,AEA,EN,Towers with Radar,0,17,30,0,47,0,13,299,0,312,0,30,329,0,359,563,0,563,922
03/19/2020,FRG,NY,AEA,EN,Towers with Radar,0,16,21,0,37,0,0,8,0,8,0,16,29,0,45,6,0,6,51
03/20/2020,FRG,NY,AEA,EN,Towers with Radar,0,23,20,0,43,0,5,9,0,14,0,28,29,0,57,6,0,6,63
03/21/2020,FRG,NY,AEA,EN,Towers with Radar,0,14,17,0,31,0,4,206,0,210,0,18,223,0,241,404,0,404,645
03/22/2020,FRG,NY,AEA,EN,Towers with Radar,0,8,11,0,19,0,5,122,0,127,0,13,133,0,146,212,0,212,358
03/23/2020,FRG,NY,AEA,EN,Towers with Radar,0,7,2,0,9,0,0,0,0,0,0,7,2,0,9,0,0,0,9
03/24/2020,FRG,NY,AEA,EN,Towers with Radar,0,4,2,0,6,0,0,5,0,5,0,4,7,0,11,0,0,0,11
03/25/2020,FRG,NY,AEA,EN,Towers with Radar,0,3,6,0,9,0,0,1,0,1,0,3,7,0,10,0,0,0,10
03/26/2020,FRG,NY,AEA,EN,Towers with Radar,0,2,8,0,10,0,1,8,0,9,0,3,16,0,19,0,0,0,19
03/27/2020,FRG,NY,AEA,EN,Towers with Radar,0,3,2,0,5,0,1,4,0,5,0,4,6,0,10,0,0,0,10
03/28/2020,FRG,NY,AEA,EN,Towers with Radar,0,4,4,0,8,0,0,4,0,4,0,4,8,0,12,0,0,0,12
03/29/2020,FRG,NY,AEA,EN,Towers with Radar,0,7,6,0,13,0,0,0,0,0,0,7,6,0,13,0,0,0,13
03/30/2020,FRG,NY,AEA,EN,Towers with Radar,0,1,6,0,7,0,0,1,0,1,0,1,7,0,8,0,0,0,8
03/31/2020,FRG,NY,AEA,EN,Towers with Radar,0,7,8,0,15,0,1,5,0,6,0,8,13,0,21,0,0,0,21
04/01/2020,FRG,NY,AEA,EN,Towers with Radar,0,2,1,0,3,0,0,9,0,9,0,2,10,0,12,0,0,0,12
04/02/2020,FRG,NY,AEA,EN,Towers with Radar,0,2,3,0,5,0,0,3,1,4,0,2,6,1,9,0,0,0,9
04/03/2020,FRG,NY,AEA,EN,Towers with Radar,0,6,10,0,16,0,0,2,0,2,0,6,12,0,18,0,0,0,18
04/04/2020,FRG,NY,AEA,EN,Towers with Radar,0,0,5,0,5,0,0,5,0,5,0,0,10,0,10,0,0,0,10
04/05/2020,FRG,NY,AEA,EN,Towers with Radar,0,1,14,0,15,0,0,2,0,2,0,1,16,0,17,0,0,0,17
04/06/2020,FRG,NY,AEA,EN,Towers with Radar,0,1,2,0,3,0,0,10,0,10,0,1,12,0,13,0,0,0,13
04/07/2020,FRG,NY,AEA,EN,Towers with Radar,0,3,1,0,4,0,0,6,0,6,0,3,7,0,10,0,0,0,10
04/08/2020,FRG,NY,AEA,EN,Towers with Radar,0,5,2,0,7,0,0,4,0,4,0,5,6,0,11,0,0,0,11
04/09/2020,FRG,NY,AEA,EN,Towers with Radar,0,7,5,0,12,0,0,0,0,0,0,7,5,0,12,0,0,0,12
04/10/2020,FRG,NY,AEA,EN,Towers with Radar,0,2,1,1,4,0,0,2,0,2,0,2,3,1,6,0,0,0,6
04/11/2020,FRG,NY,AEA,EN,Towers with Radar,0,6,8,0,14,0,0,8,0,8,0,6,16,0,22,0,0,0,22
04/12/2020,FRG,NY,AEA,EN,Towers with Radar,0,4,5,0,9,0,0,7,0,7,0,4,12,0,16,0,0,0,16
04/13/2020,FRG,NY,AEA,EN,Towers with Radar,0,7,1,0,8,0,0,0,0,0,0,7,1,0,8,0,0,0,8
04/14/2020,FRG,NY,AEA,EN,Towers with Radar,0,1,10,0,11,0,2,11,0,13,0,3,21,0,24,0,0,0,24
04/15/2020,FRG,NY,AEA,EN,Towers with Radar,0,0,0,0,0,0,3,9,0,12,0,3,9,0,12,0,0,0,12
04/16/2020,FRG,NY,AEA,EN,Towers with Radar,0,5,3,0,8,0,0,8,0,8,0,5,11,0,16,0,0,0,16
04/17/2020,FRG,NY,AEA,EN,Towers with Radar,0,1,5,0,6,0,0,3,0,3,0,1,8,0,9,0,0,0,9
04/18/2020,FRG,NY,AEA,EN,Towers with Radar,0,3,7,0,10,0,0,0,0,0,0,3,7,0,10,0,0,0,10
04/19/2020,FRG,NY,AEA,EN,Towers with Radar,0,7,6,0,13,0,0,13,0,13,0,7,19,0,26,0,0,0,26
04/20/2020,FRG,NY,AEA,EN,Towers with Radar,0,2,3,0,5,0,1,6,0,7,0,3,9,0,12,0,0,0,12
04/21/2020,FRG,NY,AEA,EN,Towers with Radar,0,2,8,0,10,0,0,5,0,5,0,2,13,0,15,0,0,0,15
04/22/2020,FRG,NY,AEA,EN,Towers with Radar,0,9,3,0,12,0,0,11,0,11,0,9,14,0,23,0,0,0,23
04/23/2020,FRG,NY,AEA,EN,Towers with Radar,0,7,9,0,16,0,0,10,0,10,0,7,19,0,26,0,0,0,26
04/24/2020,FRG,NY,AEA,EN,Towers with Radar,0,4,2,0,6,0,0,0,0,0,0,4,2,0,6,0,0,0,6
04/25/2020,FRG,NY,AEA,EN,Towers with Radar,0,1,6,0,7,0,0,8,0,8,0,1,14,0,15,0,0,0,15
04/26/2020,FRG,NY,AEA,EN,Towers with Radar,0,8,9,0,17,0,0,1,0,1,0,8,10,0,18,0,0,0,18
04/27/2020,FRG,NY,AEA,EN,Towers with Radar,0,3,8,0,11,0,2,2,0,4,0,5,10,0,15,0,0,0,15
04/28/2020,FRG,NY,AEA,EN,Towers with Radar,0,7,9,0,16,0,3,12,0,15,0,10,21,0,31,0,0,0,31
04/29/2020,FRG,NY,AEA,EN,Towers with Radar,0,11,8,0,19,0,0,10,0,10,0,11,18,0,29,0,0,0,29
04/30/2020,FRG,NY,AEA,EN,Towers with Radar,0,8,14,0,22,0,0,2,0,2,0,8,16,0,24,0,0,0,24
05/01/2020,FRG,NY,AEA,EN,Towers with Radar,0,9,16,0,25,0,0,4,0,4,0,9,20,0,29,0,0,0,29
05/02/2020,FRG,NY,AEA,EN,Towers with Radar,0,8,17,0,25,0,3,188,0,191,0,11,205,0,216,174,0,174,390
05/03/2020,FRG,NY,AEA,EN,Towers with Radar,0,5,21,2,28,0,2,109,0,111,0,7,130,2,139,152,0,152,291
05/04/2020,FRG,NY,AEA,EN,Towers with Radar,0,6,8,0,14,0,10,114,0,124,0,16,122,0,138,166,0,166,304
05/05/2020,FRG,NY,AEA,EN,Towers with Radar,0,5,14,0,19,0,6,156,0,162,0,11,170,0,181,200,0,200,381
05/06/2020,FRG,NY,AEA,EN,Towers with Radar,0,1,11,1,13,0,2,66,1,69,0,3,77,2,82,162,0,162,244
05/07/2020,FRG,NY,AEA,EN,Towers with Radar,0,14,19,0,33,0,8,183,0,191,0,22,202,0,224,132,0,132,356
05/08/2020,FRG,NY,AEA,EN,Towers with Radar,0,5,8,0,13,0,3,79,0,82,0,8,87,0,95,144,0,144,239
05/09/2020,FRG,NY,AEA,EN,Towers with Radar,0,9,9,0,18,0,2,5,0,7,0,11,14,0,25,0,0,0,25
05/10/2020,FRG,NY,AEA,EN,Towers with Radar,0,4,12,0,16,0,2,72,0,74,0,6,84,0,90,64,0,64,154
05/11/2020,FRG,NY,AEA,EN,Towers with Radar,0,7,13,0,20,0,0,62,1,63,0,7,75,1,83,30,0,30,113
05/12/2020,FRG,NY,AEA,EN,Towers with Radar,0,10,12,0,22,0,10,133,3,146,0,20,145,3,168,80,0,80,248
05/13/2020,FRG,NY,AEA,EN,Towers with Radar,0,9,11,0,20,0,2,264,2,268,0,11,275,2,288,303,0,303,591
05/14/2020,FRG,NY,AEA,EN,Towers with Radar,0,15,18,0,33,0,9,275,3,287,0,24,293,3,320,628,0,628,948
05/15/2020,FRG,NY,AEA,EN,Towers with Radar,0,10,15,0,25,0,6,103,2,111,0,16,118,2,136,105,0,105,241
05/16/2020,FRG,NY,AEA,EN,Towers with Radar,0,15,11,0,26,0,8,230,0,238,0,23,241,0,264,202,0,202,466
05/17/2020,FRG,NY,AEA,EN,Towers with Radar,0,7,31,0,38,0,6,225,0,231,0,13,256,0,269,270,0,270,539
05/18/2020,FRG,NY,AEA,EN,Towers with Radar,0,6,12,0,18,0,2,90,1,93,0,8,102,1,111,176,0,176,287
05/19/2020,FRG,NY,AEA,EN,Towers with Radar,0,8,15,0,23,0,1,25,0,26,0,9,40,0,49,0,0,0,49
05/20/2020,FRG,NY,AEA,EN,Towers with Radar,0,5,17,1,23,0,2,141,0,143,0,7,158,1,166,120,0,120,286
05/21/2020,FRG,NY,AEA,EN,Towers with Radar,0,13,16,0,29,0,7,176,0,183,0,20,192,0,212,266,0,266,478
05/22/2020,FRG,NY,AEA,EN,Towers with Radar,0,10,27,0,37,0,14,144,3,161,0,24,171,3,198,140,0,140,338
05/23/2020,FRG,NY,AEA,EN,Towers with Radar,0,9,14,0,23,0,0,0,0,0,0,9,14,0,23,0,0,0,23
05/24/2020,FRG,NY,AEA,EN,Towers with Radar,0,12,22,0,34,0,1,73,0,74,0,13,95,0,108,228,0,228,336
05/25/2020,FRG,NY,AEA,EN,Towers with Radar,0,15,21,0,36,0,2,19,0,21,0,17,40,0,57,104,0,104,161
05/26/2020,FRG,NY,AEA,EN,Towers with Radar,0,17,30,2,49,0,2,52,0,54,0,19,82,2,103,126,0,126,229
05/27/2020,FRG,NY,AEA,EN,Towers with Radar,0,22,47,0,69,0,12,118,2,132,0,34,165,2,201,192,0,192,393
05/28/2020,FRG,NY,AEA,EN,Towers with Radar,0,24,33,0,57,0,0,20,0,20,0,24,53,0,77,6,0,6,83
05/29/2020,FRG,NY,AEA,EN,Towers with Radar,0,14,33,0,47,0,0,5,0,5,0,14,38,0,52,6,0,6,58
05/30/2020,FRG,NY,AEA,EN,Towers with Radar,0,10,32,0,42,0,4,173,0,177,0,14,205,0,219,168,0,168,387
05/31/2020,FRG,NY,AEA,EN,Towers with Radar,0,21,26,0,47,0,6,230,0,236,0,27,256,0,283,210,0,210,493
06/01/2020,FRG,NY,AEA,EN,Towers with Radar,0,23,35,0,58,0,8,191,0,199,0,31,226,0,257,182,0,182,439
06/02/2020,FRG,NY,AEA,EN,Towers with Radar,0,9,30,0,39,0,5,153,0,158,0,14,183,0,197,348,0,348,545
06/03/2020,FRG,NY,AEA,EN,Towers with Radar,0,13,17,0,30,0,2,59,0,61,0,15,76,0,91,110,0,110,201
06/04/2020,FRG,NY,AEA,EN,Towers with Radar,0,12,23,0,35,0,6,188,0,194,0,18,211,0,229,306,0,306,535
06/05/2020,FRG,NY,AEA,EN,Towers with Radar,0,23,33,0,56,0,1,24,0,25,0,24,57,0,81,130,0,130,211
06/06/2020,FRG,NY,AEA,EN,Towers with Radar,0,18,29,0,47,0,6,83,0,89,0,24,112,0,136,144,0,144,280
06/07/2020,FRG,NY,AEA,EN,Towers with Radar,0,19,29,0,48,0,1,188,0,189,0,20,217,0,237,206,0,206,443
06/08/2020,FRG,NY,AEA,EN,Towers with Radar,0,16,21,0,37,0,17,178,0,195,0,33,199,0,232,356,0,356,588
06/09/2020,FRG,NY,AEA,EN,Towers with Radar,1,9,24,0,34,0,16,261,0,277,1,25,285,0,311,390,0,390,701
06/10/2020,FRG,NY,AEA,EN,Towers with Radar,0,20,35,0,55,0,5,237,0,242,0,25,272,0,297,434,0,434,731
06/11/2020,FRG,NY,AEA,EN,Towers with Radar,0,31,27,0,58,0,0,2,0,2,0,31,29,0,60,0,0,0,60
06/12/2020,FRG,NY,AEA,EN,Towers with Radar,0,11,31,0,42,0,7,287,0,294,0,18,318,0,336,338,0,338,674
06/13/2020,FRG,NY,AEA,EN,Towers with Radar,0,19,28,0,47,0,1,274,0,275,0,20,302,0,322,374,0,374,696
06/14/2020,FRG,NY,AEA,EN,Towers with Radar,0,21,22,0,43,0,12,226,0,238,0,33,248,0,281,274,0,274,555
06/15/2020,FRG,NY,AEA,EN,Towers with Radar,0,19,16,0,35,0,2,194,0,196,0,21,210,0,231,300,0,300,531
06/16/2020,FRG,NY,AEA,EN,Towers with Radar,0,23,29,0,52,0,12,217,0,229,0,35,246,0,281,258,0,258,539
06/17/2020,FRG,NY,AEA,EN,Towers with Radar,0,19,45,0,64,0,6,212,1,219,0,25,257,1,283,268,0,268,551
06/18/2020,FRG,NY,AEA,EN,Towers with Radar,0,27,48,2,77,0,10,36,0,46,0,37,84,2,123,32,0,32,155
06/19/2020,FRG,NY,AEA,EN,Towers with Radar,0,22,25,0,47,0,2,154,0,156,0,24,179,0,203,230,0,230,433
06/20/2020,FRG,NY,AEA,EN,Towers with Radar,0,20,25,0,45,0,14,213,0,227,0,34,238,0,272,322,0,322,594
06/21/2020,FRG,NY,AEA,EN,Towers with Radar,0,16,35,0,51,0,11,187,1,199,0,27,222,1,250,208,0,208,458
06/22/2020,FRG,NY,AEA,EN,Towers with Radar,0,10,33,3,46,0,2,199,0,201,0,12,232,3,247,240,0,240,487
06/23/2020,FRG,NY,AEA,EN,Towers with Radar,0,20,33,0,53,0,9,161,1,171,0,29,194,1,224,374,0,374,598
06/24/2020,FRG,NY,AEA,EN,Towers with Radar,0,27,27,0,54,0,4,140,0,144,0,31,167,0,198,250,0,250,448
06/25/2020,FRG,NY,AEA,EN,Towers with Radar,0,14,29,0,43,0,7,247,0,254,0,21,276,0,297,360,0,360,657
06/26/2020,FRG,NY,AEA,EN,Towers with Radar,0,18,27,0,45,0,4,263,0,267,0,22,290,0,312,426,0,426,738
06/27/2020,FRG,NY,AEA,EN,Towers with Radar,0,27,22,0,49,0,2,137,0,139,0,29,159,0,188,442,0,442,630
06/28/2020,FRG,NY,AEA,EN,Towers with Radar,0,19,30,0,49,0,6,161,0,167,0,25,191,0,216,386,0,386,602
06/29/2020,FRG,NY,AEA,EN,Towers with Radar,0,10,32,0,42,0,14,166,1,181,0,24,198,1,223,392,0,392,615
06/30/2020,FRG,NY,AEA,EN,Towers with Radar,0,17,35,0,52,0,5,102,0,107,0,22,137,0,159,328,0,328,487
07/01/2020,FRG,NY,AEA,EN,Towers with Radar,0,12,35,0,47,0,19,106,1,126,0,31,141,1,173,292,0,292,465
07/02/2020,FRG,NY,AEA,EN,Towers with Radar,0,21,24,0,45,0,16,271,0,287,0,37,295,0,332,235,0,235,567
07/03/2020,FRG,NY,AEA,EN,Towers with Radar,0,19,36,0,55,0,6,186,0,192,0,25,222,0,247,340,0,340,587
07/04/2020,FRG,NY,AEA,EN,Towers with Radar,0,7,23,0,30,0,10,162,0,172,0,17,185,0,202,372,0,372,574
07/05/2020,FRG,NY,AEA,EN,Towers with Radar,0,10,41,0,51,0,17,168,0,185,0,27,209,0,236,316,0,316,552
07/06/2020,FRG,NY,AEA,EN,Towers with Radar,0,17,22,0,39,0,6,195,0,201,0,23,217,0,240,280,0,280,520
07/07/2020,FRG,NY,AEA,EN,Towers with Radar,0,28,44,0,72,0,0,17,0,17,0,28,61,0,89,38,0,38,127
07/08/2020,FRG,NY,AEA,EN,Towers with Radar,0,22,38,0,60,0,4,72,1,77,0,26,110,1,137,246,0,246,383
07/09/2020,FRG,NY,AEA,EN,Towers with Radar,0,18,27,0,45,0,12,214,0,226,0,30,241,0,271,542,0,542,813
07/10/2020,FRG,NY,AEA,EN,Towers with Radar,0,17,15,0,32,0,0,0,0,0,0,17,15,0,32,0,0,0,32
07/11/2020,FRG,NY,AEA,EN,Towers with Radar,0,18,36,0,54,0,2,11,0,13,0,20,47,0,67,18,0,18,85
07/12/2020,FRG,NY,AEA,EN,Towers with Radar,0,17,27,0,44,0,26,306,1,333,0,43,333,1,377,378,0,378,755
07/13/2020,FRG,NY,AEA,EN,Towers with Radar,0,25,28,0,53,0,9,199,0,208,0,34,227,0,261,324,0,324,585
07/14/2020,FRG,NY,AEA,EN,Towers with Radar,0,25,16,0,41,0,39,274,0,313,0,64,290,0,354,226,0,226,580
07/15/2020,FRG,NY,AEA,EN,Towers with Radar,0,26,25,0,51,0,30,156,0,186,0,56,181,0,237,346,0,346,583
07/16/2020,FRG,NY,AEA,EN,Towers with Radar,0,23,39,0,62,0,39,241,0,280,0,62,280,0,342,252,0,252,594
07/17/2020,FRG,NY,AEA,EN,Towers with Radar,0,30,31,0,61,0,2,21,0,23,0,32,52,0,84,18,0,18,102
07/18/2020,FRG,NY,AEA,EN,Towers with Radar,0,10,33,0,43,0,24,277,1,302,0,34,310,1,345,246,0,246,591
07/19/2020,FRG,NY,AEA,EN,Towers with Radar,0,16,17,0,33,0,13,178,0,191,0,29,195,0,224,282,0,282,506
07/20/2020,FRG,NY,AEA,EN,Towers with Radar,0,17,18,0,35,0,18,157,0,175,0,35,175,0,210,340,0,340,550
07/21/2020,FRG,NY,AEA,EN,Towers with Radar,0,12,30,0,42,0,8,204,0,212,0,20,234,0,254,284,0,284,538
07/22/2020,FRG,NY,AEA,EN,Towers with Radar,0,30,19,2,51,0,29,197,0,226,0,59,216,2,277,264,0,264,541
07/23/2020,FRG,NY,AEA,EN,Towers with Radar,0,18,23,0,41,0,17,137,0,154,0,35,160,0,195,200,0,200,395
07/24/2020,FRG,NY,AEA,EN,Towers with Radar,0,17,38,0,55,0,2,95,0,97,0,19,133,0,152,318,0,318,470
07/25/2020,FRG,NY,AEA,EN,Towers with Radar,0,5,33,0,38,0,11,283,0,294,0,16,316,0,332,310,0,310,642
07/26/2020,FRG,NY,AEA,EN,Towers with Radar,1,21,32,0,54,0,5,229,0,234,1,26,261,0,288,300,0,300,588
07/27/2020,FRG,NY,AEA,EN,Towers with Radar,0,19,18,0,37,0,29,214,0,243,0,48,232,0,280,438,0,438,718
07/28/2020,FRG,NY,AEA,EN,Towers with Radar,0,22,23,0,45,0,15,206,0,221,0,37,229,0,266,348,0,348,614
07/29/2020,FRG,NY,AEA,EN,Towers with Radar,0,17,27,2,46,0,20,240,0,260,0,37,267,2,306,326,6,332,638
07/30/2020,FRG,NY,AEA,EN,Towers with Radar,0,19,25,1,45,0,21,169,0,190,0,40,194,1,235,326,0,326,561
07/31/2020,FRG,NY,AEA,EN,Towers with Radar,0,17,42,0,59,0,4,44,0,48,0,21,86,0,107,102,0,102,209
08/01/2020,FRG,NY,AEA,EN,Towers with Radar,0,18,31,0,49,0,12,312,0,324,0,30,343,0,373,288,0,288,661
08/02/2020,FRG,NY,AEA,EN,Towers with Radar,0,19,46,0,65,0,1,26,0,27,0,20,72,0,92,168,0,168,260
08/03/2020,FRG,NY,AEA,EN,Towers with Radar,0,15,9,0,24,0,43,225,0,268,0,58,234,0,292,244,0,244,536
08/04/2020,FRG,NY,AEA,EN,Towers with Radar,0,10,7,0,17,0,1,3,1,5,0,11,10,1,22,0,0,0,22
08/05/2020,FRG,NY,AEA,EN,Towers with Radar,0,6,23,2,31,0,27,218,2,247,0,33,241,4,278,326,0,326,604
08/06/2020,FRG,NY,AEA,EN,Towers with Radar,0,10,22,0,32,0,27,141,0,168,0,37,163,0,200,230,0,230,430
08/07/2020,FRG,NY,AEA,EN,Towers with Radar,0,12,16,0,28,0,5,63,0,68,0,17,79,0,96,134,0,134,230
08/08/2020,FRG,NY,AEA,EN,Towers with Radar,0,20,66,0,86,0,0,103,0,103,0,20,169,0,189,242,0,242,431
08/09/2020,FRG,NY,AEA,EN,Towers with Radar,0,27,45,0,72,0,10,217,0,227,0,37,262,0,299,252,0,252,551
08/10/2020,FRG,NY,AEA,EN,Towers with Radar,0,20,19,0,39,0,13,254,0,267,0,33,273,0,306,404,0,404,710
08/11/2020,FRG,NY,AEA,EN,Towers with Radar,0,14,77,2,93,0,3,110,0,113,0,17,187,2,206,110,0,110,316
08/12/2020,FRG,NY,AEA,EN,Towers with Radar,0,17,42,0,59,0,4,41,0,45,0,21,83,0,104,8,0,8,112
08/13/2020,FRG,NY,AEA,EN,Towers with Radar,0,29,28,0,57,0,10,81,2,93,0,39,109,2,150,254,0,254,404
08/14/2020,FRG,NY,AEA,EN,Towers with Radar,0,20,24,0,44,0,10,254,0,264,0,30,278,0,308,262,0,262,570
08/15/2020,FRG,NY,AEA,EN,Towers with Radar,0,9,38,0,47,0,13,294,0,307,0,22,332,0,354,242,0,242,596
08/16/2020,FRG,NY,AEA,EN,Towers with Radar,0,34,56,2,92,0,0,3,0,3,0,34,59,2,95,8,0,8,103
08/17/2020,FRG,NY,AEA,EN,Towers with Radar,0,27,37,0,64,0,26,237,0,263,0,53,274,0,327,372,0,372,699
08/18/2020,FRG,NY,AEA,EN,Towers with Radar,0,25,24,0,49,0,30,300,0,330,0,55,324,0,379,364,0,364,743
08/19/2020,FRG,NY,AEA,EN,Towers with Radar,0,21,31,0,52,0,12,98,0,110,0,33,129,0,162,210,0,210,372
08/20/2020,FRG,NY,AEA,EN,Towers with Radar,0,16,18,0,34,0,39,313,0,352,0,55,331,0,386,390,0,390,776
08/21/2020,FRG,NY,AEA,EN,Towers with Radar,0,19,28,0,47,0,31,275,0,306,0,50,303,0,353,330,0,330,683
08/22/2020,FRG,NY,AEA,EN,Towers with Radar,0,20,32,0,52,0,19,288,1,308,0,39,320,1,360,444,0,444,804
08/23/2020,FRG,NY,AEA,EN,Towers with Radar,0,15,43,0,58,0,5,323,0,328,0,20,366,0,386,370,0,370,756
08/24/2020,FRG,NY,AEA,EN,Towers with Radar,0,14,28,2,44,0,12,234,0,246,0,26,262,2,290,596,0,596,886
08/25/2020,FRG,NY,AEA,EN,Towers with Radar,0,11,38,0,49,0,4,244,0,248,0,15,282,0,297,430,0,430,727
08/26/2020,FRG,NY,AEA,EN,Towers with Radar,0,14,35,0,49,0,16,299,4,319,0,30,334,4,368,562,0,562,930
08/27/2020,FRG,NY,AEA,EN,Towers with Radar,0,18,19,0,37,0,9,122,0,131,0,27,141,0,168,176,0,176,344
08/28/2020,FRG,NY,AEA,EN,Towers with Radar,0,22,25,0,47,0,48,252,1,301,0,70,277,1,348,268,0,268,616
08/29/2020,FRG,NY,AEA,EN,Towers with Radar,0,17,23,0,40,0,0,4,1,5,0,17,27,1,45,4,0,4,49
08/30/2020,FRG,NY,AEA,EN,Towers with Radar,0,16,38,0,54,0,22,337,0,359,0,38,375,0,413,186,0,186,599
08/31/2020,FRG,NY,AEA,EN,Towers with Radar,0,14,28,0,42,0,40,309,0,349,0,54,337,0,391,434,0,434,825
09/01/2020,FRG,NY,AEA,EN,Towers with Radar,0,18,48,0,66,0,13,134,0,147,0,31,182,0,213,444,0,444,657
09/02/2020,FRG,NY,AEA,EN,Towers with Radar,0,15,42,0,57,0,0,23,0,23,0,15,65,0,80,64,0,64,144
09/03/2020,FRG,NY,AEA,EN,Towers with Radar,0,21,50,0,71,0,40,319,0,359,0,61,369,0,430,364,0,364,794
09/04/2020,FRG,NY,AEA,EN,Towers with Radar,0,24,35,0,59,0,84,350,0,434,0,108,385,0,493,294,0,294,787
09/05/2020,FRG,NY,AEA,EN,Towers with Radar,0,18,19,0,37,0,59,340,0,399,0,77,359,0,436,270,0,270,706
09/06/2020,FRG,NY,AEA,EN,Towers with Radar,0,24,26,0,50,0,4,251,0,255,0,28,277,0,305,164,0,164,469
09/07/2020,FRG,NY,AEA,EN,Towers with Radar,0,17,25,0,42,0,5,324,0,329,0,22,349,0,371,556,0,556,927
09/08/2020,FRG,NY,AEA,EN,Towers with Radar,0,27,38,1,66,0,28,285,3,316,0,55,323,4,382,624,0,624,1006
09/09/2020,FRG,NY,AEA,EN,Towers with Radar,0,15,62,0,77,0,14,196,0,210,0,29,258,0,287,476,0,476,763
09/10/2020,FRG,NY,AEA,EN,Towers with Radar,0,16,25,0,41,0,4,55,0,59,0,20,80,0,100,84,0,84,184
09/11/2020,FRG,NY,AEA,EN,Towers with Radar,0,20,40,0,60,0,32,297,0,329,0,52,337,0,389,556,0,556,945
09/12/2020,FRG,NY,AEA,EN,Towers with Radar,0,14,35,0,49,0,47,331,0,378,0,61,366,0,427,344,0,344,771
09/13/2020,FRG,NY,AEA,EN,Towers with Radar,0,19,49,0,68,0,11,232,0,243,0,30,281,0,311,332,0,332,643
09/14/2020,FRG,NY,AEA,EN,Towers with Radar,0,19,30,2,51,0,56,204,1,261,0,75,234,3,312,290,0,290,602
09/15/2020,FRG,NY,AEA,EN,Towers with Radar,0,20,24,0,44,0,72,256,1,329,0,92,280,1,373,414,0,414,787
09/16/2020,FRG,NY,AEA,EN,Towers with Radar,0,25,42,0,67,0,64,250,0,314,0,89,292,0,381,380,0,380,761
09/17/2020,FRG,NY,AEA,EN,Towers with Radar,0,18,30,0,48,0,32,223,0,255,0,50,253,0,303,486,0,486,789
09/18/2020,FRG,NY,AEA,EN,Towers with Radar,2,19,25,0,46,0,5,140,0,145,2,24,165,0,191,326,0,326,517
09/19/2020,FRG,NY,AEA,EN,Towers with Radar,0,19,20,0,39,0,37,263,1,301,0,56,283,1,340,316,0,316,656
09/20/2020,FRG,NY,AEA,EN,Towers with Radar,0,20,23,0,43,0,7,203,0,210,0,27,226,0,253,348,0,348,601
09/21/2020,FRG,NY,AEA,EN,Towers with Radar,0,16,26,0,42,0,44,235,0,279,0,60,261,0,321,280,0,280,601
09/22/2020,FRG,NY,AEA,EN,Towers with Radar,0,19,28,0,47,0,44,285,0,329,0,63,313,0,376,418,0,418,794
09/23/2020,FRG,NY,AEA,EN,Towers with Radar,0,21,26,0,47,0,51,247,0,298,0,72,273,0,345,326,0,326,671
09/24/2020,FRG,NY,AEA,EN,Towers with Radar,0,27,24,0,51,0,57,296,1,354,0,84,320,1,405,452,0,452,857
09/25/2020,FRG,NY,AEA,EN,Towers with Radar,0,27,39,0,66,0,31,289,0,320,0,58,328,0,386,512,0,512,898
09/26/2020,FRG,NY,AEA,EN,Towers with Radar,0,23,28,0,51,0,33,274,0,307,0,56,302,0,358,572,0,572,930
09/27/2020,FRG,NY,AEA,EN,Towers with Radar,0,21,62,0,83,0,4,57,0,61,0,25,119,0,144,152,0,152,296
09/28/2020,FRG,NY,AEA,EN,Towers with Radar,0,14,45,0,59,0,20,66,0,86,0,34,111,0,145,230,0,230,375
09/29/2020,FRG,NY,AEA,EN,Towers with Radar,0,17,41,0,58,0,0,34,0,34,0,17,75,0,92,84,0,84,176
09/30/2020,FRG,NY,AEA,EN,Towers with Radar,0,18,22,0,40,0,0,83,0,83,0,18,105,0,123,34,0,34,157
10/01/2020,FRG,NY,AEA,EN,Towers with Radar,0,21,36,0,57,0,40,343,0,383,0,61,379,0,440,366,0,366,806
10/02/2020,FRG,NY,AEA,EN,Towers with Radar,0,16,32,0,48,0,37,204,0,241,0,53,236,0,289,464,0,464,753
10/03/2020,FRG,NY,AEA,EN,Towers with Radar,0,7,37,0,44,0,50,394,0,444,0,57,431,0,488,342,0,342,830
10/04/2020,FRG,NY,AEA,EN,Towers with Radar,0,24,30,0,54,0,9,332,0,341,0,33,362,0,395,300,0,300,695
10/05/2020,FRG,NY,AEA,EN,Towers with Radar,0,19,34,0,53,0,18,158,0,176,0,37,192,0,229,484,0,484,713
10/06/2020,FRG,NY,AEA,EN,Towers with Radar,0,23,33,0,56,0,44,275,0,319,0,67,308,0,375,458,0,458,833
10/07/2020,FRG,NY,AEA,EN,Towers with Radar,0,29,22,2,53,0,9,99,1,109,0,38,121,3,162,266,0,266,428
10/08/2020,FRG,NY,AEA,EN,Towers with Radar,0,22,23,0,45,0,38,190,0,228,0,60,213,0,273,186,0,186,459
10/09/2020,FRG,NY,AEA,EN,Towers with Radar,0,35,40,0,75,0,64,366,0,430,0,99,406,0,505,342,0,342,847
10/10/2020,FRG,NY,AEA,EN,Towers with Radar,0,10,25,0,35,0,16,181,0,197,0,26,206,0,232,246,0,246,478
10/11/2020,FRG,NY,AEA,EN,Towers with Radar,0,26,35,0,61,0,7,266,0,273,0,33,301,0,334,318,0,318,652
10/12/2020,FRG,NY,AEA,EN,Towers with Radar,0,19,22,0,41,0,0,7,0,7,0,19,29,0,48,20,0,20,68
10/13/2020,FRG,NY,AEA,EN,Towers with Radar,0,23,53,0,76,0,0,0,0,0,0,23,53,0,76,0,0,0,76
10/14/2020,FRG,NY,AEA,EN,Towers with Radar,0,26,43,0,69,0,61,356,2,419,0,87,399,2,488,475,0,475,963
10/15/2020,FRG,NY,AEA,EN,Towers with Radar,0,31,40,0,71,0,35,273,1,309,0,66,313,1,380,238,0,238,618
10/16/2020,FRG,NY,AEA,EN,Towers with Radar,0,32,64,0,96,0,0,6,1,7,0,32,70,1,103,8,0,8,111
10/17/2020,FRG,NY,AEA,EN,Towers with Radar,0,24,34,0,58,0,39,364,0,403,0,63,398,0,461,268,0,268,729
10/18/2020,FRG,NY,AEA,EN,Towers with Radar,0,31,31,0,62,0,18,288,0,306,0,49,319,0,368,312,0,312,680
10/19/2020,FRG,NY,AEA,EN,Towers with Radar,2,25,26,0,53,0,30,261,0,291,2,55,287,0,344,368,0,368,712
10/20/2020,FRG,NY,AEA,EN,Towers with Radar,0,13,43,0,56,0,0,2,0,2,0,13,45,0,58,0,0,0,58
10/21/2020,FRG,NY,AEA,EN,Towers with Radar,0,28,50,0,78,0,0,0,0,0,0,28,50,0,78,0,0,0,78
10/22/2020,FRG,NY,AEA,EN,Towers with Radar,0,26,50,0,76,0,0,3,0,3,0,26,53,0,79,18,0,18,97
10/23/2020,FRG,NY,AEA,EN,Towers with Radar,0,37,69,0,106,0,2,22,0,24,0,39,91,0,130,20,0,20,150
10/24/2020,FRG,NY,AEA,EN,Towers with Radar,0,40,83,0,123,0,5,65,0,70,0,45,148,0,193,306,0,306,499
10/25/2020,FRG,NY,AEA,EN,Towers with Radar,0,38,53,3,94,0,28,349,3,380,0,66,402,6,474,324,0,324,798
10/26/2020,FRG,NY,AEA,EN,Towers with Radar,0,28,33,0,61,0,0,0,0,0,0,28,33,0,61,2,0,2,63
10/27/2020,FRG,NY,AEA,EN,Towers with Radar,0,32,36,0,68,0,46,254,0,300,0,78,290,0,368,412,0,412,780
10/28/2020,FRG,NY,AEA,EN,Towers with Radar,0,19,30,0,49,0,1,8,0,9,0,20,38,0,58,0,0,0,58
10/29/2020,FRG,NY,AEA,EN,Towers with Radar,0,21,30,0,51,0,0,1,0,1,0,21,31,0,52,4,0,4,56
10/30/2020,FRG,NY,AEA,EN,Towers with Radar,0,20,14,0,34,0,1,10,0,11,0,21,24,0,45,34,0,34,79
10/31/2020,FRG,NY,AEA,EN,Towers with Radar,2,20,25,0,47,0,30,456,1,487,2,50,481,1,534,306,0,306,840
11/01/2020,FRG,NY,AEA,EN,Towers with Radar,1,32,41,0,74,0,7,95,0,102,1,39,136,0,176,234,0,234,410
11/02/2020,FRG,NY,AEA,EN,Towers with Radar,1,17,13,0,31,0,0,20,0,20,1,17,33,0,51,16,0,16,67
11/03/2020,FRG,NY,AEA,EN,Towers with Radar,2,5,23,0,30,0,20,138,2,160,2,25,161,2,190,96,0,96,286
11/04/2020,FRG,NY,AEA,EN,Towers with Radar,0,28,32,0,60,0,72,291,0,363,0,100,323,0,423,390,0,390,813
11/05/2020,FRG,NY,AEA,EN,Towers with Radar,0,25,38,0,63,0,48,207,5,260,0,73,245,5,323,390,0,390,713
11/06/2020,FRG,NY,AEA,EN,Towers with Radar,0,13,32,0,45,0,66,322,1,389,0,79,354,1,434,406,0,406,840
11/07/2020,FRG,NY,AEA,EN,Towers with Radar,0,10,26,0,36,0,40,405,1,446,0,50,431,1,482,274,0,274,756
11/08/2020,FRG,NY,AEA,EN,Towers with Radar,2,21,39,0,62,0,3,424,0,427,2,24,463,0,489,325,0,325,814
11/09/2020,FRG,NY,AEA,EN,Towers with Radar,0,19,48,0,67,0,8,326,0,334,0,27,374,0,401,462,0,462,863
11/10/2020,FRG,NY,AEA,EN,Towers with Radar,0,21,36,0,57,0,14,286,0,300,0,35,322,0,357,438,0,438,795
11/11/2020,FRG,NY,AEA,EN,Towers with Radar,0,23,43,1,67,0,1,15,0,16,0,24,58,1,83,0,0,0,83
11/12/2020,FRG,NY,AEA,EN,Towers with Radar,0,28,33,0,61,0,6,29,0,35,0,34,62,0,96,78,0,78,174
11/13/2020,FRG,NY,AEA,EN,Towers with Radar,0,25,37,0,62,0,1,23,0,24,0,26,60,0,86,8,0,8,94
11/14/2020,FRG,NY,AEA,EN,Towers with Radar,0,18,29,0,47,0,19,419,0,438,0,37,448,0,485,392,0,392,877
11/15/2020,FRG,NY,AEA,EN,Towers with Radar,0,32,29,0,61,0,9,150,0,159,0,41,179,0,220,222,0,222,442
11/16/2020,FRG,NY,AEA,EN,Towers with Radar,0,22,23,0,45,0,29,158,0,187,0,51,181,0,232,282,0,282,514
11/17/2020,FRG,NY,AEA,EN,Towers with Radar,0,21,30,0,51,0,59,276,0,335,0,80,306,0,386,522,0,522,908
11/18/2020,FRG,NY,AEA,EN,Towers with Radar,0,25,34,0,59,0,47,277,0,324,0,72,311,0,383,270,14,284,667
11/19/2020,FRG,NY,AEA,EN,Towers with Radar,0,24,38,0,62,0,35,273,0,308,0,59,311,0,370,276,0,276,646
11/20/2020,FRG,NY,AEA,EN,Towers with Radar,0,36,33,0,69,0,18,266,2,286,0,54,299,2,355,166,0,166,521
11/21/2020,FRG,NY,AEA,EN,Towers with Radar,0,29,53,0,82,0,25,388,1,414,0,54,441,1,496,312,0,312,808
11/22/2020,FRG,NY,AEA,EN,Towers with Radar,1,26,62,0,89,0,10,112,0,122,1,36,174,0,211,346,0,346,557
11/23/2020,FRG,NY,AEA,EN,Towers with Radar,1,21,26,0,48,0,15,54,1,70,1,36,80,1,118,108,0,108,226
11/24/2020,FRG,NY,AEA,EN,Towers with Radar,0,24,35,0,59,0,53,296,8,357,0,77,331,8,416,370,0,370,786
11/25/2020,FRG,NY,AEA,EN,Towers with Radar,0,18,33,0,51,0,15,236,2,253,0,33,269,2,304,410,0,410,714
11/26/2020,FRG,NY,AEA,EN,Towers with Radar,0,20,22,0,42,0,1,11,0,12,0,21,33,0,54,12,0,12,66
11/27/2020,FRG,NY,AEA,EN,Towers with Radar,0,22,30,0,52,0,23,275,0,298,0,45,305,0,350,336,0,336,686
11/28/2020,FRG,NY,AEA,EN,Towers with Radar,0,18,36,0,54,0,15,346,0,361,0,33,382,0,415,216,0,216,631
11/29/2020,FRG,NY,AEA,EN,Towers with Radar,0,31,60,0,91,0,4,419,0,423,0,35,479,0,514,238,0,238,752
11/30/2020,FRG,NY,AEA,EN,Towers with Radar,0,26,19,0,45,0,10,3,0,13,0,36,22,0,58,20,0,20,78
12/01/2020,FRG,NY,AEA,EN,Towers with Radar,0,27,26,0,53,0,8,82,0,90,0,35,108,0,143,56,0,56,199
12/02/2020,FRG,NY,AEA,EN,Towers with Radar,1,28,28,0,57,0,19,156,0,175,1,47,184,0,232,84,0,84,316
12/03/2020,FRG,NY,AEA,EN,Towers with Radar,0,22,35,0,57,0,63,303,6,372,0,85,338,6,429,390,0,390,819
12/04/2020,FRG,NY,AEA,EN,Towers with Radar,0,24,29,0,53,0,59,171,2,232,0,83,200,2,285,314,0,314,599
12/05/2020,FRG,NY,AEA,EN,Towers with Radar,0,19,18,0,37,0,0,6,0,6,0,19,24,0,43,0,0,0,43
12/06/2020,FRG,NY,AEA,EN,Towers with Radar,0,28,35,0,63,0,3,242,0,245,0,31,277,0,308,231,0,231,539
12/07/2020,FRG,NY,AEA,EN,Towers with Radar,1,28,15,0,44,0,56,304,0,360,1,84,319,0,404,422,8,430,834
12/08/2020,FRG,NY,AEA,EN,Towers with Radar,0,15,26,0,41,0,42,195,0,237,0,57,221,0,278,412,0,412,690
12/09/2020,FRG,NY,AEA,EN,Towers with Radar,0,21,31,0,52,0,3,146,0,149,0,24,177,0,201,160,0,160,361
12/10/2020,FRG,NY,AEA,EN,Towers with Radar,0,37,27,0,64,0,7,342,0,349,0,44,369,0,413,296,0,296,709
12/11/2020,FRG,NY,AEA,EN,Towers with Radar,0,29,19,6,54,0,11,257,4,272,0,40,276,10,326,180,0,180,506
12/12/2020,FRG,NY,AEA,EN,Towers with Radar,0,10,19,0,29,0,0,0,0,0,0,10,19,0,29,0,0,0,29
12/13/2020,FRG,NY,AEA,EN,Towers with Radar,0,21,37,0,58,0,13,319,2,334,0,34,356,2,392,270,0,270,662
12/14/2020,FRG,NY,AEA,EN,Towers with Radar,0,20,19,0,39,0,2,21,0,23,0,22,40,0,62,118,0,118,180
12/15/2020,FRG,NY,AEA,EN,Towers with Radar,0,26,26,0,52,0,41,291,6,338,0,67,317,6,390,338,0,338,728
12/16/2020,FRG,NY,AEA,EN,Towers with Radar,0,30,17,0,47,0,6,137,0,143,0,36,154,0,190,152,0,152,342
12/17/2020,FRG,NY,AEA,EN,Towers with Radar,0,15,13,0,28,0,2,19,0,21,0,17,32,0,49,0,0,0,49
12/18/2020,FRG,NY,AEA,EN,Towers with Radar,0,30,49,0,79,0,6,100,1,107,0,36,149,1,186,70,0,70,256
12/19/2020,FRG,NY,AEA,EN,Towers with Radar,0,32,43,0,75,0,1,187,0,188,0,33,230,0,263,116,0,116,379
12/20/2020,FRG,NY,AEA,EN,Towers with Radar,0,30,37,0,67,0,3,23,0,26,0,33,60,0,93,70,0,70,163
12/21/2020,FRG,NY,AEA,EN,Towers with Radar,0,19,37,0,56,0,9,65,0,74,0,28,102,0,130,148,0,148,278
12/22/2020,FRG,NY,AEA,EN,Towers with Radar,0,31,35,0,66,0,11,191,2,204,0,42,226,2,270,272,0,272,542
12/23/2020,FRG,NY,AEA,EN,Towers with Radar,0,24,46,0,70,0,20,338,0,358,0,44,384,0,428,336,0,336,764
12/24/2020,FRG,NY,AEA,EN,Towers with Radar,0,30,26,0,56,0,5,42,1,48,0,35,68,1,104,32,0,32,136
12/25/2020,FRG,NY,AEA,EN,Towers with Radar,0,23,11,0,34,0,0,1,0,1,0,23,12,0,35,0,0,0,35
12/26/2020,FRG,NY,AEA,EN,Towers with Radar,0,37,42,0,79,0,5,153,0,158,0,42,195,0,237,150,0,150,387
12/27/2020,FRG,NY,AEA,EN,Towers with Radar,0,45,49,0,94,0,3,329,0,332,0,48,378,0,426,104,0,104,530
12/28/2020,FRG,NY,AEA,EN,Towers with Radar,0,32,38,0,70,0,8,187,0,195,0,40,225,0,265,318,0,318,583
12/29/2020,FRG,NY,AEA,EN,Towers with Radar,0,15,38,0,53,0,15,162,0,177,0,30,200,0,230,200,0,200,430
12/30/2020,FRG,NY,AEA,EN,Towers with Radar,1,20,44,0,65,0,19,226,1,246,1,39,270,1,311,318,0,318,629
12/31/2020,FRG,NY,AEA,EN,Towers with Radar,0,20,9,0,29,0,1,58,0,59,0,21,67,0,88,170,0,170,258
01/01/2021,FRG,NY,AEA,EN,Towers with Radar,1,25,23,0,49,0,2,63,1,66,1,27,86,1,115,118,0,118,233
01/02/2021,FRG,NY,AEA,EN,Towers with Radar,1,22,57,0,80,0,13,78,1,92,1,35,135,1,172,88,0,88,260
01/03/2021,FRG,NY,AEA,EN,Towers with Radar,0,39,43,0,82,0,2,28,0,30,0,41,71,0,112,84,0,84,196
01/04/2021,FRG,NY,AEA,EN,Towers with Radar,0,21,34,0,55,0,10,172,2,184,0,31,206,2,239,286,0,286,525
01/05/2021,FRG,NY,AEA,EN,Towers with Radar,0,20,26,0,46,0,11,239,0,250,0,31,265,0,296,388,0,388,684
01/06/2021,FRG,NY,AEA,EN,Towers with Radar,0,18,31,0,49,0,7,265,2,274,0,25,296,2,323,234,0,234,557
01/07/2021,FRG,NY,AEA,EN,Towers with Radar,0,35,16,0,51,0,12,277,3,292,0,47,293,3,343,136,0,136,479
01/08/2021,FRG,NY,AEA,EN,Towers with Radar,0,31,34,0,65,0,5,293,0,298,0,36,327,0,363,334,0,334,697
01/09/2021,FRG,NY,AEA,EN,Towers with Radar,0,33,28,0,61,0,5,299,0,304,0,38,327,0,365,204,0,204,569
01/10/2021,FRG,NY,AEA,EN,Towers with Radar,0,26,45,0,71,0,22,316,0,338,0,48,361,0,409,218,0,218,627
01/11/2021,FRG,NY,AEA,EN,Towers with Radar,0,25,23,0,48,0,38,203,9,250,0,63,226,9,298,370,0,370,668
01/12/2021,FRG,NY,AEA,EN,Towers with Radar,0,16,24,0,40,0,44,210,3,257,0,60,234,3,297,406,0,406,703
01/13/2021,FRG,NY,AEA,EN,Towers with Radar,0,19,28,0,47,0,58,250,0,308,0,77,278,0,355,502,0,502,857
01/14/2021,FRG,NY,AEA,EN,Towers with Radar,0,31,35,0,66,0,56,198,8,262,0,87,233,8,328,464,0,464,792
01/15/2021,FRG,NY,AEA,EN,Towers with Radar,0,31,34,0,65,0,1,28,0,29,0,32,62,0,94,124,0,124,218
01/16/2021,FRG,NY,AEA,EN,Towers with Radar,0,18,33,0,51,0,0,43,0,43,0,18,76,0,94,76,0,76,170
01/17/2021,FRG,NY,AEA,EN,Towers with Radar,2,19,29,0,50,0,1,101,0,102,2,20,130,0,152,114,0,114,266
01/18/2021,FRG,NY,AEA,EN,Towers with Radar,1,27,30,0,58,0,12,268,0,280,1,39,298,0,338,290,0,290,628
01/19/2021,FRG,NY,AEA,EN,Towers with Radar,0,22,25,0,47,0,17,225,0,242,0,39,250,0,289,352,0,352,641
01/20/2021,FRG,NY,AEA,EN,Towers with Radar,0,18,31,0,49,0,31,88,0,119,0,49,119,0,168,114,0,114,282
01/21/2021,FRG,NY,AEA,EN,Towers with Radar,0,31,56,0,87,0,46,195,0,241,0,77,251,0,328,250,0,250,578
01/22/2021,FRG,NY,AEA,EN,Towers with Radar,0,20,32,0,52,0,35,221,1,257,0,55,253,1,309,276,0,276,585
01/23/2021,FRG,NY,AEA,EN,Towers with Radar,0,14,19,0,33,0,14,83,1,98,0,28,102,1,131,40,0,40,171
01/24/2021,FRG,NY,AEA,EN,Towers with Radar,1,15,44,0,60,0,11,202,0,213,1,26,246,0,273,368,0,368,641
01/25/2021,FRG,NY,AEA,EN,Towers with Radar,0,22,28,0,50,0,21,326,0,347,0,43,354,0,397,362,0,362,759
01/26/2021,FRG,NY,AEA,EN,Towers with Radar,1,18,14,0,33,0,0,33,0,33,1,18,47,0,66,66,0,66,132
01/27/2021,FRG,NY,AEA,EN,Towers with Radar,0,28,35,0,63,0,27,118,0,145,0,55,153,0,208,368,0,368,576
01/28/2021,FRG,NY,AEA,EN,Towers with Radar,0,19,29,0,48,0,15,137,3,155,0,34,166,3,203,218,0,218,421
01/29/2021,FRG,NY,AEA,EN,Towers with Radar,0,29,21,0,50,0,1,15,4,20,0,30,36,4,70,0,0,0,70
01/30/2021,FRG,NY,AEA,EN,Towers with Radar,2,25,35,0,62,0,34,261,0,295,2,59,296,0,357,358,0,358,715
01/31/2021,FRG,NY,AEA,EN,Towers with Radar,0,40,43,0,83,0,10,196,2,208,0,50,239,2,291,362,0,362,653
02/01/2021,FRG,NY,AEA,EN,Towers with Radar,0,0,0,0,0,0,0,0,0,0,0,0,0,0,0,0,0,0,0
02/02/2021,FRG,NY,AEA,EN,Towers with Radar,0,9,13,0,22,0,0,1,0,1,0,9,14,0,23,0,0,0,23
02/03/2021,FRG,NY,AEA,EN,Towers with Radar,0,33,25,0,58,0,10,34,0,44,0,43,59,0,102,34,0,34,136
02/04/2021,FRG,NY,AEA,EN,Towers with Radar,0,22,28,0,50,0,12,246,4,262,0,34,274,4,312,316,0,316,628
02/05/2021,FRG,NY,AEA,EN,Towers with Radar,2,22,24,0,48,0,2,62,0,64,2,24,86,0,112,192,0,192,304
02/06/2021,FRG,NY,AEA,EN,Towers with Radar,1,41,29,0,71,0,26,217,0,243,1,67,246,0,314,168,0,168,482
02/07/2021,FRG,NY,AEA,EN,Towers with Radar,1,12,6,0,19,0,2,0,0,2,1,14,6,0,21,0,0,0,21
02/08/2021,FRG,NY,AEA,EN,Towers with Radar,2,34,34,0,70,0,3,140,2,145,2,37,174,2,215,198,0,198,413
02/09/2021,FRG,NY,AEA,EN,Towers with Radar,0,15,15,0,30,0,0,15,0,15,0,15,30,0,45,64,0,64,109
02/10/2021,FRG,NY,AEA,EN,Towers with Radar,1,42,60,0,103,0,62,246,1,309,1,104,306,1,412,464,0,464,876
02/11/2021,FRG,NY,AEA,EN,Towers with Radar,0,39,43,0,82,0,23,77,0,100,0,62,120,0,182,158,0,158,340
02/12/2021,FRG,NY,AEA,EN,Towers with Radar,1,42,47,1,91,0,53,196,2,251,1,95,243,3,342,210,0,210,552
02/13/2021,FRG,NY,AEA,EN,Towers with Radar,1,57,38,0,96,0,20,129,0,149,1,77,167,0,245,256,0,256,501
02/14/2021,FRG,NY,AEA,EN,Towers with Radar,1,23,20,0,44,0,0,33,0,33,1,23,53,0,77,70,0,70,147
02/15/2021,FRG,NY,AEA,EN,Towers with Radar,0,26,30,0,56,0,1,20,0,21,0,27,50,0,77,34,0,34,111
02/16/2021,FRG,NY,AEA,EN,Towers with Radar,0,25,19,0,44,0,7,65,2,74,0,32,84,2,118,44,0,44,162
02/17/2021,FRG,NY,AEA,EN,Towers with Radar,1,35,47,2,85,0,56,360,0,416,1,91,407,2,501,386,0,386,887
02/18/2021,FRG,NY,AEA,EN,Towers with Radar,0,10,7,0,17,0,1,0,0,1,0,11,7,0,18,0,0,0,18
02/19/2021,FRG,NY,AEA,EN,Towers with Radar,0,11,19,0,30,0,0,0,0,0,0,11,19,0,30,0,0,0,30
02/20/2021,FRG,NY,AEA,EN,Towers with Radar,1,26,45,0,72,0,24,164,4,192,1,50,209,4,264,244,0,244,508
02/21/2021,FRG,NY,AEA,EN,Towers with Radar,0,27,58,0,85,0,13,362,1,376,0,40,420,1,461,260,0,260,721
02/22/2021,FRG,NY,AEA,EN,Towers with Radar,0,27,24,0,51,0,12,49,0,61,0,39,73,0,112,72,0,72,184
02/23/2021,FRG,NY,AEA,EN,Towers with Radar,0,16,20,0,36,0,29,125,2,156,0,45,145,2,192,206,0,206,398
02/24/2021,FRG,NY,AEA,EN,Towers with Radar,2,17,31,0,50,0,44,330,6,380,2,61,361,6,430,252,0,252,682
02/25/2021,FRG,NY,AEA,EN,Towers with Radar,0,23,51,0,74,0,37,235,0,272,0,60,286,0,346,404,0,404,750
02/26/2021,FRG,NY,AEA,EN,Towers with Radar,1,26,37,0,64,0,60,456,3,519,1,86,493,3,583,246,0,246,829
02/27/2021,FRG,NY,AEA,EN,Towers with Radar,1,35,11,0,47,0,0,6,0,6,1,35,17,0,53,0,0,0,53
02/28/2021,FRG,NY,AEA,EN,Towers with Radar,2,38,45,0,85,0,3,102,0,105,2,41,147,0,190,332,0,332,522
03/01/2021,FRG,NY,AEA,EN,Towers with Radar,0,21,17,0,38,0,3,20,2,25,0,24,37,2,63,92,0,92,155
03/02/2021,FRG,NY,AEA,EN,Towers with Radar,0,15,15,0,30,0,2,30,2,34,0,17,45,2,64,6,0,6,70
03/03/2021,FRG,NY,AEA,EN,Towers with Radar,2,28,41,0,71,0,73,330,2,405,2,101,371,2,476,440,0,440,916
03/04/2021,FRG,NY,AEA,EN,Towers with Radar,0,31,35,0,66,0,51,188,4,243,0,82,223,4,309,242,0,242,551
03/05/2021,FRG,NY,AEA,EN,Towers with Radar,0,20,26,0,46,0,36,109,0,145,0,56,135,0,191,142,0,142,333
03/06/2021,FRG,NY,AEA,EN,Towers with Radar,0,24,27,2,53,0,49,277,0,326,0,73,304,2,379,446,0,446,825
03/07/2021,FRG,NY,AEA,EN,Towers with Radar,0,40,55,0,95,0,39,406,0,445,0,79,461,0,540,429,0,429,969
03/08/2021,FRG,NY,AEA,EN,Towers with Radar,1,36,26,0,63,0,68,322,1,391,1,104,348,1,454,454,0,454,908
03/09/2021,FRG,NY,AEA,EN,Towers with Radar,0,13,12,0,25,0,63,309,2,374,0,76,321,2,399,314,0,314,713
03/10/2021,FRG,NY,AEA,EN,Towers with Radar,0,25,32,0,57,0,83,369,1,453,0,108,401,1,510,388,0,388,898
03/11/2021,FRG,NY,AEA,EN,Towers with Radar,0,21,36,0,57,0,61,233,3,297,0,82,269,3,354,452,0,452,806
03/12/2021,FRG,NY,AEA,EN,Towers with Radar,0,27,21,0,48,0,60,255,2,317,0,87,276,2,365,338,0,338,703
03/13/2021,FRG,NY,AEA,EN,Towers with Radar,0,25,33,0,58,0,25,280,0,305,0,50,313,0,363,406,0,406,769
03/14/2021,FRG,NY,AEA,EN,Towers with Radar,0,46,42,0,88,0,10,143,0,153,0,56,185,0,241,178,0,178,419
03/15/2021,FRG,NY,AEA,EN,Towers with Radar,0,20,37,0,57,0,24,131,2,157,0,44,168,2,214,278,0,278,492
03/16/2021,FRG,NY,AEA,EN,Towers with Radar,0,19,22,0,41,0,45,250,2,297,0,64,272,2,338,456,0,456,794
03/17/2021,FRG,NY,AEA,EN,Towers with Radar,0,36,39,0,75,0,2,101,0,103,0,38,140,0,178,322,0,322,500
03/18/2021,FRG,NY,AEA,EN,Towers with Radar,0,20,22,0,42,0,0,0,0,0,0,20,22,0,42,0,0,0,42
03/19/2021,FRG,NY,AEA,EN,Towers with Radar,0,36,32,0,68,0,13,95,5,113,0,49,127,5,181,14,0,14,195
03/20/2021,FRG,NY,AEA,EN,Towers with Radar,0,23,35,0,58,0,45,546,2,593,0,68,581,2,651,130,0,130,781
03/21/2021,FRG,NY,AEA,EN,Towers with Radar,1,35,49,0,85,0,23,461,0,484,1,58,510,0,569,360,0,360,929
03/22/2021,FRG,NY,AEA,EN,Towers with Radar,0,26,27,0,53,0,77,290,3,370,0,103,317,3,423,534,0,534,957
03/23/2021,FRG,NY,AEA,EN,Towers with Radar,0,27,41,0,68,0,52,198,5,255,0,79,239,5,323,466,0,466,789
03/24/2021,FRG,NY,AEA,EN,Towers with Radar,2,42,43,0,87,0,7,67,0,74,2,49,110,0,161,244,0,244,405
03/25/2021,FRG,NY,AEA,EN,Towers with Radar,0,51,46,1,98,0,6,126,3,135,0,57,172,4,233,246,0,246,479
03/26/2021,FRG,NY,AEA,EN,Towers with Radar,0,33,42,0,75,0,0,18,0,18,0,33,60,0,93,24,0,24,117
03/27/2021,FRG,NY,AEA,EN,Towers with Radar,0,38,51,0,89,0,57,459,0,516,0,95,510,0,605,218,0,218,823
03/28/2021,FRG,NY,AEA,EN,Towers with Radar,0,53,30,0,83,0,0,37,0,37,0,53,67,0,120,58,0,58,178
03/29/2021,FRG,NY,AEA,EN,Towers with Radar,0,31,33,0,64,0,0,11,2,13,0,31,44,2,77,0,0,0,77
03/30/2021,FRG,NY,AEA,EN,Towers with Radar,1,28,44,0,73,0,62,455,5,522,1,90,499,5,595,478,0,478,1073
03/31/2021,FRG,NY,AEA,EN,Towers with Radar,0,33,27,0,60,0,7,88,0,95,0,40,115,0,155,182,0,182,337
04/01/2021,FRG,NY,AEA,EN,Towers with Radar,0,38,33,1,72,0,14,55,2,71,0,52,88,3,143,210,0,210,353
04/02/2021,FRG,NY,AEA,EN,Towers with Radar,2,34,50,0,86,0,78,317,0,395,2,112,367,0,481,458,0,458,939
04/03/2021,FRG,NY,AEA,EN,Towers with Radar,1,45,34,0,80,0,64,391,0,455,1,109,425,0,535,362,0,362,897
04/04/2021,FRG,NY,AEA,EN,Towers with Radar,0,35,40,0,75,0,32,271,0,303,0,67,311,0,378,308,0,308,686
04/05/2021,FRG,NY,AEA,EN,Towers with Radar,0,47,67,0,114,0,50,304,3,357,0,97,371,3,471,278,0,278,749
04/06/2021,FRG,NY,AEA,EN,Towers with Radar,0,38,37,0,75,0,76,442,2,520,0,114,479,2,595,360,0,360,955
04/07/2021,FRG,NY,AEA,EN,Towers with Radar,1,30,42,0,73,0,68,400,0,468,1,98,442,0,541,368,0,368,909
04/08/2021,FRG,NY,AEA,EN,Towers with Radar,1,29,47,0,77,0,90,437,3,530,1,119,484,3,607,390,0,390,997
04/09/2021,FRG,NY,AEA,EN,Towers with Radar,0,22,46,0,68,0,3,72,0,75,0,25,118,0,143,104,0,104,247
04/10/2021,FRG,NY,AEA,EN,Towers with Radar,0,35,52,0,87,0,17,93,0,110,0,52,145,0,197,450,0,450,647
04/11/2021,FRG,NY,AEA,EN,Towers with Radar,0,33,26,0,59,0,0,0,0,0,0,33,26,0,59,0,0,0,59
04/12/2021,FRG,NY,AEA,EN,Towers with Radar,0,26,58,0,84,0,7,57,3,67,0,33,115,3,151,228,0,228,379
04/13/2021,FRG,NY,AEA,EN,Towers with Radar,0,33,44,0,77,0,80,324,3,407,0,113,368,3,484,662,0,662,1146
04/14/2021,FRG,NY,AEA,EN,Towers with Radar,1,20,48,0,69,0,72,363,2,437,1,92,411,2,506,568,0,568,1074
04/15/2021,FRG,NY,AEA,EN,Towers with Radar,0,28,40,0,68,0,0,0,0,0,0,28,40,0,68,0,0,0,68
04/16/2021,FRG,NY,AEA,EN,Towers with Radar,0,32,31,0,63,0,17,116,3,136,0,49,147,3,199,296,0,296,495
04/17/2021,FRG,NY,AEA,EN,Towers with Radar,0,21,23,0,44,0,89,370,2,461,0,110,393,2,505,500,0,500,1005
04/18/2021,FRG,NY,AEA,EN,Towers with Radar,0,35,47,0,82,0,36,360,0,396,0,71,407,0,478,370,0,370,848
04/19/2021,FRG,NY,AEA,EN,Towers with Radar,0,21,32,0,53,0,70,283,4,357,0,91,315,4,410,456,0,456,866
04/20/2021,FRG,NY,AEA,EN,Towers with Radar,0,23,24,0,47,0,61,317,2,380,0,84,341,2,427,320,0,320,747
04/21/2021,FRG,NY,AEA,EN,Towers with Radar,0,22,32,0,54,0,13,110,3,126,0,35,142,3,180,126,0,126,306
04/22/2021,FRG,NY,AEA,EN,Towers with Radar,0,25,29,0,54,0,1,57,1,59,0,26,86,1,113,68,0,68,181
04/23/2021,FRG,NY,AEA,EN,Towers with Radar,0,29,37,0,66,0,15,196,2,213,0,44,233,2,279,340,0,340,619
04/24/2021,FRG,NY,AEA,EN,Towers with Radar,0,22,41,0,63,0,47,342,0,389,0,69,383,0,452,303,0,303,755
04/25/2021,FRG,NY,AEA,EN,Towers with Radar,1,19,62,0,82,0,3,55,0,58,1,22,117,0,140,70,0,70,210
04/26/2021,FRG,NY,AEA,EN,Towers with Radar,1,33,31,0,65,0,38,202,2,242,1,71,233,2,307,306,0,306,613
04/27/2021,FRG,NY,AEA,EN,Towers with Radar,0,22,41,0,63,0,62,410,1,473,0,84,451,1,536,536,0,536,1072
04/28/2021,FRG,NY,AEA,EN,Towers with Radar,0,41,40,0,81,0,60,365,1,426,0,101,405,1,507,441,0,441,948
04/29/2021,FRG,NY,AEA,EN,Towers with Radar,0,21,41,0,62,0,15,158,0,173,0,36,199,0,235,474,0,474,709
04/30/2021,FRG,NY,AEA,EN,Towers with Radar,0,34,29,0,63,0,7,39,0,46,0,41,68,0,109,40,0,40,149
05/01/2021,FRG,NY,AEA,EN,Towers with Radar,0,30,45,0,75,0,62,238,4,304,0,92,283,4,379,320,0,320,699
05/02/2021,FRG,NY,AEA,EN,Towers with Radar,2,48,42,0,92,0,27,322,1,350,2,75,364,1,442,186,0,186,628
05/03/2021,FRG,NY,AEA,EN,Towers with Radar,0,20,56,0,76,0,52,223,4,279,0,72,279,4,355,488,0,488,843
05/04/2021,FRG,NY,AEA,EN,Towers with Radar,0,47,63,0,110,0,21,100,2,123,0,68,163,2,233,280,0,280,513
05/05/2021,FRG,NY,AEA,EN,Towers with Radar,0,29,35,0,64,0,0,2,0,2,0,29,37,0,66,0,0,0,66
05/06/2021,FRG,NY,AEA,EN,Towers with Radar,0,33,46,0,79,0,60,483,4,547,0,93,529,4,626,552,0,552,1178
05/07/2021,FRG,NY,AEA,EN,Towers with Radar,0,46,46,0,92,0,71,345,2,418,0,117,391,2,510,556,0,556,1066
05/08/2021,FRG,NY,AEA,EN,Towers with Radar,1,39,29,0,69,0,55,191,0,246,1,94,220,0,315,568,0,568,883
05/09/2021,FRG,NY,AEA,EN,Towers with Radar,1,32,39,0,72,0,19,235,0,254,1,51,274,0,326,238,0,238,564
05/10/2021,FRG,NY,AEA,EN,Towers with Radar,0,36,34,0,70,0,23,131,6,160,0,59,165,6,230,296,0,296,526
05/11/2021,FRG,NY,AEA,EN,Towers with Radar,0,21,37,0,58,0,30,360,6,396,0,51,397,6,454,305,0,305,759
05/12/2021,FRG,NY,AEA,EN,Towers with Radar,0,19,58,0,77,0,27,355,5,387,0,46,413,5,464,454,0,454,918
05/13/2021,FRG,NY,AEA,EN,Towers with Radar,0,40,51,0,91,0,47,401,4,452,0,87,452,4,543,496,0,496,1039
05/14/2021,FRG,NY,AEA,EN,Towers with Radar,1,31,39,0,71,0,63,366,1,430,1,94,405,1,501,490,0,490,991
05/15/2021,FRG,NY,AEA,EN,Towers with Radar,1,24,32,0,57,0,23,456,0,479,1,47,488,0,536,482,0,482,1018
05/16/2021,FRG,NY,AEA,EN,Towers with Radar,0,26,48,0,74,0,25,313,0,338,0,51,361,0,412,400,0,400,812
05/17/2021,FRG,NY,AEA,EN,Towers with Radar,0,14,30,0,44,0,55,263,1,319,0,69,293,1,363,330,0,330,693
05/18/2021,FRG,NY,AEA,EN,Towers with Radar,0,22,46,0,68,0,47,334,3,384,0,69,380,3,452,294,0,294,746
05/19/2021,FRG,NY,AEA,EN,Towers with Radar,2,30,42,0,74,0,40,420,7,467,2,70,462,7,541,572,0,572,1113
05/20/2021,FRG,NY,AEA,EN,Towers with Radar,2,36,55,0,93,0,56,362,5,423,2,92,417,5,516,618,0,618,1134
05/21/2021,FRG,NY,AEA,EN,Towers with Radar,0,30,54,2,86,0,36,315,0,351,0,66,369,2,437,494,0,494,931
05/22/2021,FRG,NY,AEA,EN,Towers with Radar,4,22,30,2,58,0,50,321,0,371,4,72,351,2,429,384,0,384,813
05/23/2021,FRG,NY,AEA,EN,Towers with Radar,1,28,53,0,82,0,21,330,1,352,1,49,383,1,434,208,0,208,642
05/24/2021,FRG,NY,AEA,EN,Towers with Radar,0,26,32,0,58,0,59,276,4,339,0,85,308,4,397,426,0,426,823
05/25/2021,FRG,NY,AEA,EN,Towers with Radar,1,22,40,0,63,0,44,305,5,354,1,66,345,5,417,266,0,266,683
05/26/2021,FRG,NY,AEA,EN,Towers with Radar,1,32,53,3,89,0,4,62,1,67,1,36,115,4,156,160,0,160,316
05/27/2021,FRG,NY,AEA,EN,Towers with Radar,1,36,74,2,113,0,78,474,4,556,1,114,548,6,669,452,0,452,1121
05/28/2021,FRG,NY,AEA,EN,Towers with Radar,1,21,54,0,76,0,30,237,7,274,1,51,291,7,350,168,0,168,518
05/29/2021,FRG,NY,AEA,EN,Towers with Radar,0,16,27,0,43,0,0,5,0,5,0,16,32,0,48,0,0,0,48
05/30/2021,FRG,NY,AEA,EN,Towers with Radar,0,29,21,0,50,0,0,0,0,0,0,29,21,0,50,0,0,0,50
05/31/2021,FRG,NY,AEA,EN,Towers with Radar,0,31,75,1,107,0,25,190,0,215,0,56,265,1,322,178,0,178,500
06/01/2021,FRG,NY,AEA,EN,Towers with Radar,0,29,37,2,68,0,40,308,5,353,0,69,345,7,421,516,0,516,937
06/02/2021,FRG,NY,AEA,EN,Towers with Radar,2,26,40,0,68,0,53,342,2,397,2,79,382,2,465,608,0,608,1073
06/03/2021,FRG,NY,AEA,EN,Towers with Radar,0,18,38,0,56,0,0,1,0,1,0,18,39,0,57,36,0,36,93
06/04/2021,FRG,NY,AEA,EN,Towers with Radar,1,49,40,0,90,0,1,24,1,26,1,50,64,1,116,68,0,68,184
06/05/2021,FRG,NY,AEA,EN,Towers with Radar,0,29,39,0,68,0,34,454,0,488,0,63,493,0,556,414,0,414,970
06/06/2021,FRG,NY,AEA,EN,Towers with Radar,1,29,45,0,75,0,31,398,0,429,1,60,443,0,504,328,0,328,832
06/07/2021,FRG,NY,AEA,EN,Towers with Radar,0,28,28,0,56,0,45,310,4,359,0,73,338,4,415,586,0,586,1001
06/08/2021,FRG,NY,AEA,EN,Towers with Radar,1,21,44,0,66,0,40,214,3,257,1,61,258,3,323,508,0,508,831
06/09/2021,FRG,NY,AEA,EN,Towers with Radar,0,17,44,0,61,0,32,238,8,278,0,49,282,8,339,472,0,472,811
06/10/2021,FRG,NY,AEA,EN,Towers with Radar,0,26,54,0,80,0,66,374,1,441,0,92,428,1,521,490,0,490,1011
06/11/2021,FRG,NY,AEA,EN,Towers with Radar,0,22,28,0,50,0,38,304,2,344,0,60,332,2,394,642,0,642,1036
06/12/2021,FRG,NY,AEA,EN,Towers with Radar,1,20,55,0,76,0,13,278,0,291,1,33,333,0,367,476,0,476,843
06/13/2021,FRG,NY,AEA,EN,Towers with Radar,0,29,41,0,70,0,29,330,0,359,0,58,371,0,429,356,0,356,785
06/14/2021,FRG,NY,AEA,EN,Towers with Radar,0,28,40,0,68,0,17,90,4,111,0,45,130,4,179,136,0,136,315
06/15/2021,FRG,NY,AEA,EN,Towers with Radar,0,13,40,1,54,0,40,238,4,282,0,53,278,5,336,434,0,434,770
06/16/2021,FRG,NY,AEA,EN,Towers with Radar,4,24,28,0,56,0,73,391,3,467,4,97,419,3,523,558,0,558,1081
06/17/2021,FRG,NY,AEA,EN,Towers with Radar,1,42,28,0,71,0,75,446,1,522,1,117,474,1,593,332,0,332,925
06/18/2021,FRG,NY,AEA,EN,Towers with Radar,0,25,42,0,67,0,40,462,2,504,0,65,504,2,571,454,0,454,1025
06/19/2021,FRG,NY,AEA,EN,Towers with Radar,0,32,24,1,57,0,13,321,0,334,0,45,345,1,391,352,0,352,743
06/20/2021,FRG,NY,AEA,EN,Towers with Radar,1,32,29,0,62,0,30,349,0,379,1,62,378,0,441,328,0,328,769
06/21/2021,FRG,NY,AEA,EN,Towers with Radar,0,30,41,0,71,0,5,36,0,41,0,35,77,0,112,34,0,34,146
06/22/2021,FRG,NY,AEA,EN,Towers with Radar,1,18,38,0,57,0,6,143,0,149,1,24,181,0,206,196,0,196,402
06/23/2021,FRG,NY,AEA,EN,Towers with Radar,0,32,40,0,72,0,63,492,7,562,0,95,532,7,634,558,0,558,1192
06/24/2021,FRG,NY,AEA,EN,Towers with Radar,1,25,54,0,80,0,53,486,5,544,1,78,540,5,624,382,0,382,1006
06/25/2021,FRG,NY,AEA,EN,Towers with Radar,0,49,57,0,106,0,12,186,1,199,0,61,243,1,305,352,0,352,657
06/26/2021,FRG,NY,AEA,EN,Towers with Radar,2,40,40,0,82,0,2,23,0,25,2,42,63,0,107,1,0,1,108
06/27/2021,FRG,NY,AEA,EN,Towers with Radar,0,31,60,0,91,0,10,199,0,209,0,41,259,0,300,184,0,184,484
06/28/2021,FRG,NY,AEA,EN,Towers with Radar,0,17,43,0,60,0,52,392,4,448,0,69,435,4,508,404,0,404,912
06/29/2021,FRG,NY,AEA,EN,Towers with Radar,0,19,31,0,50,0,52,406,5,463,0,71,437,5,513,672,0,672,1185
06/30/2021,FRG,NY,AEA,EN,Towers with Radar,0,24,31,0,55,0,57,385,2,444,0,81,416,2,499,488,0,488,987
07/01/2021,FRG,NY,AEA,EN,Towers with Radar,0,28,45,0,73,0,32,227,2,261,0,60,272,2,334,382,0,382,716
07/02/2021,FRG,NY,AEA,EN,Towers with Radar,0,23,41,0,64,0,12,60,0,72,0,35,101,0,136,278,0,278,414
07/03/2021,FRG,NY,AEA,EN,Towers with Radar,1,21,35,0,57,0,0,5,0,5,1,21,40,0,62,0,0,0,62
07/04/2021,FRG,NY,AEA,EN,Towers with Radar,0,10,31,0,41,0,22,217,0,239,0,32,248,0,280,472,0,472,752
07/05/2021,FRG,NY,AEA,EN,Towers with Radar,0,19,85,0,104,0,24,237,0,261,0,43,322,0,365,304,0,304,669
07/06/2021,FRG,NY,AEA,EN,Towers with Radar,0,20,31,0,51,0,42,275,2,319,0,62,306,2,370,342,0,342,712
07/07/2021,FRG,NY,AEA,EN,Towers with Radar,0,19,49,0,68,0,69,340,6,415,0,88,389,6,483,498,0,498,981
07/08/2021,FRG,NY,AEA,EN,Towers with Radar,0,32,59,0,91,0,5,65,2,72,0,37,124,2,163,294,0,294,457
07/09/2021,FRG,NY,AEA,EN,Towers with Radar,0,19,47,0,66,0,8,83,0,91,0,27,130,0,157,140,0,140,297
07/10/2021,FRG,NY,AEA,EN,Towers with Radar,0,29,75,0,104,0,11,206,0,217,0,40,281,0,321,520,0,520,841
07/11/2021,FRG,NY,AEA,EN,Towers with Radar,0,33,93,0,126,0,9,96,0,105,0,42,189,0,231,362,0,362,593
07/12/2021,FRG,NY,AEA,EN,Towers with Radar,0,30,31,0,61,0,1,6,0,7,0,31,37,0,68,12,0,12,80
07/13/2021,FRG,NY,AEA,EN,Towers with Radar,0,39,54,0,93,0,4,6,1,11,0,43,60,1,104,4,0,4,108
07/14/2021,FRG,NY,AEA,EN,Towers with Radar,0,39,47,0,86,0,8,129,0,137,0,47,176,0,223,366,0,366,589
07/15/2021,FRG,NY,AEA,EN,Towers with Radar,0,33,45,0,78,0,68,546,1,615,0,101,591,1,693,446,0,446,1139
07/16/2021,FRG,NY,AEA,EN,Towers with Radar,0,29,38,0,67,0,59,419,3,481,0,88,457,3,548,442,0,442,990
07/17/2021,FRG,NY,AEA,EN,Towers with Radar,0,29,27,0,56,0,17,263,0,280,0,46,290,0,336,462,0,462,798
07/18/2021,FRG,NY,AEA,EN,Towers with Radar,0,33,44,2,79,0,14,175,3,192,0,47,219,5,271,144,0,144,415
07/19/2021,FRG,NY,AEA,EN,Towers with Radar,0,34,65,0,99,0,40,253,3,296,0,74,318,3,395,510,0,510,905
07/20/2021,FRG,NY,AEA,EN,Towers with Radar,0,30,45,0,75,0,50,242,4,296,0,80,287,4,371,662,0,662,1033
07/21/2021,FRG,NY,AEA,EN,Towers with Radar,0,28,38,0,66,0,5,156,1,162,0,33,194,1,228,292,0,292,520
07/22/2021,FRG,NY,AEA,EN,Towers with Radar,0,36,42,0,78,0,64,476,6,546,0,100,518,6,624,534,0,534,1158
07/23/2021,FRG,NY,AEA,EN,Towers with Radar,0,22,42,0,64,0,54,422,1,477,0,76,464,1,541,534,0,534,1075
07/24/2021,FRG,NY,AEA,EN,Towers with Radar,0,24,38,0,62,0,38,394,0,432,0,62,432,0,494,434,0,434,928
07/25/2021,FRG,NY,AEA,EN,Towers with Radar,0,36,57,0,93,0,9,137,0,146,0,45,194,0,239,114,0,114,353
07/26/2021,FRG,NY,AEA,EN,Towers with Radar,0,21,47,0,68,0,49,278,1,328,0,70,325,1,396,398,0,398,794
07/27/2021,FRG,NY,AEA,EN,Towers with Radar,0,20,53,2,75,0,47,317,3,367,0,67,370,5,442,392,0,392,834
07/28/2021,FRG,NY,AEA,EN,Towers with Radar,0,17,39,0,56,0,55,353,2,410,0,72,392,2,466,684,0,684,1150
07/29/2021,FRG,NY,AEA,EN,Towers with Radar,0,26,53,0,79,0,18,101,2,121,0,44,154,2,200,170,0,170,370
07/30/2021,FRG,NY,AEA,EN,Towers with Radar,0,26,45,1,72,0,43,358,2,403,0,69,403,3,475,304,0,304,779
07/31/2021,FRG,NY,AEA,EN,Towers with Radar,0,26,52,0,78,0,21,453,1,475,0,47,505,1,553,421,0,421,974
08/01/2021,FRG,NY,AEA,EN,Towers with Radar,0,27,62,0,89,0,19,208,0,227,0,46,270,0,316,168,0,168,484
08/02/2021,FRG,NY,AEA,EN,Towers with Radar,0,28,32,0,60,0,75,284,2,361,0,103,316,2,421,528,0,528,949
08/03/2021,FRG,NY,AEA,EN,Towers with Radar,0,23,28,0,51,0,40,319,2,361,0,63,347,2,412,590,0,590,1002
08/04/2021,FRG,NY,AEA,EN,Towers with Radar,0,26,42,0,68,0,30,266,0,296,0,56,308,0,364,546,0,546,910
08/05/2021,FRG,NY,AEA,EN,Towers with Radar,0,35,57,0,92,0,17,107,1,125,0,52,164,1,217,366,0,366,583
08/06/2021,FRG,NY,AEA,EN,Towers with Radar,0,34,64,0,98,0,60,361,5,426,0,94,425,5,524,420,0,420,944
08/07/2021,FRG,NY,AEA,EN,Towers with Radar,0,21,36,0,57,0,30,421,2,453,0,51,457,2,510,412,0,412,922
08/08/2021,FRG,NY,AEA,EN,Towers with Radar,0,40,71,1,112,0,7,44,0,51,0,47,115,1,163,56,0,56,219
08/09/2021,FRG,NY,AEA,EN,Towers with Radar,0,29,76,0,105,0,1,53,0,54,0,30,129,0,159,102,0,102,261
08/10/2021,FRG,NY,AEA,EN,Towers with Radar,0,31,58,0,89,0,9,110,2,121,0,40,168,2,210,146,0,146,356
08/11/2021,FRG,NY,AEA,EN,Towers with Radar,0,24,56,0,80,0,30,332,1,363,0,54,388,1,443,510,0,510,953
08/12/2021,FRG,NY,AEA,EN,Towers with Radar,0,41,41,0,82,0,66,344,0,410,0,107,385,0,492,458,0,458,950
08/13/2021,FRG,NY,AEA,EN,Towers with Radar,0,23,31,0,54,0,64,391,2,457,0,87,422,2,511,428,0,428,939
08/14/2021,FRG,NY,AEA,EN,Towers with Radar,0,26,29,0,55,0,17,290,0,307,0,43,319,0,362,376,0,376,738
08/15/2021,FRG,NY,AEA,EN,Towers with Radar,0,31,61,0,92,0,35,495,0,530,0,66,556,0,622,231,0,231,853
08/16/2021,FRG,NY,AEA,EN,Towers with Radar,0,30,35,3,68,0,78,304,5,387,0,108,339,8,455,482,0,482,937
08/17/2021,FRG,NY,AEA,EN,Towers with Radar,0,33,33,0,66,0,41,320,2,363,0,74,353,2,429,466,0,466,895
08/18/2021,FRG,NY,AEA,EN,Towers with Radar,0,29,57,0,86,0,25,174,2,201,0,54,231,2,287,352,0,352,639
08/19/2021,FRG,NY,AEA,EN,Towers with Radar,0,23,38,0,61,0,20,134,3,157,0,43,172,3,218,152,0,152,370
08/20/2021,FRG,NY,AEA,EN,Towers with Radar,0,30,44,0,74,0,29,327,3,359,0,59,371,3,433,438,0,438,871
08/21/2021,FRG,NY,AEA,EN,Towers with Radar,0,46,64,0,110,0,28,177,0,205,0,74,241,0,315,228,0,228,543
08/22/2021,FRG,NY,AEA,EN,Towers with Radar,0,7,2,0,9,0,2,3,0,5,0,9,5,0,14,0,0,0,14
08/23/2021,FRG,NY,AEA,EN,Towers with Radar,0,33,49,0,82,0,2,26,0,28,0,35,75,0,110,68,0,68,178
08/24/2021,FRG,NY,AEA,EN,Towers with Radar,0,21,38,0,59,0,48,412,4,464,0,69,450,4,523,607,0,607,1130
08/25/2021,FRG,NY,AEA,EN,Towers with Radar,0,23,56,2,81,0,51,445,2,498,0,74,501,4,579,532,0,532,1111
08/26/2021,FRG,NY,AEA,EN,Towers with Radar,0,23,47,0,70,0,62,346,4,412,0,85,393,4,482,562,0,562,1044
08/27/2021,FRG,NY,AEA,EN,Towers with Radar,1,44,47,0,92,0,44,307,4,355,1,88,354,4,447,362,0,362,809
08/28/2021,FRG,NY,AEA,EN,Towers with Radar,0,25,47,0,72,0,5,74,0,79,0,30,121,0,151,68,0,68,219
08/29/2021,FRG,NY,AEA,EN,Towers with Radar,0,44,84,0,128,0,10,89,0,99,0,54,173,0,227,286,0,286,513
08/30/2021,FRG,NY,AEA,EN,Towers with Radar,0,12,39,0,51,0,12,93,4,109,0,24,132,4,160,192,0,192,352
08/31/2021,FRG,NY,AEA,EN,Towers with Radar,2,25,36,0,63,0,74,444,4,522,2,99,480,4,585,520,0,520,1105
09/01/2021,FRG,NY,AEA,EN,Towers with Radar,0,11,23,0,34,0,2,34,0,36,0,13,57,0,70,146,0,146,216
09/02/2021,FRG,NY,AEA,EN,Towers with Radar,0,24,57,0,81,0,42,151,4,197,0,66,208,4,278,234,0,234,512
09/03/2021,FRG,NY,AEA,EN,Towers with Radar,0,34,64,0,98,0,82,430,3,515,0,116,494,3,613,426,0,426,1039
09/04/2021,FRG,NY,AEA,EN,Towers with Radar,1,21,24,0,46,0,48,438,0,486,1,69,462,0,532,318,0,318,850
09/05/2021,FRG,NY,AEA,EN,Towers with Radar,0,17,48,0,65,0,19,188,0,207,0,36,236,0,272,298,0,298,570
09/06/2021,FRG,NY,AEA,EN,Towers with Radar,0,21,61,0,82,0,24,277,0,301,0,45,338,0,383,256,0,256,639
09/07/2021,FRG,NY,AEA,EN,Towers with Radar,0,13,54,0,67,0,27,232,6,265,0,40,286,6,332,282,0,282,614
09/08/2021,FRG,NY,AEA,EN,Towers with Radar,0,14,54,0,68,0,43,263,0,306,0,57,317,0,374,148,0,148,522
09/09/2021,FRG,NY,AEA,EN,Towers with Radar,1,22,32,0,55,0,3,20,0,23,1,25,52,0,78,16,0,16,94
09/10/2021,FRG,NY,AEA,EN,Towers with Radar,1,34,42,0,77,0,76,312,1,389,1,110,354,1,466,348,0,348,814
09/11/2021,FRG,NY,AEA,EN,Towers with Radar,0,24,39,0,63,0,58,381,1,440,0,82,420,1,503,250,0,250,753
09/12/2021,FRG,NY,AEA,EN,Towers with Radar,0,31,44,0,75,0,35,308,0,343,0,66,352,0,418,304,0,304,722
09/13/2021,FRG,NY,AEA,EN,Towers with Radar,0,17,44,0,61,0,42,368,2,412,0,59,412,2,473,472,0,472,945
09/14/2021,FRG,NY,AEA,EN,Towers with Radar,0,26,31,0,57,0,70,318,5,393,0,96,349,5,450,556,0,556,1006
09/15/2021,FRG,NY,AEA,EN,Towers with Radar,0,21,36,0,57,0,25,192,3,220,0,46,228,3,277,292,0,292,569
09/16/2021,FRG,NY,AEA,EN,Towers with Radar,1,34,42,2,79,0,15,115,6,136,1,49,157,8,215,290,0,290,505
09/17/2021,FRG,NY,AEA,EN,Towers with Radar,0,32,50,0,82,0,6,19,0,25,0,38,69,0,107,0,0,0,107
09/18/2021,FRG,NY,AEA,EN,Towers with Radar,0,23,55,0,78,0,53,299,11,363,0,76,354,11,441,416,0,416,857
09/19/2021,FRG,NY,AEA,EN,Towers with Radar,0,36,54,0,90,0,33,441,13,487,0,69,495,13,577,330,0,330,907
09/20/2021,FRG,NY,AEA,EN,Towers with Radar,0,21,35,0,56,0,75,300,19,394,0,96,335,19,450,366,0,366,816
09/21/2021,FRG,NY,AEA,EN,Towers with Radar,0,32,49,2,83,0,40,285,21,346,0,72,334,23,429,180,0,180,609
09/22/2021,FRG,NY,AEA,EN,Towers with Radar,1,24,55,1,81,0,26,77,18,121,1,50,132,19,202,98,0,98,300
09/23/2021,FRG,NY,AEA,EN,Towers with Radar,0,28,46,1,75,0,7,85,3,95,0,35,131,4,170,102,0,102,272
09/24/2021,FRG,NY,AEA,EN,Towers with Radar,0,41,48,0,89,0,56,232,27,315,0,97,280,27,404,510,0,510,914
09/25/2021,FRG,NY,AEA,EN,Towers with Radar,0,31,32,0,63,0,76,462,6,544,0,107,494,6,607,448,0,448,1055
09/26/2021,FRG,NY,AEA,EN,Towers with Radar,0,42,37,0,79,0,35,370,2,407,0,77,407,2,486,368,0,368,854
09/27/2021,FRG,NY,AEA,EN,Towers with Radar,0,30,33,0,63,0,55,309,3,367,0,85,342,3,430,400,0,400,830
09/28/2021,FRG,NY,AEA,EN,Towers with Radar,1,24,25,0,50,0,10,113,0,123,1,34,138,0,173,354,0,354,527
09/29/2021,FRG,NY,AEA,EN,Towers with Radar,1,14,29,0,44,0,58,344,1,403,1,72,373,1,447,450,0,450,897
09/30/2021,FRG,NY,AEA,EN,Towers with Radar,0,31,60,0,91,0,52,355,4,411,0,83,415,4,502,422,0,422,924
10/01/2021,FRG,NY,AEA,EN,Towers with Radar,0,37,28,0,65,0,70,402,3,475,0,107,430,3,540,536,0,536,1076
10/02/2021,FRG,NY,AEA,EN,Towers with Radar,1,16,35,0,52,0,50,429,0,479,1,66,464,0,531,490,0,490,1021
10/03/2021,FRG,NY,AEA,EN,Towers with Radar,0,53,49,0,102,0,24,343,0,367,0,77,392,0,469,276,0,276,745
10/04/2021,FRG,NY,AEA,EN,Towers with Radar,0,26,36,0,62,0,0,2,0,2,0,26,38,0,64,0,0,0,64
10/05/2021,FRG,NY,AEA,EN,Towers with Radar,0,29,52,0,81,0,3,35,1,39,0,32,87,1,120,144,0,144,264
10/06/2021,FRG,NY,AEA,EN,Towers with Radar,0,24,50,0,74,0,60,341,0,401,0,84,391,0,475,629,0,629,1104
10/07/2021,FRG,NY,AEA,EN,Towers with Radar,0,33,62,0,95,0,76,384,0,460,0,109,446,0,555,548,0,548,1103
10/08/2021,FRG,NY,AEA,EN,Towers with Radar,0,39,55,0,94,0,36,308,1,345,0,75,363,1,439,500,0,500,939
10/09/2021,FRG,NY,AEA,EN,Towers with Radar,0,25,43,0,68,0,9,162,0,171,0,34,205,0,239,374,0,374,613
10/10/2021,FRG,NY,AEA,EN,Towers with Radar,0,39,56,0,95,0,0,4,0,4,0,39,60,0,99,22,0,22,121
10/11/2021,FRG,NY,AEA,EN,Towers with Radar,0,26,66,0,92,0,28,192,0,220,0,54,258,0,312,232,0,232,544
10/12/2021,FRG,NY,AEA,EN,Towers with Radar,1,21,59,0,81,0,16,205,1,222,1,37,264,1,303,354,0,354,657
10/13/2021,FRG,NY,AEA,EN,Towers with Radar,1,41,45,0,87,0,17,178,3,198,1,58,223,3,285,512,0,512,797
10/14/2021,FRG,NY,AEA,EN,Towers with Radar,0,36,38,0,74,0,60,443,2,505,0,96,481,2,579,512,0,512,1091
10/15/2021,FRG,NY,AEA,EN,Towers with Radar,0,43,61,0,104,0,63,407,0,470,0,106,468,0,574,442,0,442,1016
10/16/2021,FRG,NY,AEA,EN,Towers with Radar,0,32,32,2,66,0,16,133,0,149,0,48,165,2,215,152,0,152,367
10/17/2021,FRG,NY,AEA,EN,Towers with Radar,0,37,46,0,83,0,27,394,0,421,0,64,440,0,504,288,0,288,792
10/18/2021,FRG,NY,AEA,EN,Towers with Radar,0,36,33,2,71,0,46,213,0,259,0,82,246,2,330,374,0,374,704
10/19/2021,FRG,NY,AEA,EN,Towers with Radar,0,16,55,0,71,0,25,280,1,306,0,41,335,1,377,350,0,350,727
10/20/2021,FRG,NY,AEA,EN,Towers with Radar,0,27,40,0,67,0,70,423,1,494,0,97,463,1,561,428,0,428,989
10/21/2021,FRG,NY,AEA,EN,Towers with Radar,0,26,48,0,74,0,95,365,2,462,0,121,413,2,536,545,0,545,1081
10/22/2021,FRG,NY,AEA,EN,Towers with Radar,0,35,39,0,74,0,73,327,1,401,0,108,366,1,475,502,0,502,977
10/23/2021,FRG,NY,AEA,EN,Towers with Radar,0,24,29,0,53,0,49,316,0,365,0,73,345,0,418,490,0,490,908
10/24/2021,FRG,NY,AEA,EN,Towers with Radar,0,43,49,0,92,0,33,400,0,433,0,76,449,0,525,338,0,338,863
10/25/2021,FRG,NY,AEA,EN,Towers with Radar,0,26,27,0,53,0,35,187,2,224,0,61,214,2,277,328,0,328,605
10/26/2021,FRG,NY,AEA,EN,Towers with Radar,0,19,12,0,31,0,0,3,0,3,0,19,15,0,34,0,0,0,34
10/27/2021,FRG,NY,AEA,EN,Towers with Radar,0,19,17,0,36,0,2,29,0,31,0,21,46,0,67,6,0,6,73
10/28/2021,FRG,NY,AEA,EN,Towers with Radar,1,36,56,0,93,0,35,365,3,403,1,71,421,3,496,890,0,890,1386
10/29/2021,FRG,NY,AEA,EN,Towers with Radar,1,27,36,0,64,0,43,169,2,214,1,70,205,2,278,362,0,362,640
10/30/2021,FRG,NY,AEA,EN,Towers with Radar,2,23,31,0,56,0,2,19,0,21,2,25,50,0,77,86,0,86,163
10/31/2021,FRG,NY,AEA,EN,Towers with Radar,0,28,46,0,74,0,22,289,1,312,0,50,335,1,386,252,0,252,638
11/01/2021,FRG,NY,AEA,EN,Towers with Radar,0,25,38,0,63,0,86,349,1,436,0,111,387,1,499,488,0,488,987
11/02/2021,FRG,NY,AEA,EN,Towers with Radar,0,16,38,0,54,0,65,347,0,412,0,81,385,0,466,472,0,472,938
11/03/2021,FRG,NY,AEA,EN,Towers with Radar,2,29,44,0,75,0,68,394,5,467,2,97,438,5,542,654,0,654,1196
11/04/2021,FRG,NY,AEA,EN,Towers with Radar,0,33,33,0,66,0,53,406,9,468,0,86,439,9,534,486,0,486,1020
11/05/2021,FRG,NY,AEA,EN,Towers with Radar,0,27,32,0,59,0,52,439,1,492,0,79,471,1,551,422,0,422,973
11/06/2021,FRG,NY,AEA,EN,Towers with Radar,0,16,32,0,48,0,39,504,0,543,0,55,536,0,591,416,0,416,1007
11/07/2021,FRG,NY,AEA,EN,Towers with Radar,0,45,51,0,96,0,30,397,2,429,0,75,448,2,525,404,0,404,929
11/08/2021,FRG,NY,AEA,EN,Towers with Radar,0,23,24,0,47,0,81,289,3,373,0,104,313,3,420,430,0,430,850
11/09/2021,FRG,NY,AEA,EN,Towers with Radar,0,23,36,0,59,0,50,346,3,399,0,73,382,3,458,490,0,490,948
11/10/2021,FRG,NY,AEA,EN,Towers with Radar,0,44,29,0,73,0,82,285,2,369,0,126,314,2,442,492,0,492,934
11/11/2021,FRG,NY,AEA,EN,Towers with Radar,1,35,60,0,96,0,50,404,0,454,1,85,464,0,550,531,0,531,1081
11/12/2021,FRG,NY,AEA,EN,Towers with Radar,0,28,30,0,58,0,0,26,0,26,0,28,56,0,84,74,0,74,158
11/13/2021,FRG,NY,AEA,EN,Towers with Radar,0,21,30,0,51,0,17,211,0,228,0,38,241,0,279,282,0,282,561
11/14/2021,FRG,NY,AEA,EN,Towers with Radar,1,42,66,0,109,0,27,375,0,402,1,69,441,0,511,298,0,298,809
11/15/2021,FRG,NY,AEA,EN,Towers with Radar,0,30,30,0,60,0,23,147,0,170,0,53,177,0,230,326,0,326,556
11/16/2021,FRG,NY,AEA,EN,Towers with Radar,2,17,30,0,49,0,37,320,1,358,2,54,350,1,407,472,0,472,879
11/17/2021,FRG,NY,AEA,EN,Towers with Radar,0,25,36,0,61,0,73,348,4,425,0,98,384,4,486,540,0,540,1026
11/18/2021,FRG,NY,AEA,EN,Towers with Radar,0,35,36,0,71,0,68,280,5,353,0,103,316,5,424,652,0,652,1076
11/19/2021,FRG,NY,AEA,EN,Towers with Radar,1,21,31,0,53,0,40,235,2,277,1,61,266,2,330,264,3,267,597
11/20/2021,FRG,NY,AEA,EN,Towers with Radar,1,38,39,0,78,0,33,414,0,447,1,71,453,0,525,384,0,384,909
11/21/2021,FRG,NY,AEA,EN,Towers with Radar,1,44,42,0,87,0,37,327,0,364,1,81,369,0,451,412,0,412,863
11/22/2021,FRG,NY,AEA,EN,Towers with Radar,0,17,29,0,46,0,13,175,2,190,0,30,204,2,236,332,0,332,568
11/23/2021,FRG,NY,AEA,EN,Towers with Radar,0,42,65,0,107,0,39,212,7,258,0,81,277,7,365,317,0,317,682
11/24/2021,FRG,NY,AEA,EN,Towers with Radar,0,24,64,0,88,0,83,294,3,380,0,107,358,3,468,410,0,410,878
11/25/2021,FRG,NY,AEA,EN,Towers with Radar,1,18,18,0,37,0,17,84,0,101,1,35,102,0,138,220,0,220,358
11/26/2021,FRG,NY,AEA,EN,Towers with Radar,0,23,19,0,42,0,4,38,0,42,0,27,57,0,84,64,0,64,148
11/27/2021,FRG,NY,AEA,EN,Towers with Radar,0,30,47,0,77,0,13,142,0,155,0,43,189,0,232,44,0,44,276
11/28/2021,FRG,NY,AEA,EN,Towers with Radar,2,62,83,0,147,0,13,130,0,143,2,75,213,0,290,194,0,194,484
11/29/2021,FRG,NY,AEA,EN,Towers with Radar,0,32,46,1,79,0,52,245,6,303,0,84,291,7,382,405,0,405,787
11/30/2021,FRG,NY,AEA,EN,Towers with Radar,0,26,44,0,70,0,28,217,2,247,0,54,261,2,317,462,0,462,779
12/01/2021,FRG,NY,AEA,EN,Towers with Radar,0,27,44,0,71,0,81,263,2,346,0,108,307,2,417,450,0,450,867
12/02/2021,FRG,NY,AEA,EN,Towers with Radar,0,24,41,0,65,0,65,200,2,267,0,89,241,2,332,314,0,314,646
12/03/2021,FRG,NY,AEA,EN,Towers with Radar,1,23,35,0,59,0,16,147,2,165,1,39,182,2,224,126,0,126,350
12/04/2021,FRG,NY,AEA,EN,Towers with Radar,0,26,29,0,55,0,83,358,0,441,0,109,387,0,496,366,0,366,862
12/05/2021,FRG,NY,AEA,EN,Towers with Radar,0,35,51,0,86,0,40,299,2,341,0,75,350,2,427,456,0,456,883
12/06/2021,FRG,NY,AEA,EN,Towers with Radar,1,29,31,2,63,0,7,8,0,15,1,36,39,2,78,0,0,0,78
12/07/2021,FRG,NY,AEA,EN,Towers with Radar,0,19,36,0,55,0,85,304,4,393,0,104,340,4,448,456,0,456,904
12/08/2021,FRG,NY,AEA,EN,Towers with Radar,0,22,29,0,51,0,23,94,6,123,0,45,123,6,174,356,0,356,530
12/09/2021,FRG,NY,AEA,EN,Towers with Radar,0,21,25,0,46,0,81,268,7,356,0,102,293,7,402,626,0,626,1028
12/10/2021,FRG,NY,AEA,EN,Towers with Radar,0,30,32,0,62,0,76,297,4,377,0,106,329,4,439,506,0,506,945
12/11/2021,FRG,NY,AEA,EN,Towers with Radar,0,18,9,0,27,0,0,0,0,0,0,18,9,0,27,0,0,0,27
12/12/2021,FRG,NY,AEA,EN,Towers with Radar,0,34,48,0,82,0,22,245,1,268,0,56,293,1,350,229,0,229,579
12/13/2021,FRG,NY,AEA,EN,Towers with Radar,1,28,35,0,64,0,58,220,3,281,1,86,255,3,345,288,1,289,634
12/14/2021,FRG,NY,AEA,EN,Towers with Radar,0,15,36,0,51,0,40,331,0,371,0,55,367,0,422,448,0,448,870
12/15/2021,FRG,NY,AEA,EN,Towers with Radar,0,22,53,0,75,0,45,303,2,350,0,67,356,2,425,416,0,416,841
12/16/2021,FRG,NY,AEA,EN,Towers with Radar,4,40,47,0,91,0,29,258,3,290,4,69,305,3,381,318,0,318,699
12/17/2021,FRG,NY,AEA,EN,Towers with Radar,1,26,51,0,78,0,67,364,4,435,1,93,415,4,513,460,0,460,973
12/18/2021,FRG,NY,AEA,EN,Towers with Radar,0,42,32,0,74,0,0,12,0,12,0,42,44,0,86,48,0,48,134
12/19/2021,FRG,NY,AEA,EN,Towers with Radar,0,36,46,0,82,0,8,174,0,182,0,44,220,0,264,130,0,130,394
12/20/2021,FRG,NY,AEA,EN,Towers with Radar,0,23,26,2,51,0,68,293,3,364,0,91,319,5,415,430,0,430,845
12/21/2021,FRG,NY,AEA,EN,Towers with Radar,0,32,37,0,69,0,50,258,3,311,0,82,295,3,380,440,0,440,820
12/22/2021,FRG,NY,AEA,EN,Towers with Radar,0,40,39,0,79,0,9,103,0,112,0,49,142,0,191,72,0,72,263
12/23/2021,FRG,NY,AEA,EN,Towers with Radar,0,35,42,0,77,0,48,295,2,345,0,83,337,2,422,554,0,554,976
12/24/2021,FRG,NY,AEA,EN,Towers with Radar,0,27,18,0,45,0,6,70,0,76,0,33,88,0,121,258,0,258,379
12/25/2021,FRG,NY,AEA,EN,Towers with Radar,0,26,17,0,43,0,0,8,0,8,0,26,25,0,51,0,0,0,51
12/26/2021,FRG,NY,AEA,EN,Towers with Radar,0,42,53,0,95,0,27,280,0,307,0,69,333,0,402,208,0,208,610
12/27/2021,FRG,NY,AEA,EN,Towers with Radar,0,28,43,0,71,0,15,169,2,186,0,43,212,2,257,322,0,322,579
12/28/2021,FRG,NY,AEA,EN,Towers with Radar,0,23,35,0,58,0,27,216,2,245,0,50,251,2,303,360,0,360,663
12/29/2021,FRG,NY,AEA,EN,Towers with Radar,0,29,22,0,51,0,1,0,0,1,0,30,22,0,52,0,0,0,52
12/30/2021,FRG,NY,AEA,EN,Towers with Radar,1,26,32,1,60,0,3,6,0,9,1,29,38,1,69,0,0,0,69
12/31/2021,FRG,NY,AEA,EN,Towers with Radar,0,29,29,0,58,0,5,13,0,18,0,34,42,0,76,40,0,40,116
01/01/2022,FRG,NY,AEA,EN,Towers with Radar,0,19,20,0,39,0,0,0,0,0,0,19,20,0,39,0,0,0,39
01/02/2022,FRG,NY,AEA,EN,Towers with Radar,0,47,55,0,102,0,1,20,0,21,0,48,75,0,123,32,0,32,155
01/03/2022,FRG,NY,AEA,EN,Towers with Radar,0,37,34,0,71,0,10,36,3,49,0,47,70,3,120,44,0,44,164
01/04/2022,FRG,NY,AEA,EN,Towers with Radar,0,27,35,0,62,0,48,233,2,283,0,75,268,2,345,380,0,380,725
01/05/2022,FRG,NY,AEA,EN,Towers with Radar,0,23,19,0,42,0,2,6,0,8,0,25,25,0,50,0,0,0,50
01/06/2022,FRG,NY,AEA,EN,Towers with Radar,0,25,36,0,61,0,62,266,9,337,0,87,302,9,398,368,0,368,766
01/07/2022,FRG,NY,AEA,EN,Towers with Radar,0,18,21,0,39,0,2,20,0,22,0,20,41,0,61,12,0,12,73
01/08/2022,FRG,NY,AEA,EN,Towers with Radar,0,19,42,0,61,0,11,227,0,238,0,30,269,0,299,390,0,390,689
01/09/2022,FRG,NY,AEA,EN,Towers with Radar,0,35,30,0,65,0,2,55,0,57,0,37,85,0,122,52,0,52,174
01/10/2022,FRG,NY,AEA,EN,Towers with Radar,0,20,25,0,45,0,40,156,2,198,0,60,181,2,243,238,0,238,481
01/11/2022,FRG,NY,AEA,EN,Towers with Radar,0,17,17,0,34,0,34,149,0,183,0,51,166,0,217,408,0,408,625
01/12/2022,FRG,NY,AEA,EN,Towers with Radar,0,26,18,0,44,0,28,85,7,120,0,54,103,7,164,118,0,118,282
01/13/2022,FRG,NY,AEA,EN,Towers with Radar,0,35,44,2,81,0,74,412,2,488,0,109,456,4,569,518,0,518,1087
01/14/2022,FRG,NY,AEA,EN,Towers with Radar,0,33,34,0,67,0,9,104,3,116,0,42,138,3,183,210,0,210,393
01/15/2022,FRG,NY,AEA,EN,Towers with Radar,0,20,20,0,40,0,10,104,0,114,0,30,124,0,154,196,0,196,350
01/16/2022,FRG,NY,AEA,EN,Towers with Radar,4,27,31,1,63,0,15,117,0,132,4,42,148,1,195,324,0,324,519
01/17/2022,FRG,NY,AEA,EN,Towers with Radar,1,27,22,0,50,0,4,16,0,20,1,31,38,0,70,10,0,10,80
01/18/2022,FRG,NY,AEA,EN,Towers with Radar,2,9,30,0,41,0,11,73,5,89,2,20,103,5,130,58,0,58,188
01/19/2022,FRG,NY,AEA,EN,Towers with Radar,0,14,38,0,52,0,29,125,1,155,0,43,163,1,207,244,0,244,451
01/20/2022,FRG,NY,AEA,EN,Towers with Radar,1,24,23,0,48,0,6,34,2,42,1,30,57,2,90,80,0,80,170
01/21/2022,FRG,NY,AEA,EN,Towers with Radar,0,22,28,2,52,0,45,182,5,232,0,67,210,7,284,398,0,398,682
01/22/2022,FRG,NY,AEA,EN,Towers with Radar,0,10,33,0,43,0,24,298,2,324,0,34,331,2,367,324,0,324,691
01/23/2022,FRG,NY,AEA,EN,Towers with Radar,0,24,45,0,69,0,33,325,1,359,0,57,370,1,428,336,8,344,772
01/24/2022,FRG,NY,AEA,EN,Towers with Radar,0,15,20,1,36,0,24,182,0,206,0,39,202,1,242,338,0,338,580
01/25/2022,FRG,NY,AEA,EN,Towers with Radar,0,15,26,0,41,0,55,269,1,325,0,70,295,1,366,558,0,558,924
01/26/2022,FRG,NY,AEA,EN,Towers with Radar,0,26,42,0,68,0,68,237,1,306,0,94,279,1,374,414,0,414,788
01/27/2022,FRG,NY,AEA,EN,Towers with Radar,0,32,34,0,66,0,66,243,5,314,0,98,277,5,380,436,0,436,816
01/28/2022,FRG,NY,AEA,EN,Towers with Radar,0,27,34,0,61,0,11,56,1,68,0,38,90,1,129,172,0,172,301
01/29/2022,FRG,NY,AEA,EN,Towers with Radar,0,0,0,0,0,0,0,0,0,0,0,0,0,0,0,0,0,0,0
01/30/2022,FRG,NY,AEA,EN,Towers with Radar,0,27,21,0,48,0,5,35,0,40,0,32,56,0,88,0,0,0,88
01/31/2022,FRG,NY,AEA,EN,Towers with Radar,0,25,26,0,51,0,25,102,4,131,0,50,128,4,182,244,0,244,426
02/01/2022,FRG,NY,AEA,EN,Towers with Radar,0,18,50,1,69,0,46,183,2,231,0,64,233,3,300,330,0,330,630
02/02/2022,FRG,NY,AEA,EN,Towers with Radar,0,31,36,0,67,0,42,139,2,183,0,73,175,2,250,484,0,484,734
02/03/2022,FRG,NY,AEA,EN,Towers with Radar,0,13,17,0,30,0,0,2,0,2,0,13,19,0,32,0,0,0,32
02/04/2022,FRG,NY,AEA,EN,Towers with Radar,0,18,26,0,44,0,0,6,0,6,0,18,32,0,50,0,0,0,50
02/05/2022,FRG,NY,AEA,EN,Towers with Radar,3,10,17,0,30,0,13,121,0,134,3,23,138,0,164,190,0,190,354
02/06/2022,FRG,NY,AEA,EN,Towers with Radar,1,31,40,0,72,0,37,348,0,385,1,68,388,0,457,350,0,350,807
02/07/2022,FRG,NY,AEA,EN,Towers with Radar,2,18,32,0,52,0,0,0,0,0,2,18,32,0,52,0,0,0,52
02/08/2022,FRG,NY,AEA,EN,Towers with Radar,0,17,43,0,60,0,35,172,7,214,0,52,215,7,274,268,0,268,542
02/09/2022,FRG,NY,AEA,EN,Towers with Radar,0,24,32,0,56,0,96,340,3,439,0,120,372,3,495,522,0,522,1017
02/10/2022,FRG,NY,AEA,EN,Towers with Radar,1,27,37,0,65,0,42,227,12,281,1,69,264,12,346,336,0,336,682
02/11/2022,FRG,NY,AEA,EN,Towers with Radar,0,26,32,0,58,0,79,270,3,352,0,105,302,3,410,460,0,460,870
02/12/2022,FRG,NY,AEA,EN,Towers with Radar,0,18,30,0,48,0,57,320,0,377,0,75,350,0,425,412,0,412,837
02/13/2022,FRG,NY,AEA,EN,Towers with Radar,0,27,20,0,47,0,0,0,0,0,0,27,20,0,47,0,0,0,47
02/14/2022,FRG,NY,AEA,EN,Towers with Radar,0,24,23,0,47,0,6,57,3,66,0,30,80,3,113,34,0,34,147
02/15/2022,FRG,NY,AEA,EN,Towers with Radar,2,25,58,1,86,0,58,255,5,318,2,83,313,6,404,332,0,332,736
02/16/2022,FRG,NY,AEA,EN,Towers with Radar,0,25,35,2,62,0,62,263,3,328,0,87,298,5,390,406,0,406,796
02/17/2022,FRG,NY,AEA,EN,Towers with Radar,1,28,38,0,67,0,16,69,2,87,1,44,107,2,154,74,0,74,228
02/18/2022,FRG,NY,AEA,EN,Towers with Radar,0,55,46,0,101,0,4,20,0,24,0,59,66,0,125,12,0,12,137
02/19/2022,FRG,NY,AEA,EN,Towers with Radar,1,48,36,0,85,0,29,65,0,94,1,77,101,0,179,74,0,74,253
02/20/2022,FRG,NY,AEA,EN,Towers with Radar,2,28,46,0,76,0,41,411,0,452,2,69,457,0,528,276,0,276,804
02/21/2022,FRG,NY,AEA,EN,Towers with Radar,0,32,61,0,93,0,96,461,1,558,0,128,522,1,651,320,0,320,971
02/22/2022,FRG,NY,AEA,EN,Towers with Radar,0,44,27,0,71,0,1,16,0,17,0,45,43,0,88,30,0,30,118
02/23/2022,FRG,NY,AEA,EN,Towers with Radar,0,41,44,0,85,0,24,165,3,192,0,65,209,3,277,210,0,210,487
02/24/2022,FRG,NY,AEA,EN,Towers with Radar,0,31,38,1,70,0,84,205,2,291,0,115,243,3,361,438,0,438,799
02/25/2022,FRG,NY,AEA,EN,Towers with Radar,2,36,22,0,60,0,6,14,0,20,2,42,36,0,80,10,0,10,90
02/26/2022,FRG,NY,AEA,EN,Towers with Radar,1,55,44,0,100,0,66,356,0,422,1,121,400,0,522,448,0,448,970
02/27/2022,FRG,NY,AEA,EN,Towers with Radar,0,58,51,0,109,0,23,133,0,156,0,81,184,0,265,100,0,100,365
02/28/2022,FRG,NY,AEA,EN,Towers with Radar,0,42,47,0,89,0,60,243,4,307,0,102,290,4,396,380,0,380,776
03/01/2022,FRG,NY,AEA,EN,Towers with Radar,0,22,34,0,56,0,63,248,0,311,0,85,282,0,367,516,0,516,883
03/02/2022,FRG,NY,AEA,EN,Towers with Radar,2,25,46,0,73,0,79,352,1,432,2,104,398,1,505,516,0,516,1021
03/03/2022,FRG,NY,AEA,EN,Towers with Radar,0,31,30,0,61,0,54,180,1,235,0,85,210,1,296,240,4,244,540
03/04/2022,FRG,NY,AEA,EN,Towers with Radar,2,38,31,0,71,0,66,306,1,373,2,104,337,1,444,450,0,450,894
03/05/2022,FRG,NY,AEA,EN,Towers with Radar,0,18,33,0,51,0,59,376,0,435,0,77,409,0,486,564,0,564,1050
03/06/2022,FRG,NY,AEA,EN,Towers with Radar,2,32,43,0,77,0,4,18,0,22,2,36,61,0,99,22,0,22,121
03/07/2022,FRG,NY,AEA,EN,Towers with Radar,1,27,22,0,50,0,24,94,2,120,1,51,116,2,170,256,0,256,426
03/08/2022,FRG,NY,AEA,EN,Towers with Radar,1,21,26,0,48,0,10,128,2,140,1,31,154,2,188,212,0,212,400
03/09/2022,FRG,NY,AEA,EN,Towers with Radar,1,30,20,0,51,0,0,2,0,2,1,30,22,0,53,0,0,0,53
03/10/2022,FRG,NY,AEA,EN,Towers with Radar,2,20,39,0,61,0,65,230,2,297,2,85,269,2,358,428,0,428,786
03/11/2022,FRG,NY,AEA,EN,Towers with Radar,1,33,48,0,82,0,77,312,0,389,1,110,360,0,471,562,0,562,1033
03/12/2022,FRG,NY,AEA,EN,Towers with Radar,0,25,19,0,44,0,0,0,0,0,0,25,19,0,44,4,0,4,48
03/13/2022,FRG,NY,AEA,EN,Towers with Radar,1,35,42,0,78,0,15,120,0,135,1,50,162,0,213,112,0,112,325
03/14/2022,FRG,NY,AEA,EN,Towers with Radar,1,27,29,0,57,0,61,347,0,408,1,88,376,0,465,408,0,408,873
03/15/2022,FRG,NY,AEA,EN,Towers with Radar,0,17,40,0,57,0,76,358,4,438,0,93,398,4,495,558,0,558,1053
03/16/2022,FRG,NY,AEA,EN,Towers with Radar,0,32,29,0,61,0,112,289,3,404,0,144,318,3,465,514,0,514,979
03/17/2022,FRG,NY,AEA,EN,Towers with Radar,0,25,21,0,46,0,0,2,0,2,0,25,23,0,48,6,0,6,54
03/18/2022,FRG,NY,AEA,EN,Towers with Radar,2,45,39,2,88,0,41,234,0,275,2,86,273,2,363,382,0,382,745
03/19/2022,FRG,NY,AEA,EN,Towers with Radar,2,22,35,0,59,0,0,9,0,9,2,22,44,0,68,50,0,50,118
03/20/2022,FRG,NY,AEA,EN,Towers with Radar,2,32,50,0,84,0,27,320,0,347,2,59,370,0,431,436,0,436,867
03/21/2022,FRG,NY,AEA,EN,Towers with Radar,0,20,17,2,39,0,59,304,0,363,0,79,321,2,402,326,0,326,728
03/22/2022,FRG,NY,AEA,EN,Towers with Radar,0,24,45,0,69,0,57,249,0,306,0,81,294,0,375,574,0,574,949
03/23/2022,FRG,NY,AEA,EN,Towers with Radar,0,22,36,0,58,0,66,217,0,283,0,88,253,0,341,538,12,550,891
03/24/2022,FRG,NY,AEA,EN,Towers with Radar,0,27,18,0,45,0,1,0,0,1,0,28,18,0,46,0,0,0,46
03/25/2022,FRG,NY,AEA,EN,Towers with Radar,1,30,52,0,83,0,70,255,2,327,1,100,307,2,410,443,0,443,853
03/26/2022,FRG,NY,AEA,EN,Towers with Radar,2,22,30,0,54,0,38,109,0,147,2,60,139,0,201,388,0,388,589
03/27/2022,FRG,NY,AEA,EN,Towers with Radar,1,30,42,0,73,0,5,153,0,158,1,35,195,0,231,184,0,184,415
03/28/2022,FRG,NY,AEA,EN,Towers with Radar,1,23,33,0,57,0,6,28,8,42,1,29,61,8,99,0,0,0,99
03/29/2022,FRG,NY,AEA,EN,Towers with Radar,0,27,37,0,64,0,57,205,4,266,0,84,242,4,330,216,0,216,546
03/30/2022,FRG,NY,AEA,EN,Towers with Radar,1,38,28,0,67,0,62,340,2,404,1,100,368,2,471,536,0,536,1007
03/31/2022,FRG,NY,AEA,EN,Towers with Radar,0,22,33,0,55,0,0,0,0,0,0,22,33,0,55,0,0,0,55
04/01/2022,FRG,NY,AEA,EN,Towers with Radar,0,21,27,0,48,0,15,66,2,83,0,36,93,2,131,256,0,256,387
04/02/2022,FRG,NY,AEA,EN,Towers with Radar,0,20,39,0,59,0,60,442,0,502,0,80,481,0,561,380,0,380,941
04/03/2022,FRG,NY,AEA,EN,Towers with Radar,0,20,50,0,70,0,5,26,0,31,0,25,76,0,101,142,0,142,243
04/04/2022,FRG,NY,AEA,EN,Towers with Radar,1,26,39,0,66,0,57,372,4,433,1,83,411,4,499,482,0,482,981
04/05/2022,FRG,NY,AEA,EN,Towers with Radar,0,22,33,0,55,0,52,255,2,309,0,74,288,2,364,444,0,444,808
04/06/2022,FRG,NY,AEA,EN,Towers with Radar,0,17,25,0,42,0,0,1,0,1,0,17,26,0,43,0,0,0,43
04/07/2022,FRG,NY,AEA,EN,Towers with Radar,0,36,37,0,73,0,0,1,0,1,0,36,38,0,74,0,0,0,74
04/08/2022,FRG,NY,AEA,EN,Towers with Radar,0,40,55,0,95,0,42,302,0,344,0,82,357,0,439,404,0,404,843
04/09/2022,FRG,NY,AEA,EN,Towers with Radar,0,30,40,0,70,0,46,136,0,182,0,76,176,0,252,332,0,332,584
04/10/2022,FRG,NY,AEA,EN,Towers with Radar,0,21,45,0,66,0,29,239,0,268,0,50,284,0,334,278,0,278,612
04/11/2022,FRG,NY,AEA,EN,Towers with Radar,1,26,47,2,76,0,92,396,3,491,1,118,443,5,567,547,0,547,1114
04/12/2022,FRG,NY,AEA,EN,Towers with Radar,0,23,34,0,57,0,50,269,1,320,0,73,303,1,377,518,0,518,895
04/13/2022,FRG,NY,AEA,EN,Towers with Radar,1,41,45,0,87,0,105,304,6,415,1,146,349,6,502,556,0,556,1058
04/14/2022,FRG,NY,AEA,EN,Towers with Radar,0,40,52,0,92,0,60,250,3,313,0,100,302,3,405,476,0,476,881
04/15/2022,FRG,NY,AEA,EN,Towers with Radar,0,27,51,0,78,0,74,316,0,390,0,101,367,0,468,242,0,242,710
04/16/2022,FRG,NY,AEA,EN,Towers with Radar,0,34,32,0,66,0,66,240,0,306,0,100,272,0,372,322,0,322,694
04/17/2022,FRG,NY,AEA,EN,Towers with Radar,0,27,34,0,61,0,14,138,0,152,0,41,172,0,213,168,0,168,381
04/18/2022,FRG,NY,AEA,EN,Towers with Radar,0,37,48,0,85,0,55,213,2,270,0,92,261,2,355,322,0,322,677
04/19/2022,FRG,NY,AEA,EN,Towers with Radar,0,14,25,0,39,0,4,23,2,29,0,18,48,2,68,0,0,0,68
04/20/2022,FRG,NY,AEA,EN,Towers with Radar,0,24,28,0,52,0,73,338,4,415,0,97,366,4,467,448,0,448,915
04/21/2022,FRG,NY,AEA,EN,Towers with Radar,0,41,45,2,88,0,73,333,5,411,0,114,378,7,499,468,0,468,967
04/22/2022,FRG,NY,AEA,EN,Towers with Radar,1,38,30,0,69,0,66,339,2,407,1,104,369,2,476,400,0,400,876
04/23/2022,FRG,NY,AEA,EN,Towers with Radar,2,43,52,0,97,0,81,417,0,498,2,124,469,0,595,368,0,368,963
04/24/2022,FRG,NY,AEA,EN,Towers with Radar,0,60,69,0,129,0,34,310,0,344,0,94,379,0,473,392,0,392,865
04/25/2022,FRG,NY,AEA,EN,Towers with Radar,1,32,33,0,66,0,83,303,3,389,1,115,336,3,455,556,0,556,1011
04/26/2022,FRG,NY,AEA,EN,Towers with Radar,0,24,44,0,68,0,2,15,1,18,0,26,59,1,86,27,0,27,113
04/27/2022,FRG,NY,AEA,EN,Towers with Radar,0,13,50,0,63,0,49,127,1,177,0,62,177,1,240,150,0,150,390
04/28/2022,FRG,NY,AEA,EN,Towers with Radar,0,22,25,0,47,0,19,79,4,102,0,41,104,4,149,20,0,20,169
04/29/2022,FRG,NY,AEA,EN,Towers with Radar,0,27,47,0,74,0,55,191,1,247,0,82,238,1,321,206,0,206,527
04/30/2022,FRG,NY,AEA,EN,Towers with Radar,0,15,36,0,51,0,89,358,0,447,0,104,394,0,498,312,0,312,810
05/01/2022,FRG,NY,AEA,EN,Towers with Radar,0,31,45,0,76,0,50,414,0,464,0,81,459,0,540,334,0,334,874
05/02/2022,FRG,NY,AEA,EN,Towers with Radar,0,16,33,0,49,0,0,9,0,9,0,16,42,0,58,8,0,8,66
05/03/2022,FRG,NY,AEA,EN,Towers with Radar,0,25,67,0,92,0,50,117,1,168,0,75,184,1,260,576,0,576,836
05/04/2022,FRG,NY,AEA,EN,Towers with Radar,0,18,47,0,65,0,2,26,0,28,0,20,73,0,93,8,0,8,101
05/05/2022,FRG,NY,AEA,EN,Towers with Radar,0,34,59,0,93,0,118,510,2,630,0,152,569,2,723,414,0,414,1137
05/06/2022,FRG,NY,AEA,EN,Towers with Radar,0,37,47,0,84,0,23,94,0,117,0,60,141,0,201,256,0,256,457
05/07/2022,FRG,NY,AEA,EN,Towers with Radar,0,21,12,0,33,0,0,2,0,2,0,21,14,0,35,0,0,0,35
05/08/2022,FRG,NY,AEA,EN,Towers with Radar,0,42,39,0,81,0,11,47,0,58,0,53,86,0,139,0,0,0,139
05/09/2022,FRG,NY,AEA,EN,Towers with Radar,0,27,24,0,51,0,21,87,3,111,0,48,111,3,162,42,0,42,204
05/10/2022,FRG,NY,AEA,EN,Towers with Radar,0,17,33,4,54,0,37,137,3,177,0,54,170,7,231,92,0,92,323
05/11/2022,FRG,NY,AEA,EN,Towers with Radar,0,29,38,0,67,0,50,210,6,266,0,79,248,6,333,310,0,310,643
05/12/2022,FRG,NY,AEA,EN,Towers with Radar,0,38,65,0,103,0,39,106,4,149,0,77,171,4,252,366,0,366,618
05/13/2022,FRG,NY,AEA,EN,Towers with Radar,0,38,43,0,81,0,10,21,0,31,0,48,64,0,112,52,0,52,164
05/14/2022,FRG,NY,AEA,EN,Towers with Radar,0,27,27,0,54,0,0,8,0,8,0,27,35,0,62,0,0,0,62
05/15/2022,FRG,NY,AEA,EN,Towers with Radar,0,52,64,0,116,0,57,190,0,247,0,109,254,0,363,192,0,192,555
05/16/2022,FRG,NY,AEA,EN,Towers with Radar,0,21,35,2,58,0,13,48,4,65,0,34,83,6,123,78,0,78,201
05/17/2022,FRG,NY,AEA,EN,Towers with Radar,0,12,38,0,50,0,84,391,7,482,0,96,429,7,532,350,0,350,882
05/18/2022,FRG,NY,AEA,EN,Towers with Radar,0,26,59,0,85,0,119,436,2,557,0,145,495,2,642,526,0,526,1168
05/19/2022,FRG,NY,AEA,EN,Towers with Radar,0,35,53,0,88,0,16,38,0,54,0,51,91,0,142,84,0,84,226
05/20/2022,FRG,NY,AEA,EN,Towers with Radar,0,24,52,0,76,0,25,140,2,167,0,49,192,2,243,223,0,223,466
05/21/2022,FRG,NY,AEA,EN,Towers with Radar,0,20,36,0,56,0,29,369,0,398,0,49,405,0,454,418,0,418,872
05/22/2022,FRG,NY,AEA,EN,Towers with Radar,0,33,53,0,86,0,32,372,0,404,0,65,425,0,490,452,0,452,942
05/23/2022,FRG,NY,AEA,EN,Towers with Radar,0,24,39,0,63,0,66,344,2,412,0,90,383,2,475,374,0,374,849
05/24/2022,FRG,NY,AEA,EN,Towers with Radar,0,15,43,1,59,0,48,393,3,444,0,63,436,4,503,716,0,716,1219
05/25/2022,FRG,NY,AEA,EN,Towers with Radar,0,15,46,1,62,0,64,361,0,425,0,79,407,1,487,524,0,524,1011
05/26/2022,FRG,NY,AEA,EN,Towers with Radar,0,37,53,3,93,0,53,335,12,400,0,90,388,15,493,178,18,196,689
05/27/2022,FRG,NY,AEA,EN,Towers with Radar,0,28,32,5,65,0,0,0,2,2,0,28,32,7,67,0,0,0,67
05/28/2022,FRG,NY,AEA,EN,Towers with Radar,0,5,29,5,39,0,10,67,0,77,0,15,96,5,116,90,0,90,206
05/29/2022,FRG,NY,AEA,EN,Towers with Radar,0,10,21,0,31,0,55,327,17,399,0,65,348,17,430,246,0,246,676
05/30/2022,FRG,NY,AEA,EN,Towers with Radar,0,30,44,1,75,0,50,454,12,516,0,80,498,13,591,414,0,414,1005
05/31/2022,FRG,NY,AEA,EN,Towers with Radar,0,27,33,2,62,0,76,375,10,461,0,103,408,12,523,654,0,654,1177
06/01/2022,FRG,NY,AEA,EN,Towers with Radar,0,23,40,0,63,0,11,123,6,140,0,34,163,6,203,286,0,286,489
06/02/2022,FRG,NY,AEA,EN,Towers with Radar,0,41,38,0,79,0,2,103,4,109,0,43,141,4,188,220,0,220,408
06/03/2022,FRG,NY,AEA,EN,Towers with Radar,0,39,113,0,152,0,14,140,4,158,0,53,253,4,310,272,0,272,582
06/04/2022,FRG,NY,AEA,EN,Towers with Radar,0,31,49,0,80,0,40,385,0,425,0,71,434,0,505,528,0,528,1033
06/05/2022,FRG,NY,AEA,EN,Towers with Radar,0,54,62,0,116,0,45,409,0,454,0,99,471,0,570,322,0,322,892
06/06/2022,FRG,NY,AEA,EN,Towers with Radar,0,17,15,0,32,0,55,361,3,419,0,72,376,3,451,642,0,642,1093
06/07/2022,FRG,NY,AEA,EN,Towers with Radar,0,17,26,0,43,0,43,219,2,264,0,60,245,2,307,264,0,264,571
06/08/2022,FRG,NY,AEA,EN,Towers with Radar,0,22,38,2,62,0,56,206,2,264,0,78,244,4,326,426,0,426,752
06/09/2022,FRG,NY,AEA,EN,Towers with Radar,0,19,36,0,55,0,5,96,2,103,0,24,132,2,158,148,0,148,306
06/10/2022,FRG,NY,AEA,EN,Towers with Radar,0,26,50,0,76,0,61,473,4,538,0,87,523,4,614,468,0,468,1082
06/11/2022,FRG,NY,AEA,EN,Towers with Radar,0,23,44,0,67,0,33,314,0,347,0,56,358,0,414,374,0,374,788
06/12/2022,FRG,NY,AEA,EN,Towers with Radar,18,38,67,0,123,0,10,48,0,58,18,48,115,0,181,60,0,60,241
06/13/2022,FRG,NY,AEA,EN,Towers with Radar,0,19,29,2,50,0,41,279,5,325,0,60,308,7,375,548,0,548,923
06/14/2022,FRG,NY,AEA,EN,Towers with Radar,1,17,41,0,59,0,73,416,9,498,1,90,457,9,557,602,0,602,1159
06/15/2022,FRG,NY,AEA,EN,Towers with Radar,0,24,44,0,68,0,72,409,4,485,0,96,453,4,553,430,0,430,983
06/16/2022,FRG,NY,AEA,EN,Towers with Radar,0,32,45,0,77,0,17,101,3,121,0,49,146,3,198,260,0,260,458
06/17/2022,FRG,NY,AEA,EN,Towers with Radar,0,38,49,0,87,0,14,135,2,151,0,52,184,2,238,134,0,134,372
06/18/2022,FRG,NY,AEA,EN,Towers with Radar,0,29,35,0,64,0,22,227,0,249,0,51,262,0,313,148,0,148,461
06/19/2022,FRG,NY,AEA,EN,Towers with Radar,0,46,53,0,99,0,27,238,0,265,0,73,291,0,364,238,0,238,602
06/20/2022,FRG,NY,AEA,EN,Towers with Radar,0,27,29,0,56,0,54,420,0,474,0,81,449,0,530,428,0,428,958
06/21/2022,FRG,NY,AEA,EN,Towers with Radar,0,20,38,0,58,0,68,284,2,354,0,88,322,2,412,686,0,686,1098
06/22/2022,FRG,NY,AEA,EN,Towers with Radar,0,29,71,0,100,0,4,1,1,6,0,33,72,1,106,0,0,0,106
06/23/2022,FRG,NY,AEA,EN,Towers with Radar,0,30,42,0,72,0,46,323,3,372,0,76,365,3,444,466,0,466,910
06/24/2022,FRG,NY,AEA,EN,Towers with Radar,0,26,47,0,73,0,27,298,0,325,0,53,345,0,398,438,0,438,836
06/25/2022,FRG,NY,AEA,EN,Towers with Radar,0,25,27,0,52,0,32,418,0,450,0,57,445,0,502,460,0,460,962
06/26/2022,FRG,NY,AEA,EN,Towers with Radar,0,41,33,0,74,0,22,382,0,404,0,63,415,0,478,358,0,358,836
06/27/2022,FRG,NY,AEA,EN,Towers with Radar,0,23,34,0,57,0,7,24,1,32,0,30,58,1,89,38,0,38,127
06/28/2022,FRG,NY,AEA,EN,Towers with Radar,0,15,23,0,38,0,64,365,1,430,0,79,388,1,468,530,0,530,998
06/29/2022,FRG,NY,AEA,EN,Towers with Radar,1,24,35,0,60,0,64,386,2,452,1,88,421,2,512,500,0,500,1012
06/30/2022,FRG,NY,AEA,EN,Towers with Radar,0,31,37,0,68,0,55,345,2,402,0,86,382,2,470,512,0,512,982
07/01/2022,FRG,NY,AEA,EN,Towers with Radar,0,14,41,1,56,0,59,336,2,397,0,73,377,3,453,460,0,460,913
07/02/2022,FRG,NY,AEA,EN,Towers with Radar,0,12,29,0,41,0,21,71,1,93,0,33,100,1,134,260,0,260,394
07/03/2022,FRG,NY,AEA,EN,Towers with Radar,0,15,64,0,79,0,75,292,0,367,0,90,356,0,446,288,0,288,734
07/04/2022,FRG,NY,AEA,EN,Towers with Radar,0,8,31,0,39,0,36,269,3,308,0,44,300,3,347,366,0,366,713
07/05/2022,FRG,NY,AEA,EN,Towers with Radar,0,20,33,0,53,0,37,241,4,282,0,57,274,4,335,378,0,378,713
07/06/2022,FRG,NY,AEA,EN,Towers with Radar,0,18,40,0,58,0,64,339,6,409,0,82,379,6,467,562,0,562,1029
07/07/2022,FRG,NY,AEA,EN,Towers with Radar,0,23,39,0,62,0,78,244,2,324,0,101,283,2,386,506,0,506,892
07/08/2022,FRG,NY,AEA,EN,Towers with Radar,0,16,44,0,60,0,53,305,3,361,0,69,349,3,421,476,0,476,897
07/09/2022,FRG,NY,AEA,EN,Towers with Radar,0,29,27,0,56,0,38,347,0,385,0,67,374,0,441,408,0,408,849
07/10/2022,FRG,NY,AEA,EN,Towers with Radar,0,21,32,0,53,0,64,381,0,445,0,85,413,0,498,312,0,312,810
07/11/2022,FRG,NY,AEA,EN,Towers with Radar,0,15,29,0,44,0,66,322,4,392,0,81,351,4,436,444,0,444,880
07/12/2022,FRG,NY,AEA,EN,Towers with Radar,0,10,23,0,33,0,27,149,6,182,0,37,172,6,215,252,0,252,467
07/13/2022,FRG,NY,AEA,EN,Towers with Radar,0,31,43,0,74,0,81,428,6,515,0,112,471,6,589,568,0,568,1157
07/14/2022,FRG,NY,AEA,EN,Towers with Radar,0,26,46,0,72,0,29,283,9,321,0,55,329,9,393,340,0,340,733
07/15/2022,FRG,NY,AEA,EN,Towers with Radar,0,29,43,1,73,0,72,365,2,439,0,101,408,3,512,471,0,471,983
07/16/2022,FRG,NY,AEA,EN,Towers with Radar,0,31,56,0,87,0,13,159,0,172,0,44,215,0,259,228,0,228,487
07/17/2022,FRG,NY,AEA,EN,Towers with Radar,0,25,44,0,69,0,59,295,1,355,0,84,339,1,424,346,0,346,770
07/18/2022,FRG,NY,AEA,EN,Towers with Radar,0,37,33,0,70,0,0,0,0,0,0,37,33,0,70,0,0,0,70
07/19/2022,FRG,NY,AEA,EN,Towers with Radar,0,29,46,0,75,0,72,349,4,425,0,101,395,4,500,470,0,470,970
07/20/2022,FRG,NY,AEA,EN,Towers with Radar,1,18,34,0,53,0,67,364,2,433,1,85,398,2,486,414,0,414,900
07/21/2022,FRG,NY,AEA,EN,Towers with Radar,0,25,36,0,61,0,29,251,2,282,0,54,287,2,343,374,0,374,717
07/22/2022,FRG,NY,AEA,EN,Towers with Radar,0,23,35,2,60,0,50,401,1,452,0,73,436,3,512,426,0,426,938
07/23/2022,FRG,NY,AEA,EN,Towers with Radar,0,23,32,0,55,0,47,380,0,427,0,70,412,0,482,450,0,450,932
07/24/2022,FRG,NY,AEA,EN,Towers with Radar,0,23,63,0,86,0,11,174,1,186,0,34,237,1,272,242,0,242,514
07/25/2022,FRG,NY,AEA,EN,Towers with Radar,0,24,23,0,47,0,14,57,8,79,0,38,80,8,126,88,0,88,214
07/26/2022,FRG,NY,AEA,EN,Towers with Radar,0,23,27,0,50,0,52,332,5,389,0,75,359,5,439,512,0,512,951
07/27/2022,FRG,NY,AEA,EN,Towers with Radar,0,30,42,0,72,0,67,375,6,448,0,97,417,6,520,514,0,514,1034
07/28/2022,FRG,NY,AEA,EN,Towers with Radar,0,26,58,0,84,0,34,187,6,227,0,60,245,6,311,398,0,398,709
07/29/2022,FRG,NY,AEA,EN,Towers with Radar,0,27,30,0,57,0,29,284,4,317,0,56,314,4,374,546,0,546,920
07/30/2022,FRG,NY,AEA,EN,Towers with Radar,0,21,36,0,57,0,41,377,0,418,0,62,413,0,475,314,0,314,789
07/31/2022,FRG,NY,AEA,EN,Towers with Radar,0,23,43,0,66,0,35,326,0,361,0,58,369,0,427,241,0,241,668
08/01/2022,FRG,NY,AEA,EN,Towers with Radar,0,17,70,0,87,0,2,36,1,39,0,19,106,1,126,60,0,60,186
08/02/2022,FRG,NY,AEA,EN,Towers with Radar,0,25,36,0,61,0,69,405,3,477,0,94,441,3,538,588,0,588,1126
08/03/2022,FRG,NY,AEA,EN,Towers with Radar,0,29,39,0,68,0,67,363,3,433,0,96,402,3,501,576,0,576,1077
08/04/2022,FRG,NY,AEA,EN,Towers with Radar,0,19,53,0,72,0,77,340,1,418,0,96,393,1,490,400,0,400,890
08/05/2022,FRG,NY,AEA,EN,Towers with Radar,0,24,42,0,66,0,61,304,4,369,0,85,346,4,435,414,0,414,849
08/06/2022,FRG,NY,AEA,EN,Towers with Radar,0,21,34,1,56,0,35,265,0,300,0,56,299,1,356,294,0,294,650
08/07/2022,FRG,NY,AEA,EN,Towers with Radar,0,39,44,1,84,0,32,246,0,278,0,71,290,1,362,200,0,200,562
08/08/2022,FRG,NY,AEA,EN,Towers with Radar,0,14,22,0,36,0,27,273,2,302,0,41,295,2,338,319,0,319,657
08/09/2022,FRG,NY,AEA,EN,Towers with Radar,0,17,32,0,49,0,41,237,2,280,0,58,269,2,329,438,0,438,767
08/10/2022,FRG,NY,AEA,EN,Towers with Radar,0,40,38,0,78,0,26,296,4,326,0,66,334,4,404,564,0,564,968
08/11/2022,FRG,NY,AEA,EN,Towers with Radar,0,21,48,0,69,0,50,209,0,259,0,71,257,0,328,470,0,470,798
08/12/2022,FRG,NY,AEA,EN,Towers with Radar,0,21,42,0,63,0,48,387,2,437,0,69,429,2,500,504,0,504,1004
08/13/2022,FRG,NY,AEA,EN,Towers with Radar,0,26,32,0,58,0,44,378,1,423,0,70,410,1,481,442,0,442,923
08/14/2022,FRG,NY,AEA,EN,Towers with Radar,0,36,50,0,86,0,69,418,0,487,0,105,468,0,573,334,0,334,907
08/15/2022,FRG,NY,AEA,EN,Towers with Radar,0,24,47,0,71,0,63,276,4,343,0,87,323,4,414,452,0,452,866
08/16/2022,FRG,NY,AEA,EN,Towers with Radar,0,25,46,0,71,0,69,289,4,362,0,94,335,4,433,460,0,460,893
08/17/2022,FRG,NY,AEA,EN,Towers with Radar,0,19,36,0,55,0,45,296,0,341,0,64,332,0,396,566,0,566,962
08/18/2022,FRG,NY,AEA,EN,Towers with Radar,0,29,34,0,63,0,71,337,3,411,0,100,371,3,474,604,0,604,1078
08/19/2022,FRG,NY,AEA,EN,Towers with Radar,0,30,47,0,77,0,42,362,3,407,0,72,409,3,484,386,0,386,870
08/20/2022,FRG,NY,AEA,EN,Towers with Radar,0,22,16,0,38,0,28,364,0,392,0,50,380,0,430,448,0,448,878
08/21/2022,FRG,NY,AEA,EN,Towers with Radar,0,24,46,0,70,0,34,237,0,271,0,58,283,0,341,394,0,394,735
08/22/2022,FRG,NY,AEA,EN,Towers with Radar,0,28,36,1,65,0,3,43,0,46,0,31,79,1,111,38,0,38,149
08/23/2022,FRG,NY,AEA,EN,Towers with Radar,0,26,41,0,67,0,26,127,6,159,0,52,168,6,226,248,0,248,474
08/24/2022,FRG,NY,AEA,EN,Towers with Radar,0,25,48,0,73,0,68,338,4,410,0,93,386,4,483,572,0,572,1055
08/25/2022,FRG,NY,AEA,EN,Towers with Radar,0,29,26,0,55,0,110,409,2,521,0,139,435,2,576,620,0,620,1196
08/26/2022,FRG,NY,AEA,EN,Towers with Radar,2,22,37,0,61,0,28,294,3,325,2,50,331,3,386,314,0,314,700
08/27/2022,FRG,NY,AEA,EN,Towers with Radar,0,28,40,0,68,0,34,334,0,368,0,62,374,0,436,378,0,378,814
08/28/2022,FRG,NY,AEA,EN,Towers with Radar,0,20,59,0,79,0,21,219,0,240,0,41,278,0,319,398,0,398,717
08/29/2022,FRG,NY,AEA,EN,Towers with Radar,0,35,55,0,90,0,34,194,9,237,0,69,249,9,327,474,48,522,849
08/30/2022,FRG,NY,AEA,EN,Towers with Radar,0,27,39,0,66,0,34,234,3,271,0,61,273,3,337,352,0,352,689
08/31/2022,FRG,NY,AEA,EN,Towers with Radar,2,27,31,0,60,0,95,338,6,439,2,122,369,6,499,452,0,452,951
09/01/2022,FRG,NY,AEA,EN,Towers with Radar,0,37,63,0,100,0,63,335,2,400,0,100,398,2,500,697,0,697,1197
09/02/2022,FRG,NY,AEA,EN,Towers with Radar,1,36,27,0,64,0,90,398,4,492,1,126,425,4,556,544,0,544,1100
09/03/2022,FRG,NY,AEA,EN,Towers with Radar,0,11,23,0,34,0,37,398,0,435,0,48,421,0,469,494,0,494,963
09/04/2022,FRG,NY,AEA,EN,Towers with Radar,0,16,19,0,35,0,3,291,0,294,0,19,310,0,329,452,0,452,781
09/05/2022,FRG,NY,AEA,EN,Towers with Radar,0,23,38,0,61,0,32,185,0,217,0,55,223,0,278,336,0,336,614
09/06/2022,FRG,NY,AEA,EN,Towers with Radar,0,22,47,0,69,0,4,1,0,5,0,26,48,0,74,0,0,0,74
09/07/2022,FRG,NY,AEA,EN,Towers with Radar,0,31,46,0,77,0,17,49,0,66,0,48,95,0,143,226,0,226,369
09/08/2022,FRG,NY,AEA,EN,Towers with Radar,0,19,44,0,63,0,69,328,2,399,0,88,372,2,462,440,0,440,902
09/09/2022,FRG,NY,AEA,EN,Towers with Radar,0,18,36,0,54,0,76,373,2,451,0,94,409,2,505,704,0,704,1209
09/10/2022,FRG,NY,AEA,EN,Towers with Radar,0,21,43,0,64,0,64,409,1,474,0,85,452,1,538,548,0,548,1086
09/11/2022,FRG,NY,AEA,EN,Towers with Radar,0,21,33,0,54,0,19,194,2,215,0,40,227,2,269,462,0,462,731
09/12/2022,FRG,NY,AEA,EN,Towers with Radar,0,27,26,0,53,0,8,48,1,57,0,35,74,1,110,144,0,144,254
09/13/2022,FRG,NY,AEA,EN,Towers with Radar,0,21,27,2,50,0,26,119,2,147,0,47,146,4,197,320,0,320,517
09/14/2022,FRG,NY,AEA,EN,Towers with Radar,0,34,28,0,62,0,78,392,8,478,0,112,420,8,540,422,0,422,962
09/15/2022,FRG,NY,AEA,EN,Towers with Radar,0,31,51,0,82,0,92,378,10,480,0,123,429,10,562,540,0,540,1102
09/16/2022,FRG,NY,AEA,EN,Towers with Radar,0,47,34,0,81,0,73,397,16,486,0,120,431,16,567,624,0,624,1191
09/17/2022,FRG,NY,AEA,EN,Towers with Radar,0,9,40,0,49,0,81,406,16,503,0,90,446,16,552,660,0,660,1212
09/18/2022,FRG,NY,AEA,EN,Towers with Radar,0,30,39,0,69,0,42,311,16,369,0,72,350,16,438,344,0,344,782
09/19/2022,FRG,NY,AEA,EN,Towers with Radar,1,27,23,0,51,0,55,221,34,310,1,82,244,34,361,374,0,374,735
09/20/2022,FRG,NY,AEA,EN,Towers with Radar,0,20,40,0,60,0,66,280,24,370,0,86,320,24,430,382,0,382,812
09/21/2022,FRG,NY,AEA,EN,Towers with Radar,0,28,34,0,62,0,32,258,23,313,0,60,292,23,375,4,0,4,379
09/22/2022,FRG,NY,AEA,EN,Towers with Radar,1,25,57,0,83,0,8,48,19,75,1,33,105,19,158,4,3,7,165
09/23/2022,FRG,NY,AEA,EN,Towers with Radar,0,39,45,0,84,0,41,141,24,206,0,80,186,24,290,114,0,114,404
09/24/2022,FRG,NY,AEA,EN,Towers with Radar,0,20,28,0,48,0,60,387,20,467,0,80,415,20,515,462,40,502,1017
09/25/2022,FRG,NY,AEA,EN,Towers with Radar,0,21,30,0,51,0,46,203,3,252,0,67,233,3,303,266,0,266,569
09/26/2022,FRG,NY,AEA,EN,Towers with Radar,0,22,16,0,38,0,32,220,5,257,0,54,236,5,295,380,0,380,675
09/27/2022,FRG,NY,AEA,EN,Towers with Radar,0,18,30,0,48,0,72,259,7,338,0,90,289,7,386,576,0,576,962
09/28/2022,FRG,NY,AEA,EN,Towers with Radar,0,19,29,0,48,0,85,300,2,387,0,104,329,2,435,556,0,556,991
09/29/2022,FRG,NY,AEA,EN,Towers with Radar,0,27,45,0,72,0,84,313,1,398,0,111,358,1,470,564,0,564,1034
09/30/2022,FRG,NY,AEA,EN,Towers with Radar,0,24,36,0,60,0,46,269,0,315,0,70,305,0,375,388,0,388,763
10/01/2022,FRG,NY,AEA,EN,Towers with Radar,0,23,19,0,42,0,0,0,0,0,0,23,19,0,42,0,0,0,42
10/02/2022,FRG,NY,AEA,EN,Towers with Radar,0,24,20,0,44,0,4,13,0,17,0,28,33,0,61,0,0,0,61
10/03/2022,FRG,NY,AEA,EN,Towers with Radar,0,13,29,0,42,0,1,64,1,66,0,14,93,1,108,40,0,40,148
10/04/2022,FRG,NY,AEA,EN,Towers with Radar,1,15,36,0,52,0,4,0,0,4,1,19,36,0,56,0,0,0,56
10/05/2022,FRG,NY,AEA,EN,Towers with Radar,1,29,30,0,60,0,4,1,0,5,1,33,31,0,65,0,0,0,65
10/06/2022,FRG,NY,AEA,EN,Towers with Radar,0,20,42,0,62,0,111,401,1,513,0,131,443,1,575,542,0,542,1117
10/07/2022,FRG,NY,AEA,EN,Towers with Radar,0,35,47,4,86,0,69,351,4,424,0,104,398,8,510,362,0,362,872
10/08/2022,FRG,NY,AEA,EN,Towers with Radar,0,27,27,0,54,0,118,438,32,588,0,145,465,32,642,418,0,418,1060
10/09/2022,FRG,NY,AEA,EN,Towers with Radar,0,38,34,0,72,0,55,366,1,422,0,93,400,1,494,414,0,414,908
10/10/2022,FRG,NY,AEA,EN,Towers with Radar,0,25,42,0,67,0,106,327,0,433,0,131,369,0,500,632,0,632,1132
10/11/2022,FRG,NY,AEA,EN,Towers with Radar,0,35,33,0,68,0,130,341,1,472,0,165,374,1,540,540,0,540,1080
10/12/2022,FRG,NY,AEA,EN,Towers with Radar,0,16,38,2,56,0,66,333,0,399,0,82,371,2,455,538,0,538,993
10/13/2022,FRG,NY,AEA,EN,Towers with Radar,0,26,36,0,62,0,8,59,0,67,0,34,95,0,129,144,0,144,273
10/14/2022,FRG,NY,AEA,EN,Towers with Radar,0,30,44,2,76,0,56,306,2,364,0,86,350,4,440,528,0,528,968
10/15/2022,FRG,NY,AEA,EN,Towers with Radar,0,23,34,0,57,0,58,405,0,463,0,81,439,0,520,548,0,548,1068
10/16/2022,FRG,NY,AEA,EN,Towers with Radar,0,32,55,0,87,0,45,396,0,441,0,77,451,0,528,452,0,452,980
10/17/2022,FRG,NY,AEA,EN,Towers with Radar,0,31,22,0,53,0,11,79,2,92,0,42,101,2,145,172,0,172,317
10/18/2022,FRG,NY,AEA,EN,Towers with Radar,0,31,33,0,64,0,88,332,4,424,0,119,365,4,488,666,0,666,1154
10/19/2022,FRG,NY,AEA,EN,Towers with Radar,1,22,44,0,67,0,66,313,4,383,1,88,357,4,450,424,0,424,874
10/20/2022,FRG,NY,AEA,EN,Towers with Radar,0,27,39,0,66,0,74,237,1,312,0,101,276,1,378,398,0,398,776
10/21/2022,FRG,NY,AEA,EN,Towers with Radar,1,33,34,0,68,0,81,359,2,442,1,114,393,2,510,602,0,602,1112
10/22/2022,FRG,NY,AEA,EN,Towers with Radar,0,26,33,0,59,0,70,436,0,506,0,96,469,0,565,436,0,436,1001
10/23/2022,FRG,NY,AEA,EN,Towers with Radar,0,34,42,0,76,0,9,112,0,121,0,43,154,0,197,304,0,304,501
10/24/2022,FRG,NY,AEA,EN,Towers with Radar,1,22,27,0,50,0,0,0,0,0,1,22,27,0,50,0,0,0,50
10/25/2022,FRG,NY,AEA,EN,Towers with Radar,1,18,33,0,52,0,8,41,0,49,1,26,74,0,101,132,0,132,233
10/26/2022,FRG,NY,AEA,EN,Towers with Radar,1,28,29,0,58,0,8,25,0,33,1,36,54,0,91,108,0,108,199
10/27/2022,FRG,NY,AEA,EN,Towers with Radar,2,24,23,0,49,0,56,369,1,426,2,80,392,1,475,334,0,334,809
10/28/2022,FRG,NY,AEA,EN,Towers with Radar,0,32,49,0,81,0,83,330,1,414,0,115,379,1,495,542,0,542,1037
10/29/2022,FRG,NY,AEA,EN,Towers with Radar,0,20,27,0,47,0,47,354,0,401,0,67,381,0,448,546,0,546,994
10/30/2022,FRG,NY,AEA,EN,Towers with Radar,0,21,26,0,47,0,26,329,1,356,0,47,355,1,403,588,0,588,991
10/31/2022,FRG,NY,AEA,EN,Towers with Radar,1,22,22,0,45,0,54,188,4,246,1,76,210,4,291,126,0,126,417
11/01/2022,FRG,NY,AEA,EN,Towers with Radar,0,25,32,0,57,0,4,40,1,45,0,29,72,1,102,102,0,102,204
11/02/2022,FRG,NY,AEA,EN,Towers with Radar,0,29,22,0,51,0,94,336,3,433,0,123,358,3,484,536,0,536,1020
11/03/2022,FRG,NY,AEA,EN,Towers with Radar,0,35,28,0,63,0,122,324,1,447,0,157,352,1,510,472,0,472,982
11/04/2022,FRG,NY,AEA,EN,Towers with Radar,0,21,35,0,56,0,48,263,1,312,0,69,298,1,368,386,0,386,754
11/05/2022,FRG,NY,AEA,EN,Towers with Radar,2,23,27,0,52,0,92,334,0,426,2,115,361,0,478,342,0,342,820
11/06/2022,FRG,NY,AEA,EN,Towers with Radar,0,33,59,0,92,0,19,260,0,279,0,52,319,0,371,194,0,194,565
11/07/2022,FRG,NY,AEA,EN,Towers with Radar,0,20,26,0,46,0,81,274,0,355,0,101,300,0,401,446,0,446,847
11/08/2022,FRG,NY,AEA,EN,Towers with Radar,0,17,20,0,37,0,57,177,2,236,0,74,197,2,273,402,0,402,675
11/09/2022,FRG,NY,AEA,EN,Towers with Radar,0,31,28,0,59,0,92,361,0,453,0,123,389,0,512,506,0,506,1018
11/10/2022,FRG,NY,AEA,EN,Towers with Radar,0,27,33,0,60,0,99,377,2,478,0,126,410,2,538,612,0,612,1150
11/11/2022,FRG,NY,AEA,EN,Towers with Radar,0,22,22,0,44,0,14,61,0,75,0,36,83,0,119,166,0,166,285
11/12/2022,FRG,NY,AEA,EN,Towers with Radar,1,17,13,0,31,0,12,140,0,152,1,29,153,0,183,260,0,260,443
11/13/2022,FRG,NY,AEA,EN,Towers with Radar,1,38,46,0,85,0,11,91,0,102,1,49,137,0,187,220,0,220,407
11/14/2022,FRG,NY,AEA,EN,Towers with Radar,1,36,29,0,66,0,72,292,2,366,1,108,321,2,432,416,0,416,848
11/15/2022,FRG,NY,AEA,EN,Towers with Radar,0,18,32,0,50,0,51,278,9,338,0,69,310,9,388,474,0,474,862
11/16/2022,FRG,NY,AEA,EN,Towers with Radar,1,30,31,0,62,0,4,66,0,70,1,34,97,0,132,124,0,124,256
11/17/2022,FRG,NY,AEA,EN,Towers with Radar,0,39,40,0,79,0,36,245,5,286,0,75,285,5,365,362,0,362,727
11/18/2022,FRG,NY,AEA,EN,Towers with Radar,0,33,34,0,67,0,45,177,3,225,0,78,211,3,292,198,0,198,490
11/19/2022,FRG,NY,AEA,EN,Towers with Radar,0,20,32,0,52,0,49,313,0,362,0,69,345,0,414,374,0,374,788
11/20/2022,FRG,NY,AEA,EN,Towers with Radar,0,41,32,0,73,0,7,62,0,69,0,48,94,0,142,60,0,60,202
11/21/2022,FRG,NY,AEA,EN,Towers with Radar,0,18,19,2,39,0,69,304,5,378,0,87,323,7,417,582,0,582,999
11/22/2022,FRG,NY,AEA,EN,Towers with Radar,0,33,44,1,78,0,89,363,15,467,0,122,407,16,545,540,0,540,1085
11/23/2022,FRG,NY,AEA,EN,Towers with Radar,0,35,39,0,74,0,108,325,4,437,0,143,364,4,511,486,0,486,997
11/24/2022,FRG,NY,AEA,EN,Towers with Radar,1,16,19,0,36,0,6,119,0,125,1,22,138,0,161,284,0,284,445
11/25/2022,FRG,NY,AEA,EN,Towers with Radar,0,14,29,0,43,0,5,39,0,44,0,19,68,0,87,176,0,176,263
11/26/2022,FRG,NY,AEA,EN,Towers with Radar,0,34,32,0,66,0,24,341,0,365,0,58,373,0,431,264,0,264,695
11/27/2022,FRG,NY,AEA,EN,Towers with Radar,2,48,61,0,111,0,11,67,0,78,2,59,128,0,189,272,0,272,461
11/28/2022,FRG,NY,AEA,EN,Towers with Radar,1,33,30,0,64,0,31,214,4,249,1,64,244,4,313,483,0,483,796
11/29/2022,FRG,NY,AEA,EN,Towers with Radar,0,20,24,0,44,0,91,272,4,367,0,111,296,4,411,476,0,476,887
11/30/2022,FRG,NY,AEA,EN,Towers with Radar,0,24,14,0,38,0,9,21,0,30,0,33,35,0,68,152,0,152,220
12/01/2022,FRG,NY,AEA,EN,Towers with Radar,0,31,28,0,59,0,18,101,2,121,0,49,129,2,180,131,0,131,311
12/02/2022,FRG,NY,AEA,EN,Towers with Radar,8,26,34,0,68,0,71,325,3,399,8,97,359,3,467,494,0,494,961
12/03/2022,FRG,NY,AEA,EN,Towers with Radar,1,17,8,0,26,0,0,13,1,14,1,17,21,1,40,26,0,26,66
12/04/2022,FRG,NY,AEA,EN,Towers with Radar,6,27,32,0,65,0,25,407,3,435,6,52,439,3,500,290,0,290,790
12/05/2022,FRG,NY,AEA,EN,Towers with Radar,0,22,23,1,46,0,66,317,6,389,0,88,340,7,435,498,0,498,933
12/06/2022,FRG,NY,AEA,EN,Towers with Radar,4,18,20,0,42,0,49,109,4,162,4,67,129,4,204,320,0,320,524
12/07/2022,FRG,NY,AEA,EN,Towers with Radar,2,27,19,0,48,0,0,0,0,0,2,27,19,0,48,0,0,0,48
12/08/2022,FRG,NY,AEA,EN,Towers with Radar,0,34,44,0,78,0,103,401,1,505,0,137,445,1,583,542,0,542,1125
12/09/2022,FRG,NY,AEA,EN,Towers with Radar,0,40,36,0,76,0,90,309,1,400,0,130,345,1,476,560,0,560,1036
12/10/2022,FRG,NY,AEA,EN,Towers with Radar,1,19,28,0,48,0,29,226,0,255,1,48,254,0,303,578,0,578,881
12/11/2022,FRG,NY,AEA,EN,Towers with Radar,1,33,27,0,61,0,4,40,1,45,1,37,67,1,106,122,0,122,228
12/12/2022,FRG,NY,AEA,EN,Towers with Radar,1,25,31,0,57,0,20,93,15,128,1,45,124,15,185,390,0,390,575
12/13/2022,FRG,NY,AEA,EN,Towers with Radar,0,17,35,0,52,0,112,293,1,406,0,129,328,1,458,606,0,606,1064
12/14/2022,FRG,NY,AEA,EN,Towers with Radar,0,31,26,0,57,0,52,207,5,264,0,83,233,5,321,268,0,268,589
12/15/2022,FRG,NY,AEA,EN,Towers with Radar,0,19,21,0,40,0,42,176,0,218,0,61,197,0,258,326,0,326,584
12/16/2022,FRG,NY,AEA,EN,Towers with Radar,3,33,25,0,61,0,0,0,0,0,3,33,25,0,61,0,0,0,61
12/17/2022,FRG,NY,AEA,EN,Towers with Radar,2,20,26,0,48,0,27,249,3,279,2,47,275,3,327,476,0,476,803
12/18/2022,FRG,NY,AEA,EN,Towers with Radar,0,26,26,0,52,0,44,316,0,360,0,70,342,0,412,374,0,374,786
12/19/2022,FRG,NY,AEA,EN,Towers with Radar,0,26,25,2,53,0,80,247,0,327,0,106,272,2,380,494,0,494,874
12/20/2022,FRG,NY,AEA,EN,Towers with Radar,2,23,36,0,61,0,74,317,6,397,2,97,353,6,458,578,0,578,1036
12/21/2022,FRG,NY,AEA,EN,Towers with Radar,0,29,28,0,57,0,62,298,0,360,0,91,326,0,417,636,0,636,1053
12/22/2022,FRG,NY,AEA,EN,Towers with Radar,0,48,31,0,79,0,18,120,0,138,0,66,151,0,217,254,0,254,471
12/23/2022,FRG,NY,AEA,EN,Towers with Radar,0,23,10,0,33,0,4,2,0,6,0,27,12,0,39,0,0,0,39
12/24/2022,FRG,NY,AEA,EN,Towers with Radar,0,23,11,0,34,0,0,12,0,12,0,23,23,0,46,6,0,6,52
12/25/2022,FRG,NY,AEA,EN,Towers with Radar,0,26,18,0,44,0,2,8,0,10,0,28,26,0,54,18,0,18,72
12/26/2022,FRG,NY,AEA,EN,Towers with Radar,0,42,50,0,92,0,36,208,0,244,0,78,258,0,336,326,0,326,662
12/27/2022,FRG,NY,AEA,EN,Towers with Radar,1,45,33,0,79,0,57,230,2,289,1,102,263,2,368,336,0,336,704
12/28/2022,FRG,NY,AEA,EN,Towers with Radar,1,24,22,0,47,0,64,311,4,379,1,88,333,4,426,436,0,436,862
12/29/2022,FRG,NY,AEA,EN,Towers with Radar,1,33,23,0,57,0,63,353,4,420,1,96,376,4,477,356,0,356,833
12/30/2022,FRG,NY,AEA,EN,Towers with Radar,1,36,26,0,63,0,44,315,3,362,1,80,341,3,425,480,0,480,905
12/31/2022,FRG,NY,AEA,EN,Towers with Radar,0,6,6,0,12,0,0,0,0,0,0,6,6,0,12,0,0,0,12
01/01/2023,FRG,NY,AEA,EN,Towers with Radar,0,40,25,0,65,0,9,131,0,140,0,49,156,0,205,168,0,168,373
01/02/2023,FRG,NY,AEA,EN,Towers with Radar,0,45,68,0,113,0,70,314,0,384,0,115,382,0,497,554,0,554,1051
01/03/2023,FRG,NY,AEA,EN,Towers with Radar,0,40,29,0,69,0,7,2,0,9,0,47,31,0,78,0,0,0,78
01/04/2023,FRG,NY,AEA,EN,Towers with Radar,0,25,30,0,55,0,34,114,3,151,0,59,144,3,206,336,0,336,542
01/05/2023,FRG,NY,AEA,EN,Towers with Radar,0,34,38,0,72,0,0,0,0,0,0,34,38,0,72,0,0,0,72
01/06/2023,FRG,NY,AEA,EN,Towers with Radar,0,24,32,0,56,0,6,18,0,24,0,30,50,0,80,8,0,8,88
01/07/2023,FRG,NY,AEA,EN,Towers with Radar,1,19,30,0,50,0,34,305,0,339,1,53,335,0,389,428,0,428,817
01/08/2023,FRG,NY,AEA,EN,Towers with Radar,0,38,31,0,69,0,27,342,0,369,0,65,373,0,438,392,0,392,830
01/09/2023,FRG,NY,AEA,EN,Towers with Radar,3,30,30,0,63,0,50,176,7,233,3,80,206,7,296,380,0,380,676
01/10/2023,FRG,NY,AEA,EN,Towers with Radar,1,18,21,0,40,0,108,319,7,434,1,126,340,7,474,740,2,742,1216
01/11/2023,FRG,NY,AEA,EN,Towers with Radar,0,20,32,0,52,0,85,307,4,396,0,105,339,4,448,474,0,474,922
01/12/2023,FRG,NY,AEA,EN,Towers with Radar,0,43,34,2,79,0,12,37,2,51,0,55,71,4,130,184,0,184,314
01/13/2023,FRG,NY,AEA,EN,Towers with Radar,2,36,35,0,73,0,8,47,0,55,2,44,82,0,128,158,0,158,286
01/14/2023,FRG,NY,AEA,EN,Towers with Radar,0,17,18,0,35,0,5,70,0,75,0,22,88,0,110,294,0,294,404
01/15/2023,FRG,NY,AEA,EN,Towers with Radar,0,16,22,0,38,0,6,67,0,73,0,22,89,0,111,136,0,136,247
01/16/2023,FRG,NY,AEA,EN,Towers with Radar,0,45,43,0,88,0,51,334,0,385,0,96,377,0,473,352,0,352,825
01/17/2023,FRG,NY,AEA,EN,Towers with Radar,4,20,17,0,41,0,87,302,4,393,4,107,319,4,434,680,0,680,1114
01/18/2023,FRG,NY,AEA,EN,Towers with Radar,3,35,27,0,65,0,72,255,4,331,3,107,282,4,396,362,0,362,758
01/19/2023,FRG,NY,AEA,EN,Towers with Radar,0,19,24,0,43,0,10,46,0,56,0,29,70,0,99,154,0,154,253
01/20/2023,FRG,NY,AEA,EN,Towers with Radar,0,34,27,0,61,0,32,194,7,233,0,66,221,7,294,280,0,280,574
01/21/2023,FRG,NY,AEA,EN,Towers with Radar,2,20,18,0,40,0,43,298,1,342,2,63,316,1,382,502,0,502,884
01/22/2023,FRG,NY,AEA,EN,Towers with Radar,2,29,26,0,57,0,36,187,0,223,2,65,213,0,280,652,0,652,932
01/23/2023,FRG,NY,AEA,EN,Towers with Radar,0,19,14,0,33,0,0,0,0,0,0,19,14,0,33,0,0,0,33
01/24/2023,FRG,NY,AEA,EN,Towers with Radar,2,20,32,0,54,2,78,236,9,325,4,98,268,9,379,598,0,598,977
01/25/2023,FRG,NY,AEA,EN,Towers with Radar,0,16,18,0,34,0,30,97,2,129,0,46,115,2,163,296,0,296,459
01/26/2023,FRG,NY,AEA,EN,Towers with Radar,2,28,26,0,56,0,6,57,2,65,2,34,83,2,121,16,0,16,137
01/27/2023,FRG,NY,AEA,EN,Towers with Radar,1,38,25,0,64,0,76,346,4,426,1,114,371,4,490,510,0,510,1000
01/28/2023,FRG,NY,AEA,EN,Towers with Radar,0,16,16,0,32,0,48,298,0,346,0,64,314,0,378,326,0,326,704
01/29/2023,FRG,NY,AEA,EN,Towers with Radar,0,33,22,0,55,0,44,308,0,352,0,77,330,0,407,430,0,430,837
01/30/2023,FRG,NY,AEA,EN,Towers with Radar,0,19,28,0,47,1,83,274,2,360,1,102,302,2,407,598,0,598,1005
01/31/2023,FRG,NY,AEA,EN,Towers with Radar,0,13,17,0,30,0,5,42,1,48,0,18,59,1,78,15,0,15,93
02/01/2023,FRG,NY,AEA,EN,Towers with Radar,0,35,35,0,70,0,76,279,1,356,0,111,314,1,426,450,0,450,876
02/02/2023,FRG,NY,AEA,EN,Towers with Radar,0,45,27,0,72,0,96,337,0,433,0,141,364,0,505,530,0,530,1035
02/03/2023,FRG,NY,AEA,EN,Towers with Radar,2,19,23,0,44,0,10,41,1,52,2,29,64,1,96,26,0,26,122
02/04/2023,FRG,NY,AEA,EN,Towers with Radar,3,16,13,0,32,0,53,119,0,172,3,69,132,0,204,286,0,286,490
02/05/2023,FRG,NY,AEA,EN,Towers with Radar,1,33,24,0,58,0,44,266,0,310,1,77,290,0,368,450,0,450,818
02/06/2023,FRG,NY,AEA,EN,Towers with Radar,0,22,16,0,38,0,74,198,5,277,0,96,214,5,315,546,0,546,861
02/07/2023,FRG,NY,AEA,EN,Towers with Radar,0,16,15,0,31,0,63,280,1,344,0,79,295,1,375,614,0,614,989
02/08/2023,FRG,NY,AEA,EN,Towers with Radar,0,21,27,0,48,0,124,414,0,538,0,145,441,0,586,456,0,456,1042
02/09/2023,FRG,NY,AEA,EN,Towers with Radar,2,24,33,0,59,0,82,237,1,320,2,106,270,1,379,514,0,514,893
02/10/2023,FRG,NY,AEA,EN,Towers with Radar,2,26,25,0,53,0,45,140,1,186,2,71,165,1,239,258,0,258,497
02/11/2023,FRG,NY,AEA,EN,Towers with Radar,2,18,23,0,43,0,83,378,0,461,2,101,401,0,504,394,40,434,938
02/12/2023,FRG,NY,AEA,EN,Towers with Radar,1,45,25,0,71,0,31,350,0,381,1,76,375,0,452,426,0,426,878
02/13/2023,FRG,NY,AEA,EN,Towers with Radar,1,29,21,2,53,0,50,225,4,279,1,79,246,6,332,532,0,532,864
02/14/2023,FRG,NY,AEA,EN,Towers with Radar,0,18,17,0,35,0,74,339,2,415,0,92,356,2,450,652,0,652,1102
02/15/2023,FRG,NY,AEA,EN,Towers with Radar,0,34,25,0,59,0,60,187,3,250,0,94,212,3,309,210,0,210,519
02/16/2023,FRG,NY,AEA,EN,Towers with Radar,1,44,36,0,81,0,94,261,0,355,1,138,297,0,436,336,6,342,778
02/17/2023,FRG,NY,AEA,EN,Towers with Radar,2,48,44,0,94,0,5,10,0,15,2,53,54,0,109,0,0,0,109
02/18/2023,FRG,NY,AEA,EN,Towers with Radar,2,41,36,0,79,0,77,417,0,494,2,118,453,0,573,476,0,476,1049
02/19/2023,FRG,NY,AEA,EN,Towers with Radar,0,34,16,0,50,0,46,375,0,421,0,80,391,0,471,450,0,450,921
02/20/2023,FRG,NY,AEA,EN,Towers with Radar,0,35,27,0,62,0,46,243,0,289,0,81,270,0,351,414,0,414,765
02/21/2023,FRG,NY,AEA,EN,Towers with Radar,1,38,22,0,61,0,13,24,3,40,1,51,46,3,101,6,0,6,107
02/22/2023,FRG,NY,AEA,EN,Towers with Radar,0,24,17,0,41,0,47,201,4,252,0,71,218,4,293,434,0,434,727
02/23/2023,FRG,NY,AEA,EN,Towers with Radar,2,27,22,0,51,0,2,8,0,10,2,29,30,0,61,0,0,0,61
02/24/2023,FRG,NY,AEA,EN,Towers with Radar,1,36,29,0,66,0,26,69,3,98,1,62,98,3,164,58,0,58,222
02/25/2023,FRG,NY,AEA,EN,Towers with Radar,3,39,21,0,63,0,50,193,2,245,3,89,214,2,308,466,0,466,774
02/26/2023,FRG,NY,AEA,EN,Towers with Radar,0,52,39,0,91,0,14,129,0,143,0,66,168,0,234,450,0,450,684
02/27/2023,FRG,NY,AEA,EN,Towers with Radar,0,31,40,0,71,0,83,280,3,366,0,114,320,3,437,688,0,688,1125
02/28/2023,FRG,NY,AEA,EN,Towers with Radar,0,30,16,0,46,0,7,34,0,41,0,37,50,0,87,64,0,64,151
03/01/2023,FRG,NY,AEA,EN,Towers with Radar,0,25,26,0,51,0,116,288,4,408,0,141,314,4,459,510,0,510,969
03/02/2023,FRG,NY,AEA,EN,Towers with Radar,0,36,28,0,64,0,20,46,0,66,0,56,74,0,130,68,0,68,198
03/03/2023,FRG,NY,AEA,EN,Towers with Radar,2,21,22,0,45,0,83,298,1,382,2,104,320,1,427,674,0,674,1101
03/04/2023,FRG,NY,AEA,EN,Towers with Radar,2,32,16,0,50,0,3,42,0,45,2,35,58,0,95,154,0,154,249
03/05/2023,FRG,NY,AEA,EN,Towers with Radar,1,32,31,0,64,0,47,412,2,461,1,79,443,2,525,318,0,318,843
03/06/2023,FRG,NY,AEA,EN,Towers with Radar,0,26,29,0,55,0,58,299,0,357,0,84,328,0,412,466,0,466,878
03/07/2023,FRG,NY,AEA,EN,Towers with Radar,0,10,21,0,31,0,42,155,3,200,0,52,176,3,231,300,0,300,531
03/08/2023,FRG,NY,AEA,EN,Towers with Radar,2,26,25,0,53,0,29,114,5,148,2,55,139,5,201,203,0,203,404
03/09/2023,FRG,NY,AEA,EN,Towers with Radar,0,20,40,0,60,0,78,391,5,474,0,98,431,5,534,376,0,376,910
03/10/2023,FRG,NY,AEA,EN,Towers with Radar,2,30,23,0,55,0,77,241,4,322,2,107,264,4,377,686,0,686,1063
03/11/2023,FRG,NY,AEA,EN,Towers with Radar,1,10,13,0,24,0,9,29,0,38,1,19,42,0,62,86,0,86,148
03/12/2023,FRG,NY,AEA,EN,Towers with Radar,2,22,41,0,65,0,65,366,0,431,2,87,407,0,496,528,0,528,1024
03/13/2023,FRG,NY,AEA,EN,Towers with Radar,1,18,15,0,34,0,3,12,0,15,1,21,27,0,49,54,0,54,103
03/14/2023,FRG,NY,AEA,EN,Towers with Radar,0,12,9,0,21,0,2,8,0,10,0,14,17,0,31,0,0,0,31
03/15/2023,FRG,NY,AEA,EN,Towers with Radar,0,16,26,0,42,0,6,12,1,19,0,22,38,1,61,38,0,38,99
03/16/2023,FRG,NY,AEA,EN,Towers with Radar,0,40,53,1,94,0,58,375,4,437,0,98,428,5,531,470,0,470,1001
03/17/2023,FRG,NY,AEA,EN,Towers with Radar,0,32,32,0,64,0,89,333,2,424,0,121,365,2,488,586,0,586,1074
03/18/2023,FRG,NY,AEA,EN,Towers with Radar,0,24,26,0,50,0,63,335,0,398,0,87,361,0,448,470,0,470,918
03/19/2023,FRG,NY,AEA,EN,Towers with Radar,2,28,31,0,61,0,49,165,0,214,2,77,196,0,275,228,0,228,503
03/20/2023,FRG,NY,AEA,EN,Towers with Radar,1,24,19,0,44,0,83,299,0,382,1,107,318,0,426,563,0,563,989
03/21/2023,FRG,NY,AEA,EN,Towers with Radar,0,14,35,0,49,0,82,322,5,409,0,96,357,5,458,664,0,664,1122
03/22/2023,FRG,NY,AEA,EN,Towers with Radar,2,17,35,0,54,0,74,315,9,398,2,91,350,9,452,582,0,582,1034
03/23/2023,FRG,NY,AEA,EN,Towers with Radar,2,27,26,0,55,0,17,30,5,52,2,44,56,5,107,80,0,80,187
03/24/2023,FRG,NY,AEA,EN,Towers with Radar,0,38,25,0,63,0,86,270,3,359,0,124,295,3,422,756,0,756,1178
03/25/2023,FRG,NY,AEA,EN,Towers with Radar,3,24,18,0,45,0,0,26,0,26,3,24,44,0,71,0,0,0,71
03/26/2023,FRG,NY,AEA,EN,Towers with Radar,0,74,51,0,125,0,74,336,0,410,0,148,387,0,535,564,0,564,1099
03/27/2023,FRG,NY,AEA,EN,Towers with Radar,1,28,20,0,49,0,66,257,4,327,1,94,277,4,376,584,0,584,960
03/28/2023,FRG,NY,AEA,EN,Towers with Radar,1,13,25,0,39,1,35,129,7,172,2,48,154,7,211,393,0,393,604
03/29/2023,FRG,NY,AEA,EN,Towers with Radar,0,28,40,0,68,0,89,377,11,477,0,117,417,11,545,620,0,620,1165
03/30/2023,FRG,NY,AEA,EN,Towers with Radar,0,26,31,0,57,0,89,299,7,395,0,115,330,7,452,500,0,500,952
03/31/2023,FRG,NY,AEA,EN,Towers with Radar,1,21,34,0,56,0,48,166,8,222,1,69,200,8,278,450,0,450,728
04/01/2023,FRG,NY,AEA,EN,Towers with Radar,0,28,15,0,43,0,0,5,0,5,0,28,20,0,48,0,0,0,48
04/02/2023,FRG,NY,AEA,EN,Towers with Radar,0,36,33,0,69,0,14,157,1,172,0,50,190,1,241,246,0,246,487
04/03/2023,FRG,NY,AEA,EN,Towers with Radar,0,16,23,0,39,0,62,190,3,255,0,78,213,3,294,364,0,364,658
04/04/2023,FRG,NY,AEA,EN,Towers with Radar,0,28,49,0,77,0,53,254,7,314,0,81,303,7,391,454,0,454,845
04/05/2023,FRG,NY,AEA,EN,Towers with Radar,0,27,19,0,46,0,0,0,0,0,0,27,19,0,46,0,0,0,46
04/06/2023,FRG,NY,AEA,EN,Towers with Radar,0,46,40,0,86,0,16,73,3,92,0,62,113,3,178,250,0,250,428
04/07/2023,FRG,NY,AEA,EN,Towers with Radar,1,39,26,0,66,0,82,335,4,421,1,121,361,4,487,476,0,476,963
04/08/2023,FRG,NY,AEA,EN,Towers with Radar,0,32,24,0,56,0,71,415,0,486,0,103,439,0,542,572,0,572,1114
04/09/2023,FRG,NY,AEA,EN,Towers with Radar,1,41,28,0,70,0,28,231,2,261,1,69,259,2,331,346,0,346,677
04/10/2023,FRG,NY,AEA,EN,Towers with Radar,0,51,29,0,80,0,104,365,15,484,0,155,394,15,564,462,0,462,1026
04/11/2023,FRG,NY,AEA,EN,Towers with Radar,2,35,22,2,61,0,98,291,14,403,2,133,313,16,464,556,0,556,1020
04/12/2023,FRG,NY,AEA,EN,Towers with Radar,2,23,34,0,59,0,91,321,9,421,2,114,355,9,480,532,0,532,1012
04/13/2023,FRG,NY,AEA,EN,Towers with Radar,0,33,47,0,80,0,93,352,0,445,0,126,399,0,525,577,0,577,1102
04/14/2023,FRG,NY,AEA,EN,Towers with Radar,0,31,39,0,70,0,99,331,4,434,0,130,370,4,504,610,0,610,1114
04/15/2023,FRG,NY,AEA,EN,Towers with Radar,1,36,28,0,65,0,0,1,0,1,1,36,29,0,66,0,0,0,66
04/16/2023,FRG,NY,AEA,EN,Towers with Radar,1,59,62,0,122,0,8,22,0,30,1,67,84,0,152,30,0,30,182
04/17/2023,FRG,NY,AEA,EN,Towers with Radar,0,31,25,0,56,0,1,30,0,31,0,32,55,0,87,22,0,22,109
04/18/2023,FRG,NY,AEA,EN,Towers with Radar,0,33,26,0,59,0,43,149,10,202,0,76,175,10,261,504,0,504,765
04/19/2023,FRG,NY,AEA,EN,Towers with Radar,0,38,42,5,85,0,79,368,5,452,0,117,410,10,537,654,0,654,1191
04/20/2023,FRG,NY,AEA,EN,Towers with Radar,1,46,51,0,98,0,122,423,5,550,1,168,474,5,648,730,0,730,1378
04/21/2023,FRG,NY,AEA,EN,Towers with Radar,0,26,33,0,59,0,92,364,9,465,0,118,397,9,524,670,0,670,1194
04/22/2023,FRG,NY,AEA,EN,Towers with Radar,1,23,31,0,55,0,3,41,0,44,1,26,72,0,99,36,0,36,135
04/23/2023,FRG,NY,AEA,EN,Towers with Radar,2,32,33,0,67,0,31,191,1,223,2,63,224,1,290,344,0,344,634
04/24/2023,FRG,NY,AEA,EN,Towers with Radar,1,33,41,2,77,0,91,328,11,430,1,124,369,13,507,707,0,707,1214
04/25/2023,FRG,NY,AEA,EN,Towers with Radar,0,31,37,0,68,0,69,304,7,380,0,100,341,7,448,722,0,722,1170
04/26/2023,FRG,NY,AEA,EN,Towers with Radar,1,36,42,0,79,0,67,311,8,386,1,103,353,8,465,720,0,720,1185
04/27/2023,FRG,NY,AEA,EN,Towers with Radar,1,47,39,0,87,0,44,178,0,222,1,91,217,0,309,590,0,590,899
04/28/2023,FRG,NY,AEA,EN,Towers with Radar,0,31,44,0,75,0,53,182,1,236,0,84,226,1,311,653,0,653,964
04/29/2023,FRG,NY,AEA,EN,Towers with Radar,0,21,11,0,32,0,0,3,0,3,0,21,14,0,35,0,0,0,35
04/30/2023,FRG,NY,AEA,EN,Towers with Radar,0,46,24,0,70,0,0,0,0,0,0,46,24,0,70,0,0,0,70
05/01/2023,FRG,NY,AEA,EN,Towers with Radar,0,49,28,0,77,0,13,117,8,138,0,62,145,8,215,172,0,172,387
05/02/2023,FRG,NY,AEA,EN,Towers with Radar,0,13,31,0,44,3,44,96,7,150,3,57,127,7,194,266,0,266,460
05/03/2023,FRG,NY,AEA,EN,Towers with Radar,0,29,25,0,54,0,104,338,6,448,0,133,363,6,502,574,0,574,1076
05/04/2023,FRG,NY,AEA,EN,Towers with Radar,0,45,47,0,92,0,40,213,2,255,0,85,260,2,347,612,0,612,959
05/05/2023,FRG,NY,AEA,EN,Towers with Radar,0,34,34,1,69,0,78,340,5,423,0,112,374,6,492,636,0,636,1128
05/06/2023,FRG,NY,AEA,EN,Towers with Radar,0,35,28,0,63,0,63,411,3,477,0,98,439,3,540,480,52,532,1072
05/07/2023,FRG,NY,AEA,EN,Towers with Radar,0,32,43,1,76,0,43,398,1,442,0,75,441,2,518,420,0,420,938
05/08/2023,FRG,NY,AEA,EN,Towers with Radar,0,34,48,0,82,0,104,364,5,473,0,138,412,5,555,617,0,617,1172
05/09/2023,FRG,NY,AEA,EN,Towers with Radar,0,32,53,0,85,0,133,367,8,508,0,165,420,8,593,692,0,692,1285
05/10/2023,FRG,NY,AEA,EN,Towers with Radar,2,37,63,0,102,0,88,173,3,264,2,125,236,3,366,222,0,222,588
05/11/2023,FRG,NY,AEA,EN,Towers with Radar,0,48,38,0,86,0,96,389,5,490,0,144,427,5,576,554,0,554,1130
05/12/2023,FRG,NY,AEA,EN,Towers with Radar,0,31,29,0,60,0,109,377,1,487,0,140,406,1,547,484,0,484,1031
05/13/2023,FRG,NY,AEA,EN,Towers with Radar,0,18,34,0,52,0,46,335,2,383,0,64,369,2,435,568,0,568,1003
05/14/2023,FRG,NY,AEA,EN,Towers with Radar,0,40,31,0,71,0,38,311,0,349,0,78,342,0,420,484,0,484,904
05/15/2023,FRG,NY,AEA,EN,Towers with Radar,0,28,27,0,55,0,75,344,2,421,0,103,371,2,476,506,0,506,982
05/16/2023,FRG,NY,AEA,EN,Towers with Radar,0,25,27,0,52,0,75,347,3,425,0,100,374,3,477,346,0,346,823
05/17/2023,FRG,NY,AEA,EN,Towers with Radar,0,29,25,0,54,0,40,171,0,211,0,69,196,0,265,220,0,220,485
05/18/2023,FRG,NY,AEA,EN,Towers with Radar,0,31,53,0,84,0,62,337,5,404,0,93,390,5,488,580,0,580,1068
05/19/2023,FRG,NY,AEA,EN,Towers with Radar,0,28,35,1,64,0,69,410,3,482,0,97,445,4,546,474,0,474,1020
05/20/2023,FRG,NY,AEA,EN,Towers with Radar,0,22,31,0,53,0,0,0,0,0,0,22,31,0,53,0,0,0,53
05/21/2023,FRG,NY,AEA,EN,Towers with Radar,0,37,36,2,75,0,48,378,13,439,0,85,414,15,514,434,0,434,948
05/22/2023,FRG,NY,AEA,EN,Towers with Radar,0,26,27,0,53,0,81,380,2,463,0,107,407,2,516,594,0,594,1110
05/23/2023,FRG,NY,AEA,EN,Towers with Radar,1,16,38,0,55,0,72,325,3,400,1,88,363,3,455,536,0,536,991
05/24/2023,FRG,NY,AEA,EN,Towers with Radar,0,26,44,0,70,0,44,398,3,445,0,70,442,3,515,639,0,639,1154
05/25/2023,FRG,NY,AEA,EN,Towers with Radar,0,30,43,1,74,0,73,396,2,471,0,103,439,3,545,440,0,440,985
05/26/2023,FRG,NY,AEA,EN,Towers with Radar,0,35,29,0,64,1,77,446,4,528,1,112,475,4,592,428,0,428,1020
05/27/2023,FRG,NY,AEA,EN,Towers with Radar,0,21,28,0,49,0,64,408,7,479,0,85,436,7,528,398,0,398,926
05/28/2023,FRG,NY,AEA,EN,Towers with Radar,0,20,15,0,35,0,58,395,13,466,0,78,410,13,501,358,0,358,859
05/29/2023,FRG,NY,AEA,EN,Towers with Radar,0,25,26,0,51,0,32,303,0,335,0,57,329,0,386,342,0,342,728
05/30/2023,FRG,NY,AEA,EN,Towers with Radar,0,27,37,0,64,0,75,341,0,416,0,102,378,0,480,594,0,594,1074
05/31/2023,FRG,NY,AEA,EN,Towers with Radar,0,21,23,0,44,0,34,282,3,319,0,55,305,3,363,568,0,568,931
06/01/2023,FRG,NY,AEA,EN,Towers with Radar,0,33,30,0,63,0,92,396,7,495,0,125,426,7,558,714,0,714,1272
06/02/2023,FRG,NY,AEA,EN,Towers with Radar,0,43,39,0,82,0,59,320,2,381,0,102,359,2,463,572,0,572,1035
06/03/2023,FRG,NY,AEA,EN,Towers with Radar,0,25,51,0,76,0,1,58,1,60,0,26,109,1,136,196,0,196,332
06/04/2023,FRG,NY,AEA,EN,Towers with Radar,0,44,60,0,104,0,33,288,0,321,0,77,348,0,425,440,0,440,865
06/05/2023,FRG,NY,AEA,EN,Towers with Radar,0,34,41,0,75,0,61,322,1,384,0,95,363,1,459,542,0,542,1001
06/06/2023,FRG,NY,AEA,EN,Towers with Radar,0,34,34,0,68,0,23,123,5,151,0,57,157,5,219,334,0,334,553
06/07/2023,FRG,NY,AEA,EN,Towers with Radar,0,36,57,0,93,0,31,96,2,129,0,67,153,2,222,272,0,272,494
06/08/2023,FRG,NY,AEA,EN,Towers with Radar,0,41,38,0,79,0,13,58,0,71,0,54,96,0,150,256,0,256,406
06/09/2023,FRG,NY,AEA,EN,Towers with Radar,0,27,25,0,52,0,78,315,3,396,0,105,340,3,448,592,0,592,1040
06/10/2023,FRG,NY,AEA,EN,Towers with Radar,0,36,33,0,69,0,47,373,9,429,0,83,406,9,498,526,0,526,1024
06/11/2023,FRG,NY,AEA,EN,Towers with Radar,0,39,41,0,80,0,34,306,0,340,0,73,347,0,420,468,0,468,888
06/12/2023,FRG,NY,AEA,EN,Towers with Radar,0,24,30,0,54,0,47,104,3,154,0,71,134,3,208,312,0,312,520
06/13/2023,FRG,NY,AEA,EN,Towers with Radar,0,35,56,0,91,0,68,327,3,398,0,103,383,3,489,726,0,726,1215
06/14/2023,FRG,NY,AEA,EN,Towers with Radar,0,25,30,0,55,0,26,161,1,188,0,51,191,1,243,248,0,248,491
06/15/2023,FRG,NY,AEA,EN,Towers with Radar,0,22,47,0,69,0,92,430,2,524,0,114,477,2,593,587,0,587,1180
06/16/2023,FRG,NY,AEA,EN,Towers with Radar,0,36,27,0,63,0,46,243,3,292,0,82,270,3,355,379,0,379,734
06/17/2023,FRG,NY,AEA,EN,Towers with Radar,0,16,18,0,34,0,10,151,0,161,0,26,169,0,195,280,0,280,475
06/18/2023,FRG,NY,AEA,EN,Towers with Radar,0,39,42,0,81,0,31,314,0,345,0,70,356,0,426,348,0,348,774
06/19/2023,FRG,NY,AEA,EN,Towers with Radar,0,33,35,0,68,0,76,398,4,478,0,109,433,4,546,548,0,548,1094
06/20/2023,FRG,NY,AEA,EN,Towers with Radar,1,27,38,3,69,0,59,301,1,361,1,86,339,4,430,516,0,516,946
06/21/2023,FRG,NY,AEA,EN,Towers with Radar,0,24,38,0,62,0,89,232,1,322,0,113,270,1,384,282,0,282,666
06/22/2023,FRG,NY,AEA,EN,Towers with Radar,0,37,49,0,86,0,21,37,0,58,0,58,86,0,144,10,0,10,154
06/23/2023,FRG,NY,AEA,EN,Towers with Radar,0,21,38,2,61,0,4,6,0,10,0,25,44,2,71,0,0,0,71
06/24/2023,FRG,NY,AEA,EN,Towers with Radar,0,27,27,0,54,0,0,13,0,13,0,27,40,0,67,0,0,0,67
06/25/2023,FRG,NY,AEA,EN,Towers with Radar,0,28,50,1,79,0,17,171,0,188,0,45,221,1,267,530,0,530,797
06/26/2023,FRG,NY,AEA,EN,Towers with Radar,0,40,43,0,83,0,0,77,0,77,0,40,120,0,160,189,0,189,349
06/27/2023,FRG,NY,AEA,EN,Towers with Radar,0,39,47,0,86,0,19,101,4,124,0,58,148,4,210,460,0,460,670
06/28/2023,FRG,NY,AEA,EN,Towers with Radar,0,35,36,0,71,0,34,188,4,226,0,69,224,4,297,363,0,363,660
06/29/2023,FRG,NY,AEA,EN,Towers with Radar,0,48,57,0,105,0,93,439,5,537,0,141,496,5,642,286,0,286,928
06/30/2023,FRG,NY,AEA,EN,Towers with Radar,0,30,58,0,88,1,35,123,2,161,1,65,181,2,249,330,0,330,579
07/01/2023,FRG,NY,AEA,EN,Towers with Radar,0,34,31,0,65,16,51,336,1,404,16,85,367,1,469,572,0,572,1041
07/02/2023,FRG,NY,AEA,EN,Towers with Radar,0,34,32,0,66,0,0,45,1,46,0,34,77,1,112,101,0,101,213
07/03/2023,FRG,NY,AEA,EN,Towers with Radar,0,16,23,0,39,1,76,232,3,312,1,92,255,3,351,606,0,606,957
07/04/2023,FRG,NY,AEA,EN,Towers with Radar,0,19,10,0,29,4,10,102,1,117,4,29,112,1,146,402,0,402,548
07/05/2023,FRG,NY,AEA,EN,Towers with Radar,0,17,26,0,43,0,130,370,5,505,0,147,396,5,548,512,0,512,1060
07/06/2023,FRG,NY,AEA,EN,Towers with Radar,0,30,39,0,69,0,68,351,7,426,0,98,390,7,495,534,0,534,1029
07/07/2023,FRG,NY,AEA,EN,Towers with Radar,0,27,45,0,72,1,69,340,4,414,1,96,385,4,486,514,0,514,1000
07/08/2023,FRG,NY,AEA,EN,Towers with Radar,0,22,46,1,69,0,45,225,1,271,0,67,271,2,340,632,0,632,972
07/09/2023,FRG,NY,AEA,EN,Towers with Radar,0,47,58,0,105,0,32,68,0,100,0,79,126,0,205,356,0,356,561
07/10/2023,FRG,NY,AEA,EN,Towers with Radar,0,24,33,0,57,0,55,190,5,250,0,79,223,5,307,498,0,498,805
07/11/2023,FRG,NY,AEA,EN,Towers with Radar,0,23,58,0,81,0,95,379,4,478,0,118,437,4,559,564,2,566,1125
07/12/2023,FRG,NY,AEA,EN,Towers with Radar,0,23,23,0,46,0,110,444,2,556,0,133,467,2,602,508,0,508,1110
07/13/2023,FRG,NY,AEA,EN,Towers with Radar,0,19,26,0,45,0,94,324,6,424,0,113,350,6,469,366,0,366,835
07/14/2023,FRG,NY,AEA,EN,Towers with Radar,0,36,36,0,72,0,28,77,3,108,0,64,113,3,180,366,0,366,546
07/15/2023,FRG,NY,AEA,EN,Towers with Radar,0,21,44,1,66,0,19,172,2,193,0,40,216,3,259,310,0,310,569
07/16/2023,FRG,NY,AEA,EN,Towers with Radar,0,36,34,0,70,0,1,4,0,5,0,37,38,0,75,12,0,12,87
07/17/2023,FRG,NY,AEA,EN,Towers with Radar,1,35,64,0,100,0,73,268,0,341,1,108,332,0,441,388,0,388,829
07/18/2023,FRG,NY,AEA,EN,Towers with Radar,0,23,27,0,50,1,41,78,2,122,1,64,105,2,172,214,0,214,386
07/19/2023,FRG,NY,AEA,EN,Towers with Radar,0,29,51,0,80,0,72,268,1,341,0,101,319,1,421,508,0,508,929
07/20/2023,FRG,NY,AEA,EN,Towers with Radar,0,28,32,0,60,0,134,506,5,645,0,162,538,5,705,518,0,518,1223
07/21/2023,FRG,NY,AEA,EN,Towers with Radar,0,43,18,0,61,0,24,52,2,78,0,67,70,2,139,132,0,132,271
07/22/2023,FRG,NY,AEA,EN,Towers with Radar,0,30,31,0,61,0,71,471,0,542,0,101,502,0,603,594,0,594,1197
07/23/2023,FRG,NY,AEA,EN,Towers with Radar,0,32,29,0,61,0,63,411,1,475,0,95,440,1,536,536,0,536,1072
07/24/2023,FRG,NY,AEA,EN,Towers with Radar,0,22,37,0,59,0,106,340,6,452,0,128,377,6,511,602,0,602,1113
07/25/2023,FRG,NY,AEA,EN,Towers with Radar,0,30,35,0,65,0,71,217,4,292,0,101,252,4,357,503,0,503,860
07/26/2023,FRG,NY,AEA,EN,Towers with Radar,0,29,30,2,61,0,84,335,4,423,0,113,365,6,484,446,0,446,930
07/27/2023,FRG,NY,AEA,EN,Towers with Radar,0,35,37,0,72,0,35,80,0,115,0,70,117,0,187,90,0,90,277
07/28/2023,FRG,NY,AEA,EN,Towers with Radar,0,21,39,0,60,0,71,319,6,396,0,92,358,6,456,394,0,394,850
07/29/2023,FRG,NY,AEA,EN,Towers with Radar,0,36,30,0,66,0,52,220,0,272,0,88,250,0,338,354,0,354,692
07/30/2023,FRG,NY,AEA,EN,Towers with Radar,0,32,34,0,66,0,46,318,0,364,0,78,352,0,430,496,0,496,926
07/31/2023,FRG,NY,AEA,EN,Towers with Radar,0,22,46,0,68,1,82,316,4,403,1,104,362,4,471,486,0,486,957
08/01/2023,FRG,NY,AEA,EN,Towers with Radar,0,17,27,0,44,0,67,327,3,397,0,84,354,3,441,550,0,550,991
08/02/2023,FRG,NY,AEA,EN,Towers with Radar,0,22,35,0,57,0,82,390,4,476,0,104,425,4,533,658,0,658,1191
08/03/2023,FRG,NY,AEA,EN,Towers with Radar,0,26,35,0,61,0,77,369,6,452,0,103,404,6,513,402,0,402,915
08/04/2023,FRG,NY,AEA,EN,Towers with Radar,0,30,31,0,61,0,42,79,2,123,0,72,110,2,184,310,0,310,494
08/05/2023,FRG,NY,AEA,EN,Towers with Radar,0,29,31,0,60,0,38,336,0,374,0,67,367,0,434,676,0,676,1110
08/06/2023,FRG,NY,AEA,EN,Towers with Radar,0,30,45,0,75,0,58,355,1,414,0,88,400,1,489,626,0,626,1115
08/07/2023,FRG,NY,AEA,EN,Towers with Radar,0,34,36,0,70,0,0,18,0,18,0,34,54,0,88,28,0,28,116
08/08/2023,FRG,NY,AEA,EN,Towers with Radar,0,18,35,0,53,0,28,74,4,106,0,46,109,4,159,114,0,114,273
08/09/2023,FRG,NY,AEA,EN,Towers with Radar,0,29,28,0,57,0,75,362,4,441,0,104,390,4,498,440,0,440,938
08/10/2023,FRG,NY,AEA,EN,Towers with Radar,0,46,30,0,76,0,46,149,1,196,0,92,179,1,272,369,0,369,641
08/11/2023,FRG,NY,AEA,EN,Towers with Radar,0,37,30,0,67,1,67,405,2,475,1,104,435,2,542,426,0,426,968
08/12/2023,FRG,NY,AEA,EN,Towers with Radar,0,23,27,1,51,0,13,281,1,295,0,36,308,2,346,317,0,317,663
08/13/2023,FRG,NY,AEA,EN,Towers with Radar,0,43,48,0,91,0,14,308,0,322,0,57,356,0,413,452,0,452,865
08/14/2023,FRG,NY,AEA,EN,Towers with Radar,0,35,25,0,60,0,85,315,6,406,0,120,340,6,466,740,0,740,1206
08/15/2023,FRG,NY,AEA,EN,Towers with Radar,0,28,27,0,55,0,10,35,5,50,0,38,62,5,105,152,0,152,257
08/16/2023,FRG,NY,AEA,EN,Towers with Radar,0,18,54,0,72,0,24,161,2,187,0,42,215,2,259,430,0,430,689
08/17/2023,FRG,NY,AEA,EN,Towers with Radar,0,29,56,0,85,0,4,19,1,24,0,33,75,1,109,0,0,0,109
08/18/2023,FRG,NY,AEA,EN,Towers with Radar,0,30,18,0,48,0,47,234,5,286,0,77,252,5,334,332,0,332,666
08/19/2023,FRG,NY,AEA,EN,Towers with Radar,0,24,31,0,55,0,39,312,0,351,0,63,343,0,406,410,0,410,816
08/20/2023,FRG,NY,AEA,EN,Towers with Radar,0,34,21,0,55,0,50,317,0,367,0,84,338,0,422,518,0,518,940
08/21/2023,FRG,NY,AEA,EN,Towers with Radar,0,22,36,0,58,0,67,266,5,338,0,89,302,5,396,496,0,496,892
08/22/2023,FRG,NY,AEA,EN,Towers with Radar,0,11,34,0,45,0,86,337,2,425,0,97,371,2,470,536,0,536,1006
08/23/2023,FRG,NY,AEA,EN,Towers with Radar,0,16,41,0,57,0,81,354,5,440,0,97,395,5,497,648,0,648,1145
08/24/2023,FRG,NY,AEA,EN,Towers with Radar,0,29,43,0,72,0,63,182,4,249,0,92,225,4,321,416,0,416,737
08/25/2023,FRG,NY,AEA,EN,Towers with Radar,0,29,39,0,68,0,0,9,2,11,0,29,48,2,79,0,0,0,79
08/26/2023,FRG,NY,AEA,EN,Towers with Radar,0,27,28,0,55,0,19,204,0,223,0,46,232,0,278,444,0,444,722
08/27/2023,FRG,NY,AEA,EN,Towers with Radar,0,29,34,1,64,0,33,396,4,433,0,62,430,5,497,616,0,616,1113
08/28/2023,FRG,NY,AEA,EN,Towers with Radar,0,30,46,0,76,0,9,114,4,127,0,39,160,4,203,800,0,800,1003
08/29/2023,FRG,NY,AEA,EN,Towers with Radar,0,29,52,0,81,0,9,26,0,35,0,38,78,0,116,94,0,94,210
08/30/2023,FRG,NY,AEA,EN,Towers with Radar,0,23,33,0,56,0,39,157,1,197,0,62,190,1,253,328,0,328,581
08/31/2023,FRG,NY,AEA,EN,Towers with Radar,0,29,47,0,76,0,78,351,1,430,0,107,398,1,506,442,0,442,948
