03/01/2000,HKY,NC,ASO,ES,Federal Contract Tower,0,13,29,0,42,0,4,86,0,90,0,17,115,0,132,42,0,42,174
03/02/2000,HKY,NC,ASO,ES,Federal Contract Tower,0,13,32,0,45,0,0,63,0,63,0,13,95,0,108,76,0,76,184
03/03/2000,HKY,NC,ASO,ES,Federal Contract Tower,0,15,31,0,46,0,0,55,0,55,0,15,86,0,101,65,0,65,166
03/04/2000,HKY,NC,ASO,ES,Federal Contract Tower,0,7,22,0,29,0,0,20,0,20,0,7,42,0,49,24,0,24,73
03/05/2000,HKY,NC,ASO,ES,Federal Contract Tower,0,8,16,0,24,0,3,86,0,89,0,11,102,0,113,43,0,43,156
03/06/2000,HKY,NC,ASO,ES,Federal Contract Tower,0,8,17,0,25,0,3,57,0,60,0,11,74,0,85,29,0,29,114
03/07/2000,HKY,NC,ASO,ES,Federal Contract Tower,0,13,28,0,41,0,1,93,0,94,0,14,121,0,135,40,0,40,175
03/08/2000,HKY,NC,ASO,ES,Federal Contract Tower,0,13,36,0,49,0,0,74,0,74,0,13,110,0,123,7,0,7,130
03/09/2000,HKY,NC,ASO,ES,Federal Contract Tower,0,11,36,0,47,2,0,92,0,94,2,11,128,0,141,34,0,34,175
03/10/2000,HKY,NC,ASO,ES,Federal Contract Tower,0,11,34,0,45,0,0,59,0,59,0,11,93,0,104,24,0,24,128
03/11/2000,HKY,NC,ASO,ES,Federal Contract Tower,0,6,11,0,17,0,1,10,0,11,0,7,21,0,28,0,0,0,28
03/12/2000,HKY,NC,ASO,ES,Federal Contract Tower,0,10,21,0,31,0,1,40,0,41,0,11,61,0,72,22,0,22,94
03/13/2000,HKY,NC,ASO,ES,Federal Contract Tower,0,16,34,0,50,0,6,55,0,61,0,22,89,0,111,55,0,55,166
03/14/2000,HKY,NC,ASO,ES,Federal Contract Tower,0,13,28,0,41,0,1,60,0,61,0,14,88,0,102,32,0,32,134
03/15/2000,HKY,NC,ASO,ES,Federal Contract Tower,0,15,30,0,45,0,1,77,0,78,0,16,107,0,123,50,0,50,173
03/16/2000,HKY,NC,ASO,ES,Federal Contract Tower,0,15,33,0,48,0,4,1,0,5,0,19,34,0,53,0,0,0,53
03/17/2000,HKY,NC,ASO,ES,Federal Contract Tower,0,14,32,0,46,0,7,22,0,29,0,21,54,0,75,16,0,16,91
03/18/2000,HKY,NC,ASO,ES,Federal Contract Tower,0,8,23,0,31,0,0,78,6,84,0,8,101,6,115,46,0,46,161
03/19/2000,HKY,NC,ASO,ES,Federal Contract Tower,0,11,27,0,38,0,1,23,0,24,0,12,50,0,62,12,0,12,74
03/20/2000,HKY,NC,ASO,ES,Federal Contract Tower,0,12,31,0,43,0,0,2,0,2,0,12,33,0,45,0,0,0,45
03/21/2000,HKY,NC,ASO,ES,Federal Contract Tower,0,11,27,0,38,0,2,46,0,48,0,13,73,0,86,30,0,30,116
03/22/2000,HKY,NC,ASO,ES,Federal Contract Tower,0,11,27,0,38,0,0,52,0,52,0,11,79,0,90,12,0,12,102
03/23/2000,HKY,NC,ASO,ES,Federal Contract Tower,0,12,35,0,47,0,0,69,0,69,0,12,104,0,116,16,0,16,132
03/24/2000,HKY,NC,ASO,ES,Federal Contract Tower,0,11,24,0,35,0,2,82,0,84,0,13,106,0,119,50,0,50,169
03/25/2000,HKY,NC,ASO,ES,Federal Contract Tower,0,8,20,0,28,0,1,87,2,90,0,9,107,2,118,44,0,44,162
03/26/2000,HKY,NC,ASO,ES,Federal Contract Tower,0,9,22,0,31,0,2,38,0,40,0,11,60,0,71,10,0,10,81
03/27/2000,HKY,NC,ASO,ES,Federal Contract Tower,0,12,35,0,47,0,0,5,0,5,0,12,40,0,52,4,0,4,56
03/28/2000,HKY,NC,ASO,ES,Federal Contract Tower,0,9,28,0,37,0,0,34,0,34,0,9,62,0,71,6,0,6,77
03/29/2000,HKY,NC,ASO,ES,Federal Contract Tower,0,11,36,0,47,0,0,65,0,65,0,11,101,0,112,32,0,32,144
03/30/2000,HKY,NC,ASO,ES,Federal Contract Tower,0,10,22,0,32,0,1,45,0,46,0,11,67,0,78,6,0,6,84
03/31/2000,HKY,NC,ASO,ES,Federal Contract Tower,0,9,25,0,34,0,0,106,0,106,0,9,131,0,140,30,0,30,170
04/01/2000,HKY,NC,ASO,ES,Federal Contract Tower,0,7,17,0,24,0,2,67,0,69,0,9,84,0,93,48,0,48,141
04/02/2000,HKY,NC,ASO,ES,Federal Contract Tower,0,8,22,0,30,0,0,0,4,4,0,8,22,4,34,2,0,2,36
04/03/2000,HKY,NC,ASO,ES,Federal Contract Tower,0,9,23,0,32,0,2,11,0,13,0,11,34,0,45,14,0,14,59
04/04/2000,HKY,NC,ASO,ES,Federal Contract Tower,0,11,27,0,38,0,0,0,0,0,0,11,27,0,38,0,0,0,38
04/05/2000,HKY,NC,ASO,ES,Federal Contract Tower,0,10,32,0,42,0,0,49,4,53,0,10,81,4,95,60,0,60,155
04/06/2000,HKY,NC,ASO,ES,Federal Contract Tower,0,12,32,0,44,0,0,97,0,97,0,12,129,0,141,4,0,4,145
04/07/2000,HKY,NC,ASO,ES,Federal Contract Tower,0,11,33,1,45,0,0,84,3,87,0,11,117,4,132,2,0,2,134
04/08/2000,HKY,NC,ASO,ES,Federal Contract Tower,0,4,13,0,17,0,2,3,0,5,0,6,16,0,22,0,0,0,22
04/09/2000,HKY,NC,ASO,ES,Federal Contract Tower,0,9,24,0,33,0,1,36,0,37,0,10,60,0,70,36,0,36,106
04/10/2000,HKY,NC,ASO,ES,Federal Contract Tower,0,12,35,1,48,0,0,79,2,81,0,12,114,3,129,38,0,38,167
04/11/2000,HKY,NC,ASO,ES,Federal Contract Tower,0,11,34,0,45,0,0,53,0,53,0,11,87,0,98,8,0,8,106
04/12/2000,HKY,NC,ASO,ES,Federal Contract Tower,0,13,38,0,51,0,0,46,0,46,0,13,84,0,97,26,0,26,123
04/13/2000,HKY,NC,ASO,ES,Federal Contract Tower,0,12,44,0,56,0,0,16,0,16,0,12,60,0,72,0,0,0,72
04/14/2000,HKY,NC,ASO,ES,Federal Contract Tower,0,14,40,0,54,0,0,2,0,2,0,14,42,0,56,0,0,0,56
04/15/2000,HKY,NC,ASO,ES,Federal Contract Tower,0,4,23,0,27,0,0,4,0,4,0,4,27,0,31,0,0,0,31
04/16/2000,HKY,NC,ASO,ES,Federal Contract Tower,0,6,23,0,29,0,0,70,0,70,0,6,93,0,99,14,0,14,113
04/17/2000,HKY,NC,ASO,ES,Federal Contract Tower,0,8,24,0,32,0,2,21,0,23,0,10,45,0,55,16,0,16,71
04/18/2000,HKY,NC,ASO,ES,Federal Contract Tower,0,12,33,0,45,0,1,24,2,27,0,13,57,2,72,10,0,10,82
04/19/2000,HKY,NC,ASO,ES,Federal Contract Tower,0,13,41,0,54,0,0,89,2,91,0,13,130,2,145,68,0,68,213
04/20/2000,HKY,NC,ASO,ES,Federal Contract Tower,0,14,41,0,55,0,1,83,0,84,0,15,124,0,139,38,0,38,177
04/21/2000,HKY,NC,ASO,ES,Federal Contract Tower,0,7,19,0,26,0,6,26,0,32,0,13,45,0,58,0,0,0,58
04/22/2000,HKY,NC,ASO,ES,Federal Contract Tower,0,5,24,0,29,0,0,28,0,28,0,5,52,0,57,16,0,16,73
04/23/2000,HKY,NC,ASO,ES,Federal Contract Tower,0,7,21,0,28,0,1,61,0,62,0,8,82,0,90,24,0,24,114
04/24/2000,HKY,NC,ASO,ES,Federal Contract Tower,0,10,28,0,38,0,3,26,0,29,0,13,54,0,67,18,0,18,85
04/25/2000,HKY,NC,ASO,ES,Federal Contract Tower,0,18,49,0,67,0,4,17,1,22,0,22,66,1,89,0,0,0,89
04/26/2000,HKY,NC,ASO,ES,Federal Contract Tower,0,11,32,0,43,0,5,37,0,42,0,16,69,0,85,86,0,86,171
04/27/2000,HKY,NC,ASO,ES,Federal Contract Tower,0,18,50,0,68,0,6,73,0,79,0,24,123,0,147,52,0,52,199
04/28/2000,HKY,NC,ASO,ES,Federal Contract Tower,0,12,57,0,69,0,0,15,1,16,0,12,72,1,85,6,0,6,91
04/29/2000,HKY,NC,ASO,ES,Federal Contract Tower,0,3,10,0,13,0,1,23,0,24,0,4,33,0,37,12,0,12,49
04/30/2000,HKY,NC,ASO,ES,Federal Contract Tower,0,7,27,0,34,0,0,86,0,86,0,7,113,0,120,28,0,28,148
05/01/2000,HKY,NC,ASO,ES,Federal Contract Tower,0,10,26,0,36,0,4,38,0,42,0,14,64,0,78,8,0,8,86
05/02/2000,HKY,NC,ASO,ES,Federal Contract Tower,0,15,41,0,56,0,3,44,0,47,0,18,85,0,103,18,0,18,121
05/03/2000,HKY,NC,ASO,ES,Federal Contract Tower,0,14,37,0,51,0,4,35,0,39,0,18,72,0,90,74,0,74,164
05/04/2000,HKY,NC,ASO,ES,Federal Contract Tower,0,12,48,0,60,0,0,61,0,61,0,12,109,0,121,28,0,28,149
05/05/2000,HKY,NC,ASO,ES,Federal Contract Tower,0,10,37,0,47,0,0,56,0,56,0,10,93,0,103,34,0,34,137
05/06/2000,HKY,NC,ASO,ES,Federal Contract Tower,0,5,16,0,21,0,0,44,4,48,0,5,60,4,69,48,0,48,117
05/07/2000,HKY,NC,ASO,ES,Federal Contract Tower,0,6,22,0,28,0,0,68,0,68,0,6,90,0,96,74,0,74,170
05/08/2000,HKY,NC,ASO,ES,Federal Contract Tower,0,9,23,0,32,0,3,39,0,42,0,12,62,0,74,32,0,32,106
05/09/2000,HKY,NC,ASO,ES,Federal Contract Tower,0,12,30,0,42,0,0,53,6,59,0,12,83,6,101,28,0,28,129
05/10/2000,HKY,NC,ASO,ES,Federal Contract Tower,0,11,35,0,46,0,0,61,4,65,0,11,96,4,111,6,0,6,117
05/11/2000,HKY,NC,ASO,ES,Federal Contract Tower,0,12,31,0,43,0,2,108,2,112,0,14,139,2,155,38,0,38,193
05/12/2000,HKY,NC,ASO,ES,Federal Contract Tower,0,11,34,0,45,0,0,73,0,73,0,11,107,0,118,44,0,44,162
05/13/2000,HKY,NC,ASO,ES,Federal Contract Tower,0,4,13,0,17,0,0,42,0,42,0,4,55,0,59,34,0,34,93
05/14/2000,HKY,NC,ASO,ES,Federal Contract Tower,0,7,20,0,27,0,1,61,0,62,0,8,81,0,89,14,0,14,103
05/15/2000,HKY,NC,ASO,ES,Federal Contract Tower,0,9,27,0,36,0,4,28,0,32,0,13,55,0,68,0,0,0,68
05/16/2000,HKY,NC,ASO,ES,Federal Contract Tower,0,12,34,0,46,0,2,90,0,92,0,14,124,0,138,30,0,30,168
05/17/2000,HKY,NC,ASO,ES,Federal Contract Tower,0,13,44,0,57,0,0,61,0,61,0,13,105,0,118,20,0,20,138
05/18/2000,HKY,NC,ASO,ES,Federal Contract Tower,0,14,43,0,57,0,0,52,2,54,0,14,95,2,111,6,0,6,117
05/19/2000,HKY,NC,ASO,ES,Federal Contract Tower,0,12,36,0,48,0,3,98,2,103,0,15,134,2,151,46,0,46,197
05/20/2000,HKY,NC,ASO,ES,Federal Contract Tower,0,2,18,0,20,0,0,422,0,422,0,2,440,0,442,0,0,0,442
05/21/2000,HKY,NC,ASO,ES,Federal Contract Tower,0,9,25,0,34,0,0,240,6,246,0,9,265,6,280,48,0,48,328
05/22/2000,HKY,NC,ASO,ES,Federal Contract Tower,0,10,31,0,41,0,3,60,6,69,0,13,91,6,110,18,0,18,128
05/23/2000,HKY,NC,ASO,ES,Federal Contract Tower,0,11,33,0,44,0,3,44,4,51,0,14,77,4,95,26,0,26,121
05/24/2000,HKY,NC,ASO,ES,Federal Contract Tower,0,10,30,0,40,0,0,66,4,70,0,10,96,4,110,36,0,36,146
05/25/2000,HKY,NC,ASO,ES,Federal Contract Tower,0,11,32,0,43,0,1,33,4,38,0,12,65,4,81,14,0,14,95
05/26/2000,HKY,NC,ASO,ES,Federal Contract Tower,0,10,29,0,39,0,2,73,0,75,0,12,102,0,114,0,0,0,114
05/27/2000,HKY,NC,ASO,ES,Federal Contract Tower,0,4,20,0,24,0,0,28,0,28,0,4,48,0,52,12,0,12,64
05/28/2000,HKY,NC,ASO,ES,Federal Contract Tower,0,4,16,0,20,0,0,14,0,14,0,4,30,0,34,6,0,6,40
05/29/2000,HKY,NC,ASO,ES,Federal Contract Tower,0,7,23,0,30,0,1,34,0,35,0,8,57,0,65,12,0,12,77
05/30/2000,HKY,NC,ASO,ES,Federal Contract Tower,0,12,42,0,54,0,0,62,0,62,0,12,104,0,116,32,0,32,148
05/31/2000,HKY,NC,ASO,ES,Federal Contract Tower,0,12,38,0,50,0,0,92,6,98,0,12,130,6,148,58,0,58,206
06/01/2000,HKY,NC,ASO,ES,Federal Contract Tower,0,13,41,0,54,0,0,74,0,74,0,13,115,0,128,26,0,26,154
06/02/2000,HKY,NC,ASO,ES,Federal Contract Tower,0,12,35,0,47,0,0,70,1,71,0,12,105,1,118,31,0,31,149
06/03/2000,HKY,NC,ASO,ES,Federal Contract Tower,0,6,17,0,23,0,0,43,0,43,0,6,60,0,66,36,0,36,102
06/04/2000,HKY,NC,ASO,ES,Federal Contract Tower,0,8,38,0,46,0,0,28,2,30,0,8,66,2,76,0,0,0,76
06/05/2000,HKY,NC,ASO,ES,Federal Contract Tower,0,14,37,0,51,0,4,0,8,12,0,18,37,8,63,0,0,0,63
06/06/2000,HKY,NC,ASO,ES,Federal Contract Tower,0,12,38,1,51,0,0,47,7,54,0,12,85,8,105,4,0,4,109
06/07/2000,HKY,NC,ASO,ES,Federal Contract Tower,0,13,45,0,58,0,0,80,0,80,0,13,125,0,138,20,0,20,158
06/08/2000,HKY,NC,ASO,ES,Federal Contract Tower,0,10,35,0,45,0,0,87,0,87,0,10,122,0,132,16,0,16,148
06/09/2000,HKY,NC,ASO,ES,Federal Contract Tower,0,11,31,0,42,0,0,75,0,75,0,11,106,0,117,22,0,22,139
06/10/2000,HKY,NC,ASO,ES,Federal Contract Tower,0,3,9,0,12,0,7,69,0,76,0,10,78,0,88,0,0,0,88
06/11/2000,HKY,NC,ASO,ES,Federal Contract Tower,0,8,23,0,31,0,2,45,0,47,0,10,68,0,78,10,0,10,88
06/12/2000,HKY,NC,ASO,ES,Federal Contract Tower,0,9,28,1,38,0,1,36,1,38,0,10,64,2,76,22,0,22,98
06/13/2000,HKY,NC,ASO,ES,Federal Contract Tower,0,11,31,1,43,0,2,56,2,60,0,13,87,3,103,50,0,50,153
06/14/2000,HKY,NC,ASO,ES,Federal Contract Tower,0,13,37,1,51,0,0,44,3,47,0,13,81,4,98,2,0,2,100
06/15/2000,HKY,NC,ASO,ES,Federal Contract Tower,0,12,37,1,50,0,3,38,7,48,0,15,75,8,98,16,0,16,114
06/16/2000,HKY,NC,ASO,ES,Federal Contract Tower,0,12,36,1,49,0,0,27,5,32,0,12,63,6,81,24,0,24,105
06/17/2000,HKY,NC,ASO,ES,Federal Contract Tower,0,4,21,0,25,0,0,61,0,61,0,4,82,0,86,72,0,72,158
06/18/2000,HKY,NC,ASO,ES,Federal Contract Tower,0,8,26,0,34,0,0,26,2,28,0,8,52,2,62,4,0,4,66
06/19/2000,HKY,NC,ASO,ES,Federal Contract Tower,0,11,37,0,48,0,0,48,0,48,0,11,85,0,96,14,0,14,110
06/20/2000,HKY,NC,ASO,ES,Federal Contract Tower,0,10,45,0,55,0,0,25,0,25,0,10,70,0,80,38,0,38,118
06/21/2000,HKY,NC,ASO,ES,Federal Contract Tower,0,12,37,0,49,0,2,29,8,39,0,14,66,8,88,26,0,26,114
06/22/2000,HKY,NC,ASO,ES,Federal Contract Tower,0,12,35,0,47,0,0,43,0,43,0,12,78,0,90,18,0,18,108
06/23/2000,HKY,NC,ASO,ES,Federal Contract Tower,0,11,34,0,45,0,4,80,2,86,0,15,114,2,131,30,0,30,161
06/24/2000,HKY,NC,ASO,ES,Federal Contract Tower,0,3,11,0,14,0,1,71,0,72,0,4,82,0,86,32,0,32,118
06/25/2000,HKY,NC,ASO,ES,Federal Contract Tower,0,8,23,0,31,0,2,68,0,70,0,10,91,0,101,14,0,14,115
06/26/2000,HKY,NC,ASO,ES,Federal Contract Tower,0,12,38,0,50,0,2,47,0,49,0,14,85,0,99,38,0,38,137
06/27/2000,HKY,NC,ASO,ES,Federal Contract Tower,0,12,37,0,49,0,0,63,0,63,0,12,100,0,112,68,0,68,180
06/28/2000,HKY,NC,ASO,ES,Federal Contract Tower,0,10,43,0,53,0,0,14,0,14,0,10,57,0,67,6,0,6,73
06/29/2000,HKY,NC,ASO,ES,Federal Contract Tower,0,13,39,0,52,0,0,50,0,50,0,13,89,0,102,56,0,56,158
06/30/2000,HKY,NC,ASO,ES,Federal Contract Tower,0,15,43,0,58,0,1,71,4,76,0,16,114,4,134,30,0,30,164
07/01/2000,HKY,NC,ASO,ES,Federal Contract Tower,0,5,26,0,31,0,0,52,0,52,0,5,78,0,83,24,0,24,107
07/02/2000,HKY,NC,ASO,ES,Federal Contract Tower,0,11,25,0,36,0,17,40,0,57,0,28,65,0,93,30,0,30,123
07/03/2000,HKY,NC,ASO,ES,Federal Contract Tower,0,4,12,0,16,0,0,45,0,45,0,4,57,0,61,36,0,36,97
07/04/2000,HKY,NC,ASO,ES,Federal Contract Tower,0,5,11,0,16,0,3,19,0,22,0,8,30,0,38,10,0,10,48
07/05/2000,HKY,NC,ASO,ES,Federal Contract Tower,0,12,26,0,38,0,1,32,0,33,0,13,58,0,71,8,0,8,79
07/06/2000,HKY,NC,ASO,ES,Federal Contract Tower,0,17,39,0,56,0,0,29,4,33,0,17,68,4,89,8,0,8,97
07/07/2000,HKY,NC,ASO,ES,Federal Contract Tower,0,10,23,0,33,0,2,44,2,48,0,12,67,2,81,6,0,6,87
07/08/2000,HKY,NC,ASO,ES,Federal Contract Tower,0,4,16,0,20,0,0,43,0,43,0,4,59,0,63,0,0,0,63
07/09/2000,HKY,NC,ASO,ES,Federal Contract Tower,0,11,26,0,37,0,8,46,0,54,0,19,72,0,91,30,0,30,121
07/10/2000,HKY,NC,ASO,ES,Federal Contract Tower,0,16,37,0,53,0,16,55,0,71,0,32,92,0,124,50,0,50,174
07/11/2000,HKY,NC,ASO,ES,Federal Contract Tower,0,10,36,0,46,0,0,43,0,43,0,10,79,0,89,24,0,24,113
07/12/2000,HKY,NC,ASO,ES,Federal Contract Tower,0,14,36,0,50,0,0,29,0,29,0,14,65,0,79,8,0,8,87
07/13/2000,HKY,NC,ASO,ES,Federal Contract Tower,0,13,32,0,45,0,3,0,0,3,0,16,32,0,48,0,0,0,48
07/14/2000,HKY,NC,ASO,ES,Federal Contract Tower,0,14,36,0,50,0,5,48,2,55,0,19,84,2,105,22,0,22,127
07/15/2000,HKY,NC,ASO,ES,Federal Contract Tower,0,4,14,0,18,0,0,47,0,47,0,4,61,0,65,28,0,28,93
07/16/2000,HKY,NC,ASO,ES,Federal Contract Tower,0,7,28,0,35,0,0,46,0,46,0,7,74,0,81,6,0,6,87
07/17/2000,HKY,NC,ASO,ES,Federal Contract Tower,0,12,31,0,43,0,5,64,0,69,0,17,95,0,112,34,0,34,146
07/18/2000,HKY,NC,ASO,ES,Federal Contract Tower,0,15,37,0,52,0,0,55,0,55,0,15,92,0,107,38,0,38,145
07/19/2000,HKY,NC,ASO,ES,Federal Contract Tower,0,12,30,0,42,0,0,44,0,44,0,12,74,0,86,32,0,32,118
07/20/2000,HKY,NC,ASO,ES,Federal Contract Tower,0,15,37,0,52,0,0,72,0,72,0,15,109,0,124,28,0,28,152
07/21/2000,HKY,NC,ASO,ES,Federal Contract Tower,0,12,44,0,56,0,0,87,0,87,0,12,131,0,143,20,0,20,163
07/22/2000,HKY,NC,ASO,ES,Federal Contract Tower,0,4,20,0,24,0,0,24,0,24,0,4,44,0,48,10,0,10,58
07/23/2000,HKY,NC,ASO,ES,Federal Contract Tower,0,8,31,0,39,0,0,11,0,11,0,8,42,0,50,0,0,0,50
07/24/2000,HKY,NC,ASO,ES,Federal Contract Tower,0,14,44,0,58,0,0,3,0,3,0,14,47,0,61,0,0,0,61
07/25/2000,HKY,NC,ASO,ES,Federal Contract Tower,0,15,51,0,66,0,0,10,0,10,0,15,61,0,76,4,0,4,80
07/26/2000,HKY,NC,ASO,ES,Federal Contract Tower,0,14,37,0,51,0,0,44,2,46,0,14,81,2,97,48,0,48,145
07/27/2000,HKY,NC,ASO,ES,Federal Contract Tower,0,22,55,0,77,0,1,49,19,69,0,23,104,19,146,11,0,11,157
07/28/2000,HKY,NC,ASO,ES,Federal Contract Tower,0,14,35,0,49,0,2,44,0,46,0,16,79,0,95,12,0,12,107
07/29/2000,HKY,NC,ASO,ES,Federal Contract Tower,0,8,20,0,28,0,3,49,0,52,0,11,69,0,80,32,0,32,112
07/30/2000,HKY,NC,ASO,ES,Federal Contract Tower,0,10,29,0,39,0,0,25,1,26,0,10,54,1,65,4,0,4,69
07/31/2000,HKY,NC,ASO,ES,Federal Contract Tower,0,13,34,0,47,0,7,15,5,27,0,20,49,5,74,4,0,4,78
08/01/2000,HKY,NC,ASO,ES,Federal Contract Tower,0,13,45,0,58,0,0,26,2,28,0,13,71,2,86,16,0,16,102
08/02/2000,HKY,NC,ASO,ES,Federal Contract Tower,0,18,40,0,58,0,2,18,0,20,0,20,58,0,78,22,0,22,100
08/03/2000,HKY,NC,ASO,ES,Federal Contract Tower,0,16,35,0,51,0,2,36,0,38,0,18,71,0,89,0,0,0,89
08/04/2000,HKY,NC,ASO,ES,Federal Contract Tower,0,14,33,0,47,0,0,26,1,27,0,14,59,1,74,34,0,34,108
08/05/2000,HKY,NC,ASO,ES,Federal Contract Tower,0,8,25,0,33,0,0,44,3,47,0,8,69,3,80,60,0,60,140
08/06/2000,HKY,NC,ASO,ES,Federal Contract Tower,0,8,26,0,34,0,0,27,3,30,0,8,53,3,64,16,0,16,80
08/07/2000,HKY,NC,ASO,ES,Federal Contract Tower,0,13,31,0,44,0,2,46,2,50,0,15,77,2,94,36,0,36,130
08/08/2000,HKY,NC,ASO,ES,Federal Contract Tower,0,17,38,0,55,0,5,48,3,56,0,22,86,3,111,40,0,40,151
08/09/2000,HKY,NC,ASO,ES,Federal Contract Tower,0,11,41,0,52,0,0,66,4,70,0,11,107,4,122,64,0,64,186
08/10/2000,HKY,NC,ASO,ES,Federal Contract Tower,0,13,28,0,41,0,0,49,2,51,0,13,77,2,92,46,0,46,138
08/11/2000,HKY,NC,ASO,ES,Federal Contract Tower,0,14,31,0,45,0,1,50,2,53,0,15,81,2,98,32,0,32,130
08/12/2000,HKY,NC,ASO,ES,Federal Contract Tower,0,4,16,0,20,0,0,90,0,90,0,4,106,0,110,8,0,8,118
08/13/2000,HKY,NC,ASO,ES,Federal Contract Tower,0,8,25,1,34,0,0,64,1,65,0,8,89,2,99,6,0,6,105
08/14/2000,HKY,NC,ASO,ES,Federal Contract Tower,0,11,28,0,39,0,4,79,0,83,0,15,107,0,122,76,0,76,198
08/15/2000,HKY,NC,ASO,ES,Federal Contract Tower,0,15,37,0,52,0,2,61,0,63,0,17,98,0,115,24,0,24,139
08/16/2000,HKY,NC,ASO,ES,Federal Contract Tower,0,11,34,0,45,0,0,89,0,89,0,11,123,0,134,46,0,46,180
08/17/2000,HKY,NC,ASO,ES,Federal Contract Tower,0,14,34,0,48,0,2,49,0,51,0,16,83,0,99,30,0,30,129
08/18/2000,HKY,NC,ASO,ES,Federal Contract Tower,0,11,28,0,39,0,2,22,2,26,0,13,50,2,65,4,0,4,69
08/19/2000,HKY,NC,ASO,ES,Federal Contract Tower,0,6,17,0,23,0,0,62,2,64,0,6,79,2,87,48,0,48,135
08/20/2000,HKY,NC,ASO,ES,Federal Contract Tower,0,8,32,0,40,0,0,31,0,31,0,8,63,0,71,16,0,16,87
08/21/2000,HKY,NC,ASO,ES,Federal Contract Tower,0,9,23,0,32,0,3,45,6,54,0,12,68,6,86,78,0,78,164
08/22/2000,HKY,NC,ASO,ES,Federal Contract Tower,0,14,43,0,57,0,0,77,6,83,0,14,120,6,140,70,0,70,210
08/23/2000,HKY,NC,ASO,ES,Federal Contract Tower,0,15,40,0,55,0,0,67,0,67,0,15,107,0,122,86,0,86,208
08/24/2000,HKY,NC,ASO,ES,Federal Contract Tower,0,10,26,0,36,0,3,32,0,35,0,13,58,0,71,28,0,28,99
08/25/2000,HKY,NC,ASO,ES,Federal Contract Tower,0,12,32,0,44,0,0,69,4,73,0,12,101,4,117,48,0,48,165
08/26/2000,HKY,NC,ASO,ES,Federal Contract Tower,0,8,28,0,36,0,0,57,0,57,0,8,85,0,93,46,0,46,139
08/27/2000,HKY,NC,ASO,ES,Federal Contract Tower,0,8,22,0,30,0,0,28,0,28,0,8,50,0,58,28,0,28,86
08/28/2000,HKY,NC,ASO,ES,Federal Contract Tower,0,12,29,0,41,0,1,39,0,40,0,13,68,0,81,28,0,28,109
08/29/2000,HKY,NC,ASO,ES,Federal Contract Tower,0,8,20,0,28,0,5,58,0,63,0,13,78,0,91,64,0,64,155
08/30/2000,HKY,NC,ASO,ES,Federal Contract Tower,0,16,39,0,55,0,2,19,0,21,0,18,58,0,76,52,0,52,128
08/31/2000,HKY,NC,ASO,ES,Federal Contract Tower,0,12,31,0,43,0,4,16,6,26,0,16,47,6,69,18,0,18,87
09/01/2000,HKY,NC,ASO,ES,Federal Contract Tower,0,14,31,0,45,0,0,9,0,9,0,14,40,0,54,0,0,0,54
09/02/2000,HKY,NC,ASO,ES,Federal Contract Tower,0,4,17,0,21,0,0,7,0,7,0,4,24,0,28,0,0,0,28
09/03/2000,HKY,NC,ASO,ES,Federal Contract Tower,0,2,10,0,12,0,0,5,0,5,0,2,15,0,17,0,0,0,17
09/04/2000,HKY,NC,ASO,ES,Federal Contract Tower,0,9,21,0,30,0,1,11,0,12,0,10,32,0,42,0,0,0,42
09/05/2000,HKY,NC,ASO,ES,Federal Contract Tower,0,16,37,0,53,0,2,3,0,5,0,18,40,0,58,0,0,0,58
09/06/2000,HKY,NC,ASO,ES,Federal Contract Tower,0,13,30,0,43,0,1,16,0,17,0,14,46,0,60,0,0,0,60
09/07/2000,HKY,NC,ASO,ES,Federal Contract Tower,0,16,44,1,61,0,0,52,1,53,0,16,96,2,114,34,0,34,148
09/08/2000,HKY,NC,ASO,ES,Federal Contract Tower,0,14,38,0,52,0,0,59,0,59,0,14,97,0,111,38,0,38,149
09/09/2000,HKY,NC,ASO,ES,Federal Contract Tower,0,6,18,0,24,0,0,60,0,60,0,6,78,0,84,28,0,28,112
09/10/2000,HKY,NC,ASO,ES,Federal Contract Tower,0,10,24,0,34,0,1,42,0,43,0,11,66,0,77,14,0,14,91
09/11/2000,HKY,NC,ASO,ES,Federal Contract Tower,0,12,35,1,48,0,0,69,4,73,0,12,104,5,121,66,0,66,187
09/12/2000,HKY,NC,ASO,ES,Federal Contract Tower,0,12,30,1,43,0,3,48,5,56,0,15,78,6,99,34,0,34,133
09/13/2000,HKY,NC,ASO,ES,Federal Contract Tower,0,15,36,1,52,0,4,43,7,54,0,19,79,8,106,40,0,40,146
09/14/2000,HKY,NC,ASO,ES,Federal Contract Tower,0,12,35,1,48,0,0,40,5,45,0,12,75,6,93,28,0,28,121
09/15/2000,HKY,NC,ASO,ES,Federal Contract Tower,0,12,28,0,40,0,3,42,0,45,0,15,70,0,85,36,0,36,121
09/16/2000,HKY,NC,ASO,ES,Federal Contract Tower,0,7,19,0,26,0,0,60,0,60,0,7,79,0,86,24,0,24,110
09/17/2000,HKY,NC,ASO,ES,Federal Contract Tower,0,8,26,0,34,0,0,59,0,59,0,8,85,0,93,12,0,12,105
09/18/2000,HKY,NC,ASO,ES,Federal Contract Tower,0,14,36,0,50,0,0,8,4,12,0,14,44,4,62,38,0,38,100
09/19/2000,HKY,NC,ASO,ES,Federal Contract Tower,0,14,33,0,47,0,5,46,2,53,0,19,79,2,100,8,0,8,108
09/20/2000,HKY,NC,ASO,ES,Federal Contract Tower,0,15,38,0,53,0,2,40,4,46,0,17,78,4,99,16,0,16,115
09/21/2000,HKY,NC,ASO,ES,Federal Contract Tower,0,13,40,0,53,0,0,32,2,34,0,13,72,2,87,6,0,6,93
09/22/2000,HKY,NC,ASO,ES,Federal Contract Tower,0,12,36,0,48,0,0,19,0,19,0,12,55,0,67,2,0,2,69
09/23/2000,HKY,NC,ASO,ES,Federal Contract Tower,0,6,15,0,21,0,0,19,0,19,0,6,34,0,40,12,0,12,52
09/24/2000,HKY,NC,ASO,ES,Federal Contract Tower,0,10,28,0,38,0,0,41,2,43,0,10,69,2,81,16,0,16,97
09/25/2000,HKY,NC,ASO,ES,Federal Contract Tower,0,11,26,0,37,0,4,0,0,4,0,15,26,0,41,2,0,2,43
09/26/2000,HKY,NC,ASO,ES,Federal Contract Tower,0,15,36,0,51,0,0,21,0,21,0,15,57,0,72,14,1,15,87
09/27/2000,HKY,NC,ASO,ES,Federal Contract Tower,0,14,35,0,49,0,2,53,4,59,0,16,88,4,108,12,0,12,120
09/28/2000,HKY,NC,ASO,ES,Federal Contract Tower,0,13,33,0,46,0,3,58,2,63,0,16,91,2,109,20,0,20,129
09/29/2000,HKY,NC,ASO,ES,Federal Contract Tower,0,13,33,0,46,0,2,41,4,47,0,15,74,4,93,28,0,28,121
09/30/2000,HKY,NC,ASO,ES,Federal Contract Tower,0,7,18,0,25,0,1,51,0,52,0,8,69,0,77,30,0,30,107
10/01/2000,HKY,NC,ASO,ES,Federal Contract Tower,0,9,20,0,29,0,0,62,10,72,0,9,82,10,101,46,0,46,147
10/02/2000,HKY,NC,ASO,ES,Federal Contract Tower,0,13,28,0,41,0,4,80,2,86,0,17,108,2,127,68,0,68,195
10/03/2000,HKY,NC,ASO,ES,Federal Contract Tower,0,12,30,0,42,0,0,71,0,71,0,12,101,0,113,22,0,22,135
10/04/2000,HKY,NC,ASO,ES,Federal Contract Tower,0,16,37,0,53,0,0,30,2,32,0,16,67,2,85,12,0,12,97
10/05/2000,HKY,NC,ASO,ES,Federal Contract Tower,0,12,37,0,49,0,0,72,0,72,0,12,109,0,121,18,0,18,139
10/06/2000,HKY,NC,ASO,ES,Federal Contract Tower,0,12,32,0,44,0,0,66,0,66,0,12,98,0,110,50,0,50,160
10/07/2000,HKY,NC,ASO,ES,Federal Contract Tower,0,8,20,0,28,2,0,52,5,59,2,8,72,5,87,28,0,28,115
10/08/2000,HKY,NC,ASO,ES,Federal Contract Tower,0,8,24,0,32,0,0,38,5,43,0,8,62,5,75,26,0,26,101
10/09/2000,HKY,NC,ASO,ES,Federal Contract Tower,0,12,23,0,35,0,0,42,0,42,0,12,65,0,77,18,0,18,95
10/10/2000,HKY,NC,ASO,ES,Federal Contract Tower,0,15,30,0,45,0,0,51,0,51,0,15,81,0,96,18,0,18,114
10/11/2000,HKY,NC,ASO,ES,Federal Contract Tower,0,12,25,0,37,0,7,64,0,71,0,19,89,0,108,42,0,42,150
10/12/2000,HKY,NC,ASO,ES,Federal Contract Tower,0,16,33,1,50,0,2,81,5,88,0,18,114,6,138,54,4,58,196
10/13/2000,HKY,NC,ASO,ES,Federal Contract Tower,0,12,29,0,41,0,0,77,0,77,0,12,106,0,118,38,0,38,156
10/14/2000,HKY,NC,ASO,ES,Federal Contract Tower,0,9,20,0,29,2,3,55,0,60,2,12,75,0,89,68,0,68,157
10/15/2000,HKY,NC,ASO,ES,Federal Contract Tower,0,9,23,0,32,0,0,89,0,89,0,9,112,0,121,36,0,36,157
10/16/2000,HKY,NC,ASO,ES,Federal Contract Tower,0,7,17,0,24,0,7,73,0,80,0,14,90,0,104,66,0,66,170
10/17/2000,HKY,NC,ASO,ES,Federal Contract Tower,0,14,29,0,43,0,5,39,0,44,0,19,68,0,87,52,0,52,139
10/18/2000,HKY,NC,ASO,ES,Federal Contract Tower,0,15,34,0,49,0,0,28,19,47,0,15,62,19,96,10,2,12,108
10/19/2000,HKY,NC,ASO,ES,Federal Contract Tower,0,17,40,0,57,0,0,67,0,67,0,17,107,0,124,20,0,20,144
10/20/2000,HKY,NC,ASO,ES,Federal Contract Tower,0,14,29,0,43,0,1,65,0,66,0,15,94,0,109,32,0,32,141
10/21/2000,HKY,NC,ASO,ES,Federal Contract Tower,0,8,18,0,26,0,1,58,0,59,0,9,76,0,85,36,0,36,121
10/22/2000,HKY,NC,ASO,ES,Federal Contract Tower,0,8,27,0,35,0,0,46,0,46,0,8,73,0,81,14,0,14,95
10/23/2000,HKY,NC,ASO,ES,Federal Contract Tower,0,15,31,0,46,0,0,56,0,56,0,15,87,0,102,88,0,88,190
10/24/2000,HKY,NC,ASO,ES,Federal Contract Tower,0,13,28,0,41,0,6,59,0,65,0,19,87,0,106,68,0,68,174
10/25/2000,HKY,NC,ASO,ES,Federal Contract Tower,0,11,24,0,35,0,5,61,0,66,0,16,85,0,101,92,0,92,193
10/26/2000,HKY,NC,ASO,ES,Federal Contract Tower,0,16,33,0,49,0,5,30,0,35,0,21,63,0,84,44,2,46,130
10/27/2000,HKY,NC,ASO,ES,Federal Contract Tower,0,20,41,0,61,0,0,50,6,56,0,20,91,6,117,16,0,16,133
10/28/2000,HKY,NC,ASO,ES,Federal Contract Tower,0,6,17,0,23,0,0,69,0,69,0,6,86,0,92,38,0,38,130
10/29/2000,HKY,NC,ASO,ES,Federal Contract Tower,0,9,21,0,30,0,0,88,0,88,0,9,109,0,118,32,0,32,150
10/30/2000,HKY,NC,ASO,ES,Federal Contract Tower,0,8,17,0,25,0,6,74,4,84,0,14,91,4,109,36,0,36,145
10/31/2000,HKY,NC,ASO,ES,Federal Contract Tower,0,16,34,0,50,0,2,86,0,88,0,18,120,0,138,34,0,34,172
11/01/2000,HKY,NC,ASO,ES,Federal Contract Tower,0,14,33,0,47,0,0,101,0,101,0,14,134,0,148,46,0,46,194
11/02/2000,HKY,NC,ASO,ES,Federal Contract Tower,0,16,37,0,53,0,0,55,4,59,0,16,92,4,112,18,0,18,130
11/03/2000,HKY,NC,ASO,ES,Federal Contract Tower,0,17,33,0,50,0,4,37,0,41,0,21,70,0,91,10,0,10,101
11/04/2000,HKY,NC,ASO,ES,Federal Contract Tower,0,5,19,0,24,0,0,22,0,22,0,5,41,0,46,10,0,10,56
11/05/2000,HKY,NC,ASO,ES,Federal Contract Tower,0,10,19,0,29,0,2,64,0,66,0,12,83,0,95,28,0,28,123
11/06/2000,HKY,NC,ASO,ES,Federal Contract Tower,0,15,33,0,48,0,0,67,0,67,0,15,100,0,115,28,0,28,143
11/07/2000,HKY,NC,ASO,ES,Federal Contract Tower,0,15,33,0,48,0,0,22,0,22,0,15,55,0,70,16,0,16,86
11/08/2000,HKY,NC,ASO,ES,Federal Contract Tower,0,19,39,0,58,0,0,24,0,24,0,19,63,0,82,36,0,36,118
11/09/2000,HKY,NC,ASO,ES,Federal Contract Tower,0,16,30,0,46,0,0,0,0,0,0,16,30,0,46,28,0,28,74
11/10/2000,HKY,NC,ASO,ES,Federal Contract Tower,0,15,29,0,44,0,5,44,0,49,0,20,73,0,93,60,0,60,153
11/11/2000,HKY,NC,ASO,ES,Federal Contract Tower,0,6,15,0,21,0,0,90,0,90,0,6,105,0,111,28,0,28,139
11/12/2000,HKY,NC,ASO,ES,Federal Contract Tower,0,10,21,0,31,0,0,64,0,64,0,10,85,0,95,20,0,20,115
11/13/2000,HKY,NC,ASO,ES,Federal Contract Tower,0,12,23,0,35,0,1,51,2,54,0,13,74,2,89,32,0,32,121
11/14/2000,HKY,NC,ASO,ES,Federal Contract Tower,0,14,27,0,41,0,3,44,0,47,0,17,71,0,88,20,0,20,108
11/15/2000,HKY,NC,ASO,ES,Federal Contract Tower,0,14,42,0,56,0,0,75,0,75,0,14,117,0,131,26,0,26,157
11/16/2000,HKY,NC,ASO,ES,Federal Contract Tower,0,24,50,0,74,0,9,38,0,47,0,33,88,0,121,16,0,16,137
11/17/2000,HKY,NC,ASO,ES,Federal Contract Tower,0,15,31,0,46,0,1,39,0,40,0,16,70,0,86,14,0,14,100
11/18/2000,HKY,NC,ASO,ES,Federal Contract Tower,0,5,14,0,19,0,0,55,2,57,0,5,69,2,76,14,0,14,90
11/19/2000,HKY,NC,ASO,ES,Federal Contract Tower,0,8,16,0,24,0,2,0,0,2,0,10,16,0,26,0,0,0,26
11/20/2000,HKY,NC,ASO,ES,Federal Contract Tower,0,10,22,0,32,0,2,26,0,28,0,12,48,0,60,4,0,4,64
11/21/2000,HKY,NC,ASO,ES,Federal Contract Tower,0,12,32,0,44,0,0,50,0,50,0,12,82,0,94,26,0,26,120
11/22/2000,HKY,NC,ASO,ES,Federal Contract Tower,0,19,38,0,57,1,0,35,0,36,1,19,73,0,93,4,0,4,97
11/23/2000,HKY,NC,ASO,ES,Federal Contract Tower,0,5,11,0,16,1,1,55,0,57,1,6,66,0,73,26,0,26,99
11/24/2000,HKY,NC,ASO,ES,Federal Contract Tower,0,5,18,0,23,0,0,68,0,68,0,5,86,0,91,32,0,32,123
11/25/2000,HKY,NC,ASO,ES,Federal Contract Tower,0,6,9,0,15,0,2,0,0,2,0,8,9,0,17,0,0,0,17
11/26/2000,HKY,NC,ASO,ES,Federal Contract Tower,0,11,30,0,41,0,0,16,0,16,0,11,46,0,57,17,0,17,74
11/27/2000,HKY,NC,ASO,ES,Federal Contract Tower,0,17,34,0,51,0,1,43,0,44,0,18,77,0,95,10,0,10,105
11/28/2000,HKY,NC,ASO,ES,Federal Contract Tower,0,12,25,0,37,0,7,35,0,42,0,19,60,0,79,14,0,14,93
11/29/2000,HKY,NC,ASO,ES,Federal Contract Tower,0,14,30,0,44,2,4,37,0,43,2,18,67,0,87,32,0,32,119
11/30/2000,HKY,NC,ASO,ES,Federal Contract Tower,0,13,27,0,40,0,5,64,4,73,0,18,91,4,113,32,0,32,145
12/01/2000,HKY,NC,ASO,ES,Federal Contract Tower,1,13,24,0,38,1,1,64,1,67,2,14,88,1,105,26,0,26,131
12/02/2000,HKY,NC,ASO,ES,Federal Contract Tower,0,6,14,0,20,0,0,25,0,25,0,6,39,0,45,36,0,36,81
12/03/2000,HKY,NC,ASO,ES,Federal Contract Tower,0,6,9,0,15,0,1,6,0,7,0,7,15,0,22,8,0,8,30
12/04/2000,HKY,NC,ASO,ES,Federal Contract Tower,0,10,29,0,39,0,0,49,4,53,0,10,78,4,92,16,0,16,108
12/05/2000,HKY,NC,ASO,ES,Federal Contract Tower,0,10,28,0,38,0,0,58,0,58,0,10,86,0,96,10,0,10,106
12/06/2000,HKY,NC,ASO,ES,Federal Contract Tower,0,18,31,0,49,0,0,79,0,79,0,18,110,0,128,34,0,34,162
12/07/2000,HKY,NC,ASO,ES,Federal Contract Tower,0,15,24,0,39,0,0,52,8,60,0,15,76,8,99,16,0,16,115
12/08/2000,HKY,NC,ASO,ES,Federal Contract Tower,0,14,24,0,38,0,2,45,0,47,0,16,69,0,85,22,0,22,107
12/09/2000,HKY,NC,ASO,ES,Federal Contract Tower,0,5,6,0,11,0,0,100,0,100,0,5,106,0,111,46,0,46,157
12/10/2000,HKY,NC,ASO,ES,Federal Contract Tower,0,7,12,0,19,0,0,11,0,11,0,7,23,0,30,20,0,20,50
12/11/2000,HKY,NC,ASO,ES,Federal Contract Tower,0,13,22,0,35,0,1,26,0,27,0,14,48,0,62,86,0,86,148
12/12/2000,HKY,NC,ASO,ES,Federal Contract Tower,0,10,19,0,29,0,4,15,0,19,0,14,34,0,48,10,0,10,58
12/13/2000,HKY,NC,ASO,ES,Federal Contract Tower,0,10,18,0,28,0,0,30,0,30,0,10,48,0,58,20,0,20,78
12/14/2000,HKY,NC,ASO,ES,Federal Contract Tower,0,6,15,0,21,0,0,3,0,3,0,6,18,0,24,0,0,0,24
12/15/2000,HKY,NC,ASO,ES,Federal Contract Tower,0,9,28,0,37,0,0,37,0,37,0,9,65,0,74,28,0,28,102
12/16/2000,HKY,NC,ASO,ES,Federal Contract Tower,0,4,7,0,11,0,3,0,0,3,0,7,7,0,14,0,0,0,14
12/17/2000,HKY,NC,ASO,ES,Federal Contract Tower,0,6,12,0,18,0,1,3,0,4,0,7,15,0,22,0,0,0,22
12/18/2000,HKY,NC,ASO,ES,Federal Contract Tower,0,13,24,0,37,0,3,80,0,83,0,16,104,0,120,28,0,28,148
12/19/2000,HKY,NC,ASO,ES,Federal Contract Tower,0,12,20,0,32,0,1,0,0,1,0,13,20,0,33,0,0,0,33
12/20/2000,HKY,NC,ASO,ES,Federal Contract Tower,0,15,34,0,49,0,0,59,0,59,0,15,93,0,108,12,0,12,120
12/21/2000,HKY,NC,ASO,ES,Federal Contract Tower,0,14,30,0,44,0,0,42,0,42,0,14,72,0,86,18,0,18,104
12/22/2000,HKY,NC,ASO,ES,Federal Contract Tower,0,10,18,0,28,0,0,26,0,26,0,10,44,0,54,0,0,0,54
12/23/2000,HKY,NC,ASO,ES,Federal Contract Tower,0,4,10,0,14,0,0,81,0,81,0,4,91,0,95,34,0,34,129
12/24/2000,HKY,NC,ASO,ES,Federal Contract Tower,0,2,6,0,8,0,2,40,0,42,0,4,46,0,50,14,0,14,64
12/25/2000,HKY,NC,ASO,ES,Federal Contract Tower,0,4,8,0,12,0,2,9,0,11,0,6,17,0,23,0,0,0,23
12/26/2000,HKY,NC,ASO,ES,Federal Contract Tower,0,11,24,0,35,0,0,60,0,60,0,11,84,0,95,34,0,34,129
12/27/2000,HKY,NC,ASO,ES,Federal Contract Tower,0,8,16,0,24,0,2,22,0,24,0,10,38,0,48,20,0,20,68
12/28/2000,HKY,NC,ASO,ES,Federal Contract Tower,0,5,10,0,15,0,7,27,0,34,0,12,37,0,49,22,0,22,71
12/29/2000,HKY,NC,ASO,ES,Federal Contract Tower,0,6,13,0,19,0,6,39,0,45,0,12,52,0,64,14,0,14,78
12/30/2000,HKY,NC,ASO,ES,Federal Contract Tower,0,5,10,0,15,0,0,13,0,13,0,5,23,0,28,0,0,0,28
12/31/2000,HKY,NC,ASO,ES,Federal Contract Tower,0,5,11,0,16,0,4,22,0,26,0,9,33,0,42,14,0,14,56
01/01/2001,HKY,NC,ASO,ES,Federal Contract Tower,0,6,14,0,20,0,0,29,0,29,0,6,43,0,49,0,0,0,49
01/02/2001,HKY,NC,ASO,ES,Federal Contract Tower,0,9,22,0,31,0,0,32,0,32,0,9,54,0,63,20,0,20,83
01/03/2001,HKY,NC,ASO,ES,Federal Contract Tower,0,11,20,0,31,0,0,80,0,80,0,11,100,0,111,74,0,74,185
01/04/2001,HKY,NC,ASO,ES,Federal Contract Tower,0,10,16,0,26,0,1,56,2,59,0,11,72,2,85,36,0,36,121
01/05/2001,HKY,NC,ASO,ES,Federal Contract Tower,0,10,22,0,32,0,0,46,0,46,0,10,68,0,78,32,0,32,110
01/06/2001,HKY,NC,ASO,ES,Federal Contract Tower,0,7,15,0,22,0,0,63,0,63,0,7,78,0,85,36,0,36,121
01/07/2001,HKY,NC,ASO,ES,Federal Contract Tower,0,8,17,0,25,0,0,62,0,62,0,8,79,0,87,24,0,24,111
01/08/2001,HKY,NC,ASO,ES,Federal Contract Tower,0,12,23,0,35,0,2,11,0,13,0,14,34,0,48,18,0,18,66
01/09/2001,HKY,NC,ASO,ES,Federal Contract Tower,0,10,20,0,30,0,0,34,0,34,0,10,54,0,64,0,0,0,64
01/10/2001,HKY,NC,ASO,ES,Federal Contract Tower,0,13,25,0,38,0,0,77,0,77,0,13,102,0,115,48,0,48,163
01/11/2001,HKY,NC,ASO,ES,Federal Contract Tower,0,17,31,1,49,0,5,86,9,100,0,22,117,10,149,56,0,56,205
01/12/2001,HKY,NC,ASO,ES,Federal Contract Tower,0,11,20,0,31,0,4,15,0,19,0,15,35,0,50,30,0,30,80
01/13/2001,HKY,NC,ASO,ES,Federal Contract Tower,0,6,15,0,21,0,0,88,0,88,0,6,103,0,109,80,0,80,189
01/14/2001,HKY,NC,ASO,ES,Federal Contract Tower,0,8,17,0,25,0,0,24,0,24,0,8,41,0,49,20,0,20,69
01/15/2001,HKY,NC,ASO,ES,Federal Contract Tower,0,9,23,0,32,0,0,30,0,30,0,9,53,0,62,28,0,28,90
01/16/2001,HKY,NC,ASO,ES,Federal Contract Tower,0,12,28,0,40,0,0,57,0,57,0,12,85,0,97,24,0,24,121
01/17/2001,HKY,NC,ASO,ES,Federal Contract Tower,0,12,29,0,41,0,0,84,0,84,0,12,113,0,125,68,0,68,193
01/18/2001,HKY,NC,ASO,ES,Federal Contract Tower,0,10,19,0,29,0,3,2,0,5,0,13,21,0,34,0,0,0,34
01/19/2001,HKY,NC,ASO,ES,Federal Contract Tower,0,12,22,0,34,0,4,0,0,4,0,16,22,0,38,0,0,0,38
01/20/2001,HKY,NC,ASO,ES,Federal Contract Tower,0,4,8,0,12,0,2,0,0,2,0,6,8,0,14,0,0,0,14
01/21/2001,HKY,NC,ASO,ES,Federal Contract Tower,0,5,11,0,16,0,3,74,0,77,0,8,85,0,93,36,0,36,129
01/22/2001,HKY,NC,ASO,ES,Federal Contract Tower,0,9,17,0,26,0,2,64,0,66,0,11,81,0,92,50,0,50,142
01/23/2001,HKY,NC,ASO,ES,Federal Contract Tower,0,15,30,0,45,0,1,60,0,61,0,16,90,0,106,30,0,30,136
01/24/2001,HKY,NC,ASO,ES,Federal Contract Tower,0,13,27,0,40,0,1,56,0,57,0,14,83,0,97,24,0,24,121
01/25/2001,HKY,NC,ASO,ES,Federal Contract Tower,0,12,29,0,41,0,0,33,8,41,0,12,62,8,82,4,0,4,86
01/26/2001,HKY,NC,ASO,ES,Federal Contract Tower,0,12,26,0,38,0,0,120,0,120,0,12,146,0,158,96,0,96,254
01/27/2001,HKY,NC,ASO,ES,Federal Contract Tower,0,4,8,0,12,0,0,48,0,48,0,4,56,0,60,40,0,40,100
01/28/2001,HKY,NC,ASO,ES,Federal Contract Tower,0,9,19,0,28,0,0,88,0,88,0,9,107,0,116,62,0,62,178
01/29/2001,HKY,NC,ASO,ES,Federal Contract Tower,0,11,22,0,33,0,1,58,0,59,0,12,80,0,92,68,0,68,160
01/30/2001,HKY,NC,ASO,ES,Federal Contract Tower,0,10,21,0,31,0,2,16,0,18,0,12,37,0,49,18,0,18,67
01/31/2001,HKY,NC,ASO,ES,Federal Contract Tower,0,10,20,0,30,0,1,71,7,79,0,11,91,7,109,52,0,52,161
02/01/2001,HKY,NC,ASO,ES,Federal Contract Tower,0,14,38,0,52,0,0,78,8,86,0,14,116,8,138,74,0,74,212
02/02/2001,HKY,NC,ASO,ES,Federal Contract Tower,0,12,23,1,36,0,8,44,2,54,0,20,67,3,90,40,0,40,130
02/03/2001,HKY,NC,ASO,ES,Federal Contract Tower,0,5,17,1,23,0,0,89,1,90,0,5,106,2,113,82,0,82,195
02/04/2001,HKY,NC,ASO,ES,Federal Contract Tower,0,10,24,0,34,0,0,56,0,56,0,10,80,0,90,34,0,34,124
02/05/2001,HKY,NC,ASO,ES,Federal Contract Tower,0,13,25,1,39,0,7,41,0,48,0,20,66,1,87,20,0,20,107
02/06/2001,HKY,NC,ASO,ES,Federal Contract Tower,0,10,20,0,30,0,2,62,0,64,0,12,82,0,94,84,0,84,178
02/07/2001,HKY,NC,ASO,ES,Federal Contract Tower,0,12,25,1,38,0,0,114,3,117,0,12,139,4,155,54,0,54,209
02/08/2001,HKY,NC,ASO,ES,Federal Contract Tower,0,9,21,0,30,0,0,100,0,100,0,9,121,0,130,86,0,86,216
02/09/2001,HKY,NC,ASO,ES,Federal Contract Tower,0,13,25,1,39,0,2,55,1,58,0,15,80,2,97,50,0,50,147
02/10/2001,HKY,NC,ASO,ES,Federal Contract Tower,0,5,11,0,16,0,0,54,0,54,0,5,65,0,70,46,0,46,116
02/11/2001,HKY,NC,ASO,ES,Federal Contract Tower,0,10,18,1,29,0,0,48,8,56,0,10,66,9,85,14,0,14,99
02/12/2001,HKY,NC,ASO,ES,Federal Contract Tower,0,10,15,0,25,0,6,0,0,6,0,16,15,0,31,0,0,0,31
02/13/2001,HKY,NC,ASO,ES,Federal Contract Tower,0,13,27,0,40,0,0,8,0,8,0,13,35,0,48,2,0,2,50
02/14/2001,HKY,NC,ASO,ES,Federal Contract Tower,0,10,19,0,29,0,2,2,0,4,0,12,21,0,33,0,0,0,33
02/15/2001,HKY,NC,ASO,ES,Federal Contract Tower,0,16,40,0,56,0,0,52,0,52,0,16,92,0,108,88,0,88,196
02/16/2001,HKY,NC,ASO,ES,Federal Contract Tower,0,13,23,0,36,0,0,25,0,25,0,13,48,0,61,6,0,6,67
02/17/2001,HKY,NC,ASO,ES,Federal Contract Tower,0,5,13,0,18,0,0,45,0,45,0,5,58,0,63,40,0,40,103
02/18/2001,HKY,NC,ASO,ES,Federal Contract Tower,0,10,23,0,33,0,0,83,0,83,0,10,106,0,116,58,0,58,174
02/19/2001,HKY,NC,ASO,ES,Federal Contract Tower,0,11,23,0,34,0,1,62,0,63,0,12,85,0,97,24,0,24,121
02/20/2001,HKY,NC,ASO,ES,Federal Contract Tower,0,15,32,0,47,0,0,73,6,79,0,15,105,6,126,78,2,80,206
02/21/2001,HKY,NC,ASO,ES,Federal Contract Tower,0,15,28,0,43,0,0,61,2,63,0,15,89,2,106,92,0,92,198
02/22/2001,HKY,NC,ASO,ES,Federal Contract Tower,0,7,10,0,17,0,5,0,0,5,0,12,10,0,22,0,0,0,22
02/23/2001,HKY,NC,ASO,ES,Federal Contract Tower,0,18,37,0,55,0,0,56,2,58,0,18,93,2,113,104,0,104,217
02/24/2001,HKY,NC,ASO,ES,Federal Contract Tower,0,10,21,0,31,0,1,61,0,62,0,11,82,0,93,24,0,24,117
02/25/2001,HKY,NC,ASO,ES,Federal Contract Tower,0,8,16,0,24,0,1,2,0,3,0,9,18,0,27,0,0,0,27
02/26/2001,HKY,NC,ASO,ES,Federal Contract Tower,0,11,22,0,33,0,6,77,4,87,0,17,99,4,120,48,2,50,170
02/27/2001,HKY,NC,ASO,ES,Federal Contract Tower,0,16,30,0,46,0,2,91,2,95,0,18,121,2,141,32,0,32,173
02/28/2001,HKY,NC,ASO,ES,Federal Contract Tower,0,13,27,0,40,0,0,73,0,73,0,13,100,0,113,68,0,68,181
03/01/2001,HKY,NC,ASO,ES,Federal Contract Tower,0,13,40,0,53,0,0,77,0,77,0,13,117,0,130,44,0,44,174
03/02/2001,HKY,NC,ASO,ES,Federal Contract Tower,0,12,32,0,44,0,0,50,0,50,0,12,82,0,94,28,0,28,122
03/03/2001,HKY,NC,ASO,ES,Federal Contract Tower,0,8,14,0,22,0,0,3,0,3,0,8,17,0,25,0,0,0,25
03/04/2001,HKY,NC,ASO,ES,Federal Contract Tower,0,8,13,0,21,0,1,0,0,1,0,9,13,0,22,0,0,0,22
03/05/2001,HKY,NC,ASO,ES,Federal Contract Tower,0,6,12,0,18,0,4,29,8,41,0,10,41,8,59,42,0,42,101
03/06/2001,HKY,NC,ASO,ES,Federal Contract Tower,0,10,21,0,31,0,2,8,0,10,0,12,29,0,41,6,0,6,47
03/07/2001,HKY,NC,ASO,ES,Federal Contract Tower,0,12,29,0,41,0,0,59,0,59,0,12,88,0,100,86,0,86,186
03/08/2001,HKY,NC,ASO,ES,Federal Contract Tower,0,10,30,0,40,0,0,87,0,87,0,10,117,0,127,68,0,68,195
03/09/2001,HKY,NC,ASO,ES,Federal Contract Tower,0,12,24,0,36,0,0,90,2,92,0,12,114,2,128,10,0,10,138
03/10/2001,HKY,NC,ASO,ES,Federal Contract Tower,0,4,8,0,12,0,1,84,0,85,0,5,92,0,97,50,0,50,147
03/11/2001,HKY,NC,ASO,ES,Federal Contract Tower,0,8,16,0,24,0,0,74,0,74,0,8,90,0,98,40,0,40,138
03/12/2001,HKY,NC,ASO,ES,Federal Contract Tower,0,12,27,0,39,0,0,32,0,32,0,12,59,0,71,26,0,26,97
03/13/2001,HKY,NC,ASO,ES,Federal Contract Tower,0,9,18,0,27,0,5,41,8,54,0,14,59,8,81,8,0,8,89
03/14/2001,HKY,NC,ASO,ES,Federal Contract Tower,0,11,23,0,34,0,4,66,0,70,0,15,89,0,104,58,0,58,162
03/15/2001,HKY,NC,ASO,ES,Federal Contract Tower,0,11,29,0,40,0,0,3,0,3,0,11,32,0,43,0,0,0,43
03/16/2001,HKY,NC,ASO,ES,Federal Contract Tower,0,11,29,0,40,0,0,5,0,5,0,11,34,0,45,2,0,2,47
03/17/2001,HKY,NC,ASO,ES,Federal Contract Tower,0,6,17,0,23,0,0,75,0,75,0,6,92,0,98,60,0,60,158
03/18/2001,HKY,NC,ASO,ES,Federal Contract Tower,0,6,14,0,20,0,2,58,0,60,0,8,72,0,80,34,0,34,114
03/19/2001,HKY,NC,ASO,ES,Federal Contract Tower,0,11,26,0,37,0,5,66,0,71,0,16,92,0,108,32,0,32,140
03/20/2001,HKY,NC,ASO,ES,Federal Contract Tower,0,7,14,0,21,0,3,0,0,3,0,10,14,0,24,8,0,8,32
03/21/2001,HKY,NC,ASO,ES,Federal Contract Tower,0,8,20,0,28,0,0,10,0,10,0,8,30,0,38,32,0,32,70
03/22/2001,HKY,NC,ASO,ES,Federal Contract Tower,0,10,34,0,44,0,0,50,4,54,0,10,84,4,98,2,0,2,100
03/23/2001,HKY,NC,ASO,ES,Federal Contract Tower,0,14,30,0,44,0,0,67,0,67,0,14,97,0,111,84,0,84,195
03/24/2001,HKY,NC,ASO,ES,Federal Contract Tower,0,5,13,0,18,0,1,65,0,66,0,6,78,0,84,24,0,24,108
03/25/2001,HKY,NC,ASO,ES,Federal Contract Tower,0,8,26,0,34,0,0,59,0,59,0,8,85,0,93,52,0,52,145
03/26/2001,HKY,NC,ASO,ES,Federal Contract Tower,0,9,24,0,33,0,0,67,0,67,0,9,91,0,100,48,0,48,148
03/27/2001,HKY,NC,ASO,ES,Federal Contract Tower,0,9,22,0,31,0,1,68,0,69,0,10,90,0,100,122,0,122,222
03/28/2001,HKY,NC,ASO,ES,Federal Contract Tower,0,10,28,0,38,0,0,76,2,78,0,10,104,2,116,76,0,76,192
03/29/2001,HKY,NC,ASO,ES,Federal Contract Tower,0,9,19,0,28,0,1,0,0,1,0,10,19,0,29,0,0,0,29
03/30/2001,HKY,NC,ASO,ES,Federal Contract Tower,0,11,26,0,37,0,0,50,2,52,0,11,76,2,89,8,0,8,97
03/31/2001,HKY,NC,ASO,ES,Federal Contract Tower,0,9,21,0,30,0,12,39,0,51,0,21,60,0,81,36,0,36,117
04/01/2001,HKY,NC,ASO,ES,Federal Contract Tower,0,8,13,0,21,0,0,10,0,10,0,8,23,0,31,0,0,0,31
04/02/2001,HKY,NC,ASO,ES,Federal Contract Tower,0,10,32,0,42,0,0,72,0,72,0,10,104,0,114,36,0,36,150
04/03/2001,HKY,NC,ASO,ES,Federal Contract Tower,0,9,13,0,22,0,0,39,0,39,0,9,52,0,61,48,0,48,109
04/04/2001,HKY,NC,ASO,ES,Federal Contract Tower,0,11,35,0,46,0,0,21,0,21,0,11,56,0,67,22,0,22,89
04/05/2001,HKY,NC,ASO,ES,Federal Contract Tower,0,9,40,0,49,0,0,45,0,45,0,9,85,0,94,58,0,58,152
04/06/2001,HKY,NC,ASO,ES,Federal Contract Tower,0,9,24,0,33,0,0,51,0,51,0,9,75,0,84,10,0,10,94
04/07/2001,HKY,NC,ASO,ES,Federal Contract Tower,0,17,30,0,47,0,22,69,0,91,0,39,99,0,138,60,0,60,198
04/08/2001,HKY,NC,ASO,ES,Federal Contract Tower,0,6,17,0,23,0,0,40,0,40,0,6,57,0,63,0,0,0,63
04/09/2001,HKY,NC,ASO,ES,Federal Contract Tower,0,9,21,0,30,0,0,92,0,92,0,9,113,0,122,62,0,62,184
04/10/2001,HKY,NC,ASO,ES,Federal Contract Tower,0,9,33,0,42,0,0,128,2,130,0,9,161,2,172,126,0,126,298
04/11/2001,HKY,NC,ASO,ES,Federal Contract Tower,0,8,43,0,51,0,0,33,0,33,0,8,76,0,84,10,0,10,94
04/12/2001,HKY,NC,ASO,ES,Federal Contract Tower,0,11,33,2,46,0,1,62,0,63,0,12,95,2,109,2,0,2,111
04/13/2001,HKY,NC,ASO,ES,Federal Contract Tower,0,11,26,0,37,0,0,29,0,29,0,11,55,0,66,20,0,20,86
04/14/2001,HKY,NC,ASO,ES,Federal Contract Tower,0,3,18,0,21,0,0,109,0,109,0,3,127,0,130,82,0,82,212
04/15/2001,HKY,NC,ASO,ES,Federal Contract Tower,0,10,25,0,35,0,0,26,0,26,0,10,51,0,61,10,0,10,71
04/16/2001,HKY,NC,ASO,ES,Federal Contract Tower,0,9,25,0,34,0,0,62,0,62,0,9,87,0,96,24,0,24,120
04/17/2001,HKY,NC,ASO,ES,Federal Contract Tower,0,11,27,0,38,0,0,41,2,43,0,11,68,2,81,14,0,14,95
04/18/2001,HKY,NC,ASO,ES,Federal Contract Tower,0,9,13,0,22,0,0,24,2,26,0,9,37,2,48,28,0,28,76
04/19/2001,HKY,NC,ASO,ES,Federal Contract Tower,0,9,27,0,36,0,0,89,0,89,0,9,116,0,125,26,0,26,151
04/20/2001,HKY,NC,ASO,ES,Federal Contract Tower,0,9,22,0,31,0,0,68,0,68,0,9,90,0,99,28,0,28,127
04/21/2001,HKY,NC,ASO,ES,Federal Contract Tower,0,3,8,0,11,0,0,61,0,61,0,3,69,0,72,28,0,28,100
04/22/2001,HKY,NC,ASO,ES,Federal Contract Tower,0,8,23,1,32,0,0,88,2,90,0,8,111,3,122,48,0,48,170
04/23/2001,HKY,NC,ASO,ES,Federal Contract Tower,0,12,18,0,30,0,0,73,0,73,0,12,91,0,103,74,0,74,177
04/24/2001,HKY,NC,ASO,ES,Federal Contract Tower,0,10,35,2,47,0,0,34,0,34,0,10,69,2,81,30,0,30,111
04/25/2001,HKY,NC,ASO,ES,Federal Contract Tower,0,8,36,0,44,0,0,49,2,51,0,8,85,2,95,60,0,60,155
04/26/2001,HKY,NC,ASO,ES,Federal Contract Tower,0,13,38,0,51,0,0,87,0,87,0,13,125,0,138,54,0,54,192
04/27/2001,HKY,NC,ASO,ES,Federal Contract Tower,0,9,31,3,43,0,0,100,7,107,0,9,131,10,150,60,0,60,210
04/28/2001,HKY,NC,ASO,ES,Federal Contract Tower,0,4,16,0,20,0,0,45,4,49,0,4,61,4,69,30,0,30,99
04/29/2001,HKY,NC,ASO,ES,Federal Contract Tower,0,8,29,0,37,0,0,61,0,61,0,8,90,0,98,2,0,2,100
04/30/2001,HKY,NC,ASO,ES,Federal Contract Tower,0,10,16,0,26,0,0,54,0,54,0,10,70,0,80,67,0,67,147
05/01/2001,HKY,NC,ASO,ES,Federal Contract Tower,0,9,29,0,38,0,0,48,0,48,0,9,77,0,86,64,0,64,150
05/02/2001,HKY,NC,ASO,ES,Federal Contract Tower,0,11,35,0,46,0,0,79,0,79,0,11,114,0,125,12,0,12,137
05/03/2001,HKY,NC,ASO,ES,Federal Contract Tower,0,9,36,0,45,0,0,95,1,96,0,9,131,1,141,42,0,42,183
05/04/2001,HKY,NC,ASO,ES,Federal Contract Tower,0,9,40,0,49,0,1,118,4,123,0,10,158,4,172,120,0,120,292
05/05/2001,HKY,NC,ASO,ES,Federal Contract Tower,0,3,24,0,27,0,0,92,6,98,0,3,116,6,125,80,0,80,205
05/06/2001,HKY,NC,ASO,ES,Federal Contract Tower,0,7,38,0,45,0,0,39,0,39,0,7,77,0,84,14,0,14,98
05/07/2001,HKY,NC,ASO,ES,Federal Contract Tower,0,8,14,0,22,0,1,62,0,63,0,9,76,0,85,62,0,62,147
05/08/2001,HKY,NC,ASO,ES,Federal Contract Tower,0,13,27,0,40,0,0,70,0,70,0,13,97,0,110,86,0,86,196
05/09/2001,HKY,NC,ASO,ES,Federal Contract Tower,0,9,28,0,37,0,0,132,0,132,0,9,160,0,169,120,0,120,289
05/10/2001,HKY,NC,ASO,ES,Federal Contract Tower,0,11,29,0,40,0,0,62,0,62,0,11,91,0,102,32,0,32,134
05/11/2001,HKY,NC,ASO,ES,Federal Contract Tower,0,9,38,0,47,0,0,83,2,85,0,9,121,2,132,50,0,50,182
05/12/2001,HKY,NC,ASO,ES,Federal Contract Tower,0,6,15,0,21,0,0,60,0,60,0,6,75,0,81,20,0,20,101
05/13/2001,HKY,NC,ASO,ES,Federal Contract Tower,0,14,19,0,33,0,0,58,4,62,0,14,77,4,95,0,2,2,97
05/14/2001,HKY,NC,ASO,ES,Federal Contract Tower,0,11,19,0,30,0,0,94,3,97,0,11,113,3,127,10,0,10,137
05/15/2001,HKY,NC,ASO,ES,Federal Contract Tower,0,15,25,0,40,0,0,87,8,95,0,15,112,8,135,48,0,48,183
05/16/2001,HKY,NC,ASO,ES,Federal Contract Tower,0,10,36,2,48,0,0,59,5,64,0,10,95,7,112,18,0,18,130
05/17/2001,HKY,NC,ASO,ES,Federal Contract Tower,0,9,43,2,54,0,0,5,0,5,0,9,48,2,59,0,0,0,59
05/18/2001,HKY,NC,ASO,ES,Federal Contract Tower,0,11,36,2,49,0,0,84,15,99,0,11,120,17,148,16,14,30,178
05/19/2001,HKY,NC,ASO,ES,Federal Contract Tower,0,0,5,0,5,0,211,0,0,211,0,211,5,0,216,130,0,130,346
05/20/2001,HKY,NC,ASO,ES,Federal Contract Tower,0,7,30,2,39,0,0,96,9,105,0,7,126,11,144,204,0,204,348
05/21/2001,HKY,NC,ASO,ES,Federal Contract Tower,0,9,25,1,35,0,0,4,0,4,0,9,29,1,39,0,0,0,39
05/22/2001,HKY,NC,ASO,ES,Federal Contract Tower,0,9,35,0,44,0,0,34,2,36,0,9,69,2,80,26,0,26,106
05/23/2001,HKY,NC,ASO,ES,Federal Contract Tower,0,9,37,3,49,0,0,92,0,92,0,9,129,3,141,34,0,34,175
05/24/2001,HKY,NC,ASO,ES,Federal Contract Tower,0,9,43,0,52,0,0,56,6,62,0,9,99,6,114,14,0,14,128
05/25/2001,HKY,NC,ASO,ES,Federal Contract Tower,0,10,34,0,44,0,1,6,0,7,0,11,40,0,51,0,0,0,51
05/26/2001,HKY,NC,ASO,ES,Federal Contract Tower,0,3,11,0,14,0,0,74,0,74,0,3,85,0,88,60,0,60,148
05/27/2001,HKY,NC,ASO,ES,Federal Contract Tower,0,5,17,0,22,0,0,31,0,31,0,5,48,0,53,34,0,34,87
05/28/2001,HKY,NC,ASO,ES,Federal Contract Tower,0,11,32,0,43,0,0,27,0,27,0,11,59,0,70,30,0,30,100
05/29/2001,HKY,NC,ASO,ES,Federal Contract Tower,0,11,33,0,44,0,0,55,0,55,0,11,88,0,99,8,0,8,107
05/30/2001,HKY,NC,ASO,ES,Federal Contract Tower,0,9,36,0,45,0,0,76,0,76,0,9,112,0,121,14,0,14,135
05/31/2001,HKY,NC,ASO,ES,Federal Contract Tower,0,13,26,0,39,0,16,65,0,81,0,29,91,0,120,4,0,4,124
06/01/2001,HKY,NC,ASO,ES,Federal Contract Tower,0,11,31,0,42,0,0,11,0,11,0,11,42,0,53,6,0,6,59
06/02/2001,HKY,NC,ASO,ES,Federal Contract Tower,0,3,29,0,32,0,0,41,4,45,0,3,70,4,77,28,0,28,105
06/03/2001,HKY,NC,ASO,ES,Federal Contract Tower,0,9,31,0,40,0,0,88,0,88,0,9,119,0,128,52,0,52,180
06/04/2001,HKY,NC,ASO,ES,Federal Contract Tower,0,10,20,0,30,0,0,42,0,42,0,10,62,0,72,32,0,32,104
06/05/2001,HKY,NC,ASO,ES,Federal Contract Tower,0,9,28,0,37,0,2,56,4,62,0,11,84,4,99,32,0,32,131
06/06/2001,HKY,NC,ASO,ES,Federal Contract Tower,0,10,33,0,43,0,0,41,2,43,0,10,74,2,86,6,0,6,92
06/07/2001,HKY,NC,ASO,ES,Federal Contract Tower,0,12,40,0,52,0,0,61,4,65,0,12,101,4,117,24,0,24,141
06/08/2001,HKY,NC,ASO,ES,Federal Contract Tower,0,11,34,0,45,0,0,37,6,43,0,11,71,6,88,8,0,8,96
06/09/2001,HKY,NC,ASO,ES,Federal Contract Tower,0,10,10,0,20,0,6,39,0,45,0,16,49,0,65,14,0,14,79
06/10/2001,HKY,NC,ASO,ES,Federal Contract Tower,0,11,22,0,33,0,0,43,0,43,0,11,65,0,76,2,0,2,78
06/11/2001,HKY,NC,ASO,ES,Federal Contract Tower,0,13,35,0,48,0,0,40,4,44,0,13,75,4,92,12,0,12,104
06/12/2001,HKY,NC,ASO,ES,Federal Contract Tower,0,16,34,0,50,0,23,39,2,64,0,39,73,2,114,22,0,22,136
06/13/2001,HKY,NC,ASO,ES,Federal Contract Tower,0,13,35,0,48,0,0,56,0,56,0,13,91,0,104,54,0,54,158
06/14/2001,HKY,NC,ASO,ES,Federal Contract Tower,0,13,55,0,68,0,0,84,0,84,0,13,139,0,152,84,0,84,236
06/15/2001,HKY,NC,ASO,ES,Federal Contract Tower,0,10,34,0,44,0,0,57,2,59,0,10,91,2,103,72,0,72,175
06/16/2001,HKY,NC,ASO,ES,Federal Contract Tower,0,8,23,0,31,0,6,34,0,40,0,14,57,0,71,54,0,54,125
06/17/2001,HKY,NC,ASO,ES,Federal Contract Tower,0,10,23,0,33,0,0,52,0,52,0,10,75,0,85,12,0,12,97
06/18/2001,HKY,NC,ASO,ES,Federal Contract Tower,0,12,36,0,48,0,0,74,2,76,0,12,110,2,124,30,0,30,154
06/19/2001,HKY,NC,ASO,ES,Federal Contract Tower,0,12,25,0,37,0,0,101,3,104,0,12,126,3,141,64,0,64,205
06/20/2001,HKY,NC,ASO,ES,Federal Contract Tower,0,12,26,0,38,0,0,83,2,85,0,12,109,2,123,60,0,60,183
06/21/2001,HKY,NC,ASO,ES,Federal Contract Tower,0,14,26,2,42,0,0,75,0,75,0,14,101,2,117,64,0,64,181
06/22/2001,HKY,NC,ASO,ES,Federal Contract Tower,0,9,22,0,31,0,0,26,2,28,0,9,48,2,59,46,0,46,105
06/23/2001,HKY,NC,ASO,ES,Federal Contract Tower,0,4,15,4,23,0,0,71,4,75,0,4,86,8,98,128,0,128,226
06/24/2001,HKY,NC,ASO,ES,Federal Contract Tower,0,8,15,0,23,0,0,45,0,45,0,8,60,0,68,12,0,12,80
06/25/2001,HKY,NC,ASO,ES,Federal Contract Tower,0,12,33,0,45,0,0,36,0,36,0,12,69,0,81,8,0,8,89
06/26/2001,HKY,NC,ASO,ES,Federal Contract Tower,0,12,30,0,42,0,0,47,0,47,0,12,77,0,89,16,0,16,105
06/27/2001,HKY,NC,ASO,ES,Federal Contract Tower,0,14,45,0,59,0,1,67,0,68,0,15,112,0,127,82,0,82,209
06/28/2001,HKY,NC,ASO,ES,Federal Contract Tower,0,16,13,0,29,0,17,76,0,93,0,33,89,0,122,82,0,82,204
06/29/2001,HKY,NC,ASO,ES,Federal Contract Tower,0,12,33,2,47,0,0,55,0,55,0,12,88,2,102,29,0,29,131
06/30/2001,HKY,NC,ASO,ES,Federal Contract Tower,0,4,18,2,24,0,0,56,0,56,0,4,74,2,80,6,0,6,86
07/01/2001,HKY,NC,ASO,ES,Federal Contract Tower,0,10,16,0,26,0,1,57,0,58,0,11,73,0,84,68,0,68,152
07/02/2001,HKY,NC,ASO,ES,Federal Contract Tower,0,7,24,0,31,0,1,84,0,85,0,8,108,0,116,22,0,22,138
07/03/2001,HKY,NC,ASO,ES,Federal Contract Tower,0,3,48,0,51,0,1,2,0,3,0,4,50,0,54,0,0,0,54
07/04/2001,HKY,NC,ASO,ES,Federal Contract Tower,0,4,17,0,21,0,1,14,0,15,0,5,31,0,36,18,0,18,54
07/05/2001,HKY,NC,ASO,ES,Federal Contract Tower,0,10,33,0,43,0,1,38,0,39,0,11,71,0,82,0,0,0,82
07/06/2001,HKY,NC,ASO,ES,Federal Contract Tower,0,7,45,0,52,0,1,46,0,47,0,8,91,0,99,24,0,24,123
07/07/2001,HKY,NC,ASO,ES,Federal Contract Tower,0,3,21,0,24,0,1,45,0,46,0,4,66,0,70,68,0,68,138
07/08/2001,HKY,NC,ASO,ES,Federal Contract Tower,0,10,32,0,42,0,1,30,0,31,0,11,62,0,73,2,0,2,75
07/09/2001,HKY,NC,ASO,ES,Federal Contract Tower,0,9,18,0,27,0,1,71,0,72,0,10,89,0,99,70,0,70,169
07/10/2001,HKY,NC,ASO,ES,Federal Contract Tower,0,11,31,0,42,0,1,65,0,66,0,12,96,0,108,26,0,26,134
07/11/2001,HKY,NC,ASO,ES,Federal Contract Tower,0,15,22,1,38,0,1,42,3,46,0,16,64,4,84,8,0,8,92
07/12/2001,HKY,NC,ASO,ES,Federal Contract Tower,0,12,37,0,49,0,0,75,0,75,0,12,112,0,124,36,0,36,160
07/13/2001,HKY,NC,ASO,ES,Federal Contract Tower,0,9,33,0,42,0,0,60,0,60,0,9,93,0,102,46,0,46,148
07/14/2001,HKY,NC,ASO,ES,Federal Contract Tower,0,5,15,0,20,0,0,108,0,108,0,5,123,0,128,102,0,102,230
07/15/2001,HKY,NC,ASO,ES,Federal Contract Tower,0,11,18,1,30,0,0,67,1,68,0,11,85,2,98,4,0,4,102
07/16/2001,HKY,NC,ASO,ES,Federal Contract Tower,0,12,25,0,37,0,0,50,0,50,0,12,75,0,87,50,0,50,137
07/17/2001,HKY,NC,ASO,ES,Federal Contract Tower,0,10,19,0,29,0,0,72,0,72,0,10,91,0,101,50,0,50,151
07/18/2001,HKY,NC,ASO,ES,Federal Contract Tower,0,9,35,0,44,0,0,44,0,44,0,9,79,0,88,60,0,60,148
07/19/2001,HKY,NC,ASO,ES,Federal Contract Tower,0,9,42,0,51,0,0,40,0,40,0,9,82,0,91,4,0,4,95
07/20/2001,HKY,NC,ASO,ES,Federal Contract Tower,0,12,37,0,49,0,0,51,0,51,0,12,88,0,100,58,0,58,158
07/21/2001,HKY,NC,ASO,ES,Federal Contract Tower,0,4,18,0,22,0,0,101,4,105,0,4,119,4,127,60,0,60,187
07/22/2001,HKY,NC,ASO,ES,Federal Contract Tower,0,9,33,0,42,0,0,68,0,68,0,9,101,0,110,48,0,48,158
07/23/2001,HKY,NC,ASO,ES,Federal Contract Tower,0,14,47,0,61,0,0,40,4,44,0,14,87,4,105,38,0,38,143
07/24/2001,HKY,NC,ASO,ES,Federal Contract Tower,0,12,40,1,53,0,0,8,7,15,0,12,48,8,68,18,0,18,86
07/25/2001,HKY,NC,ASO,ES,Federal Contract Tower,0,12,32,0,44,0,0,21,4,25,0,12,53,4,69,0,0,0,69
07/26/2001,HKY,NC,ASO,ES,Federal Contract Tower,0,13,41,0,54,0,0,37,4,41,0,13,78,4,95,8,0,8,103
07/27/2001,HKY,NC,ASO,ES,Federal Contract Tower,0,8,46,0,54,0,0,15,0,15,0,8,61,0,69,0,0,0,69
07/28/2001,HKY,NC,ASO,ES,Federal Contract Tower,0,3,28,0,31,0,0,32,0,32,0,3,60,0,63,66,0,66,129
07/29/2001,HKY,NC,ASO,ES,Federal Contract Tower,0,10,35,0,45,0,0,8,0,8,0,10,43,0,53,4,0,4,57
07/30/2001,HKY,NC,ASO,ES,Federal Contract Tower,0,13,27,0,40,0,3,63,0,66,0,16,90,0,106,56,0,56,162
07/31/2001,HKY,NC,ASO,ES,Federal Contract Tower,0,11,40,0,51,0,0,84,0,84,0,11,124,0,135,82,0,82,217
08/01/2001,HKY,NC,ASO,ES,Federal Contract Tower,0,12,61,0,73,0,0,46,4,50,0,12,107,4,123,56,0,56,179
08/02/2001,HKY,NC,ASO,ES,Federal Contract Tower,0,14,31,0,45,0,0,85,0,85,0,14,116,0,130,22,0,22,152
08/03/2001,HKY,NC,ASO,ES,Federal Contract Tower,0,10,25,0,35,0,0,84,0,84,0,10,109,0,119,86,0,86,205
08/04/2001,HKY,NC,ASO,ES,Federal Contract Tower,0,5,22,0,27,0,0,12,0,12,0,5,34,0,39,30,0,30,69
08/05/2001,HKY,NC,ASO,ES,Federal Contract Tower,0,10,25,0,35,0,0,52,0,52,0,10,77,0,87,30,0,30,117
08/06/2001,HKY,NC,ASO,ES,Federal Contract Tower,0,12,24,0,36,0,0,74,7,81,0,12,98,7,117,66,0,66,183
08/07/2001,HKY,NC,ASO,ES,Federal Contract Tower,0,9,34,0,43,0,0,99,13,112,0,9,133,13,155,110,0,110,265
08/08/2001,HKY,NC,ASO,ES,Federal Contract Tower,0,10,28,0,38,0,0,97,15,112,0,10,125,15,150,66,0,66,216
08/09/2001,HKY,NC,ASO,ES,Federal Contract Tower,0,16,38,0,54,0,1,61,15,77,0,17,99,15,131,50,0,50,181
08/10/2001,HKY,NC,ASO,ES,Federal Contract Tower,0,10,29,0,39,0,0,50,0,50,0,10,79,0,89,18,0,18,107
08/11/2001,HKY,NC,ASO,ES,Federal Contract Tower,0,4,11,0,15,0,0,33,0,33,0,4,44,0,48,10,0,10,58
08/12/2001,HKY,NC,ASO,ES,Federal Contract Tower,0,8,17,0,25,0,0,64,0,64,0,8,81,0,89,60,0,60,149
08/13/2001,HKY,NC,ASO,ES,Federal Contract Tower,0,11,27,0,38,0,0,54,0,54,0,11,81,0,92,60,0,60,152
08/14/2001,HKY,NC,ASO,ES,Federal Contract Tower,0,13,24,0,37,0,0,94,4,98,0,13,118,4,135,32,0,32,167
08/15/2001,HKY,NC,ASO,ES,Federal Contract Tower,0,10,38,0,48,0,0,83,2,85,0,10,121,2,133,38,0,38,171
08/16/2001,HKY,NC,ASO,ES,Federal Contract Tower,0,9,46,1,56,0,0,78,2,80,0,9,124,3,136,56,0,56,192
08/17/2001,HKY,NC,ASO,ES,Federal Contract Tower,0,11,24,0,35,0,0,34,0,34,0,11,58,0,69,38,0,38,107
08/18/2001,HKY,NC,ASO,ES,Federal Contract Tower,0,4,16,0,20,0,0,60,0,60,0,4,76,0,80,76,0,76,156
08/19/2001,HKY,NC,ASO,ES,Federal Contract Tower,0,12,16,0,28,0,0,58,0,58,0,12,74,0,86,64,0,64,150
08/20/2001,HKY,NC,ASO,ES,Federal Contract Tower,0,13,31,0,44,0,1,88,0,89,0,14,119,0,133,70,0,70,203
08/21/2001,HKY,NC,ASO,ES,Federal Contract Tower,0,12,29,0,41,0,0,107,14,121,0,12,136,14,162,68,0,68,230
08/22/2001,HKY,NC,ASO,ES,Federal Contract Tower,0,10,31,0,41,0,1,73,4,78,0,11,104,4,119,14,0,14,133
08/23/2001,HKY,NC,ASO,ES,Federal Contract Tower,0,12,18,0,30,0,0,66,0,66,0,12,84,0,96,22,0,22,118
08/24/2001,HKY,NC,ASO,ES,Federal Contract Tower,0,9,27,0,36,0,0,96,1,97,0,9,123,1,133,50,0,50,183
08/25/2001,HKY,NC,ASO,ES,Federal Contract Tower,0,3,19,0,22,0,0,55,0,55,0,3,74,0,77,64,0,64,141
08/26/2001,HKY,NC,ASO,ES,Federal Contract Tower,0,10,15,0,25,0,0,44,3,47,0,10,59,3,72,50,0,50,122
08/27/2001,HKY,NC,ASO,ES,Federal Contract Tower,0,7,22,0,29,0,2,34,2,38,0,9,56,2,67,16,0,16,83
08/28/2001,HKY,NC,ASO,ES,Federal Contract Tower,0,9,27,0,36,0,0,80,0,80,0,9,107,0,116,36,0,36,152
08/29/2001,HKY,NC,ASO,ES,Federal Contract Tower,0,10,29,0,39,0,0,44,0,44,0,10,73,0,83,58,0,58,141
08/30/2001,HKY,NC,ASO,ES,Federal Contract Tower,0,12,19,3,34,0,0,57,3,60,0,12,76,6,94,12,0,12,106
08/31/2001,HKY,NC,ASO,ES,Federal Contract Tower,0,12,36,0,48,0,0,82,2,84,0,12,118,2,132,86,0,86,218
09/01/2001,HKY,NC,ASO,ES,Federal Contract Tower,0,3,23,0,26,0,0,52,0,52,0,3,75,0,78,62,0,62,140
09/02/2001,HKY,NC,ASO,ES,Federal Contract Tower,0,11,14,0,25,0,0,10,0,10,0,11,24,0,35,0,0,0,35
09/03/2001,HKY,NC,ASO,ES,Federal Contract Tower,0,13,28,0,41,0,0,1,0,1,0,13,29,0,42,0,0,0,42
09/04/2001,HKY,NC,ASO,ES,Federal Contract Tower,0,10,42,0,52,0,0,7,0,7,0,10,49,0,59,0,0,0,59
09/05/2001,HKY,NC,ASO,ES,Federal Contract Tower,0,12,19,0,31,0,0,63,0,63,0,12,82,0,94,108,0,108,202
09/06/2001,HKY,NC,ASO,ES,Federal Contract Tower,0,11,42,0,53,0,0,24,0,24,0,11,66,0,77,66,0,66,143
09/07/2001,HKY,NC,ASO,ES,Federal Contract Tower,0,9,20,0,29,0,0,100,2,102,0,9,120,2,131,90,0,90,221
09/08/2001,HKY,NC,ASO,ES,Federal Contract Tower,0,3,18,0,21,0,0,55,0,55,0,3,73,0,76,32,0,32,108
09/09/2001,HKY,NC,ASO,ES,Federal Contract Tower,0,10,28,0,38,0,0,56,0,56,0,10,84,0,94,22,0,22,116
09/10/2001,HKY,NC,ASO,ES,Federal Contract Tower,0,11,25,0,36,0,0,18,2,20,0,11,43,2,56,38,0,38,94
09/11/2001,HKY,NC,ASO,ES,Federal Contract Tower,0,0,0,0,0,0,12,0,0,12,0,12,0,0,12,0,0,0,12
09/12/2001,HKY,NC,ASO,ES,Federal Contract Tower,0,0,0,0,0,0,0,0,0,0,0,0,0,0,0,0,0,0,0
09/13/2001,HKY,NC,ASO,ES,Federal Contract Tower,0,1,0,0,1,0,0,0,0,0,0,1,0,0,1,0,0,0,1
09/14/2001,HKY,NC,ASO,ES,Federal Contract Tower,0,15,6,0,21,0,0,0,2,2,0,15,6,2,23,0,0,0,23
09/15/2001,HKY,NC,ASO,ES,Federal Contract Tower,0,6,19,0,25,0,0,0,0,0,0,6,19,0,25,0,0,0,25
09/16/2001,HKY,NC,ASO,ES,Federal Contract Tower,0,8,8,0,16,0,0,0,0,0,0,8,8,0,16,0,0,0,16
09/17/2001,HKY,NC,ASO,ES,Federal Contract Tower,0,9,67,0,76,0,0,0,0,0,0,9,67,0,76,0,0,0,76
09/18/2001,HKY,NC,ASO,ES,Federal Contract Tower,0,8,55,0,63,0,0,2,0,2,0,8,57,0,65,2,0,2,67
09/19/2001,HKY,NC,ASO,ES,Federal Contract Tower,0,8,54,0,62,0,0,1,0,1,0,8,55,0,63,2,0,2,65
09/20/2001,HKY,NC,ASO,ES,Federal Contract Tower,0,7,51,0,58,0,0,1,0,1,0,7,52,0,59,4,0,4,63
09/21/2001,HKY,NC,ASO,ES,Federal Contract Tower,0,8,48,0,56,0,0,20,0,20,0,8,68,0,76,2,0,2,78
09/22/2001,HKY,NC,ASO,ES,Federal Contract Tower,0,4,25,1,30,0,0,36,0,36,0,4,61,1,66,14,0,14,80
09/23/2001,HKY,NC,ASO,ES,Federal Contract Tower,0,8,39,0,47,0,0,54,1,55,0,8,93,1,102,2,0,2,104
09/24/2001,HKY,NC,ASO,ES,Federal Contract Tower,0,5,18,0,23,0,0,10,0,10,0,5,28,0,33,0,0,0,33
09/25/2001,HKY,NC,ASO,ES,Federal Contract Tower,0,11,36,0,47,0,0,53,3,56,0,11,89,3,103,30,0,30,133
09/26/2001,HKY,NC,ASO,ES,Federal Contract Tower,0,7,40,2,49,0,0,55,4,59,0,7,95,6,108,36,0,36,144
09/27/2001,HKY,NC,ASO,ES,Federal Contract Tower,0,8,22,0,30,0,0,81,2,83,0,8,103,2,113,40,0,40,153
09/28/2001,HKY,NC,ASO,ES,Federal Contract Tower,0,8,30,0,38,0,0,55,5,60,0,8,85,5,98,38,0,38,136
09/29/2001,HKY,NC,ASO,ES,Federal Contract Tower,0,5,21,0,26,0,0,59,2,61,0,5,80,2,87,82,0,82,169
09/30/2001,HKY,NC,ASO,ES,Federal Contract Tower,0,6,23,0,29,0,0,67,6,73,0,6,90,6,102,70,0,70,172
10/01/2001,HKY,NC,ASO,ES,Federal Contract Tower,0,7,29,0,36,0,0,75,0,75,0,7,104,0,111,74,0,74,185
10/02/2001,HKY,NC,ASO,ES,Federal Contract Tower,0,7,30,0,37,0,0,89,6,95,0,7,119,6,132,58,0,58,190
10/03/2001,HKY,NC,ASO,ES,Federal Contract Tower,0,11,29,0,40,0,0,77,1,78,0,11,106,1,118,48,2,50,168
10/04/2001,HKY,NC,ASO,ES,Federal Contract Tower,0,9,46,0,55,0,0,106,0,106,0,9,152,0,161,66,0,66,227
10/05/2001,HKY,NC,ASO,ES,Federal Contract Tower,0,7,45,0,52,0,0,87,0,87,0,7,132,0,139,84,0,84,223
10/06/2001,HKY,NC,ASO,ES,Federal Contract Tower,0,4,15,0,19,0,0,24,0,24,0,4,39,0,43,18,0,18,61
10/07/2001,HKY,NC,ASO,ES,Federal Contract Tower,0,7,27,0,34,0,0,82,0,82,0,7,109,0,116,68,0,68,184
10/08/2001,HKY,NC,ASO,ES,Federal Contract Tower,0,9,31,0,40,0,0,70,5,75,0,9,101,5,115,114,0,114,229
10/09/2001,HKY,NC,ASO,ES,Federal Contract Tower,0,10,30,0,40,0,0,59,0,59,0,10,89,0,99,94,0,94,193
10/10/2001,HKY,NC,ASO,ES,Federal Contract Tower,0,16,44,0,60,0,1,96,2,99,0,17,140,2,159,100,0,100,259
10/11/2001,HKY,NC,ASO,ES,Federal Contract Tower,0,8,43,2,53,0,0,76,0,76,0,8,119,2,129,119,0,119,248
10/12/2001,HKY,NC,ASO,ES,Federal Contract Tower,0,9,36,0,45,0,0,23,2,25,0,9,59,2,70,6,0,6,76
10/13/2001,HKY,NC,ASO,ES,Federal Contract Tower,0,3,14,0,17,0,0,45,0,45,0,3,59,0,62,0,0,0,62
10/14/2001,HKY,NC,ASO,ES,Federal Contract Tower,0,12,21,0,33,0,0,7,0,7,0,12,28,0,40,0,0,0,40
10/15/2001,HKY,NC,ASO,ES,Federal Contract Tower,0,6,25,0,31,0,0,48,4,52,0,6,73,4,83,6,0,6,89
10/16/2001,HKY,NC,ASO,ES,Federal Contract Tower,0,6,38,0,44,0,0,51,0,51,0,6,89,0,95,38,0,38,133
10/17/2001,HKY,NC,ASO,ES,Federal Contract Tower,0,11,34,0,45,0,0,72,0,72,0,11,106,0,117,100,0,100,217
10/18/2001,HKY,NC,ASO,ES,Federal Contract Tower,0,7,49,0,56,0,0,101,4,105,0,7,150,4,161,130,0,130,291
10/19/2001,HKY,NC,ASO,ES,Federal Contract Tower,0,7,33,0,40,0,0,92,4,96,0,7,125,4,136,16,0,16,152
10/20/2001,HKY,NC,ASO,ES,Federal Contract Tower,0,3,16,0,19,0,0,131,0,131,0,3,147,0,150,112,0,112,262
10/21/2001,HKY,NC,ASO,ES,Federal Contract Tower,0,6,28,0,34,0,0,104,0,104,0,6,132,0,138,32,0,32,170
10/22/2001,HKY,NC,ASO,ES,Federal Contract Tower,0,9,31,0,40,0,0,88,0,88,0,9,119,0,128,56,0,56,184
10/23/2001,HKY,NC,ASO,ES,Federal Contract Tower,0,8,46,0,54,0,0,59,0,59,0,8,105,0,113,80,0,80,193
10/24/2001,HKY,NC,ASO,ES,Federal Contract Tower,0,7,54,0,61,0,0,74,0,74,0,7,128,0,135,102,0,102,237
10/25/2001,HKY,NC,ASO,ES,Federal Contract Tower,0,8,40,0,48,0,0,77,4,81,0,8,117,4,129,198,0,198,327
10/26/2001,HKY,NC,ASO,ES,Federal Contract Tower,0,9,30,2,41,0,0,115,3,118,0,9,145,5,159,18,0,18,177
10/27/2001,HKY,NC,ASO,ES,Federal Contract Tower,0,4,15,0,19,0,0,109,0,109,0,4,124,0,128,316,0,316,444
10/28/2001,HKY,NC,ASO,ES,Federal Contract Tower,0,6,29,0,35,0,0,95,0,95,0,6,124,0,130,58,0,58,188
10/29/2001,HKY,NC,ASO,ES,Federal Contract Tower,0,9,22,4,35,0,1,78,0,79,0,10,100,4,114,84,0,84,198
10/30/2001,HKY,NC,ASO,ES,Federal Contract Tower,0,7,35,0,42,0,0,59,3,62,0,7,94,3,104,84,0,84,188
10/31/2001,HKY,NC,ASO,ES,Federal Contract Tower,0,6,22,0,28,0,1,87,0,88,0,7,109,0,116,74,0,74,190
11/01/2001,HKY,NC,ASO,ES,Federal Contract Tower,0,7,49,0,56,0,0,79,0,79,0,7,128,0,135,82,0,82,217
11/02/2001,HKY,NC,ASO,ES,Federal Contract Tower,0,7,35,0,42,0,0,53,6,59,0,7,88,6,101,16,0,16,117
11/03/2001,HKY,NC,ASO,ES,Federal Contract Tower,0,4,17,0,21,0,0,57,0,57,0,4,74,0,78,16,0,16,94
11/04/2001,HKY,NC,ASO,ES,Federal Contract Tower,0,6,16,2,24,0,0,68,4,72,0,6,84,6,96,36,0,36,132
11/05/2001,HKY,NC,ASO,ES,Federal Contract Tower,0,9,19,0,28,0,1,61,0,62,0,10,80,0,90,76,0,76,166
11/06/2001,HKY,NC,ASO,ES,Federal Contract Tower,0,7,44,0,51,0,1,70,9,80,0,8,114,9,131,26,0,26,157
11/07/2001,HKY,NC,ASO,ES,Federal Contract Tower,0,9,32,2,43,0,0,44,0,44,0,9,76,2,87,30,0,30,117
11/08/2001,HKY,NC,ASO,ES,Federal Contract Tower,0,9,36,0,45,0,0,109,0,109,0,9,145,0,154,46,0,46,200
11/09/2001,HKY,NC,ASO,ES,Federal Contract Tower,0,9,34,0,43,0,0,74,0,74,0,9,108,0,117,50,0,50,167
11/10/2001,HKY,NC,ASO,ES,Federal Contract Tower,0,3,27,0,30,0,0,73,0,73,0,3,100,0,103,12,0,12,115
11/11/2001,HKY,NC,ASO,ES,Federal Contract Tower,0,13,29,0,42,0,0,73,0,73,0,13,102,0,115,62,0,62,177
11/12/2001,HKY,NC,ASO,ES,Federal Contract Tower,0,12,14,0,26,0,0,49,2,51,0,12,63,2,77,20,0,20,97
11/13/2001,HKY,NC,ASO,ES,Federal Contract Tower,0,8,32,0,40,0,0,81,0,81,0,8,113,0,121,32,0,32,153
11/14/2001,HKY,NC,ASO,ES,Federal Contract Tower,0,8,34,1,43,0,0,50,1,51,0,8,84,2,94,8,0,8,102
11/15/2001,HKY,NC,ASO,ES,Federal Contract Tower,0,7,41,0,48,0,0,102,0,102,0,7,143,0,150,16,0,16,166
11/16/2001,HKY,NC,ASO,ES,Federal Contract Tower,0,15,28,0,43,0,0,116,0,116,0,15,144,0,159,60,0,60,219
11/17/2001,HKY,NC,ASO,ES,Federal Contract Tower,0,5,18,3,26,0,0,84,11,95,0,5,102,14,121,56,0,56,177
11/18/2001,HKY,NC,ASO,ES,Federal Contract Tower,0,6,27,0,33,0,0,53,0,53,0,6,80,0,86,84,0,84,170
11/19/2001,HKY,NC,ASO,ES,Federal Contract Tower,0,7,31,0,38,0,0,59,4,63,0,7,90,4,101,74,0,74,175
11/20/2001,HKY,NC,ASO,ES,Federal Contract Tower,0,7,32,0,39,0,0,59,0,59,0,7,91,0,98,38,0,38,136
11/21/2001,HKY,NC,ASO,ES,Federal Contract Tower,0,10,36,0,46,0,0,100,0,100,0,10,136,0,146,48,0,48,194
11/22/2001,HKY,NC,ASO,ES,Federal Contract Tower,0,3,12,0,15,0,0,41,0,41,0,3,53,0,56,2,0,2,58
11/23/2001,HKY,NC,ASO,ES,Federal Contract Tower,0,4,35,0,39,0,0,68,0,68,0,4,103,0,107,30,0,30,137
11/24/2001,HKY,NC,ASO,ES,Federal Contract Tower,0,0,0,0,0,0,10,0,0,10,0,10,0,0,10,0,0,0,10
11/25/2001,HKY,NC,ASO,ES,Federal Contract Tower,0,7,40,0,47,0,0,25,0,25,0,7,65,0,72,0,0,0,72
11/26/2001,HKY,NC,ASO,ES,Federal Contract Tower,0,9,40,0,49,0,0,52,0,52,0,9,92,0,101,44,0,44,145
11/27/2001,HKY,NC,ASO,ES,Federal Contract Tower,0,7,35,0,42,0,0,39,0,39,0,7,74,0,81,30,0,30,111
11/28/2001,HKY,NC,ASO,ES,Federal Contract Tower,0,7,31,0,38,0,0,49,0,49,0,7,80,0,87,26,0,26,113
11/29/2001,HKY,NC,ASO,ES,Federal Contract Tower,0,9,27,0,36,0,0,13,0,13,0,9,40,0,49,18,0,18,67
11/30/2001,HKY,NC,ASO,ES,Federal Contract Tower,0,8,29,0,37,0,0,4,0,4,0,8,33,0,41,16,0,16,57
12/01/2001,HKY,NC,ASO,ES,Federal Contract Tower,0,2,25,0,27,0,1,53,0,54,0,3,78,0,81,28,0,28,109
12/02/2001,HKY,NC,ASO,ES,Federal Contract Tower,0,5,16,0,21,0,1,43,0,44,0,6,59,0,65,6,0,6,71
12/03/2001,HKY,NC,ASO,ES,Federal Contract Tower,0,6,27,0,33,0,0,74,0,74,0,6,101,0,107,66,0,66,173
12/04/2001,HKY,NC,ASO,ES,Federal Contract Tower,0,13,29,0,42,0,0,80,0,80,0,13,109,0,122,12,0,12,134
12/05/2001,HKY,NC,ASO,ES,Federal Contract Tower,0,7,31,0,38,0,0,94,2,96,0,7,125,2,134,78,0,78,212
12/06/2001,HKY,NC,ASO,ES,Federal Contract Tower,0,7,35,1,43,0,0,62,5,67,0,7,97,6,110,42,0,42,152
12/07/2001,HKY,NC,ASO,ES,Federal Contract Tower,0,9,25,0,34,0,0,62,0,62,0,9,87,0,96,40,0,40,136
12/08/2001,HKY,NC,ASO,ES,Federal Contract Tower,0,3,22,0,25,0,0,39,0,39,0,3,61,0,64,10,0,10,74
12/09/2001,HKY,NC,ASO,ES,Federal Contract Tower,0,6,9,0,15,0,0,77,0,77,0,6,86,0,92,42,0,42,134
12/10/2001,HKY,NC,ASO,ES,Federal Contract Tower,0,12,14,0,26,0,0,5,0,5,0,12,19,0,31,0,0,0,31
12/11/2001,HKY,NC,ASO,ES,Federal Contract Tower,0,7,24,0,31,0,0,59,0,59,0,7,83,0,90,64,0,64,154
12/12/2001,HKY,NC,ASO,ES,Federal Contract Tower,0,11,37,0,48,0,0,6,0,6,0,11,43,0,54,0,0,0,54
12/13/2001,HKY,NC,ASO,ES,Federal Contract Tower,1,11,39,0,51,0,0,0,0,0,1,11,39,0,51,0,0,0,51
12/14/2001,HKY,NC,ASO,ES,Federal Contract Tower,0,8,27,0,35,1,0,8,0,9,1,8,35,0,44,4,0,4,48
12/15/2001,HKY,NC,ASO,ES,Federal Contract Tower,0,3,17,0,20,0,0,87,8,95,0,3,104,8,115,2,0,2,117
12/16/2001,HKY,NC,ASO,ES,Federal Contract Tower,0,5,18,0,23,0,3,47,0,50,0,8,65,0,73,14,0,14,87
12/17/2001,HKY,NC,ASO,ES,Federal Contract Tower,0,6,20,0,26,0,0,0,0,0,0,6,20,0,26,0,0,0,26
12/18/2001,HKY,NC,ASO,ES,Federal Contract Tower,0,3,16,0,19,0,0,51,0,51,0,3,67,0,70,46,0,46,116
12/19/2001,HKY,NC,ASO,ES,Federal Contract Tower,0,7,18,0,25,0,0,79,0,79,0,7,97,0,104,72,0,72,176
12/20/2001,HKY,NC,ASO,ES,Federal Contract Tower,0,10,17,0,27,0,0,46,0,46,0,10,63,0,73,32,0,32,105
12/21/2001,HKY,NC,ASO,ES,Federal Contract Tower,0,7,25,0,32,0,0,80,0,80,0,7,105,0,112,68,0,68,180
12/22/2001,HKY,NC,ASO,ES,Federal Contract Tower,0,3,16,0,19,0,0,83,6,89,0,3,99,6,108,64,0,64,172
12/23/2001,HKY,NC,ASO,ES,Federal Contract Tower,0,4,20,0,24,0,0,33,0,33,0,4,53,0,57,38,0,38,95
12/24/2001,HKY,NC,ASO,ES,Federal Contract Tower,0,5,7,0,12,0,0,46,0,46,0,5,53,0,58,54,0,54,112
12/25/2001,HKY,NC,ASO,ES,Federal Contract Tower,0,4,5,0,9,0,0,13,0,13,0,4,18,0,22,6,0,6,28
12/26/2001,HKY,NC,ASO,ES,Federal Contract Tower,0,11,24,0,35,0,0,87,0,87,0,11,111,0,122,32,0,32,154
12/27/2001,HKY,NC,ASO,ES,Federal Contract Tower,0,7,32,0,39,0,0,50,0,50,0,7,82,0,89,68,0,68,157
12/28/2001,HKY,NC,ASO,ES,Federal Contract Tower,0,7,14,0,21,0,0,49,0,49,0,7,63,0,70,54,0,54,124
12/29/2001,HKY,NC,ASO,ES,Federal Contract Tower,0,3,23,0,26,0,0,43,0,43,0,3,66,0,69,30,0,30,99
12/30/2001,HKY,NC,ASO,ES,Federal Contract Tower,0,6,15,0,21,0,0,77,0,77,0,6,92,0,98,28,0,28,126
12/31/2001,HKY,NC,ASO,ES,Federal Contract Tower,0,5,20,0,25,0,0,31,0,31,0,5,51,0,56,16,0,16,72
01/01/2002,HKY,NC,ASO,ES,Federal Contract Tower,0,5,15,0,20,0,1,36,2,39,0,6,51,2,59,12,0,12,71
01/02/2002,HKY,NC,ASO,ES,Federal Contract Tower,0,6,47,0,53,0,0,6,0,6,0,6,53,0,59,20,0,20,79
01/03/2002,HKY,NC,ASO,ES,Federal Contract Tower,0,3,7,0,10,0,2,0,0,2,0,5,7,0,12,0,0,0,12
01/04/2002,HKY,NC,ASO,ES,Federal Contract Tower,0,6,19,0,25,0,1,55,0,56,0,7,74,0,81,76,0,76,157
01/05/2002,HKY,NC,ASO,ES,Federal Contract Tower,0,2,7,0,9,0,1,74,0,75,0,3,81,0,84,24,0,24,108
01/06/2002,HKY,NC,ASO,ES,Federal Contract Tower,0,5,11,0,16,0,1,0,0,1,0,6,11,0,17,0,0,0,17
01/07/2002,HKY,NC,ASO,ES,Federal Contract Tower,0,9,8,0,17,0,0,29,0,29,0,9,37,0,46,14,0,14,60
01/08/2002,HKY,NC,ASO,ES,Federal Contract Tower,0,8,22,0,30,0,0,40,0,40,0,8,62,0,70,4,0,4,74
01/09/2002,HKY,NC,ASO,ES,Federal Contract Tower,0,9,24,0,33,0,0,66,16,82,0,9,90,16,115,24,0,24,139
01/10/2002,HKY,NC,ASO,ES,Federal Contract Tower,0,7,15,2,24,0,0,62,0,62,0,7,77,2,86,70,0,70,156
01/11/2002,HKY,NC,ASO,ES,Federal Contract Tower,0,7,17,0,24,0,0,51,0,51,0,7,68,0,75,6,0,6,81
01/12/2002,HKY,NC,ASO,ES,Federal Contract Tower,0,1,7,0,8,0,0,85,0,85,0,1,92,0,93,84,0,84,177
01/13/2002,HKY,NC,ASO,ES,Federal Contract Tower,0,6,9,0,15,0,0,48,2,50,0,6,57,2,65,36,8,44,109
01/14/2002,HKY,NC,ASO,ES,Federal Contract Tower,0,9,15,0,24,0,0,34,0,34,0,9,49,0,58,12,0,12,70
01/15/2002,HKY,NC,ASO,ES,Federal Contract Tower,0,9,19,0,28,0,0,81,2,83,0,9,100,2,111,30,0,30,141
01/16/2002,HKY,NC,ASO,ES,Federal Contract Tower,0,7,26,0,33,0,0,82,0,82,0,7,108,0,115,36,0,36,151
01/17/2002,HKY,NC,ASO,ES,Federal Contract Tower,0,7,29,0,36,0,0,58,0,58,0,7,87,0,94,4,0,4,98
01/18/2002,HKY,NC,ASO,ES,Federal Contract Tower,0,7,21,0,28,0,0,66,2,68,0,7,87,2,96,30,0,30,126
01/19/2002,HKY,NC,ASO,ES,Federal Contract Tower,0,1,5,0,6,0,0,0,0,0,0,1,5,0,6,0,0,0,6
01/20/2002,HKY,NC,ASO,ES,Federal Contract Tower,0,6,16,0,22,0,0,75,0,75,0,6,91,0,97,24,0,24,121
01/21/2002,HKY,NC,ASO,ES,Federal Contract Tower,0,7,28,0,35,0,0,38,4,42,0,7,66,4,77,62,0,62,139
01/22/2002,HKY,NC,ASO,ES,Federal Contract Tower,0,7,27,0,34,0,0,90,0,90,0,7,117,0,124,76,0,76,200
01/23/2002,HKY,NC,ASO,ES,Federal Contract Tower,0,7,20,0,27,0,0,2,0,2,0,7,22,0,29,0,0,0,29
01/24/2002,HKY,NC,ASO,ES,Federal Contract Tower,0,8,28,0,36,0,0,14,0,14,0,8,42,0,50,44,0,44,94
01/25/2002,HKY,NC,ASO,ES,Federal Contract Tower,0,9,29,0,38,0,2,88,0,90,0,11,117,0,128,16,0,16,144
01/26/2002,HKY,NC,ASO,ES,Federal Contract Tower,0,3,14,0,17,0,0,95,0,95,0,3,109,0,112,26,0,26,138
01/27/2002,HKY,NC,ASO,ES,Federal Contract Tower,0,8,13,0,21,0,0,61,2,63,0,8,74,2,84,14,0,14,98
01/28/2002,HKY,NC,ASO,ES,Federal Contract Tower,0,7,17,2,26,0,0,82,2,84,0,7,99,4,110,46,2,48,158
01/29/2002,HKY,NC,ASO,ES,Federal Contract Tower,0,11,43,1,55,0,0,93,7,100,0,11,136,8,155,58,0,58,213
01/30/2002,HKY,NC,ASO,ES,Federal Contract Tower,0,8,35,0,43,0,0,83,0,83,0,8,118,0,126,54,0,54,180
01/31/2002,HKY,NC,ASO,ES,Federal Contract Tower,0,6,48,2,56,0,0,64,0,64,0,6,112,2,120,48,0,48,168
02/01/2002,HKY,NC,ASO,ES,Federal Contract Tower,0,7,16,0,23,0,0,29,0,29,0,7,45,0,52,8,0,8,60
02/02/2002,HKY,NC,ASO,ES,Federal Contract Tower,0,3,16,0,19,0,0,87,6,93,0,3,103,6,112,36,0,36,148
02/03/2002,HKY,NC,ASO,ES,Federal Contract Tower,0,6,13,0,19,0,0,74,0,74,0,6,87,0,93,2,0,2,95
02/04/2002,HKY,NC,ASO,ES,Federal Contract Tower,0,7,13,0,20,0,0,23,0,23,0,7,36,0,43,0,0,0,43
02/05/2002,HKY,NC,ASO,ES,Federal Contract Tower,0,8,36,0,44,0,0,96,12,108,0,8,132,12,152,72,0,72,224
02/06/2002,HKY,NC,ASO,ES,Federal Contract Tower,0,8,30,0,38,0,0,15,0,15,0,8,45,0,53,60,0,60,113
02/07/2002,HKY,NC,ASO,ES,Federal Contract Tower,0,9,34,0,43,0,0,0,0,0,0,9,34,0,43,0,0,0,43
02/08/2002,HKY,NC,ASO,ES,Federal Contract Tower,0,7,31,0,38,0,0,127,18,145,0,7,158,18,183,66,0,66,249
02/09/2002,HKY,NC,ASO,ES,Federal Contract Tower,0,3,12,0,15,0,0,123,26,149,0,3,135,26,164,62,0,62,226
02/10/2002,HKY,NC,ASO,ES,Federal Contract Tower,0,8,26,0,34,0,0,12,0,12,0,8,38,0,46,0,0,0,46
02/11/2002,HKY,NC,ASO,ES,Federal Contract Tower,0,7,16,0,23,0,0,46,9,55,0,7,62,9,78,34,0,34,112
02/12/2002,HKY,NC,ASO,ES,Federal Contract Tower,0,7,30,0,37,0,0,65,0,65,0,7,95,0,102,18,0,18,120
02/13/2002,HKY,NC,ASO,ES,Federal Contract Tower,0,8,29,0,37,0,1,92,4,97,0,9,121,4,134,60,0,60,194
02/14/2002,HKY,NC,ASO,ES,Federal Contract Tower,0,8,21,0,29,0,0,98,0,98,0,8,119,0,127,62,0,62,189
02/15/2002,HKY,NC,ASO,ES,Federal Contract Tower,0,11,18,0,29,0,0,82,0,82,0,11,100,0,111,26,0,26,137
02/16/2002,HKY,NC,ASO,ES,Federal Contract Tower,0,3,15,0,18,0,0,64,0,64,0,3,79,0,82,18,0,18,100
02/17/2002,HKY,NC,ASO,ES,Federal Contract Tower,0,8,22,0,30,0,0,38,0,38,0,8,60,0,68,8,0,8,76
02/18/2002,HKY,NC,ASO,ES,Federal Contract Tower,0,5,20,0,25,0,4,94,0,98,0,9,114,0,123,70,0,70,193
02/19/2002,HKY,NC,ASO,ES,Federal Contract Tower,0,7,36,0,43,0,0,63,2,65,0,7,99,2,108,62,0,62,170
02/20/2002,HKY,NC,ASO,ES,Federal Contract Tower,0,6,27,0,33,0,0,16,0,16,0,6,43,0,49,0,0,0,49
02/21/2002,HKY,NC,ASO,ES,Federal Contract Tower,0,10,25,0,35,0,0,78,3,81,0,10,103,3,116,56,0,56,172
02/22/2002,HKY,NC,ASO,ES,Federal Contract Tower,0,10,24,0,34,0,0,56,0,56,0,10,80,0,90,50,0,50,140
02/23/2002,HKY,NC,ASO,ES,Federal Contract Tower,0,2,6,0,8,0,0,76,0,76,0,2,82,0,84,76,0,76,160
02/24/2002,HKY,NC,ASO,ES,Federal Contract Tower,0,6,11,0,17,0,0,79,0,79,0,6,90,0,96,22,0,22,118
02/25/2002,HKY,NC,ASO,ES,Federal Contract Tower,0,7,21,0,28,0,0,82,0,82,0,7,103,0,110,40,0,40,150
02/26/2002,HKY,NC,ASO,ES,Federal Contract Tower,0,7,25,0,32,0,0,53,0,53,0,7,78,0,85,18,0,18,103
02/27/2002,HKY,NC,ASO,ES,Federal Contract Tower,0,7,35,0,42,0,0,35,4,39,0,7,70,4,81,22,0,22,103
02/28/2002,HKY,NC,ASO,ES,Federal Contract Tower,0,7,19,0,26,0,0,74,2,76,0,7,93,2,102,62,0,62,164
03/01/2002,HKY,NC,ASO,ES,Federal Contract Tower,0,6,21,0,27,0,1,60,0,61,0,7,81,0,88,38,0,38,126
03/02/2002,HKY,NC,ASO,ES,Federal Contract Tower,0,1,8,0,9,0,1,0,0,1,0,2,8,0,10,0,0,0,10
03/03/2002,HKY,NC,ASO,ES,Federal Contract Tower,0,6,15,2,23,0,1,2,0,3,0,7,17,2,26,0,0,0,26
03/04/2002,HKY,NC,ASO,ES,Federal Contract Tower,0,9,12,0,21,0,0,37,4,41,0,9,49,4,62,32,0,32,94
03/05/2002,HKY,NC,ASO,ES,Federal Contract Tower,0,7,33,0,40,0,0,43,0,43,0,7,76,0,83,18,0,18,101
03/06/2002,HKY,NC,ASO,ES,Federal Contract Tower,0,9,21,2,32,0,0,84,2,86,0,9,105,4,118,62,0,62,180
03/07/2002,HKY,NC,ASO,ES,Federal Contract Tower,0,10,37,0,47,0,0,53,0,53,0,10,90,0,100,30,0,30,130
03/08/2002,HKY,NC,ASO,ES,Federal Contract Tower,0,7,21,0,28,0,1,62,0,63,0,8,83,0,91,50,0,50,141
03/09/2002,HKY,NC,ASO,ES,Federal Contract Tower,0,0,15,0,15,0,0,17,0,17,0,0,32,0,32,4,0,4,36
03/10/2002,HKY,NC,ASO,ES,Federal Contract Tower,0,7,14,0,21,0,0,45,0,45,0,7,59,0,66,62,0,62,128
03/11/2002,HKY,NC,ASO,ES,Federal Contract Tower,0,7,35,1,43,0,0,94,4,98,0,7,129,5,141,0,0,0,141
03/12/2002,HKY,NC,ASO,ES,Federal Contract Tower,0,6,28,0,34,0,0,2,0,2,0,6,30,0,36,0,0,0,36
03/13/2002,HKY,NC,ASO,ES,Federal Contract Tower,0,9,41,0,50,0,0,9,0,9,0,9,50,0,59,2,0,2,61
03/14/2002,HKY,NC,ASO,ES,Federal Contract Tower,0,8,52,0,60,0,0,70,0,70,0,8,122,0,130,48,0,48,178
03/15/2002,HKY,NC,ASO,ES,Federal Contract Tower,0,7,41,1,49,0,0,78,7,85,0,7,119,8,134,108,0,108,242
03/16/2002,HKY,NC,ASO,ES,Federal Contract Tower,0,2,7,0,9,0,0,61,6,67,0,2,68,6,76,80,0,80,156
03/17/2002,HKY,NC,ASO,ES,Federal Contract Tower,0,5,26,0,31,0,0,0,0,0,0,5,26,0,31,0,0,0,31
03/18/2002,HKY,NC,ASO,ES,Federal Contract Tower,0,7,23,4,34,0,0,39,0,39,0,7,62,4,73,8,0,8,81
03/19/2002,HKY,NC,ASO,ES,Federal Contract Tower,0,7,38,0,45,0,0,14,0,14,0,7,52,0,59,8,0,8,67
03/20/2002,HKY,NC,ASO,ES,Federal Contract Tower,0,9,38,3,50,0,0,3,1,4,0,9,41,4,54,0,0,0,54
03/21/2002,HKY,NC,ASO,ES,Federal Contract Tower,0,7,33,0,40,0,0,38,0,38,0,7,71,0,78,30,0,30,108
03/22/2002,HKY,NC,ASO,ES,Federal Contract Tower,0,7,27,0,34,0,0,65,9,74,0,7,92,9,108,58,0,58,166
03/23/2002,HKY,NC,ASO,ES,Federal Contract Tower,0,4,25,0,29,0,0,102,8,110,0,4,127,8,139,24,0,24,163
03/24/2002,HKY,NC,ASO,ES,Federal Contract Tower,0,6,8,0,14,0,0,99,0,99,0,6,107,0,113,56,0,56,169
03/25/2002,HKY,NC,ASO,ES,Federal Contract Tower,0,9,24,0,33,0,0,45,4,49,0,9,69,4,82,2,0,2,84
03/26/2002,HKY,NC,ASO,ES,Federal Contract Tower,0,11,20,0,31,0,0,19,0,19,0,11,39,0,50,4,0,4,54
03/27/2002,HKY,NC,ASO,ES,Federal Contract Tower,0,8,34,0,42,0,0,94,2,96,0,8,128,2,138,32,0,32,170
03/28/2002,HKY,NC,ASO,ES,Federal Contract Tower,0,9,31,0,40,0,0,107,6,113,0,9,138,6,153,80,0,80,233
03/29/2002,HKY,NC,ASO,ES,Federal Contract Tower,0,8,19,0,27,0,0,55,6,61,0,8,74,6,88,42,0,42,130
03/30/2002,HKY,NC,ASO,ES,Federal Contract Tower,0,3,20,0,23,0,0,18,0,18,0,3,38,0,41,0,0,0,41
03/31/2002,HKY,NC,ASO,ES,Federal Contract Tower,0,3,11,0,14,0,0,0,0,0,0,3,11,0,14,0,0,0,14
04/01/2002,HKY,NC,ASO,ES,Federal Contract Tower,0,7,32,0,39,0,0,107,0,107,0,7,139,0,146,68,0,68,214
04/02/2002,HKY,NC,ASO,ES,Federal Contract Tower,0,7,29,0,36,0,0,46,5,51,0,7,75,5,87,2,0,2,89
04/03/2002,HKY,NC,ASO,ES,Federal Contract Tower,0,9,43,0,52,0,0,30,3,33,0,9,73,3,85,18,0,18,103
04/04/2002,HKY,NC,ASO,ES,Federal Contract Tower,0,9,33,0,42,0,0,76,4,80,0,9,109,4,122,62,0,62,184
04/05/2002,HKY,NC,ASO,ES,Federal Contract Tower,0,7,32,0,39,0,0,53,2,55,0,7,85,2,94,12,0,12,106
04/06/2002,HKY,NC,ASO,ES,Federal Contract Tower,0,2,24,0,26,0,0,78,4,82,0,2,102,4,108,56,0,56,164
04/07/2002,HKY,NC,ASO,ES,Federal Contract Tower,0,5,23,0,28,0,0,85,0,85,0,5,108,0,113,24,0,24,137
04/08/2002,HKY,NC,ASO,ES,Federal Contract Tower,0,13,27,0,40,0,0,44,0,44,0,13,71,0,84,42,0,42,126
04/09/2002,HKY,NC,ASO,ES,Federal Contract Tower,0,7,30,0,37,0,0,5,0,5,0,7,35,0,42,0,0,0,42
04/10/2002,HKY,NC,ASO,ES,Federal Contract Tower,0,5,24,0,29,0,0,64,0,64,0,5,88,0,93,8,0,8,101
04/11/2002,HKY,NC,ASO,ES,Federal Contract Tower,0,8,19,0,27,0,0,70,0,70,0,8,89,0,97,68,0,68,165
04/12/2002,HKY,NC,ASO,ES,Federal Contract Tower,0,9,24,0,33,0,0,5,0,5,0,9,29,0,38,0,0,0,38
04/13/2002,HKY,NC,ASO,ES,Federal Contract Tower,0,2,29,0,31,0,0,11,0,11,0,2,40,0,42,0,0,0,42
04/14/2002,HKY,NC,ASO,ES,Federal Contract Tower,0,7,26,0,33,0,0,30,0,30,0,7,56,0,63,36,0,36,99
04/15/2002,HKY,NC,ASO,ES,Federal Contract Tower,0,8,15,0,23,0,0,55,0,55,0,8,70,0,78,34,0,34,112
04/16/2002,HKY,NC,ASO,ES,Federal Contract Tower,0,2,20,0,22,0,0,84,0,84,0,2,104,0,106,66,0,66,172
04/17/2002,HKY,NC,ASO,ES,Federal Contract Tower,0,0,30,0,30,0,0,56,2,58,0,0,86,2,88,20,0,20,108
04/18/2002,HKY,NC,ASO,ES,Federal Contract Tower,0,5,22,0,27,0,0,59,4,63,0,5,81,4,90,50,0,50,140
04/19/2002,HKY,NC,ASO,ES,Federal Contract Tower,0,0,19,0,19,0,0,77,0,77,0,0,96,0,96,26,0,26,122
04/20/2002,HKY,NC,ASO,ES,Federal Contract Tower,0,1,16,0,17,0,0,59,2,61,0,1,75,2,78,22,0,22,100
04/21/2002,HKY,NC,ASO,ES,Federal Contract Tower,0,2,20,0,22,0,0,72,8,80,0,2,92,8,102,36,0,36,138
04/22/2002,HKY,NC,ASO,ES,Federal Contract Tower,0,0,19,0,19,0,0,61,0,61,0,0,80,0,80,42,0,42,122
04/23/2002,HKY,NC,ASO,ES,Federal Contract Tower,0,0,23,0,23,0,0,101,2,103,0,0,124,2,126,70,0,70,196
04/24/2002,HKY,NC,ASO,ES,Federal Contract Tower,0,2,26,0,28,0,0,48,3,51,0,2,74,3,79,10,0,10,89
04/25/2002,HKY,NC,ASO,ES,Federal Contract Tower,0,4,34,0,38,0,0,53,0,53,0,4,87,0,91,44,0,44,135
04/26/2002,HKY,NC,ASO,ES,Federal Contract Tower,0,0,28,0,28,0,0,82,4,86,0,0,110,4,114,10,0,10,124
04/27/2002,HKY,NC,ASO,ES,Federal Contract Tower,0,0,25,0,25,0,0,30,0,30,0,0,55,0,55,0,0,0,55
04/28/2002,HKY,NC,ASO,ES,Federal Contract Tower,0,2,32,0,34,0,0,46,0,46,0,2,78,0,80,6,0,6,86
04/29/2002,HKY,NC,ASO,ES,Federal Contract Tower,0,2,24,0,26,0,0,62,8,70,0,2,86,8,96,22,0,22,118
04/30/2002,HKY,NC,ASO,ES,Federal Contract Tower,0,4,49,0,53,0,0,85,4,89,0,4,134,4,142,30,0,30,172
05/01/2002,HKY,NC,ASO,ES,Federal Contract Tower,0,4,32,0,36,0,0,50,0,50,0,4,82,0,86,14,0,14,100
05/02/2002,HKY,NC,ASO,ES,Federal Contract Tower,0,2,33,0,35,0,0,39,0,39,0,2,72,0,74,0,0,0,74
05/03/2002,HKY,NC,ASO,ES,Federal Contract Tower,0,4,41,0,45,0,0,36,0,36,0,4,77,0,81,55,0,55,136
05/04/2002,HKY,NC,ASO,ES,Federal Contract Tower,0,3,26,0,29,0,0,21,0,21,0,3,47,0,50,0,0,0,50
05/05/2002,HKY,NC,ASO,ES,Federal Contract Tower,0,3,40,0,43,0,0,70,0,70,0,3,110,0,113,76,0,76,189
05/06/2002,HKY,NC,ASO,ES,Federal Contract Tower,0,4,22,0,26,0,0,63,0,63,0,4,85,0,89,24,0,24,113
05/07/2002,HKY,NC,ASO,ES,Federal Contract Tower,0,2,26,0,28,0,0,116,2,118,0,2,142,2,146,16,0,16,162
05/08/2002,HKY,NC,ASO,ES,Federal Contract Tower,0,3,52,0,55,0,0,96,2,98,0,3,148,2,153,14,0,14,167
05/09/2002,HKY,NC,ASO,ES,Federal Contract Tower,0,1,22,0,23,0,0,63,0,63,0,1,85,0,86,44,0,44,130
05/10/2002,HKY,NC,ASO,ES,Federal Contract Tower,0,4,20,0,24,0,0,74,0,74,0,4,94,0,98,42,0,42,140
05/11/2002,HKY,NC,ASO,ES,Federal Contract Tower,0,2,19,0,21,0,0,63,0,63,0,2,82,0,84,66,0,66,150
05/12/2002,HKY,NC,ASO,ES,Federal Contract Tower,0,1,15,0,16,0,0,22,0,22,0,1,37,0,38,22,0,22,60
05/13/2002,HKY,NC,ASO,ES,Federal Contract Tower,0,2,26,0,28,0,0,17,0,17,0,2,43,0,45,16,0,16,61
05/14/2002,HKY,NC,ASO,ES,Federal Contract Tower,0,0,24,0,24,0,0,46,0,46,0,0,70,0,70,0,0,0,70
05/15/2002,HKY,NC,ASO,ES,Federal Contract Tower,0,2,32,0,34,0,0,94,0,94,0,2,126,0,128,84,0,84,212
05/16/2002,HKY,NC,ASO,ES,Federal Contract Tower,0,2,32,0,34,0,0,87,0,87,0,2,119,0,121,26,0,26,147
05/17/2002,HKY,NC,ASO,ES,Federal Contract Tower,0,5,31,2,38,0,0,67,0,67,0,5,98,2,105,50,0,50,155
05/18/2002,HKY,NC,ASO,ES,Federal Contract Tower,0,1,18,0,19,0,0,32,0,32,0,1,50,0,51,28,0,28,79
05/19/2002,HKY,NC,ASO,ES,Federal Contract Tower,0,0,33,0,33,0,0,75,0,75,0,0,108,0,108,26,0,26,134
05/20/2002,HKY,NC,ASO,ES,Federal Contract Tower,0,0,22,0,22,0,0,70,0,70,0,0,92,0,92,28,0,28,120
05/21/2002,HKY,NC,ASO,ES,Federal Contract Tower,0,6,35,0,41,0,0,85,2,87,0,6,120,2,128,74,0,74,202
05/22/2002,HKY,NC,ASO,ES,Federal Contract Tower,0,3,53,0,56,0,0,92,0,92,0,3,145,0,148,92,0,92,240
05/23/2002,HKY,NC,ASO,ES,Federal Contract Tower,0,3,46,0,49,0,0,88,0,88,0,3,134,0,137,62,0,62,199
05/24/2002,HKY,NC,ASO,ES,Federal Contract Tower,0,0,41,0,41,0,0,77,0,77,0,0,118,0,118,70,0,70,188
05/25/2002,HKY,NC,ASO,ES,Federal Contract Tower,0,0,22,0,22,0,0,95,0,95,0,0,117,0,117,20,0,20,137
05/26/2002,HKY,NC,ASO,ES,Federal Contract Tower,0,2,13,0,15,0,0,33,0,33,0,2,46,0,48,16,0,16,64
05/27/2002,HKY,NC,ASO,ES,Federal Contract Tower,0,0,29,0,29,0,0,42,0,42,0,0,71,0,71,2,0,2,73
05/28/2002,HKY,NC,ASO,ES,Federal Contract Tower,0,5,43,0,48,0,1,77,0,78,0,6,120,0,126,86,0,86,212
05/29/2002,HKY,NC,ASO,ES,Federal Contract Tower,0,2,32,0,34,0,0,86,0,86,0,2,118,0,120,32,0,32,152
05/30/2002,HKY,NC,ASO,ES,Federal Contract Tower,0,4,61,0,65,0,0,42,0,42,0,4,103,0,107,28,0,28,135
05/31/2002,HKY,NC,ASO,ES,Federal Contract Tower,0,6,38,0,44,0,3,47,0,50,0,9,85,0,94,56,0,56,150
06/01/2002,HKY,NC,ASO,ES,Federal Contract Tower,0,0,29,0,29,0,0,76,0,76,0,0,105,0,105,58,0,58,163
06/02/2002,HKY,NC,ASO,ES,Federal Contract Tower,0,3,29,0,32,0,0,63,0,63,0,3,92,0,95,34,0,34,129
06/03/2002,HKY,NC,ASO,ES,Federal Contract Tower,0,4,34,0,38,0,0,62,8,70,0,4,96,8,108,56,0,56,164
06/04/2002,HKY,NC,ASO,ES,Federal Contract Tower,0,5,29,0,34,0,0,64,7,71,0,5,93,7,105,4,0,4,109
06/05/2002,HKY,NC,ASO,ES,Federal Contract Tower,0,6,38,0,44,0,0,56,6,62,0,6,94,6,106,14,0,14,120
06/06/2002,HKY,NC,ASO,ES,Federal Contract Tower,0,10,32,0,42,0,0,51,3,54,0,10,83,3,96,34,0,34,130
06/07/2002,HKY,NC,ASO,ES,Federal Contract Tower,0,2,36,0,38,0,0,51,0,51,0,2,87,0,89,50,0,50,139
06/08/2002,HKY,NC,ASO,ES,Federal Contract Tower,0,1,33,0,34,0,0,107,0,107,0,1,140,0,141,68,0,68,209
06/09/2002,HKY,NC,ASO,ES,Federal Contract Tower,0,5,22,0,27,0,0,103,0,103,0,5,125,0,130,88,0,88,218
06/10/2002,HKY,NC,ASO,ES,Federal Contract Tower,0,6,26,0,32,0,0,99,0,99,0,6,125,0,131,78,0,78,209
06/11/2002,HKY,NC,ASO,ES,Federal Contract Tower,0,0,32,0,32,0,0,51,0,51,0,0,83,0,83,20,0,20,103
06/12/2002,HKY,NC,ASO,ES,Federal Contract Tower,0,4,40,0,44,0,0,56,0,56,0,4,96,0,100,2,0,2,102
06/13/2002,HKY,NC,ASO,ES,Federal Contract Tower,0,2,35,0,37,0,0,36,0,36,0,2,71,0,73,4,0,4,77
06/14/2002,HKY,NC,ASO,ES,Federal Contract Tower,0,0,31,0,31,0,0,78,2,80,0,0,109,2,111,28,0,28,139
06/15/2002,HKY,NC,ASO,ES,Federal Contract Tower,0,0,23,0,23,0,0,129,0,129,0,0,152,0,152,14,0,14,166
06/16/2002,HKY,NC,ASO,ES,Federal Contract Tower,0,7,29,0,36,0,0,126,0,126,0,7,155,0,162,28,0,28,190
06/17/2002,HKY,NC,ASO,ES,Federal Contract Tower,0,5,23,0,28,0,0,67,2,69,0,5,90,2,97,56,0,56,153
06/18/2002,HKY,NC,ASO,ES,Federal Contract Tower,0,0,35,0,35,0,0,73,4,77,0,0,108,4,112,44,0,44,156
06/19/2002,HKY,NC,ASO,ES,Federal Contract Tower,0,0,17,0,17,0,0,74,0,74,0,0,91,0,91,28,0,28,119
06/20/2002,HKY,NC,ASO,ES,Federal Contract Tower,0,2,18,0,20,0,0,83,0,83,0,2,101,0,103,32,0,32,135
06/21/2002,HKY,NC,ASO,ES,Federal Contract Tower,0,2,31,4,37,0,0,99,6,105,0,2,130,10,142,30,0,30,172
06/22/2002,HKY,NC,ASO,ES,Federal Contract Tower,0,0,18,0,18,0,0,44,0,44,0,0,62,0,62,54,0,54,116
06/23/2002,HKY,NC,ASO,ES,Federal Contract Tower,0,4,32,0,36,0,0,47,0,47,0,4,79,0,83,30,0,30,113
06/24/2002,HKY,NC,ASO,ES,Federal Contract Tower,0,4,27,0,31,0,0,30,0,30,0,4,57,0,61,12,0,12,73
06/25/2002,HKY,NC,ASO,ES,Federal Contract Tower,0,5,27,0,32,0,0,79,0,79,0,5,106,0,111,22,0,22,133
06/26/2002,HKY,NC,ASO,ES,Federal Contract Tower,0,3,49,0,52,0,0,14,0,14,0,3,63,0,66,0,0,0,66
06/27/2002,HKY,NC,ASO,ES,Federal Contract Tower,0,3,41,0,44,0,0,65,0,65,0,3,106,0,109,62,0,62,171
06/28/2002,HKY,NC,ASO,ES,Federal Contract Tower,0,2,30,0,32,0,0,49,2,51,0,2,79,2,83,26,0,26,109
06/29/2002,HKY,NC,ASO,ES,Federal Contract Tower,0,0,22,0,22,0,0,55,0,55,0,0,77,0,77,60,0,60,137
06/30/2002,HKY,NC,ASO,ES,Federal Contract Tower,0,2,28,0,30,0,0,44,0,44,0,2,72,0,74,16,0,16,90
07/01/2002,HKY,NC,ASO,ES,Federal Contract Tower,0,0,21,0,21,0,0,53,0,53,0,0,74,0,74,24,0,24,98
07/02/2002,HKY,NC,ASO,ES,Federal Contract Tower,0,3,28,0,31,0,1,69,0,70,0,4,97,0,101,60,0,60,161
07/03/2002,HKY,NC,ASO,ES,Federal Contract Tower,0,2,44,0,46,0,0,100,4,104,0,2,144,4,150,50,0,50,200
07/04/2002,HKY,NC,ASO,ES,Federal Contract Tower,0,2,18,0,20,0,0,24,0,24,0,2,42,0,44,66,0,66,110
07/05/2002,HKY,NC,ASO,ES,Federal Contract Tower,0,0,35,0,35,0,0,44,0,44,0,0,79,0,79,82,0,82,161
07/06/2002,HKY,NC,ASO,ES,Federal Contract Tower,0,0,25,0,25,0,0,46,0,46,0,0,71,0,71,20,0,20,91
07/07/2002,HKY,NC,ASO,ES,Federal Contract Tower,0,3,34,0,37,0,0,74,0,74,0,3,108,0,111,32,0,32,143
07/08/2002,HKY,NC,ASO,ES,Federal Contract Tower,0,3,17,0,20,0,0,59,0,59,0,3,76,0,79,66,0,66,145
07/09/2002,HKY,NC,ASO,ES,Federal Contract Tower,0,1,22,0,23,0,1,72,0,73,0,2,94,0,96,58,0,58,154
07/10/2002,HKY,NC,ASO,ES,Federal Contract Tower,0,5,38,0,43,0,11,75,0,86,0,16,113,0,129,62,0,62,191
07/11/2002,HKY,NC,ASO,ES,Federal Contract Tower,0,7,38,0,45,0,0,46,0,46,0,7,84,0,91,30,0,30,121
07/12/2002,HKY,NC,ASO,ES,Federal Contract Tower,0,3,29,3,35,0,0,61,0,61,0,3,90,3,96,14,0,14,110
07/13/2002,HKY,NC,ASO,ES,Federal Contract Tower,0,1,19,0,20,0,0,37,0,37,0,1,56,0,57,6,0,6,63
07/14/2002,HKY,NC,ASO,ES,Federal Contract Tower,0,3,49,0,52,0,0,15,0,15,0,3,64,0,67,18,0,18,85
07/15/2002,HKY,NC,ASO,ES,Federal Contract Tower,0,5,36,0,41,0,0,45,0,45,0,5,81,0,86,30,0,30,116
07/16/2002,HKY,NC,ASO,ES,Federal Contract Tower,0,7,36,0,43,0,0,46,2,48,0,7,82,2,91,12,0,12,103
07/17/2002,HKY,NC,ASO,ES,Federal Contract Tower,0,0,31,0,31,0,0,63,0,63,0,0,94,0,94,58,0,58,152
07/18/2002,HKY,NC,ASO,ES,Federal Contract Tower,0,6,42,0,48,0,2,63,0,65,0,8,105,0,113,22,0,22,135
07/19/2002,HKY,NC,ASO,ES,Federal Contract Tower,0,2,18,0,20,0,0,101,0,101,0,2,119,0,121,16,0,16,137
07/20/2002,HKY,NC,ASO,ES,Federal Contract Tower,0,0,23,0,23,0,0,66,6,72,0,0,89,6,95,54,0,54,149
07/21/2002,HKY,NC,ASO,ES,Federal Contract Tower,0,6,46,0,52,0,0,61,2,63,0,6,107,2,115,2,0,2,117
07/22/2002,HKY,NC,ASO,ES,Federal Contract Tower,0,6,25,0,31,0,0,50,0,50,0,6,75,0,81,30,0,30,111
07/23/2002,HKY,NC,ASO,ES,Federal Contract Tower,0,12,32,0,44,0,2,45,2,49,0,14,77,2,93,22,0,22,115
07/24/2002,HKY,NC,ASO,ES,Federal Contract Tower,0,5,34,0,39,0,0,51,0,51,0,5,85,0,90,38,0,38,128
07/25/2002,HKY,NC,ASO,ES,Federal Contract Tower,0,8,52,0,60,0,0,5,0,5,0,8,57,0,65,0,0,0,65
07/26/2002,HKY,NC,ASO,ES,Federal Contract Tower,0,3,34,0,37,0,0,19,0,19,0,3,53,0,56,16,0,16,72
07/27/2002,HKY,NC,ASO,ES,Federal Contract Tower,0,3,36,0,39,0,0,33,0,33,0,3,69,0,72,26,0,26,98
07/28/2002,HKY,NC,ASO,ES,Federal Contract Tower,0,2,31,0,33,0,0,50,0,50,0,2,81,0,83,14,0,14,97
07/29/2002,HKY,NC,ASO,ES,Federal Contract Tower,0,4,28,0,32,0,0,84,10,94,0,4,112,10,126,36,0,36,162
07/30/2002,HKY,NC,ASO,ES,Federal Contract Tower,0,7,23,0,30,0,0,93,5,98,0,7,116,5,128,18,0,18,146
07/31/2002,HKY,NC,ASO,ES,Federal Contract Tower,0,1,35,0,36,0,0,53,4,57,0,1,88,4,93,50,0,50,143
08/01/2002,HKY,NC,ASO,ES,Federal Contract Tower,0,5,24,0,29,0,1,101,2,104,0,6,125,2,133,24,0,24,157
08/02/2002,HKY,NC,ASO,ES,Federal Contract Tower,0,10,32,0,42,0,0,84,2,86,0,10,116,2,128,10,0,10,138
08/03/2002,HKY,NC,ASO,ES,Federal Contract Tower,0,2,21,0,23,0,0,55,4,59,0,2,76,4,82,18,0,18,100
08/04/2002,HKY,NC,ASO,ES,Federal Contract Tower,0,8,20,0,28,0,0,75,4,79,0,8,95,4,107,18,0,18,125
08/05/2002,HKY,NC,ASO,ES,Federal Contract Tower,0,1,29,0,30,0,0,71,0,71,0,1,100,0,101,36,0,36,137
08/06/2002,HKY,NC,ASO,ES,Federal Contract Tower,0,1,35,0,36,0,0,61,2,63,0,1,96,2,99,40,0,40,139
08/07/2002,HKY,NC,ASO,ES,Federal Contract Tower,0,2,18,0,20,0,0,69,0,69,0,2,87,0,89,26,0,26,115
08/08/2002,HKY,NC,ASO,ES,Federal Contract Tower,0,4,31,0,35,0,0,89,2,91,0,4,120,2,126,28,0,28,154
08/09/2002,HKY,NC,ASO,ES,Federal Contract Tower,0,4,19,0,23,0,0,69,0,69,0,4,88,0,92,22,0,22,114
08/10/2002,HKY,NC,ASO,ES,Federal Contract Tower,0,2,28,0,30,0,1,63,0,64,0,3,91,0,94,38,0,38,132
08/11/2002,HKY,NC,ASO,ES,Federal Contract Tower,0,6,32,0,38,0,0,84,0,84,0,6,116,0,122,20,0,20,142
08/12/2002,HKY,NC,ASO,ES,Federal Contract Tower,0,2,21,0,23,0,0,100,0,100,0,2,121,0,123,12,0,12,135
08/13/2002,HKY,NC,ASO,ES,Federal Contract Tower,0,7,28,0,35,0,0,59,1,60,0,7,87,1,95,8,0,8,103
08/14/2002,HKY,NC,ASO,ES,Federal Contract Tower,0,2,36,0,38,0,0,94,0,94,0,2,130,0,132,38,0,38,170
08/15/2002,HKY,NC,ASO,ES,Federal Contract Tower,0,3,37,0,40,0,0,36,0,36,0,3,73,0,76,6,0,6,82
08/16/2002,HKY,NC,ASO,ES,Federal Contract Tower,0,0,46,0,46,0,0,38,0,38,0,0,84,0,84,22,0,22,106
08/17/2002,HKY,NC,ASO,ES,Federal Contract Tower,0,0,18,0,18,0,0,43,4,47,0,0,61,4,65,38,0,38,103
08/18/2002,HKY,NC,ASO,ES,Federal Contract Tower,0,2,27,0,29,0,0,52,3,55,0,2,79,3,84,24,0,24,108
08/19/2002,HKY,NC,ASO,ES,Federal Contract Tower,0,0,35,0,35,0,0,70,3,73,0,0,105,3,108,6,0,6,114
08/20/2002,HKY,NC,ASO,ES,Federal Contract Tower,0,0,24,0,24,0,0,78,17,95,0,0,102,17,119,12,0,12,131
08/21/2002,HKY,NC,ASO,ES,Federal Contract Tower,0,3,28,0,31,0,0,86,14,100,0,3,114,14,131,30,0,30,161
08/22/2002,HKY,NC,ASO,ES,Federal Contract Tower,0,4,28,2,34,0,0,69,8,77,0,4,97,10,111,8,0,8,119
08/23/2002,HKY,NC,ASO,ES,Federal Contract Tower,0,4,32,0,36,0,2,80,0,82,0,6,112,0,118,18,0,18,136
08/24/2002,HKY,NC,ASO,ES,Federal Contract Tower,0,0,23,0,23,0,0,63,1,64,0,0,86,1,87,8,0,8,95
08/25/2002,HKY,NC,ASO,ES,Federal Contract Tower,0,1,26,0,27,0,0,54,0,54,0,1,80,0,81,4,0,4,85
08/26/2002,HKY,NC,ASO,ES,Federal Contract Tower,0,1,37,0,38,0,0,35,4,39,0,1,72,4,77,30,0,30,107
08/27/2002,HKY,NC,ASO,ES,Federal Contract Tower,0,3,42,0,45,0,0,19,2,21,0,3,61,2,66,54,0,54,120
08/28/2002,HKY,NC,ASO,ES,Federal Contract Tower,0,2,36,0,38,0,0,1,0,1,0,2,37,0,39,10,0,10,49
08/29/2002,HKY,NC,ASO,ES,Federal Contract Tower,0,5,50,0,55,0,0,20,0,20,0,5,70,0,75,26,0,26,101
08/30/2002,HKY,NC,ASO,ES,Federal Contract Tower,0,1,51,0,52,0,0,12,0,12,0,1,63,0,64,18,0,18,82
08/31/2002,HKY,NC,ASO,ES,Federal Contract Tower,0,1,22,0,23,0,0,0,0,0,0,1,22,0,23,0,0,0,23
09/01/2002,HKY,NC,ASO,ES,Federal Contract Tower,0,4,19,0,23,0,0,23,0,23,0,4,42,0,46,12,0,12,58
09/02/2002,HKY,NC,ASO,ES,Federal Contract Tower,0,2,37,1,40,0,0,45,3,48,0,2,82,4,88,28,0,28,116
09/03/2002,HKY,NC,ASO,ES,Federal Contract Tower,0,2,35,0,37,0,0,76,0,76,0,2,111,0,113,32,0,32,145
09/04/2002,HKY,NC,ASO,ES,Federal Contract Tower,0,1,30,1,32,0,0,62,1,63,0,1,92,2,95,6,0,6,101
09/05/2002,HKY,NC,ASO,ES,Federal Contract Tower,0,3,23,0,26,0,0,88,0,88,0,3,111,0,114,12,0,12,126
09/06/2002,HKY,NC,ASO,ES,Federal Contract Tower,0,3,31,0,34,0,0,73,0,73,0,3,104,0,107,22,0,22,129
09/07/2002,HKY,NC,ASO,ES,Federal Contract Tower,0,2,27,0,29,0,0,83,0,83,0,2,110,0,112,38,0,38,150
09/08/2002,HKY,NC,ASO,ES,Federal Contract Tower,0,7,23,0,30,0,0,57,0,57,0,7,80,0,87,14,0,14,101
09/09/2002,HKY,NC,ASO,ES,Federal Contract Tower,0,2,25,0,27,0,0,57,3,60,0,2,82,3,87,8,0,8,95
09/10/2002,HKY,NC,ASO,ES,Federal Contract Tower,0,2,33,0,35,0,0,95,6,101,0,2,128,6,136,46,0,46,182
09/11/2002,HKY,NC,ASO,ES,Federal Contract Tower,0,1,40,0,41,0,0,68,13,81,0,1,108,13,122,42,4,46,168
09/12/2002,HKY,NC,ASO,ES,Federal Contract Tower,0,3,29,0,32,0,8,83,6,97,0,11,112,6,129,54,0,54,183
09/13/2002,HKY,NC,ASO,ES,Federal Contract Tower,0,1,44,0,45,0,0,63,8,71,0,1,107,8,116,70,0,70,186
09/14/2002,HKY,NC,ASO,ES,Federal Contract Tower,0,2,17,0,19,0,0,1,0,1,0,2,18,0,20,0,0,0,20
09/15/2002,HKY,NC,ASO,ES,Federal Contract Tower,0,2,19,0,21,0,0,0,0,0,0,2,19,0,21,0,0,0,21
09/16/2002,HKY,NC,ASO,ES,Federal Contract Tower,0,5,30,0,35,0,4,34,0,38,0,9,64,0,73,8,0,8,81
09/17/2002,HKY,NC,ASO,ES,Federal Contract Tower,0,7,33,2,42,0,0,50,2,52,0,7,83,4,94,10,0,10,104
09/18/2002,HKY,NC,ASO,ES,Federal Contract Tower,0,2,34,0,36,0,0,10,0,10,0,2,44,0,46,0,0,0,46
09/19/2002,HKY,NC,ASO,ES,Federal Contract Tower,0,6,49,2,57,0,0,59,1,60,0,6,108,3,117,66,0,66,183
09/20/2002,HKY,NC,ASO,ES,Federal Contract Tower,0,4,44,0,48,0,0,40,0,40,0,4,84,0,88,8,0,8,96
09/21/2002,HKY,NC,ASO,ES,Federal Contract Tower,0,2,24,0,26,0,0,28,0,28,0,2,52,0,54,30,0,30,84
09/22/2002,HKY,NC,ASO,ES,Federal Contract Tower,0,5,46,0,51,0,0,8,0,8,0,5,54,0,59,2,0,2,61
09/23/2002,HKY,NC,ASO,ES,Federal Contract Tower,0,7,28,0,35,0,0,55,6,61,0,7,83,6,96,6,0,6,102
09/24/2002,HKY,NC,ASO,ES,Federal Contract Tower,0,4,17,0,21,0,0,68,0,68,0,4,85,0,89,10,0,10,99
09/25/2002,HKY,NC,ASO,ES,Federal Contract Tower,0,10,41,2,53,0,0,28,0,28,0,10,69,2,81,10,0,10,91
09/26/2002,HKY,NC,ASO,ES,Federal Contract Tower,0,4,42,0,46,0,0,0,0,0,0,4,42,0,46,0,0,0,46
09/27/2002,HKY,NC,ASO,ES,Federal Contract Tower,0,6,31,0,37,0,0,11,0,11,0,6,42,0,48,4,0,4,52
09/28/2002,HKY,NC,ASO,ES,Federal Contract Tower,0,0,22,0,22,0,0,60,1,61,0,0,82,1,83,24,0,24,107
09/29/2002,HKY,NC,ASO,ES,Federal Contract Tower,0,2,25,0,27,0,0,51,0,51,0,2,76,0,78,10,0,10,88
09/30/2002,HKY,NC,ASO,ES,Federal Contract Tower,0,3,14,0,17,0,0,69,0,69,0,3,83,0,86,32,0,32,118
10/01/2002,HKY,NC,ASO,ES,Federal Contract Tower,0,4,36,0,40,0,1,76,4,81,0,5,112,4,121,24,0,24,145
10/02/2002,HKY,NC,ASO,ES,Federal Contract Tower,0,3,24,0,27,0,0,65,0,65,0,3,89,0,92,44,0,44,136
10/03/2002,HKY,NC,ASO,ES,Federal Contract Tower,0,5,42,0,47,0,1,82,0,83,0,6,124,0,130,44,0,44,174
10/04/2002,HKY,NC,ASO,ES,Federal Contract Tower,0,4,35,0,39,0,0,54,0,54,0,4,89,0,93,0,0,0,93
10/05/2002,HKY,NC,ASO,ES,Federal Contract Tower,0,0,12,0,12,0,0,91,2,93,0,0,103,2,105,38,0,38,143
10/06/2002,HKY,NC,ASO,ES,Federal Contract Tower,0,4,39,0,43,0,0,82,0,82,0,4,121,0,125,40,0,40,165
10/07/2002,HKY,NC,ASO,ES,Federal Contract Tower,0,3,18,0,21,0,0,67,0,67,0,3,85,0,88,20,0,20,108
10/08/2002,HKY,NC,ASO,ES,Federal Contract Tower,0,3,42,0,45,0,0,63,8,71,0,3,105,8,116,4,0,4,120
10/09/2002,HKY,NC,ASO,ES,Federal Contract Tower,0,4,43,0,47,0,0,1,0,1,0,4,44,0,48,0,0,0,48
10/10/2002,HKY,NC,ASO,ES,Federal Contract Tower,0,7,43,0,50,0,0,31,0,31,0,7,74,0,81,0,0,0,81
10/11/2002,HKY,NC,ASO,ES,Federal Contract Tower,0,3,44,0,47,0,0,32,0,32,0,3,76,0,79,6,0,6,85
10/12/2002,HKY,NC,ASO,ES,Federal Contract Tower,0,0,23,0,23,0,0,65,0,65,0,0,88,0,88,14,0,14,102
10/13/2002,HKY,NC,ASO,ES,Federal Contract Tower,0,2,26,0,28,0,0,15,0,15,0,2,41,0,43,0,0,0,43
10/14/2002,HKY,NC,ASO,ES,Federal Contract Tower,0,2,34,0,36,0,0,58,2,60,0,2,92,2,96,50,0,50,146
10/15/2002,HKY,NC,ASO,ES,Federal Contract Tower,0,4,25,0,29,0,0,3,0,3,0,4,28,0,32,0,0,0,32
10/16/2002,HKY,NC,ASO,ES,Federal Contract Tower,0,6,40,0,46,0,0,58,0,58,0,6,98,0,104,32,0,32,136
10/17/2002,HKY,NC,ASO,ES,Federal Contract Tower,0,2,40,0,42,0,0,72,2,74,0,2,112,2,116,20,0,20,136
10/18/2002,HKY,NC,ASO,ES,Federal Contract Tower,0,3,26,0,29,0,0,127,0,127,0,3,153,0,156,26,0,26,182
10/19/2002,HKY,NC,ASO,ES,Federal Contract Tower,0,1,29,0,30,0,0,69,0,69,0,1,98,0,99,20,0,20,119
10/20/2002,HKY,NC,ASO,ES,Federal Contract Tower,0,2,40,0,42,0,0,51,0,51,0,2,91,0,93,18,0,18,111
10/21/2002,HKY,NC,ASO,ES,Federal Contract Tower,0,2,30,0,32,0,0,0,0,0,0,2,30,0,32,0,0,0,32
10/22/2002,HKY,NC,ASO,ES,Federal Contract Tower,0,4,28,0,32,0,0,2,0,2,0,4,30,0,34,0,0,0,34
10/23/2002,HKY,NC,ASO,ES,Federal Contract Tower,0,2,26,0,28,0,0,60,0,60,0,2,86,0,88,12,0,12,100
10/24/2002,HKY,NC,ASO,ES,Federal Contract Tower,0,2,36,0,38,0,0,3,0,3,0,2,39,0,41,0,0,0,41
10/25/2002,HKY,NC,ASO,ES,Federal Contract Tower,0,2,36,0,38,0,0,0,0,0,0,2,36,0,38,0,0,0,38
10/26/2002,HKY,NC,ASO,ES,Federal Contract Tower,0,2,19,0,21,0,0,38,0,38,0,2,57,0,59,24,0,24,83
10/27/2002,HKY,NC,ASO,ES,Federal Contract Tower,0,4,32,0,36,0,0,24,0,24,0,4,56,0,60,26,0,26,86
10/28/2002,HKY,NC,ASO,ES,Federal Contract Tower,0,2,19,0,21,0,0,0,0,0,0,2,19,0,21,0,0,0,21
10/29/2002,HKY,NC,ASO,ES,Federal Contract Tower,0,4,38,0,42,0,0,0,0,0,0,4,38,0,42,0,0,0,42
10/30/2002,HKY,NC,ASO,ES,Federal Contract Tower,0,6,32,0,38,0,0,10,0,10,0,6,42,0,48,18,0,18,66
10/31/2002,HKY,NC,ASO,ES,Federal Contract Tower,0,4,32,0,36,0,0,72,0,72,0,4,104,0,108,48,0,48,156
11/01/2002,HKY,NC,ASO,ES,Federal Contract Tower,0,2,28,0,30,0,0,47,0,47,0,2,75,0,77,12,0,12,89
11/02/2002,HKY,NC,ASO,ES,Federal Contract Tower,0,2,10,0,12,0,0,71,0,71,0,2,81,0,83,78,0,78,161
11/03/2002,HKY,NC,ASO,ES,Federal Contract Tower,0,2,10,0,12,0,0,99,0,99,0,2,109,0,111,58,0,58,169
11/04/2002,HKY,NC,ASO,ES,Federal Contract Tower,0,2,19,0,21,0,0,56,0,56,0,2,75,0,77,18,0,18,95
11/05/2002,HKY,NC,ASO,ES,Federal Contract Tower,0,2,36,0,38,0,0,3,0,3,0,2,39,0,41,10,0,10,51
11/06/2002,HKY,NC,ASO,ES,Federal Contract Tower,0,4,27,0,31,0,0,8,6,14,0,4,35,6,45,0,0,0,45
11/07/2002,HKY,NC,ASO,ES,Federal Contract Tower,0,2,23,0,25,0,0,61,0,61,0,2,84,0,86,16,0,16,102
11/08/2002,HKY,NC,ASO,ES,Federal Contract Tower,0,2,22,0,24,0,0,72,0,72,0,2,94,0,96,4,0,4,100
11/09/2002,HKY,NC,ASO,ES,Federal Contract Tower,0,0,16,0,16,0,0,31,1,32,0,0,47,1,48,2,0,2,50
11/10/2002,HKY,NC,ASO,ES,Federal Contract Tower,0,4,21,4,29,0,0,4,4,8,0,4,25,8,37,0,0,0,37
11/11/2002,HKY,NC,ASO,ES,Federal Contract Tower,0,2,23,0,25,0,0,7,0,7,0,2,30,0,32,20,0,20,52
11/12/2002,HKY,NC,ASO,ES,Federal Contract Tower,0,4,34,0,38,0,0,3,0,3,0,4,37,0,41,0,0,0,41
11/13/2002,HKY,NC,ASO,ES,Federal Contract Tower,0,6,20,0,26,0,0,68,0,68,0,6,88,0,94,30,0,30,124
11/14/2002,HKY,NC,ASO,ES,Federal Contract Tower,0,4,31,0,35,0,0,108,0,108,0,4,139,0,143,20,0,20,163
11/15/2002,HKY,NC,ASO,ES,Federal Contract Tower,0,2,25,0,27,0,0,77,0,77,0,2,102,0,104,16,0,16,120
11/16/2002,HKY,NC,ASO,ES,Federal Contract Tower,0,0,12,0,12,0,0,1,0,1,0,0,13,0,13,0,0,0,13
11/17/2002,HKY,NC,ASO,ES,Federal Contract Tower,0,4,14,0,18,0,0,31,0,31,0,4,45,0,49,0,0,0,49
11/18/2002,HKY,NC,ASO,ES,Federal Contract Tower,0,2,29,0,31,0,0,68,0,68,0,2,97,0,99,26,0,26,125
11/19/2002,HKY,NC,ASO,ES,Federal Contract Tower,0,2,27,0,29,0,0,39,6,45,0,2,66,6,74,30,0,30,104
11/20/2002,HKY,NC,ASO,ES,Federal Contract Tower,0,2,28,0,30,0,0,75,0,75,0,2,103,0,105,22,0,22,127
11/21/2002,HKY,NC,ASO,ES,Federal Contract Tower,0,2,37,2,41,0,0,29,0,29,0,2,66,2,70,14,0,14,84
11/22/2002,HKY,NC,ASO,ES,Federal Contract Tower,0,2,36,0,38,0,0,38,0,38,0,2,74,0,76,2,0,2,78
11/23/2002,HKY,NC,ASO,ES,Federal Contract Tower,0,1,18,0,19,0,0,74,2,76,0,1,92,2,95,28,0,28,123
11/24/2002,HKY,NC,ASO,ES,Federal Contract Tower,0,2,29,0,31,0,0,78,2,80,0,2,107,2,111,10,0,10,121
11/25/2002,HKY,NC,ASO,ES,Federal Contract Tower,0,6,28,0,34,0,0,57,0,57,0,6,85,0,91,26,0,26,117
11/26/2002,HKY,NC,ASO,ES,Federal Contract Tower,0,4,41,4,49,0,0,77,0,77,0,4,118,4,126,10,0,10,136
11/27/2002,HKY,NC,ASO,ES,Federal Contract Tower,0,4,29,0,33,0,0,49,0,49,0,4,78,0,82,8,0,8,90
11/28/2002,HKY,NC,ASO,ES,Federal Contract Tower,0,2,7,0,9,0,0,28,0,28,0,2,35,0,37,0,0,0,37
11/29/2002,HKY,NC,ASO,ES,Federal Contract Tower,0,2,11,0,13,0,0,58,0,58,0,2,69,0,71,22,0,22,93
11/30/2002,HKY,NC,ASO,ES,Federal Contract Tower,0,6,16,0,22,0,0,45,0,45,0,6,61,0,67,4,0,4,71
12/01/2002,HKY,NC,ASO,ES,Federal Contract Tower,0,2,34,0,36,0,0,59,5,64,0,2,93,5,100,28,0,28,128
12/02/2002,HKY,NC,ASO,ES,Federal Contract Tower,0,2,24,0,26,0,0,37,4,41,0,2,61,4,67,36,0,36,103
12/03/2002,HKY,NC,ASO,ES,Federal Contract Tower,0,2,28,0,30,0,0,73,0,73,0,2,101,0,103,2,0,2,105
12/04/2002,HKY,NC,ASO,ES,Federal Contract Tower,0,0,13,0,13,0,0,0,0,0,0,0,13,0,13,0,0,0,13
12/05/2002,HKY,NC,ASO,ES,Federal Contract Tower,0,0,6,0,6,0,0,0,0,0,0,0,6,0,6,0,0,0,6
12/06/2002,HKY,NC,ASO,ES,Federal Contract Tower,0,2,18,0,20,0,0,44,4,48,0,2,62,4,68,18,0,18,86
12/07/2002,HKY,NC,ASO,ES,Federal Contract Tower,0,0,12,0,12,0,0,14,0,14,0,0,26,0,26,0,0,0,26
12/08/2002,HKY,NC,ASO,ES,Federal Contract Tower,0,0,16,0,16,0,0,34,0,34,0,0,50,0,50,10,0,10,60
12/09/2002,HKY,NC,ASO,ES,Federal Contract Tower,0,2,18,0,20,0,0,77,1,78,0,2,95,1,98,56,0,56,154
12/10/2002,HKY,NC,ASO,ES,Federal Contract Tower,0,2,34,0,36,0,0,19,2,21,0,2,53,2,57,36,0,36,93
12/11/2002,HKY,NC,ASO,ES,Federal Contract Tower,0,6,24,0,30,0,0,5,0,5,0,6,29,0,35,0,0,0,35
12/12/2002,HKY,NC,ASO,ES,Federal Contract Tower,0,3,32,0,35,0,0,56,0,56,0,3,88,0,91,30,0,30,121
12/13/2002,HKY,NC,ASO,ES,Federal Contract Tower,0,2,26,0,28,0,0,0,0,0,0,2,26,0,28,0,0,0,28
12/14/2002,HKY,NC,ASO,ES,Federal Contract Tower,0,0,9,0,9,0,0,17,0,17,0,0,26,0,26,20,0,20,46
12/15/2002,HKY,NC,ASO,ES,Federal Contract Tower,0,2,17,0,19,0,0,76,0,76,0,2,93,0,95,6,0,6,101
12/16/2002,HKY,NC,ASO,ES,Federal Contract Tower,0,2,25,2,29,0,0,72,2,74,0,2,97,4,103,24,0,24,127
12/17/2002,HKY,NC,ASO,ES,Federal Contract Tower,0,3,22,0,25,0,0,86,0,86,0,3,108,0,111,36,0,36,147
12/18/2002,HKY,NC,ASO,ES,Federal Contract Tower,0,6,32,0,38,0,0,69,0,69,0,6,101,0,107,16,0,16,123
12/19/2002,HKY,NC,ASO,ES,Federal Contract Tower,0,2,39,1,42,0,0,0,0,0,0,2,39,1,42,0,0,0,42
12/20/2002,HKY,NC,ASO,ES,Federal Contract Tower,0,2,24,0,26,0,0,28,1,29,0,2,52,1,55,8,0,8,63
12/21/2002,HKY,NC,ASO,ES,Federal Contract Tower,0,0,15,0,15,0,0,73,0,73,0,0,88,0,88,4,0,4,92
12/22/2002,HKY,NC,ASO,ES,Federal Contract Tower,0,5,11,0,16,0,0,22,4,26,0,5,33,4,42,0,0,0,42
12/23/2002,HKY,NC,ASO,ES,Federal Contract Tower,0,2,20,0,22,0,0,92,0,92,0,2,112,0,114,26,0,26,140
12/24/2002,HKY,NC,ASO,ES,Federal Contract Tower,0,0,3,0,3,0,0,0,0,0,0,0,3,0,3,0,0,0,3
12/25/2002,HKY,NC,ASO,ES,Federal Contract Tower,0,1,0,0,1,0,0,3,0,3,0,1,3,0,4,0,0,0,4
12/26/2002,HKY,NC,ASO,ES,Federal Contract Tower,0,2,15,0,17,0,0,39,0,39,0,2,54,0,56,20,0,20,76
12/27/2002,HKY,NC,ASO,ES,Federal Contract Tower,0,4,28,0,32,0,0,71,0,71,0,4,99,0,103,36,0,36,139
12/28/2002,HKY,NC,ASO,ES,Federal Contract Tower,0,0,17,0,17,0,0,65,0,65,0,0,82,0,82,26,0,26,108
12/29/2002,HKY,NC,ASO,ES,Federal Contract Tower,0,2,5,0,7,0,0,61,0,61,0,2,66,0,68,12,0,12,80
12/30/2002,HKY,NC,ASO,ES,Federal Contract Tower,0,6,19,0,25,0,0,59,0,59,0,6,78,0,84,36,0,36,120
12/31/2002,HKY,NC,ASO,ES,Federal Contract Tower,0,0,19,0,19,0,0,19,0,19,0,0,38,0,38,0,0,0,38
01/01/2003,HKY,NC,ASO,ES,Federal Contract Tower,0,2,10,0,12,0,0,15,0,15,0,2,25,0,27,0,0,0,27
01/02/2003,HKY,NC,ASO,ES,Federal Contract Tower,0,0,23,0,23,0,0,1,0,1,0,0,24,0,24,0,0,0,24
01/03/2003,HKY,NC,ASO,ES,Federal Contract Tower,0,1,14,0,15,0,1,29,0,30,0,2,43,0,45,4,0,4,49
01/04/2003,HKY,NC,ASO,ES,Federal Contract Tower,0,0,17,0,17,0,0,62,0,62,0,0,79,0,79,14,0,14,93
01/05/2003,HKY,NC,ASO,ES,Federal Contract Tower,0,2,26,0,28,0,0,57,0,57,0,2,83,0,85,6,0,6,91
01/06/2003,HKY,NC,ASO,ES,Federal Contract Tower,0,4,13,0,17,0,0,29,4,33,0,4,42,4,50,8,0,8,58
01/07/2003,HKY,NC,ASO,ES,Federal Contract Tower,0,6,14,0,20,0,0,60,2,62,0,6,74,2,82,0,0,0,82
01/08/2003,HKY,NC,ASO,ES,Federal Contract Tower,0,7,16,0,23,0,1,46,2,49,0,8,62,2,72,32,0,32,104
01/09/2003,HKY,NC,ASO,ES,Federal Contract Tower,0,5,19,0,24,0,0,63,0,63,0,5,82,0,87,42,0,42,129
01/10/2003,HKY,NC,ASO,ES,Federal Contract Tower,0,3,11,0,14,0,0,55,4,59,0,3,66,4,73,44,0,44,117
01/11/2003,HKY,NC,ASO,ES,Federal Contract Tower,0,0,8,0,8,0,0,68,0,68,0,0,76,0,76,58,0,58,134
01/12/2003,HKY,NC,ASO,ES,Federal Contract Tower,0,2,14,0,16,0,0,52,0,52,0,2,66,0,68,10,0,10,78
01/13/2003,HKY,NC,ASO,ES,Federal Contract Tower,0,2,15,0,17,0,0,53,0,53,0,2,68,0,70,76,0,76,146
01/14/2003,HKY,NC,ASO,ES,Federal Contract Tower,0,4,30,0,34,0,0,80,0,80,0,4,110,0,114,38,0,38,152
01/15/2003,HKY,NC,ASO,ES,Federal Contract Tower,0,4,26,0,30,0,0,93,0,93,0,4,119,0,123,16,0,16,139
01/16/2003,HKY,NC,ASO,ES,Federal Contract Tower,0,0,22,0,22,0,0,50,0,50,0,0,72,0,72,14,0,14,86
01/17/2003,HKY,NC,ASO,ES,Federal Contract Tower,0,2,8,0,10,0,0,31,0,31,0,2,39,0,41,0,0,0,41
01/18/2003,HKY,NC,ASO,ES,Federal Contract Tower,0,0,4,0,4,0,0,30,0,30,0,0,34,0,34,48,0,48,82
01/19/2003,HKY,NC,ASO,ES,Federal Contract Tower,0,1,12,0,13,0,1,35,0,36,0,2,47,0,49,10,0,10,59
01/20/2003,HKY,NC,ASO,ES,Federal Contract Tower,0,2,16,0,18,0,0,41,2,43,0,2,57,2,61,6,0,6,67
01/21/2003,HKY,NC,ASO,ES,Federal Contract Tower,0,2,43,0,45,0,0,10,0,10,0,2,53,0,55,0,0,0,55
01/22/2003,HKY,NC,ASO,ES,Federal Contract Tower,0,3,27,0,30,0,0,30,0,30,0,3,57,0,60,4,0,4,64
01/23/2003,HKY,NC,ASO,ES,Federal Contract Tower,0,2,5,0,7,0,0,0,6,6,0,2,5,6,13,0,0,0,13
01/24/2003,HKY,NC,ASO,ES,Federal Contract Tower,0,2,10,0,12,0,0,18,0,18,0,2,28,0,30,0,0,0,30
01/25/2003,HKY,NC,ASO,ES,Federal Contract Tower,0,0,12,0,12,0,0,35,0,35,0,0,47,0,47,16,0,16,63
01/26/2003,HKY,NC,ASO,ES,Federal Contract Tower,0,2,4,4,10,0,0,28,4,32,0,2,32,8,42,16,0,16,58
01/27/2003,HKY,NC,ASO,ES,Federal Contract Tower,0,2,14,0,16,0,0,44,2,46,0,2,58,2,62,8,0,8,70
01/28/2003,HKY,NC,ASO,ES,Federal Contract Tower,0,2,18,0,20,0,0,40,2,42,0,2,58,2,62,38,0,38,100
01/29/2003,HKY,NC,ASO,ES,Federal Contract Tower,0,5,32,0,37,0,0,5,0,5,0,5,37,0,42,0,0,0,42
01/30/2003,HKY,NC,ASO,ES,Federal Contract Tower,0,5,30,0,35,0,0,0,0,0,0,5,30,0,35,0,0,0,35
01/31/2003,HKY,NC,ASO,ES,Federal Contract Tower,0,2,34,0,36,0,0,12,0,12,0,2,46,0,48,0,0,0,48
02/01/2003,HKY,NC,ASO,ES,Federal Contract Tower,0,0,16,0,16,0,0,28,8,36,0,0,44,8,52,8,0,8,60
02/02/2003,HKY,NC,ASO,ES,Federal Contract Tower,0,2,17,0,19,0,0,98,0,98,0,2,115,0,117,24,0,24,141
02/03/2003,HKY,NC,ASO,ES,Federal Contract Tower,0,2,17,0,19,0,0,97,0,97,0,2,114,0,116,48,0,48,164
02/04/2003,HKY,NC,ASO,ES,Federal Contract Tower,0,2,11,0,13,0,0,23,0,23,0,2,34,0,36,0,0,0,36
02/05/2003,HKY,NC,ASO,ES,Federal Contract Tower,0,4,32,0,36,0,0,65,0,65,0,4,97,0,101,24,0,24,125
02/06/2003,HKY,NC,ASO,ES,Federal Contract Tower,0,3,23,0,26,0,0,17,2,19,0,3,40,2,45,0,0,0,45
02/07/2003,HKY,NC,ASO,ES,Federal Contract Tower,0,2,16,0,18,0,0,7,0,7,0,2,23,0,25,0,0,0,25
02/08/2003,HKY,NC,ASO,ES,Federal Contract Tower,0,0,21,0,21,0,0,77,0,77,0,0,98,0,98,38,0,38,136
02/09/2003,HKY,NC,ASO,ES,Federal Contract Tower,0,2,13,0,15,0,0,69,0,69,0,2,82,0,84,12,0,12,96
02/10/2003,HKY,NC,ASO,ES,Federal Contract Tower,0,2,19,0,21,0,0,21,0,21,0,2,40,0,42,0,0,0,42
02/11/2003,HKY,NC,ASO,ES,Federal Contract Tower,0,2,16,0,18,0,0,78,0,78,0,2,94,0,96,48,0,48,144
02/12/2003,HKY,NC,ASO,ES,Federal Contract Tower,0,4,21,0,25,0,0,20,6,26,0,4,41,6,51,0,0,0,51
02/13/2003,HKY,NC,ASO,ES,Federal Contract Tower,0,7,21,0,28,0,0,83,4,87,0,7,104,4,115,12,0,12,127
02/14/2003,HKY,NC,ASO,ES,Federal Contract Tower,0,3,21,0,24,0,0,21,2,23,0,3,42,2,47,14,0,14,61
02/15/2003,HKY,NC,ASO,ES,Federal Contract Tower,0,0,16,0,16,0,0,39,0,39,0,0,55,0,55,26,0,26,81
02/16/2003,HKY,NC,ASO,ES,Federal Contract Tower,0,0,5,0,5,0,0,0,0,0,0,0,5,0,5,0,0,0,5
02/17/2003,HKY,NC,ASO,ES,Federal Contract Tower,0,2,14,0,16,0,0,0,0,0,0,2,14,0,16,0,0,0,16
02/18/2003,HKY,NC,ASO,ES,Federal Contract Tower,0,3,31,0,34,0,0,52,3,55,0,3,83,3,89,36,0,36,125
02/19/2003,HKY,NC,ASO,ES,Federal Contract Tower,0,2,36,0,38,0,0,57,0,57,0,2,93,0,95,14,0,14,109
02/20/2003,HKY,NC,ASO,ES,Federal Contract Tower,0,6,15,0,21,0,0,72,0,72,0,6,87,0,93,46,0,46,139
02/21/2003,HKY,NC,ASO,ES,Federal Contract Tower,0,3,30,0,33,0,0,22,0,22,0,3,52,0,55,0,0,0,55
02/22/2003,HKY,NC,ASO,ES,Federal Contract Tower,0,0,10,0,10,0,0,0,0,0,0,0,10,0,10,0,0,0,10
02/23/2003,HKY,NC,ASO,ES,Federal Contract Tower,0,2,11,0,13,0,0,19,2,21,0,2,30,2,34,8,0,8,42
02/24/2003,HKY,NC,ASO,ES,Federal Contract Tower,0,6,17,0,23,0,0,41,6,47,0,6,58,6,70,44,0,44,114
02/25/2003,HKY,NC,ASO,ES,Federal Contract Tower,0,2,19,0,21,0,0,54,0,54,0,2,73,0,75,18,0,18,93
02/26/2003,HKY,NC,ASO,ES,Federal Contract Tower,0,2,17,0,19,0,0,0,0,0,0,2,17,0,19,0,0,0,19
02/27/2003,HKY,NC,ASO,ES,Federal Contract Tower,0,2,9,0,11,0,0,0,0,0,0,2,9,0,11,0,0,0,11
02/28/2003,HKY,NC,ASO,ES,Federal Contract Tower,0,2,36,0,38,0,0,0,0,0,0,2,36,0,38,0,0,0,38
03/01/2003,HKY,NC,ASO,ES,Federal Contract Tower,0,0,21,0,21,0,0,0,0,0,0,0,21,0,21,0,0,0,21
03/02/2003,HKY,NC,ASO,ES,Federal Contract Tower,0,1,19,0,20,0,1,25,0,26,0,2,44,0,46,26,0,26,72
03/03/2003,HKY,NC,ASO,ES,Federal Contract Tower,0,2,10,0,12,0,0,84,0,84,0,2,94,0,96,42,0,42,138
03/04/2003,HKY,NC,ASO,ES,Federal Contract Tower,0,3,31,0,34,0,0,74,0,74,0,3,105,0,108,26,0,26,134
03/05/2003,HKY,NC,ASO,ES,Federal Contract Tower,0,5,38,0,43,0,0,28,0,28,0,5,66,0,71,24,0,24,95
03/06/2003,HKY,NC,ASO,ES,Federal Contract Tower,0,5,46,0,51,0,0,29,2,31,0,5,75,2,82,36,0,36,118
03/07/2003,HKY,NC,ASO,ES,Federal Contract Tower,0,3,37,0,40,0,0,52,0,52,0,3,89,0,92,48,0,48,140
03/08/2003,HKY,NC,ASO,ES,Federal Contract Tower,0,0,23,0,23,0,0,72,0,72,0,0,95,0,95,76,0,76,171
03/09/2003,HKY,NC,ASO,ES,Federal Contract Tower,0,2,27,0,29,0,0,86,0,86,0,2,113,0,115,4,0,4,119
03/10/2003,HKY,NC,ASO,ES,Federal Contract Tower,0,2,14,0,16,0,0,74,2,76,0,2,88,2,92,14,0,14,106
03/11/2003,HKY,NC,ASO,ES,Federal Contract Tower,0,2,25,0,27,0,0,68,0,68,0,2,93,0,95,54,0,54,149
03/12/2003,HKY,NC,ASO,ES,Federal Contract Tower,0,4,40,0,44,0,0,77,0,77,0,4,117,0,121,8,0,8,129
03/13/2003,HKY,NC,ASO,ES,Federal Contract Tower,0,4,24,0,28,0,0,62,0,62,0,4,86,0,90,0,0,0,90
03/14/2003,HKY,NC,ASO,ES,Federal Contract Tower,0,8,38,0,46,0,0,40,0,40,0,8,78,0,86,18,0,18,104
03/15/2003,HKY,NC,ASO,ES,Federal Contract Tower,0,0,14,0,14,0,0,44,0,44,0,0,58,0,58,38,0,38,96
03/16/2003,HKY,NC,ASO,ES,Federal Contract Tower,0,4,26,0,30,0,0,1,0,1,0,4,27,0,31,0,0,0,31
03/17/2003,HKY,NC,ASO,ES,Federal Contract Tower,0,2,36,0,38,0,0,16,0,16,0,2,52,0,54,0,0,0,54
03/18/2003,HKY,NC,ASO,ES,Federal Contract Tower,0,8,33,0,41,0,0,5,0,5,0,8,38,0,46,0,0,0,46
03/19/2003,HKY,NC,ASO,ES,Federal Contract Tower,0,2,30,0,32,0,0,10,0,10,0,2,40,0,42,0,0,0,42
03/20/2003,HKY,NC,ASO,ES,Federal Contract Tower,0,2,13,0,15,0,0,0,0,0,0,2,13,0,15,0,0,0,15
03/21/2003,HKY,NC,ASO,ES,Federal Contract Tower,0,2,22,0,24,0,0,39,0,39,0,2,61,0,63,14,0,14,77
03/22/2003,HKY,NC,ASO,ES,Federal Contract Tower,0,2,13,0,15,0,0,117,0,117,0,2,130,0,132,16,0,16,148
03/23/2003,HKY,NC,ASO,ES,Federal Contract Tower,0,4,24,0,28,0,0,82,0,82,0,4,106,0,110,6,0,6,116
03/24/2003,HKY,NC,ASO,ES,Federal Contract Tower,0,2,23,4,29,0,0,80,0,80,0,2,103,4,109,22,0,22,131
03/25/2003,HKY,NC,ASO,ES,Federal Contract Tower,0,2,21,0,23,0,0,82,0,82,0,2,103,0,105,36,0,36,141
03/26/2003,HKY,NC,ASO,ES,Federal Contract Tower,0,2,38,0,40,0,0,37,0,37,0,2,75,0,77,0,0,0,77
03/27/2003,HKY,NC,ASO,ES,Federal Contract Tower,0,2,21,0,23,0,0,73,2,75,0,2,94,2,98,20,0,20,118
03/28/2003,HKY,NC,ASO,ES,Federal Contract Tower,0,2,33,0,35,0,0,50,0,50,0,2,83,0,85,42,0,42,127
03/29/2003,HKY,NC,ASO,ES,Federal Contract Tower,0,2,24,0,26,0,0,20,0,20,0,2,44,0,46,14,0,14,60
03/30/2003,HKY,NC,ASO,ES,Federal Contract Tower,0,4,25,0,29,0,0,11,0,11,0,4,36,0,40,6,0,6,46
03/31/2003,HKY,NC,ASO,ES,Federal Contract Tower,0,4,11,0,15,0,0,35,7,42,0,4,46,7,57,0,0,0,57
04/01/2003,HKY,NC,ASO,ES,Federal Contract Tower,0,4,9,0,13,0,2,56,0,58,0,6,65,0,71,8,0,8,79
04/02/2003,HKY,NC,ASO,ES,Federal Contract Tower,0,4,18,0,22,0,0,74,0,74,0,4,92,0,96,22,0,22,118
04/03/2003,HKY,NC,ASO,ES,Federal Contract Tower,0,3,22,8,33,0,0,91,8,99,0,3,113,16,132,20,0,20,152
04/04/2003,HKY,NC,ASO,ES,Federal Contract Tower,0,5,26,0,31,0,0,63,0,63,0,5,89,0,94,0,0,0,94
04/05/2003,HKY,NC,ASO,ES,Federal Contract Tower,0,0,19,0,19,0,0,45,0,45,0,0,64,0,64,0,0,0,64
04/06/2003,HKY,NC,ASO,ES,Federal Contract Tower,0,2,45,0,47,0,0,53,0,53,0,2,98,0,100,24,0,24,124
04/07/2003,HKY,NC,ASO,ES,Federal Contract Tower,0,2,25,0,27,0,0,1,0,1,0,2,26,0,28,0,0,0,28
04/08/2003,HKY,NC,ASO,ES,Federal Contract Tower,0,4,19,0,23,0,0,0,0,0,0,4,19,0,23,0,0,0,23
04/09/2003,HKY,NC,ASO,ES,Federal Contract Tower,0,4,38,0,42,2,0,4,0,6,2,4,42,0,48,22,0,22,70
04/10/2003,HKY,NC,ASO,ES,Federal Contract Tower,0,6,20,0,26,0,0,3,0,3,0,6,23,0,29,0,0,0,29
04/11/2003,HKY,NC,ASO,ES,Federal Contract Tower,0,4,21,0,25,0,0,22,0,22,0,4,43,0,47,0,0,0,47
04/12/2003,HKY,NC,ASO,ES,Federal Contract Tower,0,1,17,0,18,0,0,66,0,66,0,1,83,0,84,4,0,4,88
04/13/2003,HKY,NC,ASO,ES,Federal Contract Tower,0,4,20,0,24,0,0,68,4,72,0,4,88,4,96,20,0,20,116
04/14/2003,HKY,NC,ASO,ES,Federal Contract Tower,0,7,17,0,24,0,0,90,0,90,0,7,107,0,114,50,0,50,164
04/15/2003,HKY,NC,ASO,ES,Federal Contract Tower,0,6,29,0,35,0,1,89,0,90,0,7,118,0,125,26,0,26,151
04/16/2003,HKY,NC,ASO,ES,Federal Contract Tower,0,4,21,0,25,0,0,79,20,99,0,4,100,20,124,78,0,78,202
04/17/2003,HKY,NC,ASO,ES,Federal Contract Tower,0,2,33,0,35,0,0,43,0,43,0,2,76,0,78,32,0,32,110
04/18/2003,HKY,NC,ASO,ES,Federal Contract Tower,0,2,19,0,21,0,0,0,0,0,0,2,19,0,21,0,0,0,21
04/19/2003,HKY,NC,ASO,ES,Federal Contract Tower,0,0,16,0,16,0,0,2,0,2,0,0,18,0,18,0,0,0,18
04/20/2003,HKY,NC,ASO,ES,Federal Contract Tower,0,1,20,0,21,0,0,3,0,3,0,1,23,0,24,0,0,0,24
04/21/2003,HKY,NC,ASO,ES,Federal Contract Tower,0,4,21,0,25,0,0,3,0,3,0,4,24,0,28,0,0,0,28
04/22/2003,HKY,NC,ASO,ES,Federal Contract Tower,0,2,31,0,33,0,0,53,4,57,0,2,84,4,90,24,0,24,114
04/23/2003,HKY,NC,ASO,ES,Federal Contract Tower,0,2,27,0,29,0,0,101,0,101,0,2,128,0,130,58,0,58,188
04/24/2003,HKY,NC,ASO,ES,Federal Contract Tower,0,6,26,0,32,0,0,98,0,98,0,6,124,0,130,46,0,46,176
04/25/2003,HKY,NC,ASO,ES,Federal Contract Tower,0,4,42,0,46,0,0,0,0,0,0,4,42,0,46,0,0,0,46
04/26/2003,HKY,NC,ASO,ES,Federal Contract Tower,0,0,12,0,12,0,0,21,0,21,0,0,33,0,33,0,0,0,33
04/27/2003,HKY,NC,ASO,ES,Federal Contract Tower,0,2,21,0,23,0,0,84,0,84,0,2,105,0,107,38,0,38,145
04/28/2003,HKY,NC,ASO,ES,Federal Contract Tower,0,2,16,2,20,0,0,50,0,50,0,2,66,2,70,22,0,22,92
04/29/2003,HKY,NC,ASO,ES,Federal Contract Tower,0,2,23,0,25,0,0,44,4,48,0,2,67,4,73,54,0,54,127
04/30/2003,HKY,NC,ASO,ES,Federal Contract Tower,0,2,44,0,46,0,0,62,0,62,0,2,106,0,108,30,0,30,138
05/01/2003,HKY,NC,ASO,ES,Federal Contract Tower,0,2,45,0,47,0,0,47,10,57,0,2,92,10,104,64,0,64,168
05/02/2003,HKY,NC,ASO,ES,Federal Contract Tower,0,2,38,3,43,0,0,69,51,120,0,2,107,54,163,24,20,44,207
05/03/2003,HKY,NC,ASO,ES,Federal Contract Tower,0,2,20,3,25,0,0,129,24,153,0,2,149,27,178,108,40,148,326
05/04/2003,HKY,NC,ASO,ES,Federal Contract Tower,0,2,37,2,41,0,2,144,28,174,0,4,181,30,215,171,18,189,404
05/05/2003,HKY,NC,ASO,ES,Federal Contract Tower,0,5,15,1,21,0,0,1,0,1,0,5,16,1,22,0,0,0,22
05/06/2003,HKY,NC,ASO,ES,Federal Contract Tower,0,5,17,2,24,0,0,11,1,12,0,5,28,3,36,0,0,0,36
05/07/2003,HKY,NC,ASO,ES,Federal Contract Tower,0,2,33,0,35,0,0,31,0,31,0,2,64,0,66,38,0,38,104
05/08/2003,HKY,NC,ASO,ES,Federal Contract Tower,0,2,22,0,24,0,0,87,0,87,0,2,109,0,111,42,0,42,153
05/09/2003,HKY,NC,ASO,ES,Federal Contract Tower,0,0,31,4,35,0,0,64,0,64,0,0,95,4,99,16,0,16,115
05/10/2003,HKY,NC,ASO,ES,Federal Contract Tower,0,0,21,0,21,0,0,73,0,73,0,0,94,0,94,28,0,28,122
05/11/2003,HKY,NC,ASO,ES,Federal Contract Tower,0,1,14,0,15,0,0,18,0,18,0,1,32,0,33,6,0,6,39
05/12/2003,HKY,NC,ASO,ES,Federal Contract Tower,0,6,35,0,41,0,0,21,2,23,0,6,56,2,64,0,0,0,64
05/13/2003,HKY,NC,ASO,ES,Federal Contract Tower,0,4,22,0,26,0,0,68,0,68,0,4,90,0,94,18,0,18,112
05/14/2003,HKY,NC,ASO,ES,Federal Contract Tower,0,2,23,0,25,0,0,69,5,74,0,2,92,5,99,70,0,70,169
05/15/2003,HKY,NC,ASO,ES,Federal Contract Tower,0,2,29,0,31,0,0,14,0,14,0,2,43,0,45,22,0,22,67
05/16/2003,HKY,NC,ASO,ES,Federal Contract Tower,0,2,42,0,44,0,0,11,0,11,0,2,53,0,55,30,0,30,85
05/17/2003,HKY,NC,ASO,ES,Federal Contract Tower,0,3,5,0,8,0,0,0,0,0,0,3,5,0,8,0,0,0,8
05/18/2003,HKY,NC,ASO,ES,Federal Contract Tower,0,0,25,2,27,0,0,0,0,0,0,0,25,2,27,0,0,0,27
05/19/2003,HKY,NC,ASO,ES,Federal Contract Tower,0,2,28,0,30,0,0,0,0,0,0,2,28,0,30,0,0,0,30
05/20/2003,HKY,NC,ASO,ES,Federal Contract Tower,0,2,36,4,42,0,0,60,0,60,0,2,96,4,102,36,0,36,138
05/21/2003,HKY,NC,ASO,ES,Federal Contract Tower,0,2,36,2,40,0,0,6,0,6,0,2,42,2,46,0,0,0,46
05/22/2003,HKY,NC,ASO,ES,Federal Contract Tower,0,6,37,0,43,0,0,0,0,0,0,6,37,0,43,0,0,0,43
05/23/2003,HKY,NC,ASO,ES,Federal Contract Tower,0,2,41,0,43,0,0,8,0,8,0,2,49,0,51,10,0,10,61
05/24/2003,HKY,NC,ASO,ES,Federal Contract Tower,0,0,23,0,23,0,0,32,0,32,0,0,55,0,55,38,0,38,93
05/25/2003,HKY,NC,ASO,ES,Federal Contract Tower,0,1,17,0,18,0,0,29,0,29,0,1,46,0,47,40,0,40,87
05/26/2003,HKY,NC,ASO,ES,Federal Contract Tower,0,0,20,0,20,0,0,59,6,65,0,0,79,6,85,36,0,36,121
05/27/2003,HKY,NC,ASO,ES,Federal Contract Tower,0,2,27,0,29,0,0,23,0,23,0,2,50,0,52,54,0,54,106
05/28/2003,HKY,NC,ASO,ES,Federal Contract Tower,0,4,17,0,21,0,0,64,0,64,0,4,81,0,85,24,0,24,109
05/29/2003,HKY,NC,ASO,ES,Federal Contract Tower,0,2,53,0,55,0,0,31,0,31,0,2,84,0,86,16,0,16,102
05/30/2003,HKY,NC,ASO,ES,Federal Contract Tower,0,0,45,0,45,0,0,51,0,51,0,0,96,0,96,12,0,12,108
05/31/2003,HKY,NC,ASO,ES,Federal Contract Tower,0,0,11,0,11,0,0,10,8,18,0,0,21,8,29,12,0,12,41
06/01/2003,HKY,NC,ASO,ES,Federal Contract Tower,0,0,27,0,27,0,0,46,0,46,0,0,73,0,73,0,0,0,73
06/02/2003,HKY,NC,ASO,ES,Federal Contract Tower,0,0,34,0,34,0,0,61,0,61,0,0,95,0,95,70,0,70,165
06/03/2003,HKY,NC,ASO,ES,Federal Contract Tower,0,0,16,0,16,0,0,1,0,1,0,0,17,0,17,0,0,0,17
06/04/2003,HKY,NC,ASO,ES,Federal Contract Tower,0,6,18,0,24,0,0,37,0,37,0,6,55,0,61,10,0,10,71
06/05/2003,HKY,NC,ASO,ES,Federal Contract Tower,0,2,27,0,29,0,0,87,0,87,0,2,114,0,116,24,0,24,140
06/06/2003,HKY,NC,ASO,ES,Federal Contract Tower,0,1,28,0,29,0,0,50,2,52,0,1,78,2,81,22,0,22,103
06/07/2003,HKY,NC,ASO,ES,Federal Contract Tower,0,2,20,0,22,0,0,2,0,2,0,2,22,0,24,0,0,0,24
06/08/2003,HKY,NC,ASO,ES,Federal Contract Tower,0,2,24,0,26,0,0,20,0,20,0,2,44,0,46,0,0,0,46
06/09/2003,HKY,NC,ASO,ES,Federal Contract Tower,0,1,22,0,23,0,1,52,4,57,0,2,74,4,80,42,0,42,122
06/10/2003,HKY,NC,ASO,ES,Federal Contract Tower,0,1,17,0,18,0,0,75,0,75,0,1,92,0,93,74,0,74,167
06/11/2003,HKY,NC,ASO,ES,Federal Contract Tower,0,4,41,0,45,0,0,28,0,28,0,4,69,0,73,58,0,58,131
06/12/2003,HKY,NC,ASO,ES,Federal Contract Tower,0,0,46,0,46,0,0,37,0,37,0,0,83,0,83,48,0,48,131
06/13/2003,HKY,NC,ASO,ES,Federal Contract Tower,0,0,42,0,42,0,0,27,0,27,0,0,69,0,69,24,0,24,93
06/14/2003,HKY,NC,ASO,ES,Federal Contract Tower,0,1,13,0,14,0,0,36,0,36,0,1,49,0,50,8,0,8,58
06/15/2003,HKY,NC,ASO,ES,Federal Contract Tower,0,5,28,0,33,0,0,32,0,32,0,5,60,0,65,8,0,8,73
06/16/2003,HKY,NC,ASO,ES,Federal Contract Tower,0,2,31,0,33,0,0,15,0,15,0,2,46,0,48,16,0,16,64
06/17/2003,HKY,NC,ASO,ES,Federal Contract Tower,0,0,42,2,44,0,0,0,0,0,0,0,42,2,44,0,0,0,44
06/18/2003,HKY,NC,ASO,ES,Federal Contract Tower,0,2,39,0,41,0,0,0,0,0,0,2,39,0,41,0,0,0,41
06/19/2003,HKY,NC,ASO,ES,Federal Contract Tower,0,5,29,0,34,0,0,52,0,52,0,5,81,0,86,8,0,8,94
06/20/2003,HKY,NC,ASO,ES,Federal Contract Tower,0,0,38,0,38,0,0,65,0,65,0,0,103,0,103,50,0,50,153
06/21/2003,HKY,NC,ASO,ES,Federal Contract Tower,0,2,18,0,20,0,0,59,6,65,0,2,77,6,85,12,0,12,97
06/22/2003,HKY,NC,ASO,ES,Federal Contract Tower,0,1,17,0,18,0,0,50,0,50,0,1,67,0,68,22,0,22,90
06/23/2003,HKY,NC,ASO,ES,Federal Contract Tower,0,0,33,0,33,0,0,70,2,72,0,0,103,2,105,16,0,16,121
06/24/2003,HKY,NC,ASO,ES,Federal Contract Tower,0,0,36,0,36,0,0,75,0,75,0,0,111,0,111,44,0,44,155
06/25/2003,HKY,NC,ASO,ES,Federal Contract Tower,0,5,21,0,26,0,0,70,6,76,0,5,91,6,102,20,0,20,122
06/26/2003,HKY,NC,ASO,ES,Federal Contract Tower,0,0,37,0,37,0,0,67,0,67,0,0,104,0,104,40,0,40,144
06/27/2003,HKY,NC,ASO,ES,Federal Contract Tower,0,2,38,0,40,0,0,39,0,39,0,2,77,0,79,20,0,20,99
06/28/2003,HKY,NC,ASO,ES,Federal Contract Tower,0,0,21,0,21,0,0,30,0,30,0,0,51,0,51,0,0,0,51
06/29/2003,HKY,NC,ASO,ES,Federal Contract Tower,0,3,29,0,32,0,0,39,0,39,0,3,68,0,71,40,0,40,111
06/30/2003,HKY,NC,ASO,ES,Federal Contract Tower,0,3,20,0,23,0,0,36,0,36,0,3,56,0,59,14,0,14,73
07/01/2003,HKY,NC,ASO,ES,Federal Contract Tower,0,2,25,0,27,0,1,8,0,9,0,3,33,0,36,4,0,4,40
07/02/2003,HKY,NC,ASO,ES,Federal Contract Tower,0,1,48,0,49,0,1,1,0,2,0,2,49,0,51,0,0,0,51
07/03/2003,HKY,NC,ASO,ES,Federal Contract Tower,0,0,33,2,35,0,0,65,0,65,0,0,98,2,100,60,0,60,160
07/04/2003,HKY,NC,ASO,ES,Federal Contract Tower,0,1,15,0,16,0,1,45,0,46,0,2,60,0,62,10,0,10,72
07/05/2003,HKY,NC,ASO,ES,Federal Contract Tower,0,0,14,0,14,0,0,20,0,20,0,0,34,0,34,0,0,0,34
07/06/2003,HKY,NC,ASO,ES,Federal Contract Tower,2,0,37,0,39,0,0,41,0,41,2,0,78,0,80,0,0,0,80
07/07/2003,HKY,NC,ASO,ES,Federal Contract Tower,0,3,36,0,39,0,0,49,14,63,0,3,85,14,102,16,0,16,118
07/08/2003,HKY,NC,ASO,ES,Federal Contract Tower,0,2,32,0,34,0,0,68,13,81,0,2,100,13,115,18,0,18,133
07/09/2003,HKY,NC,ASO,ES,Federal Contract Tower,0,1,30,0,31,0,0,42,13,55,0,1,72,13,86,16,0,16,102
07/10/2003,HKY,NC,ASO,ES,Federal Contract Tower,0,3,16,0,19,0,0,53,10,63,0,3,69,10,82,6,0,6,88
07/11/2003,HKY,NC,ASO,ES,Federal Contract Tower,0,1,16,0,17,0,0,58,0,58,0,1,74,0,75,44,0,44,119
07/12/2003,HKY,NC,ASO,ES,Federal Contract Tower,0,4,25,0,29,0,0,46,0,46,0,4,71,0,75,24,0,24,99
07/13/2003,HKY,NC,ASO,ES,Federal Contract Tower,0,3,26,0,29,0,0,16,4,20,0,3,42,4,49,0,0,0,49
07/14/2003,HKY,NC,ASO,ES,Federal Contract Tower,0,0,38,0,38,0,0,23,12,35,0,0,61,12,73,16,0,16,89
07/15/2003,HKY,NC,ASO,ES,Federal Contract Tower,0,4,45,0,49,0,0,28,0,28,0,4,73,0,77,2,0,2,79
07/16/2003,HKY,NC,ASO,ES,Federal Contract Tower,0,1,15,0,16,0,0,20,0,20,0,1,35,0,36,16,0,16,52
07/17/2003,HKY,NC,ASO,ES,Federal Contract Tower,0,1,29,0,30,0,1,38,2,41,0,2,67,2,71,2,0,2,73
07/18/2003,HKY,NC,ASO,ES,Federal Contract Tower,0,0,38,2,40,0,0,39,0,39,0,0,77,2,79,17,0,17,96
07/19/2003,HKY,NC,ASO,ES,Federal Contract Tower,0,0,11,0,11,0,0,46,2,48,0,0,57,2,59,26,0,26,85
07/20/2003,HKY,NC,ASO,ES,Federal Contract Tower,0,4,32,0,36,0,0,67,4,71,0,4,99,4,107,22,0,22,129
07/21/2003,HKY,NC,ASO,ES,Federal Contract Tower,0,0,34,0,34,0,0,18,0,18,0,0,52,0,52,18,0,18,70
07/22/2003,HKY,NC,ASO,ES,Federal Contract Tower,0,4,32,0,36,0,0,34,0,34,0,4,66,0,70,8,0,8,78
07/23/2003,HKY,NC,ASO,ES,Federal Contract Tower,0,2,30,0,32,0,0,21,0,21,0,2,51,0,53,8,0,8,61
07/24/2003,HKY,NC,ASO,ES,Federal Contract Tower,0,4,31,0,35,0,0,68,0,68,0,4,99,0,103,26,0,26,129
07/25/2003,HKY,NC,ASO,ES,Federal Contract Tower,0,4,37,0,41,0,0,72,16,88,0,4,109,16,129,30,0,30,159
07/26/2003,HKY,NC,ASO,ES,Federal Contract Tower,0,5,23,0,28,0,0,40,0,40,0,5,63,0,68,2,0,2,70
07/27/2003,HKY,NC,ASO,ES,Federal Contract Tower,0,7,32,0,39,0,0,70,0,70,0,7,102,0,109,2,0,2,111
07/28/2003,HKY,NC,ASO,ES,Federal Contract Tower,0,7,37,0,44,0,0,57,0,57,0,7,94,0,101,0,0,0,101
07/29/2003,HKY,NC,ASO,ES,Federal Contract Tower,0,8,39,0,47,0,0,31,2,33,0,8,70,2,80,20,0,20,100
07/30/2003,HKY,NC,ASO,ES,Federal Contract Tower,0,0,44,0,44,0,0,10,0,10,0,0,54,0,54,0,0,0,54
07/31/2003,HKY,NC,ASO,ES,Federal Contract Tower,0,2,49,0,51,0,0,7,0,7,0,2,56,0,58,0,0,0,58
08/01/2003,HKY,NC,ASO,ES,Federal Contract Tower,0,1,46,0,47,0,0,15,6,21,0,1,61,6,68,18,0,18,86
08/02/2003,HKY,NC,ASO,ES,Federal Contract Tower,0,7,26,0,33,0,0,18,0,18,0,7,44,0,51,4,0,4,55
08/03/2003,HKY,NC,ASO,ES,Federal Contract Tower,0,6,29,0,35,0,0,14,0,14,0,6,43,0,49,10,0,10,59
08/04/2003,HKY,NC,ASO,ES,Federal Contract Tower,0,0,41,0,41,0,0,28,0,28,0,0,69,0,69,16,0,16,85
08/05/2003,HKY,NC,ASO,ES,Federal Contract Tower,0,2,48,0,50,0,0,54,2,56,0,2,102,2,106,40,0,40,146
08/06/2003,HKY,NC,ASO,ES,Federal Contract Tower,0,0,30,0,30,0,0,28,0,28,0,0,58,0,58,44,0,44,102
08/07/2003,HKY,NC,ASO,ES,Federal Contract Tower,0,6,37,0,43,0,0,42,2,44,0,6,79,2,87,6,0,6,93
08/08/2003,HKY,NC,ASO,ES,Federal Contract Tower,0,5,42,0,47,0,0,32,0,32,0,5,74,0,79,20,0,20,99
08/09/2003,HKY,NC,ASO,ES,Federal Contract Tower,0,0,21,0,21,0,0,32,0,32,0,0,53,0,53,46,0,46,99
08/10/2003,HKY,NC,ASO,ES,Federal Contract Tower,0,7,40,0,47,0,0,13,0,13,0,7,53,0,60,8,0,8,68
08/11/2003,HKY,NC,ASO,ES,Federal Contract Tower,0,3,41,0,44,0,0,23,0,23,0,3,64,0,67,8,0,8,75
08/12/2003,HKY,NC,ASO,ES,Federal Contract Tower,0,0,40,0,40,0,0,50,6,56,0,0,90,6,96,10,0,10,106
08/13/2003,HKY,NC,ASO,ES,Federal Contract Tower,0,3,29,4,36,0,0,13,0,13,0,3,42,4,49,0,0,0,49
08/14/2003,HKY,NC,ASO,ES,Federal Contract Tower,0,1,42,0,43,0,0,49,2,51,0,1,91,2,94,36,0,36,130
08/15/2003,HKY,NC,ASO,ES,Federal Contract Tower,0,2,39,0,41,0,0,59,0,59,0,2,98,0,100,14,0,14,114
08/16/2003,HKY,NC,ASO,ES,Federal Contract Tower,0,3,25,0,28,0,0,18,0,18,0,3,43,0,46,18,0,18,64
08/17/2003,HKY,NC,ASO,ES,Federal Contract Tower,0,2,28,0,30,0,1,29,4,34,0,3,57,4,64,6,0,6,70
08/18/2003,HKY,NC,ASO,ES,Federal Contract Tower,0,2,35,0,37,0,0,66,2,68,0,2,101,2,105,40,0,40,145
08/19/2003,HKY,NC,ASO,ES,Federal Contract Tower,0,0,40,2,42,0,0,35,2,37,0,0,75,4,79,18,8,26,105
08/20/2003,HKY,NC,ASO,ES,Federal Contract Tower,0,4,24,0,28,0,0,61,0,61,0,4,85,0,89,54,0,54,143
08/21/2003,HKY,NC,ASO,ES,Federal Contract Tower,0,2,41,0,43,0,0,61,0,61,0,2,102,0,104,46,0,46,150
08/22/2003,HKY,NC,ASO,ES,Federal Contract Tower,3,2,30,0,35,0,0,45,0,45,3,2,75,0,80,50,0,50,130
08/23/2003,HKY,NC,ASO,ES,Federal Contract Tower,0,0,14,0,14,0,0,59,0,59,0,0,73,0,73,32,0,32,105
08/24/2003,HKY,NC,ASO,ES,Federal Contract Tower,1,2,28,0,31,0,0,51,0,51,1,2,79,0,82,12,0,12,94
08/25/2003,HKY,NC,ASO,ES,Federal Contract Tower,0,2,29,0,31,0,0,59,4,63,0,2,88,4,94,36,0,36,130
08/26/2003,HKY,NC,ASO,ES,Federal Contract Tower,0,2,45,0,47,0,0,62,0,62,0,2,107,0,109,28,0,28,137
08/27/2003,HKY,NC,ASO,ES,Federal Contract Tower,0,2,29,0,31,0,0,40,0,40,0,2,69,0,71,46,0,46,117
08/28/2003,HKY,NC,ASO,ES,Federal Contract Tower,0,2,26,0,28,0,0,67,1,68,0,2,93,1,96,98,0,98,194
08/29/2003,HKY,NC,ASO,ES,Federal Contract Tower,0,0,37,0,37,0,0,44,0,44,0,0,81,0,81,18,0,18,99
08/30/2003,HKY,NC,ASO,ES,Federal Contract Tower,0,2,17,0,19,0,0,60,0,60,0,2,77,0,79,10,0,10,89
08/31/2003,HKY,NC,ASO,ES,Federal Contract Tower,0,0,17,1,18,0,0,26,7,33,0,0,43,8,51,0,0,0,51
09/01/2003,HKY,NC,ASO,ES,Federal Contract Tower,0,3,37,0,40,0,0,28,0,28,0,3,65,0,68,4,0,4,72
09/02/2003,HKY,NC,ASO,ES,Federal Contract Tower,0,2,31,0,33,0,0,46,0,46,0,2,77,0,79,28,0,28,107
09/03/2003,HKY,NC,ASO,ES,Federal Contract Tower,0,2,24,0,26,0,0,44,2,46,0,2,68,2,72,24,0,24,96
09/04/2003,HKY,NC,ASO,ES,Federal Contract Tower,0,2,27,0,29,0,0,16,0,16,0,2,43,0,45,0,0,0,45
09/05/2003,HKY,NC,ASO,ES,Federal Contract Tower,0,1,23,0,24,0,0,71,0,71,0,1,94,0,95,28,0,28,123
09/06/2003,HKY,NC,ASO,ES,Federal Contract Tower,0,3,24,0,27,0,0,57,0,57,0,3,81,0,84,32,0,32,116
09/07/2003,HKY,NC,ASO,ES,Federal Contract Tower,0,0,26,0,26,0,0,38,0,38,0,0,64,0,64,24,0,24,88
09/08/2003,HKY,NC,ASO,ES,Federal Contract Tower,0,2,16,0,18,0,0,47,2,49,0,2,63,2,67,34,0,34,101
09/09/2003,HKY,NC,ASO,ES,Federal Contract Tower,0,2,28,0,30,0,0,53,5,58,0,2,81,5,88,32,0,32,120
09/10/2003,HKY,NC,ASO,ES,Federal Contract Tower,0,2,23,0,25,0,0,80,6,86,0,2,103,6,111,56,0,56,167
09/11/2003,HKY,NC,ASO,ES,Federal Contract Tower,0,2,30,1,33,0,0,70,4,74,0,2,100,5,107,44,0,44,151
09/12/2003,HKY,NC,ASO,ES,Federal Contract Tower,0,2,30,0,32,0,0,66,0,66,0,2,96,0,98,24,0,24,122
09/13/2003,HKY,NC,ASO,ES,Federal Contract Tower,0,3,16,2,21,0,0,83,2,85,0,3,99,4,106,42,0,42,148
09/14/2003,HKY,NC,ASO,ES,Federal Contract Tower,0,2,25,0,27,0,0,43,0,43,0,2,68,0,70,34,0,34,104
09/15/2003,HKY,NC,ASO,ES,Federal Contract Tower,0,5,34,1,40,0,0,35,4,39,0,5,69,5,79,40,0,40,119
09/16/2003,HKY,NC,ASO,ES,Federal Contract Tower,0,0,19,0,19,0,0,81,2,83,0,0,100,2,102,30,0,30,132
09/17/2003,HKY,NC,ASO,ES,Federal Contract Tower,0,0,32,0,32,0,0,60,0,60,0,0,92,0,92,32,0,32,124
09/18/2003,HKY,NC,ASO,ES,Federal Contract Tower,0,1,14,0,15,0,0,19,0,19,0,1,33,0,34,10,0,10,44
09/19/2003,HKY,NC,ASO,ES,Federal Contract Tower,0,0,20,0,20,0,0,73,0,73,0,0,93,0,93,18,0,18,111
09/20/2003,HKY,NC,ASO,ES,Federal Contract Tower,1,1,12,0,14,0,0,69,0,69,1,1,81,0,83,0,0,0,83
09/21/2003,HKY,NC,ASO,ES,Federal Contract Tower,1,1,35,0,37,0,0,41,0,41,1,1,76,0,78,24,0,24,102
09/22/2003,HKY,NC,ASO,ES,Federal Contract Tower,0,1,36,0,37,0,0,6,0,6,0,1,42,0,43,6,0,6,49
09/23/2003,HKY,NC,ASO,ES,Federal Contract Tower,0,1,43,0,44,0,0,54,12,66,0,1,97,12,110,16,0,16,126
09/24/2003,HKY,NC,ASO,ES,Federal Contract Tower,0,4,27,0,31,0,0,72,4,76,0,4,99,4,107,44,0,44,151
09/25/2003,HKY,NC,ASO,ES,Federal Contract Tower,0,13,17,0,30,0,0,71,0,71,0,13,88,0,101,50,0,50,151
09/26/2003,HKY,NC,ASO,ES,Federal Contract Tower,0,1,44,0,45,0,0,70,0,70,0,1,114,0,115,38,0,38,153
09/27/2003,HKY,NC,ASO,ES,Federal Contract Tower,0,2,17,0,19,0,0,31,0,31,0,2,48,0,50,30,0,30,80
09/28/2003,HKY,NC,ASO,ES,Federal Contract Tower,0,30,28,0,58,0,0,31,0,31,0,30,59,0,89,20,0,20,109
09/29/2003,HKY,NC,ASO,ES,Federal Contract Tower,0,2,25,0,27,0,0,57,0,57,0,2,82,0,84,32,0,32,116
09/30/2003,HKY,NC,ASO,ES,Federal Contract Tower,0,2,32,0,34,0,0,58,0,58,0,2,90,0,92,38,0,38,130
10/01/2003,HKY,NC,ASO,ES,Federal Contract Tower,0,2,22,0,24,0,0,60,2,62,0,2,82,2,86,18,0,18,104
10/02/2003,HKY,NC,ASO,ES,Federal Contract Tower,0,3,29,0,32,0,0,65,0,65,0,3,94,0,97,20,0,20,117
10/03/2003,HKY,NC,ASO,ES,Federal Contract Tower,0,2,40,0,42,0,0,81,0,81,0,2,121,0,123,54,0,54,177
10/04/2003,HKY,NC,ASO,ES,Federal Contract Tower,0,1,21,0,22,0,0,52,0,52,0,1,73,0,74,20,0,20,94
10/05/2003,HKY,NC,ASO,ES,Federal Contract Tower,0,3,27,0,30,0,3,54,2,59,0,6,81,2,89,30,0,30,119
10/06/2003,HKY,NC,ASO,ES,Federal Contract Tower,0,0,19,0,19,0,0,44,0,44,0,0,63,0,63,36,0,36,99
10/07/2003,HKY,NC,ASO,ES,Federal Contract Tower,0,2,33,0,35,0,0,18,0,18,0,2,51,0,53,14,0,14,67
10/08/2003,HKY,NC,ASO,ES,Federal Contract Tower,0,2,37,0,39,0,0,8,0,8,0,2,45,0,47,0,0,0,47
10/09/2003,HKY,NC,ASO,ES,Federal Contract Tower,0,1,28,0,29,0,0,4,0,4,0,1,32,0,33,0,0,0,33
10/10/2003,HKY,NC,ASO,ES,Federal Contract Tower,0,4,36,0,40,0,0,28,7,35,0,4,64,7,75,18,0,18,93
10/11/2003,HKY,NC,ASO,ES,Federal Contract Tower,0,3,22,0,25,0,2,10,0,12,0,5,32,0,37,0,0,0,37
10/12/2003,HKY,NC,ASO,ES,Federal Contract Tower,0,3,22,0,25,0,3,29,0,32,0,6,51,0,57,10,0,10,67
10/13/2003,HKY,NC,ASO,ES,Federal Contract Tower,0,1,22,0,23,0,0,66,0,66,0,1,88,0,89,33,0,33,122
10/14/2003,HKY,NC,ASO,ES,Federal Contract Tower,0,3,38,1,42,0,2,15,2,19,0,5,53,3,61,40,0,40,101
10/15/2003,HKY,NC,ASO,ES,Federal Contract Tower,0,0,23,1,24,0,0,56,1,57,0,0,79,2,81,0,0,0,81
10/16/2003,HKY,NC,ASO,ES,Federal Contract Tower,0,1,27,0,28,0,0,86,0,86,0,1,113,0,114,88,0,88,202
10/17/2003,HKY,NC,ASO,ES,Federal Contract Tower,0,2,27,0,29,0,3,47,0,50,0,5,74,0,79,58,0,58,137
10/18/2003,HKY,NC,ASO,ES,Federal Contract Tower,0,2,23,0,25,1,0,141,0,142,1,2,164,0,167,76,0,76,243
10/19/2003,HKY,NC,ASO,ES,Federal Contract Tower,0,2,30,0,32,1,4,80,0,85,1,6,110,0,117,38,0,38,155
10/20/2003,HKY,NC,ASO,ES,Federal Contract Tower,0,0,18,0,18,0,0,81,0,81,0,0,99,0,99,38,0,38,137
10/21/2003,HKY,NC,ASO,ES,Federal Contract Tower,0,0,18,0,18,0,0,43,0,43,0,0,61,0,61,54,0,54,115
10/22/2003,HKY,NC,ASO,ES,Federal Contract Tower,0,2,29,0,31,0,3,38,2,43,0,5,67,2,74,0,0,0,74
10/23/2003,HKY,NC,ASO,ES,Federal Contract Tower,0,2,32,0,34,0,0,57,0,57,0,2,89,0,91,40,0,40,131
10/24/2003,HKY,NC,ASO,ES,Federal Contract Tower,0,0,26,0,26,0,0,86,6,92,0,0,112,6,118,60,0,60,178
10/25/2003,HKY,NC,ASO,ES,Federal Contract Tower,0,1,19,0,20,0,1,40,0,41,0,2,59,0,61,42,0,42,103
10/26/2003,HKY,NC,ASO,ES,Federal Contract Tower,0,0,25,0,25,0,0,2,0,2,0,0,27,0,27,0,0,0,27
10/27/2003,HKY,NC,ASO,ES,Federal Contract Tower,0,1,18,0,19,0,1,30,0,31,0,2,48,0,50,30,0,30,80
10/28/2003,HKY,NC,ASO,ES,Federal Contract Tower,0,3,38,0,41,0,2,23,0,25,0,5,61,0,66,20,0,20,86
10/29/2003,HKY,NC,ASO,ES,Federal Contract Tower,0,2,32,0,34,0,0,25,0,25,0,2,57,0,59,0,0,0,59
10/30/2003,HKY,NC,ASO,ES,Federal Contract Tower,0,1,19,0,20,0,3,88,0,91,0,4,107,0,111,72,0,72,183
10/31/2003,HKY,NC,ASO,ES,Federal Contract Tower,0,1,19,0,20,0,0,80,0,80,0,1,99,0,100,34,0,34,134
11/01/2003,HKY,NC,ASO,ES,Federal Contract Tower,0,2,22,0,24,0,0,102,2,104,0,2,124,2,128,88,0,88,216
11/02/2003,HKY,NC,ASO,ES,Federal Contract Tower,0,1,13,0,14,0,2,48,2,52,0,3,61,2,66,44,0,44,110
11/03/2003,HKY,NC,ASO,ES,Federal Contract Tower,0,0,22,0,22,0,0,51,0,51,0,0,73,0,73,34,0,34,107
11/04/2003,HKY,NC,ASO,ES,Federal Contract Tower,0,3,28,0,31,0,1,0,0,1,0,4,28,0,32,4,0,4,36
11/05/2003,HKY,NC,ASO,ES,Federal Contract Tower,0,2,37,0,39,0,0,20,1,21,0,2,57,1,60,18,0,18,78
11/06/2003,HKY,NC,ASO,ES,Federal Contract Tower,0,0,22,0,22,0,0,41,0,41,0,0,63,0,63,36,0,36,99
11/07/2003,HKY,NC,ASO,ES,Federal Contract Tower,0,2,20,0,22,0,6,50,1,57,0,8,70,1,79,14,0,14,93
11/08/2003,HKY,NC,ASO,ES,Federal Contract Tower,0,2,32,0,34,0,0,69,0,69,0,2,101,0,103,28,0,28,131
11/09/2003,HKY,NC,ASO,ES,Federal Contract Tower,0,0,19,0,19,0,0,52,0,52,0,0,71,0,71,36,0,36,107
11/10/2003,HKY,NC,ASO,ES,Federal Contract Tower,0,2,37,0,39,0,0,43,0,43,0,2,80,0,82,12,0,12,94
11/11/2003,HKY,NC,ASO,ES,Federal Contract Tower,0,3,39,0,42,0,2,62,0,64,0,5,101,0,106,26,0,26,132
11/12/2003,HKY,NC,ASO,ES,Federal Contract Tower,0,2,21,0,23,0,1,45,2,48,0,3,66,2,71,28,0,28,99
11/13/2003,HKY,NC,ASO,ES,Federal Contract Tower,0,1,21,0,22,0,1,18,0,19,0,2,39,0,41,0,0,0,41
11/14/2003,HKY,NC,ASO,ES,Federal Contract Tower,0,1,26,0,27,0,1,39,0,40,0,2,65,0,67,10,0,10,77
11/15/2003,HKY,NC,ASO,ES,Federal Contract Tower,0,0,13,0,13,0,2,47,0,49,0,2,60,0,62,6,0,6,68
11/16/2003,HKY,NC,ASO,ES,Federal Contract Tower,0,0,31,0,31,0,0,50,0,50,0,0,81,0,81,12,0,12,93
11/17/2003,HKY,NC,ASO,ES,Federal Contract Tower,0,0,38,0,38,0,0,47,0,47,0,0,85,0,85,32,0,32,117
11/18/2003,HKY,NC,ASO,ES,Federal Contract Tower,0,0,20,0,20,0,0,3,0,3,0,0,23,0,23,6,0,6,29
11/19/2003,HKY,NC,ASO,ES,Federal Contract Tower,0,0,11,0,11,0,0,6,0,6,0,0,17,0,17,0,0,0,17
11/20/2003,HKY,NC,ASO,ES,Federal Contract Tower,0,1,28,0,29,0,0,58,0,58,0,1,86,0,87,4,0,4,91
11/21/2003,HKY,NC,ASO,ES,Federal Contract Tower,0,2,41,0,43,0,0,81,0,81,0,2,122,0,124,32,0,32,156
11/22/2003,HKY,NC,ASO,ES,Federal Contract Tower,0,0,38,0,38,0,0,70,0,70,0,0,108,0,108,30,0,30,138
11/23/2003,HKY,NC,ASO,ES,Federal Contract Tower,0,0,45,0,45,0,0,92,0,92,0,0,137,0,137,10,0,10,147
11/24/2003,HKY,NC,ASO,ES,Federal Contract Tower,0,0,29,0,29,0,0,2,0,2,0,0,31,0,31,0,0,0,31
11/25/2003,HKY,NC,ASO,ES,Federal Contract Tower,0,2,33,0,35,0,0,87,0,87,0,2,120,0,122,60,0,60,182
11/26/2003,HKY,NC,ASO,ES,Federal Contract Tower,0,2,35,0,37,0,0,53,0,53,0,2,88,0,90,30,0,30,120
11/27/2003,HKY,NC,ASO,ES,Federal Contract Tower,0,0,15,0,15,0,0,5,0,5,0,0,20,0,20,4,0,4,24
11/28/2003,HKY,NC,ASO,ES,Federal Contract Tower,0,0,9,0,9,0,0,0,0,0,0,0,9,0,9,0,0,0,9
11/29/2003,HKY,NC,ASO,ES,Federal Contract Tower,0,0,8,0,8,0,0,27,0,27,0,0,35,0,35,0,0,0,35
11/30/2003,HKY,NC,ASO,ES,Federal Contract Tower,0,2,34,0,36,0,0,68,0,68,0,2,102,0,104,20,0,20,124
12/01/2003,HKY,NC,ASO,ES,Federal Contract Tower,0,1,27,0,28,0,0,25,4,29,0,1,52,4,57,4,0,4,61
12/02/2003,HKY,NC,ASO,ES,Federal Contract Tower,0,2,20,0,22,0,0,73,0,73,0,2,93,0,95,40,0,40,135
12/03/2003,HKY,NC,ASO,ES,Federal Contract Tower,0,0,34,0,34,0,0,54,0,54,0,0,88,0,88,12,0,12,100
12/04/2003,HKY,NC,ASO,ES,Federal Contract Tower,0,1,12,0,13,0,1,0,0,1,0,2,12,0,14,0,0,0,14
12/05/2003,HKY,NC,ASO,ES,Federal Contract Tower,0,1,29,0,30,0,0,3,0,3,0,1,32,0,33,0,0,0,33
12/06/2003,HKY,NC,ASO,ES,Federal Contract Tower,0,0,8,0,8,0,0,23,0,23,0,0,31,0,31,0,0,0,31
12/07/2003,HKY,NC,ASO,ES,Federal Contract Tower,0,0,19,0,19,0,0,62,0,62,0,0,81,0,81,28,0,28,109
12/08/2003,HKY,NC,ASO,ES,Federal Contract Tower,0,0,32,0,32,0,0,79,0,79,0,0,111,0,111,20,0,20,131
12/09/2003,HKY,NC,ASO,ES,Federal Contract Tower,0,0,24,0,24,0,0,56,2,58,0,0,80,2,82,22,0,22,104
12/10/2003,HKY,NC,ASO,ES,Federal Contract Tower,0,3,30,0,33,0,1,3,0,4,0,4,33,0,37,0,0,0,37
12/11/2003,HKY,NC,ASO,ES,Federal Contract Tower,0,3,35,0,38,0,5,58,0,63,0,8,93,0,101,4,0,4,105
12/12/2003,HKY,NC,ASO,ES,Federal Contract Tower,0,2,40,0,42,0,0,93,0,93,0,2,133,0,135,30,0,30,165
12/13/2003,HKY,NC,ASO,ES,Federal Contract Tower,0,0,4,0,4,0,0,43,0,43,0,0,47,0,47,16,0,16,63
12/14/2003,HKY,NC,ASO,ES,Federal Contract Tower,0,0,6,0,6,0,0,1,0,1,0,0,7,0,7,0,0,0,7
12/15/2003,HKY,NC,ASO,ES,Federal Contract Tower,0,1,14,0,15,0,4,66,0,70,0,5,80,0,85,34,0,34,119
12/16/2003,HKY,NC,ASO,ES,Federal Contract Tower,0,1,26,0,27,0,2,41,0,43,0,3,67,0,70,2,0,2,72
12/17/2003,HKY,NC,ASO,ES,Federal Contract Tower,0,1,23,0,24,0,3,9,0,12,0,4,32,0,36,4,0,4,40
12/18/2003,HKY,NC,ASO,ES,Federal Contract Tower,0,1,21,0,22,0,1,53,0,54,0,2,74,0,76,6,0,6,82
12/19/2003,HKY,NC,ASO,ES,Federal Contract Tower,0,1,22,0,23,0,0,20,2,22,0,1,42,2,45,16,0,16,61
12/20/2003,HKY,NC,ASO,ES,Federal Contract Tower,0,0,15,0,15,0,0,39,0,39,0,0,54,0,54,32,0,32,86
12/21/2003,HKY,NC,ASO,ES,Federal Contract Tower,0,0,15,0,15,0,0,71,6,77,0,0,86,6,92,20,0,20,112
12/22/2003,HKY,NC,ASO,ES,Federal Contract Tower,0,0,4,0,4,0,0,49,0,49,0,0,53,0,53,58,0,58,111
12/23/2003,HKY,NC,ASO,ES,Federal Contract Tower,0,0,34,0,34,0,0,63,4,67,0,0,97,4,101,2,0,2,103
12/24/2003,HKY,NC,ASO,ES,Federal Contract Tower,0,0,5,0,5,0,0,5,0,5,0,0,10,0,10,8,0,8,18
12/25/2003,HKY,NC,ASO,ES,Federal Contract Tower,0,0,10,0,10,0,0,10,0,10,0,0,20,0,20,0,0,0,20
12/26/2003,HKY,NC,ASO,ES,Federal Contract Tower,0,1,26,0,27,0,2,53,0,55,0,3,79,0,82,44,0,44,126
12/27/2003,HKY,NC,ASO,ES,Federal Contract Tower,0,1,16,0,17,0,0,46,0,46,0,1,62,0,63,22,0,22,85
12/28/2003,HKY,NC,ASO,ES,Federal Contract Tower,0,0,12,0,12,0,0,43,0,43,0,0,55,0,55,12,0,12,67
12/29/2003,HKY,NC,ASO,ES,Federal Contract Tower,0,1,17,0,18,0,1,38,0,39,0,2,55,0,57,40,0,40,97
12/30/2003,HKY,NC,ASO,ES,Federal Contract Tower,0,1,22,0,23,0,0,51,2,53,0,1,73,2,76,26,0,26,102
12/31/2003,HKY,NC,ASO,ES,Federal Contract Tower,0,1,23,0,24,0,3,46,0,49,0,4,69,0,73,30,0,30,103
01/01/2004,HKY,NC,ASO,ES,Federal Contract Tower,0,0,5,0,5,0,1,29,0,30,0,1,34,0,35,0,0,0,35
01/02/2004,HKY,NC,ASO,ES,Federal Contract Tower,0,0,14,0,14,0,1,48,0,49,0,1,62,0,63,38,0,38,101
01/03/2004,HKY,NC,ASO,ES,Federal Contract Tower,0,0,20,0,20,0,0,38,0,38,0,0,58,0,58,8,0,8,66
01/04/2004,HKY,NC,ASO,ES,Federal Contract Tower,0,0,18,0,18,0,2,17,0,19,0,2,35,0,37,0,0,0,37
01/05/2004,HKY,NC,ASO,ES,Federal Contract Tower,0,0,22,0,22,0,0,15,0,15,0,0,37,0,37,34,0,34,71
01/06/2004,HKY,NC,ASO,ES,Federal Contract Tower,0,2,23,1,26,0,0,37,5,42,0,2,60,6,68,32,0,32,100
01/07/2004,HKY,NC,ASO,ES,Federal Contract Tower,0,0,12,0,12,0,2,43,0,45,0,2,55,0,57,0,0,0,57
01/08/2004,HKY,NC,ASO,ES,Federal Contract Tower,0,0,16,0,16,0,0,41,0,41,0,0,57,0,57,18,0,18,75
01/09/2004,HKY,NC,ASO,ES,Federal Contract Tower,0,0,19,0,19,0,0,0,0,0,0,0,19,0,19,0,0,0,19
01/10/2004,HKY,NC,ASO,ES,Federal Contract Tower,0,0,15,0,15,0,0,20,1,21,0,0,35,1,36,2,0,2,38
01/11/2004,HKY,NC,ASO,ES,Federal Contract Tower,0,0,17,0,17,0,0,52,0,52,0,0,69,0,69,70,0,70,139
01/12/2004,HKY,NC,ASO,ES,Federal Contract Tower,0,0,23,0,23,0,0,68,2,70,0,0,91,2,93,4,0,4,97
01/13/2004,HKY,NC,ASO,ES,Federal Contract Tower,0,0,5,0,5,0,0,86,1,87,0,0,91,1,92,40,0,40,132
01/14/2004,HKY,NC,ASO,ES,Federal Contract Tower,0,2,28,0,30,0,0,71,0,71,0,2,99,0,101,14,0,14,115
01/15/2004,HKY,NC,ASO,ES,Federal Contract Tower,0,2,25,0,27,0,0,45,0,45,0,2,70,0,72,16,0,16,88
01/16/2004,HKY,NC,ASO,ES,Federal Contract Tower,0,2,27,0,29,0,0,59,2,61,0,2,86,2,90,16,0,16,106
01/17/2004,HKY,NC,ASO,ES,Federal Contract Tower,0,0,12,0,12,0,2,43,0,45,0,2,55,0,57,12,0,12,69
01/18/2004,HKY,NC,ASO,ES,Federal Contract Tower,0,0,8,0,8,0,0,1,0,1,0,0,9,0,9,0,0,0,9
01/19/2004,HKY,NC,ASO,ES,Federal Contract Tower,0,0,22,0,22,0,2,52,0,54,0,2,74,0,76,34,0,34,110
01/20/2004,HKY,NC,ASO,ES,Federal Contract Tower,0,0,21,0,21,0,0,68,0,68,0,0,89,0,89,24,0,24,113
01/21/2004,HKY,NC,ASO,ES,Federal Contract Tower,0,0,21,0,21,0,0,64,0,64,0,0,85,0,85,42,0,42,127
01/22/2004,HKY,NC,ASO,ES,Federal Contract Tower,0,0,21,0,21,0,0,47,1,48,0,0,68,1,69,26,0,26,95
01/23/2004,HKY,NC,ASO,ES,Federal Contract Tower,0,0,18,0,18,0,0,76,0,76,0,0,94,0,94,44,0,44,138
01/24/2004,HKY,NC,ASO,ES,Federal Contract Tower,0,0,16,0,16,0,0,48,0,48,0,0,64,0,64,40,0,40,104
01/25/2004,HKY,NC,ASO,ES,Federal Contract Tower,0,0,2,0,2,0,0,0,0,0,0,0,2,0,2,0,0,0,2
01/26/2004,HKY,NC,ASO,ES,Federal Contract Tower,0,0,0,0,0,0,0,0,0,0,0,0,0,0,0,0,0,0,0
01/27/2004,HKY,NC,ASO,ES,Federal Contract Tower,0,0,5,0,5,0,0,0,0,0,0,0,5,0,5,0,0,0,5
01/28/2004,HKY,NC,ASO,ES,Federal Contract Tower,0,0,19,0,19,0,0,16,2,18,0,0,35,2,37,0,0,0,37
01/29/2004,HKY,NC,ASO,ES,Federal Contract Tower,0,0,37,0,37,0,0,74,0,74,0,0,111,0,111,32,0,32,143
01/30/2004,HKY,NC,ASO,ES,Federal Contract Tower,0,3,30,0,33,0,1,36,0,37,0,4,66,0,70,0,0,0,70
01/31/2004,HKY,NC,ASO,ES,Federal Contract Tower,0,0,13,0,13,0,0,99,0,99,0,0,112,0,112,34,0,34,146
02/01/2004,HKY,NC,ASO,ES,Federal Contract Tower,0,1,12,0,13,0,0,36,0,36,0,1,48,0,49,36,0,36,85
02/02/2004,HKY,NC,ASO,ES,Federal Contract Tower,0,0,18,0,18,0,0,21,0,21,0,0,39,0,39,0,0,0,39
02/03/2004,HKY,NC,ASO,ES,Federal Contract Tower,0,0,27,0,27,0,0,81,2,83,0,0,108,2,110,30,0,30,140
02/04/2004,HKY,NC,ASO,ES,Federal Contract Tower,0,2,27,0,29,0,0,8,0,8,0,2,35,0,37,0,0,0,37
02/05/2004,HKY,NC,ASO,ES,Federal Contract Tower,0,0,19,0,19,0,0,30,0,30,0,0,49,0,49,26,0,26,75
02/06/2004,HKY,NC,ASO,ES,Federal Contract Tower,0,1,17,0,18,0,1,0,0,1,0,2,17,0,19,0,0,0,19
02/07/2004,HKY,NC,ASO,ES,Federal Contract Tower,0,0,8,0,8,0,0,42,0,42,0,0,50,0,50,18,0,18,68
02/08/2004,HKY,NC,ASO,ES,Federal Contract Tower,0,3,22,0,25,0,1,51,0,52,0,4,73,0,77,20,0,20,97
02/09/2004,HKY,NC,ASO,ES,Federal Contract Tower,0,0,20,0,20,0,0,28,0,28,0,0,48,0,48,20,0,20,68
02/10/2004,HKY,NC,ASO,ES,Federal Contract Tower,0,0,15,1,16,0,1,37,3,41,0,1,52,4,57,0,0,0,57
02/11/2004,HKY,NC,ASO,ES,Federal Contract Tower,0,1,31,1,33,0,4,24,1,29,0,5,55,2,62,6,0,6,68
02/12/2004,HKY,NC,ASO,ES,Federal Contract Tower,0,0,21,0,21,0,0,2,0,2,0,0,23,0,23,0,0,0,23
02/13/2004,HKY,NC,ASO,ES,Federal Contract Tower,0,1,33,1,35,0,1,46,9,56,0,2,79,10,91,18,0,18,109
02/14/2004,HKY,NC,ASO,ES,Federal Contract Tower,0,0,11,0,11,0,0,42,0,42,0,0,53,0,53,14,0,14,67
02/15/2004,HKY,NC,ASO,ES,Federal Contract Tower,0,1,23,0,24,0,0,0,0,0,0,1,23,0,24,0,0,0,24
02/16/2004,HKY,NC,ASO,ES,Federal Contract Tower,0,1,23,0,24,0,1,19,0,20,0,2,42,0,44,0,0,0,44
02/17/2004,HKY,NC,ASO,ES,Federal Contract Tower,0,1,23,0,24,0,4,15,0,19,0,5,38,0,43,18,0,18,61
02/18/2004,HKY,NC,ASO,ES,Federal Contract Tower,0,0,19,0,19,0,0,60,11,71,0,0,79,11,90,20,0,20,110
02/19/2004,HKY,NC,ASO,ES,Federal Contract Tower,0,1,25,0,26,0,1,72,1,74,0,2,97,1,100,58,0,58,158
02/20/2004,HKY,NC,ASO,ES,Federal Contract Tower,0,1,22,0,23,0,1,31,3,35,0,2,53,3,58,2,0,2,60
02/21/2004,HKY,NC,ASO,ES,Federal Contract Tower,0,0,10,0,10,0,0,60,0,60,0,0,70,0,70,16,0,16,86
02/22/2004,HKY,NC,ASO,ES,Federal Contract Tower,0,0,17,0,17,0,2,77,0,79,0,2,94,0,96,24,0,24,120
02/23/2004,HKY,NC,ASO,ES,Federal Contract Tower,0,0,19,0,19,0,0,39,0,39,0,0,58,0,58,10,0,10,68
02/24/2004,HKY,NC,ASO,ES,Federal Contract Tower,0,0,24,0,24,0,0,32,0,32,0,0,56,0,56,28,0,28,84
02/25/2004,HKY,NC,ASO,ES,Federal Contract Tower,0,0,22,0,22,0,0,37,4,41,0,0,59,4,63,6,0,6,69
02/26/2004,HKY,NC,ASO,ES,Federal Contract Tower,0,0,4,0,4,0,0,0,0,0,0,0,4,0,4,0,0,0,4
02/27/2004,HKY,NC,ASO,ES,Federal Contract Tower,0,0,19,0,19,0,0,46,0,46,0,0,65,0,65,8,0,8,73
02/28/2004,HKY,NC,ASO,ES,Federal Contract Tower,0,0,23,0,23,0,0,121,0,121,0,0,144,0,144,32,0,32,176
02/29/2004,HKY,NC,ASO,ES,Federal Contract Tower,0,0,22,0,22,0,0,74,0,74,0,0,96,0,96,32,0,32,128
03/01/2004,HKY,NC,ASO,ES,Federal Contract Tower,0,0,19,0,19,0,0,41,6,47,0,0,60,6,66,30,0,30,96
03/02/2004,HKY,NC,ASO,ES,Federal Contract Tower,0,0,34,0,34,0,0,28,0,28,0,0,62,0,62,6,0,6,68
03/03/2004,HKY,NC,ASO,ES,Federal Contract Tower,0,0,15,0,15,0,0,59,0,59,0,0,74,0,74,24,0,24,98
03/04/2004,HKY,NC,ASO,ES,Federal Contract Tower,0,2,32,0,34,0,2,55,0,57,0,4,87,0,91,22,0,22,113
03/05/2004,HKY,NC,ASO,ES,Federal Contract Tower,0,2,22,0,24,0,0,27,2,29,0,2,49,2,53,4,0,4,57
03/06/2004,HKY,NC,ASO,ES,Federal Contract Tower,0,0,4,0,4,0,0,5,0,5,0,0,9,0,9,0,0,0,9
03/07/2004,HKY,NC,ASO,ES,Federal Contract Tower,0,0,24,0,24,0,0,61,0,61,0,0,85,0,85,24,0,24,109
03/08/2004,HKY,NC,ASO,ES,Federal Contract Tower,0,0,24,0,24,0,0,29,0,29,0,0,53,0,53,20,0,20,73
03/09/2004,HKY,NC,ASO,ES,Federal Contract Tower,0,0,14,0,14,0,0,11,0,11,0,0,25,0,25,0,0,0,25
03/10/2004,HKY,NC,ASO,ES,Federal Contract Tower,0,2,21,0,23,0,0,54,2,56,0,2,75,2,79,30,0,30,109
03/11/2004,HKY,NC,ASO,ES,Federal Contract Tower,0,0,40,0,40,0,0,83,0,83,0,0,123,0,123,22,0,22,145
03/12/2004,HKY,NC,ASO,ES,Federal Contract Tower,0,2,26,0,28,0,3,50,0,53,0,5,76,0,81,16,0,16,97
03/13/2004,HKY,NC,ASO,ES,Federal Contract Tower,0,0,17,0,17,0,0,62,0,62,0,0,79,0,79,10,0,10,89
03/14/2004,HKY,NC,ASO,ES,Federal Contract Tower,0,0,36,0,36,0,0,65,0,65,0,0,101,0,101,22,0,22,123
03/15/2004,HKY,NC,ASO,ES,Federal Contract Tower,0,2,31,0,33,0,0,3,0,3,0,2,34,0,36,0,0,0,36
03/16/2004,HKY,NC,ASO,ES,Federal Contract Tower,0,0,23,0,23,0,0,11,0,11,0,0,34,0,34,20,0,20,54
03/17/2004,HKY,NC,ASO,ES,Federal Contract Tower,0,0,37,0,37,0,0,39,0,39,0,0,76,0,76,2,0,2,78
03/18/2004,HKY,NC,ASO,ES,Federal Contract Tower,0,1,22,0,23,0,1,9,0,10,0,2,31,0,33,0,0,0,33
03/19/2004,HKY,NC,ASO,ES,Federal Contract Tower,0,0,20,0,20,0,0,64,0,64,0,0,84,0,84,22,0,22,106
03/20/2004,HKY,NC,ASO,ES,Federal Contract Tower,0,0,12,0,12,0,0,68,0,68,0,0,80,0,80,28,0,28,108
03/21/2004,HKY,NC,ASO,ES,Federal Contract Tower,0,0,11,0,11,0,2,14,0,16,0,2,25,0,27,0,0,0,27
03/22/2004,HKY,NC,ASO,ES,Federal Contract Tower,0,0,13,0,13,0,4,22,0,26,0,4,35,0,39,0,0,0,39
03/23/2004,HKY,NC,ASO,ES,Federal Contract Tower,0,0,20,0,20,0,0,79,0,79,0,0,99,0,99,22,0,22,121
03/24/2004,HKY,NC,ASO,ES,Federal Contract Tower,0,1,34,0,35,0,5,55,0,60,0,6,89,0,95,16,0,16,111
03/25/2004,HKY,NC,ASO,ES,Federal Contract Tower,0,0,23,0,23,0,0,60,0,60,0,0,83,0,83,36,0,36,119
03/26/2004,HKY,NC,ASO,ES,Federal Contract Tower,0,1,27,0,28,0,0,72,0,72,0,1,99,0,100,40,0,40,140
03/27/2004,HKY,NC,ASO,ES,Federal Contract Tower,0,0,24,0,24,0,0,61,0,61,0,0,85,0,85,38,0,38,123
03/28/2004,HKY,NC,ASO,ES,Federal Contract Tower,0,1,37,0,38,0,3,40,2,45,0,4,77,2,83,14,0,14,97
03/29/2004,HKY,NC,ASO,ES,Federal Contract Tower,0,0,20,0,20,0,2,50,0,52,0,2,70,0,72,38,0,38,110
03/30/2004,HKY,NC,ASO,ES,Federal Contract Tower,0,0,39,0,39,0,0,3,2,5,0,0,42,2,44,0,0,0,44
03/31/2004,HKY,NC,ASO,ES,Federal Contract Tower,0,1,30,0,31,0,1,16,0,17,0,2,46,0,48,2,0,2,50
04/01/2004,HKY,NC,ASO,ES,Federal Contract Tower,0,0,38,0,38,0,0,26,0,26,0,0,64,0,64,8,0,8,72
04/02/2004,HKY,NC,ASO,ES,Federal Contract Tower,0,0,29,0,29,0,0,22,2,24,0,0,51,2,53,18,0,18,71
04/03/2004,HKY,NC,ASO,ES,Federal Contract Tower,0,0,15,0,15,0,0,41,2,43,0,0,56,2,58,36,0,36,94
04/04/2004,HKY,NC,ASO,ES,Federal Contract Tower,0,1,15,0,16,0,1,27,0,28,0,2,42,0,44,12,0,12,56
04/05/2004,HKY,NC,ASO,ES,Federal Contract Tower,0,2,31,0,33,0,3,25,0,28,0,5,56,0,61,8,0,8,69
04/06/2004,HKY,NC,ASO,ES,Federal Contract Tower,0,2,32,0,34,0,0,60,0,60,0,2,92,0,94,52,0,52,146
04/07/2004,HKY,NC,ASO,ES,Federal Contract Tower,0,2,29,0,31,0,0,59,2,61,0,2,88,2,92,44,0,44,136
04/08/2004,HKY,NC,ASO,ES,Federal Contract Tower,0,2,35,0,37,0,0,39,0,39,0,2,74,0,76,60,0,60,136
04/09/2004,HKY,NC,ASO,ES,Federal Contract Tower,0,2,26,0,28,0,0,66,0,66,0,2,92,0,94,10,0,10,104
04/10/2004,HKY,NC,ASO,ES,Federal Contract Tower,0,1,25,0,26,0,0,32,0,32,0,1,57,0,58,22,0,22,80
04/11/2004,HKY,NC,ASO,ES,Federal Contract Tower,0,0,10,0,10,0,0,11,0,11,0,0,21,0,21,0,0,0,21
04/12/2004,HKY,NC,ASO,ES,Federal Contract Tower,0,0,20,0,20,0,0,2,0,2,0,0,22,0,22,0,0,0,22
04/13/2004,HKY,NC,ASO,ES,Federal Contract Tower,0,0,20,0,20,0,0,16,0,16,0,0,36,0,36,2,0,2,38
04/14/2004,HKY,NC,ASO,ES,Federal Contract Tower,0,1,33,0,34,0,0,26,0,26,0,1,59,0,60,0,0,0,60
04/15/2004,HKY,NC,ASO,ES,Federal Contract Tower,0,2,35,0,37,0,0,40,0,40,0,2,75,0,77,4,0,4,81
04/16/2004,HKY,NC,ASO,ES,Federal Contract Tower,0,2,23,0,25,0,0,83,6,89,0,2,106,6,114,32,0,32,146
04/17/2004,HKY,NC,ASO,ES,Federal Contract Tower,0,0,16,0,16,0,1,72,0,73,0,1,88,0,89,12,1,13,102
04/18/2004,HKY,NC,ASO,ES,Federal Contract Tower,0,1,25,0,26,0,4,54,0,58,0,5,79,0,84,36,0,36,120
04/19/2004,HKY,NC,ASO,ES,Federal Contract Tower,0,0,21,0,21,0,0,64,0,64,0,0,85,0,85,20,0,20,105
04/20/2004,HKY,NC,ASO,ES,Federal Contract Tower,0,1,26,0,27,0,5,62,0,67,0,6,88,0,94,12,0,12,106
04/21/2004,HKY,NC,ASO,ES,Federal Contract Tower,0,0,16,0,16,0,1,39,0,40,0,1,55,0,56,18,0,18,74
04/22/2004,HKY,NC,ASO,ES,Federal Contract Tower,0,2,43,0,45,0,5,54,0,59,0,7,97,0,104,12,0,12,116
04/23/2004,HKY,NC,ASO,ES,Federal Contract Tower,0,0,30,0,30,0,0,70,0,70,0,0,100,0,100,56,0,56,156
04/24/2004,HKY,NC,ASO,ES,Federal Contract Tower,0,0,22,0,22,0,0,65,0,65,0,0,87,0,87,28,0,28,115
04/25/2004,HKY,NC,ASO,ES,Federal Contract Tower,0,0,30,0,30,0,0,26,0,26,0,0,56,0,56,14,0,14,70
04/26/2004,HKY,NC,ASO,ES,Federal Contract Tower,0,0,19,0,19,0,0,3,0,3,0,0,22,0,22,0,0,0,22
04/27/2004,HKY,NC,ASO,ES,Federal Contract Tower,0,0,34,0,34,0,0,50,2,52,0,0,84,2,86,22,0,22,108
04/28/2004,HKY,NC,ASO,ES,Federal Contract Tower,0,0,16,0,16,0,0,79,0,79,0,0,95,0,95,18,0,18,113
04/29/2004,HKY,NC,ASO,ES,Federal Contract Tower,0,1,21,0,22,0,0,63,0,63,0,1,84,0,85,18,0,18,103
04/30/2004,HKY,NC,ASO,ES,Federal Contract Tower,0,1,24,0,25,0,2,19,0,21,0,3,43,0,46,20,0,20,66
05/01/2004,HKY,NC,ASO,ES,Federal Contract Tower,0,1,22,0,23,0,2,1,0,3,0,3,23,0,26,2,0,2,28
05/02/2004,HKY,NC,ASO,ES,Federal Contract Tower,0,1,24,0,25,0,1,26,0,27,0,2,50,0,52,0,0,0,52
05/03/2004,HKY,NC,ASO,ES,Federal Contract Tower,0,0,11,0,11,0,5,38,0,43,0,5,49,0,54,30,0,30,84
05/04/2004,HKY,NC,ASO,ES,Federal Contract Tower,0,0,25,0,25,0,0,82,0,82,0,0,107,0,107,46,0,46,153
05/05/2004,HKY,NC,ASO,ES,Federal Contract Tower,0,0,23,0,23,0,0,59,2,61,0,0,82,2,84,28,0,28,112
05/06/2004,HKY,NC,ASO,ES,Federal Contract Tower,0,2,25,0,27,0,0,59,0,59,0,2,84,0,86,20,0,20,106
05/07/2004,HKY,NC,ASO,ES,Federal Contract Tower,0,0,22,0,22,0,0,106,7,113,0,0,128,7,135,58,12,70,205
05/08/2004,HKY,NC,ASO,ES,Federal Contract Tower,0,0,6,0,6,0,0,257,8,265,0,0,263,8,271,218,24,242,513
05/09/2004,HKY,NC,ASO,ES,Federal Contract Tower,0,0,14,0,14,0,0,122,2,124,0,0,136,2,138,192,3,195,333
05/10/2004,HKY,NC,ASO,ES,Federal Contract Tower,0,3,25,0,28,0,4,78,1,83,0,7,103,1,111,70,1,71,182
05/11/2004,HKY,NC,ASO,ES,Federal Contract Tower,0,2,32,1,35,0,5,60,2,67,0,7,92,3,102,52,0,52,154
05/12/2004,HKY,NC,ASO,ES,Federal Contract Tower,0,1,24,0,25,0,0,44,0,44,0,1,68,0,69,34,0,34,103
05/13/2004,HKY,NC,ASO,ES,Federal Contract Tower,0,2,35,0,37,0,1,23,0,24,0,3,58,0,61,2,0,2,63
05/14/2004,HKY,NC,ASO,ES,Federal Contract Tower,0,1,22,0,23,0,3,35,0,38,0,4,57,0,61,2,0,2,63
05/15/2004,HKY,NC,ASO,ES,Federal Contract Tower,0,0,13,1,14,0,1,53,1,55,0,1,66,2,69,36,0,36,105
05/16/2004,HKY,NC,ASO,ES,Federal Contract Tower,0,1,19,0,20,0,1,30,0,31,0,2,49,0,51,6,0,6,57
05/17/2004,HKY,NC,ASO,ES,Federal Contract Tower,0,0,29,0,29,0,0,23,0,23,0,0,52,0,52,20,4,24,76
05/18/2004,HKY,NC,ASO,ES,Federal Contract Tower,0,0,54,1,55,0,0,17,7,24,0,0,71,8,79,26,0,26,105
05/19/2004,HKY,NC,ASO,ES,Federal Contract Tower,0,2,31,0,33,0,1,34,0,35,0,3,65,0,68,28,0,28,96
05/20/2004,HKY,NC,ASO,ES,Federal Contract Tower,0,1,26,0,27,0,0,55,0,55,0,1,81,0,82,30,0,30,112
05/21/2004,HKY,NC,ASO,ES,Federal Contract Tower,0,1,33,0,34,0,0,55,0,55,0,1,88,0,89,30,0,30,119
05/22/2004,HKY,NC,ASO,ES,Federal Contract Tower,0,0,17,0,17,2,0,75,2,79,2,0,92,2,96,38,0,38,134
05/23/2004,HKY,NC,ASO,ES,Federal Contract Tower,0,1,23,0,24,1,1,31,1,34,1,2,54,1,58,24,0,24,82
05/24/2004,HKY,NC,ASO,ES,Federal Contract Tower,0,2,32,0,34,0,2,69,0,71,0,4,101,0,105,4,0,4,109
05/25/2004,HKY,NC,ASO,ES,Federal Contract Tower,0,1,30,0,31,0,0,42,0,42,0,1,72,0,73,26,0,26,99
05/26/2004,HKY,NC,ASO,ES,Federal Contract Tower,0,0,37,0,37,0,0,45,0,45,0,0,82,0,82,52,0,52,134
05/27/2004,HKY,NC,ASO,ES,Federal Contract Tower,0,0,25,0,25,0,0,50,0,50,0,0,75,0,75,20,0,20,95
05/28/2004,HKY,NC,ASO,ES,Federal Contract Tower,0,1,46,0,47,0,0,44,0,44,0,1,90,0,91,14,0,14,105
05/29/2004,HKY,NC,ASO,ES,Federal Contract Tower,0,0,18,0,18,0,0,43,0,43,0,0,61,0,61,2,0,2,63
05/30/2004,HKY,NC,ASO,ES,Federal Contract Tower,0,0,25,0,25,0,0,25,0,25,0,0,50,0,50,4,0,4,54
05/31/2004,HKY,NC,ASO,ES,Federal Contract Tower,0,1,20,0,21,0,0,24,0,24,0,1,44,0,45,12,0,12,57
06/01/2004,HKY,NC,ASO,ES,Federal Contract Tower,0,3,36,0,39,0,0,66,0,66,0,3,102,0,105,4,0,4,109
06/02/2004,HKY,NC,ASO,ES,Federal Contract Tower,0,1,21,0,22,0,0,66,2,68,0,1,87,2,90,26,0,26,116
06/03/2004,HKY,NC,ASO,ES,Federal Contract Tower,0,2,31,0,33,0,0,66,0,66,0,2,97,0,99,56,0,56,155
06/04/2004,HKY,NC,ASO,ES,Federal Contract Tower,0,4,25,0,29,0,0,7,0,7,0,4,32,0,36,0,0,0,36
06/05/2004,HKY,NC,ASO,ES,Federal Contract Tower,0,1,13,0,14,0,0,46,0,46,0,1,59,0,60,44,0,44,104
06/06/2004,HKY,NC,ASO,ES,Federal Contract Tower,0,4,33,0,37,0,0,30,0,30,0,4,63,0,67,18,0,18,85
06/07/2004,HKY,NC,ASO,ES,Federal Contract Tower,0,3,25,0,28,0,3,24,2,29,0,6,49,2,57,34,0,34,91
06/08/2004,HKY,NC,ASO,ES,Federal Contract Tower,0,1,29,0,30,0,0,19,0,19,0,1,48,0,49,0,0,0,49
06/09/2004,HKY,NC,ASO,ES,Federal Contract Tower,0,1,34,0,35,0,0,23,3,26,0,1,57,3,61,5,0,5,66
06/10/2004,HKY,NC,ASO,ES,Federal Contract Tower,0,2,42,0,44,0,0,65,0,65,0,2,107,0,109,56,0,56,165
06/11/2004,HKY,NC,ASO,ES,Federal Contract Tower,0,0,20,0,20,0,0,51,2,53,0,0,71,2,73,32,0,32,105
06/12/2004,HKY,NC,ASO,ES,Federal Contract Tower,0,2,20,0,22,0,0,18,0,18,0,2,38,0,40,18,0,18,58
06/13/2004,HKY,NC,ASO,ES,Federal Contract Tower,0,3,34,0,37,0,1,4,0,5,0,4,38,0,42,0,0,0,42
06/14/2004,HKY,NC,ASO,ES,Federal Contract Tower,0,2,25,1,28,0,2,11,1,14,0,4,36,2,42,18,0,18,60
06/15/2004,HKY,NC,ASO,ES,Federal Contract Tower,0,2,21,0,23,0,0,13,0,13,0,2,34,0,36,18,0,18,54
06/16/2004,HKY,NC,ASO,ES,Federal Contract Tower,0,1,34,0,35,0,0,26,0,26,0,1,60,0,61,12,0,12,73
06/17/2004,HKY,NC,ASO,ES,Federal Contract Tower,0,3,33,0,36,0,1,50,0,51,0,4,83,0,87,20,0,20,107
06/18/2004,HKY,NC,ASO,ES,Federal Contract Tower,0,1,16,0,17,0,2,59,0,61,0,3,75,0,78,54,0,54,132
06/19/2004,HKY,NC,ASO,ES,Federal Contract Tower,0,0,10,0,10,0,0,38,0,38,0,0,48,0,48,22,0,22,70
06/20/2004,HKY,NC,ASO,ES,Federal Contract Tower,0,2,29,0,31,0,0,42,0,42,0,2,71,0,73,12,0,12,85
06/21/2004,HKY,NC,ASO,ES,Federal Contract Tower,0,3,22,0,25,0,6,0,1,7,0,9,22,1,32,0,0,0,32
06/22/2004,HKY,NC,ASO,ES,Federal Contract Tower,0,3,35,0,38,0,6,28,9,43,0,9,63,9,81,44,0,44,125
06/23/2004,HKY,NC,ASO,ES,Federal Contract Tower,0,1,30,0,31,0,0,47,13,60,0,1,77,13,91,42,0,42,133
06/24/2004,HKY,NC,ASO,ES,Federal Contract Tower,0,1,46,0,47,0,0,54,9,63,0,1,100,9,110,22,0,22,132
06/25/2004,HKY,NC,ASO,ES,Federal Contract Tower,0,3,26,0,29,0,0,25,1,26,0,3,51,1,55,10,0,10,65
06/26/2004,HKY,NC,ASO,ES,Federal Contract Tower,0,2,26,0,28,0,3,20,0,23,0,5,46,0,51,42,0,42,93
06/27/2004,HKY,NC,ASO,ES,Federal Contract Tower,0,2,20,0,22,0,1,11,0,12,0,3,31,0,34,6,0,6,40
06/28/2004,HKY,NC,ASO,ES,Federal Contract Tower,0,6,47,0,53,0,6,0,2,8,0,12,47,2,61,20,0,20,81
06/29/2004,HKY,NC,ASO,ES,Federal Contract Tower,0,0,30,0,30,0,0,113,3,116,0,0,143,3,146,50,2,52,198
06/30/2004,HKY,NC,ASO,ES,Federal Contract Tower,0,5,51,0,56,0,2,40,0,42,0,7,91,0,98,42,0,42,140
07/01/2004,HKY,NC,ASO,ES,Federal Contract Tower,0,2,34,0,36,0,0,23,1,24,0,2,57,1,60,26,0,26,86
07/02/2004,HKY,NC,ASO,ES,Federal Contract Tower,0,0,13,0,13,0,0,3,0,3,0,0,16,0,16,24,0,24,40
07/03/2004,HKY,NC,ASO,ES,Federal Contract Tower,0,0,31,0,31,0,0,21,1,22,0,0,52,1,53,8,0,8,61
07/04/2004,HKY,NC,ASO,ES,Federal Contract Tower,0,0,6,0,6,0,0,12,0,12,0,0,18,0,18,0,0,0,18
07/05/2004,HKY,NC,ASO,ES,Federal Contract Tower,0,4,22,0,26,0,4,76,0,80,0,8,98,0,106,38,0,38,144
07/06/2004,HKY,NC,ASO,ES,Federal Contract Tower,0,0,16,0,16,0,0,61,0,61,0,0,77,0,77,40,0,40,117
07/07/2004,HKY,NC,ASO,ES,Federal Contract Tower,0,4,22,0,26,0,2,62,0,64,0,6,84,0,90,26,4,30,120
07/08/2004,HKY,NC,ASO,ES,Federal Contract Tower,0,3,31,0,34,0,0,53,0,53,0,3,84,0,87,42,0,42,129
07/09/2004,HKY,NC,ASO,ES,Federal Contract Tower,0,4,30,0,34,0,0,44,0,44,0,4,74,0,78,24,0,24,102
07/10/2004,HKY,NC,ASO,ES,Federal Contract Tower,0,0,21,1,22,0,0,57,1,58,0,0,78,2,80,34,0,34,114
07/11/2004,HKY,NC,ASO,ES,Federal Contract Tower,0,1,25,0,26,0,0,50,0,50,0,1,75,0,76,22,0,22,98
07/12/2004,HKY,NC,ASO,ES,Federal Contract Tower,0,3,21,0,24,0,3,49,0,52,0,6,70,0,76,52,0,52,128
07/13/2004,HKY,NC,ASO,ES,Federal Contract Tower,0,5,36,0,41,0,0,69,0,69,0,5,105,0,110,54,0,54,164
07/14/2004,HKY,NC,ASO,ES,Federal Contract Tower,0,2,26,0,28,0,0,68,0,68,0,2,94,0,96,32,0,32,128
07/15/2004,HKY,NC,ASO,ES,Federal Contract Tower,0,2,39,0,41,0,0,47,0,47,0,2,86,0,88,42,0,42,130
07/16/2004,HKY,NC,ASO,ES,Federal Contract Tower,0,2,24,0,26,0,0,60,0,60,0,2,84,0,86,62,0,62,148
07/17/2004,HKY,NC,ASO,ES,Federal Contract Tower,0,2,16,0,18,0,3,20,0,23,0,5,36,0,41,32,0,32,73
07/18/2004,HKY,NC,ASO,ES,Federal Contract Tower,0,3,23,0,26,0,2,14,4,20,0,5,37,4,46,10,0,10,56
07/19/2004,HKY,NC,ASO,ES,Federal Contract Tower,0,4,30,0,34,0,5,41,0,46,0,9,71,0,80,30,0,30,110
07/20/2004,HKY,NC,ASO,ES,Federal Contract Tower,0,2,38,0,40,0,0,63,0,63,0,2,101,0,103,54,0,54,157
07/21/2004,HKY,NC,ASO,ES,Federal Contract Tower,0,5,34,0,39,0,5,64,0,69,0,10,98,0,108,40,0,40,148
07/22/2004,HKY,NC,ASO,ES,Federal Contract Tower,0,6,51,0,57,0,0,55,2,57,0,6,106,2,114,50,0,50,164
07/23/2004,HKY,NC,ASO,ES,Federal Contract Tower,0,3,28,0,31,0,0,79,0,79,0,3,107,0,110,70,0,70,180
07/24/2004,HKY,NC,ASO,ES,Federal Contract Tower,0,5,32,0,37,0,2,48,0,50,0,7,80,0,87,40,0,40,127
07/25/2004,HKY,NC,ASO,ES,Federal Contract Tower,0,5,37,0,42,0,3,25,0,28,0,8,62,0,70,0,0,0,70
07/26/2004,HKY,NC,ASO,ES,Federal Contract Tower,0,6,42,0,48,0,6,11,0,17,0,12,53,0,65,0,0,0,65
07/27/2004,HKY,NC,ASO,ES,Federal Contract Tower,0,4,32,0,36,0,1,30,0,31,0,5,62,0,67,88,0,88,155
07/28/2004,HKY,NC,ASO,ES,Federal Contract Tower,0,5,38,0,43,0,8,40,8,56,0,13,78,8,99,62,0,62,161
07/29/2004,HKY,NC,ASO,ES,Federal Contract Tower,0,5,45,0,50,0,0,33,0,33,0,5,78,0,83,2,0,2,85
07/30/2004,HKY,NC,ASO,ES,Federal Contract Tower,0,1,27,0,28,0,0,31,1,32,0,1,58,1,60,4,0,4,64
07/31/2004,HKY,NC,ASO,ES,Federal Contract Tower,0,2,18,0,20,0,0,20,6,26,0,2,38,6,46,4,0,4,50
08/01/2004,HKY,NC,ASO,ES,Federal Contract Tower,0,4,26,0,30,0,0,37,0,37,0,4,63,0,67,32,0,32,99
08/02/2004,HKY,NC,ASO,ES,Federal Contract Tower,0,2,21,0,23,0,0,24,10,34,0,2,45,10,57,26,0,26,83
08/03/2004,HKY,NC,ASO,ES,Federal Contract Tower,0,4,34,0,38,0,0,56,10,66,0,4,90,10,104,46,0,46,150
08/04/2004,HKY,NC,ASO,ES,Federal Contract Tower,0,4,25,0,29,0,0,72,5,77,0,4,97,5,106,92,0,92,198
08/05/2004,HKY,NC,ASO,ES,Federal Contract Tower,0,4,31,0,35,0,0,35,9,44,0,4,66,9,79,50,0,50,129
08/06/2004,HKY,NC,ASO,ES,Federal Contract Tower,0,3,22,0,25,0,0,86,0,86,0,3,108,0,111,38,0,38,149
08/07/2004,HKY,NC,ASO,ES,Federal Contract Tower,0,0,13,0,13,0,0,42,0,42,0,0,55,0,55,52,4,56,111
08/08/2004,HKY,NC,ASO,ES,Federal Contract Tower,0,4,26,0,30,0,5,87,0,92,0,9,113,0,122,14,0,14,136
08/09/2004,HKY,NC,ASO,ES,Federal Contract Tower,0,1,22,0,23,0,0,65,0,65,0,1,87,0,88,32,0,32,120
08/10/2004,HKY,NC,ASO,ES,Federal Contract Tower,0,4,20,0,24,0,1,62,0,63,0,5,82,0,87,64,0,64,151
08/11/2004,HKY,NC,ASO,ES,Federal Contract Tower,0,4,22,0,26,0,1,28,0,29,0,5,50,0,55,26,0,26,81
08/12/2004,HKY,NC,ASO,ES,Federal Contract Tower,0,0,22,0,22,0,0,7,0,7,0,0,29,0,29,0,0,0,29
08/13/2004,HKY,NC,ASO,ES,Federal Contract Tower,0,0,22,0,22,0,0,25,0,25,0,0,47,0,47,14,0,14,61
08/14/2004,HKY,NC,ASO,ES,Federal Contract Tower,0,0,19,0,19,0,0,5,0,5,0,0,24,0,24,2,0,2,26
08/15/2004,HKY,NC,ASO,ES,Federal Contract Tower,0,3,21,0,24,0,1,1,0,2,0,4,22,0,26,0,0,0,26
08/16/2004,HKY,NC,ASO,ES,Federal Contract Tower,0,1,35,0,36,0,0,43,0,43,0,1,78,0,79,4,0,4,83
08/17/2004,HKY,NC,ASO,ES,Federal Contract Tower,0,7,49,0,56,0,9,26,0,35,0,16,75,0,91,16,0,16,107
08/18/2004,HKY,NC,ASO,ES,Federal Contract Tower,0,5,38,0,43,0,3,51,0,54,0,8,89,0,97,20,0,20,117
08/19/2004,HKY,NC,ASO,ES,Federal Contract Tower,0,2,37,0,39,0,0,81,0,81,0,2,118,0,120,70,0,70,190
08/20/2004,HKY,NC,ASO,ES,Federal Contract Tower,0,2,32,0,34,0,0,43,0,43,0,2,75,0,77,22,0,22,99
08/21/2004,HKY,NC,ASO,ES,Federal Contract Tower,0,0,7,0,7,0,0,50,0,50,0,0,57,0,57,38,0,38,95
08/22/2004,HKY,NC,ASO,ES,Federal Contract Tower,0,5,38,0,43,0,9,19,0,28,0,14,57,0,71,12,0,12,83
08/23/2004,HKY,NC,ASO,ES,Federal Contract Tower,0,3,21,0,24,0,0,50,3,53,0,3,71,3,77,12,0,12,89
08/24/2004,HKY,NC,ASO,ES,Federal Contract Tower,0,5,39,0,44,0,5,7,2,14,0,10,46,2,58,4,0,4,62
08/25/2004,HKY,NC,ASO,ES,Federal Contract Tower,0,5,48,0,53,0,0,47,6,53,0,5,95,6,106,76,0,76,182
08/26/2004,HKY,NC,ASO,ES,Federal Contract Tower,0,2,28,0,30,0,0,43,4,47,0,2,71,4,77,22,0,22,99
08/27/2004,HKY,NC,ASO,ES,Federal Contract Tower,0,4,29,0,33,0,2,73,0,75,0,6,102,0,108,30,0,30,138
08/28/2004,HKY,NC,ASO,ES,Federal Contract Tower,0,2,20,0,22,0,1,42,0,43,0,3,62,0,65,16,0,16,81
08/29/2004,HKY,NC,ASO,ES,Federal Contract Tower,0,3,23,0,26,0,1,20,0,21,0,4,43,0,47,16,0,16,63
08/30/2004,HKY,NC,ASO,ES,Federal Contract Tower,0,0,17,0,17,0,0,64,0,64,0,0,81,0,81,20,0,20,101
08/31/2004,HKY,NC,ASO,ES,Federal Contract Tower,0,2,34,0,36,0,0,42,0,42,0,2,76,0,78,38,0,38,116
09/01/2004,HKY,NC,ASO,ES,Federal Contract Tower,0,2,41,0,43,0,0,40,0,40,0,2,81,0,83,38,0,38,121
09/02/2004,HKY,NC,ASO,ES,Federal Contract Tower,0,1,43,0,44,0,0,22,0,22,0,1,65,0,66,36,0,36,102
09/03/2004,HKY,NC,ASO,ES,Federal Contract Tower,0,0,40,0,40,0,0,38,0,38,0,0,78,0,78,14,0,14,92
09/04/2004,HKY,NC,ASO,ES,Federal Contract Tower,0,0,5,0,5,0,0,45,0,45,0,0,50,0,50,22,0,22,72
09/05/2004,HKY,NC,ASO,ES,Federal Contract Tower,0,0,9,0,9,0,0,33,0,33,0,0,42,0,42,10,0,10,52
09/06/2004,HKY,NC,ASO,ES,Federal Contract Tower,0,3,27,0,30,0,1,6,0,7,0,4,33,0,37,0,0,0,37
09/07/2004,HKY,NC,ASO,ES,Federal Contract Tower,0,3,23,0,26,0,3,0,0,3,0,6,23,0,29,0,0,0,29
09/08/2004,HKY,NC,ASO,ES,Federal Contract Tower,0,2,29,0,31,0,0,0,9,9,0,2,29,9,40,0,0,0,40
09/09/2004,HKY,NC,ASO,ES,Federal Contract Tower,0,0,30,1,31,0,0,51,22,73,0,0,81,23,104,38,0,38,142
09/10/2004,HKY,NC,ASO,ES,Federal Contract Tower,0,2,33,1,36,0,0,59,8,67,0,2,92,9,103,18,0,18,121
09/11/2004,HKY,NC,ASO,ES,Federal Contract Tower,0,1,20,1,22,0,1,42,0,43,0,2,62,1,65,26,0,26,91
09/12/2004,HKY,NC,ASO,ES,Federal Contract Tower,0,1,18,1,20,0,1,49,0,50,0,2,67,1,70,18,0,18,88
09/13/2004,HKY,NC,ASO,ES,Federal Contract Tower,0,0,23,1,24,0,0,59,1,60,0,0,82,2,84,24,0,24,108
09/14/2004,HKY,NC,ASO,ES,Federal Contract Tower,0,2,31,0,33,0,0,30,0,30,0,2,61,0,63,0,0,0,63
09/15/2004,HKY,NC,ASO,ES,Federal Contract Tower,0,1,29,1,31,0,0,12,3,15,0,1,41,4,46,2,0,2,48
09/16/2004,HKY,NC,ASO,ES,Federal Contract Tower,0,1,21,1,23,0,2,0,0,2,0,3,21,1,25,0,0,0,25
09/17/2004,HKY,NC,ASO,ES,Federal Contract Tower,0,0,9,0,9,0,2,0,0,2,0,2,9,0,11,0,0,0,11
09/18/2004,HKY,NC,ASO,ES,Federal Contract Tower,0,0,8,1,9,0,0,24,17,41,0,0,32,18,50,0,0,0,50
09/19/2004,HKY,NC,ASO,ES,Federal Contract Tower,0,1,27,0,28,0,0,33,11,44,0,1,60,11,72,4,0,4,76
09/20/2004,HKY,NC,ASO,ES,Federal Contract Tower,0,0,14,0,14,0,0,47,1,48,0,0,61,1,62,12,0,12,74
09/21/2004,HKY,NC,ASO,ES,Federal Contract Tower,0,2,30,0,32,0,3,72,3,78,0,5,102,3,110,40,0,40,150
09/22/2004,HKY,NC,ASO,ES,Federal Contract Tower,0,1,24,0,25,0,2,85,5,92,0,3,109,5,117,62,0,62,179
09/23/2004,HKY,NC,ASO,ES,Federal Contract Tower,0,2,35,0,37,0,3,68,14,85,0,5,103,14,122,42,0,42,164
09/24/2004,HKY,NC,ASO,ES,Federal Contract Tower,0,0,27,0,27,0,0,63,6,69,0,0,90,6,96,86,0,86,182
09/25/2004,HKY,NC,ASO,ES,Federal Contract Tower,0,0,17,0,17,0,0,43,0,43,0,0,60,0,60,22,0,22,82
09/26/2004,HKY,NC,ASO,ES,Federal Contract Tower,0,1,23,0,24,0,1,60,0,61,0,2,83,0,85,10,0,10,95
09/27/2004,HKY,NC,ASO,ES,Federal Contract Tower,0,0,4,0,4,0,0,0,0,0,0,0,4,0,4,0,0,0,4
09/28/2004,HKY,NC,ASO,ES,Federal Contract Tower,0,0,12,0,12,0,2,15,0,17,0,2,27,0,29,0,0,0,29
09/29/2004,HKY,NC,ASO,ES,Federal Contract Tower,0,0,30,0,30,0,0,77,1,78,0,0,107,1,108,84,0,84,192
09/30/2004,HKY,NC,ASO,ES,Federal Contract Tower,0,3,45,0,48,0,2,53,0,55,0,5,98,0,103,42,0,42,145
10/01/2004,HKY,NC,ASO,ES,Federal Contract Tower,0,0,37,0,37,0,0,13,0,13,0,0,50,0,50,16,0,16,66
10/02/2004,HKY,NC,ASO,ES,Federal Contract Tower,0,0,29,0,29,0,0,17,0,17,0,0,46,0,46,24,0,24,70
10/03/2004,HKY,NC,ASO,ES,Federal Contract Tower,0,2,29,2,33,0,0,34,0,34,0,2,63,2,67,14,0,14,81
10/04/2004,HKY,NC,ASO,ES,Federal Contract Tower,0,2,22,0,24,0,0,69,1,70,0,2,91,1,94,46,0,46,140
10/05/2004,HKY,NC,ASO,ES,Federal Contract Tower,0,0,35,0,35,0,0,46,1,47,0,0,81,1,82,46,0,46,128
10/06/2004,HKY,NC,ASO,ES,Federal Contract Tower,0,0,39,0,39,0,0,54,0,54,0,0,93,0,93,10,0,10,103
10/07/2004,HKY,NC,ASO,ES,Federal Contract Tower,0,1,30,0,31,0,0,48,0,48,0,1,78,0,79,16,0,16,95
10/08/2004,HKY,NC,ASO,ES,Federal Contract Tower,0,4,29,0,33,0,0,58,0,58,0,4,87,0,91,96,0,96,187
10/09/2004,HKY,NC,ASO,ES,Federal Contract Tower,0,4,23,0,27,0,0,61,0,61,0,4,84,0,88,60,0,60,148
10/10/2004,HKY,NC,ASO,ES,Federal Contract Tower,0,2,23,0,25,0,0,58,0,58,0,2,81,0,83,32,0,32,115
10/11/2004,HKY,NC,ASO,ES,Federal Contract Tower,0,0,16,0,16,0,0,52,0,52,0,0,68,0,68,38,0,38,106
10/12/2004,HKY,NC,ASO,ES,Federal Contract Tower,0,7,29,0,36,0,0,42,0,42,0,7,71,0,78,58,0,58,136
10/13/2004,HKY,NC,ASO,ES,Federal Contract Tower,0,3,26,0,29,0,0,20,0,20,0,3,46,0,49,20,0,20,69
10/14/2004,HKY,NC,ASO,ES,Federal Contract Tower,0,4,51,0,55,0,0,52,11,63,0,4,103,11,118,28,4,32,150
10/15/2004,HKY,NC,ASO,ES,Federal Contract Tower,0,4,37,0,41,0,0,50,0,50,0,4,87,0,91,16,0,16,107
10/16/2004,HKY,NC,ASO,ES,Federal Contract Tower,0,1,22,0,23,0,0,25,0,25,0,1,47,0,48,8,0,8,56
10/17/2004,HKY,NC,ASO,ES,Federal Contract Tower,0,2,31,0,33,0,0,46,0,46,0,2,77,0,79,36,0,36,115
10/18/2004,HKY,NC,ASO,ES,Federal Contract Tower,0,0,14,0,14,0,0,54,0,54,0,0,68,0,68,72,0,72,140
10/19/2004,HKY,NC,ASO,ES,Federal Contract Tower,0,4,20,0,24,0,0,0,0,0,0,4,20,0,24,0,0,0,24
10/20/2004,HKY,NC,ASO,ES,Federal Contract Tower,0,0,23,0,23,0,0,8,0,8,0,0,31,0,31,0,0,0,31
10/21/2004,HKY,NC,ASO,ES,Federal Contract Tower,0,5,51,0,56,0,0,18,0,18,0,5,69,0,74,0,0,0,74
10/22/2004,HKY,NC,ASO,ES,Federal Contract Tower,0,5,37,0,42,0,0,2,0,2,0,5,39,0,44,0,0,0,44
10/23/2004,HKY,NC,ASO,ES,Federal Contract Tower,0,2,28,1,31,0,0,11,0,11,0,2,39,1,42,0,0,0,42
10/24/2004,HKY,NC,ASO,ES,Federal Contract Tower,0,0,22,0,22,0,0,2,0,2,0,0,24,0,24,0,0,0,24
10/25/2004,HKY,NC,ASO,ES,Federal Contract Tower,0,0,19,0,19,0,0,40,0,40,0,0,59,0,59,8,0,8,67
10/26/2004,HKY,NC,ASO,ES,Federal Contract Tower,0,0,29,0,29,0,0,3,0,3,0,0,32,0,32,14,0,14,46
10/27/2004,HKY,NC,ASO,ES,Federal Contract Tower,0,2,33,0,35,0,0,1,0,1,0,2,34,0,36,0,0,0,36
10/28/2004,HKY,NC,ASO,ES,Federal Contract Tower,0,2,26,0,28,0,0,0,0,0,0,2,26,0,28,0,0,0,28
10/29/2004,HKY,NC,ASO,ES,Federal Contract Tower,0,2,19,2,23,0,0,0,0,0,0,2,19,2,23,0,0,0,23
10/30/2004,HKY,NC,ASO,ES,Federal Contract Tower,0,0,15,0,15,0,0,23,0,23,0,0,38,0,38,22,0,22,60
10/31/2004,HKY,NC,ASO,ES,Federal Contract Tower,0,2,22,0,24,0,0,45,0,45,0,2,67,0,69,30,0,30,99
11/01/2004,HKY,NC,ASO,ES,Federal Contract Tower,0,2,15,0,17,0,0,75,0,75,0,2,90,0,92,48,0,48,140
11/02/2004,HKY,NC,ASO,ES,Federal Contract Tower,0,2,33,2,37,0,0,19,0,19,0,2,52,2,56,0,4,4,60
11/03/2004,HKY,NC,ASO,ES,Federal Contract Tower,0,0,28,0,28,0,0,9,0,9,0,0,37,0,37,18,0,18,55
11/04/2004,HKY,NC,ASO,ES,Federal Contract Tower,0,0,37,0,37,0,0,1,0,1,0,0,38,0,38,0,0,0,38
11/05/2004,HKY,NC,ASO,ES,Federal Contract Tower,0,2,26,0,28,0,0,69,0,69,0,2,95,0,97,70,0,70,167
11/06/2004,HKY,NC,ASO,ES,Federal Contract Tower,0,0,12,0,12,0,0,60,0,60,0,0,72,0,72,32,0,32,104
11/07/2004,HKY,NC,ASO,ES,Federal Contract Tower,0,2,19,0,21,0,0,52,0,52,0,2,71,0,73,34,0,34,107
11/08/2004,HKY,NC,ASO,ES,Federal Contract Tower,0,0,19,0,19,0,0,49,0,49,0,0,68,0,68,26,0,26,94
11/09/2004,HKY,NC,ASO,ES,Federal Contract Tower,0,0,30,0,30,0,0,84,2,86,0,0,114,2,116,36,0,36,152
11/10/2004,HKY,NC,ASO,ES,Federal Contract Tower,0,0,25,0,25,0,0,54,2,56,0,0,79,2,81,36,0,36,117
11/11/2004,HKY,NC,ASO,ES,Federal Contract Tower,0,2,15,0,17,0,0,32,0,32,0,2,47,0,49,48,0,48,97
11/12/2004,HKY,NC,ASO,ES,Federal Contract Tower,0,0,8,0,8,0,0,0,0,0,0,0,8,0,8,0,0,0,8
11/13/2004,HKY,NC,ASO,ES,Federal Contract Tower,0,0,10,0,10,0,0,24,0,24,0,0,34,0,34,62,0,62,96
11/14/2004,HKY,NC,ASO,ES,Federal Contract Tower,0,4,11,0,15,0,0,60,0,60,0,4,71,0,75,34,0,34,109
11/15/2004,HKY,NC,ASO,ES,Federal Contract Tower,0,0,17,0,17,0,0,85,0,85,0,0,102,0,102,72,0,72,174
11/16/2004,HKY,NC,ASO,ES,Federal Contract Tower,0,3,33,0,36,0,0,70,0,70,0,3,103,0,106,64,0,64,170
11/17/2004,HKY,NC,ASO,ES,Federal Contract Tower,0,5,30,0,35,0,0,57,0,57,0,5,87,0,92,38,0,38,130
11/18/2004,HKY,NC,ASO,ES,Federal Contract Tower,0,2,39,0,41,0,0,54,0,54,0,2,93,0,95,38,0,38,133
11/19/2004,HKY,NC,ASO,ES,Federal Contract Tower,0,1,21,0,22,0,0,59,0,59,0,1,80,0,81,80,12,92,173
11/20/2004,HKY,NC,ASO,ES,Federal Contract Tower,0,2,17,0,19,0,0,4,0,4,0,2,21,0,23,24,0,24,47
11/21/2004,HKY,NC,ASO,ES,Federal Contract Tower,0,2,25,0,27,0,0,38,0,38,0,2,63,0,65,54,0,54,119
11/22/2004,HKY,NC,ASO,ES,Federal Contract Tower,0,1,23,0,24,0,0,45,0,45,0,1,68,0,69,80,0,80,149
11/23/2004,HKY,NC,ASO,ES,Federal Contract Tower,0,0,20,0,20,0,0,0,0,0,0,0,20,0,20,0,0,0,20
11/24/2004,HKY,NC,ASO,ES,Federal Contract Tower,0,2,24,0,26,0,0,1,0,1,0,2,25,0,27,0,0,0,27
11/25/2004,HKY,NC,ASO,ES,Federal Contract Tower,0,0,6,0,6,0,0,10,0,10,0,0,16,0,16,4,0,4,20
11/26/2004,HKY,NC,ASO,ES,Federal Contract Tower,0,3,19,0,22,0,0,49,0,49,0,3,68,0,71,70,0,70,141
11/27/2004,HKY,NC,ASO,ES,Federal Contract Tower,0,2,28,0,30,0,0,42,0,42,0,2,70,0,72,78,0,78,150
11/28/2004,HKY,NC,ASO,ES,Federal Contract Tower,0,0,23,0,23,0,0,31,0,31,0,0,54,0,54,64,0,64,118
11/29/2004,HKY,NC,ASO,ES,Federal Contract Tower,0,3,26,0,29,0,0,92,0,92,0,3,118,0,121,106,0,106,227
11/30/2004,HKY,NC,ASO,ES,Federal Contract Tower,0,0,31,0,31,0,0,60,0,60,0,0,91,0,91,78,0,78,169
12/01/2004,HKY,NC,ASO,ES,Federal Contract Tower,0,3,24,0,27,0,0,28,0,28,0,3,52,0,55,38,0,38,93
12/02/2004,HKY,NC,ASO,ES,Federal Contract Tower,0,0,17,0,17,0,0,74,0,74,0,0,91,0,91,64,0,64,155
12/03/2004,HKY,NC,ASO,ES,Federal Contract Tower,0,2,22,0,24,0,0,56,4,60,0,2,78,4,84,44,4,48,132
12/04/2004,HKY,NC,ASO,ES,Federal Contract Tower,0,0,10,0,10,0,0,60,0,60,0,0,70,0,70,78,0,78,148
12/05/2004,HKY,NC,ASO,ES,Federal Contract Tower,0,2,16,0,18,0,0,32,0,32,0,2,48,0,50,22,0,22,72
12/06/2004,HKY,NC,ASO,ES,Federal Contract Tower,0,0,25,0,25,0,0,5,0,5,0,0,30,0,30,6,0,6,36
12/07/2004,HKY,NC,ASO,ES,Federal Contract Tower,0,0,15,0,15,0,0,1,0,1,0,0,16,0,16,0,0,0,16
12/08/2004,HKY,NC,ASO,ES,Federal Contract Tower,0,0,25,0,25,0,0,77,6,83,0,0,102,6,108,82,0,82,190
12/09/2004,HKY,NC,ASO,ES,Federal Contract Tower,0,0,25,0,25,0,0,0,0,0,0,0,25,0,25,0,0,0,25
12/10/2004,HKY,NC,ASO,ES,Federal Contract Tower,0,0,21,0,21,0,0,5,0,5,0,0,26,0,26,0,0,0,26
12/11/2004,HKY,NC,ASO,ES,Federal Contract Tower,0,0,14,0,14,0,0,45,0,45,0,0,59,0,59,56,4,60,119
12/12/2004,HKY,NC,ASO,ES,Federal Contract Tower,0,1,22,0,23,0,0,55,0,55,0,1,77,0,78,64,0,64,142
12/13/2004,HKY,NC,ASO,ES,Federal Contract Tower,0,6,27,0,33,0,0,34,0,34,0,6,61,0,67,6,0,6,73
12/14/2004,HKY,NC,ASO,ES,Federal Contract Tower,0,4,22,0,26,0,0,16,0,16,0,4,38,0,42,8,0,8,50
12/15/2004,HKY,NC,ASO,ES,Federal Contract Tower,0,2,34,2,38,0,0,59,3,62,0,2,93,5,100,36,0,36,136
12/16/2004,HKY,NC,ASO,ES,Federal Contract Tower,0,0,25,0,25,0,0,61,0,61,0,0,86,0,86,94,0,94,180
12/17/2004,HKY,NC,ASO,ES,Federal Contract Tower,0,1,30,0,31,0,0,49,0,49,0,1,79,0,80,46,0,46,126
12/18/2004,HKY,NC,ASO,ES,Federal Contract Tower,0,3,18,0,21,0,0,72,0,72,0,3,90,0,93,20,0,20,113
12/19/2004,HKY,NC,ASO,ES,Federal Contract Tower,0,0,12,0,12,0,0,7,0,7,0,0,19,0,19,4,0,4,23
12/20/2004,HKY,NC,ASO,ES,Federal Contract Tower,0,0,11,0,11,0,0,12,0,12,0,0,23,0,23,0,0,0,23
12/21/2004,HKY,NC,ASO,ES,Federal Contract Tower,0,0,25,0,25,0,0,45,2,47,0,0,70,2,72,22,0,22,94
12/22/2004,HKY,NC,ASO,ES,Federal Contract Tower,0,0,19,0,19,0,0,27,0,27,0,0,46,0,46,64,0,64,110
12/23/2004,HKY,NC,ASO,ES,Federal Contract Tower,0,0,15,0,15,0,0,11,0,11,0,0,26,0,26,0,0,0,26
12/24/2004,HKY,NC,ASO,ES,Federal Contract Tower,0,0,8,0,8,0,0,9,0,9,0,0,17,0,17,4,0,4,21
12/25/2004,HKY,NC,ASO,ES,Federal Contract Tower,0,0,5,0,5,0,0,10,0,10,0,0,15,0,15,2,0,2,17
12/26/2004,HKY,NC,ASO,ES,Federal Contract Tower,0,1,18,0,19,0,0,12,0,12,0,1,30,0,31,14,0,14,45
12/27/2004,HKY,NC,ASO,ES,Federal Contract Tower,0,0,21,0,21,0,0,42,0,42,0,0,63,0,63,30,0,30,93
12/28/2004,HKY,NC,ASO,ES,Federal Contract Tower,0,1,13,4,18,0,0,51,0,51,0,1,64,4,69,72,6,78,147
12/29/2004,HKY,NC,ASO,ES,Federal Contract Tower,0,1,21,0,22,0,0,72,0,72,0,1,93,0,94,48,0,48,142
12/30/2004,HKY,NC,ASO,ES,Federal Contract Tower,0,1,21,0,22,0,0,103,0,103,0,1,124,0,125,102,0,102,227
12/31/2004,HKY,NC,ASO,ES,Federal Contract Tower,0,1,11,0,12,0,0,58,0,58,0,1,69,0,70,86,0,86,156
01/01/2005,HKY,NC,ASO,ES,Federal Contract Tower,0,1,13,0,14,0,0,49,0,49,0,1,62,0,63,38,0,38,101
01/02/2005,HKY,NC,ASO,ES,Federal Contract Tower,0,1,21,0,22,0,0,42,0,42,0,1,63,0,64,20,0,20,84
01/03/2005,HKY,NC,ASO,ES,Federal Contract Tower,0,0,21,0,21,0,0,38,0,38,0,0,59,0,59,48,0,48,107
01/04/2005,HKY,NC,ASO,ES,Federal Contract Tower,0,0,11,0,11,0,0,66,0,66,0,0,77,0,77,50,0,50,127
01/05/2005,HKY,NC,ASO,ES,Federal Contract Tower,0,0,19,0,19,0,0,39,0,39,0,0,58,0,58,88,0,88,146
01/06/2005,HKY,NC,ASO,ES,Federal Contract Tower,0,0,19,0,19,0,0,4,0,4,0,0,23,0,23,0,0,0,23
01/07/2005,HKY,NC,ASO,ES,Federal Contract Tower,0,0,29,0,29,0,0,49,0,49,0,0,78,0,78,40,0,40,118
01/08/2005,HKY,NC,ASO,ES,Federal Contract Tower,0,0,9,0,9,0,0,19,0,19,0,0,28,0,28,42,0,42,70
01/09/2005,HKY,NC,ASO,ES,Federal Contract Tower,0,0,19,0,19,0,0,46,0,46,0,0,65,0,65,58,0,58,123
01/10/2005,HKY,NC,ASO,ES,Federal Contract Tower,0,0,30,2,32,0,0,46,0,46,0,0,76,2,78,44,0,44,122
01/11/2005,HKY,NC,ASO,ES,Federal Contract Tower,0,0,21,0,21,0,0,50,0,50,0,0,71,0,71,62,0,62,133
01/12/2005,HKY,NC,ASO,ES,Federal Contract Tower,0,0,22,0,22,0,0,36,0,36,0,0,58,0,58,18,0,18,76
01/13/2005,HKY,NC,ASO,ES,Federal Contract Tower,0,0,19,0,19,0,0,24,0,24,0,0,43,0,43,18,0,18,61
01/14/2005,HKY,NC,ASO,ES,Federal Contract Tower,0,4,14,0,18,0,0,28,0,28,0,4,42,0,46,18,0,18,64
01/15/2005,HKY,NC,ASO,ES,Federal Contract Tower,0,0,5,0,5,0,0,48,0,48,0,0,53,0,53,56,0,56,109
01/16/2005,HKY,NC,ASO,ES,Federal Contract Tower,0,2,14,0,16,0,0,46,0,46,0,2,60,0,62,38,0,38,100
01/17/2005,HKY,NC,ASO,ES,Federal Contract Tower,0,2,18,0,20,0,0,39,0,39,0,2,57,0,59,16,0,16,75
01/18/2005,HKY,NC,ASO,ES,Federal Contract Tower,0,3,24,0,27,0,0,54,0,54,0,3,78,0,81,36,0,36,117
01/19/2005,HKY,NC,ASO,ES,Federal Contract Tower,0,0,26,0,26,0,0,34,0,34,0,0,60,0,60,20,0,20,80
01/20/2005,HKY,NC,ASO,ES,Federal Contract Tower,0,2,41,0,43,0,0,57,0,57,0,2,98,0,100,44,0,44,144
01/21/2005,HKY,NC,ASO,ES,Federal Contract Tower,0,0,28,0,28,0,0,0,0,0,0,0,28,0,28,26,0,26,54
01/22/2005,HKY,NC,ASO,ES,Federal Contract Tower,0,0,5,0,5,0,0,0,0,0,0,0,5,0,5,0,0,0,5
01/23/2005,HKY,NC,ASO,ES,Federal Contract Tower,0,0,8,0,8,0,0,3,0,3,0,0,11,0,11,0,0,0,11
01/24/2005,HKY,NC,ASO,ES,Federal Contract Tower,0,2,19,0,21,0,0,32,0,32,0,2,51,0,53,6,0,6,59
01/25/2005,HKY,NC,ASO,ES,Federal Contract Tower,0,0,36,0,36,0,0,85,0,85,0,0,121,0,121,48,0,48,169
01/26/2005,HKY,NC,ASO,ES,Federal Contract Tower,0,0,21,0,21,0,0,38,0,38,0,0,59,0,59,10,0,10,69
01/27/2005,HKY,NC,ASO,ES,Federal Contract Tower,0,2,21,0,23,0,0,64,0,64,0,2,85,0,87,32,0,32,119
01/28/2005,HKY,NC,ASO,ES,Federal Contract Tower,0,2,31,0,33,0,0,39,2,41,0,2,70,2,74,42,4,46,120
01/29/2005,HKY,NC,ASO,ES,Federal Contract Tower,0,2,0,0,2,0,0,0,0,0,0,2,0,0,2,0,0,0,2
01/30/2005,HKY,NC,ASO,ES,Federal Contract Tower,0,0,6,0,6,0,0,7,0,7,0,0,13,0,13,8,0,8,21
01/31/2005,HKY,NC,ASO,ES,Federal Contract Tower,0,1,17,0,18,0,0,31,2,33,0,1,48,2,51,16,0,16,67
02/01/2005,HKY,NC,ASO,ES,Federal Contract Tower,0,0,16,0,16,0,0,34,3,37,0,0,50,3,53,20,0,20,73
02/02/2005,HKY,NC,ASO,ES,Federal Contract Tower,0,0,19,0,19,0,0,49,0,49,0,0,68,0,68,106,0,106,174
02/03/2005,HKY,NC,ASO,ES,Federal Contract Tower,0,1,16,0,17,0,0,1,0,1,0,1,17,0,18,0,0,0,18
02/04/2005,HKY,NC,ASO,ES,Federal Contract Tower,0,1,16,0,17,0,0,67,0,67,0,1,83,0,84,90,0,90,174
02/05/2005,HKY,NC,ASO,ES,Federal Contract Tower,0,2,16,0,18,0,0,75,0,75,0,2,91,0,93,38,0,38,131
02/06/2005,HKY,NC,ASO,ES,Federal Contract Tower,0,2,14,0,16,0,0,35,0,35,0,2,49,0,51,20,0,20,71
02/07/2005,HKY,NC,ASO,ES,Federal Contract Tower,0,4,10,0,14,0,0,61,0,61,0,4,71,0,75,18,0,18,93
02/08/2005,HKY,NC,ASO,ES,Federal Contract Tower,0,0,19,0,19,0,0,24,0,24,0,0,43,0,43,4,0,4,47
02/09/2005,HKY,NC,ASO,ES,Federal Contract Tower,0,3,26,0,29,0,0,1,0,1,0,3,27,0,30,0,0,0,30
02/10/2005,HKY,NC,ASO,ES,Federal Contract Tower,0,0,33,0,33,0,0,13,0,13,0,0,46,0,46,2,0,2,48
02/11/2005,HKY,NC,ASO,ES,Federal Contract Tower,0,0,16,0,16,0,0,32,0,32,0,0,48,0,48,16,0,16,64
02/12/2005,HKY,NC,ASO,ES,Federal Contract Tower,0,0,18,0,18,0,0,67,0,67,0,0,85,0,85,52,0,52,137
02/13/2005,HKY,NC,ASO,ES,Federal Contract Tower,0,4,20,0,24,0,0,33,0,33,0,4,53,0,57,48,0,48,105
02/14/2005,HKY,NC,ASO,ES,Federal Contract Tower,0,0,15,0,15,0,0,1,0,1,0,0,16,0,16,0,0,0,16
02/15/2005,HKY,NC,ASO,ES,Federal Contract Tower,0,4,33,0,37,0,0,55,0,55,0,4,88,0,92,70,0,70,162
02/16/2005,HKY,NC,ASO,ES,Federal Contract Tower,0,0,18,0,18,0,0,40,0,40,0,0,58,0,58,28,0,28,86
02/17/2005,HKY,NC,ASO,ES,Federal Contract Tower,0,0,27,2,29,0,0,56,0,56,0,0,83,2,85,22,0,22,107
02/18/2005,HKY,NC,ASO,ES,Federal Contract Tower,0,0,13,0,13,0,0,68,0,68,0,0,81,0,81,24,0,24,105
02/19/2005,HKY,NC,ASO,ES,Federal Contract Tower,0,0,21,0,21,0,0,46,0,46,0,0,67,0,67,41,0,41,108
02/20/2005,HKY,NC,ASO,ES,Federal Contract Tower,0,0,27,0,27,0,0,14,0,14,0,0,41,0,41,26,0,26,67
02/21/2005,HKY,NC,ASO,ES,Federal Contract Tower,0,2,28,0,30,0,0,2,0,2,0,2,30,0,32,0,0,0,32
02/22/2005,HKY,NC,ASO,ES,Federal Contract Tower,0,0,23,0,23,0,0,59,0,59,0,0,82,0,82,48,0,48,130
02/23/2005,HKY,NC,ASO,ES,Federal Contract Tower,0,0,28,0,28,0,0,61,0,61,0,0,89,0,89,54,0,54,143
02/24/2005,HKY,NC,ASO,ES,Federal Contract Tower,0,0,17,0,17,0,0,22,0,22,0,0,39,0,39,2,0,2,41
02/25/2005,HKY,NC,ASO,ES,Federal Contract Tower,0,1,30,0,31,0,0,62,2,64,0,1,92,2,95,88,4,92,187
02/26/2005,HKY,NC,ASO,ES,Federal Contract Tower,0,1,21,0,22,0,0,59,0,59,0,1,80,0,81,46,0,46,127
02/27/2005,HKY,NC,ASO,ES,Federal Contract Tower,0,0,14,0,14,0,0,22,0,22,0,0,36,0,36,22,0,22,58
02/28/2005,HKY,NC,ASO,ES,Federal Contract Tower,0,2,10,0,12,0,0,0,0,0,0,2,10,0,12,0,0,0,12
03/01/2005,HKY,NC,ASO,ES,Federal Contract Tower,0,6,15,0,21,0,0,12,1,13,0,6,27,1,34,0,0,0,34
03/02/2005,HKY,NC,ASO,ES,Federal Contract Tower,0,2,21,0,23,0,0,65,1,66,0,2,86,1,89,32,0,32,121
03/03/2005,HKY,NC,ASO,ES,Federal Contract Tower,0,0,42,0,42,0,0,53,0,53,0,0,95,0,95,40,0,40,135
03/04/2005,HKY,NC,ASO,ES,Federal Contract Tower,0,0,17,0,17,0,0,73,0,73,0,0,90,0,90,62,0,62,152
03/05/2005,HKY,NC,ASO,ES,Federal Contract Tower,0,1,12,0,13,0,0,16,0,16,0,1,28,0,29,12,0,12,41
03/06/2005,HKY,NC,ASO,ES,Federal Contract Tower,0,1,17,0,18,0,0,48,0,48,0,1,65,0,66,42,0,42,108
03/07/2005,HKY,NC,ASO,ES,Federal Contract Tower,0,0,23,0,23,0,0,40,0,40,0,0,63,0,63,34,0,34,97
03/08/2005,HKY,NC,ASO,ES,Federal Contract Tower,0,0,15,0,15,0,0,14,0,14,0,0,29,0,29,0,0,0,29
03/09/2005,HKY,NC,ASO,ES,Federal Contract Tower,0,1,20,0,21,0,0,66,0,66,0,1,86,0,87,58,0,58,145
03/10/2005,HKY,NC,ASO,ES,Federal Contract Tower,0,0,17,0,17,0,0,65,0,65,0,0,82,0,82,58,0,58,140
03/11/2005,HKY,NC,ASO,ES,Federal Contract Tower,0,3,23,0,26,0,0,38,0,38,0,3,61,0,64,34,0,34,98
03/12/2005,HKY,NC,ASO,ES,Federal Contract Tower,0,2,8,0,10,0,0,18,1,19,0,2,26,1,29,4,0,4,33
03/13/2005,HKY,NC,ASO,ES,Federal Contract Tower,0,4,14,0,18,0,0,44,1,45,0,4,58,1,63,16,0,16,79
03/14/2005,HKY,NC,ASO,ES,Federal Contract Tower,0,0,31,0,31,0,0,28,0,28,0,0,59,0,59,40,0,40,99
03/15/2005,HKY,NC,ASO,ES,Federal Contract Tower,0,2,27,0,29,0,0,73,0,73,0,2,100,0,102,44,0,44,146
03/16/2005,HKY,NC,ASO,ES,Federal Contract Tower,0,0,20,0,20,0,0,0,0,0,0,0,20,0,20,0,0,0,20
03/17/2005,HKY,NC,ASO,ES,Federal Contract Tower,0,0,13,0,13,0,0,5,0,5,0,0,18,0,18,2,0,2,20
03/18/2005,HKY,NC,ASO,ES,Federal Contract Tower,0,0,25,0,25,0,0,64,0,64,0,0,89,0,89,58,0,58,147
03/19/2005,HKY,NC,ASO,ES,Federal Contract Tower,0,0,15,0,15,0,0,46,0,46,0,0,61,0,61,28,0,28,89
03/20/2005,HKY,NC,ASO,ES,Federal Contract Tower,0,0,15,0,15,0,0,37,0,37,0,0,52,0,52,20,0,20,72
03/21/2005,HKY,NC,ASO,ES,Federal Contract Tower,0,0,23,0,23,0,0,43,0,43,0,0,66,0,66,42,0,42,108
03/22/2005,HKY,NC,ASO,ES,Federal Contract Tower,0,0,27,0,27,0,0,17,0,17,0,0,44,0,44,36,0,36,80
03/23/2005,HKY,NC,ASO,ES,Federal Contract Tower,0,0,16,0,16,0,0,39,0,39,0,0,55,0,55,10,0,10,65
03/24/2005,HKY,NC,ASO,ES,Federal Contract Tower,0,0,29,0,29,0,0,68,0,68,0,0,97,0,97,60,0,60,157
03/25/2005,HKY,NC,ASO,ES,Federal Contract Tower,0,2,21,0,23,0,0,41,0,41,0,2,62,0,64,50,0,50,114
03/26/2005,HKY,NC,ASO,ES,Federal Contract Tower,0,0,29,0,29,0,0,6,0,6,0,0,35,0,35,0,0,0,35
03/27/2005,HKY,NC,ASO,ES,Federal Contract Tower,0,0,6,0,6,0,0,0,0,0,0,0,6,0,6,0,0,0,6
03/28/2005,HKY,NC,ASO,ES,Federal Contract Tower,0,0,25,0,25,0,0,10,0,10,0,0,35,0,35,16,0,16,51
03/29/2005,HKY,NC,ASO,ES,Federal Contract Tower,0,1,26,0,27,0,0,72,0,72,0,1,98,0,99,46,0,46,145
03/30/2005,HKY,NC,ASO,ES,Federal Contract Tower,0,0,12,0,12,0,0,79,0,79,0,0,91,0,91,70,0,70,161
03/31/2005,HKY,NC,ASO,ES,Federal Contract Tower,0,0,33,0,33,0,0,25,0,25,0,0,58,0,58,36,0,36,94
04/01/2005,HKY,NC,ASO,ES,Federal Contract Tower,0,0,26,0,26,0,0,0,0,0,0,0,26,0,26,0,0,0,26
04/02/2005,HKY,NC,ASO,ES,Federal Contract Tower,0,1,17,0,18,0,0,2,0,2,0,1,19,0,20,18,0,18,38
04/03/2005,HKY,NC,ASO,ES,Federal Contract Tower,0,3,21,0,24,0,0,23,0,23,0,3,44,0,47,0,0,0,47
04/04/2005,HKY,NC,ASO,ES,Federal Contract Tower,0,0,22,0,22,0,0,61,0,61,0,0,83,0,83,32,0,32,115
04/05/2005,HKY,NC,ASO,ES,Federal Contract Tower,0,3,24,0,27,0,0,85,0,85,0,3,109,0,112,40,0,40,152
04/06/2005,HKY,NC,ASO,ES,Federal Contract Tower,0,2,23,0,25,0,0,83,0,83,0,2,106,0,108,76,0,76,184
04/07/2005,HKY,NC,ASO,ES,Federal Contract Tower,0,0,21,0,21,0,0,4,0,4,0,0,25,0,25,0,0,0,25
04/08/2005,HKY,NC,ASO,ES,Federal Contract Tower,0,2,19,0,21,0,0,21,0,21,0,2,40,0,42,28,0,28,70
04/09/2005,HKY,NC,ASO,ES,Federal Contract Tower,0,0,12,0,12,0,0,49,0,49,0,0,61,0,61,24,0,24,85
04/10/2005,HKY,NC,ASO,ES,Federal Contract Tower,0,0,11,0,11,0,0,73,0,73,0,0,84,0,84,40,0,40,124
04/11/2005,HKY,NC,ASO,ES,Federal Contract Tower,0,0,13,0,13,0,0,39,0,39,0,0,52,0,52,52,0,52,104
04/12/2005,HKY,NC,ASO,ES,Federal Contract Tower,0,2,22,0,24,0,0,31,0,31,0,2,53,0,55,16,0,16,71
04/13/2005,HKY,NC,ASO,ES,Federal Contract Tower,0,1,24,0,25,0,0,0,0,0,0,1,24,0,25,0,0,0,25
04/14/2005,HKY,NC,ASO,ES,Federal Contract Tower,0,3,23,0,26,0,0,52,0,52,0,3,75,0,78,0,0,0,78
04/15/2005,HKY,NC,ASO,ES,Federal Contract Tower,0,2,13,0,15,0,0,50,0,50,0,2,63,0,65,20,0,20,85
04/16/2005,HKY,NC,ASO,ES,Federal Contract Tower,0,0,7,0,7,0,0,32,0,32,0,0,39,0,39,4,0,4,43
04/17/2005,HKY,NC,ASO,ES,Federal Contract Tower,0,0,16,0,16,0,0,55,0,55,0,0,71,0,71,2,0,2,73
04/18/2005,HKY,NC,ASO,ES,Federal Contract Tower,0,0,18,0,18,0,0,62,0,62,0,0,80,0,80,30,0,30,110
04/19/2005,HKY,NC,ASO,ES,Federal Contract Tower,0,0,25,0,25,0,0,67,0,67,0,0,92,0,92,26,0,26,118
04/20/2005,HKY,NC,ASO,ES,Federal Contract Tower,0,1,24,0,25,0,0,77,0,77,0,1,101,0,102,42,0,42,144
04/21/2005,HKY,NC,ASO,ES,Federal Contract Tower,0,0,25,0,25,0,0,46,0,46,0,0,71,0,71,16,0,16,87
04/22/2005,HKY,NC,ASO,ES,Federal Contract Tower,0,2,18,0,20,0,0,12,0,12,0,2,30,0,32,18,0,18,50
04/23/2005,HKY,NC,ASO,ES,Federal Contract Tower,0,0,3,0,3,0,0,18,0,18,0,0,21,0,21,12,6,18,39
04/24/2005,HKY,NC,ASO,ES,Federal Contract Tower,0,0,14,0,14,0,0,17,0,17,0,0,31,0,31,4,0,4,35
04/25/2005,HKY,NC,ASO,ES,Federal Contract Tower,0,0,27,0,27,0,0,49,0,49,0,0,76,0,76,28,0,28,104
04/26/2005,HKY,NC,ASO,ES,Federal Contract Tower,0,3,35,0,38,0,0,14,0,14,0,3,49,0,52,14,0,14,66
04/27/2005,HKY,NC,ASO,ES,Federal Contract Tower,0,1,18,0,19,0,0,48,8,56,0,1,66,8,75,30,0,30,105
04/28/2005,HKY,NC,ASO,ES,Federal Contract Tower,0,3,28,0,31,0,0,63,0,63,0,3,91,0,94,30,0,30,124
04/29/2005,HKY,NC,ASO,ES,Federal Contract Tower,0,4,13,0,17,0,0,28,0,28,0,4,41,0,45,20,0,20,65
04/30/2005,HKY,NC,ASO,ES,Federal Contract Tower,0,3,19,0,22,0,0,15,0,15,0,3,34,0,37,4,0,4,41
05/01/2005,HKY,NC,ASO,ES,Federal Contract Tower,0,7,26,0,33,0,0,55,0,55,0,7,81,0,88,14,0,14,102
05/02/2005,HKY,NC,ASO,ES,Federal Contract Tower,0,9,16,0,25,0,0,63,0,63,0,9,79,0,88,20,0,20,108
05/03/2005,HKY,NC,ASO,ES,Federal Contract Tower,0,7,39,0,46,0,0,65,0,65,0,7,104,0,111,8,0,8,119
05/04/2005,HKY,NC,ASO,ES,Federal Contract Tower,0,8,32,0,40,0,0,55,0,55,0,8,87,0,95,36,0,36,131
05/05/2005,HKY,NC,ASO,ES,Federal Contract Tower,0,6,28,0,34,0,0,13,0,13,0,6,41,0,47,0,0,0,47
05/06/2005,HKY,NC,ASO,ES,Federal Contract Tower,0,6,35,0,41,0,0,72,0,72,0,6,107,0,113,38,0,38,151
05/07/2005,HKY,NC,ASO,ES,Federal Contract Tower,0,3,11,0,14,0,0,73,5,78,0,3,84,5,92,46,16,62,154
05/08/2005,HKY,NC,ASO,ES,Federal Contract Tower,0,5,27,0,32,0,0,32,0,32,0,5,59,0,64,14,0,14,78
05/09/2005,HKY,NC,ASO,ES,Federal Contract Tower,0,7,20,0,27,0,0,62,0,62,0,7,82,0,89,34,0,34,123
05/10/2005,HKY,NC,ASO,ES,Federal Contract Tower,0,7,16,0,23,0,0,40,0,40,0,7,56,0,63,56,0,56,119
05/11/2005,HKY,NC,ASO,ES,Federal Contract Tower,0,5,28,0,33,0,0,64,0,64,0,5,92,0,97,54,0,54,151
05/12/2005,HKY,NC,ASO,ES,Federal Contract Tower,0,8,23,0,31,0,0,57,0,57,0,8,80,0,88,56,0,56,144
05/13/2005,HKY,NC,ASO,ES,Federal Contract Tower,0,5,33,0,38,0,0,6,0,6,0,5,39,0,44,20,0,20,64
05/14/2005,HKY,NC,ASO,ES,Federal Contract Tower,0,5,14,0,19,0,0,35,0,35,0,5,49,0,54,40,0,40,94
05/15/2005,HKY,NC,ASO,ES,Federal Contract Tower,0,9,18,0,27,0,0,18,0,18,0,9,36,0,45,8,0,8,53
05/16/2005,HKY,NC,ASO,ES,Federal Contract Tower,0,7,16,0,23,0,0,80,0,80,0,7,96,0,103,82,0,82,185
05/17/2005,HKY,NC,ASO,ES,Federal Contract Tower,0,8,33,0,41,0,0,47,0,47,0,8,80,0,88,60,0,60,148
05/18/2005,HKY,NC,ASO,ES,Federal Contract Tower,0,5,41,0,46,0,0,69,0,69,0,5,110,0,115,74,0,74,189
05/19/2005,HKY,NC,ASO,ES,Federal Contract Tower,0,4,31,0,35,0,0,40,0,40,0,4,71,0,75,18,0,18,93
05/20/2005,HKY,NC,ASO,ES,Federal Contract Tower,0,2,26,0,28,0,0,27,0,27,0,2,53,0,55,2,0,2,57
05/21/2005,HKY,NC,ASO,ES,Federal Contract Tower,0,6,17,0,23,0,0,105,0,105,0,6,122,0,128,52,0,52,180
05/22/2005,HKY,NC,ASO,ES,Federal Contract Tower,0,7,16,0,23,0,0,51,0,51,0,7,67,0,74,46,0,46,120
05/23/2005,HKY,NC,ASO,ES,Federal Contract Tower,0,6,28,0,34,0,0,34,0,34,0,6,62,0,68,12,0,12,80
05/24/2005,HKY,NC,ASO,ES,Federal Contract Tower,0,11,25,0,36,0,0,53,0,53,0,11,78,0,89,8,0,8,97
05/25/2005,HKY,NC,ASO,ES,Federal Contract Tower,0,7,36,0,43,0,0,85,0,85,0,7,121,0,128,44,0,44,172
05/26/2005,HKY,NC,ASO,ES,Federal Contract Tower,0,5,44,0,49,0,0,88,0,88,0,5,132,0,137,48,0,48,185
05/27/2005,HKY,NC,ASO,ES,Federal Contract Tower,0,7,42,0,49,0,0,88,0,88,0,7,130,0,137,54,0,54,191
05/28/2005,HKY,NC,ASO,ES,Federal Contract Tower,0,4,19,0,23,0,0,45,0,45,0,4,64,0,68,36,0,36,104
05/29/2005,HKY,NC,ASO,ES,Federal Contract Tower,0,7,14,0,21,0,0,51,0,51,0,7,65,0,72,34,0,34,106
05/30/2005,HKY,NC,ASO,ES,Federal Contract Tower,0,6,28,0,34,0,0,45,0,45,0,6,73,0,79,62,0,62,141
05/31/2005,HKY,NC,ASO,ES,Federal Contract Tower,0,6,24,0,30,0,0,52,0,52,0,6,76,0,82,44,0,44,126
06/01/2005,HKY,NC,ASO,ES,Federal Contract Tower,0,9,48,0,57,0,0,1,0,1,0,9,49,0,58,0,0,0,58
06/02/2005,HKY,NC,ASO,ES,Federal Contract Tower,0,7,39,0,46,0,0,0,0,0,0,7,39,0,46,0,0,0,46
06/03/2005,HKY,NC,ASO,ES,Federal Contract Tower,0,7,39,0,46,0,0,0,0,0,0,7,39,0,46,0,0,0,46
06/04/2005,HKY,NC,ASO,ES,Federal Contract Tower,0,5,21,0,26,0,0,14,0,14,0,5,35,0,40,24,0,24,64
06/05/2005,HKY,NC,ASO,ES,Federal Contract Tower,0,9,34,0,43,0,0,66,0,66,0,9,100,0,109,76,0,76,185
06/06/2005,HKY,NC,ASO,ES,Federal Contract Tower,0,11,25,0,36,0,0,45,0,45,0,11,70,0,81,26,0,26,107
06/07/2005,HKY,NC,ASO,ES,Federal Contract Tower,0,7,45,0,52,0,0,41,2,43,0,7,86,2,95,10,0,10,105
06/08/2005,HKY,NC,ASO,ES,Federal Contract Tower,0,6,29,0,35,0,0,40,0,40,0,6,69,0,75,28,0,28,103
06/09/2005,HKY,NC,ASO,ES,Federal Contract Tower,0,5,43,0,48,0,0,22,0,22,0,5,65,0,70,22,0,22,92
06/10/2005,HKY,NC,ASO,ES,Federal Contract Tower,0,5,32,0,37,0,0,2,0,2,0,5,34,0,39,0,0,0,39
06/11/2005,HKY,NC,ASO,ES,Federal Contract Tower,0,3,12,0,15,0,0,20,0,20,0,3,32,0,35,52,0,52,87
06/12/2005,HKY,NC,ASO,ES,Federal Contract Tower,0,6,30,0,36,0,0,23,0,23,0,6,53,0,59,2,0,2,61
06/13/2005,HKY,NC,ASO,ES,Federal Contract Tower,0,7,24,0,31,0,0,33,0,33,0,7,57,0,64,12,0,12,76
06/14/2005,HKY,NC,ASO,ES,Federal Contract Tower,0,5,31,0,36,0,0,60,11,71,0,5,91,11,107,18,0,18,125
06/15/2005,HKY,NC,ASO,ES,Federal Contract Tower,0,8,31,0,39,0,0,83,6,89,0,8,114,6,128,34,0,34,162
06/16/2005,HKY,NC,ASO,ES,Federal Contract Tower,0,11,38,0,49,0,0,91,0,91,0,11,129,0,140,64,0,64,204
06/17/2005,HKY,NC,ASO,ES,Federal Contract Tower,0,6,41,1,48,0,0,64,9,73,0,6,105,10,121,44,0,44,165
06/18/2005,HKY,NC,ASO,ES,Federal Contract Tower,0,5,26,0,31,0,0,65,0,65,0,5,91,0,96,34,0,34,130
06/19/2005,HKY,NC,ASO,ES,Federal Contract Tower,0,10,35,0,45,0,0,28,0,28,0,10,63,0,73,32,0,32,105
06/20/2005,HKY,NC,ASO,ES,Federal Contract Tower,0,6,31,0,37,0,0,35,0,35,0,6,66,0,72,60,0,60,132
06/21/2005,HKY,NC,ASO,ES,Federal Contract Tower,0,5,42,0,47,0,0,54,0,54,0,5,96,0,101,30,0,30,131
06/22/2005,HKY,NC,ASO,ES,Federal Contract Tower,0,6,42,0,48,0,0,87,3,90,0,6,129,3,138,42,0,42,180
06/23/2005,HKY,NC,ASO,ES,Federal Contract Tower,0,5,40,0,45,0,0,90,2,92,0,5,130,2,137,74,0,74,211
06/24/2005,HKY,NC,ASO,ES,Federal Contract Tower,0,9,39,0,48,0,0,67,2,69,0,9,106,2,117,70,0,70,187
06/25/2005,HKY,NC,ASO,ES,Federal Contract Tower,0,9,38,0,47,0,0,35,0,35,0,9,73,0,82,54,0,54,136
06/26/2005,HKY,NC,ASO,ES,Federal Contract Tower,0,9,26,0,35,0,0,33,0,33,0,9,59,0,68,26,0,26,94
06/27/2005,HKY,NC,ASO,ES,Federal Contract Tower,0,8,38,2,48,0,0,25,3,28,0,8,63,5,76,18,0,18,94
06/28/2005,HKY,NC,ASO,ES,Federal Contract Tower,0,13,34,0,47,0,0,39,0,39,0,13,73,0,86,0,0,0,86
06/29/2005,HKY,NC,ASO,ES,Federal Contract Tower,0,6,37,0,43,0,0,41,0,41,0,6,78,0,84,12,0,12,96
06/30/2005,HKY,NC,ASO,ES,Federal Contract Tower,0,5,54,0,59,0,0,49,2,51,0,5,103,2,110,44,0,44,154
07/01/2005,HKY,NC,ASO,ES,Federal Contract Tower,0,8,36,0,44,0,0,62,0,62,0,8,98,0,106,58,0,58,164
07/02/2005,HKY,NC,ASO,ES,Federal Contract Tower,0,6,28,0,34,0,0,8,0,8,0,6,36,0,42,12,0,12,54
07/03/2005,HKY,NC,ASO,ES,Federal Contract Tower,0,6,5,0,11,0,0,5,0,5,0,6,10,0,16,0,0,0,16
07/04/2005,HKY,NC,ASO,ES,Federal Contract Tower,0,6,14,0,20,0,0,2,0,2,0,6,16,0,22,4,0,4,26
07/05/2005,HKY,NC,ASO,ES,Federal Contract Tower,0,9,28,0,37,0,0,44,0,44,0,9,72,0,81,12,0,12,93
07/06/2005,HKY,NC,ASO,ES,Federal Contract Tower,0,9,23,0,32,0,0,38,0,38,0,9,61,0,70,38,0,38,108
07/07/2005,HKY,NC,ASO,ES,Federal Contract Tower,0,10,27,0,37,0,0,6,0,6,0,10,33,0,43,0,0,0,43
07/08/2005,HKY,NC,ASO,ES,Federal Contract Tower,0,10,25,0,35,0,0,87,0,87,0,10,112,0,122,44,0,44,166
07/09/2005,HKY,NC,ASO,ES,Federal Contract Tower,0,6,14,0,20,0,0,64,0,64,0,6,78,0,84,46,0,46,130
07/10/2005,HKY,NC,ASO,ES,Federal Contract Tower,0,5,21,0,26,0,0,30,0,30,0,5,51,0,56,26,0,26,82
07/11/2005,HKY,NC,ASO,ES,Federal Contract Tower,0,5,21,0,26,0,0,16,0,16,0,5,37,0,42,0,0,0,42
07/12/2005,HKY,NC,ASO,ES,Federal Contract Tower,0,4,31,0,35,0,0,36,2,38,0,4,67,2,73,22,0,22,95
07/13/2005,HKY,NC,ASO,ES,Federal Contract Tower,0,9,35,0,44,0,0,39,4,43,0,9,74,4,87,32,0,32,119
07/14/2005,HKY,NC,ASO,ES,Federal Contract Tower,0,6,70,0,76,0,0,10,2,12,0,6,80,2,88,56,0,56,144
07/15/2005,HKY,NC,ASO,ES,Federal Contract Tower,0,9,40,0,49,0,0,23,0,23,0,9,63,0,72,2,0,2,74
07/16/2005,HKY,NC,ASO,ES,Federal Contract Tower,0,3,15,0,18,0,0,25,0,25,0,3,40,0,43,4,0,4,47
07/17/2005,HKY,NC,ASO,ES,Federal Contract Tower,0,6,29,0,35,0,0,27,0,27,0,6,56,0,62,14,0,14,76
07/18/2005,HKY,NC,ASO,ES,Federal Contract Tower,0,10,23,0,33,0,0,47,0,47,0,10,70,0,80,20,0,20,100
07/19/2005,HKY,NC,ASO,ES,Federal Contract Tower,0,7,38,0,45,0,0,29,2,31,0,7,67,2,76,26,0,26,102
07/20/2005,HKY,NC,ASO,ES,Federal Contract Tower,0,4,34,0,38,0,0,51,0,51,0,4,85,0,89,46,0,46,135
07/21/2005,HKY,NC,ASO,ES,Federal Contract Tower,0,6,40,0,46,0,0,59,0,59,0,6,99,0,105,16,0,16,121
07/22/2005,HKY,NC,ASO,ES,Federal Contract Tower,0,11,35,0,46,0,0,43,2,45,0,11,78,2,91,36,0,36,127
07/23/2005,HKY,NC,ASO,ES,Federal Contract Tower,0,4,16,0,20,0,0,37,0,37,0,4,53,0,57,8,0,8,65
07/24/2005,HKY,NC,ASO,ES,Federal Contract Tower,0,6,36,0,42,0,0,34,0,34,0,6,70,0,76,14,0,14,90
07/25/2005,HKY,NC,ASO,ES,Federal Contract Tower,0,7,22,0,29,0,0,42,6,48,0,7,64,6,77,12,0,12,89
07/26/2005,HKY,NC,ASO,ES,Federal Contract Tower,0,8,39,0,47,0,0,55,4,59,0,8,94,4,106,38,0,38,144
07/27/2005,HKY,NC,ASO,ES,Federal Contract Tower,0,8,38,0,46,0,0,56,2,58,0,8,94,2,104,6,0,6,110
07/28/2005,HKY,NC,ASO,ES,Federal Contract Tower,0,13,30,0,43,0,0,45,0,45,0,13,75,0,88,26,0,26,114
07/29/2005,HKY,NC,ASO,ES,Federal Contract Tower,0,7,39,8,54,0,0,1,0,1,0,7,40,8,55,0,0,0,55
07/30/2005,HKY,NC,ASO,ES,Federal Contract Tower,0,7,25,0,32,0,0,0,0,0,0,7,25,0,32,0,0,0,32
07/31/2005,HKY,NC,ASO,ES,Federal Contract Tower,0,7,36,0,43,0,0,5,0,5,0,7,41,0,48,2,0,2,50
08/01/2005,HKY,NC,ASO,ES,Federal Contract Tower,0,9,38,1,48,0,0,36,0,36,0,9,74,1,84,34,0,34,118
08/02/2005,HKY,NC,ASO,ES,Federal Contract Tower,0,5,32,0,37,0,0,60,4,64,0,5,92,4,101,60,4,64,165
08/03/2005,HKY,NC,ASO,ES,Federal Contract Tower,0,7,36,0,43,0,0,53,0,53,0,7,89,0,96,58,0,58,154
08/04/2005,HKY,NC,ASO,ES,Federal Contract Tower,0,5,31,0,36,0,0,86,2,88,0,5,117,2,124,54,0,54,178
08/05/2005,HKY,NC,ASO,ES,Federal Contract Tower,0,2,48,0,50,0,0,32,0,32,0,2,80,0,82,32,0,32,114
08/06/2005,HKY,NC,ASO,ES,Federal Contract Tower,0,7,19,0,26,0,0,33,0,33,0,7,52,0,59,18,0,18,77
08/07/2005,HKY,NC,ASO,ES,Federal Contract Tower,0,6,38,0,44,0,0,4,0,4,0,6,42,0,48,0,0,0,48
08/08/2005,HKY,NC,ASO,ES,Federal Contract Tower,0,6,34,0,40,0,0,30,0,30,0,6,64,0,70,42,0,42,112
08/09/2005,HKY,NC,ASO,ES,Federal Contract Tower,0,6,24,0,30,0,0,33,0,33,0,6,57,0,63,26,0,26,89
08/10/2005,HKY,NC,ASO,ES,Federal Contract Tower,2,12,57,0,71,0,0,54,0,54,2,12,111,0,125,40,0,40,165
08/11/2005,HKY,NC,ASO,ES,Federal Contract Tower,0,5,41,0,46,0,0,57,0,57,0,5,98,0,103,20,0,20,123
08/12/2005,HKY,NC,ASO,ES,Federal Contract Tower,0,9,27,0,36,0,0,38,0,38,0,9,65,0,74,56,0,56,130
08/13/2005,HKY,NC,ASO,ES,Federal Contract Tower,0,7,18,0,25,0,0,28,0,28,0,7,46,0,53,24,0,24,77
08/14/2005,HKY,NC,ASO,ES,Federal Contract Tower,0,7,26,0,33,0,0,35,0,35,0,7,61,0,68,10,0,10,78
08/15/2005,HKY,NC,ASO,ES,Federal Contract Tower,0,11,26,0,37,0,0,58,0,58,0,11,84,0,95,30,0,30,125
08/16/2005,HKY,NC,ASO,ES,Federal Contract Tower,0,2,37,0,39,0,0,39,0,39,0,2,76,0,78,14,0,14,92
08/17/2005,HKY,NC,ASO,ES,Federal Contract Tower,0,5,37,0,42,0,0,35,0,35,0,5,72,0,77,26,0,26,103
08/18/2005,HKY,NC,ASO,ES,Federal Contract Tower,0,8,54,0,62,0,0,0,0,0,0,8,54,0,62,0,0,0,62
08/19/2005,HKY,NC,ASO,ES,Federal Contract Tower,0,6,30,0,36,0,0,11,2,13,0,6,41,2,49,22,8,30,79
08/20/2005,HKY,NC,ASO,ES,Federal Contract Tower,0,7,9,0,16,0,0,19,0,19,0,7,28,0,35,26,0,26,61
08/21/2005,HKY,NC,ASO,ES,Federal Contract Tower,0,6,28,0,34,0,0,50,0,50,0,6,78,0,84,4,0,4,88
08/22/2005,HKY,NC,ASO,ES,Federal Contract Tower,0,7,30,0,37,0,0,22,0,22,0,7,52,0,59,14,0,14,73
08/23/2005,HKY,NC,ASO,ES,Federal Contract Tower,0,4,26,0,30,0,0,14,0,14,0,4,40,0,44,8,0,8,52
08/24/2005,HKY,NC,ASO,ES,Federal Contract Tower,0,5,29,0,34,0,0,58,0,58,0,5,87,0,92,74,0,74,166
08/25/2005,HKY,NC,ASO,ES,Federal Contract Tower,0,8,31,1,40,0,0,58,0,58,0,8,89,1,98,38,0,38,136
08/26/2005,HKY,NC,ASO,ES,Federal Contract Tower,0,8,33,0,41,0,0,55,2,57,0,8,88,2,98,32,0,32,130
08/27/2005,HKY,NC,ASO,ES,Federal Contract Tower,0,6,20,0,26,0,0,29,0,29,0,6,49,0,55,50,0,50,105
08/28/2005,HKY,NC,ASO,ES,Federal Contract Tower,0,8,25,0,33,0,0,58,0,58,0,8,83,0,91,48,0,48,139
08/29/2005,HKY,NC,ASO,ES,Federal Contract Tower,0,6,34,1,41,0,0,46,1,47,0,6,80,2,88,46,2,48,136
08/30/2005,HKY,NC,ASO,ES,Federal Contract Tower,0,5,21,0,26,0,0,3,0,3,0,5,24,0,29,0,0,0,29
08/31/2005,HKY,NC,ASO,ES,Federal Contract Tower,0,5,22,0,27,0,0,47,1,48,0,5,69,1,75,30,0,30,105
09/01/2005,HKY,NC,ASO,ES,Federal Contract Tower,0,6,27,0,33,0,0,77,3,80,0,6,104,3,113,82,0,82,195
09/02/2005,HKY,NC,ASO,ES,Federal Contract Tower,0,7,30,0,37,0,0,62,0,62,0,7,92,0,99,36,0,36,135
09/03/2005,HKY,NC,ASO,ES,Federal Contract Tower,0,5,13,0,18,0,0,34,0,34,0,5,47,0,52,16,0,16,68
09/04/2005,HKY,NC,ASO,ES,Federal Contract Tower,0,4,12,1,17,0,0,32,1,33,0,4,44,2,50,38,0,38,88
09/05/2005,HKY,NC,ASO,ES,Federal Contract Tower,0,6,24,0,30,0,0,51,0,51,0,6,75,0,81,52,0,52,133
09/06/2005,HKY,NC,ASO,ES,Federal Contract Tower,0,5,17,0,22,0,0,30,0,30,0,5,47,0,52,12,0,12,64
09/07/2005,HKY,NC,ASO,ES,Federal Contract Tower,0,5,27,0,32,0,0,53,0,53,0,5,80,0,85,42,0,42,127
09/08/2005,HKY,NC,ASO,ES,Federal Contract Tower,0,4,30,0,34,0,0,66,2,68,0,4,96,2,102,14,0,14,116
09/09/2005,HKY,NC,ASO,ES,Federal Contract Tower,0,11,28,0,39,0,0,70,0,70,0,11,98,0,109,28,0,28,137
09/10/2005,HKY,NC,ASO,ES,Federal Contract Tower,0,7,24,0,31,0,0,51,0,51,0,7,75,0,82,24,0,24,106
09/11/2005,HKY,NC,ASO,ES,Federal Contract Tower,0,7,12,0,19,0,0,21,0,21,0,7,33,0,40,26,0,26,66
09/12/2005,HKY,NC,ASO,ES,Federal Contract Tower,0,10,21,0,31,0,0,51,0,51,0,10,72,0,82,46,0,46,128
09/13/2005,HKY,NC,ASO,ES,Federal Contract Tower,0,10,29,0,39,0,0,62,0,62,0,10,91,0,101,38,0,38,139
09/14/2005,HKY,NC,ASO,ES,Federal Contract Tower,0,8,30,0,38,0,0,24,0,24,0,8,54,0,62,38,0,38,100
09/15/2005,HKY,NC,ASO,ES,Federal Contract Tower,0,7,33,0,40,0,0,55,2,57,0,7,88,2,97,66,0,66,163
09/16/2005,HKY,NC,ASO,ES,Federal Contract Tower,0,5,28,4,37,0,0,71,0,71,0,5,99,4,108,58,0,58,166
09/17/2005,HKY,NC,ASO,ES,Federal Contract Tower,0,5,13,0,18,0,0,41,6,47,0,5,54,6,65,10,0,10,75
09/18/2005,HKY,NC,ASO,ES,Federal Contract Tower,0,9,31,0,40,0,0,43,0,43,0,9,74,0,83,46,0,46,129
09/19/2005,HKY,NC,ASO,ES,Federal Contract Tower,0,5,25,0,30,0,0,35,4,39,0,5,60,4,69,20,0,20,89
09/20/2005,HKY,NC,ASO,ES,Federal Contract Tower,0,5,31,0,36,0,0,40,0,40,0,5,71,0,76,21,0,21,97
09/21/2005,HKY,NC,ASO,ES,Federal Contract Tower,0,6,39,0,45,0,0,40,6,46,0,6,79,6,91,30,0,30,121
09/22/2005,HKY,NC,ASO,ES,Federal Contract Tower,0,8,36,0,44,0,0,30,0,30,0,8,66,0,74,36,0,36,110
09/23/2005,HKY,NC,ASO,ES,Federal Contract Tower,0,5,35,0,40,0,0,58,0,58,0,5,93,0,98,106,0,106,204
09/24/2005,HKY,NC,ASO,ES,Federal Contract Tower,0,6,20,0,26,0,0,54,0,54,0,6,74,0,80,36,0,36,116
09/25/2005,HKY,NC,ASO,ES,Federal Contract Tower,0,4,40,0,44,0,0,13,0,13,0,4,53,0,57,18,0,18,75
09/26/2005,HKY,NC,ASO,ES,Federal Contract Tower,0,7,32,0,39,0,0,6,0,6,0,7,38,0,45,2,0,2,47
09/27/2005,HKY,NC,ASO,ES,Federal Contract Tower,0,5,27,0,32,0,0,65,0,65,0,5,92,0,97,18,0,18,115
09/28/2005,HKY,NC,ASO,ES,Federal Contract Tower,0,4,26,0,30,0,0,26,0,26,0,4,52,0,56,74,0,74,130
09/29/2005,HKY,NC,ASO,ES,Federal Contract Tower,0,4,40,0,44,0,0,51,6,57,0,4,91,6,101,62,0,62,163
09/30/2005,HKY,NC,ASO,ES,Federal Contract Tower,0,5,29,0,34,0,0,60,0,60,0,5,89,0,94,28,0,28,122
10/01/2005,HKY,NC,ASO,ES,Federal Contract Tower,0,6,21,0,27,0,0,75,0,75,0,6,96,0,102,0,56,56,158
10/02/2005,HKY,NC,ASO,ES,Federal Contract Tower,0,5,20,0,25,0,0,36,0,36,0,5,56,0,61,26,0,26,87
10/03/2005,HKY,NC,ASO,ES,Federal Contract Tower,0,5,24,0,29,0,0,52,4,56,0,5,76,4,85,32,0,32,117
10/04/2005,HKY,NC,ASO,ES,Federal Contract Tower,0,8,26,0,34,0,0,51,0,51,0,8,77,0,85,94,0,94,179
10/05/2005,HKY,NC,ASO,ES,Federal Contract Tower,0,11,29,1,41,0,0,34,1,35,0,11,63,2,76,40,0,40,116
10/06/2005,HKY,NC,ASO,ES,Federal Contract Tower,0,8,35,0,43,0,0,0,0,0,0,8,35,0,43,0,0,0,43
10/07/2005,HKY,NC,ASO,ES,Federal Contract Tower,0,5,16,0,21,0,0,0,0,0,0,5,16,0,21,0,0,0,21
10/08/2005,HKY,NC,ASO,ES,Federal Contract Tower,0,5,18,0,23,0,0,24,0,24,0,5,42,0,47,22,0,22,69
10/09/2005,HKY,NC,ASO,ES,Federal Contract Tower,2,27,30,0,59,0,0,10,0,10,2,27,40,0,69,4,0,4,73
10/10/2005,HKY,NC,ASO,ES,Federal Contract Tower,0,6,28,0,34,0,0,0,0,0,0,6,28,0,34,0,0,0,34
10/11/2005,HKY,NC,ASO,ES,Federal Contract Tower,0,5,45,0,50,0,0,13,0,13,0,5,58,0,63,0,0,0,63
10/12/2005,HKY,NC,ASO,ES,Federal Contract Tower,0,9,36,3,48,0,0,35,4,39,0,9,71,7,87,56,0,56,143
10/13/2005,HKY,NC,ASO,ES,Federal Contract Tower,0,4,46,0,50,0,0,30,0,30,0,4,76,0,80,56,0,56,136
10/14/2005,HKY,NC,ASO,ES,Federal Contract Tower,0,5,29,0,34,0,0,79,0,79,0,5,108,0,113,74,0,74,187
10/15/2005,HKY,NC,ASO,ES,Federal Contract Tower,0,6,9,0,15,0,0,37,2,39,0,6,46,2,54,22,0,22,76
10/16/2005,HKY,NC,ASO,ES,Federal Contract Tower,0,5,38,0,43,0,0,32,0,32,0,5,70,0,75,10,0,10,85
10/17/2005,HKY,NC,ASO,ES,Federal Contract Tower,0,5,23,0,28,0,0,57,0,57,0,5,80,0,85,44,0,44,129
10/18/2005,HKY,NC,ASO,ES,Federal Contract Tower,0,7,20,0,27,0,0,64,0,64,0,7,84,0,91,66,0,66,157
10/19/2005,HKY,NC,ASO,ES,Federal Contract Tower,0,5,24,0,29,0,0,53,0,53,0,5,77,0,82,40,0,40,122
10/20/2005,HKY,NC,ASO,ES,Federal Contract Tower,0,5,37,0,42,0,0,43,0,43,0,5,80,0,85,60,0,60,145
10/21/2005,HKY,NC,ASO,ES,Federal Contract Tower,0,6,43,0,49,0,0,32,0,32,0,6,75,0,81,32,0,32,113
10/22/2005,HKY,NC,ASO,ES,Federal Contract Tower,0,9,19,0,28,0,0,41,0,41,0,9,60,0,69,20,0,20,89
10/23/2005,HKY,NC,ASO,ES,Federal Contract Tower,2,6,23,0,31,0,0,33,0,33,2,6,56,0,64,64,0,64,128
10/24/2005,HKY,NC,ASO,ES,Federal Contract Tower,0,7,12,0,19,0,0,35,3,38,0,7,47,3,57,48,0,48,105
10/25/2005,HKY,NC,ASO,ES,Federal Contract Tower,0,7,26,0,33,0,0,19,1,20,0,7,45,1,53,2,0,2,55
10/26/2005,HKY,NC,ASO,ES,Federal Contract Tower,0,5,31,0,36,0,0,60,0,60,0,5,91,0,96,18,0,18,114
10/27/2005,HKY,NC,ASO,ES,Federal Contract Tower,0,5,51,0,56,0,0,44,0,44,0,5,95,0,100,32,0,32,132
10/28/2005,HKY,NC,ASO,ES,Federal Contract Tower,0,8,27,0,35,0,0,83,0,83,0,8,110,0,118,42,0,42,160
10/29/2005,HKY,NC,ASO,ES,Federal Contract Tower,0,6,16,0,22,0,0,50,0,50,0,6,66,0,72,22,0,22,94
10/30/2005,HKY,NC,ASO,ES,Federal Contract Tower,0,5,18,0,23,0,0,56,0,56,0,5,74,0,79,28,0,28,107
10/31/2005,HKY,NC,ASO,ES,Federal Contract Tower,0,6,22,0,28,0,0,42,0,42,0,6,64,0,70,88,0,88,158
11/01/2005,HKY,NC,ASO,ES,Federal Contract Tower,0,3,24,2,29,0,0,53,1,54,0,3,77,3,83,100,0,100,183
11/02/2005,HKY,NC,ASO,ES,Federal Contract Tower,0,9,37,0,46,0,0,55,0,55,0,9,92,0,101,24,0,24,125
11/03/2005,HKY,NC,ASO,ES,Federal Contract Tower,0,7,23,0,30,0,0,57,4,61,0,7,80,4,91,48,0,48,139
11/04/2005,HKY,NC,ASO,ES,Federal Contract Tower,0,2,31,0,33,0,0,43,0,43,0,2,74,0,76,48,0,48,124
11/05/2005,HKY,NC,ASO,ES,Federal Contract Tower,0,4,20,0,24,0,0,53,0,53,0,4,73,0,77,34,0,34,111
11/06/2005,HKY,NC,ASO,ES,Federal Contract Tower,0,7,19,0,26,0,0,26,0,26,0,7,45,0,52,12,0,12,64
11/07/2005,HKY,NC,ASO,ES,Federal Contract Tower,0,5,15,0,20,0,0,65,0,65,0,5,80,0,85,76,0,76,161
11/08/2005,HKY,NC,ASO,ES,Federal Contract Tower,0,5,25,4,34,0,0,64,0,64,0,5,89,4,98,80,2,82,180
11/09/2005,HKY,NC,ASO,ES,Federal Contract Tower,0,5,18,0,23,0,0,51,0,51,0,5,69,0,74,38,0,38,112
11/10/2005,HKY,NC,ASO,ES,Federal Contract Tower,0,7,24,0,31,0,0,49,0,49,0,7,73,0,80,38,0,38,118
11/11/2005,HKY,NC,ASO,ES,Federal Contract Tower,0,8,20,0,28,0,0,49,0,49,0,8,69,0,77,56,0,56,133
11/12/2005,HKY,NC,ASO,ES,Federal Contract Tower,0,7,12,0,19,0,0,46,0,46,0,7,58,0,65,26,0,26,91
11/13/2005,HKY,NC,ASO,ES,Federal Contract Tower,0,7,30,0,37,0,0,44,0,44,0,7,74,0,81,22,0,22,103
11/14/2005,HKY,NC,ASO,ES,Federal Contract Tower,0,9,29,2,40,0,0,63,0,63,0,9,92,2,103,32,14,46,149
11/15/2005,HKY,NC,ASO,ES,Federal Contract Tower,0,7,42,0,49,0,0,7,0,7,0,7,49,0,56,48,0,48,104
11/16/2005,HKY,NC,ASO,ES,Federal Contract Tower,0,5,30,0,35,0,0,6,0,6,0,5,36,0,41,24,0,24,65
11/17/2005,HKY,NC,ASO,ES,Federal Contract Tower,0,8,32,0,40,0,0,49,0,49,0,8,81,0,89,70,0,70,159
11/18/2005,HKY,NC,ASO,ES,Federal Contract Tower,0,5,27,0,32,0,0,60,0,60,0,5,87,0,92,88,0,88,180
11/19/2005,HKY,NC,ASO,ES,Federal Contract Tower,0,6,19,0,25,0,0,34,0,34,0,6,53,0,59,24,0,24,83
11/20/2005,HKY,NC,ASO,ES,Federal Contract Tower,0,6,24,0,30,0,0,26,0,26,0,6,50,0,56,44,0,44,100
11/21/2005,HKY,NC,ASO,ES,Federal Contract Tower,0,6,16,0,22,0,0,0,0,0,0,6,16,0,22,0,0,0,22
11/22/2005,HKY,NC,ASO,ES,Federal Contract Tower,0,5,19,0,24,0,0,21,0,21,0,5,40,0,45,0,0,0,45
11/23/2005,HKY,NC,ASO,ES,Federal Contract Tower,0,5,24,0,29,0,0,42,0,42,0,5,66,0,71,30,0,30,101
11/24/2005,HKY,NC,ASO,ES,Federal Contract Tower,0,4,3,0,7,0,0,3,0,3,0,4,6,0,10,0,0,0,10
11/25/2005,HKY,NC,ASO,ES,Federal Contract Tower,0,5,20,0,25,0,0,53,0,53,0,5,73,0,78,24,0,24,102
11/26/2005,HKY,NC,ASO,ES,Federal Contract Tower,0,6,24,0,30,0,0,49,0,49,0,6,73,0,79,14,0,14,93
11/27/2005,HKY,NC,ASO,ES,Federal Contract Tower,0,9,24,0,33,0,0,9,0,9,0,9,33,0,42,14,0,14,56
11/28/2005,HKY,NC,ASO,ES,Federal Contract Tower,0,2,19,0,21,0,0,0,0,0,0,2,19,0,21,0,0,0,21
11/29/2005,HKY,NC,ASO,ES,Federal Contract Tower,0,5,14,0,19,0,0,7,0,7,0,5,21,0,26,8,0,8,34
11/30/2005,HKY,NC,ASO,ES,Federal Contract Tower,0,4,28,0,32,0,0,53,0,53,0,4,81,0,85,24,0,24,109
12/01/2005,HKY,NC,ASO,ES,Federal Contract Tower,0,3,18,0,21,0,0,36,0,36,0,3,54,0,57,108,0,108,165
12/02/2005,HKY,NC,ASO,ES,Federal Contract Tower,0,4,21,0,25,0,0,49,0,49,0,4,70,0,74,84,0,84,158
12/03/2005,HKY,NC,ASO,ES,Federal Contract Tower,0,2,11,0,13,0,0,40,0,40,0,2,51,0,53,42,0,42,95
12/04/2005,HKY,NC,ASO,ES,Federal Contract Tower,0,4,17,0,21,0,0,27,0,27,0,4,44,0,48,16,0,16,64
12/05/2005,HKY,NC,ASO,ES,Federal Contract Tower,0,5,22,0,27,0,0,0,0,0,0,5,22,0,27,0,0,0,27
12/06/2005,HKY,NC,ASO,ES,Federal Contract Tower,0,4,17,0,21,0,0,58,0,58,0,4,75,0,79,68,0,68,147
12/07/2005,HKY,NC,ASO,ES,Federal Contract Tower,0,2,20,0,22,0,0,67,0,67,0,2,87,0,89,92,0,92,181
12/08/2005,HKY,NC,ASO,ES,Federal Contract Tower,0,4,14,0,18,0,0,14,0,14,0,4,28,0,32,10,0,10,42
12/09/2005,HKY,NC,ASO,ES,Federal Contract Tower,0,4,15,0,19,0,0,30,0,30,0,4,45,0,49,6,0,6,55
12/10/2005,HKY,NC,ASO,ES,Federal Contract Tower,0,2,9,0,11,0,0,85,0,85,0,2,94,0,96,6,0,6,102
12/11/2005,HKY,NC,ASO,ES,Federal Contract Tower,0,3,19,0,22,0,0,0,0,0,0,3,19,0,22,8,0,8,30
12/12/2005,HKY,NC,ASO,ES,Federal Contract Tower,0,4,23,0,27,0,0,20,0,20,0,4,43,0,47,32,0,32,79
12/13/2005,HKY,NC,ASO,ES,Federal Contract Tower,0,3,24,0,27,0,0,63,0,63,0,3,87,0,90,80,0,80,170
12/14/2005,HKY,NC,ASO,ES,Federal Contract Tower,0,4,19,0,23,0,0,29,0,29,0,4,48,0,52,22,0,22,74
12/15/2005,HKY,NC,ASO,ES,Federal Contract Tower,0,0,12,0,12,0,0,0,0,0,0,0,12,0,12,0,0,0,12
12/16/2005,HKY,NC,ASO,ES,Federal Contract Tower,0,4,23,0,27,0,0,24,0,24,0,4,47,0,51,2,0,2,53
12/17/2005,HKY,NC,ASO,ES,Federal Contract Tower,0,4,8,0,12,0,0,48,0,48,0,4,56,0,60,46,0,46,106
12/18/2005,HKY,NC,ASO,ES,Federal Contract Tower,0,2,7,0,9,0,0,31,0,31,0,2,38,0,40,30,0,30,70
12/19/2005,HKY,NC,ASO,ES,Federal Contract Tower,0,5,17,0,22,0,0,48,0,48,0,5,65,0,70,48,0,48,118
12/20/2005,HKY,NC,ASO,ES,Federal Contract Tower,0,2,27,0,29,0,0,36,0,36,0,2,63,0,65,46,0,46,111
12/21/2005,HKY,NC,ASO,ES,Federal Contract Tower,0,5,15,0,20,0,0,65,0,65,0,5,80,0,85,52,0,52,137
12/22/2005,HKY,NC,ASO,ES,Federal Contract Tower,0,4,8,0,12,0,0,52,0,52,0,4,60,0,64,50,0,50,114
12/23/2005,HKY,NC,ASO,ES,Federal Contract Tower,0,4,18,0,22,0,0,66,0,66,0,4,84,0,88,58,0,58,146
12/24/2005,HKY,NC,ASO,ES,Federal Contract Tower,0,2,11,0,13,0,0,28,0,28,0,2,39,0,41,16,0,16,57
12/25/2005,HKY,NC,ASO,ES,Federal Contract Tower,0,4,3,0,7,0,0,2,0,2,0,4,5,0,9,0,0,0,9
12/26/2005,HKY,NC,ASO,ES,Federal Contract Tower,0,4,22,0,26,0,0,27,0,27,0,4,49,0,53,2,0,2,55
12/27/2005,HKY,NC,ASO,ES,Federal Contract Tower,0,4,22,0,26,0,0,53,0,53,0,4,75,0,79,2,0,2,81
12/28/2005,HKY,NC,ASO,ES,Federal Contract Tower,0,3,28,0,31,0,0,9,4,13,0,3,37,4,44,22,0,22,66
12/29/2005,HKY,NC,ASO,ES,Federal Contract Tower,0,4,15,0,19,0,0,52,0,52,0,4,67,0,71,46,0,46,117
12/30/2005,HKY,NC,ASO,ES,Federal Contract Tower,0,1,16,0,17,0,0,59,0,59,0,1,75,0,76,38,0,38,114
12/31/2005,HKY,NC,ASO,ES,Federal Contract Tower,0,2,9,0,11,0,0,19,0,19,0,2,28,0,30,26,0,26,56
01/01/2006,HKY,NC,ASO,ES,Federal Contract Tower,0,4,15,0,19,0,0,43,0,43,0,4,58,0,62,28,0,28,90
01/02/2006,HKY,NC,ASO,ES,Federal Contract Tower,0,5,5,0,10,0,0,0,0,0,0,5,5,0,10,0,0,0,10
01/03/2006,HKY,NC,ASO,ES,Federal Contract Tower,0,2,22,0,24,0,0,21,0,21,0,2,43,0,45,8,0,8,53
01/04/2006,HKY,NC,ASO,ES,Federal Contract Tower,0,2,15,0,17,0,0,31,2,33,0,2,46,2,50,28,0,28,78
01/05/2006,HKY,NC,ASO,ES,Federal Contract Tower,0,4,17,0,21,0,0,39,2,41,0,4,56,2,62,20,0,20,82
01/06/2006,HKY,NC,ASO,ES,Federal Contract Tower,0,4,5,0,9,0,0,29,0,29,0,4,34,0,38,34,0,34,72
01/07/2006,HKY,NC,ASO,ES,Federal Contract Tower,0,3,11,0,14,0,0,50,0,50,0,3,61,0,64,34,0,34,98
01/08/2006,HKY,NC,ASO,ES,Federal Contract Tower,0,4,11,0,15,0,0,15,0,15,0,4,26,0,30,2,0,2,32
01/09/2006,HKY,NC,ASO,ES,Federal Contract Tower,0,4,20,0,24,0,0,42,0,42,0,4,62,0,66,24,0,24,90
01/10/2006,HKY,NC,ASO,ES,Federal Contract Tower,0,6,21,0,27,0,0,21,0,21,0,6,42,0,48,22,0,22,70
01/11/2006,HKY,NC,ASO,ES,Federal Contract Tower,0,4,22,0,26,0,0,20,0,20,0,4,42,0,46,10,0,10,56
01/12/2006,HKY,NC,ASO,ES,Federal Contract Tower,0,4,26,0,30,0,0,56,0,56,0,4,82,0,86,22,0,22,108
01/13/2006,HKY,NC,ASO,ES,Federal Contract Tower,0,2,25,0,27,0,0,1,0,1,0,2,26,0,28,0,0,0,28
01/14/2006,HKY,NC,ASO,ES,Federal Contract Tower,0,6,7,0,13,0,0,11,0,11,0,6,18,0,24,4,0,4,28
01/15/2006,HKY,NC,ASO,ES,Federal Contract Tower,0,7,10,0,17,0,0,32,0,32,0,7,42,0,49,22,0,22,71
01/16/2006,HKY,NC,ASO,ES,Federal Contract Tower,0,5,20,0,25,0,0,43,0,43,0,5,63,0,68,44,0,44,112
01/17/2006,HKY,NC,ASO,ES,Federal Contract Tower,0,3,16,0,19,0,0,10,0,10,0,3,26,0,29,28,0,28,57
01/18/2006,HKY,NC,ASO,ES,Federal Contract Tower,0,5,22,0,27,0,0,13,0,13,0,5,35,0,40,4,0,4,44
01/19/2006,HKY,NC,ASO,ES,Federal Contract Tower,0,5,44,0,49,0,0,49,0,49,0,5,93,0,98,52,0,52,150
01/20/2006,HKY,NC,ASO,ES,Federal Contract Tower,0,4,24,0,28,0,0,97,0,97,0,4,121,0,125,110,0,110,235
01/21/2006,HKY,NC,ASO,ES,Federal Contract Tower,0,3,8,0,11,0,0,6,0,6,0,3,14,0,17,0,0,0,17
01/22/2006,HKY,NC,ASO,ES,Federal Contract Tower,0,4,13,0,17,0,0,2,0,2,0,4,15,0,19,0,0,0,19
01/23/2006,HKY,NC,ASO,ES,Federal Contract Tower,0,1,22,0,23,0,0,0,0,0,0,1,22,0,23,0,0,0,23
01/24/2006,HKY,NC,ASO,ES,Federal Contract Tower,0,0,19,0,19,0,0,54,0,54,0,0,73,0,73,62,0,62,135
01/25/2006,HKY,NC,ASO,ES,Federal Contract Tower,0,0,23,0,23,0,0,17,2,19,0,0,40,2,42,8,0,8,50
01/26/2006,HKY,NC,ASO,ES,Federal Contract Tower,0,0,35,0,35,0,0,52,2,54,0,0,87,2,89,98,0,98,187
01/27/2006,HKY,NC,ASO,ES,Federal Contract Tower,0,0,25,0,25,0,0,57,0,57,0,0,82,0,82,54,0,54,136
01/28/2006,HKY,NC,ASO,ES,Federal Contract Tower,0,0,11,0,11,0,0,23,0,23,0,0,34,0,34,72,0,72,106
01/29/2006,HKY,NC,ASO,ES,Federal Contract Tower,0,2,22,0,24,0,0,0,0,0,0,2,22,0,24,2,0,2,26
01/30/2006,HKY,NC,ASO,ES,Federal Contract Tower,0,0,6,9,15,0,0,34,0,34,0,0,40,9,49,62,0,62,111
01/31/2006,HKY,NC,ASO,ES,Federal Contract Tower,0,2,18,0,20,0,0,39,0,39,0,2,57,0,59,52,0,52,111
02/01/2006,HKY,NC,ASO,ES,Federal Contract Tower,0,0,31,0,31,0,0,65,0,65,0,0,96,0,96,38,0,38,134
02/02/2006,HKY,NC,ASO,ES,Federal Contract Tower,0,0,42,5,47,0,0,53,1,54,0,0,95,6,101,34,0,34,135
02/03/2006,HKY,NC,ASO,ES,Federal Contract Tower,0,0,16,0,16,0,0,30,0,30,0,0,46,0,46,44,0,44,90
02/04/2006,HKY,NC,ASO,ES,Federal Contract Tower,0,0,3,0,3,0,0,1,0,1,0,0,4,0,4,0,0,0,4
02/05/2006,HKY,NC,ASO,ES,Federal Contract Tower,0,2,12,0,14,0,0,3,0,3,0,2,15,0,17,2,0,2,19
02/06/2006,HKY,NC,ASO,ES,Federal Contract Tower,0,4,27,0,31,0,0,49,0,49,0,4,76,0,80,82,0,82,162
02/07/2006,HKY,NC,ASO,ES,Federal Contract Tower,0,0,31,0,31,0,0,48,0,48,0,0,79,0,79,58,0,58,137
02/08/2006,HKY,NC,ASO,ES,Federal Contract Tower,0,0,35,0,35,0,0,54,2,56,0,0,89,2,91,50,0,50,141
02/09/2006,HKY,NC,ASO,ES,Federal Contract Tower,0,0,44,0,44,0,0,22,0,22,0,0,66,0,66,40,0,40,106
02/10/2006,HKY,NC,ASO,ES,Federal Contract Tower,0,0,21,0,21,0,0,60,4,64,0,0,81,4,85,58,0,58,143
02/11/2006,HKY,NC,ASO,ES,Federal Contract Tower,0,0,5,0,5,0,0,0,0,0,0,0,5,0,5,0,0,0,5
02/12/2006,HKY,NC,ASO,ES,Federal Contract Tower,0,2,14,0,16,0,0,13,0,13,0,2,27,0,29,0,0,0,29
02/13/2006,HKY,NC,ASO,ES,Federal Contract Tower,0,0,21,0,21,0,0,41,0,41,0,0,62,0,62,74,0,74,136
02/14/2006,HKY,NC,ASO,ES,Federal Contract Tower,0,0,22,0,22,0,0,63,0,63,0,0,85,0,85,56,0,56,141
02/15/2006,HKY,NC,ASO,ES,Federal Contract Tower,0,2,19,0,21,0,0,51,0,51,0,2,70,0,72,38,0,38,110
02/16/2006,HKY,NC,ASO,ES,Federal Contract Tower,0,0,24,0,24,0,0,54,0,54,0,0,78,0,78,28,0,28,106
02/17/2006,HKY,NC,ASO,ES,Federal Contract Tower,0,2,15,0,17,0,0,52,0,52,0,2,67,0,69,0,78,78,147
02/18/2006,HKY,NC,ASO,ES,Federal Contract Tower,0,0,13,0,13,0,0,4,0,4,0,0,17,0,17,12,0,12,29
02/19/2006,HKY,NC,ASO,ES,Federal Contract Tower,0,0,13,0,13,0,0,24,0,24,0,0,37,0,37,50,0,50,87
02/20/2006,HKY,NC,ASO,ES,Federal Contract Tower,0,0,22,0,22,0,0,37,0,37,0,0,59,0,59,42,0,42,101
02/21/2006,HKY,NC,ASO,ES,Federal Contract Tower,0,0,38,0,38,0,0,48,0,48,0,0,86,0,86,48,0,48,134
02/22/2006,HKY,NC,ASO,ES,Federal Contract Tower,0,2,20,0,22,0,0,13,0,13,0,2,33,0,35,28,0,28,63
02/23/2006,HKY,NC,ASO,ES,Federal Contract Tower,0,1,27,0,28,0,0,25,0,25,0,1,52,0,53,30,0,30,83
02/24/2006,HKY,NC,ASO,ES,Federal Contract Tower,0,1,18,0,19,0,0,56,2,58,0,1,74,2,77,42,0,42,119
02/25/2006,HKY,NC,ASO,ES,Federal Contract Tower,0,0,16,0,16,0,0,32,0,32,0,0,48,0,48,12,0,12,60
02/26/2006,HKY,NC,ASO,ES,Federal Contract Tower,0,0,14,0,14,0,0,24,0,24,0,0,38,0,38,32,0,32,70
02/27/2006,HKY,NC,ASO,ES,Federal Contract Tower,0,2,0,0,2,0,0,0,37,37,0,2,0,37,39,32,0,32,71
02/28/2006,HKY,NC,ASO,ES,Federal Contract Tower,0,0,22,0,22,0,0,47,0,47,0,0,69,0,69,86,0,86,155
03/01/2006,HKY,NC,ASO,ES,Federal Contract Tower,0,0,24,1,25,0,0,33,1,34,0,0,57,2,59,10,0,10,69
03/02/2006,HKY,NC,ASO,ES,Federal Contract Tower,0,0,21,1,22,0,0,55,1,56,0,0,76,2,78,14,0,14,92
03/03/2006,HKY,NC,ASO,ES,Federal Contract Tower,0,2,19,0,21,0,0,51,0,51,0,2,70,0,72,38,0,38,110
03/04/2006,HKY,NC,ASO,ES,Federal Contract Tower,0,2,25,0,27,0,0,39,0,39,0,2,64,0,66,40,0,40,106
03/05/2006,HKY,NC,ASO,ES,Federal Contract Tower,0,2,6,0,8,0,0,39,0,39,0,2,45,0,47,16,0,16,63
03/06/2006,HKY,NC,ASO,ES,Federal Contract Tower,0,6,33,0,39,0,0,30,0,30,0,6,63,0,69,58,0,58,127
03/07/2006,HKY,NC,ASO,ES,Federal Contract Tower,0,0,22,0,22,0,0,53,0,53,0,0,75,0,75,42,0,42,117
03/08/2006,HKY,NC,ASO,ES,Federal Contract Tower,0,0,21,0,21,0,0,60,6,66,0,0,81,6,87,80,18,98,185
03/09/2006,HKY,NC,ASO,ES,Federal Contract Tower,0,3,23,2,28,0,0,29,4,33,0,3,52,6,61,2,0,2,63
03/10/2006,HKY,NC,ASO,ES,Federal Contract Tower,0,3,10,0,13,0,0,35,0,35,0,3,45,0,48,12,0,12,60
03/11/2006,HKY,NC,ASO,ES,Federal Contract Tower,0,1,12,0,13,0,1,19,0,20,0,2,31,0,33,2,0,2,35
03/12/2006,HKY,NC,ASO,ES,Federal Contract Tower,0,0,10,0,10,0,0,31,0,31,0,0,41,0,41,18,0,18,59
03/13/2006,HKY,NC,ASO,ES,Federal Contract Tower,0,4,18,0,22,0,0,40,0,40,0,4,58,0,62,20,0,20,82
03/14/2006,HKY,NC,ASO,ES,Federal Contract Tower,0,0,18,0,18,0,0,41,0,41,0,0,59,0,59,2,0,2,61
03/15/2006,HKY,NC,ASO,ES,Federal Contract Tower,0,0,13,0,13,0,0,33,0,33,0,0,46,0,46,2,0,2,48
03/16/2006,HKY,NC,ASO,ES,Federal Contract Tower,0,0,24,0,24,0,0,60,0,60,0,0,84,0,84,22,0,22,106
03/17/2006,HKY,NC,ASO,ES,Federal Contract Tower,0,0,19,0,19,0,0,36,0,36,0,0,55,0,55,20,0,20,75
03/18/2006,HKY,NC,ASO,ES,Federal Contract Tower,0,0,9,0,9,0,0,43,2,45,0,0,52,2,54,22,0,22,76
03/19/2006,HKY,NC,ASO,ES,Federal Contract Tower,0,1,14,0,15,0,0,41,0,41,0,1,55,0,56,24,0,24,80
03/20/2006,HKY,NC,ASO,ES,Federal Contract Tower,0,0,21,0,21,0,0,2,0,2,0,0,23,0,23,0,0,0,23
03/21/2006,HKY,NC,ASO,ES,Federal Contract Tower,0,1,17,0,18,0,0,4,0,4,0,1,21,0,22,0,0,0,22
03/22/2006,HKY,NC,ASO,ES,Federal Contract Tower,0,6,21,0,27,0,0,51,2,53,0,6,72,2,80,52,0,52,132
03/23/2006,HKY,NC,ASO,ES,Federal Contract Tower,0,1,22,0,23,0,0,61,2,63,0,1,83,2,86,32,0,32,118
03/24/2006,HKY,NC,ASO,ES,Federal Contract Tower,0,3,14,0,17,0,0,7,0,7,0,3,21,0,24,0,0,0,24
03/25/2006,HKY,NC,ASO,ES,Federal Contract Tower,0,1,9,0,10,0,0,22,0,22,0,1,31,0,32,22,0,22,54
03/26/2006,HKY,NC,ASO,ES,Federal Contract Tower,0,0,10,0,10,0,0,18,0,18,0,0,28,0,28,18,0,18,46
03/27/2006,HKY,NC,ASO,ES,Federal Contract Tower,0,2,12,0,14,0,0,42,0,42,0,2,54,0,56,30,0,30,86
03/28/2006,HKY,NC,ASO,ES,Federal Contract Tower,0,2,22,0,24,0,0,28,0,28,0,2,50,0,52,2,0,2,54
03/29/2006,HKY,NC,ASO,ES,Federal Contract Tower,0,0,19,0,19,0,0,59,0,59,0,0,78,0,78,30,0,30,108
03/30/2006,HKY,NC,ASO,ES,Federal Contract Tower,0,5,25,0,30,0,0,79,2,81,0,5,104,2,111,36,0,36,147
03/31/2006,HKY,NC,ASO,ES,Federal Contract Tower,0,1,30,0,31,0,0,37,2,39,0,1,67,2,70,20,0,20,90
04/01/2006,HKY,NC,ASO,ES,Federal Contract Tower,0,0,18,0,18,0,0,28,0,28,0,0,46,0,46,16,0,16,62
04/02/2006,HKY,NC,ASO,ES,Federal Contract Tower,0,0,17,0,17,0,0,55,0,55,0,0,72,0,72,48,0,48,120
04/03/2006,HKY,NC,ASO,ES,Federal Contract Tower,0,0,21,0,21,0,0,13,0,13,0,0,34,0,34,0,0,0,34
04/04/2006,HKY,NC,ASO,ES,Federal Contract Tower,0,0,27,0,27,0,0,46,0,46,0,0,73,0,73,26,0,26,99
04/05/2006,HKY,NC,ASO,ES,Federal Contract Tower,0,1,22,0,23,0,0,52,0,52,0,1,74,0,75,14,0,14,89
04/06/2006,HKY,NC,ASO,ES,Federal Contract Tower,0,2,35,0,37,0,0,72,4,76,0,2,107,4,113,74,2,76,189
04/07/2006,HKY,NC,ASO,ES,Federal Contract Tower,0,2,20,0,22,0,0,56,0,56,0,2,76,0,78,20,6,26,104
04/08/2006,HKY,NC,ASO,ES,Federal Contract Tower,0,0,14,1,15,0,0,14,0,14,0,0,28,1,29,0,4,4,33
04/09/2006,HKY,NC,ASO,ES,Federal Contract Tower,0,1,16,0,17,0,0,53,10,63,0,1,69,10,80,30,0,30,110
04/10/2006,HKY,NC,ASO,ES,Federal Contract Tower,0,1,14,0,15,0,0,62,0,62,0,1,76,0,77,42,0,42,119
04/11/2006,HKY,NC,ASO,ES,Federal Contract Tower,0,0,30,0,30,0,0,60,0,60,0,0,90,0,90,70,0,70,160
04/12/2006,HKY,NC,ASO,ES,Federal Contract Tower,0,0,32,0,32,0,0,43,0,43,0,0,75,0,75,58,0,58,133
04/13/2006,HKY,NC,ASO,ES,Federal Contract Tower,0,0,30,0,30,0,0,77,6,83,0,0,107,6,113,86,0,86,199
04/14/2006,HKY,NC,ASO,ES,Federal Contract Tower,0,1,16,0,17,0,0,57,0,57,0,1,73,0,74,0,54,54,128
04/15/2006,HKY,NC,ASO,ES,Federal Contract Tower,0,2,14,0,16,0,0,57,2,59,0,2,71,2,75,42,12,54,129
04/16/2006,HKY,NC,ASO,ES,Federal Contract Tower,0,0,18,0,18,0,0,20,0,20,0,0,38,0,38,6,0,6,44
04/17/2006,HKY,NC,ASO,ES,Federal Contract Tower,0,2,12,2,16,0,0,19,6,25,0,2,31,8,41,14,0,14,55
04/18/2006,HKY,NC,ASO,ES,Federal Contract Tower,0,2,24,0,26,0,0,59,6,65,0,2,83,6,91,84,4,88,179
04/19/2006,HKY,NC,ASO,ES,Federal Contract Tower,0,0,13,0,13,0,0,16,0,16,0,0,29,0,29,6,0,6,35
04/20/2006,HKY,NC,ASO,ES,Federal Contract Tower,0,0,24,0,24,0,0,44,9,53,0,0,68,9,77,28,6,34,111
04/21/2006,HKY,NC,ASO,ES,Federal Contract Tower,0,4,28,0,32,0,0,35,0,35,0,4,63,0,67,68,0,68,135
04/22/2006,HKY,NC,ASO,ES,Federal Contract Tower,0,0,14,0,14,0,0,13,0,13,0,0,27,0,27,6,0,6,33
04/23/2006,HKY,NC,ASO,ES,Federal Contract Tower,0,4,16,0,20,0,0,26,0,26,0,4,42,0,46,34,0,34,80
04/24/2006,HKY,NC,ASO,ES,Federal Contract Tower,0,0,24,0,24,0,0,33,1,34,0,0,57,1,58,14,0,14,72
04/25/2006,HKY,NC,ASO,ES,Federal Contract Tower,0,0,24,0,24,0,0,39,2,41,0,0,63,2,65,34,0,34,99
04/26/2006,HKY,NC,ASO,ES,Federal Contract Tower,0,0,31,0,31,0,0,0,0,0,0,0,31,0,31,0,0,0,31
04/27/2006,HKY,NC,ASO,ES,Federal Contract Tower,0,1,35,0,36,0,0,33,4,37,0,1,68,4,73,32,0,32,105
04/28/2006,HKY,NC,ASO,ES,Federal Contract Tower,0,1,26,0,27,0,0,89,0,89,0,1,115,0,116,62,0,62,178
04/29/2006,HKY,NC,ASO,ES,Federal Contract Tower,0,2,10,0,12,0,0,51,2,53,0,2,61,2,65,30,8,38,103
04/30/2006,HKY,NC,ASO,ES,Federal Contract Tower,0,0,27,0,27,0,0,30,1,31,0,0,57,1,58,26,0,26,84
05/01/2006,HKY,NC,ASO,ES,Federal Contract Tower,0,1,22,0,23,0,0,34,4,38,0,1,56,4,61,88,0,88,149
05/02/2006,HKY,NC,ASO,ES,Federal Contract Tower,0,2,30,0,32,0,0,58,2,60,0,2,88,2,92,56,0,56,148
05/03/2006,HKY,NC,ASO,ES,Federal Contract Tower,0,1,13,0,14,0,0,36,7,43,0,1,49,7,57,14,0,14,71
05/04/2006,HKY,NC,ASO,ES,Federal Contract Tower,0,0,34,0,34,0,0,62,7,69,0,0,96,7,103,52,0,52,155
05/05/2006,HKY,NC,ASO,ES,Federal Contract Tower,0,2,23,0,25,0,0,28,0,28,0,2,51,0,53,28,0,28,81
05/06/2006,HKY,NC,ASO,ES,Federal Contract Tower,0,0,12,0,12,0,0,45,0,45,0,0,57,0,57,42,0,42,99
05/07/2006,HKY,NC,ASO,ES,Federal Contract Tower,0,0,22,0,22,0,0,0,0,0,0,0,22,0,22,0,0,0,22
05/08/2006,HKY,NC,ASO,ES,Federal Contract Tower,0,1,36,0,37,0,0,10,0,10,0,1,46,0,47,20,0,20,67
05/09/2006,HKY,NC,ASO,ES,Federal Contract Tower,0,2,36,0,38,0,0,24,0,24,0,2,60,0,62,36,0,36,98
05/10/2006,HKY,NC,ASO,ES,Federal Contract Tower,0,0,23,1,24,0,0,39,3,42,0,0,62,4,66,58,0,58,124
05/11/2006,HKY,NC,ASO,ES,Federal Contract Tower,0,0,23,0,23,0,0,24,0,24,0,0,47,0,47,22,0,22,69
05/12/2006,HKY,NC,ASO,ES,Federal Contract Tower,0,2,13,0,15,0,0,64,3,67,0,2,77,3,82,56,0,56,138
05/13/2006,HKY,NC,ASO,ES,Federal Contract Tower,0,0,11,0,11,0,0,84,0,84,0,0,95,0,95,94,0,94,189
05/14/2006,HKY,NC,ASO,ES,Federal Contract Tower,0,1,18,0,19,0,0,11,0,11,0,1,29,0,30,30,0,30,60
05/15/2006,HKY,NC,ASO,ES,Federal Contract Tower,0,0,30,0,30,0,0,50,2,52,0,0,80,2,82,102,0,102,184
05/16/2006,HKY,NC,ASO,ES,Federal Contract Tower,0,0,23,0,23,0,0,53,2,55,0,0,76,2,78,86,0,86,164
05/17/2006,HKY,NC,ASO,ES,Federal Contract Tower,0,0,24,0,24,0,0,44,2,46,0,0,68,2,70,40,0,40,110
05/18/2006,HKY,NC,ASO,ES,Federal Contract Tower,0,2,26,0,28,0,0,27,4,31,0,2,53,4,59,16,0,16,75
05/19/2006,HKY,NC,ASO,ES,Federal Contract Tower,0,1,23,1,25,0,0,20,1,21,0,1,43,2,46,2,0,2,48
05/20/2006,HKY,NC,ASO,ES,Federal Contract Tower,0,1,24,0,25,0,0,39,0,39,0,1,63,0,64,24,0,24,88
05/21/2006,HKY,NC,ASO,ES,Federal Contract Tower,0,0,16,0,16,0,0,38,1,39,0,0,54,1,55,26,0,26,81
05/22/2006,HKY,NC,ASO,ES,Federal Contract Tower,0,1,24,0,25,0,0,27,3,30,0,1,51,3,55,34,0,34,89
05/23/2006,HKY,NC,ASO,ES,Federal Contract Tower,0,0,36,0,36,0,0,93,0,93,0,0,129,0,129,88,0,88,217
05/24/2006,HKY,NC,ASO,ES,Federal Contract Tower,0,2,15,0,17,0,0,72,1,73,0,2,87,1,90,54,0,54,144
05/25/2006,HKY,NC,ASO,ES,Federal Contract Tower,0,4,37,0,41,0,0,40,0,40,0,4,77,0,81,34,0,34,115
05/26/2006,HKY,NC,ASO,ES,Federal Contract Tower,0,4,33,0,37,0,0,67,5,72,0,4,100,5,109,58,0,58,167
05/27/2006,HKY,NC,ASO,ES,Federal Contract Tower,0,2,3,0,5,0,0,38,0,38,0,2,41,0,43,36,0,36,79
05/28/2006,HKY,NC,ASO,ES,Federal Contract Tower,0,2,12,0,14,0,0,30,0,30,0,2,42,0,44,10,0,10,54
05/29/2006,HKY,NC,ASO,ES,Federal Contract Tower,0,2,13,0,15,0,0,42,0,42,0,2,55,0,57,32,0,32,89
05/30/2006,HKY,NC,ASO,ES,Federal Contract Tower,0,0,27,0,27,0,0,54,0,54,0,0,81,0,81,88,0,88,169
05/31/2006,HKY,NC,ASO,ES,Federal Contract Tower,0,0,39,0,39,0,0,59,0,59,0,0,98,0,98,122,0,122,220
06/01/2006,HKY,NC,ASO,ES,Federal Contract Tower,0,3,38,0,41,0,0,57,15,72,0,3,95,15,113,48,0,48,161
06/02/2006,HKY,NC,ASO,ES,Federal Contract Tower,0,3,27,0,30,0,0,21,4,25,0,3,48,4,55,62,0,62,117
06/03/2006,HKY,NC,ASO,ES,Federal Contract Tower,0,0,8,0,8,0,0,22,2,24,0,0,30,2,32,2,0,2,34
06/04/2006,HKY,NC,ASO,ES,Federal Contract Tower,0,1,19,0,20,0,0,39,1,40,0,1,58,1,60,2,0,2,62
06/05/2006,HKY,NC,ASO,ES,Federal Contract Tower,0,3,25,0,28,0,0,57,5,62,0,3,82,5,90,54,0,54,144
06/06/2006,HKY,NC,ASO,ES,Federal Contract Tower,0,1,26,0,27,0,0,54,8,62,0,1,80,8,89,64,0,64,153
06/07/2006,HKY,NC,ASO,ES,Federal Contract Tower,0,2,25,2,29,0,0,51,4,55,0,2,76,6,84,46,8,54,138
06/08/2006,HKY,NC,ASO,ES,Federal Contract Tower,0,2,29,0,31,0,0,27,3,30,0,2,56,3,61,4,0,4,65
06/09/2006,HKY,NC,ASO,ES,Federal Contract Tower,0,0,23,0,23,0,0,40,0,40,0,0,63,0,63,48,0,48,111
06/10/2006,HKY,NC,ASO,ES,Federal Contract Tower,0,2,6,2,10,0,0,34,0,34,0,2,40,2,44,34,0,34,78
06/11/2006,HKY,NC,ASO,ES,Federal Contract Tower,0,3,24,0,27,0,0,26,1,27,0,3,50,1,54,18,0,18,72
06/12/2006,HKY,NC,ASO,ES,Federal Contract Tower,0,0,27,0,27,0,0,25,7,32,0,0,52,7,59,10,0,10,69
06/13/2006,HKY,NC,ASO,ES,Federal Contract Tower,0,0,26,0,26,0,0,34,8,42,0,0,60,8,68,50,0,50,118
06/14/2006,HKY,NC,ASO,ES,Federal Contract Tower,0,3,24,6,33,0,0,31,0,31,0,3,55,6,64,30,6,36,100
06/15/2006,HKY,NC,ASO,ES,Federal Contract Tower,0,7,40,0,47,0,0,50,2,52,0,7,90,2,99,28,0,28,127
06/16/2006,HKY,NC,ASO,ES,Federal Contract Tower,0,4,29,0,33,0,0,67,5,72,0,4,96,5,105,24,0,24,129
06/17/2006,HKY,NC,ASO,ES,Federal Contract Tower,0,0,19,0,19,0,0,39,0,39,0,0,58,0,58,12,0,12,70
06/18/2006,HKY,NC,ASO,ES,Federal Contract Tower,0,0,0,0,0,0,0,51,0,51,0,0,51,0,51,16,0,16,67
06/19/2006,HKY,NC,ASO,ES,Federal Contract Tower,0,12,21,0,33,0,0,68,4,72,0,12,89,4,105,18,0,18,123
06/20/2006,HKY,NC,ASO,ES,Federal Contract Tower,0,5,22,0,27,0,0,68,0,68,0,5,90,0,95,44,0,44,139
06/21/2006,HKY,NC,ASO,ES,Federal Contract Tower,0,5,8,0,13,0,0,43,2,45,0,5,51,2,58,14,0,14,72
06/22/2006,HKY,NC,ASO,ES,Federal Contract Tower,0,4,27,0,31,0,0,44,4,48,0,4,71,4,79,46,0,46,125
06/23/2006,HKY,NC,ASO,ES,Federal Contract Tower,0,1,29,0,30,0,0,28,2,30,0,1,57,2,60,48,0,48,108
06/24/2006,HKY,NC,ASO,ES,Federal Contract Tower,0,1,9,0,10,0,0,25,0,25,0,1,34,0,35,26,0,26,61
06/25/2006,HKY,NC,ASO,ES,Federal Contract Tower,0,4,24,0,28,0,0,10,0,10,0,4,34,0,38,12,0,12,50
06/26/2006,HKY,NC,ASO,ES,Federal Contract Tower,0,5,13,0,18,0,0,20,0,20,0,5,33,0,38,2,0,2,40
06/27/2006,HKY,NC,ASO,ES,Federal Contract Tower,0,5,23,0,28,0,0,28,0,28,0,5,51,0,56,30,0,30,86
06/28/2006,HKY,NC,ASO,ES,Federal Contract Tower,0,7,34,0,41,0,0,52,2,54,0,7,86,2,95,8,0,8,103
06/29/2006,HKY,NC,ASO,ES,Federal Contract Tower,0,0,36,0,36,0,0,59,0,59,0,0,95,0,95,24,0,24,119
06/30/2006,HKY,NC,ASO,ES,Federal Contract Tower,0,7,33,1,41,0,0,66,0,66,0,7,99,1,107,34,0,34,141
07/01/2006,HKY,NC,ASO,ES,Federal Contract Tower,0,1,36,0,37,0,0,30,0,30,0,1,66,0,67,28,0,28,95
07/02/2006,HKY,NC,ASO,ES,Federal Contract Tower,0,2,10,0,12,0,0,31,0,31,0,2,41,0,43,24,0,24,67
07/03/2006,HKY,NC,ASO,ES,Federal Contract Tower,0,0,13,0,13,0,0,27,2,29,0,0,40,2,42,30,0,30,72
07/04/2006,HKY,NC,ASO,ES,Federal Contract Tower,0,1,13,0,14,0,0,43,1,44,0,1,56,1,58,44,0,44,102
07/05/2006,HKY,NC,ASO,ES,Federal Contract Tower,0,1,29,0,30,0,0,42,2,44,0,1,71,2,74,56,0,56,130
07/06/2006,HKY,NC,ASO,ES,Federal Contract Tower,0,0,32,2,34,0,0,31,0,31,0,0,63,2,65,10,0,10,75
07/07/2006,HKY,NC,ASO,ES,Federal Contract Tower,0,0,19,0,19,0,0,50,2,52,0,0,69,2,71,48,0,48,119
07/08/2006,HKY,NC,ASO,ES,Federal Contract Tower,0,0,18,0,18,0,0,52,0,52,0,0,70,0,70,32,0,32,102
07/09/2006,HKY,NC,ASO,ES,Federal Contract Tower,0,4,21,0,25,0,0,27,0,27,0,4,48,0,52,10,0,10,62
07/10/2006,HKY,NC,ASO,ES,Federal Contract Tower,0,3,36,0,39,0,0,34,2,36,0,3,70,2,75,42,0,42,117
07/11/2006,HKY,NC,ASO,ES,Federal Contract Tower,0,3,36,1,40,0,0,59,0,59,0,3,95,1,99,48,0,48,147
07/12/2006,HKY,NC,ASO,ES,Federal Contract Tower,0,0,28,2,30,0,0,60,1,61,0,0,88,3,91,52,0,52,143
07/13/2006,HKY,NC,ASO,ES,Federal Contract Tower,0,0,36,2,38,0,0,78,0,78,0,0,114,2,116,48,0,48,164
07/14/2006,HKY,NC,ASO,ES,Federal Contract Tower,0,4,35,0,39,0,0,54,0,54,0,4,89,0,93,80,0,80,173
07/15/2006,HKY,NC,ASO,ES,Federal Contract Tower,0,1,14,0,15,0,0,39,2,41,0,1,53,2,56,26,0,26,82
07/16/2006,HKY,NC,ASO,ES,Federal Contract Tower,0,2,22,0,24,0,0,25,0,25,0,2,47,0,49,16,0,16,65
07/17/2006,HKY,NC,ASO,ES,Federal Contract Tower,0,1,20,0,21,0,0,43,4,47,0,1,63,4,68,62,0,62,130
07/18/2006,HKY,NC,ASO,ES,Federal Contract Tower,0,2,26,2,30,0,0,52,8,60,0,2,78,10,90,92,0,92,182
07/19/2006,HKY,NC,ASO,ES,Federal Contract Tower,0,1,27,0,28,0,0,59,6,65,0,1,86,6,93,36,0,36,129
07/20/2006,HKY,NC,ASO,ES,Federal Contract Tower,0,0,36,0,36,0,0,50,2,52,0,0,86,2,88,40,0,40,128
07/21/2006,HKY,NC,ASO,ES,Federal Contract Tower,0,15,20,0,35,0,0,73,0,73,0,15,93,0,108,48,0,48,156
07/22/2006,HKY,NC,ASO,ES,Federal Contract Tower,0,13,4,0,17,0,2,37,0,39,0,15,41,0,56,60,0,60,116
07/23/2006,HKY,NC,ASO,ES,Federal Contract Tower,0,12,27,0,39,0,2,24,0,26,0,14,51,0,65,24,0,24,89
07/24/2006,HKY,NC,ASO,ES,Federal Contract Tower,0,16,17,0,33,0,0,26,2,28,0,16,43,2,61,18,0,18,79
07/25/2006,HKY,NC,ASO,ES,Federal Contract Tower,0,6,19,0,25,0,1,21,3,25,0,7,40,3,50,4,6,10,60
07/26/2006,HKY,NC,ASO,ES,Federal Contract Tower,0,8,16,0,24,0,0,44,0,44,0,8,60,0,68,36,0,36,104
07/27/2006,HKY,NC,ASO,ES,Federal Contract Tower,0,9,26,0,35,0,3,43,0,46,0,12,69,0,81,26,0,26,107
07/28/2006,HKY,NC,ASO,ES,Federal Contract Tower,0,11,19,0,30,0,0,44,0,44,0,11,63,0,74,66,0,66,140
07/29/2006,HKY,NC,ASO,ES,Federal Contract Tower,0,2,23,0,25,0,0,24,1,25,0,2,47,1,50,18,0,18,68
07/30/2006,HKY,NC,ASO,ES,Federal Contract Tower,0,3,32,0,35,0,0,29,0,29,0,3,61,0,64,22,0,22,86
07/31/2006,HKY,NC,ASO,ES,Federal Contract Tower,0,3,18,1,22,0,0,29,3,32,0,3,47,4,54,18,10,28,82
08/01/2006,HKY,NC,ASO,ES,Federal Contract Tower,0,10,17,0,27,0,0,32,0,32,0,10,49,0,59,46,0,46,105
08/02/2006,HKY,NC,ASO,ES,Federal Contract Tower,0,14,18,0,32,0,0,49,3,52,0,14,67,3,84,66,0,66,150
08/03/2006,HKY,NC,ASO,ES,Federal Contract Tower,0,16,18,0,34,0,0,44,0,44,0,16,62,0,78,42,0,42,120
08/04/2006,HKY,NC,ASO,ES,Federal Contract Tower,0,5,20,0,25,0,0,59,0,59,0,5,79,0,84,28,0,28,112
08/05/2006,HKY,NC,ASO,ES,Federal Contract Tower,0,3,13,0,16,0,0,26,0,26,0,3,39,0,42,28,0,28,70
08/06/2006,HKY,NC,ASO,ES,Federal Contract Tower,0,14,25,0,39,0,0,29,0,29,0,14,54,0,68,0,0,0,68
08/07/2006,HKY,NC,ASO,ES,Federal Contract Tower,0,4,18,0,22,0,0,43,0,43,0,4,61,0,65,22,0,22,87
08/08/2006,HKY,NC,ASO,ES,Federal Contract Tower,0,8,17,0,25,0,1,36,0,37,0,9,53,0,62,14,0,14,76
08/09/2006,HKY,NC,ASO,ES,Federal Contract Tower,0,12,19,0,31,0,0,31,0,31,0,12,50,0,62,32,0,32,94
08/10/2006,HKY,NC,ASO,ES,Federal Contract Tower,0,17,16,0,33,0,4,23,0,27,0,21,39,0,60,4,0,4,64
08/11/2006,HKY,NC,ASO,ES,Federal Contract Tower,0,7,26,2,35,0,13,21,0,34,0,20,47,2,69,26,2,28,97
08/12/2006,HKY,NC,ASO,ES,Federal Contract Tower,0,1,17,0,18,0,0,17,0,17,0,1,34,0,35,2,0,2,37
08/13/2006,HKY,NC,ASO,ES,Federal Contract Tower,0,11,22,1,34,0,0,39,0,39,0,11,61,1,73,38,0,38,111
08/14/2006,HKY,NC,ASO,ES,Federal Contract Tower,0,14,19,0,33,0,0,52,4,56,0,14,71,4,89,98,0,98,187
08/15/2006,HKY,NC,ASO,ES,Federal Contract Tower,0,9,34,0,43,0,2,35,0,37,0,11,69,0,80,40,0,40,120
08/16/2006,HKY,NC,ASO,ES,Federal Contract Tower,0,6,41,0,47,0,4,40,0,44,0,10,81,0,91,48,0,48,139
08/17/2006,HKY,NC,ASO,ES,Federal Contract Tower,0,15,27,0,42,0,5,57,2,64,0,20,84,2,106,50,0,50,156
08/18/2006,HKY,NC,ASO,ES,Federal Contract Tower,0,5,24,0,29,0,4,65,3,72,0,9,89,3,101,34,0,34,135
08/19/2006,HKY,NC,ASO,ES,Federal Contract Tower,0,6,14,1,21,0,0,29,0,29,0,6,43,1,50,18,0,18,68
08/20/2006,HKY,NC,ASO,ES,Federal Contract Tower,0,2,19,0,21,0,0,23,0,23,0,2,42,0,44,4,0,4,48
08/21/2006,HKY,NC,ASO,ES,Federal Contract Tower,0,0,0,0,0,0,0,60,2,62,0,0,60,2,62,12,0,12,74
08/22/2006,HKY,NC,ASO,ES,Federal Contract Tower,0,5,27,0,32,0,2,22,0,24,0,7,49,0,56,6,0,6,62
08/23/2006,HKY,NC,ASO,ES,Federal Contract Tower,0,7,32,0,39,0,0,58,0,58,0,7,90,0,97,36,0,36,133
08/24/2006,HKY,NC,ASO,ES,Federal Contract Tower,0,7,31,0,38,0,0,15,0,15,0,7,46,0,53,0,0,0,53
08/25/2006,HKY,NC,ASO,ES,Federal Contract Tower,0,2,18,0,20,0,2,62,1,65,0,4,80,1,85,34,0,34,119
08/26/2006,HKY,NC,ASO,ES,Federal Contract Tower,0,6,11,8,25,0,0,27,0,27,0,6,38,8,52,34,0,34,86
08/27/2006,HKY,NC,ASO,ES,Federal Contract Tower,0,0,20,0,20,0,0,51,0,51,0,0,71,0,71,44,4,48,119
08/28/2006,HKY,NC,ASO,ES,Federal Contract Tower,0,10,17,0,27,0,0,45,8,53,0,10,62,8,80,48,0,48,128
08/29/2006,HKY,NC,ASO,ES,Federal Contract Tower,0,5,17,0,22,0,0,52,6,58,0,5,69,6,80,44,4,48,128
08/30/2006,HKY,NC,ASO,ES,Federal Contract Tower,0,0,23,0,23,0,0,35,0,35,0,0,58,0,58,30,0,30,88
08/31/2006,HKY,NC,ASO,ES,Federal Contract Tower,0,11,20,0,31,0,0,0,0,0,0,11,20,0,31,0,0,0,31
09/01/2006,HKY,NC,ASO,ES,Federal Contract Tower,0,1,18,0,19,0,0,19,0,19,0,1,37,0,38,32,0,32,70
09/02/2006,HKY,NC,ASO,ES,Federal Contract Tower,0,2,16,0,18,0,0,27,0,27,0,2,43,0,45,58,0,58,103
09/03/2006,HKY,NC,ASO,ES,Federal Contract Tower,0,2,18,0,20,0,0,25,0,25,0,2,43,0,45,22,0,22,67
09/04/2006,HKY,NC,ASO,ES,Federal Contract Tower,0,3,24,0,27,0,0,13,0,13,0,3,37,0,40,34,0,34,74
09/05/2006,HKY,NC,ASO,ES,Federal Contract Tower,0,6,15,0,21,0,0,30,0,30,0,6,45,0,51,54,0,54,105
09/06/2006,HKY,NC,ASO,ES,Federal Contract Tower,0,0,38,0,38,0,0,56,0,56,0,0,94,0,94,84,0,84,178
09/07/2006,HKY,NC,ASO,ES,Federal Contract Tower,0,15,37,0,52,0,0,33,0,33,0,15,70,0,85,48,0,48,133
09/08/2006,HKY,NC,ASO,ES,Federal Contract Tower,0,0,29,0,29,0,0,42,0,42,0,0,71,0,71,96,0,96,167
09/09/2006,HKY,NC,ASO,ES,Federal Contract Tower,0,3,15,0,18,0,4,44,0,48,0,7,59,0,66,92,0,92,158
09/10/2006,HKY,NC,ASO,ES,Federal Contract Tower,0,5,17,0,22,0,0,40,2,42,0,5,57,2,64,8,0,8,72
09/11/2006,HKY,NC,ASO,ES,Federal Contract Tower,0,3,31,0,34,0,0,37,0,37,0,3,68,0,71,36,0,36,107
09/12/2006,HKY,NC,ASO,ES,Federal Contract Tower,0,9,30,0,39,0,0,52,0,52,0,9,82,0,91,42,0,42,133
09/13/2006,HKY,NC,ASO,ES,Federal Contract Tower,0,9,37,0,46,0,0,0,0,0,0,9,37,0,46,0,0,0,46
09/14/2006,HKY,NC,ASO,ES,Federal Contract Tower,0,16,46,0,62,0,0,33,1,34,0,16,79,1,96,18,0,18,114
09/15/2006,HKY,NC,ASO,ES,Federal Contract Tower,0,4,24,0,28,0,0,63,0,63,0,4,87,0,91,30,0,30,121
09/16/2006,HKY,NC,ASO,ES,Federal Contract Tower,0,1,7,0,8,0,0,41,0,41,0,1,48,0,49,22,0,22,71
09/17/2006,HKY,NC,ASO,ES,Federal Contract Tower,0,4,19,0,23,0,0,64,0,64,0,4,83,0,87,22,0,22,109
09/18/2006,HKY,NC,ASO,ES,Federal Contract Tower,0,4,14,0,18,0,0,47,0,47,0,4,61,0,65,48,0,48,113
09/19/2006,HKY,NC,ASO,ES,Federal Contract Tower,0,4,28,0,32,0,0,39,2,41,0,4,67,2,73,72,0,72,145
09/20/2006,HKY,NC,ASO,ES,Federal Contract Tower,0,3,26,0,29,0,0,46,0,46,0,3,72,0,75,40,0,40,115
09/21/2006,HKY,NC,ASO,ES,Federal Contract Tower,0,14,32,0,46,0,2,60,1,63,0,16,92,1,109,18,0,18,127
09/22/2006,HKY,NC,ASO,ES,Federal Contract Tower,0,5,30,0,35,0,0,30,0,30,0,5,60,0,65,54,0,54,119
09/23/2006,HKY,NC,ASO,ES,Federal Contract Tower,0,1,13,0,14,0,0,12,0,12,0,1,25,0,26,2,0,2,28
09/24/2006,HKY,NC,ASO,ES,Federal Contract Tower,0,5,19,0,24,0,0,21,0,21,0,5,40,0,45,6,0,6,51
09/25/2006,HKY,NC,ASO,ES,Federal Contract Tower,0,9,23,0,32,0,0,33,0,33,0,9,56,0,65,48,0,48,113
09/26/2006,HKY,NC,ASO,ES,Federal Contract Tower,0,21,18,4,43,0,0,60,0,60,0,21,78,4,103,42,0,42,145
09/27/2006,HKY,NC,ASO,ES,Federal Contract Tower,0,10,22,0,32,0,0,43,0,43,0,10,65,0,75,34,0,34,109
09/28/2006,HKY,NC,ASO,ES,Federal Contract Tower,2,7,27,2,38,0,1,33,0,34,2,8,60,2,72,48,4,52,124
09/29/2006,HKY,NC,ASO,ES,Federal Contract Tower,0,8,15,0,23,0,0,64,1,65,0,8,79,1,88,52,0,52,140
09/30/2006,HKY,NC,ASO,ES,Federal Contract Tower,0,2,9,0,11,0,2,18,0,20,0,4,27,0,31,0,0,0,31
10/01/2006,HKY,NC,ASO,ES,Federal Contract Tower,2,6,22,0,30,0,3,22,0,25,2,9,44,0,55,4,0,4,59
10/02/2006,HKY,NC,ASO,ES,Federal Contract Tower,0,3,10,0,13,0,0,59,0,59,0,3,69,0,72,36,0,36,108
10/03/2006,HKY,NC,ASO,ES,Federal Contract Tower,0,5,29,0,34,0,2,84,0,86,0,7,113,0,120,48,0,48,168
10/04/2006,HKY,NC,ASO,ES,Federal Contract Tower,0,5,20,2,27,0,0,65,3,68,0,5,85,5,95,64,0,64,159
10/05/2006,HKY,NC,ASO,ES,Federal Contract Tower,0,10,21,0,31,0,2,54,0,56,0,12,75,0,87,12,0,12,99
10/06/2006,HKY,NC,ASO,ES,Federal Contract Tower,0,11,23,0,34,0,0,53,0,53,0,11,76,0,87,24,2,26,113
10/07/2006,HKY,NC,ASO,ES,Federal Contract Tower,0,0,18,0,18,0,0,25,0,25,0,0,43,0,43,4,0,4,47
10/08/2006,HKY,NC,ASO,ES,Federal Contract Tower,0,4,26,0,30,0,0,3,0,3,0,4,29,0,33,0,0,0,33
10/09/2006,HKY,NC,ASO,ES,Federal Contract Tower,0,0,31,0,31,0,4,40,0,44,0,4,71,0,75,56,0,56,131
10/10/2006,HKY,NC,ASO,ES,Federal Contract Tower,0,3,23,0,26,0,3,61,0,64,0,6,84,0,90,50,0,50,140
10/11/2006,HKY,NC,ASO,ES,Federal Contract Tower,0,5,22,0,27,0,0,58,0,58,0,5,80,0,85,66,2,68,153
10/12/2006,HKY,NC,ASO,ES,Federal Contract Tower,0,8,12,0,20,0,2,36,1,39,0,10,48,1,59,16,0,16,75
10/13/2006,HKY,NC,ASO,ES,Federal Contract Tower,0,13,14,0,27,0,0,64,0,64,0,13,78,0,91,88,0,88,179
10/14/2006,HKY,NC,ASO,ES,Federal Contract Tower,0,2,17,0,19,0,0,41,0,41,0,2,58,0,60,44,0,44,104
10/15/2006,HKY,NC,ASO,ES,Federal Contract Tower,0,5,12,1,18,0,1,35,1,37,0,6,47,2,55,18,0,18,73
10/16/2006,HKY,NC,ASO,ES,Federal Contract Tower,0,1,25,0,26,0,2,24,0,26,0,3,49,0,52,92,0,92,144
10/17/2006,HKY,NC,ASO,ES,Federal Contract Tower,0,10,10,0,20,0,0,0,0,0,0,10,10,0,20,0,0,0,20
10/18/2006,HKY,NC,ASO,ES,Federal Contract Tower,0,8,14,8,30,0,0,53,4,57,0,8,67,12,87,76,0,76,163
10/19/2006,HKY,NC,ASO,ES,Federal Contract Tower,0,6,29,0,35,0,0,0,0,0,0,6,29,0,35,0,0,0,35
10/20/2006,HKY,NC,ASO,ES,Federal Contract Tower,0,10,12,0,22,0,0,63,0,63,0,10,75,0,85,10,4,14,99
10/21/2006,HKY,NC,ASO,ES,Federal Contract Tower,0,5,20,0,25,0,0,60,0,60,0,5,80,0,85,20,0,20,105
10/22/2006,HKY,NC,ASO,ES,Federal Contract Tower,0,5,25,0,30,0,0,37,1,38,0,5,62,1,68,88,0,88,156
10/23/2006,HKY,NC,ASO,ES,Federal Contract Tower,0,3,17,0,20,0,0,35,0,35,0,3,52,0,55,50,0,50,105
10/24/2006,HKY,NC,ASO,ES,Federal Contract Tower,0,6,18,1,25,0,0,59,3,62,0,6,77,4,87,46,8,54,141
10/25/2006,HKY,NC,ASO,ES,Federal Contract Tower,0,10,23,0,33,0,0,100,1,101,0,10,123,1,134,354,0,354,488
10/26/2006,HKY,NC,ASO,ES,Federal Contract Tower,0,5,14,0,19,0,4,170,0,174,0,9,184,0,193,108,0,108,301
10/27/2006,HKY,NC,ASO,ES,Federal Contract Tower,0,6,23,0,29,0,0,0,0,0,0,6,23,0,29,0,0,0,29
10/28/2006,HKY,NC,ASO,ES,Federal Contract Tower,0,9,11,0,20,0,0,55,0,55,0,9,66,0,75,46,0,46,121
10/29/2006,HKY,NC,ASO,ES,Federal Contract Tower,0,9,17,1,27,0,2,36,1,39,0,11,53,2,66,22,0,22,88
10/30/2006,HKY,NC,ASO,ES,Federal Contract Tower,0,1,16,0,17,0,0,45,0,45,0,1,61,0,62,60,0,60,122
10/31/2006,HKY,NC,ASO,ES,Federal Contract Tower,0,3,33,0,36,0,0,52,0,52,0,3,85,0,88,42,0,42,130
11/01/2006,HKY,NC,ASO,ES,Federal Contract Tower,0,19,18,0,37,0,0,87,0,87,0,19,105,0,124,58,0,58,182
11/02/2006,HKY,NC,ASO,ES,Federal Contract Tower,0,10,25,0,35,0,4,55,0,59,0,14,80,0,94,18,0,18,112
11/03/2006,HKY,NC,ASO,ES,Federal Contract Tower,0,4,23,0,27,0,0,53,0,53,0,4,76,0,80,26,0,26,106
11/04/2006,HKY,NC,ASO,ES,Federal Contract Tower,0,4,11,0,15,0,0,46,0,46,0,4,57,0,61,12,0,12,73
11/05/2006,HKY,NC,ASO,ES,Federal Contract Tower,0,6,15,0,21,0,0,38,0,38,0,6,53,0,59,36,0,36,95
11/06/2006,HKY,NC,ASO,ES,Federal Contract Tower,0,3,28,0,31,0,0,42,0,42,0,3,70,0,73,18,0,18,91
11/07/2006,HKY,NC,ASO,ES,Federal Contract Tower,0,8,13,0,21,0,0,0,0,0,0,8,13,0,21,2,0,2,23
11/08/2006,HKY,NC,ASO,ES,Federal Contract Tower,0,3,28,0,31,0,0,28,0,28,0,3,56,0,59,38,0,38,97
11/09/2006,HKY,NC,ASO,ES,Federal Contract Tower,0,10,18,0,28,0,2,80,0,82,0,12,98,0,110,58,0,58,168
11/10/2006,HKY,NC,ASO,ES,Federal Contract Tower,0,2,21,0,23,0,2,83,1,86,0,4,104,1,109,94,0,94,203
11/11/2006,HKY,NC,ASO,ES,Federal Contract Tower,0,2,8,0,10,0,2,45,0,47,0,4,53,0,57,4,0,4,61
11/12/2006,HKY,NC,ASO,ES,Federal Contract Tower,0,0,12,0,12,0,0,9,0,9,0,0,21,0,21,0,0,0,21
11/13/2006,HKY,NC,ASO,ES,Federal Contract Tower,0,0,24,0,24,0,0,40,0,40,0,0,64,0,64,74,0,74,138
11/14/2006,HKY,NC,ASO,ES,Federal Contract Tower,0,6,32,0,38,0,1,58,1,60,0,7,90,1,98,54,0,54,152
11/15/2006,HKY,NC,ASO,ES,Federal Contract Tower,0,3,22,0,25,0,0,13,0,13,0,3,35,0,38,34,0,34,72
11/16/2006,HKY,NC,ASO,ES,Federal Contract Tower,0,9,18,0,27,0,2,7,0,9,0,11,25,0,36,18,0,18,54
11/17/2006,HKY,NC,ASO,ES,Federal Contract Tower,0,1,18,0,19,0,0,65,0,65,0,1,83,0,84,52,0,52,136
11/18/2006,HKY,NC,ASO,ES,Federal Contract Tower,0,2,10,0,12,0,0,33,0,33,0,2,43,0,45,0,0,0,45
11/19/2006,HKY,NC,ASO,ES,Federal Contract Tower,0,8,12,0,20,0,0,20,0,20,0,8,32,0,40,4,2,6,46
11/20/2006,HKY,NC,ASO,ES,Federal Contract Tower,0,5,24,0,29,0,0,7,0,7,0,5,31,0,36,26,0,26,62
11/21/2006,HKY,NC,ASO,ES,Federal Contract Tower,0,11,19,0,30,0,0,40,0,40,0,11,59,0,70,46,0,46,116
11/22/2006,HKY,NC,ASO,ES,Federal Contract Tower,0,3,17,0,20,0,2,2,0,4,0,5,19,0,24,0,0,0,24
11/23/2006,HKY,NC,ASO,ES,Federal Contract Tower,0,0,14,0,14,0,0,15,0,15,0,0,29,0,29,6,0,6,35
11/24/2006,HKY,NC,ASO,ES,Federal Contract Tower,0,1,9,0,10,0,4,35,0,39,0,5,44,0,49,10,0,10,59
11/25/2006,HKY,NC,ASO,ES,Federal Contract Tower,0,7,20,0,27,0,0,55,2,57,0,7,75,2,84,22,0,22,106
11/26/2006,HKY,NC,ASO,ES,Federal Contract Tower,0,0,17,0,17,0,0,31,0,31,0,0,48,0,48,36,0,36,84
11/27/2006,HKY,NC,ASO,ES,Federal Contract Tower,0,6,15,0,21,0,0,65,0,65,0,6,80,0,86,78,0,78,164
11/28/2006,HKY,NC,ASO,ES,Federal Contract Tower,0,2,10,0,12,0,1,55,0,56,0,3,65,0,68,24,0,24,92
11/29/2006,HKY,NC,ASO,ES,Federal Contract Tower,0,2,23,0,25,0,0,34,0,34,0,2,57,0,59,30,0,30,89
11/30/2006,HKY,NC,ASO,ES,Federal Contract Tower,0,7,14,0,21,0,0,9,0,9,0,7,23,0,30,4,0,4,34
12/01/2006,HKY,NC,ASO,ES,Federal Contract Tower,0,0,7,0,7,0,0,4,0,4,0,0,11,0,11,0,0,0,11
12/02/2006,HKY,NC,ASO,ES,Federal Contract Tower,0,2,12,0,14,0,0,53,0,53,0,2,65,0,67,6,0,6,73
12/03/2006,HKY,NC,ASO,ES,Federal Contract Tower,0,5,13,0,18,0,0,39,0,39,0,5,52,0,57,32,0,32,89
12/04/2006,HKY,NC,ASO,ES,Federal Contract Tower,0,8,9,0,17,0,0,40,0,40,0,8,49,0,57,80,0,80,137
12/05/2006,HKY,NC,ASO,ES,Federal Contract Tower,0,8,9,0,17,0,0,51,2,53,0,8,60,2,70,60,0,60,130
12/06/2006,HKY,NC,ASO,ES,Federal Contract Tower,0,6,26,0,32,0,0,38,0,38,0,6,64,0,70,2,0,2,72
12/07/2006,HKY,NC,ASO,ES,Federal Contract Tower,0,6,17,0,23,0,0,28,1,29,0,6,45,1,52,12,0,12,64
12/08/2006,HKY,NC,ASO,ES,Federal Contract Tower,0,0,15,0,15,0,2,25,0,27,0,2,40,0,42,12,0,12,54
12/09/2006,HKY,NC,ASO,ES,Federal Contract Tower,0,2,9,0,11,0,0,37,0,37,0,2,46,0,48,28,0,28,76
12/10/2006,HKY,NC,ASO,ES,Federal Contract Tower,0,2,13,0,15,0,0,40,0,40,0,2,53,0,55,6,0,6,61
12/11/2006,HKY,NC,ASO,ES,Federal Contract Tower,0,3,15,0,18,0,2,54,2,58,0,5,69,2,76,32,0,32,108
12/12/2006,HKY,NC,ASO,ES,Federal Contract Tower,0,5,18,0,23,0,1,65,2,68,0,6,83,2,91,44,0,44,135
12/13/2006,HKY,NC,ASO,ES,Federal Contract Tower,0,0,13,0,13,0,0,27,2,29,0,0,40,2,42,34,0,34,76
12/14/2006,HKY,NC,ASO,ES,Federal Contract Tower,0,3,26,0,29,0,0,42,0,42,0,3,68,0,71,24,0,24,95
12/15/2006,HKY,NC,ASO,ES,Federal Contract Tower,0,7,29,0,36,0,2,36,6,44,0,9,65,6,80,24,0,24,104
12/16/2006,HKY,NC,ASO,ES,Federal Contract Tower,0,0,7,0,7,0,2,56,1,59,0,2,63,1,66,22,0,22,88
12/17/2006,HKY,NC,ASO,ES,Federal Contract Tower,0,4,9,0,13,0,0,43,0,43,0,4,52,0,56,14,0,14,70
12/18/2006,HKY,NC,ASO,ES,Federal Contract Tower,0,4,14,0,18,0,0,48,0,48,0,4,62,0,66,14,0,14,80
12/19/2006,HKY,NC,ASO,ES,Federal Contract Tower,0,3,13,0,16,0,0,43,0,43,0,3,56,0,59,28,0,28,87
12/20/2006,HKY,NC,ASO,ES,Federal Contract Tower,0,10,13,0,23,0,0,60,0,60,0,10,73,0,83,46,0,46,129
12/21/2006,HKY,NC,ASO,ES,Federal Contract Tower,0,3,26,0,29,0,0,2,0,2,0,3,28,0,31,0,0,0,31
12/22/2006,HKY,NC,ASO,ES,Federal Contract Tower,0,1,15,0,16,0,0,0,0,0,0,1,15,0,16,0,0,0,16
12/23/2006,HKY,NC,ASO,ES,Federal Contract Tower,0,3,13,0,16,0,4,30,0,34,0,7,43,0,50,34,0,34,84
12/24/2006,HKY,NC,ASO,ES,Federal Contract Tower,0,0,5,0,5,0,0,7,0,7,0,0,12,0,12,4,0,4,16
12/25/2006,HKY,NC,ASO,ES,Federal Contract Tower,0,0,2,0,2,0,0,0,0,0,0,0,2,0,2,0,0,0,2
12/26/2006,HKY,NC,ASO,ES,Federal Contract Tower,0,8,19,0,27,0,0,7,0,7,0,8,26,0,34,4,0,4,38
12/27/2006,HKY,NC,ASO,ES,Federal Contract Tower,0,1,17,0,18,0,0,39,0,39,0,1,56,0,57,32,0,32,89
12/28/2006,HKY,NC,ASO,ES,Federal Contract Tower,0,5,19,0,24,0,3,40,0,43,0,8,59,0,67,16,0,16,83
12/29/2006,HKY,NC,ASO,ES,Federal Contract Tower,0,0,13,0,13,0,1,48,0,49,0,1,61,0,62,20,0,20,82
12/30/2006,HKY,NC,ASO,ES,Federal Contract Tower,0,4,10,0,14,0,0,23,0,23,0,4,33,0,37,0,0,0,37
12/31/2006,HKY,NC,ASO,ES,Federal Contract Tower,0,2,16,0,18,0,0,0,0,0,0,2,16,0,18,0,0,0,18
01/01/2007,HKY,NC,ASO,ES,Federal Contract Tower,0,1,4,0,5,0,2,12,0,14,0,3,16,0,19,6,0,6,25
01/02/2007,HKY,NC,ASO,ES,Federal Contract Tower,0,3,8,0,11,0,4,47,4,55,0,7,55,4,66,22,2,24,90
01/03/2007,HKY,NC,ASO,ES,Federal Contract Tower,0,4,14,0,18,0,0,50,2,52,0,4,64,2,70,22,4,26,96
01/04/2007,HKY,NC,ASO,ES,Federal Contract Tower,0,2,18,0,20,0,0,32,0,32,0,2,50,0,52,24,0,24,76
01/05/2007,HKY,NC,ASO,ES,Federal Contract Tower,0,0,11,0,11,0,0,7,0,7,0,0,18,0,18,2,0,2,20
01/06/2007,HKY,NC,ASO,ES,Federal Contract Tower,0,2,11,0,13,0,0,27,0,27,0,2,38,0,40,44,0,44,84
01/07/2007,HKY,NC,ASO,ES,Federal Contract Tower,0,0,10,0,10,0,0,3,0,3,0,0,13,0,13,2,0,2,15
01/08/2007,HKY,NC,ASO,ES,Federal Contract Tower,0,3,16,0,19,0,1,9,2,12,0,4,25,2,31,0,0,0,31
01/09/2007,HKY,NC,ASO,ES,Federal Contract Tower,0,2,6,0,8,0,2,17,0,19,0,4,23,0,27,18,0,18,45
01/10/2007,HKY,NC,ASO,ES,Federal Contract Tower,0,4,10,0,14,0,0,45,0,45,0,4,55,0,59,26,0,26,85
01/11/2007,HKY,NC,ASO,ES,Federal Contract Tower,0,2,11,0,13,0,1,78,0,79,0,3,89,0,92,106,0,106,198
01/12/2007,HKY,NC,ASO,ES,Federal Contract Tower,0,5,58,2,65,0,0,0,0,0,0,5,58,2,65,46,0,46,111
01/13/2007,HKY,NC,ASO,ES,Federal Contract Tower,0,0,7,0,7,0,1,40,0,41,0,1,47,0,48,32,0,32,80
01/14/2007,HKY,NC,ASO,ES,Federal Contract Tower,0,2,12,0,14,0,0,22,0,22,0,2,34,0,36,4,0,4,40
01/15/2007,HKY,NC,ASO,ES,Federal Contract Tower,0,1,16,0,17,0,0,14,0,14,0,1,30,0,31,0,0,0,31
01/16/2007,HKY,NC,ASO,ES,Federal Contract Tower,0,5,15,0,20,0,2,23,0,25,0,7,38,0,45,12,0,12,57
01/17/2007,HKY,NC,ASO,ES,Federal Contract Tower,0,8,27,1,36,0,0,56,1,57,0,8,83,2,93,18,0,18,111
01/18/2007,HKY,NC,ASO,ES,Federal Contract Tower,0,4,8,0,12,0,0,0,0,0,0,4,8,0,12,0,0,0,12
01/19/2007,HKY,NC,ASO,ES,Federal Contract Tower,0,10,7,2,19,0,0,47,0,47,0,10,54,2,66,62,0,62,128
01/20/2007,HKY,NC,ASO,ES,Federal Contract Tower,0,0,21,0,21,0,0,45,0,45,0,0,66,0,66,38,0,38,104
01/21/2007,HKY,NC,ASO,ES,Federal Contract Tower,0,1,9,0,10,0,0,9,0,9,0,1,18,0,19,0,0,0,19
01/22/2007,HKY,NC,ASO,ES,Federal Contract Tower,0,6,10,0,16,0,0,0,0,0,0,6,10,0,16,0,0,0,16
01/23/2007,HKY,NC,ASO,ES,Federal Contract Tower,0,12,15,0,27,0,0,48,0,48,0,12,63,0,75,26,0,26,101
01/24/2007,HKY,NC,ASO,ES,Federal Contract Tower,0,7,18,0,25,0,0,46,1,47,0,7,64,1,72,30,0,30,102
01/25/2007,HKY,NC,ASO,ES,Federal Contract Tower,0,6,8,0,14,0,0,25,7,32,0,6,33,7,46,0,0,0,46
01/26/2007,HKY,NC,ASO,ES,Federal Contract Tower,0,4,13,0,17,0,0,58,0,58,0,4,71,0,75,62,0,62,137
01/27/2007,HKY,NC,ASO,ES,Federal Contract Tower,0,0,6,0,6,0,0,53,0,53,0,0,59,0,59,26,0,26,85
01/28/2007,HKY,NC,ASO,ES,Federal Contract Tower,0,1,14,0,15,0,0,5,0,5,0,1,19,0,20,0,0,0,20
01/29/2007,HKY,NC,ASO,ES,Federal Contract Tower,0,5,6,0,11,0,0,20,0,20,0,5,26,0,31,4,0,4,35
01/30/2007,HKY,NC,ASO,ES,Federal Contract Tower,0,7,10,0,17,0,0,43,0,43,0,7,53,0,60,12,0,12,72
01/31/2007,HKY,NC,ASO,ES,Federal Contract Tower,0,3,17,0,20,0,0,61,0,61,0,3,78,0,81,54,0,54,135
02/01/2007,HKY,NC,ASO,ES,Federal Contract Tower,0,1,3,0,4,0,0,0,0,0,0,1,3,0,4,0,0,0,4
02/02/2007,HKY,NC,ASO,ES,Federal Contract Tower,0,0,16,0,16,0,0,0,0,0,0,0,16,0,16,8,0,8,24
02/03/2007,HKY,NC,ASO,ES,Federal Contract Tower,0,0,10,0,10,0,0,42,0,42,0,0,52,0,52,10,0,10,62
02/04/2007,HKY,NC,ASO,ES,Federal Contract Tower,0,0,8,0,8,0,0,16,0,16,0,0,24,0,24,10,0,10,34
02/05/2007,HKY,NC,ASO,ES,Federal Contract Tower,0,3,17,0,20,0,0,23,0,23,0,3,40,0,43,4,0,4,47
02/06/2007,HKY,NC,ASO,ES,Federal Contract Tower,0,5,24,0,29,0,0,22,0,22,0,5,46,0,51,38,0,38,89
02/07/2007,HKY,NC,ASO,ES,Federal Contract Tower,0,9,29,0,38,0,0,37,2,39,0,9,66,2,77,6,0,6,83
02/08/2007,HKY,NC,ASO,ES,Federal Contract Tower,0,7,28,0,35,0,0,56,0,56,0,7,84,0,91,22,0,22,113
02/09/2007,HKY,NC,ASO,ES,Federal Contract Tower,0,4,16,0,20,0,0,41,4,45,0,4,57,4,65,36,0,36,101
02/10/2007,HKY,NC,ASO,ES,Federal Contract Tower,0,2,18,0,20,0,0,29,6,35,0,2,47,6,55,8,0,8,63
02/11/2007,HKY,NC,ASO,ES,Federal Contract Tower,0,0,13,0,13,0,0,27,0,27,0,0,40,0,40,8,0,8,48
02/12/2007,HKY,NC,ASO,ES,Federal Contract Tower,0,1,24,0,25,0,0,40,0,40,0,1,64,0,65,52,0,52,117
02/13/2007,HKY,NC,ASO,ES,Federal Contract Tower,0,12,10,0,22,0,0,0,0,0,0,12,10,0,22,0,0,0,22
02/14/2007,HKY,NC,ASO,ES,Federal Contract Tower,0,3,18,0,21,0,0,9,0,9,0,3,27,0,30,0,0,0,30
02/15/2007,HKY,NC,ASO,ES,Federal Contract Tower,0,5,25,0,30,0,0,38,0,38,0,5,63,0,68,18,0,18,86
02/16/2007,HKY,NC,ASO,ES,Federal Contract Tower,0,0,18,0,18,0,3,30,2,35,0,3,48,2,53,12,0,12,65
02/17/2007,HKY,NC,ASO,ES,Federal Contract Tower,0,16,18,0,34,0,0,30,0,30,0,16,48,0,64,24,0,24,88
02/18/2007,HKY,NC,ASO,ES,Federal Contract Tower,0,6,15,0,21,0,0,22,0,22,0,6,37,0,43,2,0,2,45
02/19/2007,HKY,NC,ASO,ES,Federal Contract Tower,0,3,15,0,18,0,0,40,3,43,0,3,55,3,61,42,0,42,103
02/20/2007,HKY,NC,ASO,ES,Federal Contract Tower,0,10,13,0,23,0,0,62,0,62,0,10,75,0,85,30,0,30,115
02/21/2007,HKY,NC,ASO,ES,Federal Contract Tower,0,0,23,0,23,0,0,35,0,35,0,0,58,0,58,8,0,8,66
02/22/2007,HKY,NC,ASO,ES,Federal Contract Tower,0,4,23,2,29,0,3,25,0,28,0,7,48,2,57,6,0,6,63
02/23/2007,HKY,NC,ASO,ES,Federal Contract Tower,0,0,0,0,0,0,51,0,0,51,0,51,0,0,51,4,0,4,55
02/24/2007,HKY,NC,ASO,ES,Federal Contract Tower,0,4,6,0,10,0,0,52,2,54,0,4,58,2,64,12,8,20,84
02/25/2007,HKY,NC,ASO,ES,Federal Contract Tower,0,0,5,0,5,0,0,0,0,0,0,0,5,0,5,0,0,0,5
02/26/2007,HKY,NC,ASO,ES,Federal Contract Tower,0,4,16,0,20,0,0,53,7,60,0,4,69,7,80,44,0,44,124
02/27/2007,HKY,NC,ASO,ES,Federal Contract Tower,0,2,7,0,9,0,1,69,3,73,0,3,76,3,82,66,0,66,148
02/28/2007,HKY,NC,ASO,ES,Federal Contract Tower,0,1,14,0,15,0,0,54,2,56,0,1,68,2,71,26,0,26,97
03/01/2007,HKY,NC,ASO,ES,Federal Contract Tower,0,6,8,0,14,0,0,0,0,0,0,6,8,0,14,0,0,0,14
03/02/2007,HKY,NC,ASO,ES,Federal Contract Tower,0,2,16,0,18,0,3,42,2,47,0,5,58,2,65,28,0,28,93
03/03/2007,HKY,NC,ASO,ES,Federal Contract Tower,0,0,11,0,11,0,0,32,0,32,0,0,43,0,43,0,0,0,43
03/04/2007,HKY,NC,ASO,ES,Federal Contract Tower,0,1,12,0,13,0,0,26,10,36,0,1,38,10,49,2,4,6,55
03/05/2007,HKY,NC,ASO,ES,Federal Contract Tower,0,0,22,0,22,0,0,44,0,44,0,0,66,0,66,26,0,26,92
03/06/2007,HKY,NC,ASO,ES,Federal Contract Tower,0,4,21,0,25,0,0,53,2,55,0,4,74,2,80,74,0,74,154
03/07/2007,HKY,NC,ASO,ES,Federal Contract Tower,0,5,8,0,13,0,0,49,8,57,0,5,57,8,70,30,0,30,100
03/08/2007,HKY,NC,ASO,ES,Federal Contract Tower,0,4,25,0,29,0,3,44,0,47,0,7,69,0,76,10,0,10,86
03/09/2007,HKY,NC,ASO,ES,Federal Contract Tower,0,6,17,0,23,0,0,36,4,40,0,6,53,4,63,28,0,28,91
03/10/2007,HKY,NC,ASO,ES,Federal Contract Tower,0,0,11,0,11,0,0,47,4,51,0,0,58,4,62,18,0,18,80
03/11/2007,HKY,NC,ASO,ES,Federal Contract Tower,0,5,12,0,17,0,0,33,1,34,0,5,45,1,51,4,0,4,55
03/12/2007,HKY,NC,ASO,ES,Federal Contract Tower,0,5,18,0,23,0,0,81,12,93,0,5,99,12,116,18,0,18,134
03/13/2007,HKY,NC,ASO,ES,Federal Contract Tower,0,4,42,0,46,0,1,65,0,66,0,5,107,0,112,92,0,92,204
03/14/2007,HKY,NC,ASO,ES,Federal Contract Tower,0,7,19,0,26,0,0,54,5,59,0,7,73,5,85,62,0,62,147
03/15/2007,HKY,NC,ASO,ES,Federal Contract Tower,0,10,28,1,39,0,1,44,3,48,0,11,72,4,87,10,0,10,97
03/16/2007,HKY,NC,ASO,ES,Federal Contract Tower,0,2,20,0,22,0,0,0,0,0,0,2,20,0,22,0,0,0,22
03/17/2007,HKY,NC,ASO,ES,Federal Contract Tower,0,4,5,0,9,0,4,16,0,20,0,8,21,0,29,0,0,0,29
03/18/2007,HKY,NC,ASO,ES,Federal Contract Tower,0,11,15,0,26,0,0,46,2,48,0,11,61,2,74,4,0,4,78
03/19/2007,HKY,NC,ASO,ES,Federal Contract Tower,0,4,16,0,20,0,0,50,1,51,0,4,66,1,71,24,0,24,95
03/20/2007,HKY,NC,ASO,ES,Federal Contract Tower,0,4,25,0,29,0,0,63,0,63,0,4,88,0,92,72,0,72,164
03/21/2007,HKY,NC,ASO,ES,Federal Contract Tower,0,3,22,0,25,0,0,54,0,54,0,3,76,0,79,42,0,42,121
03/22/2007,HKY,NC,ASO,ES,Federal Contract Tower,0,12,39,0,51,0,0,74,0,74,0,12,113,0,125,94,0,94,219
03/23/2007,HKY,NC,ASO,ES,Federal Contract Tower,0,4,30,0,34,0,4,75,2,81,0,8,105,2,115,50,0,50,165
03/24/2007,HKY,NC,ASO,ES,Federal Contract Tower,0,2,7,0,9,0,3,27,9,39,0,5,34,9,48,8,0,8,56
03/25/2007,HKY,NC,ASO,ES,Federal Contract Tower,0,4,20,0,24,0,2,54,5,61,0,6,74,5,85,6,0,6,91
03/26/2007,HKY,NC,ASO,ES,Federal Contract Tower,0,0,22,0,22,0,0,56,0,56,0,0,78,0,78,36,0,36,114
03/27/2007,HKY,NC,ASO,ES,Federal Contract Tower,0,9,21,0,30,0,0,42,0,42,0,9,63,0,72,68,0,68,140
03/28/2007,HKY,NC,ASO,ES,Federal Contract Tower,0,4,28,0,32,0,0,64,2,66,0,4,92,2,98,72,0,72,170
03/29/2007,HKY,NC,ASO,ES,Federal Contract Tower,0,8,38,0,46,0,0,0,0,0,0,8,38,0,46,0,2,2,48
03/30/2007,HKY,NC,ASO,ES,Federal Contract Tower,0,0,27,0,27,0,0,65,2,67,0,0,92,2,94,115,0,115,209
03/31/2007,HKY,NC,ASO,ES,Federal Contract Tower,0,4,16,0,20,0,4,24,5,33,0,8,40,5,53,0,0,0,53
04/01/2007,HKY,NC,ASO,ES,Federal Contract Tower,0,3,13,0,16,0,0,3,2,5,0,3,16,2,21,0,0,0,21
04/02/2007,HKY,NC,ASO,ES,Federal Contract Tower,0,2,26,0,28,0,4,39,6,49,0,6,65,6,77,82,0,82,159
04/03/2007,HKY,NC,ASO,ES,Federal Contract Tower,0,8,9,0,17,0,2,58,3,63,0,10,67,3,80,32,3,35,115
04/04/2007,HKY,NC,ASO,ES,Federal Contract Tower,0,5,18,0,23,0,0,20,4,24,0,5,38,4,47,2,0,2,49
04/05/2007,HKY,NC,ASO,ES,Federal Contract Tower,0,10,19,0,29,0,8,21,1,30,0,18,40,1,59,10,0,10,69
04/06/2007,HKY,NC,ASO,ES,Federal Contract Tower,0,3,26,0,29,0,0,59,0,59,0,3,85,0,88,32,0,32,120
04/07/2007,HKY,NC,ASO,ES,Federal Contract Tower,0,9,9,0,18,0,0,46,0,46,0,9,55,0,64,12,0,12,76
04/08/2007,HKY,NC,ASO,ES,Federal Contract Tower,0,0,7,0,7,0,3,15,4,22,0,3,22,4,29,10,0,10,39
04/09/2007,HKY,NC,ASO,ES,Federal Contract Tower,0,11,21,0,32,0,2,54,4,60,0,13,75,4,92,66,0,66,158
04/10/2007,HKY,NC,ASO,ES,Federal Contract Tower,0,6,22,0,28,0,0,49,9,58,0,6,71,9,86,16,0,16,102
04/11/2007,HKY,NC,ASO,ES,Federal Contract Tower,0,6,26,4,36,0,0,6,0,6,0,6,32,4,42,0,0,0,42
04/12/2007,HKY,NC,ASO,ES,Federal Contract Tower,0,7,21,2,30,0,1,27,0,28,0,8,48,2,58,12,0,12,70
04/13/2007,HKY,NC,ASO,ES,Federal Contract Tower,0,4,28,0,32,0,2,71,6,79,0,6,99,6,111,92,0,92,203
04/14/2007,HKY,NC,ASO,ES,Federal Contract Tower,0,2,15,0,17,0,0,28,2,30,0,2,43,2,47,0,0,0,47
04/15/2007,HKY,NC,ASO,ES,Federal Contract Tower,0,3,6,0,9,0,0,0,0,0,0,3,6,0,9,0,0,0,9
04/16/2007,HKY,NC,ASO,ES,Federal Contract Tower,0,1,19,0,20,0,0,0,0,0,0,1,19,0,20,4,0,4,24
04/17/2007,HKY,NC,ASO,ES,Federal Contract Tower,0,4,24,0,28,0,1,17,0,18,0,5,41,0,46,0,0,0,46
04/18/2007,HKY,NC,ASO,ES,Federal Contract Tower,0,4,24,0,28,0,0,68,3,71,0,4,92,3,99,62,0,62,161
04/19/2007,HKY,NC,ASO,ES,Federal Contract Tower,0,5,23,0,28,0,0,0,0,0,0,5,23,0,28,0,0,0,28
04/20/2007,HKY,NC,ASO,ES,Federal Contract Tower,0,7,15,0,22,0,0,84,0,84,0,7,99,0,106,30,0,30,136
04/21/2007,HKY,NC,ASO,ES,Federal Contract Tower,0,3,21,0,24,0,0,79,0,79,0,3,100,0,103,66,0,66,169
04/22/2007,HKY,NC,ASO,ES,Federal Contract Tower,0,1,14,0,15,0,0,38,0,38,0,1,52,0,53,8,0,8,61
04/23/2007,HKY,NC,ASO,ES,Federal Contract Tower,0,8,19,0,27,0,1,50,6,57,0,9,69,6,84,58,0,58,142
04/24/2007,HKY,NC,ASO,ES,Federal Contract Tower,0,6,25,0,31,0,2,55,0,57,0,8,80,0,88,28,0,28,116
04/25/2007,HKY,NC,ASO,ES,Federal Contract Tower,0,8,24,1,33,0,1,44,4,49,0,9,68,5,82,46,0,46,128
04/26/2007,HKY,NC,ASO,ES,Federal Contract Tower,0,19,16,0,35,0,4,32,0,36,0,23,48,0,71,30,0,30,101
04/27/2007,HKY,NC,ASO,ES,Federal Contract Tower,0,6,15,0,21,0,0,35,0,35,0,6,50,0,56,54,0,54,110
04/28/2007,HKY,NC,ASO,ES,Federal Contract Tower,0,3,17,0,20,0,0,49,0,49,0,3,66,0,69,6,0,6,75
04/29/2007,HKY,NC,ASO,ES,Federal Contract Tower,0,5,16,0,21,0,5,39,4,48,0,10,55,4,69,26,0,26,95
04/30/2007,HKY,NC,ASO,ES,Federal Contract Tower,0,3,15,0,18,0,1,77,2,80,0,4,92,2,98,55,0,55,153
05/01/2007,HKY,NC,ASO,ES,Federal Contract Tower,0,5,27,0,32,0,2,66,11,79,0,7,93,11,111,58,0,58,169
05/02/2007,HKY,NC,ASO,ES,Federal Contract Tower,0,3,16,0,19,0,8,73,4,85,0,11,89,4,104,52,0,52,156
05/03/2007,HKY,NC,ASO,ES,Federal Contract Tower,0,10,30,1,41,0,0,16,0,16,0,10,46,1,57,10,0,10,67
05/04/2007,HKY,NC,ASO,ES,Federal Contract Tower,0,9,18,0,27,0,0,3,0,3,0,9,21,0,30,0,0,0,30
05/05/2007,HKY,NC,ASO,ES,Federal Contract Tower,0,4,5,0,9,0,0,0,0,0,0,4,5,0,9,0,0,0,9
05/06/2007,HKY,NC,ASO,ES,Federal Contract Tower,0,7,17,0,24,0,1,22,0,23,0,8,39,0,47,4,0,4,51
05/07/2007,HKY,NC,ASO,ES,Federal Contract Tower,0,5,22,0,27,0,0,74,0,74,0,5,96,0,101,18,0,18,119
05/08/2007,HKY,NC,ASO,ES,Federal Contract Tower,0,3,16,0,19,0,0,41,2,43,0,3,57,2,62,34,0,34,96
05/09/2007,HKY,NC,ASO,ES,Federal Contract Tower,0,9,25,0,34,0,1,52,0,53,0,10,77,0,87,48,0,48,135
05/10/2007,HKY,NC,ASO,ES,Federal Contract Tower,0,20,31,0,51,0,0,56,0,56,0,20,87,0,107,20,0,20,127
05/11/2007,HKY,NC,ASO,ES,Federal Contract Tower,0,9,22,0,31,0,2,60,1,63,0,11,82,1,94,20,0,20,114
05/12/2007,HKY,NC,ASO,ES,Federal Contract Tower,0,1,6,0,7,0,0,24,0,24,0,1,30,0,31,10,0,10,41
05/13/2007,HKY,NC,ASO,ES,Federal Contract Tower,0,3,10,0,13,0,0,32,0,32,0,3,42,0,45,14,0,14,59
05/14/2007,HKY,NC,ASO,ES,Federal Contract Tower,0,10,16,0,26,0,0,39,0,39,0,10,55,0,65,76,0,76,141
05/15/2007,HKY,NC,ASO,ES,Federal Contract Tower,0,8,22,0,30,0,0,60,0,60,0,8,82,0,90,52,0,52,142
05/16/2007,HKY,NC,ASO,ES,Federal Contract Tower,0,2,28,0,30,0,0,48,0,48,0,2,76,0,78,24,0,24,102
05/17/2007,HKY,NC,ASO,ES,Federal Contract Tower,0,6,31,0,37,0,0,63,1,64,0,6,94,1,101,42,0,42,143
05/18/2007,HKY,NC,ASO,ES,Federal Contract Tower,0,12,26,0,38,0,0,41,0,41,0,12,67,0,79,10,0,10,89
05/19/2007,HKY,NC,ASO,ES,Federal Contract Tower,0,3,13,0,16,0,0,130,2,132,0,3,143,2,148,46,0,46,194
05/20/2007,HKY,NC,ASO,ES,Federal Contract Tower,0,3,23,0,26,0,0,46,0,46,0,3,69,0,72,2,0,2,74
05/21/2007,HKY,NC,ASO,ES,Federal Contract Tower,0,10,17,0,27,0,0,75,7,82,0,10,92,7,109,62,0,62,171
05/22/2007,HKY,NC,ASO,ES,Federal Contract Tower,0,5,34,0,39,0,0,72,3,75,0,5,106,3,114,62,0,62,176
05/23/2007,HKY,NC,ASO,ES,Federal Contract Tower,0,5,15,0,20,0,1,35,0,36,0,6,50,0,56,38,0,38,94
05/24/2007,HKY,NC,ASO,ES,Federal Contract Tower,0,13,29,0,42,0,0,34,7,41,0,13,63,7,83,34,12,46,129
05/25/2007,HKY,NC,ASO,ES,Federal Contract Tower,0,6,20,0,26,0,0,55,1,56,0,6,75,1,82,88,0,88,170
05/26/2007,HKY,NC,ASO,ES,Federal Contract Tower,0,1,14,0,15,0,0,82,15,97,0,1,96,15,112,24,0,24,136
05/27/2007,HKY,NC,ASO,ES,Federal Contract Tower,0,0,7,0,7,0,0,47,18,65,0,0,54,18,72,36,0,36,108
05/28/2007,HKY,NC,ASO,ES,Federal Contract Tower,0,4,29,0,33,0,3,80,12,95,0,7,109,12,128,70,0,70,198
05/29/2007,HKY,NC,ASO,ES,Federal Contract Tower,0,3,15,0,18,0,1,43,0,44,0,4,58,0,62,16,0,16,78
05/30/2007,HKY,NC,ASO,ES,Federal Contract Tower,0,1,17,0,18,0,1,55,0,56,0,2,72,0,74,74,0,74,148
05/31/2007,HKY,NC,ASO,ES,Federal Contract Tower,0,12,20,0,32,0,4,61,0,65,0,16,81,0,97,30,0,30,127
06/01/2007,HKY,NC,ASO,ES,Federal Contract Tower,0,3,22,0,25,0,3,59,4,66,0,6,81,4,91,42,0,42,133
06/02/2007,HKY,NC,ASO,ES,Federal Contract Tower,0,12,7,0,19,0,3,44,0,47,0,15,51,0,66,26,0,26,92
06/03/2007,HKY,NC,ASO,ES,Federal Contract Tower,0,5,11,0,16,0,0,14,0,14,0,5,25,0,30,22,0,22,52
06/04/2007,HKY,NC,ASO,ES,Federal Contract Tower,0,8,25,0,33,0,2,42,0,44,0,10,67,0,77,40,0,40,117
06/05/2007,HKY,NC,ASO,ES,Federal Contract Tower,0,5,22,0,27,0,0,56,0,56,0,5,78,0,83,28,0,28,111
06/06/2007,HKY,NC,ASO,ES,Federal Contract Tower,0,4,30,0,34,0,0,62,0,62,0,4,92,0,96,80,0,80,176
06/07/2007,HKY,NC,ASO,ES,Federal Contract Tower,0,15,30,0,45,0,2,68,4,74,0,17,98,4,119,28,0,28,147
06/08/2007,HKY,NC,ASO,ES,Federal Contract Tower,0,2,23,0,25,0,2,36,0,38,0,4,59,0,63,18,0,18,81
06/09/2007,HKY,NC,ASO,ES,Federal Contract Tower,0,3,15,0,18,0,3,54,2,59,0,6,69,2,77,12,0,12,89
06/10/2007,HKY,NC,ASO,ES,Federal Contract Tower,0,14,26,0,40,0,0,33,6,39,0,14,59,6,79,36,0,36,115
06/11/2007,HKY,NC,ASO,ES,Federal Contract Tower,0,6,31,0,37,0,0,16,0,16,0,6,47,0,53,0,0,0,53
06/12/2007,HKY,NC,ASO,ES,Federal Contract Tower,0,5,26,0,31,0,0,34,2,36,0,5,60,2,67,60,0,60,127
06/13/2007,HKY,NC,ASO,ES,Federal Contract Tower,0,4,25,0,29,0,0,31,6,37,0,4,56,6,66,16,0,16,82
06/14/2007,HKY,NC,ASO,ES,Federal Contract Tower,0,18,37,0,55,0,0,49,0,49,0,18,86,0,104,56,0,56,160
06/15/2007,HKY,NC,ASO,ES,Federal Contract Tower,0,1,37,0,38,0,0,8,0,8,0,1,45,0,46,46,0,46,92
06/16/2007,HKY,NC,ASO,ES,Federal Contract Tower,0,1,21,0,22,0,0,18,0,18,0,1,39,0,40,40,0,40,80
06/17/2007,HKY,NC,ASO,ES,Federal Contract Tower,0,7,18,2,27,0,6,37,4,47,0,13,55,6,74,18,0,18,92
06/18/2007,HKY,NC,ASO,ES,Federal Contract Tower,0,8,29,0,37,0,2,67,0,69,0,10,96,0,106,60,0,60,166
06/19/2007,HKY,NC,ASO,ES,Federal Contract Tower,0,14,17,0,31,0,1,50,0,51,0,15,67,0,82,48,0,48,130
06/20/2007,HKY,NC,ASO,ES,Federal Contract Tower,0,9,14,0,23,0,2,28,0,30,0,11,42,0,53,38,0,38,91
06/21/2007,HKY,NC,ASO,ES,Federal Contract Tower,0,7,17,0,24,0,0,92,0,92,0,7,109,0,116,41,0,41,157
06/22/2007,HKY,NC,ASO,ES,Federal Contract Tower,0,5,30,0,35,0,0,40,0,40,0,5,70,0,75,16,0,16,91
06/23/2007,HKY,NC,ASO,ES,Federal Contract Tower,0,2,39,0,41,0,0,120,0,120,0,2,159,0,161,46,0,46,207
06/24/2007,HKY,NC,ASO,ES,Federal Contract Tower,0,4,18,0,22,0,2,25,2,29,0,6,43,2,51,8,0,8,59
06/25/2007,HKY,NC,ASO,ES,Federal Contract Tower,0,9,24,0,33,0,4,34,6,44,0,13,58,6,77,62,0,62,139
06/26/2007,HKY,NC,ASO,ES,Federal Contract Tower,0,7,18,0,25,0,0,54,11,65,0,7,72,11,90,46,0,46,136
06/27/2007,HKY,NC,ASO,ES,Federal Contract Tower,0,22,24,0,46,0,0,29,15,44,0,22,53,15,90,20,0,20,110
06/28/2007,HKY,NC,ASO,ES,Federal Contract Tower,0,12,31,0,43,0,0,11,6,17,0,12,42,6,60,2,0,2,62
06/29/2007,HKY,NC,ASO,ES,Federal Contract Tower,0,4,22,0,26,0,0,45,0,45,0,4,67,0,71,16,0,16,87
06/30/2007,HKY,NC,ASO,ES,Federal Contract Tower,0,4,21,0,25,0,0,17,6,23,0,4,38,6,48,32,0,32,80
07/01/2007,HKY,NC,ASO,ES,Federal Contract Tower,0,8,19,0,27,0,0,34,0,34,0,8,53,0,61,22,0,22,83
07/02/2007,HKY,NC,ASO,ES,Federal Contract Tower,0,0,18,0,18,0,0,38,0,38,0,0,56,0,56,22,0,22,78
07/03/2007,HKY,NC,ASO,ES,Federal Contract Tower,0,5,32,0,37,0,0,58,0,58,0,5,90,0,95,14,0,14,109
07/04/2007,HKY,NC,ASO,ES,Federal Contract Tower,0,3,4,0,7,0,0,44,0,44,0,3,48,0,51,20,0,20,71
07/05/2007,HKY,NC,ASO,ES,Federal Contract Tower,0,3,16,0,19,0,3,47,0,50,0,6,63,0,69,30,0,30,99
07/06/2007,HKY,NC,ASO,ES,Federal Contract Tower,0,2,20,0,22,0,0,45,0,45,0,2,65,0,67,42,0,42,109
07/07/2007,HKY,NC,ASO,ES,Federal Contract Tower,0,2,28,0,30,0,0,33,0,33,0,2,61,0,63,22,0,22,85
07/08/2007,HKY,NC,ASO,ES,Federal Contract Tower,0,1,22,0,23,0,0,21,0,21,0,1,43,0,44,14,0,14,58
07/09/2007,HKY,NC,ASO,ES,Federal Contract Tower,0,2,29,0,31,0,2,32,0,34,0,4,61,0,65,78,0,78,143
07/10/2007,HKY,NC,ASO,ES,Federal Contract Tower,0,6,21,0,27,0,0,53,6,59,0,6,74,6,86,42,0,42,128
07/11/2007,HKY,NC,ASO,ES,Federal Contract Tower,0,4,29,0,33,0,0,38,0,38,0,4,67,0,71,36,0,36,107
07/12/2007,HKY,NC,ASO,ES,Federal Contract Tower,0,9,22,0,31,0,6,59,0,65,0,15,81,0,96,36,0,36,132
07/13/2007,HKY,NC,ASO,ES,Federal Contract Tower,0,6,24,0,30,0,0,59,5,64,0,6,83,5,94,18,0,18,112
07/14/2007,HKY,NC,ASO,ES,Federal Contract Tower,0,1,16,0,17,0,0,79,0,79,0,1,95,0,96,32,0,32,128
07/15/2007,HKY,NC,ASO,ES,Federal Contract Tower,0,4,18,0,22,0,0,42,0,42,0,4,60,0,64,40,0,40,104
07/16/2007,HKY,NC,ASO,ES,Federal Contract Tower,0,4,22,0,26,0,0,30,1,31,0,4,52,1,57,26,4,30,87
07/17/2007,HKY,NC,ASO,ES,Federal Contract Tower,0,9,35,0,44,0,0,61,1,62,0,9,96,1,106,42,0,42,148
07/18/2007,HKY,NC,ASO,ES,Federal Contract Tower,0,7,31,1,39,0,0,41,16,57,0,7,72,17,96,36,0,36,132
07/19/2007,HKY,NC,ASO,ES,Federal Contract Tower,0,13,32,0,45,0,0,67,0,67,0,13,99,0,112,14,0,14,126
07/20/2007,HKY,NC,ASO,ES,Federal Contract Tower,0,8,18,0,26,0,0,45,0,45,0,8,63,0,71,20,0,20,91
07/21/2007,HKY,NC,ASO,ES,Federal Contract Tower,0,4,7,0,11,0,0,0,0,0,0,4,7,0,11,24,0,24,35
07/22/2007,HKY,NC,ASO,ES,Federal Contract Tower,0,6,16,0,22,0,2,45,2,49,0,8,61,2,71,2,4,6,77
07/23/2007,HKY,NC,ASO,ES,Federal Contract Tower,0,4,19,0,23,0,0,45,1,46,0,4,64,1,69,2,0,2,71
07/24/2007,HKY,NC,ASO,ES,Federal Contract Tower,0,11,27,0,38,0,0,53,14,67,0,11,80,14,105,42,0,42,147
07/25/2007,HKY,NC,ASO,ES,Federal Contract Tower,0,9,37,2,48,0,2,34,2,38,0,11,71,4,86,56,2,58,144
07/26/2007,HKY,NC,ASO,ES,Federal Contract Tower,0,13,24,0,37,0,0,53,4,57,0,13,77,4,94,44,0,44,138
07/27/2007,HKY,NC,ASO,ES,Federal Contract Tower,0,0,23,0,23,0,0,78,0,78,0,0,101,0,101,18,0,18,119
07/28/2007,HKY,NC,ASO,ES,Federal Contract Tower,0,0,18,0,18,0,0,43,0,43,0,0,61,0,61,10,0,10,71
07/29/2007,HKY,NC,ASO,ES,Federal Contract Tower,0,9,18,3,30,0,0,33,0,33,0,9,51,3,63,0,10,10,73
07/30/2007,HKY,NC,ASO,ES,Federal Contract Tower,0,5,35,0,40,0,0,29,0,29,0,5,64,0,69,22,0,22,91
07/31/2007,HKY,NC,ASO,ES,Federal Contract Tower,0,13,27,0,40,0,0,83,0,83,0,13,110,0,123,46,0,46,169
08/01/2007,HKY,NC,ASO,ES,Federal Contract Tower,0,4,33,0,37,0,0,43,2,45,0,4,76,2,82,28,0,28,110
08/02/2007,HKY,NC,ASO,ES,Federal Contract Tower,0,13,28,0,41,0,0,44,1,45,0,13,72,1,86,60,0,60,146
08/03/2007,HKY,NC,ASO,ES,Federal Contract Tower,0,11,28,0,39,0,0,51,0,51,0,11,79,0,90,16,0,16,106
08/04/2007,HKY,NC,ASO,ES,Federal Contract Tower,0,3,15,0,18,0,0,58,0,58,0,3,73,0,76,46,0,46,122
08/05/2007,HKY,NC,ASO,ES,Federal Contract Tower,0,5,12,0,17,0,0,17,0,17,0,5,29,0,34,22,0,22,56
08/06/2007,HKY,NC,ASO,ES,Federal Contract Tower,0,7,17,0,24,0,0,68,0,68,0,7,85,0,92,6,0,6,98
08/07/2007,HKY,NC,ASO,ES,Federal Contract Tower,0,8,18,0,26,0,2,45,8,55,0,10,63,8,81,48,30,78,159
08/08/2007,HKY,NC,ASO,ES,Federal Contract Tower,0,7,27,0,34,0,0,45,3,48,0,7,72,3,82,2,0,2,84
08/09/2007,HKY,NC,ASO,ES,Federal Contract Tower,0,12,27,0,39,0,0,66,3,69,0,12,93,3,108,68,6,74,182
08/10/2007,HKY,NC,ASO,ES,Federal Contract Tower,0,8,20,0,28,0,0,68,0,68,0,8,88,0,96,32,0,32,128
08/11/2007,HKY,NC,ASO,ES,Federal Contract Tower,0,15,18,0,33,0,0,48,0,48,0,15,66,0,81,26,0,26,107
08/12/2007,HKY,NC,ASO,ES,Federal Contract Tower,0,14,14,0,28,0,0,21,0,21,0,14,35,0,49,6,0,6,55
08/13/2007,HKY,NC,ASO,ES,Federal Contract Tower,0,4,25,0,29,0,0,65,0,65,0,4,90,0,94,58,0,58,152
08/14/2007,HKY,NC,ASO,ES,Federal Contract Tower,0,5,18,0,23,0,1,48,0,49,0,6,66,0,72,10,0,10,82
08/15/2007,HKY,NC,ASO,ES,Federal Contract Tower,0,22,16,0,38,0,3,62,0,65,0,25,78,0,103,40,0,40,143
08/16/2007,HKY,NC,ASO,ES,Federal Contract Tower,0,18,24,1,43,0,0,68,4,72,0,18,92,5,115,66,0,66,181
08/17/2007,HKY,NC,ASO,ES,Federal Contract Tower,0,3,9,0,12,0,2,62,0,64,0,5,71,0,76,54,0,54,130
08/18/2007,HKY,NC,ASO,ES,Federal Contract Tower,0,8,15,0,23,0,2,43,2,47,0,10,58,2,70,4,0,4,74
08/19/2007,HKY,NC,ASO,ES,Federal Contract Tower,0,5,20,0,25,0,0,24,0,24,0,5,44,0,49,6,0,6,55
08/20/2007,HKY,NC,ASO,ES,Federal Contract Tower,0,11,21,0,32,0,0,0,0,0,0,11,21,0,32,24,0,24,56
08/21/2007,HKY,NC,ASO,ES,Federal Contract Tower,0,13,34,0,47,0,0,61,0,61,0,13,95,0,108,80,0,80,188
08/22/2007,HKY,NC,ASO,ES,Federal Contract Tower,0,8,21,0,29,0,4,37,6,47,0,12,58,6,76,32,0,32,108
08/23/2007,HKY,NC,ASO,ES,Federal Contract Tower,0,4,36,4,44,0,0,39,2,41,0,4,75,6,85,56,0,56,141
08/24/2007,HKY,NC,ASO,ES,Federal Contract Tower,0,4,28,0,32,0,0,51,3,54,0,4,79,3,86,98,0,98,184
08/25/2007,HKY,NC,ASO,ES,Federal Contract Tower,0,0,27,4,31,0,0,65,6,71,0,0,92,10,102,26,6,32,134
08/26/2007,HKY,NC,ASO,ES,Federal Contract Tower,0,4,24,0,28,0,0,38,0,38,0,4,62,0,66,10,0,10,76
08/27/2007,HKY,NC,ASO,ES,Federal Contract Tower,0,5,24,0,29,0,0,76,0,76,0,5,100,0,105,58,26,84,189
08/28/2007,HKY,NC,ASO,ES,Federal Contract Tower,0,5,25,0,30,0,0,29,4,33,0,5,54,4,63,44,0,44,107
08/29/2007,HKY,NC,ASO,ES,Federal Contract Tower,0,4,26,0,30,0,0,37,0,37,0,4,63,0,67,40,0,40,107
08/30/2007,HKY,NC,ASO,ES,Federal Contract Tower,0,9,25,0,34,0,0,59,3,62,0,9,84,3,96,114,0,114,210
08/31/2007,HKY,NC,ASO,ES,Federal Contract Tower,0,12,22,0,34,0,1,51,6,58,0,13,73,6,92,90,0,90,182
09/01/2007,HKY,NC,ASO,ES,Federal Contract Tower,0,3,15,0,18,0,0,43,0,43,0,3,58,0,61,34,0,34,95
09/02/2007,HKY,NC,ASO,ES,Federal Contract Tower,0,1,9,0,10,0,0,32,0,32,0,1,41,0,42,14,0,14,56
09/03/2007,HKY,NC,ASO,ES,Federal Contract Tower,0,6,23,2,31,0,0,63,0,63,0,6,86,2,94,26,0,26,120
09/04/2007,HKY,NC,ASO,ES,Federal Contract Tower,0,5,14,0,19,0,1,80,3,84,0,6,94,3,103,64,0,64,167
09/05/2007,HKY,NC,ASO,ES,Federal Contract Tower,0,0,17,0,17,0,0,77,5,82,0,0,94,5,99,48,0,48,147
09/06/2007,HKY,NC,ASO,ES,Federal Contract Tower,0,12,26,0,38,0,1,68,6,75,0,13,94,6,113,80,0,80,193
09/07/2007,HKY,NC,ASO,ES,Federal Contract Tower,0,6,28,0,34,0,1,28,2,31,0,7,56,2,65,26,0,26,91
09/08/2007,HKY,NC,ASO,ES,Federal Contract Tower,0,5,15,0,20,0,2,35,0,37,0,7,50,0,57,10,0,10,67
09/09/2007,HKY,NC,ASO,ES,Federal Contract Tower,0,3,25,0,28,0,0,29,0,29,0,3,54,0,57,40,0,40,97
09/10/2007,HKY,NC,ASO,ES,Federal Contract Tower,0,5,33,0,38,0,0,53,6,59,0,5,86,6,97,12,0,12,109
09/11/2007,HKY,NC,ASO,ES,Federal Contract Tower,0,15,30,0,45,0,0,75,2,77,0,15,105,2,122,80,0,80,202
09/12/2007,HKY,NC,ASO,ES,Federal Contract Tower,0,4,29,0,33,0,0,82,0,82,0,4,111,0,115,38,4,42,157
09/13/2007,HKY,NC,ASO,ES,Federal Contract Tower,0,9,30,1,40,0,7,42,0,49,0,16,72,1,89,24,0,24,113
09/14/2007,HKY,NC,ASO,ES,Federal Contract Tower,0,7,17,0,24,0,0,0,0,0,0,7,17,0,24,0,0,0,24
09/15/2007,HKY,NC,ASO,ES,Federal Contract Tower,0,7,23,0,30,0,0,0,0,0,0,7,23,0,30,0,0,0,30
09/16/2007,HKY,NC,ASO,ES,Federal Contract Tower,0,15,21,0,36,0,0,24,0,24,0,15,45,0,60,8,0,8,68
09/17/2007,HKY,NC,ASO,ES,Federal Contract Tower,0,4,12,0,16,0,0,44,0,44,0,4,56,0,60,72,0,72,132
09/18/2007,HKY,NC,ASO,ES,Federal Contract Tower,0,6,21,0,27,0,0,69,0,69,0,6,90,0,96,46,0,46,142
09/19/2007,HKY,NC,ASO,ES,Federal Contract Tower,0,6,24,0,30,0,0,45,0,45,0,6,69,0,75,64,0,64,139
09/20/2007,HKY,NC,ASO,ES,Federal Contract Tower,0,15,34,0,49,0,0,30,0,30,0,15,64,0,79,18,0,18,97
09/21/2007,HKY,NC,ASO,ES,Federal Contract Tower,0,12,40,2,54,0,0,7,0,7,0,12,47,2,61,61,0,61,122
09/22/2007,HKY,NC,ASO,ES,Federal Contract Tower,0,10,21,2,33,0,1,44,1,46,0,11,65,3,79,36,2,38,117
09/23/2007,HKY,NC,ASO,ES,Federal Contract Tower,0,3,32,0,35,0,0,35,0,35,0,3,67,0,70,12,0,12,82
09/24/2007,HKY,NC,ASO,ES,Federal Contract Tower,0,2,24,0,26,0,0,61,7,68,0,2,85,7,94,50,0,50,144
09/25/2007,HKY,NC,ASO,ES,Federal Contract Tower,0,14,43,0,57,0,0,57,4,61,0,14,100,4,118,50,0,50,168
09/26/2007,HKY,NC,ASO,ES,Federal Contract Tower,0,3,39,0,42,0,0,54,2,56,0,3,93,2,98,78,0,78,176
09/27/2007,HKY,NC,ASO,ES,Federal Contract Tower,0,7,23,0,30,0,3,40,0,43,0,10,63,0,73,24,0,24,97
09/28/2007,HKY,NC,ASO,ES,Federal Contract Tower,0,5,27,0,32,0,0,34,1,35,0,5,61,1,67,30,0,30,97
09/29/2007,HKY,NC,ASO,ES,Federal Contract Tower,0,4,14,0,18,0,2,55,3,60,0,6,69,3,78,34,0,34,112
09/30/2007,HKY,NC,ASO,ES,Federal Contract Tower,0,4,18,0,22,0,0,44,4,48,0,4,62,4,70,32,0,32,102
10/01/2007,HKY,NC,ASO,ES,Federal Contract Tower,0,15,17,0,32,0,1,56,2,59,0,16,73,2,91,12,0,12,103
10/02/2007,HKY,NC,ASO,ES,Federal Contract Tower,0,4,18,0,22,0,2,69,2,73,0,6,87,2,95,56,0,56,151
10/03/2007,HKY,NC,ASO,ES,Federal Contract Tower,0,4,23,0,27,0,0,53,0,53,0,4,76,0,80,52,0,52,132
10/04/2007,HKY,NC,ASO,ES,Federal Contract Tower,0,15,36,0,51,0,0,31,0,31,0,15,67,0,82,70,0,70,152
10/05/2007,HKY,NC,ASO,ES,Federal Contract Tower,0,11,29,0,40,0,0,61,0,61,0,11,90,0,101,96,0,96,197
10/06/2007,HKY,NC,ASO,ES,Federal Contract Tower,0,1,19,0,20,0,0,22,0,22,0,1,41,0,42,8,0,8,50
10/07/2007,HKY,NC,ASO,ES,Federal Contract Tower,0,5,26,0,31,0,0,61,0,61,0,5,87,0,92,28,0,28,120
10/08/2007,HKY,NC,ASO,ES,Federal Contract Tower,0,9,40,0,49,0,0,64,0,64,0,9,104,0,113,88,0,88,201
10/09/2007,HKY,NC,ASO,ES,Federal Contract Tower,0,4,26,0,30,0,2,73,0,75,0,6,99,0,105,72,0,72,177
10/10/2007,HKY,NC,ASO,ES,Federal Contract Tower,0,7,28,0,35,0,0,56,0,56,0,7,84,0,91,24,0,24,115
10/11/2007,HKY,NC,ASO,ES,Federal Contract Tower,0,12,32,0,44,0,0,42,0,42,0,12,74,0,86,50,0,50,136
10/12/2007,HKY,NC,ASO,ES,Federal Contract Tower,0,9,33,0,42,0,0,88,4,92,0,9,121,4,134,92,0,92,226
10/13/2007,HKY,NC,ASO,ES,Federal Contract Tower,0,2,17,0,19,0,0,77,0,77,0,2,94,0,96,50,0,50,146
10/14/2007,HKY,NC,ASO,ES,Federal Contract Tower,0,1,26,0,27,0,0,13,0,13,0,1,39,0,40,4,0,4,44
10/15/2007,HKY,NC,ASO,ES,Federal Contract Tower,0,5,18,0,23,0,0,82,0,82,0,5,100,0,105,108,0,108,213
10/16/2007,HKY,NC,ASO,ES,Federal Contract Tower,0,3,35,0,38,0,0,60,0,60,0,3,95,0,98,52,0,52,150
10/17/2007,HKY,NC,ASO,ES,Federal Contract Tower,0,5,29,0,34,0,4,46,7,57,0,9,75,7,91,0,0,0,91
10/18/2007,HKY,NC,ASO,ES,Federal Contract Tower,0,11,43,0,54,0,0,25,0,25,0,11,68,0,79,16,0,16,95
10/19/2007,HKY,NC,ASO,ES,Federal Contract Tower,0,6,16,0,22,0,0,0,0,0,0,6,16,0,22,0,0,0,22
10/20/2007,HKY,NC,ASO,ES,Federal Contract Tower,0,5,31,2,38,0,0,75,5,80,0,5,106,7,118,0,0,0,118
10/21/2007,HKY,NC,ASO,ES,Federal Contract Tower,0,4,30,0,34,0,0,65,0,65,0,4,95,0,99,19,0,19,118
10/22/2007,HKY,NC,ASO,ES,Federal Contract Tower,0,3,34,0,37,0,0,24,0,24,0,3,58,0,61,58,0,58,119
10/23/2007,HKY,NC,ASO,ES,Federal Contract Tower,0,9,29,0,38,0,0,12,0,12,0,9,41,0,50,10,0,10,60
10/24/2007,HKY,NC,ASO,ES,Federal Contract Tower,0,3,23,0,26,0,0,0,0,0,0,3,23,0,26,24,0,24,50
10/25/2007,HKY,NC,ASO,ES,Federal Contract Tower,0,14,14,0,28,0,0,0,0,0,0,14,14,0,28,0,0,0,28
10/26/2007,HKY,NC,ASO,ES,Federal Contract Tower,0,7,24,1,32,0,0,0,0,0,0,7,24,1,32,0,0,0,32
10/27/2007,HKY,NC,ASO,ES,Federal Contract Tower,0,4,13,0,17,0,0,35,1,36,0,4,48,1,53,34,0,34,87
10/28/2007,HKY,NC,ASO,ES,Federal Contract Tower,0,8,24,0,32,0,0,21,0,21,0,8,45,0,53,4,0,4,57
10/29/2007,HKY,NC,ASO,ES,Federal Contract Tower,0,3,29,0,32,0,0,77,0,77,0,3,106,0,109,82,0,82,191
10/30/2007,HKY,NC,ASO,ES,Federal Contract Tower,0,6,23,0,29,0,0,81,1,82,0,6,104,1,111,38,0,38,149
10/31/2007,HKY,NC,ASO,ES,Federal Contract Tower,0,11,20,0,31,0,0,85,2,87,0,11,105,2,118,94,0,94,212
11/01/2007,HKY,NC,ASO,ES,Federal Contract Tower,0,10,20,0,30,0,0,56,0,56,0,10,76,0,86,80,0,80,166
11/02/2007,HKY,NC,ASO,ES,Federal Contract Tower,0,2,16,0,18,0,17,30,1,48,0,19,46,1,66,60,0,60,126
11/03/2007,HKY,NC,ASO,ES,Federal Contract Tower,0,9,15,0,24,0,2,60,1,63,0,11,75,1,87,44,0,44,131
11/04/2007,HKY,NC,ASO,ES,Federal Contract Tower,0,1,15,1,17,0,0,33,0,33,0,1,48,1,50,46,0,46,96
11/05/2007,HKY,NC,ASO,ES,Federal Contract Tower,0,0,16,2,18,0,0,45,0,45,0,0,61,2,63,50,0,50,113
11/06/2007,HKY,NC,ASO,ES,Federal Contract Tower,0,6,10,0,16,0,0,29,2,31,0,6,39,2,47,0,0,0,47
11/07/2007,HKY,NC,ASO,ES,Federal Contract Tower,0,7,17,2,26,0,4,35,0,39,0,11,52,2,65,26,0,26,91
11/08/2007,HKY,NC,ASO,ES,Federal Contract Tower,0,5,27,0,32,0,0,54,8,62,0,5,81,8,94,0,0,0,94
11/09/2007,HKY,NC,ASO,ES,Federal Contract Tower,0,7,26,0,33,0,1,23,0,24,0,8,49,0,57,22,0,22,79
11/10/2007,HKY,NC,ASO,ES,Federal Contract Tower,0,0,12,0,12,0,0,20,0,20,0,0,32,0,32,14,0,14,46
11/11/2007,HKY,NC,ASO,ES,Federal Contract Tower,0,2,19,0,21,0,0,30,0,30,0,2,49,0,51,24,0,24,75
11/12/2007,HKY,NC,ASO,ES,Federal Contract Tower,0,4,22,0,26,0,2,51,0,53,0,6,73,0,79,120,0,120,199
11/13/2007,HKY,NC,ASO,ES,Federal Contract Tower,0,4,27,0,31,0,2,48,8,58,0,6,75,8,89,54,0,54,143
11/14/2007,HKY,NC,ASO,ES,Federal Contract Tower,0,2,24,0,26,0,0,61,0,61,0,2,85,0,87,58,0,58,145
11/15/2007,HKY,NC,ASO,ES,Federal Contract Tower,0,6,29,0,35,0,0,4,0,4,0,6,33,0,39,0,0,0,39
11/16/2007,HKY,NC,ASO,ES,Federal Contract Tower,0,2,21,0,23,0,0,66,5,71,0,2,87,5,94,68,0,68,162
11/17/2007,HKY,NC,ASO,ES,Federal Contract Tower,0,3,19,0,22,0,0,62,1,63,0,3,81,1,85,118,0,118,203
11/18/2007,HKY,NC,ASO,ES,Federal Contract Tower,0,2,25,0,27,0,0,17,0,17,0,2,42,0,44,14,0,14,58
11/19/2007,HKY,NC,ASO,ES,Federal Contract Tower,0,9,17,0,26,0,0,37,0,37,0,9,54,0,63,62,0,62,125
11/20/2007,HKY,NC,ASO,ES,Federal Contract Tower,0,2,31,0,33,0,3,69,0,72,0,5,100,0,105,48,0,48,153
11/21/2007,HKY,NC,ASO,ES,Federal Contract Tower,0,9,26,0,35,0,0,59,0,59,0,9,85,0,94,32,0,32,126
11/22/2007,HKY,NC,ASO,ES,Federal Contract Tower,0,1,5,0,6,0,0,0,0,0,0,1,5,0,6,0,0,0,6
11/23/2007,HKY,NC,ASO,ES,Federal Contract Tower,0,0,22,0,22,0,0,33,0,33,0,0,55,0,55,6,0,6,61
11/24/2007,HKY,NC,ASO,ES,Federal Contract Tower,0,8,23,0,31,0,2,66,0,68,0,10,89,0,99,34,0,34,133
11/25/2007,HKY,NC,ASO,ES,Federal Contract Tower,0,3,31,0,34,0,0,3,0,3,0,3,34,0,37,2,0,2,39
11/26/2007,HKY,NC,ASO,ES,Federal Contract Tower,0,3,9,0,12,0,0,0,0,0,0,3,9,0,12,0,0,0,12
11/27/2007,HKY,NC,ASO,ES,Federal Contract Tower,0,8,27,0,35,0,0,56,0,56,0,8,83,0,91,52,0,52,143
11/28/2007,HKY,NC,ASO,ES,Federal Contract Tower,0,7,16,2,25,0,0,59,2,61,0,7,75,4,86,44,0,44,130
11/29/2007,HKY,NC,ASO,ES,Federal Contract Tower,0,6,21,0,27,0,0,71,0,71,0,6,92,0,98,88,0,88,186
11/30/2007,HKY,NC,ASO,ES,Federal Contract Tower,0,2,28,0,30,0,0,83,0,83,0,2,111,0,113,46,0,46,159
12/01/2007,HKY,NC,ASO,ES,Federal Contract Tower,0,6,13,0,19,0,4,54,0,58,0,10,67,0,77,66,0,66,143
12/02/2007,HKY,NC,ASO,ES,Federal Contract Tower,0,3,14,0,17,0,2,11,0,13,0,5,25,0,30,0,0,0,30
12/03/2007,HKY,NC,ASO,ES,Federal Contract Tower,0,4,11,0,15,0,0,13,0,13,0,4,24,0,28,0,0,0,28
12/04/2007,HKY,NC,ASO,ES,Federal Contract Tower,0,6,19,0,25,0,0,75,0,75,0,6,94,0,100,86,0,86,186
12/05/2007,HKY,NC,ASO,ES,Federal Contract Tower,0,8,20,0,28,0,0,68,0,68,0,8,88,0,96,70,0,70,166
12/06/2007,HKY,NC,ASO,ES,Federal Contract Tower,0,9,22,0,31,0,0,60,0,60,0,9,82,0,91,96,0,96,187
12/07/2007,HKY,NC,ASO,ES,Federal Contract Tower,0,3,27,0,30,0,0,67,0,67,0,3,94,0,97,104,0,104,201
12/08/2007,HKY,NC,ASO,ES,Federal Contract Tower,0,4,16,0,20,0,0,40,0,40,0,4,56,0,60,4,0,4,64
12/09/2007,HKY,NC,ASO,ES,Federal Contract Tower,0,3,8,0,11,0,0,37,0,37,0,3,45,0,48,4,0,4,52
12/10/2007,HKY,NC,ASO,ES,Federal Contract Tower,0,2,22,0,24,0,0,48,0,48,0,2,70,0,72,68,0,68,140
12/11/2007,HKY,NC,ASO,ES,Federal Contract Tower,0,11,17,0,28,0,0,61,2,63,0,11,78,2,91,98,0,98,189
12/12/2007,HKY,NC,ASO,ES,Federal Contract Tower,0,2,14,0,16,0,0,57,0,57,0,2,71,0,73,26,0,26,99
12/13/2007,HKY,NC,ASO,ES,Federal Contract Tower,0,2,35,0,37,0,0,25,0,25,0,2,60,0,62,4,0,4,66
12/14/2007,HKY,NC,ASO,ES,Federal Contract Tower,0,1,16,0,17,0,0,73,0,73,0,1,89,0,90,56,0,56,146
12/15/2007,HKY,NC,ASO,ES,Federal Contract Tower,0,0,12,0,12,0,0,0,0,0,0,0,12,0,12,0,0,0,12
12/16/2007,HKY,NC,ASO,ES,Federal Contract Tower,0,1,4,0,5,0,0,0,0,0,0,1,4,0,5,0,0,0,5
12/17/2007,HKY,NC,ASO,ES,Federal Contract Tower,0,6,15,0,21,0,0,53,0,53,0,6,68,0,74,58,0,58,132
12/18/2007,HKY,NC,ASO,ES,Federal Contract Tower,0,2,14,0,16,0,0,74,0,74,0,2,88,0,90,60,0,60,150
12/19/2007,HKY,NC,ASO,ES,Federal Contract Tower,0,2,27,0,29,0,0,53,0,53,0,2,80,0,82,50,0,50,132
12/20/2007,HKY,NC,ASO,ES,Federal Contract Tower,0,2,31,0,33,0,0,51,0,51,0,2,82,0,84,72,2,74,158
12/21/2007,HKY,NC,ASO,ES,Federal Contract Tower,0,6,13,4,23,0,0,6,0,6,0,6,19,4,29,0,0,0,29
12/22/2007,HKY,NC,ASO,ES,Federal Contract Tower,0,2,15,2,19,0,4,17,0,21,0,6,32,2,40,30,0,30,70
12/23/2007,HKY,NC,ASO,ES,Federal Contract Tower,0,4,10,0,14,0,0,9,0,9,0,4,19,0,23,0,0,0,23
12/24/2007,HKY,NC,ASO,ES,Federal Contract Tower,0,0,12,0,12,0,0,29,0,29,0,0,41,0,41,12,0,12,53
12/25/2007,HKY,NC,ASO,ES,Federal Contract Tower,0,1,1,0,2,0,0,5,0,5,0,1,6,0,7,0,0,0,7
12/26/2007,HKY,NC,ASO,ES,Federal Contract Tower,0,6,21,0,27,0,0,33,0,33,0,6,54,0,60,36,0,36,96
12/27/2007,HKY,NC,ASO,ES,Federal Contract Tower,0,2,32,0,34,0,2,41,0,43,0,4,73,0,77,84,0,84,161
12/28/2007,HKY,NC,ASO,ES,Federal Contract Tower,0,7,15,0,22,0,0,0,0,0,0,7,15,0,22,0,0,0,22
12/29/2007,HKY,NC,ASO,ES,Federal Contract Tower,0,0,4,0,4,0,0,7,0,7,0,0,11,0,11,14,0,14,25
12/30/2007,HKY,NC,ASO,ES,Federal Contract Tower,0,1,6,0,7,0,0,0,0,0,0,1,6,0,7,0,0,0,7
12/31/2007,HKY,NC,ASO,ES,Federal Contract Tower,0,2,7,0,9,0,0,60,2,62,0,2,67,2,71,16,4,20,91
01/01/2008,HKY,NC,ASO,ES,Federal Contract Tower,0,0,11,0,11,0,0,12,0,12,0,0,23,0,23,0,0,0,23
01/02/2008,HKY,NC,ASO,ES,Federal Contract Tower,0,2,12,2,16,0,0,11,0,11,0,2,23,2,27,0,0,0,27
01/03/2008,HKY,NC,ASO,ES,Federal Contract Tower,0,3,7,0,10,0,0,45,0,45,0,3,52,0,55,46,0,46,101
01/04/2008,HKY,NC,ASO,ES,Federal Contract Tower,0,2,16,0,18,0,1,42,0,43,0,3,58,0,61,36,0,36,97
01/05/2008,HKY,NC,ASO,ES,Federal Contract Tower,0,3,13,0,16,0,0,59,0,59,0,3,72,0,75,32,0,32,107
01/06/2008,HKY,NC,ASO,ES,Federal Contract Tower,0,4,17,0,21,0,0,48,0,48,0,4,65,0,69,16,0,16,85
01/07/2008,HKY,NC,ASO,ES,Federal Contract Tower,0,0,21,0,21,0,0,56,0,56,0,0,77,0,77,42,0,42,119
01/08/2008,HKY,NC,ASO,ES,Federal Contract Tower,0,6,25,0,31,0,0,6,0,6,0,6,31,0,37,0,0,0,37
01/09/2008,HKY,NC,ASO,ES,Federal Contract Tower,0,3,18,0,21,0,0,37,0,37,0,3,55,0,58,22,0,22,80
01/10/2008,HKY,NC,ASO,ES,Federal Contract Tower,0,4,22,0,26,0,0,10,0,10,0,4,32,0,36,52,0,52,88
01/11/2008,HKY,NC,ASO,ES,Federal Contract Tower,0,3,27,0,30,0,0,40,0,40,0,3,67,0,70,46,0,46,116
01/12/2008,HKY,NC,ASO,ES,Federal Contract Tower,0,0,8,0,8,0,1,50,0,51,0,1,58,0,59,34,0,34,93
01/13/2008,HKY,NC,ASO,ES,Federal Contract Tower,0,2,11,0,13,0,0,24,0,24,0,2,35,0,37,4,0,4,41
01/14/2008,HKY,NC,ASO,ES,Federal Contract Tower,0,5,19,0,24,0,0,47,0,47,0,5,66,0,71,34,0,34,105
01/15/2008,HKY,NC,ASO,ES,Federal Contract Tower,0,3,15,0,18,0,2,23,3,28,0,5,38,3,46,16,0,16,62
01/16/2008,HKY,NC,ASO,ES,Federal Contract Tower,0,7,21,0,28,0,0,54,11,65,0,7,75,11,93,48,0,48,141
01/17/2008,HKY,NC,ASO,ES,Federal Contract Tower,0,4,12,0,16,0,0,1,0,1,0,4,13,0,17,0,0,0,17
01/18/2008,HKY,NC,ASO,ES,Federal Contract Tower,0,12,24,0,36,0,0,3,0,3,0,12,27,0,39,0,0,0,39
01/19/2008,HKY,NC,ASO,ES,Federal Contract Tower,0,1,1,0,2,0,0,8,0,8,0,1,9,0,10,4,0,4,14
01/20/2008,HKY,NC,ASO,ES,Federal Contract Tower,0,3,11,0,14,0,0,35,0,35,0,3,46,0,49,18,0,18,67
01/21/2008,HKY,NC,ASO,ES,Federal Contract Tower,0,0,26,0,26,0,0,49,0,49,0,0,75,0,75,74,0,74,149
01/22/2008,HKY,NC,ASO,ES,Federal Contract Tower,0,7,9,0,16,0,0,8,0,8,0,7,17,0,24,20,0,20,44
01/23/2008,HKY,NC,ASO,ES,Federal Contract Tower,0,4,34,0,38,0,3,53,0,56,0,7,87,0,94,74,0,74,168
01/24/2008,HKY,NC,ASO,ES,Federal Contract Tower,0,4,26,2,32,0,0,24,0,24,0,4,50,2,56,20,0,20,76
01/25/2008,HKY,NC,ASO,ES,Federal Contract Tower,0,0,20,0,20,0,3,61,0,64,0,3,81,0,84,98,0,98,182
01/26/2008,HKY,NC,ASO,ES,Federal Contract Tower,0,2,12,0,14,0,0,64,0,64,0,2,76,0,78,26,0,26,104
01/27/2008,HKY,NC,ASO,ES,Federal Contract Tower,0,1,13,0,14,0,0,62,0,62,0,1,75,0,76,36,0,36,112
01/28/2008,HKY,NC,ASO,ES,Federal Contract Tower,0,3,25,0,28,0,4,58,0,62,0,7,83,0,90,52,0,52,142
01/29/2008,HKY,NC,ASO,ES,Federal Contract Tower,0,5,7,0,12,0,5,27,4,36,0,10,34,4,48,56,0,56,104
01/30/2008,HKY,NC,ASO,ES,Federal Contract Tower,0,6,18,0,24,0,0,52,0,52,0,6,70,0,76,8,0,8,84
01/31/2008,HKY,NC,ASO,ES,Federal Contract Tower,0,7,22,0,29,0,0,64,0,64,0,7,86,0,93,94,0,94,187
02/01/2008,HKY,NC,ASO,ES,Federal Contract Tower,0,0,16,0,16,0,0,0,0,0,0,0,16,0,16,18,0,18,34
02/02/2008,HKY,NC,ASO,ES,Federal Contract Tower,0,0,9,0,9,0,2,72,0,74,0,2,81,0,83,56,0,56,139
02/03/2008,HKY,NC,ASO,ES,Federal Contract Tower,0,0,6,0,6,0,0,55,0,55,0,0,61,0,61,26,0,26,87
02/04/2008,HKY,NC,ASO,ES,Federal Contract Tower,0,3,25,0,28,0,0,2,0,2,0,3,27,0,30,6,0,6,36
02/05/2008,HKY,NC,ASO,ES,Federal Contract Tower,0,6,31,0,37,0,1,38,0,39,0,7,69,0,76,26,0,26,102
02/06/2008,HKY,NC,ASO,ES,Federal Contract Tower,0,7,14,0,21,0,0,0,0,0,0,7,14,0,21,0,0,0,21
02/07/2008,HKY,NC,ASO,ES,Federal Contract Tower,0,6,29,0,35,0,0,76,16,92,0,6,105,16,127,84,0,84,211
02/08/2008,HKY,NC,ASO,ES,Federal Contract Tower,0,3,29,0,32,0,0,107,12,119,0,3,136,12,151,16,0,16,167
02/09/2008,HKY,NC,ASO,ES,Federal Contract Tower,0,3,9,0,12,0,1,46,2,49,0,4,55,2,61,68,0,68,129
02/10/2008,HKY,NC,ASO,ES,Federal Contract Tower,0,3,17,0,20,0,0,11,0,11,0,3,28,0,31,0,0,0,31
02/11/2008,HKY,NC,ASO,ES,Federal Contract Tower,0,19,14,1,34,0,0,38,2,40,0,19,52,3,74,60,0,60,134
02/12/2008,HKY,NC,ASO,ES,Federal Contract Tower,0,5,21,2,28,0,1,18,1,20,0,6,39,3,48,44,0,44,92
02/13/2008,HKY,NC,ASO,ES,Federal Contract Tower,0,4,12,0,16,0,1,12,0,13,0,5,24,0,29,10,0,10,39
02/14/2008,HKY,NC,ASO,ES,Federal Contract Tower,0,2,15,0,17,0,0,40,0,40,0,2,55,0,57,12,0,12,69
02/15/2008,HKY,NC,ASO,ES,Federal Contract Tower,0,3,20,0,23,0,0,55,0,55,0,3,75,0,78,56,0,56,134
02/16/2008,HKY,NC,ASO,ES,Federal Contract Tower,0,6,14,0,20,0,0,49,6,55,0,6,63,6,75,40,14,54,129
02/17/2008,HKY,NC,ASO,ES,Federal Contract Tower,0,1,13,0,14,0,0,0,0,0,0,1,13,0,14,0,0,0,14
02/18/2008,HKY,NC,ASO,ES,Federal Contract Tower,0,1,9,0,10,0,0,51,0,51,0,1,60,0,61,16,0,16,77
02/19/2008,HKY,NC,ASO,ES,Federal Contract Tower,0,8,25,5,38,0,0,37,6,43,0,8,62,11,81,32,0,32,113
02/20/2008,HKY,NC,ASO,ES,Federal Contract Tower,0,6,20,0,26,0,4,35,0,39,0,10,55,0,65,46,0,46,111
02/21/2008,HKY,NC,ASO,ES,Federal Contract Tower,0,3,40,0,43,0,0,28,0,28,0,3,68,0,71,54,0,54,125
02/22/2008,HKY,NC,ASO,ES,Federal Contract Tower,0,0,13,0,13,0,0,0,0,0,0,0,13,0,13,0,0,0,13
02/23/2008,HKY,NC,ASO,ES,Federal Contract Tower,0,2,7,0,9,0,0,41,0,41,0,2,48,0,50,36,0,36,86
02/24/2008,HKY,NC,ASO,ES,Federal Contract Tower,0,0,34,0,34,0,0,30,0,30,0,0,64,0,64,44,0,44,108
02/25/2008,HKY,NC,ASO,ES,Federal Contract Tower,0,3,21,0,24,0,0,67,14,81,0,3,88,14,105,44,0,44,149
02/26/2008,HKY,NC,ASO,ES,Federal Contract Tower,0,4,8,0,12,0,0,6,0,6,0,4,14,0,18,0,0,0,18
02/27/2008,HKY,NC,ASO,ES,Federal Contract Tower,0,4,3,0,7,0,0,34,8,42,0,4,37,8,49,8,0,8,57
02/28/2008,HKY,NC,ASO,ES,Federal Contract Tower,0,5,17,0,22,0,2,52,0,54,0,7,69,0,76,50,0,50,126
02/29/2008,HKY,NC,ASO,ES,Federal Contract Tower,0,6,11,0,17,0,1,45,0,46,0,7,56,0,63,28,0,28,91
03/01/2008,HKY,NC,ASO,ES,Federal Contract Tower,0,1,20,0,21,0,0,24,0,24,0,1,44,0,45,2,0,2,47
03/02/2008,HKY,NC,ASO,ES,Federal Contract Tower,0,0,17,0,17,0,0,82,4,86,0,0,99,4,103,46,6,52,155
03/03/2008,HKY,NC,ASO,ES,Federal Contract Tower,0,5,24,0,29,0,0,45,0,45,0,5,69,0,74,30,0,30,104
03/04/2008,HKY,NC,ASO,ES,Federal Contract Tower,0,5,4,0,9,0,0,0,0,0,0,5,4,0,9,0,0,0,9
03/05/2008,HKY,NC,ASO,ES,Federal Contract Tower,0,0,20,0,20,0,0,37,0,37,0,0,57,0,57,46,0,46,103
03/06/2008,HKY,NC,ASO,ES,Federal Contract Tower,0,0,36,0,36,0,0,71,0,71,0,0,107,0,107,76,0,76,183
03/07/2008,HKY,NC,ASO,ES,Federal Contract Tower,0,1,20,0,21,0,0,0,0,0,0,1,20,0,21,0,0,0,21
03/08/2008,HKY,NC,ASO,ES,Federal Contract Tower,0,3,30,0,33,0,0,14,0,14,0,3,44,0,47,0,0,0,47
03/09/2008,HKY,NC,ASO,ES,Federal Contract Tower,0,1,21,0,22,0,0,79,0,79,0,1,100,0,101,52,0,52,153
03/10/2008,HKY,NC,ASO,ES,Federal Contract Tower,0,0,24,2,26,0,0,58,0,58,0,0,82,2,84,72,0,72,156
03/11/2008,HKY,NC,ASO,ES,Federal Contract Tower,0,4,23,0,27,0,0,36,0,36,0,4,59,0,63,124,0,124,187
03/12/2008,HKY,NC,ASO,ES,Federal Contract Tower,0,4,19,0,23,0,1,46,4,51,0,5,65,4,74,52,2,54,128
03/13/2008,HKY,NC,ASO,ES,Federal Contract Tower,0,10,17,0,27,0,1,73,0,74,0,11,90,0,101,70,0,70,171
03/14/2008,HKY,NC,ASO,ES,Federal Contract Tower,0,1,19,0,20,0,0,48,0,48,0,1,67,0,68,40,0,40,108
03/15/2008,HKY,NC,ASO,ES,Federal Contract Tower,0,0,11,0,11,0,0,0,0,0,0,0,11,0,11,0,0,0,11
03/16/2008,HKY,NC,ASO,ES,Federal Contract Tower,0,1,13,0,14,0,0,31,0,31,0,1,44,0,45,4,0,4,49
03/17/2008,HKY,NC,ASO,ES,Federal Contract Tower,0,1,26,0,27,0,2,39,0,41,0,3,65,0,68,32,0,32,100
03/18/2008,HKY,NC,ASO,ES,Federal Contract Tower,0,4,12,4,20,0,3,23,0,26,0,7,35,4,46,14,0,14,60
03/19/2008,HKY,NC,ASO,ES,Federal Contract Tower,0,8,18,0,26,0,0,0,0,0,0,8,18,0,26,0,0,0,26
03/20/2008,HKY,NC,ASO,ES,Federal Contract Tower,0,6,29,0,35,0,0,28,0,28,0,6,57,0,63,10,0,10,73
03/21/2008,HKY,NC,ASO,ES,Federal Contract Tower,0,4,25,0,29,0,0,100,0,100,0,4,125,0,129,20,0,20,149
03/22/2008,HKY,NC,ASO,ES,Federal Contract Tower,0,1,16,0,17,0,1,54,2,57,0,2,70,2,74,44,0,44,118
03/23/2008,HKY,NC,ASO,ES,Federal Contract Tower,0,0,13,0,13,0,0,28,2,30,0,0,41,2,43,14,0,14,57
03/24/2008,HKY,NC,ASO,ES,Federal Contract Tower,0,8,17,0,25,0,0,41,0,41,0,8,58,0,66,44,0,44,110
03/25/2008,HKY,NC,ASO,ES,Federal Contract Tower,0,4,22,0,26,0,1,67,4,72,0,5,89,4,98,80,0,80,178
03/26/2008,HKY,NC,ASO,ES,Federal Contract Tower,0,4,16,4,24,0,3,60,2,65,0,7,76,6,89,40,0,40,129
03/27/2008,HKY,NC,ASO,ES,Federal Contract Tower,0,7,18,0,25,0,1,41,0,42,0,8,59,0,67,54,0,54,121
03/28/2008,HKY,NC,ASO,ES,Federal Contract Tower,0,7,21,2,30,0,1,70,1,72,0,8,91,3,102,64,16,80,182
03/29/2008,HKY,NC,ASO,ES,Federal Contract Tower,0,2,13,0,15,0,0,2,0,2,0,2,15,0,17,0,0,0,17
03/30/2008,HKY,NC,ASO,ES,Federal Contract Tower,0,2,11,0,13,0,0,22,0,22,0,2,33,0,35,40,0,40,75
03/31/2008,HKY,NC,ASO,ES,Federal Contract Tower,0,0,4,0,4,0,0,0,0,0,0,0,4,0,4,0,0,0,4
04/01/2008,HKY,NC,ASO,ES,Federal Contract Tower,0,3,14,0,17,0,2,24,0,26,0,5,38,0,43,28,0,28,71
04/02/2008,HKY,NC,ASO,ES,Federal Contract Tower,0,7,25,0,32,0,2,62,0,64,0,9,87,0,96,58,0,58,154
04/03/2008,HKY,NC,ASO,ES,Federal Contract Tower,0,7,38,1,46,0,0,11,0,11,0,7,49,1,57,72,0,72,129
04/04/2008,HKY,NC,ASO,ES,Federal Contract Tower,0,1,21,0,22,0,0,0,0,0,0,1,21,0,22,0,0,0,22
04/05/2008,HKY,NC,ASO,ES,Federal Contract Tower,0,1,9,0,10,0,0,0,0,0,0,1,9,0,10,0,0,0,10
04/06/2008,HKY,NC,ASO,ES,Federal Contract Tower,0,0,19,0,19,0,0,42,0,42,0,0,61,0,61,14,0,14,75
04/07/2008,HKY,NC,ASO,ES,Federal Contract Tower,0,0,26,0,26,0,0,23,0,23,0,0,49,0,49,20,0,20,69
04/08/2008,HKY,NC,ASO,ES,Federal Contract Tower,0,2,23,1,26,0,4,36,5,45,0,6,59,6,71,42,0,42,113
04/09/2008,HKY,NC,ASO,ES,Federal Contract Tower,0,4,32,0,36,0,1,52,3,56,0,5,84,3,92,58,4,62,154
04/10/2008,HKY,NC,ASO,ES,Federal Contract Tower,0,4,33,0,37,0,0,72,0,72,0,4,105,0,109,66,0,66,175
04/11/2008,HKY,NC,ASO,ES,Federal Contract Tower,0,2,15,0,17,0,0,39,2,41,0,2,54,2,58,12,0,12,70
04/12/2008,HKY,NC,ASO,ES,Federal Contract Tower,0,1,1,0,2,0,0,5,0,5,0,1,6,0,7,6,0,6,13
04/13/2008,HKY,NC,ASO,ES,Federal Contract Tower,0,5,17,0,22,0,0,34,0,34,0,5,51,0,56,22,0,22,78
04/14/2008,HKY,NC,ASO,ES,Federal Contract Tower,0,3,16,0,19,0,2,60,8,70,0,5,76,8,89,50,0,50,139
04/15/2008,HKY,NC,ASO,ES,Federal Contract Tower,0,5,31,0,36,0,0,98,0,98,0,5,129,0,134,42,0,42,176
04/16/2008,HKY,NC,ASO,ES,Federal Contract Tower,0,5,26,0,31,0,1,59,0,60,0,6,85,0,91,46,0,46,137
04/17/2008,HKY,NC,ASO,ES,Federal Contract Tower,0,10,24,0,34,0,0,96,2,98,0,10,120,2,132,82,0,82,214
04/18/2008,HKY,NC,ASO,ES,Federal Contract Tower,0,7,40,3,50,0,1,74,4,79,0,8,114,7,129,94,0,94,223
04/19/2008,HKY,NC,ASO,ES,Federal Contract Tower,0,2,34,0,36,0,0,65,5,70,0,2,99,5,106,16,0,16,122
04/20/2008,HKY,NC,ASO,ES,Federal Contract Tower,0,1,14,0,15,0,2,16,0,18,0,3,30,0,33,4,0,4,37
04/21/2008,HKY,NC,ASO,ES,Federal Contract Tower,0,6,23,0,29,0,0,44,0,44,0,6,67,0,73,22,0,22,95
04/22/2008,HKY,NC,ASO,ES,Federal Contract Tower,0,10,31,0,41,0,2,40,0,42,0,12,71,0,83,60,0,60,143
04/23/2008,HKY,NC,ASO,ES,Federal Contract Tower,0,10,23,0,33,0,1,51,6,58,0,11,74,6,91,56,4,60,151
04/24/2008,HKY,NC,ASO,ES,Federal Contract Tower,0,13,38,0,51,0,0,97,0,97,0,13,135,0,148,92,0,92,240
04/25/2008,HKY,NC,ASO,ES,Federal Contract Tower,0,7,19,0,26,0,4,59,2,65,0,11,78,2,91,34,0,34,125
04/26/2008,HKY,NC,ASO,ES,Federal Contract Tower,0,3,5,0,8,0,4,30,7,41,0,7,35,7,49,40,0,40,89
04/27/2008,HKY,NC,ASO,ES,Federal Contract Tower,0,5,18,0,23,0,3,18,0,21,0,8,36,0,44,24,0,24,68
04/28/2008,HKY,NC,ASO,ES,Federal Contract Tower,0,4,11,0,15,0,3,5,0,8,0,7,16,0,23,0,0,0,23
04/29/2008,HKY,NC,ASO,ES,Federal Contract Tower,0,5,22,0,27,0,0,44,2,46,0,5,66,2,73,22,0,22,95
04/30/2008,HKY,NC,ASO,ES,Federal Contract Tower,0,4,19,0,23,0,3,63,2,68,0,7,82,2,91,90,0,90,181
05/01/2008,HKY,NC,ASO,ES,Federal Contract Tower,0,5,20,1,26,0,1,56,1,58,0,6,76,2,84,44,0,44,128
05/02/2008,HKY,NC,ASO,ES,Federal Contract Tower,0,0,24,0,24,0,0,41,5,46,0,0,65,5,70,18,0,18,88
05/03/2008,HKY,NC,ASO,ES,Federal Contract Tower,0,4,11,0,15,0,0,31,8,39,0,4,42,8,54,8,0,8,62
05/04/2008,HKY,NC,ASO,ES,Federal Contract Tower,0,0,12,0,12,0,0,47,1,48,0,0,59,1,60,44,0,44,104
05/05/2008,HKY,NC,ASO,ES,Federal Contract Tower,0,1,21,0,22,0,1,44,4,49,0,2,65,4,71,46,0,46,117
05/06/2008,HKY,NC,ASO,ES,Federal Contract Tower,0,4,16,1,21,0,1,70,31,102,0,5,86,32,123,126,0,126,249
05/07/2008,HKY,NC,ASO,ES,Federal Contract Tower,0,6,23,0,29,0,4,33,0,37,0,10,56,0,66,0,0,0,66
05/08/2008,HKY,NC,ASO,ES,Federal Contract Tower,0,2,27,0,29,0,0,38,0,38,0,2,65,0,67,28,0,28,95
05/09/2008,HKY,NC,ASO,ES,Federal Contract Tower,0,1,21,0,22,0,1,39,0,40,0,2,60,0,62,50,0,50,112
05/10/2008,HKY,NC,ASO,ES,Federal Contract Tower,0,2,15,0,17,0,2,50,8,60,0,4,65,8,77,34,0,34,111
05/11/2008,HKY,NC,ASO,ES,Federal Contract Tower,0,4,8,0,12,0,0,15,0,15,0,4,23,0,27,10,0,10,37
05/12/2008,HKY,NC,ASO,ES,Federal Contract Tower,0,2,9,0,11,0,0,24,4,28,0,2,33,4,39,6,0,6,45
05/13/2008,HKY,NC,ASO,ES,Federal Contract Tower,0,6,17,0,23,0,0,79,3,82,0,6,96,3,105,56,0,56,161
05/14/2008,HKY,NC,ASO,ES,Federal Contract Tower,0,5,40,0,45,0,4,53,0,57,0,9,93,0,102,70,0,70,172
05/15/2008,HKY,NC,ASO,ES,Federal Contract Tower,0,7,20,0,27,0,0,27,0,27,0,7,47,0,54,0,0,0,54
05/16/2008,HKY,NC,ASO,ES,Federal Contract Tower,0,0,24,0,24,0,0,33,0,33,0,0,57,0,57,58,0,58,115
05/17/2008,HKY,NC,ASO,ES,Federal Contract Tower,0,2,12,0,14,0,0,97,0,97,0,2,109,0,111,40,0,40,151
05/18/2008,HKY,NC,ASO,ES,Federal Contract Tower,0,1,15,0,16,0,0,21,0,21,0,1,36,0,37,2,0,2,39
05/19/2008,HKY,NC,ASO,ES,Federal Contract Tower,0,8,20,0,28,0,0,57,4,61,0,8,77,4,89,86,0,86,175
05/20/2008,HKY,NC,ASO,ES,Federal Contract Tower,0,7,23,0,30,0,6,27,2,35,0,13,50,2,65,92,0,92,157
05/21/2008,HKY,NC,ASO,ES,Federal Contract Tower,0,5,28,0,33,0,1,67,0,68,0,6,95,0,101,34,0,34,135
05/22/2008,HKY,NC,ASO,ES,Federal Contract Tower,0,11,15,0,26,0,0,101,0,101,0,11,116,0,127,68,0,68,195
05/23/2008,HKY,NC,ASO,ES,Federal Contract Tower,0,1,37,0,38,0,1,59,0,60,0,2,96,0,98,38,0,38,136
05/24/2008,HKY,NC,ASO,ES,Federal Contract Tower,0,5,6,0,11,0,0,41,0,41,0,5,47,0,52,44,0,44,96
05/25/2008,HKY,NC,ASO,ES,Federal Contract Tower,0,2,12,0,14,0,0,28,0,28,0,2,40,0,42,16,0,16,58
05/26/2008,HKY,NC,ASO,ES,Federal Contract Tower,0,2,15,0,17,0,2,81,0,83,0,4,96,0,100,30,0,30,130
05/27/2008,HKY,NC,ASO,ES,Federal Contract Tower,0,6,22,0,28,0,7,35,0,42,0,13,57,0,70,52,0,52,122
05/28/2008,HKY,NC,ASO,ES,Federal Contract Tower,0,12,12,1,25,0,0,2,1,3,0,12,14,2,28,0,0,0,28
05/29/2008,HKY,NC,ASO,ES,Federal Contract Tower,0,16,45,0,61,0,2,23,0,25,0,18,68,0,86,50,0,50,136
05/30/2008,HKY,NC,ASO,ES,Federal Contract Tower,0,3,36,0,39,0,0,36,0,36,0,3,72,0,75,42,0,42,117
05/31/2008,HKY,NC,ASO,ES,Federal Contract Tower,0,7,11,0,18,0,2,37,0,39,0,9,48,0,57,28,0,28,85
06/01/2008,HKY,NC,ASO,ES,Federal Contract Tower,0,5,15,2,22,0,5,37,2,44,0,10,52,4,66,0,0,0,68
06/02/2008,HKY,NC,ASO,ES,Federal Contract Tower,0,10,25,0,35,0,0,44,0,44,0,10,69,0,79,46,0,46,125
06/03/2008,HKY,NC,ASO,ES,Federal Contract Tower,0,3,18,0,21,0,0,42,2,44,0,3,60,2,65,40,0,40,105
06/04/2008,HKY,NC,ASO,ES,Federal Contract Tower,0,8,30,0,38,0,0,56,1,57,0,8,86,1,95,66,0,66,161
06/05/2008,HKY,NC,ASO,ES,Federal Contract Tower,0,7,29,0,36,0,0,49,6,55,0,7,78,6,91,48,0,48,139
06/06/2008,HKY,NC,ASO,ES,Federal Contract Tower,0,5,35,0,40,0,0,73,2,75,0,5,108,2,115,38,0,38,153
06/07/2008,HKY,NC,ASO,ES,Federal Contract Tower,0,1,9,0,10,0,4,36,0,40,0,5,45,0,50,22,0,22,72
06/08/2008,HKY,NC,ASO,ES,Federal Contract Tower,0,3,15,0,18,0,0,35,3,38,0,3,50,3,56,30,0,30,86
06/09/2008,HKY,NC,ASO,ES,Federal Contract Tower,0,2,30,3,35,0,0,38,0,38,0,2,68,3,73,52,0,52,125
06/10/2008,HKY,NC,ASO,ES,Federal Contract Tower,0,10,20,0,30,0,0,47,0,47,0,10,67,0,77,46,0,46,123
06/11/2008,HKY,NC,ASO,ES,Federal Contract Tower,0,7,18,0,25,0,1,70,0,71,0,8,88,0,96,72,0,72,168
06/12/2008,HKY,NC,ASO,ES,Federal Contract Tower,0,9,21,0,30,0,0,42,0,42,0,9,63,0,72,74,0,74,146
06/13/2008,HKY,NC,ASO,ES,Federal Contract Tower,0,8,30,0,38,0,0,53,0,53,0,8,83,0,91,90,0,90,181
06/14/2008,HKY,NC,ASO,ES,Federal Contract Tower,0,9,16,0,25,0,2,20,0,22,0,11,36,0,47,50,0,50,97
06/15/2008,HKY,NC,ASO,ES,Federal Contract Tower,0,5,21,0,26,0,0,22,0,22,0,5,43,0,48,0,0,0,48
06/16/2008,HKY,NC,ASO,ES,Federal Contract Tower,0,4,23,0,27,0,0,52,0,52,0,4,75,0,79,64,0,64,143
06/17/2008,HKY,NC,ASO,ES,Federal Contract Tower,0,8,17,0,25,0,0,49,0,49,0,8,66,0,74,40,0,40,114
06/18/2008,HKY,NC,ASO,ES,Federal Contract Tower,0,3,19,0,22,0,2,48,4,54,0,5,67,4,76,22,0,22,98
06/19/2008,HKY,NC,ASO,ES,Federal Contract Tower,0,5,31,0,36,0,0,57,3,60,0,5,88,3,96,46,0,46,142
06/20/2008,HKY,NC,ASO,ES,Federal Contract Tower,0,8,27,0,35,0,7,54,1,62,0,15,81,1,97,54,0,54,151
06/21/2008,HKY,NC,ASO,ES,Federal Contract Tower,0,6,16,0,22,0,1,29,0,30,0,7,45,0,52,8,0,8,60
06/22/2008,HKY,NC,ASO,ES,Federal Contract Tower,0,1,16,0,17,0,2,25,0,27,0,3,41,0,44,10,0,10,54
06/23/2008,HKY,NC,ASO,ES,Federal Contract Tower,0,6,18,0,24,0,0,57,1,58,0,6,75,1,82,40,0,40,122
06/24/2008,HKY,NC,ASO,ES,Federal Contract Tower,0,7,18,0,25,0,1,84,2,87,0,8,102,2,112,88,0,88,200
06/25/2008,HKY,NC,ASO,ES,Federal Contract Tower,0,3,26,0,29,0,0,55,2,57,0,3,81,2,86,70,0,70,156
06/26/2008,HKY,NC,ASO,ES,Federal Contract Tower,0,12,29,0,41,0,1,48,0,49,0,13,77,0,90,32,0,32,122
06/27/2008,HKY,NC,ASO,ES,Federal Contract Tower,0,8,30,0,38,0,0,38,7,45,0,8,68,7,83,52,0,52,135
06/28/2008,HKY,NC,ASO,ES,Federal Contract Tower,0,2,14,0,16,0,0,56,0,56,0,2,70,0,72,18,0,18,90
06/29/2008,HKY,NC,ASO,ES,Federal Contract Tower,0,5,19,0,24,0,0,39,5,44,0,5,58,5,68,0,0,0,68
06/30/2008,HKY,NC,ASO,ES,Federal Contract Tower,0,1,28,0,29,0,0,38,0,38,0,1,66,0,67,16,0,16,83
07/01/2008,HKY,NC,ASO,ES,Federal Contract Tower,0,9,15,4,28,0,9,77,8,94,0,18,92,12,122,34,0,34,156
07/02/2008,HKY,NC,ASO,ES,Federal Contract Tower,0,4,21,1,26,0,0,70,3,73,0,4,91,4,99,72,2,74,173
07/03/2008,HKY,NC,ASO,ES,Federal Contract Tower,0,4,21,0,25,0,4,66,0,70,0,8,87,0,95,56,0,56,151
07/04/2008,HKY,NC,ASO,ES,Federal Contract Tower,0,3,11,0,14,0,3,35,0,38,0,6,46,0,52,24,0,24,76
07/05/2008,HKY,NC,ASO,ES,Federal Contract Tower,0,1,13,0,14,0,2,22,0,24,0,3,35,0,38,14,0,14,52
07/06/2008,HKY,NC,ASO,ES,Federal Contract Tower,0,12,22,0,34,0,10,22,0,32,0,22,44,0,66,0,0,0,66
07/07/2008,HKY,NC,ASO,ES,Federal Contract Tower,0,11,23,0,34,0,0,31,0,31,0,11,54,0,65,20,0,20,85
07/08/2008,HKY,NC,ASO,ES,Federal Contract Tower,0,6,16,2,24,0,0,28,1,29,0,6,44,3,53,24,0,24,77
07/09/2008,HKY,NC,ASO,ES,Federal Contract Tower,0,6,26,0,32,0,1,25,0,26,0,7,51,0,58,18,0,18,76
07/10/2008,HKY,NC,ASO,ES,Federal Contract Tower,0,4,23,0,27,0,0,28,0,28,0,4,51,0,55,0,0,0,55
07/11/2008,HKY,NC,ASO,ES,Federal Contract Tower,0,2,23,0,25,0,0,54,4,58,0,2,77,4,83,38,0,38,121
07/12/2008,HKY,NC,ASO,ES,Federal Contract Tower,0,5,11,0,16,0,1,21,0,22,0,6,32,0,38,10,0,10,48
07/13/2008,HKY,NC,ASO,ES,Federal Contract Tower,0,0,10,0,10,0,0,20,1,21,0,0,30,1,31,20,0,20,51
07/14/2008,HKY,NC,ASO,ES,Federal Contract Tower,0,6,18,0,24,0,0,32,1,33,0,6,50,1,57,20,0,20,77
07/15/2008,HKY,NC,ASO,ES,Federal Contract Tower,0,5,28,1,34,0,8,68,1,77,0,13,96,2,111,50,0,50,161
07/16/2008,HKY,NC,ASO,ES,Federal Contract Tower,0,3,30,0,33,0,1,70,0,71,0,4,100,0,104,2,0,2,106
07/17/2008,HKY,NC,ASO,ES,Federal Contract Tower,0,5,41,0,46,0,6,46,6,58,0,11,87,6,104,44,0,44,148
07/18/2008,HKY,NC,ASO,ES,Federal Contract Tower,0,6,15,0,21,0,3,42,0,45,0,9,57,0,66,22,0,22,88
07/19/2008,HKY,NC,ASO,ES,Federal Contract Tower,0,2,23,0,25,0,1,57,0,58,0,3,80,0,83,28,0,28,111
07/20/2008,HKY,NC,ASO,ES,Federal Contract Tower,0,2,11,0,13,0,2,30,0,32,0,4,41,0,45,10,0,10,55
07/21/2008,HKY,NC,ASO,ES,Federal Contract Tower,0,2,28,0,30,0,4,55,0,59,0,6,83,0,89,26,0,26,115
07/22/2008,HKY,NC,ASO,ES,Federal Contract Tower,0,5,14,1,20,0,1,33,7,41,0,6,47,8,61,18,0,18,79
07/23/2008,HKY,NC,ASO,ES,Federal Contract Tower,0,4,11,2,17,0,0,44,2,46,0,4,55,4,63,32,0,32,95
07/24/2008,HKY,NC,ASO,ES,Federal Contract Tower,0,8,24,0,32,0,0,49,0,49,0,8,73,0,81,30,0,30,111
07/25/2008,HKY,NC,ASO,ES,Federal Contract Tower,0,6,22,0,28,0,0,52,6,58,0,6,74,6,86,56,0,56,142
07/26/2008,HKY,NC,ASO,ES,Federal Contract Tower,0,2,14,0,16,0,2,21,0,23,0,4,35,0,39,8,0,8,47
07/27/2008,HKY,NC,ASO,ES,Federal Contract Tower,0,3,21,0,24,0,1,40,0,41,0,4,61,0,65,18,0,18,83
07/28/2008,HKY,NC,ASO,ES,Federal Contract Tower,0,5,19,2,26,0,1,49,3,53,0,6,68,5,79,6,6,12,91
07/29/2008,HKY,NC,ASO,ES,Federal Contract Tower,0,2,14,0,16,0,2,52,4,58,0,4,66,4,74,20,0,20,94
07/30/2008,HKY,NC,ASO,ES,Federal Contract Tower,0,3,26,3,32,0,0,69,3,72,0,3,95,6,104,66,0,66,170
07/31/2008,HKY,NC,ASO,ES,Federal Contract Tower,0,1,35,0,36,0,0,54,3,57,0,1,89,3,93,18,0,18,111
08/01/2008,HKY,NC,ASO,ES,Federal Contract Tower,0,0,22,0,22,0,0,43,0,43,0,0,65,0,65,2,0,2,67
08/02/2008,HKY,NC,ASO,ES,Federal Contract Tower,0,1,13,0,14,0,0,38,0,38,0,1,51,0,52,12,0,12,64
08/03/2008,HKY,NC,ASO,ES,Federal Contract Tower,0,5,18,2,25,0,2,68,0,70,0,7,86,2,95,22,0,22,117
08/04/2008,HKY,NC,ASO,ES,Federal Contract Tower,0,1,21,0,22,0,0,58,1,59,0,1,79,1,81,38,0,38,119
08/05/2008,HKY,NC,ASO,ES,Federal Contract Tower,0,3,27,0,30,0,0,65,5,70,0,3,92,5,100,66,0,66,166
08/06/2008,HKY,NC,ASO,ES,Federal Contract Tower,0,2,18,0,20,0,0,66,5,71,0,2,84,5,91,48,0,48,139
08/07/2008,HKY,NC,ASO,ES,Federal Contract Tower,0,7,29,0,36,0,1,34,1,36,0,8,63,1,72,30,0,30,102
08/08/2008,HKY,NC,ASO,ES,Federal Contract Tower,0,1,21,0,22,0,0,50,0,50,0,1,71,0,72,28,0,28,100
08/09/2008,HKY,NC,ASO,ES,Federal Contract Tower,0,5,16,0,21,0,0,43,1,44,0,5,59,1,65,26,0,26,91
08/10/2008,HKY,NC,ASO,ES,Federal Contract Tower,0,0,25,0,25,0,0,42,0,42,0,0,67,0,67,22,0,22,89
08/11/2008,HKY,NC,ASO,ES,Federal Contract Tower,0,0,37,0,37,0,0,45,12,57,0,0,82,12,94,6,0,6,100
08/12/2008,HKY,NC,ASO,ES,Federal Contract Tower,0,3,21,0,24,0,0,44,6,50,0,3,65,6,74,4,0,4,78
08/13/2008,HKY,NC,ASO,ES,Federal Contract Tower,0,0,12,0,12,0,0,15,18,33,0,0,27,18,45,0,0,0,45
08/14/2008,HKY,NC,ASO,ES,Federal Contract Tower,0,7,29,3,39,0,0,40,3,43,0,7,69,6,82,8,0,8,90
08/15/2008,HKY,NC,ASO,ES,Federal Contract Tower,0,0,24,0,24,0,0,42,0,42,0,0,66,0,66,42,0,42,108
08/16/2008,HKY,NC,ASO,ES,Federal Contract Tower,0,2,14,2,18,0,4,49,0,53,0,6,63,2,71,14,0,14,85
08/17/2008,HKY,NC,ASO,ES,Federal Contract Tower,0,0,25,0,25,0,2,40,0,42,0,2,65,0,67,12,0,12,79
08/18/2008,HKY,NC,ASO,ES,Federal Contract Tower,0,0,40,0,40,0,0,55,15,70,0,0,95,15,110,18,0,18,128
08/19/2008,HKY,NC,ASO,ES,Federal Contract Tower,0,9,28,0,37,0,1,63,12,76,0,10,91,12,113,44,0,44,157
08/20/2008,HKY,NC,ASO,ES,Federal Contract Tower,0,2,23,0,25,0,0,62,3,65,0,2,85,3,90,54,0,54,144
08/21/2008,HKY,NC,ASO,ES,Federal Contract Tower,0,4,16,0,20,0,0,20,0,20,0,4,36,0,40,18,0,18,58
08/22/2008,HKY,NC,ASO,ES,Federal Contract Tower,0,4,22,0,26,0,0,42,6,48,0,4,64,6,74,30,0,30,104
08/23/2008,HKY,NC,ASO,ES,Federal Contract Tower,0,2,13,0,15,0,0,37,2,39,0,2,50,2,54,48,0,48,102
08/24/2008,HKY,NC,ASO,ES,Federal Contract Tower,0,3,22,0,25,0,4,57,1,62,0,7,79,1,87,2,0,2,89
08/25/2008,HKY,NC,ASO,ES,Federal Contract Tower,0,3,19,2,24,0,0,29,1,30,0,3,48,3,54,0,0,0,54
08/26/2008,HKY,NC,ASO,ES,Federal Contract Tower,0,6,15,0,21,0,0,0,0,0,0,6,15,0,21,0,0,0,21
08/27/2008,HKY,NC,ASO,ES,Federal Contract Tower,0,8,17,0,25,0,0,0,0,0,0,8,17,0,25,0,0,0,25
08/28/2008,HKY,NC,ASO,ES,Federal Contract Tower,0,5,29,4,38,0,9,0,0,9,0,14,29,4,47,2,0,2,49
08/29/2008,HKY,NC,ASO,ES,Federal Contract Tower,0,4,23,0,27,0,2,45,0,47,0,6,68,0,74,28,0,28,102
08/30/2008,HKY,NC,ASO,ES,Federal Contract Tower,0,3,17,0,20,0,0,31,0,31,0,3,48,0,51,6,0,6,57
08/31/2008,HKY,NC,ASO,ES,Federal Contract Tower,0,1,12,0,13,0,2,26,0,28,0,3,38,0,41,0,0,0,41
09/01/2008,HKY,NC,ASO,ES,Federal Contract Tower,0,1,23,8,32,0,0,36,0,36,0,1,59,8,68,0,0,0,68
09/02/2008,HKY,NC,ASO,ES,Federal Contract Tower,0,2,27,2,31,0,4,54,2,60,0,6,81,4,91,10,0,10,101
09/03/2008,HKY,NC,ASO,ES,Federal Contract Tower,0,1,27,0,28,0,2,80,6,88,0,3,107,6,116,30,0,30,146
09/04/2008,HKY,NC,ASO,ES,Federal Contract Tower,0,5,17,0,22,0,0,71,0,71,0,5,88,0,93,72,0,72,165
09/05/2008,HKY,NC,ASO,ES,Federal Contract Tower,0,1,17,0,18,0,1,70,6,77,0,2,87,6,95,38,0,38,133
09/06/2008,HKY,NC,ASO,ES,Federal Contract Tower,0,0,0,0,0,0,0,8,0,8,0,0,8,0,8,0,0,0,8
09/07/2008,HKY,NC,ASO,ES,Federal Contract Tower,0,0,21,0,21,0,0,52,0,52,0,0,73,0,73,16,0,16,89
09/08/2008,HKY,NC,ASO,ES,Federal Contract Tower,0,1,17,2,20,0,0,46,8,54,0,1,63,10,74,20,0,20,94
09/09/2008,HKY,NC,ASO,ES,Federal Contract Tower,0,15,20,1,36,0,0,17,5,22,0,15,37,6,58,0,0,0,58
09/10/2008,HKY,NC,ASO,ES,Federal Contract Tower,0,5,36,0,41,0,0,0,0,0,0,5,36,0,41,0,0,0,41
09/11/2008,HKY,NC,ASO,ES,Federal Contract Tower,0,4,30,0,34,0,0,0,0,0,0,4,30,0,34,0,0,0,34
09/12/2008,HKY,NC,ASO,ES,Federal Contract Tower,0,7,10,0,17,0,4,12,2,18,0,11,22,2,35,18,0,18,53
09/13/2008,HKY,NC,ASO,ES,Federal Contract Tower,0,1,18,0,19,0,0,24,0,24,0,1,42,0,43,6,0,6,49
09/14/2008,HKY,NC,ASO,ES,Federal Contract Tower,0,6,16,0,22,0,0,56,0,56,0,6,72,0,78,16,0,16,94
09/15/2008,HKY,NC,ASO,ES,Federal Contract Tower,0,0,16,0,16,0,0,48,4,52,0,0,64,4,68,74,0,74,142
09/16/2008,HKY,NC,ASO,ES,Federal Contract Tower,0,7,10,0,17,0,0,0,0,0,0,7,10,0,17,0,0,0,17
09/17/2008,HKY,NC,ASO,ES,Federal Contract Tower,0,4,14,2,20,0,1,73,7,81,0,5,87,9,101,76,4,80,181
09/18/2008,HKY,NC,ASO,ES,Federal Contract Tower,0,7,31,4,42,0,0,100,15,115,0,7,131,19,157,72,4,76,233
09/19/2008,HKY,NC,ASO,ES,Federal Contract Tower,0,3,27,0,30,0,5,55,0,60,0,8,82,0,90,32,4,36,126
09/20/2008,HKY,NC,ASO,ES,Federal Contract Tower,0,6,10,0,16,0,1,69,0,70,0,7,79,0,86,40,0,40,126
09/21/2008,HKY,NC,ASO,ES,Federal Contract Tower,0,3,33,0,36,0,0,55,0,55,0,3,88,0,91,10,0,10,101
09/22/2008,HKY,NC,ASO,ES,Federal Contract Tower,0,3,25,0,28,0,0,78,11,89,0,3,103,11,117,60,6,66,183
09/23/2008,HKY,NC,ASO,ES,Federal Contract Tower,1,5,32,0,38,0,2,66,12,80,1,7,98,12,118,116,0,116,234
09/24/2008,HKY,NC,ASO,ES,Federal Contract Tower,0,5,34,0,39,0,0,25,2,27,0,5,59,2,66,2,0,2,68
09/25/2008,HKY,NC,ASO,ES,Federal Contract Tower,0,3,23,0,26,0,0,30,0,30,0,3,53,0,56,30,0,30,86
09/26/2008,HKY,NC,ASO,ES,Federal Contract Tower,0,12,23,0,35,0,0,0,0,0,0,12,23,0,35,0,0,0,35
09/27/2008,HKY,NC,ASO,ES,Federal Contract Tower,0,3,6,0,9,0,0,7,0,7,0,3,13,0,16,42,0,42,58
09/28/2008,HKY,NC,ASO,ES,Federal Contract Tower,0,6,14,0,20,0,3,28,0,31,0,9,42,0,51,8,0,8,59
09/29/2008,HKY,NC,ASO,ES,Federal Contract Tower,1,5,6,0,12,0,0,48,2,50,1,5,54,2,62,64,0,64,126
09/30/2008,HKY,NC,ASO,ES,Federal Contract Tower,0,3,39,0,42,0,1,27,6,34,0,4,66,6,76,32,0,32,108
10/01/2008,HKY,NC,ASO,ES,Federal Contract Tower,0,4,23,0,27,0,0,50,1,51,0,4,73,1,78,18,0,18,96
10/02/2008,HKY,NC,ASO,ES,Federal Contract Tower,0,3,18,0,21,0,1,64,3,68,0,4,82,3,89,16,0,16,105
10/03/2008,HKY,NC,ASO,ES,Federal Contract Tower,0,5,38,4,47,0,1,50,0,51,0,6,88,4,98,14,0,14,112
10/04/2008,HKY,NC,ASO,ES,Federal Contract Tower,0,3,15,0,18,0,1,68,0,69,0,4,83,0,87,20,0,20,107
10/05/2008,HKY,NC,ASO,ES,Federal Contract Tower,0,0,29,0,29,0,0,49,2,51,0,0,78,2,80,38,0,38,118
10/06/2008,HKY,NC,ASO,ES,Federal Contract Tower,0,1,22,0,23,0,4,45,14,63,0,5,67,14,86,44,0,44,130
10/07/2008,HKY,NC,ASO,ES,Federal Contract Tower,0,5,17,2,24,0,5,41,1,47,0,10,58,3,71,46,0,46,117
10/08/2008,HKY,NC,ASO,ES,Federal Contract Tower,0,2,20,0,22,0,0,3,1,4,0,2,23,1,26,18,0,18,44
10/09/2008,HKY,NC,ASO,ES,Federal Contract Tower,0,4,27,1,32,0,0,5,1,6,0,4,32,2,38,12,0,12,50
10/10/2008,HKY,NC,ASO,ES,Federal Contract Tower,0,0,26,0,26,0,2,3,0,5,0,2,29,0,31,0,0,0,31
10/11/2008,HKY,NC,ASO,ES,Federal Contract Tower,0,0,11,0,11,0,8,39,5,52,0,8,50,5,63,14,0,14,77
10/12/2008,HKY,NC,ASO,ES,Federal Contract Tower,0,0,17,0,17,0,2,62,0,64,0,2,79,0,81,26,0,26,107
10/13/2008,HKY,NC,ASO,ES,Federal Contract Tower,0,1,12,0,13,0,0,48,0,48,0,1,60,0,61,6,0,6,67
10/14/2008,HKY,NC,ASO,ES,Federal Contract Tower,0,3,18,0,21,0,2,48,3,53,0,5,66,3,74,46,0,46,120
10/15/2008,HKY,NC,ASO,ES,Federal Contract Tower,0,3,17,0,20,0,0,59,0,59,0,3,76,0,79,26,0,26,105
10/16/2008,HKY,NC,ASO,ES,Federal Contract Tower,0,0,21,0,21,0,0,67,4,71,0,0,88,4,92,76,0,76,168
10/17/2008,HKY,NC,ASO,ES,Federal Contract Tower,0,2,31,0,33,0,0,1,0,1,0,2,32,0,34,0,0,0,34
10/18/2008,HKY,NC,ASO,ES,Federal Contract Tower,0,0,16,0,16,0,0,38,0,38,0,0,54,0,54,22,0,22,76
10/19/2008,HKY,NC,ASO,ES,Federal Contract Tower,0,0,21,0,21,0,0,65,0,65,0,0,86,0,86,28,0,28,114
10/20/2008,HKY,NC,ASO,ES,Federal Contract Tower,0,2,22,0,24,0,0,61,0,61,0,2,83,0,85,32,0,32,117
10/21/2008,HKY,NC,ASO,ES,Federal Contract Tower,0,3,15,0,18,0,0,41,2,43,0,3,56,2,61,36,0,36,97
10/22/2008,HKY,NC,ASO,ES,Federal Contract Tower,0,0,10,0,10,0,0,67,2,69,0,0,77,2,79,102,0,102,181
10/23/2008,HKY,NC,ASO,ES,Federal Contract Tower,0,4,23,0,27,0,1,71,4,76,0,5,94,4,103,18,0,18,121
10/24/2008,HKY,NC,ASO,ES,Federal Contract Tower,0,4,18,0,22,0,0,0,0,0,0,4,18,0,22,0,0,0,22
10/25/2008,HKY,NC,ASO,ES,Federal Contract Tower,0,6,10,0,16,0,0,23,0,23,0,6,33,0,39,26,0,26,65
10/26/2008,HKY,NC,ASO,ES,Federal Contract Tower,0,2,21,0,23,0,4,56,0,60,0,6,77,0,83,30,0,30,113
10/27/2008,HKY,NC,ASO,ES,Federal Contract Tower,0,0,13,0,13,0,2,14,2,18,0,2,27,2,31,4,0,4,35
10/28/2008,HKY,NC,ASO,ES,Federal Contract Tower,0,3,13,0,16,0,2,18,6,26,0,5,31,6,42,0,0,0,42
10/29/2008,HKY,NC,ASO,ES,Federal Contract Tower,0,6,22,2,30,0,6,52,0,58,0,12,74,2,88,10,0,10,98
10/30/2008,HKY,NC,ASO,ES,Federal Contract Tower,0,5,40,0,45,0,0,69,4,73,0,5,109,4,118,8,0,8,126
10/31/2008,HKY,NC,ASO,ES,Federal Contract Tower,0,0,17,0,17,0,0,39,0,39,0,0,56,0,56,4,0,4,60
11/01/2008,HKY,NC,ASO,ES,Federal Contract Tower,0,2,17,0,19,0,1,27,2,30,0,3,44,2,49,12,0,12,61
11/02/2008,HKY,NC,ASO,ES,Federal Contract Tower,0,0,20,0,20,0,0,29,0,29,0,0,49,0,49,10,0,10,59
11/03/2008,HKY,NC,ASO,ES,Federal Contract Tower,0,1,32,0,33,0,0,37,0,37,0,1,69,0,70,18,0,18,88
11/04/2008,HKY,NC,ASO,ES,Federal Contract Tower,0,6,14,0,20,0,4,19,0,23,0,10,33,0,43,0,0,0,43
11/05/2008,HKY,NC,ASO,ES,Federal Contract Tower,0,1,9,0,10,0,0,45,0,45,0,1,54,0,55,44,0,44,99
11/06/2008,HKY,NC,ASO,ES,Federal Contract Tower,0,2,22,1,25,0,0,87,7,94,0,2,109,8,119,30,4,34,153
11/07/2008,HKY,NC,ASO,ES,Federal Contract Tower,0,0,13,0,13,0,0,39,3,42,0,0,52,3,55,32,0,32,87
11/08/2008,HKY,NC,ASO,ES,Federal Contract Tower,0,0,24,0,24,0,0,48,0,48,0,0,72,0,72,42,0,42,114
11/09/2008,HKY,NC,ASO,ES,Federal Contract Tower,0,2,14,0,16,0,0,59,0,59,0,2,73,0,75,80,0,80,155
11/10/2008,HKY,NC,ASO,ES,Federal Contract Tower,0,0,17,0,17,0,0,80,0,80,0,0,97,0,97,28,0,28,125
11/11/2008,HKY,NC,ASO,ES,Federal Contract Tower,0,2,5,5,12,0,0,51,0,51,0,2,56,5,63,42,0,42,105
11/12/2008,HKY,NC,ASO,ES,Federal Contract Tower,0,4,19,0,23,0,2,46,0,48,0,6,65,0,71,60,0,60,131
11/13/2008,HKY,NC,ASO,ES,Federal Contract Tower,0,3,17,0,20,0,0,0,0,0,0,3,17,0,20,0,0,0,20
11/14/2008,HKY,NC,ASO,ES,Federal Contract Tower,0,0,19,0,19,0,0,0,0,0,0,0,19,0,19,0,0,0,19
11/15/2008,HKY,NC,ASO,ES,Federal Contract Tower,0,1,8,0,9,0,0,9,0,9,0,1,17,0,18,0,0,0,18
11/16/2008,HKY,NC,ASO,ES,Federal Contract Tower,0,1,8,0,9,0,0,28,2,30,0,1,36,2,39,10,0,10,49
11/17/2008,HKY,NC,ASO,ES,Federal Contract Tower,0,0,26,0,26,0,2,55,8,65,0,2,81,8,91,18,0,18,109
11/18/2008,HKY,NC,ASO,ES,Federal Contract Tower,0,0,12,0,12,0,0,23,0,23,0,0,35,0,35,0,0,0,35
11/19/2008,HKY,NC,ASO,ES,Federal Contract Tower,0,0,21,0,21,0,0,37,0,37,0,0,58,0,58,26,0,26,84
11/20/2008,HKY,NC,ASO,ES,Federal Contract Tower,0,2,17,0,19,0,0,62,2,64,0,2,79,2,83,56,0,56,139
11/21/2008,HKY,NC,ASO,ES,Federal Contract Tower,0,0,8,0,8,0,0,25,2,27,0,0,33,2,35,0,0,0,35
11/22/2008,HKY,NC,ASO,ES,Federal Contract Tower,0,1,9,0,10,0,0,33,0,33,0,1,42,0,43,14,0,14,57
11/23/2008,HKY,NC,ASO,ES,Federal Contract Tower,0,1,15,0,16,0,1,42,0,43,0,2,57,0,59,20,0,20,79
11/24/2008,HKY,NC,ASO,ES,Federal Contract Tower,0,0,13,0,13,0,0,24,0,24,0,0,37,0,37,20,0,20,57
11/25/2008,HKY,NC,ASO,ES,Federal Contract Tower,0,7,15,0,22,0,0,9,0,9,0,7,24,0,31,0,0,0,31
11/26/2008,HKY,NC,ASO,ES,Federal Contract Tower,0,2,20,0,22,0,0,75,0,75,0,2,95,0,97,72,0,72,169
11/27/2008,HKY,NC,ASO,ES,Federal Contract Tower,0,0,4,0,4,0,0,29,0,29,0,0,33,0,33,6,0,6,39
11/28/2008,HKY,NC,ASO,ES,Federal Contract Tower,0,0,10,0,10,0,0,53,0,53,0,0,63,0,63,9,0,9,72
11/29/2008,HKY,NC,ASO,ES,Federal Contract Tower,0,1,13,0,14,0,0,38,0,38,0,1,51,0,52,92,0,92,144
11/30/2008,HKY,NC,ASO,ES,Federal Contract Tower,0,0,16,0,16,0,0,16,0,16,0,0,32,0,32,0,0,0,32
12/01/2008,HKY,NC,ASO,ES,Federal Contract Tower,0,4,19,0,23,0,4,19,0,23,0,8,38,0,46,0,0,0,46
12/02/2008,HKY,NC,ASO,ES,Federal Contract Tower,0,2,20,0,22,0,0,58,0,58,0,2,78,0,80,62,0,62,142
12/03/2008,HKY,NC,ASO,ES,Federal Contract Tower,0,5,12,0,17,0,4,82,0,86,0,9,94,0,103,66,0,66,169
12/04/2008,HKY,NC,ASO,ES,Federal Contract Tower,0,10,9,0,19,0,0,48,0,48,0,10,57,0,67,6,0,6,73
12/05/2008,HKY,NC,ASO,ES,Federal Contract Tower,0,0,28,0,28,0,0,56,0,56,0,0,84,0,84,66,0,66,150
12/06/2008,HKY,NC,ASO,ES,Federal Contract Tower,0,1,7,0,8,0,2,15,0,17,0,3,22,0,25,22,0,22,47
12/07/2008,HKY,NC,ASO,ES,Federal Contract Tower,0,0,22,0,22,0,0,49,0,49,0,0,71,0,71,26,0,26,97
12/08/2008,HKY,NC,ASO,ES,Federal Contract Tower,0,0,22,0,22,0,0,37,2,39,0,0,59,2,61,10,0,10,71
12/09/2008,HKY,NC,ASO,ES,Federal Contract Tower,0,5,4,0,9,0,0,9,2,11,0,5,13,2,20,12,0,12,32
12/10/2008,HKY,NC,ASO,ES,Federal Contract Tower,0,8,8,0,16,0,2,7,0,9,0,10,15,0,25,0,0,0,25
12/11/2008,HKY,NC,ASO,ES,Federal Contract Tower,0,1,7,0,8,0,0,0,0,0,0,1,7,0,8,0,0,0,8
12/12/2008,HKY,NC,ASO,ES,Federal Contract Tower,0,1,10,0,11,0,0,33,0,33,0,1,43,0,44,12,0,12,56
12/13/2008,HKY,NC,ASO,ES,Federal Contract Tower,0,4,15,0,19,0,0,73,2,75,0,4,88,2,94,12,0,12,106
12/14/2008,HKY,NC,ASO,ES,Federal Contract Tower,0,0,9,0,9,0,0,29,0,29,0,0,38,0,38,56,0,56,94
12/15/2008,HKY,NC,ASO,ES,Federal Contract Tower,0,2,31,0,33,0,0,0,0,0,0,2,31,0,33,0,0,0,33
12/16/2008,HKY,NC,ASO,ES,Federal Contract Tower,0,0,12,0,12,0,0,0,0,0,0,0,12,0,12,0,0,0,12
12/17/2008,HKY,NC,ASO,ES,Federal Contract Tower,0,1,14,0,15,0,0,0,0,0,0,1,14,0,15,0,0,0,15
12/18/2008,HKY,NC,ASO,ES,Federal Contract Tower,0,1,14,0,15,0,0,0,0,0,0,1,14,0,15,0,0,0,15
12/19/2008,HKY,NC,ASO,ES,Federal Contract Tower,0,1,15,0,16,0,0,6,2,8,0,1,21,2,24,0,0,0,24
12/20/2008,HKY,NC,ASO,ES,Federal Contract Tower,0,0,5,0,5,0,0,17,0,17,0,0,22,0,22,22,0,22,44
12/21/2008,HKY,NC,ASO,ES,Federal Contract Tower,0,0,7,0,7,0,0,7,0,7,0,0,14,0,14,0,0,0,14
12/22/2008,HKY,NC,ASO,ES,Federal Contract Tower,0,0,15,0,15,0,1,41,0,42,0,1,56,0,57,28,0,28,85
12/23/2008,HKY,NC,ASO,ES,Federal Contract Tower,0,2,12,0,14,0,0,45,0,45,0,2,57,0,59,36,0,36,95
12/24/2008,HKY,NC,ASO,ES,Federal Contract Tower,0,2,12,0,14,0,0,0,0,0,0,2,12,0,14,0,0,0,14
12/25/2008,HKY,NC,ASO,ES,Federal Contract Tower,0,1,3,0,4,0,0,11,0,11,0,1,14,0,15,0,0,0,15
12/26/2008,HKY,NC,ASO,ES,Federal Contract Tower,0,1,13,0,14,0,0,28,0,28,0,1,41,0,42,38,0,38,80
12/27/2008,HKY,NC,ASO,ES,Federal Contract Tower,0,0,14,0,14,0,0,0,0,0,0,0,14,0,14,0,0,0,14
12/28/2008,HKY,NC,ASO,ES,Federal Contract Tower,0,0,19,0,19,0,0,0,0,0,0,0,19,0,19,0,0,0,19
12/29/2008,HKY,NC,ASO,ES,Federal Contract Tower,0,0,19,0,19,0,0,88,0,88,0,0,107,0,107,80,0,80,187
12/30/2008,HKY,NC,ASO,ES,Federal Contract Tower,0,0,14,0,14,0,0,68,0,68,0,0,82,0,82,48,0,48,130
12/31/2008,HKY,NC,ASO,ES,Federal Contract Tower,0,2,9,0,11,0,0,9,0,9,0,2,18,0,20,4,0,4,24
01/01/2009,HKY,NC,ASO,ES,Federal Contract Tower,0,0,7,0,7,0,8,35,0,43,0,8,42,0,50,0,0,0,50
01/02/2009,HKY,NC,ASO,ES,Federal Contract Tower,0,2,11,0,13,0,0,33,0,33,0,2,44,0,46,48,0,48,94
01/03/2009,HKY,NC,ASO,ES,Federal Contract Tower,0,0,9,0,9,0,0,40,0,40,0,0,49,0,49,38,0,38,87
01/04/2009,HKY,NC,ASO,ES,Federal Contract Tower,0,0,15,0,15,0,0,15,0,15,0,0,30,0,30,50,0,50,80
01/05/2009,HKY,NC,ASO,ES,Federal Contract Tower,0,0,6,0,6,0,0,0,0,0,0,0,6,0,6,0,0,0,6
01/06/2009,HKY,NC,ASO,ES,Federal Contract Tower,0,2,10,0,12,0,0,0,0,0,0,2,10,0,12,0,0,0,12
01/07/2009,HKY,NC,ASO,ES,Federal Contract Tower,0,0,11,0,11,0,0,6,0,6,0,0,17,0,17,0,0,0,17
01/08/2009,HKY,NC,ASO,ES,Federal Contract Tower,0,0,12,0,12,0,0,20,0,20,0,0,32,0,32,0,0,0,32
01/09/2009,HKY,NC,ASO,ES,Federal Contract Tower,0,0,15,0,15,0,0,69,2,71,0,0,84,2,86,30,0,30,116
01/10/2009,HKY,NC,ASO,ES,Federal Contract Tower,0,2,6,0,8,0,0,15,0,15,0,2,21,0,23,0,0,0,23
01/11/2009,HKY,NC,ASO,ES,Federal Contract Tower,0,0,16,0,16,0,0,33,2,35,0,0,49,2,51,12,0,12,63
01/12/2009,HKY,NC,ASO,ES,Federal Contract Tower,0,0,9,1,10,0,3,44,4,51,0,3,53,5,61,34,0,34,95
01/13/2009,HKY,NC,ASO,ES,Federal Contract Tower,0,4,10,0,14,0,0,20,0,20,0,4,30,0,34,22,0,22,56
01/14/2009,HKY,NC,ASO,ES,Federal Contract Tower,0,0,20,0,20,0,0,57,0,57,0,0,77,0,77,48,0,48,125
01/15/2009,HKY,NC,ASO,ES,Federal Contract Tower,0,2,13,0,15,0,0,0,0,0,0,2,13,0,15,16,0,16,31
01/16/2009,HKY,NC,ASO,ES,Federal Contract Tower,0,2,12,0,14,0,0,39,0,39,0,2,51,0,53,20,0,20,73
01/17/2009,HKY,NC,ASO,ES,Federal Contract Tower,0,2,8,0,10,0,0,44,0,44,0,2,52,0,54,14,0,14,68
01/18/2009,HKY,NC,ASO,ES,Federal Contract Tower,0,0,1,0,1,0,0,22,0,22,0,0,23,0,23,12,0,12,35
01/19/2009,HKY,NC,ASO,ES,Federal Contract Tower,0,0,18,0,18,0,0,29,4,33,0,0,47,4,51,16,0,16,67
01/20/2009,HKY,NC,ASO,ES,Federal Contract Tower,0,0,5,0,5,0,0,0,0,0,0,0,5,0,5,0,0,0,5
01/21/2009,HKY,NC,ASO,ES,Federal Contract Tower,0,0,18,0,18,0,0,62,2,64,0,0,80,2,82,64,0,64,146
01/22/2009,HKY,NC,ASO,ES,Federal Contract Tower,0,3,17,0,20,0,0,62,5,67,0,3,79,5,87,22,0,22,109
01/23/2009,HKY,NC,ASO,ES,Federal Contract Tower,0,0,8,0,8,0,0,48,0,48,0,0,56,0,56,50,0,50,106
01/24/2009,HKY,NC,ASO,ES,Federal Contract Tower,0,0,9,0,9,0,2,31,0,33,0,2,40,0,42,0,0,0,42
01/25/2009,HKY,NC,ASO,ES,Federal Contract Tower,0,0,3,0,3,0,0,33,0,33,0,0,36,0,36,14,0,14,50
01/26/2009,HKY,NC,ASO,ES,Federal Contract Tower,0,0,17,0,17,0,0,55,0,55,0,0,72,0,72,8,0,8,80
01/27/2009,HKY,NC,ASO,ES,Federal Contract Tower,0,0,8,0,8,0,0,0,0,0,0,0,8,0,8,0,0,0,8
01/28/2009,HKY,NC,ASO,ES,Federal Contract Tower,0,0,4,0,4,0,0,0,0,0,0,0,4,0,4,0,0,0,4
01/29/2009,HKY,NC,ASO,ES,Federal Contract Tower,0,2,10,0,12,0,2,47,0,49,0,4,57,0,61,22,0,22,83
01/30/2009,HKY,NC,ASO,ES,Federal Contract Tower,0,2,19,0,21,0,2,46,0,48,0,4,65,0,69,52,0,52,121
01/31/2009,HKY,NC,ASO,ES,Federal Contract Tower,0,0,4,0,4,0,0,60,0,60,0,0,64,0,64,36,0,36,100
02/01/2009,HKY,NC,ASO,ES,Federal Contract Tower,0,2,14,0,16,0,0,34,0,34,0,2,48,0,50,8,0,8,58
02/02/2009,HKY,NC,ASO,ES,Federal Contract Tower,0,2,7,0,9,0,37,0,1,38,0,39,7,1,47,22,0,22,69
02/03/2009,HKY,NC,ASO,ES,Federal Contract Tower,0,0,7,0,7,0,0,21,0,21,0,0,28,0,28,8,0,8,36
02/04/2009,HKY,NC,ASO,ES,Federal Contract Tower,0,2,14,0,16,0,0,11,0,11,0,2,25,0,27,0,0,0,27
02/05/2009,HKY,NC,ASO,ES,Federal Contract Tower,0,0,17,0,17,0,2,53,0,55,0,2,70,0,72,38,0,38,110
02/06/2009,HKY,NC,ASO,ES,Federal Contract Tower,0,2,7,0,9,0,2,64,0,66,0,4,71,0,75,44,0,44,119
02/07/2009,HKY,NC,ASO,ES,Federal Contract Tower,0,1,16,4,21,0,0,47,8,55,0,1,63,12,76,50,0,50,126
02/08/2009,HKY,NC,ASO,ES,Federal Contract Tower,0,0,12,0,12,0,0,32,0,32,0,0,44,0,44,4,0,4,48
02/09/2009,HKY,NC,ASO,ES,Federal Contract Tower,0,0,20,0,20,0,0,44,13,57,0,0,64,13,77,6,0,6,83
02/10/2009,HKY,NC,ASO,ES,Federal Contract Tower,0,0,23,0,23,0,0,41,0,41,0,0,64,0,64,26,0,26,90
02/11/2009,HKY,NC,ASO,ES,Federal Contract Tower,0,2,12,0,14,0,0,21,0,21,0,2,33,0,35,26,0,26,61
02/12/2009,HKY,NC,ASO,ES,Federal Contract Tower,0,0,15,0,15,0,0,12,0,12,0,0,27,0,27,10,0,10,37
02/13/2009,HKY,NC,ASO,ES,Federal Contract Tower,0,0,22,0,22,0,0,42,0,42,0,0,64,0,64,26,0,26,90
02/14/2009,HKY,NC,ASO,ES,Federal Contract Tower,0,0,7,0,7,0,0,19,0,19,0,0,26,0,26,2,0,2,28
02/15/2009,HKY,NC,ASO,ES,Federal Contract Tower,0,3,5,0,8,0,4,24,0,28,0,7,29,0,36,10,0,10,46
02/16/2009,HKY,NC,ASO,ES,Federal Contract Tower,0,0,11,0,11,0,0,48,0,48,0,0,59,0,59,42,0,42,101
02/17/2009,HKY,NC,ASO,ES,Federal Contract Tower,0,0,25,0,25,0,0,59,0,59,0,0,84,0,84,64,0,64,148
02/18/2009,HKY,NC,ASO,ES,Federal Contract Tower,0,0,10,0,10,0,0,0,0,0,0,0,10,0,10,0,0,0,10
02/19/2009,HKY,NC,ASO,ES,Federal Contract Tower,0,2,8,0,10,0,0,7,0,7,0,2,15,0,17,0,0,0,17
02/20/2009,HKY,NC,ASO,ES,Federal Contract Tower,0,3,18,0,21,0,0,43,10,53,0,3,61,10,74,8,0,8,82
02/21/2009,HKY,NC,ASO,ES,Federal Contract Tower,0,2,12,0,14,0,1,48,2,51,0,3,60,2,65,30,0,30,95
02/22/2009,HKY,NC,ASO,ES,Federal Contract Tower,0,0,7,0,7,0,0,18,0,18,0,0,25,0,25,0,0,0,25
02/23/2009,HKY,NC,ASO,ES,Federal Contract Tower,0,0,17,0,17,0,0,53,2,55,0,0,70,2,72,50,0,50,122
02/24/2009,HKY,NC,ASO,ES,Federal Contract Tower,0,1,22,0,23,0,0,67,19,86,0,1,89,19,109,64,0,64,173
02/25/2009,HKY,NC,ASO,ES,Federal Contract Tower,0,2,21,0,23,0,0,49,24,73,0,2,70,24,96,62,0,62,158
02/26/2009,HKY,NC,ASO,ES,Federal Contract Tower,0,1,8,0,9,0,0,57,9,66,0,1,65,9,75,40,0,40,115
02/27/2009,HKY,NC,ASO,ES,Federal Contract Tower,0,0,11,0,11,0,0,4,0,4,0,0,15,0,15,0,0,0,15
02/28/2009,HKY,NC,ASO,ES,Federal Contract Tower,0,0,6,0,6,0,0,0,0,0,0,0,6,0,6,0,0,0,6
03/01/2009,HKY,NC,ASO,ES,Federal Contract Tower,0,0,4,0,4,0,0,4,0,4,0,0,8,0,8,0,0,0,8
03/02/2009,HKY,NC,ASO,ES,Federal Contract Tower,0,1,12,0,13,0,1,16,0,17,0,2,28,0,30,0,0,0,30
03/03/2009,HKY,NC,ASO,ES,Federal Contract Tower,0,0,12,0,12,0,0,25,1,26,0,0,37,1,38,42,0,42,80
03/04/2009,HKY,NC,ASO,ES,Federal Contract Tower,0,0,8,0,8,0,0,37,1,38,0,0,45,1,46,52,0,52,98
03/05/2009,HKY,NC,ASO,ES,Federal Contract Tower,0,0,24,0,24,0,1,58,8,67,0,1,82,8,91,52,0,52,143
03/06/2009,HKY,NC,ASO,ES,Federal Contract Tower,0,0,14,0,14,0,2,55,7,64,0,2,69,7,78,30,0,30,108
03/07/2009,HKY,NC,ASO,ES,Federal Contract Tower,0,0,12,0,12,0,0,73,3,76,0,0,85,3,88,38,0,38,126
03/08/2009,HKY,NC,ASO,ES,Federal Contract Tower,0,2,7,0,9,0,0,43,4,47,0,2,50,4,56,36,0,36,92
03/09/2009,HKY,NC,ASO,ES,Federal Contract Tower,0,0,17,0,17,0,0,28,0,28,0,0,45,0,45,8,0,8,53
03/10/2009,HKY,NC,ASO,ES,Federal Contract Tower,0,2,12,0,14,0,0,70,0,70,0,2,82,0,84,78,0,78,162
03/11/2009,HKY,NC,ASO,ES,Federal Contract Tower,0,2,15,8,25,0,0,51,2,53,0,2,66,10,78,30,0,30,108
03/12/2009,HKY,NC,ASO,ES,Federal Contract Tower,0,4,23,0,27,0,1,33,2,36,0,5,56,2,63,24,0,24,87
03/13/2009,HKY,NC,ASO,ES,Federal Contract Tower,0,0,9,0,9,0,0,2,0,2,0,0,11,0,11,12,0,12,23
03/14/2009,HKY,NC,ASO,ES,Federal Contract Tower,0,0,0,0,0,0,0,0,0,0,0,0,0,0,0,0,0,0,0
03/15/2009,HKY,NC,ASO,ES,Federal Contract Tower,0,0,7,0,7,0,0,0,0,0,0,0,7,0,7,0,0,0,7
03/16/2009,HKY,NC,ASO,ES,Federal Contract Tower,0,0,4,0,4,0,0,0,0,0,0,0,4,0,4,0,0,0,4
03/17/2009,HKY,NC,ASO,ES,Federal Contract Tower,0,0,22,1,23,0,0,47,2,49,0,0,69,3,72,42,0,42,114
03/18/2009,HKY,NC,ASO,ES,Federal Contract Tower,0,8,19,0,27,0,3,67,0,70,0,11,86,0,97,68,0,68,165
03/19/2009,HKY,NC,ASO,ES,Federal Contract Tower,0,6,21,0,27,0,0,64,0,64,0,6,85,0,91,38,0,38,129
03/20/2009,HKY,NC,ASO,ES,Federal Contract Tower,0,4,13,0,17,0,0,65,0,65,0,4,78,0,82,30,0,30,112
03/21/2009,HKY,NC,ASO,ES,Federal Contract Tower,0,0,14,0,14,0,0,43,0,43,0,0,57,0,57,18,0,18,75
03/22/2009,HKY,NC,ASO,ES,Federal Contract Tower,0,0,17,0,17,0,0,62,0,62,0,0,79,0,79,16,0,16,95
03/23/2009,HKY,NC,ASO,ES,Federal Contract Tower,0,2,17,0,19,0,0,60,2,62,0,2,77,2,81,18,0,18,99
03/24/2009,HKY,NC,ASO,ES,Federal Contract Tower,0,0,15,0,15,0,3,55,0,58,0,3,70,0,73,34,0,34,107
03/25/2009,HKY,NC,ASO,ES,Federal Contract Tower,0,3,21,0,24,0,0,0,0,0,0,3,21,0,24,0,0,0,24
03/26/2009,HKY,NC,ASO,ES,Federal Contract Tower,0,0,7,0,7,0,0,0,0,0,0,0,7,0,7,0,0,0,7
03/27/2009,HKY,NC,ASO,ES,Federal Contract Tower,0,0,8,0,8,0,0,0,0,0,0,0,8,0,8,0,0,0,8
03/28/2009,HKY,NC,ASO,ES,Federal Contract Tower,0,0,6,0,6,0,0,0,0,0,0,0,6,0,6,0,0,0,6
03/29/2009,HKY,NC,ASO,ES,Federal Contract Tower,0,0,8,0,8,0,0,17,0,17,0,0,25,0,25,8,0,8,33
03/30/2009,HKY,NC,ASO,ES,Federal Contract Tower,0,0,17,0,17,0,0,63,6,69,0,0,80,6,86,64,0,64,150
03/31/2009,HKY,NC,ASO,ES,Federal Contract Tower,0,0,20,0,20,0,0,53,2,55,0,0,73,2,75,26,0,26,101
04/01/2009,HKY,NC,ASO,ES,Federal Contract Tower,0,0,12,0,12,0,0,3,0,3,0,0,15,0,15,0,0,0,15
04/02/2009,HKY,NC,ASO,ES,Federal Contract Tower,0,3,18,0,21,0,0,2,0,2,0,3,20,0,23,0,0,0,23
04/03/2009,HKY,NC,ASO,ES,Federal Contract Tower,0,2,20,0,22,0,0,21,2,23,0,2,41,2,45,0,0,0,45
04/04/2009,HKY,NC,ASO,ES,Federal Contract Tower,0,1,25,0,26,0,0,102,0,102,0,1,127,0,128,60,0,60,188
04/05/2009,HKY,NC,ASO,ES,Federal Contract Tower,0,0,12,0,12,0,0,38,0,38,0,0,50,0,50,22,0,22,72
04/06/2009,HKY,NC,ASO,ES,Federal Contract Tower,0,6,9,0,15,0,6,23,0,29,0,12,32,0,44,10,0,10,54
04/07/2009,HKY,NC,ASO,ES,Federal Contract Tower,0,4,18,0,22,0,4,28,0,32,0,8,46,0,54,12,0,12,66
04/08/2009,HKY,NC,ASO,ES,Federal Contract Tower,0,0,16,0,16,0,0,47,0,47,0,0,63,0,63,34,0,34,97
04/09/2009,HKY,NC,ASO,ES,Federal Contract Tower,0,1,30,3,34,0,1,97,0,98,0,2,127,3,132,88,2,90,222
04/10/2009,HKY,NC,ASO,ES,Federal Contract Tower,0,2,9,0,11,0,0,10,0,10,0,2,19,0,21,8,0,8,29
04/11/2009,HKY,NC,ASO,ES,Federal Contract Tower,0,0,13,0,13,0,2,30,2,34,0,2,43,2,47,12,0,12,59
04/12/2009,HKY,NC,ASO,ES,Federal Contract Tower,0,0,16,0,16,0,0,0,0,0,0,0,16,0,16,32,0,32,48
04/13/2009,HKY,NC,ASO,ES,Federal Contract Tower,0,0,8,0,8,0,0,18,0,18,0,0,26,0,26,16,0,16,42
04/14/2009,HKY,NC,ASO,ES,Federal Contract Tower,0,0,13,0,13,0,0,22,0,22,0,0,35,0,35,0,0,0,35
04/15/2009,HKY,NC,ASO,ES,Federal Contract Tower,0,5,11,0,16,0,0,45,6,51,0,5,56,6,67,34,0,34,101
04/16/2009,HKY,NC,ASO,ES,Federal Contract Tower,0,3,8,1,12,0,0,62,12,74,0,3,70,13,86,62,0,62,148
04/17/2009,HKY,NC,ASO,ES,Federal Contract Tower,0,0,23,1,24,0,0,73,5,78,0,0,96,6,102,86,0,86,188
04/18/2009,HKY,NC,ASO,ES,Federal Contract Tower,0,0,14,0,14,0,2,54,2,58,0,2,68,2,72,14,0,14,86
04/19/2009,HKY,NC,ASO,ES,Federal Contract Tower,0,0,12,0,12,0,0,20,2,22,0,0,32,2,34,50,0,50,84
04/20/2009,HKY,NC,ASO,ES,Federal Contract Tower,0,0,16,0,16,0,0,10,0,10,0,0,26,0,26,12,0,12,38
04/21/2009,HKY,NC,ASO,ES,Federal Contract Tower,0,9,14,0,23,0,0,13,2,15,0,9,27,2,38,22,0,22,60
04/22/2009,HKY,NC,ASO,ES,Federal Contract Tower,0,5,15,0,20,0,1,35,0,36,0,6,50,0,56,16,0,16,72
04/23/2009,HKY,NC,ASO,ES,Federal Contract Tower,0,2,20,0,22,0,4,53,2,59,0,6,73,2,81,2,0,2,83
04/24/2009,HKY,NC,ASO,ES,Federal Contract Tower,0,0,24,0,24,0,2,51,0,53,0,2,75,0,77,40,0,40,117
04/25/2009,HKY,NC,ASO,ES,Federal Contract Tower,0,0,17,0,17,0,2,50,4,56,0,2,67,4,73,20,0,20,93
04/26/2009,HKY,NC,ASO,ES,Federal Contract Tower,0,4,23,0,27,0,0,39,5,44,0,4,62,5,71,26,0,26,97
04/27/2009,HKY,NC,ASO,ES,Federal Contract Tower,0,0,15,0,15,0,0,61,0,61,0,0,76,0,76,52,0,52,128
04/28/2009,HKY,NC,ASO,ES,Federal Contract Tower,0,0,13,0,13,0,0,59,0,59,0,0,72,0,72,36,0,36,108
04/29/2009,HKY,NC,ASO,ES,Federal Contract Tower,0,1,9,0,10,0,0,67,0,67,0,1,76,0,77,50,0,50,127
04/30/2009,HKY,NC,ASO,ES,Federal Contract Tower,0,2,38,0,40,0,0,29,0,29,0,2,67,0,69,10,0,10,79
05/01/2009,HKY,NC,ASO,ES,Federal Contract Tower,0,2,14,0,16,0,5,21,0,26,0,7,35,0,42,0,0,0,42
05/02/2009,HKY,NC,ASO,ES,Federal Contract Tower,0,1,12,0,13,0,0,14,0,14,0,1,26,0,27,18,0,18,45
05/03/2009,HKY,NC,ASO,ES,Federal Contract Tower,0,1,18,0,19,0,0,21,0,21,0,1,39,0,40,8,0,8,48
05/04/2009,HKY,NC,ASO,ES,Federal Contract Tower,0,0,14,0,14,0,0,37,0,37,0,0,51,0,51,24,0,24,75
05/05/2009,HKY,NC,ASO,ES,Federal Contract Tower,0,2,11,0,13,0,0,1,0,1,0,2,12,0,14,4,0,4,18
05/06/2009,HKY,NC,ASO,ES,Federal Contract Tower,0,2,15,0,17,0,0,0,0,0,0,2,15,0,17,0,0,0,17
05/07/2009,HKY,NC,ASO,ES,Federal Contract Tower,0,1,30,0,31,0,0,54,0,54,0,1,84,0,85,14,0,14,99
05/08/2009,HKY,NC,ASO,ES,Federal Contract Tower,0,4,20,0,24,0,0,32,0,32,0,4,52,0,56,26,0,26,82
05/09/2009,HKY,NC,ASO,ES,Federal Contract Tower,0,3,8,0,11,0,0,40,0,40,0,3,48,0,51,34,0,34,85
05/10/2009,HKY,NC,ASO,ES,Federal Contract Tower,0,2,18,0,20,0,0,37,0,37,0,2,55,0,57,14,0,14,71
05/11/2009,HKY,NC,ASO,ES,Federal Contract Tower,0,5,27,0,32,0,0,21,0,21,0,5,48,0,53,30,0,30,83
05/12/2009,HKY,NC,ASO,ES,Federal Contract Tower,0,3,18,0,21,0,0,71,0,71,0,3,89,0,92,82,0,82,174
05/13/2009,HKY,NC,ASO,ES,Federal Contract Tower,0,6,23,0,29,0,0,58,0,58,0,6,81,0,87,48,0,48,135
05/14/2009,HKY,NC,ASO,ES,Federal Contract Tower,0,0,24,0,24,0,0,43,0,43,0,0,67,0,67,56,0,56,123
05/15/2009,HKY,NC,ASO,ES,Federal Contract Tower,0,1,24,0,25,0,0,12,0,12,0,1,36,0,37,36,0,36,73
05/16/2009,HKY,NC,ASO,ES,Federal Contract Tower,0,1,9,0,10,0,0,45,0,45,0,1,54,0,55,24,0,24,79
05/17/2009,HKY,NC,ASO,ES,Federal Contract Tower,0,0,16,0,16,0,0,1,0,1,0,0,17,0,17,0,0,0,17
05/18/2009,HKY,NC,ASO,ES,Federal Contract Tower,0,3,15,0,18,0,0,60,0,60,0,3,75,0,78,28,0,28,106
05/19/2009,HKY,NC,ASO,ES,Federal Contract Tower,0,3,14,0,17,0,0,72,0,72,0,3,86,0,89,90,0,90,179
05/20/2009,HKY,NC,ASO,ES,Federal Contract Tower,0,0,12,1,13,0,0,51,1,52,0,0,63,2,65,32,0,32,97
05/21/2009,HKY,NC,ASO,ES,Federal Contract Tower,0,2,19,0,21,0,0,41,0,41,0,2,60,0,62,84,0,84,146
05/22/2009,HKY,NC,ASO,ES,Federal Contract Tower,0,7,19,0,26,0,2,68,0,70,0,9,87,0,96,52,0,52,148
05/23/2009,HKY,NC,ASO,ES,Federal Contract Tower,0,0,11,0,11,0,0,31,0,31,0,0,42,0,42,14,0,14,56
05/24/2009,HKY,NC,ASO,ES,Federal Contract Tower,0,0,9,0,9,0,0,3,0,3,0,0,12,0,12,0,0,0,12
05/25/2009,HKY,NC,ASO,ES,Federal Contract Tower,0,0,18,0,18,0,0,27,0,27,0,0,45,0,45,8,0,8,53
05/26/2009,HKY,NC,ASO,ES,Federal Contract Tower,0,0,6,0,6,0,0,0,0,0,0,0,6,0,6,0,0,0,6
05/27/2009,HKY,NC,ASO,ES,Federal Contract Tower,0,3,16,2,21,0,0,17,1,18,0,3,33,3,39,6,0,6,45
05/28/2009,HKY,NC,ASO,ES,Federal Contract Tower,0,0,25,2,27,0,0,17,2,19,0,0,42,4,46,12,0,12,58
05/29/2009,HKY,NC,ASO,ES,Federal Contract Tower,0,1,22,0,23,0,0,27,0,27,0,1,49,0,50,28,0,28,78
05/30/2009,HKY,NC,ASO,ES,Federal Contract Tower,0,1,11,0,12,0,3,71,0,74,0,4,82,0,86,60,0,60,146
05/31/2009,HKY,NC,ASO,ES,Federal Contract Tower,0,0,12,0,12,0,0,0,0,0,0,0,12,0,12,12,0,12,24
06/01/2009,HKY,NC,ASO,ES,Federal Contract Tower,0,2,14,0,16,0,0,48,0,48,0,2,62,0,64,34,0,34,98
06/02/2009,HKY,NC,ASO,ES,Federal Contract Tower,0,3,14,0,17,0,3,60,0,63,0,6,74,0,80,86,0,86,166
06/03/2009,HKY,NC,ASO,ES,Federal Contract Tower,0,0,15,0,15,0,0,38,4,42,0,0,53,4,57,56,0,56,113
06/04/2009,HKY,NC,ASO,ES,Federal Contract Tower,0,0,14,0,14,0,0,3,0,3,0,0,17,0,17,0,0,0,17
06/05/2009,HKY,NC,ASO,ES,Federal Contract Tower,0,0,17,0,17,0,0,17,0,17,0,0,34,0,34,38,0,38,72
06/06/2009,HKY,NC,ASO,ES,Federal Contract Tower,0,1,29,0,30,0,0,81,0,81,0,1,110,0,111,42,0,42,153
06/07/2009,HKY,NC,ASO,ES,Federal Contract Tower,0,0,17,0,17,0,3,60,0,63,0,3,77,0,80,38,0,38,118
06/08/2009,HKY,NC,ASO,ES,Federal Contract Tower,0,0,6,0,6,0,2,58,0,60,0,2,64,0,66,42,0,42,108
06/09/2009,HKY,NC,ASO,ES,Federal Contract Tower,0,0,16,0,16,0,0,76,0,76,0,0,92,0,92,62,0,62,154
06/10/2009,HKY,NC,ASO,ES,Federal Contract Tower,0,0,9,0,9,0,0,48,0,48,0,0,57,0,57,24,0,24,81
06/11/2009,HKY,NC,ASO,ES,Federal Contract Tower,0,1,20,0,21,0,0,36,2,38,0,1,56,2,59,0,0,0,59
06/12/2009,HKY,NC,ASO,ES,Federal Contract Tower,0,1,18,2,21,0,0,52,2,54,0,1,70,4,75,30,0,30,105
06/13/2009,HKY,NC,ASO,ES,Federal Contract Tower,0,2,20,0,22,0,2,109,0,111,0,4,129,0,133,20,0,20,153
06/14/2009,HKY,NC,ASO,ES,Federal Contract Tower,0,0,33,0,33,0,0,41,0,41,0,0,74,0,74,12,0,12,86
06/15/2009,HKY,NC,ASO,ES,Federal Contract Tower,0,2,12,0,14,0,0,41,0,41,0,2,53,0,55,34,0,34,89
06/16/2009,HKY,NC,ASO,ES,Federal Contract Tower,0,3,16,0,19,0,0,29,0,29,0,3,45,0,48,12,0,12,60
06/17/2009,HKY,NC,ASO,ES,Federal Contract Tower,0,2,15,0,17,0,0,0,0,0,0,2,15,0,17,0,0,0,17
06/18/2009,HKY,NC,ASO,ES,Federal Contract Tower,0,1,21,0,22,0,0,33,0,33,0,1,54,0,55,4,0,4,59
06/19/2009,HKY,NC,ASO,ES,Federal Contract Tower,0,0,26,0,26,0,2,70,0,72,0,2,96,0,98,26,0,26,124
06/20/2009,HKY,NC,ASO,ES,Federal Contract Tower,0,2,25,0,27,0,0,62,0,62,0,2,87,0,89,14,0,14,103
06/21/2009,HKY,NC,ASO,ES,Federal Contract Tower,0,0,32,0,32,0,0,36,0,36,0,0,68,0,68,14,0,14,82
06/22/2009,HKY,NC,ASO,ES,Federal Contract Tower,0,4,9,0,13,0,4,66,1,71,0,8,75,1,84,54,0,54,138
06/23/2009,HKY,NC,ASO,ES,Federal Contract Tower,0,1,22,0,23,0,1,74,2,77,0,2,96,2,100,62,0,62,162
06/24/2009,HKY,NC,ASO,ES,Federal Contract Tower,0,1,22,0,23,0,0,72,0,72,0,1,94,0,95,22,0,22,117
06/25/2009,HKY,NC,ASO,ES,Federal Contract Tower,0,0,30,0,30,0,0,68,0,68,0,0,98,0,98,34,0,34,132
06/26/2009,HKY,NC,ASO,ES,Federal Contract Tower,0,0,22,0,22,0,0,52,5,57,0,0,74,5,79,16,0,16,95
06/27/2009,HKY,NC,ASO,ES,Federal Contract Tower,0,0,17,0,17,0,0,87,0,87,0,0,104,0,104,22,0,22,126
06/28/2009,HKY,NC,ASO,ES,Federal Contract Tower,0,2,17,0,19,0,0,44,0,44,0,2,61,0,63,20,0,20,83
06/29/2009,HKY,NC,ASO,ES,Federal Contract Tower,0,2,23,0,25,0,0,54,0,54,0,2,77,0,79,36,0,36,115
06/30/2009,HKY,NC,ASO,ES,Federal Contract Tower,0,0,22,0,22,0,0,73,0,73,0,0,95,0,95,38,0,38,133
07/01/2009,HKY,NC,ASO,ES,Federal Contract Tower,0,2,19,0,21,0,0,85,0,85,0,2,104,0,106,74,0,74,180
07/02/2009,HKY,NC,ASO,ES,Federal Contract Tower,0,1,28,0,29,0,0,62,2,64,0,1,90,2,93,66,0,66,159
07/03/2009,HKY,NC,ASO,ES,Federal Contract Tower,0,4,11,2,17,0,0,69,0,69,0,4,80,2,86,34,0,34,120
07/04/2009,HKY,NC,ASO,ES,Federal Contract Tower,0,1,8,0,9,0,0,48,0,48,0,1,56,0,57,40,0,40,97
07/05/2009,HKY,NC,ASO,ES,Federal Contract Tower,0,2,28,0,30,0,2,33,0,35,0,4,61,0,65,18,0,18,83
07/06/2009,HKY,NC,ASO,ES,Federal Contract Tower,0,2,28,0,30,0,0,9,0,9,0,2,37,0,39,8,0,8,47
07/07/2009,HKY,NC,ASO,ES,Federal Contract Tower,0,0,16,0,16,0,0,58,0,58,0,0,74,0,74,50,0,50,124
07/08/2009,HKY,NC,ASO,ES,Federal Contract Tower,0,0,20,0,20,0,0,62,0,62,0,0,82,0,82,32,0,32,114
07/09/2009,HKY,NC,ASO,ES,Federal Contract Tower,0,1,20,0,21,0,0,34,0,34,0,1,54,0,55,60,0,60,115
07/10/2009,HKY,NC,ASO,ES,Federal Contract Tower,0,2,26,0,28,0,0,39,0,39,0,2,65,0,67,24,0,24,91
07/11/2009,HKY,NC,ASO,ES,Federal Contract Tower,0,2,13,0,15,0,0,63,0,63,0,2,76,0,78,56,0,56,134
07/12/2009,HKY,NC,ASO,ES,Federal Contract Tower,0,3,17,0,20,0,0,33,0,33,0,3,50,0,53,12,0,12,65
07/13/2009,HKY,NC,ASO,ES,Federal Contract Tower,0,7,31,1,39,0,0,46,2,48,0,7,77,3,87,8,0,8,95
07/14/2009,HKY,NC,ASO,ES,Federal Contract Tower,0,2,25,0,27,0,0,80,0,80,0,2,105,0,107,84,0,84,191
07/15/2009,HKY,NC,ASO,ES,Federal Contract Tower,0,0,7,0,7,0,0,54,0,54,0,0,61,0,61,46,0,46,107
07/16/2009,HKY,NC,ASO,ES,Federal Contract Tower,0,0,26,0,26,0,0,45,0,45,0,0,71,0,71,28,0,28,99
07/17/2009,HKY,NC,ASO,ES,Federal Contract Tower,0,2,18,0,20,0,0,66,2,68,0,2,84,2,88,30,0,30,118
07/18/2009,HKY,NC,ASO,ES,Federal Contract Tower,0,2,18,0,20,0,0,58,0,58,0,2,76,0,78,40,0,40,118
07/19/2009,HKY,NC,ASO,ES,Federal Contract Tower,0,2,11,0,13,0,2,40,0,42,0,4,51,0,55,26,0,26,81
07/20/2009,HKY,NC,ASO,ES,Federal Contract Tower,0,2,29,0,31,0,0,39,0,39,0,2,68,0,70,16,0,16,86
07/21/2009,HKY,NC,ASO,ES,Federal Contract Tower,0,0,24,0,24,0,0,46,1,47,0,0,70,1,71,22,0,22,93
07/22/2009,HKY,NC,ASO,ES,Federal Contract Tower,0,4,19,0,23,0,0,34,2,36,0,4,53,2,59,44,0,44,103
07/23/2009,HKY,NC,ASO,ES,Federal Contract Tower,0,4,31,0,35,0,0,53,0,53,0,4,84,0,88,54,0,54,142
07/24/2009,HKY,NC,ASO,ES,Federal Contract Tower,0,2,21,0,23,0,0,72,2,74,0,2,93,2,97,64,0,64,161
07/25/2009,HKY,NC,ASO,ES,Federal Contract Tower,0,1,38,0,39,0,3,71,0,74,0,4,109,0,113,26,0,26,139
07/26/2009,HKY,NC,ASO,ES,Federal Contract Tower,0,7,30,0,37,0,0,36,0,36,0,7,66,0,73,25,0,25,98
07/27/2009,HKY,NC,ASO,ES,Federal Contract Tower,0,2,23,0,25,0,0,38,0,38,0,2,61,0,63,26,0,26,89
07/28/2009,HKY,NC,ASO,ES,Federal Contract Tower,0,1,40,0,41,0,0,48,0,48,0,1,88,0,89,14,0,14,103
07/29/2009,HKY,NC,ASO,ES,Federal Contract Tower,0,6,9,0,15,0,0,5,0,5,0,6,14,0,20,0,0,0,20
07/30/2009,HKY,NC,ASO,ES,Federal Contract Tower,0,0,28,0,28,0,0,37,0,37,0,0,65,0,65,12,0,12,77
07/31/2009,HKY,NC,ASO,ES,Federal Contract Tower,0,2,22,0,24,0,0,23,2,25,0,2,45,2,49,0,0,0,49
08/01/2009,HKY,NC,ASO,ES,Federal Contract Tower,0,1,7,0,8,0,0,19,0,19,0,1,26,0,27,4,0,4,31
08/02/2009,HKY,NC,ASO,ES,Federal Contract Tower,0,1,19,0,20,0,8,0,0,8,0,9,19,0,28,10,0,10,38
08/03/2009,HKY,NC,ASO,ES,Federal Contract Tower,0,0,31,0,31,0,0,45,0,45,0,0,76,0,76,20,0,20,96
08/04/2009,HKY,NC,ASO,ES,Federal Contract Tower,0,2,26,0,28,0,0,66,0,66,0,2,92,0,94,34,0,34,128
08/05/2009,HKY,NC,ASO,ES,Federal Contract Tower,0,1,14,0,15,0,0,35,0,35,0,1,49,0,50,18,0,18,68
08/06/2009,HKY,NC,ASO,ES,Federal Contract Tower,0,3,25,0,28,0,0,57,0,57,0,3,82,0,85,10,0,10,95
08/07/2009,HKY,NC,ASO,ES,Federal Contract Tower,0,0,33,0,33,0,0,72,0,72,0,0,105,0,105,42,0,42,147
08/08/2009,HKY,NC,ASO,ES,Federal Contract Tower,0,0,9,0,9,0,31,0,0,31,0,31,9,0,40,32,0,32,72
08/09/2009,HKY,NC,ASO,ES,Federal Contract Tower,0,0,25,0,25,0,0,32,0,32,0,0,57,0,57,20,0,20,77
08/10/2009,HKY,NC,ASO,ES,Federal Contract Tower,0,0,20,0,20,0,0,49,0,49,0,0,69,0,69,28,0,28,97
08/11/2009,HKY,NC,ASO,ES,Federal Contract Tower,0,2,19,0,21,0,0,49,0,49,0,2,68,0,70,26,0,26,96
08/12/2009,HKY,NC,ASO,ES,Federal Contract Tower,0,1,18,0,19,0,0,12,0,12,0,1,30,0,31,0,0,0,31
08/13/2009,HKY,NC,ASO,ES,Federal Contract Tower,0,0,24,0,24,0,0,43,0,43,0,0,67,0,67,30,0,30,97
08/14/2009,HKY,NC,ASO,ES,Federal Contract Tower,0,3,22,0,25,0,0,26,0,26,0,3,48,0,51,10,0,10,61
08/15/2009,HKY,NC,ASO,ES,Federal Contract Tower,0,2,13,0,15,0,0,24,0,24,0,2,37,0,39,32,0,32,71
08/16/2009,HKY,NC,ASO,ES,Federal Contract Tower,0,1,22,0,23,0,0,32,0,32,0,1,54,0,55,34,0,34,89
08/17/2009,HKY,NC,ASO,ES,Federal Contract Tower,0,1,20,0,21,0,0,46,0,46,0,1,66,0,67,32,0,32,99
08/18/2009,HKY,NC,ASO,ES,Federal Contract Tower,0,2,32,0,34,0,2,58,2,62,0,4,90,2,96,34,0,34,130
08/19/2009,HKY,NC,ASO,ES,Federal Contract Tower,0,2,18,0,20,0,0,65,1,66,0,2,83,1,86,44,0,44,130
08/20/2009,HKY,NC,ASO,ES,Federal Contract Tower,0,3,33,0,36,0,0,31,5,36,0,3,64,5,72,28,0,28,100
08/21/2009,HKY,NC,ASO,ES,Federal Contract Tower,0,4,28,0,32,0,0,45,0,45,0,4,73,0,77,58,0,58,135
08/22/2009,HKY,NC,ASO,ES,Federal Contract Tower,0,1,8,0,9,0,0,35,2,37,0,1,43,2,46,28,0,28,74
08/23/2009,HKY,NC,ASO,ES,Federal Contract Tower,0,4,22,0,26,0,0,50,0,50,0,4,72,0,76,22,0,22,98
08/24/2009,HKY,NC,ASO,ES,Federal Contract Tower,0,4,23,0,27,0,0,67,0,67,0,4,90,0,94,90,0,90,184
08/25/2009,HKY,NC,ASO,ES,Federal Contract Tower,0,0,25,0,25,0,0,55,0,55,0,0,80,0,80,56,0,56,136
08/26/2009,HKY,NC,ASO,ES,Federal Contract Tower,0,3,21,0,24,0,2,64,1,67,0,5,85,1,91,48,0,48,139
08/27/2009,HKY,NC,ASO,ES,Federal Contract Tower,0,1,27,0,28,0,0,59,0,59,0,1,86,0,87,58,0,58,145
08/28/2009,HKY,NC,ASO,ES,Federal Contract Tower,0,0,38,0,38,0,0,28,0,28,0,0,66,0,66,26,0,26,92
08/29/2009,HKY,NC,ASO,ES,Federal Contract Tower,0,1,8,0,9,0,33,1,0,34,0,34,9,0,43,12,0,12,55
08/30/2009,HKY,NC,ASO,ES,Federal Contract Tower,0,0,13,0,13,0,0,32,6,38,0,0,45,6,51,30,0,30,81
08/31/2009,HKY,NC,ASO,ES,Federal Contract Tower,0,2,31,0,33,0,0,23,12,35,0,2,54,12,68,12,0,12,80
09/01/2009,HKY,NC,ASO,ES,Federal Contract Tower,0,0,22,0,22,0,0,44,5,49,0,0,66,5,71,38,0,38,109
09/02/2009,HKY,NC,ASO,ES,Federal Contract Tower,0,2,16,0,18,0,0,62,3,65,0,2,78,3,83,18,0,18,101
09/03/2009,HKY,NC,ASO,ES,Federal Contract Tower,0,0,24,0,24,0,0,81,1,82,0,0,105,1,106,24,0,24,130
09/04/2009,HKY,NC,ASO,ES,Federal Contract Tower,0,3,20,0,23,0,3,62,2,67,0,6,82,2,90,18,0,18,108
09/05/2009,HKY,NC,ASO,ES,Federal Contract Tower,2,0,13,0,15,0,2,48,0,50,2,2,61,0,65,0,0,0,65
09/06/2009,HKY,NC,ASO,ES,Federal Contract Tower,0,0,7,0,7,0,0,32,0,32,0,0,39,0,39,30,0,30,69
09/07/2009,HKY,NC,ASO,ES,Federal Contract Tower,0,0,21,0,21,0,0,30,0,30,0,0,51,0,51,36,0,36,87
09/08/2009,HKY,NC,ASO,ES,Federal Contract Tower,0,3,18,0,21,0,0,59,0,59,0,3,77,0,80,46,0,46,126
09/09/2009,HKY,NC,ASO,ES,Federal Contract Tower,0,4,23,0,27,0,0,20,0,20,0,4,43,0,47,20,0,20,67
09/10/2009,HKY,NC,ASO,ES,Federal Contract Tower,0,0,27,0,27,0,0,10,0,10,0,0,37,0,37,26,0,26,63
09/11/2009,HKY,NC,ASO,ES,Federal Contract Tower,0,0,8,0,8,0,0,61,0,61,0,0,69,0,69,54,0,54,123
09/12/2009,HKY,NC,ASO,ES,Federal Contract Tower,0,7,9,3,19,0,0,62,4,66,0,7,71,7,85,54,0,54,139
09/13/2009,HKY,NC,ASO,ES,Federal Contract Tower,0,5,10,0,15,0,0,36,0,36,0,5,46,0,51,28,0,28,79
09/14/2009,HKY,NC,ASO,ES,Federal Contract Tower,0,1,20,0,21,0,0,74,2,76,0,1,94,2,97,44,0,44,141
09/15/2009,HKY,NC,ASO,ES,Federal Contract Tower,0,3,23,4,30,0,4,61,0,65,0,7,84,4,95,38,0,38,133
09/16/2009,HKY,NC,ASO,ES,Federal Contract Tower,0,4,32,0,36,0,0,35,0,35,0,4,67,0,71,42,0,42,113
09/17/2009,HKY,NC,ASO,ES,Federal Contract Tower,0,4,11,0,15,0,0,0,0,0,0,4,11,0,15,0,0,0,15
09/18/2009,HKY,NC,ASO,ES,Federal Contract Tower,0,2,22,0,24,0,0,0,0,0,0,2,22,0,24,0,0,0,24
09/19/2009,HKY,NC,ASO,ES,Federal Contract Tower,0,1,7,0,8,0,0,2,0,2,0,1,9,0,10,12,0,12,22
09/20/2009,HKY,NC,ASO,ES,Federal Contract Tower,0,2,17,0,19,0,0,2,0,2,0,2,19,0,21,14,0,14,35
09/21/2009,HKY,NC,ASO,ES,Federal Contract Tower,0,0,26,0,26,0,0,0,0,0,0,0,26,0,26,0,0,0,26
09/22/2009,HKY,NC,ASO,ES,Federal Contract Tower,0,2,18,0,20,0,0,39,0,39,0,2,57,0,59,70,0,70,129
09/23/2009,HKY,NC,ASO,ES,Federal Contract Tower,0,2,14,0,16,0,0,30,0,30,0,2,44,0,46,40,0,40,86
09/24/2009,HKY,NC,ASO,ES,Federal Contract Tower,0,6,18,0,24,0,0,101,0,101,0,6,119,0,125,68,0,68,193
09/25/2009,HKY,NC,ASO,ES,Federal Contract Tower,0,3,15,0,18,0,0,17,0,17,0,3,32,0,35,6,0,6,41
09/26/2009,HKY,NC,ASO,ES,Federal Contract Tower,0,1,6,0,7,0,0,0,0,0,0,1,6,0,7,0,0,0,7
09/27/2009,HKY,NC,ASO,ES,Federal Contract Tower,0,0,16,0,16,0,0,57,4,61,0,0,73,4,77,52,0,52,129
09/28/2009,HKY,NC,ASO,ES,Federal Contract Tower,0,1,16,0,17,0,0,51,8,59,0,1,67,8,76,70,0,70,146
09/29/2009,HKY,NC,ASO,ES,Federal Contract Tower,0,0,12,2,14,0,0,53,0,53,0,0,65,2,67,36,0,36,103
09/30/2009,HKY,NC,ASO,ES,Federal Contract Tower,0,4,18,0,22,0,0,75,0,75,0,4,93,0,97,20,0,20,117
10/01/2009,HKY,NC,ASO,ES,Federal Contract Tower,0,3,14,0,17,0,1,59,0,60,0,4,73,0,77,52,0,52,129
10/02/2009,HKY,NC,ASO,ES,Federal Contract Tower,0,1,24,0,25,0,0,45,0,45,0,1,69,0,70,30,0,30,100
10/03/2009,HKY,NC,ASO,ES,Federal Contract Tower,0,16,0,0,16,0,16,0,0,16,0,32,0,0,32,18,0,18,50
10/04/2009,HKY,NC,ASO,ES,Federal Contract Tower,0,3,24,0,27,0,0,43,0,43,0,3,67,0,70,28,0,28,98
10/05/2009,HKY,NC,ASO,ES,Federal Contract Tower,0,6,16,0,22,0,0,5,0,5,0,6,21,0,27,4,0,4,31
10/06/2009,HKY,NC,ASO,ES,Federal Contract Tower,0,1,19,2,22,0,0,34,0,34,0,1,53,2,56,132,0,132,188
10/07/2009,HKY,NC,ASO,ES,Federal Contract Tower,0,4,10,0,14,0,2,28,2,32,0,6,38,2,46,72,0,72,118
10/08/2009,HKY,NC,ASO,ES,Federal Contract Tower,0,2,20,0,22,0,50,19,1,70,0,52,39,1,92,50,12,62,154
10/09/2009,HKY,NC,ASO,ES,Federal Contract Tower,0,0,26,0,26,0,0,34,0,34,0,0,60,0,60,76,0,76,136
10/10/2009,HKY,NC,ASO,ES,Federal Contract Tower,0,1,14,2,17,0,2,14,2,18,0,3,28,4,35,8,0,8,43
10/11/2009,HKY,NC,ASO,ES,Federal Contract Tower,0,2,18,0,20,0,0,15,0,15,0,2,33,0,35,26,0,26,61
10/12/2009,HKY,NC,ASO,ES,Federal Contract Tower,0,0,24,0,24,0,0,12,0,12,0,0,36,0,36,26,0,26,62
10/13/2009,HKY,NC,ASO,ES,Federal Contract Tower,0,0,21,0,21,0,0,44,1,45,0,0,65,1,66,34,0,34,100
10/14/2009,HKY,NC,ASO,ES,Federal Contract Tower,0,0,8,2,10,0,0,0,0,0,0,0,8,2,10,0,0,0,10
10/15/2009,HKY,NC,ASO,ES,Federal Contract Tower,0,0,13,0,13,0,0,0,0,0,0,0,13,0,13,0,0,0,13
10/16/2009,HKY,NC,ASO,ES,Federal Contract Tower,0,0,18,0,18,0,0,10,0,10,0,0,28,0,28,44,0,44,72
10/17/2009,HKY,NC,ASO,ES,Federal Contract Tower,0,0,5,0,5,0,0,22,0,22,0,0,27,0,27,0,0,0,27
10/18/2009,HKY,NC,ASO,ES,Federal Contract Tower,0,4,16,1,21,0,0,21,3,24,0,4,37,4,45,30,0,30,75
10/19/2009,HKY,NC,ASO,ES,Federal Contract Tower,0,2,28,0,30,0,0,74,4,78,0,2,102,4,108,48,0,48,156
10/20/2009,HKY,NC,ASO,ES,Federal Contract Tower,0,1,20,0,21,0,0,68,0,68,0,1,88,0,89,66,0,66,155
10/21/2009,HKY,NC,ASO,ES,Federal Contract Tower,0,0,30,0,30,0,0,71,2,73,0,0,101,2,103,28,0,28,131
10/22/2009,HKY,NC,ASO,ES,Federal Contract Tower,0,3,24,0,27,0,0,52,0,52,0,3,76,0,79,40,0,40,119
10/23/2009,HKY,NC,ASO,ES,Federal Contract Tower,0,2,15,1,18,0,0,6,0,6,0,2,21,1,24,0,0,0,24
10/24/2009,HKY,NC,ASO,ES,Federal Contract Tower,0,0,5,0,5,0,4,5,0,9,0,4,10,0,14,0,0,0,14
10/25/2009,HKY,NC,ASO,ES,Federal Contract Tower,0,1,15,0,16,0,0,36,3,39,0,1,51,3,55,24,0,24,79
10/26/2009,HKY,NC,ASO,ES,Federal Contract Tower,0,1,18,0,19,0,0,91,0,91,0,1,109,0,110,28,0,28,138
10/27/2009,HKY,NC,ASO,ES,Federal Contract Tower,0,0,21,0,21,0,0,0,0,0,0,0,21,0,21,0,0,0,21
10/28/2009,HKY,NC,ASO,ES,Federal Contract Tower,0,0,20,0,20,0,0,34,0,34,0,0,54,0,54,46,0,46,100
10/29/2009,HKY,NC,ASO,ES,Federal Contract Tower,0,2,24,0,26,0,0,97,0,97,0,2,121,0,123,48,0,48,171
10/30/2009,HKY,NC,ASO,ES,Federal Contract Tower,0,0,32,0,32,0,0,18,0,18,0,0,50,0,50,13,0,13,63
10/31/2009,HKY,NC,ASO,ES,Federal Contract Tower,0,0,8,0,8,0,0,0,0,0,0,0,8,0,8,0,0,0,8
11/01/2009,HKY,NC,ASO,ES,Federal Contract Tower,0,0,22,0,22,0,0,9,0,9,0,0,31,0,31,40,0,40,71
11/02/2009,HKY,NC,ASO,ES,Federal Contract Tower,0,2,16,0,18,0,0,43,0,43,0,2,59,0,61,24,0,24,85
11/03/2009,HKY,NC,ASO,ES,Federal Contract Tower,0,0,27,0,27,0,6,71,0,77,0,6,98,0,104,30,0,30,134
11/04/2009,HKY,NC,ASO,ES,Federal Contract Tower,0,0,8,0,8,0,0,63,0,63,0,0,71,0,71,54,0,54,125
11/05/2009,HKY,NC,ASO,ES,Federal Contract Tower,0,1,26,0,27,0,1,50,2,53,0,2,76,2,80,22,10,32,112
11/06/2009,HKY,NC,ASO,ES,Federal Contract Tower,0,4,20,0,24,0,2,72,0,74,0,6,92,0,98,68,0,68,166
11/07/2009,HKY,NC,ASO,ES,Federal Contract Tower,0,0,7,0,7,0,1,41,0,42,0,1,48,0,49,54,0,54,103
11/08/2009,HKY,NC,ASO,ES,Federal Contract Tower,0,0,16,0,16,0,2,37,0,39,0,2,53,0,55,12,0,12,67
11/09/2009,HKY,NC,ASO,ES,Federal Contract Tower,0,1,22,0,23,0,2,51,0,53,0,3,73,0,76,30,0,30,106
11/10/2009,HKY,NC,ASO,ES,Federal Contract Tower,0,2,13,0,15,0,0,1,0,1,0,2,14,0,16,0,0,0,16
11/11/2009,HKY,NC,ASO,ES,Federal Contract Tower,0,2,9,0,11,0,0,1,0,1,0,2,10,0,12,0,0,0,12
11/12/2009,HKY,NC,ASO,ES,Federal Contract Tower,0,1,11,0,12,0,0,11,0,11,0,1,22,0,23,22,0,22,45
11/13/2009,HKY,NC,ASO,ES,Federal Contract Tower,0,0,16,0,16,0,0,34,2,36,0,0,50,2,52,22,0,22,74
11/14/2009,HKY,NC,ASO,ES,Federal Contract Tower,0,1,12,0,13,0,0,41,2,43,0,1,53,2,56,22,0,22,78
11/15/2009,HKY,NC,ASO,ES,Federal Contract Tower,0,2,12,0,14,0,0,69,0,69,0,2,81,0,83,24,0,24,107
11/16/2009,HKY,NC,ASO,ES,Federal Contract Tower,0,4,20,0,24,0,0,46,0,46,0,4,66,0,70,44,0,44,114
11/17/2009,HKY,NC,ASO,ES,Federal Contract Tower,0,2,15,0,17,0,0,28,0,28,0,2,43,0,45,38,0,38,83
11/18/2009,HKY,NC,ASO,ES,Federal Contract Tower,0,1,18,0,19,0,0,0,0,0,0,1,18,0,19,0,0,0,19
11/19/2009,HKY,NC,ASO,ES,Federal Contract Tower,0,1,41,0,42,0,0,14,0,14,0,1,55,0,56,10,0,10,66
11/20/2009,HKY,NC,ASO,ES,Federal Contract Tower,0,0,9,0,9,0,0,56,0,56,0,0,65,0,65,56,0,56,121
11/21/2009,HKY,NC,ASO,ES,Federal Contract Tower,0,0,9,0,9,0,0,49,0,49,0,0,58,0,58,44,0,44,102
11/22/2009,HKY,NC,ASO,ES,Federal Contract Tower,0,2,10,0,12,0,0,17,0,17,0,2,27,0,29,14,0,14,43
11/23/2009,HKY,NC,ASO,ES,Federal Contract Tower,0,4,18,0,22,0,0,0,0,0,0,4,18,0,22,0,0,0,22
11/24/2009,HKY,NC,ASO,ES,Federal Contract Tower,0,7,10,0,17,0,0,9,0,9,0,7,19,0,26,28,0,28,54
11/25/2009,HKY,NC,ASO,ES,Federal Contract Tower,0,3,26,0,29,0,0,42,0,42,0,3,68,0,71,21,0,21,92
11/26/2009,HKY,NC,ASO,ES,Federal Contract Tower,0,1,3,0,4,0,0,0,0,0,0,1,3,0,4,0,0,0,4
11/27/2009,HKY,NC,ASO,ES,Federal Contract Tower,0,0,7,0,7,0,0,17,0,17,0,0,24,0,24,0,0,0,24
11/28/2009,HKY,NC,ASO,ES,Federal Contract Tower,0,1,14,0,15,0,0,69,0,69,0,1,83,0,84,54,0,54,138
11/29/2009,HKY,NC,ASO,ES,Federal Contract Tower,0,0,29,0,29,0,0,47,0,47,0,0,76,0,76,18,0,18,94
11/30/2009,HKY,NC,ASO,ES,Federal Contract Tower,0,2,20,0,22,0,0,14,0,14,0,2,34,0,36,30,0,30,66
12/01/2009,HKY,NC,ASO,ES,Federal Contract Tower,0,0,16,0,16,0,0,63,0,63,0,0,79,0,79,0,0,0,79
12/02/2009,HKY,NC,ASO,ES,Federal Contract Tower,0,8,8,0,16,0,0,0,0,0,0,8,8,0,16,0,0,0,16
12/03/2009,HKY,NC,ASO,ES,Federal Contract Tower,0,2,19,0,21,0,0,41,0,41,0,2,60,0,62,66,0,66,128
12/04/2009,HKY,NC,ASO,ES,Federal Contract Tower,0,1,23,0,24,0,0,53,0,53,0,1,76,0,77,36,0,36,113
12/05/2009,HKY,NC,ASO,ES,Federal Contract Tower,0,0,3,0,3,0,0,4,0,4,0,0,7,0,7,10,0,10,17
12/06/2009,HKY,NC,ASO,ES,Federal Contract Tower,0,2,14,0,16,0,0,37,0,37,0,2,51,0,53,4,0,4,57
12/07/2009,HKY,NC,ASO,ES,Federal Contract Tower,0,2,25,0,27,0,0,40,0,40,0,2,65,0,67,42,0,42,109
12/08/2009,HKY,NC,ASO,ES,Federal Contract Tower,0,5,17,0,22,0,0,6,0,6,0,5,23,0,28,22,0,22,50
12/09/2009,HKY,NC,ASO,ES,Federal Contract Tower,0,2,5,0,7,0,0,1,0,1,0,2,6,0,8,0,0,0,8
12/10/2009,HKY,NC,ASO,ES,Federal Contract Tower,0,2,17,0,19,0,2,42,0,44,0,4,59,0,63,30,0,30,93
12/11/2009,HKY,NC,ASO,ES,Federal Contract Tower,0,0,14,0,14,0,0,36,0,36,0,0,50,0,50,76,0,76,126
12/12/2009,HKY,NC,ASO,ES,Federal Contract Tower,0,0,8,0,8,0,0,16,0,16,0,0,24,0,24,8,0,8,32
12/13/2009,HKY,NC,ASO,ES,Federal Contract Tower,0,1,7,0,8,0,0,0,0,0,0,1,7,0,8,0,0,0,8
12/14/2009,HKY,NC,ASO,ES,Federal Contract Tower,0,1,19,0,20,0,0,0,0,0,0,1,19,0,20,0,0,0,20
12/15/2009,HKY,NC,ASO,ES,Federal Contract Tower,0,0,12,0,12,0,0,24,0,24,0,0,36,0,36,46,0,46,82
12/16/2009,HKY,NC,ASO,ES,Federal Contract Tower,0,3,15,0,18,0,0,43,5,48,0,3,58,5,66,56,0,56,122
12/17/2009,HKY,NC,ASO,ES,Federal Contract Tower,0,4,31,0,35,0,0,65,0,65,0,4,96,0,100,68,0,68,168
12/18/2009,HKY,NC,ASO,ES,Federal Contract Tower,0,0,5,0,5,0,0,0,0,0,0,0,5,0,5,0,0,0,5
12/19/2009,HKY,NC,ASO,ES,Federal Contract Tower,0,0,7,0,7,0,0,2,0,2,0,0,9,0,9,0,0,0,9
12/20/2009,HKY,NC,ASO,ES,Federal Contract Tower,0,4,8,0,12,0,0,4,0,4,0,4,12,0,16,0,0,0,16
12/21/2009,HKY,NC,ASO,ES,Federal Contract Tower,0,5,7,0,12,0,0,24,2,26,0,5,31,2,38,16,0,16,54
12/22/2009,HKY,NC,ASO,ES,Federal Contract Tower,0,4,20,0,24,0,0,24,0,24,0,4,44,0,48,26,0,26,74
12/23/2009,HKY,NC,ASO,ES,Federal Contract Tower,0,2,8,0,10,0,0,41,0,41,0,2,49,0,51,45,0,45,96
12/24/2009,HKY,NC,ASO,ES,Federal Contract Tower,0,0,3,0,3,0,0,2,0,2,0,0,5,0,5,0,0,0,5
12/25/2009,HKY,NC,ASO,ES,Federal Contract Tower,0,2,0,0,2,0,0,0,0,0,0,2,0,0,2,0,0,0,2
12/26/2009,HKY,NC,ASO,ES,Federal Contract Tower,0,0,22,0,22,0,0,24,0,24,0,0,46,0,46,0,0,0,46
12/27/2009,HKY,NC,ASO,ES,Federal Contract Tower,0,0,14,0,14,0,0,25,0,25,0,0,39,0,39,34,0,34,73
12/28/2009,HKY,NC,ASO,ES,Federal Contract Tower,0,2,15,0,17,0,0,23,0,23,0,2,38,0,40,8,0,8,48
12/29/2009,HKY,NC,ASO,ES,Federal Contract Tower,0,0,20,0,20,0,0,37,0,37,0,0,57,0,57,26,0,26,83
12/30/2009,HKY,NC,ASO,ES,Federal Contract Tower,0,0,25,0,25,0,2,34,0,36,0,2,59,0,61,18,0,18,79
12/31/2009,HKY,NC,ASO,ES,Federal Contract Tower,0,0,1,0,1,0,0,0,0,0,0,0,1,0,1,0,0,0,1
01/01/2010,HKY,NC,ASO,ES,Federal Contract Tower,0,0,2,0,2,0,0,1,0,1,0,0,3,0,3,10,0,10,13
01/02/2010,HKY,NC,ASO,ES,Federal Contract Tower,0,5,21,0,26,0,0,22,0,22,0,5,43,0,48,0,0,0,48
01/03/2010,HKY,NC,ASO,ES,Federal Contract Tower,0,2,19,0,21,0,0,14,0,14,0,2,33,0,35,8,0,8,43
01/04/2010,HKY,NC,ASO,ES,Federal Contract Tower,0,0,9,0,9,0,0,21,0,21,0,0,30,0,30,8,0,8,38
01/05/2010,HKY,NC,ASO,ES,Federal Contract Tower,0,4,15,0,19,0,0,34,0,34,0,4,49,0,53,62,0,62,115
01/06/2010,HKY,NC,ASO,ES,Federal Contract Tower,0,1,17,0,18,0,2,49,2,53,0,3,66,2,71,114,0,114,185
01/07/2010,HKY,NC,ASO,ES,Federal Contract Tower,0,0,0,0,0,0,0,0,0,0,0,0,0,0,0,0,0,0,0
01/08/2010,HKY,NC,ASO,ES,Federal Contract Tower,0,0,5,0,5,0,0,2,0,2,0,0,7,0,7,8,0,8,15
01/09/2010,HKY,NC,ASO,ES,Federal Contract Tower,0,0,6,0,6,0,0,6,0,6,0,0,12,0,12,16,0,16,28
01/10/2010,HKY,NC,ASO,ES,Federal Contract Tower,0,1,8,0,9,0,0,29,0,29,0,1,37,0,38,0,0,0,38
01/11/2010,HKY,NC,ASO,ES,Federal Contract Tower,0,3,17,0,20,0,2,48,2,52,0,5,65,2,72,38,0,38,110
01/12/2010,HKY,NC,ASO,ES,Federal Contract Tower,0,2,7,0,9,0,0,29,0,29,0,2,36,0,38,38,0,38,76
01/13/2010,HKY,NC,ASO,ES,Federal Contract Tower,0,1,13,0,14,0,65,4,0,69,0,66,17,0,83,60,0,60,143
01/14/2010,HKY,NC,ASO,ES,Federal Contract Tower,0,2,11,0,13,0,39,1,0,40,0,41,12,0,53,2,0,2,55
01/15/2010,HKY,NC,ASO,ES,Federal Contract Tower,0,0,21,0,21,0,0,71,0,71,0,0,92,0,92,54,0,54,146
01/16/2010,HKY,NC,ASO,ES,Federal Contract Tower,0,1,6,0,7,0,2,30,0,32,0,3,36,0,39,28,0,28,67
01/17/2010,HKY,NC,ASO,ES,Federal Contract Tower,0,1,4,0,5,0,0,0,0,0,0,1,4,0,5,0,0,0,5
01/18/2010,HKY,NC,ASO,ES,Federal Contract Tower,0,0,22,0,22,0,0,52,2,54,0,0,74,2,76,10,0,10,86
01/19/2010,HKY,NC,ASO,ES,Federal Contract Tower,0,0,14,0,14,0,0,67,0,67,0,0,81,0,81,18,0,18,99
01/20/2010,HKY,NC,ASO,ES,Federal Contract Tower,0,0,17,0,17,0,0,45,0,45,0,0,62,0,62,50,0,50,112
01/21/2010,HKY,NC,ASO,ES,Federal Contract Tower,0,0,26,0,26,0,0,0,0,0,0,0,26,0,26,0,0,0,26
01/22/2010,HKY,NC,ASO,ES,Federal Contract Tower,0,1,6,0,7,0,0,4,0,4,0,1,10,0,11,6,0,6,17
01/23/2010,HKY,NC,ASO,ES,Federal Contract Tower,0,0,20,0,20,0,0,15,0,15,0,0,35,0,35,22,0,22,57
01/24/2010,HKY,NC,ASO,ES,Federal Contract Tower,0,0,3,0,3,0,0,0,0,0,0,0,3,0,3,0,0,0,3
01/25/2010,HKY,NC,ASO,ES,Federal Contract Tower,0,0,18,0,18,0,2,15,0,17,0,2,33,0,35,0,0,0,35
01/26/2010,HKY,NC,ASO,ES,Federal Contract Tower,0,0,9,5,14,0,0,42,2,44,0,0,51,7,58,32,2,34,92
01/27/2010,HKY,NC,ASO,ES,Federal Contract Tower,0,3,7,0,10,0,0,52,0,52,0,3,59,0,62,66,0,66,128
01/28/2010,HKY,NC,ASO,ES,Federal Contract Tower,0,0,15,0,15,0,0,52,0,52,0,0,67,0,67,26,0,26,93
01/29/2010,HKY,NC,ASO,ES,Federal Contract Tower,0,0,12,0,12,0,0,30,0,30,0,0,42,0,42,34,0,34,76
01/30/2010,HKY,NC,ASO,ES,Federal Contract Tower,0,8,0,0,8,0,0,0,0,0,0,8,0,0,8,0,0,0,8
01/31/2010,HKY,NC,ASO,ES,Federal Contract Tower,0,0,3,0,3,0,0,0,0,0,0,0,3,0,3,0,0,0,3
02/01/2010,HKY,NC,ASO,ES,Federal Contract Tower,0,4,16,0,20,0,0,32,0,32,0,4,48,0,52,6,0,6,58
02/02/2010,HKY,NC,ASO,ES,Federal Contract Tower,0,2,9,0,11,0,0,0,0,0,0,2,9,0,11,0,0,0,11
02/03/2010,HKY,NC,ASO,ES,Federal Contract Tower,0,0,30,0,30,0,2,71,0,73,0,2,101,0,103,62,0,62,165
02/04/2010,HKY,NC,ASO,ES,Federal Contract Tower,0,0,14,0,14,0,0,34,0,34,0,0,48,0,48,22,0,22,70
02/05/2010,HKY,NC,ASO,ES,Federal Contract Tower,0,0,3,0,3,0,0,0,0,0,0,0,3,0,3,0,0,0,3
02/06/2010,HKY,NC,ASO,ES,Federal Contract Tower,0,0,1,0,1,0,0,7,0,7,0,0,8,0,8,6,0,6,14
02/07/2010,HKY,NC,ASO,ES,Federal Contract Tower,0,0,8,0,8,0,0,31,0,31,0,0,39,0,39,46,0,46,85
02/08/2010,HKY,NC,ASO,ES,Federal Contract Tower,0,0,17,0,17,0,0,42,4,46,0,0,59,4,63,52,0,52,115
02/09/2010,HKY,NC,ASO,ES,Federal Contract Tower,0,0,6,0,6,0,0,0,0,0,0,0,6,0,6,0,0,0,6
02/10/2010,HKY,NC,ASO,ES,Federal Contract Tower,0,0,4,0,4,0,0,0,0,0,0,0,4,0,4,0,0,0,4
02/11/2010,HKY,NC,ASO,ES,Federal Contract Tower,0,0,22,0,22,0,0,61,2,63,0,0,83,2,85,98,0,98,183
02/12/2010,HKY,NC,ASO,ES,Federal Contract Tower,0,0,19,0,19,0,0,43,0,43,0,0,62,0,62,58,0,58,120
02/13/2010,HKY,NC,ASO,ES,Federal Contract Tower,0,0,15,0,15,0,0,34,0,34,0,0,49,0,49,60,0,60,109
02/14/2010,HKY,NC,ASO,ES,Federal Contract Tower,0,0,10,0,10,0,0,53,0,53,0,0,63,0,63,22,0,22,85
02/15/2010,HKY,NC,ASO,ES,Federal Contract Tower,0,2,6,0,8,0,0,4,0,4,0,2,10,0,12,0,0,0,12
02/16/2010,HKY,NC,ASO,ES,Federal Contract Tower,0,0,10,0,10,0,0,43,0,43,0,0,53,0,53,22,0,22,75
02/17/2010,HKY,NC,ASO,ES,Federal Contract Tower,2,18,25,0,45,0,0,70,0,70,2,18,95,0,115,94,0,94,209
02/18/2010,HKY,NC,ASO,ES,Federal Contract Tower,0,0,20,0,20,0,0,55,1,56,0,0,75,1,76,40,0,40,116
02/19/2010,HKY,NC,ASO,ES,Federal Contract Tower,0,1,21,0,22,0,98,0,0,98,0,99,21,0,120,110,0,110,230
02/20/2010,HKY,NC,ASO,ES,Federal Contract Tower,0,0,6,0,6,0,1,66,0,67,0,1,72,0,73,56,0,56,129
02/21/2010,HKY,NC,ASO,ES,Federal Contract Tower,0,3,12,0,15,0,0,60,0,60,0,3,72,0,75,48,0,48,123
02/22/2010,HKY,NC,ASO,ES,Federal Contract Tower,0,0,14,0,14,0,0,7,0,7,0,0,21,0,21,0,0,0,21
02/23/2010,HKY,NC,ASO,ES,Federal Contract Tower,0,0,8,0,8,0,0,56,3,59,0,0,64,3,67,64,0,64,131
02/24/2010,HKY,NC,ASO,ES,Federal Contract Tower,0,0,7,0,7,0,0,1,0,1,0,0,8,0,8,0,0,0,8
02/25/2010,HKY,NC,ASO,ES,Federal Contract Tower,0,0,16,0,16,0,0,6,0,6,0,0,22,0,22,4,0,4,26
02/26/2010,HKY,NC,ASO,ES,Federal Contract Tower,0,0,13,0,13,0,2,14,0,16,0,2,27,0,29,0,0,0,29
02/27/2010,HKY,NC,ASO,ES,Federal Contract Tower,0,0,10,0,10,0,0,28,0,28,0,0,38,0,38,8,0,8,46
02/28/2010,HKY,NC,ASO,ES,Federal Contract Tower,0,0,6,0,6,0,2,23,0,25,0,2,29,0,31,0,0,0,31
03/01/2010,HKY,NC,ASO,ES,Federal Contract Tower,0,6,13,0,19,0,2,42,3,47,0,8,55,3,66,28,0,28,94
03/02/2010,HKY,NC,ASO,ES,Federal Contract Tower,0,2,7,0,9,0,0,0,0,0,0,2,7,0,9,0,0,0,9
03/03/2010,HKY,NC,ASO,ES,Federal Contract Tower,0,0,6,0,6,0,0,14,0,14,0,0,20,0,20,0,0,0,20
03/04/2010,HKY,NC,ASO,ES,Federal Contract Tower,0,3,25,0,28,0,3,49,0,52,0,6,74,0,80,10,0,10,90
03/05/2010,HKY,NC,ASO,ES,Federal Contract Tower,0,1,19,0,20,0,0,65,1,66,0,1,84,1,86,48,0,48,134
03/06/2010,HKY,NC,ASO,ES,Federal Contract Tower,0,0,19,0,19,0,0,106,0,106,0,0,125,0,125,8,0,8,133
03/07/2010,HKY,NC,ASO,ES,Federal Contract Tower,0,2,13,0,15,0,2,54,2,58,0,4,67,2,73,0,2,2,75
03/08/2010,HKY,NC,ASO,ES,Federal Contract Tower,0,1,14,0,15,0,0,57,0,57,0,1,71,0,72,70,0,70,142
03/09/2010,HKY,NC,ASO,ES,Federal Contract Tower,0,0,18,0,18,0,0,68,0,68,0,0,86,0,86,56,0,56,142
03/10/2010,HKY,NC,ASO,ES,Federal Contract Tower,0,0,24,0,24,0,0,47,0,47,0,0,71,0,71,40,0,40,111
03/11/2010,HKY,NC,ASO,ES,Federal Contract Tower,0,0,15,0,15,0,0,0,0,0,0,0,15,0,15,0,0,0,15
03/12/2010,HKY,NC,ASO,ES,Federal Contract Tower,0,0,24,0,24,0,0,5,0,5,0,0,29,0,29,4,0,4,33
03/13/2010,HKY,NC,ASO,ES,Federal Contract Tower,0,0,6,0,6,0,0,15,0,15,0,0,21,0,21,18,0,18,39
03/14/2010,HKY,NC,ASO,ES,Federal Contract Tower,0,0,28,0,28,0,0,28,0,28,0,0,56,0,56,16,0,16,72
03/15/2010,HKY,NC,ASO,ES,Federal Contract Tower,0,0,15,0,15,0,0,27,0,27,0,0,42,0,42,12,0,12,54
03/16/2010,HKY,NC,ASO,ES,Federal Contract Tower,0,1,15,0,16,0,1,48,4,53,0,2,63,4,69,68,0,68,137
03/17/2010,HKY,NC,ASO,ES,Federal Contract Tower,0,0,5,0,5,0,0,55,10,65,0,0,60,10,70,48,0,48,118
03/18/2010,HKY,NC,ASO,ES,Federal Contract Tower,0,4,24,0,28,0,0,66,0,66,0,4,90,0,94,30,0,30,124
03/19/2010,HKY,NC,ASO,ES,Federal Contract Tower,0,0,27,2,29,0,0,82,1,83,0,0,109,3,112,54,0,54,166
03/20/2010,HKY,NC,ASO,ES,Federal Contract Tower,0,0,14,0,14,0,0,87,0,87,0,0,101,0,101,34,0,34,135
03/21/2010,HKY,NC,ASO,ES,Federal Contract Tower,0,0,8,0,8,0,0,3,0,3,0,0,11,0,11,6,0,6,17
03/22/2010,HKY,NC,ASO,ES,Federal Contract Tower,0,0,9,1,10,0,0,13,3,16,0,0,22,4,26,36,0,36,62
03/23/2010,HKY,NC,ASO,ES,Federal Contract Tower,0,0,23,1,24,0,0,32,8,40,0,0,55,9,64,8,0,8,72
03/24/2010,HKY,NC,ASO,ES,Federal Contract Tower,0,0,27,0,27,0,0,99,0,99,0,0,126,0,126,48,0,48,174
03/25/2010,HKY,NC,ASO,ES,Federal Contract Tower,0,1,23,0,24,0,0,62,0,62,0,1,85,0,86,26,0,26,112
03/26/2010,HKY,NC,ASO,ES,Federal Contract Tower,0,0,18,0,18,0,0,48,0,48,0,0,66,0,66,24,0,24,90
03/27/2010,HKY,NC,ASO,ES,Federal Contract Tower,0,1,17,0,18,0,0,86,0,86,0,1,103,0,104,40,0,40,144
03/28/2010,HKY,NC,ASO,ES,Federal Contract Tower,0,0,9,0,9,0,0,2,0,2,0,0,11,0,11,0,0,0,11
03/29/2010,HKY,NC,ASO,ES,Federal Contract Tower,0,2,16,0,18,0,0,19,0,19,0,2,35,0,37,38,0,38,75
03/30/2010,HKY,NC,ASO,ES,Federal Contract Tower,0,3,18,0,21,0,0,47,4,51,0,3,65,4,72,28,0,28,100
03/31/2010,HKY,NC,ASO,ES,Federal Contract Tower,0,2,19,0,21,0,0,102,0,102,0,2,121,0,123,58,0,58,181
04/01/2010,HKY,NC,ASO,ES,Federal Contract Tower,0,2,19,0,21,0,2,82,4,88,0,4,101,4,109,28,0,28,137
04/02/2010,HKY,NC,ASO,ES,Federal Contract Tower,0,0,15,0,15,0,0,75,4,79,0,0,90,4,94,64,0,64,158
04/03/2010,HKY,NC,ASO,ES,Federal Contract Tower,0,0,12,0,12,0,0,56,1,57,0,0,68,1,69,6,0,6,75
04/04/2010,HKY,NC,ASO,ES,Federal Contract Tower,0,0,11,0,11,0,0,40,0,40,0,0,51,0,51,18,0,18,69
04/05/2010,HKY,NC,ASO,ES,Federal Contract Tower,0,0,22,0,22,0,0,74,0,74,0,0,96,0,96,52,0,52,148
04/06/2010,HKY,NC,ASO,ES,Federal Contract Tower,0,2,14,0,16,0,0,53,3,56,0,2,67,3,72,16,0,16,88
04/07/2010,HKY,NC,ASO,ES,Federal Contract Tower,0,1,24,0,25,0,0,69,5,74,0,1,93,5,99,36,0,36,135
04/08/2010,HKY,NC,ASO,ES,Federal Contract Tower,0,4,2,0,6,0,0,9,0,9,0,4,11,0,15,8,0,8,23
04/09/2010,HKY,NC,ASO,ES,Federal Contract Tower,0,1,12,2,15,0,0,44,0,44,0,1,56,2,59,28,8,36,95
04/10/2010,HKY,NC,ASO,ES,Federal Contract Tower,0,1,5,0,6,0,0,36,2,38,0,1,41,2,44,26,0,26,70
04/11/2010,HKY,NC,ASO,ES,Federal Contract Tower,0,2,8,0,10,0,0,55,0,55,0,2,63,0,65,28,0,28,93
04/12/2010,HKY,NC,ASO,ES,Federal Contract Tower,0,0,29,0,29,0,0,43,4,47,0,0,72,4,76,32,0,32,108
04/13/2010,HKY,NC,ASO,ES,Federal Contract Tower,0,0,25,0,25,0,0,52,0,52,0,0,77,0,77,16,2,18,95
04/14/2010,HKY,NC,ASO,ES,Federal Contract Tower,0,4,13,1,18,0,0,61,0,61,0,4,74,1,79,54,0,54,133
04/15/2010,HKY,NC,ASO,ES,Federal Contract Tower,0,1,18,0,19,0,0,47,6,53,0,1,65,6,72,10,0,10,82
04/16/2010,HKY,NC,ASO,ES,Federal Contract Tower,0,0,16,0,16,0,0,83,5,88,0,0,99,5,104,20,5,25,129
04/17/2010,HKY,NC,ASO,ES,Federal Contract Tower,0,1,8,0,9,0,0,33,0,33,0,1,41,0,42,10,0,10,52
04/18/2010,HKY,NC,ASO,ES,Federal Contract Tower,0,5,16,0,21,0,0,48,2,50,0,5,64,2,71,22,0,22,93
04/19/2010,HKY,NC,ASO,ES,Federal Contract Tower,0,7,15,0,22,0,0,41,6,47,0,7,56,6,69,34,0,34,103
04/20/2010,HKY,NC,ASO,ES,Federal Contract Tower,0,3,19,0,22,0,0,39,0,39,0,3,58,0,61,12,0,12,73
04/21/2010,HKY,NC,ASO,ES,Federal Contract Tower,0,6,23,0,29,0,0,74,7,81,0,6,97,7,110,78,0,78,188
04/22/2010,HKY,NC,ASO,ES,Federal Contract Tower,0,3,20,0,23,0,0,74,0,74,0,3,94,0,97,18,0,18,115
04/23/2010,HKY,NC,ASO,ES,Federal Contract Tower,3,0,20,0,23,0,0,58,0,58,3,0,78,0,81,50,0,50,131
04/24/2010,HKY,NC,ASO,ES,Federal Contract Tower,0,1,4,0,5,0,0,3,2,5,0,1,7,2,10,0,0,0,10
04/25/2010,HKY,NC,ASO,ES,Federal Contract Tower,0,1,13,0,14,0,0,5,0,5,0,1,18,0,19,4,0,4,23
04/26/2010,HKY,NC,ASO,ES,Federal Contract Tower,1,0,15,0,16,0,0,23,1,24,1,0,38,1,40,34,0,34,74
04/27/2010,HKY,NC,ASO,ES,Federal Contract Tower,2,3,28,0,33,0,0,47,0,47,2,3,75,0,80,56,0,56,136
04/28/2010,HKY,NC,ASO,ES,Federal Contract Tower,1,2,21,0,24,0,0,70,0,70,1,2,91,0,94,40,0,40,134
04/29/2010,HKY,NC,ASO,ES,Federal Contract Tower,0,1,26,0,27,0,0,73,0,73,0,1,99,0,100,34,0,34,134
04/30/2010,HKY,NC,ASO,ES,Federal Contract Tower,0,3,10,0,13,0,0,85,2,87,0,3,95,2,100,48,2,50,150
05/01/2010,HKY,NC,ASO,ES,Federal Contract Tower,2,3,9,0,14,0,0,5,0,5,2,3,14,0,19,30,0,30,49
05/02/2010,HKY,NC,ASO,ES,Federal Contract Tower,4,0,12,0,16,0,0,0,0,0,4,0,12,0,16,0,0,0,16
05/03/2010,HKY,NC,ASO,ES,Federal Contract Tower,2,0,10,0,12,0,0,3,0,3,2,0,13,0,15,0,0,0,15
05/04/2010,HKY,NC,ASO,ES,Federal Contract Tower,0,2,15,0,17,0,0,67,14,81,0,2,82,14,98,58,0,58,156
05/05/2010,HKY,NC,ASO,ES,Federal Contract Tower,0,2,15,0,17,0,0,74,6,80,0,2,89,6,97,98,0,98,195
05/06/2010,HKY,NC,ASO,ES,Federal Contract Tower,0,4,10,0,14,0,0,66,3,69,0,4,76,3,83,34,0,34,117
05/07/2010,HKY,NC,ASO,ES,Federal Contract Tower,0,3,26,0,29,0,0,64,0,64,0,3,90,0,93,26,0,26,119
05/08/2010,HKY,NC,ASO,ES,Federal Contract Tower,0,1,4,0,5,0,0,8,0,8,0,1,12,0,13,6,0,6,19
05/09/2010,HKY,NC,ASO,ES,Federal Contract Tower,3,2,17,0,22,0,0,21,0,21,3,2,38,0,43,0,0,0,43
05/10/2010,HKY,NC,ASO,ES,Federal Contract Tower,0,5,23,0,28,0,2,42,0,44,0,7,65,0,72,34,0,34,106
05/11/2010,HKY,NC,ASO,ES,Federal Contract Tower,0,2,23,0,25,0,0,4,0,4,0,2,27,0,29,0,0,0,29
05/12/2010,HKY,NC,ASO,ES,Federal Contract Tower,3,0,26,0,29,0,0,33,1,34,3,0,59,1,63,0,0,0,63
05/13/2010,HKY,NC,ASO,ES,Federal Contract Tower,2,0,15,0,17,0,0,57,0,57,2,0,72,0,74,18,0,18,92
05/14/2010,HKY,NC,ASO,ES,Federal Contract Tower,2,2,18,2,24,0,0,22,0,22,2,2,40,2,46,22,0,22,68
05/15/2010,HKY,NC,ASO,ES,Federal Contract Tower,2,1,8,0,11,0,2,86,5,93,2,3,94,5,104,8,6,14,118
05/16/2010,HKY,NC,ASO,ES,Federal Contract Tower,0,3,17,0,20,0,0,11,0,11,0,3,28,0,31,12,0,12,43
05/17/2010,HKY,NC,ASO,ES,Federal Contract Tower,2,0,19,0,21,0,0,1,0,1,2,0,20,0,22,0,0,0,22
05/18/2010,HKY,NC,ASO,ES,Federal Contract Tower,4,2,28,0,34,0,0,29,0,29,4,2,57,0,63,46,0,46,109
05/19/2010,HKY,NC,ASO,ES,Federal Contract Tower,2,2,30,0,34,0,0,22,9,31,2,2,52,9,65,58,0,58,123
05/20/2010,HKY,NC,ASO,ES,Federal Contract Tower,2,1,29,1,33,0,0,67,3,70,2,1,96,4,103,42,4,46,149
05/21/2010,HKY,NC,ASO,ES,Federal Contract Tower,1,4,28,0,33,0,0,40,0,40,1,4,68,0,73,54,0,54,127
05/22/2010,HKY,NC,ASO,ES,Federal Contract Tower,3,0,8,0,11,0,0,6,0,6,3,0,14,0,17,0,0,0,17
05/23/2010,HKY,NC,ASO,ES,Federal Contract Tower,0,0,14,2,16,0,0,24,0,24,0,0,38,2,40,10,0,10,50
05/24/2010,HKY,NC,ASO,ES,Federal Contract Tower,4,3,15,0,22,0,0,31,0,31,4,3,46,0,53,30,0,30,83
05/25/2010,HKY,NC,ASO,ES,Federal Contract Tower,2,6,13,0,21,0,0,15,0,15,2,6,28,0,36,8,0,8,44
05/26/2010,HKY,NC,ASO,ES,Federal Contract Tower,2,0,12,0,14,0,2,50,0,52,2,2,62,0,66,34,0,34,100
05/27/2010,HKY,NC,ASO,ES,Federal Contract Tower,2,2,34,0,38,0,0,70,0,70,2,2,104,0,108,30,0,30,138
05/28/2010,HKY,NC,ASO,ES,Federal Contract Tower,2,4,25,0,31,0,0,43,0,43,2,4,68,0,74,2,0,2,76
05/29/2010,HKY,NC,ASO,ES,Federal Contract Tower,3,0,9,0,12,0,0,16,0,16,3,0,25,0,28,0,0,0,28
05/30/2010,HKY,NC,ASO,ES,Federal Contract Tower,7,2,4,0,13,0,0,18,0,18,7,2,22,0,31,0,0,0,31
05/31/2010,HKY,NC,ASO,ES,Federal Contract Tower,4,1,11,0,16,0,0,0,0,0,4,1,11,0,16,0,0,0,16
06/01/2010,HKY,NC,ASO,ES,Federal Contract Tower,3,1,18,0,22,0,0,22,0,22,3,1,40,0,44,10,0,10,54
06/02/2010,HKY,NC,ASO,ES,Federal Contract Tower,2,3,11,0,16,0,0,33,0,33,2,3,44,0,49,26,0,26,75
06/03/2010,HKY,NC,ASO,ES,Federal Contract Tower,2,0,13,0,15,0,4,45,0,49,2,4,58,0,64,28,0,28,92
06/04/2010,HKY,NC,ASO,ES,Federal Contract Tower,2,0,22,0,24,0,0,53,0,53,2,0,75,0,77,38,0,38,115
06/05/2010,HKY,NC,ASO,ES,Federal Contract Tower,0,2,18,0,20,0,0,41,0,41,0,2,59,0,61,8,0,8,69
06/06/2010,HKY,NC,ASO,ES,Federal Contract Tower,0,0,9,0,9,0,2,27,0,29,0,2,36,0,38,32,0,32,70
06/07/2010,HKY,NC,ASO,ES,Federal Contract Tower,4,0,11,0,15,0,0,0,0,0,4,0,11,0,15,126,0,126,141
06/08/2010,HKY,NC,ASO,ES,Federal Contract Tower,2,2,16,0,20,0,0,77,0,77,2,2,93,0,97,58,0,58,155
06/09/2010,HKY,NC,ASO,ES,Federal Contract Tower,2,6,10,0,18,0,0,65,0,65,2,6,75,0,83,32,0,32,115
06/10/2010,HKY,NC,ASO,ES,Federal Contract Tower,2,4,20,0,26,0,0,67,5,72,2,4,87,5,98,74,4,78,176
06/11/2010,HKY,NC,ASO,ES,Federal Contract Tower,4,0,25,0,29,0,0,78,0,78,4,0,103,0,107,46,0,46,153
06/12/2010,HKY,NC,ASO,ES,Federal Contract Tower,2,4,9,0,15,0,0,66,0,66,2,4,75,0,81,18,0,18,99
06/13/2010,HKY,NC,ASO,ES,Federal Contract Tower,1,0,17,0,18,0,0,11,0,11,1,0,28,0,29,16,0,16,45
06/14/2010,HKY,NC,ASO,ES,Federal Contract Tower,3,0,17,0,20,0,0,39,0,39,3,0,56,0,59,48,0,48,107
06/15/2010,HKY,NC,ASO,ES,Federal Contract Tower,5,5,16,0,26,0,0,61,0,61,5,5,77,0,87,68,0,68,155
06/16/2010,HKY,NC,ASO,ES,Federal Contract Tower,3,1,16,0,20,0,0,42,0,42,3,1,58,0,62,72,0,72,134
06/17/2010,HKY,NC,ASO,ES,Federal Contract Tower,9,4,18,0,31,0,0,55,0,55,9,4,73,0,86,54,0,54,140
06/18/2010,HKY,NC,ASO,ES,Federal Contract Tower,4,3,17,0,24,0,0,0,0,0,4,3,17,0,24,72,0,72,96
06/19/2010,HKY,NC,ASO,ES,Federal Contract Tower,0,0,13,0,13,0,0,44,0,44,0,0,57,0,57,22,0,22,79
06/20/2010,HKY,NC,ASO,ES,Federal Contract Tower,5,0,6,0,11,0,2,40,0,42,5,2,46,0,53,14,0,14,67
06/21/2010,HKY,NC,ASO,ES,Federal Contract Tower,3,2,6,0,11,0,0,47,0,47,3,2,53,0,58,22,0,22,80
06/22/2010,HKY,NC,ASO,ES,Federal Contract Tower,2,6,10,0,18,0,0,35,0,35,2,6,45,0,53,30,0,30,83
06/23/2010,HKY,NC,ASO,ES,Federal Contract Tower,6,2,13,6,27,0,0,65,1,66,6,2,78,7,93,50,4,54,147
06/24/2010,HKY,NC,ASO,ES,Federal Contract Tower,2,3,16,0,21,0,2,50,0,52,2,5,66,0,73,6,0,6,79
06/25/2010,HKY,NC,ASO,ES,Federal Contract Tower,4,2,19,0,25,0,0,45,0,45,4,2,64,0,70,22,0,22,92
06/26/2010,HKY,NC,ASO,ES,Federal Contract Tower,4,0,7,0,11,0,2,73,0,75,4,2,80,0,86,78,0,78,164
06/27/2010,HKY,NC,ASO,ES,Federal Contract Tower,4,0,4,0,8,0,0,27,0,27,4,0,31,0,35,28,0,28,63
06/28/2010,HKY,NC,ASO,ES,Federal Contract Tower,1,6,19,0,26,0,0,33,16,49,1,6,52,16,75,44,0,44,119
06/29/2010,HKY,NC,ASO,ES,Federal Contract Tower,2,5,19,0,26,0,0,71,5,76,2,5,90,5,102,68,0,68,170
06/30/2010,HKY,NC,ASO,ES,Federal Contract Tower,3,2,18,0,23,0,0,93,3,96,3,2,111,3,119,158,0,158,277
07/01/2010,HKY,NC,ASO,ES,Federal Contract Tower,4,2,37,2,45,0,0,99,2,101,4,2,136,4,146,122,0,122,268
07/02/2010,HKY,NC,ASO,ES,Federal Contract Tower,1,1,20,0,22,0,0,64,2,66,1,1,84,2,88,76,0,76,164
07/03/2010,HKY,NC,ASO,ES,Federal Contract Tower,3,0,10,0,13,0,0,61,0,61,3,0,71,0,74,20,0,20,94
07/04/2010,HKY,NC,ASO,ES,Federal Contract Tower,0,0,3,0,3,0,0,10,2,12,0,0,13,2,15,0,0,0,15
07/05/2010,HKY,NC,ASO,ES,Federal Contract Tower,2,2,16,0,20,0,2,53,0,55,2,4,69,0,75,26,0,26,101
07/06/2010,HKY,NC,ASO,ES,Federal Contract Tower,0,2,15,0,17,0,0,62,0,62,0,2,77,0,79,38,0,38,117
07/07/2010,HKY,NC,ASO,ES,Federal Contract Tower,0,0,8,0,8,0,0,54,0,54,0,0,62,0,62,38,0,38,100
07/08/2010,HKY,NC,ASO,ES,Federal Contract Tower,0,2,14,0,16,0,0,50,0,50,0,2,64,0,66,36,0,36,102
07/09/2010,HKY,NC,ASO,ES,Federal Contract Tower,0,7,15,0,22,0,0,36,0,36,0,7,51,0,58,16,0,16,74
07/10/2010,HKY,NC,ASO,ES,Federal Contract Tower,0,3,4,0,7,0,0,35,2,37,0,3,39,2,44,32,0,32,76
07/11/2010,HKY,NC,ASO,ES,Federal Contract Tower,0,4,13,0,17,0,0,35,0,35,0,4,48,0,52,2,0,2,54
07/12/2010,HKY,NC,ASO,ES,Federal Contract Tower,0,2,15,0,17,0,0,7,0,7,0,2,22,0,24,14,0,14,38
07/13/2010,HKY,NC,ASO,ES,Federal Contract Tower,0,0,15,0,15,0,0,24,2,26,0,0,39,2,41,32,0,32,73
07/14/2010,HKY,NC,ASO,ES,Federal Contract Tower,0,7,11,0,18,0,0,49,0,49,0,7,60,0,67,14,0,14,81
07/15/2010,HKY,NC,ASO,ES,Federal Contract Tower,0,3,14,0,17,0,0,46,2,48,0,3,60,2,65,8,0,8,73
07/16/2010,HKY,NC,ASO,ES,Federal Contract Tower,0,4,21,0,25,0,0,59,0,59,0,4,80,0,84,24,0,24,108
07/17/2010,HKY,NC,ASO,ES,Federal Contract Tower,0,3,12,0,15,0,0,20,0,20,0,3,32,0,35,24,0,24,59
07/18/2010,HKY,NC,ASO,ES,Federal Contract Tower,1,1,14,0,16,0,0,32,2,34,1,1,46,2,50,10,0,10,60
07/19/2010,HKY,NC,ASO,ES,Federal Contract Tower,0,0,15,0,15,0,0,42,0,42,0,0,57,0,57,58,0,58,115
07/20/2010,HKY,NC,ASO,ES,Federal Contract Tower,0,1,12,0,13,0,0,45,1,46,0,1,57,1,59,102,0,102,161
07/21/2010,HKY,NC,ASO,ES,Federal Contract Tower,0,3,11,0,14,0,0,21,0,21,0,3,32,0,35,22,0,22,57
07/22/2010,HKY,NC,ASO,ES,Federal Contract Tower,2,6,11,0,19,0,0,51,2,53,2,6,62,2,72,28,0,28,100
07/23/2010,HKY,NC,ASO,ES,Federal Contract Tower,1,5,32,0,38,0,0,72,0,72,1,5,104,0,110,22,0,22,132
07/24/2010,HKY,NC,ASO,ES,Federal Contract Tower,0,1,16,0,17,0,0,45,0,45,0,1,61,0,62,34,0,34,96
07/25/2010,HKY,NC,ASO,ES,Federal Contract Tower,0,5,15,0,20,0,2,47,0,49,0,7,62,0,69,8,0,8,77
07/26/2010,HKY,NC,ASO,ES,Federal Contract Tower,0,6,9,0,15,0,0,31,2,33,0,6,40,2,48,42,0,42,90
07/27/2010,HKY,NC,ASO,ES,Federal Contract Tower,0,4,7,0,11,0,0,16,0,16,0,4,23,0,27,8,0,8,35
07/28/2010,HKY,NC,ASO,ES,Federal Contract Tower,0,5,18,0,23,0,0,42,0,42,0,5,60,0,65,42,0,42,107
07/29/2010,HKY,NC,ASO,ES,Federal Contract Tower,0,4,11,0,15,0,0,61,2,63,0,4,72,2,78,38,0,38,116
07/30/2010,HKY,NC,ASO,ES,Federal Contract Tower,0,2,13,0,15,0,0,56,2,58,0,2,69,2,73,20,0,20,93
07/31/2010,HKY,NC,ASO,ES,Federal Contract Tower,0,0,41,0,41,0,0,38,0,38,0,0,79,0,79,0,0,0,79
08/01/2010,HKY,NC,ASO,ES,Federal Contract Tower,0,8,10,0,18,0,0,2,0,2,0,8,12,0,20,14,0,14,34
08/02/2010,HKY,NC,ASO,ES,Federal Contract Tower,0,4,18,0,22,0,0,7,2,9,0,4,25,2,31,8,0,8,39
08/03/2010,HKY,NC,ASO,ES,Federal Contract Tower,0,6,15,1,22,0,0,29,1,30,0,6,44,2,52,46,0,46,98
08/04/2010,HKY,NC,ASO,ES,Federal Contract Tower,0,2,17,0,19,0,0,43,4,47,0,2,60,4,66,2,0,2,68
08/05/2010,HKY,NC,ASO,ES,Federal Contract Tower,0,2,18,0,20,0,0,44,0,44,0,2,62,0,64,20,0,20,84
08/06/2010,HKY,NC,ASO,ES,Federal Contract Tower,0,1,30,0,31,0,0,39,0,39,0,1,69,0,70,22,0,22,92
08/07/2010,HKY,NC,ASO,ES,Federal Contract Tower,0,5,10,0,15,0,0,76,2,78,0,5,86,2,93,18,4,22,115
08/08/2010,HKY,NC,ASO,ES,Federal Contract Tower,0,4,11,0,15,0,0,54,0,54,0,4,65,0,69,52,0,52,121
08/09/2010,HKY,NC,ASO,ES,Federal Contract Tower,0,3,19,0,22,0,0,50,3,53,0,3,69,3,75,32,0,32,107
08/10/2010,HKY,NC,ASO,ES,Federal Contract Tower,0,3,13,0,16,0,0,46,0,46,0,3,59,0,62,48,0,48,110
08/11/2010,HKY,NC,ASO,ES,Federal Contract Tower,0,0,16,0,16,0,0,43,2,45,0,0,59,2,61,12,0,12,73
08/12/2010,HKY,NC,ASO,ES,Federal Contract Tower,0,1,14,0,15,0,0,40,0,40,0,1,54,0,55,14,0,14,69
08/13/2010,HKY,NC,ASO,ES,Federal Contract Tower,0,3,24,0,27,0,0,50,1,51,0,3,74,1,78,8,0,8,86
08/14/2010,HKY,NC,ASO,ES,Federal Contract Tower,0,0,11,0,11,0,2,17,0,19,0,2,28,0,30,0,0,0,30
08/15/2010,HKY,NC,ASO,ES,Federal Contract Tower,0,0,19,0,19,0,0,5,0,5,0,0,24,0,24,0,0,0,24
08/16/2010,HKY,NC,ASO,ES,Federal Contract Tower,0,2,11,0,13,0,0,9,0,9,0,2,20,0,22,26,0,26,48
08/17/2010,HKY,NC,ASO,ES,Federal Contract Tower,0,0,20,0,20,0,0,34,0,34,0,0,54,0,54,70,0,70,124
08/18/2010,HKY,NC,ASO,ES,Federal Contract Tower,0,3,13,0,16,0,0,17,1,18,0,3,30,1,34,32,0,32,66
08/19/2010,HKY,NC,ASO,ES,Federal Contract Tower,0,3,23,0,26,0,0,14,0,14,0,3,37,0,40,62,0,62,102
08/20/2010,HKY,NC,ASO,ES,Federal Contract Tower,0,0,30,0,30,0,0,69,0,69,0,0,99,0,99,48,0,48,147
08/21/2010,HKY,NC,ASO,ES,Federal Contract Tower,0,3,10,0,13,0,1,38,0,39,0,4,48,0,52,26,0,26,78
08/22/2010,HKY,NC,ASO,ES,Federal Contract Tower,0,1,14,0,15,0,0,43,0,43,0,1,57,0,58,24,0,24,82
08/23/2010,HKY,NC,ASO,ES,Federal Contract Tower,0,2,28,1,31,0,0,50,4,54,0,2,78,5,85,60,0,60,145
08/24/2010,HKY,NC,ASO,ES,Federal Contract Tower,0,1,19,2,22,0,0,45,0,45,0,1,64,2,67,48,0,48,115
08/25/2010,HKY,NC,ASO,ES,Federal Contract Tower,0,7,25,0,32,0,0,49,2,51,0,7,74,2,83,6,0,6,89
08/26/2010,HKY,NC,ASO,ES,Federal Contract Tower,2,4,15,0,21,0,0,46,0,46,2,4,61,0,67,32,0,32,99
08/27/2010,HKY,NC,ASO,ES,Federal Contract Tower,0,4,21,0,25,0,0,47,0,47,0,4,68,0,72,40,0,40,112
08/28/2010,HKY,NC,ASO,ES,Federal Contract Tower,0,3,16,0,19,0,0,70,3,73,0,3,86,3,92,74,0,74,166
08/29/2010,HKY,NC,ASO,ES,Federal Contract Tower,0,7,13,0,20,0,0,46,0,46,0,7,59,0,66,36,0,36,102
08/30/2010,HKY,NC,ASO,ES,Federal Contract Tower,0,0,19,0,19,0,0,44,0,44,0,0,63,0,63,8,0,8,71
08/31/2010,HKY,NC,ASO,ES,Federal Contract Tower,0,0,20,0,20,0,8,69,0,77,0,8,89,0,97,42,0,42,139
09/01/2010,HKY,NC,ASO,ES,Federal Contract Tower,0,2,26,1,29,0,0,63,1,64,0,2,89,2,93,74,0,74,167
09/02/2010,HKY,NC,ASO,ES,Federal Contract Tower,4,0,21,0,25,0,5,51,2,58,4,5,72,2,83,12,0,12,95
09/03/2010,HKY,NC,ASO,ES,Federal Contract Tower,2,2,18,0,22,0,0,61,0,61,2,2,79,0,83,24,0,24,107
09/04/2010,HKY,NC,ASO,ES,Federal Contract Tower,3,0,10,0,13,0,0,61,0,61,3,0,71,0,74,36,0,36,110
09/05/2010,HKY,NC,ASO,ES,Federal Contract Tower,0,0,10,0,10,0,0,36,0,36,0,0,46,0,46,8,0,8,54
09/06/2010,HKY,NC,ASO,ES,Federal Contract Tower,0,0,13,0,13,0,0,30,0,30,0,0,43,0,43,2,0,2,45
09/07/2010,HKY,NC,ASO,ES,Federal Contract Tower,0,0,18,0,18,0,0,46,0,46,0,0,64,0,64,4,0,4,68
09/08/2010,HKY,NC,ASO,ES,Federal Contract Tower,3,1,22,0,26,0,0,59,4,63,3,1,81,4,89,94,12,106,195
09/09/2010,HKY,NC,ASO,ES,Federal Contract Tower,2,1,11,0,14,0,0,62,2,64,2,1,73,2,78,64,0,64,142
09/10/2010,HKY,NC,ASO,ES,Federal Contract Tower,0,1,22,0,23,0,0,48,4,52,0,1,70,4,75,24,0,24,99
09/11/2010,HKY,NC,ASO,ES,Federal Contract Tower,0,2,6,0,8,0,0,9,0,9,0,2,15,0,17,20,0,20,37
09/12/2010,HKY,NC,ASO,ES,Federal Contract Tower,3,2,5,0,10,0,0,28,0,28,3,2,33,0,38,20,0,20,58
09/13/2010,HKY,NC,ASO,ES,Federal Contract Tower,3,4,5,0,12,0,0,65,4,69,3,4,70,4,81,78,0,78,159
09/14/2010,HKY,NC,ASO,ES,Federal Contract Tower,2,6,7,4,19,0,0,50,8,58,2,6,57,12,77,46,0,46,123
09/15/2010,HKY,NC,ASO,ES,Federal Contract Tower,2,2,23,0,27,0,0,56,0,56,2,2,79,0,83,72,0,72,155
09/16/2010,HKY,NC,ASO,ES,Federal Contract Tower,2,4,13,3,22,0,0,60,2,62,2,4,73,5,84,50,0,50,134
09/17/2010,HKY,NC,ASO,ES,Federal Contract Tower,1,0,18,0,19,0,0,27,0,27,1,0,45,0,46,4,0,4,50
09/18/2010,HKY,NC,ASO,ES,Federal Contract Tower,2,0,8,0,10,0,0,40,0,40,2,0,48,0,50,28,0,28,78
09/19/2010,HKY,NC,ASO,ES,Federal Contract Tower,2,0,15,0,17,0,0,37,0,37,2,0,52,0,54,34,0,34,88
09/20/2010,HKY,NC,ASO,ES,Federal Contract Tower,2,3,11,0,16,0,0,55,0,55,2,3,66,0,71,68,0,68,139
09/21/2010,HKY,NC,ASO,ES,Federal Contract Tower,0,8,14,0,22,0,2,63,0,65,0,10,77,0,87,116,0,116,203
09/22/2010,HKY,NC,ASO,ES,Federal Contract Tower,0,0,17,0,17,0,0,46,0,46,0,0,63,0,63,16,0,16,79
09/23/2010,HKY,NC,ASO,ES,Federal Contract Tower,0,0,23,0,23,0,0,67,0,67,0,0,90,0,90,86,0,86,176
09/24/2010,HKY,NC,ASO,ES,Federal Contract Tower,2,2,10,0,14,0,0,34,0,34,2,2,44,0,48,22,0,22,70
09/25/2010,HKY,NC,ASO,ES,Federal Contract Tower,3,0,10,0,13,0,2,40,0,42,3,2,50,0,55,84,0,84,139
09/26/2010,HKY,NC,ASO,ES,Federal Contract Tower,2,2,13,0,17,0,0,1,0,1,2,2,14,0,18,0,0,0,18
09/27/2010,HKY,NC,ASO,ES,Federal Contract Tower,5,2,14,0,21,0,0,0,0,0,5,2,14,0,21,0,0,0,21
09/28/2010,HKY,NC,ASO,ES,Federal Contract Tower,1,4,24,0,29,0,2,35,1,38,1,6,59,1,67,40,0,40,107
09/29/2010,HKY,NC,ASO,ES,Federal Contract Tower,3,2,16,2,23,0,0,19,0,19,3,2,35,2,42,10,0,10,52
09/30/2010,HKY,NC,ASO,ES,Federal Contract Tower,1,4,15,4,24,0,0,39,0,39,1,4,54,4,63,38,0,38,101
10/01/2010,HKY,NC,ASO,ES,Federal Contract Tower,0,0,18,0,18,0,0,35,4,39,0,0,53,4,57,24,0,24,81
10/02/2010,HKY,NC,ASO,ES,Federal Contract Tower,2,0,12,0,14,0,0,88,0,88,2,0,100,0,102,56,0,56,158
10/03/2010,HKY,NC,ASO,ES,Federal Contract Tower,2,3,18,0,23,0,0,20,0,20,2,3,38,0,43,0,0,0,43
10/04/2010,HKY,NC,ASO,ES,Federal Contract Tower,0,1,21,0,22,0,0,14,0,14,0,1,35,0,36,4,0,4,40
10/05/2010,HKY,NC,ASO,ES,Federal Contract Tower,1,3,13,0,17,0,0,29,1,30,1,3,42,1,47,30,2,32,79
10/06/2010,HKY,NC,ASO,ES,Federal Contract Tower,1,2,7,0,10,0,0,47,0,47,1,2,54,0,57,30,0,30,87
10/07/2010,HKY,NC,ASO,ES,Federal Contract Tower,0,2,18,0,20,0,0,67,0,67,0,2,85,0,87,68,0,68,155
10/08/2010,HKY,NC,ASO,ES,Federal Contract Tower,2,3,20,0,25,0,0,76,1,77,2,3,96,1,102,104,0,104,206
10/09/2010,HKY,NC,ASO,ES,Federal Contract Tower,2,0,15,0,17,0,0,68,2,70,2,0,83,2,87,70,0,70,157
10/10/2010,HKY,NC,ASO,ES,Federal Contract Tower,0,0,9,0,9,0,4,45,3,52,0,4,54,3,61,34,0,34,95
10/11/2010,HKY,NC,ASO,ES,Federal Contract Tower,1,0,15,0,16,0,10,40,0,50,1,10,55,0,66,46,0,46,112
10/12/2010,HKY,NC,ASO,ES,Federal Contract Tower,1,2,7,2,12,0,0,52,2,54,1,2,59,4,66,54,0,54,120
10/13/2010,HKY,NC,ASO,ES,Federal Contract Tower,4,0,18,0,22,0,0,50,0,50,4,0,68,0,72,24,0,24,96
10/14/2010,HKY,NC,ASO,ES,Federal Contract Tower,2,4,11,0,17,0,0,28,0,28,2,4,39,0,45,24,0,24,69
10/15/2010,HKY,NC,ASO,ES,Federal Contract Tower,2,6,17,0,25,0,0,52,2,54,2,6,69,2,79,52,0,52,131
10/16/2010,HKY,NC,ASO,ES,Federal Contract Tower,2,0,18,0,20,0,0,117,0,117,2,0,135,0,137,50,0,50,187
10/17/2010,HKY,NC,ASO,ES,Federal Contract Tower,2,2,22,2,28,0,0,55,5,60,2,2,77,7,88,10,2,12,100
10/18/2010,HKY,NC,ASO,ES,Federal Contract Tower,2,1,11,0,14,0,0,42,2,44,2,1,53,2,58,30,0,30,88
10/19/2010,HKY,NC,ASO,ES,Federal Contract Tower,2,2,19,0,23,0,0,49,2,51,2,2,68,2,74,54,0,54,128
10/20/2010,HKY,NC,ASO,ES,Federal Contract Tower,2,4,17,0,23,0,0,42,0,42,2,4,59,0,65,12,0,12,77
10/21/2010,HKY,NC,ASO,ES,Federal Contract Tower,2,4,11,0,17,0,0,40,0,40,2,4,51,0,57,26,0,26,83
10/22/2010,HKY,NC,ASO,ES,Federal Contract Tower,2,2,14,0,18,0,0,94,0,94,2,2,108,0,112,124,0,124,236
10/23/2010,HKY,NC,ASO,ES,Federal Contract Tower,2,0,18,6,26,0,2,54,0,56,2,2,72,6,82,76,0,76,158
10/24/2010,HKY,NC,ASO,ES,Federal Contract Tower,2,1,20,0,23,0,0,61,0,61,2,1,81,0,84,44,0,44,128
10/25/2010,HKY,NC,ASO,ES,Federal Contract Tower,1,1,9,1,12,0,0,16,1,17,1,1,25,2,29,46,0,46,75
10/26/2010,HKY,NC,ASO,ES,Federal Contract Tower,3,2,11,0,16,0,0,0,0,0,3,2,11,0,16,0,0,0,16
10/27/2010,HKY,NC,ASO,ES,Federal Contract Tower,2,2,22,0,26,0,0,11,0,11,2,2,33,0,37,10,0,10,47
10/28/2010,HKY,NC,ASO,ES,Federal Contract Tower,3,5,27,2,37,0,0,83,3,86,3,5,110,5,123,14,0,14,137
10/29/2010,HKY,NC,ASO,ES,Federal Contract Tower,2,2,22,1,27,0,0,140,3,143,2,2,162,4,170,226,0,226,396
10/30/2010,HKY,NC,ASO,ES,Federal Contract Tower,2,0,24,0,26,0,0,86,0,86,2,0,110,0,112,44,0,44,156
10/31/2010,HKY,NC,ASO,ES,Federal Contract Tower,2,2,13,0,17,0,0,61,2,63,2,2,74,2,80,38,4,42,122
11/01/2010,HKY,NC,ASO,ES,Federal Contract Tower,0,5,8,0,13,0,0,33,5,38,0,5,41,5,51,40,0,40,91
11/02/2010,HKY,NC,ASO,ES,Federal Contract Tower,2,3,12,0,17,0,0,43,0,43,2,3,55,0,60,20,0,20,80
11/03/2010,HKY,NC,ASO,ES,Federal Contract Tower,2,1,21,0,24,0,0,13,0,13,2,1,34,0,37,24,0,24,61
11/04/2010,HKY,NC,ASO,ES,Federal Contract Tower,2,0,17,0,19,0,0,5,0,5,2,0,22,0,24,0,0,0,24
11/05/2010,HKY,NC,ASO,ES,Federal Contract Tower,2,0,8,0,10,0,0,10,0,10,2,0,18,0,20,16,0,16,36
11/06/2010,HKY,NC,ASO,ES,Federal Contract Tower,2,0,12,0,14,0,0,57,0,57,2,0,69,0,71,6,0,6,77
11/07/2010,HKY,NC,ASO,ES,Federal Contract Tower,0,1,11,0,12,0,0,24,0,24,0,1,35,0,36,6,0,6,42
11/08/2010,HKY,NC,ASO,ES,Federal Contract Tower,0,2,15,1,18,0,0,32,1,33,0,2,47,2,51,20,0,20,71
11/09/2010,HKY,NC,ASO,ES,Federal Contract Tower,1,2,1,0,4,0,0,46,0,46,1,2,47,0,50,22,0,22,72
11/10/2010,HKY,NC,ASO,ES,Federal Contract Tower,2,0,7,0,9,0,0,34,0,34,2,0,41,0,43,42,0,42,85
11/11/2010,HKY,NC,ASO,ES,Federal Contract Tower,2,0,15,0,17,0,0,52,0,52,2,0,67,0,69,48,0,48,117
11/12/2010,HKY,NC,ASO,ES,Federal Contract Tower,4,4,10,0,18,0,0,68,4,72,4,4,78,4,90,98,4,102,192
11/13/2010,HKY,NC,ASO,ES,Federal Contract Tower,4,0,5,2,11,0,0,50,2,52,4,0,55,4,63,24,0,24,87
11/14/2010,HKY,NC,ASO,ES,Federal Contract Tower,2,1,17,0,20,0,2,57,2,61,2,3,74,2,81,46,0,46,127
11/15/2010,HKY,NC,ASO,ES,Federal Contract Tower,2,2,14,0,18,0,0,15,0,15,2,2,29,0,33,12,0,12,45
11/16/2010,HKY,NC,ASO,ES,Federal Contract Tower,0,1,12,0,13,0,0,1,0,1,0,1,13,0,14,0,0,0,14
11/17/2010,HKY,NC,ASO,ES,Federal Contract Tower,1,0,18,0,19,0,0,27,0,27,1,0,45,0,46,18,0,18,64
11/18/2010,HKY,NC,ASO,ES,Federal Contract Tower,0,0,15,1,16,0,0,27,2,29,0,0,42,3,45,8,0,8,53
11/19/2010,HKY,NC,ASO,ES,Federal Contract Tower,1,0,22,0,23,0,0,61,0,61,1,0,83,0,84,48,0,48,132
11/20/2010,HKY,NC,ASO,ES,Federal Contract Tower,2,0,8,0,10,0,4,48,0,52,2,4,56,0,62,22,0,22,84
11/21/2010,HKY,NC,ASO,ES,Federal Contract Tower,0,0,13,0,13,0,0,47,2,49,0,0,60,2,62,44,0,44,106
11/22/2010,HKY,NC,ASO,ES,Federal Contract Tower,2,0,11,0,13,0,0,45,0,45,2,0,56,0,58,38,0,38,96
11/23/2010,HKY,NC,ASO,ES,Federal Contract Tower,0,2,16,0,18,0,0,20,0,20,0,2,36,0,38,30,0,30,68
11/24/2010,HKY,NC,ASO,ES,Federal Contract Tower,0,3,18,0,21,0,0,54,0,54,0,3,72,0,75,14,0,14,89
11/25/2010,HKY,NC,ASO,ES,Federal Contract Tower,0,0,3,0,3,0,0,2,0,2,0,0,5,0,5,2,0,2,7
11/26/2010,HKY,NC,ASO,ES,Federal Contract Tower,2,0,8,0,10,0,0,12,0,12,2,0,20,0,22,48,0,48,70
11/27/2010,HKY,NC,ASO,ES,Federal Contract Tower,2,0,14,0,16,0,0,38,0,38,2,0,52,0,54,36,0,36,90
11/28/2010,HKY,NC,ASO,ES,Federal Contract Tower,4,4,16,0,24,0,0,50,0,50,4,4,66,0,74,22,0,22,96
11/29/2010,HKY,NC,ASO,ES,Federal Contract Tower,2,2,20,0,24,0,1,45,0,46,2,3,65,0,70,46,0,46,116
11/30/2010,HKY,NC,ASO,ES,Federal Contract Tower,0,0,5,0,5,0,0,0,0,0,0,0,5,0,5,0,0,0,5
12/01/2010,HKY,NC,ASO,ES,Federal Contract Tower,0,1,18,0,19,0,2,33,0,35,0,3,51,0,54,32,0,32,86
12/02/2010,HKY,NC,ASO,ES,Federal Contract Tower,0,0,14,0,14,0,0,69,0,69,0,0,83,0,83,44,0,44,127
12/03/2010,HKY,NC,ASO,ES,Federal Contract Tower,0,2,19,0,21,0,0,57,0,57,0,2,76,0,78,18,0,18,96
12/04/2010,HKY,NC,ASO,ES,Federal Contract Tower,0,0,4,0,4,0,0,45,0,45,0,0,49,0,49,38,0,38,87
12/05/2010,HKY,NC,ASO,ES,Federal Contract Tower,0,3,6,0,9,0,0,10,0,10,0,3,16,0,19,10,0,10,29
12/06/2010,HKY,NC,ASO,ES,Federal Contract Tower,0,0,11,0,11,0,0,20,0,20,0,0,31,0,31,14,0,14,45
12/07/2010,HKY,NC,ASO,ES,Federal Contract Tower,0,4,8,0,12,0,6,21,2,29,0,10,29,2,41,38,0,38,79
12/08/2010,HKY,NC,ASO,ES,Federal Contract Tower,1,2,21,0,24,0,2,38,0,40,1,4,59,0,64,56,0,56,120
12/09/2010,HKY,NC,ASO,ES,Federal Contract Tower,0,2,13,0,15,0,4,47,0,51,0,6,60,0,66,48,0,48,114
12/10/2010,HKY,NC,ASO,ES,Federal Contract Tower,0,0,7,8,15,0,0,46,1,47,0,0,53,9,62,38,10,48,110
12/11/2010,HKY,NC,ASO,ES,Federal Contract Tower,0,2,10,0,12,0,0,26,0,26,0,2,36,0,38,6,0,6,44
12/12/2010,HKY,NC,ASO,ES,Federal Contract Tower,0,0,7,0,7,0,0,0,0,0,0,0,7,0,7,0,0,0,7
12/13/2010,HKY,NC,ASO,ES,Federal Contract Tower,0,1,2,0,3,0,0,0,0,0,0,1,2,0,3,0,0,0,3
12/14/2010,HKY,NC,ASO,ES,Federal Contract Tower,0,3,9,2,14,0,0,10,0,10,0,3,19,2,24,12,0,12,36
12/15/2010,HKY,NC,ASO,ES,Federal Contract Tower,0,4,13,0,17,0,0,32,0,32,0,4,45,0,49,52,0,52,101
12/16/2010,HKY,NC,ASO,ES,Federal Contract Tower,0,0,6,0,6,0,0,0,0,0,0,0,6,0,6,0,0,0,6
12/17/2010,HKY,NC,ASO,ES,Federal Contract Tower,0,2,8,0,10,0,0,38,0,38,0,2,46,0,48,52,0,52,100
12/18/2010,HKY,NC,ASO,ES,Federal Contract Tower,0,6,2,0,8,0,0,5,0,5,0,6,7,0,13,4,0,4,17
12/19/2010,HKY,NC,ASO,ES,Federal Contract Tower,0,0,12,0,12,0,0,38,0,38,0,0,50,0,50,30,0,30,80
12/20/2010,HKY,NC,ASO,ES,Federal Contract Tower,0,1,12,0,13,0,0,30,0,30,0,1,42,0,43,34,0,34,77
12/21/2010,HKY,NC,ASO,ES,Federal Contract Tower,0,9,12,0,21,0,0,52,0,52,0,9,64,0,73,80,0,80,153
12/22/2010,HKY,NC,ASO,ES,Federal Contract Tower,0,8,11,0,19,0,0,51,0,51,0,8,62,0,70,24,0,24,94
12/23/2010,HKY,NC,ASO,ES,Federal Contract Tower,2,15,6,0,23,0,0,34,0,34,2,15,40,0,57,10,0,10,67
12/24/2010,HKY,NC,ASO,ES,Federal Contract Tower,0,2,8,0,10,0,0,35,0,35,0,2,43,0,45,14,0,14,59
12/25/2010,HKY,NC,ASO,ES,Federal Contract Tower,0,1,0,0,1,0,0,0,0,0,0,1,0,0,1,0,0,0,1
12/26/2010,HKY,NC,ASO,ES,Federal Contract Tower,0,2,11,0,13,0,0,0,0,0,0,2,11,0,13,0,0,0,13
12/27/2010,HKY,NC,ASO,ES,Federal Contract Tower,0,4,13,0,17,0,0,5,0,5,0,4,18,0,22,0,0,0,22
12/28/2010,HKY,NC,ASO,ES,Federal Contract Tower,0,0,9,2,11,0,0,26,1,27,0,0,35,3,38,24,0,24,62
12/29/2010,HKY,NC,ASO,ES,Federal Contract Tower,0,4,6,0,10,0,0,56,0,56,0,4,62,0,66,26,0,26,92
12/30/2010,HKY,NC,ASO,ES,Federal Contract Tower,0,6,16,0,22,0,0,46,0,46,0,6,62,0,68,52,0,52,120
12/31/2010,HKY,NC,ASO,ES,Federal Contract Tower,0,0,8,0,8,0,0,38,0,38,0,0,46,0,46,32,0,32,78
01/01/2011,HKY,NC,ASO,ES,Federal Contract Tower,0,0,2,0,2,0,0,0,0,0,0,0,2,0,2,0,0,0,2
01/02/2011,HKY,NC,ASO,ES,Federal Contract Tower,0,0,18,0,18,0,0,16,0,16,0,0,34,0,34,0,0,0,34
01/03/2011,HKY,NC,ASO,ES,Federal Contract Tower,0,1,21,0,22,0,0,43,0,43,0,1,64,0,65,30,0,30,95
01/04/2011,HKY,NC,ASO,ES,Federal Contract Tower,0,4,8,0,12,0,2,36,0,38,0,6,44,0,50,40,0,40,90
01/05/2011,HKY,NC,ASO,ES,Federal Contract Tower,0,0,10,0,10,0,0,53,0,53,0,0,63,0,63,56,0,56,119
01/06/2011,HKY,NC,ASO,ES,Federal Contract Tower,0,0,16,0,16,0,0,40,0,40,0,0,56,0,56,34,0,34,90
01/07/2011,HKY,NC,ASO,ES,Federal Contract Tower,0,0,15,0,15,0,1,20,0,21,0,1,35,0,36,74,0,74,110
01/08/2011,HKY,NC,ASO,ES,Federal Contract Tower,0,1,5,0,6,0,0,13,0,13,0,1,18,0,19,8,0,8,27
01/09/2011,HKY,NC,ASO,ES,Federal Contract Tower,0,3,10,0,13,0,0,56,0,56,0,3,66,0,69,46,0,46,115
01/10/2011,HKY,NC,ASO,ES,Federal Contract Tower,0,0,1,0,1,0,0,0,0,0,0,0,1,0,1,0,0,0,1
01/11/2011,HKY,NC,ASO,ES,Federal Contract Tower,0,0,3,0,3,0,0,0,0,0,0,0,3,0,3,0,0,0,3
01/12/2011,HKY,NC,ASO,ES,Federal Contract Tower,0,2,6,0,8,0,0,15,0,15,0,2,21,0,23,24,0,24,47
01/13/2011,HKY,NC,ASO,ES,Federal Contract Tower,0,3,17,0,20,0,0,22,0,22,0,3,39,0,42,20,0,20,62
01/14/2011,HKY,NC,ASO,ES,Federal Contract Tower,0,0,7,0,7,0,0,53,0,53,0,0,60,0,60,28,8,36,96
01/15/2011,HKY,NC,ASO,ES,Federal Contract Tower,0,0,4,0,4,0,0,43,0,43,0,0,47,0,47,94,0,94,141
01/16/2011,HKY,NC,ASO,ES,Federal Contract Tower,0,0,13,0,13,0,0,37,0,37,0,0,50,0,50,22,0,22,72
01/17/2011,HKY,NC,ASO,ES,Federal Contract Tower,0,2,7,0,9,0,0,9,0,9,0,2,16,0,18,22,0,22,40
01/18/2011,HKY,NC,ASO,ES,Federal Contract Tower,0,2,8,0,10,0,0,0,0,0,0,2,8,0,10,0,0,0,10
01/19/2011,HKY,NC,ASO,ES,Federal Contract Tower,0,0,10,2,12,0,0,25,0,25,0,0,35,2,37,20,0,20,57
01/20/2011,HKY,NC,ASO,ES,Federal Contract Tower,0,0,10,0,10,0,0,36,0,36,0,0,46,0,46,30,0,30,76
01/21/2011,HKY,NC,ASO,ES,Federal Contract Tower,0,0,14,0,14,0,0,62,0,62,0,0,76,0,76,22,0,22,98
01/22/2011,HKY,NC,ASO,ES,Federal Contract Tower,0,0,9,0,9,0,0,44,0,44,0,0,53,0,53,32,0,32,85
01/23/2011,HKY,NC,ASO,ES,Federal Contract Tower,0,0,5,0,5,0,2,33,2,37,0,2,38,2,42,54,0,54,96
01/24/2011,HKY,NC,ASO,ES,Federal Contract Tower,0,0,10,0,10,0,0,28,4,32,0,0,38,4,42,20,4,24,66
01/25/2011,HKY,NC,ASO,ES,Federal Contract Tower,0,4,6,0,10,0,2,10,0,12,0,6,16,0,22,8,0,8,30
01/26/2011,HKY,NC,ASO,ES,Federal Contract Tower,0,2,9,0,11,0,0,3,0,3,0,2,12,0,14,0,0,0,14
01/27/2011,HKY,NC,ASO,ES,Federal Contract Tower,0,2,10,0,12,0,0,38,0,38,0,2,48,0,50,26,0,26,76
01/28/2011,HKY,NC,ASO,ES,Federal Contract Tower,0,0,12,2,14,0,0,26,0,26,0,0,38,2,40,12,0,12,52
01/29/2011,HKY,NC,ASO,ES,Federal Contract Tower,0,0,7,0,7,0,0,30,0,30,0,0,37,0,37,22,0,22,59
01/30/2011,HKY,NC,ASO,ES,Federal Contract Tower,0,0,6,0,6,0,0,65,0,65,0,0,71,0,71,82,0,82,153
01/31/2011,HKY,NC,ASO,ES,Federal Contract Tower,0,2,19,0,21,0,0,4,0,4,0,2,23,0,25,18,0,18,43
02/01/2011,HKY,NC,ASO,ES,Federal Contract Tower,0,0,14,2,16,0,0,0,0,0,0,0,14,2,16,0,0,0,16
02/02/2011,HKY,NC,ASO,ES,Federal Contract Tower,0,0,5,0,5,0,0,15,0,15,0,0,20,0,20,4,0,4,24
02/03/2011,HKY,NC,ASO,ES,Federal Contract Tower,0,0,14,0,14,0,0,37,0,37,0,0,51,0,51,14,0,14,65
02/04/2011,HKY,NC,ASO,ES,Federal Contract Tower,0,0,1,0,1,0,2,0,0,2,0,2,1,0,3,0,0,0,3
02/05/2011,HKY,NC,ASO,ES,Federal Contract Tower,0,0,5,0,5,0,0,4,0,4,0,0,9,0,9,0,0,0,9
02/06/2011,HKY,NC,ASO,ES,Federal Contract Tower,0,2,1,0,3,0,0,44,0,44,0,2,45,0,47,28,0,28,75
02/07/2011,HKY,NC,ASO,ES,Federal Contract Tower,0,2,13,0,15,0,0,12,0,12,0,2,25,0,27,6,0,6,33
02/08/2011,HKY,NC,ASO,ES,Federal Contract Tower,0,6,9,2,17,0,2,38,0,40,0,8,47,2,57,44,0,44,101
02/09/2011,HKY,NC,ASO,ES,Federal Contract Tower,0,2,16,2,20,0,0,43,2,45,0,2,59,4,65,8,0,8,73
02/10/2011,HKY,NC,ASO,ES,Federal Contract Tower,0,2,19,0,21,0,6,27,0,33,0,8,46,0,54,18,0,18,72
02/11/2011,HKY,NC,ASO,ES,Federal Contract Tower,0,0,7,0,7,0,0,57,0,57,0,0,64,0,64,64,0,64,128
02/12/2011,HKY,NC,ASO,ES,Federal Contract Tower,0,0,4,0,4,0,0,36,0,36,0,0,40,0,40,96,0,96,136
02/13/2011,HKY,NC,ASO,ES,Federal Contract Tower,0,2,12,0,14,0,0,54,4,58,0,2,66,4,72,54,0,54,126
02/14/2011,HKY,NC,ASO,ES,Federal Contract Tower,0,2,11,0,13,0,0,15,6,21,0,2,26,6,34,0,2,2,36
02/15/2011,HKY,NC,ASO,ES,Federal Contract Tower,0,2,18,0,20,0,4,46,6,56,0,6,64,6,76,54,0,54,130
02/16/2011,HKY,NC,ASO,ES,Federal Contract Tower,0,4,9,0,13,0,0,50,4,54,0,4,59,4,67,16,0,16,83
02/17/2011,HKY,NC,ASO,ES,Federal Contract Tower,0,4,28,0,32,0,0,55,0,55,0,4,83,0,87,46,0,46,133
02/18/2011,HKY,NC,ASO,ES,Federal Contract Tower,0,0,17,0,17,0,1,68,0,69,0,1,85,0,86,66,0,66,152
02/19/2011,HKY,NC,ASO,ES,Federal Contract Tower,0,3,1,0,4,0,3,45,0,48,0,6,46,0,52,98,0,98,150
02/20/2011,HKY,NC,ASO,ES,Federal Contract Tower,0,0,4,0,4,0,6,27,2,35,0,6,31,2,39,40,4,44,83
02/21/2011,HKY,NC,ASO,ES,Federal Contract Tower,0,0,6,0,6,0,1,23,1,25,0,1,29,1,31,20,0,20,51
02/22/2011,HKY,NC,ASO,ES,Federal Contract Tower,0,3,15,0,18,0,4,46,2,52,0,7,61,2,70,28,0,28,98
02/23/2011,HKY,NC,ASO,ES,Federal Contract Tower,0,0,21,0,21,0,2,58,2,62,0,2,79,2,83,36,0,36,119
02/24/2011,HKY,NC,ASO,ES,Federal Contract Tower,0,3,12,0,15,0,6,13,1,20,0,9,25,1,35,18,0,18,53
02/25/2011,HKY,NC,ASO,ES,Federal Contract Tower,0,0,11,0,11,0,1,19,3,23,0,1,30,3,34,4,0,4,38
02/26/2011,HKY,NC,ASO,ES,Federal Contract Tower,0,2,6,0,8,0,5,66,9,80,0,7,72,9,88,70,0,70,158
02/27/2011,HKY,NC,ASO,ES,Federal Contract Tower,0,1,7,0,8,0,6,63,0,69,0,7,70,0,77,54,0,54,131
02/28/2011,HKY,NC,ASO,ES,Federal Contract Tower,0,1,4,0,5,0,2,5,0,7,0,3,9,0,12,20,0,20,32
03/01/2011,HKY,NC,ASO,ES,Federal Contract Tower,0,0,8,0,8,0,2,50,2,54,0,2,58,2,62,54,0,54,116
03/02/2011,HKY,NC,ASO,ES,Federal Contract Tower,0,8,17,0,25,0,5,53,0,58,0,13,70,0,83,28,0,28,111
03/03/2011,HKY,NC,ASO,ES,Federal Contract Tower,0,1,15,13,29,0,6,55,0,61,0,7,70,13,90,78,0,78,168
03/04/2011,HKY,NC,ASO,ES,Federal Contract Tower,0,1,14,2,17,0,1,64,2,67,0,2,78,4,84,92,0,92,176
03/05/2011,HKY,NC,ASO,ES,Federal Contract Tower,0,0,9,0,9,0,0,0,0,0,0,0,9,0,9,0,0,0,9
03/06/2011,HKY,NC,ASO,ES,Federal Contract Tower,0,1,3,0,4,0,0,0,0,0,0,1,3,0,4,0,0,0,4
03/07/2011,HKY,NC,ASO,ES,Federal Contract Tower,0,0,8,0,8,0,0,34,0,34,0,0,42,0,42,56,0,56,98
03/08/2011,HKY,NC,ASO,ES,Federal Contract Tower,0,4,18,4,26,0,4,47,0,51,0,8,65,4,77,48,0,48,125
03/09/2011,HKY,NC,ASO,ES,Federal Contract Tower,0,0,17,0,17,0,0,0,0,0,0,0,17,0,17,0,0,0,17
03/10/2011,HKY,NC,ASO,ES,Federal Contract Tower,0,2,6,0,8,0,3,3,0,6,0,5,9,0,14,12,0,12,26
03/11/2011,HKY,NC,ASO,ES,Federal Contract Tower,0,0,8,0,8,0,5,12,6,23,0,5,20,6,31,6,0,6,37
03/12/2011,HKY,NC,ASO,ES,Federal Contract Tower,0,0,8,0,8,0,5,35,0,40,0,5,43,0,48,52,0,52,100
03/13/2011,HKY,NC,ASO,ES,Federal Contract Tower,0,0,6,0,6,0,4,28,2,34,0,4,34,2,40,10,0,10,50
03/14/2011,HKY,NC,ASO,ES,Federal Contract Tower,0,0,15,0,15,0,5,35,1,41,0,5,50,1,56,48,0,48,104
03/15/2011,HKY,NC,ASO,ES,Federal Contract Tower,0,0,19,0,19,0,2,4,0,6,0,2,23,0,25,16,0,16,41
03/16/2011,HKY,NC,ASO,ES,Federal Contract Tower,0,2,16,0,18,0,3,20,0,23,0,5,36,0,41,42,0,42,83
03/17/2011,HKY,NC,ASO,ES,Federal Contract Tower,0,0,20,0,20,0,5,51,0,56,0,5,71,0,76,50,0,50,126
03/18/2011,HKY,NC,ASO,ES,Federal Contract Tower,0,0,13,0,13,0,5,60,6,71,0,5,73,6,84,34,6,40,124
03/19/2011,HKY,NC,ASO,ES,Federal Contract Tower,0,0,8,0,8,0,0,62,3,65,0,0,70,3,73,40,0,40,113
03/20/2011,HKY,NC,ASO,ES,Federal Contract Tower,0,0,18,0,18,0,0,27,0,27,0,0,45,0,45,14,0,14,59
03/21/2011,HKY,NC,ASO,ES,Federal Contract Tower,0,4,1,0,5,0,0,20,2,22,0,4,21,2,27,8,0,8,35
03/22/2011,HKY,NC,ASO,ES,Federal Contract Tower,0,2,15,0,17,0,2,47,8,57,0,4,62,8,74,30,0,30,104
03/23/2011,HKY,NC,ASO,ES,Federal Contract Tower,0,0,10,0,10,0,2,32,1,35,0,2,42,1,45,12,0,12,57
03/24/2011,HKY,NC,ASO,ES,Federal Contract Tower,0,2,27,0,29,0,2,30,0,32,0,4,57,0,61,2,0,2,63
03/25/2011,HKY,NC,ASO,ES,Federal Contract Tower,0,2,14,0,16,0,5,47,1,53,0,7,61,1,69,32,0,32,101
03/26/2011,HKY,NC,ASO,ES,Federal Contract Tower,0,0,0,0,0,0,0,0,0,0,0,0,0,0,0,0,0,0,0
03/27/2011,HKY,NC,ASO,ES,Federal Contract Tower,0,0,11,4,15,0,2,2,0,4,0,2,13,4,19,14,0,14,33
03/28/2011,HKY,NC,ASO,ES,Federal Contract Tower,0,3,9,0,12,0,0,5,0,5,0,3,14,0,17,38,0,38,55
03/29/2011,HKY,NC,ASO,ES,Federal Contract Tower,0,2,16,0,18,0,4,52,3,59,0,6,68,3,77,46,0,46,123
03/30/2011,HKY,NC,ASO,ES,Federal Contract Tower,0,0,13,0,13,0,0,0,0,0,0,0,13,0,13,0,0,0,13
03/31/2011,HKY,NC,ASO,ES,Federal Contract Tower,0,1,10,0,11,0,0,0,0,0,0,1,10,0,11,0,0,0,11
04/01/2011,HKY,NC,ASO,ES,Federal Contract Tower,0,0,15,0,15,0,3,52,0,55,0,3,67,0,70,42,0,42,112
04/02/2011,HKY,NC,ASO,ES,Federal Contract Tower,0,0,9,0,9,0,6,5,0,11,0,6,14,0,20,8,0,8,28
04/03/2011,HKY,NC,ASO,ES,Federal Contract Tower,0,3,14,0,17,0,6,46,2,54,0,9,60,2,71,40,0,40,111
04/04/2011,HKY,NC,ASO,ES,Federal Contract Tower,0,1,8,0,9,0,2,15,1,18,0,3,23,1,27,0,0,0,27
04/05/2011,HKY,NC,ASO,ES,Federal Contract Tower,0,4,13,0,17,0,1,12,0,13,0,5,25,0,30,2,0,2,32
04/06/2011,HKY,NC,ASO,ES,Federal Contract Tower,0,0,8,0,8,0,3,35,0,38,0,3,43,0,46,10,0,10,56
04/07/2011,HKY,NC,ASO,ES,Federal Contract Tower,0,2,5,0,7,0,4,52,6,62,0,6,57,6,69,52,0,52,121
04/08/2011,HKY,NC,ASO,ES,Federal Contract Tower,0,0,5,0,5,0,4,36,0,40,0,4,41,0,45,36,8,44,89
04/09/2011,HKY,NC,ASO,ES,Federal Contract Tower,0,0,9,0,9,0,2,30,0,32,0,2,39,0,41,30,0,30,71
04/10/2011,HKY,NC,ASO,ES,Federal Contract Tower,0,0,13,0,13,0,2,43,0,45,0,2,56,0,58,34,0,34,92
04/11/2011,HKY,NC,ASO,ES,Federal Contract Tower,0,2,16,0,18,0,4,14,2,20,0,6,30,2,38,22,0,22,60
04/12/2011,HKY,NC,ASO,ES,Federal Contract Tower,0,11,5,0,16,0,0,5,0,5,0,11,10,0,21,6,0,6,27
04/13/2011,HKY,NC,ASO,ES,Federal Contract Tower,0,2,17,0,19,0,11,20,0,31,0,13,37,0,50,26,0,26,76
04/14/2011,HKY,NC,ASO,ES,Federal Contract Tower,0,2,9,2,13,0,6,47,1,54,0,8,56,3,67,66,0,66,133
04/15/2011,HKY,NC,ASO,ES,Federal Contract Tower,0,1,21,0,22,0,3,42,0,45,0,4,63,0,67,58,0,58,125
04/16/2011,HKY,NC,ASO,ES,Federal Contract Tower,0,0,3,0,3,0,0,1,0,1,0,0,4,0,4,4,0,4,8
04/17/2011,HKY,NC,ASO,ES,Federal Contract Tower,0,0,7,0,7,0,0,52,0,52,0,0,59,0,59,136,0,136,195
04/18/2011,HKY,NC,ASO,ES,Federal Contract Tower,0,2,9,0,11,0,8,29,1,38,0,10,38,1,49,28,0,28,77
04/19/2011,HKY,NC,ASO,ES,Federal Contract Tower,0,4,15,0,19,0,4,27,1,32,0,8,42,1,51,44,0,44,95
04/20/2011,HKY,NC,ASO,ES,Federal Contract Tower,0,4,19,0,23,0,5,32,0,37,0,9,51,0,60,0,0,0,60
04/21/2011,HKY,NC,ASO,ES,Federal Contract Tower,0,0,18,0,18,0,5,32,0,37,0,5,50,0,55,40,0,40,95
04/22/2011,HKY,NC,ASO,ES,Federal Contract Tower,0,0,7,0,7,0,0,2,0,2,0,0,9,0,9,0,0,0,9
04/23/2011,HKY,NC,ASO,ES,Federal Contract Tower,0,1,24,0,25,0,2,19,0,21,0,3,43,0,46,48,0,48,94
04/24/2011,HKY,NC,ASO,ES,Federal Contract Tower,0,0,7,0,7,0,4,14,0,18,0,4,21,0,25,12,0,12,37
04/25/2011,HKY,NC,ASO,ES,Federal Contract Tower,0,0,13,0,13,0,2,28,0,30,0,2,41,0,43,64,0,64,107
04/26/2011,HKY,NC,ASO,ES,Federal Contract Tower,0,7,12,0,19,0,6,18,0,24,0,13,30,0,43,10,0,10,53
04/27/2011,HKY,NC,ASO,ES,Federal Contract Tower,0,2,17,0,19,0,12,0,0,12,0,14,17,0,31,0,0,0,31
04/28/2011,HKY,NC,ASO,ES,Federal Contract Tower,0,0,6,0,6,0,8,11,0,19,0,8,17,0,25,14,0,14,39
04/29/2011,HKY,NC,ASO,ES,Federal Contract Tower,0,2,24,4,30,0,7,45,0,52,0,9,69,4,82,62,0,62,144
04/30/2011,HKY,NC,ASO,ES,Federal Contract Tower,0,0,10,0,10,0,2,55,0,57,0,2,65,0,67,106,0,106,173
05/01/2011,HKY,NC,ASO,ES,Federal Contract Tower,0,0,16,3,19,0,6,39,1,46,0,6,55,4,65,26,0,26,91
05/02/2011,HKY,NC,ASO,ES,Federal Contract Tower,0,0,17,0,17,0,5,37,0,42,0,5,54,0,59,6,0,6,65
05/03/2011,HKY,NC,ASO,ES,Federal Contract Tower,0,0,19,0,19,0,5,14,0,19,0,5,33,0,38,20,0,20,58
05/04/2011,HKY,NC,ASO,ES,Federal Contract Tower,0,0,11,0,11,0,8,13,0,21,0,8,24,0,32,18,0,18,50
05/05/2011,HKY,NC,ASO,ES,Federal Contract Tower,0,0,11,0,11,0,2,45,0,47,0,2,56,0,58,82,0,82,140
05/06/2011,HKY,NC,ASO,ES,Federal Contract Tower,2,5,14,0,21,0,7,31,1,39,2,12,45,1,60,80,0,80,140
05/07/2011,HKY,NC,ASO,ES,Federal Contract Tower,0,0,6,0,6,0,4,64,0,68,0,4,70,0,74,76,0,76,150
05/08/2011,HKY,NC,ASO,ES,Federal Contract Tower,0,0,8,0,8,0,2,14,0,16,0,2,22,0,24,38,0,38,62
05/09/2011,HKY,NC,ASO,ES,Federal Contract Tower,0,3,23,0,26,0,3,41,0,44,0,6,64,0,70,78,0,78,148
05/10/2011,HKY,NC,ASO,ES,Federal Contract Tower,0,4,22,0,26,0,5,32,0,37,0,9,54,0,63,78,0,78,141
05/11/2011,HKY,NC,ASO,ES,Federal Contract Tower,0,0,18,2,20,0,6,12,0,18,0,6,30,2,38,10,0,10,48
05/12/2011,HKY,NC,ASO,ES,Federal Contract Tower,0,0,12,2,14,0,7,21,0,28,0,7,33,2,42,2,0,2,44
05/13/2011,HKY,NC,ASO,ES,Federal Contract Tower,0,1,11,0,12,2,1,3,0,6,2,2,14,0,18,0,0,0,18
05/14/2011,HKY,NC,ASO,ES,Federal Contract Tower,0,0,11,0,11,0,7,10,0,17,0,7,21,0,28,16,0,16,44
05/15/2011,HKY,NC,ASO,ES,Federal Contract Tower,0,0,15,2,17,0,2,24,0,26,0,2,39,2,43,26,0,26,69
05/16/2011,HKY,NC,ASO,ES,Federal Contract Tower,0,0,7,0,7,0,3,34,2,39,0,3,41,2,46,46,0,46,92
05/17/2011,HKY,NC,ASO,ES,Federal Contract Tower,0,2,14,0,16,0,0,2,0,2,0,2,16,0,18,14,0,14,32
05/18/2011,HKY,NC,ASO,ES,Federal Contract Tower,0,2,13,0,15,0,9,17,1,27,0,11,30,1,42,6,0,6,48
05/19/2011,HKY,NC,ASO,ES,Federal Contract Tower,0,4,17,0,21,0,8,37,4,49,0,12,54,4,70,24,0,24,94
05/20/2011,HKY,NC,ASO,ES,Federal Contract Tower,0,2,8,0,10,0,1,36,0,37,0,3,44,0,47,86,0,86,133
05/21/2011,HKY,NC,ASO,ES,Federal Contract Tower,0,0,13,0,13,0,1,52,0,53,0,1,65,0,66,32,0,32,98
05/22/2011,HKY,NC,ASO,ES,Federal Contract Tower,0,0,16,0,16,0,2,29,0,31,0,2,45,0,47,12,0,12,59
05/23/2011,HKY,NC,ASO,ES,Federal Contract Tower,0,0,11,0,11,0,0,13,0,13,0,0,24,0,24,16,0,16,40
05/24/2011,HKY,NC,ASO,ES,Federal Contract Tower,0,2,10,0,12,0,7,56,2,65,0,9,66,2,77,46,0,46,123
05/25/2011,HKY,NC,ASO,ES,Federal Contract Tower,0,0,16,0,16,0,4,44,2,50,0,4,60,2,66,48,0,48,114
05/26/2011,HKY,NC,ASO,ES,Federal Contract Tower,0,2,17,0,19,0,2,31,0,33,0,4,48,0,52,0,0,0,52
05/27/2011,HKY,NC,ASO,ES,Federal Contract Tower,0,0,22,0,22,0,1,8,0,9,0,1,30,0,31,12,0,12,43
05/28/2011,HKY,NC,ASO,ES,Federal Contract Tower,0,0,10,0,10,0,11,17,0,28,0,11,27,0,38,4,0,4,42
05/29/2011,HKY,NC,ASO,ES,Federal Contract Tower,0,0,8,0,8,0,2,31,0,33,0,2,39,0,41,14,0,14,55
05/30/2011,HKY,NC,ASO,ES,Federal Contract Tower,0,2,13,0,15,0,0,42,0,42,0,2,55,0,57,32,0,32,89
05/31/2011,HKY,NC,ASO,ES,Federal Contract Tower,0,2,20,0,22,0,4,45,0,49,0,6,65,0,71,60,0,60,131
06/01/2011,HKY,NC,ASO,ES,Federal Contract Tower,0,0,7,0,7,0,4,46,0,50,0,4,53,0,57,28,0,28,85
06/02/2011,HKY,NC,ASO,ES,Federal Contract Tower,0,1,24,0,25,0,0,60,0,60,0,1,84,0,85,2,0,2,87
06/03/2011,HKY,NC,ASO,ES,Federal Contract Tower,0,1,17,0,18,0,6,32,0,38,0,7,49,0,56,32,0,32,88
06/04/2011,HKY,NC,ASO,ES,Federal Contract Tower,0,2,10,0,12,0,4,64,0,68,0,6,74,0,80,10,0,10,90
06/05/2011,HKY,NC,ASO,ES,Federal Contract Tower,0,0,18,2,20,0,6,26,0,32,0,6,44,2,52,28,0,28,80
06/06/2011,HKY,NC,ASO,ES,Federal Contract Tower,0,2,9,0,11,0,4,34,2,40,0,6,43,2,51,36,0,36,87
06/07/2011,HKY,NC,ASO,ES,Federal Contract Tower,0,2,18,0,20,0,4,43,0,47,0,6,61,0,67,38,0,38,105
06/08/2011,HKY,NC,ASO,ES,Federal Contract Tower,0,11,22,0,33,0,7,41,6,54,0,18,63,6,87,64,0,64,151
06/09/2011,HKY,NC,ASO,ES,Federal Contract Tower,0,3,10,0,13,0,4,24,0,28,0,7,34,0,41,12,0,12,53
06/10/2011,HKY,NC,ASO,ES,Federal Contract Tower,0,2,11,0,13,0,2,48,0,50,0,4,59,0,63,92,0,92,155
06/11/2011,HKY,NC,ASO,ES,Federal Contract Tower,0,1,10,0,11,0,2,50,0,52,0,3,60,0,63,60,0,60,123
06/12/2011,HKY,NC,ASO,ES,Federal Contract Tower,0,5,20,0,25,0,3,35,0,38,0,8,55,0,63,14,0,14,77
06/13/2011,HKY,NC,ASO,ES,Federal Contract Tower,0,2,11,0,13,0,3,35,11,49,0,5,46,11,62,30,0,30,92
06/14/2011,HKY,NC,ASO,ES,Federal Contract Tower,0,3,5,0,8,0,0,55,2,57,0,3,60,2,65,78,0,78,143
06/15/2011,HKY,NC,ASO,ES,Federal Contract Tower,0,2,18,0,20,0,4,43,4,51,0,6,61,4,71,38,0,38,109
06/16/2011,HKY,NC,ASO,ES,Federal Contract Tower,0,2,25,0,27,0,7,44,0,51,0,9,69,0,78,70,0,70,148
06/17/2011,HKY,NC,ASO,ES,Federal Contract Tower,0,2,24,4,30,0,11,69,0,80,0,13,93,4,110,56,0,56,166
06/18/2011,HKY,NC,ASO,ES,Federal Contract Tower,0,0,17,0,17,0,0,34,0,34,0,0,51,0,51,44,0,44,95
06/19/2011,HKY,NC,ASO,ES,Federal Contract Tower,0,2,11,0,13,0,0,14,0,14,0,2,25,0,27,24,0,24,51
06/20/2011,HKY,NC,ASO,ES,Federal Contract Tower,0,2,5,2,9,0,2,52,0,54,0,4,57,2,63,22,0,22,85
06/21/2011,HKY,NC,ASO,ES,Federal Contract Tower,0,2,7,0,9,0,1,52,1,54,0,3,59,1,63,18,0,18,81
06/22/2011,HKY,NC,ASO,ES,Federal Contract Tower,0,1,19,0,20,0,4,46,0,50,0,5,65,0,70,4,0,4,74
06/23/2011,HKY,NC,ASO,ES,Federal Contract Tower,0,0,13,0,13,0,4,33,0,37,0,4,46,0,50,50,0,50,100
06/24/2011,HKY,NC,ASO,ES,Federal Contract Tower,0,2,23,0,25,0,4,47,1,52,0,6,70,1,77,52,0,52,129
06/25/2011,HKY,NC,ASO,ES,Federal Contract Tower,0,2,13,2,17,0,5,42,0,47,0,7,55,2,64,72,0,72,136
06/26/2011,HKY,NC,ASO,ES,Federal Contract Tower,0,5,18,0,23,0,4,25,0,29,0,9,43,0,52,6,0,6,58
06/27/2011,HKY,NC,ASO,ES,Federal Contract Tower,0,3,17,2,22,0,2,33,0,35,0,5,50,2,57,4,20,24,81
06/28/2011,HKY,NC,ASO,ES,Federal Contract Tower,0,3,8,0,11,0,16,40,0,56,0,19,48,0,67,50,0,50,117
06/29/2011,HKY,NC,ASO,ES,Federal Contract Tower,0,3,14,0,17,0,4,48,0,52,0,7,62,0,69,86,0,86,155
06/30/2011,HKY,NC,ASO,ES,Federal Contract Tower,0,1,25,0,26,0,1,76,2,79,0,2,101,2,105,48,0,48,153
07/01/2011,HKY,NC,ASO,ES,Federal Contract Tower,0,3,10,0,13,0,2,36,0,38,0,5,46,0,51,60,0,60,111
07/02/2011,HKY,NC,ASO,ES,Federal Contract Tower,0,2,19,0,21,0,2,41,0,43,0,4,60,0,64,0,14,14,78
07/03/2011,HKY,NC,ASO,ES,Federal Contract Tower,0,1,6,0,7,0,5,21,0,26,0,6,27,0,33,4,0,4,37
07/04/2011,HKY,NC,ASO,ES,Federal Contract Tower,0,1,2,0,3,0,0,9,0,9,0,1,11,0,12,4,0,4,16
07/05/2011,HKY,NC,ASO,ES,Federal Contract Tower,0,3,22,0,25,0,2,15,0,17,0,5,37,0,42,2,0,2,44
07/06/2011,HKY,NC,ASO,ES,Federal Contract Tower,0,2,3,0,5,0,4,23,0,27,0,6,26,0,32,60,0,60,92
07/07/2011,HKY,NC,ASO,ES,Federal Contract Tower,0,3,11,0,14,0,7,20,0,27,0,10,31,0,41,22,0,22,63
07/08/2011,HKY,NC,ASO,ES,Federal Contract Tower,0,5,15,0,20,0,0,30,0,30,0,5,45,0,50,62,0,62,112
07/09/2011,HKY,NC,ASO,ES,Federal Contract Tower,0,0,13,0,13,0,1,32,0,33,0,1,45,0,46,48,0,48,94
07/10/2011,HKY,NC,ASO,ES,Federal Contract Tower,0,2,9,0,11,0,1,29,0,30,0,3,38,0,41,16,0,16,57
07/11/2011,HKY,NC,ASO,ES,Federal Contract Tower,0,12,20,0,32,0,1,32,0,33,0,13,52,0,65,0,0,0,65
07/12/2011,HKY,NC,ASO,ES,Federal Contract Tower,0,11,23,0,34,0,4,40,0,44,0,15,63,0,78,24,0,24,102
07/13/2011,HKY,NC,ASO,ES,Federal Contract Tower,0,2,12,0,14,0,7,36,8,51,0,9,48,8,65,12,0,12,77
07/14/2011,HKY,NC,ASO,ES,Federal Contract Tower,0,5,18,0,23,0,4,49,2,55,0,9,67,2,78,12,0,12,90
07/15/2011,HKY,NC,ASO,ES,Federal Contract Tower,0,1,12,0,13,0,5,12,0,17,0,6,24,0,30,36,0,36,66
07/16/2011,HKY,NC,ASO,ES,Federal Contract Tower,0,0,16,0,16,0,0,27,0,27,0,0,43,0,43,32,0,32,75
07/17/2011,HKY,NC,ASO,ES,Federal Contract Tower,0,0,17,0,17,0,10,52,2,64,0,10,69,2,81,52,0,52,133
07/18/2011,HKY,NC,ASO,ES,Federal Contract Tower,0,0,12,0,12,0,1,27,7,35,0,1,39,7,47,52,0,52,99
07/19/2011,HKY,NC,ASO,ES,Federal Contract Tower,0,0,25,0,25,0,1,57,6,64,0,1,82,6,89,34,2,36,125
07/20/2011,HKY,NC,ASO,ES,Federal Contract Tower,0,0,19,0,19,0,0,39,0,39,0,0,58,0,58,14,0,14,72
07/21/2011,HKY,NC,ASO,ES,Federal Contract Tower,0,5,18,0,23,0,3,29,1,33,0,8,47,1,56,12,0,12,68
07/22/2011,HKY,NC,ASO,ES,Federal Contract Tower,0,5,17,0,22,0,0,36,0,36,0,5,53,0,58,34,0,34,92
07/23/2011,HKY,NC,ASO,ES,Federal Contract Tower,0,2,14,0,16,0,1,57,0,58,0,3,71,0,74,56,0,56,130
07/24/2011,HKY,NC,ASO,ES,Federal Contract Tower,0,4,17,0,21,0,1,25,0,26,0,5,42,0,47,4,0,4,51
07/25/2011,HKY,NC,ASO,ES,Federal Contract Tower,0,4,11,0,15,0,0,13,0,13,0,4,24,0,28,0,0,0,28
07/26/2011,HKY,NC,ASO,ES,Federal Contract Tower,0,2,16,0,18,0,4,22,7,33,0,6,38,7,51,4,0,4,55
07/27/2011,HKY,NC,ASO,ES,Federal Contract Tower,0,10,17,0,27,0,3,47,0,50,0,13,64,0,77,26,0,26,103
07/28/2011,HKY,NC,ASO,ES,Federal Contract Tower,0,0,15,0,15,0,2,52,0,54,0,2,67,0,69,8,0,8,77
07/29/2011,HKY,NC,ASO,ES,Federal Contract Tower,0,0,16,0,16,0,0,32,0,32,0,0,48,0,48,24,0,24,72
07/30/2011,HKY,NC,ASO,ES,Federal Contract Tower,0,0,6,0,6,0,0,38,0,38,0,0,44,0,44,28,0,28,72
07/31/2011,HKY,NC,ASO,ES,Federal Contract Tower,0,3,18,0,21,0,2,27,0,29,0,5,45,0,50,10,0,10,60
08/01/2011,HKY,NC,ASO,ES,Federal Contract Tower,0,5,10,0,15,0,4,18,0,22,0,9,28,0,37,44,0,44,81
08/02/2011,HKY,NC,ASO,ES,Federal Contract Tower,0,4,15,0,19,0,6,53,2,61,0,10,68,2,80,38,0,38,118
08/03/2011,HKY,NC,ASO,ES,Federal Contract Tower,0,4,18,0,22,0,0,40,0,40,0,4,58,0,62,32,0,32,94
08/04/2011,HKY,NC,ASO,ES,Federal Contract Tower,0,4,10,0,14,0,3,40,0,43,0,7,50,0,57,80,0,80,137
08/05/2011,HKY,NC,ASO,ES,Federal Contract Tower,0,2,22,0,24,0,1,4,0,5,0,3,26,0,29,30,0,30,59
08/06/2011,HKY,NC,ASO,ES,Federal Contract Tower,0,1,3,0,4,0,4,40,0,44,0,5,43,0,48,64,0,64,112
08/07/2011,HKY,NC,ASO,ES,Federal Contract Tower,0,5,18,0,23,0,5,27,0,32,0,10,45,0,55,16,0,16,71
08/08/2011,HKY,NC,ASO,ES,Federal Contract Tower,0,2,12,0,14,0,3,31,0,34,0,5,43,0,48,6,0,6,54
08/09/2011,HKY,NC,ASO,ES,Federal Contract Tower,0,6,12,0,18,0,5,35,2,42,0,11,47,2,60,52,0,52,112
08/10/2011,HKY,NC,ASO,ES,Federal Contract Tower,0,0,19,0,19,0,4,41,0,45,0,4,60,0,64,8,0,8,72
08/11/2011,HKY,NC,ASO,ES,Federal Contract Tower,0,0,17,0,17,0,8,54,2,64,0,8,71,2,81,52,0,52,133
08/12/2011,HKY,NC,ASO,ES,Federal Contract Tower,0,2,19,0,21,0,2,42,0,44,0,4,61,0,65,74,0,74,139
08/13/2011,HKY,NC,ASO,ES,Federal Contract Tower,0,4,9,0,13,0,5,19,0,24,0,9,28,0,37,8,0,8,45
08/14/2011,HKY,NC,ASO,ES,Federal Contract Tower,0,2,14,0,16,0,0,23,0,23,0,2,37,0,39,6,0,6,45
08/15/2011,HKY,NC,ASO,ES,Federal Contract Tower,0,0,5,0,5,0,5,50,0,55,0,5,55,0,60,32,0,32,92
08/16/2011,HKY,NC,ASO,ES,Federal Contract Tower,0,0,14,0,14,0,2,64,0,66,0,2,78,0,80,58,0,58,138
08/17/2011,HKY,NC,ASO,ES,Federal Contract Tower,0,0,33,0,33,0,2,66,0,68,0,2,99,0,101,82,0,82,183
08/18/2011,HKY,NC,ASO,ES,Federal Contract Tower,0,6,11,0,17,0,2,21,33,56,0,8,32,33,73,16,0,16,89
08/19/2011,HKY,NC,ASO,ES,Federal Contract Tower,2,0,14,0,16,0,6,60,2,68,2,6,74,2,84,72,0,72,156
08/20/2011,HKY,NC,ASO,ES,Federal Contract Tower,0,0,12,0,12,0,0,45,5,50,0,0,57,5,62,84,0,84,146
08/21/2011,HKY,NC,ASO,ES,Federal Contract Tower,0,1,8,0,9,0,4,23,0,27,0,5,31,0,36,56,0,56,92
08/22/2011,HKY,NC,ASO,ES,Federal Contract Tower,0,0,15,0,15,0,2,38,0,40,0,2,53,0,55,18,0,18,73
08/23/2011,HKY,NC,ASO,ES,Federal Contract Tower,0,4,9,0,13,0,1,67,8,76,0,5,76,8,89,34,0,34,123
08/24/2011,HKY,NC,ASO,ES,Federal Contract Tower,0,1,12,0,13,0,2,39,2,43,0,3,51,2,56,72,0,72,128
08/25/2011,HKY,NC,ASO,ES,Federal Contract Tower,0,0,12,2,14,0,2,48,0,50,0,2,60,2,64,28,0,28,92
08/26/2011,HKY,NC,ASO,ES,Federal Contract Tower,0,3,11,0,14,0,0,44,0,44,0,3,55,0,58,44,0,44,102
08/27/2011,HKY,NC,ASO,ES,Federal Contract Tower,0,0,7,0,7,0,0,24,0,24,0,0,31,0,31,28,0,28,59
08/28/2011,HKY,NC,ASO,ES,Federal Contract Tower,0,0,7,0,7,0,1,45,6,52,0,1,52,6,59,28,0,28,87
08/29/2011,HKY,NC,ASO,ES,Federal Contract Tower,0,0,13,0,13,0,0,61,0,61,0,0,74,0,74,66,0,66,140
08/30/2011,HKY,NC,ASO,ES,Federal Contract Tower,0,0,10,0,10,0,5,30,0,35,0,5,40,0,45,6,0,6,51
08/31/2011,HKY,NC,ASO,ES,Federal Contract Tower,0,2,9,0,11,0,4,27,0,31,0,6,36,0,42,14,0,14,56
09/01/2011,HKY,NC,ASO,ES,Federal Contract Tower,0,0,17,0,17,0,4,58,0,62,0,4,75,0,79,0,0,0,79
09/02/2011,HKY,NC,ASO,ES,Federal Contract Tower,0,10,21,0,31,0,2,44,0,46,0,12,65,0,77,34,0,34,111
09/03/2011,HKY,NC,ASO,ES,Federal Contract Tower,0,2,17,0,19,0,0,69,0,69,0,2,86,0,88,4,0,4,92
09/04/2011,HKY,NC,ASO,ES,Federal Contract Tower,0,3,14,0,17,0,1,29,0,30,0,4,43,0,47,20,0,20,67
09/05/2011,HKY,NC,ASO,ES,Federal Contract Tower,0,3,12,0,15,0,0,5,0,5,0,3,17,0,20,0,0,0,20
09/06/2011,HKY,NC,ASO,ES,Federal Contract Tower,0,4,9,0,13,0,4,5,0,9,0,8,14,0,22,0,0,0,22
09/07/2011,HKY,NC,ASO,ES,Federal Contract Tower,0,2,14,0,16,0,5,25,0,30,0,7,39,0,46,18,0,18,64
09/08/2011,HKY,NC,ASO,ES,Federal Contract Tower,0,4,34,0,38,0,6,77,0,83,0,10,111,0,121,30,0,30,151
09/09/2011,HKY,NC,ASO,ES,Federal Contract Tower,0,0,16,0,16,0,4,48,0,52,0,4,64,0,68,16,0,16,84
09/10/2011,HKY,NC,ASO,ES,Federal Contract Tower,0,5,8,0,13,0,7,21,0,28,0,12,29,0,41,24,0,24,65
09/11/2011,HKY,NC,ASO,ES,Federal Contract Tower,0,5,16,0,21,0,2,28,6,36,0,7,44,6,57,36,0,36,93
09/12/2011,HKY,NC,ASO,ES,Federal Contract Tower,0,5,6,0,11,0,3,36,0,39,0,8,42,0,50,38,0,38,88
09/13/2011,HKY,NC,ASO,ES,Federal Contract Tower,0,1,9,0,10,0,0,53,1,54,0,1,62,1,64,12,0,12,76
09/14/2011,HKY,NC,ASO,ES,Federal Contract Tower,0,2,22,0,24,0,2,52,2,56,0,4,74,2,80,40,0,40,120
09/15/2011,HKY,NC,ASO,ES,Federal Contract Tower,0,0,15,3,18,0,4,62,2,68,0,4,77,5,86,28,0,28,114
09/16/2011,HKY,NC,ASO,ES,Federal Contract Tower,0,3,9,0,12,0,1,40,0,41,0,4,49,0,53,56,0,56,109
09/17/2011,HKY,NC,ASO,ES,Federal Contract Tower,0,1,3,0,4,0,5,23,0,28,0,6,26,0,32,28,0,28,60
09/18/2011,HKY,NC,ASO,ES,Federal Contract Tower,0,0,19,0,19,0,3,31,0,34,0,3,50,0,53,52,0,52,105
09/19/2011,HKY,NC,ASO,ES,Federal Contract Tower,0,3,16,0,19,0,3,31,2,36,0,6,47,2,55,10,0,10,65
09/20/2011,HKY,NC,ASO,ES,Federal Contract Tower,0,4,18,1,23,0,4,37,3,44,0,8,55,4,67,56,0,56,123
09/21/2011,HKY,NC,ASO,ES,Federal Contract Tower,0,3,14,0,17,0,0,0,0,0,0,3,14,0,17,0,0,0,17
09/22/2011,HKY,NC,ASO,ES,Federal Contract Tower,0,5,20,0,25,0,0,13,0,13,0,5,33,0,38,68,0,68,106
09/23/2011,HKY,NC,ASO,ES,Federal Contract Tower,0,5,15,0,20,0,0,19,0,19,0,5,34,0,39,48,0,48,87
09/24/2011,HKY,NC,ASO,ES,Federal Contract Tower,0,1,3,0,4,0,1,13,2,16,0,2,16,2,20,40,0,40,60
09/25/2011,HKY,NC,ASO,ES,Federal Contract Tower,0,0,16,0,16,0,3,17,0,20,0,3,33,0,36,36,0,36,72
09/26/2011,HKY,NC,ASO,ES,Federal Contract Tower,0,3,16,2,21,0,0,25,0,25,0,3,41,2,46,42,0,42,88
09/27/2011,HKY,NC,ASO,ES,Federal Contract Tower,0,1,22,0,23,0,3,46,0,49,0,4,68,0,72,46,0,46,118
09/28/2011,HKY,NC,ASO,ES,Federal Contract Tower,0,2,23,0,25,0,0,64,0,64,0,2,87,0,89,46,0,46,135
09/29/2011,HKY,NC,ASO,ES,Federal Contract Tower,0,5,34,0,39,0,6,54,0,60,0,11,88,0,99,66,0,66,165
09/30/2011,HKY,NC,ASO,ES,Federal Contract Tower,0,3,20,0,23,0,13,34,0,47,0,16,54,0,70,28,0,28,98
10/01/2011,HKY,NC,ASO,ES,Federal Contract Tower,0,2,8,0,10,0,6,29,0,35,0,8,37,0,45,0,0,0,45
10/02/2011,HKY,NC,ASO,ES,Federal Contract Tower,0,2,8,0,10,0,0,23,2,25,0,2,31,2,35,18,4,22,57
10/03/2011,HKY,NC,ASO,ES,Federal Contract Tower,0,2,11,0,13,0,2,44,2,48,0,4,55,2,61,28,0,28,89
10/04/2011,HKY,NC,ASO,ES,Federal Contract Tower,0,12,18,0,30,0,10,62,2,74,0,22,80,2,104,8,0,8,112
10/05/2011,HKY,NC,ASO,ES,Federal Contract Tower,0,8,12,0,20,0,5,50,1,56,0,13,62,1,76,58,0,58,134
10/06/2011,HKY,NC,ASO,ES,Federal Contract Tower,0,1,24,0,25,0,3,58,4,65,0,4,82,4,90,108,12,120,210
10/07/2011,HKY,NC,ASO,ES,Federal Contract Tower,0,2,14,0,16,0,1,87,4,92,0,3,101,4,108,116,0,116,224
10/08/2011,HKY,NC,ASO,ES,Federal Contract Tower,0,4,10,0,14,0,1,34,0,35,0,5,44,0,49,72,0,72,121
10/09/2011,HKY,NC,ASO,ES,Federal Contract Tower,0,0,13,0,13,0,2,34,0,36,0,2,47,0,49,6,0,6,55
10/10/2011,HKY,NC,ASO,ES,Federal Contract Tower,0,2,10,0,12,0,10,39,2,51,0,12,49,2,63,42,0,42,105
10/11/2011,HKY,NC,ASO,ES,Federal Contract Tower,0,2,7,0,9,0,0,0,0,0,0,2,7,0,9,0,0,0,9
10/12/2011,HKY,NC,ASO,ES,Federal Contract Tower,0,0,19,0,19,0,4,21,0,25,0,4,40,0,44,22,0,22,66
10/13/2011,HKY,NC,ASO,ES,Federal Contract Tower,0,7,9,0,16,0,2,19,0,21,0,9,28,0,37,16,0,16,53
10/14/2011,HKY,NC,ASO,ES,Federal Contract Tower,0,0,15,0,15,0,8,39,0,47,0,8,54,0,62,28,0,28,90
10/15/2011,HKY,NC,ASO,ES,Federal Contract Tower,0,0,16,0,16,0,6,29,0,35,0,6,45,0,51,22,0,22,73
10/16/2011,HKY,NC,ASO,ES,Federal Contract Tower,0,0,13,6,19,0,0,39,0,39,0,0,52,6,58,8,6,14,72
10/17/2011,HKY,NC,ASO,ES,Federal Contract Tower,0,0,10,0,10,0,2,2,1,5,0,2,12,1,15,24,0,24,39
10/18/2011,HKY,NC,ASO,ES,Federal Contract Tower,0,5,8,0,13,0,4,57,7,68,0,9,65,7,81,118,0,118,199
10/19/2011,HKY,NC,ASO,ES,Federal Contract Tower,0,5,15,0,20,0,0,7,0,7,0,5,22,0,27,0,0,0,27
10/20/2011,HKY,NC,ASO,ES,Federal Contract Tower,0,7,12,0,19,0,4,40,0,44,0,11,52,0,63,56,0,56,119
10/21/2011,HKY,NC,ASO,ES,Federal Contract Tower,0,0,16,0,16,0,12,98,0,110,0,12,114,0,126,90,0,90,216
10/22/2011,HKY,NC,ASO,ES,Federal Contract Tower,0,4,19,0,23,0,3,82,0,85,0,7,101,0,108,116,0,116,224
10/23/2011,HKY,NC,ASO,ES,Federal Contract Tower,0,2,3,0,5,0,3,36,0,39,0,5,39,0,44,30,0,30,74
10/24/2011,HKY,NC,ASO,ES,Federal Contract Tower,0,0,9,0,9,0,2,45,0,47,0,2,54,0,56,40,0,40,96
10/25/2011,HKY,NC,ASO,ES,Federal Contract Tower,0,3,13,0,16,0,3,60,0,63,0,6,73,0,79,58,0,58,137
10/26/2011,HKY,NC,ASO,ES,Federal Contract Tower,0,4,21,0,25,0,6,35,4,45,0,10,56,4,70,22,0,22,92
10/27/2011,HKY,NC,ASO,ES,Federal Contract Tower,0,0,15,1,16,0,4,42,5,51,0,4,57,6,67,2,0,2,69
10/28/2011,HKY,NC,ASO,ES,Federal Contract Tower,0,7,16,0,23,0,0,3,0,3,0,7,19,0,26,12,0,12,38
10/29/2011,HKY,NC,ASO,ES,Federal Contract Tower,0,3,11,0,14,0,8,18,0,26,0,11,29,0,40,44,0,44,84
10/30/2011,HKY,NC,ASO,ES,Federal Contract Tower,0,1,14,0,15,0,5,53,0,58,0,6,67,0,73,74,0,74,147
10/31/2011,HKY,NC,ASO,ES,Federal Contract Tower,0,4,11,0,15,0,1,42,2,45,0,5,53,2,60,112,0,112,172
11/01/2011,HKY,NC,ASO,ES,Federal Contract Tower,0,3,13,0,16,0,2,41,0,43,0,5,54,0,59,86,0,86,145
11/02/2011,HKY,NC,ASO,ES,Federal Contract Tower,0,0,14,2,16,0,5,36,2,43,0,5,50,4,59,42,0,42,101
11/03/2011,HKY,NC,ASO,ES,Federal Contract Tower,0,4,10,0,14,0,2,30,1,33,0,6,40,1,47,68,0,68,115
11/04/2011,HKY,NC,ASO,ES,Federal Contract Tower,0,0,4,2,6,0,9,3,0,12,0,9,7,2,18,0,0,0,18
11/05/2011,HKY,NC,ASO,ES,Federal Contract Tower,0,0,11,0,11,0,2,66,0,68,0,2,77,0,79,22,0,22,101
11/06/2011,HKY,NC,ASO,ES,Federal Contract Tower,0,0,8,0,8,0,1,54,0,55,0,1,62,0,63,26,0,26,89
11/07/2011,HKY,NC,ASO,ES,Federal Contract Tower,0,1,12,0,13,0,2,59,0,61,0,3,71,0,74,114,0,114,188
11/08/2011,HKY,NC,ASO,ES,Federal Contract Tower,0,0,11,0,11,0,0,63,0,63,0,0,74,0,74,124,0,124,198
11/09/2011,HKY,NC,ASO,ES,Federal Contract Tower,0,1,11,0,12,0,8,79,0,87,0,9,90,0,99,122,0,122,221
11/10/2011,HKY,NC,ASO,ES,Federal Contract Tower,0,3,21,0,24,0,6,31,2,39,0,9,52,2,63,8,0,8,71
11/11/2011,HKY,NC,ASO,ES,Federal Contract Tower,0,2,27,0,29,0,8,72,0,80,0,10,99,0,109,48,0,48,157
11/12/2011,HKY,NC,ASO,ES,Federal Contract Tower,0,0,6,0,6,0,1,56,0,57,0,1,62,0,63,62,0,62,125
11/13/2011,HKY,NC,ASO,ES,Federal Contract Tower,0,0,8,0,8,0,2,29,0,31,0,2,37,0,39,8,0,8,47
11/14/2011,HKY,NC,ASO,ES,Federal Contract Tower,0,5,4,0,9,0,4,28,4,36,0,9,32,4,45,6,0,6,51
11/15/2011,HKY,NC,ASO,ES,Federal Contract Tower,0,10,5,0,15,0,3,31,0,34,0,13,36,0,49,36,0,36,85
11/16/2011,HKY,NC,ASO,ES,Federal Contract Tower,0,0,11,0,11,0,0,0,0,0,0,0,11,0,11,0,0,0,11
11/17/2011,HKY,NC,ASO,ES,Federal Contract Tower,0,4,7,0,11,0,5,15,0,20,0,9,22,0,31,12,0,12,43
11/18/2011,HKY,NC,ASO,ES,Federal Contract Tower,0,1,15,0,16,0,8,82,0,90,0,9,97,0,106,116,0,116,222
11/19/2011,HKY,NC,ASO,ES,Federal Contract Tower,0,1,13,0,14,0,0,41,0,41,0,1,54,0,55,74,0,74,129
11/20/2011,HKY,NC,ASO,ES,Federal Contract Tower,0,3,11,3,17,0,3,38,0,41,0,6,49,3,58,32,2,34,92
11/21/2011,HKY,NC,ASO,ES,Federal Contract Tower,0,0,10,0,10,0,1,21,2,24,0,1,31,2,34,22,0,22,56
11/22/2011,HKY,NC,ASO,ES,Federal Contract Tower,0,0,9,0,9,0,6,25,0,31,0,6,34,0,40,24,0,24,64
11/23/2011,HKY,NC,ASO,ES,Federal Contract Tower,0,5,13,0,18,0,0,2,0,2,0,5,15,0,20,0,0,0,20
11/24/2011,HKY,NC,ASO,ES,Federal Contract Tower,0,0,4,0,4,0,4,24,0,28,0,4,28,0,32,0,0,0,32
11/25/2011,HKY,NC,ASO,ES,Federal Contract Tower,0,0,11,0,11,0,4,28,0,32,0,4,39,0,43,46,0,46,89
11/26/2011,HKY,NC,ASO,ES,Federal Contract Tower,0,0,10,0,10,0,3,40,0,43,0,3,50,0,53,88,0,88,141
11/27/2011,HKY,NC,ASO,ES,Federal Contract Tower,0,2,25,0,27,0,3,23,0,26,0,5,48,0,53,0,0,0,53
11/28/2011,HKY,NC,ASO,ES,Federal Contract Tower,0,2,7,0,9,0,0,1,0,1,0,2,8,0,10,0,0,0,10
11/29/2011,HKY,NC,ASO,ES,Federal Contract Tower,0,7,8,0,15,0,1,5,10,16,0,8,13,10,31,8,8,16,47
11/30/2011,HKY,NC,ASO,ES,Federal Contract Tower,2,2,16,0,20,0,3,46,0,49,2,5,62,0,69,36,0,36,105
12/01/2011,HKY,NC,ASO,ES,Federal Contract Tower,0,1,8,0,9,0,3,57,4,64,0,4,65,4,73,94,0,94,167
12/02/2011,HKY,NC,ASO,ES,Federal Contract Tower,0,2,15,0,17,0,1,81,0,82,0,3,96,0,99,104,0,104,203
12/03/2011,HKY,NC,ASO,ES,Federal Contract Tower,0,4,13,0,17,0,11,81,0,92,0,15,94,0,109,108,0,108,217
12/04/2011,HKY,NC,ASO,ES,Federal Contract Tower,0,0,6,0,6,0,0,32,0,32,0,0,38,0,38,34,0,34,72
12/05/2011,HKY,NC,ASO,ES,Federal Contract Tower,0,0,15,0,15,0,1,8,2,11,0,1,23,2,26,24,0,24,50
12/06/2011,HKY,NC,ASO,ES,Federal Contract Tower,0,0,6,0,6,0,0,0,0,0,0,0,6,0,6,0,0,0,6
12/07/2011,HKY,NC,ASO,ES,Federal Contract Tower,0,0,12,0,12,0,0,0,0,0,0,0,12,0,12,0,0,0,12
12/08/2011,HKY,NC,ASO,ES,Federal Contract Tower,0,2,12,0,14,0,0,60,0,60,0,2,72,0,74,124,0,124,198
12/09/2011,HKY,NC,ASO,ES,Federal Contract Tower,0,2,21,0,23,0,0,43,1,44,0,2,64,1,67,4,0,4,71
12/10/2011,HKY,NC,ASO,ES,Federal Contract Tower,0,0,11,0,11,0,0,74,2,76,0,0,85,2,87,30,0,30,117
12/11/2011,HKY,NC,ASO,ES,Federal Contract Tower,0,0,5,0,5,0,0,38,2,40,0,0,43,2,45,22,0,22,67
12/12/2011,HKY,NC,ASO,ES,Federal Contract Tower,0,0,11,0,11,0,8,31,0,39,0,8,42,0,50,3,0,3,53
12/13/2011,HKY,NC,ASO,ES,Federal Contract Tower,0,2,16,0,18,0,3,54,0,57,0,5,70,0,75,74,0,74,149
12/14/2011,HKY,NC,ASO,ES,Federal Contract Tower,0,2,21,1,24,0,4,44,0,48,0,6,65,1,72,14,0,14,86
12/15/2011,HKY,NC,ASO,ES,Federal Contract Tower,0,1,10,0,11,0,8,44,0,52,0,9,54,0,63,6,0,6,69
12/16/2011,HKY,NC,ASO,ES,Federal Contract Tower,0,0,11,0,11,0,2,8,0,10,0,2,19,0,21,0,0,0,21
12/17/2011,HKY,NC,ASO,ES,Federal Contract Tower,0,0,7,0,7,0,3,29,0,32,0,3,36,0,39,38,0,38,77
12/18/2011,HKY,NC,ASO,ES,Federal Contract Tower,0,0,2,0,2,0,8,25,0,33,0,8,27,0,35,26,0,26,61
12/19/2011,HKY,NC,ASO,ES,Federal Contract Tower,0,0,8,0,8,0,7,38,0,45,0,7,46,0,53,34,0,34,87
12/20/2011,HKY,NC,ASO,ES,Federal Contract Tower,0,3,15,0,18,0,5,29,0,34,0,8,44,0,52,38,0,38,90
12/21/2011,HKY,NC,ASO,ES,Federal Contract Tower,0,2,12,0,14,0,0,3,0,3,0,2,15,0,17,0,0,0,17
12/22/2011,HKY,NC,ASO,ES,Federal Contract Tower,0,0,12,0,12,0,0,0,0,0,0,0,12,0,12,0,0,0,12
12/23/2011,HKY,NC,ASO,ES,Federal Contract Tower,0,2,5,0,7,0,2,33,0,35,0,4,38,0,42,34,0,34,76
12/24/2011,HKY,NC,ASO,ES,Federal Contract Tower,0,0,7,0,7,0,4,18,0,22,0,4,25,0,29,0,0,0,29
12/25/2011,HKY,NC,ASO,ES,Federal Contract Tower,0,2,5,0,7,0,1,0,0,1,0,3,5,0,8,2,0,2,10
12/26/2011,HKY,NC,ASO,ES,Federal Contract Tower,0,2,12,0,14,0,2,42,0,44,0,4,54,0,58,22,0,22,80
12/27/2011,HKY,NC,ASO,ES,Federal Contract Tower,0,1,1,0,2,0,0,1,0,1,0,1,2,0,3,0,0,0,3
12/28/2011,HKY,NC,ASO,ES,Federal Contract Tower,0,0,17,0,17,0,0,27,0,27,0,0,44,0,44,16,0,16,60
12/29/2011,HKY,NC,ASO,ES,Federal Contract Tower,0,0,19,0,19,0,8,40,0,48,0,8,59,0,67,36,0,36,103
12/30/2011,HKY,NC,ASO,ES,Federal Contract Tower,0,0,9,0,9,0,9,29,0,38,0,9,38,0,47,12,0,12,59
12/31/2011,HKY,NC,ASO,ES,Federal Contract Tower,0,0,11,0,11,0,9,40,0,49,0,9,51,0,60,66,0,66,126
01/01/2012,HKY,NC,ASO,ES,Federal Contract Tower,0,2,13,0,15,0,2,30,0,32,0,4,43,0,47,24,0,24,71
01/02/2012,HKY,NC,ASO,ES,Federal Contract Tower,0,0,6,0,6,0,11,9,0,20,0,11,15,0,26,14,0,14,40
01/03/2012,HKY,NC,ASO,ES,Federal Contract Tower,0,4,4,0,8,0,5,5,0,10,0,9,9,0,18,0,0,0,18
01/04/2012,HKY,NC,ASO,ES,Federal Contract Tower,0,0,13,0,13,0,0,35,0,35,0,0,48,0,48,16,0,16,64
01/05/2012,HKY,NC,ASO,ES,Federal Contract Tower,0,0,10,0,10,0,6,54,0,60,0,6,64,0,70,68,0,68,138
01/06/2012,HKY,NC,ASO,ES,Federal Contract Tower,0,0,14,0,14,0,0,76,0,76,0,0,90,0,90,50,0,50,140
01/07/2012,HKY,NC,ASO,ES,Federal Contract Tower,0,2,7,0,9,0,4,77,0,81,0,6,84,0,90,20,0,20,110
01/08/2012,HKY,NC,ASO,ES,Federal Contract Tower,0,0,8,0,8,0,7,30,0,37,0,7,38,0,45,30,0,30,75
01/09/2012,HKY,NC,ASO,ES,Federal Contract Tower,0,2,13,0,15,0,0,0,0,0,0,2,13,0,15,0,0,0,15
01/10/2012,HKY,NC,ASO,ES,Federal Contract Tower,0,3,11,0,14,0,4,32,1,37,0,7,43,1,51,37,0,37,88
01/11/2012,HKY,NC,ASO,ES,Federal Contract Tower,0,0,12,0,12,0,0,0,0,0,0,0,12,0,12,0,0,0,12
01/12/2012,HKY,NC,ASO,ES,Federal Contract Tower,0,0,16,0,16,0,0,49,0,49,0,0,65,0,65,24,0,24,89
01/13/2012,HKY,NC,ASO,ES,Federal Contract Tower,0,1,17,1,19,0,6,27,1,34,0,7,44,2,53,16,0,16,69
01/14/2012,HKY,NC,ASO,ES,Federal Contract Tower,0,0,6,0,6,0,4,41,0,45,0,4,47,0,51,36,0,36,87
01/15/2012,HKY,NC,ASO,ES,Federal Contract Tower,0,4,11,0,15,0,7,20,0,27,0,11,31,0,42,10,0,10,52
01/16/2012,HKY,NC,ASO,ES,Federal Contract Tower,0,3,2,0,5,0,0,35,0,35,0,3,37,0,40,30,0,30,70
01/17/2012,HKY,NC,ASO,ES,Federal Contract Tower,0,3,6,0,9,0,2,5,2,9,0,5,11,2,18,0,0,0,18
01/18/2012,HKY,NC,ASO,ES,Federal Contract Tower,0,0,21,0,21,0,8,45,0,53,0,8,66,0,74,50,0,50,124
01/19/2012,HKY,NC,ASO,ES,Federal Contract Tower,0,0,23,0,23,0,7,76,0,83,0,7,99,0,106,46,0,46,152
01/20/2012,HKY,NC,ASO,ES,Federal Contract Tower,0,1,21,0,22,0,1,65,0,66,0,2,86,0,88,42,0,42,130
01/21/2012,HKY,NC,ASO,ES,Federal Contract Tower,0,0,1,0,1,0,0,0,0,0,0,0,1,0,1,0,0,0,1
01/22/2012,HKY,NC,ASO,ES,Federal Contract Tower,0,0,8,0,8,0,2,0,0,2,0,2,8,0,10,0,0,0,10
01/23/2012,HKY,NC,ASO,ES,Federal Contract Tower,0,0,5,0,5,0,0,0,0,0,0,0,5,0,5,0,0,0,5
01/24/2012,HKY,NC,ASO,ES,Federal Contract Tower,0,2,18,0,20,0,4,40,0,44,0,6,58,0,64,30,0,30,94
01/25/2012,HKY,NC,ASO,ES,Federal Contract Tower,0,0,18,0,18,0,0,49,2,51,0,0,67,2,69,50,0,50,119
01/26/2012,HKY,NC,ASO,ES,Federal Contract Tower,0,1,23,0,24,0,0,0,0,0,0,1,23,0,24,0,0,0,24
01/27/2012,HKY,NC,ASO,ES,Federal Contract Tower,0,0,7,0,7,0,4,21,0,25,0,4,28,0,32,0,0,0,32
01/28/2012,HKY,NC,ASO,ES,Federal Contract Tower,0,0,9,0,9,0,4,91,0,95,0,4,100,0,104,32,0,32,136
01/29/2012,HKY,NC,ASO,ES,Federal Contract Tower,0,0,18,0,18,0,0,41,0,41,0,0,59,0,59,32,0,32,91
01/30/2012,HKY,NC,ASO,ES,Federal Contract Tower,0,2,8,0,10,0,3,47,0,50,0,5,55,0,60,62,0,62,122
01/31/2012,HKY,NC,ASO,ES,Federal Contract Tower,0,5,18,0,23,0,2,67,2,71,0,7,85,2,94,40,0,40,134
02/01/2012,HKY,NC,ASO,ES,Federal Contract Tower,0,0,17,0,17,0,0,50,0,50,0,0,67,0,67,62,0,62,129
02/02/2012,HKY,NC,ASO,ES,Federal Contract Tower,0,0,16,0,16,0,3,45,0,48,0,3,61,0,64,114,0,114,178
02/03/2012,HKY,NC,ASO,ES,Federal Contract Tower,0,0,15,0,15,0,10,60,0,70,0,10,75,0,85,80,0,80,165
02/04/2012,HKY,NC,ASO,ES,Federal Contract Tower,0,1,18,0,19,0,0,2,0,2,0,1,20,0,21,0,0,0,21
02/05/2012,HKY,NC,ASO,ES,Federal Contract Tower,0,0,6,0,6,0,0,0,0,0,0,0,6,0,6,0,0,0,6
02/06/2012,HKY,NC,ASO,ES,Federal Contract Tower,0,4,8,0,12,0,4,44,0,48,0,8,52,0,60,44,0,44,104
02/07/2012,HKY,NC,ASO,ES,Federal Contract Tower,0,1,13,0,14,0,8,56,1,65,0,9,69,1,79,116,0,116,195
02/08/2012,HKY,NC,ASO,ES,Federal Contract Tower,0,0,7,0,7,0,0,29,1,30,0,0,36,1,37,32,0,32,69
02/09/2012,HKY,NC,ASO,ES,Federal Contract Tower,0,2,16,0,18,0,2,41,0,43,0,4,57,0,61,18,0,18,79
02/10/2012,HKY,NC,ASO,ES,Federal Contract Tower,0,0,20,0,20,0,3,42,1,46,0,3,62,1,66,136,0,136,202
02/11/2012,HKY,NC,ASO,ES,Federal Contract Tower,0,1,9,0,10,0,4,8,0,12,0,5,17,0,22,22,0,22,44
02/12/2012,HKY,NC,ASO,ES,Federal Contract Tower,0,2,5,0,7,0,4,8,0,12,0,6,13,0,19,6,0,6,25
02/13/2012,HKY,NC,ASO,ES,Federal Contract Tower,0,0,6,0,6,0,8,27,0,35,0,8,33,0,41,62,0,62,103
02/14/2012,HKY,NC,ASO,ES,Federal Contract Tower,0,0,8,0,8,0,4,32,0,36,0,4,40,0,44,34,0,34,78
02/15/2012,HKY,NC,ASO,ES,Federal Contract Tower,0,0,30,0,30,0,1,45,0,46,0,1,75,0,76,46,0,46,122
02/16/2012,HKY,NC,ASO,ES,Federal Contract Tower,0,1,10,0,11,0,0,3,0,3,0,1,13,0,14,6,0,6,20
02/17/2012,HKY,NC,ASO,ES,Federal Contract Tower,0,0,23,0,23,0,1,71,0,72,0,1,94,0,95,105,0,105,200
02/18/2012,HKY,NC,ASO,ES,Federal Contract Tower,0,0,12,0,12,0,2,38,0,40,0,2,50,0,52,46,0,46,98
02/19/2012,HKY,NC,ASO,ES,Federal Contract Tower,0,0,2,0,2,0,0,2,0,2,0,0,4,0,4,0,0,0,4
02/20/2012,HKY,NC,ASO,ES,Federal Contract Tower,0,2,25,0,27,0,0,54,2,56,0,2,79,2,83,56,0,56,139
02/21/2012,HKY,NC,ASO,ES,Federal Contract Tower,0,0,20,0,20,0,5,45,4,54,0,5,65,4,74,10,0,10,84
02/22/2012,HKY,NC,ASO,ES,Federal Contract Tower,0,0,20,0,20,0,6,51,0,57,0,6,71,0,77,20,0,20,97
02/23/2012,HKY,NC,ASO,ES,Federal Contract Tower,0,0,21,0,21,0,3,35,2,40,0,3,56,2,61,32,0,32,93
02/24/2012,HKY,NC,ASO,ES,Federal Contract Tower,0,2,9,0,11,0,0,12,0,12,0,2,21,0,23,0,0,0,23
02/25/2012,HKY,NC,ASO,ES,Federal Contract Tower,0,0,1,0,1,0,0,17,0,17,0,0,18,0,18,0,0,0,18
02/26/2012,HKY,NC,ASO,ES,Federal Contract Tower,0,2,18,0,20,0,6,56,0,62,0,8,74,0,82,26,0,26,108
02/27/2012,HKY,NC,ASO,ES,Federal Contract Tower,0,1,20,0,21,0,0,43,0,43,0,1,63,0,64,38,0,38,102
02/28/2012,HKY,NC,ASO,ES,Federal Contract Tower,0,2,14,0,16,0,5,45,1,51,0,7,59,1,67,59,0,59,126
02/29/2012,HKY,NC,ASO,ES,Federal Contract Tower,0,0,2,0,2,0,2,0,0,2,0,2,2,0,4,0,0,0,4
03/01/2012,HKY,NC,ASO,ES,Federal Contract Tower,0,0,10,0,10,0,6,42,6,54,0,6,52,6,64,54,0,54,118
03/02/2012,HKY,NC,ASO,ES,Federal Contract Tower,0,0,11,0,11,0,0,17,0,17,0,0,28,0,28,26,0,26,54
03/03/2012,HKY,NC,ASO,ES,Federal Contract Tower,6,0,0,0,6,0,0,60,0,60,6,0,60,0,66,56,0,56,122
03/04/2012,HKY,NC,ASO,ES,Federal Contract Tower,0,2,9,0,11,0,5,25,0,30,0,7,34,0,41,12,0,12,53
03/05/2012,HKY,NC,ASO,ES,Federal Contract Tower,0,0,2,0,2,0,0,0,0,0,0,0,2,0,2,0,0,0,2
03/06/2012,HKY,NC,ASO,ES,Federal Contract Tower,0,0,16,0,16,0,4,65,0,69,0,4,81,0,85,168,0,168,253
03/07/2012,HKY,NC,ASO,ES,Federal Contract Tower,0,0,16,0,16,0,3,37,0,40,0,3,53,0,56,82,0,82,138
03/08/2012,HKY,NC,ASO,ES,Federal Contract Tower,0,2,18,5,25,0,0,45,5,50,0,2,63,10,75,32,2,34,109
03/09/2012,HKY,NC,ASO,ES,Federal Contract Tower,0,0,11,0,11,0,1,28,0,29,0,1,39,0,40,48,0,48,88
03/10/2012,HKY,NC,ASO,ES,Federal Contract Tower,0,0,3,0,3,0,1,61,0,62,0,1,64,0,65,62,0,62,127
03/11/2012,HKY,NC,ASO,ES,Federal Contract Tower,0,0,13,0,13,0,1,43,0,44,0,1,56,0,57,36,0,36,93
03/12/2012,HKY,NC,ASO,ES,Federal Contract Tower,0,3,18,0,21,0,4,42,0,46,0,7,60,0,67,76,0,76,143
03/13/2012,HKY,NC,ASO,ES,Federal Contract Tower,0,2,11,0,13,0,8,46,2,56,0,10,57,2,69,76,0,76,145
03/14/2012,HKY,NC,ASO,ES,Federal Contract Tower,0,2,12,0,14,0,2,50,2,54,0,4,62,2,68,52,0,52,120
03/15/2012,HKY,NC,ASO,ES,Federal Contract Tower,0,0,15,0,15,0,2,48,4,54,0,2,63,4,69,92,0,92,161
03/16/2012,HKY,NC,ASO,ES,Federal Contract Tower,0,0,9,0,9,0,2,44,11,57,0,2,53,11,66,24,0,24,90
03/17/2012,HKY,NC,ASO,ES,Federal Contract Tower,0,0,3,0,3,0,0,29,0,29,0,0,32,0,32,40,0,40,72
03/18/2012,HKY,NC,ASO,ES,Federal Contract Tower,0,0,4,0,4,0,0,9,0,9,0,0,13,0,13,12,0,12,25
03/19/2012,HKY,NC,ASO,ES,Federal Contract Tower,0,2,4,4,10,0,0,45,0,45,0,2,49,4,55,128,0,128,183
03/20/2012,HKY,NC,ASO,ES,Federal Contract Tower,0,2,14,0,16,0,0,36,0,36,0,2,50,0,52,62,0,62,114
03/21/2012,HKY,NC,ASO,ES,Federal Contract Tower,0,2,19,0,21,0,0,37,2,39,0,2,56,2,60,80,0,80,140
03/22/2012,HKY,NC,ASO,ES,Federal Contract Tower,0,3,18,0,21,0,9,28,0,37,0,12,46,0,58,64,0,64,122
03/23/2012,HKY,NC,ASO,ES,Federal Contract Tower,0,0,9,6,15,0,0,37,12,49,0,0,46,18,64,40,0,40,104
03/24/2012,HKY,NC,ASO,ES,Federal Contract Tower,0,0,7,0,7,0,0,12,0,12,0,0,19,0,19,0,0,0,19
03/25/2012,HKY,NC,ASO,ES,Federal Contract Tower,0,0,11,0,11,0,0,9,0,9,0,0,20,0,20,12,0,12,32
03/26/2012,HKY,NC,ASO,ES,Federal Contract Tower,0,2,8,0,10,0,8,46,0,54,0,10,54,0,64,54,0,54,118
03/27/2012,HKY,NC,ASO,ES,Federal Contract Tower,0,2,11,0,13,0,6,73,2,81,0,8,84,2,94,80,0,80,174
03/28/2012,HKY,NC,ASO,ES,Federal Contract Tower,0,6,15,2,23,0,5,36,1,42,0,11,51,3,65,40,2,42,107
03/29/2012,HKY,NC,ASO,ES,Federal Contract Tower,0,6,13,0,19,0,0,72,2,74,0,6,85,2,93,26,0,26,119
03/30/2012,HKY,NC,ASO,ES,Federal Contract Tower,0,0,2,18,20,0,2,51,7,60,0,2,53,25,80,36,0,36,116
03/31/2012,HKY,NC,ASO,ES,Federal Contract Tower,1,0,6,0,7,0,2,42,0,44,1,2,48,0,51,33,0,33,84
04/01/2012,HKY,NC,ASO,ES,Federal Contract Tower,0,3,17,0,20,0,5,36,0,41,0,8,53,0,61,62,0,62,123
04/02/2012,HKY,NC,ASO,ES,Federal Contract Tower,0,2,14,0,16,0,6,33,3,42,0,8,47,3,58,26,0,26,84
04/03/2012,HKY,NC,ASO,ES,Federal Contract Tower,0,0,13,4,17,0,6,49,2,57,0,6,62,6,74,48,0,48,122
04/04/2012,HKY,NC,ASO,ES,Federal Contract Tower,0,2,14,0,16,0,0,41,0,41,0,2,55,0,57,72,0,72,129
04/05/2012,HKY,NC,ASO,ES,Federal Contract Tower,0,5,8,1,14,0,0,27,4,31,0,5,35,5,45,10,0,10,55
04/06/2012,HKY,NC,ASO,ES,Federal Contract Tower,0,0,7,0,7,0,4,32,0,36,0,4,39,0,43,28,0,28,71
04/07/2012,HKY,NC,ASO,ES,Federal Contract Tower,0,0,14,0,14,0,5,110,0,115,0,5,124,0,129,36,0,36,165
04/08/2012,HKY,NC,ASO,ES,Federal Contract Tower,0,0,13,0,13,0,4,27,0,31,0,4,40,0,44,0,0,0,44
04/09/2012,HKY,NC,ASO,ES,Federal Contract Tower,0,0,13,0,13,0,5,57,6,68,0,5,70,6,81,16,0,16,97
04/10/2012,HKY,NC,ASO,ES,Federal Contract Tower,0,0,6,0,6,0,0,28,4,32,0,0,34,4,38,0,0,0,38
04/11/2012,HKY,NC,ASO,ES,Federal Contract Tower,0,1,11,0,12,0,4,22,4,30,0,5,33,4,42,4,0,4,46
04/12/2012,HKY,NC,ASO,ES,Federal Contract Tower,0,3,11,0,14,0,4,49,5,58,0,7,60,5,72,66,0,66,138
04/13/2012,HKY,NC,ASO,ES,Federal Contract Tower,0,2,13,0,15,0,5,71,0,76,0,7,84,0,91,48,0,48,139
04/14/2012,HKY,NC,ASO,ES,Federal Contract Tower,0,0,15,0,15,0,1,39,4,44,0,1,54,4,59,2,10,12,71
04/15/2012,HKY,NC,ASO,ES,Federal Contract Tower,0,2,26,0,28,0,6,49,11,66,0,8,75,11,94,36,10,46,140
04/16/2012,HKY,NC,ASO,ES,Federal Contract Tower,0,0,8,0,8,0,3,21,5,29,0,3,29,5,37,10,0,10,47
04/17/2012,HKY,NC,ASO,ES,Federal Contract Tower,0,2,9,0,11,0,8,48,1,57,0,10,57,1,68,50,0,50,118
04/18/2012,HKY,NC,ASO,ES,Federal Contract Tower,0,1,11,0,12,0,0,0,0,0,0,1,11,0,12,0,0,0,12
04/19/2012,HKY,NC,ASO,ES,Federal Contract Tower,0,6,18,0,24,0,4,37,0,41,0,10,55,0,65,68,0,68,133
04/20/2012,HKY,NC,ASO,ES,Federal Contract Tower,0,0,13,0,13,0,4,49,0,53,0,4,62,0,66,36,2,38,104
04/21/2012,HKY,NC,ASO,ES,Federal Contract Tower,0,2,1,0,3,0,3,34,0,37,0,5,35,0,40,18,0,18,58
04/22/2012,HKY,NC,ASO,ES,Federal Contract Tower,0,6,15,0,21,0,4,18,0,22,0,10,33,0,43,10,0,10,53
04/23/2012,HKY,NC,ASO,ES,Federal Contract Tower,0,0,3,0,3,0,7,4,2,13,0,7,7,2,16,0,0,0,16
04/24/2012,HKY,NC,ASO,ES,Federal Contract Tower,0,6,10,0,16,0,6,30,0,36,0,12,40,0,52,4,0,4,56
04/25/2012,HKY,NC,ASO,ES,Federal Contract Tower,0,3,20,0,23,0,7,40,4,51,0,10,60,4,74,4,0,4,78
04/26/2012,HKY,NC,ASO,ES,Federal Contract Tower,0,4,12,0,16,0,9,19,0,28,0,13,31,0,44,30,0,30,74
04/27/2012,HKY,NC,ASO,ES,Federal Contract Tower,0,0,23,0,23,0,3,59,7,69,0,3,82,7,92,94,0,94,186
04/28/2012,HKY,NC,ASO,ES,Federal Contract Tower,0,0,20,0,20,0,3,36,3,42,0,3,56,3,62,52,0,52,114
04/29/2012,HKY,NC,ASO,ES,Federal Contract Tower,0,2,16,0,18,0,0,40,0,40,0,2,56,0,58,32,0,32,90
04/30/2012,HKY,NC,ASO,ES,Federal Contract Tower,0,4,19,0,23,0,6,30,0,36,0,10,49,0,59,42,0,42,101
05/01/2012,HKY,NC,ASO,ES,Federal Contract Tower,0,2,15,2,19,0,6,74,2,82,0,8,89,4,101,72,0,72,173
05/02/2012,HKY,NC,ASO,ES,Federal Contract Tower,0,0,8,3,11,0,3,59,2,64,0,3,67,5,75,122,10,132,207
05/03/2012,HKY,NC,ASO,ES,Federal Contract Tower,0,7,21,0,28,0,1,70,3,74,0,8,91,3,102,72,0,72,174
05/04/2012,HKY,NC,ASO,ES,Federal Contract Tower,0,2,4,0,6,0,1,46,2,49,0,3,50,2,55,120,0,120,175
05/05/2012,HKY,NC,ASO,ES,Federal Contract Tower,0,0,2,0,2,0,4,61,0,65,0,4,63,0,67,34,0,34,101
05/06/2012,HKY,NC,ASO,ES,Federal Contract Tower,0,2,16,0,18,0,0,15,0,15,0,2,31,0,33,0,0,0,33
05/07/2012,HKY,NC,ASO,ES,Federal Contract Tower,0,0,9,0,9,0,8,8,0,16,0,8,17,0,25,4,0,4,29
05/08/2012,HKY,NC,ASO,ES,Federal Contract Tower,0,0,18,0,18,0,9,6,0,15,0,9,24,0,33,2,0,2,35
05/09/2012,HKY,NC,ASO,ES,Federal Contract Tower,0,2,19,0,21,0,0,1,0,1,0,2,20,0,22,0,0,0,22
05/10/2012,HKY,NC,ASO,ES,Federal Contract Tower,0,3,24,0,27,0,4,59,2,65,0,7,83,2,92,34,0,34,126
05/11/2012,HKY,NC,ASO,ES,Federal Contract Tower,0,1,18,0,19,0,0,58,0,58,0,1,76,0,77,48,0,48,125
05/12/2012,HKY,NC,ASO,ES,Federal Contract Tower,0,1,15,0,16,0,2,41,0,43,0,3,56,0,59,100,0,100,159
05/13/2012,HKY,NC,ASO,ES,Federal Contract Tower,0,1,9,0,10,0,0,10,0,10,0,1,19,0,20,4,0,4,24
05/14/2012,HKY,NC,ASO,ES,Federal Contract Tower,0,0,12,0,12,0,0,0,0,0,0,0,12,0,12,0,0,0,12
05/15/2012,HKY,NC,ASO,ES,Federal Contract Tower,0,6,7,0,13,0,2,0,0,2,0,8,7,0,15,0,0,0,15
05/16/2012,HKY,NC,ASO,ES,Federal Contract Tower,0,1,10,0,11,0,4,31,1,36,0,5,41,1,47,128,0,128,175
05/17/2012,HKY,NC,ASO,ES,Federal Contract Tower,0,6,12,0,18,0,6,24,0,30,0,12,36,0,48,34,0,34,82
05/18/2012,HKY,NC,ASO,ES,Federal Contract Tower,0,1,5,4,10,0,1,26,4,31,0,2,31,8,41,36,0,36,77
05/19/2012,HKY,NC,ASO,ES,Federal Contract Tower,0,1,5,0,6,0,8,34,2,44,0,9,39,2,50,20,0,20,70
05/20/2012,HKY,NC,ASO,ES,Federal Contract Tower,0,2,8,0,10,0,6,30,0,36,0,8,38,0,46,20,0,20,66
05/21/2012,HKY,NC,ASO,ES,Federal Contract Tower,0,2,21,0,23,0,4,22,4,30,0,6,43,4,53,42,0,42,95
05/22/2012,HKY,NC,ASO,ES,Federal Contract Tower,0,3,16,0,19,0,4,23,2,29,0,7,39,2,48,44,0,44,92
05/23/2012,HKY,NC,ASO,ES,Federal Contract Tower,0,4,21,0,25,0,7,35,2,44,0,11,56,2,69,60,0,60,129
05/24/2012,HKY,NC,ASO,ES,Federal Contract Tower,0,2,33,0,35,0,3,60,0,63,0,5,93,0,98,88,0,88,186
05/25/2012,HKY,NC,ASO,ES,Federal Contract Tower,0,0,8,0,8,0,4,35,2,41,0,4,43,2,49,48,6,54,103
05/26/2012,HKY,NC,ASO,ES,Federal Contract Tower,0,0,15,0,15,0,3,54,0,57,0,3,69,0,72,50,0,50,122
05/27/2012,HKY,NC,ASO,ES,Federal Contract Tower,0,1,5,0,6,0,0,37,0,37,0,1,42,0,43,8,0,8,51
05/28/2012,HKY,NC,ASO,ES,Federal Contract Tower,0,1,7,0,8,0,2,26,0,28,0,3,33,0,36,64,0,64,100
05/29/2012,HKY,NC,ASO,ES,Federal Contract Tower,0,2,17,0,19,0,0,19,0,19,0,2,36,0,38,38,0,38,76
05/30/2012,HKY,NC,ASO,ES,Federal Contract Tower,0,2,21,0,23,0,3,30,0,33,0,5,51,0,56,68,2,70,126
05/31/2012,HKY,NC,ASO,ES,Federal Contract Tower,0,2,18,2,22,0,0,52,4,56,0,2,70,6,78,70,2,72,150
06/01/2012,HKY,NC,ASO,ES,Federal Contract Tower,0,2,9,0,11,0,2,12,0,14,0,4,21,0,25,14,0,14,39
06/02/2012,HKY,NC,ASO,ES,Federal Contract Tower,0,2,15,1,18,0,4,67,1,72,0,6,82,2,90,28,2,30,120
06/03/2012,HKY,NC,ASO,ES,Federal Contract Tower,0,0,9,0,9,0,10,25,0,35,0,10,34,0,44,10,0,10,54
06/04/2012,HKY,NC,ASO,ES,Federal Contract Tower,0,1,4,0,5,0,0,37,1,38,0,1,41,1,43,108,0,108,151
06/05/2012,HKY,NC,ASO,ES,Federal Contract Tower,0,0,12,0,12,0,14,33,2,49,0,14,45,2,61,86,0,86,147
06/06/2012,HKY,NC,ASO,ES,Federal Contract Tower,0,0,14,0,14,0,2,10,1,13,0,2,24,1,27,52,0,52,79
06/07/2012,HKY,NC,ASO,ES,Federal Contract Tower,0,2,7,0,9,0,2,38,5,45,0,4,45,5,54,66,8,74,128
06/08/2012,HKY,NC,ASO,ES,Federal Contract Tower,0,0,24,0,24,0,11,38,0,49,0,11,62,0,73,28,0,28,101
06/09/2012,HKY,NC,ASO,ES,Federal Contract Tower,0,0,2,3,5,0,1,42,2,45,0,1,44,5,50,16,0,16,66
06/10/2012,HKY,NC,ASO,ES,Federal Contract Tower,0,0,14,0,14,0,4,29,0,33,0,4,43,0,47,36,0,36,83
06/11/2012,HKY,NC,ASO,ES,Federal Contract Tower,0,3,9,0,12,0,0,5,0,5,0,3,14,0,17,2,0,2,19
06/12/2012,HKY,NC,ASO,ES,Federal Contract Tower,0,4,16,0,20,0,6,10,0,16,0,10,26,0,36,24,0,24,60
06/13/2012,HKY,NC,ASO,ES,Federal Contract Tower,0,0,20,0,20,0,4,57,0,61,0,4,77,0,81,114,0,114,195
06/14/2012,HKY,NC,ASO,ES,Federal Contract Tower,0,2,13,0,15,0,6,41,2,49,0,8,54,2,64,56,0,56,120
06/15/2012,HKY,NC,ASO,ES,Federal Contract Tower,0,0,29,0,29,0,4,36,5,45,0,4,65,5,74,18,8,26,100
06/16/2012,HKY,NC,ASO,ES,Federal Contract Tower,0,0,12,0,12,0,3,34,0,37,0,3,46,0,49,60,0,60,109
06/17/2012,HKY,NC,ASO,ES,Federal Contract Tower,0,2,12,0,14,0,6,18,2,26,0,8,30,2,40,10,0,10,50
06/18/2012,HKY,NC,ASO,ES,Federal Contract Tower,0,4,10,0,14,0,0,39,0,39,0,4,49,0,53,38,0,38,91
06/19/2012,HKY,NC,ASO,ES,Federal Contract Tower,0,2,14,0,16,0,0,44,1,45,0,2,58,1,61,54,0,54,115
06/20/2012,HKY,NC,ASO,ES,Federal Contract Tower,0,0,17,6,23,0,2,36,0,38,0,2,53,6,61,32,0,32,93
06/21/2012,HKY,NC,ASO,ES,Federal Contract Tower,0,0,30,4,34,0,9,52,0,61,0,9,82,4,95,42,0,42,137
06/22/2012,HKY,NC,ASO,ES,Federal Contract Tower,0,1,13,0,14,0,2,36,2,40,0,3,49,2,54,72,0,72,126
06/23/2012,HKY,NC,ASO,ES,Federal Contract Tower,0,5,13,0,18,0,2,60,0,62,0,7,73,0,80,62,0,62,142
06/24/2012,HKY,NC,ASO,ES,Federal Contract Tower,0,3,9,0,12,0,2,8,0,10,0,5,17,0,22,18,0,18,40
06/25/2012,HKY,NC,ASO,ES,Federal Contract Tower,0,2,10,0,12,0,6,45,0,51,0,8,55,0,63,76,0,76,139
06/26/2012,HKY,NC,ASO,ES,Federal Contract Tower,0,3,17,2,22,0,8,51,2,61,0,11,68,4,83,36,0,36,119
06/27/2012,HKY,NC,ASO,ES,Federal Contract Tower,0,8,20,0,28,0,4,50,5,59,0,12,70,5,87,80,0,80,167
06/28/2012,HKY,NC,ASO,ES,Federal Contract Tower,0,3,27,0,30,0,0,53,1,54,0,3,80,1,84,58,0,58,142
06/29/2012,HKY,NC,ASO,ES,Federal Contract Tower,0,0,20,0,20,0,2,42,0,44,0,2,62,0,64,60,0,60,124
06/30/2012,HKY,NC,ASO,ES,Federal Contract Tower,0,4,9,0,13,0,1,54,0,55,0,5,63,0,68,24,0,24,92
07/01/2012,HKY,NC,ASO,ES,Federal Contract Tower,0,0,4,0,4,0,6,12,0,18,0,6,16,0,22,24,0,24,46
07/02/2012,HKY,NC,ASO,ES,Federal Contract Tower,0,2,10,0,12,0,6,27,0,33,0,8,37,0,45,48,0,48,93
07/03/2012,HKY,NC,ASO,ES,Federal Contract Tower,0,0,20,0,20,0,4,38,0,42,0,4,58,0,62,22,0,22,84
07/04/2012,HKY,NC,ASO,ES,Federal Contract Tower,0,1,2,0,3,0,1,21,0,22,0,2,23,0,25,30,0,30,55
07/05/2012,HKY,NC,ASO,ES,Federal Contract Tower,0,1,7,0,8,0,0,22,6,28,0,1,29,6,36,40,6,46,82
07/06/2012,HKY,NC,ASO,ES,Federal Contract Tower,0,0,12,0,12,0,2,55,0,57,0,2,67,0,69,54,0,54,123
07/07/2012,HKY,NC,ASO,ES,Federal Contract Tower,0,0,5,0,5,0,5,84,0,89,0,5,89,0,94,42,0,42,136
07/08/2012,HKY,NC,ASO,ES,Federal Contract Tower,0,0,23,0,23,0,4,27,0,31,0,4,50,0,54,26,0,26,80
07/09/2012,HKY,NC,ASO,ES,Federal Contract Tower,0,2,6,0,8,0,3,38,0,41,0,5,44,0,49,16,0,16,65
07/10/2012,HKY,NC,ASO,ES,Federal Contract Tower,0,0,14,0,14,0,1,41,3,45,0,1,55,3,59,70,0,70,129
07/11/2012,HKY,NC,ASO,ES,Federal Contract Tower,0,4,13,0,17,0,0,14,0,14,0,4,27,0,31,12,0,12,43
07/12/2012,HKY,NC,ASO,ES,Federal Contract Tower,0,2,20,0,22,0,0,101,0,101,0,2,121,0,123,2,0,2,125
07/13/2012,HKY,NC,ASO,ES,Federal Contract Tower,0,2,7,0,9,0,0,8,0,8,0,2,15,0,17,60,0,60,77
07/14/2012,HKY,NC,ASO,ES,Federal Contract Tower,0,0,7,4,11,0,1,32,0,33,0,1,39,4,44,24,8,32,76
07/15/2012,HKY,NC,ASO,ES,Federal Contract Tower,0,2,8,0,10,0,5,31,0,36,0,7,39,0,46,46,0,46,92
07/16/2012,HKY,NC,ASO,ES,Federal Contract Tower,0,0,25,0,25,0,0,49,2,51,0,0,74,2,76,100,2,102,178
07/17/2012,HKY,NC,ASO,ES,Federal Contract Tower,0,0,16,1,17,0,0,76,4,80,0,0,92,5,97,76,20,96,193
07/18/2012,HKY,NC,ASO,ES,Federal Contract Tower,0,0,18,0,18,0,4,51,0,55,0,4,69,0,73,34,2,36,109
07/19/2012,HKY,NC,ASO,ES,Federal Contract Tower,0,1,44,3,48,0,2,29,4,35,0,3,73,7,83,38,8,46,129
07/20/2012,HKY,NC,ASO,ES,Federal Contract Tower,0,2,17,0,19,0,4,27,0,31,0,6,44,0,50,28,0,28,78
07/21/2012,HKY,NC,ASO,ES,Federal Contract Tower,0,0,10,0,10,0,2,26,2,30,0,2,36,2,40,16,0,16,56
07/22/2012,HKY,NC,ASO,ES,Federal Contract Tower,0,2,18,0,20,0,6,19,2,27,0,8,37,2,47,24,0,24,71
07/23/2012,HKY,NC,ASO,ES,Federal Contract Tower,0,4,19,0,23,0,3,44,5,52,0,7,63,5,75,76,0,76,151
07/24/2012,HKY,NC,ASO,ES,Federal Contract Tower,0,4,16,0,20,0,3,22,8,33,0,7,38,8,53,6,0,6,59
07/25/2012,HKY,NC,ASO,ES,Federal Contract Tower,0,9,23,0,32,0,4,16,0,20,0,13,39,0,52,22,0,22,74
07/26/2012,HKY,NC,ASO,ES,Federal Contract Tower,0,13,19,0,32,0,3,38,14,55,0,16,57,14,87,42,6,48,135
07/27/2012,HKY,NC,ASO,ES,Federal Contract Tower,0,5,10,0,15,0,6,29,4,39,0,11,39,4,54,52,0,52,106
07/28/2012,HKY,NC,ASO,ES,Federal Contract Tower,0,4,6,0,10,0,2,30,0,32,0,6,36,0,42,38,0,38,80
07/29/2012,HKY,NC,ASO,ES,Federal Contract Tower,0,8,34,0,42,0,2,36,0,38,0,10,70,0,80,16,0,16,96
07/30/2012,HKY,NC,ASO,ES,Federal Contract Tower,0,1,10,0,11,0,9,30,4,43,0,10,40,4,54,112,0,112,166
07/31/2012,HKY,NC,ASO,ES,Federal Contract Tower,0,2,15,6,23,0,0,26,2,28,0,2,41,8,51,0,0,0,51
08/01/2012,HKY,NC,ASO,ES,Federal Contract Tower,0,6,17,5,28,0,3,56,1,60,0,9,73,6,88,36,0,36,124
08/02/2012,HKY,NC,ASO,ES,Federal Contract Tower,0,3,20,0,23,0,0,40,0,40,0,3,60,0,63,44,0,44,107
08/03/2012,HKY,NC,ASO,ES,Federal Contract Tower,0,3,17,0,20,0,2,29,0,31,0,5,46,0,51,10,0,10,61
08/04/2012,HKY,NC,ASO,ES,Federal Contract Tower,0,2,11,0,13,0,6,76,0,82,0,8,87,0,95,52,0,52,147
08/05/2012,HKY,NC,ASO,ES,Federal Contract Tower,0,7,15,0,22,0,5,29,0,34,0,12,44,0,56,38,0,38,94
08/06/2012,HKY,NC,ASO,ES,Federal Contract Tower,0,1,2,0,3,0,2,19,0,21,0,3,21,0,24,90,0,90,114
08/07/2012,HKY,NC,ASO,ES,Federal Contract Tower,0,0,15,0,15,0,2,5,0,7,0,2,20,0,22,6,0,6,28
08/08/2012,HKY,NC,ASO,ES,Federal Contract Tower,0,4,7,0,11,0,4,24,0,28,0,8,31,0,39,70,0,70,109
08/09/2012,HKY,NC,ASO,ES,Federal Contract Tower,0,10,21,0,31,0,2,39,0,41,0,12,60,0,72,12,0,12,84
08/10/2012,HKY,NC,ASO,ES,Federal Contract Tower,0,4,9,0,13,0,4,17,0,21,0,8,26,0,34,16,0,16,50
08/11/2012,HKY,NC,ASO,ES,Federal Contract Tower,0,4,5,0,9,0,0,15,0,15,0,4,20,0,24,2,0,2,26
08/12/2012,HKY,NC,ASO,ES,Federal Contract Tower,0,0,9,0,9,0,2,45,0,47,0,2,54,0,56,24,0,24,80
08/13/2012,HKY,NC,ASO,ES,Federal Contract Tower,0,5,19,0,24,0,6,70,0,76,0,11,89,0,100,58,0,58,158
08/14/2012,HKY,NC,ASO,ES,Federal Contract Tower,0,0,27,0,27,0,4,35,0,39,0,4,62,0,66,42,0,42,108
08/15/2012,HKY,NC,ASO,ES,Federal Contract Tower,0,12,6,0,18,0,2,27,0,29,0,14,33,0,47,74,0,74,121
08/16/2012,HKY,NC,ASO,ES,Federal Contract Tower,0,5,21,0,26,0,4,41,0,45,0,9,62,0,71,48,0,48,119
08/17/2012,HKY,NC,ASO,ES,Federal Contract Tower,0,0,17,0,17,0,1,34,0,35,0,1,51,0,52,60,0,60,112
08/18/2012,HKY,NC,ASO,ES,Federal Contract Tower,0,1,15,0,16,0,6,70,2,78,0,7,85,2,94,22,0,22,116
08/19/2012,HKY,NC,ASO,ES,Federal Contract Tower,0,0,8,0,8,0,2,4,0,6,0,2,12,0,14,2,0,2,16
08/20/2012,HKY,NC,ASO,ES,Federal Contract Tower,0,0,34,0,34,0,4,26,0,30,0,4,60,0,64,34,0,34,98
08/21/2012,HKY,NC,ASO,ES,Federal Contract Tower,0,2,7,0,9,0,0,47,0,47,0,2,54,0,56,60,0,60,116
08/22/2012,HKY,NC,ASO,ES,Federal Contract Tower,0,2,16,0,18,0,3,28,0,31,0,5,44,0,49,52,0,52,101
08/23/2012,HKY,NC,ASO,ES,Federal Contract Tower,0,3,18,2,23,0,2,44,0,46,0,5,62,2,69,46,0,46,115
08/24/2012,HKY,NC,ASO,ES,Federal Contract Tower,0,7,16,0,23,0,1,51,2,54,0,8,67,2,77,66,0,66,143
08/25/2012,HKY,NC,ASO,ES,Federal Contract Tower,0,7,15,0,22,0,3,46,0,49,0,10,61,0,71,120,0,120,191
08/26/2012,HKY,NC,ASO,ES,Federal Contract Tower,0,0,17,0,17,0,6,42,2,50,0,6,59,2,67,20,0,20,87
08/27/2012,HKY,NC,ASO,ES,Federal Contract Tower,0,0,12,0,12,0,11,87,0,98,0,11,99,0,110,84,0,84,194
08/28/2012,HKY,NC,ASO,ES,Federal Contract Tower,1,8,10,0,19,0,3,41,2,46,1,11,51,2,65,66,0,66,131
08/29/2012,HKY,NC,ASO,ES,Federal Contract Tower,0,0,10,0,10,0,1,28,0,29,0,1,38,0,39,52,0,52,91
08/30/2012,HKY,NC,ASO,ES,Federal Contract Tower,0,0,8,0,8,0,0,22,5,27,0,0,30,5,35,26,0,26,61
08/31/2012,HKY,NC,ASO,ES,Federal Contract Tower,0,0,25,0,25,0,3,31,0,34,0,3,56,0,59,34,0,34,93
09/01/2012,HKY,NC,ASO,ES,Federal Contract Tower,0,0,12,0,12,0,13,64,1,78,0,13,76,1,90,30,0,30,120
09/02/2012,HKY,NC,ASO,ES,Federal Contract Tower,0,0,6,0,6,0,4,29,0,33,0,4,35,0,39,8,0,8,47
09/03/2012,HKY,NC,ASO,ES,Federal Contract Tower,0,5,12,0,17,0,0,9,0,9,0,5,21,0,26,0,0,0,26
09/04/2012,HKY,NC,ASO,ES,Federal Contract Tower,0,3,33,0,36,0,0,5,0,5,0,3,38,0,41,4,0,4,45
09/05/2012,HKY,NC,ASO,ES,Federal Contract Tower,0,6,16,0,22,0,2,14,5,21,0,8,30,5,43,20,0,20,63
09/06/2012,HKY,NC,ASO,ES,Federal Contract Tower,0,10,11,1,22,0,0,21,0,21,0,10,32,1,43,30,0,30,73
09/07/2012,HKY,NC,ASO,ES,Federal Contract Tower,0,7,13,0,20,0,6,39,5,50,0,13,52,5,70,72,0,72,142
09/08/2012,HKY,NC,ASO,ES,Federal Contract Tower,0,3,7,2,12,0,0,10,1,11,0,3,17,3,23,14,0,14,37
09/09/2012,HKY,NC,ASO,ES,Federal Contract Tower,0,4,12,2,18,0,2,27,0,29,0,6,39,2,47,26,0,26,73
09/10/2012,HKY,NC,ASO,ES,Federal Contract Tower,0,1,16,2,19,0,7,48,2,57,0,8,64,4,76,64,0,64,140
09/11/2012,HKY,NC,ASO,ES,Federal Contract Tower,0,0,9,0,9,0,3,43,0,46,0,3,52,0,55,18,0,18,73
09/12/2012,HKY,NC,ASO,ES,Federal Contract Tower,0,2,13,0,15,0,2,46,2,50,0,4,59,2,65,50,0,50,115
09/13/2012,HKY,NC,ASO,ES,Federal Contract Tower,0,0,10,0,10,0,2,66,0,68,0,2,76,0,78,86,0,86,164
09/14/2012,HKY,NC,ASO,ES,Federal Contract Tower,0,8,9,0,17,0,3,56,2,61,0,11,65,2,78,102,8,110,188
09/15/2012,HKY,NC,ASO,ES,Federal Contract Tower,0,6,1,0,7,0,5,67,2,74,0,11,68,2,81,56,0,56,137
09/16/2012,HKY,NC,ASO,ES,Federal Contract Tower,0,5,22,4,31,0,0,0,0,0,0,5,22,4,31,0,0,0,31
09/17/2012,HKY,NC,ASO,ES,Federal Contract Tower,0,0,6,0,6,0,0,0,0,0,0,0,6,0,6,36,0,36,42
09/18/2012,HKY,NC,ASO,ES,Federal Contract Tower,0,2,11,2,15,0,2,2,0,4,0,4,13,2,19,22,0,22,41
09/19/2012,HKY,NC,ASO,ES,Federal Contract Tower,0,0,15,0,15,0,2,45,0,47,0,2,60,0,62,130,0,130,192
09/20/2012,HKY,NC,ASO,ES,Federal Contract Tower,0,2,15,0,17,0,0,48,2,50,0,2,63,2,67,40,0,40,107
09/21/2012,HKY,NC,ASO,ES,Federal Contract Tower,0,2,9,0,11,0,2,42,3,47,0,4,51,3,58,76,0,76,134
09/22/2012,HKY,NC,ASO,ES,Federal Contract Tower,0,1,7,0,8,0,2,34,0,36,0,3,41,0,44,40,0,40,84
09/23/2012,HKY,NC,ASO,ES,Federal Contract Tower,0,2,6,0,8,0,4,35,0,39,0,6,41,0,47,38,0,38,85
09/24/2012,HKY,NC,ASO,ES,Federal Contract Tower,0,0,18,4,22,0,2,57,0,59,0,2,75,4,81,45,14,59,140
09/25/2012,HKY,NC,ASO,ES,Federal Contract Tower,0,1,13,0,14,0,8,50,1,59,0,9,63,1,73,66,0,66,139
09/26/2012,HKY,NC,ASO,ES,Federal Contract Tower,0,12,40,4,56,0,3,52,0,55,0,15,92,4,111,66,0,66,177
09/27/2012,HKY,NC,ASO,ES,Federal Contract Tower,0,2,22,2,26,0,1,67,3,71,0,3,89,5,97,94,0,94,191
09/28/2012,HKY,NC,ASO,ES,Federal Contract Tower,0,1,15,0,16,0,2,31,0,33,0,3,46,0,49,56,0,56,105
09/29/2012,HKY,NC,ASO,ES,Federal Contract Tower,0,0,6,0,6,0,0,0,0,0,0,0,6,0,6,0,0,0,6
09/30/2012,HKY,NC,ASO,ES,Federal Contract Tower,0,4,4,0,8,0,2,25,0,27,0,6,29,0,35,12,0,12,47
10/01/2012,HKY,NC,ASO,ES,Federal Contract Tower,0,2,17,0,19,0,0,0,0,0,0,2,17,0,19,4,0,4,23
10/02/2012,HKY,NC,ASO,ES,Federal Contract Tower,0,2,13,0,15,0,2,11,0,13,0,4,24,0,28,10,0,10,38
10/03/2012,HKY,NC,ASO,ES,Federal Contract Tower,0,0,16,0,16,0,0,51,1,52,0,0,67,1,68,66,0,66,134
10/04/2012,HKY,NC,ASO,ES,Federal Contract Tower,0,5,9,0,14,0,24,37,1,62,0,29,46,1,76,32,0,32,108
10/05/2012,HKY,NC,ASO,ES,Federal Contract Tower,0,4,6,0,10,0,1,52,0,53,0,5,58,0,63,86,0,86,149
10/06/2012,HKY,NC,ASO,ES,Federal Contract Tower,0,5,4,0,9,0,2,122,1,125,0,7,126,1,134,8,0,8,142
10/07/2012,HKY,NC,ASO,ES,Federal Contract Tower,0,2,7,0,9,0,2,0,2,4,0,4,7,2,13,0,0,0,13
10/08/2012,HKY,NC,ASO,ES,Federal Contract Tower,0,2,18,0,20,0,0,25,0,25,0,2,43,0,45,90,0,90,135
10/09/2012,HKY,NC,ASO,ES,Federal Contract Tower,0,4,28,2,34,0,3,22,1,26,0,7,50,3,60,32,0,32,92
10/10/2012,HKY,NC,ASO,ES,Federal Contract Tower,0,0,18,0,18,0,3,64,9,76,0,3,82,9,94,50,0,50,144
10/11/2012,HKY,NC,ASO,ES,Federal Contract Tower,0,7,8,0,15,0,0,76,4,80,0,7,84,4,95,104,0,104,199
10/12/2012,HKY,NC,ASO,ES,Federal Contract Tower,0,2,13,5,20,0,7,56,34,97,0,9,69,39,117,54,8,62,179
10/13/2012,HKY,NC,ASO,ES,Federal Contract Tower,0,1,12,0,13,0,2,66,1,69,0,3,78,1,82,24,0,24,106
10/14/2012,HKY,NC,ASO,ES,Federal Contract Tower,0,4,16,0,20,0,0,0,0,0,0,4,16,0,20,62,0,62,82
10/15/2012,HKY,NC,ASO,ES,Federal Contract Tower,0,2,10,0,12,0,2,11,0,13,0,4,21,0,25,18,0,18,43
10/16/2012,HKY,NC,ASO,ES,Federal Contract Tower,0,2,14,2,18,0,4,50,6,60,0,6,64,8,78,40,0,40,118
10/17/2012,HKY,NC,ASO,ES,Federal Contract Tower,0,7,5,0,12,0,0,42,14,56,0,7,47,14,68,110,0,110,178
10/18/2012,HKY,NC,ASO,ES,Federal Contract Tower,0,3,18,0,21,0,0,15,2,17,0,3,33,2,38,24,0,24,62
10/19/2012,HKY,NC,ASO,ES,Federal Contract Tower,0,3,18,1,22,0,2,39,3,44,0,5,57,4,66,94,0,94,160
10/20/2012,HKY,NC,ASO,ES,Federal Contract Tower,0,1,7,0,8,0,2,45,6,53,0,3,52,6,61,30,4,34,95
10/21/2012,HKY,NC,ASO,ES,Federal Contract Tower,0,1,26,1,28,0,7,44,3,54,0,8,70,4,82,28,0,28,110
10/22/2012,HKY,NC,ASO,ES,Federal Contract Tower,0,2,15,0,17,0,3,55,4,62,0,5,70,4,79,26,0,26,105
10/23/2012,HKY,NC,ASO,ES,Federal Contract Tower,0,5,8,0,13,0,5,60,3,68,0,10,68,3,81,28,0,28,109
10/24/2012,HKY,NC,ASO,ES,Federal Contract Tower,0,6,6,0,12,0,1,29,10,40,0,7,35,10,52,76,2,78,130
10/25/2012,HKY,NC,ASO,ES,Federal Contract Tower,0,6,11,6,23,0,0,48,4,52,0,6,59,10,75,60,4,64,139
10/26/2012,HKY,NC,ASO,ES,Federal Contract Tower,0,7,10,0,17,0,5,37,1,43,0,12,47,1,60,56,0,56,116
10/27/2012,HKY,NC,ASO,ES,Federal Contract Tower,0,1,17,0,18,0,4,22,2,28,0,5,39,2,46,56,0,56,102
10/28/2012,HKY,NC,ASO,ES,Federal Contract Tower,0,4,4,0,8,0,0,3,0,3,0,4,7,0,11,2,0,2,13
10/29/2012,HKY,NC,ASO,ES,Federal Contract Tower,0,0,9,0,9,0,0,1,0,1,0,0,10,0,10,2,0,2,12
10/30/2012,HKY,NC,ASO,ES,Federal Contract Tower,0,6,8,0,14,0,5,8,0,13,0,11,16,0,27,0,6,6,33
10/31/2012,HKY,NC,ASO,ES,Federal Contract Tower,0,1,8,0,9,0,0,12,6,18,0,1,20,6,27,2,0,2,29
11/01/2012,HKY,NC,ASO,ES,Federal Contract Tower,0,4,7,0,11,0,3,23,0,26,0,7,30,0,37,18,0,18,55
11/02/2012,HKY,NC,ASO,ES,Federal Contract Tower,0,2,7,0,9,0,4,30,0,34,0,6,37,0,43,22,0,22,65
11/03/2012,HKY,NC,ASO,ES,Federal Contract Tower,0,6,12,0,18,0,0,128,2,130,0,6,140,2,148,0,0,0,148
11/04/2012,HKY,NC,ASO,ES,Federal Contract Tower,0,1,5,0,6,0,3,9,0,12,0,4,14,0,18,0,0,0,18
11/05/2012,HKY,NC,ASO,ES,Federal Contract Tower,0,0,10,0,10,0,10,31,4,45,0,10,41,4,55,48,0,48,103
11/06/2012,HKY,NC,ASO,ES,Federal Contract Tower,0,0,9,0,9,0,0,3,0,3,0,0,12,0,12,0,0,0,12
11/07/2012,HKY,NC,ASO,ES,Federal Contract Tower,0,4,11,0,15,0,1,19,0,20,0,5,30,0,35,66,0,66,101
11/08/2012,HKY,NC,ASO,ES,Federal Contract Tower,0,4,8,3,15,0,4,34,13,51,0,8,42,16,66,32,10,42,108
11/09/2012,HKY,NC,ASO,ES,Federal Contract Tower,0,2,15,0,17,0,2,72,13,87,0,4,87,13,104,134,0,134,238
11/10/2012,HKY,NC,ASO,ES,Federal Contract Tower,0,2,10,1,13,0,3,69,14,86,0,5,79,15,99,74,0,74,173
11/11/2012,HKY,NC,ASO,ES,Federal Contract Tower,0,3,6,0,9,0,5,29,8,42,0,8,35,8,51,16,0,16,67
11/12/2012,HKY,NC,ASO,ES,Federal Contract Tower,0,2,20,0,22,0,2,6,0,8,0,4,26,0,30,0,0,0,30
11/13/2012,HKY,NC,ASO,ES,Federal Contract Tower,0,4,16,0,20,0,2,44,0,46,0,6,60,0,66,50,0,50,116
11/14/2012,HKY,NC,ASO,ES,Federal Contract Tower,0,2,19,0,21,0,2,58,2,62,0,4,77,2,83,60,0,60,143
11/15/2012,HKY,NC,ASO,ES,Federal Contract Tower,0,4,31,0,35,0,6,64,2,72,0,10,95,2,107,76,0,76,183
11/16/2012,HKY,NC,ASO,ES,Federal Contract Tower,0,1,7,0,8,0,4,47,1,52,0,5,54,1,60,72,0,72,132
11/17/2012,HKY,NC,ASO,ES,Federal Contract Tower,0,5,4,0,9,0,4,26,5,35,0,9,30,5,44,34,0,34,78
11/18/2012,HKY,NC,ASO,ES,Federal Contract Tower,0,0,10,0,10,0,2,13,0,15,0,2,23,0,25,0,0,0,25
11/19/2012,HKY,NC,ASO,ES,Federal Contract Tower,0,3,10,0,13,0,2,20,10,32,0,5,30,10,45,42,16,58,103
11/20/2012,HKY,NC,ASO,ES,Federal Contract Tower,0,6,21,0,27,0,11,51,4,66,0,17,72,4,93,94,0,94,187
11/21/2012,HKY,NC,ASO,ES,Federal Contract Tower,0,6,13,0,19,0,1,56,8,65,0,7,69,8,84,60,0,60,144
11/22/2012,HKY,NC,ASO,ES,Federal Contract Tower,0,3,3,0,6,0,6,25,2,33,0,9,28,2,39,20,0,20,59
11/23/2012,HKY,NC,ASO,ES,Federal Contract Tower,0,0,15,0,15,0,1,37,4,42,0,1,52,4,57,28,0,28,85
11/24/2012,HKY,NC,ASO,ES,Federal Contract Tower,0,0,1,0,1,0,1,13,6,20,0,1,14,6,21,4,0,4,25
11/25/2012,HKY,NC,ASO,ES,Federal Contract Tower,0,9,8,0,17,0,0,0,0,0,0,9,8,0,17,0,0,0,17
11/26/2012,HKY,NC,ASO,ES,Federal Contract Tower,0,4,16,0,20,0,3,37,6,46,0,7,53,6,66,20,2,22,88
11/27/2012,HKY,NC,ASO,ES,Federal Contract Tower,0,2,16,0,18,0,3,23,4,30,0,5,39,4,48,18,0,18,66
11/28/2012,HKY,NC,ASO,ES,Federal Contract Tower,0,0,10,2,12,0,2,34,12,48,0,2,44,14,60,24,0,24,84
11/29/2012,HKY,NC,ASO,ES,Federal Contract Tower,0,6,8,0,14,0,0,60,5,65,0,6,68,5,79,76,0,76,155
11/30/2012,HKY,NC,ASO,ES,Federal Contract Tower,0,3,12,0,15,0,2,60,5,67,0,5,72,5,82,32,0,32,114
12/01/2012,HKY,NC,ASO,ES,Federal Contract Tower,0,0,9,0,9,0,3,109,5,117,0,3,118,5,126,44,0,44,170
12/02/2012,HKY,NC,ASO,ES,Federal Contract Tower,0,1,13,3,17,0,4,43,4,51,0,5,56,7,68,6,0,6,74
12/03/2012,HKY,NC,ASO,ES,Federal Contract Tower,0,2,15,0,17,0,0,0,0,0,0,2,15,0,17,58,0,58,75
12/04/2012,HKY,NC,ASO,ES,Federal Contract Tower,0,3,14,0,17,0,0,0,0,0,0,3,14,0,17,70,0,70,87
12/05/2012,HKY,NC,ASO,ES,Federal Contract Tower,0,5,23,0,28,0,0,12,6,18,0,5,35,6,46,50,0,50,96
12/06/2012,HKY,NC,ASO,ES,Federal Contract Tower,0,4,8,0,12,0,0,42,2,44,0,4,50,2,56,104,0,104,160
12/07/2012,HKY,NC,ASO,ES,Federal Contract Tower,0,4,7,0,11,0,2,16,3,21,0,6,23,3,32,64,0,64,96
12/08/2012,HKY,NC,ASO,ES,Federal Contract Tower,0,0,11,0,11,0,4,36,2,42,0,4,47,2,53,60,0,60,113
12/09/2012,HKY,NC,ASO,ES,Federal Contract Tower,0,0,16,0,16,0,1,3,0,4,0,1,19,0,20,0,0,0,20
12/10/2012,HKY,NC,ASO,ES,Federal Contract Tower,0,1,4,0,5,0,4,2,0,6,0,5,6,0,11,0,0,0,11
12/11/2012,HKY,NC,ASO,ES,Federal Contract Tower,0,0,9,0,9,0,4,27,0,31,0,4,36,0,40,52,0,52,92
12/12/2012,HKY,NC,ASO,ES,Federal Contract Tower,0,1,9,0,10,0,3,32,14,49,0,4,41,14,59,36,2,38,97
12/13/2012,HKY,NC,ASO,ES,Federal Contract Tower,0,1,5,0,6,0,1,46,0,47,0,2,51,0,53,46,0,46,99
12/14/2012,HKY,NC,ASO,ES,Federal Contract Tower,0,1,18,0,19,0,2,73,5,80,0,3,91,5,99,6,0,6,105
12/15/2012,HKY,NC,ASO,ES,Federal Contract Tower,0,0,9,0,9,0,2,64,0,66,0,2,73,0,75,92,0,92,167
12/16/2012,HKY,NC,ASO,ES,Federal Contract Tower,0,2,8,0,10,0,0,2,0,2,0,2,10,0,12,10,0,10,22
12/17/2012,HKY,NC,ASO,ES,Federal Contract Tower,0,0,5,0,5,0,0,0,0,0,0,0,5,0,5,0,0,0,5
12/18/2012,HKY,NC,ASO,ES,Federal Contract Tower,0,3,10,0,13,0,7,18,0,25,0,10,28,0,38,26,0,26,64
12/19/2012,HKY,NC,ASO,ES,Federal Contract Tower,0,4,9,0,13,0,7,61,3,71,0,11,70,3,84,46,0,46,130
12/20/2012,HKY,NC,ASO,ES,Federal Contract Tower,0,8,7,0,15,0,2,13,3,18,0,10,20,3,33,34,4,38,71
12/21/2012,HKY,NC,ASO,ES,Federal Contract Tower,0,5,3,0,8,0,0,6,2,8,0,5,9,2,16,12,0,12,28
12/22/2012,HKY,NC,ASO,ES,Federal Contract Tower,0,2,5,0,7,0,3,26,0,29,0,5,31,0,36,22,0,22,58
12/23/2012,HKY,NC,ASO,ES,Federal Contract Tower,0,0,8,0,8,0,5,25,0,30,0,5,33,0,38,2,0,2,40
12/24/2012,HKY,NC,ASO,ES,Federal Contract Tower,0,0,3,0,3,0,0,0,0,0,0,0,3,0,3,0,0,0,3
12/25/2012,HKY,NC,ASO,ES,Federal Contract Tower,0,2,0,0,2,0,0,1,0,1,0,2,1,0,3,0,0,0,3
12/26/2012,HKY,NC,ASO,ES,Federal Contract Tower,0,1,4,0,5,0,0,0,0,0,0,1,4,0,5,0,0,0,5
12/27/2012,HKY,NC,ASO,ES,Federal Contract Tower,0,3,13,0,16,0,0,37,0,37,0,3,50,0,53,18,0,18,71
12/28/2012,HKY,NC,ASO,ES,Federal Contract Tower,0,4,9,0,13,0,6,50,0,56,0,10,59,0,69,22,0,22,91
12/29/2012,HKY,NC,ASO,ES,Federal Contract Tower,0,4,1,0,5,0,1,8,0,9,0,5,9,0,14,20,0,20,34
12/30/2012,HKY,NC,ASO,ES,Federal Contract Tower,0,2,4,0,6,0,4,22,1,27,0,6,26,1,33,6,0,6,39
12/31/2012,HKY,NC,ASO,ES,Federal Contract Tower,0,2,6,0,8,0,2,27,0,29,0,4,33,0,37,52,0,52,89
01/01/2013,HKY,NC,ASO,ES,Federal Contract Tower,0,2,0,0,2,0,2,0,0,2,0,4,0,0,4,0,0,0,4
01/02/2013,HKY,NC,ASO,ES,Federal Contract Tower,0,15,9,1,25,0,0,5,0,5,0,15,14,1,30,55,0,55,85
01/03/2013,HKY,NC,ASO,ES,Federal Contract Tower,0,2,0,8,10,0,5,13,4,22,0,7,13,12,32,30,0,30,62
01/04/2013,HKY,NC,ASO,ES,Federal Contract Tower,0,0,15,1,16,0,2,51,2,55,0,2,66,3,71,40,0,40,111
01/05/2013,HKY,NC,ASO,ES,Federal Contract Tower,0,0,26,0,26,0,6,73,0,79,0,6,99,0,105,53,0,53,158
01/06/2013,HKY,NC,ASO,ES,Federal Contract Tower,0,4,5,0,9,0,2,24,0,26,0,6,29,0,35,32,0,32,67
01/07/2013,HKY,NC,ASO,ES,Federal Contract Tower,0,0,8,0,8,0,8,44,0,52,0,8,52,0,60,22,0,22,82
01/08/2013,HKY,NC,ASO,ES,Federal Contract Tower,0,2,3,0,5,0,12,27,2,41,0,14,30,2,46,28,8,36,82
01/09/2013,HKY,NC,ASO,ES,Federal Contract Tower,0,26,6,0,32,0,9,22,0,31,0,35,28,0,63,38,0,38,101
01/10/2013,HKY,NC,ASO,ES,Federal Contract Tower,0,6,17,0,23,0,11,19,4,34,0,17,36,4,57,16,0,16,73
01/11/2013,HKY,NC,ASO,ES,Federal Contract Tower,0,6,19,0,25,0,0,0,0,0,0,6,19,0,25,0,0,0,25
01/12/2013,HKY,NC,ASO,ES,Federal Contract Tower,0,0,6,0,6,0,2,38,0,40,0,2,44,0,46,66,0,66,112
01/13/2013,HKY,NC,ASO,ES,Federal Contract Tower,0,0,5,0,5,0,9,13,2,24,0,9,18,2,29,2,0,2,31
01/14/2013,HKY,NC,ASO,ES,Federal Contract Tower,0,3,10,0,13,0,0,0,0,0,0,3,10,0,13,0,0,0,13
01/15/2013,HKY,NC,ASO,ES,Federal Contract Tower,0,5,12,0,17,0,0,0,0,0,0,5,12,0,17,0,0,0,17
01/16/2013,HKY,NC,ASO,ES,Federal Contract Tower,0,3,15,0,18,0,0,0,0,0,0,3,15,0,18,0,0,0,18
01/17/2013,HKY,NC,ASO,ES,Federal Contract Tower,0,0,8,0,8,0,0,0,0,0,0,0,8,0,8,0,0,0,8
01/18/2013,HKY,NC,ASO,ES,Federal Contract Tower,0,1,11,0,12,0,6,25,0,31,0,7,36,0,43,43,5,48,91
01/19/2013,HKY,NC,ASO,ES,Federal Contract Tower,0,0,8,0,8,0,2,51,0,53,0,2,59,0,61,90,0,90,151
01/20/2013,HKY,NC,ASO,ES,Federal Contract Tower,0,2,8,0,10,0,2,25,0,27,0,4,33,0,37,18,0,18,55
01/21/2013,HKY,NC,ASO,ES,Federal Contract Tower,0,2,13,0,15,0,1,34,0,35,0,3,47,0,50,47,0,47,97
01/22/2013,HKY,NC,ASO,ES,Federal Contract Tower,0,3,9,0,12,0,4,25,0,29,0,7,34,0,41,32,0,32,73
01/23/2013,HKY,NC,ASO,ES,Federal Contract Tower,0,2,11,1,14,0,3,42,1,46,0,5,53,2,60,30,0,30,90
01/24/2013,HKY,NC,ASO,ES,Federal Contract Tower,0,7,8,0,15,0,3,24,1,28,0,10,32,1,43,8,0,8,51
01/25/2013,HKY,NC,ASO,ES,Federal Contract Tower,0,0,1,0,1,0,0,2,0,2,0,0,3,0,3,0,0,0,3
01/26/2013,HKY,NC,ASO,ES,Federal Contract Tower,0,0,6,0,6,0,2,9,0,11,0,2,15,0,17,40,0,40,57
01/27/2013,HKY,NC,ASO,ES,Federal Contract Tower,0,0,4,0,4,0,4,51,0,55,0,4,55,0,59,34,0,34,93
01/28/2013,HKY,NC,ASO,ES,Federal Contract Tower,0,0,20,5,25,0,4,10,0,14,0,4,30,5,39,14,4,18,57
01/29/2013,HKY,NC,ASO,ES,Federal Contract Tower,0,2,3,0,5,0,5,47,6,58,0,7,50,6,63,16,2,18,81
01/30/2013,HKY,NC,ASO,ES,Federal Contract Tower,0,2,2,0,4,0,0,1,0,1,0,2,3,0,5,0,0,0,5
01/31/2013,HKY,NC,ASO,ES,Federal Contract Tower,0,3,0,2,5,0,5,21,0,26,0,8,21,2,31,0,0,0,31
02/01/2013,HKY,NC,ASO,ES,Federal Contract Tower,0,7,5,0,12,0,6,13,0,19,0,13,18,0,31,25,0,25,56
02/02/2013,HKY,NC,ASO,ES,Federal Contract Tower,0,0,6,0,6,0,0,66,0,66,0,0,72,0,72,76,0,76,148
02/03/2013,HKY,NC,ASO,ES,Federal Contract Tower,0,2,2,0,4,0,0,8,0,8,0,2,10,0,12,2,0,2,14
02/04/2013,HKY,NC,ASO,ES,Federal Contract Tower,0,0,3,0,3,0,3,28,0,31,0,3,31,0,34,28,0,28,62
02/05/2013,HKY,NC,ASO,ES,Federal Contract Tower,0,2,1,0,3,0,3,33,1,37,0,5,34,1,40,52,0,52,92
02/06/2013,HKY,NC,ASO,ES,Federal Contract Tower,0,6,3,0,9,0,7,51,4,62,0,13,54,4,71,2,0,2,73
02/07/2013,HKY,NC,ASO,ES,Federal Contract Tower,0,7,10,0,17,0,0,6,0,6,0,7,16,0,23,12,0,12,35
02/08/2013,HKY,NC,ASO,ES,Federal Contract Tower,0,0,19,0,19,0,4,21,0,25,0,4,40,0,44,0,0,0,44
02/09/2013,HKY,NC,ASO,ES,Federal Contract Tower,0,0,7,0,7,0,1,69,0,70,0,1,76,0,77,114,0,114,191
02/10/2013,HKY,NC,ASO,ES,Federal Contract Tower,0,1,7,0,8,0,1,24,0,25,0,2,31,0,33,20,0,20,53
02/11/2013,HKY,NC,ASO,ES,Federal Contract Tower,0,0,11,0,11,0,0,0,0,0,0,0,11,0,11,0,0,0,11
02/12/2013,HKY,NC,ASO,ES,Federal Contract Tower,0,1,13,0,14,0,1,22,2,25,0,2,35,2,39,20,2,22,61
02/13/2013,HKY,NC,ASO,ES,Federal Contract Tower,0,0,18,0,18,0,0,0,0,0,0,0,18,0,18,0,0,0,18
02/14/2013,HKY,NC,ASO,ES,Federal Contract Tower,0,1,17,0,18,0,8,48,5,61,0,9,65,5,79,44,0,44,123
02/15/2013,HKY,NC,ASO,ES,Federal Contract Tower,0,0,12,0,12,0,4,53,2,59,0,4,65,2,71,70,0,70,141
02/16/2013,HKY,NC,ASO,ES,Federal Contract Tower,0,0,7,0,7,0,0,4,0,4,0,0,11,0,11,30,0,30,41
02/17/2013,HKY,NC,ASO,ES,Federal Contract Tower,0,2,7,0,9,0,8,7,0,15,0,10,14,0,24,2,0,2,26
02/18/2013,HKY,NC,ASO,ES,Federal Contract Tower,0,0,8,0,8,0,5,32,0,37,0,5,40,0,45,40,0,40,85
02/19/2013,HKY,NC,ASO,ES,Federal Contract Tower,0,3,11,0,14,0,0,16,0,16,0,3,27,0,30,8,0,8,38
02/20/2013,HKY,NC,ASO,ES,Federal Contract Tower,0,1,15,8,24,0,1,41,0,42,0,2,56,8,66,24,4,28,94
02/21/2013,HKY,NC,ASO,ES,Federal Contract Tower,0,11,8,0,19,0,2,53,12,67,0,13,61,12,86,36,0,36,122
02/22/2013,HKY,NC,ASO,ES,Federal Contract Tower,0,0,3,0,3,0,0,0,0,0,0,0,3,0,3,0,0,0,3
02/23/2013,HKY,NC,ASO,ES,Federal Contract Tower,0,0,0,0,0,0,0,0,0,0,0,0,0,0,0,0,0,0,0
02/24/2013,HKY,NC,ASO,ES,Federal Contract Tower,0,1,8,0,9,0,6,52,0,58,0,7,60,0,67,42,0,42,109
02/25/2013,HKY,NC,ASO,ES,Federal Contract Tower,0,3,10,0,13,0,6,28,9,43,0,9,38,9,56,38,0,38,94
02/26/2013,HKY,NC,ASO,ES,Federal Contract Tower,0,0,5,0,5,0,0,0,0,0,0,0,5,0,5,0,0,0,5
02/27/2013,HKY,NC,ASO,ES,Federal Contract Tower,0,20,8,4,32,0,4,45,8,57,0,24,53,12,89,48,8,56,145
02/28/2013,HKY,NC,ASO,ES,Federal Contract Tower,0,0,8,0,8,0,3,15,2,20,0,3,23,2,28,24,0,24,52
03/01/2013,HKY,NC,ASO,ES,Federal Contract Tower,0,4,13,0,17,0,6,40,0,46,0,10,53,0,63,54,0,54,117
03/02/2013,HKY,NC,ASO,ES,Federal Contract Tower,0,0,6,1,7,0,0,23,1,24,0,0,29,2,31,24,0,24,55
03/03/2013,HKY,NC,ASO,ES,Federal Contract Tower,0,3,3,0,6,0,6,35,0,41,0,9,38,0,47,16,0,16,63
03/04/2013,HKY,NC,ASO,ES,Federal Contract Tower,0,0,14,0,14,0,2,36,0,38,0,2,50,0,52,54,0,54,106
03/05/2013,HKY,NC,ASO,ES,Federal Contract Tower,0,3,7,0,10,0,3,6,0,9,0,6,13,0,19,6,0,6,25
03/06/2013,HKY,NC,ASO,ES,Federal Contract Tower,0,7,7,0,14,0,4,8,0,12,0,11,15,0,26,4,0,4,30
03/07/2013,HKY,NC,ASO,ES,Federal Contract Tower,0,4,18,0,22,0,5,45,2,52,0,9,63,2,74,98,0,98,172
03/08/2013,HKY,NC,ASO,ES,Federal Contract Tower,0,16,31,0,47,0,11,29,19,59,0,27,60,19,106,82,18,100,206
03/09/2013,HKY,NC,ASO,ES,Federal Contract Tower,0,1,13,0,14,0,3,56,0,59,0,4,69,0,73,80,0,80,153
03/10/2013,HKY,NC,ASO,ES,Federal Contract Tower,0,4,8,0,12,0,4,43,0,47,0,8,51,0,59,30,0,30,89
03/11/2013,HKY,NC,ASO,ES,Federal Contract Tower,0,2,3,1,6,0,5,13,2,20,0,7,16,3,26,18,0,18,44
03/12/2013,HKY,NC,ASO,ES,Federal Contract Tower,0,0,6,1,7,0,1,14,2,17,0,1,20,3,24,22,0,22,46
03/13/2013,HKY,NC,ASO,ES,Federal Contract Tower,0,5,7,0,12,0,3,24,0,27,0,8,31,0,39,28,0,28,67
03/14/2013,HKY,NC,ASO,ES,Federal Contract Tower,0,0,20,0,20,0,2,54,2,58,0,2,74,2,78,64,0,64,142
03/15/2013,HKY,NC,ASO,ES,Federal Contract Tower,0,2,18,0,20,0,2,40,4,46,0,4,58,4,66,98,0,98,164
03/16/2013,HKY,NC,ASO,ES,Federal Contract Tower,0,1,8,0,9,0,4,21,12,37,0,5,29,12,46,20,0,20,66
03/17/2013,HKY,NC,ASO,ES,Federal Contract Tower,0,1,5,0,6,0,8,20,8,36,0,9,25,8,42,20,0,20,62
03/18/2013,HKY,NC,ASO,ES,Federal Contract Tower,0,10,8,0,18,0,0,0,0,0,0,10,8,0,18,0,0,0,18
03/19/2013,HKY,NC,ASO,ES,Federal Contract Tower,0,5,10,0,15,0,21,8,8,37,0,26,18,8,52,0,0,0,52
03/20/2013,HKY,NC,ASO,ES,Federal Contract Tower,0,7,8,1,16,0,5,34,2,41,0,12,42,3,57,38,0,38,95
03/21/2013,HKY,NC,ASO,ES,Federal Contract Tower,0,2,7,0,9,0,5,20,2,27,0,7,27,2,36,12,0,12,48
03/22/2013,HKY,NC,ASO,ES,Federal Contract Tower,0,0,9,0,9,0,4,54,0,58,0,4,63,0,67,42,0,42,109
03/23/2013,HKY,NC,ASO,ES,Federal Contract Tower,0,0,15,0,15,0,2,34,3,39,0,2,49,3,54,80,0,80,134
03/24/2013,HKY,NC,ASO,ES,Federal Contract Tower,0,0,6,0,6,0,0,0,0,0,0,0,6,0,6,0,0,0,6
03/25/2013,HKY,NC,ASO,ES,Federal Contract Tower,0,0,6,0,6,0,7,4,0,11,0,7,10,0,17,0,0,0,17
03/26/2013,HKY,NC,ASO,ES,Federal Contract Tower,0,0,6,0,6,0,0,12,0,12,0,0,18,0,18,6,0,6,24
03/27/2013,HKY,NC,ASO,ES,Federal Contract Tower,0,2,13,0,15,0,3,26,0,29,0,5,39,0,44,42,0,42,86
03/28/2013,HKY,NC,ASO,ES,Federal Contract Tower,0,4,8,2,14,0,11,72,8,91,0,15,80,10,105,70,2,72,177
03/29/2013,HKY,NC,ASO,ES,Federal Contract Tower,0,2,14,0,16,0,6,76,7,89,0,8,90,7,105,96,2,98,203
03/30/2013,HKY,NC,ASO,ES,Federal Contract Tower,0,3,12,0,15,0,4,47,0,51,0,7,59,0,66,88,0,88,154
03/31/2013,HKY,NC,ASO,ES,Federal Contract Tower,0,1,2,0,3,0,2,1,0,3,0,3,3,0,6,0,0,0,6
04/01/2013,HKY,NC,ASO,ES,Federal Contract Tower,0,0,16,0,16,0,7,21,0,28,0,7,37,0,44,14,0,14,58
04/02/2013,HKY,NC,ASO,ES,Federal Contract Tower,0,2,10,1,13,0,1,36,7,44,0,3,46,8,57,60,10,70,127
04/03/2013,HKY,NC,ASO,ES,Federal Contract Tower,0,2,12,0,14,0,4,41,0,45,0,6,53,0,59,16,0,16,75
04/04/2013,HKY,NC,ASO,ES,Federal Contract Tower,0,2,8,2,12,0,1,2,0,3,0,3,10,2,15,0,0,0,15
04/05/2013,HKY,NC,ASO,ES,Federal Contract Tower,0,2,16,0,18,0,0,10,0,10,0,2,26,0,28,16,0,16,44
04/06/2013,HKY,NC,ASO,ES,Federal Contract Tower,0,0,16,0,16,0,3,106,0,109,0,3,122,0,125,30,0,30,155
04/07/2013,HKY,NC,ASO,ES,Federal Contract Tower,0,1,16,6,23,0,7,50,0,57,0,8,66,6,80,0,0,0,80
04/08/2013,HKY,NC,ASO,ES,Federal Contract Tower,0,1,20,0,21,0,5,48,0,53,0,6,68,0,74,12,0,12,86
04/09/2013,HKY,NC,ASO,ES,Federal Contract Tower,0,1,19,0,20,0,5,36,0,41,0,6,55,0,61,44,0,44,105
04/10/2013,HKY,NC,ASO,ES,Federal Contract Tower,0,1,17,0,18,0,6,37,0,43,0,7,54,0,61,44,0,44,105
04/11/2013,HKY,NC,ASO,ES,Federal Contract Tower,0,6,8,0,14,0,5,15,4,24,0,11,23,4,38,0,0,0,38
04/12/2013,HKY,NC,ASO,ES,Federal Contract Tower,0,0,16,9,25,0,4,19,12,35,0,4,35,21,60,14,0,14,74
04/13/2013,HKY,NC,ASO,ES,Federal Contract Tower,0,1,6,0,7,0,5,49,0,54,0,6,55,0,61,48,0,48,109
04/14/2013,HKY,NC,ASO,ES,Federal Contract Tower,0,1,12,0,13,0,0,49,0,49,0,1,61,0,62,40,0,40,102
04/15/2013,HKY,NC,ASO,ES,Federal Contract Tower,0,3,19,0,22,0,0,0,0,0,0,3,19,0,22,0,0,0,22
04/16/2013,HKY,NC,ASO,ES,Federal Contract Tower,0,6,19,0,25,0,2,33,0,35,0,8,52,0,60,32,0,32,92
04/17/2013,HKY,NC,ASO,ES,Federal Contract Tower,0,2,15,0,17,0,4,31,0,35,0,6,46,0,52,56,0,56,108
04/18/2013,HKY,NC,ASO,ES,Federal Contract Tower,0,2,19,3,24,0,3,34,1,38,0,5,53,4,62,20,6,26,88
04/19/2013,HKY,NC,ASO,ES,Federal Contract Tower,0,6,6,0,12,0,0,0,0,0,0,6,6,0,12,0,0,0,12
04/20/2013,HKY,NC,ASO,ES,Federal Contract Tower,0,1,4,0,5,0,4,49,0,53,0,5,53,0,58,26,0,26,84
04/21/2013,HKY,NC,ASO,ES,Federal Contract Tower,0,4,8,0,12,0,1,28,0,29,0,5,36,0,41,10,0,10,51
04/22/2013,HKY,NC,ASO,ES,Federal Contract Tower,0,2,11,0,13,0,4,28,0,32,0,6,39,0,45,18,0,18,63
04/23/2013,HKY,NC,ASO,ES,Federal Contract Tower,0,4,20,6,30,0,2,43,3,48,0,6,63,9,78,34,46,80,158
04/24/2013,HKY,NC,ASO,ES,Federal Contract Tower,0,3,13,0,16,0,4,21,0,25,0,7,34,0,41,32,0,32,73
04/25/2013,HKY,NC,ASO,ES,Federal Contract Tower,0,7,21,0,28,0,2,51,1,54,0,9,72,1,82,72,0,72,154
04/26/2013,HKY,NC,ASO,ES,Federal Contract Tower,0,10,17,0,27,0,6,72,5,83,0,16,89,5,110,104,0,104,214
04/27/2013,HKY,NC,ASO,ES,Federal Contract Tower,0,0,6,0,6,0,2,28,6,36,0,2,34,6,42,10,0,10,52
04/28/2013,HKY,NC,ASO,ES,Federal Contract Tower,0,0,16,0,16,0,0,0,0,0,0,0,16,0,16,0,0,0,16
04/29/2013,HKY,NC,ASO,ES,Federal Contract Tower,0,0,21,0,21,0,0,14,2,16,0,0,35,2,37,62,2,64,101
04/30/2013,HKY,NC,ASO,ES,Federal Contract Tower,0,2,27,2,31,0,2,16,0,18,0,4,43,2,49,30,0,30,79
05/01/2013,HKY,NC,ASO,ES,Federal Contract Tower,0,5,15,2,22,0,0,9,0,9,0,5,24,2,31,2,0,2,33
05/02/2013,HKY,NC,ASO,ES,Federal Contract Tower,0,8,11,0,19,0,2,11,0,13,0,10,22,0,32,62,0,62,94
05/03/2013,HKY,NC,ASO,ES,Federal Contract Tower,0,9,13,0,22,0,1,12,0,13,0,10,25,0,35,32,0,32,67
05/04/2013,HKY,NC,ASO,ES,Federal Contract Tower,0,0,11,0,11,0,2,25,0,27,0,2,36,0,38,0,0,0,38
05/05/2013,HKY,NC,ASO,ES,Federal Contract Tower,0,1,12,0,13,0,0,0,0,0,0,1,12,0,13,0,0,0,13
05/06/2013,HKY,NC,ASO,ES,Federal Contract Tower,0,0,4,0,4,0,1,5,0,6,0,1,9,0,10,6,0,6,16
05/07/2013,HKY,NC,ASO,ES,Federal Contract Tower,0,0,20,0,20,0,2,3,0,5,0,2,23,0,25,32,0,32,57
05/08/2013,HKY,NC,ASO,ES,Federal Contract Tower,0,3,11,2,16,0,4,44,0,48,0,7,55,2,64,52,0,52,116
05/09/2013,HKY,NC,ASO,ES,Federal Contract Tower,0,4,17,0,21,0,2,58,3,63,0,6,75,3,84,66,0,66,150
05/10/2013,HKY,NC,ASO,ES,Federal Contract Tower,0,0,12,0,12,0,4,69,0,73,0,4,81,0,85,114,0,114,199
05/11/2013,HKY,NC,ASO,ES,Federal Contract Tower,0,2,11,0,13,0,0,21,0,21,0,2,32,0,34,16,0,16,50
05/12/2013,HKY,NC,ASO,ES,Federal Contract Tower,0,0,8,0,8,0,3,15,0,18,0,3,23,0,26,2,0,2,28
05/13/2013,HKY,NC,ASO,ES,Federal Contract Tower,0,0,14,0,14,0,5,20,0,25,0,5,34,0,39,36,0,36,75
05/14/2013,HKY,NC,ASO,ES,Federal Contract Tower,0,2,20,0,22,0,2,54,0,56,0,4,74,0,78,88,0,88,166
05/15/2013,HKY,NC,ASO,ES,Federal Contract Tower,0,5,9,0,14,0,2,59,0,61,0,7,68,0,75,84,0,84,159
05/16/2013,HKY,NC,ASO,ES,Federal Contract Tower,0,2,23,0,25,0,6,58,6,70,0,8,81,6,95,112,6,118,213
05/17/2013,HKY,NC,ASO,ES,Federal Contract Tower,0,0,13,0,13,0,2,38,4,44,0,2,51,4,57,36,0,36,93
05/18/2013,HKY,NC,ASO,ES,Federal Contract Tower,0,2,3,0,5,0,0,0,0,0,0,2,3,0,5,0,0,0,5
05/19/2013,HKY,NC,ASO,ES,Federal Contract Tower,0,0,14,0,14,0,0,9,0,9,0,0,23,0,23,2,0,2,25
05/20/2013,HKY,NC,ASO,ES,Federal Contract Tower,0,1,18,0,19,0,2,14,0,16,0,3,32,0,35,0,0,0,35
05/21/2013,HKY,NC,ASO,ES,Federal Contract Tower,0,2,18,0,20,0,5,28,0,33,0,7,46,0,53,50,0,50,103
05/22/2013,HKY,NC,ASO,ES,Federal Contract Tower,0,2,14,0,16,0,1,25,2,28,0,3,39,2,44,56,0,56,100
05/23/2013,HKY,NC,ASO,ES,Federal Contract Tower,0,0,26,0,26,0,0,43,0,43,0,0,69,0,69,88,0,88,157
05/24/2013,HKY,NC,ASO,ES,Federal Contract Tower,0,0,21,0,21,0,5,10,0,15,0,5,31,0,36,2,0,2,38
05/25/2013,HKY,NC,ASO,ES,Federal Contract Tower,0,0,11,0,11,0,3,60,0,63,0,3,71,0,74,126,0,126,200
05/26/2013,HKY,NC,ASO,ES,Federal Contract Tower,0,0,2,0,2,0,4,24,0,28,0,4,26,0,30,0,0,0,30
05/27/2013,HKY,NC,ASO,ES,Federal Contract Tower,0,0,10,0,10,0,22,46,0,68,0,22,56,0,78,14,0,14,92
05/28/2013,HKY,NC,ASO,ES,Federal Contract Tower,0,0,15,0,15,0,6,26,2,34,0,6,41,2,49,82,0,82,131
05/29/2013,HKY,NC,ASO,ES,Federal Contract Tower,0,9,6,0,15,0,3,55,0,58,0,12,61,0,73,36,0,36,109
05/30/2013,HKY,NC,ASO,ES,Federal Contract Tower,0,3,12,0,15,0,5,49,12,66,0,8,61,12,81,48,0,48,129
05/31/2013,HKY,NC,ASO,ES,Federal Contract Tower,0,1,29,1,31,0,2,39,2,43,0,3,68,3,74,42,0,42,116
06/01/2013,HKY,NC,ASO,ES,Federal Contract Tower,0,1,6,0,7,0,8,86,0,94,0,9,92,0,101,10,0,10,111
06/02/2013,HKY,NC,ASO,ES,Federal Contract Tower,0,2,5,0,7,0,0,5,0,5,0,2,10,0,12,0,0,0,12
06/03/2013,HKY,NC,ASO,ES,Federal Contract Tower,0,6,6,0,12,0,5,5,0,10,0,11,11,0,22,0,0,0,22
06/04/2013,HKY,NC,ASO,ES,Federal Contract Tower,0,4,14,0,18,0,2,29,0,31,0,6,43,0,49,30,0,30,79
06/05/2013,HKY,NC,ASO,ES,Federal Contract Tower,0,3,10,0,13,0,4,5,0,9,0,7,15,0,22,0,0,0,22
06/06/2013,HKY,NC,ASO,ES,Federal Contract Tower,0,4,21,0,25,0,0,0,0,0,0,4,21,0,25,0,0,0,25
06/07/2013,HKY,NC,ASO,ES,Federal Contract Tower,0,0,9,0,9,0,4,8,0,12,0,4,17,0,21,2,0,2,23
06/08/2013,HKY,NC,ASO,ES,Federal Contract Tower,0,6,5,0,11,0,2,49,0,51,0,8,54,0,62,24,0,24,86
06/09/2013,HKY,NC,ASO,ES,Federal Contract Tower,0,0,6,0,6,0,0,14,0,14,0,0,20,0,20,0,0,0,20
06/10/2013,HKY,NC,ASO,ES,Federal Contract Tower,0,0,16,6,22,0,1,9,12,22,0,1,25,18,44,0,0,0,44
06/11/2013,HKY,NC,ASO,ES,Federal Contract Tower,0,2,20,0,22,0,4,32,2,38,0,6,52,2,60,10,22,32,92
06/12/2013,HKY,NC,ASO,ES,Federal Contract Tower,0,1,12,0,13,0,6,44,4,54,0,7,56,4,67,34,0,34,101
06/13/2013,HKY,NC,ASO,ES,Federal Contract Tower,0,3,19,0,22,0,3,26,4,33,0,6,45,4,55,18,0,18,73
06/14/2013,HKY,NC,ASO,ES,Federal Contract Tower,0,0,18,0,18,0,9,29,0,38,0,9,47,0,56,16,0,16,72
06/15/2013,HKY,NC,ASO,ES,Federal Contract Tower,0,1,11,0,12,0,8,70,0,78,0,9,81,0,90,38,0,38,128
06/16/2013,HKY,NC,ASO,ES,Federal Contract Tower,0,2,10,0,12,0,4,38,0,42,0,6,48,0,54,6,0,6,60
06/17/2013,HKY,NC,ASO,ES,Federal Contract Tower,0,2,15,0,17,0,0,17,0,17,0,2,32,0,34,16,0,16,50
06/18/2013,HKY,NC,ASO,ES,Federal Contract Tower,0,2,16,0,18,0,0,1,0,1,0,2,17,0,19,0,0,0,19
06/19/2013,HKY,NC,ASO,ES,Federal Contract Tower,0,3,29,0,32,0,4,45,3,52,0,7,74,3,84,0,0,0,84
06/20/2013,HKY,NC,ASO,ES,Federal Contract Tower,0,12,20,0,32,0,2,44,3,49,0,14,64,3,81,52,2,54,135
06/21/2013,HKY,NC,ASO,ES,Federal Contract Tower,0,13,27,0,40,0,5,49,4,58,0,18,76,4,98,50,0,50,148
06/22/2013,HKY,NC,ASO,ES,Federal Contract Tower,0,0,5,0,5,0,0,41,0,41,0,0,46,0,46,18,0,18,64
06/23/2013,HKY,NC,ASO,ES,Federal Contract Tower,0,1,4,0,5,0,3,18,0,21,0,4,22,0,26,28,0,28,54
06/24/2013,HKY,NC,ASO,ES,Federal Contract Tower,0,6,9,0,15,0,4,33,2,39,0,10,42,2,54,56,0,56,110
06/25/2013,HKY,NC,ASO,ES,Federal Contract Tower,0,2,7,0,9,0,5,19,0,24,0,7,26,0,33,12,0,12,45
06/26/2013,HKY,NC,ASO,ES,Federal Contract Tower,0,5,16,0,21,0,2,44,0,46,0,7,60,0,67,66,0,66,133
06/27/2013,HKY,NC,ASO,ES,Federal Contract Tower,0,14,4,0,18,0,2,33,4,39,0,16,37,4,57,84,12,96,153
06/28/2013,HKY,NC,ASO,ES,Federal Contract Tower,0,9,12,0,21,0,9,42,1,52,0,18,54,1,73,66,0,66,139
06/29/2013,HKY,NC,ASO,ES,Federal Contract Tower,0,0,12,0,12,0,2,62,0,64,0,2,74,0,76,28,0,28,104
06/30/2013,HKY,NC,ASO,ES,Federal Contract Tower,0,0,13,0,13,0,2,3,0,5,0,2,16,0,18,0,0,0,18
07/01/2013,HKY,NC,ASO,ES,Federal Contract Tower,0,0,16,0,16,0,3,10,14,27,0,3,26,14,43,14,0,14,57
07/02/2013,HKY,NC,ASO,ES,Federal Contract Tower,0,0,10,0,10,0,0,0,1,1,0,0,10,1,11,0,0,0,11
07/03/2013,HKY,NC,ASO,ES,Federal Contract Tower,0,2,10,0,12,0,5,0,0,5,0,7,10,0,17,0,0,0,17
07/04/2013,HKY,NC,ASO,ES,Federal Contract Tower,0,0,3,0,3,0,0,2,0,2,0,0,5,0,5,0,0,0,5
07/05/2013,HKY,NC,ASO,ES,Federal Contract Tower,0,2,4,0,6,0,3,7,0,10,0,5,11,0,16,20,0,20,36
07/06/2013,HKY,NC,ASO,ES,Federal Contract Tower,0,4,8,0,12,0,4,59,0,63,0,8,67,0,75,16,0,16,91
07/07/2013,HKY,NC,ASO,ES,Federal Contract Tower,0,6,9,0,15,0,3,12,0,15,0,9,21,0,30,42,0,42,72
07/08/2013,HKY,NC,ASO,ES,Federal Contract Tower,0,0,8,0,8,0,5,19,0,24,0,5,27,0,32,30,0,30,62
07/09/2013,HKY,NC,ASO,ES,Federal Contract Tower,0,6,12,8,26,0,6,16,0,22,0,12,28,8,48,40,0,40,88
07/10/2013,HKY,NC,ASO,ES,Federal Contract Tower,0,2,10,6,18,0,2,10,2,14,0,4,20,8,32,26,0,26,58
07/11/2013,HKY,NC,ASO,ES,Federal Contract Tower,0,7,10,0,17,0,0,8,0,8,0,7,18,0,25,16,0,16,41
07/12/2013,HKY,NC,ASO,ES,Federal Contract Tower,0,5,10,2,17,0,0,27,5,32,0,5,37,7,49,76,20,96,145
07/13/2013,HKY,NC,ASO,ES,Federal Contract Tower,0,0,11,0,11,0,2,6,0,8,0,2,17,0,19,48,0,48,67
07/14/2013,HKY,NC,ASO,ES,Federal Contract Tower,0,4,7,0,11,0,0,6,0,6,0,4,13,0,17,14,0,14,31
07/15/2013,HKY,NC,ASO,ES,Federal Contract Tower,0,2,18,0,20,0,5,28,1,34,0,7,46,1,54,34,10,44,98
07/16/2013,HKY,NC,ASO,ES,Federal Contract Tower,0,2,12,1,15,0,5,63,2,70,0,7,75,3,85,56,0,56,141
07/17/2013,HKY,NC,ASO,ES,Federal Contract Tower,0,6,14,0,20,0,0,26,0,26,0,6,40,0,46,23,0,23,69
07/18/2013,HKY,NC,ASO,ES,Federal Contract Tower,0,4,10,0,14,0,3,37,0,40,0,7,47,0,54,10,0,10,64
07/19/2013,HKY,NC,ASO,ES,Federal Contract Tower,0,0,13,2,15,0,3,37,7,47,0,3,50,9,62,60,0,60,122
07/20/2013,HKY,NC,ASO,ES,Federal Contract Tower,0,3,12,0,15,0,1,63,0,64,0,4,75,0,79,18,0,18,97
07/21/2013,HKY,NC,ASO,ES,Federal Contract Tower,0,4,15,0,19,0,1,12,0,13,0,5,27,0,32,8,0,8,40
07/22/2013,HKY,NC,ASO,ES,Federal Contract Tower,0,2,20,0,22,0,5,19,0,24,0,7,39,0,46,6,0,6,52
07/23/2013,HKY,NC,ASO,ES,Federal Contract Tower,0,6,9,0,15,0,8,27,0,35,0,14,36,0,50,20,0,20,70
07/24/2013,HKY,NC,ASO,ES,Federal Contract Tower,0,4,15,0,19,0,3,25,2,30,0,7,40,2,49,90,0,90,139
07/25/2013,HKY,NC,ASO,ES,Federal Contract Tower,0,16,12,0,28,0,47,45,0,92,0,63,57,0,120,60,0,60,180
07/26/2013,HKY,NC,ASO,ES,Federal Contract Tower,0,0,25,0,25,0,3,26,0,29,0,3,51,0,54,18,0,18,72
07/27/2013,HKY,NC,ASO,ES,Federal Contract Tower,0,2,4,0,6,0,0,2,0,2,0,2,6,0,8,2,0,2,10
07/28/2013,HKY,NC,ASO,ES,Federal Contract Tower,0,11,13,4,28,0,2,24,4,30,0,13,37,8,58,24,0,24,82
07/29/2013,HKY,NC,ASO,ES,Federal Contract Tower,0,2,12,0,14,0,6,29,0,35,0,8,41,0,49,12,7,19,68
07/30/2013,HKY,NC,ASO,ES,Federal Contract Tower,0,6,11,0,17,0,2,38,0,40,0,8,49,0,57,8,2,10,67
07/31/2013,HKY,NC,ASO,ES,Federal Contract Tower,0,12,12,0,24,0,2,2,0,4,0,14,14,0,28,0,0,0,28
08/01/2013,HKY,NC,ASO,ES,Federal Contract Tower,0,18,15,0,33,0,8,6,2,16,0,26,21,2,49,10,4,14,63
08/02/2013,HKY,NC,ASO,ES,Federal Contract Tower,0,2,25,0,27,0,6,45,0,51,0,8,70,0,78,0,0,0,78
08/03/2013,HKY,NC,ASO,ES,Federal Contract Tower,0,2,8,0,10,0,6,21,0,27,0,8,29,0,37,36,0,36,73
08/04/2013,HKY,NC,ASO,ES,Federal Contract Tower,0,12,9,0,21,0,1,51,0,52,0,13,60,0,73,32,0,32,105
08/05/2013,HKY,NC,ASO,ES,Federal Contract Tower,0,3,11,0,14,0,4,36,0,40,0,7,47,0,54,70,0,70,124
08/06/2013,HKY,NC,ASO,ES,Federal Contract Tower,0,8,13,0,21,0,0,4,0,4,0,8,17,0,25,0,0,0,25
08/07/2013,HKY,NC,ASO,ES,Federal Contract Tower,0,2,7,0,9,0,3,9,0,12,0,5,16,0,21,22,0,22,43
08/08/2013,HKY,NC,ASO,ES,Federal Contract Tower,0,8,16,0,24,0,8,20,8,36,0,16,36,8,60,14,0,14,74
08/09/2013,HKY,NC,ASO,ES,Federal Contract Tower,0,1,23,0,24,0,2,18,4,24,0,3,41,4,48,16,0,16,64
08/10/2013,HKY,NC,ASO,ES,Federal Contract Tower,0,0,14,0,14,0,5,82,4,91,0,5,96,4,105,22,0,22,127
08/11/2013,HKY,NC,ASO,ES,Federal Contract Tower,0,4,9,0,13,0,8,17,0,25,0,12,26,0,38,0,0,0,38
08/12/2013,HKY,NC,ASO,ES,Federal Contract Tower,0,5,17,0,22,0,3,43,0,46,0,8,60,0,68,40,0,40,108
08/13/2013,HKY,NC,ASO,ES,Federal Contract Tower,0,1,19,0,20,0,2,21,0,23,0,3,40,0,43,26,0,26,69
08/14/2013,HKY,NC,ASO,ES,Federal Contract Tower,0,7,12,0,19,0,3,39,7,49,0,10,51,7,68,50,8,58,126
08/15/2013,HKY,NC,ASO,ES,Federal Contract Tower,0,3,17,2,22,0,2,43,2,47,0,5,60,4,69,28,0,28,97
08/16/2013,HKY,NC,ASO,ES,Federal Contract Tower,0,0,15,0,15,0,3,22,0,25,0,3,37,0,40,6,0,6,46
08/17/2013,HKY,NC,ASO,ES,Federal Contract Tower,0,2,12,0,14,0,0,7,0,7,0,2,19,0,21,28,0,28,49
08/18/2013,HKY,NC,ASO,ES,Federal Contract Tower,0,5,22,0,27,0,2,3,1,6,0,7,25,1,33,0,0,0,33
08/19/2013,HKY,NC,ASO,ES,Federal Contract Tower,0,5,23,0,28,0,37,14,0,51,0,42,37,0,79,28,0,28,107
08/20/2013,HKY,NC,ASO,ES,Federal Contract Tower,0,5,12,0,17,0,26,18,0,44,0,31,30,0,61,24,0,24,85
08/21/2013,HKY,NC,ASO,ES,Federal Contract Tower,0,7,4,0,11,0,0,10,0,10,0,7,14,0,21,32,0,32,53
08/22/2013,HKY,NC,ASO,ES,Federal Contract Tower,0,4,8,4,16,0,5,43,4,52,0,9,51,8,68,60,0,60,128
08/23/2013,HKY,NC,ASO,ES,Federal Contract Tower,0,0,16,0,16,0,5,42,1,48,0,5,58,1,64,72,0,72,136
08/24/2013,HKY,NC,ASO,ES,Federal Contract Tower,0,0,9,0,9,0,1,72,0,73,0,1,81,0,82,44,0,44,126
08/25/2013,HKY,NC,ASO,ES,Federal Contract Tower,0,1,7,0,8,0,4,74,0,78,0,5,81,0,86,36,0,36,122
08/26/2013,HKY,NC,ASO,ES,Federal Contract Tower,0,2,14,0,16,0,2,37,0,39,0,4,51,0,55,44,0,44,99
08/27/2013,HKY,NC,ASO,ES,Federal Contract Tower,0,1,10,0,11,0,3,38,0,41,0,4,48,0,52,72,0,72,124
08/28/2013,HKY,NC,ASO,ES,Federal Contract Tower,0,1,8,0,9,0,2,34,13,49,0,3,42,13,58,24,0,24,82
08/29/2013,HKY,NC,ASO,ES,Federal Contract Tower,0,4,17,0,21,0,2,50,3,55,0,6,67,3,76,60,0,60,136
08/30/2013,HKY,NC,ASO,ES,Federal Contract Tower,0,0,12,0,12,0,0,0,0,0,0,0,12,0,12,70,0,70,82
08/31/2013,HKY,NC,ASO,ES,Federal Contract Tower,0,0,9,0,9,0,2,35,0,37,0,2,44,0,46,34,0,34,80
09/01/2013,HKY,NC,ASO,ES,Federal Contract Tower,0,1,5,0,6,0,1,16,0,17,0,2,21,0,23,18,0,18,41
09/02/2013,HKY,NC,ASO,ES,Federal Contract Tower,0,2,9,0,11,0,3,22,0,25,0,5,31,0,36,34,0,34,70
09/03/2013,HKY,NC,ASO,ES,Federal Contract Tower,0,2,8,0,10,0,2,46,0,48,0,4,54,0,58,100,0,100,158
09/04/2013,HKY,NC,ASO,ES,Federal Contract Tower,0,8,13,1,22,0,1,72,8,81,0,9,85,9,103,50,0,50,153
09/05/2013,HKY,NC,ASO,ES,Federal Contract Tower,0,9,12,0,21,0,5,45,0,50,0,14,57,0,71,58,0,58,129
09/06/2013,HKY,NC,ASO,ES,Federal Contract Tower,0,3,19,0,22,0,9,32,3,44,0,12,51,3,66,18,0,18,84
09/07/2013,HKY,NC,ASO,ES,Federal Contract Tower,0,0,1,0,1,0,0,0,0,0,0,0,1,0,1,30,0,30,31
09/08/2013,HKY,NC,ASO,ES,Federal Contract Tower,0,6,9,0,15,0,6,31,0,37,0,12,40,0,52,2,0,2,54
09/09/2013,HKY,NC,ASO,ES,Federal Contract Tower,0,6,7,0,13,0,2,27,3,32,0,8,34,3,45,38,0,38,83
09/10/2013,HKY,NC,ASO,ES,Federal Contract Tower,0,3,14,0,17,0,4,39,2,45,0,7,53,2,62,46,0,46,108
09/11/2013,HKY,NC,ASO,ES,Federal Contract Tower,0,8,9,2,19,0,8,40,7,55,0,16,49,9,74,50,0,50,124
09/12/2013,HKY,NC,ASO,ES,Federal Contract Tower,0,4,10,0,14,0,6,50,0,56,0,10,60,0,70,66,0,66,136
09/13/2013,HKY,NC,ASO,ES,Federal Contract Tower,0,7,9,0,16,0,13,42,3,58,0,20,51,3,74,76,0,76,150
09/14/2013,HKY,NC,ASO,ES,Federal Contract Tower,0,0,10,0,10,0,8,131,0,139,0,8,141,0,149,110,0,110,259
09/15/2013,HKY,NC,ASO,ES,Federal Contract Tower,0,4,9,0,13,0,3,30,3,36,0,7,39,3,49,8,0,8,57
09/16/2013,HKY,NC,ASO,ES,Federal Contract Tower,0,6,14,0,20,0,10,25,0,35,0,16,39,0,55,34,0,34,89
09/17/2013,HKY,NC,ASO,ES,Federal Contract Tower,0,11,17,0,28,0,13,46,0,59,0,24,63,0,87,32,0,32,119
09/18/2013,HKY,NC,ASO,ES,Federal Contract Tower,0,10,10,0,20,0,15,48,0,63,0,25,58,0,83,38,0,38,121
09/19/2013,HKY,NC,ASO,ES,Federal Contract Tower,0,11,5,0,16,0,13,55,0,68,0,24,60,0,84,86,0,86,170
09/20/2013,HKY,NC,ASO,ES,Federal Contract Tower,0,6,15,0,21,0,3,47,2,52,0,9,62,2,73,52,0,52,125
09/21/2013,HKY,NC,ASO,ES,Federal Contract Tower,0,4,4,0,8,0,1,3,0,4,0,5,7,0,12,12,0,12,24
09/22/2013,HKY,NC,ASO,ES,Federal Contract Tower,0,0,8,0,8,0,4,44,0,48,0,4,52,0,56,46,0,46,102
09/23/2013,HKY,NC,ASO,ES,Federal Contract Tower,0,4,9,0,13,0,3,40,0,43,0,7,49,0,56,38,0,38,94
09/24/2013,HKY,NC,ASO,ES,Federal Contract Tower,0,12,7,0,19,0,1,41,10,52,0,13,48,10,71,38,0,38,109
09/25/2013,HKY,NC,ASO,ES,Federal Contract Tower,0,2,19,4,25,0,0,3,1,4,0,2,22,5,29,16,0,16,45
09/26/2013,HKY,NC,ASO,ES,Federal Contract Tower,0,1,30,0,31,0,2,23,4,29,0,3,53,4,60,6,0,6,66
09/27/2013,HKY,NC,ASO,ES,Federal Contract Tower,0,0,29,0,29,0,2,56,0,58,0,2,85,0,87,98,0,98,185
09/28/2013,HKY,NC,ASO,ES,Federal Contract Tower,0,0,10,0,10,0,4,46,0,50,0,4,56,0,60,58,0,58,118
09/29/2013,HKY,NC,ASO,ES,Federal Contract Tower,0,3,13,0,16,0,14,28,0,42,0,17,41,0,58,36,0,36,94
09/30/2013,HKY,NC,ASO,ES,Federal Contract Tower,0,2,6,0,8,0,5,37,4,46,0,7,43,4,54,56,0,56,110
10/01/2013,HKY,NC,ASO,ES,Federal Contract Tower,0,3,3,0,6,0,4,50,9,63,0,7,53,9,69,90,19,109,178
10/02/2013,HKY,NC,ASO,ES,Federal Contract Tower,0,1,17,1,19,0,3,39,6,48,0,4,56,7,67,14,0,14,81
10/03/2013,HKY,NC,ASO,ES,Federal Contract Tower,0,3,24,0,27,0,8,49,5,62,0,11,73,5,89,52,0,52,141
10/04/2013,HKY,NC,ASO,ES,Federal Contract Tower,0,6,6,0,12,0,2,27,8,37,0,8,33,8,49,56,0,56,105
10/05/2013,HKY,NC,ASO,ES,Federal Contract Tower,0,1,9,0,10,0,4,118,0,122,0,5,127,0,132,66,0,66,198
10/06/2013,HKY,NC,ASO,ES,Federal Contract Tower,0,2,7,0,9,0,2,12,0,14,0,4,19,0,23,6,0,6,29
10/07/2013,HKY,NC,ASO,ES,Federal Contract Tower,0,4,3,2,9,0,1,8,0,9,0,5,11,2,18,0,0,0,18
10/08/2013,HKY,NC,ASO,ES,Federal Contract Tower,0,4,9,0,13,0,24,32,0,56,0,28,41,0,69,34,0,34,103
10/09/2013,HKY,NC,ASO,ES,Federal Contract Tower,0,1,10,0,11,0,4,30,3,37,0,5,40,3,48,36,0,36,84
10/10/2013,HKY,NC,ASO,ES,Federal Contract Tower,0,2,17,0,19,0,0,25,1,26,0,2,42,1,45,60,0,60,105
10/11/2013,HKY,NC,ASO,ES,Federal Contract Tower,0,6,9,2,17,0,5,56,0,61,0,11,65,2,78,68,0,68,146
10/12/2013,HKY,NC,ASO,ES,Federal Contract Tower,0,9,8,0,17,0,7,24,0,31,0,16,32,0,48,28,0,28,76
10/13/2013,HKY,NC,ASO,ES,Federal Contract Tower,0,1,22,0,23,0,5,12,0,17,0,6,34,0,40,2,0,2,42
10/14/2013,HKY,NC,ASO,ES,Federal Contract Tower,0,9,13,0,22,0,5,15,0,20,0,14,28,0,42,38,0,38,80
10/15/2013,HKY,NC,ASO,ES,Federal Contract Tower,0,13,11,0,24,0,13,27,1,41,0,26,38,1,65,24,0,24,89
10/16/2013,HKY,NC,ASO,ES,Federal Contract Tower,0,7,28,0,35,0,2,49,5,56,0,9,77,5,91,44,0,44,135
10/17/2013,HKY,NC,ASO,ES,Federal Contract Tower,0,12,21,0,33,0,0,4,0,4,0,12,25,0,37,2,0,2,39
10/18/2013,HKY,NC,ASO,ES,Federal Contract Tower,0,6,20,0,26,0,3,24,1,28,0,9,44,1,54,22,0,22,76
10/19/2013,HKY,NC,ASO,ES,Federal Contract Tower,0,6,11,0,17,0,0,10,0,10,0,6,21,0,27,0,0,0,27
10/20/2013,HKY,NC,ASO,ES,Federal Contract Tower,0,12,15,0,27,0,16,22,0,38,0,28,37,0,65,10,0,10,75
10/21/2013,HKY,NC,ASO,ES,Federal Contract Tower,0,8,16,0,24,0,7,27,3,37,0,15,43,3,61,12,0,12,73
10/22/2013,HKY,NC,ASO,ES,Federal Contract Tower,0,7,8,0,15,0,15,33,4,52,0,22,41,4,67,32,0,32,99
10/23/2013,HKY,NC,ASO,ES,Federal Contract Tower,0,2,10,0,12,0,0,22,0,22,0,2,32,0,34,44,0,44,78
10/24/2013,HKY,NC,ASO,ES,Federal Contract Tower,0,8,7,0,15,0,2,46,0,48,0,10,53,0,63,80,0,80,143
10/25/2013,HKY,NC,ASO,ES,Federal Contract Tower,0,3,13,0,16,0,5,44,0,49,0,8,57,0,65,38,0,38,103
10/26/2013,HKY,NC,ASO,ES,Federal Contract Tower,0,0,5,1,6,0,2,66,0,68,0,2,71,1,74,44,0,44,118
10/27/2013,HKY,NC,ASO,ES,Federal Contract Tower,0,2,16,1,19,0,4,52,0,56,0,6,68,1,75,36,0,36,111
10/28/2013,HKY,NC,ASO,ES,Federal Contract Tower,0,0,26,0,26,0,10,25,0,35,0,10,51,0,61,20,0,20,81
10/29/2013,HKY,NC,ASO,ES,Federal Contract Tower,0,8,9,0,17,0,13,58,2,73,0,21,67,2,90,52,0,52,142
10/30/2013,HKY,NC,ASO,ES,Federal Contract Tower,0,1,21,0,22,0,4,37,0,41,0,5,58,0,63,24,0,24,87
10/31/2013,HKY,NC,ASO,ES,Federal Contract Tower,0,0,24,0,24,0,3,40,8,51,0,3,64,8,75,76,0,76,151
11/01/2013,HKY,NC,ASO,ES,Federal Contract Tower,0,2,8,0,10,0,6,8,3,17,0,8,16,3,27,6,0,6,33
11/02/2013,HKY,NC,ASO,ES,Federal Contract Tower,0,4,0,0,4,0,3,116,3,122,0,7,116,3,126,8,0,8,134
11/03/2013,HKY,NC,ASO,ES,Federal Contract Tower,0,1,4,0,5,0,6,22,0,28,0,7,26,0,33,0,0,0,33
11/04/2013,HKY,NC,ASO,ES,Federal Contract Tower,0,8,7,0,15,0,9,35,4,48,0,17,42,4,63,8,0,8,71
11/05/2013,HKY,NC,ASO,ES,Federal Contract Tower,0,4,1,0,5,0,4,37,8,49,0,8,38,8,54,78,0,78,132
11/06/2013,HKY,NC,ASO,ES,Federal Contract Tower,0,8,14,0,22,0,5,49,0,54,0,13,63,0,76,64,0,64,140
11/07/2013,HKY,NC,ASO,ES,Federal Contract Tower,0,0,13,0,13,0,4,12,2,18,0,4,25,2,31,0,0,0,31
11/08/2013,HKY,NC,ASO,ES,Federal Contract Tower,0,6,9,0,15,0,14,51,0,65,0,20,60,0,80,86,0,86,166
11/09/2013,HKY,NC,ASO,ES,Federal Contract Tower,0,0,1,0,1,0,2,44,1,47,0,2,45,1,48,26,0,26,74
11/10/2013,HKY,NC,ASO,ES,Federal Contract Tower,0,2,8,0,10,0,4,24,3,31,0,6,32,3,41,8,0,8,49
11/11/2013,HKY,NC,ASO,ES,Federal Contract Tower,0,2,9,0,11,0,8,50,10,68,0,10,59,10,79,96,0,96,175
11/12/2013,HKY,NC,ASO,ES,Federal Contract Tower,0,2,9,0,11,0,4,8,4,16,0,6,17,4,27,28,0,28,55
11/13/2013,HKY,NC,ASO,ES,Federal Contract Tower,0,0,7,0,7,0,7,32,1,40,0,7,39,1,47,28,0,28,75
11/14/2013,HKY,NC,ASO,ES,Federal Contract Tower,0,0,18,0,18,0,2,42,7,51,0,2,60,7,69,58,0,58,127
11/15/2013,HKY,NC,ASO,ES,Federal Contract Tower,0,6,17,0,23,0,7,28,3,38,0,13,45,3,61,16,0,16,77
11/16/2013,HKY,NC,ASO,ES,Federal Contract Tower,0,0,12,0,12,0,5,0,0,5,0,5,12,0,17,0,0,0,17
11/17/2013,HKY,NC,ASO,ES,Federal Contract Tower,0,5,8,0,13,0,0,0,0,0,0,5,8,0,13,0,0,0,13
11/18/2013,HKY,NC,ASO,ES,Federal Contract Tower,0,4,3,0,7,0,7,24,0,31,0,11,27,0,38,18,0,18,56
11/19/2013,HKY,NC,ASO,ES,Federal Contract Tower,0,7,7,0,14,0,7,54,0,61,0,14,61,0,75,60,0,60,135
11/20/2013,HKY,NC,ASO,ES,Federal Contract Tower,0,3,2,0,5,0,0,50,0,50,0,3,52,0,55,24,0,24,79
11/21/2013,HKY,NC,ASO,ES,Federal Contract Tower,0,1,11,0,12,0,2,12,10,24,0,3,23,10,36,6,0,6,42
11/22/2013,HKY,NC,ASO,ES,Federal Contract Tower,0,2,20,0,22,0,0,2,0,2,0,2,22,0,24,0,0,0,24
11/23/2013,HKY,NC,ASO,ES,Federal Contract Tower,0,2,8,0,10,0,2,19,0,21,0,4,27,0,31,12,0,12,43
11/24/2013,HKY,NC,ASO,ES,Federal Contract Tower,0,0,7,0,7,0,2,15,0,17,0,2,22,0,24,22,0,22,46
11/25/2013,HKY,NC,ASO,ES,Federal Contract Tower,0,3,8,0,11,0,7,31,2,40,0,10,39,2,51,18,2,20,71
11/26/2013,HKY,NC,ASO,ES,Federal Contract Tower,0,2,4,0,6,0,0,0,0,0,0,2,4,0,6,0,0,0,6
11/27/2013,HKY,NC,ASO,ES,Federal Contract Tower,0,3,7,0,10,0,2,3,0,5,0,5,10,0,15,0,0,0,15
11/28/2013,HKY,NC,ASO,ES,Federal Contract Tower,0,1,8,0,9,0,1,7,0,8,0,2,15,0,17,0,0,0,17
11/29/2013,HKY,NC,ASO,ES,Federal Contract Tower,0,0,12,0,12,0,5,56,0,61,0,5,68,0,73,42,0,42,115
11/30/2013,HKY,NC,ASO,ES,Federal Contract Tower,0,1,10,0,11,0,2,43,0,45,0,3,53,0,56,22,0,22,78
12/01/2013,HKY,NC,ASO,ES,Federal Contract Tower,0,3,7,0,10,0,7,31,0,38,0,10,38,0,48,4,0,4,52
12/02/2013,HKY,NC,ASO,ES,Federal Contract Tower,0,5,9,0,14,0,11,26,4,41,0,16,35,4,55,26,12,38,93
12/03/2013,HKY,NC,ASO,ES,Federal Contract Tower,0,4,19,0,23,0,5,24,0,29,0,9,43,0,52,42,0,42,94
12/04/2013,HKY,NC,ASO,ES,Federal Contract Tower,0,1,5,0,6,0,0,0,0,0,0,1,5,0,6,0,0,0,6
12/05/2013,HKY,NC,ASO,ES,Federal Contract Tower,0,0,12,0,12,0,0,0,0,0,0,0,12,0,12,0,0,0,12
12/06/2013,HKY,NC,ASO,ES,Federal Contract Tower,0,1,2,0,3,0,5,4,0,9,0,6,6,0,12,0,0,0,12
12/07/2013,HKY,NC,ASO,ES,Federal Contract Tower,0,3,5,1,9,0,4,39,0,43,0,7,44,1,52,14,0,14,66
12/08/2013,HKY,NC,ASO,ES,Federal Contract Tower,0,1,4,0,5,0,0,0,0,0,0,1,4,0,5,0,0,0,5
12/09/2013,HKY,NC,ASO,ES,Federal Contract Tower,0,0,5,0,5,0,0,0,0,0,0,0,5,0,5,0,0,0,5
12/10/2013,HKY,NC,ASO,ES,Federal Contract Tower,0,3,5,0,8,0,2,11,0,13,0,5,16,0,21,4,0,4,25
12/11/2013,HKY,NC,ASO,ES,Federal Contract Tower,0,0,17,0,17,0,2,34,2,38,0,2,51,2,55,60,0,60,115
12/12/2013,HKY,NC,ASO,ES,Federal Contract Tower,0,3,10,0,13,0,6,60,0,66,0,9,70,0,79,38,0,38,117
12/13/2013,HKY,NC,ASO,ES,Federal Contract Tower,0,4,6,0,10,0,4,50,2,56,0,8,56,2,66,28,0,28,94
12/14/2013,HKY,NC,ASO,ES,Federal Contract Tower,0,2,0,0,2,0,0,0,0,0,0,2,0,0,2,0,0,0,2
12/15/2013,HKY,NC,ASO,ES,Federal Contract Tower,0,0,7,0,7,0,5,14,0,19,0,5,21,0,26,12,0,12,38
12/16/2013,HKY,NC,ASO,ES,Federal Contract Tower,0,6,6,0,12,0,3,44,6,53,0,9,50,6,65,52,0,52,117
12/17/2013,HKY,NC,ASO,ES,Federal Contract Tower,0,4,8,0,12,0,13,33,0,46,0,17,41,0,58,38,0,38,96
12/18/2013,HKY,NC,ASO,ES,Federal Contract Tower,0,0,10,0,10,0,6,30,3,39,0,6,40,3,49,24,0,24,73
12/19/2013,HKY,NC,ASO,ES,Federal Contract Tower,0,0,7,0,7,0,3,38,0,41,0,3,45,0,48,34,0,34,82
12/20/2013,HKY,NC,ASO,ES,Federal Contract Tower,0,4,9,0,13,0,9,45,1,55,0,13,54,1,68,44,8,52,120
12/21/2013,HKY,NC,ASO,ES,Federal Contract Tower,0,10,15,0,25,0,7,20,0,27,0,17,35,0,52,16,0,16,68
12/22/2013,HKY,NC,ASO,ES,Federal Contract Tower,0,3,2,0,5,0,0,0,0,0,0,3,2,0,5,0,0,0,5
12/23/2013,HKY,NC,ASO,ES,Federal Contract Tower,0,4,7,0,11,0,0,4,0,4,0,4,11,0,15,0,0,0,15
12/24/2013,HKY,NC,ASO,ES,Federal Contract Tower,0,3,1,0,4,0,6,10,0,16,0,9,11,0,20,0,0,0,20
12/25/2013,HKY,NC,ASO,ES,Federal Contract Tower,0,1,0,0,1,0,7,9,0,16,0,8,9,0,17,0,0,0,17
12/26/2013,HKY,NC,ASO,ES,Federal Contract Tower,0,2,5,0,7,0,3,73,0,76,0,5,78,0,83,26,0,26,109
12/27/2013,HKY,NC,ASO,ES,Federal Contract Tower,0,0,13,0,13,0,11,61,2,74,0,11,74,2,87,56,0,56,143
12/28/2013,HKY,NC,ASO,ES,Federal Contract Tower,0,2,17,0,19,0,7,42,0,49,0,9,59,0,68,44,0,44,112
12/29/2013,HKY,NC,ASO,ES,Federal Contract Tower,0,7,3,0,10,0,5,2,0,7,0,12,5,0,17,0,0,0,17
12/30/2013,HKY,NC,ASO,ES,Federal Contract Tower,0,4,9,0,13,0,9,42,0,51,0,13,51,0,64,20,0,20,84
12/31/2013,HKY,NC,ASO,ES,Federal Contract Tower,0,1,7,0,8,0,4,34,2,40,0,5,41,2,48,8,0,8,56
01/01/2014,HKY,NC,ASO,ES,Federal Contract Tower,0,0,7,0,7,0,1,33,0,34,0,1,40,0,41,40,0,40,81
01/02/2014,HKY,NC,ASO,ES,Federal Contract Tower,0,0,2,0,2,0,0,0,0,0,0,0,2,0,2,0,0,0,2
01/03/2014,HKY,NC,ASO,ES,Federal Contract Tower,0,0,5,0,5,0,2,7,0,9,0,2,12,0,14,0,0,0,14
01/04/2014,HKY,NC,ASO,ES,Federal Contract Tower,0,0,10,0,10,0,0,110,0,110,0,0,120,0,120,50,0,50,170
01/05/2014,HKY,NC,ASO,ES,Federal Contract Tower,0,4,2,0,6,0,0,0,0,0,0,4,2,0,6,0,0,0,6
01/06/2014,HKY,NC,ASO,ES,Federal Contract Tower,0,2,4,0,6,0,0,0,0,0,0,2,4,0,6,0,0,0,6
01/07/2014,HKY,NC,ASO,ES,Federal Contract Tower,0,2,5,0,7,0,14,0,0,14,0,16,5,0,21,14,0,14,35
01/08/2014,HKY,NC,ASO,ES,Federal Contract Tower,0,3,7,0,10,0,2,21,0,23,0,5,28,0,33,26,0,26,59
01/09/2014,HKY,NC,ASO,ES,Federal Contract Tower,0,1,2,0,3,0,6,25,5,36,0,7,27,5,39,16,0,16,55
01/10/2014,HKY,NC,ASO,ES,Federal Contract Tower,0,4,2,0,6,0,0,0,0,0,0,4,2,0,6,0,0,0,6
01/11/2014,HKY,NC,ASO,ES,Federal Contract Tower,0,0,0,0,0,0,0,0,0,0,0,0,0,0,0,0,0,0,0
01/12/2014,HKY,NC,ASO,ES,Federal Contract Tower,0,2,2,0,4,0,4,28,0,32,0,6,30,0,36,30,0,30,66
01/13/2014,HKY,NC,ASO,ES,Federal Contract Tower,0,3,7,0,10,0,9,11,4,24,0,12,18,4,34,38,0,38,72
01/14/2014,HKY,NC,ASO,ES,Federal Contract Tower,0,2,2,0,4,0,5,10,0,15,0,7,12,0,19,0,0,0,19
01/15/2014,HKY,NC,ASO,ES,Federal Contract Tower,0,1,15,0,16,0,0,27,0,27,0,1,42,0,43,22,0,22,65
01/16/2014,HKY,NC,ASO,ES,Federal Contract Tower,0,1,14,0,15,0,9,32,3,44,0,10,46,3,59,12,6,18,77
01/17/2014,HKY,NC,ASO,ES,Federal Contract Tower,0,3,5,0,8,0,4,33,0,37,0,7,38,0,45,16,0,16,61
01/18/2014,HKY,NC,ASO,ES,Federal Contract Tower,0,0,11,0,11,0,5,38,0,43,0,5,49,0,54,8,0,8,62
01/19/2014,HKY,NC,ASO,ES,Federal Contract Tower,0,1,5,0,6,0,2,21,0,23,0,3,26,0,29,14,0,14,43
01/20/2014,HKY,NC,ASO,ES,Federal Contract Tower,0,6,3,0,9,0,13,57,0,70,0,19,60,0,79,64,0,64,143
01/21/2014,HKY,NC,ASO,ES,Federal Contract Tower,0,6,0,0,6,0,1,9,0,10,0,7,9,0,16,6,0,6,22
01/22/2014,HKY,NC,ASO,ES,Federal Contract Tower,0,7,6,0,13,0,3,24,13,40,0,10,30,13,53,40,0,40,93
01/23/2014,HKY,NC,ASO,ES,Federal Contract Tower,0,2,2,0,4,0,2,12,0,14,0,4,14,0,18,8,0,8,26
01/24/2014,HKY,NC,ASO,ES,Federal Contract Tower,0,4,1,0,5,0,9,15,16,40,0,13,16,16,45,16,7,23,68
01/25/2014,HKY,NC,ASO,ES,Federal Contract Tower,0,2,4,0,6,0,3,8,0,11,0,5,12,0,17,0,0,0,17
01/26/2014,HKY,NC,ASO,ES,Federal Contract Tower,0,6,8,0,14,0,3,46,2,51,0,9,54,2,65,20,0,20,85
01/27/2014,HKY,NC,ASO,ES,Federal Contract Tower,0,0,7,0,7,0,15,23,2,40,0,15,30,2,47,40,0,40,87
01/28/2014,HKY,NC,ASO,ES,Federal Contract Tower,0,7,3,0,10,0,2,0,0,2,0,9,3,0,12,0,0,0,12
01/29/2014,HKY,NC,ASO,ES,Federal Contract Tower,0,2,6,0,8,0,3,6,0,9,0,5,12,0,17,6,0,6,23
01/30/2014,HKY,NC,ASO,ES,Federal Contract Tower,0,3,0,2,5,0,0,0,0,0,0,3,0,2,5,16,0,16,21
01/31/2014,HKY,NC,ASO,ES,Federal Contract Tower,0,8,4,0,12,0,13,40,0,53,0,21,44,0,65,28,0,28,93
02/01/2014,HKY,NC,ASO,ES,Federal Contract Tower,0,1,6,0,7,0,2,102,0,104,0,3,108,0,111,18,0,18,129
02/02/2014,HKY,NC,ASO,ES,Federal Contract Tower,0,2,0,0,2,0,3,16,0,19,0,5,16,0,21,16,0,16,37
02/03/2014,HKY,NC,ASO,ES,Federal Contract Tower,0,2,9,0,11,0,4,2,0,6,0,6,11,0,17,2,0,2,19
02/04/2014,HKY,NC,ASO,ES,Federal Contract Tower,0,2,2,0,4,0,1,5,2,8,0,3,7,2,12,16,0,16,28
02/05/2014,HKY,NC,ASO,ES,Federal Contract Tower,0,3,5,0,8,0,2,7,0,9,0,5,12,0,17,0,0,0,17
02/06/2014,HKY,NC,ASO,ES,Federal Contract Tower,0,7,5,0,12,0,3,37,0,40,0,10,42,0,52,38,0,38,90
02/07/2014,HKY,NC,ASO,ES,Federal Contract Tower,0,4,1,0,5,0,13,38,0,51,0,17,39,0,56,16,0,16,72
02/08/2014,HKY,NC,ASO,ES,Federal Contract Tower,0,0,0,0,0,0,4,45,0,49,0,4,45,0,49,27,0,27,76
02/09/2014,HKY,NC,ASO,ES,Federal Contract Tower,0,2,0,0,2,0,4,22,0,26,0,6,22,0,28,0,0,0,28
02/10/2014,HKY,NC,ASO,ES,Federal Contract Tower,0,3,1,0,4,0,2,2,0,4,0,5,3,0,8,2,0,2,10
02/11/2014,HKY,NC,ASO,ES,Federal Contract Tower,0,4,4,0,8,0,1,3,0,4,0,5,7,0,12,0,0,0,12
02/12/2014,HKY,NC,ASO,ES,Federal Contract Tower,0,0,12,0,12,0,2,0,0,2,0,2,12,0,14,0,0,0,14
02/13/2014,HKY,NC,ASO,ES,Federal Contract Tower,0,0,1,0,1,0,3,0,0,3,0,3,1,0,4,0,0,0,4
02/14/2014,HKY,NC,ASO,ES,Federal Contract Tower,0,6,8,0,14,0,0,30,2,32,0,6,38,2,46,0,0,0,46
02/15/2014,HKY,NC,ASO,ES,Federal Contract Tower,0,0,1,0,1,0,7,12,0,19,0,7,13,0,20,8,0,8,28
02/16/2014,HKY,NC,ASO,ES,Federal Contract Tower,0,3,4,0,7,0,2,32,0,34,0,5,36,0,41,12,0,12,53
02/17/2014,HKY,NC,ASO,ES,Federal Contract Tower,0,2,3,0,5,0,12,51,4,67,0,14,54,4,72,24,0,24,96
02/18/2014,HKY,NC,ASO,ES,Federal Contract Tower,0,4,8,2,14,0,11,53,24,88,0,15,61,26,102,74,2,76,178
02/19/2014,HKY,NC,ASO,ES,Federal Contract Tower,0,7,8,0,15,0,12,15,8,35,0,19,23,8,50,12,6,18,68
02/20/2014,HKY,NC,ASO,ES,Federal Contract Tower,0,4,10,2,16,0,5,24,0,29,0,9,34,2,45,26,0,26,71
02/21/2014,HKY,NC,ASO,ES,Federal Contract Tower,0,3,4,0,7,0,3,29,0,32,0,6,33,0,39,28,0,28,67
02/22/2014,HKY,NC,ASO,ES,Federal Contract Tower,0,0,7,0,7,0,1,56,8,65,0,1,63,8,72,40,0,40,112
02/23/2014,HKY,NC,ASO,ES,Federal Contract Tower,0,3,5,0,8,0,2,32,2,36,0,5,37,2,44,14,0,14,58
02/24/2014,HKY,NC,ASO,ES,Federal Contract Tower,0,0,3,0,3,1,7,35,3,46,1,7,38,3,49,22,0,22,71
02/25/2014,HKY,NC,ASO,ES,Federal Contract Tower,0,5,8,0,13,0,2,54,29,85,0,7,62,29,98,12,10,22,120
02/26/2014,HKY,NC,ASO,ES,Federal Contract Tower,0,4,6,0,10,0,1,23,3,27,0,5,29,3,37,28,0,28,65
02/27/2014,HKY,NC,ASO,ES,Federal Contract Tower,0,5,12,0,17,0,1,31,3,35,0,6,43,3,52,3,0,3,55
02/28/2014,HKY,NC,ASO,ES,Federal Contract Tower,0,9,5,0,14,0,16,54,7,77,0,25,59,7,91,42,0,42,133
03/01/2014,HKY,NC,ASO,ES,Federal Contract Tower,0,0,8,0,8,0,10,122,2,134,0,10,130,2,142,76,0,76,218
03/02/2014,HKY,NC,ASO,ES,Federal Contract Tower,0,0,4,0,4,0,4,65,2,71,0,4,69,2,75,28,0,28,103
03/03/2014,HKY,NC,ASO,ES,Federal Contract Tower,0,3,2,0,5,0,0,1,0,1,0,3,3,0,6,0,0,0,6
03/04/2014,HKY,NC,ASO,ES,Federal Contract Tower,0,10,6,0,16,0,9,26,6,41,0,19,32,6,57,18,2,20,77
03/05/2014,HKY,NC,ASO,ES,Federal Contract Tower,0,6,15,0,21,0,4,54,1,59,0,10,69,1,80,44,0,44,124
03/06/2014,HKY,NC,ASO,ES,Federal Contract Tower,0,3,17,0,20,0,0,30,0,30,0,3,47,0,50,14,0,14,64
03/07/2014,HKY,NC,ASO,ES,Federal Contract Tower,0,7,1,0,8,0,0,4,0,4,0,7,5,0,12,2,0,2,14
03/08/2014,HKY,NC,ASO,ES,Federal Contract Tower,0,9,10,0,19,0,0,61,0,61,0,9,71,0,80,21,0,21,101
03/09/2014,HKY,NC,ASO,ES,Federal Contract Tower,0,7,4,0,11,0,2,39,0,41,0,9,43,0,52,18,0,18,70
03/10/2014,HKY,NC,ASO,ES,Federal Contract Tower,0,6,13,0,19,0,9,34,9,52,0,15,47,9,71,56,0,56,127
03/11/2014,HKY,NC,ASO,ES,Federal Contract Tower,0,7,4,0,11,0,7,31,3,41,0,14,35,3,52,60,0,60,112
03/12/2014,HKY,NC,ASO,ES,Federal Contract Tower,0,5,0,0,5,0,10,1,0,11,0,15,1,0,16,0,0,0,16
03/13/2014,HKY,NC,ASO,ES,Federal Contract Tower,0,4,5,0,9,0,12,20,6,38,0,16,25,6,47,32,0,32,79
03/14/2014,HKY,NC,ASO,ES,Federal Contract Tower,0,8,4,0,12,0,2,40,0,42,0,10,44,0,54,26,3,29,83
03/15/2014,HKY,NC,ASO,ES,Federal Contract Tower,0,2,8,0,10,0,0,36,10,46,0,2,44,10,56,26,1,27,83
03/16/2014,HKY,NC,ASO,ES,Federal Contract Tower,0,3,4,3,10,0,0,0,0,0,0,3,4,3,10,0,0,0,10
03/17/2014,HKY,NC,ASO,ES,Federal Contract Tower,0,3,0,0,3,0,0,0,0,0,0,3,0,0,3,0,0,0,3
03/18/2014,HKY,NC,ASO,ES,Federal Contract Tower,0,5,6,0,11,0,0,0,0,0,0,5,6,0,11,0,0,0,11
03/19/2014,HKY,NC,ASO,ES,Federal Contract Tower,0,7,10,1,18,0,0,2,0,2,0,7,12,1,20,16,0,16,36
03/20/2014,HKY,NC,ASO,ES,Federal Contract Tower,0,4,4,0,8,0,3,47,3,53,0,7,51,3,61,24,0,24,85
03/21/2014,HKY,NC,ASO,ES,Federal Contract Tower,0,5,18,0,23,0,2,41,20,63,0,7,59,20,86,72,0,72,158
03/22/2014,HKY,NC,ASO,ES,Federal Contract Tower,0,2,1,0,3,0,4,55,2,61,0,6,56,2,64,63,0,63,127
03/23/2014,HKY,NC,ASO,ES,Federal Contract Tower,0,1,2,0,3,0,10,6,1,17,0,11,8,1,20,14,0,14,34
03/24/2014,HKY,NC,ASO,ES,Federal Contract Tower,0,10,4,0,14,0,3,48,0,51,0,13,52,0,65,36,0,36,101
03/25/2014,HKY,NC,ASO,ES,Federal Contract Tower,0,6,2,0,8,0,25,0,0,25,0,31,2,0,33,24,0,24,57
03/26/2014,HKY,NC,ASO,ES,Federal Contract Tower,0,4,6,0,10,0,22,32,14,68,0,26,38,14,78,24,6,30,108
03/27/2014,HKY,NC,ASO,ES,Federal Contract Tower,0,9,2,0,11,0,14,26,0,40,0,23,28,0,51,30,0,30,81
03/28/2014,HKY,NC,ASO,ES,Federal Contract Tower,0,1,11,0,12,0,1,4,0,5,0,2,15,0,17,4,1,5,22
03/29/2014,HKY,NC,ASO,ES,Federal Contract Tower,0,0,0,0,0,0,0,0,0,0,0,0,0,0,0,0,0,0,0
03/30/2014,HKY,NC,ASO,ES,Federal Contract Tower,0,2,2,0,4,0,6,4,2,12,0,8,6,2,16,0,1,1,17
03/31/2014,HKY,NC,ASO,ES,Federal Contract Tower,0,3,6,0,9,0,16,25,0,41,0,19,31,0,50,24,0,24,74
04/01/2014,HKY,NC,ASO,ES,Federal Contract Tower,0,8,1,0,9,0,7,47,15,69,0,15,48,15,78,46,0,46,124
04/02/2014,HKY,NC,ASO,ES,Federal Contract Tower,0,0,6,0,6,0,12,55,4,71,0,12,61,4,77,30,0,30,107
04/03/2014,HKY,NC,ASO,ES,Federal Contract Tower,0,5,10,0,15,0,4,39,2,45,0,9,49,2,60,76,0,76,136
04/04/2014,HKY,NC,ASO,ES,Federal Contract Tower,0,6,6,0,12,0,3,12,1,16,0,9,18,1,28,0,0,0,28
04/05/2014,HKY,NC,ASO,ES,Federal Contract Tower,0,1,4,0,5,0,0,136,4,140,0,1,140,4,145,40,0,40,185
04/06/2014,HKY,NC,ASO,ES,Federal Contract Tower,0,1,7,0,8,0,9,37,0,46,0,10,44,0,54,12,0,12,66
04/07/2014,HKY,NC,ASO,ES,Federal Contract Tower,0,4,4,0,8,0,0,0,0,0,0,4,4,0,8,0,0,0,8
04/08/2014,HKY,NC,ASO,ES,Federal Contract Tower,0,10,7,0,17,0,1,24,6,31,0,11,31,6,48,40,0,40,88
04/09/2014,HKY,NC,ASO,ES,Federal Contract Tower,0,2,1,0,3,0,16,24,12,52,0,18,25,12,55,6,0,6,61
04/10/2014,HKY,NC,ASO,ES,Federal Contract Tower,0,5,3,0,8,0,9,43,0,52,0,14,46,0,60,34,0,34,94
04/11/2014,HKY,NC,ASO,ES,Federal Contract Tower,0,5,8,0,13,0,2,30,0,32,0,7,38,0,45,36,0,36,81
04/12/2014,HKY,NC,ASO,ES,Federal Contract Tower,0,0,6,0,6,0,3,54,2,59,0,3,60,2,65,72,3,75,140
04/13/2014,HKY,NC,ASO,ES,Federal Contract Tower,0,5,9,0,14,0,9,38,12,59,0,14,47,12,73,8,10,18,91
04/14/2014,HKY,NC,ASO,ES,Federal Contract Tower,0,3,1,0,4,0,9,6,10,25,0,12,7,10,29,8,0,8,37
04/15/2014,HKY,NC,ASO,ES,Federal Contract Tower,0,8,2,0,10,0,4,1,0,5,0,12,3,0,15,0,0,0,15
04/16/2014,HKY,NC,ASO,ES,Federal Contract Tower,0,4,5,0,9,0,18,53,6,77,0,22,58,6,86,34,0,34,120
04/17/2014,HKY,NC,ASO,ES,Federal Contract Tower,0,6,11,0,17,0,9,45,8,62,0,15,56,8,79,8,0,8,87
04/18/2014,HKY,NC,ASO,ES,Federal Contract Tower,0,10,10,0,20,0,6,38,0,44,0,16,48,0,64,24,4,28,92
04/19/2014,HKY,NC,ASO,ES,Federal Contract Tower,0,2,4,4,10,0,0,2,0,2,0,2,6,4,12,0,0,0,12
04/20/2014,HKY,NC,ASO,ES,Federal Contract Tower,0,2,5,0,7,0,4,26,1,31,0,6,31,1,38,10,0,10,48
04/21/2014,HKY,NC,ASO,ES,Federal Contract Tower,0,11,4,0,15,0,9,52,0,61,0,20,56,0,76,28,0,28,104
04/22/2014,HKY,NC,ASO,ES,Federal Contract Tower,0,4,0,0,4,0,5,36,6,47,0,9,36,6,51,40,0,40,91
04/23/2014,HKY,NC,ASO,ES,Federal Contract Tower,0,8,4,0,12,0,20,50,4,74,0,28,54,4,86,28,0,28,114
04/24/2014,HKY,NC,ASO,ES,Federal Contract Tower,0,19,13,0,32,0,11,56,15,82,0,30,69,15,114,28,2,30,144
04/25/2014,HKY,NC,ASO,ES,Federal Contract Tower,0,5,4,0,9,0,0,0,3,3,0,5,4,3,12,0,0,0,12
04/26/2014,HKY,NC,ASO,ES,Federal Contract Tower,0,3,8,0,11,0,2,59,7,68,0,5,67,7,79,52,0,52,131
04/27/2014,HKY,NC,ASO,ES,Federal Contract Tower,0,7,15,0,22,0,3,55,8,66,0,10,70,8,88,44,0,44,132
04/28/2014,HKY,NC,ASO,ES,Federal Contract Tower,0,8,11,0,19,0,10,16,0,26,0,18,27,0,45,34,0,34,79
04/29/2014,HKY,NC,ASO,ES,Federal Contract Tower,0,6,4,0,10,0,0,0,0,0,0,6,4,0,10,0,0,0,10
04/30/2014,HKY,NC,ASO,ES,Federal Contract Tower,0,2,5,0,7,0,4,0,0,4,0,6,5,0,11,0,0,0,11
05/01/2014,HKY,NC,ASO,ES,Federal Contract Tower,0,12,12,0,24,0,4,23,2,29,0,16,35,2,53,40,2,42,95
05/02/2014,HKY,NC,ASO,ES,Federal Contract Tower,0,7,11,4,22,0,6,41,1,48,0,13,52,5,70,23,0,23,93
05/03/2014,HKY,NC,ASO,ES,Federal Contract Tower,0,3,14,0,17,0,6,159,3,168,0,9,173,3,185,16,0,16,201
05/04/2014,HKY,NC,ASO,ES,Federal Contract Tower,0,2,8,2,12,0,8,35,4,47,0,10,43,6,59,12,0,12,71
05/05/2014,HKY,NC,ASO,ES,Federal Contract Tower,0,8,7,0,15,0,19,20,7,46,0,27,27,7,61,6,0,6,67
05/06/2014,HKY,NC,ASO,ES,Federal Contract Tower,0,9,5,0,14,0,13,29,11,53,0,22,34,11,67,18,4,22,89
05/07/2014,HKY,NC,ASO,ES,Federal Contract Tower,0,12,11,0,23,0,19,37,7,63,0,31,48,7,86,26,0,26,112
05/08/2014,HKY,NC,ASO,ES,Federal Contract Tower,0,1,8,0,9,0,7,44,9,60,0,8,52,9,69,20,0,20,89
05/09/2014,HKY,NC,ASO,ES,Federal Contract Tower,0,7,4,0,11,0,0,27,2,29,0,7,31,2,40,20,0,20,60
05/10/2014,HKY,NC,ASO,ES,Federal Contract Tower,0,1,5,1,7,0,2,11,1,14,0,3,16,2,21,2,0,2,23
05/11/2014,HKY,NC,ASO,ES,Federal Contract Tower,0,0,2,0,2,0,0,16,3,19,0,0,18,3,21,22,0,22,43
05/12/2014,HKY,NC,ASO,ES,Federal Contract Tower,0,8,5,1,14,0,15,30,1,46,0,23,35,2,60,18,12,30,90
05/13/2014,HKY,NC,ASO,ES,Federal Contract Tower,0,10,4,0,14,0,12,35,0,47,0,22,39,0,61,44,0,44,105
05/14/2014,HKY,NC,ASO,ES,Federal Contract Tower,0,7,12,2,21,0,2,31,3,36,0,9,43,5,57,42,2,44,101
05/15/2014,HKY,NC,ASO,ES,Federal Contract Tower,0,13,2,0,15,0,0,0,0,0,0,13,2,0,15,0,0,0,15
05/16/2014,HKY,NC,ASO,ES,Federal Contract Tower,0,10,2,0,12,0,2,32,5,39,0,12,34,5,51,30,0,30,81
05/17/2014,HKY,NC,ASO,ES,Federal Contract Tower,0,7,2,0,9,0,2,65,3,70,0,9,67,3,79,68,0,68,147
05/18/2014,HKY,NC,ASO,ES,Federal Contract Tower,0,8,4,0,12,0,4,28,2,34,0,12,32,2,46,48,0,48,94
05/19/2014,HKY,NC,ASO,ES,Federal Contract Tower,0,12,1,0,13,0,8,42,5,55,0,20,43,5,68,46,0,46,114
05/20/2014,HKY,NC,ASO,ES,Federal Contract Tower,0,10,4,0,14,0,10,28,12,50,0,20,32,12,64,6,4,10,74
05/21/2014,HKY,NC,ASO,ES,Federal Contract Tower,0,7,2,0,9,0,7,17,6,30,0,14,19,6,39,6,0,6,45
05/22/2014,HKY,NC,ASO,ES,Federal Contract Tower,0,8,5,0,13,0,6,35,2,43,0,14,40,2,56,28,0,28,84
05/23/2014,HKY,NC,ASO,ES,Federal Contract Tower,0,5,8,0,13,0,3,37,3,43,0,8,45,3,56,96,0,96,152
05/24/2014,HKY,NC,ASO,ES,Federal Contract Tower,0,0,8,0,8,0,1,48,3,52,0,1,56,3,60,48,0,48,108
05/25/2014,HKY,NC,ASO,ES,Federal Contract Tower,0,4,2,0,6,0,14,13,1,28,0,18,15,1,34,4,0,4,38
05/26/2014,HKY,NC,ASO,ES,Federal Contract Tower,0,6,3,0,9,0,9,30,2,41,0,15,33,2,50,30,0,30,80
05/27/2014,HKY,NC,ASO,ES,Federal Contract Tower,0,14,3,0,17,0,3,35,0,38,0,17,38,0,55,56,0,56,111
05/28/2014,HKY,NC,ASO,ES,Federal Contract Tower,0,1,5,0,6,0,6,32,4,42,0,7,37,4,48,20,0,20,68
05/29/2014,HKY,NC,ASO,ES,Federal Contract Tower,0,12,7,0,19,0,2,29,6,37,0,14,36,6,56,14,6,20,76
05/30/2014,HKY,NC,ASO,ES,Federal Contract Tower,0,0,6,0,6,0,0,27,2,29,0,0,33,2,35,54,0,54,89
05/31/2014,HKY,NC,ASO,ES,Federal Contract Tower,0,0,14,0,14,0,6,23,5,34,0,6,37,5,48,36,2,38,86
06/01/2014,HKY,NC,ASO,ES,Federal Contract Tower,0,5,8,0,13,0,2,47,11,60,0,7,55,11,73,44,8,52,125
06/02/2014,HKY,NC,ASO,ES,Federal Contract Tower,0,5,6,0,11,0,2,35,6,43,0,7,41,6,54,10,6,16,70
06/03/2014,HKY,NC,ASO,ES,Federal Contract Tower,0,2,10,0,12,0,2,29,1,32,0,4,39,1,44,24,0,24,68
06/04/2014,HKY,NC,ASO,ES,Federal Contract Tower,0,8,1,0,9,0,2,39,2,43,0,10,40,2,52,40,0,40,92
06/05/2014,HKY,NC,ASO,ES,Federal Contract Tower,0,5,3,0,8,0,7,23,0,30,0,12,26,0,38,4,0,4,42
06/06/2014,HKY,NC,ASO,ES,Federal Contract Tower,0,10,1,0,11,0,7,42,4,53,0,17,43,4,64,76,0,76,140
06/07/2014,HKY,NC,ASO,ES,Federal Contract Tower,0,0,4,1,5,0,4,104,2,110,0,4,108,3,115,6,0,6,121
06/08/2014,HKY,NC,ASO,ES,Federal Contract Tower,0,7,8,0,15,0,9,16,0,25,0,16,24,0,40,6,0,6,46
06/09/2014,HKY,NC,ASO,ES,Federal Contract Tower,0,7,4,0,11,0,10,9,4,23,0,17,13,4,34,30,0,30,64
06/10/2014,HKY,NC,ASO,ES,Federal Contract Tower,0,15,4,0,19,0,7,31,2,40,0,22,35,2,59,66,0,66,125
06/11/2014,HKY,NC,ASO,ES,Federal Contract Tower,0,11,4,0,15,0,6,26,11,43,0,17,30,11,58,24,0,24,82
06/12/2014,HKY,NC,ASO,ES,Federal Contract Tower,0,22,11,0,33,0,3,14,0,17,0,25,25,0,50,40,1,41,91
06/13/2014,HKY,NC,ASO,ES,Federal Contract Tower,0,11,7,1,19,0,3,28,1,32,0,14,35,2,51,24,0,24,75
06/14/2014,HKY,NC,ASO,ES,Federal Contract Tower,0,2,6,0,8,0,10,42,0,52,0,12,48,0,60,40,0,40,100
06/15/2014,HKY,NC,ASO,ES,Federal Contract Tower,0,5,6,0,11,0,5,32,0,37,0,10,38,0,48,26,0,26,74
06/16/2014,HKY,NC,ASO,ES,Federal Contract Tower,0,12,2,0,14,0,8,16,0,24,0,20,18,0,38,8,0,8,46
06/17/2014,HKY,NC,ASO,ES,Federal Contract Tower,0,10,6,0,16,0,3,18,4,25,0,13,24,4,41,22,0,22,63
06/18/2014,HKY,NC,ASO,ES,Federal Contract Tower,0,9,7,2,18,0,13,25,4,42,0,22,32,6,60,8,0,8,68
06/19/2014,HKY,NC,ASO,ES,Federal Contract Tower,0,9,1,0,10,0,1,22,0,23,0,10,23,0,33,0,0,0,33
06/20/2014,HKY,NC,ASO,ES,Federal Contract Tower,0,14,5,0,19,0,4,26,4,34,0,18,31,4,53,36,0,36,89
06/21/2014,HKY,NC,ASO,ES,Federal Contract Tower,0,8,4,0,12,0,3,24,0,27,0,11,28,0,39,72,0,72,111
06/22/2014,HKY,NC,ASO,ES,Federal Contract Tower,0,9,6,0,15,0,7,26,14,47,0,16,32,14,62,6,0,6,68
06/23/2014,HKY,NC,ASO,ES,Federal Contract Tower,0,8,1,0,9,0,9,12,3,24,0,17,13,3,33,4,0,4,37
06/24/2014,HKY,NC,ASO,ES,Federal Contract Tower,0,9,4,2,15,0,2,24,2,28,0,11,28,4,43,54,0,54,97
06/25/2014,HKY,NC,ASO,ES,Federal Contract Tower,0,16,7,0,23,0,4,32,0,36,0,20,39,0,59,40,0,40,99
06/26/2014,HKY,NC,ASO,ES,Federal Contract Tower,0,8,7,0,15,0,6,47,10,63,0,14,54,10,78,52,0,52,130
06/27/2014,HKY,NC,ASO,ES,Federal Contract Tower,0,10,5,0,15,0,7,19,1,27,0,17,24,1,42,2,2,4,46
06/28/2014,HKY,NC,ASO,ES,Federal Contract Tower,0,8,5,0,13,0,0,8,0,8,0,8,13,0,21,8,0,8,29
06/29/2014,HKY,NC,ASO,ES,Federal Contract Tower,0,3,8,0,11,0,4,12,0,16,0,7,20,0,27,6,0,6,33
06/30/2014,HKY,NC,ASO,ES,Federal Contract Tower,0,9,17,0,26,0,5,21,0,26,0,14,38,0,52,24,0,24,76
07/01/2014,HKY,NC,ASO,ES,Federal Contract Tower,0,4,4,0,8,0,15,30,4,49,0,19,34,4,57,60,0,60,117
07/02/2014,HKY,NC,ASO,ES,Federal Contract Tower,0,6,1,0,7,0,4,31,1,36,0,10,32,1,43,22,0,22,65
07/03/2014,HKY,NC,ASO,ES,Federal Contract Tower,0,2,10,0,12,0,2,36,0,38,0,4,46,0,50,36,0,36,86
07/04/2014,HKY,NC,ASO,ES,Federal Contract Tower,0,1,0,0,1,0,3,16,0,19,0,4,16,0,20,24,0,24,44
07/05/2014,HKY,NC,ASO,ES,Federal Contract Tower,0,2,2,0,4,0,6,114,0,120,0,8,116,0,124,20,0,20,144
07/06/2014,HKY,NC,ASO,ES,Federal Contract Tower,0,4,8,0,12,0,1,14,0,15,0,5,22,0,27,0,0,0,27
07/07/2014,HKY,NC,ASO,ES,Federal Contract Tower,0,8,6,0,14,0,6,28,0,34,0,14,34,0,48,6,0,6,54
07/08/2014,HKY,NC,ASO,ES,Federal Contract Tower,0,13,4,1,18,0,6,38,4,48,0,19,42,5,66,26,0,26,92
07/09/2014,HKY,NC,ASO,ES,Federal Contract Tower,0,14,4,2,20,0,2,20,0,22,0,16,24,2,42,10,2,12,54
07/10/2014,HKY,NC,ASO,ES,Federal Contract Tower,0,7,6,1,14,0,0,6,0,6,0,7,12,1,20,0,0,0,20
07/11/2014,HKY,NC,ASO,ES,Federal Contract Tower,0,4,7,0,11,0,3,12,0,15,0,7,19,0,26,8,0,8,34
07/12/2014,HKY,NC,ASO,ES,Federal Contract Tower,0,7,8,0,15,0,3,24,0,27,0,10,32,0,42,58,0,58,100
07/13/2014,HKY,NC,ASO,ES,Federal Contract Tower,0,4,4,0,8,0,2,23,0,25,0,6,27,0,33,0,0,0,33
07/14/2014,HKY,NC,ASO,ES,Federal Contract Tower,0,9,4,0,13,0,12,27,3,42,0,21,31,3,55,40,0,40,95
07/15/2014,HKY,NC,ASO,ES,Federal Contract Tower,0,5,1,0,6,0,1,28,0,29,0,6,29,0,35,66,0,66,101
07/16/2014,HKY,NC,ASO,ES,Federal Contract Tower,0,9,6,0,15,0,8,38,0,46,0,17,44,0,61,60,0,60,121
07/17/2014,HKY,NC,ASO,ES,Federal Contract Tower,0,9,3,0,12,0,12,51,4,67,0,21,54,4,79,38,0,38,117
07/18/2014,HKY,NC,ASO,ES,Federal Contract Tower,0,2,7,0,9,0,0,5,0,5,0,2,12,0,14,16,0,16,30
07/19/2014,HKY,NC,ASO,ES,Federal Contract Tower,0,6,3,0,9,0,0,0,0,0,0,6,3,0,9,0,0,0,9
07/20/2014,HKY,NC,ASO,ES,Federal Contract Tower,0,10,2,0,12,0,5,18,0,23,0,15,20,0,35,46,0,46,81
07/21/2014,HKY,NC,ASO,ES,Federal Contract Tower,0,16,8,0,24,0,6,5,0,11,0,22,13,0,35,6,0,6,41
07/22/2014,HKY,NC,ASO,ES,Federal Contract Tower,0,16,9,0,25,0,4,12,2,18,0,20,21,2,43,18,0,18,61
07/23/2014,HKY,NC,ASO,ES,Federal Contract Tower,0,10,12,0,22,0,4,36,4,44,0,14,48,4,66,58,0,58,124
07/24/2014,HKY,NC,ASO,ES,Federal Contract Tower,0,15,2,0,17,0,6,13,0,19,0,21,15,0,36,16,0,16,52
07/25/2014,HKY,NC,ASO,ES,Federal Contract Tower,0,12,5,0,17,0,0,16,1,17,0,12,21,1,34,46,14,60,94
07/26/2014,HKY,NC,ASO,ES,Federal Contract Tower,0,5,5,0,10,0,3,40,0,43,0,8,45,0,53,38,0,38,91
07/27/2014,HKY,NC,ASO,ES,Federal Contract Tower,0,5,4,0,9,0,6,14,0,20,0,11,18,0,29,6,0,6,35
07/28/2014,HKY,NC,ASO,ES,Federal Contract Tower,0,9,9,0,18,0,8,27,3,38,0,17,36,3,56,12,2,14,70
07/29/2014,HKY,NC,ASO,ES,Federal Contract Tower,0,11,9,0,20,0,2,34,5,41,0,13,43,5,61,42,0,42,103
07/30/2014,HKY,NC,ASO,ES,Federal Contract Tower,0,15,10,0,25,0,12,38,5,55,0,27,48,5,80,70,4,74,154
07/31/2014,HKY,NC,ASO,ES,Federal Contract Tower,0,10,5,5,20,0,0,13,1,14,0,10,18,6,34,18,0,18,52
08/01/2014,HKY,NC,ASO,ES,Federal Contract Tower,0,7,4,0,11,0,0,0,0,0,0,7,4,0,11,0,0,0,11
08/02/2014,HKY,NC,ASO,ES,Federal Contract Tower,0,5,9,0,14,0,0,3,0,3,0,5,12,0,17,6,0,6,23
08/03/2014,HKY,NC,ASO,ES,Federal Contract Tower,0,16,14,0,30,0,6,22,0,28,0,22,36,0,58,22,0,22,80
08/04/2014,HKY,NC,ASO,ES,Federal Contract Tower,0,11,14,0,25,0,12,40,0,52,0,23,54,0,77,60,0,60,137
08/05/2014,HKY,NC,ASO,ES,Federal Contract Tower,0,10,5,0,15,0,10,48,0,58,0,20,53,0,73,62,0,62,135
08/06/2014,HKY,NC,ASO,ES,Federal Contract Tower,0,9,0,0,9,0,11,41,3,55,0,20,41,3,64,38,0,38,102
08/07/2014,HKY,NC,ASO,ES,Federal Contract Tower,0,10,11,0,21,0,5,35,2,42,0,15,46,2,63,34,0,34,97
08/08/2014,HKY,NC,ASO,ES,Federal Contract Tower,0,9,5,3,17,0,3,12,3,18,0,12,17,6,35,36,0,36,71
08/09/2014,HKY,NC,ASO,ES,Federal Contract Tower,0,3,14,0,17,0,2,0,0,2,0,5,14,0,19,34,0,34,53
08/10/2014,HKY,NC,ASO,ES,Federal Contract Tower,0,4,7,0,11,0,0,0,0,0,0,4,7,0,11,0,0,0,11
08/11/2014,HKY,NC,ASO,ES,Federal Contract Tower,0,9,5,0,14,0,4,3,0,7,0,13,8,0,21,6,0,6,27
08/12/2014,HKY,NC,ASO,ES,Federal Contract Tower,0,9,11,0,20,0,4,4,0,8,0,13,15,0,28,4,0,4,32
08/13/2014,HKY,NC,ASO,ES,Federal Contract Tower,0,6,6,0,12,0,12,40,2,54,0,18,46,2,66,42,0,42,108
08/14/2014,HKY,NC,ASO,ES,Federal Contract Tower,0,18,4,0,22,0,9,47,5,61,0,27,51,5,83,72,0,72,155
08/15/2014,HKY,NC,ASO,ES,Federal Contract Tower,0,8,8,0,16,0,3,49,0,52,0,11,57,0,68,48,0,48,116
08/16/2014,HKY,NC,ASO,ES,Federal Contract Tower,0,0,7,0,7,0,2,48,0,50,0,2,55,0,57,124,0,124,181
08/17/2014,HKY,NC,ASO,ES,Federal Contract Tower,0,10,7,0,17,0,14,9,0,23,0,24,16,0,40,40,0,40,80
08/18/2014,HKY,NC,ASO,ES,Federal Contract Tower,0,11,5,0,16,0,8,18,4,30,0,19,23,4,46,32,2,34,80
08/19/2014,HKY,NC,ASO,ES,Federal Contract Tower,0,6,0,0,6,0,9,38,0,47,0,15,38,0,53,44,0,44,97
08/20/2014,HKY,NC,ASO,ES,Federal Contract Tower,0,15,1,2,18,0,6,34,4,44,0,21,35,6,62,36,0,36,98
08/21/2014,HKY,NC,ASO,ES,Federal Contract Tower,0,16,2,0,18,0,3,39,0,42,0,19,41,0,60,44,3,47,107
08/22/2014,HKY,NC,ASO,ES,Federal Contract Tower,0,7,1,0,8,0,4,25,0,29,0,11,26,0,37,94,0,94,131
08/23/2014,HKY,NC,ASO,ES,Federal Contract Tower,0,3,3,0,6,0,5,29,0,34,0,8,32,0,40,78,0,78,118
08/24/2014,HKY,NC,ASO,ES,Federal Contract Tower,0,7,5,0,12,0,6,11,0,17,0,13,16,0,29,38,0,38,67
08/25/2014,HKY,NC,ASO,ES,Federal Contract Tower,0,10,4,0,14,0,13,31,1,45,0,23,35,1,59,72,0,72,131
08/26/2014,HKY,NC,ASO,ES,Federal Contract Tower,0,6,1,0,7,0,11,30,11,52,0,17,31,11,59,6,0,6,65
08/27/2014,HKY,NC,ASO,ES,Federal Contract Tower,0,5,2,0,7,0,24,45,0,69,0,29,47,0,76,56,0,56,132
08/28/2014,HKY,NC,ASO,ES,Federal Contract Tower,0,13,5,2,20,0,10,38,7,55,0,23,43,9,75,26,6,32,107
08/29/2014,HKY,NC,ASO,ES,Federal Contract Tower,2,10,6,1,19,0,2,25,10,37,2,12,31,11,56,50,0,50,106
08/30/2014,HKY,NC,ASO,ES,Federal Contract Tower,1,3,6,0,10,0,3,10,0,13,1,6,16,0,23,0,0,0,23
08/31/2014,HKY,NC,ASO,ES,Federal Contract Tower,0,6,4,0,10,0,2,7,0,9,0,8,11,0,19,14,0,14,33
09/01/2014,HKY,NC,ASO,ES,Federal Contract Tower,1,5,6,0,12,0,9,31,0,40,1,14,37,0,52,18,0,18,70
09/02/2014,HKY,NC,ASO,ES,Federal Contract Tower,0,14,2,0,16,0,5,25,0,30,0,19,27,0,46,6,0,6,52
09/03/2014,HKY,NC,ASO,ES,Federal Contract Tower,0,12,5,0,17,0,3,30,1,34,0,15,35,1,51,40,0,40,91
09/04/2014,HKY,NC,ASO,ES,Federal Contract Tower,0,10,4,0,14,0,1,21,5,27,0,11,25,5,41,42,0,42,83
09/05/2014,HKY,NC,ASO,ES,Federal Contract Tower,0,2,2,0,4,0,4,4,0,8,0,6,6,0,12,32,0,32,44
09/06/2014,HKY,NC,ASO,ES,Federal Contract Tower,0,4,7,0,11,0,3,27,4,34,0,7,34,4,45,28,0,28,73
09/07/2014,HKY,NC,ASO,ES,Federal Contract Tower,0,7,9,0,16,0,3,21,0,24,0,10,30,0,40,34,0,34,74
09/08/2014,HKY,NC,ASO,ES,Federal Contract Tower,0,10,4,1,15,0,3,8,6,17,0,13,12,7,32,26,0,26,58
09/09/2014,HKY,NC,ASO,ES,Federal Contract Tower,0,9,15,0,24,0,4,7,1,12,0,13,22,1,36,10,0,10,46
09/10/2014,HKY,NC,ASO,ES,Federal Contract Tower,0,15,14,0,29,0,6,37,0,43,0,21,51,0,72,34,0,34,106
09/11/2014,HKY,NC,ASO,ES,Federal Contract Tower,0,13,3,0,16,0,6,31,8,45,0,19,34,8,61,24,0,24,85
09/12/2014,HKY,NC,ASO,ES,Federal Contract Tower,0,4,3,2,9,0,0,18,0,18,0,4,21,2,27,14,0,14,41
09/13/2014,HKY,NC,ASO,ES,Federal Contract Tower,0,3,0,0,3,0,6,1,0,7,0,9,1,0,10,16,0,16,26
09/14/2014,HKY,NC,ASO,ES,Federal Contract Tower,0,4,8,0,12,0,2,9,0,11,0,6,17,0,23,20,0,20,43
09/15/2014,HKY,NC,ASO,ES,Federal Contract Tower,0,6,16,0,22,0,5,5,0,10,0,11,21,0,32,10,0,10,42
09/16/2014,HKY,NC,ASO,ES,Federal Contract Tower,0,4,7,0,11,0,9,11,1,21,0,13,18,1,32,0,6,6,38
09/17/2014,HKY,NC,ASO,ES,Federal Contract Tower,0,8,6,0,14,0,10,21,1,32,0,18,27,1,46,18,0,18,64
09/18/2014,HKY,NC,ASO,ES,Federal Contract Tower,0,11,7,0,18,0,6,22,1,29,0,17,29,1,47,36,0,36,83
09/19/2014,HKY,NC,ASO,ES,Federal Contract Tower,0,6,8,0,14,0,2,6,0,8,0,8,14,0,22,0,0,0,22
09/20/2014,HKY,NC,ASO,ES,Federal Contract Tower,0,3,6,0,9,0,9,39,0,48,0,12,45,0,57,20,0,20,77
09/21/2014,HKY,NC,ASO,ES,Federal Contract Tower,0,3,6,0,9,0,14,18,0,32,0,17,24,0,41,12,0,12,53
09/22/2014,HKY,NC,ASO,ES,Federal Contract Tower,0,2,2,0,4,0,20,32,2,54,0,22,34,2,58,42,0,42,100
09/23/2014,HKY,NC,ASO,ES,Federal Contract Tower,0,6,9,0,15,0,10,26,0,36,0,16,35,0,51,30,0,30,81
09/24/2014,HKY,NC,ASO,ES,Federal Contract Tower,0,9,5,0,14,0,6,13,4,23,0,15,18,4,37,82,0,82,119
09/25/2014,HKY,NC,ASO,ES,Federal Contract Tower,0,8,7,0,15,0,2,13,0,15,0,10,20,0,30,4,0,4,34
09/26/2014,HKY,NC,ASO,ES,Federal Contract Tower,0,6,4,1,11,0,8,19,3,30,0,14,23,4,41,34,6,40,81
09/27/2014,HKY,NC,ASO,ES,Federal Contract Tower,0,4,4,0,8,0,11,48,0,59,0,15,52,0,67,10,0,10,77
09/28/2014,HKY,NC,ASO,ES,Federal Contract Tower,0,10,3,0,13,0,8,31,0,39,0,18,34,0,52,8,0,8,60
09/29/2014,HKY,NC,ASO,ES,Federal Contract Tower,0,3,10,0,13,0,0,9,0,9,0,3,19,0,22,4,0,4,26
09/30/2014,HKY,NC,ASO,ES,Federal Contract Tower,0,4,4,0,8,0,5,33,2,40,0,9,37,2,48,30,0,30,78
10/01/2014,HKY,NC,ASO,ES,Federal Contract Tower,0,11,2,0,13,0,2,36,3,41,0,13,38,3,54,38,10,48,102
10/02/2014,HKY,NC,ASO,ES,Federal Contract Tower,0,5,7,1,13,0,1,31,2,34,0,6,38,3,47,40,0,40,87
10/03/2014,HKY,NC,ASO,ES,Federal Contract Tower,0,4,6,0,10,0,2,3,0,5,0,6,9,0,15,14,0,14,29
10/04/2014,HKY,NC,ASO,ES,Federal Contract Tower,0,0,5,0,5,0,4,84,0,88,0,4,89,0,93,18,0,18,111
10/05/2014,HKY,NC,ASO,ES,Federal Contract Tower,0,6,7,0,13,0,3,37,0,40,0,9,44,0,53,26,0,26,79
10/06/2014,HKY,NC,ASO,ES,Federal Contract Tower,0,4,4,0,8,0,4,15,11,30,0,8,19,11,38,20,6,26,64
10/07/2014,HKY,NC,ASO,ES,Federal Contract Tower,0,7,5,0,12,0,5,9,3,17,0,12,14,3,29,26,16,42,71
10/08/2014,HKY,NC,ASO,ES,Federal Contract Tower,0,10,4,0,14,0,12,50,0,62,0,22,54,0,76,24,0,24,100
10/09/2014,HKY,NC,ASO,ES,Federal Contract Tower,0,5,10,0,15,0,4,37,2,43,0,9,47,2,58,44,0,44,102
10/10/2014,HKY,NC,ASO,ES,Federal Contract Tower,0,15,4,0,19,0,2,21,2,25,0,17,25,2,44,8,0,8,52
10/11/2014,HKY,NC,ASO,ES,Federal Contract Tower,0,0,8,0,8,0,1,1,0,2,0,1,9,0,10,20,0,20,30
10/12/2014,HKY,NC,ASO,ES,Federal Contract Tower,0,7,14,0,21,0,0,0,0,0,0,7,14,0,21,0,0,0,21
10/13/2014,HKY,NC,ASO,ES,Federal Contract Tower,0,11,7,0,18,0,0,0,0,0,0,11,7,0,18,0,0,0,18
10/14/2014,HKY,NC,ASO,ES,Federal Contract Tower,0,8,0,0,8,0,0,0,0,0,0,8,0,0,8,0,0,0,8
10/15/2014,HKY,NC,ASO,ES,Federal Contract Tower,0,19,9,0,28,0,3,13,0,16,0,22,22,0,44,6,0,6,50
10/16/2014,HKY,NC,ASO,ES,Federal Contract Tower,0,5,12,2,19,0,8,26,3,37,0,13,38,5,56,10,4,14,70
10/17/2014,HKY,NC,ASO,ES,Federal Contract Tower,0,7,8,0,15,0,3,46,5,54,0,10,54,5,69,6,0,6,75
10/18/2014,HKY,NC,ASO,ES,Federal Contract Tower,0,2,5,0,7,0,3,32,0,35,0,5,37,0,42,16,0,16,58
10/19/2014,HKY,NC,ASO,ES,Federal Contract Tower,0,8,4,0,12,0,14,31,0,45,0,22,35,0,57,24,0,24,81
10/20/2014,HKY,NC,ASO,ES,Federal Contract Tower,0,10,10,0,20,0,1,21,0,22,0,11,31,0,42,22,0,22,64
10/21/2014,HKY,NC,ASO,ES,Federal Contract Tower,0,9,1,0,10,0,7,10,0,17,0,16,11,0,27,0,0,0,27
10/22/2014,HKY,NC,ASO,ES,Federal Contract Tower,0,12,5,0,17,0,1,33,2,36,0,13,38,2,53,16,0,16,69
10/23/2014,HKY,NC,ASO,ES,Federal Contract Tower,0,7,3,0,10,0,7,44,3,54,0,14,47,3,64,92,0,92,156
10/24/2014,HKY,NC,ASO,ES,Federal Contract Tower,0,4,7,0,11,0,5,29,0,34,0,9,36,0,45,12,0,12,57
10/25/2014,HKY,NC,ASO,ES,Federal Contract Tower,0,3,9,0,12,0,5,56,8,69,0,8,65,8,81,68,0,68,149
10/26/2014,HKY,NC,ASO,ES,Federal Contract Tower,0,7,3,0,10,0,13,19,0,32,0,20,22,0,42,34,0,34,76
10/27/2014,HKY,NC,ASO,ES,Federal Contract Tower,0,5,1,1,7,0,8,30,1,39,0,13,31,2,46,24,0,24,70
10/28/2014,HKY,NC,ASO,ES,Federal Contract Tower,0,9,1,0,10,0,5,32,2,39,0,14,33,2,49,46,2,48,97
10/29/2014,HKY,NC,ASO,ES,Federal Contract Tower,0,5,4,0,9,0,2,24,0,26,0,7,28,0,35,34,0,34,69
10/30/2014,HKY,NC,ASO,ES,Federal Contract Tower,0,10,6,1,17,0,5,51,4,60,0,15,57,5,77,28,0,28,105
10/31/2014,HKY,NC,ASO,ES,Federal Contract Tower,0,10,8,0,18,0,5,6,2,13,0,15,14,2,31,8,0,8,39
11/01/2014,HKY,NC,ASO,ES,Federal Contract Tower,0,5,0,0,5,0,2,0,0,2,0,7,0,0,7,0,0,0,7
11/02/2014,HKY,NC,ASO,ES,Federal Contract Tower,0,5,0,0,5,0,6,11,0,17,0,11,11,0,22,0,0,0,22
11/03/2014,HKY,NC,ASO,ES,Federal Contract Tower,0,3,4,0,7,0,9,25,0,34,0,12,29,0,41,12,0,12,53
11/04/2014,HKY,NC,ASO,ES,Federal Contract Tower,0,8,5,0,13,0,6,17,0,23,0,14,22,0,36,14,0,14,50
11/05/2014,HKY,NC,ASO,ES,Federal Contract Tower,0,10,2,0,12,0,4,23,0,27,0,14,25,0,39,50,0,50,89
11/06/2014,HKY,NC,ASO,ES,Federal Contract Tower,0,8,2,0,10,0,1,19,12,32,0,9,21,12,42,24,0,24,66
11/07/2014,HKY,NC,ASO,ES,Federal Contract Tower,0,2,8,0,10,0,10,13,9,32,0,12,21,9,42,0,0,0,42
11/08/2014,HKY,NC,ASO,ES,Federal Contract Tower,2,2,6,0,10,0,7,31,2,40,2,9,37,2,50,12,0,12,62
11/09/2014,HKY,NC,ASO,ES,Federal Contract Tower,0,7,2,0,9,0,10,49,0,59,0,17,51,0,68,38,0,38,106
11/10/2014,HKY,NC,ASO,ES,Federal Contract Tower,0,5,2,0,7,0,26,23,6,55,0,31,25,6,62,32,2,34,96
11/11/2014,HKY,NC,ASO,ES,Federal Contract Tower,0,5,8,0,13,0,13,35,3,51,0,18,43,3,64,96,0,96,160
11/12/2014,HKY,NC,ASO,ES,Federal Contract Tower,0,9,6,0,15,0,9,42,3,54,0,18,48,3,69,62,0,62,131
11/13/2014,HKY,NC,ASO,ES,Federal Contract Tower,0,18,4,0,22,0,3,33,0,36,0,21,37,0,58,56,0,56,114
11/14/2014,HKY,NC,ASO,ES,Federal Contract Tower,1,3,1,0,5,0,3,11,1,15,1,6,12,1,20,0,0,0,20
11/15/2014,HKY,NC,ASO,ES,Federal Contract Tower,0,0,2,0,2,0,6,34,0,40,0,6,36,0,42,30,0,30,72
11/16/2014,HKY,NC,ASO,ES,Federal Contract Tower,0,1,4,0,5,0,3,16,8,27,0,4,20,8,32,12,0,12,44
11/17/2014,HKY,NC,ASO,ES,Federal Contract Tower,0,7,4,2,13,0,0,0,0,0,0,7,4,2,13,0,2,2,15
11/18/2014,HKY,NC,ASO,ES,Federal Contract Tower,0,8,1,0,9,0,7,8,2,17,0,15,9,2,26,10,0,10,36
11/19/2014,HKY,NC,ASO,ES,Federal Contract Tower,0,7,3,0,10,0,6,23,0,29,0,13,26,0,39,12,0,12,51
11/20/2014,HKY,NC,ASO,ES,Federal Contract Tower,0,10,0,0,10,0,2,30,2,34,0,12,30,2,44,32,0,32,76
11/21/2014,HKY,NC,ASO,ES,Federal Contract Tower,0,7,1,0,8,0,10,35,2,47,0,17,36,2,55,40,0,40,95
11/22/2014,HKY,NC,ASO,ES,Federal Contract Tower,1,1,8,0,10,0,4,46,0,50,1,5,54,0,60,14,0,14,74
11/23/2014,HKY,NC,ASO,ES,Federal Contract Tower,0,1,3,0,4,0,0,0,0,0,0,1,3,0,4,0,0,0,4
11/24/2014,HKY,NC,ASO,ES,Federal Contract Tower,0,7,7,0,14,0,10,3,0,13,0,17,10,0,27,4,0,4,31
11/25/2014,HKY,NC,ASO,ES,Federal Contract Tower,0,9,9,0,18,0,5,37,0,42,0,14,46,0,60,36,0,36,96
11/26/2014,HKY,NC,ASO,ES,Federal Contract Tower,0,8,2,0,10,0,4,0,0,4,0,12,2,0,14,0,0,0,14
11/27/2014,HKY,NC,ASO,ES,Federal Contract Tower,0,4,0,0,4,0,2,6,0,8,0,6,6,0,12,2,0,2,14
11/28/2014,HKY,NC,ASO,ES,Federal Contract Tower,0,2,5,0,7,0,0,29,0,29,0,2,34,0,36,28,0,28,64
11/29/2014,HKY,NC,ASO,ES,Federal Contract Tower,0,8,7,1,16,0,1,50,1,52,0,9,57,2,68,28,0,28,96
11/30/2014,HKY,NC,ASO,ES,Federal Contract Tower,0,8,0,1,9,0,7,36,0,43,0,15,36,1,52,2,0,2,54
12/01/2014,HKY,NC,ASO,ES,Federal Contract Tower,0,8,6,0,14,0,5,24,2,31,0,13,30,2,45,56,0,56,101
12/02/2014,HKY,NC,ASO,ES,Federal Contract Tower,0,11,3,0,14,0,0,0,0,0,0,11,3,0,14,0,0,0,14
12/03/2014,HKY,NC,ASO,ES,Federal Contract Tower,0,7,1,0,8,0,3,1,0,4,0,10,2,0,12,8,0,8,20
12/04/2014,HKY,NC,ASO,ES,Federal Contract Tower,0,4,5,0,9,0,8,20,2,30,0,12,25,2,39,10,0,10,49
12/05/2014,HKY,NC,ASO,ES,Federal Contract Tower,0,7,1,1,9,0,1,0,1,2,0,8,1,2,11,0,0,0,11
12/06/2014,HKY,NC,ASO,ES,Federal Contract Tower,0,4,3,0,7,0,0,1,0,1,0,4,4,0,8,0,0,0,8
12/07/2014,HKY,NC,ASO,ES,Federal Contract Tower,0,10,4,0,14,0,8,37,16,61,0,18,41,16,75,30,0,30,105
12/08/2014,HKY,NC,ASO,ES,Federal Contract Tower,0,6,3,0,9,0,7,4,0,11,0,13,7,0,20,24,0,24,44
12/09/2014,HKY,NC,ASO,ES,Federal Contract Tower,0,11,6,0,17,0,4,13,0,17,0,15,19,0,34,20,0,20,54
12/10/2014,HKY,NC,ASO,ES,Federal Contract Tower,0,7,2,0,9,0,3,28,2,33,0,10,30,2,42,28,0,28,70
12/11/2014,HKY,NC,ASO,ES,Federal Contract Tower,0,5,8,0,13,0,4,49,1,54,0,9,57,1,67,54,0,54,121
12/12/2014,HKY,NC,ASO,ES,Federal Contract Tower,0,2,1,0,3,0,3,22,0,25,0,5,23,0,28,34,0,34,62
12/13/2014,HKY,NC,ASO,ES,Federal Contract Tower,0,2,5,2,9,0,8,44,9,61,0,10,49,11,70,4,0,4,74
12/14/2014,HKY,NC,ASO,ES,Federal Contract Tower,0,5,1,0,6,0,5,40,7,52,0,10,41,7,58,20,0,20,78
12/15/2014,HKY,NC,ASO,ES,Federal Contract Tower,0,5,1,2,8,0,7,25,2,34,0,12,26,4,42,16,2,18,60
12/16/2014,HKY,NC,ASO,ES,Federal Contract Tower,0,7,4,2,13,0,0,0,0,0,0,7,4,2,13,0,0,0,13
12/17/2014,HKY,NC,ASO,ES,Federal Contract Tower,0,13,10,0,23,0,9,31,2,42,0,22,41,2,65,0,0,0,65
12/18/2014,HKY,NC,ASO,ES,Federal Contract Tower,0,15,4,0,19,0,15,40,1,56,0,30,44,1,75,46,0,46,121
12/19/2014,HKY,NC,ASO,ES,Federal Contract Tower,0,0,4,1,5,0,5,33,5,43,0,5,37,6,48,2,4,6,54
12/20/2014,HKY,NC,ASO,ES,Federal Contract Tower,0,4,0,0,4,0,1,6,0,7,0,5,6,0,11,34,0,34,45
12/21/2014,HKY,NC,ASO,ES,Federal Contract Tower,0,1,2,0,3,0,3,3,0,6,0,4,5,0,9,10,0,10,19
12/22/2014,HKY,NC,ASO,ES,Federal Contract Tower,0,0,3,0,3,0,0,0,0,0,0,0,3,0,3,0,0,0,3
12/23/2014,HKY,NC,ASO,ES,Federal Contract Tower,0,3,6,0,9,0,0,0,0,0,0,3,6,0,9,0,0,0,9
12/24/2014,HKY,NC,ASO,ES,Federal Contract Tower,0,0,2,0,2,0,0,0,0,0,0,0,2,0,2,0,0,0,2
12/25/2014,HKY,NC,ASO,ES,Federal Contract Tower,0,0,0,0,0,0,0,6,0,6,0,0,6,0,6,0,0,0,6
12/26/2014,HKY,NC,ASO,ES,Federal Contract Tower,0,3,6,0,9,0,5,32,0,37,0,8,38,0,46,28,0,28,74
12/27/2014,HKY,NC,ASO,ES,Federal Contract Tower,0,8,6,0,14,0,2,46,0,48,0,10,52,0,62,58,0,58,120
12/28/2014,HKY,NC,ASO,ES,Federal Contract Tower,0,1,1,0,2,0,2,1,0,3,0,3,2,0,5,0,0,0,5
12/29/2014,HKY,NC,ASO,ES,Federal Contract Tower,0,3,1,0,4,0,0,0,0,0,0,3,1,0,4,0,0,0,4
12/30/2014,HKY,NC,ASO,ES,Federal Contract Tower,0,3,2,2,7,0,4,7,0,11,0,7,9,2,18,20,0,20,38
12/31/2014,HKY,NC,ASO,ES,Federal Contract Tower,0,7,3,0,10,0,2,20,0,22,0,9,23,0,32,8,0,8,40
01/01/2015,HKY,NC,ASO,ES,Federal Contract Tower,0,2,5,0,7,0,4,41,0,45,0,6,46,0,52,20,0,20,72
01/02/2015,HKY,NC,ASO,ES,Federal Contract Tower,0,4,5,0,9,0,6,18,0,24,0,10,23,0,33,24,0,24,57
01/03/2015,HKY,NC,ASO,ES,Federal Contract Tower,0,1,2,0,3,0,0,0,0,0,0,1,2,0,3,0,0,0,3
01/04/2015,HKY,NC,ASO,ES,Federal Contract Tower,0,7,2,0,9,0,0,0,0,0,0,7,2,0,9,0,0,0,9
01/05/2015,HKY,NC,ASO,ES,Federal Contract Tower,0,3,5,0,8,0,10,34,0,44,0,13,39,0,52,30,0,30,82
01/06/2015,HKY,NC,ASO,ES,Federal Contract Tower,0,2,0,0,2,0,11,18,6,35,0,13,18,6,37,8,2,10,47
01/07/2015,HKY,NC,ASO,ES,Federal Contract Tower,0,11,0,0,11,0,7,14,0,21,0,18,14,0,32,4,0,4,36
01/08/2015,HKY,NC,ASO,ES,Federal Contract Tower,0,3,5,4,12,0,7,33,2,42,0,10,38,6,54,6,0,6,60
01/09/2015,HKY,NC,ASO,ES,Federal Contract Tower,0,3,2,0,5,0,1,29,3,33,0,4,31,3,38,8,0,8,46
01/10/2015,HKY,NC,ASO,ES,Federal Contract Tower,0,0,4,0,4,0,1,108,0,109,0,1,112,0,113,28,0,28,141
01/11/2015,HKY,NC,ASO,ES,Federal Contract Tower,0,6,6,0,12,0,0,19,0,19,0,6,25,0,31,26,0,26,57
01/12/2015,HKY,NC,ASO,ES,Federal Contract Tower,0,7,0,0,7,0,0,0,0,0,0,7,0,0,7,0,0,0,7
01/13/2015,HKY,NC,ASO,ES,Federal Contract Tower,0,11,0,0,11,0,0,0,0,0,0,11,0,0,11,0,0,0,11
01/14/2015,HKY,NC,ASO,ES,Federal Contract Tower,0,4,5,0,9,0,0,3,0,3,0,4,8,0,12,0,0,0,12
01/15/2015,HKY,NC,ASO,ES,Federal Contract Tower,0,4,7,0,11,0,2,0,0,2,0,6,7,0,13,0,0,0,13
01/16/2015,HKY,NC,ASO,ES,Federal Contract Tower,0,5,2,0,7,0,3,60,6,69,0,8,62,6,76,78,0,78,154
01/17/2015,HKY,NC,ASO,ES,Federal Contract Tower,0,1,3,0,4,0,2,64,0,66,0,3,67,0,70,74,0,74,144
01/18/2015,HKY,NC,ASO,ES,Federal Contract Tower,0,6,1,0,7,0,1,12,0,13,0,7,13,0,20,28,0,28,48
01/19/2015,HKY,NC,ASO,ES,Federal Contract Tower,0,5,5,0,10,0,18,50,6,74,0,23,55,6,84,28,0,28,112
01/20/2015,HKY,NC,ASO,ES,Federal Contract Tower,0,5,2,2,9,0,5,36,3,44,0,10,38,5,53,60,4,64,117
01/21/2015,HKY,NC,ASO,ES,Federal Contract Tower,0,6,2,1,9,0,5,37,0,42,0,11,39,1,51,32,0,32,83
01/22/2015,HKY,NC,ASO,ES,Federal Contract Tower,0,4,5,0,9,0,6,41,1,48,0,10,46,1,57,14,0,14,71
01/23/2015,HKY,NC,ASO,ES,Federal Contract Tower,0,4,0,0,4,0,0,0,4,4,0,4,0,4,8,0,0,0,8
01/24/2015,HKY,NC,ASO,ES,Federal Contract Tower,0,2,4,0,6,0,5,2,4,11,0,7,6,4,17,2,0,2,19
01/25/2015,HKY,NC,ASO,ES,Federal Contract Tower,0,4,4,0,8,0,4,25,0,29,0,8,29,0,37,24,0,24,61
01/26/2015,HKY,NC,ASO,ES,Federal Contract Tower,0,3,0,0,3,0,3,1,0,4,0,6,1,0,7,20,0,20,27
01/27/2015,HKY,NC,ASO,ES,Federal Contract Tower,0,9,0,6,15,0,6,12,5,23,0,15,12,11,38,24,0,24,62
01/28/2015,HKY,NC,ASO,ES,Federal Contract Tower,0,5,1,0,6,0,3,48,4,55,0,8,49,4,61,54,0,54,115
01/29/2015,HKY,NC,ASO,ES,Federal Contract Tower,0,4,0,0,4,0,8,16,0,24,0,12,16,0,28,40,0,40,68
01/30/2015,HKY,NC,ASO,ES,Federal Contract Tower,0,5,3,0,8,0,4,11,3,18,0,9,14,3,26,0,0,0,26
01/31/2015,HKY,NC,ASO,ES,Federal Contract Tower,0,3,0,0,3,0,6,64,4,74,0,9,64,4,77,64,0,64,141
02/01/2015,HKY,NC,ASO,ES,Federal Contract Tower,0,1,0,0,1,0,0,12,0,12,0,1,12,0,13,12,0,12,25
02/02/2015,HKY,NC,ASO,ES,Federal Contract Tower,0,6,1,0,7,0,5,3,0,8,0,11,4,0,15,2,0,2,17
02/03/2015,HKY,NC,ASO,ES,Federal Contract Tower,0,6,2,0,8,0,3,27,9,39,0,9,29,9,47,58,10,68,115
02/04/2015,HKY,NC,ASO,ES,Federal Contract Tower,0,6,2,0,8,0,1,35,14,50,0,7,37,14,58,86,12,98,156
02/05/2015,HKY,NC,ASO,ES,Federal Contract Tower,0,5,2,0,7,0,12,9,0,21,0,17,11,0,28,8,0,8,36
02/06/2015,HKY,NC,ASO,ES,Federal Contract Tower,0,5,4,0,9,0,3,29,0,32,0,8,33,0,41,16,0,16,57
02/07/2015,HKY,NC,ASO,ES,Federal Contract Tower,0,0,1,0,1,0,5,47,3,55,0,5,48,3,56,68,0,68,124
02/08/2015,HKY,NC,ASO,ES,Federal Contract Tower,0,1,0,0,1,0,4,20,0,24,0,5,20,0,25,28,0,28,53
02/09/2015,HKY,NC,ASO,ES,Federal Contract Tower,0,6,6,0,12,0,0,0,0,0,0,6,6,0,12,2,0,2,14
02/10/2015,HKY,NC,ASO,ES,Federal Contract Tower,0,10,4,0,14,0,4,18,0,22,0,14,22,0,36,8,0,8,44
02/11/2015,HKY,NC,ASO,ES,Federal Contract Tower,0,10,2,1,13,0,8,44,1,53,0,18,46,2,66,24,0,24,90
02/12/2015,HKY,NC,ASO,ES,Federal Contract Tower,0,5,2,0,7,0,9,15,0,24,0,14,17,0,31,4,0,4,35
02/13/2015,HKY,NC,ASO,ES,Federal Contract Tower,0,6,6,0,12,0,4,39,0,43,0,10,45,0,55,14,0,14,69
02/14/2015,HKY,NC,ASO,ES,Federal Contract Tower,0,1,0,0,1,0,5,44,0,49,0,6,44,0,50,2,0,2,52
02/15/2015,HKY,NC,ASO,ES,Federal Contract Tower,0,10,2,0,12,0,7,9,0,16,0,17,11,0,28,0,0,0,28
02/16/2015,HKY,NC,ASO,ES,Federal Contract Tower,0,3,1,0,4,0,6,5,0,11,0,9,6,0,15,0,0,0,15
02/17/2015,HKY,NC,ASO,ES,Federal Contract Tower,0,7,1,0,8,0,6,3,0,9,0,13,4,0,17,8,0,8,25
02/18/2015,HKY,NC,ASO,ES,Federal Contract Tower,0,13,0,0,13,0,0,0,0,0,0,13,0,0,13,0,0,0,13
02/19/2015,HKY,NC,ASO,ES,Federal Contract Tower,0,10,4,2,16,0,3,10,0,13,0,13,14,2,29,0,0,0,29
02/20/2015,HKY,NC,ASO,ES,Federal Contract Tower,0,2,3,0,5,0,3,12,0,15,0,5,15,0,20,0,0,0,20
02/21/2015,HKY,NC,ASO,ES,Federal Contract Tower,0,1,0,0,1,0,2,0,0,2,0,3,0,0,3,0,0,0,3
02/22/2015,HKY,NC,ASO,ES,Federal Contract Tower,0,9,3,0,12,0,5,4,0,9,0,14,7,0,21,10,0,10,31
02/23/2015,HKY,NC,ASO,ES,Federal Contract Tower,0,5,3,0,8,0,7,7,2,16,0,12,10,2,24,14,0,14,38
02/24/2015,HKY,NC,ASO,ES,Federal Contract Tower,0,11,1,0,12,0,2,0,0,2,0,13,1,0,14,0,0,0,14
02/25/2015,HKY,NC,ASO,ES,Federal Contract Tower,0,10,2,0,12,0,2,29,3,34,0,12,31,3,46,8,0,8,54
02/26/2015,HKY,NC,ASO,ES,Federal Contract Tower,0,5,1,0,6,0,1,2,1,4,0,6,3,1,10,4,6,10,20
02/27/2015,HKY,NC,ASO,ES,Federal Contract Tower,0,5,9,0,14,0,2,30,3,35,0,7,39,3,49,22,4,26,75
02/28/2015,HKY,NC,ASO,ES,Federal Contract Tower,0,2,2,0,4,0,2,30,0,32,0,4,32,0,36,53,0,53,89
03/01/2015,HKY,NC,ASO,ES,Federal Contract Tower,0,3,0,0,3,0,0,0,0,0,0,3,0,0,3,0,0,0,3
03/02/2015,HKY,NC,ASO,ES,Federal Contract Tower,0,5,5,0,10,0,16,23,5,44,0,21,28,5,54,12,0,12,66
03/03/2015,HKY,NC,ASO,ES,Federal Contract Tower,0,13,1,0,14,0,0,0,0,0,0,13,1,0,14,0,0,0,14
03/04/2015,HKY,NC,ASO,ES,Federal Contract Tower,0,10,4,0,14,0,0,3,2,5,0,10,7,2,19,0,0,0,19
03/05/2015,HKY,NC,ASO,ES,Federal Contract Tower,0,3,2,0,5,0,0,0,0,0,0,3,2,0,5,0,0,0,5
03/06/2015,HKY,NC,ASO,ES,Federal Contract Tower,0,4,5,0,9,0,5,59,2,66,0,9,64,2,75,40,0,40,115
03/07/2015,HKY,NC,ASO,ES,Federal Contract Tower,0,0,8,0,8,0,0,65,0,65,0,0,73,0,73,36,0,36,109
03/08/2015,HKY,NC,ASO,ES,Federal Contract Tower,0,2,4,0,6,0,6,31,0,37,0,8,35,0,43,58,0,58,101
03/09/2015,HKY,NC,ASO,ES,Federal Contract Tower,0,6,1,0,7,0,10,29,5,44,0,16,30,5,51,44,2,46,97
03/10/2015,HKY,NC,ASO,ES,Federal Contract Tower,0,10,4,2,16,0,11,13,2,26,0,21,17,4,42,44,0,44,86
03/11/2015,HKY,NC,ASO,ES,Federal Contract Tower,0,9,5,0,14,0,3,8,0,11,0,12,13,0,25,6,0,6,31
03/12/2015,HKY,NC,ASO,ES,Federal Contract Tower,0,8,6,0,14,0,5,29,6,40,0,13,35,6,54,8,0,8,62
03/13/2015,HKY,NC,ASO,ES,Federal Contract Tower,0,6,7,0,13,0,0,11,0,11,0,6,18,0,24,0,0,0,24
03/14/2015,HKY,NC,ASO,ES,Federal Contract Tower,0,2,7,0,9,0,1,0,0,1,0,3,7,0,10,0,0,0,10
03/15/2015,HKY,NC,ASO,ES,Federal Contract Tower,0,6,5,0,11,0,7,41,3,51,0,13,46,3,62,24,0,24,86
03/16/2015,HKY,NC,ASO,ES,Federal Contract Tower,0,7,3,0,10,0,7,36,11,54,0,14,39,11,64,34,0,34,98
03/17/2015,HKY,NC,ASO,ES,Federal Contract Tower,0,7,2,0,9,0,1,11,0,12,0,8,13,0,21,8,0,8,29
03/18/2015,HKY,NC,ASO,ES,Federal Contract Tower,0,6,8,0,14,0,11,35,2,48,0,17,43,2,62,50,0,50,112
03/19/2015,HKY,NC,ASO,ES,Federal Contract Tower,0,6,2,0,8,0,0,0,0,0,0,6,2,0,8,0,0,0,8
03/20/2015,HKY,NC,ASO,ES,Federal Contract Tower,0,8,5,0,13,0,0,9,0,9,0,8,14,0,22,0,0,0,22
03/21/2015,HKY,NC,ASO,ES,Federal Contract Tower,0,1,7,0,8,0,2,56,1,59,0,3,63,1,67,90,0,90,157
03/22/2015,HKY,NC,ASO,ES,Federal Contract Tower,0,5,1,0,6,0,3,35,0,38,0,8,36,0,44,80,0,80,124
03/23/2015,HKY,NC,ASO,ES,Federal Contract Tower,0,4,0,0,4,0,15,14,2,31,0,19,14,2,35,10,0,10,45
03/24/2015,HKY,NC,ASO,ES,Federal Contract Tower,0,13,6,0,19,0,9,31,2,42,0,22,37,2,61,30,0,30,91
03/25/2015,HKY,NC,ASO,ES,Federal Contract Tower,0,10,17,0,27,0,0,2,0,2,0,10,19,0,29,0,0,0,29
03/26/2015,HKY,NC,ASO,ES,Federal Contract Tower,0,5,9,0,14,0,2,21,5,28,0,7,30,5,42,0,0,0,42
03/27/2015,HKY,NC,ASO,ES,Federal Contract Tower,0,4,6,5,15,0,0,5,1,6,0,4,11,6,21,14,14,28,49
03/28/2015,HKY,NC,ASO,ES,Federal Contract Tower,0,2,8,0,10,0,4,37,0,41,0,6,45,0,51,40,0,40,91
03/29/2015,HKY,NC,ASO,ES,Federal Contract Tower,0,13,2,0,15,0,17,32,5,54,0,30,34,5,69,44,0,44,113
03/30/2015,HKY,NC,ASO,ES,Federal Contract Tower,0,3,3,0,6,0,6,13,0,19,0,9,16,0,25,10,0,10,35
03/31/2015,HKY,NC,ASO,ES,Federal Contract Tower,0,1,3,0,4,0,10,27,7,44,0,11,30,7,48,6,0,6,54
04/01/2015,HKY,NC,ASO,ES,Federal Contract Tower,0,8,3,0,11,0,5,64,12,81,0,13,67,12,92,48,0,48,140
04/02/2015,HKY,NC,ASO,ES,Federal Contract Tower,0,5,9,0,14,0,4,21,3,28,0,9,30,3,42,6,0,6,48
04/03/2015,HKY,NC,ASO,ES,Federal Contract Tower,0,0,18,0,18,0,6,14,0,20,0,6,32,0,38,8,0,8,46
04/04/2015,HKY,NC,ASO,ES,Federal Contract Tower,0,3,4,0,7,0,4,9,0,13,0,7,13,0,20,4,0,4,24
04/05/2015,HKY,NC,ASO,ES,Federal Contract Tower,0,8,6,0,14,0,8,38,4,50,0,16,44,4,64,8,0,8,72
04/06/2015,HKY,NC,ASO,ES,Federal Contract Tower,0,5,4,0,9,0,11,31,0,42,0,16,35,0,51,24,0,24,75
04/07/2015,HKY,NC,ASO,ES,Federal Contract Tower,0,5,16,0,21,0,0,6,0,6,0,5,22,0,27,6,0,6,33
04/08/2015,HKY,NC,ASO,ES,Federal Contract Tower,0,7,6,0,13,0,10,21,2,33,0,17,27,2,46,24,0,24,70
04/09/2015,HKY,NC,ASO,ES,Federal Contract Tower,0,8,4,0,12,0,4,15,2,21,0,12,19,2,33,8,0,8,41
04/10/2015,HKY,NC,ASO,ES,Federal Contract Tower,0,3,6,0,9,0,3,5,0,8,0,6,11,0,17,0,0,0,17
04/11/2015,HKY,NC,ASO,ES,Federal Contract Tower,0,0,3,0,3,0,6,108,2,116,0,6,111,2,119,26,0,26,145
04/12/2015,HKY,NC,ASO,ES,Federal Contract Tower,0,4,10,0,14,0,4,28,2,34,0,8,38,2,48,16,0,16,64
04/13/2015,HKY,NC,ASO,ES,Federal Contract Tower,0,13,9,0,22,0,5,2,0,7,0,18,11,0,29,0,0,0,29
04/14/2015,HKY,NC,ASO,ES,Federal Contract Tower,0,3,6,0,9,0,1,7,0,8,0,4,13,0,17,10,0,10,27
04/15/2015,HKY,NC,ASO,ES,Federal Contract Tower,0,5,3,0,8,0,0,0,0,0,0,5,3,0,8,0,0,0,8
04/16/2015,HKY,NC,ASO,ES,Federal Contract Tower,0,12,8,0,20,0,0,0,0,0,0,12,8,0,20,0,0,0,20
04/17/2015,HKY,NC,ASO,ES,Federal Contract Tower,0,4,1,0,5,0,3,10,0,13,0,7,11,0,18,4,0,4,22
04/18/2015,HKY,NC,ASO,ES,Federal Contract Tower,0,0,7,0,7,0,7,12,0,19,0,7,19,0,26,30,0,30,56
04/19/2015,HKY,NC,ASO,ES,Federal Contract Tower,0,3,1,0,4,0,0,0,0,0,0,3,1,0,4,0,0,0,4
04/20/2015,HKY,NC,ASO,ES,Federal Contract Tower,0,9,3,0,12,0,0,1,0,1,0,9,4,0,13,0,0,0,13
04/21/2015,HKY,NC,ASO,ES,Federal Contract Tower,0,9,3,0,12,0,3,53,2,58,0,12,56,2,70,24,2,26,96
04/22/2015,HKY,NC,ASO,ES,Federal Contract Tower,0,7,4,0,11,0,12,33,0,45,0,19,37,0,56,20,0,20,76
04/23/2015,HKY,NC,ASO,ES,Federal Contract Tower,0,11,6,0,17,0,7,22,0,29,0,18,28,0,46,2,0,2,48
04/24/2015,HKY,NC,ASO,ES,Federal Contract Tower,0,5,7,0,12,0,4,48,1,53,0,9,55,1,65,12,0,12,77
04/25/2015,HKY,NC,ASO,ES,Federal Contract Tower,0,4,6,0,10,0,0,0,0,0,0,4,6,0,10,0,0,0,10
04/26/2015,HKY,NC,ASO,ES,Federal Contract Tower,0,7,16,0,23,0,8,11,0,19,0,15,27,0,42,8,0,8,50
04/27/2015,HKY,NC,ASO,ES,Federal Contract Tower,0,6,2,0,8,0,22,29,6,57,0,28,31,6,65,38,0,38,103
04/28/2015,HKY,NC,ASO,ES,Federal Contract Tower,0,7,5,0,12,0,5,41,2,48,0,12,46,2,60,36,0,36,96
04/29/2015,HKY,NC,ASO,ES,Federal Contract Tower,0,6,3,0,9,0,7,20,3,30,0,13,23,3,39,32,0,32,71
04/30/2015,HKY,NC,ASO,ES,Federal Contract Tower,0,10,9,0,19,0,7,20,0,27,0,17,29,0,46,8,0,8,54
05/01/2015,HKY,NC,ASO,ES,Federal Contract Tower,0,7,9,0,16,0,2,15,0,17,0,9,24,0,33,28,0,28,61
05/02/2015,HKY,NC,ASO,ES,Federal Contract Tower,0,2,0,0,2,0,1,22,0,23,0,3,22,0,25,2,0,2,27
05/03/2015,HKY,NC,ASO,ES,Federal Contract Tower,0,7,5,0,12,0,9,54,0,63,0,16,59,0,75,44,0,44,119
05/04/2015,HKY,NC,ASO,ES,Federal Contract Tower,0,9,9,0,18,0,8,39,1,48,0,17,48,1,66,24,0,24,90
05/05/2015,HKY,NC,ASO,ES,Federal Contract Tower,0,13,6,0,19,0,9,34,9,52,0,22,40,9,71,26,0,26,97
05/06/2015,HKY,NC,ASO,ES,Federal Contract Tower,0,7,4,0,11,0,5,35,0,40,0,12,39,0,51,4,0,4,55
05/07/2015,HKY,NC,ASO,ES,Federal Contract Tower,0,11,10,0,21,0,3,37,1,41,0,14,47,1,62,32,0,32,94
05/08/2015,HKY,NC,ASO,ES,Federal Contract Tower,0,8,3,0,11,0,16,32,0,48,0,24,35,0,59,20,0,20,79
05/09/2015,HKY,NC,ASO,ES,Federal Contract Tower,0,1,2,0,3,0,2,79,0,81,0,3,81,0,84,18,0,18,102
05/10/2015,HKY,NC,ASO,ES,Federal Contract Tower,0,4,13,0,17,0,3,25,0,28,0,7,38,0,45,24,0,24,69
05/11/2015,HKY,NC,ASO,ES,Federal Contract Tower,0,6,5,0,11,0,0,15,0,15,0,6,20,0,26,2,0,2,28
05/12/2015,HKY,NC,ASO,ES,Federal Contract Tower,0,11,4,0,15,0,5,15,0,20,0,16,19,0,35,12,0,12,47
05/13/2015,HKY,NC,ASO,ES,Federal Contract Tower,0,6,7,0,13,0,5,48,1,54,0,11,55,1,67,54,0,54,121
05/14/2015,HKY,NC,ASO,ES,Federal Contract Tower,0,11,8,0,19,0,1,31,0,32,0,12,39,0,51,4,0,4,55
05/15/2015,HKY,NC,ASO,ES,Federal Contract Tower,0,4,11,0,15,0,7,11,0,18,0,11,22,0,33,0,0,0,33
05/16/2015,HKY,NC,ASO,ES,Federal Contract Tower,0,0,7,0,7,0,4,31,0,35,0,4,38,0,42,26,0,26,68
05/17/2015,HKY,NC,ASO,ES,Federal Contract Tower,0,8,8,0,16,0,2,8,0,10,0,10,16,0,26,0,0,0,26
05/18/2015,HKY,NC,ASO,ES,Federal Contract Tower,0,7,6,0,13,0,4,22,0,26,0,11,28,0,39,8,0,8,47
05/19/2015,HKY,NC,ASO,ES,Federal Contract Tower,0,6,9,0,15,0,2,22,0,24,0,8,31,0,39,26,0,26,65
05/20/2015,HKY,NC,ASO,ES,Federal Contract Tower,0,13,4,0,17,0,0,53,0,53,0,13,57,0,70,46,0,46,116
05/21/2015,HKY,NC,ASO,ES,Federal Contract Tower,0,6,7,14,27,0,3,22,2,27,0,9,29,16,54,8,0,8,62
05/22/2015,HKY,NC,ASO,ES,Federal Contract Tower,0,2,14,0,16,0,4,34,2,40,0,6,48,2,56,34,0,34,90
05/23/2015,HKY,NC,ASO,ES,Federal Contract Tower,0,0,8,0,8,0,3,29,0,32,0,3,37,0,40,6,0,6,46
05/24/2015,HKY,NC,ASO,ES,Federal Contract Tower,0,7,3,0,10,0,3,40,0,43,0,10,43,0,53,16,0,16,69
05/25/2015,HKY,NC,ASO,ES,Federal Contract Tower,0,0,15,0,15,0,4,30,2,36,0,4,45,2,51,14,0,14,65
05/26/2015,HKY,NC,ASO,ES,Federal Contract Tower,0,5,5,0,10,0,5,4,3,12,0,10,9,3,22,0,0,0,22
05/27/2015,HKY,NC,ASO,ES,Federal Contract Tower,0,4,18,2,24,0,1,25,0,26,0,5,43,2,50,0,0,0,50
05/28/2015,HKY,NC,ASO,ES,Federal Contract Tower,0,2,7,0,9,0,1,21,3,25,0,3,28,3,34,4,0,4,38
05/29/2015,HKY,NC,ASO,ES,Federal Contract Tower,0,2,10,0,12,0,2,26,1,29,0,4,36,1,41,10,0,10,51
05/30/2015,HKY,NC,ASO,ES,Federal Contract Tower,0,1,9,0,10,0,6,28,0,34,0,7,37,0,44,22,0,22,66
05/31/2015,HKY,NC,ASO,ES,Federal Contract Tower,0,3,2,0,5,0,1,5,0,6,0,4,7,0,11,0,0,0,11
06/01/2015,HKY,NC,ASO,ES,Federal Contract Tower,0,8,6,0,14,0,2,12,1,15,0,10,18,1,29,0,0,0,29
06/02/2015,HKY,NC,ASO,ES,Federal Contract Tower,0,11,16,0,27,0,7,10,0,17,0,18,26,0,44,26,0,26,70
06/03/2015,HKY,NC,ASO,ES,Federal Contract Tower,0,7,7,0,14,0,2,0,0,2,0,9,7,0,16,0,0,0,16
06/04/2015,HKY,NC,ASO,ES,Federal Contract Tower,0,17,12,0,29,0,4,8,0,12,0,21,20,0,41,14,0,14,55
06/05/2015,HKY,NC,ASO,ES,Federal Contract Tower,0,3,3,0,6,0,1,18,0,19,0,4,21,0,25,16,0,16,41
06/06/2015,HKY,NC,ASO,ES,Federal Contract Tower,0,3,9,0,12,0,2,27,0,29,0,5,36,0,41,42,0,42,83
06/07/2015,HKY,NC,ASO,ES,Federal Contract Tower,0,4,8,0,12,0,5,10,0,15,0,9,18,0,27,6,0,6,33
06/08/2015,HKY,NC,ASO,ES,Federal Contract Tower,0,4,5,0,9,0,1,5,0,6,0,5,10,0,15,0,0,0,15
06/09/2015,HKY,NC,ASO,ES,Federal Contract Tower,0,5,10,0,15,0,5,20,5,30,0,10,30,5,45,6,0,6,51
06/10/2015,HKY,NC,ASO,ES,Federal Contract Tower,0,3,7,0,10,0,5,25,0,30,0,8,32,0,40,26,0,26,66
06/11/2015,HKY,NC,ASO,ES,Federal Contract Tower,0,14,7,0,21,0,10,39,2,51,0,24,46,2,72,20,0,20,92
06/12/2015,HKY,NC,ASO,ES,Federal Contract Tower,0,5,10,0,15,0,4,18,0,22,0,9,28,0,37,12,0,12,49
06/13/2015,HKY,NC,ASO,ES,Federal Contract Tower,0,2,6,0,8,0,3,112,0,115,0,5,118,0,123,10,0,10,133
06/14/2015,HKY,NC,ASO,ES,Federal Contract Tower,0,5,10,0,15,0,5,16,3,24,0,10,26,3,39,12,0,12,51
06/15/2015,HKY,NC,ASO,ES,Federal Contract Tower,0,5,0,0,5,0,9,37,6,52,0,14,37,6,57,0,0,0,57
06/16/2015,HKY,NC,ASO,ES,Federal Contract Tower,0,3,7,0,10,0,16,55,7,78,0,19,62,7,88,54,0,54,142
06/17/2015,HKY,NC,ASO,ES,Federal Contract Tower,0,2,6,1,9,0,7,46,4,57,0,9,52,5,66,28,0,28,94
06/18/2015,HKY,NC,ASO,ES,Federal Contract Tower,0,15,6,0,21,0,14,27,10,51,0,29,33,10,72,2,0,2,74
06/19/2015,HKY,NC,ASO,ES,Federal Contract Tower,0,9,8,0,17,0,2,24,1,27,0,11,32,1,44,34,0,34,78
06/20/2015,HKY,NC,ASO,ES,Federal Contract Tower,0,3,12,2,17,0,4,16,5,25,0,7,28,7,42,4,0,4,46
06/21/2015,HKY,NC,ASO,ES,Federal Contract Tower,0,14,5,0,19,0,13,22,0,35,0,27,27,0,54,24,0,24,78
06/22/2015,HKY,NC,ASO,ES,Federal Contract Tower,0,19,6,0,25,0,3,133,0,136,0,22,139,0,161,6,0,6,167
06/23/2015,HKY,NC,ASO,ES,Federal Contract Tower,2,22,10,0,34,0,11,25,3,39,2,33,35,3,73,6,0,6,79
06/24/2015,HKY,NC,ASO,ES,Federal Contract Tower,2,13,6,1,22,0,11,31,0,42,2,24,37,1,64,28,0,28,92
06/25/2015,HKY,NC,ASO,ES,Federal Contract Tower,0,17,9,5,31,0,3,40,6,49,0,20,49,11,80,20,0,20,100
06/26/2015,HKY,NC,ASO,ES,Federal Contract Tower,0,8,4,0,12,0,6,32,5,43,0,14,36,5,55,20,0,20,75
06/27/2015,HKY,NC,ASO,ES,Federal Contract Tower,0,3,7,0,10,0,1,13,0,14,0,4,20,0,24,6,0,6,30
06/28/2015,HKY,NC,ASO,ES,Federal Contract Tower,0,3,4,0,7,0,6,36,3,45,0,9,40,3,52,25,0,25,77
06/29/2015,HKY,NC,ASO,ES,Federal Contract Tower,0,5,2,0,7,0,26,43,13,82,0,31,45,13,89,40,0,40,129
06/30/2015,HKY,NC,ASO,ES,Federal Contract Tower,0,6,4,0,10,0,10,15,11,36,0,16,19,11,46,4,0,4,50
07/01/2015,HKY,NC,ASO,ES,Federal Contract Tower,0,4,4,0,8,0,4,28,2,34,0,8,32,2,42,30,0,30,72
07/02/2015,HKY,NC,ASO,ES,Federal Contract Tower,0,8,4,0,12,0,7,23,0,30,0,15,27,0,42,28,0,28,70
07/03/2015,HKY,NC,ASO,ES,Federal Contract Tower,0,6,7,0,13,0,2,2,0,4,0,8,9,0,17,8,0,8,25
07/04/2015,HKY,NC,ASO,ES,Federal Contract Tower,0,1,3,0,4,0,2,11,0,13,0,3,14,0,17,30,0,30,47
07/05/2015,HKY,NC,ASO,ES,Federal Contract Tower,0,5,7,0,12,0,7,14,2,23,0,12,21,2,35,2,0,2,37
07/06/2015,HKY,NC,ASO,ES,Federal Contract Tower,0,15,6,0,21,0,6,18,2,26,0,21,24,2,47,12,0,12,59
07/07/2015,HKY,NC,ASO,ES,Federal Contract Tower,0,9,2,0,11,0,7,37,0,44,0,16,39,0,55,34,0,34,89
07/08/2015,HKY,NC,ASO,ES,Federal Contract Tower,0,1,6,0,7,0,8,25,3,36,0,9,31,3,43,54,0,54,97
07/09/2015,HKY,NC,ASO,ES,Federal Contract Tower,0,11,4,0,15,0,4,46,0,50,0,15,50,0,65,22,0,22,87
07/10/2015,HKY,NC,ASO,ES,Federal Contract Tower,0,1,5,0,6,0,2,24,0,26,0,3,29,0,32,18,0,18,50
07/11/2015,HKY,NC,ASO,ES,Federal Contract Tower,0,0,3,0,3,0,9,82,0,91,0,9,85,0,94,18,0,18,112
07/12/2015,HKY,NC,ASO,ES,Federal Contract Tower,0,14,7,0,21,0,1,24,0,25,0,15,31,0,46,26,0,26,72
07/13/2015,HKY,NC,ASO,ES,Federal Contract Tower,0,8,11,0,19,0,12,28,0,40,0,20,39,0,59,4,0,4,63
07/14/2015,HKY,NC,ASO,ES,Federal Contract Tower,0,10,5,0,15,0,15,24,0,39,0,25,29,0,54,10,0,10,64
07/15/2015,HKY,NC,ASO,ES,Federal Contract Tower,0,19,3,0,22,0,5,21,1,27,0,24,24,1,49,8,0,8,57
07/16/2015,HKY,NC,ASO,ES,Federal Contract Tower,0,12,9,0,21,0,4,24,1,29,0,16,33,1,50,0,0,0,50
07/17/2015,HKY,NC,ASO,ES,Federal Contract Tower,0,7,4,0,11,0,1,30,1,32,0,8,34,1,43,40,0,40,83
07/18/2015,HKY,NC,ASO,ES,Federal Contract Tower,0,5,9,0,14,0,9,51,0,60,0,14,60,0,74,48,0,48,122
07/19/2015,HKY,NC,ASO,ES,Federal Contract Tower,0,7,5,0,12,0,1,8,0,9,0,8,13,0,21,20,0,20,41
07/20/2015,HKY,NC,ASO,ES,Federal Contract Tower,0,14,9,0,23,0,5,23,0,28,0,19,32,0,51,0,0,0,51
07/21/2015,HKY,NC,ASO,ES,Federal Contract Tower,0,9,1,0,10,0,8,17,2,27,0,17,18,2,37,24,0,24,61
07/22/2015,HKY,NC,ASO,ES,Federal Contract Tower,0,9,10,0,19,0,8,26,1,35,0,17,36,1,54,34,0,34,88
07/23/2015,HKY,NC,ASO,ES,Federal Contract Tower,0,13,6,0,19,0,1,19,1,21,0,14,25,1,40,22,0,22,62
07/24/2015,HKY,NC,ASO,ES,Federal Contract Tower,0,12,9,0,21,0,2,23,0,25,0,14,32,0,46,12,0,12,58
07/25/2015,HKY,NC,ASO,ES,Federal Contract Tower,0,4,15,0,19,0,6,30,0,36,0,10,45,0,55,24,0,24,79
07/26/2015,HKY,NC,ASO,ES,Federal Contract Tower,0,9,8,0,17,0,8,33,0,41,0,17,41,0,58,12,0,12,70
07/27/2015,HKY,NC,ASO,ES,Federal Contract Tower,0,11,5,0,16,0,3,18,2,23,0,14,23,2,39,6,4,10,49
07/28/2015,HKY,NC,ASO,ES,Federal Contract Tower,0,12,2,0,14,0,4,20,0,24,0,16,22,0,38,6,0,6,44
07/29/2015,HKY,NC,ASO,ES,Federal Contract Tower,0,18,3,0,21,0,10,20,0,30,0,28,23,0,51,10,0,10,61
07/30/2015,HKY,NC,ASO,ES,Federal Contract Tower,0,11,5,0,16,0,9,39,0,48,0,20,44,0,64,20,0,20,84
07/31/2015,HKY,NC,ASO,ES,Federal Contract Tower,0,8,12,0,20,0,8,45,2,55,0,16,57,2,75,40,0,40,115
08/01/2015,HKY,NC,ASO,ES,Federal Contract Tower,0,7,3,0,10,0,3,26,5,34,0,10,29,5,44,4,0,4,48
08/02/2015,HKY,NC,ASO,ES,Federal Contract Tower,0,4,3,0,7,0,1,26,2,29,0,5,29,2,36,12,0,12,48
08/03/2015,HKY,NC,ASO,ES,Federal Contract Tower,0,12,8,1,21,0,14,26,0,40,0,26,34,1,61,24,0,24,85
08/04/2015,HKY,NC,ASO,ES,Federal Contract Tower,0,10,4,0,14,0,20,30,3,53,0,30,34,3,67,18,0,18,85
08/05/2015,HKY,NC,ASO,ES,Federal Contract Tower,0,8,6,0,14,0,4,34,5,43,0,12,40,5,57,16,0,16,73
08/06/2015,HKY,NC,ASO,ES,Federal Contract Tower,0,5,8,0,13,0,2,30,1,33,0,7,38,1,46,22,2,24,70
08/07/2015,HKY,NC,ASO,ES,Federal Contract Tower,0,7,9,0,16,0,2,4,0,6,0,9,13,0,22,0,0,0,22
08/08/2015,HKY,NC,ASO,ES,Federal Contract Tower,0,4,7,0,11,0,2,101,0,103,0,6,108,0,114,0,0,0,114
08/09/2015,HKY,NC,ASO,ES,Federal Contract Tower,0,3,10,2,15,0,1,28,0,29,0,4,38,2,44,18,0,18,62
08/10/2015,HKY,NC,ASO,ES,Federal Contract Tower,0,13,7,0,20,0,2,13,2,17,0,15,20,2,37,14,0,14,51
08/11/2015,HKY,NC,ASO,ES,Federal Contract Tower,0,19,8,0,27,0,4,15,0,19,0,23,23,0,46,10,0,10,56
08/12/2015,HKY,NC,ASO,ES,Federal Contract Tower,0,9,6,0,15,0,12,54,9,75,0,21,60,9,90,48,0,48,138
08/13/2015,HKY,NC,ASO,ES,Federal Contract Tower,0,19,8,0,27,0,9,45,2,56,0,28,53,2,83,50,0,50,133
08/14/2015,HKY,NC,ASO,ES,Federal Contract Tower,0,22,6,0,28,0,8,33,2,43,0,30,39,2,71,2,0,2,73
08/15/2015,HKY,NC,ASO,ES,Federal Contract Tower,0,15,15,1,31,0,6,45,1,52,0,21,60,2,83,30,0,30,113
08/16/2015,HKY,NC,ASO,ES,Federal Contract Tower,0,13,2,0,15,0,3,42,2,47,0,16,44,2,62,30,0,30,92
08/17/2015,HKY,NC,ASO,ES,Federal Contract Tower,0,17,9,0,26,0,4,22,0,26,0,21,31,0,52,16,0,16,68
08/18/2015,HKY,NC,ASO,ES,Federal Contract Tower,0,26,6,0,32,0,2,5,0,7,0,28,11,0,39,0,0,0,39
08/19/2015,HKY,NC,ASO,ES,Federal Contract Tower,0,21,7,0,28,0,2,22,2,26,0,23,29,2,54,2,0,2,56
08/20/2015,HKY,NC,ASO,ES,Federal Contract Tower,0,20,9,0,29,0,9,30,8,47,0,29,39,8,76,24,4,28,104
08/21/2015,HKY,NC,ASO,ES,Federal Contract Tower,0,23,13,0,36,0,8,32,6,46,0,31,45,6,82,4,0,4,86
08/22/2015,HKY,NC,ASO,ES,Federal Contract Tower,0,12,3,0,15,0,11,33,2,46,0,23,36,2,61,6,0,6,67
08/23/2015,HKY,NC,ASO,ES,Federal Contract Tower,0,8,6,0,14,0,3,17,0,20,0,11,23,0,34,2,0,2,36
08/24/2015,HKY,NC,ASO,ES,Federal Contract Tower,0,22,6,0,28,0,2,28,0,30,0,24,34,0,58,6,0,6,64
08/25/2015,HKY,NC,ASO,ES,Federal Contract Tower,0,13,3,0,16,0,6,39,6,51,0,19,42,6,67,4,0,4,71
08/26/2015,HKY,NC,ASO,ES,Federal Contract Tower,0,10,9,1,20,0,2,27,2,31,0,12,36,3,51,2,0,2,53
08/27/2015,HKY,NC,ASO,ES,Federal Contract Tower,0,22,7,0,29,0,11,24,7,42,0,33,31,7,71,18,4,22,93
08/28/2015,HKY,NC,ASO,ES,Federal Contract Tower,0,15,2,0,17,0,5,45,2,52,0,20,47,2,69,36,0,36,105
08/29/2015,HKY,NC,ASO,ES,Federal Contract Tower,0,10,2,2,14,0,1,42,3,46,0,11,44,5,60,14,10,24,84
08/30/2015,HKY,NC,ASO,ES,Federal Contract Tower,0,7,10,0,17,0,16,26,0,42,0,23,36,0,59,18,0,18,77
08/31/2015,HKY,NC,ASO,ES,Federal Contract Tower,0,7,0,0,7,0,3,28,0,31,0,10,28,0,38,16,0,16,54
09/01/2015,HKY,NC,ASO,ES,Federal Contract Tower,0,11,3,3,17,0,3,23,4,30,0,14,26,7,47,14,4,18,65
09/02/2015,HKY,NC,ASO,ES,Federal Contract Tower,0,11,5,0,16,0,17,31,8,56,0,28,36,8,72,14,0,14,86
09/03/2015,HKY,NC,ASO,ES,Federal Contract Tower,0,11,7,0,18,0,22,27,5,54,0,33,34,5,72,4,2,6,78
09/04/2015,HKY,NC,ASO,ES,Federal Contract Tower,0,14,8,0,22,0,7,14,3,24,0,21,22,3,46,10,0,10,56
09/05/2015,HKY,NC,ASO,ES,Federal Contract Tower,0,5,7,0,12,0,1,4,0,5,0,6,11,0,17,4,0,4,21
09/06/2015,HKY,NC,ASO,ES,Federal Contract Tower,0,0,9,0,9,0,5,26,0,31,0,5,35,0,40,2,0,2,42
09/07/2015,HKY,NC,ASO,ES,Federal Contract Tower,0,5,24,0,29,0,6,30,0,36,0,11,54,0,65,28,0,28,93
09/08/2015,HKY,NC,ASO,ES,Federal Contract Tower,0,12,9,0,21,0,3,25,1,29,0,15,34,1,50,2,0,2,52
09/09/2015,HKY,NC,ASO,ES,Federal Contract Tower,0,10,4,0,14,0,4,11,0,15,0,14,15,0,29,0,8,8,37
09/10/2015,HKY,NC,ASO,ES,Federal Contract Tower,0,5,10,4,19,0,8,5,0,13,0,13,15,4,32,0,0,0,32
09/11/2015,HKY,NC,ASO,ES,Federal Contract Tower,0,26,11,0,37,0,8,23,4,35,0,34,34,4,72,24,6,30,102
09/12/2015,HKY,NC,ASO,ES,Federal Contract Tower,0,11,9,0,20,0,5,58,0,63,0,16,67,0,83,0,0,0,83
09/13/2015,HKY,NC,ASO,ES,Federal Contract Tower,0,4,3,0,7,0,0,24,0,24,0,4,27,0,31,4,0,4,35
09/14/2015,HKY,NC,ASO,ES,Federal Contract Tower,0,9,5,0,14,0,2,34,0,36,0,11,39,0,50,16,0,16,66
09/15/2015,HKY,NC,ASO,ES,Federal Contract Tower,0,7,1,0,8,0,4,28,4,36,0,11,29,4,44,10,0,10,54
09/16/2015,HKY,NC,ASO,ES,Federal Contract Tower,0,5,6,0,11,0,14,24,8,46,0,19,30,8,57,2,0,2,59
09/17/2015,HKY,NC,ASO,ES,Federal Contract Tower,0,10,3,0,13,0,17,27,2,46,0,27,30,2,59,24,0,24,83
09/18/2015,HKY,NC,ASO,ES,Federal Contract Tower,0,4,3,0,7,0,10,21,8,39,0,14,24,8,46,0,4,4,50
09/19/2015,HKY,NC,ASO,ES,Federal Contract Tower,0,0,8,0,8,0,5,39,0,44,0,5,47,0,52,0,0,0,52
09/20/2015,HKY,NC,ASO,ES,Federal Contract Tower,0,5,6,0,11,0,0,26,0,26,0,5,32,0,37,4,0,4,41
09/21/2015,HKY,NC,ASO,ES,Federal Contract Tower,0,12,16,1,29,0,1,0,0,1,0,13,16,1,30,0,0,0,30
09/22/2015,HKY,NC,ASO,ES,Federal Contract Tower,0,5,10,3,18,0,0,10,0,10,0,5,20,3,28,0,0,0,28
09/23/2015,HKY,NC,ASO,ES,Federal Contract Tower,0,7,7,0,14,0,18,25,3,46,0,25,32,3,60,2,4,6,66
09/24/2015,HKY,NC,ASO,ES,Federal Contract Tower,0,10,2,0,12,0,5,6,2,13,0,15,8,2,25,16,0,16,41
09/25/2015,HKY,NC,ASO,ES,Federal Contract Tower,0,11,2,0,13,0,0,0,0,0,0,11,2,0,13,0,0,0,13
09/26/2015,HKY,NC,ASO,ES,Federal Contract Tower,0,4,1,0,5,0,0,0,0,0,0,4,1,0,5,0,0,0,5
09/27/2015,HKY,NC,ASO,ES,Federal Contract Tower,0,2,5,0,7,0,0,0,0,0,0,2,5,0,7,0,0,0,7
09/28/2015,HKY,NC,ASO,ES,Federal Contract Tower,0,8,8,0,16,0,0,1,0,1,0,8,9,0,17,0,0,0,17
09/29/2015,HKY,NC,ASO,ES,Federal Contract Tower,0,3,4,0,7,0,0,2,0,2,0,3,6,0,9,0,0,0,9
09/30/2015,HKY,NC,ASO,ES,Federal Contract Tower,0,8,5,0,13,0,8,18,4,30,0,16,23,4,43,38,0,38,81
10/01/2015,HKY,NC,ASO,ES,Federal Contract Tower,0,10,4,0,14,0,0,13,0,13,0,10,17,0,27,16,0,16,43
10/02/2015,HKY,NC,ASO,ES,Federal Contract Tower,0,19,1,0,20,0,0,0,0,0,0,19,1,0,20,0,0,0,20
10/03/2015,HKY,NC,ASO,ES,Federal Contract Tower,0,0,1,0,1,0,0,0,0,0,0,0,1,0,1,0,0,0,1
10/04/2015,HKY,NC,ASO,ES,Federal Contract Tower,0,5,3,0,8,0,0,1,0,1,0,5,4,0,9,0,0,0,9
10/05/2015,HKY,NC,ASO,ES,Federal Contract Tower,0,7,3,1,11,0,1,2,0,3,0,8,5,1,14,12,0,12,26
10/06/2015,HKY,NC,ASO,ES,Federal Contract Tower,0,11,9,0,20,0,13,34,4,51,0,24,43,4,71,24,0,24,95
10/07/2015,HKY,NC,ASO,ES,Federal Contract Tower,0,5,1,0,6,0,11,81,2,94,0,16,82,2,100,38,0,38,138
10/08/2015,HKY,NC,ASO,ES,Federal Contract Tower,0,6,9,0,15,0,19,49,3,71,0,25,58,3,86,14,0,14,100
10/09/2015,HKY,NC,ASO,ES,Federal Contract Tower,0,12,11,0,23,0,7,35,0,42,0,19,46,0,65,24,0,24,89
10/10/2015,HKY,NC,ASO,ES,Federal Contract Tower,0,5,7,0,12,0,1,8,0,9,0,6,15,0,21,8,0,8,29
10/11/2015,HKY,NC,ASO,ES,Federal Contract Tower,0,2,8,0,10,0,3,46,0,49,0,5,54,0,59,48,0,48,107
10/12/2015,HKY,NC,ASO,ES,Federal Contract Tower,0,6,12,0,18,0,2,22,0,24,0,8,34,0,42,6,0,6,48
10/13/2015,HKY,NC,ASO,ES,Federal Contract Tower,0,11,17,0,28,0,0,18,2,20,0,11,35,2,48,18,0,18,66
10/14/2015,HKY,NC,ASO,ES,Federal Contract Tower,0,6,9,0,15,0,4,47,24,75,0,10,56,24,90,40,12,52,142
10/15/2015,HKY,NC,ASO,ES,Federal Contract Tower,0,21,7,1,29,0,18,52,1,71,0,39,59,2,100,10,0,10,110
10/16/2015,HKY,NC,ASO,ES,Federal Contract Tower,2,9,2,0,13,0,5,29,2,36,2,14,31,2,49,2,0,2,51
10/17/2015,HKY,NC,ASO,ES,Federal Contract Tower,0,6,5,0,11,0,3,38,0,41,0,9,43,0,52,16,0,16,68
10/18/2015,HKY,NC,ASO,ES,Federal Contract Tower,0,8,17,0,25,0,5,27,2,34,0,13,44,2,59,6,0,6,65
10/19/2015,HKY,NC,ASO,ES,Federal Contract Tower,0,4,12,1,17,0,1,22,1,24,0,5,34,2,41,0,0,0,41
10/20/2015,HKY,NC,ASO,ES,Federal Contract Tower,0,9,10,0,19,0,3,35,1,39,0,12,45,1,58,16,2,18,76
10/21/2015,HKY,NC,ASO,ES,Federal Contract Tower,0,10,7,0,17,0,15,34,6,55,0,25,41,6,72,22,0,22,94
10/22/2015,HKY,NC,ASO,ES,Federal Contract Tower,0,9,8,0,17,0,7,33,2,42,0,16,41,2,59,22,0,22,81
10/23/2015,HKY,NC,ASO,ES,Federal Contract Tower,0,8,11,0,19,0,8,31,2,41,0,16,42,2,60,6,0,6,66
10/24/2015,HKY,NC,ASO,ES,Federal Contract Tower,0,1,9,0,10,0,2,18,0,20,0,3,27,0,30,56,0,56,86
10/25/2015,HKY,NC,ASO,ES,Federal Contract Tower,0,1,10,0,11,0,5,18,0,23,0,6,28,0,34,6,0,6,40
10/26/2015,HKY,NC,ASO,ES,Federal Contract Tower,0,4,2,0,6,0,2,7,0,9,0,6,9,0,15,0,0,0,15
10/27/2015,HKY,NC,ASO,ES,Federal Contract Tower,0,7,5,0,12,0,0,0,0,0,0,7,5,0,12,0,0,0,12
10/28/2015,HKY,NC,ASO,ES,Federal Contract Tower,0,3,7,0,10,0,0,0,0,0,0,3,7,0,10,0,0,0,10
10/29/2015,HKY,NC,ASO,ES,Federal Contract Tower,0,10,11,0,21,0,8,33,3,44,0,18,44,3,65,18,0,18,83
10/30/2015,HKY,NC,ASO,ES,Federal Contract Tower,0,9,6,0,15,0,2,32,6,40,0,11,38,6,55,8,0,8,63
10/31/2015,HKY,NC,ASO,ES,Federal Contract Tower,0,3,6,0,9,0,3,38,0,41,0,6,44,0,50,12,0,12,62
11/01/2015,HKY,NC,ASO,ES,Federal Contract Tower,0,3,7,0,10,0,0,0,0,0,0,3,7,0,10,0,0,0,10
11/02/2015,HKY,NC,ASO,ES,Federal Contract Tower,0,1,1,0,2,0,0,0,0,0,0,1,1,0,2,0,0,0,2
11/03/2015,HKY,NC,ASO,ES,Federal Contract Tower,0,6,8,0,14,0,0,0,0,0,0,6,8,0,14,0,0,0,14
11/04/2015,HKY,NC,ASO,ES,Federal Contract Tower,1,6,8,0,15,0,0,0,0,0,1,6,8,0,15,2,0,2,17
11/05/2015,HKY,NC,ASO,ES,Federal Contract Tower,0,9,13,2,24,0,0,11,0,11,0,9,24,2,35,12,0,12,47
11/06/2015,HKY,NC,ASO,ES,Federal Contract Tower,0,15,2,0,17,0,0,1,0,1,0,15,3,0,18,14,0,14,32
11/07/2015,HKY,NC,ASO,ES,Federal Contract Tower,0,2,5,4,11,0,2,1,0,3,0,4,6,4,14,2,0,2,16
11/08/2015,HKY,NC,ASO,ES,Federal Contract Tower,0,7,8,0,15,0,0,21,0,21,0,7,29,0,36,16,0,16,52
11/09/2015,HKY,NC,ASO,ES,Federal Contract Tower,0,4,4,0,8,0,0,0,0,0,0,4,4,0,8,0,0,0,8
11/10/2015,HKY,NC,ASO,ES,Federal Contract Tower,0,14,9,0,23,0,8,17,0,25,0,22,26,0,48,2,0,2,50
11/11/2015,HKY,NC,ASO,ES,Federal Contract Tower,0,6,9,0,15,0,7,41,0,48,0,13,50,0,63,16,0,16,79
11/12/2015,HKY,NC,ASO,ES,Federal Contract Tower,0,7,14,0,21,0,7,24,0,31,0,14,38,0,52,16,0,16,68
11/13/2015,HKY,NC,ASO,ES,Federal Contract Tower,0,15,2,2,19,0,7,18,8,33,0,22,20,10,52,2,2,4,56
11/14/2015,HKY,NC,ASO,ES,Federal Contract Tower,0,4,3,0,7,0,2,113,0,115,0,6,116,0,122,10,0,10,132
11/15/2015,HKY,NC,ASO,ES,Federal Contract Tower,0,4,5,0,9,0,3,38,1,42,0,7,43,1,51,8,0,8,59
11/16/2015,HKY,NC,ASO,ES,Federal Contract Tower,0,7,5,0,12,0,3,26,3,32,0,10,31,3,44,14,0,14,58
11/17/2015,HKY,NC,ASO,ES,Federal Contract Tower,0,7,5,0,12,0,4,27,0,31,0,11,32,0,43,10,0,10,53
11/18/2015,HKY,NC,ASO,ES,Federal Contract Tower,0,11,2,0,13,0,8,0,0,8,0,19,2,0,21,0,0,0,21
11/19/2015,HKY,NC,ASO,ES,Federal Contract Tower,0,10,7,0,17,0,6,4,0,10,0,16,11,0,27,0,0,0,27
11/20/2015,HKY,NC,ASO,ES,Federal Contract Tower,6,8,10,4,28,0,5,41,16,62,6,13,51,20,90,20,16,36,126
11/21/2015,HKY,NC,ASO,ES,Federal Contract Tower,2,15,4,0,21,0,10,55,0,65,2,25,59,0,86,8,0,8,94
11/22/2015,HKY,NC,ASO,ES,Federal Contract Tower,0,3,2,0,5,0,3,17,4,24,0,6,19,4,29,12,0,12,41
11/23/2015,HKY,NC,ASO,ES,Federal Contract Tower,0,3,3,0,6,0,3,33,0,36,0,6,36,0,42,10,0,10,52
11/24/2015,HKY,NC,ASO,ES,Federal Contract Tower,0,3,11,0,14,0,1,35,0,36,0,4,46,0,50,2,0,2,52
11/25/2015,HKY,NC,ASO,ES,Federal Contract Tower,0,8,10,0,18,0,9,27,4,40,0,17,37,4,58,0,0,0,58
11/26/2015,HKY,NC,ASO,ES,Federal Contract Tower,0,1,2,0,3,0,2,12,0,14,0,3,14,0,17,0,0,0,17
11/27/2015,HKY,NC,ASO,ES,Federal Contract Tower,0,5,11,0,16,0,10,24,0,34,0,15,35,0,50,24,0,24,74
11/28/2015,HKY,NC,ASO,ES,Federal Contract Tower,0,4,3,0,7,0,17,30,3,50,0,21,33,3,57,18,0,18,75
11/29/2015,HKY,NC,ASO,ES,Federal Contract Tower,0,7,19,0,26,0,6,25,8,39,0,13,44,8,65,16,0,16,81
11/30/2015,HKY,NC,ASO,ES,Federal Contract Tower,0,6,6,0,12,0,0,0,0,0,0,6,6,0,12,0,0,0,12
12/01/2015,HKY,NC,ASO,ES,Federal Contract Tower,0,5,2,0,7,0,0,0,0,0,0,5,2,0,7,0,0,0,7
12/02/2015,HKY,NC,ASO,ES,Federal Contract Tower,0,7,12,0,19,0,0,0,0,0,0,7,12,0,19,0,0,0,19
12/03/2015,HKY,NC,ASO,ES,Federal Contract Tower,1,8,2,0,11,0,15,35,5,55,1,23,37,5,66,40,0,40,106
12/04/2015,HKY,NC,ASO,ES,Federal Contract Tower,0,11,7,0,18,0,11,33,2,46,0,22,40,2,64,24,0,24,88
12/05/2015,HKY,NC,ASO,ES,Federal Contract Tower,0,2,2,0,4,0,6,53,0,59,0,8,55,0,63,16,0,16,79
12/06/2015,HKY,NC,ASO,ES,Federal Contract Tower,1,1,3,0,5,0,3,38,0,41,1,4,41,0,46,26,0,26,72
12/07/2015,HKY,NC,ASO,ES,Federal Contract Tower,0,12,5,0,17,0,2,24,0,26,0,14,29,0,43,12,0,12,55
12/08/2015,HKY,NC,ASO,ES,Federal Contract Tower,1,6,14,0,21,0,5,36,2,43,1,11,50,2,64,2,0,2,66
12/09/2015,HKY,NC,ASO,ES,Federal Contract Tower,0,7,3,0,10,0,2,17,5,24,0,9,20,5,34,14,0,14,48
12/10/2015,HKY,NC,ASO,ES,Federal Contract Tower,0,12,8,0,20,0,0,36,12,48,0,12,44,12,68,12,0,12,80
12/11/2015,HKY,NC,ASO,ES,Federal Contract Tower,0,8,3,0,11,0,4,23,6,33,0,12,26,6,44,20,0,20,64
12/12/2015,HKY,NC,ASO,ES,Federal Contract Tower,0,1,3,0,4,0,2,20,0,22,0,3,23,0,26,0,0,0,26
12/13/2015,HKY,NC,ASO,ES,Federal Contract Tower,0,3,5,0,8,0,4,18,0,22,0,7,23,0,30,0,0,0,30
12/14/2015,HKY,NC,ASO,ES,Federal Contract Tower,0,1,4,0,5,0,2,2,0,4,0,3,6,0,9,0,0,0,9
12/15/2015,HKY,NC,ASO,ES,Federal Contract Tower,0,10,9,0,19,0,2,34,16,52,0,12,43,16,71,0,0,0,71
12/16/2015,HKY,NC,ASO,ES,Federal Contract Tower,0,6,5,0,11,0,14,38,7,59,0,20,43,7,70,11,6,17,87
12/17/2015,HKY,NC,ASO,ES,Federal Contract Tower,0,12,0,0,12,0,0,0,0,0,0,12,0,0,12,0,0,0,12
12/18/2015,HKY,NC,ASO,ES,Federal Contract Tower,0,8,4,0,12,0,6,21,2,29,0,14,25,2,41,22,0,22,63
12/19/2015,HKY,NC,ASO,ES,Federal Contract Tower,0,8,5,0,13,0,3,30,0,33,0,11,35,0,46,34,0,34,80
12/20/2015,HKY,NC,ASO,ES,Federal Contract Tower,0,2,4,0,6,0,12,68,0,80,0,14,72,0,86,16,0,16,102
12/21/2015,HKY,NC,ASO,ES,Federal Contract Tower,0,3,11,0,14,0,1,1,0,2,0,4,12,0,16,2,0,2,18
12/22/2015,HKY,NC,ASO,ES,Federal Contract Tower,0,2,1,0,3,0,0,0,0,0,0,2,1,0,3,0,0,0,3
12/23/2015,HKY,NC,ASO,ES,Federal Contract Tower,0,2,0,0,2,0,0,0,0,0,0,2,0,0,2,0,0,0,2
12/24/2015,HKY,NC,ASO,ES,Federal Contract Tower,0,2,1,0,3,0,0,0,0,0,0,2,1,0,3,0,0,0,3
12/25/2015,HKY,NC,ASO,ES,Federal Contract Tower,0,2,7,0,9,0,0,0,0,0,0,2,7,0,9,0,0,0,9
12/26/2015,HKY,NC,ASO,ES,Federal Contract Tower,0,6,6,0,12,0,0,5,0,5,0,6,11,0,17,14,0,14,31
12/27/2015,HKY,NC,ASO,ES,Federal Contract Tower,0,4,4,0,8,0,2,12,0,14,0,6,16,0,22,4,0,4,26
12/28/2015,HKY,NC,ASO,ES,Federal Contract Tower,0,3,1,0,4,0,0,0,0,0,0,3,1,0,4,0,0,0,4
12/29/2015,HKY,NC,ASO,ES,Federal Contract Tower,0,4,3,0,7,0,4,5,0,9,0,8,8,0,16,0,0,0,16
12/30/2015,HKY,NC,ASO,ES,Federal Contract Tower,0,1,2,0,3,0,0,0,0,0,0,1,2,0,3,0,0,0,3
12/31/2015,HKY,NC,ASO,ES,Federal Contract Tower,0,1,10,0,11,0,0,7,0,7,0,1,17,0,18,8,0,8,26
01/01/2016,HKY,NC,ASO,ES,Federal Contract Tower,0,0,2,0,2,0,3,28,0,31,0,3,30,0,33,2,0,2,35
01/02/2016,HKY,NC,ASO,ES,Federal Contract Tower,0,1,13,0,14,0,1,67,0,68,0,2,80,0,82,6,0,6,88
01/03/2016,HKY,NC,ASO,ES,Federal Contract Tower,0,1,5,0,6,0,0,31,0,31,0,1,36,0,37,0,0,0,37
01/04/2016,HKY,NC,ASO,ES,Federal Contract Tower,0,2,3,0,5,0,1,4,0,5,0,3,7,0,10,0,0,0,10
01/05/2016,HKY,NC,ASO,ES,Federal Contract Tower,0,4,12,0,16,0,0,29,1,30,0,4,41,1,46,10,0,10,56
01/06/2016,HKY,NC,ASO,ES,Federal Contract Tower,0,7,4,0,11,0,3,31,6,40,0,10,35,6,51,8,0,8,59
01/07/2016,HKY,NC,ASO,ES,Federal Contract Tower,0,0,5,0,5,0,7,31,2,40,0,7,36,2,45,4,0,4,49
01/08/2016,HKY,NC,ASO,ES,Federal Contract Tower,0,9,5,0,14,0,0,0,0,0,0,9,5,0,14,0,0,0,14
01/09/2016,HKY,NC,ASO,ES,Federal Contract Tower,0,0,4,0,4,0,0,0,0,0,0,0,4,0,4,0,0,0,4
01/10/2016,HKY,NC,ASO,ES,Federal Contract Tower,0,7,0,0,7,0,0,6,0,6,0,7,6,0,13,0,0,0,13
01/11/2016,HKY,NC,ASO,ES,Federal Contract Tower,0,8,5,0,13,0,1,25,6,32,0,9,30,6,45,0,0,0,45
01/12/2016,HKY,NC,ASO,ES,Federal Contract Tower,0,6,4,3,13,0,1,27,0,28,0,7,31,3,41,12,0,12,53
01/13/2016,HKY,NC,ASO,ES,Federal Contract Tower,0,4,2,0,6,0,3,23,3,29,0,7,25,3,35,6,0,6,41
01/14/2016,HKY,NC,ASO,ES,Federal Contract Tower,0,4,20,0,24,0,7,27,5,39,0,11,47,5,63,8,0,8,71
01/15/2016,HKY,NC,ASO,ES,Federal Contract Tower,0,4,0,0,4,0,0,1,0,1,0,4,1,0,5,0,0,0,5
01/16/2016,HKY,NC,ASO,ES,Federal Contract Tower,0,1,3,0,4,0,7,30,0,37,0,8,33,0,41,14,0,14,55
01/17/2016,HKY,NC,ASO,ES,Federal Contract Tower,0,0,1,0,1,0,3,0,0,3,0,3,1,0,4,0,0,0,4
01/18/2016,HKY,NC,ASO,ES,Federal Contract Tower,0,9,8,0,17,0,5,18,0,23,0,14,26,0,40,0,0,0,40
01/19/2016,HKY,NC,ASO,ES,Federal Contract Tower,0,5,5,0,10,0,4,24,0,28,0,9,29,0,38,22,0,22,60
01/20/2016,HKY,NC,ASO,ES,Federal Contract Tower,0,3,2,0,5,0,3,2,0,5,0,6,4,0,10,0,0,0,10
01/21/2016,HKY,NC,ASO,ES,Federal Contract Tower,0,11,5,0,16,0,10,26,0,36,0,21,31,0,52,22,0,22,74
01/22/2016,HKY,NC,ASO,ES,Federal Contract Tower,0,3,0,0,3,0,0,0,0,0,0,3,0,0,3,0,0,0,3
01/23/2016,HKY,NC,ASO,ES,Federal Contract Tower,0,0,3,0,3,0,2,9,0,11,0,2,12,0,14,2,0,2,16
01/24/2016,HKY,NC,ASO,ES,Federal Contract Tower,0,0,3,0,3,0,1,9,0,10,0,1,12,0,13,2,0,2,15
01/25/2016,HKY,NC,ASO,ES,Federal Contract Tower,0,14,0,1,15,0,2,29,1,32,0,16,29,2,47,0,0,0,47
01/26/2016,HKY,NC,ASO,ES,Federal Contract Tower,0,15,3,0,18,0,0,17,3,20,0,15,20,3,38,0,0,0,38
01/27/2016,HKY,NC,ASO,ES,Federal Contract Tower,0,5,1,0,6,0,17,23,0,40,0,22,24,0,46,20,0,20,66
01/28/2016,HKY,NC,ASO,ES,Federal Contract Tower,0,10,1,0,11,0,14,28,0,42,0,24,29,0,53,18,0,18,71
01/29/2016,HKY,NC,ASO,ES,Federal Contract Tower,0,2,1,0,3,0,30,18,0,48,0,32,19,0,51,4,0,4,55
01/30/2016,HKY,NC,ASO,ES,Federal Contract Tower,0,0,2,0,2,0,7,47,0,54,0,7,49,0,56,18,0,18,74
01/31/2016,HKY,NC,ASO,ES,Federal Contract Tower,0,3,0,0,3,0,5,28,0,33,0,8,28,0,36,6,0,6,42
02/01/2016,HKY,NC,ASO,ES,Federal Contract Tower,0,4,3,0,7,0,2,11,0,13,0,6,14,0,20,8,0,8,28
02/02/2016,HKY,NC,ASO,ES,Federal Contract Tower,0,10,11,0,21,0,0,0,0,0,0,10,11,0,21,0,0,0,21
02/03/2016,HKY,NC,ASO,ES,Federal Contract Tower,0,8,1,0,9,0,0,0,0,0,0,8,1,0,9,0,0,0,9
02/04/2016,HKY,NC,ASO,ES,Federal Contract Tower,0,7,12,0,19,0,0,31,0,31,0,7,43,0,50,12,0,12,62
02/05/2016,HKY,NC,ASO,ES,Federal Contract Tower,0,4,11,0,15,0,9,32,5,46,0,13,43,5,61,12,0,12,73
02/06/2016,HKY,NC,ASO,ES,Federal Contract Tower,0,1,6,0,7,0,22,37,0,59,0,23,43,0,66,36,0,36,102
02/07/2016,HKY,NC,ASO,ES,Federal Contract Tower,0,4,11,0,15,0,4,22,0,26,0,8,33,0,41,6,0,6,47
02/08/2016,HKY,NC,ASO,ES,Federal Contract Tower,0,10,2,0,12,0,2,13,0,15,0,12,15,0,27,0,0,0,27
02/09/2016,HKY,NC,ASO,ES,Federal Contract Tower,0,2,9,0,11,0,3,12,2,17,0,5,21,2,28,12,0,12,40
02/10/2016,HKY,NC,ASO,ES,Federal Contract Tower,0,6,1,0,7,0,16,16,6,38,0,22,17,6,45,10,2,12,57
02/11/2016,HKY,NC,ASO,ES,Federal Contract Tower,0,9,6,0,15,0,17,30,9,56,0,26,36,9,71,8,20,28,99
02/12/2016,HKY,NC,ASO,ES,Federal Contract Tower,0,6,13,0,19,0,5,18,0,23,0,11,31,0,42,12,0,12,54
02/13/2016,HKY,NC,ASO,ES,Federal Contract Tower,0,3,4,0,7,0,6,78,0,84,0,9,82,0,91,8,0,8,99
02/14/2016,HKY,NC,ASO,ES,Federal Contract Tower,0,3,4,0,7,0,0,6,0,6,0,3,10,0,13,0,0,0,13
02/15/2016,HKY,NC,ASO,ES,Federal Contract Tower,0,0,0,0,0,0,0,0,0,0,0,0,0,0,0,0,0,0,0
02/16/2016,HKY,NC,ASO,ES,Federal Contract Tower,0,7,1,0,8,0,0,13,0,13,0,7,14,0,21,18,0,18,39
02/17/2016,HKY,NC,ASO,ES,Federal Contract Tower,0,12,4,0,16,0,6,37,0,43,0,18,41,0,59,12,0,12,71
02/18/2016,HKY,NC,ASO,ES,Federal Contract Tower,0,7,2,0,9,0,4,36,3,43,0,11,38,3,52,4,0,4,56
02/19/2016,HKY,NC,ASO,ES,Federal Contract Tower,0,7,2,0,9,0,11,27,0,38,0,18,29,0,47,6,0,6,53
02/20/2016,HKY,NC,ASO,ES,Federal Contract Tower,0,3,12,6,21,0,4,38,7,49,0,7,50,13,70,48,0,48,118
02/21/2016,HKY,NC,ASO,ES,Federal Contract Tower,0,3,3,1,7,0,3,6,0,9,0,6,9,1,16,10,0,10,26
02/22/2016,HKY,NC,ASO,ES,Federal Contract Tower,0,17,2,0,19,0,1,1,0,2,0,18,3,0,21,6,0,6,27
02/23/2016,HKY,NC,ASO,ES,Federal Contract Tower,0,12,6,0,18,0,0,0,0,0,0,12,6,0,18,0,0,0,18
02/24/2016,HKY,NC,ASO,ES,Federal Contract Tower,0,4,1,0,5,0,0,0,0,0,0,4,1,0,5,0,0,0,5
02/25/2016,HKY,NC,ASO,ES,Federal Contract Tower,0,4,2,0,6,0,7,4,0,11,0,11,6,0,17,4,0,4,21
02/26/2016,HKY,NC,ASO,ES,Federal Contract Tower,0,9,6,0,15,0,15,19,6,40,0,24,25,6,55,0,0,0,55
02/27/2016,HKY,NC,ASO,ES,Federal Contract Tower,0,1,4,0,5,0,7,65,1,73,0,8,69,1,78,18,0,18,96
02/28/2016,HKY,NC,ASO,ES,Federal Contract Tower,1,3,4,0,8,0,9,53,0,62,1,12,57,0,70,32,0,32,102
02/29/2016,HKY,NC,ASO,ES,Federal Contract Tower,0,8,6,0,14,0,10,12,0,22,0,18,18,0,36,0,6,6,42
03/01/2016,HKY,NC,ASO,ES,Federal Contract Tower,0,9,3,0,12,0,1,25,1,27,0,10,28,1,39,6,0,6,45
03/02/2016,HKY,NC,ASO,ES,Federal Contract Tower,0,9,5,0,14,0,9,19,0,28,0,18,24,0,42,8,0,8,50
03/03/2016,HKY,NC,ASO,ES,Federal Contract Tower,0,10,3,0,13,0,0,16,0,16,0,10,19,0,29,0,0,0,29
03/04/2016,HKY,NC,ASO,ES,Federal Contract Tower,0,7,3,0,10,0,5,25,1,31,0,12,28,1,41,18,0,18,59
03/05/2016,HKY,NC,ASO,ES,Federal Contract Tower,0,2,5,0,7,0,12,50,2,64,0,14,55,2,71,9,2,11,82
03/06/2016,HKY,NC,ASO,ES,Federal Contract Tower,0,2,1,0,3,0,6,33,0,39,0,8,34,0,42,8,0,8,50
03/07/2016,HKY,NC,ASO,ES,Federal Contract Tower,0,9,11,0,20,0,0,21,4,25,0,9,32,4,45,6,0,6,51
03/08/2016,HKY,NC,ASO,ES,Federal Contract Tower,0,0,8,0,8,0,5,36,10,51,0,5,44,10,59,14,0,14,73
03/09/2016,HKY,NC,ASO,ES,Federal Contract Tower,0,4,12,0,16,0,8,44,11,63,0,12,56,11,79,12,0,12,91
03/10/2016,HKY,NC,ASO,ES,Federal Contract Tower,0,8,17,0,25,0,3,36,6,45,0,11,53,6,70,22,8,30,100
03/11/2016,HKY,NC,ASO,ES,Federal Contract Tower,0,9,2,0,11,0,4,28,1,33,0,13,30,1,44,20,0,20,64
03/12/2016,HKY,NC,ASO,ES,Federal Contract Tower,0,4,5,0,9,0,2,29,7,38,0,6,34,7,47,48,0,48,95
03/13/2016,HKY,NC,ASO,ES,Federal Contract Tower,0,2,2,0,4,0,2,1,0,3,0,4,3,0,7,4,0,4,11
03/14/2016,HKY,NC,ASO,ES,Federal Contract Tower,0,6,5,0,11,0,6,16,0,22,0,12,21,0,33,6,0,6,39
03/15/2016,HKY,NC,ASO,ES,Federal Contract Tower,0,6,8,0,14,0,4,19,8,31,0,10,27,8,45,34,0,34,79
03/16/2016,HKY,NC,ASO,ES,Federal Contract Tower,0,8,13,0,21,0,12,43,7,62,0,20,56,7,83,44,0,44,127
03/17/2016,HKY,NC,ASO,ES,Federal Contract Tower,0,9,11,0,20,0,17,61,10,88,0,26,72,10,108,40,0,40,148
03/18/2016,HKY,NC,ASO,ES,Federal Contract Tower,0,8,7,0,15,0,10,39,10,59,0,18,46,10,74,36,0,36,110
03/19/2016,HKY,NC,ASO,ES,Federal Contract Tower,0,1,5,0,6,0,2,10,2,14,0,3,15,2,20,8,0,8,28
03/20/2016,HKY,NC,ASO,ES,Federal Contract Tower,0,4,4,0,8,0,3,2,0,5,0,7,6,0,13,0,0,0,13
03/21/2016,HKY,NC,ASO,ES,Federal Contract Tower,0,8,13,0,21,0,1,38,0,39,0,9,51,0,60,46,0,46,106
03/22/2016,HKY,NC,ASO,ES,Federal Contract Tower,0,2,7,0,9,0,4,45,1,50,0,6,52,1,59,42,0,42,101
03/23/2016,HKY,NC,ASO,ES,Federal Contract Tower,0,8,6,0,14,0,1,34,17,52,0,9,40,17,66,10,2,12,78
03/24/2016,HKY,NC,ASO,ES,Federal Contract Tower,0,3,3,2,8,0,2,29,4,35,0,5,32,6,43,54,0,54,97
03/25/2016,HKY,NC,ASO,ES,Federal Contract Tower,0,5,8,0,13,0,3,25,9,37,0,8,33,9,50,12,0,12,62
03/26/2016,HKY,NC,ASO,ES,Federal Contract Tower,0,0,8,1,9,0,1,24,3,28,0,1,32,4,37,22,0,22,59
03/27/2016,HKY,NC,ASO,ES,Federal Contract Tower,0,3,3,0,6,0,0,0,0,0,0,3,3,0,6,0,0,0,6
03/28/2016,HKY,NC,ASO,ES,Federal Contract Tower,0,6,5,0,11,0,4,20,0,24,0,10,25,0,35,8,0,8,43
03/29/2016,HKY,NC,ASO,ES,Federal Contract Tower,0,2,4,2,8,0,0,50,7,57,0,2,54,9,65,58,0,58,123
03/30/2016,HKY,NC,ASO,ES,Federal Contract Tower,0,14,4,2,20,0,6,53,10,69,0,20,57,12,89,38,2,40,129
03/31/2016,HKY,NC,ASO,ES,Federal Contract Tower,0,8,5,0,13,0,0,2,0,2,0,8,7,0,15,0,0,0,15
04/01/2016,HKY,NC,ASO,ES,Federal Contract Tower,0,4,0,0,4,0,4,1,0,5,0,8,1,0,9,0,0,0,9
04/02/2016,HKY,NC,ASO,ES,Federal Contract Tower,0,2,2,0,4,0,9,15,1,25,0,11,17,1,29,8,0,8,37
04/03/2016,HKY,NC,ASO,ES,Federal Contract Tower,0,6,8,0,14,0,10,43,0,53,0,16,51,0,67,16,0,16,83
04/04/2016,HKY,NC,ASO,ES,Federal Contract Tower,0,6,7,0,13,0,3,18,0,21,0,9,25,0,34,0,0,0,34
04/05/2016,HKY,NC,ASO,ES,Federal Contract Tower,0,4,9,2,15,0,1,33,9,43,0,5,42,11,58,20,0,20,78
04/06/2016,HKY,NC,ASO,ES,Federal Contract Tower,0,8,4,0,12,0,4,26,4,34,0,12,30,4,46,2,0,2,48
04/07/2016,HKY,NC,ASO,ES,Federal Contract Tower,0,16,3,0,19,0,7,11,0,18,0,23,14,0,37,0,0,0,37
04/08/2016,HKY,NC,ASO,ES,Federal Contract Tower,0,25,1,0,26,0,16,25,0,41,0,41,26,0,67,10,0,10,77
04/09/2016,HKY,NC,ASO,ES,Federal Contract Tower,0,0,0,0,0,0,0,8,0,8,0,0,8,0,8,2,0,2,10
04/10/2016,HKY,NC,ASO,ES,Federal Contract Tower,0,14,7,0,21,0,5,74,4,83,0,19,81,4,104,4,0,4,108
04/11/2016,HKY,NC,ASO,ES,Federal Contract Tower,0,6,13,2,21,0,2,28,4,34,0,8,41,6,55,42,0,42,97
04/12/2016,HKY,NC,ASO,ES,Federal Contract Tower,0,7,10,0,17,0,0,8,0,8,0,7,18,0,25,10,0,10,35
04/13/2016,HKY,NC,ASO,ES,Federal Contract Tower,0,9,10,2,21,0,4,54,1,59,0,13,64,3,80,52,10,62,142
04/14/2016,HKY,NC,ASO,ES,Federal Contract Tower,0,2,13,0,15,0,1,38,2,41,0,3,51,2,56,30,0,30,86
04/15/2016,HKY,NC,ASO,ES,Federal Contract Tower,0,8,8,0,16,0,3,35,6,44,0,11,43,6,60,62,0,62,122
04/16/2016,HKY,NC,ASO,ES,Federal Contract Tower,0,1,4,0,5,0,5,47,4,56,0,6,51,4,61,34,0,34,95
04/17/2016,HKY,NC,ASO,ES,Federal Contract Tower,0,2,6,1,9,0,3,58,22,83,0,5,64,23,92,38,0,38,130
04/18/2016,HKY,NC,ASO,ES,Federal Contract Tower,0,6,8,2,16,0,0,22,7,29,0,6,30,9,45,2,6,8,53
04/19/2016,HKY,NC,ASO,ES,Federal Contract Tower,0,5,8,2,15,0,0,28,7,35,0,5,36,9,50,48,0,48,98
04/20/2016,HKY,NC,ASO,ES,Federal Contract Tower,0,12,9,1,22,0,4,42,5,51,0,16,51,6,73,40,0,40,113
04/21/2016,HKY,NC,ASO,ES,Federal Contract Tower,0,9,8,0,17,0,9,26,6,41,0,18,34,6,58,14,0,14,72
04/22/2016,HKY,NC,ASO,ES,Federal Contract Tower,0,10,3,2,15,0,1,3,0,4,0,11,6,2,19,0,0,0,19
04/23/2016,HKY,NC,ASO,ES,Federal Contract Tower,0,0,5,0,5,0,0,0,0,0,0,0,5,0,5,8,0,8,13
04/24/2016,HKY,NC,ASO,ES,Federal Contract Tower,0,1,3,0,4,0,3,35,1,39,0,4,38,1,43,102,0,102,145
04/25/2016,HKY,NC,ASO,ES,Federal Contract Tower,0,9,10,0,19,0,2,32,0,34,0,11,42,0,53,10,0,10,63
04/26/2016,HKY,NC,ASO,ES,Federal Contract Tower,0,8,6,0,14,0,0,23,1,24,0,8,29,1,38,16,0,16,54
04/27/2016,HKY,NC,ASO,ES,Federal Contract Tower,0,6,7,0,13,0,8,31,4,43,0,14,38,4,56,88,0,88,144
04/28/2016,HKY,NC,ASO,ES,Federal Contract Tower,0,13,6,0,19,0,2,15,1,18,0,15,21,1,37,14,0,14,51
04/29/2016,HKY,NC,ASO,ES,Federal Contract Tower,0,3,11,1,15,0,11,29,0,40,0,14,40,1,55,0,0,0,55
04/30/2016,HKY,NC,ASO,ES,Federal Contract Tower,0,0,5,0,5,0,0,2,0,2,0,0,7,0,7,0,0,0,7
05/01/2016,HKY,NC,ASO,ES,Federal Contract Tower,0,5,5,0,10,0,2,5,0,7,0,7,10,0,17,2,0,2,19
05/02/2016,HKY,NC,ASO,ES,Federal Contract Tower,0,12,11,0,23,0,0,14,0,14,0,12,25,0,37,24,0,24,61
05/03/2016,HKY,NC,ASO,ES,Federal Contract Tower,0,7,7,0,14,0,0,1,0,1,0,7,8,0,15,34,0,34,49
05/04/2016,HKY,NC,ASO,ES,Federal Contract Tower,0,12,15,0,27,0,4,38,1,43,0,16,53,1,70,14,0,14,84
05/05/2016,HKY,NC,ASO,ES,Federal Contract Tower,0,17,0,0,17,0,9,11,1,21,0,26,11,1,38,0,0,0,38
05/06/2016,HKY,NC,ASO,ES,Federal Contract Tower,0,6,4,0,10,0,12,30,4,46,0,18,34,4,56,2,0,2,58
05/07/2016,HKY,NC,ASO,ES,Federal Contract Tower,0,8,5,0,13,0,12,36,5,53,0,20,41,5,66,18,0,18,84
05/08/2016,HKY,NC,ASO,ES,Federal Contract Tower,0,4,5,0,9,0,1,39,0,40,0,5,44,0,49,8,0,8,57
05/09/2016,HKY,NC,ASO,ES,Federal Contract Tower,0,5,7,0,12,0,2,18,0,20,0,7,25,0,32,38,0,38,70
05/10/2016,HKY,NC,ASO,ES,Federal Contract Tower,0,15,1,0,16,0,2,33,0,35,0,17,34,0,51,14,0,14,65
05/11/2016,HKY,NC,ASO,ES,Federal Contract Tower,0,14,13,0,27,0,8,10,0,18,0,22,23,0,45,0,0,0,45
05/12/2016,HKY,NC,ASO,ES,Federal Contract Tower,0,5,7,0,12,0,3,12,3,18,0,8,19,3,30,8,0,8,38
05/13/2016,HKY,NC,ASO,ES,Federal Contract Tower,0,6,7,0,13,0,3,25,5,33,0,9,32,5,46,6,0,6,52
05/14/2016,HKY,NC,ASO,ES,Federal Contract Tower,0,4,4,3,11,0,6,95,14,115,0,10,99,17,126,6,16,22,148
05/15/2016,HKY,NC,ASO,ES,Federal Contract Tower,0,4,1,0,5,0,0,29,0,29,0,4,30,0,34,4,0,4,38
05/16/2016,HKY,NC,ASO,ES,Federal Contract Tower,0,8,16,0,24,0,0,27,2,29,0,8,43,2,53,22,0,22,75
05/17/2016,HKY,NC,ASO,ES,Federal Contract Tower,0,7,4,0,11,0,2,3,0,5,0,9,7,0,16,10,0,10,26
05/18/2016,HKY,NC,ASO,ES,Federal Contract Tower,0,13,4,0,17,0,0,13,0,13,0,13,17,0,30,20,0,20,50
05/19/2016,HKY,NC,ASO,ES,Federal Contract Tower,0,14,5,0,19,0,0,0,0,0,0,14,5,0,19,0,0,0,19
05/20/2016,HKY,NC,ASO,ES,Federal Contract Tower,0,6,6,0,12,0,0,0,0,0,0,6,6,0,12,0,0,0,12
05/21/2016,HKY,NC,ASO,ES,Federal Contract Tower,0,2,4,0,6,0,0,6,0,6,0,2,10,0,12,8,0,8,20
05/22/2016,HKY,NC,ASO,ES,Federal Contract Tower,0,10,4,0,14,0,1,7,0,8,0,11,11,0,22,0,0,0,22
05/23/2016,HKY,NC,ASO,ES,Federal Contract Tower,0,7,12,2,21,0,0,45,4,49,0,7,57,6,70,36,0,36,106
05/24/2016,HKY,NC,ASO,ES,Federal Contract Tower,0,0,8,0,8,0,2,47,2,51,0,2,55,2,59,32,0,32,91
05/25/2016,HKY,NC,ASO,ES,Federal Contract Tower,0,7,13,0,20,0,4,25,0,29,0,11,38,0,49,22,0,22,71
05/27/2016,HKY,NC,ASO,ES,Federal Contract Tower,0,7,14,0,21,0,0,30,3,33,0,7,44,3,54,42,0,42,96
05/28/2016,HKY,NC,ASO,ES,Federal Contract Tower,0,0,5,0,5,0,5,42,4,51,0,5,47,4,56,40,0,40,96
05/29/2016,HKY,NC,ASO,ES,Federal Contract Tower,0,2,3,0,5,0,8,5,0,13,0,10,8,0,18,6,0,6,24
05/30/2016,HKY,NC,ASO,ES,Federal Contract Tower,0,11,6,0,17,0,2,19,0,21,0,13,25,0,38,6,0,6,44
05/31/2016,HKY,NC,ASO,ES,Federal Contract Tower,0,4,7,0,11,0,0,17,5,22,0,4,24,5,33,0,0,0,33
06/01/2016,HKY,NC,ASO,ES,Federal Contract Tower,0,12,6,0,18,0,0,15,5,20,0,12,21,5,38,8,0,8,46
06/02/2016,HKY,NC,ASO,ES,Federal Contract Tower,0,10,10,0,20,0,0,17,0,17,0,10,27,0,37,12,0,12,49
06/03/2016,HKY,NC,ASO,ES,Federal Contract Tower,0,10,9,0,19,0,1,40,0,41,0,11,49,0,60,22,0,22,82
06/04/2016,HKY,NC,ASO,ES,Federal Contract Tower,0,4,3,0,7,0,5,16,0,21,0,9,19,0,28,4,0,4,32
06/05/2016,HKY,NC,ASO,ES,Federal Contract Tower,0,3,12,0,15,0,1,2,0,3,0,4,14,0,18,6,0,6,24
06/06/2016,HKY,NC,ASO,ES,Federal Contract Tower,0,4,10,0,14,0,0,35,0,35,0,4,45,0,49,46,0,46,95
06/07/2016,HKY,NC,ASO,ES,Federal Contract Tower,0,11,8,0,19,0,0,19,2,21,0,11,27,2,40,14,0,14,54
06/08/2016,HKY,NC,ASO,ES,Federal Contract Tower,0,11,9,0,20,0,6,50,2,58,0,17,59,2,78,26,0,26,104
06/09/2016,HKY,NC,ASO,ES,Federal Contract Tower,0,6,6,0,12,0,6,55,0,61,0,12,61,0,73,40,0,40,113
06/10/2016,HKY,NC,ASO,ES,Federal Contract Tower,0,15,11,2,28,0,3,29,0,32,0,18,40,2,60,56,0,56,116
06/11/2016,HKY,NC,ASO,ES,Federal Contract Tower,0,2,14,0,16,0,6,110,0,116,0,8,124,0,132,6,0,6,138
06/12/2016,HKY,NC,ASO,ES,Federal Contract Tower,0,3,6,0,9,0,6,22,0,28,0,9,28,0,37,10,0,10,47
06/13/2016,HKY,NC,ASO,ES,Federal Contract Tower,0,6,5,0,11,0,1,29,0,30,0,7,34,0,41,14,0,14,55
06/14/2016,HKY,NC,ASO,ES,Federal Contract Tower,0,3,9,1,13,0,0,28,4,32,0,3,37,5,45,8,0,8,53
06/15/2016,HKY,NC,ASO,ES,Federal Contract Tower,0,12,7,2,21,0,1,10,0,11,0,13,17,2,32,0,0,0,32
06/16/2016,HKY,NC,ASO,ES,Federal Contract Tower,0,7,14,0,21,0,2,27,0,29,0,9,41,0,50,20,0,20,70
06/17/2016,HKY,NC,ASO,ES,Federal Contract Tower,0,6,7,1,14,0,2,52,0,54,0,8,59,1,68,2,0,2,70
06/18/2016,HKY,NC,ASO,ES,Federal Contract Tower,0,4,6,0,10,0,1,15,0,16,0,5,21,0,26,10,0,10,36
06/19/2016,HKY,NC,ASO,ES,Federal Contract Tower,0,4,2,0,6,0,1,30,0,31,0,5,32,0,37,6,0,6,43
06/20/2016,HKY,NC,ASO,ES,Federal Contract Tower,0,4,7,0,11,0,2,52,4,58,0,6,59,4,69,46,0,46,115
06/21/2016,HKY,NC,ASO,ES,Federal Contract Tower,0,0,5,0,5,0,2,37,0,39,0,2,42,0,44,40,0,40,84
06/22/2016,HKY,NC,ASO,ES,Federal Contract Tower,0,17,2,0,19,0,4,29,6,39,0,21,31,6,58,0,0,0,58
06/23/2016,HKY,NC,ASO,ES,Federal Contract Tower,0,8,3,0,11,0,4,16,1,21,0,12,19,1,32,10,0,10,42
06/24/2016,HKY,NC,ASO,ES,Federal Contract Tower,0,7,10,0,17,0,4,27,1,32,0,11,37,1,49,20,0,20,69
06/25/2016,HKY,NC,ASO,ES,Federal Contract Tower,0,4,14,0,18,0,5,51,0,56,0,9,65,0,74,22,0,22,96
06/26/2016,HKY,NC,ASO,ES,Federal Contract Tower,0,8,8,0,16,0,2,21,0,23,0,10,29,0,39,8,0,8,47
06/27/2016,HKY,NC,ASO,ES,Federal Contract Tower,0,18,2,0,20,0,1,35,0,36,0,19,37,0,56,20,0,20,76
06/28/2016,HKY,NC,ASO,ES,Federal Contract Tower,0,3,17,0,20,0,1,19,0,20,0,4,36,0,40,32,0,32,72
06/29/2016,HKY,NC,ASO,ES,Federal Contract Tower,0,7,15,0,22,0,6,20,0,26,0,13,35,0,48,28,0,28,76
06/30/2016,HKY,NC,ASO,ES,Federal Contract Tower,0,18,9,0,27,0,0,11,2,13,0,18,20,2,40,8,0,8,48
07/01/2016,HKY,NC,ASO,ES,Federal Contract Tower,0,10,10,2,22,0,9,20,0,29,0,19,30,2,51,6,0,6,57
07/02/2016,HKY,NC,ASO,ES,Federal Contract Tower,0,3,5,0,8,0,4,37,0,41,0,7,42,0,49,8,0,8,57
07/03/2016,HKY,NC,ASO,ES,Federal Contract Tower,0,7,14,0,21,0,0,4,0,4,0,7,18,0,25,12,0,12,37
07/04/2016,HKY,NC,ASO,ES,Federal Contract Tower,0,0,6,0,6,0,1,4,0,5,0,1,10,0,11,0,0,0,11
07/05/2016,HKY,NC,ASO,ES,Federal Contract Tower,0,5,12,0,17,0,0,16,0,16,0,5,28,0,33,4,0,4,37
07/06/2016,HKY,NC,ASO,ES,Federal Contract Tower,0,6,4,1,11,0,6,17,1,24,0,12,21,2,35,4,0,4,39
07/07/2016,HKY,NC,ASO,ES,Federal Contract Tower,0,0,9,0,9,0,5,25,0,30,0,5,34,0,39,28,0,28,67
07/08/2016,HKY,NC,ASO,ES,Federal Contract Tower,0,9,8,0,17,0,2,32,2,36,0,11,40,2,53,14,0,14,67
07/09/2016,HKY,NC,ASO,ES,Federal Contract Tower,0,7,17,2,26,0,3,83,0,86,0,10,100,2,112,2,2,4,116
07/10/2016,HKY,NC,ASO,ES,Federal Contract Tower,0,12,10,0,22,0,2,43,1,46,0,14,53,1,68,6,0,6,74
07/11/2016,HKY,NC,ASO,ES,Federal Contract Tower,0,4,10,0,14,0,3,24,2,29,0,7,34,2,43,20,0,20,63
07/12/2016,HKY,NC,ASO,ES,Federal Contract Tower,0,4,11,0,15,0,0,25,0,25,0,4,36,0,40,34,0,34,74
07/13/2016,HKY,NC,ASO,ES,Federal Contract Tower,0,9,7,0,16,0,0,0,0,0,0,9,7,0,16,8,0,8,24
07/14/2016,HKY,NC,ASO,ES,Federal Contract Tower,0,12,3,0,15,0,1,40,0,41,0,13,43,0,56,16,0,16,72
07/15/2016,HKY,NC,ASO,ES,Federal Contract Tower,0,5,9,0,14,0,4,46,0,50,0,9,55,0,64,24,0,24,88
07/16/2016,HKY,NC,ASO,ES,Federal Contract Tower,0,4,4,0,8,0,0,7,0,7,0,4,11,0,15,0,0,0,15
07/17/2016,HKY,NC,ASO,ES,Federal Contract Tower,0,1,10,0,11,0,1,18,0,19,0,2,28,0,30,0,0,0,30
07/18/2016,HKY,NC,ASO,ES,Federal Contract Tower,0,16,19,0,35,0,2,25,0,27,0,18,44,0,62,20,0,20,82
07/19/2016,HKY,NC,ASO,ES,Federal Contract Tower,0,7,11,0,18,0,2,32,1,35,0,9,43,1,53,48,0,48,101
07/20/2016,HKY,NC,ASO,ES,Federal Contract Tower,0,19,11,0,30,0,2,35,0,37,0,21,46,0,67,22,0,22,89
07/21/2016,HKY,NC,ASO,ES,Federal Contract Tower,0,9,4,0,13,0,5,26,1,32,0,14,30,1,45,12,0,12,57
07/22/2016,HKY,NC,ASO,ES,Federal Contract Tower,0,7,9,0,16,0,0,62,0,62,0,7,71,0,78,8,0,8,86
07/23/2016,HKY,NC,ASO,ES,Federal Contract Tower,0,0,5,6,11,0,2,36,1,39,0,2,41,7,50,38,0,38,88
07/24/2016,HKY,NC,ASO,ES,Federal Contract Tower,0,5,16,5,26,0,6,24,0,30,0,11,40,5,56,2,0,2,58
07/25/2016,HKY,NC,ASO,ES,Federal Contract Tower,0,13,8,2,23,0,4,22,1,27,0,17,30,3,50,20,2,22,72
07/26/2016,HKY,NC,ASO,ES,Federal Contract Tower,0,6,7,0,13,0,2,24,0,26,0,8,31,0,39,8,0,8,47
07/27/2016,HKY,NC,ASO,ES,Federal Contract Tower,0,14,6,1,21,0,4,13,2,19,0,18,19,3,40,20,0,20,60
07/28/2016,HKY,NC,ASO,ES,Federal Contract Tower,0,16,11,0,27,0,2,22,0,24,0,18,33,0,51,8,0,8,59
07/29/2016,HKY,NC,ASO,ES,Federal Contract Tower,0,13,7,0,20,0,9,31,2,42,0,22,38,2,62,16,0,16,78
07/30/2016,HKY,NC,ASO,ES,Federal Contract Tower,0,2,6,0,8,0,1,20,0,21,0,3,26,0,29,16,0,16,45
07/31/2016,HKY,NC,ASO,ES,Federal Contract Tower,0,9,8,0,17,0,1,18,0,19,0,10,26,0,36,0,0,0,36
08/01/2016,HKY,NC,ASO,ES,Federal Contract Tower,0,13,6,0,19,0,0,24,0,24,0,13,30,0,43,20,0,20,63
08/02/2016,HKY,NC,ASO,ES,Federal Contract Tower,0,3,2,1,6,0,0,12,1,13,0,3,14,2,19,6,0,6,25
08/03/2016,HKY,NC,ASO,ES,Federal Contract Tower,0,10,10,0,20,0,2,4,0,6,0,12,14,0,26,0,0,0,26
08/04/2016,HKY,NC,ASO,ES,Federal Contract Tower,0,8,9,0,17,0,2,0,0,2,0,10,9,0,19,0,0,0,19
08/05/2016,HKY,NC,ASO,ES,Federal Contract Tower,0,11,8,0,19,0,0,18,0,18,0,11,26,0,37,36,0,36,73
08/06/2016,HKY,NC,ASO,ES,Federal Contract Tower,0,3,12,0,15,0,2,23,0,25,0,5,35,0,40,28,0,28,68
08/07/2016,HKY,NC,ASO,ES,Federal Contract Tower,0,8,1,0,9,0,0,11,0,11,0,8,12,0,20,0,0,0,20
08/08/2016,HKY,NC,ASO,ES,Federal Contract Tower,0,5,1,0,6,0,0,4,0,4,0,5,5,0,10,0,0,0,10
08/09/2016,HKY,NC,ASO,ES,Federal Contract Tower,0,7,7,0,14,0,0,9,2,11,0,7,16,2,25,8,0,8,33
08/10/2016,HKY,NC,ASO,ES,Federal Contract Tower,0,19,19,0,38,0,1,15,0,16,0,20,34,0,54,52,0,52,106
08/11/2016,HKY,NC,ASO,ES,Federal Contract Tower,0,5,7,0,12,0,3,12,0,15,0,8,19,0,27,0,0,0,27
08/12/2016,HKY,NC,ASO,ES,Federal Contract Tower,0,14,10,0,24,0,4,39,0,43,0,18,49,0,67,4,0,4,71
08/13/2016,HKY,NC,ASO,ES,Federal Contract Tower,0,4,18,0,22,0,4,102,0,106,0,8,120,0,128,28,0,28,156
08/14/2016,HKY,NC,ASO,ES,Federal Contract Tower,0,7,9,0,16,0,3,23,0,26,0,10,32,0,42,0,0,0,42
08/15/2016,HKY,NC,ASO,ES,Federal Contract Tower,0,9,7,0,16,0,6,36,0,42,0,15,43,0,58,82,0,82,140
08/16/2016,HKY,NC,ASO,ES,Federal Contract Tower,0,6,9,0,15,0,3,27,1,31,0,9,36,1,46,26,0,26,72
08/17/2016,HKY,NC,ASO,ES,Federal Contract Tower,0,13,4,2,19,0,2,14,3,19,0,15,18,5,38,12,0,12,50
08/18/2016,HKY,NC,ASO,ES,Federal Contract Tower,0,12,6,0,18,0,0,26,0,26,0,12,32,0,44,46,0,46,90
08/19/2016,HKY,NC,ASO,ES,Federal Contract Tower,0,18,3,0,21,0,5,23,0,28,0,23,26,0,49,0,0,0,49
08/20/2016,HKY,NC,ASO,ES,Federal Contract Tower,0,8,4,0,12,0,2,31,0,33,0,10,35,0,45,6,0,6,51
08/21/2016,HKY,NC,ASO,ES,Federal Contract Tower,0,6,1,0,7,0,3,9,0,12,0,9,10,0,19,0,0,0,19
08/22/2016,HKY,NC,ASO,ES,Federal Contract Tower,0,22,5,0,27,0,5,37,0,42,0,27,42,0,69,10,0,10,79
08/23/2016,HKY,NC,ASO,ES,Federal Contract Tower,0,17,10,0,27,0,5,59,1,65,0,22,69,1,92,44,0,44,136
08/24/2016,HKY,NC,ASO,ES,Federal Contract Tower,0,8,16,0,24,0,2,28,1,31,0,10,44,1,55,0,0,0,55
08/25/2016,HKY,NC,ASO,ES,Federal Contract Tower,0,10,15,0,25,0,4,23,0,27,0,14,38,0,52,20,0,20,72
08/26/2016,HKY,NC,ASO,ES,Federal Contract Tower,0,7,17,0,24,0,3,36,2,41,0,10,53,2,65,40,0,40,105
08/27/2016,HKY,NC,ASO,ES,Federal Contract Tower,0,8,7,0,15,0,1,38,0,39,0,9,45,0,54,0,0,0,54
08/28/2016,HKY,NC,ASO,ES,Federal Contract Tower,0,5,9,0,14,0,1,25,0,26,0,6,34,0,40,2,0,2,42
08/29/2016,HKY,NC,ASO,ES,Federal Contract Tower,0,3,5,0,8,0,2,28,4,34,0,5,33,4,42,34,0,34,76
08/30/2016,HKY,NC,ASO,ES,Federal Contract Tower,0,7,14,0,21,0,3,19,2,24,0,10,33,2,45,34,0,34,79
08/31/2016,HKY,NC,ASO,ES,Federal Contract Tower,0,10,9,0,19,0,2,35,0,37,0,12,44,0,56,58,0,58,114
09/01/2016,HKY,NC,ASO,ES,Federal Contract Tower,0,11,10,0,21,0,5,19,2,26,0,16,29,2,47,14,0,14,61
09/02/2016,HKY,NC,ASO,ES,Federal Contract Tower,0,6,5,0,11,0,0,1,0,1,0,6,6,0,12,2,0,2,14
09/03/2016,HKY,NC,ASO,ES,Federal Contract Tower,0,2,8,0,10,0,5,31,0,36,0,7,39,0,46,0,0,0,46
09/04/2016,HKY,NC,ASO,ES,Federal Contract Tower,0,0,5,0,5,0,7,27,1,35,0,7,32,1,40,12,0,12,52
09/05/2016,HKY,NC,ASO,ES,Federal Contract Tower,0,8,9,0,17,0,0,46,3,49,0,8,55,3,66,4,0,4,70
09/06/2016,HKY,NC,ASO,ES,Federal Contract Tower,0,4,8,0,12,0,2,16,0,18,0,6,24,0,30,0,0,0,30
09/07/2016,HKY,NC,ASO,ES,Federal Contract Tower,0,13,7,0,20,0,4,30,0,34,0,17,37,0,54,2,0,2,56
09/08/2016,HKY,NC,ASO,ES,Federal Contract Tower,0,16,14,0,30,0,0,0,0,0,0,16,14,0,30,24,0,24,54
09/09/2016,HKY,NC,ASO,ES,Federal Contract Tower,0,9,9,0,18,0,6,27,3,36,0,15,36,3,54,2,0,2,56
09/10/2016,HKY,NC,ASO,ES,Federal Contract Tower,1,2,3,0,6,0,7,88,0,95,1,9,91,0,101,2,0,2,103
09/11/2016,HKY,NC,ASO,ES,Federal Contract Tower,0,5,7,0,12,0,3,33,0,36,0,8,40,0,48,26,0,26,74
09/12/2016,HKY,NC,ASO,ES,Federal Contract Tower,0,10,3,0,13,0,2,25,0,27,0,12,28,0,40,36,0,36,76
09/13/2016,HKY,NC,ASO,ES,Federal Contract Tower,0,8,3,0,11,0,12,25,0,37,0,20,28,0,48,34,0,34,82
09/14/2016,HKY,NC,ASO,ES,Federal Contract Tower,0,14,10,0,24,0,3,40,4,47,0,17,50,4,71,16,0,16,87
09/15/2016,HKY,NC,ASO,ES,Federal Contract Tower,0,15,8,8,31,0,6,39,8,53,0,21,47,16,84,42,0,42,126
09/16/2016,HKY,NC,ASO,ES,Federal Contract Tower,3,16,8,0,27,0,3,21,2,26,3,19,29,2,53,0,0,0,53
09/17/2016,HKY,NC,ASO,ES,Federal Contract Tower,2,4,20,0,26,0,6,10,0,16,2,10,30,0,42,2,0,2,44
09/18/2016,HKY,NC,ASO,ES,Federal Contract Tower,0,7,10,0,17,0,8,16,0,24,0,15,26,0,41,0,0,0,41
09/19/2016,HKY,NC,ASO,ES,Federal Contract Tower,0,19,6,0,25,0,3,18,1,22,0,22,24,1,47,10,0,10,57
09/20/2016,HKY,NC,ASO,ES,Federal Contract Tower,0,5,4,0,9,0,4,39,0,43,0,9,43,0,52,32,0,32,84
09/21/2016,HKY,NC,ASO,ES,Federal Contract Tower,0,7,5,0,12,0,5,17,0,22,0,12,22,0,34,6,0,6,40
09/22/2016,HKY,NC,ASO,ES,Federal Contract Tower,0,9,16,0,25,0,4,8,0,12,0,13,24,0,37,40,0,40,77
09/23/2016,HKY,NC,ASO,ES,Federal Contract Tower,2,20,4,0,26,0,4,22,0,26,2,24,26,0,52,2,0,2,54
09/24/2016,HKY,NC,ASO,ES,Federal Contract Tower,0,3,0,4,7,0,3,46,16,65,0,6,46,20,72,20,0,20,92
09/25/2016,HKY,NC,ASO,ES,Federal Contract Tower,0,10,7,0,17,0,2,15,0,17,0,12,22,0,34,16,0,16,50
09/26/2016,HKY,NC,ASO,ES,Federal Contract Tower,0,6,14,0,20,0,0,4,0,4,0,6,18,0,24,0,0,0,24
09/27/2016,HKY,NC,ASO,ES,Federal Contract Tower,0,15,6,0,21,0,14,18,0,32,0,29,24,0,53,0,0,0,53
09/28/2016,HKY,NC,ASO,ES,Federal Contract Tower,0,16,6,0,22,0,1,4,0,5,0,17,10,0,27,0,0,0,27
09/29/2016,HKY,NC,ASO,ES,Federal Contract Tower,0,24,11,0,35,0,5,8,4,17,0,29,19,4,52,4,0,4,56
09/30/2016,HKY,NC,ASO,ES,Federal Contract Tower,0,13,6,0,19,0,0,35,2,37,0,13,41,2,56,34,0,34,90
10/01/2016,HKY,NC,ASO,ES,Federal Contract Tower,0,1,24,1,26,0,3,81,3,87,0,4,105,4,113,20,0,20,133
10/02/2016,HKY,NC,ASO,ES,Federal Contract Tower,0,6,8,0,14,0,0,19,0,19,0,6,27,0,33,0,0,0,33
10/03/2016,HKY,NC,ASO,ES,Federal Contract Tower,0,5,7,2,14,0,6,10,3,19,0,11,17,5,33,16,0,16,49
10/04/2016,HKY,NC,ASO,ES,Federal Contract Tower,0,12,11,0,23,0,2,32,1,35,0,14,43,1,58,14,0,14,72
10/05/2016,HKY,NC,ASO,ES,Federal Contract Tower,0,4,15,0,19,0,4,12,4,20,0,8,27,4,39,22,0,22,61
10/06/2016,HKY,NC,ASO,ES,Federal Contract Tower,0,7,4,0,11,0,1,18,2,21,0,8,22,2,32,32,0,32,64
10/07/2016,HKY,NC,ASO,ES,Federal Contract Tower,0,9,1,0,10,0,0,0,0,0,0,9,1,0,10,0,0,0,10
10/08/2016,HKY,NC,ASO,ES,Federal Contract Tower,0,1,2,0,3,0,0,0,0,0,0,1,2,0,3,0,0,0,3
10/09/2016,HKY,NC,ASO,ES,Federal Contract Tower,0,3,2,4,9,0,0,10,9,19,0,3,12,13,28,0,0,0,28
10/10/2016,HKY,NC,ASO,ES,Federal Contract Tower,0,17,0,0,17,0,3,33,1,37,0,20,33,1,54,4,0,4,58
10/11/2016,HKY,NC,ASO,ES,Federal Contract Tower,2,8,13,0,23,0,2,46,3,51,2,10,59,3,74,10,0,10,84
10/12/2016,HKY,NC,ASO,ES,Federal Contract Tower,0,14,7,2,23,0,2,40,0,42,0,16,47,2,65,42,0,42,107
10/13/2016,HKY,NC,ASO,ES,Federal Contract Tower,0,6,8,0,14,0,3,46,1,50,0,9,54,1,64,0,0,0,64
10/14/2016,HKY,NC,ASO,ES,Federal Contract Tower,0,11,8,0,19,0,3,40,0,43,0,14,48,0,62,38,0,38,100
10/15/2016,HKY,NC,ASO,ES,Federal Contract Tower,0,11,12,0,23,0,2,51,1,54,0,13,63,1,77,4,0,4,81
10/16/2016,HKY,NC,ASO,ES,Federal Contract Tower,0,7,7,0,14,0,4,37,0,41,0,11,44,0,55,14,0,14,69
10/17/2016,HKY,NC,ASO,ES,Federal Contract Tower,0,21,8,0,29,0,0,32,3,35,0,21,40,3,64,10,0,10,74
10/18/2016,HKY,NC,ASO,ES,Federal Contract Tower,0,7,4,1,12,0,3,53,1,57,0,10,57,2,69,8,0,8,77
10/19/2016,HKY,NC,ASO,ES,Federal Contract Tower,0,22,16,1,39,0,5,31,0,36,0,27,47,1,75,28,0,28,103
10/20/2016,HKY,NC,ASO,ES,Federal Contract Tower,0,11,7,0,18,0,3,37,19,59,0,14,44,19,77,6,0,6,83
10/21/2016,HKY,NC,ASO,ES,Federal Contract Tower,0,9,3,0,12,0,8,14,0,22,0,17,17,0,34,16,0,16,50
10/22/2016,HKY,NC,ASO,ES,Federal Contract Tower,0,8,1,0,9,0,5,8,0,13,0,13,9,0,22,0,0,0,22
10/23/2016,HKY,NC,ASO,ES,Federal Contract Tower,0,7,7,0,14,0,3,34,0,37,0,10,41,0,51,2,0,2,53
10/24/2016,HKY,NC,ASO,ES,Federal Contract Tower,0,10,4,0,14,0,7,35,3,45,0,17,39,3,59,34,0,34,93
10/25/2016,HKY,NC,ASO,ES,Federal Contract Tower,0,12,8,0,20,0,2,51,0,53,0,14,59,0,73,20,0,20,93
10/26/2016,HKY,NC,ASO,ES,Federal Contract Tower,0,12,1,0,13,0,2,28,0,30,0,14,29,0,43,10,0,10,53
10/27/2016,HKY,NC,ASO,ES,Federal Contract Tower,0,9,5,0,14,0,3,13,5,21,0,12,18,5,35,28,0,28,63
10/28/2016,HKY,NC,ASO,ES,Federal Contract Tower,0,8,5,0,13,0,5,47,2,54,0,13,52,2,67,36,0,36,103
10/29/2016,HKY,NC,ASO,ES,Federal Contract Tower,0,4,8,0,12,0,16,33,7,56,0,20,41,7,68,22,0,22,90
10/30/2016,HKY,NC,ASO,ES,Federal Contract Tower,0,4,8,4,16,0,4,22,3,29,0,8,30,7,45,4,0,4,49
10/31/2016,HKY,NC,ASO,ES,Federal Contract Tower,0,8,6,0,14,0,3,36,2,41,0,11,42,2,55,38,0,38,93
11/01/2016,HKY,NC,ASO,ES,Federal Contract Tower,0,6,3,0,9,0,0,15,2,17,0,6,18,2,26,14,0,14,40
11/02/2016,HKY,NC,ASO,ES,Federal Contract Tower,0,13,9,0,22,0,0,43,7,50,0,13,52,7,72,28,0,28,100
11/04/2016,HKY,NC,ASO,ES,Federal Contract Tower,1,12,16,0,29,0,0,25,10,35,1,12,41,10,64,18,0,18,82
11/05/2016,HKY,NC,ASO,ES,Federal Contract Tower,0,3,10,0,13,0,3,61,10,74,0,6,71,10,87,50,0,50,137
11/06/2016,HKY,NC,ASO,ES,Federal Contract Tower,2,3,5,0,10,0,5,28,6,39,2,8,33,6,49,14,0,14,63
11/07/2016,HKY,NC,ASO,ES,Federal Contract Tower,0,6,4,1,11,0,4,25,14,43,0,10,29,15,54,8,0,8,62
11/08/2016,HKY,NC,ASO,ES,Federal Contract Tower,0,4,7,3,14,0,7,27,23,57,0,11,34,26,71,28,20,48,119
11/09/2016,HKY,NC,ASO,ES,Federal Contract Tower,0,16,6,0,22,0,2,21,12,35,0,18,27,12,57,4,0,4,61
11/10/2016,HKY,NC,ASO,ES,Federal Contract Tower,0,7,3,0,10,0,2,26,16,44,0,9,29,16,54,14,0,14,68
11/11/2016,HKY,NC,ASO,ES,Federal Contract Tower,2,4,3,0,9,0,2,34,9,45,2,6,37,9,54,26,0,26,80
11/12/2016,HKY,NC,ASO,ES,Federal Contract Tower,0,1,7,0,8,0,4,70,23,97,0,5,77,23,105,72,0,72,177
11/13/2016,HKY,NC,ASO,ES,Federal Contract Tower,0,5,7,0,12,0,2,17,3,22,0,7,24,3,34,14,0,14,48
11/14/2016,HKY,NC,ASO,ES,Federal Contract Tower,0,5,7,0,12,0,2,24,21,47,0,7,31,21,59,8,14,22,81
11/15/2016,HKY,NC,ASO,ES,Federal Contract Tower,0,6,8,2,16,0,1,16,46,63,0,7,24,48,79,28,0,28,107
11/16/2016,HKY,NC,ASO,ES,Federal Contract Tower,0,6,5,3,14,0,2,31,74,107,0,8,36,77,121,42,0,42,163
11/17/2016,HKY,NC,ASO,ES,Federal Contract Tower,0,7,9,0,16,0,1,44,66,111,0,8,53,66,127,4,0,4,131
11/18/2016,HKY,NC,ASO,ES,Federal Contract Tower,1,17,3,0,21,0,1,17,10,28,1,18,20,10,49,6,0,6,55
11/19/2016,HKY,NC,ASO,ES,Federal Contract Tower,1,5,3,1,10,0,2,14,34,50,1,7,17,35,60,8,0,8,68
11/20/2016,HKY,NC,ASO,ES,Federal Contract Tower,0,6,3,0,9,0,2,14,18,34,0,8,17,18,43,8,0,8,51
11/21/2016,HKY,NC,ASO,ES,Federal Contract Tower,0,8,7,0,15,0,3,19,11,33,0,11,26,11,48,0,0,0,48
11/22/2016,HKY,NC,ASO,ES,Federal Contract Tower,0,6,7,1,14,0,2,38,11,51,0,8,45,12,65,48,0,48,113
11/23/2016,HKY,NC,ASO,ES,Federal Contract Tower,0,7,7,0,14,0,2,36,41,79,0,9,43,41,93,16,0,16,109
11/24/2016,HKY,NC,ASO,ES,Federal Contract Tower,0,4,1,0,5,0,2,7,8,17,0,6,8,8,22,2,0,2,24
11/25/2016,HKY,NC,ASO,ES,Federal Contract Tower,0,2,6,0,8,0,2,40,6,48,0,4,46,6,56,22,0,22,78
11/26/2016,HKY,NC,ASO,ES,Federal Contract Tower,0,4,8,0,12,0,3,46,8,57,0,7,54,8,69,0,0,0,69
11/27/2016,HKY,NC,ASO,ES,Federal Contract Tower,0,11,7,1,19,0,1,38,2,41,0,12,45,3,60,2,0,2,62
11/28/2016,HKY,NC,ASO,ES,Federal Contract Tower,0,3,8,0,11,0,5,31,3,39,0,8,39,3,50,14,0,14,64
11/29/2016,HKY,NC,ASO,ES,Federal Contract Tower,0,7,2,0,9,0,0,0,0,0,0,7,2,0,9,0,0,0,9
11/30/2016,HKY,NC,ASO,ES,Federal Contract Tower,0,4,6,0,10,0,0,0,0,0,0,4,6,0,10,0,0,0,10
12/01/2016,HKY,NC,ASO,ES,Federal Contract Tower,0,7,7,0,14,0,1,19,4,24,0,8,26,4,38,22,0,22,60
12/02/2016,HKY,NC,ASO,ES,Federal Contract Tower,0,12,1,0,13,0,4,19,0,23,0,16,20,0,36,4,0,4,40
12/03/2016,HKY,NC,ASO,ES,Federal Contract Tower,0,2,0,0,2,0,3,30,0,33,0,5,30,0,35,32,0,32,67
12/04/2016,HKY,NC,ASO,ES,Federal Contract Tower,0,1,3,0,4,0,0,1,0,1,0,1,4,0,5,0,0,0,5
12/05/2016,HKY,NC,ASO,ES,Federal Contract Tower,0,8,2,0,10,0,0,9,3,12,0,8,11,3,22,0,0,0,22
12/06/2016,HKY,NC,ASO,ES,Federal Contract Tower,0,6,1,0,7,0,2,0,0,2,0,8,1,0,9,0,0,0,9
12/07/2016,HKY,NC,ASO,ES,Federal Contract Tower,0,17,14,0,31,0,3,22,2,27,0,20,36,2,58,44,0,44,102
12/08/2016,HKY,NC,ASO,ES,Federal Contract Tower,0,14,7,0,21,0,0,28,0,28,0,14,35,0,49,12,0,12,61
12/09/2016,HKY,NC,ASO,ES,Federal Contract Tower,0,9,9,0,18,0,3,18,5,26,0,12,27,5,44,0,0,0,44
12/10/2016,HKY,NC,ASO,ES,Federal Contract Tower,0,0,8,0,8,0,6,83,0,89,0,6,91,0,97,0,0,0,97
12/11/2016,HKY,NC,ASO,ES,Federal Contract Tower,0,1,4,0,5,0,1,29,0,30,0,2,33,0,35,2,0,2,37
12/12/2016,HKY,NC,ASO,ES,Federal Contract Tower,0,17,1,0,18,0,4,8,2,14,0,21,9,2,32,24,8,32,64
12/13/2016,HKY,NC,ASO,ES,Federal Contract Tower,0,12,11,4,27,0,0,2,4,6,0,12,13,8,33,0,6,6,39
12/14/2016,HKY,NC,ASO,ES,Federal Contract Tower,0,4,14,0,18,0,3,15,0,18,0,7,29,0,36,26,0,26,62
12/15/2016,HKY,NC,ASO,ES,Federal Contract Tower,0,5,4,0,9,0,4,20,3,27,0,9,24,3,36,42,0,42,78
12/16/2016,HKY,NC,ASO,ES,Federal Contract Tower,0,9,2,4,15,0,1,31,3,35,0,10,33,7,50,10,0,10,60
12/17/2016,HKY,NC,ASO,ES,Federal Contract Tower,0,2,2,0,4,0,0,0,0,0,0,2,2,0,4,0,0,0,4
12/18/2016,HKY,NC,ASO,ES,Federal Contract Tower,0,6,2,0,8,0,1,2,0,3,0,7,4,0,11,4,0,4,15
12/19/2016,HKY,NC,ASO,ES,Federal Contract Tower,0,7,5,0,12,0,1,9,0,10,0,8,14,0,22,24,0,24,46
12/20/2016,HKY,NC,ASO,ES,Federal Contract Tower,0,9,8,0,17,0,3,31,0,34,0,12,39,0,51,26,0,26,77
12/21/2016,HKY,NC,ASO,ES,Federal Contract Tower,0,10,4,0,14,0,0,42,2,44,0,10,46,2,58,6,0,6,64
12/22/2016,HKY,NC,ASO,ES,Federal Contract Tower,0,5,4,1,10,0,7,25,7,39,0,12,29,8,49,8,0,8,57
12/23/2016,HKY,NC,ASO,ES,Federal Contract Tower,0,7,8,0,15,0,1,32,0,33,0,8,40,0,48,32,0,32,80
12/24/2016,HKY,NC,ASO,ES,Federal Contract Tower,0,3,4,0,7,0,3,17,0,20,0,6,21,0,27,2,0,2,29
12/25/2016,HKY,NC,ASO,ES,Federal Contract Tower,0,2,0,0,2,0,4,0,0,4,0,6,0,0,6,0,0,0,6
12/26/2016,HKY,NC,ASO,ES,Federal Contract Tower,0,8,10,0,18,0,0,1,0,1,0,8,11,0,19,0,0,0,19
12/27/2016,HKY,NC,ASO,ES,Federal Contract Tower,0,6,8,0,14,0,2,2,0,4,0,8,10,0,18,0,0,0,18
12/28/2016,HKY,NC,ASO,ES,Federal Contract Tower,0,4,13,0,17,0,3,73,0,76,0,7,86,0,93,60,0,60,153
12/29/2016,HKY,NC,ASO,ES,Federal Contract Tower,0,3,0,0,3,0,4,2,0,6,0,7,2,0,9,0,0,0,9
12/30/2016,HKY,NC,ASO,ES,Federal Contract Tower,0,0,4,0,4,0,0,9,0,9,0,0,13,0,13,0,0,0,13
12/31/2016,HKY,NC,ASO,ES,Federal Contract Tower,0,0,3,0,3,0,2,23,0,25,0,2,26,0,28,8,0,8,36
01/01/2017,HKY,NC,ASO,ES,Federal Contract Tower,0,3,6,0,9,0,0,0,0,0,0,3,6,0,9,0,0,0,9
01/02/2017,HKY,NC,ASO,ES,Federal Contract Tower,0,0,3,0,3,0,0,0,0,0,0,0,3,0,3,0,0,0,3
01/03/2017,HKY,NC,ASO,ES,Federal Contract Tower,0,4,0,0,4,0,0,0,0,0,0,4,0,0,4,0,0,0,4
01/04/2017,HKY,NC,ASO,ES,Federal Contract Tower,0,8,5,0,13,0,1,16,0,17,0,9,21,0,30,6,0,6,36
01/05/2017,HKY,NC,ASO,ES,Federal Contract Tower,0,14,3,0,17,0,9,21,0,30,0,23,24,0,47,4,0,4,51
01/06/2017,HKY,NC,ASO,ES,Federal Contract Tower,0,4,5,0,9,0,2,6,0,8,0,6,11,0,17,0,0,0,17
01/07/2017,HKY,NC,ASO,ES,Federal Contract Tower,0,0,1,0,1,0,6,0,0,6,0,6,1,0,7,0,0,0,7
01/08/2017,HKY,NC,ASO,ES,Federal Contract Tower,0,2,4,0,6,0,6,8,0,14,0,8,12,0,20,4,0,4,24
01/09/2017,HKY,NC,ASO,ES,Federal Contract Tower,0,4,10,16,30,0,3,10,0,13,0,7,20,16,43,2,18,20,63
01/10/2017,HKY,NC,ASO,ES,Federal Contract Tower,0,7,9,0,16,0,6,21,0,27,0,13,30,0,43,42,0,42,85
01/11/2017,HKY,NC,ASO,ES,Federal Contract Tower,0,7,7,0,14,0,1,15,0,16,0,8,22,0,30,0,0,0,30
01/12/2017,HKY,NC,ASO,ES,Federal Contract Tower,0,2,3,0,5,0,2,17,3,22,0,4,20,3,27,2,0,2,29
01/13/2017,HKY,NC,ASO,ES,Federal Contract Tower,0,8,4,0,12,0,9,41,2,52,0,17,45,2,64,26,0,26,90
01/14/2017,HKY,NC,ASO,ES,Federal Contract Tower,0,4,5,0,9,0,3,1,0,4,0,7,6,0,13,0,0,0,13
01/15/2017,HKY,NC,ASO,ES,Federal Contract Tower,0,6,2,0,8,0,1,32,0,33,0,7,34,0,41,28,0,28,69
01/16/2017,HKY,NC,ASO,ES,Federal Contract Tower,0,10,6,0,16,0,0,0,0,0,0,10,6,0,16,0,0,0,16
01/17/2017,HKY,NC,ASO,ES,Federal Contract Tower,0,6,20,0,26,0,0,3,0,3,0,6,23,0,29,0,0,0,29
01/18/2017,HKY,NC,ASO,ES,Federal Contract Tower,0,11,10,0,21,0,4,33,4,41,0,15,43,4,62,6,0,6,68
01/19/2017,HKY,NC,ASO,ES,Federal Contract Tower,0,2,4,2,8,0,7,54,3,64,0,9,58,5,72,38,0,38,110
01/20/2017,HKY,NC,ASO,ES,Federal Contract Tower,0,6,7,0,13,0,0,0,0,0,0,6,7,0,13,0,0,0,13
01/21/2017,HKY,NC,ASO,ES,Federal Contract Tower,0,1,1,0,2,0,0,0,0,0,0,1,1,0,2,0,0,0,2
01/22/2017,HKY,NC,ASO,ES,Federal Contract Tower,0,3,1,0,4,0,0,0,0,0,0,3,1,0,4,0,0,0,4
01/23/2017,HKY,NC,ASO,ES,Federal Contract Tower,0,8,1,0,9,0,0,0,0,0,0,8,1,0,9,0,0,0,9
01/24/2017,HKY,NC,ASO,ES,Federal Contract Tower,0,1,7,0,8,0,3,22,0,25,0,4,29,0,33,0,0,0,33
01/25/2017,HKY,NC,ASO,ES,Federal Contract Tower,0,13,7,2,22,0,3,36,3,42,0,16,43,5,64,26,0,26,90
01/26/2017,HKY,NC,ASO,ES,Federal Contract Tower,0,8,2,0,10,0,2,9,0,11,0,10,11,0,21,2,0,2,23
01/27/2017,HKY,NC,ASO,ES,Federal Contract Tower,0,9,5,0,14,0,5,27,3,35,0,14,32,3,49,18,0,18,67
01/28/2017,HKY,NC,ASO,ES,Federal Contract Tower,0,2,9,0,11,0,9,36,1,46,0,11,45,1,57,20,0,20,77
01/29/2017,HKY,NC,ASO,ES,Federal Contract Tower,0,5,6,0,11,0,0,29,1,30,0,5,35,1,41,8,0,8,49
01/30/2017,HKY,NC,ASO,ES,Federal Contract Tower,0,7,5,0,12,0,2,20,3,25,0,9,25,3,37,16,0,16,53
01/31/2017,HKY,NC,ASO,ES,Federal Contract Tower,0,3,1,2,6,0,0,23,4,27,0,3,24,6,33,16,0,16,49
02/01/2017,HKY,NC,ASO,ES,Federal Contract Tower,0,8,15,0,23,0,4,34,2,40,0,12,49,2,63,40,0,40,103
02/02/2017,HKY,NC,ASO,ES,Federal Contract Tower,0,10,7,0,17,0,2,40,5,47,0,12,47,5,64,14,0,14,78
02/03/2017,HKY,NC,ASO,ES,Federal Contract Tower,0,9,4,0,13,0,2,9,1,12,0,11,13,1,25,2,0,2,27
02/04/2017,HKY,NC,ASO,ES,Federal Contract Tower,0,6,17,0,23,0,4,55,3,62,0,10,72,3,85,44,0,44,129
02/05/2017,HKY,NC,ASO,ES,Federal Contract Tower,0,5,4,0,9,0,4,37,5,46,0,9,41,5,55,42,0,42,97
02/06/2017,HKY,NC,ASO,ES,Federal Contract Tower,0,9,5,0,14,0,1,34,4,39,0,10,39,4,53,50,0,50,103
02/07/2017,HKY,NC,ASO,ES,Federal Contract Tower,0,13,3,0,16,0,5,9,0,14,0,18,12,0,30,0,0,0,30
02/08/2017,HKY,NC,ASO,ES,Federal Contract Tower,0,10,7,0,17,0,3,17,4,24,0,13,24,4,41,0,0,0,41
02/09/2017,HKY,NC,ASO,ES,Federal Contract Tower,0,4,3,0,7,0,2,5,0,7,0,6,8,0,14,0,0,0,14
02/10/2017,HKY,NC,ASO,ES,Federal Contract Tower,0,15,1,0,16,0,2,38,0,40,0,17,39,0,56,14,8,22,78
02/11/2017,HKY,NC,ASO,ES,Federal Contract Tower,0,3,5,0,8,0,7,94,0,101,0,10,99,0,109,22,0,22,131
02/12/2017,HKY,NC,ASO,ES,Federal Contract Tower,0,2,2,0,4,0,3,20,0,23,0,5,22,0,27,24,0,24,51
02/13/2017,HKY,NC,ASO,ES,Federal Contract Tower,0,7,5,0,12,0,8,28,1,37,0,15,33,1,49,16,2,18,67
02/14/2017,HKY,NC,ASO,ES,Federal Contract Tower,0,4,8,0,12,0,1,39,0,40,0,5,47,0,52,0,8,8,60
02/15/2017,HKY,NC,ASO,ES,Federal Contract Tower,0,5,3,0,8,0,0,12,4,16,0,5,15,4,24,2,0,2,26
02/16/2017,HKY,NC,ASO,ES,Federal Contract Tower,0,10,2,0,12,0,1,24,7,32,0,11,26,7,44,0,0,0,44
02/17/2017,HKY,NC,ASO,ES,Federal Contract Tower,0,9,7,2,18,0,5,38,1,44,0,14,45,3,62,26,2,28,90
02/18/2017,HKY,NC,ASO,ES,Federal Contract Tower,0,3,0,2,5,0,5,61,0,66,0,8,61,2,71,84,0,84,155
02/19/2017,HKY,NC,ASO,ES,Federal Contract Tower,0,3,3,0,6,0,1,33,4,38,0,4,36,4,44,26,0,26,70
02/20/2017,HKY,NC,ASO,ES,Federal Contract Tower,0,6,9,0,15,0,4,38,7,49,0,10,47,7,64,28,0,28,92
02/21/2017,HKY,NC,ASO,ES,Federal Contract Tower,0,7,8,0,15,0,6,18,4,28,0,13,26,4,43,2,0,2,45
02/22/2017,HKY,NC,ASO,ES,Federal Contract Tower,0,10,14,0,24,0,0,0,0,0,0,10,14,0,24,0,0,0,24
02/23/2017,HKY,NC,ASO,ES,Federal Contract Tower,0,6,4,2,12,0,5,28,0,33,0,11,32,2,45,20,0,20,65
02/24/2017,HKY,NC,ASO,ES,Federal Contract Tower,0,6,10,2,18,0,5,28,15,48,0,11,38,17,66,18,0,18,84
02/25/2017,HKY,NC,ASO,ES,Federal Contract Tower,2,6,5,0,13,0,7,6,5,18,2,13,11,5,31,0,0,0,31
02/26/2017,HKY,NC,ASO,ES,Federal Contract Tower,0,3,3,0,6,0,4,43,2,49,0,7,46,2,55,32,0,32,87
02/27/2017,HKY,NC,ASO,ES,Federal Contract Tower,0,3,5,0,8,0,1,27,0,28,0,4,32,0,36,46,0,46,82
02/28/2017,HKY,NC,ASO,ES,Federal Contract Tower,0,0,3,6,9,0,0,23,6,29,0,0,26,12,38,32,26,58,96
03/01/2017,HKY,NC,ASO,ES,Federal Contract Tower,0,5,5,0,10,0,1,5,0,6,0,6,10,0,16,8,0,8,24
03/02/2017,HKY,NC,ASO,ES,Federal Contract Tower,0,1,5,1,7,0,1,8,1,10,0,2,13,2,17,4,0,4,21
03/03/2017,HKY,NC,ASO,ES,Federal Contract Tower,0,6,8,0,14,0,4,34,2,40,0,10,42,2,54,0,0,0,54
03/04/2017,HKY,NC,ASO,ES,Federal Contract Tower,0,2,7,0,9,0,4,77,10,91,0,6,84,10,100,82,0,82,182
03/05/2017,HKY,NC,ASO,ES,Federal Contract Tower,0,4,5,0,9,0,2,39,2,43,0,6,44,2,52,38,0,38,90
03/06/2017,HKY,NC,ASO,ES,Federal Contract Tower,0,5,7,0,12,0,4,15,0,19,0,9,22,0,31,2,0,2,33
03/07/2017,HKY,NC,ASO,ES,Federal Contract Tower,0,7,6,0,13,0,2,0,3,5,0,9,6,3,18,0,0,0,18
03/08/2017,HKY,NC,ASO,ES,Federal Contract Tower,0,13,4,0,17,0,7,27,0,34,0,20,31,0,51,6,0,6,57
03/09/2017,HKY,NC,ASO,ES,Federal Contract Tower,0,6,5,0,11,0,8,39,0,47,0,14,44,0,58,20,0,20,78
03/10/2017,HKY,NC,ASO,ES,Federal Contract Tower,0,11,0,0,11,0,2,7,8,17,0,13,7,8,28,0,0,0,28
03/11/2017,HKY,NC,ASO,ES,Federal Contract Tower,0,5,2,0,7,0,5,83,2,90,0,10,85,2,97,66,0,66,163
03/12/2017,HKY,NC,ASO,ES,Federal Contract Tower,0,5,3,0,8,0,2,12,0,14,0,7,15,0,22,56,0,56,78
03/13/2017,HKY,NC,ASO,ES,Federal Contract Tower,0,9,5,0,14,0,2,5,0,7,0,11,10,0,21,0,0,0,21
03/14/2017,HKY,NC,ASO,ES,Federal Contract Tower,0,6,0,3,9,0,1,4,1,6,0,7,4,4,15,0,0,0,15
03/15/2017,HKY,NC,ASO,ES,Federal Contract Tower,0,8,3,1,12,0,4,6,2,12,0,12,9,3,24,0,0,0,24
03/16/2017,HKY,NC,ASO,ES,Federal Contract Tower,0,3,8,0,11,0,1,26,8,35,0,4,34,8,46,44,0,44,90
03/17/2017,HKY,NC,ASO,ES,Federal Contract Tower,0,4,10,0,14,0,2,27,0,29,0,6,37,0,43,52,0,52,95
03/18/2017,HKY,NC,ASO,ES,Federal Contract Tower,0,6,5,0,11,0,3,31,4,38,0,9,36,4,49,54,0,54,103
03/19/2017,HKY,NC,ASO,ES,Federal Contract Tower,0,3,7,0,10,0,2,28,0,30,0,5,35,0,40,10,0,10,50
03/20/2017,HKY,NC,ASO,ES,Federal Contract Tower,0,9,6,0,15,0,6,31,4,41,0,15,37,4,56,12,0,12,68
03/21/2017,HKY,NC,ASO,ES,Federal Contract Tower,0,3,9,4,16,0,2,39,0,41,0,5,48,4,57,30,0,30,87
03/22/2017,HKY,NC,ASO,ES,Federal Contract Tower,0,4,9,1,14,0,5,17,0,22,0,9,26,1,36,2,0,2,38
03/23/2017,HKY,NC,ASO,ES,Federal Contract Tower,0,4,1,0,5,0,5,41,3,49,0,9,42,3,54,42,0,42,96
03/24/2017,HKY,NC,ASO,ES,Federal Contract Tower,0,5,5,0,10,0,5,18,6,29,0,10,23,6,39,8,0,8,47
03/25/2017,HKY,NC,ASO,ES,Federal Contract Tower,0,4,8,0,12,0,1,47,0,48,0,5,55,0,60,38,0,38,98
03/26/2017,HKY,NC,ASO,ES,Federal Contract Tower,0,2,14,0,16,0,2,6,0,8,0,4,20,0,24,0,0,0,24
03/27/2017,HKY,NC,ASO,ES,Federal Contract Tower,0,6,11,0,17,0,0,11,0,11,0,6,22,0,28,2,0,2,30
03/28/2017,HKY,NC,ASO,ES,Federal Contract Tower,0,9,15,0,24,0,3,11,2,16,0,12,26,2,40,0,0,0,40
03/29/2017,HKY,NC,ASO,ES,Federal Contract Tower,0,9,3,1,13,0,6,62,4,72,0,15,65,5,85,48,0,48,133
03/30/2017,HKY,NC,ASO,ES,Federal Contract Tower,0,10,5,0,15,0,0,0,0,0,0,10,5,0,15,0,0,0,15
03/31/2017,HKY,NC,ASO,ES,Federal Contract Tower,0,7,14,0,21,0,1,5,0,6,0,8,19,0,27,0,0,0,27
04/01/2017,HKY,NC,ASO,ES,Federal Contract Tower,0,2,7,0,9,0,4,35,0,39,0,6,42,0,48,8,0,8,56
04/02/2017,HKY,NC,ASO,ES,Federal Contract Tower,0,3,7,0,10,0,0,81,0,81,0,3,88,0,91,80,0,80,171
04/03/2017,HKY,NC,ASO,ES,Federal Contract Tower,0,9,7,0,16,0,0,0,0,0,0,9,7,0,16,0,0,0,16
04/04/2017,HKY,NC,ASO,ES,Federal Contract Tower,0,3,11,0,14,0,3,44,0,47,0,6,55,0,61,14,0,14,75
04/05/2017,HKY,NC,ASO,ES,Federal Contract Tower,0,8,4,0,12,0,0,21,0,21,0,8,25,0,33,28,0,28,61
04/06/2017,HKY,NC,ASO,ES,Federal Contract Tower,0,0,7,0,7,0,4,3,0,7,0,4,10,0,14,0,0,0,14
04/07/2017,HKY,NC,ASO,ES,Federal Contract Tower,0,8,5,0,13,0,5,8,0,13,0,13,13,0,26,0,0,0,26
04/08/2017,HKY,NC,ASO,ES,Federal Contract Tower,0,0,11,2,13,0,4,127,0,131,0,4,138,2,144,0,0,0,144
04/09/2017,HKY,NC,ASO,ES,Federal Contract Tower,0,3,5,0,8,0,1,37,0,38,0,4,42,0,46,18,0,18,64
04/10/2017,HKY,NC,ASO,ES,Federal Contract Tower,0,11,7,0,18,0,2,29,3,34,0,13,36,3,52,0,0,0,52
04/11/2017,HKY,NC,ASO,ES,Federal Contract Tower,0,3,11,5,19,0,2,42,19,63,0,5,53,24,82,16,8,24,106
04/12/2017,HKY,NC,ASO,ES,Federal Contract Tower,0,12,8,0,20,0,7,29,8,44,0,19,37,8,64,38,0,38,102
04/13/2017,HKY,NC,ASO,ES,Federal Contract Tower,0,14,8,0,22,0,8,55,9,72,0,22,63,9,94,38,0,38,132
04/14/2017,HKY,NC,ASO,ES,Federal Contract Tower,0,6,14,0,20,0,6,46,9,61,0,12,60,9,81,36,0,36,117
04/15/2017,HKY,NC,ASO,ES,Federal Contract Tower,0,8,6,0,14,0,5,38,13,56,0,13,44,13,70,28,0,28,98
04/16/2017,HKY,NC,ASO,ES,Federal Contract Tower,0,5,4,0,9,0,2,13,6,21,0,7,17,6,30,0,0,0,30
04/17/2017,HKY,NC,ASO,ES,Federal Contract Tower,0,10,2,0,12,0,0,12,2,14,0,10,14,2,26,4,0,4,30
04/18/2017,HKY,NC,ASO,ES,Federal Contract Tower,0,7,10,0,17,0,1,22,0,23,0,8,32,0,40,22,0,22,62
04/19/2017,HKY,NC,ASO,ES,Federal Contract Tower,0,8,10,0,18,0,0,0,0,0,0,8,10,0,18,0,0,0,18
04/21/2017,HKY,NC,ASO,ES,Federal Contract Tower,0,6,5,0,11,0,5,30,0,35,0,11,35,0,46,36,0,36,82
04/22/2017,HKY,NC,ASO,ES,Federal Contract Tower,0,2,4,0,6,0,2,17,0,19,0,4,21,0,25,2,0,2,27
04/23/2017,HKY,NC,ASO,ES,Federal Contract Tower,0,5,2,0,7,0,0,0,0,0,0,5,2,0,7,0,0,0,7
04/24/2017,HKY,NC,ASO,ES,Federal Contract Tower,0,4,0,0,4,0,0,0,0,0,0,4,0,0,4,0,0,0,4
04/25/2017,HKY,NC,ASO,ES,Federal Contract Tower,0,2,11,1,14,0,1,15,1,17,0,3,26,2,31,30,0,30,61
04/26/2017,HKY,NC,ASO,ES,Federal Contract Tower,0,14,14,0,28,0,0,42,5,47,0,14,56,5,75,66,0,66,141
04/27/2017,HKY,NC,ASO,ES,Federal Contract Tower,0,6,6,0,12,0,1,14,2,17,0,7,20,2,29,24,0,24,53
04/28/2017,HKY,NC,ASO,ES,Federal Contract Tower,0,10,11,2,23,0,5,30,0,35,0,15,41,2,58,60,0,60,118
04/29/2017,HKY,NC,ASO,ES,Federal Contract Tower,0,2,8,2,12,0,3,27,0,30,0,5,35,2,42,42,0,42,84
04/30/2017,HKY,NC,ASO,ES,Federal Contract Tower,0,7,4,0,11,0,3,9,0,12,0,10,13,0,23,12,0,12,35
05/01/2017,HKY,NC,ASO,ES,Federal Contract Tower,0,9,0,0,9,0,0,2,0,2,0,9,2,0,11,0,0,0,11
05/02/2017,HKY,NC,ASO,ES,Federal Contract Tower,0,8,8,0,16,0,7,26,5,38,0,15,34,5,54,22,0,22,76
05/03/2017,HKY,NC,ASO,ES,Federal Contract Tower,0,11,8,0,19,0,1,55,5,61,0,12,63,5,80,82,0,82,162
05/04/2017,HKY,NC,ASO,ES,Federal Contract Tower,0,6,7,0,13,0,4,12,2,18,0,10,19,2,31,0,0,0,31
05/05/2017,HKY,NC,ASO,ES,Federal Contract Tower,0,9,9,0,18,0,9,10,0,19,0,18,19,0,37,8,0,8,45
05/06/2017,HKY,NC,ASO,ES,Federal Contract Tower,0,1,4,0,5,0,3,15,0,18,0,4,19,0,23,6,0,6,29
05/07/2017,HKY,NC,ASO,ES,Federal Contract Tower,0,10,10,0,20,0,0,31,0,31,0,10,41,0,51,6,0,6,57
05/08/2017,HKY,NC,ASO,ES,Federal Contract Tower,0,7,7,0,14,0,10,33,0,43,0,17,40,0,57,32,0,32,89
05/09/2017,HKY,NC,ASO,ES,Federal Contract Tower,0,2,8,0,10,0,4,30,0,34,0,6,38,0,44,30,0,30,74
05/10/2017,HKY,NC,ASO,ES,Federal Contract Tower,0,5,3,0,8,0,0,0,0,0,0,5,3,0,8,68,0,68,76
05/11/2017,HKY,NC,ASO,ES,Federal Contract Tower,0,8,2,14,24,0,2,36,4,42,0,10,38,18,66,30,4,34,100
05/12/2017,HKY,NC,ASO,ES,Federal Contract Tower,0,9,7,0,16,0,0,0,0,0,0,9,7,0,16,0,0,0,16
05/13/2017,HKY,NC,ASO,ES,Federal Contract Tower,0,2,8,0,10,0,5,17,0,22,0,7,25,0,32,0,0,0,32
05/14/2017,HKY,NC,ASO,ES,Federal Contract Tower,0,2,11,0,13,0,2,41,0,43,0,4,52,0,56,4,0,4,60
05/15/2017,HKY,NC,ASO,ES,Federal Contract Tower,0,10,14,0,24,0,3,51,0,54,0,13,65,0,78,44,0,44,122
05/16/2017,HKY,NC,ASO,ES,Federal Contract Tower,0,7,3,0,10,0,5,39,0,44,0,12,42,0,54,28,0,28,82
05/17/2017,HKY,NC,ASO,ES,Federal Contract Tower,0,14,11,2,27,0,7,53,1,61,0,21,64,3,88,44,0,44,132
05/18/2017,HKY,NC,ASO,ES,Federal Contract Tower,0,15,11,0,26,0,8,31,4,43,0,23,42,4,69,22,0,22,91
05/19/2017,HKY,NC,ASO,ES,Federal Contract Tower,0,12,8,0,20,0,17,43,0,60,0,29,51,0,80,20,0,20,100
05/20/2017,HKY,NC,ASO,ES,Federal Contract Tower,0,4,4,0,8,0,6,45,0,51,0,10,49,0,59,68,0,68,127
05/21/2017,HKY,NC,ASO,ES,Federal Contract Tower,0,7,3,0,10,0,0,0,0,0,0,7,3,0,10,0,0,0,10
05/22/2017,HKY,NC,ASO,ES,Federal Contract Tower,0,18,2,0,20,0,2,4,0,6,0,20,6,0,26,6,0,6,32
05/23/2017,HKY,NC,ASO,ES,Federal Contract Tower,0,8,3,0,11,0,0,0,0,0,0,8,3,0,11,0,0,0,11
05/24/2017,HKY,NC,ASO,ES,Federal Contract Tower,0,12,4,0,16,0,0,0,0,0,0,12,4,0,16,0,0,0,16
05/25/2017,HKY,NC,ASO,ES,Federal Contract Tower,0,14,10,0,24,0,2,13,0,15,0,16,23,0,39,2,0,2,41
05/26/2017,HKY,NC,ASO,ES,Federal Contract Tower,0,9,8,0,17,0,14,45,2,61,0,23,53,2,78,26,0,26,104
05/27/2017,HKY,NC,ASO,ES,Federal Contract Tower,0,2,9,0,11,0,6,37,0,43,0,8,46,0,54,10,0,10,64
05/28/2017,HKY,NC,ASO,ES,Federal Contract Tower,0,2,3,0,5,0,4,10,0,14,0,6,13,0,19,16,0,16,35
05/29/2017,HKY,NC,ASO,ES,Federal Contract Tower,0,6,6,0,12,0,4,41,2,47,0,10,47,2,59,22,2,24,83
05/30/2017,HKY,NC,ASO,ES,Federal Contract Tower,0,8,19,0,27,0,4,17,2,23,0,12,36,2,50,18,2,20,70
05/31/2017,HKY,NC,ASO,ES,Federal Contract Tower,0,27,2,0,29,0,2,21,0,23,0,29,23,0,52,18,0,18,70
06/01/2017,HKY,NC,ASO,ES,Federal Contract Tower,0,4,3,0,7,0,7,46,9,62,0,11,49,9,69,54,2,56,125
06/02/2017,HKY,NC,ASO,ES,Federal Contract Tower,0,13,11,0,24,0,7,59,0,66,0,20,70,0,90,52,0,52,142
06/03/2017,HKY,NC,ASO,ES,Federal Contract Tower,0,7,9,0,16,0,9,39,0,48,0,16,48,0,64,56,0,56,120
06/04/2017,HKY,NC,ASO,ES,Federal Contract Tower,0,8,7,0,15,0,5,20,0,25,0,13,27,0,40,48,0,48,88
06/05/2017,HKY,NC,ASO,ES,Federal Contract Tower,0,12,13,0,25,0,0,6,0,6,0,12,19,0,31,4,0,4,35
06/06/2017,HKY,NC,ASO,ES,Federal Contract Tower,0,3,9,0,12,0,4,38,8,50,0,7,47,8,62,26,0,26,88
06/07/2017,HKY,NC,ASO,ES,Federal Contract Tower,0,12,8,0,20,0,5,41,1,47,0,17,49,1,67,40,0,40,107
06/08/2017,HKY,NC,ASO,ES,Federal Contract Tower,0,8,8,0,16,0,4,24,0,28,0,12,32,0,44,8,0,8,52
06/09/2017,HKY,NC,ASO,ES,Federal Contract Tower,0,12,15,1,28,0,9,44,0,53,0,21,59,1,81,22,0,22,103
06/10/2017,HKY,NC,ASO,ES,Federal Contract Tower,0,4,13,0,17,0,7,84,0,91,0,11,97,0,108,60,0,60,168
06/11/2017,HKY,NC,ASO,ES,Federal Contract Tower,0,5,7,1,13,0,2,35,0,37,0,7,42,1,50,28,0,28,78
06/12/2017,HKY,NC,ASO,ES,Federal Contract Tower,0,8,11,0,19,0,3,30,1,34,0,11,41,1,53,18,0,18,71
06/13/2017,HKY,NC,ASO,ES,Federal Contract Tower,0,4,9,2,15,0,1,17,3,21,0,5,26,5,36,16,0,16,52
06/14/2017,HKY,NC,ASO,ES,Federal Contract Tower,0,10,8,0,18,0,4,8,0,12,0,14,16,0,30,0,0,0,30
06/15/2017,HKY,NC,ASO,ES,Federal Contract Tower,0,23,6,0,29,0,3,28,3,34,0,26,34,3,63,8,0,8,71
06/16/2017,HKY,NC,ASO,ES,Federal Contract Tower,0,11,4,0,15,0,3,13,0,16,0,14,17,0,31,0,0,0,31
06/17/2017,HKY,NC,ASO,ES,Federal Contract Tower,0,4,8,0,12,0,3,7,0,10,0,7,15,0,22,8,0,8,30
06/18/2017,HKY,NC,ASO,ES,Federal Contract Tower,0,8,4,0,12,0,7,25,0,32,0,15,29,0,44,0,0,0,44
06/19/2017,HKY,NC,ASO,ES,Federal Contract Tower,0,10,6,0,16,0,0,6,0,6,0,10,12,0,22,0,0,0,22
06/20/2017,HKY,NC,ASO,ES,Federal Contract Tower,0,4,7,0,11,0,2,11,0,13,0,6,18,0,24,2,0,2,26
06/21/2017,HKY,NC,ASO,ES,Federal Contract Tower,0,8,6,0,14,0,7,29,2,38,0,15,35,2,52,10,0,10,62
06/22/2017,HKY,NC,ASO,ES,Federal Contract Tower,0,16,8,0,24,0,2,3,0,5,0,18,11,0,29,0,0,0,29
06/23/2017,HKY,NC,ASO,ES,Federal Contract Tower,0,13,9,0,22,0,8,17,0,25,0,21,26,0,47,6,0,6,53
06/24/2017,HKY,NC,ASO,ES,Federal Contract Tower,0,8,7,0,15,0,6,23,0,29,0,14,30,0,44,16,0,16,60
06/25/2017,HKY,NC,ASO,ES,Federal Contract Tower,0,16,16,0,32,0,5,34,0,39,0,21,50,0,71,8,0,8,79
06/26/2017,HKY,NC,ASO,ES,Federal Contract Tower,2,5,9,0,16,0,5,48,5,58,2,10,57,5,74,36,0,36,110
06/27/2017,HKY,NC,ASO,ES,Federal Contract Tower,0,6,8,0,14,0,4,38,6,48,0,10,46,6,62,8,0,8,70
06/28/2017,HKY,NC,ASO,ES,Federal Contract Tower,0,9,0,0,9,0,2,36,2,40,0,11,36,2,49,80,0,80,129
06/29/2017,HKY,NC,ASO,ES,Federal Contract Tower,0,11,6,0,17,0,9,45,9,63,0,20,51,9,80,30,0,30,110
06/30/2017,HKY,NC,ASO,ES,Federal Contract Tower,0,11,7,0,18,0,0,9,0,9,0,11,16,0,27,4,0,4,31
07/01/2017,HKY,NC,ASO,ES,Federal Contract Tower,0,2,5,0,7,0,3,17,0,20,0,5,22,0,27,22,0,22,49
07/02/2017,HKY,NC,ASO,ES,Federal Contract Tower,0,2,4,0,6,0,2,33,0,35,0,4,37,0,41,16,0,16,57
07/03/2017,HKY,NC,ASO,ES,Federal Contract Tower,0,2,3,0,5,0,2,26,1,29,0,4,29,1,34,10,0,10,44
07/04/2017,HKY,NC,ASO,ES,Federal Contract Tower,0,3,9,0,12,0,4,17,0,21,0,7,26,0,33,18,0,18,51
07/05/2017,HKY,NC,ASO,ES,Federal Contract Tower,0,10,1,0,11,0,0,15,0,15,0,10,16,0,26,34,0,34,60
07/06/2017,HKY,NC,ASO,ES,Federal Contract Tower,0,6,7,0,13,0,2,27,2,31,0,8,34,2,44,74,0,74,118
07/07/2017,HKY,NC,ASO,ES,Federal Contract Tower,0,11,16,0,27,0,0,19,0,19,0,11,35,0,46,48,0,48,94
07/08/2017,HKY,NC,ASO,ES,Federal Contract Tower,0,12,10,0,22,0,0,91,0,91,0,12,101,0,113,68,0,68,181
07/09/2017,HKY,NC,ASO,ES,Federal Contract Tower,0,10,4,0,14,0,2,30,0,32,0,12,34,0,46,40,0,40,86
07/10/2017,HKY,NC,ASO,ES,Federal Contract Tower,0,12,10,0,22,0,2,32,2,36,0,14,42,2,58,16,2,18,76
07/11/2017,HKY,NC,ASO,ES,Federal Contract Tower,0,15,10,0,25,0,0,28,5,33,0,15,38,5,58,34,0,34,92
07/12/2017,HKY,NC,ASO,ES,Federal Contract Tower,0,11,13,0,24,0,4,26,0,30,0,15,39,0,54,6,0,6,60
07/13/2017,HKY,NC,ASO,ES,Federal Contract Tower,0,11,3,0,14,0,4,27,5,36,0,15,30,5,50,14,0,14,64
07/14/2017,HKY,NC,ASO,ES,Federal Contract Tower,0,12,11,0,23,0,3,39,2,44,0,15,50,2,67,20,0,20,87
07/15/2017,HKY,NC,ASO,ES,Federal Contract Tower,0,7,7,0,14,0,3,36,0,39,0,10,43,0,53,28,0,28,81
07/16/2017,HKY,NC,ASO,ES,Federal Contract Tower,0,0,15,0,15,0,0,56,0,56,0,0,71,0,71,48,0,48,119
07/17/2017,HKY,NC,ASO,ES,Federal Contract Tower,0,9,4,0,13,0,6,27,0,33,0,15,31,0,46,22,0,22,68
07/18/2017,HKY,NC,ASO,ES,Federal Contract Tower,0,7,8,0,15,0,2,26,1,29,0,9,34,1,44,16,0,16,60
07/19/2017,HKY,NC,ASO,ES,Federal Contract Tower,0,10,4,0,14,0,6,52,2,60,0,16,56,2,74,36,0,36,110
07/20/2017,HKY,NC,ASO,ES,Federal Contract Tower,0,10,4,0,14,0,4,53,0,57,0,14,57,0,71,20,0,20,91
07/21/2017,HKY,NC,ASO,ES,Federal Contract Tower,0,8,7,0,15,0,15,38,2,55,0,23,45,2,70,20,0,20,90
07/22/2017,HKY,NC,ASO,ES,Federal Contract Tower,0,0,3,0,3,0,9,52,1,62,0,9,55,1,65,22,0,22,87
07/23/2017,HKY,NC,ASO,ES,Federal Contract Tower,0,15,1,0,16,0,6,12,0,18,0,21,13,0,34,2,0,2,36
07/24/2017,HKY,NC,ASO,ES,Federal Contract Tower,0,12,5,0,17,0,1,18,1,20,0,13,23,1,37,8,0,8,45
07/25/2017,HKY,NC,ASO,ES,Federal Contract Tower,0,10,11,0,21,0,2,31,4,37,0,12,42,4,58,36,0,36,94
07/26/2017,HKY,NC,ASO,ES,Federal Contract Tower,0,8,7,0,15,0,3,11,2,16,0,11,18,2,31,10,2,12,43
07/27/2017,HKY,NC,ASO,ES,Federal Contract Tower,0,12,3,0,15,0,1,13,3,17,0,13,16,3,32,44,0,44,76
07/28/2017,HKY,NC,ASO,ES,Federal Contract Tower,0,10,7,0,17,0,1,9,0,10,0,11,16,0,27,0,0,0,27
07/29/2017,HKY,NC,ASO,ES,Federal Contract Tower,0,6,10,0,16,0,11,45,0,56,0,17,55,0,72,10,0,10,82
07/30/2017,HKY,NC,ASO,ES,Federal Contract Tower,0,9,11,0,20,0,7,34,0,41,0,16,45,0,61,0,0,0,61
07/31/2017,HKY,NC,ASO,ES,Federal Contract Tower,0,3,7,0,10,0,4,63,3,70,0,7,70,3,80,32,0,32,112
08/01/2017,HKY,NC,ASO,ES,Federal Contract Tower,0,8,12,2,22,0,18,58,1,77,0,26,70,3,99,30,0,30,129
08/02/2017,HKY,NC,ASO,ES,Federal Contract Tower,0,15,1,0,16,0,9,38,1,48,0,24,39,1,64,16,0,16,80
08/03/2017,HKY,NC,ASO,ES,Federal Contract Tower,0,13,4,1,18,0,4,39,4,47,0,17,43,5,65,26,0,26,91
08/04/2017,HKY,NC,ASO,ES,Federal Contract Tower,0,12,10,0,22,0,3,45,1,49,0,15,55,1,71,14,0,14,85
08/05/2017,HKY,NC,ASO,ES,Federal Contract Tower,0,4,12,0,16,0,2,38,0,40,0,6,50,0,56,30,0,30,86
08/06/2017,HKY,NC,ASO,ES,Federal Contract Tower,0,4,6,2,12,0,1,34,0,35,0,5,40,2,47,26,0,26,73
08/07/2017,HKY,NC,ASO,ES,Federal Contract Tower,0,14,5,0,19,0,1,0,0,1,0,15,5,0,20,0,0,0,20
08/08/2017,HKY,NC,ASO,ES,Federal Contract Tower,0,8,10,0,18,0,0,1,0,1,0,8,11,0,19,0,0,0,19
08/09/2017,HKY,NC,ASO,ES,Federal Contract Tower,0,11,5,0,16,0,4,37,0,41,0,15,42,0,57,16,0,16,73
08/10/2017,HKY,NC,ASO,ES,Federal Contract Tower,0,10,7,0,17,0,2,19,0,21,0,12,26,0,38,24,0,24,62
08/11/2017,HKY,NC,ASO,ES,Federal Contract Tower,0,6,10,0,16,0,5,3,0,8,0,11,13,0,24,0,0,0,24
08/12/2017,HKY,NC,ASO,ES,Federal Contract Tower,0,12,6,0,18,0,5,32,0,37,0,17,38,0,55,6,0,6,61
08/13/2017,HKY,NC,ASO,ES,Federal Contract Tower,0,6,11,0,17,0,2,18,0,20,0,8,29,0,37,4,0,4,41
08/14/2017,HKY,NC,ASO,ES,Federal Contract Tower,0,10,3,0,13,0,0,0,0,0,0,10,3,0,13,0,0,0,13
08/15/2017,HKY,NC,ASO,ES,Federal Contract Tower,0,9,6,7,22,0,1,5,0,6,0,10,11,7,28,16,0,16,44
08/16/2017,HKY,NC,ASO,ES,Federal Contract Tower,0,8,12,2,22,0,5,58,2,65,0,13,70,4,87,14,0,14,101
08/17/2017,HKY,NC,ASO,ES,Federal Contract Tower,0,13,1,0,14,0,3,31,0,34,0,16,32,0,48,16,0,16,64
08/18/2017,HKY,NC,ASO,ES,Federal Contract Tower,0,8,9,4,21,0,3,33,0,36,0,11,42,4,57,20,0,20,77
08/19/2017,HKY,NC,ASO,ES,Federal Contract Tower,0,6,18,0,24,0,6,55,0,61,0,12,73,0,85,46,0,46,131
08/20/2017,HKY,NC,ASO,ES,Federal Contract Tower,0,2,15,6,23,0,1,58,0,59,0,3,73,6,82,28,0,28,110
08/21/2017,HKY,NC,ASO,ES,Federal Contract Tower,0,5,14,0,19,0,1,98,0,99,0,6,112,0,118,6,0,6,124
08/22/2017,HKY,NC,ASO,ES,Federal Contract Tower,0,9,10,0,19,0,5,48,8,61,0,14,58,8,80,24,0,24,104
08/23/2017,HKY,NC,ASO,ES,Federal Contract Tower,0,16,5,0,21,0,5,25,0,30,0,21,30,0,51,16,0,16,67
08/24/2017,HKY,NC,ASO,ES,Federal Contract Tower,0,4,9,0,13,0,3,45,0,48,0,7,54,0,61,44,0,44,105
08/25/2017,HKY,NC,ASO,ES,Federal Contract Tower,0,8,12,1,21,0,6,93,3,102,0,14,105,4,123,56,0,56,179
08/26/2017,HKY,NC,ASO,ES,Federal Contract Tower,0,9,8,0,17,0,7,42,0,49,0,16,50,0,66,86,0,86,152
08/27/2017,HKY,NC,ASO,ES,Federal Contract Tower,0,10,8,0,18,0,0,35,0,35,0,10,43,0,53,8,0,8,61
08/28/2017,HKY,NC,ASO,ES,Federal Contract Tower,0,21,4,0,25,0,0,49,0,49,0,21,53,0,74,32,0,32,106
08/29/2017,HKY,NC,ASO,ES,Federal Contract Tower,0,5,1,0,6,0,7,6,0,13,0,12,7,0,19,18,0,18,37
08/30/2017,HKY,NC,ASO,ES,Federal Contract Tower,0,11,6,0,17,0,8,14,0,22,0,19,20,0,39,46,0,46,85
08/31/2017,HKY,NC,ASO,ES,Federal Contract Tower,0,8,7,0,15,0,1,1,0,2,0,9,8,0,17,2,0,2,19
09/01/2017,HKY,NC,ASO,ES,Federal Contract Tower,0,10,9,0,19,0,0,0,0,0,0,10,9,0,19,0,0,0,19
09/02/2017,HKY,NC,ASO,ES,Federal Contract Tower,0,5,6,0,11,0,0,59,0,59,0,5,65,0,70,16,0,16,86
09/03/2017,HKY,NC,ASO,ES,Federal Contract Tower,0,0,5,0,5,0,3,44,0,47,0,3,49,0,52,56,0,56,108
09/04/2017,HKY,NC,ASO,ES,Federal Contract Tower,0,9,12,0,21,0,3,68,1,72,0,12,80,1,93,54,0,54,147
09/05/2017,HKY,NC,ASO,ES,Federal Contract Tower,0,11,4,0,15,0,1,28,0,29,0,12,32,0,44,40,0,40,84
09/06/2017,HKY,NC,ASO,ES,Federal Contract Tower,0,13,9,1,23,0,1,2,0,3,0,14,11,1,26,0,0,0,26
09/07/2017,HKY,NC,ASO,ES,Federal Contract Tower,0,10,5,0,15,0,10,34,10,54,0,20,39,10,69,12,0,12,81
09/08/2017,HKY,NC,ASO,ES,Federal Contract Tower,0,20,17,0,37,0,3,51,7,61,0,23,68,7,98,40,2,42,140
09/09/2017,HKY,NC,ASO,ES,Federal Contract Tower,0,5,3,0,8,0,5,115,0,120,0,10,118,0,128,54,0,54,182
09/10/2017,HKY,NC,ASO,ES,Federal Contract Tower,0,2,2,0,4,0,0,13,0,13,0,2,15,0,17,0,0,0,17
09/11/2017,HKY,NC,ASO,ES,Federal Contract Tower,0,2,2,0,4,0,0,0,0,0,0,2,2,0,4,0,0,0,4
09/12/2017,HKY,NC,ASO,ES,Federal Contract Tower,0,8,9,0,17,0,0,0,0,0,0,8,9,0,17,0,0,0,17
09/13/2017,HKY,NC,ASO,ES,Federal Contract Tower,0,11,12,0,23,0,3,10,0,13,0,14,22,0,36,26,0,26,62
09/14/2017,HKY,NC,ASO,ES,Federal Contract Tower,0,15,11,0,26,0,4,25,0,29,0,19,36,0,55,6,0,6,61
09/15/2017,HKY,NC,ASO,ES,Federal Contract Tower,2,13,8,0,23,0,3,48,0,51,2,16,56,0,74,16,0,16,90
09/16/2017,HKY,NC,ASO,ES,Federal Contract Tower,0,8,9,0,17,0,5,42,0,47,0,13,51,0,64,18,0,18,82
09/17/2017,HKY,NC,ASO,ES,Federal Contract Tower,0,9,12,0,21,0,3,42,0,45,0,12,54,0,66,14,0,14,80
09/18/2017,HKY,NC,ASO,ES,Federal Contract Tower,0,13,8,2,23,0,1,31,0,32,0,14,39,2,55,8,0,8,63
09/19/2017,HKY,NC,ASO,ES,Federal Contract Tower,0,10,10,0,20,0,2,30,3,35,0,12,40,3,55,28,0,28,83
09/20/2017,HKY,NC,ASO,ES,Federal Contract Tower,0,23,5,2,30,0,4,29,1,34,0,27,34,3,64,20,12,32,96
09/21/2017,HKY,NC,ASO,ES,Federal Contract Tower,0,8,10,4,22,0,5,43,2,50,0,13,53,6,72,13,0,13,85
09/22/2017,HKY,NC,ASO,ES,Federal Contract Tower,0,9,14,0,23,0,10,55,0,65,0,19,69,0,88,32,0,32,120
09/23/2017,HKY,NC,ASO,ES,Federal Contract Tower,0,0,11,0,11,0,8,44,2,54,0,8,55,2,65,18,0,18,83
09/24/2017,HKY,NC,ASO,ES,Federal Contract Tower,0,7,16,2,25,0,5,36,1,42,0,12,52,3,67,4,0,4,71
09/25/2017,HKY,NC,ASO,ES,Federal Contract Tower,0,7,3,1,11,0,9,32,1,42,0,16,35,2,53,32,0,32,85
09/26/2017,HKY,NC,ASO,ES,Federal Contract Tower,0,9,6,2,17,0,3,40,11,54,0,12,46,13,71,30,32,62,133
09/27/2017,HKY,NC,ASO,ES,Federal Contract Tower,0,13,8,1,22,0,6,34,3,43,0,19,42,4,65,38,0,38,103
09/28/2017,HKY,NC,ASO,ES,Federal Contract Tower,0,4,5,0,9,0,3,44,0,47,0,7,49,0,56,48,0,48,104
09/29/2017,HKY,NC,ASO,ES,Federal Contract Tower,0,4,7,0,11,0,0,37,7,44,0,4,44,7,55,28,0,28,83
09/30/2017,HKY,NC,ASO,ES,Federal Contract Tower,0,1,6,0,7,0,0,53,0,53,0,1,59,0,60,24,0,24,84
10/01/2017,HKY,NC,ASO,ES,Federal Contract Tower,0,4,14,0,18,0,4,43,0,47,0,8,57,0,65,20,0,20,85
10/02/2017,HKY,NC,ASO,ES,Federal Contract Tower,0,3,12,2,17,0,3,41,1,45,0,6,53,3,62,70,0,70,132
10/03/2017,HKY,NC,ASO,ES,Federal Contract Tower,0,7,4,0,11,0,2,34,8,44,0,9,38,8,55,16,6,22,77
10/04/2017,HKY,NC,ASO,ES,Federal Contract Tower,0,19,8,0,27,0,6,40,0,46,0,25,48,0,73,38,0,38,111
10/05/2017,HKY,NC,ASO,ES,Federal Contract Tower,0,13,7,0,20,0,14,29,3,46,0,27,36,3,66,38,0,38,104
10/06/2017,HKY,NC,ASO,ES,Federal Contract Tower,0,9,11,0,20,0,7,66,1,74,0,16,77,1,94,22,0,22,116
10/07/2017,HKY,NC,ASO,ES,Federal Contract Tower,0,9,10,0,19,0,0,16,2,18,0,9,26,2,37,14,0,14,51
10/08/2017,HKY,NC,ASO,ES,Federal Contract Tower,0,9,1,0,10,0,0,0,0,0,0,9,1,0,10,0,0,0,10
10/09/2017,HKY,NC,ASO,ES,Federal Contract Tower,0,8,8,0,16,0,3,1,0,4,0,11,9,0,20,0,0,0,20
10/10/2017,HKY,NC,ASO,ES,Federal Contract Tower,0,7,2,2,11,0,3,3,0,6,0,10,5,2,17,6,0,6,23
10/11/2017,HKY,NC,ASO,ES,Federal Contract Tower,0,7,10,2,19,0,3,16,0,19,0,10,26,2,38,0,0,0,38
10/12/2017,HKY,NC,ASO,ES,Federal Contract Tower,0,8,12,6,26,0,1,25,1,27,0,9,37,7,53,38,4,42,95
10/13/2017,HKY,NC,ASO,ES,Federal Contract Tower,0,15,10,0,25,0,1,4,15,20,0,16,14,15,45,0,0,0,45
10/14/2017,HKY,NC,ASO,ES,Federal Contract Tower,0,6,10,0,16,0,4,45,0,49,0,10,55,0,65,0,0,0,65
10/15/2017,HKY,NC,ASO,ES,Federal Contract Tower,0,7,7,0,14,0,6,20,0,26,0,13,27,0,40,2,0,2,42
10/16/2017,HKY,NC,ASO,ES,Federal Contract Tower,0,10,17,0,27,0,0,15,0,15,0,10,32,0,42,6,0,6,48
10/17/2017,HKY,NC,ASO,ES,Federal Contract Tower,0,6,5,0,11,0,0,21,2,23,0,6,26,2,34,4,0,4,38
10/18/2017,HKY,NC,ASO,ES,Federal Contract Tower,0,11,5,0,16,0,1,53,0,54,0,12,58,0,70,24,0,24,94
10/19/2017,HKY,NC,ASO,ES,Federal Contract Tower,0,9,1,0,10,0,3,45,1,49,0,12,46,1,59,30,0,30,89
10/20/2017,HKY,NC,ASO,ES,Federal Contract Tower,0,28,17,0,45,0,2,60,3,65,0,30,77,3,110,12,0,12,122
10/21/2017,HKY,NC,ASO,ES,Federal Contract Tower,0,8,12,0,20,0,1,59,0,60,0,9,71,0,80,74,0,74,154
10/22/2017,HKY,NC,ASO,ES,Federal Contract Tower,0,7,10,0,17,0,3,45,0,48,0,10,55,0,65,6,0,6,71
10/23/2017,HKY,NC,ASO,ES,Federal Contract Tower,0,6,4,0,10,0,0,0,0,0,0,6,4,0,10,0,0,0,10
10/24/2017,HKY,NC,ASO,ES,Federal Contract Tower,0,5,3,0,8,0,12,22,0,34,0,17,25,0,42,8,0,8,50
10/25/2017,HKY,NC,ASO,ES,Federal Contract Tower,0,5,6,0,11,0,8,16,0,24,0,13,22,0,35,22,0,22,57
10/26/2017,HKY,NC,ASO,ES,Federal Contract Tower,0,7,0,0,7,0,6,30,1,37,0,13,30,1,44,64,0,64,108
10/27/2017,HKY,NC,ASO,ES,Federal Contract Tower,2,17,16,0,35,0,6,36,6,48,2,23,52,6,83,32,0,32,115
10/28/2017,HKY,NC,ASO,ES,Federal Contract Tower,0,4,2,0,6,0,3,13,0,16,0,7,15,0,22,14,0,14,36
10/29/2017,HKY,NC,ASO,ES,Federal Contract Tower,0,4,2,0,6,0,2,0,0,2,0,6,2,0,8,0,0,0,8
10/30/2017,HKY,NC,ASO,ES,Federal Contract Tower,0,8,4,2,14,0,3,28,4,35,0,11,32,6,49,22,0,22,71
10/31/2017,HKY,NC,ASO,ES,Federal Contract Tower,0,2,13,1,16,0,9,34,2,45,0,11,47,3,61,30,0,30,91
11/01/2017,HKY,NC,ASO,ES,Federal Contract Tower,0,8,6,0,14,0,10,27,1,38,0,18,33,1,52,24,0,24,76
11/02/2017,HKY,NC,ASO,ES,Federal Contract Tower,0,3,4,0,7,0,5,26,6,37,0,8,30,6,44,42,0,42,86
11/03/2017,HKY,NC,ASO,ES,Federal Contract Tower,2,4,8,0,14,0,8,27,14,49,2,12,35,14,63,24,0,24,87
11/04/2017,HKY,NC,ASO,ES,Federal Contract Tower,0,0,7,0,7,0,0,0,0,0,0,0,7,0,7,0,0,0,7
11/05/2017,HKY,NC,ASO,ES,Federal Contract Tower,0,7,2,0,9,0,0,0,0,0,0,7,2,0,9,0,0,0,9
11/06/2017,HKY,NC,ASO,ES,Federal Contract Tower,0,17,6,0,23,0,4,9,0,13,0,21,15,0,36,20,0,20,56
11/07/2017,HKY,NC,ASO,ES,Federal Contract Tower,0,9,12,0,21,0,1,2,0,3,0,10,14,0,24,0,0,0,24
11/08/2017,HKY,NC,ASO,ES,Federal Contract Tower,0,17,2,0,19,0,0,0,0,0,0,17,2,0,19,0,0,0,19
11/09/2017,HKY,NC,ASO,ES,Federal Contract Tower,0,15,12,4,31,0,2,4,0,6,0,17,16,4,37,26,0,26,63
11/10/2017,HKY,NC,ASO,ES,Federal Contract Tower,0,5,6,0,11,0,7,51,0,58,0,12,57,0,69,62,0,62,131
11/11/2017,HKY,NC,ASO,ES,Federal Contract Tower,0,3,6,0,9,0,2,89,0,91,0,5,95,0,100,58,0,58,158
11/12/2017,HKY,NC,ASO,ES,Federal Contract Tower,0,4,7,0,11,0,2,9,0,11,0,6,16,0,22,4,0,4,26
11/13/2017,HKY,NC,ASO,ES,Federal Contract Tower,0,11,1,0,12,0,1,22,0,23,0,12,23,0,35,10,0,10,45
11/14/2017,HKY,NC,ASO,ES,Federal Contract Tower,0,8,7,0,15,0,6,11,9,26,0,14,18,9,41,0,0,0,41
11/15/2017,HKY,NC,ASO,ES,Federal Contract Tower,0,12,9,0,21,0,4,18,4,26,0,16,27,4,47,10,0,10,57
11/16/2017,HKY,NC,ASO,ES,Federal Contract Tower,0,20,12,0,32,0,8,41,0,49,0,28,53,0,81,20,0,20,101
11/17/2017,HKY,NC,ASO,ES,Federal Contract Tower,0,8,8,0,16,0,4,34,0,38,0,12,42,0,54,26,0,26,80
11/18/2017,HKY,NC,ASO,ES,Federal Contract Tower,0,5,0,0,5,0,6,4,0,10,0,11,4,0,15,20,0,20,35
11/19/2017,HKY,NC,ASO,ES,Federal Contract Tower,0,5,9,0,14,0,1,22,0,23,0,6,31,0,37,2,0,2,39
11/20/2017,HKY,NC,ASO,ES,Federal Contract Tower,0,11,9,0,20,0,7,33,4,44,0,18,42,4,64,20,0,20,84
11/21/2017,HKY,NC,ASO,ES,Federal Contract Tower,0,4,6,0,10,0,2,16,0,18,0,6,22,0,28,10,0,10,38
11/22/2017,HKY,NC,ASO,ES,Federal Contract Tower,0,10,10,0,20,0,3,33,1,37,0,13,43,1,57,34,0,34,91
11/23/2017,HKY,NC,ASO,ES,Federal Contract Tower,0,1,6,0,7,0,3,17,0,20,0,4,23,0,27,8,0,8,35
11/24/2017,HKY,NC,ASO,ES,Federal Contract Tower,0,4,8,0,12,0,7,50,0,57,0,11,58,0,69,44,0,44,113
11/25/2017,HKY,NC,ASO,ES,Federal Contract Tower,0,4,9,0,13,0,7,36,0,43,0,11,45,0,56,42,0,42,98
11/26/2017,HKY,NC,ASO,ES,Federal Contract Tower,0,8,1,0,9,0,1,44,0,45,0,9,45,0,54,18,0,18,72
11/27/2017,HKY,NC,ASO,ES,Federal Contract Tower,0,4,3,0,7,0,0,22,4,26,0,4,25,4,33,48,0,48,81
11/28/2017,HKY,NC,ASO,ES,Federal Contract Tower,0,4,4,0,8,0,3,31,1,35,0,7,35,1,43,10,0,10,53
11/29/2017,HKY,NC,ASO,ES,Federal Contract Tower,0,9,9,0,18,0,2,46,2,50,0,11,55,2,68,34,0,34,102
11/30/2017,HKY,NC,ASO,ES,Federal Contract Tower,0,7,6,2,15,0,1,28,22,51,0,8,34,24,66,42,12,54,120
12/01/2017,HKY,NC,ASO,ES,Federal Contract Tower,0,7,5,0,12,0,0,42,0,42,0,7,47,0,54,28,0,28,82
12/02/2017,HKY,NC,ASO,ES,Federal Contract Tower,0,3,1,0,4,0,6,14,0,20,0,9,15,0,24,36,0,36,60
12/03/2017,HKY,NC,ASO,ES,Federal Contract Tower,0,3,2,0,5,0,1,30,1,32,0,4,32,1,37,14,0,14,51
12/04/2017,HKY,NC,ASO,ES,Federal Contract Tower,0,13,6,0,19,0,1,27,1,29,0,14,33,1,48,4,0,4,52
12/05/2017,HKY,NC,ASO,ES,Federal Contract Tower,0,8,6,1,15,0,0,2,1,3,0,8,8,2,18,6,0,6,24
12/06/2017,HKY,NC,ASO,ES,Federal Contract Tower,0,7,2,0,9,0,2,14,3,19,0,9,16,3,28,0,0,0,28
12/07/2017,HKY,NC,ASO,ES,Federal Contract Tower,0,9,4,0,13,0,4,13,2,19,0,13,17,2,32,0,0,0,32
12/08/2017,HKY,NC,ASO,ES,Federal Contract Tower,0,3,0,0,3,0,0,0,0,0,0,3,0,0,3,0,0,0,3
12/09/2017,HKY,NC,ASO,ES,Federal Contract Tower,0,1,0,0,1,0,0,0,0,0,0,1,0,0,1,0,0,0,1
12/10/2017,HKY,NC,ASO,ES,Federal Contract Tower,0,5,8,0,13,0,7,27,2,36,0,12,35,2,49,21,0,21,70
12/11/2017,HKY,NC,ASO,ES,Federal Contract Tower,0,14,4,0,18,0,0,26,0,26,0,14,30,0,44,36,0,36,80
12/12/2017,HKY,NC,ASO,ES,Federal Contract Tower,0,5,8,0,13,0,3,6,0,9,0,8,14,0,22,8,0,8,30
12/13/2017,HKY,NC,ASO,ES,Federal Contract Tower,0,10,12,0,22,0,9,7,0,16,0,19,19,0,38,6,0,6,44
12/14/2017,HKY,NC,ASO,ES,Federal Contract Tower,0,8,3,0,11,0,7,37,4,48,0,15,40,4,59,24,0,24,83
12/15/2017,HKY,NC,ASO,ES,Federal Contract Tower,0,17,9,0,26,0,5,42,2,49,0,22,51,2,75,34,0,34,109
12/16/2017,HKY,NC,ASO,ES,Federal Contract Tower,1,0,13,0,14,0,11,65,0,76,1,11,78,0,90,30,0,30,120
12/17/2017,HKY,NC,ASO,ES,Federal Contract Tower,0,3,6,0,9,0,2,35,0,37,0,5,41,0,46,26,0,26,72
12/18/2017,HKY,NC,ASO,ES,Federal Contract Tower,0,9,1,0,10,0,1,17,3,21,0,10,18,3,31,16,0,16,47
12/19/2017,HKY,NC,ASO,ES,Federal Contract Tower,1,1,7,1,10,0,7,39,5,51,1,8,46,6,61,44,0,44,105
12/20/2017,HKY,NC,ASO,ES,Federal Contract Tower,0,7,1,0,8,0,0,0,0,0,0,7,1,0,8,0,0,0,8
12/21/2017,HKY,NC,ASO,ES,Federal Contract Tower,0,8,19,0,27,0,4,10,0,14,0,12,29,0,41,10,0,10,51
12/22/2017,HKY,NC,ASO,ES,Federal Contract Tower,0,8,14,0,22,0,1,41,0,42,0,9,55,0,64,30,0,30,94
12/23/2017,HKY,NC,ASO,ES,Federal Contract Tower,0,3,1,0,4,0,0,0,0,0,0,3,1,0,4,0,0,0,4
12/24/2017,HKY,NC,ASO,ES,Federal Contract Tower,0,0,6,0,6,0,1,6,0,7,0,1,12,0,13,0,0,0,13
12/25/2017,HKY,NC,ASO,ES,Federal Contract Tower,0,4,3,0,7,0,1,10,0,11,0,5,13,0,18,0,0,0,18
12/26/2017,HKY,NC,ASO,ES,Federal Contract Tower,0,4,13,0,17,0,2,20,0,22,0,6,33,0,39,10,0,10,49
12/27/2017,HKY,NC,ASO,ES,Federal Contract Tower,0,2,5,0,7,0,2,41,0,43,0,4,46,0,50,8,0,8,58
12/28/2017,HKY,NC,ASO,ES,Federal Contract Tower,0,4,8,0,12,0,4,25,0,29,0,8,33,0,41,12,0,12,53
12/29/2017,HKY,NC,ASO,ES,Federal Contract Tower,0,1,1,0,2,0,0,27,0,27,0,1,28,0,29,14,0,14,43
12/30/2017,HKY,NC,ASO,ES,Federal Contract Tower,0,4,6,0,10,0,2,27,0,29,0,6,33,0,39,14,0,14,53
12/31/2017,HKY,NC,ASO,ES,Federal Contract Tower,0,7,1,0,8,0,2,10,0,12,0,9,11,0,20,0,0,0,20
01/01/2018,HKY,NC,ASO,ES,Federal Contract Tower,1,2,0,0,3,0,3,11,0,14,1,5,11,0,17,0,0,0,17
01/02/2018,HKY,NC,ASO,ES,Federal Contract Tower,0,5,3,0,8,0,4,15,2,21,0,9,18,2,29,0,0,0,29
01/03/2018,HKY,NC,ASO,ES,Federal Contract Tower,0,2,5,0,7,0,5,22,0,27,0,7,27,0,34,14,0,14,48
01/04/2018,HKY,NC,ASO,ES,Federal Contract Tower,0,3,3,1,7,0,1,8,2,11,0,4,11,3,18,0,2,2,20
01/05/2018,HKY,NC,ASO,ES,Federal Contract Tower,0,2,3,1,6,0,0,13,0,13,0,2,16,1,19,0,0,0,19
01/06/2018,HKY,NC,ASO,ES,Federal Contract Tower,0,2,3,0,5,0,4,27,0,31,0,6,30,0,36,24,0,24,60
01/07/2018,HKY,NC,ASO,ES,Federal Contract Tower,0,3,5,0,8,0,2,18,0,20,0,5,23,0,28,14,0,14,42
01/08/2018,HKY,NC,ASO,ES,Federal Contract Tower,0,3,2,0,5,0,2,0,0,2,0,5,2,0,7,0,0,0,7
01/09/2018,HKY,NC,ASO,ES,Federal Contract Tower,0,2,10,0,12,0,1,48,0,49,0,3,58,0,61,52,0,52,113
01/10/2018,HKY,NC,ASO,ES,Federal Contract Tower,0,4,7,0,11,0,4,24,2,30,0,8,31,2,41,0,0,0,41
01/11/2018,HKY,NC,ASO,ES,Federal Contract Tower,0,7,3,0,10,0,0,0,0,0,0,7,3,0,10,0,0,0,10
01/12/2018,HKY,NC,ASO,ES,Federal Contract Tower,0,8,3,0,11,0,0,0,0,0,0,8,3,0,11,0,0,0,11
01/13/2018,HKY,NC,ASO,ES,Federal Contract Tower,0,0,5,0,5,0,0,19,0,19,0,0,24,0,24,2,0,2,26
01/14/2018,HKY,NC,ASO,ES,Federal Contract Tower,0,4,4,0,8,0,5,25,0,30,0,9,29,0,38,20,0,20,58
01/15/2018,HKY,NC,ASO,ES,Federal Contract Tower,0,9,8,0,17,0,2,44,0,46,0,11,52,0,63,32,0,32,95
01/16/2018,HKY,NC,ASO,ES,Federal Contract Tower,0,7,11,0,18,0,7,29,2,38,0,14,40,2,56,16,0,16,72
01/17/2018,HKY,NC,ASO,ES,Federal Contract Tower,0,0,0,0,0,0,0,0,0,0,0,0,0,0,0,0,0,0,0
01/18/2018,HKY,NC,ASO,ES,Federal Contract Tower,0,9,6,0,15,0,2,20,4,26,0,11,26,4,41,8,0,8,49
01/19/2018,HKY,NC,ASO,ES,Federal Contract Tower,0,9,15,2,26,0,10,32,0,42,0,19,47,2,68,14,0,14,82
01/20/2018,HKY,NC,ASO,ES,Federal Contract Tower,0,2,5,0,7,0,10,59,0,69,0,12,64,0,76,48,0,48,124
01/21/2018,HKY,NC,ASO,ES,Federal Contract Tower,0,2,5,0,7,0,3,56,0,59,0,5,61,0,66,16,0,16,82
01/22/2018,HKY,NC,ASO,ES,Federal Contract Tower,0,4,8,0,12,0,2,7,7,16,0,6,15,7,28,6,0,6,34
01/23/2018,HKY,NC,ASO,ES,Federal Contract Tower,0,3,6,1,10,0,2,12,1,15,0,5,18,2,25,16,0,16,41
01/24/2018,HKY,NC,ASO,ES,Federal Contract Tower,0,8,2,0,10,0,7,25,3,35,0,15,27,3,45,0,0,0,45
01/25/2018,HKY,NC,ASO,ES,Federal Contract Tower,0,4,1,0,5,0,5,36,10,51,0,9,37,10,56,22,6,28,84
01/26/2018,HKY,NC,ASO,ES,Federal Contract Tower,0,8,6,1,15,0,2,40,5,47,0,10,46,6,62,52,0,52,114
01/27/2018,HKY,NC,ASO,ES,Federal Contract Tower,0,0,7,0,7,0,2,10,2,14,0,2,17,2,21,14,0,14,35
01/28/2018,HKY,NC,ASO,ES,Federal Contract Tower,0,7,2,0,9,0,0,0,0,0,0,7,2,0,9,0,0,0,9
01/29/2018,HKY,NC,ASO,ES,Federal Contract Tower,0,11,4,0,15,0,1,4,0,5,0,12,8,0,20,12,0,12,32
01/30/2018,HKY,NC,ASO,ES,Federal Contract Tower,0,9,2,0,11,0,6,14,0,20,0,15,16,0,31,0,0,0,31
01/31/2018,HKY,NC,ASO,ES,Federal Contract Tower,0,4,3,2,9,0,3,31,0,34,0,7,34,2,43,22,0,22,65
02/01/2018,HKY,NC,ASO,ES,Federal Contract Tower,0,2,3,0,5,0,0,25,0,25,0,2,28,0,30,0,0,0,30
02/02/2018,HKY,NC,ASO,ES,Federal Contract Tower,0,5,4,0,9,0,3,21,3,27,0,8,25,3,36,2,0,2,38
02/03/2018,HKY,NC,ASO,ES,Federal Contract Tower,0,2,10,1,13,0,10,34,5,49,0,12,44,6,62,20,4,24,86
02/04/2018,HKY,NC,ASO,ES,Federal Contract Tower,0,0,0,0,0,0,0,0,0,0,0,0,0,0,0,0,0,0,0
02/05/2018,HKY,NC,ASO,ES,Federal Contract Tower,0,4,8,0,12,0,4,34,2,40,0,8,42,2,52,14,0,14,66
02/06/2018,HKY,NC,ASO,ES,Federal Contract Tower,0,3,6,0,9,0,3,24,2,29,0,6,30,2,38,4,0,4,42
02/07/2018,HKY,NC,ASO,ES,Federal Contract Tower,0,6,2,0,8,0,0,0,0,0,0,6,2,0,8,0,0,0,8
02/08/2018,HKY,NC,ASO,ES,Federal Contract Tower,0,9,3,0,12,0,6,32,0,38,0,15,35,0,50,0,34,34,84
02/09/2018,HKY,NC,ASO,ES,Federal Contract Tower,0,12,17,0,29,0,1,35,0,36,0,13,52,0,65,38,2,40,105
02/10/2018,HKY,NC,ASO,ES,Federal Contract Tower,0,4,1,0,5,0,0,0,0,0,0,4,1,0,5,0,0,0,5
02/11/2018,HKY,NC,ASO,ES,Federal Contract Tower,0,2,5,0,7,0,0,0,0,0,0,2,5,0,7,0,0,0,7
02/12/2018,HKY,NC,ASO,ES,Federal Contract Tower,0,9,5,2,16,0,3,3,0,6,0,12,8,2,22,12,0,12,34
02/13/2018,HKY,NC,ASO,ES,Federal Contract Tower,0,11,3,0,14,0,7,11,6,24,0,18,14,6,38,32,0,32,70
02/14/2018,HKY,NC,ASO,ES,Federal Contract Tower,2,9,0,3,14,0,4,18,1,23,2,13,18,4,37,32,0,32,69
02/15/2018,HKY,NC,ASO,ES,Federal Contract Tower,0,13,7,0,20,0,6,16,2,24,0,19,23,2,44,4,0,4,48
02/16/2018,HKY,NC,ASO,ES,Federal Contract Tower,0,18,4,0,22,0,9,12,0,21,0,27,16,0,43,4,0,4,47
02/17/2018,HKY,NC,ASO,ES,Federal Contract Tower,0,0,8,0,8,0,2,4,0,6,0,2,12,0,14,10,0,10,24
02/18/2018,HKY,NC,ASO,ES,Federal Contract Tower,0,7,6,1,14,0,8,43,11,62,0,15,49,12,76,87,0,87,163
02/19/2018,HKY,NC,ASO,ES,Federal Contract Tower,0,11,7,0,18,0,0,0,0,0,0,11,7,0,18,0,0,0,18
02/20/2018,HKY,NC,ASO,ES,Federal Contract Tower,0,10,5,0,15,0,2,1,0,3,0,12,6,0,18,0,0,0,18
02/21/2018,HKY,NC,ASO,ES,Federal Contract Tower,0,8,12,2,22,0,4,3,0,7,0,12,15,2,29,0,0,0,29
02/22/2018,HKY,NC,ASO,ES,Federal Contract Tower,0,6,7,2,15,0,0,5,0,5,0,6,12,2,20,8,4,12,32
02/23/2018,HKY,NC,ASO,ES,Federal Contract Tower,0,10,12,2,24,0,3,18,14,35,0,13,30,16,59,42,0,42,101
02/24/2018,HKY,NC,ASO,ES,Federal Contract Tower,0,3,7,0,10,0,12,39,1,52,0,15,46,1,62,36,0,36,98
02/25/2018,HKY,NC,ASO,ES,Federal Contract Tower,0,5,9,0,14,0,0,2,0,2,0,5,11,0,16,0,0,0,16
02/26/2018,HKY,NC,ASO,ES,Federal Contract Tower,0,9,9,0,18,0,1,16,2,19,0,10,25,2,37,12,0,12,49
02/27/2018,HKY,NC,ASO,ES,Federal Contract Tower,0,7,18,4,29,0,3,53,5,61,0,10,71,9,90,60,0,60,150
02/28/2018,HKY,NC,ASO,ES,Federal Contract Tower,0,7,12,0,19,0,1,9,0,10,0,8,21,0,29,0,0,0,29
03/01/2018,HKY,NC,ASO,ES,Federal Contract Tower,0,6,7,0,13,0,0,0,0,0,0,6,7,0,13,0,0,0,13
03/02/2018,HKY,NC,ASO,ES,Federal Contract Tower,0,0,1,0,1,0,9,2,0,11,0,9,3,0,12,0,0,0,12
03/03/2018,HKY,NC,ASO,ES,Federal Contract Tower,0,3,4,0,7,0,18,24,3,45,0,21,28,3,52,68,0,68,120
03/04/2018,HKY,NC,ASO,ES,Federal Contract Tower,0,9,4,9,22,0,13,50,2,65,0,22,54,11,87,46,8,54,141
03/05/2018,HKY,NC,ASO,ES,Federal Contract Tower,0,6,13,0,19,0,2,49,6,57,0,8,62,6,76,46,8,54,130
03/06/2018,HKY,NC,ASO,ES,Federal Contract Tower,0,7,4,0,11,0,0,2,0,2,0,7,6,0,13,26,0,26,39
03/07/2018,HKY,NC,ASO,ES,Federal Contract Tower,0,14,6,0,20,0,11,1,2,14,0,25,7,2,34,0,0,0,34
03/08/2018,HKY,NC,ASO,ES,Federal Contract Tower,0,5,8,0,13,0,3,22,1,26,0,8,30,1,39,20,0,20,59
03/09/2018,HKY,NC,ASO,ES,Federal Contract Tower,0,9,7,0,16,0,2,35,0,37,0,11,42,0,53,26,0,26,79
03/10/2018,HKY,NC,ASO,ES,Federal Contract Tower,0,3,13,0,16,0,5,50,0,55,0,8,63,0,71,20,0,20,91
03/11/2018,HKY,NC,ASO,ES,Federal Contract Tower,0,6,1,0,7,0,0,0,0,0,0,6,1,0,7,0,0,0,7
03/12/2018,HKY,NC,ASO,ES,Federal Contract Tower,0,6,0,0,6,0,0,0,0,0,0,6,0,0,6,0,0,0,6
03/13/2018,HKY,NC,ASO,ES,Federal Contract Tower,0,5,2,0,7,0,12,14,2,28,0,17,16,2,35,19,0,19,54
03/14/2018,HKY,NC,ASO,ES,Federal Contract Tower,0,12,4,0,16,0,12,8,2,22,0,24,12,2,38,0,0,0,38
03/15/2018,HKY,NC,ASO,ES,Federal Contract Tower,0,12,7,0,19,0,4,7,0,11,0,16,14,0,30,0,0,0,30
03/16/2018,HKY,NC,ASO,ES,Federal Contract Tower,0,8,11,0,19,0,2,36,5,43,0,10,47,5,62,46,0,46,108
03/17/2018,HKY,NC,ASO,ES,Federal Contract Tower,0,3,4,0,7,0,7,79,2,88,0,10,83,2,95,6,0,6,101
03/18/2018,HKY,NC,ASO,ES,Federal Contract Tower,0,8,11,0,19,0,5,30,2,37,0,13,41,2,56,28,0,28,84
03/19/2018,HKY,NC,ASO,ES,Federal Contract Tower,0,3,9,0,12,0,5,3,0,8,0,8,12,0,20,0,0,0,20
03/20/2018,HKY,NC,ASO,ES,Federal Contract Tower,0,6,3,0,9,0,0,0,8,8,0,6,3,8,17,0,0,0,17
03/21/2018,HKY,NC,ASO,ES,Federal Contract Tower,0,3,2,0,5,0,4,5,0,9,0,7,7,0,14,0,0,0,14
03/22/2018,HKY,NC,ASO,ES,Federal Contract Tower,0,9,4,0,13,0,0,33,0,33,0,9,37,0,46,40,0,40,86
03/23/2018,HKY,NC,ASO,ES,Federal Contract Tower,0,7,9,0,16,0,4,34,22,60,0,11,43,22,76,28,4,32,108
03/24/2018,HKY,NC,ASO,ES,Federal Contract Tower,0,2,2,0,4,0,2,1,0,3,0,4,3,0,7,0,0,0,7
03/25/2018,HKY,NC,ASO,ES,Federal Contract Tower,0,4,2,0,6,0,1,19,0,20,0,5,21,0,26,34,0,34,60
03/26/2018,HKY,NC,ASO,ES,Federal Contract Tower,0,6,5,0,11,0,3,32,2,37,0,9,37,2,48,22,0,22,70
03/27/2018,HKY,NC,ASO,ES,Federal Contract Tower,0,5,2,0,7,0,2,16,2,20,0,7,18,2,27,36,0,36,63
03/28/2018,HKY,NC,ASO,ES,Federal Contract Tower,0,10,10,0,20,0,4,26,0,30,0,14,36,0,50,14,0,14,64
03/29/2018,HKY,NC,ASO,ES,Federal Contract Tower,0,3,1,0,4,0,0,14,2,16,0,3,15,2,20,6,0,6,26
03/30/2018,HKY,NC,ASO,ES,Federal Contract Tower,0,4,6,0,10,0,2,21,0,23,0,6,27,0,33,26,0,26,59
03/31/2018,HKY,NC,ASO,ES,Federal Contract Tower,0,1,17,0,18,0,10,103,0,113,0,11,120,0,131,62,0,62,193
04/01/2018,HKY,NC,ASO,ES,Federal Contract Tower,0,1,12,0,13,0,2,24,0,26,0,3,36,0,39,4,0,4,43
04/02/2018,HKY,NC,ASO,ES,Federal Contract Tower,0,2,12,0,14,0,3,38,0,41,0,5,50,0,55,22,0,22,77
04/03/2018,HKY,NC,ASO,ES,Federal Contract Tower,0,6,8,0,14,0,4,22,5,31,0,10,30,5,45,0,0,0,45
04/04/2018,HKY,NC,ASO,ES,Federal Contract Tower,0,9,4,0,13,0,4,7,0,11,0,13,11,0,24,0,0,0,24
04/05/2018,HKY,NC,ASO,ES,Federal Contract Tower,0,13,7,0,20,0,5,48,4,57,0,18,55,4,77,36,0,36,113
04/06/2018,HKY,NC,ASO,ES,Federal Contract Tower,0,9,10,1,20,0,9,25,5,39,0,18,35,6,59,0,0,0,59
04/07/2018,HKY,NC,ASO,ES,Federal Contract Tower,0,0,5,0,5,0,0,0,0,0,0,0,5,0,5,0,0,0,5
04/08/2018,HKY,NC,ASO,ES,Federal Contract Tower,0,3,10,0,13,0,2,82,0,84,0,5,92,0,97,74,0,74,171
04/09/2018,HKY,NC,ASO,ES,Federal Contract Tower,0,4,6,0,10,0,0,5,0,5,0,4,11,0,15,0,0,0,15
04/10/2018,HKY,NC,ASO,ES,Federal Contract Tower,2,7,3,5,17,0,1,42,1,44,2,8,45,6,61,44,4,48,109
04/11/2018,HKY,NC,ASO,ES,Federal Contract Tower,0,14,10,7,31,0,4,43,7,54,0,18,53,14,85,46,2,48,133
04/12/2018,HKY,NC,ASO,ES,Federal Contract Tower,0,7,4,0,11,0,4,16,6,26,0,11,20,6,37,8,0,8,45
04/13/2018,HKY,NC,ASO,ES,Federal Contract Tower,0,11,11,2,24,0,6,27,6,39,0,17,38,8,63,10,2,12,75
04/14/2018,HKY,NC,ASO,ES,Federal Contract Tower,0,7,3,0,10,0,11,71,2,84,0,18,74,2,94,6,0,6,100
04/15/2018,HKY,NC,ASO,ES,Federal Contract Tower,0,3,4,0,7,0,0,0,0,0,0,3,4,0,7,0,0,0,7
04/16/2018,HKY,NC,ASO,ES,Federal Contract Tower,0,6,9,0,15,0,3,9,0,12,0,9,18,0,27,0,0,0,27
04/17/2018,HKY,NC,ASO,ES,Federal Contract Tower,0,8,4,0,12,0,2,13,0,15,0,10,17,0,27,20,0,20,47
04/18/2018,HKY,NC,ASO,ES,Federal Contract Tower,0,13,8,0,21,0,4,26,0,30,0,17,34,0,51,8,0,8,59
04/19/2018,HKY,NC,ASO,ES,Federal Contract Tower,0,4,8,0,12,0,2,10,4,16,0,6,18,4,28,0,0,0,28
04/20/2018,HKY,NC,ASO,ES,Federal Contract Tower,0,5,22,2,29,0,5,108,8,121,0,10,130,10,150,80,2,82,232
04/21/2018,HKY,NC,ASO,ES,Federal Contract Tower,0,2,10,0,12,0,4,62,3,69,0,6,72,3,81,76,0,76,157
04/22/2018,HKY,NC,ASO,ES,Federal Contract Tower,0,0,9,0,9,0,0,34,0,34,0,0,43,0,43,36,0,36,79
04/23/2018,HKY,NC,ASO,ES,Federal Contract Tower,0,2,4,0,6,0,0,0,0,0,0,2,4,0,6,0,0,0,6
04/24/2018,HKY,NC,ASO,ES,Federal Contract Tower,0,8,4,0,12,0,0,0,0,0,0,8,4,0,12,0,0,0,12
04/25/2018,HKY,NC,ASO,ES,Federal Contract Tower,0,6,14,0,20,0,2,22,0,24,0,8,36,0,44,54,0,54,98
04/26/2018,HKY,NC,ASO,ES,Federal Contract Tower,0,5,9,0,14,0,0,36,2,38,0,5,45,2,52,62,0,62,114
04/27/2018,HKY,NC,ASO,ES,Federal Contract Tower,0,4,7,0,11,0,0,37,2,39,0,4,44,2,50,42,0,42,92
04/28/2018,HKY,NC,ASO,ES,Federal Contract Tower,0,0,11,1,12,0,3,41,1,45,0,3,52,2,57,12,0,12,69
04/29/2018,HKY,NC,ASO,ES,Federal Contract Tower,0,4,5,0,9,0,2,24,0,26,0,6,29,0,35,12,0,12,47
04/30/2018,HKY,NC,ASO,ES,Federal Contract Tower,0,6,11,0,17,0,1,48,5,54,0,7,59,5,71,18,0,18,89
05/01/2018,HKY,NC,ASO,ES,Federal Contract Tower,0,4,14,0,18,0,4,34,11,49,0,8,48,11,67,68,0,68,135
05/02/2018,HKY,NC,ASO,ES,Federal Contract Tower,0,13,13,0,26,0,4,40,6,50,0,17,53,6,76,48,0,48,124
05/03/2018,HKY,NC,ASO,ES,Federal Contract Tower,0,8,12,0,20,0,8,36,7,51,0,16,48,7,71,70,0,70,141
05/04/2018,HKY,NC,ASO,ES,Federal Contract Tower,0,14,3,0,17,0,2,50,4,56,0,16,53,4,73,40,0,40,113
05/05/2018,HKY,NC,ASO,ES,Federal Contract Tower,0,5,6,0,11,0,3,27,0,30,0,8,33,0,41,30,0,30,71
05/06/2018,HKY,NC,ASO,ES,Federal Contract Tower,0,6,5,1,12,0,3,27,0,30,0,9,32,1,42,26,0,26,68
05/07/2018,HKY,NC,ASO,ES,Federal Contract Tower,0,1,10,2,13,0,6,17,0,23,0,7,27,2,36,26,0,26,62
05/08/2018,HKY,NC,ASO,ES,Federal Contract Tower,0,0,4,0,4,0,4,33,2,39,0,4,37,2,43,20,0,20,63
05/09/2018,HKY,NC,ASO,ES,Federal Contract Tower,0,8,17,2,27,0,5,65,2,72,0,13,82,4,99,94,0,94,193
05/10/2018,HKY,NC,ASO,ES,Federal Contract Tower,0,7,6,0,13,0,3,32,1,36,0,10,38,1,49,12,0,12,61
05/11/2018,HKY,NC,ASO,ES,Federal Contract Tower,0,4,4,4,12,0,3,30,2,35,0,7,34,6,47,0,0,0,47
05/12/2018,HKY,NC,ASO,ES,Federal Contract Tower,0,5,8,0,13,0,3,146,0,149,0,8,154,0,162,54,0,54,216
05/13/2018,HKY,NC,ASO,ES,Federal Contract Tower,0,0,11,0,11,0,4,19,0,23,0,4,30,0,34,2,0,2,36
05/14/2018,HKY,NC,ASO,ES,Federal Contract Tower,0,8,7,6,21,0,2,20,0,22,0,10,27,6,43,0,0,0,43
05/15/2018,HKY,NC,ASO,ES,Federal Contract Tower,0,9,3,11,23,0,5,9,4,18,0,14,12,15,41,0,8,8,49
05/16/2018,HKY,NC,ASO,ES,Federal Contract Tower,2,8,5,0,15,0,0,0,0,0,2,8,5,0,15,0,0,0,15
05/17/2018,HKY,NC,ASO,ES,Federal Contract Tower,0,9,6,6,21,0,1,4,6,11,0,10,10,12,32,32,10,42,74
05/18/2018,HKY,NC,ASO,ES,Federal Contract Tower,0,9,5,1,15,0,3,2,0,5,0,12,7,1,20,0,0,0,20
05/19/2018,HKY,NC,ASO,ES,Federal Contract Tower,0,6,5,1,12,0,3,3,0,6,0,9,8,1,18,0,0,0,18
05/20/2018,HKY,NC,ASO,ES,Federal Contract Tower,0,5,3,0,8,0,4,20,0,24,0,9,23,0,32,2,0,2,34
05/21/2018,HKY,NC,ASO,ES,Federal Contract Tower,0,9,5,0,14,0,4,10,3,17,0,13,15,3,31,0,0,0,31
05/22/2018,HKY,NC,ASO,ES,Federal Contract Tower,0,6,8,0,14,0,2,16,2,20,0,8,24,2,34,16,0,16,50
05/23/2018,HKY,NC,ASO,ES,Federal Contract Tower,0,15,7,0,22,0,3,31,4,38,0,18,38,4,60,0,0,0,60
05/24/2018,HKY,NC,ASO,ES,Federal Contract Tower,0,32,15,2,49,0,3,27,2,32,0,35,42,4,81,66,0,66,147
05/25/2018,HKY,NC,ASO,ES,Federal Contract Tower,0,19,21,0,40,0,5,28,0,33,0,24,49,0,73,52,0,52,125
05/26/2018,HKY,NC,ASO,ES,Federal Contract Tower,0,0,6,0,6,0,0,5,0,5,0,0,11,0,11,2,0,2,13
05/27/2018,HKY,NC,ASO,ES,Federal Contract Tower,0,3,8,0,11,0,1,16,0,17,0,4,24,0,28,20,0,20,48
05/28/2018,HKY,NC,ASO,ES,Federal Contract Tower,0,0,7,0,7,0,2,0,0,2,0,2,7,0,9,0,0,0,9
05/29/2018,HKY,NC,ASO,ES,Federal Contract Tower,0,21,9,0,30,0,0,2,0,2,0,21,11,0,32,0,0,0,32
05/30/2018,HKY,NC,ASO,ES,Federal Contract Tower,3,13,8,0,24,0,7,8,0,15,3,20,16,0,39,10,0,10,49
05/31/2018,HKY,NC,ASO,ES,Federal Contract Tower,0,10,12,0,22,0,4,11,1,16,0,14,23,1,38,16,0,16,54
06/01/2018,HKY,NC,ASO,ES,Federal Contract Tower,2,3,10,0,15,0,3,22,2,27,2,6,32,2,42,30,0,30,72
06/02/2018,HKY,NC,ASO,ES,Federal Contract Tower,0,4,8,0,12,0,4,48,0,52,0,8,56,0,64,18,0,18,82
06/03/2018,HKY,NC,ASO,ES,Federal Contract Tower,0,5,10,0,15,0,1,58,0,59,0,6,68,0,74,20,0,20,94
06/04/2018,HKY,NC,ASO,ES,Federal Contract Tower,0,9,5,0,14,0,3,23,2,28,0,12,28,2,42,18,0,18,60
06/05/2018,HKY,NC,ASO,ES,Federal Contract Tower,0,9,6,0,15,0,9,53,8,70,0,18,59,8,85,34,6,40,125
06/06/2018,HKY,NC,ASO,ES,Federal Contract Tower,0,19,6,0,25,0,5,35,1,41,0,24,41,1,66,16,0,16,82
06/07/2018,HKY,NC,ASO,ES,Federal Contract Tower,2,14,15,0,31,0,14,39,3,56,2,28,54,3,87,34,0,34,121
06/08/2018,HKY,NC,ASO,ES,Federal Contract Tower,4,6,3,0,13,0,4,59,2,65,4,10,62,2,78,28,0,28,106
06/09/2018,HKY,NC,ASO,ES,Federal Contract Tower,0,2,9,0,11,0,3,121,0,124,0,5,130,0,135,36,0,36,171
06/10/2018,HKY,NC,ASO,ES,Federal Contract Tower,0,7,8,0,15,0,7,10,0,17,0,14,18,0,32,12,0,12,44
06/11/2018,HKY,NC,ASO,ES,Federal Contract Tower,1,17,4,0,22,0,2,48,2,52,1,19,52,2,74,4,0,4,78
06/12/2018,HKY,NC,ASO,ES,Federal Contract Tower,0,16,11,0,27,0,1,0,0,1,0,17,11,0,28,0,0,0,28
06/13/2018,HKY,NC,ASO,ES,Federal Contract Tower,2,3,12,0,17,0,2,15,0,17,2,5,27,0,34,20,0,20,54
06/14/2018,HKY,NC,ASO,ES,Federal Contract Tower,1,16,6,4,27,0,6,46,6,58,1,22,52,10,85,46,0,46,131
06/15/2018,HKY,NC,ASO,ES,Federal Contract Tower,2,7,3,0,12,0,2,53,2,57,2,9,56,2,69,30,0,30,99
06/16/2018,HKY,NC,ASO,ES,Federal Contract Tower,0,4,8,0,12,0,0,64,2,66,0,4,72,2,78,34,0,34,112
06/17/2018,HKY,NC,ASO,ES,Federal Contract Tower,0,5,11,0,16,0,2,27,0,29,0,7,38,0,45,20,0,20,65
06/18/2018,HKY,NC,ASO,ES,Federal Contract Tower,1,9,6,0,16,0,2,25,2,29,1,11,31,2,45,46,4,50,95
06/19/2018,HKY,NC,ASO,ES,Federal Contract Tower,0,8,12,0,20,0,5,33,1,39,0,13,45,1,59,26,0,26,85
06/20/2018,HKY,NC,ASO,ES,Federal Contract Tower,2,7,0,2,11,0,6,34,1,41,2,13,34,3,52,36,0,36,88
06/21/2018,HKY,NC,ASO,ES,Federal Contract Tower,2,3,3,0,8,0,5,30,2,37,2,8,33,2,45,22,2,24,69
06/22/2018,HKY,NC,ASO,ES,Federal Contract Tower,0,6,9,0,15,0,3,21,0,24,0,9,30,0,39,16,0,16,55
06/23/2018,HKY,NC,ASO,ES,Federal Contract Tower,0,8,11,0,19,0,2,40,0,42,0,10,51,0,61,70,0,70,131
06/24/2018,HKY,NC,ASO,ES,Federal Contract Tower,0,6,8,0,14,0,3,43,0,46,0,9,51,0,60,8,0,8,68
06/25/2018,HKY,NC,ASO,ES,Federal Contract Tower,2,7,20,0,29,0,11,33,0,44,2,18,53,0,73,24,0,24,97
06/26/2018,HKY,NC,ASO,ES,Federal Contract Tower,2,1,4,0,7,0,0,6,0,6,2,1,10,0,13,22,0,22,35
06/27/2018,HKY,NC,ASO,ES,Federal Contract Tower,2,2,9,2,15,0,1,8,0,9,2,3,17,2,24,6,0,6,30
06/28/2018,HKY,NC,ASO,ES,Federal Contract Tower,1,10,5,0,16,0,1,34,2,37,1,11,39,2,53,56,0,56,109
06/29/2018,HKY,NC,ASO,ES,Federal Contract Tower,2,19,6,0,27,0,6,31,2,39,2,25,37,2,66,6,0,6,72
06/30/2018,HKY,NC,ASO,ES,Federal Contract Tower,0,4,14,0,18,0,7,37,0,44,0,11,51,0,62,16,0,16,78
07/01/2018,HKY,NC,ASO,ES,Federal Contract Tower,0,5,6,0,11,0,2,19,0,21,0,7,25,0,32,20,0,20,52
07/02/2018,HKY,NC,ASO,ES,Federal Contract Tower,2,13,10,0,25,0,6,28,0,34,2,19,38,0,59,36,0,36,95
07/03/2018,HKY,NC,ASO,ES,Federal Contract Tower,0,9,6,0,15,0,5,44,2,51,0,14,50,2,66,14,6,20,86
07/04/2018,HKY,NC,ASO,ES,Federal Contract Tower,0,2,7,0,9,0,5,25,0,30,0,7,32,0,39,6,0,6,45
07/05/2018,HKY,NC,ASO,ES,Federal Contract Tower,0,6,7,0,13,0,4,18,3,25,0,10,25,3,38,54,0,54,92
07/06/2018,HKY,NC,ASO,ES,Federal Contract Tower,2,6,12,0,20,0,2,42,0,44,2,8,54,0,64,28,0,28,92
07/07/2018,HKY,NC,ASO,ES,Federal Contract Tower,0,3,9,0,12,0,2,26,0,28,0,5,35,0,40,16,0,16,56
07/08/2018,HKY,NC,ASO,ES,Federal Contract Tower,0,8,12,0,20,0,2,50,0,52,0,10,62,0,72,6,0,6,78
07/09/2018,HKY,NC,ASO,ES,Federal Contract Tower,1,7,3,0,11,0,4,48,2,54,1,11,51,2,65,24,0,24,89
07/10/2018,HKY,NC,ASO,ES,Federal Contract Tower,2,6,6,0,14,0,4,33,2,39,2,10,39,2,53,14,0,14,67
07/11/2018,HKY,NC,ASO,ES,Federal Contract Tower,2,5,3,0,10,0,2,39,0,41,2,7,42,0,51,16,0,16,67
07/12/2018,HKY,NC,ASO,ES,Federal Contract Tower,2,12,11,2,27,0,2,23,0,25,2,14,34,2,52,6,0,6,58
07/13/2018,HKY,NC,ASO,ES,Federal Contract Tower,2,6,19,0,27,0,2,39,12,53,2,8,58,12,80,20,0,20,100
07/14/2018,HKY,NC,ASO,ES,Federal Contract Tower,0,9,8,0,17,0,9,93,0,102,0,18,101,0,119,52,0,52,171
07/15/2018,HKY,NC,ASO,ES,Federal Contract Tower,0,5,8,0,13,0,3,38,0,41,0,8,46,0,54,12,0,12,66
07/16/2018,HKY,NC,ASO,ES,Federal Contract Tower,2,12,9,0,23,0,2,29,2,33,2,14,38,2,56,30,0,30,86
07/17/2018,HKY,NC,ASO,ES,Federal Contract Tower,2,7,11,0,20,0,2,4,1,7,2,9,15,1,27,0,6,6,33
07/18/2018,HKY,NC,ASO,ES,Federal Contract Tower,0,13,13,0,26,0,6,36,6,48,0,19,49,6,74,10,0,10,84
07/19/2018,HKY,NC,ASO,ES,Federal Contract Tower,2,12,3,0,17,0,1,36,4,41,2,13,39,4,58,0,0,0,58
07/20/2018,HKY,NC,ASO,ES,Federal Contract Tower,2,12,11,0,25,0,4,41,2,47,2,16,52,2,72,18,0,18,90
07/21/2018,HKY,NC,ASO,ES,Federal Contract Tower,0,6,12,0,18,0,4,17,0,21,0,10,29,0,39,4,0,4,43
07/22/2018,HKY,NC,ASO,ES,Federal Contract Tower,0,11,4,0,15,0,2,11,0,13,0,13,15,0,28,6,0,6,34
07/23/2018,HKY,NC,ASO,ES,Federal Contract Tower,2,4,4,0,10,0,4,9,0,13,2,8,13,0,23,6,0,6,29
07/24/2018,HKY,NC,ASO,ES,Federal Contract Tower,2,5,8,0,15,0,2,7,0,9,2,7,15,0,24,6,0,6,30
07/25/2018,HKY,NC,ASO,ES,Federal Contract Tower,2,9,10,0,21,0,0,10,0,10,2,9,20,0,31,24,0,24,55
07/26/2018,HKY,NC,ASO,ES,Federal Contract Tower,2,9,9,0,20,0,7,32,2,41,2,16,41,2,61,48,0,48,109
07/27/2018,HKY,NC,ASO,ES,Federal Contract Tower,2,2,8,0,12,0,14,46,4,64,2,16,54,4,76,16,0,16,92
07/28/2018,HKY,NC,ASO,ES,Federal Contract Tower,0,9,8,0,17,0,1,34,0,35,0,10,42,0,52,22,0,22,74
07/29/2018,HKY,NC,ASO,ES,Federal Contract Tower,0,13,7,0,20,0,2,34,0,36,0,15,41,0,56,8,0,8,64
07/30/2018,HKY,NC,ASO,ES,Federal Contract Tower,2,7,5,0,14,0,6,34,0,40,2,13,39,0,54,20,0,20,74
07/31/2018,HKY,NC,ASO,ES,Federal Contract Tower,2,17,7,0,26,0,0,0,0,0,2,17,7,0,26,0,0,0,26
08/01/2018,HKY,NC,ASO,ES,Federal Contract Tower,2,9,8,0,19,0,0,3,0,3,2,9,11,0,22,0,0,0,22
08/02/2018,HKY,NC,ASO,ES,Federal Contract Tower,4,10,2,0,16,0,0,0,0,0,4,10,2,0,16,0,0,0,16
08/03/2018,HKY,NC,ASO,ES,Federal Contract Tower,2,12,9,0,23,0,0,8,0,8,2,12,17,0,31,48,0,48,79
08/04/2018,HKY,NC,ASO,ES,Federal Contract Tower,0,5,14,0,19,0,7,23,2,32,0,12,37,2,51,22,0,22,73
08/05/2018,HKY,NC,ASO,ES,Federal Contract Tower,0,5,13,0,18,0,5,52,0,57,0,10,65,0,75,48,0,48,123
08/06/2018,HKY,NC,ASO,ES,Federal Contract Tower,2,11,11,0,24,0,2,25,2,29,2,13,36,2,53,30,0,30,83
08/07/2018,HKY,NC,ASO,ES,Federal Contract Tower,2,13,8,0,23,0,3,19,7,29,2,16,27,7,52,30,0,30,82
08/08/2018,HKY,NC,ASO,ES,Federal Contract Tower,2,5,6,0,13,0,6,22,2,30,2,11,28,2,43,6,6,12,55
08/09/2018,HKY,NC,ASO,ES,Federal Contract Tower,2,15,16,0,33,0,7,23,1,31,2,22,39,1,64,16,0,16,80
08/10/2018,HKY,NC,ASO,ES,Federal Contract Tower,2,13,16,0,31,0,8,35,4,47,2,21,51,4,78,38,0,38,116
08/11/2018,HKY,NC,ASO,ES,Federal Contract Tower,0,3,13,0,16,0,0,57,0,57,0,3,70,0,73,28,0,28,101
08/12/2018,HKY,NC,ASO,ES,Federal Contract Tower,0,4,3,0,7,0,1,34,0,35,0,5,37,0,42,28,0,28,70
08/13/2018,HKY,NC,ASO,ES,Federal Contract Tower,2,4,17,0,23,0,2,33,1,36,2,6,50,1,59,16,0,16,75
08/14/2018,HKY,NC,ASO,ES,Federal Contract Tower,2,5,6,0,13,0,3,41,1,45,2,8,47,1,58,38,0,38,96
08/15/2018,HKY,NC,ASO,ES,Federal Contract Tower,2,5,7,0,14,0,5,42,5,52,2,10,49,5,66,30,0,30,96
08/16/2018,HKY,NC,ASO,ES,Federal Contract Tower,2,3,2,0,7,0,7,26,0,33,2,10,28,0,40,44,0,44,84
08/17/2018,HKY,NC,ASO,ES,Federal Contract Tower,2,7,8,0,17,0,0,28,2,30,2,7,36,2,47,24,0,24,71
08/18/2018,HKY,NC,ASO,ES,Federal Contract Tower,0,0,6,3,9,0,9,6,1,16,0,9,12,4,25,0,0,0,25
08/19/2018,HKY,NC,ASO,ES,Federal Contract Tower,0,4,8,0,12,0,0,8,0,8,0,4,16,0,20,0,0,0,20
08/20/2018,HKY,NC,ASO,ES,Federal Contract Tower,2,5,11,0,18,0,2,14,0,16,2,7,25,0,34,16,0,16,50
08/21/2018,HKY,NC,ASO,ES,Federal Contract Tower,2,3,1,0,6,0,1,5,0,6,2,4,6,0,12,0,0,0,12
08/22/2018,HKY,NC,ASO,ES,Federal Contract Tower,2,7,6,0,15,0,2,19,6,27,2,9,25,6,42,48,0,48,90
08/23/2018,HKY,NC,ASO,ES,Federal Contract Tower,1,15,8,0,24,0,7,39,2,48,1,22,47,2,72,22,0,22,94
08/24/2018,HKY,NC,ASO,ES,Federal Contract Tower,2,12,2,0,16,0,6,55,2,63,2,18,57,2,79,20,0,20,99
08/25/2018,HKY,NC,ASO,ES,Federal Contract Tower,0,2,7,0,9,0,6,45,0,51,0,8,52,0,60,82,0,82,142
08/26/2018,HKY,NC,ASO,ES,Federal Contract Tower,0,1,9,0,10,0,4,23,0,27,0,5,32,0,37,8,0,8,45
08/27/2018,HKY,NC,ASO,ES,Federal Contract Tower,2,8,8,0,18,0,7,33,2,42,2,15,41,2,60,16,0,16,76
08/28/2018,HKY,NC,ASO,ES,Federal Contract Tower,2,8,2,0,12,0,7,24,2,33,2,15,26,2,45,4,0,4,49
08/29/2018,HKY,NC,ASO,ES,Federal Contract Tower,2,4,13,0,19,0,3,26,2,31,2,7,39,2,50,12,0,12,62
08/30/2018,HKY,NC,ASO,ES,Federal Contract Tower,2,10,6,0,18,0,6,27,0,33,2,16,33,0,51,28,0,28,79
08/31/2018,HKY,NC,ASO,ES,Federal Contract Tower,4,6,11,0,21,0,7,31,2,40,4,13,42,2,61,42,0,42,103
09/01/2018,HKY,NC,ASO,ES,Federal Contract Tower,0,6,17,0,23,0,0,43,0,43,0,6,60,0,66,20,0,20,86
09/02/2018,HKY,NC,ASO,ES,Federal Contract Tower,0,1,5,0,6,0,0,16,0,16,0,1,21,0,22,0,0,0,22
09/03/2018,HKY,NC,ASO,ES,Federal Contract Tower,0,7,13,0,20,0,3,28,0,31,0,10,41,0,51,26,0,26,77
09/04/2018,HKY,NC,ASO,ES,Federal Contract Tower,2,5,9,0,16,0,1,33,3,37,2,6,42,3,53,8,0,8,61
09/05/2018,HKY,NC,ASO,ES,Federal Contract Tower,2,7,6,0,15,0,2,23,0,25,2,9,29,0,40,4,0,4,44
09/06/2018,HKY,NC,ASO,ES,Federal Contract Tower,2,6,6,0,14,0,10,46,2,58,2,16,52,2,72,20,0,20,92
09/07/2018,HKY,NC,ASO,ES,Federal Contract Tower,2,5,8,0,15,0,0,46,3,49,2,5,54,3,64,10,0,10,74
09/08/2018,HKY,NC,ASO,ES,Federal Contract Tower,0,3,12,0,15,0,2,75,0,77,0,5,87,0,92,16,0,16,108
09/09/2018,HKY,NC,ASO,ES,Federal Contract Tower,0,8,9,0,17,0,0,1,0,1,0,8,10,0,18,2,0,2,20
09/10/2018,HKY,NC,ASO,ES,Federal Contract Tower,0,6,10,0,16,0,0,2,0,2,0,6,12,0,18,0,0,0,18
09/11/2018,HKY,NC,ASO,ES,Federal Contract Tower,4,7,5,0,16,0,0,1,0,1,4,7,6,0,17,0,0,0,17
09/12/2018,HKY,NC,ASO,ES,Federal Contract Tower,4,11,2,0,17,0,2,5,0,7,4,13,7,0,24,0,0,0,24
09/13/2018,HKY,NC,ASO,ES,Federal Contract Tower,2,1,5,1,9,0,7,17,1,25,2,8,22,2,34,42,0,42,76
09/14/2018,HKY,NC,ASO,ES,Federal Contract Tower,2,1,0,0,3,0,2,0,0,2,2,3,0,0,5,0,0,0,5
09/15/2018,HKY,NC,ASO,ES,Federal Contract Tower,0,0,0,2,2,0,0,0,2,2,0,0,0,4,4,0,0,0,4
09/16/2018,HKY,NC,ASO,ES,Federal Contract Tower,0,0,0,0,0,0,0,0,0,0,0,0,0,0,0,0,0,0,0
09/17/2018,HKY,NC,ASO,ES,Federal Contract Tower,2,1,3,3,9,0,3,6,5,14,2,4,9,8,23,0,0,0,23
09/18/2018,HKY,NC,ASO,ES,Federal Contract Tower,2,6,6,0,14,0,4,28,0,32,2,10,34,0,46,18,0,18,64
09/19/2018,HKY,NC,ASO,ES,Federal Contract Tower,2,4,7,0,13,0,7,63,2,72,2,11,70,2,85,18,0,18,103
09/20/2018,HKY,NC,ASO,ES,Federal Contract Tower,2,14,4,0,20,0,4,54,0,58,2,18,58,0,78,20,0,20,98
09/21/2018,HKY,NC,ASO,ES,Federal Contract Tower,2,7,11,0,20,0,4,43,0,47,2,11,54,0,67,32,0,32,99
09/22/2018,HKY,NC,ASO,ES,Federal Contract Tower,0,1,13,2,16,0,5,77,3,85,0,6,90,5,101,58,0,58,159
09/23/2018,HKY,NC,ASO,ES,Federal Contract Tower,0,3,10,0,13,0,3,7,0,10,0,6,17,0,23,0,0,0,23
09/24/2018,HKY,NC,ASO,ES,Federal Contract Tower,0,6,12,0,18,0,4,0,0,4,0,10,12,0,22,0,0,0,22
09/25/2018,HKY,NC,ASO,ES,Federal Contract Tower,2,10,6,0,18,0,6,21,0,27,2,16,27,0,45,4,0,4,49
09/26/2018,HKY,NC,ASO,ES,Federal Contract Tower,0,7,12,0,19,0,1,10,0,11,0,8,22,0,30,16,0,16,46
09/27/2018,HKY,NC,ASO,ES,Federal Contract Tower,0,9,14,0,23,0,2,0,0,2,0,11,14,0,25,2,0,2,27
09/28/2018,HKY,NC,ASO,ES,Federal Contract Tower,1,6,13,0,20,0,2,13,2,17,1,8,26,2,37,0,0,0,37
09/29/2018,HKY,NC,ASO,ES,Federal Contract Tower,0,7,16,0,23,0,7,31,5,43,0,14,47,5,66,12,8,20,86
09/30/2018,HKY,NC,ASO,ES,Federal Contract Tower,0,7,7,0,14,0,3,14,0,17,0,10,21,0,31,18,0,18,49
10/01/2018,HKY,NC,ASO,ES,Federal Contract Tower,2,5,5,0,12,0,3,23,1,27,2,8,28,1,39,0,0,0,39
10/02/2018,HKY,NC,ASO,ES,Federal Contract Tower,0,20,4,0,24,0,1,23,3,27,0,21,27,3,51,18,0,18,69
10/03/2018,HKY,NC,ASO,ES,Federal Contract Tower,4,9,16,0,29,0,7,32,0,39,4,16,48,0,68,8,0,8,76
10/04/2018,HKY,NC,ASO,ES,Federal Contract Tower,2,9,9,0,20,0,9,36,30,75,2,18,45,30,95,18,0,18,113
10/05/2018,HKY,NC,ASO,ES,Federal Contract Tower,2,9,6,0,17,0,8,31,30,69,2,17,37,30,86,40,2,42,128
10/06/2018,HKY,NC,ASO,ES,Federal Contract Tower,0,3,9,0,12,0,2,9,0,11,0,5,18,0,23,0,0,0,23
10/07/2018,HKY,NC,ASO,ES,Federal Contract Tower,0,5,11,0,16,0,2,13,0,15,0,7,24,0,31,6,0,6,37
10/08/2018,HKY,NC,ASO,ES,Federal Contract Tower,3,9,10,0,22,0,1,19,0,20,3,10,29,0,42,28,0,28,70
10/09/2018,HKY,NC,ASO,ES,Federal Contract Tower,2,9,12,0,23,0,1,2,0,3,2,10,14,0,26,4,0,4,30
10/10/2018,HKY,NC,ASO,ES,Federal Contract Tower,2,7,3,0,12,0,0,0,0,0,2,7,3,0,12,0,0,0,12
10/11/2018,HKY,NC,ASO,ES,Federal Contract Tower,2,1,0,0,3,0,0,0,0,0,2,1,0,0,3,0,0,0,3
10/12/2018,HKY,NC,ASO,ES,Federal Contract Tower,2,13,10,0,25,0,1,35,0,36,2,14,45,0,61,16,0,16,77
10/13/2018,HKY,NC,ASO,ES,Federal Contract Tower,0,5,13,0,18,0,6,113,0,119,0,11,126,0,137,38,0,38,175
10/14/2018,HKY,NC,ASO,ES,Federal Contract Tower,0,10,5,0,15,0,2,10,0,12,0,12,15,0,27,12,0,12,39
10/15/2018,HKY,NC,ASO,ES,Federal Contract Tower,3,12,10,0,25,0,0,29,3,32,3,12,39,3,57,58,0,58,115
10/16/2018,HKY,NC,ASO,ES,Federal Contract Tower,2,6,12,0,20,0,7,18,2,27,2,13,30,2,47,6,0,6,53
10/17/2018,HKY,NC,ASO,ES,Federal Contract Tower,1,8,4,2,15,0,3,27,9,39,1,11,31,11,54,18,4,22,76
10/18/2018,HKY,NC,ASO,ES,Federal Contract Tower,4,9,7,0,20,0,0,50,6,56,4,9,57,6,76,28,0,28,104
10/19/2018,HKY,NC,ASO,ES,Federal Contract Tower,2,8,16,0,26,0,7,54,3,64,2,15,70,3,90,22,0,22,112
10/20/2018,HKY,NC,ASO,ES,Federal Contract Tower,0,6,9,0,15,0,2,15,2,19,0,8,24,2,34,48,0,48,82
10/21/2018,HKY,NC,ASO,ES,Federal Contract Tower,0,5,10,0,15,0,7,48,0,55,0,12,58,0,70,18,0,18,88
10/22/2018,HKY,NC,ASO,ES,Federal Contract Tower,2,2,11,0,15,0,5,41,12,58,2,7,52,12,73,86,0,86,159
10/23/2018,HKY,NC,ASO,ES,Federal Contract Tower,2,1,5,6,14,0,3,61,2,66,2,4,66,8,80,26,0,26,106
10/24/2018,HKY,NC,ASO,ES,Federal Contract Tower,2,6,1,0,9,0,10,47,0,57,2,16,48,0,66,28,0,28,94
10/25/2018,HKY,NC,ASO,ES,Federal Contract Tower,2,12,11,0,25,0,10,36,0,46,2,22,47,0,71,32,0,32,103
10/26/2018,HKY,NC,ASO,ES,Federal Contract Tower,1,15,3,0,19,0,0,0,0,0,1,15,3,0,19,0,0,0,19
10/27/2018,HKY,NC,ASO,ES,Federal Contract Tower,0,6,3,0,9,0,6,33,0,39,0,12,36,0,48,58,0,58,106
10/28/2018,HKY,NC,ASO,ES,Federal Contract Tower,0,5,11,0,16,0,3,44,0,47,0,8,55,0,63,16,0,16,79
10/29/2018,HKY,NC,ASO,ES,Federal Contract Tower,2,8,16,1,27,0,1,52,5,58,2,9,68,6,85,16,0,16,101
10/30/2018,HKY,NC,ASO,ES,Federal Contract Tower,2,10,7,0,19,0,1,38,0,39,2,11,45,0,58,36,0,36,94
10/31/2018,HKY,NC,ASO,ES,Federal Contract Tower,2,2,2,0,6,0,4,48,2,54,2,6,50,2,60,36,0,36,96
11/01/2018,HKY,NC,ASO,ES,Federal Contract Tower,2,6,2,0,10,0,0,7,0,7,2,6,9,0,17,28,0,28,45
11/02/2018,HKY,NC,ASO,ES,Federal Contract Tower,2,7,6,0,15,0,1,0,0,1,2,8,6,0,16,0,0,0,16
11/03/2018,HKY,NC,ASO,ES,Federal Contract Tower,0,4,6,0,10,0,3,66,0,69,0,7,72,0,79,30,0,30,109
11/04/2018,HKY,NC,ASO,ES,Federal Contract Tower,0,7,10,0,17,0,3,61,0,64,0,10,71,0,81,38,0,38,119
11/05/2018,HKY,NC,ASO,ES,Federal Contract Tower,0,11,0,0,11,0,0,0,0,0,0,11,0,0,11,0,0,0,11
11/06/2018,HKY,NC,ASO,ES,Federal Contract Tower,0,5,2,0,7,0,1,5,2,8,0,6,7,2,15,8,0,8,23
11/07/2018,HKY,NC,ASO,ES,Federal Contract Tower,0,6,6,0,12,0,2,42,20,64,0,8,48,20,76,36,0,36,112
11/08/2018,HKY,NC,ASO,ES,Federal Contract Tower,0,11,8,0,19,0,5,22,1,28,0,16,30,1,47,12,0,12,59
11/09/2018,HKY,NC,ASO,ES,Federal Contract Tower,2,9,4,0,15,0,0,0,0,0,2,9,4,0,15,0,0,0,15
11/10/2018,HKY,NC,ASO,ES,Federal Contract Tower,0,3,6,0,9,0,5,118,0,123,0,8,124,0,132,102,0,102,234
11/11/2018,HKY,NC,ASO,ES,Federal Contract Tower,0,7,4,0,11,0,4,62,0,66,0,11,66,0,77,92,0,92,169
11/12/2018,HKY,NC,ASO,ES,Federal Contract Tower,0,3,3,0,6,0,0,3,0,3,0,3,6,0,9,0,0,0,9
11/13/2018,HKY,NC,ASO,ES,Federal Contract Tower,0,4,7,0,11,0,0,0,0,0,0,4,7,0,11,0,0,0,11
11/14/2018,HKY,NC,ASO,ES,Federal Contract Tower,0,10,3,0,13,0,3,11,0,14,0,13,14,0,27,38,0,38,65
11/15/2018,HKY,NC,ASO,ES,Federal Contract Tower,0,9,0,0,9,0,0,0,0,0,0,9,0,0,9,0,0,0,9
11/16/2018,HKY,NC,ASO,ES,Federal Contract Tower,0,8,16,0,24,0,2,57,2,61,0,10,73,2,85,62,0,62,147
11/17/2018,HKY,NC,ASO,ES,Federal Contract Tower,0,0,10,0,10,0,6,110,0,116,0,6,120,0,126,106,0,106,232
11/18/2018,HKY,NC,ASO,ES,Federal Contract Tower,0,4,14,2,20,0,3,44,0,47,0,7,58,2,67,48,0,48,115
11/19/2018,HKY,NC,ASO,ES,Federal Contract Tower,0,6,14,0,20,0,6,48,3,57,0,12,62,3,77,72,10,82,159
11/20/2018,HKY,NC,ASO,ES,Federal Contract Tower,0,15,7,2,24,0,3,55,0,58,0,18,62,2,82,26,0,26,108
11/21/2018,HKY,NC,ASO,ES,Federal Contract Tower,0,6,11,0,17,0,14,78,2,94,0,20,89,2,111,22,0,22,133
11/22/2018,HKY,NC,ASO,ES,Federal Contract Tower,0,0,4,0,4,0,2,5,0,7,0,2,9,0,11,14,0,14,25
11/23/2018,HKY,NC,ASO,ES,Federal Contract Tower,2,3,3,0,8,0,4,44,0,48,2,7,47,0,56,36,0,36,92
11/24/2018,HKY,NC,ASO,ES,Federal Contract Tower,2,17,4,0,23,0,0,0,0,0,2,17,4,0,23,0,0,0,23
11/25/2018,HKY,NC,ASO,ES,Federal Contract Tower,0,9,6,0,15,0,2,35,0,37,0,11,41,0,52,48,0,48,100
11/26/2018,HKY,NC,ASO,ES,Federal Contract Tower,0,6,8,2,16,0,2,3,0,5,0,8,11,2,21,0,0,0,21
11/27/2018,HKY,NC,ASO,ES,Federal Contract Tower,0,8,8,0,16,0,7,14,2,23,0,15,22,2,39,6,0,6,45
11/28/2018,HKY,NC,ASO,ES,Federal Contract Tower,0,5,4,0,9,0,3,29,3,35,0,8,33,3,44,26,0,26,70
11/29/2018,HKY,NC,ASO,ES,Federal Contract Tower,0,7,2,0,9,0,6,23,0,29,0,13,25,0,38,48,0,48,86
11/30/2018,HKY,NC,ASO,ES,Federal Contract Tower,0,5,4,0,9,0,4,9,8,21,0,9,13,8,30,22,0,22,52
12/01/2018,HKY,NC,ASO,ES,Federal Contract Tower,0,7,2,0,9,0,2,2,0,4,0,9,4,0,13,8,0,8,21
12/02/2018,HKY,NC,ASO,ES,Federal Contract Tower,0,7,5,0,12,0,1,2,0,3,0,8,7,0,15,0,0,0,15
12/03/2018,HKY,NC,ASO,ES,Federal Contract Tower,0,3,7,0,10,0,2,22,6,30,0,5,29,6,40,2,14,16,56
12/04/2018,HKY,NC,ASO,ES,Federal Contract Tower,0,11,10,2,23,0,3,33,1,37,0,14,43,3,60,48,12,60,120
12/05/2018,HKY,NC,ASO,ES,Federal Contract Tower,0,5,7,0,12,0,5,16,0,21,0,10,23,0,33,12,0,12,45
12/06/2018,HKY,NC,ASO,ES,Federal Contract Tower,0,5,2,0,7,0,4,22,2,28,0,9,24,2,35,20,0,20,55
12/07/2018,HKY,NC,ASO,ES,Federal Contract Tower,0,9,5,0,14,0,2,62,6,70,0,11,67,6,84,32,0,32,116
12/08/2018,HKY,NC,ASO,ES,Federal Contract Tower,0,3,4,0,7,0,3,35,0,38,0,6,39,0,45,100,0,100,145
12/09/2018,HKY,NC,ASO,ES,Federal Contract Tower,0,0,0,0,0,0,0,0,0,0,0,0,0,0,0,0,0,0,0
12/10/2018,HKY,NC,ASO,ES,Federal Contract Tower,0,0,0,0,0,0,5,0,0,5,0,5,0,0,5,0,0,0,5
12/11/2018,HKY,NC,ASO,ES,Federal Contract Tower,2,5,1,0,8,0,5,14,2,21,2,10,15,2,29,2,0,2,31
12/12/2018,HKY,NC,ASO,ES,Federal Contract Tower,0,12,3,0,15,0,2,35,0,37,0,14,38,0,52,80,0,80,132
12/13/2018,HKY,NC,ASO,ES,Federal Contract Tower,0,10,6,0,16,0,5,24,2,31,0,15,30,2,47,56,0,56,103
12/14/2018,HKY,NC,ASO,ES,Federal Contract Tower,0,5,1,0,6,0,0,0,0,0,0,5,1,0,6,0,0,0,6
12/15/2018,HKY,NC,ASO,ES,Federal Contract Tower,0,1,5,0,6,0,0,0,0,0,0,1,5,0,6,0,0,0,6
12/16/2018,HKY,NC,ASO,ES,Federal Contract Tower,0,1,8,0,9,0,5,44,0,49,0,6,52,0,58,52,0,52,110
12/17/2018,HKY,NC,ASO,ES,Federal Contract Tower,1,8,8,0,17,0,10,48,0,58,1,18,56,0,75,24,0,24,99
12/18/2018,HKY,NC,ASO,ES,Federal Contract Tower,0,12,12,0,24,0,3,53,2,58,0,15,65,2,82,16,0,16,98
12/19/2018,HKY,NC,ASO,ES,Federal Contract Tower,0,10,5,0,15,0,4,47,2,53,0,14,52,2,68,32,0,32,100
12/20/2018,HKY,NC,ASO,ES,Federal Contract Tower,0,5,4,0,9,0,0,0,0,0,0,5,4,0,9,0,0,0,9
12/21/2018,HKY,NC,ASO,ES,Federal Contract Tower,0,3,2,0,5,0,2,0,0,2,0,5,2,0,7,0,0,0,7
12/22/2018,HKY,NC,ASO,ES,Federal Contract Tower,0,8,15,0,23,0,5,62,0,67,0,13,77,0,90,50,0,50,140
12/23/2018,HKY,NC,ASO,ES,Federal Contract Tower,0,8,2,0,10,0,0,40,0,40,0,8,42,0,50,2,0,2,52
12/24/2018,HKY,NC,ASO,ES,Federal Contract Tower,0,1,2,0,3,0,5,29,0,34,0,6,31,0,37,4,0,4,41
12/25/2018,HKY,NC,ASO,ES,Federal Contract Tower,0,1,2,0,3,0,2,4,0,6,0,3,6,0,9,0,0,0,9
12/26/2018,HKY,NC,ASO,ES,Federal Contract Tower,0,8,15,0,23,0,3,59,0,62,0,11,74,0,85,22,0,22,107
12/27/2018,HKY,NC,ASO,ES,Federal Contract Tower,0,17,4,0,21,0,5,3,0,8,0,22,7,0,29,6,0,6,35
12/28/2018,HKY,NC,ASO,ES,Federal Contract Tower,0,2,0,0,2,0,0,0,0,0,0,2,0,0,2,0,0,0,2
12/29/2018,HKY,NC,ASO,ES,Federal Contract Tower,0,3,10,0,13,0,4,39,0,43,0,7,49,0,56,44,0,44,100
12/30/2018,HKY,NC,ASO,ES,Federal Contract Tower,0,6,3,0,9,0,5,23,0,28,0,11,26,0,37,22,0,22,59
12/31/2018,HKY,NC,ASO,ES,Federal Contract Tower,0,4,0,0,4,0,0,0,0,0,0,4,0,0,4,0,0,0,4
01/01/2019,HKY,NC,ASO,ES,Federal Contract Tower,0,3,4,0,7,0,4,10,0,14,0,7,14,0,21,16,0,16,37
01/02/2019,HKY,NC,ASO,ES,Federal Contract Tower,0,7,6,0,13,0,3,23,0,26,0,10,29,0,39,36,0,36,75
01/03/2019,HKY,NC,ASO,ES,Federal Contract Tower,0,7,5,0,12,0,3,6,0,9,0,10,11,0,21,12,0,12,33
01/04/2019,HKY,NC,ASO,ES,Federal Contract Tower,0,5,4,0,9,0,0,0,0,0,0,5,4,0,9,0,0,0,9
01/05/2019,HKY,NC,ASO,ES,Federal Contract Tower,0,4,7,0,11,0,7,50,2,59,0,11,57,2,70,38,0,38,108
01/06/2019,HKY,NC,ASO,ES,Federal Contract Tower,0,2,6,0,8,0,6,52,0,58,0,8,58,0,66,32,0,32,98
01/07/2019,HKY,NC,ASO,ES,Federal Contract Tower,0,3,6,0,9,0,5,29,6,40,0,8,35,6,49,6,0,6,55
01/08/2019,HKY,NC,ASO,ES,Federal Contract Tower,0,3,7,0,10,0,2,28,0,30,0,5,35,0,40,0,0,0,40
01/09/2019,HKY,NC,ASO,ES,Federal Contract Tower,0,1,7,0,8,0,5,10,4,19,0,6,17,4,27,0,0,0,27
01/10/2019,HKY,NC,ASO,ES,Federal Contract Tower,0,6,7,0,13,0,10,49,2,61,0,16,56,2,74,24,0,24,98
01/11/2019,HKY,NC,ASO,ES,Federal Contract Tower,0,3,12,0,15,0,2,48,0,50,0,5,60,0,65,16,0,16,81
01/12/2019,HKY,NC,ASO,ES,Federal Contract Tower,0,4,5,0,9,0,0,70,0,70,0,4,75,0,79,24,0,24,103
01/13/2019,HKY,NC,ASO,ES,Federal Contract Tower,0,3,1,0,4,0,0,0,0,0,0,3,1,0,4,0,0,0,4
01/14/2019,HKY,NC,ASO,ES,Federal Contract Tower,0,1,2,0,3,0,3,7,2,12,0,4,9,2,15,8,0,8,23
01/15/2019,HKY,NC,ASO,ES,Federal Contract Tower,0,6,9,0,15,0,8,49,2,59,0,14,58,2,74,42,0,42,116
01/16/2019,HKY,NC,ASO,ES,Federal Contract Tower,0,11,10,0,21,0,4,55,3,62,0,15,65,3,83,44,8,52,135
01/17/2019,HKY,NC,ASO,ES,Federal Contract Tower,0,5,7,0,12,0,2,16,0,18,0,7,23,0,30,12,0,12,42
01/18/2019,HKY,NC,ASO,ES,Federal Contract Tower,0,9,12,0,21,0,0,1,0,1,0,9,13,0,22,0,0,0,22
01/19/2019,HKY,NC,ASO,ES,Federal Contract Tower,0,1,2,0,3,0,0,0,0,0,0,1,2,0,3,0,0,0,3
01/20/2019,HKY,NC,ASO,ES,Federal Contract Tower,0,4,0,0,4,0,2,3,0,5,0,6,3,0,9,0,0,0,9
01/21/2019,HKY,NC,ASO,ES,Federal Contract Tower,0,5,6,0,11,0,4,36,0,40,0,9,42,0,51,28,0,28,79
01/22/2019,HKY,NC,ASO,ES,Federal Contract Tower,0,10,9,0,19,0,9,31,8,48,0,19,40,8,67,22,6,28,95
01/23/2019,HKY,NC,ASO,ES,Federal Contract Tower,0,4,0,0,4,0,0,0,0,0,0,4,0,0,4,0,0,0,4
01/24/2019,HKY,NC,ASO,ES,Federal Contract Tower,0,7,4,0,11,0,0,17,0,17,0,7,21,0,28,18,0,18,46
01/25/2019,HKY,NC,ASO,ES,Federal Contract Tower,0,4,6,2,12,0,7,50,5,62,0,11,56,7,74,44,4,48,122
01/26/2019,HKY,NC,ASO,ES,Federal Contract Tower,0,1,12,0,13,0,5,67,0,72,0,6,79,0,85,58,0,58,143
01/27/2019,HKY,NC,ASO,ES,Federal Contract Tower,2,2,5,0,9,0,7,31,0,38,2,9,36,0,47,6,0,6,53
01/28/2019,HKY,NC,ASO,ES,Federal Contract Tower,0,5,6,2,13,0,2,35,4,41,0,7,41,6,54,14,0,14,68
01/29/2019,HKY,NC,ASO,ES,Federal Contract Tower,0,5,0,0,5,0,0,8,1,9,0,5,8,1,14,32,0,32,46
01/30/2019,HKY,NC,ASO,ES,Federal Contract Tower,0,0,0,0,0,0,5,6,0,11,0,5,6,0,11,0,0,0,11
01/31/2019,HKY,NC,ASO,ES,Federal Contract Tower,0,7,6,0,13,0,1,21,2,24,0,8,27,2,37,0,0,0,37
02/01/2019,HKY,NC,ASO,ES,Federal Contract Tower,0,1,13,0,14,0,6,35,1,42,0,7,48,1,56,44,0,44,100
02/02/2019,HKY,NC,ASO,ES,Federal Contract Tower,0,4,9,0,13,0,3,77,2,82,0,7,86,2,95,46,0,46,141
02/03/2019,HKY,NC,ASO,ES,Federal Contract Tower,0,2,9,0,11,0,4,55,0,59,0,6,64,0,70,16,0,16,86
02/04/2019,HKY,NC,ASO,ES,Federal Contract Tower,0,6,4,0,10,0,5,29,2,36,0,11,33,2,46,50,0,50,96
02/05/2019,HKY,NC,ASO,ES,Federal Contract Tower,0,8,11,0,19,0,2,34,1,37,0,10,45,1,56,12,0,12,68
02/06/2019,HKY,NC,ASO,ES,Federal Contract Tower,0,6,13,0,19,0,3,16,5,24,0,9,29,5,43,20,2,22,65
02/07/2019,HKY,NC,ASO,ES,Federal Contract Tower,0,10,3,0,13,0,7,22,0,29,0,17,25,0,42,16,0,16,58
02/08/2019,HKY,NC,ASO,ES,Federal Contract Tower,0,8,7,0,15,0,5,24,3,32,0,13,31,3,47,20,0,20,67
02/09/2019,HKY,NC,ASO,ES,Federal Contract Tower,0,1,5,2,8,0,0,111,0,111,0,1,116,2,119,52,0,52,171
02/10/2019,HKY,NC,ASO,ES,Federal Contract Tower,0,3,12,0,15,0,1,7,0,8,0,4,19,0,23,2,0,2,25
02/11/2019,HKY,NC,ASO,ES,Federal Contract Tower,0,4,4,0,8,0,0,0,0,0,0,4,4,0,8,0,0,0,8
02/12/2019,HKY,NC,ASO,ES,Federal Contract Tower,0,4,10,0,14,0,0,0,0,0,0,4,10,0,14,0,0,0,14
02/13/2019,HKY,NC,ASO,ES,Federal Contract Tower,0,1,6,2,9,0,3,22,2,27,0,4,28,4,36,26,0,26,62
02/14/2019,HKY,NC,ASO,ES,Federal Contract Tower,4,8,12,0,24,0,12,37,2,51,4,20,49,2,75,42,0,42,117
02/15/2019,HKY,NC,ASO,ES,Federal Contract Tower,0,1,21,0,22,0,5,49,4,58,0,6,70,4,80,38,0,38,118
02/16/2019,HKY,NC,ASO,ES,Federal Contract Tower,0,1,9,0,10,0,2,0,0,2,0,3,9,0,12,0,0,0,12
02/17/2019,HKY,NC,ASO,ES,Federal Contract Tower,0,7,5,0,12,0,2,5,0,7,0,9,10,0,19,12,0,12,31
02/18/2019,HKY,NC,ASO,ES,Federal Contract Tower,0,4,4,0,8,0,4,28,20,52,0,8,32,20,60,22,0,22,82
02/19/2019,HKY,NC,ASO,ES,Federal Contract Tower,0,9,3,0,12,0,2,16,2,20,0,11,19,2,32,4,0,4,36
02/20/2019,HKY,NC,ASO,ES,Federal Contract Tower,0,6,2,0,8,0,0,0,0,0,0,6,2,0,8,0,0,0,8
02/21/2019,HKY,NC,ASO,ES,Federal Contract Tower,0,9,3,0,12,0,1,11,0,12,0,10,14,0,24,14,0,14,38
02/22/2019,HKY,NC,ASO,ES,Federal Contract Tower,0,2,2,0,4,0,0,0,0,0,0,2,2,0,4,0,0,0,4
02/23/2019,HKY,NC,ASO,ES,Federal Contract Tower,0,0,1,0,1,0,0,0,0,0,0,0,1,0,1,0,0,0,1
02/24/2019,HKY,NC,ASO,ES,Federal Contract Tower,0,9,3,0,12,0,2,4,0,6,0,11,7,0,18,0,0,0,18
02/25/2019,HKY,NC,ASO,ES,Federal Contract Tower,0,4,6,0,10,0,5,18,0,23,0,9,24,0,33,16,0,16,49
02/26/2019,HKY,NC,ASO,ES,Federal Contract Tower,0,13,15,2,30,0,3,57,9,69,0,16,72,11,99,32,0,32,131
02/27/2019,HKY,NC,ASO,ES,Federal Contract Tower,0,8,7,0,15,0,0,4,0,4,0,8,11,0,19,6,0,6,25
02/28/2019,HKY,NC,ASO,ES,Federal Contract Tower,0,5,4,0,9,0,8,13,0,21,0,13,17,0,30,32,0,32,62
03/01/2019,HKY,NC,ASO,ES,Federal Contract Tower,0,3,0,0,3,0,0,0,0,0,0,3,0,0,3,0,0,0,3
03/02/2019,HKY,NC,ASO,ES,Federal Contract Tower,2,3,13,0,18,0,11,54,0,65,2,14,67,0,83,8,0,8,91
03/03/2019,HKY,NC,ASO,ES,Federal Contract Tower,0,8,2,0,10,0,0,0,0,0,0,8,2,0,10,0,0,0,10
03/04/2019,HKY,NC,ASO,ES,Federal Contract Tower,1,2,9,0,12,0,16,35,0,51,1,18,44,0,63,90,0,90,153
03/05/2019,HKY,NC,ASO,ES,Federal Contract Tower,0,2,5,0,7,0,5,25,2,32,0,7,30,2,39,4,0,4,43
03/06/2019,HKY,NC,ASO,ES,Federal Contract Tower,0,12,3,0,15,0,10,48,2,60,0,22,51,2,75,2,0,2,77
03/07/2019,HKY,NC,ASO,ES,Federal Contract Tower,0,7,8,0,15,0,4,43,5,52,0,11,51,5,67,88,0,88,155
03/08/2019,HKY,NC,ASO,ES,Federal Contract Tower,0,7,7,0,14,0,1,12,0,13,0,8,19,0,27,52,0,52,79
03/09/2019,HKY,NC,ASO,ES,Federal Contract Tower,0,1,3,0,4,0,0,0,0,0,0,1,3,0,4,0,0,0,4
03/10/2019,HKY,NC,ASO,ES,Federal Contract Tower,0,5,11,0,16,0,2,23,0,25,0,7,34,0,41,34,0,34,75
03/11/2019,HKY,NC,ASO,ES,Federal Contract Tower,0,0,11,0,11,0,0,46,0,46,0,0,57,0,57,50,0,50,107
03/12/2019,HKY,NC,ASO,ES,Federal Contract Tower,0,10,11,0,21,0,9,55,6,70,0,19,66,6,91,16,0,16,107
03/13/2019,HKY,NC,ASO,ES,Federal Contract Tower,0,14,3,0,17,0,9,41,0,50,0,23,44,0,67,66,0,66,133
03/14/2019,HKY,NC,ASO,ES,Federal Contract Tower,0,6,2,0,8,0,5,17,0,22,0,11,19,0,30,4,0,4,34
03/15/2019,HKY,NC,ASO,ES,Federal Contract Tower,0,3,0,0,3,0,3,3,0,6,0,6,3,0,9,0,0,0,9
03/16/2019,HKY,NC,ASO,ES,Federal Contract Tower,0,1,4,0,5,0,8,81,10,99,0,9,85,10,104,24,0,24,128
03/17/2019,HKY,NC,ASO,ES,Federal Contract Tower,0,3,4,0,7,0,7,55,0,62,0,10,59,0,69,40,0,40,109
03/18/2019,HKY,NC,ASO,ES,Federal Contract Tower,0,8,7,0,15,0,6,41,1,48,0,14,48,1,63,34,0,34,97
03/19/2019,HKY,NC,ASO,ES,Federal Contract Tower,0,3,3,0,6,0,10,38,2,50,0,13,41,2,56,2,0,2,58
03/20/2019,HKY,NC,ASO,ES,Federal Contract Tower,0,15,4,0,19,0,13,36,8,57,0,28,40,8,76,10,0,10,86
03/21/2019,HKY,NC,ASO,ES,Federal Contract Tower,0,4,9,2,15,0,9,18,0,27,0,13,27,2,42,30,0,30,72
03/22/2019,HKY,NC,ASO,ES,Federal Contract Tower,0,7,3,0,10,0,7,24,8,39,0,14,27,8,49,16,0,16,65
03/23/2019,HKY,NC,ASO,ES,Federal Contract Tower,0,2,8,0,10,0,1,97,3,101,0,3,105,3,111,54,0,54,165
03/24/2019,HKY,NC,ASO,ES,Federal Contract Tower,0,5,2,0,7,0,0,33,5,38,0,5,35,5,45,12,0,12,57
03/25/2019,HKY,NC,ASO,ES,Federal Contract Tower,0,1,1,0,2,0,4,18,2,24,0,5,19,2,26,34,0,34,60
03/26/2019,HKY,NC,ASO,ES,Federal Contract Tower,0,1,20,0,21,0,3,6,0,9,0,4,26,0,30,24,0,24,54
03/27/2019,HKY,NC,ASO,ES,Federal Contract Tower,0,14,2,0,16,0,0,29,4,33,0,14,31,4,49,30,0,30,79
03/28/2019,HKY,NC,ASO,ES,Federal Contract Tower,0,11,8,0,19,0,3,45,2,50,0,14,53,2,69,32,0,32,101
03/29/2019,HKY,NC,ASO,ES,Federal Contract Tower,0,2,5,0,7,0,7,35,2,44,0,9,40,2,51,36,0,36,87
03/30/2019,HKY,NC,ASO,ES,Federal Contract Tower,0,0,4,0,4,0,5,45,5,55,0,5,49,5,59,56,0,56,115
03/31/2019,HKY,NC,ASO,ES,Federal Contract Tower,0,2,7,0,9,0,1,9,0,10,0,3,16,0,19,0,0,0,19
04/01/2019,HKY,NC,ASO,ES,Federal Contract Tower,0,6,9,0,15,0,5,43,5,53,0,11,52,5,68,8,0,8,76
04/02/2019,HKY,NC,ASO,ES,Federal Contract Tower,0,7,4,0,11,0,2,22,10,34,0,9,26,10,45,28,0,28,73
04/03/2019,HKY,NC,ASO,ES,Federal Contract Tower,0,2,19,0,21,0,10,53,18,81,0,12,72,18,102,30,0,30,132
04/04/2019,HKY,NC,ASO,ES,Federal Contract Tower,0,8,10,0,18,0,4,54,18,76,0,12,64,18,94,42,0,42,136
04/05/2019,HKY,NC,ASO,ES,Federal Contract Tower,0,6,7,0,13,0,0,0,0,0,0,6,7,0,13,0,0,0,13
04/06/2019,HKY,NC,ASO,ES,Federal Contract Tower,0,0,10,0,10,0,5,60,2,67,0,5,70,2,77,110,0,110,187
04/07/2019,HKY,NC,ASO,ES,Federal Contract Tower,0,6,9,0,15,0,1,3,0,4,0,7,12,0,19,0,0,0,19
04/08/2019,HKY,NC,ASO,ES,Federal Contract Tower,0,5,7,0,12,0,2,1,0,3,0,7,8,0,15,0,0,0,15
04/09/2019,HKY,NC,ASO,ES,Federal Contract Tower,0,3,5,0,8,0,6,14,0,20,0,9,19,0,28,18,0,18,46
04/10/2019,HKY,NC,ASO,ES,Federal Contract Tower,0,4,5,3,12,0,3,66,8,77,0,7,71,11,89,70,0,70,159
04/11/2019,HKY,NC,ASO,ES,Federal Contract Tower,0,8,12,0,20,0,5,33,2,40,0,13,45,2,60,58,0,58,118
04/12/2019,HKY,NC,ASO,ES,Federal Contract Tower,0,11,5,0,16,0,2,14,0,16,0,13,19,0,32,32,0,32,64
04/13/2019,HKY,NC,ASO,ES,Federal Contract Tower,0,5,9,0,14,0,4,17,0,21,0,9,26,0,35,0,0,0,35
04/14/2019,HKY,NC,ASO,ES,Federal Contract Tower,0,2,0,0,2,0,1,0,0,1,0,3,0,0,3,0,0,0,3
04/15/2019,HKY,NC,ASO,ES,Federal Contract Tower,0,2,5,0,7,0,1,6,0,7,0,3,11,0,14,8,0,8,22
04/16/2019,HKY,NC,ASO,ES,Federal Contract Tower,0,6,6,0,12,0,7,49,5,61,0,13,55,5,73,14,0,14,87
04/17/2019,HKY,NC,ASO,ES,Federal Contract Tower,0,4,4,0,8,0,6,43,2,51,0,10,47,2,59,22,0,22,81
04/18/2019,HKY,NC,ASO,ES,Federal Contract Tower,0,7,6,2,15,0,11,20,0,31,0,18,26,2,46,12,0,12,58
04/19/2019,HKY,NC,ASO,ES,Federal Contract Tower,0,1,2,0,3,0,0,1,0,1,0,1,3,0,4,0,0,0,4
04/20/2019,HKY,NC,ASO,ES,Federal Contract Tower,0,4,5,0,9,0,4,5,0,9,0,8,10,0,18,0,0,0,18
04/21/2019,HKY,NC,ASO,ES,Federal Contract Tower,0,10,3,0,13,0,1,36,0,37,0,11,39,0,50,18,0,18,68
04/22/2019,HKY,NC,ASO,ES,Federal Contract Tower,0,3,11,0,14,0,4,69,4,77,0,7,80,4,91,50,0,50,141
04/23/2019,HKY,NC,ASO,ES,Federal Contract Tower,0,4,4,0,8,0,4,35,2,41,0,8,39,2,49,38,0,38,87
04/24/2019,HKY,NC,ASO,ES,Federal Contract Tower,0,5,13,0,18,0,4,38,0,42,0,9,51,0,60,4,0,4,64
04/25/2019,HKY,NC,ASO,ES,Federal Contract Tower,0,9,8,0,17,0,7,41,2,50,0,16,49,2,67,24,0,24,91
04/26/2019,HKY,NC,ASO,ES,Federal Contract Tower,0,5,4,0,9,0,7,3,0,10,0,12,7,0,19,0,0,0,19
04/27/2019,HKY,NC,ASO,ES,Federal Contract Tower,0,2,9,0,11,0,8,37,0,45,0,10,46,0,56,40,0,40,96
04/28/2019,HKY,NC,ASO,ES,Federal Contract Tower,0,6,3,0,9,0,4,20,0,24,0,10,23,0,33,28,0,28,61
04/29/2019,HKY,NC,ASO,ES,Federal Contract Tower,0,3,3,0,6,0,4,28,0,32,0,7,31,0,38,100,0,100,138
04/30/2019,HKY,NC,ASO,ES,Federal Contract Tower,0,4,1,0,5,0,5,45,1,51,0,9,46,1,56,50,0,50,106
05/01/2019,HKY,NC,ASO,ES,Federal Contract Tower,0,7,6,0,13,0,6,51,1,58,0,13,57,1,71,44,0,44,115
05/02/2019,HKY,NC,ASO,ES,Federal Contract Tower,0,13,12,1,26,0,6,25,6,37,0,19,37,7,63,4,0,4,67
05/03/2019,HKY,NC,ASO,ES,Federal Contract Tower,0,2,9,0,11,0,1,35,0,36,0,3,44,0,47,6,0,6,53
05/04/2019,HKY,NC,ASO,ES,Federal Contract Tower,0,4,5,0,9,0,0,4,0,4,0,4,9,0,13,2,0,2,15
05/05/2019,HKY,NC,ASO,ES,Federal Contract Tower,0,4,12,0,16,0,4,14,0,18,0,8,26,0,34,2,0,2,36
05/06/2019,HKY,NC,ASO,ES,Federal Contract Tower,0,2,5,0,7,0,13,38,0,51,0,15,43,0,58,12,0,12,70
05/07/2019,HKY,NC,ASO,ES,Federal Contract Tower,0,5,9,0,14,0,9,44,0,53,0,14,53,0,67,60,0,60,127
05/08/2019,HKY,NC,ASO,ES,Federal Contract Tower,0,5,7,0,12,0,5,33,0,38,0,10,40,0,50,16,0,16,66
05/09/2019,HKY,NC,ASO,ES,Federal Contract Tower,0,6,9,0,15,0,3,19,0,22,0,9,28,0,37,34,0,34,71
05/10/2019,HKY,NC,ASO,ES,Federal Contract Tower,0,6,14,0,20,0,6,23,0,29,0,12,37,0,49,0,0,0,49
05/11/2019,HKY,NC,ASO,ES,Federal Contract Tower,0,5,2,0,7,0,0,0,0,0,0,5,2,0,7,0,0,0,7
05/12/2019,HKY,NC,ASO,ES,Federal Contract Tower,0,5,4,0,9,0,1,2,0,3,0,6,6,0,12,0,0,0,12
05/13/2019,HKY,NC,ASO,ES,Federal Contract Tower,0,7,5,0,12,0,5,19,1,25,0,12,24,1,37,0,0,0,37
05/14/2019,HKY,NC,ASO,ES,Federal Contract Tower,0,9,10,2,21,0,0,29,0,29,0,9,39,2,50,0,0,0,50
05/15/2019,HKY,NC,ASO,ES,Federal Contract Tower,0,17,27,4,48,0,8,44,9,61,0,25,71,13,109,24,0,24,133
05/16/2019,HKY,NC,ASO,ES,Federal Contract Tower,0,8,7,1,16,0,5,53,2,60,0,13,60,3,76,44,0,44,120
05/17/2019,HKY,NC,ASO,ES,Federal Contract Tower,0,9,14,1,24,0,6,52,0,58,0,15,66,1,82,30,8,38,120
05/18/2019,HKY,NC,ASO,ES,Federal Contract Tower,0,4,7,0,11,0,5,82,2,89,0,9,89,2,100,34,0,34,134
05/19/2019,HKY,NC,ASO,ES,Federal Contract Tower,0,3,10,0,13,0,1,53,2,56,0,4,63,2,69,28,0,28,97
05/20/2019,HKY,NC,ASO,ES,Federal Contract Tower,0,8,10,2,20,0,4,27,3,34,0,12,37,5,54,28,0,28,82
05/21/2019,HKY,NC,ASO,ES,Federal Contract Tower,0,6,8,0,14,0,0,78,2,80,0,6,86,2,94,66,0,66,160
05/22/2019,HKY,NC,ASO,ES,Federal Contract Tower,0,7,13,0,20,0,3,8,0,11,0,10,21,0,31,4,0,4,35
05/23/2019,HKY,NC,ASO,ES,Federal Contract Tower,0,15,12,0,27,0,1,12,0,13,0,16,24,0,40,2,0,2,42
05/24/2019,HKY,NC,ASO,ES,Federal Contract Tower,0,7,9,0,16,0,9,50,2,61,0,16,59,2,77,72,0,72,149
05/25/2019,HKY,NC,ASO,ES,Federal Contract Tower,0,3,7,0,10,0,6,68,16,90,0,9,75,16,100,26,0,26,126
05/26/2019,HKY,NC,ASO,ES,Federal Contract Tower,0,3,9,0,12,0,4,32,0,36,0,7,41,0,48,10,0,10,58
05/27/2019,HKY,NC,ASO,ES,Federal Contract Tower,0,6,8,0,14,0,6,33,0,39,0,12,41,0,53,70,0,70,123
05/28/2019,HKY,NC,ASO,ES,Federal Contract Tower,0,3,3,0,6,0,3,27,3,33,0,6,30,3,39,8,0,8,47
05/29/2019,HKY,NC,ASO,ES,Federal Contract Tower,0,6,4,0,10,0,5,38,3,46,0,11,42,3,56,34,0,34,90
05/30/2019,HKY,NC,ASO,ES,Federal Contract Tower,0,3,4,1,8,0,9,27,1,37,0,12,31,2,45,20,0,20,65
05/31/2019,HKY,NC,ASO,ES,Federal Contract Tower,0,4,1,0,5,0,4,33,3,40,0,8,34,3,45,6,0,6,51
06/01/2019,HKY,NC,ASO,ES,Federal Contract Tower,0,5,6,1,12,0,9,60,4,73,0,14,66,5,85,46,0,46,131
06/02/2019,HKY,NC,ASO,ES,Federal Contract Tower,0,7,3,1,11,0,4,35,3,42,0,11,38,4,53,18,0,18,71
06/03/2019,HKY,NC,ASO,ES,Federal Contract Tower,0,1,12,0,13,0,7,48,0,55,0,8,60,0,68,52,0,52,120
06/04/2019,HKY,NC,ASO,ES,Federal Contract Tower,0,6,14,0,20,0,4,54,0,58,0,10,68,0,78,48,0,48,126
06/05/2019,HKY,NC,ASO,ES,Federal Contract Tower,0,11,8,0,19,0,3,14,0,17,0,14,22,0,36,4,0,4,40
06/06/2019,HKY,NC,ASO,ES,Federal Contract Tower,0,7,1,0,8,0,9,27,2,38,0,16,28,2,46,34,0,34,80
06/07/2019,HKY,NC,ASO,ES,Federal Contract Tower,0,1,3,2,6,0,0,0,0,0,0,1,3,2,6,0,0,0,6
06/08/2019,HKY,NC,ASO,ES,Federal Contract Tower,0,1,2,0,3,0,3,4,0,7,0,4,6,0,10,6,0,6,16
06/09/2019,HKY,NC,ASO,ES,Federal Contract Tower,0,8,5,0,13,0,0,0,0,0,0,8,5,0,13,0,0,0,13
06/10/2019,HKY,NC,ASO,ES,Federal Contract Tower,0,3,2,2,7,0,3,3,0,6,0,6,5,2,13,8,0,8,21
06/11/2019,HKY,NC,ASO,ES,Federal Contract Tower,0,0,9,3,12,0,2,40,0,42,0,2,49,3,54,40,0,40,94
06/12/2019,HKY,NC,ASO,ES,Federal Contract Tower,0,9,7,0,16,0,2,16,0,18,0,11,23,0,34,54,0,54,88
06/13/2019,HKY,NC,ASO,ES,Federal Contract Tower,0,9,10,2,21,0,5,44,0,49,0,14,54,2,70,24,0,24,94
06/14/2019,HKY,NC,ASO,ES,Federal Contract Tower,0,6,8,0,14,0,4,114,0,118,0,10,122,0,132,44,0,44,176
06/15/2019,HKY,NC,ASO,ES,Federal Contract Tower,0,3,21,0,24,0,11,153,0,164,0,14,174,0,188,20,0,20,208
06/16/2019,HKY,NC,ASO,ES,Federal Contract Tower,0,3,20,0,23,0,2,34,0,36,0,5,54,0,59,2,0,2,61
06/17/2019,HKY,NC,ASO,ES,Federal Contract Tower,0,5,7,0,12,0,3,52,0,55,0,8,59,0,67,56,0,56,123
06/18/2019,HKY,NC,ASO,ES,Federal Contract Tower,0,4,8,0,12,0,0,16,0,16,0,4,24,0,28,78,0,78,106
06/19/2019,HKY,NC,ASO,ES,Federal Contract Tower,0,7,1,0,8,0,3,12,0,15,0,10,13,0,23,8,0,8,31
06/20/2019,HKY,NC,ASO,ES,Federal Contract Tower,0,8,1,0,9,0,3,12,0,15,0,11,13,0,24,6,0,6,30
06/21/2019,HKY,NC,ASO,ES,Federal Contract Tower,0,14,3,0,17,0,7,58,3,68,0,21,61,3,85,12,0,12,97
06/22/2019,HKY,NC,ASO,ES,Federal Contract Tower,0,3,5,0,8,0,4,57,2,63,0,7,62,2,71,52,0,52,123
06/23/2019,HKY,NC,ASO,ES,Federal Contract Tower,0,5,3,0,8,0,6,11,1,18,0,11,14,1,26,12,0,12,38
06/24/2019,HKY,NC,ASO,ES,Federal Contract Tower,0,9,5,0,14,0,5,34,0,39,0,14,39,0,53,42,0,42,95
06/25/2019,HKY,NC,ASO,ES,Federal Contract Tower,0,8,5,2,15,0,1,31,1,33,0,9,36,3,48,26,0,26,74
06/26/2019,HKY,NC,ASO,ES,Federal Contract Tower,0,5,15,0,20,0,4,51,8,63,0,9,66,8,83,10,0,10,93
06/27/2019,HKY,NC,ASO,ES,Federal Contract Tower,0,4,3,0,7,0,15,54,1,70,0,19,57,1,77,50,0,50,127
06/28/2019,HKY,NC,ASO,ES,Federal Contract Tower,0,12,13,0,25,0,4,54,0,58,0,16,67,0,83,52,0,52,135
06/29/2019,HKY,NC,ASO,ES,Federal Contract Tower,0,7,19,0,26,0,11,67,0,78,0,18,86,0,104,46,0,46,150
06/30/2019,HKY,NC,ASO,ES,Federal Contract Tower,0,3,10,0,13,0,4,38,0,42,0,7,48,0,55,12,0,12,67
07/01/2019,HKY,NC,ASO,ES,Federal Contract Tower,0,7,11,0,18,0,1,51,3,55,0,8,62,3,73,18,0,18,91
07/02/2019,HKY,NC,ASO,ES,Federal Contract Tower,0,6,4,0,10,0,0,50,2,52,0,6,54,2,62,28,0,28,90
07/03/2019,HKY,NC,ASO,ES,Federal Contract Tower,0,6,12,0,18,0,12,63,1,76,0,18,75,1,94,16,0,16,110
07/04/2019,HKY,NC,ASO,ES,Federal Contract Tower,0,0,14,0,14,0,3,26,0,29,0,3,40,0,43,34,0,34,77
07/05/2019,HKY,NC,ASO,ES,Federal Contract Tower,0,4,8,0,12,0,3,4,0,7,0,7,12,0,19,6,0,6,25
07/06/2019,HKY,NC,ASO,ES,Federal Contract Tower,0,4,2,0,6,0,0,2,1,3,0,4,4,1,9,0,0,0,9
07/07/2019,HKY,NC,ASO,ES,Federal Contract Tower,0,3,6,0,9,0,2,28,0,30,0,5,34,0,39,40,0,40,79
07/08/2019,HKY,NC,ASO,ES,Federal Contract Tower,0,4,8,0,12,0,5,35,2,42,0,9,43,2,54,44,2,46,100
07/09/2019,HKY,NC,ASO,ES,Federal Contract Tower,0,10,8,0,18,0,2,3,0,5,0,12,11,0,23,12,0,12,35
07/10/2019,HKY,NC,ASO,ES,Federal Contract Tower,0,4,7,0,11,0,1,29,2,32,0,5,36,2,43,70,4,74,117
07/11/2019,HKY,NC,ASO,ES,Federal Contract Tower,0,5,8,2,15,0,3,11,0,14,0,8,19,2,29,36,0,36,65
07/12/2019,HKY,NC,ASO,ES,Federal Contract Tower,2,8,7,0,17,0,2,29,1,32,2,10,36,1,49,28,0,28,77
07/13/2019,HKY,NC,ASO,ES,Federal Contract Tower,0,0,11,0,11,0,4,111,0,115,0,4,122,0,126,36,0,36,162
07/14/2019,HKY,NC,ASO,ES,Federal Contract Tower,0,2,1,0,3,0,5,30,0,35,0,7,31,0,38,28,0,28,66
07/15/2019,HKY,NC,ASO,ES,Federal Contract Tower,0,6,13,0,19,0,6,50,2,58,0,12,63,2,77,28,0,28,105
07/16/2019,HKY,NC,ASO,ES,Federal Contract Tower,0,13,13,0,26,0,4,34,4,42,0,17,47,4,68,12,0,12,80
07/17/2019,HKY,NC,ASO,ES,Federal Contract Tower,0,6,1,0,7,0,11,26,7,44,0,17,27,7,51,8,6,14,65
07/18/2019,HKY,NC,ASO,ES,Federal Contract Tower,0,14,5,0,19,0,5,33,6,44,0,19,38,6,63,26,4,30,93
07/19/2019,HKY,NC,ASO,ES,Federal Contract Tower,1,6,9,0,16,0,7,77,3,87,1,13,86,3,103,68,0,68,171
07/20/2019,HKY,NC,ASO,ES,Federal Contract Tower,0,1,8,0,9,0,3,71,0,74,0,4,79,0,83,12,0,12,95
07/21/2019,HKY,NC,ASO,ES,Federal Contract Tower,0,1,15,0,16,0,3,20,0,23,0,4,35,0,39,4,0,4,43
07/22/2019,HKY,NC,ASO,ES,Federal Contract Tower,0,7,4,0,11,0,4,26,0,30,0,11,30,0,41,2,0,2,43
07/23/2019,HKY,NC,ASO,ES,Federal Contract Tower,0,9,2,0,11,0,0,4,0,4,0,9,6,0,15,8,6,14,29
07/24/2019,HKY,NC,ASO,ES,Federal Contract Tower,0,4,8,0,12,0,4,46,5,55,0,8,54,5,67,64,0,64,131
07/25/2019,HKY,NC,ASO,ES,Federal Contract Tower,1,18,13,0,32,0,8,61,2,71,1,26,74,2,103,34,0,34,137
07/26/2019,HKY,NC,ASO,ES,Federal Contract Tower,0,7,3,0,10,0,5,55,3,63,0,12,58,3,73,22,0,22,95
07/27/2019,HKY,NC,ASO,ES,Federal Contract Tower,0,6,9,0,15,0,7,67,2,76,0,13,76,2,91,38,0,38,129
07/28/2019,HKY,NC,ASO,ES,Federal Contract Tower,0,11,8,0,19,0,1,44,0,45,0,12,52,0,64,14,0,14,78
07/29/2019,HKY,NC,ASO,ES,Federal Contract Tower,0,16,14,0,30,0,3,64,5,72,0,19,78,5,102,34,0,34,136
07/30/2019,HKY,NC,ASO,ES,Federal Contract Tower,0,7,7,2,16,0,6,58,6,70,0,13,65,8,86,24,6,30,116
07/31/2019,HKY,NC,ASO,ES,Federal Contract Tower,0,13,4,0,17,0,6,26,0,32,0,19,30,0,49,26,0,26,75
08/01/2019,HKY,NC,ASO,ES,Federal Contract Tower,1,12,8,0,21,1,2,30,2,35,2,14,38,2,56,42,0,42,98
08/02/2019,HKY,NC,ASO,ES,Federal Contract Tower,0,6,9,0,15,0,2,55,0,57,0,8,64,0,72,54,0,54,126
08/03/2019,HKY,NC,ASO,ES,Federal Contract Tower,0,5,18,0,23,0,0,37,0,37,0,5,55,0,60,14,0,14,74
08/04/2019,HKY,NC,ASO,ES,Federal Contract Tower,0,11,4,0,15,0,7,21,0,28,0,18,25,0,43,8,0,8,51
08/05/2019,HKY,NC,ASO,ES,Federal Contract Tower,0,6,6,0,12,0,2,10,0,12,0,8,16,0,24,4,0,4,28
08/06/2019,HKY,NC,ASO,ES,Federal Contract Tower,0,13,6,0,19,0,9,37,0,46,0,22,43,0,65,52,0,52,117
08/07/2019,HKY,NC,ASO,ES,Federal Contract Tower,0,6,2,0,8,0,5,41,0,46,0,11,43,0,54,58,0,58,112
08/08/2019,HKY,NC,ASO,ES,Federal Contract Tower,0,10,2,0,12,0,1,50,2,53,0,11,52,2,65,58,0,58,123
08/09/2019,HKY,NC,ASO,ES,Federal Contract Tower,0,7,10,0,17,0,2,44,0,46,0,9,54,0,63,50,0,50,113
08/10/2019,HKY,NC,ASO,ES,Federal Contract Tower,0,4,13,0,17,0,3,78,0,81,0,7,91,0,98,32,0,32,130
08/11/2019,HKY,NC,ASO,ES,Federal Contract Tower,0,6,9,0,15,0,1,22,0,23,0,7,31,0,38,20,0,20,58
08/12/2019,HKY,NC,ASO,ES,Federal Contract Tower,0,11,7,0,18,0,2,25,0,27,0,13,32,0,45,24,0,24,69
08/13/2019,HKY,NC,ASO,ES,Federal Contract Tower,0,12,6,0,18,0,14,30,0,44,0,26,36,0,62,16,0,16,78
08/14/2019,HKY,NC,ASO,ES,Federal Contract Tower,0,12,1,2,15,0,4,19,1,24,0,16,20,3,39,8,0,8,47
08/15/2019,HKY,NC,ASO,ES,Federal Contract Tower,0,12,9,0,21,0,0,37,0,37,0,12,46,0,58,26,0,26,84
08/16/2019,HKY,NC,ASO,ES,Federal Contract Tower,0,11,7,1,19,0,0,50,4,54,0,11,57,5,73,26,2,28,101
08/17/2019,HKY,NC,ASO,ES,Federal Contract Tower,0,4,10,0,14,0,0,52,4,56,0,4,62,4,70,4,0,4,74
08/18/2019,HKY,NC,ASO,ES,Federal Contract Tower,0,2,5,0,7,0,7,17,0,24,0,9,22,0,31,0,0,0,31
08/19/2019,HKY,NC,ASO,ES,Federal Contract Tower,0,12,8,0,20,0,2,23,2,27,0,14,31,2,47,14,0,14,61
08/20/2019,HKY,NC,ASO,ES,Federal Contract Tower,0,12,7,0,19,0,5,27,0,32,0,17,34,0,51,2,0,2,53
08/21/2019,HKY,NC,ASO,ES,Federal Contract Tower,0,6,9,0,15,0,2,18,0,20,0,8,27,0,35,4,0,4,39
08/22/2019,HKY,NC,ASO,ES,Federal Contract Tower,0,6,5,0,11,0,4,23,2,29,0,10,28,2,40,2,0,2,42
08/23/2019,HKY,NC,ASO,ES,Federal Contract Tower,0,3,10,0,13,0,2,30,0,32,0,5,40,0,45,14,0,14,59
08/24/2019,HKY,NC,ASO,ES,Federal Contract Tower,0,0,8,0,8,0,0,1,0,1,0,0,9,0,9,0,0,0,9
08/25/2019,HKY,NC,ASO,ES,Federal Contract Tower,0,3,6,0,9,0,2,21,0,23,0,5,27,0,32,4,0,4,36
08/26/2019,HKY,NC,ASO,ES,Federal Contract Tower,0,6,14,0,20,0,7,15,1,23,0,13,29,1,43,70,0,70,113
08/27/2019,HKY,NC,ASO,ES,Federal Contract Tower,0,10,2,0,12,0,1,0,0,1,0,11,2,0,13,0,0,0,13
08/28/2019,HKY,NC,ASO,ES,Federal Contract Tower,0,10,5,0,15,0,3,23,0,26,0,13,28,0,41,12,0,12,53
08/29/2019,HKY,NC,ASO,ES,Federal Contract Tower,0,13,2,0,15,0,11,38,0,49,0,24,40,0,64,10,0,10,74
08/30/2019,HKY,NC,ASO,ES,Federal Contract Tower,0,10,10,0,20,0,5,50,3,58,0,15,60,3,78,32,0,32,110
08/31/2019,HKY,NC,ASO,ES,Federal Contract Tower,0,3,4,0,7,0,2,84,0,86,0,5,88,0,93,26,0,26,119
09/01/2019,HKY,NC,ASO,ES,Federal Contract Tower,0,4,6,0,10,0,6,25,0,31,0,10,31,0,41,2,0,2,43
09/02/2019,HKY,NC,ASO,ES,Federal Contract Tower,0,4,2,0,6,0,3,22,0,25,0,7,24,0,31,22,0,22,53
09/03/2019,HKY,NC,ASO,ES,Federal Contract Tower,0,8,4,0,12,0,4,27,5,36,0,12,31,5,48,0,0,0,48
09/04/2019,HKY,NC,ASO,ES,Federal Contract Tower,0,5,7,0,12,0,5,43,4,52,0,10,50,4,64,14,0,14,78
09/05/2019,HKY,NC,ASO,ES,Federal Contract Tower,0,8,6,0,14,0,8,26,4,38,0,16,32,4,52,34,0,34,86
09/06/2019,HKY,NC,ASO,ES,Federal Contract Tower,0,8,6,0,14,0,3,40,9,52,0,11,46,9,66,38,0,38,104
09/07/2019,HKY,NC,ASO,ES,Federal Contract Tower,0,4,6,0,10,0,1,50,16,67,0,5,56,16,77,22,0,22,99
09/08/2019,HKY,NC,ASO,ES,Federal Contract Tower,0,7,8,0,15,0,5,26,1,32,0,12,34,1,47,0,0,0,47
09/09/2019,HKY,NC,ASO,ES,Federal Contract Tower,0,9,0,0,9,0,7,31,1,39,0,16,31,1,48,10,0,10,58
09/10/2019,HKY,NC,ASO,ES,Federal Contract Tower,0,17,9,0,26,0,2,7,0,9,0,19,16,0,35,8,0,8,43
09/11/2019,HKY,NC,ASO,ES,Federal Contract Tower,0,5,12,0,17,0,1,25,2,28,0,6,37,2,45,34,0,34,79
09/12/2019,HKY,NC,ASO,ES,Federal Contract Tower,0,11,8,0,19,0,3,30,2,35,0,14,38,2,54,6,0,6,60
09/13/2019,HKY,NC,ASO,ES,Federal Contract Tower,0,9,10,0,19,0,5,29,3,37,0,14,39,3,56,6,0,6,62
09/14/2019,HKY,NC,ASO,ES,Federal Contract Tower,0,6,8,0,14,0,2,4,0,6,0,8,12,0,20,18,0,18,38
09/15/2019,HKY,NC,ASO,ES,Federal Contract Tower,0,5,7,0,12,0,5,29,0,34,0,10,36,0,46,16,0,16,62
09/16/2019,HKY,NC,ASO,ES,Federal Contract Tower,0,8,9,2,19,0,3,46,0,49,0,11,55,2,68,18,5,23,91
09/17/2019,HKY,NC,ASO,ES,Federal Contract Tower,0,8,3,0,11,0,2,37,2,41,0,10,40,2,52,20,1,21,73
09/18/2019,HKY,NC,ASO,ES,Federal Contract Tower,0,9,6,0,15,0,3,41,6,50,0,12,47,6,65,56,0,56,121
09/19/2019,HKY,NC,ASO,ES,Federal Contract Tower,0,5,14,0,19,0,6,49,3,58,0,11,63,3,77,72,0,72,149
09/20/2019,HKY,NC,ASO,ES,Federal Contract Tower,0,8,8,0,16,0,10,62,2,74,0,18,70,2,90,24,0,24,114
09/21/2019,HKY,NC,ASO,ES,Federal Contract Tower,0,2,5,0,7,0,2,78,1,81,0,4,83,1,88,4,0,4,92
09/22/2019,HKY,NC,ASO,ES,Federal Contract Tower,0,5,12,0,17,0,5,25,0,30,0,10,37,0,47,6,0,6,53
09/23/2019,HKY,NC,ASO,ES,Federal Contract Tower,0,8,6,0,14,0,5,37,2,44,0,13,43,2,58,4,0,4,62
09/24/2019,HKY,NC,ASO,ES,Federal Contract Tower,0,14,8,0,22,0,7,36,2,45,0,21,44,2,67,36,0,36,103
09/25/2019,HKY,NC,ASO,ES,Federal Contract Tower,0,5,4,0,9,0,7,46,5,58,0,12,50,5,67,13,0,13,80
09/26/2019,HKY,NC,ASO,ES,Federal Contract Tower,0,20,14,0,34,0,3,60,7,70,0,23,74,7,104,62,2,64,168
09/27/2019,HKY,NC,ASO,ES,Federal Contract Tower,0,7,5,0,12,0,1,63,0,64,0,8,68,0,76,4,36,40,116
09/28/2019,HKY,NC,ASO,ES,Federal Contract Tower,0,3,6,0,9,0,4,26,2,32,0,7,32,2,41,10,0,10,51
09/29/2019,HKY,NC,ASO,ES,Federal Contract Tower,0,12,8,0,20,0,7,22,0,29,0,19,30,0,49,6,0,6,55
09/30/2019,HKY,NC,ASO,ES,Federal Contract Tower,0,6,15,0,21,0,8,18,0,26,0,14,33,0,47,14,0,14,61
10/01/2019,HKY,NC,ASO,ES,Federal Contract Tower,0,6,9,0,15,0,11,40,2,53,0,17,49,2,68,22,0,22,90
10/02/2019,HKY,NC,ASO,ES,Federal Contract Tower,0,4,12,0,16,0,11,46,5,62,0,15,58,5,78,34,0,34,112
10/03/2019,HKY,NC,ASO,ES,Federal Contract Tower,0,6,14,0,20,0,4,41,4,49,0,10,55,4,69,42,0,42,111
10/04/2019,HKY,NC,ASO,ES,Federal Contract Tower,0,5,5,0,10,0,2,48,9,59,0,7,53,9,69,2,0,2,71
10/05/2019,HKY,NC,ASO,ES,Federal Contract Tower,0,5,14,0,19,0,1,6,0,7,0,6,20,0,26,14,0,14,40
10/06/2019,HKY,NC,ASO,ES,Federal Contract Tower,0,1,9,0,10,0,5,17,0,22,0,6,26,0,32,0,0,0,32
10/07/2019,HKY,NC,ASO,ES,Federal Contract Tower,0,18,3,0,21,0,4,30,0,34,0,22,33,0,55,10,0,10,65
10/08/2019,HKY,NC,ASO,ES,Federal Contract Tower,2,9,5,0,16,0,2,7,10,19,2,11,12,10,35,36,0,36,71
10/09/2019,HKY,NC,ASO,ES,Federal Contract Tower,0,7,6,0,13,0,12,26,3,41,0,19,32,3,54,28,0,28,82
10/10/2019,HKY,NC,ASO,ES,Federal Contract Tower,0,15,9,0,24,0,8,40,16,64,0,23,49,16,88,50,0,50,138
10/11/2019,HKY,NC,ASO,ES,Federal Contract Tower,0,8,5,0,13,0,8,88,2,98,0,16,93,2,111,36,0,36,147
10/12/2019,HKY,NC,ASO,ES,Federal Contract Tower,0,0,4,0,4,0,4,107,0,111,0,4,111,0,115,34,0,34,149
10/13/2019,HKY,NC,ASO,ES,Federal Contract Tower,0,14,17,0,31,0,0,0,0,0,0,14,17,0,31,0,0,0,31
10/14/2019,HKY,NC,ASO,ES,Federal Contract Tower,2,2,9,0,13,0,10,35,4,49,2,12,44,4,62,20,2,22,84
10/15/2019,HKY,NC,ASO,ES,Federal Contract Tower,0,8,10,0,18,0,3,43,2,48,0,11,53,2,66,6,0,6,72
10/16/2019,HKY,NC,ASO,ES,Federal Contract Tower,0,21,4,0,25,0,1,3,0,4,0,22,7,0,29,0,0,0,29
10/17/2019,HKY,NC,ASO,ES,Federal Contract Tower,0,11,16,0,27,0,12,45,0,57,0,23,61,0,84,2,0,2,86
10/18/2019,HKY,NC,ASO,ES,Federal Contract Tower,0,13,7,0,20,0,6,22,11,39,0,19,29,11,59,0,0,0,59
10/19/2019,HKY,NC,ASO,ES,Federal Contract Tower,0,1,5,0,6,0,2,16,4,22,0,3,21,4,28,2,0,2,30
10/20/2019,HKY,NC,ASO,ES,Federal Contract Tower,0,5,10,0,15,0,6,22,2,30,0,11,32,2,45,12,0,12,57
10/21/2019,HKY,NC,ASO,ES,Federal Contract Tower,0,3,12,0,15,0,8,6,2,16,0,11,18,2,31,22,0,22,53
10/22/2019,HKY,NC,ASO,ES,Federal Contract Tower,0,2,4,0,6,0,1,6,2,9,0,3,10,2,15,0,0,0,15
10/23/2019,HKY,NC,ASO,ES,Federal Contract Tower,0,3,8,0,11,0,3,52,4,59,0,6,60,4,70,26,0,26,96
10/24/2019,HKY,NC,ASO,ES,Federal Contract Tower,0,5,10,0,15,0,14,55,6,75,0,19,65,6,90,18,0,18,108
10/25/2019,HKY,NC,ASO,ES,Federal Contract Tower,2,0,22,0,24,0,4,39,5,48,2,4,61,5,72,40,0,40,112
10/26/2019,HKY,NC,ASO,ES,Federal Contract Tower,2,5,7,0,14,0,3,13,0,16,2,8,20,0,30,24,0,24,54
10/27/2019,HKY,NC,ASO,ES,Federal Contract Tower,0,2,7,0,9,0,7,18,0,25,0,9,25,0,34,10,0,10,44
10/28/2019,HKY,NC,ASO,ES,Federal Contract Tower,0,9,6,0,15,0,7,60,2,69,0,16,66,2,84,30,0,30,114
10/29/2019,HKY,NC,ASO,ES,Federal Contract Tower,0,5,13,0,18,0,0,3,0,3,0,5,16,0,21,18,2,20,41
10/30/2019,HKY,NC,ASO,ES,Federal Contract Tower,0,4,5,0,9,0,0,0,0,0,0,4,5,0,9,0,0,0,9
10/31/2019,HKY,NC,ASO,ES,Federal Contract Tower,0,7,1,0,8,0,0,0,0,0,0,7,1,0,8,0,0,0,8
11/01/2019,HKY,NC,ASO,ES,Federal Contract Tower,0,15,9,0,24,0,3,45,3,51,0,18,54,3,75,38,0,38,113
11/02/2019,HKY,NC,ASO,ES,Federal Contract Tower,0,0,5,0,5,0,5,41,6,52,0,5,46,6,57,2,0,2,59
11/03/2019,HKY,NC,ASO,ES,Federal Contract Tower,0,2,4,0,6,0,0,54,0,54,0,2,58,0,60,16,0,16,76
11/04/2019,HKY,NC,ASO,ES,Federal Contract Tower,0,11,3,0,14,0,6,45,0,51,0,17,48,0,65,12,0,12,77
11/05/2019,HKY,NC,ASO,ES,Federal Contract Tower,0,0,4,0,4,0,0,57,9,66,0,0,61,9,70,20,0,20,90
11/06/2019,HKY,NC,ASO,ES,Federal Contract Tower,0,8,6,0,14,0,9,48,4,61,0,17,54,4,75,18,0,18,93
11/07/2019,HKY,NC,ASO,ES,Federal Contract Tower,0,1,7,0,8,0,6,24,6,36,0,7,31,6,44,8,0,8,52
11/08/2019,HKY,NC,ASO,ES,Federal Contract Tower,2,2,8,0,12,0,7,39,0,46,2,9,47,0,58,12,0,12,70
11/09/2019,HKY,NC,ASO,ES,Federal Contract Tower,0,0,7,0,7,0,1,139,2,142,0,1,146,2,149,16,0,16,165
11/10/2019,HKY,NC,ASO,ES,Federal Contract Tower,0,3,9,0,12,0,6,30,0,36,0,9,39,0,48,14,0,14,62
11/11/2019,HKY,NC,ASO,ES,Federal Contract Tower,0,3,5,0,8,0,10,36,0,46,0,13,41,0,54,16,0,16,70
11/12/2019,HKY,NC,ASO,ES,Federal Contract Tower,0,5,1,0,6,0,0,0,0,0,0,5,1,0,6,0,0,0,6
11/13/2019,HKY,NC,ASO,ES,Federal Contract Tower,0,14,7,0,21,0,13,30,0,43,0,27,37,0,64,10,0,10,74
11/14/2019,HKY,NC,ASO,ES,Federal Contract Tower,0,6,6,0,12,0,4,19,1,24,0,10,25,1,36,14,0,14,50
11/15/2019,HKY,NC,ASO,ES,Federal Contract Tower,0,5,10,0,15,0,8,54,1,63,0,13,64,1,78,22,0,22,100
11/16/2019,HKY,NC,ASO,ES,Federal Contract Tower,0,3,7,0,10,0,2,134,0,136,0,5,141,0,146,2,0,2,148
11/17/2019,HKY,NC,ASO,ES,Federal Contract Tower,0,2,7,0,9,0,2,32,0,34,0,4,39,0,43,8,0,8,51
11/18/2019,HKY,NC,ASO,ES,Federal Contract Tower,0,8,3,0,11,0,2,0,0,2,0,10,3,0,13,6,0,6,19
11/19/2019,HKY,NC,ASO,ES,Federal Contract Tower,0,11,6,0,17,0,0,23,2,25,0,11,29,2,42,14,0,14,56
11/20/2019,HKY,NC,ASO,ES,Federal Contract Tower,0,19,13,0,32,0,3,51,6,60,0,22,64,6,92,22,0,22,114
11/21/2019,HKY,NC,ASO,ES,Federal Contract Tower,0,13,5,0,18,0,3,45,8,56,0,16,50,8,74,40,0,40,114
11/22/2019,HKY,NC,ASO,ES,Federal Contract Tower,0,4,5,0,9,0,3,44,0,47,0,7,49,0,56,24,0,24,80
11/23/2019,HKY,NC,ASO,ES,Federal Contract Tower,0,4,0,0,4,0,0,0,0,0,0,4,0,0,4,0,0,0,4
11/24/2019,HKY,NC,ASO,ES,Federal Contract Tower,0,11,8,0,19,0,5,33,0,38,0,16,41,0,57,4,0,4,61
11/25/2019,HKY,NC,ASO,ES,Federal Contract Tower,0,10,5,0,15,0,6,43,6,55,0,16,48,6,70,20,0,20,90
11/26/2019,HKY,NC,ASO,ES,Federal Contract Tower,0,1,2,0,3,0,11,49,8,68,0,12,51,8,71,6,0,6,77
11/27/2019,HKY,NC,ASO,ES,Federal Contract Tower,0,12,7,2,21,0,0,1,0,1,0,12,8,2,22,0,0,0,22
11/28/2019,HKY,NC,ASO,ES,Federal Contract Tower,2,0,1,0,3,0,3,9,0,12,2,3,10,0,15,0,0,0,15
11/29/2019,HKY,NC,ASO,ES,Federal Contract Tower,0,8,7,0,15,0,1,47,0,48,0,9,54,0,63,24,0,24,87
11/30/2019,HKY,NC,ASO,ES,Federal Contract Tower,0,7,17,0,24,0,6,12,0,18,0,13,29,0,42,30,0,30,72
12/01/2019,HKY,NC,ASO,ES,Federal Contract Tower,0,5,3,0,8,0,2,4,0,6,0,7,7,0,14,0,0,0,14
12/02/2019,HKY,NC,ASO,ES,Federal Contract Tower,0,6,4,0,10,0,2,16,2,20,0,8,20,2,30,0,0,0,30
12/03/2019,HKY,NC,ASO,ES,Federal Contract Tower,0,9,5,0,14,0,6,41,3,50,0,15,46,3,64,68,0,68,132
12/04/2019,HKY,NC,ASO,ES,Federal Contract Tower,0,8,5,0,13,1,8,15,11,35,1,16,20,11,48,6,0,6,54
12/05/2019,HKY,NC,ASO,ES,Federal Contract Tower,0,4,9,0,13,0,5,31,1,37,0,9,40,1,50,16,0,16,66
12/06/2019,HKY,NC,ASO,ES,Federal Contract Tower,0,3,9,1,13,0,3,34,4,41,0,6,43,5,54,38,18,56,110
12/07/2019,HKY,NC,ASO,ES,Federal Contract Tower,0,3,7,0,10,0,1,74,0,75,0,4,81,0,85,30,0,30,115
12/08/2019,HKY,NC,ASO,ES,Federal Contract Tower,0,14,5,0,19,0,6,31,0,37,0,20,36,0,56,24,0,24,80
12/09/2019,HKY,NC,ASO,ES,Federal Contract Tower,0,8,2,0,10,0,0,0,0,0,0,8,2,0,10,0,0,0,10
12/10/2019,HKY,NC,ASO,ES,Federal Contract Tower,0,3,3,0,6,0,0,0,0,0,0,3,3,0,6,0,0,0,6
12/11/2019,HKY,NC,ASO,ES,Federal Contract Tower,0,5,10,0,15,0,5,45,0,50,0,10,55,0,65,44,0,44,109
12/12/2019,HKY,NC,ASO,ES,Federal Contract Tower,0,10,9,0,19,0,11,31,10,52,0,21,40,10,71,0,20,20,91
12/13/2019,HKY,NC,ASO,ES,Federal Contract Tower,0,15,2,0,17,0,0,0,0,0,0,15,2,0,17,0,0,0,17
12/14/2019,HKY,NC,ASO,ES,Federal Contract Tower,0,3,0,0,3,0,3,4,0,7,0,6,4,0,10,0,0,0,10
12/15/2019,HKY,NC,ASO,ES,Federal Contract Tower,0,2,5,0,7,0,5,59,0,64,0,7,64,0,71,58,0,58,129
12/16/2019,HKY,NC,ASO,ES,Federal Contract Tower,0,5,5,0,10,0,4,28,0,32,0,9,33,0,42,42,0,42,84
12/17/2019,HKY,NC,ASO,ES,Federal Contract Tower,2,7,4,0,13,0,0,0,0,0,2,7,4,0,13,0,0,0,13
12/18/2019,HKY,NC,ASO,ES,Federal Contract Tower,0,7,8,0,15,0,5,49,2,56,0,12,57,2,71,46,2,48,119
12/19/2019,HKY,NC,ASO,ES,Federal Contract Tower,0,3,2,0,5,0,7,52,0,59,0,10,54,0,64,16,0,16,80
12/20/2019,HKY,NC,ASO,ES,Federal Contract Tower,0,6,10,2,18,0,8,46,0,54,0,14,56,2,72,48,0,48,120
12/21/2019,HKY,NC,ASO,ES,Federal Contract Tower,0,5,4,1,10,0,3,43,1,47,0,8,47,2,57,8,0,8,65
12/22/2019,HKY,NC,ASO,ES,Federal Contract Tower,0,6,3,0,9,0,2,9,0,11,0,8,12,0,20,10,0,10,30
12/23/2019,HKY,NC,ASO,ES,Federal Contract Tower,0,4,2,0,6,0,0,0,0,0,0,4,2,0,6,0,0,0,6
12/24/2019,HKY,NC,ASO,ES,Federal Contract Tower,0,2,1,0,3,0,4,42,0,46,0,6,43,0,49,86,0,86,135
12/25/2019,HKY,NC,ASO,ES,Federal Contract Tower,0,2,3,0,5,0,1,8,3,12,0,3,11,3,17,2,0,2,19
12/26/2019,HKY,NC,ASO,ES,Federal Contract Tower,0,1,4,0,5,0,2,40,8,50,0,3,44,8,55,20,0,20,75
12/27/2019,HKY,NC,ASO,ES,Federal Contract Tower,0,11,9,0,20,0,9,49,2,60,0,20,58,2,80,24,0,24,104
12/28/2019,HKY,NC,ASO,ES,Federal Contract Tower,0,0,1,0,1,0,9,61,0,70,0,9,62,0,71,35,0,35,106
12/29/2019,HKY,NC,ASO,ES,Federal Contract Tower,0,0,0,0,0,0,0,0,0,0,0,0,0,0,0,0,0,0,0
12/30/2019,HKY,NC,ASO,ES,Federal Contract Tower,0,3,3,0,6,0,3,28,0,31,0,6,31,0,37,20,0,20,57
12/31/2019,HKY,NC,ASO,ES,Federal Contract Tower,0,7,2,0,9,0,2,35,3,40,0,9,37,3,49,10,0,10,59
01/01/2020,HKY,NC,ASO,ES,Federal Contract Tower,0,2,2,0,4,0,3,60,0,63,0,5,62,0,67,24,0,24,91
01/02/2020,HKY,NC,ASO,ES,Federal Contract Tower,0,4,12,0,16,0,6,9,2,17,0,10,21,2,33,4,0,4,37
01/03/2020,HKY,NC,ASO,ES,Federal Contract Tower,0,3,1,0,4,0,0,0,0,0,0,3,1,0,4,0,0,0,4
01/04/2020,HKY,NC,ASO,ES,Federal Contract Tower,0,5,8,0,13,0,3,1,0,4,0,8,9,0,17,0,0,0,17
01/05/2020,HKY,NC,ASO,ES,Federal Contract Tower,0,6,8,0,14,0,2,21,0,23,0,8,29,0,37,4,0,4,41
01/06/2020,HKY,NC,ASO,ES,Federal Contract Tower,0,3,4,0,7,0,11,23,0,34,0,14,27,0,41,10,0,10,51
01/07/2020,HKY,NC,ASO,ES,Federal Contract Tower,0,4,2,0,6,0,3,4,0,7,0,7,6,0,13,0,0,0,13
01/08/2020,HKY,NC,ASO,ES,Federal Contract Tower,0,5,1,0,6,0,1,19,0,20,0,6,20,0,26,22,2,24,50
01/09/2020,HKY,NC,ASO,ES,Federal Contract Tower,0,12,2,0,14,0,4,83,3,90,0,16,85,3,104,18,0,18,122
01/10/2020,HKY,NC,ASO,ES,Federal Contract Tower,0,3,7,0,10,0,1,16,3,20,0,4,23,3,30,22,0,22,52
01/11/2020,HKY,NC,ASO,ES,Federal Contract Tower,0,4,2,3,9,0,1,0,2,3,0,5,2,5,12,2,0,2,14
01/12/2020,HKY,NC,ASO,ES,Federal Contract Tower,0,6,3,0,9,0,2,93,1,96,0,8,96,1,105,44,0,44,149
01/13/2020,HKY,NC,ASO,ES,Federal Contract Tower,0,2,0,0,2,0,0,2,0,2,0,2,2,0,4,20,0,20,24
01/14/2020,HKY,NC,ASO,ES,Federal Contract Tower,0,4,1,0,5,0,2,3,0,5,0,6,4,0,10,0,0,0,10
01/15/2020,HKY,NC,ASO,ES,Federal Contract Tower,0,3,8,2,13,0,0,15,3,18,0,3,23,5,31,40,44,84,115
01/16/2020,HKY,NC,ASO,ES,Federal Contract Tower,0,5,2,0,7,0,2,13,6,21,0,7,15,6,28,42,0,42,70
01/17/2020,HKY,NC,ASO,ES,Federal Contract Tower,0,8,5,0,13,0,7,60,4,71,0,15,65,4,84,46,0,46,130
01/18/2020,HKY,NC,ASO,ES,Federal Contract Tower,0,0,0,0,0,0,0,3,1,4,0,0,3,1,4,12,0,12,16
01/19/2020,HKY,NC,ASO,ES,Federal Contract Tower,0,3,2,0,5,0,3,31,2,36,0,6,33,2,41,22,0,22,63
01/20/2020,HKY,NC,ASO,ES,Federal Contract Tower,0,3,12,0,15,0,5,33,0,38,0,8,45,0,53,0,0,0,53
01/21/2020,HKY,NC,ASO,ES,Federal Contract Tower,0,14,14,0,28,0,1,36,2,39,0,15,50,2,67,28,0,28,95
01/22/2020,HKY,NC,ASO,ES,Federal Contract Tower,0,2,5,0,7,0,6,29,3,38,0,8,34,3,45,32,6,38,83
01/23/2020,HKY,NC,ASO,ES,Federal Contract Tower,0,3,17,0,20,0,1,46,2,49,0,4,63,2,69,40,0,40,109
01/24/2020,HKY,NC,ASO,ES,Federal Contract Tower,0,9,7,1,17,0,0,0,0,0,0,9,7,1,17,0,0,0,17
01/25/2020,HKY,NC,ASO,ES,Federal Contract Tower,0,2,5,0,7,0,6,40,0,46,0,8,45,0,53,12,0,12,65
01/26/2020,HKY,NC,ASO,ES,Federal Contract Tower,0,3,12,0,15,0,6,71,2,79,0,9,83,2,94,44,0,44,138
01/27/2020,HKY,NC,ASO,ES,Federal Contract Tower,0,3,6,0,9,0,0,13,6,19,0,3,19,6,28,0,0,0,28
01/28/2020,HKY,NC,ASO,ES,Federal Contract Tower,0,4,6,4,14,0,2,67,5,74,0,6,73,9,88,96,0,96,184
01/29/2020,HKY,NC,ASO,ES,Federal Contract Tower,0,12,7,2,21,0,2,27,0,29,0,14,34,2,50,0,0,0,50
01/30/2020,HKY,NC,ASO,ES,Federal Contract Tower,0,9,13,0,22,0,2,59,0,61,0,11,72,0,83,76,0,76,159
01/31/2020,HKY,NC,ASO,ES,Federal Contract Tower,0,0,5,0,5,0,2,11,0,13,0,2,16,0,18,4,0,4,22
02/01/2020,HKY,NC,ASO,ES,Federal Contract Tower,0,5,11,0,16,0,3,25,0,28,0,8,36,0,44,14,0,14,58
02/02/2020,HKY,NC,ASO,ES,Federal Contract Tower,0,1,4,0,5,0,7,21,0,28,0,8,25,0,33,4,0,4,37
02/03/2020,HKY,NC,ASO,ES,Federal Contract Tower,2,5,10,0,17,0,0,56,2,58,2,5,66,2,75,24,0,24,99
02/04/2020,HKY,NC,ASO,ES,Federal Contract Tower,0,14,11,0,25,0,0,26,0,26,0,14,37,0,51,2,0,2,53
02/05/2020,HKY,NC,ASO,ES,Federal Contract Tower,0,9,4,0,13,0,0,0,0,0,0,9,4,0,13,0,0,0,13
02/06/2020,HKY,NC,ASO,ES,Federal Contract Tower,0,1,0,0,1,0,0,0,0,0,0,1,0,0,1,0,0,0,1
02/07/2020,HKY,NC,ASO,ES,Federal Contract Tower,0,6,3,0,9,0,3,4,0,7,0,9,7,0,16,0,0,0,16
02/08/2020,HKY,NC,ASO,ES,Federal Contract Tower,0,4,0,0,4,0,1,94,2,97,0,5,94,2,101,14,0,14,115
02/09/2020,HKY,NC,ASO,ES,Federal Contract Tower,0,6,4,0,10,0,4,55,0,59,0,10,59,0,69,54,0,54,123
02/10/2020,HKY,NC,ASO,ES,Federal Contract Tower,0,6,7,0,13,0,1,18,0,19,0,7,25,0,32,16,0,16,48
02/11/2020,HKY,NC,ASO,ES,Federal Contract Tower,0,5,8,0,13,0,0,3,0,3,0,5,11,0,16,0,0,0,16
02/12/2020,HKY,NC,ASO,ES,Federal Contract Tower,0,2,14,2,18,0,3,33,0,36,0,5,47,2,54,60,0,60,114
02/13/2020,HKY,NC,ASO,ES,Federal Contract Tower,0,9,2,0,11,0,0,0,4,4,0,9,2,4,15,0,0,0,15
02/14/2020,HKY,NC,ASO,ES,Federal Contract Tower,0,8,7,0,15,0,1,62,3,66,0,9,69,3,81,30,0,30,111
02/15/2020,HKY,NC,ASO,ES,Federal Contract Tower,0,1,1,0,2,0,2,87,2,91,0,3,88,2,93,26,0,26,119
02/16/2020,HKY,NC,ASO,ES,Federal Contract Tower,0,10,14,0,24,0,5,31,0,36,0,15,45,0,60,14,0,14,74
02/17/2020,HKY,NC,ASO,ES,Federal Contract Tower,0,12,13,1,26,0,7,53,5,65,0,19,66,6,91,24,0,24,115
02/18/2020,HKY,NC,ASO,ES,Federal Contract Tower,0,6,1,4,11,0,0,0,0,0,0,6,1,4,11,0,0,0,11
02/19/2020,HKY,NC,ASO,ES,Federal Contract Tower,0,13,9,0,22,0,1,30,4,35,0,14,39,4,57,31,0,31,88
02/20/2020,HKY,NC,ASO,ES,Federal Contract Tower,0,5,1,0,6,0,2,2,0,4,0,7,3,0,10,0,0,0,10
02/21/2020,HKY,NC,ASO,ES,Federal Contract Tower,0,7,6,0,13,0,1,65,8,74,0,8,71,8,87,38,0,38,125
02/22/2020,HKY,NC,ASO,ES,Federal Contract Tower,0,2,10,0,12,0,1,120,0,121,0,3,130,0,133,32,0,32,165
02/23/2020,HKY,NC,ASO,ES,Federal Contract Tower,0,1,5,0,6,0,2,48,0,50,0,3,53,0,56,16,0,16,72
02/24/2020,HKY,NC,ASO,ES,Federal Contract Tower,0,6,5,0,11,0,0,0,0,0,0,6,5,0,11,2,0,2,13
02/25/2020,HKY,NC,ASO,ES,Federal Contract Tower,0,4,4,0,8,0,0,2,0,2,0,4,6,0,10,0,0,0,10
02/26/2020,HKY,NC,ASO,ES,Federal Contract Tower,0,4,7,0,11,0,2,10,0,12,0,6,17,0,23,2,0,2,25
02/27/2020,HKY,NC,ASO,ES,Federal Contract Tower,0,7,3,1,11,0,2,13,14,29,0,9,16,15,40,2,0,2,42
02/28/2020,HKY,NC,ASO,ES,Federal Contract Tower,0,7,4,0,11,0,16,45,9,70,0,23,49,9,81,4,0,4,85
02/29/2020,HKY,NC,ASO,ES,Federal Contract Tower,0,0,6,0,6,0,2,30,0,32,0,2,36,0,38,4,0,4,42
03/01/2020,HKY,NC,ASO,ES,Federal Contract Tower,0,3,23,0,26,0,0,59,2,61,0,3,82,2,87,22,0,22,109
03/02/2020,HKY,NC,ASO,ES,Federal Contract Tower,0,6,3,0,9,0,4,19,7,30,0,10,22,7,39,26,0,26,65
03/03/2020,HKY,NC,ASO,ES,Federal Contract Tower,0,6,0,0,6,0,4,5,0,9,0,10,5,0,15,2,0,2,17
03/04/2020,HKY,NC,ASO,ES,Federal Contract Tower,0,6,1,1,8,0,3,42,3,48,0,9,43,4,56,24,0,24,80
03/05/2020,HKY,NC,ASO,ES,Federal Contract Tower,0,8,8,0,16,0,3,14,0,17,0,11,22,0,33,12,0,12,45
03/06/2020,HKY,NC,ASO,ES,Federal Contract Tower,0,3,4,2,9,0,7,15,2,24,0,10,19,4,33,0,2,2,35
03/07/2020,HKY,NC,ASO,ES,Federal Contract Tower,0,8,7,1,16,0,4,38,2,44,0,12,45,3,60,48,0,48,108
03/08/2020,HKY,NC,ASO,ES,Federal Contract Tower,0,5,10,0,15,0,6,77,3,86,0,11,87,3,101,20,0,20,121
03/09/2020,HKY,NC,ASO,ES,Federal Contract Tower,0,9,1,0,10,0,6,55,10,71,0,15,56,10,81,12,8,20,101
03/10/2020,HKY,NC,ASO,ES,Federal Contract Tower,0,9,6,0,15,0,7,17,5,29,0,16,23,5,44,2,0,2,46
03/11/2020,HKY,NC,ASO,ES,Federal Contract Tower,0,9,7,0,16,0,0,25,5,30,0,9,32,5,46,28,0,28,74
03/12/2020,HKY,NC,ASO,ES,Federal Contract Tower,0,3,1,2,6,0,4,44,0,48,0,7,45,2,54,10,0,10,64
03/13/2020,HKY,NC,ASO,ES,Federal Contract Tower,0,8,7,0,15,0,6,38,2,46,0,14,45,2,61,16,4,20,81
03/14/2020,HKY,NC,ASO,ES,Federal Contract Tower,0,5,5,0,10,0,1,108,1,110,0,6,113,1,120,12,0,12,132
03/15/2020,HKY,NC,ASO,ES,Federal Contract Tower,0,5,6,0,11,0,3,13,0,16,0,8,19,0,27,4,0,4,31
03/16/2020,HKY,NC,ASO,ES,Federal Contract Tower,0,3,19,0,22,0,4,9,0,13,0,7,28,0,35,0,0,0,35
03/17/2020,HKY,NC,ASO,ES,Federal Contract Tower,0,5,0,0,5,0,1,4,0,5,0,6,4,0,10,0,0,0,10
03/18/2020,HKY,NC,ASO,ES,Federal Contract Tower,0,5,1,0,6,0,0,6,0,6,0,5,7,0,12,0,0,0,12
03/19/2020,HKY,NC,ASO,ES,Federal Contract Tower,0,2,4,0,6,0,0,15,4,19,0,2,19,4,25,10,0,10,35
03/20/2020,HKY,NC,ASO,ES,Federal Contract Tower,0,0,16,0,16,0,1,17,1,19,0,1,33,1,35,20,0,20,55
03/21/2020,HKY,NC,ASO,ES,Federal Contract Tower,0,2,0,0,2,0,9,35,0,44,0,11,35,0,46,14,0,14,60
03/22/2020,HKY,NC,ASO,ES,Federal Contract Tower,0,1,8,0,9,0,0,15,0,15,0,1,23,0,24,20,0,20,44
03/23/2020,HKY,NC,ASO,ES,Federal Contract Tower,0,0,7,0,7,0,0,0,0,0,0,0,7,0,7,0,0,0,7
03/24/2020,HKY,NC,ASO,ES,Federal Contract Tower,0,1,0,0,1,0,0,0,0,0,0,1,0,0,1,0,0,0,1
03/25/2020,HKY,NC,ASO,ES,Federal Contract Tower,0,4,8,0,12,0,3,23,0,26,0,7,31,0,38,20,0,20,58
03/26/2020,HKY,NC,ASO,ES,Federal Contract Tower,0,2,6,0,8,0,0,0,0,0,0,2,6,0,8,0,0,0,8
03/27/2020,HKY,NC,ASO,ES,Federal Contract Tower,0,2,8,1,11,0,4,51,5,60,0,6,59,6,71,26,0,26,97
03/28/2020,HKY,NC,ASO,ES,Federal Contract Tower,0,0,7,0,7,0,1,25,6,32,0,1,32,6,39,0,0,0,39
03/29/2020,HKY,NC,ASO,ES,Federal Contract Tower,0,1,0,0,1,0,1,22,3,26,0,2,22,3,27,2,0,2,29
03/30/2020,HKY,NC,ASO,ES,Federal Contract Tower,0,0,4,0,4,0,1,31,13,45,0,1,35,13,49,6,0,6,55
03/31/2020,HKY,NC,ASO,ES,Federal Contract Tower,0,0,0,0,0,0,5,0,0,5,0,5,0,0,5,0,0,0,5
04/01/2020,HKY,NC,ASO,ES,Federal Contract Tower,0,1,0,1,2,0,2,5,0,7,0,3,5,1,9,0,0,0,9
04/02/2020,HKY,NC,ASO,ES,Federal Contract Tower,0,0,3,0,3,0,3,17,2,22,0,3,20,2,25,24,0,24,49
04/03/2020,HKY,NC,ASO,ES,Federal Contract Tower,0,0,2,0,2,0,2,36,6,44,0,2,38,6,46,20,0,20,66
04/04/2020,HKY,NC,ASO,ES,Federal Contract Tower,0,4,7,0,11,0,2,40,12,54,0,6,47,12,65,20,0,20,85
04/05/2020,HKY,NC,ASO,ES,Federal Contract Tower,0,7,7,0,14,0,1,19,4,24,0,8,26,4,38,4,0,4,42
04/06/2020,HKY,NC,ASO,ES,Federal Contract Tower,0,1,3,1,5,0,6,19,12,37,0,7,22,13,42,2,0,2,44
04/07/2020,HKY,NC,ASO,ES,Federal Contract Tower,0,0,4,0,4,0,9,19,7,35,0,9,23,7,39,22,4,26,65
04/08/2020,HKY,NC,ASO,ES,Federal Contract Tower,0,0,3,0,3,0,4,11,6,21,0,4,14,6,24,0,0,0,24
04/09/2020,HKY,NC,ASO,ES,Federal Contract Tower,0,0,2,0,2,0,4,2,2,8,0,4,4,2,10,2,0,2,12
04/10/2020,HKY,NC,ASO,ES,Federal Contract Tower,0,0,0,0,0,0,6,3,3,12,0,6,3,3,12,4,0,4,16
04/11/2020,HKY,NC,ASO,ES,Federal Contract Tower,0,0,8,0,8,0,2,77,29,108,0,2,85,29,116,16,0,16,132
04/12/2020,HKY,NC,ASO,ES,Federal Contract Tower,0,0,0,0,0,0,0,1,0,1,0,0,1,0,1,0,0,0,1
04/13/2020,HKY,NC,ASO,ES,Federal Contract Tower,0,0,1,2,3,0,2,0,0,2,0,2,1,2,5,0,0,0,5
04/14/2020,HKY,NC,ASO,ES,Federal Contract Tower,0,3,3,0,6,0,4,27,2,33,0,7,30,2,39,32,0,32,71
04/15/2020,HKY,NC,ASO,ES,Federal Contract Tower,0,2,1,0,3,0,4,20,0,24,0,6,21,0,27,2,0,2,29
04/16/2020,HKY,NC,ASO,ES,Federal Contract Tower,0,0,1,1,2,0,0,22,1,23,0,0,23,2,25,4,0,4,29
04/17/2020,HKY,NC,ASO,ES,Federal Contract Tower,0,0,1,0,1,0,3,22,2,27,0,3,23,2,28,0,0,0,28
04/18/2020,HKY,NC,ASO,ES,Federal Contract Tower,0,0,0,0,0,0,0,22,0,22,0,0,22,0,22,14,0,14,36
04/19/2020,HKY,NC,ASO,ES,Federal Contract Tower,0,1,2,0,3,0,2,28,0,30,0,3,30,0,33,12,0,12,45
04/20/2020,HKY,NC,ASO,ES,Federal Contract Tower,0,4,4,0,8,0,3,18,0,21,0,7,22,0,29,4,0,4,33
04/21/2020,HKY,NC,ASO,ES,Federal Contract Tower,0,1,2,0,3,0,11,13,0,24,0,12,15,0,27,0,0,0,27
04/22/2020,HKY,NC,ASO,ES,Federal Contract Tower,2,0,2,0,4,0,2,47,0,49,2,2,49,0,53,20,0,20,73
04/23/2020,HKY,NC,ASO,ES,Federal Contract Tower,0,0,4,0,4,0,0,0,0,0,0,0,4,0,4,0,0,0,4
04/24/2020,HKY,NC,ASO,ES,Federal Contract Tower,0,2,5,0,7,0,2,39,0,41,0,4,44,0,48,8,0,8,56
04/25/2020,HKY,NC,ASO,ES,Federal Contract Tower,0,6,7,0,13,0,4,0,0,4,0,10,7,0,17,2,0,2,19
04/26/2020,HKY,NC,ASO,ES,Federal Contract Tower,0,0,6,0,6,0,2,26,0,28,0,2,32,0,34,8,0,8,42
04/27/2020,HKY,NC,ASO,ES,Federal Contract Tower,0,1,7,0,8,0,4,14,2,20,0,5,21,2,28,2,0,2,30
04/28/2020,HKY,NC,ASO,ES,Federal Contract Tower,0,2,8,0,10,0,2,46,6,54,0,4,54,6,64,40,0,40,104
04/29/2020,HKY,NC,ASO,ES,Federal Contract Tower,0,1,1,0,2,0,1,3,2,6,0,2,4,2,8,0,0,0,8
04/30/2020,HKY,NC,ASO,ES,Federal Contract Tower,0,2,4,0,6,0,4,16,2,22,0,6,20,2,28,26,0,26,54
05/01/2020,HKY,NC,ASO,ES,Federal Contract Tower,0,2,14,0,16,0,4,11,2,17,0,6,25,2,33,4,0,4,37
05/02/2020,HKY,NC,ASO,ES,Federal Contract Tower,0,1,4,0,5,0,2,55,0,57,0,3,59,0,62,16,0,16,78
05/03/2020,HKY,NC,ASO,ES,Federal Contract Tower,0,9,6,0,15,0,4,30,0,34,0,13,36,0,49,20,0,20,69
05/04/2020,HKY,NC,ASO,ES,Federal Contract Tower,0,1,4,0,5,0,3,66,0,69,0,4,70,0,74,32,0,32,106
05/05/2020,HKY,NC,ASO,ES,Federal Contract Tower,0,3,4,0,7,0,4,5,0,9,0,7,9,0,16,20,0,20,36
05/06/2020,HKY,NC,ASO,ES,Federal Contract Tower,0,2,3,0,5,0,2,9,4,15,0,4,12,4,20,0,0,0,20
05/07/2020,HKY,NC,ASO,ES,Federal Contract Tower,0,4,5,0,9,0,0,50,2,52,0,4,55,2,61,22,0,22,83
05/08/2020,HKY,NC,ASO,ES,Federal Contract Tower,0,0,3,0,3,0,4,30,0,34,0,4,33,0,37,18,0,18,55
05/09/2020,HKY,NC,ASO,ES,Federal Contract Tower,0,5,7,0,12,0,4,40,0,44,0,9,47,0,56,8,0,8,64
05/10/2020,HKY,NC,ASO,ES,Federal Contract Tower,0,2,2,0,4,0,5,31,0,36,0,7,33,0,40,0,0,0,40
05/11/2020,HKY,NC,ASO,ES,Federal Contract Tower,0,2,6,0,8,0,3,12,0,15,0,5,18,0,23,2,0,2,25
05/12/2020,HKY,NC,ASO,ES,Federal Contract Tower,0,6,11,0,17,0,3,46,0,49,0,9,57,0,66,62,2,64,130
05/13/2020,HKY,NC,ASO,ES,Federal Contract Tower,0,3,14,0,17,0,6,32,0,38,0,9,46,0,55,46,0,46,101
05/14/2020,HKY,NC,ASO,ES,Federal Contract Tower,0,4,2,0,6,0,3,26,0,29,0,7,28,0,35,10,0,10,45
05/15/2020,HKY,NC,ASO,ES,Federal Contract Tower,0,5,4,0,9,0,7,57,2,66,0,12,61,2,75,20,0,20,95
05/16/2020,HKY,NC,ASO,ES,Federal Contract Tower,0,1,12,0,13,0,5,41,0,46,0,6,53,0,59,8,0,8,67
05/17/2020,HKY,NC,ASO,ES,Federal Contract Tower,0,2,13,0,15,0,7,52,1,60,0,9,65,1,75,28,2,30,105
05/18/2020,HKY,NC,ASO,ES,Federal Contract Tower,0,3,5,0,8,0,1,2,0,3,0,4,7,0,11,0,0,0,11
05/19/2020,HKY,NC,ASO,ES,Federal Contract Tower,0,0,3,0,3,0,0,0,0,0,0,0,3,0,3,0,0,0,3
05/20/2020,HKY,NC,ASO,ES,Federal Contract Tower,0,0,0,0,0,0,0,0,0,0,0,0,0,0,0,0,0,0,0
05/21/2020,HKY,NC,ASO,ES,Federal Contract Tower,0,9,2,0,11,0,0,0,0,0,0,9,2,0,11,0,0,0,11
05/22/2020,HKY,NC,ASO,ES,Federal Contract Tower,0,2,9,0,11,0,4,24,0,28,0,6,33,0,39,12,0,12,51
05/23/2020,HKY,NC,ASO,ES,Federal Contract Tower,0,1,9,0,10,0,4,22,0,26,0,5,31,0,36,18,0,18,54
05/24/2020,HKY,NC,ASO,ES,Federal Contract Tower,0,4,5,0,9,0,1,28,0,29,0,5,33,0,38,2,0,2,40
05/25/2020,HKY,NC,ASO,ES,Federal Contract Tower,0,2,6,0,8,0,3,2,0,5,0,5,8,0,13,2,0,2,15
05/26/2020,HKY,NC,ASO,ES,Federal Contract Tower,0,4,18,0,22,0,3,4,2,9,0,7,22,2,31,8,18,26,57
05/27/2020,HKY,NC,ASO,ES,Federal Contract Tower,0,4,3,0,7,0,0,0,0,0,0,4,3,0,7,0,0,0,7
05/28/2020,HKY,NC,ASO,ES,Federal Contract Tower,0,0,4,0,4,0,2,6,0,8,0,2,10,0,12,14,0,14,26
05/29/2020,HKY,NC,ASO,ES,Federal Contract Tower,0,1,14,0,15,0,2,12,2,16,0,3,26,2,31,32,0,32,63
05/30/2020,HKY,NC,ASO,ES,Federal Contract Tower,0,1,10,0,11,0,13,44,0,57,0,14,54,0,68,32,0,32,100
05/31/2020,HKY,NC,ASO,ES,Federal Contract Tower,0,5,8,0,13,0,1,47,0,48,0,6,55,0,61,4,0,4,65
06/01/2020,HKY,NC,ASO,ES,Federal Contract Tower,0,3,5,0,8,0,2,56,3,61,0,5,61,3,69,28,0,28,97
06/02/2020,HKY,NC,ASO,ES,Federal Contract Tower,0,0,14,0,14,0,9,39,2,50,0,9,53,2,64,20,0,20,84
06/03/2020,HKY,NC,ASO,ES,Federal Contract Tower,0,14,18,0,32,0,7,46,4,57,0,21,64,4,89,32,0,32,121
06/04/2020,HKY,NC,ASO,ES,Federal Contract Tower,0,18,10,0,28,0,3,37,2,42,0,21,47,2,70,20,0,20,90
06/05/2020,HKY,NC,ASO,ES,Federal Contract Tower,0,7,1,0,8,0,2,20,2,24,0,9,21,2,32,48,0,48,80
06/06/2020,HKY,NC,ASO,ES,Federal Contract Tower,0,6,7,0,13,0,0,63,0,63,0,6,70,0,76,10,0,10,86
06/07/2020,HKY,NC,ASO,ES,Federal Contract Tower,0,7,0,0,7,0,2,31,0,33,0,9,31,0,40,20,0,20,60
06/08/2020,HKY,NC,ASO,ES,Federal Contract Tower,0,6,20,0,26,0,2,8,0,10,0,8,28,0,36,0,0,0,36
06/09/2020,HKY,NC,ASO,ES,Federal Contract Tower,0,0,11,4,15,0,6,15,3,24,0,6,26,7,39,10,0,10,49
06/10/2020,HKY,NC,ASO,ES,Federal Contract Tower,0,2,0,0,2,0,4,1,0,5,0,6,1,0,7,2,0,2,9
06/11/2020,HKY,NC,ASO,ES,Federal Contract Tower,0,5,6,0,11,0,9,40,2,51,0,14,46,2,62,12,0,12,74
06/12/2020,HKY,NC,ASO,ES,Federal Contract Tower,0,7,17,0,24,0,9,67,1,77,0,16,84,1,101,32,0,32,133
06/13/2020,HKY,NC,ASO,ES,Federal Contract Tower,0,2,11,0,13,0,2,45,0,47,0,4,56,0,60,30,0,30,90
06/14/2020,HKY,NC,ASO,ES,Federal Contract Tower,0,1,9,0,10,0,1,39,0,40,0,2,48,0,50,10,0,10,60
06/15/2020,HKY,NC,ASO,ES,Federal Contract Tower,0,3,12,0,15,0,2,2,2,6,0,5,14,2,21,2,0,2,23
06/16/2020,HKY,NC,ASO,ES,Federal Contract Tower,2,9,3,2,16,0,0,0,0,0,2,9,3,2,16,0,0,0,16
06/17/2020,HKY,NC,ASO,ES,Federal Contract Tower,0,7,5,0,12,0,0,6,0,6,0,7,11,0,18,16,0,16,34
06/18/2020,HKY,NC,ASO,ES,Federal Contract Tower,0,2,2,0,4,0,2,16,0,18,0,4,18,0,22,16,0,16,38
06/19/2020,HKY,NC,ASO,ES,Federal Contract Tower,0,6,9,0,15,0,2,19,0,21,0,8,28,0,36,16,0,16,52
06/20/2020,HKY,NC,ASO,ES,Federal Contract Tower,0,2,6,0,8,0,2,46,0,48,0,4,52,0,56,6,0,6,62
06/21/2020,HKY,NC,ASO,ES,Federal Contract Tower,0,3,4,0,7,0,2,37,0,39,0,5,41,0,46,2,0,2,48
06/22/2020,HKY,NC,ASO,ES,Federal Contract Tower,0,4,8,0,12,0,4,43,5,52,0,8,51,5,64,38,6,44,108
06/23/2020,HKY,NC,ASO,ES,Federal Contract Tower,0,7,8,0,15,0,1,23,0,24,0,8,31,0,39,10,0,10,49
06/24/2020,HKY,NC,ASO,ES,Federal Contract Tower,0,9,21,2,32,0,0,65,1,66,0,9,86,3,98,20,0,20,118
06/25/2020,HKY,NC,ASO,ES,Federal Contract Tower,0,4,9,0,13,0,2,29,2,33,0,6,38,2,46,40,0,40,86
06/26/2020,HKY,NC,ASO,ES,Federal Contract Tower,0,10,11,0,21,1,4,84,2,91,1,14,95,2,112,38,0,38,150
06/27/2020,HKY,NC,ASO,ES,Federal Contract Tower,0,8,9,0,17,0,3,65,0,68,0,11,74,0,85,58,0,58,143
06/28/2020,HKY,NC,ASO,ES,Federal Contract Tower,0,15,10,1,26,0,2,25,1,28,0,17,35,2,54,22,0,22,76
06/29/2020,HKY,NC,ASO,ES,Federal Contract Tower,0,2,7,0,9,0,2,27,4,33,0,4,34,4,42,16,0,16,58
06/30/2020,HKY,NC,ASO,ES,Federal Contract Tower,0,12,6,2,20,0,4,17,4,25,0,16,23,6,45,36,0,36,81
07/01/2020,HKY,NC,ASO,ES,Federal Contract Tower,0,1,9,0,10,0,7,33,2,42,0,8,42,2,52,40,0,40,92
07/02/2020,HKY,NC,ASO,ES,Federal Contract Tower,0,7,6,0,13,0,3,58,2,63,0,10,64,2,76,44,0,44,120
07/03/2020,HKY,NC,ASO,ES,Federal Contract Tower,0,2,5,0,7,0,0,47,0,47,0,2,52,0,54,16,0,16,70
07/04/2020,HKY,NC,ASO,ES,Federal Contract Tower,0,0,3,0,3,0,1,36,3,40,0,1,39,3,43,18,0,18,61
07/05/2020,HKY,NC,ASO,ES,Federal Contract Tower,0,4,5,0,9,0,1,13,0,14,0,5,18,0,23,10,0,10,33
07/06/2020,HKY,NC,ASO,ES,Federal Contract Tower,0,6,17,0,23,0,6,38,1,45,0,12,55,1,68,34,0,34,102
07/07/2020,HKY,NC,ASO,ES,Federal Contract Tower,0,13,3,0,16,0,2,0,2,4,0,15,3,2,20,0,0,0,20
07/08/2020,HKY,NC,ASO,ES,Federal Contract Tower,0,2,5,1,8,0,0,28,3,31,0,2,33,4,39,54,14,68,107
07/09/2020,HKY,NC,ASO,ES,Federal Contract Tower,0,6,3,0,9,0,3,59,7,69,0,9,62,7,78,64,0,64,142
07/10/2020,HKY,NC,ASO,ES,Federal Contract Tower,0,10,3,0,13,0,1,21,1,23,0,11,24,1,36,34,0,34,70
07/11/2020,HKY,NC,ASO,ES,Federal Contract Tower,0,1,7,0,8,0,5,54,0,59,0,6,61,0,67,34,0,34,101
07/12/2020,HKY,NC,ASO,ES,Federal Contract Tower,0,7,9,0,16,0,6,48,0,54,0,13,57,0,70,4,0,4,74
07/13/2020,HKY,NC,ASO,ES,Federal Contract Tower,0,3,13,0,16,0,6,34,2,42,0,9,47,2,58,58,0,58,116
07/14/2020,HKY,NC,ASO,ES,Federal Contract Tower,0,5,6,0,11,0,1,63,0,64,0,6,69,0,75,96,0,96,171
07/15/2020,HKY,NC,ASO,ES,Federal Contract Tower,0,7,0,0,7,0,1,45,0,46,0,8,45,0,53,36,0,36,89
07/16/2020,HKY,NC,ASO,ES,Federal Contract Tower,0,2,5,4,11,0,1,30,2,33,0,3,35,6,44,12,0,12,56
07/17/2020,HKY,NC,ASO,ES,Federal Contract Tower,0,9,2,0,11,0,3,35,0,38,0,12,37,0,49,40,0,40,89
07/18/2020,HKY,NC,ASO,ES,Federal Contract Tower,0,3,4,0,7,0,5,34,0,39,0,8,38,0,46,14,0,14,60
07/19/2020,HKY,NC,ASO,ES,Federal Contract Tower,0,7,3,0,10,0,0,18,0,18,0,7,21,0,28,26,0,26,54
07/20/2020,HKY,NC,ASO,ES,Federal Contract Tower,0,8,7,0,15,0,4,33,4,41,0,12,40,4,56,16,0,16,72
07/21/2020,HKY,NC,ASO,ES,Federal Contract Tower,2,8,3,0,13,0,4,43,1,48,2,12,46,1,61,24,0,24,85
07/22/2020,HKY,NC,ASO,ES,Federal Contract Tower,0,3,7,2,12,0,0,36,1,37,0,3,43,3,49,38,10,48,97
07/23/2020,HKY,NC,ASO,ES,Federal Contract Tower,0,3,6,0,9,0,5,32,3,40,0,8,38,3,49,32,0,32,81
07/24/2020,HKY,NC,ASO,ES,Federal Contract Tower,0,14,5,0,19,0,4,34,5,43,0,18,39,5,62,2,0,2,64
07/25/2020,HKY,NC,ASO,ES,Federal Contract Tower,0,8,5,0,13,0,2,24,0,26,0,10,29,0,39,32,0,32,71
07/26/2020,HKY,NC,ASO,ES,Federal Contract Tower,0,11,6,0,17,0,2,40,1,43,0,13,46,1,60,14,0,14,74
07/27/2020,HKY,NC,ASO,ES,Federal Contract Tower,0,2,6,0,8,0,2,36,3,41,0,4,42,3,49,32,0,32,81
07/28/2020,HKY,NC,ASO,ES,Federal Contract Tower,0,5,1,0,6,0,1,33,12,46,0,6,34,12,52,18,0,18,70
07/29/2020,HKY,NC,ASO,ES,Federal Contract Tower,0,7,4,0,11,0,1,30,14,45,0,8,34,14,56,18,0,18,74
07/30/2020,HKY,NC,ASO,ES,Federal Contract Tower,0,7,11,0,18,0,4,9,0,13,0,11,20,0,31,24,0,24,55
07/31/2020,HKY,NC,ASO,ES,Federal Contract Tower,0,7,18,0,25,0,0,40,0,40,0,7,58,0,65,30,6,36,101
08/01/2020,HKY,NC,ASO,ES,Federal Contract Tower,0,4,19,0,23,0,2,45,0,47,0,6,64,0,70,70,0,70,140
08/02/2020,HKY,NC,ASO,ES,Federal Contract Tower,0,8,13,0,21,0,18,26,0,44,0,26,39,0,65,32,0,32,97
08/03/2020,HKY,NC,ASO,ES,Federal Contract Tower,0,5,3,0,8,0,0,11,0,11,0,5,14,0,19,14,0,14,33
08/04/2020,HKY,NC,ASO,ES,Federal Contract Tower,0,10,7,1,18,0,5,42,9,56,0,15,49,10,74,46,12,58,132
08/05/2020,HKY,NC,ASO,ES,Federal Contract Tower,0,3,8,0,11,0,1,31,0,32,0,4,39,0,43,48,0,48,91
08/06/2020,HKY,NC,ASO,ES,Federal Contract Tower,0,3,34,0,37,0,0,29,0,29,0,3,63,0,66,20,0,20,86
08/07/2020,HKY,NC,ASO,ES,Federal Contract Tower,0,11,14,0,25,0,0,2,2,4,0,11,16,2,29,0,0,0,29
08/08/2020,HKY,NC,ASO,ES,Federal Contract Tower,0,8,20,0,28,0,1,54,2,57,0,9,74,2,85,36,0,36,121
08/09/2020,HKY,NC,ASO,ES,Federal Contract Tower,0,4,8,0,12,0,5,66,0,71,0,9,74,0,83,38,0,38,121
08/10/2020,HKY,NC,ASO,ES,Federal Contract Tower,0,16,5,0,21,0,2,57,3,62,0,18,62,3,83,42,0,42,125
08/11/2020,HKY,NC,ASO,ES,Federal Contract Tower,0,16,4,0,20,0,6,33,0,39,0,22,37,0,59,20,0,20,79
08/12/2020,HKY,NC,ASO,ES,Federal Contract Tower,0,3,9,0,12,0,1,20,4,25,0,4,29,4,37,30,0,30,67
08/13/2020,HKY,NC,ASO,ES,Federal Contract Tower,0,13,5,0,18,0,0,16,0,16,0,13,21,0,34,70,0,70,104
08/14/2020,HKY,NC,ASO,ES,Federal Contract Tower,0,6,4,0,10,0,5,21,0,26,0,11,25,0,36,38,0,38,74
08/15/2020,HKY,NC,ASO,ES,Federal Contract Tower,0,2,3,0,5,0,0,1,0,1,0,2,4,0,6,0,0,0,6
08/16/2020,HKY,NC,ASO,ES,Federal Contract Tower,0,10,14,0,24,0,3,20,0,23,0,13,34,0,47,48,0,48,95
08/17/2020,HKY,NC,ASO,ES,Federal Contract Tower,0,3,6,0,9,0,2,21,0,23,0,5,27,0,32,20,0,20,52
08/18/2020,HKY,NC,ASO,ES,Federal Contract Tower,0,14,5,0,19,0,6,69,0,75,0,20,74,0,94,44,0,44,138
08/19/2020,HKY,NC,ASO,ES,Federal Contract Tower,0,3,5,0,8,0,1,24,0,25,0,4,29,0,33,14,0,14,47
08/20/2020,HKY,NC,ASO,ES,Federal Contract Tower,0,9,11,0,20,0,1,5,0,6,0,10,16,0,26,6,0,6,32
08/21/2020,HKY,NC,ASO,ES,Federal Contract Tower,0,12,2,0,14,0,1,0,0,1,0,13,2,0,15,0,0,0,15
08/22/2020,HKY,NC,ASO,ES,Federal Contract Tower,0,6,19,0,25,0,2,21,0,23,0,8,40,0,48,10,0,10,58
08/23/2020,HKY,NC,ASO,ES,Federal Contract Tower,0,9,5,0,14,0,3,28,0,31,0,12,33,0,45,34,0,34,79
08/24/2020,HKY,NC,ASO,ES,Federal Contract Tower,0,8,10,0,18,0,1,20,2,23,0,9,30,2,41,22,0,22,63
08/25/2020,HKY,NC,ASO,ES,Federal Contract Tower,0,10,4,0,14,0,2,34,8,44,0,12,38,8,58,54,0,54,112
08/26/2020,HKY,NC,ASO,ES,Federal Contract Tower,0,1,8,2,11,0,0,61,1,62,0,1,69,3,73,40,0,40,113
08/27/2020,HKY,NC,ASO,ES,Federal Contract Tower,0,3,5,0,8,0,6,48,0,54,0,9,53,0,62,46,0,46,108
08/28/2020,HKY,NC,ASO,ES,Federal Contract Tower,0,9,5,0,14,0,2,47,0,49,0,11,52,0,63,56,0,56,119
08/29/2020,HKY,NC,ASO,ES,Federal Contract Tower,0,2,4,0,6,0,3,1,0,4,0,5,5,0,10,0,0,0,10
08/30/2020,HKY,NC,ASO,ES,Federal Contract Tower,0,19,6,0,25,0,3,38,0,41,0,22,44,0,66,58,0,58,124
08/31/2020,HKY,NC,ASO,ES,Federal Contract Tower,0,5,3,0,8,0,0,2,0,2,0,5,5,0,10,0,0,0,10
09/01/2020,HKY,NC,ASO,ES,Federal Contract Tower,0,7,8,0,15,0,2,8,0,10,0,9,16,0,25,12,0,12,37
09/02/2020,HKY,NC,ASO,ES,Federal Contract Tower,0,8,22,0,30,0,1,21,2,24,0,9,43,2,54,38,0,38,92
09/03/2020,HKY,NC,ASO,ES,Federal Contract Tower,0,11,6,0,17,0,2,68,0,70,0,13,74,0,87,36,0,36,123
09/04/2020,HKY,NC,ASO,ES,Federal Contract Tower,0,4,7,0,11,0,0,43,4,47,0,4,50,4,58,56,0,56,114
09/05/2020,HKY,NC,ASO,ES,Federal Contract Tower,0,4,9,0,13,0,2,38,0,40,0,6,47,0,53,22,0,22,75
09/06/2020,HKY,NC,ASO,ES,Federal Contract Tower,0,0,6,0,6,0,3,32,0,35,0,3,38,0,41,20,0,20,61
09/07/2020,HKY,NC,ASO,ES,Federal Contract Tower,0,6,10,0,16,0,1,64,0,65,0,7,74,0,81,10,0,10,91
09/08/2020,HKY,NC,ASO,ES,Federal Contract Tower,0,3,6,4,13,0,2,39,5,46,0,5,45,9,59,40,0,40,99
09/09/2020,HKY,NC,ASO,ES,Federal Contract Tower,0,9,14,2,25,0,1,2,0,3,0,10,16,2,28,12,0,12,40
09/10/2020,HKY,NC,ASO,ES,Federal Contract Tower,0,9,5,2,16,0,4,9,1,14,0,13,14,3,30,0,0,0,30
09/11/2020,HKY,NC,ASO,ES,Federal Contract Tower,0,4,11,0,15,0,1,31,9,41,0,5,42,9,56,50,2,52,108
09/12/2020,HKY,NC,ASO,ES,Federal Contract Tower,0,6,11,0,17,0,0,0,0,0,0,6,11,0,17,0,0,0,17
09/13/2020,HKY,NC,ASO,ES,Federal Contract Tower,0,5,16,0,21,0,4,10,0,14,0,9,26,0,35,16,0,16,51
09/14/2020,HKY,NC,ASO,ES,Federal Contract Tower,0,5,4,0,9,0,4,20,0,24,0,9,24,0,33,6,0,6,39
09/15/2020,HKY,NC,ASO,ES,Federal Contract Tower,0,5,8,0,13,0,5,38,0,43,0,10,46,0,56,20,0,20,76
09/16/2020,HKY,NC,ASO,ES,Federal Contract Tower,0,4,5,0,9,0,6,68,0,74,0,10,73,0,83,36,0,36,119
09/17/2020,HKY,NC,ASO,ES,Federal Contract Tower,0,12,1,0,13,0,0,0,0,0,0,12,1,0,13,0,0,0,13
09/18/2020,HKY,NC,ASO,ES,Federal Contract Tower,0,15,12,0,27,0,1,42,2,45,0,16,54,2,72,44,0,44,116
09/19/2020,HKY,NC,ASO,ES,Federal Contract Tower,0,8,4,0,12,0,3,33,0,36,0,11,37,0,48,44,0,44,92
09/20/2020,HKY,NC,ASO,ES,Federal Contract Tower,0,4,14,0,18,0,1,48,0,49,0,5,62,0,67,58,0,58,125
09/21/2020,HKY,NC,ASO,ES,Federal Contract Tower,0,3,8,0,11,0,3,46,4,53,0,6,54,4,64,46,0,46,110
09/22/2020,HKY,NC,ASO,ES,Federal Contract Tower,0,4,6,0,10,0,0,64,0,64,0,4,70,0,74,58,0,58,132
09/23/2020,HKY,NC,ASO,ES,Federal Contract Tower,0,5,12,0,17,0,2,65,0,67,0,7,77,0,84,40,0,40,124
09/24/2020,HKY,NC,ASO,ES,Federal Contract Tower,0,14,7,0,21,0,2,16,0,18,0,16,23,0,39,18,0,18,57
09/25/2020,HKY,NC,ASO,ES,Federal Contract Tower,5,8,4,0,17,0,0,0,0,0,5,8,4,0,17,0,0,0,17
09/26/2020,HKY,NC,ASO,ES,Federal Contract Tower,2,9,11,4,26,0,6,16,2,24,2,15,27,6,50,16,0,16,66
09/27/2020,HKY,NC,ASO,ES,Federal Contract Tower,0,11,16,0,27,0,5,23,0,28,0,16,39,0,55,8,0,8,63
09/28/2020,HKY,NC,ASO,ES,Federal Contract Tower,0,13,17,0,30,0,2,8,8,18,0,15,25,8,48,14,0,14,62
09/29/2020,HKY,NC,ASO,ES,Federal Contract Tower,0,14,2,2,18,0,4,5,2,11,0,18,7,4,29,16,16,32,61
09/30/2020,HKY,NC,ASO,ES,Federal Contract Tower,0,3,6,0,9,0,1,65,2,68,0,4,71,2,77,70,0,70,147
10/01/2020,HKY,NC,ASO,ES,Federal Contract Tower,0,18,3,0,21,0,4,55,1,60,0,22,58,1,81,38,0,38,119
10/02/2020,HKY,NC,ASO,ES,Federal Contract Tower,0,14,15,0,29,0,3,49,2,54,0,17,64,2,83,54,0,54,137
10/03/2020,HKY,NC,ASO,ES,Federal Contract Tower,0,2,5,0,7,0,3,44,7,54,0,5,49,7,61,14,0,14,75
10/04/2020,HKY,NC,ASO,ES,Federal Contract Tower,0,11,13,0,24,0,4,47,0,51,0,15,60,0,75,44,0,44,119
10/05/2020,HKY,NC,ASO,ES,Federal Contract Tower,0,9,9,0,18,0,5,23,0,28,0,14,32,0,46,38,0,38,84
10/06/2020,HKY,NC,ASO,ES,Federal Contract Tower,0,5,11,0,16,0,5,50,0,55,0,10,61,0,71,48,0,48,119
10/07/2020,HKY,NC,ASO,ES,Federal Contract Tower,0,7,3,0,10,0,0,0,0,0,0,7,3,0,10,40,0,40,50
10/08/2020,HKY,NC,ASO,ES,Federal Contract Tower,0,12,13,0,25,0,3,69,4,76,0,15,82,4,101,22,0,22,123
10/09/2020,HKY,NC,ASO,ES,Federal Contract Tower,0,7,13,0,20,0,5,40,0,45,0,12,53,0,65,48,0,48,113
10/10/2020,HKY,NC,ASO,ES,Federal Contract Tower,0,1,0,0,1,0,0,0,0,0,0,1,0,0,1,0,0,0,1
10/11/2020,HKY,NC,ASO,ES,Federal Contract Tower,0,8,10,0,18,0,0,0,0,0,0,8,10,0,18,0,0,0,18
10/12/2020,HKY,NC,ASO,ES,Federal Contract Tower,0,13,9,0,22,0,0,3,0,3,0,13,12,0,25,0,0,0,25
10/13/2020,HKY,NC,ASO,ES,Federal Contract Tower,0,8,18,0,26,0,9,36,4,49,0,17,54,4,75,30,0,30,105
10/14/2020,HKY,NC,ASO,ES,Federal Contract Tower,0,2,6,0,8,0,3,98,11,112,0,5,104,11,120,74,2,76,196
10/15/2020,HKY,NC,ASO,ES,Federal Contract Tower,0,11,8,0,19,0,4,22,2,28,0,15,30,2,47,12,0,12,59
10/16/2020,HKY,NC,ASO,ES,Federal Contract Tower,0,7,9,0,16,0,1,40,0,41,0,8,49,0,57,46,0,46,103
10/17/2020,HKY,NC,ASO,ES,Federal Contract Tower,0,4,13,0,17,0,1,53,0,54,0,5,66,0,71,58,0,58,129
10/18/2020,HKY,NC,ASO,ES,Federal Contract Tower,0,5,8,0,13,0,4,41,0,45,0,9,49,0,58,2,0,2,60
10/19/2020,HKY,NC,ASO,ES,Federal Contract Tower,0,7,8,0,15,0,0,43,13,56,0,7,51,13,71,26,0,26,97
10/20/2020,HKY,NC,ASO,ES,Federal Contract Tower,0,9,4,0,13,0,5,46,8,59,0,14,50,8,72,80,0,80,152
10/21/2020,HKY,NC,ASO,ES,Federal Contract Tower,1,5,17,0,23,0,2,31,6,39,1,7,48,6,62,38,0,38,100
10/22/2020,HKY,NC,ASO,ES,Federal Contract Tower,0,8,15,2,25,0,7,60,23,90,0,15,75,25,115,46,0,46,161
10/23/2020,HKY,NC,ASO,ES,Federal Contract Tower,0,7,12,0,19,0,1,63,2,66,0,8,75,2,85,46,0,46,131
10/24/2020,HKY,NC,ASO,ES,Federal Contract Tower,0,5,1,0,6,0,9,17,0,26,0,14,18,0,32,8,0,8,40
10/25/2020,HKY,NC,ASO,ES,Federal Contract Tower,0,2,5,0,7,0,0,0,0,0,0,2,5,0,7,0,0,0,7
10/26/2020,HKY,NC,ASO,ES,Federal Contract Tower,0,15,7,0,22,0,8,3,0,11,0,23,10,0,33,0,0,0,33
10/27/2020,HKY,NC,ASO,ES,Federal Contract Tower,0,9,14,0,23,0,2,18,0,20,0,11,32,0,43,46,0,46,89
10/28/2020,HKY,NC,ASO,ES,Federal Contract Tower,0,13,8,0,21,0,0,0,0,0,0,13,8,0,21,0,0,0,21
10/29/2020,HKY,NC,ASO,ES,Federal Contract Tower,0,5,1,0,6,0,1,4,0,5,0,6,5,0,11,0,0,0,11
10/30/2020,HKY,NC,ASO,ES,Federal Contract Tower,2,5,6,0,13,0,0,35,4,39,2,5,41,4,52,48,0,48,100
10/31/2020,HKY,NC,ASO,ES,Federal Contract Tower,0,0,16,0,16,0,2,34,11,47,0,2,50,11,63,8,0,8,71
11/01/2020,HKY,NC,ASO,ES,Federal Contract Tower,0,4,6,11,21,0,3,4,0,7,0,7,10,11,28,0,0,0,28
11/02/2020,HKY,NC,ASO,ES,Federal Contract Tower,0,2,3,0,5,0,3,43,5,51,0,5,46,5,56,16,2,18,74
11/03/2020,HKY,NC,ASO,ES,Federal Contract Tower,0,7,2,1,10,0,10,51,1,62,0,17,53,2,72,50,0,50,122
11/04/2020,HKY,NC,ASO,ES,Federal Contract Tower,1,5,1,0,7,0,2,72,2,76,1,7,73,2,83,22,0,22,105
11/05/2020,HKY,NC,ASO,ES,Federal Contract Tower,0,8,9,0,17,0,3,59,4,66,0,11,68,4,83,16,0,16,99
11/06/2020,HKY,NC,ASO,ES,Federal Contract Tower,3,4,6,0,13,0,16,57,0,73,3,20,63,0,86,44,0,44,130
11/07/2020,HKY,NC,ASO,ES,Federal Contract Tower,0,1,12,0,13,0,0,41,0,41,0,1,53,0,54,8,0,8,62
11/08/2020,HKY,NC,ASO,ES,Federal Contract Tower,0,4,7,0,11,0,2,31,0,33,0,6,38,0,44,54,0,54,98
11/09/2020,HKY,NC,ASO,ES,Federal Contract Tower,2,3,9,0,14,0,2,24,0,26,2,5,33,0,40,26,0,26,66
11/10/2020,HKY,NC,ASO,ES,Federal Contract Tower,1,12,9,6,28,0,1,3,0,4,1,13,12,6,32,0,0,0,32
11/11/2020,HKY,NC,ASO,ES,Federal Contract Tower,1,2,10,0,13,0,1,1,0,2,1,3,11,0,15,0,0,0,15
11/12/2020,HKY,NC,ASO,ES,Federal Contract Tower,0,8,7,0,15,0,0,0,0,0,0,8,7,0,15,0,0,0,15
11/13/2020,HKY,NC,ASO,ES,Federal Contract Tower,0,5,19,0,24,0,1,40,9,50,0,6,59,9,74,8,0,8,82
11/14/2020,HKY,NC,ASO,ES,Federal Contract Tower,0,0,8,0,8,0,4,78,0,82,0,4,86,0,90,20,0,20,110
11/15/2020,HKY,NC,ASO,ES,Federal Contract Tower,0,4,5,0,9,0,1,4,0,5,0,5,9,0,14,0,0,0,14
11/16/2020,HKY,NC,ASO,ES,Federal Contract Tower,0,4,8,0,12,0,8,44,4,56,0,12,52,4,68,24,0,24,92
11/17/2020,HKY,NC,ASO,ES,Federal Contract Tower,2,4,3,0,9,0,4,35,12,51,2,8,38,12,60,10,4,14,74
11/18/2020,HKY,NC,ASO,ES,Federal Contract Tower,1,5,9,0,15,0,1,36,7,44,1,6,45,7,59,4,0,4,63
11/19/2020,HKY,NC,ASO,ES,Federal Contract Tower,0,3,6,0,9,0,3,75,4,82,0,6,81,4,91,52,0,52,143
11/20/2020,HKY,NC,ASO,ES,Federal Contract Tower,1,1,4,0,6,0,3,57,4,64,1,4,61,4,70,50,0,50,120
11/21/2020,HKY,NC,ASO,ES,Federal Contract Tower,1,4,9,0,14,0,4,52,2,58,1,8,61,2,72,22,0,22,94
11/22/2020,HKY,NC,ASO,ES,Federal Contract Tower,1,1,8,0,10,0,1,13,0,14,1,2,21,0,24,2,0,2,26
11/23/2020,HKY,NC,ASO,ES,Federal Contract Tower,1,6,2,0,9,0,0,46,4,50,1,6,48,4,59,68,0,68,127
11/24/2020,HKY,NC,ASO,ES,Federal Contract Tower,2,10,8,0,20,0,3,70,3,76,2,13,78,3,96,14,0,14,110
11/25/2020,HKY,NC,ASO,ES,Federal Contract Tower,1,12,16,0,29,0,2,4,0,6,1,14,20,0,35,8,0,8,43
11/26/2020,HKY,NC,ASO,ES,Federal Contract Tower,1,3,3,0,7,0,1,3,0,4,1,4,6,0,11,0,0,0,11
11/27/2020,HKY,NC,ASO,ES,Federal Contract Tower,0,6,10,0,16,0,4,50,0,54,0,10,60,0,70,24,0,24,94
11/28/2020,HKY,NC,ASO,ES,Federal Contract Tower,0,9,9,0,18,0,8,74,0,82,0,17,83,0,100,24,0,24,124
11/29/2020,HKY,NC,ASO,ES,Federal Contract Tower,0,9,9,0,18,0,0,21,0,21,0,9,30,0,39,2,0,2,41
11/30/2020,HKY,NC,ASO,ES,Federal Contract Tower,0,11,5,4,20,0,3,2,3,8,0,14,7,7,28,2,0,2,30
12/01/2020,HKY,NC,ASO,ES,Federal Contract Tower,0,7,4,2,13,0,2,15,0,17,0,9,19,2,30,20,0,20,50
12/02/2020,HKY,NC,ASO,ES,Federal Contract Tower,0,5,5,2,12,0,2,44,4,50,0,7,49,6,62,14,4,18,80
12/03/2020,HKY,NC,ASO,ES,Federal Contract Tower,1,6,12,3,22,0,2,58,5,65,1,8,70,8,87,44,0,44,131
12/04/2020,HKY,NC,ASO,ES,Federal Contract Tower,0,8,5,0,13,0,4,12,0,16,0,12,17,0,29,74,0,74,103
12/05/2020,HKY,NC,ASO,ES,Federal Contract Tower,0,2,11,2,15,0,0,29,0,29,0,2,40,2,44,0,0,0,44
12/06/2020,HKY,NC,ASO,ES,Federal Contract Tower,0,0,8,0,8,0,8,36,1,45,0,8,44,1,53,2,0,2,55
12/07/2020,HKY,NC,ASO,ES,Federal Contract Tower,0,4,2,0,6,0,3,7,2,12,0,7,9,2,18,20,0,20,38
12/08/2020,HKY,NC,ASO,ES,Federal Contract Tower,1,6,4,0,11,0,2,71,8,81,1,8,75,8,92,44,0,44,136
12/09/2020,HKY,NC,ASO,ES,Federal Contract Tower,0,7,3,0,10,0,0,33,4,37,0,7,36,4,47,32,0,32,79
12/10/2020,HKY,NC,ASO,ES,Federal Contract Tower,0,2,11,0,13,0,2,55,0,57,0,4,66,0,70,22,0,22,92
12/11/2020,HKY,NC,ASO,ES,Federal Contract Tower,0,3,20,2,25,0,3,48,3,54,0,6,68,5,79,43,0,43,122
12/12/2020,HKY,NC,ASO,ES,Federal Contract Tower,0,0,7,0,7,0,4,40,0,44,0,4,47,0,51,58,0,58,109
12/13/2020,HKY,NC,ASO,ES,Federal Contract Tower,0,1,17,0,18,0,0,44,0,44,0,1,61,0,62,68,0,68,130
12/14/2020,HKY,NC,ASO,ES,Federal Contract Tower,0,4,0,0,4,0,1,11,0,12,0,5,11,0,16,0,0,0,16
12/15/2020,HKY,NC,ASO,ES,Federal Contract Tower,0,6,11,0,17,0,1,47,2,50,0,7,58,2,67,32,0,32,99
12/16/2020,HKY,NC,ASO,ES,Federal Contract Tower,0,2,4,0,6,0,0,0,0,0,0,2,4,0,6,0,0,0,6
12/17/2020,HKY,NC,ASO,ES,Federal Contract Tower,2,6,6,2,16,0,3,0,0,3,2,9,6,2,19,0,0,0,19
12/18/2020,HKY,NC,ASO,ES,Federal Contract Tower,0,5,8,0,13,0,0,81,2,83,0,5,89,2,96,72,0,72,168
12/19/2020,HKY,NC,ASO,ES,Federal Contract Tower,0,4,5,0,9,0,7,42,0,49,0,11,47,0,58,32,0,32,90
12/20/2020,HKY,NC,ASO,ES,Federal Contract Tower,1,6,0,0,7,0,0,4,0,4,1,6,4,0,11,2,0,2,13
12/21/2020,HKY,NC,ASO,ES,Federal Contract Tower,2,0,8,0,10,0,2,40,0,42,2,2,48,0,52,22,0,22,74
12/22/2020,HKY,NC,ASO,ES,Federal Contract Tower,1,9,6,0,16,0,5,53,4,62,1,14,59,4,78,54,0,54,132
12/23/2020,HKY,NC,ASO,ES,Federal Contract Tower,1,11,14,0,26,0,0,42,0,42,1,11,56,0,68,6,0,6,74
12/24/2020,HKY,NC,ASO,ES,Federal Contract Tower,0,2,0,0,2,0,0,0,0,0,0,2,0,0,2,0,0,0,2
12/25/2020,HKY,NC,ASO,ES,Federal Contract Tower,0,2,0,0,2,0,0,0,0,0,0,2,0,0,2,0,0,0,2
12/26/2020,HKY,NC,ASO,ES,Federal Contract Tower,0,3,18,0,21,0,9,43,0,52,0,12,61,0,73,20,0,20,93
12/27/2020,HKY,NC,ASO,ES,Federal Contract Tower,0,6,13,0,19,0,4,28,0,32,0,10,41,0,51,16,0,16,67
12/28/2020,HKY,NC,ASO,ES,Federal Contract Tower,0,6,5,0,11,0,0,45,0,45,0,6,50,0,56,20,0,20,76
12/29/2020,HKY,NC,ASO,ES,Federal Contract Tower,0,9,6,0,15,0,3,43,2,48,0,12,49,2,63,34,0,34,97
12/30/2020,HKY,NC,ASO,ES,Federal Contract Tower,0,11,8,0,19,0,0,3,3,6,0,11,11,3,25,14,0,14,39
12/31/2020,HKY,NC,ASO,ES,Federal Contract Tower,0,4,6,0,10,0,0,0,0,0,0,4,6,0,10,0,0,0,10
01/01/2021,HKY,NC,ASO,ES,Federal Contract Tower,0,3,0,0,3,0,0,0,0,0,0,3,0,0,3,0,0,0,3
01/02/2021,HKY,NC,ASO,ES,Federal Contract Tower,0,8,8,0,16,0,0,0,0,0,0,8,8,0,16,0,0,0,16
01/03/2021,HKY,NC,ASO,ES,Federal Contract Tower,0,9,7,0,16,0,1,5,0,6,0,10,12,0,22,6,0,6,28
01/04/2021,HKY,NC,ASO,ES,Federal Contract Tower,0,4,9,0,13,0,2,34,2,38,0,6,43,2,51,8,0,8,59
01/05/2021,HKY,NC,ASO,ES,Federal Contract Tower,0,6,4,0,10,0,8,25,0,33,0,14,29,0,43,0,0,0,43
01/06/2021,HKY,NC,ASO,ES,Federal Contract Tower,0,2,2,6,10,0,4,60,1,65,0,6,62,7,75,40,4,44,119
01/07/2021,HKY,NC,ASO,ES,Federal Contract Tower,0,2,8,3,13,0,6,30,0,36,0,8,38,3,49,22,6,28,77
01/08/2021,HKY,NC,ASO,ES,Federal Contract Tower,0,2,2,0,4,0,0,0,0,0,0,2,2,0,4,0,0,0,4
01/09/2021,HKY,NC,ASO,ES,Federal Contract Tower,0,6,19,0,25,0,1,44,0,45,0,7,63,0,70,10,0,10,80
01/10/2021,HKY,NC,ASO,ES,Federal Contract Tower,0,13,6,0,19,0,3,49,0,52,0,16,55,0,71,52,0,52,123
01/11/2021,HKY,NC,ASO,ES,Federal Contract Tower,0,0,5,0,5,0,0,14,1,15,0,0,19,1,20,10,4,14,34
01/12/2021,HKY,NC,ASO,ES,Federal Contract Tower,2,2,7,0,11,0,3,40,0,43,2,5,47,0,54,52,0,52,106
01/13/2021,HKY,NC,ASO,ES,Federal Contract Tower,0,0,16,0,16,0,2,50,0,52,0,2,66,0,68,26,0,26,94
01/14/2021,HKY,NC,ASO,ES,Federal Contract Tower,0,8,10,0,18,0,0,24,0,24,0,8,34,0,42,22,0,22,64
01/15/2021,HKY,NC,ASO,ES,Federal Contract Tower,0,4,6,0,10,0,4,5,0,9,0,8,11,0,19,8,0,8,27
01/16/2021,HKY,NC,ASO,ES,Federal Contract Tower,0,5,3,0,8,0,2,24,0,26,0,7,27,0,34,20,0,20,54
01/17/2021,HKY,NC,ASO,ES,Federal Contract Tower,0,1,9,0,10,0,0,41,0,41,0,1,50,0,51,26,0,26,77
01/18/2021,HKY,NC,ASO,ES,Federal Contract Tower,0,0,9,0,9,0,3,23,0,26,0,3,32,0,35,12,0,12,47
01/19/2021,HKY,NC,ASO,ES,Federal Contract Tower,0,8,4,0,12,0,6,46,4,56,0,14,50,4,68,20,0,20,88
01/20/2021,HKY,NC,ASO,ES,Federal Contract Tower,1,10,5,0,16,0,9,34,4,47,1,19,39,4,63,12,0,12,75
01/21/2021,HKY,NC,ASO,ES,Federal Contract Tower,0,9,13,2,24,0,2,58,0,60,0,11,71,2,84,30,0,30,114
01/22/2021,HKY,NC,ASO,ES,Federal Contract Tower,0,9,9,0,18,0,2,46,4,52,0,11,55,4,70,24,8,32,102
01/23/2021,HKY,NC,ASO,ES,Federal Contract Tower,0,2,8,0,10,0,1,50,0,51,0,3,58,0,61,54,0,54,115
01/24/2021,HKY,NC,ASO,ES,Federal Contract Tower,1,7,7,0,15,1,2,37,0,40,2,9,44,0,55,34,0,34,89
01/25/2021,HKY,NC,ASO,ES,Federal Contract Tower,1,7,5,0,13,0,0,0,0,0,1,7,5,0,13,0,0,0,13
01/26/2021,HKY,NC,ASO,ES,Federal Contract Tower,0,10,4,0,14,0,0,0,0,0,0,10,4,0,14,0,0,0,14
01/27/2021,HKY,NC,ASO,ES,Federal Contract Tower,0,4,2,0,6,0,1,20,4,25,0,5,22,4,31,20,0,20,51
01/28/2021,HKY,NC,ASO,ES,Federal Contract Tower,1,7,4,0,12,0,3,43,0,46,1,10,47,0,58,8,0,8,66
01/29/2021,HKY,NC,ASO,ES,Federal Contract Tower,0,2,16,0,18,0,1,74,2,77,0,3,90,2,95,34,0,34,129
01/30/2021,HKY,NC,ASO,ES,Federal Contract Tower,0,5,2,0,7,0,2,71,0,73,0,7,73,0,80,86,0,86,166
01/31/2021,HKY,NC,ASO,ES,Federal Contract Tower,0,3,0,0,3,0,0,0,0,0,0,3,0,0,3,0,0,0,3
02/01/2021,HKY,NC,ASO,ES,Federal Contract Tower,0,8,1,0,9,0,3,4,0,7,0,11,5,0,16,6,0,6,22
02/02/2021,HKY,NC,ASO,ES,Federal Contract Tower,0,1,1,0,2,0,4,5,0,9,0,5,6,0,11,8,0,8,19
02/03/2021,HKY,NC,ASO,ES,Federal Contract Tower,0,4,1,0,5,0,3,23,0,26,0,7,24,0,31,20,0,20,51
02/04/2021,HKY,NC,ASO,ES,Federal Contract Tower,0,7,17,0,24,0,5,41,3,49,0,12,58,3,73,60,6,66,139
02/05/2021,HKY,NC,ASO,ES,Federal Contract Tower,0,5,8,5,18,0,4,18,3,25,0,9,26,8,43,30,12,42,85
02/06/2021,HKY,NC,ASO,ES,Federal Contract Tower,0,9,10,0,19,0,0,83,0,83,0,9,93,0,102,28,0,28,130
02/07/2021,HKY,NC,ASO,ES,Federal Contract Tower,0,2,4,0,6,0,4,9,0,13,0,6,13,0,19,24,0,24,43
02/08/2021,HKY,NC,ASO,ES,Federal Contract Tower,1,2,4,0,7,0,3,36,5,44,1,5,40,5,51,74,0,74,125
02/09/2021,HKY,NC,ASO,ES,Federal Contract Tower,0,6,10,0,16,0,1,58,2,61,0,7,68,2,77,80,0,80,157
02/10/2021,HKY,NC,ASO,ES,Federal Contract Tower,0,8,4,0,12,0,1,23,0,24,0,9,27,0,36,40,0,40,76
02/11/2021,HKY,NC,ASO,ES,Federal Contract Tower,0,8,0,0,8,0,0,0,0,0,0,8,0,0,8,0,0,0,8
02/12/2021,HKY,NC,ASO,ES,Federal Contract Tower,0,5,2,0,7,0,0,0,0,0,0,5,2,0,7,0,0,0,7
02/13/2021,HKY,NC,ASO,ES,Federal Contract Tower,0,4,0,0,4,0,0,0,0,0,0,4,0,0,4,0,0,0,4
02/14/2021,HKY,NC,ASO,ES,Federal Contract Tower,0,5,8,0,13,0,0,0,0,0,0,5,8,0,13,0,0,0,13
02/15/2021,HKY,NC,ASO,ES,Federal Contract Tower,2,7,1,0,10,0,0,0,0,0,2,7,1,0,10,0,0,0,10
02/16/2021,HKY,NC,ASO,ES,Federal Contract Tower,1,6,5,0,12,0,0,28,0,28,1,6,33,0,40,14,4,18,58
02/17/2021,HKY,NC,ASO,ES,Federal Contract Tower,0,11,6,0,17,0,0,59,6,65,0,11,65,6,82,18,0,18,100
02/18/2021,HKY,NC,ASO,ES,Federal Contract Tower,0,7,0,0,7,0,0,0,0,0,0,7,0,0,7,0,0,0,7
02/19/2021,HKY,NC,ASO,ES,Federal Contract Tower,0,4,11,0,15,0,1,40,2,43,0,5,51,2,58,38,0,38,96
02/20/2021,HKY,NC,ASO,ES,Federal Contract Tower,0,6,8,0,14,0,1,91,0,92,0,7,99,0,106,30,0,30,136
02/21/2021,HKY,NC,ASO,ES,Federal Contract Tower,0,9,8,0,17,0,9,46,0,55,0,18,54,0,72,14,0,14,86
02/22/2021,HKY,NC,ASO,ES,Federal Contract Tower,0,0,0,0,0,0,0,11,0,11,0,0,11,0,11,6,0,6,17
02/23/2021,HKY,NC,ASO,ES,Federal Contract Tower,0,6,6,0,12,0,5,30,0,35,0,11,36,0,47,2,0,2,49
02/24/2021,HKY,NC,ASO,ES,Federal Contract Tower,0,11,9,0,20,0,7,64,5,76,0,18,73,5,96,18,2,20,116
02/25/2021,HKY,NC,ASO,ES,Federal Contract Tower,0,9,4,0,13,0,3,90,3,96,0,12,94,3,109,38,0,38,147
02/26/2021,HKY,NC,ASO,ES,Federal Contract Tower,0,7,2,0,9,0,0,0,0,0,0,7,2,0,9,0,0,0,9
02/27/2021,HKY,NC,ASO,ES,Federal Contract Tower,0,4,8,0,12,0,4,0,0,4,0,8,8,0,16,0,0,0,16
02/28/2021,HKY,NC,ASO,ES,Federal Contract Tower,0,8,9,0,17,0,5,1,0,6,0,13,10,0,23,0,0,0,23
03/01/2021,HKY,NC,ASO,ES,Federal Contract Tower,1,8,2,0,11,0,4,10,0,14,1,12,12,0,25,20,2,22,47
03/02/2021,HKY,NC,ASO,ES,Federal Contract Tower,0,9,2,0,11,0,1,50,2,53,0,10,52,2,64,38,16,54,118
03/03/2021,HKY,NC,ASO,ES,Federal Contract Tower,0,7,7,0,14,0,4,39,0,43,0,11,46,0,57,64,0,64,121
03/04/2021,HKY,NC,ASO,ES,Federal Contract Tower,0,13,11,2,26,0,2,33,0,35,0,15,44,2,61,18,8,26,87
03/05/2021,HKY,NC,ASO,ES,Federal Contract Tower,0,7,11,2,20,0,7,39,0,46,0,14,50,2,66,32,0,32,98
03/06/2021,HKY,NC,ASO,ES,Federal Contract Tower,0,4,9,0,13,0,1,50,2,53,0,5,59,2,66,46,0,46,112
03/07/2021,HKY,NC,ASO,ES,Federal Contract Tower,1,2,8,0,11,0,5,49,4,58,1,7,57,4,69,56,0,56,125
03/08/2021,HKY,NC,ASO,ES,Federal Contract Tower,1,2,5,0,8,0,11,43,16,70,1,13,48,16,78,72,0,72,150
03/09/2021,HKY,NC,ASO,ES,Federal Contract Tower,1,7,2,0,10,0,0,37,4,41,1,7,39,4,51,62,0,62,113
03/10/2021,HKY,NC,ASO,ES,Federal Contract Tower,2,6,9,2,19,0,2,38,8,48,2,8,47,10,67,22,0,22,89
03/11/2021,HKY,NC,ASO,ES,Federal Contract Tower,0,8,11,2,21,0,5,24,5,34,0,13,35,7,55,32,2,34,89
03/12/2021,HKY,NC,ASO,ES,Federal Contract Tower,2,6,5,0,13,0,10,57,4,71,2,16,62,4,84,46,0,46,130
03/13/2021,HKY,NC,ASO,ES,Federal Contract Tower,0,6,8,0,14,0,2,109,0,111,0,8,117,0,125,16,0,16,141
03/14/2021,HKY,NC,ASO,ES,Federal Contract Tower,1,13,9,0,23,0,4,40,0,44,1,17,49,0,67,2,0,2,69
03/15/2021,HKY,NC,ASO,ES,Federal Contract Tower,0,8,5,0,13,0,6,44,2,52,0,14,49,2,65,60,0,60,125
03/16/2021,HKY,NC,ASO,ES,Federal Contract Tower,2,13,4,2,21,0,0,0,0,0,2,13,4,2,21,0,0,0,21
03/17/2021,HKY,NC,ASO,ES,Federal Contract Tower,1,5,2,0,8,0,0,3,0,3,1,5,5,0,11,0,0,0,11
03/18/2021,HKY,NC,ASO,ES,Federal Contract Tower,0,5,0,0,5,0,1,0,0,1,0,6,0,0,6,0,0,0,6
03/19/2021,HKY,NC,ASO,ES,Federal Contract Tower,0,13,6,0,19,0,6,3,0,9,0,19,9,0,28,0,0,0,28
03/20/2021,HKY,NC,ASO,ES,Federal Contract Tower,1,2,4,0,7,0,2,52,4,58,1,4,56,4,65,24,20,44,109
03/21/2021,HKY,NC,ASO,ES,Federal Contract Tower,0,7,7,0,14,0,1,21,0,22,0,8,28,0,36,14,0,14,50
03/22/2021,HKY,NC,ASO,ES,Federal Contract Tower,2,6,8,2,18,0,8,46,0,54,2,14,54,2,72,28,16,44,116
03/23/2021,HKY,NC,ASO,ES,Federal Contract Tower,1,20,11,0,32,0,4,32,0,36,1,24,43,0,68,74,0,74,142
03/24/2021,HKY,NC,ASO,ES,Federal Contract Tower,1,8,9,0,18,0,1,1,0,2,1,9,10,0,20,0,0,0,20
03/25/2021,HKY,NC,ASO,ES,Federal Contract Tower,1,13,1,0,15,0,0,0,0,0,1,13,1,0,15,0,0,0,15
03/26/2021,HKY,NC,ASO,ES,Federal Contract Tower,2,3,12,0,17,0,8,62,2,72,2,11,74,2,89,30,0,30,119
03/27/2021,HKY,NC,ASO,ES,Federal Contract Tower,1,11,8,0,20,0,7,32,0,39,1,18,40,0,59,2,0,2,61
03/28/2021,HKY,NC,ASO,ES,Federal Contract Tower,1,5,2,0,8,0,0,3,0,3,1,5,5,0,11,0,0,0,11
03/29/2021,HKY,NC,ASO,ES,Federal Contract Tower,1,10,9,0,20,0,0,106,2,108,1,10,115,2,128,34,0,34,162
03/30/2021,HKY,NC,ASO,ES,Federal Contract Tower,1,7,9,0,17,0,5,76,0,81,1,12,85,0,98,20,2,22,120
03/31/2021,HKY,NC,ASO,ES,Federal Contract Tower,2,6,0,0,8,0,0,0,0,0,2,6,0,0,8,0,0,0,8
04/01/2021,HKY,NC,ASO,ES,Federal Contract Tower,1,10,3,0,14,0,4,7,4,15,1,14,10,4,29,12,0,12,41
04/02/2021,HKY,NC,ASO,ES,Federal Contract Tower,1,5,11,0,17,0,2,32,0,34,1,7,43,0,51,30,0,30,81
04/03/2021,HKY,NC,ASO,ES,Federal Contract Tower,1,7,6,0,14,0,4,102,0,106,1,11,108,0,120,60,0,60,180
04/04/2021,HKY,NC,ASO,ES,Federal Contract Tower,0,2,6,0,8,0,3,37,0,40,0,5,43,0,48,2,0,2,50
04/05/2021,HKY,NC,ASO,ES,Federal Contract Tower,1,11,8,0,20,0,11,46,9,66,1,22,54,9,86,30,0,30,116
04/06/2021,HKY,NC,ASO,ES,Federal Contract Tower,1,2,13,0,16,0,3,36,0,39,1,5,49,0,55,32,0,32,87
04/07/2021,HKY,NC,ASO,ES,Federal Contract Tower,1,7,8,0,16,0,8,60,0,68,1,15,68,0,84,68,2,70,154
04/08/2021,HKY,NC,ASO,ES,Federal Contract Tower,1,4,6,0,11,0,6,25,0,31,1,10,31,0,42,6,0,6,48
04/09/2021,HKY,NC,ASO,ES,Federal Contract Tower,1,3,6,0,10,0,6,36,1,43,1,9,42,1,53,24,8,32,85
04/10/2021,HKY,NC,ASO,ES,Federal Contract Tower,1,4,0,0,5,0,0,3,0,3,1,4,3,0,8,0,0,0,8
04/11/2021,HKY,NC,ASO,ES,Federal Contract Tower,0,10,5,0,15,0,7,13,0,20,0,17,18,0,35,0,0,0,35
04/12/2021,HKY,NC,ASO,ES,Federal Contract Tower,1,5,8,0,14,0,15,31,0,46,1,20,39,0,60,4,0,4,64
04/13/2021,HKY,NC,ASO,ES,Federal Contract Tower,1,15,8,0,24,0,6,53,16,75,1,21,61,16,99,34,0,34,133
04/14/2021,HKY,NC,ASO,ES,Federal Contract Tower,1,13,3,0,17,0,2,55,0,57,1,15,58,0,74,24,0,24,98
04/15/2021,HKY,NC,ASO,ES,Federal Contract Tower,1,10,8,0,19,0,4,27,7,38,1,14,35,7,57,20,0,20,77
04/16/2021,HKY,NC,ASO,ES,Federal Contract Tower,1,5,10,0,16,0,0,76,3,79,1,5,86,3,95,36,0,36,131
04/17/2021,HKY,NC,ASO,ES,Federal Contract Tower,1,5,5,1,12,0,3,43,9,55,1,8,48,10,67,6,4,10,77
04/18/2021,HKY,NC,ASO,ES,Federal Contract Tower,0,7,4,0,11,0,0,50,3,53,0,7,54,3,64,14,0,14,78
04/19/2021,HKY,NC,ASO,ES,Federal Contract Tower,0,3,3,0,6,0,0,48,5,53,0,3,51,5,59,16,0,16,75
04/20/2021,HKY,NC,ASO,ES,Federal Contract Tower,0,3,5,2,10,0,1,25,4,30,0,4,30,6,40,4,0,4,44
04/21/2021,HKY,NC,ASO,ES,Federal Contract Tower,0,10,3,0,13,0,1,14,3,18,0,11,17,3,31,12,0,12,43
04/22/2021,HKY,NC,ASO,ES,Federal Contract Tower,0,11,1,0,12,0,8,26,5,39,0,19,27,5,51,44,0,44,95
04/23/2021,HKY,NC,ASO,ES,Federal Contract Tower,0,10,11,3,24,0,2,54,7,63,0,12,65,10,87,36,0,36,123
04/24/2021,HKY,NC,ASO,ES,Federal Contract Tower,0,2,3,0,5,0,0,0,0,0,0,2,3,0,5,0,0,0,5
04/25/2021,HKY,NC,ASO,ES,Federal Contract Tower,0,12,18,0,30,0,3,30,0,33,0,15,48,0,63,18,0,18,81
04/26/2021,HKY,NC,ASO,ES,Federal Contract Tower,0,16,7,0,23,0,2,89,3,94,0,18,96,3,117,18,0,18,135
04/27/2021,HKY,NC,ASO,ES,Federal Contract Tower,1,9,12,2,24,0,3,47,0,50,1,12,59,2,74,26,0,26,100
04/28/2021,HKY,NC,ASO,ES,Federal Contract Tower,1,6,9,2,18,0,8,46,0,54,1,14,55,2,72,24,0,24,96
04/29/2021,HKY,NC,ASO,ES,Federal Contract Tower,0,9,4,0,13,0,5,29,4,38,0,14,33,4,51,26,0,26,77
04/30/2021,HKY,NC,ASO,ES,Federal Contract Tower,0,9,5,0,14,0,1,17,5,23,0,10,22,5,37,2,2,4,41
05/01/2021,HKY,NC,ASO,ES,Federal Contract Tower,0,4,11,0,15,0,3,49,2,54,0,7,60,2,69,28,0,28,97
05/02/2021,HKY,NC,ASO,ES,Federal Contract Tower,0,2,11,0,13,0,6,37,4,47,0,8,48,4,60,20,0,20,80
05/03/2021,HKY,NC,ASO,ES,Federal Contract Tower,0,5,2,0,7,0,0,5,0,5,0,5,7,0,12,6,0,6,18
05/04/2021,HKY,NC,ASO,ES,Federal Contract Tower,0,10,2,0,12,0,0,2,0,2,0,10,4,0,14,0,0,0,14
05/05/2021,HKY,NC,ASO,ES,Federal Contract Tower,1,3,8,0,12,0,1,40,1,42,1,4,48,1,54,84,0,84,138
05/06/2021,HKY,NC,ASO,ES,Federal Contract Tower,0,2,13,0,15,0,8,69,2,79,0,10,82,2,94,76,0,76,170
05/07/2021,HKY,NC,ASO,ES,Federal Contract Tower,0,14,16,0,30,0,2,23,0,25,0,16,39,0,55,22,0,22,77
05/08/2021,HKY,NC,ASO,ES,Federal Contract Tower,0,2,8,0,10,0,4,67,1,72,0,6,75,1,82,0,0,0,82
05/09/2021,HKY,NC,ASO,ES,Federal Contract Tower,0,6,9,0,15,0,5,39,0,44,0,11,48,0,59,6,0,6,65
05/10/2021,HKY,NC,ASO,ES,Federal Contract Tower,0,3,7,0,10,0,7,33,2,42,0,10,40,2,52,8,0,8,60
05/11/2021,HKY,NC,ASO,ES,Federal Contract Tower,0,11,4,2,17,0,6,48,3,57,0,17,52,5,74,16,6,22,96
05/12/2021,HKY,NC,ASO,ES,Federal Contract Tower,0,13,1,0,14,0,0,0,0,0,0,13,1,0,14,14,0,14,28
05/13/2021,HKY,NC,ASO,ES,Federal Contract Tower,0,7,8,0,15,0,5,56,1,62,0,12,64,1,77,46,0,46,123
05/14/2021,HKY,NC,ASO,ES,Federal Contract Tower,0,6,6,0,12,0,3,65,1,69,0,9,71,1,81,40,0,40,121
05/15/2021,HKY,NC,ASO,ES,Federal Contract Tower,0,3,8,0,11,0,1,37,0,38,0,4,45,0,49,4,0,4,53
05/16/2021,HKY,NC,ASO,ES,Federal Contract Tower,0,8,9,0,17,0,4,26,0,30,0,12,35,0,47,8,0,8,55
05/17/2021,HKY,NC,ASO,ES,Federal Contract Tower,1,9,6,0,16,0,2,20,6,28,1,11,26,6,44,14,0,14,58
05/18/2021,HKY,NC,ASO,ES,Federal Contract Tower,0,8,12,0,20,0,6,51,3,60,0,14,63,3,80,22,0,22,102
05/19/2021,HKY,NC,ASO,ES,Federal Contract Tower,0,16,16,0,32,0,3,47,0,50,0,19,63,0,82,28,0,28,110
05/20/2021,HKY,NC,ASO,ES,Federal Contract Tower,0,8,2,0,10,0,1,71,4,76,0,9,73,4,86,20,0,20,106
05/21/2021,HKY,NC,ASO,ES,Federal Contract Tower,0,9,3,0,12,0,7,53,7,67,0,16,56,7,79,10,0,10,89
05/22/2021,HKY,NC,ASO,ES,Federal Contract Tower,0,9,7,0,16,0,4,82,5,91,0,13,89,5,107,44,0,44,151
05/23/2021,HKY,NC,ASO,ES,Federal Contract Tower,0,13,7,0,20,0,1,33,3,37,0,14,40,3,57,0,0,0,57
05/24/2021,HKY,NC,ASO,ES,Federal Contract Tower,0,1,10,0,11,0,11,35,1,47,0,12,45,1,58,16,0,16,74
05/25/2021,HKY,NC,ASO,ES,Federal Contract Tower,0,9,8,0,17,0,9,40,4,53,0,18,48,4,70,58,0,58,128
05/26/2021,HKY,NC,ASO,ES,Federal Contract Tower,0,11,2,0,13,0,2,39,2,43,0,13,41,2,56,26,0,26,82
05/27/2021,HKY,NC,ASO,ES,Federal Contract Tower,1,7,10,0,18,0,3,69,0,72,1,10,79,0,90,26,0,26,116
05/28/2021,HKY,NC,ASO,ES,Federal Contract Tower,1,17,10,0,28,0,1,36,0,37,1,18,46,0,65,14,0,14,79
05/29/2021,HKY,NC,ASO,ES,Federal Contract Tower,0,6,4,0,10,0,5,4,0,9,0,11,8,0,19,2,0,2,21
05/30/2021,HKY,NC,ASO,ES,Federal Contract Tower,2,4,2,0,8,0,0,5,0,5,2,4,7,0,13,0,0,0,13
05/31/2021,HKY,NC,ASO,ES,Federal Contract Tower,0,6,7,0,13,0,3,43,2,48,0,9,50,2,61,30,0,30,91
06/01/2021,HKY,NC,ASO,ES,Federal Contract Tower,0,4,2,0,6,0,4,43,4,51,0,8,45,4,57,34,0,34,91
06/02/2021,HKY,NC,ASO,ES,Federal Contract Tower,0,4,20,0,24,0,4,34,0,38,0,8,54,0,62,54,0,54,116
06/03/2021,HKY,NC,ASO,ES,Federal Contract Tower,0,6,5,1,12,0,0,25,2,27,0,6,30,3,39,28,8,36,75
06/04/2021,HKY,NC,ASO,ES,Federal Contract Tower,0,8,16,0,24,0,6,39,7,52,0,14,55,7,76,14,0,14,90
06/05/2021,HKY,NC,ASO,ES,Federal Contract Tower,1,4,8,2,15,0,10,79,0,89,1,14,87,2,104,34,0,34,138
06/06/2021,HKY,NC,ASO,ES,Federal Contract Tower,0,6,11,0,17,0,4,10,2,16,0,10,21,2,33,30,0,30,63
06/07/2021,HKY,NC,ASO,ES,Federal Contract Tower,0,7,12,0,19,0,0,1,2,3,0,7,13,2,22,18,0,18,40
06/08/2021,HKY,NC,ASO,ES,Federal Contract Tower,0,5,6,0,11,0,7,1,0,8,0,12,7,0,19,0,0,0,19
06/09/2021,HKY,NC,ASO,ES,Federal Contract Tower,1,10,5,0,16,0,0,17,2,19,1,10,22,2,35,56,0,56,91
06/10/2021,HKY,NC,ASO,ES,Federal Contract Tower,0,13,5,0,18,0,1,17,2,20,0,14,22,2,38,32,0,32,70
06/11/2021,HKY,NC,ASO,ES,Federal Contract Tower,0,10,9,0,19,0,2,9,0,11,0,12,18,0,30,2,0,2,32
06/12/2021,HKY,NC,ASO,ES,Federal Contract Tower,0,7,13,0,20,0,1,33,0,34,0,8,46,0,54,0,0,0,54
06/13/2021,HKY,NC,ASO,ES,Federal Contract Tower,0,10,12,0,22,0,4,22,0,26,0,14,34,0,48,12,0,12,60
06/14/2021,HKY,NC,ASO,ES,Federal Contract Tower,1,11,11,0,23,0,4,47,2,53,1,15,58,2,76,38,0,38,114
06/15/2021,HKY,NC,ASO,ES,Federal Contract Tower,0,7,8,2,17,0,2,43,14,59,0,9,51,16,76,26,0,26,102
06/16/2021,HKY,NC,ASO,ES,Federal Contract Tower,0,8,10,2,20,0,4,79,0,83,0,12,89,2,103,72,8,80,183
06/17/2021,HKY,NC,ASO,ES,Federal Contract Tower,0,12,9,0,21,0,8,63,1,72,0,20,72,1,93,16,0,16,109
06/18/2021,HKY,NC,ASO,ES,Federal Contract Tower,0,8,18,0,26,0,6,59,0,65,0,14,77,0,91,36,0,36,127
06/19/2021,HKY,NC,ASO,ES,Federal Contract Tower,1,2,18,0,21,0,2,44,2,48,1,4,62,2,69,20,0,20,89
06/20/2021,HKY,NC,ASO,ES,Federal Contract Tower,2,2,3,0,7,0,2,2,0,4,2,4,5,0,11,0,0,0,11
06/21/2021,HKY,NC,ASO,ES,Federal Contract Tower,1,16,8,0,25,0,3,56,0,59,1,19,64,0,84,12,0,12,96
06/22/2021,HKY,NC,ASO,ES,Federal Contract Tower,0,11,2,0,13,0,5,9,0,14,0,16,11,0,27,0,0,0,27
06/23/2021,HKY,NC,ASO,ES,Federal Contract Tower,1,16,4,2,23,0,8,78,1,87,1,24,82,3,110,38,2,40,150
06/24/2021,HKY,NC,ASO,ES,Federal Contract Tower,0,10,15,0,25,0,2,52,2,56,0,12,67,2,81,44,0,44,125
06/25/2021,HKY,NC,ASO,ES,Federal Contract Tower,0,11,16,0,27,0,0,88,2,90,0,11,104,2,117,18,0,18,135
06/26/2021,HKY,NC,ASO,ES,Federal Contract Tower,0,3,10,0,13,0,1,28,2,31,0,4,38,2,44,14,0,14,58
06/27/2021,HKY,NC,ASO,ES,Federal Contract Tower,0,9,10,0,19,0,5,21,0,26,0,14,31,0,45,16,0,16,61
06/28/2021,HKY,NC,ASO,ES,Federal Contract Tower,0,16,10,0,26,0,5,39,9,53,0,21,49,9,79,30,0,30,109
06/29/2021,HKY,NC,ASO,ES,Federal Contract Tower,1,7,8,0,16,0,5,13,0,18,1,12,21,0,34,0,0,0,34
06/30/2021,HKY,NC,ASO,ES,Federal Contract Tower,0,10,14,0,24,0,2,58,8,68,0,12,72,8,92,34,0,34,126
07/01/2021,HKY,NC,ASO,ES,Federal Contract Tower,0,11,10,0,21,0,3,59,2,64,0,14,69,2,85,34,0,34,119
07/02/2021,HKY,NC,ASO,ES,Federal Contract Tower,0,8,5,0,13,0,1,16,0,17,0,9,21,0,30,22,0,22,52
07/03/2021,HKY,NC,ASO,ES,Federal Contract Tower,0,6,10,0,16,0,1,49,0,50,0,7,59,0,66,24,0,24,90
07/04/2021,HKY,NC,ASO,ES,Federal Contract Tower,0,9,2,0,11,0,5,21,0,26,0,14,23,0,37,6,0,6,43
07/05/2021,HKY,NC,ASO,ES,Federal Contract Tower,0,10,12,0,22,0,7,49,0,56,0,17,61,0,78,36,0,36,114
07/06/2021,HKY,NC,ASO,ES,Federal Contract Tower,0,3,3,0,6,0,6,62,1,69,0,9,65,1,75,20,0,20,95
07/07/2021,HKY,NC,ASO,ES,Federal Contract Tower,1,5,11,0,17,0,0,55,0,55,1,5,66,0,72,56,0,56,128
07/08/2021,HKY,NC,ASO,ES,Federal Contract Tower,1,7,2,0,10,0,2,16,0,18,1,9,18,0,28,0,0,0,28
07/09/2021,HKY,NC,ASO,ES,Federal Contract Tower,0,11,16,0,27,0,2,23,7,32,0,13,39,7,59,34,16,50,109
07/10/2021,HKY,NC,ASO,ES,Federal Contract Tower,0,1,7,0,8,0,2,98,0,100,0,3,105,0,108,10,2,12,120
07/11/2021,HKY,NC,ASO,ES,Federal Contract Tower,0,12,8,0,20,0,3,13,1,17,0,15,21,1,37,0,0,0,37
07/12/2021,HKY,NC,ASO,ES,Federal Contract Tower,0,9,12,0,21,0,13,18,3,34,0,22,30,3,55,20,4,24,79
07/13/2021,HKY,NC,ASO,ES,Federal Contract Tower,0,10,8,0,18,0,4,44,2,50,0,14,52,2,68,68,0,68,136
07/14/2021,HKY,NC,ASO,ES,Federal Contract Tower,0,4,16,0,20,0,3,33,1,37,0,7,49,1,57,20,6,26,83
07/15/2021,HKY,NC,ASO,ES,Federal Contract Tower,0,25,7,2,34,0,2,54,0,56,0,27,61,2,90,28,0,28,118
07/16/2021,HKY,NC,ASO,ES,Federal Contract Tower,1,8,18,0,27,0,1,66,2,69,1,9,84,2,96,22,0,22,118
07/17/2021,HKY,NC,ASO,ES,Federal Contract Tower,0,5,7,0,12,0,5,52,0,57,0,10,59,0,69,18,0,18,87
07/18/2021,HKY,NC,ASO,ES,Federal Contract Tower,0,10,11,0,21,0,1,40,0,41,0,11,51,0,62,22,0,22,84
07/19/2021,HKY,NC,ASO,ES,Federal Contract Tower,3,12,7,0,22,0,2,0,0,2,3,14,7,0,24,0,0,0,24
07/20/2021,HKY,NC,ASO,ES,Federal Contract Tower,1,8,7,2,18,0,5,50,0,55,1,13,57,2,73,12,0,12,85
07/21/2021,HKY,NC,ASO,ES,Federal Contract Tower,0,7,10,3,20,0,5,39,1,45,0,12,49,4,65,56,6,62,127
07/22/2021,HKY,NC,ASO,ES,Federal Contract Tower,1,8,12,0,21,0,13,53,2,68,1,21,65,2,89,34,0,34,123
07/23/2021,HKY,NC,ASO,ES,Federal Contract Tower,0,8,29,0,37,0,0,57,0,57,0,8,86,0,94,48,0,48,142
07/24/2021,HKY,NC,ASO,ES,Federal Contract Tower,0,5,20,1,26,0,1,8,0,9,0,6,28,1,35,0,0,0,35
07/25/2021,HKY,NC,ASO,ES,Federal Contract Tower,0,8,16,0,24,0,0,24,0,24,0,8,40,0,48,52,0,52,100
07/26/2021,HKY,NC,ASO,ES,Federal Contract Tower,1,12,10,0,23,0,2,32,0,34,1,14,42,0,57,34,0,34,91
07/27/2021,HKY,NC,ASO,ES,Federal Contract Tower,1,3,4,1,9,0,0,13,6,19,1,3,17,7,28,2,0,2,30
07/28/2021,HKY,NC,ASO,ES,Federal Contract Tower,0,8,4,0,12,0,3,93,4,100,0,11,97,4,112,34,0,34,146
07/29/2021,HKY,NC,ASO,ES,Federal Contract Tower,0,9,7,0,16,0,3,41,6,50,0,12,48,6,66,20,0,20,86
07/30/2021,HKY,NC,ASO,ES,Federal Contract Tower,0,11,10,0,21,0,4,34,0,38,0,15,44,0,59,8,0,8,67
07/31/2021,HKY,NC,ASO,ES,Federal Contract Tower,0,6,11,1,18,0,5,47,1,53,0,11,58,2,71,16,0,16,87
08/01/2021,HKY,NC,ASO,ES,Federal Contract Tower,0,14,6,0,20,0,3,21,0,24,0,17,27,0,44,12,0,12,56
08/02/2021,HKY,NC,ASO,ES,Federal Contract Tower,0,14,10,0,24,0,1,43,1,45,0,15,53,1,69,44,2,46,115
08/03/2021,HKY,NC,ASO,ES,Federal Contract Tower,0,11,2,4,17,0,4,7,0,11,0,15,9,4,28,0,0,0,28
08/04/2021,HKY,NC,ASO,ES,Federal Contract Tower,0,14,8,0,22,0,7,16,2,25,0,21,24,2,47,20,0,20,67
08/05/2021,HKY,NC,ASO,ES,Federal Contract Tower,0,16,7,2,25,0,5,66,3,74,0,21,73,5,99,94,0,94,193
08/06/2021,HKY,NC,ASO,ES,Federal Contract Tower,0,5,9,0,14,0,5,70,4,79,0,10,79,4,93,54,0,54,147
08/07/2021,HKY,NC,ASO,ES,Federal Contract Tower,0,5,2,0,7,0,3,10,0,13,0,8,12,0,20,0,0,0,20
08/08/2021,HKY,NC,ASO,ES,Federal Contract Tower,0,9,10,0,19,0,4,23,0,27,0,13,33,0,46,10,0,10,56
08/09/2021,HKY,NC,ASO,ES,Federal Contract Tower,0,10,5,0,15,0,0,31,2,33,0,10,36,2,48,36,0,36,84
08/10/2021,HKY,NC,ASO,ES,Federal Contract Tower,1,7,10,1,19,0,4,21,2,27,1,11,31,3,46,44,0,44,90
08/11/2021,HKY,NC,ASO,ES,Federal Contract Tower,0,14,3,0,17,0,5,31,3,39,0,19,34,3,56,18,0,18,74
08/12/2021,HKY,NC,ASO,ES,Federal Contract Tower,0,12,14,0,26,0,4,64,1,69,0,16,78,1,95,14,0,14,109
08/13/2021,HKY,NC,ASO,ES,Federal Contract Tower,0,1,7,0,8,0,3,60,2,65,0,4,67,2,73,44,2,46,119
08/14/2021,HKY,NC,ASO,ES,Federal Contract Tower,0,8,10,0,18,0,0,75,0,75,0,8,85,0,93,20,0,20,113
08/15/2021,HKY,NC,ASO,ES,Federal Contract Tower,0,7,10,0,17,0,1,8,0,9,0,8,18,0,26,6,0,6,32
08/16/2021,HKY,NC,ASO,ES,Federal Contract Tower,0,6,2,0,8,0,2,3,0,5,0,8,5,0,13,0,0,0,13
08/17/2021,HKY,NC,ASO,ES,Federal Contract Tower,0,6,3,0,9,0,0,0,0,0,0,6,3,0,9,0,0,0,9
08/18/2021,HKY,NC,ASO,ES,Federal Contract Tower,2,22,9,0,33,0,3,18,0,21,2,25,27,0,54,30,0,30,84
08/19/2021,HKY,NC,ASO,ES,Federal Contract Tower,0,5,2,0,7,0,1,49,3,53,0,6,51,3,60,28,0,28,88
08/20/2021,HKY,NC,ASO,ES,Federal Contract Tower,0,9,6,4,19,0,0,35,2,37,0,9,41,6,56,26,0,26,82
08/21/2021,HKY,NC,ASO,ES,Federal Contract Tower,0,7,5,0,12,0,2,59,0,61,0,9,64,0,73,14,0,14,87
08/22/2021,HKY,NC,ASO,ES,Federal Contract Tower,0,7,10,0,17,0,2,29,1,32,0,9,39,1,49,8,0,8,57
08/23/2021,HKY,NC,ASO,ES,Federal Contract Tower,0,6,5,0,11,0,1,43,3,47,0,7,48,3,58,28,0,28,86
08/24/2021,HKY,NC,ASO,ES,Federal Contract Tower,0,7,4,0,11,0,0,35,0,35,0,7,39,0,46,28,0,28,74
08/25/2021,HKY,NC,ASO,ES,Federal Contract Tower,0,7,11,0,18,0,2,64,4,70,0,9,75,4,88,48,0,48,136
08/26/2021,HKY,NC,ASO,ES,Federal Contract Tower,0,9,11,0,20,0,4,21,7,32,0,13,32,7,52,17,0,17,69
08/27/2021,HKY,NC,ASO,ES,Federal Contract Tower,0,6,9,2,17,0,4,47,2,53,0,10,56,4,70,24,0,24,94
08/28/2021,HKY,NC,ASO,ES,Federal Contract Tower,0,6,7,0,13,0,5,60,0,65,0,11,67,0,78,22,2,24,102
08/29/2021,HKY,NC,ASO,ES,Federal Contract Tower,1,3,14,0,18,0,7,57,0,64,1,10,71,0,82,28,0,28,110
08/30/2021,HKY,NC,ASO,ES,Federal Contract Tower,0,5,13,2,20,0,6,27,0,33,0,11,40,2,53,44,0,44,97
08/31/2021,HKY,NC,ASO,ES,Federal Contract Tower,1,19,5,0,25,0,5,13,3,21,1,24,18,3,46,0,0,0,46
09/01/2021,HKY,NC,ASO,ES,Federal Contract Tower,0,10,3,0,13,0,1,5,0,6,0,11,8,0,19,0,0,0,19
09/02/2021,HKY,NC,ASO,ES,Federal Contract Tower,0,13,11,0,24,0,1,35,0,36,0,14,46,0,60,12,0,12,72
09/03/2021,HKY,NC,ASO,ES,Federal Contract Tower,0,9,10,0,19,0,8,65,0,73,0,17,75,0,92,54,0,54,146
09/04/2021,HKY,NC,ASO,ES,Federal Contract Tower,0,2,13,0,15,0,2,49,0,51,0,4,62,0,66,36,0,36,102
09/05/2021,HKY,NC,ASO,ES,Federal Contract Tower,0,6,11,0,17,0,0,44,0,44,0,6,55,0,61,22,0,22,83
09/06/2021,HKY,NC,ASO,ES,Federal Contract Tower,0,13,7,0,20,0,4,44,0,48,0,17,51,0,68,32,0,32,100
09/07/2021,HKY,NC,ASO,ES,Federal Contract Tower,1,7,14,0,22,0,2,48,0,50,1,9,62,0,72,22,0,22,94
09/08/2021,HKY,NC,ASO,ES,Federal Contract Tower,1,17,7,0,25,0,0,0,0,0,1,17,7,0,25,4,6,10,35
09/09/2021,HKY,NC,ASO,ES,Federal Contract Tower,0,19,9,2,30,0,6,30,4,40,0,25,39,6,70,42,0,42,112
09/10/2021,HKY,NC,ASO,ES,Federal Contract Tower,2,8,12,0,22,0,9,81,3,93,2,17,93,3,115,38,8,46,161
09/11/2021,HKY,NC,ASO,ES,Federal Contract Tower,1,6,11,0,18,0,4,86,0,90,1,10,97,0,108,20,0,20,128
09/12/2021,HKY,NC,ASO,ES,Federal Contract Tower,0,7,8,0,15,0,7,39,0,46,0,14,47,0,61,18,0,18,79
09/13/2021,HKY,NC,ASO,ES,Federal Contract Tower,1,11,4,0,16,0,4,22,0,26,1,15,26,0,42,8,0,8,50
09/14/2021,HKY,NC,ASO,ES,Federal Contract Tower,1,8,6,4,19,0,6,28,2,36,1,14,34,6,55,24,0,24,79
09/15/2021,HKY,NC,ASO,ES,Federal Contract Tower,0,5,4,10,19,0,3,36,0,39,0,8,40,10,58,56,0,56,114
09/16/2021,HKY,NC,ASO,ES,Federal Contract Tower,1,2,9,0,12,0,5,7,0,12,1,7,16,0,24,0,0,0,24
09/17/2021,HKY,NC,ASO,ES,Federal Contract Tower,1,7,13,0,21,0,0,7,0,7,1,7,20,0,28,0,0,0,28
09/18/2021,HKY,NC,ASO,ES,Federal Contract Tower,0,4,15,4,23,0,1,19,3,23,0,5,34,7,46,16,0,16,62
09/19/2021,HKY,NC,ASO,ES,Federal Contract Tower,0,11,10,0,21,0,7,14,0,21,0,18,24,0,42,24,0,24,66
09/20/2021,HKY,NC,ASO,ES,Federal Contract Tower,0,7,14,0,21,0,5,7,1,13,0,12,21,1,34,32,4,36,70
09/21/2021,HKY,NC,ASO,ES,Federal Contract Tower,1,3,1,0,5,0,0,0,0,0,1,3,1,0,5,0,0,0,5
09/22/2021,HKY,NC,ASO,ES,Federal Contract Tower,0,11,4,0,15,0,9,5,0,14,0,20,9,0,29,0,0,0,29
09/23/2021,HKY,NC,ASO,ES,Federal Contract Tower,1,5,9,6,21,0,6,45,4,55,1,11,54,10,76,22,8,30,106
09/24/2021,HKY,NC,ASO,ES,Federal Contract Tower,0,8,8,0,16,0,13,80,0,93,0,21,88,0,109,56,0,56,165
09/25/2021,HKY,NC,ASO,ES,Federal Contract Tower,0,5,6,0,11,0,6,101,6,113,0,11,107,6,124,4,0,4,128
09/26/2021,HKY,NC,ASO,ES,Federal Contract Tower,0,5,16,0,21,0,2,42,0,44,0,7,58,0,65,10,0,10,75
09/27/2021,HKY,NC,ASO,ES,Federal Contract Tower,0,12,4,0,16,0,2,42,0,44,0,14,46,0,60,36,0,36,96
09/28/2021,HKY,NC,ASO,ES,Federal Contract Tower,0,9,6,0,15,0,10,44,0,54,0,19,50,0,69,28,0,28,97
09/29/2021,HKY,NC,ASO,ES,Federal Contract Tower,0,7,5,1,13,0,4,57,1,62,0,11,62,2,75,22,0,22,97
09/30/2021,HKY,NC,ASO,ES,Federal Contract Tower,0,14,12,0,26,0,2,21,6,29,0,16,33,6,55,26,0,26,81
10/01/2021,HKY,NC,ASO,ES,Federal Contract Tower,0,2,13,2,17,0,1,62,0,63,0,3,75,2,80,28,6,34,114
10/02/2021,HKY,NC,ASO,ES,Federal Contract Tower,0,2,13,0,15,0,0,48,0,48,0,2,61,0,63,36,0,36,99
10/03/2021,HKY,NC,ASO,ES,Federal Contract Tower,0,13,14,0,27,0,8,23,0,31,0,21,37,0,58,10,0,10,68
10/04/2021,HKY,NC,ASO,ES,Federal Contract Tower,0,15,12,1,28,0,5,7,1,13,0,20,19,2,41,0,0,0,41
10/05/2021,HKY,NC,ASO,ES,Federal Contract Tower,0,10,12,0,22,0,2,4,0,6,0,12,16,0,28,12,0,12,40
10/06/2021,HKY,NC,ASO,ES,Federal Contract Tower,0,9,5,0,14,0,2,2,0,4,0,11,7,0,18,0,0,0,18
10/07/2021,HKY,NC,ASO,ES,Federal Contract Tower,0,16,5,0,21,0,0,0,0,0,0,16,5,0,21,0,0,0,21
10/08/2021,HKY,NC,ASO,ES,Federal Contract Tower,0,9,3,0,12,0,0,1,0,1,0,9,4,0,13,0,0,0,13
10/09/2021,HKY,NC,ASO,ES,Federal Contract Tower,0,6,13,0,19,0,3,11,0,14,0,9,24,0,33,6,0,6,39
10/10/2021,HKY,NC,ASO,ES,Federal Contract Tower,0,7,9,0,16,0,1,51,0,52,0,8,60,0,68,30,0,30,98
10/11/2021,HKY,NC,ASO,ES,Federal Contract Tower,2,16,27,0,45,0,0,36,2,38,2,16,63,2,83,28,0,28,111
10/12/2021,HKY,NC,ASO,ES,Federal Contract Tower,1,11,6,0,18,0,4,75,11,90,1,15,81,11,108,10,20,30,138
10/13/2021,HKY,NC,ASO,ES,Federal Contract Tower,0,8,5,0,13,0,4,39,2,45,0,12,44,2,58,22,2,24,82
10/14/2021,HKY,NC,ASO,ES,Federal Contract Tower,0,16,11,1,28,0,2,61,2,65,0,18,72,3,93,26,0,26,119
10/15/2021,HKY,NC,ASO,ES,Federal Contract Tower,0,6,15,3,24,0,1,64,1,66,0,7,79,4,90,20,0,20,110
10/16/2021,HKY,NC,ASO,ES,Federal Contract Tower,0,7,10,0,17,0,1,10,0,11,0,8,20,0,28,0,0,0,28
10/17/2021,HKY,NC,ASO,ES,Federal Contract Tower,0,6,11,0,17,0,3,26,0,29,0,9,37,0,46,6,0,6,52
10/18/2021,HKY,NC,ASO,ES,Federal Contract Tower,1,4,11,0,16,0,7,74,2,83,1,11,85,2,99,22,0,22,121
10/19/2021,HKY,NC,ASO,ES,Federal Contract Tower,0,6,9,0,15,0,4,69,4,77,0,10,78,4,92,42,10,52,144
10/20/2021,HKY,NC,ASO,ES,Federal Contract Tower,2,16,13,0,31,0,2,66,0,68,2,18,79,0,99,32,0,32,131
10/21/2021,HKY,NC,ASO,ES,Federal Contract Tower,1,12,5,0,18,0,1,50,0,51,1,13,55,0,69,26,0,26,95
10/22/2021,HKY,NC,ASO,ES,Federal Contract Tower,0,12,25,0,37,0,6,49,0,55,0,18,74,0,92,16,0,16,108
10/23/2021,HKY,NC,ASO,ES,Federal Contract Tower,1,6,24,0,31,0,2,79,0,81,1,8,103,0,112,8,0,8,120
10/24/2021,HKY,NC,ASO,ES,Federal Contract Tower,2,4,6,0,12,0,5,49,2,56,2,9,55,2,68,16,0,16,84
10/25/2021,HKY,NC,ASO,ES,Federal Contract Tower,0,13,5,0,18,0,1,27,13,41,0,14,32,13,59,6,0,6,65
10/26/2021,HKY,NC,ASO,ES,Federal Contract Tower,0,9,4,2,15,0,6,9,3,18,0,15,13,5,33,0,0,0,33
10/27/2021,HKY,NC,ASO,ES,Federal Contract Tower,0,15,9,0,24,0,4,86,0,90,0,19,95,0,114,16,0,16,130
10/28/2021,HKY,NC,ASO,ES,Federal Contract Tower,2,22,4,0,28,0,0,16,1,17,2,22,20,1,45,24,0,24,69
10/29/2021,HKY,NC,ASO,ES,Federal Contract Tower,0,12,16,0,28,0,1,20,0,21,0,13,36,0,49,12,0,12,61
10/30/2021,HKY,NC,ASO,ES,Federal Contract Tower,0,13,9,0,22,0,2,13,2,17,0,15,22,2,39,4,0,4,43
10/31/2021,HKY,NC,ASO,ES,Federal Contract Tower,0,4,7,0,11,0,5,42,0,47,0,9,49,0,58,22,0,22,80
11/01/2021,HKY,NC,ASO,ES,Federal Contract Tower,0,5,11,1,17,0,4,63,6,73,0,9,74,7,90,68,0,68,158
11/02/2021,HKY,NC,ASO,ES,Federal Contract Tower,0,5,10,2,17,0,9,49,1,59,0,14,59,3,76,50,0,50,126
11/03/2021,HKY,NC,ASO,ES,Federal Contract Tower,0,7,2,0,9,0,1,57,1,59,0,8,59,1,68,28,0,28,96
11/04/2021,HKY,NC,ASO,ES,Federal Contract Tower,0,4,3,0,7,0,1,3,2,6,0,5,6,2,13,0,0,0,13
11/05/2021,HKY,NC,ASO,ES,Federal Contract Tower,2,6,6,0,14,0,6,56,0,62,2,12,62,0,76,12,0,12,88
11/06/2021,HKY,NC,ASO,ES,Federal Contract Tower,2,5,6,0,13,0,2,46,0,48,2,7,52,0,61,0,0,0,61
11/07/2021,HKY,NC,ASO,ES,Federal Contract Tower,0,4,10,0,14,0,5,46,0,51,0,9,56,0,65,28,0,28,93
11/08/2021,HKY,NC,ASO,ES,Federal Contract Tower,0,7,10,0,17,0,6,50,4,60,0,13,60,4,77,12,0,12,89
11/09/2021,HKY,NC,ASO,ES,Federal Contract Tower,0,11,5,2,18,0,5,55,4,64,0,16,60,6,82,16,4,20,102
11/10/2021,HKY,NC,ASO,ES,Federal Contract Tower,0,10,4,0,14,0,4,71,11,86,0,14,75,11,100,24,0,24,124
11/11/2021,HKY,NC,ASO,ES,Federal Contract Tower,2,17,4,1,24,0,3,17,2,22,2,20,21,3,46,40,0,40,86
11/12/2021,HKY,NC,ASO,ES,Federal Contract Tower,0,6,6,0,12,0,1,58,5,64,0,7,64,5,76,78,0,78,154
11/13/2021,HKY,NC,ASO,ES,Federal Contract Tower,0,7,3,0,10,0,2,67,1,70,0,9,70,1,80,2,0,2,82
11/14/2021,HKY,NC,ASO,ES,Federal Contract Tower,0,5,7,0,12,0,4,50,2,56,0,9,57,2,68,28,0,28,96
11/15/2021,HKY,NC,ASO,ES,Federal Contract Tower,0,12,6,0,18,0,2,28,3,33,0,14,34,3,51,38,0,38,89
11/16/2021,HKY,NC,ASO,ES,Federal Contract Tower,0,10,15,0,25,0,6,45,0,51,0,16,60,0,76,22,0,22,98
11/17/2021,HKY,NC,ASO,ES,Federal Contract Tower,0,19,10,0,29,0,1,59,0,60,0,20,69,0,89,34,0,34,123
11/18/2021,HKY,NC,ASO,ES,Federal Contract Tower,0,11,9,0,20,0,3,27,3,33,0,14,36,3,53,34,0,34,87
11/19/2021,HKY,NC,ASO,ES,Federal Contract Tower,2,21,6,0,29,0,5,47,8,60,2,26,53,8,89,12,0,12,101
11/20/2021,HKY,NC,ASO,ES,Federal Contract Tower,0,3,6,0,9,0,4,69,2,75,0,7,75,2,84,28,0,28,112
11/21/2021,HKY,NC,ASO,ES,Federal Contract Tower,0,4,8,0,12,0,7,59,0,66,0,11,67,0,78,36,0,36,114
11/22/2021,HKY,NC,ASO,ES,Federal Contract Tower,0,8,13,2,23,0,7,20,4,31,0,15,33,6,54,8,4,12,66
11/23/2021,HKY,NC,ASO,ES,Federal Contract Tower,0,11,13,0,24,0,5,55,0,60,0,16,68,0,84,24,0,24,108
11/24/2021,HKY,NC,ASO,ES,Federal Contract Tower,0,8,15,0,23,0,4,32,0,36,0,12,47,0,59,28,0,28,87
11/25/2021,HKY,NC,ASO,ES,Federal Contract Tower,0,2,6,0,8,0,4,22,0,26,0,6,28,0,34,2,0,2,36
11/26/2021,HKY,NC,ASO,ES,Federal Contract Tower,0,7,6,0,13,0,5,20,2,27,0,12,26,2,40,0,0,0,40
11/27/2021,HKY,NC,ASO,ES,Federal Contract Tower,0,3,7,0,10,0,2,64,7,73,0,5,71,7,83,8,0,8,91
11/28/2021,HKY,NC,ASO,ES,Federal Contract Tower,0,11,11,0,22,0,6,49,6,61,0,17,60,6,83,24,0,24,107
11/29/2021,HKY,NC,ASO,ES,Federal Contract Tower,0,8,3,0,11,2,0,72,7,81,2,8,75,7,92,16,0,16,108
11/30/2021,HKY,NC,ASO,ES,Federal Contract Tower,0,6,5,0,11,0,4,38,8,50,0,10,43,8,61,50,0,50,111
12/01/2021,HKY,NC,ASO,ES,Federal Contract Tower,0,5,13,2,20,0,3,70,8,81,0,8,83,10,101,40,0,40,141
12/02/2021,HKY,NC,ASO,ES,Federal Contract Tower,0,12,6,0,18,0,7,25,4,36,0,19,31,4,54,10,0,10,64
12/03/2021,HKY,NC,ASO,ES,Federal Contract Tower,0,7,7,0,14,0,8,55,4,67,0,15,62,4,81,60,0,60,141
12/04/2021,HKY,NC,ASO,ES,Federal Contract Tower,0,0,13,0,13,0,7,73,18,98,0,7,86,18,111,36,0,36,147
12/05/2021,HKY,NC,ASO,ES,Federal Contract Tower,0,6,13,0,19,0,1,15,2,18,0,7,28,2,37,18,0,18,55
12/06/2021,HKY,NC,ASO,ES,Federal Contract Tower,0,17,0,0,17,0,13,6,0,19,0,30,6,0,36,2,0,2,38
12/07/2021,HKY,NC,ASO,ES,Federal Contract Tower,0,12,9,0,21,0,1,45,2,48,0,13,54,2,69,28,0,28,97
12/08/2021,HKY,NC,ASO,ES,Federal Contract Tower,0,6,7,0,13,0,3,33,0,36,0,9,40,0,49,34,6,40,89
12/09/2021,HKY,NC,ASO,ES,Federal Contract Tower,0,7,9,3,19,0,4,61,3,68,0,11,70,6,87,24,0,24,111
12/10/2021,HKY,NC,ASO,ES,Federal Contract Tower,3,8,6,2,19,0,0,0,0,0,3,8,6,2,19,0,0,0,19
12/11/2021,HKY,NC,ASO,ES,Federal Contract Tower,2,1,0,0,3,0,0,0,0,0,2,1,0,0,3,0,0,0,3
12/12/2021,HKY,NC,ASO,ES,Federal Contract Tower,0,7,8,0,15,0,1,52,8,61,0,8,60,8,76,42,0,42,118
12/13/2021,HKY,NC,ASO,ES,Federal Contract Tower,0,7,6,4,17,0,8,31,1,40,0,15,37,5,57,36,6,42,99
12/14/2021,HKY,NC,ASO,ES,Federal Contract Tower,0,6,14,0,20,0,5,57,0,62,0,11,71,0,82,34,0,34,116
12/15/2021,HKY,NC,ASO,ES,Federal Contract Tower,0,8,7,0,15,0,1,60,2,63,0,9,67,2,78,20,0,20,98
12/16/2021,HKY,NC,ASO,ES,Federal Contract Tower,0,9,8,2,19,0,1,38,0,39,0,10,46,2,58,8,0,8,66
12/17/2021,HKY,NC,ASO,ES,Federal Contract Tower,0,21,21,0,42,0,7,25,0,32,0,28,46,0,74,10,0,10,84
12/18/2021,HKY,NC,ASO,ES,Federal Contract Tower,0,3,5,0,8,0,0,0,0,0,0,3,5,0,8,0,0,0,8
12/19/2021,HKY,NC,ASO,ES,Federal Contract Tower,0,8,9,0,17,0,2,4,0,6,0,10,13,0,23,0,0,0,23
12/20/2021,HKY,NC,ASO,ES,Federal Contract Tower,0,14,9,0,23,0,8,63,10,81,0,22,72,10,104,20,0,20,124
12/21/2021,HKY,NC,ASO,ES,Federal Contract Tower,0,5,6,2,13,0,2,57,0,59,0,7,63,2,72,34,0,34,106
12/22/2021,HKY,NC,ASO,ES,Federal Contract Tower,0,8,10,2,20,0,5,33,0,38,0,13,43,2,58,10,2,12,70
12/23/2021,HKY,NC,ASO,ES,Federal Contract Tower,0,5,5,0,10,0,0,84,0,84,0,5,89,0,94,24,0,24,118
12/24/2021,HKY,NC,ASO,ES,Federal Contract Tower,0,1,6,0,7,0,2,31,4,37,0,3,37,4,44,8,0,8,52
12/25/2021,HKY,NC,ASO,ES,Federal Contract Tower,0,0,4,0,4,0,0,6,4,10,0,0,10,4,14,0,0,0,14
12/26/2021,HKY,NC,ASO,ES,Federal Contract Tower,0,0,11,0,11,0,0,37,3,40,0,0,48,3,51,40,0,40,91
12/27/2021,HKY,NC,ASO,ES,Federal Contract Tower,0,11,7,0,18,0,7,35,0,42,0,18,42,0,60,4,0,4,64
12/28/2021,HKY,NC,ASO,ES,Federal Contract Tower,0,16,15,0,31,0,3,23,0,26,0,19,38,0,57,28,0,28,85
12/29/2021,HKY,NC,ASO,ES,Federal Contract Tower,0,5,11,0,16,0,2,1,0,3,0,7,12,0,19,0,0,0,19
12/30/2021,HKY,NC,ASO,ES,Federal Contract Tower,0,11,5,0,16,0,0,0,0,0,0,11,5,0,16,0,0,0,16
12/31/2021,HKY,NC,ASO,ES,Federal Contract Tower,0,7,5,0,12,0,5,23,0,28,0,12,28,0,40,14,0,14,54
01/01/2022,HKY,NC,ASO,ES,Federal Contract Tower,0,8,3,0,11,0,2,1,0,3,0,10,4,0,14,0,0,0,14
01/02/2022,HKY,NC,ASO,ES,Federal Contract Tower,0,4,3,0,7,0,0,1,0,1,0,4,4,0,8,0,0,0,8
01/03/2022,HKY,NC,ASO,ES,Federal Contract Tower,0,6,2,0,8,0,1,10,0,11,0,7,12,0,19,4,0,4,23
01/04/2022,HKY,NC,ASO,ES,Federal Contract Tower,0,4,4,0,8,0,0,69,0,69,0,4,73,0,77,4,0,4,81
01/05/2022,HKY,NC,ASO,ES,Federal Contract Tower,0,10,8,0,18,0,5,42,0,47,0,15,50,0,65,42,4,46,111
01/06/2022,HKY,NC,ASO,ES,Federal Contract Tower,0,1,8,0,9,0,2,37,2,41,0,3,45,2,50,8,0,8,58
01/07/2022,HKY,NC,ASO,ES,Federal Contract Tower,0,6,2,0,8,0,1,48,0,49,0,7,50,0,57,20,0,20,77
01/08/2022,HKY,NC,ASO,ES,Federal Contract Tower,0,1,6,0,7,0,1,127,0,128,0,2,133,0,135,50,0,50,185
01/09/2022,HKY,NC,ASO,ES,Federal Contract Tower,0,2,2,0,4,0,0,0,0,0,0,2,2,0,4,0,0,0,4
01/10/2022,HKY,NC,ASO,ES,Federal Contract Tower,0,5,5,0,10,0,0,23,2,25,0,5,28,2,35,32,0,32,67
01/11/2022,HKY,NC,ASO,ES,Federal Contract Tower,0,8,10,1,19,0,2,53,1,56,0,10,63,2,75,42,0,42,117
01/12/2022,HKY,NC,ASO,ES,Federal Contract Tower,0,2,9,0,11,0,4,62,0,66,0,6,71,0,77,20,0,20,97
01/13/2022,HKY,NC,ASO,ES,Federal Contract Tower,0,6,7,0,13,0,6,42,0,48,0,12,49,0,61,18,0,18,79
01/14/2022,HKY,NC,ASO,ES,Federal Contract Tower,0,7,13,0,20,0,3,32,2,37,0,10,45,2,57,22,0,22,79
01/15/2022,HKY,NC,ASO,ES,Federal Contract Tower,0,8,0,0,8,0,0,25,0,25,0,8,25,0,33,12,0,12,45
01/16/2022,HKY,NC,ASO,ES,Federal Contract Tower,0,0,0,0,0,0,0,0,0,0,0,0,0,0,0,0,0,0,0
01/17/2022,HKY,NC,ASO,ES,Federal Contract Tower,0,4,2,0,6,0,6,2,0,8,0,10,4,0,14,0,0,0,14
01/18/2022,HKY,NC,ASO,ES,Federal Contract Tower,0,6,12,0,18,0,3,34,2,39,0,9,46,2,57,28,0,28,85
01/19/2022,HKY,NC,ASO,ES,Federal Contract Tower,0,3,6,0,9,0,4,32,0,36,0,7,38,0,45,56,0,56,101
01/20/2022,HKY,NC,ASO,ES,Federal Contract Tower,0,8,1,0,9,0,0,0,0,0,0,8,1,0,9,0,0,0,9
01/21/2022,HKY,NC,ASO,ES,Federal Contract Tower,0,2,0,0,2,0,0,13,0,13,0,2,13,0,15,10,0,10,25
01/22/2022,HKY,NC,ASO,ES,Federal Contract Tower,0,5,1,0,6,0,2,26,0,28,0,7,27,0,34,14,0,14,48
01/23/2022,HKY,NC,ASO,ES,Federal Contract Tower,0,6,2,0,8,0,3,34,0,37,0,9,36,0,45,64,0,64,109
01/24/2022,HKY,NC,ASO,ES,Federal Contract Tower,0,6,3,3,12,0,2,33,1,36,0,8,36,4,48,52,0,52,100
01/25/2022,HKY,NC,ASO,ES,Federal Contract Tower,0,5,6,0,11,0,2,53,1,56,0,7,59,1,67,12,0,12,79
01/26/2022,HKY,NC,ASO,ES,Federal Contract Tower,0,10,6,2,18,0,0,56,4,60,0,10,62,6,78,48,0,48,126
01/27/2022,HKY,NC,ASO,ES,Federal Contract Tower,0,9,9,0,18,0,11,68,5,84,0,20,77,5,102,16,0,16,118
01/28/2022,HKY,NC,ASO,ES,Federal Contract Tower,0,10,1,0,11,0,2,31,3,36,0,12,32,3,47,36,0,36,83
01/29/2022,HKY,NC,ASO,ES,Federal Contract Tower,0,1,2,0,3,0,2,0,0,2,0,3,2,0,5,0,0,0,5
01/30/2022,HKY,NC,ASO,ES,Federal Contract Tower,0,6,2,0,8,0,6,39,0,45,0,12,41,0,53,42,0,42,95
01/31/2022,HKY,NC,ASO,ES,Federal Contract Tower,0,3,4,0,7,0,3,38,0,41,0,6,42,0,48,26,6,32,80
02/01/2022,HKY,NC,ASO,ES,Federal Contract Tower,0,8,13,2,23,0,1,38,0,39,0,9,51,2,62,36,0,36,98
02/02/2022,HKY,NC,ASO,ES,Federal Contract Tower,0,11,3,0,14,0,6,51,0,57,0,17,54,0,71,44,0,44,115
02/03/2022,HKY,NC,ASO,ES,Federal Contract Tower,0,3,8,0,11,0,0,0,0,0,0,3,8,0,11,0,0,0,11
02/04/2022,HKY,NC,ASO,ES,Federal Contract Tower,0,7,1,0,8,0,0,6,0,6,0,7,7,0,14,34,0,34,48
02/05/2022,HKY,NC,ASO,ES,Federal Contract Tower,0,4,11,0,15,0,3,44,4,51,0,7,55,4,66,10,0,10,76
02/06/2022,HKY,NC,ASO,ES,Federal Contract Tower,1,10,6,0,17,0,5,60,1,66,1,15,66,1,83,42,0,42,125
02/07/2022,HKY,NC,ASO,ES,Federal Contract Tower,0,2,0,0,2,0,0,0,0,0,0,2,0,0,2,0,0,0,2
02/08/2022,HKY,NC,ASO,ES,Federal Contract Tower,0,6,7,0,13,0,4,44,9,57,0,10,51,9,70,64,0,64,134
02/09/2022,HKY,NC,ASO,ES,Federal Contract Tower,0,8,6,0,14,0,4,49,0,53,0,12,55,0,67,16,0,16,83
02/10/2022,HKY,NC,ASO,ES,Federal Contract Tower,0,6,14,0,20,0,9,49,3,61,0,15,63,3,81,20,0,20,101
02/11/2022,HKY,NC,ASO,ES,Federal Contract Tower,0,6,7,4,17,0,5,42,4,51,0,11,49,8,68,12,0,12,80
02/12/2022,HKY,NC,ASO,ES,Federal Contract Tower,0,4,7,0,11,0,6,129,0,135,0,10,136,0,146,36,0,36,182
02/13/2022,HKY,NC,ASO,ES,Federal Contract Tower,0,2,0,0,2,0,3,6,0,9,0,5,6,0,11,8,0,8,19
02/14/2022,HKY,NC,ASO,ES,Federal Contract Tower,0,3,8,0,11,0,2,44,0,46,0,5,52,0,57,20,0,20,77
02/15/2022,HKY,NC,ASO,ES,Federal Contract Tower,0,6,7,1,14,0,5,49,1,55,0,11,56,2,69,86,0,86,155
02/16/2022,HKY,NC,ASO,ES,Federal Contract Tower,0,8,8,0,16,0,3,16,0,19,0,11,24,0,35,32,0,32,67
02/17/2022,HKY,NC,ASO,ES,Federal Contract Tower,0,9,7,0,16,0,0,0,0,0,0,9,7,0,16,0,0,0,16
02/18/2022,HKY,NC,ASO,ES,Federal Contract Tower,0,4,7,0,11,0,11,26,0,37,0,15,33,0,48,30,0,30,78
02/19/2022,HKY,NC,ASO,ES,Federal Contract Tower,0,4,2,0,6,0,5,35,4,44,0,9,37,4,50,10,0,10,60
02/20/2022,HKY,NC,ASO,ES,Federal Contract Tower,0,8,7,0,15,0,4,53,0,57,0,12,60,0,72,40,0,40,112
02/21/2022,HKY,NC,ASO,ES,Federal Contract Tower,0,4,10,0,14,0,5,51,2,58,0,9,61,2,72,68,0,68,140
02/22/2022,HKY,NC,ASO,ES,Federal Contract Tower,0,8,4,0,12,0,0,0,0,0,0,8,4,0,12,0,0,0,12
02/23/2022,HKY,NC,ASO,ES,Federal Contract Tower,0,12,7,0,19,0,0,25,0,25,0,12,32,0,44,32,0,32,76
02/24/2022,HKY,NC,ASO,ES,Federal Contract Tower,0,9,8,0,17,0,0,0,0,0,0,9,8,0,17,0,0,0,17
02/25/2022,HKY,NC,ASO,ES,Federal Contract Tower,0,9,9,0,18,0,2,18,0,20,0,11,27,0,38,38,0,38,76
02/26/2022,HKY,NC,ASO,ES,Federal Contract Tower,0,9,8,0,17,0,3,35,0,38,0,12,43,0,55,18,0,18,73
02/27/2022,HKY,NC,ASO,ES,Federal Contract Tower,0,8,3,0,11,0,0,0,0,0,0,8,3,0,11,0,0,0,11
02/28/2022,HKY,NC,ASO,ES,Federal Contract Tower,0,4,9,0,13,0,13,64,0,77,0,17,73,0,90,18,0,18,108
03/01/2022,HKY,NC,ASO,ES,Federal Contract Tower,0,6,4,0,10,0,0,43,2,45,0,6,47,2,55,28,0,28,83
03/02/2022,HKY,NC,ASO,ES,Federal Contract Tower,0,14,10,0,24,0,2,41,3,46,0,16,51,3,70,8,0,8,78
03/03/2022,HKY,NC,ASO,ES,Federal Contract Tower,0,9,8,1,18,0,2,30,10,42,0,11,38,11,60,30,0,30,90
03/04/2022,HKY,NC,ASO,ES,Federal Contract Tower,0,5,10,0,15,0,3,73,10,86,0,8,83,10,101,62,0,62,163
03/05/2022,HKY,NC,ASO,ES,Federal Contract Tower,0,4,5,0,9,0,5,48,6,59,0,9,53,6,68,10,0,10,78
03/06/2022,HKY,NC,ASO,ES,Federal Contract Tower,0,7,7,0,14,0,3,14,4,21,0,10,21,4,35,8,0,8,43
03/07/2022,HKY,NC,ASO,ES,Federal Contract Tower,0,7,1,1,9,0,0,1,1,2,0,7,2,2,11,0,0,0,11
03/08/2022,HKY,NC,ASO,ES,Federal Contract Tower,0,3,14,0,17,0,2,41,12,55,0,5,55,12,72,24,4,28,100
03/09/2022,HKY,NC,ASO,ES,Federal Contract Tower,0,5,4,0,9,0,0,18,0,18,0,5,22,0,27,18,0,18,45
03/10/2022,HKY,NC,ASO,ES,Federal Contract Tower,0,10,7,0,17,0,1,8,0,9,0,11,15,0,26,12,0,12,38
03/11/2022,HKY,NC,ASO,ES,Federal Contract Tower,0,9,5,0,14,0,5,30,0,35,0,14,35,0,49,34,0,34,83
03/12/2022,HKY,NC,ASO,ES,Federal Contract Tower,0,4,1,0,5,0,0,6,0,6,0,4,7,0,11,0,0,0,11
03/13/2022,HKY,NC,ASO,ES,Federal Contract Tower,0,7,7,0,14,0,0,52,0,52,0,7,59,0,66,44,0,44,110
03/14/2022,HKY,NC,ASO,ES,Federal Contract Tower,0,3,8,0,11,0,0,52,3,55,0,3,60,3,66,44,0,44,110
03/15/2022,HKY,NC,ASO,ES,Federal Contract Tower,0,7,3,4,14,0,1,71,11,83,0,8,74,15,97,56,0,56,153
03/16/2022,HKY,NC,ASO,ES,Federal Contract Tower,0,16,9,2,27,0,2,0,0,2,0,18,9,2,29,0,0,0,29
03/17/2022,HKY,NC,ASO,ES,Federal Contract Tower,0,8,7,0,15,0,5,48,0,53,0,13,55,0,68,22,4,26,94
03/18/2022,HKY,NC,ASO,ES,Federal Contract Tower,0,2,7,0,9,0,2,35,8,45,0,4,42,8,54,20,0,20,74
03/19/2022,HKY,NC,ASO,ES,Federal Contract Tower,0,1,8,0,9,0,2,0,0,2,0,3,8,0,11,0,0,0,11
03/20/2022,HKY,NC,ASO,ES,Federal Contract Tower,0,1,6,0,7,0,2,25,6,33,0,3,31,6,40,6,0,6,46
03/21/2022,HKY,NC,ASO,ES,Federal Contract Tower,0,0,2,0,2,0,6,77,4,87,0,6,79,4,89,30,0,30,119
03/22/2022,HKY,NC,ASO,ES,Federal Contract Tower,0,6,6,0,12,0,2,34,0,36,0,8,40,0,48,24,0,24,72
03/23/2022,HKY,NC,ASO,ES,Federal Contract Tower,0,7,2,0,9,0,0,0,0,0,0,7,2,0,9,0,0,0,9
03/24/2022,HKY,NC,ASO,ES,Federal Contract Tower,0,6,5,0,11,0,5,58,3,66,0,11,63,3,77,8,0,8,85
03/25/2022,HKY,NC,ASO,ES,Federal Contract Tower,0,12,2,1,15,0,1,28,2,31,0,13,30,3,46,4,0,4,50
03/26/2022,HKY,NC,ASO,ES,Federal Contract Tower,4,4,2,0,10,0,1,5,3,9,4,5,7,3,19,0,0,0,19
03/27/2022,HKY,NC,ASO,ES,Federal Contract Tower,0,11,7,0,18,0,6,26,8,40,0,17,33,8,58,8,0,8,66
03/28/2022,HKY,NC,ASO,ES,Federal Contract Tower,0,9,4,0,13,0,4,36,9,49,0,13,40,9,62,24,0,24,86
03/29/2022,HKY,NC,ASO,ES,Federal Contract Tower,0,2,4,0,6,0,5,8,6,19,0,7,12,6,25,0,0,0,25
03/30/2022,HKY,NC,ASO,ES,Federal Contract Tower,0,7,11,0,18,0,2,12,2,16,0,9,23,2,34,68,0,68,102
03/31/2022,HKY,NC,ASO,ES,Federal Contract Tower,0,7,0,0,7,0,2,4,0,6,0,9,4,0,13,2,0,2,15
04/01/2022,HKY,NC,ASO,ES,Federal Contract Tower,0,3,2,0,5,0,4,34,1,39,0,7,36,1,44,14,0,14,58
04/02/2022,HKY,NC,ASO,ES,Federal Contract Tower,0,3,11,0,14,0,3,73,0,76,0,6,84,0,90,6,0,6,96
04/03/2022,HKY,NC,ASO,ES,Federal Contract Tower,0,8,5,0,13,0,3,36,2,41,0,11,41,2,54,20,0,20,74
04/04/2022,HKY,NC,ASO,ES,Federal Contract Tower,0,6,4,0,10,0,7,50,6,63,0,13,54,6,73,48,0,48,121
04/05/2022,HKY,NC,ASO,ES,Federal Contract Tower,0,10,5,1,16,0,0,12,4,16,0,10,17,5,32,0,0,0,32
04/06/2022,HKY,NC,ASO,ES,Federal Contract Tower,0,5,3,0,8,0,8,44,0,52,0,13,47,0,60,52,0,52,112
04/07/2022,HKY,NC,ASO,ES,Federal Contract Tower,0,9,5,0,14,0,1,34,1,36,0,10,39,1,50,6,0,6,56
04/08/2022,HKY,NC,ASO,ES,Federal Contract Tower,0,6,3,0,9,0,4,24,0,28,0,10,27,0,37,6,0,6,43
04/09/2022,HKY,NC,ASO,ES,Federal Contract Tower,0,6,11,0,17,0,1,71,0,72,0,7,82,0,89,32,0,32,121
04/10/2022,HKY,NC,ASO,ES,Federal Contract Tower,0,1,12,0,13,0,4,58,2,64,0,5,70,2,77,34,0,34,111
04/11/2022,HKY,NC,ASO,ES,Federal Contract Tower,0,3,11,1,15,0,2,34,1,37,0,5,45,2,52,6,0,6,58
04/12/2022,HKY,NC,ASO,ES,Federal Contract Tower,0,6,5,0,11,0,3,36,0,39,0,9,41,0,50,8,0,8,58
04/13/2022,HKY,NC,ASO,ES,Federal Contract Tower,0,9,4,2,15,0,5,59,3,67,0,14,63,5,82,22,0,22,104
04/14/2022,HKY,NC,ASO,ES,Federal Contract Tower,0,16,7,0,23,0,3,21,0,24,0,19,28,0,47,38,0,38,85
04/15/2022,HKY,NC,ASO,ES,Federal Contract Tower,0,2,8,2,12,0,2,104,4,110,0,4,112,6,122,64,0,64,186
04/16/2022,HKY,NC,ASO,ES,Federal Contract Tower,0,4,13,0,17,0,4,19,0,23,0,8,32,0,40,72,0,72,112
04/17/2022,HKY,NC,ASO,ES,Federal Contract Tower,0,4,5,0,9,0,0,0,0,0,0,4,5,0,9,48,0,48,57
04/18/2022,HKY,NC,ASO,ES,Federal Contract Tower,0,18,5,0,23,0,2,2,0,4,0,20,7,0,27,2,0,2,29
04/19/2022,HKY,NC,ASO,ES,Federal Contract Tower,0,13,6,0,19,0,2,33,2,37,0,15,39,2,56,20,2,22,78
04/20/2022,HKY,NC,ASO,ES,Federal Contract Tower,0,15,3,2,20,0,10,62,0,72,0,25,65,2,92,48,0,48,140
04/21/2022,HKY,NC,ASO,ES,Federal Contract Tower,0,8,10,0,18,0,4,57,0,61,0,12,67,0,79,26,0,26,105
04/22/2022,HKY,NC,ASO,ES,Federal Contract Tower,0,5,14,0,19,0,3,75,2,80,0,8,89,2,99,50,0,50,149
04/23/2022,HKY,NC,ASO,ES,Federal Contract Tower,0,2,4,0,6,0,2,59,2,63,0,4,63,2,69,14,0,14,83
04/24/2022,HKY,NC,ASO,ES,Federal Contract Tower,0,8,3,0,11,0,7,45,4,56,0,15,48,4,67,12,0,12,79
04/25/2022,HKY,NC,ASO,ES,Federal Contract Tower,0,3,8,0,11,0,0,48,4,52,0,3,56,4,63,18,0,18,81
04/26/2022,HKY,NC,ASO,ES,Federal Contract Tower,0,10,4,0,14,0,3,36,0,39,0,13,40,0,53,28,0,28,81
04/27/2022,HKY,NC,ASO,ES,Federal Contract Tower,0,12,10,0,22,0,0,0,0,0,0,12,10,0,22,90,0,90,112
04/28/2022,HKY,NC,ASO,ES,Federal Contract Tower,2,8,9,1,20,0,4,79,4,87,2,12,88,5,107,34,2,36,143
04/29/2022,HKY,NC,ASO,ES,Federal Contract Tower,0,6,9,0,15,0,1,64,7,72,0,7,73,7,87,36,0,36,123
04/30/2022,HKY,NC,ASO,ES,Federal Contract Tower,0,5,5,2,12,0,4,44,20,68,0,9,49,22,80,48,0,48,128
05/01/2022,HKY,NC,ASO,ES,Federal Contract Tower,2,10,2,0,14,0,1,2,0,3,2,11,4,0,17,0,0,0,17
05/02/2022,HKY,NC,ASO,ES,Federal Contract Tower,0,1,7,0,8,0,5,79,11,95,0,6,86,11,103,34,0,34,137
05/03/2022,HKY,NC,ASO,ES,Federal Contract Tower,0,10,5,0,15,0,8,29,2,39,0,18,34,2,54,10,0,10,64
05/04/2022,HKY,NC,ASO,ES,Federal Contract Tower,0,0,7,0,7,0,8,29,2,39,0,8,36,2,46,20,0,20,66
05/05/2022,HKY,NC,ASO,ES,Federal Contract Tower,0,5,8,0,13,0,4,71,1,76,0,9,79,1,89,60,0,60,149
05/06/2022,HKY,NC,ASO,ES,Federal Contract Tower,0,4,4,0,8,0,0,0,0,0,0,4,4,0,8,0,0,0,8
05/07/2022,HKY,NC,ASO,ES,Federal Contract Tower,0,2,10,0,12,0,3,9,0,12,0,5,19,0,24,22,0,22,46
05/08/2022,HKY,NC,ASO,ES,Federal Contract Tower,0,8,13,0,21,0,2,9,0,11,0,10,22,0,32,0,0,0,32
05/09/2022,HKY,NC,ASO,ES,Federal Contract Tower,0,6,8,0,14,0,8,68,2,78,0,14,76,2,92,20,0,20,112
05/10/2022,HKY,NC,ASO,ES,Federal Contract Tower,0,8,2,0,10,0,8,70,12,90,0,16,72,12,100,44,0,44,144
05/11/2022,HKY,NC,ASO,ES,Federal Contract Tower,0,10,2,0,12,0,6,59,6,71,0,16,61,6,83,50,0,50,133
05/12/2022,HKY,NC,ASO,ES,Federal Contract Tower,0,7,6,1,14,0,5,28,5,38,0,12,34,6,52,12,0,12,64
05/13/2022,HKY,NC,ASO,ES,Federal Contract Tower,0,7,12,0,19,0,1,5,0,6,0,8,17,0,25,2,0,2,27
05/14/2022,HKY,NC,ASO,ES,Federal Contract Tower,0,6,8,0,14,0,4,64,0,68,0,10,72,0,82,24,0,24,106
05/15/2022,HKY,NC,ASO,ES,Federal Contract Tower,0,8,18,0,26,0,4,24,0,28,0,12,42,0,54,20,0,20,74
05/16/2022,HKY,NC,ASO,ES,Federal Contract Tower,0,4,10,0,14,0,5,33,2,40,0,9,43,2,54,28,0,28,82
05/17/2022,HKY,NC,ASO,ES,Federal Contract Tower,0,3,13,1,17,0,2,62,3,67,0,5,75,4,84,12,0,12,96
05/18/2022,HKY,NC,ASO,ES,Federal Contract Tower,0,13,6,0,19,0,9,42,3,54,0,22,48,3,73,24,0,24,97
05/19/2022,HKY,NC,ASO,ES,Federal Contract Tower,0,14,3,0,17,0,2,3,2,7,0,16,6,2,24,0,0,0,24
05/20/2022,HKY,NC,ASO,ES,Federal Contract Tower,0,9,10,0,19,0,3,44,0,47,0,12,54,0,66,44,0,44,110
05/21/2022,HKY,NC,ASO,ES,Federal Contract Tower,0,4,2,0,6,0,4,41,0,45,0,8,43,0,51,16,0,16,67
05/22/2022,HKY,NC,ASO,ES,Federal Contract Tower,0,15,4,0,19,0,3,14,0,17,0,18,18,0,36,0,0,0,36
05/23/2022,HKY,NC,ASO,ES,Federal Contract Tower,0,12,6,0,18,0,3,0,0,3,0,15,6,0,21,0,0,0,21
05/24/2022,HKY,NC,ASO,ES,Federal Contract Tower,0,4,16,0,20,0,2,22,0,24,0,6,38,0,44,50,0,50,94
05/25/2022,HKY,NC,ASO,ES,Federal Contract Tower,0,18,7,5,30,0,2,8,2,12,0,20,15,7,42,56,0,56,98
05/26/2022,HKY,NC,ASO,ES,Federal Contract Tower,0,16,1,0,17,0,0,0,0,0,0,16,1,0,17,0,0,0,17
05/27/2022,HKY,NC,ASO,ES,Federal Contract Tower,0,5,6,0,11,0,6,13,0,19,0,11,19,0,30,24,0,24,54
05/28/2022,HKY,NC,ASO,ES,Federal Contract Tower,0,5,9,0,14,0,6,63,0,69,0,11,72,0,83,34,0,34,117
05/29/2022,HKY,NC,ASO,ES,Federal Contract Tower,0,2,1,0,3,0,5,46,0,51,0,7,47,0,54,42,0,42,96
05/30/2022,HKY,NC,ASO,ES,Federal Contract Tower,0,10,16,0,26,0,5,64,0,69,0,15,80,0,95,78,0,78,173
05/31/2022,HKY,NC,ASO,ES,Federal Contract Tower,0,4,6,0,10,0,4,53,1,58,0,8,59,1,68,80,0,80,148
06/01/2022,HKY,NC,ASO,ES,Federal Contract Tower,0,11,3,0,14,0,7,44,1,52,0,18,47,1,66,64,0,64,130
06/02/2022,HKY,NC,ASO,ES,Federal Contract Tower,0,7,1,0,8,0,6,29,0,35,0,13,30,0,43,74,0,74,117
06/03/2022,HKY,NC,ASO,ES,Federal Contract Tower,0,3,18,0,21,0,3,40,0,43,0,6,58,0,64,32,0,32,96
06/04/2022,HKY,NC,ASO,ES,Federal Contract Tower,0,1,4,0,5,0,2,57,0,59,0,3,61,0,64,62,0,62,126
06/05/2022,HKY,NC,ASO,ES,Federal Contract Tower,0,4,10,0,14,0,12,50,0,62,0,16,60,0,76,22,0,22,98
06/06/2022,HKY,NC,ASO,ES,Federal Contract Tower,0,13,4,0,17,0,3,50,0,53,0,16,54,0,70,34,0,34,104
06/07/2022,HKY,NC,ASO,ES,Federal Contract Tower,2,13,2,0,17,0,2,53,0,55,2,15,55,0,72,0,0,0,72
06/08/2022,HKY,NC,ASO,ES,Federal Contract Tower,0,10,1,0,11,0,3,19,0,22,0,13,20,0,33,24,0,24,57
06/09/2022,HKY,NC,ASO,ES,Federal Contract Tower,0,10,4,0,14,0,4,62,0,66,0,14,66,0,80,36,0,36,116
06/10/2022,HKY,NC,ASO,ES,Federal Contract Tower,0,11,6,0,17,0,1,84,4,89,0,12,90,4,106,36,0,36,142
06/11/2022,HKY,NC,ASO,ES,Federal Contract Tower,0,12,4,0,16,0,3,71,0,74,0,15,75,0,90,4,0,4,94
06/12/2022,HKY,NC,ASO,ES,Federal Contract Tower,0,6,5,0,11,0,4,32,0,36,0,10,37,0,47,34,0,34,81
06/13/2022,HKY,NC,ASO,ES,Federal Contract Tower,0,9,5,5,19,0,2,71,0,73,0,11,76,5,92,68,0,68,160
06/14/2022,HKY,NC,ASO,ES,Federal Contract Tower,0,12,2,3,17,0,5,26,0,31,0,17,28,3,48,38,0,38,86
06/15/2022,HKY,NC,ASO,ES,Federal Contract Tower,0,14,2,0,16,0,3,58,2,63,0,17,60,2,79,56,0,56,135
06/16/2022,HKY,NC,ASO,ES,Federal Contract Tower,0,14,1,0,15,0,5,31,0,36,0,19,32,0,51,66,0,66,117
06/17/2022,HKY,NC,ASO,ES,Federal Contract Tower,0,14,10,0,24,0,0,45,0,45,0,14,55,0,69,68,0,68,137
06/18/2022,HKY,NC,ASO,ES,Federal Contract Tower,0,6,4,0,10,0,4,38,0,42,0,10,42,0,52,36,0,36,88
06/19/2022,HKY,NC,ASO,ES,Federal Contract Tower,0,6,4,0,10,0,6,38,0,44,0,12,42,0,54,28,0,28,82
06/20/2022,HKY,NC,ASO,ES,Federal Contract Tower,0,7,9,0,16,0,3,88,2,93,0,10,97,2,109,44,0,44,153
06/21/2022,HKY,NC,ASO,ES,Federal Contract Tower,0,6,3,0,9,0,5,36,2,43,0,11,39,2,52,64,0,64,116
06/22/2022,HKY,NC,ASO,ES,Federal Contract Tower,0,11,2,2,15,0,5,36,3,44,0,16,38,5,59,24,0,24,83
06/23/2022,HKY,NC,ASO,ES,Federal Contract Tower,0,16,4,0,20,0,1,19,2,22,0,17,23,2,42,16,0,16,58
06/24/2022,HKY,NC,ASO,ES,Federal Contract Tower,0,8,9,0,17,0,6,40,3,49,0,14,49,3,66,40,0,40,106
06/25/2022,HKY,NC,ASO,ES,Federal Contract Tower,0,8,5,0,13,0,5,65,0,70,0,13,70,0,83,26,0,26,109
06/26/2022,HKY,NC,ASO,ES,Federal Contract Tower,0,8,13,0,21,0,9,20,0,29,0,17,33,0,50,2,0,2,52
06/27/2022,HKY,NC,ASO,ES,Federal Contract Tower,0,14,6,0,20,0,3,48,2,53,0,17,54,2,73,28,0,28,101
06/28/2022,HKY,NC,ASO,ES,Federal Contract Tower,0,9,7,0,16,0,6,53,4,63,0,15,60,4,79,33,0,33,112
06/29/2022,HKY,NC,ASO,ES,Federal Contract Tower,0,10,13,5,28,0,5,53,6,64,0,15,66,11,92,36,0,36,128
06/30/2022,HKY,NC,ASO,ES,Federal Contract Tower,0,10,3,0,13,0,1,68,1,70,0,11,71,1,83,48,0,48,131
07/01/2022,HKY,NC,ASO,ES,Federal Contract Tower,0,13,14,0,27,0,5,49,0,54,0,18,63,0,81,26,0,26,107
07/02/2022,HKY,NC,ASO,ES,Federal Contract Tower,0,6,9,0,15,0,3,34,0,37,0,9,43,0,52,6,0,6,58
07/03/2022,HKY,NC,ASO,ES,Federal Contract Tower,0,5,16,0,21,0,2,14,0,16,0,7,30,0,37,8,0,8,45
07/04/2022,HKY,NC,ASO,ES,Federal Contract Tower,0,1,5,0,6,0,3,38,0,41,0,4,43,0,47,34,0,34,81
07/05/2022,HKY,NC,ASO,ES,Federal Contract Tower,0,10,1,0,11,0,0,33,0,33,0,10,34,0,44,34,0,34,78
07/06/2022,HKY,NC,ASO,ES,Federal Contract Tower,0,7,10,0,17,0,1,50,4,55,0,8,60,4,72,66,0,66,138
07/07/2022,HKY,NC,ASO,ES,Federal Contract Tower,0,13,8,1,22,0,3,46,1,50,0,16,54,2,72,48,0,48,120
07/08/2022,HKY,NC,ASO,ES,Federal Contract Tower,0,17,14,0,31,0,2,33,0,35,0,19,47,0,66,30,0,30,96
07/09/2022,HKY,NC,ASO,ES,Federal Contract Tower,0,9,5,0,14,0,2,64,0,66,0,11,69,0,80,42,0,42,122
07/10/2022,HKY,NC,ASO,ES,Federal Contract Tower,0,19,6,0,25,0,0,1,0,1,0,19,7,0,26,0,0,0,26
07/11/2022,HKY,NC,ASO,ES,Federal Contract Tower,0,11,6,2,19,0,6,69,2,77,0,17,75,4,96,22,0,22,118
07/12/2022,HKY,NC,ASO,ES,Federal Contract Tower,0,15,10,0,25,0,3,56,0,59,0,18,66,0,84,46,0,46,130
07/13/2022,HKY,NC,ASO,ES,Federal Contract Tower,0,10,8,0,18,0,5,35,1,41,0,15,43,1,59,24,0,24,83
07/14/2022,HKY,NC,ASO,ES,Federal Contract Tower,0,9,11,0,20,0,2,32,0,34,0,11,43,0,54,28,0,28,82
07/15/2022,HKY,NC,ASO,ES,Federal Contract Tower,0,8,13,0,21,0,3,50,2,55,0,11,63,2,76,36,0,36,112
07/16/2022,HKY,NC,ASO,ES,Federal Contract Tower,0,5,1,0,6,0,2,56,0,58,0,7,57,0,64,88,0,88,152
07/17/2022,HKY,NC,ASO,ES,Federal Contract Tower,0,7,2,0,9,0,6,54,0,60,0,13,56,0,69,14,0,14,83
07/18/2022,HKY,NC,ASO,ES,Federal Contract Tower,0,15,5,2,22,0,4,23,3,30,0,19,28,5,52,16,0,16,68
07/19/2022,HKY,NC,ASO,ES,Federal Contract Tower,0,11,5,1,17,0,11,33,3,47,0,22,38,4,64,42,0,42,106
07/20/2022,HKY,NC,ASO,ES,Federal Contract Tower,0,10,8,0,18,0,7,35,0,42,0,17,43,0,60,80,0,80,140
07/21/2022,HKY,NC,ASO,ES,Federal Contract Tower,0,13,6,2,21,0,3,27,0,30,0,16,33,2,51,30,0,30,81
07/22/2022,HKY,NC,ASO,ES,Federal Contract Tower,0,10,12,0,22,0,3,66,0,69,0,13,78,0,91,34,0,34,125
07/23/2022,HKY,NC,ASO,ES,Federal Contract Tower,0,3,5,0,8,0,4,76,0,80,0,7,81,0,88,32,0,32,120
07/24/2022,HKY,NC,ASO,ES,Federal Contract Tower,0,13,6,0,19,0,0,67,0,67,0,13,73,0,86,20,0,20,106
07/25/2022,HKY,NC,ASO,ES,Federal Contract Tower,0,14,2,0,16,0,1,33,0,34,0,15,35,0,50,94,0,94,144
07/26/2022,HKY,NC,ASO,ES,Federal Contract Tower,0,7,7,0,14,0,4,12,0,16,0,11,19,0,30,8,0,8,38
07/27/2022,HKY,NC,ASO,ES,Federal Contract Tower,0,7,7,0,14,0,0,32,0,32,0,7,39,0,46,32,0,32,78
07/28/2022,HKY,NC,ASO,ES,Federal Contract Tower,0,3,16,2,21,0,5,56,3,64,0,8,72,5,85,2,0,2,87
07/29/2022,HKY,NC,ASO,ES,Federal Contract Tower,0,8,3,2,13,0,4,44,1,49,0,12,47,3,62,52,0,52,114
07/30/2022,HKY,NC,ASO,ES,Federal Contract Tower,0,10,5,0,15,0,2,76,0,78,0,12,81,0,93,22,0,22,115
07/31/2022,HKY,NC,ASO,ES,Federal Contract Tower,0,5,8,0,13,0,6,4,0,10,0,11,12,0,23,0,0,0,23
08/01/2022,HKY,NC,ASO,ES,Federal Contract Tower,0,7,6,0,13,0,8,31,2,41,0,15,37,2,54,68,6,74,128
08/02/2022,HKY,NC,ASO,ES,Federal Contract Tower,0,13,8,0,21,0,3,60,0,63,0,16,68,0,84,24,0,24,108
08/03/2022,HKY,NC,ASO,ES,Federal Contract Tower,0,6,11,1,18,0,5,84,12,101,0,11,95,13,119,16,0,16,135
08/04/2022,HKY,NC,ASO,ES,Federal Contract Tower,0,12,7,0,19,0,5,53,0,58,0,17,60,0,77,38,0,38,115
08/05/2022,HKY,NC,ASO,ES,Federal Contract Tower,0,13,4,0,17,0,0,44,0,44,0,13,48,0,61,44,0,44,105
08/06/2022,HKY,NC,ASO,ES,Federal Contract Tower,0,6,15,0,21,0,0,9,0,9,0,6,24,0,30,0,0,0,30
08/07/2022,HKY,NC,ASO,ES,Federal Contract Tower,0,17,11,0,28,0,6,14,0,20,0,23,25,0,48,14,0,14,62
08/08/2022,HKY,NC,ASO,ES,Federal Contract Tower,0,6,1,2,9,0,7,43,0,50,0,13,44,2,59,8,0,8,67
08/09/2022,HKY,NC,ASO,ES,Federal Contract Tower,0,11,4,4,19,0,6,47,3,56,0,17,51,7,75,73,0,73,148
08/10/2022,HKY,NC,ASO,ES,Federal Contract Tower,0,5,4,0,9,0,2,58,0,60,0,7,62,0,69,32,0,32,101
08/11/2022,HKY,NC,ASO,ES,Federal Contract Tower,0,1,16,2,19,0,5,47,4,56,0,6,63,6,75,34,0,34,109
08/12/2022,HKY,NC,ASO,ES,Federal Contract Tower,0,5,8,0,13,0,5,74,1,80,0,10,82,1,93,28,0,28,121
08/13/2022,HKY,NC,ASO,ES,Federal Contract Tower,0,1,8,0,9,0,9,175,1,185,0,10,183,1,194,60,0,60,254
08/14/2022,HKY,NC,ASO,ES,Federal Contract Tower,0,13,13,0,26,0,3,26,0,29,0,16,39,0,55,28,0,28,83
08/15/2022,HKY,NC,ASO,ES,Federal Contract Tower,0,14,3,0,17,0,0,8,0,8,0,14,11,0,25,12,0,12,37
08/16/2022,HKY,NC,ASO,ES,Federal Contract Tower,2,6,15,0,23,0,3,0,0,3,2,9,15,0,26,0,0,0,26
08/17/2022,HKY,NC,ASO,ES,Federal Contract Tower,0,8,7,0,15,0,14,69,0,83,0,22,76,0,98,88,0,88,186
08/18/2022,HKY,NC,ASO,ES,Federal Contract Tower,0,16,14,0,30,0,12,47,2,61,0,28,61,2,91,34,0,34,125
08/19/2022,HKY,NC,ASO,ES,Federal Contract Tower,0,8,15,2,25,0,6,53,0,59,0,14,68,2,84,54,0,54,138
08/20/2022,HKY,NC,ASO,ES,Federal Contract Tower,0,6,26,0,32,0,1,61,0,62,0,7,87,0,94,46,0,46,140
08/21/2022,HKY,NC,ASO,ES,Federal Contract Tower,0,10,0,0,10,0,0,4,0,4,0,10,4,0,14,14,0,14,28
08/22/2022,HKY,NC,ASO,ES,Federal Contract Tower,0,8,1,0,9,0,12,25,0,37,0,20,26,0,46,52,0,52,98
08/23/2022,HKY,NC,ASO,ES,Federal Contract Tower,0,13,13,0,26,0,9,95,0,104,0,22,108,0,130,32,0,32,162
08/24/2022,HKY,NC,ASO,ES,Federal Contract Tower,0,8,5,0,13,0,0,6,0,6,0,8,11,0,19,18,0,18,37
08/25/2022,HKY,NC,ASO,ES,Federal Contract Tower,0,13,16,0,29,0,4,29,0,33,0,17,45,0,62,6,0,6,68
08/26/2022,HKY,NC,ASO,ES,Federal Contract Tower,0,7,11,0,18,0,3,37,0,40,0,10,48,0,58,76,0,76,134
08/27/2022,HKY,NC,ASO,ES,Federal Contract Tower,0,7,11,0,18,0,3,40,2,45,0,10,51,2,63,20,0,20,83
08/28/2022,HKY,NC,ASO,ES,Federal Contract Tower,0,12,8,0,20,0,6,47,0,53,0,18,55,0,73,24,0,24,97
08/29/2022,HKY,NC,ASO,ES,Federal Contract Tower,0,6,4,0,10,0,3,56,5,64,0,9,60,5,74,34,2,36,110
08/30/2022,HKY,NC,ASO,ES,Federal Contract Tower,0,9,3,1,13,0,3,20,1,24,0,12,23,2,37,16,0,16,53
08/31/2022,HKY,NC,ASO,ES,Federal Contract Tower,0,4,16,1,21,0,6,98,5,109,0,10,114,6,130,90,0,90,220
09/01/2022,HKY,NC,ASO,ES,Federal Contract Tower,0,13,8,0,21,0,5,70,3,78,0,18,78,3,99,86,0,86,185
09/02/2022,HKY,NC,ASO,ES,Federal Contract Tower,0,12,13,0,25,0,2,92,2,96,0,14,105,2,121,68,0,68,189
09/03/2022,HKY,NC,ASO,ES,Federal Contract Tower,0,3,1,0,4,0,2,72,0,74,0,5,73,0,78,34,0,34,112
09/04/2022,HKY,NC,ASO,ES,Federal Contract Tower,0,5,2,0,7,0,3,5,0,8,0,8,7,0,15,0,0,0,15
09/05/2022,HKY,NC,ASO,ES,Federal Contract Tower,0,15,12,0,27,0,0,2,0,2,0,15,14,0,29,0,0,0,29
09/06/2022,HKY,NC,ASO,ES,Federal Contract Tower,0,8,12,0,20,0,4,39,0,43,0,12,51,0,63,44,0,44,107
09/07/2022,HKY,NC,ASO,ES,Federal Contract Tower,0,3,1,0,4,0,5,48,0,53,0,8,49,0,57,50,0,50,107
09/08/2022,HKY,NC,ASO,ES,Federal Contract Tower,0,5,3,0,8,0,7,52,2,61,0,12,55,2,69,22,0,22,91
09/09/2022,HKY,NC,ASO,ES,Federal Contract Tower,0,9,9,2,20,0,7,33,8,48,0,16,42,10,68,20,0,20,88
09/10/2022,HKY,NC,ASO,ES,Federal Contract Tower,0,4,0,0,4,0,0,2,0,2,0,4,2,0,6,0,0,0,6
09/11/2022,HKY,NC,ASO,ES,Federal Contract Tower,0,5,5,2,12,0,1,13,0,14,0,6,18,2,26,8,0,8,34
09/12/2022,HKY,NC,ASO,ES,Federal Contract Tower,0,12,4,0,16,0,1,24,0,25,0,13,28,0,41,6,0,6,47
09/13/2022,HKY,NC,ASO,ES,Federal Contract Tower,0,17,8,1,26,0,4,65,5,74,0,21,73,6,100,20,0,20,120
09/14/2022,HKY,NC,ASO,ES,Federal Contract Tower,0,5,10,0,15,0,4,57,0,61,0,9,67,0,76,46,2,48,124
09/15/2022,HKY,NC,ASO,ES,Federal Contract Tower,0,10,6,0,16,0,4,56,2,62,0,14,62,2,78,6,0,6,84
09/16/2022,HKY,NC,ASO,ES,Federal Contract Tower,1,2,5,2,10,0,3,66,2,71,1,5,71,4,81,72,0,72,153
09/17/2022,HKY,NC,ASO,ES,Federal Contract Tower,0,7,10,0,17,0,5,29,2,36,0,12,39,2,53,38,0,38,91
09/18/2022,HKY,NC,ASO,ES,Federal Contract Tower,0,10,6,0,16,23,5,26,0,54,23,15,32,0,70,24,0,24,94
09/19/2022,HKY,NC,ASO,ES,Federal Contract Tower,0,14,8,0,22,0,0,54,4,58,0,14,62,4,80,65,0,65,145
09/20/2022,HKY,NC,ASO,ES,Federal Contract Tower,0,11,1,0,12,0,8,57,0,65,0,19,58,0,77,58,0,58,135
09/21/2022,HKY,NC,ASO,ES,Federal Contract Tower,0,9,12,2,23,0,5,84,12,101,0,14,96,14,124,46,6,52,176
09/22/2022,HKY,NC,ASO,ES,Federal Contract Tower,0,11,2,0,13,0,4,35,0,39,0,15,37,0,52,62,0,62,114
09/23/2022,HKY,NC,ASO,ES,Federal Contract Tower,0,12,5,0,17,0,8,80,4,92,0,20,85,4,109,40,0,40,149
09/24/2022,HKY,NC,ASO,ES,Federal Contract Tower,0,7,9,0,16,0,4,43,1,48,0,11,52,1,64,20,0,20,84
09/25/2022,HKY,NC,ASO,ES,Federal Contract Tower,0,8,10,0,18,0,2,27,2,31,0,10,37,2,49,2,0,2,51
09/26/2022,HKY,NC,ASO,ES,Federal Contract Tower,0,13,4,0,17,0,10,47,2,59,0,23,51,2,76,24,0,24,100
09/27/2022,HKY,NC,ASO,ES,Federal Contract Tower,0,1,3,0,4,0,5,55,0,60,0,6,58,0,64,38,0,38,102
09/28/2022,HKY,NC,ASO,ES,Federal Contract Tower,0,8,2,0,10,0,7,76,0,83,0,15,78,0,93,34,0,34,127
09/29/2022,HKY,NC,ASO,ES,Federal Contract Tower,0,5,3,0,8,0,8,9,3,20,0,13,12,3,28,10,0,10,38
09/30/2022,HKY,NC,ASO,ES,Federal Contract Tower,0,3,1,0,4,0,0,0,0,0,0,3,1,0,4,0,0,0,4
10/01/2022,HKY,NC,ASO,ES,Federal Contract Tower,0,0,7,0,7,0,0,22,0,22,0,0,29,0,29,16,0,16,45
10/02/2022,HKY,NC,ASO,ES,Federal Contract Tower,0,6,4,0,10,0,0,20,0,20,0,6,24,0,30,0,0,0,30
10/03/2022,HKY,NC,ASO,ES,Federal Contract Tower,0,14,11,0,25,0,0,20,0,20,0,14,31,0,45,14,0,14,59
10/04/2022,HKY,NC,ASO,ES,Federal Contract Tower,0,7,4,0,11,0,6,33,1,40,0,13,37,1,51,48,0,48,99
10/05/2022,HKY,NC,ASO,ES,Federal Contract Tower,0,11,4,3,18,0,10,67,9,86,0,21,71,12,104,30,0,30,134
10/06/2022,HKY,NC,ASO,ES,Federal Contract Tower,0,9,12,2,23,0,8,74,2,84,0,17,86,4,107,34,0,34,141
10/07/2022,HKY,NC,ASO,ES,Federal Contract Tower,0,12,7,0,19,0,0,0,0,0,0,12,7,0,19,44,0,44,63
10/08/2022,HKY,NC,ASO,ES,Federal Contract Tower,0,9,8,0,17,0,3,99,0,102,0,12,107,0,119,38,0,38,157
10/09/2022,HKY,NC,ASO,ES,Federal Contract Tower,0,12,4,0,16,0,5,48,0,53,0,17,52,0,69,36,0,36,105
10/10/2022,HKY,NC,ASO,ES,Federal Contract Tower,0,11,5,0,16,0,3,27,0,30,0,14,32,0,46,20,0,20,66
10/11/2022,HKY,NC,ASO,ES,Federal Contract Tower,0,4,5,2,11,0,6,64,3,73,0,10,69,5,84,32,0,32,116
10/12/2022,HKY,NC,ASO,ES,Federal Contract Tower,0,14,9,0,23,0,0,8,0,8,0,14,17,0,31,0,0,0,31
10/13/2022,HKY,NC,ASO,ES,Federal Contract Tower,0,13,9,1,23,0,3,41,0,44,0,16,50,1,67,50,0,50,117
10/14/2022,HKY,NC,ASO,ES,Federal Contract Tower,0,17,8,0,25,0,8,64,0,72,0,25,72,0,97,56,0,56,153
10/15/2022,HKY,NC,ASO,ES,Federal Contract Tower,0,7,4,1,12,0,8,54,1,63,0,15,58,2,75,26,0,26,101
10/16/2022,HKY,NC,ASO,ES,Federal Contract Tower,0,8,10,0,18,0,3,37,2,42,0,11,47,2,60,24,0,24,84
10/17/2022,HKY,NC,ASO,ES,Federal Contract Tower,0,12,11,0,23,0,2,61,0,63,0,14,72,0,86,68,0,68,154
10/18/2022,HKY,NC,ASO,ES,Federal Contract Tower,0,10,5,0,15,0,9,41,2,52,0,19,46,2,67,22,0,22,89
10/19/2022,HKY,NC,ASO,ES,Federal Contract Tower,0,14,9,0,23,0,7,45,14,66,0,21,54,14,89,38,0,38,127
10/20/2022,HKY,NC,ASO,ES,Federal Contract Tower,0,11,2,1,14,0,8,67,5,80,0,19,69,6,94,36,0,36,130
10/21/2022,HKY,NC,ASO,ES,Federal Contract Tower,0,5,9,0,14,0,3,61,9,73,0,8,70,9,87,72,0,72,159
10/22/2022,HKY,NC,ASO,ES,Federal Contract Tower,0,9,5,2,16,0,2,67,6,75,0,11,72,8,91,16,0,16,107
10/23/2022,HKY,NC,ASO,ES,Federal Contract Tower,0,11,11,0,22,0,5,46,6,57,0,16,57,6,79,16,0,16,95
10/24/2022,HKY,NC,ASO,ES,Federal Contract Tower,0,5,10,0,15,0,6,59,6,71,0,11,69,6,86,20,0,20,106
10/25/2022,HKY,NC,ASO,ES,Federal Contract Tower,0,6,2,0,8,0,1,68,4,73,0,7,70,4,81,52,0,52,133
10/26/2022,HKY,NC,ASO,ES,Federal Contract Tower,0,7,10,0,17,0,2,5,0,7,0,9,15,0,24,0,0,0,24
10/27/2022,HKY,NC,ASO,ES,Federal Contract Tower,0,15,7,0,22,0,5,55,4,64,0,20,62,4,86,46,0,46,132
10/28/2022,HKY,NC,ASO,ES,Federal Contract Tower,0,6,7,0,13,0,3,49,2,54,0,9,56,2,67,48,0,48,115
10/29/2022,HKY,NC,ASO,ES,Federal Contract Tower,0,6,21,0,27,0,4,33,0,37,0,10,54,0,64,2,0,2,66
10/30/2022,HKY,NC,ASO,ES,Federal Contract Tower,0,5,8,0,13,0,0,0,0,0,0,5,8,0,13,0,0,0,13
10/31/2022,HKY,NC,ASO,ES,Federal Contract Tower,0,9,1,0,10,0,0,0,0,0,0,9,1,0,10,0,0,0,10
11/01/2022,HKY,NC,ASO,ES,Federal Contract Tower,0,8,17,0,25,0,4,33,2,39,0,12,50,2,64,34,0,34,98
11/02/2022,HKY,NC,ASO,ES,Federal Contract Tower,0,9,10,0,19,0,3,86,0,89,0,12,96,0,108,36,0,36,144
11/03/2022,HKY,NC,ASO,ES,Federal Contract Tower,0,7,10,0,17,0,4,56,5,65,0,11,66,5,82,56,12,68,150
11/04/2022,HKY,NC,ASO,ES,Federal Contract Tower,0,7,7,0,14,0,9,43,0,52,0,16,50,0,66,28,0,28,94
11/05/2022,HKY,NC,ASO,ES,Federal Contract Tower,0,5,4,0,9,0,0,0,0,0,0,5,4,0,9,0,0,0,9
11/06/2022,HKY,NC,ASO,ES,Federal Contract Tower,0,8,5,0,13,0,1,3,0,4,0,9,8,0,17,0,0,0,17
11/07/2022,HKY,NC,ASO,ES,Federal Contract Tower,0,7,7,3,17,0,7,35,0,42,0,14,42,3,59,24,0,24,83
11/08/2022,HKY,NC,ASO,ES,Federal Contract Tower,0,1,6,1,8,0,5,38,1,44,0,6,44,2,52,28,0,28,80
11/09/2022,HKY,NC,ASO,ES,Federal Contract Tower,0,6,11,0,17,0,4,59,0,63,0,10,70,0,80,124,0,124,204
11/10/2022,HKY,NC,ASO,ES,Federal Contract Tower,0,7,7,0,14,0,1,11,0,12,0,8,18,0,26,16,0,16,42
11/11/2022,HKY,NC,ASO,ES,Federal Contract Tower,0,0,0,0,0,0,0,0,0,0,0,0,0,0,0,0,0,0,0
11/12/2022,HKY,NC,ASO,ES,Federal Contract Tower,0,6,7,0,13,0,0,0,0,0,0,6,7,0,13,24,0,24,37
11/13/2022,HKY,NC,ASO,ES,Federal Contract Tower,0,7,4,0,11,0,0,0,0,0,0,7,4,0,11,14,0,14,25
11/14/2022,HKY,NC,ASO,ES,Federal Contract Tower,0,10,2,0,12,0,3,60,2,65,0,13,62,2,77,70,0,70,147
11/15/2022,HKY,NC,ASO,ES,Federal Contract Tower,0,9,1,0,10,0,0,0,0,0,0,9,1,0,10,0,0,0,10
11/16/2022,HKY,NC,ASO,ES,Federal Contract Tower,0,15,3,1,19,0,3,59,1,63,0,18,62,2,82,56,0,56,138
11/17/2022,HKY,NC,ASO,ES,Federal Contract Tower,0,8,7,0,15,0,4,76,0,80,0,12,83,0,95,72,0,72,167
11/18/2022,HKY,NC,ASO,ES,Federal Contract Tower,0,11,6,0,17,0,3,42,5,50,0,14,48,5,67,22,0,22,89
11/19/2022,HKY,NC,ASO,ES,Federal Contract Tower,0,8,1,0,9,0,0,59,1,60,0,8,60,1,69,26,0,26,95
11/20/2022,HKY,NC,ASO,ES,Federal Contract Tower,0,6,6,0,12,0,3,43,0,46,0,9,49,0,58,30,0,30,88
11/21/2022,HKY,NC,ASO,ES,Federal Contract Tower,0,5,9,0,14,0,3,57,4,64,0,8,66,4,78,136,0,136,214
11/22/2022,HKY,NC,ASO,ES,Federal Contract Tower,0,10,7,4,21,0,10,68,2,80,0,20,75,6,101,68,0,68,169
11/23/2022,HKY,NC,ASO,ES,Federal Contract Tower,0,9,3,0,12,0,8,69,2,79,0,17,72,2,91,60,0,60,151
11/24/2022,HKY,NC,ASO,ES,Federal Contract Tower,0,1,3,0,4,0,4,19,0,23,0,5,22,0,27,10,0,10,37
11/25/2022,HKY,NC,ASO,ES,Federal Contract Tower,0,1,4,0,5,0,0,27,0,27,0,1,31,0,32,22,0,22,54
11/26/2022,HKY,NC,ASO,ES,Federal Contract Tower,0,8,1,0,9,0,8,52,15,75,0,16,53,15,84,52,0,52,136
11/27/2022,HKY,NC,ASO,ES,Federal Contract Tower,0,16,5,0,21,0,1,0,0,1,0,17,5,0,22,0,0,0,22
11/28/2022,HKY,NC,ASO,ES,Federal Contract Tower,0,8,2,0,10,0,4,70,2,76,0,12,72,2,86,82,0,82,168
11/29/2022,HKY,NC,ASO,ES,Federal Contract Tower,0,6,2,2,10,0,3,62,0,65,0,9,64,2,75,96,0,96,171
11/30/2022,HKY,NC,ASO,ES,Federal Contract Tower,0,8,2,0,10,0,0,2,0,2,0,8,4,0,12,0,0,0,12
12/01/2022,HKY,NC,ASO,ES,Federal Contract Tower,0,3,2,0,5,0,5,63,0,68,0,8,65,0,73,50,0,50,123
12/02/2022,HKY,NC,ASO,ES,Federal Contract Tower,0,5,8,0,13,0,1,40,2,43,0,6,48,2,56,30,0,30,86
12/03/2022,HKY,NC,ASO,ES,Federal Contract Tower,0,5,1,0,6,0,2,3,0,5,0,7,4,0,11,6,0,6,17
12/04/2022,HKY,NC,ASO,ES,Federal Contract Tower,0,10,3,0,13,0,5,42,0,47,0,15,45,0,60,36,0,36,96
12/05/2022,HKY,NC,ASO,ES,Federal Contract Tower,0,6,4,0,10,0,38,5,0,43,0,44,9,0,53,124,0,124,177
12/06/2022,HKY,NC,ASO,ES,Federal Contract Tower,4,8,1,0,13,0,0,0,0,0,4,8,1,0,13,0,0,0,13
12/07/2022,HKY,NC,ASO,ES,Federal Contract Tower,0,4,3,0,7,0,0,0,0,0,0,4,3,0,7,0,0,0,7
12/08/2022,HKY,NC,ASO,ES,Federal Contract Tower,0,11,6,0,17,0,0,9,0,9,0,11,15,0,26,2,0,2,28
12/09/2022,HKY,NC,ASO,ES,Federal Contract Tower,0,5,2,0,7,0,0,2,0,2,0,5,4,0,9,0,0,0,9
12/10/2022,HKY,NC,ASO,ES,Federal Contract Tower,0,2,5,0,7,0,0,1,0,1,0,2,6,0,8,2,0,2,10
12/11/2022,HKY,NC,ASO,ES,Federal Contract Tower,0,4,10,0,14,0,0,4,0,4,0,4,14,0,18,0,0,0,18
12/12/2022,HKY,NC,ASO,ES,Federal Contract Tower,0,3,3,0,6,0,2,50,0,52,0,5,53,0,58,88,0,88,146
12/13/2022,HKY,NC,ASO,ES,Federal Contract Tower,0,9,7,0,16,0,4,43,2,49,0,13,50,2,65,24,0,24,89
12/14/2022,HKY,NC,ASO,ES,Federal Contract Tower,0,2,6,2,10,0,6,16,0,22,0,8,22,2,32,60,0,60,92
12/15/2022,HKY,NC,ASO,ES,Federal Contract Tower,0,7,2,0,9,0,0,0,0,0,0,7,2,0,9,0,0,0,9
12/16/2022,HKY,NC,ASO,ES,Federal Contract Tower,0,7,9,0,16,0,3,88,0,91,0,10,97,0,107,60,0,60,167
12/17/2022,HKY,NC,ASO,ES,Federal Contract Tower,0,3,7,0,10,0,1,55,0,56,0,4,62,0,66,48,0,48,114
12/18/2022,HKY,NC,ASO,ES,Federal Contract Tower,0,12,6,0,18,0,7,41,0,48,0,19,47,0,66,20,0,20,86
12/19/2022,HKY,NC,ASO,ES,Federal Contract Tower,0,5,3,0,8,0,4,70,0,74,0,9,73,0,82,50,0,50,132
12/20/2022,HKY,NC,ASO,ES,Federal Contract Tower,0,7,9,0,16,0,9,112,4,125,0,16,121,4,141,48,0,48,189
12/21/2022,HKY,NC,ASO,ES,Federal Contract Tower,0,9,15,1,25,0,2,59,5,66,0,11,74,6,91,100,0,100,191
12/22/2022,HKY,NC,ASO,ES,Federal Contract Tower,0,5,0,0,5,0,0,0,0,0,0,5,0,0,5,0,0,0,5
12/23/2022,HKY,NC,ASO,ES,Federal Contract Tower,0,3,0,0,3,0,1,0,0,1,0,4,0,0,4,0,0,0,4
12/24/2022,HKY,NC,ASO,ES,Federal Contract Tower,0,2,0,0,2,0,4,6,0,10,0,6,6,0,12,4,0,4,16
12/25/2022,HKY,NC,ASO,ES,Federal Contract Tower,0,0,2,0,2,0,10,5,0,15,0,10,7,0,17,4,0,4,21
12/26/2022,HKY,NC,ASO,ES,Federal Contract Tower,0,6,6,0,12,0,4,35,0,39,0,10,41,0,51,12,0,12,63
12/27/2022,HKY,NC,ASO,ES,Federal Contract Tower,0,5,4,0,9,0,6,61,0,67,0,11,65,0,76,30,0,30,106
12/28/2022,HKY,NC,ASO,ES,Federal Contract Tower,0,5,10,1,16,0,7,49,1,57,0,12,59,2,73,32,0,32,105
12/29/2022,HKY,NC,ASO,ES,Federal Contract Tower,0,11,12,0,23,0,5,83,0,88,0,16,95,0,111,84,0,84,195
12/30/2022,HKY,NC,ASO,ES,Federal Contract Tower,2,10,8,0,20,0,2,27,0,29,2,12,35,0,49,40,0,40,89
12/31/2022,HKY,NC,ASO,ES,Federal Contract Tower,0,2,0,0,2,0,0,0,0,0,0,2,0,0,2,0,0,0,2
01/01/2023,HKY,NC,ASO,ES,Federal Contract Tower,0,2,3,0,5,0,3,2,0,5,0,5,5,0,10,4,0,4,14
01/02/2023,HKY,NC,ASO,ES,Federal Contract Tower,0,8,11,0,19,0,2,25,0,27,0,10,36,0,46,44,0,44,90
01/03/2023,HKY,NC,ASO,ES,Federal Contract Tower,0,11,2,0,13,0,0,0,0,0,0,11,2,0,13,0,0,0,13
01/04/2023,HKY,NC,ASO,ES,Federal Contract Tower,0,5,0,0,5,0,0,0,0,0,0,5,0,0,5,0,0,0,5
01/05/2023,HKY,NC,ASO,ES,Federal Contract Tower,0,9,13,0,22,0,6,74,0,80,0,15,87,0,102,52,0,52,154
01/06/2023,HKY,NC,ASO,ES,Federal Contract Tower,0,3,4,0,7,0,3,103,0,106,0,6,107,0,113,108,0,108,221
01/07/2023,HKY,NC,ASO,ES,Federal Contract Tower,0,6,2,0,8,0,4,75,2,81,0,10,77,2,89,78,0,78,167
01/08/2023,HKY,NC,ASO,ES,Federal Contract Tower,0,6,6,0,12,0,0,2,0,2,0,6,8,0,14,0,0,0,14
01/09/2023,HKY,NC,ASO,ES,Federal Contract Tower,0,9,2,0,11,0,6,46,0,52,0,15,48,0,63,28,0,28,91
01/10/2023,HKY,NC,ASO,ES,Federal Contract Tower,0,6,7,0,13,0,7,104,4,115,0,13,111,4,128,74,0,74,202
01/11/2023,HKY,NC,ASO,ES,Federal Contract Tower,0,16,5,0,21,0,7,112,0,119,0,23,117,0,140,68,0,68,208
01/12/2023,HKY,NC,ASO,ES,Federal Contract Tower,2,8,3,0,13,0,0,0,0,0,2,8,3,0,13,0,0,0,13
01/13/2023,HKY,NC,ASO,ES,Federal Contract Tower,0,5,5,0,10,0,4,26,2,32,0,9,31,2,42,4,0,4,46
01/14/2023,HKY,NC,ASO,ES,Federal Contract Tower,0,4,7,0,11,0,5,83,0,88,0,9,90,0,99,8,0,8,107
01/15/2023,HKY,NC,ASO,ES,Federal Contract Tower,0,5,2,0,7,0,5,55,0,60,0,10,57,0,67,44,0,44,111
01/16/2023,HKY,NC,ASO,ES,Federal Contract Tower,0,7,15,0,22,0,5,79,0,84,0,12,94,0,106,58,0,58,164
01/17/2023,HKY,NC,ASO,ES,Federal Contract Tower,0,7,14,0,21,0,0,4,0,4,0,7,18,0,25,0,0,0,25
01/18/2023,HKY,NC,ASO,ES,Federal Contract Tower,0,6,7,0,13,0,6,49,0,55,0,12,56,0,68,36,0,36,104
01/19/2023,HKY,NC,ASO,ES,Federal Contract Tower,0,12,3,2,17,0,0,2,0,2,0,12,5,2,19,0,0,0,19
01/20/2023,HKY,NC,ASO,ES,Federal Contract Tower,0,6,4,0,10,0,8,58,2,68,0,14,62,2,78,32,0,32,110
01/21/2023,HKY,NC,ASO,ES,Federal Contract Tower,0,10,3,0,13,0,1,97,0,98,0,11,100,0,111,54,0,54,165
01/22/2023,HKY,NC,ASO,ES,Federal Contract Tower,0,2,0,0,2,0,0,0,0,0,0,2,0,0,2,0,0,0,2
01/23/2023,HKY,NC,ASO,ES,Federal Contract Tower,0,12,5,1,18,0,1,14,0,15,0,13,19,1,33,10,0,10,43
01/24/2023,HKY,NC,ASO,ES,Federal Contract Tower,0,7,6,0,13,0,13,125,0,138,0,20,131,0,151,66,0,66,217
01/25/2023,HKY,NC,ASO,ES,Federal Contract Tower,0,3,1,0,4,0,0,0,0,0,0,3,1,0,4,0,0,0,4
01/26/2023,HKY,NC,ASO,ES,Federal Contract Tower,2,13,12,0,27,0,7,15,4,26,2,20,27,4,53,2,0,2,55
01/27/2023,HKY,NC,ASO,ES,Federal Contract Tower,0,9,4,1,14,0,9,63,0,72,0,18,67,1,86,30,0,30,116
01/28/2023,HKY,NC,ASO,ES,Federal Contract Tower,0,4,5,0,9,0,4,128,3,135,0,8,133,3,144,58,0,58,202
01/29/2023,HKY,NC,ASO,ES,Federal Contract Tower,0,7,9,0,16,0,0,27,0,27,0,7,36,0,43,2,0,2,45
01/30/2023,HKY,NC,ASO,ES,Federal Contract Tower,0,4,5,0,9,0,0,32,0,32,0,4,37,0,41,12,0,12,53
01/31/2023,HKY,NC,ASO,ES,Federal Contract Tower,0,5,1,0,6,0,0,0,0,0,0,5,1,0,6,0,0,0,6
02/01/2023,HKY,NC,ASO,ES,Federal Contract Tower,15,0,2,0,17,0,0,1,0,1,15,0,3,0,18,0,0,0,18
02/02/2023,HKY,NC,ASO,ES,Federal Contract Tower,0,2,0,0,2,0,0,0,0,0,0,2,0,0,2,0,0,0,2
02/03/2023,HKY,NC,ASO,ES,Federal Contract Tower,2,5,7,0,14,0,5,50,2,57,2,10,57,2,71,12,0,12,83
02/04/2023,HKY,NC,ASO,ES,Federal Contract Tower,0,1,5,0,6,0,2,68,0,70,0,3,73,0,76,34,0,34,110
02/05/2023,HKY,NC,ASO,ES,Federal Contract Tower,0,8,10,0,18,0,11,63,18,92,0,19,73,18,110,44,0,44,154
02/06/2023,HKY,NC,ASO,ES,Federal Contract Tower,0,2,0,0,2,0,1,79,0,80,0,3,79,0,82,44,0,44,126
02/07/2023,HKY,NC,ASO,ES,Federal Contract Tower,0,5,9,0,14,0,5,73,0,78,0,10,82,0,92,100,2,102,194
02/08/2023,HKY,NC,ASO,ES,Federal Contract Tower,0,8,1,0,9,0,7,43,2,52,0,15,44,2,61,26,0,26,87
02/09/2023,HKY,NC,ASO,ES,Federal Contract Tower,0,4,9,1,14,0,5,1,5,11,0,9,10,6,25,0,0,0,25
02/10/2023,HKY,NC,ASO,ES,Federal Contract Tower,0,8,2,0,10,0,5,56,0,61,0,13,58,0,71,56,0,56,127
02/11/2023,HKY,NC,ASO,ES,Federal Contract Tower,0,5,4,0,9,0,2,96,6,104,0,7,100,6,113,8,0,8,121
02/12/2023,HKY,NC,ASO,ES,Federal Contract Tower,0,4,0,0,4,0,0,0,0,0,0,4,0,0,4,0,0,0,4
02/13/2023,HKY,NC,ASO,ES,Federal Contract Tower,0,2,8,0,10,0,6,80,2,88,0,8,88,2,98,40,0,40,138
02/14/2023,HKY,NC,ASO,ES,Federal Contract Tower,0,3,7,0,10,0,6,70,2,78,0,9,77,2,88,36,0,36,124
02/15/2023,HKY,NC,ASO,ES,Federal Contract Tower,0,13,8,1,22,0,6,49,4,59,0,19,57,5,81,22,0,22,103
02/16/2023,HKY,NC,ASO,ES,Federal Contract Tower,2,11,16,0,29,0,5,19,2,26,2,16,35,2,55,58,0,58,113
02/17/2023,HKY,NC,ASO,ES,Federal Contract Tower,0,11,4,0,15,0,0,1,0,1,0,11,5,0,16,0,0,0,16
02/18/2023,HKY,NC,ASO,ES,Federal Contract Tower,0,6,5,0,11,0,3,90,0,93,0,9,95,0,104,26,0,26,130
02/19/2023,HKY,NC,ASO,ES,Federal Contract Tower,0,3,7,0,10,0,3,30,0,33,0,6,37,0,43,0,0,0,43
02/20/2023,HKY,NC,ASO,ES,Federal Contract Tower,0,12,4,0,16,0,16,39,0,55,0,28,43,0,71,14,0,14,85
02/21/2023,HKY,NC,ASO,ES,Federal Contract Tower,0,8,3,0,11,0,10,17,2,29,0,18,20,2,40,30,0,30,70
02/22/2023,HKY,NC,ASO,ES,Federal Contract Tower,0,6,3,0,9,0,3,10,3,16,0,9,13,3,25,8,0,8,33
02/23/2023,HKY,NC,ASO,ES,Federal Contract Tower,0,12,2,3,17,0,3,6,1,10,0,15,8,4,27,4,0,4,31
02/24/2023,HKY,NC,ASO,ES,Federal Contract Tower,0,2,11,10,23,0,6,91,4,101,0,8,102,14,124,100,0,100,224
02/25/2023,HKY,NC,ASO,ES,Federal Contract Tower,0,7,4,0,11,0,1,0,0,1,0,8,4,0,12,0,0,0,12
02/26/2023,HKY,NC,ASO,ES,Federal Contract Tower,0,8,3,0,11,0,2,5,0,7,0,10,8,0,18,0,0,0,18
02/27/2023,HKY,NC,ASO,ES,Federal Contract Tower,0,11,5,0,16,0,1,0,0,1,0,12,5,0,17,0,0,0,17
02/28/2023,HKY,NC,ASO,ES,Federal Contract Tower,0,2,16,0,18,0,8,70,6,84,0,10,86,6,102,72,0,72,174
03/01/2023,HKY,NC,ASO,ES,Federal Contract Tower,0,9,10,0,19,0,4,107,7,118,0,13,117,7,137,98,0,98,235
03/02/2023,HKY,NC,ASO,ES,Federal Contract Tower,0,7,12,2,21,0,2,0,0,2,0,9,12,2,23,2,0,2,25
03/03/2023,HKY,NC,ASO,ES,Federal Contract Tower,0,1,1,0,2,0,0,0,0,0,0,1,1,0,2,0,0,0,2
03/04/2023,HKY,NC,ASO,ES,Federal Contract Tower,0,7,4,0,11,0,6,65,0,71,0,13,69,0,82,34,0,34,116
03/05/2023,HKY,NC,ASO,ES,Federal Contract Tower,0,5,4,0,9,0,12,49,0,61,0,17,53,0,70,38,0,38,108
03/06/2023,HKY,NC,ASO,ES,Federal Contract Tower,0,6,4,2,12,0,1,84,2,87,0,7,88,4,99,104,0,104,203
03/07/2023,HKY,NC,ASO,ES,Federal Contract Tower,0,2,2,0,4,0,3,12,4,19,0,5,14,4,23,20,2,22,45
03/08/2023,HKY,NC,ASO,ES,Federal Contract Tower,0,3,8,0,11,0,11,52,3,66,0,14,60,3,77,38,0,38,115
03/09/2023,HKY,NC,ASO,ES,Federal Contract Tower,0,5,10,0,15,0,2,88,0,90,0,7,98,0,105,76,2,78,183
03/10/2023,HKY,NC,ASO,ES,Federal Contract Tower,0,4,14,0,18,0,8,8,0,16,0,12,22,0,34,0,0,0,34
03/11/2023,HKY,NC,ASO,ES,Federal Contract Tower,0,0,2,0,2,0,3,117,7,127,0,3,119,7,129,32,0,32,161
03/12/2023,HKY,NC,ASO,ES,Federal Contract Tower,0,5,1,0,6,0,0,0,0,0,0,5,1,0,6,0,0,0,6
03/13/2023,HKY,NC,ASO,ES,Federal Contract Tower,0,5,4,0,9,0,0,12,0,12,0,5,16,0,21,0,0,0,21
03/14/2023,HKY,NC,ASO,ES,Federal Contract Tower,0,9,8,2,19,0,6,10,3,19,0,15,18,5,38,14,0,14,52
03/15/2023,HKY,NC,ASO,ES,Federal Contract Tower,0,8,8,0,16,0,5,66,0,71,0,13,74,0,87,60,0,60,147
03/16/2023,HKY,NC,ASO,ES,Federal Contract Tower,0,5,7,0,12,0,7,94,6,107,0,12,101,6,119,70,0,70,189
03/17/2023,HKY,NC,ASO,ES,Federal Contract Tower,0,3,1,0,4,0,0,6,0,6,0,3,7,0,10,12,0,12,22
03/18/2023,HKY,NC,ASO,ES,Federal Contract Tower,0,0,5,0,5,0,7,41,2,50,0,7,46,2,55,42,0,42,97
03/19/2023,HKY,NC,ASO,ES,Federal Contract Tower,0,2,4,0,6,0,4,54,0,58,0,6,58,0,64,38,0,38,102
03/20/2023,HKY,NC,ASO,ES,Federal Contract Tower,0,5,8,0,13,0,3,71,0,74,0,8,79,0,87,54,0,54,141
03/21/2023,HKY,NC,ASO,ES,Federal Contract Tower,0,3,8,0,11,0,0,96,0,96,0,3,104,0,107,58,0,58,165
03/22/2023,HKY,NC,ASO,ES,Federal Contract Tower,0,12,3,0,15,0,0,14,0,14,0,12,17,0,29,64,0,64,93
03/23/2023,HKY,NC,ASO,ES,Federal Contract Tower,0,13,6,1,20,0,3,33,2,38,0,16,39,3,58,14,0,14,72
03/24/2023,HKY,NC,ASO,ES,Federal Contract Tower,0,10,6,0,16,0,2,37,1,40,0,12,43,1,56,18,0,18,74
03/25/2023,HKY,NC,ASO,ES,Federal Contract Tower,0,4,2,0,6,0,3,0,0,3,0,7,2,0,9,0,0,0,9
03/26/2023,HKY,NC,ASO,ES,Federal Contract Tower,0,12,6,0,18,0,2,88,0,90,0,14,94,0,108,98,0,98,206
03/27/2023,HKY,NC,ASO,ES,Federal Contract Tower,0,9,5,0,14,0,6,10,0,16,0,15,15,0,30,26,0,26,56
03/28/2023,HKY,NC,ASO,ES,Federal Contract Tower,0,10,7,0,17,0,0,58,2,60,0,10,65,2,77,82,0,82,159
03/29/2023,HKY,NC,ASO,ES,Federal Contract Tower,0,14,5,1,20,0,4,86,8,98,0,18,91,9,118,82,0,82,200
03/30/2023,HKY,NC,ASO,ES,Federal Contract Tower,0,8,18,0,26,0,7,81,17,105,0,15,99,17,131,24,0,24,155
03/31/2023,HKY,NC,ASO,ES,Federal Contract Tower,2,6,7,1,16,0,5,33,5,43,2,11,40,6,59,4,0,4,63
04/01/2023,HKY,NC,ASO,ES,Federal Contract Tower,0,3,0,0,3,0,5,1,0,6,0,8,1,0,9,0,0,0,9
04/02/2023,HKY,NC,ASO,ES,Federal Contract Tower,0,6,9,0,15,0,12,92,18,122,0,18,101,18,137,76,0,76,213
04/03/2023,HKY,NC,ASO,ES,Federal Contract Tower,0,4,9,0,13,0,16,37,1,54,0,20,46,1,67,28,0,28,95
04/04/2023,HKY,NC,ASO,ES,Federal Contract Tower,0,5,3,0,8,0,8,107,0,115,0,13,110,0,123,50,0,50,173
04/05/2023,HKY,NC,ASO,ES,Federal Contract Tower,0,14,6,0,20,0,10,14,4,28,0,24,20,4,48,10,0,10,58
04/06/2023,HKY,NC,ASO,ES,Federal Contract Tower,0,4,7,0,11,0,5,36,0,41,0,9,43,0,52,36,0,36,88
04/07/2023,HKY,NC,ASO,ES,Federal Contract Tower,0,12,0,0,12,0,0,0,0,0,0,12,0,0,12,0,0,0,12
04/08/2023,HKY,NC,ASO,ES,Federal Contract Tower,0,7,2,0,9,0,0,0,0,0,0,7,2,0,9,0,0,0,9
04/09/2023,HKY,NC,ASO,ES,Federal Contract Tower,0,5,6,0,11,0,3,45,0,48,0,8,51,0,59,18,0,18,77
04/10/2023,HKY,NC,ASO,ES,Federal Contract Tower,0,6,5,0,11,0,2,90,0,92,0,8,95,0,103,64,0,64,167
04/11/2023,HKY,NC,ASO,ES,Federal Contract Tower,0,9,12,0,21,0,6,82,2,90,0,15,94,2,111,50,0,50,161
04/12/2023,HKY,NC,ASO,ES,Federal Contract Tower,0,17,11,0,28,0,1,65,4,70,0,18,76,4,98,34,0,34,132
04/13/2023,HKY,NC,ASO,ES,Federal Contract Tower,0,7,8,0,15,0,5,88,6,99,0,12,96,6,114,72,0,72,186
04/14/2023,HKY,NC,ASO,ES,Federal Contract Tower,0,8,4,0,12,0,9,9,0,18,0,17,13,0,30,12,0,12,42
04/15/2023,HKY,NC,ASO,ES,Federal Contract Tower,0,7,16,0,23,0,4,79,0,83,0,11,95,0,106,34,0,34,140
04/16/2023,HKY,NC,ASO,ES,Federal Contract Tower,0,11,7,0,18,0,6,49,0,55,0,17,56,0,73,18,0,18,91
04/17/2023,HKY,NC,ASO,ES,Federal Contract Tower,0,4,2,0,6,0,5,69,10,84,0,9,71,10,90,12,0,12,102
04/18/2023,HKY,NC,ASO,ES,Federal Contract Tower,0,6,7,2,15,0,7,55,0,62,0,13,62,2,77,14,0,14,91
04/19/2023,HKY,NC,ASO,ES,Federal Contract Tower,0,8,9,0,17,0,10,57,5,72,0,18,66,5,89,32,0,32,121
04/20/2023,HKY,NC,ASO,ES,Federal Contract Tower,0,5,4,0,9,0,4,60,4,68,0,9,64,4,77,46,2,48,125
04/21/2023,HKY,NC,ASO,ES,Federal Contract Tower,0,5,5,0,10,0,10,53,5,68,0,15,58,5,78,54,0,54,132
04/22/2023,HKY,NC,ASO,ES,Federal Contract Tower,0,4,8,0,12,0,0,4,0,4,0,4,12,0,16,0,0,0,16
04/23/2023,HKY,NC,ASO,ES,Federal Contract Tower,0,13,11,0,24,0,4,47,0,51,0,17,58,0,75,28,0,28,103
04/24/2023,HKY,NC,ASO,ES,Federal Contract Tower,0,12,4,0,16,0,5,67,0,72,0,17,71,0,88,14,0,14,102
04/25/2023,HKY,NC,ASO,ES,Federal Contract Tower,0,12,18,2,32,0,6,109,2,117,0,18,127,4,149,72,0,72,221
04/26/2023,HKY,NC,ASO,ES,Federal Contract Tower,0,9,5,0,14,0,5,51,0,56,0,14,56,0,70,28,0,28,98
04/27/2023,HKY,NC,ASO,ES,Federal Contract Tower,0,12,9,0,21,0,0,0,0,0,0,12,9,0,21,0,0,0,21
04/28/2023,HKY,NC,ASO,ES,Federal Contract Tower,0,5,12,0,17,0,1,4,2,7,0,6,16,2,24,0,0,0,24
04/29/2023,HKY,NC,ASO,ES,Federal Contract Tower,0,10,10,0,20,0,5,21,0,26,0,15,31,0,46,14,0,14,60
04/30/2023,HKY,NC,ASO,ES,Federal Contract Tower,0,15,10,0,25,0,4,29,0,33,0,19,39,0,58,8,0,8,66
05/01/2023,HKY,NC,ASO,ES,Federal Contract Tower,0,6,0,0,6,0,5,37,0,42,0,11,37,0,48,22,0,22,70
05/02/2023,HKY,NC,ASO,ES,Federal Contract Tower,0,5,2,0,7,0,1,11,2,14,0,6,13,2,21,8,0,8,29
05/03/2023,HKY,NC,ASO,ES,Federal Contract Tower,0,5,7,0,12,0,6,19,0,25,0,11,26,0,37,8,0,8,45
05/04/2023,HKY,NC,ASO,ES,Federal Contract Tower,0,8,23,0,31,0,7,117,1,125,0,15,140,1,156,48,0,48,204
05/05/2023,HKY,NC,ASO,ES,Federal Contract Tower,0,12,14,2,28,0,6,92,0,98,0,18,106,2,126,66,0,66,192
05/06/2023,HKY,NC,ASO,ES,Federal Contract Tower,0,6,18,0,24,0,3,77,0,80,0,9,95,0,104,30,0,30,134
05/07/2023,HKY,NC,ASO,ES,Federal Contract Tower,0,12,7,0,19,0,4,30,0,34,0,16,37,0,53,28,0,28,81
05/08/2023,HKY,NC,ASO,ES,Federal Contract Tower,0,12,13,0,25,0,1,36,2,39,0,13,49,2,64,54,0,54,118
05/09/2023,HKY,NC,ASO,ES,Federal Contract Tower,0,12,10,2,24,0,3,31,2,36,0,15,41,4,60,6,4,10,70
05/10/2023,HKY,NC,ASO,ES,Federal Contract Tower,0,4,6,0,10,0,6,87,4,97,0,10,93,4,107,138,0,138,245
05/11/2023,HKY,NC,ASO,ES,Federal Contract Tower,0,6,7,0,13,0,5,60,3,68,0,11,67,3,81,58,6,64,145
05/12/2023,HKY,NC,ASO,ES,Federal Contract Tower,0,3,10,0,13,0,0,9,0,9,0,3,19,0,22,2,0,2,24
05/13/2023,HKY,NC,ASO,ES,Federal Contract Tower,0,1,12,0,13,0,4,68,0,72,0,5,80,0,85,10,0,10,95
05/14/2023,HKY,NC,ASO,ES,Federal Contract Tower,0,10,10,0,20,0,3,8,0,11,0,13,18,0,31,0,0,0,31
05/15/2023,HKY,NC,ASO,ES,Federal Contract Tower,0,8,10,0,18,0,7,79,2,88,0,15,89,2,106,44,0,44,150
05/16/2023,HKY,NC,ASO,ES,Federal Contract Tower,0,7,5,0,12,0,1,14,0,15,0,8,19,0,27,8,0,8,35
05/17/2023,HKY,NC,ASO,ES,Federal Contract Tower,0,14,12,0,26,0,14,99,6,119,0,28,111,6,145,98,6,104,249
05/18/2023,HKY,NC,ASO,ES,Federal Contract Tower,0,15,17,0,32,0,8,55,0,63,0,23,72,0,95,56,0,56,151
05/19/2023,HKY,NC,ASO,ES,Federal Contract Tower,0,15,21,0,36,0,2,47,6,55,0,17,68,6,91,126,0,126,217
05/20/2023,HKY,NC,ASO,ES,Federal Contract Tower,0,9,9,1,19,0,2,62,0,64,0,11,71,1,83,96,0,96,179
05/21/2023,HKY,NC,ASO,ES,Federal Contract Tower,0,13,9,0,22,0,1,74,0,75,0,14,83,0,97,58,0,58,155
05/22/2023,HKY,NC,ASO,ES,Federal Contract Tower,0,6,11,0,17,0,4,85,1,90,0,10,96,1,107,76,0,76,183
05/23/2023,HKY,NC,ASO,ES,Federal Contract Tower,0,5,9,0,14,0,5,50,6,61,0,10,59,6,75,14,6,20,95
05/24/2023,HKY,NC,ASO,ES,Federal Contract Tower,0,9,8,0,17,0,7,82,4,93,0,16,90,4,110,104,0,104,214
05/25/2023,HKY,NC,ASO,ES,Federal Contract Tower,0,10,9,0,19,0,7,72,0,79,0,17,81,0,98,38,0,38,136
05/26/2023,HKY,NC,ASO,ES,Federal Contract Tower,0,7,11,0,18,0,2,46,2,50,0,9,57,2,68,2,0,2,70
05/27/2023,HKY,NC,ASO,ES,Federal Contract Tower,0,2,5,0,7,0,2,3,0,5,0,4,8,0,12,20,0,20,32
05/28/2023,HKY,NC,ASO,ES,Federal Contract Tower,0,3,3,0,6,0,0,0,0,0,0,3,3,0,6,0,0,0,6
05/29/2023,HKY,NC,ASO,ES,Federal Contract Tower,0,8,10,0,18,0,0,18,0,18,0,8,28,0,36,0,0,0,36
05/30/2023,HKY,NC,ASO,ES,Federal Contract Tower,0,12,11,1,24,0,27,1,0,28,0,39,12,1,52,50,0,50,102
05/31/2023,HKY,NC,ASO,ES,Federal Contract Tower,0,6,13,3,22,0,5,37,1,43,0,11,50,4,65,86,0,86,151
06/01/2023,HKY,NC,ASO,ES,Federal Contract Tower,0,9,7,1,17,0,7,102,3,112,0,16,109,4,129,76,0,76,205
06/02/2023,HKY,NC,ASO,ES,Federal Contract Tower,0,8,10,0,18,0,9,88,0,97,0,17,98,0,115,50,0,50,165
06/03/2023,HKY,NC,ASO,ES,Federal Contract Tower,0,6,3,0,9,0,1,87,0,88,0,7,90,0,97,64,0,64,161
06/04/2023,HKY,NC,ASO,ES,Federal Contract Tower,0,9,17,0,26,0,2,22,0,24,0,11,39,0,50,40,0,40,90
06/05/2023,HKY,NC,ASO,ES,Federal Contract Tower,0,8,8,3,19,0,3,33,1,37,0,11,41,4,56,6,0,6,62
06/06/2023,HKY,NC,ASO,ES,Federal Contract Tower,0,7,8,0,15,0,2,82,2,86,0,9,90,2,101,78,0,78,179
06/07/2023,HKY,NC,ASO,ES,Federal Contract Tower,0,2,6,0,8,0,2,33,0,35,0,4,39,0,43,24,0,24,67
06/08/2023,HKY,NC,ASO,ES,Federal Contract Tower,0,15,4,0,19,0,3,52,2,57,0,18,56,2,76,48,0,48,124
06/09/2023,HKY,NC,ASO,ES,Federal Contract Tower,0,11,5,0,16,0,9,113,2,124,0,20,118,2,140,26,0,26,166
06/10/2023,HKY,NC,ASO,ES,Federal Contract Tower,0,9,7,0,16,0,5,149,2,156,0,14,156,2,172,46,0,46,218
06/11/2023,HKY,NC,ASO,ES,Federal Contract Tower,0,8,8,0,16,0,3,26,0,29,0,11,34,0,45,6,0,6,51
06/12/2023,HKY,NC,ASO,ES,Federal Contract Tower,0,5,8,0,13,0,1,2,2,5,0,6,10,2,18,2,0,2,20
06/13/2023,HKY,NC,ASO,ES,Federal Contract Tower,0,16,5,1,22,0,4,67,5,76,0,20,72,6,98,56,0,56,154
06/14/2023,HKY,NC,ASO,ES,Federal Contract Tower,0,11,8,1,20,0,1,39,1,41,0,12,47,2,61,26,0,26,87
06/15/2023,HKY,NC,ASO,ES,Federal Contract Tower,0,4,7,3,14,0,1,32,6,39,0,5,39,9,53,6,0,6,59
06/16/2023,HKY,NC,ASO,ES,Federal Contract Tower,0,9,7,0,16,0,3,19,2,24,0,12,26,2,40,28,0,28,68
06/17/2023,HKY,NC,ASO,ES,Federal Contract Tower,0,5,10,0,15,0,1,58,1,60,0,6,68,1,75,10,0,10,85
06/18/2023,HKY,NC,ASO,ES,Federal Contract Tower,0,7,6,0,13,0,4,33,0,37,0,11,39,0,50,20,0,20,70
06/19/2023,HKY,NC,ASO,ES,Federal Contract Tower,0,8,2,0,10,0,5,0,0,5,0,13,2,0,15,0,0,0,15
06/20/2023,HKY,NC,ASO,ES,Federal Contract Tower,0,12,2,0,14,0,0,0,0,0,0,12,2,0,14,0,0,0,14
06/21/2023,HKY,NC,ASO,ES,Federal Contract Tower,0,6,6,0,12,0,0,0,0,0,0,6,6,0,12,0,0,0,12
06/22/2023,HKY,NC,ASO,ES,Federal Contract Tower,0,7,3,0,10,0,0,0,0,0,0,7,3,0,10,0,0,0,10
06/23/2023,HKY,NC,ASO,ES,Federal Contract Tower,0,5,9,0,14,0,3,6,0,9,0,8,15,0,23,10,8,18,41
06/24/2023,HKY,NC,ASO,ES,Federal Contract Tower,0,7,9,0,16,0,3,42,0,45,0,10,51,0,61,64,0,64,125
06/25/2023,HKY,NC,ASO,ES,Federal Contract Tower,0,1,7,0,8,0,7,29,0,36,0,8,36,0,44,26,0,26,70
06/26/2023,HKY,NC,ASO,ES,Federal Contract Tower,0,15,3,0,18,0,4,41,2,47,0,19,44,2,65,108,0,108,173
06/27/2023,HKY,NC,ASO,ES,Federal Contract Tower,0,17,11,0,28,0,9,48,3,60,0,26,59,3,88,102,0,102,190
06/28/2023,HKY,NC,ASO,ES,Federal Contract Tower,0,6,14,0,20,0,3,98,6,107,0,9,112,6,127,140,0,140,267
06/29/2023,HKY,NC,ASO,ES,Federal Contract Tower,0,15,14,0,29,0,5,53,2,60,0,20,67,2,89,121,0,121,210
06/30/2023,HKY,NC,ASO,ES,Federal Contract Tower,0,10,4,0,14,0,4,61,0,65,0,14,65,0,79,70,0,70,149
07/01/2023,HKY,NC,ASO,ES,Federal Contract Tower,0,18,5,1,24,0,2,27,1,30,0,20,32,2,54,10,0,10,64
07/02/2023,HKY,NC,ASO,ES,Federal Contract Tower,0,2,15,0,17,0,6,22,0,28,0,8,37,0,45,0,0,0,45
07/03/2023,HKY,NC,ASO,ES,Federal Contract Tower,0,3,4,0,7,0,5,36,2,43,0,8,40,2,50,28,0,28,78
07/04/2023,HKY,NC,ASO,ES,Federal Contract Tower,0,1,3,2,6,0,1,39,0,40,0,2,42,2,46,20,0,20,66
07/05/2023,HKY,NC,ASO,ES,Federal Contract Tower,0,29,2,0,31,0,9,46,0,55,0,38,48,0,86,14,0,14,100
07/06/2023,HKY,NC,ASO,ES,Federal Contract Tower,0,9,13,2,24,0,5,54,2,61,0,14,67,4,85,34,0,34,119
07/07/2023,HKY,NC,ASO,ES,Federal Contract Tower,0,5,7,2,14,0,4,58,0,62,0,9,65,2,76,8,0,8,84
07/08/2023,HKY,NC,ASO,ES,Federal Contract Tower,0,1,6,0,7,0,6,184,2,192,0,7,190,2,199,16,0,16,215
07/09/2023,HKY,NC,ASO,ES,Federal Contract Tower,0,16,5,0,21,0,7,10,0,17,0,23,15,0,38,4,0,4,42
07/10/2023,HKY,NC,ASO,ES,Federal Contract Tower,0,9,4,0,13,0,9,40,2,51,0,18,44,2,64,54,0,54,118
07/11/2023,HKY,NC,ASO,ES,Federal Contract Tower,0,9,8,0,17,0,5,106,2,113,0,14,114,2,130,50,0,50,180
07/12/2023,HKY,NC,ASO,ES,Federal Contract Tower,0,19,7,0,26,0,5,91,2,98,0,24,98,2,124,98,4,102,226
07/13/2023,HKY,NC,ASO,ES,Federal Contract Tower,0,14,14,1,29,0,10,52,6,68,0,24,66,7,97,62,0,62,159
07/14/2023,HKY,NC,ASO,ES,Federal Contract Tower,0,3,7,0,10,0,3,18,0,21,0,6,25,0,31,16,0,16,47
07/15/2023,HKY,NC,ASO,ES,Federal Contract Tower,0,10,5,0,15,0,0,7,0,7,0,10,12,0,22,6,0,6,28
07/16/2023,HKY,NC,ASO,ES,Federal Contract Tower,0,12,15,0,27,0,5,48,0,53,0,17,63,0,80,6,0,6,86
07/17/2023,HKY,NC,ASO,ES,Federal Contract Tower,0,8,14,0,22,0,4,38,1,43,0,12,52,1,65,98,0,98,163
07/18/2023,HKY,NC,ASO,ES,Federal Contract Tower,0,4,9,0,13,0,5,32,0,37,0,9,41,0,50,72,0,72,122
07/19/2023,HKY,NC,ASO,ES,Federal Contract Tower,0,10,6,0,16,0,3,70,0,73,0,13,76,0,89,58,0,58,147
07/20/2023,HKY,NC,ASO,ES,Federal Contract Tower,0,9,4,1,14,0,4,75,1,80,0,13,79,2,94,60,0,60,154
07/21/2023,HKY,NC,ASO,ES,Federal Contract Tower,0,8,8,0,16,0,2,67,0,69,0,10,75,0,85,34,0,34,119
07/22/2023,HKY,NC,ASO,ES,Federal Contract Tower,0,7,7,0,14,0,8,55,0,63,0,15,62,0,77,90,0,90,167
07/23/2023,HKY,NC,ASO,ES,Federal Contract Tower,0,3,7,0,10,0,2,11,0,13,0,5,18,0,23,10,0,10,33
07/24/2023,HKY,NC,ASO,ES,Federal Contract Tower,0,12,17,0,29,0,4,40,0,44,0,16,57,0,73,76,0,76,149
07/25/2023,HKY,NC,ASO,ES,Federal Contract Tower,0,6,9,0,15,0,4,76,2,82,0,10,85,2,97,83,0,83,180
07/26/2023,HKY,NC,ASO,ES,Federal Contract Tower,0,4,15,0,19,0,3,78,2,83,0,7,93,2,102,40,0,40,142
07/27/2023,HKY,NC,ASO,ES,Federal Contract Tower,0,7,13,0,20,0,6,35,2,43,0,13,48,2,63,54,0,54,117
07/28/2023,HKY,NC,ASO,ES,Federal Contract Tower,0,14,8,2,24,0,0,31,8,39,0,14,39,10,63,74,0,74,137
07/29/2023,HKY,NC,ASO,ES,Federal Contract Tower,0,8,7,0,15,0,2,42,3,47,0,10,49,3,62,38,0,38,100
07/30/2023,HKY,NC,ASO,ES,Federal Contract Tower,0,20,5,0,25,0,5,18,8,31,0,25,23,8,56,0,0,0,56
07/31/2023,HKY,NC,ASO,ES,Federal Contract Tower,0,4,13,0,17,0,4,42,0,46,0,8,55,0,63,44,0,44,107
08/01/2023,HKY,NC,ASO,ES,Federal Contract Tower,0,14,13,0,27,0,4,85,0,89,0,18,98,0,116,116,0,116,232
08/02/2023,HKY,NC,ASO,ES,Federal Contract Tower,0,11,8,0,19,0,83,10,0,93,0,94,18,0,112,32,0,32,144
08/03/2023,HKY,NC,ASO,ES,Federal Contract Tower,0,8,12,0,20,0,0,1,0,1,0,8,13,0,21,0,0,0,21
08/04/2023,HKY,NC,ASO,ES,Federal Contract Tower,0,7,6,0,13,0,0,41,0,41,0,7,47,0,54,148,0,148,202
08/05/2023,HKY,NC,ASO,ES,Federal Contract Tower,0,7,6,0,13,0,4,95,0,99,0,11,101,0,112,132,0,132,244
08/06/2023,HKY,NC,ASO,ES,Federal Contract Tower,0,13,11,0,24,0,3,34,0,37,0,16,45,0,61,34,0,34,95
08/07/2023,HKY,NC,ASO,ES,Federal Contract Tower,0,12,6,0,18,0,19,0,0,19,0,31,6,0,37,16,0,16,53
08/08/2023,HKY,NC,ASO,ES,Federal Contract Tower,0,15,4,1,20,0,3,50,4,57,0,18,54,5,77,78,0,78,155
08/09/2023,HKY,NC,ASO,ES,Federal Contract Tower,0,11,4,0,15,0,4,75,0,79,0,15,79,0,94,114,0,114,208
08/10/2023,HKY,NC,ASO,ES,Federal Contract Tower,0,18,7,0,25,0,0,26,0,26,0,18,33,0,51,2,0,2,53
08/11/2023,HKY,NC,ASO,ES,Federal Contract Tower,0,13,12,0,25,0,2,46,0,48,0,15,58,0,73,76,0,76,149
08/12/2023,HKY,NC,ASO,ES,Federal Contract Tower,0,7,5,0,12,0,5,156,0,161,0,12,161,0,173,38,0,38,211
08/13/2023,HKY,NC,ASO,ES,Federal Contract Tower,0,5,3,0,8,0,3,53,0,56,0,8,56,0,64,32,0,32,96
08/14/2023,HKY,NC,ASO,ES,Federal Contract Tower,2,13,5,0,20,0,4,35,0,39,2,17,40,0,59,60,0,60,119
08/15/2023,HKY,NC,ASO,ES,Federal Contract Tower,0,6,1,2,9,0,7,33,0,40,0,13,34,2,49,62,4,66,115
08/16/2023,HKY,NC,ASO,ES,Federal Contract Tower,0,9,4,0,13,0,7,58,2,67,0,16,62,2,80,10,0,10,90
08/17/2023,HKY,NC,ASO,ES,Federal Contract Tower,0,6,6,0,12,0,6,82,0,88,0,12,88,0,100,44,0,44,144
08/18/2023,HKY,NC,ASO,ES,Federal Contract Tower,0,11,1,0,12,0,6,65,2,73,0,17,66,2,85,90,0,90,175
08/19/2023,HKY,NC,ASO,ES,Federal Contract Tower,0,3,5,0,8,0,89,3,0,92,0,92,8,0,100,36,0,36,136
08/20/2023,HKY,NC,ASO,ES,Federal Contract Tower,0,12,9,0,21,0,4,54,0,58,0,16,63,0,79,14,0,14,93
08/21/2023,HKY,NC,ASO,ES,Federal Contract Tower,0,5,11,0,16,0,4,45,4,53,0,9,56,4,69,50,10,60,129
08/22/2023,HKY,NC,ASO,ES,Federal Contract Tower,0,5,9,0,14,0,7,119,2,128,0,12,128,2,142,69,0,69,211
08/23/2023,HKY,NC,ASO,ES,Federal Contract Tower,0,5,5,0,10,0,3,55,1,59,0,8,60,1,69,70,4,74,143
08/24/2023,HKY,NC,ASO,ES,Federal Contract Tower,0,5,3,2,10,0,9,64,2,75,0,14,67,4,85,124,0,124,209
08/25/2023,HKY,NC,ASO,ES,Federal Contract Tower,0,4,10,8,22,0,12,60,2,74,0,16,70,10,96,68,36,104,200
08/26/2023,HKY,NC,ASO,ES,Federal Contract Tower,0,2,7,0,9,0,7,64,0,71,0,9,71,0,80,68,0,68,148
08/27/2023,HKY,NC,ASO,ES,Federal Contract Tower,0,7,7,0,14,0,1,50,0,51,0,8,57,0,65,16,0,16,81
08/28/2023,HKY,NC,ASO,ES,Federal Contract Tower,0,6,9,0,15,0,3,2,0,5,0,9,11,0,20,0,0,0,20
08/29/2023,HKY,NC,ASO,ES,Federal Contract Tower,0,15,2,0,17,0,2,2,0,4,0,17,4,0,21,0,0,0,21
08/30/2023,HKY,NC,ASO,ES,Federal Contract Tower,0,9,3,0,12,0,7,8,0,15,0,16,11,0,27,0,0,0,27
08/31/2023,HKY,NC,ASO,ES,Federal Contract Tower,0,5,10,0,15,0,5,78,2,85,0,10,88,2,100,58,0,58,158
