01/01/2000,JXN,MI,AGL,CE,Federal Contract Tower,0,0,0,0,0,0,0,130,0,130,0,0,130,0,130,14,0,14,144
01/02/2000,JXN,MI,AGL,CE,Federal Contract Tower,0,0,12,0,12,0,0,7,0,7,0,0,19,0,19,10,0,10,29
01/03/2000,JXN,MI,AGL,CE,Federal Contract Tower,0,0,10,0,10,0,2,0,0,2,0,2,10,0,12,0,0,0,12
01/04/2000,JXN,MI,AGL,CE,Federal Contract Tower,0,0,4,0,4,0,0,11,0,11,0,0,15,0,15,14,0,14,29
01/05/2000,JXN,MI,AGL,CE,Federal Contract Tower,0,0,24,0,24,0,0,72,0,72,0,0,96,0,96,98,0,98,194
01/06/2000,JXN,MI,AGL,CE,Federal Contract Tower,0,0,4,0,4,0,0,78,0,78,0,0,82,0,82,68,0,68,150
01/07/2000,JXN,MI,AGL,CE,Federal Contract Tower,0,0,6,0,6,0,2,27,0,29,0,2,33,0,35,48,0,48,83
01/08/2000,JXN,MI,AGL,CE,Federal Contract Tower,0,0,8,0,8,0,0,93,0,93,0,0,101,0,101,42,0,42,143
01/09/2000,JXN,MI,AGL,CE,Federal Contract Tower,0,0,0,0,0,0,0,2,0,2,0,0,2,0,2,0,0,0,2
01/10/2000,JXN,MI,AGL,CE,Federal Contract Tower,0,0,8,0,8,0,4,0,0,4,0,4,8,0,12,0,0,0,12
01/11/2000,JXN,MI,AGL,CE,Federal Contract Tower,0,2,15,0,17,0,0,0,0,0,0,2,15,0,17,0,0,0,17
01/12/2000,JXN,MI,AGL,CE,Federal Contract Tower,0,0,22,0,22,0,0,110,0,110,0,0,132,0,132,80,0,80,212
01/13/2000,JXN,MI,AGL,CE,Federal Contract Tower,0,0,11,0,11,0,0,10,0,10,0,0,21,0,21,4,0,4,25
01/14/2000,JXN,MI,AGL,CE,Federal Contract Tower,0,2,14,0,16,0,3,60,0,63,0,5,74,0,79,204,0,204,283
01/15/2000,JXN,MI,AGL,CE,Federal Contract Tower,0,0,24,0,24,0,0,162,0,162,0,0,186,0,186,66,0,66,252
01/16/2000,JXN,MI,AGL,CE,Federal Contract Tower,0,0,5,0,5,0,0,40,0,40,0,0,45,0,45,18,0,18,63
01/17/2000,JXN,MI,AGL,CE,Federal Contract Tower,0,0,10,0,10,0,0,59,0,59,0,0,69,0,69,76,0,76,145
01/18/2000,JXN,MI,AGL,CE,Federal Contract Tower,0,2,17,0,19,0,2,1,0,3,0,4,18,0,22,4,0,4,26
01/19/2000,JXN,MI,AGL,CE,Federal Contract Tower,0,2,24,0,26,0,0,75,0,75,0,2,99,0,101,108,0,108,209
01/20/2000,JXN,MI,AGL,CE,Federal Contract Tower,0,0,13,0,13,0,0,22,0,22,0,0,35,0,35,64,0,64,99
01/21/2000,JXN,MI,AGL,CE,Federal Contract Tower,0,0,16,0,16,0,0,84,0,84,0,0,100,0,100,140,0,140,240
01/22/2000,JXN,MI,AGL,CE,Federal Contract Tower,0,0,13,0,13,0,0,23,0,23,0,0,36,0,36,12,0,12,48
01/23/2000,JXN,MI,AGL,CE,Federal Contract Tower,0,0,13,0,13,0,0,3,0,3,0,0,16,0,16,4,0,4,20
01/24/2000,JXN,MI,AGL,CE,Federal Contract Tower,0,0,43,0,43,0,0,106,0,106,0,0,149,0,149,136,0,136,285
01/25/2000,JXN,MI,AGL,CE,Federal Contract Tower,0,2,14,0,16,0,0,0,0,0,0,2,14,0,16,26,0,26,42
01/26/2000,JXN,MI,AGL,CE,Federal Contract Tower,0,0,14,0,14,0,0,56,0,56,0,0,70,0,70,144,0,144,214
01/27/2000,JXN,MI,AGL,CE,Federal Contract Tower,0,0,13,0,13,0,0,84,4,88,0,0,97,4,101,156,8,164,265
01/28/2000,JXN,MI,AGL,CE,Federal Contract Tower,0,2,14,0,16,0,4,142,0,146,0,6,156,0,162,142,0,142,304
01/29/2000,JXN,MI,AGL,CE,Federal Contract Tower,0,0,17,0,17,0,0,288,0,288,0,0,305,0,305,32,0,32,337
01/30/2000,JXN,MI,AGL,CE,Federal Contract Tower,0,0,14,0,14,0,0,11,0,11,0,0,25,0,25,4,0,4,29
01/31/2000,JXN,MI,AGL,CE,Federal Contract Tower,0,0,10,0,10,0,0,33,0,33,0,0,43,0,43,92,0,92,135
02/01/2000,JXN,MI,AGL,CE,Federal Contract Tower,0,0,14,0,14,0,0,16,0,16,0,0,30,0,30,22,0,22,52
02/02/2000,JXN,MI,AGL,CE,Federal Contract Tower,0,0,27,0,27,0,0,115,0,115,0,0,142,0,142,94,0,94,236
02/03/2000,JXN,MI,AGL,CE,Federal Contract Tower,0,0,23,0,23,0,0,12,0,12,0,0,35,0,35,0,0,0,35
02/04/2000,JXN,MI,AGL,CE,Federal Contract Tower,0,0,8,0,8,0,0,18,0,18,0,0,26,0,26,0,0,0,26
02/05/2000,JXN,MI,AGL,CE,Federal Contract Tower,0,0,40,0,40,0,0,117,0,117,0,0,157,0,157,42,0,42,199
02/06/2000,JXN,MI,AGL,CE,Federal Contract Tower,0,0,12,0,12,0,0,123,0,123,0,0,135,0,135,42,0,42,177
02/07/2000,JXN,MI,AGL,CE,Federal Contract Tower,0,0,12,0,12,0,0,69,0,69,0,0,81,0,81,174,0,174,255
02/08/2000,JXN,MI,AGL,CE,Federal Contract Tower,0,0,7,0,7,0,0,165,0,165,0,0,172,0,172,142,0,142,314
02/09/2000,JXN,MI,AGL,CE,Federal Contract Tower,0,0,28,0,28,0,0,98,0,98,0,0,126,0,126,118,0,118,244
02/10/2000,JXN,MI,AGL,CE,Federal Contract Tower,0,0,20,0,20,0,0,10,0,10,0,0,30,0,30,4,0,4,34
02/11/2000,JXN,MI,AGL,CE,Federal Contract Tower,0,0,17,0,17,0,0,70,0,70,0,0,87,0,87,82,0,82,169
02/12/2000,JXN,MI,AGL,CE,Federal Contract Tower,0,0,8,0,8,0,0,284,0,284,0,0,292,0,292,84,0,84,376
02/13/2000,JXN,MI,AGL,CE,Federal Contract Tower,0,0,6,0,6,0,0,45,0,45,0,0,51,0,51,16,0,16,67
02/14/2000,JXN,MI,AGL,CE,Federal Contract Tower,0,2,23,0,25,0,0,23,0,23,0,2,46,0,48,64,0,64,112
02/15/2000,JXN,MI,AGL,CE,Federal Contract Tower,0,1,9,0,10,0,1,52,0,53,0,2,61,0,63,106,0,106,169
02/16/2000,JXN,MI,AGL,CE,Federal Contract Tower,0,0,18,0,18,0,0,57,0,57,0,0,75,0,75,74,0,74,149
02/17/2000,JXN,MI,AGL,CE,Federal Contract Tower,0,0,30,0,30,0,0,112,0,112,0,0,142,0,142,122,0,122,264
02/18/2000,JXN,MI,AGL,CE,Federal Contract Tower,0,0,4,0,4,0,0,13,0,13,0,0,17,0,17,0,0,0,17
02/19/2000,JXN,MI,AGL,CE,Federal Contract Tower,0,0,10,0,10,0,0,68,0,68,0,0,78,0,78,34,0,34,112
02/20/2000,JXN,MI,AGL,CE,Federal Contract Tower,0,0,10,0,10,0,0,37,0,37,0,0,47,0,47,2,0,2,49
02/21/2000,JXN,MI,AGL,CE,Federal Contract Tower,0,1,28,0,29,0,1,140,0,141,0,2,168,0,170,118,0,118,288
02/22/2000,JXN,MI,AGL,CE,Federal Contract Tower,0,1,36,0,37,0,5,84,0,89,0,6,120,0,126,82,0,82,208
02/23/2000,JXN,MI,AGL,CE,Federal Contract Tower,0,1,26,0,27,0,3,78,0,81,0,4,104,0,108,60,0,60,168
02/24/2000,JXN,MI,AGL,CE,Federal Contract Tower,0,0,28,0,28,0,0,17,0,17,0,0,45,0,45,18,0,18,63
02/25/2000,JXN,MI,AGL,CE,Federal Contract Tower,0,2,53,0,55,0,12,8,0,20,0,14,61,0,75,36,0,36,111
02/26/2000,JXN,MI,AGL,CE,Federal Contract Tower,0,0,25,0,25,0,0,52,0,52,0,0,77,0,77,46,0,46,123
02/27/2000,JXN,MI,AGL,CE,Federal Contract Tower,0,0,22,0,22,0,0,36,0,36,0,0,58,0,58,10,0,10,68
02/28/2000,JXN,MI,AGL,CE,Federal Contract Tower,0,0,17,0,17,0,4,187,0,191,0,4,204,0,208,170,0,170,378
02/29/2000,JXN,MI,AGL,CE,Federal Contract Tower,0,0,10,0,10,0,0,128,0,128,0,0,138,0,138,120,0,120,258
03/01/2000,JXN,MI,AGL,CE,Federal Contract Tower,0,1,19,0,20,0,23,13,0,36,0,24,32,0,56,10,0,10,66
03/02/2000,JXN,MI,AGL,CE,Federal Contract Tower,0,0,10,0,10,0,0,55,0,55,0,0,65,0,65,126,0,126,191
03/03/2000,JXN,MI,AGL,CE,Federal Contract Tower,0,0,42,0,42,0,0,157,0,157,0,0,199,0,199,142,0,142,341
03/04/2000,JXN,MI,AGL,CE,Federal Contract Tower,0,0,10,0,10,0,0,285,0,285,0,0,295,0,295,62,0,62,357
03/05/2000,JXN,MI,AGL,CE,Federal Contract Tower,0,0,19,0,19,0,0,301,0,301,0,0,320,0,320,96,0,96,416
03/06/2000,JXN,MI,AGL,CE,Federal Contract Tower,0,0,28,0,28,0,0,122,0,122,0,0,150,0,150,122,0,122,272
03/07/2000,JXN,MI,AGL,CE,Federal Contract Tower,0,0,21,0,21,0,0,92,0,92,0,0,113,0,113,146,0,146,259
03/08/2000,JXN,MI,AGL,CE,Federal Contract Tower,0,0,18,0,18,0,0,70,0,70,0,0,88,0,88,50,0,50,138
03/09/2000,JXN,MI,AGL,CE,Federal Contract Tower,0,0,16,0,16,0,0,10,0,10,0,0,26,0,26,20,0,20,46
03/10/2000,JXN,MI,AGL,CE,Federal Contract Tower,0,0,16,0,16,0,0,19,2,21,0,0,35,2,37,0,18,18,55
03/11/2000,JXN,MI,AGL,CE,Federal Contract Tower,0,0,21,0,21,0,0,129,0,129,0,0,150,0,150,89,0,89,239
03/12/2000,JXN,MI,AGL,CE,Federal Contract Tower,0,0,21,0,21,0,0,209,0,209,0,0,230,0,230,38,0,38,268
03/13/2000,JXN,MI,AGL,CE,Federal Contract Tower,0,0,21,0,21,0,0,22,0,22,0,0,43,0,43,47,0,47,90
03/14/2000,JXN,MI,AGL,CE,Federal Contract Tower,0,0,24,0,24,0,0,67,0,67,0,0,91,0,91,130,0,130,221
03/15/2000,JXN,MI,AGL,CE,Federal Contract Tower,0,0,18,0,18,0,0,51,0,51,0,0,69,0,69,58,0,58,127
03/16/2000,JXN,MI,AGL,CE,Federal Contract Tower,0,0,2,0,2,0,0,58,0,58,0,0,60,0,60,94,0,94,154
03/17/2000,JXN,MI,AGL,CE,Federal Contract Tower,0,1,23,0,24,0,1,137,0,138,0,2,160,0,162,98,0,98,260
03/18/2000,JXN,MI,AGL,CE,Federal Contract Tower,0,0,12,1,13,0,0,202,0,202,0,0,214,1,215,60,0,60,275
03/19/2000,JXN,MI,AGL,CE,Federal Contract Tower,0,0,14,0,14,0,2,38,0,40,0,2,52,0,54,21,0,21,75
03/20/2000,JXN,MI,AGL,CE,Federal Contract Tower,0,0,13,0,13,0,0,11,0,11,0,0,24,0,24,0,0,0,24
03/21/2000,JXN,MI,AGL,CE,Federal Contract Tower,0,1,36,0,37,0,1,19,0,20,0,2,55,0,57,80,0,80,137
03/22/2000,JXN,MI,AGL,CE,Federal Contract Tower,0,2,46,0,48,0,0,69,0,69,0,2,115,0,117,55,0,55,172
03/23/2000,JXN,MI,AGL,CE,Federal Contract Tower,0,1,25,0,26,0,5,163,0,168,0,6,188,0,194,162,0,162,356
03/24/2000,JXN,MI,AGL,CE,Federal Contract Tower,0,0,37,0,37,0,0,104,0,104,0,0,141,0,141,172,0,172,313
03/25/2000,JXN,MI,AGL,CE,Federal Contract Tower,0,0,8,0,8,0,0,60,0,60,0,0,68,0,68,52,0,52,120
03/26/2000,JXN,MI,AGL,CE,Federal Contract Tower,0,0,10,0,10,0,0,262,0,262,0,0,272,0,272,97,0,97,369
03/27/2000,JXN,MI,AGL,CE,Federal Contract Tower,0,0,9,0,9,0,0,32,0,32,0,0,41,0,41,110,0,110,151
03/28/2000,JXN,MI,AGL,CE,Federal Contract Tower,0,0,22,0,22,0,1,6,0,7,0,1,28,0,29,22,0,22,51
03/29/2000,JXN,MI,AGL,CE,Federal Contract Tower,0,0,21,0,21,0,4,51,0,55,0,4,72,0,76,262,0,262,338
03/30/2000,JXN,MI,AGL,CE,Federal Contract Tower,0,0,22,0,22,0,0,157,0,157,0,0,179,0,179,135,0,135,314
03/31/2000,JXN,MI,AGL,CE,Federal Contract Tower,0,1,25,0,26,0,7,206,0,213,0,8,231,0,239,282,0,282,521
04/01/2000,JXN,MI,AGL,CE,Federal Contract Tower,0,0,13,0,13,0,0,183,0,183,0,0,196,0,196,112,0,112,308
04/02/2000,JXN,MI,AGL,CE,Federal Contract Tower,0,0,41,0,41,0,0,14,0,14,0,0,55,0,55,20,0,20,75
04/03/2000,JXN,MI,AGL,CE,Federal Contract Tower,0,0,45,0,45,0,0,8,0,8,0,0,53,0,53,4,0,4,57
04/04/2000,JXN,MI,AGL,CE,Federal Contract Tower,0,2,16,0,18,0,0,22,0,22,0,2,38,0,40,46,0,46,86
04/05/2000,JXN,MI,AGL,CE,Federal Contract Tower,0,0,33,0,33,0,0,129,0,129,0,0,162,0,162,77,0,77,239
04/06/2000,JXN,MI,AGL,CE,Federal Contract Tower,0,0,3,0,3,0,0,16,0,16,0,0,19,0,19,10,0,10,29
04/07/2000,JXN,MI,AGL,CE,Federal Contract Tower,0,0,10,0,10,0,0,13,0,13,0,0,23,0,23,6,0,6,29
04/08/2000,JXN,MI,AGL,CE,Federal Contract Tower,0,0,2,0,2,0,0,7,0,7,0,0,9,0,9,0,0,0,9
04/09/2000,JXN,MI,AGL,CE,Federal Contract Tower,0,0,12,0,12,0,0,10,0,10,0,0,22,0,22,0,0,0,22
04/10/2000,JXN,MI,AGL,CE,Federal Contract Tower,0,0,16,0,16,0,0,98,0,98,0,0,114,0,114,174,0,174,288
04/11/2000,JXN,MI,AGL,CE,Federal Contract Tower,0,0,7,0,7,0,0,1,0,1,0,0,8,0,8,0,0,0,8
04/12/2000,JXN,MI,AGL,CE,Federal Contract Tower,0,0,27,0,27,0,0,91,0,91,0,0,118,0,118,121,0,121,239
04/13/2000,JXN,MI,AGL,CE,Federal Contract Tower,0,0,17,0,17,0,0,68,0,68,0,0,85,0,85,222,0,222,307
04/14/2000,JXN,MI,AGL,CE,Federal Contract Tower,0,0,13,0,13,0,0,163,0,163,0,0,176,0,176,129,0,129,305
04/15/2000,JXN,MI,AGL,CE,Federal Contract Tower,0,0,28,0,28,0,0,157,0,157,0,0,185,0,185,80,0,80,265
04/16/2000,JXN,MI,AGL,CE,Federal Contract Tower,0,0,38,0,38,0,0,59,0,59,0,0,97,0,97,24,0,24,121
04/17/2000,JXN,MI,AGL,CE,Federal Contract Tower,0,0,10,0,10,0,0,28,0,28,0,0,38,0,38,96,0,96,134
04/18/2000,JXN,MI,AGL,CE,Federal Contract Tower,0,2,29,0,31,0,2,116,0,118,0,4,145,0,149,250,0,250,399
04/19/2000,JXN,MI,AGL,CE,Federal Contract Tower,0,0,22,0,22,0,0,45,0,45,0,0,67,0,67,134,0,134,201
04/20/2000,JXN,MI,AGL,CE,Federal Contract Tower,0,0,2,0,2,0,0,0,0,0,0,0,2,0,2,0,0,0,2
04/21/2000,JXN,MI,AGL,CE,Federal Contract Tower,0,0,18,0,18,0,0,6,0,6,0,0,24,0,24,0,0,0,24
04/22/2000,JXN,MI,AGL,CE,Federal Contract Tower,0,2,28,0,30,0,0,188,0,188,0,2,216,0,218,70,0,70,288
04/23/2000,JXN,MI,AGL,CE,Federal Contract Tower,0,0,6,0,6,0,2,87,0,89,0,2,93,0,95,36,0,36,131
04/24/2000,JXN,MI,AGL,CE,Federal Contract Tower,0,0,15,0,15,0,0,132,0,132,0,0,147,0,147,170,0,170,317
04/25/2000,JXN,MI,AGL,CE,Federal Contract Tower,0,1,26,0,27,0,1,117,0,118,0,2,143,0,145,182,0,182,327
04/26/2000,JXN,MI,AGL,CE,Federal Contract Tower,0,0,8,0,8,0,0,131,0,131,0,0,139,0,139,70,0,70,209
04/27/2000,JXN,MI,AGL,CE,Federal Contract Tower,0,2,28,0,30,0,6,81,4,91,0,8,109,4,121,112,0,112,233
04/28/2000,JXN,MI,AGL,CE,Federal Contract Tower,0,2,34,0,36,0,4,144,0,148,0,6,178,0,184,124,0,124,308
04/29/2000,JXN,MI,AGL,CE,Federal Contract Tower,0,0,21,0,21,0,0,190,0,190,0,0,211,0,211,24,0,24,235
04/30/2000,JXN,MI,AGL,CE,Federal Contract Tower,0,0,17,0,17,0,0,246,0,246,0,0,263,0,263,12,0,12,275
05/01/2000,JXN,MI,AGL,CE,Federal Contract Tower,0,1,19,0,20,0,0,11,0,11,0,1,30,0,31,46,0,46,77
05/02/2000,JXN,MI,AGL,CE,Federal Contract Tower,0,0,57,0,57,0,0,83,4,87,0,0,140,4,144,150,0,150,294
05/03/2000,JXN,MI,AGL,CE,Federal Contract Tower,0,3,25,0,28,0,0,107,6,113,0,3,132,6,141,82,0,82,223
05/04/2000,JXN,MI,AGL,CE,Federal Contract Tower,0,2,22,0,24,0,0,73,0,73,0,2,95,0,97,70,0,70,167
05/05/2000,JXN,MI,AGL,CE,Federal Contract Tower,0,0,27,0,27,0,0,108,0,108,0,0,135,0,135,136,0,136,271
05/06/2000,JXN,MI,AGL,CE,Federal Contract Tower,0,0,25,0,25,0,0,128,0,128,0,0,153,0,153,78,0,78,231
05/07/2000,JXN,MI,AGL,CE,Federal Contract Tower,0,1,16,0,17,0,1,93,0,94,0,2,109,0,111,32,0,32,143
05/08/2000,JXN,MI,AGL,CE,Federal Contract Tower,0,2,39,1,42,0,0,14,1,15,0,2,53,2,57,24,8,32,89
05/09/2000,JXN,MI,AGL,CE,Federal Contract Tower,0,1,26,0,27,0,3,2,0,5,0,4,28,0,32,44,0,44,76
05/10/2000,JXN,MI,AGL,CE,Federal Contract Tower,0,1,25,1,27,0,1,30,1,32,0,2,55,2,59,40,0,40,99
05/11/2000,JXN,MI,AGL,CE,Federal Contract Tower,0,0,23,0,23,0,0,42,0,42,0,0,65,0,65,28,0,28,93
05/12/2000,JXN,MI,AGL,CE,Federal Contract Tower,0,2,34,0,36,0,6,0,0,6,0,8,34,0,42,14,0,14,56
05/13/2000,JXN,MI,AGL,CE,Federal Contract Tower,0,0,17,0,17,0,0,88,0,88,0,0,105,0,105,46,0,46,151
05/14/2000,JXN,MI,AGL,CE,Federal Contract Tower,0,0,17,0,17,0,3,73,0,76,0,3,90,0,93,28,0,28,121
05/15/2000,JXN,MI,AGL,CE,Federal Contract Tower,0,2,39,0,41,0,1,131,0,132,0,3,170,0,173,60,0,60,233
05/16/2000,JXN,MI,AGL,CE,Federal Contract Tower,0,1,40,0,41,0,0,19,0,19,0,1,59,0,60,49,0,49,109
05/17/2000,JXN,MI,AGL,CE,Federal Contract Tower,0,1,23,1,25,0,11,63,1,75,0,12,86,2,100,78,12,90,190
05/18/2000,JXN,MI,AGL,CE,Federal Contract Tower,0,0,17,0,17,0,0,4,0,4,0,0,21,0,21,12,0,12,33
05/19/2000,JXN,MI,AGL,CE,Federal Contract Tower,0,0,58,1,59,0,0,0,1,1,0,0,58,2,60,12,0,12,72
05/20/2000,JXN,MI,AGL,CE,Federal Contract Tower,0,0,25,1,26,0,0,163,3,166,0,0,188,4,192,86,0,86,278
05/21/2000,JXN,MI,AGL,CE,Federal Contract Tower,0,0,8,0,8,0,0,172,0,172,0,0,180,0,180,42,0,42,222
05/22/2000,JXN,MI,AGL,CE,Federal Contract Tower,0,0,23,0,23,0,0,61,0,61,0,0,84,0,84,108,0,108,192
05/23/2000,JXN,MI,AGL,CE,Federal Contract Tower,0,0,50,0,50,0,0,60,2,62,0,0,110,2,112,148,0,148,260
05/24/2000,JXN,MI,AGL,CE,Federal Contract Tower,0,1,27,0,28,0,3,89,0,92,0,4,116,0,120,90,0,90,210
05/25/2000,JXN,MI,AGL,CE,Federal Contract Tower,0,0,19,0,19,0,0,62,0,62,0,0,81,0,81,124,0,124,205
05/26/2000,JXN,MI,AGL,CE,Federal Contract Tower,0,0,30,0,30,0,0,149,0,149,0,0,179,0,179,184,0,184,363
05/27/2000,JXN,MI,AGL,CE,Federal Contract Tower,0,0,26,0,26,0,0,14,0,14,0,0,40,0,40,6,0,6,46
05/28/2000,JXN,MI,AGL,CE,Federal Contract Tower,0,1,23,0,24,0,0,8,0,8,0,1,31,0,32,0,0,0,32
05/29/2000,JXN,MI,AGL,CE,Federal Contract Tower,0,1,23,0,24,0,0,200,4,204,0,1,223,4,228,36,0,36,264
05/30/2000,JXN,MI,AGL,CE,Federal Contract Tower,0,2,29,0,31,0,0,68,2,70,0,2,97,2,101,158,0,158,259
05/31/2000,JXN,MI,AGL,CE,Federal Contract Tower,0,0,16,0,16,0,0,36,0,36,0,0,52,0,52,98,0,98,150
06/01/2000,JXN,MI,AGL,CE,Federal Contract Tower,0,3,38,0,41,0,5,67,0,72,0,8,105,0,113,66,0,66,179
06/02/2000,JXN,MI,AGL,CE,Federal Contract Tower,0,0,21,0,21,0,0,27,0,27,0,0,48,0,48,54,0,54,102
06/03/2000,JXN,MI,AGL,CE,Federal Contract Tower,0,1,33,0,34,0,0,192,0,192,0,1,225,0,226,50,0,50,276
06/04/2000,JXN,MI,AGL,CE,Federal Contract Tower,0,1,9,0,10,0,1,141,0,142,0,2,150,0,152,82,0,82,234
06/05/2000,JXN,MI,AGL,CE,Federal Contract Tower,0,2,22,0,24,0,0,19,0,19,0,2,41,0,43,108,0,108,151
06/06/2000,JXN,MI,AGL,CE,Federal Contract Tower,0,1,15,0,16,0,1,87,0,88,0,2,102,0,104,110,0,110,214
06/07/2000,JXN,MI,AGL,CE,Federal Contract Tower,0,2,20,0,22,0,3,163,0,166,0,5,183,0,188,86,0,86,274
06/08/2000,JXN,MI,AGL,CE,Federal Contract Tower,0,0,48,0,48,0,0,85,0,85,0,0,133,0,133,12,0,12,145
06/09/2000,JXN,MI,AGL,CE,Federal Contract Tower,0,2,26,0,28,0,0,83,0,83,0,2,109,0,111,38,0,38,149
06/10/2000,JXN,MI,AGL,CE,Federal Contract Tower,0,0,14,0,14,0,0,124,0,124,0,0,138,0,138,28,0,28,166
06/11/2000,JXN,MI,AGL,CE,Federal Contract Tower,0,6,97,0,103,0,0,154,0,154,0,6,251,0,257,40,0,40,297
06/12/2000,JXN,MI,AGL,CE,Federal Contract Tower,0,0,25,0,25,0,0,2,0,2,0,0,27,0,27,14,0,14,41
06/13/2000,JXN,MI,AGL,CE,Federal Contract Tower,0,3,52,0,55,0,7,31,0,38,0,10,83,0,93,60,0,60,153
06/14/2000,JXN,MI,AGL,CE,Federal Contract Tower,0,1,16,0,17,0,1,36,0,37,0,2,52,0,54,68,0,68,122
06/15/2000,JXN,MI,AGL,CE,Federal Contract Tower,0,2,58,0,60,0,0,71,0,71,0,2,129,0,131,48,0,48,179
06/16/2000,JXN,MI,AGL,CE,Federal Contract Tower,0,1,17,0,18,0,3,41,0,44,0,4,58,0,62,24,0,24,86
06/17/2000,JXN,MI,AGL,CE,Federal Contract Tower,0,0,8,0,8,0,0,115,0,115,0,0,123,0,123,84,0,84,207
06/18/2000,JXN,MI,AGL,CE,Federal Contract Tower,0,0,17,0,17,0,0,96,0,96,0,0,113,0,113,22,0,22,135
06/19/2000,JXN,MI,AGL,CE,Federal Contract Tower,0,0,44,0,44,0,0,173,2,175,0,0,217,2,219,86,0,86,305
06/20/2000,JXN,MI,AGL,CE,Federal Contract Tower,0,0,12,0,12,0,2,31,0,33,0,2,43,0,45,112,0,112,157
06/21/2000,JXN,MI,AGL,CE,Federal Contract Tower,0,0,17,0,17,0,0,48,0,48,0,0,65,0,65,22,0,22,87
06/22/2000,JXN,MI,AGL,CE,Federal Contract Tower,0,0,24,0,24,0,0,72,0,72,0,0,96,0,96,30,0,30,126
06/23/2000,JXN,MI,AGL,CE,Federal Contract Tower,0,0,17,0,17,0,0,169,0,169,0,0,186,0,186,110,0,110,296
06/24/2000,JXN,MI,AGL,CE,Federal Contract Tower,0,0,17,0,17,0,0,85,0,85,0,0,102,0,102,86,0,86,188
06/25/2000,JXN,MI,AGL,CE,Federal Contract Tower,0,2,45,0,47,0,0,39,0,39,0,2,84,0,86,10,0,10,96
06/26/2000,JXN,MI,AGL,CE,Federal Contract Tower,0,1,20,0,21,0,0,64,0,64,0,1,84,0,85,122,0,122,207
06/27/2000,JXN,MI,AGL,CE,Federal Contract Tower,0,1,23,0,24,0,1,93,0,94,0,2,116,0,118,158,0,158,276
06/28/2000,JXN,MI,AGL,CE,Federal Contract Tower,0,2,32,0,34,0,0,126,4,130,0,2,158,4,164,180,0,180,344
06/29/2000,JXN,MI,AGL,CE,Federal Contract Tower,0,1,24,0,25,0,3,63,0,66,0,4,87,0,91,32,0,32,123
06/30/2000,JXN,MI,AGL,CE,Federal Contract Tower,0,1,17,0,18,0,1,260,0,261,0,2,277,0,279,110,0,110,389
07/01/2000,JXN,MI,AGL,CE,Federal Contract Tower,0,0,4,0,4,0,0,288,2,290,0,0,292,2,294,52,0,52,346
07/02/2000,JXN,MI,AGL,CE,Federal Contract Tower,0,0,13,0,13,0,0,210,0,210,0,0,223,0,223,12,0,12,235
07/03/2000,JXN,MI,AGL,CE,Federal Contract Tower,0,0,22,0,22,0,0,4,0,4,0,0,26,0,26,10,0,10,36
07/04/2000,JXN,MI,AGL,CE,Federal Contract Tower,0,0,3,0,3,0,0,98,0,98,0,0,101,0,101,20,0,20,121
07/05/2000,JXN,MI,AGL,CE,Federal Contract Tower,0,0,27,0,27,0,0,99,0,99,0,0,126,0,126,137,0,137,263
07/06/2000,JXN,MI,AGL,CE,Federal Contract Tower,0,0,21,0,21,0,0,65,0,65,0,0,86,0,86,94,0,94,180
07/07/2000,JXN,MI,AGL,CE,Federal Contract Tower,0,0,14,0,14,0,0,143,1,144,0,0,157,1,158,84,0,84,242
07/08/2000,JXN,MI,AGL,CE,Federal Contract Tower,0,0,17,0,17,0,2,94,4,100,0,2,111,4,117,70,0,70,187
07/09/2000,JXN,MI,AGL,CE,Federal Contract Tower,0,0,11,0,11,0,0,43,1,44,0,0,54,1,55,4,0,4,59
07/10/2000,JXN,MI,AGL,CE,Federal Contract Tower,0,2,22,0,24,0,0,4,0,4,0,2,26,0,28,10,0,10,38
07/11/2000,JXN,MI,AGL,CE,Federal Contract Tower,0,0,8,0,8,0,2,117,0,119,0,2,125,0,127,134,0,134,261
07/12/2000,JXN,MI,AGL,CE,Federal Contract Tower,0,0,17,0,17,0,0,119,2,121,0,0,136,2,138,142,0,142,280
07/13/2000,JXN,MI,AGL,CE,Federal Contract Tower,0,0,20,0,20,0,0,162,0,162,0,0,182,0,182,110,0,110,292
07/14/2000,JXN,MI,AGL,CE,Federal Contract Tower,0,0,17,0,17,0,0,139,10,149,0,0,156,10,166,80,0,80,246
07/15/2000,JXN,MI,AGL,CE,Federal Contract Tower,0,0,6,0,6,0,0,272,6,278,0,0,278,6,284,52,0,52,336
07/16/2000,JXN,MI,AGL,CE,Federal Contract Tower,0,0,23,0,23,0,0,188,2,190,0,0,211,2,213,40,0,40,253
07/17/2000,JXN,MI,AGL,CE,Federal Contract Tower,0,0,17,0,17,0,0,58,2,60,0,0,75,2,77,110,0,110,187
07/18/2000,JXN,MI,AGL,CE,Federal Contract Tower,0,2,16,0,18,0,0,116,1,117,0,2,132,1,135,155,0,155,290
07/19/2000,JXN,MI,AGL,CE,Federal Contract Tower,0,1,30,0,31,0,0,144,1,145,0,1,174,1,176,240,0,240,416
07/20/2000,JXN,MI,AGL,CE,Federal Contract Tower,0,3,30,0,33,0,0,161,2,163,0,3,191,2,196,136,0,136,332
07/21/2000,JXN,MI,AGL,CE,Federal Contract Tower,0,3,38,0,41,0,0,83,8,91,0,3,121,8,132,72,0,72,204
07/22/2000,JXN,MI,AGL,CE,Federal Contract Tower,0,2,21,0,23,0,1,168,2,171,0,3,189,2,194,64,0,64,258
07/23/2000,JXN,MI,AGL,CE,Federal Contract Tower,0,4,59,0,63,0,9,152,0,161,0,13,211,0,224,18,0,18,242
07/24/2000,JXN,MI,AGL,CE,Federal Contract Tower,0,0,15,0,15,0,0,106,0,106,0,0,121,0,121,168,0,168,289
07/25/2000,JXN,MI,AGL,CE,Federal Contract Tower,0,0,34,0,34,0,0,136,0,136,0,0,170,0,170,140,0,140,310
07/26/2000,JXN,MI,AGL,CE,Federal Contract Tower,0,2,19,0,21,0,0,74,2,76,0,2,93,2,97,142,0,142,239
07/27/2000,JXN,MI,AGL,CE,Federal Contract Tower,0,0,31,0,31,0,0,64,6,70,0,0,95,6,101,80,0,80,181
07/28/2000,JXN,MI,AGL,CE,Federal Contract Tower,0,1,25,0,26,0,1,27,0,28,0,2,52,0,54,20,0,20,74
07/29/2000,JXN,MI,AGL,CE,Federal Contract Tower,0,0,16,0,16,0,0,2,0,2,0,0,18,0,18,0,0,0,18
07/30/2000,JXN,MI,AGL,CE,Federal Contract Tower,0,1,27,0,28,0,1,0,0,1,0,2,27,0,29,12,0,12,41
07/31/2000,JXN,MI,AGL,CE,Federal Contract Tower,0,2,41,0,43,0,4,60,0,64,0,6,101,0,107,144,0,144,251
08/01/2000,JXN,MI,AGL,CE,Federal Contract Tower,0,0,43,0,43,0,0,42,0,42,0,0,85,0,85,120,0,120,205
08/02/2000,JXN,MI,AGL,CE,Federal Contract Tower,0,2,20,0,22,0,0,25,0,25,0,2,45,0,47,120,0,120,167
08/03/2000,JXN,MI,AGL,CE,Federal Contract Tower,0,2,24,0,26,0,0,140,0,140,0,2,164,0,166,156,0,156,322
08/04/2000,JXN,MI,AGL,CE,Federal Contract Tower,0,1,23,0,24,0,0,149,0,149,0,1,172,0,173,144,0,144,317
08/05/2000,JXN,MI,AGL,CE,Federal Contract Tower,0,0,13,0,13,0,0,192,0,192,0,0,205,0,205,134,0,134,339
08/06/2000,JXN,MI,AGL,CE,Federal Contract Tower,0,0,13,0,13,0,0,15,0,15,0,0,28,0,28,2,0,2,30
08/07/2000,JXN,MI,AGL,CE,Federal Contract Tower,0,2,45,0,47,0,0,65,0,65,0,2,110,0,112,46,0,46,158
08/08/2000,JXN,MI,AGL,CE,Federal Contract Tower,0,3,39,0,42,0,2,72,0,74,0,5,111,0,116,88,0,88,204
08/09/2000,JXN,MI,AGL,CE,Federal Contract Tower,0,2,24,0,26,0,3,51,0,54,0,5,75,0,80,70,0,70,150
08/10/2000,JXN,MI,AGL,CE,Federal Contract Tower,0,3,33,0,36,0,1,123,0,124,0,4,156,0,160,72,0,72,232
08/11/2000,JXN,MI,AGL,CE,Federal Contract Tower,0,0,19,0,19,0,0,69,0,69,0,0,88,0,88,124,0,124,212
08/12/2000,JXN,MI,AGL,CE,Federal Contract Tower,0,0,12,0,12,0,0,163,0,163,0,0,175,0,175,44,0,44,219
08/13/2000,JXN,MI,AGL,CE,Federal Contract Tower,0,0,17,0,17,0,0,98,0,98,0,0,115,0,115,10,0,10,125
08/14/2000,JXN,MI,AGL,CE,Federal Contract Tower,0,0,7,0,7,0,0,103,0,103,0,0,110,0,110,104,0,104,214
08/15/2000,JXN,MI,AGL,CE,Federal Contract Tower,0,0,18,0,18,0,0,30,0,30,0,0,48,0,48,32,0,32,80
08/16/2000,JXN,MI,AGL,CE,Federal Contract Tower,0,3,58,0,61,0,5,114,0,119,0,8,172,0,180,120,0,120,300
08/17/2000,JXN,MI,AGL,CE,Federal Contract Tower,0,4,68,0,72,0,0,0,2,2,0,4,68,2,74,10,0,10,84
08/18/2000,JXN,MI,AGL,CE,Federal Contract Tower,0,2,35,0,37,0,2,41,0,43,0,4,76,0,80,60,0,60,140
08/19/2000,JXN,MI,AGL,CE,Federal Contract Tower,0,3,57,0,60,0,2,158,0,160,0,5,215,0,220,10,0,10,230
08/20/2000,JXN,MI,AGL,CE,Federal Contract Tower,0,4,79,0,83,0,0,262,0,262,0,4,341,0,345,4,0,4,349
08/21/2000,JXN,MI,AGL,CE,Federal Contract Tower,0,0,13,0,13,0,0,89,0,89,0,0,102,0,102,114,0,114,216
08/22/2000,JXN,MI,AGL,CE,Federal Contract Tower,0,1,33,0,34,0,2,44,0,46,0,3,77,0,80,102,0,102,182
08/23/2000,JXN,MI,AGL,CE,Federal Contract Tower,0,1,30,0,31,0,0,42,0,42,0,1,72,0,73,32,0,32,105
08/24/2000,JXN,MI,AGL,CE,Federal Contract Tower,0,1,22,0,23,0,1,113,0,114,0,2,135,0,137,88,0,88,225
08/25/2000,JXN,MI,AGL,CE,Federal Contract Tower,0,0,30,0,30,0,0,142,2,144,0,0,172,2,174,112,0,112,286
08/26/2000,JXN,MI,AGL,CE,Federal Contract Tower,0,0,18,0,18,0,0,109,0,109,0,0,127,0,127,60,0,60,187
08/27/2000,JXN,MI,AGL,CE,Federal Contract Tower,0,0,43,0,43,0,0,41,0,41,0,0,84,0,84,22,0,22,106
08/28/2000,JXN,MI,AGL,CE,Federal Contract Tower,0,2,41,0,43,0,0,24,0,24,0,2,65,0,67,34,0,34,101
08/29/2000,JXN,MI,AGL,CE,Federal Contract Tower,0,0,4,0,4,0,2,0,0,2,0,2,4,0,6,102,0,102,108
08/30/2000,JXN,MI,AGL,CE,Federal Contract Tower,0,1,26,0,27,0,3,56,2,61,0,4,82,2,88,42,0,42,130
08/31/2000,JXN,MI,AGL,CE,Federal Contract Tower,0,0,0,0,0,0,0,136,0,136,0,0,136,0,136,110,0,110,246
09/01/2000,JXN,MI,AGL,CE,Federal Contract Tower,0,2,18,0,20,0,2,89,0,91,0,4,107,0,111,88,0,88,199
09/02/2000,JXN,MI,AGL,CE,Federal Contract Tower,0,0,15,0,15,0,0,39,0,39,0,0,54,0,54,24,0,24,78
09/03/2000,JXN,MI,AGL,CE,Federal Contract Tower,0,0,5,0,5,0,0,30,0,30,0,0,35,0,35,2,0,2,37
09/04/2000,JXN,MI,AGL,CE,Federal Contract Tower,0,0,34,0,34,0,0,20,0,20,0,0,54,0,54,10,0,10,64
09/05/2000,JXN,MI,AGL,CE,Federal Contract Tower,0,2,22,0,24,0,0,93,0,93,0,2,115,0,117,60,0,60,177
09/06/2000,JXN,MI,AGL,CE,Federal Contract Tower,0,0,25,0,25,0,0,140,0,140,0,0,165,0,165,68,0,68,233
09/07/2000,JXN,MI,AGL,CE,Federal Contract Tower,0,0,32,0,32,0,0,116,0,116,0,0,148,0,148,76,4,80,228
09/08/2000,JXN,MI,AGL,CE,Federal Contract Tower,0,0,26,0,26,0,0,60,0,60,0,0,86,0,86,64,2,66,152
09/09/2000,JXN,MI,AGL,CE,Federal Contract Tower,0,0,36,0,36,0,0,22,0,22,0,0,58,0,58,8,0,8,66
09/10/2000,JXN,MI,AGL,CE,Federal Contract Tower,0,0,3,0,3,0,0,4,0,4,0,0,7,0,7,0,0,0,7
09/11/2000,JXN,MI,AGL,CE,Federal Contract Tower,0,1,10,0,11,0,9,0,0,9,0,10,10,0,20,0,0,0,20
09/12/2000,JXN,MI,AGL,CE,Federal Contract Tower,0,0,28,0,28,0,0,60,0,60,0,0,88,0,88,32,0,32,120
09/13/2000,JXN,MI,AGL,CE,Federal Contract Tower,0,2,24,0,26,0,0,152,4,156,0,2,176,4,182,86,0,86,268
09/14/2000,JXN,MI,AGL,CE,Federal Contract Tower,0,2,34,0,36,0,0,31,0,31,0,2,65,0,67,82,0,82,149
09/15/2000,JXN,MI,AGL,CE,Federal Contract Tower,0,1,14,0,15,0,1,27,0,28,0,2,41,0,43,10,0,10,53
09/16/2000,JXN,MI,AGL,CE,Federal Contract Tower,0,0,8,0,8,0,0,149,0,149,0,0,157,0,157,88,0,88,245
09/17/2000,JXN,MI,AGL,CE,Federal Contract Tower,0,0,34,0,34,0,0,103,0,103,0,0,137,0,137,78,0,78,215
09/18/2000,JXN,MI,AGL,CE,Federal Contract Tower,0,2,38,0,40,0,6,143,0,149,0,8,181,0,189,84,0,84,273
09/19/2000,JXN,MI,AGL,CE,Federal Contract Tower,0,0,24,0,24,0,0,82,0,82,0,0,106,0,106,62,0,62,168
09/20/2000,JXN,MI,AGL,CE,Federal Contract Tower,0,2,36,0,38,0,0,43,0,43,0,2,79,0,81,55,0,55,136
09/21/2000,JXN,MI,AGL,CE,Federal Contract Tower,0,0,25,0,25,0,0,73,2,75,0,0,98,2,100,38,0,38,138
09/22/2000,JXN,MI,AGL,CE,Federal Contract Tower,0,0,21,0,21,0,0,101,0,101,0,0,122,0,122,116,0,116,238
09/23/2000,JXN,MI,AGL,CE,Federal Contract Tower,0,0,30,0,30,0,0,5,0,5,0,0,35,0,35,4,0,4,39
09/24/2000,JXN,MI,AGL,CE,Federal Contract Tower,0,0,39,0,39,0,0,86,0,86,0,0,125,0,125,56,0,56,181
09/25/2000,JXN,MI,AGL,CE,Federal Contract Tower,0,0,13,0,13,0,3,90,0,93,0,3,103,0,106,160,0,160,266
09/26/2000,JXN,MI,AGL,CE,Federal Contract Tower,0,2,36,0,38,0,6,129,0,135,0,8,165,0,173,88,0,88,261
09/27/2000,JXN,MI,AGL,CE,Federal Contract Tower,0,0,38,0,38,0,0,83,0,83,0,0,121,0,121,68,0,68,189
09/28/2000,JXN,MI,AGL,CE,Federal Contract Tower,0,0,15,0,15,0,0,110,0,110,0,0,125,0,125,78,0,78,203
09/29/2000,JXN,MI,AGL,CE,Federal Contract Tower,0,2,46,0,48,0,0,108,0,108,0,2,154,0,156,108,0,108,264
09/30/2000,JXN,MI,AGL,CE,Federal Contract Tower,0,1,28,0,29,0,1,155,0,156,0,2,183,0,185,68,0,68,253
10/01/2000,JXN,MI,AGL,CE,Federal Contract Tower,0,1,18,0,19,0,1,118,0,119,0,2,136,0,138,28,0,28,166
10/02/2000,JXN,MI,AGL,CE,Federal Contract Tower,0,2,22,0,24,0,4,61,0,65,0,6,83,0,89,110,0,110,199
10/03/2000,JXN,MI,AGL,CE,Federal Contract Tower,0,2,22,0,24,0,0,99,0,99,0,2,121,0,123,64,0,64,187
10/04/2000,JXN,MI,AGL,CE,Federal Contract Tower,0,2,26,0,28,0,2,34,0,36,0,4,60,0,64,6,0,6,70
10/05/2000,JXN,MI,AGL,CE,Federal Contract Tower,0,2,38,0,40,0,0,1,0,1,0,2,39,0,41,0,0,0,41
10/06/2000,JXN,MI,AGL,CE,Federal Contract Tower,0,2,47,0,49,0,0,34,0,34,0,2,81,0,83,36,0,36,119
10/07/2000,JXN,MI,AGL,CE,Federal Contract Tower,0,0,24,0,24,0,0,68,0,68,0,0,92,0,92,28,0,28,120
10/08/2000,JXN,MI,AGL,CE,Federal Contract Tower,0,2,30,0,32,0,0,54,0,54,0,2,84,0,86,14,0,14,100
10/09/2000,JXN,MI,AGL,CE,Federal Contract Tower,0,0,11,0,11,0,0,109,0,109,0,0,120,0,120,90,0,90,210
10/10/2000,JXN,MI,AGL,CE,Federal Contract Tower,0,0,19,0,19,0,0,112,0,112,0,0,131,0,131,118,0,118,249
10/11/2000,JXN,MI,AGL,CE,Federal Contract Tower,0,0,36,0,36,0,0,124,0,124,0,0,160,0,160,46,0,46,206
10/12/2000,JXN,MI,AGL,CE,Federal Contract Tower,0,0,47,1,48,0,0,111,3,114,0,0,158,4,162,76,0,76,238
10/13/2000,JXN,MI,AGL,CE,Federal Contract Tower,0,1,30,0,31,0,3,135,0,138,0,4,165,0,169,98,0,98,267
10/14/2000,JXN,MI,AGL,CE,Federal Contract Tower,0,0,24,0,24,0,0,111,0,111,0,0,135,0,135,68,0,68,203
10/15/2000,JXN,MI,AGL,CE,Federal Contract Tower,0,0,19,0,19,0,0,111,0,111,0,0,130,0,130,4,0,4,134
10/16/2000,JXN,MI,AGL,CE,Federal Contract Tower,0,2,36,0,38,0,0,23,0,23,0,2,59,0,61,8,0,8,69
10/17/2000,JXN,MI,AGL,CE,Federal Contract Tower,0,0,45,1,46,0,0,29,3,32,0,0,74,4,78,54,0,54,132
10/18/2000,JXN,MI,AGL,CE,Federal Contract Tower,0,1,27,0,28,0,3,109,0,112,0,4,136,0,140,80,0,80,220
10/19/2000,JXN,MI,AGL,CE,Federal Contract Tower,0,0,33,0,33,0,0,120,0,120,0,0,153,0,153,104,0,104,257
10/20/2000,JXN,MI,AGL,CE,Federal Contract Tower,0,1,21,0,22,0,1,112,2,115,0,2,133,2,137,88,4,92,229
10/21/2000,JXN,MI,AGL,CE,Federal Contract Tower,0,0,23,0,23,0,0,190,0,190,0,0,213,0,213,110,0,110,323
10/22/2000,JXN,MI,AGL,CE,Federal Contract Tower,0,0,13,0,13,0,5,211,4,220,0,5,224,4,233,36,0,36,269
10/23/2000,JXN,MI,AGL,CE,Federal Contract Tower,0,0,15,0,15,0,2,64,0,66,0,2,79,0,81,140,0,140,221
10/24/2000,JXN,MI,AGL,CE,Federal Contract Tower,0,1,23,0,24,0,4,7,0,11,0,5,30,0,35,2,0,2,37
10/25/2000,JXN,MI,AGL,CE,Federal Contract Tower,0,1,40,0,41,0,0,21,3,24,0,1,61,3,65,10,0,10,75
10/26/2000,JXN,MI,AGL,CE,Federal Contract Tower,0,0,27,0,27,0,0,19,0,19,0,0,46,0,46,64,0,64,110
10/27/2000,JXN,MI,AGL,CE,Federal Contract Tower,0,1,41,0,42,0,0,36,0,36,0,1,77,0,78,30,0,30,108
10/28/2000,JXN,MI,AGL,CE,Federal Contract Tower,0,0,22,0,22,0,0,171,0,171,0,0,193,0,193,76,0,76,269
10/29/2000,JXN,MI,AGL,CE,Federal Contract Tower,0,0,11,0,11,0,0,196,1,197,0,0,207,1,208,34,0,34,242
10/30/2000,JXN,MI,AGL,CE,Federal Contract Tower,0,0,7,0,7,0,0,120,0,120,0,0,127,0,127,122,0,122,249
10/31/2000,JXN,MI,AGL,CE,Federal Contract Tower,0,0,23,0,23,0,0,139,0,139,0,0,162,0,162,178,0,178,340
11/01/2000,JXN,MI,AGL,CE,Federal Contract Tower,0,7,55,0,62,0,5,94,0,99,0,12,149,0,161,36,0,36,197
11/02/2000,JXN,MI,AGL,CE,Federal Contract Tower,0,4,35,0,39,0,0,84,0,84,0,4,119,0,123,98,0,98,221
11/03/2000,JXN,MI,AGL,CE,Federal Contract Tower,0,3,19,0,22,0,4,83,0,87,0,7,102,0,109,62,0,62,171
11/04/2000,JXN,MI,AGL,CE,Federal Contract Tower,0,0,33,0,33,0,0,177,0,177,0,0,210,0,210,50,0,50,260
11/05/2000,JXN,MI,AGL,CE,Federal Contract Tower,0,0,11,0,11,0,0,208,0,208,0,0,219,0,219,40,0,40,259
11/06/2000,JXN,MI,AGL,CE,Federal Contract Tower,0,1,12,0,13,0,0,93,0,93,0,1,105,0,106,214,0,214,320
11/07/2000,JXN,MI,AGL,CE,Federal Contract Tower,0,4,23,0,27,0,10,0,2,12,0,14,23,2,39,2,0,2,41
11/08/2000,JXN,MI,AGL,CE,Federal Contract Tower,0,0,35,0,35,0,0,87,0,87,0,0,122,0,122,74,0,74,196
11/09/2000,JXN,MI,AGL,CE,Federal Contract Tower,0,0,5,0,5,0,0,1,0,1,0,0,6,0,6,0,0,0,6
11/10/2000,JXN,MI,AGL,CE,Federal Contract Tower,0,0,16,0,16,0,0,28,0,28,0,0,44,0,44,46,0,46,90
11/11/2000,JXN,MI,AGL,CE,Federal Contract Tower,0,0,5,0,5,0,0,215,16,231,0,0,220,16,236,106,0,106,342
11/12/2000,JXN,MI,AGL,CE,Federal Contract Tower,0,2,36,0,38,0,0,47,0,47,0,2,83,0,85,4,0,4,89
11/13/2000,JXN,MI,AGL,CE,Federal Contract Tower,0,3,18,0,21,0,0,0,0,0,0,3,18,0,21,0,0,0,21
11/14/2000,JXN,MI,AGL,CE,Federal Contract Tower,0,3,17,0,20,0,0,8,0,8,0,3,25,0,28,0,0,0,28
11/15/2000,JXN,MI,AGL,CE,Federal Contract Tower,0,4,41,0,45,0,0,63,0,63,0,4,104,0,108,106,0,106,214
11/16/2000,JXN,MI,AGL,CE,Federal Contract Tower,0,0,6,0,6,0,0,29,0,29,0,0,35,0,35,26,0,26,61
11/17/2000,JXN,MI,AGL,CE,Federal Contract Tower,0,2,18,0,20,0,0,7,0,7,0,2,25,0,27,14,0,14,41
11/18/2000,JXN,MI,AGL,CE,Federal Contract Tower,0,2,39,0,41,0,0,47,2,49,0,2,86,2,90,66,0,66,156
11/19/2000,JXN,MI,AGL,CE,Federal Contract Tower,0,0,8,0,8,0,1,111,0,112,0,1,119,0,120,16,0,16,136
11/20/2000,JXN,MI,AGL,CE,Federal Contract Tower,0,0,15,0,15,0,0,4,0,4,0,0,19,0,19,0,0,0,19
11/21/2000,JXN,MI,AGL,CE,Federal Contract Tower,0,1,17,0,18,0,0,12,0,12,0,1,29,0,30,0,0,0,30
11/22/2000,JXN,MI,AGL,CE,Federal Contract Tower,0,1,17,0,18,0,2,38,0,40,0,3,55,0,58,48,0,48,106
11/23/2000,JXN,MI,AGL,CE,Federal Contract Tower,0,0,5,0,5,0,4,27,0,31,0,4,32,0,36,14,0,14,50
11/24/2000,JXN,MI,AGL,CE,Federal Contract Tower,0,0,9,0,9,0,0,209,0,209,0,0,218,0,218,106,0,106,324
11/25/2000,JXN,MI,AGL,CE,Federal Contract Tower,0,0,14,0,14,0,0,124,0,124,0,0,138,0,138,42,0,42,180
11/26/2000,JXN,MI,AGL,CE,Federal Contract Tower,0,1,10,0,11,0,3,0,0,3,0,4,10,0,14,2,0,2,16
11/27/2000,JXN,MI,AGL,CE,Federal Contract Tower,0,1,26,0,27,0,0,51,0,51,0,1,77,0,78,170,0,170,248
11/28/2000,JXN,MI,AGL,CE,Federal Contract Tower,0,0,9,0,9,0,0,5,0,5,0,0,14,0,14,0,0,0,14
11/29/2000,JXN,MI,AGL,CE,Federal Contract Tower,0,0,9,0,9,0,0,3,0,3,0,0,12,0,12,16,0,16,28
11/30/2000,JXN,MI,AGL,CE,Federal Contract Tower,0,2,22,0,24,0,2,32,2,36,0,4,54,2,60,86,0,86,146
12/01/2000,JXN,MI,AGL,CE,Federal Contract Tower,0,0,22,0,22,0,0,99,0,99,0,0,121,0,121,142,4,146,267
12/02/2000,JXN,MI,AGL,CE,Federal Contract Tower,0,2,24,0,26,0,4,283,4,291,0,6,307,4,317,128,0,128,445
12/03/2000,JXN,MI,AGL,CE,Federal Contract Tower,0,0,21,0,21,0,0,345,0,345,0,0,366,0,366,42,0,42,408
12/04/2000,JXN,MI,AGL,CE,Federal Contract Tower,0,0,19,0,19,0,0,76,0,76,0,0,95,0,95,78,0,78,173
12/05/2000,JXN,MI,AGL,CE,Federal Contract Tower,0,1,14,0,15,0,3,0,4,7,0,4,14,4,22,4,0,4,26
12/06/2000,JXN,MI,AGL,CE,Federal Contract Tower,0,0,8,0,8,0,0,45,2,47,0,0,53,2,55,72,0,72,127
12/07/2000,JXN,MI,AGL,CE,Federal Contract Tower,0,0,8,0,8,0,0,1,0,1,0,0,9,0,9,0,0,0,9
12/08/2000,JXN,MI,AGL,CE,Federal Contract Tower,0,0,23,0,23,0,0,28,0,28,0,0,51,0,51,68,0,68,119
12/09/2000,JXN,MI,AGL,CE,Federal Contract Tower,0,0,30,0,30,0,0,223,2,225,0,0,253,2,255,82,0,82,337
12/10/2000,JXN,MI,AGL,CE,Federal Contract Tower,0,0,7,0,7,0,0,60,0,60,0,0,67,0,67,22,0,22,89
12/11/2000,JXN,MI,AGL,CE,Federal Contract Tower,0,0,0,0,0,0,0,1,0,1,0,0,1,0,1,0,0,0,1
12/12/2000,JXN,MI,AGL,CE,Federal Contract Tower,0,0,0,0,0,0,0,1,0,1,0,0,1,0,1,0,0,0,1
12/13/2000,JXN,MI,AGL,CE,Federal Contract Tower,0,1,17,0,18,0,1,21,0,22,0,2,38,0,40,12,0,12,52
12/14/2000,JXN,MI,AGL,CE,Federal Contract Tower,0,0,15,0,15,0,0,8,0,8,0,0,23,0,23,2,0,2,25
12/15/2000,JXN,MI,AGL,CE,Federal Contract Tower,0,0,9,0,9,0,0,0,0,0,0,0,9,0,9,2,0,2,11
12/16/2000,JXN,MI,AGL,CE,Federal Contract Tower,0,0,0,0,0,0,0,0,0,0,0,0,0,0,0,0,0,0,0
12/17/2000,JXN,MI,AGL,CE,Federal Contract Tower,0,0,1,0,1,0,0,1,0,1,0,0,2,0,2,0,0,0,2
12/18/2000,JXN,MI,AGL,CE,Federal Contract Tower,0,0,0,0,0,0,0,0,0,0,0,0,0,0,0,0,0,0,0
12/19/2000,JXN,MI,AGL,CE,Federal Contract Tower,0,0,32,0,32,0,0,24,0,24,0,0,56,0,56,42,0,42,98
12/20/2000,JXN,MI,AGL,CE,Federal Contract Tower,0,0,31,1,32,0,0,46,1,47,0,0,77,2,79,46,0,46,125
12/21/2000,JXN,MI,AGL,CE,Federal Contract Tower,0,0,12,0,12,0,2,37,0,39,0,2,49,0,51,0,0,0,51
12/22/2000,JXN,MI,AGL,CE,Federal Contract Tower,0,0,12,0,12,0,1,29,0,30,0,1,41,0,42,12,0,12,54
12/23/2000,JXN,MI,AGL,CE,Federal Contract Tower,0,0,12,0,12,0,2,15,0,17,0,2,27,0,29,0,0,0,29
12/24/2000,JXN,MI,AGL,CE,Federal Contract Tower,0,0,9,0,9,0,0,3,0,3,0,0,12,0,12,8,0,8,20
12/25/2000,JXN,MI,AGL,CE,Federal Contract Tower,0,0,2,0,2,0,0,4,0,4,0,0,6,0,6,6,0,6,12
12/26/2000,JXN,MI,AGL,CE,Federal Contract Tower,0,0,16,0,16,0,0,51,0,51,0,0,67,0,67,42,0,42,109
12/27/2000,JXN,MI,AGL,CE,Federal Contract Tower,0,0,8,0,8,0,0,0,2,2,0,0,8,2,10,0,0,0,10
12/28/2000,JXN,MI,AGL,CE,Federal Contract Tower,0,0,14,0,14,0,0,118,4,122,0,0,132,4,136,38,0,38,174
12/29/2000,JXN,MI,AGL,CE,Federal Contract Tower,0,0,5,0,5,0,0,0,0,0,0,0,5,0,5,0,0,0,5
12/30/2000,JXN,MI,AGL,CE,Federal Contract Tower,0,0,5,0,5,0,0,11,0,11,0,0,16,0,16,0,0,0,16
12/31/2000,JXN,MI,AGL,CE,Federal Contract Tower,0,0,20,0,20,0,3,78,0,81,0,3,98,0,101,6,0,6,107
01/01/2001,JXN,MI,AGL,CE,Federal Contract Tower,0,1,5,0,6,0,0,74,0,74,0,1,79,0,80,14,0,14,94
01/02/2001,JXN,MI,AGL,CE,Federal Contract Tower,0,0,14,0,14,0,0,47,0,47,0,0,61,0,61,46,0,46,107
01/03/2001,JXN,MI,AGL,CE,Federal Contract Tower,0,0,1,0,1,0,0,7,0,7,0,0,8,0,8,0,0,0,8
01/04/2001,JXN,MI,AGL,CE,Federal Contract Tower,0,1,15,0,16,0,1,49,0,50,0,2,64,0,66,26,0,26,92
01/05/2001,JXN,MI,AGL,CE,Federal Contract Tower,0,0,11,0,11,0,0,4,0,4,0,0,15,0,15,2,0,2,17
01/06/2001,JXN,MI,AGL,CE,Federal Contract Tower,0,1,26,0,27,0,1,130,4,135,0,2,156,4,162,48,0,48,210
01/07/2001,JXN,MI,AGL,CE,Federal Contract Tower,0,0,21,0,21,0,0,16,0,16,0,0,37,0,37,10,0,10,47
01/08/2001,JXN,MI,AGL,CE,Federal Contract Tower,0,0,5,0,5,0,0,110,0,110,0,0,115,0,115,102,0,102,217
01/09/2001,JXN,MI,AGL,CE,Federal Contract Tower,0,0,13,0,13,0,0,78,0,78,0,0,91,0,91,76,0,76,167
01/10/2001,JXN,MI,AGL,CE,Federal Contract Tower,0,0,20,0,20,0,0,129,0,129,0,0,149,0,149,68,0,68,217
01/11/2001,JXN,MI,AGL,CE,Federal Contract Tower,0,0,31,0,31,0,0,150,0,150,0,0,181,0,181,179,0,179,360
01/12/2001,JXN,MI,AGL,CE,Federal Contract Tower,0,1,17,0,18,0,0,23,0,23,0,1,40,0,41,216,0,216,257
01/13/2001,JXN,MI,AGL,CE,Federal Contract Tower,0,1,2,0,3,0,14,0,0,14,0,15,2,0,17,0,0,0,17
01/14/2001,JXN,MI,AGL,CE,Federal Contract Tower,0,0,0,0,0,0,0,4,0,4,0,0,4,0,4,0,0,0,4
01/15/2001,JXN,MI,AGL,CE,Federal Contract Tower,0,0,10,0,10,0,0,0,0,0,0,0,10,0,10,0,0,0,10
01/16/2001,JXN,MI,AGL,CE,Federal Contract Tower,0,0,8,0,8,0,0,29,0,29,0,0,37,0,37,128,0,128,165
01/17/2001,JXN,MI,AGL,CE,Federal Contract Tower,0,0,10,0,10,0,2,21,0,23,0,2,31,0,33,118,0,118,151
01/18/2001,JXN,MI,AGL,CE,Federal Contract Tower,0,0,35,0,35,0,0,18,0,18,0,0,53,0,53,70,0,70,123
01/19/2001,JXN,MI,AGL,CE,Federal Contract Tower,0,0,15,0,15,0,0,49,0,49,0,0,64,0,64,136,0,136,200
01/20/2001,JXN,MI,AGL,CE,Federal Contract Tower,0,0,27,0,27,0,0,234,10,244,0,0,261,10,271,136,0,136,407
01/21/2001,JXN,MI,AGL,CE,Federal Contract Tower,0,0,25,0,25,0,0,140,0,140,0,0,165,0,165,44,0,44,209
01/22/2001,JXN,MI,AGL,CE,Federal Contract Tower,0,0,38,0,38,0,0,61,0,61,0,0,99,0,99,198,0,198,297
01/23/2001,JXN,MI,AGL,CE,Federal Contract Tower,0,0,32,0,32,0,0,42,0,42,0,0,74,0,74,80,0,80,154
01/24/2001,JXN,MI,AGL,CE,Federal Contract Tower,0,0,30,0,30,0,0,41,0,41,0,0,71,0,71,116,0,116,187
01/25/2001,JXN,MI,AGL,CE,Federal Contract Tower,0,0,30,0,30,0,0,113,0,113,0,0,143,0,143,117,0,117,260
01/26/2001,JXN,MI,AGL,CE,Federal Contract Tower,0,0,22,0,22,0,0,81,0,81,0,0,103,0,103,28,0,28,131
01/27/2001,JXN,MI,AGL,CE,Federal Contract Tower,0,0,9,0,9,0,0,30,0,30,0,0,39,0,39,4,0,4,43
01/28/2001,JXN,MI,AGL,CE,Federal Contract Tower,0,0,13,0,13,0,0,61,0,61,0,0,74,0,74,88,0,88,162
01/29/2001,JXN,MI,AGL,CE,Federal Contract Tower,0,0,10,0,10,0,3,29,0,32,0,3,39,0,42,68,0,68,110
01/30/2001,JXN,MI,AGL,CE,Federal Contract Tower,0,0,22,0,22,0,2,21,0,23,0,2,43,0,45,10,0,10,55
01/31/2001,JXN,MI,AGL,CE,Federal Contract Tower,0,0,19,0,19,0,0,43,0,43,0,0,62,0,62,102,0,102,164
02/01/2001,JXN,MI,AGL,CE,Federal Contract Tower,0,0,42,0,42,0,0,64,0,64,0,0,106,0,106,152,0,152,258
02/02/2001,JXN,MI,AGL,CE,Federal Contract Tower,0,0,40,0,40,0,0,0,6,6,0,0,40,6,46,98,0,98,144
02/03/2001,JXN,MI,AGL,CE,Federal Contract Tower,0,0,32,0,32,0,0,89,0,89,0,0,121,0,121,86,0,86,207
02/04/2001,JXN,MI,AGL,CE,Federal Contract Tower,0,0,3,0,3,0,0,8,0,8,0,0,11,0,11,6,0,6,17
02/05/2001,JXN,MI,AGL,CE,Federal Contract Tower,0,1,13,0,14,0,3,7,0,10,0,4,20,0,24,32,0,32,56
02/06/2001,JXN,MI,AGL,CE,Federal Contract Tower,0,0,9,0,9,0,0,26,0,26,0,0,35,0,35,146,0,146,181
02/07/2001,JXN,MI,AGL,CE,Federal Contract Tower,0,0,33,0,33,0,0,156,0,156,0,0,189,0,189,164,0,164,353
02/08/2001,JXN,MI,AGL,CE,Federal Contract Tower,0,0,13,0,13,0,0,34,0,34,0,0,47,0,47,84,0,84,131
02/09/2001,JXN,MI,AGL,CE,Federal Contract Tower,0,0,7,0,7,0,0,11,0,11,0,0,18,0,18,6,0,6,24
02/10/2001,JXN,MI,AGL,CE,Federal Contract Tower,0,0,8,0,8,0,0,85,0,85,0,0,93,0,93,98,0,98,191
02/11/2001,JXN,MI,AGL,CE,Federal Contract Tower,0,0,29,0,29,0,0,248,0,248,0,0,277,0,277,24,0,24,301
02/12/2001,JXN,MI,AGL,CE,Federal Contract Tower,0,0,9,0,9,0,0,125,0,125,0,0,134,0,134,60,0,60,194
02/13/2001,JXN,MI,AGL,CE,Federal Contract Tower,0,0,8,0,8,0,0,26,0,26,0,0,34,0,34,128,0,128,162
02/14/2001,JXN,MI,AGL,CE,Federal Contract Tower,0,0,7,0,7,0,0,1,0,1,0,0,8,0,8,0,0,0,8
02/15/2001,JXN,MI,AGL,CE,Federal Contract Tower,0,0,31,0,31,0,0,57,0,57,0,0,88,0,88,162,0,162,250
02/16/2001,JXN,MI,AGL,CE,Federal Contract Tower,0,0,23,0,23,0,0,15,0,15,0,0,38,0,38,14,0,14,52
02/17/2001,JXN,MI,AGL,CE,Federal Contract Tower,0,0,48,0,48,0,2,99,0,101,0,2,147,0,149,64,0,64,213
02/18/2001,JXN,MI,AGL,CE,Federal Contract Tower,0,0,24,0,24,0,0,177,0,177,0,0,201,0,201,14,0,14,215
02/19/2001,JXN,MI,AGL,CE,Federal Contract Tower,0,0,4,0,4,0,0,77,0,77,0,0,81,0,81,58,0,58,139
02/20/2001,JXN,MI,AGL,CE,Federal Contract Tower,0,0,21,0,21,0,0,69,0,69,0,0,90,0,90,92,0,92,182
02/21/2001,JXN,MI,AGL,CE,Federal Contract Tower,0,0,10,0,10,0,0,101,0,101,0,0,111,0,111,152,0,152,263
02/22/2001,JXN,MI,AGL,CE,Federal Contract Tower,0,0,37,0,37,0,0,22,0,22,0,0,59,0,59,44,0,44,103
02/23/2001,JXN,MI,AGL,CE,Federal Contract Tower,0,0,36,0,36,0,2,95,0,97,0,2,131,0,133,84,0,84,217
02/24/2001,JXN,MI,AGL,CE,Federal Contract Tower,0,0,1,0,1,0,0,0,0,0,0,0,1,0,1,0,0,0,1
02/25/2001,JXN,MI,AGL,CE,Federal Contract Tower,0,0,2,0,2,0,0,9,0,9,0,0,11,0,11,0,0,0,11
02/26/2001,JXN,MI,AGL,CE,Federal Contract Tower,0,0,21,0,21,0,0,97,0,97,0,0,118,0,118,134,4,138,256
02/27/2001,JXN,MI,AGL,CE,Federal Contract Tower,0,0,24,0,24,0,0,103,0,103,0,0,127,0,127,114,0,114,241
02/28/2001,JXN,MI,AGL,CE,Federal Contract Tower,0,0,19,0,19,0,0,146,0,146,0,0,165,0,165,86,0,86,251
03/01/2001,JXN,MI,AGL,CE,Federal Contract Tower,0,0,36,0,36,0,0,117,0,117,0,0,153,0,153,112,0,112,265
03/02/2001,JXN,MI,AGL,CE,Federal Contract Tower,0,0,29,0,29,0,0,30,0,30,0,0,59,0,59,0,0,0,59
03/03/2001,JXN,MI,AGL,CE,Federal Contract Tower,0,0,19,0,19,0,0,443,0,443,0,0,462,0,462,96,0,96,558
03/04/2001,JXN,MI,AGL,CE,Federal Contract Tower,0,0,24,0,24,0,0,70,0,70,0,0,94,0,94,4,0,4,98
03/05/2001,JXN,MI,AGL,CE,Federal Contract Tower,0,0,0,0,0,0,0,6,0,6,0,0,6,0,6,30,0,30,36
03/06/2001,JXN,MI,AGL,CE,Federal Contract Tower,0,0,10,0,10,0,0,35,0,35,0,0,45,0,45,96,0,96,141
03/07/2001,JXN,MI,AGL,CE,Federal Contract Tower,0,2,39,0,41,0,2,73,0,75,0,4,112,0,116,196,0,196,312
03/08/2001,JXN,MI,AGL,CE,Federal Contract Tower,0,0,22,0,22,0,0,23,0,23,0,0,45,0,45,52,0,52,97
03/09/2001,JXN,MI,AGL,CE,Federal Contract Tower,0,0,32,0,32,0,0,61,0,61,0,0,93,0,93,202,0,202,295
03/10/2001,JXN,MI,AGL,CE,Federal Contract Tower,0,0,20,0,20,0,0,358,0,358,0,0,378,0,378,140,0,140,518
03/11/2001,JXN,MI,AGL,CE,Federal Contract Tower,0,1,12,0,13,0,1,133,0,134,0,2,145,0,147,28,0,28,175
03/12/2001,JXN,MI,AGL,CE,Federal Contract Tower,0,0,9,0,9,0,0,28,7,35,0,0,37,7,44,162,14,176,220
03/13/2001,JXN,MI,AGL,CE,Federal Contract Tower,0,0,6,0,6,0,0,31,0,31,0,0,37,0,37,102,0,102,139
03/14/2001,JXN,MI,AGL,CE,Federal Contract Tower,0,1,17,0,18,0,1,137,0,138,0,2,154,0,156,122,0,122,278
03/15/2001,JXN,MI,AGL,CE,Federal Contract Tower,0,1,36,0,37,0,1,45,0,46,0,2,81,0,83,138,0,138,221
03/16/2001,JXN,MI,AGL,CE,Federal Contract Tower,0,1,11,0,12,0,1,0,0,1,0,2,11,0,13,0,0,0,13
03/17/2001,JXN,MI,AGL,CE,Federal Contract Tower,0,0,15,0,15,0,0,14,0,14,0,0,29,0,29,6,0,6,35
03/18/2001,JXN,MI,AGL,CE,Federal Contract Tower,0,0,22,0,22,0,0,388,0,388,0,0,410,0,410,44,0,44,454
03/19/2001,JXN,MI,AGL,CE,Federal Contract Tower,0,0,16,0,16,0,0,151,0,151,0,0,167,0,167,136,0,136,303
03/20/2001,JXN,MI,AGL,CE,Federal Contract Tower,0,1,42,0,43,0,7,174,0,181,0,8,216,0,224,144,0,144,368
03/21/2001,JXN,MI,AGL,CE,Federal Contract Tower,0,0,16,1,17,0,0,129,1,130,0,0,145,2,147,153,2,155,302
03/22/2001,JXN,MI,AGL,CE,Federal Contract Tower,0,0,24,0,24,0,3,199,0,202,0,3,223,0,226,124,0,124,350
03/23/2001,JXN,MI,AGL,CE,Federal Contract Tower,0,0,24,0,24,0,2,90,0,92,0,2,114,0,116,140,0,140,256
03/24/2001,JXN,MI,AGL,CE,Federal Contract Tower,0,0,3,0,3,0,0,48,0,48,0,0,51,0,51,8,0,8,59
03/25/2001,JXN,MI,AGL,CE,Federal Contract Tower,0,0,16,0,16,0,0,1,0,1,0,0,17,0,17,0,0,0,17
03/26/2001,JXN,MI,AGL,CE,Federal Contract Tower,0,0,37,0,37,0,0,27,0,27,0,0,64,0,64,10,0,10,74
03/27/2001,JXN,MI,AGL,CE,Federal Contract Tower,0,0,33,0,33,0,1,86,0,87,0,1,119,0,120,128,0,128,248
03/28/2001,JXN,MI,AGL,CE,Federal Contract Tower,0,1,46,0,47,0,1,108,4,113,0,2,154,4,160,170,0,170,330
03/29/2001,JXN,MI,AGL,CE,Federal Contract Tower,0,0,10,0,10,0,0,25,0,25,0,0,35,0,35,32,0,32,67
03/30/2001,JXN,MI,AGL,CE,Federal Contract Tower,0,0,37,0,37,0,0,74,0,74,0,0,111,0,111,132,0,132,243
03/31/2001,JXN,MI,AGL,CE,Federal Contract Tower,0,0,82,0,82,0,0,99,0,99,0,0,181,0,181,74,0,74,255
04/01/2001,JXN,MI,AGL,CE,Federal Contract Tower,0,0,8,0,8,0,0,14,0,14,0,0,22,0,22,0,0,0,22
04/02/2001,JXN,MI,AGL,CE,Federal Contract Tower,0,0,36,0,36,0,0,127,0,127,0,0,163,0,163,38,0,38,201
04/03/2001,JXN,MI,AGL,CE,Federal Contract Tower,0,0,17,0,17,0,0,21,0,21,0,0,38,0,38,14,0,14,52
04/04/2001,JXN,MI,AGL,CE,Federal Contract Tower,0,6,36,0,42,0,0,168,4,172,0,6,204,4,214,86,0,86,300
04/05/2001,JXN,MI,AGL,CE,Federal Contract Tower,0,0,31,0,31,0,0,99,0,99,0,0,130,0,130,64,0,64,194
04/06/2001,JXN,MI,AGL,CE,Federal Contract Tower,0,0,38,0,38,0,0,26,0,26,0,0,64,0,64,12,0,12,76
04/07/2001,JXN,MI,AGL,CE,Federal Contract Tower,0,0,13,0,13,0,0,5,0,5,0,0,18,0,18,0,0,0,18
04/08/2001,JXN,MI,AGL,CE,Federal Contract Tower,0,0,13,0,13,0,0,76,0,76,0,0,89,0,89,30,0,30,119
04/09/2001,JXN,MI,AGL,CE,Federal Contract Tower,0,0,54,0,54,0,0,19,0,19,0,0,73,0,73,72,0,72,145
04/10/2001,JXN,MI,AGL,CE,Federal Contract Tower,0,5,43,0,48,0,0,7,0,7,0,5,50,0,55,16,0,16,71
04/11/2001,JXN,MI,AGL,CE,Federal Contract Tower,0,2,62,0,64,0,0,7,0,7,0,2,69,0,71,26,0,26,97
04/12/2001,JXN,MI,AGL,CE,Federal Contract Tower,0,4,6,0,10,0,0,30,0,30,0,4,36,0,40,0,0,0,40
04/13/2001,JXN,MI,AGL,CE,Federal Contract Tower,0,0,10,0,10,0,0,158,0,158,0,0,168,0,168,84,0,84,252
04/14/2001,JXN,MI,AGL,CE,Federal Contract Tower,0,0,25,0,25,0,0,136,0,136,0,0,161,0,161,72,0,72,233
04/15/2001,JXN,MI,AGL,CE,Federal Contract Tower,0,0,10,0,10,0,0,25,0,25,0,0,35,0,35,8,0,8,43
04/16/2001,JXN,MI,AGL,CE,Federal Contract Tower,0,2,17,0,19,0,0,27,0,27,0,2,44,0,46,32,0,32,78
04/17/2001,JXN,MI,AGL,CE,Federal Contract Tower,0,2,23,0,25,0,0,28,0,28,0,2,51,0,53,22,0,22,75
04/18/2001,JXN,MI,AGL,CE,Federal Contract Tower,0,0,19,0,19,0,0,155,0,155,0,0,174,0,174,120,0,120,294
04/19/2001,JXN,MI,AGL,CE,Federal Contract Tower,0,0,27,0,27,0,0,159,0,159,0,0,186,0,186,58,0,58,244
04/20/2001,JXN,MI,AGL,CE,Federal Contract Tower,0,0,12,0,12,0,0,36,0,36,0,0,48,0,48,0,0,0,48
04/21/2001,JXN,MI,AGL,CE,Federal Contract Tower,0,0,0,0,0,0,0,23,2,25,0,0,23,2,25,4,0,4,29
04/22/2001,JXN,MI,AGL,CE,Federal Contract Tower,0,0,24,0,24,0,0,84,0,84,0,0,108,0,108,76,0,76,184
04/23/2001,JXN,MI,AGL,CE,Federal Contract Tower,0,0,16,0,16,0,0,25,0,25,0,0,41,0,41,28,0,28,69
04/24/2001,JXN,MI,AGL,CE,Federal Contract Tower,0,2,13,0,15,0,0,61,0,61,0,2,74,0,76,44,0,44,120
04/25/2001,JXN,MI,AGL,CE,Federal Contract Tower,0,0,6,0,6,0,0,172,0,172,0,0,178,0,178,84,0,84,262
04/26/2001,JXN,MI,AGL,CE,Federal Contract Tower,0,1,23,0,24,0,0,135,0,135,0,1,158,0,159,60,4,64,223
04/27/2001,JXN,MI,AGL,CE,Federal Contract Tower,0,0,17,0,17,0,0,169,0,169,0,0,186,0,186,126,0,126,312
04/28/2001,JXN,MI,AGL,CE,Federal Contract Tower,0,0,18,0,18,0,0,192,0,192,0,0,210,0,210,104,0,104,314
04/29/2001,JXN,MI,AGL,CE,Federal Contract Tower,0,0,9,0,9,0,2,231,0,233,0,2,240,0,242,24,0,24,266
04/30/2001,JXN,MI,AGL,CE,Federal Contract Tower,0,2,13,0,15,0,2,154,0,156,0,4,167,0,171,122,0,122,293
05/01/2001,JXN,MI,AGL,CE,Federal Contract Tower,0,1,17,0,18,0,1,74,0,75,0,2,91,0,93,66,0,66,159
05/02/2001,JXN,MI,AGL,CE,Federal Contract Tower,0,0,21,0,21,0,0,75,0,75,0,0,96,0,96,118,20,138,234
05/03/2001,JXN,MI,AGL,CE,Federal Contract Tower,0,0,33,0,33,0,0,88,0,88,0,0,121,0,121,122,0,122,243
05/04/2001,JXN,MI,AGL,CE,Federal Contract Tower,0,0,11,0,11,0,0,74,0,74,0,0,85,0,85,46,10,56,141
05/05/2001,JXN,MI,AGL,CE,Federal Contract Tower,0,0,9,0,9,0,0,152,0,152,0,0,161,0,161,78,0,78,239
05/06/2001,JXN,MI,AGL,CE,Federal Contract Tower,0,4,23,0,27,0,0,148,0,148,0,4,171,0,175,26,0,26,201
05/07/2001,JXN,MI,AGL,CE,Federal Contract Tower,0,0,21,0,21,0,0,25,0,25,0,0,46,0,46,14,0,14,60
05/08/2001,JXN,MI,AGL,CE,Federal Contract Tower,0,1,25,0,26,0,0,68,0,68,0,1,93,0,94,54,0,54,148
05/09/2001,JXN,MI,AGL,CE,Federal Contract Tower,0,0,52,0,52,0,0,105,0,105,0,0,157,0,157,62,0,62,219
05/10/2001,JXN,MI,AGL,CE,Federal Contract Tower,0,2,13,0,15,0,0,57,4,61,0,2,70,4,76,50,0,50,126
05/11/2001,JXN,MI,AGL,CE,Federal Contract Tower,0,2,32,1,35,0,0,5,1,6,0,2,37,2,41,24,0,24,65
05/12/2001,JXN,MI,AGL,CE,Federal Contract Tower,0,1,23,0,24,0,0,130,0,130,0,1,153,0,154,80,0,80,234
05/13/2001,JXN,MI,AGL,CE,Federal Contract Tower,0,2,8,0,10,0,0,163,0,163,0,2,171,0,173,28,0,28,201
05/14/2001,JXN,MI,AGL,CE,Federal Contract Tower,0,0,11,0,11,0,0,88,0,88,0,0,99,0,99,46,0,46,145
05/15/2001,JXN,MI,AGL,CE,Federal Contract Tower,0,0,26,0,26,0,0,5,0,5,0,0,31,0,31,12,0,12,43
05/16/2001,JXN,MI,AGL,CE,Federal Contract Tower,0,0,22,0,22,0,0,6,0,6,0,0,28,0,28,0,0,0,28
05/17/2001,JXN,MI,AGL,CE,Federal Contract Tower,0,2,38,0,40,0,0,49,0,49,0,2,87,0,89,88,0,88,177
05/18/2001,JXN,MI,AGL,CE,Federal Contract Tower,0,0,11,0,11,0,0,87,0,87,0,0,98,0,98,170,0,170,268
05/19/2001,JXN,MI,AGL,CE,Federal Contract Tower,0,0,23,0,23,0,0,150,0,150,0,0,173,0,173,64,0,64,237
05/20/2001,JXN,MI,AGL,CE,Federal Contract Tower,0,0,17,0,17,0,0,158,0,158,0,0,175,0,175,12,0,12,187
05/21/2001,JXN,MI,AGL,CE,Federal Contract Tower,0,0,14,0,14,0,0,14,0,14,0,0,28,0,28,14,0,14,42
05/22/2001,JXN,MI,AGL,CE,Federal Contract Tower,0,0,27,0,27,0,0,117,0,117,0,0,144,0,144,80,0,80,224
05/23/2001,JXN,MI,AGL,CE,Federal Contract Tower,0,2,25,0,27,0,0,72,0,72,0,2,97,0,99,82,0,82,181
05/24/2001,JXN,MI,AGL,CE,Federal Contract Tower,0,0,55,0,55,0,0,2,0,2,0,0,57,0,57,54,0,54,111
05/25/2001,JXN,MI,AGL,CE,Federal Contract Tower,0,0,28,0,28,0,0,22,0,22,0,0,50,0,50,46,0,46,96
05/26/2001,JXN,MI,AGL,CE,Federal Contract Tower,0,0,26,0,26,0,0,7,0,7,0,0,33,0,33,6,0,6,39
05/27/2001,JXN,MI,AGL,CE,Federal Contract Tower,0,0,16,0,16,0,0,0,0,0,0,0,16,0,16,0,0,0,16
05/28/2001,JXN,MI,AGL,CE,Federal Contract Tower,0,1,31,0,32,0,0,48,4,52,0,1,79,4,84,8,0,8,92
05/29/2001,JXN,MI,AGL,CE,Federal Contract Tower,0,2,65,0,67,0,0,65,0,65,0,2,130,0,132,144,0,144,276
05/30/2001,JXN,MI,AGL,CE,Federal Contract Tower,0,2,15,0,17,0,0,147,0,147,0,2,162,0,164,160,0,160,324
05/31/2001,JXN,MI,AGL,CE,Federal Contract Tower,0,0,32,0,32,0,0,98,2,100,0,0,130,2,132,138,0,138,270
06/01/2001,JXN,MI,AGL,CE,Federal Contract Tower,0,0,28,0,28,0,0,12,0,12,0,0,40,0,40,58,0,58,98
06/02/2001,JXN,MI,AGL,CE,Federal Contract Tower,0,0,32,0,32,0,0,8,0,8,0,0,40,0,40,4,0,4,44
06/03/2001,JXN,MI,AGL,CE,Federal Contract Tower,0,2,30,0,32,0,0,44,0,44,0,2,74,0,76,8,0,8,84
06/04/2001,JXN,MI,AGL,CE,Federal Contract Tower,0,0,32,0,32,0,0,104,0,104,0,0,136,0,136,162,0,162,298
06/05/2001,JXN,MI,AGL,CE,Federal Contract Tower,0,0,31,0,31,0,0,35,2,37,0,0,66,2,68,230,0,230,298
06/06/2001,JXN,MI,AGL,CE,Federal Contract Tower,0,8,39,0,47,0,0,21,0,21,0,8,60,0,68,120,0,120,188
06/07/2001,JXN,MI,AGL,CE,Federal Contract Tower,0,2,48,0,50,0,0,105,0,105,0,2,153,0,155,68,0,68,223
06/08/2001,JXN,MI,AGL,CE,Federal Contract Tower,0,4,40,0,44,0,0,127,0,127,0,4,167,0,171,100,0,100,271
06/09/2001,JXN,MI,AGL,CE,Federal Contract Tower,0,2,27,0,29,0,0,209,0,209,0,2,236,0,238,52,0,52,290
06/10/2001,JXN,MI,AGL,CE,Federal Contract Tower,0,2,78,0,80,0,0,179,0,179,0,2,257,0,259,22,0,22,281
06/11/2001,JXN,MI,AGL,CE,Federal Contract Tower,0,0,10,0,10,0,0,98,0,98,0,0,108,0,108,160,0,160,268
06/12/2001,JXN,MI,AGL,CE,Federal Contract Tower,0,2,23,0,25,0,0,78,0,78,0,2,101,0,103,62,0,62,165
06/13/2001,JXN,MI,AGL,CE,Federal Contract Tower,0,2,16,0,18,0,0,136,0,136,0,2,152,0,154,140,0,140,294
06/14/2001,JXN,MI,AGL,CE,Federal Contract Tower,0,0,56,0,56,0,0,143,4,147,0,0,199,4,203,58,18,76,279
06/15/2001,JXN,MI,AGL,CE,Federal Contract Tower,0,2,34,0,36,0,0,20,0,20,0,2,54,0,56,66,0,66,122
06/16/2001,JXN,MI,AGL,CE,Federal Contract Tower,0,0,3,0,3,0,0,255,10,265,0,0,258,10,268,44,0,44,312
06/17/2001,JXN,MI,AGL,CE,Federal Contract Tower,0,0,9,0,9,0,0,173,0,173,0,0,182,0,182,44,0,44,226
06/18/2001,JXN,MI,AGL,CE,Federal Contract Tower,0,2,29,0,31,0,0,49,0,49,0,2,78,0,80,104,0,104,184
06/19/2001,JXN,MI,AGL,CE,Federal Contract Tower,0,2,9,0,11,0,0,61,0,61,0,2,70,0,72,34,0,34,106
06/20/2001,JXN,MI,AGL,CE,Federal Contract Tower,0,1,24,0,25,0,1,94,4,99,0,2,118,4,124,136,0,136,260
06/21/2001,JXN,MI,AGL,CE,Federal Contract Tower,0,2,35,0,37,0,0,0,0,0,0,2,35,0,37,0,0,0,37
06/22/2001,JXN,MI,AGL,CE,Federal Contract Tower,0,0,31,0,31,0,0,103,2,105,0,0,134,2,136,88,0,88,224
06/23/2001,JXN,MI,AGL,CE,Federal Contract Tower,0,0,26,0,26,0,0,148,0,148,0,0,174,0,174,42,0,42,216
06/24/2001,JXN,MI,AGL,CE,Federal Contract Tower,0,2,7,0,9,0,0,241,0,241,0,2,248,0,250,26,0,26,276
06/25/2001,JXN,MI,AGL,CE,Federal Contract Tower,0,0,10,0,10,0,0,152,0,152,0,0,162,0,162,118,0,118,280
06/26/2001,JXN,MI,AGL,CE,Federal Contract Tower,0,0,8,0,8,0,0,102,0,102,0,0,110,0,110,92,0,92,202
06/27/2001,JXN,MI,AGL,CE,Federal Contract Tower,0,0,21,0,21,0,0,112,0,112,0,0,133,0,133,114,0,114,247
06/28/2001,JXN,MI,AGL,CE,Federal Contract Tower,0,0,30,0,30,0,0,121,0,121,0,0,151,0,151,152,0,152,303
06/29/2001,JXN,MI,AGL,CE,Federal Contract Tower,0,0,8,4,12,0,0,117,6,123,0,0,125,10,135,42,0,42,177
06/30/2001,JXN,MI,AGL,CE,Federal Contract Tower,0,0,26,0,26,0,0,119,14,133,0,0,145,14,159,12,20,32,191
07/01/2001,JXN,MI,AGL,CE,Federal Contract Tower,0,0,11,0,11,0,0,81,0,81,0,0,92,0,92,0,0,0,92
07/02/2001,JXN,MI,AGL,CE,Federal Contract Tower,0,2,10,0,12,0,0,135,0,135,0,2,145,0,147,98,0,98,245
07/03/2001,JXN,MI,AGL,CE,Federal Contract Tower,0,0,23,0,23,0,0,78,2,80,0,0,101,2,103,154,0,154,257
07/04/2001,JXN,MI,AGL,CE,Federal Contract Tower,0,0,7,0,7,0,0,23,0,23,0,0,30,0,30,0,0,0,30
07/05/2001,JXN,MI,AGL,CE,Federal Contract Tower,0,0,6,0,6,0,0,91,0,91,0,0,97,0,97,52,0,52,149
07/06/2001,JXN,MI,AGL,CE,Federal Contract Tower,0,0,20,0,20,0,0,148,0,148,0,0,168,0,168,78,0,78,246
07/07/2001,JXN,MI,AGL,CE,Federal Contract Tower,0,0,24,0,24,0,0,35,0,35,0,0,59,0,59,22,0,22,81
07/08/2001,JXN,MI,AGL,CE,Federal Contract Tower,0,0,31,0,31,0,0,66,0,66,0,0,97,0,97,22,0,22,119
07/09/2001,JXN,MI,AGL,CE,Federal Contract Tower,0,2,16,0,18,0,0,108,4,112,0,2,124,4,130,72,20,92,222
07/10/2001,JXN,MI,AGL,CE,Federal Contract Tower,0,2,11,0,13,0,0,116,0,116,0,2,127,0,129,86,0,86,215
07/11/2001,JXN,MI,AGL,CE,Federal Contract Tower,0,0,20,0,20,0,0,127,0,127,0,0,147,0,147,74,0,74,221
07/12/2001,JXN,MI,AGL,CE,Federal Contract Tower,0,8,18,0,26,0,0,118,0,118,0,8,136,0,144,74,0,74,218
07/13/2001,JXN,MI,AGL,CE,Federal Contract Tower,0,2,24,0,26,0,0,97,0,97,0,2,121,0,123,80,0,80,203
07/14/2001,JXN,MI,AGL,CE,Federal Contract Tower,0,0,11,0,11,0,0,239,2,241,0,0,250,2,252,32,0,32,284
07/15/2001,JXN,MI,AGL,CE,Federal Contract Tower,0,0,5,0,5,0,0,300,0,300,0,0,305,0,305,24,0,24,329
07/16/2001,JXN,MI,AGL,CE,Federal Contract Tower,0,0,11,0,11,0,0,139,0,139,0,0,150,0,150,142,0,142,292
07/17/2001,JXN,MI,AGL,CE,Federal Contract Tower,0,2,26,0,28,0,0,87,0,87,0,2,113,0,115,96,0,96,211
07/18/2001,JXN,MI,AGL,CE,Federal Contract Tower,0,2,28,0,30,0,0,38,2,40,0,2,66,2,70,168,0,168,238
07/19/2001,JXN,MI,AGL,CE,Federal Contract Tower,0,12,30,0,42,0,0,99,0,99,0,12,129,0,141,100,0,100,241
07/20/2001,JXN,MI,AGL,CE,Federal Contract Tower,0,0,46,0,46,0,0,61,0,61,0,0,107,0,107,94,0,94,201
07/21/2001,JXN,MI,AGL,CE,Federal Contract Tower,0,2,31,0,33,0,0,31,0,31,0,2,62,0,64,4,0,4,68
07/22/2001,JXN,MI,AGL,CE,Federal Contract Tower,0,12,84,0,96,0,0,161,0,161,0,12,245,0,257,12,0,12,269
07/23/2001,JXN,MI,AGL,CE,Federal Contract Tower,0,0,19,0,19,0,0,63,7,70,0,0,82,7,89,96,0,96,185
07/24/2001,JXN,MI,AGL,CE,Federal Contract Tower,0,0,38,1,39,0,0,53,6,59,0,0,91,7,98,140,0,140,238
07/25/2001,JXN,MI,AGL,CE,Federal Contract Tower,0,0,25,0,25,0,0,32,1,33,0,0,57,1,58,46,0,46,104
07/26/2001,JXN,MI,AGL,CE,Federal Contract Tower,0,0,15,0,15,0,0,122,0,122,0,0,137,0,137,112,0,112,249
07/27/2001,JXN,MI,AGL,CE,Federal Contract Tower,0,0,20,0,20,0,3,155,4,162,0,3,175,4,182,106,20,126,308
07/28/2001,JXN,MI,AGL,CE,Federal Contract Tower,0,2,22,0,24,0,0,178,0,178,0,2,200,0,202,72,0,72,274
07/29/2001,JXN,MI,AGL,CE,Federal Contract Tower,0,0,21,0,21,0,0,85,0,85,0,0,106,0,106,4,0,4,110
07/30/2001,JXN,MI,AGL,CE,Federal Contract Tower,0,1,35,0,36,0,2,53,0,55,0,3,88,0,91,62,0,62,153
07/31/2001,JXN,MI,AGL,CE,Federal Contract Tower,0,6,20,0,26,0,0,92,0,92,0,6,112,0,118,122,0,122,240
08/01/2001,JXN,MI,AGL,CE,Federal Contract Tower,0,3,22,0,25,0,1,67,0,68,0,4,89,0,93,114,0,114,207
08/02/2001,JXN,MI,AGL,CE,Federal Contract Tower,0,3,29,0,32,0,0,17,0,17,0,3,46,0,49,36,0,36,85
08/03/2001,JXN,MI,AGL,CE,Federal Contract Tower,0,4,34,0,38,0,0,132,0,132,0,4,166,0,170,90,0,90,260
08/04/2001,JXN,MI,AGL,CE,Federal Contract Tower,0,2,9,0,11,0,0,161,0,161,0,2,170,0,172,40,0,40,212
08/05/2001,JXN,MI,AGL,CE,Federal Contract Tower,0,3,6,0,9,0,0,162,0,162,0,3,168,0,171,0,0,0,171
08/06/2001,JXN,MI,AGL,CE,Federal Contract Tower,0,1,16,0,17,0,0,111,0,111,0,1,127,0,128,170,0,170,298
08/07/2001,JXN,MI,AGL,CE,Federal Contract Tower,0,2,30,7,39,0,0,49,11,60,0,2,79,18,99,96,0,96,195
08/08/2001,JXN,MI,AGL,CE,Federal Contract Tower,0,0,33,0,33,0,0,54,0,54,0,0,87,0,87,36,0,36,123
08/09/2001,JXN,MI,AGL,CE,Federal Contract Tower,0,2,31,0,33,0,0,56,0,56,0,2,87,0,89,50,0,50,139
08/10/2001,JXN,MI,AGL,CE,Federal Contract Tower,0,0,14,0,14,0,0,80,0,80,0,0,94,0,94,60,0,60,154
08/11/2001,JXN,MI,AGL,CE,Federal Contract Tower,0,0,5,0,5,0,0,150,0,150,0,0,155,0,155,64,0,64,219
08/12/2001,JXN,MI,AGL,CE,Federal Contract Tower,0,0,27,0,27,0,0,143,0,143,0,0,170,0,170,32,0,32,202
08/13/2001,JXN,MI,AGL,CE,Federal Contract Tower,0,0,9,0,9,0,0,91,0,91,0,0,100,0,100,112,0,112,212
08/14/2001,JXN,MI,AGL,CE,Federal Contract Tower,0,1,2,0,3,0,0,177,0,177,0,1,179,0,180,102,0,102,282
08/15/2001,JXN,MI,AGL,CE,Federal Contract Tower,0,0,19,0,19,0,0,105,0,105,0,0,124,0,124,56,0,56,180
08/16/2001,JXN,MI,AGL,CE,Federal Contract Tower,0,6,74,0,80,0,0,1,0,1,0,6,75,0,81,12,0,12,93
08/17/2001,JXN,MI,AGL,CE,Federal Contract Tower,0,2,37,0,39,0,0,33,0,33,0,2,70,0,72,72,0,72,144
08/18/2001,JXN,MI,AGL,CE,Federal Contract Tower,0,2,33,0,35,0,0,135,0,135,0,2,168,0,170,16,0,16,186
08/19/2001,JXN,MI,AGL,CE,Federal Contract Tower,0,9,84,0,93,0,1,165,0,166,0,10,249,0,259,0,0,0,259
08/20/2001,JXN,MI,AGL,CE,Federal Contract Tower,0,4,24,0,28,0,0,87,0,87,0,4,111,0,115,60,0,60,175
08/21/2001,JXN,MI,AGL,CE,Federal Contract Tower,0,2,26,0,28,0,0,138,0,138,0,2,164,0,166,102,0,102,268
08/22/2001,JXN,MI,AGL,CE,Federal Contract Tower,0,0,14,0,14,0,0,5,0,5,0,0,19,0,19,8,0,8,27
08/23/2001,JXN,MI,AGL,CE,Federal Contract Tower,0,4,51,0,55,0,0,45,0,45,0,4,96,0,100,85,0,85,185
08/24/2001,JXN,MI,AGL,CE,Federal Contract Tower,0,3,34,0,37,0,0,34,0,34,0,3,68,0,71,74,0,74,145
08/25/2001,JXN,MI,AGL,CE,Federal Contract Tower,0,3,38,0,41,0,0,12,0,12,0,3,50,0,53,10,0,10,63
08/26/2001,JXN,MI,AGL,CE,Federal Contract Tower,0,2,20,0,22,0,0,37,0,37,0,2,57,0,59,8,0,8,67
08/27/2001,JXN,MI,AGL,CE,Federal Contract Tower,0,3,10,0,13,0,0,115,0,115,0,3,125,0,128,122,0,122,250
08/28/2001,JXN,MI,AGL,CE,Federal Contract Tower,0,6,8,0,14,0,0,77,2,79,0,6,85,2,93,54,0,54,147
08/29/2001,JXN,MI,AGL,CE,Federal Contract Tower,0,6,68,0,74,0,0,134,0,134,0,6,202,0,208,102,0,102,310
08/30/2001,JXN,MI,AGL,CE,Federal Contract Tower,0,0,24,0,24,0,0,96,2,98,0,0,120,2,122,112,0,112,234
08/31/2001,JXN,MI,AGL,CE,Federal Contract Tower,0,0,20,0,20,0,0,101,1,102,0,0,121,1,122,64,0,64,186
09/01/2001,JXN,MI,AGL,CE,Federal Contract Tower,0,0,13,0,13,0,0,160,0,160,0,0,173,0,173,20,0,20,193
09/02/2001,JXN,MI,AGL,CE,Federal Contract Tower,0,2,12,0,14,0,0,141,0,141,0,2,153,0,155,16,0,16,171
09/03/2001,JXN,MI,AGL,CE,Federal Contract Tower,0,0,24,0,24,0,0,162,0,162,0,0,186,0,186,16,0,16,202
09/04/2001,JXN,MI,AGL,CE,Federal Contract Tower,0,0,30,0,30,0,0,101,0,101,0,0,131,0,131,70,0,70,201
09/05/2001,JXN,MI,AGL,CE,Federal Contract Tower,0,0,12,0,12,0,0,104,0,104,0,0,116,0,116,82,0,82,198
09/06/2001,JXN,MI,AGL,CE,Federal Contract Tower,0,0,8,0,8,0,0,117,0,117,0,0,125,0,125,134,0,134,259
09/07/2001,JXN,MI,AGL,CE,Federal Contract Tower,0,0,10,0,10,0,0,75,0,75,0,0,85,0,85,80,0,80,165
09/08/2001,JXN,MI,AGL,CE,Federal Contract Tower,0,0,36,0,36,0,0,9,0,9,0,0,45,0,45,14,0,14,59
09/09/2001,JXN,MI,AGL,CE,Federal Contract Tower,0,0,8,0,8,0,0,2,0,2,0,0,10,0,10,0,0,0,10
09/10/2001,JXN,MI,AGL,CE,Federal Contract Tower,0,0,31,0,31,0,0,94,0,94,0,0,125,0,125,74,0,74,199
09/11/2001,JXN,MI,AGL,CE,Federal Contract Tower,0,0,5,0,5,0,0,18,0,18,0,0,23,0,23,18,0,18,41
09/12/2001,JXN,MI,AGL,CE,Federal Contract Tower,0,0,0,0,0,0,0,0,0,0,0,0,0,0,0,0,0,0,0
09/13/2001,JXN,MI,AGL,CE,Federal Contract Tower,0,0,0,0,0,0,0,0,0,0,0,0,0,0,0,0,0,0,0
09/14/2001,JXN,MI,AGL,CE,Federal Contract Tower,0,4,1,0,5,0,0,0,0,0,0,4,1,0,5,0,0,0,5
09/15/2001,JXN,MI,AGL,CE,Federal Contract Tower,0,4,69,0,73,0,0,0,0,0,0,4,69,0,73,0,0,0,73
09/16/2001,JXN,MI,AGL,CE,Federal Contract Tower,0,1,56,0,57,0,0,0,0,0,0,1,56,0,57,0,0,0,57
09/17/2001,JXN,MI,AGL,CE,Federal Contract Tower,0,0,60,0,60,0,0,0,0,0,0,0,60,0,60,0,0,0,60
09/18/2001,JXN,MI,AGL,CE,Federal Contract Tower,0,0,63,0,63,0,0,0,0,0,0,0,63,0,63,0,0,0,63
09/19/2001,JXN,MI,AGL,CE,Federal Contract Tower,0,0,12,0,12,0,0,0,0,0,0,0,12,0,12,0,0,0,12
09/20/2001,JXN,MI,AGL,CE,Federal Contract Tower,0,2,52,0,54,0,0,12,0,12,0,2,64,0,66,10,0,10,76
09/21/2001,JXN,MI,AGL,CE,Federal Contract Tower,0,8,19,0,27,0,0,8,0,8,0,8,27,0,35,0,0,0,35
09/22/2001,JXN,MI,AGL,CE,Federal Contract Tower,0,8,46,0,54,0,0,88,0,88,0,8,134,0,142,42,0,42,184
09/23/2001,JXN,MI,AGL,CE,Federal Contract Tower,0,0,23,0,23,0,0,81,0,81,0,0,104,0,104,30,0,30,134
09/24/2001,JXN,MI,AGL,CE,Federal Contract Tower,0,2,27,0,29,0,0,13,0,13,0,2,40,0,42,12,0,12,54
09/25/2001,JXN,MI,AGL,CE,Federal Contract Tower,0,0,15,0,15,0,0,7,0,7,0,0,22,0,22,4,0,4,26
09/26/2001,JXN,MI,AGL,CE,Federal Contract Tower,0,0,0,0,0,0,0,0,0,0,0,0,0,0,0,0,0,0,0
09/27/2001,JXN,MI,AGL,CE,Federal Contract Tower,0,0,44,2,46,0,0,65,4,69,0,0,109,6,115,68,0,68,183
09/28/2001,JXN,MI,AGL,CE,Federal Contract Tower,0,0,49,0,49,0,0,46,2,48,0,0,95,2,97,92,0,92,189
09/29/2001,JXN,MI,AGL,CE,Federal Contract Tower,0,3,26,0,29,0,0,142,0,142,0,3,168,0,171,80,0,80,251
09/30/2001,JXN,MI,AGL,CE,Federal Contract Tower,0,1,23,0,24,0,1,213,2,216,0,2,236,2,240,48,0,48,288
10/01/2001,JXN,MI,AGL,CE,Federal Contract Tower,0,0,21,0,21,0,0,100,0,100,0,0,121,0,121,28,0,28,149
10/02/2001,JXN,MI,AGL,CE,Federal Contract Tower,0,4,25,0,29,0,0,143,0,143,0,4,168,0,172,98,0,98,270
10/03/2001,JXN,MI,AGL,CE,Federal Contract Tower,0,2,8,0,10,0,0,73,0,73,0,2,81,0,83,68,0,68,151
10/04/2001,JXN,MI,AGL,CE,Federal Contract Tower,0,1,47,0,48,0,0,65,0,65,0,1,112,0,113,120,0,120,233
10/05/2001,JXN,MI,AGL,CE,Federal Contract Tower,0,0,41,11,52,0,0,20,0,20,0,0,61,11,72,16,0,16,88
10/06/2001,JXN,MI,AGL,CE,Federal Contract Tower,0,0,18,0,18,0,0,64,1,65,0,0,82,1,83,20,0,20,103
10/07/2001,JXN,MI,AGL,CE,Federal Contract Tower,0,0,17,0,17,0,0,169,0,169,0,0,186,0,186,16,0,16,202
10/08/2001,JXN,MI,AGL,CE,Federal Contract Tower,0,2,19,0,21,0,0,103,0,103,0,2,122,0,124,94,0,94,218
10/09/2001,JXN,MI,AGL,CE,Federal Contract Tower,0,2,12,0,14,0,0,95,0,95,0,2,107,0,109,94,0,94,203
10/10/2001,JXN,MI,AGL,CE,Federal Contract Tower,0,0,18,4,22,0,0,47,0,47,0,0,65,4,69,18,0,18,87
10/11/2001,JXN,MI,AGL,CE,Federal Contract Tower,0,0,54,0,54,0,0,16,0,16,0,0,70,0,70,46,0,46,116
10/12/2001,JXN,MI,AGL,CE,Federal Contract Tower,0,2,16,4,22,0,0,18,0,18,0,2,34,4,40,10,0,10,50
10/13/2001,JXN,MI,AGL,CE,Federal Contract Tower,0,1,21,0,22,0,3,17,0,20,0,4,38,0,42,10,0,10,52
10/14/2001,JXN,MI,AGL,CE,Federal Contract Tower,0,4,28,0,32,0,0,53,0,53,0,4,81,0,85,22,0,22,107
10/15/2001,JXN,MI,AGL,CE,Federal Contract Tower,0,6,16,0,22,0,0,83,0,83,0,6,99,0,105,182,2,184,289
10/16/2001,JXN,MI,AGL,CE,Federal Contract Tower,0,0,8,0,8,0,0,0,0,0,0,0,8,0,8,0,0,0,8
10/17/2001,JXN,MI,AGL,CE,Federal Contract Tower,0,4,33,2,39,0,0,74,0,74,0,4,107,2,113,96,0,96,209
10/18/2001,JXN,MI,AGL,CE,Federal Contract Tower,0,0,27,0,27,0,0,112,2,114,0,0,139,2,141,144,0,144,285
10/19/2001,JXN,MI,AGL,CE,Federal Contract Tower,0,0,42,0,42,0,0,130,0,130,0,0,172,0,172,136,0,136,308
10/20/2001,JXN,MI,AGL,CE,Federal Contract Tower,0,0,39,0,39,0,0,164,0,164,0,0,203,0,203,88,0,88,291
10/21/2001,JXN,MI,AGL,CE,Federal Contract Tower,0,0,32,0,32,0,0,113,0,113,0,0,145,0,145,48,0,48,193
10/22/2001,JXN,MI,AGL,CE,Federal Contract Tower,0,0,13,0,13,0,0,100,0,100,0,0,113,0,113,306,0,306,419
10/23/2001,JXN,MI,AGL,CE,Federal Contract Tower,0,2,30,0,32,0,0,46,2,48,0,2,76,2,80,120,0,120,200
10/24/2001,JXN,MI,AGL,CE,Federal Contract Tower,0,0,12,0,12,0,0,53,0,53,0,0,65,0,65,92,0,92,157
10/25/2001,JXN,MI,AGL,CE,Federal Contract Tower,0,7,10,0,17,0,0,8,0,8,0,7,18,0,25,0,0,0,25
10/26/2001,JXN,MI,AGL,CE,Federal Contract Tower,0,0,10,0,10,0,0,30,0,30,0,0,40,0,40,2,0,2,42
10/27/2001,JXN,MI,AGL,CE,Federal Contract Tower,0,1,20,0,21,0,0,129,0,129,0,1,149,0,150,64,0,64,214
10/28/2001,JXN,MI,AGL,CE,Federal Contract Tower,0,0,14,0,14,0,0,239,0,239,0,0,253,0,253,34,0,34,287
10/29/2001,JXN,MI,AGL,CE,Federal Contract Tower,0,0,25,0,25,0,0,173,0,173,0,0,198,0,198,142,0,142,340
10/30/2001,JXN,MI,AGL,CE,Federal Contract Tower,0,2,18,0,20,0,6,97,0,103,0,8,115,0,123,360,0,360,483
10/31/2001,JXN,MI,AGL,CE,Federal Contract Tower,0,2,19,0,21,0,0,149,0,149,0,2,168,0,170,106,0,106,276
11/01/2001,JXN,MI,AGL,CE,Federal Contract Tower,0,2,20,0,22,0,0,128,0,128,0,2,148,0,150,96,0,96,246
11/02/2001,JXN,MI,AGL,CE,Federal Contract Tower,0,0,27,0,27,0,0,49,0,49,0,0,76,0,76,78,0,78,154
11/03/2001,JXN,MI,AGL,CE,Federal Contract Tower,0,0,20,0,20,0,0,143,0,143,0,0,163,0,163,68,0,68,231
11/04/2001,JXN,MI,AGL,CE,Federal Contract Tower,0,0,7,0,7,0,0,202,0,202,0,0,209,0,209,30,0,30,239
11/05/2001,JXN,MI,AGL,CE,Federal Contract Tower,0,4,15,0,19,0,0,145,0,145,0,4,160,0,164,244,0,244,408
11/06/2001,JXN,MI,AGL,CE,Federal Contract Tower,0,0,50,0,50,0,0,174,0,174,0,0,224,0,224,176,0,176,400
11/07/2001,JXN,MI,AGL,CE,Federal Contract Tower,0,2,23,0,25,0,0,152,0,152,0,2,175,0,177,136,0,136,313
11/08/2001,JXN,MI,AGL,CE,Federal Contract Tower,0,0,26,0,26,0,0,54,0,54,0,0,80,0,80,60,0,60,140
11/09/2001,JXN,MI,AGL,CE,Federal Contract Tower,0,2,24,0,26,0,0,117,0,117,0,2,141,0,143,168,0,168,311
11/10/2001,JXN,MI,AGL,CE,Federal Contract Tower,0,0,30,0,30,0,0,173,0,173,0,0,203,0,203,10,0,10,213
11/11/2001,JXN,MI,AGL,CE,Federal Contract Tower,0,2,16,0,18,0,0,269,0,269,0,2,285,0,287,22,0,22,309
11/12/2001,JXN,MI,AGL,CE,Federal Contract Tower,0,2,22,0,24,0,0,119,0,119,0,2,141,0,143,124,0,124,267
11/13/2001,JXN,MI,AGL,CE,Federal Contract Tower,0,2,30,0,32,0,0,108,0,108,0,2,138,0,140,178,0,178,318
11/14/2001,JXN,MI,AGL,CE,Federal Contract Tower,0,0,39,0,39,0,0,38,0,38,0,0,77,0,77,160,0,160,237
11/15/2001,JXN,MI,AGL,CE,Federal Contract Tower,0,0,21,4,25,0,0,66,0,66,0,0,87,4,91,130,0,130,221
11/16/2001,JXN,MI,AGL,CE,Federal Contract Tower,0,0,21,0,21,0,0,110,0,110,0,0,131,0,131,128,0,128,259
11/17/2001,JXN,MI,AGL,CE,Federal Contract Tower,0,0,49,0,49,0,0,149,0,149,0,0,198,0,198,50,0,50,248
11/18/2001,JXN,MI,AGL,CE,Federal Contract Tower,0,0,35,0,35,0,0,10,0,10,0,0,45,0,45,8,0,8,53
11/19/2001,JXN,MI,AGL,CE,Federal Contract Tower,0,0,20,0,20,0,0,25,0,25,0,0,45,0,45,52,0,52,97
11/20/2001,JXN,MI,AGL,CE,Federal Contract Tower,0,2,30,0,32,0,0,108,0,108,0,2,138,0,140,96,0,96,236
11/21/2001,JXN,MI,AGL,CE,Federal Contract Tower,0,2,26,0,28,0,0,100,0,100,0,2,126,0,128,124,0,124,252
11/22/2001,JXN,MI,AGL,CE,Federal Contract Tower,0,0,7,0,7,0,0,33,0,33,0,0,40,0,40,14,0,14,54
11/23/2001,JXN,MI,AGL,CE,Federal Contract Tower,0,0,21,0,21,0,0,166,0,166,0,0,187,0,187,76,0,76,263
11/24/2001,JXN,MI,AGL,CE,Federal Contract Tower,0,2,27,0,29,0,0,21,0,21,0,2,48,0,50,46,0,46,96
11/25/2001,JXN,MI,AGL,CE,Federal Contract Tower,0,3,9,0,12,0,0,0,0,0,0,3,9,0,12,0,0,0,12
11/26/2001,JXN,MI,AGL,CE,Federal Contract Tower,0,5,26,0,31,0,0,76,0,76,0,5,102,0,107,156,0,156,263
11/27/2001,JXN,MI,AGL,CE,Federal Contract Tower,0,0,27,0,27,0,0,10,0,10,0,0,37,0,37,84,0,84,121
11/28/2001,JXN,MI,AGL,CE,Federal Contract Tower,0,0,0,0,0,0,2,56,0,58,0,2,56,0,58,126,0,126,184
11/29/2001,JXN,MI,AGL,CE,Federal Contract Tower,0,0,56,0,56,0,0,0,0,0,0,0,56,0,56,14,0,14,70
11/30/2001,JXN,MI,AGL,CE,Federal Contract Tower,0,0,44,0,44,0,0,12,0,12,0,0,56,0,56,72,0,72,128
12/01/2001,JXN,MI,AGL,CE,Federal Contract Tower,0,0,56,0,56,0,0,47,0,47,0,0,103,0,103,46,0,46,149
12/02/2001,JXN,MI,AGL,CE,Federal Contract Tower,0,0,28,0,28,0,0,145,0,145,0,0,173,0,173,66,0,66,239
12/03/2001,JXN,MI,AGL,CE,Federal Contract Tower,0,0,26,0,26,0,2,114,0,116,0,2,140,0,142,116,0,116,258
12/04/2001,JXN,MI,AGL,CE,Federal Contract Tower,0,0,44,0,44,0,0,43,2,45,0,0,87,2,89,80,0,80,169
12/05/2001,JXN,MI,AGL,CE,Federal Contract Tower,0,6,21,0,27,0,0,78,0,78,0,6,99,0,105,88,0,88,193
12/06/2001,JXN,MI,AGL,CE,Federal Contract Tower,0,2,22,0,24,0,0,175,0,175,0,2,197,0,199,160,0,160,359
12/07/2001,JXN,MI,AGL,CE,Federal Contract Tower,0,4,41,0,45,0,0,29,0,29,0,4,70,0,74,0,0,0,74
12/08/2001,JXN,MI,AGL,CE,Federal Contract Tower,0,0,26,0,26,0,0,49,0,49,0,0,75,0,75,44,0,44,119
12/09/2001,JXN,MI,AGL,CE,Federal Contract Tower,0,0,28,0,28,0,0,134,0,134,0,0,162,0,162,44,0,44,206
12/10/2001,JXN,MI,AGL,CE,Federal Contract Tower,0,2,18,0,20,0,0,101,0,101,0,2,119,0,121,210,0,210,331
12/11/2001,JXN,MI,AGL,CE,Federal Contract Tower,0,1,30,0,31,0,0,171,0,171,0,1,201,0,202,160,0,160,362
12/12/2001,JXN,MI,AGL,CE,Federal Contract Tower,0,0,39,0,39,0,0,9,0,9,0,0,48,0,48,58,0,58,106
12/13/2001,JXN,MI,AGL,CE,Federal Contract Tower,0,7,69,0,76,0,0,4,0,4,0,7,73,0,80,20,0,20,100
12/14/2001,JXN,MI,AGL,CE,Federal Contract Tower,0,0,10,0,10,0,0,0,0,0,0,0,10,0,10,0,0,0,10
12/15/2001,JXN,MI,AGL,CE,Federal Contract Tower,0,0,30,0,30,0,0,10,0,10,0,0,40,0,40,0,0,0,40
12/16/2001,JXN,MI,AGL,CE,Federal Contract Tower,0,0,15,0,15,0,0,118,0,118,0,0,133,0,133,22,0,22,155
12/17/2001,JXN,MI,AGL,CE,Federal Contract Tower,0,0,20,0,20,0,0,0,0,0,0,0,20,0,20,0,0,0,20
12/18/2001,JXN,MI,AGL,CE,Federal Contract Tower,0,0,43,0,43,0,0,65,0,65,0,0,108,0,108,130,0,130,238
12/19/2001,JXN,MI,AGL,CE,Federal Contract Tower,0,4,34,0,38,0,0,3,0,3,0,4,37,0,41,18,0,18,59
12/20/2001,JXN,MI,AGL,CE,Federal Contract Tower,0,0,17,0,17,0,0,49,0,49,0,0,66,0,66,40,0,40,106
12/21/2001,JXN,MI,AGL,CE,Federal Contract Tower,0,2,20,0,22,0,0,179,0,179,0,2,199,0,201,86,0,86,287
12/22/2001,JXN,MI,AGL,CE,Federal Contract Tower,0,0,17,0,17,0,0,153,0,153,0,0,170,0,170,66,0,66,236
12/23/2001,JXN,MI,AGL,CE,Federal Contract Tower,0,0,11,0,11,0,0,1,0,1,0,0,12,0,12,2,0,2,14
12/24/2001,JXN,MI,AGL,CE,Federal Contract Tower,0,0,6,0,6,0,0,0,0,0,0,0,6,0,6,0,0,0,6
12/25/2001,JXN,MI,AGL,CE,Federal Contract Tower,0,0,5,0,5,0,0,0,0,0,0,0,5,0,5,0,0,0,5
12/26/2001,JXN,MI,AGL,CE,Federal Contract Tower,0,0,20,0,20,0,0,25,0,25,0,0,45,0,45,78,0,78,123
12/27/2001,JXN,MI,AGL,CE,Federal Contract Tower,0,0,10,0,10,0,0,0,0,0,0,0,10,0,10,6,0,6,16
12/28/2001,JXN,MI,AGL,CE,Federal Contract Tower,0,0,35,0,35,0,0,0,0,0,0,0,35,0,35,20,0,20,55
12/29/2001,JXN,MI,AGL,CE,Federal Contract Tower,0,0,38,0,38,0,0,6,0,6,0,0,44,0,44,12,0,12,56
12/30/2001,JXN,MI,AGL,CE,Federal Contract Tower,0,0,22,0,22,0,0,18,0,18,0,0,40,0,40,0,0,0,40
12/31/2001,JXN,MI,AGL,CE,Federal Contract Tower,0,0,38,0,38,0,0,37,0,37,0,0,75,0,75,72,0,72,147
01/01/2002,JXN,MI,AGL,CE,Federal Contract Tower,0,0,12,0,12,0,0,139,0,139,0,0,151,0,151,68,0,68,219
01/02/2002,JXN,MI,AGL,CE,Federal Contract Tower,0,0,8,0,8,0,2,37,0,39,0,2,45,0,47,56,0,56,103
01/03/2002,JXN,MI,AGL,CE,Federal Contract Tower,0,0,24,0,24,0,2,61,0,63,0,2,85,0,87,70,0,70,157
01/04/2002,JXN,MI,AGL,CE,Federal Contract Tower,0,0,25,0,25,0,0,33,4,37,0,0,58,4,62,30,0,30,92
01/05/2002,JXN,MI,AGL,CE,Federal Contract Tower,0,0,8,0,8,0,0,141,0,141,0,0,149,0,149,68,0,68,217
01/06/2002,JXN,MI,AGL,CE,Federal Contract Tower,0,0,2,0,2,0,0,0,0,0,0,0,2,0,2,0,0,0,2
01/07/2002,JXN,MI,AGL,CE,Federal Contract Tower,0,0,23,0,23,0,0,87,0,87,0,0,110,0,110,116,0,116,226
01/08/2002,JXN,MI,AGL,CE,Federal Contract Tower,0,0,12,0,12,0,0,79,0,79,0,0,91,0,91,72,0,72,163
01/09/2002,JXN,MI,AGL,CE,Federal Contract Tower,0,0,8,0,8,0,0,31,0,31,0,0,39,0,39,44,0,44,83
01/10/2002,JXN,MI,AGL,CE,Federal Contract Tower,0,4,30,0,34,0,0,123,0,123,0,4,153,0,157,158,0,158,315
01/11/2002,JXN,MI,AGL,CE,Federal Contract Tower,0,2,7,0,9,0,0,54,0,54,0,2,61,0,63,100,0,100,163
01/12/2002,JXN,MI,AGL,CE,Federal Contract Tower,0,0,24,0,24,0,0,144,0,144,0,0,168,0,168,60,0,60,228
01/13/2002,JXN,MI,AGL,CE,Federal Contract Tower,0,0,13,0,13,0,0,168,0,168,0,0,181,0,181,36,0,36,217
01/14/2002,JXN,MI,AGL,CE,Federal Contract Tower,0,0,18,0,18,0,0,30,0,30,0,0,48,0,48,64,0,64,112
01/15/2002,JXN,MI,AGL,CE,Federal Contract Tower,0,0,11,0,11,0,0,0,0,0,0,0,11,0,11,16,0,16,27
01/16/2002,JXN,MI,AGL,CE,Federal Contract Tower,0,0,16,0,16,0,0,0,0,0,0,0,16,0,16,52,0,52,68
01/17/2002,JXN,MI,AGL,CE,Federal Contract Tower,0,0,23,0,23,0,0,14,0,14,0,0,37,0,37,66,0,66,103
01/18/2002,JXN,MI,AGL,CE,Federal Contract Tower,0,0,17,0,17,0,0,10,0,10,0,0,27,0,27,10,0,10,37
01/19/2002,JXN,MI,AGL,CE,Federal Contract Tower,0,0,21,0,21,0,0,123,0,123,0,0,144,0,144,70,0,70,214
01/20/2002,JXN,MI,AGL,CE,Federal Contract Tower,0,0,31,0,31,0,0,56,0,56,0,0,87,0,87,20,0,20,107
01/21/2002,JXN,MI,AGL,CE,Federal Contract Tower,0,0,14,0,14,0,0,23,0,23,0,0,37,0,37,50,0,50,87
01/22/2002,JXN,MI,AGL,CE,Federal Contract Tower,0,0,13,0,13,0,0,110,0,110,0,0,123,0,123,94,0,94,217
01/23/2002,JXN,MI,AGL,CE,Federal Contract Tower,0,0,30,0,30,0,0,0,0,0,0,0,30,0,30,0,0,0,30
01/24/2002,JXN,MI,AGL,CE,Federal Contract Tower,0,1,32,0,33,0,0,10,2,12,0,1,42,2,45,18,0,18,63
01/25/2002,JXN,MI,AGL,CE,Federal Contract Tower,0,0,23,0,23,0,0,101,0,101,0,0,124,0,124,112,0,112,236
01/26/2002,JXN,MI,AGL,CE,Federal Contract Tower,0,0,32,0,32,0,0,252,0,252,0,0,284,0,284,140,0,140,424
01/27/2002,JXN,MI,AGL,CE,Federal Contract Tower,0,0,18,0,18,0,0,217,0,217,0,0,235,0,235,42,0,42,277
01/28/2002,JXN,MI,AGL,CE,Federal Contract Tower,0,0,16,0,16,0,0,106,0,106,0,0,122,0,122,170,0,170,292
01/29/2002,JXN,MI,AGL,CE,Federal Contract Tower,0,2,9,0,11,0,0,0,0,0,0,2,9,0,11,0,0,0,11
01/30/2002,JXN,MI,AGL,CE,Federal Contract Tower,0,1,5,0,6,0,0,0,0,0,0,1,5,0,6,0,0,0,6
01/31/2002,JXN,MI,AGL,CE,Federal Contract Tower,0,0,3,0,3,0,0,0,0,0,0,0,3,0,3,0,0,0,3
02/01/2002,JXN,MI,AGL,CE,Federal Contract Tower,0,0,8,0,8,0,0,6,0,6,0,0,14,0,14,0,0,0,14
02/02/2002,JXN,MI,AGL,CE,Federal Contract Tower,0,0,39,0,39,0,0,212,0,212,0,0,251,0,251,108,0,108,359
02/03/2002,JXN,MI,AGL,CE,Federal Contract Tower,0,0,14,0,14,0,0,62,0,62,0,0,76,0,76,44,0,44,120
02/04/2002,JXN,MI,AGL,CE,Federal Contract Tower,0,0,5,0,5,0,0,20,0,20,0,0,25,0,25,52,0,52,77
02/05/2002,JXN,MI,AGL,CE,Federal Contract Tower,0,2,23,0,25,0,0,58,0,58,0,2,81,0,83,140,0,140,223
02/06/2002,JXN,MI,AGL,CE,Federal Contract Tower,0,2,16,0,18,0,0,107,0,107,0,2,123,0,125,90,2,92,217
02/07/2002,JXN,MI,AGL,CE,Federal Contract Tower,0,0,42,0,42,0,0,36,3,39,0,0,78,3,81,74,6,80,161
02/08/2002,JXN,MI,AGL,CE,Federal Contract Tower,0,0,16,0,16,0,0,146,0,146,0,0,162,0,162,62,4,66,228
02/09/2002,JXN,MI,AGL,CE,Federal Contract Tower,0,0,52,0,52,0,0,98,0,98,0,0,150,0,150,4,0,4,154
02/10/2002,JXN,MI,AGL,CE,Federal Contract Tower,0,0,24,0,24,0,0,13,8,21,0,0,37,8,45,12,10,22,67
02/11/2002,JXN,MI,AGL,CE,Federal Contract Tower,0,0,14,0,14,0,0,65,0,65,0,0,79,0,79,118,0,118,197
02/12/2002,JXN,MI,AGL,CE,Federal Contract Tower,0,0,10,0,10,0,0,6,4,10,0,0,16,4,20,18,0,18,38
02/13/2002,JXN,MI,AGL,CE,Federal Contract Tower,0,1,11,0,12,0,2,121,0,123,0,3,132,0,135,130,0,130,265
02/14/2002,JXN,MI,AGL,CE,Federal Contract Tower,0,4,14,0,18,0,0,91,3,94,0,4,105,3,112,100,2,102,214
02/15/2002,JXN,MI,AGL,CE,Federal Contract Tower,0,0,15,0,15,0,0,35,0,35,0,0,50,0,50,54,0,54,104
02/16/2002,JXN,MI,AGL,CE,Federal Contract Tower,0,0,14,0,14,0,0,11,0,11,0,0,25,0,25,26,0,26,51
02/17/2002,JXN,MI,AGL,CE,Federal Contract Tower,0,1,12,0,13,0,0,106,0,106,0,1,118,0,119,28,0,28,147
02/18/2002,JXN,MI,AGL,CE,Federal Contract Tower,0,1,18,0,19,0,0,89,0,89,0,1,107,0,108,102,0,102,210
02/19/2002,JXN,MI,AGL,CE,Federal Contract Tower,0,2,39,0,41,0,0,30,0,30,0,2,69,0,71,86,0,86,157
02/20/2002,JXN,MI,AGL,CE,Federal Contract Tower,0,2,18,0,20,0,0,12,0,12,0,2,30,0,32,0,0,0,32
02/21/2002,JXN,MI,AGL,CE,Federal Contract Tower,0,0,8,0,8,0,0,0,0,0,0,0,8,0,8,0,0,0,8
02/22/2002,JXN,MI,AGL,CE,Federal Contract Tower,0,2,18,0,20,0,0,137,0,137,0,2,155,0,157,142,0,142,299
02/23/2002,JXN,MI,AGL,CE,Federal Contract Tower,0,0,29,0,29,0,0,198,0,198,0,0,227,0,227,98,0,98,325
02/24/2002,JXN,MI,AGL,CE,Federal Contract Tower,0,0,25,0,25,0,0,189,0,189,0,0,214,0,214,80,0,80,294
02/25/2002,JXN,MI,AGL,CE,Federal Contract Tower,0,0,29,0,29,0,0,86,0,86,0,0,115,0,115,172,0,172,287
02/26/2002,JXN,MI,AGL,CE,Federal Contract Tower,0,0,3,0,3,0,0,2,0,2,0,0,5,0,5,24,0,24,29
02/27/2002,JXN,MI,AGL,CE,Federal Contract Tower,0,0,19,0,19,0,0,4,0,4,0,0,23,0,23,0,0,0,23
02/28/2002,JXN,MI,AGL,CE,Federal Contract Tower,0,0,13,0,13,0,0,44,0,44,0,0,57,0,57,134,0,134,191
03/01/2002,JXN,MI,AGL,CE,Federal Contract Tower,0,0,10,4,14,0,1,92,1,94,0,1,102,5,108,158,0,158,266
03/02/2002,JXN,MI,AGL,CE,Federal Contract Tower,0,0,0,0,0,0,0,0,0,0,0,0,0,0,0,0,0,0,0
03/03/2002,JXN,MI,AGL,CE,Federal Contract Tower,0,0,1,0,1,0,0,0,0,0,0,0,1,0,1,0,0,0,1
03/04/2002,JXN,MI,AGL,CE,Federal Contract Tower,0,4,10,0,14,0,0,27,4,31,0,4,37,4,45,60,4,64,109
03/05/2002,JXN,MI,AGL,CE,Federal Contract Tower,0,0,19,0,19,0,0,21,2,23,0,0,40,2,42,102,0,102,144
03/06/2002,JXN,MI,AGL,CE,Federal Contract Tower,0,1,32,0,33,0,0,68,0,68,0,1,100,0,101,148,0,148,249
03/07/2002,JXN,MI,AGL,CE,Federal Contract Tower,0,6,11,0,17,0,0,8,0,8,0,6,19,0,25,90,0,90,115
03/08/2002,JXN,MI,AGL,CE,Federal Contract Tower,0,4,5,0,9,0,0,18,0,18,0,4,23,0,27,3,0,3,30
03/09/2002,JXN,MI,AGL,CE,Federal Contract Tower,0,0,1,0,1,0,0,0,0,0,0,0,1,0,1,0,0,0,1
03/10/2002,JXN,MI,AGL,CE,Federal Contract Tower,0,3,7,0,10,0,0,2,0,2,0,3,9,0,12,2,0,2,14
03/11/2002,JXN,MI,AGL,CE,Federal Contract Tower,0,3,14,0,17,0,0,81,0,81,0,3,95,0,98,142,0,142,240
03/12/2002,JXN,MI,AGL,CE,Federal Contract Tower,0,0,14,5,19,0,0,146,3,149,0,0,160,8,168,222,0,222,390
03/13/2002,JXN,MI,AGL,CE,Federal Contract Tower,0,0,28,0,28,0,0,116,6,122,0,0,144,6,150,112,0,112,262
03/14/2002,JXN,MI,AGL,CE,Federal Contract Tower,0,0,31,0,31,0,0,70,0,70,0,0,101,0,101,176,0,176,277
03/15/2002,JXN,MI,AGL,CE,Federal Contract Tower,0,0,15,0,15,0,0,18,0,18,0,0,33,0,33,25,0,25,58
03/16/2002,JXN,MI,AGL,CE,Federal Contract Tower,0,0,26,1,27,0,0,273,1,274,0,0,299,2,301,100,2,102,403
03/17/2002,JXN,MI,AGL,CE,Federal Contract Tower,0,0,18,4,22,0,0,71,0,71,0,0,89,4,93,8,0,8,101
03/18/2002,JXN,MI,AGL,CE,Federal Contract Tower,0,0,21,0,21,0,0,27,0,27,0,0,48,0,48,94,0,94,142
03/19/2002,JXN,MI,AGL,CE,Federal Contract Tower,0,2,31,0,33,0,0,54,0,54,0,2,85,0,87,164,0,164,251
03/20/2002,JXN,MI,AGL,CE,Federal Contract Tower,0,0,13,0,13,0,0,12,0,12,0,0,25,0,25,39,0,39,64
03/21/2002,JXN,MI,AGL,CE,Federal Contract Tower,0,0,4,0,4,0,0,5,0,5,0,0,9,0,9,0,0,0,9
03/22/2002,JXN,MI,AGL,CE,Federal Contract Tower,0,0,32,0,32,0,0,27,0,27,0,0,59,0,59,36,0,36,95
03/23/2002,JXN,MI,AGL,CE,Federal Contract Tower,0,0,6,0,6,0,0,56,0,56,0,0,62,0,62,6,0,6,68
03/24/2002,JXN,MI,AGL,CE,Federal Contract Tower,0,0,13,0,13,0,0,140,0,140,0,0,153,0,153,12,0,12,165
03/25/2002,JXN,MI,AGL,CE,Federal Contract Tower,0,2,11,0,13,0,0,14,0,14,0,2,25,0,27,58,0,58,85
03/26/2002,JXN,MI,AGL,CE,Federal Contract Tower,0,6,12,0,18,0,0,29,0,29,0,6,41,0,47,120,0,120,167
03/27/2002,JXN,MI,AGL,CE,Federal Contract Tower,0,3,23,0,26,0,0,204,0,204,0,3,227,0,230,212,0,212,442
03/28/2002,JXN,MI,AGL,CE,Federal Contract Tower,0,2,36,4,42,0,0,102,0,102,0,2,138,4,144,142,0,142,286
03/29/2002,JXN,MI,AGL,CE,Federal Contract Tower,0,0,51,4,55,0,0,24,0,24,0,0,75,4,79,74,0,74,153
03/30/2002,JXN,MI,AGL,CE,Federal Contract Tower,0,0,34,0,34,0,0,138,0,138,0,0,172,0,172,48,0,48,220
03/31/2002,JXN,MI,AGL,CE,Federal Contract Tower,0,0,8,0,8,0,0,81,0,81,0,0,89,0,89,2,0,2,91
04/01/2002,JXN,MI,AGL,CE,Federal Contract Tower,0,0,12,0,12,0,0,61,0,61,0,0,73,0,73,120,0,120,193
04/02/2002,JXN,MI,AGL,CE,Federal Contract Tower,0,0,10,0,10,0,0,0,0,0,0,0,10,0,10,4,0,4,14
04/03/2002,JXN,MI,AGL,CE,Federal Contract Tower,0,2,12,0,14,0,0,60,0,60,0,2,72,0,74,94,0,94,168
04/04/2002,JXN,MI,AGL,CE,Federal Contract Tower,0,0,35,0,35,0,0,75,8,83,0,0,110,8,118,126,0,126,244
04/05/2002,JXN,MI,AGL,CE,Federal Contract Tower,0,0,12,0,12,0,0,42,0,42,0,0,54,0,54,68,0,68,122
04/06/2002,JXN,MI,AGL,CE,Federal Contract Tower,0,2,29,0,31,0,0,212,2,214,0,2,241,2,245,44,0,44,289
04/07/2002,JXN,MI,AGL,CE,Federal Contract Tower,0,0,7,0,7,0,0,64,0,64,0,0,71,0,71,22,0,22,93
04/08/2002,JXN,MI,AGL,CE,Federal Contract Tower,0,4,31,0,35,0,0,14,0,14,0,4,45,0,49,18,0,18,67
04/09/2002,JXN,MI,AGL,CE,Federal Contract Tower,0,0,33,0,33,0,0,33,0,33,0,0,66,0,66,96,0,96,162
04/10/2002,JXN,MI,AGL,CE,Federal Contract Tower,0,2,20,4,26,0,0,182,2,184,0,2,202,6,210,88,0,88,298
04/11/2002,JXN,MI,AGL,CE,Federal Contract Tower,0,3,15,0,18,0,0,123,2,125,0,3,138,2,143,114,0,114,257
04/12/2002,JXN,MI,AGL,CE,Federal Contract Tower,0,0,6,0,6,0,0,40,0,40,0,0,46,0,46,102,0,102,148
04/13/2002,JXN,MI,AGL,CE,Federal Contract Tower,0,0,39,0,39,0,0,91,0,91,0,0,130,0,130,50,0,50,180
04/14/2002,JXN,MI,AGL,CE,Federal Contract Tower,0,0,21,0,21,0,0,27,0,27,0,0,48,0,48,50,0,50,98
04/15/2002,JXN,MI,AGL,CE,Federal Contract Tower,0,0,9,4,13,0,0,126,0,126,0,0,135,4,139,202,0,202,341
04/16/2002,JXN,MI,AGL,CE,Federal Contract Tower,0,2,20,0,22,0,0,67,0,67,0,2,87,0,89,106,0,106,195
04/17/2002,JXN,MI,AGL,CE,Federal Contract Tower,0,2,35,0,37,0,0,44,0,44,0,2,79,0,81,64,0,64,145
04/18/2002,JXN,MI,AGL,CE,Federal Contract Tower,0,0,27,0,27,0,0,94,0,94,0,0,121,0,121,128,0,128,249
04/19/2002,JXN,MI,AGL,CE,Federal Contract Tower,0,0,10,0,10,0,0,146,0,146,0,0,156,0,156,138,0,138,294
04/20/2002,JXN,MI,AGL,CE,Federal Contract Tower,0,0,19,0,19,0,0,133,0,133,0,0,152,0,152,100,0,100,252
04/21/2002,JXN,MI,AGL,CE,Federal Contract Tower,0,0,18,0,18,0,0,20,0,20,0,0,38,0,38,20,0,20,58
04/22/2002,JXN,MI,AGL,CE,Federal Contract Tower,0,0,7,0,7,0,0,45,0,45,0,0,52,0,52,120,0,120,172
04/23/2002,JXN,MI,AGL,CE,Federal Contract Tower,0,0,31,0,31,0,0,173,0,173,0,0,204,0,204,146,0,146,350
04/24/2002,JXN,MI,AGL,CE,Federal Contract Tower,0,0,34,0,34,0,0,41,0,41,0,0,75,0,75,26,0,26,101
04/25/2002,JXN,MI,AGL,CE,Federal Contract Tower,0,0,14,0,14,0,0,6,10,16,0,0,20,10,30,20,0,20,50
04/26/2002,JXN,MI,AGL,CE,Federal Contract Tower,0,0,28,0,28,0,0,133,0,133,0,0,161,0,161,108,0,108,269
04/27/2002,JXN,MI,AGL,CE,Federal Contract Tower,0,0,15,0,15,0,0,130,0,130,0,0,145,0,145,118,0,118,263
04/28/2002,JXN,MI,AGL,CE,Federal Contract Tower,0,0,10,0,10,0,0,0,0,0,0,0,10,0,10,0,0,0,10
04/29/2002,JXN,MI,AGL,CE,Federal Contract Tower,0,2,23,0,25,0,0,50,0,50,0,2,73,0,75,120,0,120,195
04/30/2002,JXN,MI,AGL,CE,Federal Contract Tower,0,2,12,0,14,0,0,57,0,57,0,2,69,0,71,104,0,104,175
05/01/2002,JXN,MI,AGL,CE,Federal Contract Tower,0,0,21,0,21,0,0,93,0,93,0,0,114,0,114,120,0,120,234
05/02/2002,JXN,MI,AGL,CE,Federal Contract Tower,0,2,28,0,30,0,16,28,0,44,0,18,56,0,74,56,0,56,130
05/03/2002,JXN,MI,AGL,CE,Federal Contract Tower,0,1,20,0,21,0,0,109,0,109,0,1,129,0,130,114,0,114,244
05/04/2002,JXN,MI,AGL,CE,Federal Contract Tower,0,2,12,0,14,0,0,211,0,211,0,2,223,0,225,96,0,96,321
05/05/2002,JXN,MI,AGL,CE,Federal Contract Tower,0,1,25,0,26,0,1,160,2,163,0,2,185,2,189,36,0,36,225
05/06/2002,JXN,MI,AGL,CE,Federal Contract Tower,0,4,23,0,27,0,0,0,0,0,0,4,23,0,27,24,0,24,51
05/07/2002,JXN,MI,AGL,CE,Federal Contract Tower,0,9,55,0,64,0,0,18,0,18,0,9,73,0,82,82,0,82,164
05/08/2002,JXN,MI,AGL,CE,Federal Contract Tower,0,0,25,0,25,0,0,14,0,14,0,0,39,0,39,38,0,38,77
05/09/2002,JXN,MI,AGL,CE,Federal Contract Tower,0,0,14,0,14,0,0,0,0,0,0,0,14,0,14,10,0,10,24
05/10/2002,JXN,MI,AGL,CE,Federal Contract Tower,0,1,15,1,17,0,0,27,3,30,0,1,42,4,47,40,0,40,87
05/11/2002,JXN,MI,AGL,CE,Federal Contract Tower,0,1,17,0,18,0,0,158,0,158,0,1,175,0,176,60,0,60,236
05/12/2002,JXN,MI,AGL,CE,Federal Contract Tower,0,3,2,0,5,0,0,2,0,2,0,3,4,0,7,0,0,0,7
05/13/2002,JXN,MI,AGL,CE,Federal Contract Tower,0,0,20,0,20,0,0,21,0,21,0,0,41,0,41,60,0,60,101
05/14/2002,JXN,MI,AGL,CE,Federal Contract Tower,0,3,18,0,21,0,0,68,0,68,0,3,86,0,89,86,0,86,175
05/15/2002,JXN,MI,AGL,CE,Federal Contract Tower,0,0,40,0,40,0,0,217,0,217,0,0,257,0,257,70,0,70,327
05/16/2002,JXN,MI,AGL,CE,Federal Contract Tower,0,0,29,0,29,0,0,36,0,36,0,0,65,0,65,86,0,86,151
05/17/2002,JXN,MI,AGL,CE,Federal Contract Tower,0,2,31,0,33,0,0,81,0,81,0,2,112,0,114,170,0,170,284
05/18/2002,JXN,MI,AGL,CE,Federal Contract Tower,0,0,42,0,42,0,0,46,0,46,0,0,88,0,88,64,0,64,152
05/19/2002,JXN,MI,AGL,CE,Federal Contract Tower,0,0,10,0,10,0,0,149,0,149,0,0,159,0,159,52,0,52,211
05/20/2002,JXN,MI,AGL,CE,Federal Contract Tower,0,5,12,0,17,0,0,92,0,92,0,5,104,0,109,164,0,164,273
05/21/2002,JXN,MI,AGL,CE,Federal Contract Tower,0,0,21,0,21,0,0,164,0,164,0,0,185,0,185,152,0,152,337
05/22/2002,JXN,MI,AGL,CE,Federal Contract Tower,0,0,4,0,4,0,0,146,4,150,0,0,150,4,154,102,0,102,256
05/23/2002,JXN,MI,AGL,CE,Federal Contract Tower,0,0,19,2,21,0,0,96,0,96,0,0,115,2,117,86,0,86,203
05/24/2002,JXN,MI,AGL,CE,Federal Contract Tower,0,4,33,3,40,0,0,72,0,72,0,4,105,3,112,54,0,54,166
05/25/2002,JXN,MI,AGL,CE,Federal Contract Tower,0,0,12,0,12,0,0,19,0,19,0,0,31,0,31,12,0,12,43
05/26/2002,JXN,MI,AGL,CE,Federal Contract Tower,0,0,34,0,34,0,0,285,0,285,0,0,319,0,319,14,0,14,333
05/27/2002,JXN,MI,AGL,CE,Federal Contract Tower,0,3,14,0,17,0,0,191,0,191,0,3,205,0,208,70,0,70,278
05/28/2002,JXN,MI,AGL,CE,Federal Contract Tower,0,0,19,0,19,0,0,76,0,76,0,0,95,0,95,100,0,100,195
05/29/2002,JXN,MI,AGL,CE,Federal Contract Tower,0,2,21,0,23,0,0,39,0,39,0,2,60,0,62,40,0,40,102
05/30/2002,JXN,MI,AGL,CE,Federal Contract Tower,0,0,11,0,11,0,0,33,0,33,0,0,44,0,44,78,0,78,122
05/31/2002,JXN,MI,AGL,CE,Federal Contract Tower,0,2,18,0,20,0,0,59,0,59,0,2,77,0,79,70,0,70,149
06/01/2002,JXN,MI,AGL,CE,Federal Contract Tower,0,0,9,0,9,0,0,239,0,239,0,0,248,0,248,32,0,32,280
06/02/2002,JXN,MI,AGL,CE,Federal Contract Tower,0,0,16,0,16,0,0,98,0,98,0,0,114,0,114,28,0,28,142
06/03/2002,JXN,MI,AGL,CE,Federal Contract Tower,0,2,21,0,23,0,0,31,0,31,0,2,52,0,54,66,0,66,120
06/04/2002,JXN,MI,AGL,CE,Federal Contract Tower,0,1,30,0,31,0,0,70,0,70,0,1,100,0,101,140,0,140,241
06/05/2002,JXN,MI,AGL,CE,Federal Contract Tower,0,0,29,0,29,0,0,0,0,0,0,0,29,0,29,48,0,48,77
06/06/2002,JXN,MI,AGL,CE,Federal Contract Tower,0,0,38,0,38,0,0,82,0,82,0,0,120,0,120,162,0,162,282
06/07/2002,JXN,MI,AGL,CE,Federal Contract Tower,0,0,33,0,33,0,0,119,0,119,0,0,152,0,152,106,2,108,260
06/08/2002,JXN,MI,AGL,CE,Federal Contract Tower,0,0,24,0,24,0,0,206,0,206,0,0,230,0,230,60,0,60,290
06/09/2002,JXN,MI,AGL,CE,Federal Contract Tower,0,0,20,0,20,0,0,130,0,130,0,0,150,0,150,20,0,20,170
06/10/2002,JXN,MI,AGL,CE,Federal Contract Tower,0,0,31,0,31,0,0,100,0,100,0,0,131,0,131,136,0,136,267
06/11/2002,JXN,MI,AGL,CE,Federal Contract Tower,0,9,20,0,29,0,0,64,0,64,0,9,84,0,93,36,0,36,129
06/12/2002,JXN,MI,AGL,CE,Federal Contract Tower,0,2,31,1,34,0,0,31,20,51,0,2,62,21,85,92,40,132,217
06/13/2002,JXN,MI,AGL,CE,Federal Contract Tower,0,3,60,0,63,0,0,54,3,57,0,3,114,3,120,200,0,200,320
06/14/2002,JXN,MI,AGL,CE,Federal Contract Tower,0,3,21,0,24,0,0,25,0,25,0,3,46,0,49,48,0,48,97
06/15/2002,JXN,MI,AGL,CE,Federal Contract Tower,0,2,16,0,18,0,0,14,6,20,0,2,30,6,38,0,0,0,38
06/16/2002,JXN,MI,AGL,CE,Federal Contract Tower,0,5,88,0,93,0,4,114,2,120,0,9,202,2,213,4,0,4,217
06/17/2002,JXN,MI,AGL,CE,Federal Contract Tower,0,0,27,0,27,0,0,91,0,91,0,0,118,0,118,186,0,186,304
06/18/2002,JXN,MI,AGL,CE,Federal Contract Tower,0,0,22,4,26,0,0,186,0,186,0,0,208,4,212,234,0,234,446
06/19/2002,JXN,MI,AGL,CE,Federal Contract Tower,0,5,31,0,36,0,0,111,4,115,0,5,142,4,151,162,0,162,313
06/20/2002,JXN,MI,AGL,CE,Federal Contract Tower,0,0,71,0,71,0,0,88,0,88,0,0,159,0,159,138,0,138,297
06/21/2002,JXN,MI,AGL,CE,Federal Contract Tower,0,4,26,0,30,0,0,33,0,33,0,4,59,0,63,38,0,38,101
06/22/2002,JXN,MI,AGL,CE,Federal Contract Tower,0,0,43,0,43,0,0,87,0,87,0,0,130,0,130,24,0,24,154
06/23/2002,JXN,MI,AGL,CE,Federal Contract Tower,0,0,28,0,28,0,0,79,0,79,0,0,107,0,107,6,0,6,113
06/24/2002,JXN,MI,AGL,CE,Federal Contract Tower,0,0,41,0,41,0,0,52,0,52,0,0,93,0,93,82,0,82,175
06/25/2002,JXN,MI,AGL,CE,Federal Contract Tower,0,7,30,2,39,0,0,98,0,98,0,7,128,2,137,140,0,140,277
06/26/2002,JXN,MI,AGL,CE,Federal Contract Tower,0,0,43,0,43,0,0,55,0,55,0,0,98,0,98,100,0,100,198
06/27/2002,JXN,MI,AGL,CE,Federal Contract Tower,0,1,70,0,71,0,0,58,0,58,0,1,128,0,129,116,0,116,245
06/28/2002,JXN,MI,AGL,CE,Federal Contract Tower,0,0,21,0,21,0,0,132,0,132,0,0,153,0,153,82,0,82,235
06/29/2002,JXN,MI,AGL,CE,Federal Contract Tower,0,0,14,0,14,0,0,157,0,157,0,0,171,0,171,48,0,48,219
06/30/2002,JXN,MI,AGL,CE,Federal Contract Tower,0,0,16,0,16,0,0,116,0,116,0,0,132,0,132,20,0,20,152
07/01/2002,JXN,MI,AGL,CE,Federal Contract Tower,0,0,10,0,10,0,0,75,0,75,0,0,85,0,85,130,0,130,215
07/02/2002,JXN,MI,AGL,CE,Federal Contract Tower,0,0,8,0,8,0,0,101,0,101,0,0,109,0,109,60,0,60,169
07/03/2002,JXN,MI,AGL,CE,Federal Contract Tower,0,1,15,0,16,0,1,76,0,77,0,2,91,0,93,100,2,102,195
07/04/2002,JXN,MI,AGL,CE,Federal Contract Tower,0,0,10,0,10,0,0,58,0,58,0,0,68,0,68,34,0,34,102
07/05/2002,JXN,MI,AGL,CE,Federal Contract Tower,0,0,10,0,10,0,0,199,0,199,0,0,209,0,209,28,0,28,237
07/06/2002,JXN,MI,AGL,CE,Federal Contract Tower,0,0,10,0,10,0,0,217,0,217,0,0,227,0,227,2,0,2,229
07/07/2002,JXN,MI,AGL,CE,Federal Contract Tower,0,1,10,0,11,0,1,251,0,252,0,2,261,0,263,12,0,12,275
07/08/2002,JXN,MI,AGL,CE,Federal Contract Tower,0,0,4,0,4,0,0,106,0,106,0,0,110,0,110,60,0,60,170
07/09/2002,JXN,MI,AGL,CE,Federal Contract Tower,0,0,31,0,31,0,0,31,0,31,0,0,62,0,62,40,0,40,102
07/10/2002,JXN,MI,AGL,CE,Federal Contract Tower,0,0,11,0,11,0,0,77,2,79,0,0,88,2,90,102,0,102,192
07/11/2002,JXN,MI,AGL,CE,Federal Contract Tower,0,0,25,0,25,0,0,76,0,76,0,0,101,0,101,68,0,68,169
07/12/2002,JXN,MI,AGL,CE,Federal Contract Tower,0,0,12,0,12,0,0,103,0,103,0,0,115,0,115,108,0,108,223
07/13/2002,JXN,MI,AGL,CE,Federal Contract Tower,0,0,21,0,21,0,0,189,0,189,0,0,210,0,210,64,0,64,274
07/14/2002,JXN,MI,AGL,CE,Federal Contract Tower,0,0,4,0,4,0,0,106,0,106,0,0,110,0,110,20,0,20,130
07/15/2002,JXN,MI,AGL,CE,Federal Contract Tower,0,0,29,0,29,0,0,81,1,82,0,0,110,1,111,118,0,118,229
07/16/2002,JXN,MI,AGL,CE,Federal Contract Tower,0,2,14,0,16,0,0,118,0,118,0,2,132,0,134,112,0,112,246
07/17/2002,JXN,MI,AGL,CE,Federal Contract Tower,0,4,22,0,26,0,0,81,0,81,0,4,103,0,107,136,4,140,247
07/18/2002,JXN,MI,AGL,CE,Federal Contract Tower,0,0,41,0,41,0,0,34,0,34,0,0,75,0,75,54,0,54,129
07/19/2002,JXN,MI,AGL,CE,Federal Contract Tower,0,0,27,0,27,0,0,20,0,20,0,0,47,0,47,18,0,18,65
07/20/2002,JXN,MI,AGL,CE,Federal Contract Tower,0,0,2,0,2,0,0,248,0,248,0,0,250,0,250,104,0,104,354
07/21/2002,JXN,MI,AGL,CE,Federal Contract Tower,0,0,9,0,9,0,0,175,0,175,0,0,184,0,184,84,0,84,268
07/22/2002,JXN,MI,AGL,CE,Federal Contract Tower,0,7,10,0,17,0,0,75,6,81,0,7,85,6,98,74,0,74,172
07/23/2002,JXN,MI,AGL,CE,Federal Contract Tower,0,2,23,2,27,0,0,174,0,174,0,2,197,2,201,220,0,220,421
07/24/2002,JXN,MI,AGL,CE,Federal Contract Tower,0,0,21,0,21,0,0,119,1,120,0,0,140,1,141,124,0,124,265
07/25/2002,JXN,MI,AGL,CE,Federal Contract Tower,0,0,38,0,38,0,0,86,4,90,0,0,124,4,128,104,0,104,232
07/26/2002,JXN,MI,AGL,CE,Federal Contract Tower,0,0,25,0,25,0,0,39,6,45,0,0,64,6,70,80,0,80,150
07/27/2002,JXN,MI,AGL,CE,Federal Contract Tower,0,0,46,0,46,0,0,26,0,26,0,0,72,0,72,0,0,0,72
07/28/2002,JXN,MI,AGL,CE,Federal Contract Tower,0,5,45,0,50,0,0,50,0,50,0,5,95,0,100,6,0,6,106
07/29/2002,JXN,MI,AGL,CE,Federal Contract Tower,0,0,22,0,22,0,0,51,0,51,0,0,73,0,73,108,0,108,181
07/30/2002,JXN,MI,AGL,CE,Federal Contract Tower,0,2,39,0,41,0,0,125,0,125,0,2,164,0,166,152,0,152,318
07/31/2002,JXN,MI,AGL,CE,Federal Contract Tower,0,4,22,0,26,0,0,106,6,112,0,4,128,6,138,116,0,116,254
08/01/2002,JXN,MI,AGL,CE,Federal Contract Tower,0,2,27,0,29,0,0,84,0,84,0,2,111,0,113,120,0,120,233
08/02/2002,JXN,MI,AGL,CE,Federal Contract Tower,0,2,18,0,20,0,0,98,0,98,0,2,116,0,118,90,0,90,208
08/03/2002,JXN,MI,AGL,CE,Federal Contract Tower,0,0,20,0,20,0,0,164,0,164,0,0,184,0,184,44,0,44,228
08/04/2002,JXN,MI,AGL,CE,Federal Contract Tower,0,2,14,0,16,0,0,51,0,51,0,2,65,0,67,8,0,8,75
08/05/2002,JXN,MI,AGL,CE,Federal Contract Tower,0,0,38,0,38,0,0,40,0,40,0,0,78,0,78,102,0,102,180
08/06/2002,JXN,MI,AGL,CE,Federal Contract Tower,0,1,44,0,45,0,0,107,0,107,0,1,151,0,152,114,0,114,266
08/07/2002,JXN,MI,AGL,CE,Federal Contract Tower,0,0,20,0,20,0,0,100,0,100,0,0,120,0,120,44,0,44,164
08/08/2002,JXN,MI,AGL,CE,Federal Contract Tower,0,0,19,0,19,0,0,74,0,74,0,0,93,0,93,40,0,40,133
08/09/2002,JXN,MI,AGL,CE,Federal Contract Tower,0,0,12,0,12,0,0,95,0,95,0,0,107,0,107,56,0,56,163
08/10/2002,JXN,MI,AGL,CE,Federal Contract Tower,0,0,20,0,20,0,0,130,0,130,0,0,150,0,150,80,0,80,230
08/11/2002,JXN,MI,AGL,CE,Federal Contract Tower,0,2,12,0,14,0,0,52,0,52,0,2,64,0,66,4,0,4,70
08/12/2002,JXN,MI,AGL,CE,Federal Contract Tower,0,2,26,0,28,0,0,44,0,44,0,2,70,0,72,126,0,126,198
08/13/2002,JXN,MI,AGL,CE,Federal Contract Tower,0,0,28,0,28,0,0,41,0,41,0,0,69,0,69,50,0,50,119
08/14/2002,JXN,MI,AGL,CE,Federal Contract Tower,0,0,22,0,22,0,0,8,0,8,0,0,30,0,30,4,0,4,34
08/15/2002,JXN,MI,AGL,CE,Federal Contract Tower,0,11,61,0,72,0,0,55,0,55,0,11,116,0,127,30,0,30,157
08/16/2002,JXN,MI,AGL,CE,Federal Contract Tower,0,2,15,0,17,0,0,17,0,17,0,2,32,0,34,28,0,28,62
08/17/2002,JXN,MI,AGL,CE,Federal Contract Tower,0,2,54,0,56,0,0,21,0,21,0,2,75,0,77,14,0,14,91
08/18/2002,JXN,MI,AGL,CE,Federal Contract Tower,0,6,65,0,71,0,14,131,0,145,0,20,196,0,216,2,0,2,218
08/19/2002,JXN,MI,AGL,CE,Federal Contract Tower,0,0,19,0,19,0,0,18,0,18,0,0,37,0,37,26,0,26,63
08/20/2002,JXN,MI,AGL,CE,Federal Contract Tower,0,0,28,0,28,0,0,139,0,139,0,0,167,0,167,122,0,122,289
08/21/2002,JXN,MI,AGL,CE,Federal Contract Tower,0,1,26,0,27,0,1,89,0,90,0,2,115,0,117,116,0,116,233
08/22/2002,JXN,MI,AGL,CE,Federal Contract Tower,0,2,16,0,18,0,2,1,0,3,0,4,17,0,21,36,0,36,57
08/23/2002,JXN,MI,AGL,CE,Federal Contract Tower,0,1,21,0,22,0,1,0,0,1,0,2,21,0,23,10,0,10,33
08/24/2002,JXN,MI,AGL,CE,Federal Contract Tower,0,2,41,0,43,0,0,32,0,32,0,2,73,0,75,88,0,88,163
08/25/2002,JXN,MI,AGL,CE,Federal Contract Tower,0,0,21,0,21,0,0,128,0,128,0,0,149,0,149,40,0,40,189
08/26/2002,JXN,MI,AGL,CE,Federal Contract Tower,0,0,15,0,15,0,0,144,0,144,0,0,159,0,159,160,0,160,319
08/27/2002,JXN,MI,AGL,CE,Federal Contract Tower,0,2,18,0,20,0,2,99,0,101,0,4,117,0,121,122,0,122,243
08/28/2002,JXN,MI,AGL,CE,Federal Contract Tower,0,1,18,0,19,0,0,128,0,128,0,1,146,0,147,184,0,184,331
08/29/2002,JXN,MI,AGL,CE,Federal Contract Tower,0,2,10,0,12,0,0,102,2,104,0,2,112,2,116,96,0,96,212
08/30/2002,JXN,MI,AGL,CE,Federal Contract Tower,0,0,11,0,11,0,0,78,0,78,0,0,89,0,89,72,0,72,161
08/31/2002,JXN,MI,AGL,CE,Federal Contract Tower,0,0,17,0,17,0,0,105,0,105,0,0,122,0,122,20,0,20,142
09/01/2002,JXN,MI,AGL,CE,Federal Contract Tower,0,0,15,0,15,0,0,131,0,131,0,0,146,0,146,24,0,24,170
09/02/2002,JXN,MI,AGL,CE,Federal Contract Tower,0,0,14,0,14,0,0,96,0,96,0,0,110,0,110,4,0,4,114
09/03/2002,JXN,MI,AGL,CE,Federal Contract Tower,0,4,19,0,23,0,0,91,0,91,0,4,110,0,114,180,0,180,294
09/04/2002,JXN,MI,AGL,CE,Federal Contract Tower,0,0,18,0,18,0,0,92,0,92,0,0,110,0,110,72,0,72,182
09/05/2002,JXN,MI,AGL,CE,Federal Contract Tower,0,0,18,0,18,0,0,84,2,86,0,0,102,2,104,108,0,108,212
09/06/2002,JXN,MI,AGL,CE,Federal Contract Tower,0,0,10,0,10,0,0,67,0,67,0,0,77,0,77,98,0,98,175
09/07/2002,JXN,MI,AGL,CE,Federal Contract Tower,0,0,18,0,18,0,0,143,0,143,0,0,161,0,161,70,0,70,231
09/08/2002,JXN,MI,AGL,CE,Federal Contract Tower,0,0,23,0,23,0,0,106,0,106,0,0,129,0,129,60,0,60,189
09/09/2002,JXN,MI,AGL,CE,Federal Contract Tower,0,2,17,0,19,0,0,73,0,73,0,2,90,0,92,96,0,96,188
09/10/2002,JXN,MI,AGL,CE,Federal Contract Tower,0,0,33,0,33,0,0,49,0,49,0,0,82,0,82,164,0,164,246
09/11/2002,JXN,MI,AGL,CE,Federal Contract Tower,0,0,16,0,16,0,0,98,0,98,0,0,114,0,114,120,0,120,234
09/12/2002,JXN,MI,AGL,CE,Federal Contract Tower,0,0,27,0,27,0,0,135,0,135,0,0,162,0,162,66,4,70,232
09/13/2002,JXN,MI,AGL,CE,Federal Contract Tower,0,2,15,0,17,0,0,95,2,97,0,2,110,2,114,82,0,82,196
09/14/2002,JXN,MI,AGL,CE,Federal Contract Tower,0,2,12,0,14,0,0,145,0,145,0,2,157,0,159,36,0,36,195
09/15/2002,JXN,MI,AGL,CE,Federal Contract Tower,0,2,6,0,8,0,0,30,0,30,0,2,36,0,38,8,0,8,46
09/16/2002,JXN,MI,AGL,CE,Federal Contract Tower,0,0,8,0,8,0,0,130,0,130,0,0,138,0,138,140,0,140,278
09/17/2002,JXN,MI,AGL,CE,Federal Contract Tower,0,3,37,0,40,0,0,159,0,159,0,3,196,0,199,140,0,140,339
09/18/2002,JXN,MI,AGL,CE,Federal Contract Tower,0,3,16,0,19,0,0,18,0,18,0,3,34,0,37,108,0,108,145
09/19/2002,JXN,MI,AGL,CE,Federal Contract Tower,0,3,12,0,15,0,0,46,0,46,0,3,58,0,61,120,0,120,181
09/20/2002,JXN,MI,AGL,CE,Federal Contract Tower,0,0,24,0,24,0,0,16,0,16,0,0,40,0,40,88,0,88,128
09/21/2002,JXN,MI,AGL,CE,Federal Contract Tower,0,0,24,0,24,0,0,101,0,101,0,0,125,0,125,48,0,48,173
09/22/2002,JXN,MI,AGL,CE,Federal Contract Tower,0,0,15,0,15,0,0,125,0,125,0,0,140,0,140,64,0,64,204
09/23/2002,JXN,MI,AGL,CE,Federal Contract Tower,0,3,28,0,31,0,0,142,0,142,0,3,170,0,173,134,0,134,307
09/24/2002,JXN,MI,AGL,CE,Federal Contract Tower,0,0,19,0,19,0,0,115,0,115,0,0,134,0,134,94,0,94,228
09/25/2002,JXN,MI,AGL,CE,Federal Contract Tower,0,5,28,0,33,0,0,170,0,170,0,5,198,0,203,130,0,130,333
09/26/2002,JXN,MI,AGL,CE,Federal Contract Tower,0,0,27,0,27,0,0,113,0,113,0,0,140,0,140,110,0,110,250
09/27/2002,JXN,MI,AGL,CE,Federal Contract Tower,0,0,17,0,17,0,0,25,0,25,0,0,42,0,42,148,0,148,190
09/28/2002,JXN,MI,AGL,CE,Federal Contract Tower,0,0,18,0,18,0,0,235,0,235,0,0,253,0,253,66,0,66,319
09/29/2002,JXN,MI,AGL,CE,Federal Contract Tower,0,0,21,0,21,0,0,88,0,88,0,0,109,0,109,44,0,44,153
09/30/2002,JXN,MI,AGL,CE,Federal Contract Tower,0,0,33,0,33,0,0,108,0,108,0,0,141,0,141,208,0,208,349
10/01/2002,JXN,MI,AGL,CE,Federal Contract Tower,0,0,4,0,4,0,0,64,0,64,0,0,68,0,68,106,0,106,174
10/02/2002,JXN,MI,AGL,CE,Federal Contract Tower,0,0,40,0,40,0,0,22,0,22,0,0,62,0,62,72,0,72,134
10/03/2002,JXN,MI,AGL,CE,Federal Contract Tower,0,3,40,0,43,0,1,0,0,1,0,4,40,0,44,0,0,0,44
10/04/2002,JXN,MI,AGL,CE,Federal Contract Tower,0,2,1,0,3,0,0,13,0,13,0,2,14,0,16,32,0,32,48
10/05/2002,JXN,MI,AGL,CE,Federal Contract Tower,0,2,28,0,30,0,0,153,0,153,0,2,181,0,183,42,0,42,225
10/06/2002,JXN,MI,AGL,CE,Federal Contract Tower,0,0,11,0,11,0,0,144,0,144,0,0,155,0,155,0,0,0,155
10/07/2002,JXN,MI,AGL,CE,Federal Contract Tower,0,6,23,0,29,0,0,110,0,110,0,6,133,0,139,106,0,106,245
10/08/2002,JXN,MI,AGL,CE,Federal Contract Tower,0,0,17,0,17,0,2,104,0,106,0,2,121,0,123,128,0,128,251
10/09/2002,JXN,MI,AGL,CE,Federal Contract Tower,0,1,18,0,19,0,0,180,0,180,0,1,198,0,199,124,0,124,323
10/10/2002,JXN,MI,AGL,CE,Federal Contract Tower,0,0,26,0,26,0,0,119,0,119,0,0,145,0,145,186,0,186,331
10/11/2002,JXN,MI,AGL,CE,Federal Contract Tower,0,1,17,0,18,0,1,140,6,147,0,2,157,6,165,136,28,164,329
10/12/2002,JXN,MI,AGL,CE,Federal Contract Tower,0,1,25,1,27,0,1,50,0,51,0,2,75,1,78,0,0,0,78
10/13/2002,JXN,MI,AGL,CE,Federal Contract Tower,0,0,8,0,8,0,0,59,0,59,0,0,67,0,67,32,0,32,99
10/14/2002,JXN,MI,AGL,CE,Federal Contract Tower,0,0,23,0,23,0,0,167,0,167,0,0,190,0,190,184,0,184,374
10/15/2002,JXN,MI,AGL,CE,Federal Contract Tower,0,3,16,0,19,0,0,147,0,147,0,3,163,0,166,146,0,146,312
10/16/2002,JXN,MI,AGL,CE,Federal Contract Tower,0,1,28,0,29,0,0,76,2,78,0,1,104,2,107,120,0,120,227
10/17/2002,JXN,MI,AGL,CE,Federal Contract Tower,0,3,16,0,19,0,0,85,0,85,0,3,101,0,104,96,0,96,200
10/18/2002,JXN,MI,AGL,CE,Federal Contract Tower,0,2,23,4,29,0,0,25,0,25,0,2,48,4,54,24,0,24,78
10/19/2002,JXN,MI,AGL,CE,Federal Contract Tower,0,2,22,0,24,0,0,65,0,65,0,2,87,0,89,46,0,46,135
10/20/2002,JXN,MI,AGL,CE,Federal Contract Tower,0,2,16,0,18,0,0,169,0,169,0,2,185,0,187,60,0,60,247
10/21/2002,JXN,MI,AGL,CE,Federal Contract Tower,0,0,9,0,9,0,0,95,0,95,0,0,104,0,104,142,0,142,246
10/22/2002,JXN,MI,AGL,CE,Federal Contract Tower,0,2,28,0,30,0,0,45,0,45,0,2,73,0,75,140,0,140,215
10/23/2002,JXN,MI,AGL,CE,Federal Contract Tower,0,4,41,0,45,0,0,69,0,69,0,4,110,0,114,86,0,86,200
10/24/2002,JXN,MI,AGL,CE,Federal Contract Tower,0,0,16,2,18,0,0,102,1,103,0,0,118,3,121,104,0,104,225
10/25/2002,JXN,MI,AGL,CE,Federal Contract Tower,0,0,11,0,11,0,0,9,0,9,0,0,20,0,20,0,0,0,20
10/26/2002,JXN,MI,AGL,CE,Federal Contract Tower,0,2,20,0,22,0,0,3,0,3,0,2,23,0,25,0,0,0,25
10/27/2002,JXN,MI,AGL,CE,Federal Contract Tower,0,1,8,0,9,0,0,311,0,311,0,1,319,0,320,44,0,44,364
10/28/2002,JXN,MI,AGL,CE,Federal Contract Tower,0,2,6,0,8,0,0,93,0,93,0,2,99,0,101,146,0,146,247
10/29/2002,JXN,MI,AGL,CE,Federal Contract Tower,0,0,20,0,20,0,0,78,2,80,0,0,98,2,100,96,0,96,196
10/30/2002,JXN,MI,AGL,CE,Federal Contract Tower,0,0,10,0,10,0,0,154,4,158,0,0,164,4,168,186,0,186,354
10/31/2002,JXN,MI,AGL,CE,Federal Contract Tower,0,0,10,0,10,0,0,75,0,75,0,0,85,0,85,140,0,140,225
11/01/2002,JXN,MI,AGL,CE,Federal Contract Tower,0,2,20,0,22,0,0,40,0,40,0,2,60,0,62,20,0,20,82
11/02/2002,JXN,MI,AGL,CE,Federal Contract Tower,0,0,28,0,28,0,0,82,0,82,0,0,110,0,110,26,0,26,136
11/03/2002,JXN,MI,AGL,CE,Federal Contract Tower,0,0,9,0,9,0,0,201,0,201,0,0,210,0,210,60,0,60,270
11/04/2002,JXN,MI,AGL,CE,Federal Contract Tower,0,2,21,0,23,0,2,57,0,59,0,4,78,0,82,176,0,176,258
11/05/2002,JXN,MI,AGL,CE,Federal Contract Tower,0,0,16,0,16,0,0,51,0,51,0,0,67,0,67,124,0,124,191
11/06/2002,JXN,MI,AGL,CE,Federal Contract Tower,0,0,18,0,18,0,0,34,0,34,0,0,52,0,52,130,0,130,182
11/07/2002,JXN,MI,AGL,CE,Federal Contract Tower,0,0,28,0,28,0,0,93,0,93,0,0,121,0,121,176,0,176,297
11/08/2002,JXN,MI,AGL,CE,Federal Contract Tower,0,2,14,0,16,0,0,54,0,54,0,2,68,0,70,40,0,40,110
11/09/2002,JXN,MI,AGL,CE,Federal Contract Tower,0,0,5,0,5,0,0,104,0,104,0,0,109,0,109,44,0,44,153
11/10/2002,JXN,MI,AGL,CE,Federal Contract Tower,0,0,12,0,12,0,0,4,0,4,0,0,16,0,16,2,0,2,18
11/11/2002,JXN,MI,AGL,CE,Federal Contract Tower,0,0,30,0,30,0,0,59,0,59,0,0,89,0,89,130,0,130,219
11/12/2002,JXN,MI,AGL,CE,Federal Contract Tower,0,3,20,0,23,0,0,90,0,90,0,3,110,0,113,140,0,140,253
11/13/2002,JXN,MI,AGL,CE,Federal Contract Tower,0,0,35,0,35,0,0,99,2,101,0,0,134,2,136,204,0,204,340
11/14/2002,JXN,MI,AGL,CE,Federal Contract Tower,0,0,13,0,13,0,0,52,0,52,0,0,65,0,65,90,0,90,155
11/15/2002,JXN,MI,AGL,CE,Federal Contract Tower,0,0,16,0,16,0,0,81,0,81,0,0,97,0,97,122,0,122,219
11/16/2002,JXN,MI,AGL,CE,Federal Contract Tower,0,0,22,0,22,0,0,81,0,81,0,0,103,0,103,30,0,30,133
11/17/2002,JXN,MI,AGL,CE,Federal Contract Tower,0,0,4,0,4,0,0,26,0,26,0,0,30,0,30,0,0,0,30
11/18/2002,JXN,MI,AGL,CE,Federal Contract Tower,0,3,28,0,31,0,0,67,0,67,0,3,95,0,98,124,0,124,222
11/19/2002,JXN,MI,AGL,CE,Federal Contract Tower,0,0,27,0,27,0,0,93,24,117,0,0,120,24,144,128,0,128,272
11/20/2002,JXN,MI,AGL,CE,Federal Contract Tower,0,5,15,0,20,0,0,137,0,137,0,5,152,0,157,140,0,140,297
11/21/2002,JXN,MI,AGL,CE,Federal Contract Tower,0,0,22,0,22,0,0,41,0,41,0,0,63,0,63,132,0,132,195
11/22/2002,JXN,MI,AGL,CE,Federal Contract Tower,0,4,12,0,16,0,0,37,0,37,0,4,49,0,53,68,0,68,121
11/23/2002,JXN,MI,AGL,CE,Federal Contract Tower,0,0,7,0,7,0,0,156,0,156,0,0,163,0,163,116,0,116,279
11/24/2002,JXN,MI,AGL,CE,Federal Contract Tower,0,0,5,0,5,0,0,153,0,153,0,0,158,0,158,88,0,88,246
11/25/2002,JXN,MI,AGL,CE,Federal Contract Tower,0,2,30,0,32,0,0,74,0,74,0,2,104,0,106,160,0,160,266
11/26/2002,JXN,MI,AGL,CE,Federal Contract Tower,0,0,17,0,17,0,0,84,0,84,0,0,101,0,101,164,0,164,265
11/27/2002,JXN,MI,AGL,CE,Federal Contract Tower,0,2,25,0,27,0,0,95,0,95,0,2,120,0,122,40,0,40,162
11/28/2002,JXN,MI,AGL,CE,Federal Contract Tower,0,0,4,0,4,0,0,16,0,16,0,0,20,0,20,0,0,0,20
11/29/2002,JXN,MI,AGL,CE,Federal Contract Tower,0,0,3,0,3,0,0,35,0,35,0,0,38,0,38,10,0,10,48
11/30/2002,JXN,MI,AGL,CE,Federal Contract Tower,0,0,0,0,0,0,0,0,0,0,0,0,0,0,0,0,0,0,0
12/01/2002,JXN,MI,AGL,CE,Federal Contract Tower,0,0,9,0,9,0,0,59,0,59,0,0,68,0,68,26,0,26,94
12/02/2002,JXN,MI,AGL,CE,Federal Contract Tower,0,4,3,0,7,0,0,2,0,2,0,4,5,0,9,0,0,0,9
12/03/2002,JXN,MI,AGL,CE,Federal Contract Tower,0,2,9,0,11,0,0,74,1,75,0,2,83,1,86,60,0,60,146
12/04/2002,JXN,MI,AGL,CE,Federal Contract Tower,0,0,16,0,16,0,0,71,0,71,0,0,87,0,87,106,0,106,193
12/05/2002,JXN,MI,AGL,CE,Federal Contract Tower,0,2,13,0,15,0,0,72,0,72,0,2,85,0,87,54,0,54,141
12/06/2002,JXN,MI,AGL,CE,Federal Contract Tower,0,0,10,0,10,0,0,63,0,63,0,0,73,0,73,132,0,132,205
12/07/2002,JXN,MI,AGL,CE,Federal Contract Tower,0,0,10,0,10,0,0,43,0,43,0,0,53,0,53,96,0,96,149
12/08/2002,JXN,MI,AGL,CE,Federal Contract Tower,0,1,15,0,16,0,1,88,0,89,0,2,103,0,105,50,0,50,155
12/09/2002,JXN,MI,AGL,CE,Federal Contract Tower,0,2,8,0,10,0,0,102,0,102,0,2,110,0,112,68,0,68,180
12/10/2002,JXN,MI,AGL,CE,Federal Contract Tower,0,0,10,1,11,0,0,151,3,154,0,0,161,4,165,192,0,192,357
12/11/2002,JXN,MI,AGL,CE,Federal Contract Tower,0,0,24,0,24,0,0,76,0,76,0,0,100,0,100,168,0,168,268
12/12/2002,JXN,MI,AGL,CE,Federal Contract Tower,0,2,25,0,27,0,0,126,0,126,0,2,151,0,153,106,0,106,259
12/13/2002,JXN,MI,AGL,CE,Federal Contract Tower,0,2,23,0,25,0,0,3,0,3,0,2,26,0,28,88,0,88,116
12/14/2002,JXN,MI,AGL,CE,Federal Contract Tower,0,0,18,0,18,0,0,62,0,62,0,0,80,0,80,52,0,52,132
12/15/2002,JXN,MI,AGL,CE,Federal Contract Tower,0,0,18,0,18,0,0,123,0,123,0,0,141,0,141,54,0,54,195
12/16/2002,JXN,MI,AGL,CE,Federal Contract Tower,0,3,10,0,13,0,0,86,0,86,0,3,96,0,99,128,0,128,227
12/17/2002,JXN,MI,AGL,CE,Federal Contract Tower,0,0,24,0,24,0,0,54,0,54,0,0,78,0,78,122,0,122,200
12/18/2002,JXN,MI,AGL,CE,Federal Contract Tower,0,0,3,0,3,0,0,17,0,17,0,0,20,0,20,16,0,16,36
12/19/2002,JXN,MI,AGL,CE,Federal Contract Tower,0,0,19,0,19,0,0,6,0,6,0,0,25,0,25,0,0,0,25
12/20/2002,JXN,MI,AGL,CE,Federal Contract Tower,0,0,5,0,5,0,0,6,0,6,0,0,11,0,11,0,0,0,11
12/21/2002,JXN,MI,AGL,CE,Federal Contract Tower,0,0,1,0,1,0,0,11,0,11,0,0,12,0,12,0,0,0,12
12/22/2002,JXN,MI,AGL,CE,Federal Contract Tower,0,0,17,0,17,0,0,10,0,10,0,0,27,0,27,16,0,16,43
12/23/2002,JXN,MI,AGL,CE,Federal Contract Tower,0,0,0,0,0,0,0,32,0,32,0,0,32,0,32,28,0,28,60
12/24/2002,JXN,MI,AGL,CE,Federal Contract Tower,0,2,8,0,10,0,0,57,0,57,0,2,65,0,67,58,0,58,125
12/25/2002,JXN,MI,AGL,CE,Federal Contract Tower,0,0,4,0,4,0,0,2,0,2,0,0,6,0,6,0,0,0,6
12/26/2002,JXN,MI,AGL,CE,Federal Contract Tower,0,0,2,0,2,0,0,25,0,25,0,0,27,0,27,88,0,88,115
12/27/2002,JXN,MI,AGL,CE,Federal Contract Tower,0,0,9,0,9,0,0,56,0,56,0,0,65,0,65,60,0,60,125
12/28/2002,JXN,MI,AGL,CE,Federal Contract Tower,0,0,8,0,8,0,0,2,0,2,0,0,10,0,10,22,0,22,32
12/29/2002,JXN,MI,AGL,CE,Federal Contract Tower,0,0,4,0,4,0,0,39,0,39,0,0,43,0,43,4,0,4,47
12/30/2002,JXN,MI,AGL,CE,Federal Contract Tower,0,0,0,0,0,0,0,0,0,0,0,0,0,0,0,0,0,0,0
12/31/2002,JXN,MI,AGL,CE,Federal Contract Tower,0,0,10,0,10,0,0,66,0,66,0,0,76,0,76,20,0,20,96
01/01/2003,JXN,MI,AGL,CE,Federal Contract Tower,0,0,10,0,10,0,0,36,0,36,0,0,46,0,46,12,0,12,58
01/02/2003,JXN,MI,AGL,CE,Federal Contract Tower,0,0,6,0,6,0,0,22,0,22,0,0,28,0,28,28,0,28,56
01/03/2003,JXN,MI,AGL,CE,Federal Contract Tower,0,0,13,0,13,0,0,21,0,21,0,0,34,0,34,78,0,78,112
01/04/2003,JXN,MI,AGL,CE,Federal Contract Tower,0,2,23,0,25,0,0,197,0,197,0,2,220,0,222,60,0,60,282
01/05/2003,JXN,MI,AGL,CE,Federal Contract Tower,0,0,14,0,14,0,0,1,0,1,0,0,15,0,15,0,0,0,15
01/06/2003,JXN,MI,AGL,CE,Federal Contract Tower,0,0,8,0,8,0,0,1,0,1,0,0,9,0,9,0,0,0,9
01/07/2003,JXN,MI,AGL,CE,Federal Contract Tower,0,3,9,0,12,0,0,11,0,11,0,3,20,0,23,2,0,2,25
01/08/2003,JXN,MI,AGL,CE,Federal Contract Tower,0,0,21,0,21,0,0,103,2,105,0,0,124,2,126,64,0,64,190
01/09/2003,JXN,MI,AGL,CE,Federal Contract Tower,0,0,18,0,18,0,0,36,0,36,0,0,54,0,54,70,0,70,124
01/10/2003,JXN,MI,AGL,CE,Federal Contract Tower,0,0,9,0,9,0,0,3,0,3,0,0,12,0,12,0,0,0,12
01/11/2003,JXN,MI,AGL,CE,Federal Contract Tower,0,0,31,0,31,0,0,0,0,0,0,0,31,0,31,0,0,0,31
01/12/2003,JXN,MI,AGL,CE,Federal Contract Tower,0,1,24,2,27,0,0,76,0,76,0,1,100,2,103,16,0,16,119
01/13/2003,JXN,MI,AGL,CE,Federal Contract Tower,0,0,6,0,6,0,0,38,0,38,0,0,44,0,44,16,0,16,60
01/14/2003,JXN,MI,AGL,CE,Federal Contract Tower,0,2,40,0,42,0,0,45,0,45,0,2,85,0,87,78,0,78,165
01/15/2003,JXN,MI,AGL,CE,Federal Contract Tower,0,4,31,6,41,0,0,14,0,14,0,4,45,6,55,60,0,60,115
01/16/2003,JXN,MI,AGL,CE,Federal Contract Tower,0,0,19,0,19,0,2,72,6,80,0,2,91,6,99,90,0,90,189
01/17/2003,JXN,MI,AGL,CE,Federal Contract Tower,0,0,17,0,17,0,0,76,0,76,0,0,93,0,93,36,0,36,129
01/18/2003,JXN,MI,AGL,CE,Federal Contract Tower,0,2,21,0,23,0,0,55,0,55,0,2,76,0,78,20,0,20,98
01/19/2003,JXN,MI,AGL,CE,Federal Contract Tower,0,0,14,0,14,0,0,38,0,38,0,0,52,0,52,14,0,14,66
01/20/2003,JXN,MI,AGL,CE,Federal Contract Tower,0,0,16,0,16,0,0,83,0,83,0,0,99,0,99,68,0,68,167
01/21/2003,JXN,MI,AGL,CE,Federal Contract Tower,0,2,26,0,28,0,0,113,0,113,0,2,139,0,141,50,0,50,191
01/22/2003,JXN,MI,AGL,CE,Federal Contract Tower,0,4,22,0,26,0,0,52,0,52,0,4,74,0,78,100,0,100,178
01/23/2003,JXN,MI,AGL,CE,Federal Contract Tower,0,0,9,0,9,0,0,5,0,5,0,0,14,0,14,0,0,0,14
01/24/2003,JXN,MI,AGL,CE,Federal Contract Tower,0,1,28,0,29,0,1,55,2,58,0,2,83,2,87,80,0,80,167
01/25/2003,JXN,MI,AGL,CE,Federal Contract Tower,0,2,21,0,23,0,0,17,0,17,0,2,38,0,40,24,0,24,64
01/26/2003,JXN,MI,AGL,CE,Federal Contract Tower,0,0,14,0,14,0,0,31,0,31,0,0,45,0,45,40,0,40,85
01/27/2003,JXN,MI,AGL,CE,Federal Contract Tower,0,0,15,4,19,0,0,60,0,60,0,0,75,4,79,108,0,108,187
01/28/2003,JXN,MI,AGL,CE,Federal Contract Tower,0,0,18,0,18,0,0,92,0,92,0,0,110,0,110,80,0,80,190
01/29/2003,JXN,MI,AGL,CE,Federal Contract Tower,0,0,18,0,18,0,0,89,2,91,0,0,107,2,109,148,0,148,257
01/30/2003,JXN,MI,AGL,CE,Federal Contract Tower,0,0,55,2,57,0,0,112,0,112,0,0,167,2,169,160,0,160,329
01/31/2003,JXN,MI,AGL,CE,Federal Contract Tower,0,0,4,0,4,0,0,16,0,16,0,0,20,0,20,22,0,22,42
02/01/2003,JXN,MI,AGL,CE,Federal Contract Tower,0,0,3,0,3,0,0,26,0,26,0,0,29,0,29,29,0,29,58
02/02/2003,JXN,MI,AGL,CE,Federal Contract Tower,0,0,7,0,7,0,0,0,0,0,0,0,7,0,7,0,0,0,7
02/03/2003,JXN,MI,AGL,CE,Federal Contract Tower,0,0,2,0,2,0,0,2,0,2,0,0,4,0,4,0,0,0,4
02/04/2003,JXN,MI,AGL,CE,Federal Contract Tower,0,0,0,0,0,0,0,0,0,0,0,0,0,0,0,0,0,0,0
02/05/2003,JXN,MI,AGL,CE,Federal Contract Tower,0,2,28,0,30,0,0,47,0,47,0,2,75,0,77,120,0,120,197
02/06/2003,JXN,MI,AGL,CE,Federal Contract Tower,0,2,18,0,20,0,0,42,0,42,0,2,60,0,62,160,0,160,222
02/07/2003,JXN,MI,AGL,CE,Federal Contract Tower,0,0,25,0,25,0,0,75,2,77,0,0,100,2,102,50,0,50,152
02/08/2003,JXN,MI,AGL,CE,Federal Contract Tower,0,0,28,0,28,0,0,110,6,116,0,0,138,6,144,44,0,44,188
02/09/2003,JXN,MI,AGL,CE,Federal Contract Tower,0,4,23,0,27,0,0,208,0,208,0,4,231,0,235,22,0,22,257
02/10/2003,JXN,MI,AGL,CE,Federal Contract Tower,0,2,9,0,11,0,0,21,0,21,0,2,30,0,32,30,0,30,62
02/11/2003,JXN,MI,AGL,CE,Federal Contract Tower,0,0,8,0,8,0,0,52,0,52,0,0,60,0,60,88,0,88,148
02/12/2003,JXN,MI,AGL,CE,Federal Contract Tower,0,2,6,0,8,0,0,30,0,30,0,2,36,0,38,70,0,70,108
02/13/2003,JXN,MI,AGL,CE,Federal Contract Tower,0,0,16,0,16,0,0,79,2,81,0,0,95,2,97,24,0,24,121
02/14/2003,JXN,MI,AGL,CE,Federal Contract Tower,0,0,28,0,28,0,0,92,0,92,0,0,120,0,120,70,0,70,190
02/15/2003,JXN,MI,AGL,CE,Federal Contract Tower,0,0,23,0,23,0,0,78,0,78,0,0,101,0,101,56,0,56,157
02/16/2003,JXN,MI,AGL,CE,Federal Contract Tower,0,0,7,0,7,0,0,87,0,87,0,0,94,0,94,64,0,64,158
02/17/2003,JXN,MI,AGL,CE,Federal Contract Tower,0,2,4,0,6,0,0,23,0,23,0,2,27,0,29,156,0,156,185
02/18/2003,JXN,MI,AGL,CE,Federal Contract Tower,0,2,9,0,11,0,0,11,0,11,0,2,20,0,22,0,0,0,22
02/19/2003,JXN,MI,AGL,CE,Federal Contract Tower,0,0,35,0,35,0,0,113,0,113,0,0,148,0,148,96,0,96,244
02/20/2003,JXN,MI,AGL,CE,Federal Contract Tower,0,0,50,10,60,0,0,170,0,170,0,0,220,10,230,122,0,122,352
02/21/2003,JXN,MI,AGL,CE,Federal Contract Tower,0,0,41,4,45,0,0,124,0,124,0,0,165,4,169,80,0,80,249
02/22/2003,JXN,MI,AGL,CE,Federal Contract Tower,0,0,10,0,10,0,0,22,0,22,0,0,32,0,32,42,0,42,74
02/23/2003,JXN,MI,AGL,CE,Federal Contract Tower,0,2,11,0,13,0,0,36,0,36,0,2,47,0,49,10,0,10,59
02/24/2003,JXN,MI,AGL,CE,Federal Contract Tower,0,4,11,0,15,0,0,5,0,5,0,4,16,0,20,8,0,8,28
02/25/2003,JXN,MI,AGL,CE,Federal Contract Tower,0,0,33,4,37,0,0,94,0,94,0,0,127,4,131,120,0,120,251
02/26/2003,JXN,MI,AGL,CE,Federal Contract Tower,0,0,35,4,39,0,0,70,2,72,0,0,105,6,111,102,0,102,213
02/27/2003,JXN,MI,AGL,CE,Federal Contract Tower,0,4,26,0,30,0,2,79,0,81,0,6,105,0,111,100,0,100,211
02/28/2003,JXN,MI,AGL,CE,Federal Contract Tower,0,0,20,0,20,0,0,145,0,145,0,0,165,0,165,110,0,110,275
03/01/2003,JXN,MI,AGL,CE,Federal Contract Tower,0,0,35,0,35,0,0,72,0,72,0,0,107,0,107,84,0,84,191
03/02/2003,JXN,MI,AGL,CE,Federal Contract Tower,0,0,15,0,15,0,0,0,0,0,0,0,15,0,15,22,0,22,37
03/03/2003,JXN,MI,AGL,CE,Federal Contract Tower,0,0,9,0,9,0,0,71,0,71,0,0,80,0,80,60,0,60,140
03/04/2003,JXN,MI,AGL,CE,Federal Contract Tower,0,0,17,0,17,0,0,26,0,26,0,0,43,0,43,90,0,90,133
03/05/2003,JXN,MI,AGL,CE,Federal Contract Tower,0,2,4,0,6,0,0,47,0,47,0,2,51,0,53,14,0,14,67
03/06/2003,JXN,MI,AGL,CE,Federal Contract Tower,0,0,26,0,26,0,0,69,0,69,0,0,95,0,95,102,0,102,197
03/07/2003,JXN,MI,AGL,CE,Federal Contract Tower,0,0,30,0,30,0,0,46,0,46,0,0,76,0,76,74,0,74,150
03/08/2003,JXN,MI,AGL,CE,Federal Contract Tower,0,0,15,0,15,0,0,17,0,17,0,0,32,0,32,48,0,48,80
03/09/2003,JXN,MI,AGL,CE,Federal Contract Tower,0,0,18,0,18,0,0,50,0,50,0,0,68,0,68,16,0,16,84
03/10/2003,JXN,MI,AGL,CE,Federal Contract Tower,0,0,27,0,27,0,0,72,0,72,0,0,99,0,99,104,0,104,203
03/11/2003,JXN,MI,AGL,CE,Federal Contract Tower,0,0,28,0,28,0,0,37,0,37,0,0,65,0,65,80,0,80,145
03/12/2003,JXN,MI,AGL,CE,Federal Contract Tower,0,0,19,0,19,0,0,42,0,42,0,0,61,0,61,208,0,208,269
03/13/2003,JXN,MI,AGL,CE,Federal Contract Tower,0,0,27,0,27,0,0,73,0,73,0,0,100,0,100,116,0,116,216
03/14/2003,JXN,MI,AGL,CE,Federal Contract Tower,0,0,21,0,21,0,0,185,0,185,0,0,206,0,206,138,0,138,344
03/15/2003,JXN,MI,AGL,CE,Federal Contract Tower,0,0,55,0,55,0,0,329,0,329,0,0,384,0,384,96,0,96,480
03/16/2003,JXN,MI,AGL,CE,Federal Contract Tower,0,0,60,0,60,0,0,120,0,120,0,0,180,0,180,80,0,80,260
03/17/2003,JXN,MI,AGL,CE,Federal Contract Tower,0,2,23,0,25,0,0,78,0,78,0,2,101,0,103,102,0,102,205
03/18/2003,JXN,MI,AGL,CE,Federal Contract Tower,0,0,29,0,29,0,0,17,0,17,0,0,46,0,46,70,0,70,116
03/19/2003,JXN,MI,AGL,CE,Federal Contract Tower,0,0,33,0,33,0,0,33,0,33,0,0,66,0,66,126,0,126,192
03/20/2003,JXN,MI,AGL,CE,Federal Contract Tower,0,0,27,0,27,0,0,71,0,71,0,0,98,0,98,80,0,80,178
03/21/2003,JXN,MI,AGL,CE,Federal Contract Tower,0,0,19,0,19,0,0,21,0,21,0,0,40,0,40,60,0,60,100
03/22/2003,JXN,MI,AGL,CE,Federal Contract Tower,0,0,14,0,14,0,0,64,0,64,0,0,78,0,78,80,0,80,158
03/23/2003,JXN,MI,AGL,CE,Federal Contract Tower,0,0,71,0,71,0,0,161,0,161,0,0,232,0,232,80,0,80,312
03/24/2003,JXN,MI,AGL,CE,Federal Contract Tower,0,0,20,0,20,0,0,92,0,92,0,0,112,0,112,116,0,116,228
03/25/2003,JXN,MI,AGL,CE,Federal Contract Tower,0,0,35,0,35,0,0,85,0,85,0,0,120,0,120,90,5,95,215
03/26/2003,JXN,MI,AGL,CE,Federal Contract Tower,0,0,40,0,40,0,0,108,8,116,0,0,148,8,156,174,4,178,334
03/27/2003,JXN,MI,AGL,CE,Federal Contract Tower,0,0,43,10,53,0,0,85,2,87,0,0,128,12,140,156,6,162,302
03/28/2003,JXN,MI,AGL,CE,Federal Contract Tower,0,0,4,0,4,0,0,23,0,23,0,0,27,0,27,0,0,0,27
03/29/2003,JXN,MI,AGL,CE,Federal Contract Tower,0,0,2,0,2,0,0,58,0,58,0,0,60,0,60,50,0,50,110
03/30/2003,JXN,MI,AGL,CE,Federal Contract Tower,0,0,26,0,26,0,0,134,0,134,0,0,160,0,160,20,0,20,180
03/31/2003,JXN,MI,AGL,CE,Federal Contract Tower,0,0,36,0,36,0,0,76,0,76,0,0,112,0,112,162,0,162,274
04/01/2003,JXN,MI,AGL,CE,Federal Contract Tower,0,1,8,0,9,0,0,67,2,69,0,1,75,2,78,44,0,44,122
04/02/2003,JXN,MI,AGL,CE,Federal Contract Tower,0,0,26,0,26,0,0,78,0,78,0,0,104,0,104,164,0,164,268
04/03/2003,JXN,MI,AGL,CE,Federal Contract Tower,0,0,14,0,14,0,0,1,0,1,0,0,15,0,15,6,0,6,21
04/04/2003,JXN,MI,AGL,CE,Federal Contract Tower,0,0,3,0,3,0,0,0,0,0,0,0,3,0,3,0,0,0,3
04/05/2003,JXN,MI,AGL,CE,Federal Contract Tower,0,0,0,0,0,0,0,11,0,11,0,0,11,0,11,0,0,0,11
04/06/2003,JXN,MI,AGL,CE,Federal Contract Tower,0,0,19,0,19,0,0,74,0,74,0,0,93,0,93,28,0,28,121
04/07/2003,JXN,MI,AGL,CE,Federal Contract Tower,0,0,1,0,1,0,0,0,0,0,0,0,1,0,1,0,0,0,1
04/08/2003,JXN,MI,AGL,CE,Federal Contract Tower,0,0,5,0,5,0,0,3,0,3,0,0,8,0,8,0,0,0,8
04/09/2003,JXN,MI,AGL,CE,Federal Contract Tower,0,1,20,0,21,0,0,119,0,119,0,1,139,0,140,192,0,192,332
04/10/2003,JXN,MI,AGL,CE,Federal Contract Tower,0,1,15,0,16,0,0,132,0,132,0,1,147,0,148,166,0,166,314
04/11/2003,JXN,MI,AGL,CE,Federal Contract Tower,0,0,37,0,37,0,0,118,0,118,0,0,155,0,155,80,0,80,235
04/12/2003,JXN,MI,AGL,CE,Federal Contract Tower,0,0,33,0,33,0,0,192,0,192,0,0,225,0,225,100,0,100,325
04/13/2003,JXN,MI,AGL,CE,Federal Contract Tower,0,2,10,0,12,0,0,227,0,227,0,2,237,0,239,62,0,62,301
04/14/2003,JXN,MI,AGL,CE,Federal Contract Tower,0,0,7,0,7,0,0,80,0,80,0,0,87,0,87,100,0,100,187
04/15/2003,JXN,MI,AGL,CE,Federal Contract Tower,0,2,38,0,40,0,2,38,0,40,0,4,76,0,80,66,0,66,146
04/16/2003,JXN,MI,AGL,CE,Federal Contract Tower,0,0,26,0,26,0,0,47,0,47,0,0,73,0,73,130,0,130,203
04/17/2003,JXN,MI,AGL,CE,Federal Contract Tower,0,0,12,0,12,0,0,40,0,40,0,0,52,0,52,72,0,72,124
04/18/2003,JXN,MI,AGL,CE,Federal Contract Tower,0,0,24,0,24,0,0,11,0,11,0,0,35,0,35,8,0,8,43
04/19/2003,JXN,MI,AGL,CE,Federal Contract Tower,0,0,18,0,18,0,0,105,0,105,0,0,123,0,123,40,0,40,163
04/20/2003,JXN,MI,AGL,CE,Federal Contract Tower,0,0,0,0,0,0,0,13,0,13,0,0,13,0,13,8,0,8,21
04/21/2003,JXN,MI,AGL,CE,Federal Contract Tower,0,0,14,0,14,0,0,27,0,27,0,0,41,0,41,62,0,62,103
04/22/2003,JXN,MI,AGL,CE,Federal Contract Tower,0,2,20,0,22,0,0,48,0,48,0,2,68,0,70,186,0,186,256
04/23/2003,JXN,MI,AGL,CE,Federal Contract Tower,0,0,34,0,34,0,0,176,0,176,0,0,210,0,210,160,0,160,370
04/24/2003,JXN,MI,AGL,CE,Federal Contract Tower,0,0,57,0,57,0,0,133,0,133,0,0,190,0,190,144,0,144,334
04/25/2003,JXN,MI,AGL,CE,Federal Contract Tower,0,0,16,0,16,0,0,111,0,111,0,0,127,0,127,120,0,120,247
04/26/2003,JXN,MI,AGL,CE,Federal Contract Tower,0,0,20,0,20,0,0,171,0,171,0,0,191,0,191,42,0,42,233
04/27/2003,JXN,MI,AGL,CE,Federal Contract Tower,0,2,22,0,24,0,0,161,0,161,0,2,183,0,185,72,0,72,257
04/28/2003,JXN,MI,AGL,CE,Federal Contract Tower,0,0,35,0,35,0,0,78,0,78,0,0,113,0,113,168,0,168,281
04/29/2003,JXN,MI,AGL,CE,Federal Contract Tower,0,0,71,0,71,0,0,69,0,69,0,0,140,0,140,130,0,130,270
04/30/2003,JXN,MI,AGL,CE,Federal Contract Tower,0,1,19,0,20,0,0,31,0,31,0,1,50,0,51,90,0,90,141
05/01/2003,JXN,MI,AGL,CE,Federal Contract Tower,0,0,23,0,23,0,0,28,0,28,0,0,51,0,51,80,0,80,131
05/02/2003,JXN,MI,AGL,CE,Federal Contract Tower,0,0,26,0,26,0,0,88,0,88,0,0,114,0,114,200,0,200,314
05/03/2003,JXN,MI,AGL,CE,Federal Contract Tower,0,0,43,0,43,0,0,165,2,167,0,0,208,2,210,36,4,40,250
05/04/2003,JXN,MI,AGL,CE,Federal Contract Tower,0,1,29,0,30,0,1,310,0,311,0,2,339,0,341,84,0,84,425
05/05/2003,JXN,MI,AGL,CE,Federal Contract Tower,0,1,9,0,10,0,0,11,0,11,0,1,20,0,21,30,0,30,51
05/06/2003,JXN,MI,AGL,CE,Federal Contract Tower,0,0,47,0,47,0,0,83,0,83,0,0,130,0,130,122,0,122,252
05/07/2003,JXN,MI,AGL,CE,Federal Contract Tower,0,0,31,0,31,0,0,14,6,20,0,0,45,6,51,32,0,32,83
05/08/2003,JXN,MI,AGL,CE,Federal Contract Tower,0,0,49,3,52,0,0,31,0,31,0,0,80,3,83,120,0,120,203
05/09/2003,JXN,MI,AGL,CE,Federal Contract Tower,0,0,29,0,29,0,0,43,0,43,0,0,72,0,72,130,0,130,202
05/10/2003,JXN,MI,AGL,CE,Federal Contract Tower,0,0,42,0,42,0,0,50,0,50,0,0,92,0,92,110,0,110,202
05/11/2003,JXN,MI,AGL,CE,Federal Contract Tower,0,0,6,0,6,0,0,0,0,0,0,0,6,0,6,0,0,0,6
05/12/2003,JXN,MI,AGL,CE,Federal Contract Tower,0,0,2,0,2,0,0,13,0,13,0,0,15,0,15,16,0,16,31
05/13/2003,JXN,MI,AGL,CE,Federal Contract Tower,0,0,19,0,19,0,0,161,0,161,0,0,180,0,180,100,0,100,280
05/14/2003,JXN,MI,AGL,CE,Federal Contract Tower,0,2,30,0,32,0,0,177,0,177,0,2,207,0,209,250,0,250,459
05/15/2003,JXN,MI,AGL,CE,Federal Contract Tower,0,0,25,0,25,0,0,12,0,12,0,0,37,0,37,36,0,36,73
05/16/2003,JXN,MI,AGL,CE,Federal Contract Tower,0,2,58,0,60,0,0,30,0,30,0,2,88,0,90,120,0,120,210
05/17/2003,JXN,MI,AGL,CE,Federal Contract Tower,0,0,52,0,52,0,0,48,0,48,0,0,100,0,100,20,0,20,120
05/18/2003,JXN,MI,AGL,CE,Federal Contract Tower,0,0,42,0,42,0,0,123,0,123,0,0,165,0,165,20,0,20,185
05/19/2003,JXN,MI,AGL,CE,Federal Contract Tower,0,0,20,0,20,0,1,59,0,60,0,1,79,0,80,210,0,210,290
05/20/2003,JXN,MI,AGL,CE,Federal Contract Tower,0,2,32,0,34,0,0,24,0,24,0,2,56,0,58,14,0,14,72
05/21/2003,JXN,MI,AGL,CE,Federal Contract Tower,0,10,34,0,44,0,2,98,0,100,0,12,132,0,144,178,0,178,322
05/22/2003,JXN,MI,AGL,CE,Federal Contract Tower,0,0,32,0,32,0,0,116,0,116,0,0,148,0,148,100,0,100,248
05/23/2003,JXN,MI,AGL,CE,Federal Contract Tower,0,4,46,0,50,0,0,64,0,64,0,4,110,0,114,144,0,144,258
05/24/2003,JXN,MI,AGL,CE,Federal Contract Tower,0,0,67,0,67,0,0,1,0,1,0,0,68,0,68,28,0,28,96
05/25/2003,JXN,MI,AGL,CE,Federal Contract Tower,0,0,34,0,34,0,0,53,0,53,0,0,87,0,87,50,0,50,137
05/26/2003,JXN,MI,AGL,CE,Federal Contract Tower,0,0,20,0,20,0,0,118,0,118,0,0,138,0,138,52,0,52,190
05/27/2003,JXN,MI,AGL,CE,Federal Contract Tower,0,2,10,0,12,0,0,57,0,57,0,2,67,0,69,92,0,92,161
05/28/2003,JXN,MI,AGL,CE,Federal Contract Tower,0,8,18,0,26,0,0,104,0,104,0,8,122,0,130,108,0,108,238
05/29/2003,JXN,MI,AGL,CE,Federal Contract Tower,0,1,34,0,35,0,0,46,0,46,0,1,80,0,81,100,0,100,181
05/30/2003,JXN,MI,AGL,CE,Federal Contract Tower,0,2,25,0,27,0,0,50,0,50,0,2,75,0,77,108,0,108,185
05/31/2003,JXN,MI,AGL,CE,Federal Contract Tower,0,0,11,0,11,0,0,6,0,6,0,0,17,0,17,0,0,0,17
06/01/2003,JXN,MI,AGL,CE,Federal Contract Tower,0,2,18,0,20,0,2,162,0,164,0,4,180,0,184,40,0,40,224
06/02/2003,JXN,MI,AGL,CE,Federal Contract Tower,0,0,24,0,24,0,0,76,0,76,0,0,100,0,100,150,0,150,250
06/03/2003,JXN,MI,AGL,CE,Federal Contract Tower,0,4,35,0,39,0,2,40,0,42,0,6,75,0,81,152,0,152,233
06/04/2003,JXN,MI,AGL,CE,Federal Contract Tower,0,0,15,0,15,0,0,4,0,4,0,0,19,0,19,2,0,2,21
06/05/2003,JXN,MI,AGL,CE,Federal Contract Tower,0,3,42,0,45,0,1,40,0,41,0,4,82,0,86,196,0,196,282
06/06/2003,JXN,MI,AGL,CE,Federal Contract Tower,0,0,36,2,38,0,4,94,0,98,0,4,130,2,136,170,0,170,306
06/07/2003,JXN,MI,AGL,CE,Federal Contract Tower,0,0,37,0,37,0,0,118,0,118,0,0,155,0,155,80,0,80,235
06/08/2003,JXN,MI,AGL,CE,Federal Contract Tower,0,0,19,0,19,0,0,4,0,4,0,0,23,0,23,12,0,12,35
06/09/2003,JXN,MI,AGL,CE,Federal Contract Tower,0,0,7,0,7,0,0,68,0,68,0,0,75,0,75,100,0,100,175
06/10/2003,JXN,MI,AGL,CE,Federal Contract Tower,0,0,15,0,15,0,0,37,0,37,0,0,52,0,52,96,0,96,148
06/11/2003,JXN,MI,AGL,CE,Federal Contract Tower,0,4,23,2,29,0,0,24,0,24,0,4,47,2,53,70,2,72,125
06/12/2003,JXN,MI,AGL,CE,Federal Contract Tower,0,0,79,0,79,0,0,0,0,0,0,0,79,0,79,0,0,0,79
06/13/2003,JXN,MI,AGL,CE,Federal Contract Tower,0,3,34,0,37,0,3,44,2,49,0,6,78,2,86,50,0,50,136
06/14/2003,JXN,MI,AGL,CE,Federal Contract Tower,0,3,26,0,29,0,0,114,2,116,0,3,140,2,145,54,0,54,199
06/15/2003,JXN,MI,AGL,CE,Federal Contract Tower,0,5,66,0,71,0,0,152,0,152,0,5,218,0,223,30,0,30,253
06/16/2003,JXN,MI,AGL,CE,Federal Contract Tower,0,0,32,0,32,0,0,103,0,103,0,0,135,0,135,188,0,188,323
06/17/2003,JXN,MI,AGL,CE,Federal Contract Tower,0,2,28,0,30,0,0,47,0,47,0,2,75,0,77,144,0,144,221
06/18/2003,JXN,MI,AGL,CE,Federal Contract Tower,0,4,9,0,13,0,3,107,0,110,0,7,116,0,123,160,0,160,283
06/19/2003,JXN,MI,AGL,CE,Federal Contract Tower,0,2,13,0,15,0,3,113,0,116,0,5,126,0,131,120,0,120,251
06/20/2003,JXN,MI,AGL,CE,Federal Contract Tower,0,0,23,0,23,0,0,142,0,142,0,0,165,0,165,66,0,66,231
06/21/2003,JXN,MI,AGL,CE,Federal Contract Tower,0,0,13,0,13,0,0,232,0,232,0,0,245,0,245,70,0,70,315
06/22/2003,JXN,MI,AGL,CE,Federal Contract Tower,0,0,10,0,10,0,0,185,0,185,0,0,195,0,195,48,4,52,247
06/23/2003,JXN,MI,AGL,CE,Federal Contract Tower,0,0,22,0,22,0,0,95,0,95,0,0,117,0,117,164,0,164,281
06/24/2003,JXN,MI,AGL,CE,Federal Contract Tower,0,1,24,0,25,0,4,101,0,105,0,5,125,0,130,140,0,140,270
06/25/2003,JXN,MI,AGL,CE,Federal Contract Tower,0,0,20,0,20,0,2,90,0,92,0,2,110,0,112,140,0,140,252
06/26/2003,JXN,MI,AGL,CE,Federal Contract Tower,0,3,33,0,36,0,0,47,0,47,0,3,80,0,83,100,0,100,183
06/27/2003,JXN,MI,AGL,CE,Federal Contract Tower,0,0,27,0,27,0,0,43,0,43,0,0,70,0,70,130,0,130,200
06/28/2003,JXN,MI,AGL,CE,Federal Contract Tower,0,1,14,0,15,0,0,58,0,58,0,1,72,0,73,20,0,20,93
06/29/2003,JXN,MI,AGL,CE,Federal Contract Tower,0,3,14,0,17,0,0,83,0,83,0,3,97,0,100,12,0,12,112
06/30/2003,JXN,MI,AGL,CE,Federal Contract Tower,0,0,27,0,27,0,2,107,0,109,0,2,134,0,136,140,0,140,276
07/01/2003,JXN,MI,AGL,CE,Federal Contract Tower,0,2,16,0,18,0,0,138,0,138,0,2,154,0,156,128,0,128,284
07/02/2003,JXN,MI,AGL,CE,Federal Contract Tower,0,0,13,0,13,0,2,127,2,131,0,2,140,2,144,104,0,104,248
07/03/2003,JXN,MI,AGL,CE,Federal Contract Tower,0,0,21,0,21,0,3,99,0,102,0,3,120,0,123,80,0,80,203
07/04/2003,JXN,MI,AGL,CE,Federal Contract Tower,0,0,5,0,5,0,0,30,0,30,0,0,35,0,35,12,0,12,47
07/05/2003,JXN,MI,AGL,CE,Federal Contract Tower,0,0,5,0,5,0,0,30,0,30,0,0,35,0,35,2,0,2,37
07/06/2003,JXN,MI,AGL,CE,Federal Contract Tower,0,2,8,0,10,0,0,97,0,97,0,2,105,0,107,22,0,22,129
07/07/2003,JXN,MI,AGL,CE,Federal Contract Tower,0,2,24,0,26,0,0,19,0,19,0,2,43,0,45,28,0,28,73
07/08/2003,JXN,MI,AGL,CE,Federal Contract Tower,0,0,4,0,4,0,0,48,0,48,0,0,52,0,52,32,0,32,84
07/09/2003,JXN,MI,AGL,CE,Federal Contract Tower,0,4,28,0,32,0,0,72,0,72,0,4,100,0,104,104,0,104,208
07/10/2003,JXN,MI,AGL,CE,Federal Contract Tower,0,1,17,0,18,0,0,55,0,55,0,1,72,0,73,128,0,128,201
07/11/2003,JXN,MI,AGL,CE,Federal Contract Tower,0,0,27,1,28,0,0,73,2,75,0,0,100,3,103,14,0,14,117
07/12/2003,JXN,MI,AGL,CE,Federal Contract Tower,0,0,4,0,4,0,0,226,12,238,0,0,230,12,242,82,0,82,324
07/13/2003,JXN,MI,AGL,CE,Federal Contract Tower,0,0,17,0,17,0,2,316,2,320,0,2,333,2,337,166,0,166,503
07/14/2003,JXN,MI,AGL,CE,Federal Contract Tower,0,0,6,0,6,0,0,107,0,107,0,0,113,0,113,120,0,120,233
07/15/2003,JXN,MI,AGL,CE,Federal Contract Tower,0,0,32,0,32,0,0,33,0,33,0,0,65,0,65,20,0,20,85
07/16/2003,JXN,MI,AGL,CE,Federal Contract Tower,0,0,23,0,23,0,0,242,0,242,0,0,265,0,265,50,0,50,315
07/17/2003,JXN,MI,AGL,CE,Federal Contract Tower,0,1,9,4,14,0,3,94,8,105,0,4,103,12,119,162,12,174,293
07/18/2003,JXN,MI,AGL,CE,Federal Contract Tower,0,1,11,0,12,0,0,74,0,74,0,1,85,0,86,60,0,60,146
07/19/2003,JXN,MI,AGL,CE,Federal Contract Tower,0,0,2,0,2,0,0,273,0,273,0,0,275,0,275,310,0,310,585
07/20/2003,JXN,MI,AGL,CE,Federal Contract Tower,0,0,6,0,6,0,2,149,0,151,0,2,155,0,157,170,0,170,327
07/21/2003,JXN,MI,AGL,CE,Federal Contract Tower,0,0,8,1,9,0,0,22,6,28,0,0,30,7,37,48,0,48,85
07/22/2003,JXN,MI,AGL,CE,Federal Contract Tower,0,0,17,3,20,0,0,63,7,70,0,0,80,10,90,106,0,106,196
07/23/2003,JXN,MI,AGL,CE,Federal Contract Tower,0,0,14,0,14,0,0,96,0,96,0,0,110,0,110,100,0,100,210
07/24/2003,JXN,MI,AGL,CE,Federal Contract Tower,0,1,75,0,76,0,0,203,0,203,0,1,278,0,279,140,0,140,419
07/25/2003,JXN,MI,AGL,CE,Federal Contract Tower,0,0,22,0,22,0,2,190,18,210,0,2,212,18,232,102,0,102,334
07/26/2003,JXN,MI,AGL,CE,Federal Contract Tower,0,0,23,0,23,0,0,92,2,94,0,0,115,2,117,70,0,70,187
07/27/2003,JXN,MI,AGL,CE,Federal Contract Tower,0,3,43,0,46,0,4,52,4,60,0,7,95,4,106,12,0,12,118
07/28/2003,JXN,MI,AGL,CE,Federal Contract Tower,0,2,7,0,9,0,0,112,0,112,0,2,119,0,121,100,0,100,221
07/29/2003,JXN,MI,AGL,CE,Federal Contract Tower,0,2,37,0,39,0,1,111,2,114,0,3,148,2,153,166,0,166,319
07/30/2003,JXN,MI,AGL,CE,Federal Contract Tower,0,2,16,0,18,0,0,104,0,104,0,2,120,0,122,100,0,100,222
07/31/2003,JXN,MI,AGL,CE,Federal Contract Tower,0,2,39,0,41,0,0,120,0,120,0,2,159,0,161,120,0,120,281
08/01/2003,JXN,MI,AGL,CE,Federal Contract Tower,0,1,20,0,21,0,3,71,0,74,0,4,91,0,95,80,0,80,175
08/02/2003,JXN,MI,AGL,CE,Federal Contract Tower,0,2,46,0,48,0,0,54,0,54,0,2,100,0,102,20,0,20,122
08/03/2003,JXN,MI,AGL,CE,Federal Contract Tower,0,3,37,0,40,0,0,33,0,33,0,3,70,0,73,12,0,12,85
08/04/2003,JXN,MI,AGL,CE,Federal Contract Tower,0,1,2,0,3,0,4,22,0,26,0,5,24,0,29,24,0,24,53
08/05/2003,JXN,MI,AGL,CE,Federal Contract Tower,0,1,15,0,16,0,1,75,0,76,0,2,90,0,92,150,0,150,242
08/06/2003,JXN,MI,AGL,CE,Federal Contract Tower,0,0,16,0,16,0,2,99,0,101,0,2,115,0,117,120,0,120,237
08/07/2003,JXN,MI,AGL,CE,Federal Contract Tower,0,0,39,0,39,0,0,120,0,120,0,0,159,0,159,180,0,180,339
08/08/2003,JXN,MI,AGL,CE,Federal Contract Tower,0,4,20,0,24,0,0,58,0,58,0,4,78,0,82,30,0,30,112
08/09/2003,JXN,MI,AGL,CE,Federal Contract Tower,0,1,34,0,35,0,0,164,0,164,0,1,198,0,199,54,0,54,253
08/10/2003,JXN,MI,AGL,CE,Federal Contract Tower,0,2,29,0,31,0,0,119,0,119,0,2,148,0,150,86,0,86,236
08/11/2003,JXN,MI,AGL,CE,Federal Contract Tower,0,4,13,0,17,0,2,57,0,59,0,6,70,0,76,110,0,110,186
08/12/2003,JXN,MI,AGL,CE,Federal Contract Tower,0,2,26,0,28,0,2,44,0,46,0,4,70,0,74,76,0,76,150
08/13/2003,JXN,MI,AGL,CE,Federal Contract Tower,0,0,30,0,30,0,0,108,0,108,0,0,138,0,138,102,0,102,240
08/14/2003,JXN,MI,AGL,CE,Federal Contract Tower,0,3,64,0,67,0,1,74,0,75,0,4,138,0,142,30,0,30,172
08/15/2003,JXN,MI,AGL,CE,Federal Contract Tower,0,6,24,0,30,0,0,28,0,28,0,6,52,0,58,14,0,14,72
08/16/2003,JXN,MI,AGL,CE,Federal Contract Tower,0,4,48,0,52,0,0,34,0,34,0,4,82,0,86,0,0,0,86
08/17/2003,JXN,MI,AGL,CE,Federal Contract Tower,0,0,82,0,82,0,2,250,3,255,0,2,332,3,337,12,2,14,351
08/18/2003,JXN,MI,AGL,CE,Federal Contract Tower,0,0,16,0,16,0,2,126,0,128,0,2,142,0,144,60,0,60,204
08/19/2003,JXN,MI,AGL,CE,Federal Contract Tower,0,0,44,0,44,0,0,153,0,153,0,0,197,0,197,126,0,126,323
08/20/2003,JXN,MI,AGL,CE,Federal Contract Tower,0,2,40,0,42,0,0,109,0,109,0,2,149,0,151,60,0,60,211
08/21/2003,JXN,MI,AGL,CE,Federal Contract Tower,0,0,7,0,7,0,0,33,0,33,0,0,40,0,40,120,0,120,160
08/22/2003,JXN,MI,AGL,CE,Federal Contract Tower,0,0,18,0,18,0,0,82,0,82,0,0,100,0,100,60,0,60,160
08/23/2003,JXN,MI,AGL,CE,Federal Contract Tower,0,3,20,0,23,0,1,210,0,211,0,4,230,0,234,62,0,62,296
08/24/2003,JXN,MI,AGL,CE,Federal Contract Tower,0,0,25,0,25,0,0,131,0,131,0,0,156,0,156,16,0,16,172
08/25/2003,JXN,MI,AGL,CE,Federal Contract Tower,0,2,17,0,19,0,0,61,0,61,0,2,78,0,80,60,0,60,140
08/26/2003,JXN,MI,AGL,CE,Federal Contract Tower,0,0,17,0,17,0,0,20,0,20,0,0,37,0,37,78,0,78,115
08/27/2003,JXN,MI,AGL,CE,Federal Contract Tower,0,0,30,0,30,0,0,125,0,125,0,0,155,0,155,30,0,30,185
08/28/2003,JXN,MI,AGL,CE,Federal Contract Tower,0,2,23,0,25,0,0,102,2,104,0,2,125,2,129,120,0,120,249
08/29/2003,JXN,MI,AGL,CE,Federal Contract Tower,0,0,14,0,14,0,0,33,0,33,0,0,47,0,47,64,2,66,113
08/30/2003,JXN,MI,AGL,CE,Federal Contract Tower,0,0,14,0,14,0,0,181,0,181,0,0,195,0,195,38,0,38,233
08/31/2003,JXN,MI,AGL,CE,Federal Contract Tower,0,0,12,0,12,0,0,141,0,141,0,0,153,0,153,36,0,36,189
09/01/2003,JXN,MI,AGL,CE,Federal Contract Tower,0,0,32,0,32,0,0,0,0,0,0,0,32,0,32,0,0,0,32
09/02/2003,JXN,MI,AGL,CE,Federal Contract Tower,0,0,34,0,34,0,0,111,0,111,0,0,145,0,145,70,0,70,215
09/03/2003,JXN,MI,AGL,CE,Federal Contract Tower,0,0,15,0,15,0,0,65,4,69,0,0,80,4,84,80,0,80,164
09/04/2003,JXN,MI,AGL,CE,Federal Contract Tower,0,0,34,0,34,0,0,89,0,89,0,0,123,0,123,162,0,162,285
09/05/2003,JXN,MI,AGL,CE,Federal Contract Tower,0,2,24,0,26,0,0,104,0,104,0,2,128,0,130,84,0,84,214
09/06/2003,JXN,MI,AGL,CE,Federal Contract Tower,0,6,24,0,30,0,0,193,0,193,0,6,217,0,223,48,0,48,271
09/07/2003,JXN,MI,AGL,CE,Federal Contract Tower,0,0,21,0,21,0,0,171,0,171,0,0,192,0,192,20,0,20,212
09/08/2003,JXN,MI,AGL,CE,Federal Contract Tower,0,2,11,0,13,0,0,59,0,59,0,2,70,0,72,34,0,34,106
09/09/2003,JXN,MI,AGL,CE,Federal Contract Tower,0,2,27,0,29,0,0,99,0,99,0,2,126,0,128,124,0,124,252
09/10/2003,JXN,MI,AGL,CE,Federal Contract Tower,0,4,44,0,48,0,0,46,0,46,0,4,90,0,94,72,0,72,166
09/11/2003,JXN,MI,AGL,CE,Federal Contract Tower,0,0,26,0,26,0,0,98,0,98,0,0,124,0,124,74,0,74,198
09/12/2003,JXN,MI,AGL,CE,Federal Contract Tower,0,2,25,0,27,0,0,73,0,73,0,2,98,0,100,90,0,90,190
09/13/2003,JXN,MI,AGL,CE,Federal Contract Tower,0,0,27,0,27,0,0,178,0,178,0,0,205,0,205,62,0,62,267
09/14/2003,JXN,MI,AGL,CE,Federal Contract Tower,0,0,14,0,14,0,0,36,0,36,0,0,50,0,50,42,0,42,92
09/15/2003,JXN,MI,AGL,CE,Federal Contract Tower,0,2,15,0,17,0,1,48,0,49,0,3,63,0,66,106,0,106,172
09/16/2003,JXN,MI,AGL,CE,Federal Contract Tower,0,2,20,4,26,0,0,99,0,99,0,2,119,4,125,64,0,64,189
09/17/2003,JXN,MI,AGL,CE,Federal Contract Tower,0,0,26,0,26,0,0,122,0,122,0,0,148,0,148,126,0,126,274
09/18/2003,JXN,MI,AGL,CE,Federal Contract Tower,0,2,18,0,20,0,0,134,0,134,0,2,152,0,154,94,0,94,248
09/19/2003,JXN,MI,AGL,CE,Federal Contract Tower,0,0,21,0,21,0,0,24,0,24,0,0,45,0,45,34,0,34,79
09/20/2003,JXN,MI,AGL,CE,Federal Contract Tower,0,0,16,0,16,0,0,173,0,173,0,0,189,0,189,108,0,108,297
09/21/2003,JXN,MI,AGL,CE,Federal Contract Tower,0,0,17,0,17,0,0,152,0,152,0,0,169,0,169,26,0,26,195
09/22/2003,JXN,MI,AGL,CE,Federal Contract Tower,0,0,17,0,17,0,0,14,0,14,0,0,31,0,31,0,0,0,31
09/23/2003,JXN,MI,AGL,CE,Federal Contract Tower,0,2,29,0,31,0,0,105,0,105,0,2,134,0,136,32,0,32,168
09/24/2003,JXN,MI,AGL,CE,Federal Contract Tower,0,2,7,0,9,0,0,29,0,29,0,2,36,0,38,2,0,2,40
09/25/2003,JXN,MI,AGL,CE,Federal Contract Tower,0,2,36,0,38,0,4,62,0,66,0,6,98,0,104,100,0,100,204
09/26/2003,JXN,MI,AGL,CE,Federal Contract Tower,0,0,41,0,41,0,0,50,0,50,0,0,91,0,91,92,0,92,183
09/27/2003,JXN,MI,AGL,CE,Federal Contract Tower,0,0,26,0,26,0,0,69,0,69,0,0,95,0,95,10,0,10,105
09/28/2003,JXN,MI,AGL,CE,Federal Contract Tower,0,2,43,0,45,0,0,54,0,54,0,2,97,0,99,4,0,4,103
09/29/2003,JXN,MI,AGL,CE,Federal Contract Tower,0,2,24,0,26,0,0,55,0,55,0,2,79,0,81,86,0,86,167
09/30/2003,JXN,MI,AGL,CE,Federal Contract Tower,0,0,21,0,21,0,0,48,0,48,0,0,69,0,69,38,0,38,107
10/01/2003,JXN,MI,AGL,CE,Federal Contract Tower,0,0,18,0,18,0,0,29,0,29,0,0,47,0,47,42,0,42,89
10/02/2003,JXN,MI,AGL,CE,Federal Contract Tower,0,0,32,0,32,0,0,118,0,118,0,0,150,0,150,80,0,80,230
10/03/2003,JXN,MI,AGL,CE,Federal Contract Tower,0,0,22,0,22,0,0,0,0,0,0,0,22,0,22,32,0,32,54
10/04/2003,JXN,MI,AGL,CE,Federal Contract Tower,0,0,14,0,14,0,0,61,0,61,0,0,75,0,75,66,0,66,141
10/05/2003,JXN,MI,AGL,CE,Federal Contract Tower,0,0,18,0,18,0,0,223,0,223,0,0,241,0,241,64,0,64,305
10/06/2003,JXN,MI,AGL,CE,Federal Contract Tower,0,0,17,0,17,0,0,102,0,102,0,0,119,0,119,60,0,60,179
10/07/2003,JXN,MI,AGL,CE,Federal Contract Tower,0,0,17,0,17,0,0,107,0,107,0,0,124,0,124,70,0,70,194
10/08/2003,JXN,MI,AGL,CE,Federal Contract Tower,0,2,39,0,41,0,2,75,0,77,0,4,114,0,118,94,0,94,212
10/09/2003,JXN,MI,AGL,CE,Federal Contract Tower,0,2,32,0,34,0,2,80,0,82,0,4,112,0,116,168,0,168,284
10/10/2003,JXN,MI,AGL,CE,Federal Contract Tower,0,1,20,0,21,0,1,78,0,79,0,2,98,0,100,110,0,110,210
10/11/2003,JXN,MI,AGL,CE,Federal Contract Tower,0,1,27,0,28,0,0,101,0,101,0,1,128,0,129,66,0,66,195
10/12/2003,JXN,MI,AGL,CE,Federal Contract Tower,0,0,9,0,9,0,0,68,0,68,0,0,77,0,77,68,0,68,145
10/13/2003,JXN,MI,AGL,CE,Federal Contract Tower,0,0,22,0,22,0,0,146,0,146,0,0,168,0,168,114,0,114,282
10/14/2003,JXN,MI,AGL,CE,Federal Contract Tower,0,2,33,0,35,0,0,4,0,4,0,2,37,0,39,10,0,10,49
10/15/2003,JXN,MI,AGL,CE,Federal Contract Tower,0,0,13,0,13,0,0,46,0,46,0,0,59,0,59,88,0,88,147
10/16/2003,JXN,MI,AGL,CE,Federal Contract Tower,0,0,32,0,32,0,0,75,0,75,0,0,107,0,107,108,0,108,215
10/17/2003,JXN,MI,AGL,CE,Federal Contract Tower,0,1,22,0,23,0,3,86,0,89,0,4,108,0,112,80,0,80,192
10/18/2003,JXN,MI,AGL,CE,Federal Contract Tower,0,1,40,0,41,0,1,106,0,107,0,2,146,0,148,64,0,64,212
10/19/2003,JXN,MI,AGL,CE,Federal Contract Tower,0,0,22,0,22,0,2,127,0,129,0,2,149,0,151,60,0,60,211
10/20/2003,JXN,MI,AGL,CE,Federal Contract Tower,0,0,28,0,28,0,0,35,0,35,0,0,63,0,63,100,0,100,163
10/21/2003,JXN,MI,AGL,CE,Federal Contract Tower,0,1,28,0,29,0,5,49,0,54,0,6,77,0,83,140,0,140,223
10/22/2003,JXN,MI,AGL,CE,Federal Contract Tower,0,0,18,0,18,0,5,50,2,57,0,5,68,2,75,54,2,56,131
10/23/2003,JXN,MI,AGL,CE,Federal Contract Tower,0,1,32,0,33,0,1,112,0,113,0,2,144,0,146,122,0,122,268
10/24/2003,JXN,MI,AGL,CE,Federal Contract Tower,0,0,42,0,42,0,0,69,0,69,0,0,111,0,111,68,0,68,179
10/25/2003,JXN,MI,AGL,CE,Federal Contract Tower,0,0,25,0,25,0,0,1,0,1,0,0,26,0,26,0,0,0,26
10/26/2003,JXN,MI,AGL,CE,Federal Contract Tower,0,0,22,0,22,0,0,86,0,86,0,0,108,0,108,20,0,20,128
10/27/2003,JXN,MI,AGL,CE,Federal Contract Tower,0,0,28,0,28,0,0,25,0,25,0,0,53,0,53,56,0,56,109
10/28/2003,JXN,MI,AGL,CE,Federal Contract Tower,0,0,24,0,24,0,0,1,0,1,0,0,25,0,25,20,0,20,45
10/29/2003,JXN,MI,AGL,CE,Federal Contract Tower,0,0,30,0,30,0,0,36,0,36,0,0,66,0,66,182,0,182,248
10/30/2003,JXN,MI,AGL,CE,Federal Contract Tower,0,2,50,0,52,0,0,81,0,81,0,2,131,0,133,102,0,102,235
10/31/2003,JXN,MI,AGL,CE,Federal Contract Tower,0,0,12,0,12,0,0,38,0,38,0,0,50,0,50,12,0,12,62
11/01/2003,JXN,MI,AGL,CE,Federal Contract Tower,0,0,60,0,60,0,0,37,4,41,0,0,97,4,101,18,0,18,119
11/02/2003,JXN,MI,AGL,CE,Federal Contract Tower,0,0,4,0,4,0,0,1,0,1,0,0,5,0,5,0,0,0,5
11/03/2003,JXN,MI,AGL,CE,Federal Contract Tower,0,0,17,0,17,0,0,1,0,1,0,0,18,0,18,0,0,0,18
11/04/2003,JXN,MI,AGL,CE,Federal Contract Tower,0,0,13,0,13,0,0,37,0,37,0,0,50,0,50,38,0,38,88
11/05/2003,JXN,MI,AGL,CE,Federal Contract Tower,0,0,13,0,13,0,0,40,0,40,0,0,53,0,53,116,0,116,169
11/06/2003,JXN,MI,AGL,CE,Federal Contract Tower,0,2,19,0,21,0,1,100,0,101,0,3,119,0,122,152,0,152,274
11/07/2003,JXN,MI,AGL,CE,Federal Contract Tower,0,0,32,0,32,0,0,60,0,60,0,0,92,0,92,42,0,42,134
11/08/2003,JXN,MI,AGL,CE,Federal Contract Tower,0,1,13,0,14,0,2,214,0,216,0,3,227,0,230,44,0,44,274
11/09/2003,JXN,MI,AGL,CE,Federal Contract Tower,0,0,31,0,31,0,0,185,0,185,0,0,216,0,216,34,0,34,250
11/10/2003,JXN,MI,AGL,CE,Federal Contract Tower,0,2,22,0,24,0,0,57,2,59,0,2,79,2,83,94,0,94,177
11/11/2003,JXN,MI,AGL,CE,Federal Contract Tower,0,0,35,0,35,0,0,9,0,9,0,0,44,0,44,92,0,92,136
11/12/2003,JXN,MI,AGL,CE,Federal Contract Tower,0,0,8,0,8,0,0,6,0,6,0,0,14,0,14,66,0,66,80
11/13/2003,JXN,MI,AGL,CE,Federal Contract Tower,0,0,0,0,0,0,0,4,0,4,0,0,4,0,4,0,0,0,4
11/14/2003,JXN,MI,AGL,CE,Federal Contract Tower,0,1,25,0,26,0,3,49,0,52,0,4,74,0,78,10,0,10,88
11/15/2003,JXN,MI,AGL,CE,Federal Contract Tower,0,0,27,0,27,0,0,16,0,16,0,0,43,0,43,10,0,10,53
11/16/2003,JXN,MI,AGL,CE,Federal Contract Tower,0,0,2,0,2,0,0,0,0,0,0,0,2,0,2,0,0,0,2
11/17/2003,JXN,MI,AGL,CE,Federal Contract Tower,0,1,27,0,28,0,1,13,0,14,0,2,40,0,42,82,0,82,124
11/18/2003,JXN,MI,AGL,CE,Federal Contract Tower,0,0,8,0,8,0,0,0,0,0,0,0,8,0,8,0,0,0,8
11/19/2003,JXN,MI,AGL,CE,Federal Contract Tower,0,2,44,0,46,0,0,38,4,42,0,2,82,4,88,76,0,76,164
11/20/2003,JXN,MI,AGL,CE,Federal Contract Tower,0,2,44,0,46,0,2,109,0,111,0,4,153,0,157,66,0,66,223
11/21/2003,JXN,MI,AGL,CE,Federal Contract Tower,0,0,24,0,24,0,0,101,0,101,0,0,125,0,125,76,0,76,201
11/22/2003,JXN,MI,AGL,CE,Federal Contract Tower,0,0,20,0,20,0,0,24,0,24,0,0,44,0,44,14,0,14,58
11/23/2003,JXN,MI,AGL,CE,Federal Contract Tower,0,0,13,0,13,0,4,55,0,59,0,4,68,0,72,0,0,0,72
11/24/2003,JXN,MI,AGL,CE,Federal Contract Tower,0,0,0,0,0,0,0,2,0,2,0,0,2,0,2,0,0,0,2
11/25/2003,JXN,MI,AGL,CE,Federal Contract Tower,0,1,23,0,24,0,7,32,0,39,0,8,55,0,63,80,0,80,143
11/26/2003,JXN,MI,AGL,CE,Federal Contract Tower,0,2,43,0,45,0,0,69,0,69,0,2,112,0,114,46,0,46,160
11/27/2003,JXN,MI,AGL,CE,Federal Contract Tower,0,0,0,0,0,0,0,1,0,1,0,0,1,0,1,0,0,0,1
11/28/2003,JXN,MI,AGL,CE,Federal Contract Tower,0,0,7,0,7,0,0,0,0,0,0,0,7,0,7,0,0,0,7
11/29/2003,JXN,MI,AGL,CE,Federal Contract Tower,0,0,16,0,16,0,0,56,0,56,0,0,72,0,72,18,0,18,90
11/30/2003,JXN,MI,AGL,CE,Federal Contract Tower,0,0,32,0,32,0,0,98,2,100,0,0,130,2,132,44,2,46,178
12/01/2003,JXN,MI,AGL,CE,Federal Contract Tower,0,1,10,0,11,0,1,2,0,3,0,2,12,0,14,4,0,4,18
12/02/2003,JXN,MI,AGL,CE,Federal Contract Tower,0,2,39,0,41,0,0,78,0,78,0,2,117,0,119,120,0,120,239
12/03/2003,JXN,MI,AGL,CE,Federal Contract Tower,0,0,13,0,13,0,0,98,0,98,0,0,111,0,111,144,0,144,255
12/04/2003,JXN,MI,AGL,CE,Federal Contract Tower,0,3,18,0,21,0,1,57,0,58,0,4,75,0,79,72,0,72,151
12/05/2003,JXN,MI,AGL,CE,Federal Contract Tower,0,1,9,0,10,0,1,11,0,12,0,2,20,0,22,16,0,16,38
12/06/2003,JXN,MI,AGL,CE,Federal Contract Tower,0,0,18,0,18,0,0,36,0,36,0,0,54,0,54,80,0,80,134
12/07/2003,JXN,MI,AGL,CE,Federal Contract Tower,0,0,27,0,27,0,0,211,0,211,0,0,238,0,238,50,0,50,288
12/08/2003,JXN,MI,AGL,CE,Federal Contract Tower,0,0,29,0,29,0,0,46,0,46,0,0,75,0,75,140,0,140,215
12/09/2003,JXN,MI,AGL,CE,Federal Contract Tower,0,2,33,0,35,0,4,0,0,4,0,6,33,0,39,0,0,0,39
12/10/2003,JXN,MI,AGL,CE,Federal Contract Tower,0,0,10,0,10,0,0,5,0,5,0,0,15,0,15,8,0,8,23
12/11/2003,JXN,MI,AGL,CE,Federal Contract Tower,0,0,1,0,1,0,0,1,0,1,0,0,2,0,2,0,0,0,2
12/12/2003,JXN,MI,AGL,CE,Federal Contract Tower,0,0,48,0,48,0,0,53,0,53,0,0,101,0,101,88,0,88,189
12/13/2003,JXN,MI,AGL,CE,Federal Contract Tower,0,0,32,0,32,0,0,158,0,158,0,0,190,0,190,52,0,52,242
12/14/2003,JXN,MI,AGL,CE,Federal Contract Tower,0,0,5,0,5,0,0,4,0,4,0,0,9,0,9,0,0,0,9
12/15/2003,JXN,MI,AGL,CE,Federal Contract Tower,0,0,8,0,8,0,4,0,0,4,0,4,8,0,12,48,0,48,60
12/16/2003,JXN,MI,AGL,CE,Federal Contract Tower,0,0,15,0,15,0,0,0,0,0,0,0,15,0,15,36,0,36,51
12/17/2003,JXN,MI,AGL,CE,Federal Contract Tower,0,0,9,0,9,0,0,2,0,2,0,0,11,0,11,0,0,0,11
12/18/2003,JXN,MI,AGL,CE,Federal Contract Tower,0,1,20,0,21,0,5,29,0,34,0,6,49,0,55,70,0,70,125
12/19/2003,JXN,MI,AGL,CE,Federal Contract Tower,0,0,12,0,12,0,0,0,2,2,0,0,12,2,14,10,0,10,24
12/20/2003,JXN,MI,AGL,CE,Federal Contract Tower,0,0,29,0,29,0,0,140,0,140,0,0,169,0,169,24,0,24,193
12/21/2003,JXN,MI,AGL,CE,Federal Contract Tower,0,0,9,0,9,0,0,80,0,80,0,0,89,0,89,4,0,4,93
12/22/2003,JXN,MI,AGL,CE,Federal Contract Tower,0,1,22,0,23,0,1,84,0,85,0,2,106,0,108,100,0,100,208
12/23/2003,JXN,MI,AGL,CE,Federal Contract Tower,0,0,4,0,4,0,0,0,0,0,0,0,4,0,4,0,0,0,4
12/24/2003,JXN,MI,AGL,CE,Federal Contract Tower,0,0,0,0,0,0,0,20,0,20,0,0,20,0,20,66,0,66,86
12/25/2003,JXN,MI,AGL,CE,Federal Contract Tower,0,0,0,0,0,0,0,0,0,0,0,0,0,0,0,0,0,0,0
12/26/2003,JXN,MI,AGL,CE,Federal Contract Tower,0,0,32,0,32,0,0,148,0,148,0,0,180,0,180,56,0,56,236
12/27/2003,JXN,MI,AGL,CE,Federal Contract Tower,0,0,20,0,20,0,0,258,0,258,0,0,278,0,278,34,0,34,312
12/28/2003,JXN,MI,AGL,CE,Federal Contract Tower,0,0,2,0,2,0,2,41,0,43,0,2,43,0,45,6,0,6,51
12/29/2003,JXN,MI,AGL,CE,Federal Contract Tower,0,0,3,0,3,0,0,0,0,0,0,0,3,0,3,2,0,2,5
12/30/2003,JXN,MI,AGL,CE,Federal Contract Tower,0,0,14,0,14,0,1,21,0,22,0,1,35,0,36,14,0,14,50
12/31/2003,JXN,MI,AGL,CE,Federal Contract Tower,0,0,14,0,14,0,3,30,0,33,0,3,44,0,47,10,0,10,57
01/01/2004,JXN,MI,AGL,CE,Federal Contract Tower,0,0,15,0,15,0,0,135,0,135,0,0,150,0,150,40,0,40,190
01/02/2004,JXN,MI,AGL,CE,Federal Contract Tower,0,1,9,0,10,0,3,0,0,3,0,4,9,0,13,130,0,130,143
01/03/2004,JXN,MI,AGL,CE,Federal Contract Tower,0,0,42,0,42,0,0,143,0,143,0,0,185,0,185,40,0,40,225
01/04/2004,JXN,MI,AGL,CE,Federal Contract Tower,0,0,4,0,4,0,0,10,0,10,0,0,14,0,14,0,0,0,14
01/05/2004,JXN,MI,AGL,CE,Federal Contract Tower,0,1,10,0,11,0,1,7,0,8,0,2,17,0,19,2,0,2,21
01/06/2004,JXN,MI,AGL,CE,Federal Contract Tower,0,0,6,0,6,0,0,3,0,3,0,0,9,0,9,0,0,0,9
01/07/2004,JXN,MI,AGL,CE,Federal Contract Tower,0,0,17,0,17,0,0,9,0,9,0,0,26,0,26,8,0,8,34
01/08/2004,JXN,MI,AGL,CE,Federal Contract Tower,0,0,30,0,30,0,0,43,0,43,0,0,73,0,73,56,0,56,129
01/09/2004,JXN,MI,AGL,CE,Federal Contract Tower,0,0,18,0,18,0,4,47,0,51,0,4,65,0,69,96,0,96,165
01/10/2004,JXN,MI,AGL,CE,Federal Contract Tower,0,0,39,0,39,0,0,114,0,114,0,0,153,0,153,24,0,24,177
01/11/2004,JXN,MI,AGL,CE,Federal Contract Tower,0,0,4,0,4,0,0,38,0,38,0,0,42,0,42,76,0,76,118
01/12/2004,JXN,MI,AGL,CE,Federal Contract Tower,0,0,2,0,2,0,3,17,0,20,0,3,19,0,22,172,0,172,194
01/13/2004,JXN,MI,AGL,CE,Federal Contract Tower,0,0,20,1,21,0,2,25,1,28,0,2,45,2,49,60,0,60,109
01/14/2004,JXN,MI,AGL,CE,Federal Contract Tower,0,0,9,0,9,0,0,1,0,1,0,0,10,0,10,0,0,0,10
01/15/2004,JXN,MI,AGL,CE,Federal Contract Tower,0,0,35,2,37,0,0,49,4,53,0,0,84,6,90,30,0,30,120
01/16/2004,JXN,MI,AGL,CE,Federal Contract Tower,0,0,25,1,26,0,0,72,1,73,0,0,97,2,99,54,4,58,157
01/17/2004,JXN,MI,AGL,CE,Federal Contract Tower,0,0,1,0,1,0,0,0,0,0,0,0,1,0,1,0,0,0,1
01/18/2004,JXN,MI,AGL,CE,Federal Contract Tower,0,0,6,0,6,0,0,56,0,56,0,0,62,0,62,4,0,4,66
01/19/2004,JXN,MI,AGL,CE,Federal Contract Tower,0,0,12,0,12,0,1,19,0,20,0,1,31,0,32,34,0,34,66
01/20/2004,JXN,MI,AGL,CE,Federal Contract Tower,0,0,37,0,37,0,0,64,0,64,0,0,101,0,101,74,0,74,175
01/21/2004,JXN,MI,AGL,CE,Federal Contract Tower,0,0,0,0,0,0,0,0,0,0,0,0,0,0,0,0,0,0,0
01/22/2004,JXN,MI,AGL,CE,Federal Contract Tower,0,0,13,0,13,0,0,13,0,13,0,0,26,0,26,28,0,28,54
01/23/2004,JXN,MI,AGL,CE,Federal Contract Tower,0,0,6,0,6,0,6,0,0,6,0,6,6,0,12,6,0,6,18
01/24/2004,JXN,MI,AGL,CE,Federal Contract Tower,0,0,28,0,28,0,0,118,0,118,0,0,146,0,146,86,0,86,232
01/25/2004,JXN,MI,AGL,CE,Federal Contract Tower,0,0,17,0,17,0,0,40,10,50,0,0,57,10,67,12,0,12,79
01/26/2004,JXN,MI,AGL,CE,Federal Contract Tower,0,0,0,0,0,0,0,0,0,0,0,0,0,0,0,0,0,0,0
01/27/2004,JXN,MI,AGL,CE,Federal Contract Tower,0,0,4,0,4,0,0,0,0,0,0,0,4,0,4,0,0,0,4
01/28/2004,JXN,MI,AGL,CE,Federal Contract Tower,0,0,9,0,9,0,0,20,0,20,0,0,29,0,29,18,0,18,47
01/29/2004,JXN,MI,AGL,CE,Federal Contract Tower,0,0,29,0,29,0,0,16,0,16,0,0,45,0,45,18,0,18,63
01/30/2004,JXN,MI,AGL,CE,Federal Contract Tower,0,0,18,0,18,0,0,6,0,6,0,0,24,0,24,6,0,6,30
01/31/2004,JXN,MI,AGL,CE,Federal Contract Tower,0,0,102,0,102,0,0,39,0,39,0,0,141,0,141,34,0,34,175
02/01/2004,JXN,MI,AGL,CE,Federal Contract Tower,0,1,21,0,22,0,1,105,0,106,0,2,126,0,128,10,0,10,138
02/02/2004,JXN,MI,AGL,CE,Federal Contract Tower,0,1,32,0,33,0,3,69,0,72,0,4,101,0,105,76,0,76,181
02/03/2004,JXN,MI,AGL,CE,Federal Contract Tower,0,0,7,0,7,0,0,1,0,1,0,0,8,0,8,0,0,0,8
02/04/2004,JXN,MI,AGL,CE,Federal Contract Tower,0,2,37,0,39,0,0,134,0,134,0,2,171,0,173,154,0,154,327
02/05/2004,JXN,MI,AGL,CE,Federal Contract Tower,0,1,16,0,17,0,1,38,0,39,0,2,54,0,56,56,0,56,112
02/06/2004,JXN,MI,AGL,CE,Federal Contract Tower,0,0,0,0,0,0,0,4,0,4,0,0,4,0,4,0,0,0,4
02/07/2004,JXN,MI,AGL,CE,Federal Contract Tower,0,0,25,0,25,0,0,46,0,46,0,0,71,0,71,36,0,36,107
02/08/2004,JXN,MI,AGL,CE,Federal Contract Tower,0,0,13,0,13,0,0,115,0,115,0,0,128,0,128,22,0,22,150
02/09/2004,JXN,MI,AGL,CE,Federal Contract Tower,0,0,10,0,10,0,0,12,0,12,0,0,22,0,22,0,0,0,22
02/10/2004,JXN,MI,AGL,CE,Federal Contract Tower,0,0,16,0,16,0,0,8,0,8,0,0,24,0,24,0,0,0,24
02/11/2004,JXN,MI,AGL,CE,Federal Contract Tower,0,0,23,0,23,0,0,85,0,85,0,0,108,0,108,124,0,124,232
02/12/2004,JXN,MI,AGL,CE,Federal Contract Tower,0,1,15,0,16,0,3,18,0,21,0,4,33,0,37,122,0,122,159
02/13/2004,JXN,MI,AGL,CE,Federal Contract Tower,0,0,9,0,9,0,0,32,0,32,0,0,41,0,41,26,0,26,67
02/14/2004,JXN,MI,AGL,CE,Federal Contract Tower,0,0,42,0,42,0,0,109,0,109,0,0,151,0,151,32,0,32,183
02/15/2004,JXN,MI,AGL,CE,Federal Contract Tower,0,0,22,0,22,0,0,134,0,134,0,0,156,0,156,26,0,26,182
02/16/2004,JXN,MI,AGL,CE,Federal Contract Tower,0,0,11,0,11,0,0,86,0,86,0,0,97,0,97,82,0,82,179
02/17/2004,JXN,MI,AGL,CE,Federal Contract Tower,0,0,35,0,35,0,0,74,0,74,0,0,109,0,109,118,6,124,233
02/18/2004,JXN,MI,AGL,CE,Federal Contract Tower,0,1,33,0,34,0,1,37,0,38,0,2,70,0,72,72,0,72,144
02/19/2004,JXN,MI,AGL,CE,Federal Contract Tower,0,0,34,0,34,0,0,61,2,63,0,0,95,2,97,66,0,66,163
02/20/2004,JXN,MI,AGL,CE,Federal Contract Tower,0,0,0,0,0,0,0,0,0,0,0,0,0,0,0,0,0,0,0
02/21/2004,JXN,MI,AGL,CE,Federal Contract Tower,0,0,3,0,3,0,2,3,0,5,0,2,6,0,8,6,0,6,14
02/22/2004,JXN,MI,AGL,CE,Federal Contract Tower,0,0,56,0,56,0,0,169,0,169,0,0,225,0,225,38,0,38,263
02/23/2004,JXN,MI,AGL,CE,Federal Contract Tower,0,0,5,0,5,0,0,17,0,17,0,0,22,0,22,58,0,58,80
02/24/2004,JXN,MI,AGL,CE,Federal Contract Tower,0,0,27,0,27,0,2,16,0,18,0,2,43,0,45,48,0,48,93
02/25/2004,JXN,MI,AGL,CE,Federal Contract Tower,0,0,33,0,33,0,0,87,0,87,0,0,120,0,120,88,0,88,208
02/26/2004,JXN,MI,AGL,CE,Federal Contract Tower,0,0,40,0,40,0,0,53,0,53,0,0,93,0,93,72,2,74,167
02/27/2004,JXN,MI,AGL,CE,Federal Contract Tower,0,0,24,0,24,0,2,127,0,129,0,2,151,0,153,90,0,90,243
02/28/2004,JXN,MI,AGL,CE,Federal Contract Tower,0,1,35,0,36,0,1,177,0,178,0,2,212,0,214,68,0,68,282
02/29/2004,JXN,MI,AGL,CE,Federal Contract Tower,0,0,29,0,29,0,0,145,0,145,0,0,174,0,174,74,0,74,248
03/01/2004,JXN,MI,AGL,CE,Federal Contract Tower,0,0,9,0,9,0,0,11,0,11,0,0,20,0,20,66,0,66,86
03/02/2004,JXN,MI,AGL,CE,Federal Contract Tower,0,0,17,0,17,0,0,23,0,23,0,0,40,0,40,30,0,30,70
03/03/2004,JXN,MI,AGL,CE,Federal Contract Tower,0,2,24,1,27,0,2,58,1,61,0,4,82,2,88,158,0,158,246
03/04/2004,JXN,MI,AGL,CE,Federal Contract Tower,0,3,31,0,34,0,0,17,0,17,0,3,48,0,51,72,0,72,123
03/05/2004,JXN,MI,AGL,CE,Federal Contract Tower,0,0,0,0,0,0,0,3,0,3,0,0,3,0,3,2,0,2,5
03/06/2004,JXN,MI,AGL,CE,Federal Contract Tower,0,2,17,0,19,0,0,69,0,69,0,2,86,0,88,30,0,30,118
03/07/2004,JXN,MI,AGL,CE,Federal Contract Tower,0,0,10,0,10,0,0,10,0,10,0,0,20,0,20,0,0,0,20
03/08/2004,JXN,MI,AGL,CE,Federal Contract Tower,0,0,26,0,26,0,0,33,0,33,0,0,59,0,59,96,0,96,155
03/09/2004,JXN,MI,AGL,CE,Federal Contract Tower,0,2,22,0,24,0,0,61,0,61,0,2,83,0,85,116,0,116,201
03/10/2004,JXN,MI,AGL,CE,Federal Contract Tower,0,4,43,0,47,0,0,114,0,114,0,4,157,0,161,82,0,82,243
03/11/2004,JXN,MI,AGL,CE,Federal Contract Tower,0,0,6,0,6,0,0,2,0,2,0,0,8,0,8,0,0,0,8
03/12/2004,JXN,MI,AGL,CE,Federal Contract Tower,0,0,11,0,11,0,2,0,0,2,0,2,11,0,13,6,0,6,19
03/13/2004,JXN,MI,AGL,CE,Federal Contract Tower,0,2,62,0,64,0,0,163,0,163,0,2,225,0,227,48,0,48,275
03/14/2004,JXN,MI,AGL,CE,Federal Contract Tower,0,0,2,0,2,0,0,0,0,0,0,0,2,0,2,0,0,0,2
03/15/2004,JXN,MI,AGL,CE,Federal Contract Tower,0,0,30,0,30,0,0,89,0,89,0,0,119,0,119,60,0,60,179
03/16/2004,JXN,MI,AGL,CE,Federal Contract Tower,0,0,4,0,4,0,0,0,0,0,0,0,4,0,4,0,0,0,4
03/17/2004,JXN,MI,AGL,CE,Federal Contract Tower,0,0,20,0,20,0,0,17,4,21,0,0,37,4,41,232,0,232,273
03/18/2004,JXN,MI,AGL,CE,Federal Contract Tower,0,0,25,0,25,0,0,1,0,1,0,0,26,0,26,12,0,12,38
03/19/2004,JXN,MI,AGL,CE,Federal Contract Tower,0,0,30,0,30,0,0,47,0,47,0,0,77,0,77,38,0,38,115
03/20/2004,JXN,MI,AGL,CE,Federal Contract Tower,0,0,16,0,16,0,2,9,4,15,0,2,25,4,31,6,0,6,37
03/21/2004,JXN,MI,AGL,CE,Federal Contract Tower,0,0,15,0,15,0,2,15,4,21,0,2,30,4,36,0,0,0,36
03/22/2004,JXN,MI,AGL,CE,Federal Contract Tower,0,2,39,0,41,0,4,91,0,95,0,6,130,0,136,104,0,104,240
03/23/2004,JXN,MI,AGL,CE,Federal Contract Tower,0,0,18,0,18,0,6,100,0,106,0,6,118,0,124,60,0,60,184
03/24/2004,JXN,MI,AGL,CE,Federal Contract Tower,0,0,36,0,36,0,0,15,0,15,0,0,51,0,51,64,0,64,115
03/25/2004,JXN,MI,AGL,CE,Federal Contract Tower,0,1,29,0,30,0,1,39,0,40,0,2,68,0,70,80,0,80,150
03/26/2004,JXN,MI,AGL,CE,Federal Contract Tower,0,0,41,0,41,0,0,10,0,10,0,0,51,0,51,6,0,6,57
03/27/2004,JXN,MI,AGL,CE,Federal Contract Tower,0,3,74,0,77,0,1,39,0,40,0,4,113,0,117,36,0,36,153
03/28/2004,JXN,MI,AGL,CE,Federal Contract Tower,0,1,19,0,20,0,1,7,0,8,0,2,26,0,28,2,0,2,30
03/29/2004,JXN,MI,AGL,CE,Federal Contract Tower,0,1,26,0,27,0,1,49,0,50,0,2,75,0,77,142,0,142,219
03/30/2004,JXN,MI,AGL,CE,Federal Contract Tower,0,0,38,0,38,0,0,44,2,46,0,0,82,2,84,116,0,116,200
03/31/2004,JXN,MI,AGL,CE,Federal Contract Tower,0,0,22,0,22,0,0,28,6,34,0,0,50,6,56,62,0,62,118
04/01/2004,JXN,MI,AGL,CE,Federal Contract Tower,0,0,25,0,25,0,0,71,0,71,0,0,96,0,96,70,0,70,166
04/02/2004,JXN,MI,AGL,CE,Federal Contract Tower,0,0,30,0,30,0,0,93,0,93,0,0,123,0,123,54,0,54,177
04/03/2004,JXN,MI,AGL,CE,Federal Contract Tower,0,2,25,0,27,0,0,228,0,228,0,2,253,0,255,74,0,74,329
04/04/2004,JXN,MI,AGL,CE,Federal Contract Tower,0,0,13,0,13,0,0,33,4,37,0,0,46,4,50,18,0,18,68
04/05/2004,JXN,MI,AGL,CE,Federal Contract Tower,0,2,36,0,38,0,0,103,0,103,0,2,139,0,141,74,0,74,215
04/06/2004,JXN,MI,AGL,CE,Federal Contract Tower,0,2,22,0,24,0,2,60,0,62,0,4,82,0,86,86,0,86,172
04/07/2004,JXN,MI,AGL,CE,Federal Contract Tower,0,4,38,0,42,0,0,77,0,77,0,4,115,0,119,92,0,92,211
04/08/2004,JXN,MI,AGL,CE,Federal Contract Tower,0,4,33,0,37,0,2,26,0,28,0,6,59,0,65,64,0,64,129
04/09/2004,JXN,MI,AGL,CE,Federal Contract Tower,0,4,45,0,49,0,0,152,0,152,0,4,197,0,201,126,0,126,327
04/10/2004,JXN,MI,AGL,CE,Federal Contract Tower,0,0,25,0,25,0,0,202,0,202,0,0,227,0,227,40,0,40,267
04/11/2004,JXN,MI,AGL,CE,Federal Contract Tower,0,0,6,0,6,0,0,51,0,51,0,0,57,0,57,16,0,16,73
04/12/2004,JXN,MI,AGL,CE,Federal Contract Tower,0,0,24,0,24,0,0,58,0,58,0,0,82,0,82,196,0,196,278
04/13/2004,JXN,MI,AGL,CE,Federal Contract Tower,0,2,20,0,22,0,5,32,0,37,0,7,52,0,59,64,0,64,123
04/14/2004,JXN,MI,AGL,CE,Federal Contract Tower,0,3,29,0,32,0,4,129,0,133,0,7,158,0,165,200,0,200,365
04/15/2004,JXN,MI,AGL,CE,Federal Contract Tower,0,2,30,0,32,0,0,100,0,100,0,2,130,0,132,52,0,52,184
04/16/2004,JXN,MI,AGL,CE,Federal Contract Tower,0,5,50,0,55,0,0,65,0,65,0,5,115,0,120,78,0,78,198
04/17/2004,JXN,MI,AGL,CE,Federal Contract Tower,0,2,21,1,24,1,5,45,1,52,1,7,66,2,76,88,0,88,164
04/18/2004,JXN,MI,AGL,CE,Federal Contract Tower,0,2,25,0,27,0,0,62,0,62,0,2,87,0,89,4,0,4,93
04/19/2004,JXN,MI,AGL,CE,Federal Contract Tower,0,1,9,0,10,0,3,0,0,3,0,4,9,0,13,0,0,0,13
04/20/2004,JXN,MI,AGL,CE,Federal Contract Tower,0,1,31,0,32,0,0,80,0,80,0,1,111,0,112,138,0,138,250
04/21/2004,JXN,MI,AGL,CE,Federal Contract Tower,0,0,8,0,8,0,2,15,0,17,0,2,23,0,25,0,0,0,25
04/22/2004,JXN,MI,AGL,CE,Federal Contract Tower,0,3,34,0,37,0,3,88,0,91,0,6,122,0,128,90,0,90,218
04/23/2004,JXN,MI,AGL,CE,Federal Contract Tower,0,5,51,0,56,0,1,151,0,152,0,6,202,0,208,36,0,36,244
04/24/2004,JXN,MI,AGL,CE,Federal Contract Tower,0,2,25,0,27,0,4,138,0,142,0,6,163,0,169,84,0,84,253
04/25/2004,JXN,MI,AGL,CE,Federal Contract Tower,0,2,24,0,26,0,1,5,0,6,0,3,29,0,32,0,0,0,32
04/26/2004,JXN,MI,AGL,CE,Federal Contract Tower,0,1,20,0,21,0,0,25,0,25,0,1,45,0,46,30,0,30,76
04/27/2004,JXN,MI,AGL,CE,Federal Contract Tower,0,4,38,0,42,0,0,6,4,10,0,4,44,4,52,0,0,0,52
04/28/2004,JXN,MI,AGL,CE,Federal Contract Tower,0,2,20,0,22,0,1,30,4,35,0,3,50,4,57,2,0,2,59
04/29/2004,JXN,MI,AGL,CE,Federal Contract Tower,0,0,32,0,32,0,0,32,0,32,0,0,64,0,64,0,0,0,64
04/30/2004,JXN,MI,AGL,CE,Federal Contract Tower,0,0,23,0,23,0,0,43,4,47,0,0,66,4,70,62,0,62,132
05/01/2004,JXN,MI,AGL,CE,Federal Contract Tower,0,0,31,0,31,0,0,47,0,47,0,0,78,0,78,60,0,60,138
05/02/2004,JXN,MI,AGL,CE,Federal Contract Tower,0,0,18,0,18,0,0,42,0,42,0,0,60,0,60,0,0,0,60
05/03/2004,JXN,MI,AGL,CE,Federal Contract Tower,0,1,28,0,29,0,1,43,8,52,0,2,71,8,81,102,0,102,183
05/04/2004,JXN,MI,AGL,CE,Federal Contract Tower,0,1,31,0,32,0,1,34,0,35,0,2,65,0,67,36,0,36,103
05/05/2004,JXN,MI,AGL,CE,Federal Contract Tower,0,0,31,0,31,0,0,164,2,166,0,0,195,2,197,124,0,124,321
05/06/2004,JXN,MI,AGL,CE,Federal Contract Tower,0,0,15,0,15,0,0,94,0,94,0,0,109,0,109,16,0,16,125
05/07/2004,JXN,MI,AGL,CE,Federal Contract Tower,0,0,23,0,23,0,0,62,0,62,0,0,85,0,85,34,0,34,119
05/08/2004,JXN,MI,AGL,CE,Federal Contract Tower,0,2,36,0,38,0,0,80,0,80,0,2,116,0,118,50,0,50,168
05/09/2004,JXN,MI,AGL,CE,Federal Contract Tower,0,0,20,0,20,0,0,49,0,49,0,0,69,0,69,16,0,16,85
05/10/2004,JXN,MI,AGL,CE,Federal Contract Tower,0,1,23,0,24,0,0,68,0,68,0,1,91,0,92,50,0,50,142
05/11/2004,JXN,MI,AGL,CE,Federal Contract Tower,0,1,21,0,22,0,3,20,0,23,0,4,41,0,45,78,0,78,123
05/12/2004,JXN,MI,AGL,CE,Federal Contract Tower,0,0,11,0,11,0,0,98,0,98,0,0,109,0,109,64,0,64,173
05/13/2004,JXN,MI,AGL,CE,Federal Contract Tower,0,0,14,0,14,0,0,36,0,36,0,0,50,0,50,66,0,66,116
05/14/2004,JXN,MI,AGL,CE,Federal Contract Tower,0,0,19,0,19,0,0,11,0,11,0,0,30,0,30,6,0,6,36
05/15/2004,JXN,MI,AGL,CE,Federal Contract Tower,0,0,46,0,46,0,0,69,0,69,0,0,115,0,115,16,0,16,131
05/16/2004,JXN,MI,AGL,CE,Federal Contract Tower,0,0,34,0,34,0,0,152,0,152,0,0,186,0,186,36,0,36,222
05/17/2004,JXN,MI,AGL,CE,Federal Contract Tower,0,0,32,0,32,0,0,46,0,46,0,0,78,0,78,60,0,60,138
05/18/2004,JXN,MI,AGL,CE,Federal Contract Tower,0,1,34,0,35,0,3,62,0,65,0,4,96,0,100,46,0,46,146
05/19/2004,JXN,MI,AGL,CE,Federal Contract Tower,0,0,32,0,32,0,0,179,0,179,0,0,211,0,211,74,0,74,285
05/20/2004,JXN,MI,AGL,CE,Federal Contract Tower,0,1,33,0,34,0,1,12,0,13,0,2,45,0,47,48,0,48,95
05/21/2004,JXN,MI,AGL,CE,Federal Contract Tower,0,0,16,0,16,0,0,23,0,23,0,0,39,0,39,2,0,2,41
05/22/2004,JXN,MI,AGL,CE,Federal Contract Tower,0,0,10,0,10,0,0,11,0,11,0,0,21,0,21,10,0,10,31
05/23/2004,JXN,MI,AGL,CE,Federal Contract Tower,0,0,18,0,18,0,13,22,0,35,0,13,40,0,53,26,0,26,79
05/24/2004,JXN,MI,AGL,CE,Federal Contract Tower,0,0,16,0,16,0,1,43,0,44,0,1,59,0,60,82,0,82,142
05/25/2004,JXN,MI,AGL,CE,Federal Contract Tower,0,0,42,0,42,0,0,7,0,7,0,0,49,0,49,46,0,46,95
05/26/2004,JXN,MI,AGL,CE,Federal Contract Tower,0,0,26,0,26,0,0,110,0,110,0,0,136,0,136,84,0,84,220
05/27/2004,JXN,MI,AGL,CE,Federal Contract Tower,0,0,34,0,34,0,0,32,4,36,0,0,66,4,70,102,0,102,172
05/28/2004,JXN,MI,AGL,CE,Federal Contract Tower,0,0,50,0,50,0,0,62,2,64,0,0,112,2,114,24,2,26,140
05/29/2004,JXN,MI,AGL,CE,Federal Contract Tower,0,0,29,0,29,0,0,67,0,67,0,0,96,0,96,22,0,22,118
05/30/2004,JXN,MI,AGL,CE,Federal Contract Tower,0,0,6,0,6,0,0,190,0,190,0,0,196,0,196,146,0,146,342
05/31/2004,JXN,MI,AGL,CE,Federal Contract Tower,0,0,7,0,7,0,0,9,0,9,0,0,16,0,16,0,0,0,16
06/01/2004,JXN,MI,AGL,CE,Federal Contract Tower,0,1,11,0,12,0,1,78,0,79,0,2,89,0,91,24,0,24,115
06/02/2004,JXN,MI,AGL,CE,Federal Contract Tower,0,4,43,0,47,0,2,43,2,47,0,6,86,2,94,86,0,86,180
06/03/2004,JXN,MI,AGL,CE,Federal Contract Tower,0,0,32,0,32,0,0,205,0,205,0,0,237,0,237,98,0,98,335
06/04/2004,JXN,MI,AGL,CE,Federal Contract Tower,0,3,20,0,23,0,1,144,0,145,0,4,164,0,168,84,0,84,252
06/05/2004,JXN,MI,AGL,CE,Federal Contract Tower,0,0,21,0,21,0,0,205,0,205,0,0,226,0,226,80,0,80,306
06/06/2004,JXN,MI,AGL,CE,Federal Contract Tower,0,0,26,0,26,0,0,70,0,70,0,0,96,0,96,44,0,44,140
06/07/2004,JXN,MI,AGL,CE,Federal Contract Tower,0,1,25,0,26,0,7,85,0,92,0,8,110,0,118,110,0,110,228
06/08/2004,JXN,MI,AGL,CE,Federal Contract Tower,0,0,12,0,12,0,0,70,0,70,0,0,82,0,82,114,0,114,196
06/09/2004,JXN,MI,AGL,CE,Federal Contract Tower,0,0,15,0,15,0,0,53,0,53,0,0,68,0,68,118,0,118,186
06/10/2004,JXN,MI,AGL,CE,Federal Contract Tower,0,0,19,0,19,0,2,2,0,4,0,2,21,0,23,0,0,0,23
06/11/2004,JXN,MI,AGL,CE,Federal Contract Tower,0,2,38,0,40,0,4,4,0,8,0,6,42,0,48,28,0,28,76
06/12/2004,JXN,MI,AGL,CE,Federal Contract Tower,0,0,44,0,44,0,0,24,0,24,0,0,68,0,68,22,0,22,90
06/13/2004,JXN,MI,AGL,CE,Federal Contract Tower,0,0,22,0,22,0,0,25,0,25,0,0,47,0,47,12,0,12,59
06/14/2004,JXN,MI,AGL,CE,Federal Contract Tower,0,1,22,0,23,0,5,54,0,59,0,6,76,0,82,108,0,108,190
06/15/2004,JXN,MI,AGL,CE,Federal Contract Tower,0,2,37,0,39,0,0,193,2,195,0,2,230,2,234,114,0,114,348
06/16/2004,JXN,MI,AGL,CE,Federal Contract Tower,0,0,12,0,12,0,2,34,0,36,0,2,46,0,48,120,0,120,168
06/17/2004,JXN,MI,AGL,CE,Federal Contract Tower,0,2,52,0,54,0,0,65,0,65,0,2,117,0,119,36,0,36,155
06/18/2004,JXN,MI,AGL,CE,Federal Contract Tower,0,0,27,0,27,0,0,58,0,58,0,0,85,0,85,2,0,2,87
06/19/2004,JXN,MI,AGL,CE,Federal Contract Tower,0,1,27,0,28,0,3,90,0,93,0,4,117,0,121,40,0,40,161
06/20/2004,JXN,MI,AGL,CE,Federal Contract Tower,0,4,80,0,84,0,3,197,0,200,0,7,277,0,284,4,0,4,288
06/21/2004,JXN,MI,AGL,CE,Federal Contract Tower,0,0,31,0,31,0,0,48,0,48,0,0,79,0,79,44,0,44,123
06/22/2004,JXN,MI,AGL,CE,Federal Contract Tower,0,2,42,0,44,0,0,57,0,57,0,2,99,0,101,70,0,70,171
06/23/2004,JXN,MI,AGL,CE,Federal Contract Tower,0,2,39,0,41,0,2,107,0,109,0,4,146,0,150,124,0,124,274
06/24/2004,JXN,MI,AGL,CE,Federal Contract Tower,0,1,30,0,31,0,3,67,0,70,0,4,97,0,101,86,0,86,187
06/25/2004,JXN,MI,AGL,CE,Federal Contract Tower,0,0,29,0,29,0,0,96,0,96,0,0,125,0,125,82,0,82,207
06/26/2004,JXN,MI,AGL,CE,Federal Contract Tower,0,2,36,0,38,0,0,126,0,126,0,2,162,0,164,54,0,54,218
06/27/2004,JXN,MI,AGL,CE,Federal Contract Tower,0,1,26,0,27,0,0,143,0,143,0,1,169,0,170,26,0,26,196
06/28/2004,JXN,MI,AGL,CE,Federal Contract Tower,0,0,11,0,11,0,1,99,0,100,0,1,110,0,111,128,0,128,239
06/29/2004,JXN,MI,AGL,CE,Federal Contract Tower,0,0,31,0,31,0,0,124,2,126,0,0,155,2,157,84,0,84,241
06/30/2004,JXN,MI,AGL,CE,Federal Contract Tower,0,0,11,0,11,0,0,138,2,140,0,0,149,2,151,88,0,88,239
07/01/2004,JXN,MI,AGL,CE,Federal Contract Tower,0,0,8,0,8,0,0,126,0,126,0,0,134,0,134,88,0,88,222
07/02/2004,JXN,MI,AGL,CE,Federal Contract Tower,0,1,15,0,16,0,3,117,0,120,0,4,132,0,136,82,0,82,218
07/03/2004,JXN,MI,AGL,CE,Federal Contract Tower,0,2,21,0,23,0,0,155,0,155,0,2,176,0,178,46,0,46,224
07/04/2004,JXN,MI,AGL,CE,Federal Contract Tower,0,3,21,0,24,0,1,4,0,5,0,4,25,0,29,0,0,0,29
07/05/2004,JXN,MI,AGL,CE,Federal Contract Tower,0,0,24,0,24,0,0,65,0,65,0,0,89,0,89,62,0,62,151
07/06/2004,JXN,MI,AGL,CE,Federal Contract Tower,0,2,24,0,26,0,0,80,0,80,0,2,104,0,106,72,0,72,178
07/07/2004,JXN,MI,AGL,CE,Federal Contract Tower,0,4,35,0,39,0,7,61,0,68,0,11,96,0,107,64,0,64,171
07/08/2004,JXN,MI,AGL,CE,Federal Contract Tower,0,3,33,0,36,0,1,94,0,95,0,4,127,0,131,62,0,62,193
07/09/2004,JXN,MI,AGL,CE,Federal Contract Tower,0,2,24,0,26,0,3,247,1,251,0,5,271,1,277,42,0,42,319
07/10/2004,JXN,MI,AGL,CE,Federal Contract Tower,0,0,11,0,11,0,2,272,4,278,0,2,283,4,289,8,0,8,297
07/11/2004,JXN,MI,AGL,CE,Federal Contract Tower,0,0,6,0,6,0,0,144,0,144,0,0,150,0,150,74,0,74,224
07/12/2004,JXN,MI,AGL,CE,Federal Contract Tower,0,1,16,0,17,0,0,26,8,34,0,1,42,8,51,114,0,114,165
07/13/2004,JXN,MI,AGL,CE,Federal Contract Tower,0,1,25,0,26,0,0,92,0,92,0,1,117,0,118,96,0,96,214
07/14/2004,JXN,MI,AGL,CE,Federal Contract Tower,0,1,20,0,21,0,2,62,0,64,0,3,82,0,85,60,0,60,145
07/15/2004,JXN,MI,AGL,CE,Federal Contract Tower,0,0,13,0,13,0,1,77,1,79,0,1,90,1,92,44,0,44,136
07/16/2004,JXN,MI,AGL,CE,Federal Contract Tower,0,1,19,0,20,0,2,80,2,84,0,3,99,2,104,14,0,14,118
07/17/2004,JXN,MI,AGL,CE,Federal Contract Tower,0,0,10,0,10,0,0,138,0,138,0,0,148,0,148,6,0,6,154
07/18/2004,JXN,MI,AGL,CE,Federal Contract Tower,0,0,10,0,10,0,1,161,1,163,0,1,171,1,173,64,0,64,237
07/19/2004,JXN,MI,AGL,CE,Federal Contract Tower,0,1,18,0,19,0,0,85,0,85,0,1,103,0,104,154,0,154,258
07/20/2004,JXN,MI,AGL,CE,Federal Contract Tower,0,0,39,0,39,0,0,85,0,85,0,0,124,0,124,144,0,144,268
07/21/2004,JXN,MI,AGL,CE,Federal Contract Tower,0,0,21,0,21,0,0,36,0,36,0,0,57,0,57,68,0,68,125
07/22/2004,JXN,MI,AGL,CE,Federal Contract Tower,0,2,38,0,40,0,0,53,12,65,0,2,91,12,105,76,0,76,181
07/23/2004,JXN,MI,AGL,CE,Federal Contract Tower,0,1,17,0,18,0,5,108,0,113,0,6,125,0,131,58,0,58,189
07/24/2004,JXN,MI,AGL,CE,Federal Contract Tower,0,0,29,0,29,0,0,222,0,222,0,0,251,0,251,38,0,38,289
07/25/2004,JXN,MI,AGL,CE,Federal Contract Tower,0,1,16,0,17,0,1,120,0,121,0,2,136,0,138,32,0,32,170
07/26/2004,JXN,MI,AGL,CE,Federal Contract Tower,0,0,23,0,23,0,0,101,0,101,0,0,124,0,124,124,0,124,248
07/27/2004,JXN,MI,AGL,CE,Federal Contract Tower,0,1,33,0,34,0,0,37,2,39,0,1,70,2,73,106,0,106,179
07/28/2004,JXN,MI,AGL,CE,Federal Contract Tower,0,1,19,0,20,0,1,135,0,136,0,2,154,0,156,30,0,30,186
07/29/2004,JXN,MI,AGL,CE,Federal Contract Tower,0,0,47,0,47,0,0,83,0,83,0,0,130,0,130,68,0,68,198
07/30/2004,JXN,MI,AGL,CE,Federal Contract Tower,0,0,64,0,64,0,0,0,0,0,0,0,64,0,64,68,0,68,132
07/31/2004,JXN,MI,AGL,CE,Federal Contract Tower,0,0,43,0,43,0,0,61,0,61,0,0,104,0,104,18,0,18,122
08/01/2004,JXN,MI,AGL,CE,Federal Contract Tower,0,2,63,0,65,0,0,136,0,136,0,2,199,0,201,30,0,30,231
08/02/2004,JXN,MI,AGL,CE,Federal Contract Tower,0,0,22,0,22,0,0,82,0,82,0,0,104,0,104,150,0,150,254
08/03/2004,JXN,MI,AGL,CE,Federal Contract Tower,0,0,17,0,17,0,0,88,0,88,0,0,105,0,105,90,0,90,195
08/04/2004,JXN,MI,AGL,CE,Federal Contract Tower,0,0,24,0,24,0,0,47,0,47,0,0,71,0,71,48,0,48,119
08/05/2004,JXN,MI,AGL,CE,Federal Contract Tower,0,1,12,0,13,0,3,81,0,84,0,4,93,0,97,90,0,90,187
08/06/2004,JXN,MI,AGL,CE,Federal Contract Tower,0,0,10,0,10,0,0,126,0,126,0,0,136,0,136,32,0,32,168
08/07/2004,JXN,MI,AGL,CE,Federal Contract Tower,0,0,14,0,14,0,0,160,0,160,0,0,174,0,174,12,0,12,186
08/08/2004,JXN,MI,AGL,CE,Federal Contract Tower,0,2,23,0,25,0,0,118,0,118,0,2,141,0,143,26,0,26,169
08/09/2004,JXN,MI,AGL,CE,Federal Contract Tower,0,2,27,0,29,0,0,61,0,61,0,2,88,0,90,92,0,92,182
08/10/2004,JXN,MI,AGL,CE,Federal Contract Tower,0,0,31,0,31,0,0,59,0,59,0,0,90,0,90,88,0,88,178
08/11/2004,JXN,MI,AGL,CE,Federal Contract Tower,0,0,22,0,22,0,0,44,0,44,0,0,66,0,66,32,0,32,98
08/12/2004,JXN,MI,AGL,CE,Federal Contract Tower,0,0,41,0,41,0,0,52,0,52,0,0,93,0,93,92,0,92,185
08/13/2004,JXN,MI,AGL,CE,Federal Contract Tower,0,1,21,0,22,0,0,80,0,80,0,1,101,0,102,164,0,164,266
08/14/2004,JXN,MI,AGL,CE,Federal Contract Tower,0,1,15,0,16,0,0,100,0,100,0,1,115,0,116,36,0,36,152
08/15/2004,JXN,MI,AGL,CE,Federal Contract Tower,0,1,20,0,21,0,1,127,0,128,0,2,147,0,149,28,0,28,177
08/16/2004,JXN,MI,AGL,CE,Federal Contract Tower,0,0,30,0,30,0,0,81,0,81,0,0,111,0,111,126,0,126,237
08/17/2004,JXN,MI,AGL,CE,Federal Contract Tower,0,1,34,0,35,0,1,147,0,148,0,2,181,0,183,80,0,80,263
08/18/2004,JXN,MI,AGL,CE,Federal Contract Tower,0,0,45,0,45,0,0,25,0,25,0,0,70,0,70,58,0,58,128
08/19/2004,JXN,MI,AGL,CE,Federal Contract Tower,0,3,74,0,77,0,5,70,0,75,0,8,144,0,152,80,0,80,232
08/20/2004,JXN,MI,AGL,CE,Federal Contract Tower,0,1,36,0,37,0,0,58,2,60,0,1,94,2,97,44,0,44,141
08/21/2004,JXN,MI,AGL,CE,Federal Contract Tower,0,2,39,0,41,0,5,138,16,159,0,7,177,16,200,30,0,30,230
08/22/2004,JXN,MI,AGL,CE,Federal Contract Tower,0,4,82,0,86,0,2,191,12,205,0,6,273,12,291,2,0,2,293
08/23/2004,JXN,MI,AGL,CE,Federal Contract Tower,0,0,9,0,9,0,0,58,0,58,0,0,67,0,67,44,0,44,111
08/24/2004,JXN,MI,AGL,CE,Federal Contract Tower,0,0,30,0,30,0,0,38,0,38,0,0,68,0,68,36,0,36,104
08/25/2004,JXN,MI,AGL,CE,Federal Contract Tower,0,1,23,0,24,0,1,37,0,38,0,2,60,0,62,82,0,82,144
08/26/2004,JXN,MI,AGL,CE,Federal Contract Tower,0,2,38,0,40,0,8,50,0,58,0,10,88,0,98,50,0,50,148
08/27/2004,JXN,MI,AGL,CE,Federal Contract Tower,0,0,17,0,17,0,6,43,0,49,0,6,60,0,66,42,0,42,108
08/28/2004,JXN,MI,AGL,CE,Federal Contract Tower,0,0,20,0,20,0,0,8,0,8,0,0,28,0,28,0,0,0,28
08/29/2004,JXN,MI,AGL,CE,Federal Contract Tower,0,0,32,0,32,0,0,9,0,9,0,0,41,0,41,0,0,0,41
08/30/2004,JXN,MI,AGL,CE,Federal Contract Tower,0,1,27,0,28,0,5,112,0,117,0,6,139,0,145,52,0,52,197
08/31/2004,JXN,MI,AGL,CE,Federal Contract Tower,0,0,45,0,45,0,0,126,0,126,0,0,171,0,171,112,0,112,283
09/01/2004,JXN,MI,AGL,CE,Federal Contract Tower,0,0,49,0,49,0,0,109,1,110,0,0,158,1,159,116,0,116,275
09/02/2004,JXN,MI,AGL,CE,Federal Contract Tower,0,1,28,0,29,0,1,75,0,76,0,2,103,0,105,104,0,104,209
09/03/2004,JXN,MI,AGL,CE,Federal Contract Tower,0,0,28,0,28,0,0,62,0,62,0,0,90,0,90,38,0,38,128
09/04/2004,JXN,MI,AGL,CE,Federal Contract Tower,0,1,25,0,26,0,2,62,0,64,0,3,87,0,90,0,0,0,90
09/05/2004,JXN,MI,AGL,CE,Federal Contract Tower,0,1,15,0,16,0,3,45,0,48,0,4,60,0,64,2,0,2,66
09/06/2004,JXN,MI,AGL,CE,Federal Contract Tower,0,0,8,0,8,0,0,88,0,88,0,0,96,0,96,0,0,0,96
09/07/2004,JXN,MI,AGL,CE,Federal Contract Tower,0,2,37,0,39,0,4,80,0,84,0,6,117,0,123,82,0,82,205
09/08/2004,JXN,MI,AGL,CE,Federal Contract Tower,0,1,25,0,26,0,0,69,0,69,0,1,94,0,95,80,0,80,175
09/09/2004,JXN,MI,AGL,CE,Federal Contract Tower,0,0,28,0,28,0,0,76,0,76,0,0,104,0,104,54,0,54,158
09/10/2004,JXN,MI,AGL,CE,Federal Contract Tower,0,0,28,0,28,0,0,114,0,114,0,0,142,0,142,54,0,54,196
09/11/2004,JXN,MI,AGL,CE,Federal Contract Tower,0,1,22,0,23,0,0,151,0,151,0,1,173,0,174,50,0,50,224
09/12/2004,JXN,MI,AGL,CE,Federal Contract Tower,0,0,40,0,40,0,0,141,0,141,0,0,181,0,181,14,0,14,195
09/13/2004,JXN,MI,AGL,CE,Federal Contract Tower,0,1,9,0,10,0,1,70,0,71,0,2,79,0,81,70,0,70,151
09/14/2004,JXN,MI,AGL,CE,Federal Contract Tower,0,1,27,0,28,0,1,68,0,69,0,2,95,0,97,80,0,80,177
09/15/2004,JXN,MI,AGL,CE,Federal Contract Tower,0,0,22,0,22,0,0,79,4,83,0,0,101,4,105,106,0,106,211
09/16/2004,JXN,MI,AGL,CE,Federal Contract Tower,0,0,30,0,30,0,0,55,0,55,0,0,85,0,85,40,0,40,125
09/17/2004,JXN,MI,AGL,CE,Federal Contract Tower,0,0,16,0,16,0,0,66,0,66,0,0,82,0,82,36,0,36,118
09/18/2004,JXN,MI,AGL,CE,Federal Contract Tower,0,0,27,0,27,0,4,168,0,172,0,4,195,0,199,38,0,38,237
09/19/2004,JXN,MI,AGL,CE,Federal Contract Tower,0,0,35,0,35,0,0,159,0,159,0,0,194,0,194,62,0,62,256
09/20/2004,JXN,MI,AGL,CE,Federal Contract Tower,0,1,36,0,37,0,0,100,0,100,0,1,136,0,137,122,0,122,259
09/21/2004,JXN,MI,AGL,CE,Federal Contract Tower,0,1,36,1,38,0,1,124,0,125,0,2,160,1,163,100,0,100,263
09/22/2004,JXN,MI,AGL,CE,Federal Contract Tower,0,1,42,0,43,0,0,114,2,116,0,1,156,2,159,44,0,44,203
09/23/2004,JXN,MI,AGL,CE,Federal Contract Tower,0,0,38,0,38,0,0,103,0,103,0,0,141,0,141,48,0,48,189
09/24/2004,JXN,MI,AGL,CE,Federal Contract Tower,0,1,42,0,43,0,1,65,2,68,0,2,107,2,111,52,0,52,163
09/25/2004,JXN,MI,AGL,CE,Federal Contract Tower,0,0,22,0,22,0,0,115,0,115,0,0,137,0,137,32,0,32,169
09/26/2004,JXN,MI,AGL,CE,Federal Contract Tower,0,0,25,0,25,0,2,141,0,143,0,2,166,0,168,38,0,38,206
09/27/2004,JXN,MI,AGL,CE,Federal Contract Tower,0,0,11,0,11,0,0,96,0,96,0,0,107,0,107,56,0,56,163
09/28/2004,JXN,MI,AGL,CE,Federal Contract Tower,0,0,18,0,18,0,0,14,0,14,0,0,32,0,32,16,0,16,48
09/29/2004,JXN,MI,AGL,CE,Federal Contract Tower,0,1,32,0,33,0,1,100,0,101,0,2,132,0,134,58,0,58,192
09/30/2004,JXN,MI,AGL,CE,Federal Contract Tower,0,0,22,0,22,0,0,95,4,99,0,0,117,4,121,96,0,96,217
10/01/2004,JXN,MI,AGL,CE,Federal Contract Tower,0,0,21,0,21,0,0,82,0,82,0,0,103,0,103,30,0,30,133
10/02/2004,JXN,MI,AGL,CE,Federal Contract Tower,0,0,13,0,13,0,0,48,0,48,0,0,61,0,61,38,0,38,99
10/03/2004,JXN,MI,AGL,CE,Federal Contract Tower,0,0,24,0,24,0,0,126,0,126,0,0,150,0,150,54,0,54,204
10/04/2004,JXN,MI,AGL,CE,Federal Contract Tower,0,3,11,0,14,0,0,45,0,45,0,3,56,0,59,92,0,92,151
10/05/2004,JXN,MI,AGL,CE,Federal Contract Tower,0,2,42,0,44,0,0,95,0,95,0,2,137,0,139,62,0,62,201
10/06/2004,JXN,MI,AGL,CE,Federal Contract Tower,0,0,29,0,29,0,0,113,0,113,0,0,142,0,142,72,0,72,214
10/07/2004,JXN,MI,AGL,CE,Federal Contract Tower,0,0,33,0,33,0,2,88,0,90,0,2,121,0,123,84,0,84,207
10/08/2004,JXN,MI,AGL,CE,Federal Contract Tower,0,9,15,4,28,0,0,34,0,34,0,9,49,4,62,32,0,32,94
10/09/2004,JXN,MI,AGL,CE,Federal Contract Tower,0,0,20,0,20,0,0,74,0,74,0,0,94,0,94,18,0,18,112
10/10/2004,JXN,MI,AGL,CE,Federal Contract Tower,0,2,13,0,15,0,0,188,0,188,0,2,201,0,203,36,0,36,239
10/11/2004,JXN,MI,AGL,CE,Federal Contract Tower,0,0,9,0,9,0,0,76,0,76,0,0,85,0,85,122,0,122,207
10/12/2004,JXN,MI,AGL,CE,Federal Contract Tower,0,0,11,0,11,0,2,41,0,43,0,2,52,0,54,82,0,82,136
10/13/2004,JXN,MI,AGL,CE,Federal Contract Tower,0,0,14,0,14,0,0,34,0,34,0,0,48,0,48,136,0,136,184
10/14/2004,JXN,MI,AGL,CE,Federal Contract Tower,0,0,35,0,35,0,4,50,0,54,0,4,85,0,89,80,0,80,169
10/15/2004,JXN,MI,AGL,CE,Federal Contract Tower,0,1,35,0,36,0,0,3,0,3,0,1,38,0,39,2,0,2,41
10/16/2004,JXN,MI,AGL,CE,Federal Contract Tower,0,0,13,0,13,0,0,0,0,0,0,0,13,0,13,0,0,0,13
10/17/2004,JXN,MI,AGL,CE,Federal Contract Tower,0,2,17,0,19,0,0,27,0,27,0,2,44,0,46,0,0,0,46
10/18/2004,JXN,MI,AGL,CE,Federal Contract Tower,0,0,21,0,21,0,0,37,0,37,0,0,58,0,58,78,0,78,136
10/19/2004,JXN,MI,AGL,CE,Federal Contract Tower,0,6,34,0,40,0,0,11,0,11,0,6,45,0,51,10,0,10,61
10/20/2004,JXN,MI,AGL,CE,Federal Contract Tower,0,0,35,0,35,0,3,10,0,13,0,3,45,0,48,44,0,44,92
10/21/2004,JXN,MI,AGL,CE,Federal Contract Tower,0,0,34,0,34,0,2,36,0,38,0,2,70,0,72,96,0,96,168
10/22/2004,JXN,MI,AGL,CE,Federal Contract Tower,0,8,32,0,40,0,2,56,0,58,0,10,88,0,98,104,0,104,202
10/23/2004,JXN,MI,AGL,CE,Federal Contract Tower,0,0,16,0,16,0,0,4,0,4,0,0,20,0,20,2,0,2,22
10/24/2004,JXN,MI,AGL,CE,Federal Contract Tower,0,1,55,0,56,0,0,76,0,76,0,1,131,0,132,96,0,96,228
10/25/2004,JXN,MI,AGL,CE,Federal Contract Tower,0,2,18,0,20,0,0,105,0,105,0,2,123,0,125,126,0,126,251
10/26/2004,JXN,MI,AGL,CE,Federal Contract Tower,0,0,13,0,13,0,0,48,0,48,0,0,61,0,61,82,0,82,143
10/27/2004,JXN,MI,AGL,CE,Federal Contract Tower,0,0,27,0,27,0,0,28,4,32,0,0,55,4,59,110,0,110,169
10/28/2004,JXN,MI,AGL,CE,Federal Contract Tower,0,2,22,0,24,0,0,50,0,50,0,2,72,0,74,112,0,112,186
10/29/2004,JXN,MI,AGL,CE,Federal Contract Tower,0,0,5,0,5,0,0,1,0,1,0,0,6,0,6,2,0,2,8
10/30/2004,JXN,MI,AGL,CE,Federal Contract Tower,0,0,9,0,9,0,0,11,0,11,0,0,20,0,20,6,0,6,26
10/31/2004,JXN,MI,AGL,CE,Federal Contract Tower,0,0,15,0,15,0,5,45,0,50,0,5,60,0,65,16,0,16,81
11/01/2004,JXN,MI,AGL,CE,Federal Contract Tower,0,0,15,0,15,0,2,40,0,42,0,2,55,0,57,114,0,114,171
11/02/2004,JXN,MI,AGL,CE,Federal Contract Tower,0,0,33,0,33,0,0,1,0,1,0,0,34,0,34,0,0,0,34
11/03/2004,JXN,MI,AGL,CE,Federal Contract Tower,0,0,36,0,36,0,0,95,0,95,0,0,131,0,131,126,0,126,257
11/04/2004,JXN,MI,AGL,CE,Federal Contract Tower,0,4,27,0,31,0,0,1,0,1,0,4,28,0,32,0,0,0,32
11/05/2004,JXN,MI,AGL,CE,Federal Contract Tower,0,2,18,0,20,0,2,53,0,55,0,4,71,0,75,46,0,46,121
11/06/2004,JXN,MI,AGL,CE,Federal Contract Tower,0,0,28,0,28,0,0,175,0,175,0,0,203,0,203,66,0,66,269
11/07/2004,JXN,MI,AGL,CE,Federal Contract Tower,0,0,14,0,14,0,0,109,2,111,0,0,123,2,125,30,0,30,155
11/08/2004,JXN,MI,AGL,CE,Federal Contract Tower,0,0,20,0,20,0,3,49,0,52,0,3,69,0,72,98,0,98,170
11/09/2004,JXN,MI,AGL,CE,Federal Contract Tower,0,1,18,0,19,0,1,79,0,80,0,2,97,0,99,108,0,108,207
11/10/2004,JXN,MI,AGL,CE,Federal Contract Tower,0,0,30,0,30,0,4,72,0,76,0,4,102,0,106,62,0,62,168
11/11/2004,JXN,MI,AGL,CE,Federal Contract Tower,0,6,11,0,17,0,2,59,0,61,0,8,70,0,78,48,0,48,126
11/12/2004,JXN,MI,AGL,CE,Federal Contract Tower,0,2,13,0,15,0,0,83,0,83,0,2,96,0,98,78,0,78,176
11/13/2004,JXN,MI,AGL,CE,Federal Contract Tower,0,0,18,0,18,0,0,151,0,151,0,0,169,0,169,60,0,60,229
11/14/2004,JXN,MI,AGL,CE,Federal Contract Tower,0,0,31,0,31,0,2,211,0,213,0,2,242,0,244,26,0,26,270
11/15/2004,JXN,MI,AGL,CE,Federal Contract Tower,0,0,47,0,47,0,1,66,0,67,0,1,113,0,114,112,0,112,226
11/16/2004,JXN,MI,AGL,CE,Federal Contract Tower,0,0,25,0,25,0,0,1,2,3,0,0,26,2,28,0,0,0,28
11/17/2004,JXN,MI,AGL,CE,Federal Contract Tower,0,0,21,0,21,0,0,0,0,0,0,0,21,0,21,0,0,0,21
11/18/2004,JXN,MI,AGL,CE,Federal Contract Tower,0,0,46,0,46,0,0,52,0,52,0,0,98,0,98,102,0,102,200
11/19/2004,JXN,MI,AGL,CE,Federal Contract Tower,0,0,12,0,12,0,0,0,0,0,0,0,12,0,12,0,0,0,12
11/20/2004,JXN,MI,AGL,CE,Federal Contract Tower,0,2,39,0,41,0,0,6,0,6,0,2,45,0,47,6,0,6,53
11/21/2004,JXN,MI,AGL,CE,Federal Contract Tower,0,0,51,0,51,0,0,146,0,146,0,0,197,0,197,76,0,76,273
11/22/2004,JXN,MI,AGL,CE,Federal Contract Tower,0,0,43,0,43,0,4,84,0,88,0,4,127,0,131,66,0,66,197
11/23/2004,JXN,MI,AGL,CE,Federal Contract Tower,0,0,16,0,16,0,2,3,0,5,0,2,19,0,21,18,2,20,41
11/24/2004,JXN,MI,AGL,CE,Federal Contract Tower,0,0,4,0,4,0,2,0,0,2,0,2,4,0,6,0,0,0,6
11/25/2004,JXN,MI,AGL,CE,Federal Contract Tower,0,0,8,0,8,0,0,8,0,8,0,0,16,0,16,0,0,0,16
11/26/2004,JXN,MI,AGL,CE,Federal Contract Tower,0,0,6,0,6,0,0,53,0,53,0,0,59,0,59,30,0,30,89
11/27/2004,JXN,MI,AGL,CE,Federal Contract Tower,0,0,10,0,10,0,2,11,0,13,0,2,21,0,23,0,0,0,23
11/28/2004,JXN,MI,AGL,CE,Federal Contract Tower,0,0,12,0,12,0,0,14,0,14,0,0,26,0,26,12,0,12,38
11/29/2004,JXN,MI,AGL,CE,Federal Contract Tower,0,0,31,0,31,0,4,39,0,43,0,4,70,0,74,32,0,32,106
11/30/2004,JXN,MI,AGL,CE,Federal Contract Tower,0,0,3,0,3,0,0,0,0,0,0,0,3,0,3,0,0,0,3
12/01/2004,JXN,MI,AGL,CE,Federal Contract Tower,0,0,6,0,6,0,0,45,0,45,0,0,51,0,51,30,0,30,81
12/02/2004,JXN,MI,AGL,CE,Federal Contract Tower,0,0,34,0,34,0,0,51,0,51,0,0,85,0,85,114,0,114,199
12/03/2004,JXN,MI,AGL,CE,Federal Contract Tower,0,0,34,0,34,0,0,68,0,68,0,0,102,0,102,20,0,20,122
12/04/2004,JXN,MI,AGL,CE,Federal Contract Tower,0,1,14,0,15,0,1,150,0,151,0,2,164,0,166,4,0,4,170
12/05/2004,JXN,MI,AGL,CE,Federal Contract Tower,0,0,26,0,26,0,1,151,0,152,0,1,177,0,178,56,0,56,234
12/06/2004,JXN,MI,AGL,CE,Federal Contract Tower,0,0,5,0,5,0,0,0,0,0,0,0,5,0,5,0,0,0,5
12/07/2004,JXN,MI,AGL,CE,Federal Contract Tower,0,0,10,0,10,0,0,0,0,0,0,0,10,0,10,0,0,0,10
12/08/2004,JXN,MI,AGL,CE,Federal Contract Tower,0,0,35,0,35,0,0,79,2,81,0,0,114,2,116,94,0,94,210
12/09/2004,JXN,MI,AGL,CE,Federal Contract Tower,0,2,36,0,38,0,2,45,2,49,0,4,81,2,87,130,0,130,217
12/10/2004,JXN,MI,AGL,CE,Federal Contract Tower,0,0,22,0,22,0,0,3,0,3,0,0,25,0,25,4,0,4,29
12/11/2004,JXN,MI,AGL,CE,Federal Contract Tower,0,0,8,0,8,0,0,10,0,10,0,0,18,0,18,42,0,42,60
12/12/2004,JXN,MI,AGL,CE,Federal Contract Tower,0,0,6,0,6,0,0,1,0,1,0,0,7,0,7,0,0,0,7
12/13/2004,JXN,MI,AGL,CE,Federal Contract Tower,0,0,2,0,2,0,0,0,0,0,0,0,2,0,2,0,0,0,2
12/14/2004,JXN,MI,AGL,CE,Federal Contract Tower,0,0,15,0,15,0,0,47,0,47,0,0,62,0,62,80,0,80,142
12/15/2004,JXN,MI,AGL,CE,Federal Contract Tower,0,4,42,0,46,0,0,94,0,94,0,4,136,0,140,118,0,118,258
12/16/2004,JXN,MI,AGL,CE,Federal Contract Tower,0,0,15,0,15,0,0,35,0,35,0,0,50,0,50,32,0,32,82
12/17/2004,JXN,MI,AGL,CE,Federal Contract Tower,0,0,27,2,29,0,2,86,0,88,0,2,113,2,117,102,0,102,219
12/18/2004,JXN,MI,AGL,CE,Federal Contract Tower,0,0,4,0,4,0,0,32,0,32,0,0,36,0,36,92,0,92,128
12/19/2004,JXN,MI,AGL,CE,Federal Contract Tower,0,0,0,0,0,0,2,15,0,17,0,2,15,0,17,10,0,10,27
12/20/2004,JXN,MI,AGL,CE,Federal Contract Tower,0,0,19,0,19,0,0,24,0,24,0,0,43,0,43,10,0,10,53
12/21/2004,JXN,MI,AGL,CE,Federal Contract Tower,0,0,13,0,13,0,5,62,0,67,0,5,75,0,80,52,0,52,132
12/22/2004,JXN,MI,AGL,CE,Federal Contract Tower,0,0,8,0,8,0,0,35,0,35,0,0,43,0,43,65,0,65,108
12/23/2004,JXN,MI,AGL,CE,Federal Contract Tower,0,0,2,0,2,0,0,9,0,9,0,0,11,0,11,8,0,8,19
12/24/2004,JXN,MI,AGL,CE,Federal Contract Tower,0,0,4,0,4,0,0,5,0,5,0,0,9,0,9,0,0,0,9
12/25/2004,JXN,MI,AGL,CE,Federal Contract Tower,0,0,2,0,2,0,0,1,0,1,0,0,3,0,3,0,0,0,3
12/26/2004,JXN,MI,AGL,CE,Federal Contract Tower,0,0,10,0,10,0,0,78,0,78,0,0,88,0,88,30,0,30,118
12/27/2004,JXN,MI,AGL,CE,Federal Contract Tower,0,0,13,0,13,0,0,37,0,37,0,0,50,0,50,12,0,12,62
12/28/2004,JXN,MI,AGL,CE,Federal Contract Tower,0,0,26,0,26,0,2,58,0,60,0,2,84,0,86,84,0,84,170
12/29/2004,JXN,MI,AGL,CE,Federal Contract Tower,0,0,24,0,24,0,0,7,0,7,0,0,31,0,31,34,0,34,65
12/30/2004,JXN,MI,AGL,CE,Federal Contract Tower,0,0,16,0,16,0,0,0,0,0,0,0,16,0,16,16,0,16,32
12/31/2004,JXN,MI,AGL,CE,Federal Contract Tower,0,0,5,0,5,0,0,14,0,14,0,0,19,0,19,24,0,24,43
01/01/2005,JXN,MI,AGL,CE,Federal Contract Tower,0,0,16,0,16,0,4,148,0,152,0,4,164,0,168,32,0,32,200
01/02/2005,JXN,MI,AGL,CE,Federal Contract Tower,0,0,4,0,4,0,0,0,0,0,0,0,4,0,4,0,0,0,4
01/03/2005,JXN,MI,AGL,CE,Federal Contract Tower,0,0,6,0,6,0,0,0,0,0,0,0,6,0,6,0,0,0,6
01/04/2005,JXN,MI,AGL,CE,Federal Contract Tower,0,4,3,0,7,0,0,0,0,0,0,4,3,0,7,0,0,0,7
01/05/2005,JXN,MI,AGL,CE,Federal Contract Tower,0,2,0,0,2,0,0,0,0,0,0,2,0,0,2,0,0,0,2
01/06/2005,JXN,MI,AGL,CE,Federal Contract Tower,0,2,0,0,2,0,0,0,0,0,0,2,0,0,2,0,0,0,2
01/07/2005,JXN,MI,AGL,CE,Federal Contract Tower,0,0,13,4,17,0,0,19,0,19,0,0,32,4,36,6,0,6,42
01/08/2005,JXN,MI,AGL,CE,Federal Contract Tower,0,0,11,0,11,0,0,14,0,14,0,0,25,0,25,12,0,12,37
01/09/2005,JXN,MI,AGL,CE,Federal Contract Tower,0,0,15,0,15,0,0,15,0,15,0,0,30,0,30,12,0,12,42
01/10/2005,JXN,MI,AGL,CE,Federal Contract Tower,0,0,11,0,11,0,0,56,0,56,0,0,67,0,67,56,0,56,123
01/11/2005,JXN,MI,AGL,CE,Federal Contract Tower,0,0,0,0,0,0,0,0,0,0,0,0,0,0,0,0,0,0,0
01/12/2005,JXN,MI,AGL,CE,Federal Contract Tower,0,0,4,0,4,0,0,2,0,2,0,0,6,0,6,0,0,0,6
01/13/2005,JXN,MI,AGL,CE,Federal Contract Tower,0,2,6,0,8,0,0,1,0,1,0,2,7,0,9,0,0,0,9
01/14/2005,JXN,MI,AGL,CE,Federal Contract Tower,0,0,29,0,29,0,0,46,0,46,0,0,75,0,75,8,0,8,83
01/15/2005,JXN,MI,AGL,CE,Federal Contract Tower,0,0,19,1,20,0,1,174,1,176,0,1,193,2,196,78,0,78,274
01/16/2005,JXN,MI,AGL,CE,Federal Contract Tower,0,0,39,0,39,0,0,81,0,81,0,0,120,0,120,67,0,67,187
01/17/2005,JXN,MI,AGL,CE,Federal Contract Tower,0,2,12,0,14,0,7,19,0,26,0,9,31,0,40,26,0,26,66
01/18/2005,JXN,MI,AGL,CE,Federal Contract Tower,0,6,26,0,32,0,0,62,0,62,0,6,88,0,94,24,0,24,118
01/19/2005,JXN,MI,AGL,CE,Federal Contract Tower,0,3,6,2,11,0,1,2,0,3,0,4,8,2,14,6,0,6,20
01/20/2005,JXN,MI,AGL,CE,Federal Contract Tower,0,0,19,0,19,0,3,39,0,42,0,3,58,0,61,48,0,48,109
01/21/2005,JXN,MI,AGL,CE,Federal Contract Tower,0,1,5,0,6,0,1,53,0,54,0,2,58,0,60,16,0,16,76
01/22/2005,JXN,MI,AGL,CE,Federal Contract Tower,0,0,0,0,0,0,0,0,0,0,0,0,0,0,0,0,0,0,0
01/23/2005,JXN,MI,AGL,CE,Federal Contract Tower,0,0,6,0,6,0,0,51,0,51,0,0,57,0,57,2,0,2,59
01/24/2005,JXN,MI,AGL,CE,Federal Contract Tower,0,0,14,0,14,0,0,22,0,22,0,0,36,0,36,24,0,24,60
01/25/2005,JXN,MI,AGL,CE,Federal Contract Tower,0,0,13,0,13,0,0,45,0,45,0,0,58,0,58,116,0,116,174
01/26/2005,JXN,MI,AGL,CE,Federal Contract Tower,0,0,4,0,4,0,0,12,0,12,0,0,16,0,16,14,0,14,30
01/27/2005,JXN,MI,AGL,CE,Federal Contract Tower,0,2,26,0,28,0,2,86,0,88,0,4,112,0,116,104,0,104,220
01/28/2005,JXN,MI,AGL,CE,Federal Contract Tower,0,4,40,0,44,0,0,121,0,121,0,4,161,0,165,50,0,50,215
01/29/2005,JXN,MI,AGL,CE,Federal Contract Tower,0,2,31,0,33,0,2,188,0,190,0,4,219,0,223,28,0,28,251
01/30/2005,JXN,MI,AGL,CE,Federal Contract Tower,0,2,29,0,31,0,0,103,0,103,0,2,132,0,134,50,0,50,184
01/31/2005,JXN,MI,AGL,CE,Federal Contract Tower,0,0,20,0,20,0,1,28,0,29,0,1,48,0,49,58,0,58,107
02/01/2005,JXN,MI,AGL,CE,Federal Contract Tower,0,0,12,0,12,0,0,58,0,58,0,0,70,0,70,84,0,84,154
02/02/2005,JXN,MI,AGL,CE,Federal Contract Tower,0,0,29,0,29,0,4,47,0,51,0,4,76,0,80,47,0,47,127
02/03/2005,JXN,MI,AGL,CE,Federal Contract Tower,0,0,38,0,38,0,0,61,0,61,0,0,99,0,99,86,0,86,185
02/04/2005,JXN,MI,AGL,CE,Federal Contract Tower,0,2,26,0,28,0,0,83,0,83,0,2,109,0,111,68,0,68,179
02/05/2005,JXN,MI,AGL,CE,Federal Contract Tower,0,2,32,0,34,0,0,51,0,51,0,2,83,0,85,22,0,22,107
02/06/2005,JXN,MI,AGL,CE,Federal Contract Tower,0,3,38,0,41,0,0,88,0,88,0,3,126,0,129,38,0,38,167
02/07/2005,JXN,MI,AGL,CE,Federal Contract Tower,0,1,12,0,13,0,0,4,0,4,0,1,16,0,17,0,0,0,17
02/08/2005,JXN,MI,AGL,CE,Federal Contract Tower,0,0,10,0,10,0,0,0,0,0,0,0,10,0,10,0,0,0,10
02/09/2005,JXN,MI,AGL,CE,Federal Contract Tower,0,2,2,0,4,0,2,0,0,2,0,4,2,0,6,22,0,22,28
02/10/2005,JXN,MI,AGL,CE,Federal Contract Tower,0,0,21,0,21,0,0,65,0,65,0,0,86,0,86,64,0,64,150
02/11/2005,JXN,MI,AGL,CE,Federal Contract Tower,0,0,12,0,12,0,0,7,0,7,0,0,19,0,19,24,0,24,43
02/12/2005,JXN,MI,AGL,CE,Federal Contract Tower,0,0,29,0,29,0,0,182,0,182,0,0,211,0,211,66,0,66,277
02/13/2005,JXN,MI,AGL,CE,Federal Contract Tower,0,0,23,0,23,0,0,98,0,98,0,0,121,0,121,38,0,38,159
02/14/2005,JXN,MI,AGL,CE,Federal Contract Tower,0,3,9,0,12,0,0,0,0,0,0,3,9,0,12,0,0,0,12
02/15/2005,JXN,MI,AGL,CE,Federal Contract Tower,0,0,7,0,7,0,0,0,0,0,0,0,7,0,7,0,0,0,7
02/16/2005,JXN,MI,AGL,CE,Federal Contract Tower,0,0,7,0,7,0,2,52,0,54,0,2,59,0,61,30,0,30,91
02/17/2005,JXN,MI,AGL,CE,Federal Contract Tower,0,1,13,0,14,0,0,17,0,17,0,1,30,0,31,10,0,10,41
02/18/2005,JXN,MI,AGL,CE,Federal Contract Tower,0,1,26,0,27,0,1,67,0,68,0,2,93,0,95,134,0,134,229
02/19/2005,JXN,MI,AGL,CE,Federal Contract Tower,0,2,47,0,49,0,0,78,0,78,0,2,125,0,127,70,0,70,197
02/20/2005,JXN,MI,AGL,CE,Federal Contract Tower,0,0,1,0,1,0,0,0,0,0,0,0,1,0,1,0,0,0,1
02/21/2005,JXN,MI,AGL,CE,Federal Contract Tower,0,4,2,0,6,0,0,6,0,6,0,4,8,0,12,76,0,76,88
02/22/2005,JXN,MI,AGL,CE,Federal Contract Tower,0,0,9,0,9,0,0,0,0,0,0,0,9,0,9,8,0,8,17
02/23/2005,JXN,MI,AGL,CE,Federal Contract Tower,0,0,34,0,34,0,0,95,0,95,0,0,129,0,129,106,0,106,235
02/24/2005,JXN,MI,AGL,CE,Federal Contract Tower,0,0,37,0,37,0,0,83,0,83,0,0,120,0,120,138,0,138,258
02/25/2005,JXN,MI,AGL,CE,Federal Contract Tower,0,0,8,0,8,0,0,0,0,0,0,0,8,0,8,0,0,0,8
02/26/2005,JXN,MI,AGL,CE,Federal Contract Tower,0,0,22,0,22,0,0,182,0,182,0,0,204,0,204,48,0,48,252
02/27/2005,JXN,MI,AGL,CE,Federal Contract Tower,0,0,42,0,42,0,2,104,0,106,0,2,146,0,148,34,0,34,182
02/28/2005,JXN,MI,AGL,CE,Federal Contract Tower,0,2,1,0,3,0,1,10,0,11,0,3,11,0,14,18,0,18,32
03/01/2005,JXN,MI,AGL,CE,Federal Contract Tower,0,2,0,0,2,0,0,0,0,0,0,2,0,0,2,0,0,0,2
03/02/2005,JXN,MI,AGL,CE,Federal Contract Tower,0,2,15,0,17,0,1,23,0,24,0,3,38,0,41,24,0,24,65
03/03/2005,JXN,MI,AGL,CE,Federal Contract Tower,0,0,29,0,29,0,0,69,0,69,0,0,98,0,98,96,0,96,194
03/04/2005,JXN,MI,AGL,CE,Federal Contract Tower,0,0,19,0,19,0,0,67,0,67,0,0,86,0,86,98,0,98,184
03/05/2005,JXN,MI,AGL,CE,Federal Contract Tower,0,0,26,0,26,0,0,149,0,149,0,0,175,0,175,48,0,48,223
03/06/2005,JXN,MI,AGL,CE,Federal Contract Tower,0,0,11,0,11,0,0,60,0,60,0,0,71,0,71,18,0,18,89
03/07/2005,JXN,MI,AGL,CE,Federal Contract Tower,0,0,6,0,6,0,0,6,0,6,0,0,12,0,12,0,0,0,12
03/08/2005,JXN,MI,AGL,CE,Federal Contract Tower,0,2,16,0,18,0,0,31,0,31,0,2,47,0,49,40,0,40,89
03/09/2005,JXN,MI,AGL,CE,Federal Contract Tower,0,0,10,0,10,0,0,45,0,45,0,0,55,0,55,66,0,66,121
03/10/2005,JXN,MI,AGL,CE,Federal Contract Tower,0,2,10,0,12,0,0,16,0,16,0,2,26,0,28,20,0,20,48
03/11/2005,JXN,MI,AGL,CE,Federal Contract Tower,0,2,5,0,7,0,0,17,0,17,0,2,22,0,24,28,0,28,52
03/12/2005,JXN,MI,AGL,CE,Federal Contract Tower,0,0,11,0,11,0,0,31,0,31,0,0,42,0,42,8,0,8,50
03/13/2005,JXN,MI,AGL,CE,Federal Contract Tower,0,0,38,0,38,0,0,172,0,172,0,0,210,0,210,30,0,30,240
03/14/2005,JXN,MI,AGL,CE,Federal Contract Tower,0,0,28,0,28,0,1,63,0,64,0,1,91,0,92,50,0,50,142
03/15/2005,JXN,MI,AGL,CE,Federal Contract Tower,0,0,26,0,26,0,1,69,0,70,0,1,95,0,96,114,0,114,210
03/16/2005,JXN,MI,AGL,CE,Federal Contract Tower,0,1,29,0,30,0,0,85,0,85,0,1,114,0,115,104,0,104,219
03/17/2005,JXN,MI,AGL,CE,Federal Contract Tower,0,1,30,0,31,0,0,49,0,49,0,1,79,0,80,62,0,62,142
03/18/2005,JXN,MI,AGL,CE,Federal Contract Tower,0,0,23,0,23,0,0,30,0,30,0,0,53,0,53,44,0,44,97
03/19/2005,JXN,MI,AGL,CE,Federal Contract Tower,0,1,7,0,8,0,0,6,0,6,0,1,13,0,14,0,0,0,14
03/20/2005,JXN,MI,AGL,CE,Federal Contract Tower,0,1,7,0,8,0,0,9,0,9,0,1,16,0,17,0,0,0,17
03/21/2005,JXN,MI,AGL,CE,Federal Contract Tower,0,0,17,0,17,0,0,39,0,39,0,0,56,0,56,60,0,60,116
03/22/2005,JXN,MI,AGL,CE,Federal Contract Tower,0,2,6,0,8,0,1,93,0,94,0,3,99,0,102,140,0,140,242
03/23/2005,JXN,MI,AGL,CE,Federal Contract Tower,0,0,6,0,6,0,0,17,0,17,0,0,23,0,23,38,0,38,61
03/24/2005,JXN,MI,AGL,CE,Federal Contract Tower,0,5,16,0,21,0,0,108,0,108,0,5,124,0,129,128,0,128,257
03/25/2005,JXN,MI,AGL,CE,Federal Contract Tower,0,0,14,0,14,0,0,58,0,58,0,0,72,0,72,60,0,60,132
03/26/2005,JXN,MI,AGL,CE,Federal Contract Tower,0,2,36,0,38,0,0,196,1,197,0,2,232,1,235,2,0,2,237
03/27/2005,JXN,MI,AGL,CE,Federal Contract Tower,0,0,20,0,20,0,0,72,0,72,0,0,92,0,92,14,0,14,106
03/28/2005,JXN,MI,AGL,CE,Federal Contract Tower,0,0,4,0,4,0,2,70,0,72,0,2,74,0,76,82,0,82,158
03/29/2005,JXN,MI,AGL,CE,Federal Contract Tower,0,2,24,0,26,0,1,85,0,86,0,3,109,0,112,90,0,90,202
03/30/2005,JXN,MI,AGL,CE,Federal Contract Tower,0,0,14,0,14,0,0,48,1,49,0,0,62,1,63,34,0,34,97
03/31/2005,JXN,MI,AGL,CE,Federal Contract Tower,0,0,10,0,10,0,0,5,0,5,0,0,15,0,15,0,0,0,15
04/01/2005,JXN,MI,AGL,CE,Federal Contract Tower,0,0,35,0,35,0,0,65,2,67,0,0,100,2,102,70,0,70,172
04/02/2005,JXN,MI,AGL,CE,Federal Contract Tower,0,0,5,0,5,0,0,21,0,21,0,0,26,0,26,0,0,0,26
04/03/2005,JXN,MI,AGL,CE,Federal Contract Tower,0,0,5,0,5,0,0,55,0,55,0,0,60,0,60,46,0,46,106
04/04/2005,JXN,MI,AGL,CE,Federal Contract Tower,0,0,33,0,33,0,2,95,0,97,0,2,128,0,130,54,0,54,184
04/05/2005,JXN,MI,AGL,CE,Federal Contract Tower,0,0,29,0,29,0,0,92,0,92,0,0,121,0,121,106,0,106,227
04/06/2005,JXN,MI,AGL,CE,Federal Contract Tower,0,0,20,0,20,0,0,67,0,67,0,0,87,0,87,76,0,76,163
04/07/2005,JXN,MI,AGL,CE,Federal Contract Tower,0,0,9,0,9,0,0,24,0,24,0,0,33,0,33,92,0,92,125
04/08/2005,JXN,MI,AGL,CE,Federal Contract Tower,0,0,22,0,22,0,0,116,1,117,0,0,138,1,139,112,0,112,251
04/09/2005,JXN,MI,AGL,CE,Federal Contract Tower,0,0,18,0,18,0,0,176,0,176,0,0,194,0,194,36,0,36,230
04/10/2005,JXN,MI,AGL,CE,Federal Contract Tower,0,0,18,0,18,0,2,182,0,184,0,2,200,0,202,56,0,56,258
04/11/2005,JXN,MI,AGL,CE,Federal Contract Tower,0,0,22,0,22,0,0,62,0,62,0,0,84,0,84,60,0,60,144
04/12/2005,JXN,MI,AGL,CE,Federal Contract Tower,0,0,20,0,20,0,0,22,0,22,0,0,42,0,42,20,0,20,62
04/13/2005,JXN,MI,AGL,CE,Federal Contract Tower,0,0,10,0,10,0,0,50,0,50,0,0,60,0,60,72,0,72,132
04/14/2005,JXN,MI,AGL,CE,Federal Contract Tower,0,1,30,2,33,0,2,88,0,90,0,3,118,2,123,128,0,128,251
04/15/2005,JXN,MI,AGL,CE,Federal Contract Tower,0,0,21,0,21,0,0,120,0,120,0,0,141,0,141,44,0,44,185
04/16/2005,JXN,MI,AGL,CE,Federal Contract Tower,0,0,24,0,24,0,0,164,0,164,0,0,188,0,188,36,0,36,224
04/17/2005,JXN,MI,AGL,CE,Federal Contract Tower,0,0,8,0,8,0,0,104,0,104,0,0,112,0,112,30,0,30,142
04/18/2005,JXN,MI,AGL,CE,Federal Contract Tower,0,2,33,0,35,0,0,94,0,94,0,2,127,0,129,62,0,62,191
04/19/2005,JXN,MI,AGL,CE,Federal Contract Tower,0,2,28,0,30,0,0,35,0,35,0,2,63,0,65,30,0,30,95
04/20/2005,JXN,MI,AGL,CE,Federal Contract Tower,0,2,11,0,13,0,4,18,0,22,0,6,29,0,35,60,0,60,95
04/21/2005,JXN,MI,AGL,CE,Federal Contract Tower,0,0,11,0,11,0,2,95,0,97,0,2,106,0,108,80,0,80,188
04/22/2005,JXN,MI,AGL,CE,Federal Contract Tower,0,0,19,0,19,0,0,13,0,13,0,0,32,0,32,48,0,48,80
04/23/2005,JXN,MI,AGL,CE,Federal Contract Tower,0,1,0,0,1,0,0,0,0,0,0,1,0,0,1,0,0,0,1
04/24/2005,JXN,MI,AGL,CE,Federal Contract Tower,0,1,0,0,1,0,0,0,0,0,0,1,0,0,1,0,0,0,1
04/25/2005,JXN,MI,AGL,CE,Federal Contract Tower,0,2,8,0,10,0,2,22,0,24,0,4,30,0,34,70,0,70,104
04/26/2005,JXN,MI,AGL,CE,Federal Contract Tower,0,0,15,0,15,0,0,31,0,31,0,0,46,0,46,36,0,36,82
04/27/2005,JXN,MI,AGL,CE,Federal Contract Tower,0,0,21,0,21,0,2,16,0,18,0,2,37,0,39,40,0,40,79
04/28/2005,JXN,MI,AGL,CE,Federal Contract Tower,0,0,30,0,30,0,0,87,0,87,0,0,117,0,117,72,0,72,189
04/29/2005,JXN,MI,AGL,CE,Federal Contract Tower,0,3,53,0,56,0,1,88,0,89,0,4,141,0,145,82,0,82,227
04/30/2005,JXN,MI,AGL,CE,Federal Contract Tower,0,0,52,0,52,0,0,105,0,105,0,0,157,0,157,126,0,126,283
05/01/2005,JXN,MI,AGL,CE,Federal Contract Tower,0,0,15,0,15,0,2,93,0,95,0,2,108,0,110,50,0,50,160
05/02/2005,JXN,MI,AGL,CE,Federal Contract Tower,0,0,4,0,4,0,0,22,0,22,0,0,26,0,26,38,0,38,64
05/03/2005,JXN,MI,AGL,CE,Federal Contract Tower,0,0,9,0,9,0,0,51,0,51,0,0,60,0,60,78,0,78,138
05/04/2005,JXN,MI,AGL,CE,Federal Contract Tower,0,0,61,0,61,0,4,91,0,95,0,4,152,0,156,124,0,124,280
05/05/2005,JXN,MI,AGL,CE,Federal Contract Tower,0,0,12,0,12,0,2,77,0,79,0,2,89,0,91,64,0,64,155
05/06/2005,JXN,MI,AGL,CE,Federal Contract Tower,0,2,46,0,48,0,0,84,0,84,0,2,130,0,132,86,0,86,218
05/07/2005,JXN,MI,AGL,CE,Federal Contract Tower,0,0,15,0,15,0,0,137,0,137,0,0,152,0,152,68,0,68,220
05/08/2005,JXN,MI,AGL,CE,Federal Contract Tower,0,0,15,0,15,0,0,130,0,130,0,0,145,0,145,58,0,58,203
05/09/2005,JXN,MI,AGL,CE,Federal Contract Tower,0,0,26,0,26,0,1,51,0,52,0,1,77,0,78,40,0,40,118
05/10/2005,JXN,MI,AGL,CE,Federal Contract Tower,0,4,22,0,26,0,0,46,0,46,0,4,68,0,72,66,0,66,138
05/11/2005,JXN,MI,AGL,CE,Federal Contract Tower,0,0,13,0,13,0,0,26,0,26,0,0,39,0,39,64,0,64,103
05/12/2005,JXN,MI,AGL,CE,Federal Contract Tower,0,5,12,0,17,0,0,52,0,52,0,5,64,0,69,10,0,10,79
05/13/2005,JXN,MI,AGL,CE,Federal Contract Tower,0,3,0,0,3,0,0,13,0,13,0,3,13,0,16,0,0,0,16
05/14/2005,JXN,MI,AGL,CE,Federal Contract Tower,0,3,28,0,31,0,2,5,0,7,0,5,33,0,38,6,0,6,44
05/15/2005,JXN,MI,AGL,CE,Federal Contract Tower,0,4,22,0,26,0,1,64,0,65,0,5,86,0,91,10,0,10,101
05/16/2005,JXN,MI,AGL,CE,Federal Contract Tower,0,0,37,0,37,0,2,63,0,65,0,2,100,0,102,38,0,38,140
05/17/2005,JXN,MI,AGL,CE,Federal Contract Tower,0,2,44,0,46,0,0,109,0,109,0,2,153,0,155,74,0,74,229
05/18/2005,JXN,MI,AGL,CE,Federal Contract Tower,0,0,15,0,15,0,1,71,0,72,0,1,86,0,87,76,0,76,163
05/19/2005,JXN,MI,AGL,CE,Federal Contract Tower,0,0,18,0,18,0,0,24,0,24,0,0,42,0,42,126,0,126,168
05/20/2005,JXN,MI,AGL,CE,Federal Contract Tower,0,0,25,0,25,0,0,96,0,96,0,0,121,0,121,118,0,118,239
05/21/2005,JXN,MI,AGL,CE,Federal Contract Tower,0,0,39,0,39,0,0,192,0,192,0,0,231,0,231,104,0,104,335
05/22/2005,JXN,MI,AGL,CE,Federal Contract Tower,0,1,21,0,22,0,2,53,0,55,0,3,74,0,77,76,0,76,153
05/23/2005,JXN,MI,AGL,CE,Federal Contract Tower,0,1,23,0,24,0,2,27,0,29,0,3,50,0,53,34,0,34,87
05/24/2005,JXN,MI,AGL,CE,Federal Contract Tower,0,2,34,0,36,0,4,48,0,52,0,6,82,0,88,24,0,24,112
05/25/2005,JXN,MI,AGL,CE,Federal Contract Tower,0,3,27,0,30,0,1,143,0,144,0,4,170,0,174,96,0,96,270
05/26/2005,JXN,MI,AGL,CE,Federal Contract Tower,0,0,33,0,33,0,0,100,0,100,0,0,133,0,133,80,0,80,213
05/27/2005,JXN,MI,AGL,CE,Federal Contract Tower,0,0,19,2,21,0,0,58,0,58,0,0,77,2,79,40,0,40,119
05/28/2005,JXN,MI,AGL,CE,Federal Contract Tower,0,0,23,0,23,0,0,133,0,133,0,0,156,0,156,32,0,32,188
05/29/2005,JXN,MI,AGL,CE,Federal Contract Tower,0,0,11,0,11,0,0,266,0,266,0,0,277,0,277,24,0,24,301
05/30/2005,JXN,MI,AGL,CE,Federal Contract Tower,0,0,14,0,14,0,0,136,0,136,0,0,150,0,150,46,0,46,196
05/31/2005,JXN,MI,AGL,CE,Federal Contract Tower,0,0,33,0,33,0,0,69,0,69,0,0,102,0,102,72,0,72,174
06/01/2005,JXN,MI,AGL,CE,Federal Contract Tower,0,0,12,0,12,0,0,96,2,98,0,0,108,2,110,38,0,38,148
06/02/2005,JXN,MI,AGL,CE,Federal Contract Tower,0,0,33,0,33,0,0,53,0,53,0,0,86,0,86,126,0,126,212
06/03/2005,JXN,MI,AGL,CE,Federal Contract Tower,0,0,19,0,19,0,0,31,0,31,0,0,50,0,50,36,0,36,86
06/04/2005,JXN,MI,AGL,CE,Federal Contract Tower,0,0,19,0,19,0,0,132,0,132,0,0,151,0,151,76,0,76,227
06/05/2005,JXN,MI,AGL,CE,Federal Contract Tower,0,0,25,0,25,0,0,79,0,79,0,0,104,0,104,32,0,32,136
06/06/2005,JXN,MI,AGL,CE,Federal Contract Tower,0,0,23,0,23,0,0,53,0,53,0,0,76,0,76,40,0,40,116
06/07/2005,JXN,MI,AGL,CE,Federal Contract Tower,0,1,57,0,58,0,0,98,0,98,0,1,155,0,156,108,0,108,264
06/08/2005,JXN,MI,AGL,CE,Federal Contract Tower,0,0,22,0,22,0,0,75,0,75,0,0,97,0,97,146,0,146,243
06/09/2005,JXN,MI,AGL,CE,Federal Contract Tower,0,0,28,0,28,0,2,56,0,58,0,2,84,0,86,114,0,114,200
06/10/2005,JXN,MI,AGL,CE,Federal Contract Tower,0,0,36,0,36,0,0,54,0,54,0,0,90,0,90,54,0,54,144
06/11/2005,JXN,MI,AGL,CE,Federal Contract Tower,0,0,24,0,24,0,0,33,0,33,0,0,57,0,57,16,0,16,73
06/12/2005,JXN,MI,AGL,CE,Federal Contract Tower,0,0,24,0,24,0,2,29,0,31,0,2,53,0,55,28,0,28,83
06/13/2005,JXN,MI,AGL,CE,Federal Contract Tower,0,0,27,0,27,0,0,18,0,18,0,0,45,0,45,0,0,0,45
06/14/2005,JXN,MI,AGL,CE,Federal Contract Tower,0,0,15,0,15,0,1,47,0,48,0,1,62,0,63,88,0,88,151
06/15/2005,JXN,MI,AGL,CE,Federal Contract Tower,0,0,19,0,19,0,0,28,0,28,0,0,47,0,47,86,0,86,133
06/16/2005,JXN,MI,AGL,CE,Federal Contract Tower,0,2,40,0,42,0,4,73,0,77,0,6,113,0,119,66,0,66,185
06/17/2005,JXN,MI,AGL,CE,Federal Contract Tower,0,2,32,4,38,0,1,97,0,98,0,3,129,4,136,68,0,68,204
06/18/2005,JXN,MI,AGL,CE,Federal Contract Tower,0,0,40,0,40,0,0,109,0,109,0,0,149,0,149,80,0,80,229
06/19/2005,JXN,MI,AGL,CE,Federal Contract Tower,0,11,90,2,103,0,0,172,10,182,0,11,262,12,285,40,0,40,325
06/20/2005,JXN,MI,AGL,CE,Federal Contract Tower,0,0,54,0,54,0,0,107,0,107,0,0,161,0,161,80,0,80,241
06/21/2005,JXN,MI,AGL,CE,Federal Contract Tower,0,2,11,0,13,0,0,83,0,83,0,2,94,0,96,92,0,92,188
06/22/2005,JXN,MI,AGL,CE,Federal Contract Tower,0,2,33,0,35,0,1,93,0,94,0,3,126,0,129,52,0,52,181
06/23/2005,JXN,MI,AGL,CE,Federal Contract Tower,0,1,28,0,29,0,1,133,0,134,0,2,161,0,163,86,0,86,249
06/24/2005,JXN,MI,AGL,CE,Federal Contract Tower,0,0,27,0,27,0,4,67,0,71,0,4,94,0,98,84,0,84,182
06/25/2005,JXN,MI,AGL,CE,Federal Contract Tower,0,1,13,0,14,0,0,54,0,54,0,1,67,0,68,14,0,14,82
06/26/2005,JXN,MI,AGL,CE,Federal Contract Tower,0,1,15,0,16,0,0,87,0,87,0,1,102,0,103,12,0,12,115
06/27/2005,JXN,MI,AGL,CE,Federal Contract Tower,0,2,41,0,43,0,0,36,0,36,0,2,77,0,79,68,0,68,147
06/28/2005,JXN,MI,AGL,CE,Federal Contract Tower,0,6,18,0,24,0,1,33,0,34,0,7,51,0,58,44,0,44,102
06/29/2005,JXN,MI,AGL,CE,Federal Contract Tower,0,3,21,0,24,0,0,34,0,34,0,3,55,0,58,72,0,72,130
06/30/2005,JXN,MI,AGL,CE,Federal Contract Tower,0,4,15,0,19,0,2,15,0,17,0,6,30,0,36,48,0,48,84
07/01/2005,JXN,MI,AGL,CE,Federal Contract Tower,0,1,26,0,27,0,0,60,0,60,0,1,86,0,87,28,0,28,115
07/02/2005,JXN,MI,AGL,CE,Federal Contract Tower,0,0,23,0,23,0,6,187,0,193,0,6,210,0,216,32,0,32,248
07/03/2005,JXN,MI,AGL,CE,Federal Contract Tower,0,2,12,0,14,0,0,114,0,114,0,2,126,0,128,58,0,58,186
07/04/2005,JXN,MI,AGL,CE,Federal Contract Tower,0,0,7,0,7,0,4,57,0,61,0,4,64,0,68,8,0,8,76
07/05/2005,JXN,MI,AGL,CE,Federal Contract Tower,0,0,29,0,29,0,3,41,0,44,0,3,70,0,73,50,0,50,123
07/06/2005,JXN,MI,AGL,CE,Federal Contract Tower,0,0,21,0,21,0,0,45,0,45,0,0,66,0,66,38,0,38,104
07/07/2005,JXN,MI,AGL,CE,Federal Contract Tower,0,0,22,2,24,0,0,87,0,87,0,0,109,2,111,12,0,12,123
07/08/2005,JXN,MI,AGL,CE,Federal Contract Tower,0,0,11,0,11,0,0,177,0,177,0,0,188,0,188,30,0,30,218
07/09/2005,JXN,MI,AGL,CE,Federal Contract Tower,0,0,15,0,15,0,0,321,6,327,0,0,336,6,342,4,6,10,352
07/10/2005,JXN,MI,AGL,CE,Federal Contract Tower,0,0,29,0,29,0,2,144,0,146,0,2,173,0,175,0,0,0,175
07/11/2005,JXN,MI,AGL,CE,Federal Contract Tower,0,1,17,0,18,0,1,72,0,73,0,2,89,0,91,48,0,48,139
07/12/2005,JXN,MI,AGL,CE,Federal Contract Tower,0,0,14,0,14,0,6,43,3,52,0,6,57,3,66,36,0,36,102
07/13/2005,JXN,MI,AGL,CE,Federal Contract Tower,0,0,13,0,13,0,0,50,0,50,0,0,63,0,63,32,0,32,95
07/14/2005,JXN,MI,AGL,CE,Federal Contract Tower,0,0,20,0,20,0,0,30,0,30,0,0,50,0,50,74,0,74,124
07/15/2005,JXN,MI,AGL,CE,Federal Contract Tower,0,0,8,0,8,0,0,36,0,36,0,0,44,0,44,8,0,8,52
07/16/2005,JXN,MI,AGL,CE,Federal Contract Tower,0,0,13,0,13,0,0,0,0,0,0,0,13,0,13,36,0,36,49
07/17/2005,JXN,MI,AGL,CE,Federal Contract Tower,0,0,23,2,25,0,2,132,0,134,0,2,155,2,159,50,0,50,209
07/18/2005,JXN,MI,AGL,CE,Federal Contract Tower,0,2,24,0,26,0,0,7,2,9,0,2,31,2,35,28,0,28,63
07/19/2005,JXN,MI,AGL,CE,Federal Contract Tower,0,0,23,0,23,0,2,125,0,127,0,2,148,0,150,80,0,80,230
07/20/2005,JXN,MI,AGL,CE,Federal Contract Tower,0,0,34,0,34,0,0,126,2,128,0,0,160,2,162,44,0,44,206
07/21/2005,JXN,MI,AGL,CE,Federal Contract Tower,0,0,25,0,25,0,0,38,0,38,0,0,63,0,63,52,0,52,115
07/22/2005,JXN,MI,AGL,CE,Federal Contract Tower,0,0,43,0,43,0,0,89,0,89,0,0,132,0,132,80,0,80,212
07/23/2005,JXN,MI,AGL,CE,Federal Contract Tower,0,0,20,0,20,0,1,145,2,148,0,1,165,2,168,44,0,44,212
07/24/2005,JXN,MI,AGL,CE,Federal Contract Tower,0,0,12,0,12,0,0,29,0,29,0,0,41,0,41,0,0,0,41
07/25/2005,JXN,MI,AGL,CE,Federal Contract Tower,0,0,26,0,26,0,0,50,0,50,0,0,76,0,76,70,0,70,146
07/26/2005,JXN,MI,AGL,CE,Federal Contract Tower,0,1,11,0,12,0,0,26,0,26,0,1,37,0,38,32,0,32,70
07/27/2005,JXN,MI,AGL,CE,Federal Contract Tower,0,0,42,0,42,0,0,81,0,81,0,0,123,0,123,72,0,72,195
07/28/2005,JXN,MI,AGL,CE,Federal Contract Tower,0,1,22,0,23,0,8,89,0,97,0,9,111,0,120,42,0,42,162
07/29/2005,JXN,MI,AGL,CE,Federal Contract Tower,0,4,44,0,48,0,0,81,0,81,0,4,125,0,129,48,0,48,177
07/30/2005,JXN,MI,AGL,CE,Federal Contract Tower,0,0,23,0,23,0,0,132,0,132,0,0,155,0,155,46,0,46,201
07/31/2005,JXN,MI,AGL,CE,Federal Contract Tower,0,1,60,0,61,0,0,168,0,168,0,1,228,0,229,2,0,2,231
08/01/2005,JXN,MI,AGL,CE,Federal Contract Tower,0,2,32,0,34,0,2,55,0,57,0,4,87,0,91,110,0,110,201
08/02/2005,JXN,MI,AGL,CE,Federal Contract Tower,0,0,43,0,43,0,0,60,0,60,0,0,103,0,103,42,0,42,145
08/03/2005,JXN,MI,AGL,CE,Federal Contract Tower,0,0,42,0,42,0,0,73,0,73,0,0,115,0,115,32,0,32,147
08/04/2005,JXN,MI,AGL,CE,Federal Contract Tower,0,0,16,0,16,0,0,18,0,18,0,0,34,0,34,22,0,22,56
08/05/2005,JXN,MI,AGL,CE,Federal Contract Tower,0,0,23,0,23,0,0,122,0,122,0,0,145,0,145,106,0,106,251
08/06/2005,JXN,MI,AGL,CE,Federal Contract Tower,0,2,40,0,42,0,2,180,0,182,0,4,220,0,224,34,0,34,258
08/07/2005,JXN,MI,AGL,CE,Federal Contract Tower,0,0,25,0,25,0,0,183,0,183,0,0,208,0,208,18,0,18,226
08/08/2005,JXN,MI,AGL,CE,Federal Contract Tower,0,0,28,0,28,0,1,82,2,85,0,1,110,2,113,62,0,62,175
08/09/2005,JXN,MI,AGL,CE,Federal Contract Tower,4,0,50,0,54,0,0,48,0,48,4,0,98,0,102,30,0,30,132
08/10/2005,JXN,MI,AGL,CE,Federal Contract Tower,0,2,41,0,43,0,2,41,0,43,0,4,82,0,86,40,0,40,126
08/11/2005,JXN,MI,AGL,CE,Federal Contract Tower,0,1,19,0,20,0,1,45,0,46,0,2,64,0,66,82,0,82,148
08/12/2005,JXN,MI,AGL,CE,Federal Contract Tower,0,1,18,0,19,0,0,23,0,23,0,1,41,0,42,18,0,18,60
08/13/2005,JXN,MI,AGL,CE,Federal Contract Tower,0,2,5,0,7,0,0,52,0,52,0,2,57,0,59,26,0,26,85
08/14/2005,JXN,MI,AGL,CE,Federal Contract Tower,0,1,14,0,15,0,0,37,0,37,0,1,51,0,52,0,0,0,52
08/15/2005,JXN,MI,AGL,CE,Federal Contract Tower,0,0,21,0,21,0,1,71,0,72,0,1,92,0,93,74,0,74,167
08/16/2005,JXN,MI,AGL,CE,Federal Contract Tower,0,1,42,0,43,0,2,89,0,91,0,3,131,0,134,70,0,70,204
08/17/2005,JXN,MI,AGL,CE,Federal Contract Tower,0,0,51,0,51,0,0,82,0,82,0,0,133,0,133,50,0,50,183
08/18/2005,JXN,MI,AGL,CE,Federal Contract Tower,0,4,80,0,84,0,1,41,0,42,0,5,121,0,126,18,0,18,144
08/19/2005,JXN,MI,AGL,CE,Federal Contract Tower,0,0,33,0,33,0,2,15,0,17,0,2,48,0,50,0,0,0,50
08/20/2005,JXN,MI,AGL,CE,Federal Contract Tower,0,1,57,0,58,0,0,25,0,25,0,1,82,0,83,0,0,0,83
08/21/2005,JXN,MI,AGL,CE,Federal Contract Tower,0,2,107,0,109,0,0,214,0,214,0,2,321,0,323,28,0,28,351
08/22/2005,JXN,MI,AGL,CE,Federal Contract Tower,0,1,39,0,40,0,1,76,0,77,0,2,115,0,117,80,0,80,197
08/23/2005,JXN,MI,AGL,CE,Federal Contract Tower,0,0,28,0,28,0,0,77,0,77,0,0,105,0,105,52,0,52,157
08/24/2005,JXN,MI,AGL,CE,Federal Contract Tower,0,0,59,0,59,0,2,157,0,159,0,2,216,0,218,111,0,111,329
08/25/2005,JXN,MI,AGL,CE,Federal Contract Tower,0,0,31,0,31,0,6,81,0,87,0,6,112,0,118,24,0,24,142
08/26/2005,JXN,MI,AGL,CE,Federal Contract Tower,0,0,32,6,38,0,0,120,0,120,0,0,152,6,158,104,0,104,262
08/27/2005,JXN,MI,AGL,CE,Federal Contract Tower,0,0,40,0,40,0,0,59,0,59,0,0,99,0,99,16,0,16,115
08/28/2005,JXN,MI,AGL,CE,Federal Contract Tower,0,0,27,0,27,0,0,194,0,194,0,0,221,0,221,22,0,22,243
08/29/2005,JXN,MI,AGL,CE,Federal Contract Tower,0,0,21,0,21,0,3,70,0,73,0,3,91,0,94,56,0,56,150
08/30/2005,JXN,MI,AGL,CE,Federal Contract Tower,0,0,25,0,25,0,0,37,0,37,0,0,62,0,62,36,0,36,98
08/31/2005,JXN,MI,AGL,CE,Federal Contract Tower,0,2,25,0,27,0,2,70,0,72,0,4,95,0,99,44,0,44,143
09/01/2005,JXN,MI,AGL,CE,Federal Contract Tower,0,1,26,0,27,0,0,98,0,98,0,1,124,0,125,56,0,56,181
09/02/2005,JXN,MI,AGL,CE,Federal Contract Tower,0,5,22,0,27,0,1,71,0,72,0,6,93,0,99,34,0,34,133
09/03/2005,JXN,MI,AGL,CE,Federal Contract Tower,0,1,12,0,13,0,0,142,0,142,0,1,154,0,155,30,0,30,185
09/04/2005,JXN,MI,AGL,CE,Federal Contract Tower,0,2,29,0,31,0,2,95,0,97,0,4,124,0,128,26,0,26,154
09/05/2005,JXN,MI,AGL,CE,Federal Contract Tower,0,3,26,0,29,0,4,135,0,139,0,7,161,0,168,38,0,38,206
09/06/2005,JXN,MI,AGL,CE,Federal Contract Tower,0,0,16,0,16,0,3,53,0,56,0,3,69,0,72,28,0,28,100
09/07/2005,JXN,MI,AGL,CE,Federal Contract Tower,0,1,26,0,27,0,0,83,0,83,0,1,109,0,110,96,0,96,206
09/08/2005,JXN,MI,AGL,CE,Federal Contract Tower,0,8,29,4,41,0,0,69,0,69,0,8,98,4,110,108,0,108,218
09/09/2005,JXN,MI,AGL,CE,Federal Contract Tower,0,4,26,0,30,0,2,131,0,133,0,6,157,0,163,86,0,86,249
09/10/2005,JXN,MI,AGL,CE,Federal Contract Tower,0,0,15,0,15,0,2,229,0,231,0,2,244,0,246,22,0,22,268
09/11/2005,JXN,MI,AGL,CE,Federal Contract Tower,0,0,19,0,19,0,0,152,0,152,0,0,171,0,171,12,0,12,183
09/12/2005,JXN,MI,AGL,CE,Federal Contract Tower,0,0,16,0,16,0,0,66,0,66,0,0,82,0,82,50,0,50,132
09/13/2005,JXN,MI,AGL,CE,Federal Contract Tower,0,2,36,0,38,0,4,49,0,53,0,6,85,0,91,14,0,14,105
09/14/2005,JXN,MI,AGL,CE,Federal Contract Tower,0,5,27,0,32,0,2,33,0,35,0,7,60,0,67,50,0,50,117
09/15/2005,JXN,MI,AGL,CE,Federal Contract Tower,0,0,36,0,36,0,0,76,0,76,0,0,112,0,112,62,0,62,174
09/16/2005,JXN,MI,AGL,CE,Federal Contract Tower,0,2,32,0,34,0,0,21,0,21,0,2,53,0,55,6,0,6,61
09/17/2005,JXN,MI,AGL,CE,Federal Contract Tower,0,0,39,0,39,0,0,47,0,47,0,0,86,0,86,26,0,26,112
09/18/2005,JXN,MI,AGL,CE,Federal Contract Tower,0,0,16,0,16,0,2,110,0,112,0,2,126,0,128,22,0,22,150
09/19/2005,JXN,MI,AGL,CE,Federal Contract Tower,0,0,10,0,10,0,2,21,0,23,0,2,31,0,33,20,0,20,53
09/20/2005,JXN,MI,AGL,CE,Federal Contract Tower,0,0,20,0,20,0,2,79,0,81,0,2,99,0,101,40,0,40,141
09/21/2005,JXN,MI,AGL,CE,Federal Contract Tower,0,0,37,0,37,0,0,103,0,103,0,0,140,0,140,84,0,84,224
09/22/2005,JXN,MI,AGL,CE,Federal Contract Tower,0,0,21,0,21,0,0,16,0,16,0,0,37,0,37,0,0,0,37
09/23/2005,JXN,MI,AGL,CE,Federal Contract Tower,0,4,36,1,41,0,0,79,1,80,0,4,115,2,121,66,0,66,187
09/24/2005,JXN,MI,AGL,CE,Federal Contract Tower,0,0,46,0,46,0,0,118,0,118,0,0,164,0,164,48,0,48,212
09/25/2005,JXN,MI,AGL,CE,Federal Contract Tower,0,0,17,6,23,0,0,3,0,3,0,0,20,6,26,2,0,2,28
09/26/2005,JXN,MI,AGL,CE,Federal Contract Tower,0,0,12,0,12,0,0,8,0,8,0,0,20,0,20,0,0,0,20
09/27/2005,JXN,MI,AGL,CE,Federal Contract Tower,0,3,43,0,46,0,1,131,0,132,0,4,174,0,178,100,0,100,278
09/28/2005,JXN,MI,AGL,CE,Federal Contract Tower,0,3,31,0,34,0,3,67,0,70,0,6,98,0,104,44,0,44,148
09/29/2005,JXN,MI,AGL,CE,Federal Contract Tower,0,3,18,0,21,0,2,37,0,39,0,5,55,0,60,32,0,32,92
09/30/2005,JXN,MI,AGL,CE,Federal Contract Tower,0,0,39,0,39,0,3,70,0,73,0,3,109,0,112,78,0,78,190
10/01/2005,JXN,MI,AGL,CE,Federal Contract Tower,0,0,21,0,21,0,0,153,0,153,0,0,174,0,174,78,0,78,252
10/02/2005,JXN,MI,AGL,CE,Federal Contract Tower,0,2,35,0,37,0,3,93,0,96,0,5,128,0,133,12,0,12,145
10/03/2005,JXN,MI,AGL,CE,Federal Contract Tower,0,0,23,0,23,0,2,37,0,39,0,2,60,0,62,64,0,64,126
10/04/2005,JXN,MI,AGL,CE,Federal Contract Tower,0,0,36,0,36,0,0,55,0,55,0,0,91,0,91,64,0,64,155
10/05/2005,JXN,MI,AGL,CE,Federal Contract Tower,0,18,45,0,63,0,0,72,0,72,0,18,117,0,135,68,0,68,203
10/06/2005,JXN,MI,AGL,CE,Federal Contract Tower,0,0,29,0,29,0,0,37,0,37,0,0,66,0,66,24,0,24,90
10/07/2005,JXN,MI,AGL,CE,Federal Contract Tower,0,0,14,0,14,0,0,46,0,46,0,0,60,0,60,78,0,78,138
10/08/2005,JXN,MI,AGL,CE,Federal Contract Tower,0,0,26,0,26,0,0,97,0,97,0,0,123,0,123,2,0,2,125
10/09/2005,JXN,MI,AGL,CE,Federal Contract Tower,0,0,23,0,23,0,0,148,0,148,0,0,171,0,171,16,0,16,187
10/10/2005,JXN,MI,AGL,CE,Federal Contract Tower,0,0,40,0,40,0,0,5,0,5,0,0,45,0,45,0,0,0,45
10/11/2005,JXN,MI,AGL,CE,Federal Contract Tower,0,0,29,0,29,0,0,8,0,8,0,0,37,0,37,6,0,6,43
10/12/2005,JXN,MI,AGL,CE,Federal Contract Tower,0,0,47,0,47,0,0,15,0,15,0,0,62,0,62,36,0,36,98
10/13/2005,JXN,MI,AGL,CE,Federal Contract Tower,0,5,42,0,47,0,2,67,2,71,0,7,109,2,118,42,0,42,160
10/14/2005,JXN,MI,AGL,CE,Federal Contract Tower,0,0,57,3,60,0,0,59,1,60,0,0,116,4,120,38,0,38,158
10/15/2005,JXN,MI,AGL,CE,Federal Contract Tower,0,0,41,0,41,0,2,84,0,86,0,2,125,0,127,2,0,2,129
10/16/2005,JXN,MI,AGL,CE,Federal Contract Tower,0,2,28,0,30,0,0,109,0,109,0,2,137,0,139,30,0,30,169
10/17/2005,JXN,MI,AGL,CE,Federal Contract Tower,0,2,24,0,26,0,2,70,0,72,0,4,94,0,98,54,0,54,152
10/18/2005,JXN,MI,AGL,CE,Federal Contract Tower,0,2,47,0,49,0,8,104,0,112,0,10,151,0,161,44,0,44,205
10/19/2005,JXN,MI,AGL,CE,Federal Contract Tower,0,2,23,0,25,0,7,57,0,64,0,9,80,0,89,44,0,44,133
10/20/2005,JXN,MI,AGL,CE,Federal Contract Tower,0,0,17,0,17,0,0,68,0,68,0,0,85,0,85,64,0,64,149
10/21/2005,JXN,MI,AGL,CE,Federal Contract Tower,0,0,15,0,15,0,0,89,2,91,0,0,104,2,106,26,0,26,132
10/22/2005,JXN,MI,AGL,CE,Federal Contract Tower,0,0,17,0,17,0,3,123,0,126,0,3,140,0,143,30,0,30,173
10/23/2005,JXN,MI,AGL,CE,Federal Contract Tower,0,0,18,0,18,0,0,80,0,80,0,0,98,0,98,4,0,4,102
10/24/2005,JXN,MI,AGL,CE,Federal Contract Tower,0,2,13,0,15,0,0,21,0,21,0,2,34,0,36,0,0,0,36
10/25/2005,JXN,MI,AGL,CE,Federal Contract Tower,0,1,39,0,40,0,3,20,0,23,0,4,59,0,63,44,0,44,107
10/26/2005,JXN,MI,AGL,CE,Federal Contract Tower,0,0,35,1,36,0,0,99,1,100,0,0,134,2,136,72,2,74,210
10/27/2005,JXN,MI,AGL,CE,Federal Contract Tower,0,3,53,0,56,0,6,64,0,70,0,9,117,0,126,84,0,84,210
10/28/2005,JXN,MI,AGL,CE,Federal Contract Tower,0,0,26,0,26,0,2,105,0,107,0,2,131,0,133,134,0,134,267
10/29/2005,JXN,MI,AGL,CE,Federal Contract Tower,0,0,44,0,44,2,5,238,0,245,2,5,282,0,289,22,0,22,311
10/30/2005,JXN,MI,AGL,CE,Federal Contract Tower,0,0,37,0,37,0,0,177,0,177,0,0,214,0,214,20,0,20,234
10/31/2005,JXN,MI,AGL,CE,Federal Contract Tower,0,0,35,0,35,0,0,33,0,33,0,0,68,0,68,110,0,110,178
11/01/2005,JXN,MI,AGL,CE,Federal Contract Tower,0,0,17,0,17,0,5,56,0,61,0,5,73,0,78,48,0,48,126
11/02/2005,JXN,MI,AGL,CE,Federal Contract Tower,0,0,35,0,35,0,0,85,0,85,0,0,120,0,120,152,0,152,272
11/03/2005,JXN,MI,AGL,CE,Federal Contract Tower,0,0,37,0,37,0,7,53,0,60,0,7,90,0,97,12,0,12,109
11/04/2005,JXN,MI,AGL,CE,Federal Contract Tower,0,6,26,0,32,0,6,37,0,43,0,12,63,0,75,18,0,18,93
11/05/2005,JXN,MI,AGL,CE,Federal Contract Tower,0,0,45,0,45,0,0,50,0,50,0,0,95,0,95,0,102,102,197
11/06/2005,JXN,MI,AGL,CE,Federal Contract Tower,0,0,3,0,3,0,0,0,0,0,0,0,3,0,3,0,0,0,3
11/07/2005,JXN,MI,AGL,CE,Federal Contract Tower,0,0,25,0,25,0,0,48,0,48,0,0,73,0,73,32,0,32,105
11/08/2005,JXN,MI,AGL,CE,Federal Contract Tower,0,0,15,0,15,0,0,62,0,62,0,0,77,0,77,68,0,68,145
11/09/2005,JXN,MI,AGL,CE,Federal Contract Tower,0,0,4,0,4,0,0,0,0,0,0,0,4,0,4,0,0,0,4
11/10/2005,JXN,MI,AGL,CE,Federal Contract Tower,0,2,33,0,35,0,0,58,0,58,0,2,91,0,93,98,0,98,191
11/11/2005,JXN,MI,AGL,CE,Federal Contract Tower,0,0,0,0,0,0,136,0,0,136,0,136,0,0,136,90,0,90,226
11/12/2005,JXN,MI,AGL,CE,Federal Contract Tower,0,3,44,0,47,0,1,119,0,120,0,4,163,0,167,30,0,30,197
11/13/2005,JXN,MI,AGL,CE,Federal Contract Tower,0,2,4,0,6,0,0,7,0,7,0,2,11,0,13,0,0,0,13
11/14/2005,JXN,MI,AGL,CE,Federal Contract Tower,0,0,22,0,22,0,0,120,0,120,0,0,142,0,142,62,0,62,204
11/15/2005,JXN,MI,AGL,CE,Federal Contract Tower,0,4,4,0,8,0,0,0,0,0,0,4,4,0,8,0,0,0,8
11/16/2005,JXN,MI,AGL,CE,Federal Contract Tower,0,3,4,0,7,0,3,0,0,3,0,6,4,0,10,0,0,0,10
11/17/2005,JXN,MI,AGL,CE,Federal Contract Tower,0,0,20,0,20,0,4,16,0,20,0,4,36,0,40,14,0,14,54
11/18/2005,JXN,MI,AGL,CE,Federal Contract Tower,0,0,26,0,26,0,0,35,0,35,0,0,61,0,61,10,0,10,71
11/19/2005,JXN,MI,AGL,CE,Federal Contract Tower,0,0,23,0,23,0,0,167,0,167,0,0,190,0,190,66,0,66,256
11/20/2005,JXN,MI,AGL,CE,Federal Contract Tower,0,0,31,0,31,0,0,185,0,185,0,0,216,0,216,20,0,20,236
11/21/2005,JXN,MI,AGL,CE,Federal Contract Tower,0,0,7,0,7,0,1,18,2,21,0,1,25,2,28,38,0,38,66
11/22/2005,JXN,MI,AGL,CE,Federal Contract Tower,0,0,54,0,54,0,0,29,0,29,0,0,83,0,83,24,0,24,107
11/23/2005,JXN,MI,AGL,CE,Federal Contract Tower,0,0,6,0,6,0,0,0,0,0,0,0,6,0,6,0,0,0,6
11/24/2005,JXN,MI,AGL,CE,Federal Contract Tower,0,0,0,0,0,0,0,1,0,1,0,0,1,0,1,0,0,0,1
11/25/2005,JXN,MI,AGL,CE,Federal Contract Tower,0,0,7,0,7,0,2,45,0,47,0,2,52,0,54,30,0,30,84
11/26/2005,JXN,MI,AGL,CE,Federal Contract Tower,0,0,22,0,22,0,0,109,0,109,0,0,131,0,131,24,0,24,155
11/27/2005,JXN,MI,AGL,CE,Federal Contract Tower,0,0,12,0,12,0,0,4,0,4,0,0,16,0,16,2,0,2,18
11/28/2005,JXN,MI,AGL,CE,Federal Contract Tower,0,0,0,0,0,0,0,11,0,11,0,0,11,0,11,12,0,12,23
11/29/2005,JXN,MI,AGL,CE,Federal Contract Tower,0,0,17,0,17,0,0,34,0,34,0,0,51,0,51,26,0,26,77
11/30/2005,JXN,MI,AGL,CE,Federal Contract Tower,0,0,2,0,2,0,0,12,0,12,0,0,14,0,14,56,0,56,70
12/01/2005,JXN,MI,AGL,CE,Federal Contract Tower,0,0,0,0,0,0,0,0,0,0,0,0,0,0,0,0,0,0,0
12/02/2005,JXN,MI,AGL,CE,Federal Contract Tower,0,0,11,0,11,0,0,14,0,14,0,0,25,0,25,12,0,12,37
12/03/2005,JXN,MI,AGL,CE,Federal Contract Tower,0,0,44,0,44,0,0,201,0,201,0,0,245,0,245,46,0,46,291
12/04/2005,JXN,MI,AGL,CE,Federal Contract Tower,0,0,42,0,42,0,0,58,0,58,0,0,100,0,100,24,0,24,124
12/05/2005,JXN,MI,AGL,CE,Federal Contract Tower,0,0,27,0,27,0,0,29,0,29,0,0,56,0,56,32,0,32,88
12/06/2005,JXN,MI,AGL,CE,Federal Contract Tower,0,5,28,0,33,0,1,34,0,35,0,6,62,0,68,92,0,92,160
12/07/2005,JXN,MI,AGL,CE,Federal Contract Tower,0,2,36,0,38,0,2,47,0,49,0,4,83,0,87,118,0,118,205
12/08/2005,JXN,MI,AGL,CE,Federal Contract Tower,0,2,12,2,16,0,0,77,0,77,0,2,89,2,93,76,0,76,169
12/09/2005,JXN,MI,AGL,CE,Federal Contract Tower,0,2,11,0,13,0,4,6,0,10,0,6,17,0,23,0,0,0,23
12/10/2005,JXN,MI,AGL,CE,Federal Contract Tower,0,2,11,0,13,0,0,76,0,76,0,2,87,0,89,46,0,46,135
12/11/2005,JXN,MI,AGL,CE,Federal Contract Tower,0,0,11,0,11,0,4,5,0,9,0,4,16,0,20,2,0,2,22
12/12/2005,JXN,MI,AGL,CE,Federal Contract Tower,0,0,14,0,14,0,0,60,0,60,0,0,74,0,74,74,0,74,148
12/13/2005,JXN,MI,AGL,CE,Federal Contract Tower,0,0,22,0,22,0,0,39,0,39,0,0,61,0,61,104,0,104,165
12/14/2005,JXN,MI,AGL,CE,Federal Contract Tower,0,0,13,0,13,0,0,15,0,15,0,0,28,0,28,18,0,18,46
12/15/2005,JXN,MI,AGL,CE,Federal Contract Tower,0,2,5,0,7,0,0,0,0,0,0,2,5,0,7,0,0,0,7
12/16/2005,JXN,MI,AGL,CE,Federal Contract Tower,0,0,6,0,6,0,0,0,0,0,0,0,6,0,6,4,0,4,10
12/17/2005,JXN,MI,AGL,CE,Federal Contract Tower,0,2,34,0,36,0,3,23,0,26,0,5,57,0,62,22,0,22,84
12/18/2005,JXN,MI,AGL,CE,Federal Contract Tower,0,0,26,0,26,0,1,34,0,35,0,1,60,0,61,34,0,34,95
12/19/2005,JXN,MI,AGL,CE,Federal Contract Tower,0,0,24,0,24,0,0,20,2,22,0,0,44,2,46,36,0,36,82
12/20/2005,JXN,MI,AGL,CE,Federal Contract Tower,0,0,10,0,10,0,0,25,0,25,0,0,35,0,35,86,0,86,121
12/21/2005,JXN,MI,AGL,CE,Federal Contract Tower,0,0,16,0,16,0,0,1,0,1,0,0,17,0,17,0,0,0,17
12/22/2005,JXN,MI,AGL,CE,Federal Contract Tower,0,0,6,0,6,0,0,17,0,17,0,0,23,0,23,0,0,0,23
12/23/2005,JXN,MI,AGL,CE,Federal Contract Tower,0,0,6,0,6,0,0,11,0,11,0,0,17,0,17,28,0,28,45
12/24/2005,JXN,MI,AGL,CE,Federal Contract Tower,0,0,16,0,16,0,0,25,0,25,0,0,41,0,41,8,0,8,49
12/25/2005,JXN,MI,AGL,CE,Federal Contract Tower,0,0,0,0,0,0,0,0,0,0,0,0,0,0,0,0,0,0,0
12/26/2005,JXN,MI,AGL,CE,Federal Contract Tower,0,0,3,0,3,0,2,5,0,7,0,2,8,0,10,0,0,0,10
12/27/2005,JXN,MI,AGL,CE,Federal Contract Tower,0,5,5,0,10,0,0,0,0,0,0,5,5,0,10,0,0,0,10
12/28/2005,JXN,MI,AGL,CE,Federal Contract Tower,0,0,7,0,7,0,0,0,0,0,0,0,7,0,7,0,0,0,7
12/29/2005,JXN,MI,AGL,CE,Federal Contract Tower,0,0,2,0,2,0,0,0,0,0,0,0,2,0,2,0,0,0,2
12/30/2005,JXN,MI,AGL,CE,Federal Contract Tower,0,1,11,0,12,0,0,0,0,0,0,1,11,0,12,0,0,0,12
12/31/2005,JXN,MI,AGL,CE,Federal Contract Tower,0,0,5,0,5,0,0,0,0,0,0,0,5,0,5,5,0,5,10
01/01/2006,JXN,MI,AGL,CE,Federal Contract Tower,0,0,15,0,15,0,0,36,0,36,0,0,51,0,51,24,0,24,75
01/02/2006,JXN,MI,AGL,CE,Federal Contract Tower,0,0,10,0,10,0,0,0,0,0,0,0,10,0,10,0,0,0,10
01/03/2006,JXN,MI,AGL,CE,Federal Contract Tower,0,1,4,0,5,0,0,0,0,0,0,1,4,0,5,0,0,0,5
01/04/2006,JXN,MI,AGL,CE,Federal Contract Tower,0,2,7,0,9,0,0,0,0,0,0,2,7,0,9,0,0,0,9
01/05/2006,JXN,MI,AGL,CE,Federal Contract Tower,0,0,2,0,2,0,4,3,0,7,0,4,5,0,9,0,0,0,9
01/06/2006,JXN,MI,AGL,CE,Federal Contract Tower,0,2,9,0,11,0,1,58,0,59,0,3,67,0,70,18,0,18,88
01/07/2006,JXN,MI,AGL,CE,Federal Contract Tower,0,0,1,0,1,0,0,0,0,0,0,0,1,0,1,0,0,0,1
01/08/2006,JXN,MI,AGL,CE,Federal Contract Tower,0,0,26,0,26,0,0,100,0,100,0,0,126,0,126,46,0,46,172
01/09/2006,JXN,MI,AGL,CE,Federal Contract Tower,0,0,2,0,2,0,0,19,0,19,0,0,21,0,21,48,0,48,69
01/10/2006,JXN,MI,AGL,CE,Federal Contract Tower,0,0,39,0,39,0,0,132,0,132,0,0,171,0,171,44,0,44,215
01/11/2006,JXN,MI,AGL,CE,Federal Contract Tower,0,0,11,0,11,0,0,12,0,12,0,0,23,0,23,14,0,14,37
01/12/2006,JXN,MI,AGL,CE,Federal Contract Tower,0,2,36,1,39,0,3,142,0,145,0,5,178,1,184,60,0,60,244
01/13/2006,JXN,MI,AGL,CE,Federal Contract Tower,0,4,8,0,12,0,0,0,0,0,0,4,8,0,12,0,0,0,12
01/14/2006,JXN,MI,AGL,CE,Federal Contract Tower,0,0,15,0,15,0,0,26,0,26,0,0,41,0,41,28,0,28,69
01/15/2006,JXN,MI,AGL,CE,Federal Contract Tower,0,2,38,0,40,0,0,209,0,209,0,2,247,0,249,30,0,30,279
01/16/2006,JXN,MI,AGL,CE,Federal Contract Tower,0,0,9,0,9,0,0,60,0,60,0,0,69,0,69,14,0,14,83
01/17/2006,JXN,MI,AGL,CE,Federal Contract Tower,0,0,5,0,5,0,0,52,0,52,0,0,57,0,57,0,0,0,57
01/18/2006,JXN,MI,AGL,CE,Federal Contract Tower,0,0,5,0,5,0,1,0,0,1,0,1,5,0,6,20,0,20,26
01/19/2006,JXN,MI,AGL,CE,Federal Contract Tower,0,0,25,0,25,0,3,68,1,72,0,3,93,1,97,82,0,82,179
01/20/2006,JXN,MI,AGL,CE,Federal Contract Tower,0,0,7,0,7,0,0,24,0,24,0,0,31,0,31,28,0,28,59
01/21/2006,JXN,MI,AGL,CE,Federal Contract Tower,0,2,24,0,26,0,0,29,0,29,0,2,53,0,55,6,0,6,61
01/22/2006,JXN,MI,AGL,CE,Federal Contract Tower,0,0,37,0,37,0,0,174,0,174,0,0,211,0,211,16,0,16,227
01/23/2006,JXN,MI,AGL,CE,Federal Contract Tower,0,0,10,0,10,0,0,59,0,59,0,0,69,0,69,56,0,56,125
01/24/2006,JXN,MI,AGL,CE,Federal Contract Tower,0,0,5,0,5,0,0,4,1,5,0,0,9,1,10,0,0,0,10
01/25/2006,JXN,MI,AGL,CE,Federal Contract Tower,0,3,6,0,9,0,0,2,0,2,0,3,8,0,11,0,0,0,11
01/26/2006,JXN,MI,AGL,CE,Federal Contract Tower,0,0,38,0,38,0,0,140,0,140,0,0,178,0,178,72,0,72,250
01/27/2006,JXN,MI,AGL,CE,Federal Contract Tower,0,0,35,0,35,2,0,83,0,85,2,0,118,0,120,58,0,58,178
01/28/2006,JXN,MI,AGL,CE,Federal Contract Tower,0,0,38,0,38,0,0,166,0,166,0,0,204,0,204,12,0,12,216
01/29/2006,JXN,MI,AGL,CE,Federal Contract Tower,0,0,8,0,8,0,0,0,0,0,0,0,8,0,8,0,0,0,8
01/30/2006,JXN,MI,AGL,CE,Federal Contract Tower,0,0,3,0,3,0,0,12,0,12,0,0,15,0,15,20,0,20,35
01/31/2006,JXN,MI,AGL,CE,Federal Contract Tower,0,0,5,0,5,0,0,23,0,23,0,0,28,0,28,26,0,26,54
02/01/2006,JXN,MI,AGL,CE,Federal Contract Tower,0,0,12,0,12,0,2,48,0,50,0,2,60,0,62,30,0,30,92
02/02/2006,JXN,MI,AGL,CE,Federal Contract Tower,0,0,54,0,54,0,2,63,0,65,0,2,117,0,119,64,0,64,183
02/03/2006,JXN,MI,AGL,CE,Federal Contract Tower,0,0,17,0,17,0,0,0,0,0,0,0,17,0,17,0,0,0,17
02/04/2006,JXN,MI,AGL,CE,Federal Contract Tower,0,0,4,0,4,0,0,0,0,0,0,0,4,0,4,0,0,0,4
02/05/2006,JXN,MI,AGL,CE,Federal Contract Tower,0,0,3,0,3,0,0,0,0,0,0,0,3,0,3,0,0,0,3
02/06/2006,JXN,MI,AGL,CE,Federal Contract Tower,0,2,8,0,10,0,0,18,0,18,0,2,26,0,28,10,0,10,38
02/07/2006,JXN,MI,AGL,CE,Federal Contract Tower,0,0,37,0,37,0,0,26,0,26,0,0,63,0,63,52,0,52,115
02/08/2006,JXN,MI,AGL,CE,Federal Contract Tower,1,0,38,0,39,0,0,49,0,49,1,0,87,0,88,40,0,40,128
02/09/2006,JXN,MI,AGL,CE,Federal Contract Tower,0,0,23,0,23,0,0,62,0,62,0,0,85,0,85,16,0,16,101
02/10/2006,JXN,MI,AGL,CE,Federal Contract Tower,0,0,30,0,30,0,0,10,0,10,0,0,40,0,40,18,0,18,58
02/11/2006,JXN,MI,AGL,CE,Federal Contract Tower,0,2,4,0,6,0,0,0,0,0,0,2,4,0,6,0,0,0,6
02/12/2006,JXN,MI,AGL,CE,Federal Contract Tower,0,0,34,0,34,0,0,137,0,137,0,0,171,0,171,40,0,40,211
02/13/2006,JXN,MI,AGL,CE,Federal Contract Tower,0,1,14,0,15,0,0,18,0,18,0,1,32,0,33,36,0,36,69
02/14/2006,JXN,MI,AGL,CE,Federal Contract Tower,0,0,15,0,15,0,0,62,0,62,0,0,77,0,77,39,0,39,116
02/15/2006,JXN,MI,AGL,CE,Federal Contract Tower,0,2,41,0,43,0,0,84,0,84,0,2,125,0,127,40,0,40,167
02/16/2006,JXN,MI,AGL,CE,Federal Contract Tower,0,0,12,0,12,0,0,0,0,0,0,0,12,0,12,0,0,0,12
02/17/2006,JXN,MI,AGL,CE,Federal Contract Tower,0,0,5,0,5,0,0,11,0,11,0,0,16,0,16,2,0,2,18
02/18/2006,JXN,MI,AGL,CE,Federal Contract Tower,0,0,10,0,10,0,0,79,0,79,0,0,89,0,89,10,0,10,99
02/19/2006,JXN,MI,AGL,CE,Federal Contract Tower,0,0,10,0,10,0,0,70,0,70,0,0,80,0,80,12,0,12,92
02/20/2006,JXN,MI,AGL,CE,Federal Contract Tower,0,0,26,0,26,0,0,45,0,45,0,0,71,0,71,50,0,50,121
02/21/2006,JXN,MI,AGL,CE,Federal Contract Tower,0,0,46,0,46,0,0,52,0,52,0,0,98,0,98,90,0,90,188
02/22/2006,JXN,MI,AGL,CE,Federal Contract Tower,0,0,38,0,38,0,0,133,0,133,0,0,171,0,171,90,0,90,261
02/23/2006,JXN,MI,AGL,CE,Federal Contract Tower,0,0,10,0,10,0,4,52,0,56,0,4,62,0,66,36,0,36,102
02/24/2006,JXN,MI,AGL,CE,Federal Contract Tower,0,0,13,0,13,0,0,108,0,108,0,0,121,0,121,48,0,48,169
02/25/2006,JXN,MI,AGL,CE,Federal Contract Tower,0,0,2,0,2,0,0,14,0,14,0,0,16,0,16,0,0,0,16
02/26/2006,JXN,MI,AGL,CE,Federal Contract Tower,0,0,25,0,25,0,0,155,0,155,0,0,180,0,180,28,0,28,208
02/27/2006,JXN,MI,AGL,CE,Federal Contract Tower,0,0,7,0,7,0,0,6,0,6,0,0,13,0,13,0,0,0,13
02/28/2006,JXN,MI,AGL,CE,Federal Contract Tower,0,0,34,0,34,0,0,132,0,132,0,0,166,0,166,118,0,118,284
03/01/2006,JXN,MI,AGL,CE,Federal Contract Tower,0,2,19,0,21,0,0,51,0,51,0,2,70,0,72,70,0,70,142
03/02/2006,JXN,MI,AGL,CE,Federal Contract Tower,0,0,0,0,0,0,0,0,0,0,0,0,0,0,0,0,0,0,0
03/03/2006,JXN,MI,AGL,CE,Federal Contract Tower,0,0,17,0,17,0,0,52,2,54,0,0,69,2,71,52,0,52,123
03/04/2006,JXN,MI,AGL,CE,Federal Contract Tower,0,0,26,0,26,0,0,175,0,175,0,0,201,0,201,54,0,54,255
03/05/2006,JXN,MI,AGL,CE,Federal Contract Tower,0,0,27,0,27,0,0,157,6,163,0,0,184,6,190,46,0,46,236
03/06/2006,JXN,MI,AGL,CE,Federal Contract Tower,0,0,8,0,8,0,0,3,0,3,0,0,11,0,11,0,0,0,11
03/07/2006,JXN,MI,AGL,CE,Federal Contract Tower,0,1,41,0,42,0,0,110,0,110,0,1,151,0,152,74,0,74,226
03/08/2006,JXN,MI,AGL,CE,Federal Contract Tower,0,0,19,0,19,0,2,55,2,59,0,2,74,2,78,42,0,42,120
03/09/2006,JXN,MI,AGL,CE,Federal Contract Tower,0,0,13,0,13,0,0,4,0,4,0,0,17,0,17,22,0,22,39
03/10/2006,JXN,MI,AGL,CE,Federal Contract Tower,0,0,23,0,23,0,0,24,0,24,0,0,47,0,47,18,0,18,65
03/11/2006,JXN,MI,AGL,CE,Federal Contract Tower,0,0,16,0,16,0,0,50,0,50,0,0,66,0,66,38,0,38,104
03/12/2006,JXN,MI,AGL,CE,Federal Contract Tower,0,0,24,0,24,0,0,49,0,49,0,0,73,0,73,0,0,0,73
03/13/2006,JXN,MI,AGL,CE,Federal Contract Tower,0,0,0,0,0,0,0,0,0,0,0,0,0,0,0,16,0,16,16
03/14/2006,JXN,MI,AGL,CE,Federal Contract Tower,0,0,4,4,8,0,0,2,2,4,0,0,6,6,12,0,0,0,12
03/15/2006,JXN,MI,AGL,CE,Federal Contract Tower,0,0,13,0,13,0,0,74,0,74,0,0,87,0,87,62,0,62,149
03/16/2006,JXN,MI,AGL,CE,Federal Contract Tower,0,0,13,0,13,0,0,35,0,35,0,0,48,0,48,48,0,48,96
03/17/2006,JXN,MI,AGL,CE,Federal Contract Tower,0,0,15,0,15,0,0,88,0,88,0,0,103,0,103,78,0,78,181
03/18/2006,JXN,MI,AGL,CE,Federal Contract Tower,0,0,28,0,28,0,2,156,0,158,0,2,184,0,186,62,0,62,248
03/19/2006,JXN,MI,AGL,CE,Federal Contract Tower,0,0,26,0,26,0,0,143,0,143,0,0,169,0,169,34,0,34,203
03/20/2006,JXN,MI,AGL,CE,Federal Contract Tower,0,0,16,0,16,0,2,56,0,58,0,2,72,0,74,94,0,94,168
03/21/2006,JXN,MI,AGL,CE,Federal Contract Tower,0,0,18,0,18,0,0,45,0,45,0,0,63,0,63,40,0,40,103
03/22/2006,JXN,MI,AGL,CE,Federal Contract Tower,0,0,14,0,14,0,2,31,0,33,0,2,45,0,47,16,0,16,63
03/23/2006,JXN,MI,AGL,CE,Federal Contract Tower,0,0,8,0,8,0,0,47,0,47,0,0,55,0,55,72,0,72,127
03/24/2006,JXN,MI,AGL,CE,Federal Contract Tower,0,0,16,0,16,0,0,31,0,31,0,0,47,0,47,36,0,36,83
03/25/2006,JXN,MI,AGL,CE,Federal Contract Tower,0,0,7,0,7,0,2,14,0,16,0,2,21,0,23,0,0,0,23
03/26/2006,JXN,MI,AGL,CE,Federal Contract Tower,0,0,27,0,27,0,0,166,0,166,0,0,193,0,193,52,0,52,245
03/27/2006,JXN,MI,AGL,CE,Federal Contract Tower,0,0,11,0,11,0,2,90,0,92,0,2,101,0,103,106,0,106,209
03/28/2006,JXN,MI,AGL,CE,Federal Contract Tower,0,0,11,0,11,0,0,12,0,12,0,0,23,0,23,28,0,28,51
03/29/2006,JXN,MI,AGL,CE,Federal Contract Tower,0,0,37,0,37,0,0,89,0,89,0,0,126,0,126,92,0,92,218
03/30/2006,JXN,MI,AGL,CE,Federal Contract Tower,0,0,14,0,14,0,0,64,0,64,0,0,78,0,78,38,0,38,116
03/31/2006,JXN,MI,AGL,CE,Federal Contract Tower,0,0,4,0,4,0,0,4,0,4,0,0,8,0,8,0,0,0,8
04/01/2006,JXN,MI,AGL,CE,Federal Contract Tower,0,0,19,0,19,0,0,37,0,37,0,0,56,0,56,6,0,6,62
04/02/2006,JXN,MI,AGL,CE,Federal Contract Tower,0,0,16,0,16,0,0,27,0,27,0,0,43,0,43,6,0,6,49
04/03/2006,JXN,MI,AGL,CE,Federal Contract Tower,0,2,0,0,2,0,0,2,0,2,0,2,2,0,4,0,0,0,4
04/04/2006,JXN,MI,AGL,CE,Federal Contract Tower,0,0,18,0,18,0,0,28,0,28,0,0,46,0,46,24,0,24,70
04/05/2006,JXN,MI,AGL,CE,Federal Contract Tower,0,6,26,0,32,0,0,63,0,63,0,6,89,0,95,72,0,72,167
04/06/2006,JXN,MI,AGL,CE,Federal Contract Tower,0,0,26,0,26,0,0,52,0,52,0,0,78,0,78,44,0,44,122
04/07/2006,JXN,MI,AGL,CE,Federal Contract Tower,0,0,9,0,9,0,0,2,0,2,0,0,11,0,11,0,0,0,11
04/08/2006,JXN,MI,AGL,CE,Federal Contract Tower,0,0,15,0,15,0,0,90,0,90,0,0,105,0,105,96,0,96,201
04/09/2006,JXN,MI,AGL,CE,Federal Contract Tower,0,0,15,0,15,0,2,177,0,179,0,2,192,0,194,52,0,52,246
04/10/2006,JXN,MI,AGL,CE,Federal Contract Tower,0,0,26,0,26,0,0,69,0,69,0,0,95,0,95,78,0,78,173
04/11/2006,JXN,MI,AGL,CE,Federal Contract Tower,0,0,27,0,27,0,0,47,0,47,0,0,74,0,74,42,0,42,116
04/12/2006,JXN,MI,AGL,CE,Federal Contract Tower,0,1,15,0,16,0,0,4,0,4,0,1,19,0,20,8,0,8,28
04/13/2006,JXN,MI,AGL,CE,Federal Contract Tower,0,0,23,0,23,0,0,72,2,74,0,0,95,2,97,78,0,78,175
04/14/2006,JXN,MI,AGL,CE,Federal Contract Tower,0,2,18,0,20,0,0,42,2,44,0,2,60,2,64,4,0,4,68
04/15/2006,JXN,MI,AGL,CE,Federal Contract Tower,0,0,27,0,27,0,0,189,0,189,0,0,216,0,216,90,0,90,306
04/16/2006,JXN,MI,AGL,CE,Federal Contract Tower,0,0,6,0,6,0,0,32,0,32,0,0,38,0,38,16,0,16,54
04/17/2006,JXN,MI,AGL,CE,Federal Contract Tower,0,2,18,0,20,0,0,58,0,58,0,2,76,0,78,40,0,40,118
04/18/2006,JXN,MI,AGL,CE,Federal Contract Tower,0,11,26,0,37,0,2,79,2,83,0,13,105,2,120,38,0,38,158
04/19/2006,JXN,MI,AGL,CE,Federal Contract Tower,0,0,32,0,32,0,0,98,0,98,0,0,130,0,130,68,0,68,198
04/20/2006,JXN,MI,AGL,CE,Federal Contract Tower,0,14,16,0,30,0,0,88,0,88,0,14,104,0,118,88,0,88,206
04/21/2006,JXN,MI,AGL,CE,Federal Contract Tower,0,0,3,0,3,0,0,74,0,74,0,0,77,0,77,54,0,54,131
04/22/2006,JXN,MI,AGL,CE,Federal Contract Tower,0,2,30,0,32,0,4,88,0,92,0,6,118,0,124,50,0,50,174
04/23/2006,JXN,MI,AGL,CE,Federal Contract Tower,0,4,27,0,31,0,1,76,0,77,0,5,103,0,108,42,0,42,150
04/24/2006,JXN,MI,AGL,CE,Federal Contract Tower,0,3,13,0,16,0,0,50,0,50,0,3,63,0,66,4,0,4,70
04/25/2006,JXN,MI,AGL,CE,Federal Contract Tower,0,0,3,0,3,0,0,24,0,24,0,0,27,0,27,26,0,26,53
04/26/2006,JXN,MI,AGL,CE,Federal Contract Tower,0,6,27,0,33,0,0,64,0,64,0,6,91,0,97,58,0,58,155
04/27/2006,JXN,MI,AGL,CE,Federal Contract Tower,0,2,38,0,40,0,0,65,0,65,0,2,103,0,105,58,0,58,163
04/28/2006,JXN,MI,AGL,CE,Federal Contract Tower,0,0,35,0,35,0,4,75,0,79,0,4,110,0,114,36,0,36,150
04/29/2006,JXN,MI,AGL,CE,Federal Contract Tower,0,0,25,0,25,0,0,139,0,139,0,0,164,0,164,44,0,44,208
04/30/2006,JXN,MI,AGL,CE,Federal Contract Tower,0,0,6,0,6,0,0,51,0,51,0,0,57,0,57,22,0,22,79
05/01/2006,JXN,MI,AGL,CE,Federal Contract Tower,0,0,8,0,8,0,0,39,0,39,0,0,47,0,47,32,0,32,79
05/02/2006,JXN,MI,AGL,CE,Federal Contract Tower,0,0,25,0,25,0,0,0,0,0,0,0,25,0,25,0,0,0,25
05/03/2006,JXN,MI,AGL,CE,Federal Contract Tower,0,0,19,0,19,0,0,73,0,73,0,0,92,0,92,56,0,56,148
05/04/2006,JXN,MI,AGL,CE,Federal Contract Tower,0,0,33,0,33,0,0,45,0,45,0,0,78,0,78,64,0,64,142
05/05/2006,JXN,MI,AGL,CE,Federal Contract Tower,0,0,26,2,28,0,0,844,0,844,0,0,870,2,872,20,0,20,892
05/06/2006,JXN,MI,AGL,CE,Federal Contract Tower,0,0,25,0,25,0,0,136,0,136,0,0,161,0,161,66,0,66,227
05/07/2006,JXN,MI,AGL,CE,Federal Contract Tower,0,0,11,0,11,0,0,161,0,161,0,0,172,0,172,8,0,8,180
05/08/2006,JXN,MI,AGL,CE,Federal Contract Tower,0,0,17,0,17,0,0,72,0,72,0,0,89,0,89,68,0,68,157
05/09/2006,JXN,MI,AGL,CE,Federal Contract Tower,0,0,22,0,22,0,0,63,0,63,0,0,85,0,85,42,0,42,127
05/10/2006,JXN,MI,AGL,CE,Federal Contract Tower,0,0,36,0,36,0,0,33,2,35,0,0,69,2,71,26,0,26,97
05/11/2006,JXN,MI,AGL,CE,Federal Contract Tower,0,0,4,0,4,0,3,2,0,5,0,3,6,0,9,0,0,0,9
05/12/2006,JXN,MI,AGL,CE,Federal Contract Tower,0,0,26,0,26,0,6,7,0,13,0,6,33,0,39,0,0,0,39
05/13/2006,JXN,MI,AGL,CE,Federal Contract Tower,0,1,45,0,46,0,0,1,0,1,0,1,46,0,47,0,0,0,47
05/14/2006,JXN,MI,AGL,CE,Federal Contract Tower,0,2,17,0,19,0,0,0,0,0,0,2,17,0,19,0,0,0,19
05/15/2006,JXN,MI,AGL,CE,Federal Contract Tower,0,0,22,0,22,0,0,2,0,2,0,0,24,0,24,14,0,14,38
05/16/2006,JXN,MI,AGL,CE,Federal Contract Tower,0,0,39,0,39,0,0,23,0,23,0,0,62,0,62,38,0,38,100
05/17/2006,JXN,MI,AGL,CE,Federal Contract Tower,0,7,20,0,27,0,1,43,0,44,0,8,63,0,71,8,0,8,79
05/18/2006,JXN,MI,AGL,CE,Federal Contract Tower,0,0,23,0,23,0,0,16,0,16,0,0,39,0,39,6,0,6,45
05/19/2006,JXN,MI,AGL,CE,Federal Contract Tower,0,0,30,0,30,0,0,39,0,39,0,0,69,0,69,28,0,28,97
05/20/2006,JXN,MI,AGL,CE,Federal Contract Tower,0,0,22,0,22,0,0,156,0,156,0,0,178,0,178,20,0,20,198
05/21/2006,JXN,MI,AGL,CE,Federal Contract Tower,0,1,10,0,11,0,0,69,0,69,0,1,79,0,80,16,0,16,96
05/22/2006,JXN,MI,AGL,CE,Federal Contract Tower,0,0,25,0,25,0,0,92,0,92,0,0,117,0,117,42,0,42,159
05/23/2006,JXN,MI,AGL,CE,Federal Contract Tower,0,1,37,0,38,0,0,96,4,100,0,1,133,4,138,74,0,74,212
05/24/2006,JXN,MI,AGL,CE,Federal Contract Tower,0,1,28,0,29,0,0,72,0,72,0,1,100,0,101,32,0,32,133
05/25/2006,JXN,MI,AGL,CE,Federal Contract Tower,0,0,27,0,27,0,0,9,0,9,0,0,36,0,36,0,0,0,36
05/26/2006,JXN,MI,AGL,CE,Federal Contract Tower,0,0,21,0,21,0,0,34,0,34,0,0,55,0,55,26,0,26,81
05/27/2006,JXN,MI,AGL,CE,Federal Contract Tower,0,0,17,0,17,0,2,147,0,149,0,2,164,0,166,34,0,34,200
05/28/2006,JXN,MI,AGL,CE,Federal Contract Tower,0,1,13,0,14,0,0,129,0,129,0,1,142,0,143,26,0,26,169
05/29/2006,JXN,MI,AGL,CE,Federal Contract Tower,0,0,0,0,0,0,2,117,2,121,0,2,117,2,121,28,0,28,149
05/30/2006,JXN,MI,AGL,CE,Federal Contract Tower,0,2,10,0,12,0,0,19,0,19,0,2,29,0,31,24,0,24,55
05/31/2006,JXN,MI,AGL,CE,Federal Contract Tower,0,0,24,0,24,0,0,46,2,48,0,0,70,2,72,50,0,50,122
06/01/2006,JXN,MI,AGL,CE,Federal Contract Tower,0,0,34,0,34,0,0,69,5,74,0,0,103,5,108,32,0,32,140
06/02/2006,JXN,MI,AGL,CE,Federal Contract Tower,0,0,18,1,19,0,0,74,1,75,0,0,92,2,94,78,0,78,172
06/03/2006,JXN,MI,AGL,CE,Federal Contract Tower,0,2,25,0,27,0,0,135,0,135,0,2,160,0,162,64,0,64,226
06/04/2006,JXN,MI,AGL,CE,Federal Contract Tower,0,2,17,0,19,0,0,102,0,102,0,2,119,0,121,30,0,30,151
06/05/2006,JXN,MI,AGL,CE,Federal Contract Tower,0,0,0,0,0,0,124,0,0,124,0,124,0,0,124,42,0,42,166
06/06/2006,JXN,MI,AGL,CE,Federal Contract Tower,0,0,26,0,26,0,0,74,0,74,0,0,100,0,100,18,0,18,118
06/07/2006,JXN,MI,AGL,CE,Federal Contract Tower,0,0,16,0,16,0,0,23,0,23,0,0,39,0,39,10,0,10,49
06/08/2006,JXN,MI,AGL,CE,Federal Contract Tower,0,2,34,0,36,0,0,94,0,94,0,2,128,0,130,72,0,72,202
06/09/2006,JXN,MI,AGL,CE,Federal Contract Tower,0,0,33,0,33,0,0,93,0,93,0,0,126,0,126,40,0,40,166
06/10/2006,JXN,MI,AGL,CE,Federal Contract Tower,0,3,20,0,23,0,0,127,18,145,0,3,147,18,168,38,0,38,206
06/11/2006,JXN,MI,AGL,CE,Federal Contract Tower,0,1,15,0,16,0,0,293,0,293,0,1,308,0,309,60,0,60,369
06/12/2006,JXN,MI,AGL,CE,Federal Contract Tower,0,0,29,0,29,0,0,65,0,65,0,0,94,0,94,24,0,24,118
06/13/2006,JXN,MI,AGL,CE,Federal Contract Tower,0,0,30,0,30,0,0,60,10,70,0,0,90,10,100,22,0,22,122
06/14/2006,JXN,MI,AGL,CE,Federal Contract Tower,0,0,33,0,33,0,0,85,2,87,0,0,118,2,120,44,0,44,164
06/15/2006,JXN,MI,AGL,CE,Federal Contract Tower,0,0,58,0,58,0,0,78,6,84,0,0,136,6,142,32,0,32,174
06/16/2006,JXN,MI,AGL,CE,Federal Contract Tower,0,0,27,0,27,0,0,103,0,103,0,0,130,0,130,38,0,38,168
06/17/2006,JXN,MI,AGL,CE,Federal Contract Tower,0,0,50,0,50,0,0,100,2,102,0,0,150,2,152,12,0,12,164
06/18/2006,JXN,MI,AGL,CE,Federal Contract Tower,0,5,76,1,82,0,0,88,0,88,0,5,164,1,170,0,0,0,170
06/19/2006,JXN,MI,AGL,CE,Federal Contract Tower,0,12,24,0,36,0,0,33,2,35,0,12,57,2,71,6,0,6,77
06/20/2006,JXN,MI,AGL,CE,Federal Contract Tower,0,3,38,0,41,0,2,104,0,106,0,5,142,0,147,104,0,104,251
06/21/2006,JXN,MI,AGL,CE,Federal Contract Tower,0,0,14,0,14,0,0,13,0,13,0,0,27,0,27,28,0,28,55
06/22/2006,JXN,MI,AGL,CE,Federal Contract Tower,0,0,19,0,19,0,2,49,2,53,0,2,68,2,72,132,0,132,204
06/23/2006,JXN,MI,AGL,CE,Federal Contract Tower,0,0,30,0,30,0,0,98,0,98,0,0,128,0,128,70,0,70,198
06/24/2006,JXN,MI,AGL,CE,Federal Contract Tower,0,0,21,0,21,0,2,174,12,188,0,2,195,12,209,48,0,48,257
06/25/2006,JXN,MI,AGL,CE,Federal Contract Tower,0,2,17,2,21,0,4,109,0,113,0,6,126,2,134,34,0,34,168
06/26/2006,JXN,MI,AGL,CE,Federal Contract Tower,0,2,32,0,34,0,0,42,0,42,0,2,74,0,76,50,0,50,126
06/27/2006,JXN,MI,AGL,CE,Federal Contract Tower,0,0,22,0,22,0,0,28,0,28,0,0,50,0,50,2,0,2,52
06/28/2006,JXN,MI,AGL,CE,Federal Contract Tower,0,2,26,0,28,0,7,62,2,71,0,9,88,2,99,90,0,90,189
06/29/2006,JXN,MI,AGL,CE,Federal Contract Tower,0,0,38,0,38,0,0,99,0,99,0,0,137,0,137,108,0,108,245
06/30/2006,JXN,MI,AGL,CE,Federal Contract Tower,0,0,25,0,25,0,0,100,0,100,0,0,125,0,125,94,0,94,219
07/01/2006,JXN,MI,AGL,CE,Federal Contract Tower,0,0,20,0,20,0,0,167,0,167,0,0,187,0,187,42,0,42,229
07/02/2006,JXN,MI,AGL,CE,Federal Contract Tower,0,2,22,0,24,0,0,34,0,34,0,2,56,0,58,0,0,0,58
07/03/2006,JXN,MI,AGL,CE,Federal Contract Tower,0,0,13,0,13,0,0,33,0,33,0,0,46,0,46,34,0,34,80
07/04/2006,JXN,MI,AGL,CE,Federal Contract Tower,0,0,15,0,15,0,0,46,0,46,0,0,61,0,61,26,0,26,87
07/05/2006,JXN,MI,AGL,CE,Federal Contract Tower,0,0,33,0,33,0,2,106,0,108,0,2,139,0,141,82,0,82,223
07/06/2006,JXN,MI,AGL,CE,Federal Contract Tower,0,0,29,0,29,0,5,135,0,140,0,5,164,0,169,114,0,114,283
07/07/2006,JXN,MI,AGL,CE,Federal Contract Tower,0,0,32,0,32,0,3,233,0,236,0,3,265,0,268,38,0,38,306
07/08/2006,JXN,MI,AGL,CE,Federal Contract Tower,0,2,24,0,26,0,2,345,0,347,0,4,369,0,373,28,0,28,401
07/09/2006,JXN,MI,AGL,CE,Federal Contract Tower,0,0,32,0,32,0,0,137,0,137,0,0,169,0,169,14,0,14,183
07/10/2006,JXN,MI,AGL,CE,Federal Contract Tower,0,0,41,0,41,0,2,61,0,63,0,2,102,0,104,76,0,76,180
07/11/2006,JXN,MI,AGL,CE,Federal Contract Tower,0,0,28,0,28,0,2,35,0,37,0,2,63,0,65,38,0,38,103
07/12/2006,JXN,MI,AGL,CE,Federal Contract Tower,0,3,30,0,33,0,0,29,0,29,0,3,59,0,62,36,0,36,98
07/13/2006,JXN,MI,AGL,CE,Federal Contract Tower,0,0,13,0,13,0,4,91,0,95,0,4,104,0,108,76,0,76,184
07/14/2006,JXN,MI,AGL,CE,Federal Contract Tower,0,1,9,0,10,0,1,87,2,90,0,2,96,2,100,66,0,66,166
07/15/2006,JXN,MI,AGL,CE,Federal Contract Tower,0,2,13,0,15,0,2,140,0,142,0,4,153,0,157,4,0,4,161
07/16/2006,JXN,MI,AGL,CE,Federal Contract Tower,0,1,17,0,18,0,7,78,2,87,0,8,95,2,105,7,0,7,112
07/17/2006,JXN,MI,AGL,CE,Federal Contract Tower,0,0,38,0,38,0,0,74,0,74,0,0,112,0,112,66,0,66,178
07/18/2006,JXN,MI,AGL,CE,Federal Contract Tower,0,1,31,0,32,0,15,76,0,91,0,16,107,0,123,70,0,70,193
07/19/2006,JXN,MI,AGL,CE,Federal Contract Tower,0,1,15,0,16,0,0,125,0,125,0,1,140,0,141,90,0,90,231
07/20/2006,JXN,MI,AGL,CE,Federal Contract Tower,0,0,10,0,10,0,4,40,0,44,0,4,50,0,54,24,0,24,78
07/21/2006,JXN,MI,AGL,CE,Federal Contract Tower,0,0,28,0,28,0,1,118,0,119,0,1,146,0,147,52,0,52,199
07/22/2006,JXN,MI,AGL,CE,Federal Contract Tower,0,0,33,0,33,0,0,149,0,149,0,0,182,0,182,68,0,68,250
07/23/2006,JXN,MI,AGL,CE,Federal Contract Tower,0,1,29,0,30,0,2,165,0,167,0,3,194,0,197,56,0,56,253
07/24/2006,JXN,MI,AGL,CE,Federal Contract Tower,0,0,12,0,12,0,2,90,0,92,0,2,102,0,104,78,0,78,182
07/25/2006,JXN,MI,AGL,CE,Federal Contract Tower,0,0,37,0,37,0,10,74,0,84,0,10,111,0,121,124,0,124,245
07/26/2006,JXN,MI,AGL,CE,Federal Contract Tower,0,6,31,0,37,0,2,69,0,71,0,8,100,0,108,118,0,118,226
07/27/2006,JXN,MI,AGL,CE,Federal Contract Tower,0,6,54,0,60,0,0,32,0,32,0,6,86,0,92,40,0,40,132
07/28/2006,JXN,MI,AGL,CE,Federal Contract Tower,0,5,54,0,59,0,0,58,0,58,0,5,112,0,117,28,0,28,145
07/29/2006,JXN,MI,AGL,CE,Federal Contract Tower,0,0,18,0,18,0,0,90,2,92,0,0,108,2,110,41,0,41,151
07/30/2006,JXN,MI,AGL,CE,Federal Contract Tower,0,2,30,0,32,0,0,78,6,84,0,2,108,6,116,42,0,42,158
07/31/2006,JXN,MI,AGL,CE,Federal Contract Tower,0,0,26,0,26,0,0,61,0,61,0,0,87,0,87,92,0,92,179
08/01/2006,JXN,MI,AGL,CE,Federal Contract Tower,0,0,55,0,55,0,0,74,0,74,0,0,129,0,129,66,0,66,195
08/02/2006,JXN,MI,AGL,CE,Federal Contract Tower,0,0,41,0,41,0,0,79,0,79,0,0,120,0,120,70,0,70,190
08/03/2006,JXN,MI,AGL,CE,Federal Contract Tower,0,0,14,0,14,0,0,15,0,15,0,0,29,0,29,20,0,20,49
08/04/2006,JXN,MI,AGL,CE,Federal Contract Tower,0,0,18,1,19,0,5,80,0,85,0,5,98,1,104,60,0,60,164
08/05/2006,JXN,MI,AGL,CE,Federal Contract Tower,0,2,17,0,19,0,0,193,4,197,0,2,210,4,216,62,0,62,278
08/06/2006,JXN,MI,AGL,CE,Federal Contract Tower,0,0,21,1,22,0,0,144,0,144,0,0,165,1,166,52,0,52,218
08/07/2006,JXN,MI,AGL,CE,Federal Contract Tower,0,0,27,0,27,0,0,58,0,58,0,0,85,0,85,142,0,142,227
08/08/2006,JXN,MI,AGL,CE,Federal Contract Tower,0,0,21,0,21,0,0,95,0,95,0,0,116,0,116,70,0,70,186
08/09/2006,JXN,MI,AGL,CE,Federal Contract Tower,0,0,28,0,28,0,2,124,0,126,0,2,152,0,154,90,0,90,244
08/10/2006,JXN,MI,AGL,CE,Federal Contract Tower,0,4,15,0,19,0,2,57,0,59,0,6,72,0,78,104,0,104,182
08/11/2006,JXN,MI,AGL,CE,Federal Contract Tower,0,0,7,0,7,0,0,70,0,70,0,0,77,0,77,48,0,48,125
08/12/2006,JXN,MI,AGL,CE,Federal Contract Tower,0,1,15,0,16,0,0,151,0,151,0,1,166,0,167,24,0,24,191
08/13/2006,JXN,MI,AGL,CE,Federal Contract Tower,0,0,17,0,17,0,0,142,0,142,0,0,159,0,159,0,38,38,197
08/14/2006,JXN,MI,AGL,CE,Federal Contract Tower,0,1,28,0,29,0,0,18,0,18,0,1,46,0,47,28,0,28,75
08/15/2006,JXN,MI,AGL,CE,Federal Contract Tower,0,1,25,0,26,0,0,110,0,110,0,1,135,0,136,76,0,76,212
08/16/2006,JXN,MI,AGL,CE,Federal Contract Tower,0,3,32,0,35,0,2,95,0,97,0,5,127,0,132,58,0,58,190
08/17/2006,JXN,MI,AGL,CE,Federal Contract Tower,0,3,99,0,102,0,1,82,0,83,0,4,181,0,185,32,0,32,217
08/18/2006,JXN,MI,AGL,CE,Federal Contract Tower,0,3,32,0,35,0,1,45,0,46,0,4,77,0,81,10,0,10,91
08/19/2006,JXN,MI,AGL,CE,Federal Contract Tower,0,2,92,2,96,0,0,11,0,11,0,2,103,2,107,10,0,10,117
08/20/2006,JXN,MI,AGL,CE,Federal Contract Tower,4,7,84,0,95,1,2,123,0,126,5,9,207,0,221,26,0,26,247
08/21/2006,JXN,MI,AGL,CE,Federal Contract Tower,1,2,45,0,48,0,0,101,16,117,1,2,146,16,165,112,0,112,277
08/22/2006,JXN,MI,AGL,CE,Federal Contract Tower,0,0,20,0,20,0,4,60,0,64,0,4,80,0,84,78,0,78,162
08/23/2006,JXN,MI,AGL,CE,Federal Contract Tower,0,0,20,0,20,0,2,140,0,142,0,2,160,0,162,112,0,112,274
08/24/2006,JXN,MI,AGL,CE,Federal Contract Tower,0,0,16,0,16,0,0,18,0,18,0,0,34,0,34,46,0,46,80
08/25/2006,JXN,MI,AGL,CE,Federal Contract Tower,0,0,15,4,19,0,0,30,0,30,0,0,45,4,49,40,0,40,89
08/26/2006,JXN,MI,AGL,CE,Federal Contract Tower,0,2,29,0,31,0,0,22,0,22,0,2,51,0,53,54,0,54,107
08/27/2006,JXN,MI,AGL,CE,Federal Contract Tower,0,0,49,0,49,0,0,7,0,7,0,0,56,0,56,42,0,42,98
08/28/2006,JXN,MI,AGL,CE,Federal Contract Tower,0,0,29,0,29,0,0,23,0,23,0,0,52,0,52,14,0,14,66
08/29/2006,JXN,MI,AGL,CE,Federal Contract Tower,0,0,29,0,29,0,0,37,2,39,0,0,66,2,68,48,0,48,116
08/30/2006,JXN,MI,AGL,CE,Federal Contract Tower,0,0,61,2,63,0,2,42,0,44,0,2,103,2,107,84,0,84,191
08/31/2006,JXN,MI,AGL,CE,Federal Contract Tower,0,0,28,0,28,0,2,102,6,110,0,2,130,6,138,80,0,80,218
09/01/2006,JXN,MI,AGL,CE,Federal Contract Tower,0,3,26,0,29,0,5,83,0,88,0,8,109,0,117,100,0,100,217
09/02/2006,JXN,MI,AGL,CE,Federal Contract Tower,0,0,16,0,16,0,0,172,0,172,0,0,188,0,188,66,0,66,254
09/03/2006,JXN,MI,AGL,CE,Federal Contract Tower,0,0,22,0,22,0,0,135,0,135,0,0,157,0,157,52,0,52,209
09/04/2006,JXN,MI,AGL,CE,Federal Contract Tower,0,2,17,0,19,0,4,178,0,182,0,6,195,0,201,42,0,42,243
09/05/2006,JXN,MI,AGL,CE,Federal Contract Tower,0,3,25,0,28,0,0,29,0,29,0,3,54,0,57,22,0,22,79
09/06/2006,JXN,MI,AGL,CE,Federal Contract Tower,0,0,22,5,27,0,0,49,0,49,0,0,71,5,76,66,0,66,142
09/07/2006,JXN,MI,AGL,CE,Federal Contract Tower,0,1,47,0,48,0,0,77,0,77,0,1,124,0,125,54,0,54,179
09/08/2006,JXN,MI,AGL,CE,Federal Contract Tower,0,0,21,0,21,0,0,78,0,78,0,0,99,0,99,84,0,84,183
09/09/2006,JXN,MI,AGL,CE,Federal Contract Tower,0,1,24,2,27,0,0,39,2,41,0,1,63,4,68,12,0,12,80
09/10/2006,JXN,MI,AGL,CE,Federal Contract Tower,0,0,19,0,19,0,0,88,4,92,0,0,107,4,111,58,0,58,169
09/11/2006,JXN,MI,AGL,CE,Federal Contract Tower,0,0,26,0,26,0,0,35,0,35,0,0,61,0,61,52,0,52,113
09/12/2006,JXN,MI,AGL,CE,Federal Contract Tower,0,0,5,0,5,0,0,0,0,0,0,0,5,0,5,0,0,0,5
09/13/2006,JXN,MI,AGL,CE,Federal Contract Tower,0,19,25,0,44,0,0,1,0,1,0,19,26,0,45,0,0,0,45
09/14/2006,JXN,MI,AGL,CE,Federal Contract Tower,0,0,18,0,18,0,4,36,0,40,0,4,54,0,58,54,0,54,112
09/15/2006,JXN,MI,AGL,CE,Federal Contract Tower,0,0,50,0,50,0,3,93,0,96,0,3,143,0,146,52,0,52,198
09/16/2006,JXN,MI,AGL,CE,Federal Contract Tower,0,8,47,0,55,0,0,111,0,111,0,8,158,0,166,38,0,38,204
09/17/2006,JXN,MI,AGL,CE,Federal Contract Tower,0,0,39,0,39,0,0,97,0,97,0,0,136,0,136,58,0,58,194
09/18/2006,JXN,MI,AGL,CE,Federal Contract Tower,0,1,51,0,52,0,0,14,0,14,0,1,65,0,66,10,0,10,76
09/19/2006,JXN,MI,AGL,CE,Federal Contract Tower,0,0,29,2,31,0,0,63,2,65,0,0,92,4,96,48,0,48,144
09/20/2006,JXN,MI,AGL,CE,Federal Contract Tower,0,24,27,2,53,0,0,59,0,59,0,24,86,2,112,38,0,38,150
09/21/2006,JXN,MI,AGL,CE,Federal Contract Tower,0,1,37,0,38,0,7,108,0,115,0,8,145,0,153,60,0,60,213
09/22/2006,JXN,MI,AGL,CE,Federal Contract Tower,0,9,36,0,45,0,0,39,0,39,0,9,75,0,84,110,0,110,194
09/23/2006,JXN,MI,AGL,CE,Federal Contract Tower,0,0,24,0,24,0,0,47,0,47,0,0,71,0,71,16,0,16,87
09/24/2006,JXN,MI,AGL,CE,Federal Contract Tower,0,1,44,0,45,0,4,48,0,52,0,5,92,0,97,24,0,24,121
09/25/2006,JXN,MI,AGL,CE,Federal Contract Tower,0,1,24,0,25,0,0,50,0,50,0,1,74,0,75,28,0,28,103
09/26/2006,JXN,MI,AGL,CE,Federal Contract Tower,0,0,30,0,30,0,0,103,0,103,0,0,133,0,133,96,0,96,229
09/27/2006,JXN,MI,AGL,CE,Federal Contract Tower,0,21,26,0,47,0,3,55,0,58,0,24,81,0,105,74,2,76,181
09/28/2006,JXN,MI,AGL,CE,Federal Contract Tower,0,14,41,0,55,0,0,72,0,72,0,14,113,0,127,74,0,74,201
09/29/2006,JXN,MI,AGL,CE,Federal Contract Tower,0,0,31,0,31,0,0,101,0,101,0,0,132,0,132,74,0,74,206
09/30/2006,JXN,MI,AGL,CE,Federal Contract Tower,0,0,26,0,26,0,0,87,0,87,0,0,113,0,113,46,0,46,159
10/01/2006,JXN,MI,AGL,CE,Federal Contract Tower,0,0,30,0,30,0,2,144,0,146,0,2,174,0,176,34,0,34,210
10/02/2006,JXN,MI,AGL,CE,Federal Contract Tower,0,0,3,0,3,0,0,9,0,9,0,0,12,0,12,2,0,2,14
10/03/2006,JXN,MI,AGL,CE,Federal Contract Tower,0,0,0,0,0,0,4,87,0,91,0,4,87,0,91,40,0,40,131
10/04/2006,JXN,MI,AGL,CE,Federal Contract Tower,0,0,14,0,14,0,0,7,0,7,0,0,21,0,21,0,0,0,21
10/05/2006,JXN,MI,AGL,CE,Federal Contract Tower,0,4,21,0,25,0,0,77,0,77,0,4,98,0,102,124,0,124,226
10/06/2006,JXN,MI,AGL,CE,Federal Contract Tower,0,0,22,0,22,0,0,97,2,99,0,0,119,2,121,68,0,68,189
10/07/2006,JXN,MI,AGL,CE,Federal Contract Tower,0,2,33,0,35,0,4,143,0,147,0,6,176,0,182,30,0,30,212
10/08/2006,JXN,MI,AGL,CE,Federal Contract Tower,0,0,11,0,11,0,0,151,0,151,0,0,162,0,162,36,0,36,198
10/09/2006,JXN,MI,AGL,CE,Federal Contract Tower,0,0,33,0,33,0,0,104,0,104,0,0,137,0,137,46,0,46,183
10/10/2006,JXN,MI,AGL,CE,Federal Contract Tower,0,0,29,0,29,0,4,55,0,59,0,4,84,0,88,60,0,60,148
10/11/2006,JXN,MI,AGL,CE,Federal Contract Tower,0,0,51,0,51,0,0,11,0,11,0,0,62,0,62,54,0,54,116
10/12/2006,JXN,MI,AGL,CE,Federal Contract Tower,0,0,6,0,6,0,0,15,1,16,0,0,21,1,22,6,0,6,28
10/13/2006,JXN,MI,AGL,CE,Federal Contract Tower,0,3,7,0,10,0,0,9,6,15,0,3,16,6,25,0,0,0,25
10/14/2006,JXN,MI,AGL,CE,Federal Contract Tower,0,0,33,0,33,0,1,103,0,104,0,1,136,0,137,48,0,48,185
10/15/2006,JXN,MI,AGL,CE,Federal Contract Tower,0,0,29,0,29,0,0,168,6,174,0,0,197,6,203,28,0,28,231
10/16/2006,JXN,MI,AGL,CE,Federal Contract Tower,0,0,26,0,26,0,0,30,0,30,0,0,56,0,56,6,0,6,62
10/17/2006,JXN,MI,AGL,CE,Federal Contract Tower,0,9,22,0,31,0,0,0,0,0,0,9,22,0,31,0,0,0,31
10/18/2006,JXN,MI,AGL,CE,Federal Contract Tower,0,0,36,0,36,0,0,53,3,56,0,0,89,3,92,138,0,138,230
10/19/2006,JXN,MI,AGL,CE,Federal Contract Tower,0,1,21,0,22,0,0,60,0,60,0,1,81,0,82,118,0,118,200
10/20/2006,JXN,MI,AGL,CE,Federal Contract Tower,0,0,23,1,24,0,0,95,3,98,0,0,118,4,122,70,0,70,192
10/21/2006,JXN,MI,AGL,CE,Federal Contract Tower,0,0,22,1,23,0,0,90,0,90,0,0,112,1,113,58,0,58,171
10/22/2006,JXN,MI,AGL,CE,Federal Contract Tower,0,0,11,0,11,0,0,3,0,3,0,0,14,0,14,0,0,0,14
10/23/2006,JXN,MI,AGL,CE,Federal Contract Tower,0,0,17,0,17,0,0,21,0,21,0,0,38,0,38,66,0,66,104
10/24/2006,JXN,MI,AGL,CE,Federal Contract Tower,0,0,22,2,24,0,0,43,0,43,0,0,65,2,67,36,0,36,103
10/25/2006,JXN,MI,AGL,CE,Federal Contract Tower,0,0,24,0,24,0,0,179,0,179,0,0,203,0,203,86,0,86,289
10/26/2006,JXN,MI,AGL,CE,Federal Contract Tower,0,6,23,0,29,0,9,84,0,93,0,15,107,0,122,112,0,112,234
10/27/2006,JXN,MI,AGL,CE,Federal Contract Tower,0,1,23,0,24,0,0,0,0,0,0,1,23,0,24,0,0,0,24
10/28/2006,JXN,MI,AGL,CE,Federal Contract Tower,0,1,3,0,4,0,0,3,0,3,0,1,6,0,7,10,0,10,17
10/29/2006,JXN,MI,AGL,CE,Federal Contract Tower,0,0,8,0,8,0,0,69,0,69,0,0,77,0,77,6,0,6,83
10/30/2006,JXN,MI,AGL,CE,Federal Contract Tower,0,0,23,0,23,0,4,101,0,105,0,4,124,0,128,78,0,78,206
10/31/2006,JXN,MI,AGL,CE,Federal Contract Tower,0,0,11,0,11,0,2,30,0,32,0,2,41,0,43,8,0,8,51
11/01/2006,JXN,MI,AGL,CE,Federal Contract Tower,0,0,29,0,29,0,3,124,0,127,0,3,153,0,156,64,0,64,220
11/02/2006,JXN,MI,AGL,CE,Federal Contract Tower,0,3,13,0,16,0,4,30,0,34,0,7,43,0,50,52,0,52,102
11/03/2006,JXN,MI,AGL,CE,Federal Contract Tower,0,0,22,0,22,0,0,47,0,47,0,0,69,0,69,20,0,20,89
11/04/2006,JXN,MI,AGL,CE,Federal Contract Tower,0,0,45,0,45,0,0,117,0,117,0,0,162,0,162,72,0,72,234
11/05/2006,JXN,MI,AGL,CE,Federal Contract Tower,0,0,13,0,13,0,0,123,0,123,0,0,136,0,136,50,0,50,186
11/06/2006,JXN,MI,AGL,CE,Federal Contract Tower,0,0,20,0,20,0,0,71,0,71,0,0,91,0,91,50,0,50,141
11/07/2006,JXN,MI,AGL,CE,Federal Contract Tower,0,2,15,0,17,0,0,4,0,4,0,2,19,0,21,0,0,0,21
11/08/2006,JXN,MI,AGL,CE,Federal Contract Tower,0,1,27,0,28,0,0,1,0,1,0,1,28,0,29,12,0,12,41
11/09/2006,JXN,MI,AGL,CE,Federal Contract Tower,0,0,23,0,23,0,2,143,0,145,0,2,166,0,168,100,0,100,268
11/10/2006,JXN,MI,AGL,CE,Federal Contract Tower,0,0,13,0,13,0,0,48,0,48,0,0,61,0,61,98,0,98,159
11/11/2006,JXN,MI,AGL,CE,Federal Contract Tower,0,0,6,0,6,0,1,0,0,1,0,1,6,0,7,0,0,0,7
11/12/2006,JXN,MI,AGL,CE,Federal Contract Tower,0,0,34,0,34,0,0,81,0,81,0,0,115,0,115,10,0,10,125
11/13/2006,JXN,MI,AGL,CE,Federal Contract Tower,0,0,23,0,23,0,2,6,0,8,0,2,29,0,31,18,0,18,49
11/14/2006,JXN,MI,AGL,CE,Federal Contract Tower,0,0,39,0,39,0,0,18,0,18,0,0,57,0,57,76,0,76,133
11/15/2006,JXN,MI,AGL,CE,Federal Contract Tower,0,5,38,0,43,0,2,36,0,38,0,7,74,0,81,32,0,32,113
11/16/2006,JXN,MI,AGL,CE,Federal Contract Tower,0,0,37,0,37,0,0,0,0,0,0,0,37,0,37,0,0,0,37
11/17/2006,JXN,MI,AGL,CE,Federal Contract Tower,0,2,20,0,22,0,0,67,0,67,0,2,87,0,89,82,0,82,171
11/18/2006,JXN,MI,AGL,CE,Federal Contract Tower,0,0,34,0,34,0,0,96,0,96,0,0,130,0,130,10,0,10,140
11/19/2006,JXN,MI,AGL,CE,Federal Contract Tower,0,0,18,0,18,0,0,65,0,65,0,0,83,0,83,6,0,6,89
11/20/2006,JXN,MI,AGL,CE,Federal Contract Tower,0,1,28,0,29,0,0,70,0,70,0,1,98,0,99,54,0,54,153
11/21/2006,JXN,MI,AGL,CE,Federal Contract Tower,0,1,26,2,29,0,2,127,2,131,0,3,153,4,160,92,0,92,252
11/22/2006,JXN,MI,AGL,CE,Federal Contract Tower,0,0,9,0,9,0,2,130,0,132,0,2,139,0,141,72,0,72,213
11/23/2006,JXN,MI,AGL,CE,Federal Contract Tower,0,0,9,0,9,0,0,30,0,30,0,0,39,0,39,12,0,12,51
11/24/2006,JXN,MI,AGL,CE,Federal Contract Tower,0,0,28,0,28,0,0,113,0,113,0,0,141,0,141,28,0,28,169
11/25/2006,JXN,MI,AGL,CE,Federal Contract Tower,0,0,5,0,5,0,2,147,0,149,0,2,152,0,154,84,0,84,238
11/26/2006,JXN,MI,AGL,CE,Federal Contract Tower,0,3,16,0,19,0,0,140,0,140,0,3,156,0,159,56,0,56,215
11/27/2006,JXN,MI,AGL,CE,Federal Contract Tower,0,1,9,0,10,0,0,43,0,43,0,1,52,0,53,54,0,54,107
11/28/2006,JXN,MI,AGL,CE,Federal Contract Tower,0,2,22,0,24,0,0,91,0,91,0,2,113,0,115,92,0,92,207
11/29/2006,JXN,MI,AGL,CE,Federal Contract Tower,0,0,43,0,43,0,0,18,0,18,0,0,61,0,61,58,0,58,119
11/30/2006,JXN,MI,AGL,CE,Federal Contract Tower,0,0,15,0,15,0,0,15,0,15,0,0,30,0,30,16,0,16,46
12/01/2006,JXN,MI,AGL,CE,Federal Contract Tower,0,0,0,0,0,0,0,3,0,3,0,0,3,0,3,0,0,0,3
12/02/2006,JXN,MI,AGL,CE,Federal Contract Tower,0,0,20,0,20,0,0,147,0,147,0,0,167,0,167,52,0,52,219
12/03/2006,JXN,MI,AGL,CE,Federal Contract Tower,0,0,15,0,15,0,0,23,0,23,0,0,38,0,38,2,0,2,40
12/04/2006,JXN,MI,AGL,CE,Federal Contract Tower,0,0,6,0,6,0,0,7,0,7,0,0,13,0,13,4,0,4,17
12/05/2006,JXN,MI,AGL,CE,Federal Contract Tower,0,0,9,0,9,0,0,37,0,37,0,0,46,0,46,16,0,16,62
12/06/2006,JXN,MI,AGL,CE,Federal Contract Tower,0,0,8,0,8,0,0,31,0,31,0,0,39,0,39,38,0,38,77
12/07/2006,JXN,MI,AGL,CE,Federal Contract Tower,0,0,25,0,25,0,0,33,2,35,0,0,58,2,60,54,0,54,114
12/08/2006,JXN,MI,AGL,CE,Federal Contract Tower,0,0,13,0,13,0,4,37,0,41,0,4,50,0,54,62,0,62,116
12/09/2006,JXN,MI,AGL,CE,Federal Contract Tower,0,0,31,0,31,0,0,134,0,134,0,0,165,0,165,38,0,38,203
12/10/2006,JXN,MI,AGL,CE,Federal Contract Tower,0,0,17,0,17,0,0,135,0,135,0,0,152,0,152,84,0,84,236
12/11/2006,JXN,MI,AGL,CE,Federal Contract Tower,0,0,28,0,28,0,2,91,0,93,0,2,119,0,121,84,0,84,205
12/12/2006,JXN,MI,AGL,CE,Federal Contract Tower,0,0,19,0,19,0,0,20,0,20,0,0,39,0,39,16,0,16,55
12/13/2006,JXN,MI,AGL,CE,Federal Contract Tower,0,0,13,0,13,0,2,27,0,29,0,2,40,0,42,34,0,34,76
12/14/2006,JXN,MI,AGL,CE,Federal Contract Tower,0,0,15,0,15,0,4,59,0,63,0,4,74,0,78,6,0,6,84
12/15/2006,JXN,MI,AGL,CE,Federal Contract Tower,0,0,0,0,0,0,0,37,0,37,0,0,37,0,37,0,18,18,55
12/16/2006,JXN,MI,AGL,CE,Federal Contract Tower,0,0,40,0,40,0,0,166,0,166,0,0,206,0,206,66,0,66,272
12/17/2006,JXN,MI,AGL,CE,Federal Contract Tower,0,0,21,0,21,0,0,52,0,52,0,0,73,0,73,52,0,52,125
12/18/2006,JXN,MI,AGL,CE,Federal Contract Tower,0,0,8,0,8,0,0,51,0,51,0,0,59,0,59,108,0,108,167
12/19/2006,JXN,MI,AGL,CE,Federal Contract Tower,0,0,39,0,39,0,2,96,0,98,0,2,135,0,137,56,0,56,193
12/20/2006,JXN,MI,AGL,CE,Federal Contract Tower,0,0,25,0,25,0,4,92,2,98,0,4,117,2,123,60,0,60,183
12/21/2006,JXN,MI,AGL,CE,Federal Contract Tower,0,0,9,0,9,0,0,3,0,3,0,0,12,0,12,0,0,0,12
12/22/2006,JXN,MI,AGL,CE,Federal Contract Tower,0,1,1,0,2,0,0,10,0,10,0,1,11,0,12,10,0,10,22
12/23/2006,JXN,MI,AGL,CE,Federal Contract Tower,0,0,7,0,7,0,0,13,0,13,0,0,20,0,20,0,0,0,20
12/24/2006,JXN,MI,AGL,CE,Federal Contract Tower,0,0,54,0,54,0,4,43,0,47,0,4,97,0,101,20,0,20,121
12/25/2006,JXN,MI,AGL,CE,Federal Contract Tower,0,0,7,0,7,0,0,0,0,0,0,0,7,0,7,0,0,0,7
12/26/2006,JXN,MI,AGL,CE,Federal Contract Tower,16,0,2,0,18,1,2,15,0,18,17,2,17,0,36,8,0,8,44
12/27/2006,JXN,MI,AGL,CE,Federal Contract Tower,0,0,18,0,18,0,0,83,0,83,0,0,101,0,101,30,0,30,131
12/28/2006,JXN,MI,AGL,CE,Federal Contract Tower,0,0,11,0,11,0,0,3,0,3,0,0,14,0,14,22,0,22,36
12/29/2006,JXN,MI,AGL,CE,Federal Contract Tower,0,0,32,0,32,0,0,40,0,40,0,0,72,0,72,34,0,34,106
12/30/2006,JXN,MI,AGL,CE,Federal Contract Tower,0,0,29,0,29,0,0,120,0,120,0,0,149,0,149,30,0,30,179
12/31/2006,JXN,MI,AGL,CE,Federal Contract Tower,0,0,4,0,4,0,0,0,0,0,0,0,4,0,4,0,0,0,4
01/01/2007,JXN,MI,AGL,CE,Federal Contract Tower,0,0,11,0,11,0,0,8,0,8,0,0,19,0,19,0,0,0,19
01/02/2007,JXN,MI,AGL,CE,Federal Contract Tower,0,0,13,0,13,0,4,89,0,93,0,4,102,0,106,60,0,60,166
01/03/2007,JXN,MI,AGL,CE,Federal Contract Tower,0,3,11,0,14,0,1,86,0,87,0,4,97,0,101,36,0,36,137
01/04/2007,JXN,MI,AGL,CE,Federal Contract Tower,0,2,10,0,12,0,0,33,0,33,0,2,43,0,45,32,0,32,77
01/05/2007,JXN,MI,AGL,CE,Federal Contract Tower,0,0,15,2,17,0,0,2,0,2,0,0,17,2,19,2,2,4,23
01/06/2007,JXN,MI,AGL,CE,Federal Contract Tower,0,0,9,0,9,0,0,9,0,9,0,0,18,0,18,0,0,0,18
01/07/2007,JXN,MI,AGL,CE,Federal Contract Tower,0,0,27,0,27,0,0,0,0,0,0,0,27,0,27,0,0,0,27
01/08/2007,JXN,MI,AGL,CE,Federal Contract Tower,0,1,7,0,8,0,5,33,0,38,0,6,40,0,46,40,0,40,86
01/09/2007,JXN,MI,AGL,CE,Federal Contract Tower,0,0,6,0,6,0,0,15,0,15,0,0,21,0,21,56,0,56,77
01/10/2007,JXN,MI,AGL,CE,Federal Contract Tower,0,0,19,0,19,0,0,75,0,75,0,0,94,0,94,86,0,86,180
01/11/2007,JXN,MI,AGL,CE,Federal Contract Tower,0,0,17,0,17,0,4,38,0,42,0,4,55,0,59,50,0,50,109
01/12/2007,JXN,MI,AGL,CE,Federal Contract Tower,0,1,13,0,14,0,0,3,0,3,0,1,16,0,17,0,0,0,17
01/13/2007,JXN,MI,AGL,CE,Federal Contract Tower,0,2,4,0,6,0,0,0,0,0,0,2,4,0,6,0,0,0,6
01/14/2007,JXN,MI,AGL,CE,Federal Contract Tower,0,0,0,0,0,0,0,0,0,0,0,0,0,0,0,0,0,0,0
01/15/2007,JXN,MI,AGL,CE,Federal Contract Tower,0,0,5,0,5,0,0,0,0,0,0,0,5,0,5,0,0,0,5
01/16/2007,JXN,MI,AGL,CE,Federal Contract Tower,0,0,10,2,12,0,0,57,2,59,0,0,67,4,71,64,0,64,135
01/17/2007,JXN,MI,AGL,CE,Federal Contract Tower,0,0,36,0,36,0,7,92,0,99,0,7,128,0,135,96,0,96,231
01/18/2007,JXN,MI,AGL,CE,Federal Contract Tower,0,1,17,0,18,0,2,30,0,32,0,3,47,0,50,28,0,28,78
01/19/2007,JXN,MI,AGL,CE,Federal Contract Tower,0,0,1,0,1,0,0,5,0,5,0,0,6,0,6,0,0,0,6
01/20/2007,JXN,MI,AGL,CE,Federal Contract Tower,0,0,62,0,62,0,0,132,0,132,0,0,194,0,194,116,0,116,310
01/21/2007,JXN,MI,AGL,CE,Federal Contract Tower,0,0,2,0,2,0,0,8,0,8,0,0,10,0,10,0,0,0,10
01/22/2007,JXN,MI,AGL,CE,Federal Contract Tower,0,2,2,0,4,0,0,31,0,31,0,2,33,0,35,24,0,24,59
01/23/2007,JXN,MI,AGL,CE,Federal Contract Tower,0,0,20,0,20,0,2,31,0,33,0,2,51,0,53,38,0,38,91
01/24/2007,JXN,MI,AGL,CE,Federal Contract Tower,0,0,5,0,5,0,0,12,0,12,0,0,17,0,17,0,0,0,17
01/25/2007,JXN,MI,AGL,CE,Federal Contract Tower,0,0,16,0,16,0,0,18,0,18,0,0,34,0,34,34,0,34,68
01/26/2007,JXN,MI,AGL,CE,Federal Contract Tower,0,0,2,0,2,0,2,14,0,16,0,2,16,0,18,26,0,26,44
01/27/2007,JXN,MI,AGL,CE,Federal Contract Tower,0,0,10,0,10,0,0,2,0,2,0,0,12,0,12,12,0,12,24
01/28/2007,JXN,MI,AGL,CE,Federal Contract Tower,0,0,4,0,4,0,0,2,0,2,0,0,6,0,6,6,0,6,12
01/29/2007,JXN,MI,AGL,CE,Federal Contract Tower,0,0,19,0,19,0,0,31,0,31,0,0,50,0,50,10,2,12,62
01/30/2007,JXN,MI,AGL,CE,Federal Contract Tower,0,0,8,0,8,0,0,0,0,0,0,0,8,0,8,10,0,10,18
01/31/2007,JXN,MI,AGL,CE,Federal Contract Tower,0,0,27,2,29,0,0,72,3,75,0,0,99,5,104,92,2,94,198
02/01/2007,JXN,MI,AGL,CE,Federal Contract Tower,0,1,15,0,16,0,4,31,0,35,0,5,46,0,51,16,0,16,67
02/02/2007,JXN,MI,AGL,CE,Federal Contract Tower,0,0,4,0,4,0,0,4,0,4,0,0,8,0,8,0,0,0,8
02/03/2007,JXN,MI,AGL,CE,Federal Contract Tower,0,0,7,0,7,0,0,4,0,4,0,0,11,0,11,11,0,11,22
02/04/2007,JXN,MI,AGL,CE,Federal Contract Tower,0,0,4,0,4,0,0,0,0,0,0,0,4,0,4,4,0,4,8
02/05/2007,JXN,MI,AGL,CE,Federal Contract Tower,0,0,8,0,8,0,0,1,0,1,0,0,9,0,9,0,0,0,9
02/06/2007,JXN,MI,AGL,CE,Federal Contract Tower,0,0,25,0,25,0,0,12,2,14,0,0,37,2,39,18,4,22,61
02/07/2007,JXN,MI,AGL,CE,Federal Contract Tower,0,0,19,0,19,0,5,27,0,32,0,5,46,0,51,26,0,26,77
02/08/2007,JXN,MI,AGL,CE,Federal Contract Tower,0,0,17,0,17,0,0,38,0,38,0,0,55,0,55,0,34,34,89
02/09/2007,JXN,MI,AGL,CE,Federal Contract Tower,0,0,3,0,3,0,1,46,0,47,0,1,49,0,50,28,0,28,78
02/10/2007,JXN,MI,AGL,CE,Federal Contract Tower,0,0,44,0,44,0,2,39,0,41,0,2,83,0,85,32,0,32,117
02/11/2007,JXN,MI,AGL,CE,Federal Contract Tower,0,0,16,0,16,0,0,54,0,54,0,0,70,0,70,2,0,2,72
02/12/2007,JXN,MI,AGL,CE,Federal Contract Tower,0,0,4,0,4,0,0,0,0,0,0,0,4,0,4,0,0,0,4
02/13/2007,JXN,MI,AGL,CE,Federal Contract Tower,0,0,1,0,1,0,0,0,0,0,0,0,1,0,1,0,0,0,1
02/14/2007,JXN,MI,AGL,CE,Federal Contract Tower,0,0,3,0,3,0,0,18,0,18,0,0,21,0,21,4,0,4,25
02/15/2007,JXN,MI,AGL,CE,Federal Contract Tower,0,0,9,0,9,0,0,23,0,23,0,0,32,0,32,22,0,22,54
02/16/2007,JXN,MI,AGL,CE,Federal Contract Tower,3,0,26,2,31,0,0,53,0,53,3,0,79,2,84,22,2,24,108
02/17/2007,JXN,MI,AGL,CE,Federal Contract Tower,0,0,3,0,3,0,0,2,0,2,0,0,5,0,5,0,0,0,5
02/18/2007,JXN,MI,AGL,CE,Federal Contract Tower,0,0,26,0,26,0,2,8,0,10,0,2,34,0,36,2,0,2,38
02/19/2007,JXN,MI,AGL,CE,Federal Contract Tower,0,0,15,0,15,0,2,40,0,42,0,2,55,0,57,34,0,34,91
02/20/2007,JXN,MI,AGL,CE,Federal Contract Tower,0,0,13,0,13,0,0,45,0,45,0,0,58,0,58,84,0,84,142
02/21/2007,JXN,MI,AGL,CE,Federal Contract Tower,0,0,28,0,28,0,0,57,0,57,0,0,85,0,85,72,0,72,157
02/22/2007,JXN,MI,AGL,CE,Federal Contract Tower,0,2,6,0,8,0,4,4,0,8,0,6,10,0,16,4,0,4,20
02/23/2007,JXN,MI,AGL,CE,Federal Contract Tower,0,0,52,0,52,0,0,87,0,87,0,0,139,0,139,96,0,96,235
02/24/2007,JXN,MI,AGL,CE,Federal Contract Tower,0,0,27,0,27,0,0,89,0,89,0,0,116,0,116,20,0,20,136
02/25/2007,JXN,MI,AGL,CE,Federal Contract Tower,0,0,0,0,0,0,0,0,0,0,0,0,0,0,0,0,0,0,0
02/26/2007,JXN,MI,AGL,CE,Federal Contract Tower,0,0,3,0,3,0,0,4,0,4,0,0,7,0,7,0,0,0,7
02/27/2007,JXN,MI,AGL,CE,Federal Contract Tower,0,0,11,0,11,0,0,2,0,2,0,0,13,0,13,0,0,0,13
02/28/2007,JXN,MI,AGL,CE,Federal Contract Tower,6,0,15,0,21,0,0,32,0,32,6,0,47,0,53,90,0,90,143
03/01/2007,JXN,MI,AGL,CE,Federal Contract Tower,0,0,0,0,0,0,0,0,0,0,0,0,0,0,0,4,0,4,4
03/02/2007,JXN,MI,AGL,CE,Federal Contract Tower,0,0,7,2,9,0,0,0,0,0,0,0,7,2,9,0,0,0,9
03/03/2007,JXN,MI,AGL,CE,Federal Contract Tower,0,0,10,0,10,0,0,0,0,0,0,0,10,0,10,0,0,0,10
03/04/2007,JXN,MI,AGL,CE,Federal Contract Tower,0,0,29,0,29,0,0,31,0,31,0,0,60,0,60,12,0,12,72
03/05/2007,JXN,MI,AGL,CE,Federal Contract Tower,0,0,15,0,15,0,0,46,0,46,0,0,61,0,61,50,0,50,111
03/06/2007,JXN,MI,AGL,CE,Federal Contract Tower,0,0,32,0,32,0,0,58,0,58,0,0,90,0,90,74,0,74,164
03/07/2007,JXN,MI,AGL,CE,Federal Contract Tower,0,0,17,0,17,0,0,71,0,71,0,0,88,0,88,56,0,56,144
03/08/2007,JXN,MI,AGL,CE,Federal Contract Tower,0,1,24,1,26,0,0,95,1,96,0,1,119,2,122,56,0,56,178
03/09/2007,JXN,MI,AGL,CE,Federal Contract Tower,0,0,21,0,21,0,0,75,0,75,0,0,96,0,96,105,0,105,201
03/10/2007,JXN,MI,AGL,CE,Federal Contract Tower,0,0,26,0,26,0,2,51,0,53,0,2,77,0,79,28,0,28,107
03/11/2007,JXN,MI,AGL,CE,Federal Contract Tower,0,0,41,0,41,0,0,228,0,228,0,0,269,0,269,28,0,28,297
03/12/2007,JXN,MI,AGL,CE,Federal Contract Tower,0,0,11,0,11,0,0,28,0,28,0,0,39,0,39,38,0,38,77
03/13/2007,JXN,MI,AGL,CE,Federal Contract Tower,0,0,25,0,25,0,1,75,0,76,0,1,100,0,101,50,0,50,151
03/14/2007,JXN,MI,AGL,CE,Federal Contract Tower,0,0,44,0,44,0,0,0,0,0,0,0,44,0,44,0,0,0,44
03/15/2007,JXN,MI,AGL,CE,Federal Contract Tower,0,0,19,0,19,0,1,20,2,23,0,1,39,2,42,24,0,24,66
03/16/2007,JXN,MI,AGL,CE,Federal Contract Tower,0,0,17,0,17,0,0,69,0,69,0,0,86,0,86,96,0,96,182
03/17/2007,JXN,MI,AGL,CE,Federal Contract Tower,0,0,14,0,14,0,0,107,0,107,0,0,121,0,121,118,0,118,239
03/18/2007,JXN,MI,AGL,CE,Federal Contract Tower,0,0,64,0,64,0,0,148,0,148,0,0,212,0,212,76,0,76,288
03/19/2007,JXN,MI,AGL,CE,Federal Contract Tower,0,2,8,0,10,0,0,20,0,20,0,2,28,0,30,60,0,60,90
03/20/2007,JXN,MI,AGL,CE,Federal Contract Tower,0,0,9,0,9,0,0,94,0,94,0,0,103,0,103,112,0,112,215
03/21/2007,JXN,MI,AGL,CE,Federal Contract Tower,0,0,4,0,4,0,0,14,0,14,0,0,18,0,18,36,0,36,54
03/22/2007,JXN,MI,AGL,CE,Federal Contract Tower,0,0,3,0,3,0,0,30,0,30,0,0,33,0,33,26,0,26,59
03/23/2007,JXN,MI,AGL,CE,Federal Contract Tower,0,2,18,0,20,0,0,60,0,60,0,2,78,0,80,30,0,30,110
03/24/2007,JXN,MI,AGL,CE,Federal Contract Tower,0,0,28,0,28,0,0,33,0,33,0,0,61,0,61,12,0,12,73
03/25/2007,JXN,MI,AGL,CE,Federal Contract Tower,0,0,33,0,33,0,0,87,0,87,0,0,120,0,120,56,0,56,176
03/26/2007,JXN,MI,AGL,CE,Federal Contract Tower,0,0,11,0,11,0,4,31,0,35,0,4,42,0,46,46,0,46,92
03/27/2007,JXN,MI,AGL,CE,Federal Contract Tower,0,3,15,0,18,0,3,43,0,46,0,6,58,0,64,40,0,40,104
03/28/2007,JXN,MI,AGL,CE,Federal Contract Tower,0,2,20,0,22,0,0,37,0,37,0,2,57,0,59,62,0,62,121
03/29/2007,JXN,MI,AGL,CE,Federal Contract Tower,0,0,27,0,27,0,0,88,4,92,0,0,115,4,119,42,0,42,161
03/30/2007,JXN,MI,AGL,CE,Federal Contract Tower,0,0,20,0,20,0,0,131,10,141,0,0,151,10,161,56,0,56,217
03/31/2007,JXN,MI,AGL,CE,Federal Contract Tower,0,0,24,0,24,0,3,96,4,103,0,3,120,4,127,62,0,62,189
04/01/2007,JXN,MI,AGL,CE,Federal Contract Tower,0,0,8,0,8,0,0,48,2,50,0,0,56,2,58,16,0,16,74
04/02/2007,JXN,MI,AGL,CE,Federal Contract Tower,0,1,27,0,28,0,0,40,0,40,0,1,67,0,68,14,0,14,82
04/03/2007,JXN,MI,AGL,CE,Federal Contract Tower,0,2,6,0,8,0,4,17,0,21,0,6,23,0,29,0,0,0,29
04/04/2007,JXN,MI,AGL,CE,Federal Contract Tower,0,0,8,0,8,0,0,2,0,2,0,0,10,0,10,0,0,0,10
04/05/2007,JXN,MI,AGL,CE,Federal Contract Tower,0,0,5,0,5,0,0,13,0,13,0,0,18,0,18,4,0,4,22
04/06/2007,JXN,MI,AGL,CE,Federal Contract Tower,0,3,25,0,28,0,0,2,0,2,0,3,27,0,30,0,0,0,30
04/07/2007,JXN,MI,AGL,CE,Federal Contract Tower,0,0,5,0,5,0,0,47,0,47,0,0,52,0,52,72,0,72,124
04/08/2007,JXN,MI,AGL,CE,Federal Contract Tower,0,1,3,0,4,0,2,39,0,41,0,3,42,0,45,28,0,28,73
04/09/2007,JXN,MI,AGL,CE,Federal Contract Tower,0,2,45,0,47,0,0,45,0,45,0,2,90,0,92,40,0,40,132
04/10/2007,JXN,MI,AGL,CE,Federal Contract Tower,0,0,22,0,22,0,0,68,0,68,0,0,90,0,90,60,0,60,150
04/11/2007,JXN,MI,AGL,CE,Federal Contract Tower,0,0,8,0,8,0,0,0,0,0,0,0,8,0,8,0,0,0,8
04/12/2007,JXN,MI,AGL,CE,Federal Contract Tower,0,0,4,0,4,0,4,3,0,7,0,4,7,0,11,0,0,0,11
04/13/2007,JXN,MI,AGL,CE,Federal Contract Tower,0,2,16,0,18,0,3,61,0,64,0,5,77,0,82,12,0,12,94
04/14/2007,JXN,MI,AGL,CE,Federal Contract Tower,0,0,20,0,20,0,0,117,0,117,0,0,137,0,137,124,4,128,265
04/15/2007,JXN,MI,AGL,CE,Federal Contract Tower,0,0,17,0,17,0,0,80,0,80,0,0,97,0,97,12,0,12,109
04/16/2007,JXN,MI,AGL,CE,Federal Contract Tower,0,0,0,0,0,0,0,29,0,29,0,0,29,0,29,10,0,10,39
04/17/2007,JXN,MI,AGL,CE,Federal Contract Tower,0,0,21,0,21,0,6,115,0,121,0,6,136,0,142,80,0,80,222
04/18/2007,JXN,MI,AGL,CE,Federal Contract Tower,0,0,36,2,38,0,0,28,2,30,0,0,64,4,68,128,0,128,196
04/19/2007,JXN,MI,AGL,CE,Federal Contract Tower,0,1,25,0,26,0,1,82,0,83,0,2,107,0,109,80,0,80,189
04/20/2007,JXN,MI,AGL,CE,Federal Contract Tower,0,0,15,0,15,0,0,166,0,166,0,0,181,0,181,72,0,72,253
04/21/2007,JXN,MI,AGL,CE,Federal Contract Tower,0,1,26,0,27,0,2,181,0,183,0,3,207,0,210,72,0,72,282
04/22/2007,JXN,MI,AGL,CE,Federal Contract Tower,0,0,8,0,8,0,0,162,0,162,0,0,170,0,170,48,0,48,218
04/23/2007,JXN,MI,AGL,CE,Federal Contract Tower,0,1,8,0,9,0,0,9,0,9,0,1,17,0,18,0,0,0,18
04/24/2007,JXN,MI,AGL,CE,Federal Contract Tower,0,2,37,0,39,0,0,109,0,109,0,2,146,0,148,64,0,64,212
04/25/2007,JXN,MI,AGL,CE,Federal Contract Tower,0,0,31,0,31,0,0,0,0,0,0,0,31,0,31,22,0,22,53
04/26/2007,JXN,MI,AGL,CE,Federal Contract Tower,0,4,10,0,14,0,0,0,0,0,0,4,10,0,14,0,0,0,14
04/27/2007,JXN,MI,AGL,CE,Federal Contract Tower,0,1,21,0,22,0,0,2,0,2,0,1,23,0,24,0,0,0,24
04/28/2007,JXN,MI,AGL,CE,Federal Contract Tower,0,0,30,0,30,0,2,129,0,131,0,2,159,0,161,82,0,82,243
04/29/2007,JXN,MI,AGL,CE,Federal Contract Tower,0,0,25,0,25,0,2,173,0,175,0,2,198,0,200,50,0,50,250
04/30/2007,JXN,MI,AGL,CE,Federal Contract Tower,0,0,5,0,5,0,0,77,0,77,0,0,82,0,82,64,0,64,146
05/01/2007,JXN,MI,AGL,CE,Federal Contract Tower,0,0,8,0,8,0,4,39,0,43,0,4,47,0,51,4,0,4,55
05/02/2007,JXN,MI,AGL,CE,Federal Contract Tower,0,0,15,0,15,0,4,50,0,54,0,4,65,0,69,92,0,92,161
05/03/2007,JXN,MI,AGL,CE,Federal Contract Tower,0,0,19,0,19,0,0,80,0,80,0,0,99,0,99,104,0,104,203
05/04/2007,JXN,MI,AGL,CE,Federal Contract Tower,0,3,15,0,18,0,3,64,0,67,0,6,79,0,85,16,0,16,101
05/05/2007,JXN,MI,AGL,CE,Federal Contract Tower,0,0,11,0,11,0,0,76,0,76,0,0,87,0,87,59,0,59,146
05/06/2007,JXN,MI,AGL,CE,Federal Contract Tower,0,0,11,0,11,0,0,135,0,135,0,0,146,0,146,22,0,22,168
05/07/2007,JXN,MI,AGL,CE,Federal Contract Tower,0,2,31,0,33,0,0,69,0,69,0,2,100,0,102,64,0,64,166
05/08/2007,JXN,MI,AGL,CE,Federal Contract Tower,0,0,19,0,19,0,2,65,0,67,0,2,84,0,86,108,0,108,194
05/09/2007,JXN,MI,AGL,CE,Federal Contract Tower,0,1,30,0,31,0,0,3,0,3,0,1,33,0,34,10,0,10,44
05/10/2007,JXN,MI,AGL,CE,Federal Contract Tower,3,3,25,0,31,1,0,54,0,55,4,3,79,0,86,26,0,26,112
05/11/2007,JXN,MI,AGL,CE,Federal Contract Tower,0,6,21,6,33,0,0,94,0,94,0,6,115,6,127,50,0,50,177
05/12/2007,JXN,MI,AGL,CE,Federal Contract Tower,0,2,26,1,29,0,0,134,0,134,0,2,160,1,163,48,4,52,215
05/13/2007,JXN,MI,AGL,CE,Federal Contract Tower,0,2,10,0,12,0,0,120,0,120,0,2,130,0,132,42,0,42,174
05/14/2007,JXN,MI,AGL,CE,Federal Contract Tower,0,0,5,0,5,0,1,29,0,30,0,1,34,0,35,22,0,22,57
05/15/2007,JXN,MI,AGL,CE,Federal Contract Tower,0,0,6,0,6,0,4,24,0,28,0,4,30,0,34,28,0,28,62
05/16/2007,JXN,MI,AGL,CE,Federal Contract Tower,0,4,26,0,30,0,0,25,0,25,0,4,51,0,55,10,0,10,65
05/17/2007,JXN,MI,AGL,CE,Federal Contract Tower,0,3,25,0,28,0,2,76,2,80,0,5,101,2,108,34,0,34,142
05/18/2007,JXN,MI,AGL,CE,Federal Contract Tower,0,0,25,2,27,0,0,109,2,111,0,0,134,4,138,82,0,82,220
05/19/2007,JXN,MI,AGL,CE,Federal Contract Tower,0,0,27,0,27,0,0,117,41,158,0,0,144,41,185,76,0,76,261
05/20/2007,JXN,MI,AGL,CE,Federal Contract Tower,0,0,39,0,39,0,0,85,3,88,0,0,124,3,127,8,0,8,135
05/21/2007,JXN,MI,AGL,CE,Federal Contract Tower,0,0,12,0,12,0,0,43,0,43,0,0,55,0,55,94,0,94,149
05/22/2007,JXN,MI,AGL,CE,Federal Contract Tower,0,0,41,0,41,0,2,57,0,59,0,2,98,0,100,36,0,36,136
05/23/2007,JXN,MI,AGL,CE,Federal Contract Tower,0,2,30,0,32,0,0,121,0,121,0,2,151,0,153,94,0,94,247
05/24/2007,JXN,MI,AGL,CE,Federal Contract Tower,0,0,17,0,17,0,0,88,0,88,0,0,105,0,105,62,0,62,167
05/25/2007,JXN,MI,AGL,CE,Federal Contract Tower,0,0,19,0,19,0,0,21,0,21,0,0,40,0,40,28,0,28,68
05/26/2007,JXN,MI,AGL,CE,Federal Contract Tower,0,0,12,0,12,0,0,9,0,9,0,0,21,0,21,16,0,16,37
05/27/2007,JXN,MI,AGL,CE,Federal Contract Tower,0,0,27,0,27,0,0,24,0,24,0,0,51,0,51,0,0,0,51
05/28/2007,JXN,MI,AGL,CE,Federal Contract Tower,0,0,11,0,11,0,0,138,2,140,0,0,149,2,151,16,0,16,167
05/29/2007,JXN,MI,AGL,CE,Federal Contract Tower,12,0,40,0,52,0,1,53,6,60,12,1,93,6,112,80,0,80,192
05/30/2007,JXN,MI,AGL,CE,Federal Contract Tower,0,4,22,0,26,0,0,99,0,99,0,4,121,0,125,72,0,72,197
05/31/2007,JXN,MI,AGL,CE,Federal Contract Tower,0,3,15,0,18,0,0,72,0,72,0,3,87,0,90,80,0,80,170
06/01/2007,JXN,MI,AGL,CE,Federal Contract Tower,0,0,13,0,13,0,0,75,0,75,0,0,88,0,88,76,0,76,164
06/02/2007,JXN,MI,AGL,CE,Federal Contract Tower,0,1,14,0,15,0,0,85,2,87,0,1,99,2,102,66,2,68,170
06/03/2007,JXN,MI,AGL,CE,Federal Contract Tower,0,0,4,0,4,0,0,10,0,10,0,0,14,0,14,0,0,0,14
06/04/2007,JXN,MI,AGL,CE,Federal Contract Tower,0,1,21,0,22,0,0,26,0,26,0,1,47,0,48,36,0,36,84
06/05/2007,JXN,MI,AGL,CE,Federal Contract Tower,0,0,18,0,18,0,6,55,0,61,0,6,73,0,79,108,0,108,187
06/06/2007,JXN,MI,AGL,CE,Federal Contract Tower,0,0,12,0,12,0,0,148,0,148,0,0,160,0,160,100,0,100,260
06/07/2007,JXN,MI,AGL,CE,Federal Contract Tower,9,0,5,0,14,1,0,32,0,33,10,0,37,0,47,34,0,34,81
06/08/2007,JXN,MI,AGL,CE,Federal Contract Tower,0,2,13,0,15,0,0,49,0,49,0,2,62,0,64,26,0,26,90
06/09/2007,JXN,MI,AGL,CE,Federal Contract Tower,0,1,35,0,36,0,1,125,24,150,0,2,160,24,186,34,0,34,220
06/10/2007,JXN,MI,AGL,CE,Federal Contract Tower,0,0,15,0,15,0,0,224,4,228,0,0,239,4,243,34,0,34,277
06/11/2007,JXN,MI,AGL,CE,Federal Contract Tower,0,1,28,0,29,0,0,95,0,95,0,1,123,0,124,68,0,68,192
06/12/2007,JXN,MI,AGL,CE,Federal Contract Tower,0,0,13,4,17,0,0,126,0,126,0,0,139,4,143,148,0,148,291
06/13/2007,JXN,MI,AGL,CE,Federal Contract Tower,0,2,15,0,17,0,0,74,0,74,0,2,89,0,91,82,0,82,173
06/14/2007,JXN,MI,AGL,CE,Federal Contract Tower,0,0,58,0,58,0,0,101,0,101,0,0,159,0,159,76,0,76,235
06/15/2007,JXN,MI,AGL,CE,Federal Contract Tower,0,5,38,0,43,0,0,90,0,90,0,5,128,0,133,86,0,86,219
06/16/2007,JXN,MI,AGL,CE,Federal Contract Tower,0,4,34,0,38,0,2,90,2,94,0,6,124,2,132,36,0,36,168
06/17/2007,JXN,MI,AGL,CE,Federal Contract Tower,0,1,88,0,89,0,0,129,2,131,0,1,217,2,220,32,0,32,252
06/18/2007,JXN,MI,AGL,CE,Federal Contract Tower,0,0,26,0,26,0,2,55,0,57,0,2,81,0,83,102,0,102,185
06/19/2007,JXN,MI,AGL,CE,Federal Contract Tower,0,4,17,0,21,0,3,60,10,73,0,7,77,10,94,92,0,92,186
06/20/2007,JXN,MI,AGL,CE,Federal Contract Tower,0,0,30,1,31,0,0,107,3,110,0,0,137,4,141,62,0,62,203
06/21/2007,JXN,MI,AGL,CE,Federal Contract Tower,0,0,19,2,21,0,0,65,0,65,0,0,84,2,86,84,0,84,170
06/22/2007,JXN,MI,AGL,CE,Federal Contract Tower,0,0,19,0,19,0,2,74,2,78,0,2,93,2,97,44,0,44,141
06/23/2007,JXN,MI,AGL,CE,Federal Contract Tower,0,6,18,0,24,0,0,99,6,105,0,6,117,6,129,30,0,30,159
06/24/2007,JXN,MI,AGL,CE,Federal Contract Tower,0,0,26,0,26,0,1,140,0,141,0,1,166,0,167,6,0,6,173
06/25/2007,JXN,MI,AGL,CE,Federal Contract Tower,0,0,19,0,19,0,0,86,0,86,0,0,105,0,105,100,0,100,205
06/26/2007,JXN,MI,AGL,CE,Federal Contract Tower,0,0,18,0,18,0,0,67,0,67,0,0,85,0,85,106,0,106,191
06/27/2007,JXN,MI,AGL,CE,Federal Contract Tower,0,0,13,0,13,0,0,25,0,25,0,0,38,0,38,10,0,10,48
06/28/2007,JXN,MI,AGL,CE,Federal Contract Tower,0,0,22,0,22,0,2,73,0,75,0,2,95,0,97,52,0,52,149
06/29/2007,JXN,MI,AGL,CE,Federal Contract Tower,0,0,23,0,23,0,0,140,0,140,0,0,163,0,163,68,0,68,231
06/30/2007,JXN,MI,AGL,CE,Federal Contract Tower,0,0,21,0,21,0,0,118,0,118,0,0,139,0,139,24,0,24,163
07/01/2007,JXN,MI,AGL,CE,Federal Contract Tower,0,1,8,0,9,0,0,157,0,157,0,1,165,0,166,116,0,116,282
07/02/2007,JXN,MI,AGL,CE,Federal Contract Tower,0,1,2,0,3,0,2,99,4,105,0,3,101,4,108,80,0,80,188
07/03/2007,JXN,MI,AGL,CE,Federal Contract Tower,0,2,18,0,20,0,0,81,0,81,0,2,99,0,101,76,0,76,177
07/04/2007,JXN,MI,AGL,CE,Federal Contract Tower,0,0,1,0,1,0,0,18,0,18,0,0,19,0,19,2,0,2,21
07/05/2007,JXN,MI,AGL,CE,Federal Contract Tower,0,0,7,0,7,0,0,57,0,57,0,0,64,0,64,26,0,26,90
07/06/2007,JXN,MI,AGL,CE,Federal Contract Tower,0,0,12,0,12,0,0,154,0,154,0,0,166,0,166,6,0,6,172
07/07/2007,JXN,MI,AGL,CE,Federal Contract Tower,0,0,0,0,0,0,2,237,0,239,0,2,237,0,239,0,0,0,239
07/08/2007,JXN,MI,AGL,CE,Federal Contract Tower,0,0,8,0,8,0,5,170,0,175,0,5,178,0,183,10,0,10,193
07/09/2007,JXN,MI,AGL,CE,Federal Contract Tower,0,2,24,0,26,0,0,62,0,62,0,2,86,0,88,46,0,46,134
07/10/2007,JXN,MI,AGL,CE,Federal Contract Tower,0,0,43,0,43,0,2,60,0,62,0,2,103,0,105,82,0,82,187
07/11/2007,JXN,MI,AGL,CE,Federal Contract Tower,0,0,19,0,19,0,2,69,2,73,0,2,88,2,92,34,0,34,126
07/12/2007,JXN,MI,AGL,CE,Federal Contract Tower,0,1,24,0,25,0,0,52,0,52,0,1,76,0,77,52,0,52,129
07/13/2007,JXN,MI,AGL,CE,Federal Contract Tower,0,0,3,0,3,0,0,91,4,95,0,0,94,4,98,26,0,26,124
07/14/2007,JXN,MI,AGL,CE,Federal Contract Tower,0,1,3,0,4,0,0,135,1,136,0,1,138,1,140,398,16,414,554
07/15/2007,JXN,MI,AGL,CE,Federal Contract Tower,0,0,13,0,13,0,0,183,0,183,0,0,196,0,196,72,0,72,268
07/16/2007,JXN,MI,AGL,CE,Federal Contract Tower,0,0,15,0,15,0,0,60,1,61,0,0,75,1,76,70,0,70,146
07/17/2007,JXN,MI,AGL,CE,Federal Contract Tower,0,0,30,0,30,0,0,41,0,41,0,0,71,0,71,38,0,38,109
07/18/2007,JXN,MI,AGL,CE,Federal Contract Tower,0,0,11,0,11,0,0,74,0,74,0,0,85,0,85,44,0,44,129
07/19/2007,JXN,MI,AGL,CE,Federal Contract Tower,0,0,21,0,21,0,0,29,0,29,0,0,50,0,50,0,0,0,50
07/20/2007,JXN,MI,AGL,CE,Federal Contract Tower,0,0,35,0,35,0,0,86,0,86,0,0,121,0,121,68,0,68,189
07/21/2007,JXN,MI,AGL,CE,Federal Contract Tower,0,2,4,0,6,0,0,129,0,129,0,2,133,0,135,96,0,96,231
07/22/2007,JXN,MI,AGL,CE,Federal Contract Tower,0,0,18,0,18,0,0,141,0,141,0,0,159,0,159,22,0,22,181
07/23/2007,JXN,MI,AGL,CE,Federal Contract Tower,0,0,16,0,16,0,0,97,4,101,0,0,113,4,117,70,0,70,187
07/24/2007,JXN,MI,AGL,CE,Federal Contract Tower,0,0,28,0,28,0,2,105,0,107,0,2,133,0,135,144,0,144,279
07/25/2007,JXN,MI,AGL,CE,Federal Contract Tower,0,0,10,0,10,0,0,74,0,74,0,0,84,0,84,50,0,50,134
07/26/2007,JXN,MI,AGL,CE,Federal Contract Tower,0,0,43,0,43,0,2,21,0,23,0,2,64,0,66,34,0,34,100
07/27/2007,JXN,MI,AGL,CE,Federal Contract Tower,0,0,21,0,21,0,2,14,0,16,0,2,35,0,37,4,0,4,41
07/28/2007,JXN,MI,AGL,CE,Federal Contract Tower,0,0,20,0,20,0,0,93,2,95,0,0,113,2,115,44,0,44,159
07/29/2007,JXN,MI,AGL,CE,Federal Contract Tower,0,0,6,1,7,0,0,103,1,104,0,0,109,2,111,10,0,10,121
07/30/2007,JXN,MI,AGL,CE,Federal Contract Tower,0,0,11,0,11,0,2,89,0,91,0,2,100,0,102,40,0,40,142
07/31/2007,JXN,MI,AGL,CE,Federal Contract Tower,0,2,18,0,20,0,1,85,0,86,0,3,103,0,106,86,0,86,192
08/01/2007,JXN,MI,AGL,CE,Federal Contract Tower,0,2,29,0,31,0,1,53,14,68,0,3,82,14,99,60,0,60,159
08/02/2007,JXN,MI,AGL,CE,Federal Contract Tower,0,3,23,0,26,0,0,87,0,87,0,3,110,0,113,96,0,96,209
08/03/2007,JXN,MI,AGL,CE,Federal Contract Tower,0,2,24,0,26,0,0,103,0,103,0,2,127,0,129,148,0,148,277
08/04/2007,JXN,MI,AGL,CE,Federal Contract Tower,0,2,9,2,13,0,0,157,0,157,0,2,166,2,170,60,0,60,230
08/05/2007,JXN,MI,AGL,CE,Federal Contract Tower,0,2,28,0,30,0,0,10,0,10,0,2,38,0,40,0,0,0,40
08/06/2007,JXN,MI,AGL,CE,Federal Contract Tower,0,0,8,0,8,0,0,27,0,27,0,0,35,0,35,10,0,10,45
08/07/2007,JXN,MI,AGL,CE,Federal Contract Tower,0,7,17,0,24,0,0,18,0,18,0,7,35,0,42,32,0,32,74
08/08/2007,JXN,MI,AGL,CE,Federal Contract Tower,0,0,13,0,13,0,0,37,0,37,0,0,50,0,50,28,0,28,78
08/09/2007,JXN,MI,AGL,CE,Federal Contract Tower,0,0,12,0,12,0,0,5,2,7,0,0,17,2,19,4,0,4,23
08/10/2007,JXN,MI,AGL,CE,Federal Contract Tower,0,0,22,0,22,0,2,56,0,58,0,2,78,0,80,86,0,86,166
08/11/2007,JXN,MI,AGL,CE,Federal Contract Tower,0,0,9,0,9,0,0,139,0,139,0,0,148,0,148,32,0,32,180
08/12/2007,JXN,MI,AGL,CE,Federal Contract Tower,0,0,9,0,9,0,0,61,0,61,0,0,70,0,70,30,0,30,100
08/13/2007,JXN,MI,AGL,CE,Federal Contract Tower,0,0,15,0,15,0,0,90,0,90,0,0,105,0,105,78,0,78,183
08/14/2007,JXN,MI,AGL,CE,Federal Contract Tower,0,2,20,0,22,0,0,71,0,71,0,2,91,0,93,98,0,98,191
08/15/2007,JXN,MI,AGL,CE,Federal Contract Tower,0,0,23,0,23,0,0,37,0,37,0,0,60,0,60,62,0,62,122
08/16/2007,JXN,MI,AGL,CE,Federal Contract Tower,0,4,66,0,70,0,0,45,0,45,0,4,111,0,115,8,0,8,123
08/17/2007,JXN,MI,AGL,CE,Federal Contract Tower,0,5,20,0,25,0,3,114,0,117,0,8,134,0,142,78,0,78,220
08/18/2007,JXN,MI,AGL,CE,Federal Contract Tower,0,1,46,0,47,0,0,131,0,131,0,1,177,0,178,74,0,74,252
08/19/2007,JXN,MI,AGL,CE,Federal Contract Tower,0,3,35,0,38,0,0,1,0,1,0,3,36,0,39,0,0,0,39
08/20/2007,JXN,MI,AGL,CE,Federal Contract Tower,0,5,30,0,35,0,0,0,0,0,0,5,30,0,35,0,0,0,35
08/21/2007,JXN,MI,AGL,CE,Federal Contract Tower,0,6,73,0,79,0,0,6,0,6,0,6,79,0,85,8,0,8,93
08/22/2007,JXN,MI,AGL,CE,Federal Contract Tower,0,4,13,0,17,0,2,30,0,32,0,6,43,0,49,14,0,14,63
08/23/2007,JXN,MI,AGL,CE,Federal Contract Tower,0,0,28,0,28,0,0,37,0,37,0,0,65,0,65,58,0,58,123
08/24/2007,JXN,MI,AGL,CE,Federal Contract Tower,0,0,14,0,14,0,0,68,0,68,0,0,82,0,82,98,0,98,180
08/25/2007,JXN,MI,AGL,CE,Federal Contract Tower,0,0,16,0,16,0,0,47,0,47,0,0,63,0,63,34,0,34,97
08/26/2007,JXN,MI,AGL,CE,Federal Contract Tower,0,0,23,0,23,0,0,221,0,221,0,0,244,0,244,30,0,30,274
08/27/2007,JXN,MI,AGL,CE,Federal Contract Tower,0,2,30,0,32,0,2,121,10,133,0,4,151,10,165,90,0,90,255
08/28/2007,JXN,MI,AGL,CE,Federal Contract Tower,0,2,30,0,32,0,0,71,0,71,0,2,101,0,103,26,0,26,129
08/29/2007,JXN,MI,AGL,CE,Federal Contract Tower,0,0,32,0,32,0,0,75,2,77,0,0,107,2,109,64,0,64,173
08/30/2007,JXN,MI,AGL,CE,Federal Contract Tower,0,0,28,0,28,0,4,127,0,131,0,4,155,0,159,42,2,44,203
08/31/2007,JXN,MI,AGL,CE,Federal Contract Tower,0,2,25,0,27,0,1,145,0,146,0,3,170,0,173,78,0,78,251
09/01/2007,JXN,MI,AGL,CE,Federal Contract Tower,0,0,7,0,7,0,0,185,0,185,0,0,192,0,192,92,0,92,284
09/02/2007,JXN,MI,AGL,CE,Federal Contract Tower,0,0,25,0,25,0,0,113,0,113,0,0,138,0,138,38,0,38,176
09/03/2007,JXN,MI,AGL,CE,Federal Contract Tower,0,0,21,0,21,0,2,120,0,122,0,2,141,0,143,30,0,30,173
09/04/2007,JXN,MI,AGL,CE,Federal Contract Tower,0,8,19,0,27,0,7,41,0,48,0,15,60,0,75,78,0,78,153
09/05/2007,JXN,MI,AGL,CE,Federal Contract Tower,0,1,17,0,18,0,0,111,0,111,0,1,128,0,129,80,0,80,209
09/06/2007,JXN,MI,AGL,CE,Federal Contract Tower,0,1,23,0,24,0,4,65,0,69,0,5,88,0,93,92,0,92,185
09/07/2007,JXN,MI,AGL,CE,Federal Contract Tower,0,2,11,0,13,0,0,7,0,7,0,2,18,0,20,2,0,2,22
09/08/2007,JXN,MI,AGL,CE,Federal Contract Tower,0,2,9,0,11,0,0,144,0,144,0,2,153,0,155,60,0,60,215
09/09/2007,JXN,MI,AGL,CE,Federal Contract Tower,0,0,50,0,50,0,0,41,0,41,0,0,91,0,91,16,0,16,107
09/10/2007,JXN,MI,AGL,CE,Federal Contract Tower,0,0,13,0,13,0,0,22,0,22,0,0,35,0,35,86,0,86,121
09/11/2007,JXN,MI,AGL,CE,Federal Contract Tower,0,0,7,0,7,0,0,20,0,20,0,0,27,0,27,30,0,30,57
09/12/2007,JXN,MI,AGL,CE,Federal Contract Tower,0,2,32,0,34,0,4,87,0,91,0,6,119,0,125,60,0,60,185
09/13/2007,JXN,MI,AGL,CE,Federal Contract Tower,0,2,28,3,33,0,0,132,5,137,0,2,160,8,170,80,6,86,256
09/14/2007,JXN,MI,AGL,CE,Federal Contract Tower,0,0,10,7,17,0,0,60,3,63,0,0,70,10,80,66,2,68,148
09/15/2007,JXN,MI,AGL,CE,Federal Contract Tower,0,1,14,0,15,0,0,125,0,125,0,1,139,0,140,10,0,10,150
09/16/2007,JXN,MI,AGL,CE,Federal Contract Tower,0,0,22,0,22,0,0,137,0,137,0,0,159,0,159,72,0,72,231
09/17/2007,JXN,MI,AGL,CE,Federal Contract Tower,0,0,7,0,7,0,0,50,0,50,0,0,57,0,57,58,0,58,115
09/18/2007,JXN,MI,AGL,CE,Federal Contract Tower,0,0,17,0,17,0,0,57,0,57,0,0,74,0,74,84,0,84,158
09/19/2007,JXN,MI,AGL,CE,Federal Contract Tower,0,0,9,1,10,0,6,94,1,101,0,6,103,2,111,54,0,54,165
09/20/2007,JXN,MI,AGL,CE,Federal Contract Tower,0,0,25,1,26,0,2,74,11,87,0,2,99,12,113,80,6,86,199
09/21/2007,JXN,MI,AGL,CE,Federal Contract Tower,0,0,34,0,34,0,0,80,0,80,0,0,114,0,114,108,0,108,222
09/22/2007,JXN,MI,AGL,CE,Federal Contract Tower,0,0,15,0,15,0,2,142,0,144,0,2,157,0,159,48,0,48,207
09/23/2007,JXN,MI,AGL,CE,Federal Contract Tower,0,0,30,0,30,0,0,145,0,145,0,0,175,0,175,34,0,34,209
09/24/2007,JXN,MI,AGL,CE,Federal Contract Tower,0,2,25,0,27,0,2,70,0,72,0,4,95,0,99,66,0,66,165
09/25/2007,JXN,MI,AGL,CE,Federal Contract Tower,0,0,15,0,15,0,0,46,0,46,0,0,61,0,61,16,0,16,77
09/26/2007,JXN,MI,AGL,CE,Federal Contract Tower,0,0,27,0,27,0,0,32,0,32,0,0,59,0,59,42,0,42,101
09/27/2007,JXN,MI,AGL,CE,Federal Contract Tower,0,0,28,1,29,0,6,71,1,78,0,6,99,2,107,46,0,46,153
09/28/2007,JXN,MI,AGL,CE,Federal Contract Tower,0,0,11,0,11,0,0,84,4,88,0,0,95,4,99,72,0,72,171
09/29/2007,JXN,MI,AGL,CE,Federal Contract Tower,0,0,16,0,16,0,0,114,0,114,0,0,130,0,130,60,0,60,190
09/30/2007,JXN,MI,AGL,CE,Federal Contract Tower,0,0,21,0,21,0,0,78,6,84,0,0,99,6,105,6,0,6,111
10/01/2007,JXN,MI,AGL,CE,Federal Contract Tower,0,0,8,0,8,0,0,15,0,15,0,0,23,0,23,8,0,8,31
10/02/2007,JXN,MI,AGL,CE,Federal Contract Tower,0,0,23,0,23,0,0,24,0,24,0,0,47,0,47,44,0,44,91
10/03/2007,JXN,MI,AGL,CE,Federal Contract Tower,0,2,16,0,18,0,2,61,0,63,0,4,77,0,81,52,0,52,133
10/04/2007,JXN,MI,AGL,CE,Federal Contract Tower,0,0,18,0,18,0,2,101,0,103,0,2,119,0,121,114,0,114,235
10/05/2007,JXN,MI,AGL,CE,Federal Contract Tower,0,0,15,0,15,0,0,87,0,87,0,0,102,0,102,108,0,108,210
10/06/2007,JXN,MI,AGL,CE,Federal Contract Tower,0,0,15,0,15,0,4,104,0,108,0,4,119,0,123,36,0,36,159
10/07/2007,JXN,MI,AGL,CE,Federal Contract Tower,0,0,18,0,18,0,0,83,0,83,0,0,101,0,101,6,0,6,107
10/08/2007,JXN,MI,AGL,CE,Federal Contract Tower,0,0,21,0,21,0,1,104,0,105,0,1,125,0,126,44,0,44,170
10/09/2007,JXN,MI,AGL,CE,Federal Contract Tower,0,0,17,0,17,0,1,82,0,83,0,1,99,0,100,62,0,62,162
10/10/2007,JXN,MI,AGL,CE,Federal Contract Tower,0,0,34,0,34,0,0,57,0,57,0,0,91,0,91,92,0,92,183
10/11/2007,JXN,MI,AGL,CE,Federal Contract Tower,0,0,39,0,39,0,0,61,0,61,0,0,100,0,100,52,8,60,160
10/12/2007,JXN,MI,AGL,CE,Federal Contract Tower,0,4,21,0,25,0,1,117,0,118,0,5,138,0,143,154,0,154,297
10/13/2007,JXN,MI,AGL,CE,Federal Contract Tower,0,0,30,0,30,0,0,103,0,103,0,0,133,0,133,22,0,22,155
10/14/2007,JXN,MI,AGL,CE,Federal Contract Tower,0,0,42,0,42,0,2,115,0,117,0,2,157,0,159,26,0,26,185
10/15/2007,JXN,MI,AGL,CE,Federal Contract Tower,0,0,15,0,15,0,0,111,0,111,0,0,126,0,126,112,0,112,238
10/16/2007,JXN,MI,AGL,CE,Federal Contract Tower,0,0,33,0,33,0,0,67,0,67,0,0,100,0,100,66,0,66,166
10/17/2007,JXN,MI,AGL,CE,Federal Contract Tower,0,2,38,0,40,0,1,116,0,117,0,3,154,0,157,96,0,96,253
10/18/2007,JXN,MI,AGL,CE,Federal Contract Tower,0,2,17,0,19,0,2,48,0,50,0,4,65,0,69,56,0,56,125
10/19/2007,JXN,MI,AGL,CE,Federal Contract Tower,0,0,18,0,18,0,0,38,0,38,0,0,56,0,56,46,0,46,102
10/20/2007,JXN,MI,AGL,CE,Federal Contract Tower,0,5,29,0,34,0,2,76,0,78,0,7,105,0,112,18,0,18,130
10/21/2007,JXN,MI,AGL,CE,Federal Contract Tower,0,2,2,0,4,0,2,70,0,72,0,4,72,0,76,12,0,12,88
10/22/2007,JXN,MI,AGL,CE,Federal Contract Tower,0,0,22,0,22,0,0,87,0,87,0,0,109,0,109,122,0,122,231
10/23/2007,JXN,MI,AGL,CE,Federal Contract Tower,0,0,24,0,24,0,0,49,0,49,0,0,73,0,73,124,0,124,197
10/24/2007,JXN,MI,AGL,CE,Federal Contract Tower,0,0,29,0,29,0,0,66,0,66,0,0,95,0,95,68,0,68,163
10/25/2007,JXN,MI,AGL,CE,Federal Contract Tower,0,0,25,0,25,0,0,63,0,63,0,0,88,0,88,42,0,42,130
10/26/2007,JXN,MI,AGL,CE,Federal Contract Tower,0,1,17,0,18,0,0,30,0,30,0,1,47,0,48,138,0,138,186
10/27/2007,JXN,MI,AGL,CE,Federal Contract Tower,0,0,12,0,12,0,1,26,0,27,0,1,38,0,39,10,0,10,49
10/28/2007,JXN,MI,AGL,CE,Federal Contract Tower,0,0,42,0,42,0,0,195,0,195,0,0,237,0,237,44,0,44,281
10/29/2007,JXN,MI,AGL,CE,Federal Contract Tower,0,0,16,0,16,0,0,107,0,107,0,0,123,0,123,82,0,82,205
10/30/2007,JXN,MI,AGL,CE,Federal Contract Tower,0,5,23,0,28,0,6,109,0,115,0,11,132,0,143,104,0,104,247
10/31/2007,JXN,MI,AGL,CE,Federal Contract Tower,0,0,15,0,15,0,0,77,0,77,0,0,92,0,92,68,0,68,160
11/01/2007,JXN,MI,AGL,CE,Federal Contract Tower,0,0,18,0,18,0,6,86,2,94,0,6,104,2,112,126,0,126,238
11/02/2007,JXN,MI,AGL,CE,Federal Contract Tower,0,0,21,0,21,0,4,100,0,104,0,4,121,0,125,138,0,138,263
11/03/2007,JXN,MI,AGL,CE,Federal Contract Tower,0,0,28,2,30,0,0,157,0,157,0,0,185,2,187,64,2,66,253
11/04/2007,JXN,MI,AGL,CE,Federal Contract Tower,0,0,22,0,22,0,0,122,0,122,0,0,144,0,144,44,0,44,188
11/05/2007,JXN,MI,AGL,CE,Federal Contract Tower,0,0,6,0,6,0,0,33,0,33,0,0,39,0,39,78,0,78,117
11/06/2007,JXN,MI,AGL,CE,Federal Contract Tower,0,0,7,0,7,0,0,3,0,3,0,0,10,0,10,0,0,0,10
11/07/2007,JXN,MI,AGL,CE,Federal Contract Tower,14,1,5,0,20,0,2,59,2,63,14,3,64,2,83,96,0,96,179
11/08/2007,JXN,MI,AGL,CE,Federal Contract Tower,0,2,28,0,30,0,0,80,0,80,0,2,108,0,110,86,0,86,196
11/09/2007,JXN,MI,AGL,CE,Federal Contract Tower,0,0,23,0,23,0,0,24,2,26,0,0,47,2,49,150,0,150,199
11/10/2007,JXN,MI,AGL,CE,Federal Contract Tower,0,0,32,0,32,0,0,102,0,102,0,0,134,0,134,54,0,54,188
11/11/2007,JXN,MI,AGL,CE,Federal Contract Tower,0,0,0,0,0,0,0,36,0,36,0,0,36,0,36,8,0,8,44
11/12/2007,JXN,MI,AGL,CE,Federal Contract Tower,0,0,33,0,33,0,0,0,0,0,0,0,33,0,33,0,0,0,33
11/13/2007,JXN,MI,AGL,CE,Federal Contract Tower,0,0,18,0,18,0,1,133,0,134,0,1,151,0,152,180,0,180,332
11/14/2007,JXN,MI,AGL,CE,Federal Contract Tower,4,0,11,0,15,0,3,39,0,42,4,3,50,0,57,80,0,80,137
11/15/2007,JXN,MI,AGL,CE,Federal Contract Tower,0,0,5,4,9,0,2,11,2,15,0,2,16,6,24,5,4,9,33
11/16/2007,JXN,MI,AGL,CE,Federal Contract Tower,0,0,32,0,32,0,0,55,0,55,0,0,87,0,87,126,0,126,213
11/17/2007,JXN,MI,AGL,CE,Federal Contract Tower,0,0,10,0,10,0,0,24,0,24,0,0,34,0,34,34,0,34,68
11/18/2007,JXN,MI,AGL,CE,Federal Contract Tower,0,1,16,0,17,0,0,116,0,116,0,1,132,0,133,58,0,58,191
11/19/2007,JXN,MI,AGL,CE,Federal Contract Tower,0,1,18,0,19,0,3,31,0,34,0,4,49,0,53,68,0,68,121
11/20/2007,JXN,MI,AGL,CE,Federal Contract Tower,0,3,30,0,33,0,0,0,0,0,0,3,30,0,33,10,0,10,43
11/21/2007,JXN,MI,AGL,CE,Federal Contract Tower,0,2,12,0,14,0,0,0,0,0,0,2,12,0,14,18,0,18,32
11/22/2007,JXN,MI,AGL,CE,Federal Contract Tower,0,0,3,0,3,0,0,1,0,1,0,0,4,0,4,0,0,0,4
11/23/2007,JXN,MI,AGL,CE,Federal Contract Tower,0,0,23,0,23,0,0,118,0,118,0,0,141,0,141,78,0,78,219
11/24/2007,JXN,MI,AGL,CE,Federal Contract Tower,0,2,16,0,18,0,0,117,0,117,0,2,133,0,135,64,0,64,199
11/25/2007,JXN,MI,AGL,CE,Federal Contract Tower,0,5,20,0,25,0,0,134,0,134,0,5,154,0,159,50,0,50,209
11/26/2007,JXN,MI,AGL,CE,Federal Contract Tower,0,0,1,0,1,0,0,0,0,0,0,0,1,0,1,0,0,0,1
11/27/2007,JXN,MI,AGL,CE,Federal Contract Tower,0,0,10,0,10,0,2,67,0,69,0,2,77,0,79,86,0,86,165
11/28/2007,JXN,MI,AGL,CE,Federal Contract Tower,0,0,18,0,18,0,0,62,0,62,0,0,80,0,80,54,0,54,134
11/29/2007,JXN,MI,AGL,CE,Federal Contract Tower,0,1,3,0,4,0,2,45,2,49,0,3,48,2,53,62,0,62,115
11/30/2007,JXN,MI,AGL,CE,Federal Contract Tower,0,0,14,0,14,0,0,36,0,36,0,0,50,0,50,64,0,64,114
12/01/2007,JXN,MI,AGL,CE,Federal Contract Tower,0,0,16,0,16,0,0,124,0,124,0,0,140,0,140,66,0,66,206
12/02/2007,JXN,MI,AGL,CE,Federal Contract Tower,0,0,0,0,0,0,0,0,0,0,0,0,0,0,0,0,0,0,0
12/03/2007,JXN,MI,AGL,CE,Federal Contract Tower,0,0,3,0,3,0,4,11,0,15,0,4,14,0,18,18,0,18,36
12/04/2007,JXN,MI,AGL,CE,Federal Contract Tower,0,0,22,0,22,0,0,37,0,37,0,0,59,0,59,96,0,96,155
12/05/2007,JXN,MI,AGL,CE,Federal Contract Tower,0,0,20,0,20,0,0,17,0,17,0,0,37,0,37,30,0,30,67
12/06/2007,JXN,MI,AGL,CE,Federal Contract Tower,0,0,31,0,31,0,0,60,0,60,0,0,91,0,91,62,0,62,153
12/07/2007,JXN,MI,AGL,CE,Federal Contract Tower,0,0,4,0,4,0,0,18,2,20,0,0,22,2,24,32,0,32,56
12/08/2007,JXN,MI,AGL,CE,Federal Contract Tower,0,0,12,0,12,0,2,199,0,201,0,2,211,0,213,26,0,26,239
12/09/2007,JXN,MI,AGL,CE,Federal Contract Tower,0,0,1,0,1,0,0,6,0,6,0,0,7,0,7,0,0,0,7
12/10/2007,JXN,MI,AGL,CE,Federal Contract Tower,0,2,3,0,5,0,0,29,0,29,0,2,32,0,34,102,0,102,136
12/11/2007,JXN,MI,AGL,CE,Federal Contract Tower,0,0,2,0,2,0,0,0,0,0,0,0,2,0,2,0,0,0,2
12/12/2007,JXN,MI,AGL,CE,Federal Contract Tower,0,0,13,2,15,0,4,59,0,63,0,4,72,2,78,118,0,118,196
12/13/2007,JXN,MI,AGL,CE,Federal Contract Tower,0,0,4,0,4,0,0,3,0,3,0,0,7,0,7,0,0,0,7
12/14/2007,JXN,MI,AGL,CE,Federal Contract Tower,0,0,14,0,14,0,2,71,0,73,0,2,85,0,87,84,0,84,171
12/15/2007,JXN,MI,AGL,CE,Federal Contract Tower,0,0,3,0,3,0,0,29,0,29,0,0,32,0,32,18,0,18,50
12/16/2007,JXN,MI,AGL,CE,Federal Contract Tower,0,0,0,0,0,0,0,0,0,0,0,0,0,0,0,0,0,0,0
12/17/2007,JXN,MI,AGL,CE,Federal Contract Tower,0,0,10,0,10,0,0,11,0,11,0,0,21,0,21,0,0,0,21
12/18/2007,JXN,MI,AGL,CE,Federal Contract Tower,0,2,5,0,7,0,0,32,0,32,0,2,37,0,39,68,0,68,107
12/19/2007,JXN,MI,AGL,CE,Federal Contract Tower,0,0,21,4,25,0,0,32,0,32,0,0,53,4,57,118,0,118,175
12/20/2007,JXN,MI,AGL,CE,Federal Contract Tower,0,0,18,0,18,0,0,75,0,75,0,0,93,0,93,128,0,128,221
12/21/2007,JXN,MI,AGL,CE,Federal Contract Tower,0,0,14,0,14,0,0,66,0,66,0,0,80,0,80,50,0,50,130
12/22/2007,JXN,MI,AGL,CE,Federal Contract Tower,0,0,48,0,48,0,0,23,0,23,0,0,71,0,71,0,0,0,71
12/23/2007,JXN,MI,AGL,CE,Federal Contract Tower,0,0,0,0,0,0,0,0,0,0,0,0,0,0,0,0,0,0,0
12/24/2007,JXN,MI,AGL,CE,Federal Contract Tower,0,0,5,0,5,0,2,18,0,20,0,2,23,0,25,20,0,20,45
12/25/2007,JXN,MI,AGL,CE,Federal Contract Tower,0,0,2,0,2,0,0,0,0,0,0,0,2,0,2,0,0,0,2
12/26/2007,JXN,MI,AGL,CE,Federal Contract Tower,0,2,30,0,32,0,2,154,0,156,0,4,184,0,188,130,0,130,318
12/27/2007,JXN,MI,AGL,CE,Federal Contract Tower,0,0,1,0,1,0,0,0,0,0,0,0,1,0,1,0,0,0,1
12/28/2007,JXN,MI,AGL,CE,Federal Contract Tower,0,0,2,0,2,0,0,0,0,0,0,0,2,0,2,0,0,0,2
12/29/2007,JXN,MI,AGL,CE,Federal Contract Tower,0,0,6,0,6,0,0,24,0,24,0,0,30,0,30,2,0,2,32
12/30/2007,JXN,MI,AGL,CE,Federal Contract Tower,0,0,25,0,25,0,0,67,0,67,0,0,92,0,92,18,0,18,110
12/31/2007,JXN,MI,AGL,CE,Federal Contract Tower,0,0,10,0,10,0,0,8,0,8,0,0,18,0,18,38,0,38,56
01/01/2008,JXN,MI,AGL,CE,Federal Contract Tower,0,0,0,0,0,0,0,0,0,0,0,0,0,0,0,0,0,0,0
01/02/2008,JXN,MI,AGL,CE,Federal Contract Tower,0,0,3,0,3,0,0,14,0,14,0,0,17,0,17,26,0,26,43
01/03/2008,JXN,MI,AGL,CE,Federal Contract Tower,0,2,11,2,15,0,0,50,0,50,0,2,61,2,65,80,0,80,145
01/04/2008,JXN,MI,AGL,CE,Federal Contract Tower,0,0,25,0,25,0,2,85,0,87,0,2,110,0,112,74,0,74,186
01/05/2008,JXN,MI,AGL,CE,Federal Contract Tower,0,0,0,0,0,0,0,0,0,0,0,0,0,0,0,0,0,0,0
01/06/2008,JXN,MI,AGL,CE,Federal Contract Tower,0,0,3,0,3,0,0,0,0,0,0,0,3,0,3,0,0,0,3
01/07/2008,JXN,MI,AGL,CE,Federal Contract Tower,0,0,14,0,14,0,0,8,0,8,0,0,22,0,22,48,0,48,70
01/08/2008,JXN,MI,AGL,CE,Federal Contract Tower,0,0,20,0,20,0,0,1,0,1,0,0,21,0,21,0,0,0,21
01/09/2008,JXN,MI,AGL,CE,Federal Contract Tower,0,1,11,0,12,0,1,84,0,85,0,2,95,0,97,102,0,102,199
01/10/2008,JXN,MI,AGL,CE,Federal Contract Tower,0,2,21,0,23,0,2,83,4,89,0,4,104,4,112,100,0,100,212
01/11/2008,JXN,MI,AGL,CE,Federal Contract Tower,0,0,6,0,6,0,0,9,0,9,0,0,15,0,15,0,0,0,15
01/12/2008,JXN,MI,AGL,CE,Federal Contract Tower,0,0,48,0,48,0,0,128,0,128,0,0,176,0,176,78,0,78,254
01/13/2008,JXN,MI,AGL,CE,Federal Contract Tower,0,0,1,0,1,0,0,6,0,6,0,0,7,0,7,12,0,12,19
01/14/2008,JXN,MI,AGL,CE,Federal Contract Tower,0,0,5,0,5,0,0,5,0,5,0,0,10,0,10,20,0,20,30
01/15/2008,JXN,MI,AGL,CE,Federal Contract Tower,0,0,17,0,17,0,0,39,0,39,0,0,56,0,56,22,0,22,78
01/16/2008,JXN,MI,AGL,CE,Federal Contract Tower,0,0,33,0,33,0,2,108,0,110,0,2,141,0,143,96,0,96,239
01/17/2008,JXN,MI,AGL,CE,Federal Contract Tower,0,0,7,0,7,0,0,20,0,20,0,0,27,0,27,52,0,52,79
01/18/2008,JXN,MI,AGL,CE,Federal Contract Tower,0,0,27,0,27,0,5,78,0,83,0,5,105,0,110,64,0,64,174
01/19/2008,JXN,MI,AGL,CE,Federal Contract Tower,0,0,0,0,0,0,0,2,0,2,0,0,2,0,2,0,0,0,2
01/20/2008,JXN,MI,AGL,CE,Federal Contract Tower,0,0,6,0,6,0,0,7,0,7,0,0,13,0,13,0,0,0,13
01/21/2008,JXN,MI,AGL,CE,Federal Contract Tower,0,0,9,0,9,0,0,50,0,50,0,0,59,0,59,92,0,92,151
01/22/2008,JXN,MI,AGL,CE,Federal Contract Tower,0,0,11,0,11,0,0,17,0,17,0,0,28,0,28,42,0,42,70
01/23/2008,JXN,MI,AGL,CE,Federal Contract Tower,0,0,22,0,22,0,6,44,0,50,0,6,66,0,72,128,0,128,200
01/24/2008,JXN,MI,AGL,CE,Federal Contract Tower,0,0,20,0,20,0,2,59,0,61,0,2,79,0,81,102,0,102,183
01/25/2008,JXN,MI,AGL,CE,Federal Contract Tower,0,0,24,0,24,0,3,103,0,106,0,3,127,0,130,126,0,126,256
01/26/2008,JXN,MI,AGL,CE,Federal Contract Tower,0,0,5,0,5,0,0,0,0,0,0,0,5,0,5,0,0,0,5
01/27/2008,JXN,MI,AGL,CE,Federal Contract Tower,0,0,7,0,7,0,0,10,0,10,0,0,17,0,17,2,0,2,19
01/28/2008,JXN,MI,AGL,CE,Federal Contract Tower,0,0,15,0,15,0,2,47,0,49,0,2,62,0,64,106,0,106,170
01/29/2008,JXN,MI,AGL,CE,Federal Contract Tower,0,2,6,0,8,0,0,9,0,9,0,2,15,0,17,24,0,24,41
01/30/2008,JXN,MI,AGL,CE,Federal Contract Tower,0,0,0,0,0,0,0,4,0,4,0,0,4,0,4,0,0,0,4
01/31/2008,JXN,MI,AGL,CE,Federal Contract Tower,0,0,16,0,16,0,0,85,0,85,0,0,101,0,101,66,0,66,167
02/01/2008,JXN,MI,AGL,CE,Federal Contract Tower,0,0,1,0,1,0,0,0,0,0,0,0,1,0,1,0,0,0,1
02/02/2008,JXN,MI,AGL,CE,Federal Contract Tower,0,0,0,0,0,0,0,2,0,2,0,0,2,0,2,18,0,18,20
02/03/2008,JXN,MI,AGL,CE,Federal Contract Tower,0,0,4,0,4,0,0,21,0,21,0,0,25,0,25,2,0,2,27
02/04/2008,JXN,MI,AGL,CE,Federal Contract Tower,0,0,2,0,2,0,0,4,0,4,0,0,6,0,6,0,0,0,6
02/05/2008,JXN,MI,AGL,CE,Federal Contract Tower,0,0,1,0,1,0,0,1,0,1,0,0,2,0,2,12,0,12,14
02/06/2008,JXN,MI,AGL,CE,Federal Contract Tower,0,0,0,0,0,0,0,0,0,0,0,0,0,0,0,0,0,0,0
02/07/2008,JXN,MI,AGL,CE,Federal Contract Tower,0,0,2,0,2,0,4,21,0,25,0,4,23,0,27,40,0,40,67
02/08/2008,JXN,MI,AGL,CE,Federal Contract Tower,0,0,2,0,2,0,0,3,0,3,0,0,5,0,5,0,0,0,5
02/09/2008,JXN,MI,AGL,CE,Federal Contract Tower,0,0,5,0,5,0,0,0,0,0,0,0,5,0,5,0,0,0,5
02/10/2008,JXN,MI,AGL,CE,Federal Contract Tower,0,0,2,0,2,0,0,10,0,10,0,0,12,0,12,0,0,0,12
02/11/2008,JXN,MI,AGL,CE,Federal Contract Tower,0,0,18,0,18,0,0,50,0,50,0,0,68,0,68,110,0,110,178
02/12/2008,JXN,MI,AGL,CE,Federal Contract Tower,0,0,1,0,1,0,0,16,0,16,0,0,17,0,17,24,0,24,41
02/13/2008,JXN,MI,AGL,CE,Federal Contract Tower,0,0,20,0,20,0,0,76,0,76,0,0,96,0,96,108,0,108,204
02/14/2008,JXN,MI,AGL,CE,Federal Contract Tower,0,0,14,1,15,0,0,60,1,61,0,0,74,2,76,46,2,48,124
02/15/2008,JXN,MI,AGL,CE,Federal Contract Tower,0,0,22,0,22,0,0,26,0,26,0,0,48,0,48,52,0,52,100
02/16/2008,JXN,MI,AGL,CE,Federal Contract Tower,0,0,45,0,45,0,0,196,0,196,0,0,241,0,241,96,0,96,337
02/17/2008,JXN,MI,AGL,CE,Federal Contract Tower,0,0,4,0,4,0,0,31,0,31,0,0,35,0,35,30,0,30,65
02/18/2008,JXN,MI,AGL,CE,Federal Contract Tower,0,0,6,0,6,0,0,12,0,12,0,0,18,0,18,32,0,32,50
02/19/2008,JXN,MI,AGL,CE,Federal Contract Tower,0,2,14,0,16,0,0,42,0,42,0,2,56,0,58,58,0,58,116
02/20/2008,JXN,MI,AGL,CE,Federal Contract Tower,0,5,21,0,26,0,0,69,0,69,0,5,90,0,95,140,0,140,235
02/21/2008,JXN,MI,AGL,CE,Federal Contract Tower,0,0,6,1,7,0,2,76,1,79,0,2,82,2,86,56,4,60,146
02/22/2008,JXN,MI,AGL,CE,Federal Contract Tower,0,0,2,0,2,0,0,42,0,42,0,0,44,0,44,58,0,58,102
02/23/2008,JXN,MI,AGL,CE,Federal Contract Tower,0,0,48,0,48,0,3,224,0,227,0,3,272,0,275,86,0,86,361
02/24/2008,JXN,MI,AGL,CE,Federal Contract Tower,0,0,46,0,46,0,2,119,0,121,0,2,165,0,167,80,0,80,247
02/25/2008,JXN,MI,AGL,CE,Federal Contract Tower,0,0,0,0,0,0,0,1,0,1,0,0,1,0,1,20,0,20,21
02/26/2008,JXN,MI,AGL,CE,Federal Contract Tower,0,0,0,0,0,0,0,0,0,0,0,0,0,0,0,0,0,0,0
02/27/2008,JXN,MI,AGL,CE,Federal Contract Tower,0,0,25,0,25,0,0,49,0,49,0,0,74,0,74,92,0,92,166
02/28/2008,JXN,MI,AGL,CE,Federal Contract Tower,0,0,23,0,23,0,2,28,0,30,0,2,51,0,53,14,0,14,67
02/29/2008,JXN,MI,AGL,CE,Federal Contract Tower,0,0,2,0,2,0,0,0,0,0,0,0,2,0,2,0,0,0,2
03/01/2008,JXN,MI,AGL,CE,Federal Contract Tower,0,0,6,0,6,0,2,144,0,146,0,2,150,0,152,126,0,126,278
03/02/2008,JXN,MI,AGL,CE,Federal Contract Tower,0,0,27,0,27,0,0,42,0,42,0,0,69,0,69,54,0,54,123
03/03/2008,JXN,MI,AGL,CE,Federal Contract Tower,0,1,0,0,1,0,0,2,0,2,0,1,2,0,3,8,0,8,11
03/04/2008,JXN,MI,AGL,CE,Federal Contract Tower,0,0,15,0,15,0,0,41,0,41,0,0,56,0,56,122,0,122,178
03/05/2008,JXN,MI,AGL,CE,Federal Contract Tower,0,0,17,0,17,0,4,87,0,91,0,4,104,0,108,148,0,148,256
03/06/2008,JXN,MI,AGL,CE,Federal Contract Tower,0,0,9,0,9,0,0,18,0,18,0,0,27,0,27,22,0,22,49
03/07/2008,JXN,MI,AGL,CE,Federal Contract Tower,0,0,13,0,13,0,2,56,0,58,0,2,69,0,71,26,0,26,97
03/08/2008,JXN,MI,AGL,CE,Federal Contract Tower,0,0,2,0,2,0,0,20,0,20,0,0,22,0,22,52,0,52,74
03/09/2008,JXN,MI,AGL,CE,Federal Contract Tower,0,2,13,0,15,0,0,68,0,68,0,2,81,0,83,22,0,22,105
03/10/2008,JXN,MI,AGL,CE,Federal Contract Tower,0,0,22,0,22,0,2,39,0,41,0,2,61,0,63,116,0,116,179
03/11/2008,JXN,MI,AGL,CE,Federal Contract Tower,0,0,22,0,22,0,2,75,0,77,0,2,97,0,99,92,0,92,191
03/12/2008,JXN,MI,AGL,CE,Federal Contract Tower,0,0,19,0,19,0,5,94,0,99,0,5,113,0,118,180,0,180,298
03/13/2008,JXN,MI,AGL,CE,Federal Contract Tower,0,0,12,0,12,0,0,42,0,42,0,0,54,0,54,18,0,18,72
03/14/2008,JXN,MI,AGL,CE,Federal Contract Tower,0,3,20,0,23,0,4,112,0,116,0,7,132,0,139,142,0,142,281
03/15/2008,JXN,MI,AGL,CE,Federal Contract Tower,0,0,23,0,23,0,0,122,0,122,0,0,145,0,145,116,0,116,261
03/16/2008,JXN,MI,AGL,CE,Federal Contract Tower,0,1,13,0,14,0,0,84,0,84,0,1,97,0,98,60,0,60,158
03/17/2008,JXN,MI,AGL,CE,Federal Contract Tower,0,0,15,0,15,0,2,37,0,39,0,2,52,0,54,112,0,112,166
03/18/2008,JXN,MI,AGL,CE,Federal Contract Tower,0,0,2,0,2,0,0,0,0,0,0,0,2,0,2,0,0,0,2
03/19/2008,JXN,MI,AGL,CE,Federal Contract Tower,0,0,14,0,14,0,2,35,0,37,0,2,49,0,51,102,0,102,153
03/20/2008,JXN,MI,AGL,CE,Federal Contract Tower,0,0,12,0,12,0,2,90,0,92,0,2,102,0,104,88,0,88,192
03/21/2008,JXN,MI,AGL,CE,Federal Contract Tower,0,0,12,0,12,0,0,31,0,31,0,0,43,0,43,34,0,34,77
03/22/2008,JXN,MI,AGL,CE,Federal Contract Tower,0,0,6,0,6,0,0,37,4,41,0,0,43,4,47,18,0,18,65
03/23/2008,JXN,MI,AGL,CE,Federal Contract Tower,0,0,7,0,7,0,2,89,0,91,0,2,96,0,98,76,0,76,174
03/24/2008,JXN,MI,AGL,CE,Federal Contract Tower,0,0,35,0,35,0,0,87,0,87,0,0,122,0,122,138,0,138,260
03/25/2008,JXN,MI,AGL,CE,Federal Contract Tower,6,0,7,2,15,0,0,17,0,17,6,0,24,2,32,64,4,68,100
03/26/2008,JXN,MI,AGL,CE,Federal Contract Tower,6,0,37,0,43,0,0,69,0,69,6,0,106,0,112,82,0,82,194
03/27/2008,JXN,MI,AGL,CE,Federal Contract Tower,0,0,4,0,4,0,0,4,0,4,0,0,8,0,8,2,0,2,10
03/28/2008,JXN,MI,AGL,CE,Federal Contract Tower,0,1,10,0,11,0,1,72,0,73,0,2,82,0,84,162,0,162,246
03/29/2008,JXN,MI,AGL,CE,Federal Contract Tower,0,0,27,0,27,0,1,196,0,197,0,1,223,0,224,78,0,78,302
03/30/2008,JXN,MI,AGL,CE,Federal Contract Tower,0,0,30,0,30,0,0,56,3,59,0,0,86,3,89,50,0,50,139
03/31/2008,JXN,MI,AGL,CE,Federal Contract Tower,0,0,4,0,4,0,0,0,0,0,0,0,4,0,4,0,0,0,4
04/01/2008,JXN,MI,AGL,CE,Federal Contract Tower,0,0,3,0,3,0,0,9,0,9,0,0,12,0,12,12,0,12,24
04/02/2008,JXN,MI,AGL,CE,Federal Contract Tower,0,0,23,0,23,0,0,100,0,100,0,0,123,0,123,246,0,246,369
04/03/2008,JXN,MI,AGL,CE,Federal Contract Tower,2,2,5,1,10,2,0,56,1,59,4,2,61,2,69,92,0,92,161
04/04/2008,JXN,MI,AGL,CE,Federal Contract Tower,0,2,11,0,13,0,0,10,0,10,0,2,21,0,23,4,0,4,27
04/05/2008,JXN,MI,AGL,CE,Federal Contract Tower,0,0,33,0,33,0,0,161,0,161,0,0,194,0,194,68,0,68,262
04/06/2008,JXN,MI,AGL,CE,Federal Contract Tower,0,0,14,0,14,0,0,138,0,138,0,0,152,0,152,48,0,48,200
04/07/2008,JXN,MI,AGL,CE,Federal Contract Tower,0,0,8,0,8,0,0,47,0,47,0,0,55,0,55,80,0,80,135
04/08/2008,JXN,MI,AGL,CE,Federal Contract Tower,0,0,16,0,16,0,0,31,0,31,0,0,47,0,47,96,0,96,143
04/09/2008,JXN,MI,AGL,CE,Federal Contract Tower,0,2,30,0,32,0,0,33,0,33,0,2,63,0,65,126,0,126,191
04/10/2008,JXN,MI,AGL,CE,Federal Contract Tower,0,0,12,0,12,0,0,28,0,28,0,0,40,0,40,58,0,58,98
04/11/2008,JXN,MI,AGL,CE,Federal Contract Tower,0,2,4,0,6,0,0,10,0,10,0,2,14,0,16,26,0,26,42
04/12/2008,JXN,MI,AGL,CE,Federal Contract Tower,0,0,2,0,2,0,0,2,0,2,0,0,4,0,4,0,0,0,4
04/13/2008,JXN,MI,AGL,CE,Federal Contract Tower,0,0,7,0,7,0,0,15,0,15,0,0,22,0,22,22,0,22,44
04/14/2008,JXN,MI,AGL,CE,Federal Contract Tower,0,0,10,0,10,0,0,41,0,41,0,0,51,0,51,122,0,122,173
04/15/2008,JXN,MI,AGL,CE,Federal Contract Tower,0,0,24,0,24,0,2,78,0,80,0,2,102,0,104,50,0,50,154
04/16/2008,JXN,MI,AGL,CE,Federal Contract Tower,0,0,6,0,6,0,2,46,0,48,0,2,52,0,54,90,0,90,144
04/17/2008,JXN,MI,AGL,CE,Federal Contract Tower,0,0,35,0,35,0,0,86,0,86,0,0,121,0,121,116,0,116,237
04/18/2008,JXN,MI,AGL,CE,Federal Contract Tower,0,0,11,0,11,0,0,59,0,59,0,0,70,0,70,164,0,164,234
04/19/2008,JXN,MI,AGL,CE,Federal Contract Tower,0,0,23,0,23,0,2,97,0,99,0,2,120,0,122,44,0,44,166
04/20/2008,JXN,MI,AGL,CE,Federal Contract Tower,0,2,25,0,27,0,0,68,0,68,0,2,93,0,95,24,0,24,119
04/21/2008,JXN,MI,AGL,CE,Federal Contract Tower,0,0,12,0,12,0,0,54,0,54,0,0,66,0,66,98,0,98,164
04/22/2008,JXN,MI,AGL,CE,Federal Contract Tower,0,0,24,0,24,0,4,79,0,83,0,4,103,0,107,88,0,88,195
04/23/2008,JXN,MI,AGL,CE,Federal Contract Tower,0,0,22,0,22,0,0,70,0,70,0,0,92,0,92,174,0,174,266
04/24/2008,JXN,MI,AGL,CE,Federal Contract Tower,0,0,17,0,17,0,0,60,0,60,0,0,77,0,77,82,0,82,159
04/25/2008,JXN,MI,AGL,CE,Federal Contract Tower,0,0,1,0,1,0,4,31,0,35,0,4,32,0,36,44,0,44,80
04/26/2008,JXN,MI,AGL,CE,Federal Contract Tower,0,1,7,0,8,0,0,19,0,19,0,1,26,0,27,8,0,8,35
04/27/2008,JXN,MI,AGL,CE,Federal Contract Tower,0,0,19,0,19,0,0,137,0,137,0,0,156,0,156,34,0,34,190
04/28/2008,JXN,MI,AGL,CE,Federal Contract Tower,0,0,3,0,3,0,0,29,0,29,0,0,32,0,32,54,0,54,86
04/29/2008,JXN,MI,AGL,CE,Federal Contract Tower,4,0,25,0,29,0,0,52,0,52,4,0,77,0,81,46,0,46,127
04/30/2008,JXN,MI,AGL,CE,Federal Contract Tower,0,0,20,0,20,0,0,91,0,91,0,0,111,0,111,226,0,226,337
05/01/2008,JXN,MI,AGL,CE,Federal Contract Tower,0,3,13,0,16,0,3,41,0,44,0,6,54,0,60,74,0,74,134
05/02/2008,JXN,MI,AGL,CE,Federal Contract Tower,0,0,6,0,6,0,0,10,0,10,0,0,16,0,16,48,0,48,64
05/03/2008,JXN,MI,AGL,CE,Federal Contract Tower,0,0,26,0,26,0,0,44,0,44,0,0,70,0,70,0,22,22,92
05/04/2008,JXN,MI,AGL,CE,Federal Contract Tower,0,0,26,0,26,0,0,77,0,77,0,0,103,0,103,22,0,22,125
05/05/2008,JXN,MI,AGL,CE,Federal Contract Tower,0,0,7,2,9,0,0,45,0,45,0,0,52,2,54,88,0,88,142
05/06/2008,JXN,MI,AGL,CE,Federal Contract Tower,0,2,15,0,17,0,4,67,0,71,0,6,82,0,88,102,0,102,190
05/07/2008,JXN,MI,AGL,CE,Federal Contract Tower,0,0,15,0,15,0,2,20,2,24,0,2,35,2,39,38,0,38,77
05/08/2008,JXN,MI,AGL,CE,Federal Contract Tower,0,0,12,0,12,0,2,48,0,50,0,2,60,0,62,72,0,72,134
05/09/2008,JXN,MI,AGL,CE,Federal Contract Tower,9,0,25,0,34,0,0,83,0,83,9,0,108,0,117,86,0,86,203
05/10/2008,JXN,MI,AGL,CE,Federal Contract Tower,0,1,20,0,21,0,3,124,0,127,0,4,144,0,148,48,0,48,196
05/11/2008,JXN,MI,AGL,CE,Federal Contract Tower,0,0,3,0,3,0,0,6,0,6,0,0,9,0,9,0,0,0,9
05/12/2008,JXN,MI,AGL,CE,Federal Contract Tower,0,0,31,0,31,0,1,32,0,33,0,1,63,0,64,60,0,60,124
05/13/2008,JXN,MI,AGL,CE,Federal Contract Tower,0,0,26,0,26,0,1,76,0,77,0,1,102,0,103,68,0,68,171
05/14/2008,JXN,MI,AGL,CE,Federal Contract Tower,0,1,16,2,19,0,0,0,0,0,0,1,16,2,19,0,0,0,19
05/15/2008,JXN,MI,AGL,CE,Federal Contract Tower,0,0,35,0,35,0,1,112,0,113,0,1,147,0,148,72,0,72,220
05/16/2008,JXN,MI,AGL,CE,Federal Contract Tower,0,0,19,0,19,0,3,85,0,88,0,3,104,0,107,70,0,70,177
05/17/2008,JXN,MI,AGL,CE,Federal Contract Tower,0,0,23,0,23,0,0,46,0,46,0,0,69,0,69,24,0,24,93
05/18/2008,JXN,MI,AGL,CE,Federal Contract Tower,0,0,13,0,13,0,0,25,0,25,0,0,38,0,38,20,0,20,58
05/19/2008,JXN,MI,AGL,CE,Federal Contract Tower,1,1,17,0,19,0,2,40,0,42,1,3,57,0,61,94,0,94,155
05/20/2008,JXN,MI,AGL,CE,Federal Contract Tower,0,0,14,0,14,0,4,78,0,82,0,4,92,0,96,100,0,100,196
05/21/2008,JXN,MI,AGL,CE,Federal Contract Tower,5,0,17,0,22,1,0,51,0,52,6,0,68,0,74,82,0,82,156
05/22/2008,JXN,MI,AGL,CE,Federal Contract Tower,0,0,31,0,31,0,1,69,0,70,0,1,100,0,101,60,0,60,161
05/23/2008,JXN,MI,AGL,CE,Federal Contract Tower,0,2,28,0,30,0,0,105,0,105,0,2,133,0,135,104,0,104,239
05/24/2008,JXN,MI,AGL,CE,Federal Contract Tower,0,0,20,0,20,0,0,151,0,151,0,0,171,0,171,84,0,84,255
05/25/2008,JXN,MI,AGL,CE,Federal Contract Tower,0,0,16,0,16,0,2,81,0,83,0,2,97,0,99,10,0,10,109
05/26/2008,JXN,MI,AGL,CE,Federal Contract Tower,0,0,5,0,5,0,2,50,0,52,0,2,55,0,57,18,0,18,75
05/27/2008,JXN,MI,AGL,CE,Federal Contract Tower,0,0,9,0,9,0,0,42,0,42,0,0,51,0,51,126,0,126,177
05/28/2008,JXN,MI,AGL,CE,Federal Contract Tower,0,0,15,0,15,0,0,82,0,82,0,0,97,0,97,128,0,128,225
05/29/2008,JXN,MI,AGL,CE,Federal Contract Tower,2,0,18,0,20,0,3,102,0,105,2,3,120,0,125,106,0,106,231
05/30/2008,JXN,MI,AGL,CE,Federal Contract Tower,0,0,9,0,9,0,0,38,0,38,0,0,47,0,47,52,0,52,99
05/31/2008,JXN,MI,AGL,CE,Federal Contract Tower,0,0,26,0,26,0,0,18,0,18,0,0,44,0,44,8,0,8,52
06/01/2008,JXN,MI,AGL,CE,Federal Contract Tower,0,0,3,0,3,0,3,107,0,110,0,3,110,0,113,64,0,64,177
06/02/2008,JXN,MI,AGL,CE,Federal Contract Tower,0,0,17,0,17,0,1,73,4,78,0,1,90,4,95,52,0,52,147
06/03/2008,JXN,MI,AGL,CE,Federal Contract Tower,0,2,14,0,16,0,1,20,0,21,0,3,34,0,37,82,0,82,119
06/04/2008,JXN,MI,AGL,CE,Federal Contract Tower,0,0,37,0,37,0,0,0,0,0,0,0,37,0,37,0,0,0,37
06/05/2008,JXN,MI,AGL,CE,Federal Contract Tower,0,4,17,0,21,0,0,20,0,20,0,4,37,0,41,84,0,84,125
06/06/2008,JXN,MI,AGL,CE,Federal Contract Tower,0,2,10,0,12,0,0,32,0,32,0,2,42,0,44,30,0,30,74
06/07/2008,JXN,MI,AGL,CE,Federal Contract Tower,0,1,26,0,27,0,1,78,16,95,0,2,104,16,122,74,0,74,196
06/08/2008,JXN,MI,AGL,CE,Federal Contract Tower,0,3,9,0,12,0,2,104,2,108,0,5,113,2,120,44,0,44,164
06/09/2008,JXN,MI,AGL,CE,Federal Contract Tower,0,0,12,0,12,0,3,35,0,38,0,3,47,0,50,42,0,42,92
06/10/2008,JXN,MI,AGL,CE,Federal Contract Tower,0,0,21,0,21,0,0,55,0,55,0,0,76,0,76,54,2,56,132
06/11/2008,JXN,MI,AGL,CE,Federal Contract Tower,0,0,39,0,39,0,4,112,2,118,0,4,151,2,157,70,0,70,227
06/12/2008,JXN,MI,AGL,CE,Federal Contract Tower,0,9,50,0,59,3,8,55,3,69,3,17,105,3,128,76,0,76,204
06/13/2008,JXN,MI,AGL,CE,Federal Contract Tower,0,3,18,0,21,0,0,15,0,15,0,3,33,0,36,4,0,4,40
06/14/2008,JXN,MI,AGL,CE,Federal Contract Tower,0,2,39,0,41,0,1,125,0,126,0,3,164,0,167,0,38,38,205
06/15/2008,JXN,MI,AGL,CE,Federal Contract Tower,8,7,78,0,93,0,8,119,3,130,8,15,197,3,223,36,0,36,259
06/16/2008,JXN,MI,AGL,CE,Federal Contract Tower,0,0,6,0,6,0,2,44,4,50,0,2,50,4,56,138,0,138,194
06/17/2008,JXN,MI,AGL,CE,Federal Contract Tower,0,4,18,0,22,0,2,61,0,63,0,6,79,0,85,86,0,86,171
06/18/2008,JXN,MI,AGL,CE,Federal Contract Tower,0,0,25,0,25,0,4,52,0,56,0,4,77,0,81,116,0,116,197
06/19/2008,JXN,MI,AGL,CE,Federal Contract Tower,0,0,28,2,30,0,2,81,0,83,0,2,109,2,113,104,0,104,217
06/20/2008,JXN,MI,AGL,CE,Federal Contract Tower,0,0,26,0,26,0,0,77,2,79,0,0,103,2,105,70,0,70,175
06/21/2008,JXN,MI,AGL,CE,Federal Contract Tower,0,0,28,0,28,0,1,106,4,111,0,1,134,4,139,42,0,42,181
06/22/2008,JXN,MI,AGL,CE,Federal Contract Tower,0,0,16,0,16,0,2,92,0,94,0,2,108,0,110,62,0,62,172
06/23/2008,JXN,MI,AGL,CE,Federal Contract Tower,0,0,17,0,17,0,3,41,0,44,0,3,58,0,61,88,0,88,149
06/24/2008,JXN,MI,AGL,CE,Federal Contract Tower,0,0,33,0,33,0,4,79,0,83,0,4,112,0,116,118,0,118,234
06/25/2008,JXN,MI,AGL,CE,Federal Contract Tower,0,2,16,0,18,0,4,27,0,31,0,6,43,0,49,44,0,44,93
06/26/2008,JXN,MI,AGL,CE,Federal Contract Tower,0,2,20,0,22,0,3,27,9,39,0,5,47,9,61,44,0,44,105
06/27/2008,JXN,MI,AGL,CE,Federal Contract Tower,0,2,12,0,14,0,0,35,0,35,0,2,47,0,49,104,0,104,153
06/28/2008,JXN,MI,AGL,CE,Federal Contract Tower,0,0,5,0,5,0,0,6,0,6,0,0,11,0,11,18,0,18,29
06/29/2008,JXN,MI,AGL,CE,Federal Contract Tower,0,0,12,0,12,0,0,51,0,51,0,0,63,0,63,40,0,40,103
06/30/2008,JXN,MI,AGL,CE,Federal Contract Tower,0,0,16,0,16,0,2,41,0,43,0,2,57,0,59,110,0,110,169
07/01/2008,JXN,MI,AGL,CE,Federal Contract Tower,0,0,35,0,35,0,4,138,0,142,0,4,173,0,177,108,0,108,285
07/02/2008,JXN,MI,AGL,CE,Federal Contract Tower,0,1,10,0,11,0,0,39,0,39,0,1,49,0,50,36,0,36,86
07/04/2008,JXN,MI,AGL,CE,Federal Contract Tower,0,0,9,0,9,0,0,110,0,110,0,0,119,0,119,34,0,34,153
07/05/2008,JXN,MI,AGL,CE,Federal Contract Tower,0,0,14,0,14,0,0,134,0,134,0,0,148,0,148,70,0,70,218
07/06/2008,JXN,MI,AGL,CE,Federal Contract Tower,0,0,6,0,6,0,1,145,0,146,0,1,151,0,152,102,0,102,254
07/07/2008,JXN,MI,AGL,CE,Federal Contract Tower,0,0,10,0,10,0,0,43,2,45,0,0,53,2,55,38,0,38,93
07/08/2008,JXN,MI,AGL,CE,Federal Contract Tower,0,0,11,0,11,0,0,24,0,24,0,0,35,0,35,66,0,66,101
07/09/2008,JXN,MI,AGL,CE,Federal Contract Tower,0,0,21,0,21,0,0,103,0,103,0,0,124,0,124,50,0,50,174
07/10/2008,JXN,MI,AGL,CE,Federal Contract Tower,0,0,21,0,21,0,0,149,0,149,0,0,170,0,170,92,0,92,262
07/11/2008,JXN,MI,AGL,CE,Federal Contract Tower,0,4,14,0,18,0,0,156,0,156,0,4,170,0,174,118,0,118,292
07/12/2008,JXN,MI,AGL,CE,Federal Contract Tower,0,0,1,0,1,0,0,56,0,56,0,0,57,0,57,18,0,18,75
07/13/2008,JXN,MI,AGL,CE,Federal Contract Tower,0,0,10,0,10,0,0,174,0,174,0,0,184,0,184,78,0,78,262
07/14/2008,JXN,MI,AGL,CE,Federal Contract Tower,0,2,20,0,22,0,2,77,0,79,0,4,97,0,101,38,0,38,139
07/15/2008,JXN,MI,AGL,CE,Federal Contract Tower,0,0,49,0,49,0,1,103,0,104,0,1,152,0,153,132,0,132,285
07/16/2008,JXN,MI,AGL,CE,Federal Contract Tower,0,0,35,0,35,0,0,85,0,85,0,0,120,0,120,118,0,118,238
07/17/2008,JXN,MI,AGL,CE,Federal Contract Tower,0,0,24,0,24,0,0,62,0,62,0,0,86,0,86,92,0,92,178
07/18/2008,JXN,MI,AGL,CE,Federal Contract Tower,0,0,9,0,9,0,0,63,0,63,0,0,72,0,72,28,0,28,100
07/19/2008,JXN,MI,AGL,CE,Federal Contract Tower,0,0,50,0,50,0,0,28,0,28,0,0,78,0,78,0,0,0,78
07/20/2008,JXN,MI,AGL,CE,Federal Contract Tower,0,0,7,0,7,0,0,40,0,40,0,0,47,0,47,34,0,34,81
07/21/2008,JXN,MI,AGL,CE,Federal Contract Tower,0,0,6,0,6,0,1,35,0,36,0,1,41,0,42,84,0,84,126
07/22/2008,JXN,MI,AGL,CE,Federal Contract Tower,0,0,32,1,33,0,0,97,5,102,0,0,129,6,135,90,2,92,227
07/23/2008,JXN,MI,AGL,CE,Federal Contract Tower,0,3,32,0,35,0,2,68,6,76,0,5,100,6,111,58,0,58,169
07/24/2008,JXN,MI,AGL,CE,Federal Contract Tower,0,9,15,0,24,0,7,100,0,107,0,16,115,0,131,68,0,68,199
07/25/2008,JXN,MI,AGL,CE,Federal Contract Tower,0,5,16,0,21,0,1,119,0,120,0,6,135,0,141,90,0,90,231
07/26/2008,JXN,MI,AGL,CE,Federal Contract Tower,0,0,9,0,9,0,4,69,0,73,0,4,78,0,82,52,0,52,134
07/27/2008,JXN,MI,AGL,CE,Federal Contract Tower,0,0,18,0,18,0,0,128,0,128,0,0,146,0,146,116,0,116,262
07/28/2008,JXN,MI,AGL,CE,Federal Contract Tower,0,0,15,0,15,0,0,50,0,50,0,0,65,0,65,18,0,18,83
07/29/2008,JXN,MI,AGL,CE,Federal Contract Tower,0,0,17,0,17,0,2,52,0,54,0,2,69,0,71,102,0,102,173
07/30/2008,JXN,MI,AGL,CE,Federal Contract Tower,0,0,23,0,23,0,0,78,0,78,0,0,101,0,101,86,0,86,187
07/31/2008,JXN,MI,AGL,CE,Federal Contract Tower,0,4,18,0,22,0,3,71,0,74,0,7,89,0,96,64,0,64,160
08/01/2008,JXN,MI,AGL,CE,Federal Contract Tower,0,0,17,0,17,0,1,98,0,99,0,1,115,0,116,58,0,58,174
08/02/2008,JXN,MI,AGL,CE,Federal Contract Tower,0,0,10,0,10,0,0,151,0,151,0,0,161,0,161,40,0,40,201
08/03/2008,JXN,MI,AGL,CE,Federal Contract Tower,0,0,13,0,13,0,0,134,0,134,0,0,147,0,147,60,0,60,207
08/04/2008,JXN,MI,AGL,CE,Federal Contract Tower,0,0,12,0,12,0,0,40,0,40,0,0,52,0,52,6,0,6,58
08/05/2008,JXN,MI,AGL,CE,Federal Contract Tower,0,0,17,0,17,0,0,23,0,23,0,0,40,0,40,106,0,106,146
08/06/2008,JXN,MI,AGL,CE,Federal Contract Tower,0,0,8,2,10,0,3,71,4,78,0,3,79,6,88,78,4,82,170
08/07/2008,JXN,MI,AGL,CE,Federal Contract Tower,0,0,23,0,23,0,2,39,0,41,0,2,62,0,64,100,0,100,164
08/08/2008,JXN,MI,AGL,CE,Federal Contract Tower,0,0,11,0,11,0,0,61,0,61,0,0,72,0,72,66,0,66,138
08/09/2008,JXN,MI,AGL,CE,Federal Contract Tower,0,0,27,0,27,0,0,120,0,120,0,0,147,0,147,24,0,24,171
08/10/2008,JXN,MI,AGL,CE,Federal Contract Tower,0,0,21,0,21,0,0,110,0,110,0,0,131,0,131,20,0,20,151
08/11/2008,JXN,MI,AGL,CE,Federal Contract Tower,0,0,24,0,24,0,0,37,0,37,0,0,61,0,61,16,0,16,77
08/12/2008,JXN,MI,AGL,CE,Federal Contract Tower,0,8,25,1,34,0,0,97,0,97,0,8,122,1,131,85,0,85,216
08/13/2008,JXN,MI,AGL,CE,Federal Contract Tower,0,0,17,0,17,0,2,54,0,56,0,2,71,0,73,96,0,96,169
08/14/2008,JXN,MI,AGL,CE,Federal Contract Tower,5,6,37,0,48,3,7,89,0,99,8,13,126,0,147,84,0,84,231
08/15/2008,JXN,MI,AGL,CE,Federal Contract Tower,0,3,27,0,30,0,4,114,0,118,0,7,141,0,148,62,0,62,210
08/16/2008,JXN,MI,AGL,CE,Federal Contract Tower,1,12,24,0,37,0,12,134,0,146,1,24,158,0,183,18,0,18,201
08/17/2008,JXN,MI,AGL,CE,Federal Contract Tower,2,5,72,2,81,0,0,135,2,137,2,5,207,4,218,10,0,10,228
08/18/2008,JXN,MI,AGL,CE,Federal Contract Tower,1,0,14,0,15,1,0,42,0,43,2,0,56,0,58,60,0,60,118
08/19/2008,JXN,MI,AGL,CE,Federal Contract Tower,0,0,26,0,26,0,0,37,0,37,0,0,63,0,63,46,0,46,109
08/20/2008,JXN,MI,AGL,CE,Federal Contract Tower,0,1,33,0,34,0,1,102,0,103,0,2,135,0,137,82,0,82,219
08/21/2008,JXN,MI,AGL,CE,Federal Contract Tower,0,0,22,0,22,0,0,71,0,71,0,0,93,0,93,70,0,70,163
08/22/2008,JXN,MI,AGL,CE,Federal Contract Tower,0,0,12,0,12,0,2,53,0,55,0,2,65,0,67,36,0,36,103
08/23/2008,JXN,MI,AGL,CE,Federal Contract Tower,0,0,12,0,12,0,0,70,0,70,0,0,82,0,82,20,0,20,102
08/24/2008,JXN,MI,AGL,CE,Federal Contract Tower,0,0,7,0,7,0,2,47,0,49,0,2,54,0,56,0,0,0,56
08/25/2008,JXN,MI,AGL,CE,Federal Contract Tower,0,0,15,0,15,0,3,79,0,82,0,3,94,0,97,94,0,94,191
08/26/2008,JXN,MI,AGL,CE,Federal Contract Tower,0,0,16,2,18,0,0,89,2,91,0,0,105,4,109,78,0,78,187
08/27/2008,JXN,MI,AGL,CE,Federal Contract Tower,0,0,16,0,16,0,2,82,0,84,0,2,98,0,100,78,0,78,178
08/28/2008,JXN,MI,AGL,CE,Federal Contract Tower,0,0,55,4,59,0,2,87,4,93,0,2,142,8,152,62,0,62,214
08/29/2008,JXN,MI,AGL,CE,Federal Contract Tower,0,2,17,0,19,0,0,38,0,38,0,2,55,0,57,54,0,54,111
08/30/2008,JXN,MI,AGL,CE,Federal Contract Tower,0,0,26,0,26,0,2,106,0,108,0,2,132,0,134,30,0,30,164
08/31/2008,JXN,MI,AGL,CE,Federal Contract Tower,0,0,5,0,5,0,0,77,0,77,0,0,82,0,82,40,0,40,122
09/01/2008,JXN,MI,AGL,CE,Federal Contract Tower,0,0,10,0,10,0,0,151,0,151,0,0,161,0,161,74,0,74,235
09/02/2008,JXN,MI,AGL,CE,Federal Contract Tower,0,1,15,0,16,0,4,85,0,89,0,5,100,0,105,74,0,74,179
09/03/2008,JXN,MI,AGL,CE,Federal Contract Tower,0,1,9,0,10,0,4,54,0,58,0,5,63,0,68,78,0,78,146
09/04/2008,JXN,MI,AGL,CE,Federal Contract Tower,0,1,33,0,34,0,1,56,0,57,0,2,89,0,91,88,0,88,179
09/05/2008,JXN,MI,AGL,CE,Federal Contract Tower,0,2,30,0,32,0,2,45,0,47,0,4,75,0,79,72,0,72,151
09/06/2008,JXN,MI,AGL,CE,Federal Contract Tower,0,0,23,0,23,0,0,95,0,95,0,0,118,0,118,40,0,40,158
09/07/2008,JXN,MI,AGL,CE,Federal Contract Tower,0,0,20,0,20,0,0,35,0,35,0,0,55,0,55,0,0,0,55
09/08/2008,JXN,MI,AGL,CE,Federal Contract Tower,0,0,20,0,20,0,1,62,0,63,0,1,82,0,83,76,0,76,159
09/09/2008,JXN,MI,AGL,CE,Federal Contract Tower,0,0,16,0,16,0,2,82,0,84,0,2,98,0,100,72,0,72,172
09/10/2008,JXN,MI,AGL,CE,Federal Contract Tower,0,0,13,0,13,0,2,120,0,122,0,2,133,0,135,90,0,90,225
09/11/2008,JXN,MI,AGL,CE,Federal Contract Tower,0,2,12,1,15,0,6,99,2,107,0,8,111,3,122,114,6,120,242
09/12/2008,JXN,MI,AGL,CE,Federal Contract Tower,0,0,27,0,27,0,0,24,0,24,0,0,51,0,51,0,0,0,51
09/13/2008,JXN,MI,AGL,CE,Federal Contract Tower,0,0,3,0,3,0,0,0,0,0,0,0,3,0,3,0,0,0,3
09/14/2008,JXN,MI,AGL,CE,Federal Contract Tower,0,0,4,0,4,0,0,2,0,2,0,0,6,0,6,0,0,0,6
09/15/2008,JXN,MI,AGL,CE,Federal Contract Tower,0,0,21,0,21,0,0,60,0,60,0,0,81,0,81,70,0,70,151
09/16/2008,JXN,MI,AGL,CE,Federal Contract Tower,0,0,15,0,15,0,4,97,0,101,0,4,112,0,116,90,0,90,206
09/17/2008,JXN,MI,AGL,CE,Federal Contract Tower,0,0,18,0,18,0,2,109,0,111,0,2,127,0,129,96,0,96,225
09/18/2008,JXN,MI,AGL,CE,Federal Contract Tower,0,0,9,0,9,0,1,84,0,85,0,1,93,0,94,84,0,84,178
09/19/2008,JXN,MI,AGL,CE,Federal Contract Tower,0,0,17,0,17,0,3,95,0,98,0,3,112,0,115,46,0,46,161
09/20/2008,JXN,MI,AGL,CE,Federal Contract Tower,0,0,16,0,16,0,1,97,0,98,0,1,113,0,114,36,0,36,150
09/21/2008,JXN,MI,AGL,CE,Federal Contract Tower,0,1,14,0,15,0,0,13,0,13,0,1,27,0,28,16,0,16,44
09/22/2008,JXN,MI,AGL,CE,Federal Contract Tower,0,0,23,0,23,0,1,58,0,59,0,1,81,0,82,28,0,28,110
09/23/2008,JXN,MI,AGL,CE,Federal Contract Tower,0,2,10,0,12,0,5,68,0,73,0,7,78,0,85,82,0,82,167
09/24/2008,JXN,MI,AGL,CE,Federal Contract Tower,0,0,53,0,53,0,2,113,0,115,0,2,166,0,168,110,0,110,278
09/25/2008,JXN,MI,AGL,CE,Federal Contract Tower,0,6,15,2,23,12,6,71,4,93,12,12,86,6,116,46,0,46,162
09/26/2008,JXN,MI,AGL,CE,Federal Contract Tower,0,0,20,0,20,0,0,60,0,60,0,0,80,0,80,78,0,78,158
09/27/2008,JXN,MI,AGL,CE,Federal Contract Tower,0,0,27,0,27,0,2,63,0,65,0,2,90,0,92,32,0,32,124
09/28/2008,JXN,MI,AGL,CE,Federal Contract Tower,0,0,12,0,12,0,1,78,0,79,0,1,90,0,91,38,0,38,129
09/29/2008,JXN,MI,AGL,CE,Federal Contract Tower,0,1,9,0,10,0,3,28,0,31,0,4,37,0,41,56,0,56,97
09/30/2008,JXN,MI,AGL,CE,Federal Contract Tower,0,1,14,0,15,0,2,22,0,24,0,3,36,0,39,90,0,90,129
10/01/2008,JXN,MI,AGL,CE,Federal Contract Tower,0,0,24,0,24,0,0,46,0,46,0,0,70,0,70,84,0,84,154
10/02/2008,JXN,MI,AGL,CE,Federal Contract Tower,0,0,35,0,35,0,0,41,0,41,0,0,76,0,76,54,0,54,130
10/03/2008,JXN,MI,AGL,CE,Federal Contract Tower,0,0,22,0,22,0,0,52,0,52,0,0,74,0,74,62,0,62,136
10/04/2008,JXN,MI,AGL,CE,Federal Contract Tower,0,1,16,0,17,0,1,135,0,136,0,2,151,0,153,34,0,34,187
10/05/2008,JXN,MI,AGL,CE,Federal Contract Tower,0,0,14,0,14,0,0,135,0,135,0,0,149,0,149,42,0,42,191
10/06/2008,JXN,MI,AGL,CE,Federal Contract Tower,0,0,11,0,11,0,0,34,0,34,0,0,45,0,45,22,0,22,67
10/07/2008,JXN,MI,AGL,CE,Federal Contract Tower,0,0,9,0,9,0,5,75,0,80,0,5,84,0,89,86,0,86,175
10/08/2008,JXN,MI,AGL,CE,Federal Contract Tower,0,0,18,0,18,0,0,10,0,10,0,0,28,0,28,4,0,4,32
10/09/2008,JXN,MI,AGL,CE,Federal Contract Tower,0,1,20,1,22,1,2,71,1,75,1,3,91,2,97,62,1,63,160
10/10/2008,JXN,MI,AGL,CE,Federal Contract Tower,0,0,24,4,28,0,0,80,0,80,0,0,104,4,108,56,0,56,164
10/11/2008,JXN,MI,AGL,CE,Federal Contract Tower,0,0,14,0,14,0,2,109,0,111,0,2,123,0,125,82,0,82,207
10/12/2008,JXN,MI,AGL,CE,Federal Contract Tower,0,0,25,0,25,0,0,137,0,137,0,0,162,0,162,74,0,74,236
10/13/2008,JXN,MI,AGL,CE,Federal Contract Tower,0,2,15,0,17,0,3,50,0,53,0,5,65,0,70,52,0,52,122
10/14/2008,JXN,MI,AGL,CE,Federal Contract Tower,0,0,12,0,12,0,2,69,0,71,0,2,81,0,83,48,0,48,131
10/15/2008,JXN,MI,AGL,CE,Federal Contract Tower,0,0,38,0,38,0,2,48,0,50,0,2,86,0,88,36,0,36,124
10/16/2008,JXN,MI,AGL,CE,Federal Contract Tower,0,0,21,0,21,0,0,79,0,79,0,0,100,0,100,28,0,28,128
10/17/2008,JXN,MI,AGL,CE,Federal Contract Tower,0,4,13,3,20,0,4,71,3,78,0,8,84,6,98,80,4,84,182
10/18/2008,JXN,MI,AGL,CE,Federal Contract Tower,0,0,22,0,22,0,3,138,0,141,0,3,160,0,163,9,0,9,172
10/19/2008,JXN,MI,AGL,CE,Federal Contract Tower,0,0,21,0,21,0,0,132,0,132,0,0,153,0,153,78,0,78,231
10/20/2008,JXN,MI,AGL,CE,Federal Contract Tower,0,0,11,0,11,0,0,59,0,59,0,0,70,0,70,48,0,48,118
10/21/2008,JXN,MI,AGL,CE,Federal Contract Tower,0,0,9,0,9,0,2,70,0,72,0,2,79,0,81,118,0,118,199
10/22/2008,JXN,MI,AGL,CE,Federal Contract Tower,0,0,15,2,17,0,2,101,0,103,0,2,116,2,120,148,0,148,268
10/23/2008,JXN,MI,AGL,CE,Federal Contract Tower,0,2,22,2,26,0,2,52,2,56,0,4,74,4,82,42,0,42,124
10/24/2008,JXN,MI,AGL,CE,Federal Contract Tower,0,2,27,0,29,0,2,12,0,14,0,4,39,0,43,18,0,18,61
10/25/2008,JXN,MI,AGL,CE,Federal Contract Tower,0,0,15,0,15,0,0,18,0,18,0,0,33,0,33,8,0,8,41
10/26/2008,JXN,MI,AGL,CE,Federal Contract Tower,0,0,2,0,2,0,0,59,0,59,0,0,61,0,61,14,0,14,75
10/27/2008,JXN,MI,AGL,CE,Federal Contract Tower,0,0,4,0,4,0,0,14,0,14,0,0,18,0,18,0,0,0,18
10/28/2008,JXN,MI,AGL,CE,Federal Contract Tower,0,0,6,0,6,0,0,15,0,15,0,0,21,0,21,30,0,30,51
10/29/2008,JXN,MI,AGL,CE,Federal Contract Tower,0,0,15,0,15,0,0,34,0,34,0,0,49,0,49,84,0,84,133
10/30/2008,JXN,MI,AGL,CE,Federal Contract Tower,0,0,21,0,21,0,3,70,0,73,0,3,91,0,94,70,0,70,164
10/31/2008,JXN,MI,AGL,CE,Federal Contract Tower,0,2,17,0,19,0,6,69,0,75,0,8,86,0,94,64,0,64,158
11/01/2008,JXN,MI,AGL,CE,Federal Contract Tower,0,0,19,0,19,0,0,155,0,155,0,0,174,0,174,80,0,80,254
11/02/2008,JXN,MI,AGL,CE,Federal Contract Tower,0,0,33,0,33,0,0,86,0,86,0,0,119,0,119,18,0,18,137
11/03/2008,JXN,MI,AGL,CE,Federal Contract Tower,0,0,17,0,17,0,0,71,0,71,0,0,88,0,88,54,0,54,142
11/04/2008,JXN,MI,AGL,CE,Federal Contract Tower,0,1,8,1,10,0,9,85,1,95,0,10,93,2,105,90,0,90,195
11/05/2008,JXN,MI,AGL,CE,Federal Contract Tower,0,0,37,0,37,0,1,71,0,72,0,1,108,0,109,114,0,114,223
11/06/2008,JXN,MI,AGL,CE,Federal Contract Tower,0,2,23,4,29,0,0,71,0,71,0,2,94,4,100,60,0,60,160
11/07/2008,JXN,MI,AGL,CE,Federal Contract Tower,0,0,11,0,11,0,0,40,0,40,0,0,51,0,51,138,0,138,189
11/08/2008,JXN,MI,AGL,CE,Federal Contract Tower,0,0,9,0,9,0,0,4,0,4,0,0,13,0,13,0,0,0,13
11/09/2008,JXN,MI,AGL,CE,Federal Contract Tower,0,0,0,0,0,0,0,3,0,3,0,0,3,0,3,0,0,0,3
11/10/2008,JXN,MI,AGL,CE,Federal Contract Tower,0,0,5,0,5,0,0,13,0,13,0,0,18,0,18,10,0,10,28
11/11/2008,JXN,MI,AGL,CE,Federal Contract Tower,0,0,5,0,5,0,4,32,0,36,0,4,37,0,41,30,0,30,71
11/12/2008,JXN,MI,AGL,CE,Federal Contract Tower,0,0,22,0,22,0,0,36,0,36,0,0,58,0,58,76,0,76,134
11/13/2008,JXN,MI,AGL,CE,Federal Contract Tower,0,0,20,0,20,0,0,11,0,11,0,0,31,0,31,10,0,10,41
11/14/2008,JXN,MI,AGL,CE,Federal Contract Tower,0,0,34,0,34,0,0,0,0,0,0,0,34,0,34,0,0,0,34
11/15/2008,JXN,MI,AGL,CE,Federal Contract Tower,0,0,0,0,0,0,0,0,0,0,0,0,0,0,0,0,0,0,0
11/16/2008,JXN,MI,AGL,CE,Federal Contract Tower,0,0,3,0,3,0,0,0,0,0,0,0,3,0,3,0,0,0,3
11/17/2008,JXN,MI,AGL,CE,Federal Contract Tower,0,0,4,0,4,0,2,9,0,11,0,2,13,0,15,16,0,16,31
11/18/2008,JXN,MI,AGL,CE,Federal Contract Tower,0,0,25,0,25,0,2,40,0,42,0,2,65,0,67,30,0,30,97
11/19/2008,JXN,MI,AGL,CE,Federal Contract Tower,0,2,13,2,17,0,0,56,0,56,0,2,69,2,73,84,0,84,157
11/20/2008,JXN,MI,AGL,CE,Federal Contract Tower,0,0,4,0,4,0,0,0,0,0,0,0,4,0,4,0,0,0,4
11/21/2008,JXN,MI,AGL,CE,Federal Contract Tower,0,0,17,0,17,0,2,48,0,50,0,2,65,0,67,76,0,76,143
11/22/2008,JXN,MI,AGL,CE,Federal Contract Tower,0,0,44,0,44,0,0,131,0,131,0,0,175,0,175,60,0,60,235
11/23/2008,JXN,MI,AGL,CE,Federal Contract Tower,0,0,32,0,32,0,0,124,0,124,0,0,156,0,156,32,0,32,188
11/24/2008,JXN,MI,AGL,CE,Federal Contract Tower,0,0,3,0,3,0,0,2,0,2,0,0,5,0,5,0,0,0,5
11/25/2008,JXN,MI,AGL,CE,Federal Contract Tower,0,4,6,0,10,0,0,2,0,2,0,4,8,0,12,2,0,2,14
11/26/2008,JXN,MI,AGL,CE,Federal Contract Tower,0,2,24,0,26,0,2,67,0,69,0,4,91,0,95,66,0,66,161
11/27/2008,JXN,MI,AGL,CE,Federal Contract Tower,0,0,9,0,9,0,0,21,0,21,0,0,30,0,30,4,0,4,34
11/28/2008,JXN,MI,AGL,CE,Federal Contract Tower,0,0,12,0,12,0,0,50,0,50,0,0,62,0,62,22,0,22,84
11/29/2008,JXN,MI,AGL,CE,Federal Contract Tower,0,0,26,0,26,0,0,149,0,149,0,0,175,0,175,72,0,72,247
11/30/2008,JXN,MI,AGL,CE,Federal Contract Tower,0,1,10,0,11,0,0,33,0,33,0,1,43,0,44,8,0,8,52
12/01/2008,JXN,MI,AGL,CE,Federal Contract Tower,0,1,1,0,2,0,0,0,0,0,0,1,1,0,2,0,0,0,2
12/02/2008,JXN,MI,AGL,CE,Federal Contract Tower,0,0,16,0,16,0,2,23,0,25,0,2,39,0,41,98,0,98,139
12/03/2008,JXN,MI,AGL,CE,Federal Contract Tower,0,0,20,0,20,0,4,46,0,50,0,4,66,0,70,108,0,108,178
12/04/2008,JXN,MI,AGL,CE,Federal Contract Tower,0,0,8,0,8,0,0,0,0,0,0,0,8,0,8,16,0,16,24
12/05/2008,JXN,MI,AGL,CE,Federal Contract Tower,16,0,5,0,21,0,2,45,0,47,16,2,50,0,68,104,0,104,172
12/06/2008,JXN,MI,AGL,CE,Federal Contract Tower,0,0,0,0,0,0,0,0,0,0,0,0,0,0,0,0,0,0,0
12/07/2008,JXN,MI,AGL,CE,Federal Contract Tower,0,0,15,0,15,0,0,40,0,40,0,0,55,0,55,16,0,16,71
12/08/2008,JXN,MI,AGL,CE,Federal Contract Tower,0,0,27,0,27,0,0,13,0,13,0,0,40,0,40,10,0,10,50
12/09/2008,JXN,MI,AGL,CE,Federal Contract Tower,0,0,19,0,19,0,0,0,0,0,0,0,19,0,19,0,0,0,19
12/10/2008,JXN,MI,AGL,CE,Federal Contract Tower,0,0,18,0,18,0,1,19,0,20,0,1,37,0,38,64,0,64,102
12/11/2008,JXN,MI,AGL,CE,Federal Contract Tower,0,1,18,0,19,0,3,59,0,62,0,4,77,0,81,110,0,110,191
12/12/2008,JXN,MI,AGL,CE,Federal Contract Tower,0,0,18,0,18,0,0,53,0,53,0,0,71,0,71,74,0,74,145
12/13/2008,JXN,MI,AGL,CE,Federal Contract Tower,0,0,23,0,23,0,1,70,0,71,0,1,93,0,94,10,0,10,104
12/14/2008,JXN,MI,AGL,CE,Federal Contract Tower,0,0,0,0,0,0,0,4,0,4,0,0,4,0,4,2,0,2,6
12/15/2008,JXN,MI,AGL,CE,Federal Contract Tower,0,2,1,0,3,0,0,2,0,2,0,2,3,0,5,2,0,2,7
12/16/2008,JXN,MI,AGL,CE,Federal Contract Tower,0,0,15,0,15,0,36,47,0,83,0,36,62,0,98,60,0,60,158
12/17/2008,JXN,MI,AGL,CE,Federal Contract Tower,0,0,5,0,5,0,0,0,0,0,0,0,5,0,5,18,0,18,23
12/18/2008,JXN,MI,AGL,CE,Federal Contract Tower,0,0,33,0,33,0,2,56,0,58,0,2,89,0,91,82,0,82,173
12/19/2008,JXN,MI,AGL,CE,Federal Contract Tower,0,0,0,0,0,0,0,0,0,0,0,0,0,0,0,0,0,0,0
12/20/2008,JXN,MI,AGL,CE,Federal Contract Tower,0,0,15,0,15,0,0,16,0,16,0,0,31,0,31,0,0,0,31
12/21/2008,JXN,MI,AGL,CE,Federal Contract Tower,0,0,1,0,1,0,0,0,0,0,0,0,1,0,1,0,0,0,1
12/22/2008,JXN,MI,AGL,CE,Federal Contract Tower,12,2,3,0,17,1,0,14,0,15,13,2,17,0,32,42,0,42,74
12/23/2008,JXN,MI,AGL,CE,Federal Contract Tower,0,0,4,0,4,0,0,43,0,43,0,0,47,0,47,64,0,64,111
12/24/2008,JXN,MI,AGL,CE,Federal Contract Tower,0,0,0,0,0,0,0,51,0,51,0,0,51,0,51,68,0,68,119
12/25/2008,JXN,MI,AGL,CE,Federal Contract Tower,0,0,2,0,2,0,2,6,0,8,0,2,8,0,10,12,0,12,22
12/26/2008,JXN,MI,AGL,CE,Federal Contract Tower,0,0,1,0,1,0,0,32,0,32,0,0,33,0,33,20,0,20,53
12/27/2008,JXN,MI,AGL,CE,Federal Contract Tower,0,0,2,0,2,0,0,51,0,51,0,0,53,0,53,4,0,4,57
12/28/2008,JXN,MI,AGL,CE,Federal Contract Tower,0,0,0,0,0,0,0,36,0,36,0,0,36,0,36,14,0,14,50
12/29/2008,JXN,MI,AGL,CE,Federal Contract Tower,0,0,13,0,13,0,0,66,0,66,0,0,79,0,79,46,0,46,125
12/30/2008,JXN,MI,AGL,CE,Federal Contract Tower,0,0,14,0,14,0,0,86,0,86,0,0,100,0,100,72,0,72,172
12/31/2008,JXN,MI,AGL,CE,Federal Contract Tower,0,0,4,0,4,0,0,18,2,20,0,0,22,2,24,0,0,0,24
01/01/2009,JXN,MI,AGL,CE,Federal Contract Tower,0,0,5,0,5,0,0,62,0,62,0,0,67,0,67,50,0,50,117
01/02/2009,JXN,MI,AGL,CE,Federal Contract Tower,0,1,3,0,4,0,0,36,0,36,0,1,39,0,40,26,0,26,66
01/03/2009,JXN,MI,AGL,CE,Federal Contract Tower,0,2,35,0,37,0,0,163,0,163,0,2,198,0,200,36,0,36,236
01/04/2009,JXN,MI,AGL,CE,Federal Contract Tower,0,1,0,0,1,0,0,0,0,0,0,1,0,0,1,0,0,0,1
01/05/2009,JXN,MI,AGL,CE,Federal Contract Tower,0,0,10,0,10,0,0,64,0,64,0,0,74,0,74,66,0,66,140
01/06/2009,JXN,MI,AGL,CE,Federal Contract Tower,0,0,7,0,7,0,0,59,0,59,0,0,66,0,66,66,0,66,132
01/07/2009,JXN,MI,AGL,CE,Federal Contract Tower,0,0,2,0,2,0,0,23,0,23,0,0,25,0,25,26,0,26,51
01/08/2009,JXN,MI,AGL,CE,Federal Contract Tower,0,0,15,0,15,0,0,8,0,8,0,0,23,0,23,22,0,22,45
01/09/2009,JXN,MI,AGL,CE,Federal Contract Tower,0,0,5,0,5,0,0,0,0,0,0,0,5,0,5,0,0,0,5
01/10/2009,JXN,MI,AGL,CE,Federal Contract Tower,0,0,2,0,2,0,0,0,0,0,0,0,2,0,2,0,0,0,2
01/11/2009,JXN,MI,AGL,CE,Federal Contract Tower,0,0,6,0,6,0,0,9,0,9,0,0,15,0,15,14,0,14,29
01/12/2009,JXN,MI,AGL,CE,Federal Contract Tower,0,0,10,0,10,0,2,6,0,8,0,2,16,0,18,18,0,18,36
01/13/2009,JXN,MI,AGL,CE,Federal Contract Tower,0,0,6,0,6,0,2,43,0,45,0,2,49,0,51,90,0,90,141
01/14/2009,JXN,MI,AGL,CE,Federal Contract Tower,0,0,1,0,1,0,0,4,0,4,0,0,5,0,5,10,0,10,15
01/15/2009,JXN,MI,AGL,CE,Federal Contract Tower,0,0,28,0,28,0,0,12,0,12,0,0,40,0,40,60,0,60,100
01/16/2009,JXN,MI,AGL,CE,Federal Contract Tower,0,0,16,0,16,0,0,40,0,40,0,0,56,0,56,66,0,66,122
01/17/2009,JXN,MI,AGL,CE,Federal Contract Tower,0,0,0,0,0,0,0,1,0,1,0,0,1,0,1,0,0,0,1
01/18/2009,JXN,MI,AGL,CE,Federal Contract Tower,0,0,8,0,8,0,0,1,0,1,0,0,9,0,9,0,0,0,9
01/19/2009,JXN,MI,AGL,CE,Federal Contract Tower,0,0,10,0,10,0,2,16,0,18,0,2,26,0,28,50,0,50,78
01/20/2009,JXN,MI,AGL,CE,Federal Contract Tower,0,0,13,0,13,0,2,68,0,70,0,2,81,0,83,66,0,66,149
01/21/2009,JXN,MI,AGL,CE,Federal Contract Tower,0,0,15,0,15,0,1,63,0,64,0,1,78,0,79,70,0,70,149
01/22/2009,JXN,MI,AGL,CE,Federal Contract Tower,0,0,4,0,4,0,0,12,0,12,0,0,16,0,16,8,0,8,24
01/23/2009,JXN,MI,AGL,CE,Federal Contract Tower,0,0,14,0,14,0,3,13,0,16,0,3,27,0,30,44,0,44,74
01/24/2009,JXN,MI,AGL,CE,Federal Contract Tower,0,0,17,0,17,0,2,106,0,108,0,2,123,0,125,64,0,64,189
01/25/2009,JXN,MI,AGL,CE,Federal Contract Tower,0,0,27,0,27,0,0,0,0,0,0,0,27,0,27,50,0,50,77
01/26/2009,JXN,MI,AGL,CE,Federal Contract Tower,0,0,14,2,16,0,2,50,0,52,0,2,64,2,68,86,6,92,160
01/27/2009,JXN,MI,AGL,CE,Federal Contract Tower,0,1,8,0,9,0,3,57,0,60,0,4,65,0,69,78,0,78,147
01/28/2009,JXN,MI,AGL,CE,Federal Contract Tower,0,0,12,0,12,0,0,20,0,20,0,0,32,0,32,58,0,58,90
01/29/2009,JXN,MI,AGL,CE,Federal Contract Tower,0,1,3,0,4,0,0,3,0,3,0,1,6,0,7,0,0,0,7
01/30/2009,JXN,MI,AGL,CE,Federal Contract Tower,0,0,6,0,6,0,3,1,0,4,0,3,7,0,10,0,0,0,10
01/31/2009,JXN,MI,AGL,CE,Federal Contract Tower,0,0,5,0,5,0,0,48,2,50,0,0,53,2,55,58,0,58,113
02/01/2009,JXN,MI,AGL,CE,Federal Contract Tower,0,0,27,0,27,0,0,111,0,111,0,0,138,0,138,58,0,58,196
02/02/2009,JXN,MI,AGL,CE,Federal Contract Tower,0,0,3,0,3,0,0,19,0,19,0,0,22,0,22,64,0,64,86
02/03/2009,JXN,MI,AGL,CE,Federal Contract Tower,0,2,12,0,14,0,0,19,2,21,0,2,31,2,35,48,2,50,85
02/04/2009,JXN,MI,AGL,CE,Federal Contract Tower,0,0,18,0,18,0,0,49,0,49,0,0,67,0,67,94,0,94,161
02/05/2009,JXN,MI,AGL,CE,Federal Contract Tower,0,0,5,0,5,0,0,45,0,45,0,0,50,0,50,76,0,76,126
02/06/2009,JXN,MI,AGL,CE,Federal Contract Tower,0,0,35,2,37,0,4,62,0,66,0,4,97,2,103,64,0,64,167
02/07/2009,JXN,MI,AGL,CE,Federal Contract Tower,0,0,8,0,8,0,0,15,0,15,0,0,23,0,23,18,0,18,41
02/08/2009,JXN,MI,AGL,CE,Federal Contract Tower,0,0,53,0,53,0,2,143,0,145,0,2,196,0,198,86,0,86,284
02/09/2009,JXN,MI,AGL,CE,Federal Contract Tower,0,0,19,0,19,0,0,65,0,65,0,0,84,0,84,96,0,96,180
02/10/2009,JXN,MI,AGL,CE,Federal Contract Tower,0,0,6,0,6,0,3,57,1,61,0,3,63,1,67,74,0,74,141
02/11/2009,JXN,MI,AGL,CE,Federal Contract Tower,0,0,0,0,0,0,0,0,0,0,0,0,0,0,0,0,0,0,0
02/12/2009,JXN,MI,AGL,CE,Federal Contract Tower,0,0,7,0,7,0,1,14,0,15,0,1,21,0,22,62,0,62,84
02/13/2009,JXN,MI,AGL,CE,Federal Contract Tower,0,0,15,0,15,0,2,34,0,36,0,2,49,0,51,14,0,14,65
02/14/2009,JXN,MI,AGL,CE,Federal Contract Tower,0,0,0,0,0,0,0,8,0,8,0,0,8,0,8,0,0,0,8
02/15/2009,JXN,MI,AGL,CE,Federal Contract Tower,0,0,24,0,24,0,0,83,0,83,0,0,107,0,107,82,0,82,189
02/16/2009,JXN,MI,AGL,CE,Federal Contract Tower,0,0,38,0,38,0,0,81,0,81,0,0,119,0,119,112,0,112,231
02/17/2009,JXN,MI,AGL,CE,Federal Contract Tower,0,0,14,0,14,0,2,62,0,64,0,2,76,0,78,86,0,86,164
02/18/2009,JXN,MI,AGL,CE,Federal Contract Tower,0,0,2,0,2,0,0,0,0,0,0,0,2,0,2,0,0,0,2
02/19/2009,JXN,MI,AGL,CE,Federal Contract Tower,0,0,0,0,0,0,0,7,2,9,0,0,7,2,9,46,0,46,55
02/20/2009,JXN,MI,AGL,CE,Federal Contract Tower,0,0,24,0,24,0,2,18,0,20,0,2,42,0,44,104,0,104,148
02/21/2009,JXN,MI,AGL,CE,Federal Contract Tower,0,0,1,0,1,0,2,4,0,6,0,2,5,0,7,8,0,8,15
02/22/2009,JXN,MI,AGL,CE,Federal Contract Tower,0,0,21,0,21,0,0,9,0,9,0,0,30,0,30,12,0,12,42
02/23/2009,JXN,MI,AGL,CE,Federal Contract Tower,0,0,13,0,13,0,1,69,0,70,0,1,82,0,83,80,0,80,163
02/24/2009,JXN,MI,AGL,CE,Federal Contract Tower,0,0,11,0,11,0,9,70,2,81,0,9,81,2,92,94,0,94,186
02/25/2009,JXN,MI,AGL,CE,Federal Contract Tower,0,0,15,0,15,0,2,30,0,32,0,2,45,0,47,108,0,108,155
02/26/2009,JXN,MI,AGL,CE,Federal Contract Tower,0,9,7,0,16,0,2,33,0,35,0,11,40,0,51,118,0,118,169
02/27/2009,JXN,MI,AGL,CE,Federal Contract Tower,0,2,6,0,8,0,0,6,0,6,0,2,12,0,14,0,0,0,14
02/28/2009,JXN,MI,AGL,CE,Federal Contract Tower,0,0,21,0,21,0,0,112,0,112,0,0,133,0,133,52,0,52,185
03/01/2009,JXN,MI,AGL,CE,Federal Contract Tower,0,0,26,0,26,0,0,62,0,62,0,0,88,0,88,20,0,20,108
03/02/2009,JXN,MI,AGL,CE,Federal Contract Tower,0,0,9,0,9,0,0,48,0,48,0,0,57,0,57,48,0,48,105
03/03/2009,JXN,MI,AGL,CE,Federal Contract Tower,0,0,17,0,17,0,0,84,0,84,0,0,101,0,101,66,0,66,167
03/04/2009,JXN,MI,AGL,CE,Federal Contract Tower,0,0,18,0,18,0,0,79,0,79,0,0,97,0,97,74,0,74,171
03/05/2009,JXN,MI,AGL,CE,Federal Contract Tower,0,0,18,0,18,0,0,41,0,41,0,0,59,0,59,80,0,80,139
03/06/2009,JXN,MI,AGL,CE,Federal Contract Tower,0,0,7,1,8,0,0,73,1,74,0,0,80,2,82,124,0,124,206
03/07/2009,JXN,MI,AGL,CE,Federal Contract Tower,0,0,0,0,0,0,0,0,0,0,0,0,0,0,0,0,0,0,0
03/08/2009,JXN,MI,AGL,CE,Federal Contract Tower,0,0,0,0,0,0,0,22,0,22,0,0,22,0,22,0,0,0,22
03/09/2009,JXN,MI,AGL,CE,Federal Contract Tower,0,0,17,0,17,0,0,42,0,42,0,0,59,0,59,10,0,10,69
03/10/2009,JXN,MI,AGL,CE,Federal Contract Tower,0,0,16,0,16,0,0,0,0,0,0,0,16,0,16,0,0,0,16
03/11/2009,JXN,MI,AGL,CE,Federal Contract Tower,0,2,0,0,2,0,2,19,0,21,0,4,19,0,23,62,0,62,85
03/12/2009,JXN,MI,AGL,CE,Federal Contract Tower,0,0,27,0,27,0,4,29,0,33,0,4,56,0,60,72,0,72,132
03/13/2009,JXN,MI,AGL,CE,Federal Contract Tower,0,0,38,0,38,0,0,1,0,1,0,0,39,0,39,94,0,94,133
03/14/2009,JXN,MI,AGL,CE,Federal Contract Tower,0,0,28,0,28,0,6,190,0,196,0,6,218,0,224,86,0,86,310
03/15/2009,JXN,MI,AGL,CE,Federal Contract Tower,0,0,19,0,19,0,2,183,0,185,0,2,202,0,204,56,0,56,260
03/16/2009,JXN,MI,AGL,CE,Federal Contract Tower,0,0,25,0,25,0,2,69,0,71,0,2,94,0,96,114,0,114,210
03/17/2009,JXN,MI,AGL,CE,Federal Contract Tower,0,1,33,0,34,0,3,73,0,76,0,4,106,0,110,58,0,58,168
03/18/2009,JXN,MI,AGL,CE,Federal Contract Tower,0,1,15,0,16,0,0,19,0,19,0,1,34,0,35,66,0,66,101
03/19/2009,JXN,MI,AGL,CE,Federal Contract Tower,0,0,21,0,21,0,2,62,0,64,0,2,83,0,85,96,0,96,181
03/20/2009,JXN,MI,AGL,CE,Federal Contract Tower,0,0,20,0,20,0,0,134,0,134,0,0,154,0,154,128,0,128,282
03/21/2009,JXN,MI,AGL,CE,Federal Contract Tower,0,0,18,0,18,0,0,117,0,117,0,0,135,0,135,68,0,68,203
03/22/2009,JXN,MI,AGL,CE,Federal Contract Tower,0,0,22,0,22,0,0,98,0,98,0,0,120,0,120,56,0,56,176
03/23/2009,JXN,MI,AGL,CE,Federal Contract Tower,0,0,5,0,5,0,2,45,0,47,0,2,50,0,52,86,0,86,138
03/24/2009,JXN,MI,AGL,CE,Federal Contract Tower,0,0,0,0,0,0,0,39,0,39,0,0,39,0,39,28,0,28,67
03/25/2009,JXN,MI,AGL,CE,Federal Contract Tower,0,0,21,0,21,0,0,11,0,11,0,0,32,0,32,28,0,28,60
03/26/2009,JXN,MI,AGL,CE,Federal Contract Tower,0,0,29,0,29,0,0,52,0,52,0,0,81,0,81,108,0,108,189
03/27/2009,JXN,MI,AGL,CE,Federal Contract Tower,0,0,18,0,18,0,0,90,0,90,0,0,108,0,108,78,0,78,186
03/28/2009,JXN,MI,AGL,CE,Federal Contract Tower,0,0,9,0,9,0,0,114,0,114,0,0,123,0,123,44,0,44,167
03/29/2009,JXN,MI,AGL,CE,Federal Contract Tower,0,0,0,0,0,0,0,63,0,63,0,0,63,0,63,20,0,20,83
03/30/2009,JXN,MI,AGL,CE,Federal Contract Tower,0,0,11,0,11,0,0,73,0,73,0,0,84,0,84,124,0,124,208
03/31/2009,JXN,MI,AGL,CE,Federal Contract Tower,0,0,8,0,8,0,4,41,0,45,0,4,49,0,53,38,0,38,91
04/01/2009,JXN,MI,AGL,CE,Federal Contract Tower,0,0,12,0,12,0,0,11,0,11,0,0,23,0,23,4,0,4,27
04/02/2009,JXN,MI,AGL,CE,Federal Contract Tower,0,0,16,1,17,0,0,44,1,45,0,0,60,2,62,24,0,24,86
04/03/2009,JXN,MI,AGL,CE,Federal Contract Tower,0,2,18,0,20,0,0,22,0,22,0,2,40,0,42,20,0,20,62
04/04/2009,JXN,MI,AGL,CE,Federal Contract Tower,0,0,15,0,15,0,0,121,0,121,0,0,136,0,136,34,0,34,170
04/05/2009,JXN,MI,AGL,CE,Federal Contract Tower,0,0,8,0,8,0,0,72,0,72,0,0,80,0,80,38,0,38,118
04/06/2009,JXN,MI,AGL,CE,Federal Contract Tower,0,0,2,0,2,0,0,0,0,0,0,0,2,0,2,0,0,0,2
04/07/2009,JXN,MI,AGL,CE,Federal Contract Tower,0,0,2,0,2,0,2,8,0,10,0,2,10,0,12,32,0,32,44
04/08/2009,JXN,MI,AGL,CE,Federal Contract Tower,0,0,25,0,25,0,2,49,0,51,0,2,74,0,76,90,0,90,166
04/09/2009,JXN,MI,AGL,CE,Federal Contract Tower,0,8,33,0,41,0,3,117,0,120,0,11,150,0,161,110,0,110,271
04/10/2009,JXN,MI,AGL,CE,Federal Contract Tower,0,0,7,0,7,0,2,76,0,78,0,2,83,0,85,106,0,106,191
04/11/2009,JXN,MI,AGL,CE,Federal Contract Tower,0,0,6,0,6,0,0,145,0,145,0,0,151,0,151,26,0,26,177
04/12/2009,JXN,MI,AGL,CE,Federal Contract Tower,0,0,6,0,6,0,0,74,0,74,0,0,80,0,80,14,0,14,94
04/13/2009,JXN,MI,AGL,CE,Federal Contract Tower,0,0,11,0,11,0,0,11,0,11,0,0,22,0,22,0,0,0,22
04/14/2009,JXN,MI,AGL,CE,Federal Contract Tower,0,0,13,0,13,0,0,1,0,1,0,0,14,0,14,0,0,0,14
04/15/2009,JXN,MI,AGL,CE,Federal Contract Tower,0,0,14,0,14,0,2,71,0,73,0,2,85,0,87,78,0,78,165
04/16/2009,JXN,MI,AGL,CE,Federal Contract Tower,0,0,21,0,21,0,0,150,4,154,0,0,171,4,175,100,0,100,275
04/17/2009,JXN,MI,AGL,CE,Federal Contract Tower,0,0,37,0,37,0,0,151,0,151,0,0,188,0,188,102,0,102,290
04/18/2009,JXN,MI,AGL,CE,Federal Contract Tower,0,0,27,0,27,0,1,181,0,182,0,1,208,0,209,18,0,18,227
04/19/2009,JXN,MI,AGL,CE,Federal Contract Tower,0,0,5,0,5,0,0,36,0,36,0,0,41,0,41,10,0,10,51
04/20/2009,JXN,MI,AGL,CE,Federal Contract Tower,0,0,7,0,7,0,0,0,0,0,0,0,7,0,7,0,0,0,7
04/21/2009,JXN,MI,AGL,CE,Federal Contract Tower,0,0,2,0,2,0,0,1,0,1,0,0,3,0,3,42,0,42,45
04/22/2009,JXN,MI,AGL,CE,Federal Contract Tower,0,0,5,0,5,0,0,28,0,28,0,0,33,0,33,84,0,84,117
04/23/2009,JXN,MI,AGL,CE,Federal Contract Tower,0,0,34,0,34,0,0,128,0,128,0,0,162,0,162,126,0,126,288
04/24/2009,JXN,MI,AGL,CE,Federal Contract Tower,0,0,16,0,16,0,0,90,0,90,0,0,106,0,106,106,0,106,212
04/25/2009,JXN,MI,AGL,CE,Federal Contract Tower,0,2,1,0,3,0,0,57,0,57,0,2,58,0,60,20,0,20,80
04/26/2009,JXN,MI,AGL,CE,Federal Contract Tower,0,2,0,0,2,0,0,0,0,0,0,2,0,0,2,0,0,0,2
04/27/2009,JXN,MI,AGL,CE,Federal Contract Tower,0,0,0,0,0,0,0,8,0,8,0,0,8,0,8,0,0,0,8
04/28/2009,JXN,MI,AGL,CE,Federal Contract Tower,0,0,9,0,9,0,0,15,0,15,0,0,24,0,24,10,0,10,34
04/29/2009,JXN,MI,AGL,CE,Federal Contract Tower,0,0,18,0,18,0,0,67,0,67,0,0,85,0,85,88,0,88,173
04/30/2009,JXN,MI,AGL,CE,Federal Contract Tower,0,0,8,0,8,0,0,2,0,2,0,0,10,0,10,28,0,28,38
05/01/2009,JXN,MI,AGL,CE,Federal Contract Tower,0,1,16,0,17,0,0,77,0,77,0,1,93,0,94,106,0,106,200
05/02/2009,JXN,MI,AGL,CE,Federal Contract Tower,0,1,5,0,6,0,0,124,0,124,0,1,129,0,130,28,0,28,158
05/03/2009,JXN,MI,AGL,CE,Federal Contract Tower,0,1,53,0,54,0,0,134,0,134,0,1,187,0,188,30,0,30,218
05/04/2009,JXN,MI,AGL,CE,Federal Contract Tower,0,1,17,0,18,2,0,87,0,89,2,1,104,0,107,98,0,98,205
05/05/2009,JXN,MI,AGL,CE,Federal Contract Tower,0,0,24,0,24,0,1,92,0,93,0,1,116,0,117,108,0,108,225
05/06/2009,JXN,MI,AGL,CE,Federal Contract Tower,0,1,8,0,9,0,0,68,0,68,0,1,76,0,77,136,0,136,213
05/07/2009,JXN,MI,AGL,CE,Federal Contract Tower,0,0,16,0,16,0,0,51,0,51,0,0,67,0,67,104,0,104,171
05/08/2009,JXN,MI,AGL,CE,Federal Contract Tower,0,0,12,0,12,0,0,79,0,79,0,0,91,0,91,98,0,98,189
05/09/2009,JXN,MI,AGL,CE,Federal Contract Tower,0,1,9,0,10,0,0,9,0,9,0,1,18,0,19,0,0,0,19
05/10/2009,JXN,MI,AGL,CE,Federal Contract Tower,0,0,18,0,18,0,0,60,0,60,0,0,78,0,78,10,0,10,88
05/11/2009,JXN,MI,AGL,CE,Federal Contract Tower,0,0,26,0,26,0,0,85,1,86,0,0,111,1,112,80,0,80,192
05/12/2009,JXN,MI,AGL,CE,Federal Contract Tower,0,0,11,0,11,0,3,106,0,109,0,3,117,0,120,104,0,104,224
05/13/2009,JXN,MI,AGL,CE,Federal Contract Tower,0,0,12,0,12,0,0,40,0,40,0,0,52,0,52,52,0,52,104
05/14/2009,JXN,MI,AGL,CE,Federal Contract Tower,0,3,4,0,7,0,4,38,0,42,0,7,42,0,49,48,0,48,97
05/15/2009,JXN,MI,AGL,CE,Federal Contract Tower,0,0,9,0,9,0,3,69,0,72,0,3,78,0,81,52,0,52,133
05/16/2009,JXN,MI,AGL,CE,Federal Contract Tower,0,0,18,0,18,0,0,7,2,9,0,0,25,2,27,0,0,0,27
05/17/2009,JXN,MI,AGL,CE,Federal Contract Tower,0,0,15,0,15,0,0,127,0,127,0,0,142,0,142,46,0,46,188
05/18/2009,JXN,MI,AGL,CE,Federal Contract Tower,0,0,20,0,20,0,2,103,0,105,0,2,123,0,125,108,0,108,233
05/19/2009,JXN,MI,AGL,CE,Federal Contract Tower,0,0,17,0,17,0,0,80,0,80,0,0,97,0,97,104,0,104,201
05/20/2009,JXN,MI,AGL,CE,Federal Contract Tower,0,0,24,0,24,0,0,99,0,99,0,0,123,0,123,68,0,68,191
05/21/2009,JXN,MI,AGL,CE,Federal Contract Tower,0,0,13,1,14,0,0,99,1,100,0,0,112,2,114,82,0,82,196
05/22/2009,JXN,MI,AGL,CE,Federal Contract Tower,0,0,16,0,16,0,0,78,0,78,0,0,94,0,94,66,0,66,160
05/23/2009,JXN,MI,AGL,CE,Federal Contract Tower,0,0,12,0,12,0,0,116,0,116,0,0,128,0,128,12,0,12,140
05/24/2009,JXN,MI,AGL,CE,Federal Contract Tower,0,0,17,0,17,0,2,32,0,34,0,2,49,0,51,18,0,18,69
05/25/2009,JXN,MI,AGL,CE,Federal Contract Tower,0,0,11,0,11,0,0,118,0,118,0,0,129,0,129,58,0,58,187
05/26/2009,JXN,MI,AGL,CE,Federal Contract Tower,0,0,17,0,17,0,4,60,0,64,0,4,77,0,81,78,0,78,159
05/27/2009,JXN,MI,AGL,CE,Federal Contract Tower,0,0,9,2,11,0,0,4,0,4,0,0,13,2,15,20,0,20,35
05/28/2009,JXN,MI,AGL,CE,Federal Contract Tower,0,0,41,0,41,0,1,21,0,22,0,1,62,0,63,66,0,66,129
05/29/2009,JXN,MI,AGL,CE,Federal Contract Tower,0,1,25,0,26,0,7,73,0,80,0,8,98,0,106,106,0,106,212
05/30/2009,JXN,MI,AGL,CE,Federal Contract Tower,0,0,32,0,32,0,0,71,0,71,0,0,103,0,103,40,0,40,143
05/31/2009,JXN,MI,AGL,CE,Federal Contract Tower,0,0,40,0,40,0,2,130,0,132,0,2,170,0,172,66,0,66,238
06/01/2009,JXN,MI,AGL,CE,Federal Contract Tower,0,0,13,0,13,0,0,41,0,41,0,0,54,0,54,126,0,126,180
06/02/2009,JXN,MI,AGL,CE,Federal Contract Tower,0,1,22,0,23,0,0,49,0,49,0,1,71,0,72,74,0,74,146
06/03/2009,JXN,MI,AGL,CE,Federal Contract Tower,0,0,25,0,25,0,0,79,0,79,0,0,104,0,104,108,0,108,212
06/04/2009,JXN,MI,AGL,CE,Federal Contract Tower,0,0,26,0,26,0,2,88,0,90,0,2,114,0,116,80,0,80,196
06/05/2009,JXN,MI,AGL,CE,Federal Contract Tower,0,0,30,0,30,0,1,83,0,84,0,1,113,0,114,92,0,92,206
06/06/2009,JXN,MI,AGL,CE,Federal Contract Tower,0,0,27,0,27,0,2,100,0,102,0,2,127,0,129,14,0,14,143
06/07/2009,JXN,MI,AGL,CE,Federal Contract Tower,0,0,11,0,11,0,0,58,0,58,0,0,69,0,69,10,0,10,79
06/08/2009,JXN,MI,AGL,CE,Federal Contract Tower,0,0,9,0,9,0,2,13,0,15,0,2,22,0,24,54,0,54,78
06/09/2009,JXN,MI,AGL,CE,Federal Contract Tower,0,0,25,0,25,0,2,53,0,55,0,2,78,0,80,80,0,80,160
06/10/2009,JXN,MI,AGL,CE,Federal Contract Tower,0,0,45,0,45,0,2,53,0,55,0,2,98,0,100,146,0,146,246
06/11/2009,JXN,MI,AGL,CE,Federal Contract Tower,0,3,38,0,41,0,2,7,0,9,0,5,45,0,50,36,0,36,86
06/12/2009,JXN,MI,AGL,CE,Federal Contract Tower,0,0,38,0,38,0,0,80,0,80,0,0,118,0,118,106,0,106,224
06/13/2009,JXN,MI,AGL,CE,Federal Contract Tower,0,3,25,0,28,0,0,90,0,90,0,3,115,0,118,86,0,86,204
06/14/2009,JXN,MI,AGL,CE,Federal Contract Tower,0,5,47,0,52,0,0,156,0,156,0,5,203,0,208,74,0,74,282
06/15/2009,JXN,MI,AGL,CE,Federal Contract Tower,0,0,20,4,24,0,1,69,0,70,0,1,89,4,94,124,0,124,218
06/16/2009,JXN,MI,AGL,CE,Federal Contract Tower,0,0,15,0,15,0,2,83,0,85,0,2,98,0,100,76,0,76,176
06/17/2009,JXN,MI,AGL,CE,Federal Contract Tower,0,0,27,0,27,0,0,28,0,28,0,0,55,0,55,24,0,24,79
06/18/2009,JXN,MI,AGL,CE,Federal Contract Tower,0,0,35,0,35,0,0,59,0,59,0,0,94,0,94,90,0,90,184
06/19/2009,JXN,MI,AGL,CE,Federal Contract Tower,0,0,7,0,7,0,0,12,0,12,0,0,19,0,19,36,0,36,55
06/20/2009,JXN,MI,AGL,CE,Federal Contract Tower,0,0,34,0,34,0,0,72,0,72,0,0,106,0,106,70,0,70,176
06/21/2009,JXN,MI,AGL,CE,Federal Contract Tower,0,0,9,0,9,0,0,104,0,104,0,0,113,0,113,74,0,74,187
06/22/2009,JXN,MI,AGL,CE,Federal Contract Tower,0,0,12,0,12,0,1,80,0,81,0,1,92,0,93,86,0,86,179
06/23/2009,JXN,MI,AGL,CE,Federal Contract Tower,0,0,21,0,21,0,2,98,0,100,0,2,119,0,121,98,0,98,219
06/24/2009,JXN,MI,AGL,CE,Federal Contract Tower,0,0,34,0,34,0,4,78,0,82,0,4,112,0,116,110,0,110,226
06/25/2009,JXN,MI,AGL,CE,Federal Contract Tower,0,0,7,0,7,0,0,31,0,31,0,0,38,0,38,64,0,64,102
06/26/2009,JXN,MI,AGL,CE,Federal Contract Tower,0,0,27,0,27,0,0,71,0,71,0,0,98,0,98,20,0,20,118
06/27/2009,JXN,MI,AGL,CE,Federal Contract Tower,0,0,22,0,22,0,4,128,0,132,0,4,150,0,154,56,0,56,210
06/28/2009,JXN,MI,AGL,CE,Federal Contract Tower,0,0,6,0,6,0,0,106,0,106,0,0,112,0,112,44,0,44,156
06/29/2009,JXN,MI,AGL,CE,Federal Contract Tower,0,0,21,0,21,0,2,50,0,52,0,2,71,0,73,74,0,74,147
06/30/2009,JXN,MI,AGL,CE,Federal Contract Tower,0,0,36,0,36,0,1,19,0,20,0,1,55,0,56,78,0,78,134
07/01/2009,JXN,MI,AGL,CE,Federal Contract Tower,0,0,12,0,12,0,0,26,0,26,0,0,38,0,38,96,0,96,134
07/02/2009,JXN,MI,AGL,CE,Federal Contract Tower,0,0,61,0,61,0,0,12,0,12,0,0,73,0,73,122,0,122,195
07/03/2009,JXN,MI,AGL,CE,Federal Contract Tower,0,0,22,0,22,0,0,102,0,102,0,0,124,0,124,68,0,68,192
07/04/2009,JXN,MI,AGL,CE,Federal Contract Tower,0,0,24,0,24,0,2,90,0,92,0,2,114,0,116,58,0,58,174
07/05/2009,JXN,MI,AGL,CE,Federal Contract Tower,0,0,11,0,11,0,0,112,0,112,0,0,123,0,123,50,0,50,173
07/06/2009,JXN,MI,AGL,CE,Federal Contract Tower,0,0,27,0,27,0,2,100,0,102,0,2,127,0,129,72,0,72,201
07/07/2009,JXN,MI,AGL,CE,Federal Contract Tower,0,0,16,0,16,0,3,103,0,106,0,3,119,0,122,106,0,106,228
07/08/2009,JXN,MI,AGL,CE,Federal Contract Tower,0,0,36,0,36,0,2,115,0,117,0,2,151,0,153,154,0,154,307
07/09/2009,JXN,MI,AGL,CE,Federal Contract Tower,0,0,13,0,13,0,3,126,2,131,0,3,139,2,144,84,0,84,228
07/10/2009,JXN,MI,AGL,CE,Federal Contract Tower,0,0,21,0,21,0,0,135,4,139,0,0,156,4,160,158,0,158,318
07/11/2009,JXN,MI,AGL,CE,Federal Contract Tower,0,0,7,0,7,0,0,145,0,145,0,0,152,0,152,98,0,98,250
07/12/2009,JXN,MI,AGL,CE,Federal Contract Tower,0,0,20,0,20,0,0,154,0,154,0,0,174,0,174,58,0,58,232
07/13/2009,JXN,MI,AGL,CE,Federal Contract Tower,0,0,10,0,10,0,1,60,4,65,0,1,70,4,75,28,0,28,103
07/14/2009,JXN,MI,AGL,CE,Federal Contract Tower,0,0,12,0,12,0,4,79,0,83,0,4,91,0,95,96,0,96,191
07/15/2009,JXN,MI,AGL,CE,Federal Contract Tower,0,0,16,0,16,0,0,37,0,37,0,0,53,0,53,94,0,94,147
07/16/2009,JXN,MI,AGL,CE,Federal Contract Tower,0,0,23,0,23,0,1,49,0,50,0,1,72,0,73,64,0,64,137
07/17/2009,JXN,MI,AGL,CE,Federal Contract Tower,0,0,9,0,9,0,0,146,0,146,0,0,155,0,155,232,0,232,387
07/18/2009,JXN,MI,AGL,CE,Federal Contract Tower,0,0,16,0,16,0,0,104,0,104,0,0,120,0,120,172,0,172,292
07/19/2009,JXN,MI,AGL,CE,Federal Contract Tower,0,0,7,0,7,0,0,130,0,130,0,0,137,0,137,26,0,26,163
07/20/2009,JXN,MI,AGL,CE,Federal Contract Tower,0,0,39,0,39,0,1,89,5,95,0,1,128,5,134,64,2,66,200
07/21/2009,JXN,MI,AGL,CE,Federal Contract Tower,0,0,12,0,12,0,0,35,0,35,0,0,47,0,47,92,0,92,139
07/22/2009,JXN,MI,AGL,CE,Federal Contract Tower,0,2,25,0,27,0,0,26,0,26,0,2,51,0,53,76,0,76,129
07/23/2009,JXN,MI,AGL,CE,Federal Contract Tower,0,1,18,0,19,0,0,40,0,40,0,1,58,0,59,90,0,90,149
07/24/2009,JXN,MI,AGL,CE,Federal Contract Tower,0,2,22,0,24,0,2,95,0,97,0,4,117,0,121,128,0,128,249
07/25/2009,JXN,MI,AGL,CE,Federal Contract Tower,0,6,6,0,12,0,13,78,0,91,0,19,84,0,103,44,0,44,147
07/26/2009,JXN,MI,AGL,CE,Federal Contract Tower,0,2,11,0,13,0,0,80,0,80,0,2,91,0,93,26,0,26,119
07/27/2009,JXN,MI,AGL,CE,Federal Contract Tower,0,4,25,0,29,0,3,69,0,72,0,7,94,0,101,32,0,32,133
07/28/2009,JXN,MI,AGL,CE,Federal Contract Tower,0,2,5,0,7,0,31,31,0,62,0,33,36,0,69,36,0,36,105
07/29/2009,JXN,MI,AGL,CE,Federal Contract Tower,0,0,24,0,24,0,0,48,0,48,0,0,72,0,72,58,0,58,130
07/30/2009,JXN,MI,AGL,CE,Federal Contract Tower,0,0,33,0,33,0,0,56,0,56,0,0,89,0,89,46,0,46,135
07/31/2009,JXN,MI,AGL,CE,Federal Contract Tower,0,0,16,0,16,0,0,69,0,69,0,0,85,0,85,88,0,88,173
08/01/2009,JXN,MI,AGL,CE,Federal Contract Tower,0,0,32,0,32,0,0,75,0,75,0,0,107,0,107,16,0,16,123
08/02/2009,JXN,MI,AGL,CE,Federal Contract Tower,0,0,17,0,17,0,0,109,0,109,0,0,126,0,126,46,0,46,172
08/03/2009,JXN,MI,AGL,CE,Federal Contract Tower,0,0,25,0,25,0,1,16,2,19,0,1,41,2,44,30,0,30,74
08/04/2009,JXN,MI,AGL,CE,Federal Contract Tower,0,2,26,0,28,0,1,28,0,29,0,3,54,0,57,96,0,96,153
08/05/2009,JXN,MI,AGL,CE,Federal Contract Tower,0,0,20,0,20,0,0,112,4,116,0,0,132,4,136,156,0,156,292
08/06/2009,JXN,MI,AGL,CE,Federal Contract Tower,0,0,33,4,37,0,0,87,0,87,0,0,120,4,124,168,0,168,292
08/07/2009,JXN,MI,AGL,CE,Federal Contract Tower,0,0,14,0,14,0,2,87,0,89,0,2,101,0,103,86,0,86,189
08/08/2009,JXN,MI,AGL,CE,Federal Contract Tower,0,0,7,0,7,0,0,48,0,48,0,0,55,0,55,0,0,0,55
08/09/2009,JXN,MI,AGL,CE,Federal Contract Tower,0,0,13,0,13,0,0,73,0,73,0,0,86,0,86,20,0,20,106
08/10/2009,JXN,MI,AGL,CE,Federal Contract Tower,0,0,24,0,24,0,3,11,0,14,0,3,35,0,38,40,0,40,78
08/11/2009,JXN,MI,AGL,CE,Federal Contract Tower,0,0,22,0,22,0,0,55,0,55,0,0,77,0,77,120,0,120,197
08/12/2009,JXN,MI,AGL,CE,Federal Contract Tower,0,0,46,0,46,0,1,97,0,98,0,1,143,0,144,128,0,128,272
08/13/2009,JXN,MI,AGL,CE,Federal Contract Tower,0,6,26,0,32,0,0,108,0,108,0,6,134,0,140,110,0,110,250
08/14/2009,JXN,MI,AGL,CE,Federal Contract Tower,0,1,38,0,39,0,0,106,0,106,0,1,144,0,145,66,0,66,211
08/15/2009,JXN,MI,AGL,CE,Federal Contract Tower,0,2,42,0,44,0,0,115,8,123,0,2,157,8,167,56,0,56,223
08/16/2009,JXN,MI,AGL,CE,Federal Contract Tower,0,4,56,0,60,0,0,110,0,110,0,4,166,0,170,38,0,38,208
08/17/2009,JXN,MI,AGL,CE,Federal Contract Tower,0,0,8,0,8,0,0,1,0,1,0,0,9,0,9,0,0,0,9
08/18/2009,JXN,MI,AGL,CE,Federal Contract Tower,0,0,17,0,17,0,0,23,0,23,0,0,40,0,40,62,0,62,102
08/19/2009,JXN,MI,AGL,CE,Federal Contract Tower,0,0,29,0,29,0,2,115,0,117,0,2,144,0,146,158,0,158,304
08/20/2009,JXN,MI,AGL,CE,Federal Contract Tower,8,0,7,0,15,0,0,26,0,26,8,0,33,0,41,50,0,50,91
08/21/2009,JXN,MI,AGL,CE,Federal Contract Tower,0,1,2,0,3,0,2,50,0,52,0,3,52,0,55,106,0,106,161
08/22/2009,JXN,MI,AGL,CE,Federal Contract Tower,0,0,30,1,31,0,2,86,3,91,0,2,116,4,122,46,0,46,168
08/23/2009,JXN,MI,AGL,CE,Federal Contract Tower,0,0,30,0,30,0,0,21,2,23,0,0,51,2,53,0,0,0,53
08/24/2009,JXN,MI,AGL,CE,Federal Contract Tower,0,0,37,0,37,0,2,54,4,60,0,2,91,4,97,98,0,98,195
08/25/2009,JXN,MI,AGL,CE,Federal Contract Tower,0,0,43,0,43,0,0,105,0,105,0,0,148,0,148,144,0,144,292
08/26/2009,JXN,MI,AGL,CE,Federal Contract Tower,0,0,16,0,16,0,3,45,0,48,0,3,61,0,64,52,0,52,116
08/27/2009,JXN,MI,AGL,CE,Federal Contract Tower,0,1,29,0,30,0,3,63,0,66,0,4,92,0,96,88,0,88,184
08/28/2009,JXN,MI,AGL,CE,Federal Contract Tower,0,1,14,2,17,0,0,15,0,15,0,1,29,2,32,18,0,18,50
08/29/2009,JXN,MI,AGL,CE,Federal Contract Tower,0,0,16,0,16,0,2,2,0,4,0,2,18,0,20,0,0,0,20
08/30/2009,JXN,MI,AGL,CE,Federal Contract Tower,0,0,13,0,13,0,0,90,0,90,0,0,103,0,103,62,0,62,165
08/31/2009,JXN,MI,AGL,CE,Federal Contract Tower,0,0,23,0,23,0,2,86,0,88,0,2,109,0,111,144,0,144,255
09/01/2009,JXN,MI,AGL,CE,Federal Contract Tower,0,0,28,0,28,0,2,103,0,105,0,2,131,0,133,114,0,114,247
09/02/2009,JXN,MI,AGL,CE,Federal Contract Tower,0,0,17,0,17,0,3,111,0,114,0,3,128,0,131,74,0,74,205
09/03/2009,JXN,MI,AGL,CE,Federal Contract Tower,0,2,14,0,16,0,0,90,0,90,0,2,104,0,106,90,0,90,196
09/04/2009,JXN,MI,AGL,CE,Federal Contract Tower,0,1,15,0,16,0,0,115,0,115,0,1,130,0,131,40,0,40,171
09/05/2009,JXN,MI,AGL,CE,Federal Contract Tower,0,0,25,0,25,0,0,75,0,75,0,0,100,0,100,26,0,26,126
09/06/2009,JXN,MI,AGL,CE,Federal Contract Tower,0,0,19,0,19,0,0,58,0,58,0,0,77,0,77,20,0,20,97
09/07/2009,JXN,MI,AGL,CE,Federal Contract Tower,0,2,24,0,26,0,0,57,0,57,0,2,81,0,83,104,0,104,187
09/08/2009,JXN,MI,AGL,CE,Federal Contract Tower,0,0,3,0,3,0,0,19,0,19,0,0,22,0,22,18,0,18,40
09/09/2009,JXN,MI,AGL,CE,Federal Contract Tower,0,0,10,0,10,0,2,62,0,64,0,2,72,0,74,112,0,112,186
09/10/2009,JXN,MI,AGL,CE,Federal Contract Tower,0,0,12,0,12,0,3,45,0,48,0,3,57,0,60,68,0,68,128
09/11/2009,JXN,MI,AGL,CE,Federal Contract Tower,0,0,10,0,10,0,2,53,0,55,0,2,63,0,65,48,0,48,113
09/12/2009,JXN,MI,AGL,CE,Federal Contract Tower,0,0,15,0,15,0,0,74,0,74,0,0,89,0,89,8,0,8,97
09/13/2009,JXN,MI,AGL,CE,Federal Contract Tower,0,0,44,0,44,0,0,85,0,85,0,0,129,0,129,36,0,36,165
09/14/2009,JXN,MI,AGL,CE,Federal Contract Tower,0,0,7,0,7,0,0,70,0,70,0,0,77,0,77,106,0,106,183
09/15/2009,JXN,MI,AGL,CE,Federal Contract Tower,0,0,36,0,36,0,1,105,0,106,0,1,141,0,142,118,0,118,260
09/16/2009,JXN,MI,AGL,CE,Federal Contract Tower,0,0,13,0,13,0,2,60,0,62,0,2,73,0,75,126,0,126,201
09/17/2009,JXN,MI,AGL,CE,Federal Contract Tower,0,0,10,0,10,0,1,85,0,86,0,1,95,0,96,124,0,124,220
09/18/2009,JXN,MI,AGL,CE,Federal Contract Tower,0,0,17,0,17,0,0,67,0,67,0,0,84,0,84,30,0,30,114
09/19/2009,JXN,MI,AGL,CE,Federal Contract Tower,0,5,7,0,12,0,0,80,0,80,0,5,87,0,92,26,0,26,118
09/20/2009,JXN,MI,AGL,CE,Federal Contract Tower,0,0,24,0,24,0,0,88,0,88,0,0,112,0,112,84,0,84,196
09/21/2009,JXN,MI,AGL,CE,Federal Contract Tower,0,4,17,0,21,0,0,0,0,0,0,4,17,0,21,0,0,0,21
09/22/2009,JXN,MI,AGL,CE,Federal Contract Tower,0,0,9,0,9,0,2,17,0,19,0,2,26,0,28,74,0,74,102
09/23/2009,JXN,MI,AGL,CE,Federal Contract Tower,0,1,21,0,22,0,2,9,2,13,0,3,30,2,35,58,0,58,93
09/24/2009,JXN,MI,AGL,CE,Federal Contract Tower,0,0,13,0,13,0,1,53,0,54,0,1,66,0,67,124,0,124,191
09/25/2009,JXN,MI,AGL,CE,Federal Contract Tower,0,0,8,0,8,0,0,73,0,73,0,0,81,0,81,48,0,48,129
09/26/2009,JXN,MI,AGL,CE,Federal Contract Tower,0,0,11,0,11,0,0,7,0,7,0,0,18,0,18,0,0,0,18
09/27/2009,JXN,MI,AGL,CE,Federal Contract Tower,0,0,26,0,26,0,0,63,0,63,0,0,89,0,89,52,0,52,141
09/28/2009,JXN,MI,AGL,CE,Federal Contract Tower,0,0,2,0,2,0,0,12,0,12,0,0,14,0,14,72,0,72,86
09/29/2009,JXN,MI,AGL,CE,Federal Contract Tower,0,0,9,0,9,0,0,15,0,15,0,0,24,0,24,82,0,82,106
09/30/2009,JXN,MI,AGL,CE,Federal Contract Tower,0,0,62,1,63,0,0,77,2,79,0,0,139,3,142,122,0,122,264
10/01/2009,JXN,MI,AGL,CE,Federal Contract Tower,6,2,20,0,28,0,2,83,0,85,6,4,103,0,113,124,0,124,237
10/02/2009,JXN,MI,AGL,CE,Federal Contract Tower,0,0,3,0,3,0,0,1,0,1,0,0,4,0,4,0,0,0,4
10/03/2009,JXN,MI,AGL,CE,Federal Contract Tower,0,0,21,0,21,0,0,62,2,64,0,0,83,2,85,60,0,60,145
10/04/2009,JXN,MI,AGL,CE,Federal Contract Tower,0,0,18,0,18,0,0,40,0,40,0,0,58,0,58,28,0,28,86
10/05/2009,JXN,MI,AGL,CE,Federal Contract Tower,0,0,28,0,28,0,1,52,0,53,0,1,80,0,81,116,0,116,197
10/06/2009,JXN,MI,AGL,CE,Federal Contract Tower,0,3,13,0,16,0,0,55,0,55,0,3,68,0,71,166,0,166,237
10/07/2009,JXN,MI,AGL,CE,Federal Contract Tower,0,1,20,0,21,0,1,35,0,36,0,2,55,0,57,130,0,130,187
10/08/2009,JXN,MI,AGL,CE,Federal Contract Tower,0,0,13,0,13,0,0,45,0,45,0,0,58,0,58,100,0,100,158
10/09/2009,JXN,MI,AGL,CE,Federal Contract Tower,0,1,8,0,9,0,0,1,0,1,0,1,9,0,10,0,0,0,10
10/10/2009,JXN,MI,AGL,CE,Federal Contract Tower,0,1,19,0,20,0,6,90,0,96,0,7,109,0,116,70,0,70,186
10/11/2009,JXN,MI,AGL,CE,Federal Contract Tower,0,1,11,0,12,0,0,117,0,117,0,1,128,0,129,20,0,20,149
10/12/2009,JXN,MI,AGL,CE,Federal Contract Tower,0,1,4,0,5,0,0,32,0,32,0,1,36,0,37,68,0,68,105
10/13/2009,JXN,MI,AGL,CE,Federal Contract Tower,0,1,6,0,7,0,1,51,0,52,0,2,57,0,59,126,0,126,185
10/14/2009,JXN,MI,AGL,CE,Federal Contract Tower,0,0,12,0,12,0,0,35,0,35,0,0,47,0,47,54,0,54,101
10/15/2009,JXN,MI,AGL,CE,Federal Contract Tower,0,0,9,0,9,0,0,29,2,31,0,0,38,2,40,92,0,92,132
10/16/2009,JXN,MI,AGL,CE,Federal Contract Tower,0,0,6,0,6,0,0,67,0,67,0,0,73,0,73,166,0,166,239
10/17/2009,JXN,MI,AGL,CE,Federal Contract Tower,0,1,31,0,32,0,2,168,0,170,0,3,199,0,202,48,0,48,250
10/18/2009,JXN,MI,AGL,CE,Federal Contract Tower,3,0,21,0,24,4,0,136,0,140,7,0,157,0,164,46,0,46,210
10/19/2009,JXN,MI,AGL,CE,Federal Contract Tower,0,1,13,0,14,0,1,65,0,66,0,2,78,0,80,108,0,108,188
10/20/2009,JXN,MI,AGL,CE,Federal Contract Tower,0,0,11,0,11,0,2,88,2,92,0,2,99,2,103,124,0,124,227
10/21/2009,JXN,MI,AGL,CE,Federal Contract Tower,5,0,13,0,18,10,0,43,0,53,15,0,56,0,71,74,0,74,145
10/22/2009,JXN,MI,AGL,CE,Federal Contract Tower,0,0,9,0,9,0,0,36,0,36,0,0,45,0,45,112,0,112,157
10/23/2009,JXN,MI,AGL,CE,Federal Contract Tower,0,0,4,0,4,0,0,0,0,0,0,0,4,0,4,0,0,0,4
10/24/2009,JXN,MI,AGL,CE,Federal Contract Tower,0,0,3,0,3,0,0,4,0,4,0,0,7,0,7,0,0,0,7
10/25/2009,JXN,MI,AGL,CE,Federal Contract Tower,0,0,21,0,21,0,0,91,0,91,0,0,112,0,112,28,0,28,140
10/26/2009,JXN,MI,AGL,CE,Federal Contract Tower,0,0,11,0,11,0,0,60,0,60,0,0,71,0,71,160,0,160,231
10/27/2009,JXN,MI,AGL,CE,Federal Contract Tower,0,0,23,2,25,0,0,24,2,26,0,0,47,4,51,82,0,82,133
10/28/2009,JXN,MI,AGL,CE,Federal Contract Tower,0,0,12,0,12,0,0,12,0,12,0,0,24,0,24,2,0,2,26
10/29/2009,JXN,MI,AGL,CE,Federal Contract Tower,0,0,9,0,9,0,1,17,4,22,0,1,26,4,31,122,0,122,153
10/30/2009,JXN,MI,AGL,CE,Federal Contract Tower,0,0,3,0,3,0,0,23,0,23,0,0,26,0,26,60,0,60,86
10/31/2009,JXN,MI,AGL,CE,Federal Contract Tower,0,0,2,0,2,0,0,2,0,2,0,0,4,0,4,0,0,0,4
11/01/2009,JXN,MI,AGL,CE,Federal Contract Tower,0,0,39,0,39,0,0,122,1,123,0,0,161,1,162,80,0,80,242
11/02/2009,JXN,MI,AGL,CE,Federal Contract Tower,0,0,21,0,21,0,0,56,0,56,0,0,77,0,77,88,0,88,165
11/03/2009,JXN,MI,AGL,CE,Federal Contract Tower,0,0,4,0,4,0,11,60,2,73,0,11,64,2,77,124,0,124,201
11/04/2009,JXN,MI,AGL,CE,Federal Contract Tower,0,0,15,1,16,0,0,46,1,47,0,0,61,2,63,144,0,144,207
11/05/2009,JXN,MI,AGL,CE,Federal Contract Tower,0,0,14,0,14,0,0,46,2,48,0,0,60,2,62,134,0,134,196
11/06/2009,JXN,MI,AGL,CE,Federal Contract Tower,0,0,20,0,20,0,0,73,0,73,0,0,93,0,93,80,0,80,173
11/07/2009,JXN,MI,AGL,CE,Federal Contract Tower,0,0,20,0,20,0,0,6,0,6,0,0,26,0,26,0,0,0,26
11/08/2009,JXN,MI,AGL,CE,Federal Contract Tower,0,0,9,0,9,0,2,124,0,126,0,2,133,0,135,56,0,56,191
11/09/2009,JXN,MI,AGL,CE,Federal Contract Tower,0,0,30,0,30,0,0,39,0,39,0,0,69,0,69,72,0,72,141
11/10/2009,JXN,MI,AGL,CE,Federal Contract Tower,0,0,5,0,5,0,4,52,8,64,0,4,57,8,69,114,0,114,183
11/11/2009,JXN,MI,AGL,CE,Federal Contract Tower,0,0,14,0,14,0,0,92,0,92,0,0,106,0,106,166,0,166,272
11/12/2009,JXN,MI,AGL,CE,Federal Contract Tower,0,0,35,0,35,0,0,75,2,77,0,0,110,2,112,108,0,108,220
11/13/2009,JXN,MI,AGL,CE,Federal Contract Tower,0,0,7,0,7,0,2,74,0,76,0,2,81,0,83,70,0,70,153
11/14/2009,JXN,MI,AGL,CE,Federal Contract Tower,0,0,20,0,20,0,0,135,0,135,0,0,155,0,155,28,0,28,183
11/15/2009,JXN,MI,AGL,CE,Federal Contract Tower,0,0,18,0,18,0,0,46,0,46,0,0,64,0,64,36,0,36,100
11/16/2009,JXN,MI,AGL,CE,Federal Contract Tower,0,0,18,0,18,0,0,38,0,38,0,0,56,0,56,58,0,58,114
11/17/2009,JXN,MI,AGL,CE,Federal Contract Tower,0,0,13,0,13,0,0,30,0,30,0,0,43,0,43,114,0,114,157
11/18/2009,JXN,MI,AGL,CE,Federal Contract Tower,0,0,8,0,8,0,0,33,0,33,0,0,41,0,41,140,0,140,181
11/19/2009,JXN,MI,AGL,CE,Federal Contract Tower,0,0,20,0,20,0,0,14,0,14,0,0,34,0,34,108,0,108,142
11/20/2009,JXN,MI,AGL,CE,Federal Contract Tower,0,0,17,0,17,0,0,0,0,0,0,0,17,0,17,0,0,0,17
11/21/2009,JXN,MI,AGL,CE,Federal Contract Tower,0,0,31,0,31,0,2,92,0,94,0,2,123,0,125,46,0,46,171
11/22/2009,JXN,MI,AGL,CE,Federal Contract Tower,0,2,16,0,18,0,2,65,0,67,0,4,81,0,85,30,0,30,115
11/23/2009,JXN,MI,AGL,CE,Federal Contract Tower,0,0,13,0,13,0,0,44,0,44,0,0,57,0,57,126,0,126,183
11/24/2009,JXN,MI,AGL,CE,Federal Contract Tower,0,2,22,0,24,0,4,8,0,12,0,6,30,0,36,90,0,90,126
11/25/2009,JXN,MI,AGL,CE,Federal Contract Tower,0,0,17,0,17,0,0,12,0,12,0,0,29,0,29,154,0,154,183
11/26/2009,JXN,MI,AGL,CE,Federal Contract Tower,0,0,0,0,0,0,0,1,0,1,0,0,1,0,1,0,0,0,1
11/27/2009,JXN,MI,AGL,CE,Federal Contract Tower,0,1,8,0,9,0,0,23,0,23,0,1,31,0,32,8,0,8,40
11/28/2009,JXN,MI,AGL,CE,Federal Contract Tower,0,2,21,0,23,0,1,165,0,166,0,3,186,0,189,22,0,22,211
11/29/2009,JXN,MI,AGL,CE,Federal Contract Tower,0,0,23,0,23,0,0,35,0,35,0,0,58,0,58,0,0,0,58
11/30/2009,JXN,MI,AGL,CE,Federal Contract Tower,0,0,2,0,2,0,0,18,0,18,0,0,20,0,20,68,0,68,88
12/01/2009,JXN,MI,AGL,CE,Federal Contract Tower,0,0,19,0,19,0,0,50,0,50,0,0,69,0,69,84,0,84,153
12/02/2009,JXN,MI,AGL,CE,Federal Contract Tower,0,0,5,0,5,0,0,52,0,52,0,0,57,0,57,144,0,144,201
12/03/2009,JXN,MI,AGL,CE,Federal Contract Tower,0,0,4,0,4,0,0,12,0,12,0,0,16,0,16,64,0,64,80
12/04/2009,JXN,MI,AGL,CE,Federal Contract Tower,0,0,5,0,5,0,0,30,0,30,0,0,35,0,35,22,0,22,57
12/05/2009,JXN,MI,AGL,CE,Federal Contract Tower,0,1,31,0,32,0,0,137,2,139,0,1,168,2,171,68,0,68,239
12/06/2009,JXN,MI,AGL,CE,Federal Contract Tower,0,0,16,0,16,0,0,96,2,98,0,0,112,2,114,46,4,50,164
12/07/2009,JXN,MI,AGL,CE,Federal Contract Tower,0,3,4,0,7,0,1,11,0,12,0,4,15,0,19,62,0,62,81
12/08/2009,JXN,MI,AGL,CE,Federal Contract Tower,0,0,7,0,7,0,1,2,0,3,0,1,9,0,10,0,0,0,10
12/09/2009,JXN,MI,AGL,CE,Federal Contract Tower,0,2,0,0,2,0,0,0,0,0,0,2,0,0,2,0,0,0,2
12/10/2009,JXN,MI,AGL,CE,Federal Contract Tower,0,0,0,0,0,0,0,4,0,4,0,0,4,0,4,4,0,4,8
12/11/2009,JXN,MI,AGL,CE,Federal Contract Tower,4,0,13,0,17,0,0,22,0,22,4,0,35,0,39,58,0,58,97
12/12/2009,JXN,MI,AGL,CE,Federal Contract Tower,0,0,4,0,4,0,1,108,0,109,0,1,112,0,113,28,0,28,141
12/13/2009,JXN,MI,AGL,CE,Federal Contract Tower,0,0,4,0,4,0,0,0,0,0,0,0,4,0,4,0,0,0,4
12/14/2009,JXN,MI,AGL,CE,Federal Contract Tower,0,0,24,0,24,0,0,0,0,0,0,0,24,0,24,0,0,0,24
12/15/2009,JXN,MI,AGL,CE,Federal Contract Tower,0,0,2,0,2,0,0,4,0,4,0,0,6,0,6,28,0,28,34
12/16/2009,JXN,MI,AGL,CE,Federal Contract Tower,0,0,11,0,11,0,0,60,0,60,0,0,71,0,71,92,0,92,163
12/17/2009,JXN,MI,AGL,CE,Federal Contract Tower,0,0,12,1,13,0,0,67,3,70,0,0,79,4,83,110,0,110,193
12/18/2009,JXN,MI,AGL,CE,Federal Contract Tower,0,0,0,0,0,0,3,46,0,49,0,3,46,0,49,52,0,52,101
12/19/2009,JXN,MI,AGL,CE,Federal Contract Tower,0,0,0,0,0,0,0,0,0,0,0,0,0,0,0,0,0,0,0
12/20/2009,JXN,MI,AGL,CE,Federal Contract Tower,0,0,24,0,24,0,0,32,0,32,0,0,56,0,56,28,0,28,84
12/21/2009,JXN,MI,AGL,CE,Federal Contract Tower,0,1,3,0,4,0,0,0,0,0,0,1,3,0,4,0,0,0,4
12/22/2009,JXN,MI,AGL,CE,Federal Contract Tower,0,1,9,0,10,0,0,23,0,23,0,1,32,0,33,84,0,84,117
12/23/2009,JXN,MI,AGL,CE,Federal Contract Tower,0,2,10,0,12,0,0,125,0,125,0,2,135,0,137,82,0,82,219
12/24/2009,JXN,MI,AGL,CE,Federal Contract Tower,0,0,0,0,0,0,0,0,0,0,0,0,0,0,0,0,0,0,0
12/25/2009,JXN,MI,AGL,CE,Federal Contract Tower,0,0,0,0,0,0,0,0,0,0,0,0,0,0,0,0,0,0,0
12/26/2009,JXN,MI,AGL,CE,Federal Contract Tower,0,0,12,0,12,0,0,9,0,9,0,0,21,0,21,14,0,14,35
12/27/2009,JXN,MI,AGL,CE,Federal Contract Tower,0,0,9,0,9,0,0,18,0,18,0,0,27,0,27,10,0,10,37
12/28/2009,JXN,MI,AGL,CE,Federal Contract Tower,0,0,3,0,3,0,0,0,0,0,0,0,3,0,3,0,0,0,3
12/29/2009,JXN,MI,AGL,CE,Federal Contract Tower,0,0,16,0,16,0,0,75,0,75,0,0,91,0,91,62,0,62,153
12/30/2009,JXN,MI,AGL,CE,Federal Contract Tower,0,0,12,0,12,0,1,50,0,51,0,1,62,0,63,24,0,24,87
12/31/2009,JXN,MI,AGL,CE,Federal Contract Tower,0,0,0,0,0,0,0,0,0,0,0,0,0,0,0,0,0,0,0
01/01/2010,JXN,MI,AGL,CE,Federal Contract Tower,0,0,2,0,2,0,0,2,0,2,0,0,4,0,4,0,0,0,4
01/02/2010,JXN,MI,AGL,CE,Federal Contract Tower,0,0,16,0,16,0,0,34,0,34,0,0,50,0,50,0,0,0,50
01/03/2010,JXN,MI,AGL,CE,Federal Contract Tower,0,0,8,0,8,0,0,20,0,20,0,0,28,0,28,0,0,0,28
01/04/2010,JXN,MI,AGL,CE,Federal Contract Tower,0,1,0,0,1,0,0,0,0,0,0,1,0,0,1,0,0,0,1
01/05/2010,JXN,MI,AGL,CE,Federal Contract Tower,0,1,1,0,2,0,0,3,0,3,0,1,4,0,5,8,0,8,13
01/06/2010,JXN,MI,AGL,CE,Federal Contract Tower,0,2,2,0,4,0,1,6,0,7,0,3,8,0,11,46,0,46,57
01/07/2010,JXN,MI,AGL,CE,Federal Contract Tower,0,0,0,0,0,0,0,0,0,0,0,0,0,0,0,0,0,0,0
01/08/2010,JXN,MI,AGL,CE,Federal Contract Tower,0,0,2,0,2,0,0,12,0,12,0,0,14,0,14,86,0,86,100
01/09/2010,JXN,MI,AGL,CE,Federal Contract Tower,0,0,21,0,21,0,2,62,0,64,0,2,83,0,85,10,0,10,95
01/10/2010,JXN,MI,AGL,CE,Federal Contract Tower,0,0,35,0,35,0,0,103,0,103,0,0,138,0,138,30,0,30,168
01/11/2010,JXN,MI,AGL,CE,Federal Contract Tower,0,0,4,0,4,0,0,0,0,0,0,0,4,0,4,0,0,0,4
01/12/2010,JXN,MI,AGL,CE,Federal Contract Tower,0,0,10,0,10,0,0,53,0,53,0,0,63,0,63,62,0,62,125
01/13/2010,JXN,MI,AGL,CE,Federal Contract Tower,0,0,11,4,15,0,0,62,0,62,0,0,73,4,77,42,0,42,119
01/14/2010,JXN,MI,AGL,CE,Federal Contract Tower,0,0,12,0,12,0,4,34,0,38,0,4,46,0,50,66,0,66,116
01/15/2010,JXN,MI,AGL,CE,Federal Contract Tower,0,0,3,0,3,0,2,12,0,14,0,2,15,0,17,108,0,108,125
01/16/2010,JXN,MI,AGL,CE,Federal Contract Tower,0,0,16,0,16,0,2,55,0,57,0,2,71,0,73,34,0,34,107
01/17/2010,JXN,MI,AGL,CE,Federal Contract Tower,0,0,1,0,1,0,0,18,0,18,0,0,19,0,19,42,0,42,61
01/18/2010,JXN,MI,AGL,CE,Federal Contract Tower,0,0,0,0,0,0,0,0,0,0,0,0,0,0,0,0,0,0,0
01/19/2010,JXN,MI,AGL,CE,Federal Contract Tower,0,0,4,0,4,0,0,20,0,20,0,0,24,0,24,96,0,96,120
01/20/2010,JXN,MI,AGL,CE,Federal Contract Tower,0,0,14,0,14,0,2,51,0,53,0,2,65,0,67,112,0,112,179
01/21/2010,JXN,MI,AGL,CE,Federal Contract Tower,0,0,8,2,10,0,1,54,0,55,0,1,62,2,65,80,0,80,145
01/22/2010,JXN,MI,AGL,CE,Federal Contract Tower,0,0,5,0,5,0,2,2,0,4,0,2,7,0,9,4,0,4,13
01/23/2010,JXN,MI,AGL,CE,Federal Contract Tower,0,0,10,0,10,0,0,2,0,2,0,0,12,0,12,0,0,0,12
01/24/2010,JXN,MI,AGL,CE,Federal Contract Tower,0,0,2,0,2,0,0,4,0,4,0,0,6,0,6,0,0,0,6
01/25/2010,JXN,MI,AGL,CE,Federal Contract Tower,0,0,14,0,14,0,1,11,0,12,0,1,25,0,26,68,0,68,94
01/26/2010,JXN,MI,AGL,CE,Federal Contract Tower,0,0,0,0,0,0,0,3,0,3,0,0,3,0,3,26,0,26,29
01/27/2010,JXN,MI,AGL,CE,Federal Contract Tower,0,0,5,0,5,0,0,34,0,34,0,0,39,0,39,50,0,50,89
01/28/2010,JXN,MI,AGL,CE,Federal Contract Tower,0,1,5,0,6,0,0,13,0,13,0,1,18,0,19,74,0,74,93
01/29/2010,JXN,MI,AGL,CE,Federal Contract Tower,0,1,8,0,9,0,2,59,0,61,0,3,67,0,70,50,0,50,120
01/30/2010,JXN,MI,AGL,CE,Federal Contract Tower,0,2,26,0,28,0,2,163,0,165,0,4,189,0,193,56,0,56,249
01/31/2010,JXN,MI,AGL,CE,Federal Contract Tower,0,0,12,0,12,0,0,66,0,66,0,0,78,0,78,18,0,18,96
02/01/2010,JXN,MI,AGL,CE,Federal Contract Tower,0,0,6,0,6,0,0,26,0,26,0,0,32,0,32,68,0,68,100
02/02/2010,JXN,MI,AGL,CE,Federal Contract Tower,0,0,2,0,2,0,0,0,0,0,0,0,2,0,2,2,0,2,4
02/03/2010,JXN,MI,AGL,CE,Federal Contract Tower,0,0,9,0,9,0,0,1,0,1,0,0,10,0,10,2,0,2,12
02/04/2010,JXN,MI,AGL,CE,Federal Contract Tower,0,0,29,0,29,0,1,73,0,74,0,1,102,0,103,58,0,58,161
02/05/2010,JXN,MI,AGL,CE,Federal Contract Tower,0,0,4,0,4,0,0,20,0,20,0,0,24,0,24,16,0,16,40
02/06/2010,JXN,MI,AGL,CE,Federal Contract Tower,0,0,7,0,7,0,2,70,0,72,0,2,77,0,79,44,0,44,123
02/07/2010,JXN,MI,AGL,CE,Federal Contract Tower,0,0,21,0,21,0,1,96,0,97,0,1,117,0,118,14,0,14,132
02/08/2010,JXN,MI,AGL,CE,Federal Contract Tower,0,0,19,0,19,0,2,77,0,79,0,2,96,0,98,104,0,104,202
02/09/2010,JXN,MI,AGL,CE,Federal Contract Tower,0,0,0,0,0,0,0,0,0,0,0,0,0,0,0,0,0,0,0
02/10/2010,JXN,MI,AGL,CE,Federal Contract Tower,0,0,1,0,1,0,0,0,0,0,0,0,1,0,1,0,0,0,1
02/11/2010,JXN,MI,AGL,CE,Federal Contract Tower,0,0,7,0,7,0,0,9,0,9,0,0,16,0,16,88,0,88,104
02/12/2010,JXN,MI,AGL,CE,Federal Contract Tower,0,0,2,0,2,0,0,29,0,29,0,0,31,0,31,112,0,112,143
02/13/2010,JXN,MI,AGL,CE,Federal Contract Tower,0,1,20,0,21,0,0,0,0,0,0,1,20,0,21,30,0,30,51
02/14/2010,JXN,MI,AGL,CE,Federal Contract Tower,0,0,15,0,15,0,0,121,0,121,0,0,136,0,136,36,0,36,172
02/15/2010,JXN,MI,AGL,CE,Federal Contract Tower,0,0,11,0,11,0,0,29,0,29,0,0,40,0,40,62,0,62,102
02/16/2010,JXN,MI,AGL,CE,Federal Contract Tower,0,0,2,0,2,0,0,8,0,8,0,0,10,0,10,14,0,14,24
02/17/2010,JXN,MI,AGL,CE,Federal Contract Tower,0,2,0,0,2,0,0,15,0,15,0,2,15,0,17,84,0,84,101
02/18/2010,JXN,MI,AGL,CE,Federal Contract Tower,0,0,9,0,9,0,1,41,0,42,0,1,50,0,51,134,0,134,185
02/19/2010,JXN,MI,AGL,CE,Federal Contract Tower,0,0,15,0,15,0,2,102,0,104,0,2,117,0,119,74,0,74,193
02/20/2010,JXN,MI,AGL,CE,Federal Contract Tower,0,0,25,0,25,0,1,156,0,157,0,1,181,0,182,44,0,44,226
02/21/2010,JXN,MI,AGL,CE,Federal Contract Tower,0,0,11,0,11,0,0,56,0,56,0,0,67,0,67,26,0,26,93
02/22/2010,JXN,MI,AGL,CE,Federal Contract Tower,0,0,0,0,0,0,0,0,0,0,0,0,0,0,0,0,0,0,0
02/23/2010,JXN,MI,AGL,CE,Federal Contract Tower,0,2,0,0,2,0,0,14,0,14,0,2,14,0,16,62,0,62,78
02/24/2010,JXN,MI,AGL,CE,Federal Contract Tower,0,0,0,0,0,0,0,0,0,0,0,0,0,0,0,0,0,0,0
02/25/2010,JXN,MI,AGL,CE,Federal Contract Tower,0,0,3,0,3,0,0,8,0,8,0,0,11,0,11,80,0,80,91
02/26/2010,JXN,MI,AGL,CE,Federal Contract Tower,0,0,0,0,0,0,0,0,0,0,0,0,0,0,0,0,0,0,0
02/27/2010,JXN,MI,AGL,CE,Federal Contract Tower,0,0,3,0,3,0,0,3,0,3,0,0,6,0,6,38,0,38,44
02/28/2010,JXN,MI,AGL,CE,Federal Contract Tower,0,0,4,0,4,0,0,20,0,20,0,0,24,0,24,58,0,58,82
03/01/2010,JXN,MI,AGL,CE,Federal Contract Tower,0,0,17,0,17,0,0,60,0,60,0,0,77,0,77,96,0,96,173
03/02/2010,JXN,MI,AGL,CE,Federal Contract Tower,0,0,12,0,12,0,0,38,0,38,0,0,50,0,50,64,0,64,114
03/03/2010,JXN,MI,AGL,CE,Federal Contract Tower,0,0,22,0,22,0,1,59,0,60,0,1,81,0,82,74,0,74,156
03/04/2010,JXN,MI,AGL,CE,Federal Contract Tower,0,0,11,0,11,0,1,72,1,74,0,1,83,1,85,82,0,82,167
03/05/2010,JXN,MI,AGL,CE,Federal Contract Tower,0,0,20,0,20,0,1,109,0,110,0,1,129,0,130,152,0,152,282
03/06/2010,JXN,MI,AGL,CE,Federal Contract Tower,0,1,31,0,32,0,1,147,0,148,0,2,178,0,180,50,0,50,230
03/07/2010,JXN,MI,AGL,CE,Federal Contract Tower,0,0,27,0,27,0,0,127,0,127,0,0,154,0,154,34,0,34,188
03/08/2010,JXN,MI,AGL,CE,Federal Contract Tower,0,0,13,0,13,0,4,52,0,56,0,4,65,0,69,18,0,18,87
03/09/2010,JXN,MI,AGL,CE,Federal Contract Tower,0,0,21,0,21,0,0,54,0,54,0,0,75,0,75,114,0,114,189
03/10/2010,JXN,MI,AGL,CE,Federal Contract Tower,3,0,15,0,18,0,2,38,0,40,3,2,53,0,58,138,0,138,196
03/11/2010,JXN,MI,AGL,CE,Federal Contract Tower,0,0,17,0,17,0,0,23,0,23,0,0,40,0,40,72,0,72,112
03/12/2010,JXN,MI,AGL,CE,Federal Contract Tower,0,0,12,0,12,0,0,0,0,0,0,0,12,0,12,0,0,0,12
03/13/2010,JXN,MI,AGL,CE,Federal Contract Tower,0,0,5,0,5,0,0,0,0,0,0,0,5,0,5,0,0,0,5
03/14/2010,JXN,MI,AGL,CE,Federal Contract Tower,0,1,2,0,3,0,1,0,0,1,0,2,2,0,4,0,0,0,4
03/15/2010,JXN,MI,AGL,CE,Federal Contract Tower,0,0,9,0,9,0,1,11,0,12,0,1,20,0,21,52,0,52,73
03/16/2010,JXN,MI,AGL,CE,Federal Contract Tower,0,0,20,0,20,0,1,76,0,77,0,1,96,0,97,90,2,92,189
03/17/2010,JXN,MI,AGL,CE,Federal Contract Tower,0,1,22,0,23,0,1,120,0,121,0,2,142,0,144,112,0,112,256
03/18/2010,JXN,MI,AGL,CE,Federal Contract Tower,0,0,17,0,17,0,0,68,2,70,0,0,85,2,87,98,6,104,191
03/19/2010,JXN,MI,AGL,CE,Federal Contract Tower,0,0,14,0,14,0,0,81,0,81,0,0,95,0,95,100,0,100,195
03/20/2010,JXN,MI,AGL,CE,Federal Contract Tower,0,0,6,0,6,0,0,24,0,24,0,0,30,0,30,16,0,16,46
03/21/2010,JXN,MI,AGL,CE,Federal Contract Tower,0,0,25,0,25,0,0,0,0,0,0,0,25,0,25,8,0,8,33
03/22/2010,JXN,MI,AGL,CE,Federal Contract Tower,0,5,4,0,9,0,1,18,0,19,0,6,22,0,28,58,0,58,86
03/23/2010,JXN,MI,AGL,CE,Federal Contract Tower,0,0,8,0,8,0,0,63,0,63,0,0,71,0,71,106,0,106,177
03/24/2010,JXN,MI,AGL,CE,Federal Contract Tower,3,0,13,0,16,0,2,77,0,79,3,2,90,0,95,78,0,78,173
03/25/2010,JXN,MI,AGL,CE,Federal Contract Tower,0,0,16,0,16,0,4,41,2,47,0,4,57,2,63,120,0,120,183
03/26/2010,JXN,MI,AGL,CE,Federal Contract Tower,0,0,12,0,12,0,1,69,2,72,0,1,81,2,84,98,0,98,182
03/27/2010,JXN,MI,AGL,CE,Federal Contract Tower,0,0,10,0,10,0,0,130,0,130,0,0,140,0,140,52,0,52,192
03/28/2010,JXN,MI,AGL,CE,Federal Contract Tower,0,0,2,0,2,0,0,3,2,5,0,0,5,2,7,34,0,34,41
03/29/2010,JXN,MI,AGL,CE,Federal Contract Tower,0,1,13,0,14,0,0,7,0,7,0,1,20,0,21,26,0,26,47
03/30/2010,JXN,MI,AGL,CE,Federal Contract Tower,0,0,7,0,7,0,0,50,0,50,0,0,57,0,57,106,0,106,163
03/31/2010,JXN,MI,AGL,CE,Federal Contract Tower,0,0,15,0,15,0,3,70,2,75,0,3,85,2,90,68,6,74,164
04/01/2010,JXN,MI,AGL,CE,Federal Contract Tower,0,0,9,0,9,0,4,62,0,66,0,4,71,0,75,102,0,102,177
04/02/2010,JXN,MI,AGL,CE,Federal Contract Tower,0,0,27,0,27,0,0,65,0,65,0,0,92,0,92,78,0,78,170
04/03/2010,JXN,MI,AGL,CE,Federal Contract Tower,0,0,2,0,2,0,0,76,0,76,0,0,78,0,78,6,0,6,84
04/04/2010,JXN,MI,AGL,CE,Federal Contract Tower,0,0,2,0,2,0,0,33,0,33,0,0,35,0,35,10,0,10,45
04/05/2010,JXN,MI,AGL,CE,Federal Contract Tower,0,0,4,0,4,0,4,59,0,63,0,4,63,0,67,68,0,68,135
04/06/2010,JXN,MI,AGL,CE,Federal Contract Tower,0,0,2,0,2,0,0,49,0,49,0,0,51,0,51,98,0,98,149
04/07/2010,JXN,MI,AGL,CE,Federal Contract Tower,0,2,2,0,4,0,0,34,0,34,0,2,36,0,38,60,0,60,98
04/08/2010,JXN,MI,AGL,CE,Federal Contract Tower,0,0,0,0,0,0,0,7,0,7,0,0,7,0,7,0,0,0,7
04/09/2010,JXN,MI,AGL,CE,Federal Contract Tower,0,0,12,0,12,0,0,33,0,33,0,0,45,0,45,120,0,120,165
04/10/2010,JXN,MI,AGL,CE,Federal Contract Tower,0,0,13,0,13,0,0,74,2,76,0,0,87,2,89,10,0,10,99
04/11/2010,JXN,MI,AGL,CE,Federal Contract Tower,0,0,27,0,27,0,0,85,2,87,0,0,112,2,114,10,0,10,124
04/12/2010,JXN,MI,AGL,CE,Federal Contract Tower,0,0,4,0,4,0,0,68,2,70,0,0,72,2,74,96,0,96,170
04/13/2010,JXN,MI,AGL,CE,Federal Contract Tower,0,0,31,0,31,0,2,65,0,67,0,2,96,0,98,148,0,148,246
04/14/2010,JXN,MI,AGL,CE,Federal Contract Tower,0,0,25,0,25,0,0,94,0,94,0,0,119,0,119,90,0,90,209
04/15/2010,JXN,MI,AGL,CE,Federal Contract Tower,0,0,19,0,19,0,0,57,0,57,0,0,76,0,76,58,0,58,134
04/16/2010,JXN,MI,AGL,CE,Federal Contract Tower,14,2,25,0,41,10,0,52,0,62,24,2,77,0,103,52,0,52,155
04/17/2010,JXN,MI,AGL,CE,Federal Contract Tower,0,1,8,0,9,0,0,21,0,21,0,1,29,0,30,22,0,22,52
04/18/2010,JXN,MI,AGL,CE,Federal Contract Tower,0,1,27,0,28,0,0,88,0,88,0,1,115,0,116,26,0,26,142
04/19/2010,JXN,MI,AGL,CE,Federal Contract Tower,0,0,30,0,30,0,1,87,0,88,0,1,117,0,118,32,0,32,150
04/20/2010,JXN,MI,AGL,CE,Federal Contract Tower,0,2,9,0,11,0,2,73,0,75,0,4,82,0,86,112,0,112,198
04/21/2010,JXN,MI,AGL,CE,Federal Contract Tower,0,0,11,0,11,0,0,72,0,72,0,0,83,0,83,72,0,72,155
04/22/2010,JXN,MI,AGL,CE,Federal Contract Tower,0,0,11,0,11,0,0,79,0,79,0,0,90,0,90,112,0,112,202
04/23/2010,JXN,MI,AGL,CE,Federal Contract Tower,0,0,22,0,22,0,0,62,0,62,0,0,84,0,84,58,0,58,142
04/24/2010,JXN,MI,AGL,CE,Federal Contract Tower,0,0,22,0,22,0,0,17,0,17,0,0,39,0,39,14,0,14,53
04/25/2010,JXN,MI,AGL,CE,Federal Contract Tower,0,0,0,0,0,0,0,0,0,0,0,0,0,0,0,0,0,0,0
04/26/2010,JXN,MI,AGL,CE,Federal Contract Tower,0,0,3,0,3,0,2,37,0,39,0,2,40,0,42,122,0,122,164
04/27/2010,JXN,MI,AGL,CE,Federal Contract Tower,0,0,14,0,14,0,2,63,0,65,0,2,77,0,79,96,0,96,175
04/28/2010,JXN,MI,AGL,CE,Federal Contract Tower,0,0,19,0,19,0,2,105,0,107,0,2,124,0,126,114,0,114,240
04/29/2010,JXN,MI,AGL,CE,Federal Contract Tower,0,0,16,0,16,0,2,66,0,68,0,2,82,0,84,148,0,148,232
04/30/2010,JXN,MI,AGL,CE,Federal Contract Tower,0,0,7,0,7,0,0,54,0,54,0,0,61,0,61,110,0,110,171
05/01/2010,JXN,MI,AGL,CE,Federal Contract Tower,0,0,2,0,2,0,0,5,0,5,0,0,7,0,7,12,0,12,19
05/02/2010,JXN,MI,AGL,CE,Federal Contract Tower,0,0,14,0,14,0,0,6,0,6,0,0,20,0,20,4,0,4,24
05/03/2010,JXN,MI,AGL,CE,Federal Contract Tower,0,0,3,0,3,0,0,31,0,31,0,0,34,0,34,86,0,86,120
05/04/2010,JXN,MI,AGL,CE,Federal Contract Tower,0,2,13,0,15,0,1,66,4,71,0,3,79,4,86,80,0,80,166
05/05/2010,JXN,MI,AGL,CE,Federal Contract Tower,0,2,33,0,35,0,1,55,0,56,0,3,88,0,91,84,0,84,175
05/06/2010,JXN,MI,AGL,CE,Federal Contract Tower,0,2,6,1,9,0,2,58,1,61,0,4,64,2,70,80,0,80,150
05/07/2010,JXN,MI,AGL,CE,Federal Contract Tower,0,0,2,0,2,0,0,0,0,0,0,0,2,0,2,0,0,0,2
05/08/2010,JXN,MI,AGL,CE,Federal Contract Tower,0,2,2,0,4,0,0,5,0,5,0,2,7,0,9,0,0,0,9
05/09/2010,JXN,MI,AGL,CE,Federal Contract Tower,0,0,15,0,15,0,0,72,0,72,0,0,87,0,87,50,0,50,137
05/10/2010,JXN,MI,AGL,CE,Federal Contract Tower,0,0,16,0,16,14,0,94,0,108,14,0,110,0,124,130,0,130,254
05/11/2010,JXN,MI,AGL,CE,Federal Contract Tower,0,0,2,0,2,0,0,0,0,0,0,0,2,0,2,0,0,0,2
05/12/2010,JXN,MI,AGL,CE,Federal Contract Tower,0,0,22,0,22,0,2,0,0,2,0,2,22,0,24,4,0,4,28
05/13/2010,JXN,MI,AGL,CE,Federal Contract Tower,0,0,1,0,1,0,0,1,0,1,0,0,2,0,2,0,0,0,2
05/14/2010,JXN,MI,AGL,CE,Federal Contract Tower,0,0,18,0,18,0,3,35,0,38,0,3,53,0,56,42,0,42,98
05/15/2010,JXN,MI,AGL,CE,Federal Contract Tower,0,0,18,0,18,0,0,148,0,148,0,0,166,0,166,50,0,50,216
05/16/2010,JXN,MI,AGL,CE,Federal Contract Tower,0,0,15,0,15,0,0,131,0,131,0,0,146,0,146,30,0,30,176
05/17/2010,JXN,MI,AGL,CE,Federal Contract Tower,0,0,11,0,11,0,0,36,0,36,0,0,47,0,47,94,0,94,141
05/18/2010,JXN,MI,AGL,CE,Federal Contract Tower,0,0,16,0,16,0,0,5,0,5,0,0,21,0,21,2,0,2,23
05/19/2010,JXN,MI,AGL,CE,Federal Contract Tower,0,0,10,0,10,0,4,121,0,125,0,4,131,0,135,134,0,134,269
05/20/2010,JXN,MI,AGL,CE,Federal Contract Tower,0,2,30,0,32,0,0,85,0,85,0,2,115,0,117,30,0,30,147
05/21/2010,JXN,MI,AGL,CE,Federal Contract Tower,0,0,7,0,7,0,0,5,0,5,0,0,12,0,12,12,0,12,24
05/22/2010,JXN,MI,AGL,CE,Federal Contract Tower,0,2,24,0,26,0,0,18,0,18,0,2,42,0,44,6,0,6,50
05/23/2010,JXN,MI,AGL,CE,Federal Contract Tower,0,0,12,0,12,0,0,129,0,129,0,0,141,0,141,60,0,60,201
05/24/2010,JXN,MI,AGL,CE,Federal Contract Tower,5,0,11,0,16,12,0,65,0,77,17,0,76,0,93,108,0,108,201
05/25/2010,JXN,MI,AGL,CE,Federal Contract Tower,0,0,21,0,21,0,1,83,0,84,0,1,104,0,105,122,0,122,227
05/26/2010,JXN,MI,AGL,CE,Federal Contract Tower,0,0,24,0,24,0,1,101,0,102,0,1,125,0,126,106,0,106,232
05/27/2010,JXN,MI,AGL,CE,Federal Contract Tower,0,2,21,0,23,0,2,61,0,63,0,4,82,0,86,16,0,16,102
05/28/2010,JXN,MI,AGL,CE,Federal Contract Tower,0,0,19,0,19,0,0,64,0,64,0,0,83,0,83,28,0,28,111
05/29/2010,JXN,MI,AGL,CE,Federal Contract Tower,0,0,16,0,16,0,0,119,0,119,0,0,135,0,135,22,0,22,157
05/30/2010,JXN,MI,AGL,CE,Federal Contract Tower,0,0,14,0,14,0,0,100,0,100,0,0,114,0,114,32,0,32,146
05/31/2010,JXN,MI,AGL,CE,Federal Contract Tower,0,0,1,0,1,0,0,24,0,24,0,0,25,0,25,18,0,18,43
06/01/2010,JXN,MI,AGL,CE,Federal Contract Tower,0,2,6,0,8,0,1,53,0,54,0,3,59,0,62,104,0,104,166
06/02/2010,JXN,MI,AGL,CE,Federal Contract Tower,0,0,6,0,6,0,0,12,0,12,0,0,18,0,18,48,0,48,66
06/03/2010,JXN,MI,AGL,CE,Federal Contract Tower,0,0,29,0,29,0,3,34,0,37,0,3,63,0,66,116,0,116,182
06/04/2010,JXN,MI,AGL,CE,Federal Contract Tower,0,0,16,0,16,0,1,42,0,43,0,1,58,0,59,148,0,148,207
06/05/2010,JXN,MI,AGL,CE,Federal Contract Tower,0,0,25,0,25,0,0,107,0,107,0,0,132,0,132,38,0,38,170
06/06/2010,JXN,MI,AGL,CE,Federal Contract Tower,0,0,24,0,24,0,0,20,0,20,0,0,44,0,44,4,0,4,48
06/07/2010,JXN,MI,AGL,CE,Federal Contract Tower,0,0,33,0,33,0,4,71,0,75,0,4,104,0,108,110,0,110,218
06/08/2010,JXN,MI,AGL,CE,Federal Contract Tower,0,0,23,0,23,0,4,52,0,56,0,4,75,0,79,132,0,132,211
06/09/2010,JXN,MI,AGL,CE,Federal Contract Tower,0,0,24,0,24,0,2,35,0,37,0,2,59,0,61,50,0,50,111
06/10/2010,JXN,MI,AGL,CE,Federal Contract Tower,0,0,26,0,26,0,1,77,0,78,0,1,103,0,104,88,0,88,192
06/11/2010,JXN,MI,AGL,CE,Federal Contract Tower,0,2,15,0,17,0,2,65,0,67,0,4,80,0,84,60,0,60,144
06/12/2010,JXN,MI,AGL,CE,Federal Contract Tower,0,0,34,0,34,0,0,9,0,9,0,0,43,0,43,0,0,0,43
06/13/2010,JXN,MI,AGL,CE,Federal Contract Tower,0,2,72,0,74,0,0,84,0,84,0,2,156,0,158,18,0,18,176
06/14/2010,JXN,MI,AGL,CE,Federal Contract Tower,0,0,22,0,22,0,0,23,0,23,0,0,45,0,45,90,0,90,135
06/15/2010,JXN,MI,AGL,CE,Federal Contract Tower,0,0,8,0,8,0,2,20,0,22,0,2,28,0,30,72,0,72,102
06/16/2010,JXN,MI,AGL,CE,Federal Contract Tower,0,0,13,0,13,0,0,25,0,25,0,0,38,0,38,60,0,60,98
06/17/2010,JXN,MI,AGL,CE,Federal Contract Tower,0,0,28,0,28,0,0,110,0,110,0,0,138,0,138,136,0,136,274
06/18/2010,JXN,MI,AGL,CE,Federal Contract Tower,0,0,19,0,19,0,1,67,0,68,0,1,86,0,87,102,0,102,189
06/19/2010,JXN,MI,AGL,CE,Federal Contract Tower,12,0,28,0,40,6,2,101,0,109,18,2,129,0,149,46,0,46,195
06/20/2010,JXN,MI,AGL,CE,Federal Contract Tower,0,0,7,0,7,0,0,117,0,117,0,0,124,0,124,40,0,40,164
06/21/2010,JXN,MI,AGL,CE,Federal Contract Tower,0,0,24,0,24,0,4,65,0,69,0,4,89,0,93,74,0,74,167
06/22/2010,JXN,MI,AGL,CE,Federal Contract Tower,0,0,2,0,2,0,4,51,0,55,0,4,53,0,57,88,0,88,145
06/23/2010,JXN,MI,AGL,CE,Federal Contract Tower,0,0,6,0,6,0,0,6,0,6,0,0,12,0,12,0,0,0,12
06/24/2010,JXN,MI,AGL,CE,Federal Contract Tower,0,0,25,0,25,0,0,54,0,54,0,0,79,0,79,198,0,198,277
06/25/2010,JXN,MI,AGL,CE,Federal Contract Tower,0,0,21,0,21,0,2,90,0,92,0,2,111,0,113,54,0,54,167
06/26/2010,JXN,MI,AGL,CE,Federal Contract Tower,0,0,12,0,12,0,0,64,0,64,0,0,76,0,76,62,0,62,138
06/27/2010,JXN,MI,AGL,CE,Federal Contract Tower,0,0,5,0,5,0,0,48,0,48,0,0,53,0,53,8,0,8,61
06/28/2010,JXN,MI,AGL,CE,Federal Contract Tower,0,2,20,0,22,0,1,34,0,35,0,3,54,0,57,44,0,44,101
06/29/2010,JXN,MI,AGL,CE,Federal Contract Tower,0,0,42,0,42,0,4,69,0,73,0,4,111,0,115,40,0,40,155
06/30/2010,JXN,MI,AGL,CE,Federal Contract Tower,0,0,13,0,13,0,3,100,0,103,0,3,113,0,116,0,98,98,214
07/01/2010,JXN,MI,AGL,CE,Federal Contract Tower,0,1,6,0,7,0,0,95,0,95,0,1,101,0,102,114,0,114,216
07/02/2010,JXN,MI,AGL,CE,Federal Contract Tower,0,1,18,0,19,0,0,106,0,106,0,1,124,0,125,70,0,70,195
07/03/2010,JXN,MI,AGL,CE,Federal Contract Tower,0,0,10,0,10,0,0,97,0,97,0,0,107,0,107,32,0,32,139
07/04/2010,JXN,MI,AGL,CE,Federal Contract Tower,0,0,11,0,11,0,0,76,0,76,0,0,87,0,87,16,0,16,103
07/05/2010,JXN,MI,AGL,CE,Federal Contract Tower,0,0,12,0,12,0,0,41,0,41,0,0,53,0,53,0,0,0,53
07/06/2010,JXN,MI,AGL,CE,Federal Contract Tower,0,0,12,0,12,0,2,48,0,50,0,2,60,0,62,88,0,88,150
07/07/2010,JXN,MI,AGL,CE,Federal Contract Tower,0,0,6,0,6,0,1,64,0,65,0,1,70,0,71,112,0,112,183
07/08/2010,JXN,MI,AGL,CE,Federal Contract Tower,0,0,13,0,13,0,0,53,0,53,0,0,66,0,66,120,0,120,186
07/09/2010,JXN,MI,AGL,CE,Federal Contract Tower,0,0,8,0,8,0,0,87,0,87,0,0,95,0,95,168,0,168,263
07/10/2010,JXN,MI,AGL,CE,Federal Contract Tower,0,0,10,0,10,0,1,186,0,187,0,1,196,0,197,52,0,52,249
07/11/2010,JXN,MI,AGL,CE,Federal Contract Tower,0,0,9,0,9,0,1,149,0,150,0,1,158,0,159,46,0,46,205
07/12/2010,JXN,MI,AGL,CE,Federal Contract Tower,0,0,15,0,15,0,0,24,0,24,0,0,39,0,39,64,0,64,103
07/13/2010,JXN,MI,AGL,CE,Federal Contract Tower,0,0,13,0,13,0,1,27,2,30,0,1,40,2,43,52,0,52,95
07/14/2010,JXN,MI,AGL,CE,Federal Contract Tower,0,0,14,0,14,0,1,116,0,117,0,1,130,0,131,98,0,98,229
07/15/2010,JXN,MI,AGL,CE,Federal Contract Tower,0,3,28,0,31,0,0,78,6,84,0,3,106,6,115,116,0,116,231
07/16/2010,JXN,MI,AGL,CE,Federal Contract Tower,0,0,11,0,11,0,1,98,0,99,0,1,109,0,110,168,0,168,278
07/17/2010,JXN,MI,AGL,CE,Federal Contract Tower,0,1,9,0,10,0,2,152,0,154,0,3,161,0,164,190,0,190,354
07/18/2010,JXN,MI,AGL,CE,Federal Contract Tower,0,0,17,1,18,0,0,95,2,97,0,0,112,3,115,44,2,46,161
07/19/2010,JXN,MI,AGL,CE,Federal Contract Tower,0,1,32,0,33,0,2,38,0,40,0,3,70,0,73,68,0,68,141
07/20/2010,JXN,MI,AGL,CE,Federal Contract Tower,0,0,28,0,28,0,1,23,0,24,0,1,51,0,52,36,0,36,88
07/21/2010,JXN,MI,AGL,CE,Federal Contract Tower,9,0,20,0,29,1,4,82,0,87,10,4,102,0,116,132,0,132,248
07/22/2010,JXN,MI,AGL,CE,Federal Contract Tower,0,0,14,0,14,0,0,58,0,58,0,0,72,0,72,94,0,94,166
07/23/2010,JXN,MI,AGL,CE,Federal Contract Tower,0,0,9,0,9,0,2,13,0,15,0,2,22,0,24,24,0,24,48
07/24/2010,JXN,MI,AGL,CE,Federal Contract Tower,0,1,9,0,10,0,0,4,0,4,0,1,13,0,14,0,0,0,14
07/25/2010,JXN,MI,AGL,CE,Federal Contract Tower,0,0,19,4,23,0,0,56,1,57,0,0,75,5,80,12,0,12,92
07/26/2010,JXN,MI,AGL,CE,Federal Contract Tower,0,0,21,0,21,0,0,92,0,92,0,0,113,0,113,94,0,94,207
07/27/2010,JXN,MI,AGL,CE,Federal Contract Tower,0,0,19,0,19,0,4,95,0,99,0,4,114,0,118,106,0,106,224
07/28/2010,JXN,MI,AGL,CE,Federal Contract Tower,0,0,12,0,12,0,2,42,0,44,0,2,54,0,56,72,0,72,128
07/29/2010,JXN,MI,AGL,CE,Federal Contract Tower,0,0,30,0,30,0,0,90,0,90,0,0,120,0,120,118,0,118,238
07/30/2010,JXN,MI,AGL,CE,Federal Contract Tower,0,0,13,0,13,0,0,79,2,81,0,0,92,2,94,72,0,72,166
07/31/2010,JXN,MI,AGL,CE,Federal Contract Tower,0,2,22,0,24,0,0,41,0,41,0,2,63,0,65,32,0,32,97
08/01/2010,JXN,MI,AGL,CE,Federal Contract Tower,0,0,15,0,15,0,0,68,2,70,0,0,83,2,85,34,0,34,119
08/02/2010,JXN,MI,AGL,CE,Federal Contract Tower,3,3,28,0,34,6,0,99,0,105,9,3,127,0,139,112,0,112,251
08/03/2010,JXN,MI,AGL,CE,Federal Contract Tower,0,0,7,0,7,0,4,66,14,84,0,4,73,14,91,86,0,86,177
08/04/2010,JXN,MI,AGL,CE,Federal Contract Tower,0,0,14,0,14,0,1,40,4,45,0,1,54,4,59,56,0,56,115
08/05/2010,JXN,MI,AGL,CE,Federal Contract Tower,0,0,29,0,29,0,3,91,2,96,0,3,120,2,125,110,0,110,235
08/06/2010,JXN,MI,AGL,CE,Federal Contract Tower,0,0,16,0,16,0,0,73,0,73,0,0,89,0,89,70,0,70,159
08/07/2010,JXN,MI,AGL,CE,Federal Contract Tower,3,2,46,0,51,2,0,101,0,103,5,2,147,0,154,28,0,28,182
08/08/2010,JXN,MI,AGL,CE,Federal Contract Tower,4,0,4,0,8,4,0,65,2,71,8,0,69,2,79,28,0,28,107
08/09/2010,JXN,MI,AGL,CE,Federal Contract Tower,0,0,8,0,8,0,0,32,0,32,0,0,40,0,40,70,0,70,110
08/10/2010,JXN,MI,AGL,CE,Federal Contract Tower,0,0,16,0,16,0,8,50,0,58,0,8,66,0,74,136,0,136,210
08/11/2010,JXN,MI,AGL,CE,Federal Contract Tower,0,0,6,0,6,0,0,34,0,34,0,0,40,0,40,104,0,104,144
08/12/2010,JXN,MI,AGL,CE,Federal Contract Tower,0,2,22,0,24,0,0,33,0,33,0,2,55,0,57,22,0,22,79
08/13/2010,JXN,MI,AGL,CE,Federal Contract Tower,0,1,22,0,23,0,0,48,0,48,0,1,70,0,71,24,0,24,95
08/14/2010,JXN,MI,AGL,CE,Federal Contract Tower,0,0,20,0,20,0,0,23,0,23,0,0,43,0,43,10,0,10,53
08/15/2010,JXN,MI,AGL,CE,Federal Contract Tower,2,5,45,0,52,0,0,93,0,93,2,5,138,0,145,4,0,4,149
08/16/2010,JXN,MI,AGL,CE,Federal Contract Tower,0,1,25,0,26,0,1,71,0,72,0,2,96,0,98,54,0,54,152
08/17/2010,JXN,MI,AGL,CE,Federal Contract Tower,8,1,33,0,42,9,5,107,0,121,17,6,140,0,163,118,0,118,281
08/18/2010,JXN,MI,AGL,CE,Federal Contract Tower,5,1,13,0,19,10,2,88,0,100,15,3,101,0,119,80,0,80,199
08/19/2010,JXN,MI,AGL,CE,Federal Contract Tower,0,0,16,0,16,0,7,91,4,102,0,7,107,4,118,114,0,114,232
08/20/2010,JXN,MI,AGL,CE,Federal Contract Tower,0,0,33,0,33,0,0,48,0,48,0,0,81,0,81,34,0,34,115
08/21/2010,JXN,MI,AGL,CE,Federal Contract Tower,0,0,23,0,23,0,0,13,0,13,0,0,36,0,36,0,0,0,36
08/22/2010,JXN,MI,AGL,CE,Federal Contract Tower,0,0,14,0,14,0,0,72,5,77,0,0,86,5,91,64,0,64,155
08/23/2010,JXN,MI,AGL,CE,Federal Contract Tower,0,0,25,0,25,0,1,56,0,57,0,1,81,0,82,94,0,94,176
08/24/2010,JXN,MI,AGL,CE,Federal Contract Tower,0,0,19,0,19,0,4,89,0,93,0,4,108,0,112,84,0,84,196
08/25/2010,JXN,MI,AGL,CE,Federal Contract Tower,0,0,28,0,28,0,3,71,0,74,0,3,99,0,102,62,0,62,164
08/26/2010,JXN,MI,AGL,CE,Federal Contract Tower,3,0,21,0,24,0,0,74,0,74,3,0,95,0,98,62,0,62,160
08/27/2010,JXN,MI,AGL,CE,Federal Contract Tower,0,0,14,0,14,0,2,81,1,84,0,2,95,1,98,46,0,46,144
08/28/2010,JXN,MI,AGL,CE,Federal Contract Tower,0,0,14,0,14,0,4,149,0,153,0,4,163,0,167,44,0,44,211
08/29/2010,JXN,MI,AGL,CE,Federal Contract Tower,0,0,22,0,22,0,0,118,0,118,0,0,140,0,140,20,0,20,160
08/30/2010,JXN,MI,AGL,CE,Federal Contract Tower,0,0,13,0,13,0,1,69,0,70,0,1,82,0,83,86,0,86,169
08/31/2010,JXN,MI,AGL,CE,Federal Contract Tower,0,0,20,1,21,0,4,88,1,93,0,4,108,2,114,92,0,92,206
09/01/2010,JXN,MI,AGL,CE,Federal Contract Tower,0,0,19,0,19,0,1,60,0,61,0,1,79,0,80,32,0,32,112
09/02/2010,JXN,MI,AGL,CE,Federal Contract Tower,0,0,16,0,16,0,2,10,0,12,0,2,26,0,28,14,0,14,42
09/03/2010,JXN,MI,AGL,CE,Federal Contract Tower,2,0,8,0,10,0,0,18,0,18,2,0,26,0,28,0,0,0,28
09/04/2010,JXN,MI,AGL,CE,Federal Contract Tower,0,0,2,0,2,0,0,17,0,17,0,0,19,0,19,6,0,6,25
09/05/2010,JXN,MI,AGL,CE,Federal Contract Tower,0,0,5,0,5,0,0,112,0,112,0,0,117,0,117,44,0,44,161
09/06/2010,JXN,MI,AGL,CE,Federal Contract Tower,6,0,14,0,20,8,0,48,0,56,14,0,62,0,76,42,0,42,118
09/07/2010,JXN,MI,AGL,CE,Federal Contract Tower,0,0,2,0,2,0,0,39,12,51,0,0,41,12,53,68,0,68,121
09/08/2010,JXN,MI,AGL,CE,Federal Contract Tower,0,0,9,0,9,0,4,41,0,45,0,4,50,0,54,128,0,128,182
09/09/2010,JXN,MI,AGL,CE,Federal Contract Tower,0,2,9,0,11,0,1,47,0,48,0,3,56,0,59,86,0,86,145
09/10/2010,JXN,MI,AGL,CE,Federal Contract Tower,0,0,14,0,14,0,1,71,0,72,0,1,85,0,86,22,0,22,108
09/11/2010,JXN,MI,AGL,CE,Federal Contract Tower,0,0,24,6,30,0,0,62,0,62,0,0,86,6,92,30,0,30,122
09/12/2010,JXN,MI,AGL,CE,Federal Contract Tower,0,0,15,0,15,0,0,91,0,91,0,0,106,0,106,78,0,78,184
09/13/2010,JXN,MI,AGL,CE,Federal Contract Tower,6,0,6,0,12,13,0,60,0,73,19,0,66,0,85,50,0,50,135
09/14/2010,JXN,MI,AGL,CE,Federal Contract Tower,0,1,14,0,15,0,2,80,0,82,0,3,94,0,97,96,0,96,193
09/15/2010,JXN,MI,AGL,CE,Federal Contract Tower,0,0,22,0,22,0,5,95,0,100,0,5,117,0,122,132,0,132,254
09/16/2010,JXN,MI,AGL,CE,Federal Contract Tower,0,1,5,0,6,0,2,0,0,2,0,3,5,0,8,0,0,0,8
09/17/2010,JXN,MI,AGL,CE,Federal Contract Tower,0,1,10,0,11,0,0,63,0,63,0,1,73,0,74,54,0,54,128
09/18/2010,JXN,MI,AGL,CE,Federal Contract Tower,0,0,7,0,7,0,0,54,0,54,0,0,61,0,61,38,0,38,99
09/19/2010,JXN,MI,AGL,CE,Federal Contract Tower,0,0,10,0,10,0,0,37,2,39,0,0,47,2,49,0,0,0,49
09/20/2010,JXN,MI,AGL,CE,Federal Contract Tower,0,0,18,0,18,0,1,91,0,92,0,1,109,0,110,172,0,172,282
09/21/2010,JXN,MI,AGL,CE,Federal Contract Tower,3,2,9,0,14,2,7,49,0,58,5,9,58,0,72,70,0,70,142
09/22/2010,JXN,MI,AGL,CE,Federal Contract Tower,0,0,15,0,15,0,2,21,0,23,0,2,36,0,38,82,0,82,120
09/23/2010,JXN,MI,AGL,CE,Federal Contract Tower,10,0,9,0,19,2,0,34,0,36,12,0,43,0,55,68,0,68,123
09/24/2010,JXN,MI,AGL,CE,Federal Contract Tower,0,0,3,0,3,0,0,24,0,24,0,0,27,0,27,18,0,18,45
09/25/2010,JXN,MI,AGL,CE,Federal Contract Tower,0,0,23,0,23,0,2,111,0,113,0,2,134,0,136,76,0,76,212
09/26/2010,JXN,MI,AGL,CE,Federal Contract Tower,0,0,28,0,28,0,0,107,2,109,0,0,135,2,137,76,0,76,213
09/27/2010,JXN,MI,AGL,CE,Federal Contract Tower,0,0,25,0,25,0,1,33,0,34,0,1,58,0,59,78,0,78,137
09/28/2010,JXN,MI,AGL,CE,Federal Contract Tower,0,0,4,0,4,0,0,8,0,8,0,0,12,0,12,2,0,2,14
09/29/2010,JXN,MI,AGL,CE,Federal Contract Tower,0,0,20,0,20,0,1,95,0,96,0,1,115,0,116,140,0,140,256
09/30/2010,JXN,MI,AGL,CE,Federal Contract Tower,0,1,15,0,16,0,2,62,0,64,0,3,77,0,80,56,0,56,136
10/01/2010,JXN,MI,AGL,CE,Federal Contract Tower,0,0,15,0,15,0,0,101,0,101,0,0,116,0,116,82,0,82,198
10/02/2010,JXN,MI,AGL,CE,Federal Contract Tower,0,0,21,0,21,0,0,2,0,2,0,0,23,0,23,0,0,0,23
10/03/2010,JXN,MI,AGL,CE,Federal Contract Tower,0,0,6,0,6,0,0,54,0,54,0,0,60,0,60,74,0,74,134
10/04/2010,JXN,MI,AGL,CE,Federal Contract Tower,0,0,6,0,6,0,1,50,0,51,0,1,56,0,57,62,0,62,119
10/05/2010,JXN,MI,AGL,CE,Federal Contract Tower,0,0,12,0,12,0,2,74,0,76,0,2,86,0,88,116,0,116,204
10/06/2010,JXN,MI,AGL,CE,Federal Contract Tower,0,1,15,0,16,0,1,85,0,86,0,2,100,0,102,118,0,118,220
10/07/2010,JXN,MI,AGL,CE,Federal Contract Tower,0,1,10,0,11,0,0,67,0,67,0,1,77,0,78,44,0,44,122
10/08/2010,JXN,MI,AGL,CE,Federal Contract Tower,0,0,9,0,9,0,4,109,0,113,0,4,118,0,122,98,0,98,220
10/09/2010,JXN,MI,AGL,CE,Federal Contract Tower,0,0,2,0,2,0,0,132,0,132,0,0,134,0,134,54,0,54,188
10/10/2010,JXN,MI,AGL,CE,Federal Contract Tower,0,0,11,0,11,0,0,129,0,129,0,0,140,0,140,94,0,94,234
10/11/2010,JXN,MI,AGL,CE,Federal Contract Tower,0,0,18,0,18,0,5,52,0,57,0,5,70,0,75,126,0,126,201
10/12/2010,JXN,MI,AGL,CE,Federal Contract Tower,0,2,8,0,10,0,3,37,0,40,0,5,45,0,50,108,0,108,158
10/13/2010,JXN,MI,AGL,CE,Federal Contract Tower,0,0,10,0,10,0,0,18,0,18,0,0,28,0,28,54,0,54,82
10/14/2010,JXN,MI,AGL,CE,Federal Contract Tower,0,0,8,0,8,0,0,57,0,57,0,0,65,0,65,78,0,78,143
10/15/2010,JXN,MI,AGL,CE,Federal Contract Tower,0,0,13,0,13,0,2,70,0,72,0,2,83,0,85,94,0,94,179
10/16/2010,JXN,MI,AGL,CE,Federal Contract Tower,0,0,13,0,13,0,0,157,0,157,0,0,170,0,170,96,0,96,266
10/17/2010,JXN,MI,AGL,CE,Federal Contract Tower,0,0,11,0,11,0,0,127,0,127,0,0,138,0,138,42,0,42,180
10/18/2010,JXN,MI,AGL,CE,Federal Contract Tower,0,0,29,0,29,0,0,80,0,80,0,0,109,0,109,102,0,102,211
10/19/2010,JXN,MI,AGL,CE,Federal Contract Tower,0,0,12,0,12,0,0,79,0,79,0,0,91,0,91,50,0,50,141
10/20/2010,JXN,MI,AGL,CE,Federal Contract Tower,0,6,14,0,20,0,2,51,0,53,0,8,65,0,73,106,0,106,179
10/21/2010,JXN,MI,AGL,CE,Federal Contract Tower,0,0,22,0,22,0,0,61,0,61,0,0,83,0,83,70,0,70,153
10/22/2010,JXN,MI,AGL,CE,Federal Contract Tower,0,0,7,0,7,0,0,90,0,90,0,0,97,0,97,100,0,100,197
10/23/2010,JXN,MI,AGL,CE,Federal Contract Tower,0,0,16,0,16,0,0,58,0,58,0,0,74,0,74,14,0,14,88
10/24/2010,JXN,MI,AGL,CE,Federal Contract Tower,0,0,8,0,8,0,1,74,0,75,0,1,82,0,83,54,0,54,137
10/25/2010,JXN,MI,AGL,CE,Federal Contract Tower,0,4,11,0,15,0,0,18,0,18,0,4,29,0,33,62,0,62,95
10/26/2010,JXN,MI,AGL,CE,Federal Contract Tower,0,0,0,0,0,0,0,0,0,0,0,0,0,0,0,0,0,0,0
10/27/2010,JXN,MI,AGL,CE,Federal Contract Tower,0,0,2,0,2,0,0,3,0,3,0,0,5,0,5,4,0,4,9
10/28/2010,JXN,MI,AGL,CE,Federal Contract Tower,0,0,16,0,16,0,2,44,0,46,0,2,60,0,62,32,0,32,94
10/29/2010,JXN,MI,AGL,CE,Federal Contract Tower,0,0,26,0,26,0,1,92,0,93,0,1,118,0,119,100,0,100,219
10/30/2010,JXN,MI,AGL,CE,Federal Contract Tower,0,0,16,0,16,0,3,68,0,71,0,3,84,0,87,32,0,32,119
10/31/2010,JXN,MI,AGL,CE,Federal Contract Tower,0,0,15,0,15,0,0,103,0,103,0,0,118,0,118,46,0,46,164
11/01/2010,JXN,MI,AGL,CE,Federal Contract Tower,0,0,4,0,4,0,0,47,0,47,0,0,51,0,51,64,0,64,115
11/02/2010,JXN,MI,AGL,CE,Federal Contract Tower,5,0,8,0,13,3,1,67,0,71,8,1,75,0,84,82,0,82,166
11/03/2010,JXN,MI,AGL,CE,Federal Contract Tower,0,0,7,0,7,0,0,51,0,51,0,0,58,0,58,76,0,76,134
11/04/2010,JXN,MI,AGL,CE,Federal Contract Tower,0,0,12,0,12,0,0,56,0,56,0,0,68,0,68,58,0,58,126
11/05/2010,JXN,MI,AGL,CE,Federal Contract Tower,0,0,14,0,14,0,2,35,1,38,0,2,49,1,52,96,0,96,148
11/06/2010,JXN,MI,AGL,CE,Federal Contract Tower,0,0,11,0,11,0,0,129,0,129,0,0,140,0,140,14,0,14,154
11/07/2010,JXN,MI,AGL,CE,Federal Contract Tower,0,0,6,0,6,0,0,113,0,113,0,0,119,0,119,14,0,14,133
11/08/2010,JXN,MI,AGL,CE,Federal Contract Tower,0,0,15,0,15,0,0,77,0,77,0,0,92,0,92,50,0,50,142
11/09/2010,JXN,MI,AGL,CE,Federal Contract Tower,0,0,13,0,13,0,0,55,2,57,0,0,68,2,70,86,0,86,156
11/10/2010,JXN,MI,AGL,CE,Federal Contract Tower,0,0,23,0,23,0,0,48,0,48,0,0,71,0,71,108,0,108,179
11/11/2010,JXN,MI,AGL,CE,Federal Contract Tower,0,0,10,0,10,0,3,102,4,109,0,3,112,4,119,54,0,54,173
11/12/2010,JXN,MI,AGL,CE,Federal Contract Tower,0,0,23,0,23,0,0,99,0,99,0,0,122,0,122,94,0,94,216
11/13/2010,JXN,MI,AGL,CE,Federal Contract Tower,0,0,25,0,25,0,0,93,0,93,0,0,118,0,118,48,0,48,166
11/14/2010,JXN,MI,AGL,CE,Federal Contract Tower,0,0,9,0,9,0,0,14,0,14,0,0,23,0,23,16,0,16,39
11/15/2010,JXN,MI,AGL,CE,Federal Contract Tower,0,0,7,0,7,0,1,61,0,62,0,1,68,0,69,126,0,126,195
11/16/2010,JXN,MI,AGL,CE,Federal Contract Tower,0,0,6,0,6,0,1,58,0,59,0,1,64,0,65,116,0,116,181
11/17/2010,JXN,MI,AGL,CE,Federal Contract Tower,0,0,14,0,14,0,1,66,0,67,0,1,80,0,81,134,0,134,215
11/18/2010,JXN,MI,AGL,CE,Federal Contract Tower,0,0,5,0,5,0,0,39,0,39,0,0,44,0,44,68,0,68,112
11/19/2010,JXN,MI,AGL,CE,Federal Contract Tower,0,0,19,0,19,0,0,63,0,63,0,0,82,0,82,124,0,124,206
11/20/2010,JXN,MI,AGL,CE,Federal Contract Tower,0,0,26,0,26,0,0,146,0,146,0,0,172,0,172,72,0,72,244
11/21/2010,JXN,MI,AGL,CE,Federal Contract Tower,0,0,19,0,19,0,0,8,0,8,0,0,27,0,27,0,0,0,27
11/22/2010,JXN,MI,AGL,CE,Federal Contract Tower,0,0,9,0,9,0,0,4,0,4,0,0,13,0,13,0,0,0,13
11/23/2010,JXN,MI,AGL,CE,Federal Contract Tower,0,0,8,0,8,0,2,22,0,24,0,2,30,0,32,72,0,72,104
11/24/2010,JXN,MI,AGL,CE,Federal Contract Tower,0,0,4,0,4,0,0,62,0,62,0,0,66,0,66,92,0,92,158
11/25/2010,JXN,MI,AGL,CE,Federal Contract Tower,0,0,0,0,0,0,0,0,0,0,0,0,0,0,0,0,0,0,0
11/26/2010,JXN,MI,AGL,CE,Federal Contract Tower,0,0,2,0,2,0,0,5,0,5,0,0,7,0,7,0,0,0,7
11/27/2010,JXN,MI,AGL,CE,Federal Contract Tower,0,0,7,0,7,0,2,12,0,14,0,2,19,0,21,18,0,18,39
11/28/2010,JXN,MI,AGL,CE,Federal Contract Tower,0,0,23,0,23,0,0,125,0,125,0,0,148,0,148,70,0,70,218
11/29/2010,JXN,MI,AGL,CE,Federal Contract Tower,0,0,25,0,25,0,3,78,0,81,0,3,103,0,106,86,0,86,192
11/30/2010,JXN,MI,AGL,CE,Federal Contract Tower,0,0,15,0,15,0,0,4,0,4,0,0,19,0,19,4,0,4,23
12/01/2010,JXN,MI,AGL,CE,Federal Contract Tower,0,0,6,0,6,0,2,7,0,9,0,2,13,0,15,28,0,28,43
12/02/2010,JXN,MI,AGL,CE,Federal Contract Tower,0,0,10,0,10,0,1,12,0,13,0,1,22,0,23,48,0,48,71
12/03/2010,JXN,MI,AGL,CE,Federal Contract Tower,0,0,11,0,11,0,0,45,0,45,0,0,56,0,56,128,0,128,184
12/04/2010,JXN,MI,AGL,CE,Federal Contract Tower,0,0,12,0,12,0,2,76,0,78,0,2,88,0,90,28,0,28,118
12/05/2010,JXN,MI,AGL,CE,Federal Contract Tower,0,0,0,0,0,0,0,6,0,6,0,0,6,0,6,14,0,14,20
12/06/2010,JXN,MI,AGL,CE,Federal Contract Tower,0,0,10,0,10,0,0,32,0,32,0,0,42,0,42,78,0,78,120
12/07/2010,JXN,MI,AGL,CE,Federal Contract Tower,0,0,15,0,15,0,0,40,0,40,0,0,55,0,55,90,0,90,145
12/08/2010,JXN,MI,AGL,CE,Federal Contract Tower,0,0,2,0,2,0,0,15,0,15,0,0,17,0,17,22,0,22,39
12/09/2010,JXN,MI,AGL,CE,Federal Contract Tower,3,0,12,0,15,1,3,67,0,71,4,3,79,0,86,156,0,156,242
12/10/2010,JXN,MI,AGL,CE,Federal Contract Tower,0,2,8,0,10,0,0,35,0,35,0,2,43,0,45,48,0,48,93
12/11/2010,JXN,MI,AGL,CE,Federal Contract Tower,0,2,7,0,9,0,0,16,0,16,0,2,23,0,25,12,0,12,37
12/12/2010,JXN,MI,AGL,CE,Federal Contract Tower,0,0,1,0,1,0,0,0,0,0,0,0,1,0,1,0,0,0,1
12/13/2010,JXN,MI,AGL,CE,Federal Contract Tower,0,0,2,0,2,0,0,15,0,15,0,0,17,0,17,0,0,0,17
12/14/2010,JXN,MI,AGL,CE,Federal Contract Tower,0,0,8,0,8,0,0,31,0,31,0,0,39,0,39,82,0,82,121
12/15/2010,JXN,MI,AGL,CE,Federal Contract Tower,0,0,15,0,15,0,3,43,0,46,0,3,58,0,61,60,0,60,121
12/16/2010,JXN,MI,AGL,CE,Federal Contract Tower,0,5,8,0,13,0,2,36,0,38,0,7,44,0,51,38,0,38,89
12/17/2010,JXN,MI,AGL,CE,Federal Contract Tower,0,0,14,0,14,0,1,25,0,26,0,1,39,0,40,82,0,82,122
12/18/2010,JXN,MI,AGL,CE,Federal Contract Tower,0,0,8,0,8,0,2,31,0,33,0,2,39,0,41,68,0,68,109
12/19/2010,JXN,MI,AGL,CE,Federal Contract Tower,0,0,3,0,3,0,0,6,0,6,0,0,9,0,9,8,0,8,17
12/20/2010,JXN,MI,AGL,CE,Federal Contract Tower,0,0,23,0,23,0,1,54,0,55,0,1,77,0,78,102,0,102,180
12/21/2010,JXN,MI,AGL,CE,Federal Contract Tower,0,1,3,0,4,0,4,11,0,15,0,5,14,0,19,16,0,16,35
12/22/2010,JXN,MI,AGL,CE,Federal Contract Tower,0,2,4,0,6,0,0,17,0,17,0,2,21,0,23,96,0,96,119
12/23/2010,JXN,MI,AGL,CE,Federal Contract Tower,0,0,15,0,15,0,0,42,0,42,0,0,57,0,57,76,0,76,133
12/24/2010,JXN,MI,AGL,CE,Federal Contract Tower,0,0,1,0,1,0,0,33,0,33,0,0,34,0,34,0,0,0,34
12/25/2010,JXN,MI,AGL,CE,Federal Contract Tower,0,0,0,0,0,0,0,2,0,2,0,0,2,0,2,0,0,0,2
12/26/2010,JXN,MI,AGL,CE,Federal Contract Tower,0,0,1,0,1,0,0,39,0,39,0,0,40,0,40,44,0,44,84
12/27/2010,JXN,MI,AGL,CE,Federal Contract Tower,0,0,16,0,16,0,0,63,0,63,0,0,79,0,79,68,0,68,147
12/28/2010,JXN,MI,AGL,CE,Federal Contract Tower,0,0,2,0,2,0,0,17,0,17,0,0,19,0,19,14,0,14,33
12/29/2010,JXN,MI,AGL,CE,Federal Contract Tower,0,0,10,0,10,0,0,43,0,43,0,0,53,0,53,14,0,14,67
12/30/2010,JXN,MI,AGL,CE,Federal Contract Tower,0,0,0,0,0,0,0,0,0,0,0,0,0,0,0,0,0,0,0
12/31/2010,JXN,MI,AGL,CE,Federal Contract Tower,0,0,8,0,8,0,0,3,0,3,0,0,11,0,11,2,0,2,13
01/01/2011,JXN,MI,AGL,CE,Federal Contract Tower,0,0,1,0,1,0,0,39,0,39,0,0,40,0,40,10,0,10,50
01/02/2011,JXN,MI,AGL,CE,Federal Contract Tower,0,0,7,0,7,0,4,66,0,70,0,4,73,0,77,44,0,44,121
01/03/2011,JXN,MI,AGL,CE,Federal Contract Tower,0,0,20,0,20,0,0,80,0,80,0,0,100,0,100,60,0,60,160
01/04/2011,JXN,MI,AGL,CE,Federal Contract Tower,0,0,13,0,13,0,1,32,0,33,0,1,45,0,46,88,0,88,134
01/05/2011,JXN,MI,AGL,CE,Federal Contract Tower,0,2,20,0,22,0,3,20,0,23,0,5,40,0,45,62,0,62,107
01/06/2011,JXN,MI,AGL,CE,Federal Contract Tower,0,0,7,0,7,0,0,0,0,0,0,0,7,0,7,0,0,0,7
01/07/2011,JXN,MI,AGL,CE,Federal Contract Tower,0,0,2,0,2,0,0,0,0,0,0,0,2,0,2,0,0,0,2
01/08/2011,JXN,MI,AGL,CE,Federal Contract Tower,0,0,15,0,15,0,0,45,0,45,0,0,60,0,60,48,0,48,108
01/09/2011,JXN,MI,AGL,CE,Federal Contract Tower,0,0,28,0,28,0,0,138,0,138,0,0,166,0,166,22,0,22,188
01/10/2011,JXN,MI,AGL,CE,Federal Contract Tower,0,0,4,0,4,0,0,41,0,41,0,0,45,0,45,78,0,78,123
01/11/2011,JXN,MI,AGL,CE,Federal Contract Tower,0,0,7,0,7,0,0,3,0,3,0,0,10,0,10,4,0,4,14
01/12/2011,JXN,MI,AGL,CE,Federal Contract Tower,0,0,5,0,5,0,0,16,0,16,0,0,21,0,21,40,0,40,61
01/13/2011,JXN,MI,AGL,CE,Federal Contract Tower,0,0,30,0,30,0,0,26,0,26,0,0,56,0,56,66,0,66,122
01/14/2011,JXN,MI,AGL,CE,Federal Contract Tower,0,0,4,0,4,0,0,38,0,38,0,0,42,0,42,118,0,118,160
01/15/2011,JXN,MI,AGL,CE,Federal Contract Tower,0,0,0,0,0,0,0,11,0,11,0,0,11,0,11,0,0,0,11
01/16/2011,JXN,MI,AGL,CE,Federal Contract Tower,0,0,15,0,15,0,0,104,0,104,0,0,119,0,119,48,0,48,167
01/17/2011,JXN,MI,AGL,CE,Federal Contract Tower,0,0,11,0,11,0,0,43,0,43,0,0,54,0,54,102,0,102,156
01/18/2011,JXN,MI,AGL,CE,Federal Contract Tower,0,0,0,0,0,0,0,0,0,0,0,0,0,0,0,0,0,0,0
01/19/2011,JXN,MI,AGL,CE,Federal Contract Tower,0,0,0,0,0,0,1,6,0,7,0,1,6,0,7,54,0,54,61
01/20/2011,JXN,MI,AGL,CE,Federal Contract Tower,0,0,19,0,19,0,0,13,0,13,0,0,32,0,32,8,0,8,40
01/21/2011,JXN,MI,AGL,CE,Federal Contract Tower,0,0,11,0,11,0,5,74,0,79,0,5,85,0,90,132,0,132,222
01/22/2011,JXN,MI,AGL,CE,Federal Contract Tower,0,0,4,0,4,0,0,2,0,2,0,0,6,0,6,0,0,0,6
01/23/2011,JXN,MI,AGL,CE,Federal Contract Tower,0,0,6,0,6,0,2,93,0,95,0,2,99,0,101,84,0,84,185
01/24/2011,JXN,MI,AGL,CE,Federal Contract Tower,0,0,5,0,5,0,0,2,0,2,0,0,7,0,7,2,0,2,9
01/25/2011,JXN,MI,AGL,CE,Federal Contract Tower,0,0,3,0,3,0,1,9,0,10,0,1,12,0,13,2,0,2,15
01/26/2011,JXN,MI,AGL,CE,Federal Contract Tower,0,0,2,0,2,0,0,4,0,4,0,0,6,0,6,6,0,6,12
01/27/2011,JXN,MI,AGL,CE,Federal Contract Tower,0,0,0,0,0,0,0,0,0,0,0,0,0,0,0,0,0,0,0
01/28/2011,JXN,MI,AGL,CE,Federal Contract Tower,0,0,13,0,13,0,0,28,0,28,0,0,41,0,41,102,0,102,143
01/29/2011,JXN,MI,AGL,CE,Federal Contract Tower,0,0,2,0,2,0,0,0,0,0,0,0,2,0,2,0,0,0,2
01/30/2011,JXN,MI,AGL,CE,Federal Contract Tower,0,0,33,0,33,0,0,85,0,85,0,0,118,0,118,108,0,108,226
01/31/2011,JXN,MI,AGL,CE,Federal Contract Tower,0,0,11,0,11,0,2,37,0,39,0,2,48,0,50,68,0,68,118
02/01/2011,JXN,MI,AGL,CE,Federal Contract Tower,0,2,3,0,5,0,0,6,0,6,0,2,9,0,11,2,0,2,13
02/02/2011,JXN,MI,AGL,CE,Federal Contract Tower,0,1,0,0,1,0,0,0,0,0,0,1,0,0,1,0,0,0,1
02/03/2011,JXN,MI,AGL,CE,Federal Contract Tower,0,0,24,0,24,0,0,32,0,32,0,0,56,0,56,42,0,42,98
02/04/2011,JXN,MI,AGL,CE,Federal Contract Tower,0,0,10,0,10,0,0,68,0,68,0,0,78,0,78,108,0,108,186
02/05/2011,JXN,MI,AGL,CE,Federal Contract Tower,0,0,13,0,13,0,0,48,0,48,0,0,61,0,61,16,0,16,77
02/06/2011,JXN,MI,AGL,CE,Federal Contract Tower,0,2,0,0,2,0,0,0,0,0,0,2,0,0,2,0,0,0,2
02/07/2011,JXN,MI,AGL,CE,Federal Contract Tower,0,0,2,0,2,0,0,6,0,6,0,0,8,0,8,50,0,50,58
02/08/2011,JXN,MI,AGL,CE,Federal Contract Tower,0,0,4,0,4,0,0,22,0,22,0,0,26,0,26,52,0,52,78
02/09/2011,JXN,MI,AGL,CE,Federal Contract Tower,0,0,8,0,8,0,0,61,0,61,0,0,69,0,69,62,0,62,131
02/10/2011,JXN,MI,AGL,CE,Federal Contract Tower,5,0,7,0,12,5,2,66,0,73,10,2,73,0,85,68,0,68,153
02/11/2011,JXN,MI,AGL,CE,Federal Contract Tower,0,0,10,0,10,0,0,52,0,52,0,0,62,0,62,116,0,116,178
02/12/2011,JXN,MI,AGL,CE,Federal Contract Tower,0,0,16,0,16,0,0,90,0,90,0,0,106,0,106,34,0,34,140
02/13/2011,JXN,MI,AGL,CE,Federal Contract Tower,0,0,3,0,3,0,0,45,0,45,0,0,48,0,48,12,0,12,60
02/14/2011,JXN,MI,AGL,CE,Federal Contract Tower,0,0,4,0,4,0,0,2,0,2,0,0,6,0,6,0,0,0,6
02/15/2011,JXN,MI,AGL,CE,Federal Contract Tower,3,4,17,0,24,2,4,70,0,76,5,8,87,0,100,128,0,128,228
02/16/2011,JXN,MI,AGL,CE,Federal Contract Tower,0,0,9,0,9,0,0,62,0,62,0,0,71,0,71,150,0,150,221
02/17/2011,JXN,MI,AGL,CE,Federal Contract Tower,0,0,12,0,12,0,0,44,0,44,0,0,56,0,56,44,0,44,100
02/18/2011,JXN,MI,AGL,CE,Federal Contract Tower,0,10,8,0,18,0,1,37,0,38,0,11,45,0,56,42,0,42,98
02/19/2011,JXN,MI,AGL,CE,Federal Contract Tower,0,2,27,0,29,0,1,106,0,107,0,3,133,0,136,64,0,64,200
02/20/2011,JXN,MI,AGL,CE,Federal Contract Tower,0,2,4,0,6,0,2,41,0,43,0,4,45,0,49,30,0,30,79
02/21/2011,JXN,MI,AGL,CE,Federal Contract Tower,0,0,0,0,0,0,0,0,0,0,0,0,0,0,0,0,0,0,0
02/22/2011,JXN,MI,AGL,CE,Federal Contract Tower,0,2,12,0,14,0,6,27,0,33,0,8,39,0,47,14,0,14,61
02/23/2011,JXN,MI,AGL,CE,Federal Contract Tower,0,0,15,0,15,0,0,2,0,2,0,0,17,0,17,2,0,2,19
02/24/2011,JXN,MI,AGL,CE,Federal Contract Tower,0,0,2,0,2,0,0,12,0,12,0,0,14,0,14,0,0,0,14
02/25/2011,JXN,MI,AGL,CE,Federal Contract Tower,0,0,6,0,6,0,0,33,0,33,0,0,39,0,39,62,0,62,101
02/26/2011,JXN,MI,AGL,CE,Federal Contract Tower,0,0,11,0,11,0,0,6,0,6,0,0,17,0,17,4,0,4,21
02/27/2011,JXN,MI,AGL,CE,Federal Contract Tower,0,1,0,0,1,0,0,0,0,0,0,1,0,0,1,0,0,0,1
02/28/2011,JXN,MI,AGL,CE,Federal Contract Tower,0,1,0,0,1,0,0,9,0,9,0,1,9,0,10,40,0,40,50
03/01/2011,JXN,MI,AGL,CE,Federal Contract Tower,0,0,10,4,14,0,5,75,3,83,0,5,85,7,97,76,2,78,175
03/02/2011,JXN,MI,AGL,CE,Federal Contract Tower,0,0,15,2,17,0,4,100,2,106,0,4,115,4,123,150,4,154,277
03/03/2011,JXN,MI,AGL,CE,Federal Contract Tower,0,0,3,0,3,0,4,40,0,44,0,4,43,0,47,74,0,74,121
03/04/2011,JXN,MI,AGL,CE,Federal Contract Tower,0,0,0,0,0,0,0,3,0,3,0,0,3,0,3,0,0,0,3
03/05/2011,JXN,MI,AGL,CE,Federal Contract Tower,0,0,0,0,0,0,0,0,0,0,0,0,0,0,0,0,0,0,0
03/06/2011,JXN,MI,AGL,CE,Federal Contract Tower,0,2,12,0,14,0,0,19,0,19,0,2,31,0,33,32,0,32,65
03/07/2011,JXN,MI,AGL,CE,Federal Contract Tower,0,2,12,0,14,0,0,84,0,84,0,2,96,0,98,118,0,118,216
03/08/2011,JXN,MI,AGL,CE,Federal Contract Tower,0,0,10,0,10,0,0,69,2,71,0,0,79,2,81,174,0,174,255
03/09/2011,JXN,MI,AGL,CE,Federal Contract Tower,0,0,8,0,8,0,0,0,0,0,0,0,8,0,8,0,0,0,8
03/10/2011,JXN,MI,AGL,CE,Federal Contract Tower,0,1,4,0,5,0,0,0,0,0,0,1,4,0,5,0,0,0,5
03/11/2011,JXN,MI,AGL,CE,Federal Contract Tower,0,0,3,2,5,0,1,25,0,26,0,1,28,2,31,96,0,96,127
03/12/2011,JXN,MI,AGL,CE,Federal Contract Tower,0,0,9,0,9,0,2,27,0,29,0,2,36,0,38,24,0,24,62
03/13/2011,JXN,MI,AGL,CE,Federal Contract Tower,0,0,9,0,9,0,0,42,0,42,0,0,51,0,51,110,0,110,161
03/14/2011,JXN,MI,AGL,CE,Federal Contract Tower,0,0,8,0,8,0,1,109,0,110,0,1,117,0,118,186,0,186,304
03/15/2011,JXN,MI,AGL,CE,Federal Contract Tower,0,0,8,0,8,0,3,53,0,56,0,3,61,0,64,148,0,148,212
03/16/2011,JXN,MI,AGL,CE,Federal Contract Tower,0,2,14,4,20,0,0,87,0,87,0,2,101,4,107,114,0,114,221
03/17/2011,JXN,MI,AGL,CE,Federal Contract Tower,0,0,33,0,33,0,5,74,0,79,0,5,107,0,112,92,0,92,204
03/18/2011,JXN,MI,AGL,CE,Federal Contract Tower,0,0,13,0,13,0,0,50,0,50,0,0,63,0,63,34,0,34,97
03/19/2011,JXN,MI,AGL,CE,Federal Contract Tower,0,0,42,0,42,0,0,179,0,179,0,0,221,0,221,40,0,40,261
03/20/2011,JXN,MI,AGL,CE,Federal Contract Tower,0,0,6,0,6,0,0,59,0,59,0,0,65,0,65,10,0,10,75
03/21/2011,JXN,MI,AGL,CE,Federal Contract Tower,0,0,9,0,9,0,0,15,0,15,0,0,24,0,24,58,0,58,82
03/22/2011,JXN,MI,AGL,CE,Federal Contract Tower,0,0,3,0,3,0,0,15,0,15,0,0,18,0,18,60,0,60,78
03/23/2011,JXN,MI,AGL,CE,Federal Contract Tower,0,0,2,0,2,0,0,0,0,0,0,0,2,0,2,0,0,0,2
03/24/2011,JXN,MI,AGL,CE,Federal Contract Tower,0,0,19,1,20,0,4,73,3,80,0,4,92,4,100,138,0,138,238
03/25/2011,JXN,MI,AGL,CE,Federal Contract Tower,0,0,4,0,4,0,0,50,0,50,0,0,54,0,54,88,0,88,142
03/26/2011,JXN,MI,AGL,CE,Federal Contract Tower,0,4,6,0,10,0,2,157,0,159,0,6,163,0,169,58,0,58,227
03/27/2011,JXN,MI,AGL,CE,Federal Contract Tower,0,0,6,0,6,0,0,89,0,89,0,0,95,0,95,114,0,114,209
03/28/2011,JXN,MI,AGL,CE,Federal Contract Tower,0,0,13,0,13,0,4,81,0,85,0,4,94,0,98,172,0,172,270
03/29/2011,JXN,MI,AGL,CE,Federal Contract Tower,0,0,19,0,19,0,1,113,0,114,0,1,132,0,133,150,0,150,283
03/30/2011,JXN,MI,AGL,CE,Federal Contract Tower,0,0,7,0,7,0,0,61,0,61,0,0,68,0,68,120,0,120,188
03/31/2011,JXN,MI,AGL,CE,Federal Contract Tower,0,0,13,0,13,0,0,89,0,89,0,0,102,0,102,120,0,120,222
04/01/2011,JXN,MI,AGL,CE,Federal Contract Tower,0,0,12,3,15,0,0,52,4,56,0,0,64,7,71,52,0,52,123
04/02/2011,JXN,MI,AGL,CE,Federal Contract Tower,0,0,11,0,11,0,0,11,0,11,0,0,22,0,22,6,0,6,28
04/03/2011,JXN,MI,AGL,CE,Federal Contract Tower,0,0,4,0,4,0,0,9,2,11,0,0,13,2,15,0,0,0,15
04/04/2011,JXN,MI,AGL,CE,Federal Contract Tower,0,0,0,0,0,0,0,6,0,6,0,0,6,0,6,0,0,0,6
04/05/2011,JXN,MI,AGL,CE,Federal Contract Tower,0,0,14,0,14,0,0,36,0,36,0,0,50,0,50,84,0,84,134
04/06/2011,JXN,MI,AGL,CE,Federal Contract Tower,0,0,11,0,11,0,0,19,0,19,0,0,30,0,30,72,0,72,102
04/07/2011,JXN,MI,AGL,CE,Federal Contract Tower,0,0,31,0,31,0,0,10,0,10,0,0,41,0,41,28,0,28,69
04/08/2011,JXN,MI,AGL,CE,Federal Contract Tower,0,0,14,0,14,0,0,2,0,2,0,0,16,0,16,26,0,26,42
04/09/2011,JXN,MI,AGL,CE,Federal Contract Tower,0,0,31,0,31,0,0,60,0,60,0,0,91,0,91,56,0,56,147
04/10/2011,JXN,MI,AGL,CE,Federal Contract Tower,0,0,5,0,5,0,0,80,0,80,0,0,85,0,85,174,0,174,259
04/11/2011,JXN,MI,AGL,CE,Federal Contract Tower,0,0,4,0,4,0,0,24,0,24,0,0,28,0,28,102,0,102,130
04/12/2011,JXN,MI,AGL,CE,Federal Contract Tower,0,0,4,0,4,0,3,76,0,79,0,3,80,0,83,150,0,150,233
04/13/2011,JXN,MI,AGL,CE,Federal Contract Tower,0,0,9,0,9,0,4,117,0,121,0,4,126,0,130,100,0,100,230
04/14/2011,JXN,MI,AGL,CE,Federal Contract Tower,0,0,11,8,19,0,0,59,0,59,0,0,70,8,78,134,0,134,212
04/15/2011,JXN,MI,AGL,CE,Federal Contract Tower,0,3,10,2,15,0,0,13,1,14,0,3,23,3,29,2,0,2,31
04/16/2011,JXN,MI,AGL,CE,Federal Contract Tower,0,0,6,0,6,0,0,9,0,9,0,0,15,0,15,2,0,2,17
04/17/2011,JXN,MI,AGL,CE,Federal Contract Tower,0,0,5,1,6,0,0,17,2,19,0,0,22,3,25,18,0,18,43
04/18/2011,JXN,MI,AGL,CE,Federal Contract Tower,0,0,3,0,3,0,0,6,0,6,0,0,9,0,9,54,0,54,63
04/19/2011,JXN,MI,AGL,CE,Federal Contract Tower,0,2,0,0,2,0,0,20,0,20,0,2,20,0,22,98,0,98,120
04/20/2011,JXN,MI,AGL,CE,Federal Contract Tower,0,0,9,0,9,0,2,2,2,6,0,2,11,2,15,20,0,20,35
04/21/2011,JXN,MI,AGL,CE,Federal Contract Tower,0,0,27,6,33,0,1,76,0,77,0,1,103,6,110,30,0,30,140
04/22/2011,JXN,MI,AGL,CE,Federal Contract Tower,0,0,5,0,5,0,0,6,0,6,0,0,11,0,11,18,0,18,29
04/23/2011,JXN,MI,AGL,CE,Federal Contract Tower,0,0,18,0,18,0,2,53,0,55,0,2,71,0,73,50,0,50,123
04/24/2011,JXN,MI,AGL,CE,Federal Contract Tower,0,0,18,0,18,0,0,78,0,78,0,0,96,0,96,68,0,68,164
04/25/2011,JXN,MI,AGL,CE,Federal Contract Tower,0,0,2,0,2,0,0,0,0,0,0,0,2,0,2,0,0,0,2
04/26/2011,JXN,MI,AGL,CE,Federal Contract Tower,0,0,2,0,2,0,0,27,0,27,0,0,29,0,29,44,0,44,73
04/27/2011,JXN,MI,AGL,CE,Federal Contract Tower,0,0,7,6,13,0,0,16,4,20,0,0,23,10,33,44,4,48,81
04/28/2011,JXN,MI,AGL,CE,Federal Contract Tower,0,0,17,0,17,0,0,19,0,19,0,0,36,0,36,34,0,34,70
04/29/2011,JXN,MI,AGL,CE,Federal Contract Tower,0,0,19,0,19,0,1,88,0,89,0,1,107,0,108,100,0,100,208
04/30/2011,JXN,MI,AGL,CE,Federal Contract Tower,0,0,28,0,28,0,0,137,0,137,0,0,165,0,165,72,0,72,237
05/01/2011,JXN,MI,AGL,CE,Federal Contract Tower,0,0,13,2,15,0,0,51,0,51,0,0,64,2,66,20,0,20,86
05/02/2011,JXN,MI,AGL,CE,Federal Contract Tower,7,0,20,0,27,1,0,41,0,42,8,0,61,0,69,62,0,62,131
05/03/2011,JXN,MI,AGL,CE,Federal Contract Tower,0,0,12,0,12,0,0,39,0,39,0,0,51,0,51,106,0,106,157
05/04/2011,JXN,MI,AGL,CE,Federal Contract Tower,0,0,13,0,13,0,0,64,0,64,0,0,77,0,77,74,0,74,151
05/05/2011,JXN,MI,AGL,CE,Federal Contract Tower,0,0,8,0,8,0,2,84,0,86,0,2,92,0,94,114,0,114,208
05/06/2011,JXN,MI,AGL,CE,Federal Contract Tower,0,0,23,0,23,0,0,60,0,60,0,0,83,0,83,108,0,108,191
05/07/2011,JXN,MI,AGL,CE,Federal Contract Tower,0,0,12,0,12,0,0,149,0,149,0,0,161,0,161,40,0,40,201
05/08/2011,JXN,MI,AGL,CE,Federal Contract Tower,0,0,8,0,8,0,0,108,0,108,0,0,116,0,116,60,0,60,176
05/09/2011,JXN,MI,AGL,CE,Federal Contract Tower,0,0,7,0,7,0,0,72,4,76,0,0,79,4,83,48,0,48,131
05/10/2011,JXN,MI,AGL,CE,Federal Contract Tower,0,1,2,0,3,0,0,23,0,23,0,1,25,0,26,50,0,50,76
05/11/2011,JXN,MI,AGL,CE,Federal Contract Tower,0,0,10,0,10,0,1,36,0,37,0,1,46,0,47,90,0,90,137
05/12/2011,JXN,MI,AGL,CE,Federal Contract Tower,0,0,10,0,10,0,0,48,0,48,0,0,58,0,58,128,0,128,186
05/13/2011,JXN,MI,AGL,CE,Federal Contract Tower,0,0,14,0,14,0,0,63,0,63,0,0,77,0,77,104,0,104,181
05/14/2011,JXN,MI,AGL,CE,Federal Contract Tower,0,0,0,0,0,0,0,63,0,63,0,0,63,0,63,12,0,12,75
05/15/2011,JXN,MI,AGL,CE,Federal Contract Tower,0,0,2,0,2,0,0,1,0,1,0,0,3,0,3,0,0,0,3
05/16/2011,JXN,MI,AGL,CE,Federal Contract Tower,0,0,13,0,13,0,0,52,0,52,0,0,65,0,65,72,0,72,137
05/17/2011,JXN,MI,AGL,CE,Federal Contract Tower,0,0,3,0,3,0,0,17,0,17,0,0,20,0,20,76,0,76,96
05/18/2011,JXN,MI,AGL,CE,Federal Contract Tower,0,0,1,0,1,0,0,0,0,0,0,0,1,0,1,0,0,0,1
05/19/2011,JXN,MI,AGL,CE,Federal Contract Tower,0,0,39,0,39,0,0,23,0,23,0,0,62,0,62,110,0,110,172
05/20/2011,JXN,MI,AGL,CE,Federal Contract Tower,0,0,14,1,15,0,0,47,0,47,0,0,61,1,62,48,0,48,110
05/21/2011,JXN,MI,AGL,CE,Federal Contract Tower,0,0,7,0,7,0,0,159,0,159,0,0,166,0,166,40,0,40,206
05/22/2011,JXN,MI,AGL,CE,Federal Contract Tower,0,0,11,0,11,0,0,95,0,95,0,0,106,0,106,46,0,46,152
05/23/2011,JXN,MI,AGL,CE,Federal Contract Tower,0,3,15,0,18,0,1,28,0,29,0,4,43,0,47,14,0,14,61
05/24/2011,JXN,MI,AGL,CE,Federal Contract Tower,6,6,15,0,27,0,3,81,0,84,6,9,96,0,111,50,0,50,161
05/25/2011,JXN,MI,AGL,CE,Federal Contract Tower,0,0,7,0,7,0,0,0,0,0,0,0,7,0,7,0,0,0,7
05/26/2011,JXN,MI,AGL,CE,Federal Contract Tower,0,0,14,0,14,0,0,1,0,1,0,0,15,0,15,2,0,2,17
05/27/2011,JXN,MI,AGL,CE,Federal Contract Tower,0,2,20,0,22,0,0,17,0,17,0,2,37,0,39,74,0,74,113
05/28/2011,JXN,MI,AGL,CE,Federal Contract Tower,0,1,11,0,12,0,0,96,0,96,0,1,107,0,108,50,0,50,158
05/29/2011,JXN,MI,AGL,CE,Federal Contract Tower,0,1,0,0,1,0,5,93,0,98,0,6,93,0,99,42,0,42,141
05/30/2011,JXN,MI,AGL,CE,Federal Contract Tower,0,3,22,0,25,0,4,161,0,165,0,7,183,0,190,74,0,74,264
05/31/2011,JXN,MI,AGL,CE,Federal Contract Tower,0,0,9,0,9,0,2,37,0,39,0,2,46,0,48,2,0,2,50
06/01/2011,JXN,MI,AGL,CE,Federal Contract Tower,8,0,10,0,18,0,0,34,0,34,8,0,44,0,52,32,0,32,84
06/02/2011,JXN,MI,AGL,CE,Federal Contract Tower,0,0,12,0,12,0,1,137,0,138,0,1,149,0,150,192,0,192,342
06/03/2011,JXN,MI,AGL,CE,Federal Contract Tower,0,0,43,0,43,0,0,122,0,122,0,0,165,0,165,112,0,112,277
06/04/2011,JXN,MI,AGL,CE,Federal Contract Tower,0,0,29,0,29,0,0,106,0,106,0,0,135,0,135,38,0,38,173
06/05/2011,JXN,MI,AGL,CE,Federal Contract Tower,0,0,7,0,7,0,1,189,0,190,0,1,196,0,197,66,0,66,263
06/06/2011,JXN,MI,AGL,CE,Federal Contract Tower,0,0,17,0,17,0,1,57,0,58,0,1,74,0,75,54,0,54,129
06/07/2011,JXN,MI,AGL,CE,Federal Contract Tower,3,0,24,0,27,4,4,57,0,65,7,4,81,0,92,66,0,66,158
06/08/2011,JXN,MI,AGL,CE,Federal Contract Tower,0,0,5,0,5,0,2,56,0,58,0,2,61,0,63,108,0,108,171
06/09/2011,JXN,MI,AGL,CE,Federal Contract Tower,0,0,9,4,13,0,4,57,4,65,0,4,66,8,78,76,4,80,158
06/10/2011,JXN,MI,AGL,CE,Federal Contract Tower,0,0,7,0,7,0,0,3,0,3,0,0,10,0,10,0,0,0,10
06/11/2011,JXN,MI,AGL,CE,Federal Contract Tower,0,0,20,0,20,0,0,10,0,10,0,0,30,0,30,14,0,14,44
06/12/2011,JXN,MI,AGL,CE,Federal Contract Tower,0,0,19,0,19,0,0,108,0,108,0,0,127,0,127,26,0,26,153
06/13/2011,JXN,MI,AGL,CE,Federal Contract Tower,0,0,19,0,19,0,0,86,0,86,0,0,105,0,105,90,0,90,195
06/14/2011,JXN,MI,AGL,CE,Federal Contract Tower,0,0,26,0,26,0,4,89,0,93,0,4,115,0,119,62,2,64,183
06/15/2011,JXN,MI,AGL,CE,Federal Contract Tower,1,0,5,0,6,2,2,59,0,63,3,2,64,0,69,120,0,120,189
06/16/2011,JXN,MI,AGL,CE,Federal Contract Tower,0,0,24,0,24,0,0,73,3,76,0,0,97,3,100,126,6,132,232
06/17/2011,JXN,MI,AGL,CE,Federal Contract Tower,0,1,19,0,20,0,3,111,4,118,0,4,130,4,138,124,8,132,270
06/18/2011,JXN,MI,AGL,CE,Federal Contract Tower,0,1,19,0,20,0,0,125,0,125,0,1,144,0,145,54,0,54,199
06/19/2011,JXN,MI,AGL,CE,Federal Contract Tower,0,2,37,0,39,0,0,114,0,114,0,2,151,0,153,28,0,28,181
06/20/2011,JXN,MI,AGL,CE,Federal Contract Tower,0,0,11,0,11,0,0,7,0,7,0,0,18,0,18,24,0,24,42
06/21/2011,JXN,MI,AGL,CE,Federal Contract Tower,4,0,2,0,6,1,2,29,0,32,5,2,31,0,38,100,0,100,138
06/22/2011,JXN,MI,AGL,CE,Federal Contract Tower,8,0,9,0,17,0,0,53,1,54,8,0,62,1,71,118,0,118,189
06/23/2011,JXN,MI,AGL,CE,Federal Contract Tower,0,0,16,0,16,0,0,59,0,59,0,0,75,0,75,86,0,86,161
06/24/2011,JXN,MI,AGL,CE,Federal Contract Tower,0,0,11,0,11,0,0,27,0,27,0,0,38,0,38,28,0,28,66
06/25/2011,JXN,MI,AGL,CE,Federal Contract Tower,0,0,12,0,12,0,0,93,0,93,0,0,105,0,105,64,0,64,169
06/26/2011,JXN,MI,AGL,CE,Federal Contract Tower,0,0,22,0,22,0,0,111,0,111,0,0,133,0,133,88,0,88,221
06/27/2011,JXN,MI,AGL,CE,Federal Contract Tower,0,0,9,0,9,0,1,54,0,55,0,1,63,0,64,122,0,122,186
06/28/2011,JXN,MI,AGL,CE,Federal Contract Tower,0,0,15,0,15,0,2,72,0,74,0,2,87,0,89,132,0,132,221
06/29/2011,JXN,MI,AGL,CE,Federal Contract Tower,0,3,21,0,24,0,0,111,0,111,0,3,132,0,135,162,0,162,297
06/30/2011,JXN,MI,AGL,CE,Federal Contract Tower,0,0,21,0,21,0,1,113,2,116,0,1,134,2,137,178,0,178,315
07/01/2011,JXN,MI,AGL,CE,Federal Contract Tower,0,2,14,0,16,0,3,77,0,80,0,5,91,0,96,92,0,92,188
07/02/2011,JXN,MI,AGL,CE,Federal Contract Tower,0,0,10,0,10,0,0,65,0,65,0,0,75,0,75,2,0,2,77
07/03/2011,JXN,MI,AGL,CE,Federal Contract Tower,0,0,8,0,8,0,2,63,0,65,0,2,71,0,73,22,0,22,95
07/04/2011,JXN,MI,AGL,CE,Federal Contract Tower,0,0,20,0,20,0,0,91,0,91,0,0,111,0,111,66,0,66,177
07/05/2011,JXN,MI,AGL,CE,Federal Contract Tower,0,0,18,0,18,0,0,119,0,119,0,0,137,0,137,108,0,108,245
07/06/2011,JXN,MI,AGL,CE,Federal Contract Tower,0,0,12,0,12,0,22,83,0,105,0,22,95,0,117,84,0,84,201
07/07/2011,JXN,MI,AGL,CE,Federal Contract Tower,0,0,11,1,12,0,37,124,1,162,0,37,135,2,174,146,0,146,320
07/08/2011,JXN,MI,AGL,CE,Federal Contract Tower,0,0,12,0,12,0,3,159,0,162,0,3,171,0,174,66,0,66,240
07/09/2011,JXN,MI,AGL,CE,Federal Contract Tower,0,0,4,0,4,0,0,154,0,154,0,0,158,0,158,60,0,60,218
07/10/2011,JXN,MI,AGL,CE,Federal Contract Tower,0,0,27,0,27,0,0,181,0,181,0,0,208,0,208,38,0,38,246
07/11/2011,JXN,MI,AGL,CE,Federal Contract Tower,6,0,11,0,17,8,0,15,0,23,14,0,26,0,40,18,0,18,58
07/12/2011,JXN,MI,AGL,CE,Federal Contract Tower,0,0,24,0,24,0,2,81,0,83,0,2,105,0,107,110,0,110,217
07/13/2011,JXN,MI,AGL,CE,Federal Contract Tower,0,0,18,0,18,0,1,99,1,101,0,1,117,1,119,106,0,106,225
07/14/2011,JXN,MI,AGL,CE,Federal Contract Tower,0,0,13,0,13,0,4,105,1,110,0,4,118,1,123,104,12,116,239
07/15/2011,JXN,MI,AGL,CE,Federal Contract Tower,0,0,17,0,17,0,4,105,3,112,0,4,122,3,129,130,2,132,261
07/16/2011,JXN,MI,AGL,CE,Federal Contract Tower,0,0,6,0,6,0,0,148,0,148,0,0,154,0,154,6,0,6,160
07/17/2011,JXN,MI,AGL,CE,Federal Contract Tower,0,0,7,0,7,0,0,89,0,89,0,0,96,0,96,26,0,26,122
07/18/2011,JXN,MI,AGL,CE,Federal Contract Tower,0,0,7,0,7,0,0,50,1,51,0,0,57,1,58,100,0,100,158
07/19/2011,JXN,MI,AGL,CE,Federal Contract Tower,0,0,3,0,3,0,2,55,0,57,0,2,58,0,60,98,0,98,158
07/20/2011,JXN,MI,AGL,CE,Federal Contract Tower,0,0,14,0,14,0,0,69,0,69,0,0,83,0,83,84,0,84,167
07/21/2011,JXN,MI,AGL,CE,Federal Contract Tower,4,0,16,0,20,8,1,67,4,80,12,1,83,4,100,50,0,50,150
07/22/2011,JXN,MI,AGL,CE,Federal Contract Tower,0,0,17,1,18,0,2,48,1,51,0,2,65,2,69,60,2,62,131
07/23/2011,JXN,MI,AGL,CE,Federal Contract Tower,0,0,8,0,8,0,0,24,0,24,0,0,32,0,32,28,0,28,60
07/24/2011,JXN,MI,AGL,CE,Federal Contract Tower,0,1,10,0,11,0,3,77,0,80,0,4,87,0,91,46,0,46,137
07/25/2011,JXN,MI,AGL,CE,Federal Contract Tower,0,0,13,0,13,0,1,54,0,55,0,1,67,0,68,144,0,144,212
07/26/2011,JXN,MI,AGL,CE,Federal Contract Tower,0,0,7,0,7,0,6,77,0,83,0,6,84,0,90,150,0,150,240
07/27/2011,JXN,MI,AGL,CE,Federal Contract Tower,0,0,30,2,32,0,0,63,0,63,0,0,93,2,95,78,2,80,175
07/28/2011,JXN,MI,AGL,CE,Federal Contract Tower,0,0,7,0,7,0,0,27,2,29,0,0,34,2,36,44,0,44,80
07/29/2011,JXN,MI,AGL,CE,Federal Contract Tower,0,2,14,0,16,0,2,23,0,25,0,4,37,0,41,0,0,0,41
07/30/2011,JXN,MI,AGL,CE,Federal Contract Tower,0,0,19,0,19,0,0,132,0,132,0,0,151,0,151,40,0,40,191
07/31/2011,JXN,MI,AGL,CE,Federal Contract Tower,0,0,7,0,7,0,0,105,0,105,0,0,112,0,112,78,0,78,190
08/01/2011,JXN,MI,AGL,CE,Federal Contract Tower,0,0,10,0,10,0,0,73,0,73,0,0,83,0,83,82,0,82,165
08/02/2011,JXN,MI,AGL,CE,Federal Contract Tower,0,0,19,0,19,0,1,66,0,67,0,1,85,0,86,98,0,98,184
08/03/2011,JXN,MI,AGL,CE,Federal Contract Tower,0,0,18,0,18,0,0,41,0,41,0,0,59,0,59,116,0,116,175
08/04/2011,JXN,MI,AGL,CE,Federal Contract Tower,0,0,14,0,14,0,2,49,0,51,0,2,63,0,65,164,0,164,229
08/05/2011,JXN,MI,AGL,CE,Federal Contract Tower,0,0,21,0,21,0,4,59,0,63,0,4,80,0,84,78,0,78,162
08/06/2011,JXN,MI,AGL,CE,Federal Contract Tower,0,0,20,0,20,0,0,77,0,77,0,0,97,0,97,66,0,66,163
08/07/2011,JXN,MI,AGL,CE,Federal Contract Tower,0,0,16,0,16,0,0,69,0,69,0,0,85,0,85,58,0,58,143
08/08/2011,JXN,MI,AGL,CE,Federal Contract Tower,0,0,10,0,10,0,2,53,7,62,0,2,63,7,72,40,0,40,112
08/09/2011,JXN,MI,AGL,CE,Federal Contract Tower,0,2,2,0,4,0,2,37,0,39,0,4,39,0,43,58,0,58,101
08/10/2011,JXN,MI,AGL,CE,Federal Contract Tower,0,6,20,0,26,0,3,85,0,88,0,9,105,0,114,166,0,166,280
08/11/2011,JXN,MI,AGL,CE,Federal Contract Tower,0,0,24,4,28,0,2,116,0,118,0,2,140,4,146,118,0,118,264
08/12/2011,JXN,MI,AGL,CE,Federal Contract Tower,0,0,16,0,16,0,0,103,0,103,0,0,119,0,119,80,0,80,199
08/13/2011,JXN,MI,AGL,CE,Federal Contract Tower,0,0,3,0,3,0,0,51,0,51,0,0,54,0,54,52,0,52,106
08/14/2011,JXN,MI,AGL,CE,Federal Contract Tower,0,0,6,0,6,0,0,4,0,4,0,0,10,0,10,0,0,0,10
08/15/2011,JXN,MI,AGL,CE,Federal Contract Tower,0,2,9,0,11,0,0,59,0,59,0,2,68,0,70,78,0,78,148
08/16/2011,JXN,MI,AGL,CE,Federal Contract Tower,0,0,15,0,15,0,3,105,0,108,0,3,120,0,123,78,0,78,201
08/17/2011,JXN,MI,AGL,CE,Federal Contract Tower,0,1,17,0,18,0,0,80,0,80,0,1,97,0,98,56,0,56,154
08/18/2011,JXN,MI,AGL,CE,Federal Contract Tower,0,1,19,0,20,0,0,45,0,45,0,1,64,0,65,98,0,98,163
08/19/2011,JXN,MI,AGL,CE,Federal Contract Tower,0,0,26,0,26,0,0,93,0,93,0,0,119,0,119,28,0,28,147
08/20/2011,JXN,MI,AGL,CE,Federal Contract Tower,0,0,19,0,19,0,2,103,0,105,0,2,122,0,124,44,0,44,168
08/21/2011,JXN,MI,AGL,CE,Federal Contract Tower,0,0,44,0,44,0,28,114,0,142,0,28,158,0,186,30,0,30,216
08/22/2011,JXN,MI,AGL,CE,Federal Contract Tower,0,0,8,0,8,0,2,80,0,82,0,2,88,0,90,118,0,118,208
08/23/2011,JXN,MI,AGL,CE,Federal Contract Tower,0,0,15,1,16,0,3,72,2,77,0,3,87,3,93,84,0,84,177
08/24/2011,JXN,MI,AGL,CE,Federal Contract Tower,0,0,10,0,10,0,2,25,2,29,0,2,35,2,39,58,2,60,99
08/25/2011,JXN,MI,AGL,CE,Federal Contract Tower,0,0,13,0,13,0,0,45,0,45,0,0,58,0,58,40,0,40,98
08/26/2011,JXN,MI,AGL,CE,Federal Contract Tower,0,0,24,0,24,0,0,83,0,83,0,0,107,0,107,42,0,42,149
08/27/2011,JXN,MI,AGL,CE,Federal Contract Tower,0,0,23,0,23,0,0,102,0,102,0,0,125,0,125,78,0,78,203
08/28/2011,JXN,MI,AGL,CE,Federal Contract Tower,0,1,4,0,5,0,1,70,0,71,0,2,74,0,76,26,0,26,102
08/29/2011,JXN,MI,AGL,CE,Federal Contract Tower,0,1,4,0,5,0,0,62,0,62,0,1,66,0,67,66,0,66,133
08/30/2011,JXN,MI,AGL,CE,Federal Contract Tower,0,0,4,0,4,0,4,58,0,62,0,4,62,0,66,48,0,48,114
08/31/2011,JXN,MI,AGL,CE,Federal Contract Tower,0,0,9,0,9,0,0,42,0,42,0,0,51,0,51,8,0,8,59
09/01/2011,JXN,MI,AGL,CE,Federal Contract Tower,0,0,16,0,16,0,0,80,0,80,0,0,96,0,96,72,0,72,168
09/02/2011,JXN,MI,AGL,CE,Federal Contract Tower,0,0,12,4,16,0,0,49,1,50,0,0,61,5,66,58,4,62,128
09/03/2011,JXN,MI,AGL,CE,Federal Contract Tower,0,0,12,0,12,0,0,76,0,76,0,0,88,0,88,30,0,30,118
09/04/2011,JXN,MI,AGL,CE,Federal Contract Tower,0,0,4,0,4,0,0,74,0,74,0,0,78,0,78,20,0,20,98
09/05/2011,JXN,MI,AGL,CE,Federal Contract Tower,0,0,14,0,14,0,2,43,0,45,0,2,57,0,59,14,0,14,73
09/06/2011,JXN,MI,AGL,CE,Federal Contract Tower,0,0,6,0,6,0,0,23,4,27,0,0,29,4,33,40,2,42,75
09/07/2011,JXN,MI,AGL,CE,Federal Contract Tower,0,0,9,0,9,0,0,24,0,24,0,0,33,0,33,60,0,60,93
09/08/2011,JXN,MI,AGL,CE,Federal Contract Tower,0,0,13,0,13,0,0,0,0,0,0,0,13,0,13,0,0,0,13
09/09/2011,JXN,MI,AGL,CE,Federal Contract Tower,4,0,7,0,11,8,0,21,0,29,12,0,28,0,40,36,0,36,76
09/10/2011,JXN,MI,AGL,CE,Federal Contract Tower,0,0,24,0,24,0,0,44,0,44,0,0,68,0,68,12,0,12,80
09/11/2011,JXN,MI,AGL,CE,Federal Contract Tower,16,0,14,0,30,8,0,54,0,62,24,0,68,0,92,26,0,26,118
09/12/2011,JXN,MI,AGL,CE,Federal Contract Tower,0,2,7,0,9,0,0,73,0,73,0,2,80,0,82,78,0,78,160
09/13/2011,JXN,MI,AGL,CE,Federal Contract Tower,0,0,6,0,6,0,4,36,0,40,0,4,42,0,46,28,0,28,74
09/14/2011,JXN,MI,AGL,CE,Federal Contract Tower,0,0,13,0,13,0,0,41,0,41,0,0,54,0,54,64,0,64,118
09/15/2011,JXN,MI,AGL,CE,Federal Contract Tower,2,0,15,0,17,0,2,90,0,92,2,2,105,0,109,112,0,112,221
09/16/2011,JXN,MI,AGL,CE,Federal Contract Tower,0,1,19,0,20,0,0,97,0,97,0,1,116,0,117,110,0,110,227
09/17/2011,JXN,MI,AGL,CE,Federal Contract Tower,0,0,16,0,16,0,2,116,0,118,0,2,132,0,134,26,0,26,160
09/18/2011,JXN,MI,AGL,CE,Federal Contract Tower,0,0,18,0,18,0,0,78,0,78,0,0,96,0,96,74,0,74,170
09/19/2011,JXN,MI,AGL,CE,Federal Contract Tower,0,0,4,0,4,0,0,4,0,4,0,0,8,0,8,0,0,0,8
09/20/2011,JXN,MI,AGL,CE,Federal Contract Tower,0,0,23,0,23,0,0,65,0,65,0,0,88,0,88,52,0,52,140
09/21/2011,JXN,MI,AGL,CE,Federal Contract Tower,0,0,5,0,5,0,0,54,0,54,0,0,59,0,59,52,0,52,111
09/22/2011,JXN,MI,AGL,CE,Federal Contract Tower,7,2,1,4,14,1,2,63,0,66,8,4,64,4,80,88,0,88,168
09/23/2011,JXN,MI,AGL,CE,Federal Contract Tower,0,0,6,0,6,0,2,50,1,53,0,2,56,1,59,28,0,28,87
09/24/2011,JXN,MI,AGL,CE,Federal Contract Tower,0,3,20,0,23,0,0,20,0,20,0,3,40,0,43,18,0,18,61
09/25/2011,JXN,MI,AGL,CE,Federal Contract Tower,0,1,7,0,8,0,0,32,0,32,0,1,39,0,40,12,0,12,52
09/26/2011,JXN,MI,AGL,CE,Federal Contract Tower,0,0,13,0,13,0,0,24,0,24,0,0,37,0,37,38,0,38,75
09/27/2011,JXN,MI,AGL,CE,Federal Contract Tower,0,0,21,0,21,0,3,36,0,39,0,3,57,0,60,26,0,26,86
09/28/2011,JXN,MI,AGL,CE,Federal Contract Tower,0,0,6,0,6,0,0,19,0,19,0,0,25,0,25,42,0,42,67
09/29/2011,JXN,MI,AGL,CE,Federal Contract Tower,0,0,15,0,15,0,0,29,0,29,0,0,44,0,44,40,0,40,84
09/30/2011,JXN,MI,AGL,CE,Federal Contract Tower,0,4,8,0,12,0,3,9,0,12,0,7,17,0,24,14,0,14,38
10/01/2011,JXN,MI,AGL,CE,Federal Contract Tower,0,0,2,0,2,0,0,47,0,47,0,0,49,0,49,16,0,16,65
10/02/2011,JXN,MI,AGL,CE,Federal Contract Tower,0,2,14,0,16,0,0,99,0,99,0,2,113,0,115,84,0,84,199
10/03/2011,JXN,MI,AGL,CE,Federal Contract Tower,0,0,11,0,11,0,0,50,0,50,0,0,61,0,61,34,0,34,95
10/04/2011,JXN,MI,AGL,CE,Federal Contract Tower,0,2,18,4,24,0,1,122,4,127,0,3,140,8,151,60,2,62,213
10/05/2011,JXN,MI,AGL,CE,Federal Contract Tower,0,2,9,0,11,0,1,115,0,116,0,3,124,0,127,80,0,80,207
10/06/2011,JXN,MI,AGL,CE,Federal Contract Tower,0,2,17,0,19,0,2,125,0,127,0,4,142,0,146,102,0,102,248
10/07/2011,JXN,MI,AGL,CE,Federal Contract Tower,0,1,11,0,12,0,1,118,0,119,0,2,129,0,131,78,0,78,209
10/08/2011,JXN,MI,AGL,CE,Federal Contract Tower,0,0,17,0,17,0,4,133,0,137,0,4,150,0,154,82,0,82,236
10/09/2011,JXN,MI,AGL,CE,Federal Contract Tower,0,0,10,0,10,0,0,137,0,137,0,0,147,0,147,82,0,82,229
10/10/2011,JXN,MI,AGL,CE,Federal Contract Tower,0,0,13,0,13,0,1,53,0,54,0,1,66,0,67,30,0,30,97
10/11/2011,JXN,MI,AGL,CE,Federal Contract Tower,0,0,13,0,13,0,1,61,0,62,0,1,74,0,75,54,0,54,129
10/12/2011,JXN,MI,AGL,CE,Federal Contract Tower,0,0,11,1,12,0,1,60,2,63,0,1,71,3,75,100,2,102,177
10/13/2011,JXN,MI,AGL,CE,Federal Contract Tower,0,0,10,0,10,0,0,23,0,23,0,0,33,0,33,26,0,26,59
10/14/2011,JXN,MI,AGL,CE,Federal Contract Tower,0,0,15,0,15,0,0,17,0,17,0,0,32,0,32,10,0,10,42
10/15/2011,JXN,MI,AGL,CE,Federal Contract Tower,0,2,0,0,2,0,0,2,0,2,0,2,2,0,4,0,0,0,4
10/16/2011,JXN,MI,AGL,CE,Federal Contract Tower,0,0,12,0,12,0,0,48,0,48,0,0,60,0,60,72,0,72,132
10/17/2011,JXN,MI,AGL,CE,Federal Contract Tower,0,0,17,0,17,0,0,57,0,57,0,0,74,0,74,84,0,84,158
10/18/2011,JXN,MI,AGL,CE,Federal Contract Tower,0,2,19,0,21,0,9,87,0,96,0,11,106,0,117,138,0,138,255
10/19/2011,JXN,MI,AGL,CE,Federal Contract Tower,0,0,2,0,2,0,0,0,0,0,0,0,2,0,2,0,0,0,2
10/20/2011,JXN,MI,AGL,CE,Federal Contract Tower,0,0,13,0,13,0,0,1,0,1,0,0,14,0,14,0,0,0,14
10/21/2011,JXN,MI,AGL,CE,Federal Contract Tower,0,0,18,0,18,0,2,20,0,22,0,2,38,0,40,36,0,36,76
10/22/2011,JXN,MI,AGL,CE,Federal Contract Tower,0,0,19,0,19,0,0,106,0,106,0,0,125,0,125,32,0,32,157
10/23/2011,JXN,MI,AGL,CE,Federal Contract Tower,0,0,23,0,23,0,2,93,2,97,0,2,116,2,120,36,0,36,156
10/24/2011,JXN,MI,AGL,CE,Federal Contract Tower,0,1,19,0,20,0,0,55,0,55,0,1,74,0,75,42,0,42,117
10/25/2011,JXN,MI,AGL,CE,Federal Contract Tower,0,0,8,0,8,0,0,68,0,68,0,0,76,0,76,76,0,76,152
10/26/2011,JXN,MI,AGL,CE,Federal Contract Tower,0,0,13,0,13,0,0,0,0,0,0,0,13,0,13,2,0,2,15
10/27/2011,JXN,MI,AGL,CE,Federal Contract Tower,0,2,16,0,18,0,0,22,2,24,0,2,38,2,42,52,0,52,94
10/28/2011,JXN,MI,AGL,CE,Federal Contract Tower,0,0,24,1,25,0,0,55,0,55,0,0,79,1,80,40,0,40,120
10/29/2011,JXN,MI,AGL,CE,Federal Contract Tower,0,0,32,0,32,0,0,55,0,55,0,0,87,0,87,0,0,0,87
10/30/2011,JXN,MI,AGL,CE,Federal Contract Tower,0,0,9,0,9,0,0,91,1,92,0,0,100,1,101,26,0,26,127
10/31/2011,JXN,MI,AGL,CE,Federal Contract Tower,0,0,11,0,11,0,0,38,0,38,0,0,49,0,49,60,0,60,109
11/01/2011,JXN,MI,AGL,CE,Federal Contract Tower,0,0,9,0,9,0,0,98,1,99,0,0,107,1,108,82,0,82,190
11/02/2011,JXN,MI,AGL,CE,Federal Contract Tower,0,0,17,6,23,0,1,82,2,85,0,1,99,8,108,60,2,62,170
11/03/2011,JXN,MI,AGL,CE,Federal Contract Tower,0,0,15,0,15,0,0,17,0,17,0,0,32,0,32,84,0,84,116
11/04/2011,JXN,MI,AGL,CE,Federal Contract Tower,0,0,19,1,20,0,0,96,2,98,0,0,115,3,118,66,2,68,186
11/05/2011,JXN,MI,AGL,CE,Federal Contract Tower,0,0,14,4,18,0,0,103,4,107,0,0,117,8,125,16,8,24,149
11/06/2011,JXN,MI,AGL,CE,Federal Contract Tower,0,0,8,0,8,0,0,76,0,76,0,0,84,0,84,64,0,64,148
11/07/2011,JXN,MI,AGL,CE,Federal Contract Tower,0,10,16,0,26,0,10,43,0,53,0,20,59,0,79,84,0,84,163
11/08/2011,JXN,MI,AGL,CE,Federal Contract Tower,0,0,21,0,21,0,0,51,0,51,0,0,72,0,72,96,0,96,168
11/09/2011,JXN,MI,AGL,CE,Federal Contract Tower,0,2,1,0,3,0,0,1,0,1,0,2,2,0,4,14,0,14,18
11/10/2011,JXN,MI,AGL,CE,Federal Contract Tower,0,0,11,0,11,0,0,13,0,13,0,0,24,0,24,94,0,94,118
11/11/2011,JXN,MI,AGL,CE,Federal Contract Tower,0,0,19,0,19,0,0,66,0,66,0,0,85,0,85,80,0,80,165
11/12/2011,JXN,MI,AGL,CE,Federal Contract Tower,0,0,19,0,19,0,2,130,0,132,0,2,149,0,151,32,0,32,183
11/13/2011,JXN,MI,AGL,CE,Federal Contract Tower,0,0,7,0,7,0,0,9,0,9,0,0,16,0,16,0,0,0,16
11/14/2011,JXN,MI,AGL,CE,Federal Contract Tower,0,0,2,4,6,0,0,44,1,45,0,0,46,5,51,90,2,92,143
11/15/2011,JXN,MI,AGL,CE,Federal Contract Tower,0,0,4,5,9,0,2,54,4,60,0,2,58,9,69,140,0,140,209
11/16/2011,JXN,MI,AGL,CE,Federal Contract Tower,5,0,15,2,22,5,4,63,4,76,10,4,78,6,98,64,4,68,166
11/17/2011,JXN,MI,AGL,CE,Federal Contract Tower,0,0,13,0,13,0,1,34,0,35,0,1,47,0,48,74,0,74,122
11/18/2011,JXN,MI,AGL,CE,Federal Contract Tower,0,0,11,0,11,0,0,16,0,16,0,0,27,0,27,16,0,16,43
11/19/2011,JXN,MI,AGL,CE,Federal Contract Tower,0,0,15,0,15,0,0,64,0,64,0,0,79,0,79,22,0,22,101
11/20/2011,JXN,MI,AGL,CE,Federal Contract Tower,0,0,21,0,21,0,0,96,0,96,0,0,117,0,117,104,0,104,221
11/21/2011,JXN,MI,AGL,CE,Federal Contract Tower,0,0,5,0,5,0,2,62,0,64,0,2,67,0,69,108,0,108,177
11/22/2011,JXN,MI,AGL,CE,Federal Contract Tower,0,2,11,3,16,0,0,2,0,2,0,2,13,3,18,0,0,0,18
11/23/2011,JXN,MI,AGL,CE,Federal Contract Tower,0,2,12,5,19,0,5,89,8,102,0,7,101,13,121,42,0,42,163
11/24/2011,JXN,MI,AGL,CE,Federal Contract Tower,0,0,4,0,4,0,0,0,0,0,0,0,4,0,4,4,0,4,8
11/25/2011,JXN,MI,AGL,CE,Federal Contract Tower,0,0,32,0,32,0,4,69,0,73,0,4,101,0,105,38,0,38,143
11/26/2011,JXN,MI,AGL,CE,Federal Contract Tower,0,3,11,0,14,0,4,75,0,79,0,7,86,0,93,24,0,24,117
11/27/2011,JXN,MI,AGL,CE,Federal Contract Tower,6,5,2,0,13,0,3,24,0,27,6,8,26,0,40,20,0,20,60
11/28/2011,JXN,MI,AGL,CE,Federal Contract Tower,0,0,5,0,5,0,1,23,0,24,0,1,28,0,29,96,0,96,125
11/29/2011,JXN,MI,AGL,CE,Federal Contract Tower,0,1,1,0,2,0,0,0,0,0,0,1,1,0,2,0,0,0,2
11/30/2011,JXN,MI,AGL,CE,Federal Contract Tower,0,0,13,0,13,0,0,32,2,34,0,0,45,2,47,40,0,40,87
12/01/2011,JXN,MI,AGL,CE,Federal Contract Tower,0,0,14,0,14,0,0,69,0,69,0,0,83,0,83,118,0,118,201
12/02/2011,JXN,MI,AGL,CE,Federal Contract Tower,0,0,4,1,5,0,4,46,1,51,0,4,50,2,56,30,0,30,86
12/03/2011,JXN,MI,AGL,CE,Federal Contract Tower,0,0,37,0,37,0,2,120,0,122,0,2,157,0,159,72,0,72,231
12/04/2011,JXN,MI,AGL,CE,Federal Contract Tower,0,0,9,0,9,0,2,7,0,9,0,2,16,0,18,0,0,0,18
12/05/2011,JXN,MI,AGL,CE,Federal Contract Tower,0,0,5,0,5,0,1,10,0,11,0,1,15,0,16,46,0,46,62
12/06/2011,JXN,MI,AGL,CE,Federal Contract Tower,0,0,3,0,3,0,1,40,0,41,0,1,43,0,44,126,0,126,170
12/07/2011,JXN,MI,AGL,CE,Federal Contract Tower,0,0,25,0,25,0,10,51,0,61,0,10,76,0,86,90,0,90,176
12/08/2011,JXN,MI,AGL,CE,Federal Contract Tower,0,0,16,2,18,0,2,38,2,42,0,2,54,4,60,60,2,62,122
12/09/2011,JXN,MI,AGL,CE,Federal Contract Tower,0,2,7,0,9,0,4,11,0,15,0,6,18,0,24,22,0,22,46
12/10/2011,JXN,MI,AGL,CE,Federal Contract Tower,0,0,42,0,42,0,3,127,0,130,0,3,169,0,172,74,0,74,246
12/11/2011,JXN,MI,AGL,CE,Federal Contract Tower,0,0,27,0,27,0,0,149,0,149,0,0,176,0,176,84,0,84,260
12/12/2011,JXN,MI,AGL,CE,Federal Contract Tower,0,0,15,0,15,0,2,77,0,79,0,2,92,0,94,66,0,66,160
12/13/2011,JXN,MI,AGL,CE,Federal Contract Tower,0,2,9,0,11,0,2,46,0,48,0,4,55,0,59,84,0,84,143
12/14/2011,JXN,MI,AGL,CE,Federal Contract Tower,0,0,10,0,10,0,0,0,0,0,0,0,10,0,10,0,0,0,10
12/15/2011,JXN,MI,AGL,CE,Federal Contract Tower,0,1,12,0,13,0,1,21,0,22,0,2,33,0,35,18,0,18,53
12/16/2011,JXN,MI,AGL,CE,Federal Contract Tower,0,4,11,1,16,0,2,50,1,53,0,6,61,2,69,78,4,82,151
12/17/2011,JXN,MI,AGL,CE,Federal Contract Tower,2,0,0,0,2,0,0,0,0,0,2,0,0,0,2,0,0,0,2
12/18/2011,JXN,MI,AGL,CE,Federal Contract Tower,0,0,11,1,12,0,0,58,0,58,0,0,69,1,70,54,0,54,124
12/19/2011,JXN,MI,AGL,CE,Federal Contract Tower,6,0,4,0,10,8,0,32,0,40,14,0,36,0,50,54,0,54,104
12/20/2011,JXN,MI,AGL,CE,Federal Contract Tower,0,0,10,0,10,0,0,39,0,39,0,0,49,0,49,74,0,74,123
12/21/2011,JXN,MI,AGL,CE,Federal Contract Tower,0,1,1,0,2,0,0,0,0,0,0,1,1,0,2,0,0,0,2
12/22/2011,JXN,MI,AGL,CE,Federal Contract Tower,0,1,17,0,18,0,0,37,0,37,0,1,54,0,55,62,0,62,117
12/23/2011,JXN,MI,AGL,CE,Federal Contract Tower,0,0,6,0,6,0,0,70,2,72,0,0,76,2,78,46,0,46,124
12/24/2011,JXN,MI,AGL,CE,Federal Contract Tower,0,0,31,0,31,0,2,109,0,111,0,2,140,0,142,60,0,60,202
12/25/2011,JXN,MI,AGL,CE,Federal Contract Tower,0,0,0,0,0,0,0,1,0,1,0,0,1,0,1,0,0,0,1
12/26/2011,JXN,MI,AGL,CE,Federal Contract Tower,5,1,5,0,11,4,1,80,0,85,9,2,85,0,96,22,0,22,118
12/27/2011,JXN,MI,AGL,CE,Federal Contract Tower,0,1,4,0,5,0,0,0,0,0,0,1,4,0,5,0,0,0,5
12/28/2011,JXN,MI,AGL,CE,Federal Contract Tower,0,1,10,0,11,0,0,49,0,49,0,1,59,0,60,22,0,22,82
12/29/2011,JXN,MI,AGL,CE,Federal Contract Tower,0,0,4,0,4,0,0,5,0,5,0,0,9,0,9,6,0,6,15
12/30/2011,JXN,MI,AGL,CE,Federal Contract Tower,0,0,1,0,1,0,0,0,0,0,0,0,1,0,1,0,0,0,1
12/31/2011,JXN,MI,AGL,CE,Federal Contract Tower,0,0,2,0,2,0,0,9,0,9,0,0,11,0,11,0,0,0,11
01/01/2012,JXN,MI,AGL,CE,Federal Contract Tower,0,0,0,0,0,0,0,3,0,3,0,0,3,0,3,0,0,0,3
01/02/2012,JXN,MI,AGL,CE,Federal Contract Tower,0,0,0,0,0,0,0,0,0,0,0,0,0,0,0,0,0,0,0
01/03/2012,JXN,MI,AGL,CE,Federal Contract Tower,0,0,11,0,11,0,0,38,0,38,0,0,49,0,49,54,0,54,103
01/04/2012,JXN,MI,AGL,CE,Federal Contract Tower,0,0,18,0,18,0,0,43,0,43,0,0,61,0,61,60,0,60,121
01/05/2012,JXN,MI,AGL,CE,Federal Contract Tower,0,1,31,8,40,0,1,90,8,99,0,2,121,16,139,122,0,122,261
01/06/2012,JXN,MI,AGL,CE,Federal Contract Tower,4,0,15,0,19,8,0,105,0,113,12,0,120,0,132,94,0,94,226
01/07/2012,JXN,MI,AGL,CE,Federal Contract Tower,0,0,17,0,17,0,0,125,0,125,0,0,142,0,142,32,0,32,174
01/08/2012,JXN,MI,AGL,CE,Federal Contract Tower,0,0,25,1,26,0,0,101,3,104,0,0,126,4,130,42,2,44,174
01/09/2012,JXN,MI,AGL,CE,Federal Contract Tower,0,0,6,0,6,0,0,46,0,46,0,0,52,0,52,84,0,84,136
01/10/2012,JXN,MI,AGL,CE,Federal Contract Tower,0,0,19,0,19,0,0,67,0,67,0,0,86,0,86,46,0,46,132
01/11/2012,JXN,MI,AGL,CE,Federal Contract Tower,0,0,11,3,14,0,0,96,6,102,0,0,107,9,116,84,6,90,206
01/12/2012,JXN,MI,AGL,CE,Federal Contract Tower,0,0,0,0,0,0,0,0,0,0,0,0,0,0,0,0,0,0,0
01/13/2012,JXN,MI,AGL,CE,Federal Contract Tower,1,1,9,0,11,1,0,40,0,41,2,1,49,0,52,45,1,46,98
01/14/2012,JXN,MI,AGL,CE,Federal Contract Tower,0,0,5,0,5,0,0,4,0,4,0,0,9,0,9,0,0,0,9
01/15/2012,JXN,MI,AGL,CE,Federal Contract Tower,0,0,9,0,9,0,0,59,0,59,0,0,68,0,68,30,0,30,98
01/16/2012,JXN,MI,AGL,CE,Federal Contract Tower,0,0,6,0,6,0,2,27,0,29,0,2,33,0,35,54,0,54,89
01/17/2012,JXN,MI,AGL,CE,Federal Contract Tower,0,0,3,0,3,0,0,0,0,0,0,0,3,0,3,2,0,2,5
01/18/2012,JXN,MI,AGL,CE,Federal Contract Tower,0,0,9,1,10,0,0,38,2,40,0,0,47,3,50,68,0,68,118
01/19/2012,JXN,MI,AGL,CE,Federal Contract Tower,0,0,4,1,5,0,0,13,2,15,0,0,17,3,20,22,2,24,44
01/20/2012,JXN,MI,AGL,CE,Federal Contract Tower,0,0,5,0,5,0,0,35,0,35,0,0,40,0,40,70,0,70,110
01/21/2012,JXN,MI,AGL,CE,Federal Contract Tower,0,0,9,0,9,0,0,75,0,75,0,0,84,0,84,72,0,72,156
01/22/2012,JXN,MI,AGL,CE,Federal Contract Tower,0,0,0,0,0,0,0,24,0,24,0,0,24,0,24,4,0,4,28
01/23/2012,JXN,MI,AGL,CE,Federal Contract Tower,0,0,2,0,2,0,0,0,0,0,0,0,2,0,2,0,0,0,2
01/24/2012,JXN,MI,AGL,CE,Federal Contract Tower,8,0,10,0,18,8,0,18,0,26,16,0,28,0,44,50,0,50,94
01/25/2012,JXN,MI,AGL,CE,Federal Contract Tower,0,0,22,0,22,0,1,72,0,73,0,1,94,0,95,84,0,84,179
01/26/2012,JXN,MI,AGL,CE,Federal Contract Tower,2,0,5,0,7,0,0,0,0,0,2,0,5,0,7,0,0,0,7
01/27/2012,JXN,MI,AGL,CE,Federal Contract Tower,0,2,20,0,22,0,1,47,0,48,0,3,67,0,70,50,0,50,120
01/28/2012,JXN,MI,AGL,CE,Federal Contract Tower,0,0,1,0,1,0,0,0,0,0,0,0,1,0,1,0,0,0,1
01/29/2012,JXN,MI,AGL,CE,Federal Contract Tower,0,0,1,0,1,0,1,21,0,22,0,1,22,0,23,24,0,24,47
01/30/2012,JXN,MI,AGL,CE,Federal Contract Tower,0,2,5,0,7,0,0,29,0,29,0,2,34,0,36,48,0,48,84
01/31/2012,JXN,MI,AGL,CE,Federal Contract Tower,5,0,15,0,20,2,0,44,0,46,7,0,59,0,66,32,0,32,98
02/01/2012,JXN,MI,AGL,CE,Federal Contract Tower,8,0,19,4,31,9,0,68,3,80,17,0,87,7,111,140,2,142,253
02/02/2012,JXN,MI,AGL,CE,Federal Contract Tower,0,0,1,0,1,0,0,49,1,50,0,0,50,1,51,90,0,90,141
02/03/2012,JXN,MI,AGL,CE,Federal Contract Tower,0,0,7,0,7,0,0,8,0,8,0,0,15,0,15,8,0,8,23
02/04/2012,JXN,MI,AGL,CE,Federal Contract Tower,0,0,16,0,16,0,0,161,0,161,0,0,177,0,177,76,0,76,253
02/05/2012,JXN,MI,AGL,CE,Federal Contract Tower,0,0,36,0,36,0,0,161,2,163,0,0,197,2,199,62,0,62,261
02/06/2012,JXN,MI,AGL,CE,Federal Contract Tower,0,0,7,0,7,0,0,58,0,58,0,0,65,0,65,80,0,80,145
02/07/2012,JXN,MI,AGL,CE,Federal Contract Tower,0,0,4,3,7,0,0,26,6,32,0,0,30,9,39,34,6,40,79
02/08/2012,JXN,MI,AGL,CE,Federal Contract Tower,0,0,15,0,15,0,0,85,0,85,0,0,100,0,100,64,0,64,164
02/09/2012,JXN,MI,AGL,CE,Federal Contract Tower,0,0,10,0,10,0,0,82,0,82,0,0,92,0,92,56,0,56,148
02/10/2012,JXN,MI,AGL,CE,Federal Contract Tower,0,0,6,0,6,0,0,2,0,2,0,0,8,0,8,14,0,14,22
02/11/2012,JXN,MI,AGL,CE,Federal Contract Tower,0,4,6,0,10,0,2,10,0,12,0,6,16,0,22,4,0,4,26
02/12/2012,JXN,MI,AGL,CE,Federal Contract Tower,0,2,11,0,13,0,0,25,0,25,0,2,36,0,38,10,0,10,48
02/13/2012,JXN,MI,AGL,CE,Federal Contract Tower,0,0,13,0,13,0,2,87,2,91,0,2,100,2,104,112,0,112,216
02/14/2012,JXN,MI,AGL,CE,Federal Contract Tower,0,0,2,0,2,0,0,0,0,0,0,0,2,0,2,0,0,0,2
02/15/2012,JXN,MI,AGL,CE,Federal Contract Tower,0,0,14,0,14,0,0,42,0,42,0,0,56,0,56,124,0,124,180
02/16/2012,JXN,MI,AGL,CE,Federal Contract Tower,0,0,5,0,5,0,0,2,0,2,0,0,7,0,7,22,0,22,29
02/17/2012,JXN,MI,AGL,CE,Federal Contract Tower,0,0,26,6,32,0,0,89,5,94,0,0,115,11,126,102,4,106,232
02/18/2012,JXN,MI,AGL,CE,Federal Contract Tower,0,0,14,0,14,0,0,26,0,26,0,0,40,0,40,26,0,26,66
02/19/2012,JXN,MI,AGL,CE,Federal Contract Tower,0,0,29,0,29,0,2,132,0,134,0,2,161,0,163,118,0,118,281
02/20/2012,JXN,MI,AGL,CE,Federal Contract Tower,0,8,17,0,25,0,0,118,0,118,0,8,135,0,143,92,0,92,235
02/21/2012,JXN,MI,AGL,CE,Federal Contract Tower,0,0,3,0,3,0,0,0,0,0,0,0,3,0,3,6,0,6,9
02/22/2012,JXN,MI,AGL,CE,Federal Contract Tower,0,0,9,0,9,0,0,3,0,3,0,0,12,0,12,96,0,96,108
02/23/2012,JXN,MI,AGL,CE,Federal Contract Tower,0,0,5,0,5,0,0,19,0,19,0,0,24,0,24,25,0,25,49
02/24/2012,JXN,MI,AGL,CE,Federal Contract Tower,0,0,0,0,0,0,0,0,0,0,0,0,0,0,0,0,0,0,0
02/25/2012,JXN,MI,AGL,CE,Federal Contract Tower,0,0,17,0,17,0,0,12,0,12,0,0,29,0,29,12,0,12,41
02/26/2012,JXN,MI,AGL,CE,Federal Contract Tower,0,0,21,0,21,0,0,78,0,78,0,0,99,0,99,18,0,18,117
02/27/2012,JXN,MI,AGL,CE,Federal Contract Tower,0,1,2,0,3,0,0,15,0,15,0,1,17,0,18,28,0,28,46
02/28/2012,JXN,MI,AGL,CE,Federal Contract Tower,0,4,21,0,25,0,4,104,0,108,0,8,125,0,133,124,0,124,257
02/29/2012,JXN,MI,AGL,CE,Federal Contract Tower,0,0,6,0,6,0,0,0,0,0,0,0,6,0,6,0,0,0,6
03/01/2012,JXN,MI,AGL,CE,Federal Contract Tower,0,0,6,0,6,0,0,7,0,7,0,0,13,0,13,4,0,4,17
03/02/2012,JXN,MI,AGL,CE,Federal Contract Tower,0,0,3,0,3,0,0,14,0,14,0,0,17,0,17,44,0,44,61
03/03/2012,JXN,MI,AGL,CE,Federal Contract Tower,0,0,3,0,3,0,0,7,0,7,0,0,10,0,10,0,0,0,10
03/04/2012,JXN,MI,AGL,CE,Federal Contract Tower,0,0,13,0,13,0,0,59,2,61,0,0,72,2,74,48,0,48,122
03/05/2012,JXN,MI,AGL,CE,Federal Contract Tower,0,0,10,1,11,0,1,64,3,68,0,1,74,4,79,62,2,64,143
03/06/2012,JXN,MI,AGL,CE,Federal Contract Tower,0,0,8,0,8,0,0,60,0,60,0,0,68,0,68,74,0,74,142
03/07/2012,JXN,MI,AGL,CE,Federal Contract Tower,0,0,7,4,11,0,0,17,2,19,0,0,24,6,30,40,22,62,92
03/08/2012,JXN,MI,AGL,CE,Federal Contract Tower,0,0,9,0,9,0,0,2,0,2,0,0,11,0,11,2,0,2,13
03/09/2012,JXN,MI,AGL,CE,Federal Contract Tower,0,0,3,0,3,0,0,41,0,41,0,0,44,0,44,106,0,106,150
03/10/2012,JXN,MI,AGL,CE,Federal Contract Tower,0,0,22,0,22,0,2,71,8,81,0,2,93,8,103,64,0,64,167
03/11/2012,JXN,MI,AGL,CE,Federal Contract Tower,0,0,37,0,37,0,0,164,0,164,0,0,201,0,201,98,0,98,299
03/12/2012,JXN,MI,AGL,CE,Federal Contract Tower,0,0,5,0,5,0,2,3,0,5,0,2,8,0,10,24,0,24,34
03/13/2012,JXN,MI,AGL,CE,Federal Contract Tower,0,0,15,0,15,0,0,65,0,65,0,0,80,0,80,148,0,148,228
03/14/2012,JXN,MI,AGL,CE,Federal Contract Tower,0,0,20,0,20,0,3,79,1,83,0,3,99,1,103,96,0,96,199
03/15/2012,JXN,MI,AGL,CE,Federal Contract Tower,0,0,7,0,7,0,0,22,0,22,0,0,29,0,29,88,0,88,117
03/16/2012,JXN,MI,AGL,CE,Federal Contract Tower,0,0,5,0,5,0,0,68,0,68,0,0,73,0,73,104,0,104,177
03/17/2012,JXN,MI,AGL,CE,Federal Contract Tower,0,0,19,0,19,0,2,147,0,149,0,2,166,0,168,78,0,78,246
03/18/2012,JXN,MI,AGL,CE,Federal Contract Tower,0,0,25,0,25,0,0,63,0,63,0,0,88,0,88,70,0,70,158
03/19/2012,JXN,MI,AGL,CE,Federal Contract Tower,0,0,9,0,9,0,0,52,0,52,0,0,61,0,61,124,0,124,185
03/20/2012,JXN,MI,AGL,CE,Federal Contract Tower,0,0,24,0,24,0,0,68,0,68,0,0,92,0,92,54,0,54,146
03/21/2012,JXN,MI,AGL,CE,Federal Contract Tower,0,5,12,0,17,0,2,55,0,57,0,7,67,0,74,118,0,118,192
03/22/2012,JXN,MI,AGL,CE,Federal Contract Tower,0,5,8,0,13,0,3,25,0,28,0,8,33,0,41,62,0,62,103
03/23/2012,JXN,MI,AGL,CE,Federal Contract Tower,0,0,1,0,1,0,0,6,0,6,0,0,7,0,7,26,0,26,33
03/24/2012,JXN,MI,AGL,CE,Federal Contract Tower,0,0,22,0,22,0,0,0,0,0,0,0,22,0,22,0,0,0,22
03/25/2012,JXN,MI,AGL,CE,Federal Contract Tower,0,0,16,0,16,0,0,134,0,134,0,0,150,0,150,96,0,96,246
03/26/2012,JXN,MI,AGL,CE,Federal Contract Tower,0,0,1,0,1,0,0,71,0,71,0,0,72,0,72,146,0,146,218
03/27/2012,JXN,MI,AGL,CE,Federal Contract Tower,0,2,10,0,12,0,2,48,0,50,0,4,58,0,62,66,0,66,128
03/28/2012,JXN,MI,AGL,CE,Federal Contract Tower,0,0,2,0,2,0,1,12,0,13,0,1,14,0,15,22,0,22,37
03/29/2012,JXN,MI,AGL,CE,Federal Contract Tower,0,0,16,0,16,0,2,57,0,59,0,2,73,0,75,54,0,54,129
03/30/2012,JXN,MI,AGL,CE,Federal Contract Tower,0,0,7,0,7,0,0,0,0,0,0,0,7,0,7,0,0,0,7
03/31/2012,JXN,MI,AGL,CE,Federal Contract Tower,0,0,16,0,16,0,0,68,0,68,0,0,84,0,84,56,0,56,140
04/01/2012,JXN,MI,AGL,CE,Federal Contract Tower,0,0,4,0,4,0,0,28,0,28,0,0,32,0,32,12,0,12,44
04/02/2012,JXN,MI,AGL,CE,Federal Contract Tower,0,0,15,0,15,0,0,74,0,74,0,0,89,0,89,104,0,104,193
04/03/2012,JXN,MI,AGL,CE,Federal Contract Tower,0,2,11,0,13,0,0,33,0,33,0,2,44,0,46,68,0,68,114
04/04/2012,JXN,MI,AGL,CE,Federal Contract Tower,1,0,6,0,7,0,0,51,0,51,1,0,57,0,58,86,0,86,144
04/05/2012,JXN,MI,AGL,CE,Federal Contract Tower,0,0,7,2,9,0,0,44,0,44,0,0,51,2,53,88,0,88,141
04/06/2012,JXN,MI,AGL,CE,Federal Contract Tower,0,0,12,0,12,0,0,135,0,135,0,0,147,0,147,58,0,58,205
04/07/2012,JXN,MI,AGL,CE,Federal Contract Tower,0,0,15,0,15,0,2,154,0,156,0,2,169,0,171,46,0,46,217
04/08/2012,JXN,MI,AGL,CE,Federal Contract Tower,0,0,2,0,2,0,0,52,0,52,0,0,54,0,54,14,0,14,68
04/09/2012,JXN,MI,AGL,CE,Federal Contract Tower,0,0,3,4,7,0,0,6,0,6,0,0,9,4,13,16,0,16,29
04/10/2012,JXN,MI,AGL,CE,Federal Contract Tower,0,0,9,0,9,0,0,44,0,44,0,0,53,0,53,30,0,30,83
04/11/2012,JXN,MI,AGL,CE,Federal Contract Tower,0,0,4,0,4,0,0,55,0,55,0,0,59,0,59,130,0,130,189
04/12/2012,JXN,MI,AGL,CE,Federal Contract Tower,0,3,14,0,17,0,0,95,0,95,0,3,109,0,112,200,0,200,312
04/13/2012,JXN,MI,AGL,CE,Federal Contract Tower,0,0,18,0,18,0,0,87,0,87,0,0,105,0,105,122,0,122,227
04/14/2012,JXN,MI,AGL,CE,Federal Contract Tower,0,0,2,0,2,0,0,59,0,59,0,0,61,0,61,12,0,12,73
04/15/2012,JXN,MI,AGL,CE,Federal Contract Tower,0,0,1,0,1,0,0,37,0,37,0,0,38,0,38,20,0,20,58
04/16/2012,JXN,MI,AGL,CE,Federal Contract Tower,0,6,1,0,7,0,4,2,0,6,0,10,3,0,13,4,0,4,17
04/17/2012,JXN,MI,AGL,CE,Federal Contract Tower,0,0,10,0,10,0,0,54,0,54,0,0,64,0,64,152,0,152,216
04/18/2012,JXN,MI,AGL,CE,Federal Contract Tower,0,0,24,1,25,0,0,54,1,55,0,0,78,2,80,118,0,118,198
04/19/2012,JXN,MI,AGL,CE,Federal Contract Tower,0,0,13,0,13,0,0,57,0,57,0,0,70,0,70,138,0,138,208
04/20/2012,JXN,MI,AGL,CE,Federal Contract Tower,0,0,4,0,4,0,0,15,0,15,0,0,19,0,19,20,0,20,39
04/21/2012,JXN,MI,AGL,CE,Federal Contract Tower,0,0,18,0,18,0,0,118,0,118,0,0,136,0,136,38,0,38,174
04/22/2012,JXN,MI,AGL,CE,Federal Contract Tower,0,0,5,0,5,0,0,74,0,74,0,0,79,0,79,16,0,16,95
04/23/2012,JXN,MI,AGL,CE,Federal Contract Tower,0,1,8,0,9,0,0,21,0,21,0,1,29,0,30,10,0,10,40
04/24/2012,JXN,MI,AGL,CE,Federal Contract Tower,0,2,7,0,9,0,2,30,0,32,0,4,37,0,41,22,0,22,63
04/25/2012,JXN,MI,AGL,CE,Federal Contract Tower,0,0,19,6,25,0,2,53,6,61,0,2,72,12,86,146,0,146,232
04/26/2012,JXN,MI,AGL,CE,Federal Contract Tower,0,0,5,0,5,0,0,16,0,16,0,0,21,0,21,88,0,88,109
04/27/2012,JXN,MI,AGL,CE,Federal Contract Tower,0,0,19,0,19,0,0,111,0,111,0,0,130,0,130,112,0,112,242
04/28/2012,JXN,MI,AGL,CE,Federal Contract Tower,0,0,16,0,16,0,0,13,0,13,0,0,29,0,29,14,0,14,43
04/29/2012,JXN,MI,AGL,CE,Federal Contract Tower,0,0,21,0,21,0,0,114,0,114,0,0,135,0,135,28,0,28,163
04/30/2012,JXN,MI,AGL,CE,Federal Contract Tower,0,4,4,0,8,0,0,18,0,18,0,4,22,0,26,44,0,44,70
05/01/2012,JXN,MI,AGL,CE,Federal Contract Tower,0,0,23,0,23,0,0,27,0,27,0,0,50,0,50,84,0,84,134
05/02/2012,JXN,MI,AGL,CE,Federal Contract Tower,0,0,6,0,6,0,4,34,0,38,0,4,40,0,44,62,0,62,106
05/03/2012,JXN,MI,AGL,CE,Federal Contract Tower,0,0,21,0,21,0,0,79,0,79,0,0,100,0,100,118,0,118,218
05/04/2012,JXN,MI,AGL,CE,Federal Contract Tower,0,0,3,0,3,0,2,57,0,59,0,2,60,0,62,112,0,112,174
05/05/2012,JXN,MI,AGL,CE,Federal Contract Tower,0,0,36,0,36,0,3,58,0,61,0,3,94,0,97,30,0,30,127
05/06/2012,JXN,MI,AGL,CE,Federal Contract Tower,0,0,13,0,13,0,2,120,0,122,0,2,133,0,135,24,0,24,159
05/07/2012,JXN,MI,AGL,CE,Federal Contract Tower,0,0,15,0,15,0,2,11,0,13,0,2,26,0,28,18,0,18,46
05/08/2012,JXN,MI,AGL,CE,Federal Contract Tower,5,0,22,0,27,0,0,56,0,56,5,0,78,0,83,58,0,58,141
05/09/2012,JXN,MI,AGL,CE,Federal Contract Tower,0,0,10,0,10,0,0,61,0,61,0,0,71,0,71,86,0,86,157
05/10/2012,JXN,MI,AGL,CE,Federal Contract Tower,0,0,6,0,6,0,0,83,0,83,0,0,89,0,89,116,0,116,205
05/11/2012,JXN,MI,AGL,CE,Federal Contract Tower,6,0,7,0,13,6,0,77,0,83,12,0,84,0,96,154,0,154,250
05/12/2012,JXN,MI,AGL,CE,Federal Contract Tower,7,0,5,0,12,2,0,42,0,44,9,0,47,0,56,10,0,10,66
05/13/2012,JXN,MI,AGL,CE,Federal Contract Tower,0,2,17,0,19,0,0,43,0,43,0,2,60,0,62,12,0,12,74
05/14/2012,JXN,MI,AGL,CE,Federal Contract Tower,0,0,18,0,18,0,0,57,0,57,0,0,75,0,75,94,0,94,169
05/15/2012,JXN,MI,AGL,CE,Federal Contract Tower,0,0,12,0,12,0,0,80,0,80,0,0,92,0,92,26,0,26,118
05/16/2012,JXN,MI,AGL,CE,Federal Contract Tower,0,2,6,0,8,0,1,61,0,62,0,3,67,0,70,82,0,82,152
05/17/2012,JXN,MI,AGL,CE,Federal Contract Tower,0,0,20,0,20,0,0,100,0,100,0,0,120,0,120,160,0,160,280
05/18/2012,JXN,MI,AGL,CE,Federal Contract Tower,0,0,3,0,3,0,0,98,0,98,0,0,101,0,101,52,0,52,153
05/19/2012,JXN,MI,AGL,CE,Federal Contract Tower,1,0,21,0,22,1,0,113,0,114,2,0,134,0,136,20,0,20,156
05/20/2012,JXN,MI,AGL,CE,Federal Contract Tower,0,0,4,0,4,0,0,77,0,77,0,0,81,0,81,40,0,40,121
05/21/2012,JXN,MI,AGL,CE,Federal Contract Tower,0,1,5,0,6,0,0,6,0,6,0,1,11,0,12,14,0,14,26
05/22/2012,JXN,MI,AGL,CE,Federal Contract Tower,0,0,21,0,21,0,0,63,0,63,0,0,84,0,84,130,0,130,214
05/23/2012,JXN,MI,AGL,CE,Federal Contract Tower,0,0,18,0,18,0,6,90,4,100,0,6,108,4,118,120,0,120,238
05/24/2012,JXN,MI,AGL,CE,Federal Contract Tower,0,2,8,0,10,0,1,68,0,69,0,3,76,0,79,84,0,84,163
05/25/2012,JXN,MI,AGL,CE,Federal Contract Tower,0,0,24,0,24,0,0,75,0,75,0,0,99,0,99,98,0,98,197
05/26/2012,JXN,MI,AGL,CE,Federal Contract Tower,0,0,5,0,5,0,0,32,0,32,0,0,37,0,37,12,0,12,49
05/27/2012,JXN,MI,AGL,CE,Federal Contract Tower,0,0,9,0,9,0,0,51,0,51,0,0,60,0,60,8,0,8,68
05/28/2012,JXN,MI,AGL,CE,Federal Contract Tower,0,0,7,0,7,0,0,53,0,53,0,0,60,0,60,2,0,2,62
05/29/2012,JXN,MI,AGL,CE,Federal Contract Tower,0,0,5,0,5,0,0,55,0,55,0,0,60,0,60,82,0,82,142
05/30/2012,JXN,MI,AGL,CE,Federal Contract Tower,0,0,15,0,15,0,1,79,0,80,0,1,94,0,95,56,0,56,151
05/31/2012,JXN,MI,AGL,CE,Federal Contract Tower,0,0,11,0,11,0,0,44,0,44,0,0,55,0,55,92,0,92,147
06/01/2012,JXN,MI,AGL,CE,Federal Contract Tower,0,0,14,0,14,0,0,0,0,0,0,0,14,0,14,0,0,0,14
06/02/2012,JXN,MI,AGL,CE,Federal Contract Tower,0,0,7,0,7,0,0,52,0,52,0,0,59,0,59,18,0,18,77
06/03/2012,JXN,MI,AGL,CE,Federal Contract Tower,0,0,4,0,4,0,1,56,2,59,0,1,60,2,63,14,0,14,77
06/04/2012,JXN,MI,AGL,CE,Federal Contract Tower,0,0,16,0,16,0,0,85,0,85,0,0,101,0,101,152,0,152,253
06/05/2012,JXN,MI,AGL,CE,Federal Contract Tower,0,0,26,0,26,0,0,61,0,61,0,0,87,0,87,126,0,126,213
06/06/2012,JXN,MI,AGL,CE,Federal Contract Tower,0,0,17,0,17,0,0,77,2,79,0,0,94,2,96,86,0,86,182
06/07/2012,JXN,MI,AGL,CE,Federal Contract Tower,0,0,31,0,31,0,0,111,0,111,0,0,142,0,142,114,0,114,256
06/08/2012,JXN,MI,AGL,CE,Federal Contract Tower,0,0,20,0,20,0,1,76,0,77,0,1,96,0,97,76,0,76,173
06/09/2012,JXN,MI,AGL,CE,Federal Contract Tower,0,0,19,0,19,0,0,172,0,172,0,0,191,0,191,36,0,36,227
06/10/2012,JXN,MI,AGL,CE,Federal Contract Tower,0,0,12,0,12,0,0,117,0,117,0,0,129,0,129,20,0,20,149
06/11/2012,JXN,MI,AGL,CE,Federal Contract Tower,0,0,12,0,12,0,0,57,0,57,0,0,69,0,69,104,0,104,173
06/12/2012,JXN,MI,AGL,CE,Federal Contract Tower,0,0,15,0,15,0,0,74,0,74,0,0,89,0,89,128,0,128,217
06/13/2012,JXN,MI,AGL,CE,Federal Contract Tower,0,0,22,0,22,0,0,97,0,97,0,0,119,0,119,118,0,118,237
06/14/2012,JXN,MI,AGL,CE,Federal Contract Tower,0,0,15,2,17,0,0,115,0,115,0,0,130,2,132,104,0,104,236
06/15/2012,JXN,MI,AGL,CE,Federal Contract Tower,0,0,14,0,14,0,4,93,0,97,0,4,107,0,111,66,0,66,177
06/16/2012,JXN,MI,AGL,CE,Federal Contract Tower,2,0,4,0,6,0,0,93,12,105,2,0,97,12,111,22,0,22,133
06/17/2012,JXN,MI,AGL,CE,Federal Contract Tower,2,0,32,0,34,0,0,53,0,53,2,0,85,0,87,0,0,0,87
06/18/2012,JXN,MI,AGL,CE,Federal Contract Tower,0,0,10,0,10,0,0,53,2,55,0,0,63,2,65,118,0,118,183
06/19/2012,JXN,MI,AGL,CE,Federal Contract Tower,0,3,20,0,23,0,2,93,0,95,0,5,113,0,118,150,0,150,268
06/20/2012,JXN,MI,AGL,CE,Federal Contract Tower,0,2,21,0,23,10,3,83,0,96,10,5,104,0,119,90,0,90,209
06/21/2012,JXN,MI,AGL,CE,Federal Contract Tower,0,0,11,0,11,0,0,51,1,52,0,0,62,1,63,84,0,84,147
06/22/2012,JXN,MI,AGL,CE,Federal Contract Tower,0,2,21,0,23,0,5,88,0,93,0,7,109,0,116,132,0,132,248
06/23/2012,JXN,MI,AGL,CE,Federal Contract Tower,0,0,19,0,19,0,0,100,0,100,0,0,119,0,119,42,0,42,161
06/24/2012,JXN,MI,AGL,CE,Federal Contract Tower,0,0,14,0,14,0,1,81,0,82,0,1,95,0,96,62,0,62,158
06/25/2012,JXN,MI,AGL,CE,Federal Contract Tower,0,3,26,0,29,0,1,80,6,87,0,4,106,6,116,84,0,84,200
06/26/2012,JXN,MI,AGL,CE,Federal Contract Tower,0,0,21,0,21,0,0,113,0,113,0,0,134,0,134,136,0,136,270
06/27/2012,JXN,MI,AGL,CE,Federal Contract Tower,0,14,29,0,43,0,3,67,0,70,0,17,96,0,113,152,0,152,265
06/28/2012,JXN,MI,AGL,CE,Federal Contract Tower,0,0,22,0,22,0,2,68,0,70,0,2,90,0,92,82,0,82,174
06/29/2012,JXN,MI,AGL,CE,Federal Contract Tower,0,4,14,0,18,0,1,58,0,59,0,5,72,0,77,130,0,130,207
06/30/2012,JXN,MI,AGL,CE,Federal Contract Tower,0,7,5,0,12,0,16,98,0,114,0,23,103,0,126,60,0,60,186
07/01/2012,JXN,MI,AGL,CE,Federal Contract Tower,0,0,6,0,6,0,0,76,0,76,0,0,82,0,82,66,0,66,148
07/02/2012,JXN,MI,AGL,CE,Federal Contract Tower,0,0,14,0,14,0,1,101,0,102,0,1,115,0,116,84,0,84,200
07/03/2012,JXN,MI,AGL,CE,Federal Contract Tower,0,0,8,0,8,0,1,65,0,66,0,1,73,0,74,248,0,248,322
07/04/2012,JXN,MI,AGL,CE,Federal Contract Tower,0,0,5,0,5,0,0,43,2,45,0,0,48,2,50,22,0,22,72
07/05/2012,JXN,MI,AGL,CE,Federal Contract Tower,0,0,15,0,15,0,2,63,0,65,0,2,78,0,80,36,0,36,116
07/06/2012,JXN,MI,AGL,CE,Federal Contract Tower,0,0,7,0,7,0,0,109,0,109,0,0,116,0,116,60,0,60,176
07/07/2012,JXN,MI,AGL,CE,Federal Contract Tower,0,0,13,0,13,0,0,162,0,162,0,0,175,0,175,60,0,60,235
07/08/2012,JXN,MI,AGL,CE,Federal Contract Tower,0,0,13,0,13,0,1,161,0,162,0,1,174,0,175,38,0,38,213
07/09/2012,JXN,MI,AGL,CE,Federal Contract Tower,0,0,7,0,7,0,0,75,0,75,0,0,82,0,82,38,0,38,120
07/10/2012,JXN,MI,AGL,CE,Federal Contract Tower,0,0,9,0,9,0,2,85,0,87,0,2,94,0,96,112,0,112,208
07/11/2012,JXN,MI,AGL,CE,Federal Contract Tower,0,0,11,0,11,0,0,92,4,96,0,0,103,4,107,126,0,126,233
07/12/2012,JXN,MI,AGL,CE,Federal Contract Tower,0,2,15,0,17,0,0,82,0,82,0,2,97,0,99,50,0,50,149
07/13/2012,JXN,MI,AGL,CE,Federal Contract Tower,5,0,22,2,29,7,1,69,8,85,12,1,91,10,114,78,0,78,192
07/14/2012,JXN,MI,AGL,CE,Federal Contract Tower,0,0,5,0,5,0,0,118,0,118,0,0,123,0,123,50,0,50,173
07/15/2012,JXN,MI,AGL,CE,Federal Contract Tower,0,0,1,0,1,0,0,85,0,85,0,0,86,0,86,58,0,58,144
07/16/2012,JXN,MI,AGL,CE,Federal Contract Tower,0,0,3,0,3,0,1,61,0,62,0,1,64,0,65,62,0,62,127
07/17/2012,JXN,MI,AGL,CE,Federal Contract Tower,0,0,9,0,9,0,1,82,2,85,0,1,91,2,94,86,0,86,180
07/18/2012,JXN,MI,AGL,CE,Federal Contract Tower,0,0,8,0,8,0,0,36,0,36,0,0,44,0,44,58,0,58,102
07/19/2012,JXN,MI,AGL,CE,Federal Contract Tower,0,0,9,0,9,0,2,13,0,15,0,2,22,0,24,36,0,36,60
07/20/2012,JXN,MI,AGL,CE,Federal Contract Tower,0,0,11,0,11,0,0,68,2,70,0,0,79,2,81,62,0,62,143
07/21/2012,JXN,MI,AGL,CE,Federal Contract Tower,0,0,26,0,26,0,0,142,0,142,0,0,168,0,168,52,0,52,220
07/22/2012,JXN,MI,AGL,CE,Federal Contract Tower,0,0,7,0,7,0,1,92,0,93,0,1,99,0,100,34,0,34,134
07/23/2012,JXN,MI,AGL,CE,Federal Contract Tower,0,0,12,1,13,0,0,53,2,55,0,0,65,3,68,36,0,36,104
07/24/2012,JXN,MI,AGL,CE,Federal Contract Tower,0,0,18,0,18,0,0,56,4,60,0,0,74,4,78,112,2,114,192
07/25/2012,JXN,MI,AGL,CE,Federal Contract Tower,0,0,20,0,20,0,0,57,0,57,0,0,77,0,77,80,0,80,157
07/26/2012,JXN,MI,AGL,CE,Federal Contract Tower,0,0,13,0,13,0,0,59,0,59,0,0,72,0,72,40,0,40,112
07/27/2012,JXN,MI,AGL,CE,Federal Contract Tower,0,0,14,0,14,0,0,88,0,88,0,0,102,0,102,78,0,78,180
07/28/2012,JXN,MI,AGL,CE,Federal Contract Tower,0,0,22,0,22,0,0,116,0,116,0,0,138,0,138,32,0,32,170
07/29/2012,JXN,MI,AGL,CE,Federal Contract Tower,0,0,25,0,25,0,0,150,0,150,0,0,175,0,175,68,0,68,243
07/30/2012,JXN,MI,AGL,CE,Federal Contract Tower,0,2,44,0,46,0,0,125,0,125,0,2,169,0,171,92,0,92,263
07/31/2012,JXN,MI,AGL,CE,Federal Contract Tower,0,0,26,0,26,0,2,67,2,71,0,2,93,2,97,90,0,90,187
08/01/2012,JXN,MI,AGL,CE,Federal Contract Tower,0,0,15,0,15,0,1,70,0,71,0,1,85,0,86,84,0,84,170
08/02/2012,JXN,MI,AGL,CE,Federal Contract Tower,0,0,23,0,23,0,0,60,0,60,0,0,83,0,83,100,0,100,183
08/03/2012,JXN,MI,AGL,CE,Federal Contract Tower,0,0,8,0,8,0,1,91,0,92,0,1,99,0,100,88,0,88,188
08/04/2012,JXN,MI,AGL,CE,Federal Contract Tower,0,0,14,0,14,0,0,95,0,95,0,0,109,0,109,30,0,30,139
08/05/2012,JXN,MI,AGL,CE,Federal Contract Tower,0,0,8,0,8,0,1,79,0,80,0,1,87,0,88,18,0,18,106
08/06/2012,JXN,MI,AGL,CE,Federal Contract Tower,0,0,24,0,24,0,3,76,0,79,0,3,100,0,103,72,0,72,175
08/07/2012,JXN,MI,AGL,CE,Federal Contract Tower,0,0,1,0,1,0,2,77,0,79,0,2,78,0,80,68,0,68,148
08/08/2012,JXN,MI,AGL,CE,Federal Contract Tower,0,0,7,0,7,0,2,65,0,67,0,2,72,0,74,50,0,50,124
08/09/2012,JXN,MI,AGL,CE,Federal Contract Tower,0,0,11,0,11,0,0,0,0,0,0,0,11,0,11,0,0,0,11
08/10/2012,JXN,MI,AGL,CE,Federal Contract Tower,0,0,17,0,17,0,0,0,0,0,0,0,17,0,17,0,0,0,17
08/11/2012,JXN,MI,AGL,CE,Federal Contract Tower,0,1,27,0,28,0,0,4,0,4,0,1,31,0,32,6,0,6,38
08/12/2012,JXN,MI,AGL,CE,Federal Contract Tower,0,0,11,0,11,0,1,150,0,151,0,1,161,0,162,72,0,72,234
08/13/2012,JXN,MI,AGL,CE,Federal Contract Tower,0,1,40,0,41,0,0,49,0,49,0,1,89,0,90,68,0,68,158
08/14/2012,JXN,MI,AGL,CE,Federal Contract Tower,0,0,15,0,15,0,1,39,0,40,0,1,54,0,55,82,0,82,137
08/15/2012,JXN,MI,AGL,CE,Federal Contract Tower,0,2,4,0,6,0,3,44,0,47,0,5,48,0,53,44,0,44,97
08/16/2012,JXN,MI,AGL,CE,Federal Contract Tower,3,0,10,0,13,3,0,45,0,48,6,0,55,0,61,48,0,48,109
08/17/2012,JXN,MI,AGL,CE,Federal Contract Tower,0,4,11,0,15,0,1,95,0,96,0,5,106,0,111,126,0,126,237
08/18/2012,JXN,MI,AGL,CE,Federal Contract Tower,2,6,14,0,22,0,2,145,0,147,2,8,159,0,169,36,0,36,205
08/19/2012,JXN,MI,AGL,CE,Federal Contract Tower,0,4,51,0,55,0,28,104,0,132,0,32,155,0,187,26,0,26,213
08/20/2012,JXN,MI,AGL,CE,Federal Contract Tower,0,1,10,0,11,0,1,57,1,59,0,2,67,1,70,70,0,70,140
08/21/2012,JXN,MI,AGL,CE,Federal Contract Tower,0,0,5,0,5,0,0,46,5,51,0,0,51,5,56,80,0,80,136
08/22/2012,JXN,MI,AGL,CE,Federal Contract Tower,0,2,2,0,4,0,1,84,0,85,0,3,86,0,89,112,0,112,201
08/23/2012,JXN,MI,AGL,CE,Federal Contract Tower,0,2,33,0,35,0,0,149,0,149,0,2,182,0,184,114,0,114,298
08/24/2012,JXN,MI,AGL,CE,Federal Contract Tower,0,0,21,2,23,0,2,142,0,144,0,2,163,2,167,106,0,106,273
08/25/2012,JXN,MI,AGL,CE,Federal Contract Tower,0,0,11,0,11,0,0,122,0,122,0,0,133,0,133,26,0,26,159
08/26/2012,JXN,MI,AGL,CE,Federal Contract Tower,0,0,27,0,27,0,0,87,0,87,0,0,114,0,114,14,0,14,128
08/27/2012,JXN,MI,AGL,CE,Federal Contract Tower,0,0,5,0,5,0,1,12,0,13,0,1,17,0,18,12,0,12,30
08/28/2012,JXN,MI,AGL,CE,Federal Contract Tower,0,2,22,0,24,0,3,55,0,58,0,5,77,0,82,126,0,126,208
08/29/2012,JXN,MI,AGL,CE,Federal Contract Tower,0,2,12,0,14,0,1,103,0,104,0,3,115,0,118,150,0,150,268
08/30/2012,JXN,MI,AGL,CE,Federal Contract Tower,0,0,31,2,33,0,0,112,4,116,0,0,143,6,149,152,4,156,305
08/31/2012,JXN,MI,AGL,CE,Federal Contract Tower,0,0,4,0,4,0,0,78,7,85,0,0,82,7,89,76,0,76,165
09/01/2012,JXN,MI,AGL,CE,Federal Contract Tower,0,0,0,0,0,0,0,92,0,92,0,0,92,0,92,30,0,30,122
09/02/2012,JXN,MI,AGL,CE,Federal Contract Tower,0,0,18,0,18,0,0,56,0,56,0,0,74,0,74,26,0,26,100
09/03/2012,JXN,MI,AGL,CE,Federal Contract Tower,0,0,3,0,3,0,0,55,0,55,0,0,58,0,58,18,0,18,76
09/04/2012,JXN,MI,AGL,CE,Federal Contract Tower,0,1,15,0,16,0,0,25,0,25,0,1,40,0,41,90,0,90,131
09/05/2012,JXN,MI,AGL,CE,Federal Contract Tower,0,2,7,0,9,0,0,51,0,51,0,2,58,0,60,46,0,46,106
09/06/2012,JXN,MI,AGL,CE,Federal Contract Tower,0,9,17,2,28,0,2,88,2,92,0,11,105,4,120,124,0,124,244
09/07/2012,JXN,MI,AGL,CE,Federal Contract Tower,0,0,8,0,8,0,0,51,0,51,0,0,59,0,59,98,0,98,157
09/08/2012,JXN,MI,AGL,CE,Federal Contract Tower,0,0,10,0,10,0,2,49,0,51,0,2,59,0,61,22,0,22,83
09/09/2012,JXN,MI,AGL,CE,Federal Contract Tower,0,0,14,0,14,0,0,91,0,91,0,0,105,0,105,20,0,20,125
09/10/2012,JXN,MI,AGL,CE,Federal Contract Tower,0,2,16,0,18,0,2,57,0,59,0,4,73,0,77,54,0,54,131
09/11/2012,JXN,MI,AGL,CE,Federal Contract Tower,0,2,20,0,22,0,0,60,0,60,0,2,80,0,82,114,0,114,196
09/12/2012,JXN,MI,AGL,CE,Federal Contract Tower,0,3,18,0,21,0,2,92,0,94,0,5,110,0,115,140,0,140,255
09/13/2012,JXN,MI,AGL,CE,Federal Contract Tower,0,2,14,0,16,0,2,86,2,90,0,4,100,2,106,120,0,120,226
09/14/2012,JXN,MI,AGL,CE,Federal Contract Tower,0,0,14,0,14,0,0,69,0,69,0,0,83,0,83,108,0,108,191
09/15/2012,JXN,MI,AGL,CE,Federal Contract Tower,0,0,12,0,12,0,0,195,0,195,0,0,207,0,207,10,0,10,217
09/16/2012,JXN,MI,AGL,CE,Federal Contract Tower,0,2,19,0,21,0,0,114,0,114,0,2,133,0,135,20,0,20,155
09/17/2012,JXN,MI,AGL,CE,Federal Contract Tower,0,0,8,0,8,0,0,34,0,34,0,0,42,0,42,46,0,46,88
09/18/2012,JXN,MI,AGL,CE,Federal Contract Tower,0,1,9,0,10,0,1,18,0,19,0,2,27,0,29,32,0,32,61
09/19/2012,JXN,MI,AGL,CE,Federal Contract Tower,7,0,6,0,13,1,1,71,0,73,8,1,77,0,86,102,0,102,188
09/20/2012,JXN,MI,AGL,CE,Federal Contract Tower,3,1,11,0,15,4,1,47,0,52,7,2,58,0,67,48,0,48,115
09/21/2012,JXN,MI,AGL,CE,Federal Contract Tower,0,5,14,0,19,0,1,70,0,71,0,6,84,0,90,68,0,68,158
09/22/2012,JXN,MI,AGL,CE,Federal Contract Tower,0,0,4,0,4,0,0,16,0,16,0,0,20,0,20,0,0,0,20
09/23/2012,JXN,MI,AGL,CE,Federal Contract Tower,0,1,13,0,14,0,1,60,0,61,0,2,73,0,75,66,0,66,141
09/24/2012,JXN,MI,AGL,CE,Federal Contract Tower,0,1,10,0,11,0,0,65,2,67,0,1,75,2,78,82,0,82,160
09/25/2012,JXN,MI,AGL,CE,Federal Contract Tower,0,2,14,0,16,0,0,82,0,82,0,2,96,0,98,74,0,74,172
09/26/2012,JXN,MI,AGL,CE,Federal Contract Tower,0,0,14,0,14,0,0,3,0,3,0,0,17,0,17,4,0,4,21
09/27/2012,JXN,MI,AGL,CE,Federal Contract Tower,0,3,15,0,18,0,2,66,0,68,0,5,81,0,86,50,0,50,136
09/28/2012,JXN,MI,AGL,CE,Federal Contract Tower,0,3,9,0,12,0,0,101,0,101,0,3,110,0,113,64,0,64,177
09/29/2012,JXN,MI,AGL,CE,Federal Contract Tower,0,0,12,0,12,0,0,98,0,98,0,0,110,0,110,54,0,54,164
09/30/2012,JXN,MI,AGL,CE,Federal Contract Tower,0,2,24,0,26,0,2,91,0,93,0,4,115,0,119,34,0,34,153
10/01/2012,JXN,MI,AGL,CE,Federal Contract Tower,0,0,12,0,12,0,0,88,0,88,0,0,100,0,100,114,0,114,214
10/02/2012,JXN,MI,AGL,CE,Federal Contract Tower,0,0,10,0,10,0,2,68,0,70,0,2,78,0,80,114,0,114,194
10/03/2012,JXN,MI,AGL,CE,Federal Contract Tower,0,1,6,0,7,0,0,45,0,45,0,1,51,0,52,26,0,26,78
10/04/2012,JXN,MI,AGL,CE,Federal Contract Tower,0,10,5,0,15,0,3,53,0,56,0,13,58,0,71,98,0,98,169
10/05/2012,JXN,MI,AGL,CE,Federal Contract Tower,0,3,11,0,14,0,0,25,0,25,0,3,36,0,39,40,0,40,79
10/06/2012,JXN,MI,AGL,CE,Federal Contract Tower,0,0,33,0,33,0,0,45,0,45,0,0,78,0,78,42,0,42,120
10/07/2012,JXN,MI,AGL,CE,Federal Contract Tower,0,0,13,0,13,0,0,42,0,42,0,0,55,0,55,4,0,4,59
10/08/2012,JXN,MI,AGL,CE,Federal Contract Tower,0,0,7,0,7,0,2,104,0,106,0,2,111,0,113,50,0,50,163
10/09/2012,JXN,MI,AGL,CE,Federal Contract Tower,0,10,9,0,19,0,10,74,0,84,0,20,83,0,103,56,0,56,159
10/10/2012,JXN,MI,AGL,CE,Federal Contract Tower,0,5,1,6,12,0,0,30,0,30,0,5,31,6,42,28,0,28,70
10/11/2012,JXN,MI,AGL,CE,Federal Contract Tower,0,0,5,0,5,0,1,39,0,40,0,1,44,0,45,48,0,48,93
10/12/2012,JXN,MI,AGL,CE,Federal Contract Tower,0,5,20,0,25,0,4,109,0,113,0,9,129,0,138,86,0,86,224
10/13/2012,JXN,MI,AGL,CE,Federal Contract Tower,0,1,6,0,7,0,0,8,0,8,0,1,14,0,15,0,0,0,15
10/14/2012,JXN,MI,AGL,CE,Federal Contract Tower,0,0,5,0,5,0,0,89,0,89,0,0,94,0,94,38,0,38,132
10/15/2012,JXN,MI,AGL,CE,Federal Contract Tower,0,2,5,0,7,0,0,55,0,55,0,2,60,0,62,62,0,62,124
10/16/2012,JXN,MI,AGL,CE,Federal Contract Tower,0,1,27,0,28,0,3,103,0,106,0,4,130,0,134,88,0,88,222
10/17/2012,JXN,MI,AGL,CE,Federal Contract Tower,0,1,6,0,7,0,4,46,1,51,0,5,52,1,58,30,0,30,88
10/18/2012,JXN,MI,AGL,CE,Federal Contract Tower,0,0,3,0,3,0,0,3,0,3,0,0,6,0,6,0,0,0,6
10/19/2012,JXN,MI,AGL,CE,Federal Contract Tower,0,0,14,0,14,0,0,10,0,10,0,0,24,0,24,10,0,10,34
10/20/2012,JXN,MI,AGL,CE,Federal Contract Tower,0,0,22,0,22,0,0,84,0,84,0,0,106,0,106,46,0,46,152
10/21/2012,JXN,MI,AGL,CE,Federal Contract Tower,0,0,17,1,18,0,2,177,0,179,0,2,194,1,197,46,0,46,243
10/22/2012,JXN,MI,AGL,CE,Federal Contract Tower,0,3,12,0,15,0,1,94,0,95,0,4,106,0,110,84,0,84,194
10/23/2012,JXN,MI,AGL,CE,Federal Contract Tower,0,3,13,0,16,0,0,23,0,23,0,3,36,0,39,22,0,22,61
10/24/2012,JXN,MI,AGL,CE,Federal Contract Tower,0,0,6,0,6,0,0,80,0,80,0,0,86,0,86,72,0,72,158
10/25/2012,JXN,MI,AGL,CE,Federal Contract Tower,0,3,11,6,20,0,1,32,6,39,0,4,43,12,59,16,0,16,75
10/26/2012,JXN,MI,AGL,CE,Federal Contract Tower,0,1,11,0,12,0,1,33,0,34,0,2,44,0,46,54,0,54,100
10/27/2012,JXN,MI,AGL,CE,Federal Contract Tower,0,1,16,0,17,0,0,115,0,115,0,1,131,0,132,76,0,76,208
10/28/2012,JXN,MI,AGL,CE,Federal Contract Tower,0,2,3,0,5,0,0,102,0,102,0,2,105,0,107,36,0,36,143
10/29/2012,JXN,MI,AGL,CE,Federal Contract Tower,0,3,4,0,7,0,0,67,0,67,0,3,71,0,74,52,0,52,126
10/30/2012,JXN,MI,AGL,CE,Federal Contract Tower,0,0,2,0,2,0,0,0,0,0,0,0,2,0,2,0,0,0,2
10/31/2012,JXN,MI,AGL,CE,Federal Contract Tower,0,0,4,5,9,0,0,2,1,3,0,0,6,6,12,0,4,4,16
11/01/2012,JXN,MI,AGL,CE,Federal Contract Tower,0,2,15,0,17,0,1,21,0,22,0,3,36,0,39,38,0,38,77
11/02/2012,JXN,MI,AGL,CE,Federal Contract Tower,0,1,11,0,12,0,1,19,0,20,0,2,30,0,32,22,0,22,54
11/03/2012,JXN,MI,AGL,CE,Federal Contract Tower,0,0,17,0,17,0,1,136,0,137,0,1,153,0,154,98,0,98,252
11/04/2012,JXN,MI,AGL,CE,Federal Contract Tower,0,0,12,0,12,0,1,118,0,119,0,1,130,0,131,62,0,62,193
11/05/2012,JXN,MI,AGL,CE,Federal Contract Tower,0,6,11,0,17,0,3,65,0,68,0,9,76,0,85,104,0,104,189
11/06/2012,JXN,MI,AGL,CE,Federal Contract Tower,0,3,1,0,4,0,1,63,0,64,0,4,64,0,68,46,0,46,114
11/07/2012,JXN,MI,AGL,CE,Federal Contract Tower,0,2,12,1,15,0,0,61,1,62,0,2,73,2,77,38,0,38,115
11/08/2012,JXN,MI,AGL,CE,Federal Contract Tower,0,0,15,0,15,0,0,60,0,60,0,0,75,0,75,126,0,126,201
11/09/2012,JXN,MI,AGL,CE,Federal Contract Tower,0,0,25,0,25,0,0,52,0,52,0,0,77,0,77,38,0,38,115
11/10/2012,JXN,MI,AGL,CE,Federal Contract Tower,0,0,11,0,11,0,2,104,0,106,0,2,115,0,117,38,0,38,155
11/11/2012,JXN,MI,AGL,CE,Federal Contract Tower,0,1,10,0,11,0,1,62,0,63,0,2,72,0,74,22,0,22,96
11/12/2012,JXN,MI,AGL,CE,Federal Contract Tower,0,0,5,0,5,0,0,1,0,1,0,0,6,0,6,0,0,0,6
11/13/2012,JXN,MI,AGL,CE,Federal Contract Tower,0,1,13,0,14,0,1,53,0,54,0,2,66,0,68,70,0,70,138
11/14/2012,JXN,MI,AGL,CE,Federal Contract Tower,0,0,27,0,27,0,0,68,0,68,0,0,95,0,95,20,0,20,115
11/15/2012,JXN,MI,AGL,CE,Federal Contract Tower,0,2,31,0,33,0,2,74,0,76,0,4,105,0,109,82,0,82,191
11/16/2012,JXN,MI,AGL,CE,Federal Contract Tower,0,2,31,0,33,0,0,108,0,108,0,2,139,0,141,58,0,58,199
11/17/2012,JXN,MI,AGL,CE,Federal Contract Tower,0,2,24,0,26,0,0,155,0,155,0,2,179,0,181,62,0,62,243
11/18/2012,JXN,MI,AGL,CE,Federal Contract Tower,0,1,39,0,40,0,1,115,0,116,0,2,154,0,156,92,0,92,248
11/19/2012,JXN,MI,AGL,CE,Federal Contract Tower,0,0,22,2,24,0,0,52,2,54,0,0,74,4,78,84,0,84,162
11/20/2012,JXN,MI,AGL,CE,Federal Contract Tower,0,0,28,0,28,0,0,51,0,51,0,0,79,0,79,22,0,22,101
11/21/2012,JXN,MI,AGL,CE,Federal Contract Tower,0,8,16,0,24,0,8,45,0,53,0,16,61,0,77,46,0,46,123
11/22/2012,JXN,MI,AGL,CE,Federal Contract Tower,0,0,2,0,2,0,3,21,0,24,0,3,23,0,26,2,0,2,28
11/23/2012,JXN,MI,AGL,CE,Federal Contract Tower,0,0,3,0,3,0,0,0,0,0,0,0,3,0,3,0,0,0,3
11/24/2012,JXN,MI,AGL,CE,Federal Contract Tower,0,0,6,0,6,0,1,54,0,55,0,1,60,0,61,16,0,16,77
11/25/2012,JXN,MI,AGL,CE,Federal Contract Tower,0,0,12,0,12,0,0,88,0,88,0,0,100,0,100,34,0,34,134
11/26/2012,JXN,MI,AGL,CE,Federal Contract Tower,0,0,22,0,22,0,0,57,0,57,0,0,79,0,79,44,0,44,123
11/27/2012,JXN,MI,AGL,CE,Federal Contract Tower,0,7,1,0,8,0,1,42,0,43,0,8,43,0,51,2,0,2,53
11/28/2012,JXN,MI,AGL,CE,Federal Contract Tower,0,0,20,4,24,0,0,40,4,44,0,0,60,8,68,60,0,60,128
11/29/2012,JXN,MI,AGL,CE,Federal Contract Tower,0,0,31,0,31,0,1,107,0,108,0,1,138,0,139,82,0,82,221
11/30/2012,JXN,MI,AGL,CE,Federal Contract Tower,0,4,19,0,23,0,0,51,0,51,0,4,70,0,74,64,0,64,138
12/01/2012,JXN,MI,AGL,CE,Federal Contract Tower,0,0,5,0,5,0,0,2,0,2,0,0,7,0,7,8,0,8,15
12/02/2012,JXN,MI,AGL,CE,Federal Contract Tower,0,0,20,0,20,0,0,24,0,24,0,0,44,0,44,14,0,14,58
12/03/2012,JXN,MI,AGL,CE,Federal Contract Tower,0,1,0,0,1,0,0,0,0,0,0,1,0,0,1,0,0,0,1
12/04/2012,JXN,MI,AGL,CE,Federal Contract Tower,0,0,19,0,19,0,2,36,0,38,0,2,55,0,57,18,0,18,75
12/05/2012,JXN,MI,AGL,CE,Federal Contract Tower,0,0,16,0,16,0,0,57,0,57,0,0,73,0,73,44,0,44,117
12/06/2012,JXN,MI,AGL,CE,Federal Contract Tower,0,0,11,0,11,0,0,47,0,47,0,0,58,0,58,96,0,96,154
12/07/2012,JXN,MI,AGL,CE,Federal Contract Tower,0,0,6,0,6,0,0,6,0,6,0,0,12,0,12,0,0,0,12
12/08/2012,JXN,MI,AGL,CE,Federal Contract Tower,0,0,0,0,0,0,0,17,0,17,0,0,17,0,17,18,0,18,35
12/09/2012,JXN,MI,AGL,CE,Federal Contract Tower,0,0,1,0,1,0,0,40,0,40,0,0,41,0,41,8,0,8,49
12/10/2012,JXN,MI,AGL,CE,Federal Contract Tower,0,0,3,0,3,0,0,6,0,6,0,0,9,0,9,14,0,14,23
12/11/2012,JXN,MI,AGL,CE,Federal Contract Tower,0,0,8,0,8,0,0,20,0,20,0,0,28,0,28,40,0,40,68
12/12/2012,JXN,MI,AGL,CE,Federal Contract Tower,0,0,17,0,17,0,0,116,1,117,0,0,133,1,134,80,0,80,214
12/13/2012,JXN,MI,AGL,CE,Federal Contract Tower,5,6,10,2,23,1,8,84,0,93,6,14,94,2,116,84,0,84,200
12/14/2012,JXN,MI,AGL,CE,Federal Contract Tower,0,1,14,0,15,0,1,140,2,143,0,2,154,2,158,68,0,68,226
12/15/2012,JXN,MI,AGL,CE,Federal Contract Tower,0,0,5,0,5,0,0,35,0,35,0,0,40,0,40,30,0,30,70
12/16/2012,JXN,MI,AGL,CE,Federal Contract Tower,0,0,10,0,10,0,0,30,0,30,0,0,40,0,40,6,0,6,46
12/17/2012,JXN,MI,AGL,CE,Federal Contract Tower,0,0,4,0,4,0,0,7,0,7,0,0,11,0,11,20,0,20,31
12/18/2012,JXN,MI,AGL,CE,Federal Contract Tower,0,0,11,0,11,0,0,29,0,29,0,0,40,0,40,56,0,56,96
12/19/2012,JXN,MI,AGL,CE,Federal Contract Tower,0,1,10,0,11,0,0,69,0,69,0,1,79,0,80,84,0,84,164
12/20/2012,JXN,MI,AGL,CE,Federal Contract Tower,0,1,4,0,5,0,0,0,0,0,0,1,4,0,5,0,0,0,5
12/21/2012,JXN,MI,AGL,CE,Federal Contract Tower,0,3,0,0,3,0,0,0,0,0,0,3,0,0,3,0,0,0,3
12/22/2012,JXN,MI,AGL,CE,Federal Contract Tower,0,0,3,0,3,0,0,53,4,57,0,0,56,4,60,12,0,12,72
12/23/2012,JXN,MI,AGL,CE,Federal Contract Tower,0,1,13,0,14,0,0,101,0,101,0,1,114,0,115,30,0,30,145
12/24/2012,JXN,MI,AGL,CE,Federal Contract Tower,0,0,1,0,1,0,0,29,0,29,0,0,30,0,30,6,0,6,36
12/25/2012,JXN,MI,AGL,CE,Federal Contract Tower,0,0,0,0,0,0,0,6,0,6,0,0,6,0,6,2,0,2,8
12/26/2012,JXN,MI,AGL,CE,Federal Contract Tower,0,0,0,0,0,0,0,42,0,42,0,0,42,0,42,56,0,56,98
12/27/2012,JXN,MI,AGL,CE,Federal Contract Tower,0,0,4,4,8,0,0,56,4,60,0,0,60,8,68,104,0,104,172
12/28/2012,JXN,MI,AGL,CE,Federal Contract Tower,0,2,1,0,3,0,2,2,0,4,0,4,3,0,7,0,0,0,7
12/29/2012,JXN,MI,AGL,CE,Federal Contract Tower,0,0,0,0,0,0,0,0,0,0,0,0,0,0,0,0,0,0,0
12/30/2012,JXN,MI,AGL,CE,Federal Contract Tower,0,0,2,0,2,0,2,56,0,58,0,2,58,0,60,12,0,12,72
12/31/2012,JXN,MI,AGL,CE,Federal Contract Tower,0,0,15,0,15,0,0,23,0,23,0,0,38,0,38,8,0,8,46
01/01/2013,JXN,MI,AGL,CE,Federal Contract Tower,0,0,29,0,29,0,1,34,0,35,0,1,63,0,64,56,0,56,120
01/02/2013,JXN,MI,AGL,CE,Federal Contract Tower,0,3,2,0,5,0,3,55,2,60,0,6,57,2,65,78,0,78,143
01/03/2013,JXN,MI,AGL,CE,Federal Contract Tower,0,1,2,0,3,0,2,54,0,56,0,3,56,0,59,52,0,52,111
01/04/2013,JXN,MI,AGL,CE,Federal Contract Tower,0,0,7,2,9,0,1,16,2,19,0,1,23,4,28,28,0,28,56
01/05/2013,JXN,MI,AGL,CE,Federal Contract Tower,0,0,20,0,20,0,1,91,0,92,0,1,111,0,112,30,0,30,142
01/06/2013,JXN,MI,AGL,CE,Federal Contract Tower,0,2,0,0,2,0,0,0,0,0,0,2,0,0,2,0,0,0,2
01/07/2013,JXN,MI,AGL,CE,Federal Contract Tower,0,2,4,0,6,0,4,53,0,57,0,6,57,0,63,106,0,106,169
01/08/2013,JXN,MI,AGL,CE,Federal Contract Tower,0,0,13,0,13,0,0,52,0,52,0,0,65,0,65,106,0,106,171
01/09/2013,JXN,MI,AGL,CE,Federal Contract Tower,0,0,1,0,1,0,1,58,0,59,0,1,59,0,60,102,0,102,162
01/10/2013,JXN,MI,AGL,CE,Federal Contract Tower,0,1,11,2,14,0,0,81,0,81,0,1,92,2,95,120,2,122,217
01/11/2013,JXN,MI,AGL,CE,Federal Contract Tower,0,2,2,0,4,0,0,0,0,0,0,2,2,0,4,0,0,0,4
01/12/2013,JXN,MI,AGL,CE,Federal Contract Tower,0,0,23,0,23,0,0,114,0,114,0,0,137,0,137,70,0,70,207
01/13/2013,JXN,MI,AGL,CE,Federal Contract Tower,0,1,0,0,1,0,0,0,0,0,0,1,0,0,1,0,0,0,1
01/14/2013,JXN,MI,AGL,CE,Federal Contract Tower,0,0,12,0,12,0,0,48,0,48,0,0,60,0,60,76,0,76,136
01/15/2013,JXN,MI,AGL,CE,Federal Contract Tower,0,1,7,3,11,0,0,79,4,83,0,1,86,7,94,94,4,98,192
01/16/2013,JXN,MI,AGL,CE,Federal Contract Tower,0,0,1,0,1,0,0,43,0,43,0,0,44,0,44,72,0,72,116
01/17/2013,JXN,MI,AGL,CE,Federal Contract Tower,0,0,3,0,3,0,0,46,0,46,0,0,49,0,49,58,0,58,107
01/18/2013,JXN,MI,AGL,CE,Federal Contract Tower,0,2,8,8,18,0,0,31,10,41,0,2,39,18,59,72,8,80,139
01/19/2013,JXN,MI,AGL,CE,Federal Contract Tower,0,0,8,0,8,0,0,39,0,39,0,0,47,0,47,4,0,4,51
01/20/2013,JXN,MI,AGL,CE,Federal Contract Tower,0,0,4,0,4,0,0,6,0,6,0,0,10,0,10,2,0,2,12
01/21/2013,JXN,MI,AGL,CE,Federal Contract Tower,0,0,1,0,1,0,0,0,0,0,0,0,1,0,1,0,0,0,1
01/22/2013,JXN,MI,AGL,CE,Federal Contract Tower,0,0,2,0,2,0,0,24,0,24,0,0,26,0,26,54,0,54,80
01/23/2013,JXN,MI,AGL,CE,Federal Contract Tower,0,0,5,0,5,0,0,29,0,29,0,0,34,0,34,42,0,42,76
01/24/2013,JXN,MI,AGL,CE,Federal Contract Tower,0,0,18,0,18,0,2,61,0,63,0,2,79,0,81,82,0,82,163
01/25/2013,JXN,MI,AGL,CE,Federal Contract Tower,0,1,2,0,3,0,0,7,0,7,0,1,9,0,10,4,0,4,14
01/26/2013,JXN,MI,AGL,CE,Federal Contract Tower,0,0,11,0,11,0,0,47,0,47,0,0,58,0,58,82,0,82,140
01/27/2013,JXN,MI,AGL,CE,Federal Contract Tower,0,2,13,0,15,0,0,70,0,70,0,2,83,0,85,38,0,38,123
01/28/2013,JXN,MI,AGL,CE,Federal Contract Tower,0,0,0,0,0,0,0,0,0,0,0,0,0,0,0,0,0,0,0
01/29/2013,JXN,MI,AGL,CE,Federal Contract Tower,0,1,5,0,6,0,0,0,0,0,0,1,5,0,6,0,0,0,6
01/30/2013,JXN,MI,AGL,CE,Federal Contract Tower,0,1,4,0,5,0,0,10,0,10,0,1,14,0,15,26,0,26,41
01/31/2013,JXN,MI,AGL,CE,Federal Contract Tower,0,0,0,0,0,0,0,0,2,2,0,0,0,2,2,0,2,2,4
02/01/2013,JXN,MI,AGL,CE,Federal Contract Tower,0,0,0,0,0,0,0,0,0,0,0,0,0,0,0,0,0,0,0
02/02/2013,JXN,MI,AGL,CE,Federal Contract Tower,0,0,0,0,0,0,0,0,0,0,0,0,0,0,0,0,0,0,0
02/03/2013,JXN,MI,AGL,CE,Federal Contract Tower,0,0,0,0,0,0,0,26,0,26,0,0,26,0,26,0,0,0,26
02/04/2013,JXN,MI,AGL,CE,Federal Contract Tower,0,0,0,0,0,0,0,0,0,0,0,0,0,0,0,0,0,0,0
02/05/2013,JXN,MI,AGL,CE,Federal Contract Tower,0,0,4,0,4,0,4,54,0,58,0,4,58,0,62,78,0,78,140
02/06/2013,JXN,MI,AGL,CE,Federal Contract Tower,0,0,8,3,11,0,0,117,0,117,0,0,125,3,128,64,0,64,192
02/07/2013,JXN,MI,AGL,CE,Federal Contract Tower,0,1,4,0,5,0,0,35,0,35,0,1,39,0,40,76,0,76,116
02/08/2013,JXN,MI,AGL,CE,Federal Contract Tower,0,0,12,0,12,0,2,19,0,21,0,2,31,0,33,72,0,72,105
02/09/2013,JXN,MI,AGL,CE,Federal Contract Tower,0,1,31,4,36,0,3,194,4,201,0,4,225,8,237,58,4,62,299
02/10/2013,JXN,MI,AGL,CE,Federal Contract Tower,0,0,14,0,14,0,2,89,0,91,0,2,103,0,105,68,0,68,173
02/11/2013,JXN,MI,AGL,CE,Federal Contract Tower,0,0,1,0,1,0,0,13,0,13,0,0,14,0,14,26,0,26,40
02/12/2013,JXN,MI,AGL,CE,Federal Contract Tower,0,0,3,0,3,0,2,44,2,48,0,2,47,2,51,116,0,116,167
02/13/2013,JXN,MI,AGL,CE,Federal Contract Tower,0,0,20,0,20,0,1,72,0,73,0,1,92,0,93,136,0,136,229
02/14/2013,JXN,MI,AGL,CE,Federal Contract Tower,0,2,7,0,9,0,0,17,0,17,0,2,24,0,26,52,0,52,78
02/15/2013,JXN,MI,AGL,CE,Federal Contract Tower,0,1,15,0,16,0,1,36,0,37,0,2,51,0,53,56,0,56,109
02/16/2013,JXN,MI,AGL,CE,Federal Contract Tower,0,1,17,0,18,0,1,64,0,65,0,2,81,0,83,28,0,28,111
02/17/2013,JXN,MI,AGL,CE,Federal Contract Tower,0,0,16,1,17,0,3,136,0,139,0,3,152,1,156,116,0,116,272
02/18/2013,JXN,MI,AGL,CE,Federal Contract Tower,0,0,3,0,3,0,1,43,0,44,0,1,46,0,47,84,0,84,131
02/19/2013,JXN,MI,AGL,CE,Federal Contract Tower,0,1,1,0,2,0,0,2,0,2,0,1,3,0,4,2,0,2,6
02/20/2013,JXN,MI,AGL,CE,Federal Contract Tower,0,1,8,4,13,0,1,35,4,40,0,2,43,8,53,76,4,80,133
02/21/2013,JXN,MI,AGL,CE,Federal Contract Tower,0,2,10,0,12,0,0,23,0,23,0,2,33,0,35,98,0,98,133
02/22/2013,JXN,MI,AGL,CE,Federal Contract Tower,0,1,0,0,1,0,0,0,0,0,0,1,0,0,1,0,0,0,1
02/23/2013,JXN,MI,AGL,CE,Federal Contract Tower,0,0,9,0,9,0,2,80,0,82,0,2,89,0,91,86,0,86,177
02/24/2013,JXN,MI,AGL,CE,Federal Contract Tower,0,0,9,0,9,0,4,69,0,73,0,4,78,0,82,58,0,58,140
02/25/2013,JXN,MI,AGL,CE,Federal Contract Tower,0,0,19,0,19,0,0,130,0,130,0,0,149,0,149,124,0,124,273
02/26/2013,JXN,MI,AGL,CE,Federal Contract Tower,0,1,0,0,1,0,1,28,0,29,0,2,28,0,30,62,0,62,92
02/27/2013,JXN,MI,AGL,CE,Federal Contract Tower,0,0,3,0,3,0,0,0,0,0,0,0,3,0,3,0,0,0,3
02/28/2013,JXN,MI,AGL,CE,Federal Contract Tower,0,1,4,0,5,0,0,6,0,6,0,1,10,0,11,0,0,0,11
03/01/2013,JXN,MI,AGL,CE,Federal Contract Tower,0,1,4,2,7,0,1,20,2,23,0,2,24,4,30,26,0,26,56
03/02/2013,JXN,MI,AGL,CE,Federal Contract Tower,0,0,7,3,10,0,2,94,12,108,0,2,101,15,118,70,0,70,188
03/03/2013,JXN,MI,AGL,CE,Federal Contract Tower,0,1,20,0,21,0,1,144,6,151,0,2,164,6,172,30,0,30,202
03/04/2013,JXN,MI,AGL,CE,Federal Contract Tower,0,0,12,6,18,0,2,57,0,59,0,2,69,6,77,128,6,134,211
03/05/2013,JXN,MI,AGL,CE,Federal Contract Tower,0,0,13,0,13,0,0,21,0,21,0,0,34,0,34,66,0,66,100
03/06/2013,JXN,MI,AGL,CE,Federal Contract Tower,0,2,20,1,23,0,1,27,0,28,0,3,47,1,51,36,2,38,89
03/07/2013,JXN,MI,AGL,CE,Federal Contract Tower,0,1,11,0,12,0,4,75,0,79,0,5,86,0,91,142,0,142,233
03/08/2013,JXN,MI,AGL,CE,Federal Contract Tower,0,4,12,0,16,0,0,114,0,114,0,4,126,0,130,144,0,144,274
03/09/2013,JXN,MI,AGL,CE,Federal Contract Tower,0,0,22,0,22,0,0,158,3,161,0,0,180,3,183,48,0,48,231
03/10/2013,JXN,MI,AGL,CE,Federal Contract Tower,0,0,7,0,7,0,0,68,0,68,0,0,75,0,75,28,0,28,103
03/11/2013,JXN,MI,AGL,CE,Federal Contract Tower,0,0,2,0,2,0,0,0,0,0,0,0,2,0,2,0,0,0,2
03/12/2013,JXN,MI,AGL,CE,Federal Contract Tower,0,0,0,0,0,0,0,2,0,2,0,0,2,0,2,22,0,22,24
03/13/2013,JXN,MI,AGL,CE,Federal Contract Tower,0,0,5,4,9,0,0,10,0,10,0,0,15,4,19,0,0,0,19
03/14/2013,JXN,MI,AGL,CE,Federal Contract Tower,0,0,16,0,16,0,0,62,0,62,0,0,78,0,78,80,0,80,158
03/15/2013,JXN,MI,AGL,CE,Federal Contract Tower,0,0,6,0,6,0,0,55,0,55,0,0,61,0,61,48,0,48,109
03/16/2013,JXN,MI,AGL,CE,Federal Contract Tower,0,1,5,0,6,0,0,3,0,3,0,1,8,0,9,0,0,0,9
03/17/2013,JXN,MI,AGL,CE,Federal Contract Tower,0,2,25,0,27,0,0,152,0,152,0,2,177,0,179,80,0,80,259
03/18/2013,JXN,MI,AGL,CE,Federal Contract Tower,0,0,0,0,0,0,0,2,0,2,0,0,2,0,2,10,0,10,12
03/19/2013,JXN,MI,AGL,CE,Federal Contract Tower,0,1,2,0,3,0,1,1,0,2,0,2,3,0,5,2,0,2,7
03/20/2013,JXN,MI,AGL,CE,Federal Contract Tower,0,1,9,0,10,0,3,13,0,16,0,4,22,0,26,20,0,20,46
03/21/2013,JXN,MI,AGL,CE,Federal Contract Tower,0,0,7,0,7,0,0,7,0,7,0,0,14,0,14,20,0,20,34
03/22/2013,JXN,MI,AGL,CE,Federal Contract Tower,0,0,11,0,11,0,2,70,0,72,0,2,81,0,83,178,0,178,261
03/23/2013,JXN,MI,AGL,CE,Federal Contract Tower,0,0,27,0,27,0,0,159,0,159,0,0,186,0,186,102,0,102,288
03/24/2013,JXN,MI,AGL,CE,Federal Contract Tower,0,0,12,0,12,0,2,86,0,88,0,2,98,0,100,6,0,6,106
03/25/2013,JXN,MI,AGL,CE,Federal Contract Tower,0,0,10,0,10,0,0,41,0,41,0,0,51,0,51,52,0,52,103
03/26/2013,JXN,MI,AGL,CE,Federal Contract Tower,0,0,10,0,10,0,0,24,0,24,0,0,34,0,34,54,0,54,88
03/27/2013,JXN,MI,AGL,CE,Federal Contract Tower,0,0,9,0,9,0,1,45,0,46,0,1,54,0,55,62,0,62,117
03/28/2013,JXN,MI,AGL,CE,Federal Contract Tower,0,0,19,0,19,0,0,69,0,69,0,0,88,0,88,108,0,108,196
03/29/2013,JXN,MI,AGL,CE,Federal Contract Tower,0,0,6,0,6,0,0,134,0,134,0,0,140,0,140,106,0,106,246
03/30/2013,JXN,MI,AGL,CE,Federal Contract Tower,0,0,18,0,18,0,2,146,0,148,0,2,164,0,166,52,0,52,218
03/31/2013,JXN,MI,AGL,CE,Federal Contract Tower,0,0,3,0,3,0,0,12,0,12,0,0,15,0,15,0,0,0,15
04/01/2013,JXN,MI,AGL,CE,Federal Contract Tower,0,2,4,0,6,0,0,20,0,20,0,2,24,0,26,20,0,20,46
04/02/2013,JXN,MI,AGL,CE,Federal Contract Tower,0,0,13,0,13,0,2,28,0,30,0,2,41,0,43,14,0,14,57
04/03/2013,JXN,MI,AGL,CE,Federal Contract Tower,0,1,13,0,14,0,0,106,0,106,0,1,119,0,120,110,0,110,230
04/04/2013,JXN,MI,AGL,CE,Federal Contract Tower,0,2,9,1,12,0,1,92,10,103,0,3,101,11,115,72,2,74,189
04/05/2013,JXN,MI,AGL,CE,Federal Contract Tower,0,1,17,0,18,0,0,106,2,108,0,1,123,2,126,102,0,102,228
04/06/2013,JXN,MI,AGL,CE,Federal Contract Tower,0,2,6,0,8,0,1,55,0,56,0,3,61,0,64,16,0,16,80
04/07/2013,JXN,MI,AGL,CE,Federal Contract Tower,0,0,3,0,3,0,0,16,0,16,0,0,19,0,19,6,0,6,25
04/08/2013,JXN,MI,AGL,CE,Federal Contract Tower,0,0,7,0,7,0,0,7,0,7,0,0,14,0,14,2,0,2,16
04/09/2013,JXN,MI,AGL,CE,Federal Contract Tower,0,0,7,0,7,0,0,9,0,9,0,0,16,0,16,0,0,0,16
04/10/2013,JXN,MI,AGL,CE,Federal Contract Tower,0,1,2,0,3,0,0,0,0,0,0,1,2,0,3,0,0,0,3
04/11/2013,JXN,MI,AGL,CE,Federal Contract Tower,0,2,4,0,6,0,0,0,0,0,0,2,4,0,6,0,0,0,6
04/12/2013,JXN,MI,AGL,CE,Federal Contract Tower,0,0,2,0,2,0,1,3,0,4,0,1,5,0,6,4,0,4,10
04/13/2013,JXN,MI,AGL,CE,Federal Contract Tower,0,0,3,0,3,0,2,8,0,10,0,2,11,0,13,4,0,4,17
04/14/2013,JXN,MI,AGL,CE,Federal Contract Tower,0,0,18,0,18,0,0,79,0,79,0,0,97,0,97,70,0,70,167
04/15/2013,JXN,MI,AGL,CE,Federal Contract Tower,0,1,21,0,22,0,2,20,0,22,0,3,41,0,44,34,0,34,78
04/16/2013,JXN,MI,AGL,CE,Federal Contract Tower,0,0,14,2,16,0,0,36,2,38,0,0,50,4,54,50,2,52,106
04/17/2013,JXN,MI,AGL,CE,Federal Contract Tower,0,1,7,0,8,0,0,56,0,56,0,1,63,0,64,106,0,106,170
04/18/2013,JXN,MI,AGL,CE,Federal Contract Tower,0,3,1,0,4,0,1,42,0,43,0,4,43,0,47,38,0,38,85
04/19/2013,JXN,MI,AGL,CE,Federal Contract Tower,0,1,4,0,5,0,3,0,0,3,0,4,4,0,8,0,0,0,8
04/20/2013,JXN,MI,AGL,CE,Federal Contract Tower,0,0,9,0,9,0,0,57,0,57,0,0,66,0,66,8,0,8,74
04/21/2013,JXN,MI,AGL,CE,Federal Contract Tower,0,6,15,0,21,0,0,123,0,123,0,6,138,0,144,28,0,28,172
04/22/2013,JXN,MI,AGL,CE,Federal Contract Tower,0,0,24,0,24,0,0,68,0,68,0,0,92,0,92,46,0,46,138
04/23/2013,JXN,MI,AGL,CE,Federal Contract Tower,0,0,1,0,1,0,0,30,0,30,0,0,31,0,31,4,0,4,35
04/24/2013,JXN,MI,AGL,CE,Federal Contract Tower,0,0,5,0,5,0,0,20,0,20,0,0,25,0,25,22,0,22,47
04/25/2013,JXN,MI,AGL,CE,Federal Contract Tower,0,0,9,0,9,0,2,51,0,53,0,2,60,0,62,46,0,46,108
04/26/2013,JXN,MI,AGL,CE,Federal Contract Tower,4,0,23,0,27,9,0,119,2,130,13,0,142,2,157,58,4,62,219
04/27/2013,JXN,MI,AGL,CE,Federal Contract Tower,0,1,28,0,29,0,0,129,0,129,0,1,157,0,158,46,0,46,204
04/28/2013,JXN,MI,AGL,CE,Federal Contract Tower,0,1,17,0,18,0,0,0,0,0,0,1,17,0,18,0,0,0,18
04/29/2013,JXN,MI,AGL,CE,Federal Contract Tower,0,2,23,0,25,0,0,86,0,86,0,2,109,0,111,142,0,142,253
04/30/2013,JXN,MI,AGL,CE,Federal Contract Tower,0,0,14,2,16,0,0,59,2,61,0,0,73,4,77,64,2,66,143
05/01/2013,JXN,MI,AGL,CE,Federal Contract Tower,0,0,18,0,18,0,0,104,4,108,0,0,122,4,126,82,0,82,208
05/02/2013,JXN,MI,AGL,CE,Federal Contract Tower,0,0,8,2,10,0,0,54,0,54,0,0,62,2,64,54,0,54,118
05/03/2013,JXN,MI,AGL,CE,Federal Contract Tower,0,1,14,0,15,0,1,67,0,68,0,2,81,0,83,64,0,64,147
05/04/2013,JXN,MI,AGL,CE,Federal Contract Tower,0,0,8,4,12,0,0,111,4,115,0,0,119,8,127,62,0,62,189
05/05/2013,JXN,MI,AGL,CE,Federal Contract Tower,0,0,8,2,10,0,0,71,4,75,0,0,79,6,85,50,0,50,135
05/06/2013,JXN,MI,AGL,CE,Federal Contract Tower,0,0,3,0,3,0,0,83,0,83,0,0,86,0,86,74,0,74,160
05/07/2013,JXN,MI,AGL,CE,Federal Contract Tower,0,0,14,0,14,0,4,90,0,94,0,4,104,0,108,68,0,68,176
05/08/2013,JXN,MI,AGL,CE,Federal Contract Tower,0,0,8,0,8,0,3,86,3,92,0,3,94,3,100,66,0,66,166
05/09/2013,JXN,MI,AGL,CE,Federal Contract Tower,0,1,4,2,7,0,1,52,1,54,0,2,56,3,61,76,0,76,137
05/10/2013,JXN,MI,AGL,CE,Federal Contract Tower,0,1,9,2,12,0,0,9,0,9,0,1,18,2,21,28,0,28,49
05/11/2013,JXN,MI,AGL,CE,Federal Contract Tower,0,0,12,0,12,0,0,26,0,26,0,0,38,0,38,6,0,6,44
05/12/2013,JXN,MI,AGL,CE,Federal Contract Tower,0,0,2,0,2,0,0,15,0,15,0,0,17,0,17,0,0,0,17
05/13/2013,JXN,MI,AGL,CE,Federal Contract Tower,0,0,21,0,21,0,1,79,0,80,0,1,100,0,101,78,0,78,179
05/14/2013,JXN,MI,AGL,CE,Federal Contract Tower,0,0,15,2,17,0,0,94,4,98,0,0,109,6,115,68,4,72,187
05/15/2013,JXN,MI,AGL,CE,Federal Contract Tower,0,0,10,0,10,0,0,79,0,79,0,0,89,0,89,92,0,92,181
05/16/2013,JXN,MI,AGL,CE,Federal Contract Tower,0,10,10,1,21,0,0,83,0,83,0,10,93,1,104,70,0,70,174
05/17/2013,JXN,MI,AGL,CE,Federal Contract Tower,0,0,10,0,10,0,5,107,0,112,0,5,117,0,122,74,0,74,196
05/18/2013,JXN,MI,AGL,CE,Federal Contract Tower,0,1,12,0,13,0,3,95,0,98,0,4,107,0,111,20,0,20,131
05/19/2013,JXN,MI,AGL,CE,Federal Contract Tower,0,0,8,0,8,0,0,88,0,88,0,0,96,0,96,16,0,16,112
05/20/2013,JXN,MI,AGL,CE,Federal Contract Tower,0,0,11,0,11,0,3,64,0,67,0,3,75,0,78,78,0,78,156
05/21/2013,JXN,MI,AGL,CE,Federal Contract Tower,0,0,5,0,5,0,2,79,0,81,0,2,84,0,86,122,0,122,208
05/22/2013,JXN,MI,AGL,CE,Federal Contract Tower,0,0,5,0,5,0,3,43,0,46,0,3,48,0,51,50,0,50,101
05/23/2013,JXN,MI,AGL,CE,Federal Contract Tower,0,2,12,3,17,0,0,6,1,7,0,2,18,4,24,16,4,20,44
05/24/2013,JXN,MI,AGL,CE,Federal Contract Tower,0,2,24,1,27,0,3,71,1,75,0,5,95,2,102,40,0,40,142
05/25/2013,JXN,MI,AGL,CE,Federal Contract Tower,0,0,11,0,11,0,2,92,2,96,0,2,103,2,107,22,0,22,129
05/26/2013,JXN,MI,AGL,CE,Federal Contract Tower,0,0,5,0,5,0,1,88,0,89,0,1,93,0,94,54,0,54,148
05/27/2013,JXN,MI,AGL,CE,Federal Contract Tower,0,0,4,0,4,0,0,72,0,72,0,0,76,0,76,46,0,46,122
05/28/2013,JXN,MI,AGL,CE,Federal Contract Tower,0,2,1,0,3,0,1,40,0,41,0,3,41,0,44,80,0,80,124
05/29/2013,JXN,MI,AGL,CE,Federal Contract Tower,7,0,24,0,31,16,2,55,2,75,23,2,79,2,106,50,0,50,156
05/30/2013,JXN,MI,AGL,CE,Federal Contract Tower,0,0,6,2,8,0,0,24,0,24,0,0,30,2,32,26,0,26,58
05/31/2013,JXN,MI,AGL,CE,Federal Contract Tower,0,6,7,0,13,0,7,34,0,41,0,13,41,0,54,12,0,12,66
06/01/2013,JXN,MI,AGL,CE,Federal Contract Tower,0,0,13,0,13,0,0,112,1,113,0,0,125,1,126,58,0,58,184
06/02/2013,JXN,MI,AGL,CE,Federal Contract Tower,0,0,1,2,3,0,2,72,0,74,0,2,73,2,77,48,0,48,125
06/03/2013,JXN,MI,AGL,CE,Federal Contract Tower,0,2,15,0,17,0,1,136,0,137,0,3,151,0,154,88,0,88,242
06/04/2013,JXN,MI,AGL,CE,Federal Contract Tower,0,0,17,0,17,0,1,86,0,87,0,1,103,0,104,124,0,124,228
06/05/2013,JXN,MI,AGL,CE,Federal Contract Tower,0,0,16,0,16,0,4,69,0,73,0,4,85,0,89,56,0,56,145
06/06/2013,JXN,MI,AGL,CE,Federal Contract Tower,0,0,11,0,11,0,1,39,0,40,0,1,50,0,51,66,0,66,117
06/07/2013,JXN,MI,AGL,CE,Federal Contract Tower,0,0,12,3,15,0,1,32,4,37,0,1,44,7,52,42,0,42,94
06/08/2013,JXN,MI,AGL,CE,Federal Contract Tower,0,4,17,0,21,0,1,141,0,142,0,5,158,0,163,82,0,82,245
06/09/2013,JXN,MI,AGL,CE,Federal Contract Tower,0,0,5,0,5,0,6,99,0,105,0,6,104,0,110,42,0,42,152
06/10/2013,JXN,MI,AGL,CE,Federal Contract Tower,0,0,5,0,5,0,0,0,0,0,0,0,5,0,5,0,0,0,5
06/11/2013,JXN,MI,AGL,CE,Federal Contract Tower,0,1,30,0,31,0,3,104,0,107,0,4,134,0,138,82,0,82,220
06/12/2013,JXN,MI,AGL,CE,Federal Contract Tower,0,3,2,0,5,0,1,22,0,23,0,4,24,0,28,46,0,46,74
06/13/2013,JXN,MI,AGL,CE,Federal Contract Tower,3,3,11,0,17,0,0,23,0,23,3,3,34,0,40,26,0,26,66
06/14/2013,JXN,MI,AGL,CE,Federal Contract Tower,0,0,16,0,16,0,4,87,0,91,0,4,103,0,107,82,0,82,189
06/15/2013,JXN,MI,AGL,CE,Federal Contract Tower,2,0,13,0,15,0,0,114,0,114,2,0,127,0,129,90,0,90,219
06/16/2013,JXN,MI,AGL,CE,Federal Contract Tower,0,2,58,0,60,0,16,102,0,118,0,18,160,0,178,20,0,20,198
06/17/2013,JXN,MI,AGL,CE,Federal Contract Tower,0,0,3,0,3,0,5,36,0,41,0,5,39,0,44,26,0,26,70
06/18/2013,JXN,MI,AGL,CE,Federal Contract Tower,0,0,3,1,4,0,1,63,1,65,0,1,66,2,69,102,0,102,171
06/19/2013,JXN,MI,AGL,CE,Federal Contract Tower,0,4,23,0,27,0,5,93,0,98,0,9,116,0,125,46,0,46,171
06/20/2013,JXN,MI,AGL,CE,Federal Contract Tower,0,0,6,0,6,0,2,63,0,65,0,2,69,0,71,58,0,58,129
06/21/2013,JXN,MI,AGL,CE,Federal Contract Tower,0,1,3,0,4,0,1,70,0,71,0,2,73,0,75,60,0,60,135
06/22/2013,JXN,MI,AGL,CE,Federal Contract Tower,0,2,19,0,21,0,1,178,2,181,0,3,197,2,202,50,0,50,252
06/23/2013,JXN,MI,AGL,CE,Federal Contract Tower,0,0,15,0,15,0,1,124,0,125,0,1,139,0,140,42,0,42,182
06/24/2013,JXN,MI,AGL,CE,Federal Contract Tower,0,0,23,0,23,0,1,46,0,47,0,1,69,0,70,96,0,96,166
06/25/2013,JXN,MI,AGL,CE,Federal Contract Tower,0,0,2,0,2,0,0,20,0,20,0,0,22,0,22,38,0,38,60
06/26/2013,JXN,MI,AGL,CE,Federal Contract Tower,0,0,8,0,8,0,0,36,0,36,0,0,44,0,44,66,0,66,110
06/27/2013,JXN,MI,AGL,CE,Federal Contract Tower,0,3,24,0,27,0,3,55,0,58,0,6,79,0,85,58,0,58,143
06/28/2013,JXN,MI,AGL,CE,Federal Contract Tower,0,1,12,1,14,0,2,65,1,68,0,3,77,2,82,50,0,50,132
06/29/2013,JXN,MI,AGL,CE,Federal Contract Tower,0,0,34,0,34,0,0,65,0,65,0,0,99,0,99,68,0,68,167
06/30/2013,JXN,MI,AGL,CE,Federal Contract Tower,0,0,22,0,22,0,0,96,0,96,0,0,118,0,118,60,0,60,178
07/01/2013,JXN,MI,AGL,CE,Federal Contract Tower,0,1,1,0,2,0,1,20,0,21,0,2,21,0,23,24,0,24,47
07/02/2013,JXN,MI,AGL,CE,Federal Contract Tower,0,1,26,0,27,0,5,35,0,40,0,6,61,0,67,64,0,64,131
07/03/2013,JXN,MI,AGL,CE,Federal Contract Tower,0,0,6,2,8,0,2,26,0,28,0,2,32,2,36,18,0,18,54
07/04/2013,JXN,MI,AGL,CE,Federal Contract Tower,0,1,13,0,14,0,0,69,0,69,0,1,82,0,83,56,0,56,139
07/05/2013,JXN,MI,AGL,CE,Federal Contract Tower,0,2,12,0,14,0,0,109,0,109,0,2,121,0,123,58,0,58,181
07/06/2013,JXN,MI,AGL,CE,Federal Contract Tower,0,1,19,0,20,0,1,110,1,112,0,2,129,1,132,56,0,56,188
07/07/2013,JXN,MI,AGL,CE,Federal Contract Tower,0,0,25,0,25,0,0,88,0,88,0,0,113,0,113,30,0,30,143
07/08/2013,JXN,MI,AGL,CE,Federal Contract Tower,0,0,4,5,9,0,0,23,6,29,0,0,27,11,38,34,4,38,76
07/09/2013,JXN,MI,AGL,CE,Federal Contract Tower,0,0,4,0,4,0,2,17,2,21,0,2,21,2,25,24,16,40,65
07/10/2013,JXN,MI,AGL,CE,Federal Contract Tower,0,1,14,0,15,0,2,42,0,44,0,3,56,0,59,12,0,12,71
07/11/2013,JXN,MI,AGL,CE,Federal Contract Tower,0,6,19,0,25,0,9,70,5,84,0,15,89,5,109,64,0,64,173
07/12/2013,JXN,MI,AGL,CE,Federal Contract Tower,0,1,9,0,10,0,5,105,0,110,0,6,114,0,120,86,0,86,206
07/13/2013,JXN,MI,AGL,CE,Federal Contract Tower,0,0,16,0,16,0,1,99,0,100,0,1,115,0,116,46,0,46,162
07/14/2013,JXN,MI,AGL,CE,Federal Contract Tower,0,0,10,0,10,0,0,97,1,98,0,0,107,1,108,40,0,40,148
07/15/2013,JXN,MI,AGL,CE,Federal Contract Tower,0,0,4,1,5,0,2,49,11,62,0,2,53,12,67,60,0,60,127
07/16/2013,JXN,MI,AGL,CE,Federal Contract Tower,0,0,12,0,12,0,6,38,2,46,0,6,50,2,58,74,0,74,132
07/17/2013,JXN,MI,AGL,CE,Federal Contract Tower,0,2,5,0,7,0,4,56,0,60,0,6,61,0,67,56,0,56,123
07/18/2013,JXN,MI,AGL,CE,Federal Contract Tower,0,1,9,2,12,0,3,70,4,77,0,4,79,6,89,122,4,126,215
07/19/2013,JXN,MI,AGL,CE,Federal Contract Tower,0,9,12,0,21,0,5,84,6,95,0,14,96,6,116,72,4,76,192
07/20/2013,JXN,MI,AGL,CE,Federal Contract Tower,0,1,19,0,20,0,3,139,2,144,0,4,158,2,164,20,0,20,184
07/21/2013,JXN,MI,AGL,CE,Federal Contract Tower,0,0,15,0,15,0,0,100,0,100,0,0,115,0,115,34,0,34,149
07/22/2013,JXN,MI,AGL,CE,Federal Contract Tower,0,1,20,0,21,0,1,50,0,51,0,2,70,0,72,72,0,72,144
07/23/2013,JXN,MI,AGL,CE,Federal Contract Tower,0,1,18,0,19,0,4,36,3,43,0,5,54,3,62,42,0,42,104
07/24/2013,JXN,MI,AGL,CE,Federal Contract Tower,0,0,16,0,16,0,0,102,1,103,0,0,118,1,119,90,0,90,209
07/25/2013,JXN,MI,AGL,CE,Federal Contract Tower,0,2,20,0,22,0,1,120,0,121,0,3,140,0,143,146,0,146,289
07/26/2013,JXN,MI,AGL,CE,Federal Contract Tower,0,0,11,0,11,0,0,70,0,70,0,0,81,0,81,88,0,88,169
07/27/2013,JXN,MI,AGL,CE,Federal Contract Tower,0,1,15,0,16,0,0,47,0,47,0,1,62,0,63,28,0,28,91
07/28/2013,JXN,MI,AGL,CE,Federal Contract Tower,0,0,30,0,30,0,0,49,0,49,0,0,79,0,79,44,0,44,123
07/29/2013,JXN,MI,AGL,CE,Federal Contract Tower,0,0,27,2,29,0,0,57,2,59,0,0,84,4,88,42,0,42,130
07/30/2013,JXN,MI,AGL,CE,Federal Contract Tower,0,0,9,0,9,0,2,89,0,91,0,2,98,0,100,106,0,106,206
07/31/2013,JXN,MI,AGL,CE,Federal Contract Tower,0,2,8,0,10,0,1,70,0,71,0,3,78,0,81,90,0,90,171
08/01/2013,JXN,MI,AGL,CE,Federal Contract Tower,0,5,30,0,35,0,3,98,0,101,0,8,128,0,136,86,0,86,222
08/02/2013,JXN,MI,AGL,CE,Federal Contract Tower,0,2,14,0,16,0,2,59,0,61,0,4,73,0,77,84,0,84,161
08/03/2013,JXN,MI,AGL,CE,Federal Contract Tower,0,2,26,0,28,0,2,96,0,98,0,4,122,0,126,66,0,66,192
08/04/2013,JXN,MI,AGL,CE,Federal Contract Tower,0,0,14,0,14,0,0,112,2,114,0,0,126,2,128,16,0,16,144
08/05/2013,JXN,MI,AGL,CE,Federal Contract Tower,0,0,3,0,3,0,0,43,0,43,0,0,46,0,46,20,0,20,66
08/06/2013,JXN,MI,AGL,CE,Federal Contract Tower,0,2,15,0,17,0,2,35,0,37,0,4,50,0,54,20,0,20,74
08/07/2013,JXN,MI,AGL,CE,Federal Contract Tower,0,0,2,0,2,0,5,63,0,68,0,5,65,0,70,132,0,132,202
08/08/2013,JXN,MI,AGL,CE,Federal Contract Tower,0,0,7,0,7,0,0,55,0,55,0,0,62,0,62,136,0,136,198
08/09/2013,JXN,MI,AGL,CE,Federal Contract Tower,0,0,12,0,12,0,0,102,4,106,0,0,114,4,118,60,4,64,182
08/10/2013,JXN,MI,AGL,CE,Federal Contract Tower,0,1,20,0,21,0,0,110,0,110,0,1,130,0,131,28,0,28,159
08/11/2013,JXN,MI,AGL,CE,Federal Contract Tower,0,0,21,0,21,0,0,89,1,90,0,0,110,1,111,52,0,52,163
08/12/2013,JXN,MI,AGL,CE,Federal Contract Tower,0,0,2,0,2,0,0,2,2,4,0,0,4,2,6,0,0,0,6
08/13/2013,JXN,MI,AGL,CE,Federal Contract Tower,0,3,25,0,28,0,3,70,2,75,0,6,95,2,103,34,0,34,137
08/14/2013,JXN,MI,AGL,CE,Federal Contract Tower,0,0,8,0,8,0,0,76,0,76,0,0,84,0,84,108,0,108,192
08/15/2013,JXN,MI,AGL,CE,Federal Contract Tower,3,0,18,0,21,0,2,106,0,108,3,2,124,0,129,144,0,144,273
08/16/2013,JXN,MI,AGL,CE,Federal Contract Tower,0,4,15,0,19,0,3,82,2,87,0,7,97,2,106,84,0,84,190
08/17/2013,JXN,MI,AGL,CE,Federal Contract Tower,0,0,16,0,16,0,0,88,0,88,0,0,104,0,104,24,0,24,128
08/18/2013,JXN,MI,AGL,CE,Federal Contract Tower,0,6,73,0,79,0,6,109,0,115,0,12,182,0,194,38,0,38,232
08/19/2013,JXN,MI,AGL,CE,Federal Contract Tower,0,0,14,0,14,0,1,76,0,77,0,1,90,0,91,114,0,114,205
08/20/2013,JXN,MI,AGL,CE,Federal Contract Tower,0,0,10,3,13,0,2,85,6,93,0,2,95,9,106,88,6,94,200
08/21/2013,JXN,MI,AGL,CE,Federal Contract Tower,0,1,20,0,21,0,4,82,0,86,0,5,102,0,107,42,0,42,149
08/22/2013,JXN,MI,AGL,CE,Federal Contract Tower,0,3,9,0,12,0,0,35,0,35,0,3,44,0,47,32,0,32,79
08/23/2013,JXN,MI,AGL,CE,Federal Contract Tower,0,0,20,0,20,0,2,107,0,109,0,2,127,0,129,70,0,70,199
08/24/2013,JXN,MI,AGL,CE,Federal Contract Tower,0,0,18,0,18,0,0,107,0,107,0,0,125,0,125,48,0,48,173
08/25/2013,JXN,MI,AGL,CE,Federal Contract Tower,0,0,24,0,24,0,0,87,4,91,0,0,111,4,115,22,0,22,137
08/26/2013,JXN,MI,AGL,CE,Federal Contract Tower,0,1,23,0,24,0,3,91,3,97,0,4,114,3,121,78,2,80,201
08/27/2013,JXN,MI,AGL,CE,Federal Contract Tower,0,0,9,0,9,0,0,64,0,64,0,0,73,0,73,98,0,98,171
08/28/2013,JXN,MI,AGL,CE,Federal Contract Tower,0,1,10,0,11,0,3,47,0,50,0,4,57,0,61,38,0,38,99
08/29/2013,JXN,MI,AGL,CE,Federal Contract Tower,0,1,11,0,12,0,1,60,1,62,0,2,71,1,74,68,1,69,143
08/30/2013,JXN,MI,AGL,CE,Federal Contract Tower,0,1,15,0,16,0,4,62,2,68,0,5,77,2,84,38,0,38,122
08/31/2013,JXN,MI,AGL,CE,Federal Contract Tower,0,0,11,2,13,0,0,24,0,24,0,0,35,2,37,26,4,30,67
09/01/2013,JXN,MI,AGL,CE,Federal Contract Tower,0,0,31,0,31,0,0,35,0,35,0,0,66,0,66,4,0,4,70
09/02/2013,JXN,MI,AGL,CE,Federal Contract Tower,0,0,6,0,6,0,1,93,0,94,0,1,99,0,100,58,0,58,158
09/03/2013,JXN,MI,AGL,CE,Federal Contract Tower,0,1,1,0,2,0,5,76,0,81,0,6,77,0,83,100,0,100,183
09/04/2013,JXN,MI,AGL,CE,Federal Contract Tower,0,0,16,3,19,0,2,101,4,107,0,2,117,7,126,88,0,88,214
09/05/2013,JXN,MI,AGL,CE,Federal Contract Tower,0,0,4,0,4,0,6,66,0,72,0,6,70,0,76,68,0,68,144
09/06/2013,JXN,MI,AGL,CE,Federal Contract Tower,0,1,7,0,8,0,1,58,1,60,0,2,65,1,68,30,0,30,98
09/07/2013,JXN,MI,AGL,CE,Federal Contract Tower,0,0,15,0,15,0,2,71,0,73,0,2,86,0,88,50,0,50,138
09/08/2013,JXN,MI,AGL,CE,Federal Contract Tower,0,0,8,0,8,0,0,90,0,90,0,0,98,0,98,40,0,40,138
09/09/2013,JXN,MI,AGL,CE,Federal Contract Tower,0,1,2,0,3,0,4,84,0,88,0,5,86,0,91,90,0,90,181
09/10/2013,JXN,MI,AGL,CE,Federal Contract Tower,0,6,12,0,18,0,3,77,0,80,0,9,89,0,98,86,0,86,184
09/11/2013,JXN,MI,AGL,CE,Federal Contract Tower,0,0,4,0,4,0,0,61,0,61,0,0,65,0,65,76,0,76,141
09/12/2013,JXN,MI,AGL,CE,Federal Contract Tower,0,0,11,3,14,0,0,39,5,44,0,0,50,8,58,46,4,50,108
09/13/2013,JXN,MI,AGL,CE,Federal Contract Tower,0,0,12,0,12,0,0,35,2,37,0,0,47,2,49,28,0,28,77
09/14/2013,JXN,MI,AGL,CE,Federal Contract Tower,0,1,28,0,29,0,0,166,2,168,0,1,194,2,197,22,0,22,219
09/15/2013,JXN,MI,AGL,CE,Federal Contract Tower,0,0,7,0,7,0,0,102,0,102,0,0,109,0,109,40,0,40,149
09/16/2013,JXN,MI,AGL,CE,Federal Contract Tower,0,1,9,0,10,0,1,68,0,69,0,2,77,0,79,86,0,86,165
09/17/2013,JXN,MI,AGL,CE,Federal Contract Tower,0,0,11,0,11,0,2,88,0,90,0,2,99,0,101,108,0,108,209
09/18/2013,JXN,MI,AGL,CE,Federal Contract Tower,0,0,6,4,10,0,2,39,6,47,0,2,45,10,57,68,4,72,129
09/19/2013,JXN,MI,AGL,CE,Federal Contract Tower,0,0,4,0,4,0,0,23,0,23,0,0,27,0,27,2,0,2,29
09/20/2013,JXN,MI,AGL,CE,Federal Contract Tower,0,0,7,0,7,0,0,20,0,20,0,0,27,0,27,2,0,2,29
09/21/2013,JXN,MI,AGL,CE,Federal Contract Tower,0,0,15,0,15,0,3,99,0,102,0,3,114,0,117,96,0,96,213
09/22/2013,JXN,MI,AGL,CE,Federal Contract Tower,0,0,15,0,15,0,0,123,2,125,0,0,138,2,140,50,0,50,190
09/23/2013,JXN,MI,AGL,CE,Federal Contract Tower,0,0,5,0,5,0,0,62,0,62,0,0,67,0,67,76,0,76,143
09/24/2013,JXN,MI,AGL,CE,Federal Contract Tower,0,1,7,0,8,0,2,95,0,97,0,3,102,0,105,80,0,80,185
09/25/2013,JXN,MI,AGL,CE,Federal Contract Tower,0,0,5,0,5,0,6,54,0,60,0,6,59,0,65,58,0,58,123
09/26/2013,JXN,MI,AGL,CE,Federal Contract Tower,0,0,3,0,3,0,1,61,0,62,0,1,64,0,65,30,0,30,95
09/27/2013,JXN,MI,AGL,CE,Federal Contract Tower,0,1,26,0,27,0,1,78,0,79,0,2,104,0,106,54,0,54,160
09/28/2013,JXN,MI,AGL,CE,Federal Contract Tower,0,0,14,0,14,0,0,110,0,110,0,0,124,0,124,54,0,54,178
09/29/2013,JXN,MI,AGL,CE,Federal Contract Tower,0,0,23,0,23,0,0,45,0,45,0,0,68,0,68,36,0,36,104
09/30/2013,JXN,MI,AGL,CE,Federal Contract Tower,0,0,14,0,14,0,0,75,0,75,0,0,89,0,89,102,0,102,191
10/01/2013,JXN,MI,AGL,CE,Federal Contract Tower,0,0,14,0,14,0,4,57,0,61,0,4,71,0,75,78,0,78,153
10/02/2013,JXN,MI,AGL,CE,Federal Contract Tower,0,0,9,0,9,0,0,64,0,64,0,0,73,0,73,106,0,106,179
10/03/2013,JXN,MI,AGL,CE,Federal Contract Tower,0,0,6,0,6,0,0,10,0,10,0,0,16,0,16,22,0,22,38
10/04/2013,JXN,MI,AGL,CE,Federal Contract Tower,0,0,16,0,16,0,2,18,0,20,0,2,34,0,36,48,0,48,84
10/05/2013,JXN,MI,AGL,CE,Federal Contract Tower,0,0,22,0,22,0,2,97,0,99,0,2,119,0,121,42,0,42,163
10/06/2013,JXN,MI,AGL,CE,Federal Contract Tower,0,0,10,0,10,0,2,57,0,59,0,2,67,0,69,38,0,38,107
10/07/2013,JXN,MI,AGL,CE,Federal Contract Tower,0,1,4,0,5,0,4,37,0,41,0,5,41,0,46,40,0,40,86
10/08/2013,JXN,MI,AGL,CE,Federal Contract Tower,0,0,3,0,3,0,4,74,0,78,0,4,77,0,81,120,0,120,201
10/09/2013,JXN,MI,AGL,CE,Federal Contract Tower,0,2,15,0,17,0,0,82,0,82,0,2,97,0,99,110,0,110,209
10/10/2013,JXN,MI,AGL,CE,Federal Contract Tower,0,0,12,0,12,0,0,61,0,61,0,0,73,0,73,110,0,110,183
10/11/2013,JXN,MI,AGL,CE,Federal Contract Tower,0,2,13,9,24,0,4,75,9,88,0,6,88,18,112,92,10,102,214
10/12/2013,JXN,MI,AGL,CE,Federal Contract Tower,0,0,13,0,13,0,2,119,0,121,0,2,132,0,134,48,0,48,182
10/13/2013,JXN,MI,AGL,CE,Federal Contract Tower,0,0,10,0,10,0,3,100,0,103,0,3,110,0,113,20,0,20,133
10/14/2013,JXN,MI,AGL,CE,Federal Contract Tower,0,0,24,0,24,0,2,72,0,74,0,2,96,0,98,72,0,72,170
10/15/2013,JXN,MI,AGL,CE,Federal Contract Tower,0,2,6,0,8,0,2,18,2,22,0,4,24,2,30,14,0,14,44
10/16/2013,JXN,MI,AGL,CE,Federal Contract Tower,0,0,10,0,10,0,2,12,0,14,0,2,22,0,24,12,0,12,36
10/17/2013,JXN,MI,AGL,CE,Federal Contract Tower,0,0,8,0,8,0,2,45,0,47,0,2,53,0,55,70,0,70,125
10/18/2013,JXN,MI,AGL,CE,Federal Contract Tower,0,5,13,0,18,0,22,85,0,107,0,27,98,0,125,68,0,68,193
10/19/2013,JXN,MI,AGL,CE,Federal Contract Tower,0,0,4,0,4,0,0,42,0,42,0,0,46,0,46,16,0,16,62
10/20/2013,JXN,MI,AGL,CE,Federal Contract Tower,0,0,23,0,23,0,2,98,0,100,0,2,121,0,123,36,0,36,159
10/21/2013,JXN,MI,AGL,CE,Federal Contract Tower,0,0,8,0,8,0,2,11,0,13,0,2,19,0,21,8,0,8,29
10/22/2013,JXN,MI,AGL,CE,Federal Contract Tower,0,0,1,4,5,0,4,47,0,51,0,4,48,4,56,54,0,54,110
10/23/2013,JXN,MI,AGL,CE,Federal Contract Tower,0,3,17,0,20,0,0,24,0,24,0,3,41,0,44,6,0,6,50
10/24/2013,JXN,MI,AGL,CE,Federal Contract Tower,0,0,6,2,8,0,0,19,2,21,0,0,25,4,29,34,2,36,65
10/25/2013,JXN,MI,AGL,CE,Federal Contract Tower,0,0,9,0,9,0,4,75,0,79,0,4,84,0,88,74,0,74,162
10/26/2013,JXN,MI,AGL,CE,Federal Contract Tower,0,2,1,0,3,0,1,38,0,39,0,3,39,0,42,14,0,14,56
10/27/2013,JXN,MI,AGL,CE,Federal Contract Tower,0,0,13,1,14,0,1,90,1,92,0,1,103,2,106,35,0,35,141
10/28/2013,JXN,MI,AGL,CE,Federal Contract Tower,0,1,11,0,12,0,2,58,0,60,0,3,69,0,72,52,0,52,124
10/29/2013,JXN,MI,AGL,CE,Federal Contract Tower,0,1,9,6,16,0,1,39,0,40,0,2,48,6,56,94,0,94,150
10/30/2013,JXN,MI,AGL,CE,Federal Contract Tower,0,1,7,0,8,0,2,41,0,43,0,3,48,0,51,14,0,14,65
10/31/2013,JXN,MI,AGL,CE,Federal Contract Tower,0,0,2,0,2,0,0,0,0,0,0,0,2,0,2,0,0,0,2
11/01/2013,JXN,MI,AGL,CE,Federal Contract Tower,0,1,6,0,7,0,0,44,0,44,0,1,50,0,51,44,0,44,95
11/02/2013,JXN,MI,AGL,CE,Federal Contract Tower,0,0,17,1,18,0,0,90,3,93,0,0,107,4,111,44,2,46,157
11/03/2013,JXN,MI,AGL,CE,Federal Contract Tower,0,0,13,4,17,0,0,124,4,128,0,0,137,8,145,20,2,22,167
11/04/2013,JXN,MI,AGL,CE,Federal Contract Tower,0,1,8,0,9,0,2,37,0,39,0,3,45,0,48,52,0,52,100
11/05/2013,JXN,MI,AGL,CE,Federal Contract Tower,0,0,18,0,18,0,2,54,0,56,0,2,72,0,74,92,0,92,166
11/06/2013,JXN,MI,AGL,CE,Federal Contract Tower,0,2,10,0,12,0,0,4,0,4,0,2,14,0,16,0,0,0,16
11/07/2013,JXN,MI,AGL,CE,Federal Contract Tower,0,0,7,0,7,0,0,31,0,31,0,0,38,0,38,38,0,38,76
11/08/2013,JXN,MI,AGL,CE,Federal Contract Tower,0,1,11,2,14,0,3,83,0,86,0,4,94,2,100,74,0,74,174
11/09/2013,JXN,MI,AGL,CE,Federal Contract Tower,0,0,4,0,4,0,4,97,0,101,0,4,101,0,105,64,0,64,169
11/10/2013,JXN,MI,AGL,CE,Federal Contract Tower,0,0,2,0,2,0,2,78,0,80,0,2,80,0,82,42,0,42,124
11/11/2013,JXN,MI,AGL,CE,Federal Contract Tower,0,2,1,0,3,0,0,14,0,14,0,2,15,0,17,24,0,24,41
11/12/2013,JXN,MI,AGL,CE,Federal Contract Tower,0,0,5,4,9,0,3,13,4,20,0,3,18,8,29,0,4,4,33
11/13/2013,JXN,MI,AGL,CE,Federal Contract Tower,0,0,14,4,18,0,4,26,4,34,0,4,40,8,52,8,4,12,64
11/14/2013,JXN,MI,AGL,CE,Federal Contract Tower,0,0,13,0,13,0,2,74,0,76,0,2,87,0,89,102,0,102,191
11/15/2013,JXN,MI,AGL,CE,Federal Contract Tower,0,0,19,1,20,0,5,107,3,115,0,5,126,4,135,98,6,104,239
11/16/2013,JXN,MI,AGL,CE,Federal Contract Tower,0,0,29,0,29,0,1,78,0,79,0,1,107,0,108,66,0,66,174
11/17/2013,JXN,MI,AGL,CE,Federal Contract Tower,0,0,4,0,4,0,0,0,0,0,0,0,4,0,4,20,0,20,24
11/18/2013,JXN,MI,AGL,CE,Federal Contract Tower,0,10,2,0,12,0,3,6,0,9,0,13,8,0,21,24,0,24,45
11/19/2013,JXN,MI,AGL,CE,Federal Contract Tower,0,0,16,0,16,0,4,79,0,83,0,4,95,0,99,86,0,86,185
11/20/2013,JXN,MI,AGL,CE,Federal Contract Tower,0,0,19,0,19,0,6,70,0,76,0,6,89,0,95,72,0,72,167
11/21/2013,JXN,MI,AGL,CE,Federal Contract Tower,0,0,10,3,13,0,0,55,3,58,0,0,65,6,71,74,0,74,145
11/22/2013,JXN,MI,AGL,CE,Federal Contract Tower,0,0,5,0,5,0,0,64,0,64,0,0,69,0,69,72,0,72,141
11/23/2013,JXN,MI,AGL,CE,Federal Contract Tower,0,1,2,0,3,0,1,21,0,22,0,2,23,0,25,0,0,0,25
11/24/2013,JXN,MI,AGL,CE,Federal Contract Tower,0,3,19,0,22,0,0,70,2,72,0,3,89,2,94,22,0,22,116
11/25/2013,JXN,MI,AGL,CE,Federal Contract Tower,0,0,1,0,1,0,7,11,0,18,0,7,12,0,19,14,0,14,33
11/26/2013,JXN,MI,AGL,CE,Federal Contract Tower,0,2,11,4,17,0,3,23,4,30,0,5,34,8,47,102,4,106,153
11/27/2013,JXN,MI,AGL,CE,Federal Contract Tower,0,5,3,0,8,0,2,76,0,78,0,7,79,0,86,70,0,70,156
11/28/2013,JXN,MI,AGL,CE,Federal Contract Tower,0,2,0,0,2,0,2,5,0,7,0,4,5,0,9,0,0,0,9
11/29/2013,JXN,MI,AGL,CE,Federal Contract Tower,0,0,24,0,24,0,4,78,0,82,0,4,102,0,106,78,0,78,184
11/30/2013,JXN,MI,AGL,CE,Federal Contract Tower,0,1,17,0,18,0,3,91,0,94,0,4,108,0,112,38,0,38,150
12/01/2013,JXN,MI,AGL,CE,Federal Contract Tower,0,4,10,0,14,0,0,59,0,59,0,4,69,0,73,16,0,16,89
12/02/2013,JXN,MI,AGL,CE,Federal Contract Tower,0,1,7,0,8,0,5,15,0,20,0,6,22,0,28,28,0,28,56
12/03/2013,JXN,MI,AGL,CE,Federal Contract Tower,0,0,2,0,2,0,0,0,0,0,0,0,2,0,2,0,0,0,2
12/04/2013,JXN,MI,AGL,CE,Federal Contract Tower,0,1,1,4,6,0,0,0,0,0,0,1,1,4,6,0,0,0,6
12/05/2013,JXN,MI,AGL,CE,Federal Contract Tower,0,2,5,4,11,0,2,13,2,17,0,4,18,6,28,8,4,12,40
12/06/2013,JXN,MI,AGL,CE,Federal Contract Tower,0,1,15,2,18,0,3,43,2,48,0,4,58,4,66,38,4,42,108
12/07/2013,JXN,MI,AGL,CE,Federal Contract Tower,0,2,28,3,33,0,0,87,0,87,0,2,115,3,120,30,0,30,150
12/08/2013,JXN,MI,AGL,CE,Federal Contract Tower,0,0,2,0,2,0,0,11,0,11,0,0,13,0,13,4,0,4,17
12/09/2013,JXN,MI,AGL,CE,Federal Contract Tower,0,1,3,0,4,0,0,2,0,2,0,1,5,0,6,4,0,4,10
12/10/2013,JXN,MI,AGL,CE,Federal Contract Tower,0,1,13,0,14,0,1,17,0,18,0,2,30,0,32,30,0,30,62
12/11/2013,JXN,MI,AGL,CE,Federal Contract Tower,0,2,3,0,5,0,0,0,0,0,0,2,3,0,5,0,0,0,5
12/12/2013,JXN,MI,AGL,CE,Federal Contract Tower,0,0,10,2,12,0,0,12,4,16,0,0,22,6,28,0,0,0,28
12/13/2013,JXN,MI,AGL,CE,Federal Contract Tower,0,0,9,0,9,0,0,11,0,11,0,0,20,0,20,40,0,40,60
12/14/2013,JXN,MI,AGL,CE,Federal Contract Tower,0,2,0,0,2,0,0,0,0,0,0,2,0,0,2,0,0,0,2
12/15/2013,JXN,MI,AGL,CE,Federal Contract Tower,0,0,2,0,2,0,0,0,0,0,0,0,2,0,2,0,0,0,2
12/16/2013,JXN,MI,AGL,CE,Federal Contract Tower,0,1,6,0,7,0,3,23,0,26,0,4,29,0,33,24,0,24,57
12/17/2013,JXN,MI,AGL,CE,Federal Contract Tower,0,0,0,0,0,0,0,0,0,0,0,0,0,0,0,0,0,0,0
12/18/2013,JXN,MI,AGL,CE,Federal Contract Tower,0,2,11,4,17,0,0,44,4,48,0,2,55,8,65,50,2,52,117
12/19/2013,JXN,MI,AGL,CE,Federal Contract Tower,0,0,13,0,13,0,0,42,0,42,0,0,55,0,55,14,0,14,69
12/20/2013,JXN,MI,AGL,CE,Federal Contract Tower,0,0,0,0,0,0,0,0,0,0,0,0,0,0,0,0,0,0,0
12/21/2013,JXN,MI,AGL,CE,Federal Contract Tower,0,0,2,0,2,0,0,0,0,0,0,0,2,0,2,0,0,0,2
12/22/2013,JXN,MI,AGL,CE,Federal Contract Tower,0,0,0,0,0,0,0,0,0,0,0,0,0,0,0,0,0,0,0
12/23/2013,JXN,MI,AGL,CE,Federal Contract Tower,0,1,9,0,10,0,2,24,0,26,0,3,33,0,36,26,0,26,62
12/24/2013,JXN,MI,AGL,CE,Federal Contract Tower,0,0,3,0,3,0,4,54,0,58,0,4,57,0,61,48,0,48,109
12/25/2013,JXN,MI,AGL,CE,Federal Contract Tower,0,0,0,0,0,0,0,0,0,0,0,0,0,0,0,0,0,0,0
12/26/2013,JXN,MI,AGL,CE,Federal Contract Tower,0,0,10,2,12,0,1,15,0,16,0,1,25,2,28,40,0,40,68
12/27/2013,JXN,MI,AGL,CE,Federal Contract Tower,0,1,6,0,7,0,1,36,2,39,0,2,42,2,46,32,0,32,78
12/28/2013,JXN,MI,AGL,CE,Federal Contract Tower,0,0,34,0,34,0,0,147,0,147,0,0,181,0,181,32,0,32,213
12/29/2013,JXN,MI,AGL,CE,Federal Contract Tower,0,0,8,0,8,0,0,32,0,32,0,0,40,0,40,18,0,18,58
12/30/2013,JXN,MI,AGL,CE,Federal Contract Tower,0,0,4,0,4,0,0,34,0,34,0,0,38,0,38,92,0,92,130
12/31/2013,JXN,MI,AGL,CE,Federal Contract Tower,0,1,0,0,1,0,2,6,0,8,0,3,6,0,9,16,0,16,25
01/01/2014,JXN,MI,AGL,CE,Federal Contract Tower,0,1,0,0,1,0,0,0,0,0,0,1,0,0,1,0,0,0,1
01/02/2014,JXN,MI,AGL,CE,Federal Contract Tower,2,0,0,0,2,0,0,0,0,0,2,0,0,0,2,0,0,0,2
01/03/2014,JXN,MI,AGL,CE,Federal Contract Tower,5,2,5,0,12,0,4,23,0,27,5,6,28,0,39,50,0,50,89
01/04/2014,JXN,MI,AGL,CE,Federal Contract Tower,3,0,20,0,23,1,0,29,0,30,4,0,49,0,53,12,0,12,65
01/05/2014,JXN,MI,AGL,CE,Federal Contract Tower,0,0,0,0,0,0,0,0,0,0,0,0,0,0,0,0,0,0,0
01/06/2014,JXN,MI,AGL,CE,Federal Contract Tower,0,1,0,0,1,0,0,0,0,0,0,1,0,0,1,0,0,0,1
01/07/2014,JXN,MI,AGL,CE,Federal Contract Tower,0,0,1,0,1,0,0,3,0,3,0,0,4,0,4,8,0,8,12
01/08/2014,JXN,MI,AGL,CE,Federal Contract Tower,0,2,1,0,3,0,2,10,0,12,0,4,11,0,15,0,0,0,15
01/09/2014,JXN,MI,AGL,CE,Federal Contract Tower,0,3,7,0,10,0,1,11,0,12,0,4,18,0,22,10,0,10,32
01/10/2014,JXN,MI,AGL,CE,Federal Contract Tower,0,0,0,0,0,0,0,0,0,0,0,0,0,0,0,0,0,0,0
01/11/2014,JXN,MI,AGL,CE,Federal Contract Tower,0,1,2,0,3,0,0,6,0,6,0,1,8,0,9,6,0,6,15
01/12/2014,JXN,MI,AGL,CE,Federal Contract Tower,0,0,13,0,13,0,0,87,0,87,0,0,100,0,100,78,0,78,178
01/13/2014,JXN,MI,AGL,CE,Federal Contract Tower,0,0,4,0,4,0,0,43,0,43,0,0,47,0,47,82,0,82,129
01/14/2014,JXN,MI,AGL,CE,Federal Contract Tower,0,0,4,0,4,0,0,42,0,42,0,0,46,0,46,86,0,86,132
01/15/2014,JXN,MI,AGL,CE,Federal Contract Tower,0,0,8,0,8,0,0,7,0,7,0,0,15,0,15,42,0,42,57
01/16/2014,JXN,MI,AGL,CE,Federal Contract Tower,0,0,4,0,4,0,0,1,0,1,0,0,5,0,5,0,0,0,5
01/17/2014,JXN,MI,AGL,CE,Federal Contract Tower,0,1,0,0,1,0,1,7,0,8,0,2,7,0,9,4,0,4,13
01/18/2014,JXN,MI,AGL,CE,Federal Contract Tower,0,0,2,0,2,0,3,94,0,97,0,3,96,0,99,48,0,48,147
01/19/2014,JXN,MI,AGL,CE,Federal Contract Tower,0,0,0,0,0,0,2,68,0,70,0,2,68,0,70,30,0,30,100
01/20/2014,JXN,MI,AGL,CE,Federal Contract Tower,0,0,3,0,3,0,2,57,0,59,0,2,60,0,62,96,0,96,158
01/21/2014,JXN,MI,AGL,CE,Federal Contract Tower,0,0,8,0,8,0,1,38,3,42,0,1,46,3,50,78,0,78,128
01/22/2014,JXN,MI,AGL,CE,Federal Contract Tower,0,0,8,2,10,0,0,13,0,13,0,0,21,2,23,30,0,30,53
01/23/2014,JXN,MI,AGL,CE,Federal Contract Tower,0,0,14,0,14,0,0,14,0,14,0,0,28,0,28,6,0,6,34
01/24/2014,JXN,MI,AGL,CE,Federal Contract Tower,8,0,5,0,13,8,1,1,0,10,16,1,6,0,23,8,0,8,31
01/25/2014,JXN,MI,AGL,CE,Federal Contract Tower,0,0,1,0,1,0,0,33,0,33,0,0,34,0,34,24,0,24,58
01/26/2014,JXN,MI,AGL,CE,Federal Contract Tower,0,0,1,0,1,0,0,33,0,33,0,0,34,0,34,20,0,20,54
01/27/2014,JXN,MI,AGL,CE,Federal Contract Tower,0,2,0,0,2,0,2,0,0,2,0,4,0,0,4,4,0,4,8
01/28/2014,JXN,MI,AGL,CE,Federal Contract Tower,0,0,8,4,12,0,1,39,8,48,0,1,47,12,60,46,8,54,114
01/29/2014,JXN,MI,AGL,CE,Federal Contract Tower,0,0,3,0,3,0,0,15,0,15,0,0,18,0,18,14,0,14,32
01/30/2014,JXN,MI,AGL,CE,Federal Contract Tower,0,2,6,0,8,0,0,7,0,7,0,2,13,0,15,0,0,0,15
01/31/2014,JXN,MI,AGL,CE,Federal Contract Tower,0,1,4,0,5,0,3,10,0,13,0,4,14,0,18,20,0,20,38
02/01/2014,JXN,MI,AGL,CE,Federal Contract Tower,0,0,0,0,0,0,0,0,0,0,0,0,0,0,0,0,0,0,0
02/02/2014,JXN,MI,AGL,CE,Federal Contract Tower,0,0,2,0,2,0,5,27,0,32,0,5,29,0,34,12,0,12,46
02/03/2014,JXN,MI,AGL,CE,Federal Contract Tower,0,0,26,0,26,0,2,31,0,33,0,2,57,0,59,60,0,60,119
02/04/2014,JXN,MI,AGL,CE,Federal Contract Tower,0,0,3,0,3,0,3,26,0,29,0,3,29,0,32,54,0,54,86
02/05/2014,JXN,MI,AGL,CE,Federal Contract Tower,0,2,0,0,2,0,2,0,0,2,0,4,0,0,4,0,0,0,4
02/06/2014,JXN,MI,AGL,CE,Federal Contract Tower,0,0,11,2,13,0,0,6,2,8,0,0,17,4,21,0,2,2,23
02/07/2014,JXN,MI,AGL,CE,Federal Contract Tower,0,2,6,0,8,0,1,16,0,17,0,3,22,0,25,30,0,30,55
02/08/2014,JXN,MI,AGL,CE,Federal Contract Tower,0,1,10,0,11,0,0,47,0,47,0,1,57,0,58,34,0,34,92
02/09/2014,JXN,MI,AGL,CE,Federal Contract Tower,0,0,9,0,9,0,0,37,0,37,0,0,46,0,46,22,0,22,68
02/10/2014,JXN,MI,AGL,CE,Federal Contract Tower,0,1,7,0,8,0,2,20,0,22,0,3,27,0,30,24,0,24,54
02/11/2014,JXN,MI,AGL,CE,Federal Contract Tower,0,0,10,4,14,0,0,47,0,47,0,0,57,4,61,42,4,46,107
02/12/2014,JXN,MI,AGL,CE,Federal Contract Tower,0,1,20,0,21,0,4,42,0,46,0,5,62,0,67,58,0,58,125
02/13/2014,JXN,MI,AGL,CE,Federal Contract Tower,0,0,5,0,5,0,2,20,0,22,0,2,25,0,27,16,0,16,43
02/14/2014,JXN,MI,AGL,CE,Federal Contract Tower,0,0,2,0,2,0,4,54,0,58,0,4,56,0,60,32,0,32,92
02/15/2014,JXN,MI,AGL,CE,Federal Contract Tower,0,2,22,0,24,0,2,106,0,108,0,4,128,0,132,70,0,70,202
02/16/2014,JXN,MI,AGL,CE,Federal Contract Tower,0,0,3,0,3,0,0,39,0,39,0,0,42,0,42,24,0,24,66
02/17/2014,JXN,MI,AGL,CE,Federal Contract Tower,0,1,6,0,7,0,0,9,0,9,0,1,15,0,16,42,0,42,58
02/18/2014,JXN,MI,AGL,CE,Federal Contract Tower,0,0,1,0,1,0,0,14,0,14,0,0,15,0,15,26,0,26,41
02/19/2014,JXN,MI,AGL,CE,Federal Contract Tower,0,0,5,0,5,0,2,24,0,26,0,2,29,0,31,46,0,46,77
02/20/2014,JXN,MI,AGL,CE,Federal Contract Tower,0,0,2,0,2,0,0,0,0,0,0,0,2,0,2,0,0,0,2
02/21/2014,JXN,MI,AGL,CE,Federal Contract Tower,0,0,2,0,2,0,0,31,0,31,0,0,33,0,33,34,0,34,67
02/22/2014,JXN,MI,AGL,CE,Federal Contract Tower,0,0,10,0,10,0,0,64,0,64,0,0,74,0,74,48,0,48,122
02/23/2014,JXN,MI,AGL,CE,Federal Contract Tower,0,0,5,0,5,0,0,83,0,83,0,0,88,0,88,24,0,24,112
02/24/2014,JXN,MI,AGL,CE,Federal Contract Tower,0,0,0,0,0,0,0,4,0,4,0,0,4,0,4,6,0,6,10
02/25/2014,JXN,MI,AGL,CE,Federal Contract Tower,0,0,9,0,9,0,2,17,2,21,0,2,26,2,30,70,2,72,102
02/26/2014,JXN,MI,AGL,CE,Federal Contract Tower,0,0,8,0,8,0,0,19,0,19,0,0,27,0,27,34,0,34,61
02/27/2014,JXN,MI,AGL,CE,Federal Contract Tower,0,0,8,0,8,0,0,7,0,7,0,0,15,0,15,4,0,4,19
02/28/2014,JXN,MI,AGL,CE,Federal Contract Tower,0,1,7,0,8,0,0,64,0,64,0,1,71,0,72,110,0,110,182
03/01/2014,JXN,MI,AGL,CE,Federal Contract Tower,0,0,2,0,2,0,0,9,0,9,0,0,11,0,11,0,0,0,11
03/02/2014,JXN,MI,AGL,CE,Federal Contract Tower,0,0,0,0,0,0,0,8,0,8,0,0,8,0,8,24,0,24,32
03/03/2014,JXN,MI,AGL,CE,Federal Contract Tower,0,2,6,0,8,0,0,30,0,30,0,2,36,0,38,58,0,58,96
03/04/2014,JXN,MI,AGL,CE,Federal Contract Tower,0,0,2,0,2,0,0,9,0,9,0,0,11,0,11,20,0,20,31
03/05/2014,JXN,MI,AGL,CE,Federal Contract Tower,0,0,11,1,12,0,0,14,2,16,0,0,25,3,28,6,0,6,34
03/06/2014,JXN,MI,AGL,CE,Federal Contract Tower,0,2,7,0,9,0,0,95,0,95,0,2,102,0,104,106,0,106,210
03/07/2014,JXN,MI,AGL,CE,Federal Contract Tower,0,0,12,0,12,0,3,106,0,109,0,3,118,0,121,74,0,74,195
03/08/2014,JXN,MI,AGL,CE,Federal Contract Tower,0,0,4,0,4,0,0,34,0,34,0,0,38,0,38,8,0,8,46
03/09/2014,JXN,MI,AGL,CE,Federal Contract Tower,0,0,13,0,13,0,0,105,0,105,0,0,118,0,118,54,0,54,172
03/10/2014,JXN,MI,AGL,CE,Federal Contract Tower,0,2,2,0,4,0,0,25,0,25,0,2,27,0,29,34,0,34,63
03/11/2014,JXN,MI,AGL,CE,Federal Contract Tower,0,0,7,0,7,0,0,24,0,24,0,0,31,0,31,62,0,62,93
03/12/2014,JXN,MI,AGL,CE,Federal Contract Tower,0,0,0,0,0,0,0,0,0,0,0,0,0,0,0,0,0,0,0
03/13/2014,JXN,MI,AGL,CE,Federal Contract Tower,0,1,13,0,14,0,4,73,0,77,0,5,86,0,91,76,0,76,167
03/14/2014,JXN,MI,AGL,CE,Federal Contract Tower,0,0,7,0,7,0,0,65,0,65,0,0,72,0,72,68,0,68,140
03/15/2014,JXN,MI,AGL,CE,Federal Contract Tower,0,1,7,0,8,0,4,64,0,68,0,5,71,0,76,54,0,54,130
03/16/2014,JXN,MI,AGL,CE,Federal Contract Tower,0,1,10,0,11,0,3,56,0,59,0,4,66,0,70,62,0,62,132
03/17/2014,JXN,MI,AGL,CE,Federal Contract Tower,0,3,4,0,7,0,5,34,0,39,0,8,38,0,46,64,0,64,110
03/18/2014,JXN,MI,AGL,CE,Federal Contract Tower,0,0,20,0,20,0,1,69,0,70,0,1,89,0,90,130,0,130,220
03/19/2014,JXN,MI,AGL,CE,Federal Contract Tower,0,0,4,0,4,0,0,2,0,2,0,0,6,0,6,2,0,2,8
03/20/2014,JXN,MI,AGL,CE,Federal Contract Tower,0,1,0,0,1,0,0,6,0,6,0,1,6,0,7,14,0,14,21
03/21/2014,JXN,MI,AGL,CE,Federal Contract Tower,0,1,9,0,10,0,0,68,0,68,0,1,77,0,78,110,0,110,188
03/22/2014,JXN,MI,AGL,CE,Federal Contract Tower,0,2,3,0,5,0,5,40,0,45,0,7,43,0,50,46,0,46,96
03/23/2014,JXN,MI,AGL,CE,Federal Contract Tower,0,6,16,0,22,0,4,81,0,85,0,10,97,0,107,66,0,66,173
03/24/2014,JXN,MI,AGL,CE,Federal Contract Tower,0,2,19,0,21,0,2,30,0,32,0,4,49,0,53,76,0,76,129
03/25/2014,JXN,MI,AGL,CE,Federal Contract Tower,0,0,4,0,4,0,0,6,0,6,0,0,10,0,10,2,0,2,12
03/26/2014,JXN,MI,AGL,CE,Federal Contract Tower,0,0,19,0,19,0,0,69,0,69,0,0,88,0,88,92,0,92,180
03/27/2014,JXN,MI,AGL,CE,Federal Contract Tower,0,0,7,0,7,0,0,46,0,46,0,0,53,0,53,42,0,42,95
03/28/2014,JXN,MI,AGL,CE,Federal Contract Tower,0,2,1,0,3,0,1,1,0,2,0,3,2,0,5,0,0,0,5
03/29/2014,JXN,MI,AGL,CE,Federal Contract Tower,0,1,5,0,6,0,0,33,0,33,0,1,38,0,39,6,0,6,45
03/30/2014,JXN,MI,AGL,CE,Federal Contract Tower,0,0,3,0,3,0,0,98,0,98,0,0,101,0,101,68,0,68,169
03/31/2014,JXN,MI,AGL,CE,Federal Contract Tower,0,2,8,0,10,0,2,75,0,77,0,4,83,0,87,76,0,76,163
04/01/2014,JXN,MI,AGL,CE,Federal Contract Tower,0,0,0,2,2,0,2,44,2,48,0,2,44,4,50,56,2,58,108
04/02/2014,JXN,MI,AGL,CE,Federal Contract Tower,0,1,15,1,17,0,2,64,1,67,0,3,79,2,84,96,0,96,180
04/03/2014,JXN,MI,AGL,CE,Federal Contract Tower,0,0,0,0,0,0,0,42,0,42,0,0,42,0,42,46,0,46,88
04/04/2014,JXN,MI,AGL,CE,Federal Contract Tower,0,0,1,0,1,0,0,0,0,0,0,0,1,0,1,0,0,0,1
04/05/2014,JXN,MI,AGL,CE,Federal Contract Tower,0,0,5,0,5,0,1,26,0,27,0,1,31,0,32,0,0,0,32
04/06/2014,JXN,MI,AGL,CE,Federal Contract Tower,0,0,23,1,24,0,0,98,1,99,0,0,121,2,123,66,0,66,189
04/07/2014,JXN,MI,AGL,CE,Federal Contract Tower,0,0,3,0,3,0,0,30,0,30,0,0,33,0,33,52,0,52,85
04/08/2014,JXN,MI,AGL,CE,Federal Contract Tower,1,0,5,0,6,0,2,60,0,62,1,2,65,0,68,98,0,98,166
04/09/2014,JXN,MI,AGL,CE,Federal Contract Tower,0,1,7,0,8,0,2,64,0,66,0,3,71,0,74,62,0,62,136
04/10/2014,JXN,MI,AGL,CE,Federal Contract Tower,0,1,5,0,6,0,0,26,0,26,0,1,31,0,32,30,0,30,62
04/11/2014,JXN,MI,AGL,CE,Federal Contract Tower,0,1,10,0,11,0,1,51,0,52,0,2,61,0,63,34,0,34,97
04/12/2014,JXN,MI,AGL,CE,Federal Contract Tower,0,0,15,0,15,0,0,70,0,70,0,0,85,0,85,44,0,44,129
04/13/2014,JXN,MI,AGL,CE,Federal Contract Tower,0,0,15,0,15,0,2,18,0,20,0,2,33,0,35,10,0,10,45
04/14/2014,JXN,MI,AGL,CE,Federal Contract Tower,0,1,5,0,6,0,1,29,0,30,0,2,34,0,36,34,0,34,70
04/15/2014,JXN,MI,AGL,CE,Federal Contract Tower,0,4,7,0,11,0,5,42,0,47,0,9,49,0,58,52,0,52,110
04/16/2014,JXN,MI,AGL,CE,Federal Contract Tower,0,0,6,0,6,0,0,40,0,40,0,0,46,0,46,64,0,64,110
04/17/2014,JXN,MI,AGL,CE,Federal Contract Tower,0,0,5,2,7,0,3,67,0,70,0,3,72,2,77,92,0,92,169
04/18/2014,JXN,MI,AGL,CE,Federal Contract Tower,0,0,18,0,18,0,0,34,0,34,0,0,52,0,52,76,0,76,128
04/19/2014,JXN,MI,AGL,CE,Federal Contract Tower,0,0,16,0,16,0,0,94,0,94,0,0,110,0,110,26,0,26,136
04/20/2014,JXN,MI,AGL,CE,Federal Contract Tower,0,0,17,0,17,0,0,49,0,49,0,0,66,0,66,32,0,32,98
04/21/2014,JXN,MI,AGL,CE,Federal Contract Tower,0,1,1,0,2,0,4,52,0,56,0,5,53,0,58,68,0,68,126
04/22/2014,JXN,MI,AGL,CE,Federal Contract Tower,0,0,0,0,0,0,4,28,0,32,0,4,28,0,32,42,0,42,74
04/23/2014,JXN,MI,AGL,CE,Federal Contract Tower,0,1,5,0,6,0,3,81,0,84,0,4,86,0,90,82,0,82,172
04/24/2014,JXN,MI,AGL,CE,Federal Contract Tower,0,3,0,0,3,0,2,30,0,32,0,5,30,0,35,72,0,72,107
04/25/2014,JXN,MI,AGL,CE,Federal Contract Tower,0,0,13,0,13,0,0,20,0,20,0,0,33,0,33,6,0,6,39
04/26/2014,JXN,MI,AGL,CE,Federal Contract Tower,0,0,22,0,22,0,0,94,0,94,0,0,116,0,116,86,0,86,202
04/27/2014,JXN,MI,AGL,CE,Federal Contract Tower,0,0,24,0,24,0,2,79,0,81,0,2,103,0,105,56,0,56,161
04/28/2014,JXN,MI,AGL,CE,Federal Contract Tower,0,0,1,0,1,0,0,41,0,41,0,0,42,0,42,62,0,62,104
04/29/2014,JXN,MI,AGL,CE,Federal Contract Tower,0,4,8,3,15,0,3,38,6,47,0,7,46,9,62,56,6,62,124
04/30/2014,JXN,MI,AGL,CE,Federal Contract Tower,0,1,5,0,6,0,0,13,0,13,0,1,18,0,19,32,0,32,51
05/01/2014,JXN,MI,AGL,CE,Federal Contract Tower,0,0,2,0,2,0,0,8,0,8,0,0,10,0,10,4,0,4,14
05/02/2014,JXN,MI,AGL,CE,Federal Contract Tower,0,0,9,0,9,0,0,9,0,9,0,0,18,0,18,4,0,4,22
05/03/2014,JXN,MI,AGL,CE,Federal Contract Tower,0,0,12,0,12,0,2,63,0,65,0,2,75,0,77,24,0,24,101
05/04/2014,JXN,MI,AGL,CE,Federal Contract Tower,0,0,17,0,17,0,3,121,0,124,0,3,138,0,141,88,0,88,229
05/05/2014,JXN,MI,AGL,CE,Federal Contract Tower,0,0,1,0,1,0,0,28,0,28,0,0,29,0,29,58,0,58,87
05/06/2014,JXN,MI,AGL,CE,Federal Contract Tower,0,4,12,0,16,0,5,94,0,99,0,9,106,0,115,90,0,90,205
05/07/2014,JXN,MI,AGL,CE,Federal Contract Tower,0,3,5,0,8,0,2,31,0,33,0,5,36,0,41,50,0,50,91
05/08/2014,JXN,MI,AGL,CE,Federal Contract Tower,0,1,15,0,16,0,2,76,0,78,0,3,91,0,94,54,0,54,148
05/09/2014,JXN,MI,AGL,CE,Federal Contract Tower,0,8,1,0,9,0,5,64,0,69,0,13,65,0,78,78,0,78,156
05/10/2014,JXN,MI,AGL,CE,Federal Contract Tower,0,1,13,0,14,0,0,82,0,82,0,1,95,0,96,40,0,40,136
05/11/2014,JXN,MI,AGL,CE,Federal Contract Tower,0,2,12,0,14,0,0,85,0,85,0,2,97,0,99,74,0,74,173
05/12/2014,JXN,MI,AGL,CE,Federal Contract Tower,0,0,4,0,4,0,5,48,0,53,0,5,52,0,57,82,0,82,139
05/13/2014,JXN,MI,AGL,CE,Federal Contract Tower,0,6,14,3,23,0,10,55,5,70,0,16,69,8,93,88,0,88,181
05/14/2014,JXN,MI,AGL,CE,Federal Contract Tower,0,0,5,0,5,0,4,52,0,56,0,4,57,0,61,102,0,102,163
05/15/2014,JXN,MI,AGL,CE,Federal Contract Tower,0,4,12,0,16,0,6,47,0,53,0,10,59,0,69,84,0,84,153
05/16/2014,JXN,MI,AGL,CE,Federal Contract Tower,0,0,18,0,18,0,2,46,0,48,0,2,64,0,66,60,0,60,126
05/17/2014,JXN,MI,AGL,CE,Federal Contract Tower,0,0,13,0,13,0,2,94,0,96,0,2,107,0,109,78,0,78,187
05/18/2014,JXN,MI,AGL,CE,Federal Contract Tower,0,0,31,0,31,0,2,91,0,93,0,2,122,0,124,62,0,62,186
05/19/2014,JXN,MI,AGL,CE,Federal Contract Tower,14,0,5,0,19,0,18,80,0,98,14,18,85,0,117,76,0,76,193
05/20/2014,JXN,MI,AGL,CE,Federal Contract Tower,0,1,9,0,10,0,6,40,0,46,0,7,49,0,56,68,0,68,124
05/21/2014,JXN,MI,AGL,CE,Federal Contract Tower,0,6,10,0,16,0,5,37,0,42,0,11,47,0,58,90,0,90,148
05/22/2014,JXN,MI,AGL,CE,Federal Contract Tower,0,6,16,0,22,0,12,45,0,57,0,18,61,0,79,44,0,44,123
05/23/2014,JXN,MI,AGL,CE,Federal Contract Tower,0,0,23,0,23,0,0,72,0,72,0,0,95,0,95,72,0,72,167
05/24/2014,JXN,MI,AGL,CE,Federal Contract Tower,0,0,29,0,29,0,1,99,0,100,0,1,128,0,129,68,0,68,197
05/25/2014,JXN,MI,AGL,CE,Federal Contract Tower,0,0,6,0,6,0,1,200,0,201,0,1,206,0,207,56,0,56,263
05/26/2014,JXN,MI,AGL,CE,Federal Contract Tower,0,1,8,0,9,0,0,71,0,71,0,1,79,0,80,22,0,22,102
05/27/2014,JXN,MI,AGL,CE,Federal Contract Tower,0,0,5,0,5,0,1,34,0,35,0,1,39,0,40,34,0,34,74
05/28/2014,JXN,MI,AGL,CE,Federal Contract Tower,0,0,14,0,14,0,0,20,0,20,0,0,34,0,34,6,0,6,40
05/29/2014,JXN,MI,AGL,CE,Federal Contract Tower,0,4,11,0,15,0,4,91,0,95,0,8,102,0,110,114,0,114,224
05/30/2014,JXN,MI,AGL,CE,Federal Contract Tower,0,0,6,0,6,0,2,95,0,97,0,2,101,0,103,88,0,88,191
05/31/2014,JXN,MI,AGL,CE,Federal Contract Tower,0,0,7,0,7,0,0,147,0,147,0,0,154,0,154,38,0,38,192
06/01/2014,JXN,MI,AGL,CE,Federal Contract Tower,0,0,16,0,16,0,0,99,0,99,0,0,115,0,115,64,0,64,179
06/02/2014,JXN,MI,AGL,CE,Federal Contract Tower,0,0,0,0,0,0,0,28,0,28,0,0,28,0,28,46,0,46,74
06/03/2014,JXN,MI,AGL,CE,Federal Contract Tower,0,0,3,0,3,0,4,13,0,17,0,4,16,0,20,28,0,28,48
06/04/2014,JXN,MI,AGL,CE,Federal Contract Tower,0,0,7,0,7,0,0,8,0,8,0,0,15,0,15,24,0,24,39
06/05/2014,JXN,MI,AGL,CE,Federal Contract Tower,0,0,8,0,8,0,4,68,0,72,0,4,76,0,80,94,0,94,174
06/06/2014,JXN,MI,AGL,CE,Federal Contract Tower,0,2,3,0,5,0,2,79,1,82,0,4,82,1,87,88,2,90,177
06/07/2014,JXN,MI,AGL,CE,Federal Contract Tower,0,0,14,0,14,0,0,130,0,130,0,0,144,0,144,46,0,46,190
06/08/2014,JXN,MI,AGL,CE,Federal Contract Tower,0,0,9,0,9,0,2,84,0,86,0,2,93,0,95,28,0,28,123
06/09/2014,JXN,MI,AGL,CE,Federal Contract Tower,0,0,6,0,6,0,0,75,0,75,0,0,81,0,81,80,0,80,161
06/10/2014,JXN,MI,AGL,CE,Federal Contract Tower,0,3,25,0,28,0,0,47,0,47,0,3,72,0,75,50,0,50,125
06/11/2014,JXN,MI,AGL,CE,Federal Contract Tower,0,0,9,0,9,0,0,2,0,2,0,0,11,0,11,0,0,0,11
06/12/2014,JXN,MI,AGL,CE,Federal Contract Tower,0,8,19,0,27,0,6,34,0,40,0,14,53,0,67,30,0,30,97
06/13/2014,JXN,MI,AGL,CE,Federal Contract Tower,0,0,17,0,17,0,2,96,0,98,0,2,113,0,115,68,0,68,183
06/14/2014,JXN,MI,AGL,CE,Federal Contract Tower,0,0,18,0,18,0,0,129,0,129,0,0,147,0,147,64,0,64,211
06/15/2014,JXN,MI,AGL,CE,Federal Contract Tower,0,4,30,0,34,0,11,160,0,171,0,15,190,0,205,36,0,36,241
06/16/2014,JXN,MI,AGL,CE,Federal Contract Tower,0,0,11,1,12,0,3,41,1,45,0,3,52,2,57,34,0,34,91
06/17/2014,JXN,MI,AGL,CE,Federal Contract Tower,0,1,6,0,7,0,1,29,0,30,0,2,35,0,37,44,0,44,81
06/18/2014,JXN,MI,AGL,CE,Federal Contract Tower,0,1,8,0,9,0,0,12,0,12,0,1,20,0,21,2,0,2,23
06/19/2014,JXN,MI,AGL,CE,Federal Contract Tower,0,1,10,0,11,0,2,9,0,11,0,3,19,0,22,0,0,0,22
06/20/2014,JXN,MI,AGL,CE,Federal Contract Tower,0,0,6,0,6,0,0,44,0,44,0,0,50,0,50,88,0,88,138
06/21/2014,JXN,MI,AGL,CE,Federal Contract Tower,0,0,15,0,15,0,0,135,0,135,0,0,150,0,150,64,0,64,214
06/22/2014,JXN,MI,AGL,CE,Federal Contract Tower,0,0,11,0,11,0,0,98,0,98,0,0,109,0,109,50,0,50,159
06/23/2014,JXN,MI,AGL,CE,Federal Contract Tower,0,0,1,0,1,0,0,8,0,8,0,0,9,0,9,16,0,16,25
06/24/2014,JXN,MI,AGL,CE,Federal Contract Tower,0,0,9,0,9,0,0,10,0,10,0,0,19,0,19,28,0,28,47
06/25/2014,JXN,MI,AGL,CE,Federal Contract Tower,0,4,12,0,16,0,1,78,0,79,0,5,90,0,95,92,0,92,187
06/26/2014,JXN,MI,AGL,CE,Federal Contract Tower,0,0,18,0,18,0,3,91,0,94,0,3,109,0,112,104,0,104,216
06/27/2014,JXN,MI,AGL,CE,Federal Contract Tower,0,0,9,0,9,0,3,167,1,171,0,3,176,1,180,34,0,34,214
06/28/2014,JXN,MI,AGL,CE,Federal Contract Tower,0,0,6,0,6,0,2,177,0,179,0,2,183,0,185,18,0,18,203
06/29/2014,JXN,MI,AGL,CE,Federal Contract Tower,0,0,5,0,5,0,1,64,0,65,0,1,69,0,70,88,0,88,158
06/30/2014,JXN,MI,AGL,CE,Federal Contract Tower,0,2,19,0,21,0,2,52,0,54,0,4,71,0,75,36,0,36,111
07/01/2014,JXN,MI,AGL,CE,Federal Contract Tower,0,0,16,0,16,0,2,19,0,21,0,2,35,0,37,22,0,22,59
07/02/2014,JXN,MI,AGL,CE,Federal Contract Tower,0,1,8,0,9,0,2,86,0,88,0,3,94,0,97,92,0,92,189
07/03/2014,JXN,MI,AGL,CE,Federal Contract Tower,0,1,8,0,9,0,2,93,0,95,0,3,101,0,104,100,0,100,204
07/04/2014,JXN,MI,AGL,CE,Federal Contract Tower,0,0,6,0,6,0,1,98,0,99,0,1,104,0,105,132,0,132,237
07/05/2014,JXN,MI,AGL,CE,Federal Contract Tower,0,0,6,0,6,0,1,118,0,119,0,1,124,0,125,44,0,44,169
07/06/2014,JXN,MI,AGL,CE,Federal Contract Tower,0,3,16,0,19,0,0,64,0,64,0,3,80,0,83,118,0,118,201
07/07/2014,JXN,MI,AGL,CE,Federal Contract Tower,0,4,14,0,18,0,4,29,0,33,0,8,43,0,51,18,0,18,69
07/08/2014,JXN,MI,AGL,CE,Federal Contract Tower,0,2,15,0,17,0,1,51,0,52,0,3,66,0,69,58,0,58,127
07/09/2014,JXN,MI,AGL,CE,Federal Contract Tower,0,0,15,0,15,0,2,71,0,73,0,2,86,0,88,126,0,126,214
07/10/2014,JXN,MI,AGL,CE,Federal Contract Tower,0,0,17,0,17,0,3,112,0,115,0,3,129,0,132,126,0,126,258
07/11/2014,JXN,MI,AGL,CE,Federal Contract Tower,0,0,7,0,7,0,4,110,0,114,0,4,117,0,121,106,0,106,227
07/12/2014,JXN,MI,AGL,CE,Federal Contract Tower,0,0,20,0,20,0,2,78,0,80,0,2,98,0,100,60,0,60,160
07/13/2014,JXN,MI,AGL,CE,Federal Contract Tower,0,0,16,0,16,0,0,33,0,33,0,0,49,0,49,42,0,42,91
07/14/2014,JXN,MI,AGL,CE,Federal Contract Tower,0,0,4,0,4,0,3,27,6,36,0,3,31,6,40,82,0,82,122
07/15/2014,JXN,MI,AGL,CE,Federal Contract Tower,0,6,12,0,18,0,2,8,0,10,0,8,20,0,28,8,0,8,36
07/16/2014,JXN,MI,AGL,CE,Federal Contract Tower,0,2,7,0,9,0,1,69,0,70,0,3,76,0,79,142,0,142,221
07/17/2014,JXN,MI,AGL,CE,Federal Contract Tower,0,8,20,4,32,0,4,106,8,118,0,12,126,12,150,122,0,122,272
07/18/2014,JXN,MI,AGL,CE,Federal Contract Tower,0,4,1,0,5,0,0,102,0,102,0,4,103,0,107,94,0,94,201
07/19/2014,JXN,MI,AGL,CE,Federal Contract Tower,0,1,10,0,11,0,0,112,0,112,0,1,122,0,123,98,0,98,221
07/20/2014,JXN,MI,AGL,CE,Federal Contract Tower,0,9,10,0,19,0,10,63,0,73,0,19,73,0,92,88,0,88,180
07/21/2014,JXN,MI,AGL,CE,Federal Contract Tower,0,0,7,0,7,0,0,92,0,92,0,0,99,0,99,86,0,86,185
07/22/2014,JXN,MI,AGL,CE,Federal Contract Tower,0,6,15,0,21,0,9,71,0,80,0,15,86,0,101,164,0,164,265
07/23/2014,JXN,MI,AGL,CE,Federal Contract Tower,0,0,17,0,17,0,3,60,0,63,0,3,77,0,80,72,0,72,152
07/24/2014,JXN,MI,AGL,CE,Federal Contract Tower,0,3,17,0,20,0,1,79,0,80,0,4,96,0,100,110,0,110,210
07/25/2014,JXN,MI,AGL,CE,Federal Contract Tower,0,1,18,0,19,0,1,56,0,57,0,2,74,0,76,116,0,116,192
07/26/2014,JXN,MI,AGL,CE,Federal Contract Tower,0,0,13,0,13,0,1,72,0,73,0,1,85,0,86,100,0,100,186
07/27/2014,JXN,MI,AGL,CE,Federal Contract Tower,0,2,10,0,12,0,0,65,0,65,0,2,75,0,77,66,0,66,143
07/28/2014,JXN,MI,AGL,CE,Federal Contract Tower,0,0,12,0,12,0,0,65,0,65,0,0,77,0,77,94,0,94,171
07/29/2014,JXN,MI,AGL,CE,Federal Contract Tower,0,0,1,0,1,0,0,62,0,62,0,0,63,0,63,68,0,68,131
07/30/2014,JXN,MI,AGL,CE,Federal Contract Tower,0,1,4,0,5,0,0,64,0,64,0,1,68,0,69,96,0,96,165
07/31/2014,JXN,MI,AGL,CE,Federal Contract Tower,0,0,18,0,18,0,0,74,2,76,0,0,92,2,94,102,0,102,196
08/01/2014,JXN,MI,AGL,CE,Federal Contract Tower,0,0,5,0,5,0,0,42,0,42,0,0,47,0,47,38,0,38,85
08/02/2014,JXN,MI,AGL,CE,Federal Contract Tower,0,4,7,0,11,0,4,100,0,104,0,8,107,0,115,98,0,98,213
08/03/2014,JXN,MI,AGL,CE,Federal Contract Tower,0,0,12,0,12,0,2,84,0,86,0,2,96,0,98,6,0,6,104
08/04/2014,JXN,MI,AGL,CE,Federal Contract Tower,0,0,19,0,19,0,0,66,0,66,0,0,85,0,85,112,0,112,197
08/05/2014,JXN,MI,AGL,CE,Federal Contract Tower,0,2,4,2,8,0,2,59,4,65,0,4,63,6,73,92,4,96,169
08/06/2014,JXN,MI,AGL,CE,Federal Contract Tower,0,0,13,0,13,0,0,76,0,76,0,0,89,0,89,90,0,90,179
08/07/2014,JXN,MI,AGL,CE,Federal Contract Tower,0,2,9,0,11,0,1,73,0,74,0,3,82,0,85,100,0,100,185
08/08/2014,JXN,MI,AGL,CE,Federal Contract Tower,0,0,5,0,5,0,1,70,0,71,0,1,75,0,76,36,0,36,112
08/09/2014,JXN,MI,AGL,CE,Federal Contract Tower,0,0,11,0,11,0,2,67,0,69,0,2,78,0,80,98,0,98,178
08/10/2014,JXN,MI,AGL,CE,Federal Contract Tower,0,0,7,0,7,0,0,58,0,58,0,0,65,0,65,32,0,32,97
08/11/2014,JXN,MI,AGL,CE,Federal Contract Tower,0,5,4,0,9,0,0,62,0,62,0,5,66,0,71,106,0,106,177
08/12/2014,JXN,MI,AGL,CE,Federal Contract Tower,0,0,9,0,9,0,0,64,0,64,0,0,73,0,73,96,0,96,169
08/13/2014,JXN,MI,AGL,CE,Federal Contract Tower,0,0,5,0,5,0,4,70,2,76,0,4,75,2,81,72,0,72,153
08/14/2014,JXN,MI,AGL,CE,Federal Contract Tower,0,2,20,0,22,0,2,82,0,84,0,4,102,0,106,92,0,92,198
08/15/2014,JXN,MI,AGL,CE,Federal Contract Tower,0,5,21,0,26,0,2,97,0,99,0,7,118,0,125,32,0,32,157
08/16/2014,JXN,MI,AGL,CE,Federal Contract Tower,0,3,21,0,24,0,2,73,0,75,0,5,94,0,99,22,0,22,121
08/17/2014,JXN,MI,AGL,CE,Federal Contract Tower,0,6,41,0,47,0,2,105,0,107,0,8,146,0,154,56,0,56,210
08/18/2014,JXN,MI,AGL,CE,Federal Contract Tower,0,2,18,0,20,0,1,82,0,83,0,3,100,0,103,100,0,100,203
08/19/2014,JXN,MI,AGL,CE,Federal Contract Tower,0,1,5,0,6,0,1,37,0,38,0,2,42,0,44,44,0,44,88
08/20/2014,JXN,MI,AGL,CE,Federal Contract Tower,0,4,17,0,21,0,1,28,0,29,0,5,45,0,50,62,0,62,112
08/21/2014,JXN,MI,AGL,CE,Federal Contract Tower,0,2,4,0,6,0,1,0,0,1,0,3,4,0,7,0,0,0,7
08/22/2014,JXN,MI,AGL,CE,Federal Contract Tower,0,3,13,0,16,0,2,24,0,26,0,5,37,0,42,4,0,4,46
08/23/2014,JXN,MI,AGL,CE,Federal Contract Tower,0,1,26,0,27,0,0,68,2,70,0,1,94,2,97,70,0,70,167
08/24/2014,JXN,MI,AGL,CE,Federal Contract Tower,0,0,16,1,17,0,0,77,1,78,0,0,93,2,95,94,0,94,189
08/25/2014,JXN,MI,AGL,CE,Federal Contract Tower,0,3,13,0,16,0,0,55,0,55,0,3,68,0,71,104,0,104,175
08/26/2014,JXN,MI,AGL,CE,Federal Contract Tower,0,2,1,0,3,0,0,74,0,74,0,2,75,0,77,92,0,92,169
08/27/2014,JXN,MI,AGL,CE,Federal Contract Tower,0,1,7,0,8,0,1,22,0,23,0,2,29,0,31,40,0,40,71
08/28/2014,JXN,MI,AGL,CE,Federal Contract Tower,0,0,14,0,14,0,1,54,0,55,0,1,68,0,69,58,0,58,127
08/29/2014,JXN,MI,AGL,CE,Federal Contract Tower,0,0,16,0,16,0,1,48,0,49,0,1,64,0,65,62,0,62,127
08/30/2014,JXN,MI,AGL,CE,Federal Contract Tower,0,2,8,0,10,0,0,72,0,72,0,2,80,0,82,96,0,96,178
08/31/2014,JXN,MI,AGL,CE,Federal Contract Tower,0,0,4,0,4,0,2,90,0,92,0,2,94,0,96,68,0,68,164
09/01/2014,JXN,MI,AGL,CE,Federal Contract Tower,0,0,21,0,21,0,0,31,0,31,0,0,52,0,52,52,0,52,104
09/02/2014,JXN,MI,AGL,CE,Federal Contract Tower,0,1,13,0,14,0,2,40,0,42,0,3,53,0,56,16,0,16,72
09/03/2014,JXN,MI,AGL,CE,Federal Contract Tower,0,1,18,0,19,0,1,83,0,84,0,2,101,0,103,76,0,76,179
09/04/2014,JXN,MI,AGL,CE,Federal Contract Tower,0,1,8,0,9,0,0,33,0,33,0,1,41,0,42,60,0,60,102
09/05/2014,JXN,MI,AGL,CE,Federal Contract Tower,0,3,3,0,6,0,0,9,0,9,0,3,12,0,15,2,0,2,17
09/06/2014,JXN,MI,AGL,CE,Federal Contract Tower,0,2,11,0,13,0,0,81,0,81,0,2,92,0,94,70,0,70,164
09/07/2014,JXN,MI,AGL,CE,Federal Contract Tower,0,0,8,0,8,0,0,111,0,111,0,0,119,0,119,64,0,64,183
09/08/2014,JXN,MI,AGL,CE,Federal Contract Tower,0,1,3,0,4,0,1,75,0,76,0,2,78,0,80,76,0,76,156
09/09/2014,JXN,MI,AGL,CE,Federal Contract Tower,0,5,7,0,12,0,1,63,0,64,0,6,70,0,76,92,0,92,168
09/10/2014,JXN,MI,AGL,CE,Federal Contract Tower,0,1,4,0,5,0,2,12,0,14,0,3,16,0,19,26,0,26,45
09/11/2014,JXN,MI,AGL,CE,Federal Contract Tower,0,2,6,0,8,0,1,7,0,8,0,3,13,0,16,0,0,0,16
09/12/2014,JXN,MI,AGL,CE,Federal Contract Tower,0,1,17,0,18,0,1,23,0,24,0,2,40,0,42,26,0,26,68
09/13/2014,JXN,MI,AGL,CE,Federal Contract Tower,0,0,24,0,24,0,1,93,0,94,0,1,117,0,118,70,0,70,188
09/14/2014,JXN,MI,AGL,CE,Federal Contract Tower,0,0,5,2,7,0,0,94,1,95,0,0,99,3,102,48,2,50,152
09/15/2014,JXN,MI,AGL,CE,Federal Contract Tower,0,5,4,0,9,0,0,22,0,22,0,5,26,0,31,30,0,30,61
09/16/2014,JXN,MI,AGL,CE,Federal Contract Tower,0,16,3,2,21,0,1,43,2,46,0,17,46,4,67,24,2,26,93
09/17/2014,JXN,MI,AGL,CE,Federal Contract Tower,0,2,9,0,11,0,8,72,0,80,0,10,81,0,91,52,0,52,143
09/18/2014,JXN,MI,AGL,CE,Federal Contract Tower,0,4,6,0,10,0,1,53,0,54,0,5,59,0,64,74,0,74,138
09/19/2014,JXN,MI,AGL,CE,Federal Contract Tower,0,3,13,0,16,0,3,84,0,87,0,6,97,0,103,76,0,76,179
09/20/2014,JXN,MI,AGL,CE,Federal Contract Tower,0,0,13,0,13,0,0,78,0,78,0,0,91,0,91,76,0,76,167
09/21/2014,JXN,MI,AGL,CE,Federal Contract Tower,0,0,3,0,3,0,0,62,0,62,0,0,65,0,65,40,0,40,105
09/22/2014,JXN,MI,AGL,CE,Federal Contract Tower,0,1,12,0,13,0,2,57,0,59,0,3,69,0,72,92,0,92,164
09/23/2014,JXN,MI,AGL,CE,Federal Contract Tower,0,3,10,2,15,0,3,60,1,64,0,6,70,3,79,36,2,38,117
09/24/2014,JXN,MI,AGL,CE,Federal Contract Tower,0,0,6,0,6,0,3,54,0,57,0,3,60,0,63,8,0,8,71
09/25/2014,JXN,MI,AGL,CE,Federal Contract Tower,0,1,21,0,22,0,3,96,0,99,0,4,117,0,121,88,0,88,209
09/26/2014,JXN,MI,AGL,CE,Federal Contract Tower,0,2,11,0,13,0,1,99,6,106,0,3,110,6,119,70,0,70,189
09/27/2014,JXN,MI,AGL,CE,Federal Contract Tower,0,0,9,0,9,0,0,113,0,113,0,0,122,0,122,26,0,26,148
09/28/2014,JXN,MI,AGL,CE,Federal Contract Tower,0,2,12,0,14,0,0,115,0,115,0,2,127,0,129,58,0,58,187
09/29/2014,JXN,MI,AGL,CE,Federal Contract Tower,0,1,17,0,18,0,2,32,0,34,0,3,49,0,52,52,0,52,104
09/30/2014,JXN,MI,AGL,CE,Federal Contract Tower,0,1,7,0,8,0,0,23,0,23,0,1,30,0,31,96,0,96,127
10/01/2014,JXN,MI,AGL,CE,Federal Contract Tower,0,0,14,0,14,0,0,27,0,27,0,0,41,0,41,36,0,36,77
10/02/2014,JXN,MI,AGL,CE,Federal Contract Tower,0,0,8,0,8,0,0,33,0,33,0,0,41,0,41,72,0,72,113
10/03/2014,JXN,MI,AGL,CE,Federal Contract Tower,0,0,9,0,9,0,0,62,0,62,0,0,71,0,71,64,0,64,135
10/04/2014,JXN,MI,AGL,CE,Federal Contract Tower,0,0,6,0,6,0,0,76,0,76,0,0,82,0,82,54,0,54,136
10/05/2014,JXN,MI,AGL,CE,Federal Contract Tower,0,0,11,0,11,0,0,76,0,76,0,0,87,0,87,48,0,48,135
10/06/2014,JXN,MI,AGL,CE,Federal Contract Tower,0,0,13,0,13,0,0,46,0,46,0,0,59,0,59,48,0,48,107
10/07/2014,JXN,MI,AGL,CE,Federal Contract Tower,0,0,15,0,15,0,0,49,0,49,0,0,64,0,64,66,0,66,130
10/08/2014,JXN,MI,AGL,CE,Federal Contract Tower,0,0,10,0,10,0,0,23,0,23,0,0,33,0,33,16,0,16,49
10/09/2014,JXN,MI,AGL,CE,Federal Contract Tower,0,1,12,0,13,0,1,68,0,69,0,2,80,0,82,70,0,70,152
10/10/2014,JXN,MI,AGL,CE,Federal Contract Tower,0,0,16,0,16,0,1,95,0,96,0,1,111,0,112,98,0,98,210
10/11/2014,JXN,MI,AGL,CE,Federal Contract Tower,0,1,5,0,6,0,1,116,0,117,0,2,121,0,123,74,0,74,197
10/12/2014,JXN,MI,AGL,CE,Federal Contract Tower,0,0,4,0,4,0,0,96,0,96,0,0,100,0,100,44,0,44,144
10/13/2014,JXN,MI,AGL,CE,Federal Contract Tower,0,0,11,0,11,0,0,8,0,8,0,0,19,0,19,10,0,10,29
10/14/2014,JXN,MI,AGL,CE,Federal Contract Tower,0,0,2,0,2,0,1,0,0,1,0,1,2,0,3,0,0,0,3
10/15/2014,JXN,MI,AGL,CE,Federal Contract Tower,0,0,11,0,11,0,0,62,0,62,0,0,73,0,73,78,0,78,151
10/16/2014,JXN,MI,AGL,CE,Federal Contract Tower,0,0,7,0,7,0,0,56,0,56,0,0,63,0,63,78,0,78,141
10/17/2014,JXN,MI,AGL,CE,Federal Contract Tower,0,2,13,0,15,0,0,14,0,14,0,2,27,0,29,10,0,10,39
10/18/2014,JXN,MI,AGL,CE,Federal Contract Tower,0,0,6,0,6,0,0,7,0,7,0,0,13,0,13,8,0,8,21
10/19/2014,JXN,MI,AGL,CE,Federal Contract Tower,0,0,14,0,14,0,0,103,0,103,0,0,117,0,117,106,0,106,223
10/20/2014,JXN,MI,AGL,CE,Federal Contract Tower,0,0,7,0,7,0,0,14,0,14,0,0,21,0,21,52,0,52,73
10/21/2014,JXN,MI,AGL,CE,Federal Contract Tower,0,2,13,2,17,0,15,2,0,17,0,17,15,2,34,18,2,20,54
10/22/2014,JXN,MI,AGL,CE,Federal Contract Tower,0,0,14,2,16,0,1,52,2,55,0,1,66,4,71,48,0,48,119
10/23/2014,JXN,MI,AGL,CE,Federal Contract Tower,0,2,24,2,28,0,1,109,0,110,0,3,133,2,138,152,0,152,290
10/24/2014,JXN,MI,AGL,CE,Federal Contract Tower,0,2,5,0,7,0,2,60,0,62,0,4,65,0,69,94,0,94,163
10/25/2014,JXN,MI,AGL,CE,Federal Contract Tower,0,0,20,0,20,0,0,39,0,39,0,0,59,0,59,44,0,44,103
10/26/2014,JXN,MI,AGL,CE,Federal Contract Tower,0,1,11,0,12,0,0,93,0,93,0,1,104,0,105,58,0,58,163
10/27/2014,JXN,MI,AGL,CE,Federal Contract Tower,0,0,9,0,9,0,1,36,0,37,0,1,45,0,46,58,0,58,104
10/28/2014,JXN,MI,AGL,CE,Federal Contract Tower,0,0,1,2,3,0,0,3,0,3,0,0,4,2,6,0,2,2,8
10/29/2014,JXN,MI,AGL,CE,Federal Contract Tower,0,1,7,2,10,0,2,30,4,36,0,3,37,6,46,32,6,38,84
10/30/2014,JXN,MI,AGL,CE,Federal Contract Tower,0,1,24,0,25,0,2,92,0,94,0,3,116,0,119,96,0,96,215
10/31/2014,JXN,MI,AGL,CE,Federal Contract Tower,0,1,4,0,5,0,0,0,0,0,0,1,4,0,5,0,0,0,5
11/01/2014,JXN,MI,AGL,CE,Federal Contract Tower,0,0,10,0,10,0,0,30,0,30,0,0,40,0,40,16,0,16,56
11/02/2014,JXN,MI,AGL,CE,Federal Contract Tower,0,1,25,0,26,0,2,108,3,113,0,3,133,3,139,104,0,104,243
11/03/2014,JXN,MI,AGL,CE,Federal Contract Tower,0,0,6,0,6,0,1,47,0,48,0,1,53,0,54,46,0,46,100
11/04/2014,JXN,MI,AGL,CE,Federal Contract Tower,0,2,9,0,11,0,0,3,0,3,0,2,12,0,14,6,0,6,20
11/05/2014,JXN,MI,AGL,CE,Federal Contract Tower,0,6,17,0,23,0,3,84,0,87,0,9,101,0,110,82,0,82,192
11/06/2014,JXN,MI,AGL,CE,Federal Contract Tower,0,0,10,0,10,0,2,10,0,12,0,2,20,0,22,18,0,18,40
11/07/2014,JXN,MI,AGL,CE,Federal Contract Tower,0,0,10,0,10,0,2,101,0,103,0,2,111,0,113,74,0,74,187
11/08/2014,JXN,MI,AGL,CE,Federal Contract Tower,0,0,6,0,6,0,0,16,0,16,0,0,22,0,22,68,0,68,90
11/09/2014,JXN,MI,AGL,CE,Federal Contract Tower,0,2,22,0,24,0,0,49,0,49,0,2,71,0,73,64,0,64,137
11/10/2014,JXN,MI,AGL,CE,Federal Contract Tower,0,0,6,0,6,0,2,54,0,56,0,2,60,0,62,38,0,38,100
11/11/2014,JXN,MI,AGL,CE,Federal Contract Tower,2,0,5,0,7,0,0,44,0,44,2,0,49,0,51,52,0,52,103
11/12/2014,JXN,MI,AGL,CE,Federal Contract Tower,0,0,8,0,8,0,2,15,0,17,0,2,23,0,25,24,0,24,49
11/13/2014,JXN,MI,AGL,CE,Federal Contract Tower,0,0,8,0,8,0,2,10,0,12,0,2,18,0,20,8,0,8,28
11/14/2014,JXN,MI,AGL,CE,Federal Contract Tower,0,0,4,4,8,0,3,8,4,15,0,3,12,8,23,4,0,4,27
11/15/2014,JXN,MI,AGL,CE,Federal Contract Tower,0,0,22,0,22,0,0,101,0,101,0,0,123,0,123,100,0,100,223
11/16/2014,JXN,MI,AGL,CE,Federal Contract Tower,0,0,3,0,3,0,3,11,0,14,0,3,14,0,17,22,0,22,39
11/17/2014,JXN,MI,AGL,CE,Federal Contract Tower,0,0,0,0,0,0,1,7,0,8,0,1,7,0,8,16,0,16,24
11/18/2014,JXN,MI,AGL,CE,Federal Contract Tower,0,0,2,0,2,0,0,17,0,17,0,0,19,0,19,36,0,36,55
11/19/2014,JXN,MI,AGL,CE,Federal Contract Tower,0,3,0,0,3,0,0,0,0,0,0,3,0,0,3,0,0,0,3
11/20/2014,JXN,MI,AGL,CE,Federal Contract Tower,0,2,0,0,2,0,0,0,0,0,0,2,0,0,2,0,0,0,2
11/21/2014,JXN,MI,AGL,CE,Federal Contract Tower,0,1,8,0,9,0,3,48,0,51,0,4,56,0,60,50,0,50,110
11/22/2014,JXN,MI,AGL,CE,Federal Contract Tower,0,0,0,0,0,0,0,0,0,0,0,0,0,0,0,0,0,0,0
11/23/2014,JXN,MI,AGL,CE,Federal Contract Tower,0,4,19,0,23,0,0,7,0,7,0,4,26,0,30,20,0,20,50
11/24/2014,JXN,MI,AGL,CE,Federal Contract Tower,0,1,4,0,5,0,0,2,0,2,0,1,6,0,7,8,0,8,15
11/25/2014,JXN,MI,AGL,CE,Federal Contract Tower,0,0,4,0,4,0,0,50,0,50,0,0,54,0,54,72,0,72,126
11/26/2014,JXN,MI,AGL,CE,Federal Contract Tower,0,0,9,0,9,0,1,41,0,42,0,1,50,0,51,56,0,56,107
11/27/2014,JXN,MI,AGL,CE,Federal Contract Tower,0,0,2,0,2,0,0,3,0,3,0,0,5,0,5,4,0,4,9
11/28/2014,JXN,MI,AGL,CE,Federal Contract Tower,0,0,17,0,17,0,0,31,0,31,0,0,48,0,48,24,0,24,72
11/29/2014,JXN,MI,AGL,CE,Federal Contract Tower,0,0,15,0,15,0,0,40,0,40,0,0,55,0,55,26,0,26,81
11/30/2014,JXN,MI,AGL,CE,Federal Contract Tower,0,3,9,0,12,0,0,11,0,11,0,3,20,0,23,18,0,18,41
12/01/2014,JXN,MI,AGL,CE,Federal Contract Tower,0,1,7,0,8,0,0,37,0,37,0,1,44,0,45,108,0,108,153
12/02/2014,JXN,MI,AGL,CE,Federal Contract Tower,0,2,14,0,16,0,1,54,0,55,0,3,68,0,71,108,0,108,179
12/03/2014,JXN,MI,AGL,CE,Federal Contract Tower,0,0,6,0,6,0,0,13,0,13,0,0,19,0,19,14,0,14,33
12/04/2014,JXN,MI,AGL,CE,Federal Contract Tower,0,0,23,0,23,0,1,67,2,70,0,1,90,2,93,156,0,156,249
12/05/2014,JXN,MI,AGL,CE,Federal Contract Tower,0,1,5,1,7,0,0,11,1,12,0,1,16,2,19,54,0,54,73
12/06/2014,JXN,MI,AGL,CE,Federal Contract Tower,0,0,17,0,17,0,0,29,0,29,0,0,46,0,46,44,0,44,90
12/07/2014,JXN,MI,AGL,CE,Federal Contract Tower,0,2,17,0,19,0,2,117,0,119,0,4,134,0,138,36,0,36,174
12/08/2014,JXN,MI,AGL,CE,Federal Contract Tower,0,0,2,0,2,0,0,23,2,25,0,0,25,2,27,28,0,28,55
12/09/2014,JXN,MI,AGL,CE,Federal Contract Tower,0,0,5,0,5,0,0,0,0,0,0,0,5,0,5,0,0,0,5
12/10/2014,JXN,MI,AGL,CE,Federal Contract Tower,0,0,2,0,2,0,1,11,0,12,0,1,13,0,14,32,0,32,46
12/11/2014,JXN,MI,AGL,CE,Federal Contract Tower,0,1,13,0,14,0,2,23,0,25,0,3,36,0,39,66,0,66,105
12/12/2014,JXN,MI,AGL,CE,Federal Contract Tower,0,2,6,0,8,0,0,2,0,2,0,2,8,0,10,2,0,2,12
12/13/2014,JXN,MI,AGL,CE,Federal Contract Tower,0,8,6,0,14,0,0,0,0,0,0,8,6,0,14,0,0,0,14
12/14/2014,JXN,MI,AGL,CE,Federal Contract Tower,0,0,31,0,31,0,0,51,0,51,0,0,82,0,82,44,0,44,126
12/15/2014,JXN,MI,AGL,CE,Federal Contract Tower,0,7,0,0,7,0,0,11,0,11,0,7,11,0,18,8,0,8,26
12/16/2014,JXN,MI,AGL,CE,Federal Contract Tower,0,0,0,2,2,0,0,0,0,0,0,0,0,2,2,0,0,0,2
12/17/2014,JXN,MI,AGL,CE,Federal Contract Tower,0,0,0,0,0,0,4,8,2,14,0,4,8,2,14,16,20,36,50
12/18/2014,JXN,MI,AGL,CE,Federal Contract Tower,0,4,2,0,6,0,0,0,0,0,0,4,2,0,6,0,0,0,6
12/19/2014,JXN,MI,AGL,CE,Federal Contract Tower,0,0,9,0,9,0,2,16,0,18,0,2,25,0,27,0,0,0,27
12/20/2014,JXN,MI,AGL,CE,Federal Contract Tower,0,0,17,0,17,0,0,70,0,70,0,0,87,0,87,30,0,30,117
12/21/2014,JXN,MI,AGL,CE,Federal Contract Tower,0,0,12,1,13,0,0,61,1,62,0,0,73,2,75,68,0,68,143
12/22/2014,JXN,MI,AGL,CE,Federal Contract Tower,0,0,5,0,5,0,0,35,0,35,0,0,40,0,40,64,0,64,104
12/23/2014,JXN,MI,AGL,CE,Federal Contract Tower,0,0,5,0,5,0,0,0,0,0,0,0,5,0,5,0,0,0,5
12/24/2014,JXN,MI,AGL,CE,Federal Contract Tower,0,0,0,0,0,0,0,0,0,0,0,0,0,0,0,0,0,0,0
12/25/2014,JXN,MI,AGL,CE,Federal Contract Tower,0,0,0,0,0,0,0,0,0,0,0,0,0,0,0,0,0,0,0
12/26/2014,JXN,MI,AGL,CE,Federal Contract Tower,0,0,14,0,14,0,0,51,0,51,0,0,65,0,65,52,0,52,117
12/27/2014,JXN,MI,AGL,CE,Federal Contract Tower,0,2,8,0,10,0,0,0,0,0,0,2,8,0,10,0,0,0,10
12/28/2014,JXN,MI,AGL,CE,Federal Contract Tower,0,6,8,0,14,0,5,82,0,87,0,11,90,0,101,50,0,50,151
12/29/2014,JXN,MI,AGL,CE,Federal Contract Tower,0,0,18,0,18,0,0,68,0,68,0,0,86,0,86,112,0,112,198
12/30/2014,JXN,MI,AGL,CE,Federal Contract Tower,0,0,18,1,19,0,2,52,1,55,0,2,70,2,74,140,0,140,214
12/31/2014,JXN,MI,AGL,CE,Federal Contract Tower,0,0,3,0,3,0,0,34,0,34,0,0,37,0,37,36,0,36,73
01/01/2015,JXN,MI,AGL,CE,Federal Contract Tower,0,0,0,0,0,0,0,37,0,37,0,0,37,0,37,46,0,46,83
01/02/2015,JXN,MI,AGL,CE,Federal Contract Tower,0,0,26,0,26,0,0,120,0,120,0,0,146,0,146,96,0,96,242
01/03/2015,JXN,MI,AGL,CE,Federal Contract Tower,0,0,0,0,0,0,0,58,0,58,0,0,58,0,58,68,0,68,126
01/04/2015,JXN,MI,AGL,CE,Federal Contract Tower,0,0,2,0,2,0,0,25,0,25,0,0,27,0,27,8,0,8,35
01/05/2015,JXN,MI,AGL,CE,Federal Contract Tower,0,0,0,0,0,0,0,0,0,0,0,0,0,0,0,0,0,0,0
01/06/2015,JXN,MI,AGL,CE,Federal Contract Tower,0,0,5,0,5,0,0,4,0,4,0,0,9,0,9,8,0,8,17
01/07/2015,JXN,MI,AGL,CE,Federal Contract Tower,0,0,13,0,13,0,2,3,0,5,0,2,16,0,18,0,0,0,18
01/08/2015,JXN,MI,AGL,CE,Federal Contract Tower,0,0,0,0,0,0,3,3,0,6,0,3,3,0,6,0,0,0,6
01/09/2015,JXN,MI,AGL,CE,Federal Contract Tower,0,1,1,0,2,0,2,14,0,16,0,3,15,0,18,24,0,24,42
01/10/2015,JXN,MI,AGL,CE,Federal Contract Tower,0,1,6,0,7,0,2,39,0,41,0,3,45,0,48,36,0,36,84
01/11/2015,JXN,MI,AGL,CE,Federal Contract Tower,0,0,13,0,13,0,0,67,0,67,0,0,80,0,80,42,0,42,122
01/12/2015,JXN,MI,AGL,CE,Federal Contract Tower,0,1,9,0,10,0,2,7,0,9,0,3,16,0,19,4,0,4,23
01/13/2015,JXN,MI,AGL,CE,Federal Contract Tower,0,2,5,0,7,0,0,19,0,19,0,2,24,0,26,42,0,42,68
01/14/2015,JXN,MI,AGL,CE,Federal Contract Tower,0,3,9,2,14,0,3,10,0,13,0,6,19,2,27,28,0,28,55
01/15/2015,JXN,MI,AGL,CE,Federal Contract Tower,0,0,2,1,3,0,0,9,1,10,0,0,11,2,13,26,0,26,39
01/16/2015,JXN,MI,AGL,CE,Federal Contract Tower,0,0,1,0,1,0,0,64,0,64,0,0,65,0,65,84,0,84,149
01/17/2015,JXN,MI,AGL,CE,Federal Contract Tower,0,2,11,0,13,0,0,64,0,64,0,2,75,0,77,34,0,34,111
01/18/2015,JXN,MI,AGL,CE,Federal Contract Tower,0,0,4,0,4,0,0,35,0,35,0,0,39,0,39,24,0,24,63
01/19/2015,JXN,MI,AGL,CE,Federal Contract Tower,0,0,2,0,2,0,1,20,0,21,0,1,22,0,23,20,0,20,43
01/20/2015,JXN,MI,AGL,CE,Federal Contract Tower,0,0,3,0,3,0,0,1,0,1,0,0,4,0,4,2,0,2,6
01/21/2015,JXN,MI,AGL,CE,Federal Contract Tower,0,0,3,0,3,0,0,0,0,0,0,0,3,0,3,0,0,0,3
01/22/2015,JXN,MI,AGL,CE,Federal Contract Tower,0,0,2,0,2,0,1,7,0,8,0,1,9,0,10,2,0,2,12
01/23/2015,JXN,MI,AGL,CE,Federal Contract Tower,0,0,8,0,8,0,1,45,0,46,0,1,53,0,54,70,0,70,124
01/24/2015,JXN,MI,AGL,CE,Federal Contract Tower,0,1,2,0,3,0,0,22,0,22,0,1,24,0,25,8,0,8,33
01/25/2015,JXN,MI,AGL,CE,Federal Contract Tower,0,0,3,0,3,0,0,39,0,39,0,0,42,0,42,24,0,24,66
01/26/2015,JXN,MI,AGL,CE,Federal Contract Tower,0,1,5,0,6,0,0,43,0,43,0,1,48,0,49,56,0,56,105
01/27/2015,JXN,MI,AGL,CE,Federal Contract Tower,0,0,7,1,8,0,0,35,4,39,0,0,42,5,47,50,4,54,101
01/28/2015,JXN,MI,AGL,CE,Federal Contract Tower,0,0,22,2,24,0,0,57,2,59,0,0,79,4,83,80,0,80,163
01/29/2015,JXN,MI,AGL,CE,Federal Contract Tower,0,0,1,0,1,0,0,0,0,0,0,0,1,0,1,0,0,0,1
01/30/2015,JXN,MI,AGL,CE,Federal Contract Tower,0,0,8,1,9,0,0,57,1,58,0,0,65,2,67,56,0,56,123
01/31/2015,JXN,MI,AGL,CE,Federal Contract Tower,0,1,24,0,25,0,0,120,0,120,0,1,144,0,145,80,0,80,225
02/01/2015,JXN,MI,AGL,CE,Federal Contract Tower,0,0,0,0,0,0,0,0,0,0,0,0,0,0,0,0,0,0,0
02/02/2015,JXN,MI,AGL,CE,Federal Contract Tower,0,0,1,0,1,0,0,1,0,1,0,0,2,0,2,0,0,0,2
02/03/2015,JXN,MI,AGL,CE,Federal Contract Tower,0,0,6,0,6,0,1,11,0,12,0,1,17,0,18,8,0,8,26
02/04/2015,JXN,MI,AGL,CE,Federal Contract Tower,0,0,0,0,0,0,0,2,0,2,0,0,2,0,2,8,0,8,10
02/05/2015,JXN,MI,AGL,CE,Federal Contract Tower,0,0,4,2,6,0,0,54,2,56,0,0,58,4,62,98,4,102,164
02/06/2015,JXN,MI,AGL,CE,Federal Contract Tower,0,2,21,0,23,0,0,63,0,63,0,2,84,0,86,46,0,46,132
02/07/2015,JXN,MI,AGL,CE,Federal Contract Tower,0,0,5,1,6,0,0,80,7,87,0,0,85,8,93,40,6,46,139
02/08/2015,JXN,MI,AGL,CE,Federal Contract Tower,0,0,4,0,4,0,0,18,0,18,0,0,22,0,22,4,0,4,26
02/09/2015,JXN,MI,AGL,CE,Federal Contract Tower,0,0,4,0,4,0,0,0,0,0,0,0,4,0,4,0,0,0,4
02/10/2015,JXN,MI,AGL,CE,Federal Contract Tower,0,0,12,0,12,0,0,42,0,42,0,0,54,0,54,40,0,40,94
02/11/2015,JXN,MI,AGL,CE,Federal Contract Tower,0,1,3,0,4,0,0,0,0,0,0,1,3,0,4,0,0,0,4
02/12/2015,JXN,MI,AGL,CE,Federal Contract Tower,0,0,4,2,6,0,3,50,4,57,0,3,54,6,63,54,4,58,121
02/13/2015,JXN,MI,AGL,CE,Federal Contract Tower,0,2,13,0,15,0,3,50,0,53,0,5,63,0,68,90,0,90,158
02/14/2015,JXN,MI,AGL,CE,Federal Contract Tower,0,0,1,0,1,0,0,1,0,1,0,0,2,0,2,2,0,2,4
02/15/2015,JXN,MI,AGL,CE,Federal Contract Tower,0,0,4,0,4,0,0,25,0,25,0,0,29,0,29,14,0,14,43
02/16/2015,JXN,MI,AGL,CE,Federal Contract Tower,0,1,7,0,8,0,1,18,0,19,0,2,25,0,27,2,0,2,29
02/17/2015,JXN,MI,AGL,CE,Federal Contract Tower,0,2,0,0,2,0,0,0,0,0,0,2,0,0,2,0,0,0,2
02/18/2015,JXN,MI,AGL,CE,Federal Contract Tower,0,0,5,2,7,0,0,5,2,7,0,0,10,4,14,4,2,6,20
02/19/2015,JXN,MI,AGL,CE,Federal Contract Tower,0,0,6,2,8,0,2,36,2,40,0,2,42,4,48,52,2,54,102
02/20/2015,JXN,MI,AGL,CE,Federal Contract Tower,0,0,9,0,9,0,4,82,0,86,0,4,91,0,95,68,0,68,163
02/21/2015,JXN,MI,AGL,CE,Federal Contract Tower,0,0,4,0,4,0,2,63,0,65,0,2,67,0,69,60,0,60,129
02/22/2015,JXN,MI,AGL,CE,Federal Contract Tower,0,0,8,0,8,0,0,35,0,35,0,0,43,0,43,18,0,18,61
02/23/2015,JXN,MI,AGL,CE,Federal Contract Tower,0,1,1,0,2,0,0,20,0,20,0,1,21,0,22,14,0,14,36
02/24/2015,JXN,MI,AGL,CE,Federal Contract Tower,0,4,0,2,6,0,0,0,0,0,0,4,0,2,6,0,0,0,6
02/25/2015,JXN,MI,AGL,CE,Federal Contract Tower,0,1,9,2,12,0,0,46,0,46,0,1,55,2,58,96,0,96,154
02/26/2015,JXN,MI,AGL,CE,Federal Contract Tower,0,1,9,7,17,0,0,47,4,51,0,1,56,11,68,96,6,102,170
02/27/2015,JXN,MI,AGL,CE,Federal Contract Tower,0,0,16,4,20,0,9,60,2,71,0,9,76,6,91,84,4,88,179
02/28/2015,JXN,MI,AGL,CE,Federal Contract Tower,0,0,22,0,22,0,0,102,0,102,0,0,124,0,124,48,0,48,172
03/01/2015,JXN,MI,AGL,CE,Federal Contract Tower,0,0,3,0,3,0,0,4,0,4,0,0,7,0,7,10,0,10,17
03/02/2015,JXN,MI,AGL,CE,Federal Contract Tower,0,2,15,0,17,0,0,35,0,35,0,2,50,0,52,48,0,48,100
03/03/2015,JXN,MI,AGL,CE,Federal Contract Tower,0,0,0,0,0,0,0,0,0,0,0,0,0,0,0,0,0,0,0
03/04/2015,JXN,MI,AGL,CE,Federal Contract Tower,0,2,3,0,5,0,2,7,0,9,0,4,10,0,14,14,0,14,28
03/05/2015,JXN,MI,AGL,CE,Federal Contract Tower,0,0,13,0,13,0,0,33,0,33,0,0,46,0,46,24,0,24,70
03/06/2015,JXN,MI,AGL,CE,Federal Contract Tower,0,0,5,0,5,0,2,38,0,40,0,2,43,0,45,36,0,36,81
03/07/2015,JXN,MI,AGL,CE,Federal Contract Tower,0,0,4,0,4,0,0,47,0,47,0,0,51,0,51,30,0,30,81
03/08/2015,JXN,MI,AGL,CE,Federal Contract Tower,0,0,37,0,37,0,0,102,0,102,0,0,139,0,139,54,0,54,193
03/09/2015,JXN,MI,AGL,CE,Federal Contract Tower,0,0,16,0,16,0,0,39,0,39,0,0,55,0,55,24,0,24,79
03/10/2015,JXN,MI,AGL,CE,Federal Contract Tower,0,0,31,0,31,0,0,1,0,1,0,0,32,0,32,8,0,8,40
03/11/2015,JXN,MI,AGL,CE,Federal Contract Tower,0,0,13,4,17,0,0,62,2,64,0,0,75,6,81,84,6,90,171
03/12/2015,JXN,MI,AGL,CE,Federal Contract Tower,0,0,10,2,12,0,0,77,2,79,0,0,87,4,91,66,0,66,157
03/13/2015,JXN,MI,AGL,CE,Federal Contract Tower,0,0,14,0,14,0,0,81,0,81,0,0,95,0,95,54,0,54,149
03/14/2015,JXN,MI,AGL,CE,Federal Contract Tower,0,8,9,0,17,0,10,7,0,17,0,18,16,0,34,12,0,12,46
03/15/2015,JXN,MI,AGL,CE,Federal Contract Tower,0,0,25,0,25,0,0,81,0,81,0,0,106,0,106,46,0,46,152
03/16/2015,JXN,MI,AGL,CE,Federal Contract Tower,0,1,7,0,8,0,2,28,0,30,0,3,35,0,38,32,0,32,70
03/17/2015,JXN,MI,AGL,CE,Federal Contract Tower,0,0,5,2,7,0,0,7,0,7,0,0,12,2,14,0,0,0,14
03/18/2015,JXN,MI,AGL,CE,Federal Contract Tower,0,0,8,0,8,0,0,29,0,29,0,0,37,0,37,24,0,24,61
03/19/2015,JXN,MI,AGL,CE,Federal Contract Tower,0,0,8,0,8,0,0,63,0,63,0,0,71,0,71,46,0,46,117
03/20/2015,JXN,MI,AGL,CE,Federal Contract Tower,0,0,20,0,20,0,0,67,0,67,0,0,87,0,87,112,0,112,199
03/21/2015,JXN,MI,AGL,CE,Federal Contract Tower,0,0,28,0,28,0,0,9,0,9,0,0,37,0,37,52,0,52,89
03/22/2015,JXN,MI,AGL,CE,Federal Contract Tower,0,2,23,0,25,0,2,75,0,77,0,4,98,0,102,86,0,86,188
03/23/2015,JXN,MI,AGL,CE,Federal Contract Tower,0,3,2,0,5,0,2,17,0,19,0,5,19,0,24,56,0,56,80
03/24/2015,JXN,MI,AGL,CE,Federal Contract Tower,0,0,7,0,7,0,4,45,0,49,0,4,52,0,56,60,0,60,116
03/25/2015,JXN,MI,AGL,CE,Federal Contract Tower,0,2,11,0,13,0,2,3,0,5,0,4,14,0,18,4,0,4,22
03/26/2015,JXN,MI,AGL,CE,Federal Contract Tower,0,0,8,1,9,0,1,49,2,52,0,1,57,3,61,64,2,66,127
03/27/2015,JXN,MI,AGL,CE,Federal Contract Tower,0,0,1,0,1,0,2,17,0,19,0,2,18,0,20,32,0,32,52
03/28/2015,JXN,MI,AGL,CE,Federal Contract Tower,0,0,20,0,20,0,3,91,0,94,0,3,111,0,114,42,0,42,156
03/29/2015,JXN,MI,AGL,CE,Federal Contract Tower,0,0,17,0,17,0,2,82,0,84,0,2,99,0,101,56,0,56,157
03/30/2015,JXN,MI,AGL,CE,Federal Contract Tower,0,1,14,0,15,0,2,48,0,50,0,3,62,0,65,56,0,56,121
03/31/2015,JXN,MI,AGL,CE,Federal Contract Tower,0,10,18,0,28,0,0,38,0,38,0,10,56,0,66,52,0,52,118
04/01/2015,JXN,MI,AGL,CE,Federal Contract Tower,0,0,13,0,13,0,0,63,0,63,0,0,76,0,76,66,0,66,142
04/02/2015,JXN,MI,AGL,CE,Federal Contract Tower,0,1,2,0,3,0,0,0,0,0,0,1,2,0,3,0,0,0,3
04/03/2015,JXN,MI,AGL,CE,Federal Contract Tower,0,1,18,0,19,0,1,40,0,41,0,2,58,0,60,52,0,52,112
04/04/2015,JXN,MI,AGL,CE,Federal Contract Tower,0,0,29,0,29,0,0,103,0,103,0,0,132,0,132,54,0,54,186
04/05/2015,JXN,MI,AGL,CE,Federal Contract Tower,0,0,8,0,8,0,0,69,0,69,0,0,77,0,77,50,0,50,127
04/06/2015,JXN,MI,AGL,CE,Federal Contract Tower,0,0,20,0,20,0,1,56,0,57,0,1,76,0,77,132,0,132,209
04/07/2015,JXN,MI,AGL,CE,Federal Contract Tower,0,2,4,3,9,0,0,3,2,5,0,2,7,5,14,22,2,24,38
04/08/2015,JXN,MI,AGL,CE,Federal Contract Tower,0,0,0,0,0,0,0,0,0,0,0,0,0,0,0,0,0,0,0
04/09/2015,JXN,MI,AGL,CE,Federal Contract Tower,0,2,3,0,5,0,0,0,0,0,0,2,3,0,5,0,0,0,5
04/10/2015,JXN,MI,AGL,CE,Federal Contract Tower,0,0,2,0,2,0,0,5,0,5,0,0,7,0,7,8,0,8,15
04/11/2015,JXN,MI,AGL,CE,Federal Contract Tower,0,0,28,0,28,0,0,129,0,129,0,0,157,0,157,108,0,108,265
04/12/2015,JXN,MI,AGL,CE,Federal Contract Tower,0,0,25,0,25,0,0,132,1,133,0,0,157,1,158,86,0,86,244
04/13/2015,JXN,MI,AGL,CE,Federal Contract Tower,0,0,4,0,4,0,0,42,0,42,0,0,46,0,46,58,0,58,104
04/14/2015,JXN,MI,AGL,CE,Federal Contract Tower,0,1,21,0,22,0,4,76,0,80,0,5,97,0,102,98,0,98,200
04/15/2015,JXN,MI,AGL,CE,Federal Contract Tower,0,0,6,0,6,0,4,57,0,61,0,4,63,0,67,64,0,64,131
04/16/2015,JXN,MI,AGL,CE,Federal Contract Tower,0,0,12,0,12,0,1,10,0,11,0,1,22,0,23,32,0,32,55
04/17/2015,JXN,MI,AGL,CE,Federal Contract Tower,0,1,21,0,22,0,2,85,0,87,0,3,106,0,109,50,0,50,159
04/18/2015,JXN,MI,AGL,CE,Federal Contract Tower,0,0,13,0,13,0,0,107,0,107,0,0,120,0,120,78,0,78,198
04/19/2015,JXN,MI,AGL,CE,Federal Contract Tower,0,0,10,0,10,0,2,77,0,79,0,2,87,0,89,72,0,72,161
04/20/2015,JXN,MI,AGL,CE,Federal Contract Tower,0,0,6,0,6,0,0,26,0,26,0,0,32,0,32,32,0,32,64
04/21/2015,JXN,MI,AGL,CE,Federal Contract Tower,8,1,1,0,10,0,3,11,2,16,8,4,12,2,26,12,0,12,38
04/22/2015,JXN,MI,AGL,CE,Federal Contract Tower,0,0,2,2,4,0,0,26,0,26,0,0,28,2,30,36,2,38,68
04/23/2015,JXN,MI,AGL,CE,Federal Contract Tower,0,1,9,4,14,0,2,8,2,12,0,3,17,6,26,54,4,58,84
04/24/2015,JXN,MI,AGL,CE,Federal Contract Tower,0,1,10,0,11,0,3,87,0,90,0,4,97,0,101,104,0,104,205
04/25/2015,JXN,MI,AGL,CE,Federal Contract Tower,0,1,16,0,17,0,0,67,1,68,0,1,83,1,85,72,0,72,157
04/26/2015,JXN,MI,AGL,CE,Federal Contract Tower,0,0,11,0,11,0,0,94,0,94,0,0,105,0,105,50,0,50,155
04/27/2015,JXN,MI,AGL,CE,Federal Contract Tower,0,1,4,0,5,0,7,20,0,27,0,8,24,0,32,100,0,100,132
04/28/2015,JXN,MI,AGL,CE,Federal Contract Tower,0,2,11,2,15,0,3,56,0,59,0,5,67,2,74,112,2,114,188
04/29/2015,JXN,MI,AGL,CE,Federal Contract Tower,0,0,12,0,12,0,2,38,0,40,0,2,50,0,52,50,0,50,102
04/30/2015,JXN,MI,AGL,CE,Federal Contract Tower,0,0,15,2,17,0,1,48,2,51,0,1,63,4,68,82,2,84,152
05/01/2015,JXN,MI,AGL,CE,Federal Contract Tower,0,4,11,0,15,0,5,75,0,80,0,9,86,0,95,74,0,74,169
05/02/2015,JXN,MI,AGL,CE,Federal Contract Tower,0,1,18,0,19,0,2,120,0,122,0,3,138,0,141,32,0,32,173
05/03/2015,JXN,MI,AGL,CE,Federal Contract Tower,0,0,11,0,11,0,1,99,0,100,0,1,110,0,111,36,0,36,147
05/04/2015,JXN,MI,AGL,CE,Federal Contract Tower,0,0,10,0,10,0,0,15,0,15,0,0,25,0,25,28,0,28,53
05/05/2015,JXN,MI,AGL,CE,Federal Contract Tower,0,0,11,0,11,0,0,15,0,15,0,0,26,0,26,28,0,28,54
05/06/2015,JXN,MI,AGL,CE,Federal Contract Tower,0,0,15,0,15,0,0,8,2,10,0,0,23,2,25,10,0,10,35
05/07/2015,JXN,MI,AGL,CE,Federal Contract Tower,0,0,14,0,14,0,0,60,0,60,0,0,74,0,74,82,0,82,156
05/08/2015,JXN,MI,AGL,CE,Federal Contract Tower,0,1,12,0,13,0,0,87,0,87,0,1,99,0,100,78,0,78,178
05/09/2015,JXN,MI,AGL,CE,Federal Contract Tower,0,1,25,0,26,0,1,61,0,62,0,2,86,0,88,28,0,28,116
05/10/2015,JXN,MI,AGL,CE,Federal Contract Tower,0,0,0,0,0,0,0,56,0,56,0,0,56,0,56,38,0,38,94
05/11/2015,JXN,MI,AGL,CE,Federal Contract Tower,0,0,7,0,7,0,0,15,0,15,0,0,22,0,22,32,0,32,54
05/12/2015,JXN,MI,AGL,CE,Federal Contract Tower,0,1,10,0,11,0,0,21,0,21,0,1,31,0,32,32,0,32,64
05/13/2015,JXN,MI,AGL,CE,Federal Contract Tower,0,1,15,0,16,0,4,36,0,40,0,5,51,0,56,54,0,54,110
05/14/2015,JXN,MI,AGL,CE,Federal Contract Tower,0,0,14,1,15,0,6,59,1,66,0,6,73,2,81,70,0,70,151
05/16/2015,JXN,MI,AGL,CE,Federal Contract Tower,0,1,22,0,23,0,1,82,0,83,0,2,104,0,106,40,0,40,146
05/17/2015,JXN,MI,AGL,CE,Federal Contract Tower,0,0,2,0,2,0,0,54,0,54,0,0,56,0,56,42,0,42,98
05/18/2015,JXN,MI,AGL,CE,Federal Contract Tower,0,0,17,0,17,0,0,34,0,34,0,0,51,0,51,16,0,16,67
05/19/2015,JXN,MI,AGL,CE,Federal Contract Tower,0,2,28,0,30,0,4,44,4,52,0,6,72,4,82,16,4,20,102
05/20/2015,JXN,MI,AGL,CE,Federal Contract Tower,2,1,15,0,18,0,3,76,0,79,2,4,91,0,97,28,0,28,125
05/21/2015,JXN,MI,AGL,CE,Federal Contract Tower,0,3,15,0,18,0,2,49,0,51,0,5,64,0,69,118,0,118,187
05/22/2015,JXN,MI,AGL,CE,Federal Contract Tower,0,2,15,0,17,0,2,141,0,143,0,4,156,0,160,100,0,100,260
05/23/2015,JXN,MI,AGL,CE,Federal Contract Tower,0,2,13,0,15,0,0,98,0,98,0,2,111,0,113,34,0,34,147
05/24/2015,JXN,MI,AGL,CE,Federal Contract Tower,0,0,7,0,7,0,0,153,0,153,0,0,160,0,160,20,0,20,180
05/25/2015,JXN,MI,AGL,CE,Federal Contract Tower,0,0,7,0,7,0,0,10,0,10,0,0,17,0,17,0,0,0,17
05/26/2015,JXN,MI,AGL,CE,Federal Contract Tower,0,3,10,0,13,0,0,12,0,12,0,3,22,0,25,34,0,34,59
05/27/2015,JXN,MI,AGL,CE,Federal Contract Tower,0,1,6,0,7,0,1,54,0,55,0,2,60,0,62,80,0,80,142
05/28/2015,JXN,MI,AGL,CE,Federal Contract Tower,0,4,22,2,28,0,5,86,2,93,0,9,108,4,121,88,0,88,209
05/29/2015,JXN,MI,AGL,CE,Federal Contract Tower,0,1,2,0,3,0,6,59,0,65,0,7,61,0,68,96,0,96,164
05/30/2015,JXN,MI,AGL,CE,Federal Contract Tower,0,3,2,0,5,0,0,43,0,43,0,3,45,0,48,78,0,78,126
05/31/2015,JXN,MI,AGL,CE,Federal Contract Tower,0,0,0,0,0,0,0,3,0,3,0,0,3,0,3,0,0,0,3
06/01/2015,JXN,MI,AGL,CE,Federal Contract Tower,0,0,11,0,11,0,0,52,0,52,0,0,63,0,63,44,0,44,107
06/02/2015,JXN,MI,AGL,CE,Federal Contract Tower,0,0,12,0,12,0,2,34,0,36,0,2,46,0,48,62,0,62,110
06/03/2015,JXN,MI,AGL,CE,Federal Contract Tower,0,0,27,0,27,0,0,86,0,86,0,0,113,0,113,84,0,84,197
06/04/2015,JXN,MI,AGL,CE,Federal Contract Tower,0,2,18,1,21,0,0,88,2,90,0,2,106,3,111,74,2,76,187
06/05/2015,JXN,MI,AGL,CE,Federal Contract Tower,0,0,11,0,11,0,0,39,0,39,0,0,50,0,50,14,0,14,64
06/06/2015,JXN,MI,AGL,CE,Federal Contract Tower,0,1,18,0,19,0,0,101,0,101,0,1,119,0,120,60,0,60,180
06/07/2015,JXN,MI,AGL,CE,Federal Contract Tower,0,0,15,0,15,0,0,47,0,47,0,0,62,0,62,32,0,32,94
06/08/2015,JXN,MI,AGL,CE,Federal Contract Tower,0,0,2,0,2,0,0,6,0,6,0,0,8,0,8,0,0,0,8
06/09/2015,JXN,MI,AGL,CE,Federal Contract Tower,0,0,22,0,22,0,1,42,4,47,0,1,64,4,69,80,0,80,149
06/10/2015,JXN,MI,AGL,CE,Federal Contract Tower,0,0,0,0,0,0,1,53,0,54,0,1,53,0,54,64,0,64,118
06/11/2015,JXN,MI,AGL,CE,Federal Contract Tower,0,0,22,0,22,0,1,78,2,81,0,1,100,2,103,120,2,122,225
06/12/2015,JXN,MI,AGL,CE,Federal Contract Tower,7,2,10,0,19,16,2,43,0,61,23,4,53,0,80,100,0,100,180
06/13/2015,JXN,MI,AGL,CE,Federal Contract Tower,0,3,24,0,27,0,0,0,0,0,0,3,24,0,27,0,0,0,27
06/14/2015,JXN,MI,AGL,CE,Federal Contract Tower,0,9,26,0,35,0,10,42,0,52,0,19,68,0,87,22,0,22,109
06/15/2015,JXN,MI,AGL,CE,Federal Contract Tower,0,0,10,0,10,0,0,2,2,4,0,0,12,2,14,0,0,0,14
06/16/2015,JXN,MI,AGL,CE,Federal Contract Tower,0,0,16,0,16,0,0,42,0,42,0,0,58,0,58,62,0,62,120
06/17/2015,JXN,MI,AGL,CE,Federal Contract Tower,0,2,14,0,16,0,0,64,0,64,0,2,78,0,80,106,0,106,186
06/18/2015,JXN,MI,AGL,CE,Federal Contract Tower,0,0,12,0,12,0,0,45,0,45,0,0,57,0,57,62,0,62,119
06/19/2015,JXN,MI,AGL,CE,Federal Contract Tower,0,0,5,0,5,0,0,91,0,91,0,0,96,0,96,84,0,84,180
06/20/2015,JXN,MI,AGL,CE,Federal Contract Tower,0,4,15,0,19,0,0,45,0,45,0,4,60,0,64,32,0,32,96
06/21/2015,JXN,MI,AGL,CE,Federal Contract Tower,0,0,9,0,9,0,0,47,0,47,0,0,56,0,56,8,0,8,64
06/22/2015,JXN,MI,AGL,CE,Federal Contract Tower,0,5,2,0,7,0,4,78,0,82,0,9,80,0,89,88,0,88,177
06/23/2015,JXN,MI,AGL,CE,Federal Contract Tower,0,3,29,0,32,0,0,67,0,67,0,3,96,0,99,76,0,76,175
06/24/2015,JXN,MI,AGL,CE,Federal Contract Tower,0,0,21,0,21,0,0,83,2,85,0,0,104,2,106,46,0,46,152
06/25/2015,JXN,MI,AGL,CE,Federal Contract Tower,0,0,7,0,7,0,5,33,0,38,0,5,40,0,45,62,0,62,107
06/26/2015,JXN,MI,AGL,CE,Federal Contract Tower,0,0,7,0,7,0,1,56,0,57,0,1,63,0,64,32,0,32,96
06/27/2015,JXN,MI,AGL,CE,Federal Contract Tower,0,0,1,0,1,0,1,0,0,1,0,1,1,0,2,0,0,0,2
06/28/2015,JXN,MI,AGL,CE,Federal Contract Tower,0,0,13,0,13,0,0,81,0,81,0,0,94,0,94,30,0,30,124
06/29/2015,JXN,MI,AGL,CE,Federal Contract Tower,0,1,16,0,17,0,0,70,0,70,0,1,86,0,87,106,0,106,193
06/30/2015,JXN,MI,AGL,CE,Federal Contract Tower,0,0,7,0,7,0,2,64,0,66,0,2,71,0,73,112,0,112,185
07/01/2015,JXN,MI,AGL,CE,Federal Contract Tower,0,3,32,0,35,0,0,26,0,26,0,3,58,0,61,22,0,22,83
07/02/2015,JXN,MI,AGL,CE,Federal Contract Tower,0,1,11,0,12,0,0,0,0,0,0,1,11,0,12,56,0,56,68
07/03/2015,JXN,MI,AGL,CE,Federal Contract Tower,0,0,6,0,6,0,0,61,0,61,0,0,67,0,67,60,0,60,127
07/04/2015,JXN,MI,AGL,CE,Federal Contract Tower,0,1,0,0,1,0,1,67,0,68,0,2,67,0,69,2,0,2,71
07/05/2015,JXN,MI,AGL,CE,Federal Contract Tower,0,1,8,0,9,0,0,99,0,99,0,1,107,0,108,88,0,88,196
07/06/2015,JXN,MI,AGL,CE,Federal Contract Tower,0,2,5,0,7,0,1,91,0,92,0,3,96,0,99,102,0,102,201
07/07/2015,JXN,MI,AGL,CE,Federal Contract Tower,0,1,4,0,5,0,0,78,0,78,0,1,82,0,83,110,0,110,193
07/08/2015,JXN,MI,AGL,CE,Federal Contract Tower,0,1,9,0,10,0,0,38,0,38,0,1,47,0,48,32,0,32,80
07/09/2015,JXN,MI,AGL,CE,Federal Contract Tower,0,1,11,2,14,0,1,7,0,8,0,2,18,2,22,12,0,12,34
07/10/2015,JXN,MI,AGL,CE,Federal Contract Tower,0,0,8,0,8,0,0,84,2,86,0,0,92,2,94,68,0,68,162
07/11/2015,JXN,MI,AGL,CE,Federal Contract Tower,0,0,27,0,27,0,0,71,0,71,0,0,98,0,98,44,0,44,142
07/12/2015,JXN,MI,AGL,CE,Federal Contract Tower,0,0,2,0,2,0,0,75,0,75,0,0,77,0,77,112,0,112,189
07/13/2015,JXN,MI,AGL,CE,Federal Contract Tower,0,1,2,0,3,0,0,75,0,75,0,1,77,0,78,94,0,94,172
07/14/2015,JXN,MI,AGL,CE,Federal Contract Tower,0,0,4,0,4,0,0,80,0,80,0,0,84,0,84,108,0,108,192
07/15/2015,JXN,MI,AGL,CE,Federal Contract Tower,0,0,22,0,22,0,0,81,0,81,0,0,103,0,103,44,0,44,147
07/16/2015,JXN,MI,AGL,CE,Federal Contract Tower,0,1,19,0,20,0,2,82,0,84,0,3,101,0,104,106,0,106,210
07/17/2015,JXN,MI,AGL,CE,Federal Contract Tower,0,4,7,0,11,0,0,31,0,31,0,4,38,0,42,0,0,0,42
07/18/2015,JXN,MI,AGL,CE,Federal Contract Tower,0,0,9,0,9,0,0,36,0,36,0,0,45,0,45,46,0,46,91
07/19/2015,JXN,MI,AGL,CE,Federal Contract Tower,0,1,18,0,19,0,0,98,0,98,0,1,116,0,117,66,0,66,183
07/20/2015,JXN,MI,AGL,CE,Federal Contract Tower,0,1,16,0,17,0,2,67,0,69,0,3,83,0,86,58,0,58,144
07/21/2015,JXN,MI,AGL,CE,Federal Contract Tower,0,1,11,0,12,0,0,70,0,70,0,1,81,0,82,116,0,116,198
07/22/2015,JXN,MI,AGL,CE,Federal Contract Tower,0,0,8,0,8,0,0,81,2,83,0,0,89,2,91,102,4,106,197
07/23/2015,JXN,MI,AGL,CE,Federal Contract Tower,0,0,19,0,19,0,1,71,0,72,0,1,90,0,91,148,0,148,239
07/24/2015,JXN,MI,AGL,CE,Federal Contract Tower,0,1,23,0,24,0,0,87,0,87,0,1,110,0,111,82,0,82,193
07/25/2015,JXN,MI,AGL,CE,Federal Contract Tower,0,0,16,0,16,0,1,128,0,129,0,1,144,0,145,106,0,106,251
07/26/2015,JXN,MI,AGL,CE,Federal Contract Tower,0,1,14,0,15,0,1,144,0,145,0,2,158,0,160,44,0,44,204
07/27/2015,JXN,MI,AGL,CE,Federal Contract Tower,0,1,5,0,6,0,1,63,0,64,0,2,68,0,70,104,0,104,174
07/28/2015,JXN,MI,AGL,CE,Federal Contract Tower,0,2,19,0,21,0,2,71,0,73,0,4,90,0,94,94,0,94,188
07/29/2015,JXN,MI,AGL,CE,Federal Contract Tower,0,0,14,0,14,0,1,26,0,27,0,1,40,0,41,60,0,60,101
07/30/2015,JXN,MI,AGL,CE,Federal Contract Tower,0,0,11,0,11,0,2,25,0,27,0,2,36,0,38,46,0,46,84
07/31/2015,JXN,MI,AGL,CE,Federal Contract Tower,0,0,1,0,1,0,0,29,0,29,0,0,30,0,30,26,0,26,56
08/01/2015,JXN,MI,AGL,CE,Federal Contract Tower,0,0,12,0,12,0,1,100,0,101,0,1,112,0,113,76,0,76,189
08/02/2015,JXN,MI,AGL,CE,Federal Contract Tower,0,0,6,0,6,0,2,91,0,93,0,2,97,0,99,74,0,74,173
08/03/2015,JXN,MI,AGL,CE,Federal Contract Tower,0,0,15,0,15,0,0,59,0,59,0,0,74,0,74,74,0,74,148
08/04/2015,JXN,MI,AGL,CE,Federal Contract Tower,0,0,19,0,19,0,1,69,0,70,0,1,88,0,89,66,0,66,155
08/05/2015,JXN,MI,AGL,CE,Federal Contract Tower,0,2,14,0,16,0,0,57,0,57,0,2,71,0,73,114,0,114,187
08/06/2015,JXN,MI,AGL,CE,Federal Contract Tower,0,0,8,3,11,0,0,56,1,57,0,0,64,4,68,42,0,42,110
08/07/2015,JXN,MI,AGL,CE,Federal Contract Tower,0,0,18,1,19,0,0,66,1,67,0,0,84,2,86,62,0,62,148
08/08/2015,JXN,MI,AGL,CE,Federal Contract Tower,0,0,6,0,6,0,0,80,0,80,0,0,86,0,86,92,0,92,178
08/09/2015,JXN,MI,AGL,CE,Federal Contract Tower,0,0,14,0,14,0,0,76,12,88,0,0,90,12,102,58,0,58,160
08/10/2015,JXN,MI,AGL,CE,Federal Contract Tower,0,0,4,0,4,0,0,9,6,15,0,0,13,6,19,0,2,2,21
08/11/2015,JXN,MI,AGL,CE,Federal Contract Tower,0,0,12,0,12,0,0,54,0,54,0,0,66,0,66,48,0,48,114
08/12/2015,JXN,MI,AGL,CE,Federal Contract Tower,0,0,14,0,14,0,0,57,0,57,0,0,71,0,71,58,0,58,129
08/13/2015,JXN,MI,AGL,CE,Federal Contract Tower,0,2,8,0,10,0,0,31,0,31,0,2,39,0,41,94,0,94,135
08/14/2015,JXN,MI,AGL,CE,Federal Contract Tower,0,3,10,0,13,0,0,21,0,21,0,3,31,0,34,10,0,10,44
08/15/2015,JXN,MI,AGL,CE,Federal Contract Tower,0,3,14,0,17,0,0,97,0,97,0,3,111,0,114,62,0,62,176
08/16/2015,JXN,MI,AGL,CE,Federal Contract Tower,0,3,35,0,38,0,0,133,0,133,0,3,168,0,171,86,0,86,257
08/17/2015,JXN,MI,AGL,CE,Federal Contract Tower,0,0,12,0,12,0,0,75,1,76,0,0,87,1,88,90,0,90,178
08/18/2015,JXN,MI,AGL,CE,Federal Contract Tower,0,1,3,0,4,0,0,56,0,56,0,1,59,0,60,124,0,124,184
08/19/2015,JXN,MI,AGL,CE,Federal Contract Tower,0,0,0,0,0,0,0,24,0,24,0,0,24,0,24,42,0,42,66
08/20/2015,JXN,MI,AGL,CE,Federal Contract Tower,0,0,18,0,18,0,0,53,0,53,0,0,71,0,71,102,0,102,173
08/21/2015,JXN,MI,AGL,CE,Federal Contract Tower,0,0,8,0,8,0,0,80,4,84,0,0,88,4,92,112,0,112,204
08/22/2015,JXN,MI,AGL,CE,Federal Contract Tower,0,0,7,0,7,0,1,78,0,79,0,1,85,0,86,32,0,32,118
08/23/2015,JXN,MI,AGL,CE,Federal Contract Tower,0,0,9,0,9,0,0,72,2,74,0,0,81,2,83,44,8,52,135
08/24/2015,JXN,MI,AGL,CE,Federal Contract Tower,0,0,5,0,5,0,0,38,0,38,0,0,43,0,43,44,0,44,87
08/25/2015,JXN,MI,AGL,CE,Federal Contract Tower,0,0,14,1,15,0,0,28,1,29,0,0,42,2,44,88,0,88,132
08/26/2015,JXN,MI,AGL,CE,Federal Contract Tower,0,0,24,0,24,0,0,16,0,16,0,0,40,0,40,22,0,22,62
08/27/2015,JXN,MI,AGL,CE,Federal Contract Tower,0,0,6,0,6,0,0,50,0,50,0,0,56,0,56,22,0,22,78
08/28/2015,JXN,MI,AGL,CE,Federal Contract Tower,0,2,8,0,10,0,0,94,0,94,0,2,102,0,104,110,0,110,214
08/29/2015,JXN,MI,AGL,CE,Federal Contract Tower,0,0,10,0,10,0,0,59,0,59,0,0,69,0,69,42,0,42,111
08/30/2015,JXN,MI,AGL,CE,Federal Contract Tower,0,0,10,0,10,0,0,74,0,74,0,0,84,0,84,64,0,64,148
08/31/2015,JXN,MI,AGL,CE,Federal Contract Tower,0,0,12,0,12,0,4,32,0,36,0,4,44,0,48,76,0,76,124
09/01/2015,JXN,MI,AGL,CE,Federal Contract Tower,0,2,14,0,16,0,0,45,0,45,0,2,59,0,61,64,0,64,125
09/02/2015,JXN,MI,AGL,CE,Federal Contract Tower,0,0,12,0,12,0,0,32,0,32,0,0,44,0,44,8,0,8,52
09/03/2015,JXN,MI,AGL,CE,Federal Contract Tower,0,1,7,0,8,0,0,26,0,26,0,1,33,0,34,40,0,40,74
09/04/2015,JXN,MI,AGL,CE,Federal Contract Tower,0,0,6,0,6,0,0,74,0,74,0,0,80,0,80,80,0,80,160
09/05/2015,JXN,MI,AGL,CE,Federal Contract Tower,0,1,1,0,2,0,0,66,0,66,0,1,67,0,68,30,0,30,98
09/06/2015,JXN,MI,AGL,CE,Federal Contract Tower,0,2,11,0,13,0,2,106,2,110,0,4,117,2,123,54,0,54,177
09/07/2015,JXN,MI,AGL,CE,Federal Contract Tower,0,1,21,0,22,0,0,62,0,62,0,1,83,0,84,62,0,62,146
09/08/2015,JXN,MI,AGL,CE,Federal Contract Tower,0,2,4,0,6,0,0,12,0,12,0,2,16,0,18,14,0,14,32
09/09/2015,JXN,MI,AGL,CE,Federal Contract Tower,0,0,15,0,15,0,1,27,0,28,0,1,42,0,43,22,0,22,65
09/10/2015,JXN,MI,AGL,CE,Federal Contract Tower,0,0,21,0,21,0,2,70,0,72,0,2,91,0,93,132,0,132,225
09/11/2015,JXN,MI,AGL,CE,Federal Contract Tower,0,4,3,0,7,0,2,75,0,77,0,6,78,0,84,74,0,74,158
09/12/2015,JXN,MI,AGL,CE,Federal Contract Tower,0,1,17,0,18,0,0,80,0,80,0,1,97,0,98,46,0,46,144
09/13/2015,JXN,MI,AGL,CE,Federal Contract Tower,0,0,6,0,6,0,2,70,0,72,0,2,76,0,78,64,0,64,142
09/14/2015,JXN,MI,AGL,CE,Federal Contract Tower,0,1,2,0,3,0,2,37,0,39,0,3,39,0,42,34,0,34,76
09/15/2015,JXN,MI,AGL,CE,Federal Contract Tower,0,0,14,0,14,0,0,51,0,51,0,0,65,0,65,62,0,62,127
09/16/2015,JXN,MI,AGL,CE,Federal Contract Tower,0,0,14,0,14,0,0,86,2,88,0,0,100,2,102,102,0,102,204
09/17/2015,JXN,MI,AGL,CE,Federal Contract Tower,0,0,12,0,12,0,0,88,0,88,0,0,100,0,100,96,0,96,196
09/18/2015,JXN,MI,AGL,CE,Federal Contract Tower,0,0,5,0,5,0,0,29,0,29,0,0,34,0,34,52,0,52,86
09/19/2015,JXN,MI,AGL,CE,Federal Contract Tower,0,1,8,0,9,0,2,43,0,45,0,3,51,0,54,26,0,26,80
09/20/2015,JXN,MI,AGL,CE,Federal Contract Tower,0,0,14,0,14,0,0,124,0,124,0,0,138,0,138,44,0,44,182
09/21/2015,JXN,MI,AGL,CE,Federal Contract Tower,0,0,0,0,0,0,0,26,0,26,0,0,26,0,26,54,0,54,80
09/22/2015,JXN,MI,AGL,CE,Federal Contract Tower,0,0,4,0,4,0,2,62,0,64,0,2,66,0,68,24,0,24,92
09/23/2015,JXN,MI,AGL,CE,Federal Contract Tower,0,1,10,0,11,0,1,86,0,87,0,2,96,0,98,136,0,136,234
09/24/2015,JXN,MI,AGL,CE,Federal Contract Tower,0,0,3,0,3,0,1,78,0,79,0,1,81,0,82,102,0,102,184
09/25/2015,JXN,MI,AGL,CE,Federal Contract Tower,0,2,7,0,9,0,0,83,4,87,0,2,90,4,96,58,0,58,154
09/26/2015,JXN,MI,AGL,CE,Federal Contract Tower,0,1,21,0,22,0,0,60,0,60,0,1,81,0,82,50,0,50,132
09/27/2015,JXN,MI,AGL,CE,Federal Contract Tower,0,0,18,0,18,0,0,60,0,60,0,0,78,0,78,20,0,20,98
09/28/2015,JXN,MI,AGL,CE,Federal Contract Tower,0,0,21,0,21,0,2,22,0,24,0,2,43,0,45,44,0,44,89
09/29/2015,JXN,MI,AGL,CE,Federal Contract Tower,0,0,10,0,10,0,0,12,0,12,0,0,22,0,22,10,0,10,32
09/30/2015,JXN,MI,AGL,CE,Federal Contract Tower,0,0,5,6,11,0,0,56,4,60,0,0,61,10,71,74,6,80,151
10/01/2015,JXN,MI,AGL,CE,Federal Contract Tower,0,1,17,0,18,0,2,67,0,69,0,3,84,0,87,50,0,50,137
10/02/2015,JXN,MI,AGL,CE,Federal Contract Tower,0,5,5,0,10,0,2,71,0,73,0,7,76,0,83,72,0,72,155
10/03/2015,JXN,MI,AGL,CE,Federal Contract Tower,0,4,5,0,9,0,0,61,0,61,0,4,66,0,70,66,0,66,136
10/04/2015,JXN,MI,AGL,CE,Federal Contract Tower,0,1,22,0,23,0,0,4,0,4,0,1,26,0,27,6,0,6,33
10/05/2015,JXN,MI,AGL,CE,Federal Contract Tower,0,4,5,0,9,0,0,14,0,14,0,4,19,0,23,0,0,0,23
10/06/2015,JXN,MI,AGL,CE,Federal Contract Tower,0,3,12,0,15,0,0,2,0,2,0,3,14,0,17,34,0,34,51
10/07/2015,JXN,MI,AGL,CE,Federal Contract Tower,0,2,21,0,23,0,1,105,0,106,0,3,126,0,129,92,0,92,221
10/08/2015,JXN,MI,AGL,CE,Federal Contract Tower,0,7,22,1,30,0,9,79,0,88,0,16,101,1,118,114,0,114,232
10/09/2015,JXN,MI,AGL,CE,Federal Contract Tower,0,1,5,0,6,0,0,32,0,32,0,1,37,0,38,44,0,44,82
10/10/2015,JXN,MI,AGL,CE,Federal Contract Tower,0,0,15,0,15,0,0,103,0,103,0,0,118,0,118,22,0,22,140
10/11/2015,JXN,MI,AGL,CE,Federal Contract Tower,0,0,11,0,11,0,0,51,0,51,0,0,62,0,62,16,0,16,78
10/12/2015,JXN,MI,AGL,CE,Federal Contract Tower,0,2,15,0,17,0,0,48,0,48,0,2,63,0,65,92,0,92,157
10/13/2015,JXN,MI,AGL,CE,Federal Contract Tower,0,0,13,0,13,0,0,61,0,61,0,0,74,0,74,78,0,78,152
10/14/2015,JXN,MI,AGL,CE,Federal Contract Tower,0,0,16,0,16,0,0,73,0,73,0,0,89,0,89,82,0,82,171
10/15/2015,JXN,MI,AGL,CE,Federal Contract Tower,0,0,2,0,2,0,0,28,0,28,0,0,30,0,30,76,0,76,106
10/16/2015,JXN,MI,AGL,CE,Federal Contract Tower,0,0,11,0,11,0,0,35,0,35,0,0,46,0,46,58,0,58,104
10/17/2015,JXN,MI,AGL,CE,Federal Contract Tower,0,0,8,0,8,0,0,26,0,26,0,0,34,0,34,32,0,32,66
10/18/2015,JXN,MI,AGL,CE,Federal Contract Tower,0,0,17,0,17,0,0,4,0,4,0,0,21,0,21,66,0,66,87
10/19/2015,JXN,MI,AGL,CE,Federal Contract Tower,0,3,27,0,30,0,0,66,0,66,0,3,93,0,96,70,0,70,166
10/20/2015,JXN,MI,AGL,CE,Federal Contract Tower,0,1,17,1,19,0,0,81,2,83,0,1,98,3,102,82,2,84,186
10/21/2015,JXN,MI,AGL,CE,Federal Contract Tower,0,0,10,0,10,0,1,59,0,60,0,1,69,0,70,52,0,52,122
10/22/2015,JXN,MI,AGL,CE,Federal Contract Tower,0,0,22,3,25,0,2,80,3,85,0,2,102,6,110,84,2,86,196
10/23/2015,JXN,MI,AGL,CE,Federal Contract Tower,0,1,18,0,19,0,0,52,0,52,0,1,70,0,71,70,0,70,141
10/24/2015,JXN,MI,AGL,CE,Federal Contract Tower,0,0,4,0,4,0,0,4,0,4,0,0,8,0,8,2,0,2,10
10/25/2015,JXN,MI,AGL,CE,Federal Contract Tower,0,0,23,0,23,0,0,119,0,119,0,0,142,0,142,62,0,62,204
10/26/2015,JXN,MI,AGL,CE,Federal Contract Tower,0,0,15,0,15,0,0,71,0,71,0,0,86,0,86,122,0,122,208
10/27/2015,JXN,MI,AGL,CE,Federal Contract Tower,0,0,5,0,5,0,1,71,2,74,0,1,76,2,79,94,8,102,181
10/28/2015,JXN,MI,AGL,CE,Federal Contract Tower,0,1,0,0,1,0,0,37,0,37,0,1,37,0,38,36,0,36,74
10/29/2015,JXN,MI,AGL,CE,Federal Contract Tower,0,1,12,0,13,0,1,24,0,25,0,2,36,0,38,22,0,22,60
10/30/2015,JXN,MI,AGL,CE,Federal Contract Tower,0,0,13,0,13,0,0,51,0,51,0,0,64,0,64,90,0,90,154
10/31/2015,JXN,MI,AGL,CE,Federal Contract Tower,0,1,14,0,15,0,1,30,0,31,0,2,44,0,46,18,0,18,64
11/01/2015,JXN,MI,AGL,CE,Federal Contract Tower,0,0,0,0,0,0,0,23,0,23,0,0,23,0,23,0,0,0,23
11/02/2015,JXN,MI,AGL,CE,Federal Contract Tower,0,2,16,0,18,0,0,70,0,70,0,2,86,0,88,118,0,118,206
11/03/2015,JXN,MI,AGL,CE,Federal Contract Tower,0,2,19,0,21,0,0,82,0,82,0,2,101,0,103,72,0,72,175
11/04/2015,JXN,MI,AGL,CE,Federal Contract Tower,0,1,18,1,20,0,1,97,1,99,0,2,115,2,119,68,0,68,187
11/05/2015,JXN,MI,AGL,CE,Federal Contract Tower,0,2,18,0,20,0,0,61,0,61,0,2,79,0,81,30,0,30,111
11/06/2015,JXN,MI,AGL,CE,Federal Contract Tower,0,0,3,0,3,0,1,2,0,3,0,1,5,0,6,0,0,0,6
11/07/2015,JXN,MI,AGL,CE,Federal Contract Tower,0,4,25,0,29,0,2,43,0,45,0,6,68,0,74,30,0,30,104
11/08/2015,JXN,MI,AGL,CE,Federal Contract Tower,0,0,5,0,5,0,0,125,0,125,0,0,130,0,130,64,0,64,194
11/09/2015,JXN,MI,AGL,CE,Federal Contract Tower,0,1,22,0,23,0,0,81,0,81,0,1,103,0,104,104,0,104,208
11/10/2015,JXN,MI,AGL,CE,Federal Contract Tower,0,1,16,0,17,0,1,41,2,44,0,2,57,2,61,80,2,82,143
11/11/2015,JXN,MI,AGL,CE,Federal Contract Tower,0,0,25,0,25,0,0,49,0,49,0,0,74,0,74,86,0,86,160
11/12/2015,JXN,MI,AGL,CE,Federal Contract Tower,0,2,1,0,3,0,0,0,0,0,0,2,1,0,3,0,0,0,3
11/13/2015,JXN,MI,AGL,CE,Federal Contract Tower,0,0,5,0,5,0,1,2,0,3,0,1,7,0,8,0,0,0,8
11/14/2015,JXN,MI,AGL,CE,Federal Contract Tower,0,1,28,0,29,0,0,94,0,94,0,1,122,0,123,98,0,98,221
11/15/2015,JXN,MI,AGL,CE,Federal Contract Tower,0,2,15,0,17,0,0,70,0,70,0,2,85,0,87,86,0,86,173
11/16/2015,JXN,MI,AGL,CE,Federal Contract Tower,0,0,16,0,16,0,0,82,0,82,0,0,98,0,98,104,0,104,202
11/17/2015,JXN,MI,AGL,CE,Federal Contract Tower,0,0,10,5,15,0,0,48,7,55,0,0,58,12,70,88,12,100,170
11/18/2015,JXN,MI,AGL,CE,Federal Contract Tower,0,1,8,0,9,0,0,8,2,10,0,1,16,2,19,8,0,8,27
11/19/2015,JXN,MI,AGL,CE,Federal Contract Tower,0,2,2,0,4,0,0,0,0,0,0,2,2,0,4,0,0,0,4
11/20/2015,JXN,MI,AGL,CE,Federal Contract Tower,0,1,27,0,28,0,1,46,0,47,0,2,73,0,75,46,0,46,121
11/21/2015,JXN,MI,AGL,CE,Federal Contract Tower,0,1,2,0,3,0,0,0,0,0,0,1,2,0,3,0,0,0,3
11/22/2015,JXN,MI,AGL,CE,Federal Contract Tower,0,1,10,0,11,0,0,56,0,56,0,1,66,0,67,70,0,70,137
11/23/2015,JXN,MI,AGL,CE,Federal Contract Tower,0,5,9,2,16,0,4,39,4,47,0,9,48,6,63,104,6,110,173
11/24/2015,JXN,MI,AGL,CE,Federal Contract Tower,0,0,4,0,4,0,0,43,11,54,0,0,47,11,58,92,8,100,158
11/25/2015,JXN,MI,AGL,CE,Federal Contract Tower,0,0,18,0,18,0,0,41,0,41,0,0,59,0,59,26,0,26,85
11/26/2015,JXN,MI,AGL,CE,Federal Contract Tower,0,2,0,0,2,0,0,9,0,9,0,2,9,0,11,4,0,4,15
11/27/2015,JXN,MI,AGL,CE,Federal Contract Tower,0,0,13,0,13,0,0,0,0,0,0,0,13,0,13,10,0,10,23
11/28/2015,JXN,MI,AGL,CE,Federal Contract Tower,0,3,7,0,10,0,1,43,0,44,0,4,50,0,54,76,0,76,130
11/29/2015,JXN,MI,AGL,CE,Federal Contract Tower,0,1,32,0,33,0,0,161,4,165,0,1,193,4,198,86,0,86,284
11/30/2015,JXN,MI,AGL,CE,Federal Contract Tower,0,0,29,0,29,0,0,74,0,74,0,0,103,0,103,118,0,118,221
12/01/2015,JXN,MI,AGL,CE,Federal Contract Tower,0,2,6,0,8,0,0,2,2,4,0,2,8,2,12,4,6,10,22
12/02/2015,JXN,MI,AGL,CE,Federal Contract Tower,0,1,5,1,7,0,1,21,3,25,0,2,26,4,32,48,2,50,82
12/03/2015,JXN,MI,AGL,CE,Federal Contract Tower,0,0,7,0,7,0,0,13,0,13,0,0,20,0,20,38,0,38,58
12/04/2015,JXN,MI,AGL,CE,Federal Contract Tower,0,0,12,0,12,0,0,41,0,41,0,0,53,0,53,30,0,30,83
12/05/2015,JXN,MI,AGL,CE,Federal Contract Tower,0,0,23,0,23,0,0,81,0,81,0,0,104,0,104,52,0,52,156
12/06/2015,JXN,MI,AGL,CE,Federal Contract Tower,0,0,11,0,11,0,0,59,0,59,0,0,70,0,70,42,0,42,112
12/07/2015,JXN,MI,AGL,CE,Federal Contract Tower,0,0,3,0,3,0,0,7,0,7,0,0,10,0,10,0,0,0,10
12/08/2015,JXN,MI,AGL,CE,Federal Contract Tower,0,1,6,0,7,0,2,14,0,16,0,3,20,0,23,28,0,28,51
12/09/2015,JXN,MI,AGL,CE,Federal Contract Tower,0,0,18,2,20,0,0,6,2,8,0,0,24,4,28,8,0,8,36
12/10/2015,JXN,MI,AGL,CE,Federal Contract Tower,0,1,6,2,9,0,0,15,2,17,0,1,21,4,26,60,2,62,88
12/11/2015,JXN,MI,AGL,CE,Federal Contract Tower,0,4,20,0,24,0,4,69,0,73,0,8,89,0,97,122,0,122,219
12/12/2015,JXN,MI,AGL,CE,Federal Contract Tower,0,1,7,0,8,0,0,20,0,20,0,1,27,0,28,30,0,30,58
12/13/2015,JXN,MI,AGL,CE,Federal Contract Tower,0,0,7,0,7,0,0,43,0,43,0,0,50,0,50,34,0,34,84
12/14/2015,JXN,MI,AGL,CE,Federal Contract Tower,0,0,1,0,1,0,2,13,0,15,0,2,14,0,16,16,0,16,32
12/15/2015,JXN,MI,AGL,CE,Federal Contract Tower,0,2,3,0,5,0,0,15,2,17,0,2,18,2,22,20,4,24,46
12/16/2015,JXN,MI,AGL,CE,Federal Contract Tower,0,1,6,0,7,0,0,0,0,0,0,1,6,0,7,0,0,0,7
12/17/2015,JXN,MI,AGL,CE,Federal Contract Tower,0,0,7,0,7,0,1,23,6,30,0,1,30,6,37,24,0,24,61
12/18/2015,JXN,MI,AGL,CE,Federal Contract Tower,4,2,6,0,12,3,1,62,2,68,7,3,68,2,80,76,10,86,166
12/19/2015,JXN,MI,AGL,CE,Federal Contract Tower,0,0,2,0,2,0,0,52,0,52,0,0,54,0,54,34,0,34,88
12/20/2015,JXN,MI,AGL,CE,Federal Contract Tower,0,0,17,1,18,0,0,78,2,80,0,0,95,3,98,64,0,64,162
12/21/2015,JXN,MI,AGL,CE,Federal Contract Tower,0,1,0,0,1,0,0,0,0,0,0,1,0,0,1,6,0,6,7
12/22/2015,JXN,MI,AGL,CE,Federal Contract Tower,0,1,8,0,9,0,0,9,0,9,0,1,17,0,18,32,0,32,50
12/23/2015,JXN,MI,AGL,CE,Federal Contract Tower,0,3,0,0,3,0,0,0,0,0,0,3,0,0,3,0,0,0,3
12/24/2015,JXN,MI,AGL,CE,Federal Contract Tower,0,0,6,0,6,0,1,33,0,34,0,1,39,0,40,52,0,52,92
12/25/2015,JXN,MI,AGL,CE,Federal Contract Tower,0,2,2,0,4,0,1,39,0,40,0,3,41,0,44,36,0,36,80
12/26/2015,JXN,MI,AGL,CE,Federal Contract Tower,0,5,13,0,18,0,0,39,0,39,0,5,52,0,57,32,0,32,89
12/27/2015,JXN,MI,AGL,CE,Federal Contract Tower,0,0,2,0,2,0,0,16,0,16,0,0,18,0,18,12,0,12,30
12/28/2015,JXN,MI,AGL,CE,Federal Contract Tower,0,0,0,0,0,0,0,0,0,0,0,0,0,0,0,0,0,0,0
12/29/2015,JXN,MI,AGL,CE,Federal Contract Tower,0,3,1,0,4,0,0,2,0,2,0,3,3,0,6,0,0,0,6
12/30/2015,JXN,MI,AGL,CE,Federal Contract Tower,0,0,8,0,8,0,0,2,2,4,0,0,10,2,12,0,6,6,18
12/31/2015,JXN,MI,AGL,CE,Federal Contract Tower,0,1,1,0,2,0,0,7,0,7,0,1,8,0,9,32,0,32,41
01/01/2016,JXN,MI,AGL,CE,Federal Contract Tower,0,0,2,0,2,0,0,4,0,4,0,0,6,0,6,2,0,2,8
01/02/2016,JXN,MI,AGL,CE,Federal Contract Tower,0,0,2,0,2,0,0,68,0,68,0,0,70,0,70,56,0,56,126
01/03/2016,JXN,MI,AGL,CE,Federal Contract Tower,0,4,3,0,7,0,0,42,0,42,0,4,45,0,49,12,0,12,61
01/04/2016,JXN,MI,AGL,CE,Federal Contract Tower,0,3,13,0,16,0,3,17,0,20,0,6,30,0,36,36,0,36,72
01/05/2016,JXN,MI,AGL,CE,Federal Contract Tower,0,0,3,0,3,0,0,58,0,58,0,0,61,0,61,86,0,86,147
01/06/2016,JXN,MI,AGL,CE,Federal Contract Tower,0,1,28,0,29,0,0,89,0,89,0,1,117,0,118,72,0,72,190
01/07/2016,JXN,MI,AGL,CE,Federal Contract Tower,0,1,8,0,9,0,3,70,0,73,0,4,78,0,82,100,0,100,182
01/08/2016,JXN,MI,AGL,CE,Federal Contract Tower,0,0,5,0,5,0,0,24,0,24,0,0,29,0,29,26,0,26,55
01/09/2016,JXN,MI,AGL,CE,Federal Contract Tower,0,1,9,0,10,0,0,0,0,0,0,1,9,0,10,0,0,0,10
01/10/2016,JXN,MI,AGL,CE,Federal Contract Tower,0,1,1,0,2,0,0,0,0,0,0,1,1,0,2,0,0,0,2
01/11/2016,JXN,MI,AGL,CE,Federal Contract Tower,0,1,8,0,9,0,1,14,0,15,0,2,22,0,24,28,0,28,52
01/12/2016,JXN,MI,AGL,CE,Federal Contract Tower,0,1,1,0,2,0,0,0,0,0,0,1,1,0,2,0,0,0,2
01/13/2016,JXN,MI,AGL,CE,Federal Contract Tower,0,1,4,0,5,0,1,28,0,29,0,2,32,0,34,32,0,32,66
01/14/2016,JXN,MI,AGL,CE,Federal Contract Tower,0,4,9,2,15,0,3,58,0,61,0,7,67,2,76,56,0,56,132
01/15/2016,JXN,MI,AGL,CE,Federal Contract Tower,0,0,8,0,8,0,0,31,0,31,0,0,39,0,39,66,0,66,105
01/16/2016,JXN,MI,AGL,CE,Federal Contract Tower,0,2,10,0,12,0,0,63,0,63,0,2,73,0,75,24,0,24,99
01/17/2016,JXN,MI,AGL,CE,Federal Contract Tower,0,0,5,0,5,0,0,3,0,3,0,0,8,0,8,0,0,0,8
01/18/2016,JXN,MI,AGL,CE,Federal Contract Tower,0,0,0,0,0,0,0,4,0,4,0,0,4,0,4,0,0,0,4
01/19/2016,JXN,MI,AGL,CE,Federal Contract Tower,0,0,7,0,7,0,0,19,0,19,0,0,26,0,26,12,0,12,38
01/20/2016,JXN,MI,AGL,CE,Federal Contract Tower,0,5,2,2,9,0,0,36,4,40,0,5,38,6,49,44,4,48,97
01/21/2016,JXN,MI,AGL,CE,Federal Contract Tower,0,1,8,0,9,0,0,22,0,22,0,1,30,0,31,78,0,78,109
01/22/2016,JXN,MI,AGL,CE,Federal Contract Tower,0,0,4,0,4,0,0,49,0,49,0,0,53,0,53,52,0,52,105
01/23/2016,JXN,MI,AGL,CE,Federal Contract Tower,0,0,19,0,19,0,0,75,0,75,0,0,94,0,94,16,0,16,110
01/24/2016,JXN,MI,AGL,CE,Federal Contract Tower,0,0,11,0,11,0,0,72,0,72,0,0,83,0,83,48,0,48,131
01/25/2016,JXN,MI,AGL,CE,Federal Contract Tower,0,1,8,0,9,0,1,24,0,25,0,2,32,0,34,12,0,12,46
01/26/2016,JXN,MI,AGL,CE,Federal Contract Tower,0,1,3,0,4,0,0,0,0,0,0,1,3,0,4,0,0,0,4
01/27/2016,JXN,MI,AGL,CE,Federal Contract Tower,0,3,11,0,14,0,2,40,0,42,0,5,51,0,56,48,0,48,104
01/28/2016,JXN,MI,AGL,CE,Federal Contract Tower,0,1,5,0,6,0,0,31,0,31,0,1,36,0,37,50,0,50,87
01/29/2016,JXN,MI,AGL,CE,Federal Contract Tower,0,4,6,0,10,0,0,66,0,66,0,4,72,0,76,78,0,78,154
01/30/2016,JXN,MI,AGL,CE,Federal Contract Tower,0,2,22,0,24,0,2,81,0,83,0,4,103,0,107,26,0,26,133
01/31/2016,JXN,MI,AGL,CE,Federal Contract Tower,0,0,4,0,4,0,0,9,0,9,0,0,13,0,13,18,0,18,31
02/01/2016,JXN,MI,AGL,CE,Federal Contract Tower,0,2,8,0,10,0,0,47,0,47,0,2,55,0,57,68,0,68,125
02/02/2016,JXN,MI,AGL,CE,Federal Contract Tower,0,0,2,0,2,0,2,27,0,29,0,2,29,0,31,44,0,44,75
02/03/2016,JXN,MI,AGL,CE,Federal Contract Tower,0,0,3,0,3,0,0,2,0,2,0,0,5,0,5,0,0,0,5
02/04/2016,JXN,MI,AGL,CE,Federal Contract Tower,0,1,7,0,8,0,1,29,0,30,0,2,36,0,38,46,0,46,84
02/05/2016,JXN,MI,AGL,CE,Federal Contract Tower,0,3,16,3,22,0,0,54,3,57,0,3,70,6,79,44,2,46,125
02/06/2016,JXN,MI,AGL,CE,Federal Contract Tower,0,0,22,4,26,0,1,72,2,75,0,1,94,6,101,72,0,72,173
02/07/2016,JXN,MI,AGL,CE,Federal Contract Tower,0,2,10,0,12,0,0,57,0,57,0,2,67,0,69,44,0,44,113
02/08/2016,JXN,MI,AGL,CE,Federal Contract Tower,0,1,2,2,5,0,1,29,0,30,0,2,31,2,35,94,2,96,131
02/09/2016,JXN,MI,AGL,CE,Federal Contract Tower,0,2,5,0,7,0,0,29,0,29,0,2,34,0,36,50,0,50,86
02/10/2016,JXN,MI,AGL,CE,Federal Contract Tower,0,4,2,0,6,0,0,2,0,2,0,4,4,0,8,0,0,0,8
02/11/2016,JXN,MI,AGL,CE,Federal Contract Tower,0,0,7,0,7,0,0,36,0,36,0,0,43,0,43,76,0,76,119
02/12/2016,JXN,MI,AGL,CE,Federal Contract Tower,0,4,2,0,6,0,0,8,0,8,0,4,10,0,14,24,0,24,38
02/13/2016,JXN,MI,AGL,CE,Federal Contract Tower,0,0,14,0,14,0,0,15,0,15,0,0,29,0,29,18,0,18,47
02/14/2016,JXN,MI,AGL,CE,Federal Contract Tower,0,1,15,0,16,0,0,25,0,25,0,1,40,0,41,66,0,66,107
02/15/2016,JXN,MI,AGL,CE,Federal Contract Tower,0,2,0,0,2,0,0,15,0,15,0,2,15,0,17,18,0,18,35
02/16/2016,JXN,MI,AGL,CE,Federal Contract Tower,0,1,0,0,1,0,0,33,0,33,0,1,33,0,34,50,0,50,84
02/17/2016,JXN,MI,AGL,CE,Federal Contract Tower,0,1,3,0,4,0,1,10,0,11,0,2,13,0,15,2,0,2,17
02/18/2016,JXN,MI,AGL,CE,Federal Contract Tower,0,0,5,0,5,0,0,55,0,55,0,0,60,0,60,40,0,40,100
02/19/2016,JXN,MI,AGL,CE,Federal Contract Tower,0,0,5,2,7,0,0,23,0,23,0,0,28,2,30,42,0,42,72
02/20/2016,JXN,MI,AGL,CE,Federal Contract Tower,0,0,10,0,10,0,0,42,0,42,0,0,52,0,52,10,0,10,62
02/21/2016,JXN,MI,AGL,CE,Federal Contract Tower,0,0,8,0,8,0,2,50,0,52,0,2,58,0,60,76,0,76,136
02/22/2016,JXN,MI,AGL,CE,Federal Contract Tower,0,0,5,0,5,0,0,36,0,36,0,0,41,0,41,72,0,72,113
02/23/2016,JXN,MI,AGL,CE,Federal Contract Tower,0,0,21,0,21,0,2,114,0,116,0,2,135,0,137,96,0,96,233
02/24/2016,JXN,MI,AGL,CE,Federal Contract Tower,0,2,0,0,2,0,0,0,0,0,0,2,0,0,2,0,0,0,2
02/25/2016,JXN,MI,AGL,CE,Federal Contract Tower,0,1,1,0,2,0,0,1,0,1,0,1,2,0,3,0,0,0,3
02/26/2016,JXN,MI,AGL,CE,Federal Contract Tower,0,2,5,0,7,0,0,32,0,32,0,2,37,0,39,46,0,46,85
02/27/2016,JXN,MI,AGL,CE,Federal Contract Tower,0,0,2,0,2,0,0,32,0,32,0,0,34,0,34,42,0,42,76
02/28/2016,JXN,MI,AGL,CE,Federal Contract Tower,0,0,2,0,2,0,0,42,0,42,0,0,44,0,44,54,0,54,98
02/29/2016,JXN,MI,AGL,CE,Federal Contract Tower,0,0,5,0,5,0,0,23,0,23,0,0,28,0,28,24,0,24,52
03/01/2016,JXN,MI,AGL,CE,Federal Contract Tower,0,0,0,0,0,0,0,0,0,0,0,0,0,0,0,0,0,0,0
03/02/2016,JXN,MI,AGL,CE,Federal Contract Tower,0,0,8,0,8,0,0,30,0,30,0,0,38,0,38,66,0,66,104
03/03/2016,JXN,MI,AGL,CE,Federal Contract Tower,0,0,2,0,2,0,0,0,0,0,0,0,2,0,2,6,0,6,8
03/04/2016,JXN,MI,AGL,CE,Federal Contract Tower,0,0,9,2,11,0,0,57,0,57,0,0,66,2,68,110,0,110,178
03/05/2016,JXN,MI,AGL,CE,Federal Contract Tower,0,0,3,0,3,0,0,67,0,67,0,0,70,0,70,58,0,58,128
03/06/2016,JXN,MI,AGL,CE,Federal Contract Tower,0,1,2,0,3,0,0,42,0,42,0,1,44,0,45,86,0,86,131
03/07/2016,JXN,MI,AGL,CE,Federal Contract Tower,0,1,7,0,8,0,0,22,0,22,0,1,29,0,30,32,0,32,62
03/08/2016,JXN,MI,AGL,CE,Federal Contract Tower,0,0,8,0,8,0,1,52,4,57,0,1,60,4,65,54,2,56,121
03/09/2016,JXN,MI,AGL,CE,Federal Contract Tower,0,1,9,0,10,0,1,26,0,27,0,2,35,0,37,20,0,20,57
03/10/2016,JXN,MI,AGL,CE,Federal Contract Tower,0,0,14,0,14,0,0,19,0,19,0,0,33,0,33,18,0,18,51
03/11/2016,JXN,MI,AGL,CE,Federal Contract Tower,0,0,8,0,8,0,0,96,2,98,0,0,104,2,106,74,0,74,180
03/12/2016,JXN,MI,AGL,CE,Federal Contract Tower,0,0,7,0,7,0,0,115,0,115,0,0,122,0,122,102,0,102,224
03/14/2016,JXN,MI,AGL,CE,Federal Contract Tower,0,2,8,0,10,0,0,3,0,3,0,2,11,0,13,8,0,8,21
03/15/2016,JXN,MI,AGL,CE,Federal Contract Tower,0,2,10,0,12,0,3,50,2,55,0,5,60,2,67,118,6,124,191
03/16/2016,JXN,MI,AGL,CE,Federal Contract Tower,0,6,4,0,10,0,3,12,0,15,0,9,16,0,25,26,0,26,51
03/17/2016,JXN,MI,AGL,CE,Federal Contract Tower,0,1,1,0,2,0,1,8,0,9,0,2,9,0,11,2,0,2,13
03/18/2016,JXN,MI,AGL,CE,Federal Contract Tower,0,1,13,0,14,0,1,42,0,43,0,2,55,0,57,48,0,48,105
03/19/2016,JXN,MI,AGL,CE,Federal Contract Tower,0,0,17,0,17,0,0,102,0,102,0,0,119,0,119,82,0,82,201
03/20/2016,JXN,MI,AGL,CE,Federal Contract Tower,0,0,5,0,5,0,0,100,2,102,0,0,105,2,107,68,0,68,175
03/21/2016,JXN,MI,AGL,CE,Federal Contract Tower,0,2,9,0,11,0,2,32,0,34,0,4,41,0,45,18,0,18,63
03/22/2016,JXN,MI,AGL,CE,Federal Contract Tower,0,2,8,1,11,0,1,48,1,50,0,3,56,2,61,68,0,68,129
03/23/2016,JXN,MI,AGL,CE,Federal Contract Tower,0,0,11,0,11,0,0,2,0,2,0,0,13,0,13,18,0,18,31
03/24/2016,JXN,MI,AGL,CE,Federal Contract Tower,0,0,3,0,3,0,0,1,0,1,0,0,4,0,4,4,0,4,8
03/25/2016,JXN,MI,AGL,CE,Federal Contract Tower,0,2,21,0,23,0,2,42,0,44,0,4,63,0,67,100,0,100,167
03/26/2016,JXN,MI,AGL,CE,Federal Contract Tower,0,0,38,0,38,0,0,145,0,145,0,0,183,0,183,94,0,94,277
03/27/2016,JXN,MI,AGL,CE,Federal Contract Tower,0,2,1,0,3,0,0,65,0,65,0,2,66,0,68,80,0,80,148
03/28/2016,JXN,MI,AGL,CE,Federal Contract Tower,0,4,4,0,8,0,1,1,0,2,0,5,5,0,10,2,0,2,12
03/29/2016,JXN,MI,AGL,CE,Federal Contract Tower,0,0,13,0,13,0,1,65,0,66,0,1,78,0,79,70,0,70,149
03/30/2016,JXN,MI,AGL,CE,Federal Contract Tower,0,0,8,0,8,0,0,19,0,19,0,0,27,0,27,14,0,14,41
03/31/2016,JXN,MI,AGL,CE,Federal Contract Tower,0,0,7,0,7,0,0,24,0,24,0,0,31,0,31,32,0,32,63
04/01/2016,JXN,MI,AGL,CE,Federal Contract Tower,0,0,26,0,26,0,0,61,0,61,0,0,87,0,87,72,0,72,159
04/02/2016,JXN,MI,AGL,CE,Federal Contract Tower,0,1,11,0,12,0,1,39,0,40,0,2,50,0,52,26,0,26,78
04/03/2016,JXN,MI,AGL,CE,Federal Contract Tower,0,1,8,0,9,0,1,69,1,71,0,2,77,1,80,40,0,40,120
04/04/2016,JXN,MI,AGL,CE,Federal Contract Tower,0,2,8,0,10,0,1,48,0,49,0,3,56,0,59,60,0,60,119
04/05/2016,JXN,MI,AGL,CE,Federal Contract Tower,0,2,23,0,25,0,2,74,0,76,0,4,97,0,101,80,0,80,181
04/06/2016,JXN,MI,AGL,CE,Federal Contract Tower,0,0,8,0,8,0,0,8,0,8,0,0,16,0,16,4,0,4,20
04/07/2016,JXN,MI,AGL,CE,Federal Contract Tower,0,0,0,0,0,0,0,0,0,0,0,0,0,0,0,0,0,0,0
04/08/2016,JXN,MI,AGL,CE,Federal Contract Tower,0,0,2,0,2,0,0,0,0,0,0,0,2,0,2,0,0,0,2
04/09/2016,JXN,MI,AGL,CE,Federal Contract Tower,0,0,12,0,12,0,0,79,0,79,0,0,91,0,91,68,0,68,159
04/10/2016,JXN,MI,AGL,CE,Federal Contract Tower,0,1,0,0,1,0,1,0,0,1,0,2,0,0,2,0,0,0,2
04/11/2016,JXN,MI,AGL,CE,Federal Contract Tower,0,2,8,2,12,0,0,12,0,12,0,2,20,2,24,48,0,48,72
04/12/2016,JXN,MI,AGL,CE,Federal Contract Tower,0,2,19,0,21,0,0,45,0,45,0,2,64,0,66,42,0,42,108
04/13/2016,JXN,MI,AGL,CE,Federal Contract Tower,0,1,20,2,23,0,2,58,2,62,0,3,78,4,85,58,2,60,145
04/14/2016,JXN,MI,AGL,CE,Federal Contract Tower,0,2,17,0,19,0,2,47,0,49,0,4,64,0,68,34,0,34,102
04/15/2016,JXN,MI,AGL,CE,Federal Contract Tower,0,0,18,0,18,0,1,96,0,97,0,1,114,0,115,72,0,72,187
04/16/2016,JXN,MI,AGL,CE,Federal Contract Tower,0,0,15,0,15,0,0,136,0,136,0,0,151,0,151,52,0,52,203
04/17/2016,JXN,MI,AGL,CE,Federal Contract Tower,0,0,11,0,11,0,0,149,0,149,0,0,160,0,160,54,0,54,214
04/18/2016,JXN,MI,AGL,CE,Federal Contract Tower,0,0,9,0,9,0,1,33,0,34,0,1,42,0,43,88,0,88,131
04/19/2016,JXN,MI,AGL,CE,Federal Contract Tower,0,0,17,2,19,0,1,45,0,46,0,1,62,2,65,52,0,52,117
04/20/2016,JXN,MI,AGL,CE,Federal Contract Tower,0,0,4,0,4,0,0,15,0,15,0,0,19,0,19,6,0,6,25
04/21/2016,JXN,MI,AGL,CE,Federal Contract Tower,0,0,8,0,8,0,0,4,0,4,0,0,12,0,12,6,0,6,18
04/22/2016,JXN,MI,AGL,CE,Federal Contract Tower,0,0,18,0,18,0,0,66,0,66,0,0,84,0,84,74,0,74,158
04/23/2016,JXN,MI,AGL,CE,Federal Contract Tower,0,0,13,0,13,0,1,123,2,126,0,1,136,2,139,52,0,52,191
04/24/2016,JXN,MI,AGL,CE,Federal Contract Tower,0,0,14,0,14,0,0,67,0,67,0,0,81,0,81,40,0,40,121
04/25/2016,JXN,MI,AGL,CE,Federal Contract Tower,0,1,19,0,20,0,1,38,0,39,0,2,57,0,59,14,0,14,73
04/26/2016,JXN,MI,AGL,CE,Federal Contract Tower,0,0,2,0,2,0,0,9,0,9,0,0,11,0,11,28,0,28,39
04/27/2016,JXN,MI,AGL,CE,Federal Contract Tower,0,3,14,0,17,0,2,76,3,81,0,5,90,3,98,74,8,82,180
04/28/2016,JXN,MI,AGL,CE,Federal Contract Tower,0,1,6,0,7,0,0,52,0,52,0,1,58,0,59,52,0,52,111
04/29/2016,JXN,MI,AGL,CE,Federal Contract Tower,0,0,11,0,11,0,0,59,0,59,0,0,70,0,70,82,0,82,152
04/30/2016,JXN,MI,AGL,CE,Federal Contract Tower,0,1,12,0,13,0,2,81,0,83,0,3,93,0,96,56,0,56,152
05/01/2016,JXN,MI,AGL,CE,Federal Contract Tower,0,0,3,0,3,0,0,0,0,0,0,0,3,0,3,0,0,0,3
05/02/2016,JXN,MI,AGL,CE,Federal Contract Tower,0,0,11,0,11,0,0,1,0,1,0,0,12,0,12,8,0,8,20
05/03/2016,JXN,MI,AGL,CE,Federal Contract Tower,0,0,5,0,5,0,0,54,0,54,0,0,59,0,59,26,0,26,85
05/04/2016,JXN,MI,AGL,CE,Federal Contract Tower,0,0,8,0,8,0,0,54,1,55,0,0,62,1,63,58,2,60,123
05/05/2016,JXN,MI,AGL,CE,Federal Contract Tower,0,0,13,0,13,0,0,64,0,64,0,0,77,0,77,92,0,92,169
05/06/2016,JXN,MI,AGL,CE,Federal Contract Tower,0,0,19,0,19,0,1,124,0,125,0,1,143,0,144,104,0,104,248
05/07/2016,JXN,MI,AGL,CE,Federal Contract Tower,0,0,19,0,19,0,0,85,0,85,0,0,104,0,104,104,0,104,208
05/08/2016,JXN,MI,AGL,CE,Federal Contract Tower,0,2,6,0,8,0,0,45,0,45,0,2,51,0,53,40,0,40,93
05/09/2016,JXN,MI,AGL,CE,Federal Contract Tower,0,1,17,0,18,0,1,52,0,53,0,2,69,0,71,78,0,78,149
05/10/2016,JXN,MI,AGL,CE,Federal Contract Tower,0,0,10,0,10,0,0,10,2,12,0,0,20,2,22,12,0,12,34
05/11/2016,JXN,MI,AGL,CE,Federal Contract Tower,0,0,10,0,10,0,0,54,0,54,0,0,64,0,64,84,0,84,148
05/12/2016,JXN,MI,AGL,CE,Federal Contract Tower,0,3,15,0,18,0,1,62,0,63,0,4,77,0,81,92,0,92,173
05/13/2016,JXN,MI,AGL,CE,Federal Contract Tower,0,0,24,0,24,0,5,70,4,79,0,5,94,4,103,86,8,94,197
05/14/2016,JXN,MI,AGL,CE,Federal Contract Tower,0,0,4,0,4,0,0,13,0,13,0,0,17,0,17,44,0,44,61
05/15/2016,JXN,MI,AGL,CE,Federal Contract Tower,0,2,12,0,14,0,0,44,0,44,0,2,56,0,58,84,0,84,142
05/16/2016,JXN,MI,AGL,CE,Federal Contract Tower,0,0,14,0,14,0,3,26,0,29,0,3,40,0,43,8,0,8,51
05/17/2016,JXN,MI,AGL,CE,Federal Contract Tower,0,0,9,0,9,0,7,51,0,58,0,7,60,0,67,172,0,172,239
05/18/2016,JXN,MI,AGL,CE,Federal Contract Tower,0,0,16,0,16,0,2,92,0,94,0,2,108,0,110,104,0,104,214
05/19/2016,JXN,MI,AGL,CE,Federal Contract Tower,0,0,18,1,19,0,0,3,0,3,0,0,21,1,22,112,0,112,134
05/20/2016,JXN,MI,AGL,CE,Federal Contract Tower,0,2,21,0,23,0,0,92,0,92,0,2,113,0,115,106,0,106,221
05/21/2016,JXN,MI,AGL,CE,Federal Contract Tower,0,1,6,0,7,0,0,84,0,84,0,1,90,0,91,32,0,32,123
05/22/2016,JXN,MI,AGL,CE,Federal Contract Tower,0,0,13,0,13,0,0,69,0,69,0,0,82,0,82,12,0,12,94
05/23/2016,JXN,MI,AGL,CE,Federal Contract Tower,0,2,25,0,27,0,0,76,0,76,0,2,101,0,103,76,0,76,179
05/24/2016,JXN,MI,AGL,CE,Federal Contract Tower,0,2,16,2,20,0,1,68,2,71,0,3,84,4,91,80,0,80,171
05/25/2016,JXN,MI,AGL,CE,Federal Contract Tower,0,10,26,0,36,0,11,66,0,77,0,21,92,0,113,90,0,90,203
05/26/2016,JXN,MI,AGL,CE,Federal Contract Tower,0,0,8,1,9,0,0,40,1,41,0,0,48,2,50,50,0,50,100
05/27/2016,JXN,MI,AGL,CE,Federal Contract Tower,0,0,13,0,13,0,0,24,0,24,0,0,37,0,37,26,0,26,63
05/28/2016,JXN,MI,AGL,CE,Federal Contract Tower,0,0,2,6,8,0,0,30,0,30,0,0,32,6,38,6,0,6,44
05/29/2016,JXN,MI,AGL,CE,Federal Contract Tower,0,0,14,0,14,0,0,123,0,123,0,0,137,0,137,16,0,16,153
05/30/2016,JXN,MI,AGL,CE,Federal Contract Tower,0,0,18,0,18,0,0,110,0,110,0,0,128,0,128,74,0,74,202
05/31/2016,JXN,MI,AGL,CE,Federal Contract Tower,0,1,15,0,16,0,3,84,0,87,0,4,99,0,103,90,0,90,193
06/01/2016,JXN,MI,AGL,CE,Federal Contract Tower,0,0,22,0,22,0,0,60,0,60,0,0,82,0,82,68,0,68,150
06/02/2016,JXN,MI,AGL,CE,Federal Contract Tower,0,0,18,0,18,0,0,85,0,85,0,0,103,0,103,84,0,84,187
06/03/2016,JXN,MI,AGL,CE,Federal Contract Tower,0,2,16,0,18,0,0,88,0,88,0,2,104,0,106,80,0,80,186
06/04/2016,JXN,MI,AGL,CE,Federal Contract Tower,0,4,5,0,9,0,0,51,0,51,0,4,56,0,60,42,0,42,102
06/05/2016,JXN,MI,AGL,CE,Federal Contract Tower,0,0,6,0,6,0,0,88,0,88,0,0,94,0,94,58,0,58,152
06/06/2016,JXN,MI,AGL,CE,Federal Contract Tower,0,0,21,0,21,0,0,64,0,64,0,0,85,0,85,74,0,74,159
06/07/2016,JXN,MI,AGL,CE,Federal Contract Tower,0,0,34,6,40,0,0,49,6,55,0,0,83,12,95,74,6,80,175
06/08/2016,JXN,MI,AGL,CE,Federal Contract Tower,0,0,20,2,22,0,2,66,4,72,0,2,86,6,94,62,4,66,160
06/09/2016,JXN,MI,AGL,CE,Federal Contract Tower,0,0,33,2,35,0,0,76,0,76,0,0,109,2,111,98,0,98,209
06/10/2016,JXN,MI,AGL,CE,Federal Contract Tower,0,2,21,4,27,0,0,44,0,44,0,2,65,4,71,18,0,18,89
06/11/2016,JXN,MI,AGL,CE,Federal Contract Tower,0,5,9,0,14,0,2,37,0,39,0,7,46,0,53,8,0,8,61
06/12/2016,JXN,MI,AGL,CE,Federal Contract Tower,0,3,24,0,27,0,4,69,0,73,0,7,93,0,100,22,0,22,122
06/13/2016,JXN,MI,AGL,CE,Federal Contract Tower,0,0,9,0,9,0,0,67,0,67,0,0,76,0,76,96,0,96,172
06/14/2016,JXN,MI,AGL,CE,Federal Contract Tower,0,0,5,0,5,0,4,61,0,65,0,4,66,0,70,86,0,86,156
06/15/2016,JXN,MI,AGL,CE,Federal Contract Tower,0,0,19,0,19,0,0,57,0,57,0,0,76,0,76,68,0,68,144
06/16/2016,JXN,MI,AGL,CE,Federal Contract Tower,0,0,12,0,12,0,0,53,0,53,0,0,65,0,65,76,0,76,141
06/17/2016,JXN,MI,AGL,CE,Federal Contract Tower,0,1,19,0,20,0,0,77,0,77,0,1,96,0,97,34,0,34,131
06/18/2016,JXN,MI,AGL,CE,Federal Contract Tower,0,0,11,0,11,0,0,70,0,70,0,0,81,0,81,30,0,30,111
06/19/2016,JXN,MI,AGL,CE,Federal Contract Tower,0,1,26,0,27,0,0,91,3,94,0,1,117,3,121,60,0,60,181
06/20/2016,JXN,MI,AGL,CE,Federal Contract Tower,0,0,9,0,9,0,0,37,0,37,0,0,46,0,46,42,0,42,88
06/21/2016,JXN,MI,AGL,CE,Federal Contract Tower,0,0,26,0,26,0,0,64,0,64,0,0,90,0,90,44,0,44,134
06/22/2016,JXN,MI,AGL,CE,Federal Contract Tower,0,0,7,0,7,0,0,39,0,39,0,0,46,0,46,62,0,62,108
06/23/2016,JXN,MI,AGL,CE,Federal Contract Tower,0,1,23,2,26,0,1,42,2,45,0,2,65,4,71,40,4,44,115
06/24/2016,JXN,MI,AGL,CE,Federal Contract Tower,0,1,12,0,13,0,1,75,0,76,0,2,87,0,89,110,0,110,199
06/25/2016,JXN,MI,AGL,CE,Federal Contract Tower,0,2,12,0,14,0,3,103,0,106,0,5,115,0,120,82,0,82,202
06/26/2016,JXN,MI,AGL,CE,Federal Contract Tower,0,0,10,0,10,0,1,44,0,45,0,1,54,0,55,44,0,44,99
06/27/2016,JXN,MI,AGL,CE,Federal Contract Tower,0,2,6,0,8,0,0,31,0,31,0,2,37,0,39,34,0,34,73
06/28/2016,JXN,MI,AGL,CE,Federal Contract Tower,0,2,8,0,10,0,2,58,0,60,0,4,66,0,70,62,0,62,132
06/29/2016,JXN,MI,AGL,CE,Federal Contract Tower,0,2,14,0,16,0,2,84,0,86,0,4,98,0,102,36,0,36,138
06/30/2016,JXN,MI,AGL,CE,Federal Contract Tower,0,0,5,0,5,0,0,53,0,53,0,0,58,0,58,36,0,36,94
07/01/2016,JXN,MI,AGL,CE,Federal Contract Tower,0,0,17,0,17,0,0,76,0,76,0,0,93,0,93,68,0,68,161
07/02/2016,JXN,MI,AGL,CE,Federal Contract Tower,0,2,9,0,11,0,4,108,0,112,0,6,117,0,123,54,0,54,177
07/03/2016,JXN,MI,AGL,CE,Federal Contract Tower,0,2,4,0,6,0,0,81,0,81,0,2,85,0,87,62,0,62,149
07/04/2016,JXN,MI,AGL,CE,Federal Contract Tower,0,0,23,0,23,0,0,66,0,66,0,0,89,0,89,56,0,56,145
07/05/2016,JXN,MI,AGL,CE,Federal Contract Tower,0,1,10,0,11,0,0,75,0,75,0,1,85,0,86,108,0,108,194
07/06/2016,JXN,MI,AGL,CE,Federal Contract Tower,0,0,2,0,2,0,2,39,0,41,0,2,41,0,43,44,0,44,87
07/07/2016,JXN,MI,AGL,CE,Federal Contract Tower,0,0,6,0,6,0,0,21,0,21,0,0,27,0,27,70,0,70,97
07/08/2016,JXN,MI,AGL,CE,Federal Contract Tower,0,0,4,0,4,0,2,78,0,80,0,2,82,0,84,78,0,78,162
07/09/2016,JXN,MI,AGL,CE,Federal Contract Tower,0,0,18,0,18,0,0,82,0,82,0,0,100,0,100,70,0,70,170
07/10/2016,JXN,MI,AGL,CE,Federal Contract Tower,0,0,22,0,22,0,0,114,0,114,0,0,136,0,136,46,0,46,182
07/11/2016,JXN,MI,AGL,CE,Federal Contract Tower,0,0,7,0,7,0,0,68,0,68,0,0,75,0,75,76,0,76,151
07/12/2016,JXN,MI,AGL,CE,Federal Contract Tower,0,0,6,0,6,0,0,60,0,60,0,0,66,0,66,50,0,50,116
07/13/2016,JXN,MI,AGL,CE,Federal Contract Tower,0,1,11,3,15,0,1,22,1,24,0,2,33,4,39,38,2,40,79
07/14/2016,JXN,MI,AGL,CE,Federal Contract Tower,0,0,15,0,15,0,0,30,0,30,0,0,45,0,45,64,0,64,109
07/15/2016,JXN,MI,AGL,CE,Federal Contract Tower,0,3,22,0,25,0,3,60,0,63,0,6,82,0,88,34,0,34,122
07/16/2016,JXN,MI,AGL,CE,Federal Contract Tower,0,0,19,0,19,0,0,76,0,76,0,0,95,0,95,74,0,74,169
07/17/2016,JXN,MI,AGL,CE,Federal Contract Tower,0,0,11,0,11,0,0,74,0,74,0,0,85,0,85,46,0,46,131
07/18/2016,JXN,MI,AGL,CE,Federal Contract Tower,0,2,8,0,10,0,0,39,0,39,0,2,47,0,49,30,0,30,79
07/19/2016,JXN,MI,AGL,CE,Federal Contract Tower,0,0,22,2,24,0,0,74,0,74,0,0,96,2,98,112,0,112,210
07/20/2016,JXN,MI,AGL,CE,Federal Contract Tower,0,0,9,0,9,0,0,37,0,37,0,0,46,0,46,52,0,52,98
07/21/2016,JXN,MI,AGL,CE,Federal Contract Tower,0,0,11,4,15,0,0,24,4,28,0,0,35,8,43,44,0,44,87
07/22/2016,JXN,MI,AGL,CE,Federal Contract Tower,0,0,23,0,23,0,1,93,0,94,0,1,116,0,117,68,0,68,185
07/23/2016,JXN,MI,AGL,CE,Federal Contract Tower,0,0,18,0,18,0,1,85,0,86,0,1,103,0,104,56,0,56,160
07/24/2016,JXN,MI,AGL,CE,Federal Contract Tower,0,1,8,0,9,0,1,50,0,51,0,2,58,0,60,52,0,52,112
07/25/2016,JXN,MI,AGL,CE,Federal Contract Tower,0,1,4,0,5,0,0,44,0,44,0,1,48,0,49,44,0,44,93
07/26/2016,JXN,MI,AGL,CE,Federal Contract Tower,0,1,6,0,7,0,0,50,0,50,0,1,56,0,57,48,0,48,105
07/27/2016,JXN,MI,AGL,CE,Federal Contract Tower,0,2,18,0,20,0,0,44,0,44,0,2,62,0,64,66,0,66,130
07/28/2016,JXN,MI,AGL,CE,Federal Contract Tower,0,3,21,0,24,0,0,53,0,53,0,3,74,0,77,80,0,80,157
07/29/2016,JXN,MI,AGL,CE,Federal Contract Tower,0,1,25,0,26,0,1,80,0,81,0,2,105,0,107,84,0,84,191
07/30/2016,JXN,MI,AGL,CE,Federal Contract Tower,0,0,24,0,24,0,1,59,0,60,0,1,83,0,84,44,0,44,128
07/31/2016,JXN,MI,AGL,CE,Federal Contract Tower,0,1,24,0,25,0,0,77,0,77,0,1,101,0,102,44,0,44,146
08/01/2016,JXN,MI,AGL,CE,Federal Contract Tower,0,3,10,0,13,0,1,50,0,51,0,4,60,0,64,56,0,56,120
08/02/2016,JXN,MI,AGL,CE,Federal Contract Tower,0,1,9,0,10,0,1,57,0,58,0,2,66,0,68,48,0,48,116
08/03/2016,JXN,MI,AGL,CE,Federal Contract Tower,0,2,1,0,3,0,1,40,0,41,0,3,41,0,44,14,0,14,58
08/04/2016,JXN,MI,AGL,CE,Federal Contract Tower,0,2,13,0,15,0,2,69,0,71,0,4,82,0,86,62,0,62,148
08/05/2016,JXN,MI,AGL,CE,Federal Contract Tower,0,0,12,0,12,0,0,76,0,76,0,0,88,0,88,82,0,82,170
08/06/2016,JXN,MI,AGL,CE,Federal Contract Tower,0,0,24,0,24,0,2,108,0,110,0,2,132,0,134,60,0,60,194
08/07/2016,JXN,MI,AGL,CE,Federal Contract Tower,0,0,13,0,13,0,2,118,0,120,0,2,131,0,133,62,0,62,195
08/08/2016,JXN,MI,AGL,CE,Federal Contract Tower,0,0,16,0,16,0,0,45,0,45,0,0,61,0,61,50,0,50,111
08/09/2016,JXN,MI,AGL,CE,Federal Contract Tower,0,1,4,0,5,0,1,51,0,52,0,2,55,0,57,70,0,70,127
08/10/2016,JXN,MI,AGL,CE,Federal Contract Tower,0,2,11,0,13,0,2,48,0,50,0,4,59,0,63,20,0,20,83
08/11/2016,JXN,MI,AGL,CE,Federal Contract Tower,0,0,10,0,10,0,0,42,0,42,0,0,52,0,52,14,0,14,66
08/12/2016,JXN,MI,AGL,CE,Federal Contract Tower,0,5,6,0,11,0,0,89,0,89,0,5,95,0,100,72,0,72,172
08/13/2016,JXN,MI,AGL,CE,Federal Contract Tower,0,0,15,0,15,0,0,70,0,70,0,0,85,0,85,46,0,46,131
08/14/2016,JXN,MI,AGL,CE,Federal Contract Tower,0,1,25,0,26,0,0,51,0,51,0,1,76,0,77,28,0,28,105
08/15/2016,JXN,MI,AGL,CE,Federal Contract Tower,0,4,10,0,14,0,3,19,0,22,0,7,29,0,36,20,0,20,56
08/16/2016,JXN,MI,AGL,CE,Federal Contract Tower,0,0,8,0,8,0,0,21,0,21,0,0,29,0,29,24,0,24,53
08/17/2016,JXN,MI,AGL,CE,Federal Contract Tower,0,0,21,0,21,0,0,80,10,90,0,0,101,10,111,64,0,64,175
08/18/2016,JXN,MI,AGL,CE,Federal Contract Tower,0,0,21,0,21,0,0,89,0,89,0,0,110,0,110,88,0,88,198
08/19/2016,JXN,MI,AGL,CE,Federal Contract Tower,0,0,26,0,26,0,0,80,0,80,0,0,106,0,106,80,0,80,186
08/20/2016,JXN,MI,AGL,CE,Federal Contract Tower,0,6,4,0,10,0,0,41,0,41,0,6,45,0,51,40,0,40,91
08/21/2016,JXN,MI,AGL,CE,Federal Contract Tower,0,3,13,0,16,0,0,48,2,50,0,3,61,2,66,30,0,30,96
08/22/2016,JXN,MI,AGL,CE,Federal Contract Tower,0,1,8,3,12,0,1,60,3,64,0,2,68,6,76,10,0,10,86
08/23/2016,JXN,MI,AGL,CE,Federal Contract Tower,0,2,9,0,11,0,2,44,0,46,0,4,53,0,57,28,0,28,85
08/24/2016,JXN,MI,AGL,CE,Federal Contract Tower,0,2,7,0,9,0,0,84,0,84,0,2,91,0,93,70,0,70,163
08/25/2016,JXN,MI,AGL,CE,Federal Contract Tower,0,0,23,0,23,0,0,86,0,86,0,0,109,0,109,94,0,94,203
08/26/2016,JXN,MI,AGL,CE,Federal Contract Tower,0,0,26,0,26,0,0,43,2,45,0,0,69,2,71,34,0,34,105
08/27/2016,JXN,MI,AGL,CE,Federal Contract Tower,0,2,18,0,20,0,0,47,0,47,0,2,65,0,67,48,0,48,115
08/28/2016,JXN,MI,AGL,CE,Federal Contract Tower,0,8,24,0,32,0,0,89,0,89,0,8,113,0,121,30,0,30,151
08/29/2016,JXN,MI,AGL,CE,Federal Contract Tower,0,0,5,10,15,0,0,41,10,51,0,0,46,20,66,50,0,50,116
08/30/2016,JXN,MI,AGL,CE,Federal Contract Tower,0,1,14,0,15,0,1,37,0,38,0,2,51,0,53,38,0,38,91
08/31/2016,JXN,MI,AGL,CE,Federal Contract Tower,0,3,7,2,12,0,1,80,4,85,0,4,87,6,97,70,4,74,171
09/01/2016,JXN,MI,AGL,CE,Federal Contract Tower,0,3,3,0,6,0,1,48,0,49,0,4,51,0,55,100,0,100,155
09/02/2016,JXN,MI,AGL,CE,Federal Contract Tower,0,0,12,0,12,0,0,99,0,99,0,0,111,0,111,56,0,56,167
09/03/2016,JXN,MI,AGL,CE,Federal Contract Tower,0,0,24,0,24,0,0,102,0,102,0,0,126,0,126,46,0,46,172
09/04/2016,JXN,MI,AGL,CE,Federal Contract Tower,0,0,16,0,16,0,0,81,0,81,0,0,97,0,97,28,0,28,125
09/05/2016,JXN,MI,AGL,CE,Federal Contract Tower,0,0,18,0,18,0,0,40,0,40,0,0,58,0,58,30,0,30,88
09/06/2016,JXN,MI,AGL,CE,Federal Contract Tower,0,3,3,0,6,0,5,39,0,44,0,8,42,0,50,30,0,30,80
09/07/2016,JXN,MI,AGL,CE,Federal Contract Tower,0,0,4,0,4,0,0,78,0,78,0,0,82,0,82,94,0,94,176
09/08/2016,JXN,MI,AGL,CE,Federal Contract Tower,0,2,23,0,25,0,2,88,0,90,0,4,111,0,115,72,0,72,187
09/09/2016,JXN,MI,AGL,CE,Federal Contract Tower,0,0,8,0,8,0,0,78,0,78,0,0,86,0,86,96,0,96,182
09/10/2016,JXN,MI,AGL,CE,Federal Contract Tower,0,0,2,2,4,0,2,0,0,2,0,2,2,2,6,0,0,0,6
09/11/2016,JXN,MI,AGL,CE,Federal Contract Tower,0,2,30,0,32,0,3,70,0,73,0,5,100,0,105,44,2,46,151
09/12/2016,JXN,MI,AGL,CE,Federal Contract Tower,0,0,4,0,4,0,3,56,2,61,0,3,60,2,65,120,0,120,185
09/13/2016,JXN,MI,AGL,CE,Federal Contract Tower,0,0,13,0,13,0,3,81,0,84,0,3,94,0,97,82,0,82,179
09/14/2016,JXN,MI,AGL,CE,Federal Contract Tower,0,2,7,0,9,0,0,81,0,81,0,2,88,0,90,84,0,84,174
09/15/2016,JXN,MI,AGL,CE,Federal Contract Tower,0,0,23,0,23,0,0,57,0,57,0,0,80,0,80,70,0,70,150
09/16/2016,JXN,MI,AGL,CE,Federal Contract Tower,0,4,10,0,14,0,0,64,0,64,0,4,74,0,78,76,0,76,154
09/17/2016,JXN,MI,AGL,CE,Federal Contract Tower,0,1,12,0,13,0,1,11,0,12,0,2,23,0,25,14,0,14,39
09/18/2016,JXN,MI,AGL,CE,Federal Contract Tower,0,2,13,0,15,0,3,64,0,67,0,5,77,0,82,4,0,4,86
09/19/2016,JXN,MI,AGL,CE,Federal Contract Tower,0,0,22,0,22,0,1,71,0,72,0,1,93,0,94,94,0,94,188
09/20/2016,JXN,MI,AGL,CE,Federal Contract Tower,0,0,9,2,11,0,1,93,2,96,0,1,102,4,107,66,2,68,175
09/21/2016,JXN,MI,AGL,CE,Federal Contract Tower,0,0,14,0,14,0,0,75,0,75,0,0,89,0,89,64,0,64,153
09/22/2016,JXN,MI,AGL,CE,Federal Contract Tower,0,2,26,0,28,0,0,70,0,70,0,2,96,0,98,82,0,82,180
09/23/2016,JXN,MI,AGL,CE,Federal Contract Tower,0,0,28,0,28,0,0,33,0,33,0,0,61,0,61,50,0,50,111
09/24/2016,JXN,MI,AGL,CE,Federal Contract Tower,0,0,14,0,14,0,1,47,2,50,0,1,61,2,64,28,0,28,92
09/25/2016,JXN,MI,AGL,CE,Federal Contract Tower,0,0,5,0,5,0,2,73,0,75,0,2,78,0,80,30,0,30,110
09/26/2016,JXN,MI,AGL,CE,Federal Contract Tower,0,0,4,0,4,0,0,78,0,78,0,0,82,0,82,74,0,74,156
09/27/2016,JXN,MI,AGL,CE,Federal Contract Tower,0,0,18,0,18,0,0,81,0,81,0,0,99,0,99,78,0,78,177
09/28/2016,JXN,MI,AGL,CE,Federal Contract Tower,0,0,7,3,10,0,0,44,2,46,0,0,51,5,56,40,0,40,96
09/29/2016,JXN,MI,AGL,CE,Federal Contract Tower,0,0,16,0,16,0,0,17,0,17,0,0,33,0,33,18,0,18,51
09/30/2016,JXN,MI,AGL,CE,Federal Contract Tower,0,0,10,0,10,0,0,0,0,0,0,0,10,0,10,0,0,0,10
10/01/2016,JXN,MI,AGL,CE,Federal Contract Tower,0,0,15,0,15,0,0,53,0,53,0,0,68,0,68,70,0,70,138
10/02/2016,JXN,MI,AGL,CE,Federal Contract Tower,0,0,7,0,7,0,0,78,0,78,0,0,85,0,85,54,0,54,139
10/03/2016,JXN,MI,AGL,CE,Federal Contract Tower,0,0,9,0,9,0,0,63,0,63,0,0,72,0,72,60,0,60,132
10/04/2016,JXN,MI,AGL,CE,Federal Contract Tower,0,3,13,0,16,0,0,69,0,69,0,3,82,0,85,82,0,82,167
10/05/2016,JXN,MI,AGL,CE,Federal Contract Tower,0,0,20,0,20,0,0,66,0,66,0,0,86,0,86,38,0,38,124
10/06/2016,JXN,MI,AGL,CE,Federal Contract Tower,0,0,6,0,6,0,0,44,0,44,0,0,50,0,50,74,0,74,124
10/07/2016,JXN,MI,AGL,CE,Federal Contract Tower,0,0,6,0,6,0,0,34,0,34,0,0,40,0,40,38,0,38,78
10/08/2016,JXN,MI,AGL,CE,Federal Contract Tower,0,2,10,0,12,0,2,72,3,77,0,4,82,3,89,14,2,16,105
10/09/2016,JXN,MI,AGL,CE,Federal Contract Tower,0,0,9,0,9,0,0,91,0,91,0,0,100,0,100,78,0,78,178
10/10/2016,JXN,MI,AGL,CE,Federal Contract Tower,0,0,18,4,22,0,0,73,4,77,0,0,91,8,99,96,0,96,195
10/11/2016,JXN,MI,AGL,CE,Federal Contract Tower,0,0,2,0,2,0,1,63,0,64,0,1,65,0,66,48,0,48,114
10/12/2016,JXN,MI,AGL,CE,Federal Contract Tower,0,0,0,0,0,0,0,35,0,35,0,0,35,0,35,46,0,46,81
10/13/2016,JXN,MI,AGL,CE,Federal Contract Tower,0,0,15,0,15,0,0,30,0,30,0,0,45,0,45,100,0,100,145
10/14/2016,JXN,MI,AGL,CE,Federal Contract Tower,0,0,15,0,15,0,0,55,0,55,0,0,70,0,70,86,0,86,156
10/15/2016,JXN,MI,AGL,CE,Federal Contract Tower,0,0,13,0,13,0,1,79,0,80,0,1,92,0,93,82,0,82,175
10/16/2016,JXN,MI,AGL,CE,Federal Contract Tower,0,4,3,0,7,0,2,63,0,65,0,6,66,0,72,48,0,48,120
10/17/2016,JXN,MI,AGL,CE,Federal Contract Tower,0,0,3,0,3,0,0,67,0,67,0,0,70,0,70,42,0,42,112
10/18/2016,JXN,MI,AGL,CE,Federal Contract Tower,0,2,13,0,15,0,1,72,3,76,0,3,85,3,91,60,10,70,161
10/19/2016,JXN,MI,AGL,CE,Federal Contract Tower,0,3,19,0,22,0,0,50,0,50,0,3,69,0,72,102,0,102,174
10/20/2016,JXN,MI,AGL,CE,Federal Contract Tower,0,2,6,1,9,0,0,3,1,4,0,2,9,2,13,8,0,8,21
10/21/2016,JXN,MI,AGL,CE,Federal Contract Tower,0,2,7,0,9,0,1,35,0,36,0,3,42,0,45,126,0,126,171
10/22/2016,JXN,MI,AGL,CE,Federal Contract Tower,0,0,10,0,10,0,0,87,2,89,0,0,97,2,99,76,0,76,175
10/23/2016,JXN,MI,AGL,CE,Federal Contract Tower,0,0,16,0,16,0,1,88,0,89,0,1,104,0,105,58,0,58,163
10/24/2016,JXN,MI,AGL,CE,Federal Contract Tower,0,1,10,0,11,0,2,50,0,52,0,3,60,0,63,64,0,64,127
10/25/2016,JXN,MI,AGL,CE,Federal Contract Tower,0,0,12,0,12,0,1,61,0,62,0,1,73,0,74,66,0,66,140
10/26/2016,JXN,MI,AGL,CE,Federal Contract Tower,0,1,4,0,5,0,0,16,0,16,0,1,20,0,21,22,0,22,43
10/27/2016,JXN,MI,AGL,CE,Federal Contract Tower,0,5,15,1,21,0,0,0,1,1,0,5,15,2,22,0,0,0,22
10/28/2016,JXN,MI,AGL,CE,Federal Contract Tower,0,0,27,0,27,0,0,54,0,54,0,0,81,0,81,64,0,64,145
10/29/2016,JXN,MI,AGL,CE,Federal Contract Tower,0,0,8,0,8,0,0,73,0,73,0,0,81,0,81,64,0,64,145
10/30/2016,JXN,MI,AGL,CE,Federal Contract Tower,0,0,24,0,24,0,0,82,0,82,0,0,106,0,106,74,0,74,180
10/31/2016,JXN,MI,AGL,CE,Federal Contract Tower,0,0,9,0,9,0,0,56,0,56,0,0,65,0,65,70,0,70,135
11/01/2016,JXN,MI,AGL,CE,Federal Contract Tower,0,12,6,0,18,0,13,42,6,61,0,25,48,6,79,68,2,70,149
11/02/2016,JXN,MI,AGL,CE,Federal Contract Tower,0,0,7,0,7,0,3,28,0,31,0,3,35,0,38,76,0,76,114
11/03/2016,JXN,MI,AGL,CE,Federal Contract Tower,0,1,18,0,19,0,5,19,0,24,0,6,37,0,43,48,0,48,91
11/04/2016,JXN,MI,AGL,CE,Federal Contract Tower,0,0,19,0,19,0,0,62,0,62,0,0,81,0,81,50,0,50,131
11/05/2016,JXN,MI,AGL,CE,Federal Contract Tower,0,0,24,0,24,0,0,123,2,125,0,0,147,2,149,96,0,96,245
11/06/2016,JXN,MI,AGL,CE,Federal Contract Tower,0,0,26,0,26,0,0,117,0,117,0,0,143,0,143,60,0,60,203
11/07/2016,JXN,MI,AGL,CE,Federal Contract Tower,0,0,18,0,18,0,0,30,0,30,0,0,48,0,48,110,0,110,158
11/08/2016,JXN,MI,AGL,CE,Federal Contract Tower,0,0,6,0,6,0,0,29,0,29,0,0,35,0,35,82,0,82,117
11/09/2016,JXN,MI,AGL,CE,Federal Contract Tower,0,0,3,0,3,0,0,38,0,38,0,0,41,0,41,28,0,28,69
11/10/2016,JXN,MI,AGL,CE,Federal Contract Tower,6,0,0,0,6,0,3,21,0,24,6,3,21,0,30,4,0,4,34
11/11/2016,JXN,MI,AGL,CE,Federal Contract Tower,0,2,20,0,22,0,1,80,0,81,0,3,100,0,103,77,0,77,180
11/12/2016,JXN,MI,AGL,CE,Federal Contract Tower,0,0,15,0,15,0,3,114,0,117,0,3,129,0,132,68,0,68,200
11/13/2016,JXN,MI,AGL,CE,Federal Contract Tower,0,0,10,0,10,0,1,76,0,77,0,1,86,0,87,44,0,44,131
11/14/2016,JXN,MI,AGL,CE,Federal Contract Tower,0,0,21,0,21,0,1,76,0,77,0,1,97,0,98,126,0,126,224
11/15/2016,JXN,MI,AGL,CE,Federal Contract Tower,0,0,12,0,12,0,1,56,0,57,0,1,68,0,69,46,0,46,115
11/16/2016,JXN,MI,AGL,CE,Federal Contract Tower,0,0,5,2,7,0,0,27,2,29,0,0,32,4,36,56,0,56,92
11/17/2016,JXN,MI,AGL,CE,Federal Contract Tower,0,0,9,8,17,0,0,67,4,71,0,0,76,12,88,52,8,60,148
11/18/2016,JXN,MI,AGL,CE,Federal Contract Tower,0,0,17,0,17,0,0,66,0,66,0,0,83,0,83,50,0,50,133
11/19/2016,JXN,MI,AGL,CE,Federal Contract Tower,0,0,0,0,0,0,0,8,0,8,0,0,8,0,8,10,0,10,18
11/20/2016,JXN,MI,AGL,CE,Federal Contract Tower,0,0,9,0,9,0,0,41,0,41,0,0,50,0,50,26,0,26,76
11/21/2016,JXN,MI,AGL,CE,Federal Contract Tower,0,0,4,0,4,0,0,43,0,43,0,0,47,0,47,66,0,66,113
11/22/2016,JXN,MI,AGL,CE,Federal Contract Tower,0,0,12,0,12,0,0,50,0,50,0,0,62,0,62,44,0,44,106
11/23/2016,JXN,MI,AGL,CE,Federal Contract Tower,0,0,2,0,2,0,0,0,0,0,0,0,2,0,2,0,0,0,2
11/24/2016,JXN,MI,AGL,CE,Federal Contract Tower,0,0,1,0,1,0,0,61,0,61,0,0,62,0,62,58,0,58,120
11/25/2016,JXN,MI,AGL,CE,Federal Contract Tower,0,3,0,0,3,0,0,96,0,96,0,3,96,0,99,42,0,42,141
11/26/2016,JXN,MI,AGL,CE,Federal Contract Tower,0,0,13,0,13,0,0,77,2,79,0,0,90,2,92,58,0,58,150
11/27/2016,JXN,MI,AGL,CE,Federal Contract Tower,0,0,11,0,11,0,2,71,0,73,0,2,82,0,84,48,0,48,132
11/28/2016,JXN,MI,AGL,CE,Federal Contract Tower,0,1,6,0,7,0,0,24,0,24,0,1,30,0,31,24,0,24,55
11/29/2016,JXN,MI,AGL,CE,Federal Contract Tower,0,1,11,0,12,0,1,23,0,24,0,2,34,0,36,30,0,30,66
11/30/2016,JXN,MI,AGL,CE,Federal Contract Tower,0,0,3,4,7,0,1,9,4,14,0,1,12,8,21,4,4,8,29
12/01/2016,JXN,MI,AGL,CE,Federal Contract Tower,0,1,2,0,3,0,1,3,0,4,0,2,5,0,7,0,0,0,7
12/02/2016,JXN,MI,AGL,CE,Federal Contract Tower,0,0,7,0,7,0,0,58,0,58,0,0,65,0,65,70,0,70,135
12/03/2016,JXN,MI,AGL,CE,Federal Contract Tower,0,0,9,0,9,0,0,75,0,75,0,0,84,0,84,24,0,24,108
12/04/2016,JXN,MI,AGL,CE,Federal Contract Tower,0,0,14,0,14,0,0,33,0,33,0,0,47,0,47,18,0,18,65
12/05/2016,JXN,MI,AGL,CE,Federal Contract Tower,0,0,5,0,5,0,0,13,0,13,0,0,18,0,18,20,0,20,38
12/06/2016,JXN,MI,AGL,CE,Federal Contract Tower,0,0,14,0,14,0,0,4,0,4,0,0,18,0,18,18,0,18,36
12/07/2016,JXN,MI,AGL,CE,Federal Contract Tower,0,0,19,0,19,0,0,56,0,56,0,0,75,0,75,86,0,86,161
12/08/2016,JXN,MI,AGL,CE,Federal Contract Tower,0,2,5,0,7,0,3,28,0,31,0,5,33,0,38,20,0,20,58
12/09/2016,JXN,MI,AGL,CE,Federal Contract Tower,0,0,2,0,2,0,0,32,0,32,0,0,34,0,34,30,0,30,64
12/10/2016,JXN,MI,AGL,CE,Federal Contract Tower,0,1,8,0,9,0,1,14,0,15,0,2,22,0,24,8,0,8,32
12/11/2016,JXN,MI,AGL,CE,Federal Contract Tower,0,1,1,0,2,0,1,1,0,2,0,2,2,0,4,4,0,4,8
12/12/2016,JXN,MI,AGL,CE,Federal Contract Tower,0,0,2,0,2,0,0,2,0,2,0,0,4,0,4,2,0,2,6
12/13/2016,JXN,MI,AGL,CE,Federal Contract Tower,0,1,4,0,5,0,3,4,0,7,0,4,8,0,12,0,0,0,12
12/14/2016,JXN,MI,AGL,CE,Federal Contract Tower,0,0,4,0,4,0,0,5,0,5,0,0,9,0,9,0,0,0,9
12/15/2016,JXN,MI,AGL,CE,Federal Contract Tower,0,0,15,0,15,0,0,51,0,51,0,0,66,0,66,52,0,52,118
12/16/2016,JXN,MI,AGL,CE,Federal Contract Tower,0,4,4,0,8,0,0,20,0,20,0,4,24,0,28,16,0,16,44
12/17/2016,JXN,MI,AGL,CE,Federal Contract Tower,0,0,0,0,0,0,0,0,0,0,0,0,0,0,0,0,0,0,0
12/18/2016,JXN,MI,AGL,CE,Federal Contract Tower,0,0,0,0,0,0,0,21,0,21,0,0,21,0,21,12,0,12,33
12/19/2016,JXN,MI,AGL,CE,Federal Contract Tower,0,0,18,0,18,0,2,46,0,48,0,2,64,0,66,14,0,14,80
12/20/2016,JXN,MI,AGL,CE,Federal Contract Tower,0,2,0,0,2,0,2,5,0,7,0,4,5,0,9,0,0,0,9
12/21/2016,JXN,MI,AGL,CE,Federal Contract Tower,0,3,5,4,12,0,4,41,4,49,0,7,46,8,61,110,2,112,173
12/22/2016,JXN,MI,AGL,CE,Federal Contract Tower,0,0,2,2,4,0,3,59,2,64,0,3,61,4,68,78,2,80,148
12/23/2016,JXN,MI,AGL,CE,Federal Contract Tower,0,0,8,0,8,0,0,59,0,59,0,0,67,0,67,106,0,106,173
12/24/2016,JXN,MI,AGL,CE,Federal Contract Tower,0,1,2,0,3,0,0,23,0,23,0,1,25,0,26,18,0,18,44
12/25/2016,JXN,MI,AGL,CE,Federal Contract Tower,0,0,0,0,0,0,0,0,0,0,0,0,0,0,0,0,0,0,0
12/26/2016,JXN,MI,AGL,CE,Federal Contract Tower,0,0,7,0,7,0,0,14,0,14,0,0,21,0,21,6,0,6,27
12/27/2016,JXN,MI,AGL,CE,Federal Contract Tower,0,0,5,0,5,0,0,16,0,16,0,0,21,0,21,2,0,2,23
12/28/2016,JXN,MI,AGL,CE,Federal Contract Tower,0,0,22,0,22,0,0,90,1,91,0,0,112,1,113,132,0,132,245
12/29/2016,JXN,MI,AGL,CE,Federal Contract Tower,0,1,2,0,3,0,1,41,0,42,0,2,43,0,45,58,0,58,103
12/30/2016,JXN,MI,AGL,CE,Federal Contract Tower,0,0,10,0,10,0,0,33,0,33,0,0,43,0,43,30,0,30,73
12/31/2016,JXN,MI,AGL,CE,Federal Contract Tower,0,0,20,0,20,0,0,39,0,39,0,0,59,0,59,36,0,36,95
01/01/2017,JXN,MI,AGL,CE,Federal Contract Tower,0,0,6,0,6,0,0,79,0,79,0,0,85,0,85,50,0,50,135
01/02/2017,JXN,MI,AGL,CE,Federal Contract Tower,0,0,2,0,2,0,0,49,0,49,0,0,51,0,51,52,0,52,103
01/03/2017,JXN,MI,AGL,CE,Federal Contract Tower,0,1,1,0,2,0,1,1,0,2,0,2,2,0,4,0,0,0,4
01/04/2017,JXN,MI,AGL,CE,Federal Contract Tower,0,2,0,0,2,0,1,24,0,25,0,3,24,0,27,26,0,26,53
01/05/2017,JXN,MI,AGL,CE,Federal Contract Tower,0,0,8,0,8,0,0,3,2,5,0,0,11,2,13,0,0,0,13
01/06/2017,JXN,MI,AGL,CE,Federal Contract Tower,0,1,9,0,10,0,1,15,0,16,0,2,24,0,26,38,0,38,64
01/07/2017,JXN,MI,AGL,CE,Federal Contract Tower,0,0,17,0,17,0,3,13,0,16,0,3,30,0,33,8,0,8,41
01/08/2017,JXN,MI,AGL,CE,Federal Contract Tower,0,0,29,2,31,0,1,53,2,56,0,1,82,4,87,26,2,28,115
01/09/2017,JXN,MI,AGL,CE,Federal Contract Tower,0,0,2,0,2,0,0,22,0,22,0,0,24,0,24,16,0,16,40
01/10/2017,JXN,MI,AGL,CE,Federal Contract Tower,0,0,0,0,0,0,0,24,0,24,0,0,24,0,24,38,0,38,62
01/11/2017,JXN,MI,AGL,CE,Federal Contract Tower,0,1,11,0,12,0,0,35,0,35,0,1,46,0,47,72,0,72,119
01/12/2017,JXN,MI,AGL,CE,Federal Contract Tower,0,0,3,0,3,0,0,1,2,3,0,0,4,2,6,2,0,2,8
01/13/2017,JXN,MI,AGL,CE,Federal Contract Tower,0,0,20,0,20,0,2,60,0,62,0,2,80,0,82,76,0,76,158
01/14/2017,JXN,MI,AGL,CE,Federal Contract Tower,0,0,12,0,12,0,0,76,2,78,0,0,88,2,90,40,4,44,134
01/15/2017,JXN,MI,AGL,CE,Federal Contract Tower,0,0,17,0,17,0,0,104,0,104,0,0,121,0,121,72,0,72,193
01/16/2017,JXN,MI,AGL,CE,Federal Contract Tower,0,1,0,0,1,0,0,42,0,42,0,1,42,0,43,62,0,62,105
01/17/2017,JXN,MI,AGL,CE,Federal Contract Tower,0,0,0,0,0,0,0,30,0,30,0,0,30,0,30,36,0,36,66
01/18/2017,JXN,MI,AGL,CE,Federal Contract Tower,0,0,3,0,3,0,0,21,0,21,0,0,24,0,24,24,0,24,48
01/19/2017,JXN,MI,AGL,CE,Federal Contract Tower,0,11,15,0,26,0,0,19,0,19,0,11,34,0,45,52,0,52,97
01/20/2017,JXN,MI,AGL,CE,Federal Contract Tower,0,2,0,0,2,0,0,0,0,0,0,2,0,0,2,0,0,0,2
01/21/2017,JXN,MI,AGL,CE,Federal Contract Tower,0,0,3,0,3,0,0,11,0,11,0,0,14,0,14,26,0,26,40
01/22/2017,JXN,MI,AGL,CE,Federal Contract Tower,0,0,2,0,2,0,0,0,0,0,0,0,2,0,2,0,0,0,2
01/23/2017,JXN,MI,AGL,CE,Federal Contract Tower,0,0,4,0,4,0,0,45,0,45,0,0,49,0,49,52,0,52,101
01/24/2017,JXN,MI,AGL,CE,Federal Contract Tower,0,2,0,0,2,0,0,50,0,50,0,2,50,0,52,58,0,58,110
01/25/2017,JXN,MI,AGL,CE,Federal Contract Tower,0,0,2,0,2,0,0,34,0,34,0,0,36,0,36,48,0,48,84
01/26/2017,JXN,MI,AGL,CE,Federal Contract Tower,0,0,1,6,7,0,0,0,0,0,0,0,1,6,7,0,0,0,7
01/27/2017,JXN,MI,AGL,CE,Federal Contract Tower,0,0,2,2,4,0,0,9,0,9,0,0,11,2,13,14,0,14,27
01/28/2017,JXN,MI,AGL,CE,Federal Contract Tower,0,0,2,0,2,0,0,6,0,6,0,0,8,0,8,0,0,0,8
01/29/2017,JXN,MI,AGL,CE,Federal Contract Tower,0,0,4,0,4,0,0,65,0,65,0,0,69,0,69,46,0,46,115
01/30/2017,JXN,MI,AGL,CE,Federal Contract Tower,0,1,15,0,16,0,0,41,0,41,0,1,56,0,57,58,0,58,115
01/31/2017,JXN,MI,AGL,CE,Federal Contract Tower,0,1,0,0,1,0,0,0,0,0,0,1,0,0,1,0,0,0,1
02/01/2017,JXN,MI,AGL,CE,Federal Contract Tower,0,5,13,0,18,0,1,29,2,32,0,6,42,2,50,36,0,36,86
02/02/2017,JXN,MI,AGL,CE,Federal Contract Tower,0,2,8,0,10,0,2,14,2,18,0,4,22,2,28,34,0,34,62
02/03/2017,JXN,MI,AGL,CE,Federal Contract Tower,0,0,6,1,7,0,0,31,1,32,0,0,37,2,39,20,0,20,59
02/04/2017,JXN,MI,AGL,CE,Federal Contract Tower,0,4,31,6,41,0,1,86,9,96,0,5,117,15,137,98,0,98,235
02/05/2017,JXN,MI,AGL,CE,Federal Contract Tower,0,6,3,0,9,0,3,60,0,63,0,9,63,0,72,44,0,44,116
02/06/2017,JXN,MI,AGL,CE,Federal Contract Tower,0,0,20,0,20,0,0,63,0,63,0,0,83,0,83,58,0,58,141
02/07/2017,JXN,MI,AGL,CE,Federal Contract Tower,0,2,2,0,4,0,0,0,0,0,0,2,2,0,4,0,0,0,4
02/08/2017,JXN,MI,AGL,CE,Federal Contract Tower,0,0,5,8,13,0,0,17,2,19,0,0,22,10,32,36,2,38,70
02/09/2017,JXN,MI,AGL,CE,Federal Contract Tower,0,1,7,2,10,0,1,10,2,13,0,2,17,4,23,20,0,20,43
02/10/2017,JXN,MI,AGL,CE,Federal Contract Tower,0,0,5,0,5,0,0,20,2,22,0,0,25,2,27,26,2,28,55
02/11/2017,JXN,MI,AGL,CE,Federal Contract Tower,0,0,28,0,28,0,0,95,4,99,0,0,123,4,127,56,0,56,183
02/12/2017,JXN,MI,AGL,CE,Federal Contract Tower,0,0,0,0,0,0,0,64,0,64,0,0,64,0,64,50,0,50,114
02/13/2017,JXN,MI,AGL,CE,Federal Contract Tower,0,0,10,2,12,0,1,63,2,66,0,1,73,4,78,44,2,46,124
02/14/2017,JXN,MI,AGL,CE,Federal Contract Tower,0,0,4,0,4,0,1,44,0,45,0,1,48,0,49,20,0,20,69
02/15/2017,JXN,MI,AGL,CE,Federal Contract Tower,0,0,2,0,2,0,0,10,0,10,0,0,12,0,12,26,0,26,38
02/16/2017,JXN,MI,AGL,CE,Federal Contract Tower,0,1,9,2,12,0,0,30,0,30,0,1,39,2,42,10,0,10,52
02/17/2017,JXN,MI,AGL,CE,Federal Contract Tower,0,0,19,0,19,0,0,88,0,88,0,0,107,0,107,48,0,48,155
02/18/2017,JXN,MI,AGL,CE,Federal Contract Tower,0,0,31,0,31,0,0,126,0,126,0,0,157,0,157,38,0,38,195
02/19/2017,JXN,MI,AGL,CE,Federal Contract Tower,0,0,23,0,23,0,0,134,0,134,0,0,157,0,157,64,0,64,221
02/20/2017,JXN,MI,AGL,CE,Federal Contract Tower,0,2,8,0,10,0,1,57,0,58,0,3,65,0,68,58,0,58,126
02/21/2017,JXN,MI,AGL,CE,Federal Contract Tower,0,0,4,0,4,0,0,12,2,14,0,0,16,2,18,26,2,28,46
02/22/2017,JXN,MI,AGL,CE,Federal Contract Tower,0,0,19,0,19,0,0,17,0,17,0,0,36,0,36,42,0,42,78
02/23/2017,JXN,MI,AGL,CE,Federal Contract Tower,0,1,15,0,16,0,0,39,0,39,0,1,54,0,55,58,0,58,113
02/24/2017,JXN,MI,AGL,CE,Federal Contract Tower,0,0,3,0,3,0,0,3,0,3,0,0,6,0,6,0,0,0,6
02/25/2017,JXN,MI,AGL,CE,Federal Contract Tower,0,0,2,0,2,0,0,43,0,43,0,0,45,0,45,40,0,40,85
02/26/2017,JXN,MI,AGL,CE,Federal Contract Tower,0,2,19,0,21,0,0,61,0,61,0,2,80,0,82,34,0,34,116
02/27/2017,JXN,MI,AGL,CE,Federal Contract Tower,0,3,15,0,18,0,0,54,0,54,0,3,69,0,72,84,0,84,156
02/28/2017,JXN,MI,AGL,CE,Federal Contract Tower,0,0,3,0,3,0,0,0,0,0,0,0,3,0,3,0,0,0,3
03/01/2017,JXN,MI,AGL,CE,Federal Contract Tower,0,3,1,0,4,0,3,1,0,4,0,6,2,0,8,0,0,0,8
03/02/2017,JXN,MI,AGL,CE,Federal Contract Tower,0,0,4,0,4,0,0,5,0,5,0,0,9,0,9,4,0,4,13
03/03/2017,JXN,MI,AGL,CE,Federal Contract Tower,0,0,37,0,37,0,0,65,0,65,0,0,102,0,102,78,0,78,180
03/04/2017,JXN,MI,AGL,CE,Federal Contract Tower,0,0,36,0,36,0,1,143,0,144,0,1,179,0,180,52,0,52,232
03/05/2017,JXN,MI,AGL,CE,Federal Contract Tower,0,0,8,0,8,0,0,57,0,57,0,0,65,0,65,34,0,34,99
03/06/2017,JXN,MI,AGL,CE,Federal Contract Tower,0,0,8,0,8,0,0,13,0,13,0,0,21,0,21,16,0,16,37
03/07/2017,JXN,MI,AGL,CE,Federal Contract Tower,0,0,3,2,5,0,2,6,4,12,0,2,9,6,17,4,10,14,31
03/08/2017,JXN,MI,AGL,CE,Federal Contract Tower,0,2,2,0,4,0,2,2,0,4,0,4,4,0,8,0,0,0,8
03/09/2017,JXN,MI,AGL,CE,Federal Contract Tower,0,5,2,0,7,0,5,32,0,37,0,10,34,0,44,62,0,62,106
03/10/2017,JXN,MI,AGL,CE,Federal Contract Tower,0,0,22,0,22,0,2,64,0,66,0,2,86,0,88,62,0,62,150
03/11/2017,JXN,MI,AGL,CE,Federal Contract Tower,0,0,16,9,25,0,0,73,14,87,0,0,89,23,112,50,0,50,162
03/12/2017,JXN,MI,AGL,CE,Federal Contract Tower,0,0,8,0,8,0,0,76,0,76,0,0,84,0,84,70,0,70,154
03/13/2017,JXN,MI,AGL,CE,Federal Contract Tower,0,0,3,0,3,0,0,0,0,0,0,0,3,0,3,0,0,0,3
03/14/2017,JXN,MI,AGL,CE,Federal Contract Tower,0,0,4,0,4,0,0,9,1,10,0,0,13,1,14,16,0,16,30
03/15/2017,JXN,MI,AGL,CE,Federal Contract Tower,0,0,6,2,8,0,0,18,2,20,0,0,24,4,28,10,2,12,40
03/16/2017,JXN,MI,AGL,CE,Federal Contract Tower,0,2,22,2,26,0,1,61,2,64,0,3,83,4,90,84,2,86,176
03/17/2017,JXN,MI,AGL,CE,Federal Contract Tower,0,0,0,0,0,0,0,55,0,55,0,0,55,0,55,42,0,42,97
03/18/2017,JXN,MI,AGL,CE,Federal Contract Tower,0,0,2,0,2,0,0,30,0,30,0,0,32,0,32,26,0,26,58
03/19/2017,JXN,MI,AGL,CE,Federal Contract Tower,0,0,16,0,16,0,0,46,0,46,0,0,62,0,62,32,0,32,94
03/20/2017,JXN,MI,AGL,CE,Federal Contract Tower,0,0,3,0,3,0,0,30,0,30,0,0,33,0,33,44,0,44,77
03/21/2017,JXN,MI,AGL,CE,Federal Contract Tower,0,0,10,0,10,0,0,36,0,36,0,0,46,0,46,48,0,48,94
03/22/2017,JXN,MI,AGL,CE,Federal Contract Tower,0,1,13,1,15,0,1,69,1,71,0,2,82,2,86,42,0,42,128
03/23/2017,JXN,MI,AGL,CE,Federal Contract Tower,0,4,8,1,13,0,4,47,1,52,0,8,55,2,65,104,0,104,169
03/24/2017,JXN,MI,AGL,CE,Federal Contract Tower,0,1,19,0,20,0,0,71,13,84,0,1,90,13,104,82,0,82,186
03/25/2017,JXN,MI,AGL,CE,Federal Contract Tower,0,0,8,0,8,0,0,6,0,6,0,0,14,0,14,0,0,0,14
03/26/2017,JXN,MI,AGL,CE,Federal Contract Tower,0,0,5,0,5,0,0,15,0,15,0,0,20,0,20,10,0,10,30
03/27/2017,JXN,MI,AGL,CE,Federal Contract Tower,0,1,1,0,2,0,0,3,0,3,0,1,4,0,5,2,0,2,7
03/28/2017,JXN,MI,AGL,CE,Federal Contract Tower,0,0,14,2,16,0,0,17,2,19,0,0,31,4,35,8,2,10,45
03/29/2017,JXN,MI,AGL,CE,Federal Contract Tower,0,0,5,2,7,0,2,69,2,73,0,2,74,4,80,106,2,108,188
03/30/2017,JXN,MI,AGL,CE,Federal Contract Tower,0,0,1,0,1,0,0,57,0,57,0,0,58,0,58,54,0,54,112
03/31/2017,JXN,MI,AGL,CE,Federal Contract Tower,0,0,2,0,2,0,0,57,0,57,0,0,59,0,59,52,0,52,111
04/01/2017,JXN,MI,AGL,CE,Federal Contract Tower,0,1,8,0,9,0,1,101,4,106,0,2,109,4,115,32,0,32,147
04/02/2017,JXN,MI,AGL,CE,Federal Contract Tower,0,0,14,0,14,0,1,98,0,99,0,1,112,0,113,90,0,90,203
04/03/2017,JXN,MI,AGL,CE,Federal Contract Tower,0,2,0,0,2,0,1,4,0,5,0,3,4,0,7,0,0,0,7
04/04/2017,JXN,MI,AGL,CE,Federal Contract Tower,0,0,2,0,2,0,0,2,0,2,0,0,4,0,4,0,0,0,4
04/05/2017,JXN,MI,AGL,CE,Federal Contract Tower,0,4,6,0,10,0,6,7,0,13,0,10,13,0,23,0,0,0,23
04/06/2017,JXN,MI,AGL,CE,Federal Contract Tower,0,0,1,0,1,0,0,19,0,19,0,0,20,0,20,18,0,18,38
04/07/2017,JXN,MI,AGL,CE,Federal Contract Tower,0,1,12,6,19,0,0,58,8,66,0,1,70,14,85,54,4,58,143
04/08/2017,JXN,MI,AGL,CE,Federal Contract Tower,0,2,36,0,38,0,0,113,0,113,0,2,149,0,151,64,0,64,215
04/09/2017,JXN,MI,AGL,CE,Federal Contract Tower,0,2,20,0,22,0,4,58,0,62,0,6,78,0,84,30,0,30,114
04/10/2017,JXN,MI,AGL,CE,Federal Contract Tower,0,3,3,0,6,0,0,6,0,6,0,3,9,0,12,0,0,0,12
04/11/2017,JXN,MI,AGL,CE,Federal Contract Tower,0,4,10,0,14,0,5,10,0,15,0,9,20,0,29,6,0,6,35
04/12/2017,JXN,MI,AGL,CE,Federal Contract Tower,0,0,13,2,15,0,2,71,2,75,0,2,84,4,90,118,2,120,210
04/13/2017,JXN,MI,AGL,CE,Federal Contract Tower,0,1,23,4,28,0,0,70,4,74,0,1,93,8,102,92,2,94,196
04/14/2017,JXN,MI,AGL,CE,Federal Contract Tower,0,0,15,0,15,0,0,85,2,87,0,0,100,2,102,68,0,68,170
04/15/2017,JXN,MI,AGL,CE,Federal Contract Tower,0,0,11,0,11,0,0,38,0,38,0,0,49,0,49,22,0,22,71
04/16/2017,JXN,MI,AGL,CE,Federal Contract Tower,0,1,3,0,4,0,0,6,0,6,0,1,9,0,10,2,0,2,12
04/17/2017,JXN,MI,AGL,CE,Federal Contract Tower,0,2,2,0,4,0,0,34,0,34,0,2,36,0,38,50,0,50,88
04/18/2017,JXN,MI,AGL,CE,Federal Contract Tower,0,0,7,0,7,0,0,40,0,40,0,0,47,0,47,14,0,14,61
04/19/2017,JXN,MI,AGL,CE,Federal Contract Tower,0,0,6,0,6,0,0,27,1,28,0,0,33,1,34,26,0,26,60
04/20/2017,JXN,MI,AGL,CE,Federal Contract Tower,0,0,3,0,3,0,0,52,0,52,0,0,55,0,55,52,0,52,107
04/21/2017,JXN,MI,AGL,CE,Federal Contract Tower,0,0,4,0,4,0,1,56,2,59,0,1,60,2,63,62,0,62,125
04/22/2017,JXN,MI,AGL,CE,Federal Contract Tower,0,0,8,0,8,0,0,90,0,90,0,0,98,0,98,48,0,48,146
04/23/2017,JXN,MI,AGL,CE,Federal Contract Tower,0,0,16,0,16,0,0,101,0,101,0,0,117,0,117,60,0,60,177
04/24/2017,JXN,MI,AGL,CE,Federal Contract Tower,0,0,10,0,10,0,3,60,0,63,0,3,70,0,73,36,0,36,109
04/25/2017,JXN,MI,AGL,CE,Federal Contract Tower,0,0,11,0,11,0,3,42,0,45,0,3,53,0,56,94,0,94,150
04/26/2017,JXN,MI,AGL,CE,Federal Contract Tower,0,0,7,0,7,0,0,39,2,41,0,0,46,2,48,28,0,28,76
04/27/2017,JXN,MI,AGL,CE,Federal Contract Tower,0,0,0,2,2,0,2,61,2,65,0,2,61,4,67,70,0,70,137
04/28/2017,JXN,MI,AGL,CE,Federal Contract Tower,0,0,6,0,6,0,0,75,0,75,0,0,81,0,81,86,0,86,167
04/29/2017,JXN,MI,AGL,CE,Federal Contract Tower,0,0,8,0,8,0,1,46,0,47,0,1,54,0,55,60,0,60,115
04/30/2017,JXN,MI,AGL,CE,Federal Contract Tower,0,1,1,0,2,0,0,0,0,0,0,1,1,0,2,0,0,0,2
05/01/2017,JXN,MI,AGL,CE,Federal Contract Tower,0,0,3,0,3,0,0,7,0,7,0,0,10,0,10,0,0,0,10
05/02/2017,JXN,MI,AGL,CE,Federal Contract Tower,0,0,5,0,5,0,0,8,0,8,0,0,13,0,13,2,0,2,15
05/03/2017,JXN,MI,AGL,CE,Federal Contract Tower,0,1,13,0,14,0,1,78,0,79,0,2,91,0,93,50,0,50,143
05/04/2017,JXN,MI,AGL,CE,Federal Contract Tower,0,2,0,0,2,0,2,0,0,2,0,4,0,0,4,0,0,0,4
05/05/2017,JXN,MI,AGL,CE,Federal Contract Tower,0,0,1,0,1,0,0,4,4,8,0,0,5,4,9,0,0,0,9
05/06/2017,JXN,MI,AGL,CE,Federal Contract Tower,0,2,11,0,13,0,0,59,0,59,0,2,70,0,72,32,0,32,104
05/07/2017,JXN,MI,AGL,CE,Federal Contract Tower,0,1,15,0,16,0,0,98,0,98,0,1,113,0,114,42,0,42,156
05/08/2017,JXN,MI,AGL,CE,Federal Contract Tower,0,3,1,0,4,0,0,44,0,44,0,3,45,0,48,26,0,26,74
05/09/2017,JXN,MI,AGL,CE,Federal Contract Tower,0,0,17,0,17,0,0,73,2,75,0,0,90,2,92,46,0,46,138
05/10/2017,JXN,MI,AGL,CE,Federal Contract Tower,0,0,7,0,7,0,0,55,0,55,0,0,62,0,62,30,0,30,92
05/11/2017,JXN,MI,AGL,CE,Federal Contract Tower,0,2,5,0,7,0,1,62,0,63,0,3,67,0,70,64,0,64,134
05/12/2017,JXN,MI,AGL,CE,Federal Contract Tower,0,0,16,0,16,0,1,93,0,94,0,1,109,0,110,52,0,52,162
05/13/2017,JXN,MI,AGL,CE,Federal Contract Tower,0,0,14,0,14,0,0,102,0,102,0,0,116,0,116,24,0,24,140
05/14/2017,JXN,MI,AGL,CE,Federal Contract Tower,0,0,8,0,8,0,0,56,0,56,0,0,64,0,64,24,0,24,88
05/15/2017,JXN,MI,AGL,CE,Federal Contract Tower,0,4,5,0,9,0,1,75,0,76,0,5,80,0,85,40,0,40,125
05/16/2017,JXN,MI,AGL,CE,Federal Contract Tower,0,0,0,4,4,0,5,9,4,18,0,5,9,8,22,0,4,4,26
05/17/2017,JXN,MI,AGL,CE,Federal Contract Tower,0,0,2,0,2,0,2,15,0,17,0,2,17,0,19,0,0,0,19
05/18/2017,JXN,MI,AGL,CE,Federal Contract Tower,0,0,4,2,6,0,3,58,2,63,0,3,62,4,69,60,2,62,131
05/19/2017,JXN,MI,AGL,CE,Federal Contract Tower,0,0,7,0,7,0,0,70,2,72,0,0,77,2,79,58,0,58,137
05/20/2017,JXN,MI,AGL,CE,Federal Contract Tower,0,0,8,0,8,0,0,41,0,41,0,0,49,0,49,24,0,24,73
05/21/2017,JXN,MI,AGL,CE,Federal Contract Tower,0,0,3,0,3,0,0,5,0,5,0,0,8,0,8,0,0,0,8
05/22/2017,JXN,MI,AGL,CE,Federal Contract Tower,0,0,3,0,3,0,2,31,0,33,0,2,34,0,36,8,0,8,44
05/23/2017,JXN,MI,AGL,CE,Federal Contract Tower,0,1,10,0,11,0,1,75,0,76,0,2,85,0,87,78,0,78,165
05/24/2017,JXN,MI,AGL,CE,Federal Contract Tower,0,0,7,0,7,0,0,58,0,58,0,0,65,0,65,76,0,76,141
05/25/2017,JXN,MI,AGL,CE,Federal Contract Tower,0,0,8,0,8,0,0,1,0,1,0,0,9,0,9,0,0,0,9
05/26/2017,JXN,MI,AGL,CE,Federal Contract Tower,0,1,14,0,15,0,2,61,0,63,0,3,75,0,78,46,0,46,124
05/27/2017,JXN,MI,AGL,CE,Federal Contract Tower,0,1,6,0,7,0,0,66,0,66,0,1,72,0,73,26,0,26,99
05/28/2017,JXN,MI,AGL,CE,Federal Contract Tower,0,0,4,0,4,0,2,170,0,172,0,2,174,0,176,56,0,56,232
05/29/2017,JXN,MI,AGL,CE,Federal Contract Tower,0,0,6,0,6,0,0,45,0,45,0,0,51,0,51,24,0,24,75
05/30/2017,JXN,MI,AGL,CE,Federal Contract Tower,0,0,8,1,9,0,0,65,1,66,0,0,73,2,75,56,2,58,133
05/31/2017,JXN,MI,AGL,CE,Federal Contract Tower,0,0,5,0,5,0,0,39,0,39,0,0,44,0,44,64,0,64,108
06/01/2017,JXN,MI,AGL,CE,Federal Contract Tower,0,0,8,0,8,0,0,74,0,74,0,0,82,0,82,40,0,40,122
06/02/2017,JXN,MI,AGL,CE,Federal Contract Tower,0,0,8,0,8,0,0,82,0,82,0,0,90,0,90,124,0,124,214
06/03/2017,JXN,MI,AGL,CE,Federal Contract Tower,0,2,6,0,8,0,1,107,0,108,0,3,113,0,116,66,0,66,182
06/04/2017,JXN,MI,AGL,CE,Federal Contract Tower,0,0,5,0,5,0,0,73,9,82,0,0,78,9,87,62,0,62,149
06/05/2017,JXN,MI,AGL,CE,Federal Contract Tower,0,0,6,0,6,0,0,13,0,13,0,0,19,0,19,6,0,6,25
06/06/2017,JXN,MI,AGL,CE,Federal Contract Tower,0,0,2,0,2,0,0,25,4,29,0,0,27,4,31,40,0,40,71
06/07/2017,JXN,MI,AGL,CE,Federal Contract Tower,0,0,11,0,11,0,0,38,3,41,0,0,49,3,52,54,0,54,106
06/08/2017,JXN,MI,AGL,CE,Federal Contract Tower,0,0,14,1,15,0,2,45,6,53,0,2,59,7,68,54,0,54,122
06/09/2017,JXN,MI,AGL,CE,Federal Contract Tower,0,0,2,0,2,0,0,36,0,36,0,0,38,0,38,6,0,6,44
06/10/2017,JXN,MI,AGL,CE,Federal Contract Tower,0,1,7,0,8,0,0,87,0,87,0,1,94,0,95,54,0,54,149
06/11/2017,JXN,MI,AGL,CE,Federal Contract Tower,0,2,3,0,5,0,2,78,0,80,0,4,81,0,85,80,0,80,165
06/12/2017,JXN,MI,AGL,CE,Federal Contract Tower,0,0,0,0,0,0,0,52,0,52,0,0,52,0,52,48,0,48,100
06/13/2017,JXN,MI,AGL,CE,Federal Contract Tower,0,2,8,0,10,0,4,55,3,62,0,6,63,3,72,128,0,128,200
06/14/2017,JXN,MI,AGL,CE,Federal Contract Tower,0,0,3,0,3,0,0,45,0,45,0,0,48,0,48,56,0,56,104
06/15/2017,JXN,MI,AGL,CE,Federal Contract Tower,0,0,13,8,21,0,0,30,8,38,0,0,43,16,59,10,0,10,69
06/16/2017,JXN,MI,AGL,CE,Federal Contract Tower,0,1,12,0,13,0,0,51,0,51,0,1,63,0,64,58,0,58,122
06/17/2017,JXN,MI,AGL,CE,Federal Contract Tower,0,3,14,0,17,0,1,78,0,79,0,4,92,0,96,60,0,60,156
06/18/2017,JXN,MI,AGL,CE,Federal Contract Tower,0,0,17,0,17,0,0,62,0,62,0,0,79,0,79,52,0,52,131
06/19/2017,JXN,MI,AGL,CE,Federal Contract Tower,0,5,2,0,7,0,7,26,0,33,0,12,28,0,40,32,0,32,72
06/20/2017,JXN,MI,AGL,CE,Federal Contract Tower,0,2,4,0,6,0,2,45,0,47,0,4,49,0,53,54,0,54,107
06/21/2017,JXN,MI,AGL,CE,Federal Contract Tower,0,1,9,1,11,0,0,63,1,64,0,1,72,2,75,128,0,128,203
06/22/2017,JXN,MI,AGL,CE,Federal Contract Tower,0,0,3,0,3,0,2,14,0,16,0,2,17,0,19,32,0,32,51
06/23/2017,JXN,MI,AGL,CE,Federal Contract Tower,0,1,8,0,9,0,0,65,0,65,0,1,73,0,74,92,0,92,166
06/24/2017,JXN,MI,AGL,CE,Federal Contract Tower,0,1,12,0,13,0,1,72,0,73,0,2,84,0,86,41,0,41,127
06/25/2017,JXN,MI,AGL,CE,Federal Contract Tower,0,0,5,0,5,0,1,76,1,78,0,1,81,1,83,18,0,18,101
06/26/2017,JXN,MI,AGL,CE,Federal Contract Tower,0,0,10,0,10,0,1,42,0,43,0,1,52,0,53,42,0,42,95
06/27/2017,JXN,MI,AGL,CE,Federal Contract Tower,0,4,6,0,10,0,2,50,0,52,0,6,56,0,62,50,0,50,112
06/28/2017,JXN,MI,AGL,CE,Federal Contract Tower,0,0,5,0,5,0,1,43,4,48,0,1,48,4,53,26,0,26,79
06/29/2017,JXN,MI,AGL,CE,Federal Contract Tower,0,0,3,0,3,0,0,14,0,14,0,0,17,0,17,0,0,0,17
06/30/2017,JXN,MI,AGL,CE,Federal Contract Tower,0,2,19,0,21,0,0,72,0,72,0,2,91,0,93,66,0,66,159
07/01/2017,JXN,MI,AGL,CE,Federal Contract Tower,0,1,14,0,15,0,1,65,0,66,0,2,79,0,81,72,0,72,153
07/02/2017,JXN,MI,AGL,CE,Federal Contract Tower,0,0,3,0,3,0,0,81,0,81,0,0,84,0,84,66,0,66,150
07/03/2017,JXN,MI,AGL,CE,Federal Contract Tower,0,0,2,0,2,0,0,52,0,52,0,0,54,0,54,104,0,104,158
07/04/2017,JXN,MI,AGL,CE,Federal Contract Tower,0,0,4,0,4,0,0,64,0,64,0,0,68,0,68,50,0,50,118
07/05/2017,JXN,MI,AGL,CE,Federal Contract Tower,0,1,4,0,5,0,1,41,0,42,0,2,45,0,47,38,0,38,85
07/06/2017,JXN,MI,AGL,CE,Federal Contract Tower,0,0,4,0,4,0,1,56,0,57,0,1,60,0,61,30,0,30,91
07/07/2017,JXN,MI,AGL,CE,Federal Contract Tower,0,0,8,0,8,0,0,77,0,77,0,0,85,0,85,88,0,88,173
07/08/2017,JXN,MI,AGL,CE,Federal Contract Tower,0,1,19,0,20,0,0,102,0,102,0,1,121,0,122,94,0,94,216
07/09/2017,JXN,MI,AGL,CE,Federal Contract Tower,0,0,17,0,17,0,0,99,0,99,0,0,116,0,116,68,0,68,184
07/10/2017,JXN,MI,AGL,CE,Federal Contract Tower,0,0,3,0,3,0,0,0,0,0,0,0,3,0,3,6,0,6,9
07/11/2017,JXN,MI,AGL,CE,Federal Contract Tower,0,1,9,0,10,0,2,44,0,46,0,3,53,0,56,80,0,80,136
07/12/2017,JXN,MI,AGL,CE,Federal Contract Tower,0,1,2,0,3,0,0,12,0,12,0,1,14,0,15,22,0,22,37
07/13/2017,JXN,MI,AGL,CE,Federal Contract Tower,0,0,6,0,6,0,0,25,0,25,0,0,31,0,31,64,0,64,95
07/14/2017,JXN,MI,AGL,CE,Federal Contract Tower,0,0,5,0,5,0,0,78,2,80,0,0,83,2,85,68,0,68,153
07/15/2017,JXN,MI,AGL,CE,Federal Contract Tower,0,2,12,0,14,0,0,110,2,112,0,2,122,2,126,62,0,62,188
07/16/2017,JXN,MI,AGL,CE,Federal Contract Tower,0,0,13,0,13,0,2,60,0,62,0,2,73,0,75,22,0,22,97
07/17/2017,JXN,MI,AGL,CE,Federal Contract Tower,0,0,13,0,13,0,2,40,0,42,0,2,53,0,55,76,0,76,131
07/18/2017,JXN,MI,AGL,CE,Federal Contract Tower,0,0,10,0,10,0,1,66,0,67,0,1,76,0,77,66,0,66,143
07/19/2017,JXN,MI,AGL,CE,Federal Contract Tower,0,0,12,0,12,0,0,82,0,82,0,0,94,0,94,88,0,88,182
07/20/2017,JXN,MI,AGL,CE,Federal Contract Tower,0,0,3,0,3,0,2,67,0,69,0,2,70,0,72,102,0,102,174
07/21/2017,JXN,MI,AGL,CE,Federal Contract Tower,0,2,6,0,8,0,0,78,0,78,0,2,84,0,86,118,0,118,204
07/22/2017,JXN,MI,AGL,CE,Federal Contract Tower,0,0,3,0,3,0,0,56,0,56,0,0,59,0,59,38,0,38,97
07/23/2017,JXN,MI,AGL,CE,Federal Contract Tower,0,0,11,0,11,0,2,34,0,36,0,2,45,0,47,28,0,28,75
07/24/2017,JXN,MI,AGL,CE,Federal Contract Tower,0,0,3,0,3,0,1,28,0,29,0,1,31,0,32,52,0,52,84
07/25/2017,JXN,MI,AGL,CE,Federal Contract Tower,0,2,10,0,12,0,5,67,0,72,0,7,77,0,84,44,0,44,128
07/26/2017,JXN,MI,AGL,CE,Federal Contract Tower,0,2,17,0,19,0,2,45,0,47,0,4,62,0,66,116,0,116,182
07/27/2017,JXN,MI,AGL,CE,Federal Contract Tower,0,1,20,0,21,0,0,84,0,84,0,1,104,0,105,90,0,90,195
07/28/2017,JXN,MI,AGL,CE,Federal Contract Tower,0,0,4,0,4,0,1,54,0,55,0,1,58,0,59,62,0,62,121
07/29/2017,JXN,MI,AGL,CE,Federal Contract Tower,0,0,6,0,6,0,0,80,0,80,0,0,86,0,86,66,0,66,152
07/30/2017,JXN,MI,AGL,CE,Federal Contract Tower,0,1,10,0,11,0,0,87,0,87,0,1,97,0,98,20,0,20,118
07/31/2017,JXN,MI,AGL,CE,Federal Contract Tower,0,0,5,0,5,0,0,49,0,49,0,0,54,0,54,16,0,16,70
08/01/2017,JXN,MI,AGL,CE,Federal Contract Tower,0,0,9,0,9,0,0,45,0,45,0,0,54,0,54,48,0,48,102
08/02/2017,JXN,MI,AGL,CE,Federal Contract Tower,0,0,0,0,0,0,0,61,0,61,0,0,61,0,61,74,0,74,135
08/03/2017,JXN,MI,AGL,CE,Federal Contract Tower,0,0,2,0,2,0,0,59,0,59,0,0,61,0,61,66,0,66,127
08/04/2017,JXN,MI,AGL,CE,Federal Contract Tower,0,0,3,0,3,0,0,36,0,36,0,0,39,0,39,44,0,44,83
08/05/2017,JXN,MI,AGL,CE,Federal Contract Tower,0,0,6,0,6,0,0,76,0,76,0,0,82,0,82,54,0,54,136
08/06/2017,JXN,MI,AGL,CE,Federal Contract Tower,0,2,4,0,6,0,0,67,0,67,0,2,71,0,73,40,0,40,113
08/07/2017,JXN,MI,AGL,CE,Federal Contract Tower,0,1,5,0,6,0,1,38,0,39,0,2,43,0,45,10,0,10,55
08/08/2017,JXN,MI,AGL,CE,Federal Contract Tower,0,1,10,0,11,0,2,69,0,71,0,3,79,0,82,68,0,68,150
08/09/2017,JXN,MI,AGL,CE,Federal Contract Tower,0,2,5,0,7,0,2,64,0,66,0,4,69,0,73,74,0,74,147
08/10/2017,JXN,MI,AGL,CE,Federal Contract Tower,0,2,17,0,19,0,1,68,0,69,0,3,85,0,88,78,0,78,166
08/11/2017,JXN,MI,AGL,CE,Federal Contract Tower,0,0,14,0,14,0,0,53,0,53,0,0,67,0,67,46,0,46,113
08/12/2017,JXN,MI,AGL,CE,Federal Contract Tower,0,1,16,1,18,0,0,68,0,68,0,1,84,1,86,36,0,36,122
08/13/2017,JXN,MI,AGL,CE,Federal Contract Tower,0,2,13,0,15,0,2,74,2,78,0,4,87,2,93,20,0,20,113
08/14/2017,JXN,MI,AGL,CE,Federal Contract Tower,0,0,7,0,7,0,0,57,6,63,0,0,64,6,70,88,4,92,162
08/15/2017,JXN,MI,AGL,CE,Federal Contract Tower,0,0,6,0,6,0,0,66,0,66,0,0,72,0,72,80,0,80,152
08/16/2017,JXN,MI,AGL,CE,Federal Contract Tower,0,2,8,0,10,0,0,73,7,80,0,2,81,7,90,80,0,80,170
08/17/2017,JXN,MI,AGL,CE,Federal Contract Tower,0,0,3,1,4,0,0,2,0,2,0,0,5,1,6,52,2,54,60
08/18/2017,JXN,MI,AGL,CE,Federal Contract Tower,0,0,15,0,15,0,0,35,0,35,0,0,50,0,50,12,0,12,62
08/19/2017,JXN,MI,AGL,CE,Federal Contract Tower,0,0,5,0,5,0,0,58,0,58,0,0,63,0,63,66,0,66,129
08/20/2017,JXN,MI,AGL,CE,Federal Contract Tower,0,1,12,0,13,0,1,82,0,83,0,2,94,0,96,64,0,64,160
08/21/2017,JXN,MI,AGL,CE,Federal Contract Tower,0,2,9,0,11,0,3,60,0,63,0,5,69,0,74,6,0,6,80
08/22/2017,JXN,MI,AGL,CE,Federal Contract Tower,0,0,1,0,1,0,0,0,0,0,0,0,1,0,1,2,0,2,3
08/23/2017,JXN,MI,AGL,CE,Federal Contract Tower,0,1,9,0,10,0,2,57,2,61,0,3,66,2,71,100,0,100,171
08/24/2017,JXN,MI,AGL,CE,Federal Contract Tower,0,2,8,0,10,0,0,18,0,18,0,2,26,0,28,28,0,28,56
08/25/2017,JXN,MI,AGL,CE,Federal Contract Tower,0,2,9,0,11,0,0,52,0,52,0,2,61,0,63,82,0,82,145
08/26/2017,JXN,MI,AGL,CE,Federal Contract Tower,0,0,8,0,8,0,0,86,0,86,0,0,94,0,94,4,0,4,98
08/27/2017,JXN,MI,AGL,CE,Federal Contract Tower,0,2,3,0,5,0,2,53,0,55,0,4,56,0,60,2,0,2,62
08/28/2017,JXN,MI,AGL,CE,Federal Contract Tower,0,0,0,0,0,0,0,0,0,0,0,0,0,0,0,0,0,0,0
08/29/2017,JXN,MI,AGL,CE,Federal Contract Tower,0,0,0,0,0,0,0,0,0,0,0,0,0,0,0,0,0,0,0
08/30/2017,JXN,MI,AGL,CE,Federal Contract Tower,0,0,0,0,0,0,0,0,0,0,0,0,0,0,0,0,0,0,0
08/31/2017,JXN,MI,AGL,CE,Federal Contract Tower,0,0,0,0,0,0,0,0,0,0,0,0,0,0,0,0,0,0,0
09/01/2017,JXN,MI,AGL,CE,Federal Contract Tower,0,0,9,0,9,0,0,44,0,44,0,0,53,0,53,30,0,30,83
09/02/2017,JXN,MI,AGL,CE,Federal Contract Tower,0,1,4,0,5,0,1,78,2,81,0,2,82,2,86,12,2,14,100
09/03/2017,JXN,MI,AGL,CE,Federal Contract Tower,0,0,4,0,4,0,0,41,0,41,0,0,45,0,45,4,0,4,49
09/04/2017,JXN,MI,AGL,CE,Federal Contract Tower,0,0,4,0,4,0,0,38,0,38,0,0,42,0,42,38,0,38,80
09/05/2017,JXN,MI,AGL,CE,Federal Contract Tower,0,1,7,0,8,0,1,62,0,63,0,2,69,0,71,72,0,72,143
09/06/2017,JXN,MI,AGL,CE,Federal Contract Tower,0,0,8,1,9,0,0,41,1,42,0,0,49,2,51,60,0,60,111
09/07/2017,JXN,MI,AGL,CE,Federal Contract Tower,0,0,5,0,5,0,2,32,0,34,0,2,37,0,39,18,0,18,57
09/08/2017,JXN,MI,AGL,CE,Federal Contract Tower,0,0,6,0,6,0,0,47,0,47,0,0,53,0,53,14,0,14,67
09/09/2017,JXN,MI,AGL,CE,Federal Contract Tower,0,0,3,0,3,0,0,76,0,76,0,0,79,0,79,4,0,4,83
09/10/2017,JXN,MI,AGL,CE,Federal Contract Tower,0,0,8,0,8,0,0,81,0,81,0,0,89,0,89,64,0,64,153
09/11/2017,JXN,MI,AGL,CE,Federal Contract Tower,0,1,4,0,5,0,0,75,0,75,0,1,79,0,80,52,0,52,132
09/12/2017,JXN,MI,AGL,CE,Federal Contract Tower,0,0,2,0,2,0,0,41,0,41,0,0,43,0,43,28,0,28,71
09/13/2017,JXN,MI,AGL,CE,Federal Contract Tower,0,1,8,0,9,0,0,26,0,26,0,1,34,0,35,38,0,38,73
09/14/2017,JXN,MI,AGL,CE,Federal Contract Tower,0,2,4,2,8,0,1,18,5,24,0,3,22,7,32,50,0,50,82
09/15/2017,JXN,MI,AGL,CE,Federal Contract Tower,0,0,1,0,1,0,0,69,0,69,0,0,70,0,70,92,0,92,162
09/16/2017,JXN,MI,AGL,CE,Federal Contract Tower,0,2,2,0,4,0,4,81,0,85,0,6,83,0,89,64,0,64,153
09/17/2017,JXN,MI,AGL,CE,Federal Contract Tower,0,1,2,0,3,0,1,75,0,76,0,2,77,0,79,64,0,64,143
09/18/2017,JXN,MI,AGL,CE,Federal Contract Tower,0,0,1,0,1,0,0,45,0,45,0,0,46,0,46,52,0,52,98
09/19/2017,JXN,MI,AGL,CE,Federal Contract Tower,0,0,1,0,1,0,0,2,0,2,0,0,3,0,3,0,0,0,3
09/20/2017,JXN,MI,AGL,CE,Federal Contract Tower,0,0,1,0,1,0,0,38,0,38,0,0,39,0,39,70,0,70,109
09/21/2017,JXN,MI,AGL,CE,Federal Contract Tower,0,0,0,2,2,0,0,38,0,38,0,0,38,2,40,8,0,8,48
09/22/2017,JXN,MI,AGL,CE,Federal Contract Tower,0,0,5,0,5,0,1,29,0,30,0,1,34,0,35,16,0,16,51
09/23/2017,JXN,MI,AGL,CE,Federal Contract Tower,0,0,0,0,0,0,0,100,0,100,0,0,100,0,100,84,0,84,184
09/24/2017,JXN,MI,AGL,CE,Federal Contract Tower,0,0,4,0,4,0,0,84,0,84,0,0,88,0,88,84,0,84,172
09/25/2017,JXN,MI,AGL,CE,Federal Contract Tower,0,0,0,0,0,0,0,68,0,68,0,0,68,0,68,58,0,58,126
09/26/2017,JXN,MI,AGL,CE,Federal Contract Tower,0,0,2,0,2,0,0,33,2,35,0,0,35,2,37,82,0,82,119
09/27/2017,JXN,MI,AGL,CE,Federal Contract Tower,0,1,0,0,1,0,0,5,10,15,0,1,5,10,16,12,0,12,28
09/28/2017,JXN,MI,AGL,CE,Federal Contract Tower,0,0,4,0,4,0,2,29,0,31,0,2,33,0,35,0,0,0,35
09/29/2017,JXN,MI,AGL,CE,Federal Contract Tower,0,0,7,0,7,0,0,31,0,31,0,0,38,0,38,0,0,0,38
09/30/2017,JXN,MI,AGL,CE,Federal Contract Tower,0,0,1,0,1,0,0,117,2,119,0,0,118,2,120,58,0,58,178
10/01/2017,JXN,MI,AGL,CE,Federal Contract Tower,0,1,1,0,2,0,0,87,0,87,0,1,88,0,89,76,0,76,165
10/02/2017,JXN,MI,AGL,CE,Federal Contract Tower,0,0,0,0,0,0,1,47,0,48,0,1,47,0,48,68,0,68,116
10/03/2017,JXN,MI,AGL,CE,Federal Contract Tower,0,0,3,0,3,0,6,38,0,44,0,6,41,0,47,38,0,38,85
10/04/2017,JXN,MI,AGL,CE,Federal Contract Tower,0,0,1,0,1,0,2,4,1,7,0,2,5,1,8,6,0,6,14
10/05/2017,JXN,MI,AGL,CE,Federal Contract Tower,0,0,3,0,3,0,0,49,0,49,0,0,52,0,52,10,0,10,62
10/06/2017,JXN,MI,AGL,CE,Federal Contract Tower,0,0,2,0,2,0,0,0,0,0,0,0,2,0,2,0,0,0,2
10/07/2017,JXN,MI,AGL,CE,Federal Contract Tower,0,0,0,0,0,0,0,94,0,94,0,0,94,0,94,68,0,68,162
10/08/2017,JXN,MI,AGL,CE,Federal Contract Tower,0,1,1,0,2,0,1,96,0,97,0,2,97,0,99,76,0,76,175
10/09/2017,JXN,MI,AGL,CE,Federal Contract Tower,0,0,2,0,2,0,0,38,0,38,0,0,40,0,40,50,0,50,90
10/10/2017,JXN,MI,AGL,CE,Federal Contract Tower,0,0,2,0,2,0,0,15,0,15,0,0,17,0,17,30,0,30,47
10/11/2017,JXN,MI,AGL,CE,Federal Contract Tower,0,0,0,0,0,0,0,2,0,2,0,0,2,0,2,0,0,0,2
10/12/2017,JXN,MI,AGL,CE,Federal Contract Tower,0,0,1,0,1,0,0,0,0,0,0,0,1,0,1,0,0,0,1
10/13/2017,JXN,MI,AGL,CE,Federal Contract Tower,0,1,2,0,3,0,2,85,0,87,0,3,87,0,90,80,0,80,170
10/14/2017,JXN,MI,AGL,CE,Federal Contract Tower,0,0,0,0,0,0,0,36,0,36,0,0,36,0,36,18,0,18,54
10/15/2017,JXN,MI,AGL,CE,Federal Contract Tower,0,0,0,0,0,0,0,53,0,53,0,0,53,0,53,38,0,38,91
10/16/2017,JXN,MI,AGL,CE,Federal Contract Tower,0,1,3,0,4,0,2,43,0,45,0,3,46,0,49,20,0,20,69
10/17/2017,JXN,MI,AGL,CE,Federal Contract Tower,0,0,0,0,0,0,0,39,0,39,0,0,39,0,39,42,0,42,81
10/18/2017,JXN,MI,AGL,CE,Federal Contract Tower,0,0,0,0,0,0,0,38,0,38,0,0,38,0,38,54,0,54,92
10/19/2017,JXN,MI,AGL,CE,Federal Contract Tower,0,0,2,0,2,0,0,37,0,37,0,0,39,0,39,10,0,10,49
10/20/2017,JXN,MI,AGL,CE,Federal Contract Tower,0,0,2,0,2,0,0,79,0,79,0,0,81,0,81,86,0,86,167
10/21/2017,JXN,MI,AGL,CE,Federal Contract Tower,0,0,2,0,2,0,0,121,0,121,0,0,123,0,123,88,0,88,211
10/22/2017,JXN,MI,AGL,CE,Federal Contract Tower,0,0,5,0,5,0,0,91,0,91,0,0,96,0,96,48,0,48,144
10/23/2017,JXN,MI,AGL,CE,Federal Contract Tower,0,0,1,0,1,0,0,21,0,21,0,0,22,0,22,64,0,64,86
10/24/2017,JXN,MI,AGL,CE,Federal Contract Tower,0,0,0,0,0,0,0,1,0,1,0,0,1,0,1,2,0,2,3
10/25/2017,JXN,MI,AGL,CE,Federal Contract Tower,0,0,2,0,2,0,0,18,0,18,0,0,20,0,20,44,0,44,64
10/26/2017,JXN,MI,AGL,CE,Federal Contract Tower,0,0,0,0,0,0,1,54,0,55,0,1,54,0,55,20,0,20,75
10/27/2017,JXN,MI,AGL,CE,Federal Contract Tower,0,0,0,0,0,0,0,71,0,71,0,0,71,0,71,78,0,78,149
10/28/2017,JXN,MI,AGL,CE,Federal Contract Tower,0,0,2,0,2,0,0,87,0,87,0,0,89,0,89,48,0,48,137
10/29/2017,JXN,MI,AGL,CE,Federal Contract Tower,0,1,3,0,4,0,0,93,0,93,0,1,96,0,97,66,0,66,163
10/30/2017,JXN,MI,AGL,CE,Federal Contract Tower,0,0,2,0,2,0,0,18,0,18,0,0,20,0,20,20,0,20,40
10/31/2017,JXN,MI,AGL,CE,Federal Contract Tower,0,0,1,0,1,0,1,26,0,27,0,1,27,0,28,20,0,20,48
11/01/2017,JXN,MI,AGL,CE,Federal Contract Tower,0,0,2,0,2,0,2,18,0,20,0,2,20,0,22,38,0,38,60
11/02/2017,JXN,MI,AGL,CE,Federal Contract Tower,0,3,0,0,3,0,3,0,0,3,0,6,0,0,6,2,0,2,8
11/03/2017,JXN,MI,AGL,CE,Federal Contract Tower,0,1,10,0,11,0,1,70,2,73,0,2,80,2,84,98,0,98,182
11/04/2017,JXN,MI,AGL,CE,Federal Contract Tower,0,0,11,0,11,0,0,74,0,74,0,0,85,0,85,36,0,36,121
11/05/2017,JXN,MI,AGL,CE,Federal Contract Tower,0,1,4,0,5,0,0,71,0,71,0,1,75,0,76,60,0,60,136
11/06/2017,JXN,MI,AGL,CE,Federal Contract Tower,0,0,1,0,1,0,1,24,0,25,0,1,25,0,26,46,0,46,72
11/07/2017,JXN,MI,AGL,CE,Federal Contract Tower,0,0,4,0,4,0,1,52,0,53,0,1,56,0,57,16,0,16,73
11/08/2017,JXN,MI,AGL,CE,Federal Contract Tower,0,0,7,0,7,0,0,52,0,52,0,0,59,0,59,72,0,72,131
11/09/2017,JXN,MI,AGL,CE,Federal Contract Tower,0,0,5,0,5,0,0,16,0,16,0,0,21,0,21,0,0,0,21
11/10/2017,JXN,MI,AGL,CE,Federal Contract Tower,0,0,4,0,4,0,0,59,0,59,0,0,63,0,63,110,0,110,173
11/11/2017,JXN,MI,AGL,CE,Federal Contract Tower,0,0,5,0,5,0,0,105,0,105,0,0,110,0,110,62,0,62,172
11/12/2017,JXN,MI,AGL,CE,Federal Contract Tower,0,0,6,0,6,0,0,18,0,18,0,0,24,0,24,18,0,18,42
11/13/2017,JXN,MI,AGL,CE,Federal Contract Tower,0,2,1,0,3,0,1,4,0,5,0,3,5,0,8,30,0,30,38
11/14/2017,JXN,MI,AGL,CE,Federal Contract Tower,0,4,7,0,11,0,1,19,0,20,0,5,26,0,31,24,0,24,55
11/15/2017,JXN,MI,AGL,CE,Federal Contract Tower,0,0,5,0,5,0,0,3,0,3,0,0,8,0,8,0,0,0,8
11/16/2017,JXN,MI,AGL,CE,Federal Contract Tower,0,0,7,0,7,0,0,50,0,50,0,0,57,0,57,68,0,68,125
11/17/2017,JXN,MI,AGL,CE,Federal Contract Tower,0,0,7,0,7,0,0,72,0,72,0,0,79,0,79,78,0,78,157
11/18/2017,JXN,MI,AGL,CE,Federal Contract Tower,0,0,2,0,2,0,0,0,0,0,0,0,2,0,2,0,0,0,2
11/19/2017,JXN,MI,AGL,CE,Federal Contract Tower,0,0,2,0,2,0,0,24,0,24,0,0,26,0,26,30,0,30,56
11/20/2017,JXN,MI,AGL,CE,Federal Contract Tower,0,0,4,0,4,0,0,31,0,31,0,0,35,0,35,16,0,16,51
11/21/2017,JXN,MI,AGL,CE,Federal Contract Tower,0,1,2,0,3,0,2,3,0,5,0,3,5,0,8,0,0,0,8
11/22/2017,JXN,MI,AGL,CE,Federal Contract Tower,0,1,9,0,10,0,0,63,0,63,0,1,72,0,73,110,0,110,183
11/23/2017,JXN,MI,AGL,CE,Federal Contract Tower,0,0,1,0,1,0,0,29,0,29,0,0,30,0,30,34,0,34,64
11/24/2017,JXN,MI,AGL,CE,Federal Contract Tower,0,0,8,0,8,0,0,53,0,53,0,0,61,0,61,52,0,52,113
11/25/2017,JXN,MI,AGL,CE,Federal Contract Tower,0,1,0,0,1,0,0,37,0,37,0,1,37,0,38,36,0,36,74
11/26/2017,JXN,MI,AGL,CE,Federal Contract Tower,0,3,10,0,13,0,0,93,0,93,0,3,103,0,106,38,0,38,144
11/27/2017,JXN,MI,AGL,CE,Federal Contract Tower,0,1,0,0,1,0,0,40,0,40,0,1,40,0,41,82,0,82,123
11/28/2017,JXN,MI,AGL,CE,Federal Contract Tower,0,0,2,0,2,0,0,32,0,32,0,0,34,0,34,40,0,40,74
11/29/2017,JXN,MI,AGL,CE,Federal Contract Tower,0,0,21,0,21,0,0,77,0,77,0,0,98,0,98,68,0,68,166
11/30/2017,JXN,MI,AGL,CE,Federal Contract Tower,0,0,6,0,6,0,0,60,0,60,0,0,66,0,66,78,0,78,144
12/01/2017,JXN,MI,AGL,CE,Federal Contract Tower,0,2,5,1,8,0,1,92,1,94,0,3,97,2,102,118,0,118,220
12/02/2017,JXN,MI,AGL,CE,Federal Contract Tower,0,0,8,0,8,0,0,140,1,141,0,0,148,1,149,92,0,92,241
12/03/2017,JXN,MI,AGL,CE,Federal Contract Tower,0,0,14,0,14,0,0,85,0,85,0,0,99,0,99,70,0,70,169
12/04/2017,JXN,MI,AGL,CE,Federal Contract Tower,0,0,1,0,1,0,0,6,0,6,0,0,7,0,7,10,0,10,17
12/05/2017,JXN,MI,AGL,CE,Federal Contract Tower,0,0,0,0,0,0,0,2,0,2,0,0,2,0,2,10,0,10,12
12/06/2017,JXN,MI,AGL,CE,Federal Contract Tower,0,0,2,0,2,0,0,12,0,12,0,0,14,0,14,22,0,22,36
12/07/2017,JXN,MI,AGL,CE,Federal Contract Tower,0,0,4,0,4,0,0,55,0,55,0,0,59,0,59,60,0,60,119
12/08/2017,JXN,MI,AGL,CE,Federal Contract Tower,0,0,14,0,14,0,0,57,0,57,0,0,71,0,71,82,0,82,153
12/09/2017,JXN,MI,AGL,CE,Federal Contract Tower,0,0,0,0,0,0,0,47,0,47,0,0,47,0,47,44,0,44,91
12/10/2017,JXN,MI,AGL,CE,Federal Contract Tower,0,0,1,0,1,0,0,35,0,35,0,0,36,0,36,28,0,28,64
12/11/2017,JXN,MI,AGL,CE,Federal Contract Tower,0,0,3,0,3,0,0,0,0,0,0,0,3,0,3,0,0,0,3
12/12/2017,JXN,MI,AGL,CE,Federal Contract Tower,0,0,3,0,3,0,0,5,0,5,0,0,8,0,8,10,0,10,18
12/13/2017,JXN,MI,AGL,CE,Federal Contract Tower,0,0,1,0,1,0,0,1,0,1,0,0,2,0,2,0,0,0,2
12/14/2017,JXN,MI,AGL,CE,Federal Contract Tower,0,2,11,0,13,0,0,57,0,57,0,2,68,0,70,88,0,88,158
12/15/2017,JXN,MI,AGL,CE,Federal Contract Tower,0,1,1,0,2,0,1,57,0,58,0,2,58,0,60,52,0,52,112
12/16/2017,JXN,MI,AGL,CE,Federal Contract Tower,0,0,16,0,16,0,0,39,0,39,0,0,55,0,55,34,0,34,89
12/17/2017,JXN,MI,AGL,CE,Federal Contract Tower,0,0,0,0,0,0,0,0,0,0,0,0,0,0,0,0,0,0,0
12/18/2017,JXN,MI,AGL,CE,Federal Contract Tower,0,4,1,0,5,0,4,1,0,5,0,8,2,0,10,0,0,0,10
12/19/2017,JXN,MI,AGL,CE,Federal Contract Tower,0,1,16,0,17,0,1,70,0,71,0,2,86,0,88,78,0,78,166
12/20/2017,JXN,MI,AGL,CE,Federal Contract Tower,0,5,17,0,22,0,0,65,0,65,0,5,82,0,87,106,0,106,193
12/21/2017,JXN,MI,AGL,CE,Federal Contract Tower,0,0,10,0,10,0,0,34,0,34,0,0,44,0,44,24,0,24,68
12/22/2017,JXN,MI,AGL,CE,Federal Contract Tower,0,0,0,0,0,0,0,2,0,2,0,0,2,0,2,2,0,2,4
12/23/2017,JXN,MI,AGL,CE,Federal Contract Tower,0,1,4,0,5,0,0,18,0,18,0,1,22,0,23,2,0,2,25
12/24/2017,JXN,MI,AGL,CE,Federal Contract Tower,0,0,0,0,0,0,0,4,0,4,0,0,4,0,4,6,0,6,10
12/26/2017,JXN,MI,AGL,CE,Federal Contract Tower,0,0,8,0,8,0,0,36,0,36,0,0,44,0,44,52,0,52,96
12/27/2017,JXN,MI,AGL,CE,Federal Contract Tower,0,2,6,0,8,0,30,0,0,30,0,32,6,0,38,30,0,30,68
12/28/2017,JXN,MI,AGL,CE,Federal Contract Tower,0,1,4,0,5,0,0,19,0,19,0,1,23,0,24,2,0,2,26
12/29/2017,JXN,MI,AGL,CE,Federal Contract Tower,0,2,0,0,2,0,0,3,0,3,0,2,3,0,5,8,0,8,13
12/30/2017,JXN,MI,AGL,CE,Federal Contract Tower,0,0,2,0,2,0,0,2,0,2,0,0,4,0,4,6,0,6,10
12/31/2017,JXN,MI,AGL,CE,Federal Contract Tower,0,0,7,0,7,0,0,27,0,27,0,0,34,0,34,54,0,54,88
01/01/2018,JXN,MI,AGL,CE,Federal Contract Tower,0,0,1,0,1,0,0,0,0,0,0,0,1,0,1,0,0,0,1
01/02/2018,JXN,MI,AGL,CE,Federal Contract Tower,0,0,4,0,4,0,0,28,0,28,0,0,32,0,32,38,0,38,70
01/03/2018,JXN,MI,AGL,CE,Federal Contract Tower,0,0,2,0,2,0,0,0,0,0,0,0,2,0,2,0,0,0,2
01/04/2018,JXN,MI,AGL,CE,Federal Contract Tower,0,0,5,0,5,0,0,16,0,16,0,0,21,0,21,0,0,0,21
01/05/2018,JXN,MI,AGL,CE,Federal Contract Tower,0,1,10,0,11,0,0,16,0,16,0,1,26,0,27,2,0,2,29
01/06/2018,JXN,MI,AGL,CE,Federal Contract Tower,0,0,22,0,22,0,1,46,0,47,0,1,68,0,69,50,0,50,119
01/07/2018,JXN,MI,AGL,CE,Federal Contract Tower,0,0,2,0,2,0,0,59,0,59,0,0,61,0,61,58,0,58,119
01/08/2018,JXN,MI,AGL,CE,Federal Contract Tower,0,1,9,0,10,0,0,0,0,0,0,1,9,0,10,0,0,0,10
01/09/2018,JXN,MI,AGL,CE,Federal Contract Tower,0,3,3,0,6,0,0,48,0,48,0,3,51,0,54,56,0,56,110
01/10/2018,JXN,MI,AGL,CE,Federal Contract Tower,0,0,8,0,8,0,0,0,0,0,0,0,8,0,8,0,0,0,8
01/11/2018,JXN,MI,AGL,CE,Federal Contract Tower,0,2,11,0,13,0,0,6,0,6,0,2,17,0,19,0,0,0,19
01/12/2018,JXN,MI,AGL,CE,Federal Contract Tower,0,1,2,0,3,0,0,0,0,0,0,1,2,0,3,0,0,0,3
01/13/2018,JXN,MI,AGL,CE,Federal Contract Tower,0,0,8,0,8,0,0,60,0,60,0,0,68,0,68,80,0,80,148
01/14/2018,JXN,MI,AGL,CE,Federal Contract Tower,0,1,18,0,19,0,0,55,0,55,0,1,73,0,74,76,0,76,150
01/15/2018,JXN,MI,AGL,CE,Federal Contract Tower,0,0,4,0,4,0,0,2,0,2,0,0,6,0,6,2,0,2,8
01/16/2018,JXN,MI,AGL,CE,Federal Contract Tower,0,1,3,0,4,0,0,0,0,0,0,1,3,0,4,2,0,2,6
01/17/2018,JXN,MI,AGL,CE,Federal Contract Tower,0,1,12,0,13,0,0,31,0,31,0,1,43,0,44,22,0,22,66
01/18/2018,JXN,MI,AGL,CE,Federal Contract Tower,0,1,15,0,16,0,0,44,0,44,0,1,59,0,60,18,0,18,78
01/19/2018,JXN,MI,AGL,CE,Federal Contract Tower,0,1,17,0,18,0,0,30,0,30,0,1,47,0,48,14,0,14,62
01/20/2018,JXN,MI,AGL,CE,Federal Contract Tower,0,0,9,0,9,0,0,87,0,87,0,0,96,0,96,84,0,84,180
01/21/2018,JXN,MI,AGL,CE,Federal Contract Tower,0,0,1,0,1,0,0,40,0,40,0,0,41,0,41,32,0,32,73
01/22/2018,JXN,MI,AGL,CE,Federal Contract Tower,0,1,4,0,5,0,0,32,0,32,0,1,36,0,37,34,0,34,71
01/23/2018,JXN,MI,AGL,CE,Federal Contract Tower,0,1,0,0,1,0,0,0,0,0,0,1,0,0,1,0,0,0,1
01/24/2018,JXN,MI,AGL,CE,Federal Contract Tower,0,0,8,0,8,0,0,16,0,16,0,0,24,0,24,24,0,24,48
01/25/2018,JXN,MI,AGL,CE,Federal Contract Tower,0,2,6,0,8,0,5,29,0,34,0,7,35,0,42,50,0,50,92
01/26/2018,JXN,MI,AGL,CE,Federal Contract Tower,0,0,6,0,6,0,0,41,0,41,0,0,47,0,47,6,0,6,53
01/27/2018,JXN,MI,AGL,CE,Federal Contract Tower,0,0,3,0,3,0,0,78,0,78,0,0,81,0,81,72,0,72,153
01/28/2018,JXN,MI,AGL,CE,Federal Contract Tower,0,0,19,1,20,0,0,120,0,120,0,0,139,1,140,74,0,74,214
01/29/2018,JXN,MI,AGL,CE,Federal Contract Tower,0,0,0,0,0,0,0,0,0,0,0,0,0,0,0,8,0,8,8
01/30/2018,JXN,MI,AGL,CE,Federal Contract Tower,0,4,20,0,24,0,1,28,0,29,0,5,48,0,53,76,0,76,129
01/31/2018,JXN,MI,AGL,CE,Federal Contract Tower,0,0,4,0,4,0,0,5,0,5,0,0,9,0,9,2,0,2,11
02/01/2018,JXN,MI,AGL,CE,Federal Contract Tower,0,0,5,0,5,0,0,8,0,8,0,0,13,0,13,10,0,10,23
02/02/2018,JXN,MI,AGL,CE,Federal Contract Tower,0,3,10,0,13,0,0,80,0,80,0,3,90,0,93,68,0,68,161
02/03/2018,JXN,MI,AGL,CE,Federal Contract Tower,0,0,16,0,16,0,1,53,0,54,0,1,69,0,70,50,0,50,120
02/04/2018,JXN,MI,AGL,CE,Federal Contract Tower,0,0,0,0,0,0,0,53,0,53,0,0,53,0,53,52,0,52,105
02/05/2018,JXN,MI,AGL,CE,Federal Contract Tower,0,2,11,0,13,0,0,26,0,26,0,2,37,0,39,22,0,22,61
02/06/2018,JXN,MI,AGL,CE,Federal Contract Tower,0,2,0,0,2,0,0,10,0,10,0,2,10,0,12,26,0,26,38
02/07/2018,JXN,MI,AGL,CE,Federal Contract Tower,0,0,0,0,0,0,0,2,0,2,0,0,2,0,2,10,0,10,12
02/08/2018,JXN,MI,AGL,CE,Federal Contract Tower,0,5,6,0,11,0,0,13,2,15,0,5,19,2,26,6,0,6,32
02/09/2018,JXN,MI,AGL,CE,Federal Contract Tower,0,0,2,0,2,0,0,21,0,21,0,0,23,0,23,12,0,12,35
02/10/2018,JXN,MI,AGL,CE,Federal Contract Tower,0,0,0,0,0,0,0,2,0,2,0,0,2,0,2,0,0,0,2
02/11/2018,JXN,MI,AGL,CE,Federal Contract Tower,0,0,2,0,2,0,0,55,0,55,0,0,57,0,57,38,0,38,95
02/12/2018,JXN,MI,AGL,CE,Federal Contract Tower,0,0,7,0,7,0,0,44,2,46,0,0,51,2,53,52,0,52,105
02/13/2018,JXN,MI,AGL,CE,Federal Contract Tower,0,0,11,1,12,0,0,42,1,43,0,0,53,2,55,50,0,50,105
02/14/2018,JXN,MI,AGL,CE,Federal Contract Tower,0,3,3,0,6,0,0,12,0,12,0,3,15,0,18,26,0,26,44
02/15/2018,JXN,MI,AGL,CE,Federal Contract Tower,0,0,0,0,0,0,0,0,0,0,0,0,0,0,0,0,0,0,0
02/16/2018,JXN,MI,AGL,CE,Federal Contract Tower,0,0,11,0,11,0,0,73,0,73,0,0,84,0,84,74,0,74,158
02/17/2018,JXN,MI,AGL,CE,Federal Contract Tower,0,1,16,0,17,0,0,93,0,93,0,1,109,0,110,48,0,48,158
02/18/2018,JXN,MI,AGL,CE,Federal Contract Tower,0,0,24,0,24,0,2,89,0,91,0,2,113,0,115,90,0,90,205
02/19/2018,JXN,MI,AGL,CE,Federal Contract Tower,0,0,6,0,6,0,0,0,0,0,0,0,6,0,6,0,0,0,6
02/21/2018,JXN,MI,AGL,CE,Federal Contract Tower,0,2,5,0,7,0,0,2,0,2,0,2,7,0,9,2,0,2,11
02/23/2018,JXN,MI,AGL,CE,Federal Contract Tower,0,0,3,0,3,0,0,56,0,56,0,0,59,0,59,56,0,56,115
02/24/2018,JXN,MI,AGL,CE,Federal Contract Tower,0,0,17,0,17,0,0,48,0,48,0,0,65,0,65,44,0,44,109
02/25/2018,JXN,MI,AGL,CE,Federal Contract Tower,0,0,4,0,4,0,0,12,0,12,0,0,16,0,16,10,0,10,26
02/26/2018,JXN,MI,AGL,CE,Federal Contract Tower,0,1,35,0,36,0,0,27,0,27,0,1,62,0,63,68,0,68,131
02/27/2018,JXN,MI,AGL,CE,Federal Contract Tower,0,0,6,0,6,0,1,29,2,32,0,1,35,2,38,24,0,24,62
02/28/2018,JXN,MI,AGL,CE,Federal Contract Tower,0,0,11,0,11,0,0,51,0,51,0,0,62,0,62,82,0,82,144
03/01/2018,JXN,MI,AGL,CE,Federal Contract Tower,0,0,0,0,0,0,0,52,0,52,0,0,52,0,52,34,0,34,86
03/02/2018,JXN,MI,AGL,CE,Federal Contract Tower,0,1,16,0,17,0,0,67,0,67,0,1,83,0,84,88,0,88,172
03/03/2018,JXN,MI,AGL,CE,Federal Contract Tower,0,0,10,0,10,0,0,94,4,98,0,0,104,4,108,56,0,56,164
03/04/2018,JXN,MI,AGL,CE,Federal Contract Tower,0,0,11,0,11,0,0,127,2,129,0,0,138,2,140,44,0,44,184
03/05/2018,JXN,MI,AGL,CE,Federal Contract Tower,0,1,19,0,20,0,0,28,0,28,0,1,47,0,48,30,0,30,78
03/06/2018,JXN,MI,AGL,CE,Federal Contract Tower,0,1,0,0,1,0,0,2,0,2,0,1,2,0,3,0,0,0,3
03/07/2018,JXN,MI,AGL,CE,Federal Contract Tower,0,1,2,0,3,0,0,51,0,51,0,1,53,0,54,54,0,54,108
03/08/2018,JXN,MI,AGL,CE,Federal Contract Tower,0,4,1,0,5,0,2,44,0,46,0,6,45,0,51,66,0,66,117
03/09/2018,JXN,MI,AGL,CE,Federal Contract Tower,0,0,9,0,9,0,0,44,0,44,0,0,53,0,53,56,0,56,109
03/10/2018,JXN,MI,AGL,CE,Federal Contract Tower,0,1,27,0,28,0,0,89,0,89,0,1,116,0,117,88,0,88,205
03/11/2018,JXN,MI,AGL,CE,Federal Contract Tower,0,2,17,0,19,0,0,91,0,91,0,2,108,0,110,50,0,50,160
03/12/2018,JXN,MI,AGL,CE,Federal Contract Tower,0,1,0,0,1,0,1,0,0,1,0,2,0,0,2,0,0,0,2
03/13/2018,JXN,MI,AGL,CE,Federal Contract Tower,0,3,3,0,6,0,3,5,0,8,0,6,8,0,14,6,0,6,20
03/14/2018,JXN,MI,AGL,CE,Federal Contract Tower,0,4,17,0,21,0,4,61,0,65,0,8,78,0,86,118,0,118,204
03/15/2018,JXN,MI,AGL,CE,Federal Contract Tower,0,3,11,0,14,0,2,53,0,55,0,5,64,0,69,64,0,64,133
03/16/2018,JXN,MI,AGL,CE,Federal Contract Tower,0,2,16,0,18,0,2,74,0,76,0,4,90,0,94,70,0,70,164
03/17/2018,JXN,MI,AGL,CE,Federal Contract Tower,0,0,14,0,14,0,0,130,0,130,0,0,144,0,144,92,0,92,236
03/18/2018,JXN,MI,AGL,CE,Federal Contract Tower,0,0,12,0,12,0,0,102,0,102,0,0,114,0,114,94,0,94,208
03/19/2018,JXN,MI,AGL,CE,Federal Contract Tower,0,2,8,0,10,0,1,25,0,26,0,3,33,0,36,26,0,26,62
03/20/2018,JXN,MI,AGL,CE,Federal Contract Tower,0,2,7,2,11,0,2,4,0,6,0,4,11,2,17,6,0,6,23
03/21/2018,JXN,MI,AGL,CE,Federal Contract Tower,0,5,2,6,13,0,4,44,6,54,0,9,46,12,67,50,10,60,127
03/22/2018,JXN,MI,AGL,CE,Federal Contract Tower,0,8,19,2,29,0,7,62,2,71,0,15,81,4,100,76,2,78,178
03/23/2018,JXN,MI,AGL,CE,Federal Contract Tower,0,1,12,1,14,0,0,43,1,44,0,1,55,2,58,52,0,52,110
03/24/2018,JXN,MI,AGL,CE,Federal Contract Tower,0,1,7,0,8,0,1,72,0,73,0,2,79,0,81,34,0,34,115
03/25/2018,JXN,MI,AGL,CE,Federal Contract Tower,0,1,4,0,5,0,2,33,0,35,0,3,37,0,40,10,0,10,50
03/26/2018,JXN,MI,AGL,CE,Federal Contract Tower,0,10,5,0,15,0,11,43,0,54,0,21,48,0,69,68,0,68,137
03/27/2018,JXN,MI,AGL,CE,Federal Contract Tower,0,0,10,2,12,0,0,39,2,41,0,0,49,4,53,58,4,62,115
03/28/2018,JXN,MI,AGL,CE,Federal Contract Tower,0,0,5,0,5,0,0,3,0,3,0,0,8,0,8,4,0,4,12
03/29/2018,JXN,MI,AGL,CE,Federal Contract Tower,0,4,4,0,8,0,0,0,0,0,0,4,4,0,8,0,0,0,8
03/30/2018,JXN,MI,AGL,CE,Federal Contract Tower,0,0,23,0,23,0,0,59,0,59,0,0,82,0,82,86,0,86,168
03/31/2018,JXN,MI,AGL,CE,Federal Contract Tower,0,0,13,0,13,0,0,27,0,27,0,0,40,0,40,10,0,10,50
04/01/2018,JXN,MI,AGL,CE,Federal Contract Tower,0,1,0,0,1,0,0,9,0,9,0,1,9,0,10,6,0,6,16
04/02/2018,JXN,MI,AGL,CE,Federal Contract Tower,0,1,21,0,22,0,0,56,0,56,0,1,77,0,78,74,0,74,152
04/03/2018,JXN,MI,AGL,CE,Federal Contract Tower,0,0,0,0,0,0,0,59,0,59,0,0,59,0,59,62,0,62,121
04/04/2018,JXN,MI,AGL,CE,Federal Contract Tower,0,3,2,0,5,0,0,17,4,21,0,3,19,4,26,30,4,34,60
04/05/2018,JXN,MI,AGL,CE,Federal Contract Tower,0,2,6,2,10,0,0,39,0,39,0,2,45,2,49,60,2,62,111
04/06/2018,JXN,MI,AGL,CE,Federal Contract Tower,0,1,6,0,7,0,1,17,0,18,0,2,23,0,25,20,0,20,45
04/07/2018,JXN,MI,AGL,CE,Federal Contract Tower,0,2,21,0,23,0,0,72,0,72,0,2,93,0,95,56,0,56,151
04/08/2018,JXN,MI,AGL,CE,Federal Contract Tower,0,2,21,0,23,0,0,74,0,74,0,2,95,0,97,28,0,28,125
04/09/2018,JXN,MI,AGL,CE,Federal Contract Tower,0,0,3,0,3,0,0,53,0,53,0,0,56,0,56,76,0,76,132
04/10/2018,JXN,MI,AGL,CE,Federal Contract Tower,0,1,6,1,8,0,0,60,4,64,0,1,66,5,72,106,2,108,180
04/11/2018,JXN,MI,AGL,CE,Federal Contract Tower,0,0,0,0,0,0,0,8,0,8,0,0,8,0,8,8,0,8,16
04/12/2018,JXN,MI,AGL,CE,Federal Contract Tower,0,4,8,0,12,0,5,18,0,23,0,9,26,0,35,12,0,12,47
04/13/2018,JXN,MI,AGL,CE,Federal Contract Tower,0,2,6,3,11,0,0,26,4,30,0,2,32,7,41,42,4,46,87
04/14/2018,JXN,MI,AGL,CE,Federal Contract Tower,0,0,0,0,0,0,0,0,0,0,0,0,0,0,0,0,0,0,0
04/15/2018,JXN,MI,AGL,CE,Federal Contract Tower,0,0,1,0,1,0,0,0,0,0,0,0,1,0,1,0,0,0,1
04/16/2018,JXN,MI,AGL,CE,Federal Contract Tower,0,0,1,0,1,0,0,73,0,73,0,0,74,0,74,72,0,72,146
04/17/2018,JXN,MI,AGL,CE,Federal Contract Tower,0,2,2,0,4,0,0,54,0,54,0,2,56,0,58,92,0,92,150
04/18/2018,JXN,MI,AGL,CE,Federal Contract Tower,0,0,0,0,0,0,0,49,0,49,0,0,49,0,49,56,0,56,105
04/19/2018,JXN,MI,AGL,CE,Federal Contract Tower,0,3,7,0,10,0,2,53,0,55,0,5,60,0,65,68,0,68,133
04/20/2018,JXN,MI,AGL,CE,Federal Contract Tower,0,3,47,4,54,0,1,132,2,135,0,4,179,6,189,122,4,126,315
04/21/2018,JXN,MI,AGL,CE,Federal Contract Tower,0,1,14,0,15,0,0,74,0,74,0,1,88,0,89,26,0,26,115
04/22/2018,JXN,MI,AGL,CE,Federal Contract Tower,0,3,12,0,15,0,3,100,0,103,0,6,112,0,118,112,0,112,230
04/23/2018,JXN,MI,AGL,CE,Federal Contract Tower,0,4,18,0,22,0,2,78,0,80,0,6,96,0,102,64,0,64,166
04/24/2018,JXN,MI,AGL,CE,Federal Contract Tower,0,0,11,0,11,0,0,44,0,44,0,0,55,0,55,46,0,46,101
04/25/2018,JXN,MI,AGL,CE,Federal Contract Tower,0,0,14,0,14,0,0,51,0,51,0,0,65,0,65,46,0,46,111
04/26/2018,JXN,MI,AGL,CE,Federal Contract Tower,0,2,25,0,27,0,2,71,0,73,0,4,96,0,100,102,0,102,202
04/27/2018,JXN,MI,AGL,CE,Federal Contract Tower,0,2,15,0,17,0,2,35,0,37,0,4,50,0,54,8,0,8,62
04/28/2018,JXN,MI,AGL,CE,Federal Contract Tower,0,1,2,0,3,0,0,44,0,44,0,1,46,0,47,60,0,60,107
04/29/2018,JXN,MI,AGL,CE,Federal Contract Tower,0,0,24,2,26,0,0,77,4,81,0,0,101,6,107,66,4,70,177
04/30/2018,JXN,MI,AGL,CE,Federal Contract Tower,0,3,11,0,14,0,0,88,0,88,0,3,99,0,102,58,0,58,160
05/01/2018,JXN,MI,AGL,CE,Federal Contract Tower,0,0,8,0,8,0,0,64,0,64,0,0,72,0,72,70,0,70,142
05/02/2018,JXN,MI,AGL,CE,Federal Contract Tower,0,2,7,3,12,0,0,25,2,27,0,2,32,5,39,30,4,34,73
05/03/2018,JXN,MI,AGL,CE,Federal Contract Tower,0,2,4,0,6,0,1,2,0,3,0,3,6,0,9,0,0,0,9
05/04/2018,JXN,MI,AGL,CE,Federal Contract Tower,0,0,3,0,3,0,0,2,0,2,0,0,5,0,5,4,0,4,9
05/05/2018,JXN,MI,AGL,CE,Federal Contract Tower,0,0,23,0,23,0,0,87,0,87,0,0,110,0,110,74,0,74,184
05/06/2018,JXN,MI,AGL,CE,Federal Contract Tower,0,0,23,0,23,0,0,71,0,71,0,0,94,0,94,64,0,64,158
05/07/2018,JXN,MI,AGL,CE,Federal Contract Tower,0,3,11,0,14,0,0,69,0,69,0,3,80,0,83,82,0,82,165
05/08/2018,JXN,MI,AGL,CE,Federal Contract Tower,0,0,20,0,20,0,0,82,0,82,0,0,102,0,102,78,0,78,180
05/09/2018,JXN,MI,AGL,CE,Federal Contract Tower,0,3,10,1,14,0,0,34,1,35,0,3,44,2,49,38,2,40,89
05/10/2018,JXN,MI,AGL,CE,Federal Contract Tower,0,0,13,0,13,0,0,34,0,34,0,0,47,0,47,12,0,12,59
05/11/2018,JXN,MI,AGL,CE,Federal Contract Tower,0,0,5,0,5,0,0,2,0,2,0,0,7,0,7,0,0,0,7
05/12/2018,JXN,MI,AGL,CE,Federal Contract Tower,0,0,5,0,5,0,0,80,0,80,0,0,85,0,85,66,0,66,151
05/13/2018,JXN,MI,AGL,CE,Federal Contract Tower,0,0,13,0,13,0,0,82,0,82,0,0,95,0,95,68,0,68,163
05/14/2018,JXN,MI,AGL,CE,Federal Contract Tower,0,0,6,0,6,0,0,46,0,46,0,0,52,0,52,52,0,52,104
05/15/2018,JXN,MI,AGL,CE,Federal Contract Tower,0,1,8,0,9,0,0,77,0,77,0,1,85,0,86,74,0,74,160
05/16/2018,JXN,MI,AGL,CE,Federal Contract Tower,0,1,13,2,16,0,0,60,0,60,0,1,73,2,76,106,2,108,184
05/17/2018,JXN,MI,AGL,CE,Federal Contract Tower,0,4,11,0,15,0,2,56,0,58,0,6,67,0,73,48,0,48,121
05/18/2018,JXN,MI,AGL,CE,Federal Contract Tower,0,1,11,0,12,0,1,35,0,36,0,2,46,0,48,4,0,4,52
05/19/2018,JXN,MI,AGL,CE,Federal Contract Tower,0,0,5,0,5,0,0,66,0,66,0,0,71,0,71,48,0,48,119
05/20/2018,JXN,MI,AGL,CE,Federal Contract Tower,0,0,13,0,13,0,0,54,0,54,0,0,67,0,67,52,0,52,119
05/21/2018,JXN,MI,AGL,CE,Federal Contract Tower,0,0,2,0,2,0,0,16,0,16,0,0,18,0,18,12,0,12,30
05/22/2018,JXN,MI,AGL,CE,Federal Contract Tower,0,0,12,0,12,0,0,25,0,25,0,0,37,0,37,22,0,22,59
05/23/2018,JXN,MI,AGL,CE,Federal Contract Tower,0,5,24,0,29,0,2,53,0,55,0,7,77,0,84,138,0,138,222
05/24/2018,JXN,MI,AGL,CE,Federal Contract Tower,0,1,10,0,11,0,0,58,2,60,0,1,68,2,71,78,0,78,149
05/25/2018,JXN,MI,AGL,CE,Federal Contract Tower,0,3,16,0,19,0,0,70,0,70,0,3,86,0,89,102,0,102,191
05/26/2018,JXN,MI,AGL,CE,Federal Contract Tower,0,1,8,0,9,0,0,67,0,67,0,1,75,0,76,38,0,38,114
05/27/2018,JXN,MI,AGL,CE,Federal Contract Tower,0,0,16,0,16,0,0,149,0,149,0,0,165,0,165,28,0,28,193
05/28/2018,JXN,MI,AGL,CE,Federal Contract Tower,0,0,15,0,15,0,0,73,2,75,0,0,88,2,90,54,6,60,150
05/29/2018,JXN,MI,AGL,CE,Federal Contract Tower,0,1,3,0,4,0,0,47,0,47,0,1,50,0,51,70,0,70,121
05/30/2018,JXN,MI,AGL,CE,Federal Contract Tower,0,0,3,0,3,0,0,23,0,23,0,0,26,0,26,22,0,22,48
05/31/2018,JXN,MI,AGL,CE,Federal Contract Tower,0,0,6,0,6,0,0,24,0,24,0,0,30,0,30,22,0,22,52
06/01/2018,JXN,MI,AGL,CE,Federal Contract Tower,0,1,6,1,8,0,0,60,1,61,0,1,66,2,69,66,0,66,135
06/02/2018,JXN,MI,AGL,CE,Federal Contract Tower,0,0,6,0,6,0,0,66,0,66,0,0,72,0,72,66,0,66,138
06/03/2018,JXN,MI,AGL,CE,Federal Contract Tower,0,0,6,0,6,0,0,63,0,63,0,0,69,0,69,32,0,32,101
06/04/2018,JXN,MI,AGL,CE,Federal Contract Tower,0,3,13,0,16,0,1,28,0,29,0,4,41,0,45,16,0,16,61
06/05/2018,JXN,MI,AGL,CE,Federal Contract Tower,0,9,10,0,19,0,4,33,0,37,0,13,43,0,56,30,0,30,86
06/06/2018,JXN,MI,AGL,CE,Federal Contract Tower,0,7,11,0,18,0,2,57,0,59,0,9,68,0,77,24,0,24,101
06/07/2018,JXN,MI,AGL,CE,Federal Contract Tower,0,10,7,0,17,0,0,45,0,45,0,10,52,0,62,74,0,74,136
06/08/2018,JXN,MI,AGL,CE,Federal Contract Tower,0,2,5,0,7,0,0,39,0,39,0,2,44,0,46,26,0,26,72
06/09/2018,JXN,MI,AGL,CE,Federal Contract Tower,0,4,5,0,9,0,0,1,0,1,0,4,6,0,10,0,0,0,10
06/10/2018,JXN,MI,AGL,CE,Federal Contract Tower,0,1,6,2,9,0,0,3,1,4,0,1,9,3,13,0,0,0,13
06/11/2018,JXN,MI,AGL,CE,Federal Contract Tower,0,0,12,0,12,0,1,31,0,32,0,1,43,0,44,12,0,12,56
06/12/2018,JXN,MI,AGL,CE,Federal Contract Tower,0,4,15,0,19,0,1,12,0,13,0,5,27,0,32,4,0,4,36
06/13/2018,JXN,MI,AGL,CE,Federal Contract Tower,0,3,6,0,9,0,0,21,0,21,0,3,27,0,30,4,0,4,34
06/14/2018,JXN,MI,AGL,CE,Federal Contract Tower,0,0,8,0,8,0,0,62,2,64,0,0,70,2,72,38,0,38,110
06/15/2018,JXN,MI,AGL,CE,Federal Contract Tower,0,3,7,0,10,0,0,88,0,88,0,3,95,0,98,94,0,94,192
06/16/2018,JXN,MI,AGL,CE,Federal Contract Tower,0,0,13,0,13,0,0,95,0,95,0,0,108,0,108,74,0,74,182
06/17/2018,JXN,MI,AGL,CE,Federal Contract Tower,0,0,15,0,15,0,0,76,0,76,0,0,91,0,91,32,0,32,123
06/18/2018,JXN,MI,AGL,CE,Federal Contract Tower,0,0,14,0,14,0,0,20,0,20,0,0,34,0,34,22,0,22,56
06/19/2018,JXN,MI,AGL,CE,Federal Contract Tower,0,0,4,0,4,0,0,19,0,19,0,0,23,0,23,0,0,0,23
06/20/2018,JXN,MI,AGL,CE,Federal Contract Tower,0,0,21,0,21,0,0,77,0,77,0,0,98,0,98,82,0,82,180
06/21/2018,JXN,MI,AGL,CE,Federal Contract Tower,0,6,20,0,26,0,0,81,6,87,0,6,101,6,113,102,0,102,215
06/22/2018,JXN,MI,AGL,CE,Federal Contract Tower,0,0,9,0,9,0,0,42,0,42,0,0,51,0,51,42,0,42,93
06/23/2018,JXN,MI,AGL,CE,Federal Contract Tower,0,2,8,0,10,0,0,2,0,2,0,2,10,0,12,0,0,0,12
06/24/2018,JXN,MI,AGL,CE,Federal Contract Tower,0,0,21,0,21,0,0,14,0,14,0,0,35,0,35,10,0,10,45
06/25/2018,JXN,MI,AGL,CE,Federal Contract Tower,0,0,10,0,10,0,0,52,0,52,0,0,62,0,62,16,0,16,78
06/26/2018,JXN,MI,AGL,CE,Federal Contract Tower,0,0,12,0,12,0,0,46,0,46,0,0,58,0,58,70,0,70,128
06/27/2018,JXN,MI,AGL,CE,Federal Contract Tower,0,0,21,0,21,0,0,69,0,69,0,0,90,0,90,70,0,70,160
06/28/2018,JXN,MI,AGL,CE,Federal Contract Tower,0,1,15,0,16,0,0,85,0,85,0,1,100,0,101,90,0,90,191
06/29/2018,JXN,MI,AGL,CE,Federal Contract Tower,0,0,14,0,14,0,0,74,0,74,0,0,88,0,88,74,0,74,162
06/30/2018,JXN,MI,AGL,CE,Federal Contract Tower,0,0,14,0,14,0,0,73,0,73,0,0,87,0,87,28,0,28,115
07/01/2018,JXN,MI,AGL,CE,Federal Contract Tower,0,0,6,0,6,0,0,48,0,48,0,0,54,0,54,30,0,30,84
07/02/2018,JXN,MI,AGL,CE,Federal Contract Tower,0,0,12,0,12,0,0,39,0,39,0,0,51,0,51,64,0,64,115
07/03/2018,JXN,MI,AGL,CE,Federal Contract Tower,0,0,19,0,19,0,0,32,0,32,0,0,51,0,51,64,0,64,115
07/04/2018,JXN,MI,AGL,CE,Federal Contract Tower,0,0,3,0,3,0,0,76,0,76,0,0,79,0,79,78,0,78,157
07/05/2018,JXN,MI,AGL,CE,Federal Contract Tower,0,0,11,0,11,0,0,78,0,78,0,0,89,0,89,82,0,82,171
07/06/2018,JXN,MI,AGL,CE,Federal Contract Tower,0,1,6,0,7,0,0,102,0,102,0,1,108,0,109,80,0,80,189
07/07/2018,JXN,MI,AGL,CE,Federal Contract Tower,0,0,10,0,10,0,0,95,0,95,0,0,105,0,105,24,0,24,129
07/08/2018,JXN,MI,AGL,CE,Federal Contract Tower,0,1,9,0,10,0,2,58,0,60,0,3,67,0,70,22,0,22,92
07/09/2018,JXN,MI,AGL,CE,Federal Contract Tower,0,1,10,0,11,0,0,16,0,16,0,1,26,0,27,16,0,16,43
07/10/2018,JXN,MI,AGL,CE,Federal Contract Tower,0,0,6,0,6,0,0,28,0,28,0,0,34,0,34,24,0,24,58
07/11/2018,JXN,MI,AGL,CE,Federal Contract Tower,0,0,14,1,15,0,0,75,1,76,0,0,89,2,91,86,2,88,179
07/12/2018,JXN,MI,AGL,CE,Federal Contract Tower,0,0,16,4,20,0,0,70,10,80,0,0,86,14,100,92,0,92,192
07/13/2018,JXN,MI,AGL,CE,Federal Contract Tower,0,0,12,0,12,0,0,92,0,92,0,0,104,0,104,82,0,82,186
07/14/2018,JXN,MI,AGL,CE,Federal Contract Tower,0,0,26,0,26,0,0,69,0,69,0,0,95,0,95,54,0,54,149
07/15/2018,JXN,MI,AGL,CE,Federal Contract Tower,0,0,12,0,12,0,0,39,0,39,0,0,51,0,51,38,0,38,89
07/16/2018,JXN,MI,AGL,CE,Federal Contract Tower,0,1,12,0,13,0,0,60,0,60,0,1,72,0,73,96,0,96,169
07/17/2018,JXN,MI,AGL,CE,Federal Contract Tower,0,1,16,0,17,0,0,68,4,72,0,1,84,4,89,98,0,98,187
07/18/2018,JXN,MI,AGL,CE,Federal Contract Tower,0,1,3,0,4,0,0,80,0,80,0,1,83,0,84,100,0,100,184
07/19/2018,JXN,MI,AGL,CE,Federal Contract Tower,0,1,14,0,15,0,0,95,0,95,0,1,109,0,110,94,0,94,204
07/20/2018,JXN,MI,AGL,CE,Federal Contract Tower,0,2,4,0,6,0,0,22,0,22,0,2,26,0,28,50,0,50,78
07/22/2018,JXN,MI,AGL,CE,Federal Contract Tower,0,1,11,0,12,0,0,19,0,19,0,1,30,0,31,10,0,10,41
07/23/2018,JXN,MI,AGL,CE,Federal Contract Tower,0,5,13,0,18,0,0,65,0,65,0,5,78,0,83,94,0,94,177
07/24/2018,JXN,MI,AGL,CE,Federal Contract Tower,0,0,10,0,10,0,1,65,0,66,0,1,75,0,76,96,0,96,172
07/25/2018,JXN,MI,AGL,CE,Federal Contract Tower,0,0,16,0,16,0,1,68,1,70,0,1,84,1,86,34,2,36,122
07/26/2018,JXN,MI,AGL,CE,Federal Contract Tower,0,0,12,0,12,0,0,63,0,63,0,0,75,0,75,34,0,34,109
07/27/2018,JXN,MI,AGL,CE,Federal Contract Tower,0,1,11,0,12,0,0,44,0,44,0,1,55,0,56,78,0,78,134
07/28/2018,JXN,MI,AGL,CE,Federal Contract Tower,0,1,13,0,14,0,0,65,0,65,0,1,78,0,79,40,0,40,119
07/29/2018,JXN,MI,AGL,CE,Federal Contract Tower,0,0,5,0,5,0,0,41,0,41,0,0,46,0,46,36,0,36,82
07/30/2018,JXN,MI,AGL,CE,Federal Contract Tower,0,5,12,0,17,0,0,68,0,68,0,5,80,0,85,84,0,84,169
07/31/2018,JXN,MI,AGL,CE,Federal Contract Tower,0,0,8,0,8,0,2,68,0,70,0,2,76,0,78,90,0,90,168
08/01/2018,JXN,MI,AGL,CE,Federal Contract Tower,0,0,18,1,19,0,0,52,1,53,0,0,70,2,72,42,2,44,116
08/02/2018,JXN,MI,AGL,CE,Federal Contract Tower,0,2,10,0,12,0,1,76,0,77,0,3,86,0,89,128,0,128,217
08/03/2018,JXN,MI,AGL,CE,Federal Contract Tower,0,1,14,0,15,0,0,78,0,78,0,1,92,0,93,80,0,80,173
08/04/2018,JXN,MI,AGL,CE,Federal Contract Tower,0,2,9,0,11,0,0,64,0,64,0,2,73,0,75,40,0,40,115
08/05/2018,JXN,MI,AGL,CE,Federal Contract Tower,0,1,5,0,6,0,0,50,0,50,0,1,55,0,56,22,0,22,78
08/06/2018,JXN,MI,AGL,CE,Federal Contract Tower,0,2,7,0,9,0,6,75,0,81,0,8,82,0,90,68,0,68,158
08/07/2018,JXN,MI,AGL,CE,Federal Contract Tower,0,3,13,0,16,0,0,67,0,67,0,3,80,0,83,80,0,80,163
08/08/2018,JXN,MI,AGL,CE,Federal Contract Tower,0,4,23,0,27,0,1,71,0,72,0,5,94,0,99,76,0,76,175
08/09/2018,JXN,MI,AGL,CE,Federal Contract Tower,0,3,18,4,25,0,0,78,4,82,0,3,96,8,107,66,4,70,177
08/10/2018,JXN,MI,AGL,CE,Federal Contract Tower,0,3,10,0,13,0,0,65,0,65,0,3,75,0,78,92,0,92,170
08/11/2018,JXN,MI,AGL,CE,Federal Contract Tower,0,2,17,0,19,0,0,87,0,87,0,2,104,0,106,96,0,96,202
08/12/2018,JXN,MI,AGL,CE,Federal Contract Tower,0,5,22,0,27,0,2,79,0,81,0,7,101,0,108,62,0,62,170
08/13/2018,JXN,MI,AGL,CE,Federal Contract Tower,0,0,15,0,15,0,0,89,0,89,0,0,104,0,104,90,0,90,194
08/14/2018,JXN,MI,AGL,CE,Federal Contract Tower,0,3,12,0,15,0,0,77,0,77,0,3,89,0,92,82,0,82,174
08/15/2018,JXN,MI,AGL,CE,Federal Contract Tower,0,3,11,0,14,0,0,53,0,53,0,3,64,0,67,98,0,98,165
08/16/2018,JXN,MI,AGL,CE,Federal Contract Tower,0,1,14,0,15,0,0,3,0,3,0,1,17,0,18,6,0,6,24
08/17/2018,JXN,MI,AGL,CE,Federal Contract Tower,0,0,5,0,5,0,0,7,0,7,0,0,12,0,12,0,0,0,12
08/18/2018,JXN,MI,AGL,CE,Federal Contract Tower,0,0,16,0,16,0,0,83,0,83,0,0,99,0,99,48,0,48,147
08/19/2018,JXN,MI,AGL,CE,Federal Contract Tower,0,0,25,0,25,0,0,85,0,85,0,0,110,0,110,62,0,62,172
08/20/2018,JXN,MI,AGL,CE,Federal Contract Tower,0,2,5,0,7,0,0,64,0,64,0,2,69,0,71,58,0,58,129
08/21/2018,JXN,MI,AGL,CE,Federal Contract Tower,0,0,6,0,6,0,0,58,0,58,0,0,64,0,64,38,0,38,102
08/22/2018,JXN,MI,AGL,CE,Federal Contract Tower,0,2,5,1,8,0,0,45,1,46,0,2,50,2,54,86,2,88,142
08/23/2018,JXN,MI,AGL,CE,Federal Contract Tower,0,7,4,0,11,0,0,70,0,70,0,7,74,0,81,72,0,72,153
08/24/2018,JXN,MI,AGL,CE,Federal Contract Tower,0,1,5,0,6,0,0,37,0,37,0,1,42,0,43,46,0,46,89
08/25/2018,JXN,MI,AGL,CE,Federal Contract Tower,0,0,6,0,6,0,0,95,0,95,0,0,101,0,101,34,0,34,135
08/26/2018,JXN,MI,AGL,CE,Federal Contract Tower,0,0,9,0,9,0,0,84,0,84,0,0,93,0,93,52,0,52,145
08/27/2018,JXN,MI,AGL,CE,Federal Contract Tower,0,0,9,0,9,0,0,75,0,75,0,0,84,0,84,70,0,70,154
08/28/2018,JXN,MI,AGL,CE,Federal Contract Tower,0,0,4,0,4,0,0,72,0,72,0,0,76,0,76,68,0,68,144
08/29/2018,JXN,MI,AGL,CE,Federal Contract Tower,0,0,0,1,1,0,0,19,1,20,0,0,19,2,21,20,0,20,41
08/30/2018,JXN,MI,AGL,CE,Federal Contract Tower,0,0,27,0,27,0,0,68,0,68,0,0,95,0,95,52,0,52,147
08/31/2018,JXN,MI,AGL,CE,Federal Contract Tower,0,0,16,0,16,0,0,63,0,63,0,0,79,0,79,68,0,68,147
09/01/2018,JXN,MI,AGL,CE,Federal Contract Tower,0,0,4,0,4,0,0,80,0,80,0,0,84,0,84,42,0,42,126
09/02/2018,JXN,MI,AGL,CE,Federal Contract Tower,0,0,20,0,20,0,0,67,0,67,0,0,87,0,87,46,0,46,133
09/03/2018,JXN,MI,AGL,CE,Federal Contract Tower,0,0,12,0,12,0,0,50,0,50,0,0,62,0,62,40,0,40,102
09/04/2018,JXN,MI,AGL,CE,Federal Contract Tower,0,3,11,0,14,0,0,72,0,72,0,3,83,0,86,130,0,130,216
09/05/2018,JXN,MI,AGL,CE,Federal Contract Tower,0,2,7,0,9,0,0,44,0,44,0,2,51,0,53,50,0,50,103
09/06/2018,JXN,MI,AGL,CE,Federal Contract Tower,0,0,22,0,22,0,0,20,0,20,0,0,42,0,42,30,0,30,72
09/07/2018,JXN,MI,AGL,CE,Federal Contract Tower,0,0,10,0,10,0,0,52,0,52,0,0,62,0,62,48,0,48,110
09/08/2018,JXN,MI,AGL,CE,Federal Contract Tower,0,2,16,0,18,0,0,73,0,73,0,2,89,0,91,58,0,58,149
09/09/2018,JXN,MI,AGL,CE,Federal Contract Tower,0,0,7,0,7,0,0,64,0,64,0,0,71,0,71,40,0,40,111
09/10/2018,JXN,MI,AGL,CE,Federal Contract Tower,0,0,4,0,4,0,0,3,0,3,0,0,7,0,7,0,0,0,7
09/11/2018,JXN,MI,AGL,CE,Federal Contract Tower,0,0,20,0,20,0,0,46,0,46,0,0,66,0,66,58,0,58,124
09/12/2018,JXN,MI,AGL,CE,Federal Contract Tower,0,2,12,0,14,0,2,45,0,47,0,4,57,0,61,52,0,52,113
09/13/2018,JXN,MI,AGL,CE,Federal Contract Tower,0,0,9,0,9,0,0,36,0,36,0,0,45,0,45,92,0,92,137
09/14/2018,JXN,MI,AGL,CE,Federal Contract Tower,0,1,6,0,7,0,86,0,0,86,0,87,6,0,93,86,0,86,179
09/15/2018,JXN,MI,AGL,CE,Federal Contract Tower,0,0,5,0,5,0,0,82,0,82,0,0,87,0,87,50,0,50,137
09/16/2018,JXN,MI,AGL,CE,Federal Contract Tower,0,0,10,0,10,0,0,59,0,59,0,0,69,0,69,46,0,46,115
09/17/2018,JXN,MI,AGL,CE,Federal Contract Tower,0,1,17,0,18,0,0,50,0,50,0,1,67,0,68,104,0,104,172
09/18/2018,JXN,MI,AGL,CE,Federal Contract Tower,0,2,9,0,11,0,1,57,0,58,0,3,66,0,69,72,0,72,141
09/19/2018,JXN,MI,AGL,CE,Federal Contract Tower,0,1,8,0,9,0,0,27,2,29,0,1,35,2,38,16,0,16,54
09/20/2018,JXN,MI,AGL,CE,Federal Contract Tower,0,2,4,0,6,0,0,13,0,13,0,2,17,0,19,28,0,28,47
09/21/2018,JXN,MI,AGL,CE,Federal Contract Tower,0,7,12,0,19,0,0,79,0,79,0,7,91,0,98,50,0,50,148
09/22/2018,JXN,MI,AGL,CE,Federal Contract Tower,0,1,12,0,13,0,0,72,0,72,0,1,84,0,85,76,0,76,161
09/23/2018,JXN,MI,AGL,CE,Federal Contract Tower,0,2,11,0,13,0,0,98,0,98,0,2,109,0,111,122,0,122,233
09/24/2018,JXN,MI,AGL,CE,Federal Contract Tower,0,0,3,0,3,0,0,3,0,3,0,0,6,0,6,0,0,0,6
09/25/2018,JXN,MI,AGL,CE,Federal Contract Tower,0,2,1,0,3,0,0,4,0,4,0,2,5,0,7,22,0,22,29
09/26/2018,JXN,MI,AGL,CE,Federal Contract Tower,0,2,15,0,17,0,1,23,0,24,0,3,38,0,41,10,0,10,51
09/27/2018,JXN,MI,AGL,CE,Federal Contract Tower,0,2,18,0,20,0,0,67,0,67,0,2,85,0,87,124,2,126,213
09/28/2018,JXN,MI,AGL,CE,Federal Contract Tower,0,2,11,0,13,0,0,63,0,63,0,2,74,0,76,78,0,78,154
09/29/2018,JXN,MI,AGL,CE,Federal Contract Tower,0,4,21,0,25,0,0,82,0,82,0,4,103,0,107,112,0,112,219
09/30/2018,JXN,MI,AGL,CE,Federal Contract Tower,0,4,4,0,8,0,0,26,0,26,0,4,30,0,34,42,0,42,76
10/01/2018,JXN,MI,AGL,CE,Federal Contract Tower,0,1,3,0,4,0,0,0,0,0,0,1,3,0,4,0,0,0,4
10/02/2018,JXN,MI,AGL,CE,Federal Contract Tower,0,0,8,0,8,0,0,10,0,10,0,0,18,0,18,16,0,16,34
10/03/2018,JXN,MI,AGL,CE,Federal Contract Tower,0,0,4,0,4,0,0,34,0,34,0,0,38,0,38,26,0,26,64
10/04/2018,JXN,MI,AGL,CE,Federal Contract Tower,0,0,2,2,4,0,0,24,2,26,0,0,26,4,30,72,0,72,102
10/05/2018,JXN,MI,AGL,CE,Federal Contract Tower,0,4,2,0,6,0,0,64,0,64,0,4,66,0,70,68,0,68,138
10/06/2018,JXN,MI,AGL,CE,Federal Contract Tower,0,0,1,0,1,0,0,52,2,54,0,0,53,2,55,40,2,42,97
10/07/2018,JXN,MI,AGL,CE,Federal Contract Tower,0,0,13,0,13,0,0,0,0,0,0,0,13,0,13,0,0,0,13
10/08/2018,JXN,MI,AGL,CE,Federal Contract Tower,0,2,0,0,2,0,0,13,0,13,0,2,13,0,15,24,0,24,39
10/09/2018,JXN,MI,AGL,CE,Federal Contract Tower,0,1,10,0,11,0,0,33,0,33,0,1,43,0,44,46,0,46,90
10/10/2018,JXN,MI,AGL,CE,Federal Contract Tower,0,1,8,0,9,0,0,72,0,72,0,1,80,0,81,62,0,62,143
10/11/2018,JXN,MI,AGL,CE,Federal Contract Tower,0,1,10,0,11,0,2,88,0,90,0,3,98,0,101,62,0,62,163
10/12/2018,JXN,MI,AGL,CE,Federal Contract Tower,0,3,10,0,13,0,0,64,2,66,0,3,74,2,79,60,0,60,139
10/13/2018,JXN,MI,AGL,CE,Federal Contract Tower,0,1,13,0,14,0,0,100,0,100,0,1,113,0,114,52,0,52,166
10/14/2018,JXN,MI,AGL,CE,Federal Contract Tower,0,2,18,0,20,0,0,69,0,69,0,2,87,0,89,34,0,34,123
10/15/2018,JXN,MI,AGL,CE,Federal Contract Tower,0,1,3,0,4,0,0,0,0,0,0,1,3,0,4,0,0,0,4
10/16/2018,JXN,MI,AGL,CE,Federal Contract Tower,0,2,0,0,2,0,0,18,0,18,0,2,18,0,20,36,0,36,56
10/17/2018,JXN,MI,AGL,CE,Federal Contract Tower,0,0,8,1,9,0,0,64,2,66,0,0,72,3,75,72,2,74,149
10/18/2018,JXN,MI,AGL,CE,Federal Contract Tower,0,1,30,0,31,0,0,128,0,128,0,1,158,0,159,96,0,96,255
10/19/2018,JXN,MI,AGL,CE,Federal Contract Tower,0,3,6,0,9,0,0,45,0,45,0,3,51,0,54,80,0,80,134
10/20/2018,JXN,MI,AGL,CE,Federal Contract Tower,0,1,11,0,12,0,0,39,0,39,0,1,50,0,51,26,0,26,77
10/21/2018,JXN,MI,AGL,CE,Federal Contract Tower,0,1,3,0,4,0,1,70,0,71,0,2,73,0,75,26,0,26,101
10/22/2018,JXN,MI,AGL,CE,Federal Contract Tower,0,0,15,0,15,0,0,52,0,52,0,0,67,0,67,76,0,76,143
10/23/2018,JXN,MI,AGL,CE,Federal Contract Tower,0,0,4,0,4,0,0,22,0,22,0,0,26,0,26,26,0,26,52
10/24/2018,JXN,MI,AGL,CE,Federal Contract Tower,0,0,21,0,21,0,0,65,0,65,0,0,86,0,86,56,0,56,142
10/25/2018,JXN,MI,AGL,CE,Federal Contract Tower,0,0,24,2,26,0,0,78,2,80,0,0,102,4,106,86,0,86,192
10/26/2018,JXN,MI,AGL,CE,Federal Contract Tower,0,1,7,0,8,0,0,52,0,52,0,1,59,0,60,10,0,10,70
10/27/2018,JXN,MI,AGL,CE,Federal Contract Tower,0,0,0,0,0,0,0,6,0,6,0,0,6,0,6,0,0,0,6
10/28/2018,JXN,MI,AGL,CE,Federal Contract Tower,0,0,0,0,0,0,0,0,0,0,0,0,0,0,0,0,0,0,0
10/29/2018,JXN,MI,AGL,CE,Federal Contract Tower,0,1,11,0,12,0,0,18,0,18,0,1,29,0,30,42,0,42,72
10/30/2018,JXN,MI,AGL,CE,Federal Contract Tower,0,5,17,0,22,0,0,43,0,43,0,5,60,0,65,74,0,74,139
10/31/2018,JXN,MI,AGL,CE,Federal Contract Tower,0,0,6,4,10,0,0,68,0,68,0,0,74,4,78,74,0,74,152
11/01/2018,JXN,MI,AGL,CE,Federal Contract Tower,0,0,4,0,4,0,0,60,0,60,0,0,64,0,64,62,0,62,126
11/02/2018,JXN,MI,AGL,CE,Federal Contract Tower,0,3,9,0,12,0,0,68,0,68,0,3,77,0,80,62,0,62,142
11/03/2018,JXN,MI,AGL,CE,Federal Contract Tower,0,2,12,0,14,0,0,97,0,97,0,2,109,0,111,60,0,60,171
11/04/2018,JXN,MI,AGL,CE,Federal Contract Tower,0,1,5,0,6,0,0,22,0,22,0,1,27,0,28,0,0,0,28
11/05/2018,JXN,MI,AGL,CE,Federal Contract Tower,0,3,17,0,20,0,0,40,0,40,0,3,57,0,60,108,0,108,168
11/06/2018,JXN,MI,AGL,CE,Federal Contract Tower,0,3,1,0,4,0,0,45,0,45,0,3,46,0,49,48,0,48,97
11/07/2018,JXN,MI,AGL,CE,Federal Contract Tower,0,1,4,0,5,0,0,37,4,41,0,1,41,4,46,30,0,30,76
11/08/2018,JXN,MI,AGL,CE,Federal Contract Tower,0,1,15,0,16,0,0,77,0,77,0,1,92,0,93,96,0,96,189
11/09/2018,JXN,MI,AGL,CE,Federal Contract Tower,0,2,1,0,3,0,0,1,0,1,0,2,2,0,4,0,0,0,4
11/10/2018,JXN,MI,AGL,CE,Federal Contract Tower,0,0,1,0,1,0,0,4,0,4,0,0,5,0,5,4,0,4,9
11/11/2018,JXN,MI,AGL,CE,Federal Contract Tower,0,2,7,0,9,0,0,64,0,64,0,2,71,0,73,54,0,54,127
11/12/2018,JXN,MI,AGL,CE,Federal Contract Tower,0,2,11,0,13,0,0,66,0,66,0,2,77,0,79,80,0,80,159
11/13/2018,JXN,MI,AGL,CE,Federal Contract Tower,0,0,2,4,6,0,2,65,0,67,0,2,67,4,73,80,0,80,153
11/14/2018,JXN,MI,AGL,CE,Federal Contract Tower,0,1,24,0,25,0,0,68,2,70,0,1,92,2,95,88,2,90,185
11/15/2018,JXN,MI,AGL,CE,Federal Contract Tower,0,0,2,0,2,0,0,0,0,0,0,0,2,0,2,0,0,0,2
11/16/2018,JXN,MI,AGL,CE,Federal Contract Tower,0,2,0,0,2,0,0,0,0,0,0,2,0,0,2,0,0,0,2
11/17/2018,JXN,MI,AGL,CE,Federal Contract Tower,0,1,1,0,2,0,0,3,0,3,0,1,4,0,5,8,0,8,13
11/18/2018,JXN,MI,AGL,CE,Federal Contract Tower,0,2,4,0,6,0,0,3,0,3,0,2,7,0,9,8,0,8,17
11/19/2018,JXN,MI,AGL,CE,Federal Contract Tower,0,3,9,0,12,0,0,56,0,56,0,3,65,0,68,76,0,76,144
11/20/2018,JXN,MI,AGL,CE,Federal Contract Tower,0,2,14,0,16,0,0,62,0,62,0,2,76,0,78,88,0,88,166
11/21/2018,JXN,MI,AGL,CE,Federal Contract Tower,0,1,8,0,9,0,2,49,0,51,0,3,57,0,60,52,0,52,112
11/22/2018,JXN,MI,AGL,CE,Federal Contract Tower,0,1,2,0,3,0,0,12,0,12,0,1,14,0,15,18,0,18,33
11/23/2018,JXN,MI,AGL,CE,Federal Contract Tower,0,2,15,0,17,0,0,87,0,87,0,2,102,0,104,68,0,68,172
11/24/2018,JXN,MI,AGL,CE,Federal Contract Tower,0,1,1,0,2,0,0,0,0,0,0,1,1,0,2,0,0,0,2
11/25/2018,JXN,MI,AGL,CE,Federal Contract Tower,0,0,5,0,5,0,0,10,0,10,0,0,15,0,15,6,0,6,21
11/26/2018,JXN,MI,AGL,CE,Federal Contract Tower,0,0,0,0,0,0,0,45,0,45,0,0,45,0,45,58,0,58,103
11/27/2018,JXN,MI,AGL,CE,Federal Contract Tower,0,2,7,0,9,0,1,50,0,51,0,3,57,0,60,82,0,82,142
11/28/2018,JXN,MI,AGL,CE,Federal Contract Tower,0,1,3,0,4,0,0,37,0,37,0,1,40,0,41,52,0,52,93
11/29/2018,JXN,MI,AGL,CE,Federal Contract Tower,0,0,7,0,7,0,0,4,0,4,0,0,11,0,11,4,0,4,15
11/30/2018,JXN,MI,AGL,CE,Federal Contract Tower,0,1,7,0,8,0,0,44,0,44,0,1,51,0,52,62,0,62,114
12/01/2018,JXN,MI,AGL,CE,Federal Contract Tower,0,1,3,0,4,0,0,0,0,0,0,1,3,0,4,2,0,2,6
12/02/2018,JXN,MI,AGL,CE,Federal Contract Tower,0,0,0,0,0,0,0,59,0,59,0,0,59,0,59,52,0,52,111
12/03/2018,JXN,MI,AGL,CE,Federal Contract Tower,0,2,0,0,2,0,0,30,0,30,0,2,30,0,32,34,0,34,66
12/04/2018,JXN,MI,AGL,CE,Federal Contract Tower,0,1,12,0,13,0,0,77,0,77,0,1,89,0,90,134,0,134,224
12/05/2018,JXN,MI,AGL,CE,Federal Contract Tower,0,1,0,0,1,0,0,20,0,20,0,1,20,0,21,38,0,38,59
12/06/2018,JXN,MI,AGL,CE,Federal Contract Tower,0,6,0,0,6,0,4,14,0,18,0,10,14,0,24,8,0,8,32
12/07/2018,JXN,MI,AGL,CE,Federal Contract Tower,0,0,9,0,9,0,0,21,0,21,0,0,30,0,30,38,0,38,68
12/08/2018,JXN,MI,AGL,CE,Federal Contract Tower,0,0,26,0,26,0,0,101,0,101,0,0,127,0,127,66,0,66,193
12/09/2018,JXN,MI,AGL,CE,Federal Contract Tower,0,0,29,0,29,0,0,76,0,76,0,0,105,0,105,84,0,84,189
12/10/2018,JXN,MI,AGL,CE,Federal Contract Tower,0,5,2,0,7,0,0,29,0,29,0,5,31,0,36,110,0,110,146
12/11/2018,JXN,MI,AGL,CE,Federal Contract Tower,0,3,3,0,6,0,0,35,2,37,0,3,38,2,43,26,2,28,71
12/12/2018,JXN,MI,AGL,CE,Federal Contract Tower,0,1,4,0,5,0,1,28,0,29,0,2,32,0,34,32,0,32,66
12/13/2018,JXN,MI,AGL,CE,Federal Contract Tower,0,2,15,0,17,0,2,33,0,35,0,4,48,0,52,68,0,68,120
12/14/2018,JXN,MI,AGL,CE,Federal Contract Tower,0,2,10,0,12,0,0,0,0,0,0,2,10,0,12,2,0,2,14
12/15/2018,JXN,MI,AGL,CE,Federal Contract Tower,0,0,10,0,10,0,0,71,0,71,0,0,81,0,81,68,0,68,149
12/16/2018,JXN,MI,AGL,CE,Federal Contract Tower,0,0,4,0,4,0,0,37,0,37,0,0,41,0,41,40,0,40,81
12/17/2018,JXN,MI,AGL,CE,Federal Contract Tower,0,0,3,0,3,0,0,54,0,54,0,0,57,0,57,82,0,82,139
12/18/2018,JXN,MI,AGL,CE,Federal Contract Tower,0,0,20,0,20,0,1,69,0,70,0,1,89,0,90,174,0,174,264
12/19/2018,JXN,MI,AGL,CE,Federal Contract Tower,0,1,18,0,19,0,1,75,3,79,0,2,93,3,98,54,0,54,152
12/20/2018,JXN,MI,AGL,CE,Federal Contract Tower,0,2,6,0,8,0,0,0,0,0,0,2,6,0,8,0,0,0,8
12/21/2018,JXN,MI,AGL,CE,Federal Contract Tower,0,3,0,0,3,0,0,0,0,0,0,3,0,0,3,0,0,0,3
12/22/2018,JXN,MI,AGL,CE,Federal Contract Tower,0,6,3,0,9,0,2,14,0,16,0,8,17,0,25,10,0,10,35
12/23/2018,JXN,MI,AGL,CE,Federal Contract Tower,0,0,6,0,6,0,1,45,0,46,0,1,51,0,52,54,0,54,106
12/24/2018,JXN,MI,AGL,CE,Federal Contract Tower,0,1,9,2,12,0,0,22,0,22,0,1,31,2,34,14,2,16,50
12/25/2018,JXN,MI,AGL,CE,Federal Contract Tower,0,0,0,0,0,0,0,4,0,4,0,0,4,0,4,2,0,2,6
12/26/2018,JXN,MI,AGL,CE,Federal Contract Tower,0,1,8,0,9,0,1,67,0,68,0,2,75,0,77,126,0,126,203
12/27/2018,JXN,MI,AGL,CE,Federal Contract Tower,0,5,1,0,6,0,0,0,0,0,0,5,1,0,6,0,0,0,6
12/28/2018,JXN,MI,AGL,CE,Federal Contract Tower,0,1,13,0,14,0,0,13,0,13,0,1,26,0,27,6,0,6,33
12/29/2018,JXN,MI,AGL,CE,Federal Contract Tower,0,0,1,0,1,0,1,30,0,31,0,1,31,0,32,24,0,24,56
12/30/2018,JXN,MI,AGL,CE,Federal Contract Tower,0,0,11,0,11,0,0,81,0,81,0,0,92,0,92,12,0,12,104
12/31/2018,JXN,MI,AGL,CE,Federal Contract Tower,0,1,0,0,1,0,0,0,0,0,0,1,0,0,1,0,0,0,1
01/01/2019,JXN,MI,AGL,CE,Federal Contract Tower,0,1,0,0,1,0,0,0,0,0,0,1,0,0,1,0,0,0,1
01/02/2019,JXN,MI,AGL,CE,Federal Contract Tower,0,5,1,0,6,0,0,0,0,0,0,5,1,0,6,0,0,0,6
01/03/2019,JXN,MI,AGL,CE,Federal Contract Tower,1,3,1,0,5,0,4,59,2,65,1,7,60,2,70,94,2,96,166
01/04/2019,JXN,MI,AGL,CE,Federal Contract Tower,0,2,16,0,18,0,0,95,0,95,0,2,111,0,113,56,0,56,169
01/05/2019,JXN,MI,AGL,CE,Federal Contract Tower,0,0,6,0,6,0,0,94,0,94,0,0,100,0,100,100,0,100,200
01/06/2019,JXN,MI,AGL,CE,Federal Contract Tower,0,0,12,0,12,0,0,86,0,86,0,0,98,0,98,70,0,70,168
01/07/2019,JXN,MI,AGL,CE,Federal Contract Tower,0,1,0,0,1,0,0,1,0,1,0,1,1,0,2,0,0,0,2
01/08/2019,JXN,MI,AGL,CE,Federal Contract Tower,0,5,2,0,7,0,1,19,0,20,0,6,21,0,27,28,0,28,55
01/09/2019,JXN,MI,AGL,CE,Federal Contract Tower,0,2,0,0,2,0,0,0,0,0,0,2,0,0,2,0,0,0,2
01/10/2019,JXN,MI,AGL,CE,Federal Contract Tower,1,1,10,0,12,0,0,32,2,34,1,1,42,2,46,78,0,78,124
01/11/2019,JXN,MI,AGL,CE,Federal Contract Tower,0,3,16,0,19,0,3,51,0,54,0,6,67,0,73,60,0,60,133
01/12/2019,JXN,MI,AGL,CE,Federal Contract Tower,0,2,0,0,2,0,0,69,0,69,0,2,69,0,71,32,0,32,103
01/13/2019,JXN,MI,AGL,CE,Federal Contract Tower,0,0,19,0,19,0,0,96,0,96,0,0,115,0,115,98,0,98,213
01/14/2019,JXN,MI,AGL,CE,Federal Contract Tower,0,1,0,0,1,0,3,47,0,50,0,4,47,0,51,90,0,90,141
01/15/2019,JXN,MI,AGL,CE,Federal Contract Tower,0,0,0,0,0,0,0,0,0,0,0,0,0,0,0,0,0,0,0
01/16/2019,JXN,MI,AGL,CE,Federal Contract Tower,0,1,6,0,7,0,0,32,2,34,0,1,38,2,41,58,0,58,99
01/17/2019,JXN,MI,AGL,CE,Federal Contract Tower,0,3,0,0,3,0,3,10,0,13,0,6,10,0,16,20,0,20,36
01/18/2019,JXN,MI,AGL,CE,Federal Contract Tower,0,5,1,0,6,0,0,23,0,23,0,5,24,0,29,76,0,76,105
01/19/2019,JXN,MI,AGL,CE,Federal Contract Tower,0,3,3,0,6,0,0,6,0,6,0,3,9,0,12,0,0,0,12
01/20/2019,JXN,MI,AGL,CE,Federal Contract Tower,0,4,2,0,6,0,0,17,0,17,0,4,19,0,23,46,0,46,69
01/21/2019,JXN,MI,AGL,CE,Federal Contract Tower,0,4,15,0,19,0,2,45,1,48,0,6,60,1,67,56,0,56,123
01/22/2019,JXN,MI,AGL,CE,Federal Contract Tower,0,3,2,0,5,0,0,25,0,25,0,3,27,0,30,36,0,36,66
01/23/2019,JXN,MI,AGL,CE,Federal Contract Tower,0,1,0,0,1,0,0,0,0,0,0,1,0,0,1,0,0,0,1
01/24/2019,JXN,MI,AGL,CE,Federal Contract Tower,0,0,2,0,2,0,3,15,0,18,0,3,17,0,20,40,0,40,60
01/25/2019,JXN,MI,AGL,CE,Federal Contract Tower,0,4,1,0,5,0,0,0,0,0,0,4,1,0,5,2,0,2,7
01/26/2019,JXN,MI,AGL,CE,Federal Contract Tower,0,2,13,0,15,0,0,63,0,63,0,2,76,0,78,56,0,56,134
01/27/2019,JXN,MI,AGL,CE,Federal Contract Tower,0,0,0,0,0,0,0,3,0,3,0,0,3,0,3,12,0,12,15
01/28/2019,JXN,MI,AGL,CE,Federal Contract Tower,0,0,0,0,0,0,0,0,0,0,0,0,0,0,0,0,0,0,0
01/29/2019,JXN,MI,AGL,CE,Federal Contract Tower,0,2,0,0,2,0,0,0,0,0,0,2,0,0,2,0,0,0,2
01/30/2019,JXN,MI,AGL,CE,Federal Contract Tower,0,2,2,0,4,0,0,0,0,0,0,2,2,0,4,0,0,0,4
01/31/2019,JXN,MI,AGL,CE,Federal Contract Tower,0,1,7,0,8,0,0,3,0,3,0,1,10,0,11,0,0,0,11
02/01/2019,JXN,MI,AGL,CE,Federal Contract Tower,0,0,8,0,8,0,0,30,0,30,0,0,38,0,38,48,0,48,86
02/02/2019,JXN,MI,AGL,CE,Federal Contract Tower,0,0,5,0,5,0,0,55,0,55,0,0,60,0,60,74,0,74,134
02/03/2019,JXN,MI,AGL,CE,Federal Contract Tower,0,0,6,0,6,0,0,47,0,47,0,0,53,0,53,30,0,30,83
02/04/2019,JXN,MI,AGL,CE,Federal Contract Tower,0,0,0,0,0,0,0,6,0,6,0,0,6,0,6,2,0,2,8
02/05/2019,JXN,MI,AGL,CE,Federal Contract Tower,1,7,0,0,8,0,1,21,0,22,1,8,21,0,30,22,0,22,52
02/06/2019,JXN,MI,AGL,CE,Federal Contract Tower,0,0,0,0,0,0,0,0,0,0,0,0,0,0,0,0,0,0,0
02/07/2019,JXN,MI,AGL,CE,Federal Contract Tower,0,0,0,0,0,0,0,0,0,0,0,0,0,0,0,0,0,0,0
02/08/2019,JXN,MI,AGL,CE,Federal Contract Tower,1,0,0,0,1,0,0,7,0,7,1,0,7,0,8,8,0,8,16
02/09/2019,JXN,MI,AGL,CE,Federal Contract Tower,0,3,27,0,30,0,0,107,0,107,0,3,134,0,137,80,0,80,217
02/10/2019,JXN,MI,AGL,CE,Federal Contract Tower,0,2,0,0,2,0,0,70,0,70,0,2,70,0,72,46,0,46,118
02/11/2019,JXN,MI,AGL,CE,Federal Contract Tower,0,3,2,0,5,0,0,23,0,23,0,3,25,0,28,24,0,24,52
02/12/2019,JXN,MI,AGL,CE,Federal Contract Tower,0,1,0,0,1,0,0,0,0,0,0,1,0,0,1,0,0,0,1
02/13/2019,JXN,MI,AGL,CE,Federal Contract Tower,0,1,2,2,5,0,0,0,0,0,0,1,2,2,5,0,0,0,5
02/14/2019,JXN,MI,AGL,CE,Federal Contract Tower,0,1,6,0,7,0,0,22,0,22,0,1,28,0,29,22,0,22,51
02/15/2019,JXN,MI,AGL,CE,Federal Contract Tower,0,0,0,0,0,0,0,21,0,21,0,0,21,0,21,12,0,12,33
02/16/2019,JXN,MI,AGL,CE,Federal Contract Tower,0,2,4,0,6,0,0,57,0,57,0,2,61,0,63,42,0,42,105
02/17/2019,JXN,MI,AGL,CE,Federal Contract Tower,0,0,5,0,5,0,0,48,0,48,0,0,53,0,53,22,0,22,75
02/18/2019,JXN,MI,AGL,CE,Federal Contract Tower,0,0,8,0,8,0,0,25,0,25,0,0,33,0,33,54,0,54,87
02/19/2019,JXN,MI,AGL,CE,Federal Contract Tower,0,3,9,2,14,0,0,34,2,36,0,3,43,4,50,32,4,36,86
02/20/2019,JXN,MI,AGL,CE,Federal Contract Tower,0,1,0,0,1,0,0,0,0,0,0,1,0,0,1,0,0,0,1
02/21/2019,JXN,MI,AGL,CE,Federal Contract Tower,0,0,7,0,7,0,0,23,0,23,0,0,30,0,30,70,0,70,100
02/22/2019,JXN,MI,AGL,CE,Federal Contract Tower,0,6,15,0,21,0,0,102,2,104,0,6,117,2,125,88,0,88,213
02/23/2019,JXN,MI,AGL,CE,Federal Contract Tower,0,0,10,0,10,0,0,55,0,55,0,0,65,0,65,42,0,42,107
02/24/2019,JXN,MI,AGL,CE,Federal Contract Tower,0,1,0,0,1,0,0,0,0,0,0,1,0,0,1,0,0,0,1
02/25/2019,JXN,MI,AGL,CE,Federal Contract Tower,0,6,6,0,12,0,1,10,0,11,0,7,16,0,23,6,0,6,29
02/26/2019,JXN,MI,AGL,CE,Federal Contract Tower,0,2,9,2,13,0,0,28,0,28,0,2,37,2,41,30,0,30,71
02/27/2019,JXN,MI,AGL,CE,Federal Contract Tower,0,1,0,0,1,0,0,27,0,27,0,1,27,0,28,50,0,50,78
02/28/2019,JXN,MI,AGL,CE,Federal Contract Tower,0,1,6,0,7,0,0,46,0,46,0,1,52,0,53,62,0,62,115
03/01/2019,JXN,MI,AGL,CE,Federal Contract Tower,0,2,19,0,21,0,0,85,0,85,0,2,104,0,106,96,0,96,202
03/02/2019,JXN,MI,AGL,CE,Federal Contract Tower,0,0,1,0,1,0,0,41,0,41,0,0,42,0,42,32,0,32,74
03/03/2019,JXN,MI,AGL,CE,Federal Contract Tower,0,0,10,0,10,0,0,39,0,39,0,0,49,0,49,44,0,44,93
03/04/2019,JXN,MI,AGL,CE,Federal Contract Tower,0,1,0,0,1,0,0,3,0,3,0,1,3,0,4,0,0,0,4
03/05/2019,JXN,MI,AGL,CE,Federal Contract Tower,0,1,5,0,6,0,0,6,0,6,0,1,11,0,12,8,0,8,20
03/06/2019,JXN,MI,AGL,CE,Federal Contract Tower,0,0,10,0,10,0,0,55,0,55,0,0,65,0,65,68,0,68,133
03/07/2019,JXN,MI,AGL,CE,Federal Contract Tower,0,2,22,2,26,0,0,70,0,70,0,2,92,2,96,110,0,110,206
03/08/2019,JXN,MI,AGL,CE,Federal Contract Tower,0,2,4,0,6,0,0,69,0,69,0,2,73,0,75,110,0,110,185
03/09/2019,JXN,MI,AGL,CE,Federal Contract Tower,0,0,23,0,23,0,0,61,0,61,0,0,84,0,84,40,0,40,124
03/10/2019,JXN,MI,AGL,CE,Federal Contract Tower,0,2,0,0,2,0,0,3,0,3,0,2,3,0,5,4,0,4,9
03/11/2019,JXN,MI,AGL,CE,Federal Contract Tower,0,3,12,0,15,0,0,39,0,39,0,3,51,0,54,22,0,22,76
03/12/2019,JXN,MI,AGL,CE,Federal Contract Tower,0,0,24,0,24,0,0,75,0,75,0,0,99,0,99,100,0,100,199
03/13/2019,JXN,MI,AGL,CE,Federal Contract Tower,0,0,4,0,4,0,0,22,0,22,0,0,26,0,26,66,0,66,92
03/14/2019,JXN,MI,AGL,CE,Federal Contract Tower,0,2,1,0,3,0,2,2,0,4,0,4,3,0,7,60,0,60,67
03/15/2019,JXN,MI,AGL,CE,Federal Contract Tower,0,4,0,0,4,0,0,34,0,34,0,4,34,0,38,44,0,44,82
03/16/2019,JXN,MI,AGL,CE,Federal Contract Tower,0,0,8,0,8,0,0,60,0,60,0,0,68,0,68,50,0,50,118
03/17/2019,JXN,MI,AGL,CE,Federal Contract Tower,0,0,10,0,10,0,0,119,0,119,0,0,129,0,129,44,0,44,173
03/18/2019,JXN,MI,AGL,CE,Federal Contract Tower,0,5,9,0,14,0,0,38,0,38,0,5,47,0,52,58,0,58,110
03/19/2019,JXN,MI,AGL,CE,Federal Contract Tower,6,3,18,0,27,0,1,62,0,63,6,4,80,0,90,73,0,73,163
03/20/2019,JXN,MI,AGL,CE,Federal Contract Tower,0,2,9,0,11,0,0,49,0,49,0,2,58,0,60,72,0,72,132
03/21/2019,JXN,MI,AGL,CE,Federal Contract Tower,0,1,5,0,6,0,0,55,0,55,0,1,60,0,61,72,0,72,133
03/22/2019,JXN,MI,AGL,CE,Federal Contract Tower,0,4,0,0,4,0,0,30,0,30,0,4,30,0,34,42,0,42,76
03/23/2019,JXN,MI,AGL,CE,Federal Contract Tower,0,0,24,0,24,0,0,127,0,127,0,0,151,0,151,84,0,84,235
03/24/2019,JXN,MI,AGL,CE,Federal Contract Tower,0,0,18,0,18,0,0,81,0,81,0,0,99,0,99,74,0,74,173
03/25/2019,JXN,MI,AGL,CE,Federal Contract Tower,0,8,6,0,14,0,2,62,0,64,0,10,68,0,78,78,0,78,156
03/26/2019,JXN,MI,AGL,CE,Federal Contract Tower,0,2,13,0,15,0,0,88,0,88,0,2,101,0,103,70,0,70,173
03/27/2019,JXN,MI,AGL,CE,Federal Contract Tower,0,1,12,0,13,0,0,63,3,66,0,1,75,3,79,104,0,104,183
03/28/2019,JXN,MI,AGL,CE,Federal Contract Tower,0,6,12,0,18,0,0,54,0,54,0,6,66,0,72,72,0,72,144
03/29/2019,JXN,MI,AGL,CE,Federal Contract Tower,0,2,11,0,13,0,0,43,0,43,0,2,54,0,56,46,0,46,102
03/30/2019,JXN,MI,AGL,CE,Federal Contract Tower,0,1,0,0,1,0,0,0,0,0,0,1,0,0,1,0,0,0,1
03/31/2019,JXN,MI,AGL,CE,Federal Contract Tower,0,1,7,0,8,0,0,26,0,26,0,1,33,0,34,2,0,2,36
04/01/2019,JXN,MI,AGL,CE,Federal Contract Tower,0,0,15,0,15,0,0,50,0,50,0,0,65,0,65,74,0,74,139
04/02/2019,JXN,MI,AGL,CE,Federal Contract Tower,0,0,11,1,12,0,0,72,1,73,0,0,83,2,85,62,0,62,147
04/03/2019,JXN,MI,AGL,CE,Federal Contract Tower,0,0,4,0,4,0,0,43,0,43,0,0,47,0,47,44,0,44,91
04/04/2019,JXN,MI,AGL,CE,Federal Contract Tower,0,0,9,0,9,0,0,35,0,35,0,0,44,0,44,76,0,76,120
04/05/2019,JXN,MI,AGL,CE,Federal Contract Tower,0,3,16,0,19,0,0,59,0,59,0,3,75,0,78,96,0,96,174
04/06/2019,JXN,MI,AGL,CE,Federal Contract Tower,0,0,26,0,26,0,0,73,1,74,0,0,99,1,100,36,0,36,136
04/07/2019,JXN,MI,AGL,CE,Federal Contract Tower,0,0,17,0,17,0,0,42,0,42,0,0,59,0,59,28,0,28,87
04/08/2019,JXN,MI,AGL,CE,Federal Contract Tower,0,1,7,0,8,0,0,62,0,62,0,1,69,0,70,98,0,98,168
04/09/2019,JXN,MI,AGL,CE,Federal Contract Tower,0,6,12,0,18,0,6,45,2,53,0,12,57,2,71,66,4,70,141
04/10/2019,JXN,MI,AGL,CE,Federal Contract Tower,0,1,6,0,7,0,0,46,0,46,0,1,52,0,53,66,0,66,119
04/11/2019,JXN,MI,AGL,CE,Federal Contract Tower,0,1,5,0,6,0,0,11,2,13,0,1,16,2,19,16,6,22,41
04/12/2019,JXN,MI,AGL,CE,Federal Contract Tower,0,1,6,0,7,0,0,19,2,21,0,1,25,2,28,22,2,24,52
04/13/2019,JXN,MI,AGL,CE,Federal Contract Tower,0,2,7,0,9,0,0,57,0,57,0,2,64,0,66,42,0,42,108
04/14/2019,JXN,MI,AGL,CE,Federal Contract Tower,2,0,0,0,2,0,0,0,0,0,2,0,0,0,2,0,0,0,2
04/15/2019,JXN,MI,AGL,CE,Federal Contract Tower,0,1,8,0,9,0,1,27,0,28,0,2,35,0,37,20,0,20,57
04/16/2019,JXN,MI,AGL,CE,Federal Contract Tower,0,1,12,0,13,0,1,49,0,50,0,2,61,0,63,70,0,70,133
04/17/2019,JXN,MI,AGL,CE,Federal Contract Tower,0,4,18,0,22,0,0,25,0,25,0,4,43,0,47,56,0,56,103
04/18/2019,JXN,MI,AGL,CE,Federal Contract Tower,0,5,2,0,7,0,0,0,0,0,0,5,2,0,7,0,0,0,7
04/19/2019,JXN,MI,AGL,CE,Federal Contract Tower,0,4,4,2,10,0,0,6,2,8,0,4,10,4,18,8,4,12,30
04/21/2019,JXN,MI,AGL,CE,Federal Contract Tower,0,0,11,0,11,0,0,97,0,97,0,0,108,0,108,84,0,84,192
04/22/2019,JXN,MI,AGL,CE,Federal Contract Tower,0,3,19,0,22,0,0,68,0,68,0,3,87,0,90,80,0,80,170
04/23/2019,JXN,MI,AGL,CE,Federal Contract Tower,0,2,6,0,8,0,0,56,0,56,0,2,62,0,64,70,0,70,134
04/24/2019,JXN,MI,AGL,CE,Federal Contract Tower,0,2,10,0,12,0,0,93,0,93,0,2,103,0,105,108,0,108,213
04/25/2019,JXN,MI,AGL,CE,Federal Contract Tower,0,7,6,0,13,0,1,61,0,62,0,8,67,0,75,88,0,88,163
04/27/2019,JXN,MI,AGL,CE,Federal Contract Tower,1,1,11,0,13,0,0,63,0,63,1,1,74,0,76,100,0,100,176
04/28/2019,JXN,MI,AGL,CE,Federal Contract Tower,0,0,19,0,19,0,0,91,0,91,0,0,110,0,110,94,0,94,204
04/29/2019,JXN,MI,AGL,CE,Federal Contract Tower,0,1,5,0,6,0,0,29,0,29,0,1,34,0,35,42,0,42,77
04/30/2019,JXN,MI,AGL,CE,Federal Contract Tower,0,1,0,0,1,0,0,30,2,32,0,1,30,2,33,50,2,52,85
05/01/2019,JXN,MI,AGL,CE,Federal Contract Tower,0,0,8,0,8,0,0,31,0,31,0,0,39,0,39,40,0,40,79
05/02/2019,JXN,MI,AGL,CE,Federal Contract Tower,2,5,0,0,7,0,3,5,0,8,2,8,5,0,15,0,0,0,15
05/03/2019,JXN,MI,AGL,CE,Federal Contract Tower,0,4,2,0,6,0,0,9,0,9,0,4,11,0,15,36,0,36,51
05/04/2019,JXN,MI,AGL,CE,Federal Contract Tower,0,1,21,0,22,0,0,131,0,131,0,1,152,0,153,106,0,106,259
05/05/2019,JXN,MI,AGL,CE,Federal Contract Tower,0,0,11,0,11,0,0,130,0,130,0,0,141,0,141,130,0,130,271
05/06/2019,JXN,MI,AGL,CE,Federal Contract Tower,6,1,2,0,9,0,0,41,0,41,6,1,43,0,50,56,0,56,106
05/07/2019,JXN,MI,AGL,CE,Federal Contract Tower,0,3,11,0,14,0,1,34,0,35,0,4,45,0,49,42,0,42,91
05/08/2019,JXN,MI,AGL,CE,Federal Contract Tower,0,0,7,0,7,0,1,46,0,47,0,1,53,0,54,54,0,54,108
05/09/2019,JXN,MI,AGL,CE,Federal Contract Tower,0,9,4,2,15,0,3,16,0,19,0,12,20,2,34,14,2,16,50
05/10/2019,JXN,MI,AGL,CE,Federal Contract Tower,0,6,9,0,15,0,0,23,0,23,0,6,32,0,38,48,0,48,86
05/11/2019,JXN,MI,AGL,CE,Federal Contract Tower,0,4,31,0,35,0,0,74,0,74,0,4,105,0,109,66,0,66,175
05/12/2019,JXN,MI,AGL,CE,Federal Contract Tower,0,1,10,0,11,0,0,73,0,73,0,1,83,0,84,64,0,64,148
05/13/2019,JXN,MI,AGL,CE,Federal Contract Tower,0,1,20,0,21,0,0,57,0,57,0,1,77,0,78,112,0,112,190
05/14/2019,JXN,MI,AGL,CE,Federal Contract Tower,0,1,14,0,15,0,2,98,0,100,0,3,112,0,115,92,0,92,207
05/15/2019,JXN,MI,AGL,CE,Federal Contract Tower,0,3,15,0,18,0,0,48,2,50,0,3,63,2,68,66,0,66,134
05/16/2019,JXN,MI,AGL,CE,Federal Contract Tower,0,5,11,0,16,0,1,33,0,34,0,6,44,0,50,50,0,50,100
05/17/2019,JXN,MI,AGL,CE,Federal Contract Tower,0,3,4,0,7,0,0,34,0,34,0,3,38,0,41,62,0,62,103
05/18/2019,JXN,MI,AGL,CE,Federal Contract Tower,0,0,19,0,19,0,0,66,0,66,0,0,85,0,85,106,0,106,191
05/19/2019,JXN,MI,AGL,CE,Federal Contract Tower,0,0,3,0,3,0,0,64,0,64,0,0,67,0,67,48,0,48,115
05/20/2019,JXN,MI,AGL,CE,Federal Contract Tower,0,1,0,0,1,0,0,41,0,41,0,1,41,0,42,60,0,60,102
05/21/2019,JXN,MI,AGL,CE,Federal Contract Tower,0,1,8,0,9,0,0,73,6,79,0,1,81,6,88,106,16,122,210
05/22/2019,JXN,MI,AGL,CE,Federal Contract Tower,0,1,4,0,5,0,0,25,0,25,0,1,29,0,30,62,0,62,92
05/23/2019,JXN,MI,AGL,CE,Federal Contract Tower,0,1,1,0,2,0,0,4,0,4,0,1,5,0,6,0,0,0,6
05/24/2019,JXN,MI,AGL,CE,Federal Contract Tower,0,3,6,0,9,0,0,62,0,62,0,3,68,0,71,98,0,98,169
05/25/2019,JXN,MI,AGL,CE,Federal Contract Tower,0,0,3,0,3,0,0,69,0,69,0,0,72,0,72,32,0,32,104
05/26/2019,JXN,MI,AGL,CE,Federal Contract Tower,0,2,11,0,13,0,0,85,0,85,0,2,96,0,98,50,0,50,148
05/27/2019,JXN,MI,AGL,CE,Federal Contract Tower,0,1,18,0,19,0,0,76,1,77,0,1,94,1,96,80,2,82,178
05/28/2019,JXN,MI,AGL,CE,Federal Contract Tower,0,4,11,0,15,0,0,25,0,25,0,4,36,0,40,32,0,32,72
05/29/2019,JXN,MI,AGL,CE,Federal Contract Tower,0,5,6,1,12,0,0,7,1,8,0,5,13,2,20,2,0,2,22
05/30/2019,JXN,MI,AGL,CE,Federal Contract Tower,0,0,6,0,6,0,0,6,0,6,0,0,12,0,12,0,0,0,12
05/31/2019,JXN,MI,AGL,CE,Federal Contract Tower,0,1,22,0,23,0,0,115,0,115,0,1,137,0,138,112,0,112,250
06/01/2019,JXN,MI,AGL,CE,Federal Contract Tower,0,1,4,0,5,0,0,50,0,50,0,1,54,0,55,72,0,72,127
06/02/2019,JXN,MI,AGL,CE,Federal Contract Tower,0,1,21,0,22,0,0,70,0,70,0,1,91,0,92,54,0,54,146
06/03/2019,JXN,MI,AGL,CE,Federal Contract Tower,0,5,10,0,15,0,0,84,0,84,0,5,94,0,99,126,0,126,225
06/04/2019,JXN,MI,AGL,CE,Federal Contract Tower,0,1,10,0,11,0,0,40,0,40,0,1,50,0,51,64,0,64,115
06/05/2019,JXN,MI,AGL,CE,Federal Contract Tower,0,0,5,0,5,0,0,6,0,6,0,0,11,0,11,20,0,20,31
06/06/2019,JXN,MI,AGL,CE,Federal Contract Tower,0,1,7,0,8,0,1,21,2,24,0,2,28,2,32,10,0,10,42
06/07/2019,JXN,MI,AGL,CE,Federal Contract Tower,0,8,14,0,22,0,0,96,0,96,0,8,110,0,118,98,0,98,216
06/08/2019,JXN,MI,AGL,CE,Federal Contract Tower,0,2,6,0,8,0,2,108,0,110,0,4,114,0,118,54,0,54,172
06/09/2019,JXN,MI,AGL,CE,Federal Contract Tower,0,11,20,0,31,0,0,38,0,38,0,11,58,0,69,46,0,46,115
06/10/2019,JXN,MI,AGL,CE,Federal Contract Tower,0,6,0,0,6,0,0,1,0,1,0,6,1,0,7,0,0,0,7
06/11/2019,JXN,MI,AGL,CE,Federal Contract Tower,0,5,7,0,12,0,0,102,0,102,0,5,109,0,114,110,0,110,224
06/12/2019,JXN,MI,AGL,CE,Federal Contract Tower,5,2,10,0,17,5,0,33,0,38,10,2,43,0,55,34,0,34,89
06/13/2019,JXN,MI,AGL,CE,Federal Contract Tower,4,4,7,2,17,0,1,6,0,7,4,5,13,2,24,4,0,4,28
06/14/2019,JXN,MI,AGL,CE,Federal Contract Tower,4,3,20,0,27,0,0,55,0,55,4,3,75,0,82,64,0,64,146
06/15/2019,JXN,MI,AGL,CE,Federal Contract Tower,0,2,4,0,6,0,0,43,0,43,0,2,47,0,49,26,0,26,75
06/16/2019,JXN,MI,AGL,CE,Federal Contract Tower,0,2,13,0,15,0,0,0,0,0,0,2,13,0,15,2,0,2,17
06/17/2019,JXN,MI,AGL,CE,Federal Contract Tower,0,2,9,0,11,0,0,25,0,25,0,2,34,0,36,76,0,76,112
06/18/2019,JXN,MI,AGL,CE,Federal Contract Tower,0,1,11,0,12,0,0,64,0,64,0,1,75,0,76,64,0,64,140
06/19/2019,JXN,MI,AGL,CE,Federal Contract Tower,0,1,7,0,8,0,0,51,0,51,0,1,58,0,59,56,0,56,115
06/20/2019,JXN,MI,AGL,CE,Federal Contract Tower,0,3,10,0,13,0,0,55,0,55,0,3,65,0,68,50,0,50,118
06/21/2019,JXN,MI,AGL,CE,Federal Contract Tower,0,4,20,0,24,0,0,104,0,104,0,4,124,0,128,92,0,92,220
06/22/2019,JXN,MI,AGL,CE,Federal Contract Tower,0,2,8,0,10,0,2,94,0,96,0,4,102,0,106,42,0,42,148
06/23/2019,JXN,MI,AGL,CE,Federal Contract Tower,0,0,12,0,12,0,1,95,0,96,0,1,107,0,108,52,0,52,160
06/24/2019,JXN,MI,AGL,CE,Federal Contract Tower,0,1,7,0,8,0,0,3,0,3,0,1,10,0,11,8,0,8,19
06/25/2019,JXN,MI,AGL,CE,Federal Contract Tower,0,1,17,0,18,0,0,50,0,50,0,1,67,0,68,54,0,54,122
06/26/2019,JXN,MI,AGL,CE,Federal Contract Tower,0,1,27,0,28,0,0,79,0,79,0,1,106,0,107,70,0,70,177
06/27/2019,JXN,MI,AGL,CE,Federal Contract Tower,0,3,16,0,19,0,0,82,0,82,0,3,98,0,101,84,0,84,185
06/28/2019,JXN,MI,AGL,CE,Federal Contract Tower,0,5,13,0,18,0,0,54,0,54,0,5,67,0,72,68,0,68,140
06/29/2019,JXN,MI,AGL,CE,Federal Contract Tower,0,2,13,0,15,0,2,51,0,53,0,4,64,0,68,56,0,56,124
06/30/2019,JXN,MI,AGL,CE,Federal Contract Tower,0,1,22,0,23,0,2,104,0,106,0,3,126,0,129,72,0,72,201
07/01/2019,JXN,MI,AGL,CE,Federal Contract Tower,0,3,10,0,13,0,8,38,0,46,0,11,48,0,59,90,0,90,149
07/02/2019,JXN,MI,AGL,CE,Federal Contract Tower,0,1,3,0,4,0,1,35,0,36,0,2,38,0,40,34,0,34,74
07/03/2019,JXN,MI,AGL,CE,Federal Contract Tower,0,2,14,0,16,0,0,54,0,54,0,2,68,0,70,76,0,76,146
07/04/2019,JXN,MI,AGL,CE,Federal Contract Tower,0,0,0,0,0,0,0,50,0,50,0,0,50,0,50,82,0,82,132
07/05/2019,JXN,MI,AGL,CE,Federal Contract Tower,0,1,14,0,15,0,0,51,0,51,0,1,65,0,66,56,0,56,122
07/06/2019,JXN,MI,AGL,CE,Federal Contract Tower,0,0,9,0,9,0,0,38,0,38,0,0,47,0,47,24,0,24,71
07/07/2019,JXN,MI,AGL,CE,Federal Contract Tower,0,5,23,0,28,0,0,78,0,78,0,5,101,0,106,44,0,44,150
07/08/2019,JXN,MI,AGL,CE,Federal Contract Tower,0,10,23,0,33,0,0,74,0,74,0,10,97,0,107,98,0,98,205
07/09/2019,JXN,MI,AGL,CE,Federal Contract Tower,0,4,6,2,12,0,1,74,2,77,0,5,80,4,89,86,0,86,175
07/11/2019,JXN,MI,AGL,CE,Federal Contract Tower,0,7,17,0,24,0,0,79,0,79,0,7,96,0,103,82,0,82,185
07/12/2019,JXN,MI,AGL,CE,Federal Contract Tower,0,1,8,0,9,0,0,84,0,84,0,1,92,0,93,56,0,56,149
07/13/2019,JXN,MI,AGL,CE,Federal Contract Tower,0,0,6,0,6,0,0,89,1,90,0,0,95,1,96,84,2,86,182
07/14/2019,JXN,MI,AGL,CE,Federal Contract Tower,0,0,9,0,9,0,0,81,0,81,0,0,90,0,90,58,0,58,148
07/15/2019,JXN,MI,AGL,CE,Federal Contract Tower,0,2,10,0,12,0,2,54,2,58,0,4,64,2,70,46,0,46,116
07/16/2019,JXN,MI,AGL,CE,Federal Contract Tower,0,1,1,0,2,0,0,22,0,22,0,1,23,0,24,6,0,6,30
07/17/2019,JXN,MI,AGL,CE,Federal Contract Tower,0,0,17,0,17,0,0,33,0,33,0,0,50,0,50,30,0,30,80
07/18/2019,JXN,MI,AGL,CE,Federal Contract Tower,0,2,4,0,6,0,5,21,0,26,0,7,25,0,32,40,0,40,72
07/19/2019,JXN,MI,AGL,CE,Federal Contract Tower,0,1,26,0,27,0,0,79,0,79,0,1,105,0,106,90,0,90,196
07/20/2019,JXN,MI,AGL,CE,Federal Contract Tower,0,1,7,0,8,0,0,49,0,49,0,1,56,0,57,68,0,68,125
07/21/2019,JXN,MI,AGL,CE,Federal Contract Tower,0,4,12,0,16,0,0,14,0,14,0,4,26,0,30,24,0,24,54
07/22/2019,JXN,MI,AGL,CE,Federal Contract Tower,0,4,5,0,9,0,0,66,0,66,0,4,71,0,75,100,0,100,175
07/23/2019,JXN,MI,AGL,CE,Federal Contract Tower,0,1,26,0,27,0,0,76,0,76,0,1,102,0,103,76,0,76,179
07/24/2019,JXN,MI,AGL,CE,Federal Contract Tower,0,0,15,2,17,0,0,59,0,59,0,0,74,2,76,68,0,68,144
07/25/2019,JXN,MI,AGL,CE,Federal Contract Tower,0,0,20,0,20,0,0,76,0,76,0,0,96,0,96,42,0,42,138
07/26/2019,JXN,MI,AGL,CE,Federal Contract Tower,0,6,19,0,25,0,1,79,0,80,0,7,98,0,105,78,2,80,185
07/27/2019,JXN,MI,AGL,CE,Federal Contract Tower,0,1,12,0,13,0,0,56,0,56,0,1,68,0,69,34,0,34,103
07/28/2019,JXN,MI,AGL,CE,Federal Contract Tower,0,0,5,0,5,0,0,58,0,58,0,0,63,0,63,34,0,34,97
07/29/2019,JXN,MI,AGL,CE,Federal Contract Tower,0,1,6,0,7,0,0,15,0,15,0,1,21,0,22,4,0,4,26
07/30/2019,JXN,MI,AGL,CE,Federal Contract Tower,0,2,23,0,25,0,2,73,0,75,0,4,96,0,100,78,0,78,178
07/31/2019,JXN,MI,AGL,CE,Federal Contract Tower,0,0,14,0,14,0,0,102,0,102,0,0,116,0,116,74,0,74,190
08/01/2019,JXN,MI,AGL,CE,Federal Contract Tower,0,4,10,0,14,0,2,96,0,98,0,6,106,0,112,70,0,70,182
08/02/2019,JXN,MI,AGL,CE,Federal Contract Tower,0,4,16,0,20,0,1,102,0,103,0,5,118,0,123,86,0,86,209
08/03/2019,JXN,MI,AGL,CE,Federal Contract Tower,0,3,9,0,12,0,2,76,0,78,0,5,85,0,90,70,0,70,160
08/04/2019,JXN,MI,AGL,CE,Federal Contract Tower,0,3,15,0,18,0,1,79,0,80,0,4,94,0,98,60,0,60,158
08/05/2019,JXN,MI,AGL,CE,Federal Contract Tower,0,10,17,0,27,0,0,58,0,58,0,10,75,0,85,80,0,80,165
08/06/2019,JXN,MI,AGL,CE,Federal Contract Tower,0,2,4,2,8,0,0,55,2,57,0,2,59,4,65,52,2,54,119
08/07/2019,JXN,MI,AGL,CE,Federal Contract Tower,0,0,28,0,28,0,0,77,0,77,0,0,105,0,105,74,0,74,179
08/08/2019,JXN,MI,AGL,CE,Federal Contract Tower,12,7,17,0,36,0,1,49,0,50,12,8,66,0,86,68,0,68,154
08/09/2019,JXN,MI,AGL,CE,Federal Contract Tower,0,6,14,0,20,0,4,92,0,96,0,10,106,0,116,78,0,78,194
08/10/2019,JXN,MI,AGL,CE,Federal Contract Tower,0,2,13,0,15,0,0,118,0,118,0,2,131,0,133,66,0,66,199
08/11/2019,JXN,MI,AGL,CE,Federal Contract Tower,0,3,11,0,14,0,0,88,0,88,0,3,99,0,102,58,0,58,160
08/12/2019,JXN,MI,AGL,CE,Federal Contract Tower,0,3,3,0,6,0,0,52,0,52,0,3,55,0,58,90,0,90,148
08/13/2019,JXN,MI,AGL,CE,Federal Contract Tower,0,1,9,0,10,0,1,57,0,58,0,2,66,0,68,60,0,60,128
08/14/2019,JXN,MI,AGL,CE,Federal Contract Tower,0,1,16,0,17,0,0,90,0,90,0,1,106,0,107,100,0,100,207
08/15/2019,JXN,MI,AGL,CE,Federal Contract Tower,0,4,4,0,8,0,2,58,0,60,0,6,62,0,68,68,0,68,136
08/16/2019,JXN,MI,AGL,CE,Federal Contract Tower,0,1,19,0,20,0,0,42,0,42,0,1,61,0,62,36,0,36,98
08/17/2019,JXN,MI,AGL,CE,Federal Contract Tower,0,0,14,0,14,0,0,89,0,89,0,0,103,0,103,56,0,56,159
08/18/2019,JXN,MI,AGL,CE,Federal Contract Tower,0,0,6,0,6,0,0,59,0,59,0,0,65,0,65,62,0,62,127
08/19/2019,JXN,MI,AGL,CE,Federal Contract Tower,0,1,20,0,21,0,0,60,0,60,0,1,80,0,81,68,0,68,149
08/20/2019,JXN,MI,AGL,CE,Federal Contract Tower,0,2,4,0,6,0,0,41,0,41,0,2,45,0,47,52,0,52,99
08/21/2019,JXN,MI,AGL,CE,Federal Contract Tower,0,0,6,0,6,0,0,52,0,52,0,0,58,0,58,78,0,78,136
08/22/2019,JXN,MI,AGL,CE,Federal Contract Tower,0,3,4,0,7,0,3,63,0,66,0,6,67,0,73,106,0,106,179
08/23/2019,JXN,MI,AGL,CE,Federal Contract Tower,0,7,18,0,25,0,1,82,0,83,0,8,100,0,108,52,0,52,160
08/24/2019,JXN,MI,AGL,CE,Federal Contract Tower,0,0,15,0,15,0,0,94,0,94,0,0,109,0,109,72,0,72,181
08/25/2019,JXN,MI,AGL,CE,Federal Contract Tower,0,0,11,0,11,0,0,88,0,88,0,0,99,0,99,62,0,62,161
08/26/2019,JXN,MI,AGL,CE,Federal Contract Tower,0,0,6,0,6,0,0,25,0,25,0,0,31,0,31,32,0,32,63
08/27/2019,JXN,MI,AGL,CE,Federal Contract Tower,0,1,22,0,23,0,1,51,0,52,0,2,73,0,75,84,0,84,159
08/28/2019,JXN,MI,AGL,CE,Federal Contract Tower,0,1,27,0,28,0,1,53,0,54,0,2,80,0,82,50,0,50,132
08/29/2019,JXN,MI,AGL,CE,Federal Contract Tower,0,8,13,0,21,0,0,51,0,51,0,8,64,0,72,68,0,68,140
08/30/2019,JXN,MI,AGL,CE,Federal Contract Tower,0,0,9,0,9,0,0,92,0,92,0,0,101,0,101,60,0,60,161
08/31/2019,JXN,MI,AGL,CE,Federal Contract Tower,0,0,8,0,8,0,0,73,0,73,0,0,81,0,81,48,0,48,129
09/01/2019,JXN,MI,AGL,CE,Federal Contract Tower,0,0,3,0,3,0,0,36,0,36,0,0,39,0,39,56,0,56,95
09/02/2019,JXN,MI,AGL,CE,Federal Contract Tower,0,1,10,0,11,0,0,52,0,52,0,1,62,0,63,30,0,30,93
09/03/2019,JXN,MI,AGL,CE,Federal Contract Tower,0,3,1,0,4,0,0,7,0,7,0,3,8,0,11,4,0,4,15
09/04/2019,JXN,MI,AGL,CE,Federal Contract Tower,0,0,13,0,13,0,2,71,1,74,0,2,84,1,87,64,0,64,151
09/05/2019,JXN,MI,AGL,CE,Federal Contract Tower,0,0,21,0,21,0,0,66,0,66,0,0,87,0,87,88,0,88,175
09/06/2019,JXN,MI,AGL,CE,Federal Contract Tower,0,1,11,0,12,0,0,30,0,30,0,1,41,0,42,20,0,20,62
09/07/2019,JXN,MI,AGL,CE,Federal Contract Tower,0,0,22,0,22,0,0,88,0,88,0,0,110,0,110,48,0,48,158
09/08/2019,JXN,MI,AGL,CE,Federal Contract Tower,0,0,21,0,21,0,0,86,0,86,0,0,107,0,107,50,0,50,157
09/09/2019,JXN,MI,AGL,CE,Federal Contract Tower,0,1,19,0,20,0,0,57,0,57,0,1,76,0,77,64,0,64,141
09/10/2019,JXN,MI,AGL,CE,Federal Contract Tower,0,2,22,0,24,0,1,58,2,61,0,3,80,2,85,66,10,76,161
09/11/2019,JXN,MI,AGL,CE,Federal Contract Tower,0,2,4,0,6,0,0,35,3,38,0,2,39,3,44,50,14,64,108
09/12/2019,JXN,MI,AGL,CE,Federal Contract Tower,0,8,8,0,16,0,0,2,0,2,0,8,10,0,18,0,0,0,18
09/13/2019,JXN,MI,AGL,CE,Federal Contract Tower,0,0,16,0,16,0,0,81,0,81,0,0,97,0,97,66,0,66,163
09/14/2019,JXN,MI,AGL,CE,Federal Contract Tower,0,2,24,0,26,0,0,93,0,93,0,2,117,0,119,36,0,36,155
09/15/2019,JXN,MI,AGL,CE,Federal Contract Tower,0,0,0,0,0,0,0,63,0,63,0,0,63,0,63,28,0,28,91
09/16/2019,JXN,MI,AGL,CE,Federal Contract Tower,0,0,5,0,5,0,2,49,0,51,0,2,54,0,56,38,0,38,94
09/17/2019,JXN,MI,AGL,CE,Federal Contract Tower,0,1,8,0,9,0,0,40,4,44,0,1,48,4,53,74,0,74,127
09/18/2019,JXN,MI,AGL,CE,Federal Contract Tower,0,0,27,0,27,0,0,85,2,87,0,0,112,2,114,86,0,86,200
09/19/2019,JXN,MI,AGL,CE,Federal Contract Tower,0,0,17,0,17,0,0,87,2,89,0,0,104,2,106,70,8,78,184
09/20/2019,JXN,MI,AGL,CE,Federal Contract Tower,0,3,17,0,20,0,0,64,0,64,0,3,81,0,84,60,0,60,144
09/21/2019,JXN,MI,AGL,CE,Federal Contract Tower,0,5,11,0,16,0,0,53,0,53,0,5,64,0,69,48,0,48,117
09/22/2019,JXN,MI,AGL,CE,Federal Contract Tower,0,4,22,0,26,0,0,58,0,58,0,4,80,0,84,38,0,38,122
09/23/2019,JXN,MI,AGL,CE,Federal Contract Tower,0,1,12,0,13,0,0,59,2,61,0,1,71,2,74,48,2,50,124
09/24/2019,JXN,MI,AGL,CE,Federal Contract Tower,0,2,24,0,26,0,0,74,2,76,0,2,98,2,102,120,0,120,222
09/25/2019,JXN,MI,AGL,CE,Federal Contract Tower,0,0,8,0,8,0,0,29,5,34,0,0,37,5,42,6,10,16,58
09/26/2019,JXN,MI,AGL,CE,Federal Contract Tower,0,2,14,0,16,0,0,34,0,34,0,2,48,0,50,24,0,24,74
09/27/2019,JXN,MI,AGL,CE,Federal Contract Tower,0,4,9,0,13,0,0,46,0,46,0,4,55,0,59,52,0,52,111
09/28/2019,JXN,MI,AGL,CE,Federal Contract Tower,0,0,28,0,28,0,0,24,0,24,0,0,52,0,52,34,0,34,86
09/29/2019,JXN,MI,AGL,CE,Federal Contract Tower,0,0,9,0,9,0,0,7,0,7,0,0,16,0,16,14,0,14,30
09/30/2019,JXN,MI,AGL,CE,Federal Contract Tower,0,2,0,0,2,0,0,32,0,32,0,2,32,0,34,64,0,64,98
10/01/2019,JXN,MI,AGL,CE,Federal Contract Tower,0,3,23,0,26,0,0,82,4,86,0,3,105,4,112,84,0,84,196
10/02/2019,JXN,MI,AGL,CE,Federal Contract Tower,17,4,6,0,27,0,0,0,0,0,17,4,6,0,27,22,0,22,49
10/03/2019,JXN,MI,AGL,CE,Federal Contract Tower,0,2,8,0,10,0,0,0,0,0,0,2,8,0,10,6,0,6,16
10/04/2019,JXN,MI,AGL,CE,Federal Contract Tower,0,4,30,0,34,0,0,81,0,81,0,4,111,0,115,54,0,54,169
10/05/2019,JXN,MI,AGL,CE,Federal Contract Tower,0,4,16,0,20,0,0,67,0,67,0,4,83,0,87,52,0,52,139
10/06/2019,JXN,MI,AGL,CE,Federal Contract Tower,0,2,28,0,30,0,0,89,0,89,0,2,117,0,119,70,0,70,189
10/07/2019,JXN,MI,AGL,CE,Federal Contract Tower,0,4,15,0,19,0,0,62,4,66,0,4,77,4,85,70,4,74,159
10/08/2019,JXN,MI,AGL,CE,Federal Contract Tower,0,1,4,0,5,0,0,62,0,62,0,1,66,0,67,106,0,106,173
10/09/2019,JXN,MI,AGL,CE,Federal Contract Tower,0,0,21,0,21,0,0,59,0,59,0,0,80,0,80,74,0,74,154
10/10/2019,JXN,MI,AGL,CE,Federal Contract Tower,0,0,4,0,4,0,0,56,2,58,0,0,60,2,62,78,0,78,140
10/11/2019,JXN,MI,AGL,CE,Federal Contract Tower,0,0,2,0,2,0,0,43,0,43,0,0,45,0,45,44,0,44,89
10/12/2019,JXN,MI,AGL,CE,Federal Contract Tower,0,2,6,0,8,0,0,49,0,49,0,2,55,0,57,26,0,26,83
10/13/2019,JXN,MI,AGL,CE,Federal Contract Tower,0,0,13,0,13,0,0,59,0,59,0,0,72,0,72,42,0,42,114
10/14/2019,JXN,MI,AGL,CE,Federal Contract Tower,0,1,16,0,17,0,0,30,0,30,0,1,46,0,47,52,0,52,99
10/15/2019,JXN,MI,AGL,CE,Federal Contract Tower,0,2,8,0,10,0,0,43,0,43,0,2,51,0,53,70,0,70,123
10/16/2019,JXN,MI,AGL,CE,Federal Contract Tower,0,3,13,0,16,0,0,25,0,25,0,3,38,0,41,38,0,38,79
10/17/2019,JXN,MI,AGL,CE,Federal Contract Tower,0,0,5,0,5,0,2,36,2,40,0,2,41,2,45,70,0,70,115
10/18/2019,JXN,MI,AGL,CE,Federal Contract Tower,0,0,10,0,10,0,1,78,4,83,0,1,88,4,93,48,10,58,151
10/19/2019,JXN,MI,AGL,CE,Federal Contract Tower,0,0,10,0,10,0,0,118,0,118,0,0,128,0,128,100,0,100,228
10/20/2019,JXN,MI,AGL,CE,Federal Contract Tower,0,0,6,0,6,0,0,124,0,124,0,0,130,0,130,80,0,80,210
10/21/2019,JXN,MI,AGL,CE,Federal Contract Tower,0,0,1,0,1,0,0,32,0,32,0,0,33,0,33,20,0,20,53
10/22/2019,JXN,MI,AGL,CE,Federal Contract Tower,0,4,2,0,6,0,0,11,0,11,0,4,13,0,17,0,0,0,17
10/23/2019,JXN,MI,AGL,CE,Federal Contract Tower,0,6,3,0,9,0,0,49,0,49,0,6,52,0,58,44,0,44,102
10/24/2019,JXN,MI,AGL,CE,Federal Contract Tower,0,0,5,0,5,0,0,55,0,55,0,0,60,0,60,72,0,72,132
10/25/2019,JXN,MI,AGL,CE,Federal Contract Tower,0,3,9,0,12,0,0,77,8,85,0,3,86,8,97,66,6,72,169
10/26/2019,JXN,MI,AGL,CE,Federal Contract Tower,0,0,7,0,7,0,0,51,0,51,0,0,58,0,58,20,0,20,78
10/27/2019,JXN,MI,AGL,CE,Federal Contract Tower,0,4,5,0,9,0,0,8,0,8,0,4,13,0,17,16,0,16,33
10/28/2019,JXN,MI,AGL,CE,Federal Contract Tower,0,19,4,0,23,0,0,61,0,61,0,19,65,0,84,68,0,68,152
10/29/2019,JXN,MI,AGL,CE,Federal Contract Tower,0,3,15,0,18,0,0,5,0,5,0,3,20,0,23,0,0,0,23
10/30/2019,JXN,MI,AGL,CE,Federal Contract Tower,0,0,8,0,8,0,0,8,0,8,0,0,16,0,16,16,0,16,32
10/31/2019,JXN,MI,AGL,CE,Federal Contract Tower,0,0,2,0,2,0,0,20,0,20,0,0,22,0,22,26,0,26,48
11/01/2019,JXN,MI,AGL,CE,Federal Contract Tower,0,2,11,1,14,0,0,70,1,71,0,2,81,2,85,70,0,70,155
11/02/2019,JXN,MI,AGL,CE,Federal Contract Tower,0,4,5,0,9,0,0,27,0,27,0,4,32,0,36,18,0,18,54
11/03/2019,JXN,MI,AGL,CE,Federal Contract Tower,0,1,15,0,16,0,0,99,2,101,0,1,114,2,117,90,0,90,207
11/04/2019,JXN,MI,AGL,CE,Federal Contract Tower,0,2,8,0,10,0,0,51,0,51,0,2,59,0,61,54,0,54,115
11/05/2019,JXN,MI,AGL,CE,Federal Contract Tower,0,5,6,0,11,0,0,42,0,42,0,5,48,0,53,54,0,54,107
11/06/2019,JXN,MI,AGL,CE,Federal Contract Tower,0,1,8,0,9,0,0,21,0,21,0,1,29,0,30,14,0,14,44
11/07/2019,JXN,MI,AGL,CE,Federal Contract Tower,0,1,10,0,11,0,1,49,0,50,0,2,59,0,61,56,0,56,117
11/08/2019,JXN,MI,AGL,CE,Federal Contract Tower,0,1,13,0,14,0,0,92,0,92,0,1,105,0,106,94,0,94,200
11/09/2019,JXN,MI,AGL,CE,Federal Contract Tower,0,2,14,0,16,0,0,83,0,83,0,2,97,0,99,64,0,64,163
11/10/2019,JXN,MI,AGL,CE,Federal Contract Tower,0,4,2,0,6,0,0,27,0,27,0,4,29,0,33,28,0,28,61
11/11/2019,JXN,MI,AGL,CE,Federal Contract Tower,0,1,1,0,2,0,0,1,0,1,0,1,2,0,3,0,0,0,3
11/12/2019,JXN,MI,AGL,CE,Federal Contract Tower,0,2,16,0,18,0,0,42,0,42,0,2,58,0,60,66,0,66,126
11/13/2019,JXN,MI,AGL,CE,Federal Contract Tower,0,0,0,0,0,0,0,34,0,34,0,0,34,0,34,42,0,42,76
11/14/2019,JXN,MI,AGL,CE,Federal Contract Tower,0,1,1,0,2,0,1,1,0,2,0,2,2,0,4,0,0,0,4
11/15/2019,JXN,MI,AGL,CE,Federal Contract Tower,0,2,0,0,2,0,0,20,0,20,0,2,20,0,22,18,0,18,40
11/16/2019,JXN,MI,AGL,CE,Federal Contract Tower,0,0,19,0,19,0,0,100,0,100,0,0,119,0,119,100,0,100,219
11/17/2019,JXN,MI,AGL,CE,Federal Contract Tower,0,0,28,0,28,0,0,91,0,91,0,0,119,0,119,74,0,74,193
11/18/2019,JXN,MI,AGL,CE,Federal Contract Tower,0,0,7,0,7,0,0,42,0,42,0,0,49,0,49,54,0,54,103
11/19/2019,JXN,MI,AGL,CE,Federal Contract Tower,0,4,4,0,8,0,0,40,0,40,0,4,44,0,48,62,0,62,110
11/20/2019,JXN,MI,AGL,CE,Federal Contract Tower,0,3,11,0,14,0,0,11,0,11,0,3,22,0,25,6,0,6,31
11/21/2019,JXN,MI,AGL,CE,Federal Contract Tower,0,0,1,0,1,0,0,0,0,0,0,0,1,0,1,0,0,0,1
11/22/2019,JXN,MI,AGL,CE,Federal Contract Tower,0,0,3,0,3,0,0,75,0,75,0,0,78,0,78,80,0,80,158
11/23/2019,JXN,MI,AGL,CE,Federal Contract Tower,0,0,38,0,38,0,0,100,0,100,0,0,138,0,138,86,0,86,224
11/24/2019,JXN,MI,AGL,CE,Federal Contract Tower,0,1,7,0,8,0,0,34,0,34,0,1,41,0,42,36,0,36,78
11/25/2019,JXN,MI,AGL,CE,Federal Contract Tower,0,3,7,0,10,0,0,48,0,48,0,3,55,0,58,64,0,64,122
11/26/2019,JXN,MI,AGL,CE,Federal Contract Tower,0,3,5,0,8,0,0,47,0,47,0,3,52,0,55,82,0,82,137
11/27/2019,JXN,MI,AGL,CE,Federal Contract Tower,0,0,0,0,0,0,0,0,0,0,0,0,0,0,0,0,0,0,0
11/28/2019,JXN,MI,AGL,CE,Federal Contract Tower,0,0,0,0,0,0,0,0,0,0,0,0,0,0,0,0,0,0,0
11/29/2019,JXN,MI,AGL,CE,Federal Contract Tower,0,0,4,0,4,0,0,35,0,35,0,0,39,0,39,28,0,28,67
11/30/2019,JXN,MI,AGL,CE,Federal Contract Tower,0,0,2,0,2,0,0,15,0,15,0,0,17,0,17,6,0,6,23
12/01/2019,JXN,MI,AGL,CE,Federal Contract Tower,0,9,1,0,10,0,0,6,0,6,0,9,7,0,16,4,0,4,20
12/02/2019,JXN,MI,AGL,CE,Federal Contract Tower,0,2,0,0,2,0,0,2,2,4,0,2,2,2,6,2,2,4,10
12/03/2019,JXN,MI,AGL,CE,Federal Contract Tower,0,2,6,0,8,0,0,8,0,8,0,2,14,0,16,0,0,0,16
12/04/2019,JXN,MI,AGL,CE,Federal Contract Tower,0,4,4,0,8,0,6,15,0,21,0,10,19,0,29,4,0,4,33
12/05/2019,JXN,MI,AGL,CE,Federal Contract Tower,0,2,16,0,18,0,1,70,0,71,0,3,86,0,89,82,0,82,171
12/06/2019,JXN,MI,AGL,CE,Federal Contract Tower,0,0,13,0,13,0,0,41,0,41,0,0,54,0,54,58,0,58,112
12/07/2019,JXN,MI,AGL,CE,Federal Contract Tower,0,0,14,0,14,0,0,118,0,118,0,0,132,0,132,96,0,96,228
12/08/2019,JXN,MI,AGL,CE,Federal Contract Tower,0,2,2,0,4,0,0,18,0,18,0,2,20,0,22,2,0,2,24
12/09/2019,JXN,MI,AGL,CE,Federal Contract Tower,0,0,0,0,0,0,0,0,0,0,0,0,0,0,0,0,0,0,0
12/10/2019,JXN,MI,AGL,CE,Federal Contract Tower,0,5,0,0,5,0,0,0,0,0,0,5,0,0,5,0,0,0,5
12/11/2019,JXN,MI,AGL,CE,Federal Contract Tower,0,1,1,0,2,0,0,22,0,22,0,1,23,0,24,20,0,20,44
12/12/2019,JXN,MI,AGL,CE,Federal Contract Tower,0,0,7,0,7,0,0,49,0,49,0,0,56,0,56,52,0,52,108
12/13/2019,JXN,MI,AGL,CE,Federal Contract Tower,0,3,20,0,23,0,0,60,0,60,0,3,80,0,83,60,0,60,143
12/15/2019,JXN,MI,AGL,CE,Federal Contract Tower,0,0,2,0,2,0,0,8,0,8,0,0,10,0,10,14,0,14,24
12/16/2019,JXN,MI,AGL,CE,Federal Contract Tower,0,3,13,0,16,0,0,40,0,40,0,3,53,0,56,64,0,64,120
12/17/2019,JXN,MI,AGL,CE,Federal Contract Tower,0,3,14,0,17,0,2,37,0,39,0,5,51,0,56,56,0,56,112
12/18/2019,JXN,MI,AGL,CE,Federal Contract Tower,0,4,3,0,7,0,2,24,0,26,0,6,27,0,33,26,0,26,59
12/19/2019,JXN,MI,AGL,CE,Federal Contract Tower,0,20,13,0,33,0,1,55,0,56,0,21,68,0,89,58,0,58,147
12/20/2019,JXN,MI,AGL,CE,Federal Contract Tower,0,3,15,0,18,0,0,55,0,55,0,3,70,0,73,40,0,40,113
12/21/2019,JXN,MI,AGL,CE,Federal Contract Tower,0,4,14,0,18,0,0,115,0,115,0,4,129,0,133,78,0,78,211
12/22/2019,JXN,MI,AGL,CE,Federal Contract Tower,0,2,18,0,20,0,0,94,0,94,0,2,112,0,114,64,0,64,178
12/23/2019,JXN,MI,AGL,CE,Federal Contract Tower,0,1,23,0,24,0,0,78,6,84,0,1,101,6,108,80,0,80,188
12/24/2019,JXN,MI,AGL,CE,Federal Contract Tower,0,2,0,0,2,0,0,0,0,0,0,2,0,0,2,0,0,0,2
12/25/2019,JXN,MI,AGL,CE,Federal Contract Tower,0,0,1,0,1,0,0,22,0,22,0,0,23,0,23,16,0,16,39
12/26/2019,JXN,MI,AGL,CE,Federal Contract Tower,0,0,6,0,6,0,0,17,0,17,0,0,23,0,23,10,0,10,33
12/27/2019,JXN,MI,AGL,CE,Federal Contract Tower,0,4,6,0,10,0,0,4,0,4,0,4,10,0,14,0,0,0,14
12/28/2019,JXN,MI,AGL,CE,Federal Contract Tower,0,2,16,0,18,0,0,50,0,50,0,2,66,0,68,36,0,36,104
12/29/2019,JXN,MI,AGL,CE,Federal Contract Tower,0,0,9,0,9,0,0,0,0,0,0,0,9,0,9,0,0,0,9
12/30/2019,JXN,MI,AGL,CE,Federal Contract Tower,0,0,0,0,0,0,2,0,0,2,0,2,0,0,2,0,0,0,2
12/31/2019,JXN,MI,AGL,CE,Federal Contract Tower,0,0,0,0,0,0,0,0,0,0,0,0,0,0,0,0,0,0,0
01/01/2020,JXN,MI,AGL,CE,Federal Contract Tower,0,0,4,0,4,0,0,63,3,66,0,0,67,3,70,80,6,86,156
01/02/2020,JXN,MI,AGL,CE,Federal Contract Tower,0,8,7,0,15,0,0,46,0,46,0,8,53,0,61,22,0,22,83
01/03/2020,JXN,MI,AGL,CE,Federal Contract Tower,0,1,4,0,5,0,0,13,0,13,0,1,17,0,18,8,0,8,26
01/04/2020,JXN,MI,AGL,CE,Federal Contract Tower,0,0,0,0,0,0,0,14,0,14,0,0,14,0,14,0,0,0,14
01/05/2020,JXN,MI,AGL,CE,Federal Contract Tower,0,1,3,0,4,0,0,69,0,69,0,1,72,0,73,74,0,74,147
01/06/2020,JXN,MI,AGL,CE,Federal Contract Tower,0,0,9,0,9,0,0,38,0,38,0,0,47,0,47,32,0,32,79
01/07/2020,JXN,MI,AGL,CE,Federal Contract Tower,0,2,6,0,8,0,3,59,2,64,0,5,65,2,72,70,0,70,142
01/08/2020,JXN,MI,AGL,CE,Federal Contract Tower,0,2,9,0,11,0,0,29,0,29,0,2,38,0,40,38,0,38,78
01/09/2020,JXN,MI,AGL,CE,Federal Contract Tower,0,1,10,0,11,0,1,40,0,41,0,2,50,0,52,50,0,50,102
01/10/2020,JXN,MI,AGL,CE,Federal Contract Tower,0,2,0,0,2,0,0,0,0,0,0,2,0,0,2,0,0,0,2
01/11/2020,JXN,MI,AGL,CE,Federal Contract Tower,0,1,0,0,1,0,0,0,0,0,0,1,0,0,1,0,0,0,1
01/12/2020,JXN,MI,AGL,CE,Federal Contract Tower,0,1,7,0,8,0,0,6,8,14,0,1,13,8,22,22,0,22,44
01/13/2020,JXN,MI,AGL,CE,Federal Contract Tower,0,0,0,0,0,0,1,0,0,1,0,1,0,0,1,0,0,0,1
01/14/2020,JXN,MI,AGL,CE,Federal Contract Tower,0,3,4,0,7,0,2,9,2,13,0,5,13,2,20,16,2,18,38
01/15/2020,JXN,MI,AGL,CE,Federal Contract Tower,0,0,7,0,7,0,0,16,0,16,0,0,23,0,23,6,0,6,29
01/16/2020,JXN,MI,AGL,CE,Federal Contract Tower,0,0,0,0,0,0,4,19,2,25,0,4,19,2,25,16,0,16,41
01/17/2020,JXN,MI,AGL,CE,Federal Contract Tower,0,0,11,0,11,0,0,48,0,48,0,0,59,0,59,78,0,78,137
01/18/2020,JXN,MI,AGL,CE,Federal Contract Tower,0,0,0,0,0,0,0,0,0,0,0,0,0,0,0,0,0,0,0
01/19/2020,JXN,MI,AGL,CE,Federal Contract Tower,0,0,0,0,0,0,0,3,0,3,0,0,3,0,3,10,0,10,13
01/20/2020,JXN,MI,AGL,CE,Federal Contract Tower,0,1,12,0,13,0,0,51,0,51,0,1,63,0,64,18,0,18,82
01/21/2020,JXN,MI,AGL,CE,Federal Contract Tower,0,8,18,0,26,0,1,54,1,56,0,9,72,1,82,64,0,64,146
01/22/2020,JXN,MI,AGL,CE,Federal Contract Tower,0,3,24,0,27,0,0,88,0,88,0,3,112,0,115,60,0,60,175
01/23/2020,JXN,MI,AGL,CE,Federal Contract Tower,0,2,8,2,12,0,0,46,10,56,0,2,54,12,68,82,0,82,150
01/24/2020,JXN,MI,AGL,CE,Federal Contract Tower,0,1,0,0,1,0,0,0,0,0,0,1,0,0,1,0,0,0,1
01/25/2020,JXN,MI,AGL,CE,Federal Contract Tower,0,0,0,0,0,0,0,1,0,1,0,0,1,0,1,0,0,0,1
01/26/2020,JXN,MI,AGL,CE,Federal Contract Tower,0,3,1,0,4,0,0,0,0,0,0,3,1,0,4,0,0,0,4
01/27/2020,JXN,MI,AGL,CE,Federal Contract Tower,0,1,0,0,1,0,2,17,0,19,0,3,17,0,20,20,0,20,40
01/28/2020,JXN,MI,AGL,CE,Federal Contract Tower,0,2,1,0,3,0,1,15,1,17,0,3,16,1,20,4,8,12,32
01/29/2020,JXN,MI,AGL,CE,Federal Contract Tower,0,1,0,0,1,0,0,21,0,21,0,1,21,0,22,58,0,58,80
01/31/2020,JXN,MI,AGL,CE,Federal Contract Tower,0,0,4,0,4,0,0,2,0,2,0,0,6,0,6,2,0,2,8
02/01/2020,JXN,MI,AGL,CE,Federal Contract Tower,0,1,2,0,3,0,0,0,0,0,0,1,2,0,3,2,0,2,5
02/02/2020,JXN,MI,AGL,CE,Federal Contract Tower,0,0,6,0,6,0,0,14,0,14,0,0,20,0,20,12,0,12,32
02/03/2020,JXN,MI,AGL,CE,Federal Contract Tower,0,0,17,0,17,0,1,81,2,84,0,1,98,2,101,68,4,72,173
02/04/2020,JXN,MI,AGL,CE,Federal Contract Tower,0,2,10,0,12,0,1,25,0,26,0,3,35,0,38,52,0,52,90
02/05/2020,JXN,MI,AGL,CE,Federal Contract Tower,0,2,14,0,16,0,0,39,0,39,0,2,53,0,55,56,0,56,111
02/06/2020,JXN,MI,AGL,CE,Federal Contract Tower,0,0,2,0,2,0,0,1,0,1,0,0,3,0,3,4,0,4,7
02/07/2020,JXN,MI,AGL,CE,Federal Contract Tower,0,1,5,0,6,0,1,21,0,22,0,2,26,0,28,24,0,24,52
02/08/2020,JXN,MI,AGL,CE,Federal Contract Tower,0,1,4,0,5,0,0,31,0,31,0,1,35,0,36,26,0,26,62
02/09/2020,JXN,MI,AGL,CE,Federal Contract Tower,0,1,0,2,3,0,0,6,2,8,0,1,6,4,11,12,0,12,23
02/10/2020,JXN,MI,AGL,CE,Federal Contract Tower,0,2,5,0,7,0,2,9,2,13,0,4,14,2,20,18,2,20,40
02/11/2020,JXN,MI,AGL,CE,Federal Contract Tower,0,5,22,0,27,0,0,62,0,62,0,5,84,0,89,72,0,72,161
02/12/2020,JXN,MI,AGL,CE,Federal Contract Tower,0,4,7,0,11,0,0,43,0,43,0,4,50,0,54,52,0,52,106
02/13/2020,JXN,MI,AGL,CE,Federal Contract Tower,0,2,2,0,4,0,0,0,0,0,0,2,2,0,4,0,0,0,4
02/14/2020,JXN,MI,AGL,CE,Federal Contract Tower,0,1,27,0,28,0,0,53,0,53,0,1,80,0,81,72,0,72,153
02/15/2020,JXN,MI,AGL,CE,Federal Contract Tower,0,3,2,0,5,0,0,26,0,26,0,3,28,0,31,10,0,10,41
02/16/2020,JXN,MI,AGL,CE,Federal Contract Tower,0,2,13,0,15,0,0,63,0,63,0,2,76,0,78,68,0,68,146
02/17/2020,JXN,MI,AGL,CE,Federal Contract Tower,0,2,12,0,14,0,0,37,0,37,0,2,49,0,51,46,0,46,97
02/18/2020,JXN,MI,AGL,CE,Federal Contract Tower,0,5,5,0,10,0,0,16,0,16,0,5,21,0,26,14,0,14,40
02/19/2020,JXN,MI,AGL,CE,Federal Contract Tower,0,1,20,0,21,0,0,59,0,59,0,1,79,0,80,62,0,62,142
02/20/2020,JXN,MI,AGL,CE,Federal Contract Tower,0,3,26,0,29,0,3,44,0,47,0,6,70,0,76,54,0,54,130
02/21/2020,JXN,MI,AGL,CE,Federal Contract Tower,0,3,8,0,11,0,0,65,0,65,0,3,73,0,76,102,0,102,178
02/22/2020,JXN,MI,AGL,CE,Federal Contract Tower,0,2,18,0,20,0,0,76,0,76,0,2,94,0,96,82,0,82,178
02/23/2020,JXN,MI,AGL,CE,Federal Contract Tower,0,7,21,0,28,0,0,105,0,105,0,7,126,0,133,98,0,98,231
02/24/2020,JXN,MI,AGL,CE,Federal Contract Tower,0,1,4,0,5,0,0,35,0,35,0,1,39,0,40,70,0,70,110
02/25/2020,JXN,MI,AGL,CE,Federal Contract Tower,0,3,0,0,3,0,0,0,0,0,0,3,0,0,3,0,0,0,3
02/26/2020,JXN,MI,AGL,CE,Federal Contract Tower,0,0,2,0,2,0,0,2,0,2,0,0,4,0,4,2,0,2,6
02/27/2020,JXN,MI,AGL,CE,Federal Contract Tower,0,1,6,0,7,0,0,0,0,0,0,1,6,0,7,2,0,2,9
02/28/2020,JXN,MI,AGL,CE,Federal Contract Tower,0,0,6,0,6,0,0,18,0,18,0,0,24,0,24,20,0,20,44
02/29/2020,JXN,MI,AGL,CE,Federal Contract Tower,0,3,34,0,37,0,0,121,0,121,0,3,155,0,158,68,0,68,226
03/01/2020,JXN,MI,AGL,CE,Federal Contract Tower,0,0,7,0,7,0,0,72,0,72,0,0,79,0,79,100,0,100,179
03/02/2020,JXN,MI,AGL,CE,Federal Contract Tower,0,0,15,0,15,0,0,38,4,42,0,0,53,4,57,78,8,86,143
03/03/2020,JXN,MI,AGL,CE,Federal Contract Tower,0,2,18,0,20,0,1,32,4,37,0,3,50,4,57,22,4,26,83
03/04/2020,JXN,MI,AGL,CE,Federal Contract Tower,0,5,10,0,15,0,0,28,2,30,0,5,38,2,45,16,0,16,61
03/05/2020,JXN,MI,AGL,CE,Federal Contract Tower,0,2,10,0,12,0,1,44,0,45,0,3,54,0,57,68,0,68,125
03/06/2020,JXN,MI,AGL,CE,Federal Contract Tower,0,2,0,0,2,0,0,4,0,4,0,2,4,0,6,0,0,0,6
03/07/2020,JXN,MI,AGL,CE,Federal Contract Tower,0,0,33,0,33,0,0,146,0,146,0,0,179,0,179,144,0,144,323
03/08/2020,JXN,MI,AGL,CE,Federal Contract Tower,0,1,12,1,14,0,0,57,6,63,0,1,69,7,77,50,0,50,127
03/09/2020,JXN,MI,AGL,CE,Federal Contract Tower,0,2,10,0,12,0,0,14,0,14,0,2,24,0,26,12,0,12,38
03/10/2020,JXN,MI,AGL,CE,Federal Contract Tower,0,8,2,0,10,0,0,16,0,16,0,8,18,0,26,30,0,30,56
03/11/2020,JXN,MI,AGL,CE,Federal Contract Tower,0,0,4,0,4,0,0,1,0,1,0,0,5,0,5,0,0,0,5
03/12/2020,JXN,MI,AGL,CE,Federal Contract Tower,0,4,7,2,13,0,4,21,2,27,0,8,28,4,40,38,0,38,78
03/13/2020,JXN,MI,AGL,CE,Federal Contract Tower,0,0,2,0,2,0,0,8,0,8,0,0,10,0,10,0,0,0,10
03/14/2020,JXN,MI,AGL,CE,Federal Contract Tower,0,0,15,0,15,0,0,82,0,82,0,0,97,0,97,96,0,96,193
03/15/2020,JXN,MI,AGL,CE,Federal Contract Tower,0,1,10,0,11,0,2,115,0,117,0,3,125,0,128,52,0,52,180
03/16/2020,JXN,MI,AGL,CE,Federal Contract Tower,0,3,7,0,10,0,0,32,0,32,0,3,39,0,42,58,0,58,100
03/17/2020,JXN,MI,AGL,CE,Federal Contract Tower,0,0,8,0,8,0,0,19,0,19,0,0,27,0,27,22,0,22,49
03/18/2020,JXN,MI,AGL,CE,Federal Contract Tower,0,0,16,0,16,0,0,15,0,15,0,0,31,0,31,20,0,20,51
03/19/2020,JXN,MI,AGL,CE,Federal Contract Tower,0,0,8,0,8,0,0,0,0,0,0,0,8,0,8,2,0,2,10
03/20/2020,JXN,MI,AGL,CE,Federal Contract Tower,0,2,2,0,4,0,0,3,0,3,0,2,5,0,7,2,0,2,9
03/21/2020,JXN,MI,AGL,CE,Federal Contract Tower,0,3,12,0,15,0,1,45,0,46,0,4,57,0,61,64,0,64,125
03/22/2020,JXN,MI,AGL,CE,Federal Contract Tower,0,0,3,0,3,0,0,27,0,27,0,0,30,0,30,12,0,12,42
03/23/2020,JXN,MI,AGL,CE,Federal Contract Tower,0,1,0,0,1,0,0,0,0,0,0,1,0,0,1,0,0,0,1
03/24/2020,JXN,MI,AGL,CE,Federal Contract Tower,0,0,2,0,2,0,0,6,0,6,0,0,8,0,8,0,2,2,10
03/25/2020,JXN,MI,AGL,CE,Federal Contract Tower,0,0,12,0,12,0,0,43,0,43,0,0,55,0,55,56,0,56,111
03/26/2020,JXN,MI,AGL,CE,Federal Contract Tower,0,2,1,0,3,0,1,2,2,5,0,3,3,2,8,2,2,4,12
03/27/2020,JXN,MI,AGL,CE,Federal Contract Tower,0,3,3,0,6,0,0,20,0,20,0,3,23,0,26,36,0,36,62
03/28/2020,JXN,MI,AGL,CE,Federal Contract Tower,0,0,2,0,2,0,0,0,0,0,0,0,2,0,2,0,0,0,2
03/29/2020,JXN,MI,AGL,CE,Federal Contract Tower,0,2,3,0,5,0,0,1,0,1,0,2,4,0,6,0,0,0,6
03/30/2020,JXN,MI,AGL,CE,Federal Contract Tower,0,0,0,0,0,0,0,0,0,0,0,0,0,0,0,0,0,0,0
04/01/2020,JXN,MI,AGL,CE,Federal Contract Tower,0,0,0,0,0,0,0,1,0,1,0,0,1,0,1,0,0,0,1
04/02/2020,JXN,MI,AGL,CE,Federal Contract Tower,0,1,7,0,8,0,3,35,0,38,0,4,42,0,46,72,0,72,118
04/03/2020,JXN,MI,AGL,CE,Federal Contract Tower,0,0,11,0,11,0,1,47,2,50,0,1,58,2,61,36,2,38,99
04/04/2020,JXN,MI,AGL,CE,Federal Contract Tower,0,0,0,2,2,0,0,10,0,10,0,0,10,2,12,8,2,10,22
04/05/2020,JXN,MI,AGL,CE,Federal Contract Tower,0,0,3,0,3,0,0,30,0,30,0,0,33,0,33,40,0,40,73
04/06/2020,JXN,MI,AGL,CE,Federal Contract Tower,0,0,0,0,0,0,0,11,0,11,0,0,11,0,11,0,0,0,11
04/07/2020,JXN,MI,AGL,CE,Federal Contract Tower,0,0,2,0,2,0,0,4,0,4,0,0,6,0,6,10,0,10,16
04/08/2020,JXN,MI,AGL,CE,Federal Contract Tower,0,0,4,0,4,0,0,30,0,30,0,0,34,0,34,42,0,42,76
04/09/2020,JXN,MI,AGL,CE,Federal Contract Tower,0,0,1,0,1,0,0,0,0,0,0,0,1,0,1,0,0,0,1
04/10/2020,JXN,MI,AGL,CE,Federal Contract Tower,0,2,3,0,5,0,0,5,0,5,0,2,8,0,10,0,0,0,10
04/11/2020,JXN,MI,AGL,CE,Federal Contract Tower,0,0,3,0,3,0,0,22,0,22,0,0,25,0,25,12,0,12,37
04/12/2020,JXN,MI,AGL,CE,Federal Contract Tower,0,0,0,0,0,0,0,14,0,14,0,0,14,0,14,18,0,18,32
04/13/2020,JXN,MI,AGL,CE,Federal Contract Tower,0,0,0,0,0,0,0,0,0,0,0,0,0,0,0,0,0,0,0
04/14/2020,JXN,MI,AGL,CE,Federal Contract Tower,0,0,8,0,8,0,0,6,0,6,0,0,14,0,14,0,0,0,14
04/15/2020,JXN,MI,AGL,CE,Federal Contract Tower,0,0,0,0,0,0,0,0,0,0,0,0,0,0,0,0,0,0,0
04/16/2020,JXN,MI,AGL,CE,Federal Contract Tower,0,0,0,0,0,0,0,26,0,26,0,0,26,0,26,46,0,46,72
04/17/2020,JXN,MI,AGL,CE,Federal Contract Tower,0,0,1,0,1,0,0,0,0,0,0,0,1,0,1,0,0,0,1
04/18/2020,JXN,MI,AGL,CE,Federal Contract Tower,0,2,5,0,7,0,0,26,0,26,0,2,31,0,33,22,0,22,55
04/19/2020,JXN,MI,AGL,CE,Federal Contract Tower,0,0,3,0,3,0,0,24,0,24,0,0,27,0,27,2,0,2,29
04/20/2020,JXN,MI,AGL,CE,Federal Contract Tower,0,3,5,0,8,0,0,27,0,27,0,3,32,0,35,8,0,8,43
04/21/2020,JXN,MI,AGL,CE,Federal Contract Tower,0,1,0,0,1,0,0,2,0,2,0,1,2,0,3,0,0,0,3
04/22/2020,JXN,MI,AGL,CE,Federal Contract Tower,0,1,2,0,3,0,1,5,0,6,0,2,7,0,9,2,0,2,11
04/23/2020,JXN,MI,AGL,CE,Federal Contract Tower,0,2,4,0,6,0,0,6,0,6,0,2,10,0,12,2,0,2,14
04/24/2020,JXN,MI,AGL,CE,Federal Contract Tower,0,0,0,0,0,0,1,0,0,1,0,1,0,0,1,66,0,66,67
04/25/2020,JXN,MI,AGL,CE,Federal Contract Tower,0,0,6,0,6,0,0,15,0,15,0,0,21,0,21,14,0,14,35
04/26/2020,JXN,MI,AGL,CE,Federal Contract Tower,0,1,1,0,2,0,0,7,0,7,0,1,8,0,9,2,0,2,11
04/27/2020,JXN,MI,AGL,CE,Federal Contract Tower,0,0,10,0,10,0,1,18,0,19,0,1,28,0,29,16,0,16,45
04/28/2020,JXN,MI,AGL,CE,Federal Contract Tower,1,0,11,0,12,0,0,13,0,13,1,0,24,0,25,20,0,20,45
04/29/2020,JXN,MI,AGL,CE,Federal Contract Tower,0,1,0,0,1,0,0,3,0,3,0,1,3,0,4,2,0,2,6
04/30/2020,JXN,MI,AGL,CE,Federal Contract Tower,0,2,1,0,3,0,2,1,0,3,0,4,2,0,6,2,0,2,8
05/01/2020,JXN,MI,AGL,CE,Federal Contract Tower,0,1,1,0,2,0,1,36,0,37,0,2,37,0,39,48,0,48,87
05/02/2020,JXN,MI,AGL,CE,Federal Contract Tower,0,0,0,0,0,0,0,7,0,7,0,0,7,0,7,4,0,4,11
05/03/2020,JXN,MI,AGL,CE,Federal Contract Tower,0,0,3,0,3,0,0,22,0,22,0,0,25,0,25,14,0,14,39
05/04/2020,JXN,MI,AGL,CE,Federal Contract Tower,0,0,12,0,12,0,0,20,0,20,0,0,32,0,32,40,0,40,72
05/05/2020,JXN,MI,AGL,CE,Federal Contract Tower,0,2,0,0,2,0,0,4,0,4,0,2,4,0,6,0,0,0,6
05/06/2020,JXN,MI,AGL,CE,Federal Contract Tower,0,2,8,0,10,0,0,19,0,19,0,2,27,0,29,20,0,20,49
05/07/2020,JXN,MI,AGL,CE,Federal Contract Tower,0,1,0,0,1,0,1,5,2,8,0,2,5,2,9,0,2,2,11
05/08/2020,JXN,MI,AGL,CE,Federal Contract Tower,0,0,2,0,2,0,0,8,0,8,0,0,10,0,10,12,0,12,22
05/09/2020,JXN,MI,AGL,CE,Federal Contract Tower,0,0,2,0,2,0,0,13,0,13,0,0,15,0,15,0,0,0,15
05/10/2020,JXN,MI,AGL,CE,Federal Contract Tower,0,0,0,0,0,0,0,0,0,0,0,0,0,0,0,0,0,0,0
05/11/2020,JXN,MI,AGL,CE,Federal Contract Tower,0,2,0,0,2,0,0,6,0,6,0,2,6,0,8,4,0,4,12
05/12/2020,JXN,MI,AGL,CE,Federal Contract Tower,0,0,4,0,4,0,0,14,0,14,0,0,18,0,18,2,0,2,20
05/13/2020,JXN,MI,AGL,CE,Federal Contract Tower,0,0,18,0,18,0,0,63,0,63,0,0,81,0,81,42,0,42,123
05/14/2020,JXN,MI,AGL,CE,Federal Contract Tower,0,2,4,0,6,0,0,0,0,0,0,2,4,0,6,0,0,0,6
05/15/2020,JXN,MI,AGL,CE,Federal Contract Tower,0,3,8,0,11,0,0,6,0,6,0,3,14,0,17,20,0,20,37
05/16/2020,JXN,MI,AGL,CE,Federal Contract Tower,0,0,13,0,13,0,0,17,0,17,0,0,30,0,30,10,0,10,40
05/17/2020,JXN,MI,AGL,CE,Federal Contract Tower,0,0,1,0,1,0,0,1,0,1,0,0,2,0,2,0,0,0,2
05/18/2020,JXN,MI,AGL,CE,Federal Contract Tower,0,0,2,0,2,0,0,0,0,0,0,0,2,0,2,0,0,0,2
05/19/2020,JXN,MI,AGL,CE,Federal Contract Tower,0,1,6,0,7,0,0,6,0,6,0,1,12,0,13,6,0,6,19
05/20/2020,JXN,MI,AGL,CE,Federal Contract Tower,0,1,15,0,16,0,0,33,0,33,0,1,48,0,49,10,0,10,59
05/21/2020,JXN,MI,AGL,CE,Federal Contract Tower,0,4,3,0,7,0,0,29,0,29,0,4,32,0,36,0,0,0,36
05/22/2020,JXN,MI,AGL,CE,Federal Contract Tower,0,3,5,0,8,0,0,12,0,12,0,3,17,0,20,16,0,16,36
05/23/2020,JXN,MI,AGL,CE,Federal Contract Tower,0,0,20,0,20,0,0,29,0,29,0,0,49,0,49,24,0,24,73
05/24/2020,JXN,MI,AGL,CE,Federal Contract Tower,0,0,6,0,6,0,0,25,0,25,0,0,31,0,31,26,0,26,57
05/25/2020,JXN,MI,AGL,CE,Federal Contract Tower,0,0,5,0,5,0,0,17,0,17,0,0,22,0,22,9,0,9,31
05/26/2020,JXN,MI,AGL,CE,Federal Contract Tower,0,0,13,0,13,0,0,39,0,39,0,0,52,0,52,40,0,40,92
05/27/2020,JXN,MI,AGL,CE,Federal Contract Tower,0,2,9,0,11,0,0,13,0,13,0,2,22,0,24,22,0,22,46
05/28/2020,JXN,MI,AGL,CE,Federal Contract Tower,0,0,5,0,5,0,0,3,0,3,0,0,8,0,8,4,0,4,12
05/29/2020,JXN,MI,AGL,CE,Federal Contract Tower,0,1,6,0,7,0,0,5,0,5,0,1,11,0,12,14,0,14,26
05/30/2020,JXN,MI,AGL,CE,Federal Contract Tower,0,0,12,0,12,0,0,31,0,31,0,0,43,0,43,38,0,38,81
05/31/2020,JXN,MI,AGL,CE,Federal Contract Tower,0,0,18,0,18,0,0,53,0,53,0,0,71,0,71,104,0,104,175
06/01/2020,JXN,MI,AGL,CE,Federal Contract Tower,0,2,3,0,5,0,0,28,0,28,0,2,31,0,33,12,0,12,45
06/02/2020,JXN,MI,AGL,CE,Federal Contract Tower,0,0,4,0,4,0,0,13,0,13,0,0,17,0,17,4,0,4,21
06/03/2020,JXN,MI,AGL,CE,Federal Contract Tower,0,1,13,0,14,0,0,26,0,26,0,1,39,0,40,42,0,42,82
06/04/2020,JXN,MI,AGL,CE,Federal Contract Tower,0,1,7,0,8,0,0,31,0,31,0,1,38,0,39,6,0,6,45
06/05/2020,JXN,MI,AGL,CE,Federal Contract Tower,0,0,1,0,1,0,0,26,0,26,0,0,27,0,27,80,0,80,107
06/06/2020,JXN,MI,AGL,CE,Federal Contract Tower,0,0,13,0,13,0,0,38,0,38,0,0,51,0,51,30,0,30,81
06/07/2020,JXN,MI,AGL,CE,Federal Contract Tower,0,1,2,0,3,0,0,31,0,31,0,1,33,0,34,6,0,6,40
06/08/2020,JXN,MI,AGL,CE,Federal Contract Tower,0,0,10,0,10,0,0,36,0,36,0,0,46,0,46,42,0,42,88
06/09/2020,JXN,MI,AGL,CE,Federal Contract Tower,0,0,4,0,4,0,0,27,0,27,0,0,31,0,31,16,0,16,47
06/10/2020,JXN,MI,AGL,CE,Federal Contract Tower,0,0,0,0,0,0,0,2,0,2,0,0,2,0,2,0,0,0,2
06/11/2020,JXN,MI,AGL,CE,Federal Contract Tower,0,0,4,0,4,0,0,41,0,41,0,0,45,0,45,24,0,24,69
06/12/2020,JXN,MI,AGL,CE,Federal Contract Tower,0,3,13,0,16,0,0,60,0,60,0,3,73,0,76,72,0,72,148
06/13/2020,JXN,MI,AGL,CE,Federal Contract Tower,0,0,4,0,4,0,0,59,2,61,0,0,63,2,65,46,2,48,113
06/14/2020,JXN,MI,AGL,CE,Federal Contract Tower,0,0,24,0,24,0,1,76,0,77,0,1,100,0,101,58,0,58,159
06/15/2020,JXN,MI,AGL,CE,Federal Contract Tower,0,0,11,0,11,0,0,50,0,50,0,0,61,0,61,24,0,24,85
06/16/2020,JXN,MI,AGL,CE,Federal Contract Tower,0,1,16,0,17,0,0,64,0,64,0,1,80,0,81,46,0,46,127
06/17/2020,JXN,MI,AGL,CE,Federal Contract Tower,0,2,12,0,14,0,0,43,0,43,0,2,55,0,57,46,0,46,103
06/18/2020,JXN,MI,AGL,CE,Federal Contract Tower,0,2,24,0,26,0,0,45,0,45,0,2,69,0,71,84,0,84,155
06/19/2020,JXN,MI,AGL,CE,Federal Contract Tower,0,0,7,0,7,0,1,69,0,70,0,1,76,0,77,46,0,46,123
06/20/2020,JXN,MI,AGL,CE,Federal Contract Tower,0,1,14,0,15,0,1,75,0,76,0,2,89,0,91,22,0,22,113
06/21/2020,JXN,MI,AGL,CE,Federal Contract Tower,0,0,18,0,18,0,0,15,0,15,0,0,33,0,33,12,0,12,45
06/22/2020,JXN,MI,AGL,CE,Federal Contract Tower,0,0,7,0,7,0,0,27,0,27,0,0,34,0,34,12,0,12,46
06/23/2020,JXN,MI,AGL,CE,Federal Contract Tower,0,8,6,0,14,0,0,9,0,9,0,8,15,0,23,8,0,8,31
06/24/2020,JXN,MI,AGL,CE,Federal Contract Tower,0,3,19,0,22,0,0,40,0,40,0,3,59,0,62,54,0,54,116
06/25/2020,JXN,MI,AGL,CE,Federal Contract Tower,0,0,23,0,23,0,0,62,0,62,0,0,85,0,85,42,0,42,127
06/26/2020,JXN,MI,AGL,CE,Federal Contract Tower,0,1,23,0,24,0,0,39,0,39,0,1,62,0,63,48,0,48,111
06/27/2020,JXN,MI,AGL,CE,Federal Contract Tower,0,0,9,0,9,0,0,31,0,31,0,0,40,0,40,8,0,8,48
06/28/2020,JXN,MI,AGL,CE,Federal Contract Tower,0,0,21,0,21,0,0,84,0,84,0,0,105,0,105,82,0,82,187
06/29/2020,JXN,MI,AGL,CE,Federal Contract Tower,0,2,18,0,20,0,0,46,0,46,0,2,64,0,66,32,0,32,98
06/30/2020,JXN,MI,AGL,CE,Federal Contract Tower,0,2,26,0,28,0,0,54,0,54,0,2,80,0,82,98,0,98,180
07/01/2020,JXN,MI,AGL,CE,Federal Contract Tower,0,0,18,2,20,0,0,65,0,65,0,0,83,2,85,22,0,22,107
07/02/2020,JXN,MI,AGL,CE,Federal Contract Tower,0,1,14,0,15,0,1,62,0,63,0,2,76,0,78,54,0,54,132
07/03/2020,JXN,MI,AGL,CE,Federal Contract Tower,0,0,12,0,12,0,1,56,0,57,0,1,68,0,69,26,0,26,95
07/04/2020,JXN,MI,AGL,CE,Federal Contract Tower,0,0,8,0,8,0,0,40,0,40,0,0,48,0,48,36,0,36,84
07/05/2020,JXN,MI,AGL,CE,Federal Contract Tower,0,3,15,0,18,0,0,48,0,48,0,3,63,0,66,60,0,60,126
07/06/2020,JXN,MI,AGL,CE,Federal Contract Tower,0,0,16,0,16,0,0,37,0,37,0,0,53,0,53,12,0,12,65
07/07/2020,JXN,MI,AGL,CE,Federal Contract Tower,0,1,13,0,14,0,0,25,0,25,0,1,38,0,39,10,0,10,49
07/08/2020,JXN,MI,AGL,CE,Federal Contract Tower,0,4,12,0,16,0,0,42,0,42,0,4,54,0,58,28,0,28,86
07/09/2020,JXN,MI,AGL,CE,Federal Contract Tower,0,0,18,0,18,0,0,34,0,34,0,0,52,0,52,20,0,20,72
07/10/2020,JXN,MI,AGL,CE,Federal Contract Tower,0,1,2,0,3,0,0,0,0,0,0,1,2,0,3,0,0,0,3
07/11/2020,JXN,MI,AGL,CE,Federal Contract Tower,0,2,3,0,5,0,0,48,0,48,0,2,51,0,53,10,0,10,63
07/12/2020,JXN,MI,AGL,CE,Federal Contract Tower,0,2,28,0,30,0,1,64,0,65,0,3,92,0,95,30,0,30,125
07/13/2020,JXN,MI,AGL,CE,Federal Contract Tower,0,3,22,0,25,0,0,32,0,32,0,3,54,0,57,24,0,24,81
07/14/2020,JXN,MI,AGL,CE,Federal Contract Tower,0,0,16,0,16,0,0,41,0,41,0,0,57,0,57,42,0,42,99
07/15/2020,JXN,MI,AGL,CE,Federal Contract Tower,0,0,10,0,10,0,0,38,0,38,0,0,48,0,48,22,0,22,70
07/16/2020,JXN,MI,AGL,CE,Federal Contract Tower,0,2,5,0,7,0,0,6,0,6,0,2,11,0,13,2,0,2,15
07/17/2020,JXN,MI,AGL,CE,Federal Contract Tower,0,0,20,0,20,0,0,71,0,71,0,0,91,0,91,76,0,76,167
07/18/2020,JXN,MI,AGL,CE,Federal Contract Tower,0,4,20,0,24,0,0,52,0,52,0,4,72,0,76,24,0,24,100
07/19/2020,JXN,MI,AGL,CE,Federal Contract Tower,0,3,4,0,7,0,0,19,0,19,0,3,23,0,26,2,0,2,28
07/20/2020,JXN,MI,AGL,CE,Federal Contract Tower,0,0,5,0,5,0,1,40,0,41,0,1,45,0,46,14,0,14,60
07/21/2020,JXN,MI,AGL,CE,Federal Contract Tower,0,2,12,4,18,0,1,44,6,51,0,3,56,10,69,32,6,38,107
07/22/2020,JXN,MI,AGL,CE,Federal Contract Tower,0,1,5,0,6,0,0,19,0,19,0,1,24,0,25,20,0,20,45
07/23/2020,JXN,MI,AGL,CE,Federal Contract Tower,0,1,15,0,16,0,0,40,2,42,0,1,55,2,58,60,0,60,118
07/24/2020,JXN,MI,AGL,CE,Federal Contract Tower,0,4,26,0,30,0,1,59,0,60,0,5,85,0,90,72,0,72,162
07/25/2020,JXN,MI,AGL,CE,Federal Contract Tower,0,0,8,0,8,0,0,92,0,92,0,0,100,0,100,66,0,66,166
07/26/2020,JXN,MI,AGL,CE,Federal Contract Tower,0,0,14,0,14,0,0,58,0,58,0,0,72,0,72,30,0,30,102
07/27/2020,JXN,MI,AGL,CE,Federal Contract Tower,0,1,16,0,17,0,0,4,0,4,0,1,20,0,21,28,0,28,49
07/28/2020,JXN,MI,AGL,CE,Federal Contract Tower,0,3,20,0,23,0,0,47,2,49,0,3,67,2,72,26,0,26,98
07/29/2020,JXN,MI,AGL,CE,Federal Contract Tower,0,4,9,0,13,0,0,39,0,39,0,4,48,0,52,26,0,26,78
07/30/2020,JXN,MI,AGL,CE,Federal Contract Tower,0,0,4,0,4,0,2,45,0,47,0,2,49,0,51,40,0,40,91
07/31/2020,JXN,MI,AGL,CE,Federal Contract Tower,0,0,18,0,18,0,0,84,0,84,0,0,102,0,102,44,0,44,146
08/01/2020,JXN,MI,AGL,CE,Federal Contract Tower,0,0,3,0,3,0,0,30,0,30,0,0,33,0,33,8,0,8,41
08/02/2020,JXN,MI,AGL,CE,Federal Contract Tower,0,0,19,0,19,0,0,17,0,17,0,0,36,0,36,14,0,14,50
08/03/2020,JXN,MI,AGL,CE,Federal Contract Tower,0,2,5,0,7,0,1,8,0,9,0,3,13,0,16,8,0,8,24
08/04/2020,JXN,MI,AGL,CE,Federal Contract Tower,0,2,7,0,9,0,0,11,0,11,0,2,18,0,20,4,0,4,24
08/05/2020,JXN,MI,AGL,CE,Federal Contract Tower,0,0,8,0,8,0,0,65,0,65,0,0,73,0,73,56,0,56,129
08/06/2020,JXN,MI,AGL,CE,Federal Contract Tower,0,0,23,0,23,0,0,56,0,56,0,0,79,0,79,58,0,58,137
08/07/2020,JXN,MI,AGL,CE,Federal Contract Tower,0,2,10,0,12,0,2,62,0,64,0,4,72,0,76,56,0,56,132
08/08/2020,JXN,MI,AGL,CE,Federal Contract Tower,0,3,13,0,16,0,0,75,0,75,0,3,88,0,91,40,0,40,131
08/09/2020,JXN,MI,AGL,CE,Federal Contract Tower,0,4,29,0,33,0,0,51,0,51,0,4,80,0,84,16,0,16,100
08/10/2020,JXN,MI,AGL,CE,Federal Contract Tower,0,0,12,0,12,0,0,29,0,29,0,0,41,0,41,30,0,30,71
08/12/2020,JXN,MI,AGL,CE,Federal Contract Tower,0,4,10,4,18,0,2,69,6,77,0,6,79,10,95,56,8,64,159
08/13/2020,JXN,MI,AGL,CE,Federal Contract Tower,0,1,15,0,16,0,1,66,0,67,0,2,81,0,83,88,0,88,171
08/17/2020,JXN,MI,AGL,CE,Federal Contract Tower,0,2,5,0,7,0,0,50,0,50,0,2,55,0,57,42,0,42,99
08/18/2020,JXN,MI,AGL,CE,Federal Contract Tower,0,8,9,0,17,0,8,33,0,41,0,16,42,0,58,52,0,52,110
08/19/2020,JXN,MI,AGL,CE,Federal Contract Tower,0,4,20,0,24,0,1,91,0,92,0,5,111,0,116,92,0,92,208
08/20/2020,JXN,MI,AGL,CE,Federal Contract Tower,0,1,20,0,21,0,0,61,0,61,0,1,81,0,82,72,0,72,154
08/21/2020,JXN,MI,AGL,CE,Federal Contract Tower,0,1,21,0,22,0,0,52,0,52,0,1,73,0,74,40,0,40,114
08/22/2020,JXN,MI,AGL,CE,Federal Contract Tower,0,0,7,0,7,0,0,98,0,98,0,0,105,0,105,48,0,48,153
08/23/2020,JXN,MI,AGL,CE,Federal Contract Tower,0,1,8,0,9,0,0,62,0,62,0,1,70,0,71,22,0,22,93
08/24/2020,JXN,MI,AGL,CE,Federal Contract Tower,0,0,9,0,9,0,0,27,0,27,0,0,36,0,36,22,0,22,58
08/25/2020,JXN,MI,AGL,CE,Federal Contract Tower,0,0,19,0,19,0,0,36,0,36,0,0,55,0,55,32,0,32,87
08/26/2020,JXN,MI,AGL,CE,Federal Contract Tower,0,1,7,0,8,0,0,32,0,32,0,1,39,0,40,28,0,28,68
08/27/2020,JXN,MI,AGL,CE,Federal Contract Tower,0,7,14,0,21,0,1,61,0,62,0,8,75,0,83,28,0,28,111
08/28/2020,JXN,MI,AGL,CE,Federal Contract Tower,0,0,1,0,1,0,0,3,0,3,0,0,4,0,4,0,0,0,4
08/29/2020,JXN,MI,AGL,CE,Federal Contract Tower,0,1,4,0,5,0,0,3,0,3,0,1,7,0,8,0,0,0,8
08/30/2020,JXN,MI,AGL,CE,Federal Contract Tower,0,2,28,0,30,0,2,120,0,122,0,4,148,0,152,28,0,28,180
08/31/2020,JXN,MI,AGL,CE,Federal Contract Tower,0,0,15,0,15,0,0,36,0,36,0,0,51,0,51,18,0,18,69
09/01/2020,JXN,MI,AGL,CE,Federal Contract Tower,0,0,8,0,8,0,0,26,0,26,0,0,34,0,34,16,0,16,50
09/02/2020,JXN,MI,AGL,CE,Federal Contract Tower,0,0,9,0,9,0,1,33,2,36,0,1,42,2,45,46,0,46,91
09/03/2020,JXN,MI,AGL,CE,Federal Contract Tower,0,7,11,0,18,0,0,23,6,29,0,7,34,6,47,34,4,38,85
09/04/2020,JXN,MI,AGL,CE,Federal Contract Tower,0,2,10,0,12,0,0,49,0,49,0,2,59,0,61,14,0,14,75
09/05/2020,JXN,MI,AGL,CE,Federal Contract Tower,0,1,20,0,21,0,0,75,0,75,0,1,95,0,96,26,0,26,122
09/06/2020,JXN,MI,AGL,CE,Federal Contract Tower,0,1,7,0,8,0,0,26,0,26,0,1,33,0,34,18,0,18,52
09/07/2020,JXN,MI,AGL,CE,Federal Contract Tower,0,1,13,0,14,0,0,55,0,55,0,1,68,0,69,40,0,40,109
09/08/2020,JXN,MI,AGL,CE,Federal Contract Tower,0,1,7,0,8,0,0,0,0,0,0,1,7,0,8,6,0,6,14
09/09/2020,JXN,MI,AGL,CE,Federal Contract Tower,0,2,12,0,14,0,0,0,0,0,0,2,12,0,14,0,0,0,14
09/10/2020,JXN,MI,AGL,CE,Federal Contract Tower,0,1,12,0,13,0,2,0,0,2,0,3,12,0,15,2,0,2,17
09/11/2020,JXN,MI,AGL,CE,Federal Contract Tower,0,1,23,0,24,0,0,70,0,70,0,1,93,0,94,44,0,44,138
09/12/2020,JXN,MI,AGL,CE,Federal Contract Tower,0,1,14,0,15,0,0,51,0,51,0,1,65,0,66,64,0,64,130
09/13/2020,JXN,MI,AGL,CE,Federal Contract Tower,0,1,9,0,10,0,0,37,0,37,0,1,46,0,47,20,0,20,67
09/14/2020,JXN,MI,AGL,CE,Federal Contract Tower,0,3,15,0,18,0,0,63,0,63,0,3,78,0,81,68,0,68,149
09/15/2020,JXN,MI,AGL,CE,Federal Contract Tower,0,1,22,0,23,0,0,61,0,61,0,1,83,0,84,40,0,40,124
09/16/2020,JXN,MI,AGL,CE,Federal Contract Tower,0,1,31,0,32,0,0,50,0,50,0,1,81,0,82,16,0,16,98
09/17/2020,JXN,MI,AGL,CE,Federal Contract Tower,0,1,14,0,15,0,0,49,0,49,0,1,63,0,64,56,0,56,120
09/18/2020,JXN,MI,AGL,CE,Federal Contract Tower,0,1,10,0,11,0,0,62,0,62,0,1,72,0,73,34,0,34,107
09/19/2020,JXN,MI,AGL,CE,Federal Contract Tower,0,0,13,0,13,0,1,109,0,110,0,1,122,0,123,42,0,42,165
09/20/2020,JXN,MI,AGL,CE,Federal Contract Tower,0,2,14,0,16,0,0,77,0,77,0,2,91,0,93,30,0,30,123
09/21/2020,JXN,MI,AGL,CE,Federal Contract Tower,0,0,12,0,12,0,1,58,0,59,0,1,70,0,71,52,0,52,123
09/22/2020,JXN,MI,AGL,CE,Federal Contract Tower,0,3,29,0,32,0,0,63,0,63,0,3,92,0,95,56,0,56,151
09/23/2020,JXN,MI,AGL,CE,Federal Contract Tower,0,0,14,0,14,0,0,69,0,69,0,0,83,0,83,42,0,42,125
09/24/2020,JXN,MI,AGL,CE,Federal Contract Tower,0,0,6,0,6,0,0,51,0,51,0,0,57,0,57,78,0,78,135
09/25/2020,JXN,MI,AGL,CE,Federal Contract Tower,0,2,26,0,28,0,0,82,0,82,0,2,108,0,110,40,0,40,150
09/26/2020,JXN,MI,AGL,CE,Federal Contract Tower,0,0,12,0,12,0,0,51,0,51,0,0,63,0,63,10,0,10,73
09/27/2020,JXN,MI,AGL,CE,Federal Contract Tower,0,1,14,0,15,0,0,14,0,14,0,1,28,0,29,6,0,6,35
09/28/2020,JXN,MI,AGL,CE,Federal Contract Tower,0,2,26,0,28,0,0,8,0,8,0,2,34,0,36,20,0,20,56
09/29/2020,JXN,MI,AGL,CE,Federal Contract Tower,0,2,18,0,20,0,0,67,0,67,0,2,85,0,87,64,0,64,151
09/30/2020,JXN,MI,AGL,CE,Federal Contract Tower,0,0,7,2,9,0,0,12,2,14,0,0,19,4,23,16,2,18,41
10/01/2020,JXN,MI,AGL,CE,Federal Contract Tower,0,5,7,0,12,0,1,9,0,10,0,6,16,0,22,4,0,4,26
10/02/2020,JXN,MI,AGL,CE,Federal Contract Tower,0,4,11,0,15,0,1,39,0,40,0,5,50,0,55,12,0,12,67
10/03/2020,JXN,MI,AGL,CE,Federal Contract Tower,0,1,15,0,16,0,0,98,0,98,0,1,113,0,114,36,0,36,150
10/04/2020,JXN,MI,AGL,CE,Federal Contract Tower,0,2,5,0,7,0,0,15,0,15,0,2,20,0,22,4,0,4,26
10/05/2020,JXN,MI,AGL,CE,Federal Contract Tower,0,1,10,2,13,0,0,41,0,41,0,1,51,2,54,60,0,60,114
10/06/2020,JXN,MI,AGL,CE,Federal Contract Tower,0,4,13,2,19,0,0,48,2,50,0,4,61,4,69,28,2,30,99
10/07/2020,JXN,MI,AGL,CE,Federal Contract Tower,0,0,4,0,4,0,0,14,3,17,0,0,18,3,21,4,0,4,25
10/08/2020,JXN,MI,AGL,CE,Federal Contract Tower,0,0,22,0,22,0,0,47,0,47,0,0,69,0,69,40,0,40,109
10/09/2020,JXN,MI,AGL,CE,Federal Contract Tower,0,1,3,0,4,0,0,39,0,39,0,1,42,0,43,44,0,44,87
10/10/2020,JXN,MI,AGL,CE,Federal Contract Tower,0,8,17,0,25,0,0,45,0,45,0,8,62,0,70,70,0,70,140
10/11/2020,JXN,MI,AGL,CE,Federal Contract Tower,0,1,16,0,17,0,2,57,0,59,0,3,73,0,76,40,0,40,116
10/12/2020,JXN,MI,AGL,CE,Federal Contract Tower,0,6,7,0,13,0,0,0,0,0,0,6,7,0,13,8,0,8,21
10/13/2020,JXN,MI,AGL,CE,Federal Contract Tower,0,1,13,0,14,0,0,55,0,55,0,1,68,0,69,78,0,78,147
10/14/2020,JXN,MI,AGL,CE,Federal Contract Tower,0,2,4,1,7,0,0,31,1,32,0,2,35,2,39,36,0,36,75
10/15/2020,JXN,MI,AGL,CE,Federal Contract Tower,0,2,12,0,14,0,1,15,0,16,0,3,27,0,30,18,0,18,48
10/16/2020,JXN,MI,AGL,CE,Federal Contract Tower,0,1,18,0,19,0,0,49,0,49,0,1,67,0,68,36,0,36,104
10/17/2020,JXN,MI,AGL,CE,Federal Contract Tower,0,1,9,0,10,0,0,37,0,37,0,1,46,0,47,28,0,28,75
10/18/2020,JXN,MI,AGL,CE,Federal Contract Tower,0,1,9,0,10,0,0,12,0,12,0,1,21,0,22,2,0,2,24
10/19/2020,JXN,MI,AGL,CE,Federal Contract Tower,0,0,2,0,2,0,0,18,0,18,0,0,20,0,20,4,0,4,24
10/20/2020,JXN,MI,AGL,CE,Federal Contract Tower,0,4,29,2,35,0,0,50,2,52,0,4,79,4,87,56,2,58,145
10/21/2020,JXN,MI,AGL,CE,Federal Contract Tower,0,1,15,0,16,0,0,32,0,32,0,1,47,0,48,18,0,18,66
10/22/2020,JXN,MI,AGL,CE,Federal Contract Tower,0,0,8,0,8,0,0,0,0,0,0,0,8,0,8,0,0,0,8
10/23/2020,JXN,MI,AGL,CE,Federal Contract Tower,0,2,0,0,2,0,0,3,0,3,0,2,3,0,5,0,0,0,5
10/24/2020,JXN,MI,AGL,CE,Federal Contract Tower,0,4,17,0,21,0,0,73,0,73,0,4,90,0,94,36,0,36,130
10/25/2020,JXN,MI,AGL,CE,Federal Contract Tower,0,0,12,0,12,0,0,77,0,77,0,0,89,0,89,26,0,26,115
10/26/2020,JXN,MI,AGL,CE,Federal Contract Tower,0,0,8,0,8,0,0,25,0,25,0,0,33,0,33,50,0,50,83
10/27/2020,JXN,MI,AGL,CE,Federal Contract Tower,0,6,7,0,13,0,0,6,0,6,0,6,13,0,19,4,0,4,23
10/28/2020,JXN,MI,AGL,CE,Federal Contract Tower,0,3,12,0,15,0,0,34,0,34,0,3,46,0,49,42,0,42,91
10/29/2020,JXN,MI,AGL,CE,Federal Contract Tower,0,0,7,0,7,0,0,17,4,21,0,0,24,4,28,4,0,4,32
10/30/2020,JXN,MI,AGL,CE,Federal Contract Tower,0,5,10,0,15,0,0,44,0,44,0,5,54,0,59,60,0,60,119
11/01/2020,JXN,MI,AGL,CE,Federal Contract Tower,0,4,0,0,4,0,1,0,0,1,0,5,0,0,5,0,0,0,5
11/02/2020,JXN,MI,AGL,CE,Federal Contract Tower,0,2,9,0,11,0,0,9,0,9,0,2,18,0,20,4,0,4,24
11/03/2020,JXN,MI,AGL,CE,Federal Contract Tower,0,5,9,0,14,0,0,62,2,64,0,5,71,2,78,38,8,46,124
11/04/2020,JXN,MI,AGL,CE,Federal Contract Tower,0,0,10,2,12,0,0,28,0,28,0,0,38,2,40,6,0,6,46
11/05/2020,JXN,MI,AGL,CE,Federal Contract Tower,0,3,29,0,32,0,0,61,0,61,0,3,90,0,93,50,0,50,143
11/06/2020,JXN,MI,AGL,CE,Federal Contract Tower,0,3,22,0,25,0,12,98,0,110,0,15,120,0,135,84,0,84,219
11/07/2020,JXN,MI,AGL,CE,Federal Contract Tower,0,14,14,0,28,0,0,136,0,136,0,14,150,0,164,38,0,38,202
11/08/2020,JXN,MI,AGL,CE,Federal Contract Tower,0,3,13,0,16,0,2,99,0,101,0,5,112,0,117,34,0,34,151
11/09/2020,JXN,MI,AGL,CE,Federal Contract Tower,0,23,17,0,40,0,15,34,0,49,0,38,51,0,89,52,0,52,141
11/10/2020,JXN,MI,AGL,CE,Federal Contract Tower,0,1,6,0,7,0,1,17,0,18,0,2,23,0,25,16,0,16,41
11/11/2020,JXN,MI,AGL,CE,Federal Contract Tower,0,0,23,0,23,0,1,40,0,41,0,1,63,0,64,40,0,40,104
11/12/2020,JXN,MI,AGL,CE,Federal Contract Tower,0,2,18,0,20,0,0,61,0,61,0,2,79,0,81,66,0,66,147
11/13/2020,JXN,MI,AGL,CE,Federal Contract Tower,0,2,3,0,5,0,0,19,0,19,0,2,22,0,24,8,0,8,32
11/14/2020,JXN,MI,AGL,CE,Federal Contract Tower,0,0,18,0,18,0,0,80,0,80,0,0,98,0,98,56,0,56,154
11/15/2020,JXN,MI,AGL,CE,Federal Contract Tower,0,2,0,0,2,0,0,0,0,0,0,2,0,0,2,0,0,0,2
11/16/2020,JXN,MI,AGL,CE,Federal Contract Tower,0,0,6,0,6,0,0,4,0,4,0,0,10,0,10,8,0,8,18
11/17/2020,JXN,MI,AGL,CE,Federal Contract Tower,0,0,6,0,6,0,0,4,0,4,0,0,10,0,10,0,0,0,10
11/18/2020,JXN,MI,AGL,CE,Federal Contract Tower,0,0,16,0,16,0,0,31,1,32,0,0,47,1,48,46,2,48,96
11/19/2020,JXN,MI,AGL,CE,Federal Contract Tower,0,0,4,0,4,0,0,9,0,9,0,0,13,0,13,4,0,4,17
11/20/2020,JXN,MI,AGL,CE,Federal Contract Tower,0,0,11,0,11,0,0,26,0,26,0,0,37,0,37,24,0,24,61
11/21/2020,JXN,MI,AGL,CE,Federal Contract Tower,0,0,20,0,20,0,0,63,0,63,0,0,83,0,83,36,0,36,119
11/22/2020,JXN,MI,AGL,CE,Federal Contract Tower,0,0,0,0,0,0,0,0,0,0,0,0,0,0,0,0,0,0,0
11/23/2020,JXN,MI,AGL,CE,Federal Contract Tower,0,0,4,0,4,0,0,42,0,42,0,0,46,0,46,78,0,78,124
11/24/2020,JXN,MI,AGL,CE,Federal Contract Tower,0,0,0,0,0,0,0,0,0,0,0,0,0,0,0,0,0,0,0
11/25/2020,JXN,MI,AGL,CE,Federal Contract Tower,0,0,0,0,0,0,0,0,0,0,0,0,0,0,0,0,0,0,0
11/26/2020,JXN,MI,AGL,CE,Federal Contract Tower,0,0,2,0,2,0,0,1,0,1,0,0,3,0,3,0,0,0,3
11/27/2020,JXN,MI,AGL,CE,Federal Contract Tower,0,3,11,0,14,0,0,18,0,18,0,3,29,0,32,18,0,18,50
11/28/2020,JXN,MI,AGL,CE,Federal Contract Tower,0,0,19,0,19,0,0,64,0,64,0,0,83,0,83,52,0,52,135
11/29/2020,JXN,MI,AGL,CE,Federal Contract Tower,0,0,11,0,11,0,0,32,0,32,0,0,43,0,43,44,0,44,87
11/30/2020,JXN,MI,AGL,CE,Federal Contract Tower,0,0,0,0,0,0,0,0,0,0,0,0,0,0,0,0,0,0,0
12/01/2020,JXN,MI,AGL,CE,Federal Contract Tower,0,5,0,0,5,0,0,6,0,6,0,5,6,0,11,0,0,0,11
12/02/2020,JXN,MI,AGL,CE,Federal Contract Tower,0,2,6,0,8,0,1,34,0,35,0,3,40,0,43,28,0,28,71
12/03/2020,JXN,MI,AGL,CE,Federal Contract Tower,0,0,7,4,11,0,0,42,4,46,0,0,49,8,57,38,4,42,99
12/04/2020,JXN,MI,AGL,CE,Federal Contract Tower,0,0,10,0,10,0,0,22,0,22,0,0,32,0,32,18,0,18,50
12/05/2020,JXN,MI,AGL,CE,Federal Contract Tower,0,5,14,0,19,0,0,35,0,35,0,5,49,0,54,28,0,28,82
12/06/2020,JXN,MI,AGL,CE,Federal Contract Tower,0,0,0,0,0,0,1,12,0,13,0,1,12,0,13,16,0,16,29
12/07/2020,JXN,MI,AGL,CE,Federal Contract Tower,0,7,10,0,17,0,7,17,0,24,0,14,27,0,41,22,0,22,63
12/08/2020,JXN,MI,AGL,CE,Federal Contract Tower,0,1,3,0,4,0,0,10,0,10,0,1,13,0,14,26,0,26,40
12/09/2020,JXN,MI,AGL,CE,Federal Contract Tower,0,4,19,0,23,0,2,32,0,34,0,6,51,0,57,30,0,30,87
12/10/2020,JXN,MI,AGL,CE,Federal Contract Tower,0,4,17,0,21,0,5,75,0,80,0,9,92,0,101,58,0,58,159
12/11/2020,JXN,MI,AGL,CE,Federal Contract Tower,0,3,10,0,13,0,0,31,0,31,0,3,41,0,44,36,0,36,80
12/12/2020,JXN,MI,AGL,CE,Federal Contract Tower,0,6,2,0,8,0,0,0,0,0,0,6,2,0,8,0,0,0,8
12/13/2020,JXN,MI,AGL,CE,Federal Contract Tower,0,4,0,0,4,0,0,8,0,8,0,4,8,0,12,0,0,0,12
12/14/2020,JXN,MI,AGL,CE,Federal Contract Tower,0,3,4,0,7,0,0,5,0,5,0,3,9,0,12,2,0,2,14
12/15/2020,JXN,MI,AGL,CE,Federal Contract Tower,0,3,15,0,18,0,1,32,0,33,0,4,47,0,51,46,0,46,97
12/16/2020,JXN,MI,AGL,CE,Federal Contract Tower,0,0,2,0,2,0,0,2,0,2,0,0,4,0,4,0,0,0,4
12/17/2020,JXN,MI,AGL,CE,Federal Contract Tower,0,1,2,0,3,0,0,0,0,0,0,1,2,0,3,0,0,0,3
12/18/2020,JXN,MI,AGL,CE,Federal Contract Tower,0,1,9,0,10,0,0,19,0,19,0,1,28,0,29,10,0,10,39
12/19/2020,JXN,MI,AGL,CE,Federal Contract Tower,0,0,0,0,0,0,0,0,0,0,0,0,0,0,0,0,0,0,0
12/20/2020,JXN,MI,AGL,CE,Federal Contract Tower,0,0,5,0,5,0,0,5,0,5,0,0,10,0,10,14,0,14,24
12/21/2020,JXN,MI,AGL,CE,Federal Contract Tower,0,0,0,0,0,0,0,1,0,1,0,0,1,0,1,0,0,0,1
12/22/2020,JXN,MI,AGL,CE,Federal Contract Tower,0,1,3,0,4,0,0,17,0,17,0,1,20,0,21,40,0,40,61
12/23/2020,JXN,MI,AGL,CE,Federal Contract Tower,0,1,11,0,12,0,1,14,0,15,0,2,25,0,27,10,0,10,37
12/24/2020,JXN,MI,AGL,CE,Federal Contract Tower,0,0,5,0,5,0,0,10,0,10,0,0,15,0,15,10,0,10,25
12/25/2020,JXN,MI,AGL,CE,Federal Contract Tower,0,0,0,0,0,0,0,0,0,0,0,0,0,0,0,0,0,0,0
12/26/2020,JXN,MI,AGL,CE,Federal Contract Tower,0,2,1,0,3,0,2,3,0,5,0,4,4,0,8,0,0,0,8
12/27/2020,JXN,MI,AGL,CE,Federal Contract Tower,0,0,8,0,8,0,0,22,0,22,0,0,30,0,30,24,0,24,54
12/28/2020,JXN,MI,AGL,CE,Federal Contract Tower,0,0,2,0,2,0,0,5,0,5,0,0,7,0,7,0,0,0,7
12/29/2020,JXN,MI,AGL,CE,Federal Contract Tower,0,8,28,0,36,0,10,47,0,57,0,18,75,0,93,128,0,128,221
12/30/2020,JXN,MI,AGL,CE,Federal Contract Tower,0,0,0,0,0,0,0,0,0,0,0,0,0,0,0,0,0,0,0
01/01/2021,JXN,MI,AGL,CE,Federal Contract Tower,0,0,0,0,0,0,0,0,0,0,0,0,0,0,0,0,0,0,0
01/02/2021,JXN,MI,AGL,CE,Federal Contract Tower,0,1,0,0,1,0,0,0,0,0,0,1,0,0,1,0,0,0,1
01/03/2021,JXN,MI,AGL,CE,Federal Contract Tower,0,1,0,0,1,0,0,0,0,0,0,1,0,0,1,0,0,0,1
01/04/2021,JXN,MI,AGL,CE,Federal Contract Tower,0,0,2,0,2,0,0,1,0,1,0,0,3,0,3,0,0,0,3
01/05/2021,JXN,MI,AGL,CE,Federal Contract Tower,0,2,0,0,2,0,0,0,0,0,0,2,0,0,2,0,0,0,2
01/06/2021,JXN,MI,AGL,CE,Federal Contract Tower,0,2,18,0,20,0,1,21,0,22,0,3,39,0,42,20,0,20,62
01/07/2021,JXN,MI,AGL,CE,Federal Contract Tower,0,1,0,0,1,0,0,4,2,6,0,1,4,2,7,0,4,4,11
01/08/2021,JXN,MI,AGL,CE,Federal Contract Tower,0,1,3,0,4,0,0,4,0,4,0,1,7,0,8,8,0,8,16
01/09/2021,JXN,MI,AGL,CE,Federal Contract Tower,0,0,32,0,32,0,0,57,0,57,0,0,89,0,89,70,0,70,159
01/10/2021,JXN,MI,AGL,CE,Federal Contract Tower,0,0,2,0,2,0,0,22,0,22,0,0,24,0,24,16,0,16,40
01/11/2021,JXN,MI,AGL,CE,Federal Contract Tower,0,0,0,0,0,0,0,2,0,2,0,0,2,0,2,0,0,0,2
01/12/2021,JXN,MI,AGL,CE,Federal Contract Tower,0,5,0,0,5,0,0,0,0,0,0,5,0,0,5,0,0,0,5
01/13/2021,JXN,MI,AGL,CE,Federal Contract Tower,0,3,22,0,25,0,0,37,0,37,0,3,59,0,62,56,0,56,118
01/14/2021,JXN,MI,AGL,CE,Federal Contract Tower,0,1,15,0,16,0,33,0,0,33,0,34,15,0,49,18,0,18,67
01/15/2021,JXN,MI,AGL,CE,Federal Contract Tower,0,1,0,0,1,0,0,5,0,5,0,1,5,0,6,6,0,6,12
01/16/2021,JXN,MI,AGL,CE,Federal Contract Tower,0,2,8,0,10,0,0,10,0,10,0,2,18,0,20,14,0,14,34
01/17/2021,JXN,MI,AGL,CE,Federal Contract Tower,0,1,0,0,1,0,0,0,0,0,0,1,0,0,1,0,0,0,1
01/18/2021,JXN,MI,AGL,CE,Federal Contract Tower,0,1,0,0,1,0,0,1,0,1,0,1,1,0,2,0,0,0,2
01/19/2021,JXN,MI,AGL,CE,Federal Contract Tower,0,0,3,0,3,0,0,17,0,17,0,0,20,0,20,10,0,10,30
01/20/2021,JXN,MI,AGL,CE,Federal Contract Tower,0,1,12,0,13,0,0,19,0,19,0,1,31,0,32,20,0,20,52
01/21/2021,JXN,MI,AGL,CE,Federal Contract Tower,0,3,13,0,16,0,0,17,0,17,0,3,30,0,33,22,0,22,55
01/22/2021,JXN,MI,AGL,CE,Federal Contract Tower,0,2,6,0,8,0,0,13,0,13,0,2,19,0,21,10,0,10,31
01/23/2021,JXN,MI,AGL,CE,Federal Contract Tower,0,0,39,0,39,0,0,49,0,49,0,0,88,0,88,66,0,66,154
01/24/2021,JXN,MI,AGL,CE,Federal Contract Tower,0,0,0,0,0,0,0,0,0,0,0,0,0,0,0,0,0,0,0
01/25/2021,JXN,MI,AGL,CE,Federal Contract Tower,0,0,3,0,3,0,0,7,0,7,0,0,10,0,10,8,0,8,18
01/26/2021,JXN,MI,AGL,CE,Federal Contract Tower,0,1,0,0,1,0,0,0,2,2,0,1,0,2,3,0,0,0,3
01/27/2021,JXN,MI,AGL,CE,Federal Contract Tower,0,0,10,0,10,0,0,22,0,22,0,0,32,0,32,24,0,24,56
01/28/2021,JXN,MI,AGL,CE,Federal Contract Tower,0,4,3,0,7,0,6,7,0,13,0,10,10,0,20,18,0,18,38
01/29/2021,JXN,MI,AGL,CE,Federal Contract Tower,0,2,11,0,13,0,0,44,0,44,0,2,55,0,57,64,0,64,121
01/30/2021,JXN,MI,AGL,CE,Federal Contract Tower,0,5,5,0,10,0,5,33,0,38,0,10,38,0,48,70,0,70,118
01/31/2021,JXN,MI,AGL,CE,Federal Contract Tower,0,0,0,0,0,0,0,0,0,0,0,0,0,0,0,0,0,0,0
02/01/2021,JXN,MI,AGL,CE,Federal Contract Tower,0,0,0,0,0,0,0,0,0,0,0,0,0,0,0,14,0,14,14
02/02/2021,JXN,MI,AGL,CE,Federal Contract Tower,0,4,20,0,24,0,4,41,0,45,0,8,61,0,69,28,0,28,97
02/03/2021,JXN,MI,AGL,CE,Federal Contract Tower,0,1,19,0,20,0,0,70,0,70,0,1,89,0,90,90,0,90,180
02/04/2021,JXN,MI,AGL,CE,Federal Contract Tower,0,2,3,0,5,0,0,8,0,8,0,2,11,0,13,2,0,2,15
02/05/2021,JXN,MI,AGL,CE,Federal Contract Tower,0,1,4,0,5,0,0,0,0,0,0,1,4,0,5,0,0,0,5
02/06/2021,JXN,MI,AGL,CE,Federal Contract Tower,0,2,5,0,7,0,0,13,0,13,0,2,18,0,20,16,0,16,36
02/07/2021,JXN,MI,AGL,CE,Federal Contract Tower,0,3,5,0,8,0,0,20,0,20,0,3,25,0,28,22,0,22,50
02/08/2021,JXN,MI,AGL,CE,Federal Contract Tower,0,0,5,0,5,0,0,9,0,9,0,0,14,0,14,2,0,2,16
02/09/2021,JXN,MI,AGL,CE,Federal Contract Tower,0,2,15,0,17,0,0,42,0,42,0,2,57,0,59,60,0,60,119
02/10/2021,JXN,MI,AGL,CE,Federal Contract Tower,0,2,2,0,4,0,0,7,0,7,0,2,9,0,11,0,0,0,11
02/11/2021,JXN,MI,AGL,CE,Federal Contract Tower,0,1,2,0,3,0,1,27,0,28,0,2,29,0,31,34,0,34,65
02/12/2021,JXN,MI,AGL,CE,Federal Contract Tower,0,3,2,0,5,0,0,20,0,20,0,3,22,0,25,32,0,32,57
02/13/2021,JXN,MI,AGL,CE,Federal Contract Tower,0,1,0,0,1,0,0,0,0,0,0,1,0,0,1,0,0,0,1
02/14/2021,JXN,MI,AGL,CE,Federal Contract Tower,0,2,14,0,16,0,0,28,0,28,0,2,42,0,44,46,0,46,90
02/15/2021,JXN,MI,AGL,CE,Federal Contract Tower,0,1,2,0,3,0,0,2,0,2,0,1,4,0,5,2,0,2,7
02/16/2021,JXN,MI,AGL,CE,Federal Contract Tower,0,2,5,0,7,0,0,2,0,2,0,2,7,0,9,0,0,0,9
02/17/2021,JXN,MI,AGL,CE,Federal Contract Tower,0,4,6,0,10,0,0,16,0,16,0,4,22,0,26,12,0,12,38
02/18/2021,JXN,MI,AGL,CE,Federal Contract Tower,0,1,2,0,3,0,0,0,0,0,0,1,2,0,3,0,0,0,3
02/19/2021,JXN,MI,AGL,CE,Federal Contract Tower,0,2,12,0,14,0,0,15,0,15,0,2,27,0,29,12,0,12,41
02/20/2021,JXN,MI,AGL,CE,Federal Contract Tower,0,0,8,0,8,0,3,29,0,32,0,3,37,0,40,46,0,46,86
02/21/2021,JXN,MI,AGL,CE,Federal Contract Tower,0,0,11,0,11,0,0,29,0,29,0,0,40,0,40,32,0,32,72
02/22/2021,JXN,MI,AGL,CE,Federal Contract Tower,0,0,4,0,4,0,0,0,0,0,0,0,4,0,4,0,0,0,4
02/23/2021,JXN,MI,AGL,CE,Federal Contract Tower,0,4,8,0,12,0,1,17,0,18,0,5,25,0,30,20,0,20,50
02/24/2021,JXN,MI,AGL,CE,Federal Contract Tower,0,4,11,0,15,0,0,16,0,16,0,4,27,0,31,14,0,14,45
02/25/2021,JXN,MI,AGL,CE,Federal Contract Tower,0,5,19,0,24,0,0,44,0,44,0,5,63,0,68,60,0,60,128
02/26/2021,JXN,MI,AGL,CE,Federal Contract Tower,0,2,28,0,30,0,0,60,0,60,0,2,88,0,90,74,0,74,164
02/27/2021,JXN,MI,AGL,CE,Federal Contract Tower,0,2,18,0,20,0,0,37,0,37,0,2,55,0,57,34,0,34,91
02/28/2021,JXN,MI,AGL,CE,Federal Contract Tower,0,1,6,0,7,0,0,6,0,6,0,1,12,0,13,6,0,6,19
03/01/2021,JXN,MI,AGL,CE,Federal Contract Tower,0,1,26,0,27,0,0,17,0,17,0,1,43,0,44,72,0,72,116
03/02/2021,JXN,MI,AGL,CE,Federal Contract Tower,0,2,22,0,24,0,0,27,0,27,0,2,49,0,51,18,0,18,69
03/03/2021,JXN,MI,AGL,CE,Federal Contract Tower,0,10,9,0,19,0,11,24,0,35,0,21,33,0,54,30,0,30,84
03/04/2021,JXN,MI,AGL,CE,Federal Contract Tower,0,5,6,0,11,0,4,23,0,27,0,9,29,0,38,44,0,44,82
03/05/2021,JXN,MI,AGL,CE,Federal Contract Tower,0,3,11,0,14,0,0,47,0,47,0,3,58,0,61,94,0,94,155
03/06/2021,JXN,MI,AGL,CE,Federal Contract Tower,0,0,18,0,18,0,1,65,2,68,0,1,83,2,86,44,0,44,130
03/08/2021,JXN,MI,AGL,CE,Federal Contract Tower,0,0,18,0,18,0,0,30,0,30,0,0,48,0,48,18,0,18,66
03/09/2021,JXN,MI,AGL,CE,Federal Contract Tower,0,0,11,0,11,0,0,49,0,49,0,0,60,0,60,86,0,86,146
03/10/2021,JXN,MI,AGL,CE,Federal Contract Tower,0,1,10,0,11,0,0,16,0,16,0,1,26,0,27,10,0,10,37
03/11/2021,JXN,MI,AGL,CE,Federal Contract Tower,0,2,2,0,4,0,0,2,0,2,0,2,4,0,6,0,0,0,6
03/12/2021,JXN,MI,AGL,CE,Federal Contract Tower,0,10,13,0,23,0,0,46,0,46,0,10,59,0,69,26,0,26,95
03/13/2021,JXN,MI,AGL,CE,Federal Contract Tower,0,0,24,0,24,0,0,135,0,135,0,0,159,0,159,28,0,28,187
03/14/2021,JXN,MI,AGL,CE,Federal Contract Tower,0,0,4,1,5,0,0,61,0,61,0,0,65,1,66,26,0,26,92
03/15/2021,JXN,MI,AGL,CE,Federal Contract Tower,0,0,2,0,2,0,0,5,0,5,0,0,7,0,7,0,0,0,7
03/16/2021,JXN,MI,AGL,CE,Federal Contract Tower,0,0,1,2,3,0,0,11,2,13,0,0,12,4,16,12,2,14,30
03/17/2021,JXN,MI,AGL,CE,Federal Contract Tower,0,1,16,2,19,0,0,47,2,49,0,1,63,4,68,96,2,98,166
03/18/2021,JXN,MI,AGL,CE,Federal Contract Tower,0,2,0,0,2,0,0,0,0,0,0,2,0,0,2,0,0,0,2
03/19/2021,JXN,MI,AGL,CE,Federal Contract Tower,0,1,13,1,15,0,0,58,2,60,0,1,71,3,75,62,0,62,137
03/20/2021,JXN,MI,AGL,CE,Federal Contract Tower,0,2,22,0,24,0,0,100,0,100,0,2,122,0,124,42,0,42,166
03/21/2021,JXN,MI,AGL,CE,Federal Contract Tower,0,3,20,0,23,0,2,97,0,99,0,5,117,0,122,34,0,34,156
03/22/2021,JXN,MI,AGL,CE,Federal Contract Tower,0,4,13,0,17,0,5,33,0,38,0,9,46,0,55,20,0,20,75
03/23/2021,JXN,MI,AGL,CE,Federal Contract Tower,0,6,5,0,11,0,2,20,0,22,0,8,25,0,33,10,0,10,43
03/24/2021,JXN,MI,AGL,CE,Federal Contract Tower,0,3,10,0,13,0,0,19,0,19,0,3,29,0,32,12,0,12,44
03/25/2021,JXN,MI,AGL,CE,Federal Contract Tower,0,6,6,2,14,0,0,27,0,27,0,6,33,2,41,18,2,20,61
03/26/2021,JXN,MI,AGL,CE,Federal Contract Tower,0,7,11,0,18,0,0,5,0,5,0,7,16,0,23,2,0,2,25
03/27/2021,JXN,MI,AGL,CE,Federal Contract Tower,0,2,30,0,32,0,2,45,0,47,0,4,75,0,79,38,0,38,117
03/28/2021,JXN,MI,AGL,CE,Federal Contract Tower,0,2,1,0,3,0,0,1,0,1,0,2,2,0,4,0,0,0,4
03/29/2021,JXN,MI,AGL,CE,Federal Contract Tower,0,4,11,4,19,0,0,36,4,40,0,4,47,8,59,46,0,46,105
03/30/2021,JXN,MI,AGL,CE,Federal Contract Tower,0,1,0,0,1,0,0,9,0,9,0,1,9,0,10,0,0,0,10
03/31/2021,JXN,MI,AGL,CE,Federal Contract Tower,0,3,9,0,12,0,2,32,0,34,0,5,41,0,46,32,0,32,78
04/01/2021,JXN,MI,AGL,CE,Federal Contract Tower,0,2,4,0,6,0,0,7,0,7,0,2,11,0,13,24,0,24,37
04/02/2021,JXN,MI,AGL,CE,Federal Contract Tower,0,1,28,0,29,0,0,58,0,58,0,1,86,0,87,54,0,54,141
04/03/2021,JXN,MI,AGL,CE,Federal Contract Tower,0,0,8,0,8,0,0,37,0,37,0,0,45,0,45,16,0,16,61
04/04/2021,JXN,MI,AGL,CE,Federal Contract Tower,0,0,3,0,3,0,0,43,0,43,0,0,46,0,46,24,0,24,70
04/05/2021,JXN,MI,AGL,CE,Federal Contract Tower,0,0,4,0,4,0,0,6,0,6,0,0,10,0,10,6,0,6,16
04/06/2021,JXN,MI,AGL,CE,Federal Contract Tower,0,9,12,0,21,0,4,45,0,49,0,13,57,0,70,64,0,64,134
04/07/2021,JXN,MI,AGL,CE,Federal Contract Tower,0,4,16,0,20,0,6,40,0,46,0,10,56,0,66,80,0,80,146
04/08/2021,JXN,MI,AGL,CE,Federal Contract Tower,0,7,4,0,11,0,0,20,0,20,0,7,24,0,31,40,0,40,71
04/09/2021,JXN,MI,AGL,CE,Federal Contract Tower,0,2,8,0,10,0,0,15,2,17,0,2,23,2,27,14,0,14,41
04/10/2021,JXN,MI,AGL,CE,Federal Contract Tower,0,0,7,0,7,0,0,52,0,52,0,0,59,0,59,16,0,16,75
04/11/2021,JXN,MI,AGL,CE,Federal Contract Tower,0,0,1,0,1,0,0,5,0,5,0,0,6,0,6,0,0,0,6
04/12/2021,JXN,MI,AGL,CE,Federal Contract Tower,0,6,4,0,10,0,2,7,0,9,0,8,11,0,19,4,0,4,23
04/13/2021,JXN,MI,AGL,CE,Federal Contract Tower,0,1,18,0,19,0,6,57,0,63,0,7,75,0,82,58,0,58,140
04/14/2021,JXN,MI,AGL,CE,Federal Contract Tower,0,3,14,0,17,0,2,42,0,44,0,5,56,0,61,32,0,32,93
04/15/2021,JXN,MI,AGL,CE,Federal Contract Tower,0,4,3,0,7,0,0,8,0,8,0,4,11,0,15,2,2,4,19
04/16/2021,JXN,MI,AGL,CE,Federal Contract Tower,0,3,3,0,6,0,0,25,0,25,0,3,28,0,31,34,0,34,65
04/17/2021,JXN,MI,AGL,CE,Federal Contract Tower,0,0,15,0,15,0,0,74,0,74,0,0,89,0,89,46,0,46,135
04/18/2021,JXN,MI,AGL,CE,Federal Contract Tower,0,2,24,0,26,0,0,95,0,95,0,2,119,0,121,50,0,50,171
04/19/2021,JXN,MI,AGL,CE,Federal Contract Tower,0,2,3,0,5,0,0,10,0,10,0,2,13,0,15,6,0,6,21
04/20/2021,JXN,MI,AGL,CE,Federal Contract Tower,0,0,1,0,1,0,0,3,0,3,0,0,4,0,4,0,0,0,4
04/21/2021,JXN,MI,AGL,CE,Federal Contract Tower,0,7,18,2,27,0,0,27,0,27,0,7,45,2,54,32,2,34,88
04/22/2021,JXN,MI,AGL,CE,Federal Contract Tower,0,1,18,0,19,0,0,36,0,36,0,1,54,0,55,40,0,40,95
04/23/2021,JXN,MI,AGL,CE,Federal Contract Tower,0,6,19,0,25,0,1,43,0,44,0,7,62,0,69,64,0,64,133
04/24/2021,JXN,MI,AGL,CE,Federal Contract Tower,0,0,12,2,14,0,0,25,0,25,0,0,37,2,39,0,0,0,39
04/25/2021,JXN,MI,AGL,CE,Federal Contract Tower,0,0,45,0,45,0,0,54,0,54,0,0,99,0,99,34,0,34,133
04/26/2021,JXN,MI,AGL,CE,Federal Contract Tower,0,1,15,0,16,0,2,35,0,37,0,3,50,0,53,36,0,36,89
04/27/2021,JXN,MI,AGL,CE,Federal Contract Tower,0,0,11,0,11,0,3,22,0,25,0,3,33,0,36,30,0,30,66
04/28/2021,JXN,MI,AGL,CE,Federal Contract Tower,0,1,1,3,5,0,0,6,4,10,0,1,7,7,15,0,4,4,19
04/29/2021,JXN,MI,AGL,CE,Federal Contract Tower,0,1,11,0,12,0,0,0,0,0,0,1,11,0,12,0,0,0,12
04/30/2021,JXN,MI,AGL,CE,Federal Contract Tower,0,3,4,0,7,0,0,8,0,8,0,3,12,0,15,4,0,4,19
05/01/2021,JXN,MI,AGL,CE,Federal Contract Tower,0,4,16,0,20,0,0,49,0,49,0,4,65,0,69,0,0,0,69
05/02/2021,JXN,MI,AGL,CE,Federal Contract Tower,0,0,13,0,13,0,0,42,0,42,0,0,55,0,55,24,0,24,79
05/03/2021,JXN,MI,AGL,CE,Federal Contract Tower,0,0,14,0,14,0,0,0,0,0,0,0,14,0,14,14,0,14,28
05/04/2021,JXN,MI,AGL,CE,Federal Contract Tower,0,6,16,0,22,0,1,19,0,20,0,7,35,0,42,12,0,12,54
05/05/2021,JXN,MI,AGL,CE,Federal Contract Tower,0,4,19,2,25,0,0,32,3,35,0,4,51,5,60,52,2,54,114
05/06/2021,JXN,MI,AGL,CE,Federal Contract Tower,0,1,8,0,9,0,0,23,0,23,0,1,31,0,32,16,0,16,48
05/07/2021,JXN,MI,AGL,CE,Federal Contract Tower,0,2,8,0,10,0,0,17,0,17,0,2,25,0,27,12,0,12,39
05/08/2021,JXN,MI,AGL,CE,Federal Contract Tower,0,0,18,0,18,0,0,116,0,116,0,0,134,0,134,68,0,68,202
05/09/2021,JXN,MI,AGL,CE,Federal Contract Tower,0,0,0,0,0,0,0,1,0,1,0,0,1,0,1,0,0,0,1
05/10/2021,JXN,MI,AGL,CE,Federal Contract Tower,0,2,13,0,15,0,0,49,0,49,0,2,62,0,64,76,0,76,140
05/11/2021,JXN,MI,AGL,CE,Federal Contract Tower,0,0,18,0,18,0,0,34,0,34,0,0,52,0,52,16,0,16,68
05/12/2021,JXN,MI,AGL,CE,Federal Contract Tower,0,4,11,0,15,0,1,63,0,64,0,5,74,0,79,46,0,46,125
05/13/2021,JXN,MI,AGL,CE,Federal Contract Tower,0,6,22,0,28,0,0,48,0,48,0,6,70,0,76,30,0,30,106
05/14/2021,JXN,MI,AGL,CE,Federal Contract Tower,0,1,16,0,17,0,0,61,8,69,0,1,77,8,86,30,0,30,116
05/15/2021,JXN,MI,AGL,CE,Federal Contract Tower,0,0,15,0,15,0,0,76,4,80,0,0,91,4,95,20,0,20,115
05/16/2021,JXN,MI,AGL,CE,Federal Contract Tower,0,0,9,0,9,0,0,51,0,51,0,0,60,0,60,30,0,30,90
05/17/2021,JXN,MI,AGL,CE,Federal Contract Tower,0,0,8,0,8,0,0,24,0,24,0,0,32,0,32,64,0,64,96
05/18/2021,JXN,MI,AGL,CE,Federal Contract Tower,0,4,6,0,10,0,0,38,0,38,0,4,44,0,48,32,0,32,80
05/19/2021,JXN,MI,AGL,CE,Federal Contract Tower,0,1,25,2,28,0,1,49,0,50,0,2,74,2,78,28,2,30,108
05/20/2021,JXN,MI,AGL,CE,Federal Contract Tower,0,0,24,0,24,0,0,46,0,46,0,0,70,0,70,38,0,38,108
05/21/2021,JXN,MI,AGL,CE,Federal Contract Tower,0,4,11,0,15,0,2,40,0,42,0,6,51,0,57,18,0,18,75
05/22/2021,JXN,MI,AGL,CE,Federal Contract Tower,0,0,29,0,29,0,0,86,0,86,0,0,115,0,115,70,0,70,185
05/23/2021,JXN,MI,AGL,CE,Federal Contract Tower,0,0,9,0,9,0,0,40,0,40,0,0,49,0,49,26,0,26,75
05/24/2021,JXN,MI,AGL,CE,Federal Contract Tower,0,1,3,0,4,0,0,23,0,23,0,1,26,0,27,4,0,4,31
05/25/2021,JXN,MI,AGL,CE,Federal Contract Tower,0,4,11,0,15,0,4,21,0,25,0,8,32,0,40,24,0,24,64
05/26/2021,JXN,MI,AGL,CE,Federal Contract Tower,0,2,8,0,10,0,0,17,0,17,0,2,25,0,27,2,0,2,29
05/27/2021,JXN,MI,AGL,CE,Federal Contract Tower,0,4,38,0,42,0,0,55,0,55,0,4,93,0,97,24,0,24,121
05/28/2021,JXN,MI,AGL,CE,Federal Contract Tower,0,3,5,0,8,0,0,3,0,3,0,3,8,0,11,6,0,6,17
05/29/2021,JXN,MI,AGL,CE,Federal Contract Tower,0,1,19,0,20,0,0,55,0,55,0,1,74,0,75,46,0,46,121
05/30/2021,JXN,MI,AGL,CE,Federal Contract Tower,0,4,3,0,7,0,0,266,0,266,0,4,269,0,273,46,0,46,319
05/31/2021,JXN,MI,AGL,CE,Federal Contract Tower,0,0,7,0,7,0,1,37,0,38,0,1,44,0,45,42,0,42,87
06/01/2021,JXN,MI,AGL,CE,Federal Contract Tower,0,1,16,0,17,0,0,41,0,41,0,1,57,0,58,70,0,70,128
06/02/2021,JXN,MI,AGL,CE,Federal Contract Tower,0,9,18,0,27,0,0,28,0,28,0,9,46,0,55,24,0,24,79
06/03/2021,JXN,MI,AGL,CE,Federal Contract Tower,0,7,31,0,38,0,7,36,0,43,0,14,67,0,81,48,0,48,129
06/04/2021,JXN,MI,AGL,CE,Federal Contract Tower,0,6,12,0,18,0,6,45,0,51,0,12,57,0,69,18,0,18,87
06/05/2021,JXN,MI,AGL,CE,Federal Contract Tower,0,2,14,0,16,0,0,88,0,88,0,2,102,0,104,50,0,50,154
06/06/2021,JXN,MI,AGL,CE,Federal Contract Tower,0,4,6,0,10,0,0,46,0,46,0,4,52,0,56,24,0,24,80
06/07/2021,JXN,MI,AGL,CE,Federal Contract Tower,0,4,9,0,13,0,2,15,0,17,0,6,24,0,30,10,0,10,40
06/08/2021,JXN,MI,AGL,CE,Federal Contract Tower,0,4,5,0,9,0,5,14,0,19,0,9,19,0,28,10,0,10,38
06/09/2021,JXN,MI,AGL,CE,Federal Contract Tower,0,1,16,0,17,0,0,34,0,34,0,1,50,0,51,24,0,24,75
06/10/2021,JXN,MI,AGL,CE,Federal Contract Tower,0,2,27,0,29,0,0,35,0,35,0,2,62,0,64,56,0,56,120
06/11/2021,JXN,MI,AGL,CE,Federal Contract Tower,0,4,11,0,15,0,3,46,0,49,0,7,57,0,64,50,0,50,114
06/12/2021,JXN,MI,AGL,CE,Federal Contract Tower,0,0,9,0,9,0,0,27,0,27,0,0,36,0,36,20,0,20,56
06/13/2021,JXN,MI,AGL,CE,Federal Contract Tower,0,0,14,0,14,0,0,69,0,69,0,0,83,0,83,20,0,20,103
06/14/2021,JXN,MI,AGL,CE,Federal Contract Tower,0,0,4,0,4,0,0,19,0,19,0,0,23,0,23,4,0,4,27
06/15/2021,JXN,MI,AGL,CE,Federal Contract Tower,0,0,16,0,16,0,2,53,0,55,0,2,69,0,71,44,0,44,115
06/16/2021,JXN,MI,AGL,CE,Federal Contract Tower,0,2,13,0,15,0,0,64,0,64,0,2,77,0,79,26,0,26,105
06/17/2021,JXN,MI,AGL,CE,Federal Contract Tower,0,3,4,0,7,0,3,69,0,72,0,6,73,0,79,70,0,70,149
06/18/2021,JXN,MI,AGL,CE,Federal Contract Tower,0,6,4,0,10,0,0,8,0,8,0,6,12,0,18,0,0,0,18
06/19/2021,JXN,MI,AGL,CE,Federal Contract Tower,0,0,8,0,8,0,0,13,0,13,0,0,21,0,21,4,0,4,25
06/20/2021,JXN,MI,AGL,CE,Federal Contract Tower,0,0,13,0,13,0,0,23,0,23,0,0,36,0,36,2,0,2,38
06/21/2021,JXN,MI,AGL,CE,Federal Contract Tower,0,2,4,0,6,0,0,4,0,4,0,2,8,0,10,0,0,0,10
06/22/2021,JXN,MI,AGL,CE,Federal Contract Tower,0,0,9,0,9,0,0,55,0,55,0,0,64,0,64,70,0,70,134
06/24/2021,JXN,MI,AGL,CE,Federal Contract Tower,0,8,3,0,11,0,2,48,0,50,0,10,51,0,61,6,0,6,67
06/25/2021,JXN,MI,AGL,CE,Federal Contract Tower,0,1,5,0,6,0,0,0,0,0,0,1,5,0,6,0,0,0,6
06/26/2021,JXN,MI,AGL,CE,Federal Contract Tower,0,3,10,0,13,0,0,6,0,6,0,3,16,0,19,4,0,4,23
06/27/2021,JXN,MI,AGL,CE,Federal Contract Tower,0,4,5,0,9,0,0,10,0,10,0,4,15,0,19,2,0,2,21
06/28/2021,JXN,MI,AGL,CE,Federal Contract Tower,0,0,10,0,10,0,2,10,0,12,0,2,20,0,22,16,0,16,38
06/29/2021,JXN,MI,AGL,CE,Federal Contract Tower,0,0,6,0,6,0,0,19,0,19,0,0,25,0,25,0,0,0,25
06/30/2021,JXN,MI,AGL,CE,Federal Contract Tower,0,3,8,0,11,0,1,13,0,14,0,4,21,0,25,10,0,10,35
07/01/2021,JXN,MI,AGL,CE,Federal Contract Tower,0,3,27,0,30,0,0,30,0,30,0,3,57,0,60,46,0,46,106
07/02/2021,JXN,MI,AGL,CE,Federal Contract Tower,0,3,6,0,9,0,0,37,0,37,0,3,43,0,46,12,0,12,58
07/03/2021,JXN,MI,AGL,CE,Federal Contract Tower,0,1,5,0,6,0,0,57,0,57,0,1,62,0,63,12,0,12,75
07/04/2021,JXN,MI,AGL,CE,Federal Contract Tower,0,1,6,0,7,0,0,54,0,54,0,1,60,0,61,0,0,0,61
07/05/2021,JXN,MI,AGL,CE,Federal Contract Tower,0,6,20,0,26,0,4,28,0,32,0,10,48,0,58,40,0,40,98
07/06/2021,JXN,MI,AGL,CE,Federal Contract Tower,0,5,18,0,23,0,0,36,0,36,0,5,54,0,59,32,0,32,91
07/07/2021,JXN,MI,AGL,CE,Federal Contract Tower,0,4,8,0,12,0,0,15,0,15,0,4,23,0,27,2,0,2,29
07/09/2021,JXN,MI,AGL,CE,Federal Contract Tower,0,8,29,0,37,0,6,60,0,66,0,14,89,0,103,52,0,52,155
07/10/2021,JXN,MI,AGL,CE,Federal Contract Tower,0,1,23,0,24,0,0,77,0,77,0,1,100,0,101,70,0,70,171
07/11/2021,JXN,MI,AGL,CE,Federal Contract Tower,0,1,10,0,11,0,0,0,0,0,0,1,10,0,11,0,0,0,11
07/12/2021,JXN,MI,AGL,CE,Federal Contract Tower,0,1,14,0,15,0,0,0,0,0,0,1,14,0,15,4,0,4,19
07/13/2021,JXN,MI,AGL,CE,Federal Contract Tower,0,4,8,0,12,0,0,5,0,5,0,4,13,0,17,2,0,2,19
07/14/2021,JXN,MI,AGL,CE,Federal Contract Tower,0,1,23,0,24,0,2,54,0,56,0,3,77,0,80,44,0,44,124
07/15/2021,JXN,MI,AGL,CE,Federal Contract Tower,0,7,20,0,27,0,0,28,2,30,0,7,48,2,57,28,0,28,85
07/16/2021,JXN,MI,AGL,CE,Federal Contract Tower,0,4,10,0,14,0,0,0,0,0,0,4,10,0,14,0,0,0,14
07/17/2021,JXN,MI,AGL,CE,Federal Contract Tower,0,4,28,0,32,0,6,44,0,50,0,10,72,0,82,46,0,46,128
07/18/2021,JXN,MI,AGL,CE,Federal Contract Tower,0,2,6,0,8,0,0,98,0,98,0,2,104,0,106,16,0,16,122
07/19/2021,JXN,MI,AGL,CE,Federal Contract Tower,0,0,10,0,10,0,0,41,0,41,0,0,51,0,51,100,0,100,151
07/20/2021,JXN,MI,AGL,CE,Federal Contract Tower,0,8,9,0,17,0,1,50,2,53,0,9,59,2,70,88,0,88,158
07/21/2021,JXN,MI,AGL,CE,Federal Contract Tower,0,3,7,0,10,0,2,49,0,51,0,5,56,0,61,44,0,44,105
07/22/2021,JXN,MI,AGL,CE,Federal Contract Tower,0,4,13,0,17,0,3,47,0,50,0,7,60,0,67,18,2,20,87
07/23/2021,JXN,MI,AGL,CE,Federal Contract Tower,0,5,10,0,15,0,0,7,0,7,0,5,17,0,22,2,0,2,24
07/24/2021,JXN,MI,AGL,CE,Federal Contract Tower,0,3,12,0,15,0,1,4,0,5,0,4,16,0,20,0,0,0,20
07/25/2021,JXN,MI,AGL,CE,Federal Contract Tower,0,7,7,0,14,0,1,68,0,69,0,8,75,0,83,40,0,40,123
07/26/2021,JXN,MI,AGL,CE,Federal Contract Tower,0,1,8,0,9,0,0,45,2,47,0,1,53,2,56,42,0,42,98
07/27/2021,JXN,MI,AGL,CE,Federal Contract Tower,0,3,9,0,12,0,2,30,0,32,0,5,39,0,44,72,2,74,118
07/28/2021,JXN,MI,AGL,CE,Federal Contract Tower,0,9,14,0,23,0,1,43,0,44,0,10,57,0,67,14,0,14,81
07/29/2021,JXN,MI,AGL,CE,Federal Contract Tower,0,4,13,0,17,0,0,23,0,23,0,4,36,0,40,24,0,24,64
07/30/2021,JXN,MI,AGL,CE,Federal Contract Tower,0,5,17,0,22,0,0,43,0,43,0,5,60,0,65,8,0,8,73
07/31/2021,JXN,MI,AGL,CE,Federal Contract Tower,0,0,25,0,25,0,0,80,0,80,0,0,105,0,105,40,0,40,145
08/01/2021,JXN,MI,AGL,CE,Federal Contract Tower,0,1,10,0,11,0,2,18,0,20,0,3,28,0,31,16,0,16,47
08/02/2021,JXN,MI,AGL,CE,Federal Contract Tower,0,0,10,0,10,0,0,46,0,46,0,0,56,0,56,20,0,20,76
08/03/2021,JXN,MI,AGL,CE,Federal Contract Tower,0,0,29,0,29,0,0,71,0,71,0,0,100,0,100,32,0,32,132
08/04/2021,JXN,MI,AGL,CE,Federal Contract Tower,0,6,33,0,39,0,0,58,0,58,0,6,91,0,97,76,0,76,173
08/05/2021,JXN,MI,AGL,CE,Federal Contract Tower,0,7,18,0,25,0,4,58,0,62,0,11,76,0,87,44,0,44,131
08/06/2021,JXN,MI,AGL,CE,Federal Contract Tower,0,3,6,0,9,0,0,44,0,44,0,3,50,0,53,18,0,18,71
08/07/2021,JXN,MI,AGL,CE,Federal Contract Tower,0,0,15,0,15,0,0,27,0,27,0,0,42,0,42,42,0,42,84
08/08/2021,JXN,MI,AGL,CE,Federal Contract Tower,0,0,10,0,10,0,0,34,0,34,0,0,44,0,44,20,0,20,64
08/09/2021,JXN,MI,AGL,CE,Federal Contract Tower,2,4,5,0,11,0,0,16,5,21,2,4,21,5,32,20,0,20,52
08/10/2021,JXN,MI,AGL,CE,Federal Contract Tower,0,3,22,2,27,0,0,32,0,32,0,3,54,2,59,24,0,24,83
08/11/2021,JXN,MI,AGL,CE,Federal Contract Tower,0,3,5,0,8,0,0,23,0,23,0,3,28,0,31,8,0,8,39
08/12/2021,JXN,MI,AGL,CE,Federal Contract Tower,0,2,17,0,19,0,0,32,0,32,0,2,49,0,51,16,0,16,67
08/13/2021,JXN,MI,AGL,CE,Federal Contract Tower,0,3,25,0,28,0,0,45,0,45,0,3,70,0,73,24,0,24,97
08/14/2021,JXN,MI,AGL,CE,Federal Contract Tower,0,0,6,0,6,0,0,88,0,88,0,0,94,0,94,48,0,48,142
08/15/2021,JXN,MI,AGL,CE,Federal Contract Tower,0,1,10,2,13,0,0,76,2,78,0,1,86,4,91,54,2,56,147
08/16/2021,JXN,MI,AGL,CE,Federal Contract Tower,0,4,23,0,27,0,0,27,0,27,0,4,50,0,54,24,0,24,78
08/17/2021,JXN,MI,AGL,CE,Federal Contract Tower,0,0,19,0,19,0,0,33,0,33,0,0,52,0,52,42,0,42,94
08/18/2021,JXN,MI,AGL,CE,Federal Contract Tower,0,3,26,0,29,0,0,31,0,31,0,3,57,0,60,58,0,58,118
08/19/2021,JXN,MI,AGL,CE,Federal Contract Tower,0,3,15,0,18,0,0,33,0,33,0,3,48,0,51,38,0,38,89
08/20/2021,JXN,MI,AGL,CE,Federal Contract Tower,0,6,21,0,27,0,0,47,0,47,0,6,68,0,74,68,0,68,142
08/21/2021,JXN,MI,AGL,CE,Federal Contract Tower,0,10,28,2,40,0,0,100,5,105,0,10,128,7,145,82,0,82,227
08/22/2021,JXN,MI,AGL,CE,Federal Contract Tower,0,5,26,0,31,0,0,35,0,35,0,5,61,0,66,18,0,18,84
08/23/2021,JXN,MI,AGL,CE,Federal Contract Tower,0,3,18,0,21,0,2,52,0,54,0,5,70,0,75,62,0,62,137
08/24/2021,JXN,MI,AGL,CE,Federal Contract Tower,0,1,10,0,11,0,0,31,0,31,0,1,41,0,42,44,0,44,86
08/25/2021,JXN,MI,AGL,CE,Federal Contract Tower,0,3,17,0,20,0,0,38,0,38,0,3,55,0,58,22,0,22,80
08/26/2021,JXN,MI,AGL,CE,Federal Contract Tower,0,1,17,0,18,0,0,54,2,56,0,1,71,2,74,58,2,60,134
08/27/2021,JXN,MI,AGL,CE,Federal Contract Tower,0,1,6,0,7,0,0,33,0,33,0,1,39,0,40,44,0,44,84
08/28/2021,JXN,MI,AGL,CE,Federal Contract Tower,0,0,4,0,4,0,0,55,0,55,0,0,59,0,59,14,0,14,73
08/29/2021,JXN,MI,AGL,CE,Federal Contract Tower,0,0,6,0,6,0,0,33,0,33,0,0,39,0,39,8,0,8,47
08/30/2021,JXN,MI,AGL,CE,Federal Contract Tower,0,0,24,0,24,0,0,35,0,35,0,0,59,0,59,26,0,26,85
08/31/2021,JXN,MI,AGL,CE,Federal Contract Tower,0,1,5,0,6,0,1,41,0,42,0,2,46,0,48,20,0,20,68
09/01/2021,JXN,MI,AGL,CE,Federal Contract Tower,0,1,17,0,18,0,0,34,0,34,0,1,51,0,52,38,0,38,90
09/02/2021,JXN,MI,AGL,CE,Federal Contract Tower,0,4,8,0,12,0,0,42,0,42,0,4,50,0,54,50,0,50,104
09/03/2021,JXN,MI,AGL,CE,Federal Contract Tower,0,2,12,0,14,0,1,51,0,52,0,3,63,0,66,50,0,50,116
09/04/2021,JXN,MI,AGL,CE,Federal Contract Tower,0,0,13,0,13,0,0,49,0,49,0,0,62,0,62,28,0,28,90
09/05/2021,JXN,MI,AGL,CE,Federal Contract Tower,0,8,10,0,18,0,9,46,0,55,0,17,56,0,73,16,0,16,89
09/06/2021,JXN,MI,AGL,CE,Federal Contract Tower,0,5,10,0,15,0,1,23,0,24,0,6,33,0,39,18,0,18,57
09/08/2021,JXN,MI,AGL,CE,Federal Contract Tower,0,14,18,0,32,0,1,60,0,61,0,15,78,0,93,14,0,14,107
09/09/2021,JXN,MI,AGL,CE,Federal Contract Tower,0,4,14,0,18,0,1,42,0,43,0,5,56,0,61,68,0,68,129
09/10/2021,JXN,MI,AGL,CE,Federal Contract Tower,0,5,19,0,24,0,0,102,0,102,0,5,121,0,126,70,0,70,196
09/11/2021,JXN,MI,AGL,CE,Federal Contract Tower,0,3,14,0,17,0,0,54,0,54,0,3,68,0,71,20,0,20,91
09/12/2021,JXN,MI,AGL,CE,Federal Contract Tower,0,1,8,0,9,0,0,55,0,55,0,1,63,0,64,18,0,18,82
09/13/2021,JXN,MI,AGL,CE,Federal Contract Tower,0,2,7,0,9,0,0,18,0,18,0,2,25,0,27,4,0,4,31
09/14/2021,JXN,MI,AGL,CE,Federal Contract Tower,0,4,9,0,13,0,0,7,0,7,0,4,16,0,20,8,0,8,28
09/15/2021,JXN,MI,AGL,CE,Federal Contract Tower,0,3,8,0,11,0,0,46,0,46,0,3,54,0,57,62,0,62,119
09/16/2021,JXN,MI,AGL,CE,Federal Contract Tower,0,1,18,0,19,0,4,75,0,79,0,5,93,0,98,50,0,50,148
09/17/2021,JXN,MI,AGL,CE,Federal Contract Tower,0,3,20,0,23,0,0,56,0,56,0,3,76,0,79,54,0,54,133
09/18/2021,JXN,MI,AGL,CE,Federal Contract Tower,0,2,27,2,31,0,2,77,3,82,0,4,104,5,113,76,2,78,191
09/19/2021,JXN,MI,AGL,CE,Federal Contract Tower,0,1,22,0,23,0,0,69,0,69,0,1,91,0,92,20,0,20,112
09/20/2021,JXN,MI,AGL,CE,Federal Contract Tower,0,4,5,0,9,0,0,12,0,12,0,4,17,0,21,14,0,14,35
09/21/2021,JXN,MI,AGL,CE,Federal Contract Tower,0,3,18,0,21,0,0,4,0,4,0,3,22,0,25,6,0,6,31
09/22/2021,JXN,MI,AGL,CE,Federal Contract Tower,0,0,9,0,9,0,0,0,0,0,0,0,9,0,9,0,0,0,9
09/23/2021,JXN,MI,AGL,CE,Federal Contract Tower,0,1,9,0,10,0,0,1,0,1,0,1,10,0,11,0,0,0,11
09/24/2021,JXN,MI,AGL,CE,Federal Contract Tower,0,3,11,0,14,0,0,41,0,41,0,3,52,0,55,56,0,56,111
09/25/2021,JXN,MI,AGL,CE,Federal Contract Tower,0,1,9,0,10,0,0,26,0,26,0,1,35,0,36,12,0,12,48
09/26/2021,JXN,MI,AGL,CE,Federal Contract Tower,0,1,30,0,31,0,0,81,0,81,0,1,111,0,112,50,0,50,162
09/27/2021,JXN,MI,AGL,CE,Federal Contract Tower,0,13,6,0,19,0,0,20,0,20,0,13,26,0,39,36,0,36,75
09/28/2021,JXN,MI,AGL,CE,Federal Contract Tower,0,2,7,0,9,0,0,39,0,39,0,2,46,0,48,16,0,16,64
09/29/2021,JXN,MI,AGL,CE,Federal Contract Tower,0,2,15,0,17,0,0,35,0,35,0,2,50,0,52,36,0,36,88
09/30/2021,JXN,MI,AGL,CE,Federal Contract Tower,0,1,8,0,9,0,0,32,0,32,0,1,40,0,41,58,0,58,99
10/01/2021,JXN,MI,AGL,CE,Federal Contract Tower,0,4,14,0,18,0,0,69,0,69,0,4,83,0,87,66,0,66,153
10/02/2021,JXN,MI,AGL,CE,Federal Contract Tower,0,8,26,0,34,0,9,53,0,62,0,17,79,0,96,52,0,52,148
10/03/2021,JXN,MI,AGL,CE,Federal Contract Tower,0,2,9,0,11,0,0,0,0,0,0,2,9,0,11,0,0,0,11
10/04/2021,JXN,MI,AGL,CE,Federal Contract Tower,0,2,8,0,10,0,0,0,0,0,0,2,8,0,10,0,0,0,10
10/05/2021,JXN,MI,AGL,CE,Federal Contract Tower,0,2,8,0,10,0,0,1,0,1,0,2,9,0,11,0,0,0,11
10/06/2021,JXN,MI,AGL,CE,Federal Contract Tower,0,7,17,0,24,0,0,8,0,8,0,7,25,0,32,8,0,8,40
10/07/2021,JXN,MI,AGL,CE,Federal Contract Tower,0,2,5,0,7,0,0,4,0,4,0,2,9,0,11,4,0,4,15
10/08/2021,JXN,MI,AGL,CE,Federal Contract Tower,0,2,2,0,4,0,0,2,0,2,0,2,4,0,6,2,0,2,8
10/09/2021,JXN,MI,AGL,CE,Federal Contract Tower,0,6,8,0,14,0,4,36,0,40,0,10,44,0,54,48,0,48,102
10/10/2021,JXN,MI,AGL,CE,Federal Contract Tower,0,1,2,0,3,0,0,34,0,34,0,1,36,0,37,22,0,22,59
10/11/2021,JXN,MI,AGL,CE,Federal Contract Tower,0,1,8,0,9,0,0,30,0,30,0,1,38,0,39,58,0,58,97
10/12/2021,JXN,MI,AGL,CE,Federal Contract Tower,0,5,2,0,7,0,0,4,0,4,0,5,6,0,11,2,0,2,13
10/13/2021,JXN,MI,AGL,CE,Federal Contract Tower,0,6,15,0,21,0,5,37,0,42,0,11,52,0,63,62,0,62,125
10/14/2021,JXN,MI,AGL,CE,Federal Contract Tower,0,1,2,2,5,0,0,5,2,7,0,1,7,4,12,2,2,4,16
10/15/2021,JXN,MI,AGL,CE,Federal Contract Tower,0,1,11,0,12,0,0,8,0,8,0,1,19,0,20,0,0,0,20
10/16/2021,JXN,MI,AGL,CE,Federal Contract Tower,0,0,9,0,9,0,0,43,0,43,0,0,52,0,52,36,2,38,90
10/17/2021,JXN,MI,AGL,CE,Federal Contract Tower,0,0,26,0,26,0,0,69,0,69,0,0,95,0,95,10,0,10,105
10/18/2021,JXN,MI,AGL,CE,Federal Contract Tower,0,6,16,0,22,0,0,35,0,35,0,6,51,0,57,48,0,48,105
10/19/2021,JXN,MI,AGL,CE,Federal Contract Tower,0,5,15,2,22,0,0,58,0,58,0,5,73,2,80,62,0,62,142
10/20/2021,JXN,MI,AGL,CE,Federal Contract Tower,0,1,10,0,11,0,0,39,0,39,0,1,49,0,50,32,0,32,82
10/21/2021,JXN,MI,AGL,CE,Federal Contract Tower,0,3,9,0,12,0,0,9,0,9,0,3,18,0,21,6,0,6,27
10/22/2021,JXN,MI,AGL,CE,Federal Contract Tower,0,13,27,0,40,0,0,53,0,53,0,13,80,0,93,44,0,44,137
10/23/2021,JXN,MI,AGL,CE,Federal Contract Tower,0,3,31,0,34,0,0,71,0,71,0,3,102,0,105,36,0,36,141
10/24/2021,JXN,MI,AGL,CE,Federal Contract Tower,0,5,17,0,22,0,1,30,0,31,0,6,47,0,53,20,0,20,73
10/25/2021,JXN,MI,AGL,CE,Federal Contract Tower,0,3,4,0,7,0,0,0,0,0,0,3,4,0,7,0,0,0,7
10/26/2021,JXN,MI,AGL,CE,Federal Contract Tower,0,7,16,3,26,0,0,32,3,35,0,7,48,6,61,38,16,54,115
10/27/2021,JXN,MI,AGL,CE,Federal Contract Tower,0,3,11,0,14,0,0,13,0,13,0,3,24,0,27,8,0,8,35
10/28/2021,JXN,MI,AGL,CE,Federal Contract Tower,0,3,9,0,12,0,2,24,0,26,0,5,33,0,38,54,0,54,92
10/29/2021,JXN,MI,AGL,CE,Federal Contract Tower,0,3,0,0,3,0,0,0,0,0,0,3,0,0,3,0,0,0,3
10/30/2021,JXN,MI,AGL,CE,Federal Contract Tower,0,0,9,0,9,0,0,0,0,0,0,0,9,0,9,0,0,0,9
10/31/2021,JXN,MI,AGL,CE,Federal Contract Tower,0,2,42,0,44,0,0,21,0,21,0,2,63,0,65,24,0,24,89
11/01/2021,JXN,MI,AGL,CE,Federal Contract Tower,0,2,9,0,11,0,0,22,0,22,0,2,31,0,33,20,0,20,53
11/02/2021,JXN,MI,AGL,CE,Federal Contract Tower,0,6,6,0,12,0,0,22,0,22,0,6,28,0,34,28,0,28,62
11/03/2021,JXN,MI,AGL,CE,Federal Contract Tower,0,1,20,0,21,0,0,48,0,48,0,1,68,0,69,30,0,30,99
11/04/2021,JXN,MI,AGL,CE,Federal Contract Tower,0,1,12,0,13,0,0,41,0,41,0,1,53,0,54,46,0,46,100
11/05/2021,JXN,MI,AGL,CE,Federal Contract Tower,0,1,19,0,20,0,0,58,0,58,0,1,77,0,78,30,0,30,108
11/06/2021,JXN,MI,AGL,CE,Federal Contract Tower,0,0,17,0,17,0,0,68,0,68,0,0,85,0,85,28,0,28,113
11/07/2021,JXN,MI,AGL,CE,Federal Contract Tower,0,0,16,0,16,0,0,88,0,88,0,0,104,0,104,56,0,56,160
11/08/2021,JXN,MI,AGL,CE,Federal Contract Tower,0,4,15,0,19,0,5,55,0,60,0,9,70,0,79,54,0,54,133
11/09/2021,JXN,MI,AGL,CE,Federal Contract Tower,0,4,6,0,10,0,0,9,0,9,0,4,15,0,19,64,2,66,85
11/10/2021,JXN,MI,AGL,CE,Federal Contract Tower,0,1,8,1,10,0,0,37,1,38,0,1,45,2,48,60,0,60,108
11/11/2021,JXN,MI,AGL,CE,Federal Contract Tower,0,2,3,0,5,0,0,9,0,9,0,2,12,0,14,2,0,2,16
11/12/2021,JXN,MI,AGL,CE,Federal Contract Tower,0,2,3,0,5,0,0,5,0,5,0,2,8,0,10,4,0,4,14
11/13/2021,JXN,MI,AGL,CE,Federal Contract Tower,0,2,1,0,3,0,0,5,0,5,0,2,6,0,8,2,0,2,10
11/14/2021,JXN,MI,AGL,CE,Federal Contract Tower,0,0,0,0,0,0,0,0,0,0,0,0,0,0,0,0,0,0,0
11/15/2021,JXN,MI,AGL,CE,Federal Contract Tower,0,0,1,0,1,0,0,14,0,14,0,0,15,0,15,4,0,4,19
11/16/2021,JXN,MI,AGL,CE,Federal Contract Tower,0,8,26,0,34,0,14,43,1,58,0,22,69,1,92,54,8,62,154
11/17/2021,JXN,MI,AGL,CE,Federal Contract Tower,0,7,22,0,29,0,0,4,0,4,0,7,26,0,33,2,0,2,35
11/18/2021,JXN,MI,AGL,CE,Federal Contract Tower,0,7,4,0,11,0,9,0,2,11,0,16,4,2,22,13,0,13,35
11/19/2021,JXN,MI,AGL,CE,Federal Contract Tower,0,3,15,0,18,0,1,61,0,62,0,4,76,0,80,58,0,58,138
11/20/2021,JXN,MI,AGL,CE,Federal Contract Tower,0,1,16,0,17,0,0,50,0,50,0,1,66,0,67,36,0,36,103
11/21/2021,JXN,MI,AGL,CE,Federal Contract Tower,0,0,6,0,6,0,0,10,0,10,0,0,16,0,16,4,0,4,20
11/22/2021,JXN,MI,AGL,CE,Federal Contract Tower,0,2,3,0,5,0,6,16,0,22,0,8,19,0,27,32,0,32,59
11/23/2021,JXN,MI,AGL,CE,Federal Contract Tower,0,6,22,0,28,0,8,73,2,83,0,14,95,2,111,68,2,70,181
11/24/2021,JXN,MI,AGL,CE,Federal Contract Tower,0,3,3,0,6,0,0,22,0,22,0,3,25,0,28,2,0,2,30
11/25/2021,JXN,MI,AGL,CE,Federal Contract Tower,0,0,0,0,0,0,0,0,0,0,0,0,0,0,0,0,0,0,0
11/26/2021,JXN,MI,AGL,CE,Federal Contract Tower,0,1,5,0,6,0,0,18,0,18,0,1,23,0,24,2,0,2,26
11/27/2021,JXN,MI,AGL,CE,Federal Contract Tower,0,0,9,0,9,0,0,15,0,15,0,0,24,0,24,0,0,0,24
11/28/2021,JXN,MI,AGL,CE,Federal Contract Tower,0,0,2,0,2,0,0,8,0,8,0,0,10,0,10,8,0,8,18
11/29/2021,JXN,MI,AGL,CE,Federal Contract Tower,0,8,11,0,19,0,9,26,0,35,0,17,37,0,54,40,0,40,94
11/30/2021,JXN,MI,AGL,CE,Federal Contract Tower,0,1,5,2,8,0,0,9,2,11,0,1,14,4,19,20,2,22,41
12/01/2021,JXN,MI,AGL,CE,Federal Contract Tower,0,3,2,0,5,0,0,15,0,15,0,3,17,0,20,14,0,14,34
12/02/2021,JXN,MI,AGL,CE,Federal Contract Tower,0,2,2,0,4,0,0,24,0,24,0,2,26,0,28,6,0,6,34
12/03/2021,JXN,MI,AGL,CE,Federal Contract Tower,0,1,1,0,2,0,0,0,0,0,0,1,1,0,2,0,0,0,2
12/04/2021,JXN,MI,AGL,CE,Federal Contract Tower,0,1,15,0,16,0,4,62,0,66,0,5,77,0,82,46,0,46,128
12/05/2021,JXN,MI,AGL,CE,Federal Contract Tower,0,2,0,0,2,0,0,8,0,8,0,2,8,0,10,0,0,0,10
12/06/2021,JXN,MI,AGL,CE,Federal Contract Tower,0,3,3,0,6,0,0,4,0,4,0,3,7,0,10,0,0,0,10
12/07/2021,JXN,MI,AGL,CE,Federal Contract Tower,0,4,7,0,11,0,1,29,0,30,0,5,36,0,41,66,4,70,111
12/08/2021,JXN,MI,AGL,CE,Federal Contract Tower,0,4,4,1,9,0,4,19,1,24,0,8,23,2,33,16,0,16,49
12/09/2021,JXN,MI,AGL,CE,Federal Contract Tower,0,3,18,0,21,0,0,10,0,10,0,3,28,0,31,8,0,8,39
12/10/2021,JXN,MI,AGL,CE,Federal Contract Tower,0,1,9,0,10,0,2,12,0,14,0,3,21,0,24,4,0,4,28
12/11/2021,JXN,MI,AGL,CE,Federal Contract Tower,0,0,0,0,0,0,0,0,0,0,0,0,0,0,0,0,0,0,0
12/12/2021,JXN,MI,AGL,CE,Federal Contract Tower,0,0,21,0,21,0,0,59,0,59,0,0,80,0,80,20,0,20,100
12/13/2021,JXN,MI,AGL,CE,Federal Contract Tower,0,5,12,0,17,0,0,43,0,43,0,5,55,0,60,66,0,66,126
12/14/2021,JXN,MI,AGL,CE,Federal Contract Tower,0,2,6,0,8,0,2,39,0,41,0,4,45,0,49,40,0,40,89
12/15/2021,JXN,MI,AGL,CE,Federal Contract Tower,0,3,7,0,10,0,0,0,0,0,0,3,7,0,10,4,2,6,16
12/16/2021,JXN,MI,AGL,CE,Federal Contract Tower,0,1,4,0,5,0,0,3,0,3,0,1,7,0,8,0,0,0,8
12/17/2021,JXN,MI,AGL,CE,Federal Contract Tower,0,1,17,0,18,0,0,86,0,86,0,1,103,0,104,28,0,28,132
12/18/2021,JXN,MI,AGL,CE,Federal Contract Tower,0,3,0,0,3,0,0,0,0,0,0,3,0,0,3,0,0,0,3
12/19/2021,JXN,MI,AGL,CE,Federal Contract Tower,0,2,11,0,13,0,0,36,0,36,0,2,47,0,49,72,0,72,121
12/20/2021,JXN,MI,AGL,CE,Federal Contract Tower,0,8,1,0,9,0,1,33,0,34,0,9,34,0,43,54,0,54,97
12/21/2021,JXN,MI,AGL,CE,Federal Contract Tower,0,2,2,4,8,0,0,11,10,21,0,2,13,14,29,4,4,8,37
12/22/2021,JXN,MI,AGL,CE,Federal Contract Tower,0,9,11,0,20,0,2,15,0,17,0,11,26,0,37,4,0,4,41
12/23/2021,JXN,MI,AGL,CE,Federal Contract Tower,0,1,0,0,1,0,0,18,0,18,0,1,18,0,19,6,0,6,25
12/24/2021,JXN,MI,AGL,CE,Federal Contract Tower,0,0,2,0,2,0,0,0,0,0,0,0,2,0,2,0,0,0,2
12/25/2021,JXN,MI,AGL,CE,Federal Contract Tower,0,0,0,0,0,0,0,0,0,0,0,0,0,0,0,0,0,0,0
12/26/2021,JXN,MI,AGL,CE,Federal Contract Tower,0,1,3,0,4,0,0,80,0,80,0,1,83,0,84,80,0,80,164
12/27/2021,JXN,MI,AGL,CE,Federal Contract Tower,0,2,0,0,2,0,0,0,0,0,0,2,0,0,2,0,0,0,2
12/28/2021,JXN,MI,AGL,CE,Federal Contract Tower,0,0,11,0,11,0,0,28,0,28,0,0,39,0,39,60,0,60,99
12/29/2021,JXN,MI,AGL,CE,Federal Contract Tower,0,1,3,0,4,0,0,0,0,0,0,1,3,0,4,0,0,0,4
12/30/2021,JXN,MI,AGL,CE,Federal Contract Tower,0,2,4,0,6,0,0,10,0,10,0,2,14,0,16,0,0,0,16
12/31/2021,JXN,MI,AGL,CE,Federal Contract Tower,0,0,2,0,2,0,0,7,0,7,0,0,9,0,9,8,0,8,17
01/01/2022,JXN,MI,AGL,CE,Federal Contract Tower,0,0,0,0,0,0,0,0,0,0,0,0,0,0,0,0,0,0,0
01/02/2022,JXN,MI,AGL,CE,Federal Contract Tower,0,1,2,0,3,0,0,9,0,9,0,1,11,0,12,20,0,20,32
01/03/2022,JXN,MI,AGL,CE,Federal Contract Tower,0,3,16,0,19,0,2,23,0,25,0,5,39,0,44,44,0,44,88
01/04/2022,JXN,MI,AGL,CE,Federal Contract Tower,0,3,15,1,19,0,0,28,1,29,0,3,43,2,48,34,0,34,82
01/05/2022,JXN,MI,AGL,CE,Federal Contract Tower,0,1,0,0,1,0,0,0,0,0,0,1,0,0,1,0,0,0,1
01/06/2022,JXN,MI,AGL,CE,Federal Contract Tower,0,3,2,0,5,0,0,0,0,0,0,3,2,0,5,2,0,2,7
01/07/2022,JXN,MI,AGL,CE,Federal Contract Tower,0,2,7,0,9,0,2,21,0,23,0,4,28,0,32,10,0,10,42
01/08/2022,JXN,MI,AGL,CE,Federal Contract Tower,0,2,11,0,13,0,2,48,0,50,0,4,59,0,63,34,0,34,97
01/09/2022,JXN,MI,AGL,CE,Federal Contract Tower,0,2,0,0,2,0,0,1,0,1,0,2,1,0,3,0,0,0,3
01/10/2022,JXN,MI,AGL,CE,Federal Contract Tower,0,2,2,0,4,0,0,7,0,7,0,2,9,0,11,2,0,2,13
01/11/2022,JXN,MI,AGL,CE,Federal Contract Tower,0,0,11,0,11,0,1,23,3,27,0,1,34,3,38,32,10,42,80
01/12/2022,JXN,MI,AGL,CE,Federal Contract Tower,0,1,6,0,7,0,5,31,0,36,0,6,37,0,43,8,0,8,51
01/13/2022,JXN,MI,AGL,CE,Federal Contract Tower,0,1,7,0,8,0,0,0,0,0,0,1,7,0,8,0,0,0,8
01/14/2022,JXN,MI,AGL,CE,Federal Contract Tower,0,3,3,0,6,0,0,2,0,2,0,3,5,0,8,2,0,2,10
01/15/2022,JXN,MI,AGL,CE,Federal Contract Tower,0,0,34,0,34,0,0,95,2,97,0,0,129,2,131,70,4,74,205
01/16/2022,JXN,MI,AGL,CE,Federal Contract Tower,0,0,29,0,29,0,1,86,0,87,0,1,115,0,116,48,0,48,164
01/17/2022,JXN,MI,AGL,CE,Federal Contract Tower,0,1,3,0,4,0,0,2,0,2,0,1,5,0,6,0,0,0,6
01/18/2022,JXN,MI,AGL,CE,Federal Contract Tower,0,0,2,0,2,0,1,21,0,22,0,1,23,0,24,50,0,50,74
01/19/2022,JXN,MI,AGL,CE,Federal Contract Tower,0,2,3,0,5,0,0,4,5,9,0,2,7,5,14,0,0,0,14
01/20/2022,JXN,MI,AGL,CE,Federal Contract Tower,0,2,4,4,10,0,0,22,4,26,0,2,26,8,36,32,4,36,72
01/21/2022,JXN,MI,AGL,CE,Federal Contract Tower,0,4,9,0,13,0,2,61,0,63,0,6,70,0,76,36,0,36,112
01/22/2022,JXN,MI,AGL,CE,Federal Contract Tower,0,0,6,0,6,0,0,3,0,3,0,0,9,0,9,2,0,2,11
01/23/2022,JXN,MI,AGL,CE,Federal Contract Tower,0,0,4,0,4,0,0,0,0,0,0,0,4,0,4,2,0,2,6
01/24/2022,JXN,MI,AGL,CE,Federal Contract Tower,0,0,0,0,0,0,0,1,0,1,0,0,1,0,1,0,0,0,1
01/25/2022,JXN,MI,AGL,CE,Federal Contract Tower,0,2,1,0,3,0,0,7,0,7,0,2,8,0,10,0,0,0,10
01/26/2022,JXN,MI,AGL,CE,Federal Contract Tower,0,13,25,0,38,0,10,41,2,53,0,23,66,2,91,42,0,42,133
01/27/2022,JXN,MI,AGL,CE,Federal Contract Tower,0,3,11,4,18,0,0,12,4,16,0,3,23,8,34,16,4,20,54
01/28/2022,JXN,MI,AGL,CE,Federal Contract Tower,0,2,28,0,30,0,3,41,0,44,0,5,69,0,74,56,0,56,130
01/29/2022,JXN,MI,AGL,CE,Federal Contract Tower,0,2,13,0,15,0,2,31,0,33,0,4,44,0,48,4,0,4,52
01/30/2022,JXN,MI,AGL,CE,Federal Contract Tower,0,2,6,2,10,0,0,21,0,21,0,2,27,2,31,18,0,18,49
01/31/2022,JXN,MI,AGL,CE,Federal Contract Tower,0,0,11,0,11,0,7,23,0,30,0,7,34,0,41,40,0,40,81
02/01/2022,JXN,MI,AGL,CE,Federal Contract Tower,0,2,2,0,4,0,0,4,2,6,0,2,6,2,10,4,0,4,14
02/02/2022,JXN,MI,AGL,CE,Federal Contract Tower,0,1,0,0,1,0,0,0,0,0,0,1,0,0,1,0,0,0,1
02/03/2022,JXN,MI,AGL,CE,Federal Contract Tower,0,2,0,0,2,0,0,0,0,0,0,2,0,0,2,0,0,0,2
02/04/2022,JXN,MI,AGL,CE,Federal Contract Tower,0,3,6,0,9,0,0,26,0,26,0,3,32,0,35,30,0,30,65
02/05/2022,JXN,MI,AGL,CE,Federal Contract Tower,0,3,7,0,10,0,0,28,0,28,0,3,35,0,38,24,0,24,62
02/06/2022,JXN,MI,AGL,CE,Federal Contract Tower,0,1,20,0,21,0,0,37,0,37,0,1,57,0,58,51,0,51,109
02/07/2022,JXN,MI,AGL,CE,Federal Contract Tower,0,0,4,0,4,0,0,0,0,0,0,0,4,0,4,0,0,0,4
02/08/2022,JXN,MI,AGL,CE,Federal Contract Tower,0,8,2,0,10,0,6,24,0,30,0,14,26,0,40,14,0,14,54
02/09/2022,JXN,MI,AGL,CE,Federal Contract Tower,0,8,7,0,15,0,7,22,0,29,0,15,29,0,44,22,0,22,66
02/10/2022,JXN,MI,AGL,CE,Federal Contract Tower,0,6,4,0,10,0,3,7,1,11,0,9,11,1,21,14,2,16,37
02/11/2022,JXN,MI,AGL,CE,Federal Contract Tower,0,0,0,0,0,0,0,0,0,0,0,0,0,0,0,0,0,0,0
02/12/2022,JXN,MI,AGL,CE,Federal Contract Tower,0,0,10,0,10,0,0,15,0,15,0,0,25,0,25,18,0,18,43
02/13/2022,JXN,MI,AGL,CE,Federal Contract Tower,0,2,0,0,2,0,0,2,0,2,0,2,2,0,4,0,0,0,4
02/14/2022,JXN,MI,AGL,CE,Federal Contract Tower,0,0,6,0,6,0,0,8,0,8,0,0,14,0,14,32,0,32,46
02/15/2022,JXN,MI,AGL,CE,Federal Contract Tower,0,14,8,0,22,0,0,48,0,48,0,14,56,0,70,46,0,46,116
02/16/2022,JXN,MI,AGL,CE,Federal Contract Tower,0,1,3,0,4,0,1,2,0,3,0,2,5,0,7,0,0,0,7
02/17/2022,JXN,MI,AGL,CE,Federal Contract Tower,0,5,0,0,5,0,0,0,0,0,0,5,0,0,5,0,0,0,5
02/18/2022,JXN,MI,AGL,CE,Federal Contract Tower,0,12,3,0,15,0,1,31,0,32,0,13,34,0,47,24,0,24,71
02/19/2022,JXN,MI,AGL,CE,Federal Contract Tower,0,2,4,0,6,0,0,7,0,7,0,2,11,0,13,2,0,2,15
02/20/2022,JXN,MI,AGL,CE,Federal Contract Tower,0,2,5,0,7,0,0,2,0,2,0,2,7,0,9,0,0,0,9
02/21/2022,JXN,MI,AGL,CE,Federal Contract Tower,0,25,17,0,42,0,14,29,0,43,0,39,46,0,85,88,0,88,173
02/22/2022,JXN,MI,AGL,CE,Federal Contract Tower,0,1,4,0,5,0,0,0,0,0,0,1,4,0,5,0,0,0,5
02/23/2022,JXN,MI,AGL,CE,Federal Contract Tower,0,2,8,2,12,0,0,22,6,28,0,2,30,8,40,18,2,20,60
02/24/2022,JXN,MI,AGL,CE,Federal Contract Tower,0,9,4,0,13,0,4,35,0,39,0,13,39,0,52,46,0,46,98
02/25/2022,JXN,MI,AGL,CE,Federal Contract Tower,0,7,0,0,7,0,2,7,0,9,0,9,7,0,16,20,0,20,36
02/26/2022,JXN,MI,AGL,CE,Federal Contract Tower,0,4,14,0,18,0,0,26,0,26,0,4,40,0,44,18,0,18,62
02/27/2022,JXN,MI,AGL,CE,Federal Contract Tower,0,6,9,0,15,0,4,33,0,37,0,10,42,0,52,28,0,28,80
02/28/2022,JXN,MI,AGL,CE,Federal Contract Tower,0,13,18,0,31,0,5,43,0,48,0,18,61,0,79,48,0,48,127
03/01/2022,JXN,MI,AGL,CE,Federal Contract Tower,0,8,6,0,14,0,7,32,0,39,0,15,38,0,53,28,0,28,81
03/02/2022,JXN,MI,AGL,CE,Federal Contract Tower,0,2,5,2,9,0,1,45,2,48,0,3,50,4,57,74,6,80,137
03/03/2022,JXN,MI,AGL,CE,Federal Contract Tower,0,3,8,0,11,0,9,38,2,49,0,12,46,2,60,92,10,102,162
03/04/2022,JXN,MI,AGL,CE,Federal Contract Tower,0,6,13,0,19,0,0,65,0,65,0,6,78,0,84,90,0,90,174
03/05/2022,JXN,MI,AGL,CE,Federal Contract Tower,0,0,3,0,3,0,0,76,0,76,0,0,79,0,79,50,0,50,129
03/06/2022,JXN,MI,AGL,CE,Federal Contract Tower,0,1,1,0,2,0,0,0,0,0,0,1,1,0,2,0,0,0,2
03/07/2022,JXN,MI,AGL,CE,Federal Contract Tower,0,3,0,0,3,0,0,0,0,0,0,3,0,0,3,0,0,0,3
03/08/2022,JXN,MI,AGL,CE,Federal Contract Tower,0,2,12,0,14,0,2,41,0,43,0,4,53,0,57,72,0,72,129
03/09/2022,JXN,MI,AGL,CE,Federal Contract Tower,0,2,9,0,11,0,2,43,0,45,0,4,52,0,56,24,0,24,80
03/10/2022,JXN,MI,AGL,CE,Federal Contract Tower,0,7,11,0,18,0,2,47,0,49,0,9,58,0,67,44,2,46,113
03/11/2022,JXN,MI,AGL,CE,Federal Contract Tower,0,5,1,0,6,0,0,1,0,1,0,5,2,0,7,6,0,6,13
03/12/2022,JXN,MI,AGL,CE,Federal Contract Tower,0,0,0,0,0,0,0,6,0,6,0,0,6,0,6,6,0,6,12
03/13/2022,JXN,MI,AGL,CE,Federal Contract Tower,0,0,3,0,3,0,0,1,0,1,0,0,4,0,4,0,0,0,4
03/14/2022,JXN,MI,AGL,CE,Federal Contract Tower,0,9,26,0,35,0,8,47,0,55,0,17,73,0,90,78,0,78,168
03/15/2022,JXN,MI,AGL,CE,Federal Contract Tower,0,0,7,0,7,0,0,51,0,51,0,0,58,0,58,34,0,34,92
03/16/2022,JXN,MI,AGL,CE,Federal Contract Tower,0,4,21,0,25,0,7,57,0,64,0,11,78,0,89,62,0,62,151
03/17/2022,JXN,MI,AGL,CE,Federal Contract Tower,0,2,18,0,20,0,0,78,0,78,0,2,96,0,98,74,0,74,172
03/18/2022,JXN,MI,AGL,CE,Federal Contract Tower,0,7,6,0,13,0,6,23,0,29,0,13,29,0,42,26,0,26,68
03/19/2022,JXN,MI,AGL,CE,Federal Contract Tower,0,1,0,0,1,0,0,0,0,0,0,1,0,0,1,0,0,0,1
03/20/2022,JXN,MI,AGL,CE,Federal Contract Tower,0,1,17,0,18,0,0,94,0,94,0,1,111,0,112,96,0,96,208
03/21/2022,JXN,MI,AGL,CE,Federal Contract Tower,0,12,17,0,29,0,3,50,0,53,0,15,67,0,82,116,0,116,198
03/22/2022,JXN,MI,AGL,CE,Federal Contract Tower,0,1,5,0,6,0,4,9,0,13,0,5,14,0,19,18,0,18,37
03/23/2022,JXN,MI,AGL,CE,Federal Contract Tower,0,1,6,0,7,0,0,4,0,4,0,1,10,0,11,4,0,4,15
03/24/2022,JXN,MI,AGL,CE,Federal Contract Tower,0,3,4,0,7,0,0,4,0,4,0,3,8,0,11,4,0,4,15
03/25/2022,JXN,MI,AGL,CE,Federal Contract Tower,0,2,9,0,11,0,0,9,0,9,0,2,18,0,20,38,0,38,58
03/26/2022,JXN,MI,AGL,CE,Federal Contract Tower,0,1,3,0,4,0,0,3,0,3,0,1,6,0,7,0,0,0,7
03/27/2022,JXN,MI,AGL,CE,Federal Contract Tower,0,0,2,0,2,0,0,1,0,1,0,0,3,0,3,18,0,18,21
03/28/2022,JXN,MI,AGL,CE,Federal Contract Tower,0,0,10,0,10,0,13,30,0,43,0,13,40,0,53,22,0,22,75
03/29/2022,JXN,MI,AGL,CE,Federal Contract Tower,0,2,10,0,12,0,3,50,0,53,0,5,60,0,65,66,0,66,131
03/30/2022,JXN,MI,AGL,CE,Federal Contract Tower,0,0,0,0,0,0,0,2,4,6,0,0,2,4,6,0,0,0,6
03/31/2022,JXN,MI,AGL,CE,Federal Contract Tower,0,4,6,0,10,0,0,1,0,1,0,4,7,0,11,2,0,2,13
04/01/2022,JXN,MI,AGL,CE,Federal Contract Tower,0,1,3,0,4,0,0,9,0,9,0,1,12,0,13,28,0,28,41
04/02/2022,JXN,MI,AGL,CE,Federal Contract Tower,0,3,17,1,21,0,1,95,3,99,0,4,112,4,120,54,0,54,174
04/03/2022,JXN,MI,AGL,CE,Federal Contract Tower,0,11,5,0,16,0,9,14,0,23,0,20,19,0,39,48,0,48,87
04/04/2022,JXN,MI,AGL,CE,Federal Contract Tower,0,8,11,0,19,0,0,6,0,6,0,8,17,0,25,26,0,26,51
04/05/2022,JXN,MI,AGL,CE,Federal Contract Tower,0,4,8,3,15,0,0,35,2,37,0,4,43,5,52,30,2,32,84
04/06/2022,JXN,MI,AGL,CE,Federal Contract Tower,0,2,3,0,5,0,0,9,0,9,0,2,12,0,14,30,0,30,44
04/07/2022,JXN,MI,AGL,CE,Federal Contract Tower,0,1,1,0,2,0,0,14,2,16,0,1,15,2,18,20,0,20,38
04/08/2022,JXN,MI,AGL,CE,Federal Contract Tower,0,0,4,0,4,0,0,1,0,1,0,0,5,0,5,0,0,0,5
04/09/2022,JXN,MI,AGL,CE,Federal Contract Tower,0,0,21,0,21,0,0,26,0,26,0,0,47,0,47,66,0,66,113
04/10/2022,JXN,MI,AGL,CE,Federal Contract Tower,0,4,21,0,25,0,8,123,0,131,0,12,144,0,156,60,0,60,216
04/11/2022,JXN,MI,AGL,CE,Federal Contract Tower,0,0,1,0,1,0,6,24,0,30,0,6,25,0,31,26,0,26,57
04/12/2022,JXN,MI,AGL,CE,Federal Contract Tower,0,10,19,0,29,0,15,67,0,82,0,25,86,0,111,62,0,62,173
04/13/2022,JXN,MI,AGL,CE,Federal Contract Tower,0,0,2,0,2,0,0,2,0,2,0,0,4,0,4,2,0,2,6
04/14/2022,JXN,MI,AGL,CE,Federal Contract Tower,0,1,2,1,4,0,0,5,1,6,0,1,7,2,10,0,0,0,10
04/15/2022,JXN,MI,AGL,CE,Federal Contract Tower,0,2,0,0,2,0,3,3,0,6,0,5,3,0,8,0,0,0,8
04/16/2022,JXN,MI,AGL,CE,Federal Contract Tower,0,2,19,0,21,0,2,49,0,51,0,4,68,0,72,20,0,20,92
04/17/2022,JXN,MI,AGL,CE,Federal Contract Tower,0,2,8,0,10,0,1,56,0,57,0,3,64,0,67,70,0,70,137
04/18/2022,JXN,MI,AGL,CE,Federal Contract Tower,0,3,5,0,8,0,0,0,0,0,0,3,5,0,8,0,0,0,8
04/19/2022,JXN,MI,AGL,CE,Federal Contract Tower,0,0,19,0,19,0,0,12,0,12,0,0,31,0,31,6,0,6,37
04/20/2022,JXN,MI,AGL,CE,Federal Contract Tower,0,0,11,0,11,0,2,40,2,44,0,2,51,2,55,36,0,36,91
04/21/2022,JXN,MI,AGL,CE,Federal Contract Tower,0,2,4,0,6,0,0,7,2,9,0,2,11,2,15,12,0,12,27
04/22/2022,JXN,MI,AGL,CE,Federal Contract Tower,0,0,9,0,9,0,2,33,0,35,0,2,42,0,44,52,0,52,96
04/23/2022,JXN,MI,AGL,CE,Federal Contract Tower,0,0,17,0,17,0,2,79,0,81,0,2,96,0,98,24,0,24,122
04/24/2022,JXN,MI,AGL,CE,Federal Contract Tower,0,0,5,0,5,0,0,22,0,22,0,0,27,0,27,14,0,14,41
04/25/2022,JXN,MI,AGL,CE,Federal Contract Tower,0,0,8,0,8,0,0,12,0,12,0,0,20,0,20,36,0,36,56
04/26/2022,JXN,MI,AGL,CE,Federal Contract Tower,0,5,6,0,11,0,3,6,0,9,0,8,12,0,20,8,0,8,28
04/27/2022,JXN,MI,AGL,CE,Federal Contract Tower,0,1,7,0,8,0,6,35,0,41,0,7,42,0,49,46,0,46,95
04/28/2022,JXN,MI,AGL,CE,Federal Contract Tower,0,3,16,0,19,0,0,82,0,82,0,3,98,0,101,84,0,84,185
04/29/2022,JXN,MI,AGL,CE,Federal Contract Tower,0,7,25,0,32,0,9,68,0,77,0,16,93,0,109,92,0,92,201
04/30/2022,JXN,MI,AGL,CE,Federal Contract Tower,0,2,8,0,10,0,0,39,0,39,0,2,47,0,49,44,0,44,93
05/01/2022,JXN,MI,AGL,CE,Federal Contract Tower,0,0,4,0,4,0,0,6,0,6,0,0,10,0,10,6,0,6,16
05/02/2022,JXN,MI,AGL,CE,Federal Contract Tower,0,0,7,0,7,0,0,12,0,12,0,0,19,0,19,12,0,12,31
05/03/2022,JXN,MI,AGL,CE,Federal Contract Tower,0,2,4,0,6,0,0,2,0,2,0,2,6,0,8,2,0,2,10
05/04/2022,JXN,MI,AGL,CE,Federal Contract Tower,0,4,7,0,11,0,2,37,0,39,0,6,44,0,50,32,0,32,82
05/05/2022,JXN,MI,AGL,CE,Federal Contract Tower,0,0,21,0,21,0,2,39,0,41,0,2,60,0,62,74,0,74,136
05/06/2022,JXN,MI,AGL,CE,Federal Contract Tower,0,2,6,0,8,0,0,2,0,2,0,2,8,0,10,2,0,2,12
05/07/2022,JXN,MI,AGL,CE,Federal Contract Tower,0,7,14,0,21,0,0,69,0,69,0,7,83,0,90,32,0,32,122
05/08/2022,JXN,MI,AGL,CE,Federal Contract Tower,0,3,13,0,16,0,0,61,0,61,0,3,74,0,77,22,0,22,99
05/09/2022,JXN,MI,AGL,CE,Federal Contract Tower,0,5,3,0,8,0,4,19,0,23,0,9,22,0,31,12,0,12,43
05/10/2022,JXN,MI,AGL,CE,Federal Contract Tower,0,5,31,1,37,0,4,82,3,89,0,9,113,4,126,98,0,98,224
05/11/2022,JXN,MI,AGL,CE,Federal Contract Tower,0,0,22,0,22,0,0,67,2,69,0,0,89,2,91,56,0,56,147
05/12/2022,JXN,MI,AGL,CE,Federal Contract Tower,0,5,14,0,19,0,3,56,0,59,0,8,70,0,78,80,0,80,158
05/13/2022,JXN,MI,AGL,CE,Federal Contract Tower,0,6,16,0,22,0,0,57,4,61,0,6,73,4,83,48,0,48,131
05/14/2022,JXN,MI,AGL,CE,Federal Contract Tower,0,0,3,0,3,0,0,58,6,64,0,0,61,6,67,8,0,8,75
05/15/2022,JXN,MI,AGL,CE,Federal Contract Tower,0,8,13,0,21,0,9,51,0,60,0,17,64,0,81,54,0,54,135
05/16/2022,JXN,MI,AGL,CE,Federal Contract Tower,0,0,24,0,24,0,0,44,0,44,0,0,68,0,68,30,0,30,98
05/17/2022,JXN,MI,AGL,CE,Federal Contract Tower,0,0,7,0,7,0,2,53,1,56,0,2,60,1,63,40,0,40,103
05/18/2022,JXN,MI,AGL,CE,Federal Contract Tower,0,0,2,0,2,0,0,6,0,6,0,0,8,0,8,0,0,0,8
05/19/2022,JXN,MI,AGL,CE,Federal Contract Tower,0,4,9,0,13,0,0,40,0,40,0,4,49,0,53,56,0,56,109
05/20/2022,JXN,MI,AGL,CE,Federal Contract Tower,0,4,3,0,7,0,4,36,0,40,0,8,39,0,47,86,0,86,133
05/21/2022,JXN,MI,AGL,CE,Federal Contract Tower,0,0,1,0,1,0,0,18,0,18,0,0,19,0,19,34,0,34,53
05/22/2022,JXN,MI,AGL,CE,Federal Contract Tower,0,1,11,0,12,0,0,16,0,16,0,1,27,0,28,28,0,28,56
05/23/2022,JXN,MI,AGL,CE,Federal Contract Tower,0,0,14,0,14,0,0,55,0,55,0,0,69,0,69,66,0,66,135
05/24/2022,JXN,MI,AGL,CE,Federal Contract Tower,0,0,11,3,14,0,12,62,0,74,0,12,73,3,88,104,0,104,192
05/25/2022,JXN,MI,AGL,CE,Federal Contract Tower,0,6,3,0,9,0,0,14,0,14,0,6,17,0,23,68,0,68,91
05/26/2022,JXN,MI,AGL,CE,Federal Contract Tower,0,0,9,0,9,0,0,33,0,33,0,0,42,0,42,40,0,40,82
05/27/2022,JXN,MI,AGL,CE,Federal Contract Tower,0,3,11,0,14,0,0,12,0,12,0,3,23,0,26,16,0,16,42
05/28/2022,JXN,MI,AGL,CE,Federal Contract Tower,0,9,11,4,24,0,8,77,0,85,0,17,88,4,109,54,0,54,163
05/29/2022,JXN,MI,AGL,CE,Federal Contract Tower,0,1,0,0,1,0,0,88,0,88,0,1,88,0,89,30,0,30,119
05/30/2022,JXN,MI,AGL,CE,Federal Contract Tower,0,2,8,0,10,0,0,36,0,36,0,2,44,0,46,20,0,20,66
05/31/2022,JXN,MI,AGL,CE,Federal Contract Tower,0,3,3,0,6,0,4,26,0,30,0,7,29,0,36,16,0,16,52
06/01/2022,JXN,MI,AGL,CE,Federal Contract Tower,0,0,20,0,20,0,10,45,0,55,0,10,65,0,75,88,0,88,163
06/02/2022,JXN,MI,AGL,CE,Federal Contract Tower,0,2,19,0,21,0,4,54,2,60,0,6,73,2,81,72,2,74,155
06/03/2022,JXN,MI,AGL,CE,Federal Contract Tower,0,2,11,0,13,0,0,47,0,47,0,2,58,0,60,30,0,30,90
06/04/2022,JXN,MI,AGL,CE,Federal Contract Tower,0,5,8,0,13,0,6,68,0,74,0,11,76,0,87,52,0,52,139
06/05/2022,JXN,MI,AGL,CE,Federal Contract Tower,0,1,10,0,11,0,0,48,0,48,0,1,58,0,59,22,0,22,81
06/06/2022,JXN,MI,AGL,CE,Federal Contract Tower,0,2,7,0,9,0,3,15,0,18,0,5,22,0,27,26,0,26,53
06/07/2022,JXN,MI,AGL,CE,Federal Contract Tower,0,0,30,0,30,0,0,22,16,38,0,0,52,16,68,22,0,22,90
06/08/2022,JXN,MI,AGL,CE,Federal Contract Tower,0,2,10,0,12,0,0,71,0,71,0,2,81,0,83,120,0,120,203
06/09/2022,JXN,MI,AGL,CE,Federal Contract Tower,0,4,17,0,21,0,0,39,0,39,0,4,56,0,60,46,0,46,106
06/10/2022,JXN,MI,AGL,CE,Federal Contract Tower,0,2,37,0,39,0,2,72,0,74,0,4,109,0,113,62,0,62,175
06/11/2022,JXN,MI,AGL,CE,Federal Contract Tower,0,2,12,0,14,0,0,91,0,91,0,2,103,0,105,124,0,124,229
06/12/2022,JXN,MI,AGL,CE,Federal Contract Tower,0,0,15,0,15,0,2,34,16,52,0,2,49,16,67,20,0,20,87
06/13/2022,JXN,MI,AGL,CE,Federal Contract Tower,0,5,7,0,12,0,2,31,0,33,0,7,38,0,45,54,0,54,99
06/14/2022,JXN,MI,AGL,CE,Federal Contract Tower,0,4,17,0,21,0,2,23,0,25,0,6,40,0,46,56,0,56,102
06/15/2022,JXN,MI,AGL,CE,Federal Contract Tower,0,0,11,0,11,0,4,46,0,50,0,4,57,0,61,56,0,56,117
06/16/2022,JXN,MI,AGL,CE,Federal Contract Tower,0,1,4,0,5,0,9,22,0,31,0,10,26,0,36,16,0,16,52
06/17/2022,JXN,MI,AGL,CE,Federal Contract Tower,0,3,4,0,7,0,0,44,0,44,0,3,48,0,51,14,0,14,65
06/18/2022,JXN,MI,AGL,CE,Federal Contract Tower,0,3,23,0,26,0,0,67,0,67,0,3,90,0,93,38,0,38,131
06/19/2022,JXN,MI,AGL,CE,Federal Contract Tower,0,2,5,0,7,0,0,61,0,61,0,2,66,0,68,66,0,66,134
06/20/2022,JXN,MI,AGL,CE,Federal Contract Tower,0,0,15,0,15,0,4,44,0,48,0,4,59,0,63,118,0,118,181
06/21/2022,JXN,MI,AGL,CE,Federal Contract Tower,0,1,18,0,19,0,0,57,0,57,0,1,75,0,76,118,0,118,194
06/22/2022,JXN,MI,AGL,CE,Federal Contract Tower,0,4,10,0,14,0,0,44,0,44,0,4,54,0,58,42,0,42,100
06/23/2022,JXN,MI,AGL,CE,Federal Contract Tower,0,2,6,0,8,0,0,64,0,64,0,2,70,0,72,90,0,90,162
06/24/2022,JXN,MI,AGL,CE,Federal Contract Tower,0,5,15,0,20,0,22,65,0,87,0,27,80,0,107,60,0,60,167
06/25/2022,JXN,MI,AGL,CE,Federal Contract Tower,0,0,0,2,2,0,4,144,13,161,0,4,144,15,163,123,4,127,290
06/26/2022,JXN,MI,AGL,CE,Federal Contract Tower,0,1,7,0,8,0,0,16,0,16,0,1,23,0,24,18,0,18,42
06/27/2022,JXN,MI,AGL,CE,Federal Contract Tower,0,4,4,0,8,0,0,25,0,25,0,4,29,0,33,22,0,22,55
06/28/2022,JXN,MI,AGL,CE,Federal Contract Tower,0,5,11,0,16,0,10,48,0,58,0,15,59,0,74,56,0,56,130
06/29/2022,JXN,MI,AGL,CE,Federal Contract Tower,0,2,14,0,16,0,17,51,0,68,0,19,65,0,84,48,0,48,132
06/30/2022,JXN,MI,AGL,CE,Federal Contract Tower,0,2,7,0,9,0,0,46,0,46,0,2,53,0,55,72,2,74,129
07/01/2022,JXN,MI,AGL,CE,Federal Contract Tower,0,3,5,0,8,0,2,41,0,43,0,5,46,0,51,106,0,106,157
07/02/2022,JXN,MI,AGL,CE,Federal Contract Tower,0,0,13,0,13,0,0,71,0,71,0,0,84,0,84,60,0,60,144
07/03/2022,JXN,MI,AGL,CE,Federal Contract Tower,0,0,6,0,6,0,0,41,0,41,0,0,47,0,47,20,0,20,67
07/04/2022,JXN,MI,AGL,CE,Federal Contract Tower,0,1,3,0,4,0,0,38,0,38,0,1,41,0,42,46,0,46,88
07/05/2022,JXN,MI,AGL,CE,Federal Contract Tower,0,1,12,0,13,0,0,18,0,18,0,1,30,0,31,14,0,14,45
07/06/2022,JXN,MI,AGL,CE,Federal Contract Tower,0,0,17,0,17,0,0,17,0,17,0,0,34,0,34,20,0,20,54
07/07/2022,JXN,MI,AGL,CE,Federal Contract Tower,0,4,17,0,21,0,5,38,0,43,0,9,55,0,64,94,0,94,158
07/08/2022,JXN,MI,AGL,CE,Federal Contract Tower,0,2,13,0,15,0,0,30,0,30,0,2,43,0,45,74,0,74,119
07/09/2022,JXN,MI,AGL,CE,Federal Contract Tower,0,2,2,0,4,0,0,73,3,76,0,2,75,3,80,32,0,32,112
07/10/2022,JXN,MI,AGL,CE,Federal Contract Tower,0,0,12,2,14,0,0,71,0,71,0,0,83,2,85,46,0,46,131
07/11/2022,JXN,MI,AGL,CE,Federal Contract Tower,0,2,6,0,8,0,4,32,0,36,0,6,38,0,44,46,0,46,90
07/12/2022,JXN,MI,AGL,CE,Federal Contract Tower,0,2,7,0,9,0,1,33,0,34,0,3,40,0,43,72,0,72,115
07/13/2022,JXN,MI,AGL,CE,Federal Contract Tower,0,4,14,0,18,0,7,25,0,32,0,11,39,0,50,24,0,24,74
07/14/2022,JXN,MI,AGL,CE,Federal Contract Tower,0,7,18,0,25,0,2,45,0,47,0,9,63,0,72,66,0,66,138
07/15/2022,JXN,MI,AGL,CE,Federal Contract Tower,0,4,2,0,6,0,1,46,0,47,0,5,48,0,53,54,0,54,107
07/16/2022,JXN,MI,AGL,CE,Federal Contract Tower,0,5,29,0,34,0,0,57,0,57,0,5,86,0,91,96,0,96,187
07/17/2022,JXN,MI,AGL,CE,Federal Contract Tower,0,2,5,0,7,0,0,5,1,6,0,2,10,1,13,8,0,8,21
07/18/2022,JXN,MI,AGL,CE,Federal Contract Tower,0,1,31,0,32,0,14,52,0,66,0,15,83,0,98,68,0,68,166
07/19/2022,JXN,MI,AGL,CE,Federal Contract Tower,0,1,19,2,22,0,0,65,2,67,0,1,84,4,89,94,0,94,183
07/20/2022,JXN,MI,AGL,CE,Federal Contract Tower,0,6,2,0,8,0,0,13,0,13,0,6,15,0,21,18,0,18,39
07/21/2022,JXN,MI,AGL,CE,Federal Contract Tower,0,2,6,0,8,0,0,45,0,45,0,2,51,0,53,40,0,40,93
07/22/2022,JXN,MI,AGL,CE,Federal Contract Tower,0,6,10,0,16,0,0,81,0,81,0,6,91,0,97,68,0,68,165
07/23/2022,JXN,MI,AGL,CE,Federal Contract Tower,0,9,8,0,17,0,0,42,0,42,0,9,50,0,59,76,0,76,135
07/24/2022,JXN,MI,AGL,CE,Federal Contract Tower,0,3,3,0,6,0,0,15,0,15,0,3,18,0,21,14,0,14,35
07/25/2022,JXN,MI,AGL,CE,Federal Contract Tower,0,3,12,0,15,0,2,43,2,47,0,5,55,2,62,28,0,28,90
07/26/2022,JXN,MI,AGL,CE,Federal Contract Tower,0,4,27,0,31,0,0,80,0,80,0,4,107,0,111,48,0,48,159
07/27/2022,JXN,MI,AGL,CE,Federal Contract Tower,0,6,26,0,32,0,5,29,0,34,0,11,55,0,66,44,0,44,110
07/28/2022,JXN,MI,AGL,CE,Federal Contract Tower,0,4,26,0,30,0,10,38,0,48,0,14,64,0,78,26,0,26,104
07/29/2022,JXN,MI,AGL,CE,Federal Contract Tower,0,6,13,0,19,0,4,43,0,47,0,10,56,0,66,42,0,42,108
07/30/2022,JXN,MI,AGL,CE,Federal Contract Tower,0,1,14,0,15,0,2,87,0,89,0,3,101,0,104,72,0,72,176
07/31/2022,JXN,MI,AGL,CE,Federal Contract Tower,0,0,22,0,22,0,0,86,0,86,0,0,108,0,108,54,0,54,162
08/01/2022,JXN,MI,AGL,CE,Federal Contract Tower,0,2,2,0,4,0,2,3,0,5,0,4,5,0,9,18,0,18,27
08/02/2022,JXN,MI,AGL,CE,Federal Contract Tower,0,5,22,0,27,0,18,59,2,79,0,23,81,2,106,70,0,70,176
08/03/2022,JXN,MI,AGL,CE,Federal Contract Tower,0,15,4,0,19,0,11,20,0,31,0,26,24,0,50,58,0,58,108
08/04/2022,JXN,MI,AGL,CE,Federal Contract Tower,0,1,13,0,14,0,0,5,0,5,0,1,18,0,19,8,0,8,27
08/05/2022,JXN,MI,AGL,CE,Federal Contract Tower,0,4,21,0,25,0,0,9,0,9,0,4,30,0,34,0,0,0,34
08/06/2022,JXN,MI,AGL,CE,Federal Contract Tower,0,6,16,0,22,0,1,69,2,72,0,7,85,2,94,76,0,76,170
08/07/2022,JXN,MI,AGL,CE,Federal Contract Tower,0,17,21,0,38,0,2,51,10,63,0,19,72,10,101,50,0,50,151
08/08/2022,JXN,MI,AGL,CE,Federal Contract Tower,0,5,6,0,11,0,2,10,0,12,0,7,16,0,23,2,0,2,25
08/09/2022,JXN,MI,AGL,CE,Federal Contract Tower,0,1,18,0,19,0,2,91,0,93,0,3,109,0,112,112,0,112,224
08/10/2022,JXN,MI,AGL,CE,Federal Contract Tower,0,0,13,0,13,0,0,74,0,74,0,0,87,0,87,68,0,68,155
08/11/2022,JXN,MI,AGL,CE,Federal Contract Tower,0,0,31,0,31,0,4,71,0,75,0,4,102,0,106,78,0,78,184
08/12/2022,JXN,MI,AGL,CE,Federal Contract Tower,0,1,16,0,17,0,1,63,0,64,0,2,79,0,81,66,0,66,147
08/13/2022,JXN,MI,AGL,CE,Federal Contract Tower,0,1,5,0,6,0,0,27,0,27,0,1,32,0,33,40,0,40,73
08/14/2022,JXN,MI,AGL,CE,Federal Contract Tower,0,3,16,0,19,0,0,32,2,34,0,3,48,2,53,46,0,46,99
08/15/2022,JXN,MI,AGL,CE,Federal Contract Tower,0,3,11,0,14,0,0,42,0,42,0,3,53,0,56,44,0,44,100
08/16/2022,JXN,MI,AGL,CE,Federal Contract Tower,0,2,17,2,21,0,0,58,2,60,0,2,75,4,81,88,0,88,169
08/17/2022,JXN,MI,AGL,CE,Federal Contract Tower,0,3,10,0,13,0,0,43,0,43,0,3,53,0,56,28,0,28,84
08/18/2022,JXN,MI,AGL,CE,Federal Contract Tower,0,1,11,1,13,0,0,56,4,60,0,1,67,5,73,108,0,108,181
08/19/2022,JXN,MI,AGL,CE,Federal Contract Tower,0,2,9,0,11,0,0,52,0,52,0,2,61,0,63,98,0,98,161
08/20/2022,JXN,MI,AGL,CE,Federal Contract Tower,0,3,0,0,3,0,0,37,1,38,0,3,37,1,41,40,0,40,81
08/21/2022,JXN,MI,AGL,CE,Federal Contract Tower,0,2,3,0,5,0,0,4,0,4,0,2,7,0,9,0,0,0,9
08/22/2022,JXN,MI,AGL,CE,Federal Contract Tower,0,5,14,0,19,0,0,33,0,33,0,5,47,0,52,72,0,72,124
08/23/2022,JXN,MI,AGL,CE,Federal Contract Tower,0,0,13,2,15,0,0,64,4,68,0,0,77,6,83,78,2,80,163
08/24/2022,JXN,MI,AGL,CE,Federal Contract Tower,0,2,26,0,28,0,1,50,0,51,0,3,76,0,79,76,0,76,155
08/25/2022,JXN,MI,AGL,CE,Federal Contract Tower,0,0,13,0,13,0,0,32,0,32,0,0,45,0,45,36,0,36,81
08/26/2022,JXN,MI,AGL,CE,Federal Contract Tower,0,6,33,0,39,0,0,26,0,26,0,6,59,0,65,18,0,18,83
08/27/2022,JXN,MI,AGL,CE,Federal Contract Tower,0,0,12,0,12,0,2,73,0,75,0,2,85,0,87,110,0,110,197
08/28/2022,JXN,MI,AGL,CE,Federal Contract Tower,0,0,10,0,10,0,0,60,0,60,0,0,70,0,70,56,0,56,126
08/29/2022,JXN,MI,AGL,CE,Federal Contract Tower,0,3,7,0,10,0,1,2,0,3,0,4,9,0,13,0,0,0,13
08/30/2022,JXN,MI,AGL,CE,Federal Contract Tower,0,2,8,0,10,0,0,33,0,33,0,2,41,0,43,38,0,38,81
08/31/2022,JXN,MI,AGL,CE,Federal Contract Tower,0,4,7,0,11,0,0,38,0,38,0,4,45,0,49,50,0,50,99
09/01/2022,JXN,MI,AGL,CE,Federal Contract Tower,0,0,6,0,6,0,0,76,0,76,0,0,82,0,82,68,0,68,150
09/02/2022,JXN,MI,AGL,CE,Federal Contract Tower,0,3,1,0,4,0,0,59,0,59,0,3,60,0,63,74,0,74,137
09/03/2022,JXN,MI,AGL,CE,Federal Contract Tower,0,4,12,0,16,0,5,84,0,89,0,9,96,0,105,56,0,56,161
09/04/2022,JXN,MI,AGL,CE,Federal Contract Tower,0,0,10,0,10,0,0,1,0,1,0,0,11,0,11,0,0,0,11
09/05/2022,JXN,MI,AGL,CE,Federal Contract Tower,0,0,3,0,3,0,0,7,0,7,0,0,10,0,10,0,0,0,10
09/06/2022,JXN,MI,AGL,CE,Federal Contract Tower,0,4,15,0,19,0,0,29,0,29,0,4,44,0,48,20,0,20,68
09/07/2022,JXN,MI,AGL,CE,Federal Contract Tower,0,2,5,0,7,0,0,35,0,35,0,2,40,0,42,30,0,30,72
09/08/2022,JXN,MI,AGL,CE,Federal Contract Tower,0,1,11,0,12,0,0,46,0,46,0,1,57,0,58,66,0,66,124
09/09/2022,JXN,MI,AGL,CE,Federal Contract Tower,0,6,8,2,16,0,2,59,2,63,0,8,67,4,79,38,2,40,119
09/10/2022,JXN,MI,AGL,CE,Federal Contract Tower,0,0,5,0,5,0,0,60,0,60,0,0,65,0,65,18,0,18,83
09/11/2022,JXN,MI,AGL,CE,Federal Contract Tower,0,0,14,0,14,0,0,10,0,10,0,0,24,0,24,10,0,10,34
09/12/2022,JXN,MI,AGL,CE,Federal Contract Tower,0,0,12,0,12,0,3,19,0,22,0,3,31,0,34,14,0,14,48
09/13/2022,JXN,MI,AGL,CE,Federal Contract Tower,0,3,15,0,18,0,2,22,0,24,0,5,37,0,42,50,0,50,92
09/14/2022,JXN,MI,AGL,CE,Federal Contract Tower,0,1,4,0,5,0,0,33,0,33,0,1,37,0,38,44,0,44,82
09/15/2022,JXN,MI,AGL,CE,Federal Contract Tower,0,2,19,0,21,0,0,40,0,40,0,2,59,0,61,112,0,112,173
09/16/2022,JXN,MI,AGL,CE,Federal Contract Tower,0,8,13,0,21,0,0,84,0,84,0,8,97,0,105,68,0,68,173
09/17/2022,JXN,MI,AGL,CE,Federal Contract Tower,0,0,11,0,11,0,3,74,0,77,0,3,85,0,88,96,0,96,184
09/18/2022,JXN,MI,AGL,CE,Federal Contract Tower,0,0,9,0,9,0,0,46,0,46,0,0,55,0,55,42,0,42,97
09/19/2022,JXN,MI,AGL,CE,Federal Contract Tower,0,2,33,0,35,0,0,54,0,54,0,2,87,0,89,62,0,62,151
09/20/2022,JXN,MI,AGL,CE,Federal Contract Tower,0,1,12,0,13,0,3,16,0,19,0,4,28,0,32,36,0,36,68
09/21/2022,JXN,MI,AGL,CE,Federal Contract Tower,0,2,4,0,6,0,1,11,6,18,0,3,15,6,24,14,0,14,38
09/22/2022,JXN,MI,AGL,CE,Federal Contract Tower,0,0,3,4,7,0,0,18,6,24,0,0,21,10,31,44,8,52,83
09/23/2022,JXN,MI,AGL,CE,Federal Contract Tower,0,4,12,0,16,0,2,66,0,68,0,6,78,0,84,62,0,62,146
09/24/2022,JXN,MI,AGL,CE,Federal Contract Tower,0,2,8,0,10,0,0,30,0,30,0,2,38,0,40,10,0,10,50
09/25/2022,JXN,MI,AGL,CE,Federal Contract Tower,0,0,11,0,11,0,0,8,0,8,0,0,19,0,19,6,0,6,25
09/26/2022,JXN,MI,AGL,CE,Federal Contract Tower,0,1,9,0,10,0,0,4,0,4,0,1,13,0,14,4,0,4,18
09/27/2022,JXN,MI,AGL,CE,Federal Contract Tower,0,3,5,8,16,0,0,10,0,10,0,3,15,8,26,32,6,38,64
09/28/2022,JXN,MI,AGL,CE,Federal Contract Tower,0,0,18,2,20,0,0,24,0,24,0,0,42,2,44,56,0,56,100
09/29/2022,JXN,MI,AGL,CE,Federal Contract Tower,0,0,13,0,13,0,0,66,0,66,0,0,79,0,79,56,0,56,135
09/30/2022,JXN,MI,AGL,CE,Federal Contract Tower,0,1,8,0,9,0,2,71,0,73,0,3,79,0,82,22,0,22,104
10/01/2022,JXN,MI,AGL,CE,Federal Contract Tower,0,0,2,0,2,0,0,52,0,52,0,0,54,0,54,64,0,64,118
10/02/2022,JXN,MI,AGL,CE,Federal Contract Tower,0,0,5,0,5,0,0,29,0,29,0,0,34,0,34,8,0,8,42
10/03/2022,JXN,MI,AGL,CE,Federal Contract Tower,0,1,13,0,14,0,4,48,0,52,0,5,61,0,66,72,0,72,138
10/04/2022,JXN,MI,AGL,CE,Federal Contract Tower,0,0,6,0,6,0,4,30,0,34,0,4,36,0,40,50,0,50,90
10/05/2022,JXN,MI,AGL,CE,Federal Contract Tower,0,6,12,0,18,0,4,46,0,50,0,10,58,0,68,28,0,28,96
10/06/2022,JXN,MI,AGL,CE,Federal Contract Tower,0,5,0,0,5,0,2,20,0,22,0,7,20,0,27,14,0,14,41
10/07/2022,JXN,MI,AGL,CE,Federal Contract Tower,0,7,11,0,18,0,0,16,0,16,0,7,27,0,34,4,0,4,38
10/08/2022,JXN,MI,AGL,CE,Federal Contract Tower,0,4,1,0,5,0,2,50,4,56,0,6,51,4,61,56,4,60,121
10/09/2022,JXN,MI,AGL,CE,Federal Contract Tower,0,1,5,0,6,0,0,51,0,51,0,1,56,0,57,14,0,14,71
10/10/2022,JXN,MI,AGL,CE,Federal Contract Tower,0,6,15,0,21,0,1,71,0,72,0,7,86,0,93,16,0,16,109
10/11/2022,JXN,MI,AGL,CE,Federal Contract Tower,0,0,3,4,7,0,0,36,4,40,0,0,39,8,47,26,2,28,75
10/12/2022,JXN,MI,AGL,CE,Federal Contract Tower,0,3,3,0,6,0,1,0,0,1,0,4,3,0,7,0,0,0,7
10/13/2022,JXN,MI,AGL,CE,Federal Contract Tower,0,4,6,0,10,0,0,20,0,20,0,4,26,0,30,8,0,8,38
10/14/2022,JXN,MI,AGL,CE,Federal Contract Tower,0,5,12,0,17,0,1,27,0,28,0,6,39,0,45,26,0,26,71
10/15/2022,JXN,MI,AGL,CE,Federal Contract Tower,0,0,7,0,7,0,0,48,0,48,0,0,55,0,55,0,0,0,55
10/16/2022,JXN,MI,AGL,CE,Federal Contract Tower,0,0,9,0,9,0,0,48,0,48,0,0,57,0,57,56,0,56,113
10/17/2022,JXN,MI,AGL,CE,Federal Contract Tower,0,6,3,0,9,0,0,1,0,1,0,6,4,0,10,0,0,0,10
10/18/2022,JXN,MI,AGL,CE,Federal Contract Tower,0,3,1,2,6,0,0,2,0,2,0,3,3,2,8,0,0,0,8
10/19/2022,JXN,MI,AGL,CE,Federal Contract Tower,0,3,4,0,7,0,1,9,0,10,0,4,13,0,17,16,0,16,33
10/20/2022,JXN,MI,AGL,CE,Federal Contract Tower,0,0,11,0,11,0,0,37,0,37,0,0,48,0,48,36,0,36,84
10/21/2022,JXN,MI,AGL,CE,Federal Contract Tower,0,2,18,0,20,0,0,42,0,42,0,2,60,0,62,44,0,44,106
10/22/2022,JXN,MI,AGL,CE,Federal Contract Tower,0,6,11,0,17,0,33,23,4,60,0,39,34,4,77,36,0,36,113
10/23/2022,JXN,MI,AGL,CE,Federal Contract Tower,0,6,19,0,25,0,8,57,0,65,0,14,76,0,90,48,0,48,138
10/24/2022,JXN,MI,AGL,CE,Federal Contract Tower,0,6,20,0,26,0,0,51,0,51,0,6,71,0,77,52,0,52,129
10/25/2022,JXN,MI,AGL,CE,Federal Contract Tower,0,5,8,0,13,0,5,36,0,41,0,10,44,0,54,84,0,84,138
10/26/2022,JXN,MI,AGL,CE,Federal Contract Tower,0,3,3,0,6,0,1,0,0,1,0,4,3,0,7,0,0,0,7
10/27/2022,JXN,MI,AGL,CE,Federal Contract Tower,0,4,22,0,26,0,6,65,0,71,0,10,87,0,97,98,2,100,197
10/28/2022,JXN,MI,AGL,CE,Federal Contract Tower,0,4,14,0,18,0,2,59,0,61,0,6,73,0,79,48,0,48,127
10/29/2022,JXN,MI,AGL,CE,Federal Contract Tower,0,0,11,0,11,0,4,65,0,69,0,4,76,0,80,44,0,44,124
10/30/2022,JXN,MI,AGL,CE,Federal Contract Tower,0,1,9,0,10,0,0,46,0,46,0,1,55,0,56,22,0,22,78
10/31/2022,JXN,MI,AGL,CE,Federal Contract Tower,0,2,4,0,6,0,0,4,0,4,0,2,8,0,10,4,0,4,14
11/01/2022,JXN,MI,AGL,CE,Federal Contract Tower,0,9,12,0,21,0,18,33,0,51,0,27,45,0,72,66,0,66,138
11/02/2022,JXN,MI,AGL,CE,Federal Contract Tower,0,3,19,0,22,0,4,63,0,67,0,7,82,0,89,70,0,70,159
11/03/2022,JXN,MI,AGL,CE,Federal Contract Tower,0,2,5,0,7,0,0,36,2,38,0,2,41,2,45,20,0,20,65
11/04/2022,JXN,MI,AGL,CE,Federal Contract Tower,0,1,8,0,9,0,0,22,0,22,0,1,30,0,31,6,0,6,37
11/05/2022,JXN,MI,AGL,CE,Federal Contract Tower,0,0,0,0,0,0,0,0,0,0,0,0,0,0,0,0,0,0,0
11/06/2022,JXN,MI,AGL,CE,Federal Contract Tower,0,2,12,0,14,0,0,46,0,46,0,2,58,0,60,54,0,54,114
11/07/2022,JXN,MI,AGL,CE,Federal Contract Tower,0,3,8,0,11,0,15,28,0,43,0,18,36,0,54,32,0,32,86
11/08/2022,JXN,MI,AGL,CE,Federal Contract Tower,0,10,11,0,21,0,7,50,0,57,0,17,61,0,78,86,0,86,164
11/09/2022,JXN,MI,AGL,CE,Federal Contract Tower,0,7,10,0,17,0,27,63,0,90,0,34,73,0,107,70,0,70,177
11/10/2022,JXN,MI,AGL,CE,Federal Contract Tower,0,2,2,0,4,0,4,48,0,52,0,6,50,0,56,48,2,50,106
11/11/2022,JXN,MI,AGL,CE,Federal Contract Tower,0,11,36,0,47,0,14,68,0,82,0,25,104,0,129,98,0,98,227
11/12/2022,JXN,MI,AGL,CE,Federal Contract Tower,0,2,4,0,6,0,0,14,0,14,0,2,18,0,20,24,0,24,44
11/13/2022,JXN,MI,AGL,CE,Federal Contract Tower,0,3,5,0,8,0,0,12,0,12,0,3,17,0,20,12,0,12,32
11/14/2022,JXN,MI,AGL,CE,Federal Contract Tower,0,19,15,0,34,0,10,45,0,55,0,29,60,0,89,60,0,60,149
11/15/2022,JXN,MI,AGL,CE,Federal Contract Tower,0,3,1,0,4,0,0,0,0,0,0,3,1,0,4,0,0,0,4
11/16/2022,JXN,MI,AGL,CE,Federal Contract Tower,0,4,2,0,6,0,0,0,0,0,0,4,2,0,6,0,0,0,6
11/17/2022,JXN,MI,AGL,CE,Federal Contract Tower,0,0,2,0,2,0,0,0,0,0,0,0,2,0,2,0,0,0,2
11/18/2022,JXN,MI,AGL,CE,Federal Contract Tower,0,1,4,0,5,0,0,0,0,0,0,1,4,0,5,0,0,0,5
11/19/2022,JXN,MI,AGL,CE,Federal Contract Tower,0,0,4,0,4,0,0,8,0,8,0,0,12,0,12,20,0,20,32
11/20/2022,JXN,MI,AGL,CE,Federal Contract Tower,0,0,4,0,4,0,0,13,0,13,0,0,17,0,17,12,0,12,29
11/21/2022,JXN,MI,AGL,CE,Federal Contract Tower,0,8,0,0,8,0,12,13,0,25,0,20,13,0,33,8,0,8,41
11/22/2022,JXN,MI,AGL,CE,Federal Contract Tower,0,24,29,0,53,0,30,61,0,91,0,54,90,0,144,78,0,78,222
11/23/2022,JXN,MI,AGL,CE,Federal Contract Tower,0,5,18,0,23,0,1,57,0,58,0,6,75,0,81,51,0,51,132
11/24/2022,JXN,MI,AGL,CE,Federal Contract Tower,0,0,2,0,2,0,0,8,0,8,0,0,10,0,10,10,0,10,20
11/25/2022,JXN,MI,AGL,CE,Federal Contract Tower,0,0,13,0,13,0,1,39,0,40,0,1,52,0,53,36,0,36,89
11/26/2022,JXN,MI,AGL,CE,Federal Contract Tower,0,0,9,0,9,0,0,48,0,48,0,0,57,0,57,54,0,54,111
11/27/2022,JXN,MI,AGL,CE,Federal Contract Tower,0,2,4,0,6,0,0,0,0,0,0,2,4,0,6,0,0,0,6
11/28/2022,JXN,MI,AGL,CE,Federal Contract Tower,0,1,15,0,16,0,1,40,0,41,0,2,55,0,57,24,0,24,81
11/29/2022,JXN,MI,AGL,CE,Federal Contract Tower,0,3,4,0,7,0,0,2,0,2,0,3,6,0,9,2,0,2,11
11/30/2022,JXN,MI,AGL,CE,Federal Contract Tower,0,0,0,0,0,0,0,0,0,0,0,0,0,0,0,0,0,0,0
12/01/2022,JXN,MI,AGL,CE,Federal Contract Tower,0,9,2,0,11,0,11,43,1,55,0,20,45,1,66,82,2,84,150
12/02/2022,JXN,MI,AGL,CE,Federal Contract Tower,0,2,3,0,5,0,1,6,0,7,0,3,9,0,12,4,0,4,16
12/03/2022,JXN,MI,AGL,CE,Federal Contract Tower,0,0,3,0,3,0,0,2,0,2,0,0,5,0,5,2,0,2,7
12/04/2022,JXN,MI,AGL,CE,Federal Contract Tower,0,0,14,0,14,0,0,58,0,58,0,0,72,0,72,28,0,28,100
12/05/2022,JXN,MI,AGL,CE,Federal Contract Tower,0,3,5,0,8,0,2,22,0,24,0,5,27,0,32,10,0,10,42
12/06/2022,JXN,MI,AGL,CE,Federal Contract Tower,0,2,16,1,19,0,0,8,3,11,0,2,24,4,30,4,0,4,34
12/07/2022,JXN,MI,AGL,CE,Federal Contract Tower,0,7,8,1,16,0,4,8,1,13,0,11,16,2,29,32,0,32,61
12/08/2022,JXN,MI,AGL,CE,Federal Contract Tower,0,1,3,0,4,0,0,9,0,9,0,1,12,0,13,44,0,44,57
12/09/2022,JXN,MI,AGL,CE,Federal Contract Tower,0,3,3,0,6,0,0,4,0,4,0,3,7,0,10,0,0,0,10
12/10/2022,JXN,MI,AGL,CE,Federal Contract Tower,0,0,0,0,0,0,0,0,0,0,0,0,0,0,0,0,0,0,0
12/11/2022,JXN,MI,AGL,CE,Federal Contract Tower,0,0,3,0,3,0,0,0,0,0,0,0,3,0,3,0,0,0,3
12/12/2022,JXN,MI,AGL,CE,Federal Contract Tower,0,6,6,0,12,0,3,20,0,23,0,9,26,0,35,54,0,54,89
12/13/2022,JXN,MI,AGL,CE,Federal Contract Tower,0,4,9,0,13,0,0,19,4,23,0,4,28,4,36,12,0,12,48
12/14/2022,JXN,MI,AGL,CE,Federal Contract Tower,0,0,2,0,2,0,2,0,0,2,0,2,2,0,4,0,0,0,4
12/15/2022,JXN,MI,AGL,CE,Federal Contract Tower,0,3,0,0,3,0,0,1,2,3,0,3,1,2,6,20,4,24,30
12/16/2022,JXN,MI,AGL,CE,Federal Contract Tower,0,10,2,0,12,0,7,3,0,10,0,17,5,0,22,6,0,6,28
12/17/2022,JXN,MI,AGL,CE,Federal Contract Tower,0,2,1,0,3,0,0,2,0,2,0,2,3,0,5,0,0,0,5
12/18/2022,JXN,MI,AGL,CE,Federal Contract Tower,0,0,2,0,2,0,0,5,0,5,0,0,7,0,7,38,0,38,45
12/19/2022,JXN,MI,AGL,CE,Federal Contract Tower,0,3,2,0,5,0,2,3,0,5,0,5,5,0,10,0,0,0,10
12/20/2022,JXN,MI,AGL,CE,Federal Contract Tower,0,0,15,2,17,0,0,30,0,30,0,0,45,2,47,14,2,16,63
12/21/2022,JXN,MI,AGL,CE,Federal Contract Tower,0,1,21,0,22,0,0,44,4,48,0,1,65,4,70,76,0,76,146
12/22/2022,JXN,MI,AGL,CE,Federal Contract Tower,0,1,1,0,2,0,0,7,0,7,0,1,8,0,9,6,0,6,15
12/23/2022,JXN,MI,AGL,CE,Federal Contract Tower,0,0,0,0,0,0,0,0,0,0,0,0,0,0,0,0,0,0,0
12/24/2022,JXN,MI,AGL,CE,Federal Contract Tower,0,0,0,0,0,0,0,0,0,0,0,0,0,0,0,0,0,0,0
12/25/2022,JXN,MI,AGL,CE,Federal Contract Tower,0,0,0,0,0,0,0,0,0,0,0,0,0,0,0,0,0,0,0
12/26/2022,JXN,MI,AGL,CE,Federal Contract Tower,0,0,3,0,3,0,0,3,0,3,0,0,6,0,6,2,0,2,8
12/27/2022,JXN,MI,AGL,CE,Federal Contract Tower,0,0,2,0,2,0,2,12,0,14,0,2,14,0,16,30,0,30,46
12/28/2022,JXN,MI,AGL,CE,Federal Contract Tower,0,1,6,0,7,0,1,29,0,30,0,2,35,0,37,44,0,44,81
12/29/2022,JXN,MI,AGL,CE,Federal Contract Tower,0,2,6,0,8,0,0,6,0,6,0,2,12,0,14,8,0,8,22
12/30/2022,JXN,MI,AGL,CE,Federal Contract Tower,0,0,6,0,6,0,0,2,0,2,0,0,8,0,8,2,0,2,10
12/31/2022,JXN,MI,AGL,CE,Federal Contract Tower,0,2,4,0,6,0,0,0,0,0,0,2,4,0,6,0,0,0,6
01/01/2023,JXN,MI,AGL,CE,Federal Contract Tower,0,2,3,0,5,0,0,2,0,2,0,2,5,0,7,2,0,2,9
01/02/2023,JXN,MI,AGL,CE,Federal Contract Tower,0,0,2,0,2,0,0,0,0,0,0,0,2,0,2,0,0,0,2
01/03/2023,JXN,MI,AGL,CE,Federal Contract Tower,0,1,0,0,1,0,0,0,0,0,0,1,0,0,1,0,0,0,1
01/04/2023,JXN,MI,AGL,CE,Federal Contract Tower,0,0,2,0,2,0,0,8,0,8,0,0,10,0,10,10,0,10,20
01/05/2023,JXN,MI,AGL,CE,Federal Contract Tower,0,0,2,0,2,0,0,3,0,3,0,0,5,0,5,2,0,2,7
01/06/2023,JXN,MI,AGL,CE,Federal Contract Tower,0,2,3,0,5,0,0,1,0,1,0,2,4,0,6,0,0,0,6
01/07/2023,JXN,MI,AGL,CE,Federal Contract Tower,0,0,7,0,7,0,0,24,0,24,0,0,31,0,31,8,0,8,39
01/08/2023,JXN,MI,AGL,CE,Federal Contract Tower,0,0,21,0,21,0,0,40,0,40,0,0,61,0,61,20,0,20,81
01/09/2023,JXN,MI,AGL,CE,Federal Contract Tower,0,3,22,0,25,0,0,27,0,27,0,3,49,0,52,24,0,24,76
01/10/2023,JXN,MI,AGL,CE,Federal Contract Tower,0,1,1,0,2,0,0,4,0,4,0,1,5,0,6,0,0,0,6
01/11/2023,JXN,MI,AGL,CE,Federal Contract Tower,0,0,12,0,12,0,6,28,0,34,0,6,40,0,46,66,0,66,112
01/12/2023,JXN,MI,AGL,CE,Federal Contract Tower,0,2,3,0,5,0,0,0,0,0,0,2,3,0,5,2,0,2,7
01/13/2023,JXN,MI,AGL,CE,Federal Contract Tower,0,4,0,0,4,0,0,11,0,11,0,4,11,0,15,2,0,2,17
01/14/2023,JXN,MI,AGL,CE,Federal Contract Tower,0,4,30,0,34,0,6,107,0,113,0,10,137,0,147,102,0,102,249
01/15/2023,JXN,MI,AGL,CE,Federal Contract Tower,0,0,12,0,12,0,0,95,0,95,0,0,107,0,107,62,0,62,169
01/16/2023,JXN,MI,AGL,CE,Federal Contract Tower,0,1,7,0,8,0,0,19,0,19,0,1,26,0,27,56,0,56,83
01/17/2023,JXN,MI,AGL,CE,Federal Contract Tower,0,6,6,0,12,0,0,2,0,2,0,6,8,0,14,2,0,2,16
01/18/2023,JXN,MI,AGL,CE,Federal Contract Tower,0,0,4,0,4,0,0,7,0,7,0,0,11,0,11,100,0,100,111
01/19/2023,JXN,MI,AGL,CE,Federal Contract Tower,0,2,6,0,8,0,0,9,0,9,0,2,15,0,17,42,0,42,59
01/20/2023,JXN,MI,AGL,CE,Federal Contract Tower,0,1,4,0,5,0,0,5,0,5,0,1,9,0,10,6,0,6,16
01/21/2023,JXN,MI,AGL,CE,Federal Contract Tower,0,0,7,0,7,0,0,19,0,19,0,0,26,0,26,52,0,52,78
01/22/2023,JXN,MI,AGL,CE,Federal Contract Tower,0,0,0,0,0,0,0,8,0,8,0,0,8,0,8,0,0,0,8
01/23/2023,JXN,MI,AGL,CE,Federal Contract Tower,0,3,2,0,5,0,0,7,0,7,0,3,9,0,12,72,0,72,84
01/24/2023,JXN,MI,AGL,CE,Federal Contract Tower,0,0,12,0,12,0,6,39,0,45,0,6,51,0,57,76,0,76,133
01/25/2023,JXN,MI,AGL,CE,Federal Contract Tower,0,2,0,0,2,0,0,0,0,0,0,2,0,0,2,0,0,0,2
01/26/2023,JXN,MI,AGL,CE,Federal Contract Tower,0,2,0,0,2,0,0,0,0,0,0,2,0,0,2,0,0,0,2
01/27/2023,JXN,MI,AGL,CE,Federal Contract Tower,0,0,1,0,1,0,0,8,0,8,0,0,9,0,9,2,2,4,13
01/28/2023,JXN,MI,AGL,CE,Federal Contract Tower,0,0,0,0,0,0,0,7,0,7,0,0,7,0,7,0,0,0,7
01/29/2023,JXN,MI,AGL,CE,Federal Contract Tower,0,0,0,0,0,0,0,0,0,0,0,0,0,0,0,0,0,0,0
01/30/2023,JXN,MI,AGL,CE,Federal Contract Tower,0,2,1,0,3,0,0,6,0,6,0,2,7,0,9,4,0,4,13
01/31/2023,JXN,MI,AGL,CE,Federal Contract Tower,0,10,7,0,17,0,13,37,0,50,0,23,44,0,67,84,0,84,151
02/01/2023,JXN,MI,AGL,CE,Federal Contract Tower,0,10,12,0,22,0,11,50,0,61,0,21,62,0,83,58,0,58,141
02/02/2023,JXN,MI,AGL,CE,Federal Contract Tower,0,5,9,4,18,0,12,28,4,44,0,17,37,8,62,102,6,108,170
02/03/2023,JXN,MI,AGL,CE,Federal Contract Tower,0,5,10,0,15,0,6,28,0,34,0,11,38,0,49,18,0,18,67
02/04/2023,JXN,MI,AGL,CE,Federal Contract Tower,0,0,8,2,10,0,0,30,1,31,0,0,38,3,41,10,0,10,51
02/05/2023,JXN,MI,AGL,CE,Federal Contract Tower,0,0,7,0,7,0,0,13,0,13,0,0,20,0,20,14,0,14,34
02/06/2023,JXN,MI,AGL,CE,Federal Contract Tower,0,3,13,0,16,0,16,33,0,49,0,19,46,0,65,132,0,132,197
02/07/2023,JXN,MI,AGL,CE,Federal Contract Tower,0,3,1,0,4,0,1,9,1,11,0,4,10,1,15,106,0,106,121
02/08/2023,JXN,MI,AGL,CE,Federal Contract Tower,0,2,19,0,21,0,0,45,0,45,0,2,64,0,66,104,0,104,170
02/09/2023,JXN,MI,AGL,CE,Federal Contract Tower,0,0,2,0,2,0,0,3,0,3,0,0,5,0,5,32,0,32,37
02/11/2023,JXN,MI,AGL,CE,Federal Contract Tower,0,2,29,0,31,0,0,112,2,114,0,2,141,2,145,184,0,184,329
02/12/2023,JXN,MI,AGL,CE,Federal Contract Tower,0,0,19,0,19,0,0,69,0,69,0,0,88,0,88,40,0,40,128
02/13/2023,JXN,MI,AGL,CE,Federal Contract Tower,0,4,15,0,19,0,5,42,0,47,0,9,57,0,66,54,0,54,120
02/14/2023,JXN,MI,AGL,CE,Federal Contract Tower,0,3,4,0,7,0,2,33,0,35,0,5,37,0,42,26,0,26,68
02/15/2023,JXN,MI,AGL,CE,Federal Contract Tower,0,4,4,0,8,0,0,0,0,0,0,4,4,0,8,0,0,0,8
02/16/2023,JXN,MI,AGL,CE,Federal Contract Tower,0,1,3,0,4,0,0,0,0,0,0,1,3,0,4,0,0,0,4
02/17/2023,JXN,MI,AGL,CE,Federal Contract Tower,0,2,3,0,5,0,0,7,0,7,0,2,10,0,12,0,0,0,12
02/18/2023,JXN,MI,AGL,CE,Federal Contract Tower,0,0,11,0,11,0,2,38,0,40,0,2,49,0,51,26,0,26,77
02/19/2023,JXN,MI,AGL,CE,Federal Contract Tower,0,0,0,0,0,0,1,22,0,23,0,1,22,0,23,14,0,14,37
02/20/2023,JXN,MI,AGL,CE,Federal Contract Tower,0,3,18,0,21,0,10,45,0,55,0,13,63,0,76,96,0,96,172
02/21/2023,JXN,MI,AGL,CE,Federal Contract Tower,0,6,0,0,6,0,12,2,0,14,0,18,2,0,20,4,0,4,24
02/22/2023,JXN,MI,AGL,CE,Federal Contract Tower,0,0,0,0,0,0,0,0,0,0,0,0,0,0,0,0,0,0,0
02/24/2023,JXN,MI,AGL,CE,Federal Contract Tower,0,5,9,2,16,0,1,27,2,30,0,6,36,4,46,14,0,14,60
02/25/2023,JXN,MI,AGL,CE,Federal Contract Tower,0,0,0,0,0,0,0,13,0,13,0,0,13,0,13,8,0,8,21
02/26/2023,JXN,MI,AGL,CE,Federal Contract Tower,0,1,11,0,12,0,0,40,0,40,0,1,51,0,52,42,0,42,94
02/27/2023,JXN,MI,AGL,CE,Federal Contract Tower,0,4,0,0,4,0,0,0,0,0,0,4,0,0,4,0,0,0,4
02/28/2023,JXN,MI,AGL,CE,Federal Contract Tower,0,2,13,0,15,0,4,32,0,36,0,6,45,0,51,70,0,70,121
03/01/2023,JXN,MI,AGL,CE,Federal Contract Tower,0,4,5,0,9,0,6,28,0,34,0,10,33,0,43,24,0,24,67
03/02/2023,JXN,MI,AGL,CE,Federal Contract Tower,0,2,5,0,7,0,0,4,0,4,0,2,9,0,11,10,0,10,21
03/03/2023,JXN,MI,AGL,CE,Federal Contract Tower,0,2,0,0,2,0,0,0,0,0,0,2,0,0,2,6,0,6,8
03/04/2023,JXN,MI,AGL,CE,Federal Contract Tower,0,0,0,0,0,0,2,20,0,22,0,2,20,0,22,24,0,24,46
03/05/2023,JXN,MI,AGL,CE,Federal Contract Tower,0,2,18,0,20,0,0,74,0,74,0,2,92,0,94,86,0,86,180
03/06/2023,JXN,MI,AGL,CE,Federal Contract Tower,0,11,0,0,11,0,0,8,0,8,0,11,8,0,19,8,0,8,27
03/07/2023,JXN,MI,AGL,CE,Federal Contract Tower,0,3,19,0,22,0,2,53,0,55,0,5,72,0,77,58,0,58,135
03/08/2023,JXN,MI,AGL,CE,Federal Contract Tower,0,4,22,0,26,0,0,83,0,83,0,4,105,0,109,130,0,130,239
03/09/2023,JXN,MI,AGL,CE,Federal Contract Tower,0,2,11,0,13,0,0,41,0,41,0,2,52,0,54,98,0,98,152
03/10/2023,JXN,MI,AGL,CE,Federal Contract Tower,0,0,2,0,2,0,0,0,0,0,0,0,2,0,2,0,0,0,2
03/11/2023,JXN,MI,AGL,CE,Federal Contract Tower,0,0,7,0,7,0,0,59,4,63,0,0,66,4,70,20,0,20,90
03/12/2023,JXN,MI,AGL,CE,Federal Contract Tower,0,0,0,0,0,0,0,2,0,2,0,0,2,0,2,10,0,10,12
03/13/2023,JXN,MI,AGL,CE,Federal Contract Tower,0,0,0,0,0,0,0,0,0,0,0,0,0,0,0,0,0,0,0
03/14/2023,JXN,MI,AGL,CE,Federal Contract Tower,4,3,16,0,23,0,8,30,0,38,4,11,46,0,61,36,0,36,97
03/15/2023,JXN,MI,AGL,CE,Federal Contract Tower,0,13,15,0,28,0,14,80,0,94,0,27,95,0,122,70,0,70,192
03/16/2023,JXN,MI,AGL,CE,Federal Contract Tower,0,2,5,1,8,0,0,22,1,23,0,2,27,2,31,26,2,28,59
03/17/2023,JXN,MI,AGL,CE,Federal Contract Tower,0,1,1,2,4,0,0,0,0,0,0,1,1,2,4,0,0,0,4
03/18/2023,JXN,MI,AGL,CE,Federal Contract Tower,0,1,0,0,1,0,0,0,0,0,0,1,0,0,1,0,0,0,1
03/19/2023,JXN,MI,AGL,CE,Federal Contract Tower,0,8,12,0,20,0,6,52,2,60,0,14,64,2,80,34,0,34,114
03/20/2023,JXN,MI,AGL,CE,Federal Contract Tower,0,3,0,0,3,0,2,13,0,15,0,5,13,0,18,24,0,24,42
03/21/2023,JXN,MI,AGL,CE,Federal Contract Tower,0,1,28,0,29,0,0,61,0,61,0,1,89,0,90,40,0,40,130
03/22/2023,JXN,MI,AGL,CE,Federal Contract Tower,0,3,10,0,13,0,0,0,0,0,0,3,10,0,13,0,0,0,13
03/23/2023,JXN,MI,AGL,CE,Federal Contract Tower,0,1,13,0,14,0,0,2,0,2,0,1,15,0,16,2,0,2,18
03/24/2023,JXN,MI,AGL,CE,Federal Contract Tower,0,2,7,0,9,0,2,28,0,30,0,4,35,0,39,42,0,42,81
03/25/2023,JXN,MI,AGL,CE,Federal Contract Tower,0,0,0,0,0,0,0,0,0,0,0,0,0,0,0,0,0,0,0
03/26/2023,JXN,MI,AGL,CE,Federal Contract Tower,0,0,13,0,13,0,0,101,0,101,0,0,114,0,114,92,0,92,206
03/27/2023,JXN,MI,AGL,CE,Federal Contract Tower,0,5,5,0,10,0,2,8,0,10,0,7,13,0,20,12,0,12,32
03/28/2023,JXN,MI,AGL,CE,Federal Contract Tower,0,10,19,0,29,0,10,67,0,77,0,20,86,0,106,102,0,102,208
03/29/2023,JXN,MI,AGL,CE,Federal Contract Tower,0,7,2,0,9,0,3,4,0,7,0,10,6,0,16,6,0,6,22
03/30/2023,JXN,MI,AGL,CE,Federal Contract Tower,0,6,30,0,36,0,12,67,0,79,0,18,97,0,115,86,0,86,201
03/31/2023,JXN,MI,AGL,CE,Federal Contract Tower,0,3,0,0,3,0,0,0,0,0,0,3,0,0,3,0,0,0,3
04/01/2023,JXN,MI,AGL,CE,Federal Contract Tower,0,0,2,0,2,0,0,0,0,0,0,0,2,0,2,0,0,0,2
04/02/2023,JXN,MI,AGL,CE,Federal Contract Tower,0,4,31,0,35,0,4,80,0,84,0,8,111,0,119,88,0,88,207
04/03/2023,JXN,MI,AGL,CE,Federal Contract Tower,0,4,6,0,10,0,14,29,0,43,0,18,35,0,53,28,0,28,81
04/04/2023,JXN,MI,AGL,CE,Federal Contract Tower,0,3,14,0,17,0,0,10,0,10,0,3,24,0,27,8,0,8,35
04/05/2023,JXN,MI,AGL,CE,Federal Contract Tower,0,2,0,0,2,0,0,0,0,0,0,2,0,0,2,0,0,0,2
04/06/2023,JXN,MI,AGL,CE,Federal Contract Tower,0,4,21,0,25,0,0,38,0,38,0,4,59,0,63,50,0,50,113
04/07/2023,JXN,MI,AGL,CE,Federal Contract Tower,0,3,15,2,20,0,14,104,0,118,0,17,119,2,138,120,0,120,258
04/08/2023,JXN,MI,AGL,CE,Federal Contract Tower,0,2,18,0,20,0,8,93,0,101,0,10,111,0,121,94,0,94,215
04/09/2023,JXN,MI,AGL,CE,Federal Contract Tower,0,0,5,0,5,0,2,28,0,30,0,2,33,0,35,90,0,90,125
04/10/2023,JXN,MI,AGL,CE,Federal Contract Tower,0,7,40,0,47,0,10,60,0,70,0,17,100,0,117,76,0,76,193
04/11/2023,JXN,MI,AGL,CE,Federal Contract Tower,0,8,5,0,13,0,7,21,0,28,0,15,26,0,41,20,0,20,61
04/12/2023,JXN,MI,AGL,CE,Federal Contract Tower,0,1,26,1,28,0,1,31,1,33,0,2,57,2,61,30,0,30,91
04/13/2023,JXN,MI,AGL,CE,Federal Contract Tower,0,4,22,1,27,0,0,59,8,67,0,4,81,9,94,76,0,76,170
04/14/2023,JXN,MI,AGL,CE,Federal Contract Tower,0,5,13,0,18,0,10,72,2,84,0,15,85,2,102,70,0,70,172
04/15/2023,JXN,MI,AGL,CE,Federal Contract Tower,0,0,20,0,20,0,3,85,0,88,0,3,105,0,108,100,0,100,208
04/16/2023,JXN,MI,AGL,CE,Federal Contract Tower,0,1,14,0,15,0,2,17,0,19,0,3,31,0,34,14,0,14,48
04/17/2023,JXN,MI,AGL,CE,Federal Contract Tower,0,6,3,0,9,0,0,0,0,0,0,6,3,0,9,0,0,0,9
04/18/2023,JXN,MI,AGL,CE,Federal Contract Tower,0,6,7,0,13,0,2,7,0,9,0,8,14,0,22,0,0,0,22
04/19/2023,JXN,MI,AGL,CE,Federal Contract Tower,0,13,23,0,36,0,19,59,0,78,0,32,82,0,114,98,0,98,212
04/20/2023,JXN,MI,AGL,CE,Federal Contract Tower,0,1,1,0,2,0,0,16,0,16,0,1,17,0,18,36,0,36,54
04/21/2023,JXN,MI,AGL,CE,Federal Contract Tower,0,5,14,0,19,0,2,20,0,22,0,7,34,0,41,40,0,40,81
04/22/2023,JXN,MI,AGL,CE,Federal Contract Tower,0,0,18,0,18,0,0,23,0,23,0,0,41,0,41,26,0,26,67
04/23/2023,JXN,MI,AGL,CE,Federal Contract Tower,0,0,4,0,4,0,0,18,0,18,0,0,22,0,22,26,0,26,48
04/24/2023,JXN,MI,AGL,CE,Federal Contract Tower,0,2,2,0,4,0,2,3,0,5,0,4,5,0,9,4,0,4,13
04/25/2023,JXN,MI,AGL,CE,Federal Contract Tower,0,2,0,0,2,0,0,5,0,5,0,2,5,0,7,0,0,0,7
04/26/2023,JXN,MI,AGL,CE,Federal Contract Tower,0,10,25,0,35,0,7,57,0,64,0,17,82,0,99,68,0,68,167
04/27/2023,JXN,MI,AGL,CE,Federal Contract Tower,0,3,15,0,18,0,4,77,0,81,0,7,92,0,99,80,0,80,179
04/28/2023,JXN,MI,AGL,CE,Federal Contract Tower,0,7,5,0,12,0,0,0,0,0,0,7,5,0,12,0,0,0,12
04/29/2023,JXN,MI,AGL,CE,Federal Contract Tower,0,0,10,0,10,0,2,9,0,11,0,2,19,0,21,4,0,4,25
04/30/2023,JXN,MI,AGL,CE,Federal Contract Tower,0,0,18,0,18,0,1,19,3,23,0,1,37,3,41,20,4,24,65
05/01/2023,JXN,MI,AGL,CE,Federal Contract Tower,0,1,2,0,3,0,0,1,0,1,0,1,3,0,4,0,0,0,4
05/02/2023,JXN,MI,AGL,CE,Federal Contract Tower,0,6,0,0,6,0,0,0,0,0,0,6,0,0,6,0,0,0,6
05/03/2023,JXN,MI,AGL,CE,Federal Contract Tower,0,0,13,0,13,0,0,18,0,18,0,0,31,0,31,46,0,46,77
05/04/2023,JXN,MI,AGL,CE,Federal Contract Tower,0,4,12,0,16,0,9,50,0,59,0,13,62,0,75,92,0,92,167
05/05/2023,JXN,MI,AGL,CE,Federal Contract Tower,0,5,36,0,41,0,11,83,0,94,0,16,119,0,135,60,0,60,195
05/06/2023,JXN,MI,AGL,CE,Federal Contract Tower,0,3,18,0,21,0,0,66,0,66,0,3,84,0,87,74,0,74,161
05/07/2023,JXN,MI,AGL,CE,Federal Contract Tower,0,5,19,0,24,0,0,40,0,40,0,5,59,0,64,36,0,36,100
05/08/2023,JXN,MI,AGL,CE,Federal Contract Tower,0,3,14,0,17,0,0,12,0,12,0,3,26,0,29,8,0,8,37
05/09/2023,JXN,MI,AGL,CE,Federal Contract Tower,0,2,12,0,14,0,24,46,0,70,0,26,58,0,84,68,0,68,152
05/10/2023,JXN,MI,AGL,CE,Federal Contract Tower,0,5,22,2,29,0,9,91,0,100,0,14,113,2,129,100,0,100,229
05/11/2023,JXN,MI,AGL,CE,Federal Contract Tower,0,5,22,0,27,0,17,84,0,101,0,22,106,0,128,164,0,164,292
05/12/2023,JXN,MI,AGL,CE,Federal Contract Tower,0,5,7,0,12,0,1,45,0,46,0,6,52,0,58,62,0,62,120
05/13/2023,JXN,MI,AGL,CE,Federal Contract Tower,0,2,14,0,16,0,5,42,0,47,0,7,56,0,63,54,0,54,117
05/14/2023,JXN,MI,AGL,CE,Federal Contract Tower,0,0,7,0,7,0,2,32,0,34,0,2,39,0,41,16,0,16,57
05/15/2023,JXN,MI,AGL,CE,Federal Contract Tower,0,2,12,0,14,0,4,60,0,64,0,6,72,0,78,118,0,118,196
05/16/2023,JXN,MI,AGL,CE,Federal Contract Tower,0,15,19,0,34,0,13,41,0,54,0,28,60,0,88,54,6,60,148
05/17/2023,JXN,MI,AGL,CE,Federal Contract Tower,0,4,17,0,21,0,6,50,0,56,0,10,67,0,77,82,0,82,159
05/18/2023,JXN,MI,AGL,CE,Federal Contract Tower,0,4,8,0,12,0,10,60,0,70,0,14,68,0,82,140,0,140,222
05/19/2023,JXN,MI,AGL,CE,Federal Contract Tower,0,5,18,0,23,0,0,35,0,35,0,5,53,0,58,24,0,24,82
05/20/2023,JXN,MI,AGL,CE,Federal Contract Tower,0,0,16,0,16,0,0,11,0,11,0,0,27,0,27,12,0,12,39
05/21/2023,JXN,MI,AGL,CE,Federal Contract Tower,0,0,16,0,16,0,0,71,0,71,0,0,87,0,87,68,0,68,155
05/22/2023,JXN,MI,AGL,CE,Federal Contract Tower,0,4,26,0,30,0,6,62,0,68,0,10,88,0,98,84,0,84,182
05/23/2023,JXN,MI,AGL,CE,Federal Contract Tower,0,2,22,0,24,0,2,64,0,66,0,4,86,0,90,76,0,76,166
05/24/2023,JXN,MI,AGL,CE,Federal Contract Tower,0,4,13,0,17,0,2,49,0,51,0,6,62,0,68,44,0,44,112
05/25/2023,JXN,MI,AGL,CE,Federal Contract Tower,0,4,8,0,12,0,8,57,0,65,0,12,65,0,77,40,0,40,117
05/26/2023,JXN,MI,AGL,CE,Federal Contract Tower,0,2,12,0,14,0,10,73,0,83,0,12,85,0,97,44,0,44,141
05/27/2023,JXN,MI,AGL,CE,Federal Contract Tower,0,3,11,0,14,0,1,65,0,66,0,4,76,0,80,48,0,48,128
05/28/2023,JXN,MI,AGL,CE,Federal Contract Tower,0,1,3,0,4,0,0,96,0,96,0,1,99,0,100,18,0,18,118
05/29/2023,JXN,MI,AGL,CE,Federal Contract Tower,0,3,8,0,11,0,0,50,0,50,0,3,58,0,61,26,0,26,87
05/30/2023,JXN,MI,AGL,CE,Federal Contract Tower,0,1,11,0,12,0,4,60,0,64,0,5,71,0,76,136,0,136,212
05/31/2023,JXN,MI,AGL,CE,Federal Contract Tower,0,6,9,0,15,0,6,51,0,57,0,12,60,0,72,92,0,92,164
06/01/2023,JXN,MI,AGL,CE,Federal Contract Tower,0,1,6,0,7,0,6,44,0,50,0,7,50,0,57,46,0,46,103
06/02/2023,JXN,MI,AGL,CE,Federal Contract Tower,0,4,13,0,17,0,0,41,0,41,0,4,54,0,58,26,0,26,84
06/03/2023,JXN,MI,AGL,CE,Federal Contract Tower,0,0,6,0,6,0,0,76,0,76,0,0,82,0,82,40,0,40,122
06/04/2023,JXN,MI,AGL,CE,Federal Contract Tower,0,10,11,0,21,0,6,59,0,65,0,16,70,0,86,36,0,36,122
06/05/2023,JXN,MI,AGL,CE,Federal Contract Tower,0,5,7,0,12,0,0,35,0,35,0,5,42,0,47,44,0,44,91
06/06/2023,JXN,MI,AGL,CE,Federal Contract Tower,0,6,24,0,30,0,0,38,0,38,0,6,62,0,68,48,0,48,116
06/07/2023,JXN,MI,AGL,CE,Federal Contract Tower,0,13,5,0,18,0,12,40,0,52,0,25,45,0,70,68,0,68,138
06/08/2023,JXN,MI,AGL,CE,Federal Contract Tower,0,15,22,0,37,0,24,54,0,78,0,39,76,0,115,84,0,84,199
06/09/2023,JXN,MI,AGL,CE,Federal Contract Tower,0,12,15,0,27,0,11,57,0,68,0,23,72,0,95,88,0,88,183
06/10/2023,JXN,MI,AGL,CE,Federal Contract Tower,0,3,10,0,13,0,2,68,0,70,0,5,78,0,83,54,0,54,137
06/11/2023,JXN,MI,AGL,CE,Federal Contract Tower,0,4,2,0,6,0,2,4,0,6,0,6,6,0,12,10,0,10,22
06/12/2023,JXN,MI,AGL,CE,Federal Contract Tower,0,10,9,0,19,0,10,9,0,19,0,20,18,0,38,20,0,20,58
06/13/2023,JXN,MI,AGL,CE,Federal Contract Tower,0,6,15,0,21,0,0,22,0,22,0,6,37,0,43,38,0,38,81
06/14/2023,JXN,MI,AGL,CE,Federal Contract Tower,0,2,32,0,34,0,6,53,0,59,0,8,85,0,93,58,0,58,151
06/15/2023,JXN,MI,AGL,CE,Federal Contract Tower,0,6,17,0,23,0,1,16,0,17,0,7,33,0,40,18,0,18,58
06/16/2023,JXN,MI,AGL,CE,Federal Contract Tower,0,4,16,0,20,0,4,14,0,18,0,8,30,0,38,16,0,16,54
06/17/2023,JXN,MI,AGL,CE,Federal Contract Tower,0,0,31,0,31,0,0,84,0,84,0,0,115,0,115,76,0,76,191
06/19/2023,JXN,MI,AGL,CE,Federal Contract Tower,0,9,6,0,15,0,16,50,0,66,0,25,56,0,81,78,0,78,159
06/20/2023,JXN,MI,AGL,CE,Federal Contract Tower,0,6,19,0,25,0,6,45,0,51,0,12,64,0,76,86,0,86,162
06/21/2023,JXN,MI,AGL,CE,Federal Contract Tower,0,7,7,0,14,0,12,45,0,57,0,19,52,0,71,54,0,54,125
06/22/2023,JXN,MI,AGL,CE,Federal Contract Tower,0,3,9,0,12,0,0,39,0,39,0,3,48,0,51,54,0,54,105
06/23/2023,JXN,MI,AGL,CE,Federal Contract Tower,0,1,9,1,11,0,0,1,0,1,0,1,10,1,12,0,0,0,12
06/24/2023,JXN,MI,AGL,CE,Federal Contract Tower,0,3,19,0,22,0,0,91,16,107,0,3,110,16,129,78,16,94,223
06/25/2023,JXN,MI,AGL,CE,Federal Contract Tower,0,2,3,1,6,0,0,15,0,15,0,2,18,1,21,4,0,4,25
06/26/2023,JXN,MI,AGL,CE,Federal Contract Tower,0,2,4,0,6,0,0,0,0,0,0,2,4,0,6,0,0,0,6
06/27/2023,JXN,MI,AGL,CE,Federal Contract Tower,0,1,19,0,20,0,0,1,0,1,0,1,20,0,21,10,0,10,31
06/28/2023,JXN,MI,AGL,CE,Federal Contract Tower,0,3,7,0,10,0,3,0,0,3,0,6,7,0,13,4,0,4,17
06/29/2023,JXN,MI,AGL,CE,Federal Contract Tower,0,6,11,0,17,0,0,8,0,8,0,6,19,0,25,16,0,16,41
06/30/2023,JXN,MI,AGL,CE,Federal Contract Tower,0,0,10,0,10,0,0,7,0,7,0,0,17,0,17,12,0,12,29
07/01/2023,JXN,MI,AGL,CE,Federal Contract Tower,0,0,3,0,3,0,0,7,0,7,0,0,10,0,10,0,0,0,10
07/02/2023,JXN,MI,AGL,CE,Federal Contract Tower,0,0,0,0,0,0,0,2,0,2,0,0,2,0,2,2,0,2,4
07/03/2023,JXN,MI,AGL,CE,Federal Contract Tower,0,2,11,0,13,0,0,26,0,26,0,2,37,0,39,28,0,28,67
07/04/2023,JXN,MI,AGL,CE,Federal Contract Tower,0,0,15,0,15,0,0,56,0,56,0,0,71,0,71,34,0,34,105
07/05/2023,JXN,MI,AGL,CE,Federal Contract Tower,0,6,37,0,43,0,8,87,0,95,0,14,124,0,138,90,0,90,228
07/06/2023,JXN,MI,AGL,CE,Federal Contract Tower,0,6,8,0,14,0,0,35,0,35,0,6,43,0,49,10,0,10,59
07/07/2023,JXN,MI,AGL,CE,Federal Contract Tower,0,9,14,0,23,0,17,55,0,72,0,26,69,0,95,50,0,50,145
07/08/2023,JXN,MI,AGL,CE,Federal Contract Tower,0,3,9,0,12,0,0,15,0,15,0,3,24,0,27,10,0,10,37
07/09/2023,JXN,MI,AGL,CE,Federal Contract Tower,0,3,13,0,16,0,0,70,0,70,0,3,83,0,86,40,0,40,126
07/10/2023,JXN,MI,AGL,CE,Federal Contract Tower,0,6,25,0,31,0,6,72,0,78,0,12,97,0,109,100,0,100,209
07/11/2023,JXN,MI,AGL,CE,Federal Contract Tower,0,0,21,0,21,0,1,43,0,44,0,1,64,0,65,60,0,60,125
07/12/2023,JXN,MI,AGL,CE,Federal Contract Tower,0,0,7,0,7,0,0,9,0,9,0,0,16,0,16,18,0,18,34
07/13/2023,JXN,MI,AGL,CE,Federal Contract Tower,0,5,9,2,16,0,6,21,2,29,0,11,30,4,45,64,0,64,109
07/14/2023,JXN,MI,AGL,CE,Federal Contract Tower,0,2,14,0,16,0,2,46,0,48,0,4,60,0,64,52,0,52,116
07/15/2023,JXN,MI,AGL,CE,Federal Contract Tower,0,3,4,0,7,0,0,17,0,17,0,3,21,0,24,18,0,18,42
07/16/2023,JXN,MI,AGL,CE,Federal Contract Tower,0,2,24,0,26,0,3,63,0,66,0,5,87,0,92,54,0,54,146
07/17/2023,JXN,MI,AGL,CE,Federal Contract Tower,0,14,22,0,36,0,24,48,0,72,0,38,70,0,108,54,0,54,162
07/18/2023,JXN,MI,AGL,CE,Federal Contract Tower,0,6,23,1,30,0,11,68,1,80,0,17,91,2,110,58,0,58,168
07/19/2023,JXN,MI,AGL,CE,Federal Contract Tower,0,4,31,0,35,0,4,68,0,72,0,8,99,0,107,84,0,84,191
07/20/2023,JXN,MI,AGL,CE,Federal Contract Tower,0,5,12,1,18,0,0,16,1,17,0,5,28,2,35,18,0,18,53
07/21/2023,JXN,MI,AGL,CE,Federal Contract Tower,0,7,22,4,33,0,2,47,4,53,0,9,69,8,86,46,0,46,132
07/22/2023,JXN,MI,AGL,CE,Federal Contract Tower,0,1,15,0,16,0,1,95,0,96,0,2,110,0,112,36,0,36,148
07/23/2023,JXN,MI,AGL,CE,Federal Contract Tower,0,2,7,0,9,0,0,36,0,36,0,2,43,0,45,22,0,22,67
07/24/2023,JXN,MI,AGL,CE,Federal Contract Tower,0,2,0,14,16,0,2,46,0,48,0,4,46,14,64,68,0,68,132
07/25/2023,JXN,MI,AGL,CE,Federal Contract Tower,0,13,15,0,28,0,16,22,2,40,0,29,37,2,68,68,0,68,136
07/26/2023,JXN,MI,AGL,CE,Federal Contract Tower,0,6,6,0,12,0,1,10,0,11,0,7,16,0,23,8,0,8,31
07/27/2023,JXN,MI,AGL,CE,Federal Contract Tower,0,3,14,0,17,0,4,36,0,40,0,7,50,0,57,76,0,76,133
07/29/2023,JXN,MI,AGL,CE,Federal Contract Tower,0,0,14,0,14,0,0,41,0,41,0,0,55,0,55,14,0,14,69
07/30/2023,JXN,MI,AGL,CE,Federal Contract Tower,0,2,16,0,18,0,3,87,0,90,0,5,103,0,108,86,0,86,194
08/01/2023,JXN,MI,AGL,CE,Federal Contract Tower,0,1,33,0,34,0,13,60,0,73,0,14,93,0,107,100,0,100,207
08/02/2023,JXN,MI,AGL,CE,Federal Contract Tower,0,8,35,0,43,0,6,48,0,54,0,14,83,0,97,76,0,76,173
08/03/2023,JXN,MI,AGL,CE,Federal Contract Tower,0,3,30,2,35,0,7,62,2,71,0,10,92,4,106,90,0,90,196
08/04/2023,JXN,MI,AGL,CE,Federal Contract Tower,0,8,19,0,27,0,1,59,0,60,0,9,78,0,87,50,0,50,137
08/05/2023,JXN,MI,AGL,CE,Federal Contract Tower,0,10,23,2,35,0,3,104,2,109,0,13,127,4,144,128,2,130,274
08/06/2023,JXN,MI,AGL,CE,Federal Contract Tower,0,6,10,0,16,0,0,0,0,0,0,6,10,0,16,0,0,0,16
08/07/2023,JXN,MI,AGL,CE,Federal Contract Tower,0,5,6,0,11,0,0,6,0,6,0,5,12,0,17,6,0,6,23
08/08/2023,JXN,MI,AGL,CE,Federal Contract Tower,0,6,25,0,31,0,4,46,0,50,0,10,71,0,81,76,0,76,157
08/09/2023,JXN,MI,AGL,CE,Federal Contract Tower,0,8,37,0,45,0,6,65,0,71,0,14,102,0,116,54,0,54,170
08/10/2023,JXN,MI,AGL,CE,Federal Contract Tower,0,5,9,0,14,0,5,21,0,26,0,10,30,0,40,34,0,34,74
08/11/2023,JXN,MI,AGL,CE,Federal Contract Tower,0,5,5,0,10,0,0,36,0,36,0,5,41,0,46,40,0,40,86
08/12/2023,JXN,MI,AGL,CE,Federal Contract Tower,0,4,10,0,14,0,0,43,0,43,0,4,53,0,57,12,0,12,69
08/13/2023,JXN,MI,AGL,CE,Federal Contract Tower,0,0,20,0,20,0,0,66,0,66,0,0,86,0,86,38,0,38,124
08/14/2023,JXN,MI,AGL,CE,Federal Contract Tower,0,9,8,0,17,0,4,18,2,24,0,13,26,2,41,10,0,10,51
08/16/2023,JXN,MI,AGL,CE,Federal Contract Tower,0,14,28,0,42,0,4,100,0,104,0,18,128,0,146,106,0,106,252
08/17/2023,JXN,MI,AGL,CE,Federal Contract Tower,0,4,1,0,5,0,0,5,0,5,0,4,6,0,10,0,0,0,10
08/18/2023,JXN,MI,AGL,CE,Federal Contract Tower,0,4,30,4,38,0,0,51,4,55,0,4,81,8,93,42,2,44,137
08/19/2023,JXN,MI,AGL,CE,Federal Contract Tower,0,0,12,0,12,0,2,110,0,112,0,2,122,0,124,74,0,74,198
08/20/2023,JXN,MI,AGL,CE,Federal Contract Tower,0,3,11,0,14,0,0,61,0,61,0,3,72,0,75,33,0,33,108
08/21/2023,JXN,MI,AGL,CE,Federal Contract Tower,0,0,20,0,20,0,4,48,0,52,0,4,68,0,72,28,0,28,100
08/22/2023,JXN,MI,AGL,CE,Federal Contract Tower,0,2,16,1,19,0,4,36,1,41,0,6,52,2,60,68,0,68,128
08/23/2023,JXN,MI,AGL,CE,Federal Contract Tower,0,7,21,0,28,0,3,44,0,47,0,10,65,0,75,38,0,38,113
08/24/2023,JXN,MI,AGL,CE,Federal Contract Tower,0,0,5,2,7,0,0,9,0,9,0,0,14,2,16,16,2,18,34
08/25/2023,JXN,MI,AGL,CE,Federal Contract Tower,0,7,15,0,22,0,0,19,0,19,0,7,34,0,41,22,0,22,63
08/26/2023,JXN,MI,AGL,CE,Federal Contract Tower,0,0,13,0,13,0,0,37,0,37,0,0,50,0,50,16,0,16,66
08/27/2023,JXN,MI,AGL,CE,Federal Contract Tower,0,1,20,4,25,0,0,101,4,105,0,1,121,8,130,38,2,40,170
08/28/2023,JXN,MI,AGL,CE,Federal Contract Tower,0,5,4,0,9,0,0,46,0,46,0,5,50,0,55,76,0,76,131
08/29/2023,JXN,MI,AGL,CE,Federal Contract Tower,0,3,7,2,12,0,2,24,0,26,0,5,31,2,38,56,0,56,94
08/30/2023,JXN,MI,AGL,CE,Federal Contract Tower,0,3,23,0,26,0,4,45,4,53,0,7,68,4,79,82,2,84,163
08/31/2023,JXN,MI,AGL,CE,Federal Contract Tower,0,3,26,0,29,0,0,87,0,87,0,3,113,0,116,82,0,82,198
