06/01/2010,OCF,FL,ASO,ES,Federal Contract Tower,0,0,46,0,46,0,0,120,2,122,0,0,166,2,168,90,0,90,258
06/02/2010,OCF,FL,ASO,ES,Federal Contract Tower,0,1,27,2,30,0,0,102,0,102,0,1,129,2,132,130,0,130,262
06/03/2010,OCF,FL,ASO,ES,Federal Contract Tower,0,1,14,0,15,0,0,64,0,64,0,1,78,0,79,43,0,43,122
06/04/2010,OCF,FL,ASO,ES,Federal Contract Tower,0,0,18,2,20,0,0,0,0,0,0,0,18,2,20,16,0,16,36
06/05/2010,OCF,FL,ASO,ES,Federal Contract Tower,0,0,17,0,17,0,0,75,0,75,0,0,92,0,92,56,0,56,148
06/06/2010,OCF,FL,ASO,ES,Federal Contract Tower,0,2,20,2,24,0,0,93,0,93,0,2,113,2,117,28,0,28,145
06/07/2010,OCF,FL,ASO,ES,Federal Contract Tower,0,0,31,3,34,0,0,45,0,45,0,0,76,3,79,44,0,44,123
06/08/2010,OCF,FL,ASO,ES,Federal Contract Tower,0,0,30,0,30,0,0,125,2,127,0,0,155,2,157,46,0,46,203
06/09/2010,OCF,FL,ASO,ES,Federal Contract Tower,0,0,25,0,25,0,0,139,0,139,0,0,164,0,164,63,0,63,227
06/10/2010,OCF,FL,ASO,ES,Federal Contract Tower,0,0,35,0,35,0,0,91,0,91,0,0,126,0,126,66,0,66,192
06/11/2010,OCF,FL,ASO,ES,Federal Contract Tower,0,0,31,2,33,0,0,63,0,63,0,0,94,2,96,12,0,12,108
06/12/2010,OCF,FL,ASO,ES,Federal Contract Tower,0,0,18,0,18,0,0,72,0,72,0,0,90,0,90,14,0,14,104
06/13/2010,OCF,FL,ASO,ES,Federal Contract Tower,0,0,21,0,21,0,0,108,0,108,0,0,129,0,129,20,0,20,149
06/14/2010,OCF,FL,ASO,ES,Federal Contract Tower,0,0,24,0,24,0,0,76,0,76,0,0,100,0,100,50,0,50,150
06/15/2010,OCF,FL,ASO,ES,Federal Contract Tower,2,3,32,0,37,0,0,63,8,71,2,3,95,8,108,30,5,35,143
06/16/2010,OCF,FL,ASO,ES,Federal Contract Tower,0,0,26,0,26,0,0,44,1,45,0,0,70,1,71,56,0,56,127
06/17/2010,OCF,FL,ASO,ES,Federal Contract Tower,0,0,31,0,31,0,0,74,0,74,0,0,105,0,105,44,2,46,151
06/18/2010,OCF,FL,ASO,ES,Federal Contract Tower,2,2,11,0,15,0,0,58,0,58,2,2,69,0,73,51,0,51,124
06/19/2010,OCF,FL,ASO,ES,Federal Contract Tower,0,1,10,0,11,0,0,93,0,93,0,1,103,0,104,48,0,48,152
06/20/2010,OCF,FL,ASO,ES,Federal Contract Tower,0,0,10,0,10,0,0,72,0,72,0,0,82,0,82,19,0,19,101
06/21/2010,OCF,FL,ASO,ES,Federal Contract Tower,0,0,32,0,32,0,0,91,0,91,0,0,123,0,123,80,0,80,203
06/22/2010,OCF,FL,ASO,ES,Federal Contract Tower,0,0,24,0,24,0,0,89,0,89,0,0,113,0,113,70,1,71,184
06/23/2010,OCF,FL,ASO,ES,Federal Contract Tower,0,0,20,0,20,0,0,77,0,77,0,0,97,0,97,42,0,42,139
06/24/2010,OCF,FL,ASO,ES,Federal Contract Tower,0,1,21,0,22,0,0,91,0,91,0,1,112,0,113,35,0,35,148
06/25/2010,OCF,FL,ASO,ES,Federal Contract Tower,0,1,28,0,29,0,0,112,0,112,0,1,140,0,141,58,0,58,199
06/26/2010,OCF,FL,ASO,ES,Federal Contract Tower,0,1,25,0,26,0,0,111,0,111,0,1,136,0,137,82,0,82,219
06/27/2010,OCF,FL,ASO,ES,Federal Contract Tower,0,2,12,0,14,0,0,46,0,46,0,2,58,0,60,30,0,30,90
06/28/2010,OCF,FL,ASO,ES,Federal Contract Tower,0,0,15,0,15,0,0,82,0,82,0,0,97,0,97,29,0,29,126
06/29/2010,OCF,FL,ASO,ES,Federal Contract Tower,0,0,20,0,20,0,0,67,0,67,0,0,87,0,87,62,0,62,149
06/30/2010,OCF,FL,ASO,ES,Federal Contract Tower,0,1,32,0,33,0,0,72,0,72,0,1,104,0,105,18,0,18,123
07/01/2010,OCF,FL,ASO,ES,Federal Contract Tower,0,1,33,0,34,0,0,38,0,38,0,1,71,0,72,62,0,62,134
07/02/2010,OCF,FL,ASO,ES,Federal Contract Tower,0,0,27,2,29,0,0,47,0,47,0,0,74,2,76,26,0,26,102
07/03/2010,OCF,FL,ASO,ES,Federal Contract Tower,0,0,18,0,18,0,0,48,0,48,0,0,66,0,66,40,0,40,106
07/04/2010,OCF,FL,ASO,ES,Federal Contract Tower,0,0,7,0,7,0,0,25,0,25,0,0,32,0,32,0,0,0,32
07/05/2010,OCF,FL,ASO,ES,Federal Contract Tower,0,0,16,0,16,0,0,52,0,52,0,0,68,0,68,45,0,45,113
07/06/2010,OCF,FL,ASO,ES,Federal Contract Tower,0,0,28,0,28,0,0,90,0,90,0,0,118,0,118,60,0,60,178
07/07/2010,OCF,FL,ASO,ES,Federal Contract Tower,0,1,29,0,30,0,0,84,0,84,0,1,113,0,114,47,0,47,161
07/08/2010,OCF,FL,ASO,ES,Federal Contract Tower,0,2,18,0,20,0,0,99,0,99,0,2,117,0,119,30,0,30,149
07/09/2010,OCF,FL,ASO,ES,Federal Contract Tower,0,2,23,0,25,0,1,102,0,103,0,3,125,0,128,51,0,51,179
07/10/2010,OCF,FL,ASO,ES,Federal Contract Tower,0,0,12,0,12,0,0,96,0,96,0,0,108,0,108,42,0,42,150
07/11/2010,OCF,FL,ASO,ES,Federal Contract Tower,0,0,17,0,17,0,0,60,0,60,0,0,77,0,77,16,0,16,93
07/12/2010,OCF,FL,ASO,ES,Federal Contract Tower,0,0,9,0,9,0,0,39,0,39,0,0,48,0,48,30,0,30,78
07/13/2010,OCF,FL,ASO,ES,Federal Contract Tower,2,2,24,0,28,0,0,78,2,80,2,2,102,2,108,40,0,40,148
07/14/2010,OCF,FL,ASO,ES,Federal Contract Tower,0,0,9,0,9,0,0,78,0,78,0,0,87,0,87,110,0,110,197
07/15/2010,OCF,FL,ASO,ES,Federal Contract Tower,0,0,16,0,16,0,0,39,0,39,0,0,55,0,55,26,0,26,81
07/16/2010,OCF,FL,ASO,ES,Federal Contract Tower,0,0,26,0,26,0,0,74,0,74,0,0,100,0,100,42,0,42,142
07/17/2010,OCF,FL,ASO,ES,Federal Contract Tower,0,0,12,0,12,0,0,119,0,119,0,0,131,0,131,40,0,40,171
07/18/2010,OCF,FL,ASO,ES,Federal Contract Tower,0,0,20,2,22,0,0,77,0,77,0,0,97,2,99,40,2,42,141
07/19/2010,OCF,FL,ASO,ES,Federal Contract Tower,0,0,24,0,24,0,0,84,11,95,0,0,108,11,119,43,0,43,162
07/20/2010,OCF,FL,ASO,ES,Federal Contract Tower,0,0,45,5,50,0,0,95,0,95,0,0,140,5,145,92,0,92,237
07/21/2010,OCF,FL,ASO,ES,Federal Contract Tower,0,0,40,1,41,0,0,72,6,78,0,0,112,7,119,50,0,50,169
07/22/2010,OCF,FL,ASO,ES,Federal Contract Tower,0,3,16,0,19,0,0,100,0,100,0,3,116,0,119,82,0,82,201
07/23/2010,OCF,FL,ASO,ES,Federal Contract Tower,0,4,16,2,22,0,0,69,2,71,0,4,85,4,93,39,0,39,132
07/24/2010,OCF,FL,ASO,ES,Federal Contract Tower,0,0,28,0,28,0,0,33,2,35,0,0,61,2,63,44,0,44,107
07/25/2010,OCF,FL,ASO,ES,Federal Contract Tower,0,3,11,0,14,0,0,57,0,57,0,3,68,0,71,18,0,18,89
07/26/2010,OCF,FL,ASO,ES,Federal Contract Tower,0,8,9,4,21,0,0,70,0,70,0,8,79,4,91,102,0,102,193
07/27/2010,OCF,FL,ASO,ES,Federal Contract Tower,0,4,48,0,52,0,0,84,0,84,0,4,132,0,136,110,0,110,246
07/28/2010,OCF,FL,ASO,ES,Federal Contract Tower,0,1,29,2,32,0,0,74,2,76,0,1,103,4,108,48,0,48,156
07/29/2010,OCF,FL,ASO,ES,Federal Contract Tower,0,0,47,0,47,0,0,77,2,79,0,0,124,2,126,84,0,84,210
07/30/2010,OCF,FL,ASO,ES,Federal Contract Tower,0,1,17,2,20,0,0,79,0,79,0,1,96,2,99,12,0,12,111
07/31/2010,OCF,FL,ASO,ES,Federal Contract Tower,0,2,20,0,22,0,0,69,0,69,0,2,89,0,91,22,0,22,113
08/01/2010,OCF,FL,ASO,ES,Federal Contract Tower,0,1,11,0,12,0,0,30,0,30,0,1,41,0,42,0,4,4,46
08/02/2010,OCF,FL,ASO,ES,Federal Contract Tower,0,0,17,0,17,0,0,54,0,54,0,0,71,0,71,47,0,47,118
08/03/2010,OCF,FL,ASO,ES,Federal Contract Tower,0,0,21,4,25,0,0,80,0,80,0,0,101,4,105,78,0,78,183
08/04/2010,OCF,FL,ASO,ES,Federal Contract Tower,0,0,20,0,20,0,0,92,0,92,0,0,112,0,112,76,10,86,198
08/05/2010,OCF,FL,ASO,ES,Federal Contract Tower,0,1,30,0,31,0,0,76,0,76,0,1,106,0,107,92,0,92,199
08/06/2010,OCF,FL,ASO,ES,Federal Contract Tower,0,0,22,4,26,0,0,80,0,80,0,0,102,4,106,96,0,96,202
08/07/2010,OCF,FL,ASO,ES,Federal Contract Tower,0,1,9,0,10,0,0,39,0,39,0,1,48,0,49,34,0,34,83
08/08/2010,OCF,FL,ASO,ES,Federal Contract Tower,0,1,11,0,12,0,0,28,0,28,0,1,39,0,40,6,0,6,46
08/09/2010,OCF,FL,ASO,ES,Federal Contract Tower,0,4,19,2,25,0,0,25,0,25,0,4,44,2,50,16,0,16,66
08/10/2010,OCF,FL,ASO,ES,Federal Contract Tower,0,1,19,0,20,0,0,49,0,49,0,1,68,0,69,84,0,84,153
08/11/2010,OCF,FL,ASO,ES,Federal Contract Tower,0,0,19,0,19,0,0,44,0,44,0,0,63,0,63,54,0,54,117
08/12/2010,OCF,FL,ASO,ES,Federal Contract Tower,0,0,19,2,21,0,2,49,0,51,0,2,68,2,72,66,0,66,138
08/13/2010,OCF,FL,ASO,ES,Federal Contract Tower,0,4,17,1,22,0,0,49,2,51,0,4,66,3,73,49,0,49,122
08/14/2010,OCF,FL,ASO,ES,Federal Contract Tower,0,2,18,0,20,0,0,0,0,0,0,2,18,0,20,98,0,98,118
08/15/2010,OCF,FL,ASO,ES,Federal Contract Tower,0,2,11,2,15,0,0,60,0,60,0,2,71,2,75,18,0,18,93
08/16/2010,OCF,FL,ASO,ES,Federal Contract Tower,0,0,12,4,16,0,0,46,0,46,0,0,58,4,62,148,0,148,210
08/17/2010,OCF,FL,ASO,ES,Federal Contract Tower,0,0,16,0,16,0,0,61,0,61,0,0,77,0,77,125,0,125,202
08/18/2010,OCF,FL,ASO,ES,Federal Contract Tower,0,3,29,0,32,0,0,82,0,82,0,3,111,0,114,120,0,120,234
08/19/2010,OCF,FL,ASO,ES,Federal Contract Tower,0,1,19,1,21,0,0,75,0,75,0,1,94,1,96,35,0,35,131
08/20/2010,OCF,FL,ASO,ES,Federal Contract Tower,0,0,39,1,40,0,0,79,0,79,0,0,118,1,119,22,0,22,141
08/21/2010,OCF,FL,ASO,ES,Federal Contract Tower,0,1,8,0,9,0,0,49,0,49,0,1,57,0,58,50,0,50,108
08/22/2010,OCF,FL,ASO,ES,Federal Contract Tower,0,0,22,0,22,0,0,86,0,86,0,0,108,0,108,21,0,21,129
08/23/2010,OCF,FL,ASO,ES,Federal Contract Tower,0,0,38,0,38,0,0,21,0,21,0,0,59,0,59,10,0,10,69
08/24/2010,OCF,FL,ASO,ES,Federal Contract Tower,0,0,12,0,12,0,0,21,0,21,0,0,33,0,33,28,0,28,61
08/25/2010,OCF,FL,ASO,ES,Federal Contract Tower,0,3,29,4,36,0,0,48,0,48,0,3,77,4,84,34,0,34,118
08/26/2010,OCF,FL,ASO,ES,Federal Contract Tower,0,1,39,0,40,0,0,91,0,91,0,1,130,0,131,55,2,57,188
08/27/2010,OCF,FL,ASO,ES,Federal Contract Tower,0,2,30,1,33,0,0,72,0,72,0,2,102,1,105,69,0,69,174
08/28/2010,OCF,FL,ASO,ES,Federal Contract Tower,0,0,25,0,25,0,0,118,0,118,0,0,143,0,143,74,0,74,217
08/29/2010,OCF,FL,ASO,ES,Federal Contract Tower,0,0,25,4,29,0,0,36,0,36,0,0,61,4,65,18,0,18,83
08/30/2010,OCF,FL,ASO,ES,Federal Contract Tower,0,0,27,0,27,0,0,47,0,47,0,0,74,0,74,90,0,90,164
08/31/2010,OCF,FL,ASO,ES,Federal Contract Tower,0,0,24,0,24,0,0,61,0,61,0,0,85,0,85,86,0,86,171
09/01/2010,OCF,FL,ASO,ES,Federal Contract Tower,0,0,26,0,26,0,0,78,0,78,0,0,104,0,104,50,0,50,154
09/02/2010,OCF,FL,ASO,ES,Federal Contract Tower,0,0,22,0,22,0,0,94,0,94,0,0,116,0,116,94,0,94,210
09/03/2010,OCF,FL,ASO,ES,Federal Contract Tower,0,0,17,0,17,0,0,87,0,87,0,0,104,0,104,78,0,78,182
09/04/2010,OCF,FL,ASO,ES,Federal Contract Tower,0,0,10,0,10,0,0,88,0,88,0,0,98,0,98,66,0,66,164
09/05/2010,OCF,FL,ASO,ES,Federal Contract Tower,0,0,10,0,10,0,0,20,0,20,0,0,30,0,30,8,0,8,38
09/06/2010,OCF,FL,ASO,ES,Federal Contract Tower,0,4,17,0,21,0,0,72,0,72,0,4,89,0,93,62,0,62,155
09/07/2010,OCF,FL,ASO,ES,Federal Contract Tower,0,0,15,2,17,0,0,37,0,37,0,0,52,2,54,56,0,56,110
09/08/2010,OCF,FL,ASO,ES,Federal Contract Tower,0,2,20,0,22,0,0,67,0,67,0,2,87,0,89,85,0,85,174
09/09/2010,OCF,FL,ASO,ES,Federal Contract Tower,0,4,27,0,31,0,0,67,2,69,0,4,94,2,100,70,0,70,170
09/10/2010,OCF,FL,ASO,ES,Federal Contract Tower,0,0,27,0,27,0,0,103,0,103,0,0,130,0,130,78,0,78,208
09/11/2010,OCF,FL,ASO,ES,Federal Contract Tower,0,0,19,6,25,0,0,95,0,95,0,0,114,6,120,20,0,20,140
09/12/2010,OCF,FL,ASO,ES,Federal Contract Tower,0,1,13,0,14,0,0,91,0,91,0,1,104,0,105,58,0,58,163
09/13/2010,OCF,FL,ASO,ES,Federal Contract Tower,0,2,36,0,38,0,2,95,0,97,0,4,131,0,135,38,0,38,173
09/14/2010,OCF,FL,ASO,ES,Federal Contract Tower,0,0,23,2,25,0,0,103,0,103,0,0,126,2,128,92,0,92,220
09/15/2010,OCF,FL,ASO,ES,Federal Contract Tower,0,2,19,0,21,0,0,83,0,83,0,2,102,0,104,70,0,70,174
09/16/2010,OCF,FL,ASO,ES,Federal Contract Tower,0,0,20,0,20,0,0,75,0,75,0,0,95,0,95,56,0,56,151
09/17/2010,OCF,FL,ASO,ES,Federal Contract Tower,0,1,37,0,38,0,0,98,0,98,0,1,135,0,136,34,0,34,170
09/18/2010,OCF,FL,ASO,ES,Federal Contract Tower,0,0,17,0,17,0,0,72,0,72,0,0,89,0,89,46,0,46,135
09/19/2010,OCF,FL,ASO,ES,Federal Contract Tower,0,1,20,2,23,0,0,46,0,46,0,1,66,2,69,16,0,16,85
09/20/2010,OCF,FL,ASO,ES,Federal Contract Tower,0,0,23,0,23,0,0,69,0,69,0,0,92,0,92,82,0,82,174
09/21/2010,OCF,FL,ASO,ES,Federal Contract Tower,0,2,26,2,30,0,0,69,0,69,0,2,95,2,99,50,0,50,149
09/22/2010,OCF,FL,ASO,ES,Federal Contract Tower,0,0,24,0,24,0,0,69,0,69,0,0,93,0,93,30,0,30,123
09/23/2010,OCF,FL,ASO,ES,Federal Contract Tower,0,3,23,0,26,0,0,42,0,42,0,3,65,0,68,22,0,22,90
09/24/2010,OCF,FL,ASO,ES,Federal Contract Tower,2,0,16,0,18,0,0,45,0,45,2,0,61,0,63,19,0,19,82
09/25/2010,OCF,FL,ASO,ES,Federal Contract Tower,0,1,20,4,25,0,0,70,0,70,0,1,90,4,95,66,4,70,165
09/26/2010,OCF,FL,ASO,ES,Federal Contract Tower,0,0,13,4,17,0,0,62,0,62,0,0,75,4,79,4,0,4,83
09/27/2010,OCF,FL,ASO,ES,Federal Contract Tower,0,0,10,0,10,0,0,41,0,41,0,0,51,0,51,34,0,34,85
09/28/2010,OCF,FL,ASO,ES,Federal Contract Tower,0,0,13,2,15,0,0,45,0,45,0,0,58,2,60,8,0,8,68
09/29/2010,OCF,FL,ASO,ES,Federal Contract Tower,0,1,29,0,30,0,0,37,0,37,0,1,66,0,67,29,0,29,96
09/30/2010,OCF,FL,ASO,ES,Federal Contract Tower,0,1,52,0,53,0,0,47,2,49,0,1,99,2,102,14,0,14,116
10/01/2010,OCF,FL,ASO,ES,Federal Contract Tower,0,0,27,1,28,0,0,94,0,94,0,0,121,1,122,44,0,44,166
10/02/2010,OCF,FL,ASO,ES,Federal Contract Tower,0,3,24,0,27,0,0,60,0,60,0,3,84,0,87,22,0,22,109
10/03/2010,OCF,FL,ASO,ES,Federal Contract Tower,0,1,14,2,17,0,0,71,0,71,0,1,85,2,88,4,0,4,92
10/04/2010,OCF,FL,ASO,ES,Federal Contract Tower,0,4,24,0,28,0,0,91,0,91,0,4,115,0,119,85,0,85,204
10/05/2010,OCF,FL,ASO,ES,Federal Contract Tower,0,4,34,1,39,0,0,115,1,116,0,4,149,2,155,113,6,119,274
10/06/2010,OCF,FL,ASO,ES,Federal Contract Tower,0,0,17,2,19,0,0,78,0,78,0,0,95,2,97,86,0,86,183
10/07/2010,OCF,FL,ASO,ES,Federal Contract Tower,0,1,25,1,27,0,0,88,1,89,0,1,113,2,116,123,0,123,239
10/08/2010,OCF,FL,ASO,ES,Federal Contract Tower,0,0,24,4,28,0,0,101,0,101,0,0,125,4,129,51,0,51,180
10/09/2010,OCF,FL,ASO,ES,Federal Contract Tower,0,1,4,0,5,0,0,0,0,0,0,1,4,0,5,38,0,38,43
10/10/2010,OCF,FL,ASO,ES,Federal Contract Tower,0,2,24,0,26,0,0,70,0,70,0,2,94,0,96,38,0,38,134
10/11/2010,OCF,FL,ASO,ES,Federal Contract Tower,0,4,21,0,25,0,0,85,0,85,0,4,106,0,110,32,0,32,142
10/12/2010,OCF,FL,ASO,ES,Federal Contract Tower,0,1,33,1,35,0,0,70,1,71,0,1,103,2,106,88,8,96,202
10/13/2010,OCF,FL,ASO,ES,Federal Contract Tower,0,2,26,0,28,0,0,89,0,89,0,2,115,0,117,92,0,92,209
10/14/2010,OCF,FL,ASO,ES,Federal Contract Tower,0,4,23,0,27,0,0,78,0,78,0,4,101,0,105,15,0,15,120
10/15/2010,OCF,FL,ASO,ES,Federal Contract Tower,2,1,12,0,15,0,0,100,0,100,2,1,112,0,115,77,0,77,192
10/16/2010,OCF,FL,ASO,ES,Federal Contract Tower,0,2,15,0,17,0,0,72,0,72,0,2,87,0,89,44,0,44,133
10/17/2010,OCF,FL,ASO,ES,Federal Contract Tower,0,1,0,0,1,0,0,68,0,68,0,1,68,0,69,34,0,34,103
10/18/2010,OCF,FL,ASO,ES,Federal Contract Tower,0,1,44,0,45,0,0,91,0,91,0,1,135,0,136,64,0,64,200
10/19/2010,OCF,FL,ASO,ES,Federal Contract Tower,0,0,26,4,30,0,0,74,0,74,0,0,100,4,104,22,0,22,126
10/20/2010,OCF,FL,ASO,ES,Federal Contract Tower,0,0,17,1,18,0,0,99,5,104,0,0,116,6,122,80,15,95,217
10/21/2010,OCF,FL,ASO,ES,Federal Contract Tower,3,6,32,0,41,0,0,64,0,64,3,6,96,0,105,45,0,45,150
10/22/2010,OCF,FL,ASO,ES,Federal Contract Tower,0,3,23,2,28,0,0,99,0,99,0,3,122,2,127,94,0,94,221
10/23/2010,OCF,FL,ASO,ES,Federal Contract Tower,0,0,19,0,19,0,0,112,0,112,0,0,131,0,131,89,0,89,220
10/24/2010,OCF,FL,ASO,ES,Federal Contract Tower,0,4,24,0,28,0,0,74,0,74,0,4,98,0,102,32,0,32,134
10/25/2010,OCF,FL,ASO,ES,Federal Contract Tower,0,2,30,0,32,0,0,51,0,51,0,2,81,0,83,32,0,32,115
10/26/2010,OCF,FL,ASO,ES,Federal Contract Tower,0,0,51,0,51,0,0,66,0,66,0,0,117,0,117,68,0,68,185
10/27/2010,OCF,FL,ASO,ES,Federal Contract Tower,0,0,29,3,32,0,0,96,0,96,0,0,125,3,128,58,0,58,186
10/28/2010,OCF,FL,ASO,ES,Federal Contract Tower,1,0,28,4,33,0,0,55,0,55,1,0,83,4,88,39,0,39,127
10/29/2010,OCF,FL,ASO,ES,Federal Contract Tower,0,6,16,0,22,0,0,101,0,101,0,6,117,0,123,76,0,76,199
10/30/2010,OCF,FL,ASO,ES,Federal Contract Tower,0,0,27,0,27,0,0,79,0,79,0,0,106,0,106,32,0,32,138
10/31/2010,OCF,FL,ASO,ES,Federal Contract Tower,0,2,24,0,26,0,0,98,0,98,0,2,122,0,124,30,0,30,154
11/01/2010,OCF,FL,ASO,ES,Federal Contract Tower,0,3,26,0,29,0,0,58,0,58,0,3,84,0,87,42,0,42,129
11/02/2010,OCF,FL,ASO,ES,Federal Contract Tower,0,0,36,0,36,0,0,61,0,61,0,0,97,0,97,53,0,53,150
11/03/2010,OCF,FL,ASO,ES,Federal Contract Tower,0,4,31,0,35,0,0,41,0,41,0,4,72,0,76,55,0,55,131
11/04/2010,OCF,FL,ASO,ES,Federal Contract Tower,2,0,47,0,49,0,0,17,0,17,2,0,64,0,66,49,0,49,115
11/05/2010,OCF,FL,ASO,ES,Federal Contract Tower,0,3,29,4,36,0,0,71,0,71,0,3,100,4,107,37,0,37,144
11/06/2010,OCF,FL,ASO,ES,Federal Contract Tower,0,4,8,0,12,0,0,79,0,79,0,4,87,0,91,73,0,73,164
11/07/2010,OCF,FL,ASO,ES,Federal Contract Tower,0,1,20,0,21,0,0,119,0,119,0,1,139,0,140,20,0,20,160
11/08/2010,OCF,FL,ASO,ES,Federal Contract Tower,0,3,37,0,40,0,0,97,0,97,0,3,134,0,137,25,4,29,166
11/09/2010,OCF,FL,ASO,ES,Federal Contract Tower,0,6,48,0,54,0,0,110,0,110,0,6,158,0,164,60,0,60,224
11/10/2010,OCF,FL,ASO,ES,Federal Contract Tower,0,3,23,6,32,0,0,63,0,63,0,3,86,6,95,28,0,28,123
11/11/2010,OCF,FL,ASO,ES,Federal Contract Tower,0,2,61,0,63,0,0,94,0,94,0,2,155,0,157,50,0,50,207
11/12/2010,OCF,FL,ASO,ES,Federal Contract Tower,0,0,28,0,28,0,0,89,0,89,0,0,117,0,117,42,0,42,159
11/13/2010,OCF,FL,ASO,ES,Federal Contract Tower,0,0,14,0,14,0,0,84,0,84,0,0,98,0,98,29,0,29,127
11/14/2010,OCF,FL,ASO,ES,Federal Contract Tower,1,0,36,0,37,0,0,104,0,104,1,0,140,0,141,40,0,40,181
11/15/2010,OCF,FL,ASO,ES,Federal Contract Tower,0,0,14,0,14,0,0,76,0,76,0,0,90,0,90,28,0,28,118
11/16/2010,OCF,FL,ASO,ES,Federal Contract Tower,0,2,17,0,19,0,1,14,0,15,0,3,31,0,34,4,0,4,38
11/17/2010,OCF,FL,ASO,ES,Federal Contract Tower,0,0,24,2,26,0,0,66,4,70,0,0,90,6,96,32,0,32,128
11/18/2010,OCF,FL,ASO,ES,Federal Contract Tower,0,6,39,4,49,0,0,93,0,93,0,6,132,4,142,42,0,42,184
11/19/2010,OCF,FL,ASO,ES,Federal Contract Tower,0,0,51,0,51,0,0,134,0,134,0,0,185,0,185,77,0,77,262
11/20/2010,OCF,FL,ASO,ES,Federal Contract Tower,0,5,30,0,35,0,0,139,0,139,0,5,169,0,174,46,0,46,220
11/21/2010,OCF,FL,ASO,ES,Federal Contract Tower,0,6,23,0,29,0,0,43,0,43,0,6,66,0,72,16,6,22,94
11/22/2010,OCF,FL,ASO,ES,Federal Contract Tower,0,1,27,0,28,0,0,68,0,68,0,1,95,0,96,13,0,13,109
11/23/2010,OCF,FL,ASO,ES,Federal Contract Tower,0,5,46,0,51,0,0,73,0,73,0,5,119,0,124,86,0,86,210
11/24/2010,OCF,FL,ASO,ES,Federal Contract Tower,0,2,26,0,28,0,0,103,0,103,0,2,129,0,131,47,0,47,178
11/25/2010,OCF,FL,ASO,ES,Federal Contract Tower,0,2,17,0,19,0,0,26,0,26,0,2,43,0,45,0,0,0,45
11/26/2010,OCF,FL,ASO,ES,Federal Contract Tower,0,0,39,0,39,0,0,61,0,61,0,0,100,0,100,40,0,40,140
11/27/2010,OCF,FL,ASO,ES,Federal Contract Tower,0,2,15,0,17,0,0,51,0,51,0,2,66,0,68,16,0,16,84
11/28/2010,OCF,FL,ASO,ES,Federal Contract Tower,0,11,39,0,50,0,0,53,0,53,0,11,92,0,103,4,0,4,107
11/29/2010,OCF,FL,ASO,ES,Federal Contract Tower,0,3,20,0,23,0,0,35,0,35,0,3,55,0,58,14,0,14,72
11/30/2010,OCF,FL,ASO,ES,Federal Contract Tower,0,3,21,0,24,0,0,49,0,49,0,3,70,0,73,20,0,20,93
12/01/2010,OCF,FL,ASO,ES,Federal Contract Tower,0,1,30,0,31,0,0,42,0,42,0,1,72,0,73,6,0,6,79
12/02/2010,OCF,FL,ASO,ES,Federal Contract Tower,0,1,37,2,40,0,0,68,0,68,0,1,105,2,108,79,0,79,187
12/03/2010,OCF,FL,ASO,ES,Federal Contract Tower,0,1,34,2,37,0,0,108,0,108,0,1,142,2,145,70,0,70,215
12/04/2010,OCF,FL,ASO,ES,Federal Contract Tower,0,1,19,0,20,0,0,78,0,78,0,1,97,0,98,56,0,56,154
12/05/2010,OCF,FL,ASO,ES,Federal Contract Tower,0,2,17,0,19,0,0,62,0,62,0,2,79,0,81,60,0,60,141
12/06/2010,OCF,FL,ASO,ES,Federal Contract Tower,0,0,31,0,31,0,0,69,0,69,0,0,100,0,100,52,0,52,152
12/07/2010,OCF,FL,ASO,ES,Federal Contract Tower,0,0,30,2,32,0,0,0,0,0,0,0,30,2,32,38,4,42,74
12/08/2010,OCF,FL,ASO,ES,Federal Contract Tower,0,0,30,2,32,0,0,67,0,67,0,0,97,2,99,88,0,88,187
12/09/2010,OCF,FL,ASO,ES,Federal Contract Tower,0,0,38,0,38,0,0,95,0,95,0,0,133,0,133,70,4,74,207
12/10/2010,OCF,FL,ASO,ES,Federal Contract Tower,0,0,47,11,58,0,0,29,1,30,0,0,76,12,88,12,8,20,108
12/11/2010,OCF,FL,ASO,ES,Federal Contract Tower,0,1,15,0,16,0,0,56,0,56,0,1,71,0,72,64,0,64,136
12/12/2010,OCF,FL,ASO,ES,Federal Contract Tower,0,0,15,5,20,0,1,7,1,9,0,1,22,6,29,0,0,0,29
12/13/2010,OCF,FL,ASO,ES,Federal Contract Tower,0,4,12,0,16,0,0,28,0,28,0,4,40,0,44,1,0,1,45
12/14/2010,OCF,FL,ASO,ES,Federal Contract Tower,0,0,46,0,46,0,0,62,0,62,0,0,108,0,108,68,0,68,176
12/15/2010,OCF,FL,ASO,ES,Federal Contract Tower,0,1,26,5,32,0,0,99,0,99,0,1,125,5,131,74,6,80,211
12/16/2010,OCF,FL,ASO,ES,Federal Contract Tower,0,4,29,2,35,0,0,54,0,54,0,4,83,2,89,72,0,72,161
12/17/2010,OCF,FL,ASO,ES,Federal Contract Tower,0,6,31,0,37,0,0,83,0,83,0,6,114,0,120,76,0,76,196
12/18/2010,OCF,FL,ASO,ES,Federal Contract Tower,0,2,20,0,22,0,0,30,0,30,0,2,50,0,52,14,0,14,66
12/19/2010,OCF,FL,ASO,ES,Federal Contract Tower,2,2,26,2,32,0,0,13,0,13,2,2,39,2,45,0,0,0,45
12/20/2010,OCF,FL,ASO,ES,Federal Contract Tower,0,4,31,0,35,0,0,78,0,78,0,4,109,0,113,48,0,48,161
12/21/2010,OCF,FL,ASO,ES,Federal Contract Tower,0,2,20,0,22,0,0,103,0,103,0,2,123,0,125,56,0,56,181
12/22/2010,OCF,FL,ASO,ES,Federal Contract Tower,0,0,29,2,31,0,0,41,0,41,0,0,70,2,72,10,0,10,82
12/23/2010,OCF,FL,ASO,ES,Federal Contract Tower,0,1,23,0,24,0,0,84,0,84,0,1,107,0,108,68,0,68,176
12/24/2010,OCF,FL,ASO,ES,Federal Contract Tower,0,4,12,0,16,0,0,68,0,68,0,4,80,0,84,60,0,60,144
12/25/2010,OCF,FL,ASO,ES,Federal Contract Tower,0,7,19,0,26,0,0,24,0,24,0,7,43,0,50,0,0,0,50
12/26/2010,OCF,FL,ASO,ES,Federal Contract Tower,0,3,12,0,15,0,0,13,0,13,0,3,25,0,28,0,0,0,28
12/27/2010,OCF,FL,ASO,ES,Federal Contract Tower,0,3,27,0,30,0,0,29,0,29,0,3,56,0,59,20,0,20,79
12/28/2010,OCF,FL,ASO,ES,Federal Contract Tower,0,3,21,0,24,0,0,89,0,89,0,3,110,0,113,6,2,8,121
12/29/2010,OCF,FL,ASO,ES,Federal Contract Tower,0,2,19,0,21,0,0,73,0,73,0,2,92,0,94,66,0,66,160
12/30/2010,OCF,FL,ASO,ES,Federal Contract Tower,0,3,21,0,24,0,1,92,0,93,0,4,113,0,117,60,0,60,177
12/31/2010,OCF,FL,ASO,ES,Federal Contract Tower,0,0,38,0,38,0,0,102,0,102,0,0,140,0,140,78,0,78,218
01/01/2011,OCF,FL,ASO,ES,Federal Contract Tower,0,5,15,0,20,0,0,33,0,33,0,5,48,0,53,38,0,38,91
01/02/2011,OCF,FL,ASO,ES,Federal Contract Tower,0,4,31,0,35,0,0,36,0,36,0,4,67,0,71,22,0,22,93
01/03/2011,OCF,FL,ASO,ES,Federal Contract Tower,0,2,18,0,20,0,1,65,0,66,0,3,83,0,86,50,0,50,136
01/04/2011,OCF,FL,ASO,ES,Federal Contract Tower,0,2,21,0,23,0,0,49,0,49,0,2,70,0,72,48,0,48,120
01/05/2011,OCF,FL,ASO,ES,Federal Contract Tower,0,0,16,0,16,0,0,49,0,49,0,0,65,0,65,20,0,20,85
01/06/2011,OCF,FL,ASO,ES,Federal Contract Tower,0,0,49,0,49,0,0,57,0,57,0,0,106,0,106,60,0,60,166
01/07/2011,OCF,FL,ASO,ES,Federal Contract Tower,0,2,30,3,35,0,0,59,0,59,0,2,89,3,94,12,0,12,106
01/08/2011,OCF,FL,ASO,ES,Federal Contract Tower,0,3,24,0,27,0,0,79,0,79,0,3,103,0,106,22,0,22,128
01/09/2011,OCF,FL,ASO,ES,Federal Contract Tower,0,1,26,1,28,0,0,74,2,76,0,1,100,3,104,34,6,40,144
01/10/2011,OCF,FL,ASO,ES,Federal Contract Tower,0,2,12,0,14,0,0,34,0,34,0,2,46,0,48,10,0,10,58
01/11/2011,OCF,FL,ASO,ES,Federal Contract Tower,0,1,36,4,41,0,0,44,0,44,0,1,80,4,85,74,0,74,159
01/12/2011,OCF,FL,ASO,ES,Federal Contract Tower,0,1,16,0,17,0,0,73,0,73,0,1,89,0,90,50,0,50,140
01/13/2011,OCF,FL,ASO,ES,Federal Contract Tower,2,2,25,4,33,0,0,73,5,78,2,2,98,9,111,98,12,110,221
01/14/2011,OCF,FL,ASO,ES,Federal Contract Tower,0,2,29,6,37,0,0,123,0,123,0,2,152,6,160,100,0,100,260
01/15/2011,OCF,FL,ASO,ES,Federal Contract Tower,0,6,20,5,31,0,0,90,0,90,0,6,110,5,121,66,0,66,187
01/16/2011,OCF,FL,ASO,ES,Federal Contract Tower,0,0,15,6,21,0,1,86,0,87,0,1,101,6,108,58,0,58,166
01/17/2011,OCF,FL,ASO,ES,Federal Contract Tower,0,0,45,0,45,0,0,6,0,6,0,0,51,0,51,0,0,0,51
01/18/2011,OCF,FL,ASO,ES,Federal Contract Tower,0,5,36,0,41,0,0,16,0,16,0,5,52,0,57,48,0,48,105
01/19/2011,OCF,FL,ASO,ES,Federal Contract Tower,0,1,42,3,46,0,0,82,0,82,0,1,124,3,128,85,0,85,213
01/20/2011,OCF,FL,ASO,ES,Federal Contract Tower,0,0,44,0,44,0,0,109,0,109,0,0,153,0,153,126,0,126,279
01/21/2011,OCF,FL,ASO,ES,Federal Contract Tower,0,4,36,2,42,0,0,4,0,4,0,4,40,2,46,0,0,0,46
01/22/2011,OCF,FL,ASO,ES,Federal Contract Tower,0,5,28,0,33,0,0,75,0,75,0,5,103,0,108,38,0,38,146
01/23/2011,OCF,FL,ASO,ES,Federal Contract Tower,0,1,24,0,25,0,0,120,0,120,0,1,144,0,145,100,0,100,245
01/24/2011,OCF,FL,ASO,ES,Federal Contract Tower,0,4,26,4,34,0,0,110,0,110,0,4,136,4,144,132,0,132,276
01/25/2011,OCF,FL,ASO,ES,Federal Contract Tower,0,3,18,0,21,0,0,24,0,24,0,3,42,0,45,54,0,54,99
01/26/2011,OCF,FL,ASO,ES,Federal Contract Tower,0,1,17,0,18,0,0,40,0,40,0,1,57,0,58,38,0,38,96
01/27/2011,OCF,FL,ASO,ES,Federal Contract Tower,0,2,26,0,28,0,0,83,0,83,0,2,109,0,111,46,0,46,157
01/28/2011,OCF,FL,ASO,ES,Federal Contract Tower,0,1,32,8,41,0,0,91,0,91,0,1,123,8,132,32,0,32,164
01/29/2011,OCF,FL,ASO,ES,Federal Contract Tower,0,0,23,0,23,0,0,105,2,107,0,0,128,2,130,62,4,66,196
01/30/2011,OCF,FL,ASO,ES,Federal Contract Tower,0,7,36,2,45,0,0,49,0,49,0,7,85,2,94,42,0,42,136
01/31/2011,OCF,FL,ASO,ES,Federal Contract Tower,0,6,17,2,25,0,0,60,1,61,0,6,77,3,86,56,4,60,146
02/01/2011,OCF,FL,ASO,ES,Federal Contract Tower,0,0,34,0,34,0,0,96,0,96,0,0,130,0,130,158,0,158,288
02/02/2011,OCF,FL,ASO,ES,Federal Contract Tower,0,0,23,4,27,0,0,1,0,1,0,0,24,4,28,0,0,0,28
02/03/2011,OCF,FL,ASO,ES,Federal Contract Tower,0,1,41,0,42,0,0,33,4,37,0,1,74,4,79,88,16,104,183
02/04/2011,OCF,FL,ASO,ES,Federal Contract Tower,0,1,39,4,44,0,0,34,0,34,0,1,73,4,78,88,8,96,174
02/05/2011,OCF,FL,ASO,ES,Federal Contract Tower,0,2,67,0,69,0,0,7,0,7,0,2,74,0,76,18,0,18,94
02/06/2011,OCF,FL,ASO,ES,Federal Contract Tower,0,3,56,7,66,0,0,57,1,58,0,3,113,8,124,54,0,54,178
02/07/2011,OCF,FL,ASO,ES,Federal Contract Tower,2,4,21,0,27,0,0,2,0,2,2,4,23,0,29,0,0,0,29
02/08/2011,OCF,FL,ASO,ES,Federal Contract Tower,0,0,56,2,58,0,0,64,2,66,0,0,120,4,124,25,0,25,149
02/09/2011,OCF,FL,ASO,ES,Federal Contract Tower,0,1,35,1,37,0,0,156,1,157,0,1,191,2,194,84,0,84,278
02/10/2011,OCF,FL,ASO,ES,Federal Contract Tower,0,5,10,0,15,0,0,9,0,9,0,5,19,0,24,4,0,4,28
02/11/2011,OCF,FL,ASO,ES,Federal Contract Tower,0,9,31,6,46,0,0,41,0,41,0,9,72,6,87,48,0,48,135
02/12/2011,OCF,FL,ASO,ES,Federal Contract Tower,0,0,22,0,22,0,0,144,0,144,0,0,166,0,166,52,2,54,220
02/13/2011,OCF,FL,ASO,ES,Federal Contract Tower,1,4,21,0,26,0,0,97,0,97,1,4,118,0,123,24,2,26,149
02/14/2011,OCF,FL,ASO,ES,Federal Contract Tower,0,1,18,0,19,0,0,79,0,79,0,1,97,0,98,72,0,72,170
02/15/2011,OCF,FL,ASO,ES,Federal Contract Tower,0,2,36,0,38,0,0,68,0,68,0,2,104,0,106,69,0,69,175
02/16/2011,OCF,FL,ASO,ES,Federal Contract Tower,0,1,30,0,31,0,1,104,2,107,0,2,134,2,138,74,0,74,212
02/17/2011,OCF,FL,ASO,ES,Federal Contract Tower,0,4,43,0,47,0,0,79,0,79,0,4,122,0,126,70,0,70,196
02/18/2011,OCF,FL,ASO,ES,Federal Contract Tower,0,9,44,0,53,0,2,110,0,112,0,11,154,0,165,38,0,38,203
02/19/2011,OCF,FL,ASO,ES,Federal Contract Tower,0,1,18,0,19,0,0,118,0,118,0,1,136,0,137,52,0,52,189
02/20/2011,OCF,FL,ASO,ES,Federal Contract Tower,0,6,35,4,45,0,1,79,0,80,0,7,114,4,125,10,0,10,135
02/21/2011,OCF,FL,ASO,ES,Federal Contract Tower,0,2,25,0,27,0,0,65,0,65,0,2,90,0,92,26,0,26,118
02/22/2011,OCF,FL,ASO,ES,Federal Contract Tower,0,1,35,4,40,0,0,61,0,61,0,1,96,4,101,54,6,60,161
02/23/2011,OCF,FL,ASO,ES,Federal Contract Tower,0,2,31,0,33,0,0,67,0,67,0,2,98,0,100,48,0,48,148
02/24/2011,OCF,FL,ASO,ES,Federal Contract Tower,0,3,33,0,36,0,0,71,0,71,0,3,104,0,107,74,0,74,181
02/25/2011,OCF,FL,ASO,ES,Federal Contract Tower,0,3,18,2,23,0,0,66,0,66,0,3,84,2,89,29,0,29,118
02/26/2011,OCF,FL,ASO,ES,Federal Contract Tower,0,2,30,0,32,0,0,80,0,80,0,2,110,0,112,38,0,38,150
02/27/2011,OCF,FL,ASO,ES,Federal Contract Tower,0,11,29,0,40,0,0,101,0,101,0,11,130,0,141,22,0,22,163
02/28/2011,OCF,FL,ASO,ES,Federal Contract Tower,0,3,17,0,20,0,0,68,0,68,0,3,85,0,88,58,0,58,146
03/01/2011,OCF,FL,ASO,ES,Federal Contract Tower,0,2,40,0,42,0,0,68,0,68,0,2,108,0,110,54,2,56,166
03/02/2011,OCF,FL,ASO,ES,Federal Contract Tower,0,3,38,2,43,0,0,67,0,67,0,3,105,2,110,67,0,67,177
03/03/2011,OCF,FL,ASO,ES,Federal Contract Tower,0,2,30,4,36,0,0,56,2,58,0,2,86,6,94,42,0,42,136
03/04/2011,OCF,FL,ASO,ES,Federal Contract Tower,0,5,55,0,60,0,0,62,0,62,0,5,117,0,122,42,0,42,164
03/05/2011,OCF,FL,ASO,ES,Federal Contract Tower,0,5,24,0,29,0,0,86,0,86,0,5,110,0,115,6,0,6,121
03/06/2011,OCF,FL,ASO,ES,Federal Contract Tower,0,3,30,0,33,0,0,19,0,19,0,3,49,0,52,0,0,0,52
03/07/2011,OCF,FL,ASO,ES,Federal Contract Tower,1,0,24,0,25,0,0,92,0,92,1,0,116,0,117,92,0,92,209
03/08/2011,OCF,FL,ASO,ES,Federal Contract Tower,1,0,42,0,43,0,0,103,0,103,1,0,145,0,146,98,0,98,244
03/09/2011,OCF,FL,ASO,ES,Federal Contract Tower,0,0,27,2,29,0,0,91,0,91,0,0,118,2,120,56,4,60,180
03/10/2011,OCF,FL,ASO,ES,Federal Contract Tower,0,2,21,2,25,0,0,29,0,29,0,2,50,2,54,14,0,14,68
03/11/2011,OCF,FL,ASO,ES,Federal Contract Tower,0,5,56,2,63,0,0,74,0,74,0,5,130,2,137,38,0,38,175
03/12/2011,OCF,FL,ASO,ES,Federal Contract Tower,0,4,28,4,36,0,0,148,0,148,0,4,176,4,184,98,0,98,282
03/13/2011,OCF,FL,ASO,ES,Federal Contract Tower,0,6,31,1,38,0,0,105,0,105,0,6,136,1,143,12,0,12,155
03/14/2011,OCF,FL,ASO,ES,Federal Contract Tower,0,4,35,0,39,0,0,85,0,85,0,4,120,0,124,28,0,28,152
03/15/2011,OCF,FL,ASO,ES,Federal Contract Tower,1,3,38,0,42,0,0,112,0,112,1,3,150,0,154,100,0,100,254
03/16/2011,OCF,FL,ASO,ES,Federal Contract Tower,1,8,31,6,46,0,0,115,0,115,1,8,146,6,161,102,0,102,263
03/17/2011,OCF,FL,ASO,ES,Federal Contract Tower,0,4,28,6,38,0,0,88,0,88,0,4,116,6,126,94,0,94,220
03/18/2011,OCF,FL,ASO,ES,Federal Contract Tower,0,3,20,0,23,0,0,93,0,93,0,3,113,0,116,42,0,42,158
03/19/2011,OCF,FL,ASO,ES,Federal Contract Tower,0,5,22,0,27,0,0,111,0,111,0,5,133,0,138,42,0,42,180
03/20/2011,OCF,FL,ASO,ES,Federal Contract Tower,0,6,48,0,54,0,0,58,0,58,0,6,106,0,112,32,0,32,144
03/21/2011,OCF,FL,ASO,ES,Federal Contract Tower,0,4,25,0,29,0,0,58,0,58,0,4,83,0,87,64,0,64,151
03/22/2011,OCF,FL,ASO,ES,Federal Contract Tower,0,8,28,8,44,0,0,89,0,89,0,8,117,8,133,68,0,68,201
03/23/2011,OCF,FL,ASO,ES,Federal Contract Tower,1,1,36,4,42,0,0,61,2,63,1,1,97,6,105,2,8,10,115
03/24/2011,OCF,FL,ASO,ES,Federal Contract Tower,0,1,32,4,37,0,0,38,2,40,0,1,70,6,77,92,0,92,169
03/25/2011,OCF,FL,ASO,ES,Federal Contract Tower,0,6,33,2,41,0,0,119,0,119,0,6,152,2,160,106,0,106,266
03/26/2011,OCF,FL,ASO,ES,Federal Contract Tower,0,3,29,2,34,0,0,91,2,93,0,3,120,4,127,20,0,20,147
03/27/2011,OCF,FL,ASO,ES,Federal Contract Tower,0,5,25,4,34,0,0,72,0,72,0,5,97,4,106,15,0,15,121
03/28/2011,OCF,FL,ASO,ES,Federal Contract Tower,0,3,15,0,18,0,0,6,0,6,0,3,21,0,24,0,0,0,24
03/29/2011,OCF,FL,ASO,ES,Federal Contract Tower,0,0,33,0,33,0,0,22,0,22,0,0,55,0,55,12,0,12,67
03/30/2011,OCF,FL,ASO,ES,Federal Contract Tower,0,2,9,0,11,0,0,11,0,11,0,2,20,0,22,80,0,80,102
03/31/2011,OCF,FL,ASO,ES,Federal Contract Tower,0,1,46,0,47,0,0,4,0,4,0,1,50,0,51,0,0,0,51
04/01/2011,OCF,FL,ASO,ES,Federal Contract Tower,0,1,26,0,27,0,0,125,0,125,0,1,151,0,152,160,0,160,312
04/02/2011,OCF,FL,ASO,ES,Federal Contract Tower,0,1,23,1,25,0,0,79,1,80,0,1,102,2,105,64,0,64,169
04/03/2011,OCF,FL,ASO,ES,Federal Contract Tower,0,0,15,0,15,0,0,107,0,107,0,0,122,0,122,28,0,28,150
04/04/2011,OCF,FL,ASO,ES,Federal Contract Tower,0,4,26,0,30,0,0,54,2,56,0,4,80,2,86,72,0,72,158
04/05/2011,OCF,FL,ASO,ES,Federal Contract Tower,0,0,16,0,16,0,0,14,2,16,0,0,30,2,32,14,0,14,46
04/06/2011,OCF,FL,ASO,ES,Federal Contract Tower,0,6,39,4,49,0,0,87,0,87,0,6,126,4,136,62,0,62,198
04/07/2011,OCF,FL,ASO,ES,Federal Contract Tower,0,1,21,0,22,0,0,98,0,98,0,1,119,0,120,58,0,58,178
04/08/2011,OCF,FL,ASO,ES,Federal Contract Tower,0,4,23,0,27,0,0,81,0,81,0,4,104,0,108,104,0,104,212
04/09/2011,OCF,FL,ASO,ES,Federal Contract Tower,0,1,24,2,27,0,1,101,0,102,0,2,125,2,129,31,0,31,160
04/10/2011,OCF,FL,ASO,ES,Federal Contract Tower,0,5,28,2,35,0,0,70,0,70,0,5,98,2,105,6,0,6,111
04/11/2011,OCF,FL,ASO,ES,Federal Contract Tower,0,5,25,9,39,0,0,94,1,95,0,5,119,10,134,102,0,102,236
04/12/2011,OCF,FL,ASO,ES,Federal Contract Tower,0,0,29,1,30,0,0,25,0,25,0,0,54,1,55,22,0,22,77
04/13/2011,OCF,FL,ASO,ES,Federal Contract Tower,0,6,35,0,41,0,0,120,0,120,0,6,155,0,161,96,0,96,257
04/14/2011,OCF,FL,ASO,ES,Federal Contract Tower,0,3,37,6,46,0,0,111,0,111,0,3,148,6,157,79,0,79,236
04/15/2011,OCF,FL,ASO,ES,Federal Contract Tower,0,3,17,1,21,0,0,84,1,85,0,3,101,2,106,28,6,34,140
04/16/2011,OCF,FL,ASO,ES,Federal Contract Tower,0,2,4,0,6,0,0,51,0,51,0,2,55,0,57,12,0,12,69
04/17/2011,OCF,FL,ASO,ES,Federal Contract Tower,0,2,14,0,16,0,0,108,2,110,0,2,122,2,126,22,0,22,148
04/18/2011,OCF,FL,ASO,ES,Federal Contract Tower,0,1,26,0,27,0,0,100,0,100,0,1,126,0,127,32,2,34,161
04/19/2011,OCF,FL,ASO,ES,Federal Contract Tower,0,7,19,2,28,0,0,81,0,81,0,7,100,2,109,26,0,26,135
04/20/2011,OCF,FL,ASO,ES,Federal Contract Tower,0,8,12,8,28,0,0,59,0,59,0,8,71,8,87,55,0,55,142
04/21/2011,OCF,FL,ASO,ES,Federal Contract Tower,1,4,15,4,24,0,0,93,0,93,1,4,108,4,117,60,0,60,177
04/22/2011,OCF,FL,ASO,ES,Federal Contract Tower,1,0,24,2,27,0,0,84,0,84,1,0,108,2,111,50,0,50,161
04/23/2011,OCF,FL,ASO,ES,Federal Contract Tower,0,2,17,0,19,0,0,134,2,136,0,2,151,2,155,36,0,36,191
04/24/2011,OCF,FL,ASO,ES,Federal Contract Tower,0,4,13,2,19,0,0,25,0,25,0,4,38,2,44,6,0,6,50
04/25/2011,OCF,FL,ASO,ES,Federal Contract Tower,2,2,46,2,52,0,0,64,0,64,2,2,110,2,116,13,0,13,129
04/26/2011,OCF,FL,ASO,ES,Federal Contract Tower,0,2,40,0,42,0,0,77,0,77,0,2,117,0,119,86,0,86,205
04/27/2011,OCF,FL,ASO,ES,Federal Contract Tower,0,3,13,0,16,0,0,73,0,73,0,3,86,0,89,22,0,22,111
04/28/2011,OCF,FL,ASO,ES,Federal Contract Tower,0,0,9,2,11,0,0,59,0,59,0,0,68,2,70,8,0,8,78
04/29/2011,OCF,FL,ASO,ES,Federal Contract Tower,0,5,38,0,43,0,0,83,0,83,0,5,121,0,126,48,0,48,174
04/30/2011,OCF,FL,ASO,ES,Federal Contract Tower,0,0,15,0,15,0,0,103,0,103,0,0,118,0,118,54,0,54,172
05/01/2011,OCF,FL,ASO,ES,Federal Contract Tower,0,4,13,0,17,0,0,78,0,78,0,4,91,0,95,34,0,34,129
05/02/2011,OCF,FL,ASO,ES,Federal Contract Tower,2,0,19,0,21,0,0,55,0,55,2,0,74,0,76,64,0,64,140
05/03/2011,OCF,FL,ASO,ES,Federal Contract Tower,0,0,24,0,24,0,0,73,0,73,0,0,97,0,97,98,0,98,195
05/04/2011,OCF,FL,ASO,ES,Federal Contract Tower,0,0,40,0,40,0,0,56,0,56,0,0,96,0,96,86,0,86,182
05/05/2011,OCF,FL,ASO,ES,Federal Contract Tower,1,2,30,6,39,0,0,88,0,88,1,2,118,6,127,62,0,62,189
05/06/2011,OCF,FL,ASO,ES,Federal Contract Tower,0,11,19,4,34,0,0,45,0,45,0,11,64,4,79,74,2,76,155
05/07/2011,OCF,FL,ASO,ES,Federal Contract Tower,0,7,21,0,28,0,0,126,0,126,0,7,147,0,154,70,0,70,224
05/08/2011,OCF,FL,ASO,ES,Federal Contract Tower,0,2,17,0,19,0,0,53,0,53,0,2,70,0,72,28,0,28,100
05/09/2011,OCF,FL,ASO,ES,Federal Contract Tower,1,0,19,2,22,0,0,70,0,70,1,0,89,2,92,62,0,62,154
05/10/2011,OCF,FL,ASO,ES,Federal Contract Tower,0,2,18,6,26,0,0,55,4,59,0,2,73,10,85,30,6,36,121
05/11/2011,OCF,FL,ASO,ES,Federal Contract Tower,1,3,17,2,23,0,0,84,0,84,1,3,101,2,107,38,0,38,145
05/12/2011,OCF,FL,ASO,ES,Federal Contract Tower,0,2,17,2,21,0,0,83,0,83,0,2,100,2,104,76,0,76,180
05/13/2011,OCF,FL,ASO,ES,Federal Contract Tower,0,2,22,5,29,0,0,86,0,86,0,2,108,5,115,20,0,20,135
05/14/2011,OCF,FL,ASO,ES,Federal Contract Tower,0,0,12,0,12,0,0,66,0,66,0,0,78,0,78,24,0,24,102
05/15/2011,OCF,FL,ASO,ES,Federal Contract Tower,0,0,24,9,33,0,0,60,0,60,0,0,84,9,93,14,16,30,123
05/16/2011,OCF,FL,ASO,ES,Federal Contract Tower,1,4,24,1,30,0,0,76,0,76,1,4,100,1,106,28,0,28,134
05/17/2011,OCF,FL,ASO,ES,Federal Contract Tower,0,1,32,3,36,0,1,91,1,93,0,2,123,4,129,76,0,76,205
05/18/2011,OCF,FL,ASO,ES,Federal Contract Tower,0,0,23,0,23,0,0,117,0,117,0,0,140,0,140,32,0,32,172
05/19/2011,OCF,FL,ASO,ES,Federal Contract Tower,0,0,33,0,33,0,0,88,0,88,0,0,121,0,121,24,0,24,145
05/20/2011,OCF,FL,ASO,ES,Federal Contract Tower,0,4,24,6,34,0,0,67,0,67,0,4,91,6,101,14,0,14,115
05/21/2011,OCF,FL,ASO,ES,Federal Contract Tower,0,0,14,0,14,0,0,139,0,139,0,0,153,0,153,48,0,48,201
05/22/2011,OCF,FL,ASO,ES,Federal Contract Tower,0,4,11,0,15,0,0,47,0,47,0,4,58,0,62,8,0,8,70
05/23/2011,OCF,FL,ASO,ES,Federal Contract Tower,0,0,8,2,10,0,0,69,0,69,0,0,77,2,79,73,0,73,152
05/24/2011,OCF,FL,ASO,ES,Federal Contract Tower,0,4,15,0,19,0,0,74,0,74,0,4,89,0,93,30,0,30,123
05/25/2011,OCF,FL,ASO,ES,Federal Contract Tower,0,1,19,0,20,0,0,75,0,75,0,1,94,0,95,0,50,50,145
05/26/2011,OCF,FL,ASO,ES,Federal Contract Tower,1,3,14,0,18,0,0,98,0,98,1,3,112,0,116,62,0,62,178
05/27/2011,OCF,FL,ASO,ES,Federal Contract Tower,1,2,37,0,40,0,0,42,0,42,1,2,79,0,82,54,0,54,136
05/28/2011,OCF,FL,ASO,ES,Federal Contract Tower,1,0,11,0,12,0,0,76,0,76,1,0,87,0,88,16,0,16,104
05/29/2011,OCF,FL,ASO,ES,Federal Contract Tower,0,0,12,0,12,0,0,46,0,46,0,0,58,0,58,8,0,8,66
05/30/2011,OCF,FL,ASO,ES,Federal Contract Tower,0,3,29,0,32,0,0,60,0,60,0,3,89,0,92,20,0,20,112
05/31/2011,OCF,FL,ASO,ES,Federal Contract Tower,0,2,38,2,42,0,0,88,0,88,0,2,126,2,130,64,0,64,194
06/01/2011,OCF,FL,ASO,ES,Federal Contract Tower,0,0,13,0,13,0,0,49,0,49,0,0,62,0,62,74,0,74,136
06/02/2011,OCF,FL,ASO,ES,Federal Contract Tower,0,1,33,2,36,0,0,93,0,93,0,1,126,2,129,38,0,38,167
06/03/2011,OCF,FL,ASO,ES,Federal Contract Tower,0,0,20,2,22,0,0,73,0,73,0,0,93,2,95,50,0,50,145
06/04/2011,OCF,FL,ASO,ES,Federal Contract Tower,0,0,11,2,13,0,0,67,3,70,0,0,78,5,83,32,6,38,121
06/05/2011,OCF,FL,ASO,ES,Federal Contract Tower,0,0,14,0,14,0,0,36,0,36,0,0,50,0,50,0,0,0,50
06/06/2011,OCF,FL,ASO,ES,Federal Contract Tower,0,2,18,0,20,0,0,42,0,42,0,2,60,0,62,36,0,36,98
06/07/2011,OCF,FL,ASO,ES,Federal Contract Tower,0,5,19,0,24,0,0,61,0,61,0,5,80,0,85,45,0,45,130
06/08/2011,OCF,FL,ASO,ES,Federal Contract Tower,0,0,45,0,45,0,0,70,0,70,0,0,115,0,115,32,0,32,147
06/09/2011,OCF,FL,ASO,ES,Federal Contract Tower,0,0,33,2,35,0,0,62,0,62,0,0,95,2,97,20,0,20,117
06/10/2011,OCF,FL,ASO,ES,Federal Contract Tower,0,0,40,0,40,0,0,70,0,70,0,0,110,0,110,16,0,16,126
06/11/2011,OCF,FL,ASO,ES,Federal Contract Tower,0,0,14,0,14,0,0,85,0,85,0,0,99,0,99,4,0,4,103
06/12/2011,OCF,FL,ASO,ES,Federal Contract Tower,0,2,16,0,18,0,0,67,0,67,0,2,83,0,85,16,0,16,101
06/13/2011,OCF,FL,ASO,ES,Federal Contract Tower,1,0,27,0,28,0,0,50,0,50,1,0,77,0,78,36,0,36,114
06/14/2011,OCF,FL,ASO,ES,Federal Contract Tower,1,2,22,0,25,0,0,60,0,60,1,2,82,0,85,44,0,44,129
06/15/2011,OCF,FL,ASO,ES,Federal Contract Tower,0,2,22,0,24,0,0,33,0,33,0,2,55,0,57,12,0,12,69
06/16/2011,OCF,FL,ASO,ES,Federal Contract Tower,0,2,19,0,21,0,0,50,0,50,0,2,69,0,71,73,0,73,144
06/17/2011,OCF,FL,ASO,ES,Federal Contract Tower,0,3,14,10,27,0,0,75,3,78,0,3,89,13,105,52,0,52,157
06/18/2011,OCF,FL,ASO,ES,Federal Contract Tower,0,2,20,2,24,0,0,76,0,76,0,2,96,2,100,14,0,14,114
06/19/2011,OCF,FL,ASO,ES,Federal Contract Tower,0,2,12,0,14,0,0,47,0,47,0,2,59,0,61,8,0,8,69
06/20/2011,OCF,FL,ASO,ES,Federal Contract Tower,0,0,22,0,22,0,0,56,0,56,0,0,78,0,78,62,0,62,140
06/21/2011,OCF,FL,ASO,ES,Federal Contract Tower,2,3,31,2,38,0,0,76,0,76,2,3,107,2,114,38,0,38,152
06/22/2011,OCF,FL,ASO,ES,Federal Contract Tower,0,5,27,0,32,0,0,94,0,94,0,5,121,0,126,96,0,96,222
06/23/2011,OCF,FL,ASO,ES,Federal Contract Tower,1,2,25,7,35,0,0,64,0,64,1,2,89,7,99,54,10,64,163
06/24/2011,OCF,FL,ASO,ES,Federal Contract Tower,0,0,23,0,23,0,0,70,0,70,0,0,93,0,93,52,0,52,145
06/25/2011,OCF,FL,ASO,ES,Federal Contract Tower,0,3,7,0,10,0,0,30,0,30,0,3,37,0,40,12,0,12,52
06/26/2011,OCF,FL,ASO,ES,Federal Contract Tower,0,4,7,2,13,0,0,57,0,57,0,4,64,2,70,36,0,36,106
06/27/2011,OCF,FL,ASO,ES,Federal Contract Tower,0,0,15,0,15,0,0,52,0,52,0,0,67,0,67,30,0,30,97
06/28/2011,OCF,FL,ASO,ES,Federal Contract Tower,0,1,21,0,22,0,0,77,0,77,0,1,98,0,99,42,0,42,141
06/29/2011,OCF,FL,ASO,ES,Federal Contract Tower,0,0,5,0,5,0,0,50,0,50,0,0,55,0,55,88,0,88,143
06/30/2011,OCF,FL,ASO,ES,Federal Contract Tower,0,3,32,0,35,0,0,18,0,18,0,3,50,0,53,4,0,4,57
07/01/2011,OCF,FL,ASO,ES,Federal Contract Tower,0,3,35,0,38,0,0,35,0,35,0,3,70,0,73,24,0,24,97
07/02/2011,OCF,FL,ASO,ES,Federal Contract Tower,0,0,22,0,22,0,0,76,0,76,0,0,98,0,98,8,0,8,106
07/03/2011,OCF,FL,ASO,ES,Federal Contract Tower,0,0,13,0,13,0,0,42,0,42,0,0,55,0,55,0,0,0,55
07/04/2011,OCF,FL,ASO,ES,Federal Contract Tower,0,1,13,0,14,0,0,45,0,45,0,1,58,0,59,42,0,42,101
07/05/2011,OCF,FL,ASO,ES,Federal Contract Tower,0,1,18,0,19,0,0,67,0,67,0,1,85,0,86,48,0,48,134
07/06/2011,OCF,FL,ASO,ES,Federal Contract Tower,0,2,40,8,50,0,0,60,0,60,0,2,100,8,110,66,0,66,176
07/07/2011,OCF,FL,ASO,ES,Federal Contract Tower,0,1,32,0,33,0,0,51,0,51,0,1,83,0,84,0,0,0,84
07/08/2011,OCF,FL,ASO,ES,Federal Contract Tower,0,4,30,0,34,0,0,1,0,1,0,4,31,0,35,0,0,0,35
07/09/2011,OCF,FL,ASO,ES,Federal Contract Tower,0,2,18,4,24,0,0,38,0,38,0,2,56,4,62,14,0,14,76
07/10/2011,OCF,FL,ASO,ES,Federal Contract Tower,0,0,8,0,8,0,0,32,0,32,0,0,40,0,40,24,0,24,64
07/11/2011,OCF,FL,ASO,ES,Federal Contract Tower,0,0,24,0,24,0,0,44,0,44,0,0,68,0,68,14,0,14,82
07/12/2011,OCF,FL,ASO,ES,Federal Contract Tower,0,2,34,2,38,0,0,71,0,71,0,2,105,2,109,8,0,8,117
07/13/2011,OCF,FL,ASO,ES,Federal Contract Tower,0,2,29,2,33,0,0,89,0,89,0,2,118,2,122,48,4,52,174
07/14/2011,OCF,FL,ASO,ES,Federal Contract Tower,0,1,25,0,26,0,0,39,0,39,0,1,64,0,65,48,0,48,113
07/15/2011,OCF,FL,ASO,ES,Federal Contract Tower,0,0,32,0,32,0,0,64,1,65,0,0,96,1,97,30,2,32,129
07/16/2011,OCF,FL,ASO,ES,Federal Contract Tower,0,1,27,2,30,0,0,73,0,73,0,1,100,2,103,22,0,22,125
07/17/2011,OCF,FL,ASO,ES,Federal Contract Tower,0,3,21,0,24,0,0,50,0,50,0,3,71,0,74,12,0,12,86
07/18/2011,OCF,FL,ASO,ES,Federal Contract Tower,0,3,14,3,20,0,0,95,0,95,0,3,109,3,115,30,0,30,145
07/19/2011,OCF,FL,ASO,ES,Federal Contract Tower,0,0,30,0,30,0,0,83,0,83,0,0,113,0,113,20,0,20,133
07/20/2011,OCF,FL,ASO,ES,Federal Contract Tower,0,6,11,2,19,0,0,88,0,88,0,6,99,2,107,48,0,48,155
07/21/2011,OCF,FL,ASO,ES,Federal Contract Tower,0,3,40,0,43,0,0,77,0,77,0,3,117,0,120,62,0,62,182
07/22/2011,OCF,FL,ASO,ES,Federal Contract Tower,0,3,14,0,17,0,0,75,0,75,0,3,89,0,92,60,0,60,152
07/23/2011,OCF,FL,ASO,ES,Federal Contract Tower,0,0,22,0,22,0,1,63,0,64,0,1,85,0,86,62,0,62,148
07/24/2011,OCF,FL,ASO,ES,Federal Contract Tower,0,0,9,0,9,0,0,49,0,49,0,0,58,0,58,6,0,6,64
07/25/2011,OCF,FL,ASO,ES,Federal Contract Tower,0,0,18,2,20,0,0,44,0,44,0,0,62,2,64,40,0,40,104
07/26/2011,OCF,FL,ASO,ES,Federal Contract Tower,0,0,20,0,20,0,0,42,0,42,0,0,62,0,62,18,0,18,80
07/27/2011,OCF,FL,ASO,ES,Federal Contract Tower,0,0,20,0,20,0,0,44,0,44,0,0,64,0,64,12,0,12,76
07/28/2011,OCF,FL,ASO,ES,Federal Contract Tower,0,0,12,0,12,0,1,74,0,75,0,1,86,0,87,4,0,4,91
07/29/2011,OCF,FL,ASO,ES,Federal Contract Tower,0,5,27,4,36,0,0,85,0,85,0,5,112,4,121,32,12,44,165
07/30/2011,OCF,FL,ASO,ES,Federal Contract Tower,0,0,23,2,25,0,0,61,0,61,0,0,84,2,86,10,0,10,96
07/31/2011,OCF,FL,ASO,ES,Federal Contract Tower,0,0,11,0,11,0,0,51,0,51,0,0,62,0,62,12,0,12,74
08/01/2011,OCF,FL,ASO,ES,Federal Contract Tower,0,1,20,4,25,0,0,28,0,28,0,1,48,4,53,24,0,24,77
08/02/2011,OCF,FL,ASO,ES,Federal Contract Tower,0,0,13,0,13,0,0,55,0,55,0,0,68,0,68,32,0,32,100
08/03/2011,OCF,FL,ASO,ES,Federal Contract Tower,0,0,28,4,32,0,0,60,0,60,0,0,88,4,92,28,0,28,120
08/04/2011,OCF,FL,ASO,ES,Federal Contract Tower,0,3,24,0,27,0,0,70,0,70,0,3,94,0,97,24,0,24,121
08/05/2011,OCF,FL,ASO,ES,Federal Contract Tower,0,0,13,4,17,0,0,75,0,75,0,0,88,4,92,26,0,26,118
08/06/2011,OCF,FL,ASO,ES,Federal Contract Tower,0,0,25,0,25,0,0,76,0,76,0,0,101,0,101,18,0,18,119
08/07/2011,OCF,FL,ASO,ES,Federal Contract Tower,0,0,23,0,23,0,0,27,0,27,0,0,50,0,50,10,0,10,60
08/08/2011,OCF,FL,ASO,ES,Federal Contract Tower,0,4,15,0,19,0,0,21,0,21,0,4,36,0,40,6,0,6,46
08/09/2011,OCF,FL,ASO,ES,Federal Contract Tower,0,2,23,0,25,0,0,30,0,30,0,2,53,0,55,6,0,6,61
08/10/2011,OCF,FL,ASO,ES,Federal Contract Tower,0,2,16,0,18,0,0,42,0,42,0,2,58,0,60,10,0,10,70
08/11/2011,OCF,FL,ASO,ES,Federal Contract Tower,0,0,27,0,27,0,0,78,0,78,0,0,105,0,105,54,0,54,159
08/12/2011,OCF,FL,ASO,ES,Federal Contract Tower,0,0,24,0,24,0,0,77,0,77,0,0,101,0,101,44,0,44,145
08/13/2011,OCF,FL,ASO,ES,Federal Contract Tower,0,0,29,0,29,0,0,76,0,76,0,0,105,0,105,36,0,36,141
08/14/2011,OCF,FL,ASO,ES,Federal Contract Tower,0,1,15,0,16,0,0,35,0,35,0,1,50,0,51,4,0,4,55
08/15/2011,OCF,FL,ASO,ES,Federal Contract Tower,0,0,19,4,23,0,2,59,0,61,0,2,78,4,84,20,0,20,104
08/16/2011,OCF,FL,ASO,ES,Federal Contract Tower,0,2,27,4,33,0,0,83,0,83,0,2,110,4,116,48,2,50,166
08/17/2011,OCF,FL,ASO,ES,Federal Contract Tower,0,0,20,2,22,0,0,60,0,60,0,0,80,2,82,26,0,26,108
08/18/2011,OCF,FL,ASO,ES,Federal Contract Tower,0,2,24,2,28,0,0,67,0,67,0,2,91,2,95,50,0,50,145
08/19/2011,OCF,FL,ASO,ES,Federal Contract Tower,0,2,30,0,32,0,0,90,0,90,0,2,120,0,122,14,0,14,136
08/20/2011,OCF,FL,ASO,ES,Federal Contract Tower,0,1,8,0,9,0,0,90,0,90,0,1,98,0,99,22,0,22,121
08/21/2011,OCF,FL,ASO,ES,Federal Contract Tower,0,1,14,0,15,0,0,62,0,62,0,1,76,0,77,4,0,4,81
08/22/2011,OCF,FL,ASO,ES,Federal Contract Tower,0,0,16,0,16,0,0,55,0,55,0,0,71,0,71,14,0,14,85
08/23/2011,OCF,FL,ASO,ES,Federal Contract Tower,0,0,18,0,18,0,0,60,0,60,0,0,78,0,78,14,0,14,92
08/24/2011,OCF,FL,ASO,ES,Federal Contract Tower,0,2,27,2,31,0,0,54,0,54,0,2,81,2,85,38,0,38,123
08/25/2011,OCF,FL,ASO,ES,Federal Contract Tower,0,2,25,0,27,0,0,34,0,34,0,2,59,0,61,24,0,24,85
08/26/2011,OCF,FL,ASO,ES,Federal Contract Tower,0,1,22,0,23,0,0,64,0,64,0,1,86,0,87,26,0,26,113
08/27/2011,OCF,FL,ASO,ES,Federal Contract Tower,0,1,22,0,23,0,0,75,0,75,0,1,97,0,98,16,10,26,124
08/28/2011,OCF,FL,ASO,ES,Federal Contract Tower,0,0,28,0,28,0,0,39,0,39,0,0,67,0,67,0,0,0,67
08/29/2011,OCF,FL,ASO,ES,Federal Contract Tower,0,3,19,2,24,0,0,50,0,50,0,3,69,2,74,12,0,12,86
08/30/2011,OCF,FL,ASO,ES,Federal Contract Tower,0,2,31,0,33,0,0,27,0,27,0,2,58,0,60,4,2,6,66
08/31/2011,OCF,FL,ASO,ES,Federal Contract Tower,0,2,32,0,34,0,0,130,0,130,0,2,162,0,164,48,0,48,212
09/01/2011,OCF,FL,ASO,ES,Federal Contract Tower,0,1,37,0,38,0,0,82,0,82,0,1,119,0,120,30,0,30,150
09/02/2011,OCF,FL,ASO,ES,Federal Contract Tower,0,0,27,0,27,0,0,93,0,93,0,0,120,0,120,28,0,28,148
09/03/2011,OCF,FL,ASO,ES,Federal Contract Tower,0,0,19,0,19,0,0,71,0,71,0,0,90,0,90,28,0,28,118
09/04/2011,OCF,FL,ASO,ES,Federal Contract Tower,0,0,8,0,8,0,0,41,0,41,0,0,49,0,49,0,0,0,49
09/05/2011,OCF,FL,ASO,ES,Federal Contract Tower,0,0,13,0,13,0,0,42,0,42,0,0,55,0,55,0,0,0,55
09/06/2011,OCF,FL,ASO,ES,Federal Contract Tower,0,0,12,0,12,0,0,0,0,0,0,0,12,0,12,28,0,28,40
09/07/2011,OCF,FL,ASO,ES,Federal Contract Tower,0,0,24,0,24,0,0,70,0,70,0,0,94,0,94,36,0,36,130
09/08/2011,OCF,FL,ASO,ES,Federal Contract Tower,0,0,34,8,42,0,0,97,0,97,0,0,131,8,139,48,0,48,187
09/09/2011,OCF,FL,ASO,ES,Federal Contract Tower,0,0,19,8,27,0,1,96,0,97,0,1,115,8,124,42,0,42,166
09/10/2011,OCF,FL,ASO,ES,Federal Contract Tower,0,1,23,2,26,0,0,37,0,37,0,1,60,2,63,2,0,2,65
09/11/2011,OCF,FL,ASO,ES,Federal Contract Tower,0,1,17,0,18,0,0,68,0,68,0,1,85,0,86,22,0,22,108
09/12/2011,OCF,FL,ASO,ES,Federal Contract Tower,0,0,25,2,27,0,0,72,0,72,0,0,97,2,99,66,0,66,165
09/13/2011,OCF,FL,ASO,ES,Federal Contract Tower,0,2,17,0,19,0,4,89,0,93,0,6,106,0,112,42,0,42,154
09/14/2011,OCF,FL,ASO,ES,Federal Contract Tower,0,4,28,2,34,0,0,87,0,87,0,4,115,2,121,42,0,42,163
09/15/2011,OCF,FL,ASO,ES,Federal Contract Tower,1,1,20,4,26,1,0,85,0,86,2,1,105,4,112,72,0,72,184
09/16/2011,OCF,FL,ASO,ES,Federal Contract Tower,2,1,24,0,27,0,1,101,0,102,2,2,125,0,129,48,0,48,177
09/17/2011,OCF,FL,ASO,ES,Federal Contract Tower,0,1,14,3,18,0,0,65,4,69,0,1,79,7,87,14,0,14,101
09/18/2011,OCF,FL,ASO,ES,Federal Contract Tower,0,2,17,4,23,0,1,29,0,30,0,3,46,4,53,8,0,8,61
09/19/2011,OCF,FL,ASO,ES,Federal Contract Tower,2,1,21,0,24,0,0,38,0,38,2,1,59,0,62,37,0,37,99
09/20/2011,OCF,FL,ASO,ES,Federal Contract Tower,0,2,13,0,15,0,0,59,0,59,0,2,72,0,74,51,0,51,125
09/21/2011,OCF,FL,ASO,ES,Federal Contract Tower,0,4,25,0,29,0,0,83,0,83,0,4,108,0,112,60,0,60,172
09/22/2011,OCF,FL,ASO,ES,Federal Contract Tower,0,1,35,0,36,0,0,58,0,58,0,1,93,0,94,34,0,34,128
09/23/2011,OCF,FL,ASO,ES,Federal Contract Tower,0,0,24,8,32,0,0,60,0,60,0,0,84,8,92,30,0,30,122
09/24/2011,OCF,FL,ASO,ES,Federal Contract Tower,0,0,20,0,20,0,0,62,0,62,0,0,82,0,82,25,0,25,107
09/25/2011,OCF,FL,ASO,ES,Federal Contract Tower,0,0,22,0,22,0,0,63,0,63,0,0,85,0,85,34,0,34,119
09/26/2011,OCF,FL,ASO,ES,Federal Contract Tower,0,1,21,0,22,0,0,54,0,54,0,1,75,0,76,53,10,63,139
09/27/2011,OCF,FL,ASO,ES,Federal Contract Tower,0,3,29,0,32,0,0,42,0,42,0,3,71,0,74,70,0,70,144
09/28/2011,OCF,FL,ASO,ES,Federal Contract Tower,0,0,26,0,26,0,0,96,0,96,0,0,122,0,122,76,0,76,198
09/29/2011,OCF,FL,ASO,ES,Federal Contract Tower,0,3,24,3,30,0,0,112,1,113,0,3,136,4,143,66,0,66,209
09/30/2011,OCF,FL,ASO,ES,Federal Contract Tower,2,4,38,0,44,0,0,117,0,117,2,4,155,0,161,80,0,80,241
10/01/2011,OCF,FL,ASO,ES,Federal Contract Tower,0,2,18,0,20,0,0,104,0,104,0,2,122,0,124,38,0,38,162
10/02/2011,OCF,FL,ASO,ES,Federal Contract Tower,0,3,22,0,25,0,0,75,0,75,0,3,97,0,100,34,0,34,134
10/03/2011,OCF,FL,ASO,ES,Federal Contract Tower,0,2,21,0,23,0,0,111,0,111,0,2,132,0,134,50,0,50,184
10/04/2011,OCF,FL,ASO,ES,Federal Contract Tower,0,0,22,2,24,0,0,89,0,89,0,0,111,2,113,58,0,58,171
10/05/2011,OCF,FL,ASO,ES,Federal Contract Tower,0,0,34,2,36,0,0,91,0,91,0,0,125,2,127,66,0,66,193
10/06/2011,OCF,FL,ASO,ES,Federal Contract Tower,0,0,21,0,21,0,0,81,0,81,0,0,102,0,102,46,0,46,148
10/07/2011,OCF,FL,ASO,ES,Federal Contract Tower,0,1,24,0,25,0,0,64,0,64,0,1,88,0,89,38,0,38,127
10/08/2011,OCF,FL,ASO,ES,Federal Contract Tower,0,1,6,0,7,0,0,4,0,4,0,1,10,0,11,8,0,8,19
10/09/2011,OCF,FL,ASO,ES,Federal Contract Tower,0,1,11,0,12,0,0,4,0,4,0,1,15,0,16,0,0,0,16
10/10/2011,OCF,FL,ASO,ES,Federal Contract Tower,0,2,16,0,18,0,0,20,0,20,0,2,36,0,38,22,0,22,60
10/11/2011,OCF,FL,ASO,ES,Federal Contract Tower,0,0,21,0,21,0,0,59,0,59,0,0,80,0,80,136,0,136,216
10/12/2011,OCF,FL,ASO,ES,Federal Contract Tower,1,2,39,2,44,0,0,94,0,94,1,2,133,2,138,81,0,81,219
10/13/2011,OCF,FL,ASO,ES,Federal Contract Tower,0,0,33,0,33,0,0,77,0,77,0,0,110,0,110,46,0,46,156
10/14/2011,OCF,FL,ASO,ES,Federal Contract Tower,0,2,25,1,28,0,0,107,0,107,0,2,132,1,135,98,0,98,233
10/15/2011,OCF,FL,ASO,ES,Federal Contract Tower,1,0,11,0,12,0,2,102,1,105,1,2,113,1,117,76,0,76,193
10/16/2011,OCF,FL,ASO,ES,Federal Contract Tower,0,0,24,4,28,0,0,89,0,89,0,0,113,4,117,40,0,40,157
10/17/2011,OCF,FL,ASO,ES,Federal Contract Tower,0,8,17,14,39,0,1,80,0,81,0,9,97,14,120,46,0,46,166
10/18/2011,OCF,FL,ASO,ES,Federal Contract Tower,0,2,21,4,27,0,0,23,0,23,0,2,44,4,50,6,0,6,56
10/19/2011,OCF,FL,ASO,ES,Federal Contract Tower,0,2,20,0,22,0,0,21,0,21,0,2,41,0,43,18,0,18,61
10/20/2011,OCF,FL,ASO,ES,Federal Contract Tower,0,2,29,4,35,0,0,99,0,99,0,2,128,4,134,54,0,54,188
10/21/2011,OCF,FL,ASO,ES,Federal Contract Tower,0,0,68,4,72,0,0,103,0,103,0,0,171,4,175,60,0,60,235
10/22/2011,OCF,FL,ASO,ES,Federal Contract Tower,0,0,41,0,41,0,2,95,0,97,0,2,136,0,138,4,0,4,142
10/23/2011,OCF,FL,ASO,ES,Federal Contract Tower,0,1,23,0,24,0,0,148,2,150,0,1,171,2,174,20,0,20,194
10/24/2011,OCF,FL,ASO,ES,Federal Contract Tower,0,0,20,0,20,0,0,74,2,76,0,0,94,2,96,64,0,64,160
10/25/2011,OCF,FL,ASO,ES,Federal Contract Tower,0,12,0,0,12,0,0,90,0,90,0,12,90,0,102,70,0,70,172
10/26/2011,OCF,FL,ASO,ES,Federal Contract Tower,0,0,34,0,34,0,0,70,0,70,0,0,104,0,104,81,0,81,185
10/27/2011,OCF,FL,ASO,ES,Federal Contract Tower,0,1,26,4,31,0,1,89,0,90,0,2,115,4,121,86,0,86,207
10/28/2011,OCF,FL,ASO,ES,Federal Contract Tower,0,2,15,4,21,0,0,59,0,59,0,2,74,4,80,44,0,44,124
10/29/2011,OCF,FL,ASO,ES,Federal Contract Tower,0,0,37,0,37,0,0,14,0,14,0,0,51,0,51,6,0,6,57
10/30/2011,OCF,FL,ASO,ES,Federal Contract Tower,0,1,16,4,21,0,1,42,2,45,0,2,58,6,66,12,8,20,86
10/31/2011,OCF,FL,ASO,ES,Federal Contract Tower,0,2,13,3,18,0,1,18,0,19,0,3,31,3,37,12,0,12,49
11/01/2011,OCF,FL,ASO,ES,Federal Contract Tower,0,0,28,2,30,0,1,74,0,75,0,1,102,2,105,90,0,90,195
11/02/2011,OCF,FL,ASO,ES,Federal Contract Tower,0,2,26,0,28,0,0,95,0,95,0,2,121,0,123,140,0,140,263
11/03/2011,OCF,FL,ASO,ES,Federal Contract Tower,0,3,30,0,33,0,0,119,0,119,0,3,149,0,152,84,0,84,236
11/04/2011,OCF,FL,ASO,ES,Federal Contract Tower,0,0,46,0,46,0,0,42,0,42,0,0,88,0,88,31,0,31,119
11/05/2011,OCF,FL,ASO,ES,Federal Contract Tower,0,8,16,2,26,0,3,46,0,49,0,11,62,2,75,20,0,20,95
11/06/2011,OCF,FL,ASO,ES,Federal Contract Tower,0,1,14,0,15,0,0,31,0,31,0,1,45,0,46,0,0,0,46
11/07/2011,OCF,FL,ASO,ES,Federal Contract Tower,0,4,35,0,39,0,0,39,0,39,0,4,74,0,78,22,0,22,100
11/08/2011,OCF,FL,ASO,ES,Federal Contract Tower,2,1,33,0,36,0,0,87,0,87,2,1,120,0,123,84,0,84,207
11/09/2011,OCF,FL,ASO,ES,Federal Contract Tower,0,0,20,0,20,0,0,127,2,129,0,0,147,2,149,42,0,42,191
11/10/2011,OCF,FL,ASO,ES,Federal Contract Tower,0,3,44,0,47,0,0,117,0,117,0,3,161,0,164,104,0,104,268
11/11/2011,OCF,FL,ASO,ES,Federal Contract Tower,0,2,33,0,35,0,0,122,0,122,0,2,155,0,157,84,0,84,241
11/12/2011,OCF,FL,ASO,ES,Federal Contract Tower,0,0,7,2,9,0,0,71,0,71,0,0,78,2,80,52,0,52,132
11/13/2011,OCF,FL,ASO,ES,Federal Contract Tower,0,2,19,0,21,0,2,88,0,90,0,4,107,0,111,34,0,34,145
11/14/2011,OCF,FL,ASO,ES,Federal Contract Tower,0,2,34,4,40,0,0,88,0,88,0,2,122,4,128,24,0,24,152
11/15/2011,OCF,FL,ASO,ES,Federal Contract Tower,0,0,42,0,42,0,0,38,0,38,0,0,80,0,80,58,0,58,138
11/16/2011,OCF,FL,ASO,ES,Federal Contract Tower,0,2,30,0,32,0,0,75,0,75,0,2,105,0,107,68,0,68,175
11/17/2011,OCF,FL,ASO,ES,Federal Contract Tower,0,0,38,0,38,0,0,44,0,44,0,0,82,0,82,24,0,24,106
11/18/2011,OCF,FL,ASO,ES,Federal Contract Tower,0,2,30,0,32,0,65,0,0,65,0,67,30,0,97,24,0,24,121
11/19/2011,OCF,FL,ASO,ES,Federal Contract Tower,0,1,28,0,29,0,0,96,0,96,0,1,124,0,125,52,0,52,177
11/20/2011,OCF,FL,ASO,ES,Federal Contract Tower,0,0,21,0,21,0,0,81,0,81,0,0,102,0,102,0,0,0,102
11/21/2011,OCF,FL,ASO,ES,Federal Contract Tower,0,8,22,0,30,0,0,117,0,117,0,8,139,0,147,61,0,61,208
11/22/2011,OCF,FL,ASO,ES,Federal Contract Tower,0,0,38,6,44,0,0,82,1,83,0,0,120,7,127,60,8,68,195
11/23/2011,OCF,FL,ASO,ES,Federal Contract Tower,0,0,51,0,51,0,0,39,0,39,0,0,90,0,90,12,0,12,102
11/24/2011,OCF,FL,ASO,ES,Federal Contract Tower,0,1,9,0,10,0,1,19,0,20,0,2,28,0,30,4,0,4,34
11/25/2011,OCF,FL,ASO,ES,Federal Contract Tower,0,1,30,0,31,0,0,74,0,74,0,1,104,0,105,42,0,42,147
11/26/2011,OCF,FL,ASO,ES,Federal Contract Tower,0,3,21,0,24,0,0,71,0,71,0,3,92,0,95,30,0,30,125
11/27/2011,OCF,FL,ASO,ES,Federal Contract Tower,0,0,35,1,36,0,1,58,1,60,0,1,93,2,96,34,8,42,138
11/28/2011,OCF,FL,ASO,ES,Federal Contract Tower,0,2,18,8,28,0,0,16,1,17,0,2,34,9,45,14,16,30,75
11/29/2011,OCF,FL,ASO,ES,Federal Contract Tower,0,3,31,0,34,0,0,97,0,97,0,3,128,0,131,74,0,74,205
11/30/2011,OCF,FL,ASO,ES,Federal Contract Tower,0,1,21,0,22,0,0,80,0,80,0,1,101,0,102,94,0,94,196
12/01/2011,OCF,FL,ASO,ES,Federal Contract Tower,0,0,24,2,26,0,0,115,0,115,0,0,139,2,141,111,0,111,252
12/02/2011,OCF,FL,ASO,ES,Federal Contract Tower,0,3,22,4,29,0,0,106,3,109,0,3,128,7,138,124,14,138,276
12/03/2011,OCF,FL,ASO,ES,Federal Contract Tower,0,6,14,2,22,0,0,79,0,79,0,6,93,2,101,38,0,38,139
12/04/2011,OCF,FL,ASO,ES,Federal Contract Tower,0,4,25,0,29,0,2,61,0,63,0,6,86,0,92,2,0,2,94
12/05/2011,OCF,FL,ASO,ES,Federal Contract Tower,0,1,19,3,23,0,0,82,0,82,0,1,101,3,105,100,10,110,215
12/06/2011,OCF,FL,ASO,ES,Federal Contract Tower,0,1,25,4,30,0,0,81,0,81,0,1,106,4,111,136,0,136,247
12/07/2011,OCF,FL,ASO,ES,Federal Contract Tower,0,3,21,0,24,0,0,61,0,61,0,3,82,0,85,34,0,34,119
12/08/2011,OCF,FL,ASO,ES,Federal Contract Tower,0,2,43,6,51,0,0,80,0,80,0,2,123,6,131,74,0,74,205
12/09/2011,OCF,FL,ASO,ES,Federal Contract Tower,0,4,51,4,59,0,1,110,0,111,0,5,161,4,170,108,0,108,278
12/10/2011,OCF,FL,ASO,ES,Federal Contract Tower,0,1,19,0,20,0,0,43,0,43,0,1,62,0,63,104,0,104,167
12/11/2011,OCF,FL,ASO,ES,Federal Contract Tower,0,0,14,0,14,0,12,3,0,15,0,12,17,0,29,6,0,6,35
12/12/2011,OCF,FL,ASO,ES,Federal Contract Tower,0,3,39,0,42,0,0,4,0,4,0,3,43,0,46,0,0,0,46
12/13/2011,OCF,FL,ASO,ES,Federal Contract Tower,0,0,40,0,40,0,0,22,0,22,0,0,62,0,62,28,0,28,90
12/14/2011,OCF,FL,ASO,ES,Federal Contract Tower,0,0,48,8,56,4,0,104,0,108,4,0,152,8,164,98,4,102,266
12/15/2011,OCF,FL,ASO,ES,Federal Contract Tower,0,0,35,6,41,0,0,112,2,114,0,0,147,8,155,66,4,70,225
12/16/2011,OCF,FL,ASO,ES,Federal Contract Tower,0,0,41,2,43,0,0,101,0,101,0,0,142,2,144,102,0,102,246
12/17/2011,OCF,FL,ASO,ES,Federal Contract Tower,0,1,36,8,45,0,2,98,0,100,0,3,134,8,145,72,0,72,217
12/18/2011,OCF,FL,ASO,ES,Federal Contract Tower,0,0,11,0,11,0,0,80,0,80,0,0,91,0,91,30,0,30,121
12/19/2011,OCF,FL,ASO,ES,Federal Contract Tower,0,1,28,0,29,0,0,73,0,73,0,1,101,0,102,54,0,54,156
12/20/2011,OCF,FL,ASO,ES,Federal Contract Tower,0,1,41,0,42,0,0,86,0,86,0,1,127,0,128,54,0,54,182
12/21/2011,OCF,FL,ASO,ES,Federal Contract Tower,0,1,18,0,19,0,2,100,0,102,0,3,118,0,121,30,0,30,151
12/22/2011,OCF,FL,ASO,ES,Federal Contract Tower,0,0,24,0,24,0,0,94,2,96,0,0,118,2,120,76,4,80,200
12/23/2011,OCF,FL,ASO,ES,Federal Contract Tower,0,2,25,1,28,0,0,58,1,59,0,2,83,2,87,66,0,66,153
12/24/2011,OCF,FL,ASO,ES,Federal Contract Tower,0,0,6,0,6,0,0,32,0,32,0,0,38,0,38,2,0,2,40
12/25/2011,OCF,FL,ASO,ES,Federal Contract Tower,0,5,11,0,16,0,0,14,0,14,0,5,25,0,30,0,0,0,30
12/26/2011,OCF,FL,ASO,ES,Federal Contract Tower,0,0,49,0,49,0,0,39,0,39,0,0,88,0,88,24,0,24,112
12/27/2011,OCF,FL,ASO,ES,Federal Contract Tower,0,1,27,9,37,0,0,12,0,12,0,1,39,9,49,20,0,20,69
12/28/2011,OCF,FL,ASO,ES,Federal Contract Tower,0,3,35,2,40,0,0,115,0,115,0,3,150,2,155,56,0,56,211
12/29/2011,OCF,FL,ASO,ES,Federal Contract Tower,0,1,27,0,28,0,0,100,0,100,0,1,127,0,128,126,0,126,254
12/30/2011,OCF,FL,ASO,ES,Federal Contract Tower,0,4,26,0,30,0,0,79,0,79,0,4,105,0,109,54,0,54,163
12/31/2011,OCF,FL,ASO,ES,Federal Contract Tower,0,0,31,0,31,0,0,44,0,44,0,0,75,0,75,4,0,4,79
01/01/2012,OCF,FL,ASO,ES,Federal Contract Tower,0,1,17,0,18,0,0,40,0,40,0,1,57,0,58,4,0,4,62
01/02/2012,OCF,FL,ASO,ES,Federal Contract Tower,0,0,32,0,32,0,0,58,0,58,0,0,90,0,90,38,0,38,128
01/03/2012,OCF,FL,ASO,ES,Federal Contract Tower,0,2,14,0,16,0,0,34,0,34,0,2,48,0,50,14,0,14,64
01/04/2012,OCF,FL,ASO,ES,Federal Contract Tower,0,0,29,2,31,0,0,70,0,70,0,0,99,2,101,48,0,48,149
01/05/2012,OCF,FL,ASO,ES,Federal Contract Tower,0,3,25,4,32,0,0,53,0,53,0,3,78,4,85,46,0,46,131
01/06/2012,OCF,FL,ASO,ES,Federal Contract Tower,0,4,44,4,52,0,0,72,0,72,0,4,116,4,124,54,0,54,178
01/07/2012,OCF,FL,ASO,ES,Federal Contract Tower,0,4,36,6,46,0,0,102,0,102,0,4,138,6,148,42,0,42,190
01/08/2012,OCF,FL,ASO,ES,Federal Contract Tower,0,5,25,2,32,0,2,65,0,67,0,7,90,2,99,36,0,36,135
01/09/2012,OCF,FL,ASO,ES,Federal Contract Tower,0,2,37,0,39,0,0,72,0,72,0,2,109,0,111,50,0,50,161
01/10/2012,OCF,FL,ASO,ES,Federal Contract Tower,0,2,23,8,33,0,0,94,0,94,0,2,117,8,127,22,0,22,149
01/11/2012,OCF,FL,ASO,ES,Federal Contract Tower,0,0,15,0,15,0,0,17,0,17,0,0,32,0,32,14,0,14,46
01/12/2012,OCF,FL,ASO,ES,Federal Contract Tower,0,0,31,16,47,0,0,54,2,56,0,0,85,18,103,28,0,28,131
01/13/2012,OCF,FL,ASO,ES,Federal Contract Tower,0,1,30,2,33,0,0,87,0,87,0,1,117,2,120,48,0,48,168
01/14/2012,OCF,FL,ASO,ES,Federal Contract Tower,0,4,27,0,31,0,0,96,0,96,0,4,123,0,127,34,0,34,161
01/15/2012,OCF,FL,ASO,ES,Federal Contract Tower,0,2,19,0,21,0,0,95,0,95,0,2,114,0,116,68,0,68,184
01/16/2012,OCF,FL,ASO,ES,Federal Contract Tower,0,2,35,0,37,0,0,83,0,83,0,2,118,0,120,74,0,74,194
01/17/2012,OCF,FL,ASO,ES,Federal Contract Tower,0,0,18,6,24,0,0,88,0,88,0,0,106,6,112,44,0,44,156
01/18/2012,OCF,FL,ASO,ES,Federal Contract Tower,0,0,28,0,28,0,0,15,0,15,0,0,43,0,43,0,0,0,43
01/19/2012,OCF,FL,ASO,ES,Federal Contract Tower,0,3,33,2,38,0,0,78,0,78,0,3,111,2,116,84,0,84,200
01/20/2012,OCF,FL,ASO,ES,Federal Contract Tower,0,6,22,14,42,0,0,78,0,78,0,6,100,14,120,54,0,54,174
01/21/2012,OCF,FL,ASO,ES,Federal Contract Tower,0,1,14,0,15,0,0,82,0,82,0,1,96,0,97,14,0,14,111
01/22/2012,OCF,FL,ASO,ES,Federal Contract Tower,0,2,29,6,37,0,0,94,0,94,0,2,123,6,131,48,0,48,179
01/23/2012,OCF,FL,ASO,ES,Federal Contract Tower,0,3,24,0,27,0,0,66,0,66,0,3,90,0,93,32,0,32,125
01/24/2012,OCF,FL,ASO,ES,Federal Contract Tower,0,0,49,4,53,0,0,86,0,86,0,0,135,4,139,28,0,28,167
01/25/2012,OCF,FL,ASO,ES,Federal Contract Tower,0,0,28,2,30,0,0,107,0,107,0,0,135,2,137,62,4,66,203
01/26/2012,OCF,FL,ASO,ES,Federal Contract Tower,0,3,31,0,34,0,1,82,0,83,0,4,113,0,117,42,0,42,159
01/27/2012,OCF,FL,ASO,ES,Federal Contract Tower,0,3,41,4,48,0,0,36,0,36,0,3,77,4,84,12,0,12,96
01/28/2012,OCF,FL,ASO,ES,Federal Contract Tower,0,2,32,12,46,0,0,104,0,104,0,2,136,12,150,50,2,52,202
01/29/2012,OCF,FL,ASO,ES,Federal Contract Tower,0,6,24,8,38,0,1,89,0,90,0,7,113,8,128,8,0,8,136
01/30/2012,OCF,FL,ASO,ES,Federal Contract Tower,0,4,8,2,14,0,0,78,0,78,0,4,86,2,92,18,0,18,110
01/31/2012,OCF,FL,ASO,ES,Federal Contract Tower,0,2,25,0,27,0,0,75,0,75,0,2,100,0,102,28,0,28,130
02/01/2012,OCF,FL,ASO,ES,Federal Contract Tower,0,1,22,13,36,0,0,88,5,93,0,1,110,18,129,93,0,93,222
02/02/2012,OCF,FL,ASO,ES,Federal Contract Tower,0,2,27,0,29,0,0,65,0,65,0,2,92,0,94,86,0,86,180
02/03/2012,OCF,FL,ASO,ES,Federal Contract Tower,0,3,18,8,29,0,2,70,0,72,0,5,88,8,101,64,0,64,165
02/04/2012,OCF,FL,ASO,ES,Federal Contract Tower,0,3,20,0,23,0,0,116,0,116,0,3,136,0,139,46,0,46,185
02/05/2012,OCF,FL,ASO,ES,Federal Contract Tower,0,1,21,4,26,0,0,39,0,39,0,1,60,4,65,10,2,12,77
02/06/2012,OCF,FL,ASO,ES,Federal Contract Tower,0,7,30,0,37,0,0,26,0,26,0,7,56,0,63,52,0,52,115
02/07/2012,OCF,FL,ASO,ES,Federal Contract Tower,0,2,33,2,37,0,0,8,0,8,0,2,41,2,45,2,0,2,47
02/08/2012,OCF,FL,ASO,ES,Federal Contract Tower,0,0,50,4,54,0,0,97,0,97,0,0,147,4,151,44,0,44,195
02/09/2012,OCF,FL,ASO,ES,Federal Contract Tower,0,4,26,3,33,0,1,65,1,67,0,5,91,4,100,73,0,73,173
02/10/2012,OCF,FL,ASO,ES,Federal Contract Tower,0,4,38,6,48,0,0,68,0,68,0,4,106,6,116,58,0,58,174
02/11/2012,OCF,FL,ASO,ES,Federal Contract Tower,0,3,57,0,60,0,0,76,0,76,0,3,133,0,136,38,0,38,174
02/12/2012,OCF,FL,ASO,ES,Federal Contract Tower,0,7,54,4,65,0,0,68,0,68,0,7,122,4,133,16,0,16,149
02/13/2012,OCF,FL,ASO,ES,Federal Contract Tower,0,2,16,0,18,0,0,102,0,102,0,2,118,0,120,52,0,52,172
02/14/2012,OCF,FL,ASO,ES,Federal Contract Tower,0,5,20,0,25,0,0,63,0,63,0,5,83,0,88,108,0,108,196
02/15/2012,OCF,FL,ASO,ES,Federal Contract Tower,0,2,54,0,56,0,0,94,0,94,0,2,148,0,150,132,0,132,282
02/16/2012,OCF,FL,ASO,ES,Federal Contract Tower,0,1,41,0,42,0,0,76,0,76,0,1,117,0,118,112,0,112,230
02/17/2012,OCF,FL,ASO,ES,Federal Contract Tower,0,11,30,4,45,0,0,16,0,16,0,11,46,4,61,12,0,12,73
02/18/2012,OCF,FL,ASO,ES,Federal Contract Tower,1,5,23,1,30,0,0,21,1,22,1,5,44,2,52,6,0,6,58
02/19/2012,OCF,FL,ASO,ES,Federal Contract Tower,2,3,23,0,28,0,1,10,0,11,2,4,33,0,39,2,0,2,41
02/20/2012,OCF,FL,ASO,ES,Federal Contract Tower,1,5,37,0,43,0,0,124,0,124,1,5,161,0,167,76,0,76,243
02/21/2012,OCF,FL,ASO,ES,Federal Contract Tower,0,2,19,0,21,0,1,76,0,77,0,3,95,0,98,64,0,64,162
02/22/2012,OCF,FL,ASO,ES,Federal Contract Tower,0,3,29,2,34,0,3,61,0,64,0,6,90,2,98,56,0,56,154
02/23/2012,OCF,FL,ASO,ES,Federal Contract Tower,0,4,34,0,38,0,0,17,0,17,0,4,51,0,55,22,0,22,77
02/24/2012,OCF,FL,ASO,ES,Federal Contract Tower,0,4,24,2,30,0,1,28,0,29,0,5,52,2,59,12,0,12,71
02/25/2012,OCF,FL,ASO,ES,Federal Contract Tower,0,4,38,0,42,0,0,94,0,94,0,4,132,0,136,14,0,14,150
02/26/2012,OCF,FL,ASO,ES,Federal Contract Tower,0,11,50,0,61,0,0,4,0,4,0,11,54,0,65,0,0,0,65
02/27/2012,OCF,FL,ASO,ES,Federal Contract Tower,0,0,24,0,24,1,0,34,0,35,1,0,58,0,59,28,0,28,87
02/28/2012,OCF,FL,ASO,ES,Federal Contract Tower,0,1,39,2,42,0,0,6,0,6,0,1,45,2,48,0,0,0,48
02/29/2012,OCF,FL,ASO,ES,Federal Contract Tower,0,0,28,0,28,0,0,89,0,89,0,0,117,0,117,100,0,100,217
03/01/2012,OCF,FL,ASO,ES,Federal Contract Tower,0,5,29,0,34,0,0,49,0,49,0,5,78,0,83,56,0,56,139
03/02/2012,OCF,FL,ASO,ES,Federal Contract Tower,0,5,25,2,32,0,0,93,0,93,0,5,118,2,125,50,0,50,175
03/03/2012,OCF,FL,ASO,ES,Federal Contract Tower,0,0,11,0,11,0,0,30,0,30,0,0,41,0,41,0,0,0,41
03/04/2012,OCF,FL,ASO,ES,Federal Contract Tower,0,10,25,0,35,0,0,29,0,29,0,10,54,0,64,4,0,4,68
03/05/2012,OCF,FL,ASO,ES,Federal Contract Tower,1,4,21,4,30,0,0,79,0,79,1,4,100,4,109,22,0,22,131
03/06/2012,OCF,FL,ASO,ES,Federal Contract Tower,0,5,30,2,37,0,0,65,0,65,0,5,95,2,102,56,0,56,158
03/07/2012,OCF,FL,ASO,ES,Federal Contract Tower,2,0,35,0,37,0,0,82,2,84,2,0,117,2,121,56,12,68,189
03/08/2012,OCF,FL,ASO,ES,Federal Contract Tower,0,10,46,2,58,0,1,121,0,122,0,11,167,2,180,50,0,50,230
03/09/2012,OCF,FL,ASO,ES,Federal Contract Tower,0,15,35,0,50,0,0,61,0,61,0,15,96,0,111,34,0,34,145
03/10/2012,OCF,FL,ASO,ES,Federal Contract Tower,0,2,38,8,48,0,0,19,0,19,0,2,57,8,67,30,0,30,97
03/11/2012,OCF,FL,ASO,ES,Federal Contract Tower,0,15,57,0,72,0,0,26,0,26,0,15,83,0,98,0,0,0,98
03/12/2012,OCF,FL,ASO,ES,Federal Contract Tower,0,12,27,7,46,0,0,106,2,108,0,12,133,9,154,72,18,90,244
03/13/2012,OCF,FL,ASO,ES,Federal Contract Tower,0,9,26,2,37,0,0,113,0,113,0,9,139,2,150,46,12,58,208
03/14/2012,OCF,FL,ASO,ES,Federal Contract Tower,0,9,38,0,47,0,0,122,0,122,0,9,160,0,169,102,0,102,271
03/15/2012,OCF,FL,ASO,ES,Federal Contract Tower,0,0,52,5,57,0,0,80,0,80,0,0,132,5,137,60,0,60,197
03/16/2012,OCF,FL,ASO,ES,Federal Contract Tower,0,8,43,2,53,0,0,73,0,73,0,8,116,2,126,34,0,34,160
03/17/2012,OCF,FL,ASO,ES,Federal Contract Tower,0,1,16,0,17,0,1,96,0,97,0,2,112,0,114,14,0,14,128
03/18/2012,OCF,FL,ASO,ES,Federal Contract Tower,0,14,34,2,50,0,0,114,0,114,0,14,148,2,164,40,0,40,204
03/19/2012,OCF,FL,ASO,ES,Federal Contract Tower,0,1,31,0,32,0,0,77,0,77,0,1,108,0,109,58,0,58,167
03/20/2012,OCF,FL,ASO,ES,Federal Contract Tower,0,3,31,4,38,0,0,59,0,59,0,3,90,4,97,50,0,50,147
03/21/2012,OCF,FL,ASO,ES,Federal Contract Tower,0,3,19,4,26,0,0,63,0,63,0,3,82,4,89,38,0,38,127
03/22/2012,OCF,FL,ASO,ES,Federal Contract Tower,0,6,32,8,46,0,0,90,0,90,0,6,122,8,136,46,0,46,182
03/23/2012,OCF,FL,ASO,ES,Federal Contract Tower,0,2,26,2,30,0,3,126,0,129,0,5,152,2,159,42,0,42,201
03/24/2012,OCF,FL,ASO,ES,Federal Contract Tower,0,8,23,6,37,0,1,74,0,75,0,9,97,6,112,24,0,24,136
03/25/2012,OCF,FL,ASO,ES,Federal Contract Tower,0,6,29,0,35,0,3,101,0,104,0,9,130,0,139,22,0,22,161
03/26/2012,OCF,FL,ASO,ES,Federal Contract Tower,0,8,25,2,35,0,0,98,0,98,0,8,123,2,133,54,0,54,187
03/27/2012,OCF,FL,ASO,ES,Federal Contract Tower,0,0,42,5,47,0,0,98,1,99,0,0,140,6,146,70,4,74,220
03/28/2012,OCF,FL,ASO,ES,Federal Contract Tower,0,0,23,2,25,0,0,110,0,110,0,0,133,2,135,60,0,60,195
03/29/2012,OCF,FL,ASO,ES,Federal Contract Tower,0,1,22,0,23,0,0,100,0,100,0,1,122,0,123,46,0,46,169
03/30/2012,OCF,FL,ASO,ES,Federal Contract Tower,0,0,19,4,23,0,0,100,0,100,0,0,119,4,123,12,0,12,135
03/31/2012,OCF,FL,ASO,ES,Federal Contract Tower,0,1,32,0,33,0,0,74,0,74,0,1,106,0,107,24,0,24,131
04/01/2012,OCF,FL,ASO,ES,Federal Contract Tower,0,3,25,0,28,0,0,104,0,104,0,3,129,0,132,28,0,28,160
04/02/2012,OCF,FL,ASO,ES,Federal Contract Tower,0,1,35,0,36,0,0,82,0,82,0,1,117,0,118,20,0,20,138
04/03/2012,OCF,FL,ASO,ES,Federal Contract Tower,0,5,32,0,37,0,0,90,0,90,0,5,122,0,127,36,0,36,163
04/04/2012,OCF,FL,ASO,ES,Federal Contract Tower,0,4,26,6,36,0,0,80,0,80,0,4,106,6,116,22,0,22,138
04/05/2012,OCF,FL,ASO,ES,Federal Contract Tower,0,5,25,2,32,0,0,66,0,66,0,5,91,2,98,0,0,0,98
04/06/2012,OCF,FL,ASO,ES,Federal Contract Tower,0,0,17,4,21,0,0,52,0,52,0,0,69,4,73,28,0,28,101
04/07/2012,OCF,FL,ASO,ES,Federal Contract Tower,0,4,18,0,22,0,0,93,0,93,0,4,111,0,115,36,0,36,151
04/08/2012,OCF,FL,ASO,ES,Federal Contract Tower,0,0,16,0,16,0,0,66,0,66,0,0,82,0,82,24,0,24,106
04/09/2012,OCF,FL,ASO,ES,Federal Contract Tower,0,1,19,0,20,0,0,103,0,103,0,1,122,0,123,24,0,24,147
04/10/2012,OCF,FL,ASO,ES,Federal Contract Tower,0,2,38,0,40,0,0,78,0,78,0,2,116,0,118,74,0,74,192
04/11/2012,OCF,FL,ASO,ES,Federal Contract Tower,0,6,27,6,39,0,0,53,0,53,0,6,80,6,92,34,0,34,126
04/12/2012,OCF,FL,ASO,ES,Federal Contract Tower,0,4,33,2,39,0,2,87,0,89,0,6,120,2,128,17,0,17,145
04/13/2012,OCF,FL,ASO,ES,Federal Contract Tower,0,3,29,7,39,0,0,113,1,114,0,3,142,8,153,84,6,90,243
04/14/2012,OCF,FL,ASO,ES,Federal Contract Tower,0,3,28,0,31,0,0,80,0,80,0,3,108,0,111,38,0,38,149
04/15/2012,OCF,FL,ASO,ES,Federal Contract Tower,0,4,14,0,18,0,0,77,0,77,0,4,91,0,95,28,0,28,123
04/16/2012,OCF,FL,ASO,ES,Federal Contract Tower,0,4,15,4,23,0,0,115,0,115,0,4,130,4,138,58,0,58,196
04/17/2012,OCF,FL,ASO,ES,Federal Contract Tower,0,0,22,4,26,0,0,96,0,96,0,0,118,4,122,66,0,66,188
04/18/2012,OCF,FL,ASO,ES,Federal Contract Tower,0,4,28,2,34,0,0,91,0,91,0,4,119,2,125,44,0,44,169
04/19/2012,OCF,FL,ASO,ES,Federal Contract Tower,0,2,24,6,32,0,0,40,2,42,0,2,64,8,74,98,10,108,182
04/20/2012,OCF,FL,ASO,ES,Federal Contract Tower,0,6,27,0,33,0,0,27,0,27,0,6,54,0,60,28,0,28,88
04/21/2012,OCF,FL,ASO,ES,Federal Contract Tower,0,0,18,0,18,0,0,34,0,34,0,0,52,0,52,10,0,10,62
04/22/2012,OCF,FL,ASO,ES,Federal Contract Tower,0,5,32,0,37,0,0,37,0,37,0,5,69,0,74,2,2,4,78
04/23/2012,OCF,FL,ASO,ES,Federal Contract Tower,0,2,21,4,27,0,0,47,0,47,0,2,68,4,74,22,0,22,96
04/24/2012,OCF,FL,ASO,ES,Federal Contract Tower,0,2,41,2,45,0,0,82,0,82,0,2,123,2,127,80,0,80,207
04/25/2012,OCF,FL,ASO,ES,Federal Contract Tower,0,6,40,1,47,0,0,96,1,97,0,6,136,2,144,54,2,56,200
04/26/2012,OCF,FL,ASO,ES,Federal Contract Tower,0,3,25,4,32,0,0,95,0,95,0,3,120,4,127,62,0,62,189
04/27/2012,OCF,FL,ASO,ES,Federal Contract Tower,1,2,30,6,39,0,0,96,0,96,1,2,126,6,135,24,0,24,159
04/28/2012,OCF,FL,ASO,ES,Federal Contract Tower,0,1,26,0,27,0,1,108,0,109,0,2,134,0,136,36,0,36,172
04/29/2012,OCF,FL,ASO,ES,Federal Contract Tower,2,2,19,10,33,0,1,68,0,69,2,3,87,10,102,18,0,18,120
04/30/2012,OCF,FL,ASO,ES,Federal Contract Tower,0,0,29,0,29,0,0,44,0,44,0,0,73,0,73,60,0,60,133
05/01/2012,OCF,FL,ASO,ES,Federal Contract Tower,0,0,24,4,28,0,0,45,0,45,0,0,69,4,73,64,0,64,137
05/02/2012,OCF,FL,ASO,ES,Federal Contract Tower,0,2,16,0,18,0,0,84,0,84,0,2,100,0,102,52,0,52,154
05/03/2012,OCF,FL,ASO,ES,Federal Contract Tower,0,1,41,6,48,0,0,86,0,86,0,1,127,6,134,75,0,75,209
05/04/2012,OCF,FL,ASO,ES,Federal Contract Tower,1,0,33,0,34,0,1,115,0,116,1,1,148,0,150,114,0,114,264
05/05/2012,OCF,FL,ASO,ES,Federal Contract Tower,0,0,18,0,18,0,1,172,0,173,0,1,190,0,191,52,0,52,243
05/06/2012,OCF,FL,ASO,ES,Federal Contract Tower,0,1,18,0,19,0,0,110,0,110,0,1,128,0,129,16,0,16,145
05/07/2012,OCF,FL,ASO,ES,Federal Contract Tower,0,0,24,0,24,0,0,29,0,29,0,0,53,0,53,14,0,14,67
05/08/2012,OCF,FL,ASO,ES,Federal Contract Tower,2,0,28,2,32,0,0,26,0,26,2,0,54,2,58,14,6,20,78
05/09/2012,OCF,FL,ASO,ES,Federal Contract Tower,0,0,22,1,23,0,0,75,1,76,0,0,97,2,99,33,0,33,132
05/10/2012,OCF,FL,ASO,ES,Federal Contract Tower,0,2,29,2,33,0,0,109,1,110,0,2,138,3,143,26,0,26,169
05/11/2012,OCF,FL,ASO,ES,Federal Contract Tower,0,4,22,4,30,0,0,98,0,98,0,4,120,4,128,50,0,50,178
05/12/2012,OCF,FL,ASO,ES,Federal Contract Tower,0,3,9,0,12,0,0,146,0,146,0,3,155,0,158,36,0,36,194
05/13/2012,OCF,FL,ASO,ES,Federal Contract Tower,0,6,18,0,24,0,0,47,0,47,0,6,65,0,71,16,0,16,87
05/14/2012,OCF,FL,ASO,ES,Federal Contract Tower,0,0,26,0,26,0,0,61,0,61,0,0,87,0,87,86,0,86,173
05/15/2012,OCF,FL,ASO,ES,Federal Contract Tower,0,2,18,2,22,0,0,67,0,67,0,2,85,2,89,59,0,59,148
05/16/2012,OCF,FL,ASO,ES,Federal Contract Tower,0,0,17,0,17,0,0,15,0,15,0,0,32,0,32,24,0,24,56
05/17/2012,OCF,FL,ASO,ES,Federal Contract Tower,0,0,29,4,33,0,0,66,0,66,0,0,95,4,99,58,0,58,157
05/18/2012,OCF,FL,ASO,ES,Federal Contract Tower,0,0,44,2,46,0,0,102,0,102,0,0,146,2,148,76,0,76,224
05/19/2012,OCF,FL,ASO,ES,Federal Contract Tower,0,0,24,4,28,0,1,73,2,76,0,1,97,6,104,32,4,36,140
05/20/2012,OCF,FL,ASO,ES,Federal Contract Tower,0,1,12,6,19,0,0,77,0,77,0,1,89,6,96,40,0,40,136
05/21/2012,OCF,FL,ASO,ES,Federal Contract Tower,0,1,18,0,19,0,0,89,2,91,0,1,107,2,110,74,18,92,202
05/22/2012,OCF,FL,ASO,ES,Federal Contract Tower,0,1,27,0,28,0,0,104,0,104,0,1,131,0,132,62,0,62,194
05/23/2012,OCF,FL,ASO,ES,Federal Contract Tower,0,0,22,2,24,0,0,78,0,78,0,0,100,2,102,70,0,70,172
05/24/2012,OCF,FL,ASO,ES,Federal Contract Tower,0,3,27,4,34,0,9,86,0,95,0,12,113,4,129,50,4,54,183
05/25/2012,OCF,FL,ASO,ES,Federal Contract Tower,0,9,30,0,39,0,1,71,0,72,0,10,101,0,111,24,0,24,135
05/26/2012,OCF,FL,ASO,ES,Federal Contract Tower,0,1,21,0,22,0,0,79,0,79,0,1,100,0,101,22,0,22,123
05/27/2012,OCF,FL,ASO,ES,Federal Contract Tower,0,0,6,0,6,0,0,27,0,27,0,0,33,0,33,10,0,10,43
05/28/2012,OCF,FL,ASO,ES,Federal Contract Tower,0,2,2,0,4,0,0,5,0,5,0,2,7,0,9,0,0,0,9
05/29/2012,OCF,FL,ASO,ES,Federal Contract Tower,0,2,14,0,16,0,0,3,0,3,0,2,17,0,19,12,0,12,31
05/30/2012,OCF,FL,ASO,ES,Federal Contract Tower,0,2,22,2,26,0,0,25,0,25,0,2,47,2,51,42,0,42,93
05/31/2012,OCF,FL,ASO,ES,Federal Contract Tower,0,6,34,4,44,0,0,72,0,72,0,6,106,4,116,72,0,72,188
06/01/2012,OCF,FL,ASO,ES,Federal Contract Tower,0,0,37,0,37,0,0,22,0,22,0,0,59,0,59,22,0,22,81
06/02/2012,OCF,FL,ASO,ES,Federal Contract Tower,0,1,20,0,21,0,0,120,0,120,0,1,140,0,141,60,0,60,201
06/03/2012,OCF,FL,ASO,ES,Federal Contract Tower,0,1,20,0,21,0,0,111,0,111,0,1,131,0,132,40,0,40,172
06/04/2012,OCF,FL,ASO,ES,Federal Contract Tower,0,0,14,6,20,0,0,87,0,87,0,0,101,6,107,54,0,54,161
06/05/2012,OCF,FL,ASO,ES,Federal Contract Tower,0,4,22,6,32,0,0,48,0,48,0,4,70,6,80,52,0,52,132
06/06/2012,OCF,FL,ASO,ES,Federal Contract Tower,0,2,32,0,34,0,0,24,0,24,0,2,56,0,58,10,0,10,68
06/07/2012,OCF,FL,ASO,ES,Federal Contract Tower,0,0,14,0,14,0,0,42,2,44,0,0,56,2,58,30,0,30,88
06/08/2012,OCF,FL,ASO,ES,Federal Contract Tower,0,0,19,0,19,0,0,8,0,8,0,0,27,0,27,0,0,0,27
06/09/2012,OCF,FL,ASO,ES,Federal Contract Tower,0,0,9,0,9,0,0,27,2,29,0,0,36,2,38,12,0,12,50
06/10/2012,OCF,FL,ASO,ES,Federal Contract Tower,0,3,20,2,25,0,0,101,0,101,0,3,121,2,126,14,0,14,140
06/11/2012,OCF,FL,ASO,ES,Federal Contract Tower,0,0,12,0,12,0,0,112,2,114,0,0,124,2,126,36,0,36,162
06/12/2012,OCF,FL,ASO,ES,Federal Contract Tower,0,1,15,0,16,0,0,84,0,84,0,1,99,0,100,36,0,36,136
06/13/2012,OCF,FL,ASO,ES,Federal Contract Tower,0,0,23,0,23,0,0,82,0,82,0,0,105,0,105,52,0,52,157
06/14/2012,OCF,FL,ASO,ES,Federal Contract Tower,0,0,23,4,27,0,0,49,0,49,0,0,72,4,76,32,0,32,108
06/15/2012,OCF,FL,ASO,ES,Federal Contract Tower,0,1,29,2,32,0,0,71,0,71,0,1,100,2,103,44,0,44,147
06/16/2012,OCF,FL,ASO,ES,Federal Contract Tower,0,1,23,0,24,0,0,172,0,172,0,1,195,0,196,12,0,12,208
06/17/2012,OCF,FL,ASO,ES,Federal Contract Tower,0,2,14,2,18,0,0,73,0,73,0,2,87,2,91,48,0,48,139
06/18/2012,OCF,FL,ASO,ES,Federal Contract Tower,0,2,12,0,14,0,0,98,0,98,0,2,110,0,112,36,0,36,148
06/19/2012,OCF,FL,ASO,ES,Federal Contract Tower,0,0,21,0,21,0,0,109,0,109,0,0,130,0,130,70,0,70,200
06/20/2012,OCF,FL,ASO,ES,Federal Contract Tower,1,1,42,4,48,0,0,77,0,77,1,1,119,4,125,110,0,110,235
06/21/2012,OCF,FL,ASO,ES,Federal Contract Tower,2,2,44,2,50,0,0,35,0,35,2,2,79,2,85,44,0,44,129
06/22/2012,OCF,FL,ASO,ES,Federal Contract Tower,0,1,21,4,26,0,0,27,0,27,0,1,48,4,53,48,0,48,101
06/23/2012,OCF,FL,ASO,ES,Federal Contract Tower,0,1,18,0,19,0,0,45,0,45,0,1,63,0,64,84,0,84,148
06/24/2012,OCF,FL,ASO,ES,Federal Contract Tower,0,0,5,0,5,0,0,0,0,0,0,0,5,0,5,0,0,0,5
06/25/2012,OCF,FL,ASO,ES,Federal Contract Tower,0,2,15,0,17,0,0,6,0,6,0,2,21,0,23,8,0,8,31
06/26/2012,OCF,FL,ASO,ES,Federal Contract Tower,0,0,28,0,28,0,3,18,0,21,0,3,46,0,49,8,0,8,57
06/27/2012,OCF,FL,ASO,ES,Federal Contract Tower,0,0,23,0,23,0,0,49,0,49,0,0,72,0,72,54,0,54,126
06/28/2012,OCF,FL,ASO,ES,Federal Contract Tower,0,4,26,2,32,0,0,112,1,113,0,4,138,3,145,8,0,8,153
06/29/2012,OCF,FL,ASO,ES,Federal Contract Tower,0,3,22,2,27,0,0,0,0,0,0,3,22,2,27,52,2,54,81
06/30/2012,OCF,FL,ASO,ES,Federal Contract Tower,0,0,25,0,25,0,0,127,0,127,0,0,152,0,152,68,0,68,220
07/01/2012,OCF,FL,ASO,ES,Federal Contract Tower,0,3,10,4,17,0,0,62,0,62,0,3,72,4,79,16,0,16,95
07/02/2012,OCF,FL,ASO,ES,Federal Contract Tower,0,2,11,0,13,0,0,58,0,58,0,2,69,0,71,34,0,34,105
07/03/2012,OCF,FL,ASO,ES,Federal Contract Tower,0,0,12,1,13,0,0,66,1,67,0,0,78,2,80,20,0,20,100
07/04/2012,OCF,FL,ASO,ES,Federal Contract Tower,0,0,5,0,5,0,8,4,0,12,0,8,9,0,17,8,0,8,25
07/05/2012,OCF,FL,ASO,ES,Federal Contract Tower,0,0,20,4,24,0,0,48,0,48,0,0,68,4,72,50,0,50,122
07/06/2012,OCF,FL,ASO,ES,Federal Contract Tower,0,2,28,2,32,0,0,78,0,78,0,2,106,2,110,28,0,28,138
07/07/2012,OCF,FL,ASO,ES,Federal Contract Tower,0,2,11,0,13,0,1,94,0,95,0,3,105,0,108,44,0,44,152
07/08/2012,OCF,FL,ASO,ES,Federal Contract Tower,0,2,18,0,20,0,2,65,0,67,0,4,83,0,87,8,0,8,95
07/09/2012,OCF,FL,ASO,ES,Federal Contract Tower,0,0,8,6,14,0,0,81,0,81,0,0,89,6,95,54,0,54,149
07/10/2012,OCF,FL,ASO,ES,Federal Contract Tower,0,0,9,2,11,0,0,68,0,68,0,0,77,2,79,58,0,58,137
07/11/2012,OCF,FL,ASO,ES,Federal Contract Tower,2,4,22,4,32,0,0,66,0,66,2,4,88,4,98,50,0,50,148
07/12/2012,OCF,FL,ASO,ES,Federal Contract Tower,0,4,16,7,27,0,0,43,0,43,0,4,59,7,70,44,4,48,118
07/13/2012,OCF,FL,ASO,ES,Federal Contract Tower,0,2,25,0,27,0,1,68,4,73,0,3,93,4,100,38,2,40,140
07/14/2012,OCF,FL,ASO,ES,Federal Contract Tower,0,0,10,1,11,0,0,89,8,97,0,0,99,9,108,18,0,18,126
07/15/2012,OCF,FL,ASO,ES,Federal Contract Tower,0,1,23,0,24,0,0,57,0,57,0,1,80,0,81,24,0,24,105
07/16/2012,OCF,FL,ASO,ES,Federal Contract Tower,0,2,31,2,35,0,0,24,0,24,0,2,55,2,59,10,0,10,69
07/17/2012,OCF,FL,ASO,ES,Federal Contract Tower,0,0,25,0,25,0,0,31,0,31,0,0,56,0,56,24,0,24,80
07/18/2012,OCF,FL,ASO,ES,Federal Contract Tower,0,0,31,2,33,0,0,21,0,21,0,0,52,2,54,28,0,28,82
07/19/2012,OCF,FL,ASO,ES,Federal Contract Tower,0,0,16,2,18,0,0,47,0,47,0,0,63,2,65,26,0,26,91
07/20/2012,OCF,FL,ASO,ES,Federal Contract Tower,0,0,21,2,23,0,0,68,0,68,0,0,89,2,91,36,0,36,127
07/21/2012,OCF,FL,ASO,ES,Federal Contract Tower,0,5,15,4,24,0,0,77,0,77,0,5,92,4,101,22,0,22,123
07/22/2012,OCF,FL,ASO,ES,Federal Contract Tower,0,0,11,0,11,0,1,61,0,62,0,1,72,0,73,6,0,6,79
07/23/2012,OCF,FL,ASO,ES,Federal Contract Tower,0,0,21,0,21,0,0,33,0,33,0,0,54,0,54,14,0,14,68
07/24/2012,OCF,FL,ASO,ES,Federal Contract Tower,0,0,31,0,31,0,0,89,0,89,0,0,120,0,120,33,0,33,153
07/25/2012,OCF,FL,ASO,ES,Federal Contract Tower,0,0,14,2,16,0,0,63,0,63,0,0,77,2,79,26,0,26,105
07/26/2012,OCF,FL,ASO,ES,Federal Contract Tower,0,0,29,8,37,0,0,90,0,90,0,0,119,8,127,48,0,48,175
07/27/2012,OCF,FL,ASO,ES,Federal Contract Tower,0,2,28,3,33,0,0,114,0,114,0,2,142,3,147,46,0,46,193
07/28/2012,OCF,FL,ASO,ES,Federal Contract Tower,0,0,27,0,27,0,0,79,0,79,0,0,106,0,106,40,0,40,146
07/29/2012,OCF,FL,ASO,ES,Federal Contract Tower,0,0,16,0,16,0,2,56,0,58,0,2,72,0,74,18,0,18,92
07/30/2012,OCF,FL,ASO,ES,Federal Contract Tower,0,5,11,0,16,0,1,27,0,28,0,6,38,0,44,50,0,50,94
07/31/2012,OCF,FL,ASO,ES,Federal Contract Tower,0,2,21,1,24,0,1,48,1,50,0,3,69,2,74,36,0,36,110
08/01/2012,OCF,FL,ASO,ES,Federal Contract Tower,0,4,17,0,21,0,0,63,0,63,0,4,80,0,84,38,0,38,122
08/02/2012,OCF,FL,ASO,ES,Federal Contract Tower,0,0,23,6,29,0,0,67,0,67,0,0,90,6,96,22,0,22,118
08/03/2012,OCF,FL,ASO,ES,Federal Contract Tower,0,0,22,0,22,0,1,79,0,80,0,1,101,0,102,34,0,34,136
08/04/2012,OCF,FL,ASO,ES,Federal Contract Tower,0,1,24,0,25,0,2,70,0,72,0,3,94,0,97,14,0,14,111
08/05/2012,OCF,FL,ASO,ES,Federal Contract Tower,0,0,16,0,16,0,0,61,0,61,0,0,77,0,77,26,0,26,103
08/06/2012,OCF,FL,ASO,ES,Federal Contract Tower,0,0,24,10,34,0,0,41,0,41,0,0,65,10,75,24,14,38,113
08/07/2012,OCF,FL,ASO,ES,Federal Contract Tower,0,0,15,0,15,0,0,57,0,57,0,0,72,0,72,26,0,26,98
08/08/2012,OCF,FL,ASO,ES,Federal Contract Tower,0,0,11,0,11,0,0,94,0,94,0,0,105,0,105,62,0,62,167
08/09/2012,OCF,FL,ASO,ES,Federal Contract Tower,0,0,19,0,19,0,0,86,0,86,0,0,105,0,105,52,0,52,157
08/10/2012,OCF,FL,ASO,ES,Federal Contract Tower,0,0,17,4,21,0,0,100,0,100,0,0,117,4,121,2,0,2,123
08/11/2012,OCF,FL,ASO,ES,Federal Contract Tower,0,2,12,0,14,0,0,78,0,78,0,2,90,0,92,8,0,8,100
08/12/2012,OCF,FL,ASO,ES,Federal Contract Tower,0,0,17,0,17,0,0,94,0,94,0,0,111,0,111,16,0,16,127
08/13/2012,OCF,FL,ASO,ES,Federal Contract Tower,0,2,19,0,21,0,0,49,0,49,0,2,68,0,70,68,0,68,138
08/14/2012,OCF,FL,ASO,ES,Federal Contract Tower,0,0,19,0,19,0,0,59,0,59,0,0,78,0,78,12,0,12,90
08/15/2012,OCF,FL,ASO,ES,Federal Contract Tower,0,0,32,0,32,0,0,75,0,75,0,0,107,0,107,36,0,36,143
08/16/2012,OCF,FL,ASO,ES,Federal Contract Tower,0,0,20,0,20,0,0,71,0,71,0,0,91,0,91,8,0,8,99
08/17/2012,OCF,FL,ASO,ES,Federal Contract Tower,0,2,14,0,16,0,0,54,0,54,0,2,68,0,70,28,0,28,98
08/18/2012,OCF,FL,ASO,ES,Federal Contract Tower,0,0,13,0,13,0,1,69,0,70,0,1,82,0,83,16,0,16,99
08/19/2012,OCF,FL,ASO,ES,Federal Contract Tower,0,0,16,0,16,0,1,31,0,32,0,1,47,0,48,12,0,12,60
08/20/2012,OCF,FL,ASO,ES,Federal Contract Tower,0,0,17,0,17,0,0,70,0,70,0,0,87,0,87,26,0,26,113
08/21/2012,OCF,FL,ASO,ES,Federal Contract Tower,0,2,16,2,20,0,0,27,0,27,0,2,43,2,47,20,0,20,67
08/22/2012,OCF,FL,ASO,ES,Federal Contract Tower,0,1,24,4,29,0,0,57,0,57,0,1,81,4,86,30,0,30,116
08/23/2012,OCF,FL,ASO,ES,Federal Contract Tower,0,1,45,0,46,0,1,37,0,38,0,2,82,0,84,30,0,30,114
08/24/2012,OCF,FL,ASO,ES,Federal Contract Tower,0,1,21,8,30,0,0,112,0,112,0,1,133,8,142,28,0,28,170
08/25/2012,OCF,FL,ASO,ES,Federal Contract Tower,0,0,26,2,28,0,0,100,0,100,0,0,126,2,128,32,0,32,160
08/26/2012,OCF,FL,ASO,ES,Federal Contract Tower,0,0,11,0,11,0,0,23,0,23,0,0,34,0,34,24,0,24,58
08/27/2012,OCF,FL,ASO,ES,Federal Contract Tower,0,6,15,0,21,0,0,0,0,0,0,6,15,0,21,0,0,0,21
08/28/2012,OCF,FL,ASO,ES,Federal Contract Tower,0,4,12,2,18,0,2,26,0,28,0,6,38,2,46,0,0,0,46
08/29/2012,OCF,FL,ASO,ES,Federal Contract Tower,0,0,26,2,28,0,0,51,0,51,0,0,77,2,79,10,0,10,89
08/30/2012,OCF,FL,ASO,ES,Federal Contract Tower,0,0,29,3,32,0,0,70,0,70,0,0,99,3,102,38,10,48,150
08/31/2012,OCF,FL,ASO,ES,Federal Contract Tower,0,2,38,0,40,0,0,94,0,94,0,2,132,0,134,46,0,46,180
09/01/2012,OCF,FL,ASO,ES,Federal Contract Tower,0,0,13,0,13,0,0,65,0,65,0,0,78,0,78,18,0,18,96
09/02/2012,OCF,FL,ASO,ES,Federal Contract Tower,0,0,12,0,12,0,0,93,0,93,0,0,105,0,105,46,0,46,151
09/03/2012,OCF,FL,ASO,ES,Federal Contract Tower,0,0,24,0,24,0,0,84,0,84,0,0,108,0,108,45,0,45,153
09/04/2012,OCF,FL,ASO,ES,Federal Contract Tower,2,2,24,0,28,0,0,62,0,62,2,2,86,0,90,24,0,24,114
09/05/2012,OCF,FL,ASO,ES,Federal Contract Tower,0,0,10,0,10,0,0,81,0,81,0,0,91,0,91,52,0,52,143
09/06/2012,OCF,FL,ASO,ES,Federal Contract Tower,0,3,31,2,36,0,0,81,2,83,0,3,112,4,119,6,0,6,125
09/07/2012,OCF,FL,ASO,ES,Federal Contract Tower,0,3,34,0,37,0,0,88,0,88,0,3,122,0,125,42,0,42,167
09/08/2012,OCF,FL,ASO,ES,Federal Contract Tower,0,0,7,0,7,0,0,24,0,24,0,0,31,0,31,32,0,32,63
09/09/2012,OCF,FL,ASO,ES,Federal Contract Tower,0,0,28,0,28,0,0,6,0,6,0,0,34,0,34,1,0,1,35
09/10/2012,OCF,FL,ASO,ES,Federal Contract Tower,0,0,18,0,18,0,0,103,0,103,0,0,121,0,121,74,0,74,195
09/11/2012,OCF,FL,ASO,ES,Federal Contract Tower,0,0,28,0,28,0,0,108,0,108,0,0,136,0,136,58,0,58,194
09/12/2012,OCF,FL,ASO,ES,Federal Contract Tower,0,1,20,2,23,0,0,47,2,49,0,1,67,4,72,68,0,68,140
09/13/2012,OCF,FL,ASO,ES,Federal Contract Tower,0,1,20,8,29,0,0,97,0,97,0,1,117,8,126,48,0,48,174
09/14/2012,OCF,FL,ASO,ES,Federal Contract Tower,0,2,29,0,31,0,0,76,0,76,0,2,105,0,107,46,0,46,153
09/15/2012,OCF,FL,ASO,ES,Federal Contract Tower,0,0,19,2,21,0,0,115,0,115,0,0,134,2,136,14,0,14,150
09/16/2012,OCF,FL,ASO,ES,Federal Contract Tower,0,0,18,0,18,0,2,95,2,99,0,2,113,2,117,34,0,34,151
09/17/2012,OCF,FL,ASO,ES,Federal Contract Tower,0,0,14,0,14,0,0,84,0,84,0,0,98,0,98,28,0,28,126
09/18/2012,OCF,FL,ASO,ES,Federal Contract Tower,0,0,23,0,23,0,0,6,0,6,0,0,29,0,29,4,0,4,33
09/19/2012,OCF,FL,ASO,ES,Federal Contract Tower,0,2,35,4,41,0,0,52,0,52,0,2,87,4,93,40,8,48,141
09/20/2012,OCF,FL,ASO,ES,Federal Contract Tower,0,0,36,2,38,0,0,52,0,52,0,0,88,2,90,14,0,14,104
09/21/2012,OCF,FL,ASO,ES,Federal Contract Tower,2,4,36,0,42,0,0,83,0,83,2,4,119,0,125,56,0,56,181
09/22/2012,OCF,FL,ASO,ES,Federal Contract Tower,0,1,21,0,22,0,1,97,0,98,0,2,118,0,120,30,0,30,150
09/23/2012,OCF,FL,ASO,ES,Federal Contract Tower,0,4,53,0,57,0,0,115,0,115,0,4,168,0,172,56,0,56,228
09/24/2012,OCF,FL,ASO,ES,Federal Contract Tower,0,1,14,2,17,0,0,66,0,66,0,1,80,2,83,58,0,58,141
09/25/2012,OCF,FL,ASO,ES,Federal Contract Tower,0,0,27,0,27,0,0,63,0,63,0,0,90,0,90,64,0,64,154
09/26/2012,OCF,FL,ASO,ES,Federal Contract Tower,0,5,22,6,33,0,0,101,0,101,0,5,123,6,134,36,8,44,178
09/27/2012,OCF,FL,ASO,ES,Federal Contract Tower,0,0,18,2,20,0,0,65,0,65,0,0,83,2,85,54,0,54,139
09/28/2012,OCF,FL,ASO,ES,Federal Contract Tower,0,0,18,0,18,0,0,82,0,82,0,0,100,0,100,50,0,50,150
09/29/2012,OCF,FL,ASO,ES,Federal Contract Tower,0,3,34,0,37,0,0,70,0,70,0,3,104,0,107,14,0,14,121
09/30/2012,OCF,FL,ASO,ES,Federal Contract Tower,0,3,23,0,26,0,0,101,0,101,0,3,124,0,127,48,0,48,175
10/01/2012,OCF,FL,ASO,ES,Federal Contract Tower,0,0,13,0,13,0,0,62,0,62,0,0,75,0,75,16,0,16,91
10/02/2012,OCF,FL,ASO,ES,Federal Contract Tower,0,0,16,0,16,0,0,20,0,20,0,0,36,0,36,20,0,20,56
10/03/2012,OCF,FL,ASO,ES,Federal Contract Tower,0,0,17,0,17,0,0,22,0,22,0,0,39,0,39,0,0,0,39
10/04/2012,OCF,FL,ASO,ES,Federal Contract Tower,0,1,26,0,27,0,0,53,0,53,0,1,79,0,80,52,0,52,132
10/05/2012,OCF,FL,ASO,ES,Federal Contract Tower,0,2,28,4,34,0,0,41,0,41,0,2,69,4,75,38,0,38,113
10/06/2012,OCF,FL,ASO,ES,Federal Contract Tower,0,3,34,0,37,0,0,31,0,31,0,3,65,0,68,2,0,2,70
10/07/2012,OCF,FL,ASO,ES,Federal Contract Tower,0,0,30,0,30,0,0,90,0,90,0,0,120,0,120,30,0,30,150
10/08/2012,OCF,FL,ASO,ES,Federal Contract Tower,0,0,25,0,25,0,0,62,0,62,0,0,87,0,87,46,0,46,133
10/09/2012,OCF,FL,ASO,ES,Federal Contract Tower,0,0,41,0,41,0,0,31,0,31,0,0,72,0,72,32,0,32,104
10/10/2012,OCF,FL,ASO,ES,Federal Contract Tower,0,0,28,0,28,0,0,77,2,79,0,0,105,2,107,84,2,86,193
10/11/2012,OCF,FL,ASO,ES,Federal Contract Tower,0,0,35,10,45,0,0,124,2,126,0,0,159,12,171,6,0,6,177
10/12/2012,OCF,FL,ASO,ES,Federal Contract Tower,0,0,18,2,20,0,0,95,0,95,0,0,113,2,115,64,0,64,179
10/13/2012,OCF,FL,ASO,ES,Federal Contract Tower,0,0,20,2,22,0,0,134,0,134,0,0,154,2,156,44,0,44,200
10/14/2012,OCF,FL,ASO,ES,Federal Contract Tower,0,0,23,0,23,0,0,91,0,91,0,0,114,0,114,22,0,22,136
10/15/2012,OCF,FL,ASO,ES,Federal Contract Tower,0,0,44,0,44,0,0,60,0,60,0,0,104,0,104,24,0,24,128
10/16/2012,OCF,FL,ASO,ES,Federal Contract Tower,0,0,20,0,20,0,0,127,0,127,0,0,147,0,147,58,0,58,205
10/17/2012,OCF,FL,ASO,ES,Federal Contract Tower,0,0,36,13,49,0,0,71,0,71,0,0,107,13,120,32,0,32,152
10/18/2012,OCF,FL,ASO,ES,Federal Contract Tower,2,0,18,0,20,0,0,70,0,70,2,0,88,0,90,28,0,28,118
10/19/2012,OCF,FL,ASO,ES,Federal Contract Tower,2,0,31,13,46,0,0,64,0,64,2,0,95,13,110,4,0,4,114
10/20/2012,OCF,FL,ASO,ES,Federal Contract Tower,0,0,28,0,28,0,0,93,0,93,0,0,121,0,121,24,0,24,145
10/21/2012,OCF,FL,ASO,ES,Federal Contract Tower,0,0,28,0,28,0,0,147,0,147,0,0,175,0,175,32,0,32,207
10/22/2012,OCF,FL,ASO,ES,Federal Contract Tower,0,2,43,0,45,0,0,77,0,77,0,2,120,0,122,58,0,58,180
10/23/2012,OCF,FL,ASO,ES,Federal Contract Tower,0,3,19,4,26,0,0,71,0,71,0,3,90,4,97,82,0,82,179
10/24/2012,OCF,FL,ASO,ES,Federal Contract Tower,1,0,26,2,29,0,0,116,2,118,1,0,142,4,147,42,2,44,191
10/25/2012,OCF,FL,ASO,ES,Federal Contract Tower,1,1,18,2,22,0,0,41,0,41,1,1,59,2,63,54,0,54,117
10/26/2012,OCF,FL,ASO,ES,Federal Contract Tower,0,0,28,0,28,0,0,22,0,22,0,0,50,0,50,10,0,10,60
10/27/2012,OCF,FL,ASO,ES,Federal Contract Tower,1,1,23,0,25,0,0,32,0,32,1,1,55,0,57,6,0,6,63
10/28/2012,OCF,FL,ASO,ES,Federal Contract Tower,0,5,60,1,66,0,0,64,0,64,0,5,124,1,130,12,0,12,142
10/29/2012,OCF,FL,ASO,ES,Federal Contract Tower,0,1,53,2,56,0,0,63,0,63,0,1,116,2,119,78,0,78,197
10/30/2012,OCF,FL,ASO,ES,Federal Contract Tower,0,2,37,2,41,0,0,43,0,43,0,2,80,2,84,58,0,58,142
10/31/2012,OCF,FL,ASO,ES,Federal Contract Tower,0,2,22,4,28,0,0,40,0,40,0,2,62,4,68,54,0,54,122
11/01/2012,OCF,FL,ASO,ES,Federal Contract Tower,0,2,51,5,58,0,0,79,0,79,0,2,130,5,137,44,0,44,181
11/02/2012,OCF,FL,ASO,ES,Federal Contract Tower,0,1,72,4,77,0,0,98,1,99,0,1,170,5,176,68,0,68,244
11/03/2012,OCF,FL,ASO,ES,Federal Contract Tower,0,3,29,1,33,0,2,84,1,87,0,5,113,2,120,14,0,14,134
11/04/2012,OCF,FL,ASO,ES,Federal Contract Tower,0,3,28,0,31,0,0,64,0,64,0,3,92,0,95,30,0,30,125
11/05/2012,OCF,FL,ASO,ES,Federal Contract Tower,0,0,16,2,18,0,0,39,0,39,0,0,55,2,57,22,0,22,79
11/06/2012,OCF,FL,ASO,ES,Federal Contract Tower,0,1,21,16,38,0,0,46,2,48,0,1,67,18,86,18,0,18,104
11/07/2012,OCF,FL,ASO,ES,Federal Contract Tower,0,3,26,15,44,0,0,53,2,55,0,3,79,17,99,16,0,16,115
11/08/2012,OCF,FL,ASO,ES,Federal Contract Tower,0,0,35,6,41,0,0,110,0,110,0,0,145,6,151,78,0,78,229
11/09/2012,OCF,FL,ASO,ES,Federal Contract Tower,0,5,41,4,50,0,0,92,0,92,0,5,133,4,142,42,0,42,184
11/10/2012,OCF,FL,ASO,ES,Federal Contract Tower,0,3,21,0,24,0,0,117,0,117,0,3,138,0,141,36,0,36,177
11/11/2012,OCF,FL,ASO,ES,Federal Contract Tower,0,4,37,0,41,0,0,81,0,81,0,4,118,0,122,16,0,16,138
11/12/2012,OCF,FL,ASO,ES,Federal Contract Tower,0,4,31,4,39,0,0,61,0,61,0,4,92,4,100,30,0,30,130
11/13/2012,OCF,FL,ASO,ES,Federal Contract Tower,0,0,48,8,56,0,0,70,0,70,0,0,118,8,126,46,0,46,172
11/14/2012,OCF,FL,ASO,ES,Federal Contract Tower,0,0,38,0,38,0,0,8,0,8,0,0,46,0,46,0,0,0,46
11/15/2012,OCF,FL,ASO,ES,Federal Contract Tower,0,2,44,4,50,0,0,0,0,0,0,2,44,4,50,0,0,0,50
11/16/2012,OCF,FL,ASO,ES,Federal Contract Tower,0,10,34,0,44,0,0,32,0,32,0,10,66,0,76,66,0,66,142
11/17/2012,OCF,FL,ASO,ES,Federal Contract Tower,0,0,30,0,30,0,0,26,0,26,0,0,56,0,56,4,0,4,60
11/18/2012,OCF,FL,ASO,ES,Federal Contract Tower,0,0,49,4,53,0,0,49,0,49,0,0,98,4,102,0,0,0,102
11/19/2012,OCF,FL,ASO,ES,Federal Contract Tower,0,4,62,0,66,0,0,12,0,12,0,4,74,0,78,30,0,30,108
11/20/2012,OCF,FL,ASO,ES,Federal Contract Tower,0,1,61,6,68,0,0,102,0,102,0,1,163,6,170,40,0,40,210
11/21/2012,OCF,FL,ASO,ES,Federal Contract Tower,0,2,20,0,22,0,0,126,0,126,0,2,146,0,148,32,0,32,180
11/22/2012,OCF,FL,ASO,ES,Federal Contract Tower,0,0,17,0,17,0,0,42,0,42,0,0,59,0,59,26,0,26,85
11/23/2012,OCF,FL,ASO,ES,Federal Contract Tower,0,0,15,0,15,0,0,105,0,105,0,0,120,0,120,48,0,48,168
11/24/2012,OCF,FL,ASO,ES,Federal Contract Tower,0,0,39,0,39,0,0,70,0,70,0,0,109,0,109,8,0,8,117
11/25/2012,OCF,FL,ASO,ES,Federal Contract Tower,0,1,24,0,25,0,0,107,0,107,0,1,131,0,132,64,0,64,196
11/26/2012,OCF,FL,ASO,ES,Federal Contract Tower,0,1,26,0,27,0,0,83,0,83,0,1,109,0,110,60,0,60,170
11/27/2012,OCF,FL,ASO,ES,Federal Contract Tower,0,0,23,0,23,0,0,80,0,80,0,0,103,0,103,40,0,40,143
11/28/2012,OCF,FL,ASO,ES,Federal Contract Tower,0,0,51,0,51,0,0,4,0,4,0,0,55,0,55,0,0,0,55
11/29/2012,OCF,FL,ASO,ES,Federal Contract Tower,0,2,59,0,61,0,0,95,0,95,0,2,154,0,156,32,0,32,188
11/30/2012,OCF,FL,ASO,ES,Federal Contract Tower,0,2,32,2,36,0,0,106,0,106,0,2,138,2,142,30,0,30,172
12/01/2012,OCF,FL,ASO,ES,Federal Contract Tower,0,0,41,0,41,0,0,84,0,84,0,0,125,0,125,50,0,50,175
12/02/2012,OCF,FL,ASO,ES,Federal Contract Tower,0,2,23,0,25,0,0,89,0,89,0,2,112,0,114,2,0,2,116
12/03/2012,OCF,FL,ASO,ES,Federal Contract Tower,0,2,37,0,39,0,0,72,0,72,0,2,109,0,111,64,0,64,175
12/04/2012,OCF,FL,ASO,ES,Federal Contract Tower,0,1,32,2,35,0,0,109,0,109,0,1,141,2,144,56,0,56,200
12/05/2012,OCF,FL,ASO,ES,Federal Contract Tower,0,2,50,4,56,0,0,88,0,88,0,2,138,4,144,52,0,52,196
12/06/2012,OCF,FL,ASO,ES,Federal Contract Tower,0,4,34,2,40,0,0,92,0,92,0,4,126,2,132,44,0,44,176
12/07/2012,OCF,FL,ASO,ES,Federal Contract Tower,0,2,26,12,40,0,0,36,0,36,0,2,62,12,76,30,0,30,106
12/08/2012,OCF,FL,ASO,ES,Federal Contract Tower,0,8,34,0,42,0,0,18,0,18,0,8,52,0,60,0,0,0,60
12/09/2012,OCF,FL,ASO,ES,Federal Contract Tower,0,6,21,0,27,0,0,42,0,42,0,6,63,0,69,6,0,6,75
12/10/2012,OCF,FL,ASO,ES,Federal Contract Tower,0,5,18,0,23,0,0,42,0,42,0,5,60,0,65,58,0,58,123
12/11/2012,OCF,FL,ASO,ES,Federal Contract Tower,0,1,37,5,43,0,0,34,1,35,0,1,71,6,78,32,0,32,110
12/12/2012,OCF,FL,ASO,ES,Federal Contract Tower,0,0,38,16,54,0,0,0,0,0,0,0,38,16,54,0,0,0,54
12/13/2012,OCF,FL,ASO,ES,Federal Contract Tower,0,2,58,6,66,0,0,2,0,2,0,2,60,6,68,0,0,0,68
12/14/2012,OCF,FL,ASO,ES,Federal Contract Tower,0,5,47,16,68,0,0,7,0,7,0,5,54,16,75,16,0,16,91
12/15/2012,OCF,FL,ASO,ES,Federal Contract Tower,0,5,27,0,32,0,0,84,0,84,0,5,111,0,116,12,0,12,128
12/16/2012,OCF,FL,ASO,ES,Federal Contract Tower,0,5,24,1,30,0,2,103,1,106,0,7,127,2,136,62,0,62,198
12/17/2012,OCF,FL,ASO,ES,Federal Contract Tower,0,3,26,0,29,0,1,87,0,88,0,4,113,0,117,12,0,12,129
12/18/2012,OCF,FL,ASO,ES,Federal Contract Tower,0,3,60,4,67,0,0,72,4,76,0,3,132,8,143,60,4,64,207
12/19/2012,OCF,FL,ASO,ES,Federal Contract Tower,0,1,42,5,48,0,0,145,0,145,0,1,187,5,193,57,0,57,250
12/20/2012,OCF,FL,ASO,ES,Federal Contract Tower,0,0,32,10,42,0,0,77,0,77,0,0,109,10,119,34,0,34,153
12/21/2012,OCF,FL,ASO,ES,Federal Contract Tower,0,2,27,0,29,0,0,76,0,76,0,2,103,0,105,10,0,10,115
12/22/2012,OCF,FL,ASO,ES,Federal Contract Tower,0,0,21,0,21,0,0,120,0,120,0,0,141,0,141,58,0,58,199
12/23/2012,OCF,FL,ASO,ES,Federal Contract Tower,0,2,15,0,17,0,0,109,0,109,0,2,124,0,126,50,0,50,176
12/24/2012,OCF,FL,ASO,ES,Federal Contract Tower,0,0,12,0,12,0,2,63,0,65,0,2,75,0,77,58,0,58,135
12/25/2012,OCF,FL,ASO,ES,Federal Contract Tower,0,8,4,0,12,0,0,18,0,18,0,8,22,0,30,0,0,0,30
12/26/2012,OCF,FL,ASO,ES,Federal Contract Tower,0,2,12,0,14,0,0,13,0,13,0,2,25,0,27,6,0,6,33
12/27/2012,OCF,FL,ASO,ES,Federal Contract Tower,0,4,32,0,36,0,0,111,0,111,0,4,143,0,147,62,0,62,209
12/28/2012,OCF,FL,ASO,ES,Federal Contract Tower,0,4,37,0,41,0,0,109,2,111,0,4,146,2,152,54,0,54,206
12/29/2012,OCF,FL,ASO,ES,Federal Contract Tower,0,2,36,0,38,0,0,36,0,36,0,2,72,0,74,12,0,12,86
12/30/2012,OCF,FL,ASO,ES,Federal Contract Tower,0,3,44,0,47,0,0,89,0,89,0,3,133,0,136,58,0,58,194
12/31/2012,OCF,FL,ASO,ES,Federal Contract Tower,0,2,6,0,8,0,0,83,0,83,0,2,89,0,91,22,0,22,113
01/01/2013,OCF,FL,ASO,ES,Federal Contract Tower,0,1,19,0,20,0,0,43,0,43,0,1,62,0,63,46,0,46,109
01/02/2013,OCF,FL,ASO,ES,Federal Contract Tower,0,2,18,0,20,0,2,59,0,61,0,4,77,0,81,14,0,14,95
01/03/2013,OCF,FL,ASO,ES,Federal Contract Tower,0,0,24,4,28,0,0,1,0,1,0,0,25,4,29,0,0,0,29
01/04/2013,OCF,FL,ASO,ES,Federal Contract Tower,0,2,61,2,65,0,0,23,0,23,0,2,84,2,88,72,0,72,160
01/05/2013,OCF,FL,ASO,ES,Federal Contract Tower,0,5,33,0,38,0,0,137,0,137,0,5,170,0,175,32,0,32,207
01/06/2013,OCF,FL,ASO,ES,Federal Contract Tower,0,0,41,0,41,0,0,24,0,24,0,0,65,0,65,10,0,10,75
01/07/2013,OCF,FL,ASO,ES,Federal Contract Tower,0,1,29,2,32,0,0,68,0,68,0,1,97,2,100,56,0,56,156
01/08/2013,OCF,FL,ASO,ES,Federal Contract Tower,0,4,42,0,46,0,0,71,0,71,0,4,113,0,117,58,0,58,175
01/09/2013,OCF,FL,ASO,ES,Federal Contract Tower,0,3,36,2,41,0,0,58,2,60,0,3,94,4,101,66,0,66,167
01/10/2013,OCF,FL,ASO,ES,Federal Contract Tower,0,1,30,2,33,0,0,41,0,41,0,1,71,2,74,32,0,32,106
01/11/2013,OCF,FL,ASO,ES,Federal Contract Tower,0,3,36,8,47,0,0,84,0,84,0,3,120,8,131,50,0,50,181
01/12/2013,OCF,FL,ASO,ES,Federal Contract Tower,0,2,29,4,35,0,0,128,0,128,0,2,157,4,163,30,0,30,193
01/13/2013,OCF,FL,ASO,ES,Federal Contract Tower,0,3,26,6,35,0,0,92,0,92,0,3,118,6,127,52,0,52,179
01/14/2013,OCF,FL,ASO,ES,Federal Contract Tower,0,0,23,4,27,0,0,87,0,87,0,0,110,4,114,24,4,28,142
01/15/2013,OCF,FL,ASO,ES,Federal Contract Tower,0,4,31,8,43,0,0,76,0,76,0,4,107,8,119,34,0,34,153
01/16/2013,OCF,FL,ASO,ES,Federal Contract Tower,0,0,28,0,28,0,0,98,0,98,0,0,126,0,126,20,0,20,146
01/17/2013,OCF,FL,ASO,ES,Federal Contract Tower,0,4,25,6,35,0,0,13,0,13,0,4,38,6,48,2,0,2,50
01/18/2013,OCF,FL,ASO,ES,Federal Contract Tower,0,7,36,0,43,0,0,33,2,35,0,7,69,2,78,18,0,18,96
01/19/2013,OCF,FL,ASO,ES,Federal Contract Tower,0,5,64,0,69,0,0,91,0,91,0,5,155,0,160,22,0,22,182
01/20/2013,OCF,FL,ASO,ES,Federal Contract Tower,0,3,64,0,67,0,0,74,0,74,0,3,138,0,141,14,0,14,155
01/21/2013,OCF,FL,ASO,ES,Federal Contract Tower,0,7,54,4,65,0,0,116,0,116,0,7,170,4,181,16,0,16,197
01/22/2013,OCF,FL,ASO,ES,Federal Contract Tower,0,4,66,0,70,0,0,103,0,103,0,4,169,0,173,40,0,40,213
01/23/2013,OCF,FL,ASO,ES,Federal Contract Tower,0,0,63,4,67,0,0,125,0,125,0,0,188,4,192,60,0,60,252
01/24/2013,OCF,FL,ASO,ES,Federal Contract Tower,0,6,38,0,44,0,0,113,0,113,0,6,151,0,157,52,0,52,209
01/25/2013,OCF,FL,ASO,ES,Federal Contract Tower,0,0,33,8,41,0,0,132,0,132,0,0,165,8,173,98,0,98,271
01/26/2013,OCF,FL,ASO,ES,Federal Contract Tower,0,5,17,0,22,0,0,93,0,93,0,5,110,0,115,32,0,32,147
01/27/2013,OCF,FL,ASO,ES,Federal Contract Tower,0,3,50,6,59,0,0,87,0,87,0,3,137,6,146,10,0,10,156
01/28/2013,OCF,FL,ASO,ES,Federal Contract Tower,0,5,36,3,44,0,0,69,1,70,0,5,105,4,114,60,8,68,182
01/29/2013,OCF,FL,ASO,ES,Federal Contract Tower,0,4,32,0,36,0,0,64,0,64,0,4,96,0,100,44,0,44,144
01/30/2013,OCF,FL,ASO,ES,Federal Contract Tower,0,0,25,4,29,0,0,67,0,67,0,0,92,4,96,28,0,28,124
01/31/2013,OCF,FL,ASO,ES,Federal Contract Tower,0,1,47,4,52,0,0,86,0,86,0,1,133,4,138,42,0,42,180
02/01/2013,OCF,FL,ASO,ES,Federal Contract Tower,0,6,43,4,53,0,0,99,0,99,0,6,142,4,152,78,0,78,230
02/02/2013,OCF,FL,ASO,ES,Federal Contract Tower,0,2,52,0,54,0,0,151,0,151,0,2,203,0,205,58,0,58,263
02/03/2013,OCF,FL,ASO,ES,Federal Contract Tower,0,8,47,4,59,0,0,128,0,128,0,8,175,4,187,52,0,52,239
02/04/2013,OCF,FL,ASO,ES,Federal Contract Tower,0,4,25,0,29,0,0,81,0,81,0,4,106,0,110,36,0,36,146
02/05/2013,OCF,FL,ASO,ES,Federal Contract Tower,0,2,35,0,37,0,0,109,0,109,0,2,144,0,146,44,0,44,190
02/06/2013,OCF,FL,ASO,ES,Federal Contract Tower,0,7,33,6,46,0,0,86,0,86,0,7,119,6,132,44,0,44,176
02/07/2013,OCF,FL,ASO,ES,Federal Contract Tower,0,13,27,0,40,0,0,36,0,36,0,13,63,0,76,54,0,54,130
02/08/2013,OCF,FL,ASO,ES,Federal Contract Tower,0,4,42,0,46,0,0,84,0,84,0,4,126,0,130,56,0,56,186
02/09/2013,OCF,FL,ASO,ES,Federal Contract Tower,0,7,36,0,43,0,0,140,0,140,0,7,176,0,183,27,0,27,210
02/10/2013,OCF,FL,ASO,ES,Federal Contract Tower,0,15,26,0,41,0,0,88,0,88,0,15,114,0,129,20,0,20,149
02/11/2013,OCF,FL,ASO,ES,Federal Contract Tower,0,3,25,2,30,0,0,84,0,84,0,3,109,2,114,20,0,20,134
02/12/2013,OCF,FL,ASO,ES,Federal Contract Tower,0,6,30,0,36,0,0,35,0,35,0,6,65,0,71,36,0,36,107
02/13/2013,OCF,FL,ASO,ES,Federal Contract Tower,0,0,26,0,26,0,0,4,0,4,0,0,30,0,30,0,0,0,30
02/14/2013,OCF,FL,ASO,ES,Federal Contract Tower,0,5,58,0,63,0,0,30,0,30,0,5,88,0,93,30,0,30,123
02/15/2013,OCF,FL,ASO,ES,Federal Contract Tower,0,4,59,12,75,0,1,127,0,128,0,5,186,12,203,36,0,36,239
02/16/2013,OCF,FL,ASO,ES,Federal Contract Tower,0,3,42,0,45,0,2,71,0,73,0,5,113,0,118,32,0,32,150
02/17/2013,OCF,FL,ASO,ES,Federal Contract Tower,0,7,49,0,56,0,0,102,0,102,0,7,151,0,158,42,0,42,200
02/18/2013,OCF,FL,ASO,ES,Federal Contract Tower,1,1,32,0,34,0,0,108,0,108,1,1,140,0,142,48,0,48,190
02/19/2013,OCF,FL,ASO,ES,Federal Contract Tower,2,4,8,0,14,0,0,74,0,74,2,4,82,0,88,36,0,36,124
02/20/2013,OCF,FL,ASO,ES,Federal Contract Tower,0,2,38,16,56,0,0,106,0,106,0,2,144,16,162,50,0,50,212
02/21/2013,OCF,FL,ASO,ES,Federal Contract Tower,0,3,30,1,34,0,2,99,1,102,0,5,129,2,136,80,2,82,218
02/22/2013,OCF,FL,ASO,ES,Federal Contract Tower,0,3,32,0,35,0,0,85,0,85,0,3,117,0,120,80,0,80,200
02/23/2013,OCF,FL,ASO,ES,Federal Contract Tower,0,6,18,0,24,0,0,32,0,32,0,6,50,0,56,18,0,18,74
02/24/2013,OCF,FL,ASO,ES,Federal Contract Tower,0,16,66,0,82,0,0,46,0,46,0,16,112,0,128,46,0,46,174
02/25/2013,OCF,FL,ASO,ES,Federal Contract Tower,0,2,32,2,36,0,0,51,0,51,0,2,83,2,87,54,0,54,141
02/26/2013,OCF,FL,ASO,ES,Federal Contract Tower,0,2,14,0,16,0,0,25,0,25,0,2,39,0,41,35,0,35,76
02/27/2013,OCF,FL,ASO,ES,Federal Contract Tower,0,4,41,4,49,0,0,103,0,103,0,4,144,4,152,84,0,84,236
02/28/2013,OCF,FL,ASO,ES,Federal Contract Tower,0,11,44,6,61,0,0,73,0,73,0,11,117,6,134,60,0,60,194
03/01/2013,OCF,FL,ASO,ES,Federal Contract Tower,0,5,46,0,51,0,0,130,0,130,0,5,176,0,181,94,0,94,275
03/02/2013,OCF,FL,ASO,ES,Federal Contract Tower,0,2,29,0,31,0,0,55,0,55,0,2,84,0,86,22,0,22,108
03/03/2013,OCF,FL,ASO,ES,Federal Contract Tower,0,9,50,0,59,0,0,62,0,62,0,9,112,0,121,20,0,20,141
03/04/2013,OCF,FL,ASO,ES,Federal Contract Tower,0,3,42,0,45,0,0,120,0,120,0,3,162,0,165,83,0,83,248
03/05/2013,OCF,FL,ASO,ES,Federal Contract Tower,0,0,22,2,24,0,0,69,2,71,0,0,91,4,95,40,0,40,135
03/06/2013,OCF,FL,ASO,ES,Federal Contract Tower,2,2,32,4,40,0,0,26,0,26,2,2,58,4,66,14,0,14,80
03/07/2013,OCF,FL,ASO,ES,Federal Contract Tower,0,6,46,1,53,0,0,91,0,91,0,6,137,1,144,74,0,74,218
03/08/2013,OCF,FL,ASO,ES,Federal Contract Tower,0,5,50,0,55,0,0,124,0,124,0,5,174,0,179,80,0,80,259
03/09/2013,OCF,FL,ASO,ES,Federal Contract Tower,0,12,45,0,57,0,0,111,0,111,0,12,156,0,168,12,0,12,180
03/10/2013,OCF,FL,ASO,ES,Federal Contract Tower,0,13,37,0,50,0,0,84,18,102,0,13,121,18,152,6,0,6,158
03/11/2013,OCF,FL,ASO,ES,Federal Contract Tower,0,7,33,0,40,0,0,83,0,83,0,7,116,0,123,48,0,48,171
03/12/2013,OCF,FL,ASO,ES,Federal Contract Tower,0,7,41,0,48,0,0,11,0,11,0,7,52,0,59,22,0,22,81
03/13/2013,OCF,FL,ASO,ES,Federal Contract Tower,0,6,39,0,45,0,0,121,0,121,0,6,160,0,166,70,0,70,236
03/14/2013,OCF,FL,ASO,ES,Federal Contract Tower,0,2,42,2,46,0,0,108,0,108,0,2,150,2,154,50,0,50,204
03/15/2013,OCF,FL,ASO,ES,Federal Contract Tower,1,2,57,0,60,0,0,107,0,107,1,2,164,0,167,86,0,86,253
03/16/2013,OCF,FL,ASO,ES,Federal Contract Tower,0,4,27,2,33,0,0,112,0,112,0,4,139,2,145,52,0,52,197
03/17/2013,OCF,FL,ASO,ES,Federal Contract Tower,0,5,28,0,33,0,0,87,0,87,0,5,115,0,120,38,0,38,158
03/18/2013,OCF,FL,ASO,ES,Federal Contract Tower,1,3,16,0,20,0,0,43,0,43,1,3,59,0,63,40,0,40,103
03/19/2013,OCF,FL,ASO,ES,Federal Contract Tower,0,5,26,0,31,0,0,42,0,42,0,5,68,0,73,28,0,28,101
03/20/2013,OCF,FL,ASO,ES,Federal Contract Tower,0,5,40,0,45,0,0,54,0,54,0,5,94,0,99,42,0,42,141
03/21/2013,OCF,FL,ASO,ES,Federal Contract Tower,0,5,69,0,74,0,1,111,0,112,0,6,180,0,186,72,0,72,258
03/22/2013,OCF,FL,ASO,ES,Federal Contract Tower,0,7,36,2,45,0,0,106,0,106,0,7,142,2,151,18,0,18,169
03/23/2013,OCF,FL,ASO,ES,Federal Contract Tower,0,6,30,0,36,0,0,19,6,25,0,6,49,6,61,2,0,2,63
03/24/2013,OCF,FL,ASO,ES,Federal Contract Tower,0,13,27,0,40,0,0,6,0,6,0,13,33,0,46,0,0,0,46
03/25/2013,OCF,FL,ASO,ES,Federal Contract Tower,0,3,62,0,65,0,1,55,0,56,0,4,117,0,121,16,0,16,137
03/26/2013,OCF,FL,ASO,ES,Federal Contract Tower,0,5,42,2,49,0,0,59,0,59,0,5,101,2,108,22,0,22,130
03/27/2013,OCF,FL,ASO,ES,Federal Contract Tower,0,1,43,8,52,0,0,127,0,127,0,1,170,8,179,46,0,46,225
03/28/2013,OCF,FL,ASO,ES,Federal Contract Tower,0,4,55,2,61,0,0,171,0,171,0,4,226,2,232,70,0,70,302
03/29/2013,OCF,FL,ASO,ES,Federal Contract Tower,0,5,56,0,61,0,0,107,2,109,0,5,163,2,170,54,0,54,224
03/30/2013,OCF,FL,ASO,ES,Federal Contract Tower,0,2,24,0,26,0,0,139,0,139,0,2,163,0,165,52,0,52,217
03/31/2013,OCF,FL,ASO,ES,Federal Contract Tower,0,3,22,0,25,0,0,51,0,51,0,3,73,0,76,6,0,6,82
04/01/2013,OCF,FL,ASO,ES,Federal Contract Tower,0,5,21,0,26,0,0,63,0,63,0,5,84,0,89,40,0,40,129
04/02/2013,OCF,FL,ASO,ES,Federal Contract Tower,0,1,44,2,47,0,0,114,2,116,0,1,158,4,163,80,0,80,243
04/03/2013,OCF,FL,ASO,ES,Federal Contract Tower,0,1,31,2,34,0,0,112,0,112,0,1,143,2,146,64,0,64,210
04/04/2013,OCF,FL,ASO,ES,Federal Contract Tower,0,4,11,2,17,0,1,27,0,28,0,5,38,2,45,86,0,86,131
04/05/2013,OCF,FL,ASO,ES,Federal Contract Tower,0,3,73,5,81,0,0,55,1,56,0,3,128,6,137,12,0,12,149
04/06/2013,OCF,FL,ASO,ES,Federal Contract Tower,0,2,34,2,38,0,0,113,0,113,0,2,147,2,151,12,0,12,163
04/07/2013,OCF,FL,ASO,ES,Federal Contract Tower,0,8,19,1,28,0,2,108,1,111,0,10,127,2,139,26,0,26,165
04/08/2013,OCF,FL,ASO,ES,Federal Contract Tower,0,0,33,0,33,0,0,94,0,94,0,0,127,0,127,68,0,68,195
04/09/2013,OCF,FL,ASO,ES,Federal Contract Tower,2,2,35,6,45,0,0,136,0,136,2,2,171,6,181,44,0,44,225
04/10/2013,OCF,FL,ASO,ES,Federal Contract Tower,0,1,50,0,51,0,2,156,0,158,0,3,206,0,209,72,0,72,281
04/11/2013,OCF,FL,ASO,ES,Federal Contract Tower,0,2,24,1,27,0,0,63,1,64,0,2,87,2,91,90,0,90,181
04/12/2013,OCF,FL,ASO,ES,Federal Contract Tower,0,3,36,2,41,0,0,29,0,29,0,3,65,2,70,8,0,8,78
04/13/2013,OCF,FL,ASO,ES,Federal Contract Tower,0,2,22,0,24,0,0,82,0,82,0,2,104,0,106,28,0,28,134
04/14/2013,OCF,FL,ASO,ES,Federal Contract Tower,0,2,28,0,30,0,0,62,0,62,0,2,90,0,92,2,0,2,94
04/15/2013,OCF,FL,ASO,ES,Federal Contract Tower,0,2,23,0,25,0,0,134,0,134,0,2,157,0,159,36,0,36,195
04/16/2013,OCF,FL,ASO,ES,Federal Contract Tower,0,2,29,0,31,0,0,82,0,82,0,2,111,0,113,48,0,48,161
04/17/2013,OCF,FL,ASO,ES,Federal Contract Tower,0,2,56,2,60,0,0,66,0,66,0,2,122,2,126,48,0,48,174
04/18/2013,OCF,FL,ASO,ES,Federal Contract Tower,0,2,47,2,51,0,0,110,0,110,0,2,157,2,161,65,0,65,226
04/19/2013,OCF,FL,ASO,ES,Federal Contract Tower,0,6,22,0,28,0,0,58,0,58,0,6,80,0,86,26,0,26,112
04/20/2013,OCF,FL,ASO,ES,Federal Contract Tower,0,3,32,2,37,0,0,3,0,3,0,3,35,2,40,0,0,0,40
04/21/2013,OCF,FL,ASO,ES,Federal Contract Tower,0,6,46,0,52,0,0,34,0,34,0,6,80,0,86,14,0,14,100
04/22/2013,OCF,FL,ASO,ES,Federal Contract Tower,0,5,57,2,64,0,0,3,0,3,0,5,60,2,67,8,0,8,75
04/23/2013,OCF,FL,ASO,ES,Federal Contract Tower,1,12,43,10,66,0,0,137,0,137,1,12,180,10,203,76,0,76,279
04/24/2013,OCF,FL,ASO,ES,Federal Contract Tower,1,1,52,0,54,0,0,124,0,124,1,1,176,0,178,72,0,72,250
04/25/2013,OCF,FL,ASO,ES,Federal Contract Tower,1,4,30,0,35,0,0,113,0,113,1,4,143,0,148,40,0,40,188
04/26/2013,OCF,FL,ASO,ES,Federal Contract Tower,1,1,51,6,59,0,1,116,1,118,1,2,167,7,177,12,0,12,189
04/27/2013,OCF,FL,ASO,ES,Federal Contract Tower,0,0,33,2,35,0,0,114,0,114,0,0,147,2,149,2,0,2,151
04/28/2013,OCF,FL,ASO,ES,Federal Contract Tower,0,1,39,5,45,0,0,64,0,64,0,1,103,5,109,4,2,6,115
04/29/2013,OCF,FL,ASO,ES,Federal Contract Tower,2,5,10,2,19,0,0,77,0,77,2,5,87,2,96,28,0,28,124
04/30/2013,OCF,FL,ASO,ES,Federal Contract Tower,0,3,37,0,40,0,0,70,2,72,0,3,107,2,112,56,4,60,172
05/01/2013,OCF,FL,ASO,ES,Federal Contract Tower,2,0,52,0,54,0,0,26,2,28,2,0,78,2,82,0,0,0,82
05/02/2013,OCF,FL,ASO,ES,Federal Contract Tower,0,0,34,0,34,0,0,3,0,3,0,0,37,0,37,10,0,10,47
05/03/2013,OCF,FL,ASO,ES,Federal Contract Tower,0,0,34,0,34,0,0,11,0,11,0,0,45,0,45,0,0,0,45
05/04/2013,OCF,FL,ASO,ES,Federal Contract Tower,0,3,26,0,29,0,0,31,0,31,0,3,57,0,60,14,0,14,74
05/05/2013,OCF,FL,ASO,ES,Federal Contract Tower,0,2,39,0,41,0,0,87,0,87,0,2,126,0,128,22,0,22,150
05/06/2013,OCF,FL,ASO,ES,Federal Contract Tower,0,3,37,0,40,0,0,110,0,110,0,3,147,0,150,38,0,38,188
05/07/2013,OCF,FL,ASO,ES,Federal Contract Tower,0,6,17,4,27,0,0,108,0,108,0,6,125,4,135,52,0,52,187
05/08/2013,OCF,FL,ASO,ES,Federal Contract Tower,0,2,47,6,55,0,0,150,0,150,0,2,197,6,205,72,0,72,277
05/09/2013,OCF,FL,ASO,ES,Federal Contract Tower,0,1,26,0,27,0,2,95,2,99,0,3,121,2,126,55,0,55,181
05/10/2013,OCF,FL,ASO,ES,Federal Contract Tower,0,0,15,2,17,0,0,115,0,115,0,0,130,2,132,53,0,53,185
05/11/2013,OCF,FL,ASO,ES,Federal Contract Tower,0,4,11,0,15,0,0,83,0,83,0,4,94,0,98,34,0,34,132
05/12/2013,OCF,FL,ASO,ES,Federal Contract Tower,0,0,19,0,19,0,0,85,0,85,0,0,104,0,104,16,0,16,120
05/13/2013,OCF,FL,ASO,ES,Federal Contract Tower,0,4,31,8,43,0,0,97,0,97,0,4,128,8,140,70,0,70,210
05/14/2013,OCF,FL,ASO,ES,Federal Contract Tower,2,0,38,4,44,0,0,106,0,106,2,0,144,4,150,59,0,59,209
05/15/2013,OCF,FL,ASO,ES,Federal Contract Tower,0,2,30,2,34,0,0,138,0,138,0,2,168,2,172,64,0,64,236
05/16/2013,OCF,FL,ASO,ES,Federal Contract Tower,0,0,16,0,16,0,0,132,0,132,0,0,148,0,148,60,0,60,208
05/17/2013,OCF,FL,ASO,ES,Federal Contract Tower,0,1,23,6,30,0,0,88,0,88,0,1,111,6,118,26,0,26,144
05/18/2013,OCF,FL,ASO,ES,Federal Contract Tower,0,0,20,2,22,0,9,106,0,115,0,9,126,2,137,4,0,4,141
05/19/2013,OCF,FL,ASO,ES,Federal Contract Tower,0,2,25,2,29,0,0,68,0,68,0,2,93,2,97,26,0,26,123
05/20/2013,OCF,FL,ASO,ES,Federal Contract Tower,0,1,22,2,25,0,0,76,0,76,0,1,98,2,101,62,0,62,163
05/21/2013,OCF,FL,ASO,ES,Federal Contract Tower,0,1,31,4,36,0,0,39,0,39,0,1,70,4,75,44,0,44,119
05/22/2013,OCF,FL,ASO,ES,Federal Contract Tower,0,0,16,16,32,0,0,50,2,52,0,0,66,18,84,27,22,49,133
05/23/2013,OCF,FL,ASO,ES,Federal Contract Tower,1,1,53,0,55,0,0,97,0,97,1,1,150,0,152,78,0,78,230
05/24/2013,OCF,FL,ASO,ES,Federal Contract Tower,0,4,52,4,60,0,2,92,0,94,0,6,144,4,154,36,0,36,190
05/25/2013,OCF,FL,ASO,ES,Federal Contract Tower,0,2,53,0,55,0,0,95,0,95,0,2,148,0,150,24,0,24,174
05/26/2013,OCF,FL,ASO,ES,Federal Contract Tower,0,2,18,0,20,0,0,83,0,83,0,2,101,0,103,42,0,42,145
05/27/2013,OCF,FL,ASO,ES,Federal Contract Tower,0,1,25,2,28,0,0,80,0,80,0,1,105,2,108,42,0,42,150
05/28/2013,OCF,FL,ASO,ES,Federal Contract Tower,0,2,29,0,31,0,0,94,0,94,0,2,123,0,125,74,0,74,199
05/29/2013,OCF,FL,ASO,ES,Federal Contract Tower,2,2,35,0,39,0,0,56,0,56,2,2,91,0,95,94,0,94,189
05/30/2013,OCF,FL,ASO,ES,Federal Contract Tower,0,2,11,4,17,0,0,62,0,62,0,2,73,4,79,26,0,26,105
05/31/2013,OCF,FL,ASO,ES,Federal Contract Tower,0,4,22,0,26,0,0,65,0,65,0,4,87,0,91,64,0,64,155
06/01/2013,OCF,FL,ASO,ES,Federal Contract Tower,0,2,26,0,28,0,0,91,0,91,0,2,117,0,119,18,0,18,137
06/02/2013,OCF,FL,ASO,ES,Federal Contract Tower,0,1,31,0,32,0,0,34,0,34,0,1,65,0,66,26,0,26,92
06/03/2013,OCF,FL,ASO,ES,Federal Contract Tower,0,2,18,0,20,0,0,45,0,45,0,2,63,0,65,24,0,24,89
06/04/2013,OCF,FL,ASO,ES,Federal Contract Tower,0,1,14,0,15,0,0,37,0,37,0,1,51,0,52,53,0,53,105
06/05/2013,OCF,FL,ASO,ES,Federal Contract Tower,0,1,25,2,28,0,2,52,2,56,0,3,77,4,84,42,4,46,130
06/06/2013,OCF,FL,ASO,ES,Federal Contract Tower,0,3,0,0,3,0,0,0,0,0,0,3,0,0,3,6,0,6,9
06/07/2013,OCF,FL,ASO,ES,Federal Contract Tower,0,3,28,0,31,0,0,54,0,54,0,3,82,0,85,44,0,44,129
06/08/2013,OCF,FL,ASO,ES,Federal Contract Tower,0,0,30,0,30,0,0,90,0,90,0,0,120,0,120,12,0,12,132
06/09/2013,OCF,FL,ASO,ES,Federal Contract Tower,0,4,9,0,13,0,0,56,0,56,0,4,65,0,69,24,0,24,93
06/10/2013,OCF,FL,ASO,ES,Federal Contract Tower,0,5,27,2,34,0,1,46,0,47,0,6,73,2,81,72,0,72,153
06/11/2013,OCF,FL,ASO,ES,Federal Contract Tower,0,0,22,0,22,0,0,106,0,106,0,0,128,0,128,96,0,96,224
06/12/2013,OCF,FL,ASO,ES,Federal Contract Tower,0,4,31,2,37,0,0,147,0,147,0,4,178,2,184,86,0,86,270
06/13/2013,OCF,FL,ASO,ES,Federal Contract Tower,0,0,28,0,28,0,0,133,0,133,0,0,161,0,161,78,0,78,239
06/14/2013,OCF,FL,ASO,ES,Federal Contract Tower,0,3,30,4,37,0,0,105,0,105,0,3,135,4,142,82,0,82,224
06/15/2013,OCF,FL,ASO,ES,Federal Contract Tower,0,2,25,0,27,0,0,63,0,63,0,2,88,0,90,12,0,12,102
06/16/2013,OCF,FL,ASO,ES,Federal Contract Tower,0,4,22,0,26,0,0,37,0,37,0,4,59,0,63,14,0,14,77
06/17/2013,OCF,FL,ASO,ES,Federal Contract Tower,2,0,37,0,39,0,0,73,0,73,2,0,110,0,112,41,0,41,153
06/18/2013,OCF,FL,ASO,ES,Federal Contract Tower,0,1,38,4,43,0,0,63,0,63,0,1,101,4,106,54,2,56,162
06/19/2013,OCF,FL,ASO,ES,Federal Contract Tower,1,7,32,6,46,0,0,66,0,66,1,7,98,6,112,54,0,54,166
06/20/2013,OCF,FL,ASO,ES,Federal Contract Tower,2,0,35,0,37,0,0,76,0,76,2,0,111,0,113,36,0,36,149
06/21/2013,OCF,FL,ASO,ES,Federal Contract Tower,0,3,52,0,55,0,0,39,0,39,0,3,91,0,94,30,0,30,124
06/22/2013,OCF,FL,ASO,ES,Federal Contract Tower,0,0,24,0,24,0,0,58,0,58,0,0,82,0,82,8,0,8,90
06/23/2013,OCF,FL,ASO,ES,Federal Contract Tower,0,2,29,0,31,0,0,71,0,71,0,2,100,0,102,6,0,6,108
06/24/2013,OCF,FL,ASO,ES,Federal Contract Tower,0,2,19,2,23,0,0,86,0,86,0,2,105,2,109,32,0,32,141
06/25/2013,OCF,FL,ASO,ES,Federal Contract Tower,0,0,24,0,24,0,0,96,3,99,0,0,120,3,123,68,12,80,203
06/26/2013,OCF,FL,ASO,ES,Federal Contract Tower,0,3,33,0,36,0,0,65,0,65,0,3,98,0,101,40,0,40,141
06/27/2013,OCF,FL,ASO,ES,Federal Contract Tower,0,0,15,0,15,0,0,54,0,54,0,0,69,0,69,6,0,6,75
06/28/2013,OCF,FL,ASO,ES,Federal Contract Tower,0,0,17,2,19,0,0,58,0,58,0,0,75,2,77,30,0,30,107
06/29/2013,OCF,FL,ASO,ES,Federal Contract Tower,0,2,27,0,29,0,1,84,0,85,0,3,111,0,114,19,0,19,133
06/30/2013,OCF,FL,ASO,ES,Federal Contract Tower,0,0,21,0,21,0,0,30,0,30,0,0,51,0,51,8,0,8,59
07/01/2013,OCF,FL,ASO,ES,Federal Contract Tower,0,0,14,0,14,0,3,30,0,33,0,3,44,0,47,26,0,26,73
07/02/2013,OCF,FL,ASO,ES,Federal Contract Tower,0,3,21,0,24,0,0,20,0,20,0,3,41,0,44,38,0,38,82
07/03/2013,OCF,FL,ASO,ES,Federal Contract Tower,0,1,35,2,38,0,0,64,0,64,0,1,99,2,102,26,0,26,128
07/04/2013,OCF,FL,ASO,ES,Federal Contract Tower,0,0,23,0,23,0,0,40,0,40,0,0,63,0,63,58,0,58,121
07/05/2013,OCF,FL,ASO,ES,Federal Contract Tower,0,0,12,1,13,0,0,62,0,62,0,0,74,1,75,10,0,10,85
07/06/2013,OCF,FL,ASO,ES,Federal Contract Tower,0,3,31,0,34,0,2,87,0,89,0,5,118,0,123,44,0,44,167
07/07/2013,OCF,FL,ASO,ES,Federal Contract Tower,0,0,33,0,33,0,0,49,0,49,0,0,82,0,82,32,0,32,114
07/08/2013,OCF,FL,ASO,ES,Federal Contract Tower,0,1,54,0,55,0,0,88,2,90,0,1,142,2,145,60,0,60,205
07/09/2013,OCF,FL,ASO,ES,Federal Contract Tower,0,2,42,0,44,0,0,92,0,92,0,2,134,0,136,12,0,12,148
07/10/2013,OCF,FL,ASO,ES,Federal Contract Tower,0,0,23,0,23,0,0,66,0,66,0,0,89,0,89,64,0,64,153
07/11/2013,OCF,FL,ASO,ES,Federal Contract Tower,0,0,0,20,20,0,0,73,0,73,0,0,73,20,93,42,0,42,135
07/12/2013,OCF,FL,ASO,ES,Federal Contract Tower,0,0,0,0,0,0,0,0,0,0,0,0,0,0,0,0,0,0,0
07/13/2013,OCF,FL,ASO,ES,Federal Contract Tower,0,1,26,0,27,0,0,69,0,69,0,1,95,0,96,26,0,26,122
07/14/2013,OCF,FL,ASO,ES,Federal Contract Tower,0,1,24,0,25,0,0,56,0,56,0,1,80,0,81,17,0,17,98
07/15/2013,OCF,FL,ASO,ES,Federal Contract Tower,0,1,20,0,21,0,0,23,0,23,0,1,43,0,44,12,0,12,56
07/16/2013,OCF,FL,ASO,ES,Federal Contract Tower,0,1,26,1,28,0,0,64,0,64,0,1,90,1,92,43,2,45,137
07/17/2013,OCF,FL,ASO,ES,Federal Contract Tower,0,4,38,0,42,0,0,84,0,84,0,4,122,0,126,30,0,30,156
07/18/2013,OCF,FL,ASO,ES,Federal Contract Tower,0,0,0,0,0,0,0,0,0,0,0,0,0,0,0,0,0,0,0
07/19/2013,OCF,FL,ASO,ES,Federal Contract Tower,0,4,17,0,21,0,0,82,0,82,0,4,99,0,103,36,0,36,139
07/20/2013,OCF,FL,ASO,ES,Federal Contract Tower,0,2,24,0,26,0,0,33,0,33,0,2,57,0,59,12,0,12,71
07/21/2013,OCF,FL,ASO,ES,Federal Contract Tower,0,0,42,0,42,0,0,63,0,63,0,0,105,0,105,16,0,16,121
07/22/2013,OCF,FL,ASO,ES,Federal Contract Tower,0,0,21,0,21,0,0,47,0,47,0,0,68,0,68,48,0,48,116
07/23/2013,OCF,FL,ASO,ES,Federal Contract Tower,1,2,9,0,12,0,0,14,0,14,1,2,23,0,26,4,0,4,30
07/24/2013,OCF,FL,ASO,ES,Federal Contract Tower,1,0,26,0,27,0,0,32,0,32,1,0,58,0,59,12,0,12,71
07/25/2013,OCF,FL,ASO,ES,Federal Contract Tower,2,34,0,0,36,0,0,42,0,42,2,34,42,0,78,58,0,58,136
07/26/2013,OCF,FL,ASO,ES,Federal Contract Tower,0,0,48,0,48,0,0,79,0,79,0,0,127,0,127,62,0,62,189
07/27/2013,OCF,FL,ASO,ES,Federal Contract Tower,0,0,33,0,33,0,0,83,0,83,0,0,116,0,116,52,0,52,168
07/28/2013,OCF,FL,ASO,ES,Federal Contract Tower,0,0,12,0,12,0,0,39,0,39,0,0,51,0,51,18,0,18,69
07/29/2013,OCF,FL,ASO,ES,Federal Contract Tower,0,1,27,1,29,0,1,52,0,53,0,2,79,1,82,32,0,32,114
07/30/2013,OCF,FL,ASO,ES,Federal Contract Tower,0,3,34,2,39,0,0,66,0,66,0,3,100,2,105,34,0,34,139
07/31/2013,OCF,FL,ASO,ES,Federal Contract Tower,0,0,16,2,18,0,0,70,2,72,0,0,86,4,90,26,0,26,116
08/01/2013,OCF,FL,ASO,ES,Federal Contract Tower,0,2,15,0,17,0,0,59,0,59,0,2,74,0,76,20,0,20,96
08/02/2013,OCF,FL,ASO,ES,Federal Contract Tower,0,4,19,2,25,0,0,86,0,86,0,4,105,2,111,28,0,28,139
08/03/2013,OCF,FL,ASO,ES,Federal Contract Tower,0,2,25,0,27,0,0,46,0,46,0,2,71,0,73,28,0,28,101
08/04/2013,OCF,FL,ASO,ES,Federal Contract Tower,0,1,13,0,14,0,0,61,0,61,0,1,74,0,75,10,0,10,85
08/05/2013,OCF,FL,ASO,ES,Federal Contract Tower,0,1,31,0,32,0,0,27,0,27,0,1,58,0,59,14,0,14,73
08/06/2013,OCF,FL,ASO,ES,Federal Contract Tower,0,0,21,0,21,0,0,54,0,54,0,0,75,0,75,34,0,34,109
08/07/2013,OCF,FL,ASO,ES,Federal Contract Tower,0,0,51,2,53,0,0,74,0,74,0,0,125,2,127,16,0,16,143
08/08/2013,OCF,FL,ASO,ES,Federal Contract Tower,0,0,37,0,37,0,0,80,0,80,0,0,117,0,117,48,0,48,165
08/09/2013,OCF,FL,ASO,ES,Federal Contract Tower,0,2,34,0,36,0,0,69,0,69,0,2,103,0,105,12,0,12,117
08/10/2013,OCF,FL,ASO,ES,Federal Contract Tower,0,0,17,0,17,0,0,94,2,96,0,0,111,2,113,34,0,34,147
08/11/2013,OCF,FL,ASO,ES,Federal Contract Tower,0,0,23,0,23,0,0,101,0,101,0,0,124,0,124,28,0,28,152
08/12/2013,OCF,FL,ASO,ES,Federal Contract Tower,0,0,24,2,26,0,0,46,0,46,0,0,70,2,72,26,0,26,98
08/13/2013,OCF,FL,ASO,ES,Federal Contract Tower,0,2,13,2,17,0,0,101,0,101,0,2,114,2,118,40,6,46,164
08/14/2013,OCF,FL,ASO,ES,Federal Contract Tower,0,0,13,0,13,0,2,98,0,100,0,2,111,0,113,36,1,37,150
08/15/2013,OCF,FL,ASO,ES,Federal Contract Tower,0,2,23,2,27,0,2,98,0,100,0,4,121,2,127,34,0,34,161
08/16/2013,OCF,FL,ASO,ES,Federal Contract Tower,0,1,18,2,21,0,0,57,0,57,0,1,75,2,78,38,0,38,116
08/17/2013,OCF,FL,ASO,ES,Federal Contract Tower,0,1,18,0,19,0,1,33,0,34,0,2,51,0,53,46,0,46,99
08/18/2013,OCF,FL,ASO,ES,Federal Contract Tower,0,3,25,4,32,0,2,60,0,62,0,5,85,4,94,16,4,20,114
08/19/2013,OCF,FL,ASO,ES,Federal Contract Tower,0,2,38,0,40,0,0,44,0,44,0,2,82,0,84,30,0,30,114
08/20/2013,OCF,FL,ASO,ES,Federal Contract Tower,0,0,33,0,33,0,0,76,0,76,0,0,109,0,109,22,0,22,131
08/21/2013,OCF,FL,ASO,ES,Federal Contract Tower,0,0,32,0,32,0,0,61,0,61,0,0,93,0,93,22,0,22,115
08/22/2013,OCF,FL,ASO,ES,Federal Contract Tower,0,1,24,4,29,0,0,57,0,57,0,1,81,4,86,30,0,30,116
08/23/2013,OCF,FL,ASO,ES,Federal Contract Tower,0,0,26,0,26,0,0,22,0,22,0,0,48,0,48,4,0,4,52
08/24/2013,OCF,FL,ASO,ES,Federal Contract Tower,0,0,32,0,32,0,0,37,0,37,0,0,69,0,69,8,0,8,77
08/25/2013,OCF,FL,ASO,ES,Federal Contract Tower,0,0,43,0,43,0,2,39,0,41,0,2,82,0,84,2,0,2,86
08/26/2013,OCF,FL,ASO,ES,Federal Contract Tower,0,0,66,2,68,0,0,60,0,60,0,0,126,2,128,32,0,32,160
08/27/2013,OCF,FL,ASO,ES,Federal Contract Tower,0,3,41,2,46,0,2,124,0,126,0,5,165,2,172,64,4,68,240
08/28/2013,OCF,FL,ASO,ES,Federal Contract Tower,0,4,12,2,18,0,2,26,0,28,0,6,38,2,46,0,0,0,46
08/29/2013,OCF,FL,ASO,ES,Federal Contract Tower,0,4,36,0,40,0,4,112,0,116,0,8,148,0,156,30,0,30,186
08/30/2013,OCF,FL,ASO,ES,Federal Contract Tower,0,4,49,0,53,0,1,61,0,62,0,5,110,0,115,64,0,64,179
08/31/2013,OCF,FL,ASO,ES,Federal Contract Tower,0,0,9,0,9,0,2,56,0,58,0,2,65,0,67,6,0,6,73
09/01/2013,OCF,FL,ASO,ES,Federal Contract Tower,0,0,32,0,32,0,0,59,0,59,0,0,91,0,91,2,0,2,93
09/02/2013,OCF,FL,ASO,ES,Federal Contract Tower,0,1,40,1,42,0,0,54,0,54,0,1,94,1,96,29,0,29,125
09/03/2013,OCF,FL,ASO,ES,Federal Contract Tower,0,2,35,0,37,0,2,50,2,54,0,4,85,2,91,46,8,54,145
09/04/2013,OCF,FL,ASO,ES,Federal Contract Tower,0,0,30,2,32,0,0,75,0,75,0,0,105,2,107,22,0,22,129
09/05/2013,OCF,FL,ASO,ES,Federal Contract Tower,0,4,31,0,35,0,0,110,0,110,0,4,141,0,145,46,0,46,191
09/06/2013,OCF,FL,ASO,ES,Federal Contract Tower,0,0,20,2,22,0,0,75,0,75,0,0,95,2,97,14,0,14,111
09/07/2013,OCF,FL,ASO,ES,Federal Contract Tower,0,0,39,0,39,0,0,147,0,147,0,0,186,0,186,20,0,20,206
09/08/2013,OCF,FL,ASO,ES,Federal Contract Tower,0,3,48,0,51,0,0,71,0,71,0,3,119,0,122,32,0,32,154
09/09/2013,OCF,FL,ASO,ES,Federal Contract Tower,0,1,50,6,57,0,1,72,0,73,0,2,122,6,130,28,0,28,158
09/10/2013,OCF,FL,ASO,ES,Federal Contract Tower,0,2,24,1,27,0,0,93,0,93,0,2,117,1,120,8,0,8,128
09/11/2013,OCF,FL,ASO,ES,Federal Contract Tower,0,0,56,0,56,0,2,146,0,148,0,2,202,0,204,42,0,42,246
09/12/2013,OCF,FL,ASO,ES,Federal Contract Tower,0,0,28,0,28,0,0,83,0,83,0,0,111,0,111,20,0,20,131
09/13/2013,OCF,FL,ASO,ES,Federal Contract Tower,0,5,37,0,42,0,0,101,0,101,0,5,138,0,143,42,0,42,185
09/14/2013,OCF,FL,ASO,ES,Federal Contract Tower,2,1,28,4,35,0,0,75,1,76,2,1,103,5,111,14,6,20,131
09/15/2013,OCF,FL,ASO,ES,Federal Contract Tower,0,4,27,4,35,0,0,68,0,68,0,4,95,4,103,8,0,8,111
09/16/2013,OCF,FL,ASO,ES,Federal Contract Tower,0,0,43,0,43,0,0,73,0,73,0,0,116,0,116,36,0,36,152
09/17/2013,OCF,FL,ASO,ES,Federal Contract Tower,0,2,69,0,71,0,0,78,0,78,0,2,147,0,149,16,0,16,165
09/18/2013,OCF,FL,ASO,ES,Federal Contract Tower,0,2,36,4,42,0,0,42,0,42,0,2,78,4,84,26,0,26,110
09/19/2013,OCF,FL,ASO,ES,Federal Contract Tower,0,5,44,2,51,0,0,94,0,94,0,5,138,2,145,10,0,10,155
09/20/2013,OCF,FL,ASO,ES,Federal Contract Tower,2,1,34,4,41,0,0,89,0,89,2,1,123,4,130,32,0,32,162
09/21/2013,OCF,FL,ASO,ES,Federal Contract Tower,0,2,31,0,33,0,0,96,0,96,0,2,127,0,129,28,0,28,157
09/22/2013,OCF,FL,ASO,ES,Federal Contract Tower,0,1,26,2,29,0,0,22,0,22,0,1,48,2,51,4,0,4,55
09/23/2013,OCF,FL,ASO,ES,Federal Contract Tower,0,0,21,0,21,0,0,7,0,7,0,0,28,0,28,14,0,14,42
09/24/2013,OCF,FL,ASO,ES,Federal Contract Tower,0,0,27,0,27,0,0,9,0,9,0,0,36,0,36,10,0,10,46
09/25/2013,OCF,FL,ASO,ES,Federal Contract Tower,0,1,23,4,28,0,1,29,0,30,0,2,52,4,58,40,0,40,98
09/26/2013,OCF,FL,ASO,ES,Federal Contract Tower,0,4,52,0,56,0,0,70,0,70,0,4,122,0,126,20,0,20,146
09/27/2013,OCF,FL,ASO,ES,Federal Contract Tower,0,0,44,5,49,0,0,60,1,61,0,0,104,6,110,102,6,108,218
09/28/2013,OCF,FL,ASO,ES,Federal Contract Tower,0,1,21,0,22,0,0,40,0,40,0,1,61,0,62,32,0,32,94
09/29/2013,OCF,FL,ASO,ES,Federal Contract Tower,0,1,31,0,32,0,0,65,3,68,0,1,96,3,100,18,0,18,118
09/30/2013,OCF,FL,ASO,ES,Federal Contract Tower,0,0,48,0,48,0,0,98,0,98,0,0,146,0,146,55,0,55,201
10/01/2013,OCF,FL,ASO,ES,Federal Contract Tower,0,2,62,0,64,0,0,118,0,118,0,2,180,0,182,40,0,40,222
10/02/2013,OCF,FL,ASO,ES,Federal Contract Tower,0,2,42,0,44,0,0,108,0,108,0,2,150,0,152,48,0,48,200
10/03/2013,OCF,FL,ASO,ES,Federal Contract Tower,0,0,51,0,51,0,0,97,0,97,0,0,148,0,148,26,0,26,174
10/04/2013,OCF,FL,ASO,ES,Federal Contract Tower,2,2,29,0,33,0,3,57,0,60,2,5,86,0,93,30,0,30,123
10/05/2013,OCF,FL,ASO,ES,Federal Contract Tower,0,3,51,0,54,0,2,75,0,77,0,5,126,0,131,40,0,40,171
10/06/2013,OCF,FL,ASO,ES,Federal Contract Tower,0,2,36,0,38,0,2,44,0,46,0,4,80,0,84,14,0,14,98
10/07/2013,OCF,FL,ASO,ES,Federal Contract Tower,0,3,19,0,22,0,3,14,0,17,0,6,33,0,39,0,0,0,39
10/08/2013,OCF,FL,ASO,ES,Federal Contract Tower,0,6,37,4,47,0,0,30,0,30,0,6,67,4,77,10,0,10,87
10/09/2013,OCF,FL,ASO,ES,Federal Contract Tower,0,2,48,0,50,0,0,31,0,31,0,2,79,0,81,26,0,26,107
10/10/2013,OCF,FL,ASO,ES,Federal Contract Tower,0,0,40,0,40,0,2,88,0,90,0,2,128,0,130,32,0,32,162
10/11/2013,OCF,FL,ASO,ES,Federal Contract Tower,0,4,34,0,38,0,0,71,0,71,0,4,105,0,109,34,0,34,143
10/12/2013,OCF,FL,ASO,ES,Federal Contract Tower,0,2,36,0,38,0,1,91,0,92,0,3,127,0,130,39,0,39,169
10/13/2013,OCF,FL,ASO,ES,Federal Contract Tower,0,4,23,0,27,0,0,80,0,80,0,4,103,0,107,28,0,28,135
10/14/2013,OCF,FL,ASO,ES,Federal Contract Tower,0,1,19,0,20,0,2,71,0,73,0,3,90,0,93,20,0,20,113
10/15/2013,OCF,FL,ASO,ES,Federal Contract Tower,0,1,63,0,64,0,0,6,0,6,0,1,69,0,70,0,0,0,70
10/16/2013,OCF,FL,ASO,ES,Federal Contract Tower,1,59,2,0,62,0,0,77,0,77,1,59,79,0,139,34,0,34,173
10/17/2013,OCF,FL,ASO,ES,Federal Contract Tower,0,3,39,0,42,0,0,73,0,73,0,3,112,0,115,34,0,34,149
10/18/2013,OCF,FL,ASO,ES,Federal Contract Tower,0,0,29,0,29,0,0,100,0,100,0,0,129,0,129,0,60,60,189
10/19/2013,OCF,FL,ASO,ES,Federal Contract Tower,0,0,21,0,21,0,0,70,0,70,0,0,91,0,91,12,0,12,103
10/20/2013,OCF,FL,ASO,ES,Federal Contract Tower,0,1,29,4,34,0,0,29,0,29,0,1,58,4,63,6,0,6,69
10/21/2013,OCF,FL,ASO,ES,Federal Contract Tower,0,4,44,6,54,0,0,35,0,35,0,4,79,6,89,14,0,14,103
10/22/2013,OCF,FL,ASO,ES,Federal Contract Tower,0,2,41,0,43,0,0,21,0,21,0,2,62,0,64,14,0,14,78
10/23/2013,OCF,FL,ASO,ES,Federal Contract Tower,0,1,54,0,55,0,0,65,0,65,0,1,119,0,120,24,0,24,144
10/24/2013,OCF,FL,ASO,ES,Federal Contract Tower,0,0,35,1,36,0,0,102,0,102,0,0,137,1,138,50,6,56,194
10/25/2013,OCF,FL,ASO,ES,Federal Contract Tower,0,0,61,0,61,0,0,142,0,142,0,0,203,0,203,46,0,46,249
10/26/2013,OCF,FL,ASO,ES,Federal Contract Tower,0,2,36,0,38,0,4,120,0,124,0,6,156,0,162,12,0,12,174
10/27/2013,OCF,FL,ASO,ES,Federal Contract Tower,0,0,32,0,32,0,0,98,0,98,0,0,130,0,130,28,0,28,158
10/28/2013,OCF,FL,ASO,ES,Federal Contract Tower,0,2,39,4,45,0,2,89,0,91,0,4,128,4,136,76,0,76,212
10/29/2013,OCF,FL,ASO,ES,Federal Contract Tower,0,0,53,4,57,0,2,94,0,96,0,2,147,4,153,62,0,62,215
10/30/2013,OCF,FL,ASO,ES,Federal Contract Tower,0,8,36,2,46,0,0,64,0,64,0,8,100,2,110,30,0,30,140
10/31/2013,OCF,FL,ASO,ES,Federal Contract Tower,0,0,29,4,33,0,0,66,0,66,0,0,95,4,99,22,0,22,121
11/01/2013,OCF,FL,ASO,ES,Federal Contract Tower,0,0,35,0,35,0,0,86,0,86,0,0,121,0,121,22,0,22,143
11/02/2013,OCF,FL,ASO,ES,Federal Contract Tower,0,1,41,0,42,0,0,27,0,27,0,1,68,0,69,4,0,4,73
11/03/2013,OCF,FL,ASO,ES,Federal Contract Tower,0,1,60,0,61,0,0,74,0,74,0,1,134,0,135,2,0,2,137
11/04/2013,OCF,FL,ASO,ES,Federal Contract Tower,0,1,22,0,23,0,0,76,0,76,0,1,98,0,99,32,0,32,131
11/05/2013,OCF,FL,ASO,ES,Federal Contract Tower,0,4,51,0,55,0,1,53,0,54,0,5,104,0,109,14,0,14,123
11/06/2013,OCF,FL,ASO,ES,Federal Contract Tower,0,4,40,2,46,0,1,45,0,46,0,5,85,2,92,32,0,32,124
11/07/2013,OCF,FL,ASO,ES,Federal Contract Tower,0,0,54,0,54,0,0,44,0,44,0,0,98,0,98,30,0,30,128
11/08/2013,OCF,FL,ASO,ES,Federal Contract Tower,2,1,54,6,63,0,2,69,0,71,2,3,123,6,134,36,8,44,178
11/09/2013,OCF,FL,ASO,ES,Federal Contract Tower,0,0,44,0,44,0,0,182,0,182,0,0,226,0,226,20,0,20,246
11/10/2013,OCF,FL,ASO,ES,Federal Contract Tower,0,3,28,0,31,0,0,120,0,120,0,3,148,0,151,20,0,20,171
11/11/2013,OCF,FL,ASO,ES,Federal Contract Tower,0,3,54,0,57,0,0,114,0,114,0,3,168,0,171,46,0,46,217
11/12/2013,OCF,FL,ASO,ES,Federal Contract Tower,0,2,34,0,36,0,0,56,2,58,0,2,90,2,94,10,0,10,104
11/13/2013,OCF,FL,ASO,ES,Federal Contract Tower,0,0,26,2,28,0,0,18,2,20,0,0,44,4,48,0,0,0,48
11/14/2013,OCF,FL,ASO,ES,Federal Contract Tower,0,0,47,4,51,0,0,101,0,101,0,0,148,4,152,66,0,66,218
11/15/2013,OCF,FL,ASO,ES,Federal Contract Tower,0,1,46,10,57,0,0,44,0,44,0,1,90,10,101,47,0,47,148
11/16/2013,OCF,FL,ASO,ES,Federal Contract Tower,0,0,34,0,34,0,0,1,0,1,0,0,35,0,35,0,0,0,35
11/17/2013,OCF,FL,ASO,ES,Federal Contract Tower,0,2,29,6,37,0,0,61,0,61,0,2,90,6,98,20,0,20,118
11/18/2013,OCF,FL,ASO,ES,Federal Contract Tower,0,0,31,8,39,0,0,19,0,19,0,0,50,8,58,0,0,0,58
11/19/2013,OCF,FL,ASO,ES,Federal Contract Tower,0,0,34,6,40,0,0,50,0,50,0,0,84,6,90,28,0,28,118
11/20/2013,OCF,FL,ASO,ES,Federal Contract Tower,0,4,37,0,41,0,0,20,0,20,0,4,57,0,61,22,0,22,83
11/21/2013,OCF,FL,ASO,ES,Federal Contract Tower,0,9,67,2,78,0,2,25,0,27,0,11,92,2,105,12,0,12,117
11/22/2013,OCF,FL,ASO,ES,Federal Contract Tower,0,5,68,2,75,0,0,78,0,78,0,5,146,2,153,94,0,94,247
11/23/2013,OCF,FL,ASO,ES,Federal Contract Tower,0,1,38,0,39,0,0,85,0,85,0,1,123,0,124,18,0,18,142
11/24/2013,OCF,FL,ASO,ES,Federal Contract Tower,0,4,40,0,44,0,0,26,0,26,0,4,66,0,70,10,0,10,80
11/25/2013,OCF,FL,ASO,ES,Federal Contract Tower,0,1,59,2,62,0,0,77,0,77,0,1,136,2,139,38,0,38,177
11/26/2013,OCF,FL,ASO,ES,Federal Contract Tower,0,4,17,2,23,0,0,1,0,1,0,4,18,2,24,0,0,0,24
11/27/2013,OCF,FL,ASO,ES,Federal Contract Tower,0,2,53,0,55,0,1,18,0,19,0,3,71,0,74,14,0,14,88
11/28/2013,OCF,FL,ASO,ES,Federal Contract Tower,0,0,5,0,5,0,0,34,0,34,0,0,39,0,39,8,0,8,47
11/29/2013,OCF,FL,ASO,ES,Federal Contract Tower,0,2,20,0,22,0,0,58,1,59,0,2,78,1,81,18,0,18,99
11/30/2013,OCF,FL,ASO,ES,Federal Contract Tower,0,2,64,0,66,0,0,15,0,15,0,2,79,0,81,12,0,12,93
12/01/2013,OCF,FL,ASO,ES,Federal Contract Tower,0,1,46,0,47,0,0,28,0,28,0,1,74,0,75,0,0,0,75
12/02/2013,OCF,FL,ASO,ES,Federal Contract Tower,0,0,40,0,40,0,0,70,0,70,0,0,110,0,110,100,0,100,210
12/03/2013,OCF,FL,ASO,ES,Federal Contract Tower,0,0,33,3,36,0,0,84,1,85,0,0,117,4,121,56,6,62,183
12/04/2013,OCF,FL,ASO,ES,Federal Contract Tower,0,0,20,0,20,0,0,100,0,100,0,0,120,0,120,54,0,54,174
12/05/2013,OCF,FL,ASO,ES,Federal Contract Tower,0,0,20,4,24,0,2,104,0,106,0,2,124,4,130,110,2,112,242
12/06/2013,OCF,FL,ASO,ES,Federal Contract Tower,0,1,21,3,25,0,0,80,1,81,0,1,101,4,106,62,4,66,172
12/07/2013,OCF,FL,ASO,ES,Federal Contract Tower,0,0,33,4,37,0,0,69,2,71,0,0,102,6,108,2,6,8,116
12/08/2013,OCF,FL,ASO,ES,Federal Contract Tower,0,0,15,0,15,0,0,43,0,43,0,0,58,0,58,5,0,5,63
12/09/2013,OCF,FL,ASO,ES,Federal Contract Tower,0,0,24,3,27,0,0,90,0,90,0,0,114,3,117,48,2,50,167
12/10/2013,OCF,FL,ASO,ES,Federal Contract Tower,0,3,10,3,16,0,0,39,0,39,0,3,49,3,55,18,0,18,73
12/11/2013,OCF,FL,ASO,ES,Federal Contract Tower,0,2,35,0,37,0,0,91,0,91,0,2,126,0,128,64,0,64,192
12/12/2013,OCF,FL,ASO,ES,Federal Contract Tower,0,0,32,0,32,0,0,99,0,99,0,0,131,0,131,70,0,70,201
12/13/2013,OCF,FL,ASO,ES,Federal Contract Tower,0,5,58,0,63,0,0,73,0,73,0,5,131,0,136,50,0,50,186
12/14/2013,OCF,FL,ASO,ES,Federal Contract Tower,0,4,22,0,26,0,0,38,0,38,0,4,60,0,64,14,0,14,78
12/15/2013,OCF,FL,ASO,ES,Federal Contract Tower,0,8,26,3,37,0,0,17,0,17,0,8,43,3,54,22,0,22,76
12/16/2013,OCF,FL,ASO,ES,Federal Contract Tower,0,0,55,0,55,0,3,89,0,92,0,3,144,0,147,54,0,54,201
12/17/2013,OCF,FL,ASO,ES,Federal Contract Tower,0,2,31,2,35,0,0,71,0,71,0,2,102,2,106,46,0,46,152
12/18/2013,OCF,FL,ASO,ES,Federal Contract Tower,0,3,43,0,46,0,2,121,0,123,0,5,164,0,169,68,0,68,237
12/19/2013,OCF,FL,ASO,ES,Federal Contract Tower,0,4,28,1,33,0,2,109,0,111,0,6,137,1,144,70,1,71,215
12/20/2013,OCF,FL,ASO,ES,Federal Contract Tower,0,1,43,0,44,0,2,128,0,130,0,3,171,0,174,66,0,66,240
12/21/2013,OCF,FL,ASO,ES,Federal Contract Tower,0,2,30,0,32,0,0,79,0,79,0,2,109,0,111,8,0,8,119
12/22/2013,OCF,FL,ASO,ES,Federal Contract Tower,0,0,28,0,28,0,0,31,0,31,0,0,59,0,59,34,0,34,93
12/23/2013,OCF,FL,ASO,ES,Federal Contract Tower,0,0,17,0,17,0,0,17,0,17,0,0,34,0,34,8,0,8,42
12/24/2013,OCF,FL,ASO,ES,Federal Contract Tower,0,0,21,0,21,0,0,11,0,11,0,0,32,0,32,2,0,2,34
12/25/2013,OCF,FL,ASO,ES,Federal Contract Tower,0,0,3,0,3,0,0,13,0,13,0,0,16,0,16,4,0,4,20
12/26/2013,OCF,FL,ASO,ES,Federal Contract Tower,0,2,33,4,39,0,0,36,0,36,0,2,69,4,75,46,0,46,121
12/27/2013,OCF,FL,ASO,ES,Federal Contract Tower,0,3,48,4,55,0,0,0,0,0,0,3,48,4,55,0,0,0,55
12/28/2013,OCF,FL,ASO,ES,Federal Contract Tower,0,3,34,0,37,0,0,9,0,9,0,3,43,0,46,4,0,4,50
12/29/2013,OCF,FL,ASO,ES,Federal Contract Tower,0,1,11,0,12,0,0,0,0,0,0,1,11,0,12,0,0,0,12
12/30/2013,OCF,FL,ASO,ES,Federal Contract Tower,0,1,47,0,48,0,1,100,2,103,0,2,147,2,151,126,0,126,277
12/31/2013,OCF,FL,ASO,ES,Federal Contract Tower,0,4,34,0,38,0,0,79,0,79,0,4,113,0,117,42,0,42,159
01/01/2014,OCF,FL,ASO,ES,Federal Contract Tower,0,3,12,0,15,0,0,0,0,0,0,3,12,0,15,0,0,0,15
01/02/2014,OCF,FL,ASO,ES,Federal Contract Tower,0,0,8,0,8,0,2,0,0,2,0,2,8,0,10,0,0,0,10
01/03/2014,OCF,FL,ASO,ES,Federal Contract Tower,0,1,46,0,47,0,2,47,0,49,0,3,93,0,96,44,0,44,140
01/04/2014,OCF,FL,ASO,ES,Federal Contract Tower,0,2,32,0,34,0,0,116,0,116,0,2,148,0,150,72,0,72,222
01/05/2014,OCF,FL,ASO,ES,Federal Contract Tower,0,0,33,0,33,0,0,53,0,53,0,0,86,0,86,26,0,26,112
01/06/2014,OCF,FL,ASO,ES,Federal Contract Tower,0,1,24,0,25,0,2,17,0,19,0,3,41,0,44,10,0,10,54
01/07/2014,OCF,FL,ASO,ES,Federal Contract Tower,0,2,23,0,25,0,0,81,0,81,0,2,104,0,106,78,0,78,184
01/08/2014,OCF,FL,ASO,ES,Federal Contract Tower,0,4,20,6,30,0,0,66,0,66,0,4,86,6,96,90,0,90,186
01/09/2014,OCF,FL,ASO,ES,Federal Contract Tower,0,2,54,1,57,0,0,0,0,0,0,2,54,1,57,0,0,0,57
01/10/2014,OCF,FL,ASO,ES,Federal Contract Tower,0,3,35,2,40,0,4,26,0,30,0,7,61,2,70,16,0,16,86
01/11/2014,OCF,FL,ASO,ES,Federal Contract Tower,0,7,25,0,32,0,0,9,0,9,0,7,34,0,41,2,0,2,43
01/12/2014,OCF,FL,ASO,ES,Federal Contract Tower,0,0,6,39,45,0,0,91,0,91,0,0,97,39,136,74,0,74,210
01/13/2014,OCF,FL,ASO,ES,Federal Contract Tower,2,3,41,2,48,0,0,68,0,68,2,3,109,2,116,44,0,44,160
01/14/2014,OCF,FL,ASO,ES,Federal Contract Tower,0,3,34,0,37,0,0,49,0,49,0,3,83,0,86,46,0,46,132
01/15/2014,OCF,FL,ASO,ES,Federal Contract Tower,0,5,33,6,44,0,0,98,0,98,0,5,131,6,142,62,8,70,212
01/16/2014,OCF,FL,ASO,ES,Federal Contract Tower,0,7,36,0,43,0,0,89,0,89,0,7,125,0,132,36,0,36,168
01/17/2014,OCF,FL,ASO,ES,Federal Contract Tower,0,3,32,0,35,0,2,97,0,99,0,5,129,0,134,54,0,54,188
01/18/2014,OCF,FL,ASO,ES,Federal Contract Tower,0,1,56,0,57,0,0,77,0,77,0,1,133,0,134,52,0,52,186
01/19/2014,OCF,FL,ASO,ES,Federal Contract Tower,0,2,22,4,28,0,0,48,0,48,0,2,70,4,76,8,0,8,84
01/20/2014,OCF,FL,ASO,ES,Federal Contract Tower,0,8,36,0,44,0,0,94,0,94,0,8,130,0,138,102,0,102,240
01/21/2014,OCF,FL,ASO,ES,Federal Contract Tower,0,6,33,0,39,0,0,46,0,46,0,6,79,0,85,42,0,42,127
01/22/2014,OCF,FL,ASO,ES,Federal Contract Tower,0,0,42,0,42,0,0,80,0,80,0,0,122,0,122,88,0,88,210
01/23/2014,OCF,FL,ASO,ES,Federal Contract Tower,0,3,52,2,57,0,0,123,0,123,0,3,175,2,180,102,0,102,282
01/24/2014,OCF,FL,ASO,ES,Federal Contract Tower,0,4,67,0,71,0,0,85,2,87,0,4,152,2,158,46,2,48,206
01/25/2014,OCF,FL,ASO,ES,Federal Contract Tower,0,3,49,0,52,0,0,61,0,61,0,3,110,0,113,18,0,18,131
01/26/2014,OCF,FL,ASO,ES,Federal Contract Tower,2,2,33,0,37,0,0,50,0,50,2,2,83,0,87,36,0,36,123
01/27/2014,OCF,FL,ASO,ES,Federal Contract Tower,0,5,19,0,24,0,0,49,0,49,0,5,68,0,73,40,0,40,113
01/28/2014,OCF,FL,ASO,ES,Federal Contract Tower,0,0,29,0,29,0,4,48,0,52,0,4,77,0,81,62,0,62,143
01/29/2014,OCF,FL,ASO,ES,Federal Contract Tower,0,2,21,0,23,0,0,0,0,0,0,2,21,0,23,0,0,0,23
01/30/2014,OCF,FL,ASO,ES,Federal Contract Tower,0,3,19,0,22,0,0,0,0,0,0,3,19,0,22,0,0,0,22
01/31/2014,OCF,FL,ASO,ES,Federal Contract Tower,0,3,56,0,59,0,0,9,0,9,0,3,65,0,68,12,0,12,80
02/01/2014,OCF,FL,ASO,ES,Federal Contract Tower,0,2,61,0,63,0,0,31,0,31,0,2,92,0,94,38,0,38,132
02/02/2014,OCF,FL,ASO,ES,Federal Contract Tower,0,8,51,0,59,0,0,46,0,46,0,8,97,0,105,50,0,50,155
02/03/2014,OCF,FL,ASO,ES,Federal Contract Tower,0,0,33,2,35,0,0,98,4,102,0,0,131,6,137,112,0,112,249
02/04/2014,OCF,FL,ASO,ES,Federal Contract Tower,0,1,28,0,29,0,0,73,0,73,0,1,101,0,102,176,0,176,278
02/05/2014,OCF,FL,ASO,ES,Federal Contract Tower,0,4,44,0,48,0,0,26,0,26,0,4,70,0,74,126,0,126,200
02/06/2014,OCF,FL,ASO,ES,Federal Contract Tower,0,4,66,4,74,0,0,36,0,36,0,4,102,4,110,36,0,36,146
02/07/2014,OCF,FL,ASO,ES,Federal Contract Tower,0,8,25,2,35,0,0,0,0,0,0,8,25,2,35,0,0,0,35
02/08/2014,OCF,FL,ASO,ES,Federal Contract Tower,0,5,20,0,25,0,0,0,0,0,0,5,20,0,25,0,0,0,25
02/09/2014,OCF,FL,ASO,ES,Federal Contract Tower,0,14,43,0,57,0,8,134,0,142,0,22,177,0,199,50,0,50,249
02/10/2014,OCF,FL,ASO,ES,Federal Contract Tower,0,5,30,2,37,0,0,112,0,112,0,5,142,2,149,74,0,74,223
02/11/2014,OCF,FL,ASO,ES,Federal Contract Tower,0,3,39,14,56,0,0,118,7,125,0,3,157,21,181,72,0,72,253
02/12/2014,OCF,FL,ASO,ES,Federal Contract Tower,0,3,23,10,36,0,0,12,0,12,0,3,35,10,48,0,0,0,48
02/13/2014,OCF,FL,ASO,ES,Federal Contract Tower,0,3,32,4,39,0,2,17,0,19,0,5,49,4,58,32,0,32,90
02/14/2014,OCF,FL,ASO,ES,Federal Contract Tower,0,3,53,0,56,0,0,159,0,159,0,3,212,0,215,32,0,32,247
02/15/2014,OCF,FL,ASO,ES,Federal Contract Tower,1,2,23,0,26,0,0,63,0,63,1,2,86,0,89,28,0,28,117
02/16/2014,OCF,FL,ASO,ES,Federal Contract Tower,1,12,38,0,51,0,2,131,0,133,1,14,169,0,184,36,0,36,220
02/17/2014,OCF,FL,ASO,ES,Federal Contract Tower,1,5,39,0,45,0,0,112,0,112,1,5,151,0,157,64,0,64,221
02/18/2014,OCF,FL,ASO,ES,Federal Contract Tower,2,4,45,0,51,0,0,113,0,113,2,4,158,0,164,68,0,68,232
02/19/2014,OCF,FL,ASO,ES,Federal Contract Tower,0,2,45,2,49,0,2,113,0,115,0,4,158,2,164,114,0,114,278
02/20/2014,OCF,FL,ASO,ES,Federal Contract Tower,0,6,26,0,32,0,0,106,0,106,0,6,132,0,138,44,0,44,182
02/21/2014,OCF,FL,ASO,ES,Federal Contract Tower,0,5,29,0,34,0,0,9,0,9,0,5,38,0,43,0,0,0,43
02/22/2014,OCF,FL,ASO,ES,Federal Contract Tower,0,9,24,0,33,0,0,20,0,20,0,9,44,0,53,8,0,8,61
02/23/2014,OCF,FL,ASO,ES,Federal Contract Tower,0,13,39,0,52,0,0,4,0,4,0,13,43,0,56,0,0,0,56
02/24/2014,OCF,FL,ASO,ES,Federal Contract Tower,0,2,40,4,46,0,0,13,0,13,0,2,53,4,59,26,0,26,85
02/25/2014,OCF,FL,ASO,ES,Federal Contract Tower,0,4,35,0,39,0,0,97,0,97,0,4,132,0,136,62,0,62,198
02/26/2014,OCF,FL,ASO,ES,Federal Contract Tower,0,3,19,0,22,0,0,0,0,0,0,3,19,0,22,0,0,0,22
02/27/2014,OCF,FL,ASO,ES,Federal Contract Tower,0,8,56,0,64,0,0,88,0,88,0,8,144,0,152,58,0,58,210
02/28/2014,OCF,FL,ASO,ES,Federal Contract Tower,0,3,52,2,57,0,0,168,0,168,0,3,220,2,225,76,0,76,301
03/01/2014,OCF,FL,ASO,ES,Federal Contract Tower,0,3,39,0,42,0,0,86,0,86,0,3,125,0,128,18,0,18,146
03/02/2014,OCF,FL,ASO,ES,Federal Contract Tower,0,11,29,0,40,0,0,111,0,111,0,11,140,0,151,32,0,32,183
03/03/2014,OCF,FL,ASO,ES,Federal Contract Tower,0,0,23,6,29,0,0,78,0,78,0,0,101,6,107,22,0,22,129
03/04/2014,OCF,FL,ASO,ES,Federal Contract Tower,0,9,42,0,51,0,0,12,0,12,0,9,54,0,63,2,0,2,65
03/05/2014,OCF,FL,ASO,ES,Federal Contract Tower,1,3,35,0,39,0,0,6,0,6,1,3,41,0,45,8,0,8,53
03/06/2014,OCF,FL,ASO,ES,Federal Contract Tower,0,5,7,8,20,0,0,3,0,3,0,5,10,8,23,0,0,0,23
03/07/2014,OCF,FL,ASO,ES,Federal Contract Tower,0,9,48,0,57,0,0,20,0,20,0,9,68,0,77,10,0,10,87
03/08/2014,OCF,FL,ASO,ES,Federal Contract Tower,0,2,34,0,36,0,0,164,0,164,0,2,198,0,200,64,0,64,264
03/09/2014,OCF,FL,ASO,ES,Federal Contract Tower,0,18,45,0,63,0,0,113,0,113,0,18,158,0,176,16,0,16,192
03/10/2014,OCF,FL,ASO,ES,Federal Contract Tower,0,5,30,2,37,0,0,113,0,113,0,5,143,2,150,64,0,64,214
03/11/2014,OCF,FL,ASO,ES,Federal Contract Tower,0,15,33,6,54,0,0,84,0,84,0,15,117,6,138,56,0,56,194
03/12/2014,OCF,FL,ASO,ES,Federal Contract Tower,0,8,20,8,36,0,0,13,1,14,0,8,33,9,50,0,0,0,50
03/13/2014,OCF,FL,ASO,ES,Federal Contract Tower,2,0,39,18,59,0,0,107,0,107,2,0,146,18,166,40,0,40,206
03/14/2014,OCF,FL,ASO,ES,Federal Contract Tower,0,5,47,2,54,0,0,148,0,148,0,5,195,2,202,62,0,62,264
03/15/2014,OCF,FL,ASO,ES,Federal Contract Tower,0,3,34,0,37,0,2,107,2,111,0,5,141,2,148,8,0,8,156
03/16/2014,OCF,FL,ASO,ES,Federal Contract Tower,2,6,18,2,28,0,0,33,0,33,2,6,51,2,61,6,0,6,67
03/17/2014,OCF,FL,ASO,ES,Federal Contract Tower,0,3,2,0,5,0,0,1,0,1,0,3,3,0,6,0,0,0,6
03/18/2014,OCF,FL,ASO,ES,Federal Contract Tower,1,0,64,0,65,0,0,82,0,82,1,0,146,0,147,46,0,46,193
03/19/2014,OCF,FL,ASO,ES,Federal Contract Tower,0,3,80,2,85,0,0,72,0,72,0,3,152,2,157,54,0,54,211
03/20/2014,OCF,FL,ASO,ES,Federal Contract Tower,0,6,55,4,65,0,0,78,0,78,0,6,133,4,143,68,0,68,211
03/21/2014,OCF,FL,ASO,ES,Federal Contract Tower,0,13,52,10,75,0,0,124,0,124,0,13,176,10,199,46,0,46,245
03/22/2014,OCF,FL,ASO,ES,Federal Contract Tower,0,9,49,0,58,0,0,53,0,53,0,9,102,0,111,30,0,30,141
03/23/2014,OCF,FL,ASO,ES,Federal Contract Tower,0,7,44,2,53,0,0,85,0,85,0,7,129,2,138,16,0,16,154
03/24/2014,OCF,FL,ASO,ES,Federal Contract Tower,0,6,61,2,69,0,0,16,0,16,0,6,77,2,85,50,0,50,135
03/25/2014,OCF,FL,ASO,ES,Federal Contract Tower,2,10,50,0,62,0,0,22,0,22,2,10,72,0,84,14,0,14,98
03/26/2014,OCF,FL,ASO,ES,Federal Contract Tower,0,7,34,8,49,0,3,124,0,127,0,10,158,8,176,80,0,80,256
03/27/2014,OCF,FL,ASO,ES,Federal Contract Tower,0,2,51,0,53,0,2,103,0,105,0,4,154,0,158,30,0,30,188
03/28/2014,OCF,FL,ASO,ES,Federal Contract Tower,0,2,30,0,32,0,0,62,0,62,0,2,92,0,94,62,0,62,156
03/29/2014,OCF,FL,ASO,ES,Federal Contract Tower,0,2,18,0,20,0,1,11,0,12,0,3,29,0,32,22,0,22,54
03/30/2014,OCF,FL,ASO,ES,Federal Contract Tower,1,0,35,0,36,0,2,89,0,91,1,2,124,0,127,36,0,36,163
03/31/2014,OCF,FL,ASO,ES,Federal Contract Tower,0,2,78,0,80,0,0,134,0,134,0,2,212,0,214,60,0,60,274
04/01/2014,OCF,FL,ASO,ES,Federal Contract Tower,0,0,42,10,52,0,0,104,0,104,0,0,146,10,156,30,0,30,186
04/02/2014,OCF,FL,ASO,ES,Federal Contract Tower,0,0,33,6,39,0,0,99,0,99,0,0,132,6,138,58,0,58,196
04/03/2014,OCF,FL,ASO,ES,Federal Contract Tower,0,0,33,0,33,0,0,95,0,95,0,0,128,0,128,40,0,40,168
04/04/2014,OCF,FL,ASO,ES,Federal Contract Tower,0,4,30,0,34,0,4,87,0,91,0,8,117,0,125,34,0,34,159
04/05/2014,OCF,FL,ASO,ES,Federal Contract Tower,0,1,21,0,22,0,0,35,0,35,0,1,56,0,57,0,0,0,57
04/06/2014,OCF,FL,ASO,ES,Federal Contract Tower,0,2,23,0,25,0,0,84,0,84,0,2,107,0,109,6,0,6,115
04/07/2014,OCF,FL,ASO,ES,Federal Contract Tower,0,11,15,0,26,0,0,79,0,79,0,11,94,0,105,22,0,22,127
04/08/2014,OCF,FL,ASO,ES,Federal Contract Tower,0,5,23,5,33,0,0,21,0,21,0,5,44,5,54,14,0,14,68
04/09/2014,OCF,FL,ASO,ES,Federal Contract Tower,0,2,26,14,42,0,2,90,4,96,0,4,116,18,138,22,0,22,160
04/10/2014,OCF,FL,ASO,ES,Federal Contract Tower,0,8,42,6,56,0,0,102,0,102,0,8,144,6,158,48,0,48,206
04/11/2014,OCF,FL,ASO,ES,Federal Contract Tower,0,9,50,4,63,0,0,78,0,78,0,9,128,4,141,54,0,54,195
04/12/2014,OCF,FL,ASO,ES,Federal Contract Tower,0,3,30,4,37,0,0,85,0,85,0,3,115,4,122,14,0,14,136
04/13/2014,OCF,FL,ASO,ES,Federal Contract Tower,0,8,25,3,36,0,1,65,2,68,0,9,90,5,104,22,12,34,138
04/14/2014,OCF,FL,ASO,ES,Federal Contract Tower,2,7,20,0,29,0,0,65,0,65,2,7,85,0,94,56,0,56,150
04/15/2014,OCF,FL,ASO,ES,Federal Contract Tower,0,2,10,0,12,0,0,13,0,13,0,2,23,0,25,6,0,6,31
04/16/2014,OCF,FL,ASO,ES,Federal Contract Tower,0,3,44,6,53,0,0,81,2,83,0,3,125,8,136,58,0,58,194
04/17/2014,OCF,FL,ASO,ES,Federal Contract Tower,0,4,46,6,56,0,0,55,0,55,0,4,101,6,111,26,0,26,137
04/18/2014,OCF,FL,ASO,ES,Federal Contract Tower,0,0,12,0,12,0,0,11,0,11,0,0,23,0,23,12,0,12,35
04/19/2014,OCF,FL,ASO,ES,Federal Contract Tower,0,2,21,0,23,0,0,0,0,0,0,2,21,0,23,0,0,0,23
04/20/2014,OCF,FL,ASO,ES,Federal Contract Tower,2,1,30,0,33,0,0,18,0,18,2,1,48,0,51,30,0,30,81
04/21/2014,OCF,FL,ASO,ES,Federal Contract Tower,0,0,58,0,58,0,0,77,0,77,0,0,135,0,135,50,0,50,185
04/22/2014,OCF,FL,ASO,ES,Federal Contract Tower,0,2,46,2,50,0,0,108,0,108,0,2,154,2,158,90,0,90,248
04/23/2014,OCF,FL,ASO,ES,Federal Contract Tower,2,1,34,0,37,0,0,113,0,113,2,1,147,0,150,30,0,30,180
04/24/2014,OCF,FL,ASO,ES,Federal Contract Tower,1,8,38,4,51,0,0,108,0,108,1,8,146,4,159,18,0,18,177
04/25/2014,OCF,FL,ASO,ES,Federal Contract Tower,1,0,31,2,34,0,0,73,0,73,1,0,104,2,107,42,0,42,149
04/26/2014,OCF,FL,ASO,ES,Federal Contract Tower,0,0,59,4,63,0,0,79,0,79,0,0,138,4,142,20,0,20,162
04/27/2014,OCF,FL,ASO,ES,Federal Contract Tower,0,2,27,2,31,0,0,76,0,76,0,2,103,2,107,12,0,12,119
04/28/2014,OCF,FL,ASO,ES,Federal Contract Tower,0,1,30,0,31,0,0,78,0,78,0,1,108,0,109,46,0,46,155
04/29/2014,OCF,FL,ASO,ES,Federal Contract Tower,2,0,34,0,36,0,0,49,0,49,2,0,83,0,85,56,0,56,141
04/30/2014,OCF,FL,ASO,ES,Federal Contract Tower,0,0,34,2,36,0,0,29,0,29,0,0,63,2,65,52,0,52,117
05/01/2014,OCF,FL,ASO,ES,Federal Contract Tower,4,3,13,2,22,0,0,37,2,39,4,3,50,4,61,74,0,74,135
05/02/2014,OCF,FL,ASO,ES,Federal Contract Tower,0,1,14,0,15,0,0,0,0,0,0,1,14,0,15,0,0,0,15
05/03/2014,OCF,FL,ASO,ES,Federal Contract Tower,0,0,28,2,30,0,0,3,0,3,0,0,31,2,33,0,0,0,33
05/04/2014,OCF,FL,ASO,ES,Federal Contract Tower,2,3,53,14,72,0,0,86,0,86,2,3,139,14,158,20,0,20,178
05/05/2014,OCF,FL,ASO,ES,Federal Contract Tower,0,5,46,2,53,0,0,100,0,100,0,5,146,2,153,28,0,28,181
05/06/2014,OCF,FL,ASO,ES,Federal Contract Tower,0,0,48,2,50,0,0,102,0,102,0,0,150,2,152,34,0,34,186
05/07/2014,OCF,FL,ASO,ES,Federal Contract Tower,0,4,27,4,35,0,6,114,0,120,0,10,141,4,155,102,2,104,259
05/08/2014,OCF,FL,ASO,ES,Federal Contract Tower,0,0,27,2,29,0,0,84,0,84,0,0,111,2,113,34,0,34,147
05/09/2014,OCF,FL,ASO,ES,Federal Contract Tower,0,4,32,0,36,0,0,63,0,63,0,4,95,0,99,36,0,36,135
05/10/2014,OCF,FL,ASO,ES,Federal Contract Tower,0,0,22,0,22,0,1,66,0,67,0,1,88,0,89,12,0,12,101
05/11/2014,OCF,FL,ASO,ES,Federal Contract Tower,0,5,18,4,27,0,0,55,0,55,0,5,73,4,82,8,0,8,90
05/12/2014,OCF,FL,ASO,ES,Federal Contract Tower,0,5,46,0,51,0,0,72,0,72,0,5,118,0,123,16,0,16,139
05/13/2014,OCF,FL,ASO,ES,Federal Contract Tower,0,4,22,6,32,0,0,63,0,63,0,4,85,6,95,50,2,52,147
05/14/2014,OCF,FL,ASO,ES,Federal Contract Tower,0,0,27,0,27,0,0,17,0,17,0,0,44,0,44,14,0,14,58
05/15/2014,OCF,FL,ASO,ES,Federal Contract Tower,0,3,16,4,23,0,0,7,0,7,0,3,23,4,30,0,0,0,30
05/16/2014,OCF,FL,ASO,ES,Federal Contract Tower,0,1,37,4,42,0,0,92,0,92,0,1,129,4,134,18,0,18,152
05/17/2014,OCF,FL,ASO,ES,Federal Contract Tower,0,3,40,2,45,0,0,90,0,90,0,3,130,2,135,36,0,36,171
05/18/2014,OCF,FL,ASO,ES,Federal Contract Tower,0,4,28,2,34,0,0,86,0,86,0,4,114,2,120,10,0,10,130
05/19/2014,OCF,FL,ASO,ES,Federal Contract Tower,0,3,38,0,41,0,0,92,0,92,0,3,130,0,133,50,0,50,183
05/20/2014,OCF,FL,ASO,ES,Federal Contract Tower,0,4,39,2,45,0,0,109,0,109,0,4,148,2,154,36,0,36,190
05/21/2014,OCF,FL,ASO,ES,Federal Contract Tower,0,7,40,0,47,0,0,100,0,100,0,7,140,0,147,30,0,30,177
05/22/2014,OCF,FL,ASO,ES,Federal Contract Tower,0,7,39,6,52,0,0,83,2,85,0,7,122,8,137,22,6,28,165
05/23/2014,OCF,FL,ASO,ES,Federal Contract Tower,0,0,31,0,31,0,0,75,0,75,0,0,106,0,106,39,0,39,145
05/24/2014,OCF,FL,ASO,ES,Federal Contract Tower,0,0,18,0,18,0,0,44,0,44,0,0,62,0,62,12,0,12,74
05/25/2014,OCF,FL,ASO,ES,Federal Contract Tower,0,0,19,0,19,0,0,32,0,32,0,0,51,0,51,14,0,14,65
05/26/2014,OCF,FL,ASO,ES,Federal Contract Tower,0,0,18,0,18,0,0,34,0,34,0,0,52,0,52,22,0,22,74
05/27/2014,OCF,FL,ASO,ES,Federal Contract Tower,2,2,39,2,45,0,0,0,0,0,2,2,39,2,45,46,0,46,91
05/28/2014,OCF,FL,ASO,ES,Federal Contract Tower,0,0,23,4,27,0,0,86,2,88,0,0,109,6,115,38,0,38,153
05/29/2014,OCF,FL,ASO,ES,Federal Contract Tower,0,1,27,0,28,0,0,70,0,70,0,1,97,0,98,48,0,48,146
05/30/2014,OCF,FL,ASO,ES,Federal Contract Tower,0,3,40,6,49,0,0,110,0,110,0,3,150,6,159,94,0,94,253
05/31/2014,OCF,FL,ASO,ES,Federal Contract Tower,0,2,40,0,42,0,0,65,0,65,0,2,105,0,107,58,0,58,165
06/01/2014,OCF,FL,ASO,ES,Federal Contract Tower,0,1,34,2,37,0,0,27,0,27,0,1,61,2,64,8,0,8,72
06/02/2014,OCF,FL,ASO,ES,Federal Contract Tower,0,1,40,0,41,0,1,75,0,76,0,2,115,0,117,52,0,52,169
06/03/2014,OCF,FL,ASO,ES,Federal Contract Tower,0,0,39,0,39,0,0,85,0,85,0,0,124,0,124,42,0,42,166
06/04/2014,OCF,FL,ASO,ES,Federal Contract Tower,0,0,45,8,53,0,0,88,0,88,0,0,133,8,141,76,0,76,217
06/05/2014,OCF,FL,ASO,ES,Federal Contract Tower,0,2,27,1,30,0,0,76,1,77,0,2,103,2,107,98,0,98,205
06/06/2014,OCF,FL,ASO,ES,Federal Contract Tower,0,1,26,2,29,0,0,94,0,94,0,1,120,2,123,48,0,48,171
06/07/2014,OCF,FL,ASO,ES,Federal Contract Tower,0,0,22,2,24,0,0,50,0,50,0,0,72,2,74,26,0,26,100
06/08/2014,OCF,FL,ASO,ES,Federal Contract Tower,0,4,32,2,38,0,0,19,0,19,0,4,51,2,57,12,0,12,69
06/09/2014,OCF,FL,ASO,ES,Federal Contract Tower,0,7,24,0,31,0,0,67,0,67,0,7,91,0,98,42,0,42,140
06/10/2014,OCF,FL,ASO,ES,Federal Contract Tower,0,0,18,0,18,0,0,70,0,70,0,0,88,0,88,27,0,27,115
06/11/2014,OCF,FL,ASO,ES,Federal Contract Tower,0,1,21,0,22,0,0,31,0,31,0,1,52,0,53,70,0,70,123
06/12/2014,OCF,FL,ASO,ES,Federal Contract Tower,0,1,11,2,14,0,0,21,0,21,0,1,32,2,35,70,0,70,105
06/13/2014,OCF,FL,ASO,ES,Federal Contract Tower,0,0,20,0,20,0,0,36,0,36,0,0,56,0,56,56,0,56,112
06/14/2014,OCF,FL,ASO,ES,Federal Contract Tower,0,2,18,0,20,0,0,42,0,42,0,2,60,0,62,22,0,22,84
06/15/2014,OCF,FL,ASO,ES,Federal Contract Tower,0,3,27,0,30,0,0,74,0,74,0,3,101,0,104,32,0,32,136
06/16/2014,OCF,FL,ASO,ES,Federal Contract Tower,0,0,29,2,31,0,0,101,0,101,0,0,130,2,132,44,0,44,176
06/17/2014,OCF,FL,ASO,ES,Federal Contract Tower,0,5,30,2,37,0,0,93,0,93,0,5,123,2,130,74,0,74,204
06/18/2014,OCF,FL,ASO,ES,Federal Contract Tower,0,3,31,7,41,0,2,94,2,98,0,5,125,9,139,68,0,68,207
06/19/2014,OCF,FL,ASO,ES,Federal Contract Tower,1,1,38,0,40,0,0,61,2,63,1,1,99,2,103,41,0,41,144
06/20/2014,OCF,FL,ASO,ES,Federal Contract Tower,1,7,22,2,32,0,0,84,4,88,1,7,106,6,120,68,0,68,188
06/21/2014,OCF,FL,ASO,ES,Federal Contract Tower,1,0,7,0,8,0,0,58,0,58,1,0,65,0,66,48,0,48,114
06/22/2014,OCF,FL,ASO,ES,Federal Contract Tower,1,0,9,0,10,0,1,21,0,22,1,1,30,0,32,10,0,10,42
06/23/2014,OCF,FL,ASO,ES,Federal Contract Tower,0,2,25,2,29,0,0,46,0,46,0,2,71,2,75,16,0,16,91
06/24/2014,OCF,FL,ASO,ES,Federal Contract Tower,0,1,27,0,28,0,0,54,0,54,0,1,81,0,82,42,0,42,124
06/25/2014,OCF,FL,ASO,ES,Federal Contract Tower,0,2,38,2,42,0,0,54,0,54,0,2,92,2,96,28,0,28,124
06/26/2014,OCF,FL,ASO,ES,Federal Contract Tower,0,3,37,0,40,0,0,73,0,73,0,3,110,0,113,36,0,36,149
06/27/2014,OCF,FL,ASO,ES,Federal Contract Tower,0,7,39,0,46,0,0,78,0,78,0,7,117,0,124,44,0,44,168
06/28/2014,OCF,FL,ASO,ES,Federal Contract Tower,0,0,13,2,15,0,0,79,2,81,0,0,92,4,96,54,2,56,152
06/29/2014,OCF,FL,ASO,ES,Federal Contract Tower,0,3,18,0,21,0,0,65,0,65,0,3,83,0,86,2,0,2,88
06/30/2014,OCF,FL,ASO,ES,Federal Contract Tower,0,4,31,4,39,0,0,32,0,32,0,4,63,4,71,50,0,50,121
07/01/2014,OCF,FL,ASO,ES,Federal Contract Tower,0,5,37,6,48,0,0,54,0,54,0,5,91,6,102,34,0,34,136
07/02/2014,OCF,FL,ASO,ES,Federal Contract Tower,0,0,33,3,36,0,0,67,1,68,0,0,100,4,104,38,0,38,142
07/03/2014,OCF,FL,ASO,ES,Federal Contract Tower,0,1,31,2,34,0,0,58,0,58,0,1,89,2,92,50,4,54,146
07/04/2014,OCF,FL,ASO,ES,Federal Contract Tower,0,0,15,0,15,0,0,53,0,53,0,0,68,0,68,20,0,20,88
07/05/2014,OCF,FL,ASO,ES,Federal Contract Tower,0,0,13,0,13,0,0,36,0,36,0,0,49,0,49,0,0,0,49
07/06/2014,OCF,FL,ASO,ES,Federal Contract Tower,0,0,17,0,17,0,0,11,0,11,0,0,28,0,28,8,0,8,36
07/07/2014,OCF,FL,ASO,ES,Federal Contract Tower,0,0,13,0,13,0,0,56,0,56,0,0,69,0,69,48,0,48,117
07/08/2014,OCF,FL,ASO,ES,Federal Contract Tower,0,0,9,0,9,0,0,47,0,47,0,0,56,0,56,66,0,66,122
07/09/2014,OCF,FL,ASO,ES,Federal Contract Tower,0,0,11,0,11,0,0,38,0,38,0,0,49,0,49,72,0,72,121
07/10/2014,OCF,FL,ASO,ES,Federal Contract Tower,2,2,21,0,25,0,0,26,0,26,2,2,47,0,51,32,0,32,83
07/11/2014,OCF,FL,ASO,ES,Federal Contract Tower,0,0,19,0,19,0,0,59,0,59,0,0,78,0,78,54,0,54,132
07/12/2014,OCF,FL,ASO,ES,Federal Contract Tower,0,1,30,0,31,0,0,70,0,70,0,1,100,0,101,10,0,10,111
07/13/2014,OCF,FL,ASO,ES,Federal Contract Tower,0,1,18,0,19,0,0,45,0,45,0,1,63,0,64,21,0,21,85
07/14/2014,OCF,FL,ASO,ES,Federal Contract Tower,0,0,16,4,20,0,0,68,0,68,0,0,84,4,88,54,0,54,142
07/15/2014,OCF,FL,ASO,ES,Federal Contract Tower,0,1,9,2,12,0,0,25,0,25,0,1,34,2,37,124,0,124,161
07/16/2014,OCF,FL,ASO,ES,Federal Contract Tower,0,1,19,2,22,0,0,10,0,10,0,1,29,2,32,10,0,10,42
07/17/2014,OCF,FL,ASO,ES,Federal Contract Tower,0,2,48,4,54,0,0,71,0,71,0,2,119,4,125,83,0,83,208
07/18/2014,OCF,FL,ASO,ES,Federal Contract Tower,0,0,33,8,41,0,0,123,0,123,0,0,156,8,164,48,0,48,212
07/19/2014,OCF,FL,ASO,ES,Federal Contract Tower,0,0,22,0,22,0,0,104,0,104,0,0,126,0,126,4,0,4,130
07/20/2014,OCF,FL,ASO,ES,Federal Contract Tower,0,0,26,0,26,0,2,51,0,53,0,2,77,0,79,2,0,2,81
07/21/2014,OCF,FL,ASO,ES,Federal Contract Tower,0,0,9,0,9,0,0,54,0,54,0,0,63,0,63,36,0,36,99
07/22/2014,OCF,FL,ASO,ES,Federal Contract Tower,0,6,45,0,51,0,0,94,4,98,0,6,139,4,149,92,0,92,241
07/23/2014,OCF,FL,ASO,ES,Federal Contract Tower,0,0,37,0,37,0,0,107,0,107,0,0,144,0,144,32,0,32,176
07/24/2014,OCF,FL,ASO,ES,Federal Contract Tower,0,3,30,0,33,0,0,90,0,90,0,3,120,0,123,42,0,42,165
07/25/2014,OCF,FL,ASO,ES,Federal Contract Tower,0,0,23,0,23,0,0,59,0,59,0,0,82,0,82,46,0,46,128
07/26/2014,OCF,FL,ASO,ES,Federal Contract Tower,0,1,28,0,29,0,0,68,0,68,0,1,96,0,97,0,0,0,97
07/27/2014,OCF,FL,ASO,ES,Federal Contract Tower,0,0,20,0,20,0,0,57,4,61,0,0,77,4,81,18,4,22,103
07/28/2014,OCF,FL,ASO,ES,Federal Contract Tower,0,2,22,0,24,0,0,50,0,50,0,2,72,0,74,30,0,30,104
07/29/2014,OCF,FL,ASO,ES,Federal Contract Tower,0,0,18,6,24,0,0,49,0,49,0,0,67,6,73,38,0,38,111
07/30/2014,OCF,FL,ASO,ES,Federal Contract Tower,0,4,46,0,50,0,0,80,0,80,0,4,126,0,130,33,0,33,163
07/31/2014,OCF,FL,ASO,ES,Federal Contract Tower,0,0,17,12,29,0,0,83,1,84,0,0,100,13,113,66,12,78,191
08/01/2014,OCF,FL,ASO,ES,Federal Contract Tower,0,4,22,2,28,0,2,57,3,62,0,6,79,5,90,32,0,32,122
08/02/2014,OCF,FL,ASO,ES,Federal Contract Tower,0,1,28,0,29,0,0,69,0,69,0,1,97,0,98,74,0,74,172
08/03/2014,OCF,FL,ASO,ES,Federal Contract Tower,0,4,40,0,44,0,0,15,0,15,0,4,55,0,59,0,0,0,59
08/04/2014,OCF,FL,ASO,ES,Federal Contract Tower,0,0,26,0,26,0,0,14,0,14,0,0,40,0,40,28,0,28,68
08/05/2014,OCF,FL,ASO,ES,Federal Contract Tower,0,3,55,0,58,0,0,75,0,75,0,3,130,0,133,37,0,37,170
08/06/2014,OCF,FL,ASO,ES,Federal Contract Tower,0,2,52,0,54,0,0,84,0,84,0,2,136,0,138,36,0,36,174
08/07/2014,OCF,FL,ASO,ES,Federal Contract Tower,0,0,42,2,44,0,0,71,0,71,0,0,113,2,115,40,0,40,155
08/08/2014,OCF,FL,ASO,ES,Federal Contract Tower,0,0,14,0,14,0,2,62,0,64,0,2,76,0,78,56,0,56,134
08/09/2014,OCF,FL,ASO,ES,Federal Contract Tower,0,2,19,0,21,0,0,57,0,57,0,2,76,0,78,42,0,42,120
08/10/2014,OCF,FL,ASO,ES,Federal Contract Tower,0,0,5,0,5,0,0,39,0,39,0,0,44,0,44,0,0,0,44
08/11/2014,OCF,FL,ASO,ES,Federal Contract Tower,0,0,11,0,11,0,17,10,0,27,0,17,21,0,38,37,0,37,75
08/12/2014,OCF,FL,ASO,ES,Federal Contract Tower,0,2,10,0,12,0,0,6,0,6,0,2,16,0,18,4,0,4,22
08/13/2014,OCF,FL,ASO,ES,Federal Contract Tower,0,2,16,0,18,0,0,83,0,83,0,2,99,0,101,82,0,82,183
08/14/2014,OCF,FL,ASO,ES,Federal Contract Tower,0,0,11,0,11,0,0,40,0,40,0,0,51,0,51,60,0,60,111
08/15/2014,OCF,FL,ASO,ES,Federal Contract Tower,0,0,19,2,21,0,0,25,0,25,0,0,44,2,46,28,0,28,74
08/16/2014,OCF,FL,ASO,ES,Federal Contract Tower,0,2,22,0,24,0,0,78,0,78,0,2,100,0,102,28,0,28,130
08/17/2014,OCF,FL,ASO,ES,Federal Contract Tower,0,0,21,0,21,0,0,65,0,65,0,0,86,0,86,10,0,10,96
08/18/2014,OCF,FL,ASO,ES,Federal Contract Tower,0,1,17,0,18,0,0,40,0,40,0,1,57,0,58,30,0,30,88
08/19/2014,OCF,FL,ASO,ES,Federal Contract Tower,0,0,23,4,27,0,0,106,0,106,0,0,129,4,133,46,0,46,179
08/20/2014,OCF,FL,ASO,ES,Federal Contract Tower,0,0,28,0,28,0,0,68,0,68,0,0,96,0,96,36,0,36,132
08/21/2014,OCF,FL,ASO,ES,Federal Contract Tower,0,1,44,2,47,0,0,78,0,78,0,1,122,2,125,57,0,57,182
08/22/2014,OCF,FL,ASO,ES,Federal Contract Tower,0,0,20,1,21,0,0,69,1,70,0,0,89,2,91,27,0,27,118
08/23/2014,OCF,FL,ASO,ES,Federal Contract Tower,0,0,46,6,52,0,0,63,6,69,0,0,109,12,121,6,0,6,127
08/24/2014,OCF,FL,ASO,ES,Federal Contract Tower,0,0,19,4,23,0,0,53,0,53,0,0,72,4,76,0,0,0,76
08/25/2014,OCF,FL,ASO,ES,Federal Contract Tower,0,7,28,9,44,0,0,16,1,17,0,7,44,10,61,0,0,0,61
08/26/2014,OCF,FL,ASO,ES,Federal Contract Tower,0,0,27,2,29,0,0,51,0,51,0,0,78,2,80,46,0,46,126
08/27/2014,OCF,FL,ASO,ES,Federal Contract Tower,0,1,32,4,37,0,0,72,0,72,0,1,104,4,109,18,0,18,127
08/28/2014,OCF,FL,ASO,ES,Federal Contract Tower,0,1,28,0,29,0,0,76,0,76,0,1,104,0,105,66,0,66,171
08/29/2014,OCF,FL,ASO,ES,Federal Contract Tower,1,6,34,0,41,0,0,67,0,67,1,6,101,0,108,8,0,8,116
08/30/2014,OCF,FL,ASO,ES,Federal Contract Tower,0,0,11,0,11,0,1,65,0,66,0,1,76,0,77,16,0,16,93
08/31/2014,OCF,FL,ASO,ES,Federal Contract Tower,0,0,25,0,25,0,0,66,0,66,0,0,91,0,91,56,0,56,147
09/01/2014,OCF,FL,ASO,ES,Federal Contract Tower,0,2,28,0,30,0,0,58,0,58,0,2,86,0,88,34,0,34,122
09/02/2014,OCF,FL,ASO,ES,Federal Contract Tower,0,2,45,5,52,0,0,74,0,74,0,2,119,5,126,70,0,70,196
09/03/2014,OCF,FL,ASO,ES,Federal Contract Tower,0,5,15,2,22,0,0,93,0,93,0,5,108,2,115,28,0,28,143
09/04/2014,OCF,FL,ASO,ES,Federal Contract Tower,0,0,37,4,41,0,0,67,2,69,0,0,104,6,110,38,0,38,148
09/05/2014,OCF,FL,ASO,ES,Federal Contract Tower,0,4,18,0,22,0,0,36,0,36,0,4,54,0,58,40,0,40,98
09/06/2014,OCF,FL,ASO,ES,Federal Contract Tower,0,3,30,0,33,0,0,31,0,31,0,3,61,0,64,16,0,16,80
09/07/2014,OCF,FL,ASO,ES,Federal Contract Tower,0,2,13,0,15,0,0,23,0,23,0,2,36,0,38,22,0,22,60
09/08/2014,OCF,FL,ASO,ES,Federal Contract Tower,0,2,32,0,34,0,0,35,0,35,0,2,67,0,69,48,0,48,117
09/09/2014,OCF,FL,ASO,ES,Federal Contract Tower,0,0,18,0,18,0,0,47,1,48,0,0,65,1,66,48,0,48,114
09/10/2014,OCF,FL,ASO,ES,Federal Contract Tower,0,1,29,0,30,0,0,86,0,86,0,1,115,0,116,24,0,24,140
09/11/2014,OCF,FL,ASO,ES,Federal Contract Tower,0,1,31,0,32,0,0,60,2,62,0,1,91,2,94,42,0,42,136
09/12/2014,OCF,FL,ASO,ES,Federal Contract Tower,2,2,54,12,70,0,0,60,0,60,2,2,114,12,130,64,0,64,194
09/13/2014,OCF,FL,ASO,ES,Federal Contract Tower,0,2,11,4,17,0,0,60,0,60,0,2,71,4,77,36,0,36,113
09/14/2014,OCF,FL,ASO,ES,Federal Contract Tower,0,0,17,0,17,0,0,58,0,58,0,0,75,0,75,58,0,58,133
09/15/2014,OCF,FL,ASO,ES,Federal Contract Tower,0,1,16,0,17,0,0,53,0,53,0,1,69,0,70,52,0,52,122
09/16/2014,OCF,FL,ASO,ES,Federal Contract Tower,0,1,27,0,28,0,0,24,0,24,0,1,51,0,52,42,0,42,94
09/17/2014,OCF,FL,ASO,ES,Federal Contract Tower,0,0,36,4,40,0,0,44,0,44,0,0,80,4,84,54,0,54,138
09/18/2014,OCF,FL,ASO,ES,Federal Contract Tower,0,2,50,0,52,0,0,78,2,80,0,2,128,2,132,104,0,104,236
09/19/2014,OCF,FL,ASO,ES,Federal Contract Tower,0,0,31,0,31,0,0,25,0,25,0,0,56,0,56,40,0,40,96
09/20/2014,OCF,FL,ASO,ES,Federal Contract Tower,0,0,42,0,42,0,0,21,0,21,0,0,63,0,63,26,0,26,89
09/21/2014,OCF,FL,ASO,ES,Federal Contract Tower,0,0,28,0,28,0,0,85,0,85,0,0,113,0,113,38,0,38,151
09/22/2014,OCF,FL,ASO,ES,Federal Contract Tower,0,0,8,4,12,0,0,39,0,39,0,0,47,4,51,52,0,52,103
09/23/2014,OCF,FL,ASO,ES,Federal Contract Tower,0,0,30,2,32,0,0,13,0,13,0,0,43,2,45,38,0,38,83
09/24/2014,OCF,FL,ASO,ES,Federal Contract Tower,0,0,63,2,65,0,0,15,1,16,0,0,78,3,81,22,0,22,103
09/25/2014,OCF,FL,ASO,ES,Federal Contract Tower,0,0,51,4,55,0,0,31,0,31,0,0,82,4,86,48,0,48,134
09/26/2014,OCF,FL,ASO,ES,Federal Contract Tower,0,1,36,0,37,0,0,25,0,25,0,1,61,0,62,14,0,14,76
09/27/2014,OCF,FL,ASO,ES,Federal Contract Tower,0,1,16,0,17,0,0,5,0,5,0,1,21,0,22,4,0,4,26
09/28/2014,OCF,FL,ASO,ES,Federal Contract Tower,0,0,36,2,38,0,0,12,0,12,0,0,48,2,50,8,0,8,58
09/29/2014,OCF,FL,ASO,ES,Federal Contract Tower,0,1,14,0,15,0,0,14,0,14,0,1,28,0,29,16,0,16,45
09/30/2014,OCF,FL,ASO,ES,Federal Contract Tower,0,0,23,0,23,0,0,13,0,13,0,0,36,0,36,2,0,2,38
10/01/2014,OCF,FL,ASO,ES,Federal Contract Tower,0,4,49,2,55,0,0,63,0,63,0,4,112,2,118,54,0,54,172
10/02/2014,OCF,FL,ASO,ES,Federal Contract Tower,0,2,57,1,60,0,0,110,0,110,0,2,167,1,170,90,0,90,260
10/03/2014,OCF,FL,ASO,ES,Federal Contract Tower,0,3,25,2,30,0,0,70,0,70,0,3,95,2,100,20,0,20,120
10/04/2014,OCF,FL,ASO,ES,Federal Contract Tower,0,0,30,0,30,0,0,63,0,63,0,0,93,0,93,34,0,34,127
10/05/2014,OCF,FL,ASO,ES,Federal Contract Tower,0,0,49,4,53,0,0,124,0,124,0,0,173,4,177,28,0,28,205
10/06/2014,OCF,FL,ASO,ES,Federal Contract Tower,0,7,21,0,28,0,0,93,0,93,0,7,114,0,121,10,0,10,131
10/07/2014,OCF,FL,ASO,ES,Federal Contract Tower,0,0,25,0,25,0,0,94,2,96,0,0,119,2,121,40,0,40,161
10/08/2014,OCF,FL,ASO,ES,Federal Contract Tower,0,2,45,5,52,0,0,104,0,104,0,2,149,5,156,48,0,48,204
10/09/2014,OCF,FL,ASO,ES,Federal Contract Tower,0,4,48,0,52,0,0,116,0,116,0,4,164,0,168,60,0,60,228
10/10/2014,OCF,FL,ASO,ES,Federal Contract Tower,2,2,33,0,37,0,0,62,0,62,2,2,95,0,99,8,0,8,107
10/11/2014,OCF,FL,ASO,ES,Federal Contract Tower,0,3,25,0,28,0,0,68,0,68,0,3,93,0,96,32,0,32,128
10/12/2014,OCF,FL,ASO,ES,Federal Contract Tower,0,1,25,0,26,0,0,90,0,90,0,1,115,0,116,4,0,4,120
10/13/2014,OCF,FL,ASO,ES,Federal Contract Tower,0,5,14,0,19,0,0,85,0,85,0,5,99,0,104,42,0,42,146
10/14/2014,OCF,FL,ASO,ES,Federal Contract Tower,0,3,12,0,15,0,0,15,0,15,0,3,27,0,30,34,0,34,64
10/15/2014,OCF,FL,ASO,ES,Federal Contract Tower,0,2,43,1,46,0,0,56,0,56,0,2,99,1,102,12,0,12,114
10/16/2014,OCF,FL,ASO,ES,Federal Contract Tower,0,3,37,0,40,0,0,91,0,91,0,3,128,0,131,26,0,26,157
10/17/2014,OCF,FL,ASO,ES,Federal Contract Tower,2,2,45,6,55,0,0,94,0,94,2,2,139,6,149,18,0,18,167
10/18/2014,OCF,FL,ASO,ES,Federal Contract Tower,0,4,25,0,29,0,0,76,0,76,0,4,101,0,105,24,0,24,129
10/19/2014,OCF,FL,ASO,ES,Federal Contract Tower,0,0,37,0,37,0,0,69,0,69,0,0,106,0,106,2,0,2,108
10/20/2014,OCF,FL,ASO,ES,Federal Contract Tower,0,1,27,2,30,0,0,44,0,44,0,1,71,2,74,16,0,16,90
10/21/2014,OCF,FL,ASO,ES,Federal Contract Tower,0,1,59,6,66,0,0,67,0,67,0,1,126,6,133,46,0,46,179
10/22/2014,OCF,FL,ASO,ES,Federal Contract Tower,2,0,44,5,51,0,0,83,1,84,2,0,127,6,135,34,0,34,169
10/23/2014,OCF,FL,ASO,ES,Federal Contract Tower,0,3,64,6,73,0,0,76,0,76,0,3,140,6,149,30,0,30,179
10/24/2014,OCF,FL,ASO,ES,Federal Contract Tower,0,3,68,0,71,0,0,81,0,81,0,3,149,0,152,66,0,66,218
10/25/2014,OCF,FL,ASO,ES,Federal Contract Tower,0,2,39,2,43,0,0,94,0,94,0,2,133,2,137,38,0,38,175
10/26/2014,OCF,FL,ASO,ES,Federal Contract Tower,0,6,33,5,44,0,0,71,2,73,0,6,104,7,117,20,8,28,145
10/27/2014,OCF,FL,ASO,ES,Federal Contract Tower,0,1,33,0,34,0,0,55,0,55,0,1,88,0,89,34,0,34,123
10/28/2014,OCF,FL,ASO,ES,Federal Contract Tower,0,1,27,0,28,0,0,65,2,67,0,1,92,2,95,14,2,16,111
10/29/2014,OCF,FL,ASO,ES,Federal Contract Tower,0,0,26,6,32,0,2,69,0,71,0,2,95,6,103,30,0,30,133
10/30/2014,OCF,FL,ASO,ES,Federal Contract Tower,0,1,43,2,46,0,0,53,4,57,0,1,96,6,103,32,0,32,135
10/31/2014,OCF,FL,ASO,ES,Federal Contract Tower,0,0,56,0,56,0,0,64,0,64,0,0,120,0,120,20,0,20,140
11/01/2014,OCF,FL,ASO,ES,Federal Contract Tower,0,0,14,0,14,0,0,21,0,21,0,0,35,0,35,8,0,8,43
11/02/2014,OCF,FL,ASO,ES,Federal Contract Tower,0,1,41,0,42,0,0,73,0,73,0,1,114,0,115,22,0,22,137
11/03/2014,OCF,FL,ASO,ES,Federal Contract Tower,0,1,36,1,38,0,0,69,2,71,0,1,105,3,109,66,10,76,185
11/04/2014,OCF,FL,ASO,ES,Federal Contract Tower,0,1,51,6,58,0,0,63,0,63,0,1,114,6,121,30,0,30,151
11/05/2014,OCF,FL,ASO,ES,Federal Contract Tower,0,0,47,0,47,0,0,72,0,72,0,0,119,0,119,34,0,34,153
11/06/2014,OCF,FL,ASO,ES,Federal Contract Tower,0,0,27,0,27,0,0,64,0,64,0,0,91,0,91,38,0,38,129
11/07/2014,OCF,FL,ASO,ES,Federal Contract Tower,0,7,28,0,35,0,0,73,0,73,0,7,101,0,108,36,0,36,144
11/08/2014,OCF,FL,ASO,ES,Federal Contract Tower,0,0,43,0,43,0,0,82,0,82,0,0,125,0,125,12,4,16,141
11/09/2014,OCF,FL,ASO,ES,Federal Contract Tower,0,3,31,0,34,0,0,40,0,40,0,3,71,0,74,40,0,40,114
11/10/2014,OCF,FL,ASO,ES,Federal Contract Tower,0,2,30,0,32,0,0,47,0,47,0,2,77,0,79,22,0,22,101
11/11/2014,OCF,FL,ASO,ES,Federal Contract Tower,0,2,59,0,61,0,0,75,0,75,0,2,134,0,136,68,0,68,204
11/12/2014,OCF,FL,ASO,ES,Federal Contract Tower,0,2,41,0,43,0,0,94,0,94,0,2,135,0,137,102,0,102,239
11/13/2014,OCF,FL,ASO,ES,Federal Contract Tower,0,0,55,0,55,0,0,76,2,78,0,0,131,2,133,30,0,30,163
11/14/2014,OCF,FL,ASO,ES,Federal Contract Tower,2,0,62,10,74,0,0,71,0,71,2,0,133,10,145,78,0,78,223
11/15/2014,OCF,FL,ASO,ES,Federal Contract Tower,0,4,33,0,37,0,0,73,0,73,0,4,106,0,110,28,0,28,138
11/16/2014,OCF,FL,ASO,ES,Federal Contract Tower,0,0,23,0,23,0,0,61,0,61,0,0,84,0,84,38,0,38,122
11/17/2014,OCF,FL,ASO,ES,Federal Contract Tower,0,1,7,0,8,0,0,8,0,8,0,1,15,0,16,20,0,20,36
11/18/2014,OCF,FL,ASO,ES,Federal Contract Tower,0,4,45,0,49,0,0,35,0,35,0,4,80,0,84,24,0,24,108
11/19/2014,OCF,FL,ASO,ES,Federal Contract Tower,0,2,30,0,32,0,0,62,2,64,0,2,92,2,96,36,0,36,132
11/20/2014,OCF,FL,ASO,ES,Federal Contract Tower,0,4,33,6,43,0,0,56,0,56,0,4,89,6,99,64,0,64,163
11/21/2014,OCF,FL,ASO,ES,Federal Contract Tower,2,6,40,0,48,0,0,69,0,69,2,6,109,0,117,2,0,2,119
11/22/2014,OCF,FL,ASO,ES,Federal Contract Tower,0,0,39,0,39,0,0,28,0,28,0,0,67,0,67,14,0,14,81
11/23/2014,OCF,FL,ASO,ES,Federal Contract Tower,2,6,14,0,22,0,0,12,0,12,2,6,26,0,34,0,0,0,34
11/24/2014,OCF,FL,ASO,ES,Federal Contract Tower,0,7,25,0,32,0,0,22,0,22,0,7,47,0,54,60,0,60,114
11/25/2014,OCF,FL,ASO,ES,Federal Contract Tower,0,1,6,0,7,0,0,0,0,0,0,1,6,0,7,0,0,0,7
11/26/2014,OCF,FL,ASO,ES,Federal Contract Tower,0,6,42,0,48,0,3,39,0,42,0,9,81,0,90,36,0,36,126
11/27/2014,OCF,FL,ASO,ES,Federal Contract Tower,0,4,8,0,12,0,1,35,0,36,0,5,43,0,48,0,0,0,48
11/28/2014,OCF,FL,ASO,ES,Federal Contract Tower,0,2,31,2,35,0,0,77,0,77,0,2,108,2,112,2,6,8,120
11/29/2014,OCF,FL,ASO,ES,Federal Contract Tower,0,3,26,0,29,0,2,102,0,104,0,5,128,0,133,18,0,18,151
11/30/2014,OCF,FL,ASO,ES,Federal Contract Tower,0,1,41,1,43,0,0,98,1,99,0,1,139,2,142,24,10,34,176
12/01/2014,OCF,FL,ASO,ES,Federal Contract Tower,0,5,35,0,40,0,0,70,0,70,0,5,105,0,110,70,2,72,182
12/02/2014,OCF,FL,ASO,ES,Federal Contract Tower,0,4,26,3,33,0,0,64,1,65,0,4,90,4,98,18,0,18,116
12/03/2014,OCF,FL,ASO,ES,Federal Contract Tower,0,1,46,2,49,0,0,83,0,83,0,1,129,2,132,66,0,66,198
12/04/2014,OCF,FL,ASO,ES,Federal Contract Tower,0,2,37,2,41,0,0,102,0,102,0,2,139,2,143,38,0,38,181
12/05/2014,OCF,FL,ASO,ES,Federal Contract Tower,0,0,42,4,46,0,0,21,0,21,0,0,63,4,67,10,0,10,77
12/06/2014,OCF,FL,ASO,ES,Federal Contract Tower,0,2,26,0,28,0,0,44,0,44,0,2,70,0,72,4,0,4,76
12/07/2014,OCF,FL,ASO,ES,Federal Contract Tower,0,27,22,0,49,0,0,4,0,4,0,27,26,0,53,18,0,18,71
12/08/2014,OCF,FL,ASO,ES,Federal Contract Tower,0,0,53,6,59,0,0,7,0,7,0,0,60,6,66,0,0,0,66
12/09/2014,OCF,FL,ASO,ES,Federal Contract Tower,0,0,31,0,31,0,0,72,0,72,0,0,103,0,103,24,0,24,127
12/10/2014,OCF,FL,ASO,ES,Federal Contract Tower,0,0,55,2,57,0,0,146,0,146,0,0,201,2,203,24,0,24,227
12/11/2014,OCF,FL,ASO,ES,Federal Contract Tower,0,1,44,2,47,0,0,89,0,89,0,1,133,2,136,8,0,8,144
12/12/2014,OCF,FL,ASO,ES,Federal Contract Tower,0,9,35,12,56,0,0,99,1,100,0,9,134,13,156,26,16,42,198
12/13/2014,OCF,FL,ASO,ES,Federal Contract Tower,0,6,39,2,47,0,0,105,0,105,0,6,144,2,152,18,0,18,170
12/14/2014,OCF,FL,ASO,ES,Federal Contract Tower,0,6,23,4,33,0,0,89,0,89,0,6,112,4,122,28,0,28,150
12/15/2014,OCF,FL,ASO,ES,Federal Contract Tower,0,2,40,0,42,0,2,49,0,51,0,4,89,0,93,16,0,16,109
12/16/2014,OCF,FL,ASO,ES,Federal Contract Tower,0,2,27,2,31,0,0,48,0,48,0,2,75,2,79,64,0,64,143
12/17/2014,OCF,FL,ASO,ES,Federal Contract Tower,2,1,41,8,52,0,0,76,0,76,2,1,117,8,128,48,0,48,176
12/18/2014,OCF,FL,ASO,ES,Federal Contract Tower,0,2,48,2,52,0,0,94,0,94,0,2,142,2,146,38,0,38,184
12/19/2014,OCF,FL,ASO,ES,Federal Contract Tower,0,0,50,0,50,0,0,78,0,78,0,0,128,0,128,18,0,18,146
12/20/2014,OCF,FL,ASO,ES,Federal Contract Tower,0,6,21,0,27,0,0,111,0,111,0,6,132,0,138,34,0,34,172
12/21/2014,OCF,FL,ASO,ES,Federal Contract Tower,0,5,23,0,28,0,0,8,0,8,0,5,31,0,36,20,0,20,56
12/22/2014,OCF,FL,ASO,ES,Federal Contract Tower,0,4,13,0,17,0,0,14,0,14,0,4,27,0,31,12,0,12,43
12/23/2014,OCF,FL,ASO,ES,Federal Contract Tower,0,1,23,0,24,0,0,9,0,9,0,1,32,0,33,68,0,68,101
12/24/2014,OCF,FL,ASO,ES,Federal Contract Tower,0,1,6,0,7,0,0,4,0,4,0,1,10,0,11,0,0,0,11
12/25/2014,OCF,FL,ASO,ES,Federal Contract Tower,0,2,15,0,17,0,0,30,0,30,0,2,45,0,47,2,0,2,49
12/26/2014,OCF,FL,ASO,ES,Federal Contract Tower,0,5,35,0,40,0,0,91,0,91,0,5,126,0,131,34,0,34,165
12/27/2014,OCF,FL,ASO,ES,Federal Contract Tower,0,7,42,0,49,0,0,88,0,88,0,7,130,0,137,30,0,30,167
12/28/2014,OCF,FL,ASO,ES,Federal Contract Tower,2,4,24,0,30,0,0,35,0,35,2,4,59,0,65,42,0,42,107
12/29/2014,OCF,FL,ASO,ES,Federal Contract Tower,2,2,30,0,34,0,0,41,0,41,2,2,71,0,75,34,0,34,109
12/30/2014,OCF,FL,ASO,ES,Federal Contract Tower,0,0,38,1,39,0,0,22,0,22,0,0,60,1,61,58,0,58,119
12/31/2014,OCF,FL,ASO,ES,Federal Contract Tower,0,0,24,0,24,0,0,9,1,10,0,0,33,1,34,38,0,38,72
01/01/2015,OCF,FL,ASO,ES,Federal Contract Tower,0,2,27,0,29,0,0,27,0,27,0,2,54,0,56,22,0,22,78
01/02/2015,OCF,FL,ASO,ES,Federal Contract Tower,0,3,18,0,21,0,0,23,0,23,0,3,41,0,44,40,0,40,84
01/03/2015,OCF,FL,ASO,ES,Federal Contract Tower,0,1,32,0,33,0,0,50,0,50,0,1,82,0,83,106,0,106,189
01/04/2015,OCF,FL,ASO,ES,Federal Contract Tower,0,4,12,0,16,0,0,32,0,32,0,4,44,0,48,10,0,10,58
01/05/2015,OCF,FL,ASO,ES,Federal Contract Tower,0,0,40,0,40,0,0,62,0,62,0,0,102,0,102,28,0,28,130
01/06/2015,OCF,FL,ASO,ES,Federal Contract Tower,0,0,30,9,39,0,0,96,0,96,0,0,126,9,135,22,0,22,157
01/07/2015,OCF,FL,ASO,ES,Federal Contract Tower,0,1,43,7,51,0,0,107,1,108,0,1,150,8,159,36,6,42,201
01/08/2015,OCF,FL,ASO,ES,Federal Contract Tower,0,0,46,4,50,0,0,34,0,34,0,0,80,4,84,16,0,16,100
01/09/2015,OCF,FL,ASO,ES,Federal Contract Tower,0,6,29,4,39,0,0,34,0,34,0,6,63,4,73,2,0,2,75
01/10/2015,OCF,FL,ASO,ES,Federal Contract Tower,0,0,14,0,14,0,0,82,0,82,0,0,96,0,96,32,0,32,128
01/11/2015,OCF,FL,ASO,ES,Federal Contract Tower,0,1,22,7,30,0,0,29,1,30,0,1,51,8,60,50,2,52,112
01/12/2015,OCF,FL,ASO,ES,Federal Contract Tower,0,2,20,0,22,0,0,0,0,0,0,2,20,0,22,0,0,0,22
01/13/2015,OCF,FL,ASO,ES,Federal Contract Tower,0,2,56,0,58,0,0,8,0,8,0,2,64,0,66,0,0,0,66
01/14/2015,OCF,FL,ASO,ES,Federal Contract Tower,2,6,57,0,65,0,0,34,0,34,2,6,91,0,99,56,0,56,155
01/15/2015,OCF,FL,ASO,ES,Federal Contract Tower,0,3,27,0,30,0,0,0,0,0,0,3,27,0,30,0,0,0,30
01/16/2015,OCF,FL,ASO,ES,Federal Contract Tower,0,4,54,4,62,0,0,115,0,115,0,4,169,4,177,44,0,44,221
01/17/2015,OCF,FL,ASO,ES,Federal Contract Tower,0,3,38,0,41,0,0,213,0,213,0,3,251,0,254,29,0,29,283
01/18/2015,OCF,FL,ASO,ES,Federal Contract Tower,0,6,30,0,36,0,0,121,0,121,0,6,151,0,157,34,0,34,191
01/19/2015,OCF,FL,ASO,ES,Federal Contract Tower,0,3,44,0,47,0,0,114,0,114,0,3,158,0,161,56,0,56,217
01/20/2015,OCF,FL,ASO,ES,Federal Contract Tower,0,4,22,0,26,0,0,83,0,83,0,4,105,0,109,52,0,52,161
01/21/2015,OCF,FL,ASO,ES,Federal Contract Tower,0,0,39,2,41,0,0,115,0,115,0,0,154,2,156,46,0,46,202
01/22/2015,OCF,FL,ASO,ES,Federal Contract Tower,0,5,26,10,41,0,0,119,0,119,0,5,145,10,160,93,0,93,253
01/23/2015,OCF,FL,ASO,ES,Federal Contract Tower,0,4,14,0,18,0,0,18,0,18,0,4,32,0,36,16,0,16,52
01/24/2015,OCF,FL,ASO,ES,Federal Contract Tower,0,5,31,2,38,0,1,14,2,17,0,6,45,4,55,0,0,0,55
01/25/2015,OCF,FL,ASO,ES,Federal Contract Tower,0,4,34,0,38,0,0,125,0,125,0,4,159,0,163,20,0,20,183
01/26/2015,OCF,FL,ASO,ES,Federal Contract Tower,0,4,30,0,34,0,0,42,0,42,0,4,72,0,76,20,0,20,96
01/27/2015,OCF,FL,ASO,ES,Federal Contract Tower,0,2,49,0,51,0,0,72,2,74,0,2,121,2,125,12,0,12,137
01/28/2015,OCF,FL,ASO,ES,Federal Contract Tower,0,3,45,3,51,0,0,85,0,85,0,3,130,3,136,30,2,32,168
01/29/2015,OCF,FL,ASO,ES,Federal Contract Tower,0,0,58,2,60,0,0,91,0,91,0,0,149,2,151,24,0,24,175
01/30/2015,OCF,FL,ASO,ES,Federal Contract Tower,0,3,44,0,47,0,0,67,0,67,0,3,111,0,114,24,0,24,138
01/31/2015,OCF,FL,ASO,ES,Federal Contract Tower,0,0,40,12,52,0,1,105,0,106,0,1,145,12,158,14,0,14,172
02/01/2015,OCF,FL,ASO,ES,Federal Contract Tower,0,7,38,0,45,0,2,79,0,81,0,9,117,0,126,40,0,40,166
02/02/2015,OCF,FL,ASO,ES,Federal Contract Tower,0,2,22,4,28,0,0,14,0,14,0,2,36,4,42,10,0,10,52
02/03/2015,OCF,FL,ASO,ES,Federal Contract Tower,0,2,50,0,52,0,0,100,0,100,0,2,150,0,152,52,0,52,204
02/04/2015,OCF,FL,ASO,ES,Federal Contract Tower,0,2,32,0,34,0,0,47,0,47,0,2,79,0,81,36,0,36,117
02/05/2015,OCF,FL,ASO,ES,Federal Contract Tower,0,3,51,4,58,0,0,31,0,31,0,3,82,4,89,146,0,146,235
02/06/2015,OCF,FL,ASO,ES,Federal Contract Tower,0,5,48,6,59,0,0,125,0,125,0,5,173,6,184,136,0,136,320
02/07/2015,OCF,FL,ASO,ES,Federal Contract Tower,0,0,24,4,28,0,0,159,0,159,0,0,183,4,187,38,0,38,225
02/08/2015,OCF,FL,ASO,ES,Federal Contract Tower,0,11,26,0,37,0,0,102,0,102,0,11,128,0,139,28,0,28,167
02/09/2015,OCF,FL,ASO,ES,Federal Contract Tower,1,5,31,0,37,0,0,54,0,54,1,5,85,0,91,46,0,46,137
02/10/2015,OCF,FL,ASO,ES,Federal Contract Tower,0,4,40,2,46,0,0,37,3,40,0,4,77,5,86,38,0,38,124
02/11/2015,OCF,FL,ASO,ES,Federal Contract Tower,2,2,48,10,62,0,0,153,0,153,2,2,201,10,215,76,0,76,291
02/12/2015,OCF,FL,ASO,ES,Federal Contract Tower,2,4,47,0,53,0,0,53,0,53,2,4,100,0,106,28,0,28,134
02/13/2015,OCF,FL,ASO,ES,Federal Contract Tower,0,4,47,0,51,0,0,105,0,105,0,4,152,0,156,66,0,66,222
02/14/2015,OCF,FL,ASO,ES,Federal Contract Tower,0,4,26,0,30,0,0,130,0,130,0,4,156,0,160,46,0,46,206
02/15/2015,OCF,FL,ASO,ES,Federal Contract Tower,0,3,51,0,54,0,0,62,0,62,0,3,113,0,116,32,0,32,148
02/16/2015,OCF,FL,ASO,ES,Federal Contract Tower,0,5,24,0,29,0,0,77,0,77,0,5,101,0,106,68,0,68,174
02/17/2015,OCF,FL,ASO,ES,Federal Contract Tower,0,4,12,0,16,0,0,3,0,3,0,4,15,0,19,0,0,0,19
02/18/2015,OCF,FL,ASO,ES,Federal Contract Tower,0,6,30,7,43,0,0,75,3,78,0,6,105,10,121,50,4,54,175
02/19/2015,OCF,FL,ASO,ES,Federal Contract Tower,0,11,34,4,49,0,1,67,0,68,0,12,101,4,117,44,0,44,161
02/20/2015,OCF,FL,ASO,ES,Federal Contract Tower,0,1,44,6,51,0,0,114,2,116,0,1,158,8,167,162,0,162,329
02/21/2015,OCF,FL,ASO,ES,Federal Contract Tower,0,5,27,0,32,0,0,91,0,91,0,5,118,0,123,62,0,62,185
02/22/2015,OCF,FL,ASO,ES,Federal Contract Tower,0,3,27,5,35,0,0,99,1,100,0,3,126,6,135,6,12,18,153
02/23/2015,OCF,FL,ASO,ES,Federal Contract Tower,0,0,37,0,37,0,0,29,0,29,0,0,66,0,66,36,0,36,102
02/24/2015,OCF,FL,ASO,ES,Federal Contract Tower,0,1,29,0,30,0,0,0,0,0,0,1,29,0,30,0,0,0,30
02/25/2015,OCF,FL,ASO,ES,Federal Contract Tower,0,3,41,4,48,0,0,2,0,2,0,3,43,4,50,16,14,30,80
02/26/2015,OCF,FL,ASO,ES,Federal Contract Tower,0,1,40,12,53,0,0,47,0,47,0,1,87,12,100,98,0,98,198
02/27/2015,OCF,FL,ASO,ES,Federal Contract Tower,0,6,53,6,65,0,0,89,0,89,0,6,142,6,154,106,0,106,260
02/28/2015,OCF,FL,ASO,ES,Federal Contract Tower,0,4,20,0,24,0,0,2,0,2,0,4,22,0,26,6,0,6,32
03/01/2015,OCF,FL,ASO,ES,Federal Contract Tower,2,6,43,0,51,0,0,17,0,17,2,6,60,0,68,0,0,0,68
03/02/2015,OCF,FL,ASO,ES,Federal Contract Tower,0,8,20,0,28,0,0,50,0,50,0,8,70,0,78,84,0,84,162
03/03/2015,OCF,FL,ASO,ES,Federal Contract Tower,0,0,16,0,16,0,0,73,0,73,0,0,89,0,89,68,0,68,157
03/04/2015,OCF,FL,ASO,ES,Federal Contract Tower,0,3,30,2,35,0,0,76,0,76,0,3,106,2,111,104,0,104,215
03/05/2015,OCF,FL,ASO,ES,Federal Contract Tower,0,1,46,4,51,0,0,49,1,50,0,1,95,5,101,26,0,26,127
03/06/2015,OCF,FL,ASO,ES,Federal Contract Tower,0,6,51,4,61,0,0,0,0,0,0,6,51,4,61,0,0,0,61
03/07/2015,OCF,FL,ASO,ES,Federal Contract Tower,0,5,40,4,49,0,0,97,0,97,0,5,137,4,146,68,0,68,214
03/08/2015,OCF,FL,ASO,ES,Federal Contract Tower,0,9,47,2,58,0,0,97,0,97,0,9,144,2,155,72,10,82,237
03/09/2015,OCF,FL,ASO,ES,Federal Contract Tower,0,2,24,4,30,0,0,90,0,90,0,2,114,4,120,92,4,96,216
03/10/2015,OCF,FL,ASO,ES,Federal Contract Tower,0,3,29,2,34,0,0,94,0,94,0,3,123,2,128,132,0,132,260
03/11/2015,OCF,FL,ASO,ES,Federal Contract Tower,0,4,39,2,45,0,0,76,0,76,0,4,115,2,121,63,0,63,184
03/12/2015,OCF,FL,ASO,ES,Federal Contract Tower,0,5,38,0,43,0,0,66,0,66,0,5,104,0,109,124,0,124,233
03/13/2015,OCF,FL,ASO,ES,Federal Contract Tower,0,2,34,2,38,0,0,65,3,68,0,2,99,5,106,76,0,76,182
03/14/2015,OCF,FL,ASO,ES,Federal Contract Tower,0,5,29,0,34,0,0,96,0,96,0,5,125,0,130,32,0,32,162
03/15/2015,OCF,FL,ASO,ES,Federal Contract Tower,0,4,52,1,57,0,0,91,0,91,0,4,143,1,148,54,0,54,202
03/16/2015,OCF,FL,ASO,ES,Federal Contract Tower,0,6,48,0,54,0,0,100,0,100,0,6,148,0,154,88,0,88,242
03/17/2015,OCF,FL,ASO,ES,Federal Contract Tower,2,7,48,6,63,0,0,104,0,104,2,7,152,6,167,132,0,132,299
03/18/2015,OCF,FL,ASO,ES,Federal Contract Tower,0,6,46,2,54,0,2,108,0,110,0,8,154,2,164,128,0,128,292
03/19/2015,OCF,FL,ASO,ES,Federal Contract Tower,2,14,48,10,74,0,0,76,0,76,2,14,124,10,150,98,0,98,248
03/20/2015,OCF,FL,ASO,ES,Federal Contract Tower,0,15,44,0,59,0,0,78,0,78,0,15,122,0,137,80,0,80,217
03/21/2015,OCF,FL,ASO,ES,Federal Contract Tower,0,8,60,0,68,0,0,71,2,73,0,8,131,2,141,20,0,20,161
03/22/2015,OCF,FL,ASO,ES,Federal Contract Tower,2,11,62,0,75,0,0,64,0,64,2,11,126,0,139,36,0,36,175
03/23/2015,OCF,FL,ASO,ES,Federal Contract Tower,0,8,39,0,47,0,0,16,0,16,0,8,55,0,63,4,0,4,67
03/24/2015,OCF,FL,ASO,ES,Federal Contract Tower,0,3,44,0,47,0,0,17,0,17,0,3,61,0,64,14,0,14,78
03/25/2015,OCF,FL,ASO,ES,Federal Contract Tower,0,2,24,5,31,0,0,61,1,62,0,2,85,6,93,100,0,100,193
03/26/2015,OCF,FL,ASO,ES,Federal Contract Tower,0,3,26,0,29,0,0,30,0,30,0,3,56,0,59,54,0,54,113
03/27/2015,OCF,FL,ASO,ES,Federal Contract Tower,0,1,20,4,25,0,0,18,0,18,0,1,38,4,43,28,0,28,71
03/28/2015,OCF,FL,ASO,ES,Federal Contract Tower,0,6,46,0,52,0,0,76,0,76,0,6,122,0,128,34,0,34,162
03/29/2015,OCF,FL,ASO,ES,Federal Contract Tower,0,11,34,0,45,0,0,120,0,120,0,11,154,0,165,42,0,42,207
03/30/2015,OCF,FL,ASO,ES,Federal Contract Tower,0,0,42,0,42,0,0,96,0,96,0,0,138,0,138,44,0,44,182
03/31/2015,OCF,FL,ASO,ES,Federal Contract Tower,0,2,44,0,46,0,0,60,0,60,0,2,104,0,106,50,0,50,156
04/01/2015,OCF,FL,ASO,ES,Federal Contract Tower,0,4,29,1,34,0,0,54,0,54,0,4,83,1,88,66,0,66,154
04/02/2015,OCF,FL,ASO,ES,Federal Contract Tower,0,9,35,0,44,0,0,73,0,73,0,9,108,0,117,90,0,90,207
04/03/2015,OCF,FL,ASO,ES,Federal Contract Tower,0,6,18,0,24,0,0,95,0,95,0,6,113,0,119,88,0,88,207
04/04/2015,OCF,FL,ASO,ES,Federal Contract Tower,0,1,33,0,34,0,0,130,4,134,0,1,163,4,168,4,0,4,172
04/05/2015,OCF,FL,ASO,ES,Federal Contract Tower,0,6,22,0,28,0,0,32,0,32,0,6,54,0,60,2,0,2,62
04/06/2015,OCF,FL,ASO,ES,Federal Contract Tower,0,8,21,9,38,0,0,93,3,96,0,8,114,12,134,90,18,108,242
04/07/2015,OCF,FL,ASO,ES,Federal Contract Tower,0,2,25,1,28,0,0,90,0,90,0,2,115,1,118,138,10,148,266
04/08/2015,OCF,FL,ASO,ES,Federal Contract Tower,0,7,27,6,40,0,0,146,1,147,0,7,173,7,187,120,4,124,311
04/09/2015,OCF,FL,ASO,ES,Federal Contract Tower,2,2,20,2,26,0,0,107,0,107,2,2,127,2,133,70,0,70,203
04/10/2015,OCF,FL,ASO,ES,Federal Contract Tower,0,2,33,6,41,0,0,122,1,123,0,2,155,7,164,52,12,64,228
04/11/2015,OCF,FL,ASO,ES,Federal Contract Tower,0,4,34,0,38,0,0,109,0,109,0,4,143,0,147,36,0,36,183
04/12/2015,OCF,FL,ASO,ES,Federal Contract Tower,0,4,35,0,39,0,0,63,0,63,0,4,98,0,102,34,0,34,136
04/13/2015,OCF,FL,ASO,ES,Federal Contract Tower,0,0,22,0,22,0,0,46,0,46,0,0,68,0,68,30,0,30,98
04/14/2015,OCF,FL,ASO,ES,Federal Contract Tower,0,1,22,0,23,0,0,62,0,62,0,1,84,0,85,74,0,74,159
04/15/2015,OCF,FL,ASO,ES,Federal Contract Tower,0,3,17,2,22,0,0,67,0,67,0,3,84,2,89,122,0,122,211
04/16/2015,OCF,FL,ASO,ES,Federal Contract Tower,2,3,32,0,37,0,0,41,1,42,2,3,73,1,79,74,0,74,153
04/17/2015,OCF,FL,ASO,ES,Federal Contract Tower,0,5,28,6,39,0,0,13,0,13,0,5,41,6,52,22,0,22,74
04/18/2015,OCF,FL,ASO,ES,Federal Contract Tower,0,1,33,0,34,0,0,71,0,71,0,1,104,0,105,68,0,68,173
04/19/2015,OCF,FL,ASO,ES,Federal Contract Tower,0,10,24,9,43,0,0,47,1,48,0,10,71,10,91,8,10,18,109
04/20/2015,OCF,FL,ASO,ES,Federal Contract Tower,0,12,17,0,29,0,0,46,0,46,0,12,63,0,75,28,0,28,103
04/21/2015,OCF,FL,ASO,ES,Federal Contract Tower,0,5,39,0,44,0,2,108,0,110,0,7,147,0,154,78,0,78,232
04/22/2015,OCF,FL,ASO,ES,Federal Contract Tower,0,1,50,6,57,0,0,112,0,112,0,1,162,6,169,82,0,82,251
04/23/2015,OCF,FL,ASO,ES,Federal Contract Tower,2,7,28,4,41,0,1,112,0,113,2,8,140,4,154,78,0,78,232
04/24/2015,OCF,FL,ASO,ES,Federal Contract Tower,0,7,26,4,37,0,0,91,0,91,0,7,117,4,128,44,18,62,190
04/25/2015,OCF,FL,ASO,ES,Federal Contract Tower,2,2,20,0,24,0,0,72,0,72,2,2,92,0,96,0,0,0,96
04/26/2015,OCF,FL,ASO,ES,Federal Contract Tower,0,4,29,0,33,0,0,39,0,39,0,4,68,0,72,6,0,6,78
04/27/2015,OCF,FL,ASO,ES,Federal Contract Tower,0,1,21,0,22,0,0,24,0,24,0,1,45,0,46,24,0,24,70
04/28/2015,OCF,FL,ASO,ES,Federal Contract Tower,0,0,16,0,16,0,0,28,0,28,0,0,44,0,44,54,0,54,98
04/29/2015,OCF,FL,ASO,ES,Federal Contract Tower,0,3,28,1,32,0,0,66,0,66,0,3,94,1,98,58,0,58,156
04/30/2015,OCF,FL,ASO,ES,Federal Contract Tower,0,1,44,3,48,0,0,97,1,98,0,1,141,4,146,6,57,63,209
05/01/2015,OCF,FL,ASO,ES,Federal Contract Tower,0,2,34,2,38,0,0,89,0,89,0,2,123,2,127,48,20,68,195
05/02/2015,OCF,FL,ASO,ES,Federal Contract Tower,0,0,34,0,34,0,0,128,0,128,0,0,162,0,162,26,0,26,188
05/03/2015,OCF,FL,ASO,ES,Federal Contract Tower,0,6,16,4,26,0,0,79,0,79,0,6,95,4,105,16,0,16,121
05/04/2015,OCF,FL,ASO,ES,Federal Contract Tower,0,0,39,2,41,0,0,96,0,96,0,0,135,2,137,52,0,52,189
05/05/2015,OCF,FL,ASO,ES,Federal Contract Tower,1,0,27,0,28,0,0,65,0,65,1,0,92,0,93,68,0,68,161
05/06/2015,OCF,FL,ASO,ES,Federal Contract Tower,2,3,32,6,43,0,0,49,6,55,2,3,81,12,98,79,0,79,177
05/07/2015,OCF,FL,ASO,ES,Federal Contract Tower,0,0,33,0,33,0,0,127,0,127,0,0,160,0,160,126,0,126,286
05/08/2015,OCF,FL,ASO,ES,Federal Contract Tower,0,9,50,6,65,0,0,106,0,106,0,9,156,6,171,64,18,82,253
05/09/2015,OCF,FL,ASO,ES,Federal Contract Tower,0,3,32,2,37,0,3,107,0,110,0,6,139,2,147,44,0,44,191
05/10/2015,OCF,FL,ASO,ES,Federal Contract Tower,0,3,18,0,21,0,0,73,0,73,0,3,91,0,94,4,0,4,98
05/11/2015,OCF,FL,ASO,ES,Federal Contract Tower,0,3,18,0,21,0,0,71,0,71,0,3,89,0,92,110,0,110,202
05/12/2015,OCF,FL,ASO,ES,Federal Contract Tower,1,1,13,0,15,0,0,90,0,90,1,1,103,0,105,148,0,148,253
05/13/2015,OCF,FL,ASO,ES,Federal Contract Tower,0,0,37,1,38,0,0,62,1,63,0,0,99,2,101,114,14,128,229
05/14/2015,OCF,FL,ASO,ES,Federal Contract Tower,2,4,25,2,33,0,0,96,2,98,2,4,121,4,131,98,0,98,229
05/15/2015,OCF,FL,ASO,ES,Federal Contract Tower,0,8,34,0,42,0,1,59,2,62,0,9,93,2,104,50,0,50,154
05/16/2015,OCF,FL,ASO,ES,Federal Contract Tower,1,2,35,0,38,0,0,103,0,103,1,2,138,0,141,50,0,50,191
05/17/2015,OCF,FL,ASO,ES,Federal Contract Tower,0,5,28,0,33,0,0,60,2,62,0,5,88,2,95,8,12,20,115
05/18/2015,OCF,FL,ASO,ES,Federal Contract Tower,0,1,12,9,22,0,0,98,0,98,0,1,110,9,120,58,6,64,184
05/19/2015,OCF,FL,ASO,ES,Federal Contract Tower,0,3,54,0,57,0,0,84,0,84,0,3,138,0,141,150,0,150,291
05/20/2015,OCF,FL,ASO,ES,Federal Contract Tower,0,0,20,0,20,0,0,75,0,75,0,0,95,0,95,134,0,134,229
05/21/2015,OCF,FL,ASO,ES,Federal Contract Tower,0,2,31,0,33,0,0,86,2,88,0,2,117,2,121,92,8,100,221
05/22/2015,OCF,FL,ASO,ES,Federal Contract Tower,0,5,56,0,61,0,0,106,0,106,0,5,162,0,167,48,0,48,215
05/23/2015,OCF,FL,ASO,ES,Federal Contract Tower,0,2,24,0,26,0,0,72,0,72,0,2,96,0,98,2,0,2,100
05/24/2015,OCF,FL,ASO,ES,Federal Contract Tower,0,1,12,1,14,0,0,57,0,57,0,1,69,1,71,10,0,10,81
05/25/2015,OCF,FL,ASO,ES,Federal Contract Tower,0,2,15,0,17,0,0,63,0,63,0,2,78,0,80,4,0,4,84
05/26/2015,OCF,FL,ASO,ES,Federal Contract Tower,0,0,33,0,33,0,0,72,0,72,0,0,105,0,105,90,0,90,195
05/27/2015,OCF,FL,ASO,ES,Federal Contract Tower,0,0,24,9,33,0,0,99,1,100,0,0,123,10,133,84,0,84,217
05/28/2015,OCF,FL,ASO,ES,Federal Contract Tower,0,5,26,0,31,0,0,113,0,113,0,5,139,0,144,74,0,74,218
05/29/2015,OCF,FL,ASO,ES,Federal Contract Tower,0,2,41,0,43,0,0,100,0,100,0,2,141,0,143,113,0,113,256
05/30/2015,OCF,FL,ASO,ES,Federal Contract Tower,0,2,38,0,40,0,0,71,0,71,0,2,109,0,111,32,0,32,143
05/31/2015,OCF,FL,ASO,ES,Federal Contract Tower,0,0,30,0,30,0,0,68,0,68,0,0,98,0,98,22,0,22,120
06/01/2015,OCF,FL,ASO,ES,Federal Contract Tower,0,0,16,1,17,0,0,50,1,51,0,0,66,2,68,20,14,34,102
06/02/2015,OCF,FL,ASO,ES,Federal Contract Tower,0,0,18,0,18,0,0,35,0,35,0,0,53,0,53,60,0,60,113
06/03/2015,OCF,FL,ASO,ES,Federal Contract Tower,0,2,13,0,15,0,0,88,0,88,0,2,101,0,103,74,0,74,177
06/04/2015,OCF,FL,ASO,ES,Federal Contract Tower,0,2,38,0,40,0,0,142,0,142,0,2,180,0,182,140,0,140,322
06/05/2015,OCF,FL,ASO,ES,Federal Contract Tower,0,0,24,3,27,0,0,73,0,73,0,0,97,3,100,28,14,42,142
06/06/2015,OCF,FL,ASO,ES,Federal Contract Tower,0,2,19,0,21,0,0,59,1,60,0,2,78,1,81,14,0,14,95
06/07/2015,OCF,FL,ASO,ES,Federal Contract Tower,0,0,44,2,46,0,0,74,0,74,0,0,118,2,120,36,0,36,156
06/08/2015,OCF,FL,ASO,ES,Federal Contract Tower,0,0,43,0,43,0,0,61,0,61,0,0,104,0,104,68,0,68,172
06/09/2015,OCF,FL,ASO,ES,Federal Contract Tower,0,2,29,3,34,0,0,70,1,71,0,2,99,4,105,52,12,64,169
06/10/2015,OCF,FL,ASO,ES,Federal Contract Tower,0,2,18,0,20,0,0,36,0,36,0,2,54,0,56,124,0,124,180
06/11/2015,OCF,FL,ASO,ES,Federal Contract Tower,0,0,20,4,24,0,0,60,1,61,0,0,80,5,85,90,8,98,183
06/12/2015,OCF,FL,ASO,ES,Federal Contract Tower,0,0,31,2,33,0,0,124,0,124,0,0,155,2,157,46,0,46,203
06/13/2015,OCF,FL,ASO,ES,Federal Contract Tower,0,2,16,0,18,0,0,63,0,63,0,2,79,0,81,40,0,40,121
06/14/2015,OCF,FL,ASO,ES,Federal Contract Tower,0,3,13,0,16,0,0,98,0,98,0,3,111,0,114,50,0,50,164
06/15/2015,OCF,FL,ASO,ES,Federal Contract Tower,0,3,16,5,24,0,0,111,1,112,0,3,127,6,136,52,12,64,200
06/16/2015,OCF,FL,ASO,ES,Federal Contract Tower,0,2,29,4,35,0,0,95,0,95,0,2,124,4,130,30,0,30,160
06/17/2015,OCF,FL,ASO,ES,Federal Contract Tower,0,0,16,0,16,0,0,123,0,123,0,0,139,0,139,66,0,66,205
06/18/2015,OCF,FL,ASO,ES,Federal Contract Tower,0,2,29,0,31,0,0,79,0,79,0,2,108,0,110,52,0,52,162
06/19/2015,OCF,FL,ASO,ES,Federal Contract Tower,1,4,42,6,53,0,0,95,0,95,1,4,137,6,148,36,0,36,184
06/20/2015,OCF,FL,ASO,ES,Federal Contract Tower,2,3,30,0,35,0,0,73,0,73,2,3,103,0,108,42,0,42,150
06/21/2015,OCF,FL,ASO,ES,Federal Contract Tower,1,3,21,0,25,0,0,62,0,62,1,3,83,0,87,4,0,4,91
06/22/2015,OCF,FL,ASO,ES,Federal Contract Tower,0,0,17,0,17,0,0,51,0,51,0,0,68,0,68,44,0,44,112
06/23/2015,OCF,FL,ASO,ES,Federal Contract Tower,0,4,12,2,18,0,0,69,2,71,0,4,81,4,89,66,0,66,155
06/24/2015,OCF,FL,ASO,ES,Federal Contract Tower,0,6,33,0,39,0,0,82,0,82,0,6,115,0,121,50,0,50,171
06/25/2015,OCF,FL,ASO,ES,Federal Contract Tower,0,0,32,2,34,0,0,50,0,50,0,0,82,2,84,42,0,42,126
06/26/2015,OCF,FL,ASO,ES,Federal Contract Tower,0,0,29,2,31,0,0,67,0,67,0,0,96,2,98,18,0,18,116
06/27/2015,OCF,FL,ASO,ES,Federal Contract Tower,0,1,33,0,34,0,0,48,0,48,0,1,81,0,82,22,0,22,104
06/28/2015,OCF,FL,ASO,ES,Federal Contract Tower,0,0,22,0,22,0,0,53,0,53,0,0,75,0,75,25,0,25,100
06/29/2015,OCF,FL,ASO,ES,Federal Contract Tower,0,2,5,0,7,0,0,23,0,23,0,2,28,0,30,32,0,32,62
06/30/2015,OCF,FL,ASO,ES,Federal Contract Tower,0,0,15,0,15,0,0,60,0,60,0,0,75,0,75,40,0,40,115
07/01/2015,OCF,FL,ASO,ES,Federal Contract Tower,0,0,22,8,30,0,0,80,0,80,0,0,102,8,110,68,2,70,180
07/02/2015,OCF,FL,ASO,ES,Federal Contract Tower,0,5,16,0,21,0,0,87,0,87,0,5,103,0,108,92,0,92,200
07/03/2015,OCF,FL,ASO,ES,Federal Contract Tower,0,1,9,0,10,0,0,91,0,91,0,1,100,0,101,62,0,62,163
07/04/2015,OCF,FL,ASO,ES,Federal Contract Tower,0,0,13,0,13,0,0,50,0,50,0,0,63,0,63,10,0,10,73
07/05/2015,OCF,FL,ASO,ES,Federal Contract Tower,0,0,13,0,13,0,0,52,2,54,0,0,65,2,67,2,0,2,69
07/06/2015,OCF,FL,ASO,ES,Federal Contract Tower,0,2,18,8,28,0,0,78,0,78,0,2,96,8,106,60,0,60,166
07/07/2015,OCF,FL,ASO,ES,Federal Contract Tower,0,0,36,0,36,0,2,92,0,94,0,2,128,0,130,37,0,37,167
07/08/2015,OCF,FL,ASO,ES,Federal Contract Tower,0,0,31,0,31,0,0,98,0,98,0,0,129,0,129,112,0,112,241
07/09/2015,OCF,FL,ASO,ES,Federal Contract Tower,0,3,25,2,30,0,0,84,2,86,0,3,109,4,116,56,4,60,176
07/10/2015,OCF,FL,ASO,ES,Federal Contract Tower,0,2,25,0,27,0,0,88,0,88,0,2,113,0,115,8,0,8,123
07/11/2015,OCF,FL,ASO,ES,Federal Contract Tower,0,1,14,0,15,0,0,91,0,91,0,1,105,0,106,38,0,38,144
07/12/2015,OCF,FL,ASO,ES,Federal Contract Tower,0,4,11,0,15,0,0,46,0,46,0,4,57,0,61,12,0,12,73
07/13/2015,OCF,FL,ASO,ES,Federal Contract Tower,0,0,17,0,17,0,0,62,0,62,0,0,79,0,79,58,0,58,137
07/14/2015,OCF,FL,ASO,ES,Federal Contract Tower,0,0,26,0,26,0,0,68,0,68,0,0,94,0,94,78,0,78,172
07/15/2015,OCF,FL,ASO,ES,Federal Contract Tower,0,0,12,0,12,0,0,20,0,20,0,0,32,0,32,24,0,24,56
07/16/2015,OCF,FL,ASO,ES,Federal Contract Tower,0,1,22,0,23,0,0,57,0,57,0,1,79,0,80,50,0,50,130
07/17/2015,OCF,FL,ASO,ES,Federal Contract Tower,0,0,19,0,19,0,0,42,0,42,0,0,61,0,61,36,0,36,97
07/18/2015,OCF,FL,ASO,ES,Federal Contract Tower,0,0,21,0,21,0,0,44,0,44,0,0,65,0,65,6,0,6,71
07/19/2015,OCF,FL,ASO,ES,Federal Contract Tower,0,4,10,0,14,0,0,46,0,46,0,4,56,0,60,18,0,18,78
07/20/2015,OCF,FL,ASO,ES,Federal Contract Tower,0,2,25,4,31,0,0,25,1,26,0,2,50,5,57,22,0,22,79
07/21/2015,OCF,FL,ASO,ES,Federal Contract Tower,0,0,30,0,30,0,0,59,0,59,0,0,89,0,89,30,0,30,119
07/22/2015,OCF,FL,ASO,ES,Federal Contract Tower,0,0,21,2,23,0,0,66,0,66,0,0,87,2,89,54,0,54,143
07/23/2015,OCF,FL,ASO,ES,Federal Contract Tower,0,0,25,0,25,0,0,50,0,50,0,0,75,0,75,16,0,16,91
07/24/2015,OCF,FL,ASO,ES,Federal Contract Tower,0,0,14,0,14,0,0,42,0,42,0,0,56,0,56,0,0,0,56
07/25/2015,OCF,FL,ASO,ES,Federal Contract Tower,0,0,34,0,34,0,0,43,0,43,0,0,77,0,77,20,0,20,97
07/26/2015,OCF,FL,ASO,ES,Federal Contract Tower,0,0,19,0,19,0,0,12,0,12,0,0,31,0,31,6,0,6,37
07/27/2015,OCF,FL,ASO,ES,Federal Contract Tower,0,0,28,0,28,0,0,14,0,14,0,0,42,0,42,2,0,2,44
07/28/2015,OCF,FL,ASO,ES,Federal Contract Tower,0,12,14,0,26,0,1,15,2,18,0,13,29,2,44,2,0,2,46
07/29/2015,OCF,FL,ASO,ES,Federal Contract Tower,0,1,38,0,39,0,0,69,0,69,0,1,107,0,108,46,0,46,154
07/30/2015,OCF,FL,ASO,ES,Federal Contract Tower,0,0,38,0,38,0,0,18,0,18,0,0,56,0,56,8,0,8,64
07/31/2015,OCF,FL,ASO,ES,Federal Contract Tower,0,7,20,0,27,0,0,67,0,67,0,7,87,0,94,38,0,38,132
08/01/2015,OCF,FL,ASO,ES,Federal Contract Tower,0,1,15,0,16,0,0,6,0,6,0,1,21,0,22,4,0,4,26
08/02/2015,OCF,FL,ASO,ES,Federal Contract Tower,0,3,12,0,15,0,0,15,0,15,0,3,27,0,30,6,0,6,36
08/03/2015,OCF,FL,ASO,ES,Federal Contract Tower,0,0,12,0,12,0,0,0,0,0,0,0,12,0,12,0,0,0,12
08/04/2015,OCF,FL,ASO,ES,Federal Contract Tower,0,0,22,0,22,0,0,16,0,16,0,0,38,0,38,0,0,0,38
08/05/2015,OCF,FL,ASO,ES,Federal Contract Tower,0,0,21,4,25,0,0,79,0,79,0,0,100,4,104,66,0,66,170
08/06/2015,OCF,FL,ASO,ES,Federal Contract Tower,0,0,23,2,25,0,0,92,0,92,0,0,115,2,117,38,0,38,155
08/07/2015,OCF,FL,ASO,ES,Federal Contract Tower,0,0,15,0,15,0,0,61,0,61,0,0,76,0,76,36,0,36,112
08/08/2015,OCF,FL,ASO,ES,Federal Contract Tower,0,0,23,0,23,0,0,18,0,18,0,0,41,0,41,10,0,10,51
08/09/2015,OCF,FL,ASO,ES,Federal Contract Tower,0,2,42,0,44,0,0,56,0,56,0,2,98,0,100,10,0,10,110
08/10/2015,OCF,FL,ASO,ES,Federal Contract Tower,0,2,35,4,41,0,0,76,0,76,0,2,111,4,117,50,0,50,167
08/11/2015,OCF,FL,ASO,ES,Federal Contract Tower,0,2,31,0,33,0,0,94,0,94,0,2,125,0,127,110,2,112,239
08/12/2015,OCF,FL,ASO,ES,Federal Contract Tower,0,3,26,0,29,0,0,51,0,51,0,3,77,0,80,60,0,60,140
08/13/2015,OCF,FL,ASO,ES,Federal Contract Tower,0,2,10,2,14,0,0,30,0,30,0,2,40,2,44,58,0,58,102
08/14/2015,OCF,FL,ASO,ES,Federal Contract Tower,0,0,41,2,43,0,0,72,0,72,0,0,113,2,115,42,0,42,157
08/15/2015,OCF,FL,ASO,ES,Federal Contract Tower,0,1,14,0,15,0,0,45,0,45,0,1,59,0,60,12,0,12,72
08/16/2015,OCF,FL,ASO,ES,Federal Contract Tower,0,4,25,0,29,0,0,43,0,43,0,4,68,0,72,36,0,36,108
08/17/2015,OCF,FL,ASO,ES,Federal Contract Tower,0,1,20,0,21,0,0,46,0,46,0,1,66,0,67,80,0,80,147
08/18/2015,OCF,FL,ASO,ES,Federal Contract Tower,0,2,25,0,27,0,0,101,0,101,0,2,126,0,128,54,0,54,182
08/19/2015,OCF,FL,ASO,ES,Federal Contract Tower,0,2,24,0,26,0,0,96,0,96,0,2,120,0,122,122,0,122,244
08/20/2015,OCF,FL,ASO,ES,Federal Contract Tower,0,0,21,0,21,0,0,66,0,66,0,0,87,0,87,52,0,52,139
08/21/2015,OCF,FL,ASO,ES,Federal Contract Tower,0,0,37,0,37,0,0,49,4,53,0,0,86,4,90,78,0,78,168
08/22/2015,OCF,FL,ASO,ES,Federal Contract Tower,0,0,57,0,57,0,0,85,0,85,0,0,142,0,142,10,0,10,152
08/23/2015,OCF,FL,ASO,ES,Federal Contract Tower,0,2,26,0,28,0,0,57,0,57,0,2,83,0,85,16,0,16,101
08/24/2015,OCF,FL,ASO,ES,Federal Contract Tower,0,0,24,0,24,0,0,25,0,25,0,0,49,0,49,42,0,42,91
08/25/2015,OCF,FL,ASO,ES,Federal Contract Tower,0,2,46,6,54,0,0,71,0,71,0,2,117,6,125,80,0,80,205
08/26/2015,OCF,FL,ASO,ES,Federal Contract Tower,0,0,21,2,23,0,0,61,0,61,0,0,82,2,84,74,0,74,158
08/27/2015,OCF,FL,ASO,ES,Federal Contract Tower,0,7,30,0,37,0,0,49,0,49,0,7,79,0,86,58,0,58,144
08/28/2015,OCF,FL,ASO,ES,Federal Contract Tower,0,2,52,12,66,0,2,75,0,77,0,4,127,12,143,38,0,38,181
08/29/2015,OCF,FL,ASO,ES,Federal Contract Tower,4,2,35,0,41,0,0,61,0,61,4,2,96,0,102,30,0,30,132
08/30/2015,OCF,FL,ASO,ES,Federal Contract Tower,0,0,39,0,39,0,0,27,0,27,0,0,66,0,66,24,0,24,90
08/31/2015,OCF,FL,ASO,ES,Federal Contract Tower,0,0,17,2,19,0,1,31,0,32,0,1,48,2,51,2,0,2,53
09/01/2015,OCF,FL,ASO,ES,Federal Contract Tower,0,0,28,0,28,0,0,25,0,25,0,0,53,0,53,50,0,50,103
09/02/2015,OCF,FL,ASO,ES,Federal Contract Tower,0,0,20,1,21,0,0,74,0,74,0,0,94,1,95,74,0,74,169
09/03/2015,OCF,FL,ASO,ES,Federal Contract Tower,0,0,15,2,17,0,0,75,0,75,0,0,90,2,92,54,0,54,146
09/04/2015,OCF,FL,ASO,ES,Federal Contract Tower,2,0,37,0,39,0,0,44,0,44,2,0,81,0,83,52,0,52,135
09/05/2015,OCF,FL,ASO,ES,Federal Contract Tower,0,0,35,0,35,0,0,57,0,57,0,0,92,0,92,22,0,22,114
09/06/2015,OCF,FL,ASO,ES,Federal Contract Tower,0,0,30,0,30,0,0,31,0,31,0,0,61,0,61,0,0,0,61
09/07/2015,OCF,FL,ASO,ES,Federal Contract Tower,0,1,30,0,31,0,0,18,0,18,0,1,48,0,49,0,0,0,49
09/08/2015,OCF,FL,ASO,ES,Federal Contract Tower,0,2,19,0,21,0,0,40,0,40,0,2,59,0,61,64,0,64,125
09/09/2015,OCF,FL,ASO,ES,Federal Contract Tower,0,2,13,0,15,0,0,79,0,79,0,2,92,0,94,84,0,84,178
09/10/2015,OCF,FL,ASO,ES,Federal Contract Tower,0,0,39,2,41,0,0,59,0,59,0,0,98,2,100,56,0,56,156
09/11/2015,OCF,FL,ASO,ES,Federal Contract Tower,2,0,26,5,33,0,0,76,2,78,2,0,102,7,111,42,8,50,161
09/12/2015,OCF,FL,ASO,ES,Federal Contract Tower,0,2,18,0,20,0,0,29,0,29,0,2,47,0,49,36,0,36,85
09/13/2015,OCF,FL,ASO,ES,Federal Contract Tower,0,1,32,0,33,0,0,21,0,21,0,1,53,0,54,8,0,8,62
09/14/2015,OCF,FL,ASO,ES,Federal Contract Tower,0,0,39,4,43,0,0,128,0,128,0,0,167,4,171,92,0,92,263
09/15/2015,OCF,FL,ASO,ES,Federal Contract Tower,0,2,27,0,29,0,0,55,0,55,0,2,82,0,84,86,0,86,170
09/16/2015,OCF,FL,ASO,ES,Federal Contract Tower,0,4,35,2,41,0,1,47,0,48,0,5,82,2,89,46,0,46,135
09/17/2015,OCF,FL,ASO,ES,Federal Contract Tower,0,0,54,0,54,0,0,8,0,8,0,0,62,0,62,30,0,30,92
09/18/2015,OCF,FL,ASO,ES,Federal Contract Tower,0,6,72,18,96,0,0,11,0,11,0,6,83,18,107,34,0,34,141
09/19/2015,OCF,FL,ASO,ES,Federal Contract Tower,0,2,44,0,46,0,0,20,0,20,0,2,64,0,66,22,0,22,88
09/20/2015,OCF,FL,ASO,ES,Federal Contract Tower,0,6,33,4,43,0,0,103,0,103,0,6,136,4,146,20,0,20,166
09/21/2015,OCF,FL,ASO,ES,Federal Contract Tower,0,4,52,4,60,0,0,112,0,112,0,4,164,4,172,52,0,52,224
09/22/2015,OCF,FL,ASO,ES,Federal Contract Tower,0,0,28,2,30,0,0,113,0,113,0,0,141,2,143,92,0,92,235
09/23/2015,OCF,FL,ASO,ES,Federal Contract Tower,0,0,47,5,52,0,0,75,1,76,0,0,122,6,128,62,12,74,202
09/24/2015,OCF,FL,ASO,ES,Federal Contract Tower,0,0,63,0,63,0,0,44,0,44,0,0,107,0,107,62,0,62,169
09/25/2015,OCF,FL,ASO,ES,Federal Contract Tower,2,3,51,6,62,0,0,57,0,57,2,3,108,6,119,76,0,76,195
09/26/2015,OCF,FL,ASO,ES,Federal Contract Tower,0,0,47,0,47,0,0,26,0,26,0,0,73,0,73,28,0,28,101
09/27/2015,OCF,FL,ASO,ES,Federal Contract Tower,0,0,45,0,45,0,0,17,0,17,0,0,62,0,62,0,0,0,62
09/28/2015,OCF,FL,ASO,ES,Federal Contract Tower,0,2,23,2,27,0,0,55,0,55,0,2,78,2,82,72,18,90,172
09/29/2015,OCF,FL,ASO,ES,Federal Contract Tower,0,2,34,0,36,0,0,17,0,17,0,2,51,0,53,18,0,18,71
09/30/2015,OCF,FL,ASO,ES,Federal Contract Tower,0,0,45,4,49,0,0,86,0,86,0,0,131,4,135,66,0,66,201
10/01/2015,OCF,FL,ASO,ES,Federal Contract Tower,0,4,54,10,68,0,0,42,0,42,0,4,96,10,110,74,0,74,184
10/02/2015,OCF,FL,ASO,ES,Federal Contract Tower,4,0,53,2,59,0,0,13,0,13,4,0,66,2,72,0,0,0,72
10/03/2015,OCF,FL,ASO,ES,Federal Contract Tower,0,0,51,0,51,0,0,19,0,19,0,0,70,0,70,16,0,16,86
10/04/2015,OCF,FL,ASO,ES,Federal Contract Tower,0,1,42,0,43,0,0,44,0,44,0,1,86,0,87,56,0,56,143
10/05/2015,OCF,FL,ASO,ES,Federal Contract Tower,0,1,74,0,75,0,0,36,0,36,0,1,110,0,111,82,0,82,193
10/06/2015,OCF,FL,ASO,ES,Federal Contract Tower,1,0,56,0,57,0,0,49,0,49,1,0,105,0,106,52,0,52,158
10/07/2015,OCF,FL,ASO,ES,Federal Contract Tower,0,2,46,0,48,0,0,107,0,107,0,2,153,0,155,124,0,124,279
10/08/2015,OCF,FL,ASO,ES,Federal Contract Tower,0,1,46,5,52,0,0,96,0,96,0,1,142,5,148,88,14,102,250
10/09/2015,OCF,FL,ASO,ES,Federal Contract Tower,0,3,59,0,62,0,0,91,0,91,0,3,150,0,153,102,0,102,255
10/10/2015,OCF,FL,ASO,ES,Federal Contract Tower,0,2,20,0,22,0,0,81,0,81,0,2,101,0,103,14,0,14,117
10/11/2015,OCF,FL,ASO,ES,Federal Contract Tower,0,3,34,0,37,0,0,101,0,101,0,3,135,0,138,34,0,34,172
10/12/2015,OCF,FL,ASO,ES,Federal Contract Tower,0,0,54,0,54,0,0,86,0,86,0,0,140,0,140,68,0,68,208
10/13/2015,OCF,FL,ASO,ES,Federal Contract Tower,0,0,46,0,46,0,0,98,0,98,0,0,144,0,144,86,0,86,230
10/14/2015,OCF,FL,ASO,ES,Federal Contract Tower,0,5,36,2,43,0,0,79,0,79,0,5,115,2,122,40,0,40,162
10/15/2015,OCF,FL,ASO,ES,Federal Contract Tower,0,1,71,2,74,0,0,97,0,97,0,1,168,2,171,124,0,124,295
10/16/2015,OCF,FL,ASO,ES,Federal Contract Tower,0,3,64,2,69,0,0,91,0,91,0,3,155,2,160,100,0,100,260
10/17/2015,OCF,FL,ASO,ES,Federal Contract Tower,0,2,50,4,56,0,0,78,0,78,0,2,128,4,134,10,2,12,146
10/18/2015,OCF,FL,ASO,ES,Federal Contract Tower,0,1,43,5,49,0,0,48,1,49,0,1,91,6,98,18,0,18,116
10/19/2015,OCF,FL,ASO,ES,Federal Contract Tower,0,0,44,8,52,0,0,52,0,52,0,0,96,8,104,46,0,46,150
10/20/2015,OCF,FL,ASO,ES,Federal Contract Tower,0,0,34,0,34,0,0,63,0,63,0,0,97,0,97,62,0,62,159
10/21/2015,OCF,FL,ASO,ES,Federal Contract Tower,0,4,63,4,71,0,0,71,0,71,0,4,134,4,142,72,0,72,214
10/22/2015,OCF,FL,ASO,ES,Federal Contract Tower,0,4,56,2,62,0,0,52,0,52,0,4,108,2,114,54,0,54,168
10/23/2015,OCF,FL,ASO,ES,Federal Contract Tower,0,1,84,1,86,0,0,86,1,87,0,1,170,2,173,94,2,96,269
10/24/2015,OCF,FL,ASO,ES,Federal Contract Tower,0,3,50,0,53,0,0,87,0,87,0,3,137,0,140,32,0,32,172
10/25/2015,OCF,FL,ASO,ES,Federal Contract Tower,0,2,56,0,58,0,0,58,0,58,0,2,114,0,116,14,0,14,130
10/26/2015,OCF,FL,ASO,ES,Federal Contract Tower,0,0,42,0,42,0,0,69,0,69,0,0,111,0,111,48,0,48,159
10/27/2015,OCF,FL,ASO,ES,Federal Contract Tower,0,2,38,0,40,0,0,36,0,36,0,2,74,0,76,56,0,56,132
10/28/2015,OCF,FL,ASO,ES,Federal Contract Tower,0,2,46,6,54,0,0,42,2,44,0,2,88,8,98,26,0,26,124
10/29/2015,OCF,FL,ASO,ES,Federal Contract Tower,0,1,41,12,54,0,0,81,0,81,0,1,122,12,135,120,0,120,255
10/30/2015,OCF,FL,ASO,ES,Federal Contract Tower,0,5,68,0,73,0,0,92,0,92,0,5,160,0,165,138,0,138,303
10/31/2015,OCF,FL,ASO,ES,Federal Contract Tower,0,0,44,0,44,0,0,85,0,85,0,0,129,0,129,8,0,8,137
11/01/2015,OCF,FL,ASO,ES,Federal Contract Tower,0,1,24,0,25,0,0,57,0,57,0,1,81,0,82,20,0,20,102
11/02/2015,OCF,FL,ASO,ES,Federal Contract Tower,0,2,42,0,44,0,0,60,0,60,0,2,102,0,104,124,0,124,228
11/03/2015,OCF,FL,ASO,ES,Federal Contract Tower,0,2,39,6,47,0,0,100,2,102,0,2,139,8,149,108,12,120,269
11/04/2015,OCF,FL,ASO,ES,Federal Contract Tower,0,2,41,2,45,0,0,77,4,81,0,2,118,6,126,154,0,154,280
11/05/2015,OCF,FL,ASO,ES,Federal Contract Tower,0,3,28,2,33,0,0,99,4,103,0,3,127,6,136,104,16,120,256
11/06/2015,OCF,FL,ASO,ES,Federal Contract Tower,2,4,67,0,73,0,0,93,0,93,2,4,160,0,166,86,0,86,252
11/07/2015,OCF,FL,ASO,ES,Federal Contract Tower,0,1,34,0,35,0,0,72,1,73,0,1,106,1,108,50,0,50,158
11/08/2015,OCF,FL,ASO,ES,Federal Contract Tower,0,0,37,0,37,0,0,35,0,35,0,0,72,0,72,0,0,0,72
11/09/2015,OCF,FL,ASO,ES,Federal Contract Tower,0,0,33,0,33,0,0,25,0,25,0,0,58,0,58,48,0,48,106
11/10/2015,OCF,FL,ASO,ES,Federal Contract Tower,0,2,50,6,58,0,0,79,2,81,0,2,129,8,139,156,0,156,295
11/11/2015,OCF,FL,ASO,ES,Federal Contract Tower,0,3,87,6,96,0,0,85,0,85,0,3,172,6,181,74,0,74,255
11/12/2015,OCF,FL,ASO,ES,Federal Contract Tower,0,2,48,4,54,0,0,95,0,95,0,2,143,4,149,118,0,118,267
11/13/2015,OCF,FL,ASO,ES,Federal Contract Tower,0,1,57,4,62,0,0,138,4,142,0,1,195,8,204,126,2,128,332
11/14/2015,OCF,FL,ASO,ES,Federal Contract Tower,0,0,47,2,49,0,0,167,0,167,0,0,214,2,216,16,0,16,232
11/15/2015,OCF,FL,ASO,ES,Federal Contract Tower,0,1,51,2,54,0,0,68,0,68,0,1,119,2,122,4,0,4,126
11/16/2015,OCF,FL,ASO,ES,Federal Contract Tower,0,5,57,4,66,0,0,98,0,98,0,5,155,4,164,62,0,62,226
11/17/2015,OCF,FL,ASO,ES,Federal Contract Tower,0,0,40,2,42,0,0,86,2,88,0,0,126,4,130,84,6,90,220
11/18/2015,OCF,FL,ASO,ES,Federal Contract Tower,0,1,36,6,43,0,0,63,0,63,0,1,99,6,106,69,0,69,175
11/19/2015,OCF,FL,ASO,ES,Federal Contract Tower,0,0,24,2,26,0,0,22,0,22,0,0,46,2,48,68,0,68,116
11/20/2015,OCF,FL,ASO,ES,Federal Contract Tower,0,3,69,2,74,0,0,102,2,104,0,3,171,4,178,126,4,130,308
11/21/2015,OCF,FL,ASO,ES,Federal Contract Tower,0,2,42,0,44,0,0,56,0,56,0,2,98,0,100,22,0,22,122
11/22/2015,OCF,FL,ASO,ES,Federal Contract Tower,1,3,48,4,56,0,0,7,0,7,1,3,55,4,63,0,0,0,63
11/23/2015,OCF,FL,ASO,ES,Federal Contract Tower,0,8,62,0,70,0,0,110,0,110,0,8,172,0,180,136,0,136,316
11/24/2015,OCF,FL,ASO,ES,Federal Contract Tower,0,4,68,4,76,0,0,105,2,107,0,4,173,6,183,70,6,76,259
11/25/2015,OCF,FL,ASO,ES,Federal Contract Tower,0,2,38,0,40,0,0,80,0,80,0,2,118,0,120,32,0,32,152
11/26/2015,OCF,FL,ASO,ES,Federal Contract Tower,0,0,10,0,10,0,0,28,0,28,0,0,38,0,38,6,0,6,44
11/27/2015,OCF,FL,ASO,ES,Federal Contract Tower,0,0,36,0,36,0,0,49,0,49,0,0,85,0,85,30,0,30,115
11/28/2015,OCF,FL,ASO,ES,Federal Contract Tower,0,2,49,0,51,0,0,111,0,111,0,2,160,0,162,98,0,98,260
11/29/2015,OCF,FL,ASO,ES,Federal Contract Tower,0,2,61,0,63,0,0,72,0,72,0,2,133,0,135,38,0,38,173
11/30/2015,OCF,FL,ASO,ES,Federal Contract Tower,0,9,74,0,83,0,0,98,0,98,0,9,172,0,181,86,0,86,267
12/01/2015,OCF,FL,ASO,ES,Federal Contract Tower,0,4,42,1,47,0,0,118,1,119,0,4,160,2,166,110,8,118,284
12/02/2015,OCF,FL,ASO,ES,Federal Contract Tower,0,1,24,4,29,0,0,68,0,68,0,1,92,4,97,44,4,48,145
12/03/2015,OCF,FL,ASO,ES,Federal Contract Tower,0,0,95,0,95,0,0,91,1,92,0,0,186,1,187,98,0,98,285
12/04/2015,OCF,FL,ASO,ES,Federal Contract Tower,0,1,57,0,58,0,0,47,0,47,0,1,104,0,105,80,0,80,185
12/05/2015,OCF,FL,ASO,ES,Federal Contract Tower,0,0,58,0,58,0,0,7,0,7,0,0,65,0,65,4,0,4,69
12/06/2015,OCF,FL,ASO,ES,Federal Contract Tower,0,5,40,0,45,0,0,33,0,33,0,5,73,0,78,68,0,68,146
12/07/2015,OCF,FL,ASO,ES,Federal Contract Tower,0,2,87,0,89,0,0,63,0,63,0,2,150,0,152,34,0,34,186
12/08/2015,OCF,FL,ASO,ES,Federal Contract Tower,0,0,52,0,52,0,0,112,0,112,0,0,164,0,164,82,0,82,246
12/09/2015,OCF,FL,ASO,ES,Federal Contract Tower,0,0,76,2,78,0,0,112,0,112,0,0,188,2,190,80,0,80,270
12/10/2015,OCF,FL,ASO,ES,Federal Contract Tower,0,6,36,0,42,0,0,112,2,114,0,6,148,2,156,68,0,68,224
12/11/2015,OCF,FL,ASO,ES,Federal Contract Tower,0,3,51,0,54,0,0,118,0,118,0,3,169,0,172,116,0,116,288
12/12/2015,OCF,FL,ASO,ES,Federal Contract Tower,0,2,51,8,61,0,0,113,0,113,0,2,164,8,174,40,0,40,214
12/13/2015,OCF,FL,ASO,ES,Federal Contract Tower,0,5,29,0,34,0,0,72,0,72,0,5,101,0,106,36,0,36,142
12/14/2015,OCF,FL,ASO,ES,Federal Contract Tower,2,1,19,0,22,0,0,12,0,12,2,1,31,0,34,32,0,32,66
12/15/2015,OCF,FL,ASO,ES,Federal Contract Tower,0,1,50,0,51,0,0,11,0,11,0,1,61,0,62,4,0,4,66
12/16/2015,OCF,FL,ASO,ES,Federal Contract Tower,0,1,42,0,43,0,1,116,0,117,0,2,158,0,160,1,0,1,161
12/17/2015,OCF,FL,ASO,ES,Federal Contract Tower,0,0,32,0,32,0,1,39,0,40,0,1,71,0,72,54,0,54,126
12/18/2015,OCF,FL,ASO,ES,Federal Contract Tower,0,3,73,0,76,0,0,35,0,35,0,3,108,0,111,42,0,42,153
12/19/2015,OCF,FL,ASO,ES,Federal Contract Tower,2,0,37,0,39,0,0,88,0,88,2,0,125,0,127,16,0,16,143
12/20/2015,OCF,FL,ASO,ES,Federal Contract Tower,0,1,38,0,39,0,0,81,0,81,0,1,119,0,120,4,0,4,124
12/21/2015,OCF,FL,ASO,ES,Federal Contract Tower,0,0,48,0,48,0,0,97,0,97,0,0,145,0,145,82,0,82,227
12/22/2015,OCF,FL,ASO,ES,Federal Contract Tower,0,6,23,3,32,0,0,28,2,30,0,6,51,5,62,34,0,34,96
12/23/2015,OCF,FL,ASO,ES,Federal Contract Tower,0,0,20,0,20,0,0,4,0,4,0,0,24,0,24,68,0,68,92
12/24/2015,OCF,FL,ASO,ES,Federal Contract Tower,0,2,35,0,37,0,0,49,0,49,0,2,84,0,86,0,0,0,86
12/25/2015,OCF,FL,ASO,ES,Federal Contract Tower,0,0,5,0,5,0,0,17,0,17,0,0,22,0,22,8,0,8,30
12/26/2015,OCF,FL,ASO,ES,Federal Contract Tower,0,5,35,0,40,0,0,38,0,38,0,5,73,0,78,6,0,6,84
12/27/2015,OCF,FL,ASO,ES,Federal Contract Tower,0,3,30,0,33,0,0,63,0,63,0,3,93,0,96,42,0,42,138
12/28/2015,OCF,FL,ASO,ES,Federal Contract Tower,2,0,37,0,39,0,0,67,0,67,2,0,104,0,106,66,0,66,172
12/29/2015,OCF,FL,ASO,ES,Federal Contract Tower,0,2,49,0,51,0,0,35,0,35,0,2,84,0,86,34,0,34,120
12/30/2015,OCF,FL,ASO,ES,Federal Contract Tower,0,1,48,2,51,0,0,63,0,63,0,1,111,2,114,68,0,68,182
12/31/2015,OCF,FL,ASO,ES,Federal Contract Tower,0,0,33,0,33,0,0,37,0,37,0,0,70,0,70,44,0,44,114
01/01/2016,OCF,FL,ASO,ES,Federal Contract Tower,0,0,12,0,12,0,0,23,0,23,0,0,35,0,35,8,0,8,43
01/02/2016,OCF,FL,ASO,ES,Federal Contract Tower,0,0,99,0,99,0,0,15,0,15,0,0,114,0,114,18,0,18,132
01/03/2016,OCF,FL,ASO,ES,Federal Contract Tower,0,4,24,0,28,0,0,0,0,0,0,4,24,0,28,0,0,0,28
01/04/2016,OCF,FL,ASO,ES,Federal Contract Tower,0,0,54,4,58,0,0,100,0,100,0,0,154,4,158,42,0,42,200
01/05/2016,OCF,FL,ASO,ES,Federal Contract Tower,0,0,30,12,42,0,0,53,0,53,0,0,83,12,95,28,0,28,123
01/06/2016,OCF,FL,ASO,ES,Federal Contract Tower,0,3,57,2,62,0,0,18,0,18,0,3,75,2,80,26,0,26,106
01/07/2016,OCF,FL,ASO,ES,Federal Contract Tower,0,8,38,0,46,0,0,36,0,36,0,8,74,0,82,26,0,26,108
01/08/2016,OCF,FL,ASO,ES,Federal Contract Tower,0,6,62,0,68,0,0,17,0,17,0,6,79,0,85,0,0,0,85
01/09/2016,OCF,FL,ASO,ES,Federal Contract Tower,0,1,21,2,24,0,0,12,0,12,0,1,33,2,36,24,0,24,60
01/10/2016,OCF,FL,ASO,ES,Federal Contract Tower,0,6,52,2,60,0,0,48,0,48,0,6,100,2,108,34,0,34,142
01/11/2016,OCF,FL,ASO,ES,Federal Contract Tower,0,1,55,2,58,0,1,113,0,114,0,2,168,2,172,96,0,96,268
01/12/2016,OCF,FL,ASO,ES,Federal Contract Tower,0,5,67,2,74,0,0,135,0,135,0,5,202,2,209,78,0,78,287
01/13/2016,OCF,FL,ASO,ES,Federal Contract Tower,0,3,43,0,46,0,0,135,0,135,0,3,178,0,181,124,0,124,305
01/14/2016,OCF,FL,ASO,ES,Federal Contract Tower,0,7,50,1,58,0,0,92,1,93,0,7,142,2,151,114,0,114,265
01/15/2016,OCF,FL,ASO,ES,Federal Contract Tower,0,8,28,0,36,0,0,23,0,23,0,8,51,0,59,14,0,14,73
01/16/2016,OCF,FL,ASO,ES,Federal Contract Tower,0,4,45,0,49,0,0,104,0,104,0,4,149,0,153,32,0,32,185
01/17/2016,OCF,FL,ASO,ES,Federal Contract Tower,0,9,43,0,52,0,0,15,0,15,0,9,58,0,67,10,0,10,77
01/18/2016,OCF,FL,ASO,ES,Federal Contract Tower,0,11,72,0,83,0,0,108,0,108,0,11,180,0,191,48,0,48,239
01/19/2016,OCF,FL,ASO,ES,Federal Contract Tower,0,1,86,0,87,0,2,100,0,102,0,3,186,0,189,106,0,106,295
01/20/2016,OCF,FL,ASO,ES,Federal Contract Tower,0,4,51,0,55,0,0,141,0,141,0,4,192,0,196,80,0,80,276
01/21/2016,OCF,FL,ASO,ES,Federal Contract Tower,0,4,50,3,57,0,0,134,3,137,0,4,184,6,194,62,26,88,282
01/22/2016,OCF,FL,ASO,ES,Federal Contract Tower,0,3,8,0,11,0,0,5,0,5,0,3,13,0,16,0,0,0,16
01/23/2016,OCF,FL,ASO,ES,Federal Contract Tower,0,2,13,0,15,0,0,0,0,0,0,2,13,0,15,0,0,0,15
01/24/2016,OCF,FL,ASO,ES,Federal Contract Tower,0,3,58,0,61,0,0,84,0,84,0,3,142,0,145,14,3,17,162
01/25/2016,OCF,FL,ASO,ES,Federal Contract Tower,2,4,37,2,45,0,0,117,0,117,2,4,154,2,162,42,0,42,204
01/26/2016,OCF,FL,ASO,ES,Federal Contract Tower,0,9,71,0,80,0,0,95,0,95,0,9,166,0,175,66,0,66,241
01/27/2016,OCF,FL,ASO,ES,Federal Contract Tower,0,4,17,2,23,0,0,6,0,6,0,4,23,2,29,0,0,0,29
01/28/2016,OCF,FL,ASO,ES,Federal Contract Tower,0,6,17,2,25,0,0,0,0,0,0,6,17,2,25,0,0,0,25
01/29/2016,OCF,FL,ASO,ES,Federal Contract Tower,0,4,54,0,58,0,0,102,0,102,0,4,156,0,160,68,0,68,228
01/30/2016,OCF,FL,ASO,ES,Federal Contract Tower,0,6,65,4,75,0,0,151,0,151,0,6,216,4,226,28,0,28,254
01/31/2016,OCF,FL,ASO,ES,Federal Contract Tower,0,5,33,0,38,0,0,121,0,121,0,5,154,0,159,26,0,26,185
02/01/2016,OCF,FL,ASO,ES,Federal Contract Tower,0,10,28,0,38,0,0,110,0,110,0,10,138,0,148,88,0,88,236
02/02/2016,OCF,FL,ASO,ES,Federal Contract Tower,0,8,22,0,30,0,0,79,0,79,0,8,101,0,109,82,0,82,191
02/03/2016,OCF,FL,ASO,ES,Federal Contract Tower,0,5,16,0,21,0,0,45,0,45,0,5,61,0,66,32,0,32,98
02/04/2016,OCF,FL,ASO,ES,Federal Contract Tower,3,5,17,0,25,0,0,0,0,0,3,5,17,0,25,18,0,18,43
02/05/2016,OCF,FL,ASO,ES,Federal Contract Tower,1,3,74,0,78,0,0,94,0,94,1,3,168,0,172,52,0,52,224
02/06/2016,OCF,FL,ASO,ES,Federal Contract Tower,0,1,51,0,52,0,0,103,0,103,0,1,154,0,155,14,0,14,169
02/07/2016,OCF,FL,ASO,ES,Federal Contract Tower,0,6,49,0,55,0,0,54,0,54,0,6,103,0,109,18,0,18,127
02/08/2016,OCF,FL,ASO,ES,Federal Contract Tower,0,11,19,2,32,0,0,55,0,55,0,11,74,2,87,40,0,40,127
02/09/2016,OCF,FL,ASO,ES,Federal Contract Tower,0,4,53,4,61,0,0,35,0,35,0,4,88,4,96,4,0,4,100
02/10/2016,OCF,FL,ASO,ES,Federal Contract Tower,0,1,68,2,71,0,0,74,2,76,0,1,142,4,147,8,0,8,155
02/11/2016,OCF,FL,ASO,ES,Federal Contract Tower,0,8,46,10,64,0,0,115,0,115,0,8,161,10,179,146,2,148,327
02/12/2016,OCF,FL,ASO,ES,Federal Contract Tower,0,5,40,0,45,0,2,92,0,94,0,7,132,0,139,44,0,44,183
02/13/2016,OCF,FL,ASO,ES,Federal Contract Tower,0,4,63,0,67,0,0,105,0,105,0,4,168,0,172,26,0,26,198
02/14/2016,OCF,FL,ASO,ES,Federal Contract Tower,0,5,51,0,56,0,0,87,0,87,0,5,138,0,143,56,0,56,199
02/15/2016,OCF,FL,ASO,ES,Federal Contract Tower,0,12,39,0,51,0,0,67,0,67,0,12,106,0,118,76,0,76,194
02/16/2016,OCF,FL,ASO,ES,Federal Contract Tower,0,4,41,0,45,0,0,55,0,55,0,4,96,0,100,78,0,78,178
02/17/2016,OCF,FL,ASO,ES,Federal Contract Tower,0,5,55,0,60,0,2,111,2,115,0,7,166,2,175,92,0,92,267
02/18/2016,OCF,FL,ASO,ES,Federal Contract Tower,0,5,107,0,112,0,0,95,0,95,0,5,202,0,207,98,0,98,305
02/19/2016,OCF,FL,ASO,ES,Federal Contract Tower,0,16,71,2,89,0,1,117,0,118,0,17,188,2,207,54,0,54,261
02/20/2016,OCF,FL,ASO,ES,Federal Contract Tower,0,8,44,2,54,0,0,132,0,132,0,8,176,2,186,36,0,36,222
02/21/2016,OCF,FL,ASO,ES,Federal Contract Tower,0,19,43,0,62,0,2,87,0,89,0,21,130,0,151,38,0,38,189
02/22/2016,OCF,FL,ASO,ES,Federal Contract Tower,0,4,49,1,54,0,1,106,1,108,0,5,155,2,162,28,20,48,210
02/23/2016,OCF,FL,ASO,ES,Federal Contract Tower,0,2,24,4,30,0,0,53,0,53,0,2,77,4,83,72,0,72,155
02/24/2016,OCF,FL,ASO,ES,Federal Contract Tower,0,6,12,0,18,0,0,9,0,9,0,6,21,0,27,0,0,0,27
02/25/2016,OCF,FL,ASO,ES,Federal Contract Tower,0,4,37,4,45,0,0,84,2,86,0,4,121,6,131,22,0,22,153
02/26/2016,OCF,FL,ASO,ES,Federal Contract Tower,0,9,50,0,59,0,0,93,2,95,0,9,143,2,154,100,0,100,254
02/27/2016,OCF,FL,ASO,ES,Federal Contract Tower,0,12,46,0,58,0,0,122,0,122,0,12,168,0,180,60,0,60,240
02/28/2016,OCF,FL,ASO,ES,Federal Contract Tower,0,14,38,8,60,0,1,87,0,88,0,15,125,8,148,30,0,30,178
02/29/2016,OCF,FL,ASO,ES,Federal Contract Tower,0,4,35,6,45,0,1,91,0,92,0,5,126,6,137,94,0,94,231
03/01/2016,OCF,FL,ASO,ES,Federal Contract Tower,0,0,65,0,65,0,0,87,0,87,0,0,152,0,152,110,0,110,262
03/02/2016,OCF,FL,ASO,ES,Federal Contract Tower,0,4,66,5,75,0,0,33,1,34,0,4,99,6,109,46,0,46,155
03/03/2016,OCF,FL,ASO,ES,Federal Contract Tower,0,5,68,0,73,0,0,106,0,106,0,5,174,0,179,112,0,112,291
03/04/2016,OCF,FL,ASO,ES,Federal Contract Tower,0,4,111,8,123,0,0,72,0,72,0,4,183,8,195,56,0,56,251
03/05/2016,OCF,FL,ASO,ES,Federal Contract Tower,0,1,65,0,66,0,0,121,2,123,0,1,186,2,189,62,0,62,251
03/06/2016,OCF,FL,ASO,ES,Federal Contract Tower,0,6,45,0,51,0,0,69,0,69,0,6,114,0,120,32,0,32,152
03/07/2016,OCF,FL,ASO,ES,Federal Contract Tower,0,3,36,0,39,0,0,77,0,77,0,3,113,0,116,44,0,44,160
03/08/2016,OCF,FL,ASO,ES,Federal Contract Tower,0,3,32,0,35,0,0,74,0,74,0,3,106,0,109,42,0,42,151
03/09/2016,OCF,FL,ASO,ES,Federal Contract Tower,0,1,28,2,31,0,0,87,0,87,0,1,115,2,118,38,0,38,156
03/10/2016,OCF,FL,ASO,ES,Federal Contract Tower,1,7,51,0,59,0,0,86,0,86,1,7,137,0,145,20,0,20,165
03/11/2016,OCF,FL,ASO,ES,Federal Contract Tower,0,10,31,0,41,0,0,80,0,80,0,10,111,0,121,56,0,56,177
03/12/2016,OCF,FL,ASO,ES,Federal Contract Tower,0,7,40,1,48,0,0,148,1,149,0,7,188,2,197,10,0,10,207
03/13/2016,OCF,FL,ASO,ES,Federal Contract Tower,0,15,25,0,40,0,0,6,0,6,0,15,31,0,46,0,0,0,46
03/14/2016,OCF,FL,ASO,ES,Federal Contract Tower,0,14,44,0,58,0,0,21,0,21,0,14,65,0,79,28,0,28,107
03/15/2016,OCF,FL,ASO,ES,Federal Contract Tower,1,12,38,0,51,0,1,66,0,67,1,13,104,0,118,52,0,52,170
03/16/2016,OCF,FL,ASO,ES,Federal Contract Tower,0,13,48,0,61,0,0,70,0,70,0,13,118,0,131,58,0,58,189
03/17/2016,OCF,FL,ASO,ES,Federal Contract Tower,1,2,42,0,45,0,0,38,0,38,1,2,80,0,83,2,0,2,85
03/18/2016,OCF,FL,ASO,ES,Federal Contract Tower,0,3,58,0,61,0,1,65,0,66,0,4,123,0,127,88,0,88,215
03/19/2016,OCF,FL,ASO,ES,Federal Contract Tower,1,5,28,0,34,0,0,24,0,24,1,5,52,0,58,2,0,2,60
03/20/2016,OCF,FL,ASO,ES,Federal Contract Tower,1,12,49,0,62,0,0,57,0,57,1,12,106,0,119,10,0,10,129
03/21/2016,OCF,FL,ASO,ES,Federal Contract Tower,0,2,53,0,55,0,0,62,0,62,0,2,115,0,117,18,0,18,135
03/22/2016,OCF,FL,ASO,ES,Federal Contract Tower,0,3,61,0,64,0,1,74,0,75,0,4,135,0,139,110,0,110,249
03/23/2016,OCF,FL,ASO,ES,Federal Contract Tower,0,10,32,4,46,0,0,117,0,117,0,10,149,4,163,176,8,184,347
03/24/2016,OCF,FL,ASO,ES,Federal Contract Tower,0,10,26,0,36,0,0,84,0,84,0,10,110,0,120,52,0,52,172
03/25/2016,OCF,FL,ASO,ES,Federal Contract Tower,0,4,20,6,30,0,0,19,0,19,0,4,39,6,49,0,0,0,49
03/26/2016,OCF,FL,ASO,ES,Federal Contract Tower,0,2,35,0,37,0,0,37,0,37,0,2,72,0,74,18,0,18,92
03/27/2016,OCF,FL,ASO,ES,Federal Contract Tower,0,19,22,0,41,0,0,20,0,20,0,19,42,0,61,24,0,24,85
03/28/2016,OCF,FL,ASO,ES,Federal Contract Tower,0,5,58,4,67,0,0,58,0,58,0,5,116,4,125,0,0,0,125
03/29/2016,OCF,FL,ASO,ES,Federal Contract Tower,0,5,54,4,63,0,0,43,0,43,0,5,97,4,106,84,0,84,190
03/30/2016,OCF,FL,ASO,ES,Federal Contract Tower,2,3,74,2,81,0,0,139,0,139,2,3,213,2,220,78,0,78,298
03/31/2016,OCF,FL,ASO,ES,Federal Contract Tower,0,10,36,0,46,0,0,78,2,80,0,10,114,2,126,90,0,90,216
04/01/2016,OCF,FL,ASO,ES,Federal Contract Tower,0,3,40,0,43,0,0,76,0,76,0,3,116,0,119,38,0,38,157
04/02/2016,OCF,FL,ASO,ES,Federal Contract Tower,0,2,17,0,19,0,0,8,0,8,0,2,25,0,27,0,0,0,27
04/03/2016,OCF,FL,ASO,ES,Federal Contract Tower,0,9,75,0,84,0,0,87,0,87,0,9,162,0,171,10,0,10,181
04/04/2016,OCF,FL,ASO,ES,Federal Contract Tower,0,0,39,4,43,0,0,131,0,131,0,0,170,4,174,78,0,78,252
04/05/2016,OCF,FL,ASO,ES,Federal Contract Tower,0,1,61,0,62,0,0,153,0,153,0,1,214,0,215,100,0,100,315
04/06/2016,OCF,FL,ASO,ES,Federal Contract Tower,0,4,25,0,29,0,1,100,0,101,0,5,125,0,130,68,0,68,198
04/07/2016,OCF,FL,ASO,ES,Federal Contract Tower,0,3,35,0,38,0,0,67,0,67,0,3,102,0,105,80,0,80,185
04/08/2016,OCF,FL,ASO,ES,Federal Contract Tower,0,1,31,2,34,0,1,97,0,98,0,2,128,2,132,68,0,68,200
04/09/2016,OCF,FL,ASO,ES,Federal Contract Tower,0,2,37,0,39,0,0,54,0,54,0,2,91,0,93,22,0,22,115
04/10/2016,OCF,FL,ASO,ES,Federal Contract Tower,0,0,42,10,52,0,0,84,0,84,0,0,126,10,136,26,0,26,162
04/11/2016,OCF,FL,ASO,ES,Federal Contract Tower,0,2,27,0,29,0,0,112,0,112,0,2,139,0,141,156,0,156,297
04/12/2016,OCF,FL,ASO,ES,Federal Contract Tower,0,3,38,4,45,0,0,109,0,109,0,3,147,4,154,114,10,124,278
04/13/2016,OCF,FL,ASO,ES,Federal Contract Tower,0,4,31,6,41,0,0,122,0,122,0,4,153,6,163,88,14,102,265
04/14/2016,OCF,FL,ASO,ES,Federal Contract Tower,0,2,33,0,35,0,0,37,0,37,0,2,70,0,72,60,0,60,132
04/15/2016,OCF,FL,ASO,ES,Federal Contract Tower,0,3,37,0,40,0,0,16,0,16,0,3,53,0,56,20,0,20,76
04/16/2016,OCF,FL,ASO,ES,Federal Contract Tower,0,5,28,0,33,0,0,39,0,39,0,5,67,0,72,28,0,28,100
04/17/2016,OCF,FL,ASO,ES,Federal Contract Tower,2,6,53,0,61,0,0,42,0,42,2,6,95,0,103,4,0,4,107
04/18/2016,OCF,FL,ASO,ES,Federal Contract Tower,0,4,45,2,51,0,0,118,0,118,0,4,163,2,169,36,0,36,205
04/19/2016,OCF,FL,ASO,ES,Federal Contract Tower,0,8,42,0,50,0,0,99,0,99,0,8,141,0,149,60,0,60,209
04/20/2016,OCF,FL,ASO,ES,Federal Contract Tower,1,4,41,3,49,0,0,98,0,98,1,4,139,3,147,138,16,154,301
04/21/2016,OCF,FL,ASO,ES,Federal Contract Tower,1,7,34,0,42,0,0,102,0,102,1,7,136,0,144,150,0,150,294
04/22/2016,OCF,FL,ASO,ES,Federal Contract Tower,0,6,28,0,34,0,0,48,0,48,0,6,76,0,82,32,0,32,114
04/23/2016,OCF,FL,ASO,ES,Federal Contract Tower,2,4,69,0,75,0,0,30,0,30,2,4,99,0,105,16,0,16,121
04/24/2016,OCF,FL,ASO,ES,Federal Contract Tower,0,8,58,0,66,0,0,155,0,155,0,8,213,0,221,24,0,24,245
04/25/2016,OCF,FL,ASO,ES,Federal Contract Tower,0,1,20,0,21,0,1,73,0,74,0,2,93,0,95,182,0,182,277
04/26/2016,OCF,FL,ASO,ES,Federal Contract Tower,2,6,50,1,59,0,0,112,2,114,2,6,162,3,173,88,0,88,261
04/27/2016,OCF,FL,ASO,ES,Federal Contract Tower,0,1,38,2,41,0,0,131,0,131,0,1,169,2,172,128,0,128,300
04/28/2016,OCF,FL,ASO,ES,Federal Contract Tower,0,2,24,2,28,0,0,117,0,117,0,2,141,2,145,98,0,98,243
04/29/2016,OCF,FL,ASO,ES,Federal Contract Tower,0,2,48,0,50,0,0,45,0,45,0,2,93,0,95,30,0,30,125
04/30/2016,OCF,FL,ASO,ES,Federal Contract Tower,0,2,23,0,25,0,0,112,0,112,0,2,135,0,137,44,0,44,181
05/01/2016,OCF,FL,ASO,ES,Federal Contract Tower,2,1,21,0,24,0,0,74,0,74,2,1,95,0,98,26,0,26,124
05/02/2016,OCF,FL,ASO,ES,Federal Contract Tower,0,2,14,0,16,0,0,74,0,74,0,2,88,0,90,102,0,102,192
05/03/2016,OCF,FL,ASO,ES,Federal Contract Tower,0,0,33,0,33,0,0,66,0,66,0,0,99,0,99,34,0,34,133
05/04/2016,OCF,FL,ASO,ES,Federal Contract Tower,0,3,19,4,26,0,0,11,0,11,0,3,30,4,37,52,0,52,89
05/05/2016,OCF,FL,ASO,ES,Federal Contract Tower,0,5,43,2,50,0,0,64,0,64,0,5,107,2,114,82,0,82,196
05/06/2016,OCF,FL,ASO,ES,Federal Contract Tower,0,3,39,0,42,0,2,115,0,117,0,5,154,0,159,68,0,68,227
05/07/2016,OCF,FL,ASO,ES,Federal Contract Tower,0,0,58,0,58,0,0,92,0,92,0,0,150,0,150,18,0,18,168
05/08/2016,OCF,FL,ASO,ES,Federal Contract Tower,0,2,41,0,43,0,0,91,0,91,0,2,132,0,134,52,0,52,186
05/09/2016,OCF,FL,ASO,ES,Federal Contract Tower,1,2,49,0,52,0,1,105,0,106,1,3,154,0,158,88,0,88,246
05/10/2016,OCF,FL,ASO,ES,Federal Contract Tower,1,0,27,2,30,0,0,115,0,115,1,0,142,2,145,60,0,60,205
05/11/2016,OCF,FL,ASO,ES,Federal Contract Tower,0,2,36,0,38,0,0,105,0,105,0,2,141,0,143,98,0,98,241
05/12/2016,OCF,FL,ASO,ES,Federal Contract Tower,0,0,32,0,32,0,1,101,0,102,0,1,133,0,134,72,2,74,208
05/13/2016,OCF,FL,ASO,ES,Federal Contract Tower,0,0,29,4,33,0,0,95,0,95,0,0,124,4,128,26,0,26,154
05/14/2016,OCF,FL,ASO,ES,Federal Contract Tower,0,0,28,0,28,0,0,109,0,109,0,0,137,0,137,52,0,52,189
05/15/2016,OCF,FL,ASO,ES,Federal Contract Tower,0,2,38,0,40,0,0,113,0,113,0,2,151,0,153,14,0,14,167
05/16/2016,OCF,FL,ASO,ES,Federal Contract Tower,2,0,31,0,33,0,0,114,0,114,2,0,145,0,147,52,0,52,199
05/17/2016,OCF,FL,ASO,ES,Federal Contract Tower,0,0,19,2,21,0,0,21,0,21,0,0,40,2,42,24,0,24,66
05/18/2016,OCF,FL,ASO,ES,Federal Contract Tower,0,4,35,2,41,0,0,44,0,44,0,4,79,2,85,62,0,62,147
05/19/2016,OCF,FL,ASO,ES,Federal Contract Tower,0,0,46,0,46,0,0,55,0,55,0,0,101,0,101,84,0,84,185
05/20/2016,OCF,FL,ASO,ES,Federal Contract Tower,0,2,15,0,17,0,0,41,0,41,0,2,56,0,58,84,0,84,142
05/21/2016,OCF,FL,ASO,ES,Federal Contract Tower,0,0,53,0,53,0,0,32,0,32,0,0,85,0,85,30,0,30,115
05/22/2016,OCF,FL,ASO,ES,Federal Contract Tower,0,2,40,0,42,0,0,79,0,79,0,2,119,0,121,36,0,36,157
05/23/2016,OCF,FL,ASO,ES,Federal Contract Tower,0,6,47,1,54,0,0,110,1,111,0,6,157,2,165,40,6,46,211
05/24/2016,OCF,FL,ASO,ES,Federal Contract Tower,0,3,56,10,69,0,0,111,0,111,0,3,167,10,180,86,0,86,266
05/25/2016,OCF,FL,ASO,ES,Federal Contract Tower,0,2,17,0,19,0,0,97,0,97,0,2,114,0,116,96,0,96,212
05/26/2016,OCF,FL,ASO,ES,Federal Contract Tower,0,2,34,0,36,0,0,106,0,106,0,2,140,0,142,98,0,98,240
05/27/2016,OCF,FL,ASO,ES,Federal Contract Tower,0,3,49,2,54,0,0,96,0,96,0,3,145,2,150,78,0,78,228
05/28/2016,OCF,FL,ASO,ES,Federal Contract Tower,0,3,46,0,49,0,0,83,0,83,0,3,129,0,132,32,0,32,164
05/29/2016,OCF,FL,ASO,ES,Federal Contract Tower,2,5,21,0,28,0,0,51,0,51,2,5,72,0,79,16,0,16,95
05/30/2016,OCF,FL,ASO,ES,Federal Contract Tower,0,2,18,0,20,0,0,61,0,61,0,2,79,0,81,38,0,38,119
05/31/2016,OCF,FL,ASO,ES,Federal Contract Tower,0,2,20,0,22,0,0,68,0,68,0,2,88,0,90,38,0,38,128
06/01/2016,OCF,FL,ASO,ES,Federal Contract Tower,0,3,32,1,36,0,0,87,3,90,0,3,119,4,126,50,0,50,176
06/02/2016,OCF,FL,ASO,ES,Federal Contract Tower,0,4,28,0,32,0,0,83,0,83,0,4,111,0,115,62,0,62,177
06/03/2016,OCF,FL,ASO,ES,Federal Contract Tower,0,0,26,0,26,0,0,95,0,95,0,0,121,0,121,58,0,58,179
06/04/2016,OCF,FL,ASO,ES,Federal Contract Tower,0,0,21,2,23,0,0,74,0,74,0,0,95,2,97,26,0,26,123
06/05/2016,OCF,FL,ASO,ES,Federal Contract Tower,0,0,22,0,22,0,0,34,0,34,0,0,56,0,56,4,0,4,60
06/06/2016,OCF,FL,ASO,ES,Federal Contract Tower,0,2,4,0,6,0,0,0,0,0,0,2,4,0,6,2,0,2,8
06/07/2016,OCF,FL,ASO,ES,Federal Contract Tower,0,3,36,0,39,0,0,30,0,30,0,3,66,0,69,4,0,4,73
06/08/2016,OCF,FL,ASO,ES,Federal Contract Tower,0,3,50,2,55,0,0,71,2,73,0,3,121,4,128,62,0,62,190
06/09/2016,OCF,FL,ASO,ES,Federal Contract Tower,0,10,27,3,40,0,0,81,0,81,0,10,108,3,121,44,0,44,165
06/10/2016,OCF,FL,ASO,ES,Federal Contract Tower,0,2,55,2,59,0,0,28,0,28,0,2,83,2,87,80,0,80,167
06/11/2016,OCF,FL,ASO,ES,Federal Contract Tower,0,0,33,0,33,0,0,59,0,59,0,0,92,0,92,26,0,26,118
06/12/2016,OCF,FL,ASO,ES,Federal Contract Tower,0,5,23,0,28,0,0,52,0,52,0,5,75,0,80,36,0,36,116
06/13/2016,OCF,FL,ASO,ES,Federal Contract Tower,0,0,27,0,27,0,0,62,0,62,0,0,89,0,89,70,0,70,159
06/14/2016,OCF,FL,ASO,ES,Federal Contract Tower,2,2,38,4,46,0,0,82,1,83,2,2,120,5,129,40,14,54,183
06/15/2016,OCF,FL,ASO,ES,Federal Contract Tower,1,5,37,2,45,0,0,120,0,120,1,5,157,2,165,108,6,114,279
06/16/2016,OCF,FL,ASO,ES,Federal Contract Tower,0,2,37,0,39,0,0,46,0,46,0,2,83,0,85,72,0,72,157
06/17/2016,OCF,FL,ASO,ES,Federal Contract Tower,1,0,21,0,22,0,0,33,0,33,1,0,54,0,55,28,0,28,83
06/18/2016,OCF,FL,ASO,ES,Federal Contract Tower,1,0,17,0,18,0,0,35,0,35,1,0,52,0,53,34,0,34,87
06/19/2016,OCF,FL,ASO,ES,Federal Contract Tower,1,0,44,8,53,0,0,62,0,62,1,0,106,8,115,8,0,8,123
06/20/2016,OCF,FL,ASO,ES,Federal Contract Tower,0,0,54,0,54,0,1,93,0,94,0,1,147,0,148,48,0,48,196
06/21/2016,OCF,FL,ASO,ES,Federal Contract Tower,0,1,47,0,48,0,2,92,0,94,0,3,139,0,142,84,0,84,226
06/22/2016,OCF,FL,ASO,ES,Federal Contract Tower,0,4,47,10,61,0,0,105,0,105,0,4,152,10,166,94,0,94,260
06/23/2016,OCF,FL,ASO,ES,Federal Contract Tower,0,1,34,0,35,0,0,114,0,114,0,1,148,0,149,112,0,112,261
06/24/2016,OCF,FL,ASO,ES,Federal Contract Tower,0,1,53,2,56,0,0,84,0,84,0,1,137,2,140,82,0,82,222
06/25/2016,OCF,FL,ASO,ES,Federal Contract Tower,0,0,30,0,30,0,0,77,0,77,0,0,107,0,107,46,0,46,153
06/26/2016,OCF,FL,ASO,ES,Federal Contract Tower,0,0,20,0,20,0,0,53,0,53,0,0,73,0,73,20,0,20,93
06/27/2016,OCF,FL,ASO,ES,Federal Contract Tower,2,2,37,1,42,0,0,79,0,79,2,2,116,1,121,70,0,70,191
06/28/2016,OCF,FL,ASO,ES,Federal Contract Tower,0,0,44,7,51,0,0,87,0,87,0,0,131,7,138,80,0,80,218
06/29/2016,OCF,FL,ASO,ES,Federal Contract Tower,0,0,19,0,19,0,0,92,0,92,0,0,111,0,111,86,0,86,197
06/30/2016,OCF,FL,ASO,ES,Federal Contract Tower,0,2,14,0,16,0,0,73,0,73,0,2,87,0,89,50,0,50,139
07/01/2016,OCF,FL,ASO,ES,Federal Contract Tower,0,1,21,0,22,0,0,66,0,66,0,1,87,0,88,46,0,46,134
07/02/2016,OCF,FL,ASO,ES,Federal Contract Tower,0,0,30,0,30,0,0,53,0,53,0,0,83,0,83,28,0,28,111
07/03/2016,OCF,FL,ASO,ES,Federal Contract Tower,0,2,9,0,11,0,0,74,0,74,0,2,83,0,85,22,0,22,107
07/04/2016,OCF,FL,ASO,ES,Federal Contract Tower,0,0,23,0,23,0,0,39,0,39,0,0,62,0,62,14,0,14,76
07/05/2016,OCF,FL,ASO,ES,Federal Contract Tower,0,0,28,0,28,0,0,67,0,67,0,0,95,0,95,102,0,102,197
07/06/2016,OCF,FL,ASO,ES,Federal Contract Tower,0,2,52,4,58,0,0,91,0,91,0,2,143,4,149,100,0,100,249
07/07/2016,OCF,FL,ASO,ES,Federal Contract Tower,0,0,57,0,57,0,0,112,0,112,0,0,169,0,169,80,0,80,249
07/08/2016,OCF,FL,ASO,ES,Federal Contract Tower,0,3,23,0,26,0,0,97,0,97,0,3,120,0,123,92,0,92,215
07/09/2016,OCF,FL,ASO,ES,Federal Contract Tower,0,2,26,0,28,0,0,100,0,100,0,2,126,0,128,50,0,50,178
07/10/2016,OCF,FL,ASO,ES,Federal Contract Tower,0,4,18,0,22,0,0,53,0,53,0,4,71,0,75,16,0,16,91
07/11/2016,OCF,FL,ASO,ES,Federal Contract Tower,0,5,38,0,43,0,0,62,0,62,0,5,100,0,105,74,0,74,179
07/12/2016,OCF,FL,ASO,ES,Federal Contract Tower,0,2,47,0,49,0,0,111,0,111,0,2,158,0,160,106,0,106,266
07/13/2016,OCF,FL,ASO,ES,Federal Contract Tower,0,3,37,10,50,0,0,136,0,136,0,3,173,10,186,96,4,100,286
07/14/2016,OCF,FL,ASO,ES,Federal Contract Tower,0,0,26,0,26,0,1,110,0,111,0,1,136,0,137,68,0,68,205
07/15/2016,OCF,FL,ASO,ES,Federal Contract Tower,0,2,23,0,25,0,0,81,0,81,0,2,104,0,106,62,0,62,168
07/16/2016,OCF,FL,ASO,ES,Federal Contract Tower,0,2,18,0,20,0,0,98,0,98,0,2,116,0,118,16,0,16,134
07/17/2016,OCF,FL,ASO,ES,Federal Contract Tower,0,0,20,0,20,0,0,47,0,47,0,0,67,0,67,0,0,0,67
07/18/2016,OCF,FL,ASO,ES,Federal Contract Tower,0,0,14,0,14,0,0,39,0,39,0,0,53,0,53,12,0,12,65
07/19/2016,OCF,FL,ASO,ES,Federal Contract Tower,0,3,20,3,26,0,0,52,0,52,0,3,72,3,78,2,4,6,84
07/20/2016,OCF,FL,ASO,ES,Federal Contract Tower,0,2,38,0,40,0,0,47,0,47,0,2,85,0,87,8,0,8,95
07/21/2016,OCF,FL,ASO,ES,Federal Contract Tower,0,0,21,0,21,0,0,26,0,26,0,0,47,0,47,4,0,4,51
07/22/2016,OCF,FL,ASO,ES,Federal Contract Tower,0,2,28,0,30,0,0,49,0,49,0,2,77,0,79,8,0,8,87
07/23/2016,OCF,FL,ASO,ES,Federal Contract Tower,0,0,26,0,26,0,0,56,0,56,0,0,82,0,82,34,0,34,116
07/24/2016,OCF,FL,ASO,ES,Federal Contract Tower,0,2,23,4,29,0,0,59,0,59,0,2,82,4,88,20,0,20,108
07/25/2016,OCF,FL,ASO,ES,Federal Contract Tower,0,0,22,1,23,0,1,70,1,72,0,1,92,2,95,86,0,86,181
07/26/2016,OCF,FL,ASO,ES,Federal Contract Tower,2,0,22,0,24,0,0,78,0,78,2,0,100,0,102,90,0,90,192
07/27/2016,OCF,FL,ASO,ES,Federal Contract Tower,0,6,35,4,45,0,0,100,0,100,0,6,135,4,145,48,4,52,197
07/28/2016,OCF,FL,ASO,ES,Federal Contract Tower,0,0,38,0,38,0,0,92,0,92,0,0,130,0,130,62,0,62,192
07/29/2016,OCF,FL,ASO,ES,Federal Contract Tower,0,3,11,2,16,0,0,74,2,76,0,3,85,4,92,58,0,58,150
07/30/2016,OCF,FL,ASO,ES,Federal Contract Tower,0,3,19,0,22,0,0,67,0,67,0,3,86,0,89,16,0,16,105
07/31/2016,OCF,FL,ASO,ES,Federal Contract Tower,0,2,23,0,25,0,0,85,0,85,0,2,108,0,110,42,0,42,152
08/01/2016,OCF,FL,ASO,ES,Federal Contract Tower,0,0,26,0,26,0,0,68,0,68,0,0,94,0,94,88,0,88,182
08/02/2016,OCF,FL,ASO,ES,Federal Contract Tower,0,1,33,0,34,0,0,93,0,93,0,1,126,0,127,76,0,76,203
08/03/2016,OCF,FL,ASO,ES,Federal Contract Tower,0,0,27,0,27,0,0,98,0,98,0,0,125,0,125,68,0,68,193
08/04/2016,OCF,FL,ASO,ES,Federal Contract Tower,0,0,7,0,7,0,0,32,0,32,0,0,39,0,39,58,0,58,97
08/05/2016,OCF,FL,ASO,ES,Federal Contract Tower,0,6,10,0,16,0,0,54,0,54,0,6,64,0,70,66,0,66,136
08/06/2016,OCF,FL,ASO,ES,Federal Contract Tower,0,1,20,0,21,0,0,9,0,9,0,1,29,0,30,0,0,0,30
08/07/2016,OCF,FL,ASO,ES,Federal Contract Tower,0,0,23,0,23,0,0,3,0,3,0,0,26,0,26,12,0,12,38
08/08/2016,OCF,FL,ASO,ES,Federal Contract Tower,0,3,17,0,20,0,0,8,0,8,0,3,25,0,28,0,0,0,28
08/09/2016,OCF,FL,ASO,ES,Federal Contract Tower,0,2,27,0,29,0,0,59,0,59,0,2,86,0,88,72,0,72,160
08/10/2016,OCF,FL,ASO,ES,Federal Contract Tower,0,1,29,0,30,0,0,140,0,140,0,1,169,0,170,68,0,68,238
08/11/2016,OCF,FL,ASO,ES,Federal Contract Tower,0,1,47,1,49,0,0,58,1,59,0,1,105,2,108,94,0,94,202
08/12/2016,OCF,FL,ASO,ES,Federal Contract Tower,0,1,26,0,27,0,0,98,0,98,0,1,124,0,125,78,0,78,203
08/13/2016,OCF,FL,ASO,ES,Federal Contract Tower,0,1,19,0,20,0,0,75,0,75,0,1,94,0,95,30,0,30,125
08/14/2016,OCF,FL,ASO,ES,Federal Contract Tower,0,0,26,0,26,0,0,42,0,42,0,0,68,0,68,10,0,10,78
08/15/2016,OCF,FL,ASO,ES,Federal Contract Tower,0,2,28,0,30,0,0,52,0,52,0,2,80,0,82,96,0,96,178
08/16/2016,OCF,FL,ASO,ES,Federal Contract Tower,0,3,24,0,27,0,0,59,0,59,0,3,83,0,86,52,0,52,138
08/17/2016,OCF,FL,ASO,ES,Federal Contract Tower,0,2,44,0,46,0,2,103,0,105,0,4,147,0,151,48,0,48,199
08/18/2016,OCF,FL,ASO,ES,Federal Contract Tower,0,0,48,3,51,0,0,72,1,73,0,0,120,4,124,92,0,92,216
08/19/2016,OCF,FL,ASO,ES,Federal Contract Tower,0,0,36,2,38,0,0,83,0,83,0,0,119,2,121,58,0,58,179
08/20/2016,OCF,FL,ASO,ES,Federal Contract Tower,0,1,24,0,25,0,0,78,0,78,0,1,102,0,103,42,0,42,145
08/21/2016,OCF,FL,ASO,ES,Federal Contract Tower,0,0,33,0,33,0,0,59,0,59,0,0,92,0,92,22,0,22,114
08/22/2016,OCF,FL,ASO,ES,Federal Contract Tower,0,1,30,2,33,0,0,81,0,81,0,1,111,2,114,54,0,54,168
08/23/2016,OCF,FL,ASO,ES,Federal Contract Tower,0,0,33,0,33,0,0,77,0,77,0,0,110,0,110,32,0,32,142
08/24/2016,OCF,FL,ASO,ES,Federal Contract Tower,0,0,47,0,47,0,2,88,0,90,0,2,135,0,137,64,0,64,201
08/25/2016,OCF,FL,ASO,ES,Federal Contract Tower,0,1,54,4,59,0,0,123,0,123,0,1,177,4,182,40,0,40,222
08/26/2016,OCF,FL,ASO,ES,Federal Contract Tower,0,3,42,2,47,0,2,107,0,109,0,5,149,2,156,70,0,70,226
08/27/2016,OCF,FL,ASO,ES,Federal Contract Tower,0,0,29,0,29,0,0,84,0,84,0,0,113,0,113,82,0,82,195
08/28/2016,OCF,FL,ASO,ES,Federal Contract Tower,0,0,33,0,33,0,0,37,0,37,0,0,70,0,70,0,0,0,70
08/29/2016,OCF,FL,ASO,ES,Federal Contract Tower,0,0,35,1,36,0,0,44,0,44,0,0,79,1,80,26,8,34,114
08/30/2016,OCF,FL,ASO,ES,Federal Contract Tower,0,0,31,14,45,0,0,38,0,38,0,0,69,14,83,8,0,8,91
08/31/2016,OCF,FL,ASO,ES,Federal Contract Tower,0,0,16,0,16,0,1,7,2,10,0,1,23,2,26,4,0,4,30
09/01/2016,OCF,FL,ASO,ES,Federal Contract Tower,0,4,11,0,15,0,0,9,0,9,0,4,20,0,24,0,0,0,24
09/02/2016,OCF,FL,ASO,ES,Federal Contract Tower,0,3,13,0,16,0,0,7,0,7,0,3,20,0,23,0,0,0,23
09/03/2016,OCF,FL,ASO,ES,Federal Contract Tower,0,3,18,0,21,0,0,12,0,12,0,3,30,0,33,2,0,2,35
09/04/2016,OCF,FL,ASO,ES,Federal Contract Tower,0,0,14,0,14,0,0,33,0,33,0,0,47,0,47,26,0,26,73
09/05/2016,OCF,FL,ASO,ES,Federal Contract Tower,0,4,43,0,47,0,0,58,0,58,0,4,101,0,105,34,0,34,139
09/06/2016,OCF,FL,ASO,ES,Federal Contract Tower,0,1,29,4,34,0,0,120,0,120,0,1,149,4,154,94,0,94,248
09/07/2016,OCF,FL,ASO,ES,Federal Contract Tower,0,0,40,4,44,0,0,103,2,105,0,0,143,6,149,68,0,68,217
09/08/2016,OCF,FL,ASO,ES,Federal Contract Tower,0,2,27,4,33,0,0,123,0,123,0,2,150,4,156,112,6,118,274
09/09/2016,OCF,FL,ASO,ES,Federal Contract Tower,2,1,42,4,49,0,0,86,0,86,2,1,128,4,135,46,0,46,181
09/10/2016,OCF,FL,ASO,ES,Federal Contract Tower,0,3,28,0,31,0,0,84,0,84,0,3,112,0,115,42,0,42,157
09/11/2016,OCF,FL,ASO,ES,Federal Contract Tower,0,4,42,0,46,0,0,59,0,59,0,4,101,0,105,18,0,18,123
09/12/2016,OCF,FL,ASO,ES,Federal Contract Tower,0,3,32,0,35,0,0,46,0,46,0,3,78,0,81,40,0,40,121
09/13/2016,OCF,FL,ASO,ES,Federal Contract Tower,0,2,37,0,39,0,0,17,0,17,0,2,54,0,56,42,0,42,98
09/14/2016,OCF,FL,ASO,ES,Federal Contract Tower,0,2,34,0,36,0,0,34,0,34,0,2,68,0,70,38,0,38,108
09/15/2016,OCF,FL,ASO,ES,Federal Contract Tower,0,0,29,0,29,0,0,34,0,34,0,0,63,0,63,62,0,62,125
09/16/2016,OCF,FL,ASO,ES,Federal Contract Tower,0,0,31,4,35,0,0,88,0,88,0,0,119,4,123,68,0,68,191
09/17/2016,OCF,FL,ASO,ES,Federal Contract Tower,2,0,39,0,41,0,0,0,0,0,2,0,39,0,41,22,0,22,63
09/18/2016,OCF,FL,ASO,ES,Federal Contract Tower,0,0,43,0,43,0,0,56,0,56,0,0,99,0,99,2,0,2,101
09/19/2016,OCF,FL,ASO,ES,Federal Contract Tower,0,0,29,0,29,0,0,70,0,70,0,0,99,0,99,98,0,98,197
09/20/2016,OCF,FL,ASO,ES,Federal Contract Tower,0,0,24,8,32,0,0,33,0,33,0,0,57,8,65,54,0,54,119
09/21/2016,OCF,FL,ASO,ES,Federal Contract Tower,0,0,55,0,55,0,0,124,2,126,0,0,179,2,181,21,0,21,202
09/22/2016,OCF,FL,ASO,ES,Federal Contract Tower,0,2,33,0,35,0,0,100,0,100,0,2,133,0,135,104,0,104,239
09/23/2016,OCF,FL,ASO,ES,Federal Contract Tower,0,2,37,4,43,0,0,80,0,80,0,2,117,4,123,72,0,72,195
09/24/2016,OCF,FL,ASO,ES,Federal Contract Tower,0,5,48,0,53,0,0,93,0,93,0,5,141,0,146,38,0,38,184
09/25/2016,OCF,FL,ASO,ES,Federal Contract Tower,0,2,38,0,40,0,0,95,0,95,0,2,133,0,135,22,0,22,157
09/26/2016,OCF,FL,ASO,ES,Federal Contract Tower,0,2,56,8,66,0,0,79,0,79,0,2,135,8,145,40,0,40,185
09/27/2016,OCF,FL,ASO,ES,Federal Contract Tower,0,6,60,0,66,0,0,108,4,112,0,6,168,4,178,58,6,64,242
09/28/2016,OCF,FL,ASO,ES,Federal Contract Tower,0,3,31,2,36,0,0,51,0,51,0,3,82,2,87,62,0,62,149
09/29/2016,OCF,FL,ASO,ES,Federal Contract Tower,0,3,38,2,43,0,0,56,0,56,0,3,94,2,99,56,0,56,155
09/30/2016,OCF,FL,ASO,ES,Federal Contract Tower,0,0,40,0,40,0,0,103,0,103,0,0,143,0,143,110,0,110,253
10/01/2016,OCF,FL,ASO,ES,Federal Contract Tower,0,0,52,2,54,0,0,103,0,103,0,0,155,2,157,42,4,46,203
10/02/2016,OCF,FL,ASO,ES,Federal Contract Tower,0,3,46,0,49,0,0,96,0,96,0,3,142,0,145,6,0,6,151
10/03/2016,OCF,FL,ASO,ES,Federal Contract Tower,0,5,78,5,88,0,2,84,0,86,0,7,162,5,174,34,8,42,216
10/04/2016,OCF,FL,ASO,ES,Federal Contract Tower,0,6,43,0,49,0,0,59,0,59,0,6,102,0,108,46,0,46,154
10/05/2016,OCF,FL,ASO,ES,Federal Contract Tower,0,3,63,0,66,0,0,17,0,17,0,3,80,0,83,6,0,6,89
10/06/2016,OCF,FL,ASO,ES,Federal Contract Tower,0,1,26,0,27,0,1,0,0,1,0,2,26,0,28,0,0,0,28
10/07/2016,OCF,FL,ASO,ES,Federal Contract Tower,0,0,0,0,0,0,0,2,0,2,0,0,2,0,2,0,0,0,2
10/08/2016,OCF,FL,ASO,ES,Federal Contract Tower,0,1,36,0,37,0,0,40,0,40,0,1,76,0,77,14,0,14,91
10/09/2016,OCF,FL,ASO,ES,Federal Contract Tower,0,2,57,0,59,0,0,105,0,105,0,2,162,0,164,14,0,14,178
10/10/2016,OCF,FL,ASO,ES,Federal Contract Tower,0,4,83,0,87,0,0,75,0,75,0,4,158,0,162,38,0,38,200
10/11/2016,OCF,FL,ASO,ES,Federal Contract Tower,0,0,56,0,56,0,0,100,0,100,0,0,156,0,156,30,0,30,186
10/12/2016,OCF,FL,ASO,ES,Federal Contract Tower,4,0,60,2,66,0,0,73,0,73,4,0,133,2,139,60,0,60,199
10/13/2016,OCF,FL,ASO,ES,Federal Contract Tower,0,3,63,1,67,0,0,89,0,89,0,3,152,1,156,74,0,74,230
10/14/2016,OCF,FL,ASO,ES,Federal Contract Tower,1,7,74,0,82,0,0,107,0,107,1,7,181,0,189,76,0,76,265
10/15/2016,OCF,FL,ASO,ES,Federal Contract Tower,0,1,63,2,66,0,0,80,0,80,0,1,143,2,146,42,0,42,188
10/16/2016,OCF,FL,ASO,ES,Federal Contract Tower,0,4,25,2,31,0,0,72,0,72,0,4,97,2,103,10,0,10,113
10/17/2016,OCF,FL,ASO,ES,Federal Contract Tower,0,4,37,0,41,0,0,99,0,99,0,4,136,0,140,80,0,80,220
10/18/2016,OCF,FL,ASO,ES,Federal Contract Tower,0,3,56,0,59,0,0,105,3,108,0,3,161,3,167,86,0,86,253
10/19/2016,OCF,FL,ASO,ES,Federal Contract Tower,0,3,43,2,48,0,0,125,0,125,0,3,168,2,173,90,12,102,275
10/20/2016,OCF,FL,ASO,ES,Federal Contract Tower,0,6,59,0,65,0,0,121,0,121,0,6,180,0,186,84,0,84,270
10/21/2016,OCF,FL,ASO,ES,Federal Contract Tower,0,0,63,0,63,0,0,92,0,92,0,0,155,0,155,70,0,70,225
10/22/2016,OCF,FL,ASO,ES,Federal Contract Tower,0,1,21,0,22,0,0,112,0,112,0,1,133,0,134,46,0,46,180
10/23/2016,OCF,FL,ASO,ES,Federal Contract Tower,0,3,46,0,49,0,0,81,0,81,0,3,127,0,130,4,0,4,134
10/24/2016,OCF,FL,ASO,ES,Federal Contract Tower,0,4,64,0,68,0,0,85,0,85,0,4,149,0,153,99,0,99,252
10/25/2016,OCF,FL,ASO,ES,Federal Contract Tower,0,0,44,0,44,0,0,126,0,126,0,0,170,0,170,98,0,98,268
10/26/2016,OCF,FL,ASO,ES,Federal Contract Tower,0,2,45,1,48,0,0,91,0,91,0,2,136,1,139,54,0,54,193
10/27/2016,OCF,FL,ASO,ES,Federal Contract Tower,0,1,46,0,47,0,0,94,0,94,0,1,140,0,141,116,0,116,257
10/28/2016,OCF,FL,ASO,ES,Federal Contract Tower,0,4,78,2,84,0,0,80,0,80,0,4,158,2,164,50,2,52,216
10/29/2016,OCF,FL,ASO,ES,Federal Contract Tower,0,0,32,0,32,0,0,80,0,80,0,0,112,0,112,62,0,62,174
10/30/2016,OCF,FL,ASO,ES,Federal Contract Tower,0,3,79,0,82,0,0,40,0,40,0,3,119,0,122,26,0,26,148
10/31/2016,OCF,FL,ASO,ES,Federal Contract Tower,0,4,106,0,110,0,0,63,0,63,0,4,169,0,173,58,0,58,231
11/01/2016,OCF,FL,ASO,ES,Federal Contract Tower,0,1,85,4,90,0,1,110,0,111,0,2,195,4,201,86,0,86,287
11/02/2016,OCF,FL,ASO,ES,Federal Contract Tower,0,1,85,1,87,0,0,106,1,107,0,1,191,2,194,42,0,42,236
11/03/2016,OCF,FL,ASO,ES,Federal Contract Tower,0,0,72,0,72,0,0,76,0,76,0,0,148,0,148,122,0,122,270
11/04/2016,OCF,FL,ASO,ES,Federal Contract Tower,0,0,63,2,65,0,0,72,4,76,0,0,135,6,141,80,0,80,221
11/05/2016,OCF,FL,ASO,ES,Federal Contract Tower,0,0,52,0,52,0,0,86,0,86,0,0,138,0,138,36,0,36,174
11/06/2016,OCF,FL,ASO,ES,Federal Contract Tower,0,0,44,0,44,0,0,60,0,60,0,0,104,0,104,22,0,22,126
11/07/2016,OCF,FL,ASO,ES,Federal Contract Tower,0,5,23,0,28,0,0,59,0,59,0,5,82,0,87,24,0,24,111
11/08/2016,OCF,FL,ASO,ES,Federal Contract Tower,0,1,41,4,46,0,1,76,0,77,0,2,117,4,123,40,0,40,163
11/09/2016,OCF,FL,ASO,ES,Federal Contract Tower,0,3,49,0,52,0,0,55,0,55,0,3,104,0,107,28,0,28,135
11/10/2016,OCF,FL,ASO,ES,Federal Contract Tower,0,1,52,2,55,0,0,81,0,81,0,1,133,2,136,110,0,110,246
11/11/2016,OCF,FL,ASO,ES,Federal Contract Tower,1,2,37,0,40,0,0,90,0,90,1,2,127,0,130,100,0,100,230
11/12/2016,OCF,FL,ASO,ES,Federal Contract Tower,0,0,35,0,35,0,0,106,0,106,0,0,141,0,141,44,0,44,185
11/13/2016,OCF,FL,ASO,ES,Federal Contract Tower,0,5,31,8,44,0,0,52,0,52,0,5,83,8,96,8,0,8,104
11/14/2016,OCF,FL,ASO,ES,Federal Contract Tower,0,1,44,0,45,0,0,29,2,31,0,1,73,2,76,30,0,30,106
11/15/2016,OCF,FL,ASO,ES,Federal Contract Tower,0,2,34,9,45,0,0,109,0,109,0,2,143,9,154,78,4,82,236
11/16/2016,OCF,FL,ASO,ES,Federal Contract Tower,0,4,45,4,53,0,1,133,0,134,0,5,178,4,187,52,0,52,239
11/17/2016,OCF,FL,ASO,ES,Federal Contract Tower,0,3,31,0,34,0,0,111,0,111,0,3,142,0,145,86,0,86,231
11/18/2016,OCF,FL,ASO,ES,Federal Contract Tower,0,1,65,8,74,0,0,106,0,106,0,1,171,8,180,50,0,50,230
11/19/2016,OCF,FL,ASO,ES,Federal Contract Tower,0,0,36,0,36,0,0,92,0,92,0,0,128,0,128,16,0,16,144
11/20/2016,OCF,FL,ASO,ES,Federal Contract Tower,0,2,21,0,23,0,0,72,0,72,0,2,93,0,95,0,0,0,95
11/21/2016,OCF,FL,ASO,ES,Federal Contract Tower,0,3,35,0,38,0,0,90,0,90,0,3,125,0,128,52,0,52,180
11/22/2016,OCF,FL,ASO,ES,Federal Contract Tower,0,1,25,5,31,0,0,135,0,135,0,1,160,5,166,38,8,46,212
11/23/2016,OCF,FL,ASO,ES,Federal Contract Tower,0,6,31,0,37,0,1,82,0,83,0,7,113,0,120,42,0,42,162
11/24/2016,OCF,FL,ASO,ES,Federal Contract Tower,0,1,14,0,15,0,0,24,0,24,0,1,38,0,39,12,0,12,51
11/25/2016,OCF,FL,ASO,ES,Federal Contract Tower,0,1,43,0,44,0,0,82,0,82,0,1,125,0,126,0,0,0,126
11/26/2016,OCF,FL,ASO,ES,Federal Contract Tower,0,0,38,0,38,0,0,102,0,102,0,0,140,0,140,16,0,16,156
11/27/2016,OCF,FL,ASO,ES,Federal Contract Tower,0,1,38,0,39,0,0,72,0,72,0,1,110,0,111,16,0,16,127
11/28/2016,OCF,FL,ASO,ES,Federal Contract Tower,0,2,29,3,34,0,0,70,1,71,0,2,99,4,105,30,0,30,135
11/29/2016,OCF,FL,ASO,ES,Federal Contract Tower,0,2,42,0,44,0,0,75,0,75,0,2,117,0,119,12,0,12,131
11/30/2016,OCF,FL,ASO,ES,Federal Contract Tower,0,3,25,0,28,0,0,42,0,42,0,3,67,0,70,60,0,60,130
12/01/2016,OCF,FL,ASO,ES,Federal Contract Tower,0,3,38,2,43,0,0,33,0,33,0,3,71,2,76,28,0,28,104
12/02/2016,OCF,FL,ASO,ES,Federal Contract Tower,0,6,37,0,43,0,0,87,0,87,0,6,124,0,130,42,2,44,174
12/03/2016,OCF,FL,ASO,ES,Federal Contract Tower,0,3,27,0,30,0,0,83,0,83,0,3,110,0,113,44,0,44,157
12/04/2016,OCF,FL,ASO,ES,Federal Contract Tower,0,4,32,0,36,0,0,55,0,55,0,4,87,0,91,12,0,12,103
12/05/2016,OCF,FL,ASO,ES,Federal Contract Tower,0,2,37,6,45,0,0,25,0,25,0,2,62,6,70,52,8,60,130
12/06/2016,OCF,FL,ASO,ES,Federal Contract Tower,0,6,21,0,27,0,0,10,0,10,0,6,31,0,37,44,0,44,81
12/07/2016,OCF,FL,ASO,ES,Federal Contract Tower,0,3,53,0,56,0,0,121,0,121,0,3,174,0,177,110,0,110,287
12/08/2016,OCF,FL,ASO,ES,Federal Contract Tower,0,1,41,4,46,0,0,87,0,87,0,1,128,4,133,126,0,126,259
12/09/2016,OCF,FL,ASO,ES,Federal Contract Tower,0,1,32,0,33,0,0,53,0,53,0,1,85,0,86,70,0,70,156
12/10/2016,OCF,FL,ASO,ES,Federal Contract Tower,0,7,45,0,52,0,0,95,0,95,0,7,140,0,147,40,0,40,187
12/11/2016,OCF,FL,ASO,ES,Federal Contract Tower,0,2,31,0,33,0,0,50,0,50,0,2,81,0,83,12,0,12,95
12/12/2016,OCF,FL,ASO,ES,Federal Contract Tower,0,3,25,0,28,0,0,46,0,46,0,3,71,0,74,40,0,40,114
12/13/2016,OCF,FL,ASO,ES,Federal Contract Tower,0,4,23,8,35,0,0,73,2,75,0,4,96,10,110,94,2,96,206
12/14/2016,OCF,FL,ASO,ES,Federal Contract Tower,0,2,48,0,50,0,0,46,4,50,0,2,94,4,100,64,0,64,164
12/15/2016,OCF,FL,ASO,ES,Federal Contract Tower,0,4,59,0,63,0,0,60,2,62,0,4,119,2,125,74,0,74,199
12/16/2016,OCF,FL,ASO,ES,Federal Contract Tower,0,4,36,0,40,0,0,96,0,96,0,4,132,0,136,64,0,64,200
12/17/2016,OCF,FL,ASO,ES,Federal Contract Tower,0,0,21,4,25,0,0,76,0,76,0,0,97,4,101,26,0,26,127
12/18/2016,OCF,FL,ASO,ES,Federal Contract Tower,0,1,33,0,34,0,0,28,0,28,0,1,61,0,62,0,0,0,62
12/19/2016,OCF,FL,ASO,ES,Federal Contract Tower,0,1,30,0,31,0,0,13,0,13,0,1,43,0,44,26,0,26,70
12/20/2016,OCF,FL,ASO,ES,Federal Contract Tower,0,3,48,0,51,0,0,3,0,3,0,3,51,0,54,30,0,30,84
12/21/2016,OCF,FL,ASO,ES,Federal Contract Tower,0,2,38,0,40,0,2,34,0,36,0,4,72,0,76,16,0,16,92
12/22/2016,OCF,FL,ASO,ES,Federal Contract Tower,0,0,29,0,29,0,0,110,0,110,0,0,139,0,139,48,0,48,187
12/23/2016,OCF,FL,ASO,ES,Federal Contract Tower,0,1,37,0,38,0,0,106,0,106,0,1,143,0,144,30,0,30,174
12/24/2016,OCF,FL,ASO,ES,Federal Contract Tower,0,4,14,0,18,0,0,47,0,47,0,4,61,0,65,6,0,6,71
12/25/2016,OCF,FL,ASO,ES,Federal Contract Tower,0,2,4,0,6,0,0,15,0,15,0,2,19,0,21,0,0,0,21
12/26/2016,OCF,FL,ASO,ES,Federal Contract Tower,0,4,30,0,34,0,0,46,0,46,0,4,76,0,80,34,0,34,114
12/27/2016,OCF,FL,ASO,ES,Federal Contract Tower,0,10,41,0,51,0,0,85,0,85,0,10,126,0,136,36,0,36,172
12/28/2016,OCF,FL,ASO,ES,Federal Contract Tower,0,6,56,0,62,0,0,103,0,103,0,6,159,0,165,80,0,80,245
12/29/2016,OCF,FL,ASO,ES,Federal Contract Tower,0,3,36,0,39,0,0,22,0,22,0,3,58,0,61,14,0,14,75
12/30/2016,OCF,FL,ASO,ES,Federal Contract Tower,0,2,36,2,40,0,0,82,0,82,0,2,118,2,122,26,0,26,148
12/31/2016,OCF,FL,ASO,ES,Federal Contract Tower,0,0,30,0,30,0,0,49,0,49,0,0,79,0,79,22,0,22,101
01/01/2017,OCF,FL,ASO,ES,Federal Contract Tower,0,4,16,0,20,0,1,37,0,38,0,5,53,0,58,16,0,16,74
01/02/2017,OCF,FL,ASO,ES,Federal Contract Tower,0,3,35,0,38,0,0,54,0,54,0,3,89,0,92,92,0,92,184
01/03/2017,OCF,FL,ASO,ES,Federal Contract Tower,0,1,15,0,16,0,0,17,0,17,0,1,32,0,33,16,0,16,49
01/04/2017,OCF,FL,ASO,ES,Federal Contract Tower,0,3,43,4,50,0,0,102,0,102,0,3,145,4,152,92,0,92,244
01/05/2017,OCF,FL,ASO,ES,Federal Contract Tower,0,3,44,7,54,0,0,120,1,121,0,3,164,8,175,166,0,166,341
01/06/2017,OCF,FL,ASO,ES,Federal Contract Tower,0,7,19,5,31,0,0,111,1,112,0,7,130,6,143,68,8,76,219
01/07/2017,OCF,FL,ASO,ES,Federal Contract Tower,0,0,12,0,12,0,0,2,0,2,0,0,14,0,14,10,0,10,24
01/08/2017,OCF,FL,ASO,ES,Federal Contract Tower,0,1,45,6,52,0,0,70,0,70,0,1,115,6,122,28,0,28,150
01/09/2017,OCF,FL,ASO,ES,Federal Contract Tower,0,3,42,0,45,0,0,69,0,69,0,3,111,0,114,74,0,74,188
01/10/2017,OCF,FL,ASO,ES,Federal Contract Tower,0,2,60,0,62,0,0,128,2,130,0,2,188,2,192,60,0,60,252
01/11/2017,OCF,FL,ASO,ES,Federal Contract Tower,0,3,46,0,49,0,0,111,0,111,0,3,157,0,160,74,0,74,234
01/12/2017,OCF,FL,ASO,ES,Federal Contract Tower,0,4,23,0,27,0,0,101,0,101,0,4,124,0,128,150,0,150,278
01/13/2017,OCF,FL,ASO,ES,Federal Contract Tower,0,2,39,10,51,0,0,95,0,95,0,2,134,10,146,58,0,58,204
01/14/2017,OCF,FL,ASO,ES,Federal Contract Tower,0,1,43,0,44,0,0,82,0,82,0,1,125,0,126,30,0,30,156
01/15/2017,OCF,FL,ASO,ES,Federal Contract Tower,0,5,30,0,35,0,0,80,0,80,0,5,110,0,115,30,0,30,145
01/16/2017,OCF,FL,ASO,ES,Federal Contract Tower,0,2,40,0,42,0,0,96,0,96,0,2,136,0,138,76,0,76,214
01/17/2017,OCF,FL,ASO,ES,Federal Contract Tower,0,7,28,0,35,0,0,97,0,97,0,7,125,0,132,96,0,96,228
01/18/2017,OCF,FL,ASO,ES,Federal Contract Tower,0,2,30,0,32,0,0,88,0,88,0,2,118,0,120,92,0,92,212
01/19/2017,OCF,FL,ASO,ES,Federal Contract Tower,0,6,47,0,53,0,0,77,0,77,0,6,124,0,130,52,0,52,182
01/20/2017,OCF,FL,ASO,ES,Federal Contract Tower,0,12,15,0,27,0,0,92,0,92,0,12,107,0,119,58,0,58,177
01/21/2017,OCF,FL,ASO,ES,Federal Contract Tower,0,9,25,0,34,0,0,54,0,54,0,9,79,0,88,52,0,52,140
01/22/2017,OCF,FL,ASO,ES,Federal Contract Tower,0,7,5,0,12,0,0,1,0,1,0,7,6,0,13,0,0,0,13
01/23/2017,OCF,FL,ASO,ES,Federal Contract Tower,0,2,9,0,11,0,0,20,0,20,0,2,29,0,31,12,0,12,43
01/24/2017,OCF,FL,ASO,ES,Federal Contract Tower,0,3,34,2,39,0,0,96,0,96,0,3,130,2,135,88,0,88,223
01/25/2017,OCF,FL,ASO,ES,Federal Contract Tower,0,2,28,0,30,0,0,110,0,110,0,2,138,0,140,28,0,28,168
01/26/2017,OCF,FL,ASO,ES,Federal Contract Tower,0,6,39,0,45,0,0,25,4,29,0,6,64,4,74,4,0,4,78
01/27/2017,OCF,FL,ASO,ES,Federal Contract Tower,0,9,44,0,53,0,0,133,0,133,0,9,177,0,186,74,0,74,260
01/28/2017,OCF,FL,ASO,ES,Federal Contract Tower,0,6,49,0,55,0,2,123,0,125,0,8,172,0,180,26,0,26,206
01/29/2017,OCF,FL,ASO,ES,Federal Contract Tower,0,6,42,0,48,0,0,36,0,36,0,6,78,0,84,0,0,0,84
01/30/2017,OCF,FL,ASO,ES,Federal Contract Tower,0,1,62,2,65,0,0,74,0,74,0,1,136,2,139,76,0,76,215
01/31/2017,OCF,FL,ASO,ES,Federal Contract Tower,0,6,33,6,45,0,2,93,1,96,0,8,126,7,141,134,0,134,275
02/01/2017,OCF,FL,ASO,ES,Federal Contract Tower,0,7,34,0,41,0,0,116,0,116,0,7,150,0,157,140,0,140,297
02/02/2017,OCF,FL,ASO,ES,Federal Contract Tower,0,4,43,2,49,0,0,122,0,122,0,4,165,2,171,118,0,118,289
02/03/2017,OCF,FL,ASO,ES,Federal Contract Tower,0,4,35,0,39,0,0,105,0,105,0,4,140,0,144,116,0,116,260
02/04/2017,OCF,FL,ASO,ES,Federal Contract Tower,0,10,71,0,81,0,0,41,0,41,0,10,112,0,122,70,0,70,192
02/05/2017,OCF,FL,ASO,ES,Federal Contract Tower,0,2,58,10,70,0,0,28,0,28,0,2,86,10,98,20,0,20,118
02/06/2017,OCF,FL,ASO,ES,Federal Contract Tower,0,1,30,1,32,0,1,94,1,96,0,2,124,2,128,54,0,54,182
02/07/2017,OCF,FL,ASO,ES,Federal Contract Tower,0,0,23,0,23,0,5,56,0,61,0,5,79,0,84,66,0,66,150
02/08/2017,OCF,FL,ASO,ES,Federal Contract Tower,0,4,45,0,49,0,0,60,0,60,0,4,105,0,109,12,0,12,121
02/09/2017,OCF,FL,ASO,ES,Federal Contract Tower,0,6,36,2,44,0,1,46,0,47,0,7,82,2,91,24,0,24,115
02/10/2017,OCF,FL,ASO,ES,Federal Contract Tower,0,6,63,0,69,0,2,141,5,148,0,8,204,5,217,80,0,80,297
02/11/2017,OCF,FL,ASO,ES,Federal Contract Tower,0,5,37,0,42,0,0,100,0,100,0,5,137,0,142,36,0,36,178
02/12/2017,OCF,FL,ASO,ES,Federal Contract Tower,0,3,34,4,41,0,0,91,0,91,0,3,125,4,132,48,0,48,180
02/13/2017,OCF,FL,ASO,ES,Federal Contract Tower,0,11,84,2,97,0,0,37,0,37,0,11,121,2,134,54,0,54,188
02/14/2017,OCF,FL,ASO,ES,Federal Contract Tower,0,11,43,0,54,0,0,74,0,74,0,11,117,0,128,88,0,88,216
02/15/2017,OCF,FL,ASO,ES,Federal Contract Tower,0,4,18,2,24,0,0,5,0,5,0,4,23,2,29,0,0,0,29
02/16/2017,OCF,FL,ASO,ES,Federal Contract Tower,0,16,60,1,77,0,0,138,1,139,0,16,198,2,216,92,0,92,308
02/17/2017,OCF,FL,ASO,ES,Federal Contract Tower,0,5,68,0,73,0,0,149,0,149,0,5,217,0,222,74,0,74,296
02/18/2017,OCF,FL,ASO,ES,Federal Contract Tower,0,2,19,0,21,0,0,32,0,32,0,2,51,0,53,8,0,8,61
02/19/2017,OCF,FL,ASO,ES,Federal Contract Tower,0,10,74,0,84,0,0,64,0,64,0,10,138,0,148,26,0,26,174
02/20/2017,OCF,FL,ASO,ES,Federal Contract Tower,0,8,60,0,68,0,1,96,0,97,0,9,156,0,165,54,0,54,219
02/21/2017,OCF,FL,ASO,ES,Federal Contract Tower,0,2,31,2,35,0,0,93,0,93,0,2,124,2,128,64,2,66,194
02/22/2017,OCF,FL,ASO,ES,Federal Contract Tower,0,5,9,2,16,0,0,5,0,5,0,5,14,2,21,0,0,0,21
02/23/2017,OCF,FL,ASO,ES,Federal Contract Tower,0,5,42,2,49,0,0,13,0,13,0,5,55,2,62,12,0,12,74
02/24/2017,OCF,FL,ASO,ES,Federal Contract Tower,0,9,102,0,111,0,0,68,0,68,0,9,170,0,179,34,0,34,213
02/25/2017,OCF,FL,ASO,ES,Federal Contract Tower,0,4,40,0,44,0,2,45,0,47,0,6,85,0,91,30,0,30,121
02/26/2017,OCF,FL,ASO,ES,Federal Contract Tower,0,8,57,7,72,0,0,102,1,103,0,8,159,8,175,64,6,70,245
02/27/2017,OCF,FL,ASO,ES,Federal Contract Tower,0,7,32,0,39,0,0,88,0,88,0,7,120,0,127,84,0,84,211
02/28/2017,OCF,FL,ASO,ES,Federal Contract Tower,0,6,34,0,40,0,0,65,0,65,0,6,99,0,105,64,0,64,169
03/01/2017,OCF,FL,ASO,ES,Federal Contract Tower,0,0,41,1,42,0,0,117,1,118,0,0,158,2,160,128,4,132,292
03/02/2017,OCF,FL,ASO,ES,Federal Contract Tower,0,8,56,2,66,0,0,17,0,17,0,8,73,2,83,6,0,6,89
03/03/2017,OCF,FL,ASO,ES,Federal Contract Tower,0,5,99,0,104,0,0,67,0,67,0,5,166,0,171,74,0,74,245
03/04/2017,OCF,FL,ASO,ES,Federal Contract Tower,0,2,40,6,48,0,0,95,0,95,0,2,135,6,143,32,0,32,175
03/05/2017,OCF,FL,ASO,ES,Federal Contract Tower,0,7,41,6,54,0,0,43,0,43,0,7,84,6,97,30,0,30,127
03/06/2017,OCF,FL,ASO,ES,Federal Contract Tower,0,6,29,0,35,0,0,66,2,68,0,6,95,2,103,28,0,28,131
03/07/2017,OCF,FL,ASO,ES,Federal Contract Tower,0,3,35,11,49,0,0,153,1,154,0,3,188,12,203,98,0,98,301
03/08/2017,OCF,FL,ASO,ES,Federal Contract Tower,0,9,42,0,51,0,0,124,4,128,0,9,166,4,179,50,0,50,229
03/09/2017,OCF,FL,ASO,ES,Federal Contract Tower,0,8,51,1,60,0,0,142,2,144,0,8,193,3,204,56,0,56,260
03/10/2017,OCF,FL,ASO,ES,Federal Contract Tower,0,11,62,2,75,0,0,74,0,74,0,11,136,2,149,32,0,32,181
03/11/2017,OCF,FL,ASO,ES,Federal Contract Tower,0,11,52,0,63,0,2,162,0,164,0,13,214,0,227,58,0,58,285
03/12/2017,OCF,FL,ASO,ES,Federal Contract Tower,0,19,63,0,82,0,0,39,0,39,0,19,102,0,121,12,0,12,133
03/13/2017,OCF,FL,ASO,ES,Federal Contract Tower,0,7,64,0,71,0,0,9,0,9,0,7,73,0,80,0,0,0,80
03/14/2017,OCF,FL,ASO,ES,Federal Contract Tower,2,11,51,2,66,0,0,19,0,19,2,11,70,2,85,0,0,0,85
03/15/2017,OCF,FL,ASO,ES,Federal Contract Tower,0,10,60,0,70,0,0,113,2,115,0,10,173,2,185,70,0,70,255
03/16/2017,OCF,FL,ASO,ES,Federal Contract Tower,2,17,57,0,76,0,0,130,0,130,2,17,187,0,206,72,0,72,278
03/17/2017,OCF,FL,ASO,ES,Federal Contract Tower,1,3,62,0,66,0,0,126,0,126,1,3,188,0,192,60,0,60,252
03/18/2017,OCF,FL,ASO,ES,Federal Contract Tower,0,0,35,0,35,0,0,115,4,119,0,0,150,4,154,8,10,18,172
03/19/2017,OCF,FL,ASO,ES,Federal Contract Tower,1,3,42,0,46,0,0,59,0,59,1,3,101,0,105,36,0,36,141
03/20/2017,OCF,FL,ASO,ES,Federal Contract Tower,1,5,43,0,49,0,0,112,0,112,1,5,155,0,161,38,0,38,199
03/21/2017,OCF,FL,ASO,ES,Federal Contract Tower,1,8,34,0,43,0,0,93,0,93,1,8,127,0,136,68,0,68,204
03/22/2017,OCF,FL,ASO,ES,Federal Contract Tower,0,2,43,3,48,0,0,59,2,61,0,2,102,5,109,56,10,66,175
03/23/2017,OCF,FL,ASO,ES,Federal Contract Tower,0,4,68,2,74,0,0,75,0,75,0,4,143,2,149,68,0,68,217
03/24/2017,OCF,FL,ASO,ES,Federal Contract Tower,0,6,50,0,56,0,0,93,0,93,0,6,143,0,149,58,0,58,207
03/25/2017,OCF,FL,ASO,ES,Federal Contract Tower,0,1,36,0,37,0,0,113,0,113,0,1,149,0,150,50,0,50,200
03/26/2017,OCF,FL,ASO,ES,Federal Contract Tower,0,13,39,0,52,0,0,82,0,82,0,13,121,0,134,24,0,24,158
03/27/2017,OCF,FL,ASO,ES,Federal Contract Tower,0,1,28,0,29,0,1,111,0,112,0,2,139,0,141,76,0,76,217
03/28/2017,OCF,FL,ASO,ES,Federal Contract Tower,0,2,54,0,56,0,0,107,1,108,0,2,161,1,164,92,0,92,256
03/29/2017,OCF,FL,ASO,ES,Federal Contract Tower,0,3,39,0,42,0,0,110,1,111,0,3,149,1,153,86,0,86,239
03/30/2017,OCF,FL,ASO,ES,Federal Contract Tower,2,5,44,0,51,0,1,101,0,102,2,6,145,0,153,48,0,48,201
03/31/2017,OCF,FL,ASO,ES,Federal Contract Tower,0,3,23,3,29,0,0,38,0,38,0,3,61,3,67,2,0,2,69
04/01/2017,OCF,FL,ASO,ES,Federal Contract Tower,0,1,34,0,35,0,0,74,0,74,0,1,108,0,109,8,0,8,117
04/02/2017,OCF,FL,ASO,ES,Federal Contract Tower,0,1,43,0,44,0,0,59,0,59,0,1,102,0,103,8,0,8,111
04/03/2017,OCF,FL,ASO,ES,Federal Contract Tower,0,6,35,2,43,0,0,42,0,42,0,6,77,2,85,34,0,34,119
04/04/2017,OCF,FL,ASO,ES,Federal Contract Tower,0,2,16,0,18,0,0,19,0,19,0,2,35,0,37,0,0,0,37
04/05/2017,OCF,FL,ASO,ES,Federal Contract Tower,0,7,18,0,25,0,0,68,0,68,0,7,86,0,93,44,0,44,137
04/06/2017,OCF,FL,ASO,ES,Federal Contract Tower,0,1,31,1,33,0,0,62,1,63,0,1,93,2,96,6,0,6,102
04/07/2017,OCF,FL,ASO,ES,Federal Contract Tower,0,5,19,0,24,0,1,81,0,82,0,6,100,0,106,30,0,30,136
04/08/2017,OCF,FL,ASO,ES,Federal Contract Tower,0,1,44,0,45,0,0,117,0,117,0,1,161,0,162,14,0,14,176
04/09/2017,OCF,FL,ASO,ES,Federal Contract Tower,0,7,30,10,47,0,0,59,0,59,0,7,89,10,106,10,0,10,116
04/10/2017,OCF,FL,ASO,ES,Federal Contract Tower,2,5,37,0,44,0,0,81,0,81,2,5,118,0,125,28,0,28,153
04/11/2017,OCF,FL,ASO,ES,Federal Contract Tower,0,3,56,0,59,0,2,77,0,79,0,5,133,0,138,20,0,20,158
04/12/2017,OCF,FL,ASO,ES,Federal Contract Tower,2,5,41,0,48,0,2,151,0,153,2,7,192,0,201,46,0,46,247
04/13/2017,OCF,FL,ASO,ES,Federal Contract Tower,0,6,59,0,65,0,0,96,1,97,0,6,155,1,162,32,0,32,194
04/14/2017,OCF,FL,ASO,ES,Federal Contract Tower,0,9,56,0,65,0,3,116,0,119,0,12,172,0,184,38,0,38,222
04/15/2017,OCF,FL,ASO,ES,Federal Contract Tower,0,2,33,0,35,0,0,95,0,95,0,2,128,0,130,20,0,20,150
04/16/2017,OCF,FL,ASO,ES,Federal Contract Tower,0,4,29,0,33,0,0,36,0,36,0,4,65,0,69,4,0,4,73
04/17/2017,OCF,FL,ASO,ES,Federal Contract Tower,0,11,38,0,49,0,0,74,0,74,0,11,112,0,123,74,0,74,197
04/18/2017,OCF,FL,ASO,ES,Federal Contract Tower,0,4,48,0,52,0,0,102,0,102,0,4,150,0,154,56,0,56,210
04/19/2017,OCF,FL,ASO,ES,Federal Contract Tower,0,8,25,0,33,0,0,88,0,88,0,8,113,0,121,58,0,58,179
04/20/2017,OCF,FL,ASO,ES,Federal Contract Tower,0,3,33,2,38,0,0,101,0,101,0,3,134,2,139,46,0,46,185
04/21/2017,OCF,FL,ASO,ES,Federal Contract Tower,0,7,64,0,71,0,0,95,2,97,0,7,159,2,168,30,4,34,202
04/22/2017,OCF,FL,ASO,ES,Federal Contract Tower,0,5,23,0,28,0,0,76,0,76,0,5,99,0,104,38,0,38,142
04/23/2017,OCF,FL,ASO,ES,Federal Contract Tower,0,6,39,4,49,0,0,61,0,61,0,6,100,4,110,30,0,30,140
04/24/2017,OCF,FL,ASO,ES,Federal Contract Tower,0,3,48,0,51,0,0,49,0,49,0,3,97,0,100,26,0,26,126
04/25/2017,OCF,FL,ASO,ES,Federal Contract Tower,0,5,41,5,51,0,0,87,2,89,0,5,128,7,140,34,8,42,182
04/26/2017,OCF,FL,ASO,ES,Federal Contract Tower,2,4,45,0,51,0,0,129,0,129,2,4,174,0,180,86,0,86,266
04/27/2017,OCF,FL,ASO,ES,Federal Contract Tower,0,4,35,0,39,0,0,90,0,90,0,4,125,0,129,52,0,52,181
04/28/2017,OCF,FL,ASO,ES,Federal Contract Tower,1,5,42,1,49,0,1,88,1,90,1,6,130,2,139,42,22,64,203
04/29/2017,OCF,FL,ASO,ES,Federal Contract Tower,1,3,17,2,23,0,0,64,0,64,1,3,81,2,87,14,0,14,101
04/30/2017,OCF,FL,ASO,ES,Federal Contract Tower,1,7,53,0,61,0,0,45,0,45,1,7,98,0,106,4,0,4,110
05/01/2017,OCF,FL,ASO,ES,Federal Contract Tower,0,2,24,2,28,0,0,31,0,31,0,2,55,2,59,78,0,78,137
05/02/2017,OCF,FL,ASO,ES,Federal Contract Tower,2,0,44,0,46,0,0,71,0,71,2,0,115,0,117,72,0,72,189
05/03/2017,OCF,FL,ASO,ES,Federal Contract Tower,0,3,45,0,48,0,0,103,0,103,0,3,148,0,151,42,0,42,193
05/04/2017,OCF,FL,ASO,ES,Federal Contract Tower,0,2,22,0,24,0,0,60,0,60,0,2,82,0,84,80,0,80,164
05/05/2017,OCF,FL,ASO,ES,Federal Contract Tower,0,0,46,16,62,0,0,41,0,41,0,0,87,16,103,28,0,28,131
05/06/2017,OCF,FL,ASO,ES,Federal Contract Tower,0,1,24,0,25,0,0,33,0,33,0,1,57,0,58,2,2,4,62
05/07/2017,OCF,FL,ASO,ES,Federal Contract Tower,0,4,33,4,41,0,0,68,0,68,0,4,101,4,109,2,0,2,111
05/08/2017,OCF,FL,ASO,ES,Federal Contract Tower,0,1,59,2,62,0,0,98,0,98,0,1,157,2,160,82,8,90,250
05/09/2017,OCF,FL,ASO,ES,Federal Contract Tower,0,3,31,4,38,0,0,119,0,119,0,3,150,4,157,78,0,78,235
05/10/2017,OCF,FL,ASO,ES,Federal Contract Tower,2,3,58,2,65,0,0,126,2,128,2,3,184,4,193,70,0,70,263
05/11/2017,OCF,FL,ASO,ES,Federal Contract Tower,0,2,38,0,40,0,0,90,0,90,0,2,128,0,130,58,0,58,188
05/12/2017,OCF,FL,ASO,ES,Federal Contract Tower,0,8,38,2,48,0,0,77,0,77,0,8,115,2,125,30,0,30,155
05/13/2017,OCF,FL,ASO,ES,Federal Contract Tower,0,0,8,0,8,0,0,2,0,2,0,0,10,0,10,0,0,0,10
05/14/2017,OCF,FL,ASO,ES,Federal Contract Tower,1,4,25,4,34,0,0,33,0,33,1,4,58,4,67,12,0,12,79
05/15/2017,OCF,FL,ASO,ES,Federal Contract Tower,1,4,41,4,50,0,0,80,0,80,1,4,121,4,130,50,0,50,180
05/16/2017,OCF,FL,ASO,ES,Federal Contract Tower,0,3,61,4,68,0,0,72,0,72,0,3,133,4,140,68,0,68,208
05/17/2017,OCF,FL,ASO,ES,Federal Contract Tower,0,1,23,0,24,0,0,85,0,85,0,1,108,0,109,80,0,80,189
05/18/2017,OCF,FL,ASO,ES,Federal Contract Tower,0,2,50,2,54,0,0,90,0,90,0,2,140,2,144,92,0,92,236
05/19/2017,OCF,FL,ASO,ES,Federal Contract Tower,0,2,39,2,43,0,0,60,2,62,0,2,99,4,105,32,0,32,137
05/20/2017,OCF,FL,ASO,ES,Federal Contract Tower,0,2,22,0,24,0,0,48,4,52,0,2,70,4,76,32,0,32,108
05/21/2017,OCF,FL,ASO,ES,Federal Contract Tower,0,2,27,0,29,0,0,38,0,38,0,2,65,0,67,16,0,16,83
05/22/2017,OCF,FL,ASO,ES,Federal Contract Tower,0,3,25,2,30,0,0,81,2,83,0,3,106,4,113,50,0,50,163
05/23/2017,OCF,FL,ASO,ES,Federal Contract Tower,1,4,31,8,44,0,0,35,0,35,1,4,66,8,79,36,0,36,115
05/24/2017,OCF,FL,ASO,ES,Federal Contract Tower,1,4,12,0,17,0,0,5,0,5,1,4,17,0,22,0,0,0,22
05/25/2017,OCF,FL,ASO,ES,Federal Contract Tower,0,4,35,0,39,0,0,74,0,74,0,4,109,0,113,20,0,20,133
05/26/2017,OCF,FL,ASO,ES,Federal Contract Tower,0,5,53,3,61,0,0,113,1,114,0,5,166,4,175,84,6,90,265
05/27/2017,OCF,FL,ASO,ES,Federal Contract Tower,0,4,50,0,54,0,0,114,0,114,0,4,164,0,168,10,0,10,178
05/28/2017,OCF,FL,ASO,ES,Federal Contract Tower,0,1,12,0,13,0,0,45,0,45,0,1,57,0,58,12,0,12,70
05/29/2017,OCF,FL,ASO,ES,Federal Contract Tower,0,7,36,0,43,0,0,53,0,53,0,7,89,0,96,44,0,44,140
05/30/2017,OCF,FL,ASO,ES,Federal Contract Tower,0,3,39,2,44,0,0,46,0,46,0,3,85,2,90,24,0,24,114
05/31/2017,OCF,FL,ASO,ES,Federal Contract Tower,0,2,26,0,28,0,0,66,2,68,0,2,92,2,96,68,0,68,164
06/01/2017,OCF,FL,ASO,ES,Federal Contract Tower,0,6,26,2,34,0,0,91,0,91,0,6,117,2,125,36,0,36,161
06/02/2017,OCF,FL,ASO,ES,Federal Contract Tower,0,0,39,2,41,0,0,49,0,49,0,0,88,2,90,34,0,34,124
06/03/2017,OCF,FL,ASO,ES,Federal Contract Tower,0,0,35,0,35,0,0,13,0,13,0,0,48,0,48,2,0,2,50
06/04/2017,OCF,FL,ASO,ES,Federal Contract Tower,0,4,9,4,17,0,0,17,0,17,0,4,26,4,34,6,0,6,40
06/05/2017,OCF,FL,ASO,ES,Federal Contract Tower,0,5,20,0,25,0,0,49,0,49,0,5,69,0,74,50,0,50,124
06/06/2017,OCF,FL,ASO,ES,Federal Contract Tower,0,4,21,0,25,0,0,18,0,18,0,4,39,0,43,14,0,14,57
06/07/2017,OCF,FL,ASO,ES,Federal Contract Tower,0,3,21,0,24,0,0,2,0,2,0,3,23,0,26,4,0,4,30
06/08/2017,OCF,FL,ASO,ES,Federal Contract Tower,0,2,53,2,57,0,0,4,0,4,0,2,57,2,61,22,0,22,83
06/09/2017,OCF,FL,ASO,ES,Federal Contract Tower,0,0,60,0,60,0,0,97,2,99,0,0,157,2,159,82,4,86,245
06/10/2017,OCF,FL,ASO,ES,Federal Contract Tower,0,0,20,2,22,0,0,36,1,37,0,0,56,3,59,8,12,20,79
06/11/2017,OCF,FL,ASO,ES,Federal Contract Tower,0,0,10,0,10,0,0,49,0,49,0,0,59,0,59,12,0,12,71
06/12/2017,OCF,FL,ASO,ES,Federal Contract Tower,0,9,23,0,32,0,0,29,0,29,0,9,52,0,61,46,0,46,107
06/13/2017,OCF,FL,ASO,ES,Federal Contract Tower,2,5,25,0,32,0,0,8,0,8,2,5,33,0,40,26,0,26,66
06/14/2017,OCF,FL,ASO,ES,Federal Contract Tower,1,1,51,0,53,0,0,40,0,40,1,1,91,0,93,134,0,134,227
06/15/2017,OCF,FL,ASO,ES,Federal Contract Tower,1,3,40,0,44,0,0,100,0,100,1,3,140,0,144,74,0,74,218
06/16/2017,OCF,FL,ASO,ES,Federal Contract Tower,0,3,37,0,40,0,0,31,0,31,0,3,68,0,71,28,0,28,99
06/17/2017,OCF,FL,ASO,ES,Federal Contract Tower,0,0,12,0,12,0,0,104,0,104,0,0,116,0,116,90,0,90,206
06/18/2017,OCF,FL,ASO,ES,Federal Contract Tower,0,0,18,0,18,0,0,55,0,55,0,0,73,0,73,10,0,10,83
06/19/2017,OCF,FL,ASO,ES,Federal Contract Tower,0,2,18,0,20,0,0,47,0,47,0,2,65,0,67,56,0,56,123
06/20/2017,OCF,FL,ASO,ES,Federal Contract Tower,0,2,34,0,36,0,0,49,0,49,0,2,83,0,85,54,0,54,139
06/21/2017,OCF,FL,ASO,ES,Federal Contract Tower,0,5,46,2,53,0,0,67,0,67,0,5,113,2,120,120,0,120,240
06/22/2017,OCF,FL,ASO,ES,Federal Contract Tower,0,4,31,4,39,0,0,74,0,74,0,4,105,4,113,60,4,64,177
06/23/2017,OCF,FL,ASO,ES,Federal Contract Tower,0,1,20,0,21,0,0,155,0,155,0,1,175,0,176,102,0,102,278
06/24/2017,OCF,FL,ASO,ES,Federal Contract Tower,0,2,28,0,30,0,0,122,0,122,0,2,150,0,152,54,0,54,206
06/25/2017,OCF,FL,ASO,ES,Federal Contract Tower,2,1,22,0,25,0,1,44,0,45,2,2,66,0,70,2,0,2,72
06/26/2017,OCF,FL,ASO,ES,Federal Contract Tower,0,0,42,0,42,0,0,61,0,61,0,0,103,0,103,40,0,40,143
06/27/2017,OCF,FL,ASO,ES,Federal Contract Tower,0,3,31,0,34,0,0,62,0,62,0,3,93,0,96,168,0,168,264
06/28/2017,OCF,FL,ASO,ES,Federal Contract Tower,0,2,51,4,57,0,0,59,0,59,0,2,110,4,116,98,0,98,214
06/29/2017,OCF,FL,ASO,ES,Federal Contract Tower,0,3,47,0,50,0,0,74,0,74,0,3,121,0,124,80,0,80,204
06/30/2017,OCF,FL,ASO,ES,Federal Contract Tower,0,0,42,0,42,0,0,106,0,106,0,0,148,0,148,88,0,88,236
07/01/2017,OCF,FL,ASO,ES,Federal Contract Tower,0,2,42,0,44,0,0,65,0,65,0,2,107,0,109,14,0,14,123
07/02/2017,OCF,FL,ASO,ES,Federal Contract Tower,0,4,14,0,18,0,0,80,0,80,0,4,94,0,98,6,0,6,104
07/03/2017,OCF,FL,ASO,ES,Federal Contract Tower,0,0,19,0,19,0,2,71,0,73,0,2,90,0,92,86,0,86,178
07/04/2017,OCF,FL,ASO,ES,Federal Contract Tower,0,1,34,0,35,0,0,43,0,43,0,1,77,0,78,36,0,36,114
07/05/2017,OCF,FL,ASO,ES,Federal Contract Tower,0,2,28,2,32,0,0,81,0,81,0,2,109,2,113,36,0,36,149
07/06/2017,OCF,FL,ASO,ES,Federal Contract Tower,0,2,13,4,19,0,0,116,2,118,0,2,129,6,137,92,0,92,229
07/07/2017,OCF,FL,ASO,ES,Federal Contract Tower,0,1,29,0,30,0,2,107,2,111,0,3,136,2,141,64,0,64,205
07/08/2017,OCF,FL,ASO,ES,Federal Contract Tower,0,1,19,0,20,0,0,62,0,62,0,1,81,0,82,38,0,38,120
07/09/2017,OCF,FL,ASO,ES,Federal Contract Tower,0,2,19,0,21,0,0,40,0,40,0,2,59,0,61,4,0,4,65
07/10/2017,OCF,FL,ASO,ES,Federal Contract Tower,0,0,13,0,13,0,0,77,0,77,0,0,90,0,90,26,0,26,116
07/11/2017,OCF,FL,ASO,ES,Federal Contract Tower,0,1,29,0,30,0,3,77,2,82,0,4,106,2,112,102,0,102,214
07/12/2017,OCF,FL,ASO,ES,Federal Contract Tower,0,2,35,8,45,0,0,116,0,116,0,2,151,8,161,82,0,82,243
07/13/2017,OCF,FL,ASO,ES,Federal Contract Tower,0,0,38,2,40,0,0,78,0,78,0,0,116,2,118,102,0,102,220
07/14/2017,OCF,FL,ASO,ES,Federal Contract Tower,0,2,23,0,25,0,0,70,0,70,0,2,93,0,95,174,0,174,269
07/15/2017,OCF,FL,ASO,ES,Federal Contract Tower,1,0,18,0,19,0,0,90,0,90,1,0,108,0,109,72,0,72,181
07/16/2017,OCF,FL,ASO,ES,Federal Contract Tower,1,10,26,0,37,0,0,87,0,87,1,10,113,0,124,18,0,18,142
07/17/2017,OCF,FL,ASO,ES,Federal Contract Tower,0,2,29,0,31,0,0,67,0,67,0,2,96,0,98,108,0,108,206
07/18/2017,OCF,FL,ASO,ES,Federal Contract Tower,0,6,55,0,61,0,0,83,2,85,0,6,138,2,146,42,0,42,188
07/19/2017,OCF,FL,ASO,ES,Federal Contract Tower,0,0,36,6,42,0,0,98,0,98,0,0,134,6,140,44,2,46,186
07/20/2017,OCF,FL,ASO,ES,Federal Contract Tower,0,3,61,2,66,0,0,89,0,89,0,3,150,2,155,58,0,58,213
07/21/2017,OCF,FL,ASO,ES,Federal Contract Tower,0,0,42,0,42,0,0,92,2,94,0,0,134,2,136,97,0,97,233
07/22/2017,OCF,FL,ASO,ES,Federal Contract Tower,0,2,22,0,24,0,0,72,0,72,0,2,94,0,96,44,0,44,140
07/23/2017,OCF,FL,ASO,ES,Federal Contract Tower,0,1,10,0,11,0,0,6,0,6,0,1,16,0,17,0,0,0,17
07/24/2017,OCF,FL,ASO,ES,Federal Contract Tower,0,2,14,0,16,0,0,46,0,46,0,2,60,0,62,44,0,44,106
07/25/2017,OCF,FL,ASO,ES,Federal Contract Tower,0,0,29,0,29,0,0,135,0,135,0,0,164,0,164,96,0,96,260
07/26/2017,OCF,FL,ASO,ES,Federal Contract Tower,0,5,40,2,47,0,0,129,0,129,0,5,169,2,176,70,0,70,246
07/27/2017,OCF,FL,ASO,ES,Federal Contract Tower,0,0,20,0,20,0,0,83,0,83,0,0,103,0,103,28,0,28,131
07/28/2017,OCF,FL,ASO,ES,Federal Contract Tower,0,0,20,0,20,0,0,48,0,48,0,0,68,0,68,26,0,26,94
07/29/2017,OCF,FL,ASO,ES,Federal Contract Tower,0,0,15,0,15,0,0,46,0,46,0,0,61,0,61,40,0,40,101
07/30/2017,OCF,FL,ASO,ES,Federal Contract Tower,0,1,17,0,18,0,0,11,0,11,0,1,28,0,29,0,0,0,29
07/31/2017,OCF,FL,ASO,ES,Federal Contract Tower,0,6,33,2,41,0,0,35,0,35,0,6,68,2,76,48,0,48,124
08/01/2017,OCF,FL,ASO,ES,Federal Contract Tower,0,5,42,2,49,0,0,110,0,110,0,5,152,2,159,62,0,62,221
08/02/2017,OCF,FL,ASO,ES,Federal Contract Tower,0,2,14,0,16,0,0,11,0,11,0,2,25,0,27,2,0,2,29
08/03/2017,OCF,FL,ASO,ES,Federal Contract Tower,0,3,23,0,26,0,0,37,0,37,0,3,60,0,63,72,0,72,135
08/04/2017,OCF,FL,ASO,ES,Federal Contract Tower,0,0,24,0,24,0,0,83,0,83,0,0,107,0,107,84,0,84,191
08/05/2017,OCF,FL,ASO,ES,Federal Contract Tower,0,2,37,0,39,0,0,71,0,71,0,2,108,0,110,56,0,56,166
08/06/2017,OCF,FL,ASO,ES,Federal Contract Tower,0,2,20,0,22,0,0,69,0,69,0,2,89,0,91,20,0,20,111
08/07/2017,OCF,FL,ASO,ES,Federal Contract Tower,0,0,35,1,36,0,0,85,0,85,0,0,120,1,121,32,0,32,153
08/08/2017,OCF,FL,ASO,ES,Federal Contract Tower,0,0,33,0,33,0,0,94,0,94,0,0,127,0,127,96,0,96,223
08/09/2017,OCF,FL,ASO,ES,Federal Contract Tower,0,1,20,2,23,0,0,79,0,79,0,1,99,2,102,72,0,72,174
08/10/2017,OCF,FL,ASO,ES,Federal Contract Tower,0,2,43,0,45,0,0,60,0,60,0,2,103,0,105,32,0,32,137
08/11/2017,OCF,FL,ASO,ES,Federal Contract Tower,0,4,49,9,62,0,0,61,1,62,0,4,110,10,124,62,4,66,190
08/12/2017,OCF,FL,ASO,ES,Federal Contract Tower,0,2,22,0,24,0,0,56,0,56,0,2,78,0,80,28,0,28,108
08/13/2017,OCF,FL,ASO,ES,Federal Contract Tower,0,0,14,0,14,0,0,52,0,52,0,0,66,0,66,32,0,32,98
08/14/2017,OCF,FL,ASO,ES,Federal Contract Tower,0,0,22,0,22,0,0,91,0,91,0,0,113,0,113,102,0,102,215
08/15/2017,OCF,FL,ASO,ES,Federal Contract Tower,0,1,36,0,37,0,0,55,0,55,0,1,91,0,92,104,0,104,196
08/16/2017,OCF,FL,ASO,ES,Federal Contract Tower,0,2,23,0,25,0,0,92,0,92,0,2,115,0,117,118,0,118,235
08/17/2017,OCF,FL,ASO,ES,Federal Contract Tower,0,1,21,0,22,0,0,69,0,69,0,1,90,0,91,90,0,90,181
08/18/2017,OCF,FL,ASO,ES,Federal Contract Tower,0,0,22,0,22,0,0,65,0,65,0,0,87,0,87,106,0,106,193
08/19/2017,OCF,FL,ASO,ES,Federal Contract Tower,0,1,17,0,18,0,0,62,0,62,0,1,79,0,80,50,0,50,130
08/20/2017,OCF,FL,ASO,ES,Federal Contract Tower,0,1,23,0,24,0,0,78,0,78,0,1,101,0,102,70,0,70,172
08/21/2017,OCF,FL,ASO,ES,Federal Contract Tower,0,0,26,0,26,0,0,92,0,92,0,0,118,0,118,74,0,74,192
08/22/2017,OCF,FL,ASO,ES,Federal Contract Tower,0,0,24,4,28,0,0,111,0,111,0,0,135,4,139,112,0,112,251
08/23/2017,OCF,FL,ASO,ES,Federal Contract Tower,0,5,34,2,41,0,0,116,1,117,0,5,150,3,158,62,0,62,220
08/24/2017,OCF,FL,ASO,ES,Federal Contract Tower,0,5,37,4,46,0,0,97,0,97,0,5,134,4,143,50,0,50,193
08/25/2017,OCF,FL,ASO,ES,Federal Contract Tower,0,0,26,0,26,0,0,69,0,69,0,0,95,0,95,70,0,70,165
08/26/2017,OCF,FL,ASO,ES,Federal Contract Tower,0,0,42,0,42,0,0,17,0,17,0,0,59,0,59,18,0,18,77
08/27/2017,OCF,FL,ASO,ES,Federal Contract Tower,0,1,19,1,21,0,0,1,0,1,0,1,20,1,22,0,0,0,22
08/28/2017,OCF,FL,ASO,ES,Federal Contract Tower,0,0,47,0,47,0,0,7,0,7,0,0,54,0,54,48,0,48,102
08/29/2017,OCF,FL,ASO,ES,Federal Contract Tower,0,0,31,0,31,0,0,31,0,31,0,0,62,0,62,44,0,44,106
08/30/2017,OCF,FL,ASO,ES,Federal Contract Tower,0,0,42,3,45,0,0,139,3,142,0,0,181,6,187,84,0,84,271
08/31/2017,OCF,FL,ASO,ES,Federal Contract Tower,0,3,28,0,31,0,1,121,0,122,0,4,149,0,153,86,0,86,239
09/01/2017,OCF,FL,ASO,ES,Federal Contract Tower,0,0,19,0,19,0,0,63,2,65,0,0,82,2,84,62,0,62,146
09/02/2017,OCF,FL,ASO,ES,Federal Contract Tower,0,2,36,0,38,0,0,10,0,10,0,2,46,0,48,14,0,14,62
09/03/2017,OCF,FL,ASO,ES,Federal Contract Tower,0,0,17,0,17,0,0,81,0,81,0,0,98,0,98,32,0,32,130
09/04/2017,OCF,FL,ASO,ES,Federal Contract Tower,0,0,35,0,35,0,0,48,0,48,0,0,83,0,83,18,0,18,101
09/05/2017,OCF,FL,ASO,ES,Federal Contract Tower,0,1,36,2,39,0,0,98,0,98,0,1,134,2,137,86,0,86,223
09/06/2017,OCF,FL,ASO,ES,Federal Contract Tower,0,0,17,0,17,0,0,34,0,34,0,0,51,0,51,34,0,34,85
09/07/2017,OCF,FL,ASO,ES,Federal Contract Tower,0,4,61,0,65,0,0,102,0,102,0,4,163,0,167,68,0,68,235
09/08/2017,OCF,FL,ASO,ES,Federal Contract Tower,0,4,33,0,37,0,1,50,0,51,0,5,83,0,88,22,0,22,110
09/09/2017,OCF,FL,ASO,ES,Federal Contract Tower,0,5,14,0,19,0,0,8,0,8,0,5,22,0,27,0,0,0,27
09/10/2017,OCF,FL,ASO,ES,Federal Contract Tower,0,0,0,0,0,0,0,0,0,0,0,0,0,0,0,0,0,0,0
09/11/2017,OCF,FL,ASO,ES,Federal Contract Tower,0,0,0,0,0,0,0,0,0,0,0,0,0,0,0,0,0,0,0
09/12/2017,OCF,FL,ASO,ES,Federal Contract Tower,0,2,20,0,22,0,0,83,0,83,0,2,103,0,105,0,0,0,105
09/13/2017,OCF,FL,ASO,ES,Federal Contract Tower,0,1,33,0,34,0,0,134,0,134,0,1,167,0,168,24,0,24,192
09/14/2017,OCF,FL,ASO,ES,Federal Contract Tower,0,1,49,0,50,0,0,82,0,82,0,1,131,0,132,28,0,28,160
09/15/2017,OCF,FL,ASO,ES,Federal Contract Tower,2,2,34,0,38,0,0,76,0,76,2,2,110,0,114,40,0,40,154
09/16/2017,OCF,FL,ASO,ES,Federal Contract Tower,0,0,47,0,47,0,0,111,0,111,0,0,158,0,158,10,0,10,168
09/17/2017,OCF,FL,ASO,ES,Federal Contract Tower,0,4,21,4,29,0,0,77,0,77,0,4,98,4,106,0,0,0,106
09/18/2017,OCF,FL,ASO,ES,Federal Contract Tower,0,1,38,0,39,0,0,83,0,83,0,1,121,0,122,102,0,102,224
09/19/2017,OCF,FL,ASO,ES,Federal Contract Tower,2,1,49,0,52,0,2,93,0,95,2,3,142,0,147,68,0,68,215
09/20/2017,OCF,FL,ASO,ES,Federal Contract Tower,0,1,28,0,29,0,0,95,0,95,0,1,123,0,124,68,0,68,192
09/21/2017,OCF,FL,ASO,ES,Federal Contract Tower,0,3,42,0,45,0,0,103,0,103,0,3,145,0,148,40,0,40,188
09/22/2017,OCF,FL,ASO,ES,Federal Contract Tower,0,0,31,8,39,0,0,51,0,51,0,0,82,8,90,66,0,66,156
09/23/2017,OCF,FL,ASO,ES,Federal Contract Tower,0,2,33,0,35,0,0,49,0,49,0,2,82,0,84,12,0,12,96
09/24/2017,OCF,FL,ASO,ES,Federal Contract Tower,0,1,40,2,43,0,0,76,0,76,0,1,116,2,119,18,0,18,137
09/25/2017,OCF,FL,ASO,ES,Federal Contract Tower,0,5,56,2,63,0,0,76,0,76,0,5,132,2,139,90,0,90,229
09/26/2017,OCF,FL,ASO,ES,Federal Contract Tower,0,1,41,0,42,0,0,87,0,87,0,1,128,0,129,78,0,78,207
09/27/2017,OCF,FL,ASO,ES,Federal Contract Tower,0,4,41,0,45,0,0,109,0,109,0,4,150,0,154,86,0,86,240
09/28/2017,OCF,FL,ASO,ES,Federal Contract Tower,0,0,41,0,41,0,0,89,0,89,0,0,130,0,130,74,0,74,204
09/29/2017,OCF,FL,ASO,ES,Federal Contract Tower,2,4,47,0,53,0,0,91,0,91,2,4,138,0,144,76,0,76,220
09/30/2017,OCF,FL,ASO,ES,Federal Contract Tower,0,0,21,0,21,0,0,16,0,16,0,0,37,0,37,28,0,28,65
10/01/2017,OCF,FL,ASO,ES,Federal Contract Tower,0,0,41,0,41,0,0,10,0,10,0,0,51,0,51,0,0,0,51
10/02/2017,OCF,FL,ASO,ES,Federal Contract Tower,0,2,19,0,21,0,0,52,0,52,0,2,71,0,73,16,0,16,89
10/03/2017,OCF,FL,ASO,ES,Federal Contract Tower,0,5,46,4,55,0,0,43,0,43,0,5,89,4,98,28,0,28,126
10/04/2017,OCF,FL,ASO,ES,Federal Contract Tower,0,2,43,2,47,0,0,54,0,54,0,2,97,2,101,16,0,16,117
10/05/2017,OCF,FL,ASO,ES,Federal Contract Tower,0,0,68,0,68,0,0,40,0,40,0,0,108,0,108,22,0,22,130
10/06/2017,OCF,FL,ASO,ES,Federal Contract Tower,3,4,39,0,46,0,0,16,0,16,3,4,55,0,62,56,0,56,118
10/07/2017,OCF,FL,ASO,ES,Federal Contract Tower,0,2,21,0,23,0,0,31,0,31,0,2,52,0,54,8,0,8,62
10/08/2017,OCF,FL,ASO,ES,Federal Contract Tower,0,2,23,0,25,0,0,30,0,30,0,2,53,0,55,0,0,0,55
10/09/2017,OCF,FL,ASO,ES,Federal Contract Tower,0,5,44,0,49,0,0,54,0,54,0,5,98,0,103,54,0,54,157
10/10/2017,OCF,FL,ASO,ES,Federal Contract Tower,0,0,43,2,45,0,0,108,0,108,0,0,151,2,153,62,0,62,215
10/11/2017,OCF,FL,ASO,ES,Federal Contract Tower,0,0,48,0,48,0,0,122,2,124,0,0,170,2,172,92,0,92,264
10/12/2017,OCF,FL,ASO,ES,Federal Contract Tower,0,0,33,9,42,0,0,72,1,73,0,0,105,10,115,46,0,46,161
10/13/2017,OCF,FL,ASO,ES,Federal Contract Tower,2,5,29,2,38,0,0,80,0,80,2,5,109,2,118,38,0,38,156
10/14/2017,OCF,FL,ASO,ES,Federal Contract Tower,0,1,25,0,26,0,0,81,0,81,0,1,106,0,107,14,0,14,121
10/15/2017,OCF,FL,ASO,ES,Federal Contract Tower,0,4,32,0,36,0,0,62,0,62,0,4,94,0,98,12,0,12,110
10/16/2017,OCF,FL,ASO,ES,Federal Contract Tower,0,7,30,0,37,0,0,36,0,36,0,7,66,0,73,8,0,8,81
10/17/2017,OCF,FL,ASO,ES,Federal Contract Tower,0,2,62,4,68,0,0,16,0,16,0,2,78,4,84,4,0,4,88
10/18/2017,OCF,FL,ASO,ES,Federal Contract Tower,0,3,57,2,62,0,0,53,2,55,0,3,110,4,117,34,0,34,151
10/19/2017,OCF,FL,ASO,ES,Federal Contract Tower,0,3,29,0,32,0,0,47,0,47,0,3,76,0,79,12,0,12,91
10/21/2017,OCF,FL,ASO,ES,Federal Contract Tower,0,2,38,0,40,0,0,118,0,118,0,2,156,0,158,100,0,100,258
10/22/2017,OCF,FL,ASO,ES,Federal Contract Tower,0,0,24,0,24,0,0,41,0,41,0,0,65,0,65,42,0,42,107
10/23/2017,OCF,FL,ASO,ES,Federal Contract Tower,0,5,37,7,49,0,0,13,0,13,0,5,50,7,62,30,4,34,96
10/24/2017,OCF,FL,ASO,ES,Federal Contract Tower,0,4,44,0,48,0,0,84,2,86,0,4,128,2,134,50,0,50,184
10/25/2017,OCF,FL,ASO,ES,Federal Contract Tower,0,0,58,2,60,0,0,136,0,136,0,0,194,2,196,72,0,72,268
10/26/2017,OCF,FL,ASO,ES,Federal Contract Tower,0,2,62,2,66,0,0,146,0,146,0,2,208,2,212,104,0,104,316
10/27/2017,OCF,FL,ASO,ES,Federal Contract Tower,0,5,55,0,60,0,0,111,1,112,0,5,166,1,172,124,10,134,306
10/28/2017,OCF,FL,ASO,ES,Federal Contract Tower,0,1,28,0,29,0,0,65,0,65,0,1,93,0,94,42,0,42,136
10/29/2017,OCF,FL,ASO,ES,Federal Contract Tower,0,2,38,0,40,0,0,25,0,25,0,2,63,0,65,25,0,25,90
10/30/2017,OCF,FL,ASO,ES,Federal Contract Tower,0,0,31,2,33,0,0,0,0,0,0,0,31,2,33,62,10,72,105
10/31/2017,OCF,FL,ASO,ES,Federal Contract Tower,0,0,49,4,53,0,0,132,0,132,0,0,181,4,185,146,0,146,331
11/01/2017,OCF,FL,ASO,ES,Federal Contract Tower,0,1,67,5,73,0,0,128,6,134,0,1,195,11,207,122,6,128,335
11/02/2017,OCF,FL,ASO,ES,Federal Contract Tower,0,4,51,2,57,0,0,83,2,85,0,4,134,4,142,108,0,108,250
11/03/2017,OCF,FL,ASO,ES,Federal Contract Tower,0,5,80,6,91,0,0,139,0,139,0,5,219,6,230,76,0,76,306
11/04/2017,OCF,FL,ASO,ES,Federal Contract Tower,0,1,37,4,42,0,0,143,0,143,0,1,180,4,185,16,0,16,201
11/05/2017,OCF,FL,ASO,ES,Federal Contract Tower,0,3,48,0,51,0,0,38,0,38,0,3,86,0,89,36,0,36,125
11/06/2017,OCF,FL,ASO,ES,Federal Contract Tower,0,1,42,4,47,0,0,64,0,64,0,1,106,4,111,42,0,42,153
11/07/2017,OCF,FL,ASO,ES,Federal Contract Tower,0,4,43,6,53,0,0,105,5,110,0,4,148,11,163,98,0,98,261
11/08/2017,OCF,FL,ASO,ES,Federal Contract Tower,0,0,46,4,50,0,0,107,0,107,0,0,153,4,157,70,0,70,227
11/09/2017,OCF,FL,ASO,ES,Federal Contract Tower,0,2,33,0,35,0,0,76,0,76,0,2,109,0,111,82,0,82,193
11/10/2017,OCF,FL,ASO,ES,Federal Contract Tower,0,1,71,0,72,0,0,56,0,56,0,1,127,0,128,26,0,26,154
11/11/2017,OCF,FL,ASO,ES,Federal Contract Tower,0,2,35,0,37,0,0,69,0,69,0,2,104,0,106,36,0,36,142
11/12/2017,OCF,FL,ASO,ES,Federal Contract Tower,0,2,47,0,49,0,0,71,0,71,0,2,118,0,120,18,0,18,138
11/13/2017,OCF,FL,ASO,ES,Federal Contract Tower,0,1,61,0,62,0,0,62,0,62,0,1,123,0,124,72,0,72,196
11/14/2017,OCF,FL,ASO,ES,Federal Contract Tower,0,2,49,0,51,0,0,82,0,82,0,2,131,0,133,56,0,56,189
11/15/2017,OCF,FL,ASO,ES,Federal Contract Tower,0,4,75,6,85,0,0,122,0,122,0,4,197,6,207,48,0,48,255
11/16/2017,OCF,FL,ASO,ES,Federal Contract Tower,0,5,54,2,61,0,0,84,0,84,0,5,138,2,145,30,0,30,175
11/17/2017,OCF,FL,ASO,ES,Federal Contract Tower,0,5,68,0,73,0,0,129,0,129,0,5,197,0,202,90,0,90,292
11/18/2017,OCF,FL,ASO,ES,Federal Contract Tower,0,1,37,0,38,0,0,109,0,109,0,1,146,0,147,40,0,40,187
11/19/2017,OCF,FL,ASO,ES,Federal Contract Tower,0,6,72,0,78,0,0,21,0,21,0,6,93,0,99,2,0,2,101
11/20/2017,OCF,FL,ASO,ES,Federal Contract Tower,0,1,42,0,43,0,0,102,0,102,0,1,144,0,145,58,0,58,203
11/21/2017,OCF,FL,ASO,ES,Federal Contract Tower,0,1,56,0,57,0,0,53,0,53,0,1,109,0,110,72,0,72,182
11/22/2017,OCF,FL,ASO,ES,Federal Contract Tower,0,1,52,0,53,0,0,75,0,75,0,1,127,0,128,42,0,42,170
11/23/2017,OCF,FL,ASO,ES,Federal Contract Tower,0,0,8,0,8,0,0,0,0,0,0,0,8,0,8,0,0,0,8
11/24/2017,OCF,FL,ASO,ES,Federal Contract Tower,0,6,21,0,27,0,0,13,0,13,0,6,34,0,40,10,0,10,50
11/25/2017,OCF,FL,ASO,ES,Federal Contract Tower,0,4,70,0,74,0,0,48,0,48,0,4,118,0,122,6,0,6,128
11/26/2017,OCF,FL,ASO,ES,Federal Contract Tower,0,1,29,0,30,0,0,98,0,98,0,1,127,0,128,76,0,76,204
11/27/2017,OCF,FL,ASO,ES,Federal Contract Tower,0,0,66,0,66,0,0,109,0,109,0,0,175,0,175,58,0,58,233
11/28/2017,OCF,FL,ASO,ES,Federal Contract Tower,0,4,48,4,56,0,0,131,0,131,0,4,179,4,187,70,0,70,257
11/29/2017,OCF,FL,ASO,ES,Federal Contract Tower,0,5,63,6,74,0,0,122,2,124,0,5,185,8,198,58,4,62,260
11/30/2017,OCF,FL,ASO,ES,Federal Contract Tower,0,0,40,2,42,0,0,100,5,105,0,0,140,7,147,112,2,114,261
12/01/2017,OCF,FL,ASO,ES,Federal Contract Tower,0,6,56,4,66,0,0,115,0,115,0,6,171,4,181,66,0,66,247
12/02/2017,OCF,FL,ASO,ES,Federal Contract Tower,0,2,44,0,46,0,0,97,4,101,0,2,141,4,147,50,2,52,199
12/03/2017,OCF,FL,ASO,ES,Federal Contract Tower,0,4,33,4,41,0,0,64,2,66,0,4,97,6,107,52,0,52,159
12/04/2017,OCF,FL,ASO,ES,Federal Contract Tower,0,2,64,0,66,0,1,76,0,77,0,3,140,0,143,62,0,62,205
12/05/2017,OCF,FL,ASO,ES,Federal Contract Tower,0,0,44,0,44,0,0,106,0,106,0,0,150,0,150,64,0,64,214
12/06/2017,OCF,FL,ASO,ES,Federal Contract Tower,0,2,42,2,46,0,0,120,0,120,0,2,162,2,166,38,4,42,208
12/07/2017,OCF,FL,ASO,ES,Federal Contract Tower,0,4,61,6,71,0,0,0,0,0,0,4,61,6,71,0,0,0,71
12/08/2017,OCF,FL,ASO,ES,Federal Contract Tower,0,3,34,4,41,0,0,3,0,3,0,3,37,4,44,0,0,0,44
12/09/2017,OCF,FL,ASO,ES,Federal Contract Tower,0,0,15,0,15,0,0,13,2,15,0,0,28,2,30,0,0,0,30
12/10/2017,OCF,FL,ASO,ES,Federal Contract Tower,0,4,17,0,21,0,0,84,0,84,0,4,101,0,105,38,0,38,143
12/11/2017,OCF,FL,ASO,ES,Federal Contract Tower,0,5,35,9,49,0,0,127,0,127,0,5,162,9,176,68,6,74,250
12/12/2017,OCF,FL,ASO,ES,Federal Contract Tower,0,7,20,2,29,0,0,55,0,55,0,7,75,2,84,54,0,54,138
12/13/2017,OCF,FL,ASO,ES,Federal Contract Tower,0,4,67,2,73,0,0,130,4,134,0,4,197,6,207,110,0,110,317
12/14/2017,OCF,FL,ASO,ES,Federal Contract Tower,0,1,28,1,30,0,0,100,1,101,0,1,128,2,131,34,0,34,165
12/15/2017,OCF,FL,ASO,ES,Federal Contract Tower,0,2,37,0,39,0,0,98,0,98,0,2,135,0,137,58,0,58,195
12/16/2017,OCF,FL,ASO,ES,Federal Contract Tower,0,0,47,0,47,0,0,86,0,86,0,0,133,0,133,32,0,32,165
12/17/2017,OCF,FL,ASO,ES,Federal Contract Tower,0,3,57,0,60,0,0,121,0,121,0,3,178,0,181,40,0,40,221
12/18/2017,OCF,FL,ASO,ES,Federal Contract Tower,0,2,26,0,28,0,0,82,0,82,0,2,108,0,110,38,0,38,148
12/19/2017,OCF,FL,ASO,ES,Federal Contract Tower,0,2,32,7,41,0,0,59,0,59,0,2,91,7,100,106,0,106,206
12/20/2017,OCF,FL,ASO,ES,Federal Contract Tower,0,2,37,6,45,0,0,61,0,61,0,2,98,6,106,10,0,10,116
12/21/2017,OCF,FL,ASO,ES,Federal Contract Tower,0,4,43,3,50,0,0,73,0,73,0,4,116,3,123,92,0,92,215
12/22/2017,OCF,FL,ASO,ES,Federal Contract Tower,0,2,52,1,55,0,0,90,0,90,0,2,142,1,145,160,0,160,305
12/23/2017,OCF,FL,ASO,ES,Federal Contract Tower,0,2,41,0,43,0,0,58,0,58,0,2,99,0,101,48,0,48,149
12/24/2017,OCF,FL,ASO,ES,Federal Contract Tower,0,2,8,0,10,0,0,14,0,14,0,2,22,0,24,26,0,26,50
12/25/2017,OCF,FL,ASO,ES,Federal Contract Tower,0,5,7,0,12,0,0,27,0,27,0,5,34,0,39,0,0,0,39
12/26/2017,OCF,FL,ASO,ES,Federal Contract Tower,0,8,44,0,52,0,0,56,0,56,0,8,100,0,108,50,0,50,158
12/27/2017,OCF,FL,ASO,ES,Federal Contract Tower,0,5,48,0,53,0,3,66,0,69,0,8,114,0,122,62,0,62,184
12/28/2017,OCF,FL,ASO,ES,Federal Contract Tower,0,3,41,0,44,0,0,5,0,5,0,3,46,0,49,0,0,0,49
12/29/2017,OCF,FL,ASO,ES,Federal Contract Tower,0,1,47,0,48,0,0,10,0,10,0,1,57,0,58,20,0,20,78
12/30/2017,OCF,FL,ASO,ES,Federal Contract Tower,0,2,42,0,44,0,0,55,0,55,0,2,97,0,99,34,0,34,133
12/31/2017,OCF,FL,ASO,ES,Federal Contract Tower,0,1,21,0,22,0,0,88,0,88,0,1,109,0,110,46,0,46,156
01/01/2018,OCF,FL,ASO,ES,Federal Contract Tower,0,2,18,0,20,0,0,0,0,0,0,2,18,0,20,0,0,0,20
01/02/2018,OCF,FL,ASO,ES,Federal Contract Tower,0,4,33,0,37,0,0,13,0,13,0,4,46,0,50,18,0,18,68
01/03/2018,OCF,FL,ASO,ES,Federal Contract Tower,0,0,24,4,28,0,0,6,0,6,0,0,30,4,34,0,0,0,34
01/04/2018,OCF,FL,ASO,ES,Federal Contract Tower,0,3,28,1,32,0,0,72,0,72,0,3,100,1,104,90,0,90,194
01/05/2018,OCF,FL,ASO,ES,Federal Contract Tower,0,5,32,8,45,0,0,115,2,117,0,5,147,10,162,102,2,104,266
01/06/2018,OCF,FL,ASO,ES,Federal Contract Tower,0,9,64,2,75,0,0,108,0,108,0,9,172,2,183,40,0,40,223
01/07/2018,OCF,FL,ASO,ES,Federal Contract Tower,0,9,69,4,82,0,0,61,0,61,0,9,130,4,143,16,0,16,159
01/08/2018,OCF,FL,ASO,ES,Federal Contract Tower,0,4,55,0,59,0,0,73,0,73,0,4,128,0,132,48,0,48,180
01/09/2018,OCF,FL,ASO,ES,Federal Contract Tower,0,6,65,10,81,0,0,38,2,40,0,6,103,12,121,10,6,16,137
01/10/2018,OCF,FL,ASO,ES,Federal Contract Tower,0,5,45,2,52,0,0,4,0,4,0,5,49,2,56,12,0,12,68
01/11/2018,OCF,FL,ASO,ES,Federal Contract Tower,0,4,55,2,61,0,0,27,2,29,0,4,82,4,90,84,0,84,174
01/12/2018,OCF,FL,ASO,ES,Federal Contract Tower,0,2,27,0,29,0,0,3,0,3,0,2,30,0,32,6,0,6,38
01/13/2018,OCF,FL,ASO,ES,Federal Contract Tower,0,0,61,0,61,0,0,41,0,41,0,0,102,0,102,2,0,2,104
01/14/2018,OCF,FL,ASO,ES,Federal Contract Tower,0,1,56,0,57,0,0,91,0,91,0,1,147,0,148,24,0,24,172
01/15/2018,OCF,FL,ASO,ES,Federal Contract Tower,0,8,66,0,74,0,0,102,0,102,0,8,168,0,176,54,0,54,230
01/16/2018,OCF,FL,ASO,ES,Federal Contract Tower,0,2,58,8,68,0,0,128,0,128,0,2,186,8,196,94,0,94,290
01/17/2018,OCF,FL,ASO,ES,Federal Contract Tower,0,0,91,4,95,0,0,120,0,120,0,0,211,4,215,52,0,52,267
01/18/2018,OCF,FL,ASO,ES,Federal Contract Tower,0,6,8,69,83,0,0,106,2,108,0,6,114,71,191,132,0,132,323
01/19/2018,OCF,FL,ASO,ES,Federal Contract Tower,0,3,49,4,56,0,0,106,0,106,0,3,155,4,162,152,0,152,314
01/20/2018,OCF,FL,ASO,ES,Federal Contract Tower,0,2,76,0,78,0,0,94,0,94,0,2,170,0,172,76,0,76,248
01/21/2018,OCF,FL,ASO,ES,Federal Contract Tower,0,7,33,0,40,0,0,64,0,64,0,7,97,0,104,66,0,66,170
01/22/2018,OCF,FL,ASO,ES,Federal Contract Tower,0,4,44,2,50,0,0,78,3,81,0,4,122,5,131,128,10,138,269
01/23/2018,OCF,FL,ASO,ES,Federal Contract Tower,0,6,45,4,55,0,0,51,2,53,0,6,96,6,108,100,4,104,212
01/24/2018,OCF,FL,ASO,ES,Federal Contract Tower,0,5,70,4,79,0,0,137,1,138,0,5,207,5,217,202,2,204,421
01/25/2018,OCF,FL,ASO,ES,Federal Contract Tower,0,2,70,0,72,0,0,116,0,116,0,2,186,0,188,84,4,88,276
01/26/2018,OCF,FL,ASO,ES,Federal Contract Tower,0,2,56,4,62,0,0,90,0,90,0,2,146,4,152,52,0,52,204
01/27/2018,OCF,FL,ASO,ES,Federal Contract Tower,0,3,44,0,47,0,0,115,0,115,0,3,159,0,162,70,0,70,232
01/28/2018,OCF,FL,ASO,ES,Federal Contract Tower,0,7,21,0,28,0,0,42,0,42,0,7,63,0,70,100,0,100,170
01/29/2018,OCF,FL,ASO,ES,Federal Contract Tower,0,6,60,0,66,0,0,23,0,23,0,6,83,0,89,142,0,142,231
01/30/2018,OCF,FL,ASO,ES,Federal Contract Tower,0,1,80,2,83,0,0,153,0,153,0,1,233,2,236,70,0,70,306
01/31/2018,OCF,FL,ASO,ES,Federal Contract Tower,0,0,60,0,60,0,0,133,13,146,0,0,193,13,206,150,0,150,356
02/01/2018,OCF,FL,ASO,ES,Federal Contract Tower,0,3,51,0,54,0,0,133,0,133,0,3,184,0,187,162,0,162,349
02/02/2018,OCF,FL,ASO,ES,Federal Contract Tower,0,7,68,0,75,0,0,76,0,76,0,7,144,0,151,122,0,122,273
02/03/2018,OCF,FL,ASO,ES,Federal Contract Tower,0,2,78,0,80,0,0,105,0,105,0,2,183,0,185,44,0,44,229
02/04/2018,OCF,FL,ASO,ES,Federal Contract Tower,0,6,21,1,28,0,0,7,3,10,0,6,28,4,38,12,0,12,50
02/05/2018,OCF,FL,ASO,ES,Federal Contract Tower,0,3,55,0,58,0,0,94,0,94,0,3,149,0,152,210,0,210,362
02/06/2018,OCF,FL,ASO,ES,Federal Contract Tower,0,3,50,8,61,0,0,123,0,123,0,3,173,8,184,150,4,154,338
02/07/2018,OCF,FL,ASO,ES,Federal Contract Tower,0,10,42,3,55,0,0,106,1,107,0,10,148,4,162,54,8,62,224
02/08/2018,OCF,FL,ASO,ES,Federal Contract Tower,0,2,56,6,64,0,0,10,0,10,0,2,66,6,74,0,0,0,74
02/09/2018,OCF,FL,ASO,ES,Federal Contract Tower,0,3,57,4,64,0,0,82,0,82,0,3,139,4,146,62,0,62,208
02/10/2018,OCF,FL,ASO,ES,Federal Contract Tower,0,2,29,0,31,0,0,44,0,44,0,2,73,0,75,14,0,14,89
02/11/2018,OCF,FL,ASO,ES,Federal Contract Tower,0,7,24,2,33,0,0,26,4,30,0,7,50,6,63,0,16,16,79
02/12/2018,OCF,FL,ASO,ES,Federal Contract Tower,2,1,31,3,37,0,0,2,0,2,2,1,33,3,39,14,0,14,53
02/13/2018,OCF,FL,ASO,ES,Federal Contract Tower,0,2,47,0,49,0,0,0,0,0,0,2,47,0,49,2,0,2,51
02/14/2018,OCF,FL,ASO,ES,Federal Contract Tower,0,4,37,4,45,0,0,40,0,40,0,4,77,4,85,46,4,50,135
02/15/2018,OCF,FL,ASO,ES,Federal Contract Tower,0,4,34,0,38,0,0,99,0,99,0,4,133,0,137,50,0,50,187
02/16/2018,OCF,FL,ASO,ES,Federal Contract Tower,0,5,49,2,56,0,0,80,0,80,0,5,129,2,136,28,0,28,164
02/17/2018,OCF,FL,ASO,ES,Federal Contract Tower,0,4,35,0,39,0,0,78,0,78,0,4,113,0,117,30,0,30,147
02/18/2018,OCF,FL,ASO,ES,Federal Contract Tower,0,8,58,0,66,0,0,87,0,87,0,8,145,0,153,16,0,16,169
02/19/2018,OCF,FL,ASO,ES,Federal Contract Tower,0,9,44,0,53,0,0,96,0,96,0,9,140,0,149,100,0,100,249
02/20/2018,OCF,FL,ASO,ES,Federal Contract Tower,0,5,46,0,51,0,0,106,2,108,0,5,152,2,159,96,0,96,255
02/21/2018,OCF,FL,ASO,ES,Federal Contract Tower,0,9,47,2,58,0,0,101,0,101,0,9,148,2,159,108,0,108,267
02/22/2018,OCF,FL,ASO,ES,Federal Contract Tower,2,7,43,4,56,0,0,131,0,131,2,7,174,4,187,90,0,90,277
02/23/2018,OCF,FL,ASO,ES,Federal Contract Tower,0,8,34,4,46,0,0,106,6,112,0,8,140,10,158,118,4,122,280
02/24/2018,OCF,FL,ASO,ES,Federal Contract Tower,0,2,39,0,41,0,0,70,0,70,0,2,109,0,111,32,0,32,143
02/25/2018,OCF,FL,ASO,ES,Federal Contract Tower,0,11,51,0,62,0,0,74,0,74,0,11,125,0,136,36,0,36,172
02/26/2018,OCF,FL,ASO,ES,Federal Contract Tower,0,3,47,0,50,0,0,72,2,74,0,3,119,2,124,76,2,78,202
02/27/2018,OCF,FL,ASO,ES,Federal Contract Tower,0,2,76,2,80,0,0,60,0,60,0,2,136,2,140,36,0,36,176
03/01/2018,OCF,FL,ASO,ES,Federal Contract Tower,0,3,28,2,33,0,0,55,2,57,0,3,83,4,90,34,8,42,132
03/02/2018,OCF,FL,ASO,ES,Federal Contract Tower,0,5,106,4,115,0,0,117,2,119,0,5,223,6,234,70,6,76,310
03/03/2018,OCF,FL,ASO,ES,Federal Contract Tower,0,4,47,2,53,0,0,87,0,87,0,4,134,2,140,22,4,26,166
03/04/2018,OCF,FL,ASO,ES,Federal Contract Tower,0,7,43,2,52,0,0,69,0,69,0,7,112,2,121,26,0,26,147
03/05/2018,OCF,FL,ASO,ES,Federal Contract Tower,0,6,31,4,41,0,0,102,2,104,0,6,133,6,145,64,0,64,209
03/06/2018,OCF,FL,ASO,ES,Federal Contract Tower,2,5,38,0,45,0,0,69,0,69,2,5,107,0,114,56,0,56,170
03/07/2018,OCF,FL,ASO,ES,Federal Contract Tower,0,15,55,5,75,0,0,66,1,67,0,15,121,6,142,28,6,34,176
03/08/2018,OCF,FL,ASO,ES,Federal Contract Tower,0,7,69,0,76,0,0,77,1,78,0,7,146,1,154,74,0,74,228
03/09/2018,OCF,FL,ASO,ES,Federal Contract Tower,0,1,64,0,65,0,0,124,0,124,0,1,188,0,189,56,0,56,245
03/10/2018,OCF,FL,ASO,ES,Federal Contract Tower,0,12,44,0,56,0,0,159,0,159,0,12,203,0,215,44,0,44,259
03/11/2018,OCF,FL,ASO,ES,Federal Contract Tower,0,11,49,0,60,0,0,41,0,41,0,11,90,0,101,8,0,8,109
03/12/2018,OCF,FL,ASO,ES,Federal Contract Tower,0,6,51,0,57,0,0,14,0,14,0,6,65,0,71,2,0,2,73
03/13/2018,OCF,FL,ASO,ES,Federal Contract Tower,0,12,85,7,104,0,3,125,1,129,0,15,210,8,233,108,0,108,341
03/14/2018,OCF,FL,ASO,ES,Federal Contract Tower,2,14,97,4,117,0,0,123,0,123,2,14,220,4,240,76,0,76,316
03/15/2018,OCF,FL,ASO,ES,Federal Contract Tower,2,10,60,2,74,0,0,122,0,122,2,10,182,2,196,96,0,96,292
03/16/2018,OCF,FL,ASO,ES,Federal Contract Tower,0,11,59,1,71,0,0,115,1,116,0,11,174,2,187,66,0,66,253
03/17/2018,OCF,FL,ASO,ES,Federal Contract Tower,0,3,40,2,45,0,0,101,2,103,0,3,141,4,148,26,0,26,174
03/18/2018,OCF,FL,ASO,ES,Federal Contract Tower,2,22,60,0,84,0,0,57,0,57,2,22,117,0,141,4,0,4,145
03/19/2018,OCF,FL,ASO,ES,Federal Contract Tower,0,2,15,0,17,0,0,0,0,0,0,2,15,0,17,0,0,0,17
03/20/2018,OCF,FL,ASO,ES,Federal Contract Tower,0,3,7,0,10,0,0,0,0,0,0,3,7,0,10,0,0,0,10
03/21/2018,OCF,FL,ASO,ES,Federal Contract Tower,0,3,75,0,78,0,2,48,0,50,0,5,123,0,128,4,0,4,132
03/22/2018,OCF,FL,ASO,ES,Federal Contract Tower,1,2,68,3,74,0,0,112,1,113,1,2,180,4,187,104,4,108,295
03/23/2018,OCF,FL,ASO,ES,Federal Contract Tower,0,3,75,4,82,0,0,137,0,137,0,3,212,4,219,82,6,88,307
03/24/2018,OCF,FL,ASO,ES,Federal Contract Tower,1,3,28,0,32,0,1,146,0,147,1,4,174,0,179,62,0,62,241
03/25/2018,OCF,FL,ASO,ES,Federal Contract Tower,1,10,34,0,45,0,0,85,0,85,1,10,119,0,130,30,0,30,160
03/26/2018,OCF,FL,ASO,ES,Federal Contract Tower,1,8,48,0,57,0,0,4,0,4,1,8,52,0,61,0,0,0,61
03/27/2018,OCF,FL,ASO,ES,Federal Contract Tower,1,0,28,1,30,0,0,77,0,77,1,0,105,1,107,108,0,108,215
03/28/2018,OCF,FL,ASO,ES,Federal Contract Tower,0,0,22,2,24,0,0,161,1,162,0,0,183,3,186,124,4,128,314
03/29/2018,OCF,FL,ASO,ES,Federal Contract Tower,0,4,48,2,54,0,0,90,0,90,0,4,138,2,144,114,0,114,258
03/30/2018,OCF,FL,ASO,ES,Federal Contract Tower,0,2,36,0,38,0,0,58,0,58,0,2,94,0,96,46,0,46,142
03/31/2018,OCF,FL,ASO,ES,Federal Contract Tower,0,1,54,0,55,0,0,58,0,58,0,1,112,0,113,58,0,58,171
04/01/2018,OCF,FL,ASO,ES,Federal Contract Tower,0,5,40,0,45,0,0,27,0,27,0,5,67,0,72,14,0,14,86
04/02/2018,OCF,FL,ASO,ES,Federal Contract Tower,0,6,50,0,56,0,0,72,0,72,0,6,122,0,128,120,0,120,248
04/03/2018,OCF,FL,ASO,ES,Federal Contract Tower,0,3,46,0,49,0,0,94,0,94,0,3,140,0,143,90,0,90,233
04/04/2018,OCF,FL,ASO,ES,Federal Contract Tower,0,0,33,1,34,0,0,99,1,100,0,0,132,2,134,66,4,70,204
04/05/2018,OCF,FL,ASO,ES,Federal Contract Tower,0,5,72,0,77,0,0,133,0,133,0,5,205,0,210,72,0,72,282
04/06/2018,OCF,FL,ASO,ES,Federal Contract Tower,0,4,44,3,51,0,1,152,1,154,0,5,196,4,205,78,4,82,287
04/07/2018,OCF,FL,ASO,ES,Federal Contract Tower,0,2,22,0,24,0,0,32,0,32,0,2,54,0,56,22,0,22,78
04/08/2018,OCF,FL,ASO,ES,Federal Contract Tower,0,5,85,0,90,0,0,35,0,35,0,5,120,0,125,48,0,48,173
04/09/2018,OCF,FL,ASO,ES,Federal Contract Tower,1,4,24,0,29,0,0,8,0,8,1,4,32,0,37,0,0,0,37
04/10/2018,OCF,FL,ASO,ES,Federal Contract Tower,1,2,33,0,36,0,0,1,0,1,1,2,34,0,37,0,0,0,37
04/11/2018,OCF,FL,ASO,ES,Federal Contract Tower,0,8,49,0,57,0,0,108,2,110,0,8,157,2,167,60,0,60,227
04/12/2018,OCF,FL,ASO,ES,Federal Contract Tower,0,2,48,7,57,0,0,104,1,105,0,2,152,8,162,124,0,124,286
04/13/2018,OCF,FL,ASO,ES,Federal Contract Tower,0,3,25,4,32,0,0,119,2,121,0,3,144,6,153,76,0,76,229
04/14/2018,OCF,FL,ASO,ES,Federal Contract Tower,0,4,19,0,23,0,0,83,0,83,0,4,102,0,106,40,0,40,146
04/15/2018,OCF,FL,ASO,ES,Federal Contract Tower,0,9,15,0,24,0,0,6,0,6,0,9,21,0,30,0,0,0,30
04/16/2018,OCF,FL,ASO,ES,Federal Contract Tower,1,7,64,0,72,0,0,69,0,69,1,7,133,0,141,2,0,2,143
04/17/2018,OCF,FL,ASO,ES,Federal Contract Tower,0,1,51,8,60,0,2,117,4,123,0,3,168,12,183,144,12,156,339
04/18/2018,OCF,FL,ASO,ES,Federal Contract Tower,0,9,40,3,52,0,2,155,1,158,0,11,195,4,210,92,0,92,302
04/19/2018,OCF,FL,ASO,ES,Federal Contract Tower,0,1,48,0,49,0,1,93,0,94,0,2,141,0,143,14,0,14,157
04/20/2018,OCF,FL,ASO,ES,Federal Contract Tower,0,0,70,6,76,0,7,117,2,126,0,7,187,8,202,82,6,88,290
04/21/2018,OCF,FL,ASO,ES,Federal Contract Tower,0,9,42,0,51,0,0,76,0,76,0,9,118,0,127,22,0,22,149
04/22/2018,OCF,FL,ASO,ES,Federal Contract Tower,0,5,38,0,43,0,0,50,0,50,0,5,88,0,93,22,0,22,115
04/23/2018,OCF,FL,ASO,ES,Federal Contract Tower,0,7,19,0,26,0,0,15,2,17,0,7,34,2,43,46,0,46,89
04/24/2018,OCF,FL,ASO,ES,Federal Contract Tower,0,7,75,6,88,0,0,106,0,106,0,7,181,6,194,98,0,98,292
04/25/2018,OCF,FL,ASO,ES,Federal Contract Tower,2,3,73,2,80,0,0,144,0,144,2,3,217,2,224,78,0,78,302
04/26/2018,OCF,FL,ASO,ES,Federal Contract Tower,1,3,45,0,49,0,0,112,0,112,1,3,157,0,161,82,0,82,243
04/27/2018,OCF,FL,ASO,ES,Federal Contract Tower,1,5,41,0,47,0,0,118,0,118,1,5,159,0,165,82,0,82,247
04/28/2018,OCF,FL,ASO,ES,Federal Contract Tower,0,3,46,0,49,0,0,133,0,133,0,3,179,0,182,48,0,48,230
04/29/2018,OCF,FL,ASO,ES,Federal Contract Tower,2,3,31,0,36,0,0,83,0,83,2,3,114,0,119,60,0,60,179
04/30/2018,OCF,FL,ASO,ES,Federal Contract Tower,0,1,56,0,57,0,2,106,0,108,0,3,162,0,165,66,0,66,231
05/01/2018,OCF,FL,ASO,ES,Federal Contract Tower,0,5,38,2,45,0,0,116,0,116,0,5,154,2,161,84,0,84,245
05/02/2018,OCF,FL,ASO,ES,Federal Contract Tower,2,11,42,2,57,0,0,110,0,110,2,11,152,2,167,64,12,76,243
05/03/2018,OCF,FL,ASO,ES,Federal Contract Tower,0,2,60,0,62,0,0,136,4,140,0,2,196,4,202,54,10,64,266
05/04/2018,OCF,FL,ASO,ES,Federal Contract Tower,0,4,66,11,81,0,0,0,0,0,0,4,66,11,81,92,4,96,177
05/05/2018,OCF,FL,ASO,ES,Federal Contract Tower,0,2,33,0,35,0,0,85,0,85,0,2,118,0,120,48,0,48,168
05/06/2018,OCF,FL,ASO,ES,Federal Contract Tower,0,4,28,0,32,0,0,30,0,30,0,4,58,0,62,40,0,40,102
05/07/2018,OCF,FL,ASO,ES,Federal Contract Tower,0,0,47,3,50,0,0,94,1,95,0,0,141,4,145,134,0,134,279
05/08/2018,OCF,FL,ASO,ES,Federal Contract Tower,0,0,87,0,87,0,0,113,0,113,0,0,200,0,200,174,0,174,374
05/09/2018,OCF,FL,ASO,ES,Federal Contract Tower,1,2,66,3,72,0,0,107,0,107,1,2,173,3,179,104,0,104,283
05/10/2018,OCF,FL,ASO,ES,Federal Contract Tower,1,0,76,2,79,0,0,130,0,130,1,0,206,2,209,56,0,56,265
05/11/2018,OCF,FL,ASO,ES,Federal Contract Tower,0,2,61,0,63,0,0,100,0,100,0,2,161,0,163,86,0,86,249
05/12/2018,OCF,FL,ASO,ES,Federal Contract Tower,0,2,40,0,42,0,1,93,0,94,0,3,133,0,136,38,0,38,174
05/13/2018,OCF,FL,ASO,ES,Federal Contract Tower,0,2,33,0,35,0,0,55,0,55,0,2,88,0,90,14,0,14,104
05/14/2018,OCF,FL,ASO,ES,Federal Contract Tower,0,2,37,0,39,0,0,3,0,3,0,2,40,0,42,22,0,22,64
05/15/2018,OCF,FL,ASO,ES,Federal Contract Tower,2,5,34,0,41,0,0,11,0,11,2,5,45,0,52,20,0,20,72
05/16/2018,OCF,FL,ASO,ES,Federal Contract Tower,0,0,35,2,37,0,0,13,0,13,0,0,48,2,50,20,16,36,86
05/17/2018,OCF,FL,ASO,ES,Federal Contract Tower,0,0,27,0,27,0,0,3,0,3,0,0,30,0,30,0,0,0,30
05/18/2018,OCF,FL,ASO,ES,Federal Contract Tower,0,0,56,0,56,0,0,51,0,51,0,0,107,0,107,70,0,70,177
05/19/2018,OCF,FL,ASO,ES,Federal Contract Tower,0,3,19,0,22,0,0,25,0,25,0,3,44,0,47,6,0,6,53
05/20/2018,OCF,FL,ASO,ES,Federal Contract Tower,0,2,41,0,43,0,0,0,0,0,0,2,41,0,43,4,0,4,47
05/21/2018,OCF,FL,ASO,ES,Federal Contract Tower,0,2,38,0,40,0,0,14,0,14,0,2,52,0,54,0,0,0,54
05/22/2018,OCF,FL,ASO,ES,Federal Contract Tower,0,2,64,6,72,0,0,50,0,50,0,2,114,6,122,76,6,82,204
05/23/2018,OCF,FL,ASO,ES,Federal Contract Tower,1,1,41,0,43,0,0,146,3,149,1,1,187,3,192,108,0,108,300
05/24/2018,OCF,FL,ASO,ES,Federal Contract Tower,1,0,65,0,66,0,0,144,0,144,1,0,209,0,210,68,0,68,278
05/25/2018,OCF,FL,ASO,ES,Federal Contract Tower,1,1,35,0,37,0,0,57,0,57,1,1,92,0,94,40,0,40,134
05/26/2018,OCF,FL,ASO,ES,Federal Contract Tower,0,2,22,0,24,0,0,39,0,39,0,2,61,0,63,18,0,18,81
05/27/2018,OCF,FL,ASO,ES,Federal Contract Tower,0,3,10,0,13,0,0,1,0,1,0,3,11,0,14,0,0,0,14
05/28/2018,OCF,FL,ASO,ES,Federal Contract Tower,0,1,25,0,26,0,0,15,0,15,0,1,40,0,41,32,0,32,73
05/29/2018,OCF,FL,ASO,ES,Federal Contract Tower,0,0,34,1,35,0,0,25,1,26,0,0,59,2,61,62,0,62,123
05/30/2018,OCF,FL,ASO,ES,Federal Contract Tower,0,0,22,0,22,0,0,2,0,2,0,0,24,0,24,6,0,6,30
05/31/2018,OCF,FL,ASO,ES,Federal Contract Tower,0,2,41,4,47,0,0,37,2,39,0,2,78,6,86,44,10,54,140
06/01/2018,OCF,FL,ASO,ES,Federal Contract Tower,0,1,53,2,56,0,0,59,0,59,0,1,112,2,115,50,0,50,165
06/02/2018,OCF,FL,ASO,ES,Federal Contract Tower,0,3,39,0,42,0,0,75,0,75,0,3,114,0,117,18,0,18,135
06/03/2018,OCF,FL,ASO,ES,Federal Contract Tower,0,4,20,0,24,0,0,36,0,36,0,4,56,0,60,4,0,4,64
06/04/2018,OCF,FL,ASO,ES,Federal Contract Tower,0,2,33,0,35,0,0,58,0,58,0,2,91,0,93,110,0,110,203
06/05/2018,OCF,FL,ASO,ES,Federal Contract Tower,6,4,73,0,83,0,0,150,0,150,6,4,223,0,233,144,0,144,377
06/06/2018,OCF,FL,ASO,ES,Federal Contract Tower,0,0,13,0,13,0,0,21,2,23,0,0,34,2,36,110,0,110,146
06/07/2018,OCF,FL,ASO,ES,Federal Contract Tower,0,1,43,0,44,0,0,74,0,74,0,1,117,0,118,88,0,88,206
06/08/2018,OCF,FL,ASO,ES,Federal Contract Tower,0,4,31,0,35,0,0,82,0,82,0,4,113,0,117,42,0,42,159
06/09/2018,OCF,FL,ASO,ES,Federal Contract Tower,0,1,30,0,31,0,0,55,0,55,0,1,85,0,86,88,0,88,174
06/10/2018,OCF,FL,ASO,ES,Federal Contract Tower,0,4,25,0,29,0,0,18,0,18,0,4,43,0,47,50,0,50,97
06/11/2018,OCF,FL,ASO,ES,Federal Contract Tower,0,2,28,0,30,0,0,101,0,101,0,2,129,0,131,138,0,138,269
06/12/2018,OCF,FL,ASO,ES,Federal Contract Tower,0,0,23,0,23,0,0,103,0,103,0,0,126,0,126,166,0,166,292
06/13/2018,OCF,FL,ASO,ES,Federal Contract Tower,0,1,48,0,49,0,0,145,0,145,0,1,193,0,194,94,0,94,288
06/14/2018,OCF,FL,ASO,ES,Federal Contract Tower,0,4,42,3,49,0,0,115,1,116,0,4,157,4,165,108,10,118,283
06/15/2018,OCF,FL,ASO,ES,Federal Contract Tower,0,0,44,0,44,0,0,97,0,97,0,0,141,0,141,92,0,92,233
06/16/2018,OCF,FL,ASO,ES,Federal Contract Tower,1,0,37,0,38,0,0,78,0,78,1,0,115,0,116,28,0,28,144
06/17/2018,OCF,FL,ASO,ES,Federal Contract Tower,1,0,29,0,30,0,0,0,0,0,1,0,29,0,30,24,0,24,54
06/18/2018,OCF,FL,ASO,ES,Federal Contract Tower,0,1,49,0,50,0,0,95,0,95,0,1,144,0,145,158,0,158,303
06/19/2018,OCF,FL,ASO,ES,Federal Contract Tower,0,4,22,0,26,0,0,92,0,92,0,4,114,0,118,135,0,135,253
06/20/2018,OCF,FL,ASO,ES,Federal Contract Tower,0,1,17,0,18,0,0,57,0,57,0,1,74,0,75,30,0,30,105
06/21/2018,OCF,FL,ASO,ES,Federal Contract Tower,1,4,21,0,26,0,0,44,0,44,1,4,65,0,70,64,0,64,134
06/22/2018,OCF,FL,ASO,ES,Federal Contract Tower,1,2,47,0,50,0,0,78,0,78,1,2,125,0,128,118,0,118,246
06/23/2018,OCF,FL,ASO,ES,Federal Contract Tower,0,1,43,1,45,0,0,83,0,83,0,1,126,1,128,30,8,38,166
06/24/2018,OCF,FL,ASO,ES,Federal Contract Tower,0,3,47,2,52,0,0,72,0,72,0,3,119,2,124,26,0,26,150
06/25/2018,OCF,FL,ASO,ES,Federal Contract Tower,0,3,35,0,38,0,0,147,1,148,0,3,182,1,186,137,0,137,323
06/26/2018,OCF,FL,ASO,ES,Federal Contract Tower,0,2,30,8,40,0,0,122,0,122,0,2,152,8,162,134,4,138,300
06/27/2018,OCF,FL,ASO,ES,Federal Contract Tower,0,1,35,0,36,0,0,95,0,95,0,1,130,0,131,114,0,114,245
06/28/2018,OCF,FL,ASO,ES,Federal Contract Tower,0,2,18,0,20,0,0,59,0,59,0,2,77,0,79,52,0,52,131
06/29/2018,OCF,FL,ASO,ES,Federal Contract Tower,0,0,27,2,29,0,0,63,1,64,0,0,90,3,93,96,0,96,189
06/30/2018,OCF,FL,ASO,ES,Federal Contract Tower,0,0,39,0,39,0,0,8,0,8,0,0,47,0,47,0,0,0,47
07/01/2018,OCF,FL,ASO,ES,Federal Contract Tower,0,4,18,0,22,0,0,54,0,54,0,4,72,0,76,80,0,80,156
07/02/2018,OCF,FL,ASO,ES,Federal Contract Tower,0,0,28,4,32,0,0,111,0,111,0,0,139,4,143,66,14,80,223
07/03/2018,OCF,FL,ASO,ES,Federal Contract Tower,0,0,39,0,39,0,1,77,0,78,0,1,116,0,117,140,0,140,257
07/04/2018,OCF,FL,ASO,ES,Federal Contract Tower,0,0,36,0,36,0,0,46,0,46,0,0,82,0,82,56,0,56,138
07/05/2018,OCF,FL,ASO,ES,Federal Contract Tower,0,1,46,0,47,0,0,68,0,68,0,1,114,0,115,84,0,84,199
07/06/2018,OCF,FL,ASO,ES,Federal Contract Tower,0,2,28,2,32,0,0,99,0,99,0,2,127,2,131,88,8,96,227
07/07/2018,OCF,FL,ASO,ES,Federal Contract Tower,0,1,19,0,20,0,0,64,0,64,0,1,83,0,84,54,0,54,138
07/08/2018,OCF,FL,ASO,ES,Federal Contract Tower,0,4,53,0,57,0,0,78,0,78,0,4,131,0,135,44,0,44,179
07/09/2018,OCF,FL,ASO,ES,Federal Contract Tower,0,3,41,8,52,0,0,103,0,103,0,3,144,8,155,120,0,120,275
07/10/2018,OCF,FL,ASO,ES,Federal Contract Tower,0,2,47,2,51,0,0,124,0,124,0,2,171,2,175,132,0,132,307
07/11/2018,OCF,FL,ASO,ES,Federal Contract Tower,0,1,42,0,43,0,0,121,0,121,0,1,163,0,164,88,0,88,252
07/12/2018,OCF,FL,ASO,ES,Federal Contract Tower,0,4,22,0,26,0,0,89,0,89,0,4,111,0,115,92,0,92,207
07/13/2018,OCF,FL,ASO,ES,Federal Contract Tower,0,8,37,1,46,0,0,84,2,86,0,8,121,3,132,68,0,68,200
07/14/2018,OCF,FL,ASO,ES,Federal Contract Tower,1,2,34,0,37,0,0,93,0,93,1,2,127,0,130,56,0,56,186
07/15/2018,OCF,FL,ASO,ES,Federal Contract Tower,1,2,37,0,40,0,0,68,0,68,1,2,105,0,108,28,0,28,136
07/16/2018,OCF,FL,ASO,ES,Federal Contract Tower,0,2,14,2,18,0,0,72,0,72,0,2,86,2,90,44,6,50,140
07/17/2018,OCF,FL,ASO,ES,Federal Contract Tower,0,2,26,0,28,0,0,48,0,48,0,2,74,0,76,102,0,102,178
07/18/2018,OCF,FL,ASO,ES,Federal Contract Tower,0,3,13,0,16,0,0,58,0,58,0,3,71,0,74,92,0,92,166
07/19/2018,OCF,FL,ASO,ES,Federal Contract Tower,0,5,22,0,27,0,0,23,0,23,0,5,45,0,50,64,0,64,114
07/20/2018,OCF,FL,ASO,ES,Federal Contract Tower,0,3,24,0,27,0,0,5,0,5,0,3,29,0,32,4,0,4,36
07/21/2018,OCF,FL,ASO,ES,Federal Contract Tower,0,2,43,0,45,0,0,61,0,61,0,2,104,0,106,57,0,57,163
07/22/2018,OCF,FL,ASO,ES,Federal Contract Tower,0,0,21,0,21,0,0,23,0,23,0,0,44,0,44,32,0,32,76
07/23/2018,OCF,FL,ASO,ES,Federal Contract Tower,0,2,23,2,27,0,0,52,1,53,0,2,75,3,80,144,0,144,224
07/24/2018,OCF,FL,ASO,ES,Federal Contract Tower,0,4,22,2,28,0,0,68,0,68,0,4,90,2,96,102,0,102,198
07/25/2018,OCF,FL,ASO,ES,Federal Contract Tower,0,4,33,2,39,0,0,88,0,88,0,4,121,2,127,60,0,60,187
07/26/2018,OCF,FL,ASO,ES,Federal Contract Tower,0,1,24,0,25,0,0,40,0,40,0,1,64,0,65,84,0,84,149
07/27/2018,OCF,FL,ASO,ES,Federal Contract Tower,0,0,22,2,24,0,0,100,0,100,0,0,122,2,124,124,0,124,248
07/28/2018,OCF,FL,ASO,ES,Federal Contract Tower,0,1,30,0,31,0,0,95,0,95,0,1,125,0,126,42,0,42,168
07/29/2018,OCF,FL,ASO,ES,Federal Contract Tower,0,0,32,0,32,0,0,58,0,58,0,0,90,0,90,10,0,10,100
07/30/2018,OCF,FL,ASO,ES,Federal Contract Tower,0,3,20,0,23,0,0,59,0,59,0,3,79,0,82,30,0,30,112
07/31/2018,OCF,FL,ASO,ES,Federal Contract Tower,0,2,33,0,35,0,0,75,0,75,0,2,108,0,110,56,0,56,166
08/01/2018,OCF,FL,ASO,ES,Federal Contract Tower,0,0,20,0,20,0,0,104,0,104,0,0,124,0,124,72,0,72,196
08/02/2018,OCF,FL,ASO,ES,Federal Contract Tower,0,2,21,2,25,0,0,80,0,80,0,2,101,2,105,22,0,22,127
08/03/2018,OCF,FL,ASO,ES,Federal Contract Tower,0,4,45,0,49,0,0,112,0,112,0,4,157,0,161,138,0,138,299
08/04/2018,OCF,FL,ASO,ES,Federal Contract Tower,0,1,53,2,56,0,0,147,2,149,0,1,200,4,205,100,0,100,305
08/05/2018,OCF,FL,ASO,ES,Federal Contract Tower,0,1,39,0,40,0,0,86,0,86,0,1,125,0,126,86,0,86,212
08/06/2018,OCF,FL,ASO,ES,Federal Contract Tower,0,1,47,2,50,0,2,96,0,98,0,3,143,2,148,174,6,180,328
08/07/2018,OCF,FL,ASO,ES,Federal Contract Tower,0,3,49,7,59,0,0,96,2,98,0,3,145,9,157,144,0,144,301
08/08/2018,OCF,FL,ASO,ES,Federal Contract Tower,0,6,21,2,29,0,0,138,0,138,0,6,159,2,167,110,0,110,277
08/09/2018,OCF,FL,ASO,ES,Federal Contract Tower,0,5,23,6,34,0,0,96,0,96,0,5,119,6,130,44,4,48,178
08/10/2018,OCF,FL,ASO,ES,Federal Contract Tower,0,3,20,1,24,0,0,79,1,80,0,3,99,2,104,80,0,80,184
08/11/2018,OCF,FL,ASO,ES,Federal Contract Tower,0,0,44,0,44,0,0,45,0,45,0,0,89,0,89,26,0,26,115
08/12/2018,OCF,FL,ASO,ES,Federal Contract Tower,0,0,34,0,34,0,0,71,0,71,0,0,105,0,105,36,0,36,141
08/13/2018,OCF,FL,ASO,ES,Federal Contract Tower,0,0,27,0,27,0,0,46,0,46,0,0,73,0,73,42,0,42,115
08/14/2018,OCF,FL,ASO,ES,Federal Contract Tower,0,0,38,0,38,0,0,38,0,38,0,0,76,0,76,42,0,42,118
08/15/2018,OCF,FL,ASO,ES,Federal Contract Tower,0,1,52,2,55,0,0,112,1,113,0,1,164,3,168,106,0,106,274
08/16/2018,OCF,FL,ASO,ES,Federal Contract Tower,0,5,25,2,32,0,0,127,0,127,0,5,152,2,159,26,0,26,185
08/18/2018,OCF,FL,ASO,ES,Federal Contract Tower,0,0,36,2,38,0,0,117,0,117,0,0,153,2,155,48,0,48,203
08/19/2018,OCF,FL,ASO,ES,Federal Contract Tower,0,1,38,0,39,0,0,85,0,85,0,1,123,0,124,68,0,68,192
08/20/2018,OCF,FL,ASO,ES,Federal Contract Tower,0,0,40,0,40,0,0,80,0,80,0,0,120,0,120,48,0,48,168
08/21/2018,OCF,FL,ASO,ES,Federal Contract Tower,0,5,22,2,29,0,0,69,0,69,0,5,91,2,98,68,0,68,166
08/22/2018,OCF,FL,ASO,ES,Federal Contract Tower,0,1,20,0,21,0,0,41,0,41,0,1,61,0,62,38,0,38,100
08/23/2018,OCF,FL,ASO,ES,Federal Contract Tower,0,2,34,0,36,0,0,95,0,95,0,2,129,0,131,112,0,112,243
08/24/2018,OCF,FL,ASO,ES,Federal Contract Tower,0,3,33,0,36,0,0,82,0,82,0,3,115,0,118,130,0,130,248
08/25/2018,OCF,FL,ASO,ES,Federal Contract Tower,0,0,28,0,28,0,0,72,0,72,0,0,100,0,100,68,0,68,168
08/26/2018,OCF,FL,ASO,ES,Federal Contract Tower,0,3,35,0,38,0,0,74,0,74,0,3,109,0,112,52,0,52,164
08/27/2018,OCF,FL,ASO,ES,Federal Contract Tower,0,4,35,0,39,0,0,97,0,97,0,4,132,0,136,110,0,110,246
08/28/2018,OCF,FL,ASO,ES,Federal Contract Tower,0,0,51,0,51,0,0,59,2,61,0,0,110,2,112,74,6,80,192
08/29/2018,OCF,FL,ASO,ES,Federal Contract Tower,0,3,44,0,47,0,0,65,0,65,0,3,109,0,112,38,0,38,150
08/30/2018,OCF,FL,ASO,ES,Federal Contract Tower,0,4,54,3,61,0,0,66,1,67,0,4,120,4,128,100,0,100,228
08/31/2018,OCF,FL,ASO,ES,Federal Contract Tower,0,5,51,0,56,0,0,66,0,66,0,5,117,0,122,106,0,106,228
09/01/2018,OCF,FL,ASO,ES,Federal Contract Tower,0,5,28,0,33,0,0,57,0,57,0,5,85,0,90,40,0,40,130
09/02/2018,OCF,FL,ASO,ES,Federal Contract Tower,0,3,17,0,20,0,0,56,0,56,0,3,73,0,76,42,0,42,118
09/03/2018,OCF,FL,ASO,ES,Federal Contract Tower,0,2,32,0,34,0,0,47,0,47,0,2,79,0,81,32,0,32,113
09/04/2018,OCF,FL,ASO,ES,Federal Contract Tower,0,3,35,0,38,0,0,27,2,29,0,3,62,2,67,32,0,32,99
09/05/2018,OCF,FL,ASO,ES,Federal Contract Tower,0,4,40,1,45,0,0,64,0,64,0,4,104,1,109,55,0,55,164
09/06/2018,OCF,FL,ASO,ES,Federal Contract Tower,0,1,45,2,48,0,0,59,0,59,0,1,104,2,107,60,0,60,167
09/07/2018,OCF,FL,ASO,ES,Federal Contract Tower,0,12,28,1,41,0,0,114,0,114,0,12,142,1,155,58,0,58,213
09/08/2018,OCF,FL,ASO,ES,Federal Contract Tower,0,3,43,0,46,0,0,67,0,67,0,3,110,0,113,50,0,50,163
09/09/2018,OCF,FL,ASO,ES,Federal Contract Tower,1,4,35,0,40,0,0,48,0,48,1,4,83,0,88,20,0,20,108
09/10/2018,OCF,FL,ASO,ES,Federal Contract Tower,0,0,37,0,37,0,0,76,0,76,0,0,113,0,113,48,0,48,161
09/11/2018,OCF,FL,ASO,ES,Federal Contract Tower,0,11,42,0,53,0,0,109,1,110,0,11,151,1,163,76,0,76,239
09/12/2018,OCF,FL,ASO,ES,Federal Contract Tower,0,8,56,2,66,0,0,110,0,110,0,8,166,2,176,66,0,66,242
09/13/2018,OCF,FL,ASO,ES,Federal Contract Tower,0,3,55,0,58,0,0,100,0,100,0,3,155,0,158,42,0,42,200
09/14/2018,OCF,FL,ASO,ES,Federal Contract Tower,0,1,31,6,38,0,0,114,0,114,0,1,145,6,152,106,0,106,258
09/15/2018,OCF,FL,ASO,ES,Federal Contract Tower,0,1,20,0,21,0,0,94,0,94,0,1,114,0,115,76,0,76,191
09/16/2018,OCF,FL,ASO,ES,Federal Contract Tower,0,4,12,0,16,0,0,37,0,37,0,4,49,0,53,12,0,12,65
09/17/2018,OCF,FL,ASO,ES,Federal Contract Tower,0,5,24,0,29,0,0,99,0,99,0,5,123,0,128,98,0,98,226
09/18/2018,OCF,FL,ASO,ES,Federal Contract Tower,0,0,21,0,21,0,0,103,0,103,0,0,124,0,124,44,0,44,168
09/19/2018,OCF,FL,ASO,ES,Federal Contract Tower,0,2,36,0,38,0,0,87,0,87,0,2,123,0,125,44,0,44,169
09/20/2018,OCF,FL,ASO,ES,Federal Contract Tower,0,0,42,5,47,0,0,113,1,114,0,0,155,6,161,146,0,146,307
09/21/2018,OCF,FL,ASO,ES,Federal Contract Tower,0,1,64,13,78,0,0,98,2,100,0,1,162,15,178,48,4,52,230
09/22/2018,OCF,FL,ASO,ES,Federal Contract Tower,0,1,40,0,41,0,0,80,0,80,0,1,120,0,121,12,0,12,133
09/23/2018,OCF,FL,ASO,ES,Federal Contract Tower,0,1,25,0,26,0,0,70,0,70,0,1,95,0,96,82,0,82,178
09/24/2018,OCF,FL,ASO,ES,Federal Contract Tower,0,4,24,0,28,0,0,99,2,101,0,4,123,2,129,60,0,60,189
09/25/2018,OCF,FL,ASO,ES,Federal Contract Tower,0,3,64,2,69,0,0,127,0,127,0,3,191,2,196,56,0,56,252
09/26/2018,OCF,FL,ASO,ES,Federal Contract Tower,0,2,35,1,38,0,0,113,1,114,0,2,148,2,152,90,6,96,248
09/27/2018,OCF,FL,ASO,ES,Federal Contract Tower,0,0,29,0,29,0,0,113,0,113,0,0,142,0,142,118,0,118,260
09/28/2018,OCF,FL,ASO,ES,Federal Contract Tower,0,2,39,0,41,0,0,105,0,105,0,2,144,0,146,96,0,96,242
09/29/2018,OCF,FL,ASO,ES,Federal Contract Tower,0,0,30,0,30,0,0,90,0,90,0,0,120,0,120,14,0,14,134
09/30/2018,OCF,FL,ASO,ES,Federal Contract Tower,0,4,31,0,35,0,0,80,0,80,0,4,111,0,115,112,0,112,227
10/01/2018,OCF,FL,ASO,ES,Federal Contract Tower,0,0,46,0,46,0,0,77,0,77,0,0,123,0,123,78,0,78,201
10/03/2018,OCF,FL,ASO,ES,Federal Contract Tower,0,3,51,1,55,0,0,138,3,141,0,3,189,4,196,60,0,60,256
10/04/2018,OCF,FL,ASO,ES,Federal Contract Tower,0,4,30,0,34,0,0,130,0,130,0,4,160,0,164,36,0,36,200
10/05/2018,OCF,FL,ASO,ES,Federal Contract Tower,3,8,35,3,49,0,0,87,1,88,3,8,122,4,137,118,0,118,255
10/06/2018,OCF,FL,ASO,ES,Federal Contract Tower,0,4,33,0,37,0,0,76,0,76,0,4,109,0,113,34,0,34,147
10/07/2018,OCF,FL,ASO,ES,Federal Contract Tower,0,2,62,0,64,0,0,54,0,54,0,2,116,0,118,26,0,26,144
10/08/2018,OCF,FL,ASO,ES,Federal Contract Tower,0,2,53,0,55,0,0,68,0,68,0,2,121,0,123,38,0,38,161
10/09/2018,OCF,FL,ASO,ES,Federal Contract Tower,0,0,33,0,33,0,0,17,0,17,0,0,50,0,50,32,0,32,82
10/10/2018,OCF,FL,ASO,ES,Federal Contract Tower,0,0,9,0,9,0,0,3,0,3,0,0,12,0,12,0,0,0,12
10/11/2018,OCF,FL,ASO,ES,Federal Contract Tower,0,2,33,0,35,0,0,58,0,58,0,2,91,0,93,68,0,68,161
10/12/2018,OCF,FL,ASO,ES,Federal Contract Tower,0,1,85,0,86,0,0,124,0,124,0,1,209,0,210,150,0,150,360
10/13/2018,OCF,FL,ASO,ES,Federal Contract Tower,0,2,52,0,54,0,0,231,0,231,0,2,283,0,285,28,0,28,313
10/14/2018,OCF,FL,ASO,ES,Federal Contract Tower,0,3,54,0,57,0,0,73,0,73,0,3,127,0,130,28,0,28,158
10/15/2018,OCF,FL,ASO,ES,Federal Contract Tower,0,2,61,2,65,0,0,110,1,111,0,2,171,3,176,126,14,140,316
10/16/2018,OCF,FL,ASO,ES,Federal Contract Tower,0,6,45,4,55,0,0,114,0,114,0,6,159,4,169,102,2,104,273
10/17/2018,OCF,FL,ASO,ES,Federal Contract Tower,0,3,43,2,48,0,2,131,0,133,0,5,174,2,181,118,0,118,299
10/18/2018,OCF,FL,ASO,ES,Federal Contract Tower,0,1,66,0,67,0,0,96,0,96,0,1,162,0,163,82,0,82,245
10/19/2018,OCF,FL,ASO,ES,Federal Contract Tower,0,2,50,0,52,0,0,78,0,78,0,2,128,0,130,82,0,82,212
10/20/2018,OCF,FL,ASO,ES,Federal Contract Tower,0,3,38,1,42,0,0,105,1,106,0,3,143,2,148,44,10,54,202
10/21/2018,OCF,FL,ASO,ES,Federal Contract Tower,0,2,49,0,51,0,0,103,0,103,0,2,152,0,154,48,0,48,202
10/22/2018,OCF,FL,ASO,ES,Federal Contract Tower,0,5,59,0,64,0,0,109,0,109,0,5,168,0,173,46,0,46,219
10/23/2018,OCF,FL,ASO,ES,Federal Contract Tower,0,2,64,0,66,0,0,89,0,89,0,2,153,0,155,72,0,72,227
10/24/2018,OCF,FL,ASO,ES,Federal Contract Tower,0,0,76,0,76,0,0,77,0,77,0,0,153,0,153,40,0,40,193
10/25/2018,OCF,FL,ASO,ES,Federal Contract Tower,0,3,49,0,52,0,0,52,0,52,0,3,101,0,104,14,0,14,118
10/26/2018,OCF,FL,ASO,ES,Federal Contract Tower,0,7,24,2,33,0,0,10,1,11,0,7,34,3,44,0,0,0,44
10/27/2018,OCF,FL,ASO,ES,Federal Contract Tower,0,2,45,1,48,0,0,91,0,91,0,2,136,1,139,30,0,30,169
10/28/2018,OCF,FL,ASO,ES,Federal Contract Tower,0,3,35,0,38,0,0,102,0,102,0,3,137,0,140,120,0,120,260
10/29/2018,OCF,FL,ASO,ES,Federal Contract Tower,0,2,40,4,46,0,0,139,0,139,0,2,179,4,185,98,0,98,283
10/30/2018,OCF,FL,ASO,ES,Federal Contract Tower,0,5,65,10,80,0,0,131,0,131,0,5,196,10,211,106,0,106,317
10/31/2018,OCF,FL,ASO,ES,Federal Contract Tower,0,1,48,6,55,0,0,144,1,145,0,1,192,7,200,86,6,92,292
11/01/2018,OCF,FL,ASO,ES,Federal Contract Tower,0,4,31,2,37,0,0,78,0,78,0,4,109,2,115,74,0,74,189
11/02/2018,OCF,FL,ASO,ES,Federal Contract Tower,0,10,26,0,36,0,0,18,0,18,0,10,44,0,54,38,0,38,92
11/03/2018,OCF,FL,ASO,ES,Federal Contract Tower,0,3,38,0,41,0,0,81,0,81,0,3,119,0,122,86,0,86,208
11/04/2018,OCF,FL,ASO,ES,Federal Contract Tower,0,2,44,0,46,0,0,34,0,34,0,2,78,0,80,74,0,74,154
11/05/2018,OCF,FL,ASO,ES,Federal Contract Tower,0,0,45,0,45,0,0,81,0,81,0,0,126,0,126,76,0,76,202
11/06/2018,OCF,FL,ASO,ES,Federal Contract Tower,0,1,65,0,66,0,0,153,0,153,0,1,218,0,219,156,0,156,375
11/07/2018,OCF,FL,ASO,ES,Federal Contract Tower,0,1,53,6,60,0,0,140,0,140,0,1,193,6,200,114,10,124,324
11/08/2018,OCF,FL,ASO,ES,Federal Contract Tower,0,0,31,0,31,0,0,109,0,109,0,0,140,0,140,56,0,56,196
11/09/2018,OCF,FL,ASO,ES,Federal Contract Tower,0,4,33,0,37,0,0,93,0,93,0,4,126,0,130,172,0,172,302
11/10/2018,OCF,FL,ASO,ES,Federal Contract Tower,0,3,63,0,66,0,0,31,0,31,0,3,94,0,97,40,0,40,137
11/11/2018,OCF,FL,ASO,ES,Federal Contract Tower,0,3,49,0,52,0,0,96,0,96,0,3,145,0,148,44,0,44,192
11/12/2018,OCF,FL,ASO,ES,Federal Contract Tower,0,1,41,0,42,0,0,95,0,95,0,1,136,0,137,66,0,66,203
11/13/2018,OCF,FL,ASO,ES,Federal Contract Tower,0,2,48,3,53,0,0,58,1,59,0,2,106,4,112,138,22,160,272
11/14/2018,OCF,FL,ASO,ES,Federal Contract Tower,0,2,65,9,76,0,0,28,2,30,0,2,93,11,106,86,22,108,214
11/15/2018,OCF,FL,ASO,ES,Federal Contract Tower,0,10,66,8,84,0,0,26,0,26,0,10,92,8,110,12,0,12,122
11/16/2018,OCF,FL,ASO,ES,Federal Contract Tower,0,16,94,2,112,0,0,123,2,125,0,16,217,4,237,90,2,92,329
11/17/2018,OCF,FL,ASO,ES,Federal Contract Tower,0,0,42,0,42,0,0,138,0,138,0,0,180,0,180,140,0,140,320
11/18/2018,OCF,FL,ASO,ES,Federal Contract Tower,0,4,62,0,66,0,0,88,0,88,0,4,150,0,154,58,0,58,212
11/19/2018,OCF,FL,ASO,ES,Federal Contract Tower,0,22,62,2,86,0,0,109,0,109,0,22,171,2,195,138,0,138,333
11/20/2018,OCF,FL,ASO,ES,Federal Contract Tower,0,1,42,16,59,0,0,45,0,45,0,1,87,16,104,86,0,86,190
11/21/2018,OCF,FL,ASO,ES,Federal Contract Tower,0,4,51,1,56,0,0,99,1,100,0,4,150,2,156,64,6,70,226
11/22/2018,OCF,FL,ASO,ES,Federal Contract Tower,0,7,18,0,25,0,0,29,0,29,0,7,47,0,54,0,0,0,54
11/23/2018,OCF,FL,ASO,ES,Federal Contract Tower,0,10,62,0,72,0,0,61,0,61,0,10,123,0,133,38,0,38,171
11/24/2018,OCF,FL,ASO,ES,Federal Contract Tower,0,4,24,0,28,0,0,75,0,75,0,4,99,0,103,38,0,38,141
11/25/2018,OCF,FL,ASO,ES,Federal Contract Tower,0,3,44,4,51,0,0,35,0,35,0,3,79,4,86,22,0,22,108
11/26/2018,OCF,FL,ASO,ES,Federal Contract Tower,0,3,30,0,33,0,0,4,0,4,0,3,34,0,37,2,0,2,39
11/27/2018,OCF,FL,ASO,ES,Federal Contract Tower,0,0,69,0,69,0,0,125,0,125,0,0,194,0,194,92,0,92,286
11/28/2018,OCF,FL,ASO,ES,Federal Contract Tower,0,2,71,1,74,0,0,175,1,176,0,2,246,2,250,126,8,134,384
11/29/2018,OCF,FL,ASO,ES,Federal Contract Tower,0,1,71,4,76,0,0,114,0,114,0,1,185,4,190,158,10,168,358
11/30/2018,OCF,FL,ASO,ES,Federal Contract Tower,0,0,61,2,63,0,0,121,2,123,0,0,182,4,186,106,0,106,292
12/01/2018,OCF,FL,ASO,ES,Federal Contract Tower,0,0,29,0,29,0,0,19,0,19,0,0,48,0,48,10,0,10,58
12/02/2018,OCF,FL,ASO,ES,Federal Contract Tower,0,0,22,0,22,0,0,24,0,24,0,0,46,0,46,22,0,22,68
12/03/2018,OCF,FL,ASO,ES,Federal Contract Tower,0,1,20,0,21,0,0,4,0,4,0,1,24,0,25,0,0,0,25
12/04/2018,OCF,FL,ASO,ES,Federal Contract Tower,0,4,68,2,74,0,0,135,2,137,0,4,203,4,211,148,0,148,359
12/05/2018,OCF,FL,ASO,ES,Federal Contract Tower,0,0,57,1,58,0,0,122,1,123,0,0,179,2,181,104,4,108,289
12/06/2018,OCF,FL,ASO,ES,Federal Contract Tower,0,4,66,0,70,0,0,150,0,150,0,4,216,0,220,82,0,82,302
12/07/2018,OCF,FL,ASO,ES,Federal Contract Tower,0,4,86,0,90,0,0,125,0,125,0,4,211,0,215,72,0,72,287
12/08/2018,OCF,FL,ASO,ES,Federal Contract Tower,0,1,31,0,32,0,0,138,0,138,0,1,169,0,170,36,0,36,206
12/10/2018,OCF,FL,ASO,ES,Federal Contract Tower,0,1,105,7,113,0,0,42,1,43,0,1,147,8,156,54,2,56,212
12/11/2018,OCF,FL,ASO,ES,Federal Contract Tower,0,5,56,2,63,0,0,65,0,65,0,5,121,2,128,110,0,110,238
12/12/2018,OCF,FL,ASO,ES,Federal Contract Tower,0,2,72,2,76,0,0,162,0,162,0,2,234,2,238,144,0,144,382
12/13/2018,OCF,FL,ASO,ES,Federal Contract Tower,0,9,73,2,84,0,1,106,0,107,0,10,179,2,191,124,10,134,325
12/14/2018,OCF,FL,ASO,ES,Federal Contract Tower,0,4,9,0,13,0,0,1,0,1,0,4,10,0,14,16,0,16,30
12/15/2018,OCF,FL,ASO,ES,Federal Contract Tower,0,3,41,0,44,0,0,24,0,24,0,3,65,0,68,26,0,26,94
12/16/2018,OCF,FL,ASO,ES,Federal Contract Tower,0,0,59,0,59,0,0,90,0,90,0,0,149,0,149,24,0,24,173
12/17/2018,OCF,FL,ASO,ES,Federal Contract Tower,0,2,59,2,63,0,0,107,0,107,0,2,166,2,170,122,0,122,292
12/18/2018,OCF,FL,ASO,ES,Federal Contract Tower,0,4,62,0,66,0,0,126,0,126,0,4,188,0,192,104,0,104,296
12/19/2018,OCF,FL,ASO,ES,Federal Contract Tower,0,2,58,3,63,0,0,109,1,110,0,2,167,4,173,94,0,94,267
12/20/2018,OCF,FL,ASO,ES,Federal Contract Tower,0,3,2,0,5,0,0,2,0,2,0,3,4,0,7,0,4,4,11
12/21/2018,OCF,FL,ASO,ES,Federal Contract Tower,0,8,24,2,34,0,0,3,1,4,0,8,27,3,38,4,2,6,44
12/22/2018,OCF,FL,ASO,ES,Federal Contract Tower,0,0,41,0,41,0,0,135,0,135,0,0,176,0,176,22,0,22,198
12/23/2018,OCF,FL,ASO,ES,Federal Contract Tower,0,0,51,0,51,0,2,102,0,104,0,2,153,0,155,48,0,48,203
12/24/2018,OCF,FL,ASO,ES,Federal Contract Tower,0,0,16,0,16,0,2,46,0,48,0,2,62,0,64,12,0,12,76
12/25/2018,OCF,FL,ASO,ES,Federal Contract Tower,0,3,8,0,11,0,0,17,0,17,0,3,25,0,28,16,0,16,44
12/26/2018,OCF,FL,ASO,ES,Federal Contract Tower,0,4,73,0,77,0,0,107,0,107,0,4,180,0,184,84,0,84,268
12/27/2018,OCF,FL,ASO,ES,Federal Contract Tower,0,6,53,3,62,0,0,112,1,113,0,6,165,4,175,94,10,104,279
12/28/2018,OCF,FL,ASO,ES,Federal Contract Tower,0,4,27,2,33,0,0,28,0,28,0,4,55,2,61,14,4,18,79
12/29/2018,OCF,FL,ASO,ES,Federal Contract Tower,0,2,48,0,50,0,1,21,0,22,0,3,69,0,72,4,0,4,76
12/30/2018,OCF,FL,ASO,ES,Federal Contract Tower,0,0,30,0,30,0,0,35,0,35,0,0,65,0,65,48,0,48,113
12/31/2018,OCF,FL,ASO,ES,Federal Contract Tower,0,8,19,0,27,0,0,43,0,43,0,8,62,0,70,0,0,0,70
01/01/2019,OCF,FL,ASO,ES,Federal Contract Tower,0,1,24,0,25,0,0,61,0,61,0,1,85,0,86,36,0,36,122
01/02/2019,OCF,FL,ASO,ES,Federal Contract Tower,2,3,55,2,62,0,0,147,0,147,2,3,202,2,209,114,0,114,323
01/03/2019,OCF,FL,ASO,ES,Federal Contract Tower,0,2,45,0,47,0,0,79,0,79,0,2,124,0,126,76,0,76,202
01/04/2019,OCF,FL,ASO,ES,Federal Contract Tower,0,10,26,0,36,0,0,13,0,13,0,10,39,0,49,32,0,32,81
01/05/2019,OCF,FL,ASO,ES,Federal Contract Tower,0,2,41,0,43,0,0,87,0,87,0,2,128,0,130,52,0,52,182
01/06/2019,OCF,FL,ASO,ES,Federal Contract Tower,0,3,40,0,43,0,0,133,0,133,0,3,173,0,176,82,0,82,258
01/07/2019,OCF,FL,ASO,ES,Federal Contract Tower,0,5,29,0,34,0,0,112,0,112,0,5,141,0,146,110,0,110,256
01/08/2019,OCF,FL,ASO,ES,Federal Contract Tower,0,1,78,0,79,0,0,143,0,143,0,1,221,0,222,136,0,136,358
01/09/2019,OCF,FL,ASO,ES,Federal Contract Tower,0,6,91,4,101,0,0,121,0,121,0,6,212,4,222,120,0,120,342
01/10/2019,OCF,FL,ASO,ES,Federal Contract Tower,0,1,99,7,107,0,0,116,0,116,0,1,215,7,223,160,0,160,383
01/11/2019,OCF,FL,ASO,ES,Federal Contract Tower,0,7,74,10,91,0,0,111,0,111,0,7,185,10,202,118,12,130,332
01/12/2019,OCF,FL,ASO,ES,Federal Contract Tower,0,2,28,1,31,0,0,155,0,155,0,2,183,1,186,12,0,12,198
01/13/2019,OCF,FL,ASO,ES,Federal Contract Tower,0,3,35,0,38,0,0,58,0,58,0,3,93,0,96,26,0,26,122
01/14/2019,OCF,FL,ASO,ES,Federal Contract Tower,0,2,76,6,84,0,0,60,0,60,0,2,136,6,144,132,0,132,276
01/15/2019,OCF,FL,ASO,ES,Federal Contract Tower,0,4,75,9,88,0,0,91,0,91,0,4,166,9,179,98,0,98,277
01/16/2019,OCF,FL,ASO,ES,Federal Contract Tower,0,3,83,7,93,0,0,150,0,150,0,3,233,7,243,76,0,76,319
01/17/2019,OCF,FL,ASO,ES,Federal Contract Tower,0,6,77,2,85,0,0,158,1,159,0,6,235,3,244,120,0,120,364
01/18/2019,OCF,FL,ASO,ES,Federal Contract Tower,0,4,86,0,90,0,0,145,9,154,0,4,231,9,244,122,0,122,366
01/19/2019,OCF,FL,ASO,ES,Federal Contract Tower,0,4,32,1,37,0,0,82,1,83,0,4,114,2,120,36,0,36,156
01/20/2019,OCF,FL,ASO,ES,Federal Contract Tower,0,0,22,4,26,0,0,14,0,14,0,0,36,4,40,28,0,28,68
01/21/2019,OCF,FL,ASO,ES,Federal Contract Tower,0,8,69,1,78,0,0,134,0,134,0,8,203,1,212,110,0,110,322
01/22/2019,OCF,FL,ASO,ES,Federal Contract Tower,0,2,51,5,58,0,0,97,0,97,0,2,148,5,155,50,0,50,205
01/23/2019,OCF,FL,ASO,ES,Federal Contract Tower,0,2,50,0,52,0,0,110,1,111,0,2,160,1,163,18,0,18,181
01/24/2019,OCF,FL,ASO,ES,Federal Contract Tower,0,7,30,4,41,0,0,43,2,45,0,7,73,6,86,40,2,42,128
01/25/2019,OCF,FL,ASO,ES,Federal Contract Tower,0,12,70,5,87,0,0,135,0,135,0,12,205,5,222,96,0,96,318
01/26/2019,OCF,FL,ASO,ES,Federal Contract Tower,0,2,63,0,65,0,0,128,0,128,0,2,191,0,193,152,0,152,345
01/27/2019,OCF,FL,ASO,ES,Federal Contract Tower,0,2,48,2,52,0,0,1,0,1,0,2,49,2,53,0,0,0,53
01/28/2019,OCF,FL,ASO,ES,Federal Contract Tower,0,1,95,0,96,0,0,116,0,116,0,1,211,0,212,222,0,222,434
01/29/2019,OCF,FL,ASO,ES,Federal Contract Tower,0,2,52,6,60,0,0,130,0,130,0,2,182,6,190,168,0,168,358
01/30/2019,OCF,FL,ASO,ES,Federal Contract Tower,0,4,115,0,119,0,0,92,0,92,0,4,207,0,211,102,0,102,313
01/31/2019,OCF,FL,ASO,ES,Federal Contract Tower,0,2,89,4,95,0,0,136,0,136,0,2,225,4,231,96,0,96,327
02/01/2019,OCF,FL,ASO,ES,Federal Contract Tower,0,4,63,6,73,0,0,89,2,91,0,4,152,8,164,172,0,172,336
02/02/2019,OCF,FL,ASO,ES,Federal Contract Tower,0,6,36,4,46,0,0,13,0,13,0,6,49,4,59,10,0,10,69
02/03/2019,OCF,FL,ASO,ES,Federal Contract Tower,0,1,33,0,34,0,0,0,0,0,0,1,33,0,34,0,0,0,34
02/04/2019,OCF,FL,ASO,ES,Federal Contract Tower,0,3,52,4,59,0,0,56,0,56,0,3,108,4,115,128,0,128,243
02/05/2019,OCF,FL,ASO,ES,Federal Contract Tower,1,6,70,9,86,0,0,139,0,139,1,6,209,9,225,130,4,134,359
02/06/2019,OCF,FL,ASO,ES,Federal Contract Tower,0,10,43,6,59,0,0,0,0,0,0,10,43,6,59,126,2,128,187
02/07/2019,OCF,FL,ASO,ES,Federal Contract Tower,0,11,62,4,77,0,1,157,0,158,0,12,219,4,235,146,4,150,385
02/08/2019,OCF,FL,ASO,ES,Federal Contract Tower,0,7,86,4,97,0,0,145,1,146,0,7,231,5,243,92,2,94,337
02/09/2019,OCF,FL,ASO,ES,Federal Contract Tower,0,3,61,0,64,0,0,78,0,78,0,3,139,0,142,40,0,40,182
02/10/2019,OCF,FL,ASO,ES,Federal Contract Tower,0,13,54,0,67,0,0,0,0,0,0,13,54,0,67,0,0,0,67
02/11/2019,OCF,FL,ASO,ES,Federal Contract Tower,0,2,49,4,55,0,0,84,0,84,0,2,133,4,139,104,10,114,253
02/12/2019,OCF,FL,ASO,ES,Federal Contract Tower,0,4,53,0,57,0,0,19,0,19,0,4,72,0,76,2,0,2,78
02/13/2019,OCF,FL,ASO,ES,Federal Contract Tower,0,5,91,0,96,0,0,46,0,46,0,5,137,0,142,28,0,28,170
02/14/2019,OCF,FL,ASO,ES,Federal Contract Tower,0,7,86,3,96,0,0,148,1,149,0,7,234,4,245,126,12,138,383
02/15/2019,OCF,FL,ASO,ES,Federal Contract Tower,0,8,66,1,75,0,0,176,1,177,0,8,242,2,252,114,4,118,370
02/16/2019,OCF,FL,ASO,ES,Federal Contract Tower,0,5,39,0,44,0,0,72,0,72,0,5,111,0,116,32,2,34,150
02/17/2019,OCF,FL,ASO,ES,Federal Contract Tower,0,8,55,1,64,0,0,74,1,75,0,8,129,2,139,40,2,42,181
02/18/2019,OCF,FL,ASO,ES,Federal Contract Tower,0,1,54,2,57,0,0,109,0,109,0,1,163,2,166,110,6,116,282
02/19/2019,OCF,FL,ASO,ES,Federal Contract Tower,0,2,61,8,71,0,0,45,0,45,0,2,106,8,116,50,0,50,166
02/20/2019,OCF,FL,ASO,ES,Federal Contract Tower,0,2,48,4,54,0,0,55,0,55,0,2,103,4,109,86,6,92,201
02/21/2019,OCF,FL,ASO,ES,Federal Contract Tower,0,5,53,2,60,0,0,123,0,123,0,5,176,2,183,156,26,182,365
02/22/2019,OCF,FL,ASO,ES,Federal Contract Tower,0,8,53,1,62,0,0,86,1,87,0,8,139,2,149,76,10,86,235
02/23/2019,OCF,FL,ASO,ES,Federal Contract Tower,0,6,53,6,65,0,0,96,0,96,0,6,149,6,161,92,0,92,253
02/24/2019,OCF,FL,ASO,ES,Federal Contract Tower,0,12,58,0,70,0,0,27,0,27,0,12,85,0,97,6,0,6,103
02/25/2019,OCF,FL,ASO,ES,Federal Contract Tower,0,4,97,9,110,0,0,148,2,150,0,4,245,11,260,66,10,76,336
02/26/2019,OCF,FL,ASO,ES,Federal Contract Tower,0,1,35,0,36,0,0,40,0,40,0,1,75,0,76,84,0,84,160
02/27/2019,OCF,FL,ASO,ES,Federal Contract Tower,0,2,43,0,45,0,0,67,0,67,0,2,110,0,112,148,0,148,260
02/28/2019,OCF,FL,ASO,ES,Federal Contract Tower,0,4,70,0,74,0,0,89,0,89,0,4,159,0,163,100,0,100,263
03/01/2019,OCF,FL,ASO,ES,Federal Contract Tower,0,8,64,3,75,0,0,118,1,119,0,8,182,4,194,92,0,92,286
03/02/2019,OCF,FL,ASO,ES,Federal Contract Tower,0,8,34,0,42,0,0,120,0,120,0,8,154,0,162,66,0,66,228
03/03/2019,OCF,FL,ASO,ES,Federal Contract Tower,0,5,55,0,60,0,0,90,0,90,0,5,145,0,150,28,0,28,178
03/04/2019,OCF,FL,ASO,ES,Federal Contract Tower,0,3,67,0,70,0,0,26,0,26,0,3,93,0,96,42,0,42,138
03/05/2019,OCF,FL,ASO,ES,Federal Contract Tower,0,8,87,0,95,0,0,41,0,41,0,8,128,0,136,82,0,82,218
03/06/2019,OCF,FL,ASO,ES,Federal Contract Tower,0,8,67,6,81,0,0,202,0,202,0,8,269,6,283,184,0,184,467
03/07/2019,OCF,FL,ASO,ES,Federal Contract Tower,0,6,62,8,76,0,0,172,0,172,0,6,234,8,248,120,10,130,378
03/08/2019,OCF,FL,ASO,ES,Federal Contract Tower,0,5,73,2,80,0,0,158,0,158,0,5,231,2,238,132,0,132,370
03/09/2019,OCF,FL,ASO,ES,Federal Contract Tower,0,5,58,0,63,0,0,212,0,212,0,5,270,0,275,88,0,88,363
03/10/2019,OCF,FL,ASO,ES,Federal Contract Tower,0,17,66,2,85,0,0,72,0,72,0,17,138,2,157,68,0,68,225
03/11/2019,OCF,FL,ASO,ES,Federal Contract Tower,0,5,65,7,77,0,0,75,1,76,0,5,140,8,153,68,8,76,229
03/12/2019,OCF,FL,ASO,ES,Federal Contract Tower,0,17,94,0,111,0,0,47,0,47,0,17,141,0,158,58,0,58,216
03/13/2019,OCF,FL,ASO,ES,Federal Contract Tower,1,6,61,0,68,0,0,112,0,112,1,6,173,0,180,102,0,102,282
03/14/2019,OCF,FL,ASO,ES,Federal Contract Tower,1,3,44,2,50,0,0,116,0,116,1,3,160,2,166,114,4,118,284
03/15/2019,OCF,FL,ASO,ES,Federal Contract Tower,0,5,44,0,49,0,0,146,0,146,0,5,190,0,195,92,0,92,287
03/16/2019,OCF,FL,ASO,ES,Federal Contract Tower,0,8,62,0,70,0,0,33,0,33,0,8,95,0,103,30,0,30,133
03/17/2019,OCF,FL,ASO,ES,Federal Contract Tower,1,5,46,1,53,0,0,15,1,16,1,5,61,2,69,52,0,52,121
03/18/2019,OCF,FL,ASO,ES,Federal Contract Tower,0,1,48,2,51,0,0,95,0,95,0,1,143,2,146,80,0,80,226
03/19/2019,OCF,FL,ASO,ES,Federal Contract Tower,4,3,59,0,66,0,0,72,0,72,4,3,131,0,138,86,0,86,224
03/20/2019,OCF,FL,ASO,ES,Federal Contract Tower,0,1,60,4,65,0,0,123,0,123,0,1,183,4,188,108,0,108,296
03/21/2019,OCF,FL,ASO,ES,Federal Contract Tower,0,4,78,4,86,0,0,123,0,123,0,4,201,4,209,72,0,72,281
03/22/2019,OCF,FL,ASO,ES,Federal Contract Tower,0,1,53,4,58,0,0,145,0,145,0,1,198,4,203,46,0,46,249
03/23/2019,OCF,FL,ASO,ES,Federal Contract Tower,0,3,72,0,75,0,0,147,0,147,0,3,219,0,222,108,0,108,330
03/24/2019,OCF,FL,ASO,ES,Federal Contract Tower,0,10,66,0,76,0,0,131,0,131,0,10,197,0,207,72,0,72,279
03/25/2019,OCF,FL,ASO,ES,Federal Contract Tower,0,3,57,2,62,0,0,100,0,100,0,3,157,2,162,112,2,114,276
03/26/2019,OCF,FL,ASO,ES,Federal Contract Tower,0,2,77,3,82,0,0,102,0,102,0,2,179,3,184,64,0,64,248
03/27/2019,OCF,FL,ASO,ES,Federal Contract Tower,0,2,50,5,57,0,0,23,0,23,0,2,73,5,80,58,0,58,138
03/28/2019,OCF,FL,ASO,ES,Federal Contract Tower,0,1,70,8,79,0,0,51,0,51,0,1,121,8,130,68,0,68,198
03/29/2019,OCF,FL,ASO,ES,Federal Contract Tower,0,1,60,1,62,0,0,173,1,174,0,1,233,2,236,116,0,116,352
03/30/2019,OCF,FL,ASO,ES,Federal Contract Tower,0,2,55,0,57,0,0,162,0,162,0,2,217,0,219,90,0,90,309
03/31/2019,OCF,FL,ASO,ES,Federal Contract Tower,0,4,54,0,58,0,0,110,0,110,0,4,164,0,168,44,0,44,212
04/01/2019,OCF,FL,ASO,ES,Federal Contract Tower,0,6,48,0,54,0,0,1,0,1,0,6,49,0,55,0,0,0,55
04/02/2019,OCF,FL,ASO,ES,Federal Contract Tower,0,3,86,2,91,0,0,62,0,62,0,3,148,2,153,60,0,60,213
04/03/2019,OCF,FL,ASO,ES,Federal Contract Tower,0,5,61,0,66,0,0,168,0,168,0,5,229,0,234,74,0,74,308
04/04/2019,OCF,FL,ASO,ES,Federal Contract Tower,1,5,54,0,60,0,1,146,2,149,1,6,200,2,209,88,0,88,297
04/05/2019,OCF,FL,ASO,ES,Federal Contract Tower,0,2,40,0,42,0,0,41,0,41,0,2,81,0,83,26,0,26,109
04/06/2019,OCF,FL,ASO,ES,Federal Contract Tower,0,0,40,0,40,0,0,83,0,83,0,0,123,0,123,40,0,40,163
04/07/2019,OCF,FL,ASO,ES,Federal Contract Tower,0,2,45,0,47,0,0,96,0,96,0,2,141,0,143,12,0,12,155
04/08/2019,OCF,FL,ASO,ES,Federal Contract Tower,0,3,38,2,43,0,0,32,0,32,0,3,70,2,75,54,0,54,129
04/09/2019,OCF,FL,ASO,ES,Federal Contract Tower,0,2,38,0,40,0,0,36,0,36,0,2,74,0,76,80,0,80,156
04/10/2019,OCF,FL,ASO,ES,Federal Contract Tower,0,5,72,0,77,0,0,149,0,149,0,5,221,0,226,122,0,122,348
04/11/2019,OCF,FL,ASO,ES,Federal Contract Tower,0,3,80,2,85,0,0,98,0,98,0,3,178,2,183,74,0,74,257
04/12/2019,OCF,FL,ASO,ES,Federal Contract Tower,0,11,53,2,66,0,0,167,0,167,0,11,220,2,233,78,0,78,311
04/13/2019,OCF,FL,ASO,ES,Federal Contract Tower,0,7,51,0,58,0,0,80,0,80,0,7,131,0,138,16,0,16,154
04/14/2019,OCF,FL,ASO,ES,Federal Contract Tower,0,4,57,0,61,0,0,16,0,16,0,4,73,0,77,4,0,4,81
04/15/2019,OCF,FL,ASO,ES,Federal Contract Tower,0,7,79,4,90,0,0,122,0,122,0,7,201,4,212,84,4,88,300
04/16/2019,OCF,FL,ASO,ES,Federal Contract Tower,0,4,91,1,96,0,0,140,0,140,0,4,231,1,236,204,0,204,440
04/17/2019,OCF,FL,ASO,ES,Federal Contract Tower,0,1,62,0,63,0,0,202,0,202,0,1,264,0,265,72,0,72,337
04/18/2019,OCF,FL,ASO,ES,Federal Contract Tower,0,3,63,0,66,0,0,115,0,115,0,3,178,0,181,78,0,78,259
04/19/2019,OCF,FL,ASO,ES,Federal Contract Tower,0,0,10,0,10,0,0,4,0,4,0,0,14,0,14,0,0,0,14
04/20/2019,OCF,FL,ASO,ES,Federal Contract Tower,0,2,28,0,30,0,0,52,0,52,0,2,80,0,82,2,0,2,84
04/21/2019,OCF,FL,ASO,ES,Federal Contract Tower,0,1,39,0,40,0,0,89,0,89,0,1,128,0,129,44,0,44,173
04/22/2019,OCF,FL,ASO,ES,Federal Contract Tower,0,8,64,1,73,0,0,118,0,118,0,8,182,1,191,104,0,104,295
04/23/2019,OCF,FL,ASO,ES,Federal Contract Tower,0,5,82,0,87,0,0,145,0,145,0,5,227,0,232,110,0,110,342
04/24/2019,OCF,FL,ASO,ES,Federal Contract Tower,1,5,73,4,83,0,0,151,4,155,1,5,224,8,238,124,14,138,376
04/25/2019,OCF,FL,ASO,ES,Federal Contract Tower,1,7,64,3,75,0,0,138,0,138,1,7,202,3,213,120,0,120,333
04/26/2019,OCF,FL,ASO,ES,Federal Contract Tower,0,4,36,2,42,0,0,23,0,23,0,4,59,2,65,50,0,50,115
04/27/2019,OCF,FL,ASO,ES,Federal Contract Tower,1,2,56,0,59,0,0,108,0,108,1,2,164,0,167,174,0,174,341
04/28/2019,OCF,FL,ASO,ES,Federal Contract Tower,1,0,52,0,53,0,0,84,0,84,1,0,136,0,137,86,0,86,223
04/29/2019,OCF,FL,ASO,ES,Federal Contract Tower,0,2,73,3,78,0,0,122,0,122,0,2,195,3,200,102,0,102,302
04/30/2019,OCF,FL,ASO,ES,Federal Contract Tower,0,1,64,0,65,0,0,93,0,93,0,1,157,0,158,116,0,116,274
05/01/2019,OCF,FL,ASO,ES,Federal Contract Tower,2,0,85,0,87,0,0,118,1,119,2,0,203,1,206,60,2,62,268
05/02/2019,OCF,FL,ASO,ES,Federal Contract Tower,0,3,59,2,64,0,0,43,0,43,0,3,102,2,107,102,0,102,209
05/03/2019,OCF,FL,ASO,ES,Federal Contract Tower,0,0,44,0,44,0,0,15,0,15,0,0,59,0,59,16,0,16,75
05/04/2019,OCF,FL,ASO,ES,Federal Contract Tower,0,0,41,2,43,0,0,65,0,65,0,0,106,2,108,34,0,34,142
05/05/2019,OCF,FL,ASO,ES,Federal Contract Tower,0,2,31,0,33,0,0,12,0,12,0,2,43,0,45,6,0,6,51
05/06/2019,OCF,FL,ASO,ES,Federal Contract Tower,1,1,79,0,81,0,0,127,0,127,1,1,206,0,208,152,0,152,360
05/07/2019,OCF,FL,ASO,ES,Federal Contract Tower,0,1,74,0,75,0,0,151,0,151,0,1,225,0,226,162,0,162,388
05/08/2019,OCF,FL,ASO,ES,Federal Contract Tower,0,3,45,2,50,0,0,150,0,150,0,3,195,2,200,104,0,104,304
05/09/2019,OCF,FL,ASO,ES,Federal Contract Tower,0,1,57,0,58,0,4,92,2,98,0,5,149,2,156,216,0,216,372
05/10/2019,OCF,FL,ASO,ES,Federal Contract Tower,0,6,41,1,48,0,1,108,3,112,0,7,149,4,160,92,4,96,256
05/11/2019,OCF,FL,ASO,ES,Federal Contract Tower,0,0,37,0,37,0,0,80,0,80,0,0,117,0,117,84,0,84,201
05/12/2019,OCF,FL,ASO,ES,Federal Contract Tower,0,0,35,0,35,0,0,38,0,38,0,0,73,0,73,38,0,38,111
05/13/2019,OCF,FL,ASO,ES,Federal Contract Tower,2,2,30,0,34,0,0,18,0,18,2,2,48,0,52,38,0,38,90
05/14/2019,OCF,FL,ASO,ES,Federal Contract Tower,0,4,62,6,72,0,0,68,1,69,0,4,130,7,141,132,18,150,291
05/15/2019,OCF,FL,ASO,ES,Federal Contract Tower,0,2,84,0,86,0,0,154,0,154,0,2,238,0,240,96,0,96,336
05/16/2019,OCF,FL,ASO,ES,Federal Contract Tower,0,2,50,0,52,0,0,126,0,126,0,2,176,0,178,100,0,100,278
05/17/2019,OCF,FL,ASO,ES,Federal Contract Tower,0,0,32,0,32,0,0,145,0,145,0,0,177,0,177,124,0,124,301
05/18/2019,OCF,FL,ASO,ES,Federal Contract Tower,0,4,31,0,35,0,0,119,0,119,0,4,150,0,154,46,0,46,200
05/19/2019,OCF,FL,ASO,ES,Federal Contract Tower,0,1,21,0,22,0,0,119,0,119,0,1,140,0,141,56,0,56,197
05/20/2019,OCF,FL,ASO,ES,Federal Contract Tower,0,4,24,0,28,0,0,118,0,118,0,4,142,0,146,38,0,38,184
05/21/2019,OCF,FL,ASO,ES,Federal Contract Tower,0,3,36,0,39,0,0,122,0,122,0,3,158,0,161,98,0,98,259
05/22/2019,OCF,FL,ASO,ES,Federal Contract Tower,1,2,54,0,57,0,0,151,0,151,1,2,205,0,208,20,0,20,228
05/23/2019,OCF,FL,ASO,ES,Federal Contract Tower,1,0,74,0,75,0,0,120,1,121,1,0,194,1,196,66,0,66,262
05/24/2019,OCF,FL,ASO,ES,Federal Contract Tower,0,2,59,0,61,0,0,124,0,124,0,2,183,0,185,36,0,36,221
05/25/2019,OCF,FL,ASO,ES,Federal Contract Tower,0,3,37,0,40,0,0,93,0,93,0,3,130,0,133,24,0,24,157
05/26/2019,OCF,FL,ASO,ES,Federal Contract Tower,2,3,12,0,17,0,2,57,0,59,2,5,69,0,76,20,0,20,96
05/27/2019,OCF,FL,ASO,ES,Federal Contract Tower,0,4,52,0,56,0,0,69,0,69,0,4,121,0,125,78,0,78,203
05/28/2019,OCF,FL,ASO,ES,Federal Contract Tower,0,2,31,0,33,0,0,95,0,95,0,2,126,0,128,86,0,86,214
05/29/2019,OCF,FL,ASO,ES,Federal Contract Tower,0,6,55,2,63,0,0,177,3,180,0,6,232,5,243,104,6,110,353
05/30/2019,OCF,FL,ASO,ES,Federal Contract Tower,0,1,60,6,67,0,0,121,0,121,0,1,181,6,188,142,0,142,330
05/31/2019,OCF,FL,ASO,ES,Federal Contract Tower,0,2,40,0,42,0,0,108,0,108,0,2,148,0,150,48,0,48,198
06/01/2019,OCF,FL,ASO,ES,Federal Contract Tower,0,1,29,0,30,0,0,53,0,53,0,1,82,0,83,8,0,8,91
06/02/2019,OCF,FL,ASO,ES,Federal Contract Tower,0,1,24,0,25,0,0,44,0,44,0,1,68,0,69,42,0,42,111
06/03/2019,OCF,FL,ASO,ES,Federal Contract Tower,0,3,54,0,57,0,0,87,0,87,0,3,141,0,144,68,0,68,212
06/04/2019,OCF,FL,ASO,ES,Federal Contract Tower,0,2,46,0,48,0,0,81,0,81,0,2,127,0,129,92,0,92,221
06/05/2019,OCF,FL,ASO,ES,Federal Contract Tower,1,2,51,0,54,0,0,83,0,83,1,2,134,0,137,106,0,106,243
06/06/2019,OCF,FL,ASO,ES,Federal Contract Tower,1,4,40,0,45,0,0,96,0,96,1,4,136,0,141,108,0,108,249
06/07/2019,OCF,FL,ASO,ES,Federal Contract Tower,0,5,35,0,40,0,0,62,1,63,0,5,97,1,103,40,0,40,143
06/08/2019,OCF,FL,ASO,ES,Federal Contract Tower,0,0,16,0,16,0,0,23,0,23,0,0,39,0,39,8,0,8,47
06/09/2019,OCF,FL,ASO,ES,Federal Contract Tower,0,1,7,0,8,0,0,6,0,6,0,1,13,0,14,0,0,0,14
06/10/2019,OCF,FL,ASO,ES,Federal Contract Tower,0,4,41,0,45,0,0,63,0,63,0,4,104,0,108,70,0,70,178
06/11/2019,OCF,FL,ASO,ES,Federal Contract Tower,0,2,29,0,31,0,0,59,0,59,0,2,88,0,90,112,0,112,202
06/12/2019,OCF,FL,ASO,ES,Federal Contract Tower,0,4,30,0,34,0,0,44,0,44,0,4,74,0,78,36,0,36,114
06/13/2019,OCF,FL,ASO,ES,Federal Contract Tower,0,3,29,8,40,0,0,25,0,25,0,3,54,8,65,32,0,32,97
06/14/2019,OCF,FL,ASO,ES,Federal Contract Tower,0,4,76,0,80,0,0,110,0,110,0,4,186,0,190,92,0,92,282
06/15/2019,OCF,FL,ASO,ES,Federal Contract Tower,0,1,55,0,56,0,0,123,0,123,0,1,178,0,179,98,0,98,277
06/16/2019,OCF,FL,ASO,ES,Federal Contract Tower,2,1,32,0,35,0,0,48,0,48,2,1,80,0,83,50,0,50,133
06/17/2019,OCF,FL,ASO,ES,Federal Contract Tower,0,4,46,0,50,0,0,50,0,50,0,4,96,0,100,40,0,40,140
06/18/2019,OCF,FL,ASO,ES,Federal Contract Tower,0,4,31,0,35,0,0,23,2,25,0,4,54,2,60,34,0,34,94
06/19/2019,OCF,FL,ASO,ES,Federal Contract Tower,0,4,16,0,20,0,0,28,0,28,0,4,44,0,48,66,0,66,114
06/20/2019,OCF,FL,ASO,ES,Federal Contract Tower,0,4,35,2,41,0,0,46,0,46,0,4,81,2,87,66,0,66,153
06/21/2019,OCF,FL,ASO,ES,Federal Contract Tower,0,3,43,2,48,0,0,99,0,99,0,3,142,2,147,66,0,66,213
06/22/2019,OCF,FL,ASO,ES,Federal Contract Tower,0,1,52,0,53,0,0,91,0,91,0,1,143,0,144,78,0,78,222
06/23/2019,OCF,FL,ASO,ES,Federal Contract Tower,0,2,33,0,35,0,0,75,0,75,0,2,108,0,110,58,0,58,168
06/24/2019,OCF,FL,ASO,ES,Federal Contract Tower,0,7,55,2,64,0,0,129,1,130,0,7,184,3,194,98,4,102,296
06/25/2019,OCF,FL,ASO,ES,Federal Contract Tower,0,0,71,4,75,0,0,67,0,67,0,0,138,4,142,114,0,114,256
06/26/2019,OCF,FL,ASO,ES,Federal Contract Tower,0,1,77,2,80,0,0,164,2,166,0,1,241,4,246,90,12,102,348
06/27/2019,OCF,FL,ASO,ES,Federal Contract Tower,0,2,70,0,72,0,0,125,0,125,0,2,195,0,197,82,0,82,279
06/28/2019,OCF,FL,ASO,ES,Federal Contract Tower,0,1,31,2,34,0,0,85,0,85,0,1,116,2,119,98,0,98,217
06/29/2019,OCF,FL,ASO,ES,Federal Contract Tower,0,2,34,0,36,0,0,76,0,76,0,2,110,0,112,32,0,32,144
06/30/2019,OCF,FL,ASO,ES,Federal Contract Tower,0,0,42,0,42,0,0,32,0,32,0,0,74,0,74,6,0,6,80
07/01/2019,OCF,FL,ASO,ES,Federal Contract Tower,0,0,53,2,55,0,0,110,1,111,0,0,163,3,166,52,12,64,230
07/02/2019,OCF,FL,ASO,ES,Federal Contract Tower,0,4,55,0,59,0,0,100,1,101,0,4,155,1,160,90,0,90,250
07/03/2019,OCF,FL,ASO,ES,Federal Contract Tower,0,0,55,0,55,0,0,115,0,115,0,0,170,0,170,42,0,42,212
07/04/2019,OCF,FL,ASO,ES,Federal Contract Tower,0,1,33,0,34,0,0,54,0,54,0,1,87,0,88,16,0,16,104
07/05/2019,OCF,FL,ASO,ES,Federal Contract Tower,0,0,23,0,23,0,0,53,0,53,0,0,76,0,76,52,0,52,128
07/06/2019,OCF,FL,ASO,ES,Federal Contract Tower,0,2,23,0,25,0,0,64,0,64,0,2,87,0,89,44,0,44,133
07/07/2019,OCF,FL,ASO,ES,Federal Contract Tower,0,1,40,1,42,0,0,38,1,39,0,1,78,2,81,64,6,70,151
07/08/2019,OCF,FL,ASO,ES,Federal Contract Tower,0,6,30,0,36,0,0,62,2,64,0,6,92,2,100,68,20,88,188
07/09/2019,OCF,FL,ASO,ES,Federal Contract Tower,0,4,37,2,43,0,0,63,0,63,0,4,100,2,106,44,10,54,160
07/10/2019,OCF,FL,ASO,ES,Federal Contract Tower,0,0,47,8,55,0,0,35,0,35,0,0,82,8,90,74,0,74,164
07/11/2019,OCF,FL,ASO,ES,Federal Contract Tower,2,3,29,2,36,0,0,63,0,63,2,3,92,2,99,42,6,48,147
07/12/2019,OCF,FL,ASO,ES,Federal Contract Tower,0,6,28,0,34,0,0,72,0,72,0,6,100,0,106,38,0,38,144
07/13/2019,OCF,FL,ASO,ES,Federal Contract Tower,0,3,38,0,41,0,0,105,0,105,0,3,143,0,146,58,0,58,204
07/14/2019,OCF,FL,ASO,ES,Federal Contract Tower,0,3,30,2,35,0,0,86,1,87,0,3,116,3,122,22,6,28,150
07/15/2019,OCF,FL,ASO,ES,Federal Contract Tower,0,4,29,0,33,0,0,127,0,127,0,4,156,0,160,96,0,96,256
07/16/2019,OCF,FL,ASO,ES,Federal Contract Tower,0,4,43,0,47,0,0,126,0,126,0,4,169,0,173,122,0,122,295
07/17/2019,OCF,FL,ASO,ES,Federal Contract Tower,0,5,26,0,31,0,0,111,0,111,0,5,137,0,142,55,0,55,197
07/18/2019,OCF,FL,ASO,ES,Federal Contract Tower,0,0,26,2,28,0,0,120,1,121,0,0,146,3,149,80,0,80,229
07/19/2019,OCF,FL,ASO,ES,Federal Contract Tower,0,0,26,0,26,0,0,127,0,127,0,0,153,0,153,94,0,94,247
07/20/2019,OCF,FL,ASO,ES,Federal Contract Tower,0,3,50,0,53,0,0,122,0,122,0,3,172,0,175,34,0,34,209
07/21/2019,OCF,FL,ASO,ES,Federal Contract Tower,0,2,26,0,28,0,0,68,0,68,0,2,94,0,96,30,0,30,126
07/22/2019,OCF,FL,ASO,ES,Federal Contract Tower,0,1,24,0,25,0,0,60,0,60,0,1,84,0,85,82,0,82,167
07/23/2019,OCF,FL,ASO,ES,Federal Contract Tower,0,1,27,0,28,0,1,75,0,76,0,2,102,0,104,68,0,68,172
07/24/2019,OCF,FL,ASO,ES,Federal Contract Tower,0,2,15,0,17,0,0,14,0,14,0,2,29,0,31,0,0,0,31
07/25/2019,OCF,FL,ASO,ES,Federal Contract Tower,0,3,47,0,50,0,0,4,0,4,0,3,51,0,54,4,0,4,58
07/26/2019,OCF,FL,ASO,ES,Federal Contract Tower,0,7,13,0,20,0,0,32,0,32,0,7,45,0,52,12,0,12,64
07/27/2019,OCF,FL,ASO,ES,Federal Contract Tower,0,1,40,0,41,0,0,69,0,69,0,1,109,0,110,68,0,68,178
07/28/2019,OCF,FL,ASO,ES,Federal Contract Tower,0,1,30,0,31,0,0,52,0,52,0,1,82,0,83,24,0,24,107
07/29/2019,OCF,FL,ASO,ES,Federal Contract Tower,0,0,51,1,52,0,0,94,1,95,0,0,145,2,147,58,8,66,213
07/30/2019,OCF,FL,ASO,ES,Federal Contract Tower,0,5,32,0,37,0,0,100,0,100,0,5,132,0,137,112,0,112,249
07/31/2019,OCF,FL,ASO,ES,Federal Contract Tower,0,3,48,0,51,0,0,133,0,133,0,3,181,0,184,38,0,38,222
08/01/2019,OCF,FL,ASO,ES,Federal Contract Tower,0,2,28,1,31,0,0,63,1,64,0,2,91,2,95,94,4,98,193
08/02/2019,OCF,FL,ASO,ES,Federal Contract Tower,0,2,43,0,45,0,0,53,0,53,0,2,96,0,98,60,0,60,158
08/03/2019,OCF,FL,ASO,ES,Federal Contract Tower,0,2,38,3,43,0,0,41,1,42,0,2,79,4,85,44,0,44,129
08/04/2019,OCF,FL,ASO,ES,Federal Contract Tower,0,3,28,1,32,0,0,63,16,79,0,3,91,17,111,60,0,60,171
08/05/2019,OCF,FL,ASO,ES,Federal Contract Tower,0,1,30,0,31,0,0,54,3,57,0,1,84,3,88,46,0,46,134
08/06/2019,OCF,FL,ASO,ES,Federal Contract Tower,0,0,50,4,54,0,0,65,0,65,0,0,115,4,119,66,0,66,185
08/07/2019,OCF,FL,ASO,ES,Federal Contract Tower,0,3,30,0,33,0,0,33,0,33,0,3,63,0,66,62,0,62,128
08/08/2019,OCF,FL,ASO,ES,Federal Contract Tower,0,9,36,0,45,0,0,101,0,101,0,9,137,0,146,76,0,76,222
08/09/2019,OCF,FL,ASO,ES,Federal Contract Tower,0,0,67,0,67,0,0,94,0,94,0,0,161,0,161,150,0,150,311
08/10/2019,OCF,FL,ASO,ES,Federal Contract Tower,0,0,43,0,43,0,0,98,0,98,0,0,141,0,141,88,0,88,229
08/11/2019,OCF,FL,ASO,ES,Federal Contract Tower,0,0,32,0,32,0,0,51,0,51,0,0,83,0,83,54,0,54,137
08/12/2019,OCF,FL,ASO,ES,Federal Contract Tower,0,1,30,0,31,0,0,33,0,33,0,1,63,0,64,34,0,34,98
08/13/2019,OCF,FL,ASO,ES,Federal Contract Tower,0,4,33,4,41,0,0,38,0,38,0,4,71,4,79,70,0,70,149
08/14/2019,OCF,FL,ASO,ES,Federal Contract Tower,0,4,38,0,42,0,3,78,0,81,0,7,116,0,123,84,0,84,207
08/15/2019,OCF,FL,ASO,ES,Federal Contract Tower,0,1,25,1,27,0,0,29,0,29,0,1,54,1,56,60,0,60,116
08/16/2019,OCF,FL,ASO,ES,Federal Contract Tower,0,2,13,0,15,0,0,0,0,0,0,2,13,0,15,0,0,0,15
08/17/2019,OCF,FL,ASO,ES,Federal Contract Tower,0,5,14,2,21,0,0,34,0,34,0,5,48,2,55,34,0,34,89
08/18/2019,OCF,FL,ASO,ES,Federal Contract Tower,0,5,24,0,29,0,0,30,0,30,0,5,54,0,59,42,0,42,101
08/19/2019,OCF,FL,ASO,ES,Federal Contract Tower,0,2,37,0,39,0,0,129,0,129,0,2,166,0,168,100,0,100,268
08/20/2019,OCF,FL,ASO,ES,Federal Contract Tower,0,2,71,0,73,0,0,135,0,135,0,2,206,0,208,140,0,140,348
08/21/2019,OCF,FL,ASO,ES,Federal Contract Tower,0,0,54,0,54,0,0,153,0,153,0,0,207,0,207,58,0,58,265
08/22/2019,OCF,FL,ASO,ES,Federal Contract Tower,0,6,35,0,41,0,0,145,0,145,0,6,180,0,186,96,0,96,282
08/23/2019,OCF,FL,ASO,ES,Federal Contract Tower,0,3,60,0,63,0,2,124,0,126,0,5,184,0,189,58,0,58,247
08/24/2019,OCF,FL,ASO,ES,Federal Contract Tower,0,1,58,0,59,0,0,105,0,105,0,1,163,0,164,60,0,60,224
08/25/2019,OCF,FL,ASO,ES,Federal Contract Tower,0,2,46,0,48,0,2,56,0,58,0,4,102,0,106,28,0,28,134
08/26/2019,OCF,FL,ASO,ES,Federal Contract Tower,0,3,38,4,45,0,0,60,0,60,0,3,98,4,105,60,0,60,165
08/27/2019,OCF,FL,ASO,ES,Federal Contract Tower,0,2,16,0,18,0,0,63,0,63,0,2,79,0,81,88,0,88,169
08/28/2019,OCF,FL,ASO,ES,Federal Contract Tower,0,1,55,10,66,0,0,89,0,89,0,1,144,10,155,84,0,84,239
08/29/2019,OCF,FL,ASO,ES,Federal Contract Tower,0,1,60,2,63,0,0,118,0,118,0,1,178,2,181,90,0,90,271
08/30/2019,OCF,FL,ASO,ES,Federal Contract Tower,0,2,67,0,69,0,0,58,0,58,0,2,125,0,127,82,0,82,209
08/31/2019,OCF,FL,ASO,ES,Federal Contract Tower,0,3,34,0,37,0,0,29,0,29,0,3,63,0,66,66,0,66,132
09/01/2019,OCF,FL,ASO,ES,Federal Contract Tower,0,0,17,2,19,0,0,26,0,26,0,0,43,2,45,44,0,44,89
09/02/2019,OCF,FL,ASO,ES,Federal Contract Tower,0,5,5,0,10,0,0,5,1,6,0,5,10,1,16,26,2,28,44
09/03/2019,OCF,FL,ASO,ES,Federal Contract Tower,0,0,7,0,7,0,1,16,0,17,0,1,23,0,24,76,0,76,100
09/04/2019,OCF,FL,ASO,ES,Federal Contract Tower,0,0,13,0,13,0,0,20,4,24,0,0,33,4,37,0,0,0,37
09/05/2019,OCF,FL,ASO,ES,Federal Contract Tower,0,5,55,1,61,0,0,115,1,116,0,5,170,2,177,68,0,68,245
09/06/2019,OCF,FL,ASO,ES,Federal Contract Tower,0,3,49,6,58,0,0,126,0,126,0,3,175,6,184,98,0,98,282
09/07/2019,OCF,FL,ASO,ES,Federal Contract Tower,0,4,64,0,68,0,0,149,0,149,0,4,213,0,217,44,0,44,261
09/08/2019,OCF,FL,ASO,ES,Federal Contract Tower,0,6,52,12,70,0,0,99,0,99,0,6,151,12,169,78,0,78,247
09/09/2019,OCF,FL,ASO,ES,Federal Contract Tower,0,2,56,0,58,0,0,83,0,83,0,2,139,0,141,20,0,20,161
09/10/2019,OCF,FL,ASO,ES,Federal Contract Tower,0,0,61,0,61,0,0,139,0,139,0,0,200,0,200,154,0,154,354
09/11/2019,OCF,FL,ASO,ES,Federal Contract Tower,0,1,53,2,56,0,0,107,0,107,0,1,160,2,163,46,0,46,209
09/12/2019,OCF,FL,ASO,ES,Federal Contract Tower,0,2,69,4,75,0,0,99,0,99,0,2,168,4,174,44,0,44,218
09/13/2019,OCF,FL,ASO,ES,Federal Contract Tower,0,1,53,0,54,0,0,60,0,60,0,1,113,0,114,40,0,40,154
09/14/2019,OCF,FL,ASO,ES,Federal Contract Tower,0,3,23,0,26,0,0,46,0,46,0,3,69,0,72,4,0,4,76
09/15/2019,OCF,FL,ASO,ES,Federal Contract Tower,0,6,27,0,33,0,0,36,0,36,0,6,63,0,69,34,0,34,103
09/16/2019,OCF,FL,ASO,ES,Federal Contract Tower,0,1,57,10,68,0,0,81,0,81,0,1,138,10,149,82,0,82,231
09/17/2019,OCF,FL,ASO,ES,Federal Contract Tower,0,2,56,1,59,0,0,108,0,108,0,2,164,1,167,94,0,94,261
09/18/2019,OCF,FL,ASO,ES,Federal Contract Tower,0,4,79,4,87,0,0,118,0,118,0,4,197,4,205,50,6,56,261
09/19/2019,OCF,FL,ASO,ES,Federal Contract Tower,0,1,54,1,56,0,0,96,3,99,0,1,150,4,155,42,0,42,197
09/20/2019,OCF,FL,ASO,ES,Federal Contract Tower,2,2,57,0,61,0,0,72,0,72,2,2,129,0,133,80,0,80,213
09/21/2019,OCF,FL,ASO,ES,Federal Contract Tower,0,1,63,0,64,0,1,102,2,105,0,2,165,2,169,44,4,48,217
09/22/2019,OCF,FL,ASO,ES,Federal Contract Tower,0,0,44,0,44,0,0,60,0,60,0,0,104,0,104,30,0,30,134
09/23/2019,OCF,FL,ASO,ES,Federal Contract Tower,0,4,56,0,60,0,0,136,0,136,0,4,192,0,196,110,0,110,306
09/24/2019,OCF,FL,ASO,ES,Federal Contract Tower,0,2,36,0,38,0,2,137,0,139,0,4,173,0,177,80,0,80,257
09/25/2019,OCF,FL,ASO,ES,Federal Contract Tower,0,8,35,3,46,0,0,102,1,103,0,8,137,4,149,76,18,94,243
09/26/2019,OCF,FL,ASO,ES,Federal Contract Tower,0,4,39,0,43,0,0,114,3,117,0,4,153,3,160,88,0,88,248
09/27/2019,OCF,FL,ASO,ES,Federal Contract Tower,0,4,34,2,40,0,0,118,0,118,0,4,152,2,158,84,0,84,242
09/28/2019,OCF,FL,ASO,ES,Federal Contract Tower,0,2,54,0,56,0,0,52,0,52,0,2,106,0,108,52,0,52,160
09/29/2019,OCF,FL,ASO,ES,Federal Contract Tower,0,2,39,0,41,0,0,76,0,76,0,2,115,0,117,40,0,40,157
09/30/2019,OCF,FL,ASO,ES,Federal Contract Tower,0,6,53,7,66,0,0,74,0,74,0,6,127,7,140,54,0,54,194
10/01/2019,OCF,FL,ASO,ES,Federal Contract Tower,0,4,61,1,66,0,0,87,12,99,0,4,148,13,165,66,0,66,231
10/02/2019,OCF,FL,ASO,ES,Federal Contract Tower,0,0,34,4,38,0,0,95,0,95,0,0,129,4,133,52,0,52,185
10/03/2019,OCF,FL,ASO,ES,Federal Contract Tower,0,0,12,4,16,0,0,8,10,18,0,0,20,14,34,0,0,0,34
10/04/2019,OCF,FL,ASO,ES,Federal Contract Tower,2,6,47,14,69,0,1,127,0,128,2,7,174,14,197,74,0,74,271
10/05/2019,OCF,FL,ASO,ES,Federal Contract Tower,0,1,43,0,44,0,0,63,0,63,0,1,106,0,107,42,0,42,149
10/06/2019,OCF,FL,ASO,ES,Federal Contract Tower,0,0,32,0,32,0,0,43,0,43,0,0,75,0,75,4,0,4,79
10/07/2019,OCF,FL,ASO,ES,Federal Contract Tower,0,3,35,0,38,0,0,24,0,24,0,3,59,0,62,38,0,38,100
10/08/2019,OCF,FL,ASO,ES,Federal Contract Tower,0,2,37,0,39,0,0,23,0,23,0,2,60,0,62,22,0,22,84
10/09/2019,OCF,FL,ASO,ES,Federal Contract Tower,0,0,54,2,56,0,0,35,0,35,0,0,89,2,91,54,0,54,145
10/10/2019,OCF,FL,ASO,ES,Federal Contract Tower,0,0,75,4,79,0,0,88,0,88,0,0,163,4,167,46,0,46,213
10/11/2019,OCF,FL,ASO,ES,Federal Contract Tower,0,3,65,2,70,0,0,142,0,142,0,3,207,2,212,70,0,70,282
10/12/2019,OCF,FL,ASO,ES,Federal Contract Tower,0,1,35,0,36,0,0,117,0,117,0,1,152,0,153,40,0,40,193
10/13/2019,OCF,FL,ASO,ES,Federal Contract Tower,0,6,50,0,56,0,0,93,0,93,0,6,143,0,149,22,0,22,171
10/14/2019,OCF,FL,ASO,ES,Federal Contract Tower,0,5,35,0,40,0,0,111,0,111,0,5,146,0,151,86,0,86,237
10/15/2019,OCF,FL,ASO,ES,Federal Contract Tower,0,4,40,0,44,0,0,106,0,106,0,4,146,0,150,46,0,46,196
10/16/2019,OCF,FL,ASO,ES,Federal Contract Tower,0,2,19,0,21,0,0,25,3,28,0,2,44,3,49,42,0,42,91
10/17/2019,OCF,FL,ASO,ES,Federal Contract Tower,0,0,80,2,82,0,0,161,0,161,0,0,241,2,243,146,0,146,389
10/18/2019,OCF,FL,ASO,ES,Federal Contract Tower,0,1,71,0,72,0,0,64,3,67,0,1,135,3,139,82,10,92,231
10/19/2019,OCF,FL,ASO,ES,Federal Contract Tower,0,5,4,0,9,0,0,0,0,0,0,5,4,0,9,0,0,0,9
10/20/2019,OCF,FL,ASO,ES,Federal Contract Tower,0,0,37,0,37,0,0,58,0,58,0,0,95,0,95,24,0,24,119
10/21/2019,OCF,FL,ASO,ES,Federal Contract Tower,0,0,68,0,68,0,0,41,0,41,0,0,109,0,109,32,0,32,141
10/22/2019,OCF,FL,ASO,ES,Federal Contract Tower,0,4,55,0,59,0,0,56,0,56,0,4,111,0,115,36,0,36,151
10/23/2019,OCF,FL,ASO,ES,Federal Contract Tower,0,1,67,0,68,0,0,168,0,168,0,1,235,0,236,70,0,70,306
10/24/2019,OCF,FL,ASO,ES,Federal Contract Tower,0,2,80,0,82,0,0,134,2,136,0,2,214,2,218,86,0,86,304
10/25/2019,OCF,FL,ASO,ES,Federal Contract Tower,0,2,52,2,56,0,0,77,0,77,0,2,129,2,133,116,1,117,250
10/26/2019,OCF,FL,ASO,ES,Federal Contract Tower,0,1,30,0,31,0,0,58,5,63,0,1,88,5,94,20,2,22,116
10/27/2019,OCF,FL,ASO,ES,Federal Contract Tower,0,4,31,1,36,0,0,32,0,32,0,4,63,1,68,14,0,14,82
10/28/2019,OCF,FL,ASO,ES,Federal Contract Tower,0,2,48,1,51,0,0,74,1,75,0,2,122,2,126,90,4,94,220
10/29/2019,OCF,FL,ASO,ES,Federal Contract Tower,0,3,46,0,49,0,1,82,0,83,0,4,128,0,132,60,0,60,192
10/30/2019,OCF,FL,ASO,ES,Federal Contract Tower,0,0,49,3,52,0,0,70,1,71,0,0,119,4,123,50,4,54,177
10/31/2019,OCF,FL,ASO,ES,Federal Contract Tower,0,4,27,2,33,0,0,82,1,83,0,4,109,3,116,68,0,68,184
11/01/2019,OCF,FL,ASO,ES,Federal Contract Tower,0,1,57,2,60,0,0,62,0,62,0,1,119,2,122,70,0,70,192
11/02/2019,OCF,FL,ASO,ES,Federal Contract Tower,0,1,38,0,39,0,0,79,0,79,0,1,117,0,118,88,0,88,206
11/03/2019,OCF,FL,ASO,ES,Federal Contract Tower,0,4,44,3,51,0,0,87,0,87,0,4,131,3,138,58,6,64,202
11/04/2019,OCF,FL,ASO,ES,Federal Contract Tower,0,3,49,2,54,0,1,86,0,87,0,4,135,2,141,2,2,4,145
11/05/2019,OCF,FL,ASO,ES,Federal Contract Tower,0,10,32,2,44,0,0,51,0,51,0,10,83,2,95,140,4,144,239
11/06/2019,OCF,FL,ASO,ES,Federal Contract Tower,0,4,63,0,67,0,0,50,0,50,0,4,113,0,117,96,0,96,213
11/07/2019,OCF,FL,ASO,ES,Federal Contract Tower,0,4,55,8,67,0,0,80,0,80,0,4,135,8,147,88,8,96,243
11/08/2019,OCF,FL,ASO,ES,Federal Contract Tower,2,6,69,0,77,0,0,19,0,19,2,6,88,0,96,72,0,72,168
11/09/2019,OCF,FL,ASO,ES,Federal Contract Tower,0,0,44,0,44,0,0,41,0,41,0,0,85,0,85,30,0,30,115
11/10/2019,OCF,FL,ASO,ES,Federal Contract Tower,0,4,63,0,67,0,0,132,0,132,0,4,195,0,199,100,0,100,299
11/11/2019,OCF,FL,ASO,ES,Federal Contract Tower,0,7,31,0,38,0,0,159,0,159,0,7,190,0,197,98,0,98,295
11/12/2019,OCF,FL,ASO,ES,Federal Contract Tower,0,2,31,0,33,0,0,79,0,79,0,2,110,0,112,34,0,34,146
11/13/2019,OCF,FL,ASO,ES,Federal Contract Tower,0,8,56,6,70,0,0,77,2,79,0,8,133,8,149,102,6,108,257
11/14/2019,OCF,FL,ASO,ES,Federal Contract Tower,0,8,41,0,49,0,0,54,0,54,0,8,95,0,103,90,0,90,193
11/15/2019,OCF,FL,ASO,ES,Federal Contract Tower,0,3,37,0,40,0,0,0,0,0,0,3,37,0,40,0,0,0,40
11/16/2019,OCF,FL,ASO,ES,Federal Contract Tower,0,7,53,0,60,0,0,2,0,2,0,7,55,0,62,0,0,0,62
11/17/2019,OCF,FL,ASO,ES,Federal Contract Tower,0,11,47,0,58,0,0,13,0,13,0,11,60,0,71,64,0,64,135
11/18/2019,OCF,FL,ASO,ES,Federal Contract Tower,0,2,58,0,60,0,0,145,0,145,0,2,203,0,205,96,0,96,301
11/19/2019,OCF,FL,ASO,ES,Federal Contract Tower,0,3,41,0,44,0,0,133,0,133,0,3,174,0,177,62,0,62,239
11/20/2019,OCF,FL,ASO,ES,Federal Contract Tower,0,3,79,0,82,0,0,152,0,152,0,3,231,0,234,130,0,130,364
11/21/2019,OCF,FL,ASO,ES,Federal Contract Tower,0,3,52,4,59,0,0,141,2,143,0,3,193,6,202,142,4,146,348
11/22/2019,OCF,FL,ASO,ES,Federal Contract Tower,0,2,52,0,54,0,0,132,0,132,0,2,184,0,186,150,0,150,336
11/23/2019,OCF,FL,ASO,ES,Federal Contract Tower,0,2,41,0,43,0,0,100,0,100,0,2,141,0,143,50,0,50,193
11/24/2019,OCF,FL,ASO,ES,Federal Contract Tower,0,2,48,0,50,0,0,84,0,84,0,2,132,0,134,112,0,112,246
11/25/2019,OCF,FL,ASO,ES,Federal Contract Tower,0,4,48,0,52,0,0,124,0,124,0,4,172,0,176,70,0,70,246
11/26/2019,OCF,FL,ASO,ES,Federal Contract Tower,0,6,29,6,41,0,0,152,1,153,0,6,181,7,194,110,10,120,314
11/27/2019,OCF,FL,ASO,ES,Federal Contract Tower,0,2,23,2,27,0,0,141,0,141,0,2,164,2,168,78,0,78,246
11/28/2019,OCF,FL,ASO,ES,Federal Contract Tower,0,2,20,0,22,0,0,29,0,29,0,2,49,0,51,26,0,26,77
11/29/2019,OCF,FL,ASO,ES,Federal Contract Tower,0,5,29,0,34,0,0,102,0,102,0,5,131,0,136,66,0,66,202
11/30/2019,OCF,FL,ASO,ES,Federal Contract Tower,0,2,26,0,28,0,0,83,0,83,0,2,109,0,111,56,0,56,167
12/01/2019,OCF,FL,ASO,ES,Federal Contract Tower,0,6,30,0,36,0,0,23,0,23,0,6,53,0,59,22,0,22,81
12/02/2019,OCF,FL,ASO,ES,Federal Contract Tower,0,5,39,2,46,0,0,55,2,57,0,5,94,4,103,20,0,20,123
12/03/2019,OCF,FL,ASO,ES,Federal Contract Tower,0,2,43,0,45,0,0,127,0,127,0,2,170,0,172,98,0,98,270
12/04/2019,OCF,FL,ASO,ES,Federal Contract Tower,0,6,47,0,53,0,0,100,0,100,0,6,147,0,153,108,0,108,261
12/05/2019,OCF,FL,ASO,ES,Federal Contract Tower,0,10,54,0,64,0,1,158,0,159,0,11,212,0,223,54,0,54,277
12/06/2019,OCF,FL,ASO,ES,Federal Contract Tower,0,5,39,2,46,0,0,170,0,170,0,5,209,2,216,118,0,118,334
12/07/2019,OCF,FL,ASO,ES,Federal Contract Tower,0,4,47,0,51,0,0,102,0,102,0,4,149,0,153,44,0,44,197
12/08/2019,OCF,FL,ASO,ES,Federal Contract Tower,0,4,44,0,48,0,0,82,0,82,0,4,126,0,130,68,0,68,198
12/09/2019,OCF,FL,ASO,ES,Federal Contract Tower,0,1,22,0,23,0,93,0,0,93,0,94,22,0,116,60,0,60,176
12/10/2019,OCF,FL,ASO,ES,Federal Contract Tower,0,6,46,2,54,0,0,99,0,99,0,6,145,2,153,138,14,152,305
12/11/2019,OCF,FL,ASO,ES,Federal Contract Tower,2,3,39,1,45,0,0,31,1,32,2,3,70,2,77,32,0,32,109
12/12/2019,OCF,FL,ASO,ES,Federal Contract Tower,0,1,65,0,66,0,0,43,0,43,0,1,108,0,109,36,0,36,145
12/13/2019,OCF,FL,ASO,ES,Federal Contract Tower,0,7,25,0,32,0,0,40,0,40,0,7,65,0,72,64,0,64,136
12/14/2019,OCF,FL,ASO,ES,Federal Contract Tower,0,0,41,0,41,0,4,75,0,79,0,4,116,0,120,54,0,54,174
12/15/2019,OCF,FL,ASO,ES,Federal Contract Tower,0,2,45,4,51,0,0,91,0,91,0,2,136,4,142,86,0,86,228
12/16/2019,OCF,FL,ASO,ES,Federal Contract Tower,2,4,25,1,32,0,0,134,0,134,2,4,159,1,166,94,4,98,264
12/17/2019,OCF,FL,ASO,ES,Federal Contract Tower,0,0,25,0,25,0,0,9,0,9,0,0,34,0,34,40,0,40,74
12/18/2019,OCF,FL,ASO,ES,Federal Contract Tower,0,2,85,2,89,0,0,106,0,106,0,2,191,2,195,96,0,96,291
12/19/2019,OCF,FL,ASO,ES,Federal Contract Tower,0,0,35,4,39,0,0,96,0,96,0,0,131,4,135,62,0,62,197
12/20/2019,OCF,FL,ASO,ES,Federal Contract Tower,0,4,56,2,62,0,0,59,1,60,0,4,115,3,122,36,10,46,168
12/21/2019,OCF,FL,ASO,ES,Federal Contract Tower,0,1,51,3,55,0,0,49,1,50,0,1,100,4,105,38,6,44,149
12/22/2019,OCF,FL,ASO,ES,Federal Contract Tower,0,2,11,0,13,0,0,0,0,0,0,2,11,0,13,0,0,0,13
12/23/2019,OCF,FL,ASO,ES,Federal Contract Tower,0,4,39,0,43,0,0,30,0,30,0,4,69,0,73,60,0,60,133
12/24/2019,OCF,FL,ASO,ES,Federal Contract Tower,0,1,29,0,30,0,0,2,0,2,0,1,31,0,32,0,0,0,32
12/25/2019,OCF,FL,ASO,ES,Federal Contract Tower,0,0,11,0,11,0,0,6,0,6,0,0,17,0,17,0,0,0,17
12/26/2019,OCF,FL,ASO,ES,Federal Contract Tower,0,2,49,0,51,0,0,47,0,47,0,2,96,0,98,44,0,44,142
12/27/2019,OCF,FL,ASO,ES,Federal Contract Tower,0,2,62,0,64,0,0,59,0,59,0,2,121,0,123,98,0,98,221
12/28/2019,OCF,FL,ASO,ES,Federal Contract Tower,0,4,50,0,54,0,0,9,0,9,0,4,59,0,63,28,0,28,91
12/29/2019,OCF,FL,ASO,ES,Federal Contract Tower,0,5,38,0,43,0,0,11,0,11,0,5,49,0,54,36,0,36,90
12/30/2019,OCF,FL,ASO,ES,Federal Contract Tower,0,2,18,0,20,0,0,16,0,16,0,2,34,0,36,42,0,42,78
12/31/2019,OCF,FL,ASO,ES,Federal Contract Tower,0,1,55,0,56,0,0,126,0,126,0,1,181,0,182,38,0,38,220
01/01/2020,OCF,FL,ASO,ES,Federal Contract Tower,0,2,29,0,31,0,0,59,0,59,0,2,88,0,90,8,0,8,98
01/02/2020,OCF,FL,ASO,ES,Federal Contract Tower,0,3,39,1,43,0,0,116,1,117,0,3,155,2,160,136,6,142,302
01/03/2020,OCF,FL,ASO,ES,Federal Contract Tower,0,3,32,0,35,0,0,52,0,52,0,3,84,0,87,62,0,62,149
01/04/2020,OCF,FL,ASO,ES,Federal Contract Tower,0,2,23,0,25,0,0,6,0,6,0,2,29,0,31,2,0,2,33
01/05/2020,OCF,FL,ASO,ES,Federal Contract Tower,0,4,80,0,84,0,0,114,0,114,0,4,194,0,198,88,0,88,286
01/06/2020,OCF,FL,ASO,ES,Federal Contract Tower,0,1,77,4,82,0,0,108,0,108,0,1,185,4,190,56,0,56,246
01/07/2020,OCF,FL,ASO,ES,Federal Contract Tower,0,3,68,0,71,0,0,123,0,123,0,3,191,0,194,106,0,106,300
01/08/2020,OCF,FL,ASO,ES,Federal Contract Tower,0,4,96,1,101,0,0,147,0,147,0,4,243,1,248,68,14,82,330
01/09/2020,OCF,FL,ASO,ES,Federal Contract Tower,1,5,46,0,52,0,0,95,2,97,1,5,141,2,149,92,0,92,241
01/10/2020,OCF,FL,ASO,ES,Federal Contract Tower,0,2,60,4,66,0,0,89,0,89,0,2,149,4,155,44,4,48,203
01/11/2020,OCF,FL,ASO,ES,Federal Contract Tower,0,0,25,0,25,0,0,31,0,31,0,0,56,0,56,24,0,24,80
01/12/2020,OCF,FL,ASO,ES,Federal Contract Tower,0,6,64,0,70,0,0,41,0,41,0,6,105,0,111,74,0,74,185
01/13/2020,OCF,FL,ASO,ES,Federal Contract Tower,0,1,47,1,49,0,0,127,1,128,0,1,174,2,177,130,6,136,313
01/14/2020,OCF,FL,ASO,ES,Federal Contract Tower,0,5,29,0,34,0,0,59,0,59,0,5,88,0,93,92,0,92,185
01/15/2020,OCF,FL,ASO,ES,Federal Contract Tower,0,0,46,0,46,0,0,120,0,120,0,0,166,0,166,132,0,132,298
01/16/2020,OCF,FL,ASO,ES,Federal Contract Tower,0,1,84,0,85,0,0,103,0,103,0,1,187,0,188,62,0,62,250
01/17/2020,OCF,FL,ASO,ES,Federal Contract Tower,0,3,71,0,74,0,0,79,0,79,0,3,150,0,153,38,0,38,191
01/18/2020,OCF,FL,ASO,ES,Federal Contract Tower,0,1,39,3,43,0,0,91,0,91,0,1,130,3,134,34,0,34,168
01/19/2020,OCF,FL,ASO,ES,Federal Contract Tower,0,2,30,0,32,0,0,36,0,36,0,2,66,0,68,72,0,72,140
01/20/2020,OCF,FL,ASO,ES,Federal Contract Tower,0,10,63,0,73,0,0,137,0,137,0,10,200,0,210,88,0,88,298
01/21/2020,OCF,FL,ASO,ES,Federal Contract Tower,0,3,44,0,47,0,0,81,0,81,0,3,125,0,128,156,0,156,284
01/22/2020,OCF,FL,ASO,ES,Federal Contract Tower,0,3,58,0,61,0,0,64,0,64,0,3,122,0,125,80,0,80,205
01/23/2020,OCF,FL,ASO,ES,Federal Contract Tower,0,5,76,6,87,0,0,35,2,37,0,5,111,8,124,48,0,48,172
01/24/2020,OCF,FL,ASO,ES,Federal Contract Tower,0,4,33,0,37,0,0,81,0,81,0,4,114,0,118,68,0,68,186
01/25/2020,OCF,FL,ASO,ES,Federal Contract Tower,0,6,40,0,46,0,0,108,0,108,0,6,148,0,154,102,0,102,256
01/26/2020,OCF,FL,ASO,ES,Federal Contract Tower,0,11,82,1,94,0,0,117,0,117,0,11,199,1,211,50,6,56,267
01/27/2020,OCF,FL,ASO,ES,Federal Contract Tower,0,4,62,0,66,0,0,91,0,91,0,4,153,0,157,108,0,108,265
01/28/2020,OCF,FL,ASO,ES,Federal Contract Tower,0,1,67,0,68,0,0,122,0,122,0,1,189,0,190,78,0,78,268
01/29/2020,OCF,FL,ASO,ES,Federal Contract Tower,0,2,45,0,47,0,0,111,0,111,0,2,156,0,158,48,0,48,206
01/30/2020,OCF,FL,ASO,ES,Federal Contract Tower,0,5,56,0,61,0,0,34,0,34,0,5,90,0,95,14,0,14,109
02/02/2020,OCF,FL,ASO,ES,Federal Contract Tower,0,0,64,0,64,0,0,101,0,101,0,0,165,0,165,60,0,60,225
02/03/2020,OCF,FL,ASO,ES,Federal Contract Tower,0,4,42,0,46,0,1,130,0,131,0,5,172,0,177,62,0,62,239
02/04/2020,OCF,FL,ASO,ES,Federal Contract Tower,0,6,43,2,51,0,0,131,0,131,0,6,174,2,182,56,0,56,238
02/05/2020,OCF,FL,ASO,ES,Federal Contract Tower,0,2,57,0,59,0,0,91,2,93,0,2,148,2,152,92,0,92,244
02/06/2020,OCF,FL,ASO,ES,Federal Contract Tower,0,8,36,0,44,0,0,7,0,7,0,8,43,0,51,6,0,6,57
02/07/2020,OCF,FL,ASO,ES,Federal Contract Tower,0,4,43,2,49,0,3,47,0,50,0,7,90,2,99,20,0,20,119
02/08/2020,OCF,FL,ASO,ES,Federal Contract Tower,0,0,72,0,72,0,5,130,0,135,0,5,202,0,207,82,0,82,289
02/09/2020,OCF,FL,ASO,ES,Federal Contract Tower,0,6,78,0,84,0,1,79,3,83,0,7,157,3,167,38,6,44,211
02/10/2020,OCF,FL,ASO,ES,Federal Contract Tower,0,5,54,0,59,0,0,106,0,106,0,5,160,0,165,94,0,94,259
02/11/2020,OCF,FL,ASO,ES,Federal Contract Tower,0,0,37,4,41,0,0,92,0,92,0,0,129,4,133,98,18,116,249
02/12/2020,OCF,FL,ASO,ES,Federal Contract Tower,0,6,60,2,68,0,0,97,0,97,0,6,157,2,165,96,0,96,261
02/13/2020,OCF,FL,ASO,ES,Federal Contract Tower,0,7,46,0,53,0,0,42,0,42,0,7,88,0,95,10,0,10,105
02/14/2020,OCF,FL,ASO,ES,Federal Contract Tower,0,2,93,0,95,0,0,30,0,30,0,2,123,0,125,72,0,72,197
02/15/2020,OCF,FL,ASO,ES,Federal Contract Tower,0,2,65,0,67,0,0,111,0,111,0,2,176,0,178,36,0,36,214
02/16/2020,OCF,FL,ASO,ES,Federal Contract Tower,0,10,56,0,66,0,0,71,0,71,0,10,127,0,137,24,0,24,161
02/17/2020,OCF,FL,ASO,ES,Federal Contract Tower,0,5,43,0,48,0,0,29,0,29,0,5,72,0,77,66,0,66,143
02/18/2020,OCF,FL,ASO,ES,Federal Contract Tower,0,2,41,8,51,0,0,72,1,73,0,2,113,9,124,122,10,132,256
02/19/2020,OCF,FL,ASO,ES,Federal Contract Tower,0,8,67,0,75,0,0,113,0,113,0,8,180,0,188,152,0,152,340
02/20/2020,OCF,FL,ASO,ES,Federal Contract Tower,0,2,81,8,91,0,0,35,0,35,0,2,116,8,126,50,14,64,190
02/21/2020,OCF,FL,ASO,ES,Federal Contract Tower,0,6,31,2,39,0,0,14,0,14,0,6,45,2,53,10,0,10,63
02/22/2020,OCF,FL,ASO,ES,Federal Contract Tower,0,1,93,0,94,0,0,81,0,81,0,1,174,0,175,26,0,26,201
02/23/2020,OCF,FL,ASO,ES,Federal Contract Tower,0,2,69,0,71,0,0,150,0,150,0,2,219,0,221,79,0,79,300
02/24/2020,OCF,FL,ASO,ES,Federal Contract Tower,0,4,47,3,54,0,0,149,2,151,0,4,196,5,205,24,16,40,245
02/25/2020,OCF,FL,ASO,ES,Federal Contract Tower,0,7,37,0,44,0,0,21,0,21,0,7,58,0,65,52,0,52,117
02/26/2020,OCF,FL,ASO,ES,Federal Contract Tower,0,4,35,5,44,0,0,24,3,27,0,4,59,8,71,56,4,60,131
02/27/2020,OCF,FL,ASO,ES,Federal Contract Tower,0,5,102,0,107,0,0,106,2,108,0,5,208,2,215,76,0,76,291
02/28/2020,OCF,FL,ASO,ES,Federal Contract Tower,0,1,82,0,83,0,1,133,0,134,0,2,215,0,217,64,0,64,281
02/29/2020,OCF,FL,ASO,ES,Federal Contract Tower,0,6,60,1,67,0,0,100,0,100,0,6,160,1,167,28,8,36,203
03/01/2020,OCF,FL,ASO,ES,Federal Contract Tower,0,5,36,0,41,0,0,123,0,123,0,5,159,0,164,72,0,72,236
03/02/2020,OCF,FL,ASO,ES,Federal Contract Tower,0,3,58,2,63,0,0,78,0,78,0,3,136,2,141,42,0,42,183
03/03/2020,OCF,FL,ASO,ES,Federal Contract Tower,0,7,41,1,49,0,0,75,4,79,0,7,116,5,128,58,0,58,186
03/04/2020,OCF,FL,ASO,ES,Federal Contract Tower,0,2,53,0,55,0,0,80,2,82,0,2,133,2,137,108,10,118,255
03/05/2020,OCF,FL,ASO,ES,Federal Contract Tower,0,4,31,2,37,0,0,14,0,14,0,4,45,2,51,0,0,0,51
03/06/2020,OCF,FL,ASO,ES,Federal Contract Tower,0,12,79,0,91,0,0,82,0,82,0,12,161,0,173,66,0,66,239
03/07/2020,OCF,FL,ASO,ES,Federal Contract Tower,0,8,62,0,70,0,0,107,0,107,0,8,169,0,177,66,0,66,243
03/08/2020,OCF,FL,ASO,ES,Federal Contract Tower,0,11,81,0,92,0,2,79,0,81,0,13,160,0,173,26,0,26,199
03/09/2020,OCF,FL,ASO,ES,Federal Contract Tower,0,8,59,5,72,0,0,86,1,87,0,8,145,6,159,122,10,132,291
03/10/2020,OCF,FL,ASO,ES,Federal Contract Tower,0,3,52,4,59,0,0,96,0,96,0,3,148,4,155,92,0,92,247
03/11/2020,OCF,FL,ASO,ES,Federal Contract Tower,0,4,53,3,60,0,0,137,0,137,0,4,190,3,197,84,0,84,281
03/12/2020,OCF,FL,ASO,ES,Federal Contract Tower,0,7,75,3,85,0,0,132,2,134,0,7,207,5,219,124,0,124,343
03/14/2020,OCF,FL,ASO,ES,Federal Contract Tower,0,2,41,0,43,0,0,87,0,87,0,2,128,0,130,124,0,124,254
03/15/2020,OCF,FL,ASO,ES,Federal Contract Tower,0,12,55,0,67,0,0,87,0,87,0,12,142,0,154,46,0,46,200
03/16/2020,OCF,FL,ASO,ES,Federal Contract Tower,0,4,49,0,53,0,0,44,0,44,0,4,93,0,97,74,0,74,171
03/17/2020,OCF,FL,ASO,ES,Federal Contract Tower,0,0,33,1,34,0,0,72,1,73,0,0,105,2,107,66,6,72,179
03/18/2020,OCF,FL,ASO,ES,Federal Contract Tower,1,8,41,0,50,0,0,116,0,116,1,8,157,0,166,76,0,76,242
03/19/2020,OCF,FL,ASO,ES,Federal Contract Tower,0,3,40,0,43,0,0,97,0,97,0,3,137,0,140,114,0,114,254
03/20/2020,OCF,FL,ASO,ES,Federal Contract Tower,0,4,50,0,54,0,2,94,0,96,0,6,144,0,150,78,0,78,228
03/21/2020,OCF,FL,ASO,ES,Federal Contract Tower,0,0,44,0,44,0,0,73,0,73,0,0,117,0,117,36,0,36,153
03/22/2020,OCF,FL,ASO,ES,Federal Contract Tower,0,0,31,0,31,0,0,97,0,97,0,0,128,0,128,80,0,80,208
03/23/2020,OCF,FL,ASO,ES,Federal Contract Tower,0,0,45,0,45,0,0,49,0,49,0,0,94,0,94,28,0,28,122
03/24/2020,OCF,FL,ASO,ES,Federal Contract Tower,0,2,42,0,44,0,0,72,0,72,0,2,114,0,116,84,0,84,200
03/25/2020,OCF,FL,ASO,ES,Federal Contract Tower,0,5,20,0,25,0,0,28,0,28,0,5,48,0,53,54,0,54,107
03/26/2020,OCF,FL,ASO,ES,Federal Contract Tower,0,2,45,0,47,0,0,35,0,35,0,2,80,0,82,74,0,74,156
03/27/2020,OCF,FL,ASO,ES,Federal Contract Tower,0,2,33,0,35,0,0,72,0,72,0,2,105,0,107,16,0,16,123
03/28/2020,OCF,FL,ASO,ES,Federal Contract Tower,0,2,16,0,18,0,0,78,0,78,0,2,94,0,96,32,0,32,128
03/29/2020,OCF,FL,ASO,ES,Federal Contract Tower,0,2,24,0,26,0,0,49,0,49,0,2,73,0,75,18,0,18,93
03/30/2020,OCF,FL,ASO,ES,Federal Contract Tower,0,4,27,0,31,0,0,96,0,96,0,4,123,0,127,58,0,58,185
03/31/2020,OCF,FL,ASO,ES,Federal Contract Tower,0,0,21,1,22,0,0,33,1,34,0,0,54,2,56,22,4,26,82
04/01/2020,OCF,FL,ASO,ES,Federal Contract Tower,0,3,45,0,48,0,0,92,0,92,0,3,137,0,140,30,0,30,170
04/02/2020,OCF,FL,ASO,ES,Federal Contract Tower,0,3,41,2,46,0,0,112,0,112,0,3,153,2,158,88,0,88,246
04/03/2020,OCF,FL,ASO,ES,Federal Contract Tower,0,2,56,0,58,0,0,65,0,65,0,2,121,0,123,34,0,34,157
04/04/2020,OCF,FL,ASO,ES,Federal Contract Tower,0,4,30,0,34,0,0,82,0,82,0,4,112,0,116,72,0,72,188
04/05/2020,OCF,FL,ASO,ES,Federal Contract Tower,0,2,36,0,38,0,0,16,0,16,0,2,52,0,54,20,0,20,74
04/06/2020,OCF,FL,ASO,ES,Federal Contract Tower,0,1,30,0,31,0,0,70,0,70,0,1,100,0,101,34,0,34,135
04/07/2020,OCF,FL,ASO,ES,Federal Contract Tower,0,1,35,0,36,0,0,100,0,100,0,1,135,0,136,90,0,90,226
04/08/2020,OCF,FL,ASO,ES,Federal Contract Tower,0,1,31,3,35,0,0,41,0,41,0,1,72,3,76,26,8,34,110
04/09/2020,OCF,FL,ASO,ES,Federal Contract Tower,0,0,26,0,26,0,0,24,0,24,0,0,50,0,50,20,0,20,70
04/10/2020,OCF,FL,ASO,ES,Federal Contract Tower,0,0,19,4,23,0,0,23,0,23,0,0,42,4,46,42,0,42,88
04/11/2020,OCF,FL,ASO,ES,Federal Contract Tower,0,0,22,0,22,0,0,95,0,95,0,0,117,0,117,54,0,54,171
04/12/2020,OCF,FL,ASO,ES,Federal Contract Tower,0,0,7,0,7,0,0,18,0,18,0,0,25,0,25,0,0,0,25
04/13/2020,OCF,FL,ASO,ES,Federal Contract Tower,2,1,6,0,9,0,0,2,2,4,2,1,8,2,13,0,0,0,13
04/14/2020,OCF,FL,ASO,ES,Federal Contract Tower,0,1,8,0,9,0,0,14,0,14,0,1,22,0,23,0,0,0,23
04/15/2020,OCF,FL,ASO,ES,Federal Contract Tower,0,0,9,0,9,0,0,3,0,3,0,0,12,0,12,0,0,0,12
04/16/2020,OCF,FL,ASO,ES,Federal Contract Tower,0,0,26,0,26,0,0,15,2,17,0,0,41,2,43,8,0,8,51
04/17/2020,OCF,FL,ASO,ES,Federal Contract Tower,0,5,38,0,43,0,3,41,0,44,0,8,79,0,87,34,0,34,121
04/18/2020,OCF,FL,ASO,ES,Federal Contract Tower,0,0,19,0,19,0,0,7,0,7,0,0,26,0,26,0,0,0,26
04/19/2020,OCF,FL,ASO,ES,Federal Contract Tower,0,1,24,0,25,0,0,59,0,59,0,1,83,0,84,40,0,40,124
04/20/2020,OCF,FL,ASO,ES,Federal Contract Tower,0,2,16,0,18,0,0,10,0,10,0,2,26,0,28,12,0,12,40
04/21/2020,OCF,FL,ASO,ES,Federal Contract Tower,0,2,73,0,75,0,0,115,2,117,0,2,188,2,192,90,0,90,282
04/22/2020,OCF,FL,ASO,ES,Federal Contract Tower,0,2,69,0,71,0,0,120,0,120,0,2,189,0,191,36,0,36,227
04/23/2020,OCF,FL,ASO,ES,Federal Contract Tower,0,0,16,0,16,0,2,37,0,39,0,2,53,0,55,24,0,24,79
04/24/2020,OCF,FL,ASO,ES,Federal Contract Tower,0,2,10,0,12,0,0,17,0,17,0,2,27,0,29,18,0,18,47
04/25/2020,OCF,FL,ASO,ES,Federal Contract Tower,0,0,17,0,17,0,0,43,0,43,0,0,60,0,60,8,0,8,68
04/26/2020,OCF,FL,ASO,ES,Federal Contract Tower,0,0,32,0,32,0,0,32,0,32,0,0,64,0,64,20,0,20,84
04/27/2020,OCF,FL,ASO,ES,Federal Contract Tower,2,1,45,0,48,0,0,82,0,82,2,1,127,0,130,78,0,78,208
04/28/2020,OCF,FL,ASO,ES,Federal Contract Tower,0,1,48,0,49,0,0,71,0,71,0,1,119,0,120,70,0,70,190
04/29/2020,OCF,FL,ASO,ES,Federal Contract Tower,0,4,41,0,45,0,0,81,0,81,0,4,122,0,126,32,0,32,158
04/30/2020,OCF,FL,ASO,ES,Federal Contract Tower,0,1,12,0,13,0,0,24,0,24,0,1,36,0,37,2,0,2,39
05/01/2020,OCF,FL,ASO,ES,Federal Contract Tower,0,1,26,0,27,0,54,46,0,100,0,55,72,0,127,70,0,70,197
05/02/2020,OCF,FL,ASO,ES,Federal Contract Tower,0,0,38,0,38,0,0,93,0,93,0,0,131,0,131,42,0,42,173
05/03/2020,OCF,FL,ASO,ES,Federal Contract Tower,0,1,19,0,20,0,0,67,0,67,0,1,86,0,87,20,0,20,107
05/04/2020,OCF,FL,ASO,ES,Federal Contract Tower,0,0,38,0,38,0,0,76,0,76,0,0,114,0,114,72,0,72,186
05/05/2020,OCF,FL,ASO,ES,Federal Contract Tower,0,2,30,0,32,0,0,60,0,60,0,2,90,0,92,34,0,34,126
05/06/2020,OCF,FL,ASO,ES,Federal Contract Tower,0,0,31,0,31,0,0,58,0,58,0,0,89,0,89,66,0,66,155
05/07/2020,OCF,FL,ASO,ES,Federal Contract Tower,0,0,59,0,59,0,0,103,0,103,0,0,162,0,162,98,0,98,260
05/08/2020,OCF,FL,ASO,ES,Federal Contract Tower,0,2,30,0,32,0,0,104,2,106,0,2,134,2,138,74,0,74,212
05/09/2020,OCF,FL,ASO,ES,Federal Contract Tower,0,9,29,0,38,0,0,71,2,73,0,9,100,2,111,122,0,122,233
05/10/2020,OCF,FL,ASO,ES,Federal Contract Tower,2,2,15,0,19,0,0,10,0,10,2,2,25,0,29,0,0,0,29
05/11/2020,OCF,FL,ASO,ES,Federal Contract Tower,0,2,48,4,54,0,0,71,0,71,0,2,119,4,125,76,6,82,207
05/12/2020,OCF,FL,ASO,ES,Federal Contract Tower,0,6,22,0,28,0,0,106,2,108,0,6,128,2,136,104,0,104,240
05/13/2020,OCF,FL,ASO,ES,Federal Contract Tower,0,3,45,0,48,0,0,85,0,85,0,3,130,0,133,38,0,38,171
05/14/2020,OCF,FL,ASO,ES,Federal Contract Tower,0,11,19,2,32,0,0,72,0,72,0,11,91,2,104,22,0,22,126
05/15/2020,OCF,FL,ASO,ES,Federal Contract Tower,0,3,49,2,54,0,0,71,0,71,0,3,120,2,125,80,0,80,205
05/16/2020,OCF,FL,ASO,ES,Federal Contract Tower,0,2,31,0,33,0,0,20,0,20,0,2,51,0,53,30,0,30,83
05/17/2020,OCF,FL,ASO,ES,Federal Contract Tower,2,11,34,0,47,0,0,56,0,56,2,11,90,0,103,40,0,40,143
05/18/2020,OCF,FL,ASO,ES,Federal Contract Tower,1,5,27,0,33,0,0,19,0,19,1,5,46,0,52,48,0,48,100
05/19/2020,OCF,FL,ASO,ES,Federal Contract Tower,0,2,54,0,56,0,0,61,0,61,0,2,115,0,117,22,0,22,139
05/20/2020,OCF,FL,ASO,ES,Federal Contract Tower,0,2,45,4,51,0,0,107,0,107,0,2,152,4,158,48,0,48,206
05/21/2020,OCF,FL,ASO,ES,Federal Contract Tower,0,0,41,0,41,0,0,49,0,49,0,0,90,0,90,24,0,24,114
05/22/2020,OCF,FL,ASO,ES,Federal Contract Tower,0,2,37,0,39,0,0,134,0,134,0,2,171,0,173,40,0,40,213
05/23/2020,OCF,FL,ASO,ES,Federal Contract Tower,0,4,24,0,28,0,0,73,0,73,0,4,97,0,101,56,0,56,157
05/24/2020,OCF,FL,ASO,ES,Federal Contract Tower,0,1,39,0,40,0,0,62,2,64,0,1,101,2,104,38,14,52,156
05/25/2020,OCF,FL,ASO,ES,Federal Contract Tower,0,0,18,0,18,0,0,7,0,7,0,0,25,0,25,16,0,16,41
05/26/2020,OCF,FL,ASO,ES,Federal Contract Tower,2,0,29,0,31,0,0,9,0,9,2,0,38,0,40,32,0,32,72
05/27/2020,OCF,FL,ASO,ES,Federal Contract Tower,0,0,46,0,46,0,2,54,0,56,0,2,100,0,102,60,0,60,162
05/28/2020,OCF,FL,ASO,ES,Federal Contract Tower,0,3,29,2,34,0,0,45,0,45,0,3,74,2,79,66,0,66,145
05/29/2020,OCF,FL,ASO,ES,Federal Contract Tower,0,6,40,0,46,0,0,95,0,95,0,6,135,0,141,118,0,118,259
05/30/2020,OCF,FL,ASO,ES,Federal Contract Tower,0,4,53,0,57,0,0,93,2,95,0,4,146,2,152,44,0,44,196
05/31/2020,OCF,FL,ASO,ES,Federal Contract Tower,0,3,30,0,33,0,0,79,0,79,0,3,109,0,112,42,0,42,154
06/01/2020,OCF,FL,ASO,ES,Federal Contract Tower,1,6,70,0,77,0,0,56,0,56,1,6,126,0,133,62,0,62,195
06/02/2020,OCF,FL,ASO,ES,Federal Contract Tower,0,4,91,0,95,0,0,81,2,83,0,4,172,2,178,40,0,40,218
06/03/2020,OCF,FL,ASO,ES,Federal Contract Tower,0,4,75,4,83,0,0,79,2,81,0,4,154,6,164,134,10,144,308
06/04/2020,OCF,FL,ASO,ES,Federal Contract Tower,0,3,27,0,30,0,0,7,0,7,0,3,34,0,37,6,0,6,43
06/05/2020,OCF,FL,ASO,ES,Federal Contract Tower,0,1,31,0,32,0,0,48,2,50,0,1,79,2,82,98,0,98,180
06/06/2020,OCF,FL,ASO,ES,Federal Contract Tower,0,0,14,0,14,0,0,1,0,1,0,0,15,0,15,0,0,0,15
06/07/2020,OCF,FL,ASO,ES,Federal Contract Tower,0,0,24,0,24,0,0,3,0,3,0,0,27,0,27,4,0,4,31
06/08/2020,OCF,FL,ASO,ES,Federal Contract Tower,0,4,46,0,50,0,0,39,0,39,0,4,85,0,89,52,0,52,141
06/09/2020,OCF,FL,ASO,ES,Federal Contract Tower,0,3,40,0,43,0,0,73,0,73,0,3,113,0,116,84,0,84,200
06/10/2020,OCF,FL,ASO,ES,Federal Contract Tower,0,5,49,0,54,0,2,78,0,80,0,7,127,0,134,98,0,98,232
06/11/2020,OCF,FL,ASO,ES,Federal Contract Tower,0,7,36,2,45,0,0,76,0,76,0,7,112,2,121,48,0,48,169
06/12/2020,OCF,FL,ASO,ES,Federal Contract Tower,1,4,40,0,45,0,0,118,0,118,1,4,158,0,163,70,0,70,233
06/13/2020,OCF,FL,ASO,ES,Federal Contract Tower,1,1,25,0,27,0,0,45,0,45,1,1,70,0,72,20,0,20,92
06/14/2020,OCF,FL,ASO,ES,Federal Contract Tower,0,5,50,0,55,0,0,42,0,42,0,5,92,0,97,36,0,36,133
06/15/2020,OCF,FL,ASO,ES,Federal Contract Tower,0,2,61,2,65,0,0,116,0,116,0,2,177,2,181,64,0,64,245
06/16/2020,OCF,FL,ASO,ES,Federal Contract Tower,0,4,98,4,106,0,0,83,0,83,0,4,181,4,189,58,0,58,247
06/17/2020,OCF,FL,ASO,ES,Federal Contract Tower,0,0,38,12,50,0,0,134,0,134,0,0,172,12,184,80,0,80,264
06/18/2020,OCF,FL,ASO,ES,Federal Contract Tower,0,7,47,0,54,0,0,91,0,91,0,7,138,0,145,80,0,80,225
06/19/2020,OCF,FL,ASO,ES,Federal Contract Tower,0,5,31,0,36,0,0,65,0,65,0,5,96,0,101,52,0,52,153
06/20/2020,OCF,FL,ASO,ES,Federal Contract Tower,0,0,31,0,31,0,0,53,0,53,0,0,84,0,84,20,0,20,104
06/21/2020,OCF,FL,ASO,ES,Federal Contract Tower,0,6,27,0,33,0,0,68,0,68,0,6,95,0,101,20,0,20,121
06/22/2020,OCF,FL,ASO,ES,Federal Contract Tower,0,4,26,0,30,0,2,110,0,112,0,6,136,0,142,76,0,76,218
06/23/2020,OCF,FL,ASO,ES,Federal Contract Tower,0,2,26,2,30,0,0,76,0,76,0,2,102,2,106,64,0,64,170
06/24/2020,OCF,FL,ASO,ES,Federal Contract Tower,0,5,24,0,29,0,0,92,0,92,0,5,116,0,121,38,0,38,159
06/25/2020,OCF,FL,ASO,ES,Federal Contract Tower,0,2,35,2,39,0,0,97,0,97,0,2,132,2,136,72,0,72,208
06/26/2020,OCF,FL,ASO,ES,Federal Contract Tower,0,4,27,0,31,0,0,84,0,84,0,4,111,0,115,80,0,80,195
06/27/2020,OCF,FL,ASO,ES,Federal Contract Tower,0,0,17,2,19,0,0,53,0,53,0,0,70,2,72,38,0,38,110
06/28/2020,OCF,FL,ASO,ES,Federal Contract Tower,0,0,28,0,28,0,0,50,0,50,0,0,78,0,78,8,0,8,86
06/29/2020,OCF,FL,ASO,ES,Federal Contract Tower,1,2,47,0,50,0,0,84,0,84,1,2,131,0,134,56,0,56,190
06/30/2020,OCF,FL,ASO,ES,Federal Contract Tower,0,0,51,4,55,0,0,92,0,92,0,0,143,4,147,70,0,70,217
07/01/2020,OCF,FL,ASO,ES,Federal Contract Tower,0,3,38,0,41,0,0,69,0,69,0,3,107,0,110,58,0,58,168
07/02/2020,OCF,FL,ASO,ES,Federal Contract Tower,0,8,33,0,41,0,0,61,0,61,0,8,94,0,102,68,0,68,170
07/03/2020,OCF,FL,ASO,ES,Federal Contract Tower,0,3,18,0,21,0,0,29,0,29,0,3,47,0,50,40,0,40,90
07/04/2020,OCF,FL,ASO,ES,Federal Contract Tower,0,0,11,0,11,0,0,21,0,21,0,0,32,0,32,24,0,24,56
07/05/2020,OCF,FL,ASO,ES,Federal Contract Tower,0,0,22,0,22,0,0,8,0,8,0,0,30,0,30,0,0,0,30
07/06/2020,OCF,FL,ASO,ES,Federal Contract Tower,0,5,8,0,13,0,0,57,0,57,0,5,65,0,70,70,0,70,140
07/07/2020,OCF,FL,ASO,ES,Federal Contract Tower,0,5,31,0,36,0,0,57,0,57,0,5,88,0,93,64,0,64,157
07/08/2020,OCF,FL,ASO,ES,Federal Contract Tower,0,5,41,2,48,0,0,69,0,69,0,5,110,2,117,36,6,42,159
07/09/2020,OCF,FL,ASO,ES,Federal Contract Tower,0,6,74,4,84,0,0,118,5,123,0,6,192,9,207,102,0,102,309
07/10/2020,OCF,FL,ASO,ES,Federal Contract Tower,0,1,52,0,53,0,0,50,0,50,0,1,102,0,103,78,0,78,181
07/11/2020,OCF,FL,ASO,ES,Federal Contract Tower,0,0,24,0,24,0,0,33,0,33,0,0,57,0,57,36,0,36,93
07/12/2020,OCF,FL,ASO,ES,Federal Contract Tower,0,0,29,1,30,0,0,56,1,57,0,0,85,2,87,28,8,36,123
07/13/2020,OCF,FL,ASO,ES,Federal Contract Tower,0,7,37,0,44,0,0,64,0,64,0,7,101,0,108,154,0,154,262
07/14/2020,OCF,FL,ASO,ES,Federal Contract Tower,0,0,70,0,70,0,0,55,0,55,0,0,125,0,125,88,0,88,213
07/15/2020,OCF,FL,ASO,ES,Federal Contract Tower,0,7,24,0,31,0,0,75,0,75,0,7,99,0,106,78,0,78,184
07/16/2020,OCF,FL,ASO,ES,Federal Contract Tower,0,1,49,6,56,0,0,112,2,114,0,1,161,8,170,86,0,86,256
07/17/2020,OCF,FL,ASO,ES,Federal Contract Tower,1,0,28,4,33,0,0,105,0,105,1,0,133,4,138,114,18,132,270
07/18/2020,OCF,FL,ASO,ES,Federal Contract Tower,1,3,35,0,39,0,0,34,0,34,1,3,69,0,73,22,0,22,95
07/19/2020,OCF,FL,ASO,ES,Federal Contract Tower,0,3,19,0,22,0,1,53,0,54,0,4,72,0,76,50,0,50,126
07/20/2020,OCF,FL,ASO,ES,Federal Contract Tower,0,2,44,0,46,0,2,85,3,90,0,4,129,3,136,78,0,78,214
07/21/2020,OCF,FL,ASO,ES,Federal Contract Tower,0,0,17,0,17,0,0,57,4,61,0,0,74,4,78,94,4,98,176
07/22/2020,OCF,FL,ASO,ES,Federal Contract Tower,0,0,27,0,27,0,0,53,0,53,0,0,80,0,80,74,0,74,154
07/23/2020,OCF,FL,ASO,ES,Federal Contract Tower,0,3,12,0,15,0,0,41,5,46,0,3,53,5,61,82,0,82,143
07/24/2020,OCF,FL,ASO,ES,Federal Contract Tower,0,0,23,0,23,0,0,83,0,83,0,0,106,0,106,58,0,58,164
07/25/2020,OCF,FL,ASO,ES,Federal Contract Tower,0,1,16,0,17,0,0,54,0,54,0,1,70,0,71,64,0,64,135
07/26/2020,OCF,FL,ASO,ES,Federal Contract Tower,0,0,37,0,37,0,0,46,0,46,0,0,83,0,83,46,0,46,129
07/27/2020,OCF,FL,ASO,ES,Federal Contract Tower,2,0,25,0,27,0,2,58,0,60,2,2,83,0,87,48,0,48,135
07/28/2020,OCF,FL,ASO,ES,Federal Contract Tower,0,7,19,2,28,0,0,59,0,59,0,7,78,2,87,68,2,70,157
07/29/2020,OCF,FL,ASO,ES,Federal Contract Tower,0,4,25,0,29,0,0,57,0,57,0,4,82,0,86,68,0,68,154
07/30/2020,OCF,FL,ASO,ES,Federal Contract Tower,0,2,36,4,42,0,0,96,1,97,0,2,132,5,139,88,10,98,237
07/31/2020,OCF,FL,ASO,ES,Federal Contract Tower,0,1,21,0,22,0,0,85,0,85,0,1,106,0,107,132,0,132,239
08/01/2020,OCF,FL,ASO,ES,Federal Contract Tower,0,0,20,0,20,0,0,62,0,62,0,0,82,0,82,32,0,32,114
08/02/2020,OCF,FL,ASO,ES,Federal Contract Tower,0,0,8,0,8,0,0,13,0,13,0,0,21,0,21,0,0,0,21
08/03/2020,OCF,FL,ASO,ES,Federal Contract Tower,0,0,37,0,37,0,0,53,0,53,0,0,90,0,90,64,0,64,154
08/04/2020,OCF,FL,ASO,ES,Federal Contract Tower,0,0,63,0,63,0,0,0,0,0,0,0,63,0,63,120,0,120,183
08/05/2020,OCF,FL,ASO,ES,Federal Contract Tower,0,0,42,0,42,0,0,69,0,69,0,0,111,0,111,44,0,44,155
08/06/2020,OCF,FL,ASO,ES,Federal Contract Tower,0,0,40,7,47,0,0,65,1,66,0,0,105,8,113,54,16,70,183
08/07/2020,OCF,FL,ASO,ES,Federal Contract Tower,0,4,21,0,25,0,3,74,0,77,0,7,95,0,102,50,0,50,152
08/08/2020,OCF,FL,ASO,ES,Federal Contract Tower,0,2,13,0,15,0,0,48,0,48,0,2,61,0,63,12,0,12,75
08/09/2020,OCF,FL,ASO,ES,Federal Contract Tower,0,1,14,0,15,0,0,56,0,56,0,1,70,0,71,36,0,36,107
08/10/2020,OCF,FL,ASO,ES,Federal Contract Tower,0,8,23,0,31,0,0,62,0,62,0,8,85,0,93,70,0,70,163
08/11/2020,OCF,FL,ASO,ES,Federal Contract Tower,0,1,33,10,44,0,0,45,0,45,0,1,78,10,89,80,8,88,177
08/12/2020,OCF,FL,ASO,ES,Federal Contract Tower,0,4,37,2,43,0,0,58,0,58,0,4,95,2,101,78,0,78,179
08/13/2020,OCF,FL,ASO,ES,Federal Contract Tower,0,0,36,0,36,0,0,102,0,102,0,0,138,0,138,68,0,68,206
08/14/2020,OCF,FL,ASO,ES,Federal Contract Tower,2,0,19,0,21,0,0,72,0,72,2,0,91,0,93,72,0,72,165
08/15/2020,OCF,FL,ASO,ES,Federal Contract Tower,0,4,22,0,26,0,0,35,0,35,0,4,57,0,61,34,0,34,95
08/16/2020,OCF,FL,ASO,ES,Federal Contract Tower,0,0,15,0,15,0,0,31,0,31,0,0,46,0,46,56,0,56,102
08/17/2020,OCF,FL,ASO,ES,Federal Contract Tower,0,4,27,2,33,0,0,63,0,63,0,4,90,2,96,72,0,72,168
08/18/2020,OCF,FL,ASO,ES,Federal Contract Tower,0,7,23,0,30,0,1,61,0,62,0,8,84,0,92,58,0,58,150
08/19/2020,OCF,FL,ASO,ES,Federal Contract Tower,0,7,30,6,43,0,0,63,1,64,0,7,93,7,107,110,0,110,217
08/20/2020,OCF,FL,ASO,ES,Federal Contract Tower,0,0,33,0,33,0,0,0,0,0,0,0,33,0,33,94,0,94,127
08/21/2020,OCF,FL,ASO,ES,Federal Contract Tower,0,2,18,0,20,0,0,31,1,32,0,2,49,1,52,88,0,88,140
08/22/2020,OCF,FL,ASO,ES,Federal Contract Tower,0,2,28,0,30,0,0,50,0,50,0,2,78,0,80,42,0,42,122
08/23/2020,OCF,FL,ASO,ES,Federal Contract Tower,0,1,31,0,32,0,0,27,0,27,0,1,58,0,59,52,0,52,111
08/24/2020,OCF,FL,ASO,ES,Federal Contract Tower,0,2,33,0,35,0,0,40,0,40,0,2,73,0,75,78,0,78,153
08/25/2020,OCF,FL,ASO,ES,Federal Contract Tower,0,0,30,0,30,0,0,37,0,37,0,0,67,0,67,68,0,68,135
08/26/2020,OCF,FL,ASO,ES,Federal Contract Tower,0,3,92,0,95,0,0,93,0,93,0,3,185,0,188,108,0,108,296
08/27/2020,OCF,FL,ASO,ES,Federal Contract Tower,0,2,33,4,39,0,0,62,0,62,0,2,95,4,101,102,0,102,203
08/28/2020,OCF,FL,ASO,ES,Federal Contract Tower,0,1,44,0,45,0,0,74,0,74,0,1,118,0,119,44,0,44,163
08/29/2020,OCF,FL,ASO,ES,Federal Contract Tower,0,0,15,0,15,0,2,31,0,33,0,2,46,0,48,32,0,32,80
08/30/2020,OCF,FL,ASO,ES,Federal Contract Tower,0,0,14,0,14,0,0,9,0,9,0,0,23,0,23,2,0,2,25
08/31/2020,OCF,FL,ASO,ES,Federal Contract Tower,0,0,21,0,21,0,0,9,0,9,0,0,30,0,30,0,0,0,30
09/01/2020,OCF,FL,ASO,ES,Federal Contract Tower,0,4,22,0,26,0,0,27,0,27,0,4,49,0,53,42,0,42,95
09/02/2020,OCF,FL,ASO,ES,Federal Contract Tower,0,3,34,2,39,0,0,79,0,79,0,3,113,2,118,62,0,62,180
09/03/2020,OCF,FL,ASO,ES,Federal Contract Tower,0,5,41,2,48,0,0,88,2,90,0,5,129,4,138,34,0,34,172
09/04/2020,OCF,FL,ASO,ES,Federal Contract Tower,0,2,34,0,36,0,0,108,0,108,0,2,142,0,144,84,0,84,228
09/05/2020,OCF,FL,ASO,ES,Federal Contract Tower,0,1,18,0,19,0,0,54,0,54,0,1,72,0,73,34,0,34,107
09/06/2020,OCF,FL,ASO,ES,Federal Contract Tower,0,3,27,4,34,0,0,39,0,39,0,3,66,4,73,32,0,32,105
09/07/2020,OCF,FL,ASO,ES,Federal Contract Tower,0,4,29,2,35,0,0,54,0,54,0,4,83,2,89,70,0,70,159
09/08/2020,OCF,FL,ASO,ES,Federal Contract Tower,0,0,56,2,58,0,0,73,0,73,0,0,129,2,131,90,0,90,221
09/09/2020,OCF,FL,ASO,ES,Federal Contract Tower,0,1,28,0,29,0,0,30,0,30,0,1,58,0,59,52,0,52,111
09/10/2020,OCF,FL,ASO,ES,Federal Contract Tower,0,6,40,0,46,0,0,61,0,61,0,6,101,0,107,84,0,84,191
09/11/2020,OCF,FL,ASO,ES,Federal Contract Tower,0,0,49,4,53,0,0,26,0,26,0,0,75,4,79,22,0,22,101
09/12/2020,OCF,FL,ASO,ES,Federal Contract Tower,0,1,31,0,32,0,0,35,0,35,0,1,66,0,67,56,0,56,123
09/13/2020,OCF,FL,ASO,ES,Federal Contract Tower,0,4,46,0,50,0,0,17,0,17,0,4,63,0,67,48,0,48,115
09/14/2020,OCF,FL,ASO,ES,Federal Contract Tower,0,2,23,0,25,0,0,33,0,33,0,2,56,0,58,60,0,60,118
09/15/2020,OCF,FL,ASO,ES,Federal Contract Tower,0,1,38,2,41,0,0,53,0,53,0,1,91,2,94,58,0,58,152
09/16/2020,OCF,FL,ASO,ES,Federal Contract Tower,0,4,31,0,35,0,0,73,2,75,0,4,104,2,110,90,0,90,200
09/17/2020,OCF,FL,ASO,ES,Federal Contract Tower,0,4,32,4,40,0,0,9,0,9,0,4,41,4,49,4,0,4,53
09/18/2020,OCF,FL,ASO,ES,Federal Contract Tower,0,1,97,2,100,0,0,104,0,104,0,1,201,2,204,78,0,78,282
09/19/2020,OCF,FL,ASO,ES,Federal Contract Tower,0,2,50,0,52,0,1,24,0,25,0,3,74,0,77,26,0,26,103
09/20/2020,OCF,FL,ASO,ES,Federal Contract Tower,0,3,22,0,25,0,2,0,0,2,0,5,22,0,27,0,0,0,27
09/21/2020,OCF,FL,ASO,ES,Federal Contract Tower,0,4,30,0,34,0,0,32,0,32,0,4,62,0,66,32,0,32,98
09/22/2020,OCF,FL,ASO,ES,Federal Contract Tower,0,3,65,0,68,0,0,61,0,61,0,3,126,0,129,80,0,80,209
09/23/2020,OCF,FL,ASO,ES,Federal Contract Tower,0,4,32,11,47,0,0,99,3,102,0,4,131,14,149,112,0,112,261
09/24/2020,OCF,FL,ASO,ES,Federal Contract Tower,0,4,54,2,60,0,0,132,2,134,0,4,186,4,194,152,0,152,346
09/25/2020,OCF,FL,ASO,ES,Federal Contract Tower,0,3,48,0,51,0,0,85,0,85,0,3,133,0,136,69,0,69,205
09/26/2020,OCF,FL,ASO,ES,Federal Contract Tower,0,4,34,0,38,0,0,74,0,74,0,4,108,0,112,88,0,88,200
09/27/2020,OCF,FL,ASO,ES,Federal Contract Tower,0,5,33,0,38,0,0,30,0,30,0,5,63,0,68,50,0,50,118
09/28/2020,OCF,FL,ASO,ES,Federal Contract Tower,0,3,20,0,23,0,0,47,0,47,0,3,67,0,70,38,0,38,108
09/29/2020,OCF,FL,ASO,ES,Federal Contract Tower,0,5,29,0,34,0,0,42,0,42,0,5,71,0,76,38,0,38,114
09/30/2020,OCF,FL,ASO,ES,Federal Contract Tower,0,5,62,4,71,0,0,132,2,134,0,5,194,6,205,84,4,88,293
10/01/2020,OCF,FL,ASO,ES,Federal Contract Tower,0,3,42,2,47,0,0,125,0,125,0,3,167,2,172,62,0,62,234
10/02/2020,OCF,FL,ASO,ES,Federal Contract Tower,0,0,42,7,49,0,0,95,1,96,0,0,137,8,145,54,0,54,199
10/03/2020,OCF,FL,ASO,ES,Federal Contract Tower,0,1,64,0,65,0,0,61,0,61,0,1,125,0,126,36,0,36,162
10/04/2020,OCF,FL,ASO,ES,Federal Contract Tower,0,3,35,0,38,0,0,0,0,0,0,3,35,0,38,0,0,0,38
10/05/2020,OCF,FL,ASO,ES,Federal Contract Tower,0,3,40,0,43,0,0,11,0,11,0,3,51,0,54,0,0,0,54
10/06/2020,OCF,FL,ASO,ES,Federal Contract Tower,0,3,30,0,33,0,0,35,0,35,0,3,65,0,68,40,0,40,108
10/07/2020,OCF,FL,ASO,ES,Federal Contract Tower,0,4,46,10,60,0,0,29,0,29,0,4,75,10,89,44,0,44,133
10/08/2020,OCF,FL,ASO,ES,Federal Contract Tower,0,0,39,0,39,0,0,45,0,45,0,0,84,0,84,40,0,40,124
10/09/2020,OCF,FL,ASO,ES,Federal Contract Tower,0,0,33,0,33,0,0,63,0,63,0,0,96,0,96,36,0,36,132
10/10/2020,OCF,FL,ASO,ES,Federal Contract Tower,0,2,29,2,33,0,0,39,0,39,0,2,68,2,72,12,0,12,84
10/11/2020,OCF,FL,ASO,ES,Federal Contract Tower,0,0,19,0,19,0,0,16,0,16,0,0,35,0,35,32,0,32,67
10/12/2020,OCF,FL,ASO,ES,Federal Contract Tower,0,4,34,0,38,0,0,80,0,80,0,4,114,0,118,62,0,62,180
10/13/2020,OCF,FL,ASO,ES,Federal Contract Tower,0,2,56,2,60,0,0,97,0,97,0,2,153,2,157,68,12,80,237
10/14/2020,OCF,FL,ASO,ES,Federal Contract Tower,0,3,39,2,44,0,0,89,2,91,0,3,128,4,135,62,0,62,197
10/15/2020,OCF,FL,ASO,ES,Federal Contract Tower,0,5,34,4,43,0,0,106,0,106,0,5,140,4,149,88,0,88,237
10/16/2020,OCF,FL,ASO,ES,Federal Contract Tower,0,0,13,2,15,0,0,28,2,30,0,0,41,4,45,2,0,2,47
10/17/2020,OCF,FL,ASO,ES,Federal Contract Tower,0,4,41,7,52,0,4,75,0,79,0,8,116,7,131,72,0,72,203
10/18/2020,OCF,FL,ASO,ES,Federal Contract Tower,0,5,32,0,37,0,0,41,0,41,0,5,73,0,78,28,0,28,106
10/19/2020,OCF,FL,ASO,ES,Federal Contract Tower,0,4,31,7,42,0,0,40,3,43,0,4,71,10,85,36,18,54,139
10/20/2020,OCF,FL,ASO,ES,Federal Contract Tower,0,5,46,0,51,0,0,43,0,43,0,5,89,0,94,50,0,50,144
10/21/2020,OCF,FL,ASO,ES,Federal Contract Tower,0,6,59,7,72,0,0,25,0,25,0,6,84,7,97,20,2,22,119
10/22/2020,OCF,FL,ASO,ES,Federal Contract Tower,0,7,36,2,45,0,0,56,11,67,0,7,92,13,112,42,0,42,154
10/23/2020,OCF,FL,ASO,ES,Federal Contract Tower,0,2,20,3,25,0,0,35,8,43,0,2,55,11,68,36,0,36,104
10/24/2020,OCF,FL,ASO,ES,Federal Contract Tower,0,3,39,5,47,0,0,64,0,64,0,3,103,5,111,24,0,24,135
10/25/2020,OCF,FL,ASO,ES,Federal Contract Tower,0,1,30,1,32,0,0,47,0,47,0,1,77,1,79,40,0,40,119
10/26/2020,OCF,FL,ASO,ES,Federal Contract Tower,0,2,32,2,36,0,0,45,0,45,0,2,77,2,81,46,0,46,127
10/27/2020,OCF,FL,ASO,ES,Federal Contract Tower,0,1,24,0,25,0,4,64,0,68,0,5,88,0,93,46,0,46,139
10/28/2020,OCF,FL,ASO,ES,Federal Contract Tower,0,4,45,2,51,0,0,65,0,65,0,4,110,2,116,58,2,60,176
10/29/2020,OCF,FL,ASO,ES,Federal Contract Tower,0,2,38,2,42,0,0,18,0,18,0,2,56,2,60,4,0,4,64
10/30/2020,OCF,FL,ASO,ES,Federal Contract Tower,2,2,39,5,48,0,0,117,0,117,2,2,156,5,165,122,0,122,287
10/31/2020,OCF,FL,ASO,ES,Federal Contract Tower,0,3,34,0,37,0,0,56,0,56,0,3,90,0,93,94,0,94,187
11/01/2020,OCF,FL,ASO,ES,Federal Contract Tower,0,3,33,0,36,0,0,29,0,29,0,3,62,0,65,4,0,4,69
11/02/2020,OCF,FL,ASO,ES,Federal Contract Tower,0,1,34,0,35,0,0,56,0,56,0,1,90,0,91,44,0,44,135
11/03/2020,OCF,FL,ASO,ES,Federal Contract Tower,0,2,49,1,52,0,0,100,1,101,0,2,149,2,153,110,0,110,263
11/04/2020,OCF,FL,ASO,ES,Federal Contract Tower,0,6,63,0,69,0,0,55,2,57,0,6,118,2,126,16,0,16,142
11/05/2020,OCF,FL,ASO,ES,Federal Contract Tower,0,4,28,0,32,0,0,81,0,81,0,4,109,0,113,28,0,28,141
11/06/2020,OCF,FL,ASO,ES,Federal Contract Tower,0,6,53,0,59,0,0,41,0,41,0,6,94,0,100,2,0,2,102
11/07/2020,OCF,FL,ASO,ES,Federal Contract Tower,0,4,31,0,35,0,0,28,0,28,0,4,59,0,63,0,0,0,63
11/08/2020,OCF,FL,ASO,ES,Federal Contract Tower,0,0,17,0,17,0,0,14,0,14,0,0,31,0,31,18,0,18,49
11/09/2020,OCF,FL,ASO,ES,Federal Contract Tower,0,0,12,0,12,0,0,0,0,0,0,0,12,0,12,0,0,0,12
11/10/2020,OCF,FL,ASO,ES,Federal Contract Tower,0,1,16,2,19,0,0,10,0,10,0,1,26,2,29,4,0,4,33
11/11/2020,OCF,FL,ASO,ES,Federal Contract Tower,2,1,16,0,19,0,0,4,0,4,2,1,20,0,23,2,0,2,25
11/12/2020,OCF,FL,ASO,ES,Federal Contract Tower,0,4,14,0,18,0,0,8,2,10,0,4,22,2,28,0,0,0,28
11/13/2020,OCF,FL,ASO,ES,Federal Contract Tower,2,5,71,3,81,0,0,21,4,25,2,5,92,7,106,14,0,14,120
11/14/2020,OCF,FL,ASO,ES,Federal Contract Tower,0,1,36,1,38,0,0,49,2,51,0,1,85,3,89,26,0,26,115
11/15/2020,OCF,FL,ASO,ES,Federal Contract Tower,0,6,39,0,45,0,2,54,0,56,0,8,93,0,101,24,0,24,125
11/16/2020,OCF,FL,ASO,ES,Federal Contract Tower,0,5,61,0,66,0,2,53,6,61,0,7,114,6,127,18,0,18,145
11/17/2020,OCF,FL,ASO,ES,Federal Contract Tower,0,2,67,0,69,0,0,114,2,116,0,2,181,2,185,84,0,84,269
11/18/2020,OCF,FL,ASO,ES,Federal Contract Tower,0,5,46,12,63,0,0,90,0,90,0,5,136,12,153,20,0,20,173
11/19/2020,OCF,FL,ASO,ES,Federal Contract Tower,0,5,56,0,61,0,0,90,0,90,0,5,146,0,151,54,0,54,205
11/20/2020,OCF,FL,ASO,ES,Federal Contract Tower,0,9,89,0,98,0,0,42,1,43,0,9,131,1,141,62,0,62,203
11/21/2020,OCF,FL,ASO,ES,Federal Contract Tower,0,4,77,0,81,0,0,30,0,30,0,4,107,0,111,20,0,20,131
11/22/2020,OCF,FL,ASO,ES,Federal Contract Tower,0,8,49,0,57,0,0,2,0,2,0,8,51,0,59,0,0,0,59
11/23/2020,OCF,FL,ASO,ES,Federal Contract Tower,0,3,87,5,95,0,0,94,1,95,0,3,181,6,190,72,2,74,264
11/24/2020,OCF,FL,ASO,ES,Federal Contract Tower,0,0,36,5,41,0,0,109,1,110,0,0,145,6,151,40,0,40,191
11/25/2020,OCF,FL,ASO,ES,Federal Contract Tower,0,1,29,1,31,0,0,111,1,112,0,1,140,2,143,52,2,54,197
11/26/2020,OCF,FL,ASO,ES,Federal Contract Tower,0,0,16,0,16,0,0,35,0,35,0,0,51,0,51,8,0,8,59
11/27/2020,OCF,FL,ASO,ES,Federal Contract Tower,2,2,28,0,32,0,0,85,0,85,2,2,113,0,117,90,0,90,207
11/28/2020,OCF,FL,ASO,ES,Federal Contract Tower,0,2,24,0,26,0,0,62,0,62,0,2,86,0,88,42,0,42,130
11/29/2020,OCF,FL,ASO,ES,Federal Contract Tower,2,7,34,0,43,0,0,34,0,34,2,7,68,0,77,40,0,40,117
11/30/2020,OCF,FL,ASO,ES,Federal Contract Tower,0,0,22,3,25,0,0,35,1,36,0,0,57,4,61,20,20,40,101
12/01/2020,OCF,FL,ASO,ES,Federal Contract Tower,0,1,50,6,57,0,0,70,0,70,0,1,120,6,127,64,0,64,191
12/02/2020,OCF,FL,ASO,ES,Federal Contract Tower,0,2,39,0,41,0,0,85,0,85,0,2,124,0,126,44,0,44,170
12/03/2020,OCF,FL,ASO,ES,Federal Contract Tower,0,6,27,0,33,0,0,101,0,101,0,6,128,0,134,84,0,84,218
12/04/2020,OCF,FL,ASO,ES,Federal Contract Tower,0,2,29,0,31,0,0,53,0,53,0,2,82,0,84,66,0,66,150
12/05/2020,OCF,FL,ASO,ES,Federal Contract Tower,0,4,33,0,37,0,0,67,0,67,0,4,100,0,104,70,0,70,174
12/06/2020,OCF,FL,ASO,ES,Federal Contract Tower,0,3,36,0,39,0,0,56,0,56,0,3,92,0,95,46,0,46,141
12/07/2020,OCF,FL,ASO,ES,Federal Contract Tower,0,4,47,0,51,0,2,31,0,33,0,6,78,0,84,18,0,18,102
12/08/2020,OCF,FL,ASO,ES,Federal Contract Tower,2,2,54,2,60,0,0,87,0,87,2,2,141,2,147,64,4,68,215
12/09/2020,OCF,FL,ASO,ES,Federal Contract Tower,0,9,42,2,53,0,0,118,0,118,0,9,160,2,171,82,0,82,253
12/10/2020,OCF,FL,ASO,ES,Federal Contract Tower,0,6,19,0,25,0,0,86,0,86,0,6,105,0,111,82,0,82,193
12/11/2020,OCF,FL,ASO,ES,Federal Contract Tower,2,2,32,1,37,0,0,97,1,98,2,2,129,2,135,50,0,50,185
12/12/2020,OCF,FL,ASO,ES,Federal Contract Tower,0,3,23,0,26,0,0,23,0,23,0,3,46,0,49,44,0,44,93
12/13/2020,OCF,FL,ASO,ES,Federal Contract Tower,0,6,20,0,26,0,0,37,0,37,0,6,57,0,63,28,0,28,91
12/14/2020,OCF,FL,ASO,ES,Federal Contract Tower,0,3,29,0,32,0,0,32,0,32,0,3,61,0,64,62,0,62,126
12/15/2020,OCF,FL,ASO,ES,Federal Contract Tower,0,9,61,0,70,0,0,101,0,101,0,9,162,0,171,110,0,110,281
12/16/2020,OCF,FL,ASO,ES,Federal Contract Tower,0,6,17,0,23,0,0,7,0,7,0,6,24,0,30,16,0,16,46
12/17/2020,OCF,FL,ASO,ES,Federal Contract Tower,0,6,45,0,51,0,0,58,2,60,0,6,103,2,111,36,0,36,147
12/18/2020,OCF,FL,ASO,ES,Federal Contract Tower,0,12,41,0,53,0,0,99,2,101,0,12,140,2,154,88,0,88,242
12/19/2020,OCF,FL,ASO,ES,Federal Contract Tower,0,5,27,0,32,0,2,89,0,91,0,7,116,0,123,54,0,54,177
12/20/2020,OCF,FL,ASO,ES,Federal Contract Tower,0,11,26,0,37,0,0,15,0,15,0,11,41,0,52,22,0,22,74
12/21/2020,OCF,FL,ASO,ES,Federal Contract Tower,2,5,37,4,48,0,0,48,0,48,2,5,85,4,96,48,0,48,144
12/22/2020,OCF,FL,ASO,ES,Federal Contract Tower,0,13,6,1,20,0,0,92,1,93,0,13,98,2,113,108,0,108,221
12/23/2020,OCF,FL,ASO,ES,Federal Contract Tower,0,7,17,0,24,0,0,103,0,103,0,7,120,0,127,34,0,34,161
12/24/2020,OCF,FL,ASO,ES,Federal Contract Tower,0,0,6,0,6,0,0,20,0,20,0,0,26,0,26,34,0,34,60
12/25/2020,OCF,FL,ASO,ES,Federal Contract Tower,0,0,3,0,3,0,0,17,0,17,0,0,20,0,20,10,0,10,30
12/26/2020,OCF,FL,ASO,ES,Federal Contract Tower,0,2,22,0,24,0,0,83,0,83,0,2,105,0,107,22,0,22,129
12/27/2020,OCF,FL,ASO,ES,Federal Contract Tower,0,1,25,2,28,0,2,66,0,68,0,3,91,2,96,12,0,12,108
12/28/2020,OCF,FL,ASO,ES,Federal Contract Tower,2,3,10,0,15,0,0,72,0,72,2,3,82,0,87,50,0,50,137
12/29/2020,OCF,FL,ASO,ES,Federal Contract Tower,0,5,16,0,21,0,0,94,0,94,0,5,110,0,115,36,0,36,151
12/30/2020,OCF,FL,ASO,ES,Federal Contract Tower,0,6,23,0,29,0,0,67,0,67,0,6,90,0,96,70,0,70,166
12/31/2020,OCF,FL,ASO,ES,Federal Contract Tower,0,3,11,0,14,0,0,44,0,44,0,3,55,0,58,12,0,12,70
01/01/2021,OCF,FL,ASO,ES,Federal Contract Tower,0,2,18,0,20,0,0,27,0,27,0,2,45,0,47,12,0,12,59
01/02/2021,OCF,FL,ASO,ES,Federal Contract Tower,0,1,19,0,20,0,0,14,0,14,0,1,33,0,34,58,0,58,92
01/03/2021,OCF,FL,ASO,ES,Federal Contract Tower,0,0,37,0,37,0,0,30,0,30,0,0,67,0,67,14,0,14,81
01/04/2021,OCF,FL,ASO,ES,Federal Contract Tower,0,3,19,0,22,0,0,93,2,95,0,3,112,2,117,84,2,86,203
01/05/2021,OCF,FL,ASO,ES,Federal Contract Tower,0,14,41,2,57,0,0,77,0,77,0,14,118,2,134,18,2,20,154
01/06/2021,OCF,FL,ASO,ES,Federal Contract Tower,0,4,41,0,45,0,0,78,0,78,0,4,119,0,123,90,0,90,213
01/07/2021,OCF,FL,ASO,ES,Federal Contract Tower,0,12,30,6,48,0,0,56,0,56,0,12,86,6,104,66,8,74,178
01/08/2021,OCF,FL,ASO,ES,Federal Contract Tower,0,2,22,2,26,0,0,41,0,41,0,2,63,2,67,54,0,54,121
01/09/2021,OCF,FL,ASO,ES,Federal Contract Tower,0,5,40,0,45,0,0,48,0,48,0,5,88,0,93,56,0,56,149
01/10/2021,OCF,FL,ASO,ES,Federal Contract Tower,0,10,41,8,59,0,0,62,0,62,0,10,103,8,121,26,0,26,147
01/11/2021,OCF,FL,ASO,ES,Federal Contract Tower,0,4,23,0,27,0,0,70,0,70,0,4,93,0,97,56,0,56,153
01/12/2021,OCF,FL,ASO,ES,Federal Contract Tower,0,4,47,2,53,0,0,7,0,7,0,4,54,2,60,32,0,32,92
01/13/2021,OCF,FL,ASO,ES,Federal Contract Tower,2,0,34,0,36,0,0,34,0,34,2,0,68,0,70,14,0,14,84
01/14/2021,OCF,FL,ASO,ES,Federal Contract Tower,0,12,57,0,69,0,0,94,2,96,0,12,151,2,165,52,0,52,217
01/15/2021,OCF,FL,ASO,ES,Federal Contract Tower,0,7,29,0,36,0,1,72,0,73,0,8,101,0,109,48,0,48,157
01/16/2021,OCF,FL,ASO,ES,Federal Contract Tower,0,8,42,0,50,0,2,75,0,77,0,10,117,0,127,26,0,26,153
01/17/2021,OCF,FL,ASO,ES,Federal Contract Tower,0,13,27,0,40,0,1,63,2,66,0,14,90,2,106,46,8,54,160
01/18/2021,OCF,FL,ASO,ES,Federal Contract Tower,0,11,44,0,55,0,0,96,0,96,0,11,140,0,151,54,0,54,205
01/19/2021,OCF,FL,ASO,ES,Federal Contract Tower,0,9,45,2,56,0,0,111,4,115,0,9,156,6,171,70,14,84,255
01/20/2021,OCF,FL,ASO,ES,Federal Contract Tower,0,4,50,6,60,0,0,123,2,125,0,4,173,8,185,102,0,102,287
01/21/2021,OCF,FL,ASO,ES,Federal Contract Tower,0,14,39,0,53,0,0,68,0,68,0,14,107,0,121,28,0,28,149
01/22/2021,OCF,FL,ASO,ES,Federal Contract Tower,0,10,34,2,46,0,0,40,0,40,0,10,74,2,86,16,0,16,102
01/23/2021,OCF,FL,ASO,ES,Federal Contract Tower,0,7,34,0,41,0,0,0,0,0,0,7,34,0,41,0,0,0,41
01/24/2021,OCF,FL,ASO,ES,Federal Contract Tower,0,21,52,12,85,0,0,15,0,15,0,21,67,12,100,24,0,24,124
01/25/2021,OCF,FL,ASO,ES,Federal Contract Tower,2,4,35,0,41,0,0,39,0,39,2,4,74,0,80,68,0,68,148
01/26/2021,OCF,FL,ASO,ES,Federal Contract Tower,0,4,26,4,34,0,0,80,2,82,0,4,106,6,116,84,12,96,212
01/27/2021,OCF,FL,ASO,ES,Federal Contract Tower,0,0,24,0,24,0,0,13,0,13,0,0,37,0,37,8,0,8,45
01/28/2021,OCF,FL,ASO,ES,Federal Contract Tower,0,3,58,2,63,0,0,66,0,66,0,3,124,2,129,26,0,26,155
01/29/2021,OCF,FL,ASO,ES,Federal Contract Tower,0,7,65,0,72,0,0,107,0,107,0,7,172,0,179,74,0,74,253
01/30/2021,OCF,FL,ASO,ES,Federal Contract Tower,0,10,42,0,52,0,0,87,0,87,0,10,129,0,139,32,0,32,171
01/31/2021,OCF,FL,ASO,ES,Federal Contract Tower,0,17,25,0,42,0,0,25,0,25,0,17,50,0,67,8,0,8,75
02/01/2021,OCF,FL,ASO,ES,Federal Contract Tower,0,8,17,0,25,0,2,26,0,28,0,10,43,0,53,32,0,32,85
02/02/2021,OCF,FL,ASO,ES,Federal Contract Tower,0,5,25,0,30,0,0,36,0,36,0,5,61,0,66,22,0,22,88
02/03/2021,OCF,FL,ASO,ES,Federal Contract Tower,0,7,69,0,76,0,0,105,0,105,0,7,174,0,181,116,0,116,297
02/04/2021,OCF,FL,ASO,ES,Federal Contract Tower,0,5,31,0,36,0,0,99,2,101,0,5,130,2,137,120,0,120,257
02/05/2021,OCF,FL,ASO,ES,Federal Contract Tower,0,15,46,0,61,0,0,74,0,74,0,15,120,0,135,56,0,56,191
02/06/2021,OCF,FL,ASO,ES,Federal Contract Tower,0,4,43,0,47,0,0,6,0,6,0,4,49,0,53,4,0,4,57
02/07/2021,OCF,FL,ASO,ES,Federal Contract Tower,0,4,39,0,43,0,0,14,0,14,0,4,53,0,57,10,0,10,67
02/08/2021,OCF,FL,ASO,ES,Federal Contract Tower,0,10,58,0,68,0,0,43,0,43,0,10,101,0,111,86,0,86,197
02/09/2021,OCF,FL,ASO,ES,Federal Contract Tower,0,9,28,1,38,0,0,20,1,21,0,9,48,2,59,40,22,62,121
02/10/2021,OCF,FL,ASO,ES,Federal Contract Tower,0,9,44,0,53,0,0,101,0,101,0,9,145,0,154,76,0,76,230
02/11/2021,OCF,FL,ASO,ES,Federal Contract Tower,0,14,32,4,50,0,0,50,0,50,0,14,82,4,100,60,6,66,166
02/12/2021,OCF,FL,ASO,ES,Federal Contract Tower,0,9,49,8,66,0,0,47,0,47,0,9,96,8,113,44,0,44,157
02/13/2021,OCF,FL,ASO,ES,Federal Contract Tower,0,5,18,0,23,0,0,0,0,0,0,5,18,0,23,20,0,20,43
02/14/2021,OCF,FL,ASO,ES,Federal Contract Tower,0,18,25,4,47,0,0,4,0,4,0,18,29,4,51,0,0,0,51
02/15/2021,OCF,FL,ASO,ES,Federal Contract Tower,0,12,21,0,33,0,0,9,0,9,0,12,30,0,42,4,0,4,46
02/16/2021,OCF,FL,ASO,ES,Federal Contract Tower,0,2,41,1,44,0,0,66,1,67,0,2,107,2,111,82,0,82,193
02/17/2021,OCF,FL,ASO,ES,Federal Contract Tower,0,6,69,0,75,0,0,50,2,52,0,6,119,2,127,80,0,80,207
02/18/2021,OCF,FL,ASO,ES,Federal Contract Tower,0,15,60,2,77,0,0,42,0,42,0,15,102,2,119,28,0,28,147
02/19/2021,OCF,FL,ASO,ES,Federal Contract Tower,0,3,37,0,40,0,0,0,0,0,0,3,37,0,40,0,0,0,40
02/20/2021,OCF,FL,ASO,ES,Federal Contract Tower,0,11,58,0,69,0,0,84,0,84,0,11,142,0,153,38,0,38,191
02/21/2021,OCF,FL,ASO,ES,Federal Contract Tower,0,12,42,0,54,0,1,40,0,41,0,13,82,0,95,38,0,38,133
02/22/2021,OCF,FL,ASO,ES,Federal Contract Tower,0,8,26,0,34,0,1,78,0,79,0,9,104,0,113,52,0,52,165
02/23/2021,OCF,FL,ASO,ES,Federal Contract Tower,2,13,38,0,53,0,0,79,0,79,2,13,117,0,132,54,0,54,186
02/24/2021,OCF,FL,ASO,ES,Federal Contract Tower,0,3,35,2,40,0,0,105,0,105,0,3,140,2,145,88,0,88,233
02/25/2021,OCF,FL,ASO,ES,Federal Contract Tower,0,12,50,2,64,0,0,100,0,100,0,12,150,2,164,74,0,74,238
02/26/2021,OCF,FL,ASO,ES,Federal Contract Tower,0,12,61,0,73,0,0,111,0,111,0,12,172,0,184,94,0,94,278
02/27/2021,OCF,FL,ASO,ES,Federal Contract Tower,0,4,26,0,30,0,0,99,0,99,0,4,125,0,129,92,0,92,221
02/28/2021,OCF,FL,ASO,ES,Federal Contract Tower,0,13,42,0,55,0,2,44,0,46,0,15,86,0,101,4,0,4,105
03/01/2021,OCF,FL,ASO,ES,Federal Contract Tower,0,2,69,0,71,0,0,53,0,53,0,2,122,0,124,74,0,74,198
03/02/2021,OCF,FL,ASO,ES,Federal Contract Tower,0,2,78,2,82,0,1,34,0,35,0,3,112,2,117,82,0,82,199
03/03/2021,OCF,FL,ASO,ES,Federal Contract Tower,0,3,52,0,55,0,0,33,0,33,0,3,85,0,88,54,0,54,142
03/04/2021,OCF,FL,ASO,ES,Federal Contract Tower,0,13,82,2,97,0,0,89,0,89,0,13,171,2,186,76,0,76,262
03/05/2021,OCF,FL,ASO,ES,Federal Contract Tower,0,4,67,0,71,0,0,136,2,138,0,4,203,2,209,74,0,74,283
03/06/2021,OCF,FL,ASO,ES,Federal Contract Tower,0,8,23,0,31,0,0,13,0,13,0,8,36,0,44,42,0,42,86
03/07/2021,OCF,FL,ASO,ES,Federal Contract Tower,0,7,39,0,46,0,0,57,0,57,0,7,96,0,103,36,0,36,139
03/08/2021,OCF,FL,ASO,ES,Federal Contract Tower,0,2,48,0,50,0,0,86,0,86,0,2,134,0,136,32,0,32,168
03/09/2021,OCF,FL,ASO,ES,Federal Contract Tower,0,2,61,1,64,0,0,91,0,91,0,2,152,1,155,90,18,108,263
03/10/2021,OCF,FL,ASO,ES,Federal Contract Tower,0,5,48,0,53,0,0,104,0,104,0,5,152,0,157,86,0,86,243
03/11/2021,OCF,FL,ASO,ES,Federal Contract Tower,0,7,37,0,44,0,0,83,0,83,0,7,120,0,127,36,0,36,163
03/12/2021,OCF,FL,ASO,ES,Federal Contract Tower,0,8,64,1,73,0,0,108,3,111,0,8,172,4,184,116,12,128,312
03/13/2021,OCF,FL,ASO,ES,Federal Contract Tower,0,4,32,0,36,0,0,99,0,99,0,4,131,0,135,76,0,76,211
03/14/2021,OCF,FL,ASO,ES,Federal Contract Tower,0,16,35,0,51,0,0,58,0,58,0,16,93,0,109,84,0,84,193
03/15/2021,OCF,FL,ASO,ES,Federal Contract Tower,0,11,34,0,45,0,0,101,0,101,0,11,135,0,146,68,0,68,214
03/16/2021,OCF,FL,ASO,ES,Federal Contract Tower,1,9,40,1,51,0,0,105,2,107,1,9,145,3,158,40,0,40,198
03/17/2021,OCF,FL,ASO,ES,Federal Contract Tower,0,2,39,0,41,0,0,82,0,82,0,2,121,0,123,122,0,122,245
03/18/2021,OCF,FL,ASO,ES,Federal Contract Tower,1,8,24,4,37,0,0,12,0,12,1,8,36,4,49,0,0,0,49
03/19/2021,OCF,FL,ASO,ES,Federal Contract Tower,0,4,60,0,64,0,0,104,0,104,0,4,164,0,168,66,0,66,234
03/20/2021,OCF,FL,ASO,ES,Federal Contract Tower,0,4,37,0,41,0,0,14,0,14,0,4,51,0,55,6,0,6,61
03/21/2021,OCF,FL,ASO,ES,Federal Contract Tower,0,15,48,0,63,0,0,0,0,0,0,15,48,0,63,0,0,0,63
03/22/2021,OCF,FL,ASO,ES,Federal Contract Tower,0,9,55,0,64,0,0,14,0,14,0,9,69,0,78,10,0,10,88
03/23/2021,OCF,FL,ASO,ES,Federal Contract Tower,0,1,53,3,57,0,0,84,0,84,0,1,137,3,141,72,6,78,219
03/24/2021,OCF,FL,ASO,ES,Federal Contract Tower,0,8,42,0,50,0,0,97,0,97,0,8,139,0,147,104,0,104,251
03/25/2021,OCF,FL,ASO,ES,Federal Contract Tower,0,13,49,6,68,0,0,88,0,88,0,13,137,6,156,82,6,88,244
03/26/2021,OCF,FL,ASO,ES,Federal Contract Tower,0,8,61,4,73,0,2,72,0,74,0,10,133,4,147,80,0,80,227
03/27/2021,OCF,FL,ASO,ES,Federal Contract Tower,3,18,51,0,72,0,0,67,0,67,3,18,118,0,139,38,0,38,177
03/28/2021,OCF,FL,ASO,ES,Federal Contract Tower,1,15,44,0,60,0,0,35,0,35,1,15,79,0,95,20,0,20,115
03/29/2021,OCF,FL,ASO,ES,Federal Contract Tower,0,7,75,0,82,0,0,74,0,74,0,7,149,0,156,42,0,42,198
03/30/2021,OCF,FL,ASO,ES,Federal Contract Tower,0,9,39,0,48,0,0,72,0,72,0,9,111,0,120,50,0,50,170
03/31/2021,OCF,FL,ASO,ES,Federal Contract Tower,0,6,48,1,55,0,0,76,1,77,0,6,124,2,132,68,0,68,200
04/01/2021,OCF,FL,ASO,ES,Federal Contract Tower,0,9,55,1,65,0,0,20,3,23,0,9,75,4,88,12,18,30,118
04/02/2021,OCF,FL,ASO,ES,Federal Contract Tower,0,9,29,0,38,0,0,100,0,100,0,9,129,0,138,28,0,28,166
04/03/2021,OCF,FL,ASO,ES,Federal Contract Tower,0,7,43,0,50,0,4,46,4,54,0,11,89,4,104,2,0,2,106
04/04/2021,OCF,FL,ASO,ES,Federal Contract Tower,0,5,43,0,48,0,0,65,4,69,0,5,108,4,117,8,0,8,125
04/05/2021,OCF,FL,ASO,ES,Federal Contract Tower,0,7,31,0,38,0,0,120,0,120,0,7,151,0,158,100,0,100,258
04/06/2021,OCF,FL,ASO,ES,Federal Contract Tower,0,2,81,4,87,0,0,81,0,81,0,2,162,4,168,56,0,56,224
04/07/2021,OCF,FL,ASO,ES,Federal Contract Tower,0,5,51,0,56,0,0,119,2,121,0,5,170,2,177,134,0,134,311
04/08/2021,OCF,FL,ASO,ES,Federal Contract Tower,0,3,43,0,46,0,0,90,0,90,0,3,133,0,136,70,0,70,206
04/09/2021,OCF,FL,ASO,ES,Federal Contract Tower,0,3,28,0,31,0,0,90,0,90,0,3,118,0,121,68,0,68,189
04/10/2021,OCF,FL,ASO,ES,Federal Contract Tower,0,8,30,0,38,0,0,34,0,34,0,8,64,0,72,24,0,24,96
04/11/2021,OCF,FL,ASO,ES,Federal Contract Tower,0,4,11,0,15,0,0,3,0,3,0,4,14,0,18,8,0,8,26
04/12/2021,OCF,FL,ASO,ES,Federal Contract Tower,0,5,35,4,44,0,0,71,3,74,0,5,106,7,118,48,0,48,166
04/13/2021,OCF,FL,ASO,ES,Federal Contract Tower,0,8,39,1,48,0,0,78,1,79,0,8,117,2,127,66,14,80,207
04/14/2021,OCF,FL,ASO,ES,Federal Contract Tower,0,8,43,0,51,0,0,95,0,95,0,8,138,0,146,46,0,46,192
04/15/2021,OCF,FL,ASO,ES,Federal Contract Tower,0,14,20,0,34,0,0,60,0,60,0,14,80,0,94,24,0,24,118
04/16/2021,OCF,FL,ASO,ES,Federal Contract Tower,2,5,34,0,41,0,0,48,0,48,2,5,82,0,89,74,0,74,163
04/17/2021,OCF,FL,ASO,ES,Federal Contract Tower,0,3,28,2,33,0,0,14,0,14,0,3,42,2,47,10,0,10,57
04/18/2021,OCF,FL,ASO,ES,Federal Contract Tower,0,7,22,4,33,0,0,32,0,32,0,7,54,4,65,0,0,0,65
04/19/2021,OCF,FL,ASO,ES,Federal Contract Tower,0,10,35,2,47,0,0,30,2,32,0,10,65,4,79,44,8,52,131
04/20/2021,OCF,FL,ASO,ES,Federal Contract Tower,0,11,38,0,49,0,0,37,0,37,0,11,75,0,86,30,0,30,116
04/21/2021,OCF,FL,ASO,ES,Federal Contract Tower,0,8,49,0,57,0,0,103,2,105,0,8,152,2,162,76,0,76,238
04/22/2021,OCF,FL,ASO,ES,Federal Contract Tower,2,8,37,0,47,0,0,106,2,108,2,8,143,2,155,98,0,98,253
04/23/2021,OCF,FL,ASO,ES,Federal Contract Tower,1,6,43,1,51,0,0,79,1,80,1,6,122,2,131,52,6,58,189
04/24/2021,OCF,FL,ASO,ES,Federal Contract Tower,1,0,26,0,27,0,0,29,0,29,1,0,55,0,56,8,0,8,64
04/25/2021,OCF,FL,ASO,ES,Federal Contract Tower,0,6,45,0,51,0,0,32,0,32,0,6,77,0,83,8,0,8,91
04/26/2021,OCF,FL,ASO,ES,Federal Contract Tower,0,3,63,2,68,0,0,110,1,111,0,3,173,3,179,66,12,78,257
04/27/2021,OCF,FL,ASO,ES,Federal Contract Tower,0,7,29,2,38,0,0,98,0,98,0,7,127,2,136,30,0,30,166
04/28/2021,OCF,FL,ASO,ES,Federal Contract Tower,0,5,32,2,39,0,4,96,0,100,0,9,128,2,139,80,0,80,219
04/29/2021,OCF,FL,ASO,ES,Federal Contract Tower,2,3,36,0,41,0,0,91,2,93,2,3,127,2,134,64,0,64,198
04/30/2021,OCF,FL,ASO,ES,Federal Contract Tower,0,3,37,0,40,0,0,73,0,73,0,3,110,0,113,84,0,84,197
05/01/2021,OCF,FL,ASO,ES,Federal Contract Tower,0,5,32,0,37,0,0,66,0,66,0,5,98,0,103,14,0,14,117
05/02/2021,OCF,FL,ASO,ES,Federal Contract Tower,0,8,29,0,37,0,0,46,0,46,0,8,75,0,83,34,0,34,117
05/03/2021,OCF,FL,ASO,ES,Federal Contract Tower,0,3,36,0,39,0,0,63,0,63,0,3,99,0,102,66,0,66,168
05/04/2021,OCF,FL,ASO,ES,Federal Contract Tower,0,0,22,0,22,0,0,51,2,53,0,0,73,2,75,58,0,58,133
05/05/2021,OCF,FL,ASO,ES,Federal Contract Tower,0,1,33,2,36,0,1,73,0,74,0,2,106,2,110,26,0,26,136
05/06/2021,OCF,FL,ASO,ES,Federal Contract Tower,0,4,47,2,53,0,0,26,4,30,0,4,73,6,83,18,0,18,101
05/07/2021,OCF,FL,ASO,ES,Federal Contract Tower,2,5,55,4,66,0,0,131,0,131,2,5,186,4,197,62,0,62,259
05/08/2021,OCF,FL,ASO,ES,Federal Contract Tower,0,3,30,0,33,0,0,109,0,109,0,3,139,0,142,22,0,22,164
05/09/2021,OCF,FL,ASO,ES,Federal Contract Tower,0,8,28,0,36,0,0,54,0,54,0,8,82,0,90,34,0,34,124
05/10/2021,OCF,FL,ASO,ES,Federal Contract Tower,0,3,52,0,55,0,0,68,0,68,0,3,120,0,123,78,0,78,201
05/11/2021,OCF,FL,ASO,ES,Federal Contract Tower,0,6,28,2,36,0,0,80,0,80,0,6,108,2,116,64,0,64,180
05/12/2021,OCF,FL,ASO,ES,Federal Contract Tower,0,8,43,0,51,0,0,88,0,88,0,8,131,0,139,86,0,86,225
05/13/2021,OCF,FL,ASO,ES,Federal Contract Tower,0,1,48,0,49,0,0,0,0,0,0,1,48,0,49,0,0,0,49
05/14/2021,OCF,FL,ASO,ES,Federal Contract Tower,0,2,70,0,72,0,0,99,0,99,0,2,169,0,171,54,0,54,225
05/15/2021,OCF,FL,ASO,ES,Federal Contract Tower,0,0,37,8,45,0,0,51,0,51,0,0,88,8,96,28,0,28,124
05/16/2021,OCF,FL,ASO,ES,Federal Contract Tower,0,5,30,1,36,0,0,62,1,63,0,5,92,2,99,38,12,50,149
05/17/2021,OCF,FL,ASO,ES,Federal Contract Tower,0,0,29,7,36,0,0,69,0,69,0,0,98,7,105,62,0,62,167
05/18/2021,OCF,FL,ASO,ES,Federal Contract Tower,0,3,30,1,34,0,0,66,1,67,0,3,96,2,101,64,2,66,167
05/19/2021,OCF,FL,ASO,ES,Federal Contract Tower,0,4,30,2,36,0,0,78,0,78,0,4,108,2,114,52,12,64,178
05/20/2021,OCF,FL,ASO,ES,Federal Contract Tower,0,5,25,0,30,0,0,59,2,61,0,5,84,2,91,12,0,12,103
05/21/2021,OCF,FL,ASO,ES,Federal Contract Tower,0,3,20,7,30,0,0,81,1,82,0,3,101,8,112,42,0,42,154
05/22/2021,OCF,FL,ASO,ES,Federal Contract Tower,0,2,16,0,18,0,0,79,0,79,0,2,95,0,97,16,0,16,113
05/23/2021,OCF,FL,ASO,ES,Federal Contract Tower,0,9,34,6,49,0,0,98,0,98,0,9,132,6,147,34,0,34,181
05/24/2021,OCF,FL,ASO,ES,Federal Contract Tower,0,8,26,0,34,0,2,98,0,100,0,10,124,0,134,106,0,106,240
05/25/2021,OCF,FL,ASO,ES,Federal Contract Tower,0,5,22,0,27,0,0,103,0,103,0,5,125,0,130,144,0,144,274
05/26/2021,OCF,FL,ASO,ES,Federal Contract Tower,0,5,34,0,39,0,0,98,2,100,0,5,132,2,139,138,14,152,291
05/27/2021,OCF,FL,ASO,ES,Federal Contract Tower,0,4,33,8,45,0,1,99,0,100,0,5,132,8,145,90,4,94,239
05/28/2021,OCF,FL,ASO,ES,Federal Contract Tower,0,3,50,0,53,0,0,106,0,106,0,3,156,0,159,78,0,78,237
05/29/2021,OCF,FL,ASO,ES,Federal Contract Tower,0,1,29,0,30,0,0,55,0,55,0,1,84,0,85,60,0,60,145
05/30/2021,OCF,FL,ASO,ES,Federal Contract Tower,0,2,25,0,27,0,0,45,0,45,0,2,70,0,72,24,0,24,96
05/31/2021,OCF,FL,ASO,ES,Federal Contract Tower,0,3,31,0,34,0,0,99,0,99,0,3,130,0,133,48,0,48,181
06/01/2021,OCF,FL,ASO,ES,Federal Contract Tower,0,1,56,0,57,0,0,80,0,80,0,1,136,0,137,54,0,54,191
06/02/2021,OCF,FL,ASO,ES,Federal Contract Tower,0,7,48,2,57,0,0,44,0,44,0,7,92,2,101,82,6,88,189
06/03/2021,OCF,FL,ASO,ES,Federal Contract Tower,0,2,36,0,38,0,0,62,0,62,0,2,98,0,100,48,0,48,148
06/04/2021,OCF,FL,ASO,ES,Federal Contract Tower,0,8,23,0,31,0,0,30,0,30,0,8,53,0,61,30,0,30,91
06/05/2021,OCF,FL,ASO,ES,Federal Contract Tower,0,4,18,0,22,0,0,32,0,32,0,4,50,0,54,30,0,30,84
06/06/2021,OCF,FL,ASO,ES,Federal Contract Tower,0,3,30,2,35,0,2,46,0,48,0,5,76,2,83,38,0,38,121
06/07/2021,OCF,FL,ASO,ES,Federal Contract Tower,0,3,26,2,31,0,0,54,0,54,0,3,80,2,85,74,0,74,159
06/08/2021,OCF,FL,ASO,ES,Federal Contract Tower,0,6,29,0,35,0,0,79,0,79,0,6,108,0,114,56,0,56,170
06/09/2021,OCF,FL,ASO,ES,Federal Contract Tower,0,4,35,0,39,0,0,100,0,100,0,4,135,0,139,142,0,142,281
06/10/2021,OCF,FL,ASO,ES,Federal Contract Tower,0,4,24,0,28,0,0,103,0,103,0,4,127,0,131,30,0,30,161
06/11/2021,OCF,FL,ASO,ES,Federal Contract Tower,0,9,38,0,47,0,0,72,0,72,0,9,110,0,119,58,0,58,177
06/12/2021,OCF,FL,ASO,ES,Federal Contract Tower,0,3,27,0,30,0,0,62,0,62,0,3,89,0,92,18,0,18,110
06/13/2021,OCF,FL,ASO,ES,Federal Contract Tower,0,2,30,0,32,0,0,16,0,16,0,2,46,0,48,2,0,2,50
06/14/2021,OCF,FL,ASO,ES,Federal Contract Tower,0,6,30,0,36,0,0,18,0,18,0,6,48,0,54,34,0,34,88
06/15/2021,OCF,FL,ASO,ES,Federal Contract Tower,0,10,17,0,27,0,0,22,0,22,0,10,39,0,49,8,0,8,57
06/16/2021,OCF,FL,ASO,ES,Federal Contract Tower,0,6,29,0,35,0,0,61,0,61,0,6,90,0,96,68,0,68,164
06/17/2021,OCF,FL,ASO,ES,Federal Contract Tower,0,3,25,0,28,0,0,49,2,51,0,3,74,2,79,26,0,26,105
06/18/2021,OCF,FL,ASO,ES,Federal Contract Tower,0,7,39,0,46,0,0,108,0,108,0,7,147,0,154,108,0,108,262
06/19/2021,OCF,FL,ASO,ES,Federal Contract Tower,0,3,48,0,51,0,0,52,0,52,0,3,100,0,103,68,0,68,171
06/20/2021,OCF,FL,ASO,ES,Federal Contract Tower,0,4,20,0,24,0,0,14,0,14,0,4,34,0,38,0,0,0,38
06/21/2021,OCF,FL,ASO,ES,Federal Contract Tower,0,5,23,0,28,0,0,31,0,31,0,5,54,0,59,12,0,12,71
06/22/2021,OCF,FL,ASO,ES,Federal Contract Tower,0,2,27,0,29,0,0,41,0,41,0,2,68,0,70,46,0,46,116
06/23/2021,OCF,FL,ASO,ES,Federal Contract Tower,0,4,21,0,25,0,0,59,0,59,0,4,80,0,84,16,0,16,100
06/24/2021,OCF,FL,ASO,ES,Federal Contract Tower,0,10,20,0,30,0,0,54,0,54,0,10,74,0,84,84,0,84,168
06/25/2021,OCF,FL,ASO,ES,Federal Contract Tower,0,5,41,4,50,0,0,40,0,40,0,5,81,4,90,44,0,44,134
06/26/2021,OCF,FL,ASO,ES,Federal Contract Tower,0,5,23,0,28,0,0,10,0,10,0,5,33,0,38,0,0,0,38
06/27/2021,OCF,FL,ASO,ES,Federal Contract Tower,0,6,46,0,52,0,1,50,0,51,0,7,96,0,103,0,0,0,103
06/28/2021,OCF,FL,ASO,ES,Federal Contract Tower,0,4,32,0,36,0,0,89,0,89,0,4,121,0,125,20,0,20,145
06/29/2021,OCF,FL,ASO,ES,Federal Contract Tower,0,0,36,0,36,0,0,70,0,70,0,0,106,0,106,28,0,28,134
06/30/2021,OCF,FL,ASO,ES,Federal Contract Tower,0,2,36,0,38,0,0,37,0,37,0,2,73,0,75,44,0,44,119
07/01/2021,OCF,FL,ASO,ES,Federal Contract Tower,0,2,46,2,50,0,0,42,0,42,0,2,88,2,92,28,0,28,120
07/02/2021,OCF,FL,ASO,ES,Federal Contract Tower,0,6,16,0,22,0,0,20,0,20,0,6,36,0,42,32,0,32,74
07/03/2021,OCF,FL,ASO,ES,Federal Contract Tower,0,3,33,0,36,0,0,15,0,15,0,3,48,0,51,0,0,0,51
07/04/2021,OCF,FL,ASO,ES,Federal Contract Tower,0,5,11,0,16,0,0,13,0,13,0,5,24,0,29,4,0,4,33
07/05/2021,OCF,FL,ASO,ES,Federal Contract Tower,0,3,19,0,22,0,0,56,0,56,0,3,75,0,78,48,0,48,126
07/06/2021,OCF,FL,ASO,ES,Federal Contract Tower,0,0,23,0,23,0,0,36,0,36,0,0,59,0,59,46,0,46,105
07/07/2021,OCF,FL,ASO,ES,Federal Contract Tower,0,0,2,0,2,0,0,0,0,0,0,0,2,0,2,0,0,0,2
07/08/2021,OCF,FL,ASO,ES,Federal Contract Tower,0,9,25,0,34,0,0,61,0,61,0,9,86,0,95,72,0,72,167
07/09/2021,OCF,FL,ASO,ES,Federal Contract Tower,0,0,30,0,30,0,0,24,0,24,0,0,54,0,54,28,0,28,82
07/10/2021,OCF,FL,ASO,ES,Federal Contract Tower,0,6,37,0,43,0,0,63,0,63,0,6,100,0,106,32,0,32,138
07/11/2021,OCF,FL,ASO,ES,Federal Contract Tower,0,9,22,0,31,0,0,59,0,59,0,9,81,0,90,54,0,54,144
07/12/2021,OCF,FL,ASO,ES,Federal Contract Tower,0,5,36,0,41,0,0,77,0,77,0,5,113,0,118,126,0,126,244
07/13/2021,OCF,FL,ASO,ES,Federal Contract Tower,0,6,46,1,53,0,0,99,1,100,0,6,145,2,153,66,8,74,227
07/14/2021,OCF,FL,ASO,ES,Federal Contract Tower,0,15,39,0,54,0,0,91,0,91,0,15,130,0,145,66,0,66,211
07/15/2021,OCF,FL,ASO,ES,Federal Contract Tower,0,8,52,8,68,0,1,96,0,97,0,9,148,8,165,90,0,90,255
07/16/2021,OCF,FL,ASO,ES,Federal Contract Tower,0,2,49,0,51,0,0,123,0,123,0,2,172,0,174,108,0,108,282
07/17/2021,OCF,FL,ASO,ES,Federal Contract Tower,0,4,45,0,49,0,0,70,0,70,0,4,115,0,119,68,0,68,187
07/18/2021,OCF,FL,ASO,ES,Federal Contract Tower,0,3,28,0,31,0,0,44,0,44,0,3,72,0,75,50,0,50,125
07/19/2021,OCF,FL,ASO,ES,Federal Contract Tower,0,4,38,0,42,0,0,66,0,66,0,4,104,0,108,56,0,56,164
07/20/2021,OCF,FL,ASO,ES,Federal Contract Tower,0,9,37,0,46,0,0,96,0,96,0,9,133,0,142,96,0,96,238
07/21/2021,OCF,FL,ASO,ES,Federal Contract Tower,0,2,29,0,31,0,0,96,0,96,0,2,125,0,127,114,0,114,241
07/22/2021,OCF,FL,ASO,ES,Federal Contract Tower,0,8,60,0,68,0,0,107,0,107,0,8,167,0,175,76,0,76,251
07/23/2021,OCF,FL,ASO,ES,Federal Contract Tower,0,2,38,0,40,0,0,53,0,53,0,2,91,0,93,44,0,44,137
07/24/2021,OCF,FL,ASO,ES,Federal Contract Tower,0,9,53,4,66,0,0,18,0,18,0,9,71,4,84,6,0,6,90
07/25/2021,OCF,FL,ASO,ES,Federal Contract Tower,0,7,22,0,29,0,0,68,0,68,0,7,90,0,97,64,0,64,161
07/26/2021,OCF,FL,ASO,ES,Federal Contract Tower,0,0,53,5,58,0,0,88,1,89,0,0,141,6,147,64,0,64,211
07/27/2021,OCF,FL,ASO,ES,Federal Contract Tower,0,0,33,6,39,0,0,62,0,62,0,0,95,6,101,64,0,64,165
07/28/2021,OCF,FL,ASO,ES,Federal Contract Tower,0,4,29,4,37,0,0,48,0,48,0,4,77,4,85,14,0,14,99
07/29/2021,OCF,FL,ASO,ES,Federal Contract Tower,0,4,28,1,33,0,0,63,6,69,0,4,91,7,102,50,6,56,158
07/30/2021,OCF,FL,ASO,ES,Federal Contract Tower,0,6,33,0,39,0,0,57,0,57,0,6,90,0,96,40,0,40,136
07/31/2021,OCF,FL,ASO,ES,Federal Contract Tower,0,2,33,0,35,0,0,82,0,82,0,2,115,0,117,54,0,54,171
08/01/2021,OCF,FL,ASO,ES,Federal Contract Tower,0,3,16,0,19,0,0,22,2,24,0,3,38,2,43,36,0,36,79
08/02/2021,OCF,FL,ASO,ES,Federal Contract Tower,0,0,5,0,5,0,0,31,0,31,0,0,36,0,36,54,0,54,90
08/03/2021,OCF,FL,ASO,ES,Federal Contract Tower,0,4,17,0,21,0,0,21,0,21,0,4,38,0,42,20,0,20,62
08/04/2021,OCF,FL,ASO,ES,Federal Contract Tower,0,3,17,0,20,0,0,26,0,26,0,3,43,0,46,32,0,32,78
08/05/2021,OCF,FL,ASO,ES,Federal Contract Tower,0,7,23,0,30,0,2,42,0,44,0,9,65,0,74,42,0,42,116
08/06/2021,OCF,FL,ASO,ES,Federal Contract Tower,0,4,49,0,53,0,0,100,0,100,0,4,149,0,153,90,0,90,243
08/07/2021,OCF,FL,ASO,ES,Federal Contract Tower,0,2,40,0,42,0,0,49,0,49,0,2,89,0,91,42,0,42,133
08/08/2021,OCF,FL,ASO,ES,Federal Contract Tower,0,6,31,0,37,0,0,45,0,45,0,6,76,0,82,18,0,18,100
08/09/2021,OCF,FL,ASO,ES,Federal Contract Tower,0,8,40,0,48,0,0,101,0,101,0,8,141,0,149,62,0,62,211
08/10/2021,OCF,FL,ASO,ES,Federal Contract Tower,0,10,34,2,46,0,0,60,0,60,0,10,94,2,106,98,0,98,204
08/11/2021,OCF,FL,ASO,ES,Federal Contract Tower,0,4,27,0,31,0,0,96,0,96,0,4,123,0,127,36,0,36,163
08/12/2021,OCF,FL,ASO,ES,Federal Contract Tower,0,7,50,2,59,0,0,81,2,83,0,7,131,4,142,54,0,54,196
08/13/2021,OCF,FL,ASO,ES,Federal Contract Tower,0,9,31,0,40,0,0,77,0,77,0,9,108,0,117,14,0,14,131
08/14/2021,OCF,FL,ASO,ES,Federal Contract Tower,0,5,26,2,33,0,0,39,0,39,0,5,65,2,72,14,0,14,86
08/15/2021,OCF,FL,ASO,ES,Federal Contract Tower,0,7,33,0,40,0,0,33,0,33,0,7,66,0,73,12,0,12,85
08/16/2021,OCF,FL,ASO,ES,Federal Contract Tower,0,1,36,0,37,0,0,24,0,24,0,1,60,0,61,46,0,46,107
08/17/2021,OCF,FL,ASO,ES,Federal Contract Tower,0,6,48,0,54,0,0,26,2,28,0,6,74,2,82,40,0,40,122
08/18/2021,OCF,FL,ASO,ES,Federal Contract Tower,0,2,27,2,31,0,0,75,2,77,0,2,102,4,108,20,0,20,128
08/19/2021,OCF,FL,ASO,ES,Federal Contract Tower,0,0,43,0,43,0,0,86,0,86,0,0,129,0,129,76,0,76,205
08/20/2021,OCF,FL,ASO,ES,Federal Contract Tower,0,4,38,2,44,0,1,103,2,106,0,5,141,4,150,34,0,34,184
08/21/2021,OCF,FL,ASO,ES,Federal Contract Tower,0,7,17,0,24,0,0,108,0,108,0,7,125,0,132,30,0,30,162
08/22/2021,OCF,FL,ASO,ES,Federal Contract Tower,0,2,34,0,36,0,2,56,0,58,0,4,90,0,94,16,0,16,110
08/23/2021,OCF,FL,ASO,ES,Federal Contract Tower,0,7,30,0,37,0,2,50,0,52,0,9,80,0,89,48,0,48,137
08/24/2021,OCF,FL,ASO,ES,Federal Contract Tower,0,2,28,0,30,0,2,46,3,51,0,4,74,3,81,38,0,38,119
08/25/2021,OCF,FL,ASO,ES,Federal Contract Tower,0,3,49,2,54,0,0,91,0,91,0,3,140,2,145,70,0,70,215
08/26/2021,OCF,FL,ASO,ES,Federal Contract Tower,0,6,34,6,46,0,0,27,0,27,0,6,61,6,73,4,0,4,77
08/27/2021,OCF,FL,ASO,ES,Federal Contract Tower,0,0,57,0,57,0,0,22,0,22,0,0,79,0,79,4,0,4,83
08/28/2021,OCF,FL,ASO,ES,Federal Contract Tower,0,4,46,4,54,0,0,36,0,36,0,4,82,4,90,28,0,28,118
08/29/2021,OCF,FL,ASO,ES,Federal Contract Tower,0,4,15,0,19,0,0,21,0,21,0,4,36,0,40,18,0,18,58
08/30/2021,OCF,FL,ASO,ES,Federal Contract Tower,0,4,40,1,45,0,8,63,1,72,0,12,103,2,117,84,12,96,213
08/31/2021,OCF,FL,ASO,ES,Federal Contract Tower,0,0,41,0,41,0,2,99,0,101,0,2,140,0,142,50,0,50,192
09/01/2021,OCF,FL,ASO,ES,Federal Contract Tower,0,3,23,0,26,0,0,5,0,5,0,3,28,0,31,0,0,0,31
09/02/2021,OCF,FL,ASO,ES,Federal Contract Tower,0,6,39,0,45,0,0,38,0,38,0,6,77,0,83,42,0,42,125
09/03/2021,OCF,FL,ASO,ES,Federal Contract Tower,0,5,44,0,49,0,0,41,0,41,0,5,85,0,90,54,0,54,144
09/04/2021,OCF,FL,ASO,ES,Federal Contract Tower,0,3,30,0,33,0,0,68,0,68,0,3,98,0,101,22,0,22,123
09/05/2021,OCF,FL,ASO,ES,Federal Contract Tower,0,5,27,0,32,0,0,59,0,59,0,5,86,0,91,22,0,22,113
09/06/2021,OCF,FL,ASO,ES,Federal Contract Tower,1,5,32,0,38,0,3,45,0,48,1,8,77,0,86,2,0,2,88
09/07/2021,OCF,FL,ASO,ES,Federal Contract Tower,1,12,13,4,30,0,0,44,2,46,1,12,57,6,76,24,0,24,100
09/08/2021,OCF,FL,ASO,ES,Federal Contract Tower,0,4,46,0,50,0,0,66,0,66,0,4,112,0,116,84,0,84,200
09/09/2021,OCF,FL,ASO,ES,Federal Contract Tower,2,4,25,2,33,0,0,12,0,12,2,4,37,2,45,34,0,34,79
09/10/2021,OCF,FL,ASO,ES,Federal Contract Tower,0,4,29,0,33,0,0,53,0,53,0,4,82,0,86,46,0,46,132
09/11/2021,OCF,FL,ASO,ES,Federal Contract Tower,0,3,31,2,36,0,0,52,0,52,0,3,83,2,88,24,2,26,114
09/12/2021,OCF,FL,ASO,ES,Federal Contract Tower,0,11,36,0,47,0,0,50,0,50,0,11,86,0,97,2,2,4,101
09/13/2021,OCF,FL,ASO,ES,Federal Contract Tower,0,3,41,2,46,0,0,72,0,72,0,3,113,2,118,34,10,44,162
09/14/2021,OCF,FL,ASO,ES,Federal Contract Tower,0,5,24,2,31,0,0,49,0,49,0,5,73,2,80,52,4,56,136
09/15/2021,OCF,FL,ASO,ES,Federal Contract Tower,0,3,47,0,50,0,0,58,6,64,0,3,105,6,114,56,4,60,174
09/16/2021,OCF,FL,ASO,ES,Federal Contract Tower,0,1,13,4,18,0,0,58,1,59,0,1,71,5,77,40,18,58,135
09/17/2021,OCF,FL,ASO,ES,Federal Contract Tower,2,1,38,0,41,0,0,43,0,43,2,1,81,0,84,36,0,36,120
09/18/2021,OCF,FL,ASO,ES,Federal Contract Tower,0,0,14,0,14,0,0,10,0,10,0,0,24,0,24,6,0,6,30
09/19/2021,OCF,FL,ASO,ES,Federal Contract Tower,0,4,37,0,41,0,0,17,0,17,0,4,54,0,58,2,0,2,60
09/20/2021,OCF,FL,ASO,ES,Federal Contract Tower,0,2,31,2,35,0,0,24,0,24,0,2,55,2,59,26,0,26,85
09/21/2021,OCF,FL,ASO,ES,Federal Contract Tower,0,3,39,2,44,0,0,30,0,30,0,3,69,2,74,56,0,56,130
09/22/2021,OCF,FL,ASO,ES,Federal Contract Tower,0,2,39,1,42,0,0,35,2,37,0,2,74,3,79,34,6,40,119
09/23/2021,OCF,FL,ASO,ES,Federal Contract Tower,0,5,65,8,78,0,0,98,2,100,0,5,163,10,178,62,4,66,244
09/24/2021,OCF,FL,ASO,ES,Federal Contract Tower,2,7,69,0,78,0,0,97,0,97,2,7,166,0,175,56,0,56,231
09/25/2021,OCF,FL,ASO,ES,Federal Contract Tower,0,2,35,0,37,0,0,66,0,66,0,2,101,0,103,14,0,14,117
09/26/2021,OCF,FL,ASO,ES,Federal Contract Tower,0,2,37,0,39,0,0,61,0,61,0,2,98,0,100,42,0,42,142
09/27/2021,OCF,FL,ASO,ES,Federal Contract Tower,0,8,56,0,64,0,1,101,0,102,0,9,157,0,166,38,0,38,204
09/28/2021,OCF,FL,ASO,ES,Federal Contract Tower,0,4,51,0,55,0,2,81,2,85,0,6,132,2,140,104,10,114,254
09/29/2021,OCF,FL,ASO,ES,Federal Contract Tower,0,6,44,0,50,0,0,92,0,92,0,6,136,0,142,44,0,44,186
09/30/2021,OCF,FL,ASO,ES,Federal Contract Tower,0,7,51,2,60,0,0,83,2,85,0,7,134,4,145,46,12,58,203
10/01/2021,OCF,FL,ASO,ES,Federal Contract Tower,0,8,49,0,57,0,0,80,0,80,0,8,129,0,137,76,0,76,213
10/02/2021,OCF,FL,ASO,ES,Federal Contract Tower,1,0,32,0,33,0,0,71,0,71,1,0,103,0,104,44,0,44,148
10/03/2021,OCF,FL,ASO,ES,Federal Contract Tower,0,3,43,4,50,0,0,47,0,47,0,3,90,4,97,48,0,48,145
10/04/2021,OCF,FL,ASO,ES,Federal Contract Tower,0,6,31,2,39,0,0,84,0,84,0,6,115,2,123,70,0,70,193
10/05/2021,OCF,FL,ASO,ES,Federal Contract Tower,0,11,30,0,41,0,0,87,0,87,0,11,117,0,128,64,0,64,192
10/06/2021,OCF,FL,ASO,ES,Federal Contract Tower,0,3,30,0,33,0,0,65,0,65,0,3,95,0,98,46,0,46,144
10/07/2021,OCF,FL,ASO,ES,Federal Contract Tower,0,1,44,2,47,0,0,62,3,65,0,1,106,5,112,50,0,50,162
10/08/2021,OCF,FL,ASO,ES,Federal Contract Tower,1,1,24,0,26,0,0,23,0,23,1,1,47,0,49,32,0,32,81
10/09/2021,OCF,FL,ASO,ES,Federal Contract Tower,0,4,46,0,50,0,0,39,0,39,0,4,85,0,89,14,0,14,103
10/10/2021,OCF,FL,ASO,ES,Federal Contract Tower,0,6,32,0,38,0,0,61,0,61,0,6,93,0,99,22,0,22,121
10/11/2021,OCF,FL,ASO,ES,Federal Contract Tower,0,3,32,0,35,0,0,80,0,80,0,3,112,0,115,112,0,112,227
10/12/2021,OCF,FL,ASO,ES,Federal Contract Tower,0,1,65,0,66,0,0,96,0,96,0,1,161,0,162,38,0,38,200
10/13/2021,OCF,FL,ASO,ES,Federal Contract Tower,0,4,65,0,69,0,0,109,0,109,0,4,174,0,178,54,0,54,232
10/14/2021,OCF,FL,ASO,ES,Federal Contract Tower,0,6,62,4,72,0,0,94,0,94,0,6,156,4,166,98,0,98,264
10/15/2021,OCF,FL,ASO,ES,Federal Contract Tower,0,7,43,0,50,0,0,87,0,87,0,7,130,0,137,102,0,102,239
10/16/2021,OCF,FL,ASO,ES,Federal Contract Tower,0,2,32,6,40,0,0,80,0,80,0,2,112,6,120,12,0,12,132
10/17/2021,OCF,FL,ASO,ES,Federal Contract Tower,0,7,33,2,42,0,0,70,0,70,0,7,103,2,112,44,0,44,156
10/18/2021,OCF,FL,ASO,ES,Federal Contract Tower,0,7,55,0,62,0,0,97,0,97,0,7,152,0,159,46,0,46,205
10/19/2021,OCF,FL,ASO,ES,Federal Contract Tower,0,5,61,10,76,0,0,117,0,117,0,5,178,10,193,100,0,100,293
10/20/2021,OCF,FL,ASO,ES,Federal Contract Tower,0,4,60,3,67,0,0,136,1,137,0,4,196,4,204,52,0,52,256
10/21/2021,OCF,FL,ASO,ES,Federal Contract Tower,0,3,35,2,40,0,0,141,0,141,0,3,176,2,181,102,0,102,283
10/22/2021,OCF,FL,ASO,ES,Federal Contract Tower,0,2,31,0,33,0,0,95,0,95,0,2,126,0,128,22,0,22,150
10/23/2021,OCF,FL,ASO,ES,Federal Contract Tower,0,4,32,4,40,0,0,86,0,86,0,4,118,4,126,14,0,14,140
10/24/2021,OCF,FL,ASO,ES,Federal Contract Tower,0,2,33,0,35,0,0,53,0,53,0,2,86,0,88,20,0,20,108
10/25/2021,OCF,FL,ASO,ES,Federal Contract Tower,0,7,28,1,36,0,0,44,1,45,0,7,72,2,81,46,0,46,127
10/26/2021,OCF,FL,ASO,ES,Federal Contract Tower,0,3,54,0,57,0,0,78,2,80,0,3,132,2,137,60,0,60,197
10/27/2021,OCF,FL,ASO,ES,Federal Contract Tower,0,6,58,0,64,0,0,147,0,147,0,6,205,0,211,84,0,84,295
10/28/2021,OCF,FL,ASO,ES,Federal Contract Tower,0,5,17,0,22,0,0,6,0,6,0,5,23,0,28,6,0,6,34
10/29/2021,OCF,FL,ASO,ES,Federal Contract Tower,0,0,33,4,37,0,0,45,0,45,0,0,78,4,82,14,0,14,96
10/30/2021,OCF,FL,ASO,ES,Federal Contract Tower,0,6,49,1,56,0,0,64,4,68,0,6,113,5,124,24,0,24,148
10/31/2021,OCF,FL,ASO,ES,Federal Contract Tower,0,8,61,0,69,0,0,87,0,87,0,8,148,0,156,16,0,16,172
11/01/2021,OCF,FL,ASO,ES,Federal Contract Tower,0,6,36,0,42,0,0,87,0,87,0,6,123,0,129,142,0,142,271
11/02/2021,OCF,FL,ASO,ES,Federal Contract Tower,0,6,32,0,38,0,0,114,0,114,0,6,146,0,152,108,0,108,260
11/03/2021,OCF,FL,ASO,ES,Federal Contract Tower,0,13,62,0,75,0,1,115,0,116,0,14,177,0,191,94,0,94,285
11/04/2021,OCF,FL,ASO,ES,Federal Contract Tower,0,5,50,0,55,0,0,17,0,17,0,5,67,0,72,8,0,8,80
11/05/2021,OCF,FL,ASO,ES,Federal Contract Tower,0,4,17,0,21,0,0,1,0,1,0,4,18,0,22,0,0,0,22
11/06/2021,OCF,FL,ASO,ES,Federal Contract Tower,0,6,23,0,29,0,0,2,0,2,0,6,25,0,31,0,0,0,31
11/07/2021,OCF,FL,ASO,ES,Federal Contract Tower,0,9,26,0,35,0,2,67,0,69,0,11,93,0,104,34,0,34,138
11/08/2021,OCF,FL,ASO,ES,Federal Contract Tower,0,3,52,2,57,0,0,99,0,99,0,3,151,2,156,52,0,52,208
11/09/2021,OCF,FL,ASO,ES,Federal Contract Tower,0,3,48,0,51,0,0,107,0,107,0,3,155,0,158,70,0,70,228
11/10/2021,OCF,FL,ASO,ES,Federal Contract Tower,0,4,64,0,68,0,0,90,1,91,0,4,154,1,159,42,0,42,201
11/11/2021,OCF,FL,ASO,ES,Federal Contract Tower,0,6,37,0,43,0,0,61,0,61,0,6,98,0,104,40,0,40,144
11/12/2021,OCF,FL,ASO,ES,Federal Contract Tower,0,3,78,0,81,0,0,41,0,41,0,3,119,0,122,6,0,6,128
11/13/2021,OCF,FL,ASO,ES,Federal Contract Tower,0,3,36,0,39,0,0,14,0,14,0,3,50,0,53,4,0,4,57
11/14/2021,OCF,FL,ASO,ES,Federal Contract Tower,0,9,43,0,52,0,0,107,0,107,0,9,150,0,159,76,0,76,235
11/15/2021,OCF,FL,ASO,ES,Federal Contract Tower,0,9,60,0,69,0,0,96,0,96,0,9,156,0,165,52,0,52,217
11/16/2021,OCF,FL,ASO,ES,Federal Contract Tower,0,1,49,0,50,0,0,114,0,114,0,1,163,0,164,100,0,100,264
11/17/2021,OCF,FL,ASO,ES,Federal Contract Tower,0,7,38,0,45,0,0,135,0,135,0,7,173,0,180,28,0,28,208
11/18/2021,OCF,FL,ASO,ES,Federal Contract Tower,0,1,59,1,61,0,0,72,1,73,0,1,131,2,134,68,10,78,212
11/19/2021,OCF,FL,ASO,ES,Federal Contract Tower,0,4,76,4,84,0,0,41,0,41,0,4,117,4,125,10,0,10,135
11/20/2021,OCF,FL,ASO,ES,Federal Contract Tower,0,0,49,0,49,0,0,52,0,52,0,0,101,0,101,16,0,16,117
11/21/2021,OCF,FL,ASO,ES,Federal Contract Tower,0,5,59,4,68,0,0,59,0,59,0,5,118,4,127,36,0,36,163
11/22/2021,OCF,FL,ASO,ES,Federal Contract Tower,0,7,37,0,44,0,0,36,0,36,0,7,73,0,80,14,0,14,94
11/23/2021,OCF,FL,ASO,ES,Federal Contract Tower,0,6,76,0,82,0,0,93,0,93,0,6,169,0,175,86,0,86,261
11/24/2021,OCF,FL,ASO,ES,Federal Contract Tower,0,13,69,0,82,0,0,123,0,123,0,13,192,0,205,46,0,46,251
11/25/2021,OCF,FL,ASO,ES,Federal Contract Tower,0,2,14,0,16,0,0,39,0,39,0,2,53,0,55,36,0,36,91
11/26/2021,OCF,FL,ASO,ES,Federal Contract Tower,0,3,25,0,28,0,0,54,0,54,0,3,79,0,82,34,0,34,116
11/27/2021,OCF,FL,ASO,ES,Federal Contract Tower,0,4,18,0,22,0,1,126,0,127,0,5,144,0,149,42,0,42,191
11/28/2021,OCF,FL,ASO,ES,Federal Contract Tower,0,9,43,4,56,0,0,76,0,76,0,9,119,4,132,4,0,4,136
11/29/2021,OCF,FL,ASO,ES,Federal Contract Tower,0,3,46,0,49,0,0,87,1,88,0,3,133,1,137,106,28,134,271
11/30/2021,OCF,FL,ASO,ES,Federal Contract Tower,0,9,33,0,42,0,0,107,4,111,0,9,140,4,153,84,2,86,239
12/01/2021,OCF,FL,ASO,ES,Federal Contract Tower,0,5,42,0,47,0,1,95,0,96,0,6,137,0,143,86,0,86,229
12/02/2021,OCF,FL,ASO,ES,Federal Contract Tower,0,10,73,6,89,0,0,97,0,97,0,10,170,6,186,40,0,40,226
12/03/2021,OCF,FL,ASO,ES,Federal Contract Tower,0,5,57,0,62,0,0,106,0,106,0,5,163,0,168,36,0,36,204
12/04/2021,OCF,FL,ASO,ES,Federal Contract Tower,0,1,15,2,18,0,0,41,0,41,0,1,56,2,59,18,0,18,77
12/05/2021,OCF,FL,ASO,ES,Federal Contract Tower,0,9,31,0,40,0,0,0,0,0,0,9,31,0,40,34,0,34,74
12/06/2021,OCF,FL,ASO,ES,Federal Contract Tower,0,3,49,0,52,0,0,85,0,85,0,3,134,0,137,52,0,52,189
12/07/2021,OCF,FL,ASO,ES,Federal Contract Tower,0,5,41,0,46,0,0,26,0,26,0,5,67,0,72,10,0,10,82
12/08/2021,OCF,FL,ASO,ES,Federal Contract Tower,0,4,27,0,31,0,0,44,0,44,0,4,71,0,75,48,0,48,123
12/09/2021,OCF,FL,ASO,ES,Federal Contract Tower,0,9,64,9,82,0,0,30,1,31,0,9,94,10,113,74,0,74,187
12/10/2021,OCF,FL,ASO,ES,Federal Contract Tower,0,12,29,0,41,0,0,66,0,66,0,12,95,0,107,52,2,54,161
12/11/2021,OCF,FL,ASO,ES,Federal Contract Tower,0,4,29,0,33,0,0,91,0,91,0,4,120,0,124,28,0,28,152
12/12/2021,OCF,FL,ASO,ES,Federal Contract Tower,0,5,71,0,76,0,0,14,0,14,0,5,85,0,90,1,3,4,94
12/13/2021,OCF,FL,ASO,ES,Federal Contract Tower,0,8,41,2,51,0,0,98,0,98,0,8,139,2,149,32,0,32,181
12/14/2021,OCF,FL,ASO,ES,Federal Contract Tower,0,6,63,4,73,0,0,85,0,85,0,6,148,4,158,98,0,98,256
12/15/2021,OCF,FL,ASO,ES,Federal Contract Tower,0,11,61,1,73,0,0,108,1,109,0,11,169,2,182,86,0,86,268
12/16/2021,OCF,FL,ASO,ES,Federal Contract Tower,0,9,40,0,49,0,0,55,0,55,0,9,95,0,104,42,0,42,146
12/17/2021,OCF,FL,ASO,ES,Federal Contract Tower,0,8,51,4,63,0,0,94,0,94,0,8,145,4,157,56,0,56,213
12/18/2021,OCF,FL,ASO,ES,Federal Contract Tower,0,4,44,0,48,0,0,104,0,104,0,4,148,0,152,60,0,60,212
12/19/2021,OCF,FL,ASO,ES,Federal Contract Tower,0,7,21,0,28,0,0,13,2,15,0,7,34,2,43,12,0,12,55
12/20/2021,OCF,FL,ASO,ES,Federal Contract Tower,0,9,38,0,47,0,0,6,0,6,0,9,44,0,53,4,0,4,57
12/21/2021,OCF,FL,ASO,ES,Federal Contract Tower,0,7,18,0,25,0,0,0,0,0,0,7,18,0,25,0,0,0,25
12/22/2021,OCF,FL,ASO,ES,Federal Contract Tower,0,4,48,1,53,0,0,99,3,102,0,4,147,4,155,48,0,48,203
12/23/2021,OCF,FL,ASO,ES,Federal Contract Tower,0,6,60,0,66,0,2,115,0,117,0,8,175,0,183,58,0,58,241
12/24/2021,OCF,FL,ASO,ES,Federal Contract Tower,0,5,18,0,23,0,2,85,0,87,0,7,103,0,110,66,0,66,176
12/25/2021,OCF,FL,ASO,ES,Federal Contract Tower,0,0,5,0,5,0,0,17,0,17,0,0,22,0,22,0,0,0,22
12/26/2021,OCF,FL,ASO,ES,Federal Contract Tower,0,4,24,0,28,0,1,53,0,54,0,5,77,0,82,8,0,8,90
12/27/2021,OCF,FL,ASO,ES,Federal Contract Tower,0,3,42,0,45,0,0,21,0,21,0,3,63,0,66,0,0,0,66
12/28/2021,OCF,FL,ASO,ES,Federal Contract Tower,0,3,33,1,37,0,0,96,1,97,0,3,129,2,134,42,2,44,178
12/29/2021,OCF,FL,ASO,ES,Federal Contract Tower,0,3,33,2,38,0,0,82,0,82,0,3,115,2,120,64,6,70,190
12/30/2021,OCF,FL,ASO,ES,Federal Contract Tower,0,7,29,0,36,0,0,37,0,37,0,7,66,0,73,22,0,22,95
12/31/2021,OCF,FL,ASO,ES,Federal Contract Tower,0,5,39,0,44,0,0,34,0,34,0,5,73,0,78,8,0,8,86
01/01/2022,OCF,FL,ASO,ES,Federal Contract Tower,0,3,24,0,27,0,0,33,0,33,0,3,57,0,60,4,0,4,64
01/02/2022,OCF,FL,ASO,ES,Federal Contract Tower,0,3,15,0,18,0,0,29,0,29,0,3,44,0,47,8,0,8,55
01/03/2022,OCF,FL,ASO,ES,Federal Contract Tower,0,8,28,1,37,0,0,55,1,56,0,8,83,2,93,42,10,52,145
01/04/2022,OCF,FL,ASO,ES,Federal Contract Tower,0,3,36,1,40,0,0,90,1,91,0,3,126,2,131,116,6,122,253
01/05/2022,OCF,FL,ASO,ES,Federal Contract Tower,0,5,43,0,48,0,0,84,0,84,0,5,127,0,132,52,0,52,184
01/06/2022,OCF,FL,ASO,ES,Federal Contract Tower,0,7,44,6,57,0,1,121,0,122,0,8,165,6,179,28,20,48,227
01/07/2022,OCF,FL,ASO,ES,Federal Contract Tower,0,6,59,4,69,0,0,54,0,54,0,6,113,4,123,26,0,26,149
01/08/2022,OCF,FL,ASO,ES,Federal Contract Tower,0,9,24,0,33,0,0,129,0,129,0,9,153,0,162,38,0,38,200
01/09/2022,OCF,FL,ASO,ES,Federal Contract Tower,0,9,40,0,49,0,0,86,0,86,0,9,126,0,135,60,0,60,195
01/10/2022,OCF,FL,ASO,ES,Federal Contract Tower,0,7,34,0,41,0,0,38,0,38,0,7,72,0,79,90,0,90,169
01/11/2022,OCF,FL,ASO,ES,Federal Contract Tower,0,3,38,4,45,0,0,91,0,91,0,3,129,4,136,66,0,66,202
01/12/2022,OCF,FL,ASO,ES,Federal Contract Tower,0,4,63,0,67,0,0,108,0,108,0,4,171,0,175,62,0,62,237
01/13/2022,OCF,FL,ASO,ES,Federal Contract Tower,0,11,52,0,63,0,0,104,0,104,0,11,156,0,167,46,0,46,213
01/14/2022,OCF,FL,ASO,ES,Federal Contract Tower,0,5,68,0,73,0,0,128,2,130,0,5,196,2,203,30,16,46,249
01/15/2022,OCF,FL,ASO,ES,Federal Contract Tower,0,4,38,0,42,0,0,163,0,163,0,4,201,0,205,34,0,34,239
01/16/2022,OCF,FL,ASO,ES,Federal Contract Tower,0,7,10,0,17,0,0,5,0,5,0,7,15,0,22,0,0,0,22
01/17/2022,OCF,FL,ASO,ES,Federal Contract Tower,0,14,57,0,71,0,1,65,0,66,0,15,122,0,137,30,0,30,167
01/18/2022,OCF,FL,ASO,ES,Federal Contract Tower,0,1,54,4,59,0,0,137,0,137,0,1,191,4,196,98,0,98,294
01/19/2022,OCF,FL,ASO,ES,Federal Contract Tower,0,4,50,2,56,0,0,127,0,127,0,4,177,2,183,92,0,92,275
01/20/2022,OCF,FL,ASO,ES,Federal Contract Tower,0,9,39,0,48,0,0,136,0,136,0,9,175,0,184,70,0,70,254
01/21/2022,OCF,FL,ASO,ES,Federal Contract Tower,0,14,26,4,44,0,0,19,0,19,0,14,45,4,63,28,0,28,91
01/22/2022,OCF,FL,ASO,ES,Federal Contract Tower,0,5,27,0,32,0,0,0,0,0,0,5,27,0,32,0,0,0,32
01/23/2022,OCF,FL,ASO,ES,Federal Contract Tower,0,18,61,0,79,0,0,19,0,19,0,18,80,0,98,2,0,2,100
01/24/2022,OCF,FL,ASO,ES,Federal Contract Tower,0,2,40,0,42,0,0,132,0,132,0,2,172,0,174,116,0,116,290
01/25/2022,OCF,FL,ASO,ES,Federal Contract Tower,0,2,29,0,31,0,0,28,0,28,0,2,57,0,59,36,0,36,95
01/26/2022,OCF,FL,ASO,ES,Federal Contract Tower,0,7,50,0,57,0,0,44,0,44,0,7,94,0,101,34,0,34,135
01/27/2022,OCF,FL,ASO,ES,Federal Contract Tower,0,13,36,1,50,0,0,26,2,28,0,13,62,3,78,48,8,56,134
01/28/2022,OCF,FL,ASO,ES,Federal Contract Tower,0,15,50,0,65,0,0,93,2,95,0,15,143,2,160,74,10,84,244
01/29/2022,OCF,FL,ASO,ES,Federal Contract Tower,0,4,17,0,21,0,0,49,6,55,0,4,66,6,76,44,0,44,120
01/30/2022,OCF,FL,ASO,ES,Federal Contract Tower,0,8,59,2,69,0,0,127,0,127,0,8,186,2,196,92,0,92,288
01/31/2022,OCF,FL,ASO,ES,Federal Contract Tower,0,13,45,0,58,0,0,136,0,136,0,13,181,0,194,80,0,80,274
02/01/2022,OCF,FL,ASO,ES,Federal Contract Tower,0,8,26,0,34,0,0,120,0,120,0,8,146,0,154,50,0,50,204
02/02/2022,OCF,FL,ASO,ES,Federal Contract Tower,0,8,43,4,55,0,0,117,0,117,0,8,160,4,172,76,0,76,248
02/03/2022,OCF,FL,ASO,ES,Federal Contract Tower,0,10,30,2,42,0,0,62,0,62,0,10,92,2,104,62,0,62,166
02/04/2022,OCF,FL,ASO,ES,Federal Contract Tower,0,12,31,0,43,0,0,88,0,88,0,12,119,0,131,62,0,62,193
02/05/2022,OCF,FL,ASO,ES,Federal Contract Tower,0,2,100,8,110,0,0,33,0,33,0,2,133,8,143,38,0,38,181
02/06/2022,OCF,FL,ASO,ES,Federal Contract Tower,0,7,73,0,80,0,0,0,0,0,0,7,73,0,80,0,0,0,80
02/07/2022,OCF,FL,ASO,ES,Federal Contract Tower,0,7,42,6,55,0,0,5,0,5,0,7,47,6,60,12,0,12,72
02/08/2022,OCF,FL,ASO,ES,Federal Contract Tower,0,3,21,8,32,0,0,3,0,3,0,3,24,8,35,0,0,0,35
02/09/2022,OCF,FL,ASO,ES,Federal Contract Tower,0,11,54,0,65,0,0,169,2,171,0,11,223,2,236,72,10,82,318
02/10/2022,OCF,FL,ASO,ES,Federal Contract Tower,0,11,68,2,81,0,0,112,0,112,0,11,180,2,193,54,0,54,247
02/11/2022,OCF,FL,ASO,ES,Federal Contract Tower,0,14,50,0,64,0,0,129,2,131,0,14,179,2,195,126,0,126,321
02/12/2022,OCF,FL,ASO,ES,Federal Contract Tower,0,6,50,0,56,0,0,149,0,149,0,6,199,0,205,48,0,48,253
02/13/2022,OCF,FL,ASO,ES,Federal Contract Tower,0,21,42,0,63,0,0,30,2,32,0,21,72,2,95,30,0,30,125
02/14/2022,OCF,FL,ASO,ES,Federal Contract Tower,0,8,67,2,77,0,0,100,0,100,0,8,167,2,177,70,0,70,247
02/15/2022,OCF,FL,ASO,ES,Federal Contract Tower,0,9,52,8,69,0,0,122,0,122,0,9,174,8,191,90,0,90,281
02/16/2022,OCF,FL,ASO,ES,Federal Contract Tower,0,8,51,2,61,0,0,92,0,92,0,8,143,2,153,64,0,64,217
02/17/2022,OCF,FL,ASO,ES,Federal Contract Tower,0,12,64,4,80,0,0,54,0,54,0,12,118,4,134,74,0,74,208
02/18/2022,OCF,FL,ASO,ES,Federal Contract Tower,0,5,53,0,58,0,0,16,0,16,0,5,69,0,74,3,0,3,77
02/19/2022,OCF,FL,ASO,ES,Federal Contract Tower,0,12,57,0,69,0,0,121,0,121,0,12,178,0,190,48,0,48,238
02/20/2022,OCF,FL,ASO,ES,Federal Contract Tower,0,22,36,0,58,0,0,128,0,128,0,22,164,0,186,82,0,82,268
02/21/2022,OCF,FL,ASO,ES,Federal Contract Tower,0,10,41,0,51,0,0,133,0,133,0,10,174,0,184,80,0,80,264
02/22/2022,OCF,FL,ASO,ES,Federal Contract Tower,0,6,46,2,54,0,0,125,0,125,0,6,171,2,179,138,0,138,317
02/23/2022,OCF,FL,ASO,ES,Federal Contract Tower,0,17,47,0,64,0,0,105,0,105,0,17,152,0,169,76,0,76,245
02/24/2022,OCF,FL,ASO,ES,Federal Contract Tower,0,10,44,6,60,0,0,114,1,115,0,10,158,7,175,58,30,88,263
02/25/2022,OCF,FL,ASO,ES,Federal Contract Tower,0,5,46,5,56,0,0,95,0,95,0,5,141,5,151,104,0,104,255
02/26/2022,OCF,FL,ASO,ES,Federal Contract Tower,0,8,46,0,54,0,0,135,4,139,0,8,181,4,193,86,0,86,279
02/27/2022,OCF,FL,ASO,ES,Federal Contract Tower,0,9,37,4,50,0,0,60,0,60,0,9,97,4,110,18,0,18,128
02/28/2022,OCF,FL,ASO,ES,Federal Contract Tower,0,5,50,2,57,0,0,11,0,11,0,5,61,2,68,14,0,14,82
03/01/2022,OCF,FL,ASO,ES,Federal Contract Tower,0,4,62,6,72,0,0,100,0,100,0,4,162,6,172,86,0,86,258
03/02/2022,OCF,FL,ASO,ES,Federal Contract Tower,0,15,55,2,72,0,0,117,2,119,0,15,172,4,191,52,0,52,243
03/03/2022,OCF,FL,ASO,ES,Federal Contract Tower,0,17,58,1,76,0,0,148,1,149,0,17,206,2,225,38,0,38,263
03/04/2022,OCF,FL,ASO,ES,Federal Contract Tower,0,8,54,3,65,0,0,215,0,215,0,8,269,3,280,54,0,54,334
03/05/2022,OCF,FL,ASO,ES,Federal Contract Tower,0,10,43,0,53,0,2,167,0,169,0,12,210,0,222,60,0,60,282
03/06/2022,OCF,FL,ASO,ES,Federal Contract Tower,0,14,54,0,68,0,4,104,2,110,0,18,158,2,178,46,2,48,226
03/07/2022,OCF,FL,ASO,ES,Federal Contract Tower,0,7,36,0,43,0,0,78,0,78,0,7,114,0,121,58,0,58,179
03/08/2022,OCF,FL,ASO,ES,Federal Contract Tower,0,7,45,0,52,0,0,50,0,50,0,7,95,0,102,60,0,60,162
03/09/2022,OCF,FL,ASO,ES,Federal Contract Tower,0,2,25,0,27,0,0,32,0,32,0,2,57,0,59,26,0,26,85
03/10/2022,OCF,FL,ASO,ES,Federal Contract Tower,0,9,25,4,38,0,0,24,0,24,0,9,49,4,62,6,0,6,68
03/11/2022,OCF,FL,ASO,ES,Federal Contract Tower,0,3,46,0,49,0,0,29,0,29,0,3,75,0,78,4,0,4,82
03/12/2022,OCF,FL,ASO,ES,Federal Contract Tower,0,8,22,0,30,0,0,10,0,10,0,8,32,0,40,0,0,0,40
03/13/2022,OCF,FL,ASO,ES,Federal Contract Tower,0,20,70,0,90,0,0,108,0,108,0,20,178,0,198,18,0,18,216
03/14/2022,OCF,FL,ASO,ES,Federal Contract Tower,0,12,48,4,64,0,0,102,1,103,0,12,150,5,167,64,6,70,237
03/15/2022,OCF,FL,ASO,ES,Federal Contract Tower,0,16,28,0,44,0,0,19,0,19,0,16,47,0,63,28,0,28,91
03/16/2022,OCF,FL,ASO,ES,Federal Contract Tower,0,12,53,2,67,0,0,26,0,26,0,12,79,2,93,0,0,0,93
03/17/2022,OCF,FL,ASO,ES,Federal Contract Tower,0,19,58,2,79,0,0,109,0,109,0,19,167,2,188,62,2,64,252
03/18/2022,OCF,FL,ASO,ES,Federal Contract Tower,0,6,55,0,61,0,0,115,0,115,0,6,170,0,176,80,0,80,256
03/19/2022,OCF,FL,ASO,ES,Federal Contract Tower,0,3,40,0,43,0,0,63,0,63,0,3,103,0,106,32,0,32,138
03/20/2022,OCF,FL,ASO,ES,Federal Contract Tower,0,15,58,0,73,0,0,80,0,80,0,15,138,0,153,14,0,14,167
03/21/2022,OCF,FL,ASO,ES,Federal Contract Tower,0,7,32,0,39,0,0,124,0,124,0,7,156,0,163,40,0,40,203
03/22/2022,OCF,FL,ASO,ES,Federal Contract Tower,0,10,56,2,68,0,1,97,0,98,0,11,153,2,166,140,0,140,306
03/23/2022,OCF,FL,ASO,ES,Federal Contract Tower,0,11,24,0,35,0,0,25,0,25,0,11,49,0,60,52,0,52,112
03/24/2022,OCF,FL,ASO,ES,Federal Contract Tower,0,12,26,0,38,0,0,2,0,2,0,12,28,0,40,0,0,0,40
03/25/2022,OCF,FL,ASO,ES,Federal Contract Tower,0,9,55,6,70,0,0,99,0,99,0,9,154,6,169,62,0,62,231
03/26/2022,OCF,FL,ASO,ES,Federal Contract Tower,0,4,32,0,36,0,0,96,0,96,0,4,128,0,132,30,0,30,162
03/27/2022,OCF,FL,ASO,ES,Federal Contract Tower,0,11,56,0,67,0,0,93,0,93,0,11,149,0,160,78,0,78,238
03/28/2022,OCF,FL,ASO,ES,Federal Contract Tower,0,2,49,0,51,0,0,84,1,85,0,2,133,1,136,74,0,74,210
03/29/2022,OCF,FL,ASO,ES,Federal Contract Tower,0,8,49,4,61,0,0,81,2,83,0,8,130,6,144,48,0,48,192
03/30/2022,OCF,FL,ASO,ES,Federal Contract Tower,0,8,34,0,42,0,0,108,1,109,0,8,142,1,151,54,0,54,205
03/31/2022,OCF,FL,ASO,ES,Federal Contract Tower,0,12,11,0,23,0,0,10,0,10,0,12,21,0,33,10,0,10,43
04/01/2022,OCF,FL,ASO,ES,Federal Contract Tower,0,5,40,6,51,0,0,56,4,60,0,5,96,10,111,64,0,64,175
04/02/2022,OCF,FL,ASO,ES,Federal Contract Tower,0,4,16,0,20,0,0,13,0,13,0,4,29,0,33,16,0,16,49
04/03/2022,OCF,FL,ASO,ES,Federal Contract Tower,0,7,52,0,59,0,0,87,4,91,0,7,139,4,150,94,0,94,244
04/04/2022,OCF,FL,ASO,ES,Federal Contract Tower,0,10,26,6,42,0,0,115,1,116,0,10,141,7,158,44,0,44,202
04/05/2022,OCF,FL,ASO,ES,Federal Contract Tower,0,6,28,4,38,0,0,71,0,71,0,6,99,4,109,76,6,82,191
04/06/2022,OCF,FL,ASO,ES,Federal Contract Tower,0,7,28,0,35,0,0,27,0,27,0,7,55,0,62,26,0,26,88
04/07/2022,OCF,FL,ASO,ES,Federal Contract Tower,0,10,28,0,38,0,0,21,0,21,0,10,49,0,59,20,0,20,79
04/08/2022,OCF,FL,ASO,ES,Federal Contract Tower,0,2,27,0,29,0,2,83,0,85,0,4,110,0,114,22,0,22,136
04/09/2022,OCF,FL,ASO,ES,Federal Contract Tower,0,2,31,0,33,0,0,57,0,57,0,2,88,0,90,44,0,44,134
04/10/2022,OCF,FL,ASO,ES,Federal Contract Tower,0,4,31,0,35,0,0,138,0,138,0,4,169,0,173,18,0,18,191
04/11/2022,OCF,FL,ASO,ES,Federal Contract Tower,0,8,27,4,39,0,2,115,0,117,0,10,142,4,156,54,8,62,218
04/12/2022,OCF,FL,ASO,ES,Federal Contract Tower,1,8,33,0,42,0,0,122,0,122,1,8,155,0,164,110,0,110,274
04/13/2022,OCF,FL,ASO,ES,Federal Contract Tower,0,4,44,3,51,0,2,100,0,102,0,6,144,3,153,56,0,56,209
04/14/2022,OCF,FL,ASO,ES,Federal Contract Tower,0,3,36,0,39,0,0,42,0,42,0,3,78,0,81,26,0,26,107
04/15/2022,OCF,FL,ASO,ES,Federal Contract Tower,0,14,27,0,41,0,0,70,0,70,0,14,97,0,111,66,0,66,177
04/16/2022,OCF,FL,ASO,ES,Federal Contract Tower,0,11,25,0,36,0,0,78,0,78,0,11,103,0,114,34,0,34,148
04/17/2022,OCF,FL,ASO,ES,Federal Contract Tower,0,14,15,0,29,0,0,40,0,40,0,14,55,0,69,36,0,36,105
04/18/2022,OCF,FL,ASO,ES,Federal Contract Tower,0,11,57,0,68,0,0,57,0,57,0,11,114,0,125,78,0,78,203
04/19/2022,OCF,FL,ASO,ES,Federal Contract Tower,0,8,63,4,75,0,0,115,0,115,0,8,178,4,190,78,0,78,268
04/20/2022,OCF,FL,ASO,ES,Federal Contract Tower,0,15,48,1,64,0,0,90,0,90,0,15,138,1,154,52,8,60,214
04/21/2022,OCF,FL,ASO,ES,Federal Contract Tower,0,17,42,0,59,0,1,80,0,81,0,18,122,0,140,44,0,44,184
04/22/2022,OCF,FL,ASO,ES,Federal Contract Tower,0,7,66,0,73,0,0,89,0,89,0,7,155,0,162,50,0,50,212
04/23/2022,OCF,FL,ASO,ES,Federal Contract Tower,0,14,39,0,53,0,0,101,0,101,0,14,140,0,154,76,0,76,230
04/24/2022,OCF,FL,ASO,ES,Federal Contract Tower,0,9,29,0,38,0,0,72,0,72,0,9,101,0,110,60,0,60,170
04/25/2022,OCF,FL,ASO,ES,Federal Contract Tower,0,5,23,0,28,0,0,104,0,104,0,5,127,0,132,36,0,36,168
04/26/2022,OCF,FL,ASO,ES,Federal Contract Tower,0,8,32,0,40,0,0,126,0,126,0,8,158,0,166,84,0,84,250
04/27/2022,OCF,FL,ASO,ES,Federal Contract Tower,0,7,53,6,66,0,0,62,4,66,0,7,115,10,132,74,6,80,212
04/28/2022,OCF,FL,ASO,ES,Federal Contract Tower,0,7,32,4,43,0,0,76,4,80,0,7,108,8,123,26,8,34,157
04/29/2022,OCF,FL,ASO,ES,Federal Contract Tower,0,12,32,0,44,0,0,91,0,91,0,12,123,0,135,70,0,70,205
04/30/2022,OCF,FL,ASO,ES,Federal Contract Tower,0,13,20,0,33,0,1,57,0,58,0,14,77,0,91,68,0,68,159
05/01/2022,OCF,FL,ASO,ES,Federal Contract Tower,0,6,32,0,38,0,0,49,0,49,0,6,81,0,87,54,0,54,141
05/02/2022,OCF,FL,ASO,ES,Federal Contract Tower,0,5,42,0,47,0,0,101,0,101,0,5,143,0,148,78,0,78,226
05/03/2022,OCF,FL,ASO,ES,Federal Contract Tower,0,2,42,0,44,0,0,96,0,96,0,2,138,0,140,62,0,62,202
05/04/2022,OCF,FL,ASO,ES,Federal Contract Tower,0,3,44,3,50,0,0,147,0,147,0,3,191,3,197,61,0,61,258
05/05/2022,OCF,FL,ASO,ES,Federal Contract Tower,0,7,38,0,45,0,0,152,4,156,0,7,190,4,201,4,30,34,235
05/06/2022,OCF,FL,ASO,ES,Federal Contract Tower,0,3,34,0,37,0,0,93,0,93,0,3,127,0,130,34,0,34,164
05/07/2022,OCF,FL,ASO,ES,Federal Contract Tower,0,1,23,0,24,0,2,51,0,53,0,3,74,0,77,8,0,8,85
05/08/2022,OCF,FL,ASO,ES,Federal Contract Tower,0,6,31,0,37,0,0,59,0,59,0,6,90,0,96,78,0,78,174
05/09/2022,OCF,FL,ASO,ES,Federal Contract Tower,0,9,45,4,58,0,0,78,0,78,0,9,123,4,136,22,0,22,158
05/10/2022,OCF,FL,ASO,ES,Federal Contract Tower,0,7,47,0,54,0,0,71,0,71,0,7,118,0,125,68,0,68,193
05/11/2022,OCF,FL,ASO,ES,Federal Contract Tower,0,6,71,0,77,0,0,77,0,77,0,6,148,0,154,46,0,46,200
05/12/2022,OCF,FL,ASO,ES,Federal Contract Tower,0,4,58,6,68,0,0,115,0,115,0,4,173,6,183,44,0,44,227
05/13/2022,OCF,FL,ASO,ES,Federal Contract Tower,0,7,47,0,54,0,0,88,2,90,0,7,135,2,144,86,0,86,230
05/14/2022,OCF,FL,ASO,ES,Federal Contract Tower,0,2,25,0,27,0,0,91,0,91,0,2,116,0,118,24,0,24,142
05/15/2022,OCF,FL,ASO,ES,Federal Contract Tower,0,5,11,0,16,0,0,61,0,61,0,5,72,0,77,24,0,24,101
05/16/2022,OCF,FL,ASO,ES,Federal Contract Tower,0,2,40,0,42,0,0,86,2,88,0,2,126,2,130,58,4,62,192
05/17/2022,OCF,FL,ASO,ES,Federal Contract Tower,0,13,54,0,67,0,0,127,0,127,0,13,181,0,194,78,0,78,272
05/18/2022,OCF,FL,ASO,ES,Federal Contract Tower,0,0,41,0,41,0,0,86,0,86,0,0,127,0,127,54,0,54,181
05/19/2022,OCF,FL,ASO,ES,Federal Contract Tower,0,6,39,1,46,0,0,88,1,89,0,6,127,2,135,80,0,80,215
05/20/2022,OCF,FL,ASO,ES,Federal Contract Tower,0,1,26,0,27,0,2,64,0,66,0,3,90,0,93,46,10,56,149
05/21/2022,OCF,FL,ASO,ES,Federal Contract Tower,0,3,21,0,24,0,0,28,0,28,0,3,49,0,52,20,0,20,72
05/22/2022,OCF,FL,ASO,ES,Federal Contract Tower,0,2,36,0,38,0,0,18,0,18,0,2,54,0,56,2,0,2,58
05/23/2022,OCF,FL,ASO,ES,Federal Contract Tower,0,3,29,7,39,0,0,92,0,92,0,3,121,7,131,86,0,86,217
05/24/2022,OCF,FL,ASO,ES,Federal Contract Tower,0,6,53,4,63,0,2,89,0,91,0,8,142,4,154,86,4,90,244
05/25/2022,OCF,FL,ASO,ES,Federal Contract Tower,0,1,56,2,59,0,0,94,2,96,0,1,150,4,155,96,0,96,251
05/26/2022,OCF,FL,ASO,ES,Federal Contract Tower,0,3,40,0,43,0,0,89,0,89,0,3,129,0,132,78,0,78,210
05/27/2022,OCF,FL,ASO,ES,Federal Contract Tower,0,5,44,4,53,0,0,36,0,36,0,5,80,4,89,28,0,28,117
05/28/2022,OCF,FL,ASO,ES,Federal Contract Tower,0,1,27,0,28,0,0,81,0,81,0,1,108,0,109,20,0,20,129
05/29/2022,OCF,FL,ASO,ES,Federal Contract Tower,0,0,23,0,23,0,0,60,0,60,0,0,83,0,83,4,0,4,87
05/30/2022,OCF,FL,ASO,ES,Federal Contract Tower,0,3,33,0,36,0,0,86,0,86,0,3,119,0,122,22,0,22,144
05/31/2022,OCF,FL,ASO,ES,Federal Contract Tower,0,5,45,0,50,0,0,100,0,100,0,5,145,0,150,50,0,50,200
06/01/2022,OCF,FL,ASO,ES,Federal Contract Tower,0,0,61,2,63,0,0,68,0,68,0,0,129,2,131,32,0,32,163
06/02/2022,OCF,FL,ASO,ES,Federal Contract Tower,0,4,55,2,61,0,0,95,3,98,0,4,150,5,159,50,22,72,231
06/03/2022,OCF,FL,ASO,ES,Federal Contract Tower,0,0,29,0,29,0,0,76,0,76,0,0,105,0,105,64,0,64,169
06/04/2022,OCF,FL,ASO,ES,Federal Contract Tower,0,1,36,0,37,0,0,10,0,10,0,1,46,0,47,22,0,22,69
06/05/2022,OCF,FL,ASO,ES,Federal Contract Tower,0,4,31,0,35,0,0,50,0,50,0,4,81,0,85,40,0,40,125
06/06/2022,OCF,FL,ASO,ES,Federal Contract Tower,0,6,18,0,24,0,0,56,0,56,0,6,74,0,80,58,0,58,138
06/07/2022,OCF,FL,ASO,ES,Federal Contract Tower,0,3,28,2,33,0,0,96,0,96,0,3,124,2,129,68,0,68,197
06/08/2022,OCF,FL,ASO,ES,Federal Contract Tower,0,4,26,5,35,0,0,102,0,102,0,4,128,5,137,94,2,96,233
06/09/2022,OCF,FL,ASO,ES,Federal Contract Tower,0,8,54,0,62,0,0,94,0,94,0,8,148,0,156,56,0,56,212
06/10/2022,OCF,FL,ASO,ES,Federal Contract Tower,0,7,11,0,18,0,0,48,0,48,0,7,59,0,66,74,0,74,140
06/11/2022,OCF,FL,ASO,ES,Federal Contract Tower,0,3,26,0,29,0,0,10,0,10,0,3,36,0,39,26,0,26,65
06/12/2022,OCF,FL,ASO,ES,Federal Contract Tower,0,3,23,0,26,0,0,39,0,39,0,3,62,0,65,14,0,14,79
06/13/2022,OCF,FL,ASO,ES,Federal Contract Tower,0,5,21,0,26,0,0,50,0,50,0,5,71,0,76,92,0,92,168
06/14/2022,OCF,FL,ASO,ES,Federal Contract Tower,0,3,25,0,28,0,0,95,0,95,0,3,120,0,123,90,0,90,213
06/15/2022,OCF,FL,ASO,ES,Federal Contract Tower,0,8,52,4,64,0,0,121,3,124,0,8,173,7,188,110,2,112,300
06/16/2022,OCF,FL,ASO,ES,Federal Contract Tower,0,3,42,3,48,0,0,99,1,100,0,3,141,4,148,84,0,84,232
06/17/2022,OCF,FL,ASO,ES,Federal Contract Tower,0,6,49,0,55,0,0,109,0,109,0,6,158,0,164,92,0,92,256
06/18/2022,OCF,FL,ASO,ES,Federal Contract Tower,0,0,10,0,10,0,0,67,0,67,0,0,77,0,77,28,0,28,105
06/19/2022,OCF,FL,ASO,ES,Federal Contract Tower,0,6,22,0,28,0,0,47,0,47,0,6,69,0,75,10,0,10,85
06/20/2022,OCF,FL,ASO,ES,Federal Contract Tower,0,1,57,0,58,0,0,72,0,72,0,1,129,0,130,70,0,70,200
06/21/2022,OCF,FL,ASO,ES,Federal Contract Tower,0,12,39,0,51,0,0,129,0,129,0,12,168,0,180,118,0,118,298
06/22/2022,OCF,FL,ASO,ES,Federal Contract Tower,0,3,35,9,47,0,0,142,0,142,0,3,177,9,189,98,0,98,287
06/23/2022,OCF,FL,ASO,ES,Federal Contract Tower,0,5,44,0,49,0,0,90,0,90,0,5,134,0,139,62,0,62,201
06/24/2022,OCF,FL,ASO,ES,Federal Contract Tower,0,4,28,0,32,0,0,57,0,57,0,4,85,0,89,86,0,86,175
06/25/2022,OCF,FL,ASO,ES,Federal Contract Tower,0,6,9,0,15,0,0,25,2,27,0,6,34,2,42,16,0,16,58
06/26/2022,OCF,FL,ASO,ES,Federal Contract Tower,0,1,31,0,32,0,1,53,0,54,0,2,84,0,86,20,0,20,106
06/27/2022,OCF,FL,ASO,ES,Federal Contract Tower,0,4,26,0,30,0,0,71,0,71,0,4,97,0,101,60,0,60,161
06/28/2022,OCF,FL,ASO,ES,Federal Contract Tower,0,1,36,0,37,0,0,100,0,100,0,1,136,0,137,106,0,106,243
06/29/2022,OCF,FL,ASO,ES,Federal Contract Tower,0,6,32,1,39,0,0,85,1,86,0,6,117,2,125,58,12,70,195
06/30/2022,OCF,FL,ASO,ES,Federal Contract Tower,0,1,27,0,28,0,0,78,2,80,0,1,105,2,108,74,2,76,184
07/01/2022,OCF,FL,ASO,ES,Federal Contract Tower,0,4,38,1,43,0,0,63,1,64,0,4,101,2,107,42,6,48,155
07/02/2022,OCF,FL,ASO,ES,Federal Contract Tower,0,1,22,0,23,0,0,70,0,70,0,1,92,0,93,28,0,28,121
07/03/2022,OCF,FL,ASO,ES,Federal Contract Tower,0,5,29,0,34,0,0,46,0,46,0,5,75,0,80,30,0,30,110
07/04/2022,OCF,FL,ASO,ES,Federal Contract Tower,0,2,13,0,15,0,0,51,0,51,0,2,64,0,66,36,0,36,102
07/05/2022,OCF,FL,ASO,ES,Federal Contract Tower,0,2,16,0,18,0,0,53,0,53,0,2,69,0,71,50,0,50,121
07/06/2022,OCF,FL,ASO,ES,Federal Contract Tower,0,7,10,0,17,0,0,84,0,84,0,7,94,0,101,48,0,48,149
07/07/2022,OCF,FL,ASO,ES,Federal Contract Tower,0,5,31,0,36,0,0,84,0,84,0,5,115,0,120,70,0,70,190
07/08/2022,OCF,FL,ASO,ES,Federal Contract Tower,0,4,26,0,30,0,0,90,0,90,0,4,116,0,120,54,0,54,174
07/09/2022,OCF,FL,ASO,ES,Federal Contract Tower,0,5,48,0,53,0,0,86,0,86,0,5,134,0,139,34,0,34,173
07/10/2022,OCF,FL,ASO,ES,Federal Contract Tower,5,26,0,0,31,0,0,35,0,35,5,26,35,0,66,30,0,30,96
07/11/2022,OCF,FL,ASO,ES,Federal Contract Tower,0,5,21,0,26,0,15,62,0,77,0,20,83,0,103,84,0,84,187
07/12/2022,OCF,FL,ASO,ES,Federal Contract Tower,0,1,23,0,24,0,0,103,0,103,0,1,126,0,127,70,0,70,197
07/13/2022,OCF,FL,ASO,ES,Federal Contract Tower,0,4,22,0,26,0,0,100,0,100,0,4,122,0,126,110,0,110,236
07/14/2022,OCF,FL,ASO,ES,Federal Contract Tower,0,6,47,4,57,0,0,85,1,86,0,6,132,5,143,42,0,42,185
07/15/2022,OCF,FL,ASO,ES,Federal Contract Tower,0,5,43,0,48,0,0,118,0,118,0,5,161,0,166,100,0,100,266
07/16/2022,OCF,FL,ASO,ES,Federal Contract Tower,0,0,17,0,17,0,0,57,0,57,0,0,74,0,74,60,0,60,134
07/17/2022,OCF,FL,ASO,ES,Federal Contract Tower,0,13,19,0,32,0,0,64,0,64,0,13,83,0,96,18,0,18,114
07/18/2022,OCF,FL,ASO,ES,Federal Contract Tower,0,2,30,2,34,0,0,41,0,41,0,2,71,2,75,52,0,52,127
07/19/2022,OCF,FL,ASO,ES,Federal Contract Tower,0,4,31,0,35,0,0,54,0,54,0,4,85,0,89,100,0,100,189
07/20/2022,OCF,FL,ASO,ES,Federal Contract Tower,0,5,24,0,29,0,0,79,2,81,0,5,103,2,110,72,4,76,186
07/21/2022,OCF,FL,ASO,ES,Federal Contract Tower,0,1,47,5,53,0,0,104,3,107,0,1,151,8,160,122,0,122,282
07/22/2022,OCF,FL,ASO,ES,Federal Contract Tower,0,7,31,0,38,0,0,104,0,104,0,7,135,0,142,98,0,98,240
07/23/2022,OCF,FL,ASO,ES,Federal Contract Tower,0,4,32,0,36,0,0,74,0,74,0,4,106,0,110,52,0,52,162
07/24/2022,OCF,FL,ASO,ES,Federal Contract Tower,0,5,33,0,38,0,0,34,0,34,0,5,67,0,72,28,0,28,100
07/25/2022,OCF,FL,ASO,ES,Federal Contract Tower,0,1,52,0,53,0,0,98,0,98,0,1,150,0,151,74,0,74,225
07/26/2022,OCF,FL,ASO,ES,Federal Contract Tower,0,2,26,0,28,0,0,105,0,105,0,2,131,0,133,84,0,84,217
07/27/2022,OCF,FL,ASO,ES,Federal Contract Tower,0,3,47,0,50,0,0,63,2,65,0,3,110,2,115,54,0,54,169
07/28/2022,OCF,FL,ASO,ES,Federal Contract Tower,0,6,29,4,39,0,2,134,0,136,0,8,163,4,175,80,0,80,255
07/29/2022,OCF,FL,ASO,ES,Federal Contract Tower,0,4,33,0,37,0,0,98,0,98,0,4,131,0,135,91,0,91,226
07/30/2022,OCF,FL,ASO,ES,Federal Contract Tower,0,3,23,0,26,0,0,85,0,85,0,3,108,0,111,38,0,38,149
07/31/2022,OCF,FL,ASO,ES,Federal Contract Tower,0,3,22,0,25,0,0,85,0,85,0,3,107,0,110,30,0,30,140
08/01/2022,OCF,FL,ASO,ES,Federal Contract Tower,0,4,33,0,37,0,0,103,0,103,0,4,136,0,140,88,0,88,228
08/02/2022,OCF,FL,ASO,ES,Federal Contract Tower,0,2,25,0,27,0,0,83,0,83,0,2,108,0,110,54,0,54,164
08/03/2022,OCF,FL,ASO,ES,Federal Contract Tower,0,3,26,0,29,0,0,96,0,96,0,3,122,0,125,72,0,72,197
08/04/2022,OCF,FL,ASO,ES,Federal Contract Tower,0,5,27,0,32,0,0,100,0,100,0,5,127,0,132,150,0,150,282
08/05/2022,OCF,FL,ASO,ES,Federal Contract Tower,0,6,42,0,48,0,0,81,0,81,0,6,123,0,129,44,0,44,173
08/06/2022,OCF,FL,ASO,ES,Federal Contract Tower,0,0,16,1,17,0,0,90,0,90,0,0,106,1,107,132,0,132,239
08/07/2022,OCF,FL,ASO,ES,Federal Contract Tower,0,4,19,2,25,0,0,84,1,85,0,4,103,3,110,136,8,144,254
08/08/2022,OCF,FL,ASO,ES,Federal Contract Tower,0,1,24,0,25,0,0,78,0,78,0,1,102,0,103,60,0,60,163
08/09/2022,OCF,FL,ASO,ES,Federal Contract Tower,0,1,23,0,24,0,0,98,0,98,0,1,121,0,122,136,0,136,258
08/10/2022,OCF,FL,ASO,ES,Federal Contract Tower,0,2,47,0,49,0,0,101,0,101,0,2,148,0,150,130,0,130,280
08/11/2022,OCF,FL,ASO,ES,Federal Contract Tower,0,4,30,0,34,0,0,104,0,104,0,4,134,0,138,118,0,118,256
08/12/2022,OCF,FL,ASO,ES,Federal Contract Tower,0,2,32,0,34,0,0,88,0,88,0,2,120,0,122,82,0,82,204
08/13/2022,OCF,FL,ASO,ES,Federal Contract Tower,0,2,33,0,35,0,0,77,0,77,0,2,110,0,112,50,0,50,162
08/14/2022,OCF,FL,ASO,ES,Federal Contract Tower,0,0,36,0,36,0,0,43,0,43,0,0,79,0,79,22,0,22,101
08/15/2022,OCF,FL,ASO,ES,Federal Contract Tower,0,0,43,0,43,0,0,106,0,106,0,0,149,0,149,98,0,98,247
08/16/2022,OCF,FL,ASO,ES,Federal Contract Tower,0,1,26,4,31,0,0,126,0,126,0,1,152,4,157,88,0,88,245
08/17/2022,OCF,FL,ASO,ES,Federal Contract Tower,0,8,27,0,35,0,0,69,2,71,0,8,96,2,106,54,0,54,160
08/18/2022,OCF,FL,ASO,ES,Federal Contract Tower,0,0,35,0,35,0,0,78,0,78,0,0,113,0,113,92,0,92,205
08/19/2022,OCF,FL,ASO,ES,Federal Contract Tower,0,7,23,4,34,0,0,90,0,90,0,7,113,4,124,134,20,154,278
08/20/2022,OCF,FL,ASO,ES,Federal Contract Tower,0,3,23,0,26,0,0,75,0,75,0,3,98,0,101,70,0,70,171
08/21/2022,OCF,FL,ASO,ES,Federal Contract Tower,0,2,19,0,21,0,0,43,0,43,0,2,62,0,64,38,0,38,102
08/22/2022,OCF,FL,ASO,ES,Federal Contract Tower,0,0,23,0,23,0,0,96,0,96,0,0,119,0,119,80,0,80,199
08/23/2022,OCF,FL,ASO,ES,Federal Contract Tower,0,2,35,2,39,0,0,94,0,94,0,2,129,2,133,112,0,112,245
08/24/2022,OCF,FL,ASO,ES,Federal Contract Tower,0,4,32,2,38,0,0,99,0,99,0,4,131,2,137,108,0,108,245
08/25/2022,OCF,FL,ASO,ES,Federal Contract Tower,0,8,27,0,35,0,0,96,0,96,0,8,123,0,131,80,0,80,211
08/26/2022,OCF,FL,ASO,ES,Federal Contract Tower,0,4,26,0,30,0,0,102,0,102,0,4,128,0,132,86,0,86,218
08/27/2022,OCF,FL,ASO,ES,Federal Contract Tower,0,1,30,0,31,0,0,32,0,32,0,1,62,0,63,14,0,14,77
08/28/2022,OCF,FL,ASO,ES,Federal Contract Tower,0,1,23,0,24,0,0,39,0,39,0,1,62,0,63,38,0,38,101
08/29/2022,OCF,FL,ASO,ES,Federal Contract Tower,0,5,28,0,33,0,0,43,0,43,0,5,71,0,76,74,0,74,150
08/30/2022,OCF,FL,ASO,ES,Federal Contract Tower,0,6,19,0,25,0,0,66,3,69,0,6,85,3,94,110,0,110,204
08/31/2022,OCF,FL,ASO,ES,Federal Contract Tower,0,3,23,0,26,0,0,85,0,85,0,3,108,0,111,200,0,200,311
09/01/2022,OCF,FL,ASO,ES,Federal Contract Tower,0,3,21,0,24,0,0,94,2,96,0,3,115,2,120,48,0,48,168
09/02/2022,OCF,FL,ASO,ES,Federal Contract Tower,0,5,38,0,43,0,0,113,0,113,0,5,151,0,156,36,0,36,192
09/03/2022,OCF,FL,ASO,ES,Federal Contract Tower,0,2,42,0,44,0,0,71,0,71,0,2,113,0,115,38,0,38,153
09/04/2022,OCF,FL,ASO,ES,Federal Contract Tower,0,1,17,0,18,0,0,69,0,69,0,1,86,0,87,62,0,62,149
09/05/2022,OCF,FL,ASO,ES,Federal Contract Tower,0,9,24,0,33,0,0,115,0,115,0,9,139,0,148,106,0,106,254
09/06/2022,OCF,FL,ASO,ES,Federal Contract Tower,0,1,36,0,37,0,0,110,0,110,0,1,146,0,147,78,0,78,225
09/07/2022,OCF,FL,ASO,ES,Federal Contract Tower,0,0,36,0,36,0,0,87,0,87,0,0,123,0,123,130,0,130,253
09/08/2022,OCF,FL,ASO,ES,Federal Contract Tower,0,5,17,0,22,0,0,7,0,7,0,5,24,0,29,14,0,14,43
09/09/2022,OCF,FL,ASO,ES,Federal Contract Tower,2,7,41,0,50,0,0,52,0,52,2,7,93,0,102,64,0,64,166
09/10/2022,OCF,FL,ASO,ES,Federal Contract Tower,0,2,13,0,15,0,0,55,0,55,0,2,68,0,70,14,0,14,84
09/11/2022,OCF,FL,ASO,ES,Federal Contract Tower,0,10,28,0,38,0,0,68,0,68,0,10,96,0,106,24,0,24,130
09/12/2022,OCF,FL,ASO,ES,Federal Contract Tower,0,3,17,0,20,0,0,87,0,87,0,3,104,0,107,102,0,102,209
09/13/2022,OCF,FL,ASO,ES,Federal Contract Tower,0,4,23,0,27,0,0,66,0,66,0,4,89,0,93,92,0,92,185
09/14/2022,OCF,FL,ASO,ES,Federal Contract Tower,0,4,26,0,30,0,0,67,0,67,0,4,93,0,97,124,0,124,221
09/15/2022,OCF,FL,ASO,ES,Federal Contract Tower,0,0,43,2,45,0,0,65,0,65,0,0,108,2,110,70,0,70,180
09/16/2022,OCF,FL,ASO,ES,Federal Contract Tower,0,5,41,0,46,0,0,62,0,62,0,5,103,0,108,44,0,44,152
09/17/2022,OCF,FL,ASO,ES,Federal Contract Tower,0,0,32,0,32,0,0,63,0,63,0,0,95,0,95,26,0,26,121
09/18/2022,OCF,FL,ASO,ES,Federal Contract Tower,0,5,37,0,42,0,0,16,0,16,0,5,53,0,58,6,0,6,64
09/19/2022,OCF,FL,ASO,ES,Federal Contract Tower,0,1,45,0,46,0,0,52,0,52,0,1,97,0,98,88,0,88,186
09/20/2022,OCF,FL,ASO,ES,Federal Contract Tower,0,9,43,4,56,0,0,61,0,61,0,9,104,4,117,104,0,104,221
09/21/2022,OCF,FL,ASO,ES,Federal Contract Tower,0,1,44,6,51,0,0,103,2,105,0,1,147,8,156,84,14,98,254
09/22/2022,OCF,FL,ASO,ES,Federal Contract Tower,0,4,79,4,87,0,0,137,0,137,0,4,216,4,224,56,0,56,280
09/23/2022,OCF,FL,ASO,ES,Federal Contract Tower,0,5,50,0,55,0,0,117,0,117,0,5,167,0,172,64,0,64,236
09/24/2022,OCF,FL,ASO,ES,Federal Contract Tower,0,1,22,0,23,0,0,140,4,144,0,1,162,4,167,44,0,44,211
09/25/2022,OCF,FL,ASO,ES,Federal Contract Tower,0,3,24,0,27,0,0,71,0,71,0,3,95,0,98,42,0,42,140
09/26/2022,OCF,FL,ASO,ES,Federal Contract Tower,0,2,40,1,43,0,0,105,1,106,0,2,145,2,149,64,2,66,215
09/27/2022,OCF,FL,ASO,ES,Federal Contract Tower,0,3,18,0,21,0,0,55,0,55,0,3,73,0,76,48,0,48,124
09/28/2022,OCF,FL,ASO,ES,Federal Contract Tower,0,0,0,0,0,0,0,0,0,0,0,0,0,0,0,0,0,0,0
09/29/2022,OCF,FL,ASO,ES,Federal Contract Tower,0,0,3,0,3,0,1,3,0,4,0,1,6,0,7,0,0,0,7
09/30/2022,OCF,FL,ASO,ES,Federal Contract Tower,0,0,16,0,16,0,0,59,0,59,0,0,75,0,75,26,0,26,101
10/01/2022,OCF,FL,ASO,ES,Federal Contract Tower,0,2,32,0,34,0,0,75,0,75,0,2,107,0,109,52,0,52,161
10/02/2022,OCF,FL,ASO,ES,Federal Contract Tower,0,1,17,0,18,0,0,68,0,68,0,1,85,0,86,18,0,18,104
10/03/2022,OCF,FL,ASO,ES,Federal Contract Tower,0,3,27,0,30,0,0,108,0,108,0,3,135,0,138,44,0,44,182
10/04/2022,OCF,FL,ASO,ES,Federal Contract Tower,0,3,39,0,42,0,0,93,0,93,0,3,132,0,135,80,0,80,215
10/05/2022,OCF,FL,ASO,ES,Federal Contract Tower,0,3,42,0,45,0,1,115,0,116,0,4,157,0,161,62,0,62,223
10/06/2022,OCF,FL,ASO,ES,Federal Contract Tower,0,9,29,0,38,0,0,157,2,159,0,9,186,2,197,42,0,42,239
10/07/2022,OCF,FL,ASO,ES,Federal Contract Tower,2,2,61,0,65,0,0,151,0,151,2,2,212,0,216,42,0,42,258
10/08/2022,OCF,FL,ASO,ES,Federal Contract Tower,0,4,20,0,24,0,0,91,0,91,0,4,111,0,115,80,0,80,195
10/09/2022,OCF,FL,ASO,ES,Federal Contract Tower,0,6,32,0,38,0,0,94,0,94,0,6,126,0,132,44,0,44,176
10/10/2022,OCF,FL,ASO,ES,Federal Contract Tower,0,0,31,0,31,0,0,92,0,92,0,0,123,0,123,54,0,54,177
10/11/2022,OCF,FL,ASO,ES,Federal Contract Tower,0,7,46,0,53,0,0,59,0,59,0,7,105,0,112,56,0,56,168
10/12/2022,OCF,FL,ASO,ES,Federal Contract Tower,0,9,17,2,28,0,0,95,0,95,0,9,112,2,123,80,10,90,213
10/13/2022,OCF,FL,ASO,ES,Federal Contract Tower,0,3,31,0,34,0,0,45,0,45,0,3,76,0,79,34,0,34,113
10/14/2022,OCF,FL,ASO,ES,Federal Contract Tower,0,1,58,4,63,0,0,138,0,138,0,1,196,4,201,74,0,74,275
10/15/2022,OCF,FL,ASO,ES,Federal Contract Tower,0,3,29,0,32,0,0,109,0,109,0,3,138,0,141,54,0,54,195
10/16/2022,OCF,FL,ASO,ES,Federal Contract Tower,0,4,31,0,35,0,0,101,0,101,0,4,132,0,136,24,0,24,160
10/17/2022,OCF,FL,ASO,ES,Federal Contract Tower,0,8,35,0,43,0,0,83,0,83,0,8,118,0,126,36,0,36,162
10/18/2022,OCF,FL,ASO,ES,Federal Contract Tower,0,11,38,0,49,0,0,91,0,91,0,11,129,0,140,146,0,146,286
10/19/2022,OCF,FL,ASO,ES,Federal Contract Tower,0,10,45,0,55,0,0,107,0,107,0,10,152,0,162,88,0,88,250
10/20/2022,OCF,FL,ASO,ES,Federal Contract Tower,0,8,37,0,45,0,0,122,0,122,0,8,159,0,167,178,0,178,345
10/21/2022,OCF,FL,ASO,ES,Federal Contract Tower,0,3,85,4,92,0,0,144,0,144,0,3,229,4,236,110,0,110,346
10/22/2022,OCF,FL,ASO,ES,Federal Contract Tower,0,5,36,0,41,0,0,109,2,111,0,5,145,2,152,28,0,28,180
10/23/2022,OCF,FL,ASO,ES,Federal Contract Tower,0,7,29,0,36,0,0,106,0,106,0,7,135,0,142,16,0,16,158
10/24/2022,OCF,FL,ASO,ES,Federal Contract Tower,0,2,36,0,38,0,0,98,0,98,0,2,134,0,136,54,0,54,190
10/25/2022,OCF,FL,ASO,ES,Federal Contract Tower,0,12,53,2,67,0,0,126,2,128,0,12,179,4,195,130,0,130,325
10/26/2022,OCF,FL,ASO,ES,Federal Contract Tower,0,4,29,0,33,0,0,102,0,102,0,4,131,0,135,100,0,100,235
10/27/2022,OCF,FL,ASO,ES,Federal Contract Tower,0,5,46,0,51,0,0,76,0,76,0,5,122,0,127,124,0,124,251
10/28/2022,OCF,FL,ASO,ES,Federal Contract Tower,0,5,37,0,42,0,0,15,0,15,0,5,52,0,57,46,0,46,103
10/29/2022,OCF,FL,ASO,ES,Federal Contract Tower,0,3,45,0,48,0,0,10,0,10,0,3,55,0,58,18,0,18,76
10/30/2022,OCF,FL,ASO,ES,Federal Contract Tower,0,7,38,0,45,0,0,46,0,46,0,7,84,0,91,6,0,6,97
10/31/2022,OCF,FL,ASO,ES,Federal Contract Tower,0,6,25,1,32,0,75,0,2,77,0,81,25,3,109,66,12,78,187
11/01/2022,OCF,FL,ASO,ES,Federal Contract Tower,0,2,34,0,36,0,0,122,0,122,0,2,156,0,158,72,0,72,230
11/02/2022,OCF,FL,ASO,ES,Federal Contract Tower,0,5,25,2,32,0,0,46,0,46,0,5,71,2,78,64,0,64,142
11/03/2022,OCF,FL,ASO,ES,Federal Contract Tower,0,10,50,2,62,0,2,108,0,110,0,12,158,2,172,116,0,116,288
11/04/2022,OCF,FL,ASO,ES,Federal Contract Tower,0,8,52,0,60,0,0,130,0,130,0,8,182,0,190,104,0,104,294
11/05/2022,OCF,FL,ASO,ES,Federal Contract Tower,0,7,33,0,40,0,0,78,0,78,0,7,111,0,118,30,0,30,148
11/06/2022,OCF,FL,ASO,ES,Federal Contract Tower,0,6,51,0,57,0,0,60,1,61,0,6,111,1,118,68,0,68,186
11/07/2022,OCF,FL,ASO,ES,Federal Contract Tower,0,5,28,0,33,0,0,89,2,91,0,5,117,2,124,130,14,144,268
11/08/2022,OCF,FL,ASO,ES,Federal Contract Tower,0,5,33,6,44,0,0,86,5,91,0,5,119,11,135,66,0,66,201
11/09/2022,OCF,FL,ASO,ES,Federal Contract Tower,0,9,10,0,19,0,0,10,0,10,0,9,20,0,29,0,0,0,29
11/10/2022,OCF,FL,ASO,ES,Federal Contract Tower,0,1,0,0,1,0,0,0,0,0,0,1,0,0,1,0,0,0,1
11/11/2022,OCF,FL,ASO,ES,Federal Contract Tower,0,5,49,0,54,0,0,35,0,35,0,5,84,0,89,92,0,92,181
11/12/2022,OCF,FL,ASO,ES,Federal Contract Tower,0,6,36,0,42,0,0,107,0,107,0,6,143,0,149,64,0,64,213
11/13/2022,OCF,FL,ASO,ES,Federal Contract Tower,0,10,38,2,50,0,0,13,0,13,0,10,51,2,63,6,0,6,69
11/14/2022,OCF,FL,ASO,ES,Federal Contract Tower,0,11,47,2,60,0,0,138,0,138,0,11,185,2,198,104,0,104,302
11/15/2022,OCF,FL,ASO,ES,Federal Contract Tower,0,2,46,0,48,0,0,89,0,89,0,2,135,0,137,98,0,98,235
11/16/2022,OCF,FL,ASO,ES,Federal Contract Tower,0,3,54,6,63,0,0,55,0,55,0,3,109,6,118,58,0,58,176
11/17/2022,OCF,FL,ASO,ES,Federal Contract Tower,0,3,76,4,83,0,0,151,0,151,0,3,227,4,234,82,0,82,316
11/18/2022,OCF,FL,ASO,ES,Federal Contract Tower,0,6,60,0,66,0,0,146,0,146,0,6,206,0,212,104,0,104,316
11/19/2022,OCF,FL,ASO,ES,Federal Contract Tower,0,4,61,0,65,0,0,130,0,130,0,4,191,0,195,40,0,40,235
11/20/2022,OCF,FL,ASO,ES,Federal Contract Tower,0,14,38,0,52,0,0,15,0,15,0,14,53,0,67,0,0,0,67
11/21/2022,OCF,FL,ASO,ES,Federal Contract Tower,0,6,68,0,74,0,0,91,0,91,0,6,159,0,165,96,0,96,261
11/22/2022,OCF,FL,ASO,ES,Federal Contract Tower,0,0,75,2,77,0,0,7,0,7,0,0,82,2,84,0,0,0,84
11/23/2022,OCF,FL,ASO,ES,Federal Contract Tower,0,8,61,0,69,0,0,14,0,14,0,8,75,0,83,18,0,18,101
11/24/2022,OCF,FL,ASO,ES,Federal Contract Tower,0,5,14,0,19,0,0,0,0,0,0,5,14,0,19,0,0,0,19
11/25/2022,OCF,FL,ASO,ES,Federal Contract Tower,0,6,32,0,38,0,1,13,0,14,0,7,45,0,52,12,0,12,64
11/26/2022,OCF,FL,ASO,ES,Federal Contract Tower,0,9,55,6,70,0,0,18,0,18,0,9,73,6,88,40,0,40,128
11/27/2022,OCF,FL,ASO,ES,Federal Contract Tower,0,5,41,0,46,0,0,20,0,20,0,5,61,0,66,24,0,24,90
11/28/2022,OCF,FL,ASO,ES,Federal Contract Tower,0,9,45,1,55,0,0,130,2,132,0,9,175,3,187,82,46,128,315
11/29/2022,OCF,FL,ASO,ES,Federal Contract Tower,0,7,28,3,38,0,2,161,0,163,0,9,189,3,201,108,6,114,315
11/30/2022,OCF,FL,ASO,ES,Federal Contract Tower,0,1,49,1,51,0,0,107,1,108,0,1,156,2,159,78,2,80,239
12/01/2022,OCF,FL,ASO,ES,Federal Contract Tower,0,11,66,1,78,0,0,86,1,87,0,11,152,2,165,120,10,130,295
12/02/2022,OCF,FL,ASO,ES,Federal Contract Tower,0,5,47,2,54,0,0,117,0,117,0,5,164,2,171,78,2,80,251
12/03/2022,OCF,FL,ASO,ES,Federal Contract Tower,0,8,30,3,41,0,0,146,0,146,0,8,176,3,187,40,4,44,231
12/04/2022,OCF,FL,ASO,ES,Federal Contract Tower,0,2,38,0,40,0,0,73,0,73,0,2,111,0,113,60,0,60,173
12/05/2022,OCF,FL,ASO,ES,Federal Contract Tower,0,5,68,8,81,0,0,59,0,59,0,5,127,8,140,112,0,112,252
12/06/2022,OCF,FL,ASO,ES,Federal Contract Tower,0,7,59,3,69,0,0,144,3,147,0,7,203,6,216,136,0,136,352
12/07/2022,OCF,FL,ASO,ES,Federal Contract Tower,0,6,50,0,56,0,0,135,0,135,0,6,185,0,191,226,0,226,417
12/08/2022,OCF,FL,ASO,ES,Federal Contract Tower,0,3,46,2,51,0,0,145,0,145,0,3,191,2,196,198,0,198,394
12/09/2022,OCF,FL,ASO,ES,Federal Contract Tower,0,4,55,10,69,0,0,153,0,153,0,4,208,10,222,98,4,102,324
12/10/2022,OCF,FL,ASO,ES,Federal Contract Tower,0,7,43,0,50,0,0,85,0,85,0,7,128,0,135,20,0,20,155
12/11/2022,OCF,FL,ASO,ES,Federal Contract Tower,0,9,35,15,59,0,0,1,0,1,0,9,36,15,60,0,0,0,60
12/12/2022,OCF,FL,ASO,ES,Federal Contract Tower,0,2,56,6,64,0,0,103,0,103,0,2,159,6,167,117,0,117,284
12/13/2022,OCF,FL,ASO,ES,Federal Contract Tower,0,3,54,2,59,0,0,99,2,101,0,3,153,4,160,134,0,134,294
12/14/2022,OCF,FL,ASO,ES,Federal Contract Tower,0,7,37,7,51,0,0,115,1,116,0,7,152,8,167,90,8,98,265
12/15/2022,OCF,FL,ASO,ES,Federal Contract Tower,0,2,30,0,32,0,0,12,0,12,0,2,42,0,44,0,0,0,44
12/16/2022,OCF,FL,ASO,ES,Federal Contract Tower,0,3,70,0,73,0,0,178,0,178,0,3,248,0,251,104,0,104,355
12/17/2022,OCF,FL,ASO,ES,Federal Contract Tower,0,2,49,0,51,0,0,164,0,164,0,2,213,0,215,46,0,46,261
12/18/2022,OCF,FL,ASO,ES,Federal Contract Tower,0,7,45,0,52,0,0,98,0,98,0,7,143,0,150,62,0,62,212
12/19/2022,OCF,FL,ASO,ES,Federal Contract Tower,0,10,73,0,83,0,0,125,0,125,0,10,198,0,208,114,0,114,322
12/20/2022,OCF,FL,ASO,ES,Federal Contract Tower,0,18,25,9,52,0,0,38,2,40,0,18,63,11,92,44,14,58,150
12/21/2022,OCF,FL,ASO,ES,Federal Contract Tower,0,6,42,2,50,0,0,3,0,3,0,6,45,2,53,0,0,0,53
12/22/2022,OCF,FL,ASO,ES,Federal Contract Tower,0,8,21,8,37,0,0,19,0,19,0,8,40,8,56,40,0,40,96
12/23/2022,OCF,FL,ASO,ES,Federal Contract Tower,0,5,30,0,35,0,0,36,0,36,0,5,66,0,71,6,0,6,77
12/24/2022,OCF,FL,ASO,ES,Federal Contract Tower,0,1,15,0,16,0,0,47,0,47,0,1,62,0,63,54,0,54,117
12/25/2022,OCF,FL,ASO,ES,Federal Contract Tower,0,0,4,0,4,0,0,10,0,10,0,0,14,0,14,0,0,0,14
12/26/2022,OCF,FL,ASO,ES,Federal Contract Tower,0,11,42,0,53,0,0,87,0,87,0,11,129,0,140,58,0,58,198
12/27/2022,OCF,FL,ASO,ES,Federal Contract Tower,0,1,38,0,39,0,0,114,0,114,0,1,152,0,153,64,0,64,217
12/28/2022,OCF,FL,ASO,ES,Federal Contract Tower,0,9,40,0,49,0,0,140,0,140,0,9,180,0,189,36,0,36,225
12/29/2022,OCF,FL,ASO,ES,Federal Contract Tower,0,10,29,0,39,0,0,165,0,165,0,10,194,0,204,118,0,118,322
12/30/2022,OCF,FL,ASO,ES,Federal Contract Tower,0,7,37,0,44,0,0,152,0,152,0,7,189,0,196,156,0,156,352
12/31/2022,OCF,FL,ASO,ES,Federal Contract Tower,0,4,22,0,26,0,0,2,0,2,0,4,24,0,28,0,0,0,28
01/01/2023,OCF,FL,ASO,ES,Federal Contract Tower,0,4,24,0,28,0,0,34,0,34,0,4,58,0,62,26,0,26,88
01/02/2023,OCF,FL,ASO,ES,Federal Contract Tower,0,2,47,0,49,0,0,105,0,105,0,2,152,0,154,96,0,96,250
01/03/2023,OCF,FL,ASO,ES,Federal Contract Tower,0,13,55,0,68,0,0,78,0,78,0,13,133,0,146,180,0,180,326
01/04/2023,OCF,FL,ASO,ES,Federal Contract Tower,0,8,39,2,49,0,4,21,0,25,0,12,60,2,74,26,0,26,100
01/05/2023,OCF,FL,ASO,ES,Federal Contract Tower,0,10,41,2,53,0,0,117,0,117,0,10,158,2,170,130,0,130,300
01/06/2023,OCF,FL,ASO,ES,Federal Contract Tower,0,15,50,2,67,0,0,172,0,172,0,15,222,2,239,124,0,124,363
01/07/2023,OCF,FL,ASO,ES,Federal Contract Tower,0,2,41,0,43,0,0,179,0,179,0,2,220,0,222,92,0,92,314
01/08/2023,OCF,FL,ASO,ES,Federal Contract Tower,0,15,36,0,51,0,0,125,0,125,0,15,161,0,176,102,0,102,278
01/09/2023,OCF,FL,ASO,ES,Federal Contract Tower,0,6,45,0,51,0,0,121,0,121,0,6,166,0,172,122,0,122,294
01/10/2023,OCF,FL,ASO,ES,Federal Contract Tower,0,8,60,4,72,0,0,138,0,138,0,8,198,4,210,90,2,92,302
01/11/2023,OCF,FL,ASO,ES,Federal Contract Tower,0,2,59,0,61,0,0,133,0,133,0,2,192,0,194,114,0,114,308
01/12/2023,OCF,FL,ASO,ES,Federal Contract Tower,0,6,64,7,77,0,2,161,1,164,0,8,225,8,241,92,12,104,345
01/13/2023,OCF,FL,ASO,ES,Federal Contract Tower,0,7,56,6,69,0,0,40,0,40,0,7,96,6,109,42,0,42,151
01/14/2023,OCF,FL,ASO,ES,Federal Contract Tower,0,9,39,0,48,0,0,81,0,81,0,9,120,0,129,46,0,46,175
01/15/2023,OCF,FL,ASO,ES,Federal Contract Tower,0,14,49,0,63,0,0,122,0,122,0,14,171,0,185,80,0,80,265
01/16/2023,OCF,FL,ASO,ES,Federal Contract Tower,0,10,30,0,40,0,0,154,0,154,0,10,184,0,194,102,0,102,296
01/17/2023,OCF,FL,ASO,ES,Federal Contract Tower,0,7,40,0,47,0,0,118,0,118,0,7,158,0,165,98,0,98,263
01/18/2023,OCF,FL,ASO,ES,Federal Contract Tower,0,7,48,0,55,0,0,141,0,141,0,7,189,0,196,128,0,128,324
01/19/2023,OCF,FL,ASO,ES,Federal Contract Tower,0,0,42,0,42,0,0,108,1,109,0,0,150,1,151,84,0,84,235
01/20/2023,OCF,FL,ASO,ES,Federal Contract Tower,0,5,71,2,78,0,0,130,2,132,0,5,201,4,210,84,0,84,294
01/21/2023,OCF,FL,ASO,ES,Federal Contract Tower,0,7,50,0,57,0,0,55,0,55,0,7,105,0,112,16,0,16,128
01/22/2023,OCF,FL,ASO,ES,Federal Contract Tower,0,6,27,0,33,0,0,34,0,34,0,6,61,0,67,10,0,10,77
01/23/2023,OCF,FL,ASO,ES,Federal Contract Tower,0,10,93,5,108,0,1,125,1,127,0,11,218,6,235,74,0,74,309
01/24/2023,OCF,FL,ASO,ES,Federal Contract Tower,0,6,68,0,74,0,0,151,0,151,0,6,219,0,225,58,0,58,283
01/25/2023,OCF,FL,ASO,ES,Federal Contract Tower,0,10,35,0,45,0,0,22,0,22,0,10,57,0,67,22,0,22,89
01/26/2023,OCF,FL,ASO,ES,Federal Contract Tower,0,9,84,4,97,0,2,93,0,95,0,11,177,4,192,76,8,84,276
01/27/2023,OCF,FL,ASO,ES,Federal Contract Tower,0,9,107,0,116,0,0,174,1,175,0,9,281,1,291,98,0,98,389
01/28/2023,OCF,FL,ASO,ES,Federal Contract Tower,0,1,46,0,47,0,2,119,0,121,0,3,165,0,168,106,0,106,274
01/29/2023,OCF,FL,ASO,ES,Federal Contract Tower,0,19,44,0,63,0,0,90,0,90,0,19,134,0,153,44,0,44,197
01/30/2023,OCF,FL,ASO,ES,Federal Contract Tower,0,11,41,4,56,0,0,144,2,146,0,11,185,6,202,94,8,102,304
01/31/2023,OCF,FL,ASO,ES,Federal Contract Tower,0,11,27,11,49,0,0,106,1,107,0,11,133,12,156,78,12,90,246
02/01/2023,OCF,FL,ASO,ES,Federal Contract Tower,0,4,72,0,76,0,0,115,1,116,0,4,187,1,192,108,0,108,300
02/02/2023,OCF,FL,ASO,ES,Federal Contract Tower,0,4,67,6,77,0,0,122,1,123,0,4,189,7,200,50,8,58,258
02/03/2023,OCF,FL,ASO,ES,Federal Contract Tower,0,5,27,0,32,0,0,9,0,9,0,5,36,0,41,16,0,16,57
02/04/2023,OCF,FL,ASO,ES,Federal Contract Tower,0,3,73,1,77,0,0,75,1,76,0,3,148,2,153,12,6,18,171
02/05/2023,OCF,FL,ASO,ES,Federal Contract Tower,0,7,52,0,59,0,0,45,0,45,0,7,97,0,104,30,0,30,134
02/06/2023,OCF,FL,ASO,ES,Federal Contract Tower,0,16,66,3,85,0,0,116,0,116,0,16,182,3,201,88,0,88,289
02/07/2023,OCF,FL,ASO,ES,Federal Contract Tower,0,2,57,3,62,0,0,150,1,151,0,2,207,4,213,130,0,130,343
02/08/2023,OCF,FL,ASO,ES,Federal Contract Tower,0,11,61,2,74,0,0,164,0,164,0,11,225,2,238,58,8,66,304
02/09/2023,OCF,FL,ASO,ES,Federal Contract Tower,0,11,55,4,70,0,0,116,0,116,0,11,171,4,186,122,0,122,308
02/10/2023,OCF,FL,ASO,ES,Federal Contract Tower,0,18,51,0,69,0,0,30,0,30,0,18,81,0,99,32,0,32,131
02/11/2023,OCF,FL,ASO,ES,Federal Contract Tower,0,9,19,0,28,0,0,0,0,0,0,9,19,0,28,6,0,6,34
02/12/2023,OCF,FL,ASO,ES,Federal Contract Tower,0,22,24,0,46,0,0,6,0,6,0,22,30,0,52,0,0,0,52
02/13/2023,OCF,FL,ASO,ES,Federal Contract Tower,0,7,61,4,72,0,0,162,2,164,0,7,223,6,236,98,0,98,334
02/14/2023,OCF,FL,ASO,ES,Federal Contract Tower,0,5,50,0,55,0,0,145,0,145,0,5,195,0,200,76,0,76,276
02/15/2023,OCF,FL,ASO,ES,Federal Contract Tower,0,4,50,0,54,0,0,158,2,160,0,4,208,2,214,58,6,64,278
02/16/2023,OCF,FL,ASO,ES,Federal Contract Tower,0,11,60,4,75,0,0,145,0,145,0,11,205,4,220,56,0,56,276
02/17/2023,OCF,FL,ASO,ES,Federal Contract Tower,0,2,39,0,41,0,0,104,0,104,0,2,143,0,145,52,0,52,197
02/18/2023,OCF,FL,ASO,ES,Federal Contract Tower,0,1,46,0,47,0,0,117,0,117,0,1,163,0,164,34,0,34,198
02/19/2023,OCF,FL,ASO,ES,Federal Contract Tower,0,12,64,0,76,0,0,106,0,106,0,12,170,0,182,42,0,42,224
02/20/2023,OCF,FL,ASO,ES,Federal Contract Tower,0,5,63,0,68,0,0,64,0,64,0,5,127,0,132,52,0,52,184
02/21/2023,OCF,FL,ASO,ES,Federal Contract Tower,0,14,42,2,58,0,0,119,0,119,0,14,161,2,177,126,0,126,303
02/22/2023,OCF,FL,ASO,ES,Federal Contract Tower,0,5,49,2,56,0,0,92,0,92,0,5,141,2,148,116,0,116,264
02/23/2023,OCF,FL,ASO,ES,Federal Contract Tower,0,11,42,0,53,0,0,147,2,149,0,11,189,2,202,112,0,112,314
02/24/2023,OCF,FL,ASO,ES,Federal Contract Tower,0,13,63,18,94,0,0,125,0,125,0,13,188,18,219,78,0,78,297
02/25/2023,OCF,FL,ASO,ES,Federal Contract Tower,0,7,44,4,55,0,0,163,0,163,0,7,207,4,218,54,0,54,272
02/26/2023,OCF,FL,ASO,ES,Federal Contract Tower,0,16,68,10,94,0,0,94,0,94,0,16,162,10,188,38,0,38,226
02/27/2023,OCF,FL,ASO,ES,Federal Contract Tower,0,5,48,0,53,0,0,63,0,63,0,5,111,0,116,54,0,54,170
02/28/2023,OCF,FL,ASO,ES,Federal Contract Tower,0,6,51,0,57,0,0,76,0,76,0,6,127,0,133,102,0,102,235
03/01/2023,OCF,FL,ASO,ES,Federal Contract Tower,0,8,38,6,52,0,0,102,0,102,0,8,140,6,154,88,0,88,242
03/02/2023,OCF,FL,ASO,ES,Federal Contract Tower,0,10,35,2,47,0,0,90,0,90,0,10,125,2,137,50,0,50,187
03/03/2023,OCF,FL,ASO,ES,Federal Contract Tower,0,13,25,0,38,0,0,54,0,54,0,13,79,0,92,54,0,54,146
03/04/2023,OCF,FL,ASO,ES,Federal Contract Tower,0,7,27,4,38,0,1,21,0,22,0,8,48,4,60,4,0,4,64
03/05/2023,OCF,FL,ASO,ES,Federal Contract Tower,0,14,42,0,56,0,0,82,0,82,0,14,124,0,138,42,0,42,180
03/06/2023,OCF,FL,ASO,ES,Federal Contract Tower,0,17,84,6,107,0,0,124,0,124,0,17,208,6,231,158,0,158,389
03/07/2023,OCF,FL,ASO,ES,Federal Contract Tower,0,8,51,0,59,0,0,88,0,88,0,8,139,0,147,74,0,74,221
03/08/2023,OCF,FL,ASO,ES,Federal Contract Tower,0,15,66,4,85,0,0,124,0,124,0,15,190,4,209,80,10,90,299
03/09/2023,OCF,FL,ASO,ES,Federal Contract Tower,0,14,43,3,60,0,0,151,0,151,0,14,194,3,211,92,8,100,311
03/10/2023,OCF,FL,ASO,ES,Federal Contract Tower,0,12,51,5,68,0,0,109,0,109,0,12,160,5,177,56,0,56,233
03/11/2023,OCF,FL,ASO,ES,Federal Contract Tower,0,8,69,0,77,0,0,158,0,158,0,8,227,0,235,74,0,74,309
03/12/2023,OCF,FL,ASO,ES,Federal Contract Tower,0,12,47,0,59,0,0,75,1,76,0,12,122,1,135,14,0,14,149
03/13/2023,OCF,FL,ASO,ES,Federal Contract Tower,0,9,21,0,30,0,0,12,6,18,0,9,33,6,48,22,0,22,70
03/14/2023,OCF,FL,ASO,ES,Federal Contract Tower,0,8,93,2,103,0,0,136,0,136,0,8,229,2,239,112,4,116,355
03/15/2023,OCF,FL,ASO,ES,Federal Contract Tower,0,8,84,5,97,0,0,89,0,89,0,8,173,5,186,80,4,84,270
03/16/2023,OCF,FL,ASO,ES,Federal Contract Tower,0,16,55,0,71,0,0,149,0,149,0,16,204,0,220,94,0,94,314
03/17/2023,OCF,FL,ASO,ES,Federal Contract Tower,0,12,37,0,49,0,1,101,0,102,0,13,138,0,151,70,0,70,221
03/18/2023,OCF,FL,ASO,ES,Federal Contract Tower,0,15,40,0,55,0,0,13,0,13,0,15,53,0,68,12,0,12,80
03/19/2023,OCF,FL,ASO,ES,Federal Contract Tower,0,29,76,0,105,0,1,62,0,63,0,30,138,0,168,38,0,38,206
03/20/2023,OCF,FL,ASO,ES,Federal Contract Tower,0,7,77,14,98,0,0,123,1,124,0,7,200,15,222,106,0,106,328
03/21/2023,OCF,FL,ASO,ES,Federal Contract Tower,0,17,65,8,90,0,0,137,2,139,0,17,202,10,229,54,0,54,283
03/22/2023,OCF,FL,ASO,ES,Federal Contract Tower,0,16,58,9,83,0,0,121,6,127,0,16,179,15,210,67,0,67,277
03/23/2023,OCF,FL,ASO,ES,Federal Contract Tower,0,22,80,2,104,0,0,179,2,181,0,22,259,4,285,96,0,96,381
03/24/2023,OCF,FL,ASO,ES,Federal Contract Tower,0,22,45,0,67,0,0,144,0,144,0,22,189,0,211,56,0,56,267
03/25/2023,OCF,FL,ASO,ES,Federal Contract Tower,0,11,33,2,46,0,0,54,1,55,0,11,87,3,101,50,4,54,155
03/26/2023,OCF,FL,ASO,ES,Federal Contract Tower,0,26,51,0,77,0,0,76,0,76,0,26,127,0,153,34,0,34,187
03/27/2023,OCF,FL,ASO,ES,Federal Contract Tower,0,12,55,7,74,0,0,115,1,116,0,12,170,8,190,80,0,80,270
03/28/2023,OCF,FL,ASO,ES,Federal Contract Tower,0,6,42,0,48,0,0,52,0,52,0,6,94,0,100,34,0,34,134
03/29/2023,OCF,FL,ASO,ES,Federal Contract Tower,0,7,43,0,50,0,0,110,2,112,0,7,153,2,162,102,0,102,264
03/30/2023,OCF,FL,ASO,ES,Federal Contract Tower,0,0,55,0,55,0,0,0,0,0,0,0,55,0,55,92,0,92,147
03/31/2023,OCF,FL,ASO,ES,Federal Contract Tower,0,3,29,4,36,0,0,116,0,116,0,3,145,4,152,54,0,54,206
04/01/2023,OCF,FL,ASO,ES,Federal Contract Tower,0,0,19,0,19,0,0,96,0,96,0,0,115,0,115,23,0,23,138
04/02/2023,OCF,FL,ASO,ES,Federal Contract Tower,0,9,28,0,37,0,0,70,0,70,0,9,98,0,107,24,0,24,131
04/03/2023,OCF,FL,ASO,ES,Federal Contract Tower,0,7,45,3,55,0,0,105,0,105,0,7,150,3,160,76,8,84,244
04/04/2023,OCF,FL,ASO,ES,Federal Contract Tower,0,5,63,0,68,0,0,114,0,114,0,5,177,0,182,62,0,62,244
04/05/2023,OCF,FL,ASO,ES,Federal Contract Tower,0,4,42,3,49,0,0,156,0,156,0,4,198,3,205,136,4,140,345
04/06/2023,OCF,FL,ASO,ES,Federal Contract Tower,0,7,54,1,62,0,0,134,3,137,0,7,188,4,199,96,0,96,295
04/07/2023,OCF,FL,ASO,ES,Federal Contract Tower,0,8,35,1,44,0,0,174,1,175,0,8,209,2,219,106,6,112,331
04/08/2023,OCF,FL,ASO,ES,Federal Contract Tower,0,9,31,4,44,0,0,97,0,97,0,9,128,4,141,16,0,16,157
04/09/2023,OCF,FL,ASO,ES,Federal Contract Tower,0,8,22,0,30,0,0,2,0,2,0,8,24,0,32,0,0,0,32
04/10/2023,OCF,FL,ASO,ES,Federal Contract Tower,0,8,28,0,36,0,0,11,0,11,0,8,39,0,47,4,0,4,51
04/11/2023,OCF,FL,ASO,ES,Federal Contract Tower,2,6,69,6,83,0,0,97,1,98,2,6,166,7,181,58,8,66,247
04/12/2023,OCF,FL,ASO,ES,Federal Contract Tower,0,3,61,2,66,0,0,56,1,57,0,3,117,3,123,66,2,68,191
04/13/2023,OCF,FL,ASO,ES,Federal Contract Tower,0,6,44,0,50,0,0,54,0,54,0,6,98,0,104,42,0,42,146
04/14/2023,OCF,FL,ASO,ES,Federal Contract Tower,1,10,61,0,72,0,0,85,0,85,1,10,146,0,157,42,0,42,199
04/15/2023,OCF,FL,ASO,ES,Federal Contract Tower,1,10,67,0,78,0,0,122,0,122,1,10,189,0,200,102,0,102,302
04/16/2023,OCF,FL,ASO,ES,Federal Contract Tower,0,5,33,3,41,0,0,60,2,62,0,5,93,5,103,34,0,34,137
04/17/2023,OCF,FL,ASO,ES,Federal Contract Tower,0,4,74,0,78,0,1,119,0,120,0,5,193,0,198,96,0,96,294
04/18/2023,OCF,FL,ASO,ES,Federal Contract Tower,0,10,72,0,82,0,1,170,1,172,0,11,242,1,254,132,12,144,398
04/19/2023,OCF,FL,ASO,ES,Federal Contract Tower,0,9,63,0,72,0,0,133,2,135,0,9,196,2,207,106,6,112,319
04/20/2023,OCF,FL,ASO,ES,Federal Contract Tower,0,6,53,2,61,0,6,152,0,158,0,12,205,2,219,66,0,66,285
04/21/2023,OCF,FL,ASO,ES,Federal Contract Tower,0,9,55,0,64,0,0,148,0,148,0,9,203,0,212,116,0,116,328
04/22/2023,OCF,FL,ASO,ES,Federal Contract Tower,0,1,45,0,46,0,0,147,0,147,0,1,192,0,193,50,0,50,243
04/23/2023,OCF,FL,ASO,ES,Federal Contract Tower,0,16,44,1,61,0,0,90,0,90,0,16,134,1,151,88,0,88,239
04/24/2023,OCF,FL,ASO,ES,Federal Contract Tower,0,10,54,0,64,0,0,80,0,80,0,10,134,0,144,70,0,70,214
04/25/2023,OCF,FL,ASO,ES,Federal Contract Tower,0,15,62,0,77,0,0,77,0,77,0,15,139,0,154,40,0,40,194
04/26/2023,OCF,FL,ASO,ES,Federal Contract Tower,0,9,88,4,101,0,0,129,0,129,0,9,217,4,230,132,0,132,362
04/27/2023,OCF,FL,ASO,ES,Federal Contract Tower,0,5,58,0,63,0,0,102,0,102,0,5,160,0,165,46,0,46,211
04/28/2023,OCF,FL,ASO,ES,Federal Contract Tower,0,9,53,0,62,0,0,93,0,93,0,9,146,0,155,64,0,64,219
04/29/2023,OCF,FL,ASO,ES,Federal Contract Tower,0,3,27,0,30,0,0,51,0,51,0,3,78,0,81,78,0,78,159
04/30/2023,OCF,FL,ASO,ES,Federal Contract Tower,0,4,18,0,22,0,0,18,0,18,0,4,36,0,40,4,0,4,44
05/01/2023,OCF,FL,ASO,ES,Federal Contract Tower,0,5,54,0,59,0,0,126,2,128,0,5,180,2,187,36,6,42,229
05/02/2023,OCF,FL,ASO,ES,Federal Contract Tower,0,3,55,0,58,0,0,131,0,131,0,3,186,0,189,62,0,62,251
05/03/2023,OCF,FL,ASO,ES,Federal Contract Tower,0,11,53,2,66,0,2,131,0,133,0,13,184,2,199,90,0,90,289
05/04/2023,OCF,FL,ASO,ES,Federal Contract Tower,0,9,73,0,82,0,0,195,0,195,0,9,268,0,277,124,0,124,401
05/05/2023,OCF,FL,ASO,ES,Federal Contract Tower,0,7,68,1,76,0,0,151,0,151,0,7,219,1,227,76,0,76,303
05/06/2023,OCF,FL,ASO,ES,Federal Contract Tower,0,5,41,0,46,0,0,98,0,98,0,5,139,0,144,34,0,34,178
05/07/2023,OCF,FL,ASO,ES,Federal Contract Tower,0,5,43,4,52,0,4,82,0,86,0,9,125,4,138,44,0,44,182
05/08/2023,OCF,FL,ASO,ES,Federal Contract Tower,0,9,45,0,54,0,0,141,0,141,0,9,186,0,195,56,0,56,251
05/09/2023,OCF,FL,ASO,ES,Federal Contract Tower,0,14,41,0,55,0,0,130,0,130,0,14,171,0,185,108,0,108,293
05/10/2023,OCF,FL,ASO,ES,Federal Contract Tower,0,4,55,6,65,0,0,100,0,100,0,4,155,6,165,60,0,60,225
05/11/2023,OCF,FL,ASO,ES,Federal Contract Tower,0,7,37,7,51,0,2,91,1,94,0,9,128,8,145,48,0,48,193
05/12/2023,OCF,FL,ASO,ES,Federal Contract Tower,0,8,43,4,55,0,0,127,2,129,0,8,170,6,184,62,2,64,248
05/13/2023,OCF,FL,ASO,ES,Federal Contract Tower,0,8,56,0,64,0,0,80,0,80,0,8,136,0,144,48,0,48,192
05/14/2023,OCF,FL,ASO,ES,Federal Contract Tower,0,2,28,4,34,0,0,73,0,73,0,2,101,4,107,30,0,30,137
05/15/2023,OCF,FL,ASO,ES,Federal Contract Tower,0,2,82,0,84,0,0,154,0,154,0,2,236,0,238,112,0,112,350
05/16/2023,OCF,FL,ASO,ES,Federal Contract Tower,0,1,63,1,65,0,1,132,2,135,0,2,195,3,200,116,2,118,318
05/17/2023,OCF,FL,ASO,ES,Federal Contract Tower,0,4,43,1,48,0,0,135,1,136,0,4,178,2,184,66,0,66,250
05/18/2023,OCF,FL,ASO,ES,Federal Contract Tower,0,6,52,4,62,0,0,117,0,117,0,6,169,4,179,74,0,74,253
05/19/2023,OCF,FL,ASO,ES,Federal Contract Tower,0,0,67,0,67,0,0,131,0,131,0,0,198,0,198,124,0,124,322
05/20/2023,OCF,FL,ASO,ES,Federal Contract Tower,0,0,30,0,30,0,0,79,0,79,0,0,109,0,109,40,0,40,149
05/21/2023,OCF,FL,ASO,ES,Federal Contract Tower,0,6,20,0,26,0,0,98,0,98,0,6,118,0,124,94,0,94,218
05/22/2023,OCF,FL,ASO,ES,Federal Contract Tower,0,8,28,0,36,0,0,41,0,41,0,8,69,0,77,62,0,62,139
05/23/2023,OCF,FL,ASO,ES,Federal Contract Tower,0,2,69,0,71,0,0,42,0,42,0,2,111,0,113,4,0,4,117
05/24/2023,OCF,FL,ASO,ES,Federal Contract Tower,0,3,37,0,40,0,0,41,4,45,0,3,78,4,85,36,0,36,121
05/25/2023,OCF,FL,ASO,ES,Federal Contract Tower,0,13,52,0,65,0,0,82,4,86,0,13,134,4,151,44,0,44,195
05/26/2023,OCF,FL,ASO,ES,Federal Contract Tower,0,3,56,0,59,0,0,28,0,28,0,3,84,0,87,60,0,60,147
05/27/2023,OCF,FL,ASO,ES,Federal Contract Tower,0,5,33,0,38,0,0,116,0,116,0,5,149,0,154,94,0,94,248
05/28/2023,OCF,FL,ASO,ES,Federal Contract Tower,0,6,40,0,46,0,0,86,0,86,0,6,126,0,132,44,0,44,176
05/29/2023,OCF,FL,ASO,ES,Federal Contract Tower,0,7,68,0,75,0,0,154,1,155,0,7,222,1,230,64,0,64,294
05/30/2023,OCF,FL,ASO,ES,Federal Contract Tower,0,6,66,4,76,0,0,165,0,165,0,6,231,4,241,82,0,82,323
05/31/2023,OCF,FL,ASO,ES,Federal Contract Tower,0,2,57,0,59,0,0,136,0,136,0,2,193,0,195,38,0,38,233
06/01/2023,OCF,FL,ASO,ES,Federal Contract Tower,0,4,56,0,60,0,0,92,0,92,0,4,148,0,152,84,0,84,236
06/02/2023,OCF,FL,ASO,ES,Federal Contract Tower,0,4,66,0,70,0,0,111,0,111,0,4,177,0,181,78,0,78,259
06/03/2023,OCF,FL,ASO,ES,Federal Contract Tower,0,3,45,0,48,0,0,69,0,69,0,3,114,0,117,68,0,68,185
06/04/2023,OCF,FL,ASO,ES,Federal Contract Tower,0,1,40,0,41,0,0,36,0,36,0,1,76,0,77,30,0,30,107
06/05/2023,OCF,FL,ASO,ES,Federal Contract Tower,0,8,50,0,58,0,14,97,1,112,0,22,147,1,170,64,0,64,234
06/06/2023,OCF,FL,ASO,ES,Federal Contract Tower,0,5,24,0,29,0,0,146,0,146,0,5,170,0,175,102,0,102,277
06/07/2023,OCF,FL,ASO,ES,Federal Contract Tower,0,0,29,0,29,0,0,129,0,129,0,0,158,0,158,110,0,110,268
06/08/2023,OCF,FL,ASO,ES,Federal Contract Tower,0,6,49,0,55,0,0,104,0,104,0,6,153,0,159,58,2,60,219
06/09/2023,OCF,FL,ASO,ES,Federal Contract Tower,0,6,39,0,45,0,0,91,0,91,0,6,130,0,136,74,0,74,210
06/10/2023,OCF,FL,ASO,ES,Federal Contract Tower,0,0,28,0,28,0,0,72,0,72,0,0,100,0,100,48,0,48,148
06/11/2023,OCF,FL,ASO,ES,Federal Contract Tower,0,6,29,0,35,0,0,77,0,77,0,6,106,0,112,52,0,52,164
06/12/2023,OCF,FL,ASO,ES,Federal Contract Tower,0,6,59,0,65,0,0,158,0,158,0,6,217,0,223,62,0,62,285
06/13/2023,OCF,FL,ASO,ES,Federal Contract Tower,0,8,43,0,51,0,0,162,0,162,0,8,205,0,213,94,0,94,307
06/14/2023,OCF,FL,ASO,ES,Federal Contract Tower,0,0,60,0,60,0,0,94,0,94,0,0,154,0,154,62,0,62,216
06/15/2023,OCF,FL,ASO,ES,Federal Contract Tower,0,2,32,0,34,0,2,116,0,118,0,4,148,0,152,84,0,84,236
06/16/2023,OCF,FL,ASO,ES,Federal Contract Tower,0,8,24,0,32,0,0,27,0,27,0,8,51,0,59,4,0,4,63
06/17/2023,OCF,FL,ASO,ES,Federal Contract Tower,0,1,17,0,18,0,0,36,0,36,0,1,53,0,54,26,0,26,80
06/18/2023,OCF,FL,ASO,ES,Federal Contract Tower,0,8,25,0,33,0,0,52,0,52,0,8,77,0,85,98,0,98,183
06/19/2023,OCF,FL,ASO,ES,Federal Contract Tower,0,6,25,0,31,0,0,146,0,146,0,6,171,0,177,80,0,80,257
06/20/2023,OCF,FL,ASO,ES,Federal Contract Tower,0,0,12,0,12,0,0,15,0,15,0,0,27,0,27,0,0,0,27
06/21/2023,OCF,FL,ASO,ES,Federal Contract Tower,0,7,22,0,29,0,0,57,0,57,0,7,79,0,86,108,0,108,194
06/22/2023,OCF,FL,ASO,ES,Federal Contract Tower,0,5,19,0,24,0,0,62,0,62,0,5,81,0,86,98,0,98,184
06/23/2023,OCF,FL,ASO,ES,Federal Contract Tower,0,3,24,0,27,0,0,77,0,77,0,3,101,0,104,134,0,134,238
06/24/2023,OCF,FL,ASO,ES,Federal Contract Tower,0,2,12,0,14,0,0,113,0,113,0,2,125,0,127,100,0,100,227
06/25/2023,OCF,FL,ASO,ES,Federal Contract Tower,0,7,38,0,45,0,0,125,0,125,0,7,163,0,170,78,0,78,248
06/26/2023,OCF,FL,ASO,ES,Federal Contract Tower,0,4,47,0,51,0,0,162,0,162,0,4,209,0,213,172,0,172,385
06/27/2023,OCF,FL,ASO,ES,Federal Contract Tower,0,2,65,0,67,0,0,119,0,119,0,2,184,0,186,104,0,104,290
06/28/2023,OCF,FL,ASO,ES,Federal Contract Tower,0,12,64,0,76,0,0,87,0,87,0,12,151,0,163,58,0,58,221
06/29/2023,OCF,FL,ASO,ES,Federal Contract Tower,0,4,71,0,75,0,0,170,0,170,0,4,241,0,245,76,0,76,321
06/30/2023,OCF,FL,ASO,ES,Federal Contract Tower,0,9,32,0,41,0,0,139,0,139,0,9,171,0,180,146,0,146,326
07/01/2023,OCF,FL,ASO,ES,Federal Contract Tower,0,6,44,0,50,0,0,124,0,124,0,6,168,0,174,56,0,56,230
07/02/2023,OCF,FL,ASO,ES,Federal Contract Tower,0,2,22,0,24,0,0,107,0,107,0,2,129,0,131,72,0,72,203
07/03/2023,OCF,FL,ASO,ES,Federal Contract Tower,0,0,34,0,34,0,0,118,0,118,0,0,152,0,152,90,0,90,242
07/04/2023,OCF,FL,ASO,ES,Federal Contract Tower,0,1,29,0,30,0,0,90,0,90,0,1,119,0,120,86,0,86,206
07/05/2023,OCF,FL,ASO,ES,Federal Contract Tower,0,3,36,0,39,0,2,104,0,106,0,5,140,0,145,64,0,64,209
07/06/2023,OCF,FL,ASO,ES,Federal Contract Tower,0,4,52,4,60,0,0,127,0,127,0,4,179,4,187,86,0,86,273
07/07/2023,OCF,FL,ASO,ES,Federal Contract Tower,0,8,28,0,36,0,0,80,0,80,0,8,108,0,116,122,0,122,238
07/08/2023,OCF,FL,ASO,ES,Federal Contract Tower,0,13,26,0,39,0,0,45,0,45,0,13,71,0,84,30,0,30,114
07/09/2023,OCF,FL,ASO,ES,Federal Contract Tower,0,8,33,0,41,0,0,59,1,60,0,8,92,1,101,44,2,46,147
07/10/2023,OCF,FL,ASO,ES,Federal Contract Tower,0,8,28,0,36,0,0,61,0,61,0,8,89,0,97,60,0,60,157
07/11/2023,OCF,FL,ASO,ES,Federal Contract Tower,0,9,32,0,41,0,0,68,0,68,0,9,100,0,109,68,0,68,177
07/12/2023,OCF,FL,ASO,ES,Federal Contract Tower,0,5,28,0,33,0,0,115,0,115,0,5,143,0,148,122,0,122,270
07/13/2023,OCF,FL,ASO,ES,Federal Contract Tower,0,2,61,4,67,0,1,142,0,143,0,3,203,4,210,116,0,116,326
07/14/2023,OCF,FL,ASO,ES,Federal Contract Tower,0,7,48,1,56,0,0,150,0,150,0,7,198,1,206,106,0,106,312
07/15/2023,OCF,FL,ASO,ES,Federal Contract Tower,0,2,27,0,29,0,0,95,0,95,0,2,122,0,124,40,0,40,164
07/16/2023,OCF,FL,ASO,ES,Federal Contract Tower,0,7,19,0,26,0,0,25,0,25,0,7,44,0,51,12,0,12,63
07/17/2023,OCF,FL,ASO,ES,Federal Contract Tower,0,6,13,0,19,0,0,75,0,75,0,6,88,0,94,84,0,84,178
07/18/2023,OCF,FL,ASO,ES,Federal Contract Tower,0,4,23,0,27,0,0,127,0,127,0,4,150,0,154,46,0,46,200
07/19/2023,OCF,FL,ASO,ES,Federal Contract Tower,0,1,33,0,34,0,0,180,0,180,0,1,213,0,214,214,0,214,428
07/20/2023,OCF,FL,ASO,ES,Federal Contract Tower,0,6,41,0,47,0,0,134,0,134,0,6,175,0,181,108,0,108,289
07/21/2023,OCF,FL,ASO,ES,Federal Contract Tower,0,1,43,0,44,0,0,131,0,131,0,1,174,0,175,114,0,114,289
07/22/2023,OCF,FL,ASO,ES,Federal Contract Tower,0,2,22,0,24,0,0,114,0,114,0,2,136,0,138,102,0,102,240
07/23/2023,OCF,FL,ASO,ES,Federal Contract Tower,0,3,16,0,19,0,0,26,0,26,0,3,42,0,45,38,0,38,83
07/24/2023,OCF,FL,ASO,ES,Federal Contract Tower,0,4,34,0,38,0,0,54,0,54,0,4,88,0,92,78,0,78,170
07/25/2023,OCF,FL,ASO,ES,Federal Contract Tower,0,5,23,7,35,0,0,118,0,118,0,5,141,7,153,76,0,76,229
07/26/2023,OCF,FL,ASO,ES,Federal Contract Tower,0,8,39,1,48,0,0,131,1,132,0,8,170,2,180,116,2,118,298
07/27/2023,OCF,FL,ASO,ES,Federal Contract Tower,0,3,42,0,45,0,0,134,0,134,0,3,176,0,179,80,0,80,259
07/28/2023,OCF,FL,ASO,ES,Federal Contract Tower,0,1,31,0,32,0,0,148,0,148,0,1,179,0,180,122,0,122,302
07/29/2023,OCF,FL,ASO,ES,Federal Contract Tower,0,0,31,0,31,0,0,74,0,74,0,0,105,0,105,88,0,88,193
07/30/2023,OCF,FL,ASO,ES,Federal Contract Tower,0,6,28,0,34,0,0,67,0,67,0,6,95,0,101,94,2,96,197
07/31/2023,OCF,FL,ASO,ES,Federal Contract Tower,0,1,27,0,28,0,0,99,0,99,0,1,126,0,127,126,0,126,253
08/01/2023,OCF,FL,ASO,ES,Federal Contract Tower,0,5,33,0,38,0,0,106,0,106,0,5,139,0,144,78,0,78,222
08/02/2023,OCF,FL,ASO,ES,Federal Contract Tower,0,4,71,2,77,0,0,101,0,101,0,4,172,2,178,98,0,98,276
08/03/2023,OCF,FL,ASO,ES,Federal Contract Tower,0,6,46,0,52,0,0,158,0,158,0,6,204,0,210,86,0,86,296
08/04/2023,OCF,FL,ASO,ES,Federal Contract Tower,0,2,27,2,31,0,0,146,0,146,0,2,173,2,177,70,0,70,247
08/05/2023,OCF,FL,ASO,ES,Federal Contract Tower,0,1,32,0,33,0,0,79,0,79,0,1,111,0,112,68,0,68,180
08/06/2023,OCF,FL,ASO,ES,Federal Contract Tower,0,2,19,0,21,0,0,70,0,70,0,2,89,0,91,120,0,120,211
08/07/2023,OCF,FL,ASO,ES,Federal Contract Tower,0,3,30,0,33,0,0,146,0,146,0,3,176,0,179,126,0,126,305
08/08/2023,OCF,FL,ASO,ES,Federal Contract Tower,0,0,39,0,39,0,1,130,2,133,0,1,169,2,172,154,0,154,326
08/09/2023,OCF,FL,ASO,ES,Federal Contract Tower,0,4,57,0,61,0,0,149,0,149,0,4,206,0,210,152,0,152,362
08/10/2023,OCF,FL,ASO,ES,Federal Contract Tower,0,10,38,0,48,0,0,114,0,114,0,10,152,0,162,70,0,70,232
08/11/2023,OCF,FL,ASO,ES,Federal Contract Tower,0,6,32,4,42,0,0,158,0,158,0,6,190,4,200,152,0,152,352
08/12/2023,OCF,FL,ASO,ES,Federal Contract Tower,0,6,49,0,55,0,0,94,0,94,0,6,143,0,149,76,0,76,225
08/13/2023,OCF,FL,ASO,ES,Federal Contract Tower,0,5,46,0,51,0,1,119,0,120,0,6,165,0,171,136,0,136,307
08/14/2023,OCF,FL,ASO,ES,Federal Contract Tower,0,3,38,0,41,0,0,116,0,116,0,3,154,0,157,142,0,142,299
08/15/2023,OCF,FL,ASO,ES,Federal Contract Tower,0,7,18,0,25,0,0,109,0,109,0,7,127,0,134,68,0,68,202
08/16/2023,OCF,FL,ASO,ES,Federal Contract Tower,0,4,33,2,39,0,0,79,0,79,0,4,112,2,118,94,0,94,212
08/17/2023,OCF,FL,ASO,ES,Federal Contract Tower,0,1,21,0,22,0,0,78,0,78,0,1,99,0,100,76,0,76,176
08/18/2023,OCF,FL,ASO,ES,Federal Contract Tower,0,5,41,0,46,0,0,107,0,107,0,5,148,0,153,140,0,140,293
08/19/2023,OCF,FL,ASO,ES,Federal Contract Tower,0,11,37,0,48,0,0,107,0,107,0,11,144,0,155,84,0,84,239
08/20/2023,OCF,FL,ASO,ES,Federal Contract Tower,0,5,31,0,36,0,0,48,0,48,0,5,79,0,84,76,0,76,160
08/21/2023,OCF,FL,ASO,ES,Federal Contract Tower,0,11,40,1,52,0,0,123,1,124,0,11,163,2,176,112,6,118,294
08/22/2023,OCF,FL,ASO,ES,Federal Contract Tower,0,4,57,0,61,0,0,168,0,168,0,4,225,0,229,104,10,114,343
08/23/2023,OCF,FL,ASO,ES,Federal Contract Tower,0,8,47,0,55,0,0,138,0,138,0,8,185,0,193,46,0,46,239
08/24/2023,OCF,FL,ASO,ES,Federal Contract Tower,0,4,68,1,73,0,0,162,1,163,0,4,230,2,236,116,8,124,360
08/25/2023,OCF,FL,ASO,ES,Federal Contract Tower,0,1,61,1,63,0,0,142,0,142,0,1,203,1,205,64,0,64,269
08/26/2023,OCF,FL,ASO,ES,Federal Contract Tower,0,0,35,0,35,0,0,85,0,85,0,0,120,0,120,50,0,50,170
08/27/2023,OCF,FL,ASO,ES,Federal Contract Tower,0,3,19,0,22,0,0,89,0,89,0,3,108,0,111,34,0,34,145
08/28/2023,OCF,FL,ASO,ES,Federal Contract Tower,0,6,32,0,38,0,0,121,0,121,0,6,153,0,159,56,0,56,215
08/29/2023,OCF,FL,ASO,ES,Federal Contract Tower,0,2,25,0,27,0,0,48,0,48,0,2,73,0,75,72,0,72,147
08/30/2023,OCF,FL,ASO,ES,Federal Contract Tower,0,1,0,1,2,0,0,3,2,5,0,1,3,3,7,0,0,0,7
08/31/2023,OCF,FL,ASO,ES,Federal Contract Tower,0,3,27,0,30,0,0,55,1,56,0,3,82,1,86,64,0,64,150
