01/01/2000,PIH,ID,ANM,WE,Federal Contract Tower,1,29,3,0,33,1,9,0,0,10,2,38,3,0,43,0,0,0,43
01/02/2000,PIH,ID,ANM,WE,Federal Contract Tower,0,27,5,0,32,0,5,15,0,20,0,32,20,0,52,20,0,20,72
01/03/2000,PIH,ID,ANM,WE,Federal Contract Tower,0,29,6,0,35,0,10,27,0,37,0,39,33,0,72,10,0,10,82
01/04/2000,PIH,ID,ANM,WE,Federal Contract Tower,0,33,6,0,39,0,14,6,0,20,0,47,12,0,59,42,0,42,101
01/05/2000,PIH,ID,ANM,WE,Federal Contract Tower,0,34,6,0,40,0,13,22,0,35,0,47,28,0,75,30,0,30,105
01/06/2000,PIH,ID,ANM,WE,Federal Contract Tower,0,32,6,0,38,0,13,7,0,20,0,45,13,0,58,40,0,40,98
01/07/2000,PIH,ID,ANM,WE,Federal Contract Tower,0,38,7,0,45,0,6,20,0,26,0,44,27,0,71,26,0,26,97
01/08/2000,PIH,ID,ANM,WE,Federal Contract Tower,0,24,4,0,28,0,2,26,0,28,0,26,30,0,56,34,0,34,90
01/09/2000,PIH,ID,ANM,WE,Federal Contract Tower,0,22,4,1,27,0,3,23,1,27,0,25,27,2,54,34,0,34,88
01/10/2000,PIH,ID,ANM,WE,Federal Contract Tower,0,42,8,0,50,0,0,42,0,42,0,42,50,0,92,24,0,24,116
01/11/2000,PIH,ID,ANM,WE,Federal Contract Tower,0,37,7,1,45,0,2,8,3,13,0,39,15,4,58,11,0,11,69
01/12/2000,PIH,ID,ANM,WE,Federal Contract Tower,0,32,6,0,38,0,20,30,0,50,0,52,36,0,88,52,0,52,140
01/13/2000,PIH,ID,ANM,WE,Federal Contract Tower,0,31,6,1,38,0,14,38,1,53,0,45,44,2,91,37,0,37,128
01/14/2000,PIH,ID,ANM,WE,Federal Contract Tower,0,29,5,0,34,0,17,25,0,42,0,46,30,0,76,24,0,24,100
01/15/2000,PIH,ID,ANM,WE,Federal Contract Tower,0,17,3,0,20,0,4,28,0,32,0,21,31,0,52,40,0,40,92
01/16/2000,PIH,ID,ANM,WE,Federal Contract Tower,0,22,4,0,26,0,5,27,0,32,0,27,31,0,58,24,0,24,82
01/17/2000,PIH,ID,ANM,WE,Federal Contract Tower,0,21,4,0,25,0,17,38,0,55,0,38,42,0,80,66,0,66,146
01/18/2000,PIH,ID,ANM,WE,Federal Contract Tower,0,31,5,1,37,0,0,19,3,22,0,31,24,4,59,2,0,2,61
01/19/2000,PIH,ID,ANM,WE,Federal Contract Tower,0,45,9,0,54,0,2,24,0,26,0,47,33,0,80,12,0,12,92
01/20/2000,PIH,ID,ANM,WE,Federal Contract Tower,0,39,7,0,46,0,7,55,0,62,0,46,62,0,108,30,0,30,138
01/21/2000,PIH,ID,ANM,WE,Federal Contract Tower,0,39,7,0,46,0,15,35,0,50,0,54,42,0,96,34,0,34,130
01/22/2000,PIH,ID,ANM,WE,Federal Contract Tower,0,19,4,0,23,0,0,6,2,8,0,19,10,2,31,0,0,0,31
01/23/2000,PIH,ID,ANM,WE,Federal Contract Tower,0,27,5,0,32,0,0,40,2,42,0,27,45,2,74,38,0,38,112
01/24/2000,PIH,ID,ANM,WE,Federal Contract Tower,0,46,9,0,55,0,1,13,0,14,0,47,22,0,69,0,0,0,69
01/25/2000,PIH,ID,ANM,WE,Federal Contract Tower,0,44,9,0,53,0,5,24,0,29,0,49,33,0,82,40,0,40,122
01/26/2000,PIH,ID,ANM,WE,Federal Contract Tower,0,39,7,0,46,0,3,6,0,9,0,42,13,0,55,0,0,0,55
01/27/2000,PIH,ID,ANM,WE,Federal Contract Tower,0,35,7,0,42,0,10,31,0,41,0,45,38,0,83,48,0,48,131
01/28/2000,PIH,ID,ANM,WE,Federal Contract Tower,0,40,8,0,48,0,10,30,0,40,0,50,38,0,88,35,0,35,123
01/29/2000,PIH,ID,ANM,WE,Federal Contract Tower,0,21,4,0,25,0,6,42,0,48,0,27,46,0,73,50,0,50,123
01/30/2000,PIH,ID,ANM,WE,Federal Contract Tower,0,18,3,0,21,0,4,32,0,36,0,22,35,0,57,58,0,58,115
01/31/2000,PIH,ID,ANM,WE,Federal Contract Tower,0,45,9,0,54,0,5,3,0,8,0,50,12,0,62,10,0,10,72
02/01/2000,PIH,ID,ANM,WE,Federal Contract Tower,0,28,7,0,35,0,24,26,0,50,0,52,33,0,85,48,0,48,133
02/02/2000,PIH,ID,ANM,WE,Federal Contract Tower,0,30,7,0,37,0,18,36,0,54,0,48,43,0,91,34,0,34,125
02/03/2000,PIH,ID,ANM,WE,Federal Contract Tower,0,35,9,0,44,0,16,34,0,50,0,51,43,0,94,40,0,40,134
02/04/2000,PIH,ID,ANM,WE,Federal Contract Tower,0,24,6,0,30,0,22,42,2,66,0,46,48,2,96,34,0,34,130
02/05/2000,PIH,ID,ANM,WE,Federal Contract Tower,0,17,4,0,21,0,8,35,0,43,0,25,39,0,64,36,0,36,100
02/06/2000,PIH,ID,ANM,WE,Federal Contract Tower,0,12,3,0,15,0,13,25,0,38,0,25,28,0,53,20,0,20,73
02/07/2000,PIH,ID,ANM,WE,Federal Contract Tower,0,31,8,0,39,0,11,36,0,47,0,42,44,0,86,12,0,12,98
02/08/2000,PIH,ID,ANM,WE,Federal Contract Tower,0,27,7,0,34,0,17,54,0,71,0,44,61,0,105,34,0,34,139
02/09/2000,PIH,ID,ANM,WE,Federal Contract Tower,0,42,10,0,52,0,3,20,0,23,0,45,30,0,75,26,0,26,101
02/10/2000,PIH,ID,ANM,WE,Federal Contract Tower,0,55,13,0,68,0,18,25,2,45,0,73,38,2,113,25,0,25,138
02/11/2000,PIH,ID,ANM,WE,Federal Contract Tower,0,40,10,0,50,0,13,20,0,33,0,53,30,0,83,36,0,36,119
02/12/2000,PIH,ID,ANM,WE,Federal Contract Tower,0,33,7,0,40,0,1,18,0,19,0,34,25,0,59,0,0,0,59
02/13/2000,PIH,ID,ANM,WE,Federal Contract Tower,0,19,4,0,23,0,11,18,0,29,0,30,22,0,52,36,0,36,88
02/14/2000,PIH,ID,ANM,WE,Federal Contract Tower,0,27,6,0,33,0,12,12,0,24,0,39,18,0,57,0,0,0,57
02/15/2000,PIH,ID,ANM,WE,Federal Contract Tower,0,23,5,0,28,0,22,17,0,39,0,45,22,0,67,24,0,24,91
02/16/2000,PIH,ID,ANM,WE,Federal Contract Tower,0,35,7,0,42,0,9,46,0,55,0,44,53,0,97,44,0,44,141
02/17/2000,PIH,ID,ANM,WE,Federal Contract Tower,0,41,8,0,49,0,4,52,0,56,0,45,60,0,105,36,0,36,141
02/18/2000,PIH,ID,ANM,WE,Federal Contract Tower,0,43,9,0,52,0,9,78,0,87,0,52,87,0,139,44,0,44,183
02/19/2000,PIH,ID,ANM,WE,Federal Contract Tower,0,18,4,0,22,0,11,87,0,98,0,29,91,0,120,36,0,36,156
02/20/2000,PIH,ID,ANM,WE,Federal Contract Tower,0,14,3,0,17,0,6,32,0,38,0,20,35,0,55,28,0,28,83
02/21/2000,PIH,ID,ANM,WE,Federal Contract Tower,0,21,4,0,25,0,10,26,0,36,0,31,30,0,61,38,0,38,99
02/22/2000,PIH,ID,ANM,WE,Federal Contract Tower,0,30,6,0,36,0,15,38,2,55,0,45,44,2,91,52,0,52,143
02/23/2000,PIH,ID,ANM,WE,Federal Contract Tower,0,32,6,0,38,0,13,21,0,34,0,45,27,0,72,54,0,54,126
02/24/2000,PIH,ID,ANM,WE,Federal Contract Tower,0,36,7,0,43,0,11,7,0,18,0,47,14,0,61,0,0,0,61
02/25/2000,PIH,ID,ANM,WE,Federal Contract Tower,0,41,8,0,49,0,11,29,1,41,0,52,37,1,90,32,0,32,122
02/26/2000,PIH,ID,ANM,WE,Federal Contract Tower,0,24,5,0,29,0,1,5,2,8,0,25,10,2,37,2,0,2,39
02/27/2000,PIH,ID,ANM,WE,Federal Contract Tower,0,21,3,0,24,0,1,0,0,1,0,22,3,0,25,14,0,14,39
02/28/2000,PIH,ID,ANM,WE,Federal Contract Tower,0,36,7,0,43,0,3,29,0,32,0,39,36,0,75,42,0,42,117
02/29/2000,PIH,ID,ANM,WE,Federal Contract Tower,0,33,7,0,40,0,14,45,0,59,0,47,52,0,99,60,0,60,159
03/01/2000,PIH,ID,ANM,WE,Federal Contract Tower,0,37,9,0,46,0,5,48,0,53,0,42,57,0,99,46,0,46,145
03/02/2000,PIH,ID,ANM,WE,Federal Contract Tower,0,30,8,0,38,0,16,50,0,66,0,46,58,0,104,24,0,24,128
03/03/2000,PIH,ID,ANM,WE,Federal Contract Tower,0,26,7,0,33,0,23,62,0,85,0,49,69,0,118,98,0,98,216
03/04/2000,PIH,ID,ANM,WE,Federal Contract Tower,0,17,4,0,21,0,19,87,0,106,0,36,91,0,127,58,0,58,185
03/05/2000,PIH,ID,ANM,WE,Federal Contract Tower,0,19,5,0,24,0,3,23,0,26,0,22,28,0,50,38,0,38,88
03/06/2000,PIH,ID,ANM,WE,Federal Contract Tower,0,29,7,0,36,0,15,31,0,46,0,44,38,0,82,32,0,32,114
03/07/2000,PIH,ID,ANM,WE,Federal Contract Tower,0,28,7,0,35,0,14,29,0,43,0,42,36,0,78,46,0,46,124
03/08/2000,PIH,ID,ANM,WE,Federal Contract Tower,0,36,10,0,46,0,0,38,0,38,0,36,48,0,84,38,0,38,122
03/09/2000,PIH,ID,ANM,WE,Federal Contract Tower,0,30,8,0,38,0,16,38,0,54,0,46,46,0,92,60,0,60,152
03/10/2000,PIH,ID,ANM,WE,Federal Contract Tower,0,39,10,0,49,0,20,76,0,96,0,59,86,0,145,70,0,70,215
03/11/2000,PIH,ID,ANM,WE,Federal Contract Tower,0,17,4,0,21,0,3,11,0,14,0,20,15,0,35,15,0,15,50
03/12/2000,PIH,ID,ANM,WE,Federal Contract Tower,0,22,6,0,28,0,8,28,2,38,0,30,34,2,66,46,0,46,112
03/13/2000,PIH,ID,ANM,WE,Federal Contract Tower,0,25,6,0,31,0,13,46,0,59,0,38,52,0,90,44,0,44,134
03/14/2000,PIH,ID,ANM,WE,Federal Contract Tower,0,25,7,0,32,0,18,21,0,39,0,43,28,0,71,34,0,34,105
03/15/2000,PIH,ID,ANM,WE,Federal Contract Tower,0,32,7,0,39,0,14,35,0,49,0,46,42,0,88,44,0,44,132
03/16/2000,PIH,ID,ANM,WE,Federal Contract Tower,0,32,7,0,39,0,14,47,0,61,0,46,54,0,100,52,0,52,152
03/17/2000,PIH,ID,ANM,WE,Federal Contract Tower,0,35,8,0,43,0,12,27,0,39,0,47,35,0,82,20,0,20,102
03/18/2000,PIH,ID,ANM,WE,Federal Contract Tower,0,20,4,0,24,0,16,66,2,84,0,36,70,2,108,70,0,70,178
03/19/2000,PIH,ID,ANM,WE,Federal Contract Tower,0,28,6,0,34,0,2,9,0,11,0,30,15,0,45,0,0,0,45
03/20/2000,PIH,ID,ANM,WE,Federal Contract Tower,0,27,6,0,33,0,13,34,0,47,0,40,40,0,80,30,0,30,110
03/21/2000,PIH,ID,ANM,WE,Federal Contract Tower,0,29,6,0,35,0,17,51,0,68,0,46,57,0,103,62,0,62,165
03/22/2000,PIH,ID,ANM,WE,Federal Contract Tower,0,31,6,0,37,0,23,56,0,79,0,54,62,0,116,38,0,38,154
03/23/2000,PIH,ID,ANM,WE,Federal Contract Tower,0,33,7,0,40,0,15,31,0,46,0,48,38,0,86,22,0,22,108
03/24/2000,PIH,ID,ANM,WE,Federal Contract Tower,0,31,6,0,37,0,16,64,0,80,0,47,70,0,117,74,0,74,191
03/25/2000,PIH,ID,ANM,WE,Federal Contract Tower,0,25,5,0,30,0,1,65,0,66,0,26,70,0,96,68,0,68,164
03/26/2000,PIH,ID,ANM,WE,Federal Contract Tower,0,22,5,0,27,0,9,47,0,56,0,31,52,0,83,34,0,34,117
03/27/2000,PIH,ID,ANM,WE,Federal Contract Tower,0,23,5,0,28,0,24,49,0,73,0,47,54,0,101,70,0,70,171
03/28/2000,PIH,ID,ANM,WE,Federal Contract Tower,0,38,8,0,46,0,3,25,0,28,0,41,33,0,74,28,0,28,102
03/29/2000,PIH,ID,ANM,WE,Federal Contract Tower,0,38,8,0,46,0,7,22,0,29,0,45,30,0,75,46,0,46,121
03/30/2000,PIH,ID,ANM,WE,Federal Contract Tower,0,30,6,0,36,0,18,50,0,68,0,48,56,0,104,62,0,62,166
03/31/2000,PIH,ID,ANM,WE,Federal Contract Tower,0,25,5,0,30,0,24,83,0,107,0,49,88,0,137,59,0,59,196
04/01/2000,PIH,ID,ANM,WE,Federal Contract Tower,0,19,4,0,23,0,12,54,0,66,0,31,58,0,89,42,0,42,131
04/02/2000,PIH,ID,ANM,WE,Federal Contract Tower,0,21,4,0,25,0,5,15,0,20,0,26,19,0,45,48,0,48,93
04/03/2000,PIH,ID,ANM,WE,Federal Contract Tower,0,28,7,0,35,0,17,56,0,73,0,45,63,0,108,48,0,48,156
04/04/2000,PIH,ID,ANM,WE,Federal Contract Tower,0,25,6,0,31,0,14,37,2,53,0,39,43,2,84,32,12,44,128
04/05/2000,PIH,ID,ANM,WE,Federal Contract Tower,0,28,7,0,35,0,11,29,0,40,0,39,36,0,75,38,0,38,113
04/06/2000,PIH,ID,ANM,WE,Federal Contract Tower,0,28,6,0,34,0,19,25,0,44,0,47,31,0,78,28,0,28,106
04/07/2000,PIH,ID,ANM,WE,Federal Contract Tower,0,26,6,0,32,0,23,59,4,86,0,49,65,4,118,20,4,24,142
04/08/2000,PIH,ID,ANM,WE,Federal Contract Tower,0,18,5,0,23,0,11,38,0,49,0,29,43,0,72,76,0,76,148
04/09/2000,PIH,ID,ANM,WE,Federal Contract Tower,0,18,4,0,22,0,5,28,0,33,0,23,32,0,55,36,0,36,91
04/10/2000,PIH,ID,ANM,WE,Federal Contract Tower,0,31,6,1,38,0,9,41,3,53,0,40,47,4,91,52,0,52,143
04/11/2000,PIH,ID,ANM,WE,Federal Contract Tower,0,27,5,0,32,0,14,46,0,60,0,41,51,0,92,52,0,52,144
04/12/2000,PIH,ID,ANM,WE,Federal Contract Tower,0,28,6,0,34,0,13,32,0,45,0,41,38,0,79,28,0,28,107
04/13/2000,PIH,ID,ANM,WE,Federal Contract Tower,0,30,6,1,37,0,17,30,1,48,0,47,36,2,85,24,26,50,135
04/14/2000,PIH,ID,ANM,WE,Federal Contract Tower,0,37,8,0,45,2,10,28,0,40,2,47,36,0,85,44,0,44,129
04/15/2000,PIH,ID,ANM,WE,Federal Contract Tower,0,23,5,1,29,0,6,43,1,50,0,29,48,2,79,65,0,65,144
04/16/2000,PIH,ID,ANM,WE,Federal Contract Tower,0,21,4,0,25,0,0,30,2,32,0,21,34,2,57,32,0,32,89
04/17/2000,PIH,ID,ANM,WE,Federal Contract Tower,0,29,5,0,34,0,17,29,1,47,0,46,34,1,81,30,0,30,111
04/18/2000,PIH,ID,ANM,WE,Federal Contract Tower,0,36,7,0,43,0,12,25,0,37,0,48,32,0,80,22,0,22,102
04/19/2000,PIH,ID,ANM,WE,Federal Contract Tower,0,41,8,0,49,0,9,7,0,16,0,50,15,0,65,20,0,20,85
04/20/2000,PIH,ID,ANM,WE,Federal Contract Tower,0,33,6,0,39,0,13,39,2,54,0,46,45,2,93,60,0,60,153
04/21/2000,PIH,ID,ANM,WE,Federal Contract Tower,0,29,5,0,34,0,23,69,0,92,0,52,74,0,126,90,0,90,216
04/22/2000,PIH,ID,ANM,WE,Federal Contract Tower,0,18,3,0,21,0,11,34,3,48,0,29,37,3,69,54,4,58,127
04/23/2000,PIH,ID,ANM,WE,Federal Contract Tower,0,19,4,0,23,0,3,22,0,25,0,22,26,0,48,44,0,44,92
04/24/2000,PIH,ID,ANM,WE,Federal Contract Tower,0,24,4,0,28,0,15,47,2,64,0,39,51,2,92,42,0,42,134
04/25/2000,PIH,ID,ANM,WE,Federal Contract Tower,0,36,7,0,43,0,8,56,0,64,0,44,63,0,107,66,0,66,173
04/26/2000,PIH,ID,ANM,WE,Federal Contract Tower,0,32,6,0,38,0,17,55,0,72,0,49,61,0,110,108,0,108,218
04/27/2000,PIH,ID,ANM,WE,Federal Contract Tower,0,42,8,0,50,0,10,92,2,104,0,52,100,2,154,50,14,64,218
04/28/2000,PIH,ID,ANM,WE,Federal Contract Tower,0,33,6,0,39,0,18,39,4,61,0,51,45,4,100,26,6,32,132
04/29/2000,PIH,ID,ANM,WE,Federal Contract Tower,0,20,4,0,24,0,5,35,0,40,0,25,39,0,64,24,0,24,88
04/30/2000,PIH,ID,ANM,WE,Federal Contract Tower,0,19,3,0,22,0,9,70,0,79,0,28,73,0,101,92,0,92,193
05/01/2000,PIH,ID,ANM,WE,Federal Contract Tower,0,25,4,0,29,0,14,38,0,52,0,39,42,0,81,34,0,34,115
05/02/2000,PIH,ID,ANM,WE,Federal Contract Tower,0,27,4,0,31,0,23,31,0,54,0,50,35,0,85,30,0,30,115
05/03/2000,PIH,ID,ANM,WE,Federal Contract Tower,0,28,4,1,33,0,17,48,1,66,0,45,52,2,99,22,26,48,147
05/04/2000,PIH,ID,ANM,WE,Federal Contract Tower,0,35,5,1,41,0,15,21,1,37,0,50,26,2,78,28,12,40,118
05/05/2000,PIH,ID,ANM,WE,Federal Contract Tower,0,31,4,0,35,0,19,24,0,43,0,50,28,0,78,54,0,54,132
05/06/2000,PIH,ID,ANM,WE,Federal Contract Tower,0,19,3,0,22,0,6,43,0,49,0,25,46,0,71,42,0,42,113
05/07/2000,PIH,ID,ANM,WE,Federal Contract Tower,0,20,3,0,23,0,4,32,0,36,0,24,35,0,59,52,0,52,111
05/08/2000,PIH,ID,ANM,WE,Federal Contract Tower,0,30,4,0,34,0,12,31,0,43,0,42,35,0,77,20,0,20,97
05/09/2000,PIH,ID,ANM,WE,Federal Contract Tower,0,36,5,1,42,0,10,31,5,46,0,46,36,6,88,25,12,37,125
05/10/2000,PIH,ID,ANM,WE,Federal Contract Tower,0,35,5,1,41,0,13,37,1,51,0,48,42,2,92,134,16,150,242
05/11/2000,PIH,ID,ANM,WE,Federal Contract Tower,0,31,4,0,35,0,17,34,0,51,0,48,38,0,86,58,0,58,144
05/12/2000,PIH,ID,ANM,WE,Federal Contract Tower,0,40,6,0,46,0,10,35,0,45,0,50,41,0,91,46,0,46,137
05/13/2000,PIH,ID,ANM,WE,Federal Contract Tower,0,19,3,0,22,0,12,54,0,66,0,31,57,0,88,66,0,66,154
05/14/2000,PIH,ID,ANM,WE,Federal Contract Tower,0,19,3,0,22,0,11,34,0,45,0,30,37,0,67,60,0,60,127
05/15/2000,PIH,ID,ANM,WE,Federal Contract Tower,0,24,3,0,27,0,18,37,0,55,0,42,40,0,82,60,0,60,142
05/16/2000,PIH,ID,ANM,WE,Federal Contract Tower,0,32,5,0,37,0,18,35,0,53,0,50,40,0,90,70,0,70,160
05/17/2000,PIH,ID,ANM,WE,Federal Contract Tower,0,30,4,0,34,0,18,41,0,59,0,48,45,0,93,15,0,15,108
05/18/2000,PIH,ID,ANM,WE,Federal Contract Tower,0,32,4,0,36,0,20,54,2,76,0,52,58,2,112,50,18,68,180
05/19/2000,PIH,ID,ANM,WE,Federal Contract Tower,0,29,4,0,33,0,18,36,4,58,0,47,40,4,91,34,4,38,129
05/20/2000,PIH,ID,ANM,WE,Federal Contract Tower,0,21,3,0,24,0,5,55,0,60,0,26,58,0,84,46,0,46,130
05/21/2000,PIH,ID,ANM,WE,Federal Contract Tower,0,20,2,0,22,0,9,28,0,37,0,29,30,0,59,41,0,41,100
05/22/2000,PIH,ID,ANM,WE,Federal Contract Tower,0,33,4,0,37,0,7,46,0,53,0,40,50,0,90,40,0,40,130
05/23/2000,PIH,ID,ANM,WE,Federal Contract Tower,0,28,4,0,32,0,20,33,0,53,0,48,37,0,85,25,0,25,110
05/24/2000,PIH,ID,ANM,WE,Federal Contract Tower,0,31,4,0,35,0,17,45,0,62,0,48,49,0,97,20,0,20,117
05/25/2000,PIH,ID,ANM,WE,Federal Contract Tower,0,33,5,0,38,0,23,22,0,45,0,56,27,0,83,6,0,6,89
05/26/2000,PIH,ID,ANM,WE,Federal Contract Tower,0,28,4,0,32,0,24,62,2,88,0,52,66,2,120,24,0,24,144
05/27/2000,PIH,ID,ANM,WE,Federal Contract Tower,0,19,2,0,21,0,8,52,0,60,0,27,54,0,81,26,0,26,107
05/28/2000,PIH,ID,ANM,WE,Federal Contract Tower,0,20,3,0,23,0,6,37,0,43,0,26,40,0,66,35,0,35,101
05/29/2000,PIH,ID,ANM,WE,Federal Contract Tower,0,18,2,0,20,0,4,33,0,37,0,22,35,0,57,65,0,65,122
05/30/2000,PIH,ID,ANM,WE,Federal Contract Tower,0,26,3,0,29,0,19,42,0,61,0,45,45,0,90,64,0,64,154
05/31/2000,PIH,ID,ANM,WE,Federal Contract Tower,0,31,4,0,35,0,11,41,2,54,0,42,45,2,89,16,0,16,105
06/01/2000,PIH,ID,ANM,WE,Federal Contract Tower,0,38,8,2,48,0,12,76,4,92,0,50,84,6,140,60,40,100,240
06/02/2000,PIH,ID,ANM,WE,Federal Contract Tower,0,25,5,2,32,0,21,40,2,63,0,46,45,4,95,16,10,26,121
06/03/2000,PIH,ID,ANM,WE,Federal Contract Tower,0,19,4,0,23,0,8,54,0,62,0,27,58,0,85,36,0,36,121
06/04/2000,PIH,ID,ANM,WE,Federal Contract Tower,0,18,4,0,22,0,9,46,0,55,0,27,50,0,77,85,0,85,162
06/05/2000,PIH,ID,ANM,WE,Federal Contract Tower,0,22,5,0,27,0,23,40,0,63,0,45,45,0,90,40,0,40,130
06/06/2000,PIH,ID,ANM,WE,Federal Contract Tower,0,33,6,2,41,0,17,49,3,69,0,50,55,5,110,35,10,45,155
06/07/2000,PIH,ID,ANM,WE,Federal Contract Tower,0,21,5,0,26,0,24,45,0,69,0,45,50,0,95,30,0,30,125
06/08/2000,PIH,ID,ANM,WE,Federal Contract Tower,0,34,6,2,42,0,12,34,4,50,0,46,40,6,92,40,48,88,180
06/09/2000,PIH,ID,ANM,WE,Federal Contract Tower,0,30,5,0,35,0,10,33,0,43,0,40,38,0,78,44,0,44,122
06/10/2000,PIH,ID,ANM,WE,Federal Contract Tower,0,18,4,0,22,0,7,35,0,42,0,25,39,0,64,36,0,36,100
06/11/2000,PIH,ID,ANM,WE,Federal Contract Tower,0,21,4,1,26,0,10,31,3,44,0,31,35,4,70,60,0,60,130
06/12/2000,PIH,ID,ANM,WE,Federal Contract Tower,0,31,6,2,39,0,18,39,0,57,0,49,45,2,96,30,0,30,126
06/13/2000,PIH,ID,ANM,WE,Federal Contract Tower,0,43,8,2,53,1,7,37,0,45,1,50,45,2,98,30,0,30,128
06/14/2000,PIH,ID,ANM,WE,Federal Contract Tower,0,33,6,2,41,0,16,54,0,70,0,49,60,2,111,40,30,70,181
06/15/2000,PIH,ID,ANM,WE,Federal Contract Tower,0,27,5,0,32,0,18,37,0,55,0,45,42,0,87,20,0,20,107
06/16/2000,PIH,ID,ANM,WE,Federal Contract Tower,0,23,4,0,27,0,20,50,0,70,0,43,54,0,97,60,0,60,157
06/17/2000,PIH,ID,ANM,WE,Federal Contract Tower,0,21,4,0,25,0,8,63,0,71,0,29,67,0,96,98,0,98,194
06/18/2000,PIH,ID,ANM,WE,Federal Contract Tower,0,17,3,0,20,0,5,47,0,52,0,22,50,0,72,50,0,50,122
06/19/2000,PIH,ID,ANM,WE,Federal Contract Tower,0,30,5,0,35,0,17,30,0,47,0,47,35,0,82,30,0,30,112
06/20/2000,PIH,ID,ANM,WE,Federal Contract Tower,0,26,4,0,30,0,18,58,0,76,0,44,62,0,106,50,0,50,156
06/21/2000,PIH,ID,ANM,WE,Federal Contract Tower,0,31,6,0,37,0,14,85,0,99,0,45,91,0,136,88,0,88,224
06/22/2000,PIH,ID,ANM,WE,Federal Contract Tower,0,23,5,0,28,0,21,57,0,78,0,44,62,0,106,54,0,54,160
06/23/2000,PIH,ID,ANM,WE,Federal Contract Tower,0,38,7,1,46,0,13,48,3,64,0,51,55,4,110,50,6,56,166
06/24/2000,PIH,ID,ANM,WE,Federal Contract Tower,0,22,5,0,27,0,5,63,0,68,0,27,68,0,95,76,0,76,171
06/25/2000,PIH,ID,ANM,WE,Federal Contract Tower,0,19,4,0,23,0,7,58,0,65,0,26,62,0,88,72,0,72,160
06/26/2000,PIH,ID,ANM,WE,Federal Contract Tower,0,26,4,0,30,0,17,50,0,67,0,43,54,0,97,65,0,65,162
06/27/2000,PIH,ID,ANM,WE,Federal Contract Tower,0,39,8,1,48,0,14,49,5,68,0,53,57,6,116,60,0,60,176
06/28/2000,PIH,ID,ANM,WE,Federal Contract Tower,0,37,7,0,44,0,33,73,0,106,0,70,80,0,150,60,0,60,210
06/29/2000,PIH,ID,ANM,WE,Federal Contract Tower,0,28,5,1,34,0,14,57,1,72,0,42,62,2,106,22,0,22,128
06/30/2000,PIH,ID,ANM,WE,Federal Contract Tower,0,34,6,0,40,0,15,51,0,66,0,49,57,0,106,28,0,28,134
07/01/2000,PIH,ID,ANM,WE,Federal Contract Tower,0,21,5,0,26,0,8,57,0,65,0,29,62,0,91,16,0,16,107
07/02/2000,PIH,ID,ANM,WE,Federal Contract Tower,0,17,4,0,21,14,9,46,0,69,14,26,50,0,90,45,0,45,135
07/03/2000,PIH,ID,ANM,WE,Federal Contract Tower,0,24,5,0,29,0,32,40,0,72,0,56,45,0,101,40,0,40,141
07/04/2000,PIH,ID,ANM,WE,Federal Contract Tower,0,16,4,0,20,6,14,51,0,71,6,30,55,0,91,90,0,90,181
07/05/2000,PIH,ID,ANM,WE,Federal Contract Tower,0,30,7,0,37,1,19,43,4,67,1,49,50,4,104,37,12,49,153
07/06/2000,PIH,ID,ANM,WE,Federal Contract Tower,0,27,6,0,33,1,21,53,2,77,1,48,59,2,110,32,0,32,142
07/07/2000,PIH,ID,ANM,WE,Federal Contract Tower,0,30,7,0,37,0,15,29,4,48,0,45,36,4,85,44,0,44,129
07/08/2000,PIH,ID,ANM,WE,Federal Contract Tower,0,20,4,0,24,0,7,55,0,62,0,27,59,0,86,42,0,42,128
07/09/2000,PIH,ID,ANM,WE,Federal Contract Tower,0,18,4,0,22,0,8,56,0,64,0,26,60,0,86,45,0,45,131
07/10/2000,PIH,ID,ANM,WE,Federal Contract Tower,0,29,6,0,35,0,24,46,2,72,0,53,52,2,107,35,32,67,174
07/11/2000,PIH,ID,ANM,WE,Federal Contract Tower,0,40,9,0,49,6,28,61,1,96,6,68,70,1,145,75,0,75,220
07/12/2000,PIH,ID,ANM,WE,Federal Contract Tower,0,32,6,0,38,1,14,44,0,59,1,46,50,0,97,30,0,30,127
07/13/2000,PIH,ID,ANM,WE,Federal Contract Tower,0,30,6,0,36,6,25,54,0,85,6,55,60,0,121,6,0,6,127
07/14/2000,PIH,ID,ANM,WE,Federal Contract Tower,0,21,4,0,25,1,37,41,0,79,1,58,45,0,104,28,0,28,132
07/15/2000,PIH,ID,ANM,WE,Federal Contract Tower,0,25,4,0,29,1,5,64,0,70,1,30,68,0,99,32,0,32,131
07/16/2000,PIH,ID,ANM,WE,Federal Contract Tower,0,19,3,0,22,9,36,48,0,93,9,55,51,0,115,40,0,40,155
07/17/2000,PIH,ID,ANM,WE,Federal Contract Tower,0,27,5,0,32,32,53,55,0,140,32,80,60,0,172,20,0,20,192
07/18/2000,PIH,ID,ANM,WE,Federal Contract Tower,0,28,5,0,33,5,24,49,0,78,5,52,54,0,111,20,0,20,131
07/19/2000,PIH,ID,ANM,WE,Federal Contract Tower,0,33,6,0,39,2,19,64,0,85,2,52,70,0,124,20,0,20,144
07/20/2000,PIH,ID,ANM,WE,Federal Contract Tower,0,30,5,0,35,6,14,51,0,71,6,44,56,0,106,0,0,0,106
07/21/2000,PIH,ID,ANM,WE,Federal Contract Tower,0,27,5,0,32,18,17,60,0,95,18,44,65,0,127,32,0,32,159
07/22/2000,PIH,ID,ANM,WE,Federal Contract Tower,0,23,4,0,27,18,13,73,2,106,18,36,77,2,133,24,2,26,159
07/23/2000,PIH,ID,ANM,WE,Federal Contract Tower,0,14,2,0,16,6,24,53,0,83,6,38,55,0,99,50,0,50,149
07/24/2000,PIH,ID,ANM,WE,Federal Contract Tower,0,25,4,0,29,0,25,36,0,61,0,50,40,0,90,35,0,35,125
07/25/2000,PIH,ID,ANM,WE,Federal Contract Tower,0,23,4,0,27,0,33,46,0,79,0,56,50,0,106,30,0,30,136
07/26/2000,PIH,ID,ANM,WE,Federal Contract Tower,0,35,6,0,41,26,60,69,0,155,26,95,75,0,196,25,0,25,221
07/27/2000,PIH,ID,ANM,WE,Federal Contract Tower,0,34,6,0,40,9,58,61,2,130,9,92,67,2,170,6,0,6,176
07/28/2000,PIH,ID,ANM,WE,Federal Contract Tower,0,33,6,0,39,21,118,49,0,188,21,151,55,0,227,10,0,10,237
07/29/2000,PIH,ID,ANM,WE,Federal Contract Tower,0,26,4,0,30,11,102,92,0,205,11,128,96,0,235,46,0,46,281
07/30/2000,PIH,ID,ANM,WE,Federal Contract Tower,0,17,3,0,20,0,79,65,0,144,0,96,68,0,164,50,0,50,214
07/31/2000,PIH,ID,ANM,WE,Federal Contract Tower,0,27,5,0,32,0,68,76,0,144,0,95,81,0,176,45,0,45,221
08/01/2000,PIH,ID,ANM,WE,Federal Contract Tower,1,36,7,0,44,4,74,63,0,141,5,110,70,0,185,36,0,36,221
08/02/2000,PIH,ID,ANM,WE,Federal Contract Tower,1,37,7,0,45,5,42,68,2,117,6,79,75,2,162,34,10,44,206
08/03/2000,PIH,ID,ANM,WE,Federal Contract Tower,0,35,8,0,43,0,22,62,0,84,0,57,70,0,127,38,0,38,165
08/04/2000,PIH,ID,ANM,WE,Federal Contract Tower,0,31,7,0,38,0,23,62,0,85,0,54,69,0,123,48,0,48,171
08/05/2000,PIH,ID,ANM,WE,Federal Contract Tower,0,19,5,0,24,0,24,66,0,90,0,43,71,0,114,32,0,32,146
08/06/2000,PIH,ID,ANM,WE,Federal Contract Tower,0,20,5,0,25,0,6,73,0,79,0,26,78,0,104,64,0,64,168
08/07/2000,PIH,ID,ANM,WE,Federal Contract Tower,0,23,5,0,28,2,24,57,0,83,2,47,62,0,111,46,0,46,157
08/08/2000,PIH,ID,ANM,WE,Federal Contract Tower,0,28,6,0,34,16,32,68,0,116,16,60,74,0,150,46,0,46,196
08/09/2000,PIH,ID,ANM,WE,Federal Contract Tower,0,29,7,0,36,2,20,50,2,74,2,49,57,2,110,30,2,32,142
08/10/2000,PIH,ID,ANM,WE,Federal Contract Tower,0,31,6,0,37,0,18,48,0,66,0,49,54,0,103,40,0,40,143
08/11/2000,PIH,ID,ANM,WE,Federal Contract Tower,0,24,5,0,29,0,79,37,0,116,0,103,42,0,145,48,0,48,193
08/12/2000,PIH,ID,ANM,WE,Federal Contract Tower,0,19,4,0,23,0,55,44,0,99,0,74,48,0,122,30,0,30,152
08/13/2000,PIH,ID,ANM,WE,Federal Contract Tower,0,22,4,0,26,0,32,41,4,77,0,54,45,4,103,40,0,40,143
08/14/2000,PIH,ID,ANM,WE,Federal Contract Tower,0,29,5,0,34,0,19,47,0,66,0,48,52,0,100,25,0,25,125
08/15/2000,PIH,ID,ANM,WE,Federal Contract Tower,0,31,6,0,37,0,20,48,0,68,0,51,54,0,105,55,0,55,160
08/16/2000,PIH,ID,ANM,WE,Federal Contract Tower,0,33,6,0,39,5,21,46,0,72,5,54,52,0,111,46,0,46,157
08/17/2000,PIH,ID,ANM,WE,Federal Contract Tower,0,32,6,0,38,1,12,46,0,59,1,44,52,0,97,52,0,52,149
08/18/2000,PIH,ID,ANM,WE,Federal Contract Tower,0,34,6,0,40,16,60,36,0,112,16,94,42,0,152,34,0,34,186
08/19/2000,PIH,ID,ANM,WE,Federal Contract Tower,0,21,4,0,25,14,54,78,0,146,14,75,82,0,171,46,0,46,217
08/20/2000,PIH,ID,ANM,WE,Federal Contract Tower,0,20,4,0,24,4,35,56,0,95,4,55,60,0,119,44,0,44,163
08/21/2000,PIH,ID,ANM,WE,Federal Contract Tower,0,33,6,0,39,10,34,50,0,94,10,67,56,0,133,40,0,40,173
08/22/2000,PIH,ID,ANM,WE,Federal Contract Tower,0,35,7,0,42,6,28,58,0,92,6,63,65,0,134,34,0,34,168
08/23/2000,PIH,ID,ANM,WE,Federal Contract Tower,0,25,5,0,30,1,30,58,2,91,1,55,63,2,121,34,0,34,155
08/24/2000,PIH,ID,ANM,WE,Federal Contract Tower,0,32,6,0,38,13,44,41,0,98,13,76,47,0,136,36,0,36,172
08/25/2000,PIH,ID,ANM,WE,Federal Contract Tower,0,28,5,0,33,0,25,51,0,76,0,53,56,0,109,42,0,42,151
08/26/2000,PIH,ID,ANM,WE,Federal Contract Tower,0,21,4,0,25,1,23,60,0,84,1,44,64,0,109,36,0,36,145
08/27/2000,PIH,ID,ANM,WE,Federal Contract Tower,0,15,3,0,18,1,18,47,0,66,1,33,50,0,84,45,0,45,129
08/28/2000,PIH,ID,ANM,WE,Federal Contract Tower,0,32,6,0,38,1,14,46,2,63,1,46,52,2,101,20,20,40,141
08/29/2000,PIH,ID,ANM,WE,Federal Contract Tower,0,36,7,0,43,6,24,61,1,92,6,60,68,1,135,40,0,40,175
08/30/2000,PIH,ID,ANM,WE,Federal Contract Tower,0,33,6,0,39,0,12,59,2,73,0,45,65,2,112,65,10,75,187
08/31/2000,PIH,ID,ANM,WE,Federal Contract Tower,0,33,6,0,39,0,10,41,0,51,0,43,47,0,90,26,0,26,116
09/01/2000,PIH,ID,ANM,WE,Federal Contract Tower,0,35,7,0,42,0,12,25,0,37,0,47,32,0,79,20,0,20,99
09/02/2000,PIH,ID,ANM,WE,Federal Contract Tower,0,20,4,0,24,0,3,35,0,38,0,23,39,0,62,25,0,25,87
09/03/2000,PIH,ID,ANM,WE,Federal Contract Tower,0,19,3,0,22,0,7,47,0,54,0,26,50,0,76,50,0,50,126
09/04/2000,PIH,ID,ANM,WE,Federal Contract Tower,1,17,3,0,21,0,28,42,0,70,1,45,45,0,91,35,0,35,126
09/05/2000,PIH,ID,ANM,WE,Federal Contract Tower,0,29,5,0,34,0,10,53,0,63,0,39,58,0,97,62,0,62,159
09/06/2000,PIH,ID,ANM,WE,Federal Contract Tower,0,29,5,0,34,0,14,36,0,50,0,43,41,0,84,42,0,42,126
09/07/2000,PIH,ID,ANM,WE,Federal Contract Tower,0,31,6,0,37,0,19,58,2,79,0,50,64,2,116,40,8,48,164
09/08/2000,PIH,ID,ANM,WE,Federal Contract Tower,0,33,6,0,39,0,17,70,0,87,0,50,76,0,126,38,0,38,164
09/09/2000,PIH,ID,ANM,WE,Federal Contract Tower,0,19,4,1,24,0,16,36,1,53,0,35,40,2,77,16,4,20,97
09/10/2000,PIH,ID,ANM,WE,Federal Contract Tower,0,17,3,0,20,0,18,35,0,53,0,35,38,0,73,25,0,25,98
09/11/2000,PIH,ID,ANM,WE,Federal Contract Tower,0,26,5,0,31,0,18,42,0,60,0,44,47,0,91,50,0,50,141
09/12/2000,PIH,ID,ANM,WE,Federal Contract Tower,0,26,5,0,31,0,20,47,0,67,0,46,52,0,98,60,0,60,158
09/13/2000,PIH,ID,ANM,WE,Federal Contract Tower,0,28,5,0,33,0,18,43,0,61,0,46,48,0,94,42,0,42,136
09/14/2000,PIH,ID,ANM,WE,Federal Contract Tower,0,32,6,1,39,0,13,66,1,80,0,45,72,2,119,70,12,82,201
09/15/2000,PIH,ID,ANM,WE,Federal Contract Tower,0,32,5,1,38,2,35,93,1,131,2,67,98,2,169,58,10,68,237
09/16/2000,PIH,ID,ANM,WE,Federal Contract Tower,0,19,2,1,22,0,26,65,1,92,0,45,67,2,114,74,0,74,188
09/17/2000,PIH,ID,ANM,WE,Federal Contract Tower,0,26,4,1,31,1,64,32,1,98,1,90,36,2,129,20,0,20,149
09/18/2000,PIH,ID,ANM,WE,Federal Contract Tower,0,22,3,0,25,2,75,64,0,141,2,97,67,0,166,20,0,20,186
09/19/2000,PIH,ID,ANM,WE,Federal Contract Tower,0,31,5,0,36,0,23,41,0,64,0,54,46,0,100,26,0,26,126
09/20/2000,PIH,ID,ANM,WE,Federal Contract Tower,0,35,6,1,42,0,9,58,1,68,0,44,64,2,110,58,0,58,168
09/21/2000,PIH,ID,ANM,WE,Federal Contract Tower,0,30,5,0,35,0,15,60,0,75,0,45,65,0,110,62,0,62,172
09/22/2000,PIH,ID,ANM,WE,Federal Contract Tower,0,37,6,1,44,2,12,37,1,52,2,49,43,2,96,12,0,12,108
09/23/2000,PIH,ID,ANM,WE,Federal Contract Tower,0,26,4,0,30,1,3,36,0,40,1,29,40,0,70,30,0,30,100
09/24/2000,PIH,ID,ANM,WE,Federal Contract Tower,0,24,4,0,28,0,1,51,0,52,0,25,55,0,80,20,0,20,100
09/25/2000,PIH,ID,ANM,WE,Federal Contract Tower,0,30,5,0,35,0,12,49,0,61,0,42,54,0,96,30,0,30,126
09/26/2000,PIH,ID,ANM,WE,Federal Contract Tower,0,29,5,0,34,0,13,52,0,65,0,42,57,0,99,58,0,58,157
09/27/2000,PIH,ID,ANM,WE,Federal Contract Tower,0,29,5,0,34,0,6,42,2,50,0,35,47,2,84,32,0,32,116
09/28/2000,PIH,ID,ANM,WE,Federal Contract Tower,0,27,5,0,32,0,8,65,2,75,0,35,70,2,107,116,0,116,223
09/29/2000,PIH,ID,ANM,WE,Federal Contract Tower,0,33,6,0,39,2,5,67,0,74,2,38,73,0,113,44,0,44,157
09/30/2000,PIH,ID,ANM,WE,Federal Contract Tower,0,24,4,0,28,0,9,52,0,61,0,33,56,0,89,14,0,14,103
10/01/2000,PIH,ID,ANM,WE,Federal Contract Tower,0,17,4,0,21,0,12,21,0,33,0,29,25,0,54,50,0,50,104
10/02/2000,PIH,ID,ANM,WE,Federal Contract Tower,0,25,5,0,30,0,10,21,2,33,0,35,26,2,63,20,0,20,83
10/03/2000,PIH,ID,ANM,WE,Federal Contract Tower,0,23,5,0,28,0,19,34,0,53,0,42,39,0,81,52,0,52,133
10/04/2000,PIH,ID,ANM,WE,Federal Contract Tower,0,27,6,0,33,0,18,50,2,70,0,45,56,2,103,62,0,62,165
10/05/2000,PIH,ID,ANM,WE,Federal Contract Tower,0,24,5,0,29,0,16,47,2,65,0,40,52,2,94,56,14,70,164
10/06/2000,PIH,ID,ANM,WE,Federal Contract Tower,0,26,6,0,32,0,16,49,2,67,0,42,55,2,99,30,0,30,129
10/07/2000,PIH,ID,ANM,WE,Federal Contract Tower,0,14,3,0,17,0,10,40,0,50,0,24,43,0,67,46,0,46,113
10/08/2000,PIH,ID,ANM,WE,Federal Contract Tower,0,14,3,0,17,2,16,43,0,61,2,30,46,0,78,50,0,50,128
10/09/2000,PIH,ID,ANM,WE,Federal Contract Tower,0,22,5,0,27,3,23,50,0,76,3,45,55,0,103,72,0,72,175
10/10/2000,PIH,ID,ANM,WE,Federal Contract Tower,0,32,7,0,39,2,6,39,0,47,2,38,46,0,86,22,0,22,108
10/11/2000,PIH,ID,ANM,WE,Federal Contract Tower,0,40,9,0,49,0,0,26,0,26,0,40,35,0,75,42,0,42,117
10/12/2000,PIH,ID,ANM,WE,Federal Contract Tower,0,31,7,0,38,0,11,28,0,39,0,42,35,0,77,38,0,38,115
10/13/2000,PIH,ID,ANM,WE,Federal Contract Tower,0,45,10,0,55,2,1,21,0,24,2,46,31,0,79,40,0,40,119
10/14/2000,PIH,ID,ANM,WE,Federal Contract Tower,0,24,5,1,30,2,3,20,1,26,2,27,25,2,56,56,26,82,138
10/15/2000,PIH,ID,ANM,WE,Federal Contract Tower,0,15,3,0,18,0,9,43,0,52,0,24,46,0,70,27,0,27,97
10/16/2000,PIH,ID,ANM,WE,Federal Contract Tower,0,26,5,0,31,1,12,40,0,53,1,38,45,0,84,56,0,56,140
10/17/2000,PIH,ID,ANM,WE,Federal Contract Tower,0,26,5,0,31,0,12,49,0,61,0,38,54,0,92,58,0,58,150
10/18/2000,PIH,ID,ANM,WE,Federal Contract Tower,0,30,6,0,36,0,4,41,0,45,0,34,47,0,81,54,0,54,135
10/19/2000,PIH,ID,ANM,WE,Federal Contract Tower,0,26,5,1,32,0,18,54,1,73,0,44,59,2,105,95,4,99,204
10/20/2000,PIH,ID,ANM,WE,Federal Contract Tower,0,30,6,0,36,0,11,29,0,40,0,41,35,0,76,65,0,65,141
10/21/2000,PIH,ID,ANM,WE,Federal Contract Tower,0,26,6,0,32,0,0,8,0,8,0,26,14,0,40,0,0,0,40
10/22/2000,PIH,ID,ANM,WE,Federal Contract Tower,0,13,3,0,16,0,10,30,0,40,0,23,33,0,56,22,0,22,78
10/23/2000,PIH,ID,ANM,WE,Federal Contract Tower,0,28,6,0,34,0,14,39,0,53,0,42,45,0,87,35,0,35,122
10/24/2000,PIH,ID,ANM,WE,Federal Contract Tower,0,30,7,0,37,0,21,40,0,61,0,51,47,0,98,55,0,55,153
10/25/2000,PIH,ID,ANM,WE,Federal Contract Tower,0,34,7,0,41,0,2,25,0,27,0,36,32,0,68,28,0,28,96
10/26/2000,PIH,ID,ANM,WE,Federal Contract Tower,0,34,7,0,41,0,6,35,2,43,0,40,42,2,84,60,0,60,144
10/27/2000,PIH,ID,ANM,WE,Federal Contract Tower,0,33,7,0,40,0,14,36,0,50,0,47,43,0,90,36,0,36,126
10/28/2000,PIH,ID,ANM,WE,Federal Contract Tower,0,21,5,0,26,0,7,43,0,50,0,28,48,0,76,46,0,46,122
10/29/2000,PIH,ID,ANM,WE,Federal Contract Tower,0,19,4,0,23,0,5,6,0,11,0,24,10,0,34,14,0,14,48
10/30/2000,PIH,ID,ANM,WE,Federal Contract Tower,0,40,9,0,49,0,0,10,0,10,0,40,19,0,59,16,0,16,75
10/31/2000,PIH,ID,ANM,WE,Federal Contract Tower,0,43,12,0,55,0,0,9,0,9,0,43,21,0,64,12,0,12,76
11/01/2000,PIH,ID,ANM,WE,Federal Contract Tower,0,36,9,0,45,0,11,27,0,38,0,47,36,0,83,34,0,34,117
11/02/2000,PIH,ID,ANM,WE,Federal Contract Tower,0,26,6,0,32,0,19,35,0,54,0,45,41,0,86,51,0,51,137
11/03/2000,PIH,ID,ANM,WE,Federal Contract Tower,0,32,8,0,40,0,8,61,0,69,0,40,69,0,109,63,0,63,172
11/04/2000,PIH,ID,ANM,WE,Federal Contract Tower,0,16,4,0,20,0,17,72,0,89,0,33,76,0,109,28,0,28,137
11/05/2000,PIH,ID,ANM,WE,Federal Contract Tower,0,18,4,0,22,0,11,28,0,39,0,29,32,0,61,20,0,20,81
11/06/2000,PIH,ID,ANM,WE,Federal Contract Tower,0,27,8,0,35,0,8,17,0,25,0,35,25,0,60,38,0,38,98
11/07/2000,PIH,ID,ANM,WE,Federal Contract Tower,0,29,8,0,37,0,16,47,2,65,0,45,55,2,102,40,0,40,142
11/08/2000,PIH,ID,ANM,WE,Federal Contract Tower,0,38,11,0,49,0,0,18,0,18,0,38,29,0,67,42,0,42,109
11/09/2000,PIH,ID,ANM,WE,Federal Contract Tower,0,30,9,0,39,0,9,21,0,30,0,39,30,0,69,30,0,30,99
11/10/2000,PIH,ID,ANM,WE,Federal Contract Tower,0,31,9,0,40,2,7,36,0,45,2,38,45,0,85,56,0,56,141
11/11/2000,PIH,ID,ANM,WE,Federal Contract Tower,0,18,5,0,23,0,5,28,0,33,0,23,33,0,56,24,0,24,80
11/12/2000,PIH,ID,ANM,WE,Federal Contract Tower,0,19,6,0,25,1,3,26,0,30,1,22,32,0,55,42,0,42,97
11/13/2000,PIH,ID,ANM,WE,Federal Contract Tower,0,42,10,0,52,0,3,38,0,41,0,45,48,0,93,36,0,36,129
11/14/2000,PIH,ID,ANM,WE,Federal Contract Tower,0,40,10,0,50,2,0,2,0,4,2,40,12,0,54,32,0,32,86
11/15/2000,PIH,ID,ANM,WE,Federal Contract Tower,0,35,9,0,44,0,5,8,0,13,0,40,17,0,57,14,0,14,71
11/16/2000,PIH,ID,ANM,WE,Federal Contract Tower,0,36,9,1,46,0,6,11,1,18,0,42,20,2,64,12,0,12,76
11/17/2000,PIH,ID,ANM,WE,Federal Contract Tower,0,41,10,0,51,0,1,29,0,30,0,42,39,0,81,12,0,12,93
11/18/2000,PIH,ID,ANM,WE,Federal Contract Tower,0,24,6,0,30,0,8,30,0,38,0,32,36,0,68,52,0,52,120
11/19/2000,PIH,ID,ANM,WE,Federal Contract Tower,0,20,4,0,24,0,6,16,0,22,0,26,20,0,46,30,0,30,76
11/20/2000,PIH,ID,ANM,WE,Federal Contract Tower,0,28,7,0,35,0,14,18,0,32,0,42,25,0,67,36,0,36,103
11/21/2000,PIH,ID,ANM,WE,Federal Contract Tower,0,31,8,0,39,0,14,38,0,52,0,45,46,0,91,36,0,36,127
11/22/2000,PIH,ID,ANM,WE,Federal Contract Tower,0,34,8,0,42,0,6,47,0,53,0,40,55,0,95,56,0,56,151
11/23/2000,PIH,ID,ANM,WE,Federal Contract Tower,0,13,3,0,16,0,2,6,0,8,0,15,9,0,24,30,0,30,54
11/24/2000,PIH,ID,ANM,WE,Federal Contract Tower,0,27,7,0,34,2,5,16,0,23,2,32,23,0,57,38,0,38,95
11/25/2000,PIH,ID,ANM,WE,Federal Contract Tower,0,22,5,0,27,0,5,19,0,24,0,27,24,0,51,86,0,86,137
11/26/2000,PIH,ID,ANM,WE,Federal Contract Tower,0,22,5,0,27,0,1,17,0,18,0,23,22,0,45,26,0,26,71
11/27/2000,PIH,ID,ANM,WE,Federal Contract Tower,0,36,9,0,45,0,4,17,0,21,0,40,26,0,66,14,0,14,80
11/28/2000,PIH,ID,ANM,WE,Federal Contract Tower,0,30,7,0,37,0,11,41,2,54,0,41,48,2,91,36,10,46,137
11/29/2000,PIH,ID,ANM,WE,Federal Contract Tower,0,35,8,0,43,0,7,45,0,52,0,42,53,0,95,28,0,28,123
11/30/2000,PIH,ID,ANM,WE,Federal Contract Tower,0,34,8,0,42,0,14,56,0,70,0,48,64,0,112,41,0,41,153
12/01/2000,PIH,ID,ANM,WE,Federal Contract Tower,0,32,8,0,40,0,12,52,2,66,0,44,60,2,106,58,2,60,166
12/02/2000,PIH,ID,ANM,WE,Federal Contract Tower,0,18,5,0,23,0,9,51,2,62,0,27,56,2,85,42,10,52,137
12/03/2000,PIH,ID,ANM,WE,Federal Contract Tower,0,17,5,0,22,0,7,40,0,47,0,24,45,0,69,32,0,32,101
12/04/2000,PIH,ID,ANM,WE,Federal Contract Tower,0,35,9,0,44,0,9,28,0,37,0,44,37,0,81,30,0,30,111
12/05/2000,PIH,ID,ANM,WE,Federal Contract Tower,0,37,8,0,45,0,13,32,0,45,0,50,40,0,90,40,0,40,130
12/06/2000,PIH,ID,ANM,WE,Federal Contract Tower,0,32,7,0,39,0,0,8,0,8,0,32,15,0,47,40,0,40,87
12/07/2000,PIH,ID,ANM,WE,Federal Contract Tower,0,36,8,0,44,0,0,31,0,31,0,36,39,0,75,34,0,34,109
12/08/2000,PIH,ID,ANM,WE,Federal Contract Tower,0,32,7,0,39,0,0,24,0,24,0,32,31,0,63,0,0,0,63
12/09/2000,PIH,ID,ANM,WE,Federal Contract Tower,0,20,5,0,25,0,4,13,0,17,0,24,18,0,42,30,0,30,72
12/10/2000,PIH,ID,ANM,WE,Federal Contract Tower,0,20,4,0,24,0,7,4,0,11,0,27,8,0,35,0,0,0,35
12/11/2000,PIH,ID,ANM,WE,Federal Contract Tower,0,37,8,0,45,0,2,32,0,34,0,39,40,0,79,38,0,38,117
12/12/2000,PIH,ID,ANM,WE,Federal Contract Tower,0,42,10,0,52,0,0,21,0,21,0,42,31,0,73,46,0,46,119
12/13/2000,PIH,ID,ANM,WE,Federal Contract Tower,0,41,10,0,51,0,1,5,0,6,0,42,15,0,57,22,0,22,79
12/14/2000,PIH,ID,ANM,WE,Federal Contract Tower,0,39,9,0,48,0,2,19,0,21,0,41,28,0,69,14,0,14,83
12/15/2000,PIH,ID,ANM,WE,Federal Contract Tower,0,29,7,0,36,0,13,8,0,21,0,42,15,0,57,0,0,0,57
12/16/2000,PIH,ID,ANM,WE,Federal Contract Tower,0,23,5,0,28,0,6,12,2,20,0,29,17,2,48,8,18,26,74
12/17/2000,PIH,ID,ANM,WE,Federal Contract Tower,0,17,4,0,21,0,0,2,0,2,0,17,6,0,23,2,0,2,25
12/18/2000,PIH,ID,ANM,WE,Federal Contract Tower,0,24,5,0,29,0,12,50,0,62,0,36,55,0,91,20,0,20,111
12/19/2000,PIH,ID,ANM,WE,Federal Contract Tower,0,38,9,0,47,0,7,42,2,51,0,45,51,2,98,22,14,36,134
12/20/2000,PIH,ID,ANM,WE,Federal Contract Tower,0,38,9,0,47,0,6,36,4,46,0,44,45,4,93,24,12,36,129
12/21/2000,PIH,ID,ANM,WE,Federal Contract Tower,0,43,10,0,53,0,7,26,0,33,0,50,36,0,86,32,0,32,118
12/22/2000,PIH,ID,ANM,WE,Federal Contract Tower,0,42,9,0,51,0,8,8,0,16,0,50,17,0,67,14,0,14,81
12/23/2000,PIH,ID,ANM,WE,Federal Contract Tower,0,22,5,0,27,0,10,21,0,31,0,32,26,0,58,18,0,18,76
12/24/2000,PIH,ID,ANM,WE,Federal Contract Tower,0,18,4,0,22,0,0,0,0,0,0,18,4,0,22,0,0,0,22
12/25/2000,PIH,ID,ANM,WE,Federal Contract Tower,0,13,0,0,13,0,3,0,0,3,0,16,0,0,16,0,0,0,16
12/26/2000,PIH,ID,ANM,WE,Federal Contract Tower,0,33,9,0,42,0,0,12,0,12,0,33,21,0,54,12,0,12,66
12/27/2000,PIH,ID,ANM,WE,Federal Contract Tower,0,28,6,0,34,0,13,24,0,37,0,41,30,0,71,48,0,48,119
12/28/2000,PIH,ID,ANM,WE,Federal Contract Tower,0,25,3,0,28,0,7,0,0,7,0,32,3,0,35,34,0,34,69
12/29/2000,PIH,ID,ANM,WE,Federal Contract Tower,0,29,6,0,35,0,3,18,0,21,0,32,24,0,56,22,0,22,78
12/30/2000,PIH,ID,ANM,WE,Federal Contract Tower,0,16,3,0,19,0,6,19,0,25,0,22,22,0,44,52,0,52,96
12/31/2000,PIH,ID,ANM,WE,Federal Contract Tower,0,16,3,0,19,0,0,0,0,0,0,16,3,0,19,20,0,20,39
01/01/2001,PIH,ID,ANM,WE,Federal Contract Tower,0,15,5,0,20,0,0,7,0,7,0,15,12,0,27,26,0,26,53
01/02/2001,PIH,ID,ANM,WE,Federal Contract Tower,0,28,9,0,37,0,10,33,0,43,0,38,42,0,80,15,0,15,95
01/03/2001,PIH,ID,ANM,WE,Federal Contract Tower,0,27,8,0,35,0,7,22,0,29,0,34,30,0,64,30,0,30,94
01/04/2001,PIH,ID,ANM,WE,Federal Contract Tower,0,33,11,0,44,0,7,22,0,29,0,40,33,0,73,36,0,36,109
01/05/2001,PIH,ID,ANM,WE,Federal Contract Tower,0,28,9,0,37,0,14,16,2,32,0,42,25,2,69,50,30,80,149
01/06/2001,PIH,ID,ANM,WE,Federal Contract Tower,0,22,7,0,29,0,6,18,2,26,0,28,25,2,55,38,0,38,93
01/07/2001,PIH,ID,ANM,WE,Federal Contract Tower,0,21,7,0,28,0,4,17,2,23,0,25,24,2,51,58,24,82,133
01/08/2001,PIH,ID,ANM,WE,Federal Contract Tower,0,23,7,0,30,0,13,41,0,54,0,36,48,0,84,56,0,56,140
01/09/2001,PIH,ID,ANM,WE,Federal Contract Tower,0,30,9,0,39,0,12,25,0,37,0,42,34,0,76,44,0,44,120
01/10/2001,PIH,ID,ANM,WE,Federal Contract Tower,0,41,13,0,54,0,5,21,2,28,0,46,34,2,82,14,0,14,96
01/11/2001,PIH,ID,ANM,WE,Federal Contract Tower,0,33,11,0,44,0,9,28,0,37,0,42,39,0,81,38,0,38,119
01/12/2001,PIH,ID,ANM,WE,Federal Contract Tower,0,30,9,0,39,0,15,28,0,43,0,45,37,0,82,52,0,52,134
01/13/2001,PIH,ID,ANM,WE,Federal Contract Tower,0,23,7,1,31,0,0,13,1,14,0,23,20,2,45,46,0,46,91
01/14/2001,PIH,ID,ANM,WE,Federal Contract Tower,0,18,4,0,22,0,3,0,0,3,0,21,4,0,25,30,0,30,55
01/15/2001,PIH,ID,ANM,WE,Federal Contract Tower,0,29,9,0,38,0,3,16,0,19,0,32,25,0,57,32,0,32,89
01/16/2001,PIH,ID,ANM,WE,Federal Contract Tower,0,32,10,1,43,0,6,44,1,51,0,38,54,2,94,36,0,36,130
01/17/2001,PIH,ID,ANM,WE,Federal Contract Tower,0,38,14,1,53,0,0,7,1,8,0,38,21,2,61,2,2,4,65
01/18/2001,PIH,ID,ANM,WE,Federal Contract Tower,0,39,12,0,51,0,9,38,0,47,0,48,50,0,98,12,0,12,110
01/19/2001,PIH,ID,ANM,WE,Federal Contract Tower,0,31,10,0,41,0,7,13,0,20,0,38,23,0,61,16,0,16,77
01/20/2001,PIH,ID,ANM,WE,Federal Contract Tower,0,32,10,1,43,6,0,18,0,24,6,32,28,1,67,62,0,62,129
01/21/2001,PIH,ID,ANM,WE,Federal Contract Tower,0,16,3,0,19,0,5,38,0,43,0,21,41,0,62,64,0,64,126
01/22/2001,PIH,ID,ANM,WE,Federal Contract Tower,0,22,6,1,29,0,8,36,3,47,0,30,42,4,76,22,20,42,118
01/23/2001,PIH,ID,ANM,WE,Federal Contract Tower,0,28,8,0,36,0,13,43,0,56,0,41,51,0,92,48,0,48,140
01/24/2001,PIH,ID,ANM,WE,Federal Contract Tower,0,38,10,1,49,2,4,26,5,37,2,42,36,6,86,16,14,30,116
01/25/2001,PIH,ID,ANM,WE,Federal Contract Tower,0,41,12,0,53,2,0,8,0,10,2,41,20,0,63,12,0,12,75
01/26/2001,PIH,ID,ANM,WE,Federal Contract Tower,0,31,8,1,40,2,21,21,1,45,2,52,29,2,85,80,0,80,165
01/27/2001,PIH,ID,ANM,WE,Federal Contract Tower,0,19,4,0,23,0,5,39,0,44,0,24,43,0,67,68,0,68,135
01/28/2001,PIH,ID,ANM,WE,Federal Contract Tower,0,22,5,0,27,0,4,10,0,14,0,26,15,0,41,26,0,26,67
01/29/2001,PIH,ID,ANM,WE,Federal Contract Tower,0,48,13,0,61,0,1,28,0,29,0,49,41,0,90,20,0,20,110
01/30/2001,PIH,ID,ANM,WE,Federal Contract Tower,0,33,9,0,42,0,1,6,0,7,0,34,15,0,49,16,0,16,65
01/31/2001,PIH,ID,ANM,WE,Federal Contract Tower,0,44,13,0,57,0,6,22,0,28,0,50,35,0,85,30,0,30,115
02/01/2001,PIH,ID,ANM,WE,Federal Contract Tower,0,34,8,0,42,0,14,20,0,34,0,48,28,0,76,18,0,18,94
02/02/2001,PIH,ID,ANM,WE,Federal Contract Tower,0,34,8,0,42,0,13,22,0,35,0,47,30,0,77,14,0,14,91
02/03/2001,PIH,ID,ANM,WE,Federal Contract Tower,0,23,6,0,29,0,1,18,0,19,0,24,24,0,48,46,0,46,94
02/04/2001,PIH,ID,ANM,WE,Federal Contract Tower,0,17,4,0,21,0,4,30,0,34,0,21,34,0,55,0,0,0,55
02/05/2001,PIH,ID,ANM,WE,Federal Contract Tower,0,23,6,0,29,0,14,17,0,31,0,37,23,0,60,60,0,60,120
02/06/2001,PIH,ID,ANM,WE,Federal Contract Tower,0,46,12,0,58,0,0,26,2,28,0,46,38,2,86,20,0,20,106
02/07/2001,PIH,ID,ANM,WE,Federal Contract Tower,0,44,10,0,54,0,1,25,2,28,0,45,35,2,82,36,10,46,128
02/08/2001,PIH,ID,ANM,WE,Federal Contract Tower,0,27,6,0,33,0,17,48,0,65,0,44,54,0,98,26,0,26,124
02/09/2001,PIH,ID,ANM,WE,Federal Contract Tower,0,34,7,0,41,0,10,24,0,34,0,44,31,0,75,46,0,46,121
02/10/2001,PIH,ID,ANM,WE,Federal Contract Tower,0,23,5,0,28,0,15,29,0,44,0,38,34,0,72,28,0,28,100
02/11/2001,PIH,ID,ANM,WE,Federal Contract Tower,0,20,4,0,24,0,6,30,0,36,0,26,34,0,60,54,0,54,114
02/12/2001,PIH,ID,ANM,WE,Federal Contract Tower,0,35,7,1,43,0,6,21,1,28,0,41,28,2,71,42,12,54,125
02/13/2001,PIH,ID,ANM,WE,Federal Contract Tower,0,37,8,0,45,0,3,31,0,34,0,40,39,0,79,52,0,52,131
02/14/2001,PIH,ID,ANM,WE,Federal Contract Tower,0,39,8,0,47,0,8,12,0,20,0,47,20,0,67,30,0,30,97
02/15/2001,PIH,ID,ANM,WE,Federal Contract Tower,0,20,4,0,24,0,20,36,0,56,0,40,40,0,80,54,0,54,134
02/16/2001,PIH,ID,ANM,WE,Federal Contract Tower,0,32,6,0,38,0,20,33,0,53,0,52,39,0,91,70,0,70,161
02/17/2001,PIH,ID,ANM,WE,Federal Contract Tower,0,24,4,0,28,0,5,50,0,55,0,29,54,0,83,54,0,54,137
02/18/2001,PIH,ID,ANM,WE,Federal Contract Tower,0,18,3,0,21,0,3,31,0,34,0,21,34,0,55,42,0,42,97
02/19/2001,PIH,ID,ANM,WE,Federal Contract Tower,0,31,6,0,37,0,0,16,0,16,0,31,22,0,53,36,0,36,89
02/20/2001,PIH,ID,ANM,WE,Federal Contract Tower,0,33,7,0,40,0,2,27,0,29,0,35,34,0,69,22,0,22,91
02/21/2001,PIH,ID,ANM,WE,Federal Contract Tower,0,37,7,0,44,0,3,18,2,23,0,40,25,2,67,22,0,22,89
02/22/2001,PIH,ID,ANM,WE,Federal Contract Tower,0,34,7,0,41,0,10,22,4,36,0,44,29,4,77,40,2,42,119
02/23/2001,PIH,ID,ANM,WE,Federal Contract Tower,0,42,8,0,50,0,2,28,0,30,0,44,36,0,80,42,0,42,122
02/24/2001,PIH,ID,ANM,WE,Federal Contract Tower,0,22,4,0,26,0,4,16,0,20,0,26,20,0,46,14,0,14,60
02/25/2001,PIH,ID,ANM,WE,Federal Contract Tower,0,19,3,0,22,0,4,7,0,11,0,23,10,0,33,32,0,32,65
02/26/2001,PIH,ID,ANM,WE,Federal Contract Tower,0,39,10,0,49,0,0,12,0,12,0,39,22,0,61,8,0,8,69
02/27/2001,PIH,ID,ANM,WE,Federal Contract Tower,0,37,7,0,44,0,13,51,0,64,0,50,58,0,108,40,0,40,148
02/28/2001,PIH,ID,ANM,WE,Federal Contract Tower,0,37,8,0,45,0,5,37,2,44,0,42,45,2,89,48,0,48,137
03/01/2001,PIH,ID,ANM,WE,Federal Contract Tower,0,34,7,0,41,0,11,42,0,53,0,45,49,0,94,44,0,44,138
03/02/2001,PIH,ID,ANM,WE,Federal Contract Tower,0,35,7,0,42,0,6,10,0,16,0,41,17,0,58,10,0,10,68
03/03/2001,PIH,ID,ANM,WE,Federal Contract Tower,0,22,4,0,26,0,8,23,0,31,0,30,27,0,57,16,0,16,73
03/04/2001,PIH,ID,ANM,WE,Federal Contract Tower,0,16,3,0,19,0,5,34,0,39,0,21,37,0,58,30,0,30,88
03/05/2001,PIH,ID,ANM,WE,Federal Contract Tower,0,17,3,1,21,0,25,36,1,62,0,42,39,2,83,46,0,46,129
03/06/2001,PIH,ID,ANM,WE,Federal Contract Tower,0,23,4,0,27,0,16,54,0,70,0,39,58,0,97,62,0,62,159
03/07/2001,PIH,ID,ANM,WE,Federal Contract Tower,0,25,4,0,29,0,15,31,0,46,0,40,35,0,75,60,0,60,135
03/08/2001,PIH,ID,ANM,WE,Federal Contract Tower,0,32,5,0,37,0,10,46,0,56,0,42,51,0,93,52,0,52,145
03/09/2001,PIH,ID,ANM,WE,Federal Contract Tower,0,40,7,1,48,0,16,10,1,27,0,56,17,2,75,12,0,12,87
03/10/2001,PIH,ID,ANM,WE,Federal Contract Tower,0,26,4,0,30,0,0,45,0,45,0,26,49,0,75,46,0,46,121
03/11/2001,PIH,ID,ANM,WE,Federal Contract Tower,0,17,3,0,20,0,6,19,0,25,0,23,22,0,45,40,0,40,85
03/12/2001,PIH,ID,ANM,WE,Federal Contract Tower,0,27,4,0,31,0,15,31,0,46,0,42,35,0,77,56,0,56,133
03/13/2001,PIH,ID,ANM,WE,Federal Contract Tower,0,25,4,0,29,0,28,36,0,64,0,53,40,0,93,42,0,42,135
03/14/2001,PIH,ID,ANM,WE,Federal Contract Tower,0,36,6,0,42,0,16,29,0,45,0,52,35,0,87,34,0,34,121
03/15/2001,PIH,ID,ANM,WE,Federal Contract Tower,0,30,5,0,35,0,16,43,0,59,0,46,48,0,94,46,0,46,140
03/16/2001,PIH,ID,ANM,WE,Federal Contract Tower,0,43,7,0,50,0,4,14,0,18,0,47,21,0,68,10,0,10,78
03/17/2001,PIH,ID,ANM,WE,Federal Contract Tower,0,25,4,0,29,0,1,38,0,39,0,26,42,0,68,38,0,38,106
03/18/2001,PIH,ID,ANM,WE,Federal Contract Tower,0,17,3,0,20,0,1,22,0,23,0,18,25,0,43,40,0,40,83
03/19/2001,PIH,ID,ANM,WE,Federal Contract Tower,0,28,5,0,33,0,10,40,0,50,0,38,45,0,83,52,0,52,135
03/20/2001,PIH,ID,ANM,WE,Federal Contract Tower,0,32,5,0,37,0,12,43,2,57,0,44,48,2,94,54,6,60,154
03/21/2001,PIH,ID,ANM,WE,Federal Contract Tower,0,38,6,0,44,0,11,35,2,48,0,49,41,2,92,20,0,20,112
03/22/2001,PIH,ID,ANM,WE,Federal Contract Tower,0,30,5,0,35,0,19,34,0,53,0,49,39,0,88,28,0,28,116
03/23/2001,PIH,ID,ANM,WE,Federal Contract Tower,0,33,6,0,39,0,16,51,0,67,0,49,57,0,106,74,0,74,180
03/24/2001,PIH,ID,ANM,WE,Federal Contract Tower,0,26,4,0,30,0,0,43,2,45,0,26,47,2,75,58,0,58,133
03/25/2001,PIH,ID,ANM,WE,Federal Contract Tower,0,19,3,0,22,0,9,2,2,13,0,28,5,2,35,0,0,0,35
03/26/2001,PIH,ID,ANM,WE,Federal Contract Tower,0,38,7,0,45,0,3,24,2,29,0,41,31,2,74,34,0,34,108
03/27/2001,PIH,ID,ANM,WE,Federal Contract Tower,0,38,7,0,45,0,11,49,0,60,0,49,56,0,105,54,0,54,159
03/28/2001,PIH,ID,ANM,WE,Federal Contract Tower,0,45,9,0,54,0,0,34,0,34,0,45,43,0,88,46,0,46,134
03/29/2001,PIH,ID,ANM,WE,Federal Contract Tower,0,38,7,0,45,0,8,35,2,45,0,46,42,2,90,50,0,50,140
03/30/2001,PIH,ID,ANM,WE,Federal Contract Tower,0,34,6,0,40,0,13,17,0,30,0,47,23,0,70,32,0,32,102
03/31/2001,PIH,ID,ANM,WE,Federal Contract Tower,0,25,4,0,29,0,7,35,0,42,0,32,39,0,71,20,0,20,91
04/01/2001,PIH,ID,ANM,WE,Federal Contract Tower,2,17,2,0,21,0,2,31,2,35,2,19,33,2,56,46,0,46,102
04/02/2001,PIH,ID,ANM,WE,Federal Contract Tower,0,37,2,0,39,0,8,36,0,44,0,45,38,0,83,42,0,42,125
04/03/2001,PIH,ID,ANM,WE,Federal Contract Tower,0,40,6,1,47,0,9,27,1,37,0,49,33,2,84,42,2,44,128
04/04/2001,PIH,ID,ANM,WE,Federal Contract Tower,0,33,12,0,45,0,17,49,0,66,0,50,61,0,111,50,0,50,161
04/05/2001,PIH,ID,ANM,WE,Federal Contract Tower,2,37,9,0,48,0,14,44,0,58,2,51,53,0,106,52,0,52,158
04/06/2001,PIH,ID,ANM,WE,Federal Contract Tower,0,34,0,0,34,0,12,48,0,60,0,46,48,0,94,42,0,42,136
04/07/2001,PIH,ID,ANM,WE,Federal Contract Tower,0,27,9,0,36,0,1,25,0,26,0,28,34,0,62,26,0,26,88
04/08/2001,PIH,ID,ANM,WE,Federal Contract Tower,0,21,1,0,22,0,4,9,0,13,0,25,10,0,35,12,0,12,47
04/09/2001,PIH,ID,ANM,WE,Federal Contract Tower,0,28,6,2,36,0,16,45,0,61,0,44,51,2,97,32,0,32,129
04/10/2001,PIH,ID,ANM,WE,Federal Contract Tower,0,34,1,0,35,0,12,52,0,64,0,46,53,0,99,50,0,50,149
04/11/2001,PIH,ID,ANM,WE,Federal Contract Tower,0,35,7,0,42,0,23,24,0,47,0,58,31,0,89,64,0,64,153
04/12/2001,PIH,ID,ANM,WE,Federal Contract Tower,0,45,2,3,50,0,10,14,3,27,0,55,16,6,77,18,6,24,101
04/13/2001,PIH,ID,ANM,WE,Federal Contract Tower,0,44,4,2,50,0,6,16,0,22,0,50,20,2,72,46,0,46,118
04/14/2001,PIH,ID,ANM,WE,Federal Contract Tower,0,24,4,0,28,0,3,30,0,33,0,27,34,0,61,52,0,52,113
04/15/2001,PIH,ID,ANM,WE,Federal Contract Tower,0,15,2,0,17,0,2,31,0,33,0,17,33,0,50,30,0,30,80
04/16/2001,PIH,ID,ANM,WE,Federal Contract Tower,0,33,13,0,46,0,15,61,0,76,0,48,74,0,122,70,0,70,192
04/17/2001,PIH,ID,ANM,WE,Federal Contract Tower,0,38,6,0,44,0,5,48,0,53,0,43,54,0,97,120,0,120,217
04/18/2001,PIH,ID,ANM,WE,Federal Contract Tower,0,36,5,0,41,0,11,28,0,39,0,47,33,0,80,68,0,68,148
04/19/2001,PIH,ID,ANM,WE,Federal Contract Tower,0,39,5,0,44,0,6,35,0,41,0,45,40,0,85,32,0,32,117
04/20/2001,PIH,ID,ANM,WE,Federal Contract Tower,0,38,6,0,44,0,8,21,0,29,0,46,27,0,73,12,0,12,85
04/21/2001,PIH,ID,ANM,WE,Federal Contract Tower,0,21,2,0,23,0,6,23,0,29,0,27,25,0,52,20,0,20,72
04/22/2001,PIH,ID,ANM,WE,Federal Contract Tower,0,15,4,0,19,0,8,27,0,35,0,23,31,0,54,10,0,10,64
04/23/2001,PIH,ID,ANM,WE,Federal Contract Tower,0,38,7,2,47,0,8,55,4,67,0,46,62,6,114,68,0,68,182
04/24/2001,PIH,ID,ANM,WE,Federal Contract Tower,0,35,9,0,44,0,9,39,0,48,0,44,48,0,92,104,0,104,196
04/25/2001,PIH,ID,ANM,WE,Federal Contract Tower,0,35,6,0,41,0,15,67,0,82,0,50,73,0,123,78,0,78,201
04/26/2001,PIH,ID,ANM,WE,Federal Contract Tower,0,36,9,0,45,0,15,43,0,58,0,51,52,0,103,62,0,62,165
04/27/2001,PIH,ID,ANM,WE,Federal Contract Tower,0,31,7,0,38,0,15,41,0,56,0,46,48,0,94,64,0,64,158
04/28/2001,PIH,ID,ANM,WE,Federal Contract Tower,0,22,4,1,27,0,6,34,1,41,0,28,38,2,68,54,0,54,122
04/29/2001,PIH,ID,ANM,WE,Federal Contract Tower,0,15,5,0,20,0,9,30,0,39,0,24,35,0,59,24,0,24,83
04/30/2001,PIH,ID,ANM,WE,Federal Contract Tower,0,35,5,2,42,0,7,34,0,41,0,42,39,2,83,42,0,42,125
05/01/2001,PIH,ID,ANM,WE,Federal Contract Tower,0,33,7,0,40,0,12,25,0,37,0,45,32,0,77,0,0,0,77
05/02/2001,PIH,ID,ANM,WE,Federal Contract Tower,0,34,12,0,46,0,19,33,0,52,0,53,45,0,98,22,0,22,120
05/03/2001,PIH,ID,ANM,WE,Federal Contract Tower,0,37,6,0,43,0,7,24,0,31,0,44,30,0,74,48,0,48,122
05/04/2001,PIH,ID,ANM,WE,Federal Contract Tower,0,33,5,0,38,0,15,51,2,68,0,48,56,2,106,94,12,106,212
05/05/2001,PIH,ID,ANM,WE,Federal Contract Tower,0,27,4,0,31,0,8,49,0,57,0,35,53,0,88,14,0,14,102
05/06/2001,PIH,ID,ANM,WE,Federal Contract Tower,0,15,4,0,19,0,12,18,0,30,0,27,22,0,49,40,0,40,89
05/07/2001,PIH,ID,ANM,WE,Federal Contract Tower,0,30,7,0,37,0,12,35,0,47,0,42,42,0,84,44,0,44,128
05/08/2001,PIH,ID,ANM,WE,Federal Contract Tower,0,38,5,0,43,0,6,42,0,48,0,44,47,0,91,42,0,42,133
05/09/2001,PIH,ID,ANM,WE,Federal Contract Tower,0,36,5,0,41,0,12,37,0,49,0,48,42,0,90,34,0,34,124
05/10/2001,PIH,ID,ANM,WE,Federal Contract Tower,0,35,5,2,42,0,11,36,0,47,0,46,41,2,89,54,0,54,143
05/11/2001,PIH,ID,ANM,WE,Federal Contract Tower,0,36,5,1,42,0,15,53,1,69,0,51,58,2,111,44,26,70,181
05/12/2001,PIH,ID,ANM,WE,Federal Contract Tower,0,20,4,0,24,0,8,66,0,74,0,28,70,0,98,52,0,52,150
05/13/2001,PIH,ID,ANM,WE,Federal Contract Tower,0,19,3,0,22,0,6,27,0,33,0,25,30,0,55,20,0,20,75
05/14/2001,PIH,ID,ANM,WE,Federal Contract Tower,0,30,2,1,33,0,14,47,1,62,0,44,49,2,95,32,6,38,133
05/15/2001,PIH,ID,ANM,WE,Federal Contract Tower,0,46,8,0,54,0,8,22,0,30,0,54,30,0,84,8,0,8,92
05/16/2001,PIH,ID,ANM,WE,Federal Contract Tower,0,39,2,1,42,0,7,34,1,42,0,46,36,2,84,14,4,18,102
05/17/2001,PIH,ID,ANM,WE,Federal Contract Tower,0,39,5,0,44,0,10,77,0,87,0,49,82,0,131,42,0,42,173
05/18/2001,PIH,ID,ANM,WE,Federal Contract Tower,0,37,5,0,42,0,7,40,0,47,0,44,45,0,89,22,0,22,111
05/19/2001,PIH,ID,ANM,WE,Federal Contract Tower,0,22,0,0,22,0,0,46,0,46,0,22,46,0,68,32,0,32,100
05/20/2001,PIH,ID,ANM,WE,Federal Contract Tower,0,15,4,0,19,0,5,30,0,35,0,20,34,0,54,6,0,6,60
05/21/2001,PIH,ID,ANM,WE,Federal Contract Tower,0,34,3,0,37,0,23,53,0,76,0,57,56,0,113,54,0,54,167
05/22/2001,PIH,ID,ANM,WE,Federal Contract Tower,0,37,2,0,39,0,16,45,0,61,0,53,47,0,100,138,0,138,238
05/23/2001,PIH,ID,ANM,WE,Federal Contract Tower,0,35,8,0,43,0,16,90,0,106,0,51,98,0,149,122,0,122,271
05/24/2001,PIH,ID,ANM,WE,Federal Contract Tower,0,36,11,0,47,0,18,66,0,84,0,54,77,0,131,110,0,110,241
05/25/2001,PIH,ID,ANM,WE,Federal Contract Tower,0,40,5,2,47,0,16,68,0,84,0,56,73,2,131,98,0,98,229
05/26/2001,PIH,ID,ANM,WE,Federal Contract Tower,0,22,0,0,22,0,7,59,0,66,0,29,59,0,88,32,0,32,120
05/27/2001,PIH,ID,ANM,WE,Federal Contract Tower,0,13,2,0,15,0,7,29,0,36,0,20,31,0,51,10,0,10,61
05/28/2001,PIH,ID,ANM,WE,Federal Contract Tower,0,17,2,0,19,0,4,48,0,52,0,21,50,0,71,28,0,28,99
05/29/2001,PIH,ID,ANM,WE,Federal Contract Tower,0,33,3,1,37,0,14,36,0,50,0,47,39,1,87,62,0,62,149
05/30/2001,PIH,ID,ANM,WE,Federal Contract Tower,0,32,6,1,39,0,12,38,0,50,0,44,44,1,89,32,0,32,121
05/31/2001,PIH,ID,ANM,WE,Federal Contract Tower,0,26,10,0,36,0,18,53,0,71,0,44,63,0,107,92,0,92,199
06/01/2001,PIH,ID,ANM,WE,Federal Contract Tower,0,29,5,2,36,0,19,60,0,79,0,48,65,2,115,80,0,80,195
06/02/2001,PIH,ID,ANM,WE,Federal Contract Tower,0,23,1,0,24,0,8,24,0,32,0,31,25,0,56,24,0,24,80
06/03/2001,PIH,ID,ANM,WE,Federal Contract Tower,0,18,3,0,21,0,1,7,0,8,0,19,10,0,29,0,0,0,29
06/04/2001,PIH,ID,ANM,WE,Federal Contract Tower,0,33,5,0,38,0,8,38,0,46,0,41,43,0,84,40,0,40,124
06/05/2001,PIH,ID,ANM,WE,Federal Contract Tower,0,38,5,0,43,0,8,47,0,55,0,46,52,0,98,66,0,66,164
06/06/2001,PIH,ID,ANM,WE,Federal Contract Tower,0,32,3,0,35,0,15,53,0,68,0,47,56,0,103,62,0,62,165
06/07/2001,PIH,ID,ANM,WE,Federal Contract Tower,0,33,8,0,41,0,17,56,0,73,0,50,64,0,114,94,0,94,208
06/08/2001,PIH,ID,ANM,WE,Federal Contract Tower,0,38,3,0,41,0,5,51,0,56,0,43,54,0,97,74,0,74,171
06/09/2001,PIH,ID,ANM,WE,Federal Contract Tower,0,22,3,2,27,0,8,45,0,53,0,30,48,2,80,34,0,34,114
06/10/2001,PIH,ID,ANM,WE,Federal Contract Tower,0,19,2,2,23,0,3,37,0,40,0,22,39,2,63,26,2,28,91
06/11/2001,PIH,ID,ANM,WE,Federal Contract Tower,0,24,0,0,24,0,13,30,0,43,0,37,30,0,67,38,0,38,105
06/12/2001,PIH,ID,ANM,WE,Federal Contract Tower,2,37,1,0,40,0,9,30,0,39,2,46,31,0,79,20,0,20,99
06/13/2001,PIH,ID,ANM,WE,Federal Contract Tower,0,41,15,0,56,0,8,24,0,32,0,49,39,0,88,16,0,16,104
06/14/2001,PIH,ID,ANM,WE,Federal Contract Tower,0,32,6,2,40,0,6,35,4,45,0,38,41,6,85,40,12,52,137
06/15/2001,PIH,ID,ANM,WE,Federal Contract Tower,0,29,4,0,33,0,17,57,0,74,0,46,61,0,107,40,0,40,147
06/16/2001,PIH,ID,ANM,WE,Federal Contract Tower,0,23,3,0,26,0,5,71,0,76,0,28,74,0,102,36,0,36,138
06/17/2001,PIH,ID,ANM,WE,Federal Contract Tower,0,16,2,0,18,0,4,26,0,30,0,20,28,0,48,6,0,6,54
06/18/2001,PIH,ID,ANM,WE,Federal Contract Tower,0,30,3,0,33,0,11,44,0,55,0,41,47,0,88,66,0,66,154
06/19/2001,PIH,ID,ANM,WE,Federal Contract Tower,0,35,7,0,42,0,16,63,0,79,0,51,70,0,121,34,0,34,155
06/20/2001,PIH,ID,ANM,WE,Federal Contract Tower,0,34,11,0,45,0,8,74,0,82,0,42,85,0,127,52,0,52,179
06/21/2001,PIH,ID,ANM,WE,Federal Contract Tower,0,30,6,0,36,0,12,62,2,76,0,42,68,2,112,76,0,76,188
06/22/2001,PIH,ID,ANM,WE,Federal Contract Tower,0,34,6,0,40,0,10,70,0,80,0,44,76,0,120,92,0,92,212
06/23/2001,PIH,ID,ANM,WE,Federal Contract Tower,0,22,2,0,24,0,2,50,0,52,0,24,52,0,76,36,0,36,112
06/24/2001,PIH,ID,ANM,WE,Federal Contract Tower,0,19,0,0,19,0,15,20,0,35,0,34,20,0,54,16,0,16,70
06/25/2001,PIH,ID,ANM,WE,Federal Contract Tower,0,31,4,0,35,0,38,47,0,85,0,69,51,0,120,42,0,42,162
06/26/2001,PIH,ID,ANM,WE,Federal Contract Tower,0,41,6,0,47,0,15,43,8,66,0,56,49,8,113,44,10,54,167
06/27/2001,PIH,ID,ANM,WE,Federal Contract Tower,0,35,7,0,42,0,18,50,0,68,0,53,57,0,110,32,0,32,142
06/28/2001,PIH,ID,ANM,WE,Federal Contract Tower,0,38,3,0,41,0,15,51,0,66,0,53,54,0,107,54,0,54,161
06/29/2001,PIH,ID,ANM,WE,Federal Contract Tower,0,34,9,0,43,0,10,70,0,80,0,44,79,0,123,38,0,38,161
06/30/2001,PIH,ID,ANM,WE,Federal Contract Tower,0,20,0,0,20,0,11,39,0,50,0,31,39,0,70,12,0,12,82
07/01/2001,PIH,ID,ANM,WE,Federal Contract Tower,0,13,1,0,14,0,7,26,0,33,0,20,27,0,47,14,0,14,61
07/02/2001,PIH,ID,ANM,WE,Federal Contract Tower,0,29,5,1,35,0,12,60,1,73,0,41,65,2,108,78,10,88,196
07/03/2001,PIH,ID,ANM,WE,Federal Contract Tower,0,37,5,1,43,0,4,62,1,67,0,41,67,2,110,56,14,70,180
07/04/2001,PIH,ID,ANM,WE,Federal Contract Tower,0,17,5,1,23,0,3,37,3,43,0,20,42,4,66,16,14,30,96
07/05/2001,PIH,ID,ANM,WE,Federal Contract Tower,0,28,3,0,31,13,10,59,0,82,13,38,62,0,113,44,0,44,157
07/06/2001,PIH,ID,ANM,WE,Federal Contract Tower,0,28,9,0,37,9,21,25,0,55,9,49,34,0,92,30,0,30,122
07/07/2001,PIH,ID,ANM,WE,Federal Contract Tower,0,25,2,0,27,0,3,44,0,47,0,28,46,0,74,20,0,20,94
07/08/2001,PIH,ID,ANM,WE,Federal Contract Tower,0,19,1,0,20,2,8,31,0,41,2,27,32,0,61,18,0,18,79
07/09/2001,PIH,ID,ANM,WE,Federal Contract Tower,0,35,3,2,40,2,18,39,0,59,2,53,42,2,99,0,0,0,99
07/10/2001,PIH,ID,ANM,WE,Federal Contract Tower,0,35,2,0,37,1,10,49,0,60,1,45,51,0,97,40,0,40,137
07/11/2001,PIH,ID,ANM,WE,Federal Contract Tower,6,35,8,0,49,0,15,45,0,60,6,50,53,0,109,20,0,20,129
07/12/2001,PIH,ID,ANM,WE,Federal Contract Tower,0,34,4,2,40,1,10,49,2,62,1,44,53,4,102,36,10,46,148
07/13/2001,PIH,ID,ANM,WE,Federal Contract Tower,0,35,3,0,38,14,25,70,0,109,14,60,73,0,147,52,0,52,199
07/14/2001,PIH,ID,ANM,WE,Federal Contract Tower,0,24,1,0,25,2,34,66,0,102,2,58,67,0,127,32,0,32,159
07/15/2001,PIH,ID,ANM,WE,Federal Contract Tower,0,19,10,0,29,1,10,43,0,54,1,29,53,0,83,24,0,24,107
07/16/2001,PIH,ID,ANM,WE,Federal Contract Tower,0,32,4,0,36,0,9,65,0,74,0,41,69,0,110,50,0,50,160
07/17/2001,PIH,ID,ANM,WE,Federal Contract Tower,0,32,5,0,37,0,13,59,0,72,0,45,64,0,109,58,0,58,167
07/18/2001,PIH,ID,ANM,WE,Federal Contract Tower,0,34,10,0,44,0,11,62,0,73,0,45,72,0,117,76,0,76,193
07/19/2001,PIH,ID,ANM,WE,Federal Contract Tower,0,31,12,0,43,4,23,43,0,70,4,54,55,0,113,82,0,82,195
07/20/2001,PIH,ID,ANM,WE,Federal Contract Tower,0,27,5,0,32,0,12,59,0,71,0,39,64,0,103,22,0,22,125
07/21/2001,PIH,ID,ANM,WE,Federal Contract Tower,0,26,6,0,32,0,2,81,0,83,0,28,87,0,115,78,0,78,193
07/22/2001,PIH,ID,ANM,WE,Federal Contract Tower,0,20,6,0,26,11,14,44,0,69,11,34,50,0,95,10,0,10,105
07/23/2001,PIH,ID,ANM,WE,Federal Contract Tower,0,28,5,0,33,22,75,41,0,138,22,103,46,0,171,38,0,38,209
07/24/2001,PIH,ID,ANM,WE,Federal Contract Tower,0,31,12,0,43,39,64,47,0,150,39,95,59,0,193,28,8,36,229
07/25/2001,PIH,ID,ANM,WE,Federal Contract Tower,0,33,2,2,37,44,75,56,2,177,44,108,58,4,214,38,0,38,252
07/26/2001,PIH,ID,ANM,WE,Federal Contract Tower,0,34,9,0,43,45,82,53,0,180,45,116,62,0,223,52,0,52,275
07/27/2001,PIH,ID,ANM,WE,Federal Contract Tower,0,32,2,0,34,54,101,73,0,228,54,133,75,0,262,74,0,74,336
07/28/2001,PIH,ID,ANM,WE,Federal Contract Tower,0,22,2,2,26,37,50,44,0,131,37,72,46,2,157,44,4,48,205
07/29/2001,PIH,ID,ANM,WE,Federal Contract Tower,0,20,5,0,25,17,36,65,0,118,17,56,70,0,143,42,0,42,185
07/30/2001,PIH,ID,ANM,WE,Federal Contract Tower,2,30,6,0,38,1,8,56,0,65,3,38,62,0,103,72,0,72,175
07/31/2001,PIH,ID,ANM,WE,Federal Contract Tower,0,37,2,0,39,8,18,57,0,83,8,55,59,0,122,58,0,58,180
08/01/2001,PIH,ID,ANM,WE,Federal Contract Tower,0,29,2,0,31,14,28,71,0,113,14,57,73,0,144,62,0,62,206
08/02/2001,PIH,ID,ANM,WE,Federal Contract Tower,0,32,3,0,35,16,36,54,0,106,16,68,57,0,141,22,0,22,163
08/03/2001,PIH,ID,ANM,WE,Federal Contract Tower,0,28,10,2,40,0,18,45,0,63,0,46,55,2,103,26,0,26,129
08/04/2001,PIH,ID,ANM,WE,Federal Contract Tower,0,19,0,2,21,5,22,50,0,77,5,41,50,2,98,12,0,12,110
08/05/2001,PIH,ID,ANM,WE,Federal Contract Tower,0,18,2,0,20,15,39,46,0,100,15,57,48,0,120,26,0,26,146
08/06/2001,PIH,ID,ANM,WE,Federal Contract Tower,0,25,3,0,28,10,47,43,0,100,10,72,46,0,128,48,0,48,176
08/07/2001,PIH,ID,ANM,WE,Federal Contract Tower,0,28,4,0,32,0,13,44,0,57,0,41,48,0,89,38,0,38,127
08/08/2001,PIH,ID,ANM,WE,Federal Contract Tower,0,29,4,1,34,4,20,45,3,72,4,49,49,4,106,26,0,26,132
08/09/2001,PIH,ID,ANM,WE,Federal Contract Tower,0,27,10,0,37,0,18,38,0,56,0,45,48,0,93,20,0,20,113
08/10/2001,PIH,ID,ANM,WE,Federal Contract Tower,0,31,11,0,42,3,18,59,0,80,3,49,70,0,122,24,0,24,146
08/11/2001,PIH,ID,ANM,WE,Federal Contract Tower,0,23,3,0,26,0,8,71,0,79,0,31,74,0,105,46,0,46,151
08/12/2001,PIH,ID,ANM,WE,Federal Contract Tower,0,21,2,2,25,3,6,56,2,67,3,27,58,4,92,30,18,48,140
08/13/2001,PIH,ID,ANM,WE,Federal Contract Tower,0,25,4,0,29,18,61,52,0,131,18,86,56,0,160,20,0,20,180
08/14/2001,PIH,ID,ANM,WE,Federal Contract Tower,0,32,17,1,50,0,17,51,1,69,0,49,68,2,119,46,14,60,179
08/15/2001,PIH,ID,ANM,WE,Federal Contract Tower,0,35,3,0,38,17,40,43,2,102,17,75,46,2,140,14,10,24,164
08/16/2001,PIH,ID,ANM,WE,Federal Contract Tower,0,29,8,3,40,0,22,44,2,68,0,51,52,5,108,14,16,30,138
08/17/2001,PIH,ID,ANM,WE,Federal Contract Tower,0,31,7,0,38,0,13,53,0,66,0,44,60,0,104,12,0,12,116
08/18/2001,PIH,ID,ANM,WE,Federal Contract Tower,0,21,0,2,23,0,16,47,0,63,0,37,47,2,86,16,6,22,108
08/19/2001,PIH,ID,ANM,WE,Federal Contract Tower,0,20,3,0,23,4,44,37,0,85,4,64,40,0,108,12,0,12,120
08/20/2001,PIH,ID,ANM,WE,Federal Contract Tower,1,26,2,0,29,0,40,27,0,67,1,66,29,0,96,32,0,32,128
08/21/2001,PIH,ID,ANM,WE,Federal Contract Tower,2,36,0,3,41,2,26,51,1,80,4,62,51,4,121,24,22,46,167
08/22/2001,PIH,ID,ANM,WE,Federal Contract Tower,0,36,15,0,51,0,9,55,0,64,0,45,70,0,115,36,0,36,151
08/23/2001,PIH,ID,ANM,WE,Federal Contract Tower,0,32,1,0,33,20,32,49,6,107,20,64,50,6,140,14,10,24,164
08/24/2001,PIH,ID,ANM,WE,Federal Contract Tower,0,35,3,0,38,0,12,42,0,54,0,47,45,0,92,24,0,24,116
08/25/2001,PIH,ID,ANM,WE,Federal Contract Tower,0,22,5,0,27,10,8,67,0,85,10,30,72,0,112,30,0,30,142
08/26/2001,PIH,ID,ANM,WE,Federal Contract Tower,0,21,2,0,23,5,7,58,0,70,5,28,60,0,93,10,0,10,103
08/27/2001,PIH,ID,ANM,WE,Federal Contract Tower,0,27,4,0,31,0,11,42,0,53,0,38,46,0,84,54,0,54,138
08/28/2001,PIH,ID,ANM,WE,Federal Contract Tower,0,33,8,0,41,0,8,34,0,42,0,41,42,0,83,72,0,72,155
08/29/2001,PIH,ID,ANM,WE,Federal Contract Tower,0,32,9,0,41,0,12,55,0,67,0,44,64,0,108,55,0,55,163
08/30/2001,PIH,ID,ANM,WE,Federal Contract Tower,0,32,6,0,38,0,6,40,0,46,0,38,46,0,84,12,0,12,96
08/31/2001,PIH,ID,ANM,WE,Federal Contract Tower,0,31,7,0,38,0,20,59,0,79,0,51,66,0,117,82,0,82,199
09/01/2001,PIH,ID,ANM,WE,Federal Contract Tower,0,22,1,0,23,0,11,59,0,70,0,33,60,0,93,24,0,24,117
09/02/2001,PIH,ID,ANM,WE,Federal Contract Tower,0,14,3,0,17,0,5,37,0,42,0,19,40,0,59,32,0,32,91
09/03/2001,PIH,ID,ANM,WE,Federal Contract Tower,0,13,3,1,17,0,6,40,1,47,0,19,43,2,64,64,18,82,146
09/04/2001,PIH,ID,ANM,WE,Federal Contract Tower,0,29,3,0,32,2,15,51,2,70,2,44,54,2,102,14,2,16,118
09/05/2001,PIH,ID,ANM,WE,Federal Contract Tower,1,36,0,0,37,0,17,43,0,60,1,53,43,0,97,34,0,34,131
09/06/2001,PIH,ID,ANM,WE,Federal Contract Tower,0,32,4,2,38,0,13,18,0,31,0,45,22,2,69,58,6,64,133
09/07/2001,PIH,ID,ANM,WE,Federal Contract Tower,0,28,1,0,29,0,19,40,0,59,0,47,41,0,88,18,0,18,106
09/08/2001,PIH,ID,ANM,WE,Federal Contract Tower,0,20,4,0,24,0,22,90,0,112,0,42,94,0,136,34,0,34,170
09/09/2001,PIH,ID,ANM,WE,Federal Contract Tower,0,19,2,0,21,0,4,54,0,58,0,23,56,0,79,10,0,10,89
09/10/2001,PIH,ID,ANM,WE,Federal Contract Tower,0,37,4,0,41,0,8,46,0,54,0,45,50,0,95,20,0,20,115
09/11/2001,PIH,ID,ANM,WE,Federal Contract Tower,0,5,2,0,7,0,1,6,0,7,0,6,8,0,14,0,0,0,14
09/12/2001,PIH,ID,ANM,WE,Federal Contract Tower,0,0,0,0,0,0,4,0,0,4,0,4,0,0,4,0,0,0,4
09/13/2001,PIH,ID,ANM,WE,Federal Contract Tower,0,10,0,0,10,0,6,2,0,8,0,16,2,0,18,0,0,0,18
09/14/2001,PIH,ID,ANM,WE,Federal Contract Tower,0,41,4,0,45,0,10,2,4,16,0,51,6,4,61,0,0,0,61
09/15/2001,PIH,ID,ANM,WE,Federal Contract Tower,0,30,5,0,35,0,3,3,0,6,0,33,8,0,41,0,0,0,41
09/16/2001,PIH,ID,ANM,WE,Federal Contract Tower,5,14,9,0,28,0,10,1,0,11,5,24,10,0,39,0,0,0,39
09/17/2001,PIH,ID,ANM,WE,Federal Contract Tower,4,39,7,0,50,2,10,4,0,16,6,49,11,0,66,0,0,0,66
09/18/2001,PIH,ID,ANM,WE,Federal Contract Tower,5,31,8,0,44,0,8,0,0,8,5,39,8,0,52,0,0,0,52
09/19/2001,PIH,ID,ANM,WE,Federal Contract Tower,5,31,7,0,43,0,9,0,0,9,5,40,7,0,52,0,0,0,52
09/20/2001,PIH,ID,ANM,WE,Federal Contract Tower,4,31,6,2,43,0,13,27,0,40,4,44,33,2,83,0,0,0,83
09/21/2001,PIH,ID,ANM,WE,Federal Contract Tower,7,28,12,2,49,0,8,33,0,41,7,36,45,2,90,12,0,12,102
09/22/2001,PIH,ID,ANM,WE,Federal Contract Tower,5,20,6,0,31,0,9,25,0,34,5,29,31,0,65,46,0,46,111
09/23/2001,PIH,ID,ANM,WE,Federal Contract Tower,5,15,9,0,29,0,6,14,0,20,5,21,23,0,49,10,0,10,59
09/24/2001,PIH,ID,ANM,WE,Federal Contract Tower,4,19,8,0,31,0,16,34,0,50,4,35,42,0,81,30,0,30,111
09/25/2001,PIH,ID,ANM,WE,Federal Contract Tower,3,27,2,0,32,0,4,25,4,33,3,31,27,4,65,16,10,26,91
09/26/2001,PIH,ID,ANM,WE,Federal Contract Tower,5,22,6,0,33,0,8,49,0,57,5,30,55,0,90,30,0,30,120
09/27/2001,PIH,ID,ANM,WE,Federal Contract Tower,4,25,4,2,35,1,9,35,0,45,5,34,39,2,80,20,0,20,100
09/28/2001,PIH,ID,ANM,WE,Federal Contract Tower,7,22,3,0,32,24,30,61,0,115,31,52,64,0,147,44,0,44,191
09/29/2001,PIH,ID,ANM,WE,Federal Contract Tower,6,18,2,0,26,0,8,43,0,51,6,26,45,0,77,54,0,54,131
09/30/2001,PIH,ID,ANM,WE,Federal Contract Tower,5,11,4,0,20,1,0,36,0,37,6,11,40,0,57,36,0,36,93
10/01/2001,PIH,ID,ANM,WE,Federal Contract Tower,5,25,5,0,35,0,5,47,0,52,5,30,52,0,87,44,0,44,131
10/02/2001,PIH,ID,ANM,WE,Federal Contract Tower,5,27,4,1,37,0,7,44,1,52,5,34,48,2,89,66,0,66,155
10/03/2001,PIH,ID,ANM,WE,Federal Contract Tower,4,27,11,0,42,0,8,39,0,47,4,35,50,0,89,56,0,56,145
10/04/2001,PIH,ID,ANM,WE,Federal Contract Tower,5,23,5,2,35,0,9,44,0,53,5,32,49,2,88,38,0,38,126
10/05/2001,PIH,ID,ANM,WE,Federal Contract Tower,7,27,7,0,41,0,6,58,0,64,7,33,65,0,105,18,0,18,123
10/06/2001,PIH,ID,ANM,WE,Federal Contract Tower,6,12,4,0,22,0,9,29,0,38,6,21,33,0,60,42,0,42,102
10/07/2001,PIH,ID,ANM,WE,Federal Contract Tower,5,14,3,0,22,0,1,15,0,16,5,15,18,0,38,16,0,16,54
10/08/2001,PIH,ID,ANM,WE,Federal Contract Tower,4,19,3,0,26,0,6,35,0,41,4,25,38,0,67,14,0,14,81
10/09/2001,PIH,ID,ANM,WE,Federal Contract Tower,4,22,4,0,30,0,9,27,0,36,4,31,31,0,66,34,0,34,100
10/10/2001,PIH,ID,ANM,WE,Federal Contract Tower,5,28,5,2,40,0,11,53,0,64,5,39,58,2,104,54,0,54,158
10/11/2001,PIH,ID,ANM,WE,Federal Contract Tower,5,23,17,0,45,0,8,16,2,26,5,31,33,2,71,14,2,16,87
10/12/2001,PIH,ID,ANM,WE,Federal Contract Tower,5,27,2,0,34,0,8,30,0,38,5,35,32,0,72,30,0,30,102
10/13/2001,PIH,ID,ANM,WE,Federal Contract Tower,7,16,0,0,23,0,5,25,4,34,7,21,25,4,57,12,4,16,73
10/14/2001,PIH,ID,ANM,WE,Federal Contract Tower,5,13,4,0,22,0,3,12,0,15,5,16,16,0,37,0,0,0,37
10/15/2001,PIH,ID,ANM,WE,Federal Contract Tower,4,22,1,0,27,0,11,54,0,65,4,33,55,0,92,66,0,66,158
10/16/2001,PIH,ID,ANM,WE,Federal Contract Tower,5,27,9,0,41,0,11,43,0,54,5,38,52,0,95,94,0,94,189
10/17/2001,PIH,ID,ANM,WE,Federal Contract Tower,5,29,8,0,42,0,9,43,0,52,5,38,51,0,94,52,0,52,146
10/18/2001,PIH,ID,ANM,WE,Federal Contract Tower,5,27,7,0,39,0,9,35,0,44,5,36,42,0,83,38,0,38,121
10/19/2001,PIH,ID,ANM,WE,Federal Contract Tower,5,28,3,0,36,0,3,39,0,42,5,31,42,0,78,44,0,44,122
10/20/2001,PIH,ID,ANM,WE,Federal Contract Tower,5,18,5,0,28,0,9,31,0,40,5,27,36,0,68,58,0,58,126
10/21/2001,PIH,ID,ANM,WE,Federal Contract Tower,5,13,0,0,18,0,3,27,0,30,5,16,27,0,48,20,0,20,68
10/22/2001,PIH,ID,ANM,WE,Federal Contract Tower,7,25,8,0,40,0,11,14,2,27,7,36,22,2,67,40,0,40,107
10/23/2001,PIH,ID,ANM,WE,Federal Contract Tower,6,27,0,0,33,0,12,3,0,15,6,39,3,0,48,12,0,12,60
10/24/2001,PIH,ID,ANM,WE,Federal Contract Tower,7,23,9,0,39,0,19,32,0,51,7,42,41,0,90,46,0,46,136
10/25/2001,PIH,ID,ANM,WE,Federal Contract Tower,7,24,3,0,34,0,11,54,0,65,7,35,57,0,99,76,0,76,175
10/26/2001,PIH,ID,ANM,WE,Federal Contract Tower,7,29,3,0,39,0,11,47,0,58,7,40,50,0,97,46,0,46,143
10/27/2001,PIH,ID,ANM,WE,Federal Contract Tower,5,18,3,0,26,0,4,33,0,37,5,22,36,0,63,28,0,28,91
10/28/2001,PIH,ID,ANM,WE,Federal Contract Tower,5,14,2,0,21,0,1,21,0,22,5,15,23,0,43,34,0,34,77
10/29/2001,PIH,ID,ANM,WE,Federal Contract Tower,7,23,9,1,40,0,8,33,1,42,7,31,42,2,82,16,12,28,110
10/30/2001,PIH,ID,ANM,WE,Federal Contract Tower,7,30,0,0,37,0,5,18,0,23,7,35,18,0,60,20,0,20,80
10/31/2001,PIH,ID,ANM,WE,Federal Contract Tower,7,25,6,0,38,0,8,30,0,38,7,33,36,0,76,20,0,20,96
11/01/2001,PIH,ID,ANM,WE,Federal Contract Tower,7,24,19,0,50,0,18,32,0,50,7,42,51,0,100,28,0,28,128
11/02/2001,PIH,ID,ANM,WE,Federal Contract Tower,5,31,5,0,41,0,18,40,0,58,5,49,45,0,99,68,0,68,167
11/03/2001,PIH,ID,ANM,WE,Federal Contract Tower,6,14,1,0,21,0,6,37,0,43,6,20,38,0,64,56,0,56,120
11/04/2001,PIH,ID,ANM,WE,Federal Contract Tower,5,20,3,0,28,0,2,39,0,41,5,22,42,0,69,60,0,60,129
11/05/2001,PIH,ID,ANM,WE,Federal Contract Tower,7,24,3,2,36,0,13,39,0,52,7,37,42,2,88,84,0,84,172
11/06/2001,PIH,ID,ANM,WE,Federal Contract Tower,6,22,0,0,28,0,8,20,0,28,6,30,20,0,56,70,0,70,126
11/07/2001,PIH,ID,ANM,WE,Federal Contract Tower,7,28,8,0,43,0,12,34,0,46,7,40,42,0,89,30,0,30,119
11/08/2001,PIH,ID,ANM,WE,Federal Contract Tower,7,18,7,2,34,0,13,26,0,39,7,31,33,2,73,34,0,34,107
11/09/2001,PIH,ID,ANM,WE,Federal Contract Tower,7,28,2,0,37,0,13,43,0,56,7,41,45,0,93,98,0,98,191
11/10/2001,PIH,ID,ANM,WE,Federal Contract Tower,4,21,4,0,29,0,7,62,0,69,4,28,66,0,98,86,0,86,184
11/11/2001,PIH,ID,ANM,WE,Federal Contract Tower,5,12,4,0,21,0,3,35,0,38,5,15,39,0,59,54,0,54,113
11/12/2001,PIH,ID,ANM,WE,Federal Contract Tower,7,17,4,0,28,0,8,26,0,34,7,25,30,0,62,28,0,28,90
11/13/2001,PIH,ID,ANM,WE,Federal Contract Tower,7,31,5,4,47,0,8,25,2,35,7,39,30,6,82,10,24,34,116
11/14/2001,PIH,ID,ANM,WE,Federal Contract Tower,7,31,6,2,46,0,8,31,6,45,7,39,37,8,91,50,14,64,155
11/15/2001,PIH,ID,ANM,WE,Federal Contract Tower,7,34,5,2,48,0,6,40,0,46,7,40,45,2,94,78,4,82,176
11/16/2001,PIH,ID,ANM,WE,Federal Contract Tower,7,29,6,0,42,0,2,40,0,42,7,31,46,0,84,78,0,78,162
11/17/2001,PIH,ID,ANM,WE,Federal Contract Tower,6,16,2,0,24,0,5,42,0,47,6,21,44,0,71,38,0,38,109
11/18/2001,PIH,ID,ANM,WE,Federal Contract Tower,5,17,0,0,22,0,2,15,0,17,5,19,15,0,39,0,0,0,39
11/19/2001,PIH,ID,ANM,WE,Federal Contract Tower,7,31,3,0,41,0,10,30,0,40,7,41,33,0,81,18,0,18,99
11/20/2001,PIH,ID,ANM,WE,Federal Contract Tower,7,30,5,0,42,0,13,40,0,53,7,43,45,0,95,66,0,66,161
11/21/2001,PIH,ID,ANM,WE,Federal Contract Tower,7,41,1,2,51,0,8,16,2,26,7,49,17,4,77,30,0,30,107
11/22/2001,PIH,ID,ANM,WE,Federal Contract Tower,8,7,0,0,15,0,0,0,0,0,8,7,0,0,15,0,0,0,15
11/23/2001,PIH,ID,ANM,WE,Federal Contract Tower,5,25,0,0,30,0,0,0,0,0,5,25,0,0,30,0,0,0,30
11/24/2001,PIH,ID,ANM,WE,Federal Contract Tower,5,18,5,0,28,0,1,11,0,12,5,19,16,0,40,6,0,6,46
11/25/2001,PIH,ID,ANM,WE,Federal Contract Tower,5,19,5,0,29,0,3,9,0,12,5,22,14,0,41,0,0,0,41
11/26/2001,PIH,ID,ANM,WE,Federal Contract Tower,7,26,11,0,44,0,3,0,0,3,7,29,11,0,47,0,0,0,47
11/27/2001,PIH,ID,ANM,WE,Federal Contract Tower,5,39,10,0,54,0,4,16,0,20,5,43,26,0,74,16,0,16,90
11/28/2001,PIH,ID,ANM,WE,Federal Contract Tower,7,37,3,0,47,0,8,8,0,16,7,45,11,0,63,18,0,18,81
11/29/2001,PIH,ID,ANM,WE,Federal Contract Tower,7,32,6,0,45,0,0,0,0,0,7,32,6,0,45,0,0,0,45
11/30/2001,PIH,ID,ANM,WE,Federal Contract Tower,7,29,1,0,37,0,10,37,0,47,7,39,38,0,84,34,0,34,118
12/01/2001,PIH,ID,ANM,WE,Federal Contract Tower,3,21,3,0,27,1,1,3,0,5,4,22,6,0,32,10,0,10,42
12/02/2001,PIH,ID,ANM,WE,Federal Contract Tower,1,11,2,0,14,0,3,7,0,10,1,14,9,0,24,6,0,6,30
12/03/2001,PIH,ID,ANM,WE,Federal Contract Tower,7,26,7,0,40,0,4,8,0,12,7,30,15,0,52,22,0,22,74
12/04/2001,PIH,ID,ANM,WE,Federal Contract Tower,7,35,5,0,47,0,8,13,0,21,7,43,18,0,68,42,0,42,110
12/05/2001,PIH,ID,ANM,WE,Federal Contract Tower,3,25,6,0,34,0,2,0,0,2,3,27,6,0,36,4,0,4,40
12/06/2001,PIH,ID,ANM,WE,Federal Contract Tower,4,31,6,0,41,0,3,13,0,16,4,34,19,0,57,6,0,6,63
12/07/2001,PIH,ID,ANM,WE,Federal Contract Tower,7,33,7,0,47,0,10,46,0,56,7,43,53,0,103,62,0,62,165
12/08/2001,PIH,ID,ANM,WE,Federal Contract Tower,6,24,5,0,35,0,3,28,2,33,6,27,33,2,68,50,10,60,128
12/09/2001,PIH,ID,ANM,WE,Federal Contract Tower,5,13,4,0,22,0,4,18,0,22,5,17,22,0,44,18,0,18,62
12/10/2001,PIH,ID,ANM,WE,Federal Contract Tower,7,33,5,0,45,0,4,8,0,12,7,37,13,0,57,0,0,0,57
12/11/2001,PIH,ID,ANM,WE,Federal Contract Tower,7,37,3,0,47,0,0,0,0,0,7,37,3,0,47,0,0,0,47
12/12/2001,PIH,ID,ANM,WE,Federal Contract Tower,7,34,12,0,53,0,3,12,0,15,7,37,24,0,68,42,0,42,110
12/13/2001,PIH,ID,ANM,WE,Federal Contract Tower,7,33,10,0,50,0,0,0,0,0,7,33,10,0,50,0,0,0,50
12/14/2001,PIH,ID,ANM,WE,Federal Contract Tower,5,35,1,0,41,0,2,4,0,6,5,37,5,0,47,14,0,14,61
12/15/2001,PIH,ID,ANM,WE,Federal Contract Tower,6,17,1,0,24,0,0,24,0,24,6,17,25,0,48,18,0,18,66
12/16/2001,PIH,ID,ANM,WE,Federal Contract Tower,5,13,6,0,24,0,0,1,0,1,5,13,7,0,25,0,0,0,25
12/17/2001,PIH,ID,ANM,WE,Federal Contract Tower,7,33,3,0,43,0,0,3,0,3,7,33,6,0,46,0,0,0,46
12/18/2001,PIH,ID,ANM,WE,Federal Contract Tower,7,29,5,0,41,0,3,25,0,28,7,32,30,0,69,29,0,29,98
12/19/2001,PIH,ID,ANM,WE,Federal Contract Tower,7,40,8,2,57,0,0,15,0,15,7,40,23,2,72,24,0,24,96
12/20/2001,PIH,ID,ANM,WE,Federal Contract Tower,7,32,4,0,43,0,3,27,0,30,7,35,31,0,73,30,0,30,103
12/21/2001,PIH,ID,ANM,WE,Federal Contract Tower,9,43,5,0,57,0,0,18,0,18,9,43,23,0,75,20,0,20,95
12/22/2001,PIH,ID,ANM,WE,Federal Contract Tower,12,24,15,0,51,0,4,12,0,16,12,28,27,0,67,20,0,20,87
12/23/2001,PIH,ID,ANM,WE,Federal Contract Tower,5,14,4,0,23,0,0,17,0,17,5,14,21,0,40,0,0,0,40
12/24/2001,PIH,ID,ANM,WE,Federal Contract Tower,7,35,2,0,44,0,0,0,0,0,7,35,2,0,44,0,0,0,44
12/25/2001,PIH,ID,ANM,WE,Federal Contract Tower,6,9,1,0,16,0,0,3,0,3,6,9,4,0,19,4,0,4,23
12/26/2001,PIH,ID,ANM,WE,Federal Contract Tower,7,32,3,0,42,0,5,19,0,24,7,37,22,0,66,32,0,32,98
12/27/2001,PIH,ID,ANM,WE,Federal Contract Tower,7,31,1,0,39,0,6,7,0,13,7,37,8,0,52,28,0,28,80
12/28/2001,PIH,ID,ANM,WE,Federal Contract Tower,8,36,4,0,48,0,0,16,0,16,8,36,20,0,64,40,0,40,104
12/29/2001,PIH,ID,ANM,WE,Federal Contract Tower,4,11,2,0,17,0,0,1,0,1,4,11,3,0,18,0,0,0,18
12/30/2001,PIH,ID,ANM,WE,Federal Contract Tower,5,11,5,0,21,0,0,6,0,6,5,11,11,0,27,8,0,8,35
12/31/2001,PIH,ID,ANM,WE,Federal Contract Tower,6,27,4,0,37,0,6,3,0,9,6,33,7,0,46,28,0,28,74
01/01/2002,PIH,ID,ANM,WE,Federal Contract Tower,3,10,1,0,14,0,0,2,0,2,3,10,3,0,16,0,0,0,16
01/02/2002,PIH,ID,ANM,WE,Federal Contract Tower,7,25,6,0,38,0,12,18,0,30,7,37,24,0,68,46,0,46,114
01/03/2002,PIH,ID,ANM,WE,Federal Contract Tower,7,33,4,0,44,0,1,13,0,14,7,34,17,0,58,14,0,14,72
01/04/2002,PIH,ID,ANM,WE,Federal Contract Tower,7,54,6,0,67,0,11,2,0,13,7,65,8,0,80,6,0,6,86
01/05/2002,PIH,ID,ANM,WE,Federal Contract Tower,6,22,1,0,29,0,2,30,0,32,6,24,31,0,61,18,0,18,79
01/06/2002,PIH,ID,ANM,WE,Federal Contract Tower,5,15,0,0,20,0,0,0,0,0,5,15,0,0,20,0,0,0,20
01/07/2002,PIH,ID,ANM,WE,Federal Contract Tower,7,36,2,0,45,0,3,22,0,25,7,39,24,0,70,22,0,22,92
01/08/2002,PIH,ID,ANM,WE,Federal Contract Tower,3,34,1,0,38,0,5,21,0,26,3,39,22,0,64,28,0,28,92
01/09/2002,PIH,ID,ANM,WE,Federal Contract Tower,5,31,9,1,46,0,0,3,1,4,5,31,12,2,50,8,0,8,58
01/10/2002,PIH,ID,ANM,WE,Federal Contract Tower,3,49,15,0,67,0,4,9,0,13,3,53,24,0,80,24,0,24,104
01/11/2002,PIH,ID,ANM,WE,Federal Contract Tower,1,31,6,0,38,0,4,25,0,29,1,35,31,0,67,36,0,36,103
01/12/2002,PIH,ID,ANM,WE,Federal Contract Tower,6,18,0,0,24,0,1,29,4,34,6,19,29,4,58,20,0,20,78
01/13/2002,PIH,ID,ANM,WE,Federal Contract Tower,5,13,0,0,18,0,0,13,0,13,5,13,13,0,31,22,0,22,53
01/14/2002,PIH,ID,ANM,WE,Federal Contract Tower,7,20,3,0,30,0,12,27,0,39,7,32,30,0,69,34,0,34,103
01/15/2002,PIH,ID,ANM,WE,Federal Contract Tower,7,34,3,0,44,0,8,4,0,12,7,42,7,0,56,16,0,16,72
01/16/2002,PIH,ID,ANM,WE,Federal Contract Tower,6,34,3,0,43,0,4,12,0,16,6,38,15,0,59,26,0,26,85
01/17/2002,PIH,ID,ANM,WE,Federal Contract Tower,7,33,1,0,41,0,2,7,0,9,7,35,8,0,50,14,0,14,64
01/18/2002,PIH,ID,ANM,WE,Federal Contract Tower,7,34,4,0,45,0,2,24,0,26,7,36,28,0,71,34,0,34,105
01/19/2002,PIH,ID,ANM,WE,Federal Contract Tower,6,18,0,0,24,0,0,5,0,5,6,18,5,0,29,6,0,6,35
01/20/2002,PIH,ID,ANM,WE,Federal Contract Tower,5,14,2,0,21,0,0,0,0,0,5,14,2,0,21,0,0,0,21
01/21/2002,PIH,ID,ANM,WE,Federal Contract Tower,7,26,5,0,38,0,0,2,0,2,7,26,7,0,40,8,0,8,48
01/22/2002,PIH,ID,ANM,WE,Federal Contract Tower,6,33,6,0,45,0,5,12,0,17,6,38,18,0,62,20,0,20,82
01/23/2002,PIH,ID,ANM,WE,Federal Contract Tower,7,31,4,0,42,0,5,13,0,18,7,36,17,0,60,32,0,32,92
01/24/2002,PIH,ID,ANM,WE,Federal Contract Tower,7,33,4,0,44,0,6,29,0,35,7,39,33,0,79,22,0,22,101
01/25/2002,PIH,ID,ANM,WE,Federal Contract Tower,7,27,4,0,38,0,6,13,0,19,7,33,17,0,57,24,0,24,81
01/26/2002,PIH,ID,ANM,WE,Federal Contract Tower,6,16,0,2,24,0,4,4,0,8,6,20,4,2,32,6,0,6,38
01/27/2002,PIH,ID,ANM,WE,Federal Contract Tower,5,13,1,0,19,0,0,0,0,0,5,13,1,0,19,0,0,0,19
01/28/2002,PIH,ID,ANM,WE,Federal Contract Tower,7,29,1,0,37,0,5,3,0,8,7,34,4,0,45,22,0,22,67
01/29/2002,PIH,ID,ANM,WE,Federal Contract Tower,7,32,3,0,42,0,7,30,2,39,7,39,33,2,81,32,8,40,121
01/30/2002,PIH,ID,ANM,WE,Federal Contract Tower,7,34,6,2,49,0,4,15,0,19,7,38,21,2,68,14,0,14,82
01/31/2002,PIH,ID,ANM,WE,Federal Contract Tower,7,28,2,2,39,0,0,0,0,0,7,28,2,2,39,20,0,20,59
02/01/2002,PIH,ID,ANM,WE,Federal Contract Tower,5,25,5,2,37,0,12,30,0,42,5,37,35,2,79,36,0,36,115
02/02/2002,PIH,ID,ANM,WE,Federal Contract Tower,6,19,5,0,30,0,4,28,0,32,6,23,33,0,62,32,0,32,94
02/03/2002,PIH,ID,ANM,WE,Federal Contract Tower,1,18,3,0,22,0,2,16,0,18,1,20,19,0,40,6,0,6,46
02/04/2002,PIH,ID,ANM,WE,Federal Contract Tower,3,29,4,0,36,0,9,14,2,25,3,38,18,2,61,38,0,38,99
02/05/2002,PIH,ID,ANM,WE,Federal Contract Tower,0,42,7,0,49,0,5,31,0,36,0,47,38,0,85,46,0,46,131
02/06/2002,PIH,ID,ANM,WE,Federal Contract Tower,0,36,7,0,43,0,3,13,0,16,0,39,20,0,59,48,0,48,107
02/07/2002,PIH,ID,ANM,WE,Federal Contract Tower,0,36,3,0,39,0,11,28,0,39,0,47,31,0,78,50,0,50,128
02/08/2002,PIH,ID,ANM,WE,Federal Contract Tower,0,37,5,0,42,0,1,1,0,2,0,38,6,0,44,0,0,0,44
02/09/2002,PIH,ID,ANM,WE,Federal Contract Tower,0,26,6,0,32,0,1,60,0,61,0,27,66,0,93,60,0,60,153
02/10/2002,PIH,ID,ANM,WE,Federal Contract Tower,0,18,3,0,21,0,1,17,0,18,0,19,20,0,39,32,0,32,71
02/11/2002,PIH,ID,ANM,WE,Federal Contract Tower,0,23,5,2,30,0,9,19,0,28,0,32,24,2,58,30,0,30,88
02/12/2002,PIH,ID,ANM,WE,Federal Contract Tower,0,35,7,0,42,0,4,19,0,23,0,39,26,0,65,34,0,34,99
02/13/2002,PIH,ID,ANM,WE,Federal Contract Tower,0,38,5,0,43,0,6,37,0,43,0,44,42,0,86,64,0,64,150
02/14/2002,PIH,ID,ANM,WE,Federal Contract Tower,0,34,1,0,35,0,11,19,0,30,0,45,20,0,65,22,0,22,87
02/15/2002,PIH,ID,ANM,WE,Federal Contract Tower,0,33,14,0,47,0,11,44,0,55,0,44,58,0,102,40,0,40,142
02/16/2002,PIH,ID,ANM,WE,Federal Contract Tower,4,18,5,0,27,0,12,50,0,62,4,30,55,0,89,74,0,74,163
02/17/2002,PIH,ID,ANM,WE,Federal Contract Tower,4,14,7,0,25,1,0,19,0,20,5,14,26,0,45,8,0,8,53
02/18/2002,PIH,ID,ANM,WE,Federal Contract Tower,7,22,7,0,36,0,5,5,0,10,7,27,12,0,46,28,0,28,74
02/19/2002,PIH,ID,ANM,WE,Federal Contract Tower,7,28,10,0,45,0,3,18,0,21,7,31,28,0,66,42,0,42,108
02/20/2002,PIH,ID,ANM,WE,Federal Contract Tower,7,30,3,0,40,0,5,34,0,39,7,35,37,0,79,46,0,46,125
02/21/2002,PIH,ID,ANM,WE,Federal Contract Tower,7,16,5,0,28,0,3,25,0,28,7,19,30,0,56,48,0,48,104
02/22/2002,PIH,ID,ANM,WE,Federal Contract Tower,7,25,2,0,34,0,10,41,0,51,7,35,43,0,85,48,0,48,133
02/23/2002,PIH,ID,ANM,WE,Federal Contract Tower,4,16,1,0,21,0,1,24,0,25,4,17,25,0,46,20,0,20,66
02/24/2002,PIH,ID,ANM,WE,Federal Contract Tower,4,10,7,0,21,0,3,5,0,8,4,13,12,0,29,0,0,0,29
02/25/2002,PIH,ID,ANM,WE,Federal Contract Tower,7,23,1,4,35,0,13,49,0,62,7,36,50,4,97,136,0,136,233
02/26/2002,PIH,ID,ANM,WE,Federal Contract Tower,7,26,0,0,33,0,5,25,0,30,7,31,25,0,63,58,0,58,121
02/27/2002,PIH,ID,ANM,WE,Federal Contract Tower,7,26,3,1,37,0,6,48,1,55,7,32,51,2,92,78,2,80,172
02/28/2002,PIH,ID,ANM,WE,Federal Contract Tower,5,30,1,0,36,0,3,4,0,7,5,33,5,0,43,16,0,16,59
03/01/2002,PIH,ID,ANM,WE,Federal Contract Tower,7,27,4,0,38,0,8,57,2,67,7,35,61,2,105,36,0,36,141
03/02/2002,PIH,ID,ANM,WE,Federal Contract Tower,4,19,2,0,25,0,4,45,0,49,4,23,47,0,74,52,0,52,126
03/03/2002,PIH,ID,ANM,WE,Federal Contract Tower,5,12,1,0,18,0,0,23,0,23,5,12,24,0,41,30,0,30,71
03/04/2002,PIH,ID,ANM,WE,Federal Contract Tower,7,22,2,0,31,0,12,30,0,42,7,34,32,0,73,52,0,52,125
03/05/2002,PIH,ID,ANM,WE,Federal Contract Tower,7,24,5,2,38,0,7,29,0,36,7,31,34,2,74,48,0,48,122
03/06/2002,PIH,ID,ANM,WE,Federal Contract Tower,5,30,8,0,43,0,0,24,0,24,5,30,32,0,67,40,0,40,107
03/07/2002,PIH,ID,ANM,WE,Federal Contract Tower,7,33,7,0,47,0,2,11,0,13,7,35,18,0,60,20,0,20,80
03/08/2002,PIH,ID,ANM,WE,Federal Contract Tower,7,27,4,2,40,0,8,25,0,33,7,35,29,2,73,10,0,10,83
03/09/2002,PIH,ID,ANM,WE,Federal Contract Tower,6,18,2,0,26,0,2,35,0,37,6,20,37,0,63,42,0,42,105
03/10/2002,PIH,ID,ANM,WE,Federal Contract Tower,5,16,5,0,26,0,1,11,0,12,5,17,16,0,38,24,0,24,62
03/11/2002,PIH,ID,ANM,WE,Federal Contract Tower,7,25,3,0,35,0,3,16,0,19,7,28,19,0,54,44,0,44,98
03/12/2002,PIH,ID,ANM,WE,Federal Contract Tower,7,33,7,0,47,0,8,18,0,26,7,41,25,0,73,38,0,38,111
03/13/2002,PIH,ID,ANM,WE,Federal Contract Tower,5,33,12,0,50,0,2,11,0,13,5,35,23,0,63,14,0,14,77
03/14/2002,PIH,ID,ANM,WE,Federal Contract Tower,7,28,8,0,43,0,11,24,0,35,7,39,32,0,78,30,0,30,108
03/15/2002,PIH,ID,ANM,WE,Federal Contract Tower,7,28,4,0,39,0,6,33,2,41,7,34,37,2,80,26,0,26,106
03/16/2002,PIH,ID,ANM,WE,Federal Contract Tower,6,23,2,0,31,0,8,21,0,29,6,31,23,0,60,32,0,32,92
03/17/2002,PIH,ID,ANM,WE,Federal Contract Tower,3,13,8,0,24,0,0,26,0,26,3,13,34,0,50,30,0,30,80
03/18/2002,PIH,ID,ANM,WE,Federal Contract Tower,7,26,6,0,39,0,8,27,0,35,7,34,33,0,74,98,0,98,172
03/19/2002,PIH,ID,ANM,WE,Federal Contract Tower,7,27,9,0,43,0,9,24,0,33,7,36,33,0,76,32,0,32,108
03/20/2002,PIH,ID,ANM,WE,Federal Contract Tower,5,28,3,1,37,0,7,33,1,41,5,35,36,2,78,66,10,76,154
03/21/2002,PIH,ID,ANM,WE,Federal Contract Tower,6,27,6,0,39,0,12,43,0,55,6,39,49,0,94,84,0,84,178
03/22/2002,PIH,ID,ANM,WE,Federal Contract Tower,5,29,10,0,44,0,11,34,0,45,5,40,44,0,89,92,0,92,181
03/23/2002,PIH,ID,ANM,WE,Federal Contract Tower,10,22,8,0,40,0,0,17,0,17,10,22,25,0,57,26,0,26,83
03/24/2002,PIH,ID,ANM,WE,Federal Contract Tower,5,13,3,0,21,0,2,3,0,5,5,15,6,0,26,2,0,2,28
03/25/2002,PIH,ID,ANM,WE,Federal Contract Tower,6,28,6,0,40,0,4,15,0,19,6,32,21,0,59,36,0,36,95
03/26/2002,PIH,ID,ANM,WE,Federal Contract Tower,7,27,2,0,36,0,12,27,0,39,7,39,29,0,75,45,0,45,120
03/27/2002,PIH,ID,ANM,WE,Federal Contract Tower,7,25,4,0,36,0,13,13,0,26,7,38,17,0,62,25,0,25,87
03/28/2002,PIH,ID,ANM,WE,Federal Contract Tower,7,31,3,0,41,0,11,21,2,34,7,42,24,2,75,22,4,26,101
03/29/2002,PIH,ID,ANM,WE,Federal Contract Tower,7,26,4,0,37,0,18,37,0,55,7,44,41,0,92,34,0,34,126
03/30/2002,PIH,ID,ANM,WE,Federal Contract Tower,6,22,1,0,29,0,7,31,0,38,6,29,32,0,67,18,0,18,85
03/31/2002,PIH,ID,ANM,WE,Federal Contract Tower,5,10,2,0,17,0,0,21,0,21,5,10,23,0,38,14,0,14,52
04/01/2002,PIH,ID,ANM,WE,Federal Contract Tower,7,25,3,2,37,0,11,18,0,29,7,36,21,2,66,23,16,39,105
04/02/2002,PIH,ID,ANM,WE,Federal Contract Tower,7,21,6,1,35,0,13,34,1,48,7,34,40,2,83,56,10,66,149
04/03/2002,PIH,ID,ANM,WE,Federal Contract Tower,7,24,2,0,33,0,14,51,0,65,7,38,53,0,98,82,0,82,180
04/04/2002,PIH,ID,ANM,WE,Federal Contract Tower,7,24,4,0,35,0,16,44,0,60,7,40,48,0,95,74,0,74,169
04/05/2002,PIH,ID,ANM,WE,Federal Contract Tower,7,30,7,0,44,0,9,55,0,64,7,39,62,0,108,60,0,60,168
04/06/2002,PIH,ID,ANM,WE,Federal Contract Tower,6,16,2,0,24,0,6,36,0,42,6,22,38,0,66,46,0,46,112
04/07/2002,PIH,ID,ANM,WE,Federal Contract Tower,5,13,2,0,20,0,1,23,2,26,5,14,25,2,46,0,0,0,46
04/08/2002,PIH,ID,ANM,WE,Federal Contract Tower,7,22,3,0,32,0,8,30,0,38,7,30,33,0,70,60,0,60,130
04/09/2002,PIH,ID,ANM,WE,Federal Contract Tower,7,26,7,0,40,0,9,30,0,39,7,35,37,0,79,44,0,44,123
04/10/2002,PIH,ID,ANM,WE,Federal Contract Tower,7,30,3,0,40,0,11,25,0,36,7,41,28,0,76,38,0,38,114
04/11/2002,PIH,ID,ANM,WE,Federal Contract Tower,7,23,1,0,31,0,12,37,0,49,7,35,38,0,80,54,0,54,134
04/12/2002,PIH,ID,ANM,WE,Federal Contract Tower,7,24,3,0,34,0,11,49,2,62,7,35,52,2,96,42,0,42,138
04/13/2002,PIH,ID,ANM,WE,Federal Contract Tower,6,18,6,0,30,0,5,32,0,37,6,23,38,0,67,46,0,46,113
04/14/2002,PIH,ID,ANM,WE,Federal Contract Tower,4,12,0,0,16,0,2,2,0,4,4,14,2,0,20,0,0,0,20
04/15/2002,PIH,ID,ANM,WE,Federal Contract Tower,5,26,8,0,39,0,4,5,0,9,5,30,13,0,48,18,0,18,66
04/16/2002,PIH,ID,ANM,WE,Federal Contract Tower,7,30,1,0,38,0,1,19,0,20,7,31,20,0,58,24,0,24,82
04/17/2002,PIH,ID,ANM,WE,Federal Contract Tower,6,31,2,2,41,0,2,21,0,23,6,33,23,2,64,26,0,26,90
04/18/2002,PIH,ID,ANM,WE,Federal Contract Tower,7,34,5,2,48,0,5,39,0,44,7,39,44,2,92,38,12,50,142
04/19/2002,PIH,ID,ANM,WE,Federal Contract Tower,5,22,3,0,30,0,8,7,0,15,5,30,10,0,45,0,0,0,45
04/20/2002,PIH,ID,ANM,WE,Federal Contract Tower,5,18,3,2,28,0,6,18,0,24,5,24,21,2,52,24,10,34,86
04/21/2002,PIH,ID,ANM,WE,Federal Contract Tower,4,13,2,0,19,0,0,21,0,21,4,13,23,0,40,22,0,22,62
04/22/2002,PIH,ID,ANM,WE,Federal Contract Tower,6,25,4,0,35,0,10,16,0,26,6,35,20,0,61,24,0,24,85
04/23/2002,PIH,ID,ANM,WE,Federal Contract Tower,7,29,8,0,44,0,7,7,0,14,7,36,15,0,58,16,0,16,74
04/24/2002,PIH,ID,ANM,WE,Federal Contract Tower,7,29,1,0,37,0,12,54,0,66,7,41,55,0,103,128,0,128,231
04/25/2002,PIH,ID,ANM,WE,Federal Contract Tower,7,31,4,0,42,0,8,45,0,53,7,39,49,0,95,70,0,70,165
04/26/2002,PIH,ID,ANM,WE,Federal Contract Tower,7,31,4,0,42,0,5,9,0,14,7,36,13,0,56,26,0,26,82
04/27/2002,PIH,ID,ANM,WE,Federal Contract Tower,6,17,1,0,24,0,3,14,0,17,6,20,15,0,41,10,0,10,51
04/28/2002,PIH,ID,ANM,WE,Federal Contract Tower,5,12,2,0,19,0,2,28,0,30,5,14,30,0,49,44,0,44,93
04/29/2002,PIH,ID,ANM,WE,Federal Contract Tower,6,21,2,0,29,1,9,48,2,60,7,30,50,2,89,44,10,54,143
04/30/2002,PIH,ID,ANM,WE,Federal Contract Tower,7,30,4,0,41,0,6,28,0,34,7,36,32,0,75,28,0,28,103
05/01/2002,PIH,ID,ANM,WE,Federal Contract Tower,7,22,12,4,45,0,13,24,0,37,7,35,36,4,82,14,0,14,96
05/02/2002,PIH,ID,ANM,WE,Federal Contract Tower,7,26,6,0,39,0,11,37,0,48,7,37,43,0,87,36,0,36,123
05/03/2002,PIH,ID,ANM,WE,Federal Contract Tower,7,29,8,0,44,0,13,29,0,42,7,42,37,0,86,20,0,20,106
05/04/2002,PIH,ID,ANM,WE,Federal Contract Tower,5,19,3,0,27,0,4,49,0,53,5,23,52,0,80,34,0,34,114
05/05/2002,PIH,ID,ANM,WE,Federal Contract Tower,5,14,2,0,21,0,0,25,6,31,5,14,27,6,52,44,12,56,108
05/06/2002,PIH,ID,ANM,WE,Federal Contract Tower,7,21,3,0,31,0,9,19,0,28,7,30,22,0,59,30,0,30,89
05/07/2002,PIH,ID,ANM,WE,Federal Contract Tower,7,29,6,0,42,0,3,18,0,21,7,32,24,0,63,20,0,20,83
05/08/2002,PIH,ID,ANM,WE,Federal Contract Tower,7,27,3,0,37,0,11,12,0,23,7,38,15,0,60,30,0,30,90
05/09/2002,PIH,ID,ANM,WE,Federal Contract Tower,7,31,3,0,41,0,7,32,0,39,7,38,35,0,80,32,0,32,112
05/10/2002,PIH,ID,ANM,WE,Federal Contract Tower,7,34,1,0,42,0,12,24,0,36,7,46,25,0,78,62,0,62,140
05/11/2002,PIH,ID,ANM,WE,Federal Contract Tower,6,20,0,0,26,0,2,43,0,45,6,22,43,0,71,38,0,38,109
05/12/2002,PIH,ID,ANM,WE,Federal Contract Tower,5,8,5,0,18,0,5,43,0,48,5,13,48,0,66,24,0,24,90
05/13/2002,PIH,ID,ANM,WE,Federal Contract Tower,7,25,13,0,45,0,11,50,0,61,7,36,63,0,106,70,0,70,176
05/14/2002,PIH,ID,ANM,WE,Federal Contract Tower,7,29,4,2,42,0,12,42,0,54,7,41,46,2,96,50,10,60,156
05/15/2002,PIH,ID,ANM,WE,Federal Contract Tower,7,30,4,0,41,0,12,32,0,44,7,42,36,0,85,60,0,60,145
05/16/2002,PIH,ID,ANM,WE,Federal Contract Tower,7,29,3,2,41,0,14,35,2,51,7,43,38,4,92,46,2,48,140
05/17/2002,PIH,ID,ANM,WE,Federal Contract Tower,7,27,3,0,37,0,6,30,0,36,7,33,33,0,73,28,0,28,101
05/18/2002,PIH,ID,ANM,WE,Federal Contract Tower,6,17,3,0,26,0,4,46,0,50,6,21,49,0,76,28,0,28,104
05/19/2002,PIH,ID,ANM,WE,Federal Contract Tower,5,14,1,0,20,0,1,35,0,36,5,15,36,0,56,24,0,24,80
05/20/2002,PIH,ID,ANM,WE,Federal Contract Tower,6,30,1,0,37,0,7,33,0,40,6,37,34,0,77,16,0,16,93
05/21/2002,PIH,ID,ANM,WE,Federal Contract Tower,7,39,4,0,50,0,6,22,0,28,7,45,26,0,78,118,0,118,196
05/22/2002,PIH,ID,ANM,WE,Federal Contract Tower,7,29,1,0,37,0,12,26,0,38,7,41,27,0,75,60,0,60,135
05/23/2002,PIH,ID,ANM,WE,Federal Contract Tower,5,30,4,0,39,0,12,30,0,42,5,42,34,0,81,45,0,45,126
05/24/2002,PIH,ID,ANM,WE,Federal Contract Tower,7,29,8,0,44,0,15,35,2,52,7,44,43,2,96,52,8,60,156
05/25/2002,PIH,ID,ANM,WE,Federal Contract Tower,6,18,3,0,27,0,0,41,0,41,6,18,44,0,68,30,0,30,98
05/26/2002,PIH,ID,ANM,WE,Federal Contract Tower,4,13,2,0,19,0,4,29,0,33,4,17,31,0,52,40,0,40,92
05/27/2002,PIH,ID,ANM,WE,Federal Contract Tower,7,11,2,0,20,0,0,21,0,21,7,11,23,0,41,38,0,38,79
05/28/2002,PIH,ID,ANM,WE,Federal Contract Tower,7,28,7,2,44,0,11,60,0,71,7,39,67,2,115,70,0,70,185
05/29/2002,PIH,ID,ANM,WE,Federal Contract Tower,7,28,11,0,46,0,11,42,0,53,7,39,53,0,99,46,0,46,145
05/30/2002,PIH,ID,ANM,WE,Federal Contract Tower,5,30,3,0,38,0,11,40,2,53,5,41,43,2,91,48,0,48,139
05/31/2002,PIH,ID,ANM,WE,Federal Contract Tower,7,27,6,1,41,0,9,30,0,39,7,36,36,1,80,30,2,32,112
06/01/2002,PIH,ID,ANM,WE,Federal Contract Tower,13,16,1,0,30,0,6,11,0,17,13,22,12,0,47,8,0,8,55
06/02/2002,PIH,ID,ANM,WE,Federal Contract Tower,5,14,5,0,24,0,5,13,0,18,5,19,18,0,42,20,0,20,62
06/03/2002,PIH,ID,ANM,WE,Federal Contract Tower,7,26,6,1,40,0,9,29,2,40,7,35,35,3,80,62,0,62,142
06/04/2002,PIH,ID,ANM,WE,Federal Contract Tower,6,28,4,0,38,0,10,47,4,61,6,38,51,4,99,64,0,64,163
06/05/2002,PIH,ID,ANM,WE,Federal Contract Tower,7,28,3,0,38,0,7,52,1,60,7,35,55,1,98,54,0,54,152
06/06/2002,PIH,ID,ANM,WE,Federal Contract Tower,7,31,5,2,45,0,12,37,0,49,7,43,42,2,94,46,6,52,146
06/07/2002,PIH,ID,ANM,WE,Federal Contract Tower,7,32,3,0,42,0,10,31,0,41,7,42,34,0,83,27,0,27,110
06/08/2002,PIH,ID,ANM,WE,Federal Contract Tower,7,18,2,0,27,0,2,27,0,29,7,20,29,0,56,22,0,22,78
06/09/2002,PIH,ID,ANM,WE,Federal Contract Tower,4,14,0,0,18,0,6,42,0,48,4,20,42,0,66,52,0,52,118
06/10/2002,PIH,ID,ANM,WE,Federal Contract Tower,7,30,2,2,41,0,8,39,0,47,7,38,41,2,88,56,2,58,146
06/11/2002,PIH,ID,ANM,WE,Federal Contract Tower,7,26,6,0,39,0,12,43,0,55,7,38,49,0,94,52,0,52,146
06/12/2002,PIH,ID,ANM,WE,Federal Contract Tower,7,27,8,0,42,0,14,43,0,57,7,41,51,0,99,28,20,48,147
06/13/2002,PIH,ID,ANM,WE,Federal Contract Tower,6,31,7,0,44,1,5,27,0,33,7,36,34,0,77,32,0,32,109
06/14/2002,PIH,ID,ANM,WE,Federal Contract Tower,4,32,4,0,40,1,8,53,0,62,5,40,57,0,102,52,0,52,154
06/15/2002,PIH,ID,ANM,WE,Federal Contract Tower,6,16,1,3,26,0,3,39,3,45,6,19,40,6,71,52,6,58,129
06/16/2002,PIH,ID,ANM,WE,Federal Contract Tower,5,15,2,1,23,0,1,37,0,38,5,16,39,1,61,60,0,60,121
06/17/2002,PIH,ID,ANM,WE,Federal Contract Tower,6,27,2,0,35,0,6,31,0,37,6,33,33,0,72,30,0,30,102
06/18/2002,PIH,ID,ANM,WE,Federal Contract Tower,6,32,2,0,40,0,7,19,2,28,6,39,21,2,68,12,0,12,80
06/19/2002,PIH,ID,ANM,WE,Federal Contract Tower,4,29,11,0,44,0,17,69,0,86,4,46,80,0,130,46,0,46,176
06/20/2002,PIH,ID,ANM,WE,Federal Contract Tower,6,26,4,0,36,0,15,46,0,61,6,41,50,0,97,48,0,48,145
06/21/2002,PIH,ID,ANM,WE,Federal Contract Tower,7,31,10,2,50,0,13,45,0,58,7,44,55,2,108,38,2,40,148
06/22/2002,PIH,ID,ANM,WE,Federal Contract Tower,6,16,4,0,26,0,2,31,0,33,6,18,35,0,59,78,0,78,137
06/23/2002,PIH,ID,ANM,WE,Federal Contract Tower,4,9,4,0,17,0,7,57,0,64,4,16,61,0,81,46,0,46,127
06/24/2002,PIH,ID,ANM,WE,Federal Contract Tower,8,25,6,0,39,0,13,45,0,58,8,38,51,0,97,78,0,78,175
06/25/2002,PIH,ID,ANM,WE,Federal Contract Tower,7,31,5,2,45,0,11,58,6,75,7,42,63,8,120,68,0,68,188
06/26/2002,PIH,ID,ANM,WE,Federal Contract Tower,5,29,8,2,44,0,13,40,0,53,5,42,48,2,97,32,0,32,129
06/27/2002,PIH,ID,ANM,WE,Federal Contract Tower,7,32,10,1,50,0,11,26,1,38,7,43,36,2,88,20,0,20,108
06/28/2002,PIH,ID,ANM,WE,Federal Contract Tower,6,30,6,1,43,1,11,51,3,66,7,41,57,4,109,28,22,50,159
06/29/2002,PIH,ID,ANM,WE,Federal Contract Tower,7,15,4,0,26,6,4,42,0,52,13,19,46,0,78,54,0,54,132
06/30/2002,PIH,ID,ANM,WE,Federal Contract Tower,6,12,2,0,20,0,14,66,0,80,6,26,68,0,100,54,0,54,154
07/01/2002,PIH,ID,ANM,WE,Federal Contract Tower,7,24,2,0,33,0,10,2,6,18,7,34,4,6,51,32,12,44,95
07/02/2002,PIH,ID,ANM,WE,Federal Contract Tower,7,28,3,0,38,1,7,25,0,33,8,35,28,0,71,42,0,42,113
07/03/2002,PIH,ID,ANM,WE,Federal Contract Tower,6,28,5,0,39,1,11,27,0,39,7,39,32,0,78,26,0,26,104
07/04/2002,PIH,ID,ANM,WE,Federal Contract Tower,6,11,1,0,18,0,0,17,0,17,6,11,18,0,35,6,0,6,41
07/05/2002,PIH,ID,ANM,WE,Federal Contract Tower,5,26,1,0,32,4,3,37,0,44,9,29,38,0,76,44,0,44,120
07/06/2002,PIH,ID,ANM,WE,Federal Contract Tower,5,19,3,0,27,6,6,46,0,58,11,25,49,0,85,50,0,50,135
07/07/2002,PIH,ID,ANM,WE,Federal Contract Tower,6,14,4,0,24,27,36,45,0,108,33,50,49,0,132,30,0,30,162
07/08/2002,PIH,ID,ANM,WE,Federal Contract Tower,6,26,1,0,33,9,7,40,0,56,15,33,41,0,89,20,0,20,109
07/09/2002,PIH,ID,ANM,WE,Federal Contract Tower,7,30,0,0,37,8,12,47,0,67,15,42,47,0,104,32,0,32,136
07/10/2002,PIH,ID,ANM,WE,Federal Contract Tower,6,30,10,0,46,3,6,43,0,52,9,36,53,0,98,56,0,56,154
07/11/2002,PIH,ID,ANM,WE,Federal Contract Tower,6,26,3,0,35,0,10,61,0,71,6,36,64,0,106,16,0,16,122
07/12/2002,PIH,ID,ANM,WE,Federal Contract Tower,7,28,2,0,37,14,9,44,2,69,21,37,46,2,106,38,0,38,144
07/13/2002,PIH,ID,ANM,WE,Federal Contract Tower,6,18,2,2,28,16,6,50,0,72,22,24,52,2,100,38,0,38,138
07/14/2002,PIH,ID,ANM,WE,Federal Contract Tower,4,14,0,3,21,13,4,44,1,62,17,18,44,4,83,42,0,42,125
07/15/2002,PIH,ID,ANM,WE,Federal Contract Tower,7,26,9,0,42,6,2,43,0,51,13,28,52,0,93,58,0,58,151
07/16/2002,PIH,ID,ANM,WE,Federal Contract Tower,5,32,8,0,45,14,6,38,2,60,19,38,46,2,105,52,0,52,157
07/17/2002,PIH,ID,ANM,WE,Federal Contract Tower,6,23,1,0,30,10,10,43,0,63,16,33,44,0,93,34,0,34,127
07/18/2002,PIH,ID,ANM,WE,Federal Contract Tower,7,30,4,0,41,0,5,26,0,31,7,35,30,0,72,22,0,22,94
07/19/2002,PIH,ID,ANM,WE,Federal Contract Tower,7,31,4,0,42,0,2,17,0,19,7,33,21,0,61,14,0,14,75
07/20/2002,PIH,ID,ANM,WE,Federal Contract Tower,6,20,0,0,26,1,5,29,0,35,7,25,29,0,61,56,0,56,117
07/21/2002,PIH,ID,ANM,WE,Federal Contract Tower,6,15,2,0,23,0,3,36,0,39,6,18,38,0,62,46,0,46,108
07/22/2002,PIH,ID,ANM,WE,Federal Contract Tower,6,25,8,0,39,0,15,44,0,59,6,40,52,0,98,48,0,48,146
07/23/2002,PIH,ID,ANM,WE,Federal Contract Tower,7,30,4,1,42,0,5,46,1,52,7,35,50,2,94,30,12,42,136
07/24/2002,PIH,ID,ANM,WE,Federal Contract Tower,17,28,5,0,50,1,12,62,2,77,18,40,67,2,127,36,0,36,163
07/25/2002,PIH,ID,ANM,WE,Federal Contract Tower,6,31,11,0,48,0,4,26,3,33,6,35,37,3,81,6,0,6,87
07/26/2002,PIH,ID,ANM,WE,Federal Contract Tower,5,27,2,0,34,1,6,47,0,54,6,33,49,0,88,28,0,28,116
07/27/2002,PIH,ID,ANM,WE,Federal Contract Tower,7,16,1,2,26,1,4,27,0,32,8,20,28,2,58,32,0,32,90
07/28/2002,PIH,ID,ANM,WE,Federal Contract Tower,6,11,6,0,23,1,3,33,0,37,7,14,39,0,60,34,0,34,94
07/29/2002,PIH,ID,ANM,WE,Federal Contract Tower,6,22,5,0,33,0,13,43,0,56,6,35,48,0,89,42,0,42,131
07/30/2002,PIH,ID,ANM,WE,Federal Contract Tower,7,31,4,0,42,1,13,43,0,57,8,44,47,0,99,54,0,54,153
07/31/2002,PIH,ID,ANM,WE,Federal Contract Tower,6,31,5,0,42,1,3,40,2,46,7,34,45,2,88,38,10,48,136
08/01/2002,PIH,ID,ANM,WE,Federal Contract Tower,6,26,7,0,39,1,13,47,0,61,7,39,54,0,100,48,0,48,148
08/02/2002,PIH,ID,ANM,WE,Federal Contract Tower,5,29,7,2,43,2,7,31,0,40,7,36,38,2,83,22,6,28,111
08/03/2002,PIH,ID,ANM,WE,Federal Contract Tower,6,15,2,0,23,1,5,32,0,38,7,20,34,0,61,16,0,16,77
08/04/2002,PIH,ID,ANM,WE,Federal Contract Tower,7,11,5,0,23,0,18,49,0,67,7,29,54,0,90,16,0,16,106
08/05/2002,PIH,ID,ANM,WE,Federal Contract Tower,7,24,5,0,36,3,6,32,0,41,10,30,37,0,77,24,0,24,101
08/06/2002,PIH,ID,ANM,WE,Federal Contract Tower,7,27,7,0,41,0,8,43,0,51,7,35,50,0,92,18,0,18,110
08/07/2002,PIH,ID,ANM,WE,Federal Contract Tower,7,31,13,0,51,0,10,38,0,48,7,41,51,0,99,20,0,20,119
08/08/2002,PIH,ID,ANM,WE,Federal Contract Tower,7,26,7,1,41,0,10,45,1,56,7,36,52,2,97,24,0,24,121
08/09/2002,PIH,ID,ANM,WE,Federal Contract Tower,9,33,5,0,47,0,11,59,2,72,9,44,64,2,119,54,0,54,173
08/10/2002,PIH,ID,ANM,WE,Federal Contract Tower,7,19,2,0,28,0,6,30,0,36,7,25,32,0,64,22,0,22,86
08/11/2002,PIH,ID,ANM,WE,Federal Contract Tower,6,14,5,0,25,2,3,30,0,35,8,17,35,0,60,0,0,0,60
08/12/2002,PIH,ID,ANM,WE,Federal Contract Tower,8,26,14,2,50,2,8,24,0,34,10,34,38,2,84,26,0,26,110
08/13/2002,PIH,ID,ANM,WE,Federal Contract Tower,7,28,2,0,37,1,11,40,0,52,8,39,42,0,89,30,0,30,119
08/14/2002,PIH,ID,ANM,WE,Federal Contract Tower,6,28,5,2,41,1,14,43,0,58,7,42,48,2,99,14,18,32,131
08/15/2002,PIH,ID,ANM,WE,Federal Contract Tower,7,28,4,2,41,0,11,38,0,49,7,39,42,2,90,42,10,52,142
08/16/2002,PIH,ID,ANM,WE,Federal Contract Tower,7,32,1,0,40,0,9,24,0,33,7,41,25,0,73,36,0,36,109
08/17/2002,PIH,ID,ANM,WE,Federal Contract Tower,7,16,4,0,27,0,4,74,0,78,7,20,78,0,105,42,0,42,147
08/18/2002,PIH,ID,ANM,WE,Federal Contract Tower,7,15,2,0,24,0,4,32,0,36,7,19,34,0,60,24,0,24,84
08/19/2002,PIH,ID,ANM,WE,Federal Contract Tower,7,23,6,0,36,17,18,45,0,80,24,41,51,0,116,48,0,48,164
08/20/2002,PIH,ID,ANM,WE,Federal Contract Tower,7,24,4,2,37,4,15,30,0,49,11,39,34,2,86,26,4,30,116
08/21/2002,PIH,ID,ANM,WE,Federal Contract Tower,6,26,8,2,42,2,10,32,0,44,8,36,40,2,86,52,4,56,142
08/22/2002,PIH,ID,ANM,WE,Federal Contract Tower,4,25,10,0,39,0,10,34,0,44,4,35,44,0,83,58,0,58,141
08/23/2002,PIH,ID,ANM,WE,Federal Contract Tower,7,23,3,0,33,2,11,36,0,49,9,34,39,0,82,24,0,24,106
08/24/2002,PIH,ID,ANM,WE,Federal Contract Tower,7,19,4,0,30,2,5,50,2,59,9,24,54,2,89,44,0,44,133
08/25/2002,PIH,ID,ANM,WE,Federal Contract Tower,6,14,3,0,23,12,16,44,0,72,18,30,47,0,95,38,0,38,133
08/26/2002,PIH,ID,ANM,WE,Federal Contract Tower,7,28,0,0,35,11,10,34,0,55,18,38,34,0,90,36,0,36,126
08/27/2002,PIH,ID,ANM,WE,Federal Contract Tower,7,27,2,0,36,1,11,59,0,71,8,38,61,0,107,34,0,34,141
08/28/2002,PIH,ID,ANM,WE,Federal Contract Tower,6,26,5,0,37,1,12,29,0,42,7,38,34,0,79,18,0,18,97
08/29/2002,PIH,ID,ANM,WE,Federal Contract Tower,6,32,13,0,51,1,9,41,2,53,7,41,54,2,104,51,8,59,163
08/30/2002,PIH,ID,ANM,WE,Federal Contract Tower,6,27,4,0,37,1,9,49,0,59,7,36,53,0,96,20,0,20,116
08/31/2002,PIH,ID,ANM,WE,Federal Contract Tower,5,18,1,0,24,1,6,38,0,45,6,24,39,0,69,22,0,22,91
09/01/2002,PIH,ID,ANM,WE,Federal Contract Tower,0,19,3,0,22,8,7,38,0,53,8,26,41,0,75,10,0,10,85
09/02/2002,PIH,ID,ANM,WE,Federal Contract Tower,1,15,2,0,18,9,9,28,0,46,10,24,30,0,64,30,0,30,94
09/03/2002,PIH,ID,ANM,WE,Federal Contract Tower,0,29,4,0,33,26,13,20,0,59,26,42,24,0,92,14,0,14,106
09/04/2002,PIH,ID,ANM,WE,Federal Contract Tower,0,37,3,0,40,6,11,40,0,57,6,48,43,0,97,30,0,30,127
09/05/2002,PIH,ID,ANM,WE,Federal Contract Tower,0,33,2,0,35,2,9,39,0,50,2,42,41,0,85,28,0,28,113
09/06/2002,PIH,ID,ANM,WE,Federal Contract Tower,0,36,8,0,44,0,10,13,0,23,0,46,21,0,67,20,0,20,87
09/07/2002,PIH,ID,ANM,WE,Federal Contract Tower,0,22,3,0,25,0,2,19,0,21,0,24,22,0,46,48,0,48,94
09/08/2002,PIH,ID,ANM,WE,Federal Contract Tower,0,15,0,0,15,0,4,28,0,32,0,19,28,0,47,42,0,42,89
09/09/2002,PIH,ID,ANM,WE,Federal Contract Tower,0,30,5,0,35,0,11,36,0,47,0,41,41,0,82,44,0,44,126
09/10/2002,PIH,ID,ANM,WE,Federal Contract Tower,0,30,1,0,31,0,4,68,0,72,0,34,69,0,103,88,0,88,191
09/11/2002,PIH,ID,ANM,WE,Federal Contract Tower,0,36,5,0,41,2,0,47,2,51,2,36,52,2,92,26,0,26,118
09/12/2002,PIH,ID,ANM,WE,Federal Contract Tower,0,32,2,0,34,0,6,31,0,37,0,38,33,0,71,28,0,28,99
09/13/2002,PIH,ID,ANM,WE,Federal Contract Tower,0,40,6,0,46,0,8,47,2,57,0,48,53,2,103,31,0,31,134
09/14/2002,PIH,ID,ANM,WE,Federal Contract Tower,0,22,1,0,23,0,1,49,0,50,0,23,50,0,73,32,0,32,105
09/15/2002,PIH,ID,ANM,WE,Federal Contract Tower,0,17,8,0,25,2,5,22,0,29,2,22,30,0,54,30,0,30,84
09/16/2002,PIH,ID,ANM,WE,Federal Contract Tower,0,29,3,0,32,0,16,24,0,40,0,45,27,0,72,10,0,10,82
09/17/2002,PIH,ID,ANM,WE,Federal Contract Tower,0,34,21,0,55,0,8,23,0,31,0,42,44,0,86,10,0,10,96
09/18/2002,PIH,ID,ANM,WE,Federal Contract Tower,0,38,7,0,45,0,7,32,0,39,0,45,39,0,84,46,0,46,130
09/19/2002,PIH,ID,ANM,WE,Federal Contract Tower,0,35,8,0,43,0,5,49,0,54,0,40,57,0,97,64,0,64,161
09/20/2002,PIH,ID,ANM,WE,Federal Contract Tower,0,35,4,2,41,3,6,45,2,56,3,41,49,4,97,56,8,64,161
09/21/2002,PIH,ID,ANM,WE,Federal Contract Tower,0,24,1,0,25,2,8,81,0,91,2,32,82,0,116,86,0,86,202
09/22/2002,PIH,ID,ANM,WE,Federal Contract Tower,0,18,2,0,20,0,12,48,0,60,0,30,50,0,80,62,0,62,142
09/23/2002,PIH,ID,ANM,WE,Federal Contract Tower,2,31,5,0,38,0,9,45,0,54,2,40,50,0,92,82,0,82,174
09/24/2002,PIH,ID,ANM,WE,Federal Contract Tower,0,34,7,0,41,0,5,30,0,35,0,39,37,0,76,24,0,24,100
09/25/2002,PIH,ID,ANM,WE,Federal Contract Tower,0,32,7,4,43,0,15,34,0,49,0,47,41,4,92,18,0,18,110
09/26/2002,PIH,ID,ANM,WE,Federal Contract Tower,0,35,1,2,38,0,4,47,0,51,0,39,48,2,89,32,0,32,121
09/27/2002,PIH,ID,ANM,WE,Federal Contract Tower,2,35,8,0,45,0,10,30,0,40,2,45,38,0,85,14,0,14,99
09/28/2002,PIH,ID,ANM,WE,Federal Contract Tower,0,24,1,0,25,0,7,50,0,57,0,31,51,0,82,46,0,46,128
09/29/2002,PIH,ID,ANM,WE,Federal Contract Tower,0,22,1,0,23,3,2,18,0,23,3,24,19,0,46,20,0,20,66
09/30/2002,PIH,ID,ANM,WE,Federal Contract Tower,0,24,0,0,24,0,15,14,0,29,0,39,14,0,53,20,0,20,73
10/01/2002,PIH,ID,ANM,WE,Federal Contract Tower,0,36,5,0,41,0,6,28,0,34,0,42,33,0,75,8,0,8,83
10/02/2002,PIH,ID,ANM,WE,Federal Contract Tower,0,32,6,0,38,0,7,10,0,17,0,39,16,0,55,22,0,22,77
10/03/2002,PIH,ID,ANM,WE,Federal Contract Tower,0,32,5,0,37,0,6,32,2,40,0,38,37,2,77,28,0,28,105
10/04/2002,PIH,ID,ANM,WE,Federal Contract Tower,2,40,6,0,48,0,2,12,0,14,2,42,18,0,62,8,0,8,70
10/05/2002,PIH,ID,ANM,WE,Federal Contract Tower,0,23,0,0,23,0,3,29,0,32,0,26,29,0,55,10,0,10,65
10/06/2002,PIH,ID,ANM,WE,Federal Contract Tower,0,18,0,0,18,0,1,34,0,35,0,19,34,0,53,64,0,64,117
10/07/2002,PIH,ID,ANM,WE,Federal Contract Tower,0,25,4,0,29,0,13,27,0,40,0,38,31,0,69,44,0,44,113
10/08/2002,PIH,ID,ANM,WE,Federal Contract Tower,0,28,2,0,30,0,15,41,0,56,0,43,43,0,86,58,0,58,144
10/09/2002,PIH,ID,ANM,WE,Federal Contract Tower,0,29,12,0,41,0,10,39,0,49,0,39,51,0,90,46,0,46,136
10/10/2002,PIH,ID,ANM,WE,Federal Contract Tower,0,32,7,0,39,0,5,42,0,47,0,37,49,0,86,42,0,42,128
10/11/2002,PIH,ID,ANM,WE,Federal Contract Tower,0,30,6,0,36,0,10,25,0,35,0,40,31,0,71,18,0,18,89
10/12/2002,PIH,ID,ANM,WE,Federal Contract Tower,0,20,9,0,29,0,4,47,0,51,0,24,56,0,80,54,0,54,134
10/13/2002,PIH,ID,ANM,WE,Federal Contract Tower,0,16,1,0,17,0,7,26,0,33,0,23,27,0,50,16,0,16,66
10/14/2002,PIH,ID,ANM,WE,Federal Contract Tower,0,22,2,0,24,0,6,28,0,34,0,28,30,0,58,41,0,41,99
10/15/2002,PIH,ID,ANM,WE,Federal Contract Tower,0,22,5,0,27,0,21,50,0,71,0,43,55,0,98,42,0,42,140
10/16/2002,PIH,ID,ANM,WE,Federal Contract Tower,0,29,0,0,29,0,7,34,0,41,0,36,34,0,70,48,0,48,118
10/17/2002,PIH,ID,ANM,WE,Federal Contract Tower,0,31,2,0,33,0,13,47,0,60,0,44,49,0,93,20,0,20,113
10/18/2002,PIH,ID,ANM,WE,Federal Contract Tower,0,27,3,0,30,0,8,27,0,35,0,35,30,0,65,36,0,36,101
10/19/2002,PIH,ID,ANM,WE,Federal Contract Tower,0,23,0,0,23,0,3,43,0,46,0,26,43,0,69,34,0,34,103
10/20/2002,PIH,ID,ANM,WE,Federal Contract Tower,0,18,4,0,22,0,0,44,0,44,0,18,48,0,66,42,0,42,108
10/21/2002,PIH,ID,ANM,WE,Federal Contract Tower,0,22,5,0,27,0,12,35,0,47,0,34,40,0,74,60,0,60,134
10/22/2002,PIH,ID,ANM,WE,Federal Contract Tower,0,37,14,0,51,0,7,16,0,23,0,44,30,0,74,62,0,62,136
10/23/2002,PIH,ID,ANM,WE,Federal Contract Tower,0,34,6,0,40,0,4,23,0,27,0,38,29,0,67,46,0,46,113
10/24/2002,PIH,ID,ANM,WE,Federal Contract Tower,2,36,3,4,45,0,8,43,0,51,2,44,46,4,96,28,8,36,132
10/25/2002,PIH,ID,ANM,WE,Federal Contract Tower,0,32,6,0,38,0,8,46,0,54,0,40,52,0,92,54,0,54,146
10/26/2002,PIH,ID,ANM,WE,Federal Contract Tower,2,22,1,0,25,0,6,33,0,39,2,28,34,0,64,22,0,22,86
10/27/2002,PIH,ID,ANM,WE,Federal Contract Tower,0,16,2,0,18,0,5,31,0,36,0,21,33,0,54,30,0,30,84
10/28/2002,PIH,ID,ANM,WE,Federal Contract Tower,0,30,2,0,32,0,8,5,0,13,0,38,7,0,45,12,0,12,57
10/29/2002,PIH,ID,ANM,WE,Federal Contract Tower,0,32,4,0,36,0,0,7,0,7,0,32,11,0,43,4,0,4,47
10/30/2002,PIH,ID,ANM,WE,Federal Contract Tower,0,41,6,0,47,0,0,0,0,0,0,41,6,0,47,0,0,0,47
10/31/2002,PIH,ID,ANM,WE,Federal Contract Tower,0,32,3,0,35,0,3,22,0,25,0,35,25,0,60,14,0,14,74
11/01/2002,PIH,ID,ANM,WE,Federal Contract Tower,2,33,13,0,48,0,3,9,0,12,2,36,22,0,60,26,0,26,86
11/02/2002,PIH,ID,ANM,WE,Federal Contract Tower,0,23,5,0,28,0,4,15,0,19,0,27,20,0,47,40,0,40,87
11/03/2002,PIH,ID,ANM,WE,Federal Contract Tower,0,15,6,0,21,0,5,18,0,23,0,20,24,0,44,62,0,62,106
11/04/2002,PIH,ID,ANM,WE,Federal Contract Tower,0,32,4,0,36,0,11,24,0,35,0,43,28,0,71,32,0,32,103
11/05/2002,PIH,ID,ANM,WE,Federal Contract Tower,0,39,1,2,42,0,3,34,6,43,0,42,35,8,85,64,8,72,157
11/06/2002,PIH,ID,ANM,WE,Federal Contract Tower,0,38,5,2,45,0,4,43,2,49,0,42,48,4,94,80,32,112,206
11/07/2002,PIH,ID,ANM,WE,Federal Contract Tower,0,34,4,2,40,0,9,29,0,38,0,43,33,2,78,32,6,38,116
11/08/2002,PIH,ID,ANM,WE,Federal Contract Tower,4,39,7,0,50,0,0,3,0,3,4,39,10,0,53,0,0,0,53
11/09/2002,PIH,ID,ANM,WE,Federal Contract Tower,1,25,1,0,27,0,0,5,0,5,1,25,6,0,32,0,0,0,32
11/10/2002,PIH,ID,ANM,WE,Federal Contract Tower,2,21,1,0,24,0,1,6,0,7,2,22,7,0,31,0,0,0,31
11/11/2002,PIH,ID,ANM,WE,Federal Contract Tower,2,26,4,0,32,0,0,12,0,12,2,26,16,0,44,28,0,28,72
11/12/2002,PIH,ID,ANM,WE,Federal Contract Tower,1,36,4,2,43,0,7,29,0,36,1,43,33,2,79,34,18,52,131
11/13/2002,PIH,ID,ANM,WE,Federal Contract Tower,1,35,0,2,38,0,6,23,6,35,1,41,23,8,73,30,24,54,127
11/14/2002,PIH,ID,ANM,WE,Federal Contract Tower,0,39,5,0,44,0,2,29,0,31,0,41,34,0,75,14,0,14,89
11/15/2002,PIH,ID,ANM,WE,Federal Contract Tower,2,37,0,0,39,0,17,47,0,64,2,54,47,0,103,48,0,48,151
11/16/2002,PIH,ID,ANM,WE,Federal Contract Tower,0,25,0,0,25,0,3,40,0,43,0,28,40,0,68,40,0,40,108
11/17/2002,PIH,ID,ANM,WE,Federal Contract Tower,0,18,3,0,21,0,2,5,0,7,0,20,8,0,28,6,4,10,38
11/18/2002,PIH,ID,ANM,WE,Federal Contract Tower,0,31,6,0,37,0,4,36,0,40,0,35,42,0,77,20,10,30,107
11/19/2002,PIH,ID,ANM,WE,Federal Contract Tower,0,39,7,3,49,0,5,34,19,58,0,44,41,22,107,24,6,30,137
11/20/2002,PIH,ID,ANM,WE,Federal Contract Tower,0,35,6,0,41,0,7,52,2,61,0,42,58,2,102,88,32,120,222
11/21/2002,PIH,ID,ANM,WE,Federal Contract Tower,0,33,5,0,38,0,7,49,16,72,0,40,54,16,110,66,34,100,210
11/22/2002,PIH,ID,ANM,WE,Federal Contract Tower,0,35,5,0,40,0,7,44,0,51,0,42,49,0,91,82,0,82,173
11/23/2002,PIH,ID,ANM,WE,Federal Contract Tower,2,32,7,0,41,0,0,7,0,7,2,32,14,0,48,12,0,12,60
11/24/2002,PIH,ID,ANM,WE,Federal Contract Tower,0,25,1,0,26,0,0,17,0,17,0,25,18,0,43,26,0,26,69
11/25/2002,PIH,ID,ANM,WE,Federal Contract Tower,0,27,15,4,46,0,11,30,13,54,0,38,45,17,100,41,29,70,170
11/26/2002,PIH,ID,ANM,WE,Federal Contract Tower,0,31,2,0,33,0,8,29,0,37,0,39,31,0,70,50,0,50,120
11/27/2002,PIH,ID,ANM,WE,Federal Contract Tower,0,33,8,0,41,0,10,25,0,35,0,43,33,0,76,30,0,30,106
11/28/2002,PIH,ID,ANM,WE,Federal Contract Tower,0,15,0,0,15,0,0,10,0,10,0,15,10,0,25,0,0,0,25
11/29/2002,PIH,ID,ANM,WE,Federal Contract Tower,0,26,2,0,28,0,7,40,0,47,0,33,42,0,75,52,0,52,127
11/30/2002,PIH,ID,ANM,WE,Federal Contract Tower,0,22,0,0,22,0,8,38,0,46,0,30,38,0,68,20,0,20,88
12/01/2002,PIH,ID,ANM,WE,Federal Contract Tower,0,21,3,0,24,0,3,29,0,32,0,24,32,0,56,32,0,32,88
12/02/2002,PIH,ID,ANM,WE,Federal Contract Tower,0,30,7,0,37,0,16,25,0,41,0,46,32,0,78,12,0,12,90
12/03/2002,PIH,ID,ANM,WE,Federal Contract Tower,0,37,2,0,39,0,12,28,0,40,0,49,30,0,79,14,0,14,93
12/04/2002,PIH,ID,ANM,WE,Federal Contract Tower,0,32,2,0,34,0,17,37,0,54,0,49,39,0,88,44,0,44,132
12/05/2002,PIH,ID,ANM,WE,Federal Contract Tower,0,31,8,0,39,0,13,29,0,42,0,44,37,0,81,38,0,38,119
12/06/2002,PIH,ID,ANM,WE,Federal Contract Tower,0,32,3,0,35,0,7,17,0,24,0,39,20,0,59,24,0,24,83
12/07/2002,PIH,ID,ANM,WE,Federal Contract Tower,0,22,5,0,27,0,0,16,0,16,0,22,21,0,43,10,0,10,53
12/08/2002,PIH,ID,ANM,WE,Federal Contract Tower,0,18,7,0,25,0,0,0,0,0,0,18,7,0,25,0,0,0,25
12/09/2002,PIH,ID,ANM,WE,Federal Contract Tower,0,30,5,0,35,0,6,19,0,25,0,36,24,0,60,0,0,0,60
12/10/2002,PIH,ID,ANM,WE,Federal Contract Tower,0,43,7,0,50,0,6,19,0,25,0,49,26,0,75,12,0,12,87
12/11/2002,PIH,ID,ANM,WE,Federal Contract Tower,0,40,7,0,47,0,7,11,0,18,0,47,18,0,65,0,0,0,65
12/12/2002,PIH,ID,ANM,WE,Federal Contract Tower,0,38,3,0,41,0,8,17,0,25,0,46,20,0,66,20,2,22,88
12/13/2002,PIH,ID,ANM,WE,Federal Contract Tower,0,36,3,0,39,0,7,4,0,11,0,43,7,0,50,16,0,16,66
12/14/2002,PIH,ID,ANM,WE,Federal Contract Tower,0,21,1,0,22,0,4,12,0,16,0,25,13,0,38,14,0,14,52
12/15/2002,PIH,ID,ANM,WE,Federal Contract Tower,0,19,1,0,20,0,0,9,0,9,0,19,10,0,29,2,0,2,31
12/16/2002,PIH,ID,ANM,WE,Federal Contract Tower,0,33,4,0,37,0,14,14,0,28,0,47,18,0,65,0,0,0,65
12/17/2002,PIH,ID,ANM,WE,Federal Contract Tower,0,54,2,0,56,0,1,0,0,1,0,55,2,0,57,0,0,0,57
12/18/2002,PIH,ID,ANM,WE,Federal Contract Tower,0,44,9,2,55,0,10,14,0,24,0,54,23,2,79,20,0,20,99
12/19/2002,PIH,ID,ANM,WE,Federal Contract Tower,0,37,9,0,46,0,4,21,0,25,0,41,30,0,71,4,0,4,75
12/20/2002,PIH,ID,ANM,WE,Federal Contract Tower,0,40,7,0,47,0,0,13,0,13,0,40,20,0,60,20,0,20,80
12/21/2002,PIH,ID,ANM,WE,Federal Contract Tower,0,26,6,0,32,0,0,4,0,4,0,26,10,0,36,2,0,2,38
12/22/2002,PIH,ID,ANM,WE,Federal Contract Tower,0,21,2,0,23,0,0,0,0,0,0,21,2,0,23,0,0,0,23
12/23/2002,PIH,ID,ANM,WE,Federal Contract Tower,0,29,5,0,34,0,15,45,0,60,0,44,50,0,94,46,0,46,140
12/24/2002,PIH,ID,ANM,WE,Federal Contract Tower,0,36,1,0,37,0,0,12,0,12,0,36,13,0,49,0,0,0,49
12/25/2002,PIH,ID,ANM,WE,Federal Contract Tower,0,9,1,0,10,0,0,0,0,0,0,9,1,0,10,0,0,0,10
12/26/2002,PIH,ID,ANM,WE,Federal Contract Tower,0,39,1,0,40,0,7,13,0,20,0,46,14,0,60,30,0,30,90
12/27/2002,PIH,ID,ANM,WE,Federal Contract Tower,0,36,1,0,37,0,4,8,0,12,0,40,9,0,49,12,0,12,61
12/28/2002,PIH,ID,ANM,WE,Federal Contract Tower,0,26,2,0,28,0,4,7,0,11,0,30,9,0,39,8,0,8,47
12/29/2002,PIH,ID,ANM,WE,Federal Contract Tower,0,21,0,0,21,0,0,3,0,3,0,21,3,0,24,4,0,4,28
12/30/2002,PIH,ID,ANM,WE,Federal Contract Tower,0,36,1,0,37,0,11,21,0,32,0,47,22,0,69,24,0,24,93
12/31/2002,PIH,ID,ANM,WE,Federal Contract Tower,0,32,2,0,34,0,1,0,0,1,0,33,2,0,35,0,0,0,35
01/01/2003,PIH,ID,ANM,WE,Federal Contract Tower,0,12,1,0,13,0,0,21,0,21,0,12,22,0,34,64,0,64,98
01/02/2003,PIH,ID,ANM,WE,Federal Contract Tower,0,35,3,0,38,0,7,23,0,30,0,42,26,0,68,56,0,56,124
01/03/2003,PIH,ID,ANM,WE,Federal Contract Tower,0,36,2,0,38,0,6,28,2,36,0,42,30,2,74,44,4,48,122
01/04/2003,PIH,ID,ANM,WE,Federal Contract Tower,0,27,3,0,30,0,2,17,0,19,0,29,20,0,49,50,0,50,99
01/05/2003,PIH,ID,ANM,WE,Federal Contract Tower,0,20,2,0,22,0,0,0,0,0,0,20,2,0,22,10,0,10,32
01/06/2003,PIH,ID,ANM,WE,Federal Contract Tower,0,23,8,0,31,0,0,0,0,0,0,23,8,0,31,0,0,0,31
01/07/2003,PIH,ID,ANM,WE,Federal Contract Tower,0,35,4,0,39,0,14,48,0,62,0,49,52,0,101,62,0,62,163
01/08/2003,PIH,ID,ANM,WE,Federal Contract Tower,0,35,2,2,39,0,13,52,2,67,0,48,54,4,106,96,14,110,216
01/09/2003,PIH,ID,ANM,WE,Federal Contract Tower,0,35,8,0,43,0,5,35,0,40,0,40,43,0,83,36,0,36,119
01/10/2003,PIH,ID,ANM,WE,Federal Contract Tower,0,45,2,0,47,0,1,6,0,7,0,46,8,0,54,0,0,0,54
01/11/2003,PIH,ID,ANM,WE,Federal Contract Tower,0,26,2,0,28,0,0,6,0,6,0,26,8,0,34,2,0,2,36
01/12/2003,PIH,ID,ANM,WE,Federal Contract Tower,0,19,2,0,21,0,1,14,0,15,0,20,16,0,36,2,0,2,38
01/13/2003,PIH,ID,ANM,WE,Federal Contract Tower,0,32,4,0,36,0,20,36,0,56,0,52,40,0,92,64,0,64,156
01/14/2003,PIH,ID,ANM,WE,Federal Contract Tower,0,37,2,4,43,0,8,50,0,58,0,45,52,4,101,52,0,52,153
01/15/2003,PIH,ID,ANM,WE,Federal Contract Tower,0,41,18,2,61,0,6,34,0,40,0,47,52,2,101,62,2,64,165
01/16/2003,PIH,ID,ANM,WE,Federal Contract Tower,0,36,3,0,39,0,12,54,2,68,0,48,57,2,107,86,2,88,195
01/17/2003,PIH,ID,ANM,WE,Federal Contract Tower,0,38,6,0,44,0,12,50,0,62,0,50,56,0,106,94,0,94,200
01/18/2003,PIH,ID,ANM,WE,Federal Contract Tower,0,23,5,0,28,0,2,24,0,26,0,25,29,0,54,10,0,10,64
01/19/2003,PIH,ID,ANM,WE,Federal Contract Tower,0,22,2,0,24,0,0,22,0,22,0,22,24,0,46,34,0,34,80
01/20/2003,PIH,ID,ANM,WE,Federal Contract Tower,0,28,8,0,36,0,9,35,0,44,0,37,43,0,80,106,0,106,186
01/21/2003,PIH,ID,ANM,WE,Federal Contract Tower,0,31,9,0,40,0,11,25,0,36,0,42,34,0,76,0,0,0,76
01/22/2003,PIH,ID,ANM,WE,Federal Contract Tower,0,38,8,0,46,0,3,25,0,28,0,41,33,0,74,42,0,42,116
01/23/2003,PIH,ID,ANM,WE,Federal Contract Tower,0,42,1,4,47,0,4,21,0,25,0,46,22,4,72,26,18,44,116
01/24/2003,PIH,ID,ANM,WE,Federal Contract Tower,0,37,8,0,45,0,5,18,0,23,0,42,26,0,68,28,0,28,96
01/25/2003,PIH,ID,ANM,WE,Federal Contract Tower,0,24,1,0,25,0,0,0,0,0,0,24,1,0,25,2,0,2,27
01/26/2003,PIH,ID,ANM,WE,Federal Contract Tower,0,18,5,0,23,0,1,7,0,8,0,19,12,0,31,4,0,4,35
01/27/2003,PIH,ID,ANM,WE,Federal Contract Tower,0,39,4,0,43,0,3,15,0,18,0,42,19,0,61,12,0,12,73
01/28/2003,PIH,ID,ANM,WE,Federal Contract Tower,0,40,9,0,49,0,10,20,0,30,0,50,29,0,79,84,0,84,163
01/29/2003,PIH,ID,ANM,WE,Federal Contract Tower,0,37,2,0,39,0,3,48,0,51,0,40,50,0,90,120,0,120,210
01/30/2003,PIH,ID,ANM,WE,Federal Contract Tower,0,38,2,0,40,0,6,23,0,29,0,44,25,0,69,30,0,30,99
01/31/2003,PIH,ID,ANM,WE,Federal Contract Tower,0,40,4,0,44,0,4,28,4,36,0,44,32,4,80,20,4,24,104
02/01/2003,PIH,ID,ANM,WE,Federal Contract Tower,0,25,1,0,26,0,1,29,0,30,0,26,30,0,56,56,0,56,112
02/02/2003,PIH,ID,ANM,WE,Federal Contract Tower,0,16,1,0,17,0,0,7,4,11,0,16,8,4,28,22,0,22,50
02/03/2003,PIH,ID,ANM,WE,Federal Contract Tower,2,35,8,0,45,0,3,21,4,28,2,38,29,4,73,52,0,52,125
02/04/2003,PIH,ID,ANM,WE,Federal Contract Tower,0,38,5,0,43,0,2,18,0,20,0,40,23,0,63,40,0,40,103
02/05/2003,PIH,ID,ANM,WE,Federal Contract Tower,0,46,9,1,56,0,1,14,0,15,0,47,23,1,71,38,36,74,145
02/06/2003,PIH,ID,ANM,WE,Federal Contract Tower,0,37,8,0,45,0,5,22,0,27,0,42,30,0,72,54,0,54,126
02/07/2003,PIH,ID,ANM,WE,Federal Contract Tower,0,39,13,0,52,0,6,44,0,50,0,45,57,0,102,78,0,78,180
02/08/2003,PIH,ID,ANM,WE,Federal Contract Tower,0,24,5,0,29,0,6,30,0,36,0,30,35,0,65,58,0,58,123
02/09/2003,PIH,ID,ANM,WE,Federal Contract Tower,0,21,0,0,21,0,4,17,0,21,0,25,17,0,42,44,0,44,86
02/10/2003,PIH,ID,ANM,WE,Federal Contract Tower,0,30,10,0,40,0,13,36,0,49,0,43,46,0,89,60,0,60,149
02/11/2003,PIH,ID,ANM,WE,Federal Contract Tower,0,36,4,0,40,0,10,50,0,60,0,46,54,0,100,72,0,72,172
02/12/2003,PIH,ID,ANM,WE,Federal Contract Tower,0,33,6,1,40,0,11,46,0,57,0,44,52,1,97,64,32,96,193
02/13/2003,PIH,ID,ANM,WE,Federal Contract Tower,0,42,7,0,49,0,0,1,0,1,0,42,8,0,50,8,0,8,58
02/14/2003,PIH,ID,ANM,WE,Federal Contract Tower,2,51,5,0,58,0,0,0,0,0,2,51,5,0,58,0,0,0,58
02/15/2003,PIH,ID,ANM,WE,Federal Contract Tower,0,24,11,0,35,0,2,12,0,14,0,26,23,0,49,22,0,22,71
02/16/2003,PIH,ID,ANM,WE,Federal Contract Tower,0,20,1,0,21,0,1,7,0,8,0,21,8,0,29,8,0,8,37
02/17/2003,PIH,ID,ANM,WE,Federal Contract Tower,0,20,2,0,22,0,6,18,0,24,0,26,20,0,46,38,0,38,84
02/18/2003,PIH,ID,ANM,WE,Federal Contract Tower,0,40,2,0,42,0,7,28,0,35,0,47,30,0,77,56,0,56,133
02/19/2003,PIH,ID,ANM,WE,Federal Contract Tower,0,36,5,2,43,0,7,27,0,34,0,43,32,2,77,36,22,58,135
02/20/2003,PIH,ID,ANM,WE,Federal Contract Tower,0,38,4,0,42,0,4,21,0,25,0,42,25,0,67,18,0,18,85
02/21/2003,PIH,ID,ANM,WE,Federal Contract Tower,0,39,7,0,46,0,7,17,4,28,0,46,24,4,74,12,4,16,90
02/22/2003,PIH,ID,ANM,WE,Federal Contract Tower,0,22,4,0,26,0,2,21,0,23,0,24,25,0,49,22,0,22,71
02/23/2003,PIH,ID,ANM,WE,Federal Contract Tower,0,21,0,0,21,0,0,20,0,20,0,21,20,0,41,42,0,42,83
02/24/2003,PIH,ID,ANM,WE,Federal Contract Tower,0,34,3,0,37,0,9,41,0,50,0,43,44,0,87,61,0,61,148
02/25/2003,PIH,ID,ANM,WE,Federal Contract Tower,0,37,0,0,37,0,8,47,2,57,0,45,47,2,94,80,8,88,182
02/26/2003,PIH,ID,ANM,WE,Federal Contract Tower,0,36,4,0,40,0,11,54,0,65,0,47,58,0,105,72,0,72,177
02/27/2003,PIH,ID,ANM,WE,Federal Contract Tower,0,38,10,0,48,0,6,53,2,61,0,44,63,2,109,100,0,100,209
02/28/2003,PIH,ID,ANM,WE,Federal Contract Tower,0,38,4,0,42,0,6,44,0,50,0,44,48,0,92,42,0,42,134
03/01/2003,PIH,ID,ANM,WE,Federal Contract Tower,0,26,0,0,26,0,2,22,0,24,0,28,22,0,50,38,0,38,88
03/02/2003,PIH,ID,ANM,WE,Federal Contract Tower,0,18,4,0,22,0,2,27,0,29,0,20,31,0,51,32,0,32,83
03/03/2003,PIH,ID,ANM,WE,Federal Contract Tower,0,37,4,0,41,0,5,29,0,34,0,42,33,0,75,56,0,56,131
03/04/2003,PIH,ID,ANM,WE,Federal Contract Tower,0,36,4,1,41,0,5,25,1,31,0,41,29,2,72,34,12,46,118
03/05/2003,PIH,ID,ANM,WE,Federal Contract Tower,0,39,6,0,45,0,6,11,0,17,0,45,17,0,62,16,0,16,78
03/06/2003,PIH,ID,ANM,WE,Federal Contract Tower,0,33,1,0,34,0,6,13,0,19,0,39,14,0,53,6,0,6,59
03/07/2003,PIH,ID,ANM,WE,Federal Contract Tower,0,38,3,0,41,0,5,6,0,11,0,43,9,0,52,6,0,6,58
03/08/2003,PIH,ID,ANM,WE,Federal Contract Tower,0,23,1,0,24,0,2,14,0,16,0,25,15,0,40,16,0,16,56
03/09/2003,PIH,ID,ANM,WE,Federal Contract Tower,0,16,4,0,20,0,4,16,0,20,0,20,20,0,40,30,0,30,70
03/10/2003,PIH,ID,ANM,WE,Federal Contract Tower,0,32,4,0,36,0,11,43,0,54,0,43,47,0,90,41,0,41,131
03/11/2003,PIH,ID,ANM,WE,Federal Contract Tower,0,32,10,2,44,0,10,30,0,40,0,42,40,2,84,22,20,42,126
03/12/2003,PIH,ID,ANM,WE,Federal Contract Tower,0,31,4,0,35,0,14,38,0,52,0,45,42,0,87,51,0,51,138
03/13/2003,PIH,ID,ANM,WE,Federal Contract Tower,0,35,3,0,38,0,11,31,2,44,0,46,34,2,82,46,0,46,128
03/14/2003,PIH,ID,ANM,WE,Federal Contract Tower,0,38,10,0,48,0,3,8,0,11,0,41,18,0,59,4,0,4,63
03/15/2003,PIH,ID,ANM,WE,Federal Contract Tower,0,23,5,0,28,0,0,13,0,13,0,23,18,0,41,4,0,4,45
03/16/2003,PIH,ID,ANM,WE,Federal Contract Tower,0,15,0,0,15,0,0,8,0,8,0,15,8,0,23,14,0,14,37
03/17/2003,PIH,ID,ANM,WE,Federal Contract Tower,0,31,5,0,36,0,7,36,1,44,0,38,41,1,80,56,2,58,138
03/18/2003,PIH,ID,ANM,WE,Federal Contract Tower,0,37,10,0,47,0,5,18,0,23,0,42,28,0,70,8,0,8,78
03/19/2003,PIH,ID,ANM,WE,Federal Contract Tower,0,38,7,1,46,0,7,47,0,54,0,45,54,1,100,76,14,90,190
03/20/2003,PIH,ID,ANM,WE,Federal Contract Tower,0,33,0,2,35,0,14,41,2,57,0,47,41,4,92,56,0,56,148
03/21/2003,PIH,ID,ANM,WE,Federal Contract Tower,0,35,3,0,38,0,5,34,0,39,0,40,37,0,77,36,0,36,113
03/22/2003,PIH,ID,ANM,WE,Federal Contract Tower,0,24,4,0,28,0,6,12,0,18,0,30,16,0,46,14,0,14,60
03/23/2003,PIH,ID,ANM,WE,Federal Contract Tower,0,18,5,0,23,0,3,10,0,13,0,21,15,0,36,42,0,42,78
03/24/2003,PIH,ID,ANM,WE,Federal Contract Tower,0,27,4,0,31,0,18,30,0,48,0,45,34,0,79,38,0,38,117
03/25/2003,PIH,ID,ANM,WE,Federal Contract Tower,0,29,6,0,35,0,13,41,0,54,0,42,47,0,89,82,0,82,171
03/26/2003,PIH,ID,ANM,WE,Federal Contract Tower,0,42,6,2,50,0,0,17,0,17,0,42,23,2,67,22,14,36,103
03/27/2003,PIH,ID,ANM,WE,Federal Contract Tower,0,33,3,2,38,0,8,27,1,36,0,41,30,3,74,36,12,48,122
03/28/2003,PIH,ID,ANM,WE,Federal Contract Tower,0,31,2,0,33,0,7,42,0,49,0,38,44,0,82,54,0,54,136
03/29/2003,PIH,ID,ANM,WE,Federal Contract Tower,0,22,2,0,24,0,3,69,0,72,0,25,71,0,96,34,0,34,130
03/30/2003,PIH,ID,ANM,WE,Federal Contract Tower,0,17,0,0,17,0,2,23,0,25,0,19,23,0,42,18,0,18,60
03/31/2003,PIH,ID,ANM,WE,Federal Contract Tower,0,29,9,0,38,0,15,45,0,60,0,44,54,0,98,64,0,64,162
04/01/2003,PIH,ID,ANM,WE,Federal Contract Tower,0,31,4,2,37,0,6,38,0,44,0,37,42,2,81,102,20,122,203
04/02/2003,PIH,ID,ANM,WE,Federal Contract Tower,0,40,8,0,48,0,2,5,0,7,0,42,13,0,55,2,0,2,57
04/03/2003,PIH,ID,ANM,WE,Federal Contract Tower,0,39,9,0,48,0,7,11,0,18,0,46,20,0,66,24,0,24,90
04/04/2003,PIH,ID,ANM,WE,Federal Contract Tower,0,35,2,2,39,0,7,12,0,19,0,42,14,2,58,20,0,20,78
04/05/2003,PIH,ID,ANM,WE,Federal Contract Tower,0,24,0,0,24,0,0,30,0,30,0,24,30,0,54,32,0,32,86
04/06/2003,PIH,ID,ANM,WE,Federal Contract Tower,0,16,3,0,19,0,4,21,0,25,0,20,24,0,44,30,0,30,74
04/07/2003,PIH,ID,ANM,WE,Federal Contract Tower,0,33,1,0,34,0,5,39,0,44,0,38,40,0,78,29,0,29,107
04/08/2003,PIH,ID,ANM,WE,Federal Contract Tower,0,30,2,0,32,0,12,54,0,66,0,42,56,0,98,50,0,50,148
04/09/2003,PIH,ID,ANM,WE,Federal Contract Tower,0,33,5,0,38,0,10,27,0,37,0,43,32,0,75,36,0,36,111
04/10/2003,PIH,ID,ANM,WE,Federal Contract Tower,0,27,3,0,30,0,17,54,0,71,0,44,57,0,101,102,0,102,203
04/11/2003,PIH,ID,ANM,WE,Federal Contract Tower,0,27,6,0,33,0,18,42,0,60,0,45,48,0,93,78,0,78,171
04/12/2003,PIH,ID,ANM,WE,Federal Contract Tower,0,21,6,0,27,0,7,43,0,50,0,28,49,0,77,34,0,34,111
04/13/2003,PIH,ID,ANM,WE,Federal Contract Tower,0,16,0,0,16,0,0,18,0,18,0,16,18,0,34,20,0,20,54
04/14/2003,PIH,ID,ANM,WE,Federal Contract Tower,0,31,7,2,40,0,4,14,0,18,0,35,21,2,58,56,0,56,114
04/15/2003,PIH,ID,ANM,WE,Federal Contract Tower,0,37,6,0,43,0,3,8,2,13,0,40,14,2,56,16,22,38,94
04/16/2003,PIH,ID,ANM,WE,Federal Contract Tower,0,32,7,1,40,0,8,42,0,50,0,40,49,1,90,38,0,38,128
04/17/2003,PIH,ID,ANM,WE,Federal Contract Tower,0,32,6,0,38,0,11,41,0,52,0,43,47,0,90,54,0,54,144
04/18/2003,PIH,ID,ANM,WE,Federal Contract Tower,0,35,5,0,40,0,9,37,2,48,0,44,42,2,88,48,0,48,136
04/19/2003,PIH,ID,ANM,WE,Federal Contract Tower,0,17,3,2,22,0,6,51,0,57,0,23,54,2,79,82,0,82,161
04/20/2003,PIH,ID,ANM,WE,Federal Contract Tower,0,16,1,0,17,0,2,38,0,40,0,18,39,0,57,44,0,44,101
04/21/2003,PIH,ID,ANM,WE,Federal Contract Tower,0,28,4,0,32,0,8,34,0,42,0,36,38,0,74,46,0,46,120
04/22/2003,PIH,ID,ANM,WE,Federal Contract Tower,0,38,6,1,45,0,2,30,0,32,0,40,36,1,77,38,34,72,149
04/23/2003,PIH,ID,ANM,WE,Federal Contract Tower,0,31,12,0,43,0,7,29,0,36,0,38,41,0,79,42,0,42,121
04/24/2003,PIH,ID,ANM,WE,Federal Contract Tower,0,25,5,0,30,0,10,19,0,29,0,35,24,0,59,52,0,52,111
04/25/2003,PIH,ID,ANM,WE,Federal Contract Tower,0,36,5,0,41,0,11,33,0,44,0,47,38,0,85,48,0,48,133
04/26/2003,PIH,ID,ANM,WE,Federal Contract Tower,0,21,1,0,22,0,0,1,0,1,0,21,2,0,23,0,0,0,23
04/27/2003,PIH,ID,ANM,WE,Federal Contract Tower,0,18,2,2,22,0,2,25,0,27,0,20,27,2,49,72,0,72,121
04/28/2003,PIH,ID,ANM,WE,Federal Contract Tower,0,26,7,0,33,0,8,27,0,35,0,34,34,0,68,46,0,46,114
04/29/2003,PIH,ID,ANM,WE,Federal Contract Tower,0,36,3,0,39,0,6,31,0,37,0,42,34,0,76,50,0,50,126
04/30/2003,PIH,ID,ANM,WE,Federal Contract Tower,0,28,3,0,31,0,17,38,0,55,0,45,41,0,86,42,0,42,128
05/01/2003,PIH,ID,ANM,WE,Federal Contract Tower,0,30,8,0,38,0,9,44,0,53,0,39,52,0,91,36,0,36,127
05/02/2003,PIH,ID,ANM,WE,Federal Contract Tower,0,26,7,0,33,0,16,54,0,70,0,42,61,0,103,66,0,66,169
05/03/2003,PIH,ID,ANM,WE,Federal Contract Tower,0,18,0,0,18,0,1,12,0,13,0,19,12,0,31,30,0,30,61
05/04/2003,PIH,ID,ANM,WE,Federal Contract Tower,0,12,0,0,12,0,0,8,0,8,0,12,8,0,20,18,0,18,38
05/05/2003,PIH,ID,ANM,WE,Federal Contract Tower,0,27,9,0,36,0,11,29,0,40,0,38,38,0,76,28,0,28,104
05/06/2003,PIH,ID,ANM,WE,Federal Contract Tower,0,32,13,1,46,0,8,45,0,53,0,40,58,1,99,68,10,78,177
05/07/2003,PIH,ID,ANM,WE,Federal Contract Tower,0,32,6,2,40,0,5,41,0,46,0,37,47,2,86,36,0,36,122
05/08/2003,PIH,ID,ANM,WE,Federal Contract Tower,0,33,6,0,39,0,12,42,2,56,0,45,48,2,95,30,4,34,129
05/09/2003,PIH,ID,ANM,WE,Federal Contract Tower,0,36,8,0,44,0,6,25,0,31,0,42,33,0,75,36,0,36,111
05/10/2003,PIH,ID,ANM,WE,Federal Contract Tower,0,20,7,0,27,0,0,40,0,40,0,20,47,0,67,52,0,52,119
05/11/2003,PIH,ID,ANM,WE,Federal Contract Tower,0,12,0,0,12,0,4,13,0,17,0,16,13,0,29,4,0,4,33
05/12/2003,PIH,ID,ANM,WE,Federal Contract Tower,0,25,6,0,31,0,9,25,0,34,0,34,31,0,65,48,0,48,113
05/13/2003,PIH,ID,ANM,WE,Federal Contract Tower,0,31,7,2,40,0,10,57,1,68,0,41,64,3,108,102,18,120,228
05/14/2003,PIH,ID,ANM,WE,Federal Contract Tower,0,27,14,0,41,0,15,71,0,86,0,42,85,0,127,66,0,66,193
05/15/2003,PIH,ID,ANM,WE,Federal Contract Tower,0,29,5,0,34,0,17,72,0,89,0,46,77,0,123,112,0,112,235
05/16/2003,PIH,ID,ANM,WE,Federal Contract Tower,0,25,4,0,29,0,13,61,0,74,0,38,65,0,103,76,0,76,179
05/17/2003,PIH,ID,ANM,WE,Federal Contract Tower,0,23,2,0,25,0,5,48,6,59,0,28,50,6,84,54,0,54,138
05/18/2003,PIH,ID,ANM,WE,Federal Contract Tower,0,14,5,0,19,0,0,15,0,15,0,14,20,0,34,18,0,18,52
05/19/2003,PIH,ID,ANM,WE,Federal Contract Tower,0,26,6,0,32,0,12,49,2,63,0,38,55,2,95,78,0,78,173
05/20/2003,PIH,ID,ANM,WE,Federal Contract Tower,0,34,0,2,36,0,10,62,0,72,0,44,62,2,108,53,2,55,163
05/21/2003,PIH,ID,ANM,WE,Federal Contract Tower,0,34,2,0,36,0,12,66,0,78,0,46,68,0,114,96,0,96,210
05/22/2003,PIH,ID,ANM,WE,Federal Contract Tower,0,28,11,0,39,0,14,45,2,61,0,42,56,2,100,52,10,62,162
05/23/2003,PIH,ID,ANM,WE,Federal Contract Tower,0,32,7,0,39,0,11,43,0,54,0,43,50,0,93,48,0,48,141
05/24/2003,PIH,ID,ANM,WE,Federal Contract Tower,0,16,0,0,16,0,6,48,0,54,0,22,48,0,70,28,0,28,98
05/25/2003,PIH,ID,ANM,WE,Federal Contract Tower,0,11,0,0,11,0,2,31,0,33,0,13,31,0,44,14,0,14,58
05/26/2003,PIH,ID,ANM,WE,Federal Contract Tower,0,16,0,0,16,0,2,22,2,26,0,18,22,2,42,28,0,28,70
05/27/2003,PIH,ID,ANM,WE,Federal Contract Tower,0,20,5,0,25,0,15,30,1,46,0,35,35,1,71,52,16,68,139
05/28/2003,PIH,ID,ANM,WE,Federal Contract Tower,0,25,3,0,28,0,16,32,2,50,0,41,35,2,78,68,0,68,146
05/29/2003,PIH,ID,ANM,WE,Federal Contract Tower,0,25,5,1,31,0,14,48,0,62,0,39,53,1,93,54,0,54,147
05/30/2003,PIH,ID,ANM,WE,Federal Contract Tower,0,29,6,2,37,0,17,72,1,90,0,46,78,3,127,114,0,114,241
05/31/2003,PIH,ID,ANM,WE,Federal Contract Tower,0,20,0,0,20,0,2,42,2,46,0,22,42,2,66,52,0,52,118
06/01/2003,PIH,ID,ANM,WE,Federal Contract Tower,0,17,2,0,19,0,3,33,0,36,0,20,35,0,55,48,0,48,103
06/02/2003,PIH,ID,ANM,WE,Federal Contract Tower,0,23,0,0,23,0,14,18,3,35,0,37,18,3,58,0,0,0,58
06/03/2003,PIH,ID,ANM,WE,Federal Contract Tower,0,27,1,1,29,0,13,35,5,53,0,40,36,6,82,70,24,94,176
06/04/2003,PIH,ID,ANM,WE,Federal Contract Tower,0,29,4,0,33,0,11,50,2,63,0,40,54,2,96,56,0,56,152
06/05/2003,PIH,ID,ANM,WE,Federal Contract Tower,0,32,5,0,37,0,9,46,0,55,0,41,51,0,92,52,0,52,144
06/06/2003,PIH,ID,ANM,WE,Federal Contract Tower,0,31,4,0,35,0,7,57,0,64,0,38,61,0,99,42,0,42,141
06/07/2003,PIH,ID,ANM,WE,Federal Contract Tower,0,23,4,0,27,0,6,42,4,52,0,29,46,4,79,58,0,58,137
06/08/2003,PIH,ID,ANM,WE,Federal Contract Tower,0,15,0,0,15,0,2,28,0,30,0,17,28,0,45,0,0,0,45
06/09/2003,PIH,ID,ANM,WE,Federal Contract Tower,0,27,1,0,28,0,12,44,0,56,0,39,45,0,84,42,0,42,126
06/10/2003,PIH,ID,ANM,WE,Federal Contract Tower,0,30,2,0,32,0,18,39,0,57,0,48,41,0,89,52,0,52,141
06/11/2003,PIH,ID,ANM,WE,Federal Contract Tower,0,35,9,0,44,0,18,31,0,49,0,53,40,0,93,44,0,44,137
06/12/2003,PIH,ID,ANM,WE,Federal Contract Tower,0,28,8,0,36,0,12,79,0,91,0,40,87,0,127,82,0,82,209
06/13/2003,PIH,ID,ANM,WE,Federal Contract Tower,0,32,4,0,36,0,13,54,0,67,0,45,58,0,103,36,0,36,139
06/14/2003,PIH,ID,ANM,WE,Federal Contract Tower,0,20,0,0,20,0,6,81,0,87,0,26,81,0,107,72,0,72,179
06/15/2003,PIH,ID,ANM,WE,Federal Contract Tower,0,16,4,0,20,0,8,46,0,54,0,24,50,0,74,34,0,34,108
06/16/2003,PIH,ID,ANM,WE,Federal Contract Tower,0,25,9,0,34,0,17,52,0,69,0,42,61,0,103,28,0,28,131
06/17/2003,PIH,ID,ANM,WE,Federal Contract Tower,0,28,8,0,36,0,6,36,0,42,0,34,44,0,78,60,0,60,138
06/18/2003,PIH,ID,ANM,WE,Federal Contract Tower,0,30,3,0,33,0,13,37,0,50,0,43,40,0,83,76,0,76,159
06/19/2003,PIH,ID,ANM,WE,Federal Contract Tower,0,32,5,0,37,0,16,56,0,72,0,48,61,0,109,58,0,58,167
06/20/2003,PIH,ID,ANM,WE,Federal Contract Tower,0,32,4,0,36,0,12,47,0,59,0,44,51,0,95,46,0,46,141
06/21/2003,PIH,ID,ANM,WE,Federal Contract Tower,0,20,0,0,20,0,7,36,0,43,0,27,36,0,63,40,0,40,103
06/22/2003,PIH,ID,ANM,WE,Federal Contract Tower,0,17,1,0,18,0,5,23,0,28,0,22,24,0,46,18,0,18,64
06/23/2003,PIH,ID,ANM,WE,Federal Contract Tower,0,29,2,0,31,0,7,32,0,39,0,36,34,0,70,70,0,70,140
06/24/2003,PIH,ID,ANM,WE,Federal Contract Tower,0,40,6,0,46,0,8,24,0,32,0,48,30,0,78,50,0,50,128
06/25/2003,PIH,ID,ANM,WE,Federal Contract Tower,0,32,10,4,46,0,11,60,0,71,0,43,70,4,117,80,0,80,197
06/26/2003,PIH,ID,ANM,WE,Federal Contract Tower,0,27,2,0,29,0,19,70,0,89,0,46,72,0,118,70,0,70,188
06/27/2003,PIH,ID,ANM,WE,Federal Contract Tower,0,29,5,0,34,0,19,58,0,77,0,48,63,0,111,77,0,77,188
06/28/2003,PIH,ID,ANM,WE,Federal Contract Tower,0,24,5,0,29,0,36,66,0,102,0,60,71,0,131,34,0,34,165
06/29/2003,PIH,ID,ANM,WE,Federal Contract Tower,0,16,4,0,20,0,34,66,0,100,0,50,70,0,120,28,0,28,148
06/30/2003,PIH,ID,ANM,WE,Federal Contract Tower,0,24,4,0,28,0,18,33,0,51,0,42,37,0,79,40,0,40,119
07/01/2003,PIH,ID,ANM,WE,Federal Contract Tower,0,30,1,0,31,0,12,49,0,61,0,42,50,0,92,110,0,110,202
07/02/2003,PIH,ID,ANM,WE,Federal Contract Tower,0,27,1,0,28,9,65,68,0,142,9,92,69,0,170,60,0,60,230
07/03/2003,PIH,ID,ANM,WE,Federal Contract Tower,0,28,6,0,34,0,74,48,0,122,0,102,54,0,156,84,0,84,240
07/04/2003,PIH,ID,ANM,WE,Federal Contract Tower,0,16,1,0,17,0,2,51,0,53,0,18,52,0,70,40,0,40,110
07/05/2003,PIH,ID,ANM,WE,Federal Contract Tower,0,20,2,0,22,6,8,47,0,61,6,28,49,0,83,34,0,34,117
07/06/2003,PIH,ID,ANM,WE,Federal Contract Tower,0,19,2,0,21,2,5,39,0,46,2,24,41,0,67,28,0,28,95
07/07/2003,PIH,ID,ANM,WE,Federal Contract Tower,0,30,0,0,30,2,13,40,0,55,2,43,40,0,85,40,0,40,125
07/08/2003,PIH,ID,ANM,WE,Federal Contract Tower,0,27,4,0,31,3,18,22,0,43,3,45,26,0,74,16,0,16,90
07/09/2003,PIH,ID,ANM,WE,Federal Contract Tower,0,29,3,0,32,1,8,57,0,66,1,37,60,0,98,60,0,60,158
07/10/2003,PIH,ID,ANM,WE,Federal Contract Tower,0,30,3,0,33,1,114,58,0,173,1,144,61,0,206,70,0,70,276
07/11/2003,PIH,ID,ANM,WE,Federal Contract Tower,0,30,4,0,34,1,20,50,0,71,1,50,54,0,105,82,0,82,187
07/12/2003,PIH,ID,ANM,WE,Federal Contract Tower,0,22,6,0,28,0,26,69,0,95,0,48,75,0,123,77,0,77,200
07/13/2003,PIH,ID,ANM,WE,Federal Contract Tower,0,18,4,4,26,23,25,43,0,91,23,43,47,4,117,36,10,46,163
07/14/2003,PIH,ID,ANM,WE,Federal Contract Tower,0,21,2,0,23,12,54,47,0,113,12,75,49,0,136,34,0,34,170
07/15/2003,PIH,ID,ANM,WE,Federal Contract Tower,0,26,7,0,33,7,25,37,0,69,7,51,44,0,102,70,0,70,172
07/16/2003,PIH,ID,ANM,WE,Federal Contract Tower,0,32,13,0,45,14,39,49,0,102,14,71,62,0,147,58,0,58,205
07/17/2003,PIH,ID,ANM,WE,Federal Contract Tower,0,30,1,0,31,0,34,60,0,94,0,64,61,0,125,48,0,48,173
07/18/2003,PIH,ID,ANM,WE,Federal Contract Tower,0,35,2,0,37,2,10,66,0,78,2,45,68,0,115,66,0,66,181
07/19/2003,PIH,ID,ANM,WE,Federal Contract Tower,0,22,4,0,26,4,22,37,0,63,4,44,41,0,89,58,0,58,147
07/20/2003,PIH,ID,ANM,WE,Federal Contract Tower,0,19,2,0,21,4,9,39,0,52,4,28,41,0,73,8,0,8,81
07/21/2003,PIH,ID,ANM,WE,Federal Contract Tower,0,30,2,2,34,10,69,54,0,133,10,99,56,2,167,96,0,96,263
07/22/2003,PIH,ID,ANM,WE,Federal Contract Tower,0,31,3,1,35,2,30,57,3,92,2,61,60,4,127,50,8,58,185
07/23/2003,PIH,ID,ANM,WE,Federal Contract Tower,0,30,5,2,37,0,14,40,2,56,0,44,45,4,93,76,22,98,191
07/24/2003,PIH,ID,ANM,WE,Federal Contract Tower,0,28,0,1,29,0,27,48,3,78,0,55,48,4,107,50,14,64,171
07/25/2003,PIH,ID,ANM,WE,Federal Contract Tower,2,31,4,0,37,2,21,42,2,67,4,52,46,2,104,22,0,22,126
07/26/2003,PIH,ID,ANM,WE,Federal Contract Tower,0,20,1,2,23,0,16,55,2,73,0,36,56,4,96,14,14,28,124
07/27/2003,PIH,ID,ANM,WE,Federal Contract Tower,0,16,1,0,17,0,24,56,0,80,0,40,57,0,97,28,0,28,125
07/28/2003,PIH,ID,ANM,WE,Federal Contract Tower,0,23,6,0,29,1,19,43,0,63,1,42,49,0,92,54,0,54,146
07/29/2003,PIH,ID,ANM,WE,Federal Contract Tower,0,33,12,0,45,8,27,57,2,94,8,60,69,2,139,46,0,46,185
07/30/2003,PIH,ID,ANM,WE,Federal Contract Tower,0,29,11,0,40,3,9,48,0,60,3,38,59,0,100,64,0,64,164
07/31/2003,PIH,ID,ANM,WE,Federal Contract Tower,0,34,3,0,37,0,14,60,0,74,0,48,63,0,111,68,0,68,179
08/01/2003,PIH,ID,ANM,WE,Federal Contract Tower,0,33,15,0,48,2,17,59,4,82,2,50,74,4,130,56,0,56,186
08/02/2003,PIH,ID,ANM,WE,Federal Contract Tower,0,22,6,0,28,0,6,47,0,53,0,28,53,0,81,24,0,24,105
08/03/2003,PIH,ID,ANM,WE,Federal Contract Tower,2,25,5,0,32,0,9,31,0,40,2,34,36,0,72,8,0,8,80
08/04/2003,PIH,ID,ANM,WE,Federal Contract Tower,0,24,3,0,27,0,23,50,0,73,0,47,53,0,100,34,0,34,134
08/05/2003,PIH,ID,ANM,WE,Federal Contract Tower,0,29,6,0,35,10,41,39,0,90,10,70,45,0,125,48,0,48,173
08/06/2003,PIH,ID,ANM,WE,Federal Contract Tower,0,31,2,2,35,22,43,61,2,128,22,74,63,4,163,86,42,128,291
08/07/2003,PIH,ID,ANM,WE,Federal Contract Tower,0,29,5,0,34,30,121,74,1,226,30,150,79,1,260,56,0,56,316
08/08/2003,PIH,ID,ANM,WE,Federal Contract Tower,0,29,5,0,34,18,53,68,0,139,18,82,73,0,173,32,0,32,205
08/09/2003,PIH,ID,ANM,WE,Federal Contract Tower,0,20,5,0,25,10,28,63,2,103,10,48,68,2,128,28,0,28,156
08/10/2003,PIH,ID,ANM,WE,Federal Contract Tower,0,17,0,0,17,1,19,54,0,74,1,36,54,0,91,18,0,18,109
08/11/2003,PIH,ID,ANM,WE,Federal Contract Tower,0,29,3,2,34,2,21,59,1,83,2,50,62,3,117,72,0,72,189
08/12/2003,PIH,ID,ANM,WE,Federal Contract Tower,0,31,10,2,43,0,32,62,1,95,0,63,72,3,138,74,8,82,220
08/13/2003,PIH,ID,ANM,WE,Federal Contract Tower,0,33,6,0,39,1,22,55,0,78,1,55,61,0,117,78,0,78,195
08/14/2003,PIH,ID,ANM,WE,Federal Contract Tower,0,27,6,2,35,0,14,41,0,55,0,41,47,2,90,52,0,52,142
08/15/2003,PIH,ID,ANM,WE,Federal Contract Tower,0,28,10,0,38,3,19,28,0,50,3,47,38,0,88,42,0,42,130
08/16/2003,PIH,ID,ANM,WE,Federal Contract Tower,0,26,5,0,31,1,42,48,0,91,1,68,53,0,122,44,0,44,166
08/17/2003,PIH,ID,ANM,WE,Federal Contract Tower,0,17,4,0,21,4,13,36,0,53,4,30,40,0,74,20,0,20,94
08/18/2003,PIH,ID,ANM,WE,Federal Contract Tower,0,30,7,0,37,2,23,48,0,73,2,53,55,0,110,14,0,14,124
08/19/2003,PIH,ID,ANM,WE,Federal Contract Tower,0,29,6,0,35,1,21,35,2,59,1,50,41,2,94,44,4,48,142
08/20/2003,PIH,ID,ANM,WE,Federal Contract Tower,0,33,2,0,35,0,44,59,5,108,0,77,61,5,143,40,0,40,183
08/21/2003,PIH,ID,ANM,WE,Federal Contract Tower,0,31,6,0,37,0,11,47,0,58,0,42,53,0,95,32,0,32,127
08/22/2003,PIH,ID,ANM,WE,Federal Contract Tower,6,42,3,0,51,0,3,52,0,55,6,45,55,0,106,42,0,42,148
08/23/2003,PIH,ID,ANM,WE,Federal Contract Tower,0,21,3,0,24,0,11,59,0,70,0,32,62,0,94,40,0,40,134
08/24/2003,PIH,ID,ANM,WE,Federal Contract Tower,0,17,1,0,18,0,2,53,0,55,0,19,54,0,73,44,0,44,117
08/25/2003,PIH,ID,ANM,WE,Federal Contract Tower,0,24,5,0,29,0,19,54,0,73,0,43,59,0,102,42,0,42,144
08/26/2003,PIH,ID,ANM,WE,Federal Contract Tower,0,31,8,0,39,0,18,49,0,67,0,49,57,0,106,56,0,56,162
08/27/2003,PIH,ID,ANM,WE,Federal Contract Tower,0,29,4,0,33,0,8,54,0,62,0,37,58,0,95,40,0,40,135
08/28/2003,PIH,ID,ANM,WE,Federal Contract Tower,0,29,2,0,31,0,16,47,0,63,0,45,49,0,94,50,0,50,144
08/29/2003,PIH,ID,ANM,WE,Federal Contract Tower,0,39,4,0,43,0,4,20,0,24,0,43,24,0,67,6,0,6,73
08/30/2003,PIH,ID,ANM,WE,Federal Contract Tower,0,24,2,0,26,0,0,36,0,36,0,24,38,0,62,12,0,12,74
08/31/2003,PIH,ID,ANM,WE,Federal Contract Tower,0,17,4,0,21,0,2,32,2,36,0,19,36,2,57,10,0,10,67
09/01/2003,PIH,ID,ANM,WE,Federal Contract Tower,0,16,2,0,18,0,9,43,2,54,0,25,45,2,72,20,4,24,96
09/02/2003,PIH,ID,ANM,WE,Federal Contract Tower,0,33,9,0,42,2,22,31,0,55,2,55,40,0,97,30,0,30,127
09/03/2003,PIH,ID,ANM,WE,Federal Contract Tower,0,30,5,0,35,0,10,47,0,57,0,40,52,0,92,72,0,72,164
09/04/2003,PIH,ID,ANM,WE,Federal Contract Tower,0,30,2,0,32,0,12,53,0,65,0,42,55,0,97,50,0,50,147
09/05/2003,PIH,ID,ANM,WE,Federal Contract Tower,0,28,0,0,28,0,12,54,0,66,0,40,54,0,94,52,0,52,146
09/06/2003,PIH,ID,ANM,WE,Federal Contract Tower,0,22,5,0,27,2,2,60,6,70,2,24,65,6,97,35,0,35,132
09/07/2003,PIH,ID,ANM,WE,Federal Contract Tower,2,15,5,0,22,0,5,41,1,47,2,20,46,1,69,34,0,34,103
09/08/2003,PIH,ID,ANM,WE,Federal Contract Tower,3,28,11,0,42,0,7,31,2,40,3,35,42,2,82,26,0,26,108
09/09/2003,PIH,ID,ANM,WE,Federal Contract Tower,2,37,5,0,44,0,8,44,3,55,2,45,49,3,99,38,0,38,137
09/10/2003,PIH,ID,ANM,WE,Federal Contract Tower,3,41,9,0,53,0,7,26,2,35,3,48,35,2,88,20,0,20,108
09/11/2003,PIH,ID,ANM,WE,Federal Contract Tower,3,30,4,0,37,0,10,26,0,36,3,40,30,0,73,26,0,26,99
09/12/2003,PIH,ID,ANM,WE,Federal Contract Tower,5,27,4,0,36,2,19,34,0,55,7,46,38,0,91,12,0,12,103
09/13/2003,PIH,ID,ANM,WE,Federal Contract Tower,5,20,2,0,27,0,5,44,0,49,5,25,46,0,76,12,0,12,88
09/14/2003,PIH,ID,ANM,WE,Federal Contract Tower,3,15,5,2,25,2,4,34,0,40,5,19,39,2,65,28,2,30,95
09/15/2003,PIH,ID,ANM,WE,Federal Contract Tower,3,25,1,0,29,0,8,35,0,43,3,33,36,0,72,24,0,24,96
09/16/2003,PIH,ID,ANM,WE,Federal Contract Tower,3,29,5,0,37,0,13,25,0,38,3,42,30,0,75,30,0,30,105
09/17/2003,PIH,ID,ANM,WE,Federal Contract Tower,3,35,6,0,44,2,9,48,0,59,5,44,54,0,103,25,0,25,128
09/18/2003,PIH,ID,ANM,WE,Federal Contract Tower,3,28,6,0,37,0,14,47,0,61,3,42,53,0,98,62,0,62,160
09/19/2003,PIH,ID,ANM,WE,Federal Contract Tower,3,28,10,2,43,0,18,39,0,57,3,46,49,2,100,40,0,40,140
09/20/2003,PIH,ID,ANM,WE,Federal Contract Tower,3,22,1,0,26,6,14,64,0,84,9,36,65,0,110,18,0,18,128
09/21/2003,PIH,ID,ANM,WE,Federal Contract Tower,3,16,7,2,28,0,2,37,0,39,3,18,44,2,67,0,0,0,67
09/22/2003,PIH,ID,ANM,WE,Federal Contract Tower,3,23,4,0,30,0,15,44,0,59,3,38,48,0,89,40,0,40,129
09/23/2003,PIH,ID,ANM,WE,Federal Contract Tower,3,27,5,2,37,2,18,64,0,84,5,45,69,2,121,98,0,98,219
09/24/2003,PIH,ID,ANM,WE,Federal Contract Tower,3,27,5,0,35,1,10,41,0,52,4,37,46,0,87,66,0,66,153
09/25/2003,PIH,ID,ANM,WE,Federal Contract Tower,3,30,5,0,38,0,11,17,0,28,3,41,22,0,66,24,0,24,90
09/26/2003,PIH,ID,ANM,WE,Federal Contract Tower,5,27,3,0,35,2,13,23,0,38,7,40,26,0,73,12,0,12,85
09/27/2003,PIH,ID,ANM,WE,Federal Contract Tower,4,20,5,0,29,2,18,53,0,73,6,38,58,0,102,26,0,26,128
09/28/2003,PIH,ID,ANM,WE,Federal Contract Tower,3,13,3,0,19,0,13,50,0,63,3,26,53,0,82,18,0,18,100
09/29/2003,PIH,ID,ANM,WE,Federal Contract Tower,3,27,1,0,31,2,15,56,2,75,5,42,57,2,106,64,0,64,170
09/30/2003,PIH,ID,ANM,WE,Federal Contract Tower,3,31,5,0,39,0,12,31,0,43,3,43,36,0,82,28,0,28,110
10/01/2003,PIH,ID,ANM,WE,Federal Contract Tower,3,26,5,0,34,0,15,31,3,49,3,41,36,3,83,18,0,18,101
10/02/2003,PIH,ID,ANM,WE,Federal Contract Tower,3,28,5,0,36,0,15,37,0,52,3,43,42,0,88,45,0,45,133
10/03/2003,PIH,ID,ANM,WE,Federal Contract Tower,3,22,4,0,29,0,18,58,0,76,3,40,62,0,105,38,0,38,143
10/04/2003,PIH,ID,ANM,WE,Federal Contract Tower,2,18,3,0,23,2,8,45,0,55,4,26,48,0,78,24,0,24,102
10/05/2003,PIH,ID,ANM,WE,Federal Contract Tower,2,15,3,1,21,1,0,22,1,24,3,15,25,2,45,28,0,28,73
10/06/2003,PIH,ID,ANM,WE,Federal Contract Tower,3,25,4,0,32,0,15,44,0,59,3,40,48,0,91,18,0,18,109
10/07/2003,PIH,ID,ANM,WE,Federal Contract Tower,4,35,6,0,45,0,8,24,0,32,4,43,30,0,77,36,0,36,113
10/08/2003,PIH,ID,ANM,WE,Federal Contract Tower,4,32,6,1,43,0,14,52,1,67,4,46,58,2,110,51,0,51,161
10/09/2003,PIH,ID,ANM,WE,Federal Contract Tower,3,24,4,1,32,1,15,40,1,57,4,39,44,2,89,62,0,62,151
10/10/2003,PIH,ID,ANM,WE,Federal Contract Tower,4,29,5,1,39,0,9,25,1,35,4,38,30,2,74,18,12,30,104
10/11/2003,PIH,ID,ANM,WE,Federal Contract Tower,2,19,4,0,25,7,8,69,0,84,9,27,73,0,109,32,0,32,141
10/12/2003,PIH,ID,ANM,WE,Federal Contract Tower,2,18,4,0,24,1,1,18,0,20,3,19,22,0,44,4,0,4,48
10/13/2003,PIH,ID,ANM,WE,Federal Contract Tower,2,18,4,0,24,1,15,45,0,61,3,33,49,0,85,50,0,50,135
10/14/2003,PIH,ID,ANM,WE,Federal Contract Tower,4,35,6,0,45,0,18,40,0,58,4,53,46,0,103,42,0,42,145
10/15/2003,PIH,ID,ANM,WE,Federal Contract Tower,4,29,4,0,37,0,15,32,0,47,4,44,36,0,84,48,0,48,132
10/16/2003,PIH,ID,ANM,WE,Federal Contract Tower,3,28,4,0,35,0,11,39,0,50,3,39,43,0,85,45,0,45,130
10/17/2003,PIH,ID,ANM,WE,Federal Contract Tower,3,30,4,0,37,0,14,37,0,51,3,44,41,0,88,30,0,30,118
10/18/2003,PIH,ID,ANM,WE,Federal Contract Tower,2,19,3,0,24,2,16,37,0,55,4,35,40,0,79,34,0,34,113
10/19/2003,PIH,ID,ANM,WE,Federal Contract Tower,2,21,3,0,26,4,3,35,0,42,6,24,38,0,68,12,0,12,80
10/20/2003,PIH,ID,ANM,WE,Federal Contract Tower,4,29,4,0,37,2,13,67,0,82,6,42,71,0,119,20,0,20,139
10/21/2003,PIH,ID,ANM,WE,Federal Contract Tower,4,33,5,1,43,0,13,41,1,55,4,46,46,2,98,38,10,48,146
10/22/2003,PIH,ID,ANM,WE,Federal Contract Tower,4,30,4,1,39,3,16,85,1,105,7,46,89,2,144,42,20,62,206
10/23/2003,PIH,ID,ANM,WE,Federal Contract Tower,3,30,4,1,38,0,20,27,1,48,3,50,31,2,86,8,10,18,104
10/24/2003,PIH,ID,ANM,WE,Federal Contract Tower,3,29,4,1,37,1,4,39,1,45,4,33,43,2,82,36,4,40,122
10/25/2003,PIH,ID,ANM,WE,Federal Contract Tower,2,17,2,0,21,2,7,43,0,52,4,24,45,0,73,70,0,70,143
10/26/2003,PIH,ID,ANM,WE,Federal Contract Tower,1,15,3,0,19,2,3,38,0,43,3,18,41,0,62,40,0,40,102
10/27/2003,PIH,ID,ANM,WE,Federal Contract Tower,3,29,5,0,37,0,10,44,0,54,3,39,49,0,91,56,0,56,147
10/28/2003,PIH,ID,ANM,WE,Federal Contract Tower,3,33,6,0,42,0,13,39,4,56,3,46,45,4,98,34,10,44,142
10/29/2003,PIH,ID,ANM,WE,Federal Contract Tower,4,33,6,0,43,1,7,26,0,34,5,40,32,0,77,29,0,29,106
10/30/2003,PIH,ID,ANM,WE,Federal Contract Tower,3,37,7,0,47,0,1,12,4,17,3,38,19,4,64,6,26,32,96
10/31/2003,PIH,ID,ANM,WE,Federal Contract Tower,3,31,6,0,40,1,11,44,0,56,4,42,50,0,96,54,0,54,150
11/01/2003,PIH,ID,ANM,WE,Federal Contract Tower,3,18,3,0,24,2,4,17,0,23,5,22,20,0,47,41,0,41,88
11/02/2003,PIH,ID,ANM,WE,Federal Contract Tower,2,16,3,0,21,1,8,22,0,31,3,24,25,0,52,24,0,24,76
11/03/2003,PIH,ID,ANM,WE,Federal Contract Tower,3,38,7,0,48,0,4,39,0,43,3,42,46,0,91,49,0,49,140
11/04/2003,PIH,ID,ANM,WE,Federal Contract Tower,3,34,6,0,43,0,8,22,0,30,3,42,28,0,73,16,0,16,89
11/05/2003,PIH,ID,ANM,WE,Federal Contract Tower,3,34,6,0,43,0,14,34,0,48,3,48,40,0,91,60,0,60,151
11/06/2003,PIH,ID,ANM,WE,Federal Contract Tower,3,35,6,0,44,0,6,48,0,54,3,41,54,0,98,102,0,102,200
11/07/2003,PIH,ID,ANM,WE,Federal Contract Tower,4,30,5,0,39,1,8,42,0,51,5,38,47,0,90,108,0,108,198
11/08/2003,PIH,ID,ANM,WE,Federal Contract Tower,3,21,4,0,28,0,4,45,0,49,3,25,49,0,77,98,0,98,175
11/09/2003,PIH,ID,ANM,WE,Federal Contract Tower,3,17,3,0,23,1,7,8,0,16,4,24,11,0,39,32,0,32,71
11/10/2003,PIH,ID,ANM,WE,Federal Contract Tower,3,31,6,1,41,0,2,33,1,36,3,33,39,2,77,76,14,90,167
11/11/2003,PIH,ID,ANM,WE,Federal Contract Tower,2,24,5,0,31,1,9,13,0,23,3,33,18,0,54,0,0,0,54
11/12/2003,PIH,ID,ANM,WE,Federal Contract Tower,3,35,6,0,44,0,19,81,0,100,3,54,87,0,144,64,0,64,208
11/13/2003,PIH,ID,ANM,WE,Federal Contract Tower,3,35,6,0,44,0,11,8,0,19,3,46,14,0,63,44,0,44,107
11/14/2003,PIH,ID,ANM,WE,Federal Contract Tower,4,37,7,0,48,1,1,29,0,31,5,38,36,0,79,103,0,103,182
11/15/2003,PIH,ID,ANM,WE,Federal Contract Tower,2,22,3,0,27,2,0,6,0,8,4,22,9,0,35,24,0,24,59
11/16/2003,PIH,ID,ANM,WE,Federal Contract Tower,1,15,2,0,18,2,3,16,0,21,3,18,18,0,39,34,0,34,73
11/17/2003,PIH,ID,ANM,WE,Federal Contract Tower,3,31,4,1,39,0,7,18,1,26,3,38,22,2,65,20,24,44,109
11/18/2003,PIH,ID,ANM,WE,Federal Contract Tower,3,38,5,1,47,0,4,45,4,53,3,42,50,5,100,64,34,98,198
11/19/2003,PIH,ID,ANM,WE,Federal Contract Tower,3,41,6,1,51,0,1,36,3,40,3,42,42,4,91,34,26,60,151
11/20/2003,PIH,ID,ANM,WE,Federal Contract Tower,3,35,5,0,43,0,10,35,0,45,3,45,40,0,88,16,0,16,104
11/21/2003,PIH,ID,ANM,WE,Federal Contract Tower,3,36,5,1,45,0,11,35,1,47,3,47,40,2,92,48,0,48,140
11/22/2003,PIH,ID,ANM,WE,Federal Contract Tower,2,23,3,0,28,2,0,13,0,15,4,23,16,0,43,12,0,12,55
11/23/2003,PIH,ID,ANM,WE,Federal Contract Tower,2,18,2,0,22,1,0,24,0,25,3,18,26,0,47,0,0,0,47
11/24/2003,PIH,ID,ANM,WE,Federal Contract Tower,3,28,5,0,36,0,15,25,0,40,3,43,30,0,76,40,0,40,116
11/25/2003,PIH,ID,ANM,WE,Federal Contract Tower,3,41,7,0,51,0,1,41,2,44,3,42,48,2,95,52,16,68,163
11/26/2003,PIH,ID,ANM,WE,Federal Contract Tower,2,33,6,0,41,0,7,7,0,14,2,40,13,0,55,18,0,18,73
11/27/2003,PIH,ID,ANM,WE,Federal Contract Tower,1,11,2,0,14,1,1,3,0,5,2,12,5,0,19,0,0,0,19
11/28/2003,PIH,ID,ANM,WE,Federal Contract Tower,3,30,5,0,38,1,8,41,0,50,4,38,46,0,88,34,0,34,122
11/29/2003,PIH,ID,ANM,WE,Federal Contract Tower,2,19,4,0,25,1,0,8,0,9,3,19,12,0,34,16,0,16,50
11/30/2003,PIH,ID,ANM,WE,Federal Contract Tower,2,21,4,0,27,1,0,22,0,23,3,21,26,0,50,24,0,24,74
12/01/2003,PIH,ID,ANM,WE,Federal Contract Tower,3,37,8,0,48,0,2,21,2,25,3,39,29,2,73,34,6,40,113
12/02/2003,PIH,ID,ANM,WE,Federal Contract Tower,5,44,9,0,58,0,12,29,5,46,5,56,38,5,104,60,8,68,172
12/03/2003,PIH,ID,ANM,WE,Federal Contract Tower,3,31,7,0,41,0,12,29,0,41,3,43,36,0,82,41,0,41,123
12/04/2003,PIH,ID,ANM,WE,Federal Contract Tower,3,37,8,0,48,0,6,46,0,52,3,43,54,0,100,84,0,84,184
12/05/2003,PIH,ID,ANM,WE,Federal Contract Tower,3,44,9,0,56,0,6,56,0,62,3,50,65,0,118,76,0,76,194
12/06/2003,PIH,ID,ANM,WE,Federal Contract Tower,3,22,4,0,29,1,2,123,0,126,4,24,127,0,155,52,0,52,207
12/07/2003,PIH,ID,ANM,WE,Federal Contract Tower,2,15,4,0,21,1,0,22,0,23,3,15,26,0,44,18,0,18,62
12/08/2003,PIH,ID,ANM,WE,Federal Contract Tower,3,34,7,0,44,0,14,24,0,38,3,48,31,0,82,26,0,26,108
12/09/2003,PIH,ID,ANM,WE,Federal Contract Tower,3,37,8,0,48,0,11,55,2,68,3,48,63,2,116,64,0,64,180
12/10/2003,PIH,ID,ANM,WE,Federal Contract Tower,3,35,8,0,46,0,4,0,2,6,3,39,8,2,52,14,18,32,84
12/11/2003,PIH,ID,ANM,WE,Federal Contract Tower,3,37,8,0,48,0,0,23,0,23,3,37,31,0,71,36,0,36,107
12/12/2003,PIH,ID,ANM,WE,Federal Contract Tower,3,31,6,0,40,0,10,11,0,21,3,41,17,0,61,42,0,42,103
12/13/2003,PIH,ID,ANM,WE,Federal Contract Tower,2,22,4,0,28,2,4,6,0,12,4,26,10,0,40,0,0,0,40
12/14/2003,PIH,ID,ANM,WE,Federal Contract Tower,1,12,3,0,16,2,1,2,0,5,3,13,5,0,21,0,0,0,21
12/15/2003,PIH,ID,ANM,WE,Federal Contract Tower,3,31,7,1,42,0,9,25,1,35,3,40,32,2,77,57,30,87,164
12/16/2003,PIH,ID,ANM,WE,Federal Contract Tower,3,41,9,1,54,0,8,68,3,79,3,49,77,4,133,62,4,66,199
12/17/2003,PIH,ID,ANM,WE,Federal Contract Tower,3,31,5,0,39,0,10,41,0,51,3,41,46,0,90,48,0,48,138
12/18/2003,PIH,ID,ANM,WE,Federal Contract Tower,3,30,5,0,38,0,17,63,0,80,3,47,68,0,118,56,0,56,174
12/19/2003,PIH,ID,ANM,WE,Federal Contract Tower,3,34,6,0,43,0,24,101,0,125,3,58,107,0,168,96,0,96,264
12/20/2003,PIH,ID,ANM,WE,Federal Contract Tower,2,25,4,1,32,1,3,69,1,74,3,28,73,2,106,80,0,80,186
12/21/2003,PIH,ID,ANM,WE,Federal Contract Tower,2,20,3,0,25,3,0,4,0,7,5,20,7,0,32,0,0,0,32
12/22/2003,PIH,ID,ANM,WE,Federal Contract Tower,3,34,7,0,44,0,0,20,0,20,3,34,27,0,64,10,0,10,74
12/23/2003,PIH,ID,ANM,WE,Federal Contract Tower,3,37,7,0,47,0,17,31,0,48,3,54,38,0,95,20,0,20,115
12/24/2003,PIH,ID,ANM,WE,Federal Contract Tower,2,37,7,0,46,0,9,13,0,22,2,46,20,0,68,8,0,8,76
12/25/2003,PIH,ID,ANM,WE,Federal Contract Tower,1,10,1,0,12,3,0,1,0,4,4,10,2,0,16,0,0,0,16
12/26/2003,PIH,ID,ANM,WE,Federal Contract Tower,1,26,5,0,32,0,1,0,0,1,1,27,5,0,33,0,0,0,33
12/27/2003,PIH,ID,ANM,WE,Federal Contract Tower,2,23,5,0,30,2,1,1,0,4,4,24,6,0,34,0,0,0,34
12/28/2003,PIH,ID,ANM,WE,Federal Contract Tower,1,13,0,0,14,1,2,0,0,3,2,15,0,0,17,0,0,0,17
12/29/2003,PIH,ID,ANM,WE,Federal Contract Tower,0,18,4,0,22,0,0,2,0,2,0,18,6,0,24,0,0,0,24
12/30/2003,PIH,ID,ANM,WE,Federal Contract Tower,2,34,6,0,42,0,5,0,4,9,2,39,6,4,51,15,4,19,70
12/31/2003,PIH,ID,ANM,WE,Federal Contract Tower,2,29,6,0,37,0,10,1,0,11,2,39,7,0,48,6,0,6,54
01/01/2004,PIH,ID,ANM,WE,Federal Contract Tower,0,5,0,0,5,0,1,0,0,1,0,6,0,0,6,0,0,0,6
01/02/2004,PIH,ID,ANM,WE,Federal Contract Tower,3,35,7,0,45,0,8,3,0,11,3,43,10,0,56,6,0,6,62
01/03/2004,PIH,ID,ANM,WE,Federal Contract Tower,2,23,5,0,30,0,0,5,0,5,2,23,10,0,35,0,0,0,35
01/04/2004,PIH,ID,ANM,WE,Federal Contract Tower,2,18,4,0,24,2,2,0,0,4,4,20,4,0,28,0,0,0,28
01/05/2004,PIH,ID,ANM,WE,Federal Contract Tower,3,33,7,0,43,0,7,31,0,38,3,40,38,0,81,20,0,20,101
01/06/2004,PIH,ID,ANM,WE,Federal Contract Tower,3,33,7,0,43,0,7,23,0,30,3,40,30,0,73,20,0,20,93
01/07/2004,PIH,ID,ANM,WE,Federal Contract Tower,0,35,7,0,42,0,4,2,0,6,0,39,9,0,48,0,0,0,48
01/08/2004,PIH,ID,ANM,WE,Federal Contract Tower,3,33,7,0,43,0,3,7,0,10,3,36,14,0,53,8,0,8,61
01/09/2004,PIH,ID,ANM,WE,Federal Contract Tower,2,27,5,0,34,0,5,12,0,17,2,32,17,0,51,4,0,4,55
01/10/2004,PIH,ID,ANM,WE,Federal Contract Tower,2,15,3,0,20,1,3,41,0,45,3,18,44,0,65,42,0,42,107
01/11/2004,PIH,ID,ANM,WE,Federal Contract Tower,2,18,4,0,24,1,1,23,0,25,3,19,27,0,49,0,0,0,49
01/12/2004,PIH,ID,ANM,WE,Federal Contract Tower,4,32,6,0,42,0,7,18,0,25,4,39,24,0,67,37,0,37,104
01/13/2004,PIH,ID,ANM,WE,Federal Contract Tower,3,37,8,0,48,0,2,20,2,24,3,39,28,2,72,24,30,54,126
01/14/2004,PIH,ID,ANM,WE,Federal Contract Tower,3,36,7,0,46,0,2,28,0,30,3,38,35,0,76,33,0,33,109
01/15/2004,PIH,ID,ANM,WE,Federal Contract Tower,3,37,7,1,48,0,0,23,3,26,3,37,30,4,74,36,24,60,134
01/16/2004,PIH,ID,ANM,WE,Federal Contract Tower,3,37,8,1,49,2,0,7,1,10,5,37,15,2,59,8,6,14,73
01/17/2004,PIH,ID,ANM,WE,Federal Contract Tower,2,20,4,0,26,0,0,3,0,3,2,20,7,0,29,0,0,0,29
01/18/2004,PIH,ID,ANM,WE,Federal Contract Tower,1,16,3,0,20,1,4,26,0,31,2,20,29,0,51,32,0,32,83
01/19/2004,PIH,ID,ANM,WE,Federal Contract Tower,2,24,4,0,30,1,0,9,0,10,3,24,13,0,40,0,0,0,40
01/20/2004,PIH,ID,ANM,WE,Federal Contract Tower,3,41,7,1,52,0,1,2,1,4,3,42,9,2,56,22,0,22,78
01/21/2004,PIH,ID,ANM,WE,Federal Contract Tower,3,38,7,0,48,0,1,2,0,3,3,39,9,0,51,4,0,4,55
01/22/2004,PIH,ID,ANM,WE,Federal Contract Tower,3,40,7,0,50,0,0,16,0,16,3,40,23,0,66,30,0,30,96
01/23/2004,PIH,ID,ANM,WE,Federal Contract Tower,3,36,6,1,46,0,4,17,1,22,3,40,23,2,68,24,0,24,92
01/24/2004,PIH,ID,ANM,WE,Federal Contract Tower,1,20,3,1,25,3,4,0,0,7,4,24,3,1,32,14,0,14,46
01/25/2004,PIH,ID,ANM,WE,Federal Contract Tower,1,19,3,0,23,2,0,2,0,4,3,19,5,0,27,0,0,0,27
01/26/2004,PIH,ID,ANM,WE,Federal Contract Tower,3,31,6,0,40,0,0,10,2,12,3,31,16,2,52,0,0,0,52
01/27/2004,PIH,ID,ANM,WE,Federal Contract Tower,2,35,7,0,44,0,7,8,0,15,2,42,15,0,59,22,0,22,81
01/28/2004,PIH,ID,ANM,WE,Federal Contract Tower,3,39,8,0,50,0,0,11,0,11,3,39,19,0,61,14,0,14,75
01/29/2004,PIH,ID,ANM,WE,Federal Contract Tower,3,41,8,0,52,0,0,10,0,10,3,41,18,0,62,28,0,28,90
01/30/2004,PIH,ID,ANM,WE,Federal Contract Tower,3,33,6,0,42,0,5,14,0,19,3,38,20,0,61,0,0,0,61
01/31/2004,PIH,ID,ANM,WE,Federal Contract Tower,2,22,4,0,28,2,5,24,0,31,4,27,28,0,59,24,0,24,83
02/01/2004,PIH,ID,ANM,WE,Federal Contract Tower,2,19,3,0,24,1,1,5,0,7,3,20,8,0,31,0,0,0,31
02/02/2004,PIH,ID,ANM,WE,Federal Contract Tower,3,35,6,0,44,0,2,19,0,21,3,37,25,0,65,38,0,38,103
02/03/2004,PIH,ID,ANM,WE,Federal Contract Tower,3,39,7,0,49,0,0,1,0,1,3,39,8,0,50,0,0,0,50
02/04/2004,PIH,ID,ANM,WE,Federal Contract Tower,3,35,6,0,44,0,6,10,0,16,3,41,16,0,60,0,0,0,60
02/05/2004,PIH,ID,ANM,WE,Federal Contract Tower,3,35,7,0,45,0,0,11,0,11,3,35,18,0,56,0,0,0,56
02/06/2004,PIH,ID,ANM,WE,Federal Contract Tower,3,34,6,0,43,0,7,33,0,40,3,41,39,0,83,44,0,44,127
02/07/2004,PIH,ID,ANM,WE,Federal Contract Tower,3,26,5,0,34,1,0,3,0,4,4,26,8,0,38,0,0,0,38
02/08/2004,PIH,ID,ANM,WE,Federal Contract Tower,2,15,1,0,18,1,3,0,0,4,3,18,1,0,22,0,0,0,22
02/09/2004,PIH,ID,ANM,WE,Federal Contract Tower,4,35,7,0,46,2,0,9,0,11,6,35,16,0,57,0,0,0,57
02/10/2004,PIH,ID,ANM,WE,Federal Contract Tower,3,43,7,0,53,0,0,8,0,8,3,43,15,0,61,24,0,24,85
02/11/2004,PIH,ID,ANM,WE,Federal Contract Tower,5,42,7,0,54,0,3,25,0,28,5,45,32,0,82,40,0,40,122
02/12/2004,PIH,ID,ANM,WE,Federal Contract Tower,3,35,6,0,44,0,7,28,0,35,3,42,34,0,79,38,0,38,117
02/13/2004,PIH,ID,ANM,WE,Federal Contract Tower,4,39,7,0,50,0,10,69,0,79,4,49,76,0,129,32,0,32,161
02/14/2004,PIH,ID,ANM,WE,Federal Contract Tower,1,18,3,0,22,0,4,33,0,37,1,22,36,0,59,32,0,32,91
02/15/2004,PIH,ID,ANM,WE,Federal Contract Tower,1,19,4,0,24,2,3,3,0,8,3,22,7,0,32,13,0,13,45
02/16/2004,PIH,ID,ANM,WE,Federal Contract Tower,1,19,3,0,23,2,2,9,0,13,3,21,12,0,36,16,0,16,52
02/17/2004,PIH,ID,ANM,WE,Federal Contract Tower,3,35,5,1,44,0,2,10,1,13,3,37,15,2,57,10,20,30,87
02/18/2004,PIH,ID,ANM,WE,Federal Contract Tower,1,33,4,0,38,0,7,37,0,44,1,40,41,0,82,58,0,58,140
02/19/2004,PIH,ID,ANM,WE,Federal Contract Tower,3,42,7,0,52,0,1,17,0,18,3,43,24,0,70,0,0,0,70
02/20/2004,PIH,ID,ANM,WE,Federal Contract Tower,3,37,6,0,46,0,14,42,0,56,3,51,48,0,102,44,0,44,146
02/21/2004,PIH,ID,ANM,WE,Federal Contract Tower,0,22,4,0,26,0,0,31,0,31,0,22,35,0,57,42,0,42,99
02/22/2004,PIH,ID,ANM,WE,Federal Contract Tower,2,18,3,0,23,1,0,22,7,30,3,18,25,7,53,26,0,26,79
02/23/2004,PIH,ID,ANM,WE,Federal Contract Tower,2,33,5,0,40,0,5,38,0,43,2,38,43,0,83,56,0,56,139
02/24/2004,PIH,ID,ANM,WE,Federal Contract Tower,3,35,5,0,43,0,11,5,0,16,3,46,10,0,59,0,0,0,59
02/25/2004,PIH,ID,ANM,WE,Federal Contract Tower,3,35,5,0,43,0,5,12,0,17,3,40,17,0,60,6,0,6,66
02/26/2004,PIH,ID,ANM,WE,Federal Contract Tower,3,35,6,0,44,0,7,7,0,14,3,42,13,0,58,20,0,20,78
02/27/2004,PIH,ID,ANM,WE,Federal Contract Tower,3,38,6,0,47,0,3,31,0,34,3,41,37,0,81,56,0,56,137
02/28/2004,PIH,ID,ANM,WE,Federal Contract Tower,1,15,0,0,16,0,2,0,0,2,1,17,0,0,18,0,0,0,18
02/29/2004,PIH,ID,ANM,WE,Federal Contract Tower,1,17,3,0,21,2,0,1,0,3,3,17,4,0,24,0,0,0,24
03/01/2004,PIH,ID,ANM,WE,Federal Contract Tower,3,30,5,0,38,0,0,32,4,36,3,30,37,4,74,28,24,52,126
03/02/2004,PIH,ID,ANM,WE,Federal Contract Tower,3,38,6,0,47,0,3,33,0,36,3,41,39,0,83,36,0,36,119
03/03/2004,PIH,ID,ANM,WE,Federal Contract Tower,2,42,7,0,51,0,0,49,0,49,2,42,56,0,100,74,0,74,174
03/04/2004,PIH,ID,ANM,WE,Federal Contract Tower,3,41,6,0,50,0,0,23,2,25,3,41,29,2,75,66,10,76,151
03/05/2004,PIH,ID,ANM,WE,Federal Contract Tower,3,31,5,0,39,0,7,15,0,22,3,38,20,0,61,24,0,24,85
03/06/2004,PIH,ID,ANM,WE,Federal Contract Tower,1,23,4,0,28,0,0,31,0,31,1,23,35,0,59,14,0,14,73
03/07/2004,PIH,ID,ANM,WE,Federal Contract Tower,2,16,2,0,20,0,2,21,0,23,2,18,23,0,43,8,0,8,51
03/08/2004,PIH,ID,ANM,WE,Federal Contract Tower,3,26,4,0,33,0,10,38,0,48,3,36,42,0,81,70,0,70,151
03/09/2004,PIH,ID,ANM,WE,Federal Contract Tower,3,34,6,0,43,0,7,52,2,61,3,41,58,2,104,72,10,82,186
03/10/2004,PIH,ID,ANM,WE,Federal Contract Tower,3,51,8,0,62,0,0,40,0,40,3,51,48,0,102,16,0,16,118
03/11/2004,PIH,ID,ANM,WE,Federal Contract Tower,3,38,5,0,46,0,12,58,0,70,3,50,63,0,116,80,0,80,196
03/12/2004,PIH,ID,ANM,WE,Federal Contract Tower,3,25,4,0,32,0,15,50,0,65,3,40,54,0,97,75,0,75,172
03/13/2004,PIH,ID,ANM,WE,Federal Contract Tower,1,19,3,0,23,0,8,45,0,53,1,27,48,0,76,50,0,50,126
03/14/2004,PIH,ID,ANM,WE,Federal Contract Tower,2,22,4,0,28,0,0,32,0,32,2,22,36,0,60,12,0,12,72
03/15/2004,PIH,ID,ANM,WE,Federal Contract Tower,3,29,5,0,37,0,4,20,2,26,3,33,25,2,63,42,11,53,116
03/16/2004,PIH,ID,ANM,WE,Federal Contract Tower,3,34,5,0,42,0,1,15,0,16,3,35,20,0,58,30,0,30,88
03/17/2004,PIH,ID,ANM,WE,Federal Contract Tower,2,32,4,0,38,0,5,48,0,53,2,37,52,0,91,64,0,64,155
03/18/2004,PIH,ID,ANM,WE,Federal Contract Tower,2,35,4,0,41,1,4,43,0,48,3,39,47,0,89,36,0,36,125
03/19/2004,PIH,ID,ANM,WE,Federal Contract Tower,2,36,5,0,43,1,5,46,0,52,3,41,51,0,95,68,0,68,163
03/20/2004,PIH,ID,ANM,WE,Federal Contract Tower,0,22,2,0,24,0,5,69,0,74,0,27,71,0,98,148,0,148,246
03/21/2004,PIH,ID,ANM,WE,Federal Contract Tower,1,19,2,0,22,2,0,27,0,29,3,19,29,0,51,20,0,20,71
03/22/2004,PIH,ID,ANM,WE,Federal Contract Tower,2,35,4,0,41,1,2,31,0,34,3,37,35,0,75,40,0,40,115
03/23/2004,PIH,ID,ANM,WE,Federal Contract Tower,2,35,5,1,43,1,9,38,1,49,3,44,43,2,92,80,16,96,188
03/24/2004,PIH,ID,ANM,WE,Federal Contract Tower,2,33,4,0,39,1,11,31,0,43,3,44,35,0,82,60,0,60,142
03/25/2004,PIH,ID,ANM,WE,Federal Contract Tower,2,35,5,0,42,1,9,35,0,45,3,44,40,0,87,57,0,57,144
03/26/2004,PIH,ID,ANM,WE,Federal Contract Tower,3,39,5,0,47,0,5,30,0,35,3,44,35,0,82,30,0,30,112
03/27/2004,PIH,ID,ANM,WE,Federal Contract Tower,0,21,3,0,24,0,2,10,0,12,0,23,13,0,36,14,0,14,50
03/28/2004,PIH,ID,ANM,WE,Federal Contract Tower,1,19,3,0,23,2,8,26,0,36,3,27,29,0,59,21,0,21,80
03/29/2004,PIH,ID,ANM,WE,Federal Contract Tower,2,29,4,0,35,1,9,43,0,53,3,38,47,0,88,61,0,61,149
03/30/2004,PIH,ID,ANM,WE,Federal Contract Tower,2,35,5,0,42,1,2,34,0,37,3,37,39,0,79,52,0,52,131
03/31/2004,PIH,ID,ANM,WE,Federal Contract Tower,3,40,6,0,49,0,2,42,0,44,3,42,48,0,93,78,0,78,171
04/01/2004,PIH,ID,ANM,WE,Federal Contract Tower,3,40,8,0,51,0,7,27,0,34,3,47,35,0,85,52,0,52,137
04/02/2004,PIH,ID,ANM,WE,Federal Contract Tower,3,29,5,0,37,0,16,46,0,62,3,45,51,0,99,20,0,20,119
04/03/2004,PIH,ID,ANM,WE,Federal Contract Tower,1,19,4,0,24,0,9,40,0,49,1,28,44,0,73,58,0,58,131
04/04/2004,PIH,ID,ANM,WE,Federal Contract Tower,2,18,3,0,23,1,1,34,0,36,3,19,37,0,59,10,0,10,69
04/05/2004,PIH,ID,ANM,WE,Federal Contract Tower,3,25,4,0,32,0,11,61,0,72,3,36,65,0,104,98,0,98,202
04/06/2004,PIH,ID,ANM,WE,Federal Contract Tower,3,34,6,0,43,0,15,55,0,70,3,49,61,0,113,72,0,72,185
04/07/2004,PIH,ID,ANM,WE,Federal Contract Tower,3,30,6,0,39,0,8,35,2,45,3,38,41,2,84,56,18,74,158
04/08/2004,PIH,ID,ANM,WE,Federal Contract Tower,3,36,6,0,45,0,7,24,0,31,3,43,30,0,76,52,0,52,128
04/09/2004,PIH,ID,ANM,WE,Federal Contract Tower,3,31,6,0,40,0,9,27,0,36,3,40,33,0,76,26,0,26,102
04/10/2004,PIH,ID,ANM,WE,Federal Contract Tower,2,21,4,0,27,0,10,59,0,69,2,31,63,0,96,65,0,65,161
04/11/2004,PIH,ID,ANM,WE,Federal Contract Tower,0,12,2,0,14,0,6,30,0,36,0,18,32,0,50,14,0,14,64
04/12/2004,PIH,ID,ANM,WE,Federal Contract Tower,2,26,5,0,33,0,14,56,0,70,2,40,61,0,103,90,0,90,193
04/13/2004,PIH,ID,ANM,WE,Federal Contract Tower,3,31,6,0,40,0,10,45,2,57,3,41,51,2,97,78,14,92,189
04/14/2004,PIH,ID,ANM,WE,Federal Contract Tower,3,30,6,0,39,0,14,43,0,57,3,44,49,0,96,76,0,76,172
04/15/2004,PIH,ID,ANM,WE,Federal Contract Tower,3,30,6,0,39,0,13,35,0,48,3,43,41,0,87,36,0,36,123
04/16/2004,PIH,ID,ANM,WE,Federal Contract Tower,3,32,5,0,40,0,11,55,0,66,3,43,60,0,106,74,0,74,180
04/17/2004,PIH,ID,ANM,WE,Federal Contract Tower,3,22,3,0,28,0,4,15,0,19,3,26,18,0,47,20,0,20,67
04/18/2004,PIH,ID,ANM,WE,Federal Contract Tower,1,20,3,0,24,2,0,11,0,13,3,20,14,0,37,8,0,8,45
04/19/2004,PIH,ID,ANM,WE,Federal Contract Tower,3,34,4,1,42,0,1,30,1,32,3,35,34,2,74,26,0,26,100
04/20/2004,PIH,ID,ANM,WE,Federal Contract Tower,3,33,4,0,40,0,5,20,0,25,3,38,24,0,65,32,0,32,97
04/21/2004,PIH,ID,ANM,WE,Federal Contract Tower,3,38,7,0,48,0,4,37,0,41,3,42,44,0,89,62,0,62,151
04/22/2004,PIH,ID,ANM,WE,Federal Contract Tower,2,38,7,0,47,0,5,33,0,38,2,43,40,0,85,56,0,56,141
04/23/2004,PIH,ID,ANM,WE,Federal Contract Tower,3,38,6,0,47,1,6,80,0,87,4,44,86,0,134,61,0,61,195
04/24/2004,PIH,ID,ANM,WE,Federal Contract Tower,1,21,4,0,26,0,9,47,0,56,1,30,51,0,82,20,0,20,102
04/25/2004,PIH,ID,ANM,WE,Federal Contract Tower,1,18,3,0,22,2,0,58,0,60,3,18,61,0,82,26,0,26,108
04/26/2004,PIH,ID,ANM,WE,Federal Contract Tower,2,25,4,0,31,1,13,38,0,52,3,38,42,0,83,60,0,60,143
04/27/2004,PIH,ID,ANM,WE,Federal Contract Tower,2,30,5,0,37,1,9,35,0,45,3,39,40,0,82,66,0,66,148
04/28/2004,PIH,ID,ANM,WE,Federal Contract Tower,3,39,7,0,49,0,1,25,0,26,3,40,32,0,75,16,0,16,91
04/29/2004,PIH,ID,ANM,WE,Federal Contract Tower,3,33,5,0,41,0,15,35,1,51,3,48,40,1,92,50,20,70,162
04/30/2004,PIH,ID,ANM,WE,Federal Contract Tower,2,32,6,0,40,1,10,44,0,55,3,42,50,0,95,55,0,55,150
05/01/2004,PIH,ID,ANM,WE,Federal Contract Tower,2,20,4,0,26,1,6,44,0,51,3,26,48,0,77,58,0,58,135
05/02/2004,PIH,ID,ANM,WE,Federal Contract Tower,2,14,2,0,18,0,4,35,0,39,2,18,37,0,57,38,0,38,95
05/03/2004,PIH,ID,ANM,WE,Federal Contract Tower,3,33,5,0,41,0,6,51,0,57,3,39,56,0,98,48,0,48,146
05/04/2004,PIH,ID,ANM,WE,Federal Contract Tower,3,26,4,0,33,0,15,38,0,53,3,41,42,0,86,46,0,46,132
05/05/2004,PIH,ID,ANM,WE,Federal Contract Tower,3,28,5,0,36,0,10,47,0,57,3,38,52,0,93,64,0,64,157
05/06/2004,PIH,ID,ANM,WE,Federal Contract Tower,3,27,4,0,34,0,12,46,0,58,3,39,50,0,92,57,0,57,149
05/07/2004,PIH,ID,ANM,WE,Federal Contract Tower,3,27,5,0,35,0,12,38,0,50,3,39,43,0,85,74,0,74,159
05/08/2004,PIH,ID,ANM,WE,Federal Contract Tower,2,20,4,0,26,0,2,42,0,44,2,22,46,0,70,10,0,10,80
05/09/2004,PIH,ID,ANM,WE,Federal Contract Tower,2,17,3,0,22,1,5,18,0,24,3,22,21,0,46,12,0,12,58
05/10/2004,PIH,ID,ANM,WE,Federal Contract Tower,1,26,4,0,31,0,5,18,0,23,1,31,22,0,54,20,0,20,74
05/11/2004,PIH,ID,ANM,WE,Federal Contract Tower,3,28,5,0,36,0,3,10,0,13,3,31,15,0,49,22,0,22,71
05/12/2004,PIH,ID,ANM,WE,Federal Contract Tower,3,37,6,0,46,0,0,14,0,14,3,37,20,0,60,18,0,18,78
05/13/2004,PIH,ID,ANM,WE,Federal Contract Tower,3,34,5,0,42,0,4,21,0,25,3,38,26,0,67,62,0,62,129
05/14/2004,PIH,ID,ANM,WE,Federal Contract Tower,3,37,6,0,46,0,9,38,2,49,3,46,44,2,95,88,0,88,183
05/15/2004,PIH,ID,ANM,WE,Federal Contract Tower,2,20,4,0,26,1,6,96,0,103,3,26,100,0,129,66,0,66,195
05/16/2004,PIH,ID,ANM,WE,Federal Contract Tower,3,22,4,0,29,0,0,32,0,32,3,22,36,0,61,16,0,16,77
05/17/2004,PIH,ID,ANM,WE,Federal Contract Tower,2,28,4,0,34,0,7,52,0,59,2,35,56,0,93,68,0,68,161
05/18/2004,PIH,ID,ANM,WE,Federal Contract Tower,3,35,5,0,43,0,6,34,0,40,3,41,39,0,83,38,0,38,121
05/19/2004,PIH,ID,ANM,WE,Federal Contract Tower,3,34,4,0,41,0,4,55,0,59,3,38,59,0,100,54,0,54,154
05/20/2004,PIH,ID,ANM,WE,Federal Contract Tower,2,37,5,0,44,0,0,33,0,33,2,37,38,0,77,62,0,62,139
05/21/2004,PIH,ID,ANM,WE,Federal Contract Tower,2,29,4,0,35,1,8,22,0,31,3,37,26,0,66,28,0,28,94
05/22/2004,PIH,ID,ANM,WE,Federal Contract Tower,1,19,3,0,23,0,3,8,0,11,1,22,11,0,34,14,0,14,48
05/23/2004,PIH,ID,ANM,WE,Federal Contract Tower,1,18,3,0,22,2,1,17,0,20,3,19,20,0,42,23,0,23,65
05/24/2004,PIH,ID,ANM,WE,Federal Contract Tower,3,47,8,0,58,0,11,49,0,60,3,58,57,0,118,64,0,64,182
05/25/2004,PIH,ID,ANM,WE,Federal Contract Tower,3,35,6,0,44,0,6,18,0,24,3,41,24,0,68,66,0,66,134
05/26/2004,PIH,ID,ANM,WE,Federal Contract Tower,3,35,5,0,43,0,9,39,1,49,3,44,44,1,92,20,20,40,132
05/27/2004,PIH,ID,ANM,WE,Federal Contract Tower,3,34,5,0,42,0,8,41,0,49,3,42,46,0,91,64,0,64,155
05/28/2004,PIH,ID,ANM,WE,Federal Contract Tower,3,39,7,0,49,0,3,21,0,24,3,42,28,0,73,16,0,16,89
05/29/2004,PIH,ID,ANM,WE,Federal Contract Tower,1,20,4,0,25,1,4,26,0,31,2,24,30,0,56,20,0,20,76
05/30/2004,PIH,ID,ANM,WE,Federal Contract Tower,1,16,2,0,19,1,1,27,0,29,2,17,29,0,48,30,0,30,78
05/31/2004,PIH,ID,ANM,WE,Federal Contract Tower,1,15,2,0,18,2,1,36,0,39,3,16,38,0,57,54,0,54,111
06/01/2004,PIH,ID,ANM,WE,Federal Contract Tower,3,28,5,0,36,0,14,59,0,73,3,42,64,0,109,92,0,92,201
06/02/2004,PIH,ID,ANM,WE,Federal Contract Tower,3,30,6,0,39,0,13,65,0,78,3,43,71,0,117,128,0,128,245
06/03/2004,PIH,ID,ANM,WE,Federal Contract Tower,2,30,6,0,38,0,10,38,0,48,2,40,44,0,86,47,0,47,133
06/04/2004,PIH,ID,ANM,WE,Federal Contract Tower,3,27,5,0,35,0,14,61,0,75,3,41,66,0,110,100,0,100,210
06/05/2004,PIH,ID,ANM,WE,Federal Contract Tower,1,19,4,0,24,0,14,76,0,90,1,33,80,0,114,127,0,127,241
06/06/2004,PIH,ID,ANM,WE,Federal Contract Tower,2,13,3,0,18,0,0,11,2,13,2,13,14,2,31,0,0,0,31
06/07/2004,PIH,ID,ANM,WE,Federal Contract Tower,3,26,5,0,34,0,11,40,0,51,3,37,45,0,85,60,0,60,145
06/08/2004,PIH,ID,ANM,WE,Federal Contract Tower,3,23,5,0,31,0,16,43,2,61,3,39,48,2,92,62,0,62,154
06/09/2004,PIH,ID,ANM,WE,Federal Contract Tower,3,31,6,0,40,0,10,30,4,44,3,41,36,4,84,88,30,118,202
06/10/2004,PIH,ID,ANM,WE,Federal Contract Tower,3,33,7,0,43,0,6,6,0,12,3,39,13,0,55,48,0,48,103
06/11/2004,PIH,ID,ANM,WE,Federal Contract Tower,3,37,8,0,48,0,12,34,0,46,3,49,42,0,94,93,0,93,187
06/12/2004,PIH,ID,ANM,WE,Federal Contract Tower,2,18,3,1,24,1,9,46,6,62,3,27,49,7,86,14,0,14,100
06/13/2004,PIH,ID,ANM,WE,Federal Contract Tower,2,15,3,1,21,1,5,13,6,25,3,20,16,7,46,0,0,0,46
06/14/2004,PIH,ID,ANM,WE,Federal Contract Tower,2,24,5,0,31,1,18,48,0,67,3,42,53,0,98,80,0,80,178
06/15/2004,PIH,ID,ANM,WE,Federal Contract Tower,3,33,6,0,42,0,13,50,0,63,3,46,56,0,105,30,0,30,135
06/16/2004,PIH,ID,ANM,WE,Federal Contract Tower,3,26,4,0,33,0,20,76,0,96,3,46,80,0,129,120,0,120,249
06/17/2004,PIH,ID,ANM,WE,Federal Contract Tower,3,27,4,0,34,1,13,41,0,55,4,40,45,0,89,60,0,60,149
06/18/2004,PIH,ID,ANM,WE,Federal Contract Tower,3,34,6,0,43,3,7,24,0,34,6,41,30,0,77,50,0,50,127
06/19/2004,PIH,ID,ANM,WE,Federal Contract Tower,1,18,3,0,22,2,6,28,0,36,3,24,31,0,58,30,0,30,88
06/20/2004,PIH,ID,ANM,WE,Federal Contract Tower,1,15,2,0,18,2,1,26,0,29,3,16,28,0,47,0,0,0,47
06/21/2004,PIH,ID,ANM,WE,Federal Contract Tower,3,26,4,1,34,0,18,54,1,73,3,44,58,2,107,74,0,74,181
06/22/2004,PIH,ID,ANM,WE,Federal Contract Tower,3,26,4,0,33,0,17,65,0,82,3,43,69,0,115,92,0,92,207
06/23/2004,PIH,ID,ANM,WE,Federal Contract Tower,2,24,4,1,31,1,17,66,11,95,3,41,70,12,126,94,0,94,220
06/24/2004,PIH,ID,ANM,WE,Federal Contract Tower,3,29,5,1,38,0,9,48,7,64,3,38,53,8,102,86,8,94,196
06/25/2004,PIH,ID,ANM,WE,Federal Contract Tower,2,23,3,1,29,0,19,34,7,60,2,42,37,8,89,58,0,58,147
06/26/2004,PIH,ID,ANM,WE,Federal Contract Tower,2,21,4,0,27,1,6,52,0,59,3,27,56,0,86,2,0,2,88
06/27/2004,PIH,ID,ANM,WE,Federal Contract Tower,1,15,3,0,19,2,11,51,4,68,3,26,54,4,87,20,0,20,107
06/28/2004,PIH,ID,ANM,WE,Federal Contract Tower,0,19,4,0,23,0,22,46,0,68,0,41,50,0,91,80,0,80,171
06/29/2004,PIH,ID,ANM,WE,Federal Contract Tower,2,26,5,0,33,0,18,55,2,75,2,44,60,2,108,84,0,84,192
06/30/2004,PIH,ID,ANM,WE,Federal Contract Tower,2,25,5,0,32,0,23,45,2,70,2,48,50,2,102,80,26,106,208
07/01/2004,PIH,ID,ANM,WE,Federal Contract Tower,2,30,7,0,39,0,22,53,0,75,2,52,60,0,114,54,0,54,168
07/02/2004,PIH,ID,ANM,WE,Federal Contract Tower,3,22,5,0,30,0,16,27,0,43,3,38,32,0,73,20,0,20,93
07/03/2004,PIH,ID,ANM,WE,Federal Contract Tower,3,23,5,0,31,2,0,45,2,49,5,23,50,2,80,40,0,40,120
07/04/2004,PIH,ID,ANM,WE,Federal Contract Tower,0,9,3,0,12,0,3,10,0,13,0,12,13,0,25,0,0,0,25
07/05/2004,PIH,ID,ANM,WE,Federal Contract Tower,2,16,4,0,22,0,2,32,0,34,2,18,36,0,56,20,0,20,76
07/06/2004,PIH,ID,ANM,WE,Federal Contract Tower,2,18,5,0,25,0,15,30,2,47,2,33,35,2,72,48,0,48,120
07/07/2004,PIH,ID,ANM,WE,Federal Contract Tower,2,21,4,0,27,0,16,37,0,53,2,37,41,0,80,59,0,59,139
07/08/2004,PIH,ID,ANM,WE,Federal Contract Tower,2,23,5,0,30,0,20,68,2,90,2,43,73,2,120,67,9,76,196
07/09/2004,PIH,ID,ANM,WE,Federal Contract Tower,2,26,6,0,34,0,19,43,0,62,2,45,49,0,96,69,0,69,165
07/10/2004,PIH,ID,ANM,WE,Federal Contract Tower,2,16,4,0,22,0,7,52,0,59,2,23,56,0,81,56,0,56,137
07/11/2004,PIH,ID,ANM,WE,Federal Contract Tower,2,14,3,0,19,0,6,37,0,43,2,20,40,0,62,30,0,30,92
07/12/2004,PIH,ID,ANM,WE,Federal Contract Tower,3,23,5,0,31,5,21,87,0,113,8,44,92,0,144,100,0,100,244
07/13/2004,PIH,ID,ANM,WE,Federal Contract Tower,2,27,7,0,36,0,23,43,2,68,2,50,50,2,104,60,0,60,164
07/14/2004,PIH,ID,ANM,WE,Federal Contract Tower,2,30,7,0,39,0,18,55,0,73,2,48,62,0,112,100,0,100,212
07/15/2004,PIH,ID,ANM,WE,Federal Contract Tower,2,32,7,0,41,0,3,35,0,38,2,35,42,0,79,16,0,16,95
07/16/2004,PIH,ID,ANM,WE,Federal Contract Tower,2,27,7,0,36,0,11,43,2,56,2,38,50,2,92,116,0,116,208
07/17/2004,PIH,ID,ANM,WE,Federal Contract Tower,3,21,3,0,27,3,1,62,0,66,6,22,65,0,93,46,0,46,139
07/18/2004,PIH,ID,ANM,WE,Federal Contract Tower,1,12,1,0,14,1,4,31,0,36,2,16,32,0,50,0,0,0,50
07/19/2004,PIH,ID,ANM,WE,Federal Contract Tower,2,26,5,0,33,0,10,41,0,51,2,36,46,0,84,86,0,86,170
07/20/2004,PIH,ID,ANM,WE,Federal Contract Tower,2,23,4,0,29,0,17,53,0,70,2,40,57,0,99,88,0,88,187
07/21/2004,PIH,ID,ANM,WE,Federal Contract Tower,1,18,3,1,23,1,16,40,0,57,2,34,43,1,80,42,0,42,122
07/22/2004,PIH,ID,ANM,WE,Federal Contract Tower,1,20,4,0,25,1,22,31,0,54,2,42,35,0,79,30,0,30,109
07/23/2004,PIH,ID,ANM,WE,Federal Contract Tower,2,26,5,0,33,0,16,47,0,63,2,42,52,0,96,36,0,36,132
07/24/2004,PIH,ID,ANM,WE,Federal Contract Tower,1,18,4,0,23,1,9,32,0,42,2,27,36,0,65,38,0,38,103
07/25/2004,PIH,ID,ANM,WE,Federal Contract Tower,1,13,2,0,16,1,7,40,4,52,2,20,42,4,68,10,0,10,78
07/26/2004,PIH,ID,ANM,WE,Federal Contract Tower,2,27,6,0,35,0,28,42,0,70,2,55,48,0,105,18,0,18,123
07/27/2004,PIH,ID,ANM,WE,Federal Contract Tower,2,26,6,0,34,0,18,54,2,74,2,44,60,2,108,80,0,80,188
07/28/2004,PIH,ID,ANM,WE,Federal Contract Tower,2,27,6,0,35,0,19,54,1,74,2,46,60,1,109,65,10,75,184
07/29/2004,PIH,ID,ANM,WE,Federal Contract Tower,2,28,7,0,37,2,10,34,0,46,4,38,41,0,83,44,0,44,127
07/30/2004,PIH,ID,ANM,WE,Federal Contract Tower,2,28,6,0,36,0,12,37,0,49,2,40,43,0,85,26,0,26,111
07/31/2004,PIH,ID,ANM,WE,Federal Contract Tower,1,16,3,0,20,1,9,45,0,55,2,25,48,0,75,26,0,26,101
08/01/2004,PIH,ID,ANM,WE,Federal Contract Tower,2,15,3,0,20,0,1,30,0,31,2,16,33,0,51,8,0,8,59
08/02/2004,PIH,ID,ANM,WE,Federal Contract Tower,4,33,8,0,45,0,13,32,0,45,4,46,40,0,90,22,0,22,112
08/03/2004,PIH,ID,ANM,WE,Federal Contract Tower,3,23,5,0,31,0,17,43,4,64,3,40,48,4,95,56,0,56,151
08/04/2004,PIH,ID,ANM,WE,Federal Contract Tower,3,27,6,0,36,3,26,37,0,66,6,53,43,0,102,14,0,14,116
08/05/2004,PIH,ID,ANM,WE,Federal Contract Tower,3,23,5,0,31,5,24,51,0,80,8,47,56,0,111,42,0,42,153
08/06/2004,PIH,ID,ANM,WE,Federal Contract Tower,2,25,6,0,33,0,18,45,0,63,2,43,51,0,96,14,0,14,110
08/07/2004,PIH,ID,ANM,WE,Federal Contract Tower,2,18,5,0,25,2,0,36,0,38,4,18,41,0,63,2,0,2,65
08/08/2004,PIH,ID,ANM,WE,Federal Contract Tower,2,11,2,0,15,2,6,29,0,37,4,17,31,0,52,21,10,31,83
08/09/2004,PIH,ID,ANM,WE,Federal Contract Tower,2,19,5,0,26,1,22,32,0,55,3,41,37,0,81,42,0,42,123
08/10/2004,PIH,ID,ANM,WE,Federal Contract Tower,2,28,7,0,37,0,9,37,0,46,2,37,44,0,83,50,0,50,133
08/11/2004,PIH,ID,ANM,WE,Federal Contract Tower,2,18,5,0,25,0,22,32,2,56,2,40,37,2,81,46,0,46,127
08/12/2004,PIH,ID,ANM,WE,Federal Contract Tower,2,24,6,0,32,0,17,49,0,66,2,41,55,0,98,54,0,54,152
08/13/2004,PIH,ID,ANM,WE,Federal Contract Tower,2,15,4,0,21,0,23,49,0,72,2,38,53,0,93,66,0,66,159
08/14/2004,PIH,ID,ANM,WE,Federal Contract Tower,2,15,3,0,20,0,9,58,0,67,2,24,61,0,87,48,0,48,135
08/15/2004,PIH,ID,ANM,WE,Federal Contract Tower,2,11,2,0,15,0,9,36,0,45,2,20,38,0,60,14,0,14,74
08/16/2004,PIH,ID,ANM,WE,Federal Contract Tower,1,18,5,1,25,1,24,43,1,69,2,42,48,2,94,60,0,60,154
08/17/2004,PIH,ID,ANM,WE,Federal Contract Tower,2,24,6,0,32,0,18,41,0,59,2,42,47,0,91,26,0,26,117
08/18/2004,PIH,ID,ANM,WE,Federal Contract Tower,2,26,6,1,35,0,15,30,1,46,2,41,36,2,81,48,20,68,149
08/19/2004,PIH,ID,ANM,WE,Federal Contract Tower,2,24,4,0,30,0,8,36,0,44,2,32,40,0,74,36,0,36,110
08/20/2004,PIH,ID,ANM,WE,Federal Contract Tower,1,21,5,0,27,1,17,59,0,77,2,38,64,0,104,66,0,66,170
08/21/2004,PIH,ID,ANM,WE,Federal Contract Tower,1,16,3,0,20,1,9,75,0,85,2,25,78,0,105,68,0,68,173
08/22/2004,PIH,ID,ANM,WE,Federal Contract Tower,1,21,5,0,27,1,1,26,0,28,2,22,31,0,55,10,0,10,65
08/23/2004,PIH,ID,ANM,WE,Federal Contract Tower,1,20,5,0,26,1,16,33,0,50,2,36,38,0,76,50,0,50,126
08/24/2004,PIH,ID,ANM,WE,Federal Contract Tower,2,24,5,0,31,0,23,63,1,87,2,47,68,1,118,48,14,62,180
08/25/2004,PIH,ID,ANM,WE,Federal Contract Tower,2,28,6,0,36,0,9,36,0,45,2,37,42,0,81,50,0,50,131
08/26/2004,PIH,ID,ANM,WE,Federal Contract Tower,2,33,7,0,42,0,9,40,0,49,2,42,47,0,91,20,0,20,111
08/27/2004,PIH,ID,ANM,WE,Federal Contract Tower,2,26,6,0,34,0,20,49,0,69,2,46,55,0,103,62,0,62,165
08/28/2004,PIH,ID,ANM,WE,Federal Contract Tower,1,14,3,0,18,1,3,54,0,58,2,17,57,0,76,66,0,66,142
08/29/2004,PIH,ID,ANM,WE,Federal Contract Tower,1,15,3,0,19,1,6,39,0,46,2,21,42,0,65,22,0,22,87
08/30/2004,PIH,ID,ANM,WE,Federal Contract Tower,1,20,5,0,26,1,12,60,0,73,2,32,65,0,99,78,0,78,177
08/31/2004,PIH,ID,ANM,WE,Federal Contract Tower,1,18,4,0,23,1,27,47,0,75,2,45,51,0,98,62,0,62,160
09/01/2004,PIH,ID,ANM,WE,Federal Contract Tower,2,21,3,0,26,0,17,28,0,45,2,38,31,0,71,60,0,60,131
09/02/2004,PIH,ID,ANM,WE,Federal Contract Tower,2,22,2,0,26,0,18,19,2,39,2,40,21,2,65,12,6,18,83
09/03/2004,PIH,ID,ANM,WE,Federal Contract Tower,4,26,4,0,34,0,13,26,0,39,4,39,30,0,73,26,0,26,99
09/04/2004,PIH,ID,ANM,WE,Federal Contract Tower,2,16,2,0,20,0,14,38,10,62,2,30,40,10,82,64,0,64,146
09/05/2004,PIH,ID,ANM,WE,Federal Contract Tower,0,15,2,0,17,0,2,39,0,41,0,17,41,0,58,0,0,0,58
09/06/2004,PIH,ID,ANM,WE,Federal Contract Tower,2,13,2,0,17,0,0,42,0,42,2,13,44,0,59,48,0,48,107
09/07/2004,PIH,ID,ANM,WE,Federal Contract Tower,2,20,10,0,32,0,17,55,0,72,2,37,65,0,104,10,0,10,114
09/08/2004,PIH,ID,ANM,WE,Federal Contract Tower,2,22,5,0,29,0,20,55,1,76,2,42,60,1,105,40,18,58,163
09/09/2004,PIH,ID,ANM,WE,Federal Contract Tower,2,21,4,0,27,0,12,47,0,59,2,33,51,0,86,62,0,62,148
09/10/2004,PIH,ID,ANM,WE,Federal Contract Tower,2,22,6,0,30,0,17,56,0,73,2,39,62,0,103,46,0,46,149
09/11/2004,PIH,ID,ANM,WE,Federal Contract Tower,2,16,2,0,20,0,10,50,0,60,2,26,52,0,80,28,0,28,108
09/12/2004,PIH,ID,ANM,WE,Federal Contract Tower,2,16,2,0,20,0,2,34,0,36,2,18,36,0,56,24,0,24,80
09/13/2004,PIH,ID,ANM,WE,Federal Contract Tower,2,22,4,2,30,0,18,33,0,51,2,40,37,2,81,20,0,20,101
09/14/2004,PIH,ID,ANM,WE,Federal Contract Tower,3,25,9,3,40,0,15,47,0,62,3,40,56,3,102,40,0,40,142
09/15/2004,PIH,ID,ANM,WE,Federal Contract Tower,3,22,5,0,30,0,20,49,3,72,3,42,54,3,102,88,0,88,190
09/16/2004,PIH,ID,ANM,WE,Federal Contract Tower,2,18,3,2,25,0,16,41,3,60,2,34,44,5,85,44,0,44,129
09/17/2004,PIH,ID,ANM,WE,Federal Contract Tower,4,25,10,0,39,0,16,43,0,59,4,41,53,0,98,32,0,32,130
09/18/2004,PIH,ID,ANM,WE,Federal Contract Tower,4,15,0,0,19,0,10,37,2,49,4,25,37,2,68,54,0,54,122
09/19/2004,PIH,ID,ANM,WE,Federal Contract Tower,2,15,3,0,20,0,3,16,0,19,2,18,19,0,39,24,0,24,63
09/20/2004,PIH,ID,ANM,WE,Federal Contract Tower,2,23,7,1,33,0,13,14,0,27,2,36,21,1,60,12,14,26,86
09/21/2004,PIH,ID,ANM,WE,Federal Contract Tower,2,22,3,0,27,0,20,36,0,56,2,42,39,0,83,25,0,25,108
09/22/2004,PIH,ID,ANM,WE,Federal Contract Tower,2,18,6,0,26,0,16,30,0,46,2,34,36,0,72,16,0,16,88
09/23/2004,PIH,ID,ANM,WE,Federal Contract Tower,2,25,9,0,36,0,15,47,0,62,2,40,56,0,98,48,0,48,146
09/24/2004,PIH,ID,ANM,WE,Federal Contract Tower,4,22,10,0,36,0,22,71,0,93,4,44,81,0,129,98,0,98,227
09/25/2004,PIH,ID,ANM,WE,Federal Contract Tower,2,14,0,0,16,0,2,43,0,45,2,16,43,0,61,38,0,38,99
09/26/2004,PIH,ID,ANM,WE,Federal Contract Tower,2,15,6,0,23,0,7,57,0,64,2,22,63,0,87,24,0,24,111
09/27/2004,PIH,ID,ANM,WE,Federal Contract Tower,2,17,6,0,25,0,23,46,0,69,2,40,52,0,94,46,0,46,140
09/28/2004,PIH,ID,ANM,WE,Federal Contract Tower,2,21,9,0,32,0,21,31,4,56,2,42,40,4,88,58,0,58,146
09/29/2004,PIH,ID,ANM,WE,Federal Contract Tower,2,27,4,0,33,0,15,43,0,58,2,42,47,0,91,32,0,32,123
09/30/2004,PIH,ID,ANM,WE,Federal Contract Tower,2,29,9,0,40,0,12,16,0,28,2,41,25,0,68,50,0,50,118
10/01/2004,PIH,ID,ANM,WE,Federal Contract Tower,2,26,6,0,34,0,14,68,0,82,2,40,74,0,116,102,0,102,218
10/02/2004,PIH,ID,ANM,WE,Federal Contract Tower,1,17,3,0,21,0,6,53,0,59,1,23,56,0,80,40,0,40,120
10/03/2004,PIH,ID,ANM,WE,Federal Contract Tower,3,15,7,0,25,0,4,58,0,62,3,19,65,0,87,47,0,47,134
10/04/2004,PIH,ID,ANM,WE,Federal Contract Tower,2,22,9,0,33,0,18,55,0,73,2,40,64,0,106,58,0,58,164
10/05/2004,PIH,ID,ANM,WE,Federal Contract Tower,2,22,4,0,28,0,19,50,0,69,2,41,54,0,97,92,0,92,189
10/06/2004,PIH,ID,ANM,WE,Federal Contract Tower,2,26,7,0,35,0,12,48,0,60,2,38,55,0,95,84,0,84,179
10/07/2004,PIH,ID,ANM,WE,Federal Contract Tower,2,20,22,1,45,0,13,58,1,72,2,33,80,2,117,56,20,76,193
10/08/2004,PIH,ID,ANM,WE,Federal Contract Tower,2,20,4,0,26,0,23,71,0,94,2,43,75,0,120,60,0,60,180
10/09/2004,PIH,ID,ANM,WE,Federal Contract Tower,2,18,0,0,20,0,7,45,4,56,2,25,45,4,76,30,10,40,116
10/10/2004,PIH,ID,ANM,WE,Federal Contract Tower,2,16,3,0,21,0,6,19,0,25,2,22,22,0,46,10,0,10,56
10/11/2004,PIH,ID,ANM,WE,Federal Contract Tower,2,15,7,0,24,0,3,12,0,15,2,18,19,0,39,44,0,44,83
10/12/2004,PIH,ID,ANM,WE,Federal Contract Tower,2,22,9,0,33,0,12,29,0,41,2,34,38,0,74,77,0,77,151
10/13/2004,PIH,ID,ANM,WE,Federal Contract Tower,2,23,17,2,44,0,13,38,0,51,2,36,55,2,95,82,18,100,195
10/14/2004,PIH,ID,ANM,WE,Federal Contract Tower,2,22,11,0,35,0,12,42,0,54,2,34,53,0,89,68,0,68,157
10/15/2004,PIH,ID,ANM,WE,Federal Contract Tower,2,21,7,0,30,0,18,50,0,68,2,39,57,0,98,62,0,62,160
10/16/2004,PIH,ID,ANM,WE,Federal Contract Tower,2,14,5,0,21,0,6,43,0,49,2,20,48,0,70,18,0,18,88
10/17/2004,PIH,ID,ANM,WE,Federal Contract Tower,2,13,1,0,16,0,4,24,0,28,2,17,25,0,44,0,0,0,44
10/18/2004,PIH,ID,ANM,WE,Federal Contract Tower,4,25,5,0,34,0,4,18,0,22,4,29,23,0,56,6,0,6,62
10/19/2004,PIH,ID,ANM,WE,Federal Contract Tower,2,35,4,0,41,0,14,18,0,32,2,49,22,0,73,102,0,102,175
10/20/2004,PIH,ID,ANM,WE,Federal Contract Tower,2,29,15,0,46,0,3,21,0,24,2,32,36,0,70,80,0,80,150
10/21/2004,PIH,ID,ANM,WE,Federal Contract Tower,2,31,2,0,35,0,11,48,0,59,2,42,50,0,94,75,0,75,169
10/22/2004,PIH,ID,ANM,WE,Federal Contract Tower,4,31,4,0,39,0,11,23,0,34,4,42,27,0,73,70,0,70,143
10/23/2004,PIH,ID,ANM,WE,Federal Contract Tower,2,17,1,0,20,0,0,4,0,4,2,17,5,0,24,40,0,40,64
10/24/2004,PIH,ID,ANM,WE,Federal Contract Tower,2,17,3,0,22,0,5,21,0,26,2,22,24,0,48,36,0,36,84
10/25/2004,PIH,ID,ANM,WE,Federal Contract Tower,2,28,7,0,37,0,2,24,0,26,2,30,31,0,63,26,0,26,89
10/26/2004,PIH,ID,ANM,WE,Federal Contract Tower,2,34,6,2,44,0,1,16,0,17,2,35,22,2,61,50,0,50,111
10/27/2004,PIH,ID,ANM,WE,Federal Contract Tower,2,31,8,0,41,0,9,35,0,44,2,40,43,0,85,64,0,64,149
10/28/2004,PIH,ID,ANM,WE,Federal Contract Tower,2,38,11,0,51,0,4,5,0,9,2,42,16,0,60,0,0,0,60
10/29/2004,PIH,ID,ANM,WE,Federal Contract Tower,2,39,6,0,47,0,1,32,0,33,2,40,38,0,80,20,0,20,100
10/30/2004,PIH,ID,ANM,WE,Federal Contract Tower,2,20,5,0,27,0,0,18,0,18,2,20,23,0,45,66,0,66,111
10/31/2004,PIH,ID,ANM,WE,Federal Contract Tower,2,16,3,0,21,0,0,7,0,7,2,16,10,0,28,0,0,0,28
11/01/2004,PIH,ID,ANM,WE,Federal Contract Tower,2,26,6,0,34,0,9,39,0,48,2,35,45,0,82,70,0,70,152
11/02/2004,PIH,ID,ANM,WE,Federal Contract Tower,2,28,12,0,42,0,10,34,0,44,2,38,46,0,86,48,0,48,134
11/03/2004,PIH,ID,ANM,WE,Federal Contract Tower,2,28,3,0,33,0,10,36,0,46,2,38,39,0,79,114,0,114,193
11/04/2004,PIH,ID,ANM,WE,Federal Contract Tower,2,28,6,0,36,0,12,64,0,76,2,40,70,0,112,70,0,70,182
11/05/2004,PIH,ID,ANM,WE,Federal Contract Tower,4,29,6,0,39,0,11,44,0,55,4,40,50,0,94,60,0,60,154
11/06/2004,PIH,ID,ANM,WE,Federal Contract Tower,3,13,1,0,17,0,11,89,0,100,3,24,90,0,117,100,0,100,217
11/07/2004,PIH,ID,ANM,WE,Federal Contract Tower,2,20,2,0,24,0,0,38,0,38,2,20,40,0,62,40,0,40,102
11/08/2004,PIH,ID,ANM,WE,Federal Contract Tower,2,29,7,0,38,0,3,27,0,30,2,32,34,0,68,54,0,54,122
11/09/2004,PIH,ID,ANM,WE,Federal Contract Tower,2,31,5,0,38,0,7,31,0,38,2,38,36,0,76,64,0,64,140
11/10/2004,PIH,ID,ANM,WE,Federal Contract Tower,2,33,3,0,38,0,7,29,0,36,2,40,32,0,74,62,0,62,136
11/11/2004,PIH,ID,ANM,WE,Federal Contract Tower,2,32,2,0,36,0,9,34,0,43,2,41,36,0,79,64,0,64,143
11/12/2004,PIH,ID,ANM,WE,Federal Contract Tower,4,28,5,0,37,0,2,20,0,22,4,30,25,0,59,48,0,48,107
11/13/2004,PIH,ID,ANM,WE,Federal Contract Tower,2,21,7,0,30,0,0,21,0,21,2,21,28,0,51,0,0,0,51
11/14/2004,PIH,ID,ANM,WE,Federal Contract Tower,2,17,5,0,24,0,0,6,0,6,2,17,11,0,30,18,0,18,48
11/15/2004,PIH,ID,ANM,WE,Federal Contract Tower,2,26,8,2,38,0,7,21,0,28,2,33,29,2,66,20,14,34,100
11/16/2004,PIH,ID,ANM,WE,Federal Contract Tower,2,32,10,0,44,0,8,58,0,66,2,40,68,0,110,80,0,80,190
11/17/2004,PIH,ID,ANM,WE,Federal Contract Tower,2,30,9,0,41,0,6,43,0,49,2,36,52,0,90,42,0,42,132
11/18/2004,PIH,ID,ANM,WE,Federal Contract Tower,3,26,8,0,37,0,18,40,0,58,3,44,48,0,95,50,0,50,145
11/19/2004,PIH,ID,ANM,WE,Federal Contract Tower,2,38,7,0,47,0,2,33,0,35,2,40,40,0,82,40,0,40,122
11/20/2004,PIH,ID,ANM,WE,Federal Contract Tower,2,17,0,0,19,0,7,34,0,41,2,24,34,0,60,42,0,42,102
11/21/2004,PIH,ID,ANM,WE,Federal Contract Tower,2,16,4,0,22,0,6,44,0,50,2,22,48,0,72,38,0,38,110
11/22/2004,PIH,ID,ANM,WE,Federal Contract Tower,2,28,7,0,37,0,3,36,0,39,2,31,43,0,76,62,0,62,138
11/23/2004,PIH,ID,ANM,WE,Federal Contract Tower,2,31,6,0,39,0,7,30,0,37,2,38,36,0,76,80,0,80,156
11/24/2004,PIH,ID,ANM,WE,Federal Contract Tower,2,36,15,0,53,0,4,20,0,24,2,40,35,0,77,62,0,62,139
11/25/2004,PIH,ID,ANM,WE,Federal Contract Tower,0,11,0,0,11,0,0,6,0,6,0,11,6,0,17,0,0,0,17
11/26/2004,PIH,ID,ANM,WE,Federal Contract Tower,2,32,0,0,34,0,0,25,0,25,2,32,25,0,59,36,0,36,95
11/27/2004,PIH,ID,ANM,WE,Federal Contract Tower,2,20,5,0,27,0,0,0,0,0,2,20,5,0,27,0,0,0,27
11/28/2004,PIH,ID,ANM,WE,Federal Contract Tower,2,16,5,0,23,0,2,9,0,11,2,18,14,0,34,20,0,20,54
11/29/2004,PIH,ID,ANM,WE,Federal Contract Tower,2,27,6,0,35,0,1,24,0,25,2,28,30,0,60,16,0,16,76
11/30/2004,PIH,ID,ANM,WE,Federal Contract Tower,2,29,9,0,40,0,9,24,0,33,2,38,33,0,73,30,0,30,103
12/01/2004,PIH,ID,ANM,WE,Federal Contract Tower,2,33,10,0,45,0,3,10,0,13,2,36,20,0,58,38,0,38,96
12/02/2004,PIH,ID,ANM,WE,Federal Contract Tower,2,35,9,0,46,0,7,21,0,28,2,42,30,0,74,60,0,60,134
12/03/2004,PIH,ID,ANM,WE,Federal Contract Tower,2,34,8,0,44,0,8,32,0,40,2,42,40,0,84,40,0,40,124
12/04/2004,PIH,ID,ANM,WE,Federal Contract Tower,3,16,5,0,24,0,8,38,0,46,3,24,43,0,70,33,0,33,103
12/05/2004,PIH,ID,ANM,WE,Federal Contract Tower,2,15,1,0,18,0,5,37,0,42,2,20,38,0,60,36,0,36,96
12/06/2004,PIH,ID,ANM,WE,Federal Contract Tower,2,29,2,0,33,0,6,23,0,29,2,35,25,0,62,62,0,62,124
12/07/2004,PIH,ID,ANM,WE,Federal Contract Tower,2,31,4,0,37,0,5,1,0,6,2,36,5,0,43,20,0,20,63
12/08/2004,PIH,ID,ANM,WE,Federal Contract Tower,2,34,4,0,40,0,0,0,0,0,2,34,4,0,40,0,0,0,40
12/09/2004,PIH,ID,ANM,WE,Federal Contract Tower,2,30,11,0,43,0,1,10,0,11,2,31,21,0,54,19,0,19,73
12/10/2004,PIH,ID,ANM,WE,Federal Contract Tower,2,38,5,0,45,0,2,18,0,20,2,40,23,0,65,50,0,50,115
12/11/2004,PIH,ID,ANM,WE,Federal Contract Tower,2,14,0,0,16,0,10,48,0,58,2,24,48,0,74,44,0,44,118
12/12/2004,PIH,ID,ANM,WE,Federal Contract Tower,2,18,0,0,20,0,5,35,0,40,2,23,35,0,60,42,0,42,102
12/13/2004,PIH,ID,ANM,WE,Federal Contract Tower,2,30,10,0,42,0,10,36,0,46,2,40,46,0,88,42,0,42,130
12/14/2004,PIH,ID,ANM,WE,Federal Contract Tower,2,28,8,2,40,0,12,31,2,45,2,40,39,4,85,38,8,46,131
12/15/2004,PIH,ID,ANM,WE,Federal Contract Tower,2,38,13,1,54,0,0,0,0,0,2,38,13,1,54,44,0,44,98
12/16/2004,PIH,ID,ANM,WE,Federal Contract Tower,3,31,17,0,51,0,7,33,0,40,3,38,50,0,91,30,0,30,121
12/17/2004,PIH,ID,ANM,WE,Federal Contract Tower,3,29,10,0,42,0,13,32,1,46,3,42,42,1,88,60,0,60,148
12/18/2004,PIH,ID,ANM,WE,Federal Contract Tower,2,15,5,0,22,0,13,25,0,38,2,28,30,0,60,16,0,16,76
12/19/2004,PIH,ID,ANM,WE,Federal Contract Tower,2,16,3,0,21,0,0,29,0,29,2,16,32,0,50,34,0,34,84
12/20/2004,PIH,ID,ANM,WE,Federal Contract Tower,2,32,5,0,39,0,0,16,0,16,2,32,21,0,55,28,0,28,83
12/21/2004,PIH,ID,ANM,WE,Federal Contract Tower,2,33,10,0,45,0,0,7,0,7,2,33,17,0,52,0,0,0,52
12/22/2004,PIH,ID,ANM,WE,Federal Contract Tower,2,35,4,0,41,0,6,34,0,40,2,41,38,0,81,26,0,26,107
12/23/2004,PIH,ID,ANM,WE,Federal Contract Tower,2,24,9,0,35,0,17,36,0,53,2,41,45,0,88,39,0,39,127
12/24/2004,PIH,ID,ANM,WE,Federal Contract Tower,0,32,3,0,35,0,10,19,0,29,0,42,22,0,64,10,0,10,74
12/25/2004,PIH,ID,ANM,WE,Federal Contract Tower,0,11,2,0,13,0,0,1,0,1,0,11,3,0,14,8,0,8,22
12/26/2004,PIH,ID,ANM,WE,Federal Contract Tower,2,13,5,0,20,0,0,11,0,11,2,13,16,0,31,10,0,10,41
12/27/2004,PIH,ID,ANM,WE,Federal Contract Tower,2,26,6,0,34,0,2,33,0,35,2,28,39,0,69,46,0,46,115
12/28/2004,PIH,ID,ANM,WE,Federal Contract Tower,2,35,10,2,49,0,9,18,0,27,2,44,28,2,76,10,0,10,86
12/29/2004,PIH,ID,ANM,WE,Federal Contract Tower,2,32,12,0,46,0,12,18,0,30,2,44,30,0,76,26,0,26,102
12/30/2004,PIH,ID,ANM,WE,Federal Contract Tower,2,30,4,0,36,0,10,26,0,36,2,40,30,0,72,30,0,30,102
12/31/2004,PIH,ID,ANM,WE,Federal Contract Tower,0,32,1,0,33,0,4,9,0,13,0,36,10,0,46,10,0,10,56
01/01/2005,PIH,ID,ANM,WE,Federal Contract Tower,2,7,4,0,13,0,0,8,0,8,2,7,12,0,21,0,0,0,21
01/02/2005,PIH,ID,ANM,WE,Federal Contract Tower,2,14,2,0,18,0,0,6,0,6,2,14,8,0,24,0,0,0,24
01/03/2005,PIH,ID,ANM,WE,Federal Contract Tower,2,31,4,0,37,0,5,4,0,9,2,36,8,0,46,0,0,0,46
01/04/2005,PIH,ID,ANM,WE,Federal Contract Tower,2,35,6,2,45,0,9,10,0,19,2,44,16,2,64,0,0,0,64
01/05/2005,PIH,ID,ANM,WE,Federal Contract Tower,2,32,2,0,36,0,2,0,0,2,2,34,2,0,38,0,0,0,38
01/06/2005,PIH,ID,ANM,WE,Federal Contract Tower,2,35,8,0,45,0,1,2,0,3,2,36,10,0,48,10,0,10,58
01/07/2005,PIH,ID,ANM,WE,Federal Contract Tower,2,34,2,0,38,0,0,13,0,13,2,34,15,0,51,26,0,26,77
01/08/2005,PIH,ID,ANM,WE,Federal Contract Tower,0,14,1,0,15,0,0,0,0,0,0,14,1,0,15,0,0,0,15
01/09/2005,PIH,ID,ANM,WE,Federal Contract Tower,2,18,0,0,20,0,0,20,0,20,2,18,20,0,40,12,0,12,52
01/10/2005,PIH,ID,ANM,WE,Federal Contract Tower,2,32,4,0,38,0,2,0,0,2,2,34,4,0,40,0,0,0,40
01/11/2005,PIH,ID,ANM,WE,Federal Contract Tower,2,37,4,0,43,0,0,3,0,3,2,37,7,0,46,0,0,0,46
01/12/2005,PIH,ID,ANM,WE,Federal Contract Tower,2,35,8,0,45,0,1,7,0,8,2,36,15,0,53,0,0,0,53
01/13/2005,PIH,ID,ANM,WE,Federal Contract Tower,2,32,7,0,41,0,1,13,0,14,2,33,20,0,55,10,0,10,65
01/14/2005,PIH,ID,ANM,WE,Federal Contract Tower,2,28,4,0,34,0,1,20,0,21,2,29,24,0,55,20,0,20,75
01/15/2005,PIH,ID,ANM,WE,Federal Contract Tower,2,11,7,0,20,0,0,27,0,27,2,11,34,0,47,36,0,36,83
01/16/2005,PIH,ID,ANM,WE,Federal Contract Tower,1,14,2,0,17,0,0,8,0,8,1,14,10,0,25,20,0,20,45
01/17/2005,PIH,ID,ANM,WE,Federal Contract Tower,0,21,7,0,28,0,4,5,0,9,0,25,12,0,37,12,0,12,49
01/18/2005,PIH,ID,ANM,WE,Federal Contract Tower,2,36,3,0,41,0,3,11,0,14,2,39,14,0,55,14,0,14,69
01/19/2005,PIH,ID,ANM,WE,Federal Contract Tower,2,32,3,0,37,0,7,20,0,27,2,39,23,0,64,36,0,36,100
01/20/2005,PIH,ID,ANM,WE,Federal Contract Tower,10,28,6,0,44,0,6,12,0,18,10,34,18,0,62,12,0,12,74
01/21/2005,PIH,ID,ANM,WE,Federal Contract Tower,0,2,4,0,6,0,0,0,0,0,0,2,4,0,6,0,0,0,6
01/22/2005,PIH,ID,ANM,WE,Federal Contract Tower,2,9,3,0,14,0,0,2,0,2,2,9,5,0,16,10,0,10,26
01/23/2005,PIH,ID,ANM,WE,Federal Contract Tower,2,14,6,0,22,0,5,36,0,41,2,19,42,0,63,32,0,32,95
01/24/2005,PIH,ID,ANM,WE,Federal Contract Tower,2,25,1,0,28,0,13,35,0,48,2,38,36,0,76,52,0,52,128
01/25/2005,PIH,ID,ANM,WE,Federal Contract Tower,2,28,6,2,38,0,9,23,3,35,2,37,29,5,73,20,0,20,93
01/26/2005,PIH,ID,ANM,WE,Federal Contract Tower,2,31,3,2,38,0,9,23,0,32,2,40,26,2,70,24,14,38,108
01/27/2005,PIH,ID,ANM,WE,Federal Contract Tower,2,34,2,2,40,0,0,15,0,15,2,34,17,2,55,30,0,30,85
01/28/2005,PIH,ID,ANM,WE,Federal Contract Tower,2,33,3,0,38,0,0,25,0,25,2,33,28,0,63,20,0,20,83
01/29/2005,PIH,ID,ANM,WE,Federal Contract Tower,2,20,5,0,27,0,0,0,0,0,2,20,5,0,27,0,0,0,27
01/30/2005,PIH,ID,ANM,WE,Federal Contract Tower,2,15,4,0,21,0,0,16,0,16,2,15,20,0,37,20,0,20,57
01/31/2005,PIH,ID,ANM,WE,Federal Contract Tower,2,28,6,0,36,0,6,24,0,30,2,34,30,0,66,16,0,16,82
02/01/2005,PIH,ID,ANM,WE,Federal Contract Tower,2,27,5,0,34,0,6,45,0,51,2,33,50,0,85,20,0,20,105
02/02/2005,PIH,ID,ANM,WE,Federal Contract Tower,2,22,7,0,31,0,1,0,0,1,2,23,7,0,32,0,0,0,32
02/03/2005,PIH,ID,ANM,WE,Federal Contract Tower,0,1,5,0,6,0,0,0,0,0,0,1,5,0,6,0,0,0,6
02/04/2005,PIH,ID,ANM,WE,Federal Contract Tower,2,25,5,0,32,0,15,32,0,47,2,40,37,0,79,30,0,30,109
02/05/2005,PIH,ID,ANM,WE,Federal Contract Tower,2,18,0,0,20,0,3,10,0,13,2,21,10,0,33,20,0,20,53
02/06/2005,PIH,ID,ANM,WE,Federal Contract Tower,2,17,0,0,19,0,0,20,0,20,2,17,20,0,39,18,0,18,57
02/07/2005,PIH,ID,ANM,WE,Federal Contract Tower,2,23,3,0,28,0,10,22,0,32,2,33,25,0,60,23,0,23,83
02/08/2005,PIH,ID,ANM,WE,Federal Contract Tower,2,26,6,0,34,0,12,38,0,50,2,38,44,0,84,43,0,43,127
02/09/2005,PIH,ID,ANM,WE,Federal Contract Tower,2,27,4,0,33,0,13,73,0,86,2,40,77,0,119,66,0,66,185
02/10/2005,PIH,ID,ANM,WE,Federal Contract Tower,2,25,3,2,32,0,15,14,2,31,2,40,17,4,63,52,12,64,127
02/11/2005,PIH,ID,ANM,WE,Federal Contract Tower,2,26,6,0,34,0,7,26,0,33,2,33,32,0,67,56,0,56,123
02/12/2005,PIH,ID,ANM,WE,Federal Contract Tower,2,20,1,0,23,0,0,2,0,2,2,20,3,0,25,0,0,0,25
02/13/2005,PIH,ID,ANM,WE,Federal Contract Tower,2,13,4,0,19,0,3,0,0,3,2,16,4,0,22,0,0,0,22
02/14/2005,PIH,ID,ANM,WE,Federal Contract Tower,2,30,6,0,38,0,6,21,0,27,2,36,27,0,65,21,0,21,86
02/15/2005,PIH,ID,ANM,WE,Federal Contract Tower,2,29,3,0,34,0,10,38,0,48,2,39,41,0,82,36,0,36,118
02/16/2005,PIH,ID,ANM,WE,Federal Contract Tower,2,29,3,0,34,0,10,43,2,55,2,39,46,2,89,84,14,98,187
02/17/2005,PIH,ID,ANM,WE,Federal Contract Tower,2,26,6,0,34,0,9,38,0,47,2,35,44,0,81,48,0,48,129
02/18/2005,PIH,ID,ANM,WE,Federal Contract Tower,2,29,4,1,36,0,6,27,1,34,2,35,31,2,70,46,26,72,142
02/19/2005,PIH,ID,ANM,WE,Federal Contract Tower,2,19,5,0,26,0,0,3,0,3,2,19,8,0,29,0,0,0,29
02/20/2005,PIH,ID,ANM,WE,Federal Contract Tower,2,15,1,0,18,0,3,9,4,16,2,18,10,4,34,0,0,0,34
02/21/2005,PIH,ID,ANM,WE,Federal Contract Tower,2,17,5,0,24,0,19,30,2,51,2,36,35,2,75,40,2,42,117
02/22/2005,PIH,ID,ANM,WE,Federal Contract Tower,2,24,5,0,31,0,5,58,0,63,2,29,63,0,94,84,0,84,178
02/23/2005,PIH,ID,ANM,WE,Federal Contract Tower,2,21,8,0,31,0,16,47,0,63,2,37,55,0,94,68,0,68,162
02/24/2005,PIH,ID,ANM,WE,Federal Contract Tower,2,25,4,0,31,0,15,38,0,53,2,40,42,0,84,70,0,70,154
02/25/2005,PIH,ID,ANM,WE,Federal Contract Tower,2,26,2,0,30,0,10,54,0,64,2,36,56,0,94,80,0,80,174
02/26/2005,PIH,ID,ANM,WE,Federal Contract Tower,2,14,6,0,22,0,6,49,0,55,2,20,55,0,77,54,0,54,131
02/27/2005,PIH,ID,ANM,WE,Federal Contract Tower,2,15,1,0,18,0,3,45,0,48,2,18,46,0,66,34,0,34,100
02/28/2005,PIH,ID,ANM,WE,Federal Contract Tower,2,24,3,0,29,0,10,47,0,57,2,34,50,0,86,60,0,60,146
03/01/2005,PIH,ID,ANM,WE,Federal Contract Tower,2,28,18,0,48,0,20,44,0,64,2,48,62,0,112,60,0,60,172
03/02/2005,PIH,ID,ANM,WE,Federal Contract Tower,2,28,3,0,33,0,13,22,0,35,2,41,25,0,68,44,0,44,112
03/03/2005,PIH,ID,ANM,WE,Federal Contract Tower,2,35,11,0,48,0,6,15,0,21,2,41,26,0,69,6,0,6,75
03/04/2005,PIH,ID,ANM,WE,Federal Contract Tower,2,31,10,0,43,0,9,12,0,21,2,40,22,0,64,8,0,8,72
03/05/2005,PIH,ID,ANM,WE,Federal Contract Tower,2,14,3,0,19,0,2,34,0,36,2,16,37,0,55,16,0,16,71
03/06/2005,PIH,ID,ANM,WE,Federal Contract Tower,2,14,6,0,22,0,4,27,0,31,2,18,33,0,53,30,0,30,83
03/07/2005,PIH,ID,ANM,WE,Federal Contract Tower,2,27,6,0,35,0,9,34,0,43,2,36,40,0,78,60,0,60,138
03/08/2005,PIH,ID,ANM,WE,Federal Contract Tower,2,30,1,0,33,0,7,28,0,35,2,37,29,0,68,56,0,56,124
03/09/2005,PIH,ID,ANM,WE,Federal Contract Tower,2,30,5,4,41,0,9,48,0,57,2,39,53,4,98,43,24,67,165
03/10/2005,PIH,ID,ANM,WE,Federal Contract Tower,2,30,2,0,34,0,9,61,0,70,2,39,63,0,104,68,0,68,172
03/11/2005,PIH,ID,ANM,WE,Federal Contract Tower,2,29,0,0,31,0,12,72,0,84,2,41,72,0,115,30,0,30,145
03/12/2005,PIH,ID,ANM,WE,Federal Contract Tower,2,13,1,0,16,0,5,24,0,29,2,18,25,0,45,22,0,22,67
03/13/2005,PIH,ID,ANM,WE,Federal Contract Tower,2,15,7,0,24,0,5,28,0,33,2,20,35,0,57,18,0,18,75
03/14/2005,PIH,ID,ANM,WE,Federal Contract Tower,2,27,8,0,37,0,9,36,0,45,2,36,44,0,82,26,0,26,108
03/15/2005,PIH,ID,ANM,WE,Federal Contract Tower,2,33,3,4,42,0,9,19,2,30,2,42,22,6,72,8,20,28,100
03/16/2005,PIH,ID,ANM,WE,Federal Contract Tower,2,27,0,3,32,0,16,29,1,46,2,43,29,4,78,26,0,26,104
03/17/2005,PIH,ID,ANM,WE,Federal Contract Tower,2,31,5,1,39,0,5,16,1,22,2,36,21,2,61,28,22,50,111
03/18/2005,PIH,ID,ANM,WE,Federal Contract Tower,2,27,6,0,35,0,6,39,0,45,2,33,45,0,80,90,0,90,170
03/19/2005,PIH,ID,ANM,WE,Federal Contract Tower,2,13,8,0,23,0,7,39,0,46,2,20,47,0,69,44,0,44,113
03/20/2005,PIH,ID,ANM,WE,Federal Contract Tower,2,20,2,0,24,0,0,37,0,37,2,20,39,0,61,23,0,23,84
03/21/2005,PIH,ID,ANM,WE,Federal Contract Tower,2,30,5,0,37,0,6,41,0,47,2,36,46,0,84,40,0,40,124
03/22/2005,PIH,ID,ANM,WE,Federal Contract Tower,2,30,5,0,37,0,4,9,0,13,2,34,14,0,50,0,0,0,50
03/23/2005,PIH,ID,ANM,WE,Federal Contract Tower,2,33,6,0,41,0,0,0,0,0,2,33,6,0,41,28,0,28,69
03/24/2005,PIH,ID,ANM,WE,Federal Contract Tower,2,31,0,0,33,0,15,24,0,39,2,46,24,0,72,72,0,72,144
03/25/2005,PIH,ID,ANM,WE,Federal Contract Tower,2,32,12,0,46,0,9,21,0,30,2,41,33,0,76,32,0,32,108
03/26/2005,PIH,ID,ANM,WE,Federal Contract Tower,2,14,8,0,24,0,7,42,0,49,2,21,50,0,73,54,0,54,127
03/27/2005,PIH,ID,ANM,WE,Federal Contract Tower,2,11,0,0,13,0,3,16,0,19,2,14,16,0,32,18,0,18,50
03/28/2005,PIH,ID,ANM,WE,Federal Contract Tower,2,28,8,0,38,0,6,23,2,31,2,34,31,2,69,17,0,17,86
03/29/2005,PIH,ID,ANM,WE,Federal Contract Tower,2,32,5,2,41,0,7,12,0,19,2,39,17,2,60,10,6,16,76
03/30/2005,PIH,ID,ANM,WE,Federal Contract Tower,2,34,7,1,44,0,3,14,1,18,2,37,21,2,62,32,0,32,94
03/31/2005,PIH,ID,ANM,WE,Federal Contract Tower,2,33,2,0,37,0,3,29,2,34,2,36,31,2,71,16,0,16,87
04/01/2005,PIH,ID,ANM,WE,Federal Contract Tower,2,25,12,0,39,0,17,48,0,65,2,42,60,0,104,82,0,82,186
04/02/2005,PIH,ID,ANM,WE,Federal Contract Tower,2,13,2,0,17,0,7,30,0,37,2,20,32,0,54,14,0,14,68
04/03/2005,PIH,ID,ANM,WE,Federal Contract Tower,2,15,5,0,22,0,5,26,0,31,2,20,31,0,53,16,0,16,69
04/04/2005,PIH,ID,ANM,WE,Federal Contract Tower,2,28,4,0,34,0,0,10,0,10,2,28,14,0,44,20,0,20,64
04/05/2005,PIH,ID,ANM,WE,Federal Contract Tower,2,31,3,0,36,0,5,36,0,41,2,36,39,0,77,60,0,60,137
04/06/2005,PIH,ID,ANM,WE,Federal Contract Tower,2,25,0,0,27,0,8,27,0,35,2,33,27,0,62,50,0,50,112
04/07/2005,PIH,ID,ANM,WE,Federal Contract Tower,2,28,0,0,30,0,3,4,0,7,2,31,4,0,37,18,0,18,55
04/08/2005,PIH,ID,ANM,WE,Federal Contract Tower,2,26,0,0,28,0,9,17,0,26,2,35,17,0,54,38,0,38,92
04/09/2005,PIH,ID,ANM,WE,Federal Contract Tower,2,15,2,0,19,0,1,27,0,28,2,16,29,0,47,26,0,26,73
04/10/2005,PIH,ID,ANM,WE,Federal Contract Tower,2,15,2,0,19,0,2,29,0,31,2,17,31,0,50,30,0,30,80
04/11/2005,PIH,ID,ANM,WE,Federal Contract Tower,2,24,3,0,29,0,10,63,1,74,2,34,66,1,103,54,0,54,157
04/12/2005,PIH,ID,ANM,WE,Federal Contract Tower,2,29,7,1,39,0,6,23,0,29,2,35,30,1,68,36,20,56,124
04/13/2005,PIH,ID,ANM,WE,Federal Contract Tower,2,28,3,1,34,0,7,12,1,20,2,35,15,2,54,20,0,20,74
04/14/2005,PIH,ID,ANM,WE,Federal Contract Tower,2,31,13,5,51,0,3,22,1,26,2,34,35,6,77,12,56,68,145
04/15/2005,PIH,ID,ANM,WE,Federal Contract Tower,2,29,7,0,38,0,20,44,0,64,2,49,51,0,102,112,0,112,214
04/16/2005,PIH,ID,ANM,WE,Federal Contract Tower,2,12,4,0,18,0,15,94,0,109,2,27,98,0,127,54,0,54,181
04/17/2005,PIH,ID,ANM,WE,Federal Contract Tower,2,15,5,0,22,0,7,18,0,25,2,22,23,0,47,20,0,20,67
04/18/2005,PIH,ID,ANM,WE,Federal Contract Tower,2,32,3,0,37,0,5,22,0,27,2,37,25,0,64,50,0,50,114
04/19/2005,PIH,ID,ANM,WE,Federal Contract Tower,2,34,9,0,45,0,1,5,0,6,2,35,14,0,51,0,0,0,51
04/20/2005,PIH,ID,ANM,WE,Federal Contract Tower,2,33,9,2,46,0,2,5,0,7,2,35,14,2,53,33,0,33,86
04/21/2005,PIH,ID,ANM,WE,Federal Contract Tower,2,29,13,0,44,0,11,27,0,38,2,40,40,0,82,62,0,62,144
04/22/2005,PIH,ID,ANM,WE,Federal Contract Tower,2,29,4,2,37,0,5,49,2,56,2,34,53,4,93,74,0,74,167
04/23/2005,PIH,ID,ANM,WE,Federal Contract Tower,2,15,3,0,20,0,5,37,0,42,2,20,40,0,62,62,0,62,124
04/24/2005,PIH,ID,ANM,WE,Federal Contract Tower,2,16,8,0,26,0,4,17,0,21,2,20,25,0,47,10,0,10,57
04/25/2005,PIH,ID,ANM,WE,Federal Contract Tower,2,26,9,0,37,0,12,37,0,49,2,38,46,0,86,30,0,30,116
04/26/2005,PIH,ID,ANM,WE,Federal Contract Tower,2,29,6,0,37,0,10,49,0,59,2,39,55,0,96,56,0,56,152
04/27/2005,PIH,ID,ANM,WE,Federal Contract Tower,2,28,10,0,40,0,13,34,0,47,2,41,44,0,87,28,0,28,115
04/28/2005,PIH,ID,ANM,WE,Federal Contract Tower,2,33,14,0,49,0,15,32,0,47,2,48,46,0,96,26,0,26,122
04/29/2005,PIH,ID,ANM,WE,Federal Contract Tower,2,29,11,0,42,0,8,49,0,57,2,37,60,0,99,50,0,50,149
04/30/2005,PIH,ID,ANM,WE,Federal Contract Tower,2,16,5,0,23,0,2,49,0,51,2,18,54,0,74,46,0,46,120
05/01/2005,PIH,ID,ANM,WE,Federal Contract Tower,2,16,1,0,19,0,3,27,0,30,2,19,28,0,49,8,0,8,57
05/02/2005,PIH,ID,ANM,WE,Federal Contract Tower,2,24,5,0,31,0,14,44,0,58,2,38,49,0,89,56,0,56,145
05/03/2005,PIH,ID,ANM,WE,Federal Contract Tower,2,30,0,0,32,0,10,28,0,38,2,40,28,0,70,28,0,28,98
05/04/2005,PIH,ID,ANM,WE,Federal Contract Tower,2,31,5,0,38,0,14,55,0,69,2,45,60,0,107,44,0,44,151
05/05/2005,PIH,ID,ANM,WE,Federal Contract Tower,2,34,4,0,40,0,4,40,0,44,2,38,44,0,84,36,0,36,120
05/06/2005,PIH,ID,ANM,WE,Federal Contract Tower,4,30,6,3,43,0,9,47,1,57,4,39,53,4,100,54,40,94,194
05/07/2005,PIH,ID,ANM,WE,Federal Contract Tower,2,21,3,0,26,0,0,27,0,27,2,21,30,0,53,24,0,24,77
05/08/2005,PIH,ID,ANM,WE,Federal Contract Tower,2,13,2,0,17,0,2,18,1,21,2,15,20,1,38,30,0,30,68
05/09/2005,PIH,ID,ANM,WE,Federal Contract Tower,2,27,3,0,32,0,4,21,0,25,2,31,24,0,57,20,0,20,77
05/10/2005,PIH,ID,ANM,WE,Federal Contract Tower,2,30,7,0,39,0,15,21,0,36,2,45,28,0,75,36,0,36,111
05/11/2005,PIH,ID,ANM,WE,Federal Contract Tower,2,28,6,0,36,0,17,18,0,35,2,45,24,0,71,24,0,24,95
05/12/2005,PIH,ID,ANM,WE,Federal Contract Tower,2,24,8,0,34,0,7,34,0,41,2,31,42,0,75,60,0,60,135
05/13/2005,PIH,ID,ANM,WE,Federal Contract Tower,2,23,11,0,36,0,20,60,1,81,2,43,71,1,117,48,0,48,165
05/14/2005,PIH,ID,ANM,WE,Federal Contract Tower,2,13,4,0,19,0,6,66,1,73,2,19,70,1,92,50,0,50,142
05/15/2005,PIH,ID,ANM,WE,Federal Contract Tower,2,15,1,0,18,0,4,34,1,39,2,19,35,1,57,50,0,50,107
05/16/2005,PIH,ID,ANM,WE,Federal Contract Tower,2,26,3,0,31,0,4,14,0,18,2,30,17,0,49,36,0,36,85
05/17/2005,PIH,ID,ANM,WE,Federal Contract Tower,2,28,6,0,36,0,11,22,0,33,2,39,28,0,69,76,0,76,145
05/18/2005,PIH,ID,ANM,WE,Federal Contract Tower,2,27,2,0,31,0,10,33,0,43,2,37,35,0,74,24,0,24,98
05/19/2005,PIH,ID,ANM,WE,Federal Contract Tower,2,25,4,2,33,0,7,23,0,30,2,32,27,2,63,100,18,118,181
05/20/2005,PIH,ID,ANM,WE,Federal Contract Tower,2,23,2,2,29,0,13,56,2,71,2,36,58,4,100,62,0,62,162
05/21/2005,PIH,ID,ANM,WE,Federal Contract Tower,2,13,6,0,21,0,9,72,0,81,2,22,78,0,102,40,0,40,142
05/22/2005,PIH,ID,ANM,WE,Federal Contract Tower,2,15,3,0,20,0,5,51,0,56,2,20,54,0,76,46,0,46,122
05/23/2005,PIH,ID,ANM,WE,Federal Contract Tower,2,25,2,0,29,0,6,26,0,32,2,31,28,0,61,72,0,72,133
05/24/2005,PIH,ID,ANM,WE,Federal Contract Tower,2,31,3,0,36,0,8,80,0,88,2,39,83,0,124,110,0,110,234
05/25/2005,PIH,ID,ANM,WE,Federal Contract Tower,2,26,6,0,34,0,5,76,0,81,2,31,82,0,115,76,0,76,191
05/26/2005,PIH,ID,ANM,WE,Federal Contract Tower,2,30,4,0,36,0,6,56,0,62,2,36,60,0,98,90,0,90,188
05/27/2005,PIH,ID,ANM,WE,Federal Contract Tower,2,28,5,0,35,0,11,59,0,70,2,39,64,0,105,72,0,72,177
05/28/2005,PIH,ID,ANM,WE,Federal Contract Tower,2,11,4,0,17,0,11,41,0,52,2,22,45,0,69,36,0,36,105
05/29/2005,PIH,ID,ANM,WE,Federal Contract Tower,0,18,1,0,19,0,3,8,0,11,0,21,9,0,30,24,0,24,54
05/30/2005,PIH,ID,ANM,WE,Federal Contract Tower,2,11,4,0,17,0,0,28,0,28,2,11,32,0,45,18,0,18,63
05/31/2005,PIH,ID,ANM,WE,Federal Contract Tower,2,21,5,0,28,0,14,37,0,51,2,35,42,0,79,50,0,50,129
06/01/2005,PIH,ID,ANM,WE,Federal Contract Tower,2,34,4,0,40,0,5,20,0,25,2,39,24,0,65,24,0,24,89
06/02/2005,PIH,ID,ANM,WE,Federal Contract Tower,2,30,5,0,37,0,10,53,0,63,2,40,58,0,100,66,0,66,166
06/03/2005,PIH,ID,ANM,WE,Federal Contract Tower,2,30,0,0,32,0,11,48,0,59,2,41,48,0,91,58,0,58,149
06/04/2005,PIH,ID,ANM,WE,Federal Contract Tower,2,14,6,0,22,0,9,56,0,65,2,23,62,0,87,38,0,38,125
06/05/2005,PIH,ID,ANM,WE,Federal Contract Tower,2,16,0,0,18,0,2,40,0,42,2,18,40,0,60,38,0,38,98
06/06/2005,PIH,ID,ANM,WE,Federal Contract Tower,2,27,5,0,34,0,8,21,0,29,2,35,26,0,63,46,0,46,109
06/07/2005,PIH,ID,ANM,WE,Federal Contract Tower,4,27,8,0,39,0,12,18,0,30,4,39,26,0,69,0,0,0,69
06/08/2005,PIH,ID,ANM,WE,Federal Contract Tower,2,30,16,3,51,0,6,37,1,44,2,36,53,4,95,22,4,26,121
06/09/2005,PIH,ID,ANM,WE,Federal Contract Tower,2,26,6,4,38,0,6,51,0,57,2,32,57,4,95,52,10,62,157
06/10/2005,PIH,ID,ANM,WE,Federal Contract Tower,2,30,6,0,38,0,6,49,0,55,2,36,55,0,93,46,0,46,139
06/11/2005,PIH,ID,ANM,WE,Federal Contract Tower,2,17,2,0,21,0,7,53,1,61,2,24,55,1,82,30,0,30,112
06/12/2005,PIH,ID,ANM,WE,Federal Contract Tower,2,19,2,0,23,0,3,10,0,13,2,22,12,0,36,0,0,0,36
06/13/2005,PIH,ID,ANM,WE,Federal Contract Tower,2,25,5,0,32,0,9,40,0,49,2,34,45,0,81,40,0,40,121
06/14/2005,PIH,ID,ANM,WE,Federal Contract Tower,2,26,7,0,35,0,5,19,0,24,2,31,26,0,59,32,0,32,91
06/15/2005,PIH,ID,ANM,WE,Federal Contract Tower,2,27,9,0,38,0,4,35,0,39,2,31,44,0,77,40,0,40,117
06/16/2005,PIH,ID,ANM,WE,Federal Contract Tower,2,24,5,0,31,0,8,47,0,55,2,32,52,0,86,50,0,50,136
06/17/2005,PIH,ID,ANM,WE,Federal Contract Tower,2,23,9,0,34,0,22,42,0,64,2,45,51,0,98,38,0,38,136
06/18/2005,PIH,ID,ANM,WE,Federal Contract Tower,2,15,8,0,25,0,10,37,1,48,2,25,45,1,73,30,0,30,103
06/19/2005,PIH,ID,ANM,WE,Federal Contract Tower,0,18,4,0,22,0,3,34,0,37,0,21,38,0,59,16,0,16,75
06/20/2005,PIH,ID,ANM,WE,Federal Contract Tower,0,25,3,0,28,0,7,36,0,43,0,32,39,0,71,40,0,40,111
06/21/2005,PIH,ID,ANM,WE,Federal Contract Tower,0,30,5,0,35,0,8,23,0,31,0,38,28,0,66,24,0,24,90
06/22/2005,PIH,ID,ANM,WE,Federal Contract Tower,2,31,2,0,35,0,17,39,0,56,2,48,41,0,91,44,0,44,135
06/23/2005,PIH,ID,ANM,WE,Federal Contract Tower,0,27,10,0,37,0,18,37,0,55,0,45,47,0,92,50,0,50,142
06/24/2005,PIH,ID,ANM,WE,Federal Contract Tower,0,26,7,0,33,0,16,64,2,82,0,42,71,2,115,94,4,98,213
06/25/2005,PIH,ID,ANM,WE,Federal Contract Tower,0,18,5,0,23,0,0,45,0,45,0,18,50,0,68,20,0,20,88
06/26/2005,PIH,ID,ANM,WE,Federal Contract Tower,0,20,1,0,21,0,2,32,0,34,0,22,33,0,55,42,0,42,97
06/27/2005,PIH,ID,ANM,WE,Federal Contract Tower,0,26,8,0,34,0,22,73,0,95,0,48,81,0,129,90,0,90,219
06/28/2005,PIH,ID,ANM,WE,Federal Contract Tower,0,25,1,2,28,0,5,24,0,29,0,30,25,2,57,12,20,32,89
06/29/2005,PIH,ID,ANM,WE,Federal Contract Tower,0,26,9,2,37,0,30,66,0,96,0,56,75,2,133,78,0,78,211
06/30/2005,PIH,ID,ANM,WE,Federal Contract Tower,0,25,10,0,35,0,8,49,0,57,0,33,59,0,92,88,0,88,180
07/01/2005,PIH,ID,ANM,WE,Federal Contract Tower,0,30,8,2,40,0,8,70,2,80,0,38,78,4,120,68,16,84,204
07/02/2005,PIH,ID,ANM,WE,Federal Contract Tower,4,20,0,0,24,0,10,60,0,70,4,30,60,0,94,80,0,80,174
07/03/2005,PIH,ID,ANM,WE,Federal Contract Tower,0,17,2,0,19,0,3,48,0,51,0,20,50,0,70,68,0,68,138
07/04/2005,PIH,ID,ANM,WE,Federal Contract Tower,0,14,2,0,16,0,11,59,5,75,0,25,61,5,91,74,0,74,165
07/05/2005,PIH,ID,ANM,WE,Federal Contract Tower,0,24,7,1,32,0,15,59,0,74,0,39,66,1,106,38,0,38,144
07/06/2005,PIH,ID,ANM,WE,Federal Contract Tower,0,26,1,2,29,0,22,63,0,85,0,48,64,2,114,50,0,50,164
07/07/2005,PIH,ID,ANM,WE,Federal Contract Tower,0,25,4,0,29,0,21,78,0,99,0,46,82,0,128,98,0,98,226
07/08/2005,PIH,ID,ANM,WE,Federal Contract Tower,0,24,8,0,32,0,13,65,0,78,0,37,73,0,110,122,0,122,232
07/09/2005,PIH,ID,ANM,WE,Federal Contract Tower,0,19,4,0,23,0,7,56,0,63,0,26,60,0,86,110,0,110,196
07/10/2005,PIH,ID,ANM,WE,Federal Contract Tower,0,19,3,0,22,0,5,56,0,61,0,24,59,0,83,40,0,40,123
07/11/2005,PIH,ID,ANM,WE,Federal Contract Tower,0,23,7,0,30,0,19,58,0,77,0,42,65,0,107,61,0,61,168
07/12/2005,PIH,ID,ANM,WE,Federal Contract Tower,0,29,5,0,34,0,22,50,0,72,0,51,55,0,106,56,0,56,162
07/13/2005,PIH,ID,ANM,WE,Federal Contract Tower,0,25,5,0,30,0,22,61,0,83,0,47,66,0,113,54,0,54,167
07/14/2005,PIH,ID,ANM,WE,Federal Contract Tower,0,22,6,2,30,0,16,50,0,66,0,38,56,2,96,58,16,74,170
07/15/2005,PIH,ID,ANM,WE,Federal Contract Tower,0,30,13,0,43,0,12,62,0,74,0,42,75,0,117,62,0,62,179
07/16/2005,PIH,ID,ANM,WE,Federal Contract Tower,2,18,8,0,28,0,9,75,0,84,2,27,83,0,112,58,0,58,170
07/17/2005,PIH,ID,ANM,WE,Federal Contract Tower,0,20,3,0,23,0,6,41,0,47,0,26,44,0,70,30,0,30,100
07/18/2005,PIH,ID,ANM,WE,Federal Contract Tower,0,20,6,0,26,0,18,48,0,66,0,38,54,0,92,32,0,32,124
07/19/2005,PIH,ID,ANM,WE,Federal Contract Tower,2,28,6,6,42,0,15,45,0,60,2,43,51,6,102,78,66,144,246
07/20/2005,PIH,ID,ANM,WE,Federal Contract Tower,0,23,7,2,32,0,13,86,0,99,0,36,93,2,131,100,16,116,247
07/21/2005,PIH,ID,ANM,WE,Federal Contract Tower,0,25,7,2,34,0,16,72,0,88,0,41,79,2,122,54,22,76,198
07/22/2005,PIH,ID,ANM,WE,Federal Contract Tower,0,23,8,0,31,0,9,49,2,60,0,32,57,2,91,34,2,36,127
07/23/2005,PIH,ID,ANM,WE,Federal Contract Tower,0,16,7,0,23,2,38,83,0,123,2,54,90,0,146,81,0,81,227
07/24/2005,PIH,ID,ANM,WE,Federal Contract Tower,0,16,2,0,18,0,6,50,0,56,0,22,52,0,74,50,0,50,124
07/25/2005,PIH,ID,ANM,WE,Federal Contract Tower,0,16,2,0,18,0,24,40,0,64,0,40,42,0,82,42,0,42,124
07/26/2005,PIH,ID,ANM,WE,Federal Contract Tower,0,25,4,0,29,0,10,43,0,53,0,35,47,0,82,36,0,36,118
07/27/2005,PIH,ID,ANM,WE,Federal Contract Tower,0,24,3,0,27,0,19,62,0,81,0,43,65,0,108,24,0,24,132
07/28/2005,PIH,ID,ANM,WE,Federal Contract Tower,0,25,11,2,38,0,13,56,2,71,0,38,67,4,109,46,18,64,173
07/29/2005,PIH,ID,ANM,WE,Federal Contract Tower,0,24,5,2,31,0,9,49,2,60,0,33,54,4,91,30,28,58,149
07/30/2005,PIH,ID,ANM,WE,Federal Contract Tower,2,16,8,0,26,0,4,69,0,73,2,20,77,0,99,52,0,52,151
07/31/2005,PIH,ID,ANM,WE,Federal Contract Tower,0,19,5,0,24,0,6,38,0,44,0,25,43,0,68,40,0,40,108
08/01/2005,PIH,ID,ANM,WE,Federal Contract Tower,0,22,3,0,25,0,19,53,0,72,0,41,56,0,97,42,0,42,139
08/02/2005,PIH,ID,ANM,WE,Federal Contract Tower,2,25,5,2,34,0,11,62,0,73,2,36,67,2,107,44,16,60,167
08/03/2005,PIH,ID,ANM,WE,Federal Contract Tower,0,22,8,1,31,0,14,60,9,83,0,36,68,10,114,50,16,66,180
08/04/2005,PIH,ID,ANM,WE,Federal Contract Tower,0,22,6,2,30,0,15,50,1,66,0,37,56,3,96,78,0,78,174
08/05/2005,PIH,ID,ANM,WE,Federal Contract Tower,0,21,3,0,24,0,17,79,0,96,0,38,82,0,120,80,0,80,200
08/06/2005,PIH,ID,ANM,WE,Federal Contract Tower,0,19,4,0,23,0,15,104,0,119,0,34,108,0,142,68,0,68,210
08/07/2005,PIH,ID,ANM,WE,Federal Contract Tower,0,17,0,0,17,0,15,64,0,79,0,32,64,0,96,74,0,74,170
08/08/2005,PIH,ID,ANM,WE,Federal Contract Tower,0,19,2,0,21,0,11,46,0,57,0,30,48,0,78,32,0,32,110
08/09/2005,PIH,ID,ANM,WE,Federal Contract Tower,0,22,7,0,29,0,41,64,0,105,0,63,71,0,134,62,0,62,196
08/10/2005,PIH,ID,ANM,WE,Federal Contract Tower,0,27,12,0,39,0,67,49,0,116,0,94,61,0,155,55,0,55,210
08/11/2005,PIH,ID,ANM,WE,Federal Contract Tower,0,22,9,0,31,0,32,59,0,91,0,54,68,0,122,60,0,60,182
08/12/2005,PIH,ID,ANM,WE,Federal Contract Tower,0,22,4,2,28,0,33,86,2,121,0,55,90,4,149,90,22,112,261
08/13/2005,PIH,ID,ANM,WE,Federal Contract Tower,0,19,6,0,25,0,9,56,2,67,0,28,62,2,92,42,0,42,134
08/14/2005,PIH,ID,ANM,WE,Federal Contract Tower,0,17,7,0,24,0,9,44,0,53,0,26,51,0,77,28,0,28,105
08/15/2005,PIH,ID,ANM,WE,Federal Contract Tower,0,23,6,0,29,0,23,54,0,77,0,46,60,0,106,40,0,40,146
08/16/2005,PIH,ID,ANM,WE,Federal Contract Tower,0,25,13,2,40,0,12,24,0,36,0,37,37,2,76,34,26,60,136
08/17/2005,PIH,ID,ANM,WE,Federal Contract Tower,0,24,6,0,30,0,16,46,0,62,0,40,52,0,92,48,0,48,140
08/18/2005,PIH,ID,ANM,WE,Federal Contract Tower,0,22,6,0,28,0,19,58,0,77,0,41,64,0,105,38,0,38,143
08/19/2005,PIH,ID,ANM,WE,Federal Contract Tower,0,25,7,0,32,0,18,47,0,65,0,43,54,0,97,14,0,14,111
08/20/2005,PIH,ID,ANM,WE,Federal Contract Tower,0,15,1,0,16,0,9,60,0,69,0,24,61,0,85,70,0,70,155
08/21/2005,PIH,ID,ANM,WE,Federal Contract Tower,0,19,9,0,28,0,6,45,0,51,0,25,54,0,79,56,0,56,135
08/22/2005,PIH,ID,ANM,WE,Federal Contract Tower,0,25,8,0,33,0,35,42,0,77,0,60,50,0,110,30,0,30,140
08/23/2005,PIH,ID,ANM,WE,Federal Contract Tower,0,22,5,2,29,0,56,42,0,98,0,78,47,2,127,44,14,58,185
08/24/2005,PIH,ID,ANM,WE,Federal Contract Tower,0,25,3,2,30,0,35,65,2,102,0,60,68,4,132,70,20,90,222
08/25/2005,PIH,ID,ANM,WE,Federal Contract Tower,0,21,4,0,25,0,27,51,1,79,0,48,55,1,104,74,0,74,178
08/26/2005,PIH,ID,ANM,WE,Federal Contract Tower,0,20,4,0,24,0,15,40,2,57,0,35,44,2,81,16,0,16,97
08/27/2005,PIH,ID,ANM,WE,Federal Contract Tower,0,17,1,0,18,0,9,66,2,77,0,26,67,2,95,32,0,32,127
08/28/2005,PIH,ID,ANM,WE,Federal Contract Tower,0,16,3,0,19,0,5,33,0,38,0,21,36,0,57,34,0,34,91
08/29/2005,PIH,ID,ANM,WE,Federal Contract Tower,0,20,11,0,31,8,18,52,1,79,8,38,63,1,110,58,10,68,178
08/30/2005,PIH,ID,ANM,WE,Federal Contract Tower,0,24,4,0,28,0,17,61,0,78,0,41,65,0,106,46,0,46,152
08/31/2005,PIH,ID,ANM,WE,Federal Contract Tower,0,22,11,0,33,2,16,48,0,66,2,38,59,0,99,56,0,56,155
09/01/2005,PIH,ID,ANM,WE,Federal Contract Tower,0,24,13,0,37,0,45,39,0,84,0,69,52,0,121,48,0,48,169
09/02/2005,PIH,ID,ANM,WE,Federal Contract Tower,7,24,7,0,38,0,9,55,0,64,7,33,62,0,102,20,0,20,122
09/03/2005,PIH,ID,ANM,WE,Federal Contract Tower,1,17,4,0,22,0,9,26,0,35,1,26,30,0,57,12,0,12,69
09/04/2005,PIH,ID,ANM,WE,Federal Contract Tower,0,16,3,0,19,40,131,60,0,231,40,147,63,0,250,32,0,32,282
09/05/2005,PIH,ID,ANM,WE,Federal Contract Tower,0,15,3,0,18,54,158,47,0,259,54,173,50,0,277,28,0,28,305
09/06/2005,PIH,ID,ANM,WE,Federal Contract Tower,0,20,8,0,28,48,78,71,0,197,48,98,79,0,225,42,0,42,267
09/07/2005,PIH,ID,ANM,WE,Federal Contract Tower,0,26,11,0,37,8,58,97,0,163,8,84,108,0,200,34,0,34,234
09/08/2005,PIH,ID,ANM,WE,Federal Contract Tower,0,24,11,0,35,6,36,75,0,117,6,60,86,0,152,40,0,40,192
09/09/2005,PIH,ID,ANM,WE,Federal Contract Tower,5,23,7,0,35,1,46,48,0,95,6,69,55,0,130,48,0,48,178
09/10/2005,PIH,ID,ANM,WE,Federal Contract Tower,0,20,6,1,27,2,10,44,2,58,2,30,50,3,85,0,0,0,85
09/11/2005,PIH,ID,ANM,WE,Federal Contract Tower,0,18,1,1,20,0,6,39,0,45,0,24,40,1,65,34,2,36,101
09/12/2005,PIH,ID,ANM,WE,Federal Contract Tower,0,28,5,0,33,0,6,46,0,52,0,34,51,0,85,48,0,48,133
09/13/2005,PIH,ID,ANM,WE,Federal Contract Tower,0,22,6,1,29,0,18,59,2,79,0,40,65,3,108,64,0,64,172
09/14/2005,PIH,ID,ANM,WE,Federal Contract Tower,0,26,6,2,34,0,26,53,0,79,0,52,59,2,113,10,16,26,139
09/15/2005,PIH,ID,ANM,WE,Federal Contract Tower,0,25,0,0,25,0,16,63,2,81,0,41,63,2,106,44,16,60,166
09/16/2005,PIH,ID,ANM,WE,Federal Contract Tower,0,30,4,0,34,0,52,64,0,116,0,82,68,0,150,46,0,46,196
09/17/2005,PIH,ID,ANM,WE,Federal Contract Tower,0,24,3,0,27,0,12,26,0,38,0,36,29,0,65,34,0,34,99
09/18/2005,PIH,ID,ANM,WE,Federal Contract Tower,0,15,6,0,21,0,9,36,0,45,0,24,42,0,66,24,0,24,90
09/19/2005,PIH,ID,ANM,WE,Federal Contract Tower,0,22,7,0,29,0,21,49,0,70,0,43,56,0,99,48,0,48,147
09/20/2005,PIH,ID,ANM,WE,Federal Contract Tower,0,31,9,0,40,0,13,47,0,60,0,44,56,0,100,34,0,34,134
09/21/2005,PIH,ID,ANM,WE,Federal Contract Tower,0,30,2,0,32,0,16,38,0,54,0,46,40,0,86,20,0,20,106
09/22/2005,PIH,ID,ANM,WE,Federal Contract Tower,0,24,2,0,26,0,14,47,0,61,0,38,49,0,87,40,0,40,127
09/23/2005,PIH,ID,ANM,WE,Federal Contract Tower,0,29,3,0,32,0,8,51,0,59,0,37,54,0,91,40,0,40,131
09/24/2005,PIH,ID,ANM,WE,Federal Contract Tower,0,21,4,0,25,0,5,26,0,31,0,26,30,0,56,34,0,34,90
09/25/2005,PIH,ID,ANM,WE,Federal Contract Tower,0,15,3,0,18,0,0,22,0,22,0,15,25,0,40,0,0,0,40
09/26/2005,PIH,ID,ANM,WE,Federal Contract Tower,0,24,7,0,31,0,12,71,4,87,0,36,78,4,118,128,2,130,248
09/27/2005,PIH,ID,ANM,WE,Federal Contract Tower,0,27,7,0,34,0,14,42,0,56,0,41,49,0,90,98,0,98,188
09/28/2005,PIH,ID,ANM,WE,Federal Contract Tower,0,24,14,0,38,0,19,41,0,60,0,43,55,0,98,44,0,44,142
09/29/2005,PIH,ID,ANM,WE,Federal Contract Tower,0,25,11,0,36,0,15,60,0,75,0,40,71,0,111,76,0,76,187
09/30/2005,PIH,ID,ANM,WE,Federal Contract Tower,0,24,6,0,30,0,11,50,0,61,0,35,56,0,91,42,0,42,133
10/01/2005,PIH,ID,ANM,WE,Federal Contract Tower,0,19,3,0,22,0,2,14,0,16,0,21,17,0,38,26,0,26,64
10/02/2005,PIH,ID,ANM,WE,Federal Contract Tower,0,16,1,0,17,0,0,21,0,21,0,16,22,0,38,34,0,34,72
10/03/2005,PIH,ID,ANM,WE,Federal Contract Tower,0,28,1,0,29,0,14,52,0,66,0,42,53,0,95,75,0,75,170
10/04/2005,PIH,ID,ANM,WE,Federal Contract Tower,0,35,15,0,50,0,5,27,0,32,0,40,42,0,82,121,0,121,203
10/05/2005,PIH,ID,ANM,WE,Federal Contract Tower,0,29,9,0,38,0,9,31,0,40,0,38,40,0,78,66,0,66,144
10/06/2005,PIH,ID,ANM,WE,Federal Contract Tower,0,33,7,0,40,0,10,44,2,56,0,43,51,2,96,28,0,28,124
10/07/2005,PIH,ID,ANM,WE,Federal Contract Tower,0,34,6,2,42,0,7,47,10,64,0,41,53,12,106,88,24,112,218
10/08/2005,PIH,ID,ANM,WE,Federal Contract Tower,0,17,2,0,19,0,0,18,0,18,0,17,20,0,37,20,0,20,57
10/09/2005,PIH,ID,ANM,WE,Federal Contract Tower,0,14,4,0,18,0,4,36,0,40,0,18,40,0,58,30,0,30,88
10/10/2005,PIH,ID,ANM,WE,Federal Contract Tower,0,19,10,0,29,0,9,71,0,80,0,28,81,0,109,90,0,90,199
10/11/2005,PIH,ID,ANM,WE,Federal Contract Tower,0,27,9,0,36,0,13,68,0,81,0,40,77,0,117,94,0,94,211
10/12/2005,PIH,ID,ANM,WE,Federal Contract Tower,0,25,12,2,39,0,15,27,2,44,0,40,39,4,83,36,28,64,147
10/13/2005,PIH,ID,ANM,WE,Federal Contract Tower,0,24,8,0,32,0,10,41,0,51,0,34,49,0,83,48,0,48,131
10/14/2005,PIH,ID,ANM,WE,Federal Contract Tower,0,28,2,0,30,0,24,57,0,81,0,52,59,0,111,62,0,62,173
10/15/2005,PIH,ID,ANM,WE,Federal Contract Tower,0,17,3,0,20,0,2,46,0,48,0,19,49,0,68,66,0,66,134
10/16/2005,PIH,ID,ANM,WE,Federal Contract Tower,0,13,7,0,20,0,7,47,0,54,0,20,54,0,74,14,0,14,88
10/17/2005,PIH,ID,ANM,WE,Federal Contract Tower,0,25,9,0,34,0,15,51,0,66,0,40,60,0,100,30,0,30,130
10/18/2005,PIH,ID,ANM,WE,Federal Contract Tower,0,30,2,0,32,0,12,55,0,67,0,42,57,0,99,82,0,82,181
10/19/2005,PIH,ID,ANM,WE,Federal Contract Tower,0,27,4,0,31,0,13,46,0,59,0,40,50,0,90,62,0,62,152
10/20/2005,PIH,ID,ANM,WE,Federal Contract Tower,0,30,2,1,33,0,9,36,1,46,0,39,38,2,79,44,8,52,131
10/21/2005,PIH,ID,ANM,WE,Federal Contract Tower,2,29,4,0,35,0,11,50,0,61,2,40,54,0,96,62,0,62,158
10/22/2005,PIH,ID,ANM,WE,Federal Contract Tower,0,14,1,0,15,0,7,55,0,62,0,21,56,0,77,110,0,110,187
10/23/2005,PIH,ID,ANM,WE,Federal Contract Tower,0,13,5,0,18,0,8,65,0,73,0,21,70,0,91,60,0,60,151
10/24/2005,PIH,ID,ANM,WE,Federal Contract Tower,0,26,6,0,32,0,14,50,0,64,0,40,56,0,96,110,0,110,206
10/25/2005,PIH,ID,ANM,WE,Federal Contract Tower,0,29,15,0,44,0,11,68,0,79,0,40,83,0,123,57,0,57,180
10/26/2005,PIH,ID,ANM,WE,Federal Contract Tower,0,29,8,0,37,0,12,43,0,55,0,41,51,0,92,56,0,56,148
10/27/2005,PIH,ID,ANM,WE,Federal Contract Tower,0,35,18,0,53,0,4,15,0,19,0,39,33,0,72,30,0,30,102
10/28/2005,PIH,ID,ANM,WE,Federal Contract Tower,0,33,7,2,42,0,9,41,2,52,0,42,48,4,94,50,0,50,144
10/29/2005,PIH,ID,ANM,WE,Federal Contract Tower,0,19,3,0,22,0,0,18,0,18,0,19,21,0,40,0,0,0,40
10/30/2005,PIH,ID,ANM,WE,Federal Contract Tower,0,9,0,0,9,0,10,58,2,70,0,19,58,2,79,85,0,85,164
10/31/2005,PIH,ID,ANM,WE,Federal Contract Tower,0,31,6,0,37,0,13,39,0,52,0,44,45,0,89,45,0,45,134
11/01/2005,PIH,ID,ANM,WE,Federal Contract Tower,0,32,1,0,33,0,10,39,0,49,0,42,40,0,82,46,0,46,128
11/02/2005,PIH,ID,ANM,WE,Federal Contract Tower,0,32,6,0,38,0,12,25,0,37,0,44,31,0,75,50,0,50,125
11/03/2005,PIH,ID,ANM,WE,Federal Contract Tower,0,35,3,0,38,0,7,28,0,35,0,42,31,0,73,32,0,32,105
11/04/2005,PIH,ID,ANM,WE,Federal Contract Tower,0,35,6,0,41,0,6,29,0,35,0,41,35,0,76,22,0,22,98
11/05/2005,PIH,ID,ANM,WE,Federal Contract Tower,2,15,2,0,19,0,5,31,4,40,2,20,33,4,59,30,0,30,89
11/06/2005,PIH,ID,ANM,WE,Federal Contract Tower,0,14,5,0,19,0,2,30,0,32,0,16,35,0,51,14,0,14,65
11/07/2005,PIH,ID,ANM,WE,Federal Contract Tower,0,30,3,0,33,0,10,37,0,47,0,40,40,0,80,36,0,36,116
11/08/2005,PIH,ID,ANM,WE,Federal Contract Tower,0,34,7,1,42,0,3,23,1,27,0,37,30,2,69,30,0,30,99
11/09/2005,PIH,ID,ANM,WE,Federal Contract Tower,0,31,12,0,43,0,12,48,0,60,0,43,60,0,103,72,0,72,175
11/10/2005,PIH,ID,ANM,WE,Federal Contract Tower,0,29,8,0,37,0,9,60,0,69,0,38,68,0,106,76,0,76,182
11/11/2005,PIH,ID,ANM,WE,Federal Contract Tower,2,22,8,0,32,0,0,31,0,31,2,22,39,0,63,56,0,56,119
11/12/2005,PIH,ID,ANM,WE,Federal Contract Tower,0,16,4,0,20,0,0,16,0,16,0,16,20,0,36,0,0,0,36
11/13/2005,PIH,ID,ANM,WE,Federal Contract Tower,0,19,3,0,22,0,0,5,0,5,0,19,8,0,27,10,0,10,37
11/14/2005,PIH,ID,ANM,WE,Federal Contract Tower,0,33,8,0,41,0,3,7,0,10,0,36,15,0,51,0,0,0,51
11/15/2005,PIH,ID,ANM,WE,Federal Contract Tower,0,30,4,0,34,0,12,66,0,78,0,42,70,0,112,75,0,75,187
11/16/2005,PIH,ID,ANM,WE,Federal Contract Tower,0,30,7,0,37,0,10,53,0,63,0,40,60,0,100,52,0,52,152
11/17/2005,PIH,ID,ANM,WE,Federal Contract Tower,0,29,9,0,38,0,20,56,0,76,0,49,65,0,114,48,0,48,162
11/18/2005,PIH,ID,ANM,WE,Federal Contract Tower,4,26,10,0,40,0,22,60,4,86,4,48,70,4,126,58,0,58,184
11/19/2005,PIH,ID,ANM,WE,Federal Contract Tower,0,16,3,0,19,0,8,57,0,65,0,24,60,0,84,50,0,50,134
11/20/2005,PIH,ID,ANM,WE,Federal Contract Tower,0,13,4,0,17,0,7,38,0,45,0,20,42,0,62,33,0,33,95
11/21/2005,PIH,ID,ANM,WE,Federal Contract Tower,0,25,2,1,28,0,13,38,1,52,0,38,40,2,80,78,30,108,188
11/22/2005,PIH,ID,ANM,WE,Federal Contract Tower,0,33,5,0,38,0,13,45,0,58,0,46,50,0,96,60,0,60,156
11/23/2005,PIH,ID,ANM,WE,Federal Contract Tower,0,32,5,0,37,0,12,67,0,79,0,44,72,0,116,84,0,84,200
11/24/2005,PIH,ID,ANM,WE,Federal Contract Tower,0,9,0,0,9,0,3,26,0,29,0,12,26,0,38,0,0,0,38
11/25/2005,PIH,ID,ANM,WE,Federal Contract Tower,0,30,0,0,30,0,9,51,0,60,0,39,51,0,90,62,0,62,152
11/26/2005,PIH,ID,ANM,WE,Federal Contract Tower,0,12,3,0,15,0,0,0,0,0,0,12,3,0,15,0,0,0,15
11/27/2005,PIH,ID,ANM,WE,Federal Contract Tower,0,17,5,0,22,0,3,31,0,34,0,20,36,0,56,22,0,22,78
11/28/2005,PIH,ID,ANM,WE,Federal Contract Tower,0,26,3,0,29,0,14,27,0,41,0,40,30,0,70,50,0,50,120
11/29/2005,PIH,ID,ANM,WE,Federal Contract Tower,0,45,4,0,49,0,4,4,0,8,0,49,8,0,57,16,0,16,73
11/30/2005,PIH,ID,ANM,WE,Federal Contract Tower,0,32,4,0,36,0,10,30,0,40,0,42,34,0,76,26,0,26,102
12/01/2005,PIH,ID,ANM,WE,Federal Contract Tower,0,39,7,0,46,0,0,0,0,0,0,39,7,0,46,0,0,0,46
12/02/2005,PIH,ID,ANM,WE,Federal Contract Tower,0,36,2,0,38,0,5,12,0,17,0,41,14,0,55,32,0,32,87
12/03/2005,PIH,ID,ANM,WE,Federal Contract Tower,0,23,4,0,27,0,1,3,0,4,0,24,7,0,31,24,0,24,55
12/04/2005,PIH,ID,ANM,WE,Federal Contract Tower,0,18,0,0,18,0,1,23,0,24,0,19,23,0,42,42,0,42,84
12/05/2005,PIH,ID,ANM,WE,Federal Contract Tower,0,33,5,0,38,0,4,36,0,40,0,37,41,0,78,35,0,35,113
12/06/2005,PIH,ID,ANM,WE,Federal Contract Tower,0,34,12,0,46,0,1,9,0,10,0,35,21,0,56,24,0,24,80
12/07/2005,PIH,ID,ANM,WE,Federal Contract Tower,0,31,7,0,38,0,5,32,0,37,0,36,39,0,75,40,0,40,115
12/08/2005,PIH,ID,ANM,WE,Federal Contract Tower,0,29,6,0,35,0,8,36,0,44,0,37,42,0,79,36,0,36,115
12/09/2005,PIH,ID,ANM,WE,Federal Contract Tower,0,31,2,0,33,0,9,48,0,57,0,40,50,0,90,80,0,80,170
12/10/2005,PIH,ID,ANM,WE,Federal Contract Tower,2,18,0,0,20,0,4,37,0,41,2,22,37,0,61,68,0,68,129
12/11/2005,PIH,ID,ANM,WE,Federal Contract Tower,0,14,2,0,16,0,2,16,0,18,0,16,18,0,34,26,0,26,60
12/12/2005,PIH,ID,ANM,WE,Federal Contract Tower,0,28,7,0,35,0,5,17,0,22,0,33,24,0,57,14,0,14,71
12/13/2005,PIH,ID,ANM,WE,Federal Contract Tower,0,37,9,0,46,0,2,0,0,2,0,39,9,0,48,0,0,0,48
12/14/2005,PIH,ID,ANM,WE,Federal Contract Tower,0,29,6,0,35,0,1,13,0,14,0,30,19,0,49,12,0,12,61
12/15/2005,PIH,ID,ANM,WE,Federal Contract Tower,0,33,8,0,41,0,4,19,0,23,0,37,27,0,64,10,0,10,74
12/16/2005,PIH,ID,ANM,WE,Federal Contract Tower,0,32,4,0,36,0,12,32,0,44,0,44,36,0,80,20,0,20,100
12/17/2005,PIH,ID,ANM,WE,Federal Contract Tower,0,21,4,0,25,0,0,21,0,21,0,21,25,0,46,0,0,0,46
12/18/2005,PIH,ID,ANM,WE,Federal Contract Tower,0,15,6,0,21,0,0,12,0,12,0,15,18,0,33,28,0,28,61
12/19/2005,PIH,ID,ANM,WE,Federal Contract Tower,0,31,8,0,39,0,0,0,0,0,0,31,8,0,39,0,0,0,39
12/20/2005,PIH,ID,ANM,WE,Federal Contract Tower,0,34,3,0,37,0,2,2,0,4,0,36,5,0,41,16,0,16,57
12/21/2005,PIH,ID,ANM,WE,Federal Contract Tower,0,35,5,0,40,0,4,14,0,18,0,39,19,0,58,14,0,14,72
12/22/2005,PIH,ID,ANM,WE,Federal Contract Tower,0,42,3,0,45,0,0,13,0,13,0,42,16,0,58,0,0,0,58
12/23/2005,PIH,ID,ANM,WE,Federal Contract Tower,0,34,6,0,40,0,6,44,0,50,0,40,50,0,90,40,0,40,130
12/24/2005,PIH,ID,ANM,WE,Federal Contract Tower,0,14,0,0,14,0,0,36,0,36,0,14,36,0,50,22,0,22,72
12/25/2005,PIH,ID,ANM,WE,Federal Contract Tower,0,9,0,0,9,0,2,8,0,10,0,11,8,0,19,20,0,20,39
12/26/2005,PIH,ID,ANM,WE,Federal Contract Tower,0,17,10,0,27,0,0,1,0,1,0,17,11,0,28,0,0,0,28
12/27/2005,PIH,ID,ANM,WE,Federal Contract Tower,0,30,5,0,35,0,7,23,0,30,0,37,28,0,65,56,0,56,121
12/28/2005,PIH,ID,ANM,WE,Federal Contract Tower,0,34,4,0,38,0,0,6,0,6,0,34,10,0,44,0,0,0,44
12/29/2005,PIH,ID,ANM,WE,Federal Contract Tower,0,34,4,0,38,0,2,14,0,16,0,36,18,0,54,0,0,0,54
12/30/2005,PIH,ID,ANM,WE,Federal Contract Tower,0,32,6,0,38,0,0,1,0,1,0,32,7,0,39,0,0,0,39
12/31/2005,PIH,ID,ANM,WE,Federal Contract Tower,0,17,1,0,18,0,0,0,0,0,0,17,1,0,18,0,0,0,18
01/01/2006,PIH,ID,ANM,WE,Federal Contract Tower,0,12,1,0,13,0,0,11,0,11,0,12,12,0,24,0,0,0,24
01/02/2006,PIH,ID,ANM,WE,Federal Contract Tower,0,17,2,0,19,0,0,6,0,6,0,17,8,0,25,20,0,20,45
01/03/2006,PIH,ID,ANM,WE,Federal Contract Tower,0,30,8,0,38,0,9,17,0,26,0,39,25,0,64,32,0,32,96
01/04/2006,PIH,ID,ANM,WE,Federal Contract Tower,0,36,1,2,39,0,8,30,0,38,0,44,31,2,77,16,0,16,93
01/05/2006,PIH,ID,ANM,WE,Federal Contract Tower,0,32,12,0,44,0,7,43,0,50,0,39,55,0,94,50,0,50,144
01/06/2006,PIH,ID,ANM,WE,Federal Contract Tower,0,30,3,0,33,0,10,43,0,53,0,40,46,0,86,90,0,90,176
01/07/2006,PIH,ID,ANM,WE,Federal Contract Tower,0,15,1,2,18,0,3,29,0,32,0,18,30,2,50,26,0,26,76
01/08/2006,PIH,ID,ANM,WE,Federal Contract Tower,0,16,3,0,19,0,2,19,0,21,0,18,22,0,40,30,0,30,70
01/09/2006,PIH,ID,ANM,WE,Federal Contract Tower,0,31,4,0,35,0,8,22,0,30,0,39,26,0,65,56,0,56,121
01/10/2006,PIH,ID,ANM,WE,Federal Contract Tower,0,34,2,0,36,0,6,16,0,22,0,40,18,0,58,32,0,32,90
01/11/2006,PIH,ID,ANM,WE,Federal Contract Tower,0,35,6,4,45,0,7,1,0,8,0,42,7,4,53,0,0,0,53
01/12/2006,PIH,ID,ANM,WE,Federal Contract Tower,0,29,9,2,40,0,9,31,10,50,0,38,40,12,90,38,0,38,128
01/13/2006,PIH,ID,ANM,WE,Federal Contract Tower,0,29,6,0,35,0,15,64,4,83,0,44,70,4,118,80,16,96,214
01/14/2006,PIH,ID,ANM,WE,Federal Contract Tower,0,21,6,0,27,0,2,27,0,29,0,23,33,0,56,70,0,70,126
01/15/2006,PIH,ID,ANM,WE,Federal Contract Tower,0,18,1,0,19,0,0,0,0,0,0,18,1,0,19,0,0,0,19
01/16/2006,PIH,ID,ANM,WE,Federal Contract Tower,0,22,12,0,34,0,6,21,0,27,0,28,33,0,61,52,0,52,113
01/17/2006,PIH,ID,ANM,WE,Federal Contract Tower,0,36,2,0,38,0,0,0,0,0,0,36,2,0,38,0,0,0,38
01/18/2006,PIH,ID,ANM,WE,Federal Contract Tower,0,40,7,0,47,0,0,24,0,24,0,40,31,0,71,24,0,24,95
01/19/2006,PIH,ID,ANM,WE,Federal Contract Tower,0,43,11,0,54,0,0,21,0,21,0,43,32,0,75,36,0,36,111
01/20/2006,PIH,ID,ANM,WE,Federal Contract Tower,0,42,5,0,47,0,4,47,0,51,0,46,52,0,98,60,0,60,158
01/21/2006,PIH,ID,ANM,WE,Federal Contract Tower,0,20,7,0,27,0,2,17,0,19,0,22,24,0,46,20,0,20,66
01/22/2006,PIH,ID,ANM,WE,Federal Contract Tower,0,18,6,0,24,0,0,2,0,2,0,18,8,0,26,0,0,0,26
01/23/2006,PIH,ID,ANM,WE,Federal Contract Tower,0,32,6,0,38,0,9,11,0,20,0,41,17,0,58,34,0,34,92
01/24/2006,PIH,ID,ANM,WE,Federal Contract Tower,0,34,5,0,39,0,8,25,0,33,0,42,30,0,72,48,0,48,120
01/25/2006,PIH,ID,ANM,WE,Federal Contract Tower,0,33,7,0,40,0,5,16,0,21,0,38,23,0,61,40,0,40,101
01/26/2006,PIH,ID,ANM,WE,Federal Contract Tower,0,36,2,0,38,0,0,25,1,26,0,36,27,1,64,20,0,20,84
01/27/2006,PIH,ID,ANM,WE,Federal Contract Tower,0,42,3,0,45,0,10,27,2,39,0,52,30,2,84,30,0,30,114
01/28/2006,PIH,ID,ANM,WE,Federal Contract Tower,0,21,0,0,21,0,0,3,0,3,0,21,3,0,24,0,0,0,24
01/29/2006,PIH,ID,ANM,WE,Federal Contract Tower,0,19,2,0,21,0,0,9,0,9,0,19,11,0,30,46,0,46,76
01/30/2006,PIH,ID,ANM,WE,Federal Contract Tower,0,33,6,0,39,0,0,15,0,15,0,33,21,0,54,32,0,32,86
01/31/2006,PIH,ID,ANM,WE,Federal Contract Tower,0,36,9,0,45,0,0,19,0,19,0,36,28,0,64,18,0,18,82
02/01/2006,PIH,ID,ANM,WE,Federal Contract Tower,0,38,3,0,41,0,0,11,0,11,0,38,14,0,52,2,0,2,54
02/02/2006,PIH,ID,ANM,WE,Federal Contract Tower,0,37,9,0,46,0,13,25,0,38,0,50,34,0,84,0,0,0,84
02/03/2006,PIH,ID,ANM,WE,Federal Contract Tower,0,33,7,0,40,0,13,33,0,46,0,46,40,0,86,34,0,34,120
02/04/2006,PIH,ID,ANM,WE,Federal Contract Tower,4,20,8,0,32,0,3,18,0,21,4,23,26,0,53,26,0,26,79
02/05/2006,PIH,ID,ANM,WE,Federal Contract Tower,0,17,2,0,19,0,0,11,2,13,0,17,13,2,32,10,0,10,42
02/06/2006,PIH,ID,ANM,WE,Federal Contract Tower,0,28,10,0,38,0,2,39,0,41,0,30,49,0,79,56,0,56,135
02/07/2006,PIH,ID,ANM,WE,Federal Contract Tower,0,29,6,0,35,0,12,44,0,56,0,41,50,0,91,50,0,50,141
02/08/2006,PIH,ID,ANM,WE,Federal Contract Tower,0,30,4,0,34,0,8,51,0,59,0,38,55,0,93,26,0,26,119
02/09/2006,PIH,ID,ANM,WE,Federal Contract Tower,0,33,6,0,39,0,5,18,0,23,0,38,24,0,62,20,0,20,82
02/10/2006,PIH,ID,ANM,WE,Federal Contract Tower,0,32,1,0,33,0,9,61,2,72,0,41,62,2,105,76,0,76,181
02/11/2006,PIH,ID,ANM,WE,Federal Contract Tower,0,19,3,2,24,0,0,45,0,45,0,19,48,2,69,32,0,32,101
02/12/2006,PIH,ID,ANM,WE,Federal Contract Tower,0,18,4,0,22,0,1,18,0,19,0,19,22,0,41,10,0,10,51
02/13/2006,PIH,ID,ANM,WE,Federal Contract Tower,0,28,1,0,29,0,11,34,0,45,0,39,35,0,74,84,0,84,158
02/14/2006,PIH,ID,ANM,WE,Federal Contract Tower,0,36,2,0,38,0,5,7,0,12,0,41,9,0,50,10,0,10,60
02/15/2006,PIH,ID,ANM,WE,Federal Contract Tower,0,36,11,0,47,0,6,9,0,15,0,42,20,0,62,30,0,30,92
02/16/2006,PIH,ID,ANM,WE,Federal Contract Tower,0,34,2,0,36,0,6,26,0,32,0,40,28,0,68,50,0,50,118
02/17/2006,PIH,ID,ANM,WE,Federal Contract Tower,0,33,5,0,38,0,17,39,0,56,0,50,44,0,94,74,0,74,168
02/18/2006,PIH,ID,ANM,WE,Federal Contract Tower,0,27,5,0,32,0,4,13,0,17,0,31,18,0,49,0,0,0,49
02/19/2006,PIH,ID,ANM,WE,Federal Contract Tower,0,20,5,0,25,0,3,13,0,16,0,23,18,0,41,14,0,14,55
02/20/2006,PIH,ID,ANM,WE,Federal Contract Tower,0,23,3,0,26,0,1,21,0,22,0,24,24,0,48,52,0,52,100
02/21/2006,PIH,ID,ANM,WE,Federal Contract Tower,0,35,7,0,42,0,0,12,0,12,0,35,19,0,54,2,0,2,56
02/22/2006,PIH,ID,ANM,WE,Federal Contract Tower,0,32,2,0,34,0,1,15,0,16,0,33,17,0,50,16,0,16,66
02/23/2006,PIH,ID,ANM,WE,Federal Contract Tower,0,38,8,0,46,0,4,50,0,54,0,42,58,0,100,46,0,46,146
02/24/2006,PIH,ID,ANM,WE,Federal Contract Tower,0,28,3,0,31,0,7,25,0,32,0,35,28,0,63,32,0,32,95
02/25/2006,PIH,ID,ANM,WE,Federal Contract Tower,0,19,0,0,19,0,2,42,0,44,0,21,42,0,63,28,0,28,91
02/26/2006,PIH,ID,ANM,WE,Federal Contract Tower,0,18,3,0,21,0,6,23,0,29,0,24,26,0,50,56,0,56,106
02/27/2006,PIH,ID,ANM,WE,Federal Contract Tower,0,23,8,0,31,0,16,4,0,20,0,39,12,0,51,0,0,0,51
02/28/2006,PIH,ID,ANM,WE,Federal Contract Tower,0,36,3,0,39,0,4,7,0,11,0,40,10,0,50,6,0,6,56
03/01/2006,PIH,ID,ANM,WE,Federal Contract Tower,0,32,11,0,43,0,10,36,0,46,0,42,47,0,89,58,0,58,147
03/02/2006,PIH,ID,ANM,WE,Federal Contract Tower,0,34,11,0,45,0,10,57,0,67,0,44,68,0,112,56,0,56,168
03/03/2006,PIH,ID,ANM,WE,Federal Contract Tower,0,33,8,0,41,0,7,31,0,38,0,40,39,0,79,20,0,20,99
03/04/2006,PIH,ID,ANM,WE,Federal Contract Tower,0,24,6,1,31,0,0,23,2,25,0,24,29,3,56,0,0,0,56
03/05/2006,PIH,ID,ANM,WE,Federal Contract Tower,0,18,5,0,23,0,1,47,0,48,0,19,52,0,71,70,0,70,141
03/06/2006,PIH,ID,ANM,WE,Federal Contract Tower,0,33,13,0,46,0,3,10,0,13,0,36,23,0,59,0,0,0,59
03/07/2006,PIH,ID,ANM,WE,Federal Contract Tower,0,33,3,0,36,0,3,7,0,10,0,36,10,0,46,10,0,10,56
03/08/2006,PIH,ID,ANM,WE,Federal Contract Tower,0,39,16,0,55,0,1,17,0,18,0,40,33,0,73,14,0,14,87
03/09/2006,PIH,ID,ANM,WE,Federal Contract Tower,4,36,4,0,44,0,7,27,0,34,4,43,31,0,78,14,0,14,92
03/10/2006,PIH,ID,ANM,WE,Federal Contract Tower,0,26,15,0,41,0,11,29,0,40,0,37,44,0,81,32,0,32,113
03/11/2006,PIH,ID,ANM,WE,Federal Contract Tower,0,18,4,0,22,0,7,19,0,26,0,25,23,0,48,10,0,10,58
03/12/2006,PIH,ID,ANM,WE,Federal Contract Tower,4,29,5,0,38,0,7,18,0,25,4,36,23,0,63,22,0,22,85
03/13/2006,PIH,ID,ANM,WE,Federal Contract Tower,0,28,14,0,42,0,12,17,0,29,0,40,31,0,71,22,0,22,93
03/14/2006,PIH,ID,ANM,WE,Federal Contract Tower,0,31,6,0,37,0,2,12,0,14,0,33,18,0,51,22,0,22,73
03/15/2006,PIH,ID,ANM,WE,Federal Contract Tower,0,36,3,0,39,0,6,43,0,49,0,42,46,0,88,20,0,20,108
03/16/2006,PIH,ID,ANM,WE,Federal Contract Tower,0,35,9,0,44,0,11,41,0,52,0,46,50,0,96,70,0,70,166
03/17/2006,PIH,ID,ANM,WE,Federal Contract Tower,0,33,7,0,40,0,4,41,1,46,0,37,48,1,86,46,0,46,132
03/18/2006,PIH,ID,ANM,WE,Federal Contract Tower,0,18,2,0,20,0,0,1,0,1,0,18,3,0,21,0,0,0,21
03/19/2006,PIH,ID,ANM,WE,Federal Contract Tower,0,20,4,0,24,0,0,0,0,0,0,20,4,0,24,0,0,0,24
03/20/2006,PIH,ID,ANM,WE,Federal Contract Tower,0,34,10,0,44,0,6,19,1,26,0,40,29,1,70,52,0,52,122
03/21/2006,PIH,ID,ANM,WE,Federal Contract Tower,0,34,2,0,36,0,4,8,0,12,0,38,10,0,48,20,0,20,68
03/22/2006,PIH,ID,ANM,WE,Federal Contract Tower,0,36,10,0,46,0,5,37,0,42,0,41,47,0,88,62,0,62,150
03/23/2006,PIH,ID,ANM,WE,Federal Contract Tower,0,34,3,0,37,0,9,65,0,74,0,43,68,0,111,94,0,94,205
03/24/2006,PIH,ID,ANM,WE,Federal Contract Tower,0,26,7,0,33,0,21,72,0,93,0,47,79,0,126,88,0,88,214
03/25/2006,PIH,ID,ANM,WE,Federal Contract Tower,0,17,3,0,20,0,7,19,0,26,0,24,22,0,46,14,0,14,60
03/26/2006,PIH,ID,ANM,WE,Federal Contract Tower,0,7,2,0,9,0,0,5,0,5,0,7,7,0,14,10,0,10,24
03/27/2006,PIH,ID,ANM,WE,Federal Contract Tower,0,23,9,0,32,0,15,35,0,50,0,38,44,0,82,26,0,26,108
03/28/2006,PIH,ID,ANM,WE,Federal Contract Tower,0,38,6,0,44,0,10,23,0,33,0,48,29,0,77,38,0,38,115
03/29/2006,PIH,ID,ANM,WE,Federal Contract Tower,0,43,9,0,52,0,2,16,0,18,0,45,25,0,70,25,0,25,95
03/30/2006,PIH,ID,ANM,WE,Federal Contract Tower,0,35,2,0,37,0,10,43,0,53,0,45,45,0,90,32,0,32,122
03/31/2006,PIH,ID,ANM,WE,Federal Contract Tower,0,35,6,0,41,0,2,16,0,18,0,37,22,0,59,0,0,0,59
04/01/2006,PIH,ID,ANM,WE,Federal Contract Tower,0,21,1,0,22,0,0,0,0,0,0,21,1,0,22,0,0,0,22
04/02/2006,PIH,ID,ANM,WE,Federal Contract Tower,0,16,3,0,19,0,2,39,0,41,0,18,42,0,60,24,0,24,84
04/03/2006,PIH,ID,ANM,WE,Federal Contract Tower,0,24,10,0,34,0,12,44,0,56,0,36,54,0,90,64,0,64,154
04/04/2006,PIH,ID,ANM,WE,Federal Contract Tower,0,36,5,0,41,0,2,24,0,26,0,38,29,0,67,0,0,0,67
04/05/2006,PIH,ID,ANM,WE,Federal Contract Tower,0,35,5,0,40,0,7,27,0,34,0,42,32,0,74,18,0,18,92
04/06/2006,PIH,ID,ANM,WE,Federal Contract Tower,0,38,0,0,38,0,3,15,0,18,0,41,15,0,56,0,0,0,56
04/07/2006,PIH,ID,ANM,WE,Federal Contract Tower,0,27,6,0,33,0,11,29,0,40,0,38,35,0,73,24,0,24,97
04/08/2006,PIH,ID,ANM,WE,Federal Contract Tower,0,19,3,0,22,0,9,49,0,58,0,28,52,0,80,42,0,42,122
04/09/2006,PIH,ID,ANM,WE,Federal Contract Tower,0,15,3,0,18,0,5,33,0,38,0,20,36,0,56,40,0,40,96
04/10/2006,PIH,ID,ANM,WE,Federal Contract Tower,0,30,4,0,34,0,4,29,0,33,0,34,33,0,67,44,0,44,111
04/11/2006,PIH,ID,ANM,WE,Federal Contract Tower,0,33,4,0,37,0,7,45,0,52,0,40,49,0,89,22,0,22,111
04/12/2006,PIH,ID,ANM,WE,Federal Contract Tower,0,31,8,0,39,0,5,42,2,49,0,36,50,2,88,56,0,56,144
04/13/2006,PIH,ID,ANM,WE,Federal Contract Tower,0,34,15,0,49,0,10,53,0,63,0,44,68,0,112,62,0,62,174
04/14/2006,PIH,ID,ANM,WE,Federal Contract Tower,0,33,4,0,37,0,7,52,0,59,0,40,56,0,96,36,0,36,132
04/15/2006,PIH,ID,ANM,WE,Federal Contract Tower,0,20,0,0,20,0,1,26,0,27,0,21,26,0,47,50,0,50,97
04/16/2006,PIH,ID,ANM,WE,Federal Contract Tower,0,18,3,0,21,0,2,21,0,23,0,20,24,0,44,28,0,28,72
04/17/2006,PIH,ID,ANM,WE,Federal Contract Tower,0,33,5,0,38,0,3,17,0,20,0,36,22,0,58,0,0,0,58
04/18/2006,PIH,ID,ANM,WE,Federal Contract Tower,0,30,5,0,35,0,3,38,0,41,0,33,43,0,76,50,0,50,126
04/19/2006,PIH,ID,ANM,WE,Federal Contract Tower,0,32,11,0,43,0,15,71,0,86,0,47,82,0,129,112,0,112,241
04/20/2006,PIH,ID,ANM,WE,Federal Contract Tower,0,29,10,0,39,0,15,54,0,69,0,44,64,0,108,64,0,64,172
04/21/2006,PIH,ID,ANM,WE,Federal Contract Tower,0,34,9,0,43,0,15,47,0,62,0,49,56,0,105,110,0,110,215
04/22/2006,PIH,ID,ANM,WE,Federal Contract Tower,0,17,0,0,17,0,0,46,0,46,0,17,46,0,63,68,0,68,131
04/23/2006,PIH,ID,ANM,WE,Federal Contract Tower,0,17,5,0,22,0,1,24,0,25,0,18,29,0,47,20,0,20,67
04/24/2006,PIH,ID,ANM,WE,Federal Contract Tower,0,30,11,0,41,0,6,16,0,22,0,36,27,0,63,18,0,18,81
04/25/2006,PIH,ID,ANM,WE,Federal Contract Tower,0,35,3,0,38,0,4,40,0,44,0,39,43,0,82,72,0,72,154
04/26/2006,PIH,ID,ANM,WE,Federal Contract Tower,0,31,8,0,39,0,7,41,0,48,0,38,49,0,87,56,0,56,143
04/27/2006,PIH,ID,ANM,WE,Federal Contract Tower,0,36,11,0,47,0,5,63,0,68,0,41,74,0,115,68,0,68,183
04/28/2006,PIH,ID,ANM,WE,Federal Contract Tower,0,28,0,2,30,0,17,32,0,49,0,45,32,2,79,30,32,62,141
04/29/2006,PIH,ID,ANM,WE,Federal Contract Tower,0,15,4,2,21,0,8,62,0,70,0,23,66,2,91,70,0,70,161
04/30/2006,PIH,ID,ANM,WE,Federal Contract Tower,0,16,6,0,22,0,0,30,0,30,0,16,36,0,52,0,0,0,52
05/01/2006,PIH,ID,ANM,WE,Federal Contract Tower,0,28,2,0,30,0,11,40,0,51,0,39,42,0,81,36,0,36,117
05/02/2006,PIH,ID,ANM,WE,Federal Contract Tower,0,35,13,2,50,0,10,38,0,48,0,45,51,2,98,68,0,68,166
05/03/2006,PIH,ID,ANM,WE,Federal Contract Tower,0,34,8,2,44,0,12,70,0,82,0,46,78,2,126,107,26,133,259
05/04/2006,PIH,ID,ANM,WE,Federal Contract Tower,0,32,6,0,38,0,8,48,0,56,0,40,54,0,94,62,0,62,156
05/05/2006,PIH,ID,ANM,WE,Federal Contract Tower,0,32,4,0,36,0,15,33,0,48,0,47,37,0,84,30,0,30,114
05/06/2006,PIH,ID,ANM,WE,Federal Contract Tower,0,22,4,0,26,0,0,41,0,41,0,22,45,0,67,42,0,42,109
05/07/2006,PIH,ID,ANM,WE,Federal Contract Tower,0,17,4,0,21,0,0,16,0,16,0,17,20,0,37,0,0,0,37
05/08/2006,PIH,ID,ANM,WE,Federal Contract Tower,0,38,6,0,44,0,2,25,0,27,0,40,31,0,71,0,0,0,71
05/09/2006,PIH,ID,ANM,WE,Federal Contract Tower,0,35,1,0,36,0,2,34,0,36,0,37,35,0,72,36,0,36,108
05/10/2006,PIH,ID,ANM,WE,Federal Contract Tower,0,31,8,0,39,0,13,28,0,41,0,44,36,0,80,98,0,98,178
05/11/2006,PIH,ID,ANM,WE,Federal Contract Tower,0,30,7,0,37,0,11,46,8,65,0,41,53,8,102,82,0,82,184
05/12/2006,PIH,ID,ANM,WE,Federal Contract Tower,0,28,12,4,44,0,14,46,0,60,0,42,58,4,104,74,0,74,178
05/13/2006,PIH,ID,ANM,WE,Federal Contract Tower,0,18,5,0,23,0,8,59,0,67,0,26,64,0,90,82,0,82,172
05/14/2006,PIH,ID,ANM,WE,Federal Contract Tower,0,19,4,2,25,0,0,38,6,44,0,19,42,8,69,46,32,78,147
05/15/2006,PIH,ID,ANM,WE,Federal Contract Tower,0,31,9,1,41,0,9,33,1,43,0,40,42,2,84,36,0,36,120
05/16/2006,PIH,ID,ANM,WE,Federal Contract Tower,0,36,4,0,40,0,4,54,4,62,0,40,58,4,102,32,20,52,154
05/17/2006,PIH,ID,ANM,WE,Federal Contract Tower,0,28,8,4,40,0,20,53,2,75,0,48,61,6,115,50,18,68,183
05/18/2006,PIH,ID,ANM,WE,Federal Contract Tower,0,36,7,0,43,0,9,45,6,60,0,45,52,6,103,36,0,36,139
05/19/2006,PIH,ID,ANM,WE,Federal Contract Tower,0,29,7,0,36,0,8,46,0,54,0,37,53,0,90,56,0,56,146
05/20/2006,PIH,ID,ANM,WE,Federal Contract Tower,0,18,5,0,23,0,2,36,0,38,0,20,41,0,61,44,0,44,105
05/21/2006,PIH,ID,ANM,WE,Federal Contract Tower,0,16,2,8,26,0,3,26,0,29,0,19,28,8,55,0,22,22,77
05/22/2006,PIH,ID,ANM,WE,Federal Contract Tower,0,31,6,0,37,0,5,31,0,36,0,36,37,0,73,46,0,46,119
05/23/2006,PIH,ID,ANM,WE,Federal Contract Tower,0,38,5,0,43,0,4,30,0,34,0,42,35,0,77,52,0,52,129
05/24/2006,PIH,ID,ANM,WE,Federal Contract Tower,0,30,10,0,40,0,10,45,0,55,0,40,55,0,95,29,0,29,124
05/25/2006,PIH,ID,ANM,WE,Federal Contract Tower,0,37,9,0,46,0,9,43,0,52,0,46,52,0,98,32,0,32,130
05/26/2006,PIH,ID,ANM,WE,Federal Contract Tower,0,31,7,6,44,0,4,38,0,42,0,35,45,6,86,32,0,32,118
05/27/2006,PIH,ID,ANM,WE,Federal Contract Tower,0,15,2,0,17,0,0,4,0,4,0,15,6,0,21,6,0,6,27
05/28/2006,PIH,ID,ANM,WE,Federal Contract Tower,0,12,1,0,13,0,0,14,0,14,0,12,15,0,27,0,0,0,27
05/29/2006,PIH,ID,ANM,WE,Federal Contract Tower,0,16,4,0,20,0,0,17,2,19,0,16,21,2,39,18,0,18,57
05/30/2006,PIH,ID,ANM,WE,Federal Contract Tower,0,27,3,0,30,0,16,64,12,92,0,43,67,12,122,52,32,84,206
05/31/2006,PIH,ID,ANM,WE,Federal Contract Tower,0,32,5,0,37,0,14,55,0,69,0,46,60,0,106,43,0,43,149
06/01/2006,PIH,ID,ANM,WE,Federal Contract Tower,0,35,3,0,38,0,9,45,0,54,0,44,48,0,92,66,0,66,158
06/02/2006,PIH,ID,ANM,WE,Federal Contract Tower,0,33,11,0,44,0,12,48,0,60,0,45,59,0,104,56,0,56,160
06/03/2006,PIH,ID,ANM,WE,Federal Contract Tower,0,21,2,0,23,0,6,53,0,59,0,27,55,0,82,58,0,58,140
06/04/2006,PIH,ID,ANM,WE,Federal Contract Tower,0,18,2,0,20,0,4,38,0,42,0,22,40,0,62,22,0,22,84
06/05/2006,PIH,ID,ANM,WE,Federal Contract Tower,0,28,2,0,30,0,14,48,0,62,0,42,50,0,92,48,0,48,140
06/06/2006,PIH,ID,ANM,WE,Federal Contract Tower,0,33,6,0,39,0,10,62,0,72,0,43,68,0,111,68,0,68,179
06/07/2006,PIH,ID,ANM,WE,Federal Contract Tower,0,35,8,0,43,0,7,40,0,47,0,42,48,0,90,74,0,74,164
06/08/2006,PIH,ID,ANM,WE,Federal Contract Tower,0,30,5,0,35,0,15,23,0,38,0,45,28,0,73,34,0,34,107
06/09/2006,PIH,ID,ANM,WE,Federal Contract Tower,0,33,3,0,36,0,10,41,0,51,0,43,44,0,87,40,0,40,127
06/10/2006,PIH,ID,ANM,WE,Federal Contract Tower,0,22,7,0,29,0,4,46,0,50,0,26,53,0,79,70,0,70,149
06/11/2006,PIH,ID,ANM,WE,Federal Contract Tower,0,14,0,0,14,0,3,45,0,48,0,17,45,0,62,50,0,50,112
06/12/2006,PIH,ID,ANM,WE,Federal Contract Tower,0,23,4,0,27,0,20,53,0,73,0,43,57,0,100,79,0,79,179
06/13/2006,PIH,ID,ANM,WE,Federal Contract Tower,0,37,16,0,53,0,6,49,0,55,0,43,65,0,108,35,0,35,143
06/14/2006,PIH,ID,ANM,WE,Federal Contract Tower,0,37,17,0,54,0,6,21,0,27,0,43,38,0,81,30,0,30,111
06/15/2006,PIH,ID,ANM,WE,Federal Contract Tower,0,32,6,2,40,0,8,37,0,45,0,40,43,2,85,74,0,74,159
06/16/2006,PIH,ID,ANM,WE,Federal Contract Tower,0,35,12,2,49,0,6,67,4,77,0,41,79,6,126,92,4,96,222
06/17/2006,PIH,ID,ANM,WE,Federal Contract Tower,0,19,3,0,22,0,5,48,4,57,0,24,51,4,79,36,2,38,117
06/18/2006,PIH,ID,ANM,WE,Federal Contract Tower,0,20,3,0,23,0,4,39,0,43,0,24,42,0,66,32,0,32,98
06/19/2006,PIH,ID,ANM,WE,Federal Contract Tower,0,31,8,1,40,0,12,54,1,67,0,43,62,2,107,45,2,47,154
06/20/2006,PIH,ID,ANM,WE,Federal Contract Tower,0,28,8,0,36,0,18,59,0,77,0,46,67,0,113,47,0,47,160
06/21/2006,PIH,ID,ANM,WE,Federal Contract Tower,0,30,16,2,48,0,16,54,0,70,0,46,70,2,118,116,0,116,234
06/22/2006,PIH,ID,ANM,WE,Federal Contract Tower,0,33,17,0,50,0,13,59,0,72,0,46,76,0,122,132,0,132,254
06/23/2006,PIH,ID,ANM,WE,Federal Contract Tower,0,33,11,0,44,0,7,63,0,70,0,40,74,0,114,68,0,68,182
06/24/2006,PIH,ID,ANM,WE,Federal Contract Tower,0,20,5,0,25,0,8,60,0,68,0,28,65,0,93,82,0,82,175
06/25/2006,PIH,ID,ANM,WE,Federal Contract Tower,0,14,9,0,23,0,4,47,0,51,0,18,56,0,74,48,0,48,122
06/26/2006,PIH,ID,ANM,WE,Federal Contract Tower,0,26,8,0,34,0,21,38,2,61,0,47,46,2,95,46,0,46,141
06/27/2006,PIH,ID,ANM,WE,Federal Contract Tower,0,32,6,0,38,0,15,54,1,70,0,47,60,1,108,82,0,82,190
06/28/2006,PIH,ID,ANM,WE,Federal Contract Tower,0,34,5,0,39,0,5,37,0,42,0,39,42,0,81,30,0,30,111
06/29/2006,PIH,ID,ANM,WE,Federal Contract Tower,0,39,4,0,43,0,11,60,0,71,0,50,64,0,114,48,0,48,162
06/30/2006,PIH,ID,ANM,WE,Federal Contract Tower,0,30,6,0,36,0,11,57,0,68,0,41,63,0,104,64,0,64,168
07/01/2006,PIH,ID,ANM,WE,Federal Contract Tower,0,17,5,0,22,0,8,48,0,56,0,25,53,0,78,48,0,48,126
07/02/2006,PIH,ID,ANM,WE,Federal Contract Tower,0,12,1,0,13,0,1,16,0,17,0,13,17,0,30,26,0,26,56
07/03/2006,PIH,ID,ANM,WE,Federal Contract Tower,0,24,4,0,28,0,17,51,0,68,0,41,55,0,96,42,0,42,138
07/04/2006,PIH,ID,ANM,WE,Federal Contract Tower,2,13,5,0,20,14,59,46,0,119,16,72,51,0,139,52,0,52,191
07/05/2006,PIH,ID,ANM,WE,Federal Contract Tower,0,33,4,0,37,0,8,41,0,49,0,41,45,0,86,38,0,38,124
07/06/2006,PIH,ID,ANM,WE,Federal Contract Tower,0,36,9,0,45,0,10,53,0,63,0,46,62,0,108,30,0,30,138
07/07/2006,PIH,ID,ANM,WE,Federal Contract Tower,0,34,8,0,42,0,14,58,0,72,0,48,66,0,114,54,0,54,168
07/08/2006,PIH,ID,ANM,WE,Federal Contract Tower,0,19,2,0,21,2,4,35,0,41,2,23,37,0,62,42,0,42,104
07/09/2006,PIH,ID,ANM,WE,Federal Contract Tower,0,14,8,0,22,0,9,52,0,61,0,23,60,0,83,32,0,32,115
07/10/2006,PIH,ID,ANM,WE,Federal Contract Tower,0,32,4,0,36,0,12,66,0,78,0,44,70,0,114,63,0,63,177
07/11/2006,PIH,ID,ANM,WE,Federal Contract Tower,0,32,5,3,40,0,11,48,1,60,0,43,53,4,100,22,0,22,122
07/12/2006,PIH,ID,ANM,WE,Federal Contract Tower,0,33,10,0,43,0,9,36,0,45,0,42,46,0,88,34,0,34,122
07/13/2006,PIH,ID,ANM,WE,Federal Contract Tower,0,29,4,0,33,0,8,46,0,54,0,37,50,0,87,52,0,52,139
07/14/2006,PIH,ID,ANM,WE,Federal Contract Tower,0,30,2,2,34,0,5,51,4,60,0,35,53,6,94,20,4,24,118
07/15/2006,PIH,ID,ANM,WE,Federal Contract Tower,0,19,2,2,23,0,8,42,0,50,0,27,44,2,73,54,12,66,139
07/16/2006,PIH,ID,ANM,WE,Federal Contract Tower,0,15,3,0,18,0,5,57,0,62,0,20,60,0,80,50,0,50,130
07/17/2006,PIH,ID,ANM,WE,Federal Contract Tower,0,24,2,0,26,0,19,40,2,61,0,43,42,2,87,40,0,40,127
07/18/2006,PIH,ID,ANM,WE,Federal Contract Tower,0,31,7,0,38,0,12,65,2,79,0,43,72,2,117,42,0,42,159
07/19/2006,PIH,ID,ANM,WE,Federal Contract Tower,0,32,5,0,37,0,10,45,0,55,0,42,50,0,92,36,0,36,128
07/20/2006,PIH,ID,ANM,WE,Federal Contract Tower,0,32,8,0,40,0,13,79,0,92,0,45,87,0,132,34,0,34,166
07/21/2006,PIH,ID,ANM,WE,Federal Contract Tower,0,30,4,0,34,0,8,53,0,61,0,38,57,0,95,36,0,36,131
07/22/2006,PIH,ID,ANM,WE,Federal Contract Tower,0,19,3,0,22,0,3,62,0,65,0,22,65,0,87,31,0,31,118
07/23/2006,PIH,ID,ANM,WE,Federal Contract Tower,0,13,6,0,19,0,61,36,0,97,0,74,42,0,116,34,0,34,150
07/24/2006,PIH,ID,ANM,WE,Federal Contract Tower,0,31,4,0,35,0,32,36,0,68,0,63,40,0,103,36,0,36,139
07/25/2006,PIH,ID,ANM,WE,Federal Contract Tower,0,29,14,0,43,0,25,61,0,86,0,54,75,0,129,26,0,26,155
07/26/2006,PIH,ID,ANM,WE,Federal Contract Tower,0,35,5,3,43,0,18,38,2,58,0,53,43,5,101,52,4,56,157
07/27/2006,PIH,ID,ANM,WE,Federal Contract Tower,0,32,4,0,36,0,11,47,0,58,0,43,51,0,94,60,0,60,154
07/28/2006,PIH,ID,ANM,WE,Federal Contract Tower,0,34,7,0,41,0,14,50,0,64,0,48,57,0,105,52,0,52,157
07/29/2006,PIH,ID,ANM,WE,Federal Contract Tower,0,22,0,0,22,0,0,52,0,52,0,22,52,0,74,26,0,26,100
07/30/2006,PIH,ID,ANM,WE,Federal Contract Tower,0,15,8,0,23,0,8,39,0,47,0,23,47,0,70,27,0,27,97
07/31/2006,PIH,ID,ANM,WE,Federal Contract Tower,0,30,7,0,37,0,13,49,0,62,0,43,56,0,99,29,0,29,128
08/01/2006,PIH,ID,ANM,WE,Federal Contract Tower,0,33,5,0,38,0,10,49,0,59,0,43,54,0,97,20,0,20,117
08/02/2006,PIH,ID,ANM,WE,Federal Contract Tower,0,29,10,0,39,0,22,60,0,82,0,51,70,0,121,46,0,46,167
08/03/2006,PIH,ID,ANM,WE,Federal Contract Tower,0,34,7,0,41,0,37,41,6,84,0,71,48,6,125,0,0,0,125
08/04/2006,PIH,ID,ANM,WE,Federal Contract Tower,0,30,2,0,32,10,30,46,0,86,10,60,48,0,118,36,0,36,154
08/05/2006,PIH,ID,ANM,WE,Federal Contract Tower,0,19,2,0,21,18,95,32,0,145,18,114,34,0,166,20,0,20,186
08/06/2006,PIH,ID,ANM,WE,Federal Contract Tower,0,14,5,0,19,31,120,66,0,217,31,134,71,0,236,18,0,18,254
08/07/2006,PIH,ID,ANM,WE,Federal Contract Tower,0,24,3,0,27,13,92,39,2,146,13,116,42,2,173,14,0,14,187
08/08/2006,PIH,ID,ANM,WE,Federal Contract Tower,0,35,7,0,42,1,55,28,0,84,1,90,35,0,126,38,0,38,164
08/09/2006,PIH,ID,ANM,WE,Federal Contract Tower,0,32,7,0,39,0,11,63,0,74,0,43,70,0,113,32,0,32,145
08/10/2006,PIH,ID,ANM,WE,Federal Contract Tower,0,32,10,2,44,0,8,46,4,58,0,40,56,6,102,36,4,40,142
08/11/2006,PIH,ID,ANM,WE,Federal Contract Tower,0,26,7,0,33,0,20,41,0,61,0,46,48,0,94,30,0,30,124
08/12/2006,PIH,ID,ANM,WE,Federal Contract Tower,0,23,9,0,32,0,11,33,0,44,0,34,42,0,76,32,0,32,108
08/13/2006,PIH,ID,ANM,WE,Federal Contract Tower,0,15,10,0,25,2,8,33,0,43,2,23,43,0,68,46,0,46,114
08/14/2006,PIH,ID,ANM,WE,Federal Contract Tower,0,27,13,0,40,0,26,26,4,56,0,53,39,4,96,28,0,28,124
08/15/2006,PIH,ID,ANM,WE,Federal Contract Tower,0,31,3,0,34,9,66,41,0,116,9,97,44,0,150,46,0,46,196
08/16/2006,PIH,ID,ANM,WE,Federal Contract Tower,0,31,9,0,40,1,138,45,0,184,1,169,54,0,224,38,0,38,262
08/17/2006,PIH,ID,ANM,WE,Federal Contract Tower,0,36,7,0,43,17,193,75,0,285,17,229,82,0,328,44,0,44,372
08/18/2006,PIH,ID,ANM,WE,Federal Contract Tower,2,29,9,1,41,0,221,86,2,309,2,250,95,3,350,77,2,79,429
08/19/2006,PIH,ID,ANM,WE,Federal Contract Tower,0,15,5,0,20,0,8,65,0,73,0,23,70,0,93,60,0,60,153
08/20/2006,PIH,ID,ANM,WE,Federal Contract Tower,0,15,10,0,25,0,5,31,1,37,0,20,41,1,62,28,0,28,90
08/21/2006,PIH,ID,ANM,WE,Federal Contract Tower,0,26,4,0,30,0,17,53,4,74,0,43,57,4,104,16,0,16,120
08/22/2006,PIH,ID,ANM,WE,Federal Contract Tower,0,32,7,0,39,0,77,45,7,129,0,109,52,7,168,62,0,62,230
08/23/2006,PIH,ID,ANM,WE,Federal Contract Tower,2,33,4,0,39,0,8,42,2,52,2,41,46,2,91,42,0,42,133
08/24/2006,PIH,ID,ANM,WE,Federal Contract Tower,0,32,7,0,39,0,3,48,6,57,0,35,55,6,96,72,0,72,168
08/25/2006,PIH,ID,ANM,WE,Federal Contract Tower,0,30,6,0,36,0,44,74,2,120,0,74,80,2,156,60,0,60,216
08/26/2006,PIH,ID,ANM,WE,Federal Contract Tower,0,18,7,0,25,0,9,38,0,47,0,27,45,0,72,18,0,18,90
08/27/2006,PIH,ID,ANM,WE,Federal Contract Tower,0,13,5,0,18,0,10,64,0,74,0,23,69,0,92,32,0,32,124
08/28/2006,PIH,ID,ANM,WE,Federal Contract Tower,0,23,8,0,31,0,9,64,0,73,0,32,72,0,104,45,0,45,149
08/29/2006,PIH,ID,ANM,WE,Federal Contract Tower,0,31,5,0,36,7,88,41,0,136,7,119,46,0,172,52,0,52,224
08/30/2006,PIH,ID,ANM,WE,Federal Contract Tower,0,33,9,0,42,28,177,59,0,264,28,210,68,0,306,56,0,56,362
08/31/2006,PIH,ID,ANM,WE,Federal Contract Tower,0,32,5,0,37,0,104,65,0,169,0,136,70,0,206,67,0,67,273
09/01/2006,PIH,ID,ANM,WE,Federal Contract Tower,0,27,6,0,33,0,60,42,0,102,0,87,48,0,135,54,0,54,189
09/02/2006,PIH,ID,ANM,WE,Federal Contract Tower,0,15,4,0,19,0,37,56,0,93,0,52,60,0,112,64,0,64,176
09/03/2006,PIH,ID,ANM,WE,Federal Contract Tower,0,18,3,0,21,1,92,52,0,145,1,110,55,0,166,28,0,28,194
09/04/2006,PIH,ID,ANM,WE,Federal Contract Tower,0,12,2,0,14,11,166,51,0,228,11,178,53,0,242,42,0,42,284
09/05/2006,PIH,ID,ANM,WE,Federal Contract Tower,2,21,7,0,30,2,31,52,0,85,4,52,59,0,115,66,0,66,181
09/06/2006,PIH,ID,ANM,WE,Federal Contract Tower,0,35,10,2,47,0,52,65,2,119,0,87,75,4,166,58,18,76,242
09/07/2006,PIH,ID,ANM,WE,Federal Contract Tower,0,28,1,2,31,6,36,39,2,83,6,64,40,4,114,36,8,44,158
09/08/2006,PIH,ID,ANM,WE,Federal Contract Tower,0,34,9,0,43,1,36,73,10,120,1,70,82,10,163,70,0,70,233
09/09/2006,PIH,ID,ANM,WE,Federal Contract Tower,0,15,6,0,21,0,9,58,0,67,0,24,64,0,88,42,0,42,130
09/10/2006,PIH,ID,ANM,WE,Federal Contract Tower,0,15,3,0,18,0,4,39,0,43,0,19,42,0,61,0,0,0,61
09/11/2006,PIH,ID,ANM,WE,Federal Contract Tower,0,26,6,0,32,0,13,70,0,83,0,39,76,0,115,84,0,84,199
09/12/2006,PIH,ID,ANM,WE,Federal Contract Tower,0,32,12,0,44,0,15,60,0,75,0,47,72,0,119,52,0,52,171
09/13/2006,PIH,ID,ANM,WE,Federal Contract Tower,0,33,6,0,39,0,18,53,0,71,0,51,59,0,110,46,0,46,156
09/14/2006,PIH,ID,ANM,WE,Federal Contract Tower,0,39,8,0,47,0,10,47,4,61,0,49,55,4,108,20,0,20,128
09/15/2006,PIH,ID,ANM,WE,Federal Contract Tower,7,47,7,0,61,3,13,43,8,67,10,60,50,8,128,80,0,80,208
09/16/2006,PIH,ID,ANM,WE,Federal Contract Tower,0,20,1,0,21,0,5,19,2,26,0,25,20,2,47,40,0,40,87
09/17/2006,PIH,ID,ANM,WE,Federal Contract Tower,2,15,5,0,22,0,0,24,0,24,2,15,29,0,46,34,0,34,80
09/18/2006,PIH,ID,ANM,WE,Federal Contract Tower,0,25,2,0,27,0,5,44,0,49,0,30,46,0,76,86,0,86,162
09/19/2006,PIH,ID,ANM,WE,Federal Contract Tower,0,39,7,0,46,0,14,53,0,67,0,53,60,0,113,76,0,76,189
09/20/2006,PIH,ID,ANM,WE,Federal Contract Tower,0,43,4,0,47,0,5,11,0,16,0,48,15,0,63,6,0,6,69
09/21/2006,PIH,ID,ANM,WE,Federal Contract Tower,0,34,11,0,45,0,3,16,0,19,0,37,27,0,64,0,0,0,64
09/22/2006,PIH,ID,ANM,WE,Federal Contract Tower,3,32,7,0,42,0,12,47,10,69,3,44,54,10,111,88,0,88,199
09/23/2006,PIH,ID,ANM,WE,Federal Contract Tower,1,16,2,0,19,0,10,71,0,81,1,26,73,0,100,48,0,48,148
09/24/2006,PIH,ID,ANM,WE,Federal Contract Tower,0,15,2,0,17,1,4,40,0,45,1,19,42,0,62,44,0,44,106
09/25/2006,PIH,ID,ANM,WE,Federal Contract Tower,0,28,2,0,30,0,9,38,0,47,0,37,40,0,77,63,0,63,140
09/26/2006,PIH,ID,ANM,WE,Federal Contract Tower,0,33,12,0,45,0,11,34,0,45,0,44,46,0,90,34,0,34,124
09/27/2006,PIH,ID,ANM,WE,Federal Contract Tower,0,30,5,0,35,0,11,53,0,64,0,41,58,0,99,36,0,36,135
09/28/2006,PIH,ID,ANM,WE,Federal Contract Tower,0,30,8,0,38,0,6,44,0,50,0,36,52,0,88,40,0,40,128
09/29/2006,PIH,ID,ANM,WE,Federal Contract Tower,0,30,7,0,37,0,11,48,2,61,0,41,55,2,98,28,0,28,126
09/30/2006,PIH,ID,ANM,WE,Federal Contract Tower,0,19,2,0,21,0,1,44,0,45,0,20,46,0,66,50,0,50,116
10/01/2006,PIH,ID,ANM,WE,Federal Contract Tower,0,14,6,0,20,0,11,44,2,57,0,25,50,2,77,24,0,24,101
10/02/2006,PIH,ID,ANM,WE,Federal Contract Tower,0,32,6,0,38,0,0,5,0,5,0,32,11,0,43,6,0,6,49
10/03/2006,PIH,ID,ANM,WE,Federal Contract Tower,0,29,3,0,32,0,11,33,0,44,0,40,36,0,76,38,0,38,114
10/04/2006,PIH,ID,ANM,WE,Federal Contract Tower,0,31,4,0,35,0,11,36,0,47,0,42,40,0,82,22,0,22,104
10/05/2006,PIH,ID,ANM,WE,Federal Contract Tower,0,30,7,0,37,0,4,30,0,34,0,34,37,0,71,42,0,42,113
10/06/2006,PIH,ID,ANM,WE,Federal Contract Tower,2,30,5,0,37,0,14,27,0,41,2,44,32,0,78,37,0,37,115
10/07/2006,PIH,ID,ANM,WE,Federal Contract Tower,2,20,2,0,24,0,0,23,2,25,2,20,25,2,49,10,0,10,59
10/08/2006,PIH,ID,ANM,WE,Federal Contract Tower,0,14,3,0,17,0,2,51,2,55,0,16,54,2,72,30,0,30,102
10/09/2006,PIH,ID,ANM,WE,Federal Contract Tower,0,21,1,0,22,0,2,9,0,11,0,23,10,0,33,32,0,32,65
10/10/2006,PIH,ID,ANM,WE,Federal Contract Tower,0,34,5,0,39,0,13,43,0,56,0,47,48,0,95,60,0,60,155
10/11/2006,PIH,ID,ANM,WE,Federal Contract Tower,0,33,4,2,39,0,8,66,4,78,0,41,70,6,117,41,0,41,158
10/12/2006,PIH,ID,ANM,WE,Federal Contract Tower,0,31,8,0,39,0,9,74,0,83,0,40,82,0,122,146,0,146,268
10/13/2006,PIH,ID,ANM,WE,Federal Contract Tower,2,27,2,0,31,0,9,57,0,66,2,36,59,0,97,72,0,72,169
10/14/2006,PIH,ID,ANM,WE,Federal Contract Tower,0,16,4,0,20,0,3,68,0,71,0,19,72,0,91,66,0,66,157
10/15/2006,PIH,ID,ANM,WE,Federal Contract Tower,0,13,2,0,15,0,5,19,2,26,0,18,21,2,41,18,0,18,59
10/16/2006,PIH,ID,ANM,WE,Federal Contract Tower,0,36,3,0,39,0,7,7,0,14,0,43,10,0,53,20,0,20,73
10/17/2006,PIH,ID,ANM,WE,Federal Contract Tower,0,31,4,0,35,0,17,18,0,35,0,48,22,0,70,28,0,28,98
10/18/2006,PIH,ID,ANM,WE,Federal Contract Tower,0,34,8,0,42,0,5,50,0,55,0,39,58,0,97,58,0,58,155
10/19/2006,PIH,ID,ANM,WE,Federal Contract Tower,0,32,7,0,39,0,8,29,0,37,0,40,36,0,76,14,0,14,90
10/20/2006,PIH,ID,ANM,WE,Federal Contract Tower,0,34,5,0,39,0,3,29,0,32,0,37,34,0,71,82,0,82,153
10/21/2006,PIH,ID,ANM,WE,Federal Contract Tower,0,20,3,0,23,0,4,46,0,50,0,24,49,0,73,62,0,62,135
10/22/2006,PIH,ID,ANM,WE,Federal Contract Tower,0,14,1,0,15,0,2,42,0,44,0,16,43,0,59,50,0,50,109
10/23/2006,PIH,ID,ANM,WE,Federal Contract Tower,0,25,5,0,30,0,10,47,2,59,0,35,52,2,89,74,66,140,229
10/24/2006,PIH,ID,ANM,WE,Federal Contract Tower,0,28,12,0,40,0,5,32,0,37,0,33,44,0,77,58,0,58,135
10/25/2006,PIH,ID,ANM,WE,Federal Contract Tower,0,38,12,1,51,0,3,22,1,26,0,41,34,2,77,10,10,20,97
10/26/2006,PIH,ID,ANM,WE,Federal Contract Tower,0,35,12,1,48,0,10,43,1,54,0,45,55,2,102,40,0,40,142
10/27/2006,PIH,ID,ANM,WE,Federal Contract Tower,0,34,5,0,39,0,8,62,2,72,0,42,67,2,111,117,0,117,228
10/28/2006,PIH,ID,ANM,WE,Federal Contract Tower,0,20,1,0,21,0,4,53,2,59,0,24,54,2,80,70,0,70,150
10/29/2006,PIH,ID,ANM,WE,Federal Contract Tower,0,15,5,0,20,0,3,24,0,27,0,18,29,0,47,0,0,0,47
10/30/2006,PIH,ID,ANM,WE,Federal Contract Tower,0,32,6,0,38,0,11,19,0,30,0,43,25,0,68,42,0,42,110
10/31/2006,PIH,ID,ANM,WE,Federal Contract Tower,0,31,8,0,39,0,11,39,0,50,0,42,47,0,89,56,0,56,145
11/01/2006,PIH,ID,ANM,WE,Federal Contract Tower,0,33,5,0,38,0,3,54,0,57,0,36,59,0,95,54,0,54,149
11/02/2006,PIH,ID,ANM,WE,Federal Contract Tower,0,30,5,0,35,0,10,35,0,45,0,40,40,0,80,48,0,48,128
11/03/2006,PIH,ID,ANM,WE,Federal Contract Tower,0,26,2,0,28,0,16,20,0,36,0,42,22,0,64,70,0,70,134
11/04/2006,PIH,ID,ANM,WE,Federal Contract Tower,0,19,9,0,28,0,4,12,0,16,0,23,21,0,44,28,0,28,72
11/05/2006,PIH,ID,ANM,WE,Federal Contract Tower,0,13,0,0,13,0,0,7,0,7,0,13,7,0,20,20,0,20,40
11/06/2006,PIH,ID,ANM,WE,Federal Contract Tower,0,23,5,0,28,0,12,17,0,29,0,35,22,0,57,48,0,48,105
11/07/2006,PIH,ID,ANM,WE,Federal Contract Tower,0,27,6,0,33,0,12,18,6,36,0,39,24,6,69,6,0,6,75
11/08/2006,PIH,ID,ANM,WE,Federal Contract Tower,0,33,5,0,38,0,7,25,0,32,0,40,30,0,70,20,0,20,90
11/09/2006,PIH,ID,ANM,WE,Federal Contract Tower,0,31,3,0,34,0,9,37,0,46,0,40,40,0,80,20,0,20,100
11/10/2006,PIH,ID,ANM,WE,Federal Contract Tower,2,25,11,0,38,0,10,33,0,43,2,35,44,0,81,54,0,54,135
11/11/2006,PIH,ID,ANM,WE,Federal Contract Tower,2,20,3,0,25,0,0,7,0,7,2,20,10,0,32,12,0,12,44
11/12/2006,PIH,ID,ANM,WE,Federal Contract Tower,0,14,7,0,21,0,2,19,0,21,0,16,26,0,42,14,0,14,56
11/13/2006,PIH,ID,ANM,WE,Federal Contract Tower,0,32,6,0,38,0,1,6,0,7,0,33,12,0,45,0,0,0,45
11/14/2006,PIH,ID,ANM,WE,Federal Contract Tower,0,34,4,0,38,0,4,38,2,44,0,38,42,2,82,0,0,0,82
11/15/2006,PIH,ID,ANM,WE,Federal Contract Tower,0,30,12,0,42,0,3,36,0,39,0,33,48,0,81,72,0,72,153
11/16/2006,PIH,ID,ANM,WE,Federal Contract Tower,0,36,8,0,44,0,7,26,0,33,0,43,34,0,77,50,0,50,127
11/17/2006,PIH,ID,ANM,WE,Federal Contract Tower,0,30,7,0,37,0,7,8,0,15,0,37,15,0,52,42,0,42,94
11/18/2006,PIH,ID,ANM,WE,Federal Contract Tower,0,19,14,0,33,0,7,31,0,38,0,26,45,0,71,60,0,60,131
11/19/2006,PIH,ID,ANM,WE,Federal Contract Tower,0,14,0,0,14,0,4,24,0,28,0,18,24,0,42,40,0,40,82
11/20/2006,PIH,ID,ANM,WE,Federal Contract Tower,0,23,6,0,29,0,12,40,0,52,0,35,46,0,81,28,0,28,109
11/21/2006,PIH,ID,ANM,WE,Federal Contract Tower,0,32,7,0,39,0,5,17,0,22,0,37,24,0,61,12,0,12,73
11/22/2006,PIH,ID,ANM,WE,Federal Contract Tower,0,30,8,0,38,0,12,42,0,54,0,42,50,0,92,72,0,72,164
11/23/2006,PIH,ID,ANM,WE,Federal Contract Tower,0,8,0,0,8,0,0,4,0,4,0,8,4,0,12,0,0,0,12
11/24/2006,PIH,ID,ANM,WE,Federal Contract Tower,0,31,4,0,35,0,9,30,0,39,0,40,34,0,74,94,0,94,168
11/25/2006,PIH,ID,ANM,WE,Federal Contract Tower,0,19,4,0,23,0,3,42,0,45,0,22,46,0,68,32,0,32,100
11/26/2006,PIH,ID,ANM,WE,Federal Contract Tower,0,13,2,0,15,0,2,19,0,21,0,15,21,0,36,28,0,28,64
11/27/2006,PIH,ID,ANM,WE,Federal Contract Tower,0,34,7,0,41,0,4,15,0,19,0,38,22,0,60,0,0,0,60
11/28/2006,PIH,ID,ANM,WE,Federal Contract Tower,0,33,9,0,42,0,2,2,0,4,0,35,11,0,46,12,0,12,58
11/29/2006,PIH,ID,ANM,WE,Federal Contract Tower,0,35,15,0,50,0,0,11,0,11,0,35,26,0,61,10,0,10,71
11/30/2006,PIH,ID,ANM,WE,Federal Contract Tower,0,32,9,0,41,0,10,22,2,34,0,42,31,2,75,18,0,18,93
12/01/2006,PIH,ID,ANM,WE,Federal Contract Tower,0,44,9,0,53,0,0,0,0,0,0,44,9,0,53,0,0,0,53
12/02/2006,PIH,ID,ANM,WE,Federal Contract Tower,0,18,4,0,22,0,2,15,0,17,0,20,19,0,39,32,0,32,71
12/03/2006,PIH,ID,ANM,WE,Federal Contract Tower,0,15,3,0,18,0,1,27,0,28,0,16,30,0,46,10,0,10,56
12/04/2006,PIH,ID,ANM,WE,Federal Contract Tower,0,23,1,0,24,0,7,28,0,35,0,30,29,0,59,64,0,64,123
12/05/2006,PIH,ID,ANM,WE,Federal Contract Tower,0,25,4,0,29,0,13,28,0,41,0,38,32,0,70,36,0,36,106
12/06/2006,PIH,ID,ANM,WE,Federal Contract Tower,0,26,8,0,34,0,16,34,0,50,0,42,42,0,84,52,0,52,136
12/07/2006,PIH,ID,ANM,WE,Federal Contract Tower,0,27,3,0,30,0,16,55,2,73,0,43,58,2,103,32,0,32,135
12/08/2006,PIH,ID,ANM,WE,Federal Contract Tower,0,31,1,2,34,0,10,65,2,77,0,41,66,4,111,64,0,64,175
12/09/2006,PIH,ID,ANM,WE,Federal Contract Tower,0,16,3,0,19,0,7,27,0,34,0,23,30,0,53,74,0,74,127
12/10/2006,PIH,ID,ANM,WE,Federal Contract Tower,0,16,5,0,21,0,0,20,0,20,0,16,25,0,41,20,0,20,61
12/11/2006,PIH,ID,ANM,WE,Federal Contract Tower,0,27,8,0,35,0,10,24,3,37,0,37,32,3,72,24,0,24,96
12/12/2006,PIH,ID,ANM,WE,Federal Contract Tower,0,31,4,0,35,0,2,11,0,13,0,33,15,0,48,12,0,12,60
12/13/2006,PIH,ID,ANM,WE,Federal Contract Tower,0,33,4,2,39,0,9,26,0,35,0,42,30,2,74,18,0,18,92
12/14/2006,PIH,ID,ANM,WE,Federal Contract Tower,0,32,6,0,38,0,8,15,0,23,0,40,21,0,61,0,0,0,61
12/15/2006,PIH,ID,ANM,WE,Federal Contract Tower,0,29,8,0,37,0,11,7,0,18,0,40,15,0,55,0,0,0,55
12/16/2006,PIH,ID,ANM,WE,Federal Contract Tower,0,23,6,0,29,0,6,21,0,27,0,29,27,0,56,30,0,30,86
12/17/2006,PIH,ID,ANM,WE,Federal Contract Tower,0,11,1,0,12,0,0,18,0,18,0,11,19,0,30,16,0,16,46
12/18/2006,PIH,ID,ANM,WE,Federal Contract Tower,0,26,13,0,39,0,3,21,0,24,0,29,34,0,63,26,0,26,89
12/19/2006,PIH,ID,ANM,WE,Federal Contract Tower,0,29,8,0,37,0,21,46,0,67,0,50,54,0,104,34,0,34,138
12/20/2006,PIH,ID,ANM,WE,Federal Contract Tower,0,28,7,0,35,0,9,51,0,60,0,37,58,0,95,64,0,64,159
12/21/2006,PIH,ID,ANM,WE,Federal Contract Tower,0,35,4,0,39,0,5,37,0,42,0,40,41,0,81,36,0,36,117
12/22/2006,PIH,ID,ANM,WE,Federal Contract Tower,0,38,3,0,41,0,1,2,0,3,0,39,5,0,44,0,0,0,44
12/23/2006,PIH,ID,ANM,WE,Federal Contract Tower,0,21,5,0,26,0,0,5,0,5,0,21,10,0,31,0,0,0,31
12/24/2006,PIH,ID,ANM,WE,Federal Contract Tower,0,13,9,0,22,0,0,7,0,7,0,13,16,0,29,0,0,0,29
12/25/2006,PIH,ID,ANM,WE,Federal Contract Tower,0,12,0,0,12,0,0,14,0,14,0,12,14,0,26,0,0,0,26
12/26/2006,PIH,ID,ANM,WE,Federal Contract Tower,0,22,4,0,26,0,6,21,0,27,0,28,25,0,53,28,0,28,81
12/27/2006,PIH,ID,ANM,WE,Federal Contract Tower,0,32,3,0,35,0,8,9,0,17,0,40,12,0,52,16,0,16,68
12/28/2006,PIH,ID,ANM,WE,Federal Contract Tower,0,29,7,0,36,0,10,21,0,31,0,39,28,0,67,24,0,24,91
12/29/2006,PIH,ID,ANM,WE,Federal Contract Tower,0,23,9,0,32,0,6,5,0,11,0,29,14,0,43,0,0,0,43
12/30/2006,PIH,ID,ANM,WE,Federal Contract Tower,0,14,9,0,23,0,0,0,0,0,0,14,9,0,23,0,0,0,23
12/31/2006,PIH,ID,ANM,WE,Federal Contract Tower,0,12,5,0,17,0,0,10,0,10,0,12,15,0,27,26,0,26,53
01/01/2007,PIH,ID,ANM,WE,Federal Contract Tower,0,17,8,0,25,0,0,5,0,5,0,17,13,0,30,0,0,0,30
01/02/2007,PIH,ID,ANM,WE,Federal Contract Tower,0,29,9,2,40,0,5,20,1,26,0,34,29,3,66,44,0,44,110
01/03/2007,PIH,ID,ANM,WE,Federal Contract Tower,0,31,3,0,34,0,2,23,0,25,0,33,26,0,59,36,0,36,95
01/04/2007,PIH,ID,ANM,WE,Federal Contract Tower,0,30,6,0,36,0,7,22,0,29,0,37,28,0,65,0,0,0,65
01/05/2007,PIH,ID,ANM,WE,Federal Contract Tower,0,26,5,0,31,0,3,9,0,12,0,29,14,0,43,4,0,4,47
01/06/2007,PIH,ID,ANM,WE,Federal Contract Tower,0,19,1,0,20,0,0,0,0,0,0,19,1,0,20,0,0,0,20
01/07/2007,PIH,ID,ANM,WE,Federal Contract Tower,0,14,3,0,17,0,2,4,0,6,0,16,7,0,23,0,0,0,23
01/08/2007,PIH,ID,ANM,WE,Federal Contract Tower,0,30,5,0,35,0,5,16,0,21,0,35,21,0,56,18,0,18,74
01/09/2007,PIH,ID,ANM,WE,Federal Contract Tower,0,20,5,0,25,0,13,40,0,53,0,33,45,0,78,36,0,36,114
01/10/2007,PIH,ID,ANM,WE,Federal Contract Tower,0,25,4,0,29,0,13,46,0,59,0,38,50,0,88,22,0,22,110
01/11/2007,PIH,ID,ANM,WE,Federal Contract Tower,0,29,8,0,37,0,2,2,0,4,0,31,10,0,41,0,0,0,41
01/12/2007,PIH,ID,ANM,WE,Federal Contract Tower,0,27,10,0,37,0,5,17,0,22,0,32,27,0,59,46,0,46,105
01/13/2007,PIH,ID,ANM,WE,Federal Contract Tower,0,17,7,0,24,0,2,39,0,41,0,19,46,0,65,66,0,66,131
01/14/2007,PIH,ID,ANM,WE,Federal Contract Tower,0,16,2,0,18,0,2,21,0,23,0,18,23,0,41,12,0,12,53
01/15/2007,PIH,ID,ANM,WE,Federal Contract Tower,0,19,4,0,23,0,2,20,0,22,0,21,24,0,45,34,0,34,79
01/16/2007,PIH,ID,ANM,WE,Federal Contract Tower,0,24,10,0,34,0,9,31,0,40,0,33,41,0,74,32,0,32,106
01/17/2007,PIH,ID,ANM,WE,Federal Contract Tower,0,31,8,0,39,0,3,11,0,14,0,34,19,0,53,20,0,20,73
01/18/2007,PIH,ID,ANM,WE,Federal Contract Tower,0,25,9,0,34,0,11,37,0,48,0,36,46,0,82,12,0,12,94
01/19/2007,PIH,ID,ANM,WE,Federal Contract Tower,0,27,3,0,30,0,9,21,0,30,0,36,24,0,60,24,0,24,84
01/20/2007,PIH,ID,ANM,WE,Federal Contract Tower,0,19,10,0,29,0,1,12,0,13,0,20,22,0,42,12,0,12,54
01/21/2007,PIH,ID,ANM,WE,Federal Contract Tower,0,23,4,0,27,0,2,28,0,30,0,25,32,0,57,16,0,16,73
01/22/2007,PIH,ID,ANM,WE,Federal Contract Tower,0,28,9,0,37,0,7,36,0,43,0,35,45,0,80,22,0,22,102
01/23/2007,PIH,ID,ANM,WE,Federal Contract Tower,0,27,2,0,29,0,6,40,0,46,0,33,42,0,75,64,0,64,139
01/24/2007,PIH,ID,ANM,WE,Federal Contract Tower,0,32,6,0,38,0,11,44,0,55,0,43,50,0,93,60,0,60,153
01/25/2007,PIH,ID,ANM,WE,Federal Contract Tower,0,25,10,0,35,0,19,84,0,103,0,44,94,0,138,95,0,95,233
01/26/2007,PIH,ID,ANM,WE,Federal Contract Tower,6,35,2,0,43,0,3,73,2,78,6,38,75,2,121,66,0,66,187
01/27/2007,PIH,ID,ANM,WE,Federal Contract Tower,2,23,1,0,26,0,1,40,2,43,2,24,41,2,69,48,0,48,117
01/28/2007,PIH,ID,ANM,WE,Federal Contract Tower,2,18,2,0,22,0,8,35,0,43,2,26,37,0,65,22,0,22,87
01/29/2007,PIH,ID,ANM,WE,Federal Contract Tower,0,29,3,0,32,0,9,28,0,37,0,38,31,0,69,26,0,26,95
01/30/2007,PIH,ID,ANM,WE,Federal Contract Tower,0,36,8,0,44,0,17,57,0,74,0,53,65,0,118,134,0,134,252
01/31/2007,PIH,ID,ANM,WE,Federal Contract Tower,0,37,10,0,47,0,5,34,0,39,0,42,44,0,86,82,0,82,168
02/01/2007,PIH,ID,ANM,WE,Federal Contract Tower,0,35,6,0,41,0,4,38,0,42,0,39,44,0,83,48,0,48,131
02/02/2007,PIH,ID,ANM,WE,Federal Contract Tower,0,30,7,0,37,0,11,23,0,34,0,41,30,0,71,50,0,50,121
02/03/2007,PIH,ID,ANM,WE,Federal Contract Tower,0,14,5,0,19,0,0,53,0,53,0,14,58,0,72,72,0,72,144
02/04/2007,PIH,ID,ANM,WE,Federal Contract Tower,0,15,4,0,19,0,5,26,0,31,0,20,30,0,50,20,0,20,70
02/05/2007,PIH,ID,ANM,WE,Federal Contract Tower,0,25,7,0,32,0,13,33,0,46,0,38,40,0,78,32,0,32,110
02/06/2007,PIH,ID,ANM,WE,Federal Contract Tower,0,27,9,0,36,0,16,38,0,54,0,43,47,0,90,86,0,86,176
02/07/2007,PIH,ID,ANM,WE,Federal Contract Tower,0,25,3,0,28,0,13,41,0,54,0,38,44,0,82,36,0,36,118
02/08/2007,PIH,ID,ANM,WE,Federal Contract Tower,0,29,2,0,31,0,5,26,0,31,0,34,28,0,62,16,0,16,78
02/09/2007,PIH,ID,ANM,WE,Federal Contract Tower,1,32,4,0,37,1,6,33,0,40,2,38,37,0,77,56,0,56,133
02/10/2007,PIH,ID,ANM,WE,Federal Contract Tower,0,20,1,0,21,0,8,49,0,57,0,28,50,0,78,94,0,94,172
02/11/2007,PIH,ID,ANM,WE,Federal Contract Tower,0,14,1,0,15,0,0,11,0,11,0,14,12,0,26,10,0,10,36
02/12/2007,PIH,ID,ANM,WE,Federal Contract Tower,0,26,6,0,32,0,10,24,0,34,0,36,30,0,66,40,0,40,106
02/13/2007,PIH,ID,ANM,WE,Federal Contract Tower,0,32,5,0,37,0,4,35,0,39,0,36,40,0,76,80,0,80,156
02/14/2007,PIH,ID,ANM,WE,Federal Contract Tower,0,26,10,0,36,0,11,38,0,49,0,37,48,0,85,34,0,34,119
02/15/2007,PIH,ID,ANM,WE,Federal Contract Tower,0,33,15,0,48,0,11,20,0,31,0,44,35,0,79,4,0,4,83
02/16/2007,PIH,ID,ANM,WE,Federal Contract Tower,0,31,10,0,41,0,9,46,0,55,0,40,56,0,96,32,0,32,128
02/17/2007,PIH,ID,ANM,WE,Federal Contract Tower,0,20,13,0,33,0,6,61,2,69,0,26,74,2,102,88,0,88,190
02/18/2007,PIH,ID,ANM,WE,Federal Contract Tower,0,14,6,0,20,0,2,42,0,44,0,16,48,0,64,70,0,70,134
02/19/2007,PIH,ID,ANM,WE,Federal Contract Tower,0,20,8,0,28,0,16,37,0,53,0,36,45,0,81,74,0,74,155
02/20/2007,PIH,ID,ANM,WE,Federal Contract Tower,0,24,5,0,29,0,12,25,0,37,0,36,30,0,66,18,0,18,84
02/21/2007,PIH,ID,ANM,WE,Federal Contract Tower,0,29,7,0,36,0,8,32,0,40,0,37,39,0,76,66,0,66,142
02/22/2007,PIH,ID,ANM,WE,Federal Contract Tower,2,28,8,0,38,0,9,14,0,23,2,37,22,0,61,32,0,32,93
02/23/2007,PIH,ID,ANM,WE,Federal Contract Tower,0,30,1,0,31,0,3,21,0,24,0,33,22,0,55,46,0,46,101
02/24/2007,PIH,ID,ANM,WE,Federal Contract Tower,0,17,2,0,19,0,4,38,0,42,0,21,40,0,61,54,0,54,115
02/25/2007,PIH,ID,ANM,WE,Federal Contract Tower,0,19,5,0,24,0,2,3,0,5,0,21,8,0,29,0,0,0,29
02/26/2007,PIH,ID,ANM,WE,Federal Contract Tower,0,32,4,0,36,0,6,29,0,35,0,38,33,0,71,60,0,60,131
02/27/2007,PIH,ID,ANM,WE,Federal Contract Tower,0,36,6,0,42,0,8,44,0,52,0,44,50,0,94,36,0,36,130
02/28/2007,PIH,ID,ANM,WE,Federal Contract Tower,0,29,7,0,36,0,5,9,0,14,0,34,16,0,50,26,0,26,76
03/01/2007,PIH,ID,ANM,WE,Federal Contract Tower,0,28,2,0,30,0,4,16,0,20,0,32,18,0,50,10,0,10,60
03/02/2007,PIH,ID,ANM,WE,Federal Contract Tower,0,31,3,0,34,0,13,32,0,45,0,44,35,0,79,92,0,92,171
03/03/2007,PIH,ID,ANM,WE,Federal Contract Tower,0,16,4,0,20,0,8,39,0,47,0,24,43,0,67,70,0,70,137
03/04/2007,PIH,ID,ANM,WE,Federal Contract Tower,0,15,4,0,19,0,0,40,4,44,0,15,44,4,63,58,0,58,121
03/05/2007,PIH,ID,ANM,WE,Federal Contract Tower,0,25,6,0,31,0,18,56,0,74,0,43,62,0,105,40,0,40,145
03/06/2007,PIH,ID,ANM,WE,Federal Contract Tower,0,27,4,0,31,0,16,46,0,62,0,43,50,0,93,62,0,62,155
03/07/2007,PIH,ID,ANM,WE,Federal Contract Tower,0,24,9,0,33,0,16,44,0,60,0,40,53,0,93,78,0,78,171
03/08/2007,PIH,ID,ANM,WE,Federal Contract Tower,0,25,9,0,34,0,7,15,0,22,0,32,24,0,56,8,0,8,64
03/09/2007,PIH,ID,ANM,WE,Federal Contract Tower,0,32,10,0,42,0,10,37,0,47,0,42,47,0,89,76,0,76,165
03/10/2007,PIH,ID,ANM,WE,Federal Contract Tower,0,18,2,0,20,0,2,10,0,12,0,20,12,0,32,18,0,18,50
03/11/2007,PIH,ID,ANM,WE,Federal Contract Tower,0,14,8,0,22,0,4,59,0,63,0,18,67,0,85,60,0,60,145
03/12/2007,PIH,ID,ANM,WE,Federal Contract Tower,0,22,2,0,24,0,18,40,0,58,0,40,42,0,82,30,0,30,112
03/13/2007,PIH,ID,ANM,WE,Federal Contract Tower,0,28,5,0,33,0,18,62,0,80,0,46,67,0,113,100,0,100,213
03/14/2007,PIH,ID,ANM,WE,Federal Contract Tower,0,28,2,0,30,0,9,31,2,42,0,37,33,2,72,30,4,34,106
03/15/2007,PIH,ID,ANM,WE,Federal Contract Tower,2,31,6,0,39,0,12,47,0,59,2,43,53,0,98,86,0,86,184
03/16/2007,PIH,ID,ANM,WE,Federal Contract Tower,0,29,6,1,36,0,9,51,1,61,0,38,57,2,97,52,2,54,151
03/17/2007,PIH,ID,ANM,WE,Federal Contract Tower,0,13,4,0,17,0,13,57,0,70,0,26,61,0,87,66,0,66,153
03/18/2007,PIH,ID,ANM,WE,Federal Contract Tower,2,16,5,0,23,0,2,45,0,47,2,18,50,0,70,30,0,30,100
03/19/2007,PIH,ID,ANM,WE,Federal Contract Tower,0,31,1,0,32,0,9,53,0,62,0,40,54,0,94,44,0,44,138
03/20/2007,PIH,ID,ANM,WE,Federal Contract Tower,0,27,7,0,34,0,13,40,0,53,0,40,47,0,87,33,0,33,120
03/21/2007,PIH,ID,ANM,WE,Federal Contract Tower,0,25,7,0,32,0,7,32,0,39,0,32,39,0,71,16,0,16,87
03/22/2007,PIH,ID,ANM,WE,Federal Contract Tower,0,25,3,0,28,0,20,48,2,70,0,45,51,2,98,132,0,132,230
03/23/2007,PIH,ID,ANM,WE,Federal Contract Tower,0,24,6,0,30,0,8,47,0,55,0,32,53,0,85,34,0,34,119
03/24/2007,PIH,ID,ANM,WE,Federal Contract Tower,0,13,2,0,15,0,4,98,0,102,0,17,100,0,117,66,0,66,183
03/25/2007,PIH,ID,ANM,WE,Federal Contract Tower,0,10,4,0,14,0,3,37,0,40,0,13,41,0,54,26,0,26,80
03/26/2007,PIH,ID,ANM,WE,Federal Contract Tower,0,21,6,0,27,0,15,36,0,51,0,36,42,0,78,34,0,34,112
03/27/2007,PIH,ID,ANM,WE,Federal Contract Tower,0,30,3,0,33,0,10,5,0,15,0,40,8,0,48,0,0,0,48
03/28/2007,PIH,ID,ANM,WE,Federal Contract Tower,0,29,6,0,35,0,1,2,0,3,0,30,8,0,38,0,0,0,38
03/29/2007,PIH,ID,ANM,WE,Federal Contract Tower,0,25,4,0,29,0,6,27,0,33,0,31,31,0,62,26,0,26,88
03/30/2007,PIH,ID,ANM,WE,Federal Contract Tower,0,19,2,0,21,0,7,37,0,44,0,26,39,0,65,52,0,52,117
03/31/2007,PIH,ID,ANM,WE,Federal Contract Tower,0,12,2,0,14,0,8,30,0,38,0,20,32,0,52,48,0,48,100
04/01/2007,PIH,ID,ANM,WE,Federal Contract Tower,0,10,1,0,11,0,4,16,0,20,0,14,17,0,31,0,0,0,31
04/02/2007,PIH,ID,ANM,WE,Federal Contract Tower,0,24,1,0,25,0,12,29,2,43,0,36,30,2,68,30,0,30,98
04/03/2007,PIH,ID,ANM,WE,Federal Contract Tower,0,25,6,0,31,0,13,54,4,71,0,38,60,4,102,106,0,106,208
04/04/2007,PIH,ID,ANM,WE,Federal Contract Tower,0,21,4,0,25,0,16,42,0,58,0,37,46,0,83,70,0,70,153
04/05/2007,PIH,ID,ANM,WE,Federal Contract Tower,0,25,3,0,28,0,8,39,0,47,0,33,42,0,75,58,0,58,133
04/06/2007,PIH,ID,ANM,WE,Federal Contract Tower,0,21,12,0,33,0,7,69,0,76,0,28,81,0,109,104,0,104,213
04/07/2007,PIH,ID,ANM,WE,Federal Contract Tower,0,14,4,0,18,0,3,63,0,66,0,17,67,0,84,86,0,86,170
04/08/2007,PIH,ID,ANM,WE,Federal Contract Tower,0,10,2,0,12,0,1,31,0,32,0,11,33,0,44,22,0,22,66
04/09/2007,PIH,ID,ANM,WE,Federal Contract Tower,0,23,7,0,30,0,13,19,0,32,0,36,26,0,62,18,0,18,80
04/10/2007,PIH,ID,ANM,WE,Federal Contract Tower,0,30,4,2,36,0,6,28,0,34,0,36,32,2,70,24,16,40,110
04/11/2007,PIH,ID,ANM,WE,Federal Contract Tower,0,27,6,0,33,0,6,45,0,51,0,33,51,0,84,38,0,38,122
04/12/2007,PIH,ID,ANM,WE,Federal Contract Tower,0,25,4,0,29,0,5,21,0,26,0,30,25,0,55,20,0,20,75
04/13/2007,PIH,ID,ANM,WE,Federal Contract Tower,0,24,4,0,28,0,9,59,0,68,0,33,63,0,96,76,0,76,172
04/14/2007,PIH,ID,ANM,WE,Federal Contract Tower,0,12,3,0,15,0,1,32,2,35,0,13,35,2,50,32,0,32,82
04/15/2007,PIH,ID,ANM,WE,Federal Contract Tower,0,10,2,0,12,0,2,13,0,15,0,12,15,0,27,28,0,28,55
04/16/2007,PIH,ID,ANM,WE,Federal Contract Tower,0,20,5,0,25,0,6,37,0,43,0,26,42,0,68,18,0,18,86
04/17/2007,PIH,ID,ANM,WE,Federal Contract Tower,0,21,3,0,24,0,6,19,0,25,0,27,22,0,49,16,0,16,65
04/18/2007,PIH,ID,ANM,WE,Federal Contract Tower,0,30,5,0,35,0,0,3,0,3,0,30,8,0,38,0,0,0,38
04/19/2007,PIH,ID,ANM,WE,Federal Contract Tower,0,27,6,0,33,0,3,16,0,19,0,30,22,0,52,32,0,32,84
04/20/2007,PIH,ID,ANM,WE,Federal Contract Tower,0,26,7,0,33,0,18,66,2,86,0,44,73,2,119,43,4,47,166
04/21/2007,PIH,ID,ANM,WE,Federal Contract Tower,0,16,4,0,20,0,3,48,0,51,0,19,52,0,71,61,0,61,132
04/22/2007,PIH,ID,ANM,WE,Federal Contract Tower,0,11,5,0,16,0,4,30,0,34,0,15,35,0,50,34,0,34,84
04/23/2007,PIH,ID,ANM,WE,Federal Contract Tower,0,30,8,0,38,0,4,0,0,4,0,34,8,0,42,26,0,26,68
04/24/2007,PIH,ID,ANM,WE,Federal Contract Tower,0,28,6,0,34,0,11,49,0,60,0,39,55,0,94,78,0,78,172
04/25/2007,PIH,ID,ANM,WE,Federal Contract Tower,0,25,3,0,28,0,5,40,0,45,0,30,43,0,73,0,0,0,73
04/26/2007,PIH,ID,ANM,WE,Federal Contract Tower,0,24,7,0,31,0,8,31,0,39,0,32,38,0,70,58,0,58,128
04/27/2007,PIH,ID,ANM,WE,Federal Contract Tower,0,24,9,0,33,0,12,51,0,63,0,36,60,0,96,50,0,50,146
04/28/2007,PIH,ID,ANM,WE,Federal Contract Tower,0,12,3,0,15,0,4,52,2,58,0,16,55,2,73,58,0,58,131
04/29/2007,PIH,ID,ANM,WE,Federal Contract Tower,0,10,2,0,12,0,0,40,0,40,0,10,42,0,52,42,0,42,94
04/30/2007,PIH,ID,ANM,WE,Federal Contract Tower,0,21,7,0,28,0,14,39,0,53,0,35,46,0,81,43,0,43,124
05/01/2007,PIH,ID,ANM,WE,Federal Contract Tower,0,25,10,0,35,0,5,38,0,43,0,30,48,0,78,50,0,50,128
05/02/2007,PIH,ID,ANM,WE,Federal Contract Tower,0,25,5,0,30,0,8,18,0,26,0,33,23,0,56,18,0,18,74
05/03/2007,PIH,ID,ANM,WE,Federal Contract Tower,0,27,3,0,30,0,6,21,0,27,0,33,24,0,57,12,0,12,69
05/04/2007,PIH,ID,ANM,WE,Federal Contract Tower,0,27,3,0,30,0,9,47,0,56,0,36,50,0,86,30,0,30,116
05/05/2007,PIH,ID,ANM,WE,Federal Contract Tower,0,12,1,0,13,0,0,37,0,37,0,12,38,0,50,26,0,26,76
05/06/2007,PIH,ID,ANM,WE,Federal Contract Tower,0,10,7,0,17,0,6,38,2,46,0,16,45,2,63,18,0,18,81
05/07/2007,PIH,ID,ANM,WE,Federal Contract Tower,0,21,5,0,26,0,14,50,0,64,0,35,55,0,90,42,0,42,132
05/08/2007,PIH,ID,ANM,WE,Federal Contract Tower,0,32,3,0,35,0,4,32,0,36,0,36,35,0,71,46,0,46,117
05/09/2007,PIH,ID,ANM,WE,Federal Contract Tower,0,18,6,0,24,0,17,48,0,65,0,35,54,0,89,52,0,52,141
05/10/2007,PIH,ID,ANM,WE,Federal Contract Tower,0,20,4,0,24,0,12,48,0,60,0,32,52,0,84,46,0,46,130
05/11/2007,PIH,ID,ANM,WE,Federal Contract Tower,0,20,8,2,30,0,16,79,0,95,0,36,87,2,125,50,0,50,175
05/12/2007,PIH,ID,ANM,WE,Federal Contract Tower,0,15,10,0,25,0,2,80,0,82,0,17,90,0,107,60,0,60,167
05/13/2007,PIH,ID,ANM,WE,Federal Contract Tower,0,10,6,0,16,0,2,22,0,24,0,12,28,0,40,0,0,0,40
05/14/2007,PIH,ID,ANM,WE,Federal Contract Tower,0,21,12,0,33,0,7,51,0,58,0,28,63,0,91,124,0,124,215
05/15/2007,PIH,ID,ANM,WE,Federal Contract Tower,0,28,3,0,31,0,9,46,0,55,0,37,49,0,86,68,0,68,154
05/16/2007,PIH,ID,ANM,WE,Federal Contract Tower,0,21,5,0,26,0,12,26,0,38,0,33,31,0,64,34,0,34,98
05/17/2007,PIH,ID,ANM,WE,Federal Contract Tower,0,21,18,0,39,0,11,54,0,65,0,32,72,0,104,20,0,20,124
05/18/2007,PIH,ID,ANM,WE,Federal Contract Tower,0,19,6,2,27,0,17,60,0,77,0,36,66,2,104,71,2,73,177
05/19/2007,PIH,ID,ANM,WE,Federal Contract Tower,0,13,4,2,19,0,9,54,4,67,0,22,58,6,86,38,1,39,125
05/20/2007,PIH,ID,ANM,WE,Federal Contract Tower,0,12,7,0,19,0,1,59,0,60,0,13,66,0,79,42,0,42,121
05/21/2007,PIH,ID,ANM,WE,Federal Contract Tower,0,18,1,0,19,0,7,23,0,30,0,25,24,0,49,36,0,36,85
05/22/2007,PIH,ID,ANM,WE,Federal Contract Tower,0,26,5,0,31,0,2,23,0,25,0,28,28,0,56,24,0,24,80
05/23/2007,PIH,ID,ANM,WE,Federal Contract Tower,0,23,6,0,29,0,10,46,0,56,0,33,52,0,85,62,0,62,147
05/24/2007,PIH,ID,ANM,WE,Federal Contract Tower,0,21,3,0,24,0,15,26,0,41,0,36,29,0,65,48,0,48,113
05/25/2007,PIH,ID,ANM,WE,Federal Contract Tower,0,23,1,0,24,0,13,64,2,79,0,36,65,2,103,63,4,67,170
05/26/2007,PIH,ID,ANM,WE,Federal Contract Tower,0,14,6,0,20,0,6,56,0,62,0,20,62,0,82,50,0,50,132
05/27/2007,PIH,ID,ANM,WE,Federal Contract Tower,0,10,3,0,13,0,3,15,0,18,0,13,18,0,31,20,0,20,51
05/28/2007,PIH,ID,ANM,WE,Federal Contract Tower,0,13,10,0,23,0,3,39,6,48,0,16,49,6,71,54,0,54,125
05/29/2007,PIH,ID,ANM,WE,Federal Contract Tower,0,17,1,0,18,0,9,38,2,49,0,26,39,2,67,46,0,46,113
05/30/2007,PIH,ID,ANM,WE,Federal Contract Tower,0,21,5,0,26,0,11,89,2,102,0,32,94,2,128,60,0,60,188
05/31/2007,PIH,ID,ANM,WE,Federal Contract Tower,0,25,6,0,31,0,15,78,4,97,0,40,84,4,128,46,0,46,174
06/01/2007,PIH,ID,ANM,WE,Federal Contract Tower,0,23,4,0,27,0,19,79,0,98,0,42,83,0,125,120,0,120,245
06/02/2007,PIH,ID,ANM,WE,Federal Contract Tower,0,14,6,0,20,0,8,62,0,70,0,22,68,0,90,45,0,45,135
06/03/2007,PIH,ID,ANM,WE,Federal Contract Tower,0,13,4,0,17,0,8,24,0,32,0,21,28,0,49,36,0,36,85
06/04/2007,PIH,ID,ANM,WE,Federal Contract Tower,0,22,9,0,31,0,9,55,0,64,0,31,64,0,95,96,0,96,191
06/05/2007,PIH,ID,ANM,WE,Federal Contract Tower,0,27,12,0,39,0,7,34,0,41,0,34,46,0,80,46,0,46,126
06/06/2007,PIH,ID,ANM,WE,Federal Contract Tower,0,28,5,0,33,0,0,0,0,0,0,28,5,0,33,0,0,0,33
06/07/2007,PIH,ID,ANM,WE,Federal Contract Tower,0,25,8,0,33,0,7,32,0,39,0,32,40,0,72,52,0,52,124
06/08/2007,PIH,ID,ANM,WE,Federal Contract Tower,0,18,5,0,23,0,14,44,0,58,0,32,49,0,81,36,0,36,117
06/09/2007,PIH,ID,ANM,WE,Federal Contract Tower,0,12,7,0,19,0,11,71,2,84,0,23,78,2,103,45,0,45,148
06/10/2007,PIH,ID,ANM,WE,Federal Contract Tower,0,10,2,0,12,0,0,11,0,11,0,10,13,0,23,0,0,0,23
06/11/2007,PIH,ID,ANM,WE,Federal Contract Tower,0,21,7,0,28,0,9,42,0,51,0,30,49,0,79,26,0,26,105
06/12/2007,PIH,ID,ANM,WE,Federal Contract Tower,0,21,2,2,25,0,10,35,0,45,0,31,37,2,70,12,12,24,94
06/13/2007,PIH,ID,ANM,WE,Federal Contract Tower,0,23,5,0,28,0,10,44,2,56,0,33,49,2,84,36,2,38,122
06/14/2007,PIH,ID,ANM,WE,Federal Contract Tower,0,20,6,0,26,0,18,44,0,62,0,38,50,0,88,40,0,40,128
06/15/2007,PIH,ID,ANM,WE,Federal Contract Tower,0,23,6,0,29,0,10,58,0,68,0,33,64,0,97,61,0,61,158
06/16/2007,PIH,ID,ANM,WE,Federal Contract Tower,0,14,3,0,17,0,2,58,0,60,0,16,61,0,77,30,0,30,107
06/17/2007,PIH,ID,ANM,WE,Federal Contract Tower,0,10,4,0,14,0,21,6,0,27,0,31,10,0,41,0,0,0,41
06/18/2007,PIH,ID,ANM,WE,Federal Contract Tower,0,19,5,0,24,0,24,43,4,71,0,43,48,4,95,22,10,32,127
06/19/2007,PIH,ID,ANM,WE,Federal Contract Tower,0,22,5,0,27,0,10,30,2,42,0,32,35,2,69,40,0,40,109
06/20/2007,PIH,ID,ANM,WE,Federal Contract Tower,0,20,10,0,30,14,55,67,2,138,14,75,77,2,168,40,14,54,222
06/21/2007,PIH,ID,ANM,WE,Federal Contract Tower,0,25,5,0,30,36,116,71,4,227,36,141,76,4,257,50,2,52,309
06/22/2007,PIH,ID,ANM,WE,Federal Contract Tower,0,23,7,0,30,21,45,54,0,120,21,68,61,0,150,48,0,48,198
06/23/2007,PIH,ID,ANM,WE,Federal Contract Tower,0,12,6,0,18,1,7,63,0,71,1,19,69,0,89,44,0,44,133
06/24/2007,PIH,ID,ANM,WE,Federal Contract Tower,0,12,0,0,12,1,35,43,0,79,1,47,43,0,91,20,0,20,111
06/25/2007,PIH,ID,ANM,WE,Federal Contract Tower,0,19,2,0,21,11,27,30,0,68,11,46,32,0,89,0,0,0,89
06/26/2007,PIH,ID,ANM,WE,Federal Contract Tower,0,25,2,0,27,9,30,32,0,71,9,55,34,0,98,66,0,66,164
06/27/2007,PIH,ID,ANM,WE,Federal Contract Tower,0,23,5,0,28,5,38,50,0,93,5,61,55,0,121,116,0,116,237
06/28/2007,PIH,ID,ANM,WE,Federal Contract Tower,0,22,4,0,26,0,26,54,0,80,0,48,58,0,106,120,0,120,226
06/29/2007,PIH,ID,ANM,WE,Federal Contract Tower,0,26,3,0,29,0,9,52,0,61,0,35,55,0,90,72,0,72,162
06/30/2007,PIH,ID,ANM,WE,Federal Contract Tower,0,15,3,0,18,0,5,39,0,44,0,20,42,0,62,38,0,38,100
07/01/2007,PIH,ID,ANM,WE,Federal Contract Tower,0,12,3,0,15,0,22,40,0,62,0,34,43,0,77,12,0,12,89
07/02/2007,PIH,ID,ANM,WE,Federal Contract Tower,0,17,0,0,17,0,15,42,0,57,0,32,42,0,74,32,0,32,106
07/03/2007,PIH,ID,ANM,WE,Federal Contract Tower,0,24,3,2,29,0,17,54,0,71,0,41,57,2,100,24,2,26,126
07/04/2007,PIH,ID,ANM,WE,Federal Contract Tower,0,10,3,0,13,0,16,50,0,66,0,26,53,0,79,20,0,20,99
07/05/2007,PIH,ID,ANM,WE,Federal Contract Tower,0,19,5,0,24,0,27,55,0,82,0,46,60,0,106,43,0,43,149
07/06/2007,PIH,ID,ANM,WE,Federal Contract Tower,0,23,7,0,30,0,18,39,1,58,0,41,46,1,88,18,0,18,106
07/07/2007,PIH,ID,ANM,WE,Federal Contract Tower,0,12,3,0,15,0,48,76,0,124,0,60,79,0,139,55,0,55,194
07/08/2007,PIH,ID,ANM,WE,Federal Contract Tower,0,12,9,2,23,0,90,65,0,155,0,102,74,2,178,8,0,8,186
07/09/2007,PIH,ID,ANM,WE,Federal Contract Tower,0,20,9,0,29,0,53,34,0,87,0,73,43,0,116,46,0,46,162
07/10/2007,PIH,ID,ANM,WE,Federal Contract Tower,0,23,2,0,25,4,74,41,4,123,4,97,43,4,148,68,4,72,220
07/11/2007,PIH,ID,ANM,WE,Federal Contract Tower,0,25,4,0,29,0,13,38,0,51,0,38,42,0,80,36,0,36,116
07/12/2007,PIH,ID,ANM,WE,Federal Contract Tower,0,25,5,0,30,6,30,38,2,76,6,55,43,2,106,30,16,46,152
07/13/2007,PIH,ID,ANM,WE,Federal Contract Tower,0,20,4,0,24,24,80,49,0,153,24,100,53,0,177,32,0,32,209
07/14/2007,PIH,ID,ANM,WE,Federal Contract Tower,0,11,4,0,15,2,37,51,2,92,2,48,55,2,107,46,0,46,153
07/15/2007,PIH,ID,ANM,WE,Federal Contract Tower,0,10,0,2,12,0,7,25,0,32,0,17,25,2,44,2,2,4,48
07/16/2007,PIH,ID,ANM,WE,Federal Contract Tower,0,17,7,2,26,0,15,36,2,53,0,32,43,4,79,10,2,12,91
07/17/2007,PIH,ID,ANM,WE,Federal Contract Tower,0,27,8,0,35,4,34,53,0,91,4,61,61,0,126,10,0,10,136
07/18/2007,PIH,ID,ANM,WE,Federal Contract Tower,0,24,4,0,28,2,30,70,2,104,2,54,74,2,132,30,0,30,162
07/19/2007,PIH,ID,ANM,WE,Federal Contract Tower,0,23,15,0,38,1,68,52,0,121,1,91,67,0,159,81,0,81,240
07/20/2007,PIH,ID,ANM,WE,Federal Contract Tower,0,19,7,0,26,17,46,49,0,112,17,65,56,0,138,42,0,42,180
07/21/2007,PIH,ID,ANM,WE,Federal Contract Tower,0,16,3,0,19,9,38,68,0,115,9,54,71,0,134,58,0,58,192
07/22/2007,PIH,ID,ANM,WE,Federal Contract Tower,0,10,7,0,17,2,45,57,4,108,2,55,64,4,125,84,0,84,209
07/23/2007,PIH,ID,ANM,WE,Federal Contract Tower,0,18,5,0,23,0,25,22,0,47,0,43,27,0,70,34,0,34,104
07/24/2007,PIH,ID,ANM,WE,Federal Contract Tower,0,23,1,0,24,0,8,9,0,17,0,31,10,0,41,14,0,14,55
07/25/2007,PIH,ID,ANM,WE,Federal Contract Tower,0,31,4,0,35,0,8,30,0,38,0,39,34,0,73,12,0,12,85
07/26/2007,PIH,ID,ANM,WE,Federal Contract Tower,0,24,12,2,38,0,11,40,2,53,0,35,52,4,91,36,0,36,127
07/27/2007,PIH,ID,ANM,WE,Federal Contract Tower,0,17,7,0,24,0,25,51,6,82,0,42,58,6,106,58,0,58,164
07/28/2007,PIH,ID,ANM,WE,Federal Contract Tower,0,12,5,0,17,0,15,51,0,66,0,27,56,0,83,28,0,28,111
07/29/2007,PIH,ID,ANM,WE,Federal Contract Tower,0,13,9,0,22,0,4,44,0,48,0,17,53,0,70,34,0,34,104
07/30/2007,PIH,ID,ANM,WE,Federal Contract Tower,0,19,6,0,25,0,16,32,0,48,0,35,38,0,73,58,0,58,131
07/31/2007,PIH,ID,ANM,WE,Federal Contract Tower,0,21,12,0,33,0,10,54,4,68,0,31,66,4,101,30,0,30,131
08/01/2007,PIH,ID,ANM,WE,Federal Contract Tower,0,22,8,0,30,0,20,32,0,52,0,42,40,0,82,40,0,40,122
08/02/2007,PIH,ID,ANM,WE,Federal Contract Tower,0,23,4,0,27,0,19,56,0,75,0,42,60,0,102,36,0,36,138
08/03/2007,PIH,ID,ANM,WE,Federal Contract Tower,0,27,4,0,31,0,13,40,0,53,0,40,44,0,84,70,0,70,154
08/04/2007,PIH,ID,ANM,WE,Federal Contract Tower,0,11,6,0,17,0,5,35,2,42,0,16,41,2,59,30,2,32,91
08/05/2007,PIH,ID,ANM,WE,Federal Contract Tower,0,12,1,0,13,0,135,45,0,180,0,147,46,0,193,34,0,34,227
08/06/2007,PIH,ID,ANM,WE,Federal Contract Tower,0,19,5,0,24,0,78,49,0,127,0,97,54,0,151,36,0,36,187
08/07/2007,PIH,ID,ANM,WE,Federal Contract Tower,0,23,12,0,35,0,82,56,0,138,0,105,68,0,173,42,0,42,215
08/08/2007,PIH,ID,ANM,WE,Federal Contract Tower,0,22,3,0,25,0,26,43,0,69,0,48,46,0,94,40,0,40,134
08/09/2007,PIH,ID,ANM,WE,Federal Contract Tower,0,23,6,0,29,2,29,55,0,86,2,52,61,0,115,74,0,74,189
08/10/2007,PIH,ID,ANM,WE,Federal Contract Tower,0,25,4,0,29,22,121,37,0,180,22,146,41,0,209,20,0,20,229
08/11/2007,PIH,ID,ANM,WE,Federal Contract Tower,0,15,7,0,22,10,110,45,0,165,10,125,52,0,187,18,0,18,205
08/12/2007,PIH,ID,ANM,WE,Federal Contract Tower,0,10,6,0,16,27,115,79,0,221,27,125,85,0,237,20,0,20,257
08/13/2007,PIH,ID,ANM,WE,Federal Contract Tower,1,18,4,0,23,23,54,46,0,123,24,72,50,0,146,54,0,54,200
08/14/2007,PIH,ID,ANM,WE,Federal Contract Tower,0,23,6,0,29,25,76,52,0,153,25,99,58,0,182,54,0,54,236
08/15/2007,PIH,ID,ANM,WE,Federal Contract Tower,0,26,6,0,32,13,77,60,2,152,13,103,66,2,184,4,2,6,190
08/16/2007,PIH,ID,ANM,WE,Federal Contract Tower,0,20,6,1,27,35,121,88,0,244,35,141,94,1,271,13,0,13,284
08/17/2007,PIH,ID,ANM,WE,Federal Contract Tower,0,24,4,0,28,13,55,60,0,128,13,79,64,0,156,33,0,33,189
08/18/2007,PIH,ID,ANM,WE,Federal Contract Tower,0,11,3,0,14,7,1,33,0,41,7,12,36,0,55,0,0,0,55
08/19/2007,PIH,ID,ANM,WE,Federal Contract Tower,0,13,4,0,17,4,0,30,2,36,4,13,34,2,53,26,0,26,79
08/20/2007,PIH,ID,ANM,WE,Federal Contract Tower,0,18,10,0,28,0,33,38,0,71,0,51,48,0,99,32,0,32,131
08/21/2007,PIH,ID,ANM,WE,Federal Contract Tower,0,28,13,0,41,0,7,50,2,59,0,35,63,2,100,34,10,44,144
08/22/2007,PIH,ID,ANM,WE,Federal Contract Tower,0,24,5,0,29,0,9,53,0,62,0,33,58,0,91,36,0,36,127
08/23/2007,PIH,ID,ANM,WE,Federal Contract Tower,0,25,6,0,31,0,103,63,0,166,0,128,69,0,197,36,0,36,233
08/24/2007,PIH,ID,ANM,WE,Federal Contract Tower,0,23,4,0,27,0,15,66,0,81,0,38,70,0,108,42,0,42,150
08/25/2007,PIH,ID,ANM,WE,Federal Contract Tower,2,13,5,2,22,0,21,87,0,108,2,34,92,2,130,46,0,46,176
08/26/2007,PIH,ID,ANM,WE,Federal Contract Tower,0,20,7,0,27,0,16,40,0,56,0,36,47,0,83,18,0,18,101
08/27/2007,PIH,ID,ANM,WE,Federal Contract Tower,0,17,4,0,21,0,18,28,0,46,0,35,32,0,67,8,0,8,75
08/28/2007,PIH,ID,ANM,WE,Federal Contract Tower,0,24,2,0,26,0,15,53,0,68,0,39,55,0,94,38,0,38,132
08/29/2007,PIH,ID,ANM,WE,Federal Contract Tower,0,22,4,0,26,0,21,63,0,84,0,43,67,0,110,24,0,24,134
08/30/2007,PIH,ID,ANM,WE,Federal Contract Tower,0,23,2,0,25,0,18,66,2,86,0,41,68,2,111,26,0,26,137
08/31/2007,PIH,ID,ANM,WE,Federal Contract Tower,0,20,9,0,29,0,10,54,0,64,0,30,63,0,93,26,0,26,119
09/01/2007,PIH,ID,ANM,WE,Federal Contract Tower,0,13,7,0,20,0,5,39,0,44,0,18,46,0,64,18,0,18,82
09/02/2007,PIH,ID,ANM,WE,Federal Contract Tower,0,10,10,0,20,0,24,18,0,42,0,34,28,0,62,16,0,16,78
09/03/2007,PIH,ID,ANM,WE,Federal Contract Tower,0,10,5,0,15,3,45,46,0,94,3,55,51,0,109,36,0,36,145
09/04/2007,PIH,ID,ANM,WE,Federal Contract Tower,4,28,13,0,45,0,9,20,0,29,4,37,33,0,74,4,0,4,78
09/05/2007,PIH,ID,ANM,WE,Federal Contract Tower,0,31,4,0,35,0,10,15,0,25,0,41,19,0,60,0,0,0,60
09/06/2007,PIH,ID,ANM,WE,Federal Contract Tower,0,24,10,0,34,0,9,37,0,46,0,33,47,0,80,18,0,18,98
09/07/2007,PIH,ID,ANM,WE,Federal Contract Tower,0,24,4,0,28,0,6,58,0,64,0,30,62,0,92,22,0,22,114
09/08/2007,PIH,ID,ANM,WE,Federal Contract Tower,0,15,3,2,20,3,24,48,0,75,3,39,51,2,95,48,0,48,143
09/09/2007,PIH,ID,ANM,WE,Federal Contract Tower,0,11,3,0,14,0,2,22,0,24,0,13,25,0,38,14,0,14,52
09/10/2007,PIH,ID,ANM,WE,Federal Contract Tower,0,20,5,0,25,0,11,43,0,54,0,31,48,0,79,48,0,48,127
09/11/2007,PIH,ID,ANM,WE,Federal Contract Tower,0,23,3,0,26,0,9,53,2,64,0,32,56,2,90,18,0,18,108
09/12/2007,PIH,ID,ANM,WE,Federal Contract Tower,0,23,2,0,25,0,22,72,0,94,0,45,74,0,119,22,0,22,141
09/13/2007,PIH,ID,ANM,WE,Federal Contract Tower,0,26,3,0,29,0,21,69,0,90,0,47,72,0,119,12,0,12,131
09/14/2007,PIH,ID,ANM,WE,Federal Contract Tower,2,17,4,0,23,1,25,57,0,83,3,42,61,0,106,36,0,36,142
09/15/2007,PIH,ID,ANM,WE,Federal Contract Tower,0,19,2,0,21,0,3,60,0,63,0,22,62,0,84,34,0,34,118
09/16/2007,PIH,ID,ANM,WE,Federal Contract Tower,0,10,6,0,16,3,27,49,0,79,3,37,55,0,95,30,0,30,125
09/17/2007,PIH,ID,ANM,WE,Federal Contract Tower,0,18,6,0,24,6,37,32,0,75,6,55,38,0,99,6,0,6,105
09/18/2007,PIH,ID,ANM,WE,Federal Contract Tower,0,24,9,0,33,0,9,42,0,51,0,33,51,0,84,26,0,26,110
09/19/2007,PIH,ID,ANM,WE,Federal Contract Tower,0,21,9,0,30,0,12,57,2,71,0,33,66,2,101,26,10,36,137
09/20/2007,PIH,ID,ANM,WE,Federal Contract Tower,0,17,7,1,25,2,16,45,0,63,2,33,52,1,88,50,0,50,138
09/21/2007,PIH,ID,ANM,WE,Federal Contract Tower,0,18,4,2,24,1,16,52,1,70,1,34,56,3,94,44,0,44,138
09/22/2007,PIH,ID,ANM,WE,Federal Contract Tower,0,15,6,0,21,0,2,19,0,21,0,17,25,0,42,10,0,10,52
09/23/2007,PIH,ID,ANM,WE,Federal Contract Tower,0,10,4,1,15,0,0,2,0,2,0,10,6,1,17,0,0,0,17
09/24/2007,PIH,ID,ANM,WE,Federal Contract Tower,0,25,8,0,33,0,8,38,0,46,0,33,46,0,79,40,0,40,119
09/25/2007,PIH,ID,ANM,WE,Federal Contract Tower,0,21,4,1,26,0,11,59,0,70,0,32,63,1,96,90,0,90,186
09/26/2007,PIH,ID,ANM,WE,Federal Contract Tower,0,21,2,0,23,0,20,65,0,85,0,41,67,0,108,96,0,96,204
09/27/2007,PIH,ID,ANM,WE,Federal Contract Tower,0,25,11,0,36,0,7,57,10,74,0,32,68,10,110,47,0,47,157
09/28/2007,PIH,ID,ANM,WE,Federal Contract Tower,0,22,6,0,28,0,17,27,0,44,0,39,33,0,72,50,0,50,122
09/29/2007,PIH,ID,ANM,WE,Federal Contract Tower,0,13,3,0,16,0,0,2,0,2,0,13,5,0,18,0,0,0,18
09/30/2007,PIH,ID,ANM,WE,Federal Contract Tower,0,12,3,0,15,0,3,47,0,50,0,15,50,0,65,32,0,32,97
10/01/2007,PIH,ID,ANM,WE,Federal Contract Tower,0,20,12,0,32,0,6,31,0,37,0,26,43,0,69,26,0,26,95
10/02/2007,PIH,ID,ANM,WE,Federal Contract Tower,0,23,5,0,28,0,13,47,0,60,0,36,52,0,88,110,0,110,198
10/03/2007,PIH,ID,ANM,WE,Federal Contract Tower,0,22,7,0,29,0,11,38,0,49,0,33,45,0,78,55,0,55,133
10/04/2007,PIH,ID,ANM,WE,Federal Contract Tower,0,21,15,0,36,0,11,47,0,58,0,32,62,0,94,30,0,30,124
10/05/2007,PIH,ID,ANM,WE,Federal Contract Tower,0,29,6,0,35,0,0,3,0,3,0,29,9,0,38,8,0,8,46
10/06/2007,PIH,ID,ANM,WE,Federal Contract Tower,0,14,1,0,15,0,0,0,0,0,0,14,1,0,15,0,0,0,15
10/07/2007,PIH,ID,ANM,WE,Federal Contract Tower,0,13,2,0,15,0,1,29,0,30,0,14,31,0,45,38,0,38,83
10/08/2007,PIH,ID,ANM,WE,Federal Contract Tower,0,14,3,0,17,0,2,56,0,58,0,16,59,0,75,53,0,53,128
10/09/2007,PIH,ID,ANM,WE,Federal Contract Tower,0,29,7,0,36,0,31,57,0,88,0,60,64,0,124,46,0,46,170
10/10/2007,PIH,ID,ANM,WE,Federal Contract Tower,0,26,6,0,32,0,11,28,0,39,0,37,34,0,71,38,0,38,109
10/11/2007,PIH,ID,ANM,WE,Federal Contract Tower,0,24,5,0,29,0,16,37,0,53,0,40,42,0,82,32,0,32,114
10/12/2007,PIH,ID,ANM,WE,Federal Contract Tower,2,18,5,0,25,0,12,36,0,48,2,30,41,0,73,0,8,8,81
10/13/2007,PIH,ID,ANM,WE,Federal Contract Tower,0,15,2,0,17,0,0,23,2,25,0,15,25,2,42,16,0,16,58
10/14/2007,PIH,ID,ANM,WE,Federal Contract Tower,0,10,7,0,17,0,0,34,0,34,0,10,41,0,51,12,0,12,63
10/15/2007,PIH,ID,ANM,WE,Federal Contract Tower,0,19,4,0,23,0,23,29,0,52,0,42,33,0,75,38,0,38,113
10/16/2007,PIH,ID,ANM,WE,Federal Contract Tower,0,28,9,0,37,0,6,10,0,16,0,34,19,0,53,0,0,0,53
10/17/2007,PIH,ID,ANM,WE,Federal Contract Tower,0,29,6,0,35,0,3,5,0,8,0,32,11,0,43,0,0,0,43
10/18/2007,PIH,ID,ANM,WE,Federal Contract Tower,0,27,10,0,37,0,4,26,0,30,0,31,36,0,67,39,0,39,106
10/19/2007,PIH,ID,ANM,WE,Federal Contract Tower,0,25,7,0,32,0,1,3,0,4,0,26,10,0,36,0,0,0,36
10/20/2007,PIH,ID,ANM,WE,Federal Contract Tower,2,16,3,0,21,0,0,3,0,3,2,16,6,0,24,0,0,0,24
10/21/2007,PIH,ID,ANM,WE,Federal Contract Tower,0,10,2,0,12,0,1,19,0,20,0,11,21,0,32,28,0,28,60
10/22/2007,PIH,ID,ANM,WE,Federal Contract Tower,0,18,5,0,23,0,5,50,0,55,0,23,55,0,78,17,0,17,95
10/23/2007,PIH,ID,ANM,WE,Federal Contract Tower,0,23,6,0,29,0,8,42,0,50,0,31,48,0,79,67,0,67,146
10/24/2007,PIH,ID,ANM,WE,Federal Contract Tower,2,19,11,0,32,0,8,52,0,60,2,27,63,0,92,54,0,54,146
10/25/2007,PIH,ID,ANM,WE,Federal Contract Tower,0,17,8,0,25,0,8,39,0,47,0,25,47,0,72,36,0,36,108
10/26/2007,PIH,ID,ANM,WE,Federal Contract Tower,0,24,10,0,34,0,11,41,0,52,0,35,51,0,86,4,0,4,90
10/27/2007,PIH,ID,ANM,WE,Federal Contract Tower,0,16,6,0,22,0,5,46,0,51,0,21,52,0,73,44,0,44,117
10/28/2007,PIH,ID,ANM,WE,Federal Contract Tower,0,12,2,0,14,0,0,24,0,24,0,12,26,0,38,18,0,18,56
10/29/2007,PIH,ID,ANM,WE,Federal Contract Tower,0,18,9,0,27,0,10,34,4,48,0,28,43,4,75,32,0,32,107
10/30/2007,PIH,ID,ANM,WE,Federal Contract Tower,0,31,8,0,39,0,2,7,0,9,0,33,15,0,48,10,0,10,58
10/31/2007,PIH,ID,ANM,WE,Federal Contract Tower,0,14,14,0,28,0,8,36,0,44,0,22,50,0,72,36,0,36,108
11/01/2007,PIH,ID,ANM,WE,Federal Contract Tower,0,20,11,0,31,0,6,27,0,33,0,26,38,0,64,18,0,18,82
11/02/2007,PIH,ID,ANM,WE,Federal Contract Tower,0,20,5,0,25,0,8,33,2,43,0,28,38,2,68,6,8,14,82
11/03/2007,PIH,ID,ANM,WE,Federal Contract Tower,0,18,6,0,24,0,4,73,2,79,0,22,79,2,103,68,0,68,171
11/04/2007,PIH,ID,ANM,WE,Federal Contract Tower,0,17,2,0,19,0,3,28,0,31,0,20,30,0,50,55,0,55,105
11/05/2007,PIH,ID,ANM,WE,Federal Contract Tower,0,15,10,0,25,0,15,51,0,66,0,30,61,0,91,48,0,48,139
11/06/2007,PIH,ID,ANM,WE,Federal Contract Tower,0,20,4,0,24,0,11,23,0,34,0,31,27,0,58,37,0,37,95
11/07/2007,PIH,ID,ANM,WE,Federal Contract Tower,0,19,5,0,24,0,16,38,0,54,0,35,43,0,78,28,0,28,106
11/08/2007,PIH,ID,ANM,WE,Federal Contract Tower,0,18,10,0,28,0,10,51,0,61,0,28,61,0,89,28,0,28,117
11/09/2007,PIH,ID,ANM,WE,Federal Contract Tower,0,19,8,0,27,0,17,40,0,57,0,36,48,0,84,28,0,28,112
11/10/2007,PIH,ID,ANM,WE,Federal Contract Tower,0,14,5,0,19,0,8,31,0,39,0,22,36,0,58,0,0,0,58
11/11/2007,PIH,ID,ANM,WE,Federal Contract Tower,0,10,6,0,16,0,0,2,0,2,0,10,8,0,18,0,0,0,18
11/12/2007,PIH,ID,ANM,WE,Federal Contract Tower,0,14,7,0,21,0,3,27,0,30,0,17,34,0,51,30,0,30,81
11/13/2007,PIH,ID,ANM,WE,Federal Contract Tower,0,24,4,0,28,0,6,5,0,11,0,30,9,0,39,0,0,0,39
11/14/2007,PIH,ID,ANM,WE,Federal Contract Tower,0,21,11,0,32,0,10,25,0,35,0,31,36,0,67,32,0,32,99
11/15/2007,PIH,ID,ANM,WE,Federal Contract Tower,0,18,7,1,26,0,8,25,1,34,0,26,32,2,60,0,4,4,64
11/16/2007,PIH,ID,ANM,WE,Federal Contract Tower,2,25,4,0,31,0,7,30,0,37,2,32,34,0,68,44,0,44,112
11/17/2007,PIH,ID,ANM,WE,Federal Contract Tower,0,14,6,0,20,0,3,29,0,32,0,17,35,0,52,23,0,23,75
11/18/2007,PIH,ID,ANM,WE,Federal Contract Tower,0,12,1,0,13,0,1,17,0,18,0,13,18,0,31,20,0,20,51
11/19/2007,PIH,ID,ANM,WE,Federal Contract Tower,0,19,2,0,21,0,7,20,0,27,0,26,22,0,48,6,0,6,54
11/20/2007,PIH,ID,ANM,WE,Federal Contract Tower,0,30,3,0,33,0,1,3,0,4,0,31,6,0,37,6,0,6,43
11/21/2007,PIH,ID,ANM,WE,Federal Contract Tower,0,27,4,0,31,0,10,15,0,25,0,37,19,0,56,20,0,20,76
11/22/2007,PIH,ID,ANM,WE,Federal Contract Tower,0,9,3,0,12,0,2,15,0,17,0,11,18,0,29,0,0,0,29
11/23/2007,PIH,ID,ANM,WE,Federal Contract Tower,4,23,9,0,36,0,6,19,0,25,4,29,28,0,61,14,0,14,75
11/24/2007,PIH,ID,ANM,WE,Federal Contract Tower,0,18,2,0,20,0,2,35,0,37,0,20,37,0,57,14,0,14,71
11/25/2007,PIH,ID,ANM,WE,Federal Contract Tower,2,10,7,0,19,0,0,39,0,39,2,10,46,0,58,12,0,12,70
11/26/2007,PIH,ID,ANM,WE,Federal Contract Tower,0,22,9,0,31,0,3,30,0,33,0,25,39,0,64,38,0,38,102
11/27/2007,PIH,ID,ANM,WE,Federal Contract Tower,0,29,11,0,40,0,4,3,1,8,0,33,14,1,48,4,0,4,52
11/28/2007,PIH,ID,ANM,WE,Federal Contract Tower,0,26,5,0,31,0,2,25,0,27,0,28,30,0,58,14,0,14,72
11/29/2007,PIH,ID,ANM,WE,Federal Contract Tower,0,23,11,0,34,0,6,10,0,16,0,29,21,0,50,0,0,0,50
11/30/2007,PIH,ID,ANM,WE,Federal Contract Tower,0,24,7,4,35,0,8,27,0,35,0,32,34,4,70,22,0,22,92
12/01/2007,PIH,ID,ANM,WE,Federal Contract Tower,0,14,2,0,16,0,0,5,0,5,0,14,7,0,21,8,0,8,29
12/02/2007,PIH,ID,ANM,WE,Federal Contract Tower,0,12,5,2,19,0,0,18,0,18,0,12,23,2,37,2,0,2,39
12/03/2007,PIH,ID,ANM,WE,Federal Contract Tower,0,20,2,1,23,0,6,13,0,19,0,26,15,1,42,12,0,12,54
12/04/2007,PIH,ID,ANM,WE,Federal Contract Tower,0,26,5,0,31,0,4,17,0,21,0,30,22,0,52,4,0,4,56
12/05/2007,PIH,ID,ANM,WE,Federal Contract Tower,0,33,8,0,41,0,6,29,0,35,0,39,37,0,76,12,0,12,88
12/06/2007,PIH,ID,ANM,WE,Federal Contract Tower,0,22,16,0,38,0,1,44,0,45,0,23,60,0,83,26,0,26,109
12/07/2007,PIH,ID,ANM,WE,Federal Contract Tower,0,26,5,0,31,0,0,0,0,0,0,26,5,0,31,0,0,0,31
12/08/2007,PIH,ID,ANM,WE,Federal Contract Tower,0,13,1,0,14,0,0,11,0,11,0,13,12,0,25,0,0,0,25
12/09/2007,PIH,ID,ANM,WE,Federal Contract Tower,0,12,0,0,12,0,0,13,0,13,0,12,13,0,25,51,0,51,76
12/10/2007,PIH,ID,ANM,WE,Federal Contract Tower,0,26,10,0,36,0,3,2,0,5,0,29,12,0,41,0,0,0,41
12/11/2007,PIH,ID,ANM,WE,Federal Contract Tower,0,33,6,0,39,0,2,6,0,8,0,35,12,0,47,0,0,0,47
12/12/2007,PIH,ID,ANM,WE,Federal Contract Tower,0,26,17,0,43,0,3,27,0,30,0,29,44,0,73,36,0,36,109
12/13/2007,PIH,ID,ANM,WE,Federal Contract Tower,0,29,8,0,37,0,0,0,0,0,0,29,8,0,37,0,0,0,37
12/14/2007,PIH,ID,ANM,WE,Federal Contract Tower,0,29,18,0,47,0,2,4,0,6,0,31,22,0,53,20,0,20,73
12/15/2007,PIH,ID,ANM,WE,Federal Contract Tower,0,18,8,0,26,0,3,7,0,10,0,21,15,0,36,25,0,25,61
12/16/2007,PIH,ID,ANM,WE,Federal Contract Tower,0,10,3,0,13,0,0,14,0,14,0,10,17,0,27,0,0,0,27
12/17/2007,PIH,ID,ANM,WE,Federal Contract Tower,0,20,5,0,25,0,5,12,0,17,0,25,17,0,42,15,0,15,57
12/18/2007,PIH,ID,ANM,WE,Federal Contract Tower,0,22,8,2,32,0,4,26,1,31,0,26,34,3,63,58,26,84,147
12/19/2007,PIH,ID,ANM,WE,Federal Contract Tower,0,26,12,0,38,0,5,4,0,9,0,31,16,0,47,10,0,10,57
12/20/2007,PIH,ID,ANM,WE,Federal Contract Tower,0,29,11,0,40,0,0,0,0,0,0,29,11,0,40,0,0,0,40
12/21/2007,PIH,ID,ANM,WE,Federal Contract Tower,0,25,5,0,30,0,3,15,0,18,0,28,20,0,48,10,0,10,58
12/22/2007,PIH,ID,ANM,WE,Federal Contract Tower,0,16,6,0,22,0,0,22,0,22,0,16,28,0,44,22,0,22,66
12/23/2007,PIH,ID,ANM,WE,Federal Contract Tower,0,7,4,0,11,0,1,2,0,3,0,8,6,0,14,16,0,16,30
12/24/2007,PIH,ID,ANM,WE,Federal Contract Tower,0,24,2,0,26,0,0,0,0,0,0,24,2,0,26,0,0,0,26
12/25/2007,PIH,ID,ANM,WE,Federal Contract Tower,0,10,0,0,10,0,0,0,0,0,0,10,0,0,10,0,0,0,10
12/26/2007,PIH,ID,ANM,WE,Federal Contract Tower,0,25,7,0,32,0,1,1,0,2,0,26,8,0,34,0,0,0,34
12/27/2007,PIH,ID,ANM,WE,Federal Contract Tower,0,26,8,0,34,0,0,0,0,0,0,26,8,0,34,0,0,0,34
12/28/2007,PIH,ID,ANM,WE,Federal Contract Tower,0,29,7,0,36,0,0,0,0,0,0,29,7,0,36,0,0,0,36
12/29/2007,PIH,ID,ANM,WE,Federal Contract Tower,0,12,8,0,20,0,0,0,0,0,0,12,8,0,20,10,0,10,30
12/30/2007,PIH,ID,ANM,WE,Federal Contract Tower,0,11,1,0,12,0,1,7,0,8,0,12,8,0,20,10,0,10,30
12/31/2007,PIH,ID,ANM,WE,Federal Contract Tower,0,18,6,0,24,0,4,32,0,36,0,22,38,0,60,38,0,38,98
01/01/2008,PIH,ID,ANM,WE,Federal Contract Tower,0,8,3,0,11,0,2,11,0,13,0,10,14,0,24,2,0,2,26
01/02/2008,PIH,ID,ANM,WE,Federal Contract Tower,0,18,6,0,24,0,10,34,0,44,0,28,40,0,68,24,0,24,92
01/03/2008,PIH,ID,ANM,WE,Federal Contract Tower,0,20,3,0,23,0,6,38,0,44,0,26,41,0,67,42,0,42,109
01/04/2008,PIH,ID,ANM,WE,Federal Contract Tower,0,26,2,0,28,0,4,19,0,23,0,30,21,0,51,14,0,14,65
01/05/2008,PIH,ID,ANM,WE,Federal Contract Tower,2,14,10,0,26,0,0,0,0,0,2,14,10,0,26,0,0,0,26
01/06/2008,PIH,ID,ANM,WE,Federal Contract Tower,0,9,5,0,14,0,0,3,0,3,0,9,8,0,17,0,0,0,17
01/07/2008,PIH,ID,ANM,WE,Federal Contract Tower,0,18,2,0,20,0,4,9,0,13,0,22,11,0,33,8,0,8,41
01/08/2008,PIH,ID,ANM,WE,Federal Contract Tower,0,27,11,0,38,0,0,3,0,3,0,27,14,0,41,22,0,22,63
01/09/2008,PIH,ID,ANM,WE,Federal Contract Tower,0,23,3,0,26,0,1,12,2,15,0,24,15,2,41,0,0,0,41
01/10/2008,PIH,ID,ANM,WE,Federal Contract Tower,0,24,1,0,25,0,3,11,4,18,0,27,12,4,43,0,0,0,43
01/11/2008,PIH,ID,ANM,WE,Federal Contract Tower,0,25,4,1,30,0,4,6,1,11,0,29,10,2,41,17,2,19,60
01/12/2008,PIH,ID,ANM,WE,Federal Contract Tower,0,13,2,1,16,0,0,0,1,1,0,13,2,2,17,0,12,12,29
01/13/2008,PIH,ID,ANM,WE,Federal Contract Tower,0,14,0,0,14,0,0,0,0,0,0,14,0,0,14,0,0,0,14
01/14/2008,PIH,ID,ANM,WE,Federal Contract Tower,0,21,9,0,30,0,3,20,0,23,0,24,29,0,53,43,0,43,96
01/15/2008,PIH,ID,ANM,WE,Federal Contract Tower,0,21,1,0,22,0,9,20,0,29,0,30,21,0,51,18,0,18,69
01/16/2008,PIH,ID,ANM,WE,Federal Contract Tower,0,19,8,0,27,0,12,31,0,43,0,31,39,0,70,54,0,54,124
01/17/2008,PIH,ID,ANM,WE,Federal Contract Tower,0,27,11,4,42,0,1,12,0,13,0,28,23,4,55,0,0,0,55
01/18/2008,PIH,ID,ANM,WE,Federal Contract Tower,0,23,6,0,29,0,1,23,0,24,0,24,29,0,53,24,0,24,77
01/19/2008,PIH,ID,ANM,WE,Federal Contract Tower,0,18,2,0,20,0,0,5,0,5,0,18,7,0,25,10,0,10,35
01/20/2008,PIH,ID,ANM,WE,Federal Contract Tower,0,12,3,0,15,0,0,0,0,0,0,12,3,0,15,0,0,0,15
01/21/2008,PIH,ID,ANM,WE,Federal Contract Tower,4,23,4,0,31,0,1,23,0,24,4,24,27,0,55,20,0,20,75
01/22/2008,PIH,ID,ANM,WE,Federal Contract Tower,0,21,9,0,30,0,4,37,0,41,0,25,46,0,71,22,0,22,93
01/23/2008,PIH,ID,ANM,WE,Federal Contract Tower,0,21,11,0,32,0,7,27,0,34,0,28,38,0,66,22,0,22,88
01/24/2008,PIH,ID,ANM,WE,Federal Contract Tower,0,28,4,0,32,0,1,18,0,19,0,29,22,0,51,40,0,40,91
01/25/2008,PIH,ID,ANM,WE,Federal Contract Tower,0,26,1,0,27,0,7,21,0,28,0,33,22,0,55,32,0,32,87
01/26/2008,PIH,ID,ANM,WE,Federal Contract Tower,0,20,2,0,22,0,1,24,0,25,0,21,26,0,47,38,0,38,85
01/27/2008,PIH,ID,ANM,WE,Federal Contract Tower,2,9,4,0,15,0,0,0,0,0,2,9,4,0,15,0,0,0,15
01/28/2008,PIH,ID,ANM,WE,Federal Contract Tower,0,21,4,0,25,0,2,6,0,8,0,23,10,0,33,10,0,10,43
01/29/2008,PIH,ID,ANM,WE,Federal Contract Tower,0,23,14,0,37,0,1,4,0,5,0,24,18,0,42,0,0,0,42
01/30/2008,PIH,ID,ANM,WE,Federal Contract Tower,0,25,4,0,29,0,2,4,0,6,0,27,8,0,35,0,0,0,35
01/31/2008,PIH,ID,ANM,WE,Federal Contract Tower,0,24,8,0,32,0,2,1,0,3,0,26,9,0,35,8,0,8,43
02/01/2008,PIH,ID,ANM,WE,Federal Contract Tower,0,27,4,0,31,0,5,18,0,23,0,32,22,0,54,28,0,28,82
02/02/2008,PIH,ID,ANM,WE,Federal Contract Tower,0,15,3,0,18,0,0,2,0,2,0,15,5,0,20,0,0,0,20
02/03/2008,PIH,ID,ANM,WE,Federal Contract Tower,0,9,2,0,11,0,0,0,0,0,0,9,2,0,11,0,0,0,11
02/04/2008,PIH,ID,ANM,WE,Federal Contract Tower,0,23,8,0,31,0,0,3,0,3,0,23,11,0,34,4,0,4,38
02/05/2008,PIH,ID,ANM,WE,Federal Contract Tower,0,27,9,0,36,0,2,14,0,16,0,29,23,0,52,34,0,34,86
02/06/2008,PIH,ID,ANM,WE,Federal Contract Tower,0,29,6,0,35,0,3,9,0,12,0,32,15,0,47,18,0,18,65
02/07/2008,PIH,ID,ANM,WE,Federal Contract Tower,0,27,3,0,30,0,2,4,0,6,0,29,7,0,36,0,0,0,36
02/08/2008,PIH,ID,ANM,WE,Federal Contract Tower,0,27,8,0,35,0,2,13,0,15,0,29,21,0,50,10,0,10,60
02/09/2008,PIH,ID,ANM,WE,Federal Contract Tower,0,14,12,0,26,0,0,23,0,23,0,14,35,0,49,18,0,18,67
02/10/2008,PIH,ID,ANM,WE,Federal Contract Tower,0,13,9,0,22,0,1,24,0,25,0,14,33,0,47,34,0,34,81
02/11/2008,PIH,ID,ANM,WE,Federal Contract Tower,0,18,3,0,21,0,1,31,0,32,0,19,34,0,53,32,0,32,85
02/12/2008,PIH,ID,ANM,WE,Federal Contract Tower,0,19,7,0,26,0,4,50,0,54,0,23,57,0,80,36,0,36,116
02/13/2008,PIH,ID,ANM,WE,Federal Contract Tower,0,28,6,0,34,0,0,0,0,0,0,28,6,0,34,0,0,0,34
02/14/2008,PIH,ID,ANM,WE,Federal Contract Tower,0,21,11,0,32,0,4,41,2,47,0,25,52,2,79,58,2,60,139
02/15/2008,PIH,ID,ANM,WE,Federal Contract Tower,0,28,11,0,39,0,5,20,0,25,0,33,31,0,64,18,0,18,82
02/16/2008,PIH,ID,ANM,WE,Federal Contract Tower,0,11,4,0,15,0,2,27,0,29,0,13,31,0,44,24,0,24,68
02/17/2008,PIH,ID,ANM,WE,Federal Contract Tower,0,11,3,0,14,0,0,7,0,7,0,11,10,0,21,0,0,0,21
02/18/2008,PIH,ID,ANM,WE,Federal Contract Tower,0,20,9,0,29,0,4,16,0,20,0,24,25,0,49,18,0,18,67
02/19/2008,PIH,ID,ANM,WE,Federal Contract Tower,0,21,8,0,29,0,9,24,0,33,0,30,32,0,62,66,0,66,128
02/20/2008,PIH,ID,ANM,WE,Federal Contract Tower,0,23,10,0,33,0,2,25,0,27,0,25,35,0,60,63,0,63,123
02/21/2008,PIH,ID,ANM,WE,Federal Contract Tower,0,18,3,0,21,0,3,13,0,16,0,21,16,0,37,24,0,24,61
02/22/2008,PIH,ID,ANM,WE,Federal Contract Tower,0,28,5,0,33,0,0,0,0,0,0,28,5,0,33,0,0,0,33
02/23/2008,PIH,ID,ANM,WE,Federal Contract Tower,0,16,3,0,19,0,0,6,0,6,0,16,9,0,25,0,0,0,25
02/24/2008,PIH,ID,ANM,WE,Federal Contract Tower,0,12,4,0,16,0,0,4,0,4,0,12,8,0,20,12,0,12,32
02/25/2008,PIH,ID,ANM,WE,Federal Contract Tower,0,31,7,0,38,0,0,10,0,10,0,31,17,0,48,28,0,28,76
02/26/2008,PIH,ID,ANM,WE,Federal Contract Tower,0,33,8,0,41,0,8,24,0,32,0,41,32,0,73,36,0,36,109
02/27/2008,PIH,ID,ANM,WE,Federal Contract Tower,0,14,2,0,16,0,8,25,0,33,0,22,27,0,49,66,0,66,115
02/28/2008,PIH,ID,ANM,WE,Federal Contract Tower,0,36,11,0,47,0,7,14,0,21,0,43,25,0,68,28,0,28,96
02/29/2008,PIH,ID,ANM,WE,Federal Contract Tower,0,29,9,0,38,0,4,28,0,32,0,33,37,0,70,58,0,58,128
03/01/2008,PIH,ID,ANM,WE,Federal Contract Tower,0,14,2,0,16,0,0,2,0,2,0,14,4,0,18,0,0,0,18
03/02/2008,PIH,ID,ANM,WE,Federal Contract Tower,0,9,0,0,9,0,2,31,0,33,0,11,31,0,42,52,0,52,94
03/03/2008,PIH,ID,ANM,WE,Federal Contract Tower,0,17,9,0,26,0,6,41,0,47,0,23,50,0,73,80,0,80,153
03/04/2008,PIH,ID,ANM,WE,Federal Contract Tower,0,23,5,0,28,0,4,18,2,24,0,27,23,2,52,36,0,36,88
03/05/2008,PIH,ID,ANM,WE,Federal Contract Tower,0,25,1,0,26,0,4,46,2,52,0,29,47,2,78,48,0,48,126
03/06/2008,PIH,ID,ANM,WE,Federal Contract Tower,0,27,5,0,32,0,2,59,0,61,0,29,64,0,93,70,0,70,163
03/07/2008,PIH,ID,ANM,WE,Federal Contract Tower,0,27,1,0,28,0,4,38,0,42,0,31,39,0,70,24,0,24,94
03/08/2008,PIH,ID,ANM,WE,Federal Contract Tower,0,19,3,0,22,0,0,4,0,4,0,19,7,0,26,10,0,10,36
03/09/2008,PIH,ID,ANM,WE,Federal Contract Tower,0,9,2,0,11,0,4,18,0,22,0,13,20,0,33,6,0,6,39
03/10/2008,PIH,ID,ANM,WE,Federal Contract Tower,0,13,3,2,18,0,4,18,0,22,0,17,21,2,40,28,0,28,68
03/11/2008,PIH,ID,ANM,WE,Federal Contract Tower,0,20,5,0,25,0,6,44,0,50,0,26,49,0,75,30,0,30,105
03/12/2008,PIH,ID,ANM,WE,Federal Contract Tower,0,20,4,0,24,0,8,27,2,37,0,28,31,2,61,14,0,14,75
03/13/2008,PIH,ID,ANM,WE,Federal Contract Tower,0,34,6,0,40,0,3,2,0,5,0,37,8,0,45,18,0,18,63
03/14/2008,PIH,ID,ANM,WE,Federal Contract Tower,0,26,8,2,36,0,6,20,0,26,0,32,28,2,62,38,0,38,100
03/15/2008,PIH,ID,ANM,WE,Federal Contract Tower,0,14,1,0,15,0,1,4,0,5,0,15,5,0,20,2,0,2,22
03/16/2008,PIH,ID,ANM,WE,Federal Contract Tower,0,12,0,0,12,0,1,0,0,1,0,13,0,0,13,0,0,0,13
03/17/2008,PIH,ID,ANM,WE,Federal Contract Tower,0,18,7,0,25,0,8,17,0,25,0,26,24,0,50,24,0,24,74
03/18/2008,PIH,ID,ANM,WE,Federal Contract Tower,0,23,6,2,31,0,3,18,0,21,0,26,24,2,52,12,0,12,64
03/19/2008,PIH,ID,ANM,WE,Federal Contract Tower,0,23,6,0,29,0,4,23,0,27,0,27,29,0,56,30,0,30,86
03/20/2008,PIH,ID,ANM,WE,Federal Contract Tower,0,31,5,0,36,0,4,19,0,23,0,35,24,0,59,16,0,16,75
03/21/2008,PIH,ID,ANM,WE,Federal Contract Tower,0,29,2,0,31,0,5,28,0,33,0,34,30,0,64,18,0,18,82
03/22/2008,PIH,ID,ANM,WE,Federal Contract Tower,0,13,10,0,23,0,6,56,0,62,0,19,66,0,85,34,0,34,119
03/23/2008,PIH,ID,ANM,WE,Federal Contract Tower,0,11,0,0,11,0,1,29,0,30,0,12,29,0,41,30,0,30,71
03/24/2008,PIH,ID,ANM,WE,Federal Contract Tower,0,18,2,0,20,0,7,25,0,32,0,25,27,0,52,38,0,38,90
03/25/2008,PIH,ID,ANM,WE,Federal Contract Tower,0,26,4,0,30,0,4,11,0,15,0,30,15,0,45,14,0,14,59
03/26/2008,PIH,ID,ANM,WE,Federal Contract Tower,0,23,5,0,28,0,3,17,2,22,0,26,22,2,50,0,0,0,50
03/27/2008,PIH,ID,ANM,WE,Federal Contract Tower,0,25,7,0,32,0,3,18,0,21,0,28,25,0,53,20,0,20,73
03/28/2008,PIH,ID,ANM,WE,Federal Contract Tower,0,21,8,0,29,0,8,38,0,46,0,29,46,0,75,38,0,38,113
03/29/2008,PIH,ID,ANM,WE,Federal Contract Tower,0,13,6,0,19,0,0,26,0,26,0,13,32,0,45,30,0,30,75
03/30/2008,PIH,ID,ANM,WE,Federal Contract Tower,0,9,5,0,14,0,1,11,2,14,0,10,16,2,28,6,0,6,34
03/31/2008,PIH,ID,ANM,WE,Federal Contract Tower,0,22,2,0,24,0,1,12,0,13,0,23,14,0,37,42,0,42,79
04/01/2008,PIH,ID,ANM,WE,Federal Contract Tower,0,23,6,2,31,0,10,50,0,60,0,33,56,2,91,48,2,50,141
04/02/2008,PIH,ID,ANM,WE,Federal Contract Tower,0,21,4,0,25,0,6,43,6,55,0,27,47,6,80,48,0,48,128
04/03/2008,PIH,ID,ANM,WE,Federal Contract Tower,0,18,10,0,28,0,8,31,5,44,0,26,41,5,72,30,0,30,102
04/04/2008,PIH,ID,ANM,WE,Federal Contract Tower,0,21,2,0,23,0,9,32,0,41,0,30,34,0,64,6,0,6,70
04/05/2008,PIH,ID,ANM,WE,Federal Contract Tower,0,15,2,0,17,0,0,24,0,24,0,15,26,0,41,10,0,10,51
04/06/2008,PIH,ID,ANM,WE,Federal Contract Tower,0,10,4,0,14,0,0,19,0,19,0,10,23,0,33,0,0,0,33
04/07/2008,PIH,ID,ANM,WE,Federal Contract Tower,0,22,2,0,24,0,5,14,0,19,0,27,16,0,43,4,0,4,47
04/08/2008,PIH,ID,ANM,WE,Federal Contract Tower,0,21,4,0,25,0,9,29,0,38,0,30,33,0,63,38,0,38,101
04/09/2008,PIH,ID,ANM,WE,Federal Contract Tower,0,18,2,0,20,0,0,21,0,21,0,18,23,0,41,4,0,4,45
04/10/2008,PIH,ID,ANM,WE,Federal Contract Tower,0,25,7,0,32,0,2,31,0,33,0,27,38,0,65,8,0,8,73
04/11/2008,PIH,ID,ANM,WE,Federal Contract Tower,0,18,6,0,24,0,11,48,0,59,0,29,54,0,83,10,0,10,93
04/12/2008,PIH,ID,ANM,WE,Federal Contract Tower,0,14,7,0,21,0,2,56,0,58,0,16,63,0,79,28,0,28,107
04/13/2008,PIH,ID,ANM,WE,Federal Contract Tower,0,12,3,0,15,0,3,56,2,61,0,15,59,2,76,11,0,11,87
04/14/2008,PIH,ID,ANM,WE,Federal Contract Tower,0,18,5,0,23,0,5,16,0,21,0,23,21,0,44,8,0,8,52
04/15/2008,PIH,ID,ANM,WE,Federal Contract Tower,0,25,5,0,30,0,2,16,0,18,0,27,21,0,48,0,0,0,48
04/16/2008,PIH,ID,ANM,WE,Federal Contract Tower,0,21,6,2,29,0,6,23,2,31,0,27,29,4,60,16,0,16,76
04/17/2008,PIH,ID,ANM,WE,Federal Contract Tower,0,20,8,0,28,0,8,51,4,63,0,28,59,4,91,14,10,24,115
04/18/2008,PIH,ID,ANM,WE,Federal Contract Tower,0,17,4,0,21,0,8,42,0,50,0,25,46,0,71,26,0,26,97
04/19/2008,PIH,ID,ANM,WE,Federal Contract Tower,0,16,1,0,17,0,1,28,1,30,0,17,29,1,47,0,0,0,47
04/20/2008,PIH,ID,ANM,WE,Federal Contract Tower,0,10,4,0,14,0,1,8,0,9,0,11,12,0,23,0,0,0,23
04/21/2008,PIH,ID,ANM,WE,Federal Contract Tower,0,19,4,0,23,0,11,31,0,42,0,30,35,0,65,30,0,30,95
04/22/2008,PIH,ID,ANM,WE,Federal Contract Tower,0,19,7,0,26,0,9,46,0,55,0,28,53,0,81,38,0,38,119
04/23/2008,PIH,ID,ANM,WE,Federal Contract Tower,0,20,6,0,26,0,9,26,0,35,0,29,32,0,61,48,0,48,109
04/24/2008,PIH,ID,ANM,WE,Federal Contract Tower,0,28,2,0,30,0,3,16,0,19,0,31,18,0,49,0,0,0,49
04/25/2008,PIH,ID,ANM,WE,Federal Contract Tower,0,26,5,0,31,0,5,19,0,24,0,31,24,0,55,10,0,10,65
04/26/2008,PIH,ID,ANM,WE,Federal Contract Tower,0,14,6,0,20,0,3,64,0,67,0,17,70,0,87,30,0,30,117
04/27/2008,PIH,ID,ANM,WE,Federal Contract Tower,0,11,2,0,13,0,2,46,0,48,0,13,48,0,61,68,0,68,129
04/28/2008,PIH,ID,ANM,WE,Federal Contract Tower,0,15,17,0,32,0,10,32,2,44,0,25,49,2,76,32,0,32,108
04/29/2008,PIH,ID,ANM,WE,Federal Contract Tower,0,20,6,0,26,0,5,33,4,42,0,25,39,4,68,56,2,58,126
04/30/2008,PIH,ID,ANM,WE,Federal Contract Tower,0,26,10,0,36,0,2,13,0,15,0,28,23,0,51,8,0,8,59
05/01/2008,PIH,ID,ANM,WE,Federal Contract Tower,0,25,6,0,31,0,5,15,0,20,0,30,21,0,51,44,0,44,95
05/02/2008,PIH,ID,ANM,WE,Federal Contract Tower,0,20,11,2,33,0,11,54,6,71,0,31,65,8,104,76,0,76,180
05/03/2008,PIH,ID,ANM,WE,Federal Contract Tower,0,15,1,0,16,0,1,58,10,69,0,16,59,10,85,53,0,53,138
05/04/2008,PIH,ID,ANM,WE,Federal Contract Tower,0,8,2,2,12,0,1,39,0,40,0,9,41,2,52,30,0,30,82
05/05/2008,PIH,ID,ANM,WE,Federal Contract Tower,0,16,4,0,20,0,10,49,6,65,0,26,53,6,85,32,0,32,117
05/06/2008,PIH,ID,ANM,WE,Federal Contract Tower,0,19,3,0,22,0,7,33,2,42,0,26,36,2,64,8,0,8,72
05/07/2008,PIH,ID,ANM,WE,Federal Contract Tower,0,23,7,0,30,0,14,31,0,45,0,37,38,0,75,28,0,28,103
05/08/2008,PIH,ID,ANM,WE,Federal Contract Tower,0,19,5,0,24,0,14,38,2,54,0,33,43,2,78,12,0,12,90
05/09/2008,PIH,ID,ANM,WE,Federal Contract Tower,0,23,10,2,35,0,3,41,0,44,0,26,51,2,79,22,0,22,101
05/10/2008,PIH,ID,ANM,WE,Federal Contract Tower,0,12,0,0,12,0,3,46,0,49,0,15,46,0,61,28,0,28,89
05/11/2008,PIH,ID,ANM,WE,Federal Contract Tower,0,12,5,0,17,0,4,28,0,32,0,16,33,0,49,10,0,10,59
05/12/2008,PIH,ID,ANM,WE,Federal Contract Tower,0,23,4,0,27,0,2,24,0,26,0,25,28,0,53,6,0,6,59
05/13/2008,PIH,ID,ANM,WE,Federal Contract Tower,0,19,6,0,25,0,11,33,0,44,0,30,39,0,69,44,0,44,113
05/14/2008,PIH,ID,ANM,WE,Federal Contract Tower,0,17,8,0,25,0,9,37,0,46,0,26,45,0,71,46,0,46,117
05/15/2008,PIH,ID,ANM,WE,Federal Contract Tower,0,17,5,0,22,0,7,35,10,52,0,24,40,10,74,12,0,12,86
05/16/2008,PIH,ID,ANM,WE,Federal Contract Tower,0,16,3,0,19,0,15,61,0,76,0,31,64,0,95,70,0,70,165
05/17/2008,PIH,ID,ANM,WE,Federal Contract Tower,0,13,1,0,14,0,3,59,0,62,0,16,60,0,76,90,0,90,166
05/18/2008,PIH,ID,ANM,WE,Federal Contract Tower,0,13,5,0,18,0,0,31,0,31,0,13,36,0,49,10,0,10,59
05/19/2008,PIH,ID,ANM,WE,Federal Contract Tower,0,20,5,0,25,0,11,42,0,53,0,31,47,0,78,26,0,26,104
05/20/2008,PIH,ID,ANM,WE,Federal Contract Tower,0,21,1,0,22,0,14,41,0,55,0,35,42,0,77,40,0,40,117
05/21/2008,PIH,ID,ANM,WE,Federal Contract Tower,0,26,4,0,30,0,0,18,0,18,0,26,22,0,48,20,0,20,68
05/22/2008,PIH,ID,ANM,WE,Federal Contract Tower,0,27,12,0,39,0,2,11,0,13,0,29,23,0,52,0,0,0,52
05/23/2008,PIH,ID,ANM,WE,Federal Contract Tower,0,25,6,0,31,0,3,16,3,22,0,28,22,3,53,14,0,14,67
05/24/2008,PIH,ID,ANM,WE,Federal Contract Tower,0,17,1,0,18,0,1,20,2,23,0,18,21,2,41,0,0,0,41
05/25/2008,PIH,ID,ANM,WE,Federal Contract Tower,0,12,0,0,12,0,0,23,0,23,0,12,23,0,35,0,0,0,35
05/26/2008,PIH,ID,ANM,WE,Federal Contract Tower,0,10,1,0,11,0,1,15,0,16,0,11,16,0,27,14,0,14,41
05/27/2008,PIH,ID,ANM,WE,Federal Contract Tower,0,26,5,0,31,0,5,25,0,30,0,31,30,0,61,34,0,34,95
05/28/2008,PIH,ID,ANM,WE,Federal Contract Tower,0,22,4,0,26,0,3,18,0,21,0,25,22,0,47,26,0,26,73
05/29/2008,PIH,ID,ANM,WE,Federal Contract Tower,0,19,4,0,23,0,3,33,0,36,0,22,37,0,59,31,0,31,90
05/30/2008,PIH,ID,ANM,WE,Federal Contract Tower,0,18,5,2,25,0,10,33,0,43,0,28,38,2,68,48,0,48,116
05/31/2008,PIH,ID,ANM,WE,Federal Contract Tower,0,14,4,0,18,0,4,47,0,51,0,18,51,0,69,32,0,32,101
06/01/2008,PIH,ID,ANM,WE,Federal Contract Tower,0,10,5,0,15,0,0,28,0,28,0,10,33,0,43,10,0,10,53
06/02/2008,PIH,ID,ANM,WE,Federal Contract Tower,0,14,3,0,17,0,9,29,4,42,0,23,32,4,59,28,0,28,87
06/03/2008,PIH,ID,ANM,WE,Federal Contract Tower,0,20,4,0,24,0,3,30,2,35,0,23,34,2,59,86,0,86,145
06/04/2008,PIH,ID,ANM,WE,Federal Contract Tower,0,24,11,2,37,0,3,13,0,16,0,27,24,2,53,55,0,55,108
06/05/2008,PIH,ID,ANM,WE,Federal Contract Tower,0,18,4,2,24,0,6,41,4,51,0,24,45,6,75,102,0,102,177
06/06/2008,PIH,ID,ANM,WE,Federal Contract Tower,0,20,3,2,25,0,4,13,2,19,0,24,16,4,44,40,0,40,84
06/07/2008,PIH,ID,ANM,WE,Federal Contract Tower,0,14,3,0,17,0,0,42,0,42,0,14,45,0,59,10,0,10,69
06/08/2008,PIH,ID,ANM,WE,Federal Contract Tower,0,13,1,0,14,0,5,17,0,22,0,18,18,0,36,0,0,0,36
06/09/2008,PIH,ID,ANM,WE,Federal Contract Tower,0,17,7,0,24,0,12,44,0,56,0,29,51,0,80,58,0,58,138
06/10/2008,PIH,ID,ANM,WE,Federal Contract Tower,0,22,4,0,26,0,5,22,0,27,0,27,26,0,53,0,0,0,53
06/11/2008,PIH,ID,ANM,WE,Federal Contract Tower,0,20,11,0,31,0,3,22,2,27,0,23,33,2,58,26,0,26,84
06/12/2008,PIH,ID,ANM,WE,Federal Contract Tower,0,14,8,0,22,0,8,35,2,45,0,22,43,2,67,45,0,45,112
06/13/2008,PIH,ID,ANM,WE,Federal Contract Tower,0,20,6,0,26,0,6,79,0,85,0,26,85,0,111,65,0,65,176
06/14/2008,PIH,ID,ANM,WE,Federal Contract Tower,0,12,4,0,16,0,0,43,0,43,0,12,47,0,59,34,0,34,93
06/15/2008,PIH,ID,ANM,WE,Federal Contract Tower,0,8,4,0,12,0,2,49,0,51,0,10,53,0,63,46,0,46,109
06/16/2008,PIH,ID,ANM,WE,Federal Contract Tower,0,12,5,0,17,0,10,53,0,63,0,22,58,0,80,86,0,86,166
06/17/2008,PIH,ID,ANM,WE,Federal Contract Tower,0,19,17,0,36,0,10,61,0,71,0,29,78,0,107,120,0,120,227
06/18/2008,PIH,ID,ANM,WE,Federal Contract Tower,0,15,9,1,25,0,11,53,1,65,0,26,62,2,90,80,0,80,170
06/19/2008,PIH,ID,ANM,WE,Federal Contract Tower,0,10,7,0,17,0,19,55,0,74,0,29,62,0,91,36,0,36,127
06/20/2008,PIH,ID,ANM,WE,Federal Contract Tower,0,14,7,2,23,0,12,69,0,81,0,26,76,2,104,66,0,66,170
06/21/2008,PIH,ID,ANM,WE,Federal Contract Tower,0,12,4,0,16,0,0,67,0,67,0,12,71,0,83,82,0,82,165
06/22/2008,PIH,ID,ANM,WE,Federal Contract Tower,0,8,3,0,11,0,5,41,0,46,0,13,44,0,57,24,0,24,81
06/23/2008,PIH,ID,ANM,WE,Federal Contract Tower,0,13,9,0,22,0,12,54,0,66,0,25,63,0,88,52,0,52,140
06/24/2008,PIH,ID,ANM,WE,Federal Contract Tower,0,15,5,0,20,0,11,51,0,62,0,26,56,0,82,42,0,42,124
06/25/2008,PIH,ID,ANM,WE,Federal Contract Tower,0,14,6,0,20,0,11,68,2,81,0,25,74,2,101,34,0,34,135
06/26/2008,PIH,ID,ANM,WE,Federal Contract Tower,0,14,4,0,18,0,8,61,4,73,0,22,65,4,91,42,0,42,133
06/27/2008,PIH,ID,ANM,WE,Federal Contract Tower,0,16,4,0,20,0,11,49,2,62,0,27,53,2,82,81,0,81,163
06/28/2008,PIH,ID,ANM,WE,Federal Contract Tower,0,11,1,0,12,0,1,63,0,64,0,12,64,0,76,84,0,84,160
06/29/2008,PIH,ID,ANM,WE,Federal Contract Tower,0,10,2,0,12,0,2,49,0,51,0,12,51,0,63,28,0,28,91
06/30/2008,PIH,ID,ANM,WE,Federal Contract Tower,0,16,2,0,18,0,2,35,0,37,0,20,37,0,57,40,0,40,99
07/01/2008,PIH,ID,ANM,WE,Federal Contract Tower,0,11,7,0,18,0,11,51,2,64,0,22,58,2,82,44,0,44,126
07/02/2008,PIH,ID,ANM,WE,Federal Contract Tower,0,14,5,0,19,0,9,36,0,45,0,23,41,0,64,20,0,20,84
07/03/2008,PIH,ID,ANM,WE,Federal Contract Tower,0,11,1,0,12,0,11,48,2,61,0,22,49,2,73,42,0,42,115
07/04/2008,PIH,ID,ANM,WE,Federal Contract Tower,0,6,1,0,7,0,1,34,0,35,0,7,35,0,42,14,0,14,56
07/05/2008,PIH,ID,ANM,WE,Federal Contract Tower,0,10,1,0,11,0,4,47,0,51,0,14,48,0,62,62,0,62,124
07/06/2008,PIH,ID,ANM,WE,Federal Contract Tower,0,9,5,0,14,0,0,35,0,35,0,9,40,0,49,38,0,38,87
07/07/2008,PIH,ID,ANM,WE,Federal Contract Tower,0,12,6,0,18,0,10,46,2,58,0,22,52,2,76,50,0,50,126
07/08/2008,PIH,ID,ANM,WE,Federal Contract Tower,0,14,4,0,18,0,10,42,2,54,0,24,46,2,72,76,0,76,148
07/09/2008,PIH,ID,ANM,WE,Federal Contract Tower,0,16,1,0,17,5,23,61,0,89,5,39,62,0,106,36,0,36,142
07/10/2008,PIH,ID,ANM,WE,Federal Contract Tower,0,11,5,0,16,0,9,58,0,67,0,20,63,0,83,62,0,62,145
07/11/2008,PIH,ID,ANM,WE,Federal Contract Tower,0,15,6,0,21,0,10,49,0,59,0,25,55,0,80,34,0,34,114
07/12/2008,PIH,ID,ANM,WE,Federal Contract Tower,0,11,8,0,19,0,2,46,0,48,0,13,54,0,67,40,0,40,107
07/13/2008,PIH,ID,ANM,WE,Federal Contract Tower,0,6,1,0,7,0,5,46,1,52,0,11,47,1,59,40,0,40,99
07/14/2008,PIH,ID,ANM,WE,Federal Contract Tower,0,13,3,0,16,0,14,49,3,66,0,27,52,3,82,78,0,78,160
07/15/2008,PIH,ID,ANM,WE,Federal Contract Tower,0,17,8,2,27,1,16,46,0,63,1,33,54,2,90,44,4,48,138
07/16/2008,PIH,ID,ANM,WE,Federal Contract Tower,0,16,4,0,20,0,9,40,0,49,0,25,44,0,69,41,0,41,110
07/17/2008,PIH,ID,ANM,WE,Federal Contract Tower,0,12,7,2,21,0,8,35,0,43,0,20,42,2,64,46,20,66,130
07/18/2008,PIH,ID,ANM,WE,Federal Contract Tower,0,11,8,0,19,0,14,41,0,55,0,25,49,0,74,48,0,48,122
07/19/2008,PIH,ID,ANM,WE,Federal Contract Tower,0,9,3,0,12,0,6,40,4,50,0,15,43,4,62,66,0,66,128
07/20/2008,PIH,ID,ANM,WE,Federal Contract Tower,0,8,8,0,16,0,1,38,0,39,0,9,46,0,55,28,0,28,83
07/21/2008,PIH,ID,ANM,WE,Federal Contract Tower,0,11,5,0,16,0,8,46,0,54,0,19,51,0,70,24,0,24,94
07/22/2008,PIH,ID,ANM,WE,Federal Contract Tower,0,14,4,0,18,0,10,49,0,59,0,24,53,0,77,31,0,31,108
07/23/2008,PIH,ID,ANM,WE,Federal Contract Tower,0,11,8,0,19,0,7,86,0,93,0,18,94,0,112,84,0,84,196
07/24/2008,PIH,ID,ANM,WE,Federal Contract Tower,0,13,1,0,14,0,7,54,0,61,0,20,55,0,75,40,0,40,115
07/25/2008,PIH,ID,ANM,WE,Federal Contract Tower,0,14,5,0,19,0,19,55,0,74,0,33,60,0,93,40,0,40,133
07/26/2008,PIH,ID,ANM,WE,Federal Contract Tower,0,9,1,0,10,13,85,64,0,162,13,94,65,0,172,20,0,20,192
07/27/2008,PIH,ID,ANM,WE,Federal Contract Tower,0,7,2,0,9,0,1,43,0,44,0,8,45,0,53,14,0,14,67
07/28/2008,PIH,ID,ANM,WE,Federal Contract Tower,0,11,1,0,12,0,7,50,0,57,0,18,51,0,69,50,0,50,119
07/29/2008,PIH,ID,ANM,WE,Federal Contract Tower,0,13,3,0,16,0,10,48,4,62,0,23,51,4,78,52,0,52,130
07/30/2008,PIH,ID,ANM,WE,Federal Contract Tower,0,13,2,0,15,0,10,44,0,54,0,23,46,0,69,26,0,26,95
07/31/2008,PIH,ID,ANM,WE,Federal Contract Tower,0,11,2,0,13,0,9,50,2,61,0,20,52,2,74,62,0,62,136
08/01/2008,PIH,ID,ANM,WE,Federal Contract Tower,0,16,4,0,20,0,9,48,0,57,0,25,52,0,77,56,0,56,133
08/02/2008,PIH,ID,ANM,WE,Federal Contract Tower,0,9,1,0,10,0,13,57,5,75,0,22,58,5,85,38,2,40,125
08/03/2008,PIH,ID,ANM,WE,Federal Contract Tower,0,8,0,0,8,0,2,50,3,55,0,10,50,3,63,32,0,32,95
08/04/2008,PIH,ID,ANM,WE,Federal Contract Tower,0,15,2,0,17,0,14,49,0,63,0,29,51,0,80,28,0,28,108
08/05/2008,PIH,ID,ANM,WE,Federal Contract Tower,0,13,6,0,19,0,10,37,0,47,0,23,43,0,66,4,0,4,70
08/06/2008,PIH,ID,ANM,WE,Federal Contract Tower,0,13,5,0,18,0,18,48,0,66,0,31,53,0,84,37,0,37,121
08/07/2008,PIH,ID,ANM,WE,Federal Contract Tower,0,13,3,0,16,0,17,43,0,60,0,30,46,0,76,22,0,22,98
08/08/2008,PIH,ID,ANM,WE,Federal Contract Tower,0,16,10,0,26,0,5,45,2,52,0,21,55,2,78,26,0,26,104
08/09/2008,PIH,ID,ANM,WE,Federal Contract Tower,0,9,7,0,16,0,7,31,0,38,0,16,38,0,54,28,0,28,82
08/10/2008,PIH,ID,ANM,WE,Federal Contract Tower,0,8,4,0,12,1,28,46,0,75,1,36,50,0,87,36,0,36,123
08/11/2008,PIH,ID,ANM,WE,Federal Contract Tower,0,12,2,0,14,6,26,39,4,75,6,38,41,4,89,50,0,50,139
08/12/2008,PIH,ID,ANM,WE,Federal Contract Tower,0,12,3,0,15,1,12,49,0,62,1,24,52,0,77,39,0,39,116
08/13/2008,PIH,ID,ANM,WE,Federal Contract Tower,0,14,6,0,20,0,10,42,0,52,0,24,48,0,72,30,0,30,102
08/14/2008,PIH,ID,ANM,WE,Federal Contract Tower,0,15,10,0,25,0,8,41,0,49,0,23,51,0,74,30,0,30,104
08/15/2008,PIH,ID,ANM,WE,Federal Contract Tower,0,13,3,0,16,0,11,46,0,57,0,24,49,0,73,48,0,48,121
08/16/2008,PIH,ID,ANM,WE,Federal Contract Tower,0,9,4,0,13,0,7,45,0,52,0,16,49,0,65,52,0,52,117
08/17/2008,PIH,ID,ANM,WE,Federal Contract Tower,0,9,5,0,14,0,0,38,0,38,0,9,43,0,52,32,0,32,84
08/18/2008,PIH,ID,ANM,WE,Federal Contract Tower,0,12,4,0,16,46,86,41,2,175,46,98,45,2,191,28,0,28,219
08/19/2008,PIH,ID,ANM,WE,Federal Contract Tower,0,13,8,0,21,13,25,44,0,82,13,38,52,0,103,26,0,26,129
08/20/2008,PIH,ID,ANM,WE,Federal Contract Tower,0,16,8,0,24,0,10,39,0,49,0,26,47,0,73,28,0,28,101
08/21/2008,PIH,ID,ANM,WE,Federal Contract Tower,0,10,10,0,20,4,6,35,4,49,4,16,45,4,69,12,0,12,81
08/22/2008,PIH,ID,ANM,WE,Federal Contract Tower,0,13,3,0,16,2,22,37,0,61,2,35,40,0,77,40,0,40,117
08/23/2008,PIH,ID,ANM,WE,Federal Contract Tower,0,13,2,0,15,6,34,67,0,107,6,47,69,0,122,42,0,42,164
08/24/2008,PIH,ID,ANM,WE,Federal Contract Tower,0,8,5,0,13,4,2,25,0,31,4,10,30,0,44,6,0,6,50
08/25/2008,PIH,ID,ANM,WE,Federal Contract Tower,0,10,4,0,14,1,11,44,0,56,1,21,48,0,70,14,0,14,84
08/26/2008,PIH,ID,ANM,WE,Federal Contract Tower,0,13,4,0,17,0,29,44,0,73,0,42,48,0,90,22,0,22,112
08/27/2008,PIH,ID,ANM,WE,Federal Contract Tower,0,13,7,0,20,0,16,37,4,57,0,29,44,4,77,27,0,27,104
08/28/2008,PIH,ID,ANM,WE,Federal Contract Tower,0,13,10,0,23,0,12,49,3,64,0,25,59,3,87,48,0,48,135
08/29/2008,PIH,ID,ANM,WE,Federal Contract Tower,0,13,1,0,14,0,20,44,0,64,0,33,45,0,78,48,0,48,126
08/30/2008,PIH,ID,ANM,WE,Federal Contract Tower,0,11,9,0,20,0,23,53,0,76,0,34,62,0,96,20,0,20,116
08/31/2008,PIH,ID,ANM,WE,Federal Contract Tower,0,5,4,2,11,0,1,26,0,27,0,6,30,2,38,26,0,26,64
09/01/2008,PIH,ID,ANM,WE,Federal Contract Tower,2,8,6,0,16,0,6,27,0,33,2,14,33,0,49,67,0,67,116
09/02/2008,PIH,ID,ANM,WE,Federal Contract Tower,0,12,8,0,20,0,14,49,0,63,0,26,57,0,83,40,0,40,123
09/03/2008,PIH,ID,ANM,WE,Federal Contract Tower,0,18,6,1,25,0,12,42,2,56,0,30,48,3,81,20,2,22,103
09/04/2008,PIH,ID,ANM,WE,Federal Contract Tower,0,18,10,0,28,0,8,46,0,54,0,26,56,0,82,62,0,62,144
09/05/2008,PIH,ID,ANM,WE,Federal Contract Tower,0,16,5,0,21,0,12,44,0,56,0,28,49,0,77,10,0,10,87
09/06/2008,PIH,ID,ANM,WE,Federal Contract Tower,0,12,4,0,16,0,4,42,1,47,0,16,46,1,63,40,0,40,103
09/07/2008,PIH,ID,ANM,WE,Federal Contract Tower,0,11,6,0,17,0,0,50,1,51,0,11,56,1,68,40,0,40,108
09/08/2008,PIH,ID,ANM,WE,Federal Contract Tower,0,15,11,0,26,0,13,55,0,68,0,28,66,0,94,80,0,80,174
09/09/2008,PIH,ID,ANM,WE,Federal Contract Tower,0,19,9,0,28,0,14,54,2,70,0,33,63,2,98,58,0,58,156
09/10/2008,PIH,ID,ANM,WE,Federal Contract Tower,0,13,13,0,26,0,13,34,0,47,0,26,47,0,73,4,0,4,77
09/11/2008,PIH,ID,ANM,WE,Federal Contract Tower,0,20,4,1,25,0,14,47,0,61,0,34,51,1,86,52,0,52,138
09/12/2008,PIH,ID,ANM,WE,Federal Contract Tower,0,23,5,1,29,0,24,59,0,83,0,47,64,1,112,44,0,44,156
09/13/2008,PIH,ID,ANM,WE,Federal Contract Tower,0,13,4,0,17,0,5,47,0,52,0,18,51,0,69,54,0,54,123
09/14/2008,PIH,ID,ANM,WE,Federal Contract Tower,0,12,2,0,14,0,0,32,0,32,0,12,34,0,46,4,0,4,50
09/15/2008,PIH,ID,ANM,WE,Federal Contract Tower,0,16,11,0,27,0,12,70,0,82,0,28,81,0,109,68,0,68,177
09/16/2008,PIH,ID,ANM,WE,Federal Contract Tower,0,19,10,2,31,0,19,48,3,70,0,38,58,5,101,14,14,28,129
09/17/2008,PIH,ID,ANM,WE,Federal Contract Tower,2,18,13,0,33,0,46,53,0,99,2,64,66,0,132,56,0,56,188
09/18/2008,PIH,ID,ANM,WE,Federal Contract Tower,0,24,3,0,27,0,6,43,0,49,0,30,46,0,76,42,0,42,118
09/19/2008,PIH,ID,ANM,WE,Federal Contract Tower,0,22,0,0,22,0,23,62,1,86,0,45,62,1,108,34,0,34,142
09/20/2008,PIH,ID,ANM,WE,Federal Contract Tower,0,13,8,0,21,0,3,24,0,27,0,16,32,0,48,36,0,36,84
09/21/2008,PIH,ID,ANM,WE,Federal Contract Tower,0,15,4,2,21,0,5,29,0,34,0,20,33,2,55,7,0,7,62
09/22/2008,PIH,ID,ANM,WE,Federal Contract Tower,0,19,7,0,26,0,6,40,1,47,0,25,47,1,73,32,4,36,109
09/23/2008,PIH,ID,ANM,WE,Federal Contract Tower,0,22,2,0,24,0,8,50,0,58,0,30,52,0,82,52,0,52,134
09/24/2008,PIH,ID,ANM,WE,Federal Contract Tower,0,21,17,0,38,0,5,46,2,53,0,26,63,2,91,108,0,108,199
09/25/2008,PIH,ID,ANM,WE,Federal Contract Tower,0,21,6,0,27,0,8,41,0,49,0,29,47,0,76,112,0,112,188
09/26/2008,PIH,ID,ANM,WE,Federal Contract Tower,0,23,15,2,40,0,13,49,0,62,0,36,64,2,102,74,0,74,176
09/27/2008,PIH,ID,ANM,WE,Federal Contract Tower,0,12,3,0,15,0,3,44,0,47,0,15,47,0,62,62,0,62,124
09/28/2008,PIH,ID,ANM,WE,Federal Contract Tower,0,12,4,0,16,0,0,43,0,43,0,12,47,0,59,60,0,60,119
09/29/2008,PIH,ID,ANM,WE,Federal Contract Tower,0,27,9,0,36,0,9,53,0,62,0,36,62,0,98,28,0,28,126
09/30/2008,PIH,ID,ANM,WE,Federal Contract Tower,0,21,5,0,26,0,12,65,0,77,0,33,70,0,103,80,0,80,183
10/01/2008,PIH,ID,ANM,WE,Federal Contract Tower,0,18,12,0,30,0,23,49,0,72,0,41,61,0,102,47,0,47,149
10/02/2008,PIH,ID,ANM,WE,Federal Contract Tower,0,23,8,0,31,0,17,51,0,68,0,40,59,0,99,79,0,79,178
10/03/2008,PIH,ID,ANM,WE,Federal Contract Tower,0,18,9,0,27,0,13,45,0,58,0,31,54,0,85,66,0,66,151
10/04/2008,PIH,ID,ANM,WE,Federal Contract Tower,0,15,5,0,20,0,1,6,0,7,0,16,11,0,27,18,0,18,45
10/05/2008,PIH,ID,ANM,WE,Federal Contract Tower,0,8,7,0,15,0,2,17,0,19,0,10,24,0,34,18,0,18,52
10/06/2008,PIH,ID,ANM,WE,Federal Contract Tower,0,14,7,0,21,0,9,34,0,43,0,23,41,0,64,43,0,43,107
10/07/2008,PIH,ID,ANM,WE,Federal Contract Tower,0,17,6,0,23,0,10,54,0,64,0,27,60,0,87,51,0,51,138
10/08/2008,PIH,ID,ANM,WE,Federal Contract Tower,0,17,8,0,25,0,5,49,0,54,0,22,57,0,79,50,0,50,129
10/09/2008,PIH,ID,ANM,WE,Federal Contract Tower,0,17,1,0,18,0,7,31,0,38,0,24,32,0,56,24,0,24,80
10/10/2008,PIH,ID,ANM,WE,Federal Contract Tower,0,17,7,0,24,0,7,30,0,37,0,24,37,0,61,46,0,46,107
10/11/2008,PIH,ID,ANM,WE,Federal Contract Tower,0,15,4,0,19,0,0,0,0,0,0,15,4,0,19,0,0,0,19
10/12/2008,PIH,ID,ANM,WE,Federal Contract Tower,0,9,1,0,10,0,0,11,0,11,0,9,12,0,21,8,0,8,29
10/13/2008,PIH,ID,ANM,WE,Federal Contract Tower,0,12,8,0,20,0,5,29,2,36,0,17,37,2,56,40,0,40,96
10/14/2008,PIH,ID,ANM,WE,Federal Contract Tower,0,18,4,4,26,0,11,42,2,55,0,29,46,6,81,48,0,48,129
10/15/2008,PIH,ID,ANM,WE,Federal Contract Tower,0,20,3,2,25,0,4,34,0,38,0,24,37,2,63,54,0,54,117
10/16/2008,PIH,ID,ANM,WE,Federal Contract Tower,0,19,13,2,34,0,5,32,0,37,0,24,45,2,71,24,0,24,95
10/17/2008,PIH,ID,ANM,WE,Federal Contract Tower,1,15,7,0,23,0,7,50,0,57,1,22,57,0,80,48,0,48,128
10/18/2008,PIH,ID,ANM,WE,Federal Contract Tower,0,10,0,0,10,0,3,48,0,51,0,13,48,0,61,38,0,38,99
10/19/2008,PIH,ID,ANM,WE,Federal Contract Tower,0,10,6,0,16,0,0,28,0,28,0,10,34,0,44,28,0,28,72
10/20/2008,PIH,ID,ANM,WE,Federal Contract Tower,0,14,8,0,22,0,4,72,0,76,0,18,80,0,98,44,0,44,142
10/21/2008,PIH,ID,ANM,WE,Federal Contract Tower,0,16,5,0,21,0,4,36,0,40,0,20,41,0,61,40,0,40,101
10/22/2008,PIH,ID,ANM,WE,Federal Contract Tower,0,17,13,0,30,0,5,49,0,54,0,22,62,0,84,56,0,56,140
10/23/2008,PIH,ID,ANM,WE,Federal Contract Tower,0,17,10,0,27,0,7,50,0,57,0,24,60,0,84,48,0,48,132
10/24/2008,PIH,ID,ANM,WE,Federal Contract Tower,0,16,3,0,19,0,12,41,0,53,0,28,44,0,72,28,0,28,100
10/25/2008,PIH,ID,ANM,WE,Federal Contract Tower,0,9,2,0,11,0,4,46,0,50,0,13,48,0,61,40,0,40,101
10/26/2008,PIH,ID,ANM,WE,Federal Contract Tower,0,9,0,0,9,0,0,29,0,29,0,9,29,0,38,57,0,57,95
10/27/2008,PIH,ID,ANM,WE,Federal Contract Tower,0,14,11,0,25,0,7,49,4,60,0,21,60,4,85,56,4,60,145
10/28/2008,PIH,ID,ANM,WE,Federal Contract Tower,0,18,9,0,27,0,7,52,4,63,0,25,61,4,90,81,0,81,171
10/29/2008,PIH,ID,ANM,WE,Federal Contract Tower,0,18,1,0,19,0,5,61,0,66,0,23,62,0,85,83,0,83,168
10/30/2008,PIH,ID,ANM,WE,Federal Contract Tower,0,15,8,0,23,0,4,44,2,50,0,19,52,2,73,48,0,48,121
10/31/2008,PIH,ID,ANM,WE,Federal Contract Tower,0,19,4,0,23,0,5,27,0,32,0,24,31,0,55,34,0,34,89
11/01/2008,PIH,ID,ANM,WE,Federal Contract Tower,0,9,4,0,13,0,4,29,0,33,0,13,33,0,46,36,0,36,82
11/02/2008,PIH,ID,ANM,WE,Federal Contract Tower,0,9,0,0,9,0,0,2,0,2,0,9,2,0,11,0,0,0,11
11/03/2008,PIH,ID,ANM,WE,Federal Contract Tower,0,21,4,0,25,0,4,33,2,39,0,25,37,2,64,34,0,34,98
11/04/2008,PIH,ID,ANM,WE,Federal Contract Tower,0,24,7,2,33,0,0,11,0,11,0,24,18,2,44,4,24,28,72
11/05/2008,PIH,ID,ANM,WE,Federal Contract Tower,0,24,10,0,34,0,2,28,2,32,0,26,38,2,66,37,0,37,103
11/06/2008,PIH,ID,ANM,WE,Federal Contract Tower,0,19,13,0,32,0,4,35,4,43,0,23,48,4,75,40,4,44,119
11/07/2008,PIH,ID,ANM,WE,Federal Contract Tower,0,26,10,0,36,0,0,20,2,22,0,26,30,2,58,60,0,60,118
11/08/2008,PIH,ID,ANM,WE,Federal Contract Tower,0,10,2,0,12,0,2,28,0,30,0,12,30,0,42,46,0,46,88
11/09/2008,PIH,ID,ANM,WE,Federal Contract Tower,0,8,4,0,12,0,0,21,0,21,0,8,25,0,33,72,0,72,105
11/10/2008,PIH,ID,ANM,WE,Federal Contract Tower,0,21,7,0,28,0,0,0,0,0,0,21,7,0,28,0,0,0,28
11/11/2008,PIH,ID,ANM,WE,Federal Contract Tower,0,14,9,0,23,0,0,20,0,20,0,14,29,0,43,22,0,22,65
11/12/2008,PIH,ID,ANM,WE,Federal Contract Tower,0,21,4,0,25,0,1,4,0,5,0,22,8,0,30,0,0,0,30
11/13/2008,PIH,ID,ANM,WE,Federal Contract Tower,0,20,7,0,27,0,4,31,4,39,0,24,38,4,66,4,0,4,70
11/14/2008,PIH,ID,ANM,WE,Federal Contract Tower,0,16,2,0,18,0,7,49,0,56,0,23,51,0,74,80,0,80,154
11/15/2008,PIH,ID,ANM,WE,Federal Contract Tower,0,9,1,0,10,0,2,63,0,65,0,11,64,0,75,60,0,60,135
11/16/2008,PIH,ID,ANM,WE,Federal Contract Tower,0,8,6,0,14,0,0,33,0,33,0,8,39,0,47,50,0,50,97
11/17/2008,PIH,ID,ANM,WE,Federal Contract Tower,0,11,3,0,14,0,10,44,0,54,0,21,47,0,68,38,0,38,106
11/18/2008,PIH,ID,ANM,WE,Federal Contract Tower,0,15,0,0,15,0,9,49,2,60,0,24,49,2,75,88,0,88,163
11/19/2008,PIH,ID,ANM,WE,Federal Contract Tower,0,16,2,2,20,0,11,52,4,67,0,27,54,6,87,140,4,144,231
11/20/2008,PIH,ID,ANM,WE,Federal Contract Tower,0,13,2,0,15,0,9,32,0,41,0,22,34,0,56,44,0,44,100
11/21/2008,PIH,ID,ANM,WE,Federal Contract Tower,1,14,10,0,25,0,9,53,0,62,1,23,63,0,87,48,0,48,135
11/22/2008,PIH,ID,ANM,WE,Federal Contract Tower,1,10,0,0,11,0,3,29,0,32,1,13,29,0,43,52,0,52,95
11/23/2008,PIH,ID,ANM,WE,Federal Contract Tower,0,8,0,0,8,0,0,18,0,18,0,8,18,0,26,50,0,50,76
11/24/2008,PIH,ID,ANM,WE,Federal Contract Tower,0,11,7,0,18,0,10,46,0,56,0,21,53,0,74,64,0,64,138
11/25/2008,PIH,ID,ANM,WE,Federal Contract Tower,0,15,8,2,25,0,10,51,5,66,0,25,59,7,91,59,0,59,150
11/26/2008,PIH,ID,ANM,WE,Federal Contract Tower,0,14,8,0,22,0,8,39,0,47,0,22,47,0,69,14,0,14,83
11/27/2008,PIH,ID,ANM,WE,Federal Contract Tower,0,4,0,0,4,0,0,20,0,20,0,4,20,0,24,44,0,44,68
11/28/2008,PIH,ID,ANM,WE,Federal Contract Tower,0,15,8,0,23,0,9,43,0,52,0,24,51,0,75,30,0,30,105
11/29/2008,PIH,ID,ANM,WE,Federal Contract Tower,0,13,2,0,15,0,0,24,0,24,0,13,26,0,39,22,0,22,61
11/30/2008,PIH,ID,ANM,WE,Federal Contract Tower,0,8,4,0,12,0,0,20,0,20,0,8,24,0,32,8,0,8,40
12/01/2008,PIH,ID,ANM,WE,Federal Contract Tower,0,14,5,0,19,0,6,24,0,30,0,20,29,0,49,46,0,46,95
12/02/2008,PIH,ID,ANM,WE,Federal Contract Tower,0,21,5,0,26,0,4,23,0,27,0,25,28,0,53,20,0,20,73
12/03/2008,PIH,ID,ANM,WE,Federal Contract Tower,0,24,5,0,29,0,0,26,0,26,0,24,31,0,55,22,0,22,77
12/04/2008,PIH,ID,ANM,WE,Federal Contract Tower,0,22,4,0,26,0,3,40,0,43,0,25,44,0,69,76,0,76,145
12/05/2008,PIH,ID,ANM,WE,Federal Contract Tower,0,20,5,0,25,0,4,47,0,51,0,24,52,0,76,40,0,40,116
12/06/2008,PIH,ID,ANM,WE,Federal Contract Tower,0,9,6,0,15,0,2,41,2,45,0,11,47,2,60,44,0,44,104
12/07/2008,PIH,ID,ANM,WE,Federal Contract Tower,0,9,0,0,9,0,0,36,0,36,0,9,36,0,45,56,0,56,101
12/08/2008,PIH,ID,ANM,WE,Federal Contract Tower,0,19,5,0,24,0,2,5,0,7,0,21,10,0,31,0,0,0,31
12/09/2008,PIH,ID,ANM,WE,Federal Contract Tower,0,22,4,0,26,0,1,28,2,31,0,23,32,2,57,80,0,80,137
12/10/2008,PIH,ID,ANM,WE,Federal Contract Tower,0,16,1,0,17,0,7,50,2,59,0,23,51,2,76,53,0,53,129
12/11/2008,PIH,ID,ANM,WE,Federal Contract Tower,0,14,7,2,23,0,8,47,4,59,0,22,54,6,82,40,0,40,122
12/12/2008,PIH,ID,ANM,WE,Federal Contract Tower,0,17,2,0,19,0,10,59,0,69,0,27,61,0,88,66,0,66,154
12/13/2008,PIH,ID,ANM,WE,Federal Contract Tower,0,13,0,0,13,0,0,6,0,6,0,13,6,0,19,4,0,4,23
12/14/2008,PIH,ID,ANM,WE,Federal Contract Tower,0,10,2,0,12,0,0,0,0,0,0,10,2,0,12,0,0,0,12
12/15/2008,PIH,ID,ANM,WE,Federal Contract Tower,0,21,4,0,25,0,1,15,0,16,0,22,19,0,41,22,0,22,63
12/16/2008,PIH,ID,ANM,WE,Federal Contract Tower,0,25,4,1,30,0,0,0,0,0,0,25,4,1,30,0,0,0,30
12/17/2008,PIH,ID,ANM,WE,Federal Contract Tower,0,18,8,1,27,0,4,31,0,35,0,22,39,1,62,38,0,38,100
12/18/2008,PIH,ID,ANM,WE,Federal Contract Tower,0,21,4,0,25,0,4,24,2,30,0,25,28,2,55,54,0,54,109
12/19/2008,PIH,ID,ANM,WE,Federal Contract Tower,1,30,7,0,38,0,0,25,0,25,1,30,32,0,63,0,0,0,63
12/20/2008,PIH,ID,ANM,WE,Federal Contract Tower,0,18,2,0,20,0,1,19,1,21,0,19,21,1,41,6,0,6,47
12/21/2008,PIH,ID,ANM,WE,Federal Contract Tower,0,10,0,0,10,0,0,3,0,3,0,10,3,0,13,0,0,0,13
12/22/2008,PIH,ID,ANM,WE,Federal Contract Tower,0,19,3,0,22,0,0,2,0,2,0,19,5,0,24,0,0,0,24
12/23/2008,PIH,ID,ANM,WE,Federal Contract Tower,0,34,4,0,38,0,0,3,0,3,0,34,7,0,41,0,0,0,41
12/24/2008,PIH,ID,ANM,WE,Federal Contract Tower,0,25,4,0,29,0,1,7,0,8,0,26,11,0,37,0,0,0,37
12/25/2008,PIH,ID,ANM,WE,Federal Contract Tower,2,6,0,0,8,0,0,0,0,0,2,6,0,0,8,0,0,0,8
12/26/2008,PIH,ID,ANM,WE,Federal Contract Tower,0,21,3,0,24,0,0,5,0,5,0,21,8,0,29,0,0,0,29
12/27/2008,PIH,ID,ANM,WE,Federal Contract Tower,0,10,2,0,12,0,0,0,0,0,0,10,2,0,12,0,0,0,12
12/28/2008,PIH,ID,ANM,WE,Federal Contract Tower,0,8,0,0,8,0,0,0,0,0,0,8,0,0,8,0,0,0,8
12/29/2008,PIH,ID,ANM,WE,Federal Contract Tower,0,18,9,0,27,0,5,10,0,15,0,23,19,0,42,0,0,0,42
12/30/2008,PIH,ID,ANM,WE,Federal Contract Tower,0,16,3,0,19,0,4,32,0,36,0,20,35,0,55,46,0,46,101
12/31/2008,PIH,ID,ANM,WE,Federal Contract Tower,0,11,0,0,11,0,5,37,0,42,0,16,37,0,53,68,0,68,121
01/01/2009,PIH,ID,ANM,WE,Federal Contract Tower,0,8,1,0,9,0,0,0,0,0,0,8,1,0,9,0,0,0,9
01/02/2009,PIH,ID,ANM,WE,Federal Contract Tower,0,21,6,0,27,0,3,2,0,5,0,24,8,0,32,0,0,0,32
01/03/2009,PIH,ID,ANM,WE,Federal Contract Tower,0,9,8,0,17,0,3,34,0,37,0,12,42,0,54,104,0,104,158
01/04/2009,PIH,ID,ANM,WE,Federal Contract Tower,0,8,1,0,9,0,0,48,0,48,0,8,49,0,57,46,0,46,103
01/05/2009,PIH,ID,ANM,WE,Federal Contract Tower,0,19,8,0,27,0,0,9,0,9,0,19,17,0,36,0,0,0,36
01/06/2009,PIH,ID,ANM,WE,Federal Contract Tower,2,25,5,0,32,0,0,0,0,0,2,25,5,0,32,0,0,0,32
01/07/2009,PIH,ID,ANM,WE,Federal Contract Tower,0,18,3,0,21,0,2,9,0,11,0,20,12,0,32,10,0,10,42
01/08/2009,PIH,ID,ANM,WE,Federal Contract Tower,0,22,2,0,24,0,0,28,0,28,0,22,30,0,52,18,0,18,70
01/09/2009,PIH,ID,ANM,WE,Federal Contract Tower,0,19,0,0,19,0,1,25,0,26,0,20,25,0,45,88,0,88,133
01/10/2009,PIH,ID,ANM,WE,Federal Contract Tower,0,11,4,0,15,0,1,55,0,56,0,12,59,0,71,124,0,124,195
01/11/2009,PIH,ID,ANM,WE,Federal Contract Tower,0,8,2,0,10,0,0,10,0,10,0,8,12,0,20,0,0,0,20
01/12/2009,PIH,ID,ANM,WE,Federal Contract Tower,0,18,14,0,32,0,1,1,0,2,0,19,15,0,34,8,0,8,42
01/13/2009,PIH,ID,ANM,WE,Federal Contract Tower,0,17,5,0,22,0,1,22,0,23,0,18,27,0,45,82,0,82,127
01/14/2009,PIH,ID,ANM,WE,Federal Contract Tower,0,13,7,0,20,0,4,22,0,26,0,17,29,0,46,86,0,86,132
01/15/2009,PIH,ID,ANM,WE,Federal Contract Tower,0,21,8,0,29,0,0,0,0,0,0,21,8,0,29,0,0,0,29
01/16/2009,PIH,ID,ANM,WE,Federal Contract Tower,0,6,2,0,8,0,0,0,0,0,0,6,2,0,8,0,0,0,8
01/17/2009,PIH,ID,ANM,WE,Federal Contract Tower,0,5,3,0,8,0,2,45,0,47,0,7,48,0,55,30,0,30,85
01/18/2009,PIH,ID,ANM,WE,Federal Contract Tower,0,8,3,0,11,0,0,22,0,22,0,8,25,0,33,60,0,60,93
01/19/2009,PIH,ID,ANM,WE,Federal Contract Tower,0,14,5,0,19,0,2,41,0,43,0,16,46,0,62,96,0,96,158
01/20/2009,PIH,ID,ANM,WE,Federal Contract Tower,2,24,11,0,37,0,3,54,0,57,2,27,65,0,94,20,0,20,114
01/21/2009,PIH,ID,ANM,WE,Federal Contract Tower,0,24,4,2,30,0,7,72,4,83,0,31,76,6,113,122,12,134,247
01/22/2009,PIH,ID,ANM,WE,Federal Contract Tower,2,17,5,0,24,0,9,43,0,52,2,26,48,0,76,30,0,30,106
01/23/2009,PIH,ID,ANM,WE,Federal Contract Tower,0,26,3,0,29,0,0,0,0,0,0,26,3,0,29,0,0,0,29
01/24/2009,PIH,ID,ANM,WE,Federal Contract Tower,0,16,2,0,18,0,0,0,0,0,0,16,2,0,18,0,0,0,18
01/25/2009,PIH,ID,ANM,WE,Federal Contract Tower,0,5,3,0,8,0,0,0,0,0,0,5,3,0,8,0,0,0,8
01/26/2009,PIH,ID,ANM,WE,Federal Contract Tower,0,19,7,0,26,0,13,27,0,40,0,32,34,0,66,26,0,26,92
01/27/2009,PIH,ID,ANM,WE,Federal Contract Tower,0,16,10,1,27,0,1,29,2,32,0,17,39,3,59,44,2,46,105
01/28/2009,PIH,ID,ANM,WE,Federal Contract Tower,0,16,5,4,25,0,2,6,0,8,0,18,11,4,33,28,0,28,61
01/29/2009,PIH,ID,ANM,WE,Federal Contract Tower,0,27,13,1,41,0,5,28,1,34,0,32,41,2,75,54,0,54,129
01/30/2009,PIH,ID,ANM,WE,Federal Contract Tower,0,24,2,0,26,0,2,2,0,4,0,26,4,0,30,12,0,12,42
01/31/2009,PIH,ID,ANM,WE,Federal Contract Tower,0,13,0,0,13,0,2,21,0,23,0,15,21,0,36,40,0,40,76
02/01/2009,PIH,ID,ANM,WE,Federal Contract Tower,0,11,1,0,12,0,0,12,0,12,0,11,13,0,24,14,0,14,38
02/02/2009,PIH,ID,ANM,WE,Federal Contract Tower,0,12,5,0,17,0,5,41,0,46,0,17,46,0,63,22,0,22,85
02/03/2009,PIH,ID,ANM,WE,Federal Contract Tower,0,17,0,0,17,0,4,44,2,50,0,21,44,2,67,24,4,28,95
02/04/2009,PIH,ID,ANM,WE,Federal Contract Tower,0,16,5,0,21,0,7,42,0,49,0,23,47,0,70,52,0,52,122
02/05/2009,PIH,ID,ANM,WE,Federal Contract Tower,0,18,4,0,22,0,5,40,0,45,0,23,44,0,67,26,0,26,93
02/06/2009,PIH,ID,ANM,WE,Federal Contract Tower,0,24,0,0,24,0,1,21,0,22,0,25,21,0,46,14,0,14,60
02/07/2009,PIH,ID,ANM,WE,Federal Contract Tower,0,11,2,0,13,0,0,24,0,24,0,11,26,0,37,18,0,18,55
02/08/2009,PIH,ID,ANM,WE,Federal Contract Tower,0,7,0,0,7,0,0,6,0,6,0,7,6,0,13,0,0,0,13
02/09/2009,PIH,ID,ANM,WE,Federal Contract Tower,0,19,9,0,28,0,9,0,0,9,0,28,9,0,37,58,0,58,95
02/10/2009,PIH,ID,ANM,WE,Federal Contract Tower,0,22,8,0,30,0,5,10,1,16,0,27,18,1,46,18,0,18,64
02/11/2009,PIH,ID,ANM,WE,Federal Contract Tower,0,20,2,0,22,0,1,16,1,18,0,21,18,1,40,10,0,10,50
02/12/2009,PIH,ID,ANM,WE,Federal Contract Tower,0,18,5,0,23,0,11,34,0,45,0,29,39,0,68,50,0,50,118
02/13/2009,PIH,ID,ANM,WE,Federal Contract Tower,0,22,4,2,28,0,5,28,1,34,0,27,32,3,62,57,0,57,119
02/14/2009,PIH,ID,ANM,WE,Federal Contract Tower,0,9,3,0,12,0,2,12,0,14,0,11,15,0,26,14,0,14,40
02/15/2009,PIH,ID,ANM,WE,Federal Contract Tower,0,8,1,0,9,0,0,20,0,20,0,8,21,0,29,16,0,16,45
02/16/2009,PIH,ID,ANM,WE,Federal Contract Tower,0,12,7,0,19,0,4,34,0,38,0,16,41,0,57,46,0,46,103
02/17/2009,PIH,ID,ANM,WE,Federal Contract Tower,0,19,0,0,19,0,0,0,0,0,0,19,0,0,19,0,0,0,19
02/18/2009,PIH,ID,ANM,WE,Federal Contract Tower,0,15,3,0,18,0,6,23,2,31,0,21,26,2,49,30,2,32,81
02/19/2009,PIH,ID,ANM,WE,Federal Contract Tower,0,16,8,2,26,0,5,27,0,32,0,21,35,2,58,32,14,46,104
02/20/2009,PIH,ID,ANM,WE,Federal Contract Tower,0,15,8,0,23,0,6,64,2,72,0,21,72,2,95,123,0,123,218
02/21/2009,PIH,ID,ANM,WE,Federal Contract Tower,0,10,5,0,15,0,5,58,0,63,0,15,63,0,78,48,0,48,126
02/22/2009,PIH,ID,ANM,WE,Federal Contract Tower,0,8,2,0,10,0,0,11,0,11,0,8,13,0,21,12,0,12,33
02/23/2009,PIH,ID,ANM,WE,Federal Contract Tower,0,17,10,0,27,0,4,36,0,40,0,21,46,0,67,20,0,20,87
02/24/2009,PIH,ID,ANM,WE,Federal Contract Tower,0,19,5,0,24,0,6,19,0,25,0,25,24,0,49,20,0,20,69
02/25/2009,PIH,ID,ANM,WE,Federal Contract Tower,0,17,0,0,17,0,5,33,0,38,0,22,33,0,55,66,0,66,121
02/26/2009,PIH,ID,ANM,WE,Federal Contract Tower,0,19,3,2,24,0,0,11,0,11,0,19,14,2,35,10,0,10,45
02/27/2009,PIH,ID,ANM,WE,Federal Contract Tower,0,18,4,0,22,0,3,60,0,63,0,21,64,0,85,32,0,32,117
02/28/2009,PIH,ID,ANM,WE,Federal Contract Tower,0,9,1,0,10,0,4,41,0,45,0,13,42,0,55,40,0,40,95
03/01/2009,PIH,ID,ANM,WE,Federal Contract Tower,0,8,0,0,8,0,0,26,0,26,0,8,26,0,34,49,0,49,83
03/02/2009,PIH,ID,ANM,WE,Federal Contract Tower,0,17,3,0,20,0,3,46,0,49,0,20,49,0,69,66,0,66,135
03/03/2009,PIH,ID,ANM,WE,Federal Contract Tower,0,17,2,0,19,0,3,35,2,40,0,20,37,2,59,46,0,46,105
03/04/2009,PIH,ID,ANM,WE,Federal Contract Tower,0,18,0,0,18,0,6,26,2,34,0,24,26,2,52,38,0,38,90
03/05/2009,PIH,ID,ANM,WE,Federal Contract Tower,0,14,5,0,19,0,5,12,0,17,0,19,17,0,36,10,0,10,46
03/06/2009,PIH,ID,ANM,WE,Federal Contract Tower,0,22,5,1,28,0,2,4,0,6,0,24,9,1,34,0,0,0,34
03/07/2009,PIH,ID,ANM,WE,Federal Contract Tower,0,8,1,1,10,0,4,36,0,40,0,12,37,1,50,40,0,40,90
03/08/2009,PIH,ID,ANM,WE,Federal Contract Tower,0,7,2,0,9,0,0,0,0,0,0,7,2,0,9,0,0,0,9
03/09/2009,PIH,ID,ANM,WE,Federal Contract Tower,0,16,2,0,18,0,4,30,0,34,0,20,32,0,52,22,0,22,74
03/10/2009,PIH,ID,ANM,WE,Federal Contract Tower,0,19,4,0,23,0,2,2,0,4,0,21,6,0,27,0,0,0,27
03/11/2009,PIH,ID,ANM,WE,Federal Contract Tower,0,17,8,0,25,0,6,86,0,92,0,23,94,0,117,92,0,92,209
03/12/2009,PIH,ID,ANM,WE,Federal Contract Tower,0,13,3,2,18,0,7,67,0,74,0,20,70,2,92,52,0,52,144
03/13/2009,PIH,ID,ANM,WE,Federal Contract Tower,0,11,2,0,13,0,12,65,0,77,0,23,67,0,90,84,0,84,174
03/14/2009,PIH,ID,ANM,WE,Federal Contract Tower,0,7,3,0,10,0,4,46,0,50,0,11,49,0,60,56,0,56,116
03/15/2009,PIH,ID,ANM,WE,Federal Contract Tower,0,6,6,0,12,0,0,13,0,13,0,6,19,0,25,0,0,0,25
03/16/2009,PIH,ID,ANM,WE,Federal Contract Tower,0,16,2,0,18,0,4,26,0,30,0,20,28,0,48,64,0,64,112
03/17/2009,PIH,ID,ANM,WE,Federal Contract Tower,0,13,3,0,16,0,9,29,0,38,0,22,32,0,54,44,0,44,98
03/18/2009,PIH,ID,ANM,WE,Federal Contract Tower,0,16,5,0,21,0,10,49,0,59,0,26,54,0,80,84,0,84,164
03/19/2009,PIH,ID,ANM,WE,Federal Contract Tower,0,18,4,0,22,0,5,50,0,55,0,23,54,0,77,100,0,100,177
03/20/2009,PIH,ID,ANM,WE,Federal Contract Tower,0,13,4,1,18,0,12,52,1,65,0,25,56,2,83,124,0,124,207
03/21/2009,PIH,ID,ANM,WE,Federal Contract Tower,0,9,1,0,10,0,5,23,4,32,0,14,24,4,42,44,0,44,86
03/22/2009,PIH,ID,ANM,WE,Federal Contract Tower,0,6,1,0,7,0,0,0,0,0,0,6,1,0,7,0,0,0,7
03/23/2009,PIH,ID,ANM,WE,Federal Contract Tower,0,16,2,0,18,0,3,3,0,6,0,19,5,0,24,0,0,0,24
03/24/2009,PIH,ID,ANM,WE,Federal Contract Tower,0,19,1,0,20,0,1,21,0,22,0,20,22,0,42,83,0,83,125
03/25/2009,PIH,ID,ANM,WE,Federal Contract Tower,0,20,4,0,24,0,1,4,0,5,0,21,8,0,29,18,0,18,47
03/26/2009,PIH,ID,ANM,WE,Federal Contract Tower,0,21,1,0,22,0,6,10,0,16,0,27,11,0,38,0,0,0,38
03/27/2009,PIH,ID,ANM,WE,Federal Contract Tower,0,16,4,0,20,0,10,42,0,52,0,26,46,0,72,95,0,95,167
03/28/2009,PIH,ID,ANM,WE,Federal Contract Tower,0,12,4,0,16,0,2,23,0,25,0,14,27,0,41,38,0,38,79
03/29/2009,PIH,ID,ANM,WE,Federal Contract Tower,0,6,2,0,8,0,0,0,0,0,0,6,2,0,8,0,0,0,8
03/30/2009,PIH,ID,ANM,WE,Federal Contract Tower,0,12,13,0,25,0,5,38,0,43,0,17,51,0,68,121,0,121,189
03/31/2009,PIH,ID,ANM,WE,Federal Contract Tower,0,22,3,0,25,0,2,18,0,20,0,24,21,0,45,36,0,36,81
04/01/2009,PIH,ID,ANM,WE,Federal Contract Tower,0,18,1,0,19,0,2,19,0,21,0,20,20,0,40,57,0,57,97
04/02/2009,PIH,ID,ANM,WE,Federal Contract Tower,0,21,3,0,24,0,0,6,0,6,0,21,9,0,30,4,0,4,34
04/03/2009,PIH,ID,ANM,WE,Federal Contract Tower,0,25,2,0,27,0,0,2,0,2,0,25,4,0,29,0,0,0,29
04/04/2009,PIH,ID,ANM,WE,Federal Contract Tower,0,10,2,2,14,0,5,32,0,37,0,15,34,2,51,16,0,16,67
04/05/2009,PIH,ID,ANM,WE,Federal Contract Tower,0,8,5,0,13,0,0,39,0,39,0,8,44,0,52,60,0,60,112
04/06/2009,PIH,ID,ANM,WE,Federal Contract Tower,0,11,2,0,13,0,8,46,0,54,0,19,48,0,67,78,0,78,145
04/07/2009,PIH,ID,ANM,WE,Federal Contract Tower,0,17,1,0,18,0,8,33,0,41,0,25,34,0,59,110,0,110,169
04/08/2009,PIH,ID,ANM,WE,Federal Contract Tower,0,20,6,0,26,0,3,15,0,18,0,23,21,0,44,16,0,16,60
04/09/2009,PIH,ID,ANM,WE,Federal Contract Tower,0,22,6,0,28,0,1,5,0,6,0,23,11,0,34,28,0,28,62
04/10/2009,PIH,ID,ANM,WE,Federal Contract Tower,0,20,3,0,23,0,5,30,0,35,0,25,33,0,58,126,0,126,184
04/11/2009,PIH,ID,ANM,WE,Federal Contract Tower,0,10,3,0,13,0,3,18,0,21,0,13,21,0,34,10,0,10,44
04/12/2009,PIH,ID,ANM,WE,Federal Contract Tower,0,8,1,0,9,0,0,14,0,14,0,8,15,0,23,28,0,28,51
04/13/2009,PIH,ID,ANM,WE,Federal Contract Tower,0,16,6,0,22,0,3,34,2,39,0,19,40,2,61,122,0,122,183
04/14/2009,PIH,ID,ANM,WE,Federal Contract Tower,0,20,2,0,22,0,0,4,0,4,0,20,6,0,26,26,0,26,52
04/15/2009,PIH,ID,ANM,WE,Federal Contract Tower,0,25,2,0,27,0,0,1,0,1,0,25,3,0,28,4,0,4,32
04/16/2009,PIH,ID,ANM,WE,Federal Contract Tower,0,20,2,0,22,0,1,30,2,33,0,21,32,2,55,132,2,134,189
04/17/2009,PIH,ID,ANM,WE,Federal Contract Tower,0,14,5,0,19,0,10,62,0,72,0,24,67,0,91,186,0,186,277
04/18/2009,PIH,ID,ANM,WE,Federal Contract Tower,0,9,4,0,13,0,6,45,0,51,0,15,49,0,64,36,0,36,100
04/19/2009,PIH,ID,ANM,WE,Federal Contract Tower,0,6,17,0,23,0,39,0,0,39,0,45,17,0,62,30,0,30,92
04/20/2009,PIH,ID,ANM,WE,Federal Contract Tower,0,11,12,0,23,0,12,64,8,84,0,23,76,8,107,114,0,114,221
04/21/2009,PIH,ID,ANM,WE,Federal Contract Tower,0,15,10,0,25,0,11,58,2,71,0,26,68,2,96,109,0,109,205
04/22/2009,PIH,ID,ANM,WE,Federal Contract Tower,0,11,12,0,23,0,9,46,2,57,0,20,58,2,80,98,0,98,178
04/23/2009,PIH,ID,ANM,WE,Federal Contract Tower,0,12,6,0,18,0,8,28,0,36,0,20,34,0,54,52,0,52,106
04/24/2009,PIH,ID,ANM,WE,Federal Contract Tower,0,16,6,0,22,0,12,27,0,39,0,28,33,0,61,30,0,30,91
04/25/2009,PIH,ID,ANM,WE,Federal Contract Tower,0,11,0,0,11,0,3,36,0,39,0,14,36,0,50,44,0,44,94
04/26/2009,PIH,ID,ANM,WE,Federal Contract Tower,0,9,0,0,9,0,4,2,0,6,0,13,2,0,15,0,0,0,15
04/27/2009,PIH,ID,ANM,WE,Federal Contract Tower,0,12,7,0,19,0,7,56,4,67,0,19,63,4,86,38,0,38,124
04/28/2009,PIH,ID,ANM,WE,Federal Contract Tower,0,20,5,0,25,0,0,24,0,24,0,20,29,0,49,26,0,26,75
04/29/2009,PIH,ID,ANM,WE,Federal Contract Tower,0,13,7,0,20,0,5,32,0,37,0,18,39,0,57,56,0,56,113
04/30/2009,PIH,ID,ANM,WE,Federal Contract Tower,0,19,4,2,25,0,6,33,0,39,0,25,37,2,64,42,0,42,106
05/01/2009,PIH,ID,ANM,WE,Federal Contract Tower,0,17,3,0,20,0,7,53,0,60,0,24,56,0,80,54,0,54,134
05/02/2009,PIH,ID,ANM,WE,Federal Contract Tower,0,18,3,0,21,0,0,6,0,6,0,18,9,0,27,0,0,0,27
05/03/2009,PIH,ID,ANM,WE,Federal Contract Tower,0,6,5,0,11,0,0,4,4,8,0,6,9,4,19,0,0,0,19
05/04/2009,PIH,ID,ANM,WE,Federal Contract Tower,0,13,9,0,22,0,8,30,6,44,0,21,39,6,66,116,0,116,182
05/05/2009,PIH,ID,ANM,WE,Federal Contract Tower,0,15,4,0,19,0,8,20,0,28,0,23,24,0,47,16,0,16,63
05/06/2009,PIH,ID,ANM,WE,Federal Contract Tower,0,14,3,1,18,0,8,38,1,47,0,22,41,2,65,66,0,66,131
05/07/2009,PIH,ID,ANM,WE,Federal Contract Tower,0,15,6,0,21,0,8,36,0,44,0,23,42,0,65,58,0,58,123
05/08/2009,PIH,ID,ANM,WE,Federal Contract Tower,0,14,1,1,16,0,11,81,3,95,0,25,82,4,111,147,0,147,258
05/09/2009,PIH,ID,ANM,WE,Federal Contract Tower,0,10,0,0,10,0,4,69,4,77,0,14,69,4,87,70,0,70,157
05/10/2009,PIH,ID,ANM,WE,Federal Contract Tower,0,9,4,0,13,0,0,34,0,34,0,9,38,0,47,30,0,30,77
05/11/2009,PIH,ID,ANM,WE,Federal Contract Tower,0,12,3,0,15,0,16,38,0,54,0,28,41,0,69,48,0,48,117
05/12/2009,PIH,ID,ANM,WE,Federal Contract Tower,0,13,4,0,17,0,8,19,0,27,0,21,23,0,44,23,0,23,67
05/13/2009,PIH,ID,ANM,WE,Federal Contract Tower,0,15,1,0,16,0,14,45,8,67,0,29,46,8,83,68,0,68,151
05/14/2009,PIH,ID,ANM,WE,Federal Contract Tower,2,16,6,0,24,0,7,29,0,36,2,23,35,0,60,20,0,20,80
05/15/2009,PIH,ID,ANM,WE,Federal Contract Tower,0,15,6,0,21,0,13,52,0,65,0,28,58,0,86,120,0,120,206
05/16/2009,PIH,ID,ANM,WE,Federal Contract Tower,0,10,1,0,11,0,5,43,2,50,0,15,44,2,61,102,0,102,163
05/17/2009,PIH,ID,ANM,WE,Federal Contract Tower,2,8,0,0,10,0,0,16,0,16,2,8,16,0,26,46,0,46,72
05/18/2009,PIH,ID,ANM,WE,Federal Contract Tower,0,11,5,0,16,0,15,50,0,65,0,26,55,0,81,106,0,106,187
05/19/2009,PIH,ID,ANM,WE,Federal Contract Tower,0,12,0,0,12,0,14,28,0,42,0,26,28,0,54,36,0,36,90
05/20/2009,PIH,ID,ANM,WE,Federal Contract Tower,0,13,3,0,16,0,12,28,0,40,0,25,31,0,56,8,0,8,64
05/21/2009,PIH,ID,ANM,WE,Federal Contract Tower,0,11,5,0,16,0,11,57,0,68,0,22,62,0,84,162,0,162,246
05/22/2009,PIH,ID,ANM,WE,Federal Contract Tower,0,12,2,0,14,0,13,54,0,67,0,25,56,0,81,116,0,116,197
05/23/2009,PIH,ID,ANM,WE,Federal Contract Tower,0,5,0,0,5,0,6,35,0,41,0,11,35,0,46,72,0,72,118
05/24/2009,PIH,ID,ANM,WE,Federal Contract Tower,0,3,2,0,5,0,0,4,0,4,0,3,6,0,9,0,0,0,9
05/25/2009,PIH,ID,ANM,WE,Federal Contract Tower,0,8,5,0,13,0,0,16,0,16,0,8,21,0,29,34,0,34,63
05/26/2009,PIH,ID,ANM,WE,Federal Contract Tower,0,10,5,0,15,0,11,33,2,46,0,21,38,2,61,99,0,99,160
05/27/2009,PIH,ID,ANM,WE,Federal Contract Tower,0,14,5,0,19,0,14,48,0,62,0,28,53,0,81,86,0,86,167
05/28/2009,PIH,ID,ANM,WE,Federal Contract Tower,0,13,6,0,19,0,10,47,2,59,0,23,53,2,78,124,0,124,202
05/29/2009,PIH,ID,ANM,WE,Federal Contract Tower,0,12,4,0,16,0,11,41,0,52,0,23,45,0,68,64,0,64,132
05/30/2009,PIH,ID,ANM,WE,Federal Contract Tower,0,13,4,0,17,0,5,35,0,40,0,18,39,0,57,46,0,46,103
05/31/2009,PIH,ID,ANM,WE,Federal Contract Tower,0,7,1,5,13,0,0,29,3,32,0,7,30,8,45,38,8,46,91
06/01/2009,PIH,ID,ANM,WE,Federal Contract Tower,2,9,9,0,20,0,6,31,2,39,2,15,40,2,59,58,0,58,117
06/02/2009,PIH,ID,ANM,WE,Federal Contract Tower,4,17,7,0,28,0,3,12,2,17,4,20,19,2,45,20,0,20,65
06/03/2009,PIH,ID,ANM,WE,Federal Contract Tower,3,16,3,0,22,0,10,27,0,37,3,26,30,0,59,54,0,54,113
06/04/2009,PIH,ID,ANM,WE,Federal Contract Tower,0,13,3,0,16,0,12,51,0,63,0,25,54,0,79,128,0,128,207
06/05/2009,PIH,ID,ANM,WE,Federal Contract Tower,2,15,8,0,25,0,6,27,0,33,2,21,35,0,58,54,0,54,112
06/06/2009,PIH,ID,ANM,WE,Federal Contract Tower,0,13,0,0,13,0,0,9,0,9,0,13,9,0,22,0,0,0,22
06/07/2009,PIH,ID,ANM,WE,Federal Contract Tower,0,6,4,0,10,0,0,7,0,7,0,6,11,0,17,6,0,6,23
06/08/2009,PIH,ID,ANM,WE,Federal Contract Tower,0,16,7,0,23,0,8,41,0,49,0,24,48,0,72,60,0,60,132
06/09/2009,PIH,ID,ANM,WE,Federal Contract Tower,0,17,3,0,20,0,12,54,0,66,0,29,57,0,86,179,0,179,265
06/10/2009,PIH,ID,ANM,WE,Federal Contract Tower,0,19,2,0,21,0,10,41,0,51,0,29,43,0,72,80,0,80,152
06/11/2009,PIH,ID,ANM,WE,Federal Contract Tower,2,20,9,2,33,0,8,21,0,29,2,28,30,2,62,80,0,80,142
06/12/2009,PIH,ID,ANM,WE,Federal Contract Tower,0,15,4,0,19,0,13,44,0,57,0,28,48,0,76,151,0,151,227
06/13/2009,PIH,ID,ANM,WE,Federal Contract Tower,0,12,2,0,14,0,1,23,0,24,0,13,25,0,38,31,0,31,69
06/14/2009,PIH,ID,ANM,WE,Federal Contract Tower,0,6,3,0,9,0,17,11,0,28,0,23,14,0,37,4,0,4,41
06/15/2009,PIH,ID,ANM,WE,Federal Contract Tower,0,13,2,0,15,0,11,48,0,59,0,24,50,0,74,46,0,46,120
06/16/2009,PIH,ID,ANM,WE,Federal Contract Tower,0,14,8,0,22,0,9,45,0,54,0,23,53,0,76,66,0,66,142
06/17/2009,PIH,ID,ANM,WE,Federal Contract Tower,0,18,5,0,23,0,9,11,0,20,0,27,16,0,43,77,0,77,120
06/18/2009,PIH,ID,ANM,WE,Federal Contract Tower,0,14,9,0,23,0,8,48,2,58,0,22,57,2,81,162,12,174,255
06/19/2009,PIH,ID,ANM,WE,Federal Contract Tower,0,12,6,0,18,0,14,50,0,64,0,26,56,0,82,96,0,96,178
06/20/2009,PIH,ID,ANM,WE,Federal Contract Tower,0,12,3,0,15,0,0,19,0,19,0,12,22,0,34,58,0,58,92
06/21/2009,PIH,ID,ANM,WE,Federal Contract Tower,0,8,1,0,9,0,0,8,3,11,0,8,9,3,20,0,0,0,20
06/22/2009,PIH,ID,ANM,WE,Federal Contract Tower,0,10,2,0,12,0,10,66,11,87,0,20,68,11,99,132,0,132,231
06/23/2009,PIH,ID,ANM,WE,Federal Contract Tower,0,12,3,0,15,0,11,67,0,78,0,23,70,0,93,192,0,192,285
06/24/2009,PIH,ID,ANM,WE,Federal Contract Tower,0,15,17,0,32,0,11,54,0,65,0,26,71,0,97,130,0,130,227
06/25/2009,PIH,ID,ANM,WE,Federal Contract Tower,0,14,7,0,21,0,11,31,0,42,0,25,38,0,63,72,0,72,135
06/26/2009,PIH,ID,ANM,WE,Federal Contract Tower,2,21,6,0,29,0,8,48,0,56,2,29,54,0,85,126,0,126,211
06/27/2009,PIH,ID,ANM,WE,Federal Contract Tower,0,9,14,0,23,0,4,62,0,66,0,13,76,0,89,90,0,90,179
06/28/2009,PIH,ID,ANM,WE,Federal Contract Tower,0,10,7,0,17,0,0,26,0,26,0,10,33,0,43,0,0,0,43
06/29/2009,PIH,ID,ANM,WE,Federal Contract Tower,0,8,8,0,16,0,8,47,0,55,0,16,55,0,71,126,0,126,197
06/30/2009,PIH,ID,ANM,WE,Federal Contract Tower,0,11,9,0,20,0,11,31,0,42,0,22,40,0,62,72,0,72,134
07/01/2009,PIH,ID,ANM,WE,Federal Contract Tower,0,14,2,0,16,0,10,53,0,63,0,24,55,0,79,136,0,136,215
07/02/2009,PIH,ID,ANM,WE,Federal Contract Tower,0,12,11,0,23,0,12,56,0,68,0,24,67,0,91,126,0,126,217
07/03/2009,PIH,ID,ANM,WE,Federal Contract Tower,0,13,3,0,16,0,11,51,0,62,0,24,54,0,78,106,0,106,184
07/04/2009,PIH,ID,ANM,WE,Federal Contract Tower,0,7,2,0,9,0,0,27,0,27,0,7,29,0,36,18,0,18,54
07/05/2009,PIH,ID,ANM,WE,Federal Contract Tower,0,8,8,0,16,0,0,28,0,28,0,8,36,0,44,28,0,28,72
07/06/2009,PIH,ID,ANM,WE,Federal Contract Tower,0,10,6,0,16,0,12,60,0,72,0,22,66,0,88,88,0,88,176
07/07/2009,PIH,ID,ANM,WE,Federal Contract Tower,0,16,11,2,29,0,11,67,3,81,0,27,78,5,110,108,0,108,218
07/08/2009,PIH,ID,ANM,WE,Federal Contract Tower,0,13,3,0,16,0,14,42,0,56,0,27,45,0,72,58,0,58,130
07/09/2009,PIH,ID,ANM,WE,Federal Contract Tower,0,17,0,0,17,0,7,75,0,82,0,24,75,0,99,160,0,160,259
07/10/2009,PIH,ID,ANM,WE,Federal Contract Tower,0,12,5,2,19,0,12,56,0,68,0,24,61,2,87,132,0,132,219
07/11/2009,PIH,ID,ANM,WE,Federal Contract Tower,0,11,0,0,11,0,8,62,0,70,0,19,62,0,81,104,0,104,185
07/12/2009,PIH,ID,ANM,WE,Federal Contract Tower,0,7,2,0,9,0,0,15,0,15,0,7,17,0,24,0,0,0,24
07/13/2009,PIH,ID,ANM,WE,Federal Contract Tower,0,10,8,0,18,0,10,41,0,51,0,20,49,0,69,44,0,44,113
07/14/2009,PIH,ID,ANM,WE,Federal Contract Tower,0,10,4,0,14,0,11,68,0,79,0,21,72,0,93,91,0,91,184
07/15/2009,PIH,ID,ANM,WE,Federal Contract Tower,0,12,8,0,20,0,11,72,0,83,0,23,80,0,103,98,0,98,201
07/16/2009,PIH,ID,ANM,WE,Federal Contract Tower,0,14,6,0,20,0,13,70,2,85,0,27,76,2,105,130,0,130,235
07/17/2009,PIH,ID,ANM,WE,Federal Contract Tower,0,12,10,0,22,0,16,87,0,103,0,28,97,0,125,172,0,172,297
07/18/2009,PIH,ID,ANM,WE,Federal Contract Tower,0,9,6,0,15,0,3,102,0,105,0,12,108,0,120,55,0,55,175
07/19/2009,PIH,ID,ANM,WE,Federal Contract Tower,0,7,4,0,11,0,0,18,0,18,0,7,22,0,29,0,0,0,29
07/20/2009,PIH,ID,ANM,WE,Federal Contract Tower,0,11,10,0,21,0,11,49,0,60,0,22,59,0,81,88,0,88,169
07/21/2009,PIH,ID,ANM,WE,Federal Contract Tower,0,12,9,2,23,0,13,50,2,65,0,25,59,4,88,126,14,140,228
07/22/2009,PIH,ID,ANM,WE,Federal Contract Tower,0,11,6,2,19,0,10,52,0,62,0,21,58,2,81,158,0,158,239
07/23/2009,PIH,ID,ANM,WE,Federal Contract Tower,0,12,12,2,26,0,9,37,0,46,0,21,49,2,72,76,0,76,148
07/24/2009,PIH,ID,ANM,WE,Federal Contract Tower,0,14,6,2,22,0,12,44,0,56,0,26,50,2,78,64,0,64,142
07/25/2009,PIH,ID,ANM,WE,Federal Contract Tower,0,10,1,0,11,0,4,43,0,47,0,14,44,0,58,68,0,68,126
07/26/2009,PIH,ID,ANM,WE,Federal Contract Tower,2,8,11,0,21,0,0,35,0,35,2,8,46,0,56,0,0,0,56
07/27/2009,PIH,ID,ANM,WE,Federal Contract Tower,0,7,12,2,21,0,10,53,0,63,0,17,65,2,84,60,0,60,144
07/28/2009,PIH,ID,ANM,WE,Federal Contract Tower,0,14,6,0,20,0,4,48,0,52,0,18,54,0,72,140,0,140,212
07/29/2009,PIH,ID,ANM,WE,Federal Contract Tower,2,14,6,0,22,0,9,67,0,76,2,23,73,0,98,146,0,146,244
07/30/2009,PIH,ID,ANM,WE,Federal Contract Tower,0,13,7,0,20,0,11,83,0,94,0,24,90,0,114,238,0,238,352
07/31/2009,PIH,ID,ANM,WE,Federal Contract Tower,0,14,3,0,17,0,9,78,0,87,0,23,81,0,104,202,0,202,306
08/01/2009,PIH,ID,ANM,WE,Federal Contract Tower,0,8,4,0,12,0,4,70,0,74,0,12,74,0,86,42,0,42,128
08/02/2009,PIH,ID,ANM,WE,Federal Contract Tower,0,8,5,0,13,0,0,51,0,51,0,8,56,0,64,10,0,10,74
08/03/2009,PIH,ID,ANM,WE,Federal Contract Tower,0,12,2,0,14,0,7,56,0,63,0,19,58,0,77,124,0,124,201
08/04/2009,PIH,ID,ANM,WE,Federal Contract Tower,0,15,5,0,20,0,11,61,0,72,0,26,66,0,92,60,0,60,152
08/05/2009,PIH,ID,ANM,WE,Federal Contract Tower,2,16,5,0,23,0,7,57,0,64,2,23,62,0,87,186,0,186,273
08/06/2009,PIH,ID,ANM,WE,Federal Contract Tower,0,15,5,1,21,0,14,47,0,61,0,29,52,1,82,48,0,48,130
08/07/2009,PIH,ID,ANM,WE,Federal Contract Tower,1,15,5,1,22,0,11,37,0,48,1,26,42,1,70,42,0,42,112
08/08/2009,PIH,ID,ANM,WE,Federal Contract Tower,0,12,4,0,16,0,1,37,0,38,0,13,41,0,54,62,0,62,116
08/09/2009,PIH,ID,ANM,WE,Federal Contract Tower,0,8,10,0,18,0,0,27,0,27,0,8,37,0,45,0,0,0,45
08/10/2009,PIH,ID,ANM,WE,Federal Contract Tower,0,11,4,0,15,0,11,74,4,89,0,22,78,4,104,136,0,136,240
08/11/2009,PIH,ID,ANM,WE,Federal Contract Tower,0,15,4,0,19,0,8,65,4,77,0,23,69,4,96,79,0,79,175
08/12/2009,PIH,ID,ANM,WE,Federal Contract Tower,0,16,4,0,20,0,10,48,10,68,0,26,52,10,88,62,0,62,150
08/13/2009,PIH,ID,ANM,WE,Federal Contract Tower,0,15,3,0,18,0,10,37,5,52,0,25,40,5,70,26,0,26,96
08/14/2009,PIH,ID,ANM,WE,Federal Contract Tower,0,14,11,0,25,0,13,47,5,65,0,27,58,5,90,50,0,50,140
08/15/2009,PIH,ID,ANM,WE,Federal Contract Tower,0,12,2,0,14,0,4,43,0,47,0,16,45,0,61,18,0,18,79
08/16/2009,PIH,ID,ANM,WE,Federal Contract Tower,0,7,12,0,19,0,0,37,1,38,0,7,49,1,57,32,0,32,89
08/17/2009,PIH,ID,ANM,WE,Federal Contract Tower,0,9,7,0,16,0,9,44,2,55,0,18,51,2,71,90,0,90,161
08/18/2009,PIH,ID,ANM,WE,Federal Contract Tower,0,15,4,2,21,0,12,50,0,62,0,27,54,2,83,84,12,96,179
08/19/2009,PIH,ID,ANM,WE,Federal Contract Tower,0,19,7,0,26,0,10,50,0,60,0,29,57,0,86,102,0,102,188
08/20/2009,PIH,ID,ANM,WE,Federal Contract Tower,0,17,5,0,22,3,22,47,0,72,3,39,52,0,94,44,0,44,138
08/21/2009,PIH,ID,ANM,WE,Federal Contract Tower,0,13,9,0,22,0,10,54,0,64,0,23,63,0,86,70,0,70,156
08/22/2009,PIH,ID,ANM,WE,Federal Contract Tower,0,7,4,2,13,1,4,47,0,52,1,11,51,2,65,52,0,52,117
08/23/2009,PIH,ID,ANM,WE,Federal Contract Tower,0,8,1,0,9,0,0,7,0,7,0,8,8,0,16,0,0,0,16
08/24/2009,PIH,ID,ANM,WE,Federal Contract Tower,0,11,8,0,19,0,7,40,0,47,0,18,48,0,66,96,0,96,162
08/25/2009,PIH,ID,ANM,WE,Federal Contract Tower,0,16,8,2,26,0,8,42,4,54,0,24,50,6,80,56,0,56,136
08/26/2009,PIH,ID,ANM,WE,Federal Contract Tower,0,18,8,0,26,0,8,52,0,60,0,26,60,0,86,58,0,58,144
08/27/2009,PIH,ID,ANM,WE,Federal Contract Tower,0,11,9,0,20,1,11,33,0,45,1,22,42,0,65,46,0,46,111
08/28/2009,PIH,ID,ANM,WE,Federal Contract Tower,0,15,5,0,20,0,7,53,0,60,0,22,58,0,80,64,0,64,144
08/29/2009,PIH,ID,ANM,WE,Federal Contract Tower,0,13,1,0,14,0,5,52,0,57,0,18,53,0,71,48,0,48,119
08/30/2009,PIH,ID,ANM,WE,Federal Contract Tower,4,7,0,0,11,0,0,14,0,14,4,7,14,0,25,0,0,0,25
08/31/2009,PIH,ID,ANM,WE,Federal Contract Tower,0,13,5,0,18,0,8,37,0,45,0,21,42,0,63,82,0,82,145
09/01/2009,PIH,ID,ANM,WE,Federal Contract Tower,0,17,1,0,18,0,12,46,0,58,0,29,47,0,76,72,0,72,148
09/02/2009,PIH,ID,ANM,WE,Federal Contract Tower,0,19,1,0,20,0,19,32,0,51,0,38,33,0,71,36,0,36,107
09/03/2009,PIH,ID,ANM,WE,Federal Contract Tower,0,16,7,0,23,0,8,48,0,56,0,24,55,0,79,112,0,112,191
09/04/2009,PIH,ID,ANM,WE,Federal Contract Tower,0,20,5,0,25,0,6,34,0,40,0,26,39,0,65,28,0,28,93
09/05/2009,PIH,ID,ANM,WE,Federal Contract Tower,0,12,2,0,14,0,4,22,0,26,0,16,24,0,40,10,0,10,50
09/06/2009,PIH,ID,ANM,WE,Federal Contract Tower,0,8,2,0,10,0,4,17,0,21,0,12,19,0,31,8,0,8,39
09/07/2009,PIH,ID,ANM,WE,Federal Contract Tower,0,9,4,0,13,0,3,46,0,49,0,12,50,0,62,8,0,8,70
09/08/2009,PIH,ID,ANM,WE,Federal Contract Tower,0,11,4,2,17,0,13,48,0,61,0,24,52,2,78,46,0,46,124
09/09/2009,PIH,ID,ANM,WE,Federal Contract Tower,0,16,4,0,20,0,8,52,0,60,0,24,56,0,80,42,0,42,122
09/10/2009,PIH,ID,ANM,WE,Federal Contract Tower,2,17,7,0,26,0,13,83,0,96,2,30,90,0,122,74,0,74,196
09/11/2009,PIH,ID,ANM,WE,Federal Contract Tower,2,13,1,0,16,0,14,57,0,71,2,27,58,0,87,34,0,34,121
09/12/2009,PIH,ID,ANM,WE,Federal Contract Tower,0,9,3,0,12,0,4,46,0,50,0,13,49,0,62,38,0,38,100
09/13/2009,PIH,ID,ANM,WE,Federal Contract Tower,2,9,1,0,12,0,2,28,0,30,2,11,29,0,42,24,0,24,66
09/14/2009,PIH,ID,ANM,WE,Federal Contract Tower,0,19,4,0,23,0,3,29,0,32,0,22,33,0,55,6,0,6,61
09/15/2009,PIH,ID,ANM,WE,Federal Contract Tower,0,18,2,0,20,0,8,39,0,47,0,26,41,0,67,4,0,4,71
09/16/2009,PIH,ID,ANM,WE,Federal Contract Tower,0,19,2,0,21,0,9,54,4,67,0,28,56,4,88,22,0,22,110
09/17/2009,PIH,ID,ANM,WE,Federal Contract Tower,0,13,10,0,23,0,9,64,0,73,0,22,74,0,96,68,0,68,164
09/18/2009,PIH,ID,ANM,WE,Federal Contract Tower,0,18,1,5,24,0,6,31,0,37,0,24,32,5,61,46,0,46,107
09/19/2009,PIH,ID,ANM,WE,Federal Contract Tower,0,14,3,0,17,0,3,45,0,48,0,17,48,0,65,34,0,34,99
09/20/2009,PIH,ID,ANM,WE,Federal Contract Tower,0,7,7,1,15,0,1,5,0,6,0,8,12,1,21,0,0,0,21
09/21/2009,PIH,ID,ANM,WE,Federal Contract Tower,0,15,2,2,19,0,8,51,4,63,0,23,53,6,82,68,0,68,150
09/22/2009,PIH,ID,ANM,WE,Federal Contract Tower,0,16,3,0,19,0,12,51,0,63,0,28,54,0,82,28,0,28,110
09/23/2009,PIH,ID,ANM,WE,Federal Contract Tower,0,15,4,0,19,0,26,84,2,112,0,41,88,2,131,132,0,132,263
09/24/2009,PIH,ID,ANM,WE,Federal Contract Tower,0,12,4,0,16,0,8,72,3,83,0,20,76,3,99,59,0,59,158
09/25/2009,PIH,ID,ANM,WE,Federal Contract Tower,0,14,5,2,21,0,10,62,0,72,0,24,67,2,93,108,0,108,201
09/26/2009,PIH,ID,ANM,WE,Federal Contract Tower,0,9,2,0,11,0,4,19,4,27,0,13,21,4,38,6,10,16,54
09/27/2009,PIH,ID,ANM,WE,Federal Contract Tower,0,7,4,0,11,0,1,33,0,34,0,8,37,0,45,10,0,10,55
09/28/2009,PIH,ID,ANM,WE,Federal Contract Tower,0,14,5,0,19,0,10,58,2,70,0,24,63,2,89,112,0,112,201
09/29/2009,PIH,ID,ANM,WE,Federal Contract Tower,0,16,3,0,19,0,7,49,0,56,0,23,52,0,75,44,0,44,119
09/30/2009,PIH,ID,ANM,WE,Federal Contract Tower,0,19,2,0,21,0,4,9,2,15,0,23,11,2,36,0,0,0,36
10/01/2009,PIH,ID,ANM,WE,Federal Contract Tower,0,18,4,0,22,0,5,49,0,54,0,23,53,0,76,52,0,52,128
10/02/2009,PIH,ID,ANM,WE,Federal Contract Tower,0,19,7,0,26,0,8,62,2,72,0,27,69,2,98,100,0,100,198
10/03/2009,PIH,ID,ANM,WE,Federal Contract Tower,0,10,3,0,13,0,4,16,0,20,0,14,19,0,33,6,0,6,39
10/04/2009,PIH,ID,ANM,WE,Federal Contract Tower,0,8,4,0,12,0,0,0,0,0,0,8,4,0,12,0,0,0,12
10/05/2009,PIH,ID,ANM,WE,Federal Contract Tower,0,18,4,0,22,0,1,8,0,9,0,19,12,0,31,4,0,4,35
10/06/2009,PIH,ID,ANM,WE,Federal Contract Tower,0,17,4,0,21,0,6,27,0,33,0,23,31,0,54,38,0,38,92
10/07/2009,PIH,ID,ANM,WE,Federal Contract Tower,0,16,2,0,18,0,7,37,0,44,0,23,39,0,62,98,0,98,160
10/08/2009,PIH,ID,ANM,WE,Federal Contract Tower,0,18,4,2,24,0,4,50,2,56,0,22,54,4,80,60,6,66,146
10/09/2009,PIH,ID,ANM,WE,Federal Contract Tower,0,17,9,0,26,0,4,28,0,32,0,21,37,0,58,12,0,12,70
10/10/2009,PIH,ID,ANM,WE,Federal Contract Tower,0,11,7,0,18,0,1,24,0,25,0,12,31,0,43,2,0,2,45
10/11/2009,PIH,ID,ANM,WE,Federal Contract Tower,0,7,3,0,10,0,0,20,0,20,0,7,23,0,30,4,0,4,34
10/12/2009,PIH,ID,ANM,WE,Federal Contract Tower,0,10,2,0,12,0,1,34,2,37,0,11,36,2,49,76,0,76,125
10/13/2009,PIH,ID,ANM,WE,Federal Contract Tower,0,19,3,0,22,0,5,21,0,26,0,24,24,0,48,2,0,2,50
10/14/2009,PIH,ID,ANM,WE,Federal Contract Tower,0,19,2,0,21,0,5,31,2,38,0,24,33,2,59,28,0,28,87
10/15/2009,PIH,ID,ANM,WE,Federal Contract Tower,0,19,8,0,27,0,6,44,2,52,0,25,52,2,79,86,0,86,165
10/16/2009,PIH,ID,ANM,WE,Federal Contract Tower,2,14,9,0,25,0,8,45,0,53,2,22,54,0,78,76,0,76,154
10/17/2009,PIH,ID,ANM,WE,Federal Contract Tower,3,10,5,0,18,0,2,56,0,58,3,12,61,0,76,20,0,20,96
10/18/2009,PIH,ID,ANM,WE,Federal Contract Tower,0,7,0,0,7,0,0,13,0,13,0,7,13,0,20,0,0,0,20
10/19/2009,PIH,ID,ANM,WE,Federal Contract Tower,0,19,0,0,19,0,2,14,2,18,0,21,14,2,37,44,0,44,81
10/20/2009,PIH,ID,ANM,WE,Federal Contract Tower,0,18,1,0,19,0,3,27,0,30,0,21,28,0,49,70,0,70,119
10/21/2009,PIH,ID,ANM,WE,Federal Contract Tower,0,17,7,0,24,0,8,28,0,36,0,25,35,0,60,64,0,64,124
10/22/2009,PIH,ID,ANM,WE,Federal Contract Tower,0,16,0,0,16,0,8,44,0,52,0,24,44,0,68,98,0,98,166
10/23/2009,PIH,ID,ANM,WE,Federal Contract Tower,1,22,4,0,27,0,7,44,0,51,1,29,48,0,78,60,0,60,138
10/24/2009,PIH,ID,ANM,WE,Federal Contract Tower,0,11,3,0,14,0,3,15,2,20,0,14,18,2,34,0,0,0,34
10/25/2009,PIH,ID,ANM,WE,Federal Contract Tower,1,7,2,0,10,0,0,34,0,34,1,7,36,0,44,16,0,16,60
10/26/2009,PIH,ID,ANM,WE,Federal Contract Tower,0,18,9,0,27,0,4,16,2,22,0,22,25,2,49,30,0,30,79
10/27/2009,PIH,ID,ANM,WE,Federal Contract Tower,0,23,2,0,25,0,3,0,0,3,0,26,2,0,28,0,0,0,28
10/28/2009,PIH,ID,ANM,WE,Federal Contract Tower,0,20,5,0,25,0,4,27,4,35,0,24,32,4,60,64,0,64,124
10/29/2009,PIH,ID,ANM,WE,Federal Contract Tower,0,17,6,0,23,0,4,31,0,35,0,21,37,0,58,36,0,36,94
10/30/2009,PIH,ID,ANM,WE,Federal Contract Tower,0,25,4,0,29,0,1,3,0,4,0,26,7,0,33,26,0,26,59
10/31/2009,PIH,ID,ANM,WE,Federal Contract Tower,0,10,1,0,11,0,4,9,0,13,0,14,10,0,24,0,0,0,24
11/01/2009,PIH,ID,ANM,WE,Federal Contract Tower,2,7,0,0,9,0,0,17,0,17,2,7,17,0,26,16,0,16,42
11/02/2009,PIH,ID,ANM,WE,Federal Contract Tower,0,16,3,0,19,0,11,53,2,66,0,27,56,2,85,60,0,60,145
11/03/2009,PIH,ID,ANM,WE,Federal Contract Tower,0,15,2,0,17,0,6,44,2,52,0,21,46,2,69,64,2,66,135
11/04/2009,PIH,ID,ANM,WE,Federal Contract Tower,2,16,5,0,23,0,9,58,2,69,2,25,63,2,92,162,4,166,258
11/05/2009,PIH,ID,ANM,WE,Federal Contract Tower,0,17,0,0,17,0,5,50,2,57,0,22,50,2,74,72,0,72,146
11/06/2009,PIH,ID,ANM,WE,Federal Contract Tower,0,18,2,0,20,0,7,22,0,29,0,25,24,0,49,10,0,10,59
11/07/2009,PIH,ID,ANM,WE,Federal Contract Tower,0,11,1,0,12,0,2,14,0,16,0,13,15,0,28,20,0,20,48
11/08/2009,PIH,ID,ANM,WE,Federal Contract Tower,0,8,0,0,8,0,0,21,0,21,0,8,21,0,29,34,0,34,63
11/09/2009,PIH,ID,ANM,WE,Federal Contract Tower,0,14,6,0,20,0,9,65,2,76,0,23,71,2,96,112,0,112,208
11/10/2009,PIH,ID,ANM,WE,Federal Contract Tower,0,22,6,0,28,0,4,37,0,41,0,26,43,0,69,2,0,2,71
11/11/2009,PIH,ID,ANM,WE,Federal Contract Tower,0,15,3,0,18,0,1,27,0,28,0,16,30,0,46,56,0,56,102
11/12/2009,PIH,ID,ANM,WE,Federal Contract Tower,0,22,4,0,26,0,1,6,0,7,0,23,10,0,33,18,0,18,51
11/13/2009,PIH,ID,ANM,WE,Federal Contract Tower,0,22,5,0,27,0,4,6,0,10,0,26,11,0,37,20,0,20,57
11/14/2009,PIH,ID,ANM,WE,Federal Contract Tower,0,13,4,0,17,0,0,0,0,0,0,13,4,0,17,0,0,0,17
11/15/2009,PIH,ID,ANM,WE,Federal Contract Tower,0,8,3,0,11,0,0,12,0,12,0,8,15,0,23,14,0,14,37
11/16/2009,PIH,ID,ANM,WE,Federal Contract Tower,0,13,6,0,19,0,8,56,4,68,0,21,62,4,87,52,0,52,139
11/17/2009,PIH,ID,ANM,WE,Federal Contract Tower,0,15,7,0,22,0,9,48,0,57,0,24,55,0,79,104,0,104,183
11/18/2009,PIH,ID,ANM,WE,Federal Contract Tower,0,15,5,0,20,0,9,41,0,50,0,24,46,0,70,74,0,74,144
11/19/2009,PIH,ID,ANM,WE,Federal Contract Tower,0,16,4,0,20,0,8,49,0,57,0,24,53,0,77,94,0,94,171
11/20/2009,PIH,ID,ANM,WE,Federal Contract Tower,0,17,6,0,23,0,7,26,2,35,0,24,32,2,58,36,0,36,94
11/21/2009,PIH,ID,ANM,WE,Federal Contract Tower,0,12,0,0,12,0,3,9,0,12,0,15,9,0,24,0,0,0,24
11/22/2009,PIH,ID,ANM,WE,Federal Contract Tower,0,8,0,0,8,0,2,0,0,2,0,10,0,0,10,0,0,0,10
11/23/2009,PIH,ID,ANM,WE,Federal Contract Tower,0,14,4,0,18,0,9,56,2,67,0,23,60,2,85,74,0,74,159
11/24/2009,PIH,ID,ANM,WE,Federal Contract Tower,0,19,5,3,27,0,11,66,4,81,0,30,71,7,108,108,0,108,216
11/25/2009,PIH,ID,ANM,WE,Federal Contract Tower,0,22,3,0,25,0,6,32,2,40,0,28,35,2,65,91,6,97,162
11/26/2009,PIH,ID,ANM,WE,Federal Contract Tower,0,7,2,0,9,0,0,22,0,22,0,7,24,0,31,6,0,6,37
11/27/2009,PIH,ID,ANM,WE,Federal Contract Tower,0,20,3,0,23,0,7,21,0,28,0,27,24,0,51,12,0,12,63
11/28/2009,PIH,ID,ANM,WE,Federal Contract Tower,0,12,2,0,14,0,4,18,0,22,0,16,20,0,36,4,0,4,40
11/29/2009,PIH,ID,ANM,WE,Federal Contract Tower,0,9,2,0,11,0,0,26,0,26,0,9,28,0,37,26,0,26,63
11/30/2009,PIH,ID,ANM,WE,Federal Contract Tower,0,17,5,0,22,0,8,44,2,54,0,25,49,2,76,52,0,52,128
12/01/2009,PIH,ID,ANM,WE,Federal Contract Tower,0,20,1,0,21,0,6,17,2,25,0,26,18,2,46,30,0,30,76
12/02/2009,PIH,ID,ANM,WE,Federal Contract Tower,0,16,3,0,19,0,8,45,2,55,0,24,48,2,74,4,0,4,78
12/03/2009,PIH,ID,ANM,WE,Federal Contract Tower,0,16,2,4,22,0,9,32,0,41,0,25,34,4,63,50,0,50,113
12/04/2009,PIH,ID,ANM,WE,Federal Contract Tower,0,20,4,0,24,0,8,36,0,44,0,28,40,0,68,30,0,30,98
12/05/2009,PIH,ID,ANM,WE,Federal Contract Tower,0,11,0,0,11,0,1,6,0,7,0,12,6,0,18,0,0,0,18
12/06/2009,PIH,ID,ANM,WE,Federal Contract Tower,0,8,4,0,12,0,0,2,0,2,0,8,6,0,14,0,0,0,14
12/07/2009,PIH,ID,ANM,WE,Federal Contract Tower,0,22,7,0,29,0,0,10,2,12,0,22,17,2,41,10,0,10,51
12/08/2009,PIH,ID,ANM,WE,Federal Contract Tower,0,23,5,0,28,0,2,5,0,7,0,25,10,0,35,20,0,20,55
12/09/2009,PIH,ID,ANM,WE,Federal Contract Tower,0,23,4,0,27,0,1,15,0,16,0,24,19,0,43,0,0,0,43
12/10/2009,PIH,ID,ANM,WE,Federal Contract Tower,0,19,2,2,23,0,2,27,0,29,0,21,29,2,52,83,2,85,137
12/11/2009,PIH,ID,ANM,WE,Federal Contract Tower,0,16,3,0,19,0,6,53,2,61,0,22,56,2,80,46,0,46,126
12/12/2009,PIH,ID,ANM,WE,Federal Contract Tower,0,15,3,0,18,0,0,2,0,2,0,15,5,0,20,0,0,0,20
12/13/2009,PIH,ID,ANM,WE,Federal Contract Tower,0,7,0,0,7,0,0,0,0,0,0,7,0,0,7,0,0,0,7
12/14/2009,PIH,ID,ANM,WE,Federal Contract Tower,0,23,8,0,31,0,5,26,2,33,0,28,34,2,64,62,0,62,126
12/15/2009,PIH,ID,ANM,WE,Federal Contract Tower,0,22,5,0,27,0,0,16,0,16,0,22,21,0,43,2,0,2,45
12/16/2009,PIH,ID,ANM,WE,Federal Contract Tower,0,17,2,0,19,0,9,19,0,28,0,26,21,0,47,28,0,28,75
12/17/2009,PIH,ID,ANM,WE,Federal Contract Tower,0,25,10,0,35,0,1,42,0,43,0,26,52,0,78,0,42,42,120
12/18/2009,PIH,ID,ANM,WE,Federal Contract Tower,0,20,6,0,26,0,2,14,0,16,0,22,20,0,42,6,0,6,48
12/19/2009,PIH,ID,ANM,WE,Federal Contract Tower,0,14,0,0,14,0,2,13,0,15,0,16,13,0,29,8,0,8,37
12/20/2009,PIH,ID,ANM,WE,Federal Contract Tower,0,8,3,0,11,0,0,15,0,15,0,8,18,0,26,44,0,44,70
12/21/2009,PIH,ID,ANM,WE,Federal Contract Tower,0,18,9,0,27,0,4,30,0,34,0,22,39,0,61,80,0,80,141
12/22/2009,PIH,ID,ANM,WE,Federal Contract Tower,0,28,0,0,28,0,0,4,0,4,0,28,4,0,32,10,0,10,42
12/23/2009,PIH,ID,ANM,WE,Federal Contract Tower,0,18,6,0,24,0,1,0,0,1,0,19,6,0,25,0,0,0,25
12/24/2009,PIH,ID,ANM,WE,Federal Contract Tower,0,22,2,0,24,0,0,8,0,8,0,22,10,0,32,0,0,0,32
12/25/2009,PIH,ID,ANM,WE,Federal Contract Tower,0,5,1,0,6,0,0,0,0,0,0,5,1,0,6,0,0,0,6
12/26/2009,PIH,ID,ANM,WE,Federal Contract Tower,0,7,2,0,9,0,2,17,0,19,0,9,19,0,28,14,0,14,42
12/27/2009,PIH,ID,ANM,WE,Federal Contract Tower,0,7,1,0,8,0,0,14,0,14,0,7,15,0,22,4,0,4,26
12/28/2009,PIH,ID,ANM,WE,Federal Contract Tower,0,17,6,0,23,0,2,33,2,37,0,19,39,2,60,22,0,22,82
12/29/2009,PIH,ID,ANM,WE,Federal Contract Tower,0,21,4,1,26,0,1,25,2,28,0,22,29,3,54,58,6,64,118
12/30/2009,PIH,ID,ANM,WE,Federal Contract Tower,0,13,18,0,31,0,0,0,0,0,0,13,18,0,31,0,0,0,31
12/31/2009,PIH,ID,ANM,WE,Federal Contract Tower,0,24,2,0,26,0,1,7,0,8,0,25,9,0,34,40,0,40,74
01/01/2010,PIH,ID,ANM,WE,Federal Contract Tower,0,6,1,0,7,0,0,0,0,0,0,6,1,0,7,0,0,0,7
01/02/2010,PIH,ID,ANM,WE,Federal Contract Tower,0,14,2,0,16,0,0,8,0,8,0,14,10,0,24,32,0,32,56
01/03/2010,PIH,ID,ANM,WE,Federal Contract Tower,0,8,6,0,14,0,0,1,0,1,0,8,7,0,15,0,0,0,15
01/04/2010,PIH,ID,ANM,WE,Federal Contract Tower,0,20,8,0,28,0,6,35,2,43,0,26,43,2,71,100,0,100,171
01/05/2010,PIH,ID,ANM,WE,Federal Contract Tower,0,22,6,0,28,0,6,31,2,39,0,28,37,2,67,78,0,78,145
01/06/2010,PIH,ID,ANM,WE,Federal Contract Tower,0,24,8,0,32,0,0,10,0,10,0,24,18,0,42,2,0,2,44
01/07/2010,PIH,ID,ANM,WE,Federal Contract Tower,0,18,9,0,27,0,6,51,2,59,0,24,60,2,86,114,0,114,200
01/08/2010,PIH,ID,ANM,WE,Federal Contract Tower,0,18,2,0,20,0,9,32,0,41,0,27,34,0,61,80,0,80,141
01/09/2010,PIH,ID,ANM,WE,Federal Contract Tower,0,12,4,0,16,0,3,30,0,33,0,15,34,0,49,88,0,88,137
01/10/2010,PIH,ID,ANM,WE,Federal Contract Tower,0,9,3,0,12,0,0,28,0,28,0,9,31,0,40,42,0,42,82
01/11/2010,PIH,ID,ANM,WE,Federal Contract Tower,0,14,3,0,17,0,7,50,2,59,0,21,53,2,76,72,0,72,148
01/12/2010,PIH,ID,ANM,WE,Federal Contract Tower,0,14,3,0,17,0,3,26,0,29,0,17,29,0,46,66,0,66,112
01/13/2010,PIH,ID,ANM,WE,Federal Contract Tower,0,20,1,0,21,0,5,36,0,41,0,25,37,0,62,40,0,40,102
01/14/2010,PIH,ID,ANM,WE,Federal Contract Tower,0,23,6,0,29,0,2,24,0,26,0,25,30,0,55,6,0,6,61
01/15/2010,PIH,ID,ANM,WE,Federal Contract Tower,1,17,0,0,18,0,6,46,0,52,1,23,46,0,70,82,0,82,152
01/16/2010,PIH,ID,ANM,WE,Federal Contract Tower,0,11,12,0,23,0,2,42,0,44,0,13,54,0,67,46,0,46,113
01/17/2010,PIH,ID,ANM,WE,Federal Contract Tower,0,8,4,0,12,0,1,16,0,17,0,9,20,0,29,0,0,0,29
01/18/2010,PIH,ID,ANM,WE,Federal Contract Tower,0,10,5,0,15,0,0,17,0,17,0,10,22,0,32,8,0,8,40
01/19/2010,PIH,ID,ANM,WE,Federal Contract Tower,0,18,9,0,27,0,5,43,0,48,0,23,52,0,75,36,0,36,111
01/20/2010,PIH,ID,ANM,WE,Federal Contract Tower,0,22,8,2,32,0,0,9,0,9,0,22,17,2,41,8,0,8,49
01/21/2010,PIH,ID,ANM,WE,Federal Contract Tower,0,23,8,0,31,0,1,31,0,32,0,24,39,0,63,34,0,34,97
01/22/2010,PIH,ID,ANM,WE,Federal Contract Tower,0,23,0,0,23,0,0,1,0,1,0,23,1,0,24,0,0,0,24
01/23/2010,PIH,ID,ANM,WE,Federal Contract Tower,0,10,2,0,12,0,1,1,0,2,0,11,3,0,14,0,0,0,14
01/24/2010,PIH,ID,ANM,WE,Federal Contract Tower,0,10,6,0,16,0,0,15,0,15,0,10,21,0,31,34,0,34,65
01/25/2010,PIH,ID,ANM,WE,Federal Contract Tower,0,22,10,0,32,0,1,21,0,22,0,23,31,0,54,26,0,26,80
01/26/2010,PIH,ID,ANM,WE,Federal Contract Tower,0,24,5,0,29,0,1,14,0,15,0,25,19,0,44,30,0,30,74
01/27/2010,PIH,ID,ANM,WE,Federal Contract Tower,0,21,6,0,27,0,2,26,0,28,0,23,32,0,55,132,0,132,187
01/28/2010,PIH,ID,ANM,WE,Federal Contract Tower,0,25,15,0,40,0,3,15,0,18,0,28,30,0,58,28,0,28,86
01/29/2010,PIH,ID,ANM,WE,Federal Contract Tower,0,23,6,0,29,0,6,41,0,47,0,29,47,0,76,78,0,78,154
01/30/2010,PIH,ID,ANM,WE,Federal Contract Tower,0,9,3,0,12,0,1,36,0,37,0,10,39,0,49,94,0,94,143
01/31/2010,PIH,ID,ANM,WE,Federal Contract Tower,0,11,0,0,11,0,0,0,0,0,0,11,0,0,11,0,0,0,11
02/01/2010,PIH,ID,ANM,WE,Federal Contract Tower,0,17,5,2,24,0,0,26,0,26,0,17,31,2,50,42,0,42,92
02/02/2010,PIH,ID,ANM,WE,Federal Contract Tower,0,17,3,0,20,0,7,37,0,44,0,24,40,0,64,18,0,18,82
02/03/2010,PIH,ID,ANM,WE,Federal Contract Tower,0,23,8,0,31,0,6,36,0,42,0,29,44,0,73,72,0,72,145
02/04/2010,PIH,ID,ANM,WE,Federal Contract Tower,0,18,5,0,23,0,4,10,0,14,0,22,15,0,37,16,0,16,53
02/05/2010,PIH,ID,ANM,WE,Federal Contract Tower,0,24,3,0,27,0,2,3,0,5,0,26,6,0,32,10,0,10,42
02/06/2010,PIH,ID,ANM,WE,Federal Contract Tower,0,11,1,0,12,0,1,8,0,9,0,12,9,0,21,22,0,22,43
02/07/2010,PIH,ID,ANM,WE,Federal Contract Tower,0,8,0,0,8,0,0,8,0,8,0,8,8,0,16,0,0,0,16
02/08/2010,PIH,ID,ANM,WE,Federal Contract Tower,0,19,6,0,25,0,3,4,0,7,0,22,10,0,32,18,0,18,50
02/09/2010,PIH,ID,ANM,WE,Federal Contract Tower,0,19,6,0,25,0,11,30,0,41,0,30,36,0,66,66,0,66,132
02/10/2010,PIH,ID,ANM,WE,Federal Contract Tower,0,23,8,0,31,0,8,34,0,42,0,31,42,0,73,72,0,72,145
02/11/2010,PIH,ID,ANM,WE,Federal Contract Tower,0,26,10,0,36,0,2,15,0,17,0,28,25,0,53,30,0,30,83
02/12/2010,PIH,ID,ANM,WE,Federal Contract Tower,0,22,5,2,29,0,2,9,0,11,0,24,14,2,40,22,0,22,62
02/13/2010,PIH,ID,ANM,WE,Federal Contract Tower,0,13,4,0,17,0,1,16,0,17,0,14,20,0,34,10,0,10,44
02/14/2010,PIH,ID,ANM,WE,Federal Contract Tower,0,6,0,0,6,0,0,14,0,14,0,6,14,0,20,22,0,22,42
02/15/2010,PIH,ID,ANM,WE,Federal Contract Tower,0,15,4,0,19,0,1,3,0,4,0,16,7,0,23,0,0,0,23
02/16/2010,PIH,ID,ANM,WE,Federal Contract Tower,0,21,1,0,22,0,1,15,0,16,0,22,16,0,38,46,0,46,84
02/17/2010,PIH,ID,ANM,WE,Federal Contract Tower,0,22,4,0,26,0,2,9,2,13,0,24,13,2,39,8,0,8,47
02/18/2010,PIH,ID,ANM,WE,Federal Contract Tower,0,20,3,0,23,0,7,43,0,50,0,27,46,0,73,96,0,96,169
02/19/2010,PIH,ID,ANM,WE,Federal Contract Tower,0,20,8,0,28,0,12,34,2,48,0,32,42,2,76,160,0,160,236
02/20/2010,PIH,ID,ANM,WE,Federal Contract Tower,0,10,13,0,23,0,4,35,0,39,0,14,48,0,62,82,0,82,144
02/21/2010,PIH,ID,ANM,WE,Federal Contract Tower,0,6,3,0,9,0,0,7,0,7,0,6,10,0,16,0,0,0,16
02/22/2010,PIH,ID,ANM,WE,Federal Contract Tower,0,14,12,0,26,0,2,44,0,46,0,16,56,0,72,48,0,48,120
02/23/2010,PIH,ID,ANM,WE,Federal Contract Tower,0,16,4,0,20,0,5,49,2,56,0,21,53,2,76,58,0,58,134
02/24/2010,PIH,ID,ANM,WE,Federal Contract Tower,0,24,8,0,32,0,0,4,0,4,0,24,12,0,36,12,0,12,48
02/25/2010,PIH,ID,ANM,WE,Federal Contract Tower,0,22,3,0,25,0,4,9,0,13,0,26,12,0,38,18,0,18,56
02/26/2010,PIH,ID,ANM,WE,Federal Contract Tower,0,18,5,0,23,0,6,45,0,51,0,24,50,0,74,98,0,98,172
02/27/2010,PIH,ID,ANM,WE,Federal Contract Tower,0,9,2,0,11,0,5,31,0,36,0,14,33,0,47,120,0,120,167
02/28/2010,PIH,ID,ANM,WE,Federal Contract Tower,0,9,5,0,14,0,0,29,0,29,0,9,34,0,43,68,0,68,111
03/01/2010,PIH,ID,ANM,WE,Federal Contract Tower,0,16,8,0,24,0,6,25,2,33,0,22,33,2,57,38,0,38,95
03/02/2010,PIH,ID,ANM,WE,Federal Contract Tower,0,18,9,0,27,0,5,26,0,31,0,23,35,0,58,38,0,38,96
03/03/2010,PIH,ID,ANM,WE,Federal Contract Tower,0,19,2,0,21,0,8,45,0,53,0,27,47,0,74,44,0,44,118
03/04/2010,PIH,ID,ANM,WE,Federal Contract Tower,0,22,8,0,30,0,6,31,2,39,0,28,39,2,69,66,0,66,135
03/05/2010,PIH,ID,ANM,WE,Federal Contract Tower,0,20,1,0,21,0,6,22,0,28,0,26,23,0,49,44,0,44,93
03/06/2010,PIH,ID,ANM,WE,Federal Contract Tower,0,13,2,0,15,0,0,43,0,43,0,13,45,0,58,64,0,64,122
03/07/2010,PIH,ID,ANM,WE,Federal Contract Tower,0,5,1,0,6,0,0,15,0,15,0,5,16,0,21,0,0,0,21
03/08/2010,PIH,ID,ANM,WE,Federal Contract Tower,0,10,6,0,16,0,2,18,4,24,0,12,24,4,40,26,0,26,66
03/09/2010,PIH,ID,ANM,WE,Federal Contract Tower,0,20,0,0,20,0,2,5,0,7,0,22,5,0,27,0,0,0,27
03/10/2010,PIH,ID,ANM,WE,Federal Contract Tower,0,16,2,0,18,0,6,39,0,45,0,22,41,0,63,108,0,108,171
03/11/2010,PIH,ID,ANM,WE,Federal Contract Tower,0,22,6,0,28,0,6,57,0,63,0,28,63,0,91,66,0,66,157
03/12/2010,PIH,ID,ANM,WE,Federal Contract Tower,0,16,7,0,23,0,10,65,0,75,0,26,72,0,98,84,0,84,182
03/13/2010,PIH,ID,ANM,WE,Federal Contract Tower,0,9,0,0,9,0,0,0,0,0,0,9,0,0,9,0,0,0,9
03/14/2010,PIH,ID,ANM,WE,Federal Contract Tower,0,5,5,0,10,0,0,19,0,19,0,5,24,0,29,70,0,70,99
03/15/2010,PIH,ID,ANM,WE,Federal Contract Tower,0,13,5,0,18,0,8,70,0,78,0,21,75,0,96,112,0,112,208
03/16/2010,PIH,ID,ANM,WE,Federal Contract Tower,0,16,4,0,20,0,6,42,0,48,0,22,46,0,68,116,0,116,184
03/17/2010,PIH,ID,ANM,WE,Federal Contract Tower,0,17,7,0,24,0,9,22,0,31,0,26,29,0,55,44,0,44,99
03/18/2010,PIH,ID,ANM,WE,Federal Contract Tower,0,17,8,0,25,0,7,15,0,22,0,24,23,0,47,22,0,22,69
03/19/2010,PIH,ID,ANM,WE,Federal Contract Tower,0,18,7,0,25,0,9,27,0,36,0,27,34,0,61,26,0,26,87
03/20/2010,PIH,ID,ANM,WE,Federal Contract Tower,0,8,4,2,14,0,12,47,0,59,0,20,51,2,73,60,4,64,137
03/21/2010,PIH,ID,ANM,WE,Federal Contract Tower,0,4,7,0,11,0,0,29,0,29,0,4,36,0,40,36,0,36,76
03/22/2010,PIH,ID,ANM,WE,Federal Contract Tower,0,19,5,0,24,0,1,16,2,19,0,20,21,2,43,20,0,20,63
03/23/2010,PIH,ID,ANM,WE,Federal Contract Tower,0,19,4,0,23,0,5,33,0,38,0,24,37,0,61,66,0,66,127
03/24/2010,PIH,ID,ANM,WE,Federal Contract Tower,0,13,2,0,15,0,10,52,0,62,0,23,54,0,77,78,0,78,155
03/25/2010,PIH,ID,ANM,WE,Federal Contract Tower,0,20,2,0,22,0,5,19,0,24,0,25,21,0,46,20,0,20,66
03/26/2010,PIH,ID,ANM,WE,Federal Contract Tower,0,21,3,0,24,0,0,9,0,9,0,21,12,0,33,20,0,20,53
03/27/2010,PIH,ID,ANM,WE,Federal Contract Tower,0,9,3,0,12,0,4,27,0,31,0,13,30,0,43,26,0,26,69
03/28/2010,PIH,ID,ANM,WE,Federal Contract Tower,0,5,2,0,7,0,0,18,0,18,0,5,20,0,25,24,0,24,49
03/29/2010,PIH,ID,ANM,WE,Federal Contract Tower,0,16,3,0,19,0,7,13,2,22,0,23,16,2,41,18,0,18,59
03/30/2010,PIH,ID,ANM,WE,Federal Contract Tower,2,23,0,0,25,0,2,4,0,6,2,25,4,0,31,4,0,4,35
03/31/2010,PIH,ID,ANM,WE,Federal Contract Tower,0,25,0,0,25,0,4,19,2,25,0,29,19,2,50,48,0,48,98
04/01/2010,PIH,ID,ANM,WE,Federal Contract Tower,0,24,5,0,29,0,0,7,0,7,0,24,12,0,36,10,0,10,46
04/02/2010,PIH,ID,ANM,WE,Federal Contract Tower,0,24,6,0,30,0,2,26,0,28,0,26,32,0,58,52,0,52,110
04/03/2010,PIH,ID,ANM,WE,Federal Contract Tower,0,10,3,0,13,0,3,5,0,8,0,13,8,0,21,12,0,12,33
04/04/2010,PIH,ID,ANM,WE,Federal Contract Tower,0,8,3,0,11,0,0,16,0,16,0,8,19,0,27,18,0,18,45
04/05/2010,PIH,ID,ANM,WE,Federal Contract Tower,0,20,3,0,23,0,0,29,2,31,0,20,32,2,54,86,0,86,140
04/06/2010,PIH,ID,ANM,WE,Federal Contract Tower,0,23,2,0,25,0,2,15,0,17,0,25,17,0,42,0,0,0,42
04/07/2010,PIH,ID,ANM,WE,Federal Contract Tower,0,15,10,0,25,0,8,47,2,57,0,23,57,2,82,120,4,124,206
04/08/2010,PIH,ID,ANM,WE,Federal Contract Tower,1,15,4,0,20,0,8,27,2,37,1,23,31,2,57,28,0,28,85
04/09/2010,PIH,ID,ANM,WE,Federal Contract Tower,0,18,5,0,23,0,10,36,0,46,0,28,41,0,69,100,0,100,169
04/10/2010,PIH,ID,ANM,WE,Federal Contract Tower,0,5,4,0,9,0,4,36,0,40,0,9,40,0,49,46,0,46,95
04/11/2010,PIH,ID,ANM,WE,Federal Contract Tower,0,7,4,0,11,0,0,6,0,6,0,7,10,0,17,0,0,0,17
04/12/2010,PIH,ID,ANM,WE,Federal Contract Tower,0,16,6,0,22,0,3,25,2,30,0,19,31,2,52,46,0,46,98
04/13/2010,PIH,ID,ANM,WE,Federal Contract Tower,0,20,1,0,21,0,6,5,0,11,0,26,6,0,32,0,0,0,32
04/14/2010,PIH,ID,ANM,WE,Federal Contract Tower,0,11,3,0,14,0,6,51,0,57,0,17,54,0,71,108,0,108,179
04/15/2010,PIH,ID,ANM,WE,Federal Contract Tower,0,12,2,0,14,0,12,52,0,64,0,24,54,0,78,118,0,118,196
04/16/2010,PIH,ID,ANM,WE,Federal Contract Tower,0,14,7,0,21,0,14,19,0,33,0,28,26,0,54,12,0,12,66
04/17/2010,PIH,ID,ANM,WE,Federal Contract Tower,0,11,2,0,13,0,1,24,0,25,0,12,26,0,38,44,0,44,82
04/18/2010,PIH,ID,ANM,WE,Federal Contract Tower,0,7,5,1,13,0,0,43,0,43,0,7,48,1,56,46,0,46,102
04/19/2010,PIH,ID,ANM,WE,Federal Contract Tower,0,9,4,0,13,0,9,27,0,36,0,18,31,0,49,130,0,130,179
04/20/2010,PIH,ID,ANM,WE,Federal Contract Tower,0,15,10,2,27,0,9,33,0,42,0,24,43,2,69,42,0,42,111
04/21/2010,PIH,ID,ANM,WE,Federal Contract Tower,0,21,7,0,28,0,6,16,0,22,0,27,23,0,50,0,0,0,50
04/22/2010,PIH,ID,ANM,WE,Federal Contract Tower,0,24,8,0,32,0,1,7,0,8,0,25,15,0,40,16,0,16,56
04/23/2010,PIH,ID,ANM,WE,Federal Contract Tower,0,17,3,0,20,0,8,23,0,31,0,25,26,0,51,54,0,54,105
04/24/2010,PIH,ID,ANM,WE,Federal Contract Tower,0,7,5,2,14,0,4,29,11,44,0,11,34,13,58,28,14,42,100
04/25/2010,PIH,ID,ANM,WE,Federal Contract Tower,0,7,0,0,7,0,0,5,2,7,0,7,5,2,14,0,0,0,14
04/26/2010,PIH,ID,ANM,WE,Federal Contract Tower,0,10,0,1,11,0,6,42,1,49,0,16,42,2,60,110,0,110,170
04/27/2010,PIH,ID,ANM,WE,Federal Contract Tower,0,20,5,2,27,0,4,15,0,19,0,24,20,2,46,0,0,0,46
04/28/2010,PIH,ID,ANM,WE,Federal Contract Tower,0,23,1,0,24,0,7,6,0,13,0,30,7,0,37,0,0,0,37
04/29/2010,PIH,ID,ANM,WE,Federal Contract Tower,0,26,12,0,38,0,0,9,0,9,0,26,21,0,47,0,0,0,47
04/30/2010,PIH,ID,ANM,WE,Federal Contract Tower,0,20,8,0,28,0,3,10,0,13,0,23,18,0,41,0,0,0,41
05/01/2010,PIH,ID,ANM,WE,Federal Contract Tower,0,10,6,0,16,0,2,15,0,17,0,12,21,0,33,0,0,0,33
05/02/2010,PIH,ID,ANM,WE,Federal Contract Tower,0,7,3,0,10,0,2,17,0,19,0,9,20,0,29,6,0,6,35
05/03/2010,PIH,ID,ANM,WE,Federal Contract Tower,0,16,2,0,18,0,4,14,2,20,0,20,16,2,38,0,0,0,38
05/04/2010,PIH,ID,ANM,WE,Federal Contract Tower,0,13,3,0,16,0,10,3,2,15,0,23,6,2,31,8,0,8,39
05/05/2010,PIH,ID,ANM,WE,Federal Contract Tower,0,17,7,0,24,0,4,32,0,36,0,21,39,0,60,74,0,74,134
05/06/2010,PIH,ID,ANM,WE,Federal Contract Tower,0,20,8,0,28,0,2,2,0,4,0,22,10,0,32,0,0,0,32
05/07/2010,PIH,ID,ANM,WE,Federal Contract Tower,0,13,7,0,20,0,13,71,0,84,0,26,78,0,104,178,0,178,282
05/08/2010,PIH,ID,ANM,WE,Federal Contract Tower,0,9,6,0,15,0,1,31,0,32,0,10,37,0,47,36,0,36,83
05/09/2010,PIH,ID,ANM,WE,Federal Contract Tower,0,8,5,0,13,0,0,26,0,26,0,8,31,0,39,14,0,14,53
05/10/2010,PIH,ID,ANM,WE,Federal Contract Tower,0,15,4,0,19,0,4,24,0,28,0,19,28,0,47,34,0,34,81
05/11/2010,PIH,ID,ANM,WE,Federal Contract Tower,0,27,6,0,33,0,2,6,0,8,0,29,12,0,41,0,0,0,41
05/12/2010,PIH,ID,ANM,WE,Federal Contract Tower,0,18,3,0,21,0,5,23,0,28,0,23,26,0,49,22,0,22,71
05/13/2010,PIH,ID,ANM,WE,Federal Contract Tower,0,15,11,0,26,0,8,32,0,40,0,23,43,0,66,68,0,68,134
05/14/2010,PIH,ID,ANM,WE,Federal Contract Tower,0,15,5,2,22,0,12,50,0,62,0,27,55,2,84,96,0,96,180
05/15/2010,PIH,ID,ANM,WE,Federal Contract Tower,0,8,5,0,13,0,4,33,0,37,0,12,38,0,50,44,0,44,94
05/16/2010,PIH,ID,ANM,WE,Federal Contract Tower,0,7,3,0,10,0,1,16,0,17,0,8,19,0,27,20,0,20,47
05/17/2010,PIH,ID,ANM,WE,Federal Contract Tower,0,10,5,0,15,0,10,48,0,58,0,20,53,0,73,56,0,56,129
05/18/2010,PIH,ID,ANM,WE,Federal Contract Tower,0,23,0,0,23,0,2,7,0,9,0,25,7,0,32,0,0,0,32
05/19/2010,PIH,ID,ANM,WE,Federal Contract Tower,0,17,3,0,20,0,9,27,0,36,0,26,30,0,56,40,0,40,96
05/20/2010,PIH,ID,ANM,WE,Federal Contract Tower,0,15,6,0,21,0,5,13,0,18,0,20,19,0,39,12,0,12,51
05/21/2010,PIH,ID,ANM,WE,Federal Contract Tower,0,21,5,0,26,0,5,11,0,16,0,26,16,0,42,0,0,0,42
05/22/2010,PIH,ID,ANM,WE,Federal Contract Tower,0,12,3,0,15,0,0,1,0,1,0,12,4,0,16,0,0,0,16
05/23/2010,PIH,ID,ANM,WE,Federal Contract Tower,0,10,0,0,10,0,0,13,0,13,0,10,13,0,23,0,0,0,23
05/24/2010,PIH,ID,ANM,WE,Federal Contract Tower,0,15,3,0,18,0,5,11,0,16,0,20,14,0,34,16,0,16,50
05/25/2010,PIH,ID,ANM,WE,Federal Contract Tower,0,15,4,0,19,0,10,48,0,58,0,25,52,0,77,142,0,142,219
05/26/2010,PIH,ID,ANM,WE,Federal Contract Tower,0,13,6,0,19,0,6,37,0,43,0,19,43,0,62,40,0,40,102
05/27/2010,PIH,ID,ANM,WE,Federal Contract Tower,0,16,3,0,19,0,9,14,0,23,0,25,17,0,42,14,0,14,56
05/28/2010,PIH,ID,ANM,WE,Federal Contract Tower,0,19,6,0,25,0,6,17,0,23,0,25,23,0,48,44,0,44,92
05/29/2010,PIH,ID,ANM,WE,Federal Contract Tower,0,10,4,0,14,0,0,6,0,6,0,10,10,0,20,0,0,0,20
05/30/2010,PIH,ID,ANM,WE,Federal Contract Tower,0,7,1,0,8,0,28,0,0,28,0,35,1,0,36,12,0,12,48
05/31/2010,PIH,ID,ANM,WE,Federal Contract Tower,0,7,2,0,9,0,0,23,0,23,0,7,25,0,32,22,0,22,54
06/01/2010,PIH,ID,ANM,WE,Federal Contract Tower,0,17,8,0,25,0,3,16,0,19,0,20,24,0,44,14,0,14,58
06/02/2010,PIH,ID,ANM,WE,Federal Contract Tower,0,18,6,0,24,0,8,50,0,58,0,26,56,0,82,54,0,54,136
06/03/2010,PIH,ID,ANM,WE,Federal Contract Tower,0,16,8,0,24,0,7,24,0,31,0,23,32,0,55,28,0,28,83
06/04/2010,PIH,ID,ANM,WE,Federal Contract Tower,0,23,5,0,28,0,0,13,2,15,0,23,18,2,43,18,0,18,61
06/05/2010,PIH,ID,ANM,WE,Federal Contract Tower,0,5,5,0,10,0,4,22,0,26,0,9,27,0,36,0,0,0,36
06/06/2010,PIH,ID,ANM,WE,Federal Contract Tower,0,7,0,0,7,0,0,22,0,22,0,7,22,0,29,18,0,18,47
06/07/2010,PIH,ID,ANM,WE,Federal Contract Tower,0,12,6,0,18,0,8,22,0,30,0,20,28,0,48,4,0,4,52
06/08/2010,PIH,ID,ANM,WE,Federal Contract Tower,0,15,4,0,19,0,7,55,0,62,0,22,59,0,81,102,0,102,183
06/09/2010,PIH,ID,ANM,WE,Federal Contract Tower,0,16,11,0,27,0,12,42,2,56,0,28,53,2,83,92,0,92,175
06/10/2010,PIH,ID,ANM,WE,Federal Contract Tower,0,16,4,0,20,0,12,23,2,37,0,28,27,2,57,14,0,14,71
06/11/2010,PIH,ID,ANM,WE,Federal Contract Tower,0,20,6,0,26,0,13,41,0,54,0,33,47,0,80,52,0,52,132
06/12/2010,PIH,ID,ANM,WE,Federal Contract Tower,0,10,2,0,12,0,2,12,0,14,0,12,14,0,26,8,0,8,34
06/13/2010,PIH,ID,ANM,WE,Federal Contract Tower,0,7,5,0,12,0,2,16,0,18,0,9,21,0,30,22,0,22,52
06/14/2010,PIH,ID,ANM,WE,Federal Contract Tower,0,11,7,0,18,0,12,58,2,72,0,23,65,2,90,90,0,90,180
06/15/2010,PIH,ID,ANM,WE,Federal Contract Tower,0,16,6,0,22,0,7,36,0,43,0,23,42,0,65,44,0,44,109
06/16/2010,PIH,ID,ANM,WE,Federal Contract Tower,0,22,1,0,23,0,3,29,2,34,0,25,30,2,57,48,0,48,105
06/17/2010,PIH,ID,ANM,WE,Federal Contract Tower,0,12,5,0,17,0,14,32,0,46,0,26,37,0,63,18,0,18,81
06/18/2010,PIH,ID,ANM,WE,Federal Contract Tower,0,13,4,0,17,0,15,75,2,92,0,28,79,2,109,34,0,34,143
06/19/2010,PIH,ID,ANM,WE,Federal Contract Tower,0,10,0,0,10,0,5,27,0,32,0,15,27,0,42,42,0,42,84
06/20/2010,PIH,ID,ANM,WE,Federal Contract Tower,0,7,3,0,10,0,0,18,0,18,0,7,21,0,28,0,0,0,28
06/21/2010,PIH,ID,ANM,WE,Federal Contract Tower,0,9,5,0,14,0,9,41,2,52,0,18,46,2,66,30,0,30,96
06/22/2010,PIH,ID,ANM,WE,Federal Contract Tower,0,13,13,0,26,0,13,50,0,63,0,26,63,0,89,60,0,60,149
06/23/2010,PIH,ID,ANM,WE,Federal Contract Tower,0,13,4,0,17,0,10,58,5,73,0,23,62,5,90,164,0,164,254
06/24/2010,PIH,ID,ANM,WE,Federal Contract Tower,0,14,3,0,17,0,10,45,2,57,0,24,48,2,74,90,0,90,164
06/25/2010,PIH,ID,ANM,WE,Federal Contract Tower,0,14,3,0,17,0,13,31,2,46,0,27,34,2,63,98,0,98,161
06/26/2010,PIH,ID,ANM,WE,Federal Contract Tower,0,9,2,1,12,0,4,538,9,551,0,13,540,10,563,28,4,32,595
06/27/2010,PIH,ID,ANM,WE,Federal Contract Tower,0,7,2,2,11,0,0,19,0,19,0,7,21,2,30,18,18,36,66
06/28/2010,PIH,ID,ANM,WE,Federal Contract Tower,0,12,2,0,14,0,12,39,2,53,0,24,41,2,67,98,0,98,165
06/29/2010,PIH,ID,ANM,WE,Federal Contract Tower,0,12,1,7,20,0,12,35,0,47,0,24,36,7,67,90,6,96,163
06/30/2010,PIH,ID,ANM,WE,Federal Contract Tower,0,15,3,0,18,0,16,54,0,70,0,31,57,0,88,128,0,128,216
07/01/2010,PIH,ID,ANM,WE,Federal Contract Tower,0,12,9,0,21,0,10,65,0,75,0,22,74,0,96,102,0,102,198
07/02/2010,PIH,ID,ANM,WE,Federal Contract Tower,0,12,2,0,14,0,15,34,0,49,0,27,36,0,63,28,0,28,91
07/03/2010,PIH,ID,ANM,WE,Federal Contract Tower,0,9,1,0,10,0,4,30,0,34,0,13,31,0,44,20,0,20,64
07/04/2010,PIH,ID,ANM,WE,Federal Contract Tower,0,9,0,0,9,0,0,24,0,24,0,9,24,0,33,12,0,12,45
07/05/2010,PIH,ID,ANM,WE,Federal Contract Tower,0,9,0,0,9,0,0,47,0,47,0,9,47,0,56,8,0,8,64
07/06/2010,PIH,ID,ANM,WE,Federal Contract Tower,0,9,2,0,11,0,10,63,0,73,0,19,65,0,84,62,0,62,146
07/07/2010,PIH,ID,ANM,WE,Federal Contract Tower,0,15,5,2,22,0,12,33,0,45,0,27,38,2,67,74,0,74,141
07/08/2010,PIH,ID,ANM,WE,Federal Contract Tower,0,12,10,0,22,0,19,50,0,69,0,31,60,0,91,54,0,54,145
07/09/2010,PIH,ID,ANM,WE,Federal Contract Tower,0,14,5,0,19,0,11,38,0,49,0,25,43,0,68,28,0,28,96
07/10/2010,PIH,ID,ANM,WE,Federal Contract Tower,0,10,0,0,10,0,3,48,2,53,0,13,48,2,63,22,0,22,85
07/11/2010,PIH,ID,ANM,WE,Federal Contract Tower,0,14,1,0,15,0,0,19,0,19,0,14,20,0,34,10,0,10,44
07/12/2010,PIH,ID,ANM,WE,Federal Contract Tower,0,13,0,0,13,0,6,38,0,44,0,19,38,0,57,36,0,36,93
07/13/2010,PIH,ID,ANM,WE,Federal Contract Tower,0,12,5,0,17,0,47,28,0,75,0,59,33,0,92,26,0,26,118
07/14/2010,PIH,ID,ANM,WE,Federal Contract Tower,0,12,14,0,26,0,139,40,0,179,0,151,54,0,205,8,0,8,213
07/15/2010,PIH,ID,ANM,WE,Federal Contract Tower,0,10,7,0,17,0,15,62,2,79,0,25,69,2,96,41,0,41,137
07/16/2010,PIH,ID,ANM,WE,Federal Contract Tower,0,14,4,0,18,0,11,55,0,66,0,25,59,0,84,82,0,82,166
07/17/2010,PIH,ID,ANM,WE,Federal Contract Tower,0,9,3,0,12,0,2,25,0,27,0,11,28,0,39,2,0,2,41
07/18/2010,PIH,ID,ANM,WE,Federal Contract Tower,0,7,4,0,11,0,30,18,4,52,0,37,22,4,63,12,0,12,75
07/19/2010,PIH,ID,ANM,WE,Federal Contract Tower,0,10,7,0,17,0,9,52,0,61,0,19,59,0,78,10,0,10,88
07/20/2010,PIH,ID,ANM,WE,Federal Contract Tower,0,12,9,0,21,0,16,56,2,74,0,28,65,2,95,83,0,83,178
07/21/2010,PIH,ID,ANM,WE,Federal Contract Tower,0,15,0,0,15,0,19,26,0,45,0,34,26,0,60,30,0,30,90
07/22/2010,PIH,ID,ANM,WE,Federal Contract Tower,0,13,9,0,22,13,21,68,0,102,13,34,77,0,124,46,0,46,170
07/23/2010,PIH,ID,ANM,WE,Federal Contract Tower,0,15,6,0,21,0,15,58,2,75,0,30,64,2,96,32,0,32,128
07/24/2010,PIH,ID,ANM,WE,Federal Contract Tower,0,9,1,0,10,2,4,32,2,40,2,13,33,2,50,20,0,20,70
07/25/2010,PIH,ID,ANM,WE,Federal Contract Tower,0,10,3,0,13,0,0,42,1,43,0,10,45,1,56,4,0,4,60
07/26/2010,PIH,ID,ANM,WE,Federal Contract Tower,0,11,3,0,14,0,4,44,4,52,0,15,47,4,66,14,0,14,80
07/27/2010,PIH,ID,ANM,WE,Federal Contract Tower,0,17,9,0,26,0,8,20,4,32,0,25,29,4,58,24,0,24,82
07/28/2010,PIH,ID,ANM,WE,Federal Contract Tower,0,16,14,0,30,0,12,28,4,44,0,28,42,4,74,36,0,36,110
07/29/2010,PIH,ID,ANM,WE,Federal Contract Tower,0,16,7,0,23,0,15,40,3,58,0,31,47,3,81,30,0,30,111
07/30/2010,PIH,ID,ANM,WE,Federal Contract Tower,0,16,4,0,20,0,18,44,0,62,0,34,48,0,82,8,0,8,90
07/31/2010,PIH,ID,ANM,WE,Federal Contract Tower,0,13,2,0,15,0,25,29,0,54,0,38,31,0,69,10,0,10,79
08/01/2010,PIH,ID,ANM,WE,Federal Contract Tower,0,8,6,0,14,0,4,28,0,32,0,12,34,0,46,6,0,6,52
08/02/2010,PIH,ID,ANM,WE,Federal Contract Tower,0,13,7,0,20,0,6,32,0,38,0,19,39,0,58,70,0,70,128
08/03/2010,PIH,ID,ANM,WE,Federal Contract Tower,0,16,4,0,20,0,9,30,0,39,0,25,34,0,59,74,0,74,133
08/04/2010,PIH,ID,ANM,WE,Federal Contract Tower,2,16,2,0,20,0,9,46,0,55,2,25,48,0,75,66,0,66,141
08/05/2010,PIH,ID,ANM,WE,Federal Contract Tower,0,13,5,0,18,0,12,45,0,57,0,25,50,0,75,48,0,48,123
08/06/2010,PIH,ID,ANM,WE,Federal Contract Tower,0,15,7,0,22,12,167,54,0,233,12,182,61,0,255,0,0,0,255
08/07/2010,PIH,ID,ANM,WE,Federal Contract Tower,0,13,10,0,23,2,18,34,0,54,2,31,44,0,77,18,0,18,95
08/08/2010,PIH,ID,ANM,WE,Federal Contract Tower,0,8,2,0,10,0,5,38,0,43,0,13,40,0,53,24,0,24,77
08/09/2010,PIH,ID,ANM,WE,Federal Contract Tower,0,12,5,0,17,0,11,28,3,42,0,23,33,3,59,8,0,8,67
08/10/2010,PIH,ID,ANM,WE,Federal Contract Tower,0,12,7,0,19,0,11,43,0,54,0,23,50,0,73,26,0,26,99
08/11/2010,PIH,ID,ANM,WE,Federal Contract Tower,0,12,3,0,15,0,10,44,4,58,0,22,47,4,73,46,0,46,119
08/12/2010,PIH,ID,ANM,WE,Federal Contract Tower,0,16,13,0,29,0,9,46,0,55,0,25,59,0,84,38,0,38,122
08/13/2010,PIH,ID,ANM,WE,Federal Contract Tower,0,12,13,0,25,0,12,47,0,59,0,24,60,0,84,42,0,42,126
08/14/2010,PIH,ID,ANM,WE,Federal Contract Tower,0,10,4,0,14,0,3,36,0,39,0,13,40,0,53,6,0,6,59
08/15/2010,PIH,ID,ANM,WE,Federal Contract Tower,0,7,7,0,14,0,4,33,0,37,0,11,40,0,51,8,0,8,59
08/16/2010,PIH,ID,ANM,WE,Federal Contract Tower,0,13,0,0,13,0,19,46,0,65,0,32,46,0,78,48,0,48,126
08/17/2010,PIH,ID,ANM,WE,Federal Contract Tower,0,18,3,0,21,0,13,56,0,69,0,31,59,0,90,69,0,69,159
08/18/2010,PIH,ID,ANM,WE,Federal Contract Tower,0,13,4,0,17,0,40,25,0,65,0,53,29,0,82,32,0,32,114
08/19/2010,PIH,ID,ANM,WE,Federal Contract Tower,0,17,3,0,20,0,13,47,0,60,0,30,50,0,80,48,0,48,128
08/20/2010,PIH,ID,ANM,WE,Federal Contract Tower,0,17,4,0,21,2,19,40,0,61,2,36,44,0,82,66,0,66,148
08/21/2010,PIH,ID,ANM,WE,Federal Contract Tower,0,9,1,0,10,13,36,27,0,76,13,45,28,0,86,14,0,14,100
08/22/2010,PIH,ID,ANM,WE,Federal Contract Tower,0,12,3,1,16,23,58,31,1,113,23,70,34,2,129,10,0,10,139
08/23/2010,PIH,ID,ANM,WE,Federal Contract Tower,0,10,10,0,20,0,34,51,0,85,0,44,61,0,105,14,0,14,119
08/24/2010,PIH,ID,ANM,WE,Federal Contract Tower,0,13,8,0,21,0,38,37,0,75,0,51,45,0,96,44,0,44,140
08/25/2010,PIH,ID,ANM,WE,Federal Contract Tower,0,12,8,0,20,0,17,53,1,71,0,29,61,1,91,68,0,68,159
08/26/2010,PIH,ID,ANM,WE,Federal Contract Tower,0,12,7,0,19,0,48,46,1,95,0,60,53,1,114,14,0,14,128
08/27/2010,PIH,ID,ANM,WE,Federal Contract Tower,0,13,4,0,17,0,60,29,7,96,0,73,33,7,113,22,0,22,135
08/28/2010,PIH,ID,ANM,WE,Federal Contract Tower,0,10,0,0,10,0,21,21,2,44,0,31,21,2,54,0,0,0,54
08/29/2010,PIH,ID,ANM,WE,Federal Contract Tower,0,7,4,0,11,0,3,22,0,25,0,10,26,0,36,6,0,6,42
08/30/2010,PIH,ID,ANM,WE,Federal Contract Tower,0,13,11,0,24,0,10,42,2,54,0,23,53,2,78,38,0,38,116
08/31/2010,PIH,ID,ANM,WE,Federal Contract Tower,0,18,4,0,22,0,5,53,5,63,0,23,57,5,85,70,0,70,155
09/01/2010,PIH,ID,ANM,WE,Federal Contract Tower,0,14,12,0,26,0,10,37,2,49,0,24,49,2,75,32,0,32,107
09/02/2010,PIH,ID,ANM,WE,Federal Contract Tower,0,14,4,0,18,0,12,40,0,52,0,26,44,0,70,71,0,71,141
09/03/2010,PIH,ID,ANM,WE,Federal Contract Tower,0,15,2,0,17,0,9,50,0,59,0,24,52,0,76,72,0,72,148
09/04/2010,PIH,ID,ANM,WE,Federal Contract Tower,0,8,4,0,12,0,4,46,2,52,0,12,50,2,64,28,0,28,92
09/05/2010,PIH,ID,ANM,WE,Federal Contract Tower,0,8,1,0,9,0,2,7,0,9,0,10,8,0,18,0,0,0,18
09/06/2010,PIH,ID,ANM,WE,Federal Contract Tower,0,7,1,0,8,0,0,42,2,44,0,7,43,2,52,20,0,20,72
09/07/2010,PIH,ID,ANM,WE,Federal Contract Tower,0,13,5,0,18,0,10,40,0,50,0,23,45,0,68,38,0,38,106
09/08/2010,PIH,ID,ANM,WE,Federal Contract Tower,0,19,7,0,26,0,16,32,0,48,0,35,39,0,74,28,0,28,102
09/09/2010,PIH,ID,ANM,WE,Federal Contract Tower,0,21,6,0,27,0,2,3,0,5,0,23,9,0,32,0,0,0,32
09/10/2010,PIH,ID,ANM,WE,Federal Contract Tower,0,17,9,2,28,0,7,30,0,37,0,24,39,2,65,70,0,70,135
09/11/2010,PIH,ID,ANM,WE,Federal Contract Tower,0,7,4,0,11,0,6,28,0,34,0,13,32,0,45,34,0,34,79
09/12/2010,PIH,ID,ANM,WE,Federal Contract Tower,0,7,1,0,8,0,3,42,0,45,0,10,43,0,53,48,0,48,101
09/13/2010,PIH,ID,ANM,WE,Federal Contract Tower,0,8,5,0,13,0,79,55,2,136,0,87,60,2,149,53,0,53,202
09/14/2010,PIH,ID,ANM,WE,Federal Contract Tower,0,15,4,0,19,0,60,60,0,120,0,75,64,0,139,20,0,20,159
09/15/2010,PIH,ID,ANM,WE,Federal Contract Tower,0,13,4,0,17,0,11,52,0,63,0,24,56,0,80,104,0,104,184
09/16/2010,PIH,ID,ANM,WE,Federal Contract Tower,0,13,11,0,24,0,13,37,2,52,0,26,48,2,76,68,0,68,144
09/17/2010,PIH,ID,ANM,WE,Federal Contract Tower,0,14,0,0,14,0,14,48,0,62,0,28,48,0,76,106,0,106,182
09/18/2010,PIH,ID,ANM,WE,Federal Contract Tower,0,8,0,0,8,0,9,35,0,44,0,17,35,0,52,12,0,12,64
09/19/2010,PIH,ID,ANM,WE,Federal Contract Tower,0,9,5,0,14,0,3,14,0,17,0,12,19,0,31,0,0,0,31
09/20/2010,PIH,ID,ANM,WE,Federal Contract Tower,0,11,0,0,11,0,10,27,2,39,0,21,27,2,50,6,0,6,56
09/21/2010,PIH,ID,ANM,WE,Federal Contract Tower,4,16,9,0,29,0,13,48,2,63,4,29,57,2,92,82,0,82,174
09/22/2010,PIH,ID,ANM,WE,Federal Contract Tower,0,14,1,0,15,0,11,35,0,46,0,25,36,0,61,72,0,72,133
09/23/2010,PIH,ID,ANM,WE,Federal Contract Tower,0,14,3,0,17,0,11,48,2,61,0,25,51,2,78,54,0,54,132
09/24/2010,PIH,ID,ANM,WE,Federal Contract Tower,2,15,5,0,22,0,14,47,0,61,2,29,52,0,83,62,0,62,145
09/25/2010,PIH,ID,ANM,WE,Federal Contract Tower,2,8,1,0,11,0,5,51,0,56,2,13,52,0,67,12,0,12,79
09/26/2010,PIH,ID,ANM,WE,Federal Contract Tower,0,9,3,0,12,0,4,33,0,37,0,13,36,0,49,16,0,16,65
09/27/2010,PIH,ID,ANM,WE,Federal Contract Tower,0,12,8,0,20,0,8,50,2,60,0,20,58,2,80,77,0,77,157
09/28/2010,PIH,ID,ANM,WE,Federal Contract Tower,0,13,4,0,17,0,10,64,0,74,0,23,68,0,91,140,0,140,231
09/29/2010,PIH,ID,ANM,WE,Federal Contract Tower,0,14,3,0,17,0,12,43,0,55,0,26,46,0,72,98,0,98,170
09/30/2010,PIH,ID,ANM,WE,Federal Contract Tower,0,12,6,2,20,0,15,50,2,67,0,27,56,4,87,104,6,110,197
10/01/2010,PIH,ID,ANM,WE,Federal Contract Tower,0,13,4,0,17,0,14,53,0,67,0,27,57,0,84,74,0,74,158
10/02/2010,PIH,ID,ANM,WE,Federal Contract Tower,0,11,4,0,15,0,10,46,0,56,0,21,50,0,71,14,0,14,85
10/03/2010,PIH,ID,ANM,WE,Federal Contract Tower,0,7,0,0,7,0,2,31,0,33,0,9,31,0,40,46,0,46,86
10/04/2010,PIH,ID,ANM,WE,Federal Contract Tower,0,14,3,0,17,0,10,39,2,51,0,24,42,2,68,16,0,16,84
10/05/2010,PIH,ID,ANM,WE,Federal Contract Tower,0,20,4,0,24,0,6,29,0,35,0,26,33,0,59,88,0,88,147
10/06/2010,PIH,ID,ANM,WE,Federal Contract Tower,0,15,9,0,24,0,9,45,0,54,0,24,54,0,78,124,0,124,202
10/07/2010,PIH,ID,ANM,WE,Federal Contract Tower,0,16,9,0,25,0,7,24,0,31,0,23,33,0,56,54,0,54,110
10/08/2010,PIH,ID,ANM,WE,Federal Contract Tower,0,17,4,0,21,0,7,21,0,28,0,24,25,0,49,24,0,24,73
10/09/2010,PIH,ID,ANM,WE,Federal Contract Tower,0,9,3,0,12,0,5,38,0,43,0,14,41,0,55,40,0,40,95
10/10/2010,PIH,ID,ANM,WE,Federal Contract Tower,0,7,4,0,11,0,0,42,0,42,0,7,46,0,53,0,0,0,53
10/11/2010,PIH,ID,ANM,WE,Federal Contract Tower,0,10,6,0,16,0,5,24,2,31,0,15,30,2,47,22,0,22,69
10/12/2010,PIH,ID,ANM,WE,Federal Contract Tower,0,17,3,0,20,0,4,38,2,44,0,21,41,2,64,94,0,94,158
10/13/2010,PIH,ID,ANM,WE,Federal Contract Tower,0,16,1,0,17,0,8,39,0,47,0,24,40,0,64,156,0,156,220
10/14/2010,PIH,ID,ANM,WE,Federal Contract Tower,0,15,4,0,19,0,9,37,2,48,0,24,41,2,67,132,0,132,199
10/15/2010,PIH,ID,ANM,WE,Federal Contract Tower,0,12,2,0,14,0,11,34,0,45,0,23,36,0,59,72,0,72,131
10/16/2010,PIH,ID,ANM,WE,Federal Contract Tower,0,7,0,0,7,0,3,38,0,41,0,10,38,0,48,34,0,34,82
10/17/2010,PIH,ID,ANM,WE,Federal Contract Tower,0,8,2,0,10,0,0,25,0,25,0,8,27,0,35,8,0,8,43
10/18/2010,PIH,ID,ANM,WE,Federal Contract Tower,0,12,6,2,20,0,10,52,4,66,0,22,58,6,86,96,0,96,182
10/19/2010,PIH,ID,ANM,WE,Federal Contract Tower,0,17,9,0,26,0,10,54,0,64,0,27,63,0,90,144,0,144,234
10/20/2010,PIH,ID,ANM,WE,Federal Contract Tower,0,16,9,2,27,0,15,64,0,79,0,31,73,2,106,124,0,124,230
10/21/2010,PIH,ID,ANM,WE,Federal Contract Tower,0,15,8,0,23,0,9,52,2,63,0,24,60,2,86,41,0,41,127
10/22/2010,PIH,ID,ANM,WE,Federal Contract Tower,0,14,6,0,20,0,8,41,0,49,0,22,47,0,69,112,0,112,181
10/23/2010,PIH,ID,ANM,WE,Federal Contract Tower,0,10,2,0,12,0,1,8,0,9,0,11,10,0,21,46,0,46,67
10/24/2010,PIH,ID,ANM,WE,Federal Contract Tower,0,7,3,0,10,0,0,5,0,5,0,7,8,0,15,0,0,0,15
10/25/2010,PIH,ID,ANM,WE,Federal Contract Tower,0,17,4,0,21,0,1,27,6,34,0,18,31,6,55,0,0,0,55
10/26/2010,PIH,ID,ANM,WE,Federal Contract Tower,0,24,4,0,28,0,0,19,0,19,0,24,23,0,47,8,0,8,55
10/27/2010,PIH,ID,ANM,WE,Federal Contract Tower,0,19,7,0,26,0,5,23,0,28,0,24,30,0,54,14,0,14,68
10/28/2010,PIH,ID,ANM,WE,Federal Contract Tower,0,15,4,0,19,0,6,43,0,49,0,21,47,0,68,72,0,72,140
10/29/2010,PIH,ID,ANM,WE,Federal Contract Tower,0,16,2,0,18,0,8,50,0,58,0,24,52,0,76,130,0,130,206
10/30/2010,PIH,ID,ANM,WE,Federal Contract Tower,0,9,0,0,9,0,3,18,2,23,0,12,18,2,32,0,0,0,32
10/31/2010,PIH,ID,ANM,WE,Federal Contract Tower,0,7,3,0,10,0,0,6,0,6,0,7,9,0,16,16,0,16,32
11/01/2010,PIH,ID,ANM,WE,Federal Contract Tower,0,12,5,0,17,0,17,39,2,58,0,29,44,2,75,62,0,62,137
11/02/2010,PIH,ID,ANM,WE,Federal Contract Tower,0,17,2,0,19,0,9,47,2,58,0,26,49,2,77,86,0,86,163
11/03/2010,PIH,ID,ANM,WE,Federal Contract Tower,0,18,8,2,28,0,9,46,2,57,0,27,54,4,85,152,0,152,237
11/04/2010,PIH,ID,ANM,WE,Federal Contract Tower,0,15,5,0,20,0,14,51,2,67,0,29,56,2,87,126,0,126,213
11/05/2010,PIH,ID,ANM,WE,Federal Contract Tower,2,15,8,2,27,0,7,54,2,63,2,22,62,4,90,124,0,124,214
11/06/2010,PIH,ID,ANM,WE,Federal Contract Tower,2,8,0,0,10,0,2,30,0,32,2,10,30,0,42,98,0,98,140
11/07/2010,PIH,ID,ANM,WE,Federal Contract Tower,0,7,3,0,10,0,0,15,0,15,0,7,18,0,25,32,0,32,57
11/08/2010,PIH,ID,ANM,WE,Federal Contract Tower,0,22,8,0,30,0,1,0,0,1,0,23,8,0,31,0,0,0,31
11/09/2010,PIH,ID,ANM,WE,Federal Contract Tower,0,21,7,2,30,0,6,26,2,34,0,27,33,4,64,96,0,96,160
11/10/2010,PIH,ID,ANM,WE,Federal Contract Tower,0,25,4,0,29,0,1,27,2,30,0,26,31,2,59,136,0,136,195
11/11/2010,PIH,ID,ANM,WE,Federal Contract Tower,0,9,6,0,15,0,0,29,0,29,0,9,35,0,44,124,0,124,168
11/12/2010,PIH,ID,ANM,WE,Federal Contract Tower,0,22,4,0,26,0,3,34,0,37,0,25,38,0,63,174,0,174,237
11/13/2010,PIH,ID,ANM,WE,Federal Contract Tower,1,10,3,0,14,0,0,6,0,6,1,10,9,0,20,10,0,10,30
11/14/2010,PIH,ID,ANM,WE,Federal Contract Tower,0,9,1,0,10,0,0,0,0,0,0,9,1,0,10,0,0,0,10
11/15/2010,PIH,ID,ANM,WE,Federal Contract Tower,0,20,6,0,26,0,7,23,2,32,0,27,29,2,58,70,0,70,128
11/16/2010,PIH,ID,ANM,WE,Federal Contract Tower,0,16,0,0,16,0,9,14,0,23,0,25,14,0,39,38,0,38,77
11/17/2010,PIH,ID,ANM,WE,Federal Contract Tower,0,15,7,0,22,0,8,37,0,45,0,23,44,0,67,86,0,86,153
11/18/2010,PIH,ID,ANM,WE,Federal Contract Tower,0,19,4,0,23,0,9,22,2,33,0,28,26,2,56,0,0,0,56
11/19/2010,PIH,ID,ANM,WE,Federal Contract Tower,0,18,5,0,23,0,2,30,0,32,0,20,35,0,55,190,0,190,245
11/20/2010,PIH,ID,ANM,WE,Federal Contract Tower,0,12,1,0,13,0,0,0,0,0,0,12,1,0,13,0,0,0,13
11/21/2010,PIH,ID,ANM,WE,Federal Contract Tower,0,9,0,0,9,0,0,0,0,0,0,9,0,0,9,0,0,0,9
11/22/2010,PIH,ID,ANM,WE,Federal Contract Tower,0,22,11,0,33,0,0,0,0,0,0,22,11,0,33,0,0,0,33
11/23/2010,PIH,ID,ANM,WE,Federal Contract Tower,0,14,2,0,16,0,1,0,0,1,0,15,2,0,17,0,0,0,17
11/24/2010,PIH,ID,ANM,WE,Federal Contract Tower,0,27,8,0,35,0,0,1,0,1,0,27,9,0,36,0,0,0,36
11/25/2010,PIH,ID,ANM,WE,Federal Contract Tower,0,7,0,0,7,0,0,9,0,9,0,7,9,0,16,0,0,0,16
11/26/2010,PIH,ID,ANM,WE,Federal Contract Tower,0,17,2,0,19,0,5,24,0,29,0,22,26,0,48,42,0,42,90
11/27/2010,PIH,ID,ANM,WE,Federal Contract Tower,0,13,5,0,18,0,1,10,0,11,0,14,15,0,29,14,0,14,43
11/28/2010,PIH,ID,ANM,WE,Federal Contract Tower,0,8,8,0,16,0,0,0,0,0,0,8,8,0,16,0,0,0,16
11/29/2010,PIH,ID,ANM,WE,Federal Contract Tower,0,20,10,0,30,0,1,17,0,18,0,21,27,0,48,98,0,98,146
11/30/2010,PIH,ID,ANM,WE,Federal Contract Tower,0,21,6,0,27,0,4,17,2,23,0,25,23,2,50,50,0,50,100
12/01/2010,PIH,ID,ANM,WE,Federal Contract Tower,0,23,4,0,27,0,0,0,0,0,0,23,4,0,27,0,0,0,27
12/02/2010,PIH,ID,ANM,WE,Federal Contract Tower,0,21,8,0,29,0,2,30,0,32,0,23,38,0,61,74,0,74,135
12/03/2010,PIH,ID,ANM,WE,Federal Contract Tower,0,26,2,0,28,0,0,0,0,0,0,26,2,0,28,0,0,0,28
12/04/2010,PIH,ID,ANM,WE,Federal Contract Tower,0,15,1,0,16,0,0,9,0,9,0,15,10,0,25,0,0,0,25
12/05/2010,PIH,ID,ANM,WE,Federal Contract Tower,0,10,6,0,16,0,0,10,0,10,0,10,16,0,26,34,0,34,60
12/06/2010,PIH,ID,ANM,WE,Federal Contract Tower,0,20,7,0,27,0,0,0,0,0,0,20,7,0,27,0,0,0,27
12/07/2010,PIH,ID,ANM,WE,Federal Contract Tower,0,14,11,0,25,0,0,0,0,0,0,14,11,0,25,0,0,0,25
12/08/2010,PIH,ID,ANM,WE,Federal Contract Tower,0,16,1,0,17,0,12,31,0,43,0,28,32,0,60,138,0,138,198
12/09/2010,PIH,ID,ANM,WE,Federal Contract Tower,0,21,4,0,25,0,4,43,2,49,0,25,47,2,74,166,0,166,240
12/10/2010,PIH,ID,ANM,WE,Federal Contract Tower,0,23,8,0,31,0,3,7,0,10,0,26,15,0,41,20,0,20,61
12/11/2010,PIH,ID,ANM,WE,Federal Contract Tower,0,27,2,0,29,0,0,14,0,14,0,27,16,0,43,40,0,40,83
12/12/2010,PIH,ID,ANM,WE,Federal Contract Tower,0,7,3,0,10,0,0,10,0,10,0,7,13,0,20,10,0,10,30
12/13/2010,PIH,ID,ANM,WE,Federal Contract Tower,0,16,4,0,20,0,8,43,4,55,0,24,47,4,75,52,0,52,127
12/14/2010,PIH,ID,ANM,WE,Federal Contract Tower,0,25,4,0,29,0,1,10,0,11,0,26,14,0,40,78,0,78,118
12/15/2010,PIH,ID,ANM,WE,Federal Contract Tower,0,17,6,0,23,0,5,28,2,35,0,22,34,2,58,156,0,156,214
12/16/2010,PIH,ID,ANM,WE,Federal Contract Tower,0,19,7,0,26,0,8,52,0,60,0,27,59,0,86,96,0,96,182
12/17/2010,PIH,ID,ANM,WE,Federal Contract Tower,0,20,3,0,23,0,3,30,0,33,0,23,33,0,56,8,0,8,64
12/18/2010,PIH,ID,ANM,WE,Federal Contract Tower,0,11,4,0,15,0,0,0,0,0,0,11,4,0,15,0,0,0,15
12/19/2010,PIH,ID,ANM,WE,Federal Contract Tower,0,8,1,0,9,0,0,1,0,1,0,8,2,0,10,0,0,0,10
12/20/2010,PIH,ID,ANM,WE,Federal Contract Tower,0,20,8,0,28,0,6,26,4,36,0,26,34,4,64,68,2,70,134
12/21/2010,PIH,ID,ANM,WE,Federal Contract Tower,0,25,4,2,31,0,3,46,0,49,0,28,50,2,80,100,0,100,180
12/22/2010,PIH,ID,ANM,WE,Federal Contract Tower,0,25,2,0,27,0,2,11,0,13,0,27,13,0,40,62,0,62,102
12/23/2010,PIH,ID,ANM,WE,Federal Contract Tower,0,23,4,0,27,0,4,0,0,4,0,27,4,0,31,0,0,0,31
12/24/2010,PIH,ID,ANM,WE,Federal Contract Tower,0,18,4,0,22,0,2,3,0,5,0,20,7,0,27,6,0,6,33
12/25/2010,PIH,ID,ANM,WE,Federal Contract Tower,0,4,1,0,5,0,0,8,0,8,0,4,9,0,13,8,0,8,21
12/26/2010,PIH,ID,ANM,WE,Federal Contract Tower,0,5,6,0,11,0,0,6,0,6,0,5,12,0,17,6,0,6,23
12/27/2010,PIH,ID,ANM,WE,Federal Contract Tower,0,16,4,0,20,0,1,18,2,21,0,17,22,2,41,36,0,36,77
12/28/2010,PIH,ID,ANM,WE,Federal Contract Tower,0,19,1,0,20,0,0,10,0,10,0,19,11,0,30,30,0,30,60
12/29/2010,PIH,ID,ANM,WE,Federal Contract Tower,0,22,2,0,24,0,0,0,0,0,0,22,2,0,24,0,0,0,24
12/30/2010,PIH,ID,ANM,WE,Federal Contract Tower,0,13,2,0,15,0,4,17,0,21,0,17,19,0,36,18,0,18,54
12/31/2010,PIH,ID,ANM,WE,Federal Contract Tower,0,19,1,0,20,0,2,10,0,12,0,21,11,0,32,32,0,32,64
01/01/2011,PIH,ID,ANM,WE,Federal Contract Tower,0,5,0,0,5,0,0,10,0,10,0,5,10,0,15,16,0,16,31
01/02/2011,PIH,ID,ANM,WE,Federal Contract Tower,0,5,6,0,11,0,0,4,0,4,0,5,10,0,15,16,0,16,31
01/03/2011,PIH,ID,ANM,WE,Federal Contract Tower,0,17,8,0,25,0,5,28,2,35,0,22,36,2,60,98,0,98,158
01/04/2011,PIH,ID,ANM,WE,Federal Contract Tower,0,26,8,0,34,0,0,13,0,13,0,26,21,0,47,70,0,70,117
01/05/2011,PIH,ID,ANM,WE,Federal Contract Tower,0,18,3,0,21,0,3,35,0,38,0,21,38,0,59,144,0,144,203
01/06/2011,PIH,ID,ANM,WE,Federal Contract Tower,4,23,1,0,28,0,5,22,0,27,4,28,23,0,55,94,0,94,149
01/07/2011,PIH,ID,ANM,WE,Federal Contract Tower,0,20,3,0,23,0,5,23,0,28,0,25,26,0,51,90,0,90,141
01/08/2011,PIH,ID,ANM,WE,Federal Contract Tower,0,11,4,0,15,0,0,15,2,17,0,11,19,2,32,0,0,0,32
01/09/2011,PIH,ID,ANM,WE,Federal Contract Tower,4,8,1,0,13,0,2,16,0,18,4,10,17,0,31,10,0,10,41
01/10/2011,PIH,ID,ANM,WE,Federal Contract Tower,0,19,2,0,21,0,0,15,2,17,0,19,17,2,38,4,0,4,42
01/11/2011,PIH,ID,ANM,WE,Federal Contract Tower,0,20,2,0,22,0,6,31,0,37,0,26,33,0,59,74,0,74,133
01/12/2011,PIH,ID,ANM,WE,Federal Contract Tower,0,20,5,0,25,0,3,30,2,35,0,23,35,2,60,108,2,110,170
01/13/2011,PIH,ID,ANM,WE,Federal Contract Tower,0,23,7,0,30,0,3,12,0,15,0,26,19,0,45,86,0,86,131
01/14/2011,PIH,ID,ANM,WE,Federal Contract Tower,0,24,4,0,28,0,1,26,0,27,0,25,30,0,55,114,0,114,169
01/15/2011,PIH,ID,ANM,WE,Federal Contract Tower,0,10,8,0,18,0,0,22,0,22,0,10,30,0,40,12,0,12,52
01/16/2011,PIH,ID,ANM,WE,Federal Contract Tower,0,12,1,0,13,0,0,0,0,0,0,12,1,0,13,0,0,0,13
01/17/2011,PIH,ID,ANM,WE,Federal Contract Tower,0,11,2,0,13,0,2,24,2,28,0,13,26,2,41,8,0,8,49
01/18/2011,PIH,ID,ANM,WE,Federal Contract Tower,0,18,5,0,23,0,2,29,2,33,0,20,34,2,56,72,0,72,128
01/19/2011,PIH,ID,ANM,WE,Federal Contract Tower,0,25,7,0,32,0,6,25,2,33,0,31,32,2,65,52,0,52,117
01/20/2011,PIH,ID,ANM,WE,Federal Contract Tower,0,20,9,0,29,0,3,39,2,44,0,23,48,2,73,172,0,172,245
01/21/2011,PIH,ID,ANM,WE,Federal Contract Tower,0,22,6,1,29,0,1,31,1,33,0,23,37,2,62,126,0,126,188
01/22/2011,PIH,ID,ANM,WE,Federal Contract Tower,0,8,1,0,9,0,3,22,0,25,0,11,23,0,34,94,0,94,128
01/23/2011,PIH,ID,ANM,WE,Federal Contract Tower,0,7,3,0,10,0,0,17,0,17,0,7,20,0,27,24,0,24,51
01/24/2011,PIH,ID,ANM,WE,Federal Contract Tower,0,20,5,0,25,0,2,21,0,23,0,22,26,0,48,80,0,80,128
01/25/2011,PIH,ID,ANM,WE,Federal Contract Tower,0,26,10,0,36,0,0,15,0,15,0,26,25,0,51,84,0,84,135
01/26/2011,PIH,ID,ANM,WE,Federal Contract Tower,0,24,7,0,31,0,0,6,0,6,0,24,13,0,37,16,0,16,53
01/27/2011,PIH,ID,ANM,WE,Federal Contract Tower,0,22,1,0,23,0,0,30,0,30,0,22,31,0,53,168,0,168,221
01/28/2011,PIH,ID,ANM,WE,Federal Contract Tower,0,25,10,1,36,0,1,29,1,31,0,26,39,2,67,44,0,44,111
01/29/2011,PIH,ID,ANM,WE,Federal Contract Tower,0,12,6,0,18,0,0,8,0,8,0,12,14,0,26,12,0,12,38
01/30/2011,PIH,ID,ANM,WE,Federal Contract Tower,0,6,12,0,18,0,0,2,0,2,0,6,14,0,20,0,0,0,20
01/31/2011,PIH,ID,ANM,WE,Federal Contract Tower,0,15,5,0,20,0,7,26,2,35,0,22,31,2,55,68,0,68,123
02/01/2011,PIH,ID,ANM,WE,Federal Contract Tower,0,18,3,0,21,0,6,36,0,42,0,24,39,0,63,46,0,46,109
02/02/2011,PIH,ID,ANM,WE,Federal Contract Tower,0,17,3,0,20,0,8,44,0,52,0,25,47,0,72,104,0,104,176
02/03/2011,PIH,ID,ANM,WE,Federal Contract Tower,0,16,2,0,18,0,8,36,2,46,0,24,38,2,64,96,0,96,160
02/04/2011,PIH,ID,ANM,WE,Federal Contract Tower,0,21,5,0,26,0,2,28,0,30,0,23,33,0,56,86,0,86,142
02/05/2011,PIH,ID,ANM,WE,Federal Contract Tower,0,9,3,0,12,0,2,24,0,26,0,11,27,0,38,58,0,58,96
02/06/2011,PIH,ID,ANM,WE,Federal Contract Tower,0,8,0,0,8,0,0,9,0,9,0,8,9,0,17,4,0,4,21
02/07/2011,PIH,ID,ANM,WE,Federal Contract Tower,0,19,3,0,22,0,1,0,0,1,0,20,3,0,23,0,0,0,23
02/08/2011,PIH,ID,ANM,WE,Federal Contract Tower,0,19,5,0,24,0,5,32,0,37,0,24,37,0,61,54,0,54,115
02/09/2011,PIH,ID,ANM,WE,Federal Contract Tower,0,17,0,0,17,0,6,31,0,37,0,23,31,0,54,62,0,62,116
02/10/2011,PIH,ID,ANM,WE,Federal Contract Tower,0,14,7,0,21,0,7,28,0,35,0,21,35,0,56,28,0,28,84
02/11/2011,PIH,ID,ANM,WE,Federal Contract Tower,0,16,0,0,16,0,12,41,0,53,0,28,41,0,69,68,0,68,137
02/12/2011,PIH,ID,ANM,WE,Federal Contract Tower,0,9,2,0,11,0,5,35,0,40,0,14,37,0,51,68,0,68,119
02/13/2011,PIH,ID,ANM,WE,Federal Contract Tower,0,8,0,0,8,0,0,36,0,36,0,8,36,0,44,22,0,22,66
02/14/2011,PIH,ID,ANM,WE,Federal Contract Tower,0,15,6,0,21,0,11,31,0,42,0,26,37,0,63,48,0,48,111
02/15/2011,PIH,ID,ANM,WE,Federal Contract Tower,0,19,5,0,24,0,8,22,0,30,0,27,27,0,54,22,0,22,76
02/16/2011,PIH,ID,ANM,WE,Federal Contract Tower,2,26,1,0,29,0,6,2,0,8,2,32,3,0,37,0,0,0,37
02/17/2011,PIH,ID,ANM,WE,Federal Contract Tower,0,20,3,0,23,0,6,26,0,32,0,26,29,0,55,14,0,14,69
02/18/2011,PIH,ID,ANM,WE,Federal Contract Tower,0,20,6,0,26,0,7,35,0,42,0,27,41,0,68,44,0,44,112
02/19/2011,PIH,ID,ANM,WE,Federal Contract Tower,0,10,4,0,14,0,1,10,0,11,0,11,14,0,25,16,0,16,41
02/20/2011,PIH,ID,ANM,WE,Federal Contract Tower,0,9,4,0,13,0,0,0,0,0,0,9,4,0,13,0,0,0,13
02/21/2011,PIH,ID,ANM,WE,Federal Contract Tower,0,12,4,0,16,0,2,20,0,22,0,14,24,0,38,48,0,48,86
02/22/2011,PIH,ID,ANM,WE,Federal Contract Tower,0,25,2,0,27,0,1,8,0,9,0,26,10,0,36,6,0,6,42
02/23/2011,PIH,ID,ANM,WE,Federal Contract Tower,0,19,3,0,22,0,2,36,4,42,0,21,39,4,64,16,0,16,80
02/24/2011,PIH,ID,ANM,WE,Federal Contract Tower,0,24,3,0,27,0,2,8,0,10,0,26,11,0,37,12,0,12,49
02/25/2011,PIH,ID,ANM,WE,Federal Contract Tower,0,21,6,0,27,0,0,4,0,4,0,21,10,0,31,12,0,12,43
02/26/2011,PIH,ID,ANM,WE,Federal Contract Tower,0,11,2,0,13,0,2,8,0,10,0,13,10,0,23,26,0,26,49
02/27/2011,PIH,ID,ANM,WE,Federal Contract Tower,0,9,1,0,10,0,0,12,0,12,0,9,13,0,22,34,0,34,56
02/28/2011,PIH,ID,ANM,WE,Federal Contract Tower,0,13,6,0,19,0,11,38,0,49,0,24,44,0,68,0,0,0,68
03/01/2011,PIH,ID,ANM,WE,Federal Contract Tower,0,18,3,0,21,0,11,56,4,71,0,29,59,4,92,112,0,112,204
03/02/2011,PIH,ID,ANM,WE,Federal Contract Tower,0,20,2,0,22,0,8,21,0,29,0,28,23,0,51,44,0,44,95
03/03/2011,PIH,ID,ANM,WE,Federal Contract Tower,0,20,10,0,30,0,3,12,0,15,0,23,22,0,45,2,0,2,47
03/04/2011,PIH,ID,ANM,WE,Federal Contract Tower,0,20,5,0,25,0,5,37,0,42,0,25,42,0,67,86,0,86,153
03/05/2011,PIH,ID,ANM,WE,Federal Contract Tower,0,8,0,0,8,0,7,1,0,8,0,15,1,0,16,10,0,10,26
03/06/2011,PIH,ID,ANM,WE,Federal Contract Tower,0,10,2,0,12,0,0,0,0,0,0,10,2,0,12,0,0,0,12
03/07/2011,PIH,ID,ANM,WE,Federal Contract Tower,2,22,3,0,27,0,2,30,0,32,2,24,33,0,59,110,0,110,169
03/08/2011,PIH,ID,ANM,WE,Federal Contract Tower,0,21,7,0,28,0,4,26,2,32,0,25,33,2,60,22,0,22,82
03/09/2011,PIH,ID,ANM,WE,Federal Contract Tower,0,22,2,0,24,0,2,57,2,61,0,24,59,2,85,84,0,84,169
03/10/2011,PIH,ID,ANM,WE,Federal Contract Tower,0,19,6,0,25,0,4,10,0,14,0,23,16,0,39,0,0,0,39
03/11/2011,PIH,ID,ANM,WE,Federal Contract Tower,0,16,7,0,23,0,12,34,0,46,0,28,41,0,69,74,0,74,143
03/12/2011,PIH,ID,ANM,WE,Federal Contract Tower,0,7,2,0,9,0,4,47,0,51,0,11,49,0,60,100,0,100,160
03/13/2011,PIH,ID,ANM,WE,Federal Contract Tower,0,9,4,0,13,0,0,30,0,30,0,9,34,0,43,34,0,34,77
03/14/2011,PIH,ID,ANM,WE,Federal Contract Tower,0,20,4,0,24,0,2,0,0,2,0,22,4,0,26,0,0,0,26
03/15/2011,PIH,ID,ANM,WE,Federal Contract Tower,0,22,2,0,24,0,6,17,2,25,0,28,19,2,49,16,0,16,65
03/16/2011,PIH,ID,ANM,WE,Federal Contract Tower,0,15,2,0,17,0,4,3,0,7,0,19,5,0,24,6,0,6,30
03/17/2011,PIH,ID,ANM,WE,Federal Contract Tower,0,18,1,0,19,0,3,39,2,44,0,21,40,2,63,80,0,80,143
03/18/2011,PIH,ID,ANM,WE,Federal Contract Tower,0,15,4,0,19,0,10,26,0,36,0,25,30,0,55,68,0,68,123
03/19/2011,PIH,ID,ANM,WE,Federal Contract Tower,0,7,0,0,7,0,6,6,0,12,0,13,6,0,19,0,0,0,19
03/20/2011,PIH,ID,ANM,WE,Federal Contract Tower,0,8,2,0,10,0,0,17,0,17,0,8,19,0,27,40,0,40,67
03/21/2011,PIH,ID,ANM,WE,Federal Contract Tower,0,18,4,0,22,0,2,9,0,11,0,20,13,0,33,24,0,24,57
03/22/2011,PIH,ID,ANM,WE,Federal Contract Tower,0,23,4,0,27,0,5,14,0,19,0,28,18,0,46,6,0,6,52
03/23/2011,PIH,ID,ANM,WE,Federal Contract Tower,0,16,7,0,23,0,17,48,0,65,0,33,55,0,88,86,0,86,174
03/24/2011,PIH,ID,ANM,WE,Federal Contract Tower,0,20,5,0,25,0,3,17,0,20,0,23,22,0,45,60,0,60,105
03/25/2011,PIH,ID,ANM,WE,Federal Contract Tower,0,23,6,0,29,0,3,19,0,22,0,26,25,0,51,66,0,66,117
03/26/2011,PIH,ID,ANM,WE,Federal Contract Tower,0,11,0,0,11,0,1,23,0,24,0,12,23,0,35,62,0,62,97
03/27/2011,PIH,ID,ANM,WE,Federal Contract Tower,0,7,4,0,11,0,0,9,0,9,0,7,13,0,20,4,0,4,24
03/28/2011,PIH,ID,ANM,WE,Federal Contract Tower,0,15,5,0,20,0,2,14,1,17,0,17,19,1,37,0,0,0,37
03/29/2011,PIH,ID,ANM,WE,Federal Contract Tower,0,16,6,0,22,0,13,35,1,49,0,29,41,1,71,130,0,130,201
03/30/2011,PIH,ID,ANM,WE,Federal Contract Tower,0,18,7,0,25,0,10,7,0,17,0,28,14,0,42,46,0,46,88
03/31/2011,PIH,ID,ANM,WE,Federal Contract Tower,0,17,4,2,23,0,14,19,2,35,0,31,23,4,58,28,0,28,86
04/01/2011,PIH,ID,ANM,WE,Federal Contract Tower,0,13,5,0,18,0,10,50,0,60,0,23,55,0,78,84,0,84,162
04/02/2011,PIH,ID,ANM,WE,Federal Contract Tower,0,7,2,0,9,0,4,8,0,12,0,11,10,0,21,12,0,12,33
04/03/2011,PIH,ID,ANM,WE,Federal Contract Tower,0,8,1,0,9,0,0,18,0,18,0,8,19,0,27,34,0,34,61
04/04/2011,PIH,ID,ANM,WE,Federal Contract Tower,0,13,8,0,21,0,12,26,2,40,0,25,34,2,61,58,0,58,119
04/05/2011,PIH,ID,ANM,WE,Federal Contract Tower,0,18,6,0,24,0,8,1,0,9,0,26,7,0,33,4,0,4,37
04/06/2011,PIH,ID,ANM,WE,Federal Contract Tower,0,16,4,0,20,0,12,21,0,33,0,28,25,0,53,28,0,28,81
04/07/2011,PIH,ID,ANM,WE,Federal Contract Tower,0,21,4,0,25,0,4,15,0,19,0,25,19,0,44,80,0,80,124
04/08/2011,PIH,ID,ANM,WE,Federal Contract Tower,0,21,5,0,26,0,1,11,0,12,0,22,16,0,38,70,0,70,108
04/09/2011,PIH,ID,ANM,WE,Federal Contract Tower,0,12,2,0,14,0,1,2,0,3,0,13,4,0,17,0,0,0,17
04/10/2011,PIH,ID,ANM,WE,Federal Contract Tower,0,7,2,0,9,0,0,11,0,11,0,7,13,0,20,30,0,30,50
04/11/2011,PIH,ID,ANM,WE,Federal Contract Tower,0,23,6,0,29,0,5,20,2,27,0,28,26,2,56,52,0,52,108
04/12/2011,PIH,ID,ANM,WE,Federal Contract Tower,0,12,4,0,16,0,9,29,0,38,0,21,33,0,54,80,2,82,136
04/13/2011,PIH,ID,ANM,WE,Federal Contract Tower,0,21,2,0,23,0,5,27,2,34,0,26,29,2,57,54,0,54,111
04/14/2011,PIH,ID,ANM,WE,Federal Contract Tower,0,18,11,0,29,0,6,16,2,24,0,24,27,2,53,14,0,14,67
04/15/2011,PIH,ID,ANM,WE,Federal Contract Tower,0,17,4,1,22,0,6,36,1,43,0,23,40,2,65,94,10,104,169
04/16/2011,PIH,ID,ANM,WE,Federal Contract Tower,0,8,5,0,13,0,2,6,0,8,0,10,11,0,21,12,0,12,33
04/17/2011,PIH,ID,ANM,WE,Federal Contract Tower,0,8,0,0,8,0,0,1,0,1,0,8,1,0,9,0,0,0,9
04/18/2011,PIH,ID,ANM,WE,Federal Contract Tower,0,14,5,1,20,0,7,11,1,19,0,21,16,2,39,48,0,48,87
04/19/2011,PIH,ID,ANM,WE,Federal Contract Tower,0,14,10,0,24,0,8,32,0,40,0,22,42,0,64,66,0,66,130
04/20/2011,PIH,ID,ANM,WE,Federal Contract Tower,0,21,4,0,25,0,3,34,0,37,0,24,38,0,62,46,0,46,108
04/21/2011,PIH,ID,ANM,WE,Federal Contract Tower,0,22,7,0,29,0,4,6,0,10,0,26,13,0,39,0,0,0,39
04/22/2011,PIH,ID,ANM,WE,Federal Contract Tower,0,17,4,0,21,0,7,42,3,52,0,24,46,3,73,60,0,60,133
04/23/2011,PIH,ID,ANM,WE,Federal Contract Tower,0,8,3,0,11,0,4,56,0,60,0,12,59,0,71,44,0,44,115
04/24/2011,PIH,ID,ANM,WE,Federal Contract Tower,0,7,1,0,8,0,0,20,0,20,0,7,21,0,28,12,0,12,40
04/25/2011,PIH,ID,ANM,WE,Federal Contract Tower,0,19,2,0,21,0,6,13,0,19,0,25,15,0,40,16,0,16,56
04/26/2011,PIH,ID,ANM,WE,Federal Contract Tower,0,21,5,0,26,0,1,16,10,27,0,22,21,10,53,42,0,42,95
04/27/2011,PIH,ID,ANM,WE,Federal Contract Tower,0,19,6,0,25,0,5,59,0,64,0,24,65,0,89,136,0,136,225
04/28/2011,PIH,ID,ANM,WE,Federal Contract Tower,0,20,4,0,24,0,2,21,2,25,0,22,25,2,49,12,0,12,61
04/29/2011,PIH,ID,ANM,WE,Federal Contract Tower,0,17,1,0,18,0,4,9,0,13,0,21,10,0,31,62,0,62,93
04/30/2011,PIH,ID,ANM,WE,Federal Contract Tower,0,8,1,2,11,0,3,18,0,21,0,11,19,2,32,16,0,16,48
05/01/2011,PIH,ID,ANM,WE,Federal Contract Tower,0,7,1,0,8,0,0,18,0,18,0,7,19,0,26,34,0,34,60
05/02/2011,PIH,ID,ANM,WE,Federal Contract Tower,0,10,0,0,10,0,11,44,0,55,0,21,44,0,65,128,0,128,193
05/03/2011,PIH,ID,ANM,WE,Federal Contract Tower,0,15,4,0,19,0,16,23,2,41,0,31,27,2,60,0,0,0,60
05/04/2011,PIH,ID,ANM,WE,Federal Contract Tower,0,12,2,0,14,0,12,30,0,42,0,24,32,0,56,122,0,122,178
05/05/2011,PIH,ID,ANM,WE,Federal Contract Tower,0,13,10,0,23,0,13,42,0,55,0,26,52,0,78,110,0,110,188
05/06/2011,PIH,ID,ANM,WE,Federal Contract Tower,0,12,3,0,15,0,11,26,0,37,0,23,29,0,52,0,0,0,52
05/07/2011,PIH,ID,ANM,WE,Federal Contract Tower,0,14,2,0,16,0,4,7,0,11,0,18,9,0,27,0,0,0,27
05/08/2011,PIH,ID,ANM,WE,Federal Contract Tower,0,9,1,0,10,0,0,2,0,2,0,9,3,0,12,0,0,0,12
05/09/2011,PIH,ID,ANM,WE,Federal Contract Tower,0,18,5,0,23,0,2,3,0,5,0,20,8,0,28,0,0,0,28
05/10/2011,PIH,ID,ANM,WE,Federal Contract Tower,0,18,1,0,19,0,5,5,0,10,0,23,6,0,29,26,0,26,55
05/11/2011,PIH,ID,ANM,WE,Federal Contract Tower,0,15,4,0,19,0,14,38,0,52,0,29,42,0,71,46,0,46,117
05/12/2011,PIH,ID,ANM,WE,Federal Contract Tower,0,14,1,0,15,0,12,30,0,42,0,26,31,0,57,84,0,84,141
05/13/2011,PIH,ID,ANM,WE,Federal Contract Tower,0,12,6,0,18,0,11,49,0,60,0,23,55,0,78,76,0,76,154
05/14/2011,PIH,ID,ANM,WE,Federal Contract Tower,0,7,1,0,8,0,5,39,0,44,0,12,40,0,52,34,0,34,86
05/15/2011,PIH,ID,ANM,WE,Federal Contract Tower,0,7,1,0,8,0,0,1,0,1,0,7,2,0,9,0,0,0,9
05/16/2011,PIH,ID,ANM,WE,Federal Contract Tower,0,13,8,0,21,0,7,31,0,38,0,20,39,0,59,52,0,52,111
05/17/2011,PIH,ID,ANM,WE,Federal Contract Tower,0,16,4,0,20,0,9,34,0,43,0,25,38,0,63,94,0,94,157
05/18/2011,PIH,ID,ANM,WE,Federal Contract Tower,0,17,6,0,23,0,5,32,2,39,0,22,38,2,62,96,0,96,158
05/19/2011,PIH,ID,ANM,WE,Federal Contract Tower,0,15,4,0,19,0,8,21,2,31,0,23,25,2,50,12,0,12,62
05/20/2011,PIH,ID,ANM,WE,Federal Contract Tower,0,13,6,0,19,0,11,37,2,50,0,24,43,2,69,132,0,132,201
05/21/2011,PIH,ID,ANM,WE,Federal Contract Tower,0,8,2,0,10,0,13,31,0,44,0,21,33,0,54,10,0,10,64
05/22/2011,PIH,ID,ANM,WE,Federal Contract Tower,0,9,5,0,14,0,0,14,0,14,0,9,19,0,28,10,0,10,38
05/23/2011,PIH,ID,ANM,WE,Federal Contract Tower,0,16,5,0,21,0,9,26,0,35,0,25,31,0,56,82,0,82,138
05/24/2011,PIH,ID,ANM,WE,Federal Contract Tower,0,15,6,2,23,0,9,10,0,19,0,24,16,2,42,0,0,0,42
05/25/2011,PIH,ID,ANM,WE,Federal Contract Tower,0,14,4,2,20,0,11,47,2,60,0,25,51,4,80,84,0,84,164
05/26/2011,PIH,ID,ANM,WE,Federal Contract Tower,0,15,6,0,21,0,6,9,0,15,0,21,15,0,36,20,0,20,56
05/27/2011,PIH,ID,ANM,WE,Federal Contract Tower,0,15,6,0,21,0,10,20,0,30,0,25,26,0,51,6,0,6,57
05/28/2011,PIH,ID,ANM,WE,Federal Contract Tower,0,11,0,0,11,0,5,9,0,14,0,16,9,0,25,10,0,10,35
05/29/2011,PIH,ID,ANM,WE,Federal Contract Tower,0,7,3,0,10,0,0,0,0,0,0,7,3,0,10,0,0,0,10
05/30/2011,PIH,ID,ANM,WE,Federal Contract Tower,0,7,2,0,9,0,0,11,0,11,0,7,13,0,20,0,0,0,20
05/31/2011,PIH,ID,ANM,WE,Federal Contract Tower,0,11,10,0,21,0,13,44,0,57,0,24,54,0,78,58,0,58,136
06/01/2011,PIH,ID,ANM,WE,Federal Contract Tower,0,12,1,1,14,0,13,46,3,62,0,25,47,4,76,66,8,74,150
06/02/2011,PIH,ID,ANM,WE,Federal Contract Tower,0,17,6,0,23,0,3,37,3,43,0,20,43,3,66,16,0,16,82
06/03/2011,PIH,ID,ANM,WE,Federal Contract Tower,0,13,5,0,18,0,14,70,0,84,0,27,75,0,102,60,0,60,162
06/04/2011,PIH,ID,ANM,WE,Federal Contract Tower,0,7,7,0,14,0,4,55,0,59,0,11,62,0,73,38,0,38,111
06/05/2011,PIH,ID,ANM,WE,Federal Contract Tower,0,7,6,0,13,0,0,42,0,42,0,7,48,0,55,58,0,58,113
06/06/2011,PIH,ID,ANM,WE,Federal Contract Tower,0,14,1,0,15,0,9,25,0,34,0,23,26,0,49,10,0,10,59
06/07/2011,PIH,ID,ANM,WE,Federal Contract Tower,0,15,3,0,18,0,7,9,0,16,0,22,12,0,34,0,0,0,34
06/08/2011,PIH,ID,ANM,WE,Federal Contract Tower,0,13,2,0,15,0,10,23,0,33,0,23,25,0,48,46,0,46,94
06/09/2011,PIH,ID,ANM,WE,Federal Contract Tower,0,13,1,0,14,0,9,17,2,28,0,22,18,2,42,8,0,8,50
06/10/2011,PIH,ID,ANM,WE,Federal Contract Tower,0,14,5,0,19,0,11,47,0,58,0,25,52,0,77,82,0,82,159
06/11/2011,PIH,ID,ANM,WE,Federal Contract Tower,0,7,0,0,7,0,6,32,0,38,0,13,32,0,45,58,0,58,103
06/12/2011,PIH,ID,ANM,WE,Federal Contract Tower,0,7,7,0,14,0,0,25,0,25,0,7,32,0,39,34,0,34,73
06/13/2011,PIH,ID,ANM,WE,Federal Contract Tower,0,12,7,2,21,0,9,31,2,42,0,21,38,4,63,40,2,42,105
06/14/2011,PIH,ID,ANM,WE,Federal Contract Tower,0,12,8,1,21,0,11,35,2,48,0,23,43,3,69,28,10,38,107
06/15/2011,PIH,ID,ANM,WE,Federal Contract Tower,0,10,6,2,18,0,11,44,0,55,0,21,50,2,73,58,0,58,131
06/16/2011,PIH,ID,ANM,WE,Federal Contract Tower,0,12,7,0,19,0,10,36,0,46,0,22,43,0,65,32,0,32,97
06/17/2011,PIH,ID,ANM,WE,Federal Contract Tower,0,12,6,0,18,0,11,35,0,46,0,23,41,0,64,8,0,8,72
06/18/2011,PIH,ID,ANM,WE,Federal Contract Tower,0,10,0,0,10,0,3,12,0,15,0,13,12,0,25,10,0,10,35
06/19/2011,PIH,ID,ANM,WE,Federal Contract Tower,0,7,3,0,10,0,6,16,0,22,0,13,19,0,32,10,0,10,42
06/20/2011,PIH,ID,ANM,WE,Federal Contract Tower,0,13,2,0,15,0,8,46,2,56,0,21,48,2,71,10,2,12,83
06/21/2011,PIH,ID,ANM,WE,Federal Contract Tower,0,13,6,0,19,0,10,52,0,62,0,23,58,0,81,60,0,60,141
06/22/2011,PIH,ID,ANM,WE,Federal Contract Tower,0,13,5,0,18,0,13,57,0,70,0,26,62,0,88,26,0,26,114
06/23/2011,PIH,ID,ANM,WE,Federal Contract Tower,0,11,7,0,18,0,18,37,0,55,0,29,44,0,73,80,0,80,153
06/24/2011,PIH,ID,ANM,WE,Federal Contract Tower,0,13,4,3,20,0,15,49,0,64,0,28,53,3,84,38,6,44,128
06/25/2011,PIH,ID,ANM,WE,Federal Contract Tower,0,10,0,0,10,0,3,363,2,368,0,13,363,2,378,301,2,303,681
06/26/2011,PIH,ID,ANM,WE,Federal Contract Tower,0,7,1,0,8,0,1,27,2,30,0,8,28,2,38,24,4,28,66
06/27/2011,PIH,ID,ANM,WE,Federal Contract Tower,0,12,3,2,17,0,11,33,7,51,0,23,36,9,68,86,4,90,158
06/28/2011,PIH,ID,ANM,WE,Federal Contract Tower,0,10,8,0,18,0,11,43,0,54,0,21,51,0,72,64,0,64,136
06/29/2011,PIH,ID,ANM,WE,Federal Contract Tower,4,10,3,0,17,0,16,29,2,47,4,26,32,2,64,32,2,34,98
06/30/2011,PIH,ID,ANM,WE,Federal Contract Tower,0,11,6,0,17,0,11,47,0,58,0,22,53,0,75,102,0,102,177
07/01/2011,PIH,ID,ANM,WE,Federal Contract Tower,0,9,4,0,13,0,21,34,0,55,0,30,38,0,68,70,0,70,138
07/02/2011,PIH,ID,ANM,WE,Federal Contract Tower,0,5,3,0,8,0,6,34,0,40,0,11,37,0,48,48,0,48,96
07/03/2011,PIH,ID,ANM,WE,Federal Contract Tower,0,8,1,0,9,0,0,20,0,20,0,8,21,0,29,14,0,14,43
07/04/2011,PIH,ID,ANM,WE,Federal Contract Tower,0,7,2,0,9,0,0,17,0,17,0,7,19,0,26,0,0,0,26
07/05/2011,PIH,ID,ANM,WE,Federal Contract Tower,0,7,4,0,11,0,12,26,0,38,0,19,30,0,49,46,0,46,95
07/06/2011,PIH,ID,ANM,WE,Federal Contract Tower,0,9,4,0,13,0,11,43,0,54,0,20,47,0,67,96,0,96,163
07/07/2011,PIH,ID,ANM,WE,Federal Contract Tower,0,16,8,0,24,0,10,43,0,53,0,26,51,0,77,74,0,74,151
07/08/2011,PIH,ID,ANM,WE,Federal Contract Tower,0,14,4,0,18,0,10,34,0,44,0,24,38,0,62,60,0,60,122
07/09/2011,PIH,ID,ANM,WE,Federal Contract Tower,0,8,2,0,10,0,6,20,0,26,0,14,22,0,36,54,0,54,90
07/10/2011,PIH,ID,ANM,WE,Federal Contract Tower,2,8,1,0,11,0,0,16,0,16,2,8,17,0,27,28,0,28,55
07/11/2011,PIH,ID,ANM,WE,Federal Contract Tower,0,9,10,0,19,0,14,49,0,63,0,23,59,0,82,60,0,60,142
07/12/2011,PIH,ID,ANM,WE,Federal Contract Tower,0,12,2,0,14,0,11,46,0,57,0,23,48,0,71,50,0,50,121
07/13/2011,PIH,ID,ANM,WE,Federal Contract Tower,1,11,3,0,15,0,13,46,0,59,1,24,49,0,74,96,0,96,170
07/14/2011,PIH,ID,ANM,WE,Federal Contract Tower,0,10,3,2,15,0,17,55,0,72,0,27,58,2,87,80,0,80,167
07/15/2011,PIH,ID,ANM,WE,Federal Contract Tower,0,12,7,0,19,0,11,70,0,81,0,23,77,0,100,54,0,54,154
07/16/2011,PIH,ID,ANM,WE,Federal Contract Tower,0,9,3,0,12,0,5,39,0,44,0,14,42,0,56,46,0,46,102
07/17/2011,PIH,ID,ANM,WE,Federal Contract Tower,0,8,5,0,13,0,0,33,0,33,0,8,38,0,46,24,0,24,70
07/18/2011,PIH,ID,ANM,WE,Federal Contract Tower,0,9,4,0,13,0,10,41,2,53,0,19,45,2,66,14,0,14,80
07/19/2011,PIH,ID,ANM,WE,Federal Contract Tower,0,11,3,0,14,1,11,35,0,47,1,22,38,0,61,4,0,4,65
07/20/2011,PIH,ID,ANM,WE,Federal Contract Tower,0,14,5,0,19,0,10,50,0,60,0,24,55,0,79,106,0,106,185
07/21/2011,PIH,ID,ANM,WE,Federal Contract Tower,0,13,3,0,16,0,10,61,0,71,0,23,64,0,87,132,0,132,219
07/22/2011,PIH,ID,ANM,WE,Federal Contract Tower,0,12,7,0,19,2,10,22,0,34,2,22,29,0,53,28,0,28,81
07/23/2011,PIH,ID,ANM,WE,Federal Contract Tower,0,11,5,0,16,0,4,35,0,39,0,15,40,0,55,22,0,22,77
07/24/2011,PIH,ID,ANM,WE,Federal Contract Tower,0,7,0,0,7,0,0,21,0,21,0,7,21,0,28,38,0,38,66
07/25/2011,PIH,ID,ANM,WE,Federal Contract Tower,0,10,12,0,22,0,14,49,0,63,0,24,61,0,85,28,0,28,113
07/26/2011,PIH,ID,ANM,WE,Federal Contract Tower,0,13,6,0,19,0,15,41,0,56,0,28,47,0,75,16,0,16,91
07/27/2011,PIH,ID,ANM,WE,Federal Contract Tower,0,12,7,0,19,0,10,50,0,60,0,22,57,0,79,26,0,26,105
07/28/2011,PIH,ID,ANM,WE,Federal Contract Tower,0,12,5,0,17,0,11,57,0,68,0,23,62,0,85,80,0,80,165
07/29/2011,PIH,ID,ANM,WE,Federal Contract Tower,0,12,7,0,19,0,13,40,1,54,0,25,47,1,73,42,0,42,115
07/30/2011,PIH,ID,ANM,WE,Federal Contract Tower,0,9,6,0,15,0,7,28,2,37,0,16,34,2,52,6,0,6,58
07/31/2011,PIH,ID,ANM,WE,Federal Contract Tower,0,7,4,0,11,0,0,9,0,9,0,7,13,0,20,10,0,10,30
08/01/2011,PIH,ID,ANM,WE,Federal Contract Tower,2,15,4,1,22,0,5,12,0,17,2,20,16,1,39,0,0,0,39
08/02/2011,PIH,ID,ANM,WE,Federal Contract Tower,0,12,4,0,16,0,12,21,2,35,0,24,25,2,51,12,6,18,69
08/03/2011,PIH,ID,ANM,WE,Federal Contract Tower,0,12,8,2,22,0,11,35,2,48,0,23,43,4,70,18,0,18,88
08/04/2011,PIH,ID,ANM,WE,Federal Contract Tower,0,11,6,2,19,0,13,21,0,34,0,24,27,2,53,10,0,10,63
08/05/2011,PIH,ID,ANM,WE,Federal Contract Tower,0,14,5,0,19,0,12,38,0,50,0,26,43,0,69,40,0,40,109
08/06/2011,PIH,ID,ANM,WE,Federal Contract Tower,2,10,4,0,16,0,4,42,0,46,2,14,46,0,62,18,0,18,80
08/07/2011,PIH,ID,ANM,WE,Federal Contract Tower,0,7,2,0,9,0,0,15,0,15,0,7,17,0,24,0,0,0,24
08/08/2011,PIH,ID,ANM,WE,Federal Contract Tower,0,9,6,0,15,0,15,35,0,50,0,24,41,0,65,30,0,30,95
08/09/2011,PIH,ID,ANM,WE,Federal Contract Tower,0,11,7,0,18,0,31,44,2,77,0,42,51,2,95,48,0,48,143
08/10/2011,PIH,ID,ANM,WE,Federal Contract Tower,0,15,1,0,16,0,19,39,2,60,0,34,40,2,76,92,0,92,168
08/11/2011,PIH,ID,ANM,WE,Federal Contract Tower,0,13,9,0,22,0,11,38,0,49,0,24,47,0,71,40,0,40,111
08/12/2011,PIH,ID,ANM,WE,Federal Contract Tower,0,13,2,0,15,0,17,41,0,58,0,30,43,0,73,52,0,52,125
08/13/2011,PIH,ID,ANM,WE,Federal Contract Tower,0,7,2,0,9,0,5,29,0,34,0,12,31,0,43,22,0,22,65
08/14/2011,PIH,ID,ANM,WE,Federal Contract Tower,0,8,5,0,13,0,3,24,0,27,0,11,29,0,40,14,0,14,54
08/15/2011,PIH,ID,ANM,WE,Federal Contract Tower,0,10,6,0,16,0,102,29,3,134,0,112,35,3,150,2,0,2,152
08/16/2011,PIH,ID,ANM,WE,Federal Contract Tower,0,13,5,0,18,0,29,63,6,98,0,42,68,6,116,18,0,18,134
08/17/2011,PIH,ID,ANM,WE,Federal Contract Tower,0,14,3,0,17,0,19,46,1,66,0,33,49,1,83,84,0,84,167
08/18/2011,PIH,ID,ANM,WE,Federal Contract Tower,0,15,6,0,21,0,13,56,1,70,0,28,62,1,91,98,0,98,189
08/19/2011,PIH,ID,ANM,WE,Federal Contract Tower,0,21,6,0,27,0,19,75,3,97,0,40,81,3,124,88,0,88,212
08/20/2011,PIH,ID,ANM,WE,Federal Contract Tower,0,8,3,0,11,5,16,42,1,64,5,24,45,1,75,34,0,34,109
08/21/2011,PIH,ID,ANM,WE,Federal Contract Tower,0,8,1,0,9,15,74,38,0,127,15,82,39,0,136,0,0,0,136
08/22/2011,PIH,ID,ANM,WE,Federal Contract Tower,0,9,0,0,9,6,35,45,0,86,6,44,45,0,95,72,0,72,167
08/23/2011,PIH,ID,ANM,WE,Federal Contract Tower,1,14,3,0,18,0,19,45,2,66,1,33,48,2,84,108,0,108,192
08/24/2011,PIH,ID,ANM,WE,Federal Contract Tower,0,13,7,0,20,0,15,37,0,52,0,28,44,0,72,84,0,84,156
08/25/2011,PIH,ID,ANM,WE,Federal Contract Tower,1,10,8,0,19,35,80,46,0,161,36,90,54,0,180,32,0,32,212
08/26/2011,PIH,ID,ANM,WE,Federal Contract Tower,0,15,4,2,21,37,78,41,0,156,37,93,45,2,177,102,0,102,279
08/27/2011,PIH,ID,ANM,WE,Federal Contract Tower,0,10,2,0,12,0,17,36,0,53,0,27,38,0,65,46,0,46,111
08/28/2011,PIH,ID,ANM,WE,Federal Contract Tower,0,8,3,1,12,0,3,27,0,30,0,11,30,1,42,30,0,30,72
08/29/2011,PIH,ID,ANM,WE,Federal Contract Tower,0,13,1,1,15,0,21,39,0,60,0,34,40,1,75,28,0,28,103
08/30/2011,PIH,ID,ANM,WE,Federal Contract Tower,0,18,1,0,19,0,12,63,0,75,0,30,64,0,94,30,0,30,124
08/31/2011,PIH,ID,ANM,WE,Federal Contract Tower,0,18,7,0,25,0,39,28,0,67,0,57,35,0,92,68,0,68,160
09/01/2011,PIH,ID,ANM,WE,Federal Contract Tower,0,18,2,0,20,0,15,52,6,73,0,33,54,6,93,52,0,52,145
09/02/2011,PIH,ID,ANM,WE,Federal Contract Tower,2,17,4,0,23,0,14,35,0,49,2,31,39,0,72,44,0,44,116
09/03/2011,PIH,ID,ANM,WE,Federal Contract Tower,0,9,3,0,12,0,5,30,0,35,0,14,33,0,47,4,0,4,51
09/04/2011,PIH,ID,ANM,WE,Federal Contract Tower,2,8,3,0,13,0,2,15,0,17,2,10,18,0,30,6,0,6,36
09/05/2011,PIH,ID,ANM,WE,Federal Contract Tower,0,11,7,0,18,0,1,31,2,34,0,12,38,2,52,2,0,2,54
09/06/2011,PIH,ID,ANM,WE,Federal Contract Tower,0,13,4,0,17,0,9,46,2,57,0,22,50,2,74,30,0,30,104
09/07/2011,PIH,ID,ANM,WE,Federal Contract Tower,0,19,2,0,21,0,5,29,0,34,0,24,31,0,55,118,0,118,173
09/08/2011,PIH,ID,ANM,WE,Federal Contract Tower,0,15,4,0,19,0,10,46,0,56,0,25,50,0,75,42,0,42,117
09/09/2011,PIH,ID,ANM,WE,Federal Contract Tower,0,15,1,0,16,0,8,46,0,54,0,23,47,0,70,70,0,70,140
09/10/2011,PIH,ID,ANM,WE,Federal Contract Tower,0,5,1,0,6,6,32,33,0,71,6,37,34,0,77,22,0,22,99
09/11/2011,PIH,ID,ANM,WE,Federal Contract Tower,0,3,4,0,7,0,15,19,0,34,0,18,23,0,41,0,0,0,41
09/12/2011,PIH,ID,ANM,WE,Federal Contract Tower,0,12,5,0,17,0,9,28,2,39,0,21,33,2,56,28,0,28,84
09/13/2011,PIH,ID,ANM,WE,Federal Contract Tower,2,16,7,0,25,0,7,59,0,66,2,23,66,0,91,88,0,88,179
09/14/2011,PIH,ID,ANM,WE,Federal Contract Tower,4,16,3,0,23,0,11,50,2,63,4,27,53,2,86,24,0,24,110
09/15/2011,PIH,ID,ANM,WE,Federal Contract Tower,0,16,1,2,19,0,13,52,0,65,0,29,53,2,84,60,0,60,144
09/16/2011,PIH,ID,ANM,WE,Federal Contract Tower,2,12,2,0,16,0,6,24,0,30,2,18,26,0,46,56,0,56,102
09/17/2011,PIH,ID,ANM,WE,Federal Contract Tower,2,4,1,0,7,0,5,23,0,28,2,9,24,0,35,8,0,8,43
09/18/2011,PIH,ID,ANM,WE,Federal Contract Tower,0,3,5,2,10,0,3,29,0,32,0,6,34,2,42,26,0,26,68
09/19/2011,PIH,ID,ANM,WE,Federal Contract Tower,0,11,5,0,16,0,7,32,2,41,0,18,37,2,57,50,0,50,107
09/20/2011,PIH,ID,ANM,WE,Federal Contract Tower,0,20,4,0,24,0,6,47,4,57,0,26,51,4,81,34,0,34,115
09/21/2011,PIH,ID,ANM,WE,Federal Contract Tower,0,17,7,2,26,0,5,50,0,55,0,22,57,2,81,106,0,106,187
09/22/2011,PIH,ID,ANM,WE,Federal Contract Tower,0,17,3,0,20,0,5,58,0,63,0,22,61,0,83,148,0,148,231
09/23/2011,PIH,ID,ANM,WE,Federal Contract Tower,2,18,7,4,31,0,6,38,0,44,2,24,45,4,75,80,0,80,155
09/24/2011,PIH,ID,ANM,WE,Federal Contract Tower,0,7,0,0,7,0,11,35,0,46,0,18,35,0,53,46,0,46,99
09/25/2011,PIH,ID,ANM,WE,Federal Contract Tower,0,5,4,0,9,2,2,20,0,24,2,7,24,0,33,16,0,16,49
09/26/2011,PIH,ID,ANM,WE,Federal Contract Tower,0,12,2,0,14,0,5,36,2,43,0,17,38,2,57,88,0,88,145
09/27/2011,PIH,ID,ANM,WE,Federal Contract Tower,0,15,4,2,21,0,5,52,0,57,0,20,56,2,78,68,0,68,146
09/28/2011,PIH,ID,ANM,WE,Federal Contract Tower,0,14,3,0,17,0,8,31,2,41,0,22,34,2,58,34,0,34,92
09/29/2011,PIH,ID,ANM,WE,Federal Contract Tower,0,14,7,2,23,0,5,54,0,59,0,19,61,2,82,90,0,90,172
09/30/2011,PIH,ID,ANM,WE,Federal Contract Tower,1,16,3,2,22,0,6,65,0,71,1,22,68,2,93,76,0,76,169
10/01/2011,PIH,ID,ANM,WE,Federal Contract Tower,1,5,1,0,7,0,5,30,0,35,1,10,31,0,42,10,0,10,52
10/02/2011,PIH,ID,ANM,WE,Federal Contract Tower,0,4,2,0,6,0,0,25,0,25,0,4,27,0,31,6,0,6,37
10/03/2011,PIH,ID,ANM,WE,Federal Contract Tower,0,15,2,0,17,0,6,22,0,28,0,21,24,0,45,18,0,18,63
10/04/2011,PIH,ID,ANM,WE,Federal Contract Tower,0,15,4,0,19,0,3,12,0,15,0,18,16,0,34,0,0,0,34
10/05/2011,PIH,ID,ANM,WE,Federal Contract Tower,0,9,10,0,19,0,2,15,0,17,0,11,25,0,36,8,0,8,44
10/06/2011,PIH,ID,ANM,WE,Federal Contract Tower,0,19,4,0,23,0,0,5,0,5,0,19,9,0,28,10,0,10,38
10/07/2011,PIH,ID,ANM,WE,Federal Contract Tower,0,22,3,2,27,0,0,3,0,3,0,22,6,2,30,0,0,0,30
10/08/2011,PIH,ID,ANM,WE,Federal Contract Tower,0,8,5,2,15,0,1,13,0,14,0,9,18,2,29,48,0,48,77
10/09/2011,PIH,ID,ANM,WE,Federal Contract Tower,0,3,2,0,5,0,0,27,0,27,0,3,29,0,32,36,0,36,68
10/10/2011,PIH,ID,ANM,WE,Federal Contract Tower,0,16,4,0,20,0,2,22,0,24,0,18,26,0,44,38,0,38,82
10/11/2011,PIH,ID,ANM,WE,Federal Contract Tower,0,14,4,0,18,0,7,24,0,31,0,21,28,0,49,28,0,28,77
10/12/2011,PIH,ID,ANM,WE,Federal Contract Tower,0,19,2,0,21,0,4,41,0,45,0,23,43,0,66,80,0,80,146
10/13/2011,PIH,ID,ANM,WE,Federal Contract Tower,0,16,5,0,21,0,6,40,0,46,0,22,45,0,67,108,0,108,175
10/14/2011,PIH,ID,ANM,WE,Federal Contract Tower,0,16,5,0,21,0,8,58,0,66,0,24,63,0,87,98,0,98,185
10/15/2011,PIH,ID,ANM,WE,Federal Contract Tower,0,8,2,0,10,0,3,27,0,30,0,11,29,0,40,42,0,42,82
10/16/2011,PIH,ID,ANM,WE,Federal Contract Tower,0,4,1,0,5,0,0,10,0,10,0,4,11,0,15,0,0,0,15
10/17/2011,PIH,ID,ANM,WE,Federal Contract Tower,0,13,7,0,20,0,5,30,0,35,0,18,37,0,55,88,0,88,143
10/18/2011,PIH,ID,ANM,WE,Federal Contract Tower,0,16,8,0,24,0,6,54,0,60,0,22,62,0,84,76,0,76,160
10/19/2011,PIH,ID,ANM,WE,Federal Contract Tower,2,15,11,0,28,0,4,48,0,52,2,19,59,0,80,130,0,130,210
10/20/2011,PIH,ID,ANM,WE,Federal Contract Tower,0,15,5,0,20,0,5,53,0,58,0,20,58,0,78,74,0,74,152
10/21/2011,PIH,ID,ANM,WE,Federal Contract Tower,0,14,6,0,20,0,5,31,0,36,0,19,37,0,56,36,0,36,92
10/22/2011,PIH,ID,ANM,WE,Federal Contract Tower,2,4,4,0,10,0,4,22,0,26,2,8,26,0,36,24,0,24,60
10/23/2011,PIH,ID,ANM,WE,Federal Contract Tower,0,3,3,0,6,0,0,14,0,14,0,3,17,0,20,30,0,30,50
10/24/2011,PIH,ID,ANM,WE,Federal Contract Tower,0,12,4,0,16,0,2,19,0,21,0,14,23,0,37,18,0,18,55
10/25/2011,PIH,ID,ANM,WE,Federal Contract Tower,0,15,7,0,22,0,3,42,0,45,0,18,49,0,67,110,0,110,177
10/26/2011,PIH,ID,ANM,WE,Federal Contract Tower,0,15,6,0,21,0,4,36,4,44,0,19,42,4,65,94,0,94,159
10/27/2011,PIH,ID,ANM,WE,Federal Contract Tower,0,15,8,0,23,0,7,48,0,55,0,22,56,0,78,54,0,54,132
10/28/2011,PIH,ID,ANM,WE,Federal Contract Tower,0,14,6,2,22,0,4,40,0,44,0,18,46,2,66,94,0,94,160
10/29/2011,PIH,ID,ANM,WE,Federal Contract Tower,0,5,1,0,6,0,3,20,0,23,0,8,21,0,29,18,0,18,47
10/30/2011,PIH,ID,ANM,WE,Federal Contract Tower,0,3,1,0,4,0,0,24,0,24,0,3,25,0,28,28,0,28,56
10/31/2011,PIH,ID,ANM,WE,Federal Contract Tower,0,13,3,0,16,0,5,19,2,26,0,18,22,2,42,20,0,20,62
11/01/2011,PIH,ID,ANM,WE,Federal Contract Tower,0,14,6,0,20,0,2,27,2,31,0,16,33,2,51,20,0,20,71
11/02/2011,PIH,ID,ANM,WE,Federal Contract Tower,0,19,6,0,25,0,4,46,0,50,0,23,52,0,75,94,0,94,169
11/03/2011,PIH,ID,ANM,WE,Federal Contract Tower,0,14,10,0,24,0,4,31,0,35,0,18,41,0,59,70,0,70,129
11/04/2011,PIH,ID,ANM,WE,Federal Contract Tower,0,19,0,0,19,0,1,12,2,15,0,20,12,2,34,20,0,20,54
11/05/2011,PIH,ID,ANM,WE,Federal Contract Tower,0,8,2,0,10,0,0,0,0,0,0,8,2,0,10,0,0,0,10
11/06/2011,PIH,ID,ANM,WE,Federal Contract Tower,0,3,0,0,3,0,4,0,0,4,0,7,0,0,7,2,0,2,9
11/07/2011,PIH,ID,ANM,WE,Federal Contract Tower,0,14,4,0,18,0,4,25,0,29,0,18,29,0,47,106,0,106,153
11/08/2011,PIH,ID,ANM,WE,Federal Contract Tower,0,22,7,0,29,0,4,27,0,31,0,26,34,0,60,118,0,118,178
11/09/2011,PIH,ID,ANM,WE,Federal Contract Tower,0,20,5,0,25,0,4,39,4,47,0,24,44,4,72,88,0,88,160
11/10/2011,PIH,ID,ANM,WE,Federal Contract Tower,0,14,10,0,24,0,6,70,2,78,0,20,80,2,102,160,0,160,262
11/11/2011,PIH,ID,ANM,WE,Federal Contract Tower,0,10,4,0,14,0,3,30,0,33,0,13,34,0,47,56,0,56,103
11/12/2011,PIH,ID,ANM,WE,Federal Contract Tower,0,9,0,0,9,0,0,0,0,0,0,9,0,0,9,0,0,0,9
11/13/2011,PIH,ID,ANM,WE,Federal Contract Tower,0,3,1,0,4,0,0,2,0,2,0,3,3,0,6,0,0,0,6
11/14/2011,PIH,ID,ANM,WE,Federal Contract Tower,0,14,6,0,20,0,2,8,2,12,0,16,14,2,32,0,0,0,32
11/15/2011,PIH,ID,ANM,WE,Federal Contract Tower,0,14,3,0,17,0,8,11,0,19,0,22,14,0,36,0,0,0,36
11/16/2011,PIH,ID,ANM,WE,Federal Contract Tower,0,16,3,0,19,0,4,53,0,57,0,20,56,0,76,184,0,184,260
11/17/2011,PIH,ID,ANM,WE,Federal Contract Tower,0,16,8,0,24,0,4,3,0,7,0,20,11,0,31,0,0,0,31
11/18/2011,PIH,ID,ANM,WE,Federal Contract Tower,0,20,5,0,25,0,0,10,0,10,0,20,15,0,35,80,0,80,115
11/19/2011,PIH,ID,ANM,WE,Federal Contract Tower,0,9,0,0,9,0,2,11,0,13,0,11,11,0,22,24,0,24,46
11/20/2011,PIH,ID,ANM,WE,Federal Contract Tower,0,3,0,0,3,0,0,15,0,15,0,3,15,0,18,6,0,6,24
11/21/2011,PIH,ID,ANM,WE,Federal Contract Tower,0,11,6,0,17,0,3,20,0,23,0,14,26,0,40,104,0,104,144
11/22/2011,PIH,ID,ANM,WE,Federal Contract Tower,0,18,6,0,24,0,4,15,0,19,0,22,21,0,43,58,0,58,101
11/23/2011,PIH,ID,ANM,WE,Federal Contract Tower,0,15,5,0,20,0,7,32,0,39,0,22,37,0,59,30,0,30,89
11/24/2011,PIH,ID,ANM,WE,Federal Contract Tower,0,6,0,0,6,0,0,10,0,10,0,6,10,0,16,14,0,14,30
11/25/2011,PIH,ID,ANM,WE,Federal Contract Tower,0,14,0,0,14,0,5,5,0,10,0,19,5,0,24,0,0,0,24
11/26/2011,PIH,ID,ANM,WE,Federal Contract Tower,0,6,1,0,7,0,3,32,0,35,0,9,33,0,42,10,0,10,52
11/27/2011,PIH,ID,ANM,WE,Federal Contract Tower,0,3,4,0,7,0,0,29,0,29,0,3,33,0,36,16,0,16,52
11/28/2011,PIH,ID,ANM,WE,Federal Contract Tower,0,14,7,0,21,0,2,35,0,37,0,16,42,0,58,58,0,58,116
11/29/2011,PIH,ID,ANM,WE,Federal Contract Tower,0,20,8,0,28,0,3,53,0,56,0,23,61,0,84,174,0,174,258
11/30/2011,PIH,ID,ANM,WE,Federal Contract Tower,0,17,1,0,18,0,3,6,0,9,0,20,7,0,27,20,0,20,47
12/01/2011,PIH,ID,ANM,WE,Federal Contract Tower,0,12,5,0,17,0,10,32,4,46,0,22,37,4,63,34,0,34,97
12/02/2011,PIH,ID,ANM,WE,Federal Contract Tower,0,18,10,0,28,0,2,29,0,31,0,20,39,0,59,126,0,126,185
12/03/2011,PIH,ID,ANM,WE,Federal Contract Tower,0,5,3,0,8,0,3,17,0,20,0,8,20,0,28,46,0,46,74
12/04/2011,PIH,ID,ANM,WE,Federal Contract Tower,0,3,1,0,4,0,0,2,0,2,0,3,3,0,6,0,0,0,6
12/05/2011,PIH,ID,ANM,WE,Federal Contract Tower,0,13,2,0,15,0,3,26,4,33,0,16,28,4,48,96,0,96,144
12/06/2011,PIH,ID,ANM,WE,Federal Contract Tower,0,21,9,0,30,0,2,33,0,35,0,23,42,0,65,110,0,110,175
12/07/2011,PIH,ID,ANM,WE,Federal Contract Tower,0,19,8,0,27,0,8,35,0,43,0,27,43,0,70,78,0,78,148
12/08/2011,PIH,ID,ANM,WE,Federal Contract Tower,0,16,4,0,20,0,7,43,0,50,0,23,47,0,70,64,0,64,134
12/09/2011,PIH,ID,ANM,WE,Federal Contract Tower,0,15,7,0,22,0,8,42,0,50,0,23,49,0,72,70,0,70,142
12/10/2011,PIH,ID,ANM,WE,Federal Contract Tower,0,6,0,0,6,0,3,35,0,38,0,9,35,0,44,50,0,50,94
12/11/2011,PIH,ID,ANM,WE,Federal Contract Tower,0,3,1,0,4,0,0,13,0,13,0,3,14,0,17,36,0,36,53
12/12/2011,PIH,ID,ANM,WE,Federal Contract Tower,0,11,4,0,15,0,6,27,2,35,0,17,31,2,50,88,0,88,138
12/13/2011,PIH,ID,ANM,WE,Federal Contract Tower,0,18,8,4,30,0,2,22,2,26,0,20,30,6,56,36,38,74,130
12/14/2011,PIH,ID,ANM,WE,Federal Contract Tower,0,18,4,0,22,0,3,19,0,22,0,21,23,0,44,28,0,28,72
12/15/2011,PIH,ID,ANM,WE,Federal Contract Tower,0,17,4,0,21,0,3,12,0,15,0,20,16,0,36,54,0,54,90
12/16/2011,PIH,ID,ANM,WE,Federal Contract Tower,0,18,8,0,26,0,2,19,0,21,0,20,27,0,47,24,0,24,71
12/17/2011,PIH,ID,ANM,WE,Federal Contract Tower,0,8,1,0,9,0,1,29,1,31,0,9,30,1,40,80,0,80,120
12/18/2011,PIH,ID,ANM,WE,Federal Contract Tower,0,3,1,0,4,0,0,10,0,10,0,3,11,0,14,8,0,8,22
12/19/2011,PIH,ID,ANM,WE,Federal Contract Tower,0,20,9,0,29,0,2,19,0,21,0,22,28,0,50,56,0,56,106
12/20/2011,PIH,ID,ANM,WE,Federal Contract Tower,0,19,6,0,25,0,2,4,0,6,0,21,10,0,31,0,0,0,31
12/21/2011,PIH,ID,ANM,WE,Federal Contract Tower,0,21,3,0,24,0,1,4,0,5,0,22,7,0,29,20,0,20,49
12/22/2011,PIH,ID,ANM,WE,Federal Contract Tower,0,15,1,0,16,0,4,24,0,28,0,19,25,0,44,72,0,72,116
12/23/2011,PIH,ID,ANM,WE,Federal Contract Tower,0,17,4,0,21,0,4,28,0,32,0,21,32,0,53,45,0,45,98
12/24/2011,PIH,ID,ANM,WE,Federal Contract Tower,0,6,2,0,8,0,1,7,0,8,0,7,9,0,16,12,0,12,28
12/25/2011,PIH,ID,ANM,WE,Federal Contract Tower,0,3,0,0,3,0,0,1,0,1,0,3,1,0,4,0,0,0,4
12/26/2011,PIH,ID,ANM,WE,Federal Contract Tower,0,5,3,0,8,0,0,25,0,25,0,5,28,0,33,30,0,30,63
12/27/2011,PIH,ID,ANM,WE,Federal Contract Tower,0,15,1,0,16,0,5,27,0,32,0,20,28,0,48,70,0,70,118
12/28/2011,PIH,ID,ANM,WE,Federal Contract Tower,0,20,4,0,24,0,3,3,0,6,0,23,7,0,30,0,0,0,30
12/29/2011,PIH,ID,ANM,WE,Federal Contract Tower,0,20,1,0,21,0,4,2,0,6,0,24,3,0,27,0,0,0,27
12/30/2011,PIH,ID,ANM,WE,Federal Contract Tower,0,17,1,0,18,0,3,14,0,17,0,20,15,0,35,10,0,10,45
12/31/2011,PIH,ID,ANM,WE,Federal Contract Tower,0,9,4,0,13,0,2,1,0,3,0,11,5,0,16,0,0,0,16
01/01/2012,PIH,ID,ANM,WE,Federal Contract Tower,0,3,1,0,4,0,0,6,0,6,0,3,7,0,10,0,0,0,10
01/02/2012,PIH,ID,ANM,WE,Federal Contract Tower,0,10,2,0,12,0,1,49,0,50,0,11,51,0,62,74,0,74,136
01/03/2012,PIH,ID,ANM,WE,Federal Contract Tower,0,14,5,0,19,0,1,29,0,30,0,15,34,0,49,120,0,120,169
01/04/2012,PIH,ID,ANM,WE,Federal Contract Tower,0,14,2,0,16,0,6,28,0,34,0,20,30,0,50,40,0,40,90
01/05/2012,PIH,ID,ANM,WE,Federal Contract Tower,0,17,3,0,20,0,6,38,0,44,0,23,41,0,64,50,0,50,114
01/06/2012,PIH,ID,ANM,WE,Federal Contract Tower,0,15,4,0,19,0,4,32,0,36,0,19,36,0,55,16,0,16,71
01/07/2012,PIH,ID,ANM,WE,Federal Contract Tower,0,11,6,2,19,0,3,4,0,7,0,14,10,2,26,14,0,14,40
01/08/2012,PIH,ID,ANM,WE,Federal Contract Tower,0,3,0,0,3,0,0,7,0,7,0,3,7,0,10,0,0,0,10
01/09/2012,PIH,ID,ANM,WE,Federal Contract Tower,0,12,9,0,21,0,4,27,0,31,0,16,36,0,52,80,0,80,132
01/10/2012,PIH,ID,ANM,WE,Federal Contract Tower,0,21,2,0,23,0,2,25,0,27,0,23,27,0,50,30,0,30,80
01/11/2012,PIH,ID,ANM,WE,Federal Contract Tower,0,16,6,0,22,0,8,40,1,49,0,24,46,1,71,40,0,40,111
01/12/2012,PIH,ID,ANM,WE,Federal Contract Tower,0,15,1,0,16,0,4,61,2,67,0,19,62,2,83,20,0,20,103
01/13/2012,PIH,ID,ANM,WE,Federal Contract Tower,0,13,2,0,15,0,3,49,0,52,0,16,51,0,67,102,0,102,169
01/14/2012,PIH,ID,ANM,WE,Federal Contract Tower,0,6,6,0,12,0,6,32,0,38,0,12,38,0,50,44,0,44,94
01/15/2012,PIH,ID,ANM,WE,Federal Contract Tower,0,3,2,0,5,0,0,2,0,2,0,3,4,0,7,0,0,0,7
01/16/2012,PIH,ID,ANM,WE,Federal Contract Tower,0,9,4,0,13,0,1,4,0,5,0,10,8,0,18,0,0,0,18
01/17/2012,PIH,ID,ANM,WE,Federal Contract Tower,0,16,6,0,22,0,5,9,0,14,0,21,15,0,36,0,0,0,36
01/18/2012,PIH,ID,ANM,WE,Federal Contract Tower,0,19,3,0,22,0,2,0,0,2,0,21,3,0,24,0,0,0,24
01/19/2012,PIH,ID,ANM,WE,Federal Contract Tower,0,20,10,0,30,0,0,0,0,0,0,20,10,0,30,0,0,0,30
01/20/2012,PIH,ID,ANM,WE,Federal Contract Tower,0,18,4,0,22,0,1,9,0,10,0,19,13,0,32,10,0,10,42
01/21/2012,PIH,ID,ANM,WE,Federal Contract Tower,0,11,5,0,16,0,0,0,0,0,0,11,5,0,16,0,0,0,16
01/22/2012,PIH,ID,ANM,WE,Federal Contract Tower,0,3,5,0,8,0,0,13,0,13,0,3,18,0,21,12,0,12,33
01/23/2012,PIH,ID,ANM,WE,Federal Contract Tower,0,19,4,0,23,0,1,0,0,1,0,20,4,0,24,0,0,0,24
01/24/2012,PIH,ID,ANM,WE,Federal Contract Tower,0,23,5,0,28,0,2,21,0,23,0,25,26,0,51,58,0,58,109
01/25/2012,PIH,ID,ANM,WE,Federal Contract Tower,0,16,2,0,18,0,3,5,0,8,0,19,7,0,26,0,0,0,26
01/26/2012,PIH,ID,ANM,WE,Federal Contract Tower,0,19,8,0,27,0,1,17,0,18,0,20,25,0,45,16,0,16,61
01/27/2012,PIH,ID,ANM,WE,Federal Contract Tower,0,17,2,0,19,0,4,51,0,55,0,21,53,0,74,110,0,110,184
01/28/2012,PIH,ID,ANM,WE,Federal Contract Tower,0,5,3,4,12,0,5,33,0,38,0,10,36,4,50,54,0,54,104
01/29/2012,PIH,ID,ANM,WE,Federal Contract Tower,0,3,1,0,4,0,0,28,0,28,0,3,29,0,32,18,0,18,50
01/30/2012,PIH,ID,ANM,WE,Federal Contract Tower,0,13,10,0,23,0,3,22,0,25,0,16,32,0,48,4,0,4,52
01/31/2012,PIH,ID,ANM,WE,Federal Contract Tower,0,15,4,0,19,0,5,56,0,61,0,20,60,0,80,92,0,92,172
02/01/2012,PIH,ID,ANM,WE,Federal Contract Tower,0,18,6,0,24,0,16,28,0,44,0,34,34,0,68,12,0,12,80
02/02/2012,PIH,ID,ANM,WE,Federal Contract Tower,0,24,6,0,30,0,1,15,2,18,0,25,21,2,48,10,0,10,58
02/03/2012,PIH,ID,ANM,WE,Federal Contract Tower,0,16,5,0,21,0,3,29,0,32,0,19,34,0,53,48,0,48,101
02/04/2012,PIH,ID,ANM,WE,Federal Contract Tower,0,5,2,0,7,0,4,50,0,54,0,9,52,0,61,42,0,42,103
02/05/2012,PIH,ID,ANM,WE,Federal Contract Tower,0,3,4,0,7,0,0,21,0,21,0,3,25,0,28,14,0,14,42
02/06/2012,PIH,ID,ANM,WE,Federal Contract Tower,0,12,5,0,17,0,4,46,0,50,0,16,51,0,67,66,0,66,133
02/07/2012,PIH,ID,ANM,WE,Federal Contract Tower,0,17,3,0,20,0,4,44,2,50,0,21,47,2,70,68,0,68,138
02/08/2012,PIH,ID,ANM,WE,Federal Contract Tower,0,19,1,0,20,0,2,2,0,4,0,21,3,0,24,0,0,0,24
02/09/2012,PIH,ID,ANM,WE,Federal Contract Tower,0,20,8,0,28,0,1,18,0,19,0,21,26,0,47,10,0,10,57
02/10/2012,PIH,ID,ANM,WE,Federal Contract Tower,0,20,4,0,24,0,3,10,0,13,0,23,14,0,37,12,0,12,49
02/11/2012,PIH,ID,ANM,WE,Federal Contract Tower,0,11,1,0,12,0,1,19,0,20,0,12,20,0,32,56,0,56,88
02/12/2012,PIH,ID,ANM,WE,Federal Contract Tower,0,3,5,2,10,0,0,0,0,0,0,3,5,2,10,0,0,0,10
02/13/2012,PIH,ID,ANM,WE,Federal Contract Tower,0,13,5,0,18,0,4,37,2,43,0,17,42,2,61,44,0,44,105
02/14/2012,PIH,ID,ANM,WE,Federal Contract Tower,0,16,0,0,16,0,3,7,0,10,0,19,7,0,26,0,0,0,26
02/15/2012,PIH,ID,ANM,WE,Federal Contract Tower,0,18,1,0,19,0,2,27,0,29,0,20,28,0,48,56,0,56,104
02/16/2012,PIH,ID,ANM,WE,Federal Contract Tower,0,16,4,0,20,0,4,40,0,44,0,20,44,0,64,46,0,46,110
02/17/2012,PIH,ID,ANM,WE,Federal Contract Tower,0,18,5,0,23,0,5,36,0,41,0,23,41,0,64,62,0,62,126
02/18/2012,PIH,ID,ANM,WE,Federal Contract Tower,0,10,2,0,12,0,0,1,0,1,0,10,3,0,13,0,0,0,13
02/19/2012,PIH,ID,ANM,WE,Federal Contract Tower,0,3,2,0,5,0,0,5,0,5,0,3,7,0,10,6,0,6,16
02/20/2012,PIH,ID,ANM,WE,Federal Contract Tower,0,9,7,0,16,0,1,4,0,5,0,10,11,0,21,0,0,0,21
02/21/2012,PIH,ID,ANM,WE,Federal Contract Tower,0,19,6,0,25,0,1,2,0,3,0,20,8,0,28,0,0,0,28
02/22/2012,PIH,ID,ANM,WE,Federal Contract Tower,0,16,2,0,18,0,6,2,0,8,0,22,4,0,26,0,0,0,26
02/23/2012,PIH,ID,ANM,WE,Federal Contract Tower,0,15,8,0,23,0,4,12,0,16,0,19,20,0,39,26,0,26,65
02/24/2012,PIH,ID,ANM,WE,Federal Contract Tower,0,14,4,0,18,0,4,56,0,60,0,18,60,0,78,82,0,82,160
02/25/2012,PIH,ID,ANM,WE,Federal Contract Tower,0,7,1,0,8,0,0,0,0,0,0,7,1,0,8,0,0,0,8
02/26/2012,PIH,ID,ANM,WE,Federal Contract Tower,0,3,4,0,7,0,0,24,0,24,0,3,28,0,31,40,0,40,71
02/27/2012,PIH,ID,ANM,WE,Federal Contract Tower,0,16,5,0,21,0,4,35,0,39,0,20,40,0,60,38,0,38,98
02/28/2012,PIH,ID,ANM,WE,Federal Contract Tower,0,17,1,0,18,0,4,11,0,15,0,21,12,0,33,4,0,4,37
02/29/2012,PIH,ID,ANM,WE,Federal Contract Tower,0,21,2,0,23,0,2,1,0,3,0,23,3,0,26,0,0,0,26
03/01/2012,PIH,ID,ANM,WE,Federal Contract Tower,0,17,0,0,17,0,0,6,0,6,0,17,6,0,23,18,0,18,41
03/02/2012,PIH,ID,ANM,WE,Federal Contract Tower,0,16,2,2,20,0,3,15,0,18,0,19,17,2,38,40,0,40,78
03/03/2012,PIH,ID,ANM,WE,Federal Contract Tower,0,8,2,0,10,0,2,10,0,12,0,10,12,0,22,6,0,6,28
03/04/2012,PIH,ID,ANM,WE,Federal Contract Tower,0,3,3,0,6,0,0,31,0,31,0,3,34,0,37,36,0,36,73
03/05/2012,PIH,ID,ANM,WE,Federal Contract Tower,0,12,2,0,14,0,4,21,2,27,0,16,23,2,41,4,0,4,45
03/06/2012,PIH,ID,ANM,WE,Federal Contract Tower,0,19,3,0,22,0,1,4,0,5,0,20,7,0,27,0,0,0,27
03/07/2012,PIH,ID,ANM,WE,Federal Contract Tower,0,14,4,2,20,0,4,45,0,49,0,18,49,2,69,62,0,62,131
03/08/2012,PIH,ID,ANM,WE,Federal Contract Tower,0,10,9,0,19,0,2,48,0,50,0,12,57,0,69,80,0,80,149
03/09/2012,PIH,ID,ANM,WE,Federal Contract Tower,0,7,8,0,15,0,4,58,0,62,0,11,66,0,77,90,0,90,167
03/10/2012,PIH,ID,ANM,WE,Federal Contract Tower,0,4,4,0,8,0,16,61,0,77,0,20,65,0,85,46,0,46,131
03/11/2012,PIH,ID,ANM,WE,Federal Contract Tower,0,3,4,0,7,0,0,12,0,12,0,3,16,0,19,20,0,20,39
03/12/2012,PIH,ID,ANM,WE,Federal Contract Tower,0,7,2,0,9,0,5,30,0,35,0,12,32,0,44,58,0,58,102
03/13/2012,PIH,ID,ANM,WE,Federal Contract Tower,0,15,2,0,17,0,8,7,2,17,0,23,9,2,34,0,0,0,34
03/14/2012,PIH,ID,ANM,WE,Federal Contract Tower,1,16,1,0,18,0,3,7,0,10,1,19,8,0,28,16,0,16,44
03/15/2012,PIH,ID,ANM,WE,Federal Contract Tower,1,17,0,0,18,0,0,29,0,29,1,17,29,0,47,48,0,48,95
03/16/2012,PIH,ID,ANM,WE,Federal Contract Tower,0,16,8,0,24,0,3,3,0,6,0,19,11,0,30,12,0,12,42
03/17/2012,PIH,ID,ANM,WE,Federal Contract Tower,0,8,7,0,15,0,2,4,0,6,0,10,11,0,21,2,0,2,23
03/18/2012,PIH,ID,ANM,WE,Federal Contract Tower,2,3,2,0,7,0,0,0,0,0,2,3,2,0,7,0,0,0,7
03/19/2012,PIH,ID,ANM,WE,Federal Contract Tower,0,13,5,0,18,0,6,13,2,21,0,19,18,2,39,0,0,0,39
03/20/2012,PIH,ID,ANM,WE,Federal Contract Tower,0,18,5,0,23,0,7,19,0,26,0,25,24,0,49,20,0,20,69
03/21/2012,PIH,ID,ANM,WE,Federal Contract Tower,0,17,1,0,18,0,6,36,0,42,0,23,37,0,60,56,0,56,116
03/22/2012,PIH,ID,ANM,WE,Federal Contract Tower,0,15,6,2,23,0,11,25,2,38,0,26,31,4,61,22,0,22,83
03/23/2012,PIH,ID,ANM,WE,Federal Contract Tower,0,17,2,0,19,0,9,18,0,27,0,26,20,0,46,30,0,30,76
03/24/2012,PIH,ID,ANM,WE,Federal Contract Tower,0,6,9,0,15,0,3,38,0,41,0,9,47,0,56,14,0,14,70
03/25/2012,PIH,ID,ANM,WE,Federal Contract Tower,0,3,2,0,5,0,2,12,0,14,0,5,14,0,19,2,0,2,21
03/26/2012,PIH,ID,ANM,WE,Federal Contract Tower,0,13,3,0,16,0,1,14,2,17,0,14,17,2,33,0,0,0,33
03/27/2012,PIH,ID,ANM,WE,Federal Contract Tower,0,14,5,0,19,0,4,26,0,30,0,18,31,0,49,64,0,64,113
03/28/2012,PIH,ID,ANM,WE,Federal Contract Tower,0,19,2,2,23,0,0,11,2,13,0,19,13,4,36,0,0,0,36
03/29/2012,PIH,ID,ANM,WE,Federal Contract Tower,0,15,7,0,22,0,4,22,0,26,0,19,29,0,48,56,0,56,104
03/30/2012,PIH,ID,ANM,WE,Federal Contract Tower,0,14,6,0,20,0,9,20,0,29,0,23,26,0,49,70,0,70,119
03/31/2012,PIH,ID,ANM,WE,Federal Contract Tower,0,5,0,0,5,0,4,7,0,11,0,9,7,0,16,0,0,0,16
04/01/2012,PIH,ID,ANM,WE,Federal Contract Tower,0,7,3,0,10,0,0,1,0,1,0,7,4,0,11,0,0,0,11
04/02/2012,PIH,ID,ANM,WE,Federal Contract Tower,0,10,5,0,15,0,8,47,0,55,0,18,52,0,70,48,0,48,118
04/03/2012,PIH,ID,ANM,WE,Federal Contract Tower,0,10,8,2,20,0,7,45,3,55,0,17,53,5,75,128,10,138,213
04/04/2012,PIH,ID,ANM,WE,Federal Contract Tower,0,14,3,0,17,0,10,29,0,39,0,24,32,0,56,50,0,50,106
04/05/2012,PIH,ID,ANM,WE,Federal Contract Tower,0,11,2,3,16,0,9,30,1,40,0,20,32,4,56,44,0,44,100
04/06/2012,PIH,ID,ANM,WE,Federal Contract Tower,0,13,4,0,17,0,6,11,0,17,0,19,15,0,34,0,0,0,34
04/07/2012,PIH,ID,ANM,WE,Federal Contract Tower,0,5,3,0,8,0,4,63,0,67,0,9,66,0,75,102,0,102,177
04/08/2012,PIH,ID,ANM,WE,Federal Contract Tower,0,5,3,0,8,0,0,19,0,19,0,5,22,0,27,10,0,10,37
04/09/2012,PIH,ID,ANM,WE,Federal Contract Tower,0,8,5,0,13,0,6,38,2,46,0,14,43,2,59,56,0,56,115
04/10/2012,PIH,ID,ANM,WE,Federal Contract Tower,0,12,4,0,16,0,9,42,0,51,0,21,46,0,67,62,0,62,129
04/11/2012,PIH,ID,ANM,WE,Federal Contract Tower,0,14,4,1,19,0,13,34,1,48,0,27,38,2,67,40,0,40,107
04/12/2012,PIH,ID,ANM,WE,Federal Contract Tower,0,13,0,0,13,0,7,18,0,25,0,20,18,0,38,20,0,20,58
04/13/2012,PIH,ID,ANM,WE,Federal Contract Tower,0,11,2,0,13,0,5,17,0,22,0,16,19,0,35,40,0,40,75
04/14/2012,PIH,ID,ANM,WE,Federal Contract Tower,0,6,3,0,9,0,2,18,0,20,0,8,21,0,29,26,0,26,55
04/15/2012,PIH,ID,ANM,WE,Federal Contract Tower,0,3,2,0,5,0,0,25,0,25,0,3,27,0,30,0,0,0,30
04/16/2012,PIH,ID,ANM,WE,Federal Contract Tower,0,6,5,0,11,0,10,17,0,27,0,16,22,0,38,30,0,30,68
04/17/2012,PIH,ID,ANM,WE,Federal Contract Tower,0,12,2,0,14,0,11,16,0,27,0,23,18,0,41,30,0,30,71
04/18/2012,PIH,ID,ANM,WE,Federal Contract Tower,0,14,1,0,15,0,11,21,0,32,0,25,22,0,47,29,0,29,76
04/19/2012,PIH,ID,ANM,WE,Federal Contract Tower,0,15,5,0,20,0,7,11,0,18,0,22,16,0,38,26,0,26,64
04/20/2012,PIH,ID,ANM,WE,Federal Contract Tower,0,15,1,0,16,0,10,23,0,33,0,25,24,0,49,54,0,54,103
04/21/2012,PIH,ID,ANM,WE,Federal Contract Tower,0,9,2,0,11,0,9,50,0,59,0,18,52,0,70,40,0,40,110
04/22/2012,PIH,ID,ANM,WE,Federal Contract Tower,0,4,4,0,8,0,0,35,0,35,0,4,39,0,43,24,0,24,67
04/23/2012,PIH,ID,ANM,WE,Federal Contract Tower,0,7,11,0,18,0,8,32,0,40,0,15,43,0,58,66,0,66,124
04/24/2012,PIH,ID,ANM,WE,Federal Contract Tower,0,12,5,2,19,0,15,10,0,25,0,27,15,2,44,14,0,14,58
04/25/2012,PIH,ID,ANM,WE,Federal Contract Tower,0,9,7,0,16,0,8,36,0,44,0,17,43,0,60,46,0,46,106
04/26/2012,PIH,ID,ANM,WE,Federal Contract Tower,0,12,3,0,15,0,6,2,0,8,0,18,5,0,23,0,0,0,23
04/27/2012,PIH,ID,ANM,WE,Federal Contract Tower,0,12,5,0,17,0,7,5,0,12,0,19,10,0,29,0,0,0,29
04/28/2012,PIH,ID,ANM,WE,Federal Contract Tower,0,4,2,0,6,0,9,20,0,29,0,13,22,0,35,36,0,36,71
04/29/2012,PIH,ID,ANM,WE,Federal Contract Tower,0,3,0,0,3,0,0,17,0,17,0,3,17,0,20,22,0,22,42
04/30/2012,PIH,ID,ANM,WE,Federal Contract Tower,0,8,8,0,16,0,6,18,0,24,0,14,26,0,40,0,0,0,40
05/01/2012,PIH,ID,ANM,WE,Federal Contract Tower,0,12,1,0,13,0,11,13,0,24,0,23,14,0,37,8,0,8,45
05/02/2012,PIH,ID,ANM,WE,Federal Contract Tower,0,11,9,0,20,0,10,25,2,37,0,21,34,2,57,60,0,60,117
05/03/2012,PIH,ID,ANM,WE,Federal Contract Tower,0,13,4,0,17,0,11,22,4,37,0,24,26,4,54,78,0,78,132
05/04/2012,PIH,ID,ANM,WE,Federal Contract Tower,0,14,2,0,16,0,5,23,0,28,0,19,25,0,44,46,0,46,90
05/05/2012,PIH,ID,ANM,WE,Federal Contract Tower,0,9,2,2,13,0,1,2,0,3,0,10,4,2,16,0,0,0,16
05/06/2012,PIH,ID,ANM,WE,Federal Contract Tower,0,3,0,0,3,0,0,13,0,13,0,3,13,0,16,0,0,0,16
05/07/2012,PIH,ID,ANM,WE,Federal Contract Tower,0,11,3,0,14,0,7,50,2,59,0,18,53,2,73,80,0,80,153
05/08/2012,PIH,ID,ANM,WE,Federal Contract Tower,0,15,4,0,19,0,6,32,0,38,0,21,36,0,57,88,0,88,145
05/09/2012,PIH,ID,ANM,WE,Federal Contract Tower,0,17,12,0,29,0,4,38,0,42,0,21,50,0,71,36,0,36,107
05/10/2012,PIH,ID,ANM,WE,Federal Contract Tower,0,17,11,0,28,0,4,31,2,37,0,21,42,2,65,30,0,30,95
05/11/2012,PIH,ID,ANM,WE,Federal Contract Tower,0,15,2,0,17,0,9,48,0,57,0,24,50,0,74,120,0,120,194
05/12/2012,PIH,ID,ANM,WE,Federal Contract Tower,0,9,0,0,9,0,2,35,0,37,0,11,35,0,46,18,0,18,64
05/13/2012,PIH,ID,ANM,WE,Federal Contract Tower,0,3,4,0,7,0,2,29,0,31,0,5,33,0,38,34,0,34,72
05/14/2012,PIH,ID,ANM,WE,Federal Contract Tower,0,14,9,0,23,0,4,40,0,44,0,18,49,0,67,106,0,106,173
05/15/2012,PIH,ID,ANM,WE,Federal Contract Tower,0,15,10,0,25,0,5,44,0,49,0,20,54,0,74,78,0,78,152
05/16/2012,PIH,ID,ANM,WE,Federal Contract Tower,0,13,3,0,16,0,6,25,2,33,0,19,28,2,49,30,0,30,79
05/17/2012,PIH,ID,ANM,WE,Federal Contract Tower,0,18,3,1,22,0,4,33,2,39,0,22,36,3,61,68,0,68,129
05/18/2012,PIH,ID,ANM,WE,Federal Contract Tower,0,18,3,0,21,0,5,24,0,29,0,23,27,0,50,54,0,54,104
05/19/2012,PIH,ID,ANM,WE,Federal Contract Tower,0,5,3,0,8,0,7,33,0,40,0,12,36,0,48,30,0,30,78
05/20/2012,PIH,ID,ANM,WE,Federal Contract Tower,0,3,1,0,4,0,0,28,0,28,0,3,29,0,32,74,0,74,106
05/21/2012,PIH,ID,ANM,WE,Federal Contract Tower,0,12,8,0,20,0,7,32,2,41,0,19,40,2,61,40,0,40,101
05/22/2012,PIH,ID,ANM,WE,Federal Contract Tower,0,17,0,0,17,0,6,19,0,25,0,23,19,0,42,0,0,0,42
05/23/2012,PIH,ID,ANM,WE,Federal Contract Tower,0,15,3,0,18,0,6,12,0,18,0,21,15,0,36,4,0,4,40
05/24/2012,PIH,ID,ANM,WE,Federal Contract Tower,0,19,3,0,22,0,3,17,3,23,0,22,20,3,45,30,4,34,79
05/25/2012,PIH,ID,ANM,WE,Federal Contract Tower,0,18,3,0,21,0,4,12,0,16,0,22,15,0,37,0,0,0,37
05/26/2012,PIH,ID,ANM,WE,Federal Contract Tower,0,9,3,0,12,0,0,2,0,2,0,9,5,0,14,0,0,0,14
05/27/2012,PIH,ID,ANM,WE,Federal Contract Tower,0,4,1,0,5,0,0,3,0,3,0,4,4,0,8,0,0,0,8
05/28/2012,PIH,ID,ANM,WE,Federal Contract Tower,0,5,7,0,12,0,0,24,0,24,0,5,31,0,36,38,0,38,74
05/29/2012,PIH,ID,ANM,WE,Federal Contract Tower,0,13,1,2,16,0,6,36,2,44,0,19,37,4,60,44,10,54,114
05/30/2012,PIH,ID,ANM,WE,Federal Contract Tower,0,10,7,0,17,0,8,33,2,43,0,18,40,2,60,24,0,24,84
05/31/2012,PIH,ID,ANM,WE,Federal Contract Tower,0,10,6,0,16,0,11,51,0,62,0,21,57,0,78,58,0,58,136
06/01/2012,PIH,ID,ANM,WE,Federal Contract Tower,0,13,4,0,17,0,8,55,0,63,0,21,59,0,80,152,0,152,232
06/02/2012,PIH,ID,ANM,WE,Federal Contract Tower,0,6,4,0,10,0,3,21,0,24,0,9,25,0,34,38,0,38,72
06/03/2012,PIH,ID,ANM,WE,Federal Contract Tower,0,3,6,0,9,0,0,27,0,27,0,3,33,0,36,12,0,12,48
06/04/2012,PIH,ID,ANM,WE,Federal Contract Tower,0,11,6,0,17,0,5,39,0,44,0,16,45,0,61,68,0,68,129
06/05/2012,PIH,ID,ANM,WE,Federal Contract Tower,0,14,5,0,19,0,6,17,2,25,0,20,22,2,44,8,0,8,52
06/06/2012,PIH,ID,ANM,WE,Federal Contract Tower,0,14,6,0,20,0,15,25,0,40,0,29,31,0,60,10,0,10,70
06/07/2012,PIH,ID,ANM,WE,Federal Contract Tower,0,10,5,0,15,0,8,33,0,41,0,18,38,0,56,116,0,116,172
06/08/2012,PIH,ID,ANM,WE,Federal Contract Tower,0,17,0,0,17,0,10,37,0,47,0,27,37,0,64,58,0,58,122
06/09/2012,PIH,ID,ANM,WE,Federal Contract Tower,0,7,2,2,11,0,3,6,0,9,0,10,8,2,20,0,0,0,20
06/10/2012,PIH,ID,ANM,WE,Federal Contract Tower,0,3,4,0,7,0,0,18,0,18,0,3,22,0,25,6,0,6,31
06/11/2012,PIH,ID,ANM,WE,Federal Contract Tower,0,9,5,2,16,0,13,48,2,63,0,22,53,4,79,94,0,94,173
06/12/2012,PIH,ID,ANM,WE,Federal Contract Tower,0,10,6,0,16,0,11,52,0,63,0,21,58,0,79,112,0,112,191
06/13/2012,PIH,ID,ANM,WE,Federal Contract Tower,0,9,2,0,11,0,27,36,0,63,0,36,38,0,74,10,0,10,84
06/14/2012,PIH,ID,ANM,WE,Federal Contract Tower,0,13,7,0,20,0,18,45,0,63,0,31,52,0,83,142,0,142,225
06/15/2012,PIH,ID,ANM,WE,Federal Contract Tower,0,12,5,0,17,0,16,48,0,64,0,28,53,0,81,140,0,140,221
06/16/2012,PIH,ID,ANM,WE,Federal Contract Tower,0,7,3,0,10,0,2,51,0,53,0,9,54,0,63,42,0,42,105
06/17/2012,PIH,ID,ANM,WE,Federal Contract Tower,0,3,2,0,5,0,14,36,0,50,0,17,38,0,55,6,0,6,61
06/18/2012,PIH,ID,ANM,WE,Federal Contract Tower,0,10,6,0,16,0,14,32,2,48,0,24,38,2,64,2,0,2,66
06/19/2012,PIH,ID,ANM,WE,Federal Contract Tower,0,12,6,0,18,0,12,26,0,38,0,24,32,0,56,44,0,44,100
06/20/2012,PIH,ID,ANM,WE,Federal Contract Tower,0,11,6,0,17,0,42,42,0,84,0,53,48,0,101,84,0,84,185
06/21/2012,PIH,ID,ANM,WE,Federal Contract Tower,0,10,4,0,14,0,23,59,0,82,0,33,63,0,96,170,0,170,266
06/22/2012,PIH,ID,ANM,WE,Federal Contract Tower,0,11,1,0,12,0,37,46,4,87,0,48,47,4,99,100,0,100,199
06/23/2012,PIH,ID,ANM,WE,Federal Contract Tower,0,6,1,4,11,0,41,354,0,395,0,47,355,4,406,116,0,116,522
06/24/2012,PIH,ID,ANM,WE,Federal Contract Tower,0,4,3,0,7,0,1,35,0,36,0,5,38,0,43,32,0,32,75
06/25/2012,PIH,ID,ANM,WE,Federal Contract Tower,0,10,3,0,13,0,11,30,2,43,0,21,33,2,56,16,0,16,72
06/26/2012,PIH,ID,ANM,WE,Federal Contract Tower,0,10,1,2,13,0,34,17,0,51,0,44,18,2,64,18,0,18,82
06/27/2012,PIH,ID,ANM,WE,Federal Contract Tower,0,13,3,0,16,0,15,61,0,76,0,28,64,0,92,138,0,138,230
06/28/2012,PIH,ID,ANM,WE,Federal Contract Tower,0,12,4,0,16,0,169,53,0,222,0,181,57,0,238,76,0,76,314
06/29/2012,PIH,ID,ANM,WE,Federal Contract Tower,0,13,5,0,18,0,50,62,0,112,0,63,67,0,130,94,0,94,224
06/30/2012,PIH,ID,ANM,WE,Federal Contract Tower,0,7,3,0,10,0,3,43,0,46,0,10,46,0,56,46,0,46,102
07/01/2012,PIH,ID,ANM,WE,Federal Contract Tower,0,3,1,0,4,0,2,14,0,16,0,5,15,0,20,12,0,12,32
07/02/2012,PIH,ID,ANM,WE,Federal Contract Tower,0,8,3,0,11,0,16,50,0,66,0,24,53,0,77,82,0,82,159
07/03/2012,PIH,ID,ANM,WE,Federal Contract Tower,0,13,3,0,16,0,31,25,0,56,0,44,28,0,72,22,0,22,94
07/04/2012,PIH,ID,ANM,WE,Federal Contract Tower,0,7,3,0,10,0,3,34,0,37,0,10,37,0,47,50,0,50,97
07/05/2012,PIH,ID,ANM,WE,Federal Contract Tower,0,13,5,2,20,0,8,28,0,36,0,21,33,2,56,90,20,110,166
07/06/2012,PIH,ID,ANM,WE,Federal Contract Tower,0,13,1,0,14,0,11,34,0,45,0,24,35,0,59,60,0,60,119
07/07/2012,PIH,ID,ANM,WE,Federal Contract Tower,0,5,4,0,9,0,5,51,0,56,0,10,55,0,65,56,0,56,121
07/08/2012,PIH,ID,ANM,WE,Federal Contract Tower,0,3,5,0,8,0,11,31,0,42,0,14,36,0,50,12,0,12,62
07/09/2012,PIH,ID,ANM,WE,Federal Contract Tower,0,8,12,0,20,0,28,46,0,74,0,36,58,0,94,40,0,40,134
07/10/2012,PIH,ID,ANM,WE,Federal Contract Tower,0,14,7,0,21,0,77,56,0,133,0,91,63,0,154,108,0,108,262
07/11/2012,PIH,ID,ANM,WE,Federal Contract Tower,0,13,2,0,15,0,160,57,0,217,0,173,59,0,232,96,0,96,328
07/12/2012,PIH,ID,ANM,WE,Federal Contract Tower,0,9,6,0,15,0,117,32,0,149,0,126,38,0,164,70,0,70,234
07/13/2012,PIH,ID,ANM,WE,Federal Contract Tower,0,10,2,0,12,0,38,27,0,65,0,48,29,0,77,84,0,84,161
07/14/2012,PIH,ID,ANM,WE,Federal Contract Tower,0,6,2,0,8,0,29,18,0,47,0,35,20,0,55,8,0,8,63
07/15/2012,PIH,ID,ANM,WE,Federal Contract Tower,0,3,4,0,7,0,0,17,0,17,0,3,21,0,24,8,0,8,32
07/16/2012,PIH,ID,ANM,WE,Federal Contract Tower,2,12,4,0,18,0,7,49,2,58,2,19,53,2,76,78,0,78,154
07/17/2012,PIH,ID,ANM,WE,Federal Contract Tower,0,10,4,0,14,0,8,42,2,52,0,18,46,2,66,148,0,148,214
07/18/2012,PIH,ID,ANM,WE,Federal Contract Tower,0,9,17,0,26,0,48,52,2,102,0,57,69,2,128,62,0,62,190
07/19/2012,PIH,ID,ANM,WE,Federal Contract Tower,0,9,12,0,21,0,14,52,1,67,0,23,64,1,88,82,0,82,170
07/20/2012,PIH,ID,ANM,WE,Federal Contract Tower,0,13,5,5,23,0,19,60,1,80,0,32,65,6,103,70,2,72,175
07/21/2012,PIH,ID,ANM,WE,Federal Contract Tower,0,6,7,0,13,0,3,37,0,40,0,9,44,0,53,70,0,70,123
07/22/2012,PIH,ID,ANM,WE,Federal Contract Tower,0,3,4,0,7,0,20,15,0,35,0,23,19,0,42,34,0,34,76
07/23/2012,PIH,ID,ANM,WE,Federal Contract Tower,0,9,3,2,14,0,10,32,0,42,0,19,35,2,56,56,0,56,112
07/24/2012,PIH,ID,ANM,WE,Federal Contract Tower,0,13,5,0,18,0,16,46,0,62,0,29,51,0,80,48,0,48,128
07/25/2012,PIH,ID,ANM,WE,Federal Contract Tower,0,13,8,0,21,0,18,37,0,55,0,31,45,0,76,66,0,66,142
07/26/2012,PIH,ID,ANM,WE,Federal Contract Tower,0,9,3,0,12,0,36,51,0,87,0,45,54,0,99,64,0,64,163
07/27/2012,PIH,ID,ANM,WE,Federal Contract Tower,0,13,8,0,21,0,93,19,14,126,0,106,27,14,147,0,0,0,147
07/28/2012,PIH,ID,ANM,WE,Federal Contract Tower,0,6,4,1,11,0,132,38,25,195,0,138,42,26,206,46,0,46,252
07/29/2012,PIH,ID,ANM,WE,Federal Contract Tower,0,3,8,0,11,0,72,20,15,107,0,75,28,15,118,2,0,2,120
07/30/2012,PIH,ID,ANM,WE,Federal Contract Tower,0,10,1,0,11,0,17,39,2,58,0,27,40,2,69,30,0,30,99
07/31/2012,PIH,ID,ANM,WE,Federal Contract Tower,0,11,3,0,14,0,13,33,0,46,0,24,36,0,60,42,0,42,102
08/01/2012,PIH,ID,ANM,WE,Federal Contract Tower,0,11,5,0,16,0,28,37,6,71,0,39,42,6,87,30,0,30,117
08/02/2012,PIH,ID,ANM,WE,Federal Contract Tower,0,9,4,0,13,2,38,43,0,83,2,47,47,0,96,76,0,76,172
08/03/2012,PIH,ID,ANM,WE,Federal Contract Tower,0,12,5,0,17,0,23,27,0,50,0,35,32,0,67,40,0,40,107
08/04/2012,PIH,ID,ANM,WE,Federal Contract Tower,0,5,7,0,12,0,13,25,0,38,0,18,32,0,50,32,0,32,82
08/05/2012,PIH,ID,ANM,WE,Federal Contract Tower,0,3,1,0,4,0,13,26,0,39,0,16,27,0,43,14,0,14,57
08/06/2012,PIH,ID,ANM,WE,Federal Contract Tower,0,8,5,0,13,0,41,38,0,79,0,49,43,0,92,40,0,40,132
08/07/2012,PIH,ID,ANM,WE,Federal Contract Tower,0,10,4,0,14,0,46,35,0,81,0,56,39,0,95,54,0,54,149
08/08/2012,PIH,ID,ANM,WE,Federal Contract Tower,0,11,6,0,17,0,53,29,9,91,0,64,35,9,108,50,0,50,158
08/09/2012,PIH,ID,ANM,WE,Federal Contract Tower,0,10,1,0,11,0,29,26,14,69,0,39,27,14,80,52,0,52,132
08/10/2012,PIH,ID,ANM,WE,Federal Contract Tower,0,14,0,0,14,0,16,29,0,45,0,30,29,0,59,38,0,38,97
08/11/2012,PIH,ID,ANM,WE,Federal Contract Tower,0,4,3,0,7,0,13,37,0,50,0,17,40,0,57,28,0,28,85
08/12/2012,PIH,ID,ANM,WE,Federal Contract Tower,0,5,2,0,7,0,6,24,0,30,0,11,26,0,37,14,0,14,51
08/13/2012,PIH,ID,ANM,WE,Federal Contract Tower,0,8,6,0,14,0,6,34,0,40,0,14,40,0,54,38,0,38,92
08/14/2012,PIH,ID,ANM,WE,Federal Contract Tower,0,13,7,0,20,0,19,39,0,58,0,32,46,0,78,8,0,8,86
08/15/2012,PIH,ID,ANM,WE,Federal Contract Tower,0,14,4,0,18,0,22,33,0,55,0,36,37,0,73,44,0,44,117
08/16/2012,PIH,ID,ANM,WE,Federal Contract Tower,0,11,4,0,15,0,25,41,0,66,0,36,45,0,81,30,0,30,111
08/17/2012,PIH,ID,ANM,WE,Federal Contract Tower,0,15,5,0,20,0,7,33,0,40,0,22,38,0,60,80,0,80,140
08/18/2012,PIH,ID,ANM,WE,Federal Contract Tower,0,8,2,2,12,0,8,34,2,44,0,16,36,4,56,50,0,50,106
08/19/2012,PIH,ID,ANM,WE,Federal Contract Tower,0,4,3,0,7,0,0,21,5,26,0,4,24,5,33,0,0,0,33
08/20/2012,PIH,ID,ANM,WE,Federal Contract Tower,0,10,9,0,19,0,10,31,0,41,0,20,40,0,60,76,0,76,136
08/21/2012,PIH,ID,ANM,WE,Federal Contract Tower,0,12,5,0,17,0,14,32,0,46,0,26,37,0,63,46,0,46,109
08/22/2012,PIH,ID,ANM,WE,Federal Contract Tower,0,12,6,1,19,0,15,44,2,61,0,27,50,3,80,108,0,108,188
08/23/2012,PIH,ID,ANM,WE,Federal Contract Tower,0,10,4,0,14,0,10,31,0,41,0,20,35,0,55,40,0,40,95
08/24/2012,PIH,ID,ANM,WE,Federal Contract Tower,0,11,3,0,14,0,12,22,0,34,0,23,25,0,48,0,0,0,48
08/25/2012,PIH,ID,ANM,WE,Federal Contract Tower,0,6,4,0,10,0,11,30,10,51,0,17,34,10,61,28,0,28,89
08/26/2012,PIH,ID,ANM,WE,Federal Contract Tower,0,3,1,0,4,0,4,7,0,11,0,7,8,0,15,0,0,0,15
08/27/2012,PIH,ID,ANM,WE,Federal Contract Tower,0,9,1,0,10,0,35,36,0,71,0,44,37,0,81,10,0,10,91
08/28/2012,PIH,ID,ANM,WE,Federal Contract Tower,0,13,6,0,19,0,58,28,10,96,0,71,34,10,115,16,0,16,131
08/29/2012,PIH,ID,ANM,WE,Federal Contract Tower,0,12,5,0,17,0,18,44,22,84,0,30,49,22,101,22,0,22,123
08/30/2012,PIH,ID,ANM,WE,Federal Contract Tower,0,10,5,0,15,0,15,30,0,45,0,25,35,0,60,62,0,62,122
08/31/2012,PIH,ID,ANM,WE,Federal Contract Tower,0,16,1,0,17,0,9,22,0,31,0,25,23,0,48,20,0,20,68
09/01/2012,PIH,ID,ANM,WE,Federal Contract Tower,0,9,3,0,12,0,5,7,0,12,0,14,10,0,24,0,0,0,24
09/02/2012,PIH,ID,ANM,WE,Federal Contract Tower,0,6,2,0,8,0,3,27,0,30,0,9,29,0,38,20,0,20,58
09/03/2012,PIH,ID,ANM,WE,Federal Contract Tower,0,6,4,0,10,0,4,30,0,34,0,10,34,0,44,6,0,6,50
09/04/2012,PIH,ID,ANM,WE,Federal Contract Tower,0,12,8,0,20,0,10,27,0,37,0,22,35,0,57,38,0,38,95
09/05/2012,PIH,ID,ANM,WE,Federal Contract Tower,0,16,9,0,25,0,19,32,0,51,0,35,41,0,76,34,0,34,110
09/06/2012,PIH,ID,ANM,WE,Federal Contract Tower,0,16,7,0,23,0,73,34,0,107,0,89,41,0,130,32,0,32,162
09/07/2012,PIH,ID,ANM,WE,Federal Contract Tower,0,13,9,0,22,0,46,5,1,52,0,59,14,1,74,58,0,58,132
09/08/2012,PIH,ID,ANM,WE,Federal Contract Tower,0,7,7,0,14,9,28,42,1,80,9,35,49,1,94,82,0,82,176
09/09/2012,PIH,ID,ANM,WE,Federal Contract Tower,0,3,5,0,8,17,38,31,0,86,17,41,36,0,94,74,0,74,168
09/10/2012,PIH,ID,ANM,WE,Federal Contract Tower,0,9,5,0,14,22,44,21,0,87,22,53,26,0,101,30,0,30,131
09/11/2012,PIH,ID,ANM,WE,Federal Contract Tower,0,12,6,0,18,10,14,32,0,56,10,26,38,0,74,72,0,72,146
09/12/2012,PIH,ID,ANM,WE,Federal Contract Tower,0,11,9,0,20,21,48,38,0,107,21,59,47,0,127,92,0,92,219
09/13/2012,PIH,ID,ANM,WE,Federal Contract Tower,0,15,5,2,22,8,40,36,2,86,8,55,41,4,108,98,2,100,208
09/14/2012,PIH,ID,ANM,WE,Federal Contract Tower,0,12,3,0,15,13,20,42,0,75,13,32,45,0,90,86,0,86,176
09/15/2012,PIH,ID,ANM,WE,Federal Contract Tower,0,7,2,0,9,2,6,24,0,32,2,13,26,0,41,14,0,14,55
09/16/2012,PIH,ID,ANM,WE,Federal Contract Tower,0,3,4,0,7,4,20,22,0,46,4,23,26,0,53,28,0,28,81
09/17/2012,PIH,ID,ANM,WE,Federal Contract Tower,0,12,7,0,19,10,23,47,0,80,10,35,54,0,99,68,0,68,167
09/18/2012,PIH,ID,ANM,WE,Federal Contract Tower,0,15,9,0,24,1,11,40,0,52,1,26,49,0,76,70,0,70,146
09/19/2012,PIH,ID,ANM,WE,Federal Contract Tower,0,16,8,0,24,0,10,39,0,49,0,26,47,0,73,108,0,108,181
09/20/2012,PIH,ID,ANM,WE,Federal Contract Tower,0,19,11,1,31,0,2,26,1,29,0,21,37,2,60,68,0,68,128
09/21/2012,PIH,ID,ANM,WE,Federal Contract Tower,2,18,5,0,25,0,3,24,0,27,2,21,29,0,52,52,0,52,104
09/22/2012,PIH,ID,ANM,WE,Federal Contract Tower,1,7,3,0,11,0,3,7,0,10,1,10,10,0,21,22,0,22,43
09/23/2012,PIH,ID,ANM,WE,Federal Contract Tower,0,3,9,0,12,0,0,14,0,14,0,3,23,0,26,0,0,0,26
09/24/2012,PIH,ID,ANM,WE,Federal Contract Tower,0,10,6,0,16,0,6,29,0,35,0,16,35,0,51,72,0,72,123
09/25/2012,PIH,ID,ANM,WE,Federal Contract Tower,0,16,7,0,23,0,4,43,2,49,0,20,50,2,72,108,0,108,180
09/26/2012,PIH,ID,ANM,WE,Federal Contract Tower,0,14,6,0,20,0,10,25,0,35,0,24,31,0,55,38,0,38,93
09/27/2012,PIH,ID,ANM,WE,Federal Contract Tower,0,11,0,0,11,0,10,35,0,45,0,21,35,0,56,40,0,40,96
09/28/2012,PIH,ID,ANM,WE,Federal Contract Tower,1,11,7,0,19,0,11,25,0,36,1,22,32,0,55,46,0,46,101
09/29/2012,PIH,ID,ANM,WE,Federal Contract Tower,1,4,2,0,7,0,14,29,0,43,1,18,31,0,50,38,0,38,88
09/30/2012,PIH,ID,ANM,WE,Federal Contract Tower,0,3,5,0,8,0,0,37,0,37,0,3,42,0,45,24,0,24,69
10/01/2012,PIH,ID,ANM,WE,Federal Contract Tower,0,8,3,0,11,0,16,34,0,50,0,24,37,0,61,0,0,0,61
10/02/2012,PIH,ID,ANM,WE,Federal Contract Tower,0,11,12,2,25,0,13,33,2,48,0,24,45,4,73,26,20,46,119
10/03/2012,PIH,ID,ANM,WE,Federal Contract Tower,0,10,8,2,20,0,4,22,0,26,0,14,30,2,46,44,12,56,102
10/04/2012,PIH,ID,ANM,WE,Federal Contract Tower,0,10,2,0,12,0,42,49,0,91,0,52,51,0,103,128,0,128,231
10/05/2012,PIH,ID,ANM,WE,Federal Contract Tower,2,12,6,0,20,0,136,40,0,176,2,148,46,0,196,0,0,0,196
10/06/2012,PIH,ID,ANM,WE,Federal Contract Tower,0,6,1,0,7,0,7,24,0,31,0,13,25,0,38,2,0,2,40
10/07/2012,PIH,ID,ANM,WE,Federal Contract Tower,0,4,5,0,9,0,5,22,0,27,0,9,27,0,36,6,0,6,42
10/08/2012,PIH,ID,ANM,WE,Federal Contract Tower,0,11,3,0,14,0,7,30,2,39,0,18,33,2,53,68,0,68,121
10/09/2012,PIH,ID,ANM,WE,Federal Contract Tower,0,13,5,0,18,0,40,50,0,90,0,53,55,0,108,108,0,108,216
10/10/2012,PIH,ID,ANM,WE,Federal Contract Tower,0,13,8,0,21,0,12,46,2,60,0,25,54,2,81,132,0,132,213
10/11/2012,PIH,ID,ANM,WE,Federal Contract Tower,0,11,7,1,19,0,55,31,4,90,0,66,38,5,109,28,20,48,157
10/12/2012,PIH,ID,ANM,WE,Federal Contract Tower,1,13,4,0,18,0,39,43,0,82,1,52,47,0,100,148,0,148,248
10/13/2012,PIH,ID,ANM,WE,Federal Contract Tower,1,9,3,0,13,0,4,4,0,8,1,13,7,0,21,0,0,0,21
10/14/2012,PIH,ID,ANM,WE,Federal Contract Tower,0,4,3,0,7,0,1,28,0,29,0,5,31,0,36,34,0,34,70
10/15/2012,PIH,ID,ANM,WE,Federal Contract Tower,0,9,5,0,14,0,9,14,0,23,0,18,19,0,37,0,0,0,37
10/16/2012,PIH,ID,ANM,WE,Federal Contract Tower,0,16,5,0,21,0,6,1,0,7,0,22,6,0,28,0,0,0,28
10/17/2012,PIH,ID,ANM,WE,Federal Contract Tower,0,9,7,0,16,0,10,14,0,24,0,19,21,0,40,28,0,28,68
10/18/2012,PIH,ID,ANM,WE,Federal Contract Tower,0,8,7,0,15,0,9,40,0,49,0,17,47,0,64,68,0,68,132
10/19/2012,PIH,ID,ANM,WE,Federal Contract Tower,0,10,5,0,15,0,9,34,0,43,0,19,39,0,58,74,0,74,132
10/20/2012,PIH,ID,ANM,WE,Federal Contract Tower,0,6,1,0,7,0,3,5,0,8,0,9,6,0,15,22,0,22,37
10/21/2012,PIH,ID,ANM,WE,Federal Contract Tower,0,3,5,0,8,0,0,13,0,13,0,3,18,0,21,28,0,28,49
10/22/2012,PIH,ID,ANM,WE,Federal Contract Tower,0,17,11,0,28,0,1,12,0,13,0,18,23,0,41,22,0,22,63
10/23/2012,PIH,ID,ANM,WE,Federal Contract Tower,0,17,5,0,22,0,5,10,0,15,0,22,15,0,37,52,0,52,89
10/24/2012,PIH,ID,ANM,WE,Federal Contract Tower,0,13,2,0,15,0,4,26,0,30,0,17,28,0,45,82,0,82,127
10/25/2012,PIH,ID,ANM,WE,Federal Contract Tower,0,19,11,0,30,0,0,5,0,5,0,19,16,0,35,34,0,34,69
10/26/2012,PIH,ID,ANM,WE,Federal Contract Tower,0,17,6,0,23,0,6,14,0,20,0,23,20,0,43,104,0,104,147
10/27/2012,PIH,ID,ANM,WE,Federal Contract Tower,0,9,3,0,12,0,6,35,0,41,0,15,38,0,53,36,0,36,89
10/28/2012,PIH,ID,ANM,WE,Federal Contract Tower,0,3,2,0,5,0,0,6,0,6,0,3,8,0,11,10,0,10,21
10/29/2012,PIH,ID,ANM,WE,Federal Contract Tower,0,13,12,0,25,0,7,45,0,52,0,20,57,0,77,108,0,108,185
10/30/2012,PIH,ID,ANM,WE,Federal Contract Tower,0,15,6,0,21,0,4,33,0,37,0,19,39,0,58,178,0,178,236
10/31/2012,PIH,ID,ANM,WE,Federal Contract Tower,0,14,4,0,18,0,6,38,0,44,0,20,42,0,62,150,0,150,212
11/01/2012,PIH,ID,ANM,WE,Federal Contract Tower,0,14,7,0,21,0,5,32,0,37,0,19,39,0,58,104,0,104,162
11/02/2012,PIH,ID,ANM,WE,Federal Contract Tower,2,16,4,0,22,0,5,30,0,35,2,21,34,0,57,122,0,122,179
11/03/2012,PIH,ID,ANM,WE,Federal Contract Tower,2,6,2,0,10,0,3,24,0,27,2,9,26,0,37,6,0,6,43
11/04/2012,PIH,ID,ANM,WE,Federal Contract Tower,0,3,2,0,5,0,7,0,0,7,0,10,2,0,12,17,0,17,29
11/05/2012,PIH,ID,ANM,WE,Federal Contract Tower,0,13,8,0,21,0,2,35,0,37,0,15,43,0,58,6,0,6,64
11/06/2012,PIH,ID,ANM,WE,Federal Contract Tower,0,18,0,2,20,0,2,36,0,38,0,20,36,2,58,32,2,34,92
11/07/2012,PIH,ID,ANM,WE,Federal Contract Tower,0,15,7,0,22,0,5,44,0,49,0,20,51,0,71,112,0,112,183
11/08/2012,PIH,ID,ANM,WE,Federal Contract Tower,0,16,2,0,18,0,4,24,0,28,0,20,26,0,46,108,0,108,154
11/09/2012,PIH,ID,ANM,WE,Federal Contract Tower,2,19,0,0,21,0,1,2,0,3,2,20,2,0,24,22,0,22,46
11/10/2012,PIH,ID,ANM,WE,Federal Contract Tower,0,11,2,0,13,0,0,0,0,0,0,11,2,0,13,0,0,0,13
11/11/2012,PIH,ID,ANM,WE,Federal Contract Tower,0,5,2,0,7,0,0,4,0,4,0,5,6,0,11,54,0,54,65
11/12/2012,PIH,ID,ANM,WE,Federal Contract Tower,0,13,9,0,22,0,3,23,0,26,0,16,32,0,48,106,0,106,154
11/13/2012,PIH,ID,ANM,WE,Federal Contract Tower,0,18,5,0,23,0,2,28,0,30,0,20,33,0,53,116,0,116,169
11/14/2012,PIH,ID,ANM,WE,Federal Contract Tower,0,21,2,0,23,0,1,14,0,15,0,22,16,0,38,0,0,0,38
11/15/2012,PIH,ID,ANM,WE,Federal Contract Tower,0,16,11,0,27,0,2,33,2,37,0,18,44,2,64,72,0,72,136
11/16/2012,PIH,ID,ANM,WE,Federal Contract Tower,0,16,10,0,26,0,4,21,0,25,0,20,31,0,51,68,0,68,119
11/17/2012,PIH,ID,ANM,WE,Federal Contract Tower,0,9,2,0,11,0,3,36,0,39,0,12,38,0,50,42,0,42,92
11/18/2012,PIH,ID,ANM,WE,Federal Contract Tower,0,4,1,0,5,0,0,0,0,0,0,4,1,0,5,0,0,0,5
11/19/2012,PIH,ID,ANM,WE,Federal Contract Tower,0,16,4,2,22,0,4,20,0,24,0,20,24,2,46,36,0,36,82
11/20/2012,PIH,ID,ANM,WE,Federal Contract Tower,0,22,2,0,24,0,6,15,0,21,0,28,17,0,45,40,0,40,85
11/21/2012,PIH,ID,ANM,WE,Federal Contract Tower,0,20,4,0,24,0,0,10,0,10,0,20,14,0,34,0,0,0,34
11/22/2012,PIH,ID,ANM,WE,Federal Contract Tower,0,3,0,0,3,0,0,14,0,14,0,3,14,0,17,28,0,28,45
11/23/2012,PIH,ID,ANM,WE,Federal Contract Tower,0,15,4,0,19,0,4,26,0,30,0,19,30,0,49,96,0,96,145
11/24/2012,PIH,ID,ANM,WE,Federal Contract Tower,0,6,5,0,11,0,2,17,0,19,0,8,22,0,30,8,0,8,38
11/25/2012,PIH,ID,ANM,WE,Federal Contract Tower,0,3,4,0,7,0,0,0,0,0,0,3,4,0,7,0,0,0,7
11/26/2012,PIH,ID,ANM,WE,Federal Contract Tower,0,16,7,2,25,0,3,38,0,41,0,19,45,2,66,110,0,110,176
11/27/2012,PIH,ID,ANM,WE,Federal Contract Tower,0,19,8,0,27,0,2,56,0,58,0,21,64,0,85,98,0,98,183
11/28/2012,PIH,ID,ANM,WE,Federal Contract Tower,0,16,5,0,21,0,4,43,0,47,0,20,48,0,68,100,0,100,168
11/29/2012,PIH,ID,ANM,WE,Federal Contract Tower,0,12,7,0,19,0,6,37,0,43,0,18,44,0,62,84,0,84,146
11/30/2012,PIH,ID,ANM,WE,Federal Contract Tower,0,24,5,2,31,0,0,8,0,8,0,24,13,2,39,24,0,24,63
12/01/2012,PIH,ID,ANM,WE,Federal Contract Tower,0,5,2,0,7,0,4,2,0,6,0,9,4,0,13,0,0,0,13
12/02/2012,PIH,ID,ANM,WE,Federal Contract Tower,0,3,1,0,4,0,0,0,0,0,0,3,1,0,4,0,0,0,4
12/03/2012,PIH,ID,ANM,WE,Federal Contract Tower,0,14,8,0,22,0,4,21,2,27,0,18,29,2,49,44,0,44,93
12/04/2012,PIH,ID,ANM,WE,Federal Contract Tower,0,22,3,0,25,0,0,10,2,12,0,22,13,2,37,10,0,10,47
12/05/2012,PIH,ID,ANM,WE,Federal Contract Tower,0,21,9,2,32,0,4,9,0,13,0,25,18,2,45,14,0,14,59
12/06/2012,PIH,ID,ANM,WE,Federal Contract Tower,0,21,0,0,21,0,1,12,0,13,0,22,12,0,34,44,0,44,78
12/07/2012,PIH,ID,ANM,WE,Federal Contract Tower,0,16,7,0,23,0,4,9,0,13,0,20,16,0,36,28,0,28,64
12/08/2012,PIH,ID,ANM,WE,Federal Contract Tower,0,9,4,0,13,0,4,4,0,8,0,13,8,0,21,2,0,2,23
12/09/2012,PIH,ID,ANM,WE,Federal Contract Tower,0,3,2,0,5,0,0,26,0,26,0,3,28,0,31,30,0,30,61
12/10/2012,PIH,ID,ANM,WE,Federal Contract Tower,0,14,4,0,18,0,1,2,0,3,0,15,6,0,21,14,0,14,35
12/11/2012,PIH,ID,ANM,WE,Federal Contract Tower,0,18,1,0,19,0,0,12,0,12,0,18,13,0,31,14,0,14,45
12/12/2012,PIH,ID,ANM,WE,Federal Contract Tower,0,15,3,0,18,0,5,11,0,16,0,20,14,0,34,30,0,30,64
12/13/2012,PIH,ID,ANM,WE,Federal Contract Tower,0,16,8,0,24,0,6,24,0,30,0,22,32,0,54,48,0,48,102
12/14/2012,PIH,ID,ANM,WE,Federal Contract Tower,0,15,8,0,23,0,0,8,0,8,0,15,16,0,31,14,0,14,45
12/15/2012,PIH,ID,ANM,WE,Federal Contract Tower,0,7,4,0,11,0,0,8,2,10,0,7,12,2,21,14,0,14,35
12/16/2012,PIH,ID,ANM,WE,Federal Contract Tower,0,3,0,0,3,0,0,0,0,0,0,3,0,0,3,0,0,0,3
12/17/2012,PIH,ID,ANM,WE,Federal Contract Tower,0,16,4,0,20,0,0,9,0,9,0,16,13,0,29,0,0,0,29
12/18/2012,PIH,ID,ANM,WE,Federal Contract Tower,0,16,3,0,19,0,3,32,0,35,0,19,35,0,54,54,0,54,108
12/19/2012,PIH,ID,ANM,WE,Federal Contract Tower,0,18,6,0,24,0,6,18,0,24,0,24,24,0,48,2,0,2,50
12/20/2012,PIH,ID,ANM,WE,Federal Contract Tower,0,17,1,0,18,0,6,26,2,34,0,23,27,2,52,6,0,6,58
12/21/2012,PIH,ID,ANM,WE,Federal Contract Tower,0,17,5,0,22,0,2,24,0,26,0,19,29,0,48,12,0,12,60
12/22/2012,PIH,ID,ANM,WE,Federal Contract Tower,0,7,3,0,10,0,2,26,0,28,0,9,29,0,38,0,0,0,38
12/23/2012,PIH,ID,ANM,WE,Federal Contract Tower,0,6,2,0,8,0,0,7,0,7,0,6,9,0,15,6,0,6,21
12/24/2012,PIH,ID,ANM,WE,Federal Contract Tower,0,13,3,0,16,0,0,1,0,1,0,13,4,0,17,0,0,0,17
12/25/2012,PIH,ID,ANM,WE,Federal Contract Tower,0,4,0,0,4,0,0,4,0,4,0,4,4,0,8,0,0,0,8
12/26/2012,PIH,ID,ANM,WE,Federal Contract Tower,0,11,4,0,15,0,0,0,0,0,0,11,4,0,15,0,0,0,15
12/27/2012,PIH,ID,ANM,WE,Federal Contract Tower,0,22,0,0,22,0,0,0,0,0,0,22,0,0,22,0,0,0,22
12/28/2012,PIH,ID,ANM,WE,Federal Contract Tower,0,21,0,0,21,0,3,6,0,9,0,24,6,0,30,16,0,16,46
12/29/2012,PIH,ID,ANM,WE,Federal Contract Tower,0,5,2,0,7,0,4,13,0,17,0,9,15,0,24,10,0,10,34
12/30/2012,PIH,ID,ANM,WE,Federal Contract Tower,0,6,2,2,10,0,0,0,0,0,0,6,2,2,10,0,0,0,10
12/31/2012,PIH,ID,ANM,WE,Federal Contract Tower,0,11,3,0,14,0,0,2,0,2,0,11,5,0,16,0,0,0,16
01/01/2013,PIH,ID,ANM,WE,Federal Contract Tower,0,4,0,0,4,0,0,19,0,19,0,4,19,0,23,38,0,38,61
01/02/2013,PIH,ID,ANM,WE,Federal Contract Tower,0,15,2,0,17,0,1,4,0,5,0,16,6,0,22,0,0,0,22
01/03/2013,PIH,ID,ANM,WE,Federal Contract Tower,0,18,4,0,22,0,2,16,0,18,0,20,20,0,40,46,0,46,86
01/04/2013,PIH,ID,ANM,WE,Federal Contract Tower,0,19,13,0,32,0,3,28,0,31,0,22,41,0,63,56,0,56,119
01/05/2013,PIH,ID,ANM,WE,Federal Contract Tower,0,6,4,0,10,0,2,18,0,20,0,8,22,0,30,28,0,28,58
01/06/2013,PIH,ID,ANM,WE,Federal Contract Tower,0,3,1,0,4,0,0,3,0,3,0,3,4,0,7,0,0,0,7
01/07/2013,PIH,ID,ANM,WE,Federal Contract Tower,0,16,4,0,20,0,0,10,0,10,0,16,14,0,30,2,0,2,32
01/08/2013,PIH,ID,ANM,WE,Federal Contract Tower,0,19,0,0,19,0,0,3,0,3,0,19,3,0,22,16,0,16,38
01/09/2013,PIH,ID,ANM,WE,Federal Contract Tower,0,16,4,0,20,0,3,18,0,21,0,19,22,0,41,2,0,2,43
01/10/2013,PIH,ID,ANM,WE,Federal Contract Tower,0,21,3,0,24,0,1,2,0,3,0,22,5,0,27,0,0,0,27
01/11/2013,PIH,ID,ANM,WE,Federal Contract Tower,0,22,1,0,23,0,1,2,0,3,0,23,3,0,26,14,0,14,40
01/12/2013,PIH,ID,ANM,WE,Federal Contract Tower,0,6,2,0,8,0,2,14,2,18,0,8,16,2,26,38,0,38,64
01/13/2013,PIH,ID,ANM,WE,Federal Contract Tower,0,3,6,0,9,0,0,1,0,1,0,3,7,0,10,0,0,0,10
01/14/2013,PIH,ID,ANM,WE,Federal Contract Tower,0,17,6,0,23,0,0,8,0,8,0,17,14,0,31,32,0,32,63
01/15/2013,PIH,ID,ANM,WE,Federal Contract Tower,0,19,4,0,23,0,0,4,0,4,0,19,8,0,27,0,0,0,27
01/16/2013,PIH,ID,ANM,WE,Federal Contract Tower,0,17,1,0,18,0,2,24,2,28,0,19,25,2,46,88,0,88,134
01/17/2013,PIH,ID,ANM,WE,Federal Contract Tower,0,16,1,0,17,0,2,17,0,19,0,18,18,0,36,66,0,66,102
01/18/2013,PIH,ID,ANM,WE,Federal Contract Tower,0,18,2,0,20,0,1,17,2,20,0,19,19,2,40,66,0,66,106
01/19/2013,PIH,ID,ANM,WE,Federal Contract Tower,0,5,3,0,8,0,3,6,0,9,0,8,9,0,17,22,0,22,39
01/20/2013,PIH,ID,ANM,WE,Federal Contract Tower,0,4,3,0,7,0,1,9,0,10,0,5,12,0,17,10,0,10,27
01/21/2013,PIH,ID,ANM,WE,Federal Contract Tower,0,7,2,0,9,0,1,21,0,22,0,8,23,0,31,6,0,6,37
01/22/2013,PIH,ID,ANM,WE,Federal Contract Tower,0,13,9,0,22,0,3,33,0,36,0,16,42,0,58,106,0,106,164
01/23/2013,PIH,ID,ANM,WE,Federal Contract Tower,0,14,7,0,21,0,1,32,2,35,0,15,39,2,56,64,2,66,122
01/24/2013,PIH,ID,ANM,WE,Federal Contract Tower,2,16,5,0,23,0,0,9,0,9,2,16,14,0,32,0,0,0,32
01/25/2013,PIH,ID,ANM,WE,Federal Contract Tower,0,19,7,0,26,0,3,28,0,31,0,22,35,0,57,98,0,98,155
01/26/2013,PIH,ID,ANM,WE,Federal Contract Tower,8,12,7,0,27,0,1,16,0,17,8,13,23,0,44,80,0,80,124
01/27/2013,PIH,ID,ANM,WE,Federal Contract Tower,4,3,2,0,9,0,0,2,0,2,4,3,4,0,11,0,0,0,11
01/28/2013,PIH,ID,ANM,WE,Federal Contract Tower,0,15,7,0,22,0,1,2,0,3,0,16,9,0,25,0,0,0,25
01/29/2013,PIH,ID,ANM,WE,Federal Contract Tower,0,16,4,0,20,0,1,20,0,21,0,17,24,0,41,46,0,46,87
01/30/2013,PIH,ID,ANM,WE,Federal Contract Tower,0,18,1,2,21,0,1,0,0,1,0,19,1,2,22,0,0,0,22
01/31/2013,PIH,ID,ANM,WE,Federal Contract Tower,0,17,4,0,21,0,2,6,0,8,0,19,10,0,29,0,0,0,29
02/01/2013,PIH,ID,ANM,WE,Federal Contract Tower,0,18,3,0,21,0,7,14,0,21,0,25,17,0,42,48,0,48,90
02/02/2013,PIH,ID,ANM,WE,Federal Contract Tower,0,9,1,0,10,0,10,28,0,38,0,19,29,0,48,48,0,48,96
02/03/2013,PIH,ID,ANM,WE,Federal Contract Tower,0,1,3,0,4,0,0,0,0,0,0,1,3,0,4,0,0,0,4
02/04/2013,PIH,ID,ANM,WE,Federal Contract Tower,0,18,1,1,20,0,6,24,6,36,0,24,25,7,56,54,0,54,110
02/05/2013,PIH,ID,ANM,WE,Federal Contract Tower,0,21,5,0,26,0,3,36,0,39,0,24,41,0,65,30,0,30,95
02/06/2013,PIH,ID,ANM,WE,Federal Contract Tower,0,23,6,0,29,0,2,19,0,21,0,25,25,0,50,52,0,52,102
02/07/2013,PIH,ID,ANM,WE,Federal Contract Tower,0,19,7,0,26,0,5,30,0,35,0,24,37,0,61,14,0,14,75
02/08/2013,PIH,ID,ANM,WE,Federal Contract Tower,0,23,1,0,24,0,1,11,0,12,0,24,12,0,36,30,0,30,66
02/09/2013,PIH,ID,ANM,WE,Federal Contract Tower,0,8,6,0,14,0,0,0,0,0,0,8,6,0,14,0,0,0,14
02/10/2013,PIH,ID,ANM,WE,Federal Contract Tower,0,4,2,1,7,0,0,0,0,0,0,4,2,1,7,0,0,0,7
02/11/2013,PIH,ID,ANM,WE,Federal Contract Tower,0,14,4,0,18,0,5,35,2,42,0,19,39,2,60,18,0,18,78
02/12/2013,PIH,ID,ANM,WE,Federal Contract Tower,0,16,0,0,16,0,2,23,0,25,0,18,23,0,41,56,0,56,97
02/13/2013,PIH,ID,ANM,WE,Federal Contract Tower,0,15,4,0,19,0,4,24,2,30,0,19,28,2,49,38,0,38,87
02/14/2013,PIH,ID,ANM,WE,Federal Contract Tower,0,19,0,0,19,0,9,24,2,35,0,28,24,2,54,54,0,54,108
02/15/2013,PIH,ID,ANM,WE,Federal Contract Tower,0,18,6,0,24,0,6,33,0,39,0,24,39,0,63,38,0,38,101
02/16/2013,PIH,ID,ANM,WE,Federal Contract Tower,0,10,7,0,17,0,4,31,0,35,0,14,38,0,52,18,0,18,70
02/17/2013,PIH,ID,ANM,WE,Federal Contract Tower,0,3,2,0,5,0,0,3,0,3,0,3,5,0,8,0,0,0,8
02/18/2013,PIH,ID,ANM,WE,Federal Contract Tower,0,11,9,0,20,0,4,27,0,31,0,15,36,0,51,30,0,30,81
02/19/2013,PIH,ID,ANM,WE,Federal Contract Tower,0,18,5,0,23,0,5,28,0,33,0,23,33,0,56,38,0,38,94
02/20/2013,PIH,ID,ANM,WE,Federal Contract Tower,0,23,2,0,25,0,1,3,0,4,0,24,5,0,29,8,0,8,37
02/21/2013,PIH,ID,ANM,WE,Federal Contract Tower,0,16,8,0,24,0,2,27,0,29,0,18,35,0,53,74,0,74,127
02/22/2013,PIH,ID,ANM,WE,Federal Contract Tower,0,19,1,0,20,0,3,15,0,18,0,22,16,0,38,70,0,70,108
02/23/2013,PIH,ID,ANM,WE,Federal Contract Tower,0,7,0,0,7,0,0,1,0,1,0,7,1,0,8,0,0,0,8
02/24/2013,PIH,ID,ANM,WE,Federal Contract Tower,0,3,5,0,8,0,2,25,0,27,0,5,30,0,35,0,0,0,35
02/25/2013,PIH,ID,ANM,WE,Federal Contract Tower,0,15,6,0,21,0,3,16,0,19,0,18,22,0,40,16,0,16,56
02/26/2013,PIH,ID,ANM,WE,Federal Contract Tower,0,20,11,0,31,0,3,39,2,44,0,23,50,2,75,102,0,102,177
02/27/2013,PIH,ID,ANM,WE,Federal Contract Tower,0,16,4,0,20,0,5,40,0,45,0,21,44,0,65,124,0,124,189
02/28/2013,PIH,ID,ANM,WE,Federal Contract Tower,0,18,3,0,21,0,3,36,0,39,0,21,39,0,60,34,0,34,94
03/01/2013,PIH,ID,ANM,WE,Federal Contract Tower,0,20,3,0,23,0,2,18,0,20,0,22,21,0,43,0,0,0,43
03/02/2013,PIH,ID,ANM,WE,Federal Contract Tower,0,5,3,0,8,0,4,29,0,33,0,9,32,0,41,38,0,38,79
03/03/2013,PIH,ID,ANM,WE,Federal Contract Tower,0,3,1,0,4,0,0,0,0,0,0,3,1,0,4,0,0,0,4
03/04/2013,PIH,ID,ANM,WE,Federal Contract Tower,0,11,3,0,14,0,3,64,2,69,0,14,67,2,83,98,0,98,181
03/05/2013,PIH,ID,ANM,WE,Federal Contract Tower,0,17,3,0,20,0,15,52,0,67,0,32,55,0,87,40,0,40,127
03/06/2013,PIH,ID,ANM,WE,Federal Contract Tower,0,20,5,0,25,0,1,33,0,34,0,21,38,0,59,32,0,32,91
03/07/2013,PIH,ID,ANM,WE,Federal Contract Tower,0,18,5,2,25,0,4,34,2,40,0,22,39,4,65,82,22,104,169
03/08/2013,PIH,ID,ANM,WE,Federal Contract Tower,0,17,0,0,17,0,2,10,0,12,0,19,10,0,29,24,0,24,53
03/09/2013,PIH,ID,ANM,WE,Federal Contract Tower,0,5,4,0,9,0,3,18,0,21,0,8,22,0,30,16,0,16,46
03/10/2013,PIH,ID,ANM,WE,Federal Contract Tower,0,2,3,0,5,0,0,27,0,27,0,2,30,0,32,22,0,22,54
03/11/2013,PIH,ID,ANM,WE,Federal Contract Tower,0,13,4,0,17,0,6,31,0,37,0,19,35,0,54,120,0,120,174
03/12/2013,PIH,ID,ANM,WE,Federal Contract Tower,0,13,4,0,17,0,5,40,2,47,0,18,44,2,64,126,0,126,190
03/13/2013,PIH,ID,ANM,WE,Federal Contract Tower,0,16,4,0,20,0,4,52,2,58,0,20,56,2,78,78,0,78,156
03/14/2013,PIH,ID,ANM,WE,Federal Contract Tower,0,18,4,0,22,0,3,46,0,49,0,21,50,0,71,54,0,54,125
03/15/2013,PIH,ID,ANM,WE,Federal Contract Tower,0,15,7,0,22,0,6,31,1,38,0,21,38,1,60,40,0,40,100
03/16/2013,PIH,ID,ANM,WE,Federal Contract Tower,0,5,4,0,9,0,4,37,0,41,0,9,41,0,50,20,0,20,70
03/17/2013,PIH,ID,ANM,WE,Federal Contract Tower,0,3,0,0,3,0,0,2,0,2,0,3,2,0,5,0,0,0,5
03/18/2013,PIH,ID,ANM,WE,Federal Contract Tower,0,8,5,0,13,0,6,20,0,26,0,14,25,0,39,4,0,4,43
03/19/2013,PIH,ID,ANM,WE,Federal Contract Tower,0,18,1,0,19,0,5,47,0,52,0,23,48,0,71,34,0,34,105
03/20/2013,PIH,ID,ANM,WE,Federal Contract Tower,0,18,3,0,21,0,3,7,4,14,0,21,10,4,35,26,0,26,61
03/21/2013,PIH,ID,ANM,WE,Federal Contract Tower,0,17,5,0,22,0,2,6,0,8,0,19,11,0,30,0,0,0,30
03/22/2013,PIH,ID,ANM,WE,Federal Contract Tower,0,19,11,0,30,0,0,0,0,0,0,19,11,0,30,0,0,0,30
03/23/2013,PIH,ID,ANM,WE,Federal Contract Tower,1,7,0,0,8,0,1,10,0,11,1,8,10,0,19,8,0,8,27
03/24/2013,PIH,ID,ANM,WE,Federal Contract Tower,0,1,7,0,8,0,0,18,0,18,0,1,25,0,26,0,0,0,26
03/25/2013,PIH,ID,ANM,WE,Federal Contract Tower,0,12,5,0,17,0,5,54,0,59,0,17,59,0,76,48,0,48,124
03/26/2013,PIH,ID,ANM,WE,Federal Contract Tower,0,13,3,0,16,0,3,42,0,45,0,16,45,0,61,98,0,98,159
03/27/2013,PIH,ID,ANM,WE,Federal Contract Tower,0,14,4,2,20,0,5,46,0,51,0,19,50,2,71,54,0,54,125
03/28/2013,PIH,ID,ANM,WE,Federal Contract Tower,0,17,2,0,19,0,6,47,3,56,0,23,49,3,75,46,0,46,121
03/29/2013,PIH,ID,ANM,WE,Federal Contract Tower,0,15,3,0,18,0,14,59,3,76,0,29,62,3,94,64,6,70,164
03/30/2013,PIH,ID,ANM,WE,Federal Contract Tower,0,5,1,0,6,0,5,34,0,39,0,10,35,0,45,32,0,32,77
03/31/2013,PIH,ID,ANM,WE,Federal Contract Tower,0,3,5,0,8,0,0,18,0,18,0,3,23,0,26,12,0,12,38
04/01/2013,PIH,ID,ANM,WE,Federal Contract Tower,0,14,9,0,23,0,2,18,0,20,0,16,27,0,43,6,0,6,49
04/02/2013,PIH,ID,ANM,WE,Federal Contract Tower,0,15,4,1,20,0,5,42,1,48,0,20,46,2,68,68,0,68,136
04/03/2013,PIH,ID,ANM,WE,Federal Contract Tower,0,16,7,0,23,0,5,24,0,29,0,21,31,0,52,82,0,82,134
04/04/2013,PIH,ID,ANM,WE,Federal Contract Tower,0,14,5,0,19,0,2,26,0,28,0,16,31,0,47,32,0,32,79
04/05/2013,PIH,ID,ANM,WE,Federal Contract Tower,0,17,4,0,21,0,2,13,0,15,0,19,17,0,36,24,0,24,60
04/06/2013,PIH,ID,ANM,WE,Federal Contract Tower,0,5,1,0,6,0,3,12,0,15,0,8,13,0,21,38,0,38,59
04/07/2013,PIH,ID,ANM,WE,Federal Contract Tower,0,3,0,0,3,0,0,0,0,0,0,3,0,0,3,0,0,0,3
04/08/2013,PIH,ID,ANM,WE,Federal Contract Tower,0,15,5,0,20,0,1,0,0,1,0,16,5,0,21,0,0,0,21
04/09/2013,PIH,ID,ANM,WE,Federal Contract Tower,0,15,5,2,22,0,3,11,2,16,0,18,16,4,38,94,0,94,132
04/10/2013,PIH,ID,ANM,WE,Federal Contract Tower,0,15,1,0,16,0,4,41,0,45,0,19,42,0,61,46,0,46,107
04/11/2013,PIH,ID,ANM,WE,Federal Contract Tower,0,13,3,0,16,0,3,28,1,32,0,16,31,1,48,14,0,14,62
04/12/2013,PIH,ID,ANM,WE,Federal Contract Tower,0,12,2,0,14,0,5,37,0,42,0,17,39,0,56,36,0,36,92
04/13/2013,PIH,ID,ANM,WE,Federal Contract Tower,0,10,0,0,10,0,0,0,0,0,0,10,0,0,10,0,0,0,10
04/14/2013,PIH,ID,ANM,WE,Federal Contract Tower,0,5,5,0,10,0,0,8,0,8,0,5,13,0,18,0,0,0,18
04/15/2013,PIH,ID,ANM,WE,Federal Contract Tower,0,15,6,0,21,0,2,14,0,16,0,17,20,0,37,36,0,36,73
04/16/2013,PIH,ID,ANM,WE,Federal Contract Tower,0,22,8,0,30,0,3,3,0,6,0,25,11,0,36,0,0,0,36
04/17/2013,PIH,ID,ANM,WE,Federal Contract Tower,0,19,4,0,23,0,8,30,0,38,0,27,34,0,61,14,0,14,75
04/18/2013,PIH,ID,ANM,WE,Federal Contract Tower,0,13,5,0,18,0,4,63,0,67,0,17,68,0,85,64,0,64,149
04/19/2013,PIH,ID,ANM,WE,Federal Contract Tower,0,20,1,0,21,0,1,12,0,13,0,21,13,0,34,6,0,6,40
04/20/2013,PIH,ID,ANM,WE,Federal Contract Tower,0,10,1,0,11,0,1,2,0,3,0,11,3,0,14,0,0,0,14
04/21/2013,PIH,ID,ANM,WE,Federal Contract Tower,0,3,6,0,9,0,1,8,0,9,0,4,14,0,18,0,0,0,18
04/22/2013,PIH,ID,ANM,WE,Federal Contract Tower,0,16,4,0,20,0,4,6,0,10,0,20,10,0,30,10,0,10,40
04/23/2013,PIH,ID,ANM,WE,Federal Contract Tower,0,14,9,0,23,0,6,48,0,54,0,20,57,0,77,66,0,66,143
04/24/2013,PIH,ID,ANM,WE,Federal Contract Tower,0,15,4,0,19,0,5,63,0,68,0,20,67,0,87,54,0,54,141
04/25/2013,PIH,ID,ANM,WE,Federal Contract Tower,0,14,2,1,17,0,4,18,6,28,0,18,20,7,45,4,30,34,79
04/26/2013,PIH,ID,ANM,WE,Federal Contract Tower,0,13,3,0,16,0,6,42,0,48,0,19,45,0,64,0,0,0,64
04/27/2013,PIH,ID,ANM,WE,Federal Contract Tower,0,8,2,0,10,0,2,26,0,28,0,10,28,0,38,16,0,16,54
04/28/2013,PIH,ID,ANM,WE,Federal Contract Tower,0,3,2,0,5,0,0,3,0,3,0,3,5,0,8,0,0,0,8
04/29/2013,PIH,ID,ANM,WE,Federal Contract Tower,0,15,1,0,16,0,3,10,0,13,0,18,11,0,29,0,0,0,29
04/30/2013,PIH,ID,ANM,WE,Federal Contract Tower,0,17,3,0,20,0,6,11,0,17,0,23,14,0,37,0,0,0,37
05/01/2013,PIH,ID,ANM,WE,Federal Contract Tower,0,16,6,0,22,0,5,41,0,46,0,21,47,0,68,97,0,97,165
05/02/2013,PIH,ID,ANM,WE,Federal Contract Tower,0,16,9,0,25,0,7,64,0,71,0,23,73,0,96,54,0,54,150
05/03/2013,PIH,ID,ANM,WE,Federal Contract Tower,0,15,5,0,20,0,9,35,0,44,0,24,40,0,64,42,0,42,106
05/04/2013,PIH,ID,ANM,WE,Federal Contract Tower,0,5,2,0,7,0,4,13,0,17,0,9,15,0,24,10,0,10,34
05/05/2013,PIH,ID,ANM,WE,Federal Contract Tower,0,3,1,0,4,0,0,19,0,19,0,3,20,0,23,20,0,20,43
05/06/2013,PIH,ID,ANM,WE,Federal Contract Tower,0,14,0,0,14,0,5,37,0,42,0,19,37,0,56,38,0,38,94
05/07/2013,PIH,ID,ANM,WE,Federal Contract Tower,0,16,7,0,23,0,4,27,0,31,0,20,34,0,54,48,0,48,102
05/08/2013,PIH,ID,ANM,WE,Federal Contract Tower,0,16,8,0,24,0,8,45,0,53,0,24,53,0,77,84,0,84,161
05/09/2013,PIH,ID,ANM,WE,Federal Contract Tower,0,16,3,0,19,0,6,42,0,48,0,22,45,0,67,42,0,42,109
05/10/2013,PIH,ID,ANM,WE,Federal Contract Tower,0,15,2,0,17,0,13,38,0,51,0,28,40,0,68,94,0,94,162
05/11/2013,PIH,ID,ANM,WE,Federal Contract Tower,0,7,1,0,8,0,6,43,0,49,0,13,44,0,57,44,0,44,101
05/12/2013,PIH,ID,ANM,WE,Federal Contract Tower,0,5,3,0,8,0,0,17,0,17,0,5,20,0,25,0,0,0,25
05/13/2013,PIH,ID,ANM,WE,Federal Contract Tower,0,12,4,2,18,0,15,20,4,39,0,27,24,6,57,36,20,56,113
05/14/2013,PIH,ID,ANM,WE,Federal Contract Tower,0,16,6,0,22,0,7,41,0,48,0,23,47,0,70,32,0,32,102
05/15/2013,PIH,ID,ANM,WE,Federal Contract Tower,0,16,1,0,17,0,4,29,0,33,0,20,30,0,50,32,0,32,82
05/16/2013,PIH,ID,ANM,WE,Federal Contract Tower,0,15,7,0,22,0,6,22,2,30,0,21,29,2,52,0,0,0,52
05/17/2013,PIH,ID,ANM,WE,Federal Contract Tower,0,15,5,0,20,0,5,10,2,17,0,20,15,2,37,12,0,12,49
05/18/2013,PIH,ID,ANM,WE,Federal Contract Tower,0,12,1,0,13,0,0,2,0,2,0,12,3,0,15,0,0,0,15
05/19/2013,PIH,ID,ANM,WE,Federal Contract Tower,0,5,0,0,5,0,0,5,0,5,0,5,5,0,10,0,0,0,10
05/20/2013,PIH,ID,ANM,WE,Federal Contract Tower,0,13,4,0,17,0,13,34,2,49,0,26,38,2,66,34,0,34,100
05/21/2013,PIH,ID,ANM,WE,Federal Contract Tower,0,16,10,0,26,0,6,57,0,63,0,22,67,0,89,12,0,12,101
05/22/2013,PIH,ID,ANM,WE,Federal Contract Tower,0,19,9,1,29,0,4,32,0,36,0,23,41,1,65,34,0,34,99
05/23/2013,PIH,ID,ANM,WE,Federal Contract Tower,0,17,6,0,23,0,1,26,0,27,0,18,32,0,50,0,0,0,50
05/24/2013,PIH,ID,ANM,WE,Federal Contract Tower,0,14,7,0,21,0,7,40,2,49,0,21,47,2,70,38,0,38,108
05/25/2013,PIH,ID,ANM,WE,Federal Contract Tower,0,6,1,0,7,0,2,35,0,37,0,8,36,0,44,52,0,52,96
05/26/2013,PIH,ID,ANM,WE,Federal Contract Tower,0,3,0,0,3,0,0,12,0,12,0,3,12,0,15,0,0,0,15
05/27/2013,PIH,ID,ANM,WE,Federal Contract Tower,0,5,2,0,7,0,2,15,2,19,0,7,17,2,26,18,0,18,44
05/28/2013,PIH,ID,ANM,WE,Federal Contract Tower,0,17,8,0,25,0,2,10,0,12,0,19,18,0,37,0,0,0,37
05/29/2013,PIH,ID,ANM,WE,Federal Contract Tower,0,19,0,0,19,0,7,17,0,24,0,26,17,0,43,0,0,0,43
05/30/2013,PIH,ID,ANM,WE,Federal Contract Tower,0,17,6,0,23,0,4,32,2,38,0,21,38,2,61,16,0,16,77
05/31/2013,PIH,ID,ANM,WE,Federal Contract Tower,0,14,3,0,17,0,9,49,2,60,0,23,52,2,77,16,0,16,93
06/01/2013,PIH,ID,ANM,WE,Federal Contract Tower,0,5,0,0,5,0,4,63,0,67,0,9,63,0,72,34,0,34,106
06/02/2013,PIH,ID,ANM,WE,Federal Contract Tower,0,2,0,0,2,0,0,18,0,18,0,2,18,0,20,10,0,10,30
06/03/2013,PIH,ID,ANM,WE,Federal Contract Tower,0,14,1,0,15,0,9,27,0,36,0,23,28,0,51,2,0,2,53
06/04/2013,PIH,ID,ANM,WE,Federal Contract Tower,0,16,8,1,25,0,3,45,3,51,0,19,53,4,76,28,10,38,114
06/05/2013,PIH,ID,ANM,WE,Federal Contract Tower,0,15,9,0,24,0,5,35,0,40,0,20,44,0,64,30,0,30,94
06/06/2013,PIH,ID,ANM,WE,Federal Contract Tower,0,19,3,3,25,0,5,32,3,40,0,24,35,6,65,30,0,30,95
06/07/2013,PIH,ID,ANM,WE,Federal Contract Tower,0,15,3,2,20,0,4,35,0,39,0,19,38,2,59,44,0,44,103
06/08/2013,PIH,ID,ANM,WE,Federal Contract Tower,0,5,1,0,6,0,4,12,0,16,0,9,13,0,22,0,0,0,22
06/09/2013,PIH,ID,ANM,WE,Federal Contract Tower,0,3,0,0,3,0,2,27,4,33,0,5,27,4,36,16,0,16,52
06/10/2013,PIH,ID,ANM,WE,Federal Contract Tower,0,13,3,0,16,0,8,37,2,47,0,21,40,2,63,8,0,8,71
06/11/2013,PIH,ID,ANM,WE,Federal Contract Tower,0,15,4,0,19,0,6,19,2,27,0,21,23,2,46,0,0,0,46
06/12/2013,PIH,ID,ANM,WE,Federal Contract Tower,0,15,1,0,16,0,4,23,0,27,0,19,24,0,43,18,0,18,61
06/13/2013,PIH,ID,ANM,WE,Federal Contract Tower,0,14,9,0,23,0,5,35,0,40,0,19,44,0,63,68,0,68,131
06/14/2013,PIH,ID,ANM,WE,Federal Contract Tower,0,16,5,0,21,0,8,42,0,50,0,24,47,0,71,46,0,46,117
06/15/2013,PIH,ID,ANM,WE,Federal Contract Tower,0,5,2,2,9,0,3,39,0,42,0,8,41,2,51,10,0,10,61
06/16/2013,PIH,ID,ANM,WE,Federal Contract Tower,0,3,1,0,4,0,0,23,0,23,0,3,24,0,27,20,0,20,47
06/17/2013,PIH,ID,ANM,WE,Federal Contract Tower,0,9,3,0,12,0,6,46,0,52,0,15,49,0,64,14,0,14,78
06/18/2013,PIH,ID,ANM,WE,Federal Contract Tower,0,15,2,0,17,0,4,45,0,49,0,19,47,0,66,36,0,36,102
06/19/2013,PIH,ID,ANM,WE,Federal Contract Tower,0,11,2,0,13,0,7,23,0,30,0,18,25,0,43,4,0,4,47
06/20/2013,PIH,ID,ANM,WE,Federal Contract Tower,0,11,7,0,18,0,8,51,0,59,0,19,58,0,77,46,0,46,123
06/21/2013,PIH,ID,ANM,WE,Federal Contract Tower,0,13,5,0,18,0,12,48,0,60,0,25,53,0,78,66,0,66,144
06/22/2013,PIH,ID,ANM,WE,Federal Contract Tower,0,7,3,0,10,0,3,37,0,40,0,10,40,0,50,4,0,4,54
06/23/2013,PIH,ID,ANM,WE,Federal Contract Tower,0,3,3,0,6,0,0,24,0,24,0,3,27,0,30,6,0,6,36
06/24/2013,PIH,ID,ANM,WE,Federal Contract Tower,0,13,2,0,15,0,7,23,0,30,0,20,25,0,45,0,0,0,45
06/25/2013,PIH,ID,ANM,WE,Federal Contract Tower,0,14,0,0,14,0,7,27,0,34,0,21,27,0,48,54,0,54,102
06/26/2013,PIH,ID,ANM,WE,Federal Contract Tower,0,15,3,0,18,0,4,29,0,33,0,19,32,0,51,62,0,62,113
06/27/2013,PIH,ID,ANM,WE,Federal Contract Tower,0,14,3,0,17,0,7,38,0,45,0,21,41,0,62,86,0,86,148
06/28/2013,PIH,ID,ANM,WE,Federal Contract Tower,0,15,3,0,18,0,4,37,0,41,0,19,40,0,59,14,0,14,73
06/29/2013,PIH,ID,ANM,WE,Federal Contract Tower,0,4,4,0,8,0,11,37,0,48,0,15,41,0,56,56,0,56,112
06/30/2013,PIH,ID,ANM,WE,Federal Contract Tower,0,4,0,0,4,0,0,33,2,35,0,4,33,2,39,4,0,4,43
07/01/2013,PIH,ID,ANM,WE,Federal Contract Tower,0,12,6,0,18,0,70,47,2,119,0,82,53,2,137,40,0,40,177
07/02/2013,PIH,ID,ANM,WE,Federal Contract Tower,0,15,6,0,21,0,5,37,0,42,0,20,43,0,63,44,0,44,107
07/03/2013,PIH,ID,ANM,WE,Federal Contract Tower,0,15,9,0,24,0,11,39,0,50,0,26,48,0,74,22,0,22,96
07/04/2013,PIH,ID,ANM,WE,Federal Contract Tower,0,4,1,0,5,0,2,20,0,22,0,6,21,0,27,0,0,0,27
07/05/2013,PIH,ID,ANM,WE,Federal Contract Tower,0,15,5,0,20,0,8,43,0,51,0,23,48,0,71,56,0,56,127
07/06/2013,PIH,ID,ANM,WE,Federal Contract Tower,0,6,1,0,7,0,5,25,0,30,0,11,26,0,37,14,0,14,51
07/07/2013,PIH,ID,ANM,WE,Federal Contract Tower,0,7,7,0,14,0,3,22,0,25,0,10,29,0,39,6,0,6,45
07/08/2013,PIH,ID,ANM,WE,Federal Contract Tower,0,10,1,0,11,0,8,50,0,58,0,18,51,0,69,18,0,18,87
07/09/2013,PIH,ID,ANM,WE,Federal Contract Tower,0,15,4,0,19,0,13,63,0,76,0,28,67,0,95,108,0,108,203
07/10/2013,PIH,ID,ANM,WE,Federal Contract Tower,0,16,0,2,18,0,5,44,2,51,0,21,44,4,69,76,0,76,145
07/11/2013,PIH,ID,ANM,WE,Federal Contract Tower,0,18,0,0,18,0,5,40,4,49,0,23,40,4,67,28,0,28,95
07/12/2013,PIH,ID,ANM,WE,Federal Contract Tower,0,16,3,0,19,0,8,39,0,47,0,24,42,0,66,50,0,50,116
07/13/2013,PIH,ID,ANM,WE,Federal Contract Tower,0,4,0,0,4,0,5,17,0,22,0,9,17,0,26,6,0,6,32
07/14/2013,PIH,ID,ANM,WE,Federal Contract Tower,0,4,2,0,6,0,0,31,0,31,0,4,33,0,37,17,0,17,54
07/15/2013,PIH,ID,ANM,WE,Federal Contract Tower,0,12,1,0,13,0,7,18,0,25,0,19,19,0,38,0,0,0,38
07/16/2013,PIH,ID,ANM,WE,Federal Contract Tower,0,19,5,0,24,0,7,45,0,52,0,26,50,0,76,14,0,14,90
07/17/2013,PIH,ID,ANM,WE,Federal Contract Tower,0,15,0,0,15,0,7,51,0,58,0,22,51,0,73,46,0,46,119
07/18/2013,PIH,ID,ANM,WE,Federal Contract Tower,0,17,1,0,18,0,12,58,0,70,0,29,59,0,88,54,0,54,142
07/19/2013,PIH,ID,ANM,WE,Federal Contract Tower,0,12,0,0,12,0,5,57,0,62,0,17,57,0,74,42,0,42,116
07/20/2013,PIH,ID,ANM,WE,Federal Contract Tower,2,7,3,0,12,1,12,22,0,35,3,19,25,0,47,0,0,0,47
07/21/2013,PIH,ID,ANM,WE,Federal Contract Tower,3,3,1,0,7,5,16,25,2,48,8,19,26,2,55,0,0,0,55
07/22/2013,PIH,ID,ANM,WE,Federal Contract Tower,2,11,2,0,15,3,20,41,0,64,5,31,43,0,79,68,0,68,147
07/23/2013,PIH,ID,ANM,WE,Federal Contract Tower,2,17,3,0,22,0,3,29,39,71,2,20,32,39,93,32,0,32,125
07/24/2013,PIH,ID,ANM,WE,Federal Contract Tower,0,15,3,0,18,0,9,30,0,39,0,24,33,0,57,36,0,36,93
07/25/2013,PIH,ID,ANM,WE,Federal Contract Tower,0,15,3,0,18,0,12,42,0,54,0,27,45,0,72,24,0,24,96
07/26/2013,PIH,ID,ANM,WE,Federal Contract Tower,0,17,2,0,19,0,8,39,0,47,0,25,41,0,66,70,0,70,136
07/27/2013,PIH,ID,ANM,WE,Federal Contract Tower,0,10,4,0,14,0,3,20,0,23,0,13,24,0,37,38,0,38,75
07/28/2013,PIH,ID,ANM,WE,Federal Contract Tower,0,9,3,0,12,0,73,17,0,90,0,82,20,0,102,0,0,0,102
07/29/2013,PIH,ID,ANM,WE,Federal Contract Tower,0,14,4,0,18,0,10,25,0,35,0,24,29,0,53,42,0,42,95
07/30/2013,PIH,ID,ANM,WE,Federal Contract Tower,0,17,2,0,19,0,5,17,0,22,0,22,19,0,41,38,0,38,79
07/31/2013,PIH,ID,ANM,WE,Federal Contract Tower,0,20,5,0,25,0,49,35,0,84,0,69,40,0,109,16,0,16,125
08/01/2013,PIH,ID,ANM,WE,Federal Contract Tower,0,16,4,0,20,0,33,25,0,58,0,49,29,0,78,40,0,40,118
08/02/2013,PIH,ID,ANM,WE,Federal Contract Tower,0,15,6,1,22,2,23,27,1,53,2,38,33,2,75,32,0,32,107
08/03/2013,PIH,ID,ANM,WE,Federal Contract Tower,0,8,2,1,11,12,69,13,2,96,12,77,15,3,107,16,0,16,123
08/04/2013,PIH,ID,ANM,WE,Federal Contract Tower,0,6,1,0,7,2,26,38,0,66,2,32,39,0,73,4,0,4,77
08/05/2013,PIH,ID,ANM,WE,Federal Contract Tower,1,13,3,0,17,0,44,26,0,70,1,57,29,0,87,14,0,14,101
08/06/2013,PIH,ID,ANM,WE,Federal Contract Tower,0,15,7,0,22,0,43,41,0,84,0,58,48,0,106,16,0,16,122
08/07/2013,PIH,ID,ANM,WE,Federal Contract Tower,0,12,6,0,18,0,21,43,0,64,0,33,49,0,82,35,0,35,117
08/08/2013,PIH,ID,ANM,WE,Federal Contract Tower,0,13,9,0,22,0,31,21,0,52,0,44,30,0,74,20,0,20,94
08/09/2013,PIH,ID,ANM,WE,Federal Contract Tower,1,15,0,0,16,3,68,45,0,116,4,83,45,0,132,36,0,36,168
08/10/2013,PIH,ID,ANM,WE,Federal Contract Tower,1,6,2,0,9,20,70,33,0,123,21,76,35,0,132,0,0,0,132
08/11/2013,PIH,ID,ANM,WE,Federal Contract Tower,0,4,2,0,6,16,100,19,0,135,16,104,21,0,141,0,0,0,141
08/12/2013,PIH,ID,ANM,WE,Federal Contract Tower,2,12,5,0,19,32,71,43,0,146,34,83,48,0,165,0,0,0,165
08/13/2013,PIH,ID,ANM,WE,Federal Contract Tower,3,14,6,0,23,4,75,29,0,108,7,89,35,0,131,38,0,38,169
08/14/2013,PIH,ID,ANM,WE,Federal Contract Tower,6,16,10,1,33,8,48,29,0,85,14,64,39,1,118,32,0,32,150
08/15/2013,PIH,ID,ANM,WE,Federal Contract Tower,1,11,6,0,18,5,64,26,0,95,6,75,32,0,113,14,0,14,127
08/16/2013,PIH,ID,ANM,WE,Federal Contract Tower,2,11,4,0,17,4,36,40,2,82,6,47,44,2,99,16,0,16,115
08/17/2013,PIH,ID,ANM,WE,Federal Contract Tower,1,5,1,0,7,7,23,24,0,54,8,28,25,0,61,0,0,0,61
08/18/2013,PIH,ID,ANM,WE,Federal Contract Tower,0,8,2,0,10,6,21,21,0,48,6,29,23,0,58,0,0,0,58
08/19/2013,PIH,ID,ANM,WE,Federal Contract Tower,0,10,3,0,13,8,18,33,0,59,8,28,36,0,72,64,0,64,136
08/20/2013,PIH,ID,ANM,WE,Federal Contract Tower,3,17,5,0,25,4,32,21,0,57,7,49,26,0,82,28,0,28,110
08/21/2013,PIH,ID,ANM,WE,Federal Contract Tower,0,16,4,0,20,0,18,33,0,51,0,34,37,0,71,46,0,46,117
08/22/2013,PIH,ID,ANM,WE,Federal Contract Tower,0,18,2,0,20,0,18,25,2,45,0,36,27,2,65,30,0,30,95
08/23/2013,PIH,ID,ANM,WE,Federal Contract Tower,1,18,6,0,25,0,14,34,0,48,1,32,40,0,73,68,0,68,141
08/24/2013,PIH,ID,ANM,WE,Federal Contract Tower,0,4,2,0,6,2,14,20,0,36,2,18,22,0,42,22,0,22,64
08/25/2013,PIH,ID,ANM,WE,Federal Contract Tower,0,3,1,0,4,0,1,21,0,22,0,4,22,0,26,8,0,8,34
08/26/2013,PIH,ID,ANM,WE,Federal Contract Tower,0,14,9,0,23,0,21,34,0,55,0,35,43,0,78,36,0,36,114
08/27/2013,PIH,ID,ANM,WE,Federal Contract Tower,2,15,6,1,24,0,12,40,3,55,2,27,46,4,79,76,0,76,155
08/28/2013,PIH,ID,ANM,WE,Federal Contract Tower,0,16,6,3,25,0,17,39,0,56,0,33,45,3,81,24,4,28,109
08/29/2013,PIH,ID,ANM,WE,Federal Contract Tower,0,15,7,0,22,0,23,31,2,56,0,38,38,2,78,54,0,54,132
08/30/2013,PIH,ID,ANM,WE,Federal Contract Tower,1,17,7,0,25,0,13,31,0,44,1,30,38,0,69,36,0,36,105
08/31/2013,PIH,ID,ANM,WE,Federal Contract Tower,0,7,0,0,7,0,44,29,0,73,0,51,29,0,80,66,0,66,146
09/01/2013,PIH,ID,ANM,WE,Federal Contract Tower,0,3,5,0,8,0,14,12,0,26,0,17,17,0,34,10,0,10,44
09/02/2013,PIH,ID,ANM,WE,Federal Contract Tower,0,10,4,0,14,0,15,36,0,51,0,25,40,0,65,38,0,38,103
09/03/2013,PIH,ID,ANM,WE,Federal Contract Tower,0,13,0,0,13,0,0,29,0,29,0,13,29,0,42,0,0,0,42
09/04/2013,PIH,ID,ANM,WE,Federal Contract Tower,0,12,8,0,20,0,4,42,0,46,0,16,50,0,66,56,0,56,122
09/05/2013,PIH,ID,ANM,WE,Federal Contract Tower,0,19,6,0,25,0,5,13,0,18,0,24,19,0,43,0,0,0,43
09/06/2013,PIH,ID,ANM,WE,Federal Contract Tower,0,21,5,0,26,0,5,21,0,26,0,26,26,0,52,24,0,24,76
09/07/2013,PIH,ID,ANM,WE,Federal Contract Tower,0,9,0,0,9,0,6,18,0,24,0,15,18,0,33,42,0,42,75
09/08/2013,PIH,ID,ANM,WE,Federal Contract Tower,0,6,2,0,8,0,0,12,0,12,0,6,14,0,20,8,0,8,28
09/09/2013,PIH,ID,ANM,WE,Federal Contract Tower,0,7,4,0,11,0,9,34,0,43,0,16,38,0,54,18,0,18,72
09/10/2013,PIH,ID,ANM,WE,Federal Contract Tower,0,10,6,0,16,0,10,57,2,69,0,20,63,2,85,18,0,18,103
09/11/2013,PIH,ID,ANM,WE,Federal Contract Tower,0,12,2,0,14,0,10,25,0,35,0,22,27,0,49,14,0,14,63
09/12/2013,PIH,ID,ANM,WE,Federal Contract Tower,0,13,7,0,20,0,19,14,0,33,0,32,21,0,53,14,0,14,67
09/13/2013,PIH,ID,ANM,WE,Federal Contract Tower,0,16,6,0,22,0,10,33,0,43,0,26,39,0,65,34,0,34,99
09/14/2013,PIH,ID,ANM,WE,Federal Contract Tower,0,12,1,0,13,0,1,19,0,20,0,13,20,0,33,10,0,10,43
09/15/2013,PIH,ID,ANM,WE,Federal Contract Tower,0,6,1,0,7,0,0,16,0,16,0,6,17,0,23,48,0,48,71
09/16/2013,PIH,ID,ANM,WE,Federal Contract Tower,0,10,6,0,16,0,8,43,0,51,0,18,49,0,67,48,0,48,115
09/17/2013,PIH,ID,ANM,WE,Federal Contract Tower,0,18,0,0,18,0,8,11,0,19,0,26,11,0,37,0,0,0,37
09/18/2013,PIH,ID,ANM,WE,Federal Contract Tower,0,11,2,0,13,0,6,13,6,25,0,17,15,6,38,0,0,0,38
09/19/2013,PIH,ID,ANM,WE,Federal Contract Tower,0,10,2,0,12,0,14,51,0,65,0,24,53,0,77,56,0,56,133
09/20/2013,PIH,ID,ANM,WE,Federal Contract Tower,2,12,3,0,17,0,3,44,0,47,2,15,47,0,64,50,0,50,114
09/21/2013,PIH,ID,ANM,WE,Federal Contract Tower,2,9,1,0,12,0,4,17,0,21,2,13,18,0,33,16,0,16,49
09/22/2013,PIH,ID,ANM,WE,Federal Contract Tower,0,3,12,2,17,0,0,8,0,8,0,3,20,2,25,14,0,14,39
09/23/2013,PIH,ID,ANM,WE,Federal Contract Tower,0,10,7,0,17,0,8,16,0,24,0,18,23,0,41,14,0,14,55
09/24/2013,PIH,ID,ANM,WE,Federal Contract Tower,0,13,12,0,25,0,5,17,0,22,0,18,29,0,47,8,0,8,55
09/25/2013,PIH,ID,ANM,WE,Federal Contract Tower,0,13,0,0,13,0,3,8,8,19,0,16,8,8,32,12,0,12,44
09/26/2013,PIH,ID,ANM,WE,Federal Contract Tower,0,12,1,0,13,0,4,12,8,24,0,16,13,8,37,26,0,26,63
09/27/2013,PIH,ID,ANM,WE,Federal Contract Tower,2,21,2,0,25,0,4,17,0,21,2,25,19,0,46,22,0,22,68
09/28/2013,PIH,ID,ANM,WE,Federal Contract Tower,0,6,0,0,6,0,13,18,0,31,0,19,18,0,37,2,0,2,39
09/29/2013,PIH,ID,ANM,WE,Federal Contract Tower,0,4,0,0,4,0,0,4,0,4,0,4,4,0,8,0,0,0,8
09/30/2013,PIH,ID,ANM,WE,Federal Contract Tower,0,11,1,0,12,0,4,12,0,16,0,15,13,0,28,12,0,12,40
10/01/2013,PIH,ID,ANM,WE,Federal Contract Tower,0,15,3,0,18,0,7,26,0,33,0,22,29,0,51,12,0,12,63
10/02/2013,PIH,ID,ANM,WE,Federal Contract Tower,0,13,7,0,20,0,9,33,0,42,0,22,40,0,62,52,0,52,114
10/03/2013,PIH,ID,ANM,WE,Federal Contract Tower,0,19,2,0,21,0,0,2,0,2,0,19,4,0,23,0,0,0,23
10/04/2013,PIH,ID,ANM,WE,Federal Contract Tower,1,12,2,0,15,0,3,34,0,37,1,15,36,0,52,48,0,48,100
10/05/2013,PIH,ID,ANM,WE,Federal Contract Tower,1,5,3,0,9,0,4,33,0,37,1,9,36,0,46,4,0,4,50
10/06/2013,PIH,ID,ANM,WE,Federal Contract Tower,0,4,1,0,5,0,0,27,0,27,0,4,28,0,32,4,0,4,36
10/07/2013,PIH,ID,ANM,WE,Federal Contract Tower,0,10,10,0,20,0,3,40,0,43,0,13,50,0,63,72,0,72,135
10/08/2013,PIH,ID,ANM,WE,Federal Contract Tower,0,13,5,0,18,0,8,17,0,25,0,21,22,0,43,0,0,0,43
10/09/2013,PIH,ID,ANM,WE,Federal Contract Tower,0,12,3,0,15,0,1,34,4,39,0,13,37,4,54,80,0,80,134
10/10/2013,PIH,ID,ANM,WE,Federal Contract Tower,0,15,5,0,20,0,2,22,0,24,0,17,27,0,44,4,0,4,48
10/11/2013,PIH,ID,ANM,WE,Federal Contract Tower,2,14,2,0,18,0,4,24,0,28,2,18,26,0,46,34,0,34,80
10/12/2013,PIH,ID,ANM,WE,Federal Contract Tower,2,9,0,0,11,0,3,32,0,35,2,12,32,0,46,62,0,62,108
10/13/2013,PIH,ID,ANM,WE,Federal Contract Tower,0,3,0,0,3,0,1,2,0,3,0,4,2,0,6,12,0,12,18
10/14/2013,PIH,ID,ANM,WE,Federal Contract Tower,0,11,2,0,13,0,1,20,0,21,0,12,22,0,34,56,0,56,90
10/15/2013,PIH,ID,ANM,WE,Federal Contract Tower,0,9,4,0,13,0,8,32,0,40,0,17,36,0,53,47,0,47,100
10/16/2013,PIH,ID,ANM,WE,Federal Contract Tower,0,11,7,0,18,0,4,35,0,39,0,15,42,0,57,30,0,30,87
10/17/2013,PIH,ID,ANM,WE,Federal Contract Tower,0,12,3,0,15,0,3,35,0,38,0,15,38,0,53,28,0,28,81
10/18/2013,PIH,ID,ANM,WE,Federal Contract Tower,2,11,8,0,21,0,5,38,0,43,2,16,46,0,64,56,0,56,120
10/19/2013,PIH,ID,ANM,WE,Federal Contract Tower,0,7,5,0,12,0,3,25,0,28,0,10,30,0,40,4,0,4,44
10/20/2013,PIH,ID,ANM,WE,Federal Contract Tower,0,4,2,0,6,0,2,16,0,18,0,6,18,0,24,0,0,0,24
10/21/2013,PIH,ID,ANM,WE,Federal Contract Tower,0,8,2,2,12,0,4,39,0,43,0,12,41,2,55,42,0,42,97
10/22/2013,PIH,ID,ANM,WE,Federal Contract Tower,0,14,3,0,17,0,2,32,0,34,0,16,35,0,51,50,0,50,101
10/23/2013,PIH,ID,ANM,WE,Federal Contract Tower,0,11,8,0,19,0,1,62,2,65,0,12,70,2,84,108,0,108,192
10/24/2013,PIH,ID,ANM,WE,Federal Contract Tower,0,13,1,0,14,0,6,48,0,54,0,19,49,0,68,54,0,54,122
10/25/2013,PIH,ID,ANM,WE,Federal Contract Tower,0,13,3,0,16,0,4,57,0,61,0,17,60,0,77,66,0,66,143
10/26/2013,PIH,ID,ANM,WE,Federal Contract Tower,0,9,4,0,13,0,3,49,0,52,0,12,53,0,65,4,0,4,69
10/27/2013,PIH,ID,ANM,WE,Federal Contract Tower,0,3,2,0,5,0,0,27,0,27,0,3,29,0,32,0,0,0,32
10/28/2013,PIH,ID,ANM,WE,Federal Contract Tower,0,12,8,0,20,0,2,14,0,16,0,14,22,0,36,46,0,46,82
10/29/2013,PIH,ID,ANM,WE,Federal Contract Tower,0,19,0,0,19,0,1,7,0,8,0,20,7,0,27,26,0,26,53
10/30/2013,PIH,ID,ANM,WE,Federal Contract Tower,0,15,8,0,23,0,4,9,0,13,0,19,17,0,36,6,0,6,42
10/31/2013,PIH,ID,ANM,WE,Federal Contract Tower,0,17,3,0,20,0,2,13,0,15,0,19,16,0,35,0,0,0,35
11/01/2013,PIH,ID,ANM,WE,Federal Contract Tower,0,19,0,0,19,0,4,35,0,39,0,23,35,0,58,30,0,30,88
11/02/2013,PIH,ID,ANM,WE,Federal Contract Tower,6,0,5,0,11,0,4,37,0,41,6,4,42,0,52,20,0,20,72
11/03/2013,PIH,ID,ANM,WE,Federal Contract Tower,0,3,1,3,7,0,0,9,0,9,0,3,10,3,16,0,0,0,16
11/04/2013,PIH,ID,ANM,WE,Federal Contract Tower,0,9,6,0,15,0,1,19,0,20,0,10,25,0,35,4,0,4,39
11/05/2013,PIH,ID,ANM,WE,Federal Contract Tower,0,17,2,0,19,0,1,27,0,28,0,18,29,0,47,10,0,10,57
11/06/2013,PIH,ID,ANM,WE,Federal Contract Tower,0,13,6,0,19,0,1,24,0,25,0,14,30,0,44,30,0,30,74
11/07/2013,PIH,ID,ANM,WE,Federal Contract Tower,0,11,4,0,15,0,3,15,0,18,0,14,19,0,33,0,0,0,33
11/08/2013,PIH,ID,ANM,WE,Federal Contract Tower,1,17,3,0,21,0,7,7,0,14,1,24,10,0,35,0,0,0,35
11/09/2013,PIH,ID,ANM,WE,Federal Contract Tower,1,8,2,0,11,0,0,52,0,52,1,8,54,0,63,58,0,58,121
11/10/2013,PIH,ID,ANM,WE,Federal Contract Tower,0,6,3,0,9,0,0,9,0,9,0,6,12,0,18,0,0,0,18
11/11/2013,PIH,ID,ANM,WE,Federal Contract Tower,0,7,6,0,13,0,1,45,0,46,0,8,51,0,59,28,0,28,87
11/12/2013,PIH,ID,ANM,WE,Federal Contract Tower,0,13,3,0,16,0,4,44,0,48,0,17,47,0,64,44,0,44,108
11/13/2013,PIH,ID,ANM,WE,Federal Contract Tower,0,11,13,0,24,0,6,16,0,22,0,17,29,0,46,2,0,2,48
11/14/2013,PIH,ID,ANM,WE,Federal Contract Tower,0,13,4,0,17,0,7,38,0,45,0,20,42,0,62,32,0,32,94
11/15/2013,PIH,ID,ANM,WE,Federal Contract Tower,0,17,2,0,19,0,3,6,0,9,0,20,8,0,28,0,0,0,28
11/16/2013,PIH,ID,ANM,WE,Federal Contract Tower,0,11,0,0,11,0,0,1,0,1,0,11,1,0,12,0,0,0,12
11/17/2013,PIH,ID,ANM,WE,Federal Contract Tower,0,3,4,0,7,0,0,22,0,22,0,3,26,0,29,18,0,18,47
11/18/2013,PIH,ID,ANM,WE,Federal Contract Tower,0,8,14,1,23,0,4,22,1,27,0,12,36,2,50,10,0,10,60
11/19/2013,PIH,ID,ANM,WE,Federal Contract Tower,0,15,4,0,19,0,3,8,0,11,0,18,12,0,30,6,0,6,36
11/20/2013,PIH,ID,ANM,WE,Federal Contract Tower,0,15,2,1,18,0,2,8,1,11,0,17,10,2,29,4,0,4,33
11/21/2013,PIH,ID,ANM,WE,Federal Contract Tower,0,16,5,0,21,0,3,16,3,22,0,19,21,3,43,22,0,22,65
11/22/2013,PIH,ID,ANM,WE,Federal Contract Tower,0,20,5,0,25,0,4,41,0,45,0,24,46,0,70,52,0,52,122
11/23/2013,PIH,ID,ANM,WE,Federal Contract Tower,0,6,3,0,9,0,5,16,0,21,0,11,19,0,30,0,0,0,30
11/24/2013,PIH,ID,ANM,WE,Federal Contract Tower,0,4,3,0,7,0,0,19,0,19,0,4,22,0,26,0,0,0,26
11/25/2013,PIH,ID,ANM,WE,Federal Contract Tower,0,11,1,0,12,0,11,38,2,51,0,22,39,2,63,40,0,40,103
11/26/2013,PIH,ID,ANM,WE,Federal Contract Tower,0,15,6,0,21,0,9,25,0,34,0,24,31,0,55,20,0,20,75
11/27/2013,PIH,ID,ANM,WE,Federal Contract Tower,0,12,5,0,17,0,5,30,0,35,0,17,35,0,52,44,0,44,96
11/28/2013,PIH,ID,ANM,WE,Federal Contract Tower,0,4,1,0,5,0,0,18,0,18,0,4,19,0,23,0,0,0,23
11/29/2013,PIH,ID,ANM,WE,Federal Contract Tower,0,11,4,0,15,0,3,33,0,36,0,14,37,0,51,66,0,66,117
11/30/2013,PIH,ID,ANM,WE,Federal Contract Tower,0,7,2,0,9,0,6,15,0,21,0,13,17,0,30,6,0,6,36
12/01/2013,PIH,ID,ANM,WE,Federal Contract Tower,0,4,4,0,8,0,0,2,0,2,0,4,6,0,10,2,0,2,12
12/02/2013,PIH,ID,ANM,WE,Federal Contract Tower,0,17,0,0,17,0,5,1,0,6,0,22,1,0,23,0,0,0,23
12/03/2013,PIH,ID,ANM,WE,Federal Contract Tower,0,17,1,0,18,0,1,9,0,10,0,18,10,0,28,2,0,2,30
12/04/2013,PIH,ID,ANM,WE,Federal Contract Tower,0,16,0,0,16,0,2,23,0,25,0,18,23,0,41,18,0,18,59
12/05/2013,PIH,ID,ANM,WE,Federal Contract Tower,0,18,2,0,20,0,0,19,2,21,0,18,21,2,41,10,0,10,51
12/06/2013,PIH,ID,ANM,WE,Federal Contract Tower,0,17,0,0,17,0,2,2,0,4,0,19,2,0,21,0,0,0,21
12/07/2013,PIH,ID,ANM,WE,Federal Contract Tower,0,9,0,2,11,0,0,0,0,0,0,9,0,2,11,0,0,0,11
12/08/2013,PIH,ID,ANM,WE,Federal Contract Tower,0,4,0,2,6,0,0,0,2,2,0,4,0,4,8,0,0,0,8
12/09/2013,PIH,ID,ANM,WE,Federal Contract Tower,0,14,0,0,14,0,5,26,2,33,0,19,26,2,47,0,0,0,47
12/10/2013,PIH,ID,ANM,WE,Federal Contract Tower,0,15,4,0,19,0,2,26,0,28,0,17,30,0,47,31,0,31,78
12/11/2013,PIH,ID,ANM,WE,Federal Contract Tower,0,11,6,0,17,0,4,12,0,16,0,15,18,0,33,24,0,24,57
12/12/2013,PIH,ID,ANM,WE,Federal Contract Tower,0,13,6,0,19,0,3,28,0,31,0,16,34,0,50,16,0,16,66
12/13/2013,PIH,ID,ANM,WE,Federal Contract Tower,0,21,3,0,24,0,0,9,0,9,0,21,12,0,33,18,0,18,51
12/14/2013,PIH,ID,ANM,WE,Federal Contract Tower,0,12,0,0,12,0,0,1,0,1,0,12,1,0,13,4,0,4,17
12/15/2013,PIH,ID,ANM,WE,Federal Contract Tower,0,5,2,0,7,0,0,11,0,11,0,5,13,0,18,16,0,16,34
12/16/2013,PIH,ID,ANM,WE,Federal Contract Tower,5,17,9,0,31,0,0,19,0,19,5,17,28,0,50,12,0,12,62
12/17/2013,PIH,ID,ANM,WE,Federal Contract Tower,1,15,2,0,18,0,0,25,0,25,1,15,27,0,43,4,0,4,47
12/18/2013,PIH,ID,ANM,WE,Federal Contract Tower,0,18,4,0,22,0,2,11,0,13,0,20,15,0,35,42,0,42,77
12/19/2013,PIH,ID,ANM,WE,Federal Contract Tower,0,18,3,0,21,0,0,0,0,0,0,18,3,0,21,0,0,0,21
12/20/2013,PIH,ID,ANM,WE,Federal Contract Tower,0,21,6,0,27,0,0,16,0,16,0,21,22,0,43,0,0,0,43
12/21/2013,PIH,ID,ANM,WE,Federal Contract Tower,0,9,2,0,11,0,0,0,0,0,0,9,2,0,11,0,0,0,11
12/22/2013,PIH,ID,ANM,WE,Federal Contract Tower,0,6,0,0,6,0,0,0,0,0,0,6,0,0,6,0,0,0,6
12/23/2013,PIH,ID,ANM,WE,Federal Contract Tower,0,17,0,0,17,0,0,12,0,12,0,17,12,0,29,4,0,4,33
12/24/2013,PIH,ID,ANM,WE,Federal Contract Tower,0,14,3,0,17,0,2,19,0,21,0,16,22,0,38,4,0,4,42
12/25/2013,PIH,ID,ANM,WE,Federal Contract Tower,0,4,0,0,4,0,0,6,0,6,0,4,6,0,10,0,0,0,10
12/26/2013,PIH,ID,ANM,WE,Federal Contract Tower,0,14,2,0,16,0,3,27,0,30,0,17,29,0,46,10,0,10,56
12/27/2013,PIH,ID,ANM,WE,Federal Contract Tower,0,17,1,0,18,0,2,34,0,36,0,19,35,0,54,44,0,44,98
12/28/2013,PIH,ID,ANM,WE,Federal Contract Tower,0,7,5,0,12,0,2,6,0,8,0,9,11,0,20,10,0,10,30
12/29/2013,PIH,ID,ANM,WE,Federal Contract Tower,0,5,0,0,5,0,0,19,0,19,0,5,19,0,24,0,0,0,24
12/30/2013,PIH,ID,ANM,WE,Federal Contract Tower,0,12,2,0,14,0,3,27,0,30,0,15,29,0,44,26,0,26,70
12/31/2013,PIH,ID,ANM,WE,Federal Contract Tower,0,14,2,0,16,0,6,13,0,19,0,20,15,0,35,0,0,0,35
01/01/2014,PIH,ID,ANM,WE,Federal Contract Tower,0,10,0,0,10,0,0,0,0,0,0,10,0,0,10,0,0,0,10
01/02/2014,PIH,ID,ANM,WE,Federal Contract Tower,0,10,1,0,11,0,1,5,0,6,0,11,6,0,17,0,0,0,17
01/03/2014,PIH,ID,ANM,WE,Federal Contract Tower,0,23,1,0,24,0,2,4,0,6,0,25,5,0,30,0,0,0,30
01/04/2014,PIH,ID,ANM,WE,Federal Contract Tower,8,1,0,0,9,0,3,12,0,15,8,4,12,0,24,0,0,0,24
01/05/2014,PIH,ID,ANM,WE,Federal Contract Tower,0,5,2,0,7,0,0,15,0,15,0,5,17,0,22,10,0,10,32
01/06/2014,PIH,ID,ANM,WE,Federal Contract Tower,0,11,6,0,17,0,4,32,0,36,0,15,38,0,53,38,0,38,91
01/07/2014,PIH,ID,ANM,WE,Federal Contract Tower,0,15,4,0,19,0,1,12,0,13,0,16,16,0,32,12,0,12,44
01/08/2014,PIH,ID,ANM,WE,Federal Contract Tower,0,18,0,0,18,0,0,2,0,2,0,18,2,0,20,0,0,0,20
01/09/2014,PIH,ID,ANM,WE,Federal Contract Tower,0,13,1,0,14,0,1,0,0,1,0,14,1,0,15,0,0,0,15
01/10/2014,PIH,ID,ANM,WE,Federal Contract Tower,0,16,0,0,16,0,1,0,0,1,0,17,0,0,17,0,0,0,17
01/11/2014,PIH,ID,ANM,WE,Federal Contract Tower,0,11,2,0,13,0,2,0,0,2,0,13,2,0,15,0,0,0,15
01/12/2014,PIH,ID,ANM,WE,Federal Contract Tower,0,3,0,0,3,0,0,2,0,2,0,3,2,0,5,0,0,0,5
01/13/2014,PIH,ID,ANM,WE,Federal Contract Tower,0,11,2,0,13,0,4,4,0,8,0,15,6,0,21,0,0,0,21
01/14/2014,PIH,ID,ANM,WE,Federal Contract Tower,0,13,5,0,18,0,3,27,0,30,0,16,32,0,48,30,0,30,78
01/15/2014,PIH,ID,ANM,WE,Federal Contract Tower,0,15,2,0,17,0,3,29,0,32,0,18,31,0,49,8,0,8,57
01/16/2014,PIH,ID,ANM,WE,Federal Contract Tower,0,15,2,0,17,0,2,20,0,22,0,17,22,0,39,8,0,8,47
01/17/2014,PIH,ID,ANM,WE,Federal Contract Tower,0,18,2,0,20,0,1,6,0,7,0,19,8,0,27,6,0,6,33
01/18/2014,PIH,ID,ANM,WE,Federal Contract Tower,0,7,5,1,13,0,6,29,0,35,0,13,34,1,48,46,0,46,94
01/19/2014,PIH,ID,ANM,WE,Federal Contract Tower,0,3,6,0,9,0,0,27,0,27,0,3,33,0,36,24,0,24,60
01/20/2014,PIH,ID,ANM,WE,Federal Contract Tower,0,9,4,0,13,0,0,57,0,57,0,9,61,0,70,30,0,30,100
01/21/2014,PIH,ID,ANM,WE,Federal Contract Tower,0,14,7,0,21,0,3,37,2,42,0,17,44,2,63,14,0,14,77
01/22/2014,PIH,ID,ANM,WE,Federal Contract Tower,0,17,6,0,23,0,2,37,2,41,0,19,43,2,64,4,0,4,68
01/23/2014,PIH,ID,ANM,WE,Federal Contract Tower,0,18,6,0,24,0,9,9,0,18,0,27,15,0,42,0,0,0,42
01/24/2014,PIH,ID,ANM,WE,Federal Contract Tower,0,13,8,0,21,0,6,30,0,36,0,19,38,0,57,40,0,40,97
01/25/2014,PIH,ID,ANM,WE,Federal Contract Tower,0,8,1,0,9,0,4,51,0,55,0,12,52,0,64,22,0,22,86
01/26/2014,PIH,ID,ANM,WE,Federal Contract Tower,0,3,2,0,5,0,0,11,0,11,0,3,13,0,16,28,0,28,44
01/27/2014,PIH,ID,ANM,WE,Federal Contract Tower,0,10,5,0,15,0,3,17,0,20,0,13,22,0,35,12,0,12,47
01/28/2014,PIH,ID,ANM,WE,Federal Contract Tower,0,14,3,0,17,0,2,32,0,34,0,16,35,0,51,0,0,0,51
01/29/2014,PIH,ID,ANM,WE,Federal Contract Tower,0,16,2,0,18,0,1,0,0,1,0,17,2,0,19,0,0,0,19
01/30/2014,PIH,ID,ANM,WE,Federal Contract Tower,0,13,0,0,13,0,1,12,0,13,0,14,12,0,26,0,0,0,26
01/31/2014,PIH,ID,ANM,WE,Federal Contract Tower,0,15,0,0,15,0,4,15,0,19,0,19,15,0,34,12,0,12,46
02/01/2014,PIH,ID,ANM,WE,Federal Contract Tower,0,5,0,2,7,0,2,10,0,12,0,7,10,2,19,18,0,18,37
02/02/2014,PIH,ID,ANM,WE,Federal Contract Tower,0,4,1,0,5,0,0,5,0,5,0,4,6,0,10,12,0,12,22
02/03/2014,PIH,ID,ANM,WE,Federal Contract Tower,0,16,0,0,16,0,1,0,0,1,0,17,0,0,17,0,0,0,17
02/04/2014,PIH,ID,ANM,WE,Federal Contract Tower,0,17,1,0,18,0,14,4,0,18,0,31,5,0,36,4,0,4,40
02/05/2014,PIH,ID,ANM,WE,Federal Contract Tower,0,13,7,0,20,0,9,6,0,15,0,22,13,0,35,0,0,0,35
02/06/2014,PIH,ID,ANM,WE,Federal Contract Tower,0,14,0,0,14,0,1,6,0,7,0,15,6,0,21,18,0,18,39
02/07/2014,PIH,ID,ANM,WE,Federal Contract Tower,0,19,2,0,21,0,0,5,0,5,0,19,7,0,26,30,0,30,56
02/08/2014,PIH,ID,ANM,WE,Federal Contract Tower,0,12,0,4,16,0,0,0,0,0,0,12,0,4,16,0,0,0,16
02/09/2014,PIH,ID,ANM,WE,Federal Contract Tower,0,4,0,10,14,0,0,2,0,2,0,4,2,10,16,10,0,10,26
02/10/2014,PIH,ID,ANM,WE,Federal Contract Tower,0,16,2,4,22,0,7,10,0,17,0,23,12,4,39,68,0,68,107
02/11/2014,PIH,ID,ANM,WE,Federal Contract Tower,0,15,0,1,16,0,3,16,11,30,0,18,16,12,46,22,0,22,68
02/12/2014,PIH,ID,ANM,WE,Federal Contract Tower,0,19,4,0,23,0,0,1,0,1,0,19,5,0,24,0,0,0,24
02/13/2014,PIH,ID,ANM,WE,Federal Contract Tower,0,16,6,0,22,0,1,7,0,8,0,17,13,0,30,10,0,10,40
02/14/2014,PIH,ID,ANM,WE,Federal Contract Tower,0,16,0,0,16,0,0,1,0,1,0,16,1,0,17,0,0,0,17
02/15/2014,PIH,ID,ANM,WE,Federal Contract Tower,0,8,0,0,8,0,3,4,0,7,0,11,4,0,15,14,0,14,29
02/16/2014,PIH,ID,ANM,WE,Federal Contract Tower,0,8,0,0,8,0,0,0,0,0,0,8,0,0,8,0,0,0,8
02/17/2014,PIH,ID,ANM,WE,Federal Contract Tower,0,11,3,0,14,0,8,32,0,40,0,19,35,0,54,32,0,32,86
02/18/2014,PIH,ID,ANM,WE,Federal Contract Tower,0,12,2,0,14,0,3,12,0,15,0,15,14,0,29,94,0,94,123
02/19/2014,PIH,ID,ANM,WE,Federal Contract Tower,0,17,0,0,17,0,4,2,0,6,0,21,2,0,23,0,0,0,23
02/20/2014,PIH,ID,ANM,WE,Federal Contract Tower,0,12,4,2,18,0,3,15,0,18,0,15,19,2,36,0,0,0,36
02/21/2014,PIH,ID,ANM,WE,Federal Contract Tower,0,14,3,0,17,0,3,6,0,9,0,17,9,0,26,0,0,0,26
02/22/2014,PIH,ID,ANM,WE,Federal Contract Tower,0,9,2,0,11,0,3,2,0,5,0,12,4,0,16,2,0,2,18
02/23/2014,PIH,ID,ANM,WE,Federal Contract Tower,0,3,6,2,11,0,0,6,0,6,0,3,12,2,17,0,0,0,17
02/24/2014,PIH,ID,ANM,WE,Federal Contract Tower,0,11,8,0,19,0,2,17,0,19,0,13,25,0,38,18,0,18,56
02/25/2014,PIH,ID,ANM,WE,Federal Contract Tower,0,13,7,0,20,0,4,23,2,29,0,17,30,2,49,48,0,48,97
02/26/2014,PIH,ID,ANM,WE,Federal Contract Tower,0,14,6,0,20,0,7,33,0,40,0,21,39,0,60,52,0,52,112
02/27/2014,PIH,ID,ANM,WE,Federal Contract Tower,0,13,5,0,18,0,2,13,2,17,0,15,18,2,35,50,0,50,85
02/28/2014,PIH,ID,ANM,WE,Federal Contract Tower,0,19,4,0,23,0,0,25,0,25,0,19,29,0,48,20,0,20,68
03/01/2014,PIH,ID,ANM,WE,Federal Contract Tower,0,15,0,0,15,0,0,0,0,0,0,15,0,0,15,0,0,0,15
03/02/2014,PIH,ID,ANM,WE,Federal Contract Tower,0,3,0,0,3,0,0,0,0,0,0,3,0,0,3,0,0,0,3
03/03/2014,PIH,ID,ANM,WE,Federal Contract Tower,0,12,0,0,12,0,3,19,0,22,0,15,19,0,34,40,0,40,74
03/04/2014,PIH,ID,ANM,WE,Federal Contract Tower,0,10,5,0,15,0,4,25,0,29,0,14,30,0,44,62,0,62,106
03/05/2014,PIH,ID,ANM,WE,Federal Contract Tower,0,12,0,0,12,0,3,5,0,8,0,15,5,0,20,16,0,16,36
03/06/2014,PIH,ID,ANM,WE,Federal Contract Tower,0,14,0,0,14,0,1,7,0,8,0,15,7,0,22,16,0,16,38
03/07/2014,PIH,ID,ANM,WE,Federal Contract Tower,0,13,4,0,17,0,2,25,0,27,0,15,29,0,44,20,0,20,64
03/08/2014,PIH,ID,ANM,WE,Federal Contract Tower,0,9,3,0,12,0,9,32,0,41,0,18,35,0,53,24,0,24,77
03/09/2014,PIH,ID,ANM,WE,Federal Contract Tower,0,3,0,0,3,0,0,1,0,1,0,3,1,0,4,0,0,0,4
03/10/2014,PIH,ID,ANM,WE,Federal Contract Tower,0,16,1,0,17,0,0,18,0,18,0,16,19,0,35,6,0,6,41
03/11/2014,PIH,ID,ANM,WE,Federal Contract Tower,0,11,6,0,17,0,3,14,0,17,0,14,20,0,34,26,0,26,60
03/12/2014,PIH,ID,ANM,WE,Federal Contract Tower,0,11,10,0,21,0,7,49,0,56,0,18,59,0,77,34,0,34,111
03/13/2014,PIH,ID,ANM,WE,Federal Contract Tower,0,11,15,0,26,0,6,44,0,50,0,17,59,0,76,50,0,50,126
03/14/2014,PIH,ID,ANM,WE,Federal Contract Tower,0,15,9,0,24,0,3,29,0,32,0,18,38,0,56,16,0,16,72
03/15/2014,PIH,ID,ANM,WE,Federal Contract Tower,0,5,0,0,5,0,3,24,0,27,0,8,24,0,32,18,0,18,50
03/16/2014,PIH,ID,ANM,WE,Federal Contract Tower,0,4,1,0,5,0,0,13,0,13,0,4,14,0,18,8,0,8,26
03/17/2014,PIH,ID,ANM,WE,Federal Contract Tower,0,11,1,0,12,0,4,6,0,10,0,15,7,0,22,0,0,0,22
03/18/2014,PIH,ID,ANM,WE,Federal Contract Tower,0,10,9,0,19,0,3,31,0,34,0,13,40,0,53,28,0,28,81
03/19/2014,PIH,ID,ANM,WE,Federal Contract Tower,0,11,10,0,21,0,4,13,0,17,0,15,23,0,38,26,0,26,64
03/20/2014,PIH,ID,ANM,WE,Federal Contract Tower,0,12,7,0,19,0,6,8,0,14,0,18,15,0,33,0,0,0,33
03/21/2014,PIH,ID,ANM,WE,Federal Contract Tower,0,16,3,0,19,0,5,25,0,30,0,21,28,0,49,16,0,16,65
03/22/2014,PIH,ID,ANM,WE,Federal Contract Tower,0,6,3,0,9,0,4,45,0,49,0,10,48,0,58,42,0,42,100
03/23/2014,PIH,ID,ANM,WE,Federal Contract Tower,0,5,0,0,5,0,0,5,0,5,0,5,5,0,10,0,0,0,10
03/24/2014,PIH,ID,ANM,WE,Federal Contract Tower,0,10,4,0,14,0,4,20,0,24,0,14,24,0,38,10,0,10,48
03/25/2014,PIH,ID,ANM,WE,Federal Contract Tower,0,11,1,0,12,0,5,40,0,45,0,16,41,0,57,44,0,44,101
03/26/2014,PIH,ID,ANM,WE,Federal Contract Tower,0,12,3,0,15,0,3,31,0,34,0,15,34,0,49,30,0,30,79
03/27/2014,PIH,ID,ANM,WE,Federal Contract Tower,0,12,7,0,19,0,2,13,0,15,0,14,20,0,34,0,0,0,34
03/28/2014,PIH,ID,ANM,WE,Federal Contract Tower,0,13,0,0,13,0,2,23,0,25,0,15,23,0,38,24,0,24,62
03/29/2014,PIH,ID,ANM,WE,Federal Contract Tower,0,9,2,0,11,0,0,2,0,2,0,9,4,0,13,0,0,0,13
03/30/2014,PIH,ID,ANM,WE,Federal Contract Tower,0,4,0,0,4,0,0,0,0,0,0,4,0,0,4,0,0,0,4
03/31/2014,PIH,ID,ANM,WE,Federal Contract Tower,0,11,6,0,17,0,4,42,0,46,0,15,48,0,63,50,0,50,113
04/01/2014,PIH,ID,ANM,WE,Federal Contract Tower,0,18,3,0,21,0,2,10,0,12,0,20,13,0,33,16,0,16,49
04/02/2014,PIH,ID,ANM,WE,Federal Contract Tower,0,13,6,0,19,0,1,25,0,26,0,14,31,0,45,56,0,56,101
04/03/2014,PIH,ID,ANM,WE,Federal Contract Tower,0,12,5,0,17,0,3,32,0,35,0,15,37,0,52,0,0,0,52
04/04/2014,PIH,ID,ANM,WE,Federal Contract Tower,0,12,4,0,16,0,3,24,0,27,0,15,28,0,43,16,0,16,59
04/05/2014,PIH,ID,ANM,WE,Federal Contract Tower,0,11,1,0,12,0,0,7,0,7,0,11,8,0,19,16,0,16,35
04/06/2014,PIH,ID,ANM,WE,Federal Contract Tower,0,5,0,0,5,0,0,7,0,7,0,5,7,0,12,0,0,0,12
04/07/2014,PIH,ID,ANM,WE,Federal Contract Tower,0,12,3,3,18,0,6,42,2,50,0,18,45,5,68,48,12,60,128
04/08/2014,PIH,ID,ANM,WE,Federal Contract Tower,0,11,8,0,19,0,15,44,0,59,0,26,52,0,78,28,0,28,106
04/09/2014,PIH,ID,ANM,WE,Federal Contract Tower,0,11,6,0,17,0,6,27,0,33,0,17,33,0,50,0,0,0,50
04/10/2014,PIH,ID,ANM,WE,Federal Contract Tower,0,9,2,0,11,0,4,34,0,38,0,13,36,0,49,4,0,4,53
04/11/2014,PIH,ID,ANM,WE,Federal Contract Tower,0,13,2,0,15,0,2,34,0,36,0,15,36,0,51,0,0,0,51
04/12/2014,PIH,ID,ANM,WE,Federal Contract Tower,0,6,0,0,6,0,4,16,0,20,0,10,16,0,26,0,0,0,26
04/13/2014,PIH,ID,ANM,WE,Federal Contract Tower,0,4,0,0,4,0,0,7,0,7,0,4,7,0,11,0,0,0,11
04/14/2014,PIH,ID,ANM,WE,Federal Contract Tower,0,10,5,0,15,0,5,45,0,50,0,15,50,0,65,78,0,78,143
04/15/2014,PIH,ID,ANM,WE,Federal Contract Tower,0,11,2,0,13,0,3,13,0,16,0,14,15,0,29,0,0,0,29
04/16/2014,PIH,ID,ANM,WE,Federal Contract Tower,0,13,10,0,23,0,5,40,0,45,0,18,50,0,68,26,0,26,94
04/17/2014,PIH,ID,ANM,WE,Federal Contract Tower,0,14,4,0,18,0,4,38,0,42,0,18,42,0,60,62,0,62,122
04/18/2014,PIH,ID,ANM,WE,Federal Contract Tower,0,17,1,0,18,0,3,12,0,15,0,20,13,0,33,0,0,0,33
04/19/2014,PIH,ID,ANM,WE,Federal Contract Tower,0,5,0,0,5,0,3,26,0,29,0,8,26,0,34,36,0,36,70
04/20/2014,PIH,ID,ANM,WE,Federal Contract Tower,0,3,0,0,3,0,0,4,0,4,0,3,4,0,7,0,0,0,7
04/21/2014,PIH,ID,ANM,WE,Federal Contract Tower,0,11,0,0,11,0,4,31,0,35,0,15,31,0,46,30,0,30,76
04/22/2014,PIH,ID,ANM,WE,Federal Contract Tower,0,20,1,0,21,0,1,12,0,13,0,21,13,0,34,0,0,0,34
04/23/2014,PIH,ID,ANM,WE,Federal Contract Tower,0,14,5,0,19,0,2,8,0,10,0,16,13,0,29,0,0,0,29
04/24/2014,PIH,ID,ANM,WE,Federal Contract Tower,0,12,0,0,12,0,7,19,0,26,0,19,19,0,38,0,0,0,38
04/25/2014,PIH,ID,ANM,WE,Federal Contract Tower,0,19,4,0,23,0,1,24,0,25,0,20,28,0,48,22,0,22,70
04/26/2014,PIH,ID,ANM,WE,Federal Contract Tower,0,10,1,0,11,0,0,0,0,0,0,10,1,0,11,0,0,0,11
04/27/2014,PIH,ID,ANM,WE,Federal Contract Tower,0,9,1,0,10,0,2,4,0,6,0,11,5,0,16,2,0,2,18
04/28/2014,PIH,ID,ANM,WE,Federal Contract Tower,0,14,2,0,16,0,2,23,0,25,0,16,25,0,41,46,0,46,87
04/29/2014,PIH,ID,ANM,WE,Federal Contract Tower,0,13,8,0,21,0,7,52,0,59,0,20,60,0,80,146,0,146,226
04/30/2014,PIH,ID,ANM,WE,Federal Contract Tower,0,14,3,0,17,0,4,37,0,41,0,18,40,0,58,46,0,46,104
05/01/2014,PIH,ID,ANM,WE,Federal Contract Tower,0,13,2,0,15,0,0,32,0,32,0,13,34,0,47,16,0,16,63
05/02/2014,PIH,ID,ANM,WE,Federal Contract Tower,0,13,3,0,16,0,9,33,0,42,0,22,36,0,58,36,0,36,94
05/03/2014,PIH,ID,ANM,WE,Federal Contract Tower,0,5,4,0,9,0,2,36,0,38,0,7,40,0,47,13,0,13,60
05/04/2014,PIH,ID,ANM,WE,Federal Contract Tower,0,4,0,0,4,0,0,10,0,10,0,4,10,0,14,0,0,0,14
05/05/2014,PIH,ID,ANM,WE,Federal Contract Tower,0,12,2,0,14,0,14,23,0,37,0,26,25,0,51,28,0,28,79
05/06/2014,PIH,ID,ANM,WE,Federal Contract Tower,0,19,1,0,20,0,1,7,0,8,0,20,8,0,28,34,0,34,62
05/07/2014,PIH,ID,ANM,WE,Federal Contract Tower,0,14,1,0,15,0,1,15,0,16,0,15,16,0,31,24,0,24,55
05/08/2014,PIH,ID,ANM,WE,Federal Contract Tower,0,15,2,0,17,0,5,34,0,39,0,20,36,0,56,22,0,22,78
05/09/2014,PIH,ID,ANM,WE,Federal Contract Tower,0,18,2,0,20,0,2,1,0,3,0,20,3,0,23,0,0,0,23
05/10/2014,PIH,ID,ANM,WE,Federal Contract Tower,0,11,5,2,18,0,6,3,0,9,0,17,8,2,27,6,0,6,33
05/11/2014,PIH,ID,ANM,WE,Federal Contract Tower,0,3,0,0,3,0,0,14,0,14,0,3,14,0,17,0,0,0,17
05/12/2014,PIH,ID,ANM,WE,Federal Contract Tower,0,12,1,0,13,0,6,40,0,46,0,18,41,0,59,2,0,2,61
05/13/2014,PIH,ID,ANM,WE,Federal Contract Tower,0,11,6,0,17,0,7,40,0,47,0,18,46,0,64,24,0,24,88
05/14/2014,PIH,ID,ANM,WE,Federal Contract Tower,0,12,2,2,16,0,7,38,6,51,0,19,40,8,67,29,2,31,98
05/15/2014,PIH,ID,ANM,WE,Federal Contract Tower,0,13,5,0,18,0,2,48,0,50,0,15,53,0,68,22,0,22,90
05/16/2014,PIH,ID,ANM,WE,Federal Contract Tower,0,14,8,0,22,0,3,23,0,26,0,17,31,0,48,0,0,0,48
05/17/2014,PIH,ID,ANM,WE,Federal Contract Tower,0,5,3,2,10,0,3,24,0,27,0,8,27,2,37,8,0,8,45
05/18/2014,PIH,ID,ANM,WE,Federal Contract Tower,0,6,0,1,7,0,0,4,0,4,0,6,4,1,11,2,0,2,13
05/19/2014,PIH,ID,ANM,WE,Federal Contract Tower,0,9,4,2,15,0,5,23,0,28,0,14,27,2,43,18,0,18,61
05/20/2014,PIH,ID,ANM,WE,Federal Contract Tower,21,4,0,0,25,0,1,14,0,15,21,5,14,0,40,0,0,0,40
05/21/2014,PIH,ID,ANM,WE,Federal Contract Tower,0,18,3,0,21,0,10,37,0,47,0,28,40,0,68,0,0,0,68
05/22/2014,PIH,ID,ANM,WE,Federal Contract Tower,0,12,4,3,19,0,4,49,0,53,0,16,53,3,72,18,0,18,90
05/23/2014,PIH,ID,ANM,WE,Federal Contract Tower,0,11,6,0,17,0,7,42,0,49,0,18,48,0,66,6,0,6,72
05/24/2014,PIH,ID,ANM,WE,Federal Contract Tower,0,4,0,0,4,0,3,16,0,19,0,7,16,0,23,0,0,0,23
05/25/2014,PIH,ID,ANM,WE,Federal Contract Tower,0,2,3,0,5,0,0,9,0,9,0,2,12,0,14,36,0,36,50
05/26/2014,PIH,ID,ANM,WE,Federal Contract Tower,0,5,0,0,5,0,0,23,0,23,0,5,23,0,28,10,0,10,38
05/27/2014,PIH,ID,ANM,WE,Federal Contract Tower,0,10,1,0,11,0,3,31,0,34,0,13,32,0,45,29,0,29,74
05/28/2014,PIH,ID,ANM,WE,Federal Contract Tower,0,12,5,0,17,0,7,26,0,33,0,19,31,0,50,0,0,0,50
05/29/2014,PIH,ID,ANM,WE,Federal Contract Tower,0,13,5,0,18,0,3,33,0,36,0,16,38,0,54,4,0,4,58
05/30/2014,PIH,ID,ANM,WE,Federal Contract Tower,0,10,8,0,18,0,4,22,0,26,0,14,30,0,44,6,0,6,50
05/31/2014,PIH,ID,ANM,WE,Federal Contract Tower,0,4,1,0,5,0,4,20,0,24,0,8,21,0,29,24,0,24,53
06/01/2014,PIH,ID,ANM,WE,Federal Contract Tower,0,2,2,0,4,0,0,15,0,15,0,2,17,0,19,0,0,0,19
06/02/2014,PIH,ID,ANM,WE,Federal Contract Tower,0,11,2,0,13,0,4,26,0,30,0,15,28,0,43,51,0,51,94
06/03/2014,PIH,ID,ANM,WE,Federal Contract Tower,0,10,3,0,13,0,9,24,0,33,0,19,27,0,46,4,0,4,50
06/04/2014,PIH,ID,ANM,WE,Federal Contract Tower,0,9,3,2,14,0,7,11,0,18,0,16,14,2,32,10,0,10,42
06/05/2014,PIH,ID,ANM,WE,Federal Contract Tower,0,11,5,4,20,0,7,31,0,38,0,18,36,4,58,44,0,44,102
06/06/2014,PIH,ID,ANM,WE,Federal Contract Tower,0,13,10,0,23,0,3,32,0,35,0,16,42,0,58,47,0,47,105
06/07/2014,PIH,ID,ANM,WE,Federal Contract Tower,0,10,2,2,14,0,2,30,0,32,0,12,32,2,46,10,0,10,56
06/08/2014,PIH,ID,ANM,WE,Federal Contract Tower,0,9,2,0,11,0,0,8,0,8,0,9,10,0,19,0,0,0,19
06/09/2014,PIH,ID,ANM,WE,Federal Contract Tower,0,14,4,1,19,0,6,42,1,49,0,20,46,2,68,28,0,28,96
06/10/2014,PIH,ID,ANM,WE,Federal Contract Tower,0,15,1,0,16,0,5,13,0,18,0,20,14,0,34,22,0,22,56
06/11/2014,PIH,ID,ANM,WE,Federal Contract Tower,0,13,2,0,15,0,4,25,0,29,0,17,27,0,44,43,0,43,87
06/12/2014,PIH,ID,ANM,WE,Federal Contract Tower,0,16,8,0,24,0,2,27,0,29,0,18,35,0,53,39,0,39,92
06/13/2014,PIH,ID,ANM,WE,Federal Contract Tower,0,17,4,0,21,0,60,9,0,69,0,77,13,0,90,0,0,0,90
06/14/2014,PIH,ID,ANM,WE,Federal Contract Tower,0,11,6,0,17,0,11,12,0,23,0,22,18,0,40,0,0,0,40
06/15/2014,PIH,ID,ANM,WE,Federal Contract Tower,0,11,5,0,16,0,1,24,0,25,0,12,29,0,41,6,0,6,47
06/16/2014,PIH,ID,ANM,WE,Federal Contract Tower,0,19,5,0,24,0,2,14,0,16,0,21,19,0,40,0,0,0,40
06/17/2014,PIH,ID,ANM,WE,Federal Contract Tower,0,19,6,0,25,0,3,20,0,23,0,22,26,0,48,0,0,0,48
06/18/2014,PIH,ID,ANM,WE,Federal Contract Tower,0,16,6,0,22,0,9,16,0,25,0,25,22,0,47,0,0,0,47
06/19/2014,PIH,ID,ANM,WE,Federal Contract Tower,0,15,5,0,20,0,12,52,0,64,0,27,57,0,84,28,0,28,112
06/20/2014,PIH,ID,ANM,WE,Federal Contract Tower,0,12,6,0,18,0,8,30,0,38,0,20,36,0,56,4,0,4,60
06/21/2014,PIH,ID,ANM,WE,Federal Contract Tower,0,9,1,0,10,0,3,35,0,38,0,12,36,0,48,28,0,28,76
06/22/2014,PIH,ID,ANM,WE,Federal Contract Tower,0,6,3,0,9,0,0,12,0,12,0,6,15,0,21,0,0,0,21
06/23/2014,PIH,ID,ANM,WE,Federal Contract Tower,0,15,6,0,21,0,4,30,0,34,0,19,36,0,55,48,0,48,103
06/24/2014,PIH,ID,ANM,WE,Federal Contract Tower,0,17,5,0,22,0,7,46,0,53,0,24,51,0,75,54,0,54,129
06/25/2014,PIH,ID,ANM,WE,Federal Contract Tower,0,18,6,0,24,0,24,44,0,68,0,42,50,0,92,4,0,4,96
06/26/2014,PIH,ID,ANM,WE,Federal Contract Tower,0,17,5,0,22,0,1,25,0,26,0,18,30,0,48,0,0,0,48
06/27/2014,PIH,ID,ANM,WE,Federal Contract Tower,0,18,3,0,21,0,8,15,0,23,0,26,18,0,44,0,0,0,44
06/28/2014,PIH,ID,ANM,WE,Federal Contract Tower,1,9,0,2,12,0,6,9,0,15,1,15,9,2,27,0,0,0,27
06/29/2014,PIH,ID,ANM,WE,Federal Contract Tower,0,13,4,0,17,0,8,10,0,18,0,21,14,0,35,2,0,2,37
06/30/2014,PIH,ID,ANM,WE,Federal Contract Tower,1,14,1,0,16,0,7,24,0,31,1,21,25,0,47,28,0,28,75
07/01/2014,PIH,ID,ANM,WE,Federal Contract Tower,0,15,3,0,18,0,7,53,0,60,0,22,56,0,78,30,0,30,108
07/02/2014,PIH,ID,ANM,WE,Federal Contract Tower,0,15,11,0,26,0,4,44,0,48,0,19,55,0,74,22,0,22,96
07/03/2014,PIH,ID,ANM,WE,Federal Contract Tower,0,17,4,0,21,0,7,43,0,50,0,24,47,0,71,36,0,36,107
07/04/2014,PIH,ID,ANM,WE,Federal Contract Tower,1,4,2,0,7,0,4,21,0,25,1,8,23,0,32,42,0,42,74
07/05/2014,PIH,ID,ANM,WE,Federal Contract Tower,4,9,1,0,14,2,12,18,0,32,6,21,19,0,46,0,0,0,46
07/06/2014,PIH,ID,ANM,WE,Federal Contract Tower,2,9,0,0,11,0,0,13,0,13,2,9,13,0,24,0,0,0,24
07/07/2014,PIH,ID,ANM,WE,Federal Contract Tower,0,16,2,1,19,0,6,40,0,46,0,22,42,1,65,22,0,22,87
07/08/2014,PIH,ID,ANM,WE,Federal Contract Tower,1,16,3,0,20,0,4,41,0,45,1,20,44,0,65,28,0,28,93
07/09/2014,PIH,ID,ANM,WE,Federal Contract Tower,1,12,3,2,18,0,5,31,0,36,1,17,34,2,54,66,0,66,120
07/10/2014,PIH,ID,ANM,WE,Federal Contract Tower,0,17,10,0,27,0,9,31,0,40,0,26,41,0,67,42,0,42,109
07/11/2014,PIH,ID,ANM,WE,Federal Contract Tower,3,15,5,0,23,0,2,31,0,33,3,17,36,0,56,26,0,26,82
07/12/2014,PIH,ID,ANM,WE,Federal Contract Tower,0,8,4,0,12,0,9,19,1,29,0,17,23,1,41,10,0,10,51
07/13/2014,PIH,ID,ANM,WE,Federal Contract Tower,0,10,6,0,16,0,0,55,0,55,0,10,61,0,71,18,0,18,89
07/14/2014,PIH,ID,ANM,WE,Federal Contract Tower,0,14,3,3,20,0,25,49,0,74,0,39,52,3,94,36,0,36,130
07/15/2014,PIH,ID,ANM,WE,Federal Contract Tower,0,18,4,0,22,0,17,28,0,45,0,35,32,0,67,0,0,0,67
07/16/2014,PIH,ID,ANM,WE,Federal Contract Tower,1,14,5,0,20,6,47,39,0,92,7,61,44,0,112,6,0,6,118
07/17/2014,PIH,ID,ANM,WE,Federal Contract Tower,0,15,7,0,22,0,9,42,0,51,0,24,49,0,73,4,0,4,77
07/18/2014,PIH,ID,ANM,WE,Federal Contract Tower,0,12,10,0,22,0,12,28,0,40,0,24,38,0,62,6,0,6,68
07/19/2014,PIH,ID,ANM,WE,Federal Contract Tower,0,8,4,0,12,0,5,12,0,17,0,13,16,0,29,0,0,0,29
07/20/2014,PIH,ID,ANM,WE,Federal Contract Tower,0,10,3,0,13,0,1,24,0,25,0,11,27,0,38,14,0,14,52
07/21/2014,PIH,ID,ANM,WE,Federal Contract Tower,0,13,1,2,16,0,9,37,6,52,0,22,38,8,68,34,0,34,102
07/22/2014,PIH,ID,ANM,WE,Federal Contract Tower,0,14,1,0,15,0,40,47,0,87,0,54,48,0,102,60,0,60,162
07/23/2014,PIH,ID,ANM,WE,Federal Contract Tower,0,13,6,0,19,0,16,21,0,37,0,29,27,0,56,14,0,14,70
07/24/2014,PIH,ID,ANM,WE,Federal Contract Tower,2,16,2,0,20,0,13,27,0,40,2,29,29,0,60,20,0,20,80
07/25/2014,PIH,ID,ANM,WE,Federal Contract Tower,0,13,7,0,20,0,6,45,0,51,0,19,52,0,71,49,0,49,120
07/26/2014,PIH,ID,ANM,WE,Federal Contract Tower,0,6,1,0,7,0,4,18,0,22,0,10,19,0,29,24,0,24,53
07/27/2014,PIH,ID,ANM,WE,Federal Contract Tower,0,8,0,2,10,0,3,27,0,30,0,11,27,2,40,26,0,26,66
07/28/2014,PIH,ID,ANM,WE,Federal Contract Tower,0,12,2,0,14,0,6,29,0,35,0,18,31,0,49,68,0,68,117
07/29/2014,PIH,ID,ANM,WE,Federal Contract Tower,0,15,0,0,15,0,11,17,0,28,0,26,17,0,43,6,0,6,49
07/30/2014,PIH,ID,ANM,WE,Federal Contract Tower,0,17,1,0,18,0,13,19,0,32,0,30,20,0,50,24,0,24,74
07/31/2014,PIH,ID,ANM,WE,Federal Contract Tower,0,12,5,0,17,0,6,40,0,46,0,18,45,0,63,56,0,56,119
08/01/2014,PIH,ID,ANM,WE,Federal Contract Tower,0,15,6,0,21,0,9,49,0,58,0,24,55,0,79,4,0,4,83
08/02/2014,PIH,ID,ANM,WE,Federal Contract Tower,0,6,3,0,9,0,158,248,0,406,0,164,251,0,415,8,0,8,423
08/03/2014,PIH,ID,ANM,WE,Federal Contract Tower,0,8,2,0,10,0,2,17,0,19,0,10,19,0,29,4,0,4,33
08/04/2014,PIH,ID,ANM,WE,Federal Contract Tower,0,17,6,0,23,0,1,15,0,16,0,18,21,0,39,0,0,0,39
08/05/2014,PIH,ID,ANM,WE,Federal Contract Tower,0,18,4,4,26,0,5,11,3,19,0,23,15,7,45,0,12,12,57
08/06/2014,PIH,ID,ANM,WE,Federal Contract Tower,0,23,9,0,32,0,7,15,0,22,0,30,24,0,54,24,0,24,78
08/07/2014,PIH,ID,ANM,WE,Federal Contract Tower,0,19,3,0,22,0,0,24,0,24,0,19,27,0,46,24,0,24,70
08/08/2014,PIH,ID,ANM,WE,Federal Contract Tower,0,19,2,0,21,0,10,24,0,34,0,29,26,0,55,10,0,10,65
08/09/2014,PIH,ID,ANM,WE,Federal Contract Tower,0,8,3,0,11,0,11,22,0,33,0,19,25,0,44,12,0,12,56
08/10/2014,PIH,ID,ANM,WE,Federal Contract Tower,0,8,1,0,9,0,2,35,0,37,0,10,36,0,46,50,0,50,96
08/11/2014,PIH,ID,ANM,WE,Federal Contract Tower,0,11,7,0,18,0,22,38,0,60,0,33,45,0,78,22,0,22,100
08/12/2014,PIH,ID,ANM,WE,Federal Contract Tower,0,18,6,0,24,0,2,41,0,43,0,20,47,0,67,46,0,46,113
08/13/2014,PIH,ID,ANM,WE,Federal Contract Tower,0,19,7,0,26,0,1,22,0,23,0,20,29,0,49,22,0,22,71
08/14/2014,PIH,ID,ANM,WE,Federal Contract Tower,0,16,5,0,21,0,5,36,0,41,0,21,41,0,62,72,0,72,134
08/15/2014,PIH,ID,ANM,WE,Federal Contract Tower,0,17,5,0,22,0,2,55,0,57,0,19,60,0,79,62,0,62,141
08/16/2014,PIH,ID,ANM,WE,Federal Contract Tower,0,9,1,0,10,0,4,12,2,18,0,13,13,2,28,0,0,0,28
08/17/2014,PIH,ID,ANM,WE,Federal Contract Tower,0,7,4,0,11,0,4,30,0,34,0,11,34,0,45,46,0,46,91
08/18/2014,PIH,ID,ANM,WE,Federal Contract Tower,0,13,1,1,15,0,5,25,1,31,0,18,26,2,46,22,30,52,98
08/19/2014,PIH,ID,ANM,WE,Federal Contract Tower,0,14,9,0,23,0,8,11,0,19,0,22,20,0,42,0,0,0,42
08/20/2014,PIH,ID,ANM,WE,Federal Contract Tower,0,17,3,0,20,0,3,17,0,20,0,20,20,0,40,46,0,46,86
08/21/2014,PIH,ID,ANM,WE,Federal Contract Tower,0,15,1,0,16,0,0,13,0,13,0,15,14,0,29,46,0,46,75
08/22/2014,PIH,ID,ANM,WE,Federal Contract Tower,0,19,8,0,27,0,0,7,0,7,0,19,15,0,34,0,0,0,34
08/23/2014,PIH,ID,ANM,WE,Federal Contract Tower,0,9,6,0,15,0,5,10,0,15,0,14,16,0,30,0,0,0,30
08/24/2014,PIH,ID,ANM,WE,Federal Contract Tower,0,7,4,0,11,0,2,15,3,20,0,9,19,3,31,26,0,26,57
08/25/2014,PIH,ID,ANM,WE,Federal Contract Tower,0,16,0,0,16,0,2,19,0,21,0,18,19,0,37,32,0,32,69
08/26/2014,PIH,ID,ANM,WE,Federal Contract Tower,0,16,3,0,19,0,2,38,0,40,0,18,41,0,59,32,0,32,91
08/27/2014,PIH,ID,ANM,WE,Federal Contract Tower,0,17,6,0,23,0,12,36,0,48,0,29,42,0,71,52,0,52,123
08/28/2014,PIH,ID,ANM,WE,Federal Contract Tower,0,17,15,0,32,0,1,58,0,59,0,18,73,0,91,54,0,54,145
08/29/2014,PIH,ID,ANM,WE,Federal Contract Tower,0,15,5,0,20,0,16,49,0,65,0,31,54,0,85,36,0,36,121
08/30/2014,PIH,ID,ANM,WE,Federal Contract Tower,0,6,1,0,7,0,0,8,0,8,0,6,9,0,15,6,0,6,21
08/31/2014,PIH,ID,ANM,WE,Federal Contract Tower,0,2,2,0,4,0,0,5,0,5,0,2,7,0,9,0,0,0,9
09/01/2014,PIH,ID,ANM,WE,Federal Contract Tower,0,3,2,0,5,0,3,25,0,28,0,6,27,0,33,26,0,26,59
09/02/2014,PIH,ID,ANM,WE,Federal Contract Tower,0,13,9,0,22,0,2,37,0,39,0,15,46,0,61,26,0,26,87
09/03/2014,PIH,ID,ANM,WE,Federal Contract Tower,0,18,4,0,22,0,3,22,2,27,0,21,26,2,49,0,0,0,49
09/04/2014,PIH,ID,ANM,WE,Federal Contract Tower,0,14,9,0,23,0,3,53,0,56,0,17,62,0,79,60,0,60,139
09/05/2014,PIH,ID,ANM,WE,Federal Contract Tower,0,18,4,0,22,0,11,35,2,48,0,29,39,2,70,0,0,0,70
09/06/2014,PIH,ID,ANM,WE,Federal Contract Tower,0,6,1,0,7,0,3,16,0,19,0,9,17,0,26,26,0,26,52
09/07/2014,PIH,ID,ANM,WE,Federal Contract Tower,0,7,4,0,11,0,1,20,0,21,0,8,24,0,32,0,0,0,32
09/08/2014,PIH,ID,ANM,WE,Federal Contract Tower,0,16,0,0,16,0,6,38,0,44,0,22,38,0,60,26,0,26,86
09/09/2014,PIH,ID,ANM,WE,Federal Contract Tower,0,21,2,0,23,0,4,28,2,34,0,25,30,2,57,32,0,32,89
09/10/2014,PIH,ID,ANM,WE,Federal Contract Tower,0,15,3,0,18,0,8,25,2,35,0,23,28,2,53,28,0,28,81
09/11/2014,PIH,ID,ANM,WE,Federal Contract Tower,0,13,3,0,16,0,4,38,0,42,0,17,41,0,58,10,0,10,68
09/12/2014,PIH,ID,ANM,WE,Federal Contract Tower,0,12,10,0,22,0,2,56,0,58,0,14,66,0,80,54,0,54,134
09/13/2014,PIH,ID,ANM,WE,Federal Contract Tower,0,9,0,2,11,0,4,26,1,31,0,13,26,3,42,32,0,32,74
09/14/2014,PIH,ID,ANM,WE,Federal Contract Tower,0,9,1,0,10,0,0,21,0,21,0,9,22,0,31,22,0,22,53
09/15/2014,PIH,ID,ANM,WE,Federal Contract Tower,0,14,7,0,21,0,2,20,0,22,0,16,27,0,43,42,0,42,85
09/16/2014,PIH,ID,ANM,WE,Federal Contract Tower,0,16,4,0,20,0,4,46,2,52,0,20,50,2,72,30,0,30,102
09/17/2014,PIH,ID,ANM,WE,Federal Contract Tower,0,14,4,1,19,0,2,30,1,33,0,16,34,2,52,40,6,46,98
09/18/2014,PIH,ID,ANM,WE,Federal Contract Tower,0,17,6,0,23,0,2,20,2,24,0,19,26,2,47,0,0,0,47
09/19/2014,PIH,ID,ANM,WE,Federal Contract Tower,0,15,2,0,17,0,8,28,0,36,0,23,30,0,53,46,0,46,99
09/20/2014,PIH,ID,ANM,WE,Federal Contract Tower,0,13,8,0,21,0,1,49,2,52,0,14,57,2,73,0,0,0,73
09/21/2014,PIH,ID,ANM,WE,Federal Contract Tower,0,1,7,0,8,0,0,6,0,6,0,1,13,0,14,2,0,2,16
09/22/2014,PIH,ID,ANM,WE,Federal Contract Tower,0,14,6,0,20,0,1,28,2,31,0,15,34,2,51,40,0,40,91
09/23/2014,PIH,ID,ANM,WE,Federal Contract Tower,0,16,7,0,23,0,0,32,0,32,0,16,39,0,55,58,0,58,113
09/24/2014,PIH,ID,ANM,WE,Federal Contract Tower,0,18,4,0,22,0,2,42,0,44,0,20,46,0,66,62,0,62,128
09/25/2014,PIH,ID,ANM,WE,Federal Contract Tower,0,17,6,0,23,0,2,34,0,36,0,19,40,0,59,52,0,52,111
09/26/2014,PIH,ID,ANM,WE,Federal Contract Tower,1,11,2,0,14,0,1,27,0,28,1,12,29,0,42,30,0,30,72
09/27/2014,PIH,ID,ANM,WE,Federal Contract Tower,1,8,1,0,10,0,0,1,0,1,1,8,2,0,11,0,0,0,11
09/28/2014,PIH,ID,ANM,WE,Federal Contract Tower,0,17,3,0,20,0,0,10,0,10,0,17,13,0,30,0,0,0,30
09/29/2014,PIH,ID,ANM,WE,Federal Contract Tower,0,14,2,0,16,0,0,19,0,19,0,14,21,0,35,61,0,61,96
09/30/2014,PIH,ID,ANM,WE,Federal Contract Tower,0,15,2,0,17,0,1,20,0,21,0,16,22,0,38,30,0,30,68
10/01/2014,PIH,ID,ANM,WE,Federal Contract Tower,0,16,5,0,21,0,0,27,0,27,0,16,32,0,48,26,2,28,76
10/02/2014,PIH,ID,ANM,WE,Federal Contract Tower,0,14,4,0,18,0,0,34,2,36,0,14,38,2,54,22,0,22,76
10/03/2014,PIH,ID,ANM,WE,Federal Contract Tower,0,12,4,0,16,0,1,39,0,40,0,13,43,0,56,20,0,20,76
10/04/2014,PIH,ID,ANM,WE,Federal Contract Tower,0,8,3,0,11,0,1,33,0,34,0,9,36,0,45,6,0,6,51
10/05/2014,PIH,ID,ANM,WE,Federal Contract Tower,0,7,4,0,11,0,2,47,0,49,0,9,51,0,60,12,0,12,72
10/06/2014,PIH,ID,ANM,WE,Federal Contract Tower,0,15,1,0,16,0,0,40,2,42,0,15,41,2,58,22,0,22,80
10/07/2014,PIH,ID,ANM,WE,Federal Contract Tower,0,14,7,0,21,0,0,30,2,32,0,14,37,2,53,42,0,42,95
10/08/2014,PIH,ID,ANM,WE,Federal Contract Tower,0,13,3,0,16,0,6,54,0,60,0,19,57,0,76,84,0,84,160
10/09/2014,PIH,ID,ANM,WE,Federal Contract Tower,0,13,3,2,18,0,0,37,2,39,0,13,40,4,57,62,0,62,119
10/10/2014,PIH,ID,ANM,WE,Federal Contract Tower,0,9,9,2,20,0,2,41,0,43,0,11,50,2,63,4,0,4,67
10/11/2014,PIH,ID,ANM,WE,Federal Contract Tower,0,4,2,0,6,0,4,21,0,25,0,8,23,0,31,22,0,22,53
10/12/2014,PIH,ID,ANM,WE,Federal Contract Tower,0,5,0,0,5,0,0,1,0,1,0,5,1,0,6,0,0,0,6
10/13/2014,PIH,ID,ANM,WE,Federal Contract Tower,0,10,4,0,14,0,0,44,0,44,0,10,48,0,58,44,0,44,102
10/14/2014,PIH,ID,ANM,WE,Federal Contract Tower,0,12,3,0,15,0,30,2,0,32,0,42,5,0,47,48,0,48,95
10/15/2014,PIH,ID,ANM,WE,Federal Contract Tower,0,13,0,0,13,0,0,11,0,11,0,13,11,0,24,0,0,0,24
10/16/2014,PIH,ID,ANM,WE,Federal Contract Tower,0,11,0,0,11,0,0,30,0,30,0,11,30,0,41,42,0,42,83
10/17/2014,PIH,ID,ANM,WE,Federal Contract Tower,0,12,5,0,17,0,1,22,0,23,0,13,27,0,40,12,0,12,52
10/18/2014,PIH,ID,ANM,WE,Federal Contract Tower,0,5,1,0,6,0,4,37,0,41,0,9,38,0,47,22,0,22,69
10/19/2014,PIH,ID,ANM,WE,Federal Contract Tower,0,8,2,0,10,0,0,22,0,22,0,8,24,0,32,0,0,0,32
10/20/2014,PIH,ID,ANM,WE,Federal Contract Tower,0,10,7,0,17,0,1,34,2,37,0,11,41,2,54,0,0,0,54
10/21/2014,PIH,ID,ANM,WE,Federal Contract Tower,0,11,0,0,11,0,1,0,0,1,0,12,0,0,12,0,0,0,12
10/22/2014,PIH,ID,ANM,WE,Federal Contract Tower,0,13,3,0,16,0,0,37,0,37,0,13,40,0,53,42,0,42,95
10/23/2014,PIH,ID,ANM,WE,Federal Contract Tower,0,12,5,0,17,0,0,31,2,33,0,12,36,2,50,0,0,0,50
10/24/2014,PIH,ID,ANM,WE,Federal Contract Tower,2,12,8,0,22,0,3,27,0,30,2,15,35,0,52,0,0,0,52
10/25/2014,PIH,ID,ANM,WE,Federal Contract Tower,2,9,3,0,14,0,5,18,0,23,2,14,21,0,37,0,0,0,37
10/26/2014,PIH,ID,ANM,WE,Federal Contract Tower,0,7,3,0,10,0,0,7,0,7,0,7,10,0,17,0,0,0,17
10/27/2014,PIH,ID,ANM,WE,Federal Contract Tower,0,9,2,0,11,0,2,22,0,24,0,11,24,0,35,38,0,38,73
10/28/2014,PIH,ID,ANM,WE,Federal Contract Tower,0,12,4,0,16,0,21,55,0,76,0,33,59,0,92,64,0,64,156
10/29/2014,PIH,ID,ANM,WE,Federal Contract Tower,0,15,8,0,23,0,0,34,2,36,0,15,42,2,59,22,0,22,81
10/30/2014,PIH,ID,ANM,WE,Federal Contract Tower,0,14,2,0,16,0,0,42,0,42,0,14,44,0,58,16,0,16,74
10/31/2014,PIH,ID,ANM,WE,Federal Contract Tower,2,15,0,0,17,0,3,31,0,34,2,18,31,0,51,26,0,26,77
11/01/2014,PIH,ID,ANM,WE,Federal Contract Tower,0,9,5,0,14,0,4,6,0,10,0,13,11,0,24,0,0,0,24
11/02/2014,PIH,ID,ANM,WE,Federal Contract Tower,2,6,1,0,9,0,0,0,0,0,2,6,1,0,9,0,0,0,9
11/03/2014,PIH,ID,ANM,WE,Federal Contract Tower,0,7,3,0,10,0,1,22,0,23,0,8,25,0,33,40,0,40,73
11/04/2014,PIH,ID,ANM,WE,Federal Contract Tower,0,14,3,0,17,0,2,26,2,30,0,16,29,2,47,46,0,46,93
11/05/2014,PIH,ID,ANM,WE,Federal Contract Tower,0,13,0,2,15,0,0,44,0,44,0,13,44,2,59,20,4,24,83
11/06/2014,PIH,ID,ANM,WE,Federal Contract Tower,0,11,3,0,14,0,3,37,0,40,0,14,40,0,54,38,0,38,92
11/07/2014,PIH,ID,ANM,WE,Federal Contract Tower,1,16,3,0,20,0,1,38,0,39,1,17,41,0,59,62,0,62,121
11/08/2014,PIH,ID,ANM,WE,Federal Contract Tower,1,8,3,0,12,0,4,45,0,49,1,12,48,0,61,46,0,46,107
11/09/2014,PIH,ID,ANM,WE,Federal Contract Tower,0,6,1,0,7,0,0,3,0,3,0,6,4,0,10,0,0,0,10
11/10/2014,PIH,ID,ANM,WE,Federal Contract Tower,0,12,3,0,15,0,0,18,0,18,0,12,21,0,33,4,0,4,37
11/11/2014,PIH,ID,ANM,WE,Federal Contract Tower,0,14,2,0,16,0,2,12,0,14,0,16,14,0,30,0,0,0,30
11/12/2014,PIH,ID,ANM,WE,Federal Contract Tower,0,15,7,0,22,0,0,31,0,31,0,15,38,0,53,8,0,8,61
11/13/2014,PIH,ID,ANM,WE,Federal Contract Tower,0,13,5,0,18,0,0,6,0,6,0,13,11,0,24,10,0,10,34
11/14/2014,PIH,ID,ANM,WE,Federal Contract Tower,0,15,2,0,17,0,0,0,0,0,0,15,2,0,17,0,0,0,17
11/15/2014,PIH,ID,ANM,WE,Federal Contract Tower,0,9,14,0,23,0,1,22,0,23,0,10,36,0,46,4,0,4,50
11/16/2014,PIH,ID,ANM,WE,Federal Contract Tower,0,16,1,0,17,0,0,2,0,2,0,16,3,0,19,0,0,0,19
11/17/2014,PIH,ID,ANM,WE,Federal Contract Tower,0,9,8,1,18,0,1,30,1,32,0,10,38,2,50,2,0,2,52
11/18/2014,PIH,ID,ANM,WE,Federal Contract Tower,0,14,10,0,24,0,2,24,0,26,0,16,34,0,50,12,0,12,62
11/19/2014,PIH,ID,ANM,WE,Federal Contract Tower,0,14,3,0,17,0,1,46,0,47,0,15,49,0,64,62,0,62,126
11/20/2014,PIH,ID,ANM,WE,Federal Contract Tower,0,13,2,0,15,0,0,26,0,26,0,13,28,0,41,10,0,10,51
11/21/2014,PIH,ID,ANM,WE,Federal Contract Tower,0,12,0,0,12,0,1,30,0,31,0,13,30,0,43,92,0,92,135
11/22/2014,PIH,ID,ANM,WE,Federal Contract Tower,0,9,0,0,9,0,0,0,0,0,0,9,0,0,9,0,0,0,9
11/23/2014,PIH,ID,ANM,WE,Federal Contract Tower,0,7,1,0,8,0,1,5,0,6,0,8,6,0,14,0,0,0,14
11/24/2014,PIH,ID,ANM,WE,Federal Contract Tower,0,10,0,0,10,0,1,28,2,31,0,11,28,2,41,8,0,8,49
11/25/2014,PIH,ID,ANM,WE,Federal Contract Tower,0,18,0,0,18,0,0,9,0,9,0,18,9,0,27,0,0,0,27
11/26/2014,PIH,ID,ANM,WE,Federal Contract Tower,0,12,3,0,15,0,5,31,0,36,0,17,34,0,51,18,0,18,69
11/27/2014,PIH,ID,ANM,WE,Federal Contract Tower,0,2,0,0,2,0,0,17,0,17,0,2,17,0,19,8,0,8,27
11/28/2014,PIH,ID,ANM,WE,Federal Contract Tower,0,8,4,0,12,0,0,13,0,13,0,8,17,0,25,34,0,34,59
11/29/2014,PIH,ID,ANM,WE,Federal Contract Tower,0,8,1,0,9,0,0,2,0,2,0,8,3,0,11,20,0,20,31
11/30/2014,PIH,ID,ANM,WE,Federal Contract Tower,0,9,0,0,9,0,0,7,0,7,0,9,7,0,16,4,0,4,20
12/01/2014,PIH,ID,ANM,WE,Federal Contract Tower,0,19,3,0,22,0,0,6,0,6,0,19,9,0,28,0,0,0,28
12/02/2014,PIH,ID,ANM,WE,Federal Contract Tower,0,18,11,0,29,0,1,15,0,16,0,19,26,0,45,0,0,0,45
12/03/2014,PIH,ID,ANM,WE,Federal Contract Tower,0,16,4,0,20,0,1,10,0,11,0,17,14,0,31,0,0,0,31
12/04/2014,PIH,ID,ANM,WE,Federal Contract Tower,0,12,7,0,19,0,0,25,0,25,0,12,32,0,44,62,0,62,106
12/05/2014,PIH,ID,ANM,WE,Federal Contract Tower,0,17,1,0,18,0,10,35,0,45,0,27,36,0,63,118,0,118,181
12/06/2014,PIH,ID,ANM,WE,Federal Contract Tower,0,7,4,0,11,0,13,17,0,30,0,20,21,0,41,60,0,60,101
12/07/2014,PIH,ID,ANM,WE,Federal Contract Tower,0,7,1,0,8,0,0,30,0,30,0,7,31,0,38,12,0,12,50
12/08/2014,PIH,ID,ANM,WE,Federal Contract Tower,0,10,4,0,14,0,2,41,0,43,0,12,45,0,57,32,0,32,89
12/09/2014,PIH,ID,ANM,WE,Federal Contract Tower,0,12,3,0,15,0,2,24,8,34,0,14,27,8,49,10,0,10,59
12/10/2014,PIH,ID,ANM,WE,Federal Contract Tower,0,15,2,0,17,0,5,28,2,35,0,20,30,2,52,46,0,46,98
12/11/2014,PIH,ID,ANM,WE,Federal Contract Tower,0,12,1,0,13,0,11,17,0,28,0,23,18,0,41,14,0,14,55
12/12/2014,PIH,ID,ANM,WE,Federal Contract Tower,0,10,10,0,20,0,2,6,0,8,0,12,16,0,28,8,0,8,36
12/13/2014,PIH,ID,ANM,WE,Federal Contract Tower,0,12,4,0,16,0,2,3,0,5,0,14,7,0,21,0,0,0,21
12/14/2014,PIH,ID,ANM,WE,Federal Contract Tower,0,5,1,0,6,0,0,0,0,0,0,5,1,0,6,0,0,0,6
12/15/2014,PIH,ID,ANM,WE,Federal Contract Tower,0,9,0,0,9,0,2,29,0,31,0,11,29,0,40,40,0,40,80
12/16/2014,PIH,ID,ANM,WE,Federal Contract Tower,0,15,6,0,21,0,1,9,0,10,0,16,15,0,31,42,0,42,73
12/17/2014,PIH,ID,ANM,WE,Federal Contract Tower,0,15,4,0,19,0,2,19,0,21,0,17,23,0,40,6,0,6,46
12/18/2014,PIH,ID,ANM,WE,Federal Contract Tower,0,14,0,0,14,0,0,16,0,16,0,14,16,0,30,20,0,20,50
12/19/2014,PIH,ID,ANM,WE,Federal Contract Tower,0,17,5,0,22,0,1,12,0,13,0,18,17,0,35,4,0,4,39
12/20/2014,PIH,ID,ANM,WE,Federal Contract Tower,0,9,0,0,9,0,2,2,0,4,0,11,2,0,13,0,0,0,13
12/21/2014,PIH,ID,ANM,WE,Federal Contract Tower,0,4,0,0,4,0,0,0,0,0,0,4,0,0,4,0,0,0,4
12/22/2014,PIH,ID,ANM,WE,Federal Contract Tower,0,15,0,0,15,0,1,4,0,5,0,16,4,0,20,12,0,12,32
12/23/2014,PIH,ID,ANM,WE,Federal Contract Tower,0,11,0,0,11,0,2,22,0,24,0,13,22,0,35,4,0,4,39
12/24/2014,PIH,ID,ANM,WE,Federal Contract Tower,0,13,0,0,13,0,1,10,0,11,0,14,10,0,24,0,0,0,24
12/25/2014,PIH,ID,ANM,WE,Federal Contract Tower,0,2,0,0,2,0,0,0,0,0,0,2,0,0,2,0,0,0,2
12/26/2014,PIH,ID,ANM,WE,Federal Contract Tower,0,12,0,0,12,0,6,5,0,11,0,18,5,0,23,0,0,0,23
12/27/2014,PIH,ID,ANM,WE,Federal Contract Tower,0,8,0,0,8,0,7,13,0,20,0,15,13,0,28,28,0,28,56
12/28/2014,PIH,ID,ANM,WE,Federal Contract Tower,0,11,0,0,11,0,0,0,0,0,0,11,0,0,11,0,0,0,11
12/29/2014,PIH,ID,ANM,WE,Federal Contract Tower,0,11,2,0,13,0,0,10,0,10,0,11,12,0,23,20,0,20,43
12/30/2014,PIH,ID,ANM,WE,Federal Contract Tower,0,11,2,0,13,0,1,20,0,21,0,12,22,0,34,37,0,37,71
12/31/2014,PIH,ID,ANM,WE,Federal Contract Tower,0,12,3,0,15,0,4,12,0,16,0,16,15,0,31,7,0,7,38
01/01/2015,PIH,ID,ANM,WE,Federal Contract Tower,0,9,0,0,9,0,0,2,0,2,0,9,2,0,11,8,0,8,19
01/02/2015,PIH,ID,ANM,WE,Federal Contract Tower,0,10,1,0,11,0,4,17,0,21,0,14,18,0,32,28,0,28,60
01/03/2015,PIH,ID,ANM,WE,Federal Contract Tower,0,8,0,0,8,0,4,9,0,13,0,12,9,0,21,22,0,22,43
01/04/2015,PIH,ID,ANM,WE,Federal Contract Tower,0,7,0,0,7,0,0,2,0,2,0,7,2,0,9,2,0,2,11
01/05/2015,PIH,ID,ANM,WE,Federal Contract Tower,0,14,2,0,16,0,2,12,0,14,0,16,14,0,30,4,0,4,34
01/06/2015,PIH,ID,ANM,WE,Federal Contract Tower,0,12,2,0,14,0,1,37,0,38,0,13,39,0,52,42,0,42,94
01/07/2015,PIH,ID,ANM,WE,Federal Contract Tower,0,11,2,1,14,0,2,25,1,28,0,13,27,2,42,38,0,38,80
01/08/2015,PIH,ID,ANM,WE,Federal Contract Tower,0,16,0,0,16,0,2,12,0,14,0,18,12,0,30,25,0,25,55
01/09/2015,PIH,ID,ANM,WE,Federal Contract Tower,0,4,1,0,5,0,0,0,0,0,0,4,1,0,5,0,0,0,5
01/10/2015,PIH,ID,ANM,WE,Federal Contract Tower,0,4,0,0,4,0,0,2,0,2,0,4,2,0,6,0,0,0,6
01/11/2015,PIH,ID,ANM,WE,Federal Contract Tower,0,6,0,0,6,0,0,0,0,0,0,6,0,0,6,0,0,0,6
01/12/2015,PIH,ID,ANM,WE,Federal Contract Tower,0,13,2,0,15,0,0,9,0,9,0,13,11,0,24,0,0,0,24
01/13/2015,PIH,ID,ANM,WE,Federal Contract Tower,0,11,0,0,11,0,0,1,0,1,0,11,1,0,12,0,0,0,12
01/14/2015,PIH,ID,ANM,WE,Federal Contract Tower,0,12,3,0,15,0,0,18,0,18,0,12,21,0,33,50,0,50,83
01/15/2015,PIH,ID,ANM,WE,Federal Contract Tower,0,9,7,0,16,0,3,23,0,26,0,12,30,0,42,30,0,30,72
01/16/2015,PIH,ID,ANM,WE,Federal Contract Tower,0,14,6,0,20,0,0,4,0,4,0,14,10,0,24,0,0,0,24
01/17/2015,PIH,ID,ANM,WE,Federal Contract Tower,0,11,2,0,13,0,0,14,0,14,0,11,16,0,27,18,0,18,45
01/18/2015,PIH,ID,ANM,WE,Federal Contract Tower,2,4,0,0,6,0,0,3,0,3,2,4,3,0,9,16,0,16,25
01/19/2015,PIH,ID,ANM,WE,Federal Contract Tower,0,10,9,0,19,0,0,26,0,26,0,10,35,0,45,26,0,26,71
01/20/2015,PIH,ID,ANM,WE,Federal Contract Tower,0,6,13,0,19,0,2,14,0,16,0,8,27,0,35,74,0,74,109
01/21/2015,PIH,ID,ANM,WE,Federal Contract Tower,0,11,6,2,19,0,1,6,0,7,0,12,12,2,26,0,0,0,26
01/22/2015,PIH,ID,ANM,WE,Federal Contract Tower,0,11,9,0,20,0,1,44,0,45,0,12,53,0,65,42,0,42,107
01/23/2015,PIH,ID,ANM,WE,Federal Contract Tower,0,8,13,2,23,0,4,21,0,25,0,12,34,2,48,56,0,56,104
01/24/2015,PIH,ID,ANM,WE,Federal Contract Tower,0,15,0,0,15,0,1,0,0,1,0,16,0,0,16,0,0,0,16
01/25/2015,PIH,ID,ANM,WE,Federal Contract Tower,0,7,2,0,9,0,0,15,0,15,0,7,17,0,24,8,0,8,32
01/26/2015,PIH,ID,ANM,WE,Federal Contract Tower,0,10,3,1,14,0,5,11,8,24,0,15,14,9,38,0,0,0,38
01/27/2015,PIH,ID,ANM,WE,Federal Contract Tower,0,13,0,0,13,0,2,21,0,23,0,15,21,0,36,14,0,14,50
01/28/2015,PIH,ID,ANM,WE,Federal Contract Tower,0,14,3,0,17,0,0,4,0,4,0,14,7,0,21,20,0,20,41
01/29/2015,PIH,ID,ANM,WE,Federal Contract Tower,0,12,3,0,15,0,5,8,0,13,0,17,11,0,28,10,0,10,38
01/30/2015,PIH,ID,ANM,WE,Federal Contract Tower,0,11,2,0,13,0,0,21,6,27,0,11,23,6,40,40,0,40,80
01/31/2015,PIH,ID,ANM,WE,Federal Contract Tower,0,8,0,0,8,0,6,5,0,11,0,14,5,0,19,0,0,0,19
02/01/2015,PIH,ID,ANM,WE,Federal Contract Tower,0,8,1,0,9,0,0,9,0,9,0,8,10,0,18,18,0,18,36
02/02/2015,PIH,ID,ANM,WE,Federal Contract Tower,0,15,0,0,15,0,0,4,0,4,0,15,4,0,19,0,0,0,19
02/03/2015,PIH,ID,ANM,WE,Federal Contract Tower,0,12,2,0,14,0,0,6,0,6,0,12,8,0,20,0,0,0,20
02/04/2015,PIH,ID,ANM,WE,Federal Contract Tower,0,9,0,2,11,0,1,10,0,11,0,10,10,2,22,26,0,26,48
02/05/2015,PIH,ID,ANM,WE,Federal Contract Tower,0,11,7,0,18,0,1,22,0,23,0,12,29,0,41,21,0,21,62
02/06/2015,PIH,ID,ANM,WE,Federal Contract Tower,0,13,4,0,17,0,2,17,4,23,0,15,21,4,40,0,0,0,40
02/07/2015,PIH,ID,ANM,WE,Federal Contract Tower,0,6,0,0,6,0,2,4,0,6,0,8,4,0,12,10,0,10,22
02/08/2015,PIH,ID,ANM,WE,Federal Contract Tower,0,4,3,0,7,0,0,21,0,21,0,4,24,0,28,32,0,32,60
02/09/2015,PIH,ID,ANM,WE,Federal Contract Tower,0,11,3,0,14,0,2,10,0,12,0,13,13,0,26,46,0,46,72
02/10/2015,PIH,ID,ANM,WE,Federal Contract Tower,0,11,1,0,12,0,0,18,0,18,0,11,19,0,30,18,0,18,48
02/11/2015,PIH,ID,ANM,WE,Federal Contract Tower,0,14,8,0,22,0,0,33,2,35,0,14,41,2,57,6,0,6,63
02/12/2015,PIH,ID,ANM,WE,Federal Contract Tower,0,11,6,0,17,0,1,35,2,38,0,12,41,2,55,18,0,18,73
02/13/2015,PIH,ID,ANM,WE,Federal Contract Tower,0,13,3,0,16,0,19,16,0,35,0,32,19,0,51,24,0,24,75
02/14/2015,PIH,ID,ANM,WE,Federal Contract Tower,0,4,0,0,4,0,3,40,0,43,0,7,40,0,47,128,0,128,175
02/15/2015,PIH,ID,ANM,WE,Federal Contract Tower,0,5,2,0,7,0,0,8,0,8,0,5,10,0,15,0,0,0,15
02/16/2015,PIH,ID,ANM,WE,Federal Contract Tower,0,9,2,2,13,0,1,25,0,26,0,10,27,2,39,0,2,2,41
02/17/2015,PIH,ID,ANM,WE,Federal Contract Tower,0,11,3,0,14,0,0,32,0,32,0,11,35,0,46,48,0,48,94
02/18/2015,PIH,ID,ANM,WE,Federal Contract Tower,0,9,11,0,20,0,1,40,0,41,0,10,51,0,61,32,0,32,93
02/19/2015,PIH,ID,ANM,WE,Federal Contract Tower,0,9,0,2,11,0,3,25,0,28,0,12,25,2,39,16,0,16,55
02/20/2015,PIH,ID,ANM,WE,Federal Contract Tower,0,14,5,2,21,0,2,14,0,16,0,16,19,2,37,54,0,54,91
02/21/2015,PIH,ID,ANM,WE,Federal Contract Tower,0,7,5,0,12,0,2,0,0,2,0,9,5,0,14,0,0,0,14
02/22/2015,PIH,ID,ANM,WE,Federal Contract Tower,0,7,0,0,7,0,0,12,0,12,0,7,12,0,19,0,0,0,19
02/23/2015,PIH,ID,ANM,WE,Federal Contract Tower,0,10,1,0,11,0,3,32,2,37,0,13,33,2,48,32,0,32,80
02/24/2015,PIH,ID,ANM,WE,Federal Contract Tower,0,12,2,0,14,0,0,28,0,28,0,12,30,0,42,24,0,24,66
02/25/2015,PIH,ID,ANM,WE,Federal Contract Tower,0,16,7,4,27,0,0,22,0,22,0,16,29,4,49,26,2,28,77
02/26/2015,PIH,ID,ANM,WE,Federal Contract Tower,0,10,8,0,18,0,2,23,0,25,0,12,31,0,43,83,0,83,126
02/27/2015,PIH,ID,ANM,WE,Federal Contract Tower,0,13,0,0,13,0,0,11,0,11,0,13,11,0,24,18,0,18,42
02/28/2015,PIH,ID,ANM,WE,Federal Contract Tower,0,5,1,0,6,0,2,14,0,16,0,7,15,0,22,12,0,12,34
03/01/2015,PIH,ID,ANM,WE,Federal Contract Tower,0,4,2,0,6,0,0,15,2,17,0,4,17,2,23,0,0,0,23
03/02/2015,PIH,ID,ANM,WE,Federal Contract Tower,0,10,2,0,12,0,1,24,0,25,0,11,26,0,37,16,0,16,53
03/03/2015,PIH,ID,ANM,WE,Federal Contract Tower,0,11,5,4,20,0,0,13,0,13,0,11,18,4,33,40,4,44,77
03/04/2015,PIH,ID,ANM,WE,Federal Contract Tower,0,11,1,0,12,0,1,25,2,28,0,12,26,2,40,28,0,28,68
03/05/2015,PIH,ID,ANM,WE,Federal Contract Tower,0,7,1,0,8,0,1,31,0,32,0,8,32,0,40,6,0,6,46
03/06/2015,PIH,ID,ANM,WE,Federal Contract Tower,0,11,5,0,16,0,11,42,4,57,0,22,47,4,73,38,0,38,111
03/07/2015,PIH,ID,ANM,WE,Federal Contract Tower,0,7,1,0,8,0,1,31,0,32,0,8,32,0,40,76,0,76,116
03/08/2015,PIH,ID,ANM,WE,Federal Contract Tower,0,4,2,0,6,0,0,19,2,21,0,4,21,2,27,16,0,16,43
03/09/2015,PIH,ID,ANM,WE,Federal Contract Tower,0,10,4,0,14,0,4,32,0,36,0,14,36,0,50,0,0,0,50
03/10/2015,PIH,ID,ANM,WE,Federal Contract Tower,0,12,3,0,15,0,5,40,0,45,0,17,43,0,60,78,0,78,138
03/11/2015,PIH,ID,ANM,WE,Federal Contract Tower,0,23,1,0,24,0,1,22,0,23,0,24,23,0,47,14,0,14,61
03/12/2015,PIH,ID,ANM,WE,Federal Contract Tower,0,18,7,0,25,0,1,19,0,20,0,19,26,0,45,32,0,32,77
03/13/2015,PIH,ID,ANM,WE,Federal Contract Tower,0,21,4,0,25,0,1,43,0,44,0,22,47,0,69,36,0,36,105
03/14/2015,PIH,ID,ANM,WE,Federal Contract Tower,0,5,0,0,5,0,4,22,0,26,0,9,22,0,31,8,0,8,39
03/15/2015,PIH,ID,ANM,WE,Federal Contract Tower,0,8,2,0,10,0,0,6,0,6,0,8,8,0,16,12,0,12,28
03/16/2015,PIH,ID,ANM,WE,Federal Contract Tower,0,13,5,2,20,0,1,25,4,30,0,14,30,6,50,30,12,42,92
03/17/2015,PIH,ID,ANM,WE,Federal Contract Tower,0,10,2,0,12,0,0,26,0,26,0,10,28,0,38,18,0,18,56
03/18/2015,PIH,ID,ANM,WE,Federal Contract Tower,0,11,4,0,15,0,10,31,0,41,0,21,35,0,56,20,0,20,76
03/19/2015,PIH,ID,ANM,WE,Federal Contract Tower,0,10,2,0,12,0,1,55,0,56,0,11,57,0,68,44,0,44,112
03/20/2015,PIH,ID,ANM,WE,Federal Contract Tower,0,11,6,0,17,0,3,32,0,35,0,14,38,0,52,58,0,58,110
03/21/2015,PIH,ID,ANM,WE,Federal Contract Tower,0,6,6,0,12,0,1,16,0,17,0,7,22,0,29,2,0,2,31
03/22/2015,PIH,ID,ANM,WE,Federal Contract Tower,0,4,0,0,4,0,0,25,0,25,0,4,25,0,29,18,0,18,47
03/23/2015,PIH,ID,ANM,WE,Federal Contract Tower,0,7,6,2,15,0,3,22,2,27,0,10,28,4,42,0,8,8,50
03/24/2015,PIH,ID,ANM,WE,Federal Contract Tower,0,18,1,0,19,0,2,5,0,7,0,20,6,0,26,0,0,0,26
03/25/2015,PIH,ID,ANM,WE,Federal Contract Tower,0,15,4,1,20,0,2,18,0,20,0,17,22,1,40,28,0,28,68
03/26/2015,PIH,ID,ANM,WE,Federal Contract Tower,0,12,3,0,15,0,0,31,0,31,0,12,34,0,46,32,0,32,78
03/27/2015,PIH,ID,ANM,WE,Federal Contract Tower,0,11,3,0,14,0,7,30,0,37,0,18,33,0,51,26,0,26,77
03/28/2015,PIH,ID,ANM,WE,Federal Contract Tower,0,6,1,0,7,0,4,2,0,6,0,10,3,0,13,0,0,0,13
03/29/2015,PIH,ID,ANM,WE,Federal Contract Tower,0,9,2,0,11,0,1,23,0,24,0,10,25,0,35,24,0,24,59
03/30/2015,PIH,ID,ANM,WE,Federal Contract Tower,0,10,6,0,16,0,4,31,0,35,0,14,37,0,51,66,0,66,117
03/31/2015,PIH,ID,ANM,WE,Federal Contract Tower,0,12,3,0,15,0,12,41,0,53,0,24,44,0,68,86,0,86,154
04/01/2015,PIH,ID,ANM,WE,Federal Contract Tower,0,13,3,4,20,0,1,9,0,10,0,14,12,4,30,34,0,34,64
04/02/2015,PIH,ID,ANM,WE,Federal Contract Tower,0,14,7,0,21,0,0,34,0,34,0,14,41,0,55,46,0,46,101
04/03/2015,PIH,ID,ANM,WE,Federal Contract Tower,0,9,5,0,14,0,1,26,0,27,0,10,31,0,41,24,0,24,65
04/04/2015,PIH,ID,ANM,WE,Federal Contract Tower,0,6,4,0,10,0,1,18,0,19,0,7,22,0,29,14,0,14,43
04/05/2015,PIH,ID,ANM,WE,Federal Contract Tower,0,4,1,0,5,0,2,2,0,4,0,6,3,0,9,0,0,0,9
04/06/2015,PIH,ID,ANM,WE,Federal Contract Tower,0,10,4,0,14,0,0,8,0,8,0,10,12,0,22,18,0,18,40
04/07/2015,PIH,ID,ANM,WE,Federal Contract Tower,0,13,3,2,18,0,1,17,2,20,0,14,20,4,38,0,0,0,38
04/08/2015,PIH,ID,ANM,WE,Federal Contract Tower,0,14,4,0,18,0,2,9,0,11,0,16,13,0,29,32,0,32,61
04/09/2015,PIH,ID,ANM,WE,Federal Contract Tower,0,11,2,2,15,0,0,12,0,12,0,11,14,2,27,40,0,40,67
04/10/2015,PIH,ID,ANM,WE,Federal Contract Tower,0,15,5,0,20,0,3,32,0,35,0,18,37,0,55,28,0,28,83
04/11/2015,PIH,ID,ANM,WE,Federal Contract Tower,0,6,0,0,6,0,4,18,0,22,0,10,18,0,28,46,0,46,74
04/12/2015,PIH,ID,ANM,WE,Federal Contract Tower,0,4,0,0,4,0,0,4,0,4,0,4,4,0,8,0,0,0,8
04/13/2015,PIH,ID,ANM,WE,Federal Contract Tower,0,11,2,0,13,0,2,25,2,29,0,13,27,2,42,20,0,20,62
04/14/2015,PIH,ID,ANM,WE,Federal Contract Tower,0,14,7,0,21,0,0,12,0,12,0,14,19,0,33,0,0,0,33
04/15/2015,PIH,ID,ANM,WE,Federal Contract Tower,0,18,4,0,22,0,0,2,0,2,0,18,6,0,24,14,0,14,38
04/16/2015,PIH,ID,ANM,WE,Federal Contract Tower,0,9,3,0,12,0,8,38,0,46,0,17,41,0,58,18,0,18,76
04/17/2015,PIH,ID,ANM,WE,Federal Contract Tower,0,9,2,6,17,0,8,27,0,35,0,17,29,6,52,46,0,46,98
04/18/2015,PIH,ID,ANM,WE,Federal Contract Tower,0,7,0,0,7,0,5,16,0,21,0,12,16,0,28,10,0,10,38
04/19/2015,PIH,ID,ANM,WE,Federal Contract Tower,0,4,5,0,9,0,2,27,0,29,0,6,32,0,38,0,0,0,38
04/20/2015,PIH,ID,ANM,WE,Federal Contract Tower,0,9,4,1,14,0,0,25,9,34,0,9,29,10,48,14,44,58,106
04/21/2015,PIH,ID,ANM,WE,Federal Contract Tower,0,11,5,0,16,0,7,37,0,44,0,18,42,0,60,4,0,4,64
04/22/2015,PIH,ID,ANM,WE,Federal Contract Tower,0,11,3,0,14,0,4,26,0,30,0,15,29,0,44,6,0,6,50
04/23/2015,PIH,ID,ANM,WE,Federal Contract Tower,2,9,5,0,16,0,1,16,0,17,2,10,21,0,33,10,0,10,43
04/24/2015,PIH,ID,ANM,WE,Federal Contract Tower,0,10,4,0,14,0,0,8,0,8,0,10,12,0,22,24,0,24,46
04/25/2015,PIH,ID,ANM,WE,Federal Contract Tower,0,6,0,0,6,0,5,33,0,38,0,11,33,0,44,22,0,22,66
04/26/2015,PIH,ID,ANM,WE,Federal Contract Tower,0,3,0,0,3,0,0,3,0,3,0,3,3,0,6,0,0,0,6
04/27/2015,PIH,ID,ANM,WE,Federal Contract Tower,0,10,11,1,22,0,3,25,1,29,0,13,36,2,51,14,2,16,67
04/28/2015,PIH,ID,ANM,WE,Federal Contract Tower,0,10,11,0,21,0,1,47,2,50,0,11,58,2,71,8,0,8,79
04/29/2015,PIH,ID,ANM,WE,Federal Contract Tower,0,11,10,0,21,0,1,29,0,30,0,12,39,0,51,26,0,26,77
04/30/2015,PIH,ID,ANM,WE,Federal Contract Tower,0,10,2,0,12,0,1,43,0,44,0,11,45,0,56,48,0,48,104
05/01/2015,PIH,ID,ANM,WE,Federal Contract Tower,0,10,1,2,13,0,1,17,0,18,0,11,18,2,31,24,0,24,55
05/02/2015,PIH,ID,ANM,WE,Federal Contract Tower,0,7,3,0,10,0,5,23,0,28,0,12,26,0,38,12,0,12,50
05/03/2015,PIH,ID,ANM,WE,Federal Contract Tower,0,4,1,0,5,0,0,15,0,15,0,4,16,0,20,20,0,20,40
05/04/2015,PIH,ID,ANM,WE,Federal Contract Tower,0,7,1,0,8,0,1,30,2,33,0,8,31,2,41,44,0,44,85
05/05/2015,PIH,ID,ANM,WE,Federal Contract Tower,0,9,6,0,15,0,0,16,4,20,0,9,22,4,35,32,0,32,67
05/06/2015,PIH,ID,ANM,WE,Federal Contract Tower,0,9,4,0,13,0,0,19,2,21,0,9,23,2,34,26,0,26,60
05/07/2015,PIH,ID,ANM,WE,Federal Contract Tower,0,11,7,1,19,0,6,15,1,22,0,17,22,2,41,24,16,40,81
05/08/2015,PIH,ID,ANM,WE,Federal Contract Tower,0,11,0,0,11,0,1,21,0,22,0,12,21,0,33,6,0,6,39
05/09/2015,PIH,ID,ANM,WE,Federal Contract Tower,0,4,0,0,4,0,6,12,0,18,0,10,12,0,22,10,0,10,32
05/10/2015,PIH,ID,ANM,WE,Federal Contract Tower,0,2,3,0,5,0,0,10,0,10,0,2,13,0,15,10,0,10,25
05/11/2015,PIH,ID,ANM,WE,Federal Contract Tower,0,9,3,0,12,0,3,19,0,22,0,12,22,0,34,36,0,36,70
05/12/2015,PIH,ID,ANM,WE,Federal Contract Tower,0,9,2,0,11,0,0,20,0,20,0,9,22,0,31,52,0,52,83
05/13/2015,PIH,ID,ANM,WE,Federal Contract Tower,0,11,10,0,21,0,6,27,0,33,0,17,37,0,54,82,0,82,136
05/14/2015,PIH,ID,ANM,WE,Federal Contract Tower,0,10,4,0,14,0,0,20,0,20,0,10,24,0,34,32,0,32,66
05/15/2015,PIH,ID,ANM,WE,Federal Contract Tower,0,12,1,0,13,0,3,12,0,15,0,15,13,0,28,26,0,26,54
05/16/2015,PIH,ID,ANM,WE,Federal Contract Tower,0,8,0,0,8,0,0,0,0,0,0,8,0,0,8,0,0,0,8
05/17/2015,PIH,ID,ANM,WE,Federal Contract Tower,0,6,0,0,6,0,0,18,0,18,0,6,18,0,24,18,0,18,42
05/18/2015,PIH,ID,ANM,WE,Federal Contract Tower,0,8,4,0,12,0,2,18,0,20,0,10,22,0,32,60,0,60,92
05/19/2015,PIH,ID,ANM,WE,Federal Contract Tower,0,11,5,0,16,0,0,2,0,2,0,11,7,0,18,0,0,0,18
05/20/2015,PIH,ID,ANM,WE,Federal Contract Tower,0,14,4,0,18,0,0,3,0,3,0,14,7,0,21,0,0,0,21
05/21/2015,PIH,ID,ANM,WE,Federal Contract Tower,0,12,7,0,19,0,0,35,0,35,0,12,42,0,54,46,0,46,100
05/22/2015,PIH,ID,ANM,WE,Federal Contract Tower,0,12,5,0,17,0,0,13,0,13,0,12,18,0,30,6,0,6,36
05/23/2015,PIH,ID,ANM,WE,Federal Contract Tower,0,9,1,0,10,0,0,0,0,0,0,9,1,0,10,0,0,0,10
05/24/2015,PIH,ID,ANM,WE,Federal Contract Tower,0,5,0,6,11,0,0,18,0,18,0,5,18,6,29,6,0,6,35
05/25/2015,PIH,ID,ANM,WE,Federal Contract Tower,0,4,2,0,6,0,0,29,0,29,0,4,31,0,35,30,0,30,65
05/26/2015,PIH,ID,ANM,WE,Federal Contract Tower,0,5,6,0,11,0,2,24,0,26,0,7,30,0,37,46,0,46,83
05/27/2015,PIH,ID,ANM,WE,Federal Contract Tower,0,12,4,0,16,0,4,33,0,37,0,16,37,0,53,50,0,50,103
05/28/2015,PIH,ID,ANM,WE,Federal Contract Tower,0,11,4,0,15,0,3,36,2,41,0,14,40,2,56,52,0,52,108
05/29/2015,PIH,ID,ANM,WE,Federal Contract Tower,0,8,7,0,15,0,1,44,0,45,0,9,51,0,60,88,0,88,148
05/30/2015,PIH,ID,ANM,WE,Federal Contract Tower,0,3,1,0,4,0,5,12,0,17,0,8,13,0,21,0,0,0,21
05/31/2015,PIH,ID,ANM,WE,Federal Contract Tower,0,3,6,2,11,0,4,25,3,32,0,7,31,5,43,20,16,36,79
06/01/2015,PIH,ID,ANM,WE,Federal Contract Tower,0,6,3,0,9,0,2,6,0,8,0,8,9,0,17,0,0,0,17
06/02/2015,PIH,ID,ANM,WE,Federal Contract Tower,0,7,12,0,19,0,2,25,0,27,0,9,37,0,46,28,0,28,74
06/03/2015,PIH,ID,ANM,WE,Federal Contract Tower,2,9,10,1,22,0,2,38,4,44,2,11,48,5,66,28,20,48,114
06/04/2015,PIH,ID,ANM,WE,Federal Contract Tower,0,9,3,0,12,0,8,27,0,35,0,17,30,0,47,44,0,44,91
06/05/2015,PIH,ID,ANM,WE,Federal Contract Tower,0,7,3,0,10,0,5,23,0,28,0,12,26,0,38,30,0,30,68
06/06/2015,PIH,ID,ANM,WE,Federal Contract Tower,0,4,2,0,6,0,3,10,0,13,0,7,12,0,19,20,0,20,39
06/07/2015,PIH,ID,ANM,WE,Federal Contract Tower,0,2,1,0,3,0,0,16,0,16,0,2,17,0,19,0,0,0,19
06/08/2015,PIH,ID,ANM,WE,Federal Contract Tower,0,10,3,0,13,0,7,17,0,24,0,17,20,0,37,24,0,24,61
06/09/2015,PIH,ID,ANM,WE,Federal Contract Tower,0,6,1,0,7,0,1,25,0,26,0,7,26,0,33,54,0,54,87
06/10/2015,PIH,ID,ANM,WE,Federal Contract Tower,0,11,3,0,14,0,2,26,0,28,0,13,29,0,42,24,0,24,66
06/11/2015,PIH,ID,ANM,WE,Federal Contract Tower,0,10,1,0,11,0,0,31,0,31,0,10,32,0,42,42,0,42,84
06/12/2015,PIH,ID,ANM,WE,Federal Contract Tower,1,8,5,0,14,0,9,21,0,30,1,17,26,0,44,30,0,30,74
06/13/2015,PIH,ID,ANM,WE,Federal Contract Tower,0,5,2,2,9,0,1,15,0,16,0,6,17,2,25,0,0,0,25
06/14/2015,PIH,ID,ANM,WE,Federal Contract Tower,1,3,3,0,7,0,2,15,0,17,1,5,18,0,24,0,0,0,24
06/15/2015,PIH,ID,ANM,WE,Federal Contract Tower,0,8,0,0,8,0,2,24,0,26,0,10,24,0,34,50,0,50,84
06/16/2015,PIH,ID,ANM,WE,Federal Contract Tower,0,9,5,2,16,0,4,49,0,53,0,13,54,2,69,44,6,50,119
06/17/2015,PIH,ID,ANM,WE,Federal Contract Tower,0,10,2,0,12,0,1,35,0,36,0,11,37,0,48,90,0,90,138
06/18/2015,PIH,ID,ANM,WE,Federal Contract Tower,0,11,2,0,13,0,3,55,0,58,0,14,57,0,71,132,0,132,203
06/19/2015,PIH,ID,ANM,WE,Federal Contract Tower,0,14,1,0,15,0,1,26,0,27,0,15,27,0,42,18,0,18,60
06/20/2015,PIH,ID,ANM,WE,Federal Contract Tower,0,4,3,0,7,0,5,25,0,30,0,9,28,0,37,34,0,34,71
06/21/2015,PIH,ID,ANM,WE,Federal Contract Tower,0,4,1,0,5,0,1,34,0,35,0,5,35,0,40,4,0,4,44
06/22/2015,PIH,ID,ANM,WE,Federal Contract Tower,0,9,3,0,12,0,5,37,0,42,0,14,40,0,54,66,0,66,120
06/23/2015,PIH,ID,ANM,WE,Federal Contract Tower,0,8,13,0,21,0,1,50,0,51,0,9,63,0,72,70,0,70,142
06/24/2015,PIH,ID,ANM,WE,Federal Contract Tower,0,11,4,0,15,0,2,32,0,34,0,13,36,0,49,18,0,18,67
06/25/2015,PIH,ID,ANM,WE,Federal Contract Tower,0,9,4,0,13,0,5,36,0,41,0,14,40,0,54,52,0,52,106
06/26/2015,PIH,ID,ANM,WE,Federal Contract Tower,0,15,4,0,19,0,6,34,4,44,0,21,38,4,63,52,0,52,115
06/27/2015,PIH,ID,ANM,WE,Federal Contract Tower,0,3,0,0,3,0,5,20,0,25,0,8,20,0,28,36,0,36,64
06/28/2015,PIH,ID,ANM,WE,Federal Contract Tower,0,17,3,0,20,0,0,20,0,20,0,17,23,0,40,0,0,0,40
06/29/2015,PIH,ID,ANM,WE,Federal Contract Tower,0,10,1,0,11,2,6,24,0,32,2,16,25,0,43,24,0,24,67
06/30/2015,PIH,ID,ANM,WE,Federal Contract Tower,0,13,4,0,17,0,2,35,0,37,0,15,39,0,54,76,0,76,130
07/01/2015,PIH,ID,ANM,WE,Federal Contract Tower,0,14,8,2,24,0,2,33,2,37,0,16,41,4,61,42,10,52,113
07/02/2015,PIH,ID,ANM,WE,Federal Contract Tower,0,10,4,0,14,0,7,33,0,40,0,17,37,0,54,38,0,38,92
07/03/2015,PIH,ID,ANM,WE,Federal Contract Tower,0,9,1,0,10,0,10,27,0,37,0,19,28,0,47,10,0,10,57
07/04/2015,PIH,ID,ANM,WE,Federal Contract Tower,0,2,2,0,4,0,4,24,0,28,0,6,26,0,32,0,0,0,32
07/05/2015,PIH,ID,ANM,WE,Federal Contract Tower,0,6,1,0,7,0,0,3,0,3,0,6,4,0,10,0,0,0,10
07/06/2015,PIH,ID,ANM,WE,Federal Contract Tower,0,8,2,2,12,0,4,33,0,37,0,12,35,2,49,22,0,22,71
07/07/2015,PIH,ID,ANM,WE,Federal Contract Tower,0,8,3,0,11,0,2,22,0,24,0,10,25,0,35,36,0,36,71
07/08/2015,PIH,ID,ANM,WE,Federal Contract Tower,0,15,4,0,19,0,0,24,0,24,0,15,28,0,43,48,0,48,91
07/09/2015,PIH,ID,ANM,WE,Federal Contract Tower,2,11,4,10,27,0,3,37,2,42,2,14,41,12,69,64,4,68,137
07/10/2015,PIH,ID,ANM,WE,Federal Contract Tower,0,10,2,0,12,0,0,18,0,18,0,10,20,0,30,12,0,12,42
07/11/2015,PIH,ID,ANM,WE,Federal Contract Tower,0,3,1,0,4,0,6,5,0,11,0,9,6,0,15,10,0,10,25
07/12/2015,PIH,ID,ANM,WE,Federal Contract Tower,0,5,3,0,8,0,1,13,0,14,0,6,16,0,22,0,0,0,22
07/13/2015,PIH,ID,ANM,WE,Federal Contract Tower,0,6,2,0,8,0,4,46,2,52,0,10,48,2,60,68,0,68,128
07/14/2015,PIH,ID,ANM,WE,Federal Contract Tower,0,9,4,0,13,0,2,47,0,49,0,11,51,0,62,26,0,26,88
07/15/2015,PIH,ID,ANM,WE,Federal Contract Tower,0,12,5,0,17,0,6,35,0,41,0,18,40,0,58,30,0,30,88
07/16/2015,PIH,ID,ANM,WE,Federal Contract Tower,0,10,4,0,14,0,2,37,0,39,0,12,41,0,53,92,0,92,145
07/17/2015,PIH,ID,ANM,WE,Federal Contract Tower,0,11,4,0,15,0,3,49,0,52,0,14,53,0,67,30,0,30,97
07/18/2015,PIH,ID,ANM,WE,Federal Contract Tower,0,5,4,0,9,0,4,18,0,22,0,9,22,0,31,12,0,12,43
07/19/2015,PIH,ID,ANM,WE,Federal Contract Tower,0,4,2,2,8,0,0,36,2,38,0,4,38,4,46,6,2,8,54
07/20/2015,PIH,ID,ANM,WE,Federal Contract Tower,0,7,1,2,10,0,1,25,0,26,0,8,26,2,36,22,0,22,58
07/21/2015,PIH,ID,ANM,WE,Federal Contract Tower,0,9,3,0,12,0,4,37,0,41,0,13,40,0,53,4,0,4,57
07/22/2015,PIH,ID,ANM,WE,Federal Contract Tower,0,9,3,0,12,0,1,28,0,29,0,10,31,0,41,36,0,36,77
07/23/2015,PIH,ID,ANM,WE,Federal Contract Tower,0,13,5,0,18,0,17,21,0,38,0,30,26,0,56,30,0,30,86
07/24/2015,PIH,ID,ANM,WE,Federal Contract Tower,0,11,7,0,18,0,2,33,0,35,0,13,40,0,53,6,0,6,59
07/25/2015,PIH,ID,ANM,WE,Federal Contract Tower,0,4,2,0,6,0,7,15,0,22,0,11,17,0,28,0,0,0,28
07/26/2015,PIH,ID,ANM,WE,Federal Contract Tower,1,4,1,0,6,1,1,18,0,20,2,5,19,0,26,6,0,6,32
07/27/2015,PIH,ID,ANM,WE,Federal Contract Tower,0,7,2,0,9,3,1,14,0,18,3,8,16,0,27,0,0,0,27
07/28/2015,PIH,ID,ANM,WE,Federal Contract Tower,0,10,7,0,17,0,1,46,2,49,0,11,53,2,66,32,0,32,98
07/29/2015,PIH,ID,ANM,WE,Federal Contract Tower,1,10,2,0,13,0,1,62,0,63,1,11,64,0,76,74,0,74,150
07/30/2015,PIH,ID,ANM,WE,Federal Contract Tower,0,9,5,0,14,0,2,43,0,45,0,11,48,0,59,24,0,24,83
07/31/2015,PIH,ID,ANM,WE,Federal Contract Tower,0,9,4,0,13,0,6,44,0,50,0,15,48,0,63,52,0,52,115
08/01/2015,PIH,ID,ANM,WE,Federal Contract Tower,0,6,1,0,7,0,10,37,0,47,0,16,38,0,54,6,0,6,60
08/02/2015,PIH,ID,ANM,WE,Federal Contract Tower,0,5,0,0,5,0,0,8,0,8,0,5,8,0,13,0,0,0,13
08/03/2015,PIH,ID,ANM,WE,Federal Contract Tower,0,6,2,0,8,0,3,24,0,27,0,9,26,0,35,26,0,26,61
08/04/2015,PIH,ID,ANM,WE,Federal Contract Tower,0,10,6,0,16,0,3,36,0,39,0,13,42,0,55,52,0,52,107
08/05/2015,PIH,ID,ANM,WE,Federal Contract Tower,0,11,6,0,17,0,5,28,0,33,0,16,34,0,50,6,0,6,56
08/06/2015,PIH,ID,ANM,WE,Federal Contract Tower,0,9,2,0,11,0,2,57,0,59,0,11,59,0,70,92,0,92,162
08/07/2015,PIH,ID,ANM,WE,Federal Contract Tower,0,11,8,6,25,0,2,28,0,30,0,13,36,6,55,52,0,52,107
08/08/2015,PIH,ID,ANM,WE,Federal Contract Tower,0,7,2,0,9,0,4,21,0,25,0,11,23,0,34,4,0,4,38
08/09/2015,PIH,ID,ANM,WE,Federal Contract Tower,0,7,1,0,8,0,4,28,0,32,0,11,29,0,40,0,0,0,40
08/10/2015,PIH,ID,ANM,WE,Federal Contract Tower,0,11,4,0,15,0,4,45,0,49,0,15,49,0,64,64,0,64,128
08/11/2015,PIH,ID,ANM,WE,Federal Contract Tower,0,12,1,0,13,0,0,33,0,33,0,12,34,0,46,50,0,50,96
08/12/2015,PIH,ID,ANM,WE,Federal Contract Tower,2,11,2,0,15,1,3,27,0,31,3,14,29,0,46,52,0,52,98
08/13/2015,PIH,ID,ANM,WE,Federal Contract Tower,2,10,5,0,17,1,2,35,0,38,3,12,40,0,55,46,0,46,101
08/14/2015,PIH,ID,ANM,WE,Federal Contract Tower,2,9,1,0,12,0,26,23,0,49,2,35,24,0,61,0,0,0,61
08/15/2015,PIH,ID,ANM,WE,Federal Contract Tower,1,3,0,0,4,1,4,14,0,19,2,7,14,0,23,0,0,0,23
08/16/2015,PIH,ID,ANM,WE,Federal Contract Tower,1,3,0,0,4,1,1,5,0,7,2,4,5,0,11,0,0,0,11
08/17/2015,PIH,ID,ANM,WE,Federal Contract Tower,2,9,8,0,19,0,1,29,0,30,2,10,37,0,49,20,0,20,69
08/18/2015,PIH,ID,ANM,WE,Federal Contract Tower,0,13,1,0,14,0,2,28,0,30,0,15,29,0,44,26,0,26,70
08/19/2015,PIH,ID,ANM,WE,Federal Contract Tower,1,14,7,0,22,0,3,40,0,43,1,17,47,0,65,64,0,64,129
08/20/2015,PIH,ID,ANM,WE,Federal Contract Tower,0,11,6,0,17,0,0,15,0,15,0,11,21,0,32,30,0,30,62
08/21/2015,PIH,ID,ANM,WE,Federal Contract Tower,0,13,6,0,19,0,5,13,0,18,0,18,19,0,37,22,0,22,59
08/22/2015,PIH,ID,ANM,WE,Federal Contract Tower,0,8,4,0,12,0,0,19,0,19,0,8,23,0,31,0,0,0,31
08/23/2015,PIH,ID,ANM,WE,Federal Contract Tower,0,6,1,0,7,0,0,6,0,6,0,6,7,0,13,0,0,0,13
08/24/2015,PIH,ID,ANM,WE,Federal Contract Tower,0,12,4,0,16,0,2,40,0,42,0,14,44,0,58,26,0,26,84
08/25/2015,PIH,ID,ANM,WE,Federal Contract Tower,0,10,2,0,12,0,2,18,0,20,0,12,20,0,32,26,0,26,58
08/26/2015,PIH,ID,ANM,WE,Federal Contract Tower,0,14,3,0,17,0,1,34,0,35,0,15,37,0,52,8,0,8,60
08/27/2015,PIH,ID,ANM,WE,Federal Contract Tower,0,10,0,0,10,0,9,37,0,46,0,19,37,0,56,66,0,66,122
08/28/2015,PIH,ID,ANM,WE,Federal Contract Tower,0,10,3,2,15,0,8,27,0,35,0,18,30,2,50,44,0,44,94
08/29/2015,PIH,ID,ANM,WE,Federal Contract Tower,0,5,3,0,8,0,7,10,0,17,0,12,13,0,25,0,0,0,25
08/30/2015,PIH,ID,ANM,WE,Federal Contract Tower,0,8,2,0,10,0,1,12,0,13,0,9,14,0,23,4,0,4,27
08/31/2015,PIH,ID,ANM,WE,Federal Contract Tower,0,9,3,0,12,0,5,32,0,37,0,14,35,0,49,2,0,2,51
09/01/2015,PIH,ID,ANM,WE,Federal Contract Tower,0,12,9,0,21,0,7,45,0,52,0,19,54,0,73,34,0,34,107
09/02/2015,PIH,ID,ANM,WE,Federal Contract Tower,0,11,5,0,16,0,2,47,0,49,0,13,52,0,65,34,0,34,99
09/03/2015,PIH,ID,ANM,WE,Federal Contract Tower,0,10,2,0,12,0,3,25,0,28,0,13,27,0,40,50,0,50,90
09/04/2015,PIH,ID,ANM,WE,Federal Contract Tower,0,15,2,0,17,0,9,19,0,28,0,24,21,0,45,18,0,18,63
09/05/2015,PIH,ID,ANM,WE,Federal Contract Tower,0,3,0,0,3,0,9,6,0,15,0,12,6,0,18,0,0,0,18
09/06/2015,PIH,ID,ANM,WE,Federal Contract Tower,0,1,3,0,4,0,1,6,0,7,0,2,9,0,11,0,0,0,11
09/07/2015,PIH,ID,ANM,WE,Federal Contract Tower,0,4,5,0,9,0,5,25,0,30,0,9,30,0,39,0,0,0,39
09/08/2015,PIH,ID,ANM,WE,Federal Contract Tower,0,8,7,0,15,0,6,36,0,42,0,14,43,0,57,40,0,40,97
09/09/2015,PIH,ID,ANM,WE,Federal Contract Tower,0,14,3,0,17,0,7,36,0,43,0,21,39,0,60,78,0,78,138
09/10/2015,PIH,ID,ANM,WE,Federal Contract Tower,0,12,5,0,17,0,29,37,0,66,0,41,42,0,83,24,0,24,107
09/11/2015,PIH,ID,ANM,WE,Federal Contract Tower,0,14,3,0,17,2,11,40,0,53,2,25,43,0,70,32,0,32,102
09/12/2015,PIH,ID,ANM,WE,Federal Contract Tower,0,9,5,0,14,0,8,21,0,29,0,17,26,0,43,52,0,52,95
09/13/2015,PIH,ID,ANM,WE,Federal Contract Tower,0,6,0,0,6,0,0,3,0,3,0,6,3,0,9,10,0,10,19
09/14/2015,PIH,ID,ANM,WE,Federal Contract Tower,0,11,4,0,15,0,1,11,0,12,0,12,15,0,27,1,0,1,28
09/15/2015,PIH,ID,ANM,WE,Federal Contract Tower,0,12,0,0,12,0,1,19,0,20,0,13,19,0,32,8,0,8,40
09/16/2015,PIH,ID,ANM,WE,Federal Contract Tower,0,12,4,0,16,0,0,26,0,26,0,12,30,0,42,23,0,23,65
09/17/2015,PIH,ID,ANM,WE,Federal Contract Tower,0,13,0,0,13,0,1,10,0,11,0,14,10,0,24,0,0,0,24
09/18/2015,PIH,ID,ANM,WE,Federal Contract Tower,0,12,4,0,16,0,1,40,0,41,0,13,44,0,57,106,0,106,163
09/19/2015,PIH,ID,ANM,WE,Federal Contract Tower,0,4,1,2,7,0,6,33,0,39,0,10,34,2,46,28,0,28,74
09/20/2015,PIH,ID,ANM,WE,Federal Contract Tower,0,5,0,1,6,0,0,8,1,9,0,5,8,2,15,4,0,4,19
09/21/2015,PIH,ID,ANM,WE,Federal Contract Tower,0,13,1,0,14,0,2,30,0,32,0,15,31,0,46,34,0,34,80
09/22/2015,PIH,ID,ANM,WE,Federal Contract Tower,0,11,4,0,15,0,2,25,0,27,0,13,29,0,42,22,0,22,64
09/23/2015,PIH,ID,ANM,WE,Federal Contract Tower,1,10,4,0,15,9,32,35,0,76,10,42,39,0,91,6,0,6,97
09/24/2015,PIH,ID,ANM,WE,Federal Contract Tower,0,15,10,0,25,0,4,47,0,51,0,19,57,0,76,76,0,76,152
09/25/2015,PIH,ID,ANM,WE,Federal Contract Tower,2,14,3,0,19,0,8,36,0,44,2,22,39,0,63,40,0,40,103
09/26/2015,PIH,ID,ANM,WE,Federal Contract Tower,0,5,4,0,9,0,3,22,4,29,0,8,26,4,38,24,0,24,62
09/27/2015,PIH,ID,ANM,WE,Federal Contract Tower,0,10,2,0,12,0,0,14,0,14,0,10,16,0,26,0,0,0,26
09/28/2015,PIH,ID,ANM,WE,Federal Contract Tower,0,12,1,0,13,0,9,36,0,45,0,21,37,0,58,30,0,30,88
09/29/2015,PIH,ID,ANM,WE,Federal Contract Tower,0,11,7,0,18,3,12,32,0,47,3,23,39,0,65,24,0,24,89
09/30/2015,PIH,ID,ANM,WE,Federal Contract Tower,0,9,1,2,12,0,1,37,0,38,0,10,38,2,50,30,0,30,80
10/01/2015,PIH,ID,ANM,WE,Federal Contract Tower,0,9,1,0,10,0,3,18,0,21,0,12,19,0,31,12,0,12,43
10/02/2015,PIH,ID,ANM,WE,Federal Contract Tower,1,11,3,0,15,0,0,4,0,4,1,11,7,0,19,0,0,0,19
10/03/2015,PIH,ID,ANM,WE,Federal Contract Tower,0,5,2,0,7,0,12,7,0,19,0,17,9,0,26,0,0,0,26
10/04/2015,PIH,ID,ANM,WE,Federal Contract Tower,0,4,3,0,7,0,0,24,0,24,0,4,27,0,31,16,0,16,47
10/05/2015,PIH,ID,ANM,WE,Federal Contract Tower,0,11,3,0,14,0,6,34,0,40,0,17,37,0,54,50,0,50,104
10/06/2015,PIH,ID,ANM,WE,Federal Contract Tower,0,11,1,0,12,1,0,29,0,30,1,11,30,0,42,42,0,42,84
10/07/2015,PIH,ID,ANM,WE,Federal Contract Tower,0,12,5,0,17,0,2,33,0,35,0,14,38,0,52,32,0,32,84
10/08/2015,PIH,ID,ANM,WE,Federal Contract Tower,1,10,0,0,11,0,1,29,0,30,1,11,29,0,41,26,0,26,67
10/09/2015,PIH,ID,ANM,WE,Federal Contract Tower,1,12,9,0,22,0,4,41,0,45,1,16,50,0,67,78,0,78,145
10/10/2015,PIH,ID,ANM,WE,Federal Contract Tower,2,3,0,0,5,0,4,25,0,29,2,7,25,0,34,14,0,14,48
10/11/2015,PIH,ID,ANM,WE,Federal Contract Tower,1,6,0,0,7,0,4,11,0,15,1,10,11,0,22,0,0,0,22
10/12/2015,PIH,ID,ANM,WE,Federal Contract Tower,0,7,1,0,8,2,1,21,0,24,2,8,22,0,32,32,0,32,64
10/13/2015,PIH,ID,ANM,WE,Federal Contract Tower,0,9,11,0,20,1,1,39,0,41,1,10,50,0,61,58,0,58,119
10/14/2015,PIH,ID,ANM,WE,Federal Contract Tower,0,11,2,0,13,0,1,30,0,31,0,12,32,0,44,12,0,12,56
10/15/2015,PIH,ID,ANM,WE,Federal Contract Tower,0,14,6,0,20,0,7,44,0,51,0,21,50,0,71,16,0,16,87
10/16/2015,PIH,ID,ANM,WE,Federal Contract Tower,0,9,2,2,13,0,3,40,4,47,0,12,42,6,60,26,2,28,88
10/17/2015,PIH,ID,ANM,WE,Federal Contract Tower,0,5,3,0,8,0,4,16,0,20,0,9,19,0,28,22,0,22,50
10/18/2015,PIH,ID,ANM,WE,Federal Contract Tower,0,5,0,0,5,0,0,15,0,15,0,5,15,0,20,26,0,26,46
10/19/2015,PIH,ID,ANM,WE,Federal Contract Tower,2,8,5,0,15,0,3,11,0,14,2,11,16,0,29,0,0,0,29
10/20/2015,PIH,ID,ANM,WE,Federal Contract Tower,0,13,6,0,19,0,0,20,0,20,0,13,26,0,39,56,0,56,95
10/21/2015,PIH,ID,ANM,WE,Federal Contract Tower,0,10,3,0,13,0,1,21,0,22,0,11,24,0,35,20,0,20,55
10/22/2015,PIH,ID,ANM,WE,Federal Contract Tower,0,11,3,0,14,0,1,29,0,30,0,12,32,0,44,16,0,16,60
10/23/2015,PIH,ID,ANM,WE,Federal Contract Tower,2,14,4,0,20,0,1,37,0,38,2,15,41,0,58,44,0,44,102
10/24/2015,PIH,ID,ANM,WE,Federal Contract Tower,0,3,1,0,4,0,6,38,0,44,0,9,39,0,48,56,0,56,104
10/25/2015,PIH,ID,ANM,WE,Federal Contract Tower,0,4,4,0,8,0,0,19,0,19,0,4,23,0,27,28,0,28,55
10/26/2015,PIH,ID,ANM,WE,Federal Contract Tower,0,8,3,0,11,0,5,44,0,49,0,13,47,0,60,20,0,20,80
10/27/2015,PIH,ID,ANM,WE,Federal Contract Tower,0,11,8,0,19,0,0,41,0,41,0,11,49,0,60,40,0,40,100
10/28/2015,PIH,ID,ANM,WE,Federal Contract Tower,0,11,4,0,15,0,1,32,0,33,0,12,36,0,48,30,0,30,78
10/29/2015,PIH,ID,ANM,WE,Federal Contract Tower,0,15,11,0,26,0,0,0,0,0,0,15,11,0,26,0,0,0,26
10/30/2015,PIH,ID,ANM,WE,Federal Contract Tower,0,11,1,0,12,0,0,16,0,16,0,11,17,0,28,24,0,24,52
10/31/2015,PIH,ID,ANM,WE,Federal Contract Tower,0,4,2,0,6,0,9,21,0,30,0,13,23,0,36,10,0,10,46
11/01/2015,PIH,ID,ANM,WE,Federal Contract Tower,0,6,7,0,13,0,2,0,0,2,0,8,7,0,15,0,0,0,15
11/02/2015,PIH,ID,ANM,WE,Federal Contract Tower,0,10,6,0,16,0,0,0,0,0,0,10,6,0,16,0,0,0,16
11/03/2015,PIH,ID,ANM,WE,Federal Contract Tower,0,12,5,0,17,0,0,4,0,4,0,12,9,0,21,8,0,8,29
11/04/2015,PIH,ID,ANM,WE,Federal Contract Tower,0,11,12,0,23,0,0,12,0,12,0,11,24,0,35,16,0,16,51
11/05/2015,PIH,ID,ANM,WE,Federal Contract Tower,0,12,4,0,16,0,0,19,2,21,0,12,23,2,37,7,0,7,44
11/06/2015,PIH,ID,ANM,WE,Federal Contract Tower,0,9,5,0,14,0,3,33,0,36,0,12,38,0,50,86,0,86,136
11/07/2015,PIH,ID,ANM,WE,Federal Contract Tower,0,5,5,0,10,0,7,50,0,57,0,12,55,0,67,46,0,46,113
11/08/2015,PIH,ID,ANM,WE,Federal Contract Tower,0,9,2,0,11,0,14,40,0,54,0,23,42,0,65,22,0,22,87
11/09/2015,PIH,ID,ANM,WE,Federal Contract Tower,0,10,2,0,12,0,1,12,0,13,0,11,14,0,25,32,0,32,57
11/10/2015,PIH,ID,ANM,WE,Federal Contract Tower,0,13,4,0,17,0,2,5,0,7,0,15,9,0,24,0,0,0,24
11/11/2015,PIH,ID,ANM,WE,Federal Contract Tower,0,12,2,0,14,0,0,19,0,19,0,12,21,0,33,6,0,6,39
11/12/2015,PIH,ID,ANM,WE,Federal Contract Tower,0,6,9,0,15,0,1,37,0,38,0,7,46,0,53,18,0,18,71
11/13/2015,PIH,ID,ANM,WE,Federal Contract Tower,0,10,4,0,14,0,1,53,0,54,0,11,57,0,68,68,0,68,136
11/14/2015,PIH,ID,ANM,WE,Federal Contract Tower,0,5,3,0,8,0,5,41,0,46,0,10,44,0,54,70,0,70,124
11/15/2015,PIH,ID,ANM,WE,Federal Contract Tower,0,5,1,0,6,0,8,11,0,19,0,13,12,0,25,18,0,18,43
11/16/2015,PIH,ID,ANM,WE,Federal Contract Tower,0,10,0,0,10,0,0,0,0,0,0,10,0,0,10,0,0,0,10
11/17/2015,PIH,ID,ANM,WE,Federal Contract Tower,0,10,5,0,15,0,2,31,0,33,0,12,36,0,48,64,0,64,112
11/18/2015,PIH,ID,ANM,WE,Federal Contract Tower,0,12,0,0,12,0,2,13,0,15,0,14,13,0,27,0,0,0,27
11/19/2015,PIH,ID,ANM,WE,Federal Contract Tower,0,11,6,0,17,0,0,2,0,2,0,11,8,0,19,0,0,0,19
11/20/2015,PIH,ID,ANM,WE,Federal Contract Tower,0,10,7,0,17,0,8,13,0,21,0,18,20,0,38,32,0,32,70
11/21/2015,PIH,ID,ANM,WE,Federal Contract Tower,0,7,5,0,12,0,4,34,0,38,0,11,39,0,50,40,0,40,90
11/22/2015,PIH,ID,ANM,WE,Federal Contract Tower,0,5,0,0,5,0,0,24,0,24,0,5,24,0,29,14,0,14,43
11/23/2015,PIH,ID,ANM,WE,Federal Contract Tower,0,12,1,0,13,0,2,37,0,39,0,14,38,0,52,42,0,42,94
11/24/2015,PIH,ID,ANM,WE,Federal Contract Tower,0,14,4,2,20,0,0,19,0,19,0,14,23,2,39,6,0,6,45
11/25/2015,PIH,ID,ANM,WE,Federal Contract Tower,0,11,0,0,11,0,0,4,0,4,0,11,4,0,15,0,0,0,15
11/26/2015,PIH,ID,ANM,WE,Federal Contract Tower,0,3,0,0,3,0,1,0,0,1,0,4,0,0,4,0,0,0,4
11/27/2015,PIH,ID,ANM,WE,Federal Contract Tower,0,7,2,0,9,0,1,0,0,1,0,8,2,0,10,0,0,0,10
11/28/2015,PIH,ID,ANM,WE,Federal Contract Tower,0,5,1,0,6,0,2,16,0,18,0,7,17,0,24,22,0,22,46
11/29/2015,PIH,ID,ANM,WE,Federal Contract Tower,0,6,2,0,8,0,1,16,0,17,0,7,18,0,25,4,0,4,29
11/30/2015,PIH,ID,ANM,WE,Federal Contract Tower,0,11,3,0,14,0,1,13,0,14,0,12,16,0,28,44,0,44,72
12/01/2015,PIH,ID,ANM,WE,Federal Contract Tower,0,16,8,0,24,0,0,3,0,3,0,16,11,0,27,6,0,6,33
12/02/2015,PIH,ID,ANM,WE,Federal Contract Tower,0,13,9,0,22,0,0,25,0,25,0,13,34,0,47,84,0,84,131
12/03/2015,PIH,ID,ANM,WE,Federal Contract Tower,0,8,3,0,11,0,2,40,0,42,0,10,43,0,53,4,0,4,57
12/04/2015,PIH,ID,ANM,WE,Federal Contract Tower,0,17,3,0,20,0,0,14,0,14,0,17,17,0,34,12,0,12,46
12/05/2015,PIH,ID,ANM,WE,Federal Contract Tower,0,5,0,0,5,0,3,22,0,25,0,8,22,0,30,50,0,50,80
12/06/2015,PIH,ID,ANM,WE,Federal Contract Tower,0,5,4,0,9,0,0,9,0,9,0,5,13,0,18,22,0,22,40
12/07/2015,PIH,ID,ANM,WE,Federal Contract Tower,0,8,5,0,13,0,0,12,0,12,0,8,17,0,25,46,0,46,71
12/08/2015,PIH,ID,ANM,WE,Federal Contract Tower,0,10,2,0,12,0,0,12,0,12,0,10,14,0,24,0,0,0,24
12/09/2015,PIH,ID,ANM,WE,Federal Contract Tower,0,11,2,0,13,0,2,5,0,7,0,13,7,0,20,0,0,0,20
12/10/2015,PIH,ID,ANM,WE,Federal Contract Tower,0,12,4,0,16,0,0,5,0,5,0,12,9,0,21,0,0,0,21
12/11/2015,PIH,ID,ANM,WE,Federal Contract Tower,0,12,4,4,20,0,1,24,0,25,0,13,28,4,45,52,0,52,97
12/12/2015,PIH,ID,ANM,WE,Federal Contract Tower,0,8,4,1,13,0,1,1,0,2,0,9,5,1,15,0,0,0,15
12/13/2015,PIH,ID,ANM,WE,Federal Contract Tower,0,6,4,0,10,0,0,2,0,2,0,6,6,0,12,0,0,0,12
12/14/2015,PIH,ID,ANM,WE,Federal Contract Tower,0,7,2,0,9,0,0,0,0,0,0,7,2,0,9,0,0,0,9
12/15/2015,PIH,ID,ANM,WE,Federal Contract Tower,0,14,3,0,17,0,7,6,0,13,0,21,9,0,30,50,0,50,80
12/16/2015,PIH,ID,ANM,WE,Federal Contract Tower,0,9,2,0,11,0,0,7,0,7,0,9,9,0,18,20,0,20,38
12/17/2015,PIH,ID,ANM,WE,Federal Contract Tower,0,14,0,0,14,0,0,13,0,13,0,14,13,0,27,10,0,10,37
12/18/2015,PIH,ID,ANM,WE,Federal Contract Tower,0,7,6,0,13,0,0,23,0,23,0,7,29,0,36,36,0,36,72
12/19/2015,PIH,ID,ANM,WE,Federal Contract Tower,0,5,1,0,6,0,4,4,0,8,0,9,5,0,14,24,0,24,38
12/20/2015,PIH,ID,ANM,WE,Federal Contract Tower,0,4,0,0,4,0,0,0,0,0,0,4,0,0,4,0,0,0,4
12/21/2015,PIH,ID,ANM,WE,Federal Contract Tower,0,12,0,0,12,0,0,0,0,0,0,12,0,0,12,0,0,0,12
12/22/2015,PIH,ID,ANM,WE,Federal Contract Tower,0,18,1,0,19,0,1,3,0,4,0,19,4,0,23,18,0,18,41
12/23/2015,PIH,ID,ANM,WE,Federal Contract Tower,0,9,2,0,11,0,0,0,0,0,0,9,2,0,11,0,0,0,11
12/24/2015,PIH,ID,ANM,WE,Federal Contract Tower,0,12,1,0,13,0,0,0,0,0,0,12,1,0,13,0,0,0,13
12/25/2015,PIH,ID,ANM,WE,Federal Contract Tower,0,5,0,0,5,0,0,2,0,2,0,5,2,0,7,0,0,0,7
12/26/2015,PIH,ID,ANM,WE,Federal Contract Tower,0,8,0,0,8,0,0,0,0,0,0,8,0,0,8,0,0,0,8
12/27/2015,PIH,ID,ANM,WE,Federal Contract Tower,0,5,0,0,5,0,0,5,0,5,0,5,5,0,10,0,0,0,10
12/28/2015,PIH,ID,ANM,WE,Federal Contract Tower,0,8,2,0,10,0,12,23,0,35,0,20,25,0,45,32,0,32,77
12/29/2015,PIH,ID,ANM,WE,Federal Contract Tower,0,10,2,2,14,0,0,4,0,4,0,10,6,2,18,0,0,0,18
12/30/2015,PIH,ID,ANM,WE,Federal Contract Tower,0,10,3,2,15,0,1,5,0,6,0,11,8,2,21,0,0,0,21
12/31/2015,PIH,ID,ANM,WE,Federal Contract Tower,0,7,0,0,7,0,3,7,0,10,0,10,7,0,17,8,0,8,25
01/01/2016,PIH,ID,ANM,WE,Federal Contract Tower,0,5,1,0,6,0,0,15,0,15,0,5,16,0,21,10,0,10,31
01/02/2016,PIH,ID,ANM,WE,Federal Contract Tower,0,3,2,0,5,0,3,26,0,29,0,6,28,0,34,48,0,48,82
01/03/2016,PIH,ID,ANM,WE,Federal Contract Tower,0,6,0,0,6,0,0,7,0,7,0,6,7,0,13,0,0,0,13
01/04/2016,PIH,ID,ANM,WE,Federal Contract Tower,0,8,1,0,9,0,0,25,0,25,0,8,26,0,34,98,0,98,132
01/05/2016,PIH,ID,ANM,WE,Federal Contract Tower,0,12,6,0,18,0,1,10,0,11,0,13,16,0,29,32,0,32,61
01/06/2016,PIH,ID,ANM,WE,Federal Contract Tower,0,13,3,2,18,0,0,11,0,11,0,13,14,2,29,28,0,28,57
01/07/2016,PIH,ID,ANM,WE,Federal Contract Tower,2,14,8,0,24,0,0,22,0,22,2,14,30,0,46,82,0,82,128
01/08/2016,PIH,ID,ANM,WE,Federal Contract Tower,0,17,0,0,17,0,0,0,0,0,0,17,0,0,17,0,0,0,17
01/09/2016,PIH,ID,ANM,WE,Federal Contract Tower,0,12,2,0,14,0,0,10,0,10,0,12,12,0,24,0,0,0,24
01/10/2016,PIH,ID,ANM,WE,Federal Contract Tower,0,7,1,0,8,0,4,0,0,4,0,11,1,0,12,0,0,0,12
01/11/2016,PIH,ID,ANM,WE,Federal Contract Tower,0,9,9,4,22,0,0,11,0,11,0,9,20,4,33,12,6,18,51
01/12/2016,PIH,ID,ANM,WE,Federal Contract Tower,0,7,6,0,13,0,1,37,0,38,0,8,43,0,51,82,0,82,133
01/13/2016,PIH,ID,ANM,WE,Federal Contract Tower,0,9,4,0,13,0,2,19,0,21,0,11,23,0,34,60,0,60,94
01/14/2016,PIH,ID,ANM,WE,Federal Contract Tower,0,9,1,0,10,0,0,0,0,0,0,9,1,0,10,0,0,0,10
01/15/2016,PIH,ID,ANM,WE,Federal Contract Tower,0,9,2,0,11,0,0,0,0,0,0,9,2,0,11,0,0,0,11
01/16/2016,PIH,ID,ANM,WE,Federal Contract Tower,0,9,0,0,9,0,0,0,0,0,0,9,0,0,9,0,0,0,9
01/17/2016,PIH,ID,ANM,WE,Federal Contract Tower,0,2,3,0,5,0,0,0,0,0,0,2,3,0,5,0,0,0,5
01/18/2016,PIH,ID,ANM,WE,Federal Contract Tower,0,8,1,0,9,0,0,0,0,0,0,8,1,0,9,0,0,0,9
01/19/2016,PIH,ID,ANM,WE,Federal Contract Tower,0,9,5,0,14,0,0,16,0,16,0,9,21,0,30,62,0,62,92
01/20/2016,PIH,ID,ANM,WE,Federal Contract Tower,0,12,4,0,16,0,1,0,0,1,0,13,4,0,17,0,0,0,17
01/21/2016,PIH,ID,ANM,WE,Federal Contract Tower,0,10,7,0,17,0,0,24,0,24,0,10,31,0,41,94,0,94,135
01/22/2016,PIH,ID,ANM,WE,Federal Contract Tower,0,10,9,0,19,0,4,36,1,41,0,14,45,1,60,54,0,54,114
01/23/2016,PIH,ID,ANM,WE,Federal Contract Tower,0,8,1,0,9,0,2,9,0,11,0,10,10,0,20,6,0,6,26
01/24/2016,PIH,ID,ANM,WE,Federal Contract Tower,0,9,0,0,9,0,0,0,0,0,0,9,0,0,9,0,0,0,9
01/25/2016,PIH,ID,ANM,WE,Federal Contract Tower,0,11,3,0,14,0,0,7,0,7,0,11,10,0,21,28,0,28,49
01/26/2016,PIH,ID,ANM,WE,Federal Contract Tower,0,10,2,0,12,0,2,12,0,14,0,12,14,0,26,102,0,102,128
01/27/2016,PIH,ID,ANM,WE,Federal Contract Tower,0,10,4,0,14,0,1,25,1,27,0,11,29,1,41,132,0,132,173
01/28/2016,PIH,ID,ANM,WE,Federal Contract Tower,0,13,6,0,19,0,3,22,0,25,0,16,28,0,44,70,0,70,114
01/29/2016,PIH,ID,ANM,WE,Federal Contract Tower,0,10,3,0,13,0,0,3,4,7,0,10,6,4,20,2,0,2,22
01/30/2016,PIH,ID,ANM,WE,Federal Contract Tower,0,6,0,0,6,0,3,2,2,7,0,9,2,2,13,0,0,0,13
01/31/2016,PIH,ID,ANM,WE,Federal Contract Tower,0,5,0,0,5,0,0,3,0,3,0,5,3,0,8,4,0,4,12
02/01/2016,PIH,ID,ANM,WE,Federal Contract Tower,0,10,2,0,12,0,0,24,0,24,0,10,26,0,36,52,0,52,88
02/02/2016,PIH,ID,ANM,WE,Federal Contract Tower,0,14,10,0,24,0,0,16,0,16,0,14,26,0,40,76,0,76,116
02/03/2016,PIH,ID,ANM,WE,Federal Contract Tower,0,14,8,0,22,0,2,24,0,26,0,16,32,0,48,103,0,103,151
02/04/2016,PIH,ID,ANM,WE,Federal Contract Tower,0,9,0,0,9,0,0,0,0,0,0,9,0,0,9,0,0,0,9
02/05/2016,PIH,ID,ANM,WE,Federal Contract Tower,0,11,4,0,15,0,0,0,0,0,0,11,4,0,15,0,0,0,15
02/06/2016,PIH,ID,ANM,WE,Federal Contract Tower,0,4,0,0,4,0,4,21,0,25,0,8,21,0,29,42,0,42,71
02/07/2016,PIH,ID,ANM,WE,Federal Contract Tower,0,1,1,0,2,0,0,8,0,8,0,1,9,0,10,0,0,0,10
02/08/2016,PIH,ID,ANM,WE,Federal Contract Tower,0,13,8,0,21,0,0,0,0,0,0,13,8,0,21,0,0,0,21
02/09/2016,PIH,ID,ANM,WE,Federal Contract Tower,0,11,3,0,14,0,12,13,0,25,0,23,16,0,39,0,0,0,39
02/10/2016,PIH,ID,ANM,WE,Federal Contract Tower,0,11,9,0,20,0,1,18,0,19,0,12,27,0,39,18,0,18,57
02/11/2016,PIH,ID,ANM,WE,Federal Contract Tower,0,10,5,0,15,0,1,16,0,17,0,11,21,0,32,0,0,0,32
02/12/2016,PIH,ID,ANM,WE,Federal Contract Tower,0,11,3,0,14,0,2,30,0,32,0,13,33,0,46,48,0,48,94
02/13/2016,PIH,ID,ANM,WE,Federal Contract Tower,0,9,2,0,11,0,1,1,0,2,0,10,3,0,13,0,0,0,13
02/14/2016,PIH,ID,ANM,WE,Federal Contract Tower,0,4,1,0,5,0,0,0,0,0,0,4,1,0,5,0,0,0,5
02/15/2016,PIH,ID,ANM,WE,Federal Contract Tower,0,10,4,0,14,0,0,2,0,2,0,10,6,0,16,0,0,0,16
02/16/2016,PIH,ID,ANM,WE,Federal Contract Tower,0,9,2,0,11,0,15,22,0,37,0,24,24,0,48,86,0,86,134
02/17/2016,PIH,ID,ANM,WE,Federal Contract Tower,0,13,3,1,17,0,0,20,6,26,0,13,23,7,43,80,0,80,123
02/18/2016,PIH,ID,ANM,WE,Federal Contract Tower,0,7,8,0,15,0,0,0,0,0,0,7,8,0,15,0,0,0,15
02/19/2016,PIH,ID,ANM,WE,Federal Contract Tower,0,7,4,2,13,0,15,7,0,22,0,22,11,2,35,4,0,4,39
02/20/2016,PIH,ID,ANM,WE,Federal Contract Tower,0,13,0,0,13,0,1,15,1,17,0,14,15,1,30,18,0,18,48
02/21/2016,PIH,ID,ANM,WE,Federal Contract Tower,0,4,6,0,10,0,0,31,1,32,0,4,37,1,42,38,0,38,80
02/22/2016,PIH,ID,ANM,WE,Federal Contract Tower,0,9,1,2,12,0,0,7,0,7,0,9,8,2,19,8,8,16,35
02/23/2016,PIH,ID,ANM,WE,Federal Contract Tower,0,9,3,0,12,0,1,37,2,40,0,10,40,2,52,66,0,66,118
02/24/2016,PIH,ID,ANM,WE,Federal Contract Tower,0,9,5,0,14,0,12,40,0,52,0,21,45,0,66,92,0,92,158
02/25/2016,PIH,ID,ANM,WE,Federal Contract Tower,0,11,8,0,19,0,0,32,0,32,0,11,40,0,51,56,0,56,107
02/26/2016,PIH,ID,ANM,WE,Federal Contract Tower,0,9,5,0,14,0,1,52,0,53,0,10,57,0,67,58,0,58,125
02/27/2016,PIH,ID,ANM,WE,Federal Contract Tower,0,6,0,0,6,0,1,0,0,1,0,7,0,0,7,0,0,0,7
02/28/2016,PIH,ID,ANM,WE,Federal Contract Tower,0,6,2,0,8,0,2,34,0,36,0,8,36,0,44,58,0,58,102
02/29/2016,PIH,ID,ANM,WE,Federal Contract Tower,0,9,6,0,15,0,2,7,0,9,0,11,13,0,24,0,0,0,24
03/01/2016,PIH,ID,ANM,WE,Federal Contract Tower,0,9,0,0,9,0,4,21,0,25,0,13,21,0,34,24,0,24,58
03/02/2016,PIH,ID,ANM,WE,Federal Contract Tower,0,10,3,0,13,0,1,20,0,21,0,11,23,0,34,0,0,0,34
03/03/2016,PIH,ID,ANM,WE,Federal Contract Tower,0,13,2,0,15,0,2,29,0,31,0,15,31,0,46,64,0,64,110
03/04/2016,PIH,ID,ANM,WE,Federal Contract Tower,0,10,5,0,15,0,1,58,0,59,0,11,63,0,74,84,0,84,158
03/05/2016,PIH,ID,ANM,WE,Federal Contract Tower,0,6,0,0,6,0,1,14,0,15,0,7,14,0,21,20,0,20,41
03/06/2016,PIH,ID,ANM,WE,Federal Contract Tower,0,5,2,0,7,0,0,0,0,0,0,5,2,0,7,0,0,0,7
03/07/2016,PIH,ID,ANM,WE,Federal Contract Tower,0,13,2,0,15,0,0,18,0,18,0,13,20,0,33,52,0,52,85
03/08/2016,PIH,ID,ANM,WE,Federal Contract Tower,0,12,3,0,15,0,1,18,0,19,0,13,21,0,34,40,0,40,74
03/09/2016,PIH,ID,ANM,WE,Federal Contract Tower,0,14,7,0,21,0,1,30,0,31,0,15,37,0,52,38,0,38,90
03/10/2016,PIH,ID,ANM,WE,Federal Contract Tower,0,11,13,0,24,0,0,29,0,29,0,11,42,0,53,46,0,46,99
03/11/2016,PIH,ID,ANM,WE,Federal Contract Tower,0,10,0,0,10,0,1,24,0,25,0,11,24,0,35,68,0,68,103
03/12/2016,PIH,ID,ANM,WE,Federal Contract Tower,0,7,9,0,16,0,2,16,0,18,0,9,25,0,34,36,0,36,70
03/13/2016,PIH,ID,ANM,WE,Federal Contract Tower,0,5,1,0,6,0,0,0,0,0,0,5,1,0,6,0,0,0,6
03/14/2016,PIH,ID,ANM,WE,Federal Contract Tower,0,12,0,0,12,0,0,10,0,10,0,12,10,0,22,0,0,0,22
03/15/2016,PIH,ID,ANM,WE,Federal Contract Tower,0,16,2,0,18,0,0,10,0,10,0,16,12,0,28,10,0,10,38
03/16/2016,PIH,ID,ANM,WE,Federal Contract Tower,0,15,5,0,20,0,0,7,0,7,0,15,12,0,27,0,0,0,27
03/17/2016,PIH,ID,ANM,WE,Federal Contract Tower,0,12,8,0,20,0,1,24,0,25,0,13,32,0,45,36,0,36,81
03/18/2016,PIH,ID,ANM,WE,Federal Contract Tower,0,10,0,0,10,0,1,39,0,40,0,11,39,0,50,79,0,79,129
03/19/2016,PIH,ID,ANM,WE,Federal Contract Tower,0,6,2,0,8,0,9,33,0,42,0,15,35,0,50,82,0,82,132
03/20/2016,PIH,ID,ANM,WE,Federal Contract Tower,0,4,7,0,11,0,2,33,0,35,0,6,40,0,46,36,0,36,82
03/21/2016,PIH,ID,ANM,WE,Federal Contract Tower,0,10,4,0,14,0,0,21,0,21,0,10,25,0,35,32,0,32,67
03/22/2016,PIH,ID,ANM,WE,Federal Contract Tower,0,15,2,0,17,0,0,0,0,0,0,15,2,0,17,0,0,0,17
03/23/2016,PIH,ID,ANM,WE,Federal Contract Tower,0,13,3,0,16,0,1,26,0,27,0,14,29,0,43,54,0,54,97
03/24/2016,PIH,ID,ANM,WE,Federal Contract Tower,0,11,2,0,13,0,1,0,0,1,0,12,2,0,14,0,0,0,14
03/25/2016,PIH,ID,ANM,WE,Federal Contract Tower,0,13,5,0,18,0,0,17,0,17,0,13,22,0,35,48,0,48,83
03/26/2016,PIH,ID,ANM,WE,Federal Contract Tower,0,8,2,0,10,0,4,32,0,36,0,12,34,0,46,34,0,34,80
03/27/2016,PIH,ID,ANM,WE,Federal Contract Tower,0,4,2,0,6,0,0,4,0,4,0,4,6,0,10,0,0,0,10
03/28/2016,PIH,ID,ANM,WE,Federal Contract Tower,0,15,4,0,19,0,1,23,0,24,0,16,27,0,43,42,0,42,85
03/29/2016,PIH,ID,ANM,WE,Federal Contract Tower,0,15,1,0,16,0,0,0,0,0,0,15,1,0,16,0,0,0,16
03/30/2016,PIH,ID,ANM,WE,Federal Contract Tower,0,13,3,0,16,0,1,19,0,20,0,14,22,0,36,46,0,46,82
03/31/2016,PIH,ID,ANM,WE,Federal Contract Tower,0,14,4,0,18,0,0,25,0,25,0,14,29,0,43,84,0,84,127
04/01/2016,PIH,ID,ANM,WE,Federal Contract Tower,0,12,4,0,16,0,4,43,0,47,0,16,47,0,63,114,0,114,177
04/02/2016,PIH,ID,ANM,WE,Federal Contract Tower,0,6,3,0,9,0,2,43,0,45,0,8,46,0,54,88,0,88,142
04/03/2016,PIH,ID,ANM,WE,Federal Contract Tower,0,5,6,0,11,0,4,13,0,17,0,9,19,0,28,24,0,24,52
04/04/2016,PIH,ID,ANM,WE,Federal Contract Tower,0,13,4,0,17,0,2,23,0,25,0,15,27,0,42,64,0,64,106
04/05/2016,PIH,ID,ANM,WE,Federal Contract Tower,0,12,1,0,13,0,0,18,0,18,0,12,19,0,31,12,0,12,43
04/06/2016,PIH,ID,ANM,WE,Federal Contract Tower,0,11,6,0,17,0,1,41,0,42,0,12,47,0,59,24,0,24,83
04/07/2016,PIH,ID,ANM,WE,Federal Contract Tower,0,11,7,2,20,0,17,41,0,58,0,28,48,2,78,90,0,90,168
04/08/2016,PIH,ID,ANM,WE,Federal Contract Tower,0,12,4,0,16,0,3,54,0,57,0,15,58,0,73,96,0,96,169
04/09/2016,PIH,ID,ANM,WE,Federal Contract Tower,0,6,0,3,9,0,3,2,1,6,0,9,2,4,15,0,0,0,15
04/10/2016,PIH,ID,ANM,WE,Federal Contract Tower,0,6,2,0,8,0,0,3,0,3,0,6,5,0,11,28,0,28,39
04/11/2016,PIH,ID,ANM,WE,Federal Contract Tower,0,10,12,0,22,0,9,34,0,43,0,19,46,0,65,82,0,82,147
04/12/2016,PIH,ID,ANM,WE,Federal Contract Tower,0,11,3,0,14,0,2,28,0,30,0,13,31,0,44,50,0,50,94
04/13/2016,PIH,ID,ANM,WE,Federal Contract Tower,0,16,5,0,21,0,12,18,0,30,0,28,23,0,51,34,0,34,85
04/14/2016,PIH,ID,ANM,WE,Federal Contract Tower,0,11,6,0,17,0,0,4,16,20,0,11,10,16,37,0,0,0,37
04/15/2016,PIH,ID,ANM,WE,Federal Contract Tower,0,10,5,0,15,0,0,3,0,3,0,10,8,0,18,0,0,0,18
04/16/2016,PIH,ID,ANM,WE,Federal Contract Tower,0,7,8,0,15,0,4,10,0,14,0,11,18,0,29,6,0,6,35
04/17/2016,PIH,ID,ANM,WE,Federal Contract Tower,0,3,0,0,3,0,2,13,0,15,0,5,13,0,18,20,0,20,38
04/18/2016,PIH,ID,ANM,WE,Federal Contract Tower,0,13,6,0,19,0,0,32,0,32,0,13,38,0,51,70,0,70,121
04/19/2016,PIH,ID,ANM,WE,Federal Contract Tower,0,12,7,0,19,0,0,37,0,37,0,12,44,0,56,124,0,124,180
04/20/2016,PIH,ID,ANM,WE,Federal Contract Tower,0,11,3,0,14,0,0,52,0,52,0,11,55,0,66,88,0,88,154
04/21/2016,PIH,ID,ANM,WE,Federal Contract Tower,0,10,6,0,16,0,1,32,0,33,0,11,38,0,49,84,0,84,133
04/22/2016,PIH,ID,ANM,WE,Federal Contract Tower,0,12,2,0,14,0,3,25,0,28,0,15,27,0,42,4,0,4,46
04/23/2016,PIH,ID,ANM,WE,Federal Contract Tower,0,11,1,0,12,0,0,0,0,0,0,11,1,0,12,0,0,0,12
04/24/2016,PIH,ID,ANM,WE,Federal Contract Tower,0,4,6,0,10,0,1,8,0,9,0,5,14,0,19,0,0,0,19
04/25/2016,PIH,ID,ANM,WE,Federal Contract Tower,0,10,3,0,13,0,0,25,0,25,0,10,28,0,38,74,0,74,112
04/26/2016,PIH,ID,ANM,WE,Federal Contract Tower,0,15,0,0,15,0,1,14,0,15,0,16,14,0,30,0,0,0,30
04/27/2016,PIH,ID,ANM,WE,Federal Contract Tower,0,11,4,3,18,0,0,35,3,38,0,11,39,6,56,158,0,158,214
04/28/2016,PIH,ID,ANM,WE,Federal Contract Tower,0,13,7,0,20,0,0,33,0,33,0,13,40,0,53,32,0,32,85
04/29/2016,PIH,ID,ANM,WE,Federal Contract Tower,0,16,3,0,19,0,10,20,0,30,0,26,23,0,49,58,0,58,107
04/30/2016,PIH,ID,ANM,WE,Federal Contract Tower,0,9,0,0,9,0,1,26,0,27,0,10,26,0,36,0,0,0,36
05/01/2016,PIH,ID,ANM,WE,Federal Contract Tower,0,6,0,0,6,0,0,17,0,17,0,6,17,0,23,12,0,12,35
05/02/2016,PIH,ID,ANM,WE,Federal Contract Tower,0,9,12,2,23,0,2,30,3,35,0,11,42,5,58,70,18,88,146
05/03/2016,PIH,ID,ANM,WE,Federal Contract Tower,0,14,10,0,24,0,12,82,0,94,0,26,92,0,118,98,0,98,216
05/04/2016,PIH,ID,ANM,WE,Federal Contract Tower,0,12,10,0,22,0,15,54,2,71,0,27,64,2,93,50,0,50,143
05/05/2016,PIH,ID,ANM,WE,Federal Contract Tower,0,11,3,0,14,0,6,40,0,46,0,17,43,0,60,0,0,0,60
05/06/2016,PIH,ID,ANM,WE,Federal Contract Tower,2,12,3,0,17,0,0,29,0,29,2,12,32,0,46,54,0,54,100
05/07/2016,PIH,ID,ANM,WE,Federal Contract Tower,0,8,0,0,8,0,1,25,0,26,0,9,25,0,34,0,0,0,34
05/08/2016,PIH,ID,ANM,WE,Federal Contract Tower,0,4,2,0,6,0,0,19,0,19,0,4,21,0,25,20,0,20,45
05/09/2016,PIH,ID,ANM,WE,Federal Contract Tower,0,10,7,0,17,0,0,9,0,9,0,10,16,0,26,0,0,0,26
05/10/2016,PIH,ID,ANM,WE,Federal Contract Tower,0,11,6,0,17,0,1,33,0,34,0,12,39,0,51,42,0,42,93
05/11/2016,PIH,ID,ANM,WE,Federal Contract Tower,0,15,6,0,21,0,8,35,0,43,0,23,41,0,64,58,0,58,122
05/12/2016,PIH,ID,ANM,WE,Federal Contract Tower,0,13,4,0,17,0,2,52,0,54,0,15,56,0,71,34,0,34,105
05/13/2016,PIH,ID,ANM,WE,Federal Contract Tower,0,12,7,0,19,0,0,55,0,55,0,12,62,0,74,36,0,36,110
05/14/2016,PIH,ID,ANM,WE,Federal Contract Tower,0,7,0,0,7,0,2,15,0,17,0,9,15,0,24,24,0,24,48
05/15/2016,PIH,ID,ANM,WE,Federal Contract Tower,0,3,0,0,3,0,0,0,0,0,0,3,0,0,3,0,0,0,3
05/16/2016,PIH,ID,ANM,WE,Federal Contract Tower,0,15,5,0,20,0,0,13,0,13,0,15,18,0,33,26,0,26,59
05/17/2016,PIH,ID,ANM,WE,Federal Contract Tower,0,11,9,0,20,0,18,43,0,61,0,29,52,0,81,46,0,46,127
05/18/2016,PIH,ID,ANM,WE,Federal Contract Tower,0,14,20,0,34,0,11,38,0,49,0,25,58,0,83,74,0,74,157
05/19/2016,PIH,ID,ANM,WE,Federal Contract Tower,0,14,5,0,19,0,10,6,0,16,0,24,11,0,35,14,0,14,49
05/20/2016,PIH,ID,ANM,WE,Federal Contract Tower,0,14,7,0,21,0,0,7,0,7,0,14,14,0,28,0,0,0,28
05/21/2016,PIH,ID,ANM,WE,Federal Contract Tower,0,10,0,0,10,0,1,0,0,1,0,11,0,0,11,0,0,0,11
05/22/2016,PIH,ID,ANM,WE,Federal Contract Tower,0,4,3,0,7,0,0,16,0,16,0,4,19,0,23,0,0,0,23
05/23/2016,PIH,ID,ANM,WE,Federal Contract Tower,0,12,3,0,15,0,1,34,0,35,0,13,37,0,50,38,0,38,88
05/24/2016,PIH,ID,ANM,WE,Federal Contract Tower,0,11,9,0,20,0,0,19,0,19,0,11,28,0,39,40,0,40,79
05/25/2016,PIH,ID,ANM,WE,Federal Contract Tower,0,13,4,0,17,0,0,32,0,32,0,13,36,0,49,30,0,30,79
05/26/2016,PIH,ID,ANM,WE,Federal Contract Tower,0,11,11,0,22,0,7,36,0,43,0,18,47,0,65,20,0,20,85
05/27/2016,PIH,ID,ANM,WE,Federal Contract Tower,0,15,7,0,22,0,14,35,0,49,0,29,42,0,71,10,0,10,81
05/28/2016,PIH,ID,ANM,WE,Federal Contract Tower,0,12,2,0,14,0,7,26,0,33,0,19,28,0,47,28,0,28,75
05/29/2016,PIH,ID,ANM,WE,Federal Contract Tower,0,2,3,0,5,0,0,20,0,20,0,2,23,0,25,24,0,24,49
05/30/2016,PIH,ID,ANM,WE,Federal Contract Tower,0,10,6,0,16,0,1,25,0,26,0,11,31,0,42,14,0,14,56
05/31/2016,PIH,ID,ANM,WE,Federal Contract Tower,0,8,4,0,12,0,10,36,2,48,0,18,40,2,60,40,0,40,100
06/01/2016,PIH,ID,ANM,WE,Federal Contract Tower,0,12,3,0,15,0,1,41,0,42,0,13,44,0,57,68,0,68,125
06/02/2016,PIH,ID,ANM,WE,Federal Contract Tower,0,14,9,2,25,0,2,31,0,33,0,16,40,2,58,8,0,8,66
06/03/2016,PIH,ID,ANM,WE,Federal Contract Tower,0,12,9,0,21,0,2,52,0,54,0,14,61,0,75,66,0,66,141
06/04/2016,PIH,ID,ANM,WE,Federal Contract Tower,0,8,2,0,10,0,4,24,0,28,0,12,26,0,38,14,0,14,52
06/05/2016,PIH,ID,ANM,WE,Federal Contract Tower,0,7,4,0,11,0,10,30,0,40,0,17,34,0,51,34,0,34,85
06/06/2016,PIH,ID,ANM,WE,Federal Contract Tower,0,12,4,0,16,0,5,27,0,32,0,17,31,0,48,18,0,18,66
06/07/2016,PIH,ID,ANM,WE,Federal Contract Tower,0,12,2,0,14,0,20,21,0,41,0,32,23,0,55,34,0,34,89
06/08/2016,PIH,ID,ANM,WE,Federal Contract Tower,0,11,7,0,18,0,4,38,0,42,0,15,45,0,60,10,0,10,70
06/09/2016,PIH,ID,ANM,WE,Federal Contract Tower,0,11,6,0,17,0,7,28,0,35,0,18,34,0,52,14,0,14,66
06/10/2016,PIH,ID,ANM,WE,Federal Contract Tower,0,12,8,0,20,0,3,27,0,30,0,15,35,0,50,32,0,32,82
06/11/2016,PIH,ID,ANM,WE,Federal Contract Tower,0,12,1,0,13,0,2,12,0,14,0,14,13,0,27,14,0,14,41
06/12/2016,PIH,ID,ANM,WE,Federal Contract Tower,0,3,0,0,3,0,0,12,0,12,0,3,12,0,15,0,0,0,15
06/13/2016,PIH,ID,ANM,WE,Federal Contract Tower,0,12,8,0,20,0,2,24,0,26,0,14,32,0,46,46,0,46,92
06/14/2016,PIH,ID,ANM,WE,Federal Contract Tower,0,13,4,0,17,0,5,28,0,33,0,18,32,0,50,0,0,0,50
06/15/2016,PIH,ID,ANM,WE,Federal Contract Tower,0,12,5,0,17,0,2,37,0,39,0,14,42,0,56,48,0,48,104
06/16/2016,PIH,ID,ANM,WE,Federal Contract Tower,0,12,5,0,17,0,0,30,0,30,0,12,35,0,47,40,0,40,87
06/17/2016,PIH,ID,ANM,WE,Federal Contract Tower,0,11,11,0,22,0,12,49,0,61,0,23,60,0,83,64,0,64,147
06/18/2016,PIH,ID,ANM,WE,Federal Contract Tower,0,6,1,0,7,0,34,28,0,62,0,40,29,0,69,12,0,12,81
06/19/2016,PIH,ID,ANM,WE,Federal Contract Tower,0,3,2,0,5,0,1,13,0,14,0,4,15,0,19,18,0,18,37
06/20/2016,PIH,ID,ANM,WE,Federal Contract Tower,0,10,2,1,13,0,11,29,0,40,0,21,31,1,53,18,0,18,71
06/21/2016,PIH,ID,ANM,WE,Federal Contract Tower,0,15,5,0,20,0,1,24,0,25,0,16,29,0,45,12,0,12,57
06/22/2016,PIH,ID,ANM,WE,Federal Contract Tower,0,14,8,0,22,0,0,44,0,44,0,14,52,0,66,44,0,44,110
06/23/2016,PIH,ID,ANM,WE,Federal Contract Tower,0,13,7,0,20,0,2,47,0,49,0,15,54,0,69,32,0,32,101
06/24/2016,PIH,ID,ANM,WE,Federal Contract Tower,0,14,4,0,18,0,4,28,0,32,0,18,32,0,50,8,0,8,58
06/25/2016,PIH,ID,ANM,WE,Federal Contract Tower,0,9,2,0,11,0,5,20,0,25,0,14,22,0,36,0,0,0,36
06/26/2016,PIH,ID,ANM,WE,Federal Contract Tower,0,5,2,0,7,0,1,26,0,27,0,6,28,0,34,26,0,26,60
06/27/2016,PIH,ID,ANM,WE,Federal Contract Tower,0,12,8,0,20,0,3,24,0,27,0,15,32,0,47,12,0,12,59
06/28/2016,PIH,ID,ANM,WE,Federal Contract Tower,0,12,3,0,15,0,0,22,0,22,0,12,25,0,37,44,0,44,81
06/29/2016,PIH,ID,ANM,WE,Federal Contract Tower,0,13,9,0,22,0,1,43,0,44,0,14,52,0,66,74,0,74,140
06/30/2016,PIH,ID,ANM,WE,Federal Contract Tower,0,12,8,0,20,0,1,21,0,22,0,13,29,0,42,42,0,42,84
07/01/2016,PIH,ID,ANM,WE,Federal Contract Tower,0,13,9,2,24,0,6,25,0,31,0,19,34,2,55,30,0,30,85
07/02/2016,PIH,ID,ANM,WE,Federal Contract Tower,0,7,1,0,8,0,4,26,0,30,0,11,27,0,38,14,0,14,52
07/03/2016,PIH,ID,ANM,WE,Federal Contract Tower,1,2,3,0,6,0,2,29,0,31,1,4,32,0,37,18,0,18,55
07/04/2016,PIH,ID,ANM,WE,Federal Contract Tower,0,4,2,0,6,5,5,33,0,43,5,9,35,0,49,0,0,0,49
07/05/2016,PIH,ID,ANM,WE,Federal Contract Tower,0,10,10,0,20,2,56,27,0,85,2,66,37,0,105,0,0,0,105
07/06/2016,PIH,ID,ANM,WE,Federal Contract Tower,0,11,6,0,17,0,4,19,0,23,0,15,25,0,40,14,0,14,54
07/07/2016,PIH,ID,ANM,WE,Federal Contract Tower,0,12,5,0,17,0,4,48,0,52,0,16,53,0,69,0,0,0,69
07/08/2016,PIH,ID,ANM,WE,Federal Contract Tower,0,11,6,0,17,0,3,18,0,21,0,14,24,0,38,40,0,40,78
07/09/2016,PIH,ID,ANM,WE,Federal Contract Tower,0,8,1,0,9,1,8,26,0,35,1,16,27,0,44,24,0,24,68
07/10/2016,PIH,ID,ANM,WE,Federal Contract Tower,0,5,4,0,9,0,7,3,0,10,0,12,7,0,19,0,0,0,19
07/11/2016,PIH,ID,ANM,WE,Federal Contract Tower,0,9,13,0,22,0,3,19,0,22,0,12,32,0,44,24,0,24,68
07/12/2016,PIH,ID,ANM,WE,Federal Contract Tower,0,19,12,0,31,0,5,42,0,47,0,24,54,0,78,66,0,66,144
07/13/2016,PIH,ID,ANM,WE,Federal Contract Tower,0,14,6,2,22,0,16,40,0,56,0,30,46,2,78,54,14,68,146
07/14/2016,PIH,ID,ANM,WE,Federal Contract Tower,0,13,3,0,16,0,3,48,0,51,0,16,51,0,67,38,0,38,105
07/15/2016,PIH,ID,ANM,WE,Federal Contract Tower,0,14,9,0,23,0,10,63,0,73,0,24,72,0,96,89,0,89,185
07/16/2016,PIH,ID,ANM,WE,Federal Contract Tower,0,7,4,0,11,5,4,14,0,23,5,11,18,0,34,48,0,48,82
07/17/2016,PIH,ID,ANM,WE,Federal Contract Tower,2,8,2,0,12,2,3,12,0,17,4,11,14,0,29,20,0,20,49
07/18/2016,PIH,ID,ANM,WE,Federal Contract Tower,5,12,9,2,28,4,10,24,1,39,9,22,33,3,67,36,12,48,115
07/19/2016,PIH,ID,ANM,WE,Federal Contract Tower,10,11,5,0,26,0,32,24,0,56,10,43,29,0,82,10,0,10,92
07/20/2016,PIH,ID,ANM,WE,Federal Contract Tower,7,12,5,0,24,2,12,29,0,43,9,24,34,0,67,10,0,10,77
07/21/2016,PIH,ID,ANM,WE,Federal Contract Tower,4,20,13,0,37,0,10,39,0,49,4,30,52,0,86,76,0,76,162
07/22/2016,PIH,ID,ANM,WE,Federal Contract Tower,4,14,5,0,23,0,5,19,0,24,4,19,24,0,47,92,0,92,139
07/23/2016,PIH,ID,ANM,WE,Federal Contract Tower,1,13,5,0,19,0,8,27,9,44,1,21,32,9,63,26,0,26,89
07/24/2016,PIH,ID,ANM,WE,Federal Contract Tower,0,3,3,0,6,0,0,19,0,19,0,3,22,0,25,16,0,16,41
07/25/2016,PIH,ID,ANM,WE,Federal Contract Tower,0,14,9,0,23,8,7,22,0,37,8,21,31,0,60,36,0,36,96
07/26/2016,PIH,ID,ANM,WE,Federal Contract Tower,0,20,6,0,26,0,3,33,28,64,0,23,39,28,90,10,0,10,100
07/27/2016,PIH,ID,ANM,WE,Federal Contract Tower,3,15,4,0,22,12,20,49,0,81,15,35,53,0,103,52,0,52,155
07/28/2016,PIH,ID,ANM,WE,Federal Contract Tower,7,12,7,0,26,8,23,38,10,79,15,35,45,10,105,62,0,62,167
07/29/2016,PIH,ID,ANM,WE,Federal Contract Tower,10,12,4,0,26,0,9,27,14,50,10,21,31,14,76,58,0,58,134
07/30/2016,PIH,ID,ANM,WE,Federal Contract Tower,0,10,0,0,10,0,8,25,0,33,0,18,25,0,43,12,0,12,55
07/31/2016,PIH,ID,ANM,WE,Federal Contract Tower,0,4,2,0,6,0,0,12,0,12,0,4,14,0,18,0,0,0,18
08/01/2016,PIH,ID,ANM,WE,Federal Contract Tower,2,9,7,0,18,0,7,44,0,51,2,16,51,0,69,12,0,12,81
08/02/2016,PIH,ID,ANM,WE,Federal Contract Tower,4,11,2,0,17,0,16,40,0,56,4,27,42,0,73,28,0,28,101
08/03/2016,PIH,ID,ANM,WE,Federal Contract Tower,5,16,10,0,31,9,45,39,0,93,14,61,49,0,124,2,0,2,126
08/04/2016,PIH,ID,ANM,WE,Federal Contract Tower,4,12,2,0,18,32,37,34,0,103,36,49,36,0,121,120,0,120,241
08/05/2016,PIH,ID,ANM,WE,Federal Contract Tower,0,11,11,0,22,0,6,71,0,77,0,17,82,0,99,44,0,44,143
08/06/2016,PIH,ID,ANM,WE,Federal Contract Tower,0,9,8,0,17,4,32,39,0,75,4,41,47,0,92,16,0,16,108
08/07/2016,PIH,ID,ANM,WE,Federal Contract Tower,0,4,1,0,5,6,169,12,0,187,6,173,13,0,192,2,0,2,194
08/08/2016,PIH,ID,ANM,WE,Federal Contract Tower,0,12,5,0,17,1,16,49,0,66,1,28,54,0,83,0,0,0,83
08/09/2016,PIH,ID,ANM,WE,Federal Contract Tower,0,15,6,0,21,0,4,20,0,24,0,19,26,0,45,12,0,12,57
08/10/2016,PIH,ID,ANM,WE,Federal Contract Tower,0,14,3,0,17,8,65,35,0,108,8,79,38,0,125,18,0,18,143
08/11/2016,PIH,ID,ANM,WE,Federal Contract Tower,0,16,9,0,25,0,10,38,0,48,0,26,47,0,73,8,0,8,81
08/12/2016,PIH,ID,ANM,WE,Federal Contract Tower,1,15,5,0,21,1,12,40,0,53,2,27,45,0,74,12,0,12,86
08/13/2016,PIH,ID,ANM,WE,Federal Contract Tower,1,7,4,0,12,0,9,27,0,36,1,16,31,0,48,6,0,6,54
08/14/2016,PIH,ID,ANM,WE,Federal Contract Tower,0,5,1,0,6,0,4,13,0,17,0,9,14,0,23,30,0,30,53
08/15/2016,PIH,ID,ANM,WE,Federal Contract Tower,0,10,7,2,19,0,30,22,0,52,0,40,29,2,71,22,0,22,93
08/16/2016,PIH,ID,ANM,WE,Federal Contract Tower,4,15,7,0,26,47,159,30,11,247,51,174,37,11,273,20,0,20,293
08/17/2016,PIH,ID,ANM,WE,Federal Contract Tower,0,15,6,0,21,2,49,19,0,70,2,64,25,0,91,44,0,44,135
08/18/2016,PIH,ID,ANM,WE,Federal Contract Tower,0,11,14,0,25,1,5,21,0,27,1,16,35,0,52,0,0,0,52
08/19/2016,PIH,ID,ANM,WE,Federal Contract Tower,0,17,6,2,25,0,13,17,0,30,0,30,23,2,55,28,0,28,83
08/20/2016,PIH,ID,ANM,WE,Federal Contract Tower,0,7,5,0,12,2,19,31,0,52,2,26,36,0,64,16,0,16,80
08/21/2016,PIH,ID,ANM,WE,Federal Contract Tower,0,5,7,0,12,0,34,21,0,55,0,39,28,0,67,6,0,6,73
08/22/2016,PIH,ID,ANM,WE,Federal Contract Tower,0,12,4,0,16,2,80,19,15,116,2,92,23,15,132,70,0,70,202
08/23/2016,PIH,ID,ANM,WE,Federal Contract Tower,0,13,10,0,23,5,130,18,0,153,5,143,28,0,176,24,0,24,200
08/24/2016,PIH,ID,ANM,WE,Federal Contract Tower,0,14,7,0,21,0,118,27,0,145,0,132,34,0,166,30,0,30,196
08/25/2016,PIH,ID,ANM,WE,Federal Contract Tower,0,14,11,0,25,0,140,17,0,157,0,154,28,0,182,34,0,34,216
08/26/2016,PIH,ID,ANM,WE,Federal Contract Tower,0,16,7,0,23,0,56,33,0,89,0,72,40,0,112,48,0,48,160
08/27/2016,PIH,ID,ANM,WE,Federal Contract Tower,0,5,3,0,8,0,18,34,0,52,0,23,37,0,60,8,0,8,68
08/28/2016,PIH,ID,ANM,WE,Federal Contract Tower,0,4,6,0,10,0,11,18,2,31,0,15,24,2,41,0,0,0,41
08/29/2016,PIH,ID,ANM,WE,Federal Contract Tower,0,11,9,2,22,0,11,34,0,45,0,22,43,2,67,28,0,28,95
08/30/2016,PIH,ID,ANM,WE,Federal Contract Tower,0,11,2,0,13,0,1,39,0,40,0,12,41,0,53,30,0,30,83
08/31/2016,PIH,ID,ANM,WE,Federal Contract Tower,0,14,3,0,17,0,5,22,0,27,0,19,25,0,44,10,0,10,54
09/01/2016,PIH,ID,ANM,WE,Federal Contract Tower,0,14,2,0,16,0,21,14,0,35,0,35,16,0,51,0,0,0,51
09/02/2016,PIH,ID,ANM,WE,Federal Contract Tower,1,19,8,0,28,12,40,17,3,72,13,59,25,3,100,0,0,0,100
09/03/2016,PIH,ID,ANM,WE,Federal Contract Tower,10,7,2,0,19,5,21,24,1,51,15,28,26,1,70,18,0,18,88
09/04/2016,PIH,ID,ANM,WE,Federal Contract Tower,0,3,2,0,5,0,1,2,0,3,0,4,4,0,8,0,0,0,8
09/05/2016,PIH,ID,ANM,WE,Federal Contract Tower,1,7,9,0,17,2,7,34,0,43,3,14,43,0,60,0,0,0,60
09/06/2016,PIH,ID,ANM,WE,Federal Contract Tower,0,10,5,1,16,0,9,22,11,42,0,19,27,12,58,60,2,62,120
09/07/2016,PIH,ID,ANM,WE,Federal Contract Tower,0,12,4,2,18,0,9,25,0,34,0,21,29,2,52,40,0,40,92
09/08/2016,PIH,ID,ANM,WE,Federal Contract Tower,1,11,6,0,18,0,4,12,0,16,1,15,18,0,34,8,0,8,42
09/09/2016,PIH,ID,ANM,WE,Federal Contract Tower,1,13,1,0,15,2,2,28,0,32,3,15,29,0,47,28,0,28,75
09/10/2016,PIH,ID,ANM,WE,Federal Contract Tower,0,7,0,0,7,6,24,28,0,58,6,31,28,0,65,6,0,6,71
09/11/2016,PIH,ID,ANM,WE,Federal Contract Tower,4,5,2,0,11,0,47,22,1,70,4,52,24,1,81,4,0,4,85
09/12/2016,PIH,ID,ANM,WE,Federal Contract Tower,1,12,4,0,17,0,8,9,0,17,1,20,13,0,34,12,0,12,46
09/13/2016,PIH,ID,ANM,WE,Federal Contract Tower,5,18,2,0,25,0,8,10,0,18,5,26,12,0,43,28,0,28,71
09/14/2016,PIH,ID,ANM,WE,Federal Contract Tower,1,14,3,0,18,0,0,10,0,10,1,14,13,0,28,0,0,0,28
09/15/2016,PIH,ID,ANM,WE,Federal Contract Tower,0,12,4,0,16,0,2,35,0,37,0,14,39,0,53,18,0,18,71
09/16/2016,PIH,ID,ANM,WE,Federal Contract Tower,2,12,2,0,16,0,1,33,0,34,2,13,35,0,50,84,0,84,134
09/17/2016,PIH,ID,ANM,WE,Federal Contract Tower,0,9,1,0,10,0,4,35,0,39,0,13,36,0,49,0,0,0,49
09/18/2016,PIH,ID,ANM,WE,Federal Contract Tower,0,3,1,0,4,0,2,15,0,17,0,5,16,0,21,32,0,32,53
09/19/2016,PIH,ID,ANM,WE,Federal Contract Tower,0,11,11,0,22,0,20,20,0,40,0,31,31,0,62,34,0,34,96
09/20/2016,PIH,ID,ANM,WE,Federal Contract Tower,0,11,7,1,19,0,1,30,1,32,0,12,37,2,51,62,0,62,113
09/21/2016,PIH,ID,ANM,WE,Federal Contract Tower,0,15,6,0,21,0,3,21,0,24,0,18,27,0,45,50,0,50,95
09/22/2016,PIH,ID,ANM,WE,Federal Contract Tower,4,12,6,0,22,0,0,10,0,10,4,12,16,0,32,0,0,0,32
09/23/2016,PIH,ID,ANM,WE,Federal Contract Tower,1,12,5,2,20,0,0,2,0,2,1,12,7,2,22,24,0,24,46
09/24/2016,PIH,ID,ANM,WE,Federal Contract Tower,1,11,5,0,17,0,4,10,0,14,1,15,15,0,31,12,0,12,43
09/25/2016,PIH,ID,ANM,WE,Federal Contract Tower,0,9,2,0,11,0,14,22,0,36,0,23,24,0,47,0,0,0,47
09/26/2016,PIH,ID,ANM,WE,Federal Contract Tower,0,11,11,0,22,0,0,38,0,38,0,11,49,0,60,14,0,14,74
09/27/2016,PIH,ID,ANM,WE,Federal Contract Tower,0,12,8,0,20,0,1,35,0,36,0,13,43,0,56,54,0,54,110
09/28/2016,PIH,ID,ANM,WE,Federal Contract Tower,0,16,4,2,22,0,2,24,0,26,0,18,28,2,48,40,0,40,88
09/29/2016,PIH,ID,ANM,WE,Federal Contract Tower,0,11,4,0,15,0,1,16,0,17,0,12,20,0,32,40,0,40,72
09/30/2016,PIH,ID,ANM,WE,Federal Contract Tower,0,13,5,0,18,0,2,23,0,25,0,15,28,0,43,24,0,24,67
10/01/2016,PIH,ID,ANM,WE,Federal Contract Tower,0,7,3,0,10,0,4,8,0,12,0,11,11,0,22,0,0,0,22
10/02/2016,PIH,ID,ANM,WE,Federal Contract Tower,0,5,4,0,9,0,0,9,0,9,0,5,13,0,18,0,0,0,18
10/03/2016,PIH,ID,ANM,WE,Federal Contract Tower,0,10,2,0,12,0,0,3,0,3,0,10,5,0,15,0,0,0,15
10/04/2016,PIH,ID,ANM,WE,Federal Contract Tower,0,11,4,2,17,0,0,9,3,12,0,11,13,5,29,24,0,24,53
10/05/2016,PIH,ID,ANM,WE,Federal Contract Tower,0,12,8,2,22,0,0,16,0,16,0,12,24,2,38,28,0,28,66
10/06/2016,PIH,ID,ANM,WE,Federal Contract Tower,0,11,7,0,18,0,2,23,0,25,0,13,30,0,43,38,0,38,81
10/07/2016,PIH,ID,ANM,WE,Federal Contract Tower,0,13,2,0,15,0,1,20,0,21,0,14,22,0,36,58,0,58,94
10/08/2016,PIH,ID,ANM,WE,Federal Contract Tower,0,8,7,0,15,0,2,27,0,29,0,10,34,0,44,8,0,8,52
10/09/2016,PIH,ID,ANM,WE,Federal Contract Tower,0,4,1,0,5,0,6,18,0,24,0,10,19,0,29,16,0,16,45
10/10/2016,PIH,ID,ANM,WE,Federal Contract Tower,0,14,7,0,21,0,0,40,0,40,0,14,47,0,61,0,0,0,61
10/11/2016,PIH,ID,ANM,WE,Federal Contract Tower,0,9,1,0,10,0,8,17,0,25,0,17,18,0,35,0,0,0,35
10/12/2016,PIH,ID,ANM,WE,Federal Contract Tower,0,12,11,1,24,0,1,49,3,53,0,13,60,4,77,50,0,50,127
10/13/2016,PIH,ID,ANM,WE,Federal Contract Tower,0,10,0,1,11,0,1,21,1,23,0,11,21,2,34,22,0,22,56
10/14/2016,PIH,ID,ANM,WE,Federal Contract Tower,0,14,8,0,22,0,3,2,0,5,0,17,10,0,27,0,0,0,27
10/15/2016,PIH,ID,ANM,WE,Federal Contract Tower,0,8,2,0,10,0,1,18,0,19,0,9,20,0,29,0,0,0,29
10/16/2016,PIH,ID,ANM,WE,Federal Contract Tower,0,4,1,0,5,0,0,6,0,6,0,4,7,0,11,4,0,4,15
10/17/2016,PIH,ID,ANM,WE,Federal Contract Tower,0,13,3,0,16,0,6,3,0,9,0,19,6,0,25,0,0,0,25
10/18/2016,PIH,ID,ANM,WE,Federal Contract Tower,0,15,4,0,19,0,0,14,0,14,0,15,18,0,33,18,0,18,51
10/19/2016,PIH,ID,ANM,WE,Federal Contract Tower,0,14,6,0,20,0,1,26,0,27,0,15,32,0,47,98,0,98,145
10/20/2016,PIH,ID,ANM,WE,Federal Contract Tower,0,11,6,0,17,0,1,42,0,43,0,12,48,0,60,54,0,54,114
10/21/2016,PIH,ID,ANM,WE,Federal Contract Tower,1,10,4,0,15,0,1,48,0,49,1,11,52,0,64,8,0,8,72
10/22/2016,PIH,ID,ANM,WE,Federal Contract Tower,1,7,4,0,12,0,8,26,0,34,1,15,30,0,46,24,0,24,70
10/23/2016,PIH,ID,ANM,WE,Federal Contract Tower,0,3,2,0,5,0,0,31,0,31,0,3,33,0,36,16,0,16,52
10/24/2016,PIH,ID,ANM,WE,Federal Contract Tower,0,11,2,0,13,0,0,5,0,5,0,11,7,0,18,16,0,16,34
10/25/2016,PIH,ID,ANM,WE,Federal Contract Tower,0,15,10,0,25,0,4,10,0,14,0,19,20,0,39,0,0,0,39
10/26/2016,PIH,ID,ANM,WE,Federal Contract Tower,0,15,11,0,26,0,2,27,0,29,0,17,38,0,55,32,0,32,87
10/27/2016,PIH,ID,ANM,WE,Federal Contract Tower,0,15,9,0,24,0,3,40,0,43,0,18,49,0,67,24,0,24,91
10/28/2016,PIH,ID,ANM,WE,Federal Contract Tower,0,12,0,0,12,0,0,0,0,0,0,12,0,0,12,0,0,0,12
10/29/2016,PIH,ID,ANM,WE,Federal Contract Tower,0,7,3,0,10,0,6,23,0,29,0,13,26,0,39,22,0,22,61
10/30/2016,PIH,ID,ANM,WE,Federal Contract Tower,0,5,0,0,5,0,1,3,2,6,0,6,3,2,11,12,0,12,23
10/31/2016,PIH,ID,ANM,WE,Federal Contract Tower,0,16,4,0,20,0,0,13,0,13,0,16,17,0,33,0,0,0,33
11/01/2016,PIH,ID,ANM,WE,Federal Contract Tower,0,11,4,0,15,0,0,6,0,6,0,11,10,0,21,10,0,10,31
11/02/2016,PIH,ID,ANM,WE,Federal Contract Tower,0,13,3,0,16,0,1,39,0,40,0,14,42,0,56,54,0,54,110
11/03/2016,PIH,ID,ANM,WE,Federal Contract Tower,0,12,2,2,16,0,1,52,0,53,0,13,54,2,69,30,0,30,99
11/04/2016,PIH,ID,ANM,WE,Federal Contract Tower,0,12,8,0,20,0,5,28,0,33,0,17,36,0,53,8,0,8,61
11/05/2016,PIH,ID,ANM,WE,Federal Contract Tower,0,5,6,0,11,0,3,55,0,58,0,8,61,0,69,28,0,28,97
11/06/2016,PIH,ID,ANM,WE,Federal Contract Tower,0,3,0,0,3,0,2,16,0,18,0,5,16,0,21,28,0,28,49
11/07/2016,PIH,ID,ANM,WE,Federal Contract Tower,0,11,6,0,17,0,0,21,0,21,0,11,27,0,38,18,0,18,56
11/08/2016,PIH,ID,ANM,WE,Federal Contract Tower,0,13,4,0,17,0,0,43,0,43,0,13,47,0,60,12,0,12,72
11/09/2016,PIH,ID,ANM,WE,Federal Contract Tower,0,12,5,2,19,0,0,32,0,32,0,12,37,2,51,40,0,40,91
11/10/2016,PIH,ID,ANM,WE,Federal Contract Tower,0,11,5,0,16,0,15,41,0,56,0,26,46,0,72,16,0,16,88
11/11/2016,PIH,ID,ANM,WE,Federal Contract Tower,0,12,3,0,15,0,0,23,0,23,0,12,26,0,38,0,0,0,38
11/12/2016,PIH,ID,ANM,WE,Federal Contract Tower,0,8,3,0,11,0,3,25,0,28,0,11,28,0,39,4,0,4,43
11/13/2016,PIH,ID,ANM,WE,Federal Contract Tower,0,5,1,0,6,0,0,6,0,6,0,5,7,0,12,4,0,4,16
11/14/2016,PIH,ID,ANM,WE,Federal Contract Tower,0,14,4,0,18,0,6,27,0,33,0,20,31,0,51,10,0,10,61
11/15/2016,PIH,ID,ANM,WE,Federal Contract Tower,0,14,3,0,17,0,3,20,0,23,0,17,23,0,40,8,0,8,48
11/16/2016,PIH,ID,ANM,WE,Federal Contract Tower,0,19,7,0,26,0,0,10,0,10,0,19,17,0,36,0,0,0,36
11/17/2016,PIH,ID,ANM,WE,Federal Contract Tower,2,12,8,1,23,0,1,14,3,18,2,13,22,4,41,0,0,0,41
11/18/2016,PIH,ID,ANM,WE,Federal Contract Tower,0,13,3,0,16,0,1,26,0,27,0,14,29,0,43,14,0,14,57
11/19/2016,PIH,ID,ANM,WE,Federal Contract Tower,0,7,2,0,9,0,7,28,0,35,0,14,30,0,44,8,0,8,52
11/20/2016,PIH,ID,ANM,WE,Federal Contract Tower,0,3,1,0,4,0,0,20,0,20,0,3,21,0,24,0,0,0,24
11/21/2016,PIH,ID,ANM,WE,Federal Contract Tower,0,11,2,0,13,0,0,12,0,12,0,11,14,0,25,0,0,0,25
11/22/2016,PIH,ID,ANM,WE,Federal Contract Tower,0,14,6,1,21,0,4,16,2,22,0,18,22,3,43,0,0,0,43
11/23/2016,PIH,ID,ANM,WE,Federal Contract Tower,0,14,4,0,18,0,0,3,0,3,0,14,7,0,21,4,0,4,25
11/24/2016,PIH,ID,ANM,WE,Federal Contract Tower,0,2,0,0,2,0,0,6,0,6,0,2,6,0,8,0,0,0,8
11/25/2016,PIH,ID,ANM,WE,Federal Contract Tower,0,8,0,0,8,0,4,13,0,17,0,12,13,0,25,0,0,0,25
11/26/2016,PIH,ID,ANM,WE,Federal Contract Tower,0,5,0,0,5,0,4,3,0,7,0,9,3,0,12,0,0,0,12
11/27/2016,PIH,ID,ANM,WE,Federal Contract Tower,0,4,4,0,8,0,0,0,0,0,0,4,4,0,8,0,0,0,8
11/28/2016,PIH,ID,ANM,WE,Federal Contract Tower,0,9,2,0,11,0,0,0,0,0,0,9,2,0,11,0,0,0,11
11/29/2016,PIH,ID,ANM,WE,Federal Contract Tower,0,16,2,0,18,0,1,32,0,33,0,17,34,0,51,26,0,26,77
11/30/2016,PIH,ID,ANM,WE,Federal Contract Tower,0,15,6,0,21,0,0,8,0,8,0,15,14,0,29,8,0,8,37
12/01/2016,PIH,ID,ANM,WE,Federal Contract Tower,0,13,2,0,15,0,0,4,0,4,0,13,6,0,19,0,0,0,19
12/02/2016,PIH,ID,ANM,WE,Federal Contract Tower,0,13,4,0,17,0,0,2,0,2,0,13,6,0,19,0,0,0,19
12/03/2016,PIH,ID,ANM,WE,Federal Contract Tower,0,8,2,0,10,0,1,19,0,20,0,9,21,0,30,40,0,40,70
12/04/2016,PIH,ID,ANM,WE,Federal Contract Tower,0,3,2,0,5,0,0,0,0,0,0,3,2,0,5,0,0,0,5
12/05/2016,PIH,ID,ANM,WE,Federal Contract Tower,0,11,2,0,13,0,2,20,0,22,0,13,22,0,35,0,0,0,35
12/06/2016,PIH,ID,ANM,WE,Federal Contract Tower,0,17,1,0,18,0,0,5,0,5,0,17,6,0,23,22,0,22,45
12/07/2016,PIH,ID,ANM,WE,Federal Contract Tower,0,18,13,0,31,0,0,12,0,12,0,18,25,0,43,0,0,0,43
12/08/2016,PIH,ID,ANM,WE,Federal Contract Tower,0,12,2,0,14,0,0,9,0,9,0,12,11,0,23,28,0,28,51
12/09/2016,PIH,ID,ANM,WE,Federal Contract Tower,0,17,2,0,19,0,0,0,0,0,0,17,2,0,19,0,0,0,19
12/10/2016,PIH,ID,ANM,WE,Federal Contract Tower,0,11,2,6,19,0,0,0,0,0,0,11,2,6,19,0,0,0,19
12/11/2016,PIH,ID,ANM,WE,Federal Contract Tower,0,4,4,0,8,0,0,6,0,6,0,4,10,0,14,0,0,0,14
12/12/2016,PIH,ID,ANM,WE,Federal Contract Tower,0,10,8,0,18,0,0,3,0,3,0,10,11,0,21,0,0,0,21
12/13/2016,PIH,ID,ANM,WE,Federal Contract Tower,0,13,7,0,20,0,0,52,0,52,0,13,59,0,72,88,0,88,160
12/14/2016,PIH,ID,ANM,WE,Federal Contract Tower,0,16,2,0,18,0,0,0,0,0,0,16,2,0,18,0,0,0,18
12/15/2016,PIH,ID,ANM,WE,Federal Contract Tower,0,21,10,0,31,0,0,4,0,4,0,21,14,0,35,10,0,10,45
12/16/2016,PIH,ID,ANM,WE,Federal Contract Tower,0,10,6,0,16,0,0,0,0,0,0,10,6,0,16,0,0,0,16
12/17/2016,PIH,ID,ANM,WE,Federal Contract Tower,2,7,1,0,10,0,0,1,0,1,2,7,2,0,11,0,0,0,11
12/18/2016,PIH,ID,ANM,WE,Federal Contract Tower,0,2,0,0,2,0,0,11,0,11,0,2,11,0,13,10,0,10,23
12/19/2016,PIH,ID,ANM,WE,Federal Contract Tower,0,11,6,0,17,0,0,13,0,13,0,11,19,0,30,0,0,0,30
12/20/2016,PIH,ID,ANM,WE,Federal Contract Tower,0,14,2,0,16,0,0,0,0,0,0,14,2,0,16,0,0,0,16
12/21/2016,PIH,ID,ANM,WE,Federal Contract Tower,0,19,3,0,22,0,0,3,0,3,0,19,6,0,25,2,0,2,27
12/22/2016,PIH,ID,ANM,WE,Federal Contract Tower,0,19,1,2,22,0,0,3,0,3,0,19,4,2,25,0,0,0,25
12/23/2016,PIH,ID,ANM,WE,Federal Contract Tower,0,23,0,0,23,0,6,0,0,6,0,29,0,0,29,0,0,0,29
12/24/2016,PIH,ID,ANM,WE,Federal Contract Tower,0,6,2,0,8,0,0,0,0,0,0,6,2,0,8,0,0,0,8
12/25/2016,PIH,ID,ANM,WE,Federal Contract Tower,0,0,0,0,0,0,0,0,0,0,0,0,0,0,0,0,0,0,0
12/26/2016,PIH,ID,ANM,WE,Federal Contract Tower,0,9,2,0,11,0,0,1,0,1,0,9,3,0,12,0,0,0,12
12/27/2016,PIH,ID,ANM,WE,Federal Contract Tower,0,10,4,0,14,0,0,3,0,3,0,10,7,0,17,0,0,0,17
12/28/2016,PIH,ID,ANM,WE,Federal Contract Tower,0,16,1,0,17,0,8,7,0,15,0,24,8,0,32,54,0,54,86
12/29/2016,PIH,ID,ANM,WE,Federal Contract Tower,2,19,2,0,23,0,2,40,0,42,2,21,42,0,65,42,0,42,107
12/30/2016,PIH,ID,ANM,WE,Federal Contract Tower,0,12,4,0,16,0,4,28,0,32,0,16,32,0,48,26,0,26,74
12/31/2016,PIH,ID,ANM,WE,Federal Contract Tower,0,7,0,0,7,0,0,4,0,4,0,7,4,0,11,12,0,12,23
01/01/2017,PIH,ID,ANM,WE,Federal Contract Tower,0,4,3,0,7,0,0,0,0,0,0,4,3,0,7,0,0,0,7
01/02/2017,PIH,ID,ANM,WE,Federal Contract Tower,0,7,1,0,8,0,0,0,0,0,0,7,1,0,8,0,0,0,8
01/03/2017,PIH,ID,ANM,WE,Federal Contract Tower,0,9,0,0,9,0,0,0,0,0,0,9,0,0,9,0,0,0,9
01/04/2017,PIH,ID,ANM,WE,Federal Contract Tower,0,10,0,0,10,0,0,0,0,0,0,10,0,0,10,0,0,0,10
01/05/2017,PIH,ID,ANM,WE,Federal Contract Tower,0,15,2,0,17,0,2,6,0,8,0,17,8,0,25,8,0,8,33
01/06/2017,PIH,ID,ANM,WE,Federal Contract Tower,0,13,1,0,14,0,0,8,0,8,0,13,9,0,22,0,0,0,22
01/07/2017,PIH,ID,ANM,WE,Federal Contract Tower,0,7,1,0,8,0,0,1,0,1,0,7,2,0,9,0,0,0,9
01/08/2017,PIH,ID,ANM,WE,Federal Contract Tower,0,4,0,0,4,0,0,0,0,0,0,4,0,0,4,0,0,0,4
01/09/2017,PIH,ID,ANM,WE,Federal Contract Tower,0,13,3,0,16,0,0,1,0,1,0,13,4,0,17,0,0,0,17
01/10/2017,PIH,ID,ANM,WE,Federal Contract Tower,0,13,2,0,15,0,0,0,0,0,0,13,2,0,15,0,0,0,15
01/11/2017,PIH,ID,ANM,WE,Federal Contract Tower,0,13,0,0,13,0,8,0,0,8,0,21,0,0,21,0,0,0,21
01/12/2017,PIH,ID,ANM,WE,Federal Contract Tower,0,19,3,0,22,0,0,13,0,13,0,19,16,0,35,0,0,0,35
01/13/2017,PIH,ID,ANM,WE,Federal Contract Tower,0,14,2,0,16,0,1,35,0,36,0,15,37,0,52,34,0,34,86
01/14/2017,PIH,ID,ANM,WE,Federal Contract Tower,0,7,2,0,9,0,2,12,0,14,0,9,14,0,23,2,0,2,25
01/15/2017,PIH,ID,ANM,WE,Federal Contract Tower,0,5,3,0,8,0,0,0,0,0,0,5,3,0,8,0,0,0,8
01/16/2017,PIH,ID,ANM,WE,Federal Contract Tower,0,7,3,0,10,0,0,21,0,21,0,7,24,0,31,2,0,2,33
01/17/2017,PIH,ID,ANM,WE,Federal Contract Tower,0,13,14,0,27,0,0,34,0,34,0,13,48,0,61,8,0,8,69
01/18/2017,PIH,ID,ANM,WE,Federal Contract Tower,0,12,12,0,24,0,0,14,0,14,0,12,26,0,38,0,0,0,38
01/19/2017,PIH,ID,ANM,WE,Federal Contract Tower,0,22,3,0,25,0,0,0,0,0,0,22,3,0,25,0,0,0,25
01/20/2017,PIH,ID,ANM,WE,Federal Contract Tower,0,12,10,0,22,0,0,21,0,21,0,12,31,0,43,2,0,2,45
01/21/2017,PIH,ID,ANM,WE,Federal Contract Tower,0,9,0,0,9,0,0,0,0,0,0,9,0,0,9,0,0,0,9
01/22/2017,PIH,ID,ANM,WE,Federal Contract Tower,0,12,0,0,12,0,0,0,0,0,0,12,0,0,12,0,0,0,12
01/23/2017,PIH,ID,ANM,WE,Federal Contract Tower,0,13,4,0,17,0,0,0,0,0,0,13,4,0,17,0,0,0,17
01/24/2017,PIH,ID,ANM,WE,Federal Contract Tower,0,10,0,0,10,0,0,0,0,0,0,10,0,0,10,0,0,0,10
01/25/2017,PIH,ID,ANM,WE,Federal Contract Tower,0,15,4,0,19,0,0,0,0,0,0,15,4,0,19,0,0,0,19
01/26/2017,PIH,ID,ANM,WE,Federal Contract Tower,0,9,3,0,12,0,0,7,0,7,0,9,10,0,19,42,0,42,61
01/27/2017,PIH,ID,ANM,WE,Federal Contract Tower,0,14,5,0,19,0,0,0,0,0,0,14,5,0,19,0,0,0,19
01/28/2017,PIH,ID,ANM,WE,Federal Contract Tower,0,10,0,0,10,0,0,0,0,0,0,10,0,0,10,0,0,0,10
01/29/2017,PIH,ID,ANM,WE,Federal Contract Tower,0,8,1,2,11,0,0,11,2,13,0,8,12,4,24,0,0,0,24
01/30/2017,PIH,ID,ANM,WE,Federal Contract Tower,0,15,5,2,22,0,14,5,8,27,0,29,10,10,49,0,0,0,49
01/31/2017,PIH,ID,ANM,WE,Federal Contract Tower,0,12,4,0,16,0,17,14,0,31,0,29,18,0,47,42,0,42,89
02/01/2017,PIH,ID,ANM,WE,Federal Contract Tower,0,15,3,0,18,0,9,13,0,22,0,24,16,0,40,16,0,16,56
02/02/2017,PIH,ID,ANM,WE,Federal Contract Tower,0,12,0,0,12,0,16,7,0,23,0,28,7,0,35,4,0,4,39
02/03/2017,PIH,ID,ANM,WE,Federal Contract Tower,0,16,3,2,21,0,0,5,0,5,0,16,8,2,26,0,0,0,26
02/04/2017,PIH,ID,ANM,WE,Federal Contract Tower,0,5,2,0,7,0,1,11,0,12,0,6,13,0,19,12,0,12,31
02/05/2017,PIH,ID,ANM,WE,Federal Contract Tower,0,5,0,0,5,0,0,6,0,6,0,5,6,0,11,22,0,22,33
02/06/2017,PIH,ID,ANM,WE,Federal Contract Tower,0,10,2,0,12,0,0,0,0,0,0,10,2,0,12,0,0,0,12
02/07/2017,PIH,ID,ANM,WE,Federal Contract Tower,0,29,2,0,31,0,0,0,0,0,0,29,2,0,31,0,0,0,31
02/08/2017,PIH,ID,ANM,WE,Federal Contract Tower,0,12,8,1,21,0,12,33,0,45,0,24,41,1,66,18,0,18,84
02/09/2017,PIH,ID,ANM,WE,Federal Contract Tower,2,13,0,0,15,0,0,9,0,9,2,13,9,0,24,0,0,0,24
02/10/2017,PIH,ID,ANM,WE,Federal Contract Tower,0,13,6,0,19,0,2,2,0,4,0,15,8,0,23,0,0,0,23
02/11/2017,PIH,ID,ANM,WE,Federal Contract Tower,0,6,3,0,9,0,24,16,0,40,0,30,19,0,49,0,0,0,49
02/12/2017,PIH,ID,ANM,WE,Federal Contract Tower,1,3,0,0,4,0,0,22,0,22,1,3,22,0,26,40,0,40,66
02/13/2017,PIH,ID,ANM,WE,Federal Contract Tower,0,12,5,2,19,0,4,20,0,24,0,16,25,2,43,34,0,34,77
02/14/2017,PIH,ID,ANM,WE,Federal Contract Tower,0,11,7,0,18,0,0,28,0,28,0,11,35,0,46,10,0,10,56
02/15/2017,PIH,ID,ANM,WE,Federal Contract Tower,0,11,15,0,26,0,2,35,0,37,0,13,50,0,63,0,0,0,63
02/16/2017,PIH,ID,ANM,WE,Federal Contract Tower,0,12,10,0,22,0,0,15,0,15,0,12,25,0,37,0,0,0,37
02/17/2017,PIH,ID,ANM,WE,Federal Contract Tower,0,11,2,0,13,0,2,54,0,56,0,13,56,0,69,32,0,32,101
02/18/2017,PIH,ID,ANM,WE,Federal Contract Tower,0,8,1,0,9,0,1,5,0,6,0,9,6,0,15,0,0,0,15
02/19/2017,PIH,ID,ANM,WE,Federal Contract Tower,0,4,0,0,4,0,0,2,0,2,0,4,2,0,6,0,0,0,6
02/20/2017,PIH,ID,ANM,WE,Federal Contract Tower,0,12,5,0,17,0,0,0,0,0,0,12,5,0,17,0,0,0,17
02/21/2017,PIH,ID,ANM,WE,Federal Contract Tower,0,16,4,0,20,0,0,7,0,7,0,16,11,0,27,0,0,0,27
02/22/2017,PIH,ID,ANM,WE,Federal Contract Tower,0,14,1,0,15,0,1,18,0,19,0,15,19,0,34,8,0,8,42
02/23/2017,PIH,ID,ANM,WE,Federal Contract Tower,0,14,3,0,17,0,0,4,0,4,0,14,7,0,21,0,0,0,21
02/24/2017,PIH,ID,ANM,WE,Federal Contract Tower,0,10,2,0,12,0,0,0,0,0,0,10,2,0,12,0,0,0,12
02/25/2017,PIH,ID,ANM,WE,Federal Contract Tower,0,8,4,0,12,0,7,7,0,14,0,15,11,0,26,6,0,6,32
02/26/2017,PIH,ID,ANM,WE,Federal Contract Tower,0,3,0,0,3,0,0,6,0,6,0,3,6,0,9,0,0,0,9
02/27/2017,PIH,ID,ANM,WE,Federal Contract Tower,0,11,2,0,13,0,0,3,0,3,0,11,5,0,16,0,0,0,16
02/28/2017,PIH,ID,ANM,WE,Federal Contract Tower,0,12,3,0,15,0,2,5,0,7,0,14,8,0,22,0,0,0,22
03/01/2017,PIH,ID,ANM,WE,Federal Contract Tower,0,11,6,0,17,0,0,2,0,2,0,11,8,0,19,0,0,0,19
03/02/2017,PIH,ID,ANM,WE,Federal Contract Tower,0,11,4,0,15,0,0,55,0,55,0,11,59,0,70,21,0,21,91
03/03/2017,PIH,ID,ANM,WE,Federal Contract Tower,0,15,6,0,21,0,0,48,0,48,0,15,54,0,69,28,0,28,97
03/04/2017,PIH,ID,ANM,WE,Federal Contract Tower,0,6,4,0,10,0,8,35,0,43,0,14,39,0,53,24,0,24,77
03/05/2017,PIH,ID,ANM,WE,Federal Contract Tower,0,5,4,0,9,0,0,0,0,0,0,5,4,0,9,0,0,0,9
03/06/2017,PIH,ID,ANM,WE,Federal Contract Tower,0,12,4,1,17,0,0,3,0,3,0,12,7,1,20,0,0,0,20
03/07/2017,PIH,ID,ANM,WE,Federal Contract Tower,0,12,3,4,19,0,0,0,0,0,0,12,3,4,19,0,4,4,23
03/08/2017,PIH,ID,ANM,WE,Federal Contract Tower,0,16,8,1,25,0,0,4,0,4,0,16,12,1,29,0,0,0,29
03/09/2017,PIH,ID,ANM,WE,Federal Contract Tower,0,11,7,0,18,0,0,10,0,10,0,11,17,0,28,10,0,10,38
03/10/2017,PIH,ID,ANM,WE,Federal Contract Tower,0,15,4,0,19,0,0,1,0,1,0,15,5,0,20,0,0,0,20
03/11/2017,PIH,ID,ANM,WE,Federal Contract Tower,0,9,7,0,16,0,4,43,0,47,0,13,50,0,63,14,0,14,77
03/12/2017,PIH,ID,ANM,WE,Federal Contract Tower,0,5,1,0,6,0,0,13,0,13,0,5,14,0,19,24,0,24,43
03/13/2017,PIH,ID,ANM,WE,Federal Contract Tower,0,10,14,0,24,0,0,30,0,30,0,10,44,0,54,36,0,36,90
03/14/2017,PIH,ID,ANM,WE,Federal Contract Tower,0,12,4,0,16,0,0,31,0,31,0,12,35,0,47,34,0,34,81
03/15/2017,PIH,ID,ANM,WE,Federal Contract Tower,0,15,8,0,23,0,6,36,0,42,0,21,44,0,65,0,0,0,65
03/16/2017,PIH,ID,ANM,WE,Federal Contract Tower,0,20,7,1,28,0,0,14,0,14,0,20,21,1,42,12,0,12,54
03/17/2017,PIH,ID,ANM,WE,Federal Contract Tower,0,14,10,1,25,0,0,39,0,39,0,14,49,1,64,2,0,2,66
03/18/2017,PIH,ID,ANM,WE,Federal Contract Tower,0,5,2,0,7,0,8,12,0,20,0,13,14,0,27,26,0,26,53
03/19/2017,PIH,ID,ANM,WE,Federal Contract Tower,0,11,2,8,21,0,0,12,0,12,0,11,14,8,33,0,12,12,45
03/20/2017,PIH,ID,ANM,WE,Federal Contract Tower,0,11,4,0,15,0,0,16,0,16,0,11,20,0,31,16,0,16,47
03/21/2017,PIH,ID,ANM,WE,Federal Contract Tower,0,13,3,0,16,0,2,18,0,20,0,15,21,0,36,0,0,0,36
03/22/2017,PIH,ID,ANM,WE,Federal Contract Tower,0,12,0,0,12,0,0,8,0,8,0,12,8,0,20,0,0,0,20
03/23/2017,PIH,ID,ANM,WE,Federal Contract Tower,0,11,4,0,15,0,0,5,0,5,0,11,9,0,20,0,0,0,20
03/24/2017,PIH,ID,ANM,WE,Federal Contract Tower,0,13,7,0,20,0,2,30,0,32,0,15,37,0,52,33,0,33,85
03/25/2017,PIH,ID,ANM,WE,Federal Contract Tower,0,13,8,0,21,0,2,7,0,9,0,15,15,0,30,24,0,24,54
03/26/2017,PIH,ID,ANM,WE,Federal Contract Tower,0,5,5,0,10,0,0,11,0,11,0,5,16,0,21,0,0,0,21
03/27/2017,PIH,ID,ANM,WE,Federal Contract Tower,0,10,1,0,11,0,0,2,0,2,0,10,3,0,13,16,0,16,29
03/28/2017,PIH,ID,ANM,WE,Federal Contract Tower,0,11,9,2,22,0,1,33,0,34,0,12,42,2,56,36,0,36,92
03/29/2017,PIH,ID,ANM,WE,Federal Contract Tower,0,13,1,0,14,0,1,29,0,30,0,14,30,0,44,20,0,20,64
03/30/2017,PIH,ID,ANM,WE,Federal Contract Tower,0,18,3,0,21,0,0,1,0,1,0,18,4,0,22,0,0,0,22
03/31/2017,PIH,ID,ANM,WE,Federal Contract Tower,0,16,3,0,19,0,1,1,0,2,0,17,4,0,21,0,0,0,21
04/01/2017,PIH,ID,ANM,WE,Federal Contract Tower,0,8,4,0,12,0,2,32,0,34,0,10,36,0,46,6,0,6,52
04/02/2017,PIH,ID,ANM,WE,Federal Contract Tower,0,5,3,0,8,0,0,1,0,1,0,5,4,0,9,0,0,0,9
04/03/2017,PIH,ID,ANM,WE,Federal Contract Tower,0,13,1,0,14,0,0,31,0,31,0,13,32,0,45,32,0,32,77
04/04/2017,PIH,ID,ANM,WE,Federal Contract Tower,0,13,10,0,23,0,0,54,0,54,0,13,64,0,77,30,0,30,107
04/05/2017,PIH,ID,ANM,WE,Federal Contract Tower,0,14,9,0,23,0,0,46,0,46,0,14,55,0,69,4,0,4,73
04/06/2017,PIH,ID,ANM,WE,Federal Contract Tower,0,17,4,0,21,0,0,19,0,19,0,17,23,0,40,18,0,18,58
04/07/2017,PIH,ID,ANM,WE,Federal Contract Tower,0,14,2,0,16,0,1,9,0,10,0,15,11,0,26,0,0,0,26
04/08/2017,PIH,ID,ANM,WE,Federal Contract Tower,0,10,0,0,10,0,0,7,0,7,0,10,7,0,17,0,0,0,17
04/09/2017,PIH,ID,ANM,WE,Federal Contract Tower,0,6,2,0,8,0,0,1,0,1,0,6,3,0,9,0,0,0,9
04/10/2017,PIH,ID,ANM,WE,Federal Contract Tower,0,14,3,0,17,0,0,11,0,11,0,14,14,0,28,0,0,0,28
04/11/2017,PIH,ID,ANM,WE,Federal Contract Tower,0,11,4,0,15,0,0,45,0,45,0,11,49,0,60,0,0,0,60
04/12/2017,PIH,ID,ANM,WE,Federal Contract Tower,0,15,9,0,24,0,0,40,0,40,0,15,49,0,64,24,0,24,88
04/13/2017,PIH,ID,ANM,WE,Federal Contract Tower,2,17,3,0,22,0,0,5,0,5,2,17,8,0,27,0,0,0,27
04/14/2017,PIH,ID,ANM,WE,Federal Contract Tower,0,14,3,0,17,0,2,5,0,7,0,16,8,0,24,8,0,8,32
04/15/2017,PIH,ID,ANM,WE,Federal Contract Tower,0,6,5,0,11,0,4,45,0,49,0,10,50,0,60,34,0,34,94
04/16/2017,PIH,ID,ANM,WE,Federal Contract Tower,0,4,2,0,6,0,0,15,0,15,0,4,17,0,21,14,0,14,35
04/17/2017,PIH,ID,ANM,WE,Federal Contract Tower,0,12,7,0,19,0,4,9,0,13,0,16,16,0,32,4,0,4,36
04/18/2017,PIH,ID,ANM,WE,Federal Contract Tower,0,13,0,0,13,0,6,5,0,11,0,19,5,0,24,0,0,0,24
04/19/2017,PIH,ID,ANM,WE,Federal Contract Tower,0,11,5,0,16,0,6,30,0,36,0,17,35,0,52,28,0,28,80
04/20/2017,PIH,ID,ANM,WE,Federal Contract Tower,0,13,0,0,13,0,2,6,0,8,0,15,6,0,21,12,0,12,33
04/21/2017,PIH,ID,ANM,WE,Federal Contract Tower,0,13,3,0,16,0,2,28,0,30,0,15,31,0,46,0,0,0,46
04/22/2017,PIH,ID,ANM,WE,Federal Contract Tower,0,8,4,0,12,0,2,52,0,54,0,10,56,0,66,26,0,26,92
04/23/2017,PIH,ID,ANM,WE,Federal Contract Tower,0,5,6,0,11,0,0,4,2,6,0,5,10,2,17,10,0,10,27
04/24/2017,PIH,ID,ANM,WE,Federal Contract Tower,0,13,5,0,18,0,0,2,0,2,0,13,7,0,20,0,0,0,20
04/25/2017,PIH,ID,ANM,WE,Federal Contract Tower,0,13,5,8,26,0,2,4,0,6,0,15,9,8,32,0,0,0,32
04/26/2017,PIH,ID,ANM,WE,Federal Contract Tower,0,13,5,0,18,0,0,0,0,0,0,13,5,0,18,0,0,0,18
04/27/2017,PIH,ID,ANM,WE,Federal Contract Tower,0,13,2,0,15,0,0,0,0,0,0,13,2,0,15,0,0,0,15
04/28/2017,PIH,ID,ANM,WE,Federal Contract Tower,0,13,0,10,23,0,0,0,0,0,0,13,0,10,23,0,0,0,23
04/29/2017,PIH,ID,ANM,WE,Federal Contract Tower,0,6,1,0,7,0,0,29,0,29,0,6,30,0,36,20,0,20,56
04/30/2017,PIH,ID,ANM,WE,Federal Contract Tower,0,3,1,0,4,0,0,4,0,4,0,3,5,0,8,12,0,12,20
05/01/2017,PIH,ID,ANM,WE,Federal Contract Tower,0,12,11,0,23,0,0,22,0,22,0,12,33,0,45,18,0,18,63
05/02/2017,PIH,ID,ANM,WE,Federal Contract Tower,0,14,1,0,15,0,1,22,0,23,0,15,23,0,38,22,0,22,60
05/03/2017,PIH,ID,ANM,WE,Federal Contract Tower,2,9,6,0,17,0,0,39,0,39,2,9,45,0,56,40,0,40,96
05/04/2017,PIH,ID,ANM,WE,Federal Contract Tower,0,13,4,0,17,0,0,30,0,30,0,13,34,0,47,12,0,12,59
05/05/2017,PIH,ID,ANM,WE,Federal Contract Tower,0,13,8,0,21,0,0,24,0,24,0,13,32,0,45,12,0,12,57
05/06/2017,PIH,ID,ANM,WE,Federal Contract Tower,0,7,0,0,7,0,2,32,0,34,0,9,32,0,41,26,0,26,67
05/07/2017,PIH,ID,ANM,WE,Federal Contract Tower,0,4,2,0,6,0,0,2,0,2,0,4,4,0,8,0,0,0,8
05/08/2017,PIH,ID,ANM,WE,Federal Contract Tower,0,11,0,0,11,0,1,22,0,23,0,12,22,0,34,12,0,12,46
05/09/2017,PIH,ID,ANM,WE,Federal Contract Tower,0,11,10,0,21,0,1,21,0,22,0,12,31,0,43,4,0,4,47
05/10/2017,PIH,ID,ANM,WE,Federal Contract Tower,0,13,12,0,25,0,0,39,0,39,0,13,51,0,64,8,0,8,72
05/11/2017,PIH,ID,ANM,WE,Federal Contract Tower,0,13,5,0,18,0,1,59,0,60,0,14,64,0,78,22,0,22,100
05/12/2017,PIH,ID,ANM,WE,Federal Contract Tower,0,11,10,0,21,0,0,30,0,30,0,11,40,0,51,40,0,40,91
05/13/2017,PIH,ID,ANM,WE,Federal Contract Tower,0,6,7,1,14,0,0,3,1,4,0,6,10,2,18,0,0,0,18
05/14/2017,PIH,ID,ANM,WE,Federal Contract Tower,0,6,2,0,8,0,0,22,0,22,0,6,24,0,30,16,0,16,46
05/15/2017,PIH,ID,ANM,WE,Federal Contract Tower,0,13,3,0,16,0,0,22,0,22,0,13,25,0,38,28,0,28,66
05/16/2017,PIH,ID,ANM,WE,Federal Contract Tower,0,13,8,0,21,0,1,15,0,16,0,14,23,0,37,0,0,0,37
05/17/2017,PIH,ID,ANM,WE,Federal Contract Tower,0,14,2,0,16,0,0,0,0,0,0,14,2,0,16,0,0,0,16
05/18/2017,PIH,ID,ANM,WE,Federal Contract Tower,0,13,8,0,21,0,8,24,0,32,0,21,32,0,53,12,0,12,65
05/19/2017,PIH,ID,ANM,WE,Federal Contract Tower,0,12,7,0,19,0,0,24,0,24,0,12,31,0,43,22,0,22,65
05/20/2017,PIH,ID,ANM,WE,Federal Contract Tower,0,7,1,0,8,0,0,31,0,31,0,7,32,0,39,20,0,20,59
05/21/2017,PIH,ID,ANM,WE,Federal Contract Tower,0,5,1,0,6,0,0,13,0,13,0,5,14,0,19,0,0,0,19
05/22/2017,PIH,ID,ANM,WE,Federal Contract Tower,0,12,2,0,14,0,1,26,0,27,0,13,28,0,41,32,0,32,73
05/23/2017,PIH,ID,ANM,WE,Federal Contract Tower,0,15,7,0,22,0,0,45,0,45,0,15,52,0,67,30,0,30,97
05/24/2017,PIH,ID,ANM,WE,Federal Contract Tower,2,18,6,0,26,0,0,20,0,20,2,18,26,0,46,0,0,0,46
05/25/2017,PIH,ID,ANM,WE,Federal Contract Tower,0,18,9,0,27,0,0,24,0,24,0,18,33,0,51,16,0,16,67
05/26/2017,PIH,ID,ANM,WE,Federal Contract Tower,0,15,2,0,17,0,0,2,0,2,0,15,4,0,19,0,0,0,19
05/27/2017,PIH,ID,ANM,WE,Federal Contract Tower,0,6,1,0,7,0,2,29,0,31,0,8,30,0,38,0,0,0,38
05/28/2017,PIH,ID,ANM,WE,Federal Contract Tower,0,2,1,0,3,0,4,13,0,17,0,6,14,0,20,22,0,22,42
05/29/2017,PIH,ID,ANM,WE,Federal Contract Tower,0,5,2,0,7,0,0,25,0,25,0,5,27,0,32,12,0,12,44
05/30/2017,PIH,ID,ANM,WE,Federal Contract Tower,0,10,3,2,15,0,0,34,0,34,0,10,37,2,49,34,0,34,83
05/31/2017,PIH,ID,ANM,WE,Federal Contract Tower,0,11,5,0,16,0,0,37,2,39,0,11,42,2,55,20,0,20,75
06/01/2017,PIH,ID,ANM,WE,Federal Contract Tower,0,18,5,0,23,0,1,15,0,16,0,19,20,0,39,12,0,12,51
06/02/2017,PIH,ID,ANM,WE,Federal Contract Tower,0,12,5,0,17,0,0,61,0,61,0,12,66,0,78,59,0,59,137
06/03/2017,PIH,ID,ANM,WE,Federal Contract Tower,0,5,1,0,6,0,2,41,0,43,0,7,42,0,49,42,0,42,91
06/04/2017,PIH,ID,ANM,WE,Federal Contract Tower,0,4,1,0,5,0,0,9,0,9,0,4,10,0,14,0,0,0,14
06/05/2017,PIH,ID,ANM,WE,Federal Contract Tower,0,12,5,0,17,0,3,34,0,37,0,15,39,0,54,24,0,24,78
06/06/2017,PIH,ID,ANM,WE,Federal Contract Tower,0,13,6,0,19,0,4,35,0,39,0,17,41,0,58,14,0,14,72
06/07/2017,PIH,ID,ANM,WE,Federal Contract Tower,0,19,14,2,35,0,0,31,2,33,0,19,45,4,68,42,0,42,110
06/08/2017,PIH,ID,ANM,WE,Federal Contract Tower,1,13,5,2,21,3,14,9,0,26,4,27,14,2,47,0,0,0,47
06/09/2017,PIH,ID,ANM,WE,Federal Contract Tower,0,16,5,1,22,0,15,21,0,36,0,31,26,1,58,6,0,6,64
06/10/2017,PIH,ID,ANM,WE,Federal Contract Tower,0,5,7,1,13,0,33,7,0,40,0,38,14,1,53,2,0,2,55
06/11/2017,PIH,ID,ANM,WE,Federal Contract Tower,0,3,0,0,3,0,3,6,0,9,0,6,6,0,12,0,0,0,12
06/12/2017,PIH,ID,ANM,WE,Federal Contract Tower,4,16,0,0,20,0,0,2,0,2,4,16,2,0,22,0,0,0,22
06/13/2017,PIH,ID,ANM,WE,Federal Contract Tower,0,12,6,0,18,0,1,2,0,3,0,13,8,0,21,0,0,0,21
06/14/2017,PIH,ID,ANM,WE,Federal Contract Tower,0,16,8,0,24,0,3,32,0,35,0,19,40,0,59,12,0,12,71
06/15/2017,PIH,ID,ANM,WE,Federal Contract Tower,0,14,5,0,19,0,0,31,0,31,0,14,36,0,50,18,0,18,68
06/16/2017,PIH,ID,ANM,WE,Federal Contract Tower,0,12,3,0,15,0,2,15,0,17,0,14,18,0,32,0,0,0,32
06/17/2017,PIH,ID,ANM,WE,Federal Contract Tower,0,5,2,0,7,0,1,13,1,15,0,6,15,1,22,6,0,6,28
06/18/2017,PIH,ID,ANM,WE,Federal Contract Tower,0,3,4,0,7,2,4,22,0,28,2,7,26,0,35,12,0,12,47
06/19/2017,PIH,ID,ANM,WE,Federal Contract Tower,0,10,7,0,17,0,3,31,0,34,0,13,38,0,51,24,0,24,75
06/20/2017,PIH,ID,ANM,WE,Federal Contract Tower,0,10,6,0,16,0,1,50,0,51,0,11,56,0,67,34,0,34,101
06/21/2017,PIH,ID,ANM,WE,Federal Contract Tower,0,15,11,0,26,0,5,38,0,43,0,20,49,0,69,22,0,22,91
06/22/2017,PIH,ID,ANM,WE,Federal Contract Tower,0,11,1,0,12,0,0,22,0,22,0,11,23,0,34,16,0,16,50
06/23/2017,PIH,ID,ANM,WE,Federal Contract Tower,0,12,9,0,21,0,3,36,2,41,0,15,45,2,62,22,0,22,84
06/24/2017,PIH,ID,ANM,WE,Federal Contract Tower,0,7,8,0,15,0,3,36,0,39,0,10,44,0,54,28,0,28,82
06/25/2017,PIH,ID,ANM,WE,Federal Contract Tower,0,6,4,0,10,0,6,19,0,25,0,12,23,0,35,0,0,0,35
06/26/2017,PIH,ID,ANM,WE,Federal Contract Tower,0,12,5,0,17,0,0,31,0,31,0,12,36,0,48,0,0,0,48
06/27/2017,PIH,ID,ANM,WE,Federal Contract Tower,0,17,5,0,22,0,42,26,0,68,0,59,31,0,90,10,0,10,100
06/28/2017,PIH,ID,ANM,WE,Federal Contract Tower,0,12,10,0,22,0,25,33,0,58,0,37,43,0,80,24,0,24,104
06/29/2017,PIH,ID,ANM,WE,Federal Contract Tower,0,13,9,0,22,0,6,25,0,31,0,19,34,0,53,10,0,10,63
06/30/2017,PIH,ID,ANM,WE,Federal Contract Tower,0,15,8,2,25,0,8,50,0,58,0,23,58,2,83,12,0,12,95
07/01/2017,PIH,ID,ANM,WE,Federal Contract Tower,1,7,3,0,11,0,1,26,2,29,1,8,29,2,40,6,0,6,46
07/02/2017,PIH,ID,ANM,WE,Federal Contract Tower,0,6,3,0,9,4,22,14,0,40,4,28,17,0,49,16,0,16,65
07/03/2017,PIH,ID,ANM,WE,Federal Contract Tower,0,13,7,0,20,1,26,37,0,64,1,39,44,0,84,12,0,12,96
07/04/2017,PIH,ID,ANM,WE,Federal Contract Tower,0,4,0,0,4,0,62,28,0,90,0,66,28,0,94,16,0,16,110
07/05/2017,PIH,ID,ANM,WE,Federal Contract Tower,0,16,3,5,24,0,6,40,0,46,0,22,43,5,70,10,10,20,90
07/06/2017,PIH,ID,ANM,WE,Federal Contract Tower,0,14,5,0,19,0,5,35,0,40,0,19,40,0,59,4,0,4,63
07/07/2017,PIH,ID,ANM,WE,Federal Contract Tower,0,16,9,0,25,0,14,36,0,50,0,30,45,0,75,28,0,28,103
07/08/2017,PIH,ID,ANM,WE,Federal Contract Tower,0,6,1,1,8,0,12,24,0,36,0,18,25,1,44,0,0,0,44
07/09/2017,PIH,ID,ANM,WE,Federal Contract Tower,0,4,1,1,6,0,19,32,0,51,0,23,33,1,57,0,0,0,57
07/10/2017,PIH,ID,ANM,WE,Federal Contract Tower,0,11,5,0,16,0,19,37,0,56,0,30,42,0,72,0,0,0,72
07/11/2017,PIH,ID,ANM,WE,Federal Contract Tower,1,12,1,1,15,4,46,30,4,84,5,58,31,5,99,0,4,4,103
07/12/2017,PIH,ID,ANM,WE,Federal Contract Tower,0,12,6,0,18,0,25,47,0,72,0,37,53,0,90,24,0,24,114
07/13/2017,PIH,ID,ANM,WE,Federal Contract Tower,1,11,13,0,25,0,32,28,0,60,1,43,41,0,85,22,0,22,107
07/14/2017,PIH,ID,ANM,WE,Federal Contract Tower,0,12,7,0,19,0,3,49,0,52,0,15,56,0,71,14,0,14,85
07/15/2017,PIH,ID,ANM,WE,Federal Contract Tower,0,9,4,0,13,0,15,28,0,43,0,24,32,0,56,18,0,18,74
07/16/2017,PIH,ID,ANM,WE,Federal Contract Tower,0,6,1,1,8,0,41,18,0,59,0,47,19,1,67,16,0,16,83
07/17/2017,PIH,ID,ANM,WE,Federal Contract Tower,1,11,7,4,23,1,4,28,1,34,2,15,35,5,57,14,8,22,79
07/18/2017,PIH,ID,ANM,WE,Federal Contract Tower,0,17,11,2,30,0,9,46,0,55,0,26,57,2,85,18,0,18,103
07/19/2017,PIH,ID,ANM,WE,Federal Contract Tower,0,14,10,2,26,0,2,49,13,64,0,16,59,15,90,4,18,22,112
07/20/2017,PIH,ID,ANM,WE,Federal Contract Tower,1,16,4,0,21,1,21,44,0,66,2,37,48,0,87,50,0,50,137
07/21/2017,PIH,ID,ANM,WE,Federal Contract Tower,1,14,6,0,21,0,12,61,0,73,1,26,67,0,94,22,0,22,116
07/22/2017,PIH,ID,ANM,WE,Federal Contract Tower,0,5,5,0,10,1,3,48,0,52,1,8,53,0,62,10,0,10,72
07/23/2017,PIH,ID,ANM,WE,Federal Contract Tower,0,8,4,0,12,31,111,27,0,169,31,119,31,0,181,32,0,32,213
07/24/2017,PIH,ID,ANM,WE,Federal Contract Tower,0,13,8,0,21,1,7,30,0,38,1,20,38,0,59,0,0,0,59
07/25/2017,PIH,ID,ANM,WE,Federal Contract Tower,0,14,9,0,23,0,3,34,0,37,0,17,43,0,60,18,0,18,78
07/26/2017,PIH,ID,ANM,WE,Federal Contract Tower,0,20,8,2,30,0,10,23,2,35,0,30,31,4,65,0,2,2,67
07/27/2017,PIH,ID,ANM,WE,Federal Contract Tower,0,12,9,0,21,0,3,44,0,47,0,15,53,0,68,44,0,44,112
07/28/2017,PIH,ID,ANM,WE,Federal Contract Tower,0,12,6,0,18,1,2,24,0,27,1,14,30,0,45,12,0,12,57
07/29/2017,PIH,ID,ANM,WE,Federal Contract Tower,0,8,5,0,13,0,12,34,2,48,0,20,39,2,61,0,0,0,61
07/30/2017,PIH,ID,ANM,WE,Federal Contract Tower,0,4,6,0,10,26,79,28,0,133,26,83,34,0,143,0,0,0,143
07/31/2017,PIH,ID,ANM,WE,Federal Contract Tower,0,10,7,0,17,9,77,61,0,147,9,87,68,0,164,4,0,4,168
08/01/2017,PIH,ID,ANM,WE,Federal Contract Tower,0,12,8,2,22,0,11,36,0,47,0,23,44,2,69,30,0,30,99
08/02/2017,PIH,ID,ANM,WE,Federal Contract Tower,0,11,5,0,16,11,49,49,0,109,11,60,54,0,125,17,0,17,142
08/03/2017,PIH,ID,ANM,WE,Federal Contract Tower,0,14,8,0,22,31,148,59,0,238,31,162,67,0,260,28,0,28,288
08/04/2017,PIH,ID,ANM,WE,Federal Contract Tower,0,11,6,3,20,18,15,33,1,67,18,26,39,4,87,16,0,16,103
08/05/2017,PIH,ID,ANM,WE,Federal Contract Tower,0,5,2,0,7,49,123,9,0,181,49,128,11,0,188,0,0,0,188
08/06/2017,PIH,ID,ANM,WE,Federal Contract Tower,0,5,2,2,9,18,118,24,2,162,18,123,26,4,171,0,0,0,171
08/07/2017,PIH,ID,ANM,WE,Federal Contract Tower,0,12,7,0,19,0,21,40,0,61,0,33,47,0,80,26,0,26,106
08/08/2017,PIH,ID,ANM,WE,Federal Contract Tower,2,14,10,0,26,0,22,20,0,42,2,36,30,0,68,36,0,36,104
08/09/2017,PIH,ID,ANM,WE,Federal Contract Tower,0,11,5,0,16,1,10,48,0,59,1,21,53,0,75,32,0,32,107
08/10/2017,PIH,ID,ANM,WE,Federal Contract Tower,0,14,5,0,19,0,16,42,0,58,0,30,47,0,77,0,0,0,77
08/11/2017,PIH,ID,ANM,WE,Federal Contract Tower,0,10,5,0,15,1,11,47,0,59,1,21,52,0,74,6,0,6,80
08/12/2017,PIH,ID,ANM,WE,Federal Contract Tower,0,5,8,0,13,0,36,29,0,65,0,41,37,0,78,8,0,8,86
08/13/2017,PIH,ID,ANM,WE,Federal Contract Tower,0,5,2,0,7,0,30,8,0,38,0,35,10,0,45,6,0,6,51
08/14/2017,PIH,ID,ANM,WE,Federal Contract Tower,0,11,3,0,14,0,5,8,0,13,0,16,11,0,27,0,0,0,27
08/15/2017,PIH,ID,ANM,WE,Federal Contract Tower,0,16,12,0,28,0,0,49,0,49,0,16,61,0,77,30,0,30,107
08/16/2017,PIH,ID,ANM,WE,Federal Contract Tower,0,12,3,0,15,0,3,42,0,45,0,15,45,0,60,18,0,18,78
08/17/2017,PIH,ID,ANM,WE,Federal Contract Tower,0,15,5,0,20,0,4,49,0,53,0,19,54,0,73,12,0,12,85
08/18/2017,PIH,ID,ANM,WE,Federal Contract Tower,0,17,11,0,28,0,5,39,0,44,0,22,50,0,72,30,0,30,102
08/19/2017,PIH,ID,ANM,WE,Federal Contract Tower,0,7,7,0,14,0,13,35,0,48,0,20,42,0,62,10,0,10,72
08/20/2017,PIH,ID,ANM,WE,Federal Contract Tower,0,6,2,2,10,0,29,5,0,34,0,35,7,2,44,0,0,0,44
08/21/2017,PIH,ID,ANM,WE,Federal Contract Tower,0,12,7,2,21,0,3,42,3,48,0,15,49,5,69,20,10,30,99
08/22/2017,PIH,ID,ANM,WE,Federal Contract Tower,0,18,13,0,31,0,57,29,0,86,0,75,42,0,117,10,0,10,127
08/23/2017,PIH,ID,ANM,WE,Federal Contract Tower,0,15,4,0,19,0,54,21,0,75,0,69,25,0,94,0,0,0,94
08/24/2017,PIH,ID,ANM,WE,Federal Contract Tower,0,11,9,0,20,0,16,46,0,62,0,27,55,0,82,0,0,0,82
08/25/2017,PIH,ID,ANM,WE,Federal Contract Tower,0,13,5,0,18,21,98,28,0,147,21,111,33,0,165,4,0,4,169
08/26/2017,PIH,ID,ANM,WE,Federal Contract Tower,0,9,3,0,12,33,137,51,0,221,33,146,54,0,233,4,0,4,237
08/27/2017,PIH,ID,ANM,WE,Federal Contract Tower,1,4,7,0,12,3,53,10,0,66,4,57,17,0,78,6,0,6,84
08/28/2017,PIH,ID,ANM,WE,Federal Contract Tower,0,10,10,0,20,4,3,24,0,31,4,13,34,0,51,26,0,26,77
08/29/2017,PIH,ID,ANM,WE,Federal Contract Tower,0,11,3,0,14,1,67,19,0,87,1,78,22,0,101,6,0,6,107
08/30/2017,PIH,ID,ANM,WE,Federal Contract Tower,0,13,7,0,20,0,39,22,0,61,0,52,29,0,81,10,0,10,91
08/31/2017,PIH,ID,ANM,WE,Federal Contract Tower,0,11,7,0,18,0,8,38,0,46,0,19,45,0,64,18,0,18,82
09/01/2017,PIH,ID,ANM,WE,Federal Contract Tower,1,13,1,0,15,5,42,35,0,82,6,55,36,0,97,12,0,12,109
09/02/2017,PIH,ID,ANM,WE,Federal Contract Tower,0,6,5,0,11,2,16,48,0,66,2,22,53,0,77,40,0,40,117
09/03/2017,PIH,ID,ANM,WE,Federal Contract Tower,0,4,0,0,4,0,0,17,0,17,0,4,17,0,21,24,0,24,45
09/04/2017,PIH,ID,ANM,WE,Federal Contract Tower,0,5,2,0,7,0,32,13,0,45,0,37,15,0,52,4,0,4,56
09/05/2017,PIH,ID,ANM,WE,Federal Contract Tower,0,8,2,0,10,0,5,29,0,34,0,13,31,0,44,16,0,16,60
09/06/2017,PIH,ID,ANM,WE,Federal Contract Tower,0,17,3,0,20,0,6,15,0,21,0,23,18,0,41,0,0,0,41
09/07/2017,PIH,ID,ANM,WE,Federal Contract Tower,0,19,8,0,27,0,0,24,0,24,0,19,32,0,51,0,0,0,51
09/08/2017,PIH,ID,ANM,WE,Federal Contract Tower,0,14,0,0,14,0,3,35,0,38,0,17,35,0,52,4,0,4,56
09/09/2017,PIH,ID,ANM,WE,Federal Contract Tower,0,6,0,0,6,0,6,19,1,26,0,12,19,1,32,2,0,2,34
09/10/2017,PIH,ID,ANM,WE,Federal Contract Tower,0,5,1,0,6,0,0,9,0,9,0,5,10,0,15,28,0,28,43
09/11/2017,PIH,ID,ANM,WE,Federal Contract Tower,0,13,7,0,20,0,2,32,0,34,0,15,39,0,54,34,0,34,88
09/12/2017,PIH,ID,ANM,WE,Federal Contract Tower,0,14,9,0,23,0,1,35,0,36,0,15,44,0,59,24,0,24,83
09/13/2017,PIH,ID,ANM,WE,Federal Contract Tower,0,15,9,0,24,0,2,14,0,16,0,17,23,0,40,48,0,48,88
09/14/2017,PIH,ID,ANM,WE,Federal Contract Tower,0,13,6,0,19,0,4,20,0,24,0,17,26,0,43,6,0,6,49
09/15/2017,PIH,ID,ANM,WE,Federal Contract Tower,0,15,7,0,22,0,0,8,0,8,0,15,15,0,30,0,0,0,30
09/16/2017,PIH,ID,ANM,WE,Federal Contract Tower,0,8,0,0,8,0,2,17,0,19,0,10,17,0,27,22,0,22,49
09/17/2017,PIH,ID,ANM,WE,Federal Contract Tower,0,5,3,0,8,0,4,26,0,30,0,9,29,0,38,30,0,30,68
09/18/2017,PIH,ID,ANM,WE,Federal Contract Tower,0,12,5,0,17,0,3,16,2,21,0,15,21,2,38,44,0,44,82
09/19/2017,PIH,ID,ANM,WE,Federal Contract Tower,0,18,4,0,22,0,2,13,2,17,0,20,17,2,39,0,0,0,39
09/20/2017,PIH,ID,ANM,WE,Federal Contract Tower,0,18,7,0,25,0,0,18,0,18,0,18,25,0,43,8,0,8,51
09/21/2017,PIH,ID,ANM,WE,Federal Contract Tower,0,13,7,0,20,0,0,3,0,3,0,13,10,0,23,0,0,0,23
09/22/2017,PIH,ID,ANM,WE,Federal Contract Tower,2,15,2,0,19,0,8,9,0,17,2,23,11,0,36,18,0,18,54
09/23/2017,PIH,ID,ANM,WE,Federal Contract Tower,0,12,2,0,14,0,2,17,0,19,0,14,19,0,33,2,0,2,35
09/24/2017,PIH,ID,ANM,WE,Federal Contract Tower,0,6,5,0,11,0,0,9,0,9,0,6,14,0,20,0,0,0,20
09/25/2017,PIH,ID,ANM,WE,Federal Contract Tower,0,10,6,0,16,0,2,39,0,41,0,12,45,0,57,48,0,48,105
09/26/2017,PIH,ID,ANM,WE,Federal Contract Tower,0,15,6,0,21,0,2,34,0,36,0,17,40,0,57,0,0,0,57
09/27/2017,PIH,ID,ANM,WE,Federal Contract Tower,0,11,2,0,13,0,3,42,0,45,0,14,44,0,58,40,0,40,98
09/28/2017,PIH,ID,ANM,WE,Federal Contract Tower,0,13,5,0,18,0,9,53,2,64,0,22,58,2,82,40,0,40,122
09/29/2017,PIH,ID,ANM,WE,Federal Contract Tower,1,16,7,1,25,0,0,44,0,44,1,16,51,1,69,96,0,96,165
09/30/2017,PIH,ID,ANM,WE,Federal Contract Tower,0,6,0,0,6,0,0,15,0,15,0,6,15,0,21,24,0,24,45
10/01/2017,PIH,ID,ANM,WE,Federal Contract Tower,0,7,1,0,8,0,0,11,0,11,0,7,12,0,19,12,0,12,31
10/02/2017,PIH,ID,ANM,WE,Federal Contract Tower,0,13,0,0,13,0,0,11,0,11,0,13,11,0,24,28,0,28,52
10/03/2017,PIH,ID,ANM,WE,Federal Contract Tower,0,12,0,0,12,0,1,37,0,38,0,13,37,0,50,56,0,56,106
10/04/2017,PIH,ID,ANM,WE,Federal Contract Tower,0,18,5,0,23,0,2,7,0,9,0,20,12,0,32,12,0,12,44
10/05/2017,PIH,ID,ANM,WE,Federal Contract Tower,0,14,16,0,30,0,7,30,0,37,0,21,46,0,67,44,0,44,111
10/06/2017,PIH,ID,ANM,WE,Federal Contract Tower,0,12,6,0,18,0,0,36,0,36,0,12,42,0,54,44,0,44,98
10/07/2017,PIH,ID,ANM,WE,Federal Contract Tower,0,5,1,0,6,0,0,6,0,6,0,5,7,0,12,0,0,0,12
10/08/2017,PIH,ID,ANM,WE,Federal Contract Tower,0,6,0,0,6,0,0,5,0,5,0,6,5,0,11,0,0,0,11
10/09/2017,PIH,ID,ANM,WE,Federal Contract Tower,0,17,7,0,24,0,4,27,0,31,0,21,34,0,55,18,0,18,73
10/10/2017,PIH,ID,ANM,WE,Federal Contract Tower,0,17,8,12,37,0,0,26,0,26,0,17,34,12,63,0,0,0,63
10/11/2017,PIH,ID,ANM,WE,Federal Contract Tower,0,15,6,0,21,0,0,24,0,24,0,15,30,0,45,32,0,32,77
10/12/2017,PIH,ID,ANM,WE,Federal Contract Tower,0,12,6,0,18,0,0,36,0,36,0,12,42,0,54,32,0,32,86
10/13/2017,PIH,ID,ANM,WE,Federal Contract Tower,2,13,5,0,20,0,6,21,0,27,2,19,26,0,47,14,0,14,61
10/14/2017,PIH,ID,ANM,WE,Federal Contract Tower,0,8,3,0,11,0,1,7,0,8,0,9,10,0,19,2,0,2,21
10/15/2017,PIH,ID,ANM,WE,Federal Contract Tower,0,6,0,0,6,0,0,22,0,22,0,6,22,0,28,14,0,14,42
10/16/2017,PIH,ID,ANM,WE,Federal Contract Tower,0,14,11,0,25,0,0,37,0,37,0,14,48,0,62,28,0,28,90
10/17/2017,PIH,ID,ANM,WE,Federal Contract Tower,0,11,10,0,21,0,6,33,0,39,0,17,43,0,60,30,0,30,90
10/18/2017,PIH,ID,ANM,WE,Federal Contract Tower,0,12,1,0,13,0,0,24,0,24,0,12,25,0,37,6,0,6,43
10/19/2017,PIH,ID,ANM,WE,Federal Contract Tower,0,11,5,0,16,0,3,39,0,42,0,14,44,0,58,34,0,34,92
10/20/2017,PIH,ID,ANM,WE,Federal Contract Tower,0,14,5,0,19,0,0,3,0,3,0,14,8,0,22,0,0,0,22
10/21/2017,PIH,ID,ANM,WE,Federal Contract Tower,0,6,5,0,11,0,0,7,0,7,0,6,12,0,18,0,0,0,18
10/22/2017,PIH,ID,ANM,WE,Federal Contract Tower,0,9,0,0,9,0,0,1,0,1,0,9,1,0,10,0,0,0,10
10/23/2017,PIH,ID,ANM,WE,Federal Contract Tower,0,14,11,0,25,0,4,15,0,19,0,18,26,0,44,82,0,82,126
10/24/2017,PIH,ID,ANM,WE,Federal Contract Tower,0,11,11,0,22,0,0,35,0,35,0,11,46,0,57,24,0,24,81
10/25/2017,PIH,ID,ANM,WE,Federal Contract Tower,0,14,7,0,21,0,1,41,0,42,0,15,48,0,63,56,0,56,119
10/26/2017,PIH,ID,ANM,WE,Federal Contract Tower,0,16,6,0,22,0,0,37,0,37,0,16,43,0,59,48,0,48,107
10/27/2017,PIH,ID,ANM,WE,Federal Contract Tower,0,13,6,0,19,0,3,51,0,54,0,16,57,0,73,72,0,72,145
10/28/2017,PIH,ID,ANM,WE,Federal Contract Tower,0,8,8,0,16,0,4,29,0,33,0,12,37,0,49,18,0,18,67
10/29/2017,PIH,ID,ANM,WE,Federal Contract Tower,0,7,2,0,9,0,2,22,0,24,0,9,24,0,33,4,0,4,37
10/30/2017,PIH,ID,ANM,WE,Federal Contract Tower,0,12,8,0,20,0,0,14,0,14,0,12,22,0,34,20,0,20,54
10/31/2017,PIH,ID,ANM,WE,Federal Contract Tower,0,11,6,0,17,0,3,21,0,24,0,14,27,0,41,24,0,24,65
11/01/2017,PIH,ID,ANM,WE,Federal Contract Tower,0,14,5,0,19,0,4,10,0,14,0,18,15,0,33,10,0,10,43
11/02/2017,PIH,ID,ANM,WE,Federal Contract Tower,0,12,1,0,13,0,8,16,0,24,0,20,17,0,37,46,0,46,83
11/03/2017,PIH,ID,ANM,WE,Federal Contract Tower,1,13,2,0,16,0,0,3,0,3,1,13,5,0,19,0,0,0,19
11/04/2017,PIH,ID,ANM,WE,Federal Contract Tower,3,6,6,0,15,0,0,0,0,0,3,6,6,0,15,0,0,0,15
11/05/2017,PIH,ID,ANM,WE,Federal Contract Tower,0,8,1,0,9,0,0,9,0,9,0,8,10,0,18,14,0,14,32
11/06/2017,PIH,ID,ANM,WE,Federal Contract Tower,0,17,0,0,17,0,0,6,0,6,0,17,6,0,23,8,0,8,31
11/07/2017,PIH,ID,ANM,WE,Federal Contract Tower,2,11,8,0,21,0,2,20,0,22,2,13,28,0,43,68,0,68,111
11/08/2017,PIH,ID,ANM,WE,Federal Contract Tower,0,11,5,0,16,0,1,36,0,37,0,12,41,0,53,46,0,46,99
11/09/2017,PIH,ID,ANM,WE,Federal Contract Tower,0,13,2,0,15,0,0,18,0,18,0,13,20,0,33,16,0,16,49
11/10/2017,PIH,ID,ANM,WE,Federal Contract Tower,0,14,6,0,20,0,6,5,0,11,0,20,11,0,31,6,0,6,37
11/11/2017,PIH,ID,ANM,WE,Federal Contract Tower,0,8,2,0,10,0,33,0,0,33,0,41,2,0,43,12,0,12,55
11/12/2017,PIH,ID,ANM,WE,Federal Contract Tower,0,5,2,0,7,0,0,29,0,29,0,5,31,0,36,44,0,44,80
11/13/2017,PIH,ID,ANM,WE,Federal Contract Tower,0,13,12,0,25,0,0,34,0,34,0,13,46,0,59,38,0,38,97
11/14/2017,PIH,ID,ANM,WE,Federal Contract Tower,0,12,5,0,17,0,0,8,0,8,0,12,13,0,25,10,0,10,35
11/15/2017,PIH,ID,ANM,WE,Federal Contract Tower,0,15,6,0,21,0,4,31,0,35,0,19,37,0,56,26,0,26,82
11/16/2017,PIH,ID,ANM,WE,Federal Contract Tower,0,14,2,0,16,0,0,5,0,5,0,14,7,0,21,0,0,0,21
11/17/2017,PIH,ID,ANM,WE,Federal Contract Tower,0,17,6,1,24,0,0,2,0,2,0,17,8,1,26,0,0,0,26
11/18/2017,PIH,ID,ANM,WE,Federal Contract Tower,0,6,5,0,11,0,2,41,0,43,0,8,46,0,54,70,0,70,124
11/19/2017,PIH,ID,ANM,WE,Federal Contract Tower,1,5,4,0,10,0,6,42,0,48,1,11,46,0,58,60,0,60,118
11/20/2017,PIH,ID,ANM,WE,Federal Contract Tower,0,9,6,0,15,0,0,10,0,10,0,9,16,0,25,0,0,0,25
11/21/2017,PIH,ID,ANM,WE,Federal Contract Tower,0,12,4,0,16,0,0,8,0,8,0,12,12,0,24,32,0,32,56
11/22/2017,PIH,ID,ANM,WE,Federal Contract Tower,0,14,3,0,17,0,1,45,0,46,0,15,48,0,63,70,0,70,133
11/23/2017,PIH,ID,ANM,WE,Federal Contract Tower,0,3,2,0,5,0,0,11,0,11,0,3,13,0,16,8,0,8,24
11/24/2017,PIH,ID,ANM,WE,Federal Contract Tower,0,13,0,0,13,0,0,1,0,1,0,13,1,0,14,0,0,0,14
11/25/2017,PIH,ID,ANM,WE,Federal Contract Tower,0,7,3,0,10,0,2,44,0,46,0,9,47,0,56,24,0,24,80
11/26/2017,PIH,ID,ANM,WE,Federal Contract Tower,1,9,6,0,16,0,0,5,0,5,1,9,11,0,21,0,0,0,21
11/27/2017,PIH,ID,ANM,WE,Federal Contract Tower,0,12,3,2,17,0,0,3,0,3,0,12,6,2,20,0,0,0,20
11/28/2017,PIH,ID,ANM,WE,Federal Contract Tower,0,13,8,4,25,0,4,28,0,32,0,17,36,4,57,64,0,64,121
11/29/2017,PIH,ID,ANM,WE,Federal Contract Tower,0,14,6,4,24,0,0,30,0,30,0,14,36,4,54,22,0,22,76
11/30/2017,PIH,ID,ANM,WE,Federal Contract Tower,0,14,9,0,23,0,0,35,0,35,0,14,44,0,58,14,0,14,72
12/01/2017,PIH,ID,ANM,WE,Federal Contract Tower,0,14,15,0,29,0,0,22,0,22,0,14,37,0,51,18,0,18,69
12/02/2017,PIH,ID,ANM,WE,Federal Contract Tower,0,8,0,0,8,0,0,21,0,21,0,8,21,0,29,26,0,26,55
12/03/2017,PIH,ID,ANM,WE,Federal Contract Tower,2,11,2,1,16,0,0,2,0,2,2,11,4,1,18,0,0,0,18
12/04/2017,PIH,ID,ANM,WE,Federal Contract Tower,0,4,15,2,21,0,2,8,0,10,0,6,23,2,31,18,0,18,49
12/05/2017,PIH,ID,ANM,WE,Federal Contract Tower,0,11,6,0,17,0,0,22,0,22,0,11,28,0,39,4,0,4,43
12/06/2017,PIH,ID,ANM,WE,Federal Contract Tower,0,18,3,0,21,0,1,16,0,17,0,19,19,0,38,24,0,24,62
12/07/2017,PIH,ID,ANM,WE,Federal Contract Tower,0,16,2,0,18,0,0,0,0,0,0,16,2,0,18,0,0,0,18
12/08/2017,PIH,ID,ANM,WE,Federal Contract Tower,0,19,9,0,28,0,0,0,0,0,0,19,9,0,28,0,0,0,28
12/09/2017,PIH,ID,ANM,WE,Federal Contract Tower,0,7,4,0,11,0,0,0,0,0,0,7,4,0,11,0,0,0,11
12/10/2017,PIH,ID,ANM,WE,Federal Contract Tower,0,8,1,0,9,0,0,3,0,3,0,8,4,0,12,10,0,10,22
12/11/2017,PIH,ID,ANM,WE,Federal Contract Tower,0,12,7,0,19,0,0,30,0,30,0,12,37,0,49,68,0,68,117
12/12/2017,PIH,ID,ANM,WE,Federal Contract Tower,0,18,4,0,22,0,0,22,0,22,0,18,26,0,44,56,0,56,100
12/13/2017,PIH,ID,ANM,WE,Federal Contract Tower,0,16,1,0,17,0,0,2,0,2,0,16,3,0,19,10,0,10,29
12/14/2017,PIH,ID,ANM,WE,Federal Contract Tower,0,18,4,0,22,0,0,0,0,0,0,18,4,0,22,0,0,0,22
12/15/2017,PIH,ID,ANM,WE,Federal Contract Tower,0,13,3,0,16,0,0,1,0,1,0,13,4,0,17,0,0,0,17
12/16/2017,PIH,ID,ANM,WE,Federal Contract Tower,0,7,8,0,15,0,0,0,0,0,0,7,8,0,15,0,0,0,15
12/17/2017,PIH,ID,ANM,WE,Federal Contract Tower,0,6,1,0,7,0,6,1,0,7,0,12,2,0,14,10,0,10,24
12/18/2017,PIH,ID,ANM,WE,Federal Contract Tower,0,11,0,2,13,0,4,12,0,16,0,15,12,2,29,4,0,4,33
12/19/2017,PIH,ID,ANM,WE,Federal Contract Tower,0,16,3,2,21,0,0,21,0,21,0,16,24,2,42,0,0,0,42
12/20/2017,PIH,ID,ANM,WE,Federal Contract Tower,0,13,3,0,16,0,0,1,0,1,0,13,4,0,17,0,0,0,17
12/21/2017,PIH,ID,ANM,WE,Federal Contract Tower,0,15,0,0,15,0,0,5,0,5,0,15,5,0,20,6,0,6,26
12/22/2017,PIH,ID,ANM,WE,Federal Contract Tower,0,15,5,2,22,0,2,13,0,15,0,17,18,2,37,12,0,12,49
12/23/2017,PIH,ID,ANM,WE,Federal Contract Tower,0,11,1,0,12,0,0,0,0,0,0,11,1,0,12,0,0,0,12
12/24/2017,PIH,ID,ANM,WE,Federal Contract Tower,0,3,2,0,5,0,0,0,0,0,0,3,2,0,5,0,0,0,5
12/25/2017,PIH,ID,ANM,WE,Federal Contract Tower,0,5,0,0,5,0,0,0,0,0,0,5,0,0,5,0,0,0,5
12/26/2017,PIH,ID,ANM,WE,Federal Contract Tower,0,16,0,0,16,0,0,0,0,0,0,16,0,0,16,0,0,0,16
12/27/2017,PIH,ID,ANM,WE,Federal Contract Tower,0,23,0,0,23,0,1,2,0,3,0,24,2,0,26,20,0,20,46
12/28/2017,PIH,ID,ANM,WE,Federal Contract Tower,0,14,6,0,20,0,2,7,0,9,0,16,13,0,29,34,0,34,63
12/29/2017,PIH,ID,ANM,WE,Federal Contract Tower,0,12,1,0,13,0,0,27,0,27,0,12,28,0,40,44,0,44,84
12/30/2017,PIH,ID,ANM,WE,Federal Contract Tower,2,7,0,0,9,0,0,4,0,4,2,7,4,0,13,0,0,0,13
12/31/2017,PIH,ID,ANM,WE,Federal Contract Tower,0,5,0,0,5,0,0,14,0,14,0,5,14,0,19,24,0,24,43
01/01/2018,PIH,ID,ANM,WE,Federal Contract Tower,0,6,2,0,8,0,4,10,0,14,0,10,12,0,22,2,0,2,24
01/02/2018,PIH,ID,ANM,WE,Federal Contract Tower,0,12,0,0,12,0,1,30,0,31,0,13,30,0,43,70,0,70,113
01/03/2018,PIH,ID,ANM,WE,Federal Contract Tower,0,12,1,0,13,0,0,33,0,33,0,12,34,0,46,42,0,42,88
01/04/2018,PIH,ID,ANM,WE,Federal Contract Tower,0,17,0,0,17,0,9,52,0,61,0,26,52,0,78,56,0,56,134
01/05/2018,PIH,ID,ANM,WE,Federal Contract Tower,0,13,5,0,18,0,2,32,0,34,0,15,37,0,52,84,0,84,136
01/06/2018,PIH,ID,ANM,WE,Federal Contract Tower,0,7,5,0,12,0,0,4,0,4,0,7,9,0,16,6,0,6,22
01/07/2018,PIH,ID,ANM,WE,Federal Contract Tower,0,9,0,0,9,0,1,9,0,10,0,10,9,0,19,20,0,20,39
01/08/2018,PIH,ID,ANM,WE,Federal Contract Tower,0,15,1,0,16,0,0,24,0,24,0,15,25,0,40,46,0,46,86
01/09/2018,PIH,ID,ANM,WE,Federal Contract Tower,0,17,8,0,25,0,0,2,0,2,0,17,10,0,27,0,0,0,27
01/10/2018,PIH,ID,ANM,WE,Federal Contract Tower,0,14,3,0,17,0,0,7,0,7,0,14,10,0,24,0,0,0,24
01/11/2018,PIH,ID,ANM,WE,Federal Contract Tower,0,16,7,0,23,0,0,6,0,6,0,16,13,0,29,0,0,0,29
01/12/2018,PIH,ID,ANM,WE,Federal Contract Tower,0,13,2,0,15,0,2,19,0,21,0,15,21,0,36,30,0,30,66
01/13/2018,PIH,ID,ANM,WE,Federal Contract Tower,0,5,4,0,9,0,13,44,0,57,0,18,48,0,66,46,0,46,112
01/14/2018,PIH,ID,ANM,WE,Federal Contract Tower,0,6,2,0,8,0,0,25,0,25,0,6,27,0,33,36,0,36,69
01/15/2018,PIH,ID,ANM,WE,Federal Contract Tower,0,10,7,0,17,0,0,37,0,37,0,10,44,0,54,82,0,82,136
01/16/2018,PIH,ID,ANM,WE,Federal Contract Tower,0,12,6,0,18,0,21,43,0,64,0,33,49,0,82,78,0,78,160
01/17/2018,PIH,ID,ANM,WE,Federal Contract Tower,0,13,3,0,16,0,9,25,0,34,0,22,28,0,50,64,0,64,114
01/18/2018,PIH,ID,ANM,WE,Federal Contract Tower,0,12,7,0,19,0,5,26,0,31,0,17,33,0,50,10,0,10,60
01/19/2018,PIH,ID,ANM,WE,Federal Contract Tower,0,15,2,0,17,0,0,0,0,0,0,15,2,0,17,0,0,0,17
01/20/2018,PIH,ID,ANM,WE,Federal Contract Tower,0,6,1,0,7,0,4,18,0,22,0,10,19,0,29,58,0,58,87
01/21/2018,PIH,ID,ANM,WE,Federal Contract Tower,0,5,0,0,5,0,0,5,0,5,0,5,5,0,10,4,0,4,14
01/22/2018,PIH,ID,ANM,WE,Federal Contract Tower,0,12,4,0,16,0,0,9,0,9,0,12,13,0,25,0,0,0,25
01/23/2018,PIH,ID,ANM,WE,Federal Contract Tower,0,13,6,0,19,0,1,50,0,51,0,14,56,0,70,94,0,94,164
01/24/2018,PIH,ID,ANM,WE,Federal Contract Tower,0,8,8,0,16,0,0,27,0,27,0,8,35,0,43,44,0,44,87
01/25/2018,PIH,ID,ANM,WE,Federal Contract Tower,0,10,5,0,15,0,0,12,0,12,0,10,17,0,27,32,0,32,59
01/26/2018,PIH,ID,ANM,WE,Federal Contract Tower,0,16,8,0,24,0,0,9,0,9,0,16,17,0,33,0,0,0,33
01/27/2018,PIH,ID,ANM,WE,Federal Contract Tower,0,8,5,0,13,0,0,8,0,8,0,8,13,0,21,8,0,8,29
01/28/2018,PIH,ID,ANM,WE,Federal Contract Tower,1,10,1,0,12,0,0,3,0,3,1,10,4,0,15,14,0,14,29
01/29/2018,PIH,ID,ANM,WE,Federal Contract Tower,1,12,7,2,22,0,1,36,0,37,1,13,43,2,59,78,0,78,137
01/30/2018,PIH,ID,ANM,WE,Federal Contract Tower,0,11,1,0,12,0,0,18,0,18,0,11,19,0,30,0,0,0,30
01/31/2018,PIH,ID,ANM,WE,Federal Contract Tower,0,11,3,1,15,0,0,13,0,13,0,11,16,1,28,8,0,8,36
02/01/2018,PIH,ID,ANM,WE,Federal Contract Tower,0,11,2,0,13,0,0,33,0,33,0,11,35,0,46,54,0,54,100
02/02/2018,PIH,ID,ANM,WE,Federal Contract Tower,0,14,0,0,14,0,8,9,0,17,0,22,9,0,31,4,0,4,35
02/03/2018,PIH,ID,ANM,WE,Federal Contract Tower,0,9,0,0,9,0,0,1,0,1,0,9,1,0,10,0,0,0,10
02/04/2018,PIH,ID,ANM,WE,Federal Contract Tower,0,7,2,0,9,0,0,0,0,0,0,7,2,0,9,0,0,0,9
02/05/2018,PIH,ID,ANM,WE,Federal Contract Tower,0,11,9,0,20,0,0,14,0,14,0,11,23,0,34,26,0,26,60
02/06/2018,PIH,ID,ANM,WE,Federal Contract Tower,0,17,7,0,24,0,0,13,0,13,0,17,20,0,37,26,0,26,63
02/07/2018,PIH,ID,ANM,WE,Federal Contract Tower,0,11,2,0,13,0,0,20,0,20,0,11,22,0,33,20,0,20,53
02/08/2018,PIH,ID,ANM,WE,Federal Contract Tower,0,19,6,0,25,0,0,25,0,25,0,19,31,0,50,14,0,14,64
02/09/2018,PIH,ID,ANM,WE,Federal Contract Tower,0,17,4,0,21,0,0,7,0,7,0,17,11,0,28,8,0,8,36
02/10/2018,PIH,ID,ANM,WE,Federal Contract Tower,0,9,0,0,9,0,0,20,0,20,0,9,20,0,29,36,0,36,65
02/11/2018,PIH,ID,ANM,WE,Federal Contract Tower,0,5,3,0,8,0,0,8,0,8,0,5,11,0,16,10,0,10,26
02/12/2018,PIH,ID,ANM,WE,Federal Contract Tower,0,12,6,0,18,0,0,9,0,9,0,12,15,0,27,14,0,14,41
02/13/2018,PIH,ID,ANM,WE,Federal Contract Tower,0,11,4,0,15,0,0,39,0,39,0,11,43,0,54,69,0,69,123
02/14/2018,PIH,ID,ANM,WE,Federal Contract Tower,0,13,9,0,22,0,0,24,0,24,0,13,33,0,46,26,0,26,72
02/15/2018,PIH,ID,ANM,WE,Federal Contract Tower,0,17,6,0,23,0,0,1,0,1,0,17,7,0,24,0,0,0,24
02/16/2018,PIH,ID,ANM,WE,Federal Contract Tower,0,13,5,0,18,0,0,21,0,21,0,13,26,0,39,16,0,16,55
02/17/2018,PIH,ID,ANM,WE,Federal Contract Tower,0,8,4,0,12,0,0,10,0,10,0,8,14,0,22,4,0,4,26
02/18/2018,PIH,ID,ANM,WE,Federal Contract Tower,2,5,0,0,7,0,0,0,0,0,2,5,0,0,7,0,0,0,7
02/19/2018,PIH,ID,ANM,WE,Federal Contract Tower,0,14,5,0,19,0,0,23,0,23,0,14,28,0,42,112,0,112,154
02/20/2018,PIH,ID,ANM,WE,Federal Contract Tower,0,13,5,0,18,0,0,5,0,5,0,13,10,0,23,2,0,2,25
02/21/2018,PIH,ID,ANM,WE,Federal Contract Tower,0,14,3,0,17,0,0,29,0,29,0,14,32,0,46,54,0,54,100
02/22/2018,PIH,ID,ANM,WE,Federal Contract Tower,0,16,7,0,23,0,0,15,0,15,0,16,22,0,38,28,0,28,66
02/23/2018,PIH,ID,ANM,WE,Federal Contract Tower,0,12,10,0,22,0,0,1,0,1,0,12,11,0,23,0,0,0,23
02/24/2018,PIH,ID,ANM,WE,Federal Contract Tower,0,5,5,0,10,0,0,1,1,2,0,5,6,1,12,0,0,0,12
02/25/2018,PIH,ID,ANM,WE,Federal Contract Tower,0,11,3,0,14,0,2,0,0,2,0,13,3,0,16,10,0,10,26
02/26/2018,PIH,ID,ANM,WE,Federal Contract Tower,0,10,0,0,10,0,0,0,0,0,0,10,0,0,10,0,0,0,10
02/27/2018,PIH,ID,ANM,WE,Federal Contract Tower,0,13,2,2,17,0,0,7,0,7,0,13,9,2,24,2,0,2,26
02/28/2018,PIH,ID,ANM,WE,Federal Contract Tower,0,13,3,0,16,0,0,49,0,49,0,13,52,0,65,76,0,76,141
03/01/2018,PIH,ID,ANM,WE,Federal Contract Tower,0,10,2,0,12,0,2,1,0,3,0,12,3,0,15,0,0,0,15
03/02/2018,PIH,ID,ANM,WE,Federal Contract Tower,0,16,2,0,18,0,0,2,0,2,0,16,4,0,20,0,0,0,20
03/03/2018,PIH,ID,ANM,WE,Federal Contract Tower,0,13,5,0,18,0,0,2,0,2,0,13,7,0,20,0,0,0,20
03/04/2018,PIH,ID,ANM,WE,Federal Contract Tower,0,12,0,0,12,0,2,2,0,4,0,14,2,0,16,0,0,0,16
03/05/2018,PIH,ID,ANM,WE,Federal Contract Tower,0,17,10,0,27,0,0,22,0,22,0,17,32,0,49,34,0,34,83
03/06/2018,PIH,ID,ANM,WE,Federal Contract Tower,0,15,10,0,25,0,2,62,0,64,0,17,72,0,89,86,0,86,175
03/07/2018,PIH,ID,ANM,WE,Federal Contract Tower,0,13,7,0,20,0,0,51,0,51,0,13,58,0,71,64,0,64,135
03/08/2018,PIH,ID,ANM,WE,Federal Contract Tower,0,14,6,0,20,0,0,18,0,18,0,14,24,0,38,2,0,2,40
03/09/2018,PIH,ID,ANM,WE,Federal Contract Tower,0,21,8,0,29,0,0,16,0,16,0,21,24,0,45,0,0,0,45
03/10/2018,PIH,ID,ANM,WE,Federal Contract Tower,0,8,5,0,13,0,0,39,0,39,0,8,44,0,52,42,0,42,94
03/11/2018,PIH,ID,ANM,WE,Federal Contract Tower,0,10,8,0,18,0,0,4,0,4,0,10,12,0,22,4,0,4,26
03/12/2018,PIH,ID,ANM,WE,Federal Contract Tower,0,14,7,0,21,0,0,24,0,24,0,14,31,0,45,38,0,38,83
03/13/2018,PIH,ID,ANM,WE,Federal Contract Tower,0,15,6,0,21,0,14,28,0,42,0,29,34,0,63,18,0,18,81
03/14/2018,PIH,ID,ANM,WE,Federal Contract Tower,0,22,4,0,26,0,0,6,0,6,0,22,10,0,32,0,0,0,32
03/15/2018,PIH,ID,ANM,WE,Federal Contract Tower,0,17,4,0,21,0,0,4,0,4,0,17,8,0,25,8,0,8,33
03/16/2018,PIH,ID,ANM,WE,Federal Contract Tower,0,13,7,0,20,0,0,28,0,28,0,13,35,0,48,6,0,6,54
03/17/2018,PIH,ID,ANM,WE,Federal Contract Tower,0,8,4,0,12,0,0,3,0,3,0,8,7,0,15,10,0,10,25
03/18/2018,PIH,ID,ANM,WE,Federal Contract Tower,0,9,3,0,12,0,0,0,0,0,0,9,3,0,12,0,0,0,12
03/19/2018,PIH,ID,ANM,WE,Federal Contract Tower,0,14,7,0,21,0,2,30,0,32,0,16,37,0,53,72,0,72,125
03/20/2018,PIH,ID,ANM,WE,Federal Contract Tower,0,20,8,0,28,0,0,18,6,24,0,20,26,6,52,18,0,18,70
03/21/2018,PIH,ID,ANM,WE,Federal Contract Tower,0,15,6,0,21,0,0,24,0,24,0,15,30,0,45,40,0,40,85
03/22/2018,PIH,ID,ANM,WE,Federal Contract Tower,0,13,0,10,23,0,0,2,0,2,0,13,2,10,25,8,0,8,33
03/23/2018,PIH,ID,ANM,WE,Federal Contract Tower,0,18,0,0,18,0,0,11,0,11,0,18,11,0,29,26,0,26,55
03/24/2018,PIH,ID,ANM,WE,Federal Contract Tower,0,9,3,0,12,0,0,9,0,9,0,9,12,0,21,10,0,10,31
03/25/2018,PIH,ID,ANM,WE,Federal Contract Tower,0,7,1,0,8,0,0,0,0,0,0,7,1,0,8,0,0,0,8
03/26/2018,PIH,ID,ANM,WE,Federal Contract Tower,0,10,5,0,15,0,2,28,0,30,0,12,33,0,45,18,0,18,63
03/27/2018,PIH,ID,ANM,WE,Federal Contract Tower,0,15,13,0,28,0,4,41,0,45,0,19,54,0,73,46,0,46,119
03/28/2018,PIH,ID,ANM,WE,Federal Contract Tower,0,16,6,0,22,0,0,31,0,31,0,16,37,0,53,36,0,36,89
03/29/2018,PIH,ID,ANM,WE,Federal Contract Tower,0,17,16,0,33,0,2,19,0,21,0,19,35,0,54,42,0,42,96
03/30/2018,PIH,ID,ANM,WE,Federal Contract Tower,0,14,8,0,22,0,0,24,0,24,0,14,32,0,46,34,0,34,80
03/31/2018,PIH,ID,ANM,WE,Federal Contract Tower,0,7,5,0,12,0,0,26,0,26,0,7,31,0,38,14,0,14,52
04/01/2018,PIH,ID,ANM,WE,Federal Contract Tower,0,13,0,0,13,0,1,9,0,10,0,14,9,0,23,0,0,0,23
04/02/2018,PIH,ID,ANM,WE,Federal Contract Tower,0,12,2,0,14,0,0,0,0,0,0,12,2,0,14,0,0,0,14
04/03/2018,PIH,ID,ANM,WE,Federal Contract Tower,0,17,4,0,21,0,2,59,0,61,0,19,63,0,82,44,0,44,126
04/04/2018,PIH,ID,ANM,WE,Federal Contract Tower,0,13,3,2,18,0,0,4,0,4,0,13,7,2,22,0,0,0,22
04/05/2018,PIH,ID,ANM,WE,Federal Contract Tower,0,15,1,0,16,0,0,14,0,14,0,15,15,0,30,24,0,24,54
04/06/2018,PIH,ID,ANM,WE,Federal Contract Tower,0,17,1,0,18,0,2,0,0,2,0,19,1,0,20,0,0,0,20
04/07/2018,PIH,ID,ANM,WE,Federal Contract Tower,0,7,2,0,9,0,0,0,2,2,0,7,2,2,11,0,0,0,11
04/08/2018,PIH,ID,ANM,WE,Federal Contract Tower,0,7,2,0,9,0,0,1,0,1,0,7,3,0,10,0,0,0,10
04/09/2018,PIH,ID,ANM,WE,Federal Contract Tower,0,14,3,0,17,0,1,45,0,46,0,15,48,0,63,66,0,66,129
04/10/2018,PIH,ID,ANM,WE,Federal Contract Tower,0,14,4,0,18,0,0,11,0,11,0,14,15,0,29,4,0,4,33
04/11/2018,PIH,ID,ANM,WE,Federal Contract Tower,0,13,0,0,13,0,0,14,0,14,0,13,14,0,27,6,0,6,33
04/12/2018,PIH,ID,ANM,WE,Federal Contract Tower,0,14,2,0,16,0,0,0,0,0,0,14,2,0,16,0,0,0,16
04/13/2018,PIH,ID,ANM,WE,Federal Contract Tower,0,15,5,0,20,0,2,16,0,18,0,17,21,0,38,4,0,4,42
04/14/2018,PIH,ID,ANM,WE,Federal Contract Tower,0,9,1,0,10,0,0,21,0,21,0,9,22,0,31,8,0,8,39
04/15/2018,PIH,ID,ANM,WE,Federal Contract Tower,0,10,3,0,13,0,2,14,0,16,0,12,17,0,29,0,0,0,29
04/16/2018,PIH,ID,ANM,WE,Federal Contract Tower,1,14,4,0,19,0,0,4,0,4,1,14,8,0,23,0,0,0,23
04/17/2018,PIH,ID,ANM,WE,Federal Contract Tower,1,20,5,0,26,0,0,3,0,3,1,20,8,0,29,0,0,0,29
04/18/2018,PIH,ID,ANM,WE,Federal Contract Tower,0,17,12,0,29,0,4,66,0,70,0,21,78,0,99,58,0,58,157
04/19/2018,PIH,ID,ANM,WE,Federal Contract Tower,0,18,12,0,30,0,4,32,0,36,0,22,44,0,66,57,0,57,123
04/20/2018,PIH,ID,ANM,WE,Federal Contract Tower,0,14,3,0,17,0,0,16,0,16,0,14,19,0,33,16,0,16,49
04/21/2018,PIH,ID,ANM,WE,Federal Contract Tower,0,7,4,0,11,0,2,25,0,27,0,9,29,0,38,0,0,0,38
04/22/2018,PIH,ID,ANM,WE,Federal Contract Tower,0,8,3,0,11,0,1,35,0,36,0,9,38,0,47,16,0,16,63
04/23/2018,PIH,ID,ANM,WE,Federal Contract Tower,0,12,4,0,16,0,0,31,0,31,0,12,35,0,47,8,0,8,55
04/24/2018,PIH,ID,ANM,WE,Federal Contract Tower,0,20,9,0,29,0,4,54,0,58,0,24,63,0,87,36,0,36,123
04/25/2018,PIH,ID,ANM,WE,Federal Contract Tower,0,18,8,0,26,0,0,58,0,58,0,18,66,0,84,56,0,56,140
04/26/2018,PIH,ID,ANM,WE,Federal Contract Tower,0,17,6,0,23,0,1,54,0,55,0,18,60,0,78,76,0,76,154
04/27/2018,PIH,ID,ANM,WE,Federal Contract Tower,0,13,7,0,20,0,0,40,0,40,0,13,47,0,60,18,0,18,78
04/28/2018,PIH,ID,ANM,WE,Federal Contract Tower,0,7,1,0,8,0,0,14,0,14,0,7,15,0,22,6,0,6,28
04/29/2018,PIH,ID,ANM,WE,Federal Contract Tower,0,8,0,0,8,0,0,17,0,17,0,8,17,0,25,8,0,8,33
04/30/2018,PIH,ID,ANM,WE,Federal Contract Tower,0,13,6,0,19,0,1,4,0,5,0,14,10,0,24,8,0,8,32
05/01/2018,PIH,ID,ANM,WE,Federal Contract Tower,0,16,4,0,20,0,11,15,0,26,0,27,19,0,46,0,0,0,46
05/02/2018,PIH,ID,ANM,WE,Federal Contract Tower,0,16,4,0,20,0,4,35,0,39,0,20,39,0,59,70,0,70,129
05/03/2018,PIH,ID,ANM,WE,Federal Contract Tower,0,19,12,0,31,0,4,59,0,63,0,23,71,0,94,4,0,4,98
05/04/2018,PIH,ID,ANM,WE,Federal Contract Tower,0,16,8,0,24,0,4,22,0,26,0,20,30,0,50,20,0,20,70
05/05/2018,PIH,ID,ANM,WE,Federal Contract Tower,0,8,2,0,10,0,0,39,0,39,0,8,41,0,49,56,0,56,105
05/06/2018,PIH,ID,ANM,WE,Federal Contract Tower,0,9,1,0,10,0,0,4,0,4,0,9,5,0,14,0,0,0,14
05/07/2018,PIH,ID,ANM,WE,Federal Contract Tower,0,12,4,1,17,0,0,40,2,42,0,12,44,3,59,56,0,56,115
05/08/2018,PIH,ID,ANM,WE,Federal Contract Tower,0,15,8,0,23,0,1,38,2,41,0,16,46,2,64,20,0,20,84
05/09/2018,PIH,ID,ANM,WE,Federal Contract Tower,0,13,7,2,22,0,1,30,0,31,0,14,37,2,53,30,34,64,117
05/10/2018,PIH,ID,ANM,WE,Federal Contract Tower,0,14,6,0,20,0,0,33,0,33,0,14,39,0,53,0,0,0,53
05/11/2018,PIH,ID,ANM,WE,Federal Contract Tower,0,15,3,0,18,0,0,0,0,0,0,15,3,0,18,0,0,0,18
05/12/2018,PIH,ID,ANM,WE,Federal Contract Tower,0,9,2,0,11,0,0,6,0,6,0,9,8,0,17,0,0,0,17
05/13/2018,PIH,ID,ANM,WE,Federal Contract Tower,0,8,0,0,8,0,0,15,0,15,0,8,15,0,23,6,0,6,29
05/14/2018,PIH,ID,ANM,WE,Federal Contract Tower,0,11,7,0,18,0,0,60,0,60,0,11,67,0,78,34,0,34,112
05/15/2018,PIH,ID,ANM,WE,Federal Contract Tower,0,19,8,0,27,0,0,38,0,38,0,19,46,0,65,18,0,18,83
05/16/2018,PIH,ID,ANM,WE,Federal Contract Tower,0,15,11,0,26,0,9,45,0,54,0,24,56,0,80,64,0,64,144
05/17/2018,PIH,ID,ANM,WE,Federal Contract Tower,0,18,4,0,22,0,2,21,0,23,0,20,25,0,45,0,0,0,45
05/18/2018,PIH,ID,ANM,WE,Federal Contract Tower,0,17,5,0,22,0,0,20,0,20,0,17,25,0,42,0,0,0,42
05/19/2018,PIH,ID,ANM,WE,Federal Contract Tower,0,7,2,0,9,0,0,16,0,16,0,7,18,0,25,22,0,22,47
05/20/2018,PIH,ID,ANM,WE,Federal Contract Tower,6,11,1,0,18,2,3,18,0,23,8,14,19,0,41,0,0,0,41
05/21/2018,PIH,ID,ANM,WE,Federal Contract Tower,2,13,8,0,23,0,0,25,0,25,2,13,33,0,48,52,0,52,100
05/22/2018,PIH,ID,ANM,WE,Federal Contract Tower,0,16,6,0,22,0,4,31,0,35,0,20,37,0,57,30,0,30,87
05/23/2018,PIH,ID,ANM,WE,Federal Contract Tower,0,13,3,0,16,0,18,21,0,39,0,31,24,0,55,10,0,10,65
05/24/2018,PIH,ID,ANM,WE,Federal Contract Tower,0,16,3,0,19,0,7,34,0,41,0,23,37,0,60,34,0,34,94
05/25/2018,PIH,ID,ANM,WE,Federal Contract Tower,0,18,5,0,23,0,3,56,0,59,0,21,61,0,82,26,0,26,108
05/26/2018,PIH,ID,ANM,WE,Federal Contract Tower,0,9,3,0,12,0,2,51,0,53,0,11,54,0,65,42,0,42,107
05/27/2018,PIH,ID,ANM,WE,Federal Contract Tower,0,10,1,0,11,0,0,25,0,25,0,10,26,0,36,0,0,0,36
05/28/2018,PIH,ID,ANM,WE,Federal Contract Tower,0,8,2,0,10,0,0,32,0,32,0,8,34,0,42,10,0,10,52
05/29/2018,PIH,ID,ANM,WE,Federal Contract Tower,0,14,2,0,16,0,0,34,0,34,0,14,36,0,50,44,0,44,94
05/30/2018,PIH,ID,ANM,WE,Federal Contract Tower,0,14,5,0,19,0,0,27,0,27,0,14,32,0,46,44,0,44,90
05/31/2018,PIH,ID,ANM,WE,Federal Contract Tower,0,14,3,0,17,0,4,22,0,26,0,18,25,0,43,0,0,0,43
06/01/2018,PIH,ID,ANM,WE,Federal Contract Tower,0,17,0,0,17,0,0,9,0,9,0,17,9,0,26,0,0,0,26
06/02/2018,PIH,ID,ANM,WE,Federal Contract Tower,0,6,2,2,10,0,2,24,0,26,0,8,26,2,36,34,0,34,70
06/03/2018,PIH,ID,ANM,WE,Federal Contract Tower,0,7,6,0,13,0,3,11,0,14,0,10,17,0,27,0,0,0,27
06/04/2018,PIH,ID,ANM,WE,Federal Contract Tower,0,12,3,12,27,0,0,54,1,55,0,12,57,13,82,38,0,38,120
06/05/2018,PIH,ID,ANM,WE,Federal Contract Tower,0,11,5,0,16,0,4,37,2,43,0,15,42,2,59,40,0,40,99
06/06/2018,PIH,ID,ANM,WE,Federal Contract Tower,0,14,5,0,19,0,0,30,0,30,0,14,35,0,49,26,0,26,75
06/07/2018,PIH,ID,ANM,WE,Federal Contract Tower,0,15,18,0,33,0,0,18,0,18,0,15,36,0,51,0,0,0,51
06/08/2018,PIH,ID,ANM,WE,Federal Contract Tower,0,17,4,0,21,0,0,30,0,30,0,17,34,0,51,22,0,22,73
06/09/2018,PIH,ID,ANM,WE,Federal Contract Tower,0,9,4,0,13,0,1,28,0,29,0,10,32,0,42,0,0,0,42
06/10/2018,PIH,ID,ANM,WE,Federal Contract Tower,0,9,2,0,11,0,1,8,0,9,0,10,10,0,20,0,0,0,20
06/11/2018,PIH,ID,ANM,WE,Federal Contract Tower,0,12,0,0,12,0,0,35,0,35,0,12,35,0,47,44,0,44,91
06/12/2018,PIH,ID,ANM,WE,Federal Contract Tower,0,14,2,0,16,0,4,41,0,45,0,18,43,0,61,38,0,38,99
06/13/2018,PIH,ID,ANM,WE,Federal Contract Tower,0,19,8,0,27,0,1,56,0,57,0,20,64,0,84,58,0,58,142
06/14/2018,PIH,ID,ANM,WE,Federal Contract Tower,0,16,6,0,22,0,5,18,0,23,0,21,24,0,45,4,0,4,49
06/15/2018,PIH,ID,ANM,WE,Federal Contract Tower,0,14,6,0,20,0,1,27,0,28,0,15,33,0,48,26,0,26,74
06/16/2018,PIH,ID,ANM,WE,Federal Contract Tower,0,10,7,0,17,0,0,20,0,20,0,10,27,0,37,6,0,6,43
06/17/2018,PIH,ID,ANM,WE,Federal Contract Tower,0,9,1,0,10,0,0,3,0,3,0,9,4,0,13,0,0,0,13
06/18/2018,PIH,ID,ANM,WE,Federal Contract Tower,0,13,4,0,17,0,7,27,0,34,0,20,31,0,51,22,0,22,73
06/19/2018,PIH,ID,ANM,WE,Federal Contract Tower,0,17,5,0,22,0,0,26,0,26,0,17,31,0,48,34,0,34,82
06/20/2018,PIH,ID,ANM,WE,Federal Contract Tower,0,16,10,0,26,0,2,50,0,52,0,18,60,0,78,48,0,48,126
06/21/2018,PIH,ID,ANM,WE,Federal Contract Tower,1,17,6,0,24,2,4,47,0,53,3,21,53,0,77,56,0,56,133
06/22/2018,PIH,ID,ANM,WE,Federal Contract Tower,0,13,5,0,18,1,1,27,0,29,1,14,32,0,47,10,0,10,57
06/23/2018,PIH,ID,ANM,WE,Federal Contract Tower,0,13,3,0,16,0,3,22,0,25,0,16,25,0,41,30,0,30,71
06/24/2018,PIH,ID,ANM,WE,Federal Contract Tower,1,12,2,0,15,1,0,38,0,39,2,12,40,0,54,36,0,36,90
06/25/2018,PIH,ID,ANM,WE,Federal Contract Tower,1,12,6,0,19,0,7,51,0,58,1,19,57,0,77,40,0,40,117
06/26/2018,PIH,ID,ANM,WE,Federal Contract Tower,0,16,5,0,21,0,2,38,0,40,0,18,43,0,61,44,0,44,105
06/27/2018,PIH,ID,ANM,WE,Federal Contract Tower,0,14,4,0,18,2,12,40,2,56,2,26,44,2,74,34,0,34,108
06/28/2018,PIH,ID,ANM,WE,Federal Contract Tower,2,17,10,0,29,21,14,28,0,63,23,31,38,0,92,30,0,30,122
06/29/2018,PIH,ID,ANM,WE,Federal Contract Tower,0,17,4,2,23,7,2,31,0,40,7,19,35,2,63,0,0,0,63
06/30/2018,PIH,ID,ANM,WE,Federal Contract Tower,4,11,6,0,21,12,3,17,0,32,16,14,23,0,53,10,0,10,63
07/01/2018,PIH,ID,ANM,WE,Federal Contract Tower,3,10,1,0,14,5,2,6,0,13,8,12,7,0,27,0,0,0,27
07/02/2018,PIH,ID,ANM,WE,Federal Contract Tower,2,11,1,0,14,4,6,21,0,31,6,17,22,0,45,6,0,6,51
07/03/2018,PIH,ID,ANM,WE,Federal Contract Tower,0,16,2,0,18,0,8,26,0,34,0,24,28,0,52,46,0,46,98
07/04/2018,PIH,ID,ANM,WE,Federal Contract Tower,0,10,8,0,18,0,5,38,0,43,0,15,46,0,61,10,0,10,71
07/05/2018,PIH,ID,ANM,WE,Federal Contract Tower,0,13,2,0,15,14,9,41,0,64,14,22,43,0,79,24,0,24,103
07/06/2018,PIH,ID,ANM,WE,Federal Contract Tower,0,13,7,0,20,0,5,36,0,41,0,18,43,0,61,20,0,20,81
07/07/2018,PIH,ID,ANM,WE,Federal Contract Tower,0,10,1,0,11,0,4,34,0,38,0,14,35,0,49,10,0,10,59
07/08/2018,PIH,ID,ANM,WE,Federal Contract Tower,0,10,7,0,17,16,17,24,0,57,16,27,31,0,74,0,0,0,74
07/09/2018,PIH,ID,ANM,WE,Federal Contract Tower,1,12,7,0,20,10,36,28,0,74,11,48,35,0,94,0,0,0,94
07/10/2018,PIH,ID,ANM,WE,Federal Contract Tower,0,15,8,0,23,0,14,39,0,53,0,29,47,0,76,32,0,32,108
07/11/2018,PIH,ID,ANM,WE,Federal Contract Tower,2,14,17,8,41,0,3,55,0,58,2,17,72,8,99,52,0,52,151
07/12/2018,PIH,ID,ANM,WE,Federal Contract Tower,0,13,6,0,19,0,11,39,0,50,0,24,45,0,69,30,0,30,99
07/13/2018,PIH,ID,ANM,WE,Federal Contract Tower,0,15,6,0,21,0,1,52,3,56,0,16,58,3,77,22,0,22,99
07/14/2018,PIH,ID,ANM,WE,Federal Contract Tower,0,6,3,0,9,0,5,26,2,33,0,11,29,2,42,20,0,20,62
07/15/2018,PIH,ID,ANM,WE,Federal Contract Tower,1,13,0,0,14,14,21,24,0,59,15,34,24,0,73,0,0,0,73
07/16/2018,PIH,ID,ANM,WE,Federal Contract Tower,0,15,11,0,26,13,25,26,0,64,13,40,37,0,90,0,0,0,90
07/17/2018,PIH,ID,ANM,WE,Federal Contract Tower,1,17,5,0,23,28,10,34,0,72,29,27,39,0,95,0,0,0,95
07/18/2018,PIH,ID,ANM,WE,Federal Contract Tower,0,15,7,0,22,15,76,47,0,138,15,91,54,0,160,44,0,44,204
07/19/2018,PIH,ID,ANM,WE,Federal Contract Tower,1,20,4,0,25,2,104,51,0,157,3,124,55,0,182,70,0,70,252
07/20/2018,PIH,ID,ANM,WE,Federal Contract Tower,0,13,8,0,21,0,26,35,0,61,0,39,43,0,82,12,0,12,94
07/21/2018,PIH,ID,ANM,WE,Federal Contract Tower,0,7,4,0,11,10,26,18,0,54,10,33,22,0,65,0,0,0,65
07/22/2018,PIH,ID,ANM,WE,Federal Contract Tower,0,10,3,0,13,6,16,11,0,33,6,26,14,0,46,0,0,0,46
07/23/2018,PIH,ID,ANM,WE,Federal Contract Tower,0,13,3,0,16,1,11,42,0,54,1,24,45,0,70,48,0,48,118
07/24/2018,PIH,ID,ANM,WE,Federal Contract Tower,0,15,5,0,20,6,28,43,0,77,6,43,48,0,97,0,0,0,97
07/25/2018,PIH,ID,ANM,WE,Federal Contract Tower,1,14,4,0,19,13,11,28,0,52,14,25,32,0,71,32,0,32,103
07/26/2018,PIH,ID,ANM,WE,Federal Contract Tower,5,16,6,0,27,9,11,33,0,53,14,27,39,0,80,22,0,22,102
07/27/2018,PIH,ID,ANM,WE,Federal Contract Tower,4,15,3,0,22,17,20,54,0,91,21,35,57,0,113,54,0,54,167
07/28/2018,PIH,ID,ANM,WE,Federal Contract Tower,1,6,5,0,12,36,13,40,0,89,37,19,45,0,101,0,0,0,101
07/29/2018,PIH,ID,ANM,WE,Federal Contract Tower,2,9,1,0,12,31,15,17,0,63,33,24,18,0,75,4,0,4,79
07/30/2018,PIH,ID,ANM,WE,Federal Contract Tower,0,9,5,0,14,1,13,46,0,60,1,22,51,0,74,26,0,26,100
07/31/2018,PIH,ID,ANM,WE,Federal Contract Tower,0,16,4,0,20,0,1,35,0,36,0,17,39,0,56,20,0,20,76
08/01/2018,PIH,ID,ANM,WE,Federal Contract Tower,0,13,4,2,19,17,31,24,0,72,17,44,28,2,91,50,0,50,141
08/02/2018,PIH,ID,ANM,WE,Federal Contract Tower,0,15,0,0,15,5,22,39,0,66,5,37,39,0,81,44,0,44,125
08/03/2018,PIH,ID,ANM,WE,Federal Contract Tower,1,20,7,0,28,2,35,7,0,44,3,55,14,0,72,0,0,0,72
08/04/2018,PIH,ID,ANM,WE,Federal Contract Tower,0,7,1,0,8,8,64,20,12,104,8,71,21,12,112,0,0,0,112
08/05/2018,PIH,ID,ANM,WE,Federal Contract Tower,0,9,3,0,12,3,14,13,0,30,3,23,16,0,42,12,0,12,54
08/06/2018,PIH,ID,ANM,WE,Federal Contract Tower,1,15,11,0,27,0,0,43,0,43,1,15,54,0,70,0,0,0,70
08/07/2018,PIH,ID,ANM,WE,Federal Contract Tower,3,13,10,0,26,11,17,50,0,78,14,30,60,0,104,24,0,24,128
08/08/2018,PIH,ID,ANM,WE,Federal Contract Tower,1,15,7,0,23,4,10,50,0,64,5,25,57,0,87,38,0,38,125
08/09/2018,PIH,ID,ANM,WE,Federal Contract Tower,0,16,8,0,24,0,3,68,0,71,0,19,76,0,95,32,0,32,127
08/10/2018,PIH,ID,ANM,WE,Federal Contract Tower,0,14,8,0,22,0,12,50,0,62,0,26,58,0,84,36,0,36,120
08/11/2018,PIH,ID,ANM,WE,Federal Contract Tower,0,8,4,0,12,0,8,48,0,56,0,16,52,0,68,68,0,68,136
08/12/2018,PIH,ID,ANM,WE,Federal Contract Tower,0,8,1,0,9,0,2,19,5,26,0,10,20,5,35,24,0,24,59
08/13/2018,PIH,ID,ANM,WE,Federal Contract Tower,0,14,8,0,22,25,134,49,0,208,25,148,57,0,230,50,0,50,280
08/14/2018,PIH,ID,ANM,WE,Federal Contract Tower,6,18,4,0,28,3,19,36,0,58,9,37,40,0,86,28,0,28,114
08/15/2018,PIH,ID,ANM,WE,Federal Contract Tower,4,15,6,0,25,1,3,46,2,52,5,18,52,2,77,42,0,42,119
08/16/2018,PIH,ID,ANM,WE,Federal Contract Tower,0,18,11,0,29,29,68,48,0,145,29,86,59,0,174,20,0,20,194
08/17/2018,PIH,ID,ANM,WE,Federal Contract Tower,1,16,5,0,22,27,60,40,0,127,28,76,45,0,149,12,0,12,161
08/18/2018,PIH,ID,ANM,WE,Federal Contract Tower,1,10,7,0,18,26,60,81,0,167,27,70,88,0,185,24,0,24,209
08/19/2018,PIH,ID,ANM,WE,Federal Contract Tower,1,10,0,0,11,15,8,15,0,38,16,18,15,0,49,0,0,0,49
08/20/2018,PIH,ID,ANM,WE,Federal Contract Tower,1,14,1,14,30,0,14,39,0,53,1,28,40,14,83,60,0,60,143
08/21/2018,PIH,ID,ANM,WE,Federal Contract Tower,3,22,4,0,29,0,8,31,0,39,3,30,35,0,68,44,0,44,112
08/22/2018,PIH,ID,ANM,WE,Federal Contract Tower,0,14,8,0,22,1,8,25,0,34,1,22,33,0,56,26,0,26,82
08/23/2018,PIH,ID,ANM,WE,Federal Contract Tower,4,13,4,0,21,0,4,24,0,28,4,17,28,0,49,22,0,22,71
08/24/2018,PIH,ID,ANM,WE,Federal Contract Tower,14,15,4,0,33,4,30,20,0,54,18,45,24,0,87,8,0,8,95
08/25/2018,PIH,ID,ANM,WE,Federal Contract Tower,5,7,5,0,17,6,0,27,0,33,11,7,32,0,50,0,0,0,50
08/26/2018,PIH,ID,ANM,WE,Federal Contract Tower,6,9,6,0,21,8,7,23,0,38,14,16,29,0,59,20,0,20,79
08/27/2018,PIH,ID,ANM,WE,Federal Contract Tower,0,11,3,0,14,0,2,2,0,4,0,13,5,0,18,0,0,0,18
08/28/2018,PIH,ID,ANM,WE,Federal Contract Tower,1,15,6,0,22,0,0,32,0,32,1,15,38,0,54,20,0,20,74
08/29/2018,PIH,ID,ANM,WE,Federal Contract Tower,0,16,2,1,19,0,0,35,1,36,0,16,37,2,55,48,0,48,103
08/30/2018,PIH,ID,ANM,WE,Federal Contract Tower,5,16,2,0,23,3,14,28,0,45,8,30,30,0,68,30,0,30,98
08/31/2018,PIH,ID,ANM,WE,Federal Contract Tower,5,18,8,0,31,0,6,61,0,67,5,24,69,0,98,36,0,36,134
09/01/2018,PIH,ID,ANM,WE,Federal Contract Tower,0,9,3,0,12,0,1,24,0,25,0,10,27,0,37,6,0,6,43
09/02/2018,PIH,ID,ANM,WE,Federal Contract Tower,0,10,0,0,10,0,0,11,0,11,0,10,11,0,21,12,0,12,33
09/03/2018,PIH,ID,ANM,WE,Federal Contract Tower,8,10,1,0,19,0,6,36,2,44,8,16,37,2,63,2,0,2,65
09/04/2018,PIH,ID,ANM,WE,Federal Contract Tower,8,12,2,0,22,0,2,42,1,45,8,14,44,1,67,30,0,30,97
09/05/2018,PIH,ID,ANM,WE,Federal Contract Tower,0,12,4,0,16,0,1,36,4,41,0,13,40,4,57,39,0,39,96
09/06/2018,PIH,ID,ANM,WE,Federal Contract Tower,0,19,7,0,26,0,3,34,1,38,0,22,41,1,64,18,0,18,82
09/07/2018,PIH,ID,ANM,WE,Federal Contract Tower,4,19,4,0,27,0,8,44,0,52,4,27,48,0,79,48,0,48,127
09/08/2018,PIH,ID,ANM,WE,Federal Contract Tower,0,9,5,1,15,0,12,23,1,36,0,21,28,2,51,6,0,6,57
09/09/2018,PIH,ID,ANM,WE,Federal Contract Tower,0,9,4,0,13,0,39,17,0,56,0,48,21,0,69,8,0,8,77
09/10/2018,PIH,ID,ANM,WE,Federal Contract Tower,0,14,14,0,28,0,9,42,0,51,0,23,56,0,79,26,0,26,105
09/11/2018,PIH,ID,ANM,WE,Federal Contract Tower,0,19,7,0,26,0,4,27,1,32,0,23,34,1,58,6,0,6,64
09/12/2018,PIH,ID,ANM,WE,Federal Contract Tower,1,14,6,0,21,2,3,34,0,39,3,17,40,0,60,46,0,46,106
09/13/2018,PIH,ID,ANM,WE,Federal Contract Tower,1,17,8,0,26,35,48,27,0,110,36,65,35,0,136,20,0,20,156
09/14/2018,PIH,ID,ANM,WE,Federal Contract Tower,1,14,6,0,21,27,23,60,0,110,28,37,66,0,131,40,0,40,171
09/15/2018,PIH,ID,ANM,WE,Federal Contract Tower,0,9,0,0,9,0,4,23,0,27,0,13,23,0,36,32,0,32,68
09/16/2018,PIH,ID,ANM,WE,Federal Contract Tower,0,11,3,0,14,14,14,23,0,51,14,25,26,0,65,32,0,32,97
09/17/2018,PIH,ID,ANM,WE,Federal Contract Tower,0,13,7,0,20,17,20,41,0,78,17,33,48,0,98,20,0,20,118
09/18/2018,PIH,ID,ANM,WE,Federal Contract Tower,0,15,4,0,19,24,30,34,0,88,24,45,38,0,107,4,0,4,111
09/19/2018,PIH,ID,ANM,WE,Federal Contract Tower,6,15,11,0,32,16,31,40,0,87,22,46,51,0,119,38,0,38,157
09/20/2018,PIH,ID,ANM,WE,Federal Contract Tower,7,13,9,0,29,45,25,29,0,99,52,38,38,0,128,36,0,36,164
09/21/2018,PIH,ID,ANM,WE,Federal Contract Tower,3,16,5,0,24,43,20,60,0,123,46,36,65,0,147,44,0,44,191
09/22/2018,PIH,ID,ANM,WE,Federal Contract Tower,1,8,3,0,12,53,59,25,0,137,54,67,28,0,149,0,0,0,149
09/23/2018,PIH,ID,ANM,WE,Federal Contract Tower,3,10,6,0,19,52,22,13,0,87,55,32,19,0,106,6,0,6,112
09/24/2018,PIH,ID,ANM,WE,Federal Contract Tower,0,12,12,0,24,57,27,36,0,120,57,39,48,0,144,30,0,30,174
09/25/2018,PIH,ID,ANM,WE,Federal Contract Tower,0,20,6,0,26,15,40,40,0,95,15,60,46,0,121,10,0,10,131
09/26/2018,PIH,ID,ANM,WE,Federal Contract Tower,0,16,6,0,22,0,5,34,0,39,0,21,40,0,61,32,0,32,93
09/27/2018,PIH,ID,ANM,WE,Federal Contract Tower,0,15,7,0,22,5,6,52,0,63,5,21,59,0,85,30,0,30,115
09/28/2018,PIH,ID,ANM,WE,Federal Contract Tower,1,19,12,0,32,7,2,60,0,69,8,21,72,0,101,48,0,48,149
09/29/2018,PIH,ID,ANM,WE,Federal Contract Tower,1,11,2,0,14,0,3,34,0,37,1,14,36,0,51,8,0,8,59
09/30/2018,PIH,ID,ANM,WE,Federal Contract Tower,0,9,1,0,10,9,1,25,0,35,9,10,26,0,45,6,0,6,51
10/01/2018,PIH,ID,ANM,WE,Federal Contract Tower,0,16,8,0,24,12,1,38,0,51,12,17,46,0,75,2,0,2,77
10/02/2018,PIH,ID,ANM,WE,Federal Contract Tower,0,14,2,0,16,4,10,23,0,37,4,24,25,0,53,0,0,0,53
10/03/2018,PIH,ID,ANM,WE,Federal Contract Tower,0,16,7,0,23,0,3,14,2,19,0,19,21,2,42,4,0,4,46
10/04/2018,PIH,ID,ANM,WE,Federal Contract Tower,0,14,7,0,21,0,0,12,0,12,0,14,19,0,33,0,0,0,33
10/05/2018,PIH,ID,ANM,WE,Federal Contract Tower,2,19,11,0,32,0,0,36,0,36,2,19,47,0,68,22,0,22,90
10/06/2018,PIH,ID,ANM,WE,Federal Contract Tower,1,13,3,0,17,0,0,4,0,4,1,13,7,0,21,0,0,0,21
10/07/2018,PIH,ID,ANM,WE,Federal Contract Tower,0,9,0,0,9,0,0,10,0,10,0,9,10,0,19,6,0,6,25
10/08/2018,PIH,ID,ANM,WE,Federal Contract Tower,0,14,4,0,18,0,3,55,0,58,0,17,59,0,76,48,0,48,124
10/09/2018,PIH,ID,ANM,WE,Federal Contract Tower,0,14,9,0,23,0,0,9,0,9,0,14,18,0,32,26,0,26,58
10/10/2018,PIH,ID,ANM,WE,Federal Contract Tower,0,19,5,0,24,0,0,3,0,3,0,19,8,0,27,0,0,0,27
10/11/2018,PIH,ID,ANM,WE,Federal Contract Tower,0,16,6,0,22,0,0,22,0,22,0,16,28,0,44,0,0,0,44
10/12/2018,PIH,ID,ANM,WE,Federal Contract Tower,0,20,7,0,27,0,2,46,0,48,0,22,53,0,75,76,0,76,151
10/13/2018,PIH,ID,ANM,WE,Federal Contract Tower,0,8,4,0,12,0,0,17,0,17,0,8,21,0,29,40,0,40,69
10/14/2018,PIH,ID,ANM,WE,Federal Contract Tower,0,8,2,0,10,0,0,21,0,21,0,8,23,0,31,8,0,8,39
10/15/2018,PIH,ID,ANM,WE,Federal Contract Tower,2,8,2,0,12,0,3,41,0,44,2,11,43,0,56,32,0,32,88
10/16/2018,PIH,ID,ANM,WE,Federal Contract Tower,0,14,7,0,21,0,0,32,0,32,0,14,39,0,53,48,0,48,101
10/17/2018,PIH,ID,ANM,WE,Federal Contract Tower,0,13,5,0,18,0,0,53,0,53,0,13,58,0,71,28,0,28,99
10/18/2018,PIH,ID,ANM,WE,Federal Contract Tower,0,20,11,0,31,0,0,40,0,40,0,20,51,0,71,2,0,2,73
10/19/2018,PIH,ID,ANM,WE,Federal Contract Tower,2,14,4,0,20,0,4,39,0,43,2,18,43,0,63,22,0,22,85
10/20/2018,PIH,ID,ANM,WE,Federal Contract Tower,0,11,4,0,15,0,0,55,0,55,0,11,59,0,70,26,0,26,96
10/21/2018,PIH,ID,ANM,WE,Federal Contract Tower,0,11,3,0,14,0,0,25,0,25,0,11,28,0,39,22,0,22,61
10/22/2018,PIH,ID,ANM,WE,Federal Contract Tower,0,18,7,0,25,0,0,66,0,66,0,18,73,0,91,16,0,16,107
10/23/2018,PIH,ID,ANM,WE,Federal Contract Tower,0,17,6,0,23,0,1,8,0,9,0,18,14,0,32,0,0,0,32
10/24/2018,PIH,ID,ANM,WE,Federal Contract Tower,0,16,5,0,21,0,1,21,0,22,0,17,26,0,43,16,0,16,59
10/25/2018,PIH,ID,ANM,WE,Federal Contract Tower,0,16,2,0,18,0,0,32,0,32,0,16,34,0,50,16,0,16,66
10/26/2018,PIH,ID,ANM,WE,Federal Contract Tower,0,15,7,0,22,0,0,36,0,36,0,15,43,0,58,20,0,20,78
10/27/2018,PIH,ID,ANM,WE,Federal Contract Tower,0,7,5,0,12,0,0,23,0,23,0,7,28,0,35,46,0,46,81
10/28/2018,PIH,ID,ANM,WE,Federal Contract Tower,0,8,5,0,13,0,0,14,0,14,0,8,19,0,27,0,0,0,27
10/29/2018,PIH,ID,ANM,WE,Federal Contract Tower,0,12,0,0,12,0,0,15,0,15,0,12,15,0,27,8,0,8,35
10/30/2018,PIH,ID,ANM,WE,Federal Contract Tower,0,20,4,0,24,0,1,33,4,38,0,21,37,4,62,52,0,52,114
10/31/2018,PIH,ID,ANM,WE,Federal Contract Tower,0,14,1,0,15,0,0,28,2,30,0,14,29,2,45,0,0,0,45
11/01/2018,PIH,ID,ANM,WE,Federal Contract Tower,0,15,2,0,17,0,0,12,0,12,0,15,14,0,29,4,0,4,33
11/02/2018,PIH,ID,ANM,WE,Federal Contract Tower,2,15,3,0,20,0,0,7,0,7,2,15,10,0,27,0,0,0,27
11/03/2018,PIH,ID,ANM,WE,Federal Contract Tower,0,7,0,0,7,0,0,55,0,55,0,7,55,0,62,78,0,78,140
11/04/2018,PIH,ID,ANM,WE,Federal Contract Tower,0,4,5,0,9,0,0,2,0,2,0,4,7,0,11,16,0,16,27
11/05/2018,PIH,ID,ANM,WE,Federal Contract Tower,0,11,0,0,11,0,1,20,0,21,0,12,20,0,32,30,0,30,62
11/06/2018,PIH,ID,ANM,WE,Federal Contract Tower,0,15,4,0,19,0,1,16,0,17,0,16,20,0,36,32,0,32,68
11/07/2018,PIH,ID,ANM,WE,Federal Contract Tower,0,14,3,0,17,0,0,32,0,32,0,14,35,0,49,22,0,22,71
11/08/2018,PIH,ID,ANM,WE,Federal Contract Tower,0,15,7,0,22,0,0,39,6,45,0,15,46,6,67,38,0,38,105
11/09/2018,PIH,ID,ANM,WE,Federal Contract Tower,2,13,5,0,20,0,1,73,0,74,2,14,78,0,94,90,0,90,184
11/10/2018,PIH,ID,ANM,WE,Federal Contract Tower,0,10,0,2,12,0,0,31,0,31,0,10,31,2,43,78,0,78,121
11/11/2018,PIH,ID,ANM,WE,Federal Contract Tower,0,7,1,0,8,0,0,29,0,29,0,7,30,0,37,52,0,52,89
11/12/2018,PIH,ID,ANM,WE,Federal Contract Tower,0,11,16,0,27,0,0,34,0,34,0,11,50,0,61,68,0,68,129
11/13/2018,PIH,ID,ANM,WE,Federal Contract Tower,0,13,6,0,19,0,6,29,0,35,0,19,35,0,54,26,0,26,80
11/14/2018,PIH,ID,ANM,WE,Federal Contract Tower,0,15,15,0,30,0,3,40,0,43,0,18,55,0,73,32,0,32,105
11/15/2018,PIH,ID,ANM,WE,Federal Contract Tower,0,12,10,0,22,0,0,29,0,29,0,12,39,0,51,4,0,4,55
11/16/2018,PIH,ID,ANM,WE,Federal Contract Tower,0,14,7,0,21,0,0,38,0,38,0,14,45,0,59,26,0,26,85
11/17/2018,PIH,ID,ANM,WE,Federal Contract Tower,0,12,7,0,19,0,2,22,0,24,0,14,29,0,43,66,0,66,109
11/18/2018,PIH,ID,ANM,WE,Federal Contract Tower,0,6,3,0,9,0,1,8,4,13,0,7,11,4,22,34,0,34,56
11/19/2018,PIH,ID,ANM,WE,Federal Contract Tower,0,9,6,0,15,0,0,31,0,31,0,9,37,0,46,42,0,42,88
11/20/2018,PIH,ID,ANM,WE,Federal Contract Tower,0,22,5,0,27,0,2,41,0,43,0,24,46,0,70,18,0,18,88
11/21/2018,PIH,ID,ANM,WE,Federal Contract Tower,0,15,2,0,17,0,3,34,0,37,0,18,36,0,54,13,0,13,67
11/22/2018,PIH,ID,ANM,WE,Federal Contract Tower,0,10,0,0,10,0,0,5,0,5,0,10,5,0,15,0,0,0,15
11/23/2018,PIH,ID,ANM,WE,Federal Contract Tower,0,12,1,0,13,0,0,2,0,2,0,12,3,0,15,12,0,12,27
11/24/2018,PIH,ID,ANM,WE,Federal Contract Tower,0,12,2,0,14,0,2,13,0,15,0,14,15,0,29,22,0,22,51
11/25/2018,PIH,ID,ANM,WE,Federal Contract Tower,0,9,3,0,12,0,0,44,0,44,0,9,47,0,56,28,0,28,84
11/26/2018,PIH,ID,ANM,WE,Federal Contract Tower,0,13,15,0,28,0,1,43,0,44,0,14,58,0,72,22,0,22,94
11/27/2018,PIH,ID,ANM,WE,Federal Contract Tower,0,14,0,0,14,0,0,16,0,16,0,14,16,0,30,14,0,14,44
11/28/2018,PIH,ID,ANM,WE,Federal Contract Tower,0,12,1,0,13,0,1,12,0,13,0,13,13,0,26,14,0,14,40
11/29/2018,PIH,ID,ANM,WE,Federal Contract Tower,0,21,5,0,26,0,2,9,0,11,0,23,14,0,37,18,0,18,55
11/30/2018,PIH,ID,ANM,WE,Federal Contract Tower,0,16,0,0,16,0,0,0,0,0,0,16,0,0,16,0,0,0,16
12/01/2018,PIH,ID,ANM,WE,Federal Contract Tower,0,10,1,0,11,0,0,3,0,3,0,10,4,0,14,0,0,0,14
12/02/2018,PIH,ID,ANM,WE,Federal Contract Tower,0,7,2,0,9,0,0,4,0,4,0,7,6,0,13,0,0,0,13
12/03/2018,PIH,ID,ANM,WE,Federal Contract Tower,0,13,4,0,17,0,0,0,0,0,0,13,4,0,17,0,0,0,17
12/04/2018,PIH,ID,ANM,WE,Federal Contract Tower,0,14,2,4,20,0,0,41,0,41,0,14,43,4,61,4,0,4,65
12/05/2018,PIH,ID,ANM,WE,Federal Contract Tower,0,18,8,0,26,0,2,21,0,23,0,20,29,0,49,2,0,2,51
12/06/2018,PIH,ID,ANM,WE,Federal Contract Tower,0,13,4,2,19,0,1,21,0,22,0,14,25,2,41,18,0,18,59
12/07/2018,PIH,ID,ANM,WE,Federal Contract Tower,0,7,3,2,12,0,0,19,0,19,0,7,22,2,31,74,0,74,105
12/08/2018,PIH,ID,ANM,WE,Federal Contract Tower,0,7,7,2,16,0,0,22,0,22,0,7,29,2,38,76,0,76,114
12/09/2018,PIH,ID,ANM,WE,Federal Contract Tower,0,5,2,0,7,0,0,11,0,11,0,5,13,0,18,8,0,8,26
12/10/2018,PIH,ID,ANM,WE,Federal Contract Tower,0,10,4,0,14,0,0,12,0,12,0,10,16,0,26,56,0,56,82
12/11/2018,PIH,ID,ANM,WE,Federal Contract Tower,0,15,6,0,21,0,0,9,0,9,0,15,15,0,30,26,0,26,56
12/12/2018,PIH,ID,ANM,WE,Federal Contract Tower,0,11,3,0,14,0,0,9,0,9,0,11,12,0,23,12,0,12,35
12/13/2018,PIH,ID,ANM,WE,Federal Contract Tower,0,18,7,0,25,0,0,28,0,28,0,18,35,0,53,26,0,26,79
12/14/2018,PIH,ID,ANM,WE,Federal Contract Tower,0,20,6,0,26,0,0,39,0,39,0,20,45,0,65,46,0,46,111
12/15/2018,PIH,ID,ANM,WE,Federal Contract Tower,0,13,6,0,19,0,2,32,0,34,0,15,38,0,53,20,0,20,73
12/16/2018,PIH,ID,ANM,WE,Federal Contract Tower,0,6,3,0,9,0,1,13,0,14,0,7,16,0,23,28,0,28,51
12/17/2018,PIH,ID,ANM,WE,Federal Contract Tower,0,14,6,0,20,0,0,35,0,35,0,14,41,0,55,0,0,0,55
12/18/2018,PIH,ID,ANM,WE,Federal Contract Tower,0,15,2,0,17,0,7,33,4,44,0,22,35,4,61,46,0,46,107
12/19/2018,PIH,ID,ANM,WE,Federal Contract Tower,0,17,8,8,33,0,2,18,0,20,0,19,26,8,53,12,0,12,65
12/20/2018,PIH,ID,ANM,WE,Federal Contract Tower,0,17,3,0,20,0,1,44,0,45,0,18,47,0,65,16,0,16,81
12/21/2018,PIH,ID,ANM,WE,Federal Contract Tower,0,16,5,0,21,0,0,8,0,8,0,16,13,0,29,16,0,16,45
12/22/2018,PIH,ID,ANM,WE,Federal Contract Tower,0,16,6,0,22,0,3,13,0,16,0,19,19,0,38,0,0,0,38
12/23/2018,PIH,ID,ANM,WE,Federal Contract Tower,0,7,0,0,7,0,0,0,0,0,0,7,0,0,7,0,0,0,7
12/24/2018,PIH,ID,ANM,WE,Federal Contract Tower,0,12,0,0,12,0,0,0,0,0,0,12,0,0,12,0,0,0,12
12/25/2018,PIH,ID,ANM,WE,Federal Contract Tower,0,6,0,0,6,0,0,0,0,0,0,6,0,0,6,0,0,0,6
12/26/2018,PIH,ID,ANM,WE,Federal Contract Tower,0,15,0,0,15,0,0,5,0,5,0,15,5,0,20,0,0,0,20
12/27/2018,PIH,ID,ANM,WE,Federal Contract Tower,0,14,2,0,16,0,0,0,0,0,0,14,2,0,16,0,0,0,16
12/28/2018,PIH,ID,ANM,WE,Federal Contract Tower,0,11,0,0,11,0,0,1,0,1,0,11,1,0,12,0,0,0,12
12/29/2018,PIH,ID,ANM,WE,Federal Contract Tower,0,10,3,0,13,0,0,0,0,0,0,10,3,0,13,0,0,0,13
12/30/2018,PIH,ID,ANM,WE,Federal Contract Tower,0,8,0,0,8,0,0,0,0,0,0,8,0,0,8,0,0,0,8
12/31/2018,PIH,ID,ANM,WE,Federal Contract Tower,0,14,2,0,16,0,0,10,0,10,0,14,12,0,26,0,0,0,26
01/01/2019,PIH,ID,ANM,WE,Federal Contract Tower,0,11,4,0,15,0,0,10,0,10,0,11,14,0,25,0,0,0,25
01/02/2019,PIH,ID,ANM,WE,Federal Contract Tower,0,14,6,0,20,0,7,22,0,29,0,21,28,0,49,0,0,0,49
01/03/2019,PIH,ID,ANM,WE,Federal Contract Tower,0,18,2,0,20,0,0,21,0,21,0,18,23,0,41,0,0,0,41
01/04/2019,PIH,ID,ANM,WE,Federal Contract Tower,0,14,5,0,19,0,1,34,0,35,0,15,39,0,54,8,0,8,62
01/05/2019,PIH,ID,ANM,WE,Federal Contract Tower,0,8,2,0,10,0,3,13,0,16,0,11,15,0,26,26,0,26,52
01/06/2019,PIH,ID,ANM,WE,Federal Contract Tower,0,8,1,0,9,0,0,3,0,3,0,8,4,0,12,0,0,0,12
01/07/2019,PIH,ID,ANM,WE,Federal Contract Tower,0,12,4,0,16,0,0,0,0,0,0,12,4,0,16,0,0,0,16
01/08/2019,PIH,ID,ANM,WE,Federal Contract Tower,0,12,7,0,19,0,2,50,0,52,0,14,57,0,71,72,0,72,143
01/09/2019,PIH,ID,ANM,WE,Federal Contract Tower,0,12,6,0,18,0,0,37,0,37,0,12,43,0,55,22,0,22,77
01/10/2019,PIH,ID,ANM,WE,Federal Contract Tower,0,14,2,0,16,0,0,0,0,0,0,14,2,0,16,0,0,0,16
01/11/2019,PIH,ID,ANM,WE,Federal Contract Tower,0,15,2,0,17,0,0,0,0,0,0,15,2,0,17,0,0,0,17
01/12/2019,PIH,ID,ANM,WE,Federal Contract Tower,0,9,10,0,19,0,0,0,0,0,0,9,10,0,19,0,0,0,19
01/13/2019,PIH,ID,ANM,WE,Federal Contract Tower,0,6,3,0,9,0,0,11,0,11,0,6,14,0,20,18,0,18,38
01/14/2019,PIH,ID,ANM,WE,Federal Contract Tower,0,11,14,0,25,0,0,49,0,49,0,11,63,0,74,84,0,84,158
01/15/2019,PIH,ID,ANM,WE,Federal Contract Tower,0,16,2,0,18,0,1,23,0,24,0,17,25,0,42,52,0,52,94
01/16/2019,PIH,ID,ANM,WE,Federal Contract Tower,0,18,5,0,23,0,0,0,0,0,0,18,5,0,23,0,0,0,23
01/17/2019,PIH,ID,ANM,WE,Federal Contract Tower,0,13,6,0,19,0,0,0,0,0,0,13,6,0,19,0,0,0,19
01/18/2019,PIH,ID,ANM,WE,Federal Contract Tower,0,16,5,0,21,0,0,5,0,5,0,16,10,0,26,22,0,22,48
01/19/2019,PIH,ID,ANM,WE,Federal Contract Tower,0,8,4,0,12,0,0,3,0,3,0,8,7,0,15,0,0,0,15
01/20/2019,PIH,ID,ANM,WE,Federal Contract Tower,0,7,0,0,7,0,0,3,0,3,0,7,3,0,10,28,0,28,38
01/21/2019,PIH,ID,ANM,WE,Federal Contract Tower,0,12,2,0,14,0,0,5,0,5,0,12,7,0,19,20,0,20,39
01/22/2019,PIH,ID,ANM,WE,Federal Contract Tower,0,20,11,0,31,0,0,17,0,17,0,20,28,0,48,70,0,70,118
01/23/2019,PIH,ID,ANM,WE,Federal Contract Tower,0,12,7,0,19,0,12,0,0,12,0,24,7,0,31,24,0,24,55
01/24/2019,PIH,ID,ANM,WE,Federal Contract Tower,0,16,1,0,17,0,4,7,0,11,0,20,8,0,28,8,0,8,36
01/25/2019,PIH,ID,ANM,WE,Federal Contract Tower,2,14,1,0,17,0,0,8,4,12,2,14,9,4,29,0,0,0,29
01/26/2019,PIH,ID,ANM,WE,Federal Contract Tower,0,12,11,0,23,0,0,55,0,55,0,12,66,0,78,84,0,84,162
01/27/2019,PIH,ID,ANM,WE,Federal Contract Tower,0,5,2,0,7,0,0,24,0,24,0,5,26,0,31,0,0,0,31
01/28/2019,PIH,ID,ANM,WE,Federal Contract Tower,0,10,7,0,17,0,0,33,0,33,0,10,40,0,50,42,0,42,92
01/29/2019,PIH,ID,ANM,WE,Federal Contract Tower,0,14,13,0,27,0,1,47,0,48,0,15,60,0,75,80,0,80,155
01/30/2019,PIH,ID,ANM,WE,Federal Contract Tower,0,11,17,0,28,0,0,60,1,61,0,11,77,1,89,115,0,115,204
01/31/2019,PIH,ID,ANM,WE,Federal Contract Tower,0,14,6,0,20,0,0,30,1,31,0,14,36,1,51,10,0,10,61
02/01/2019,PIH,ID,ANM,WE,Federal Contract Tower,0,12,5,0,17,0,0,38,0,38,0,12,43,0,55,16,0,16,71
02/02/2019,PIH,ID,ANM,WE,Federal Contract Tower,0,9,5,0,14,0,0,10,0,10,0,9,15,0,24,18,0,18,42
02/03/2019,PIH,ID,ANM,WE,Federal Contract Tower,0,8,0,0,8,0,0,2,0,2,0,8,2,0,10,4,0,4,14
02/04/2019,PIH,ID,ANM,WE,Federal Contract Tower,0,9,6,0,15,0,0,9,0,9,0,9,15,0,24,22,0,22,46
02/05/2019,PIH,ID,ANM,WE,Federal Contract Tower,0,13,2,0,15,0,0,4,0,4,0,13,6,0,19,0,0,0,19
02/06/2019,PIH,ID,ANM,WE,Federal Contract Tower,0,14,0,0,14,0,0,0,0,0,0,14,0,0,14,0,0,0,14
02/07/2019,PIH,ID,ANM,WE,Federal Contract Tower,0,13,5,0,18,0,0,23,0,23,0,13,28,0,41,24,0,24,65
02/08/2019,PIH,ID,ANM,WE,Federal Contract Tower,0,12,4,2,18,0,3,22,0,25,0,15,26,2,43,22,0,22,65
02/09/2019,PIH,ID,ANM,WE,Federal Contract Tower,0,10,2,0,12,0,0,11,0,11,0,10,13,0,23,0,0,0,23
02/10/2019,PIH,ID,ANM,WE,Federal Contract Tower,0,7,0,0,7,0,4,0,0,4,0,11,0,0,11,0,0,0,11
02/11/2019,PIH,ID,ANM,WE,Federal Contract Tower,0,12,2,0,14,0,0,0,0,0,0,12,2,0,14,0,0,0,14
02/12/2019,PIH,ID,ANM,WE,Federal Contract Tower,0,10,6,0,16,0,1,20,0,21,0,11,26,0,37,18,0,18,55
02/13/2019,PIH,ID,ANM,WE,Federal Contract Tower,0,15,6,0,21,0,0,0,0,0,0,15,6,0,21,0,0,0,21
02/14/2019,PIH,ID,ANM,WE,Federal Contract Tower,0,14,4,0,18,0,0,0,0,0,0,14,4,0,18,0,0,0,18
02/15/2019,PIH,ID,ANM,WE,Federal Contract Tower,0,14,5,0,19,0,2,2,0,4,0,16,7,0,23,26,0,26,49
02/16/2019,PIH,ID,ANM,WE,Federal Contract Tower,0,13,5,0,18,0,0,6,0,6,0,13,11,0,24,0,0,0,24
02/17/2019,PIH,ID,ANM,WE,Federal Contract Tower,0,8,2,0,10,0,0,12,0,12,0,8,14,0,22,0,0,0,22
02/18/2019,PIH,ID,ANM,WE,Federal Contract Tower,0,14,4,0,18,0,0,15,0,15,0,14,19,0,33,34,0,34,67
02/19/2019,PIH,ID,ANM,WE,Federal Contract Tower,0,15,13,0,28,0,0,13,0,13,0,15,26,0,41,58,0,58,99
02/20/2019,PIH,ID,ANM,WE,Federal Contract Tower,0,14,1,0,15,0,0,0,0,0,0,14,1,0,15,0,0,0,15
02/21/2019,PIH,ID,ANM,WE,Federal Contract Tower,0,18,5,0,23,0,0,17,0,17,0,18,22,0,40,12,0,12,52
02/22/2019,PIH,ID,ANM,WE,Federal Contract Tower,0,12,5,0,17,0,0,9,0,9,0,12,14,0,26,20,0,20,46
02/23/2019,PIH,ID,ANM,WE,Federal Contract Tower,0,8,7,0,15,0,0,4,0,4,0,8,11,0,19,0,0,0,19
02/24/2019,PIH,ID,ANM,WE,Federal Contract Tower,0,11,4,0,15,0,0,9,0,9,0,11,13,0,24,26,0,26,50
02/25/2019,PIH,ID,ANM,WE,Federal Contract Tower,0,14,1,0,15,0,0,14,0,14,0,14,15,0,29,34,0,34,63
02/26/2019,PIH,ID,ANM,WE,Federal Contract Tower,0,16,3,7,26,0,0,2,0,2,0,16,5,7,28,12,10,22,50
02/27/2019,PIH,ID,ANM,WE,Federal Contract Tower,0,14,3,2,19,0,0,5,0,5,0,14,8,2,24,0,0,0,24
02/28/2019,PIH,ID,ANM,WE,Federal Contract Tower,0,13,4,0,17,0,0,8,0,8,0,13,12,0,25,0,0,0,25
03/01/2019,PIH,ID,ANM,WE,Federal Contract Tower,0,20,2,0,22,0,0,48,0,48,0,20,50,0,70,44,0,44,114
03/02/2019,PIH,ID,ANM,WE,Federal Contract Tower,0,12,0,0,12,0,0,30,0,30,0,12,30,0,42,64,0,64,106
03/03/2019,PIH,ID,ANM,WE,Federal Contract Tower,0,8,5,0,13,0,0,15,0,15,0,8,20,0,28,26,0,26,54
03/04/2019,PIH,ID,ANM,WE,Federal Contract Tower,0,15,7,0,22,0,6,43,0,49,0,21,50,0,71,8,0,8,79
03/05/2019,PIH,ID,ANM,WE,Federal Contract Tower,0,15,5,0,20,0,1,33,2,36,0,16,38,2,56,38,0,38,94
03/06/2019,PIH,ID,ANM,WE,Federal Contract Tower,0,13,0,0,13,0,0,14,0,14,0,13,14,0,27,8,0,8,35
03/07/2019,PIH,ID,ANM,WE,Federal Contract Tower,0,11,1,0,12,0,2,11,0,13,0,13,12,0,25,25,0,25,50
03/08/2019,PIH,ID,ANM,WE,Federal Contract Tower,0,15,0,0,15,0,0,6,0,6,0,15,6,0,21,26,0,26,47
03/09/2019,PIH,ID,ANM,WE,Federal Contract Tower,0,7,1,5,13,0,4,47,10,61,0,11,48,15,74,66,10,76,150
03/10/2019,PIH,ID,ANM,WE,Federal Contract Tower,0,7,1,0,8,0,0,19,0,19,0,7,20,0,27,86,0,86,113
03/11/2019,PIH,ID,ANM,WE,Federal Contract Tower,1,10,15,0,26,0,2,53,0,55,1,12,68,0,81,54,0,54,135
03/12/2019,PIH,ID,ANM,WE,Federal Contract Tower,0,12,6,0,18,0,0,36,0,36,0,12,42,0,54,30,0,30,84
03/13/2019,PIH,ID,ANM,WE,Federal Contract Tower,1,12,4,0,17,0,0,0,0,0,1,12,4,0,17,0,0,0,17
03/14/2019,PIH,ID,ANM,WE,Federal Contract Tower,0,14,18,0,32,0,2,71,0,73,0,16,89,0,105,60,0,60,165
03/15/2019,PIH,ID,ANM,WE,Federal Contract Tower,0,15,6,0,21,0,0,46,0,46,0,15,52,0,67,14,0,14,81
03/16/2019,PIH,ID,ANM,WE,Federal Contract Tower,0,7,4,0,11,0,5,62,0,67,0,12,66,0,78,66,0,66,144
03/17/2019,PIH,ID,ANM,WE,Federal Contract Tower,0,12,1,0,13,0,0,13,0,13,0,12,14,0,26,0,0,0,26
03/18/2019,PIH,ID,ANM,WE,Federal Contract Tower,0,19,2,0,21,0,1,48,0,49,0,20,50,0,70,28,0,28,98
03/19/2019,PIH,ID,ANM,WE,Federal Contract Tower,0,15,2,0,17,0,2,43,0,45,0,17,45,0,62,88,0,88,150
03/20/2019,PIH,ID,ANM,WE,Federal Contract Tower,0,14,4,0,18,0,1,47,0,48,0,15,51,0,66,62,0,62,128
03/21/2019,PIH,ID,ANM,WE,Federal Contract Tower,0,18,1,0,19,0,0,23,0,23,0,18,24,0,42,23,0,23,65
03/22/2019,PIH,ID,ANM,WE,Federal Contract Tower,0,13,0,0,13,0,0,18,0,18,0,13,18,0,31,32,0,32,63
03/23/2019,PIH,ID,ANM,WE,Federal Contract Tower,0,14,4,0,18,0,2,7,0,9,0,16,11,0,27,18,0,18,45
03/24/2019,PIH,ID,ANM,WE,Federal Contract Tower,0,7,0,0,7,0,0,0,0,0,0,7,0,0,7,0,0,0,7
03/25/2019,PIH,ID,ANM,WE,Federal Contract Tower,0,11,12,0,23,0,1,45,0,46,0,12,57,0,69,88,0,88,157
03/26/2019,PIH,ID,ANM,WE,Federal Contract Tower,0,14,7,2,23,0,1,78,0,79,0,15,85,2,102,78,0,78,180
03/27/2019,PIH,ID,ANM,WE,Federal Contract Tower,0,13,0,0,13,0,0,32,0,32,0,13,32,0,45,92,0,92,137
03/28/2019,PIH,ID,ANM,WE,Federal Contract Tower,0,20,13,0,33,0,2,10,0,12,0,22,23,0,45,20,0,20,65
03/29/2019,PIH,ID,ANM,WE,Federal Contract Tower,0,18,3,0,21,0,0,0,0,0,0,18,3,0,21,0,0,0,21
03/30/2019,PIH,ID,ANM,WE,Federal Contract Tower,0,11,3,0,14,0,2,45,0,47,0,13,48,0,61,48,0,48,109
03/31/2019,PIH,ID,ANM,WE,Federal Contract Tower,0,5,3,2,10,0,0,29,0,29,0,5,32,2,39,50,0,50,89
04/01/2019,PIH,ID,ANM,WE,Federal Contract Tower,0,12,2,0,14,0,1,39,0,40,0,13,41,0,54,74,0,74,128
04/02/2019,PIH,ID,ANM,WE,Federal Contract Tower,0,13,4,0,17,0,1,20,0,21,0,14,24,0,38,60,0,60,98
04/03/2019,PIH,ID,ANM,WE,Federal Contract Tower,0,10,7,0,17,0,0,9,0,9,0,10,16,0,26,48,0,48,74
04/04/2019,PIH,ID,ANM,WE,Federal Contract Tower,0,12,4,0,16,0,1,42,0,43,0,13,46,0,59,28,0,28,87
04/05/2019,PIH,ID,ANM,WE,Federal Contract Tower,0,13,4,0,17,0,0,12,0,12,0,13,16,0,29,26,0,26,55
04/06/2019,PIH,ID,ANM,WE,Federal Contract Tower,0,7,9,0,16,0,0,42,0,42,0,7,51,0,58,28,0,28,86
04/07/2019,PIH,ID,ANM,WE,Federal Contract Tower,0,5,1,0,6,0,0,12,2,14,0,5,13,2,20,0,0,0,20
04/08/2019,PIH,ID,ANM,WE,Federal Contract Tower,0,9,7,2,18,0,0,31,0,31,0,9,38,2,49,28,0,28,77
04/09/2019,PIH,ID,ANM,WE,Federal Contract Tower,2,11,2,0,15,0,0,0,0,0,2,11,2,0,15,0,0,0,15
04/10/2019,PIH,ID,ANM,WE,Federal Contract Tower,0,12,5,2,19,0,0,10,0,10,0,12,15,2,29,34,0,34,63
04/11/2019,PIH,ID,ANM,WE,Federal Contract Tower,0,12,9,0,21,0,0,15,2,17,0,12,24,2,38,16,0,16,54
04/12/2019,PIH,ID,ANM,WE,Federal Contract Tower,0,13,3,0,16,0,0,14,0,14,0,13,17,0,30,54,0,54,84
04/13/2019,PIH,ID,ANM,WE,Federal Contract Tower,0,8,3,0,11,0,2,21,2,25,0,10,24,2,36,70,0,70,106
04/14/2019,PIH,ID,ANM,WE,Federal Contract Tower,0,5,0,0,5,0,0,14,0,14,0,5,14,0,19,8,0,8,27
04/15/2019,PIH,ID,ANM,WE,Federal Contract Tower,0,12,7,0,19,0,0,22,0,22,0,12,29,0,41,34,0,34,75
04/16/2019,PIH,ID,ANM,WE,Federal Contract Tower,0,14,9,0,23,0,0,3,0,3,0,14,12,0,26,0,0,0,26
04/17/2019,PIH,ID,ANM,WE,Federal Contract Tower,0,13,2,0,15,0,0,35,2,37,0,13,37,2,52,20,0,20,72
04/18/2019,PIH,ID,ANM,WE,Federal Contract Tower,0,16,14,0,30,0,6,75,0,81,0,22,89,0,111,52,0,52,163
04/19/2019,PIH,ID,ANM,WE,Federal Contract Tower,0,13,5,0,18,0,0,67,0,67,0,13,72,0,85,72,0,72,157
04/20/2019,PIH,ID,ANM,WE,Federal Contract Tower,0,9,1,0,10,0,0,27,0,27,0,9,28,0,37,34,0,34,71
04/21/2019,PIH,ID,ANM,WE,Federal Contract Tower,0,5,3,0,8,0,0,1,0,1,0,5,4,0,9,0,0,0,9
04/22/2019,PIH,ID,ANM,WE,Federal Contract Tower,0,11,11,0,22,0,0,57,0,57,0,11,68,0,79,56,0,56,135
04/23/2019,PIH,ID,ANM,WE,Federal Contract Tower,0,11,12,0,23,0,0,51,0,51,0,11,63,0,74,8,0,8,82
04/24/2019,PIH,ID,ANM,WE,Federal Contract Tower,0,16,3,0,19,0,3,41,0,44,0,19,44,0,63,42,0,42,105
04/25/2019,PIH,ID,ANM,WE,Federal Contract Tower,0,15,15,0,30,0,4,47,0,51,0,19,62,0,81,40,0,40,121
04/26/2019,PIH,ID,ANM,WE,Federal Contract Tower,0,15,7,0,22,0,0,10,0,10,0,15,17,0,32,0,0,0,32
04/27/2019,PIH,ID,ANM,WE,Federal Contract Tower,0,7,2,0,9,0,2,18,0,20,0,9,20,0,29,50,0,50,79
04/28/2019,PIH,ID,ANM,WE,Federal Contract Tower,0,8,7,0,15,0,0,30,0,30,0,8,37,0,45,12,0,12,57
04/29/2019,PIH,ID,ANM,WE,Federal Contract Tower,0,12,10,0,22,0,1,52,0,53,0,13,62,0,75,35,0,35,110
04/30/2019,PIH,ID,ANM,WE,Federal Contract Tower,0,20,2,0,22,0,1,40,0,41,0,21,42,0,63,0,0,0,63
05/01/2019,PIH,ID,ANM,WE,Federal Contract Tower,0,11,2,0,13,0,0,38,0,38,0,11,40,0,51,54,0,54,105
05/02/2019,PIH,ID,ANM,WE,Federal Contract Tower,0,16,6,0,22,0,0,22,0,22,0,16,28,0,44,26,0,26,70
05/03/2019,PIH,ID,ANM,WE,Federal Contract Tower,0,16,9,0,25,0,2,43,0,45,0,18,52,0,70,80,0,80,150
05/04/2019,PIH,ID,ANM,WE,Federal Contract Tower,0,6,10,0,16,0,4,48,0,52,0,10,58,0,68,104,0,104,172
05/05/2019,PIH,ID,ANM,WE,Federal Contract Tower,0,9,5,0,14,0,0,29,0,29,0,9,34,0,43,28,0,28,71
05/06/2019,PIH,ID,ANM,WE,Federal Contract Tower,6,15,7,0,28,0,0,38,0,38,6,15,45,0,66,66,0,66,132
05/07/2019,PIH,ID,ANM,WE,Federal Contract Tower,2,11,6,0,19,0,13,31,0,44,2,24,37,0,63,43,0,43,106
05/08/2019,PIH,ID,ANM,WE,Federal Contract Tower,0,15,6,0,21,0,10,18,2,30,0,25,24,2,51,2,0,2,53
05/09/2019,PIH,ID,ANM,WE,Federal Contract Tower,0,13,5,0,18,0,8,23,0,31,0,21,28,0,49,54,0,54,103
05/10/2019,PIH,ID,ANM,WE,Federal Contract Tower,1,13,15,0,29,0,1,55,0,56,1,14,70,0,85,34,0,34,119
05/11/2019,PIH,ID,ANM,WE,Federal Contract Tower,0,9,10,0,19,0,0,56,0,56,0,9,66,0,75,74,0,74,149
05/12/2019,PIH,ID,ANM,WE,Federal Contract Tower,0,9,7,0,16,0,0,37,0,37,0,9,44,0,53,0,0,0,53
05/13/2019,PIH,ID,ANM,WE,Federal Contract Tower,0,11,8,2,21,0,1,23,0,24,0,12,31,2,45,6,0,6,51
05/14/2019,PIH,ID,ANM,WE,Federal Contract Tower,2,12,4,0,18,0,3,48,0,51,2,15,52,0,69,28,0,28,97
05/15/2019,PIH,ID,ANM,WE,Federal Contract Tower,0,14,8,0,22,0,0,33,0,33,0,14,41,0,55,28,0,28,83
05/16/2019,PIH,ID,ANM,WE,Federal Contract Tower,0,13,3,0,16,0,2,18,0,20,0,15,21,0,36,0,0,0,36
05/17/2019,PIH,ID,ANM,WE,Federal Contract Tower,0,17,2,0,19,0,0,11,0,11,0,17,13,0,30,48,0,48,78
05/18/2019,PIH,ID,ANM,WE,Federal Contract Tower,0,9,7,0,16,0,2,12,0,14,0,11,19,0,30,22,0,22,52
05/19/2019,PIH,ID,ANM,WE,Federal Contract Tower,0,9,4,0,13,0,0,2,0,2,0,9,6,0,15,62,0,62,77
05/20/2019,PIH,ID,ANM,WE,Federal Contract Tower,0,15,2,0,17,0,0,6,0,6,0,15,8,0,23,30,0,30,53
05/21/2019,PIH,ID,ANM,WE,Federal Contract Tower,0,14,4,8,26,0,1,7,0,8,0,15,11,8,34,26,0,26,60
05/22/2019,PIH,ID,ANM,WE,Federal Contract Tower,0,14,2,0,16,0,1,25,0,26,0,15,27,0,42,38,0,38,80
05/23/2019,PIH,ID,ANM,WE,Federal Contract Tower,0,13,2,0,15,0,2,14,0,16,0,15,16,0,31,12,0,12,43
05/24/2019,PIH,ID,ANM,WE,Federal Contract Tower,0,11,2,1,14,0,0,20,0,20,0,11,22,1,34,34,0,34,68
05/25/2019,PIH,ID,ANM,WE,Federal Contract Tower,0,10,3,0,13,0,1,18,0,19,0,11,21,0,32,26,0,26,58
05/26/2019,PIH,ID,ANM,WE,Federal Contract Tower,0,8,5,0,13,0,0,6,0,6,0,8,11,0,19,30,0,30,49
05/27/2019,PIH,ID,ANM,WE,Federal Contract Tower,0,5,3,0,8,0,0,15,0,15,0,5,18,0,23,4,0,4,27
05/28/2019,PIH,ID,ANM,WE,Federal Contract Tower,0,10,8,0,18,0,4,25,0,29,0,14,33,0,47,12,0,12,59
05/29/2019,PIH,ID,ANM,WE,Federal Contract Tower,0,14,15,0,29,0,0,73,0,73,0,14,88,0,102,10,0,10,112
05/30/2019,PIH,ID,ANM,WE,Federal Contract Tower,0,11,13,0,24,0,0,67,0,67,0,11,80,0,91,52,0,52,143
05/31/2019,PIH,ID,ANM,WE,Federal Contract Tower,13,11,0,0,24,0,0,38,0,38,13,11,38,0,62,40,0,40,102
06/01/2019,PIH,ID,ANM,WE,Federal Contract Tower,0,8,6,0,14,0,0,45,0,45,0,8,51,0,59,24,0,24,83
06/02/2019,PIH,ID,ANM,WE,Federal Contract Tower,0,8,4,0,12,0,0,24,0,24,0,8,28,0,36,0,0,0,36
06/03/2019,PIH,ID,ANM,WE,Federal Contract Tower,0,8,15,0,23,0,0,25,0,25,0,8,40,0,48,16,0,16,64
06/04/2019,PIH,ID,ANM,WE,Federal Contract Tower,0,13,17,0,30,0,0,59,0,59,0,13,76,0,89,14,0,14,103
06/05/2019,PIH,ID,ANM,WE,Federal Contract Tower,0,13,10,0,23,0,0,54,0,54,0,13,64,0,77,40,0,40,117
06/06/2019,PIH,ID,ANM,WE,Federal Contract Tower,0,15,5,0,20,0,0,20,0,20,0,15,25,0,40,28,0,28,68
06/07/2019,PIH,ID,ANM,WE,Federal Contract Tower,1,13,7,0,21,0,1,15,0,16,1,14,22,0,37,22,0,22,59
06/08/2019,PIH,ID,ANM,WE,Federal Contract Tower,1,7,8,0,16,0,0,31,4,35,1,7,39,4,51,30,0,30,81
06/09/2019,PIH,ID,ANM,WE,Federal Contract Tower,0,7,8,0,15,0,0,62,0,62,0,7,70,0,77,6,0,6,83
06/10/2019,PIH,ID,ANM,WE,Federal Contract Tower,0,14,6,0,20,0,5,55,0,60,0,19,61,0,80,36,0,36,116
06/11/2019,PIH,ID,ANM,WE,Federal Contract Tower,0,13,5,0,18,0,7,47,2,56,0,20,52,2,74,46,0,46,120
06/12/2019,PIH,ID,ANM,WE,Federal Contract Tower,0,17,10,0,27,0,0,48,0,48,0,17,58,0,75,28,0,28,103
06/13/2019,PIH,ID,ANM,WE,Federal Contract Tower,0,16,0,0,16,0,0,25,0,25,0,16,25,0,41,0,0,0,41
06/14/2019,PIH,ID,ANM,WE,Federal Contract Tower,0,22,2,0,24,0,0,34,0,34,0,22,36,0,58,22,0,22,80
06/15/2019,PIH,ID,ANM,WE,Federal Contract Tower,0,9,10,0,19,0,0,51,0,51,0,9,61,0,70,48,0,48,118
06/16/2019,PIH,ID,ANM,WE,Federal Contract Tower,0,9,2,0,11,0,2,23,0,25,0,11,25,0,36,8,0,8,44
06/17/2019,PIH,ID,ANM,WE,Federal Contract Tower,0,13,11,0,24,0,0,24,0,24,0,13,35,0,48,21,0,21,69
06/18/2019,PIH,ID,ANM,WE,Federal Contract Tower,0,14,8,0,22,0,0,39,0,39,0,14,47,0,61,20,0,20,81
06/19/2019,PIH,ID,ANM,WE,Federal Contract Tower,0,13,5,0,18,0,0,13,0,13,0,13,18,0,31,0,0,0,31
06/20/2019,PIH,ID,ANM,WE,Federal Contract Tower,0,13,5,0,18,0,0,19,0,19,0,13,24,0,37,0,0,0,37
06/21/2019,PIH,ID,ANM,WE,Federal Contract Tower,0,13,6,0,19,0,0,41,0,41,0,13,47,0,60,4,0,4,64
06/22/2019,PIH,ID,ANM,WE,Federal Contract Tower,0,8,4,0,12,0,2,65,2,69,0,10,69,2,81,16,0,16,97
06/23/2019,PIH,ID,ANM,WE,Federal Contract Tower,0,5,4,0,9,0,0,27,0,27,0,5,31,0,36,18,0,18,54
06/24/2019,PIH,ID,ANM,WE,Federal Contract Tower,0,9,10,2,21,0,1,42,0,43,0,10,52,2,64,0,0,0,64
06/25/2019,PIH,ID,ANM,WE,Federal Contract Tower,0,13,8,0,21,0,0,44,0,44,0,13,52,0,65,12,0,12,77
06/26/2019,PIH,ID,ANM,WE,Federal Contract Tower,0,17,6,0,23,0,0,27,0,27,0,17,33,0,50,38,0,38,88
06/27/2019,PIH,ID,ANM,WE,Federal Contract Tower,0,14,11,0,25,0,0,46,0,46,0,14,57,0,71,34,0,34,105
06/28/2019,PIH,ID,ANM,WE,Federal Contract Tower,0,13,7,2,22,0,3,44,0,47,0,16,51,2,69,26,0,26,95
06/29/2019,PIH,ID,ANM,WE,Federal Contract Tower,0,9,5,0,14,0,0,38,0,38,0,9,43,0,52,12,0,12,64
06/30/2019,PIH,ID,ANM,WE,Federal Contract Tower,0,8,8,0,16,0,0,13,0,13,0,8,21,0,29,8,0,8,37
07/01/2019,PIH,ID,ANM,WE,Federal Contract Tower,0,11,13,0,24,0,1,42,0,43,0,12,55,0,67,20,0,20,87
07/02/2019,PIH,ID,ANM,WE,Federal Contract Tower,0,17,8,0,25,0,0,46,0,46,0,17,54,0,71,8,0,8,79
07/03/2019,PIH,ID,ANM,WE,Federal Contract Tower,0,15,10,0,25,0,2,41,0,43,0,17,51,0,68,34,0,34,102
07/04/2019,PIH,ID,ANM,WE,Federal Contract Tower,0,6,0,0,6,0,0,12,0,12,0,6,12,0,18,0,0,0,18
07/05/2019,PIH,ID,ANM,WE,Federal Contract Tower,0,14,1,0,15,0,0,49,0,49,0,14,50,0,64,12,0,12,76
07/06/2019,PIH,ID,ANM,WE,Federal Contract Tower,0,10,3,0,13,25,60,26,0,111,25,70,29,0,124,6,0,6,130
07/07/2019,PIH,ID,ANM,WE,Federal Contract Tower,1,6,6,0,13,12,36,29,0,77,13,42,35,0,90,12,0,12,102
07/08/2019,PIH,ID,ANM,WE,Federal Contract Tower,0,13,6,0,19,0,0,26,0,26,0,13,32,0,45,8,0,8,53
07/09/2019,PIH,ID,ANM,WE,Federal Contract Tower,0,17,5,0,22,0,3,37,0,40,0,20,42,0,62,12,0,12,74
07/10/2019,PIH,ID,ANM,WE,Federal Contract Tower,0,13,12,0,25,0,5,81,0,86,0,18,93,0,111,26,0,26,137
07/11/2019,PIH,ID,ANM,WE,Federal Contract Tower,0,15,11,0,26,4,8,70,0,82,4,23,81,0,108,0,0,0,108
07/12/2019,PIH,ID,ANM,WE,Federal Contract Tower,0,14,8,0,22,0,4,47,0,51,0,18,55,0,73,32,0,32,105
07/13/2019,PIH,ID,ANM,WE,Federal Contract Tower,1,11,0,0,12,14,10,26,0,50,15,21,26,0,62,16,0,16,78
07/14/2019,PIH,ID,ANM,WE,Federal Contract Tower,0,7,3,0,10,2,3,23,0,28,2,10,26,0,38,10,0,10,48
07/15/2019,PIH,ID,ANM,WE,Federal Contract Tower,0,10,7,0,17,27,6,48,0,81,27,16,55,0,98,22,0,22,120
07/16/2019,PIH,ID,ANM,WE,Federal Contract Tower,1,14,3,2,20,8,5,49,0,62,9,19,52,2,82,58,0,58,140
07/17/2019,PIH,ID,ANM,WE,Federal Contract Tower,1,13,4,0,18,2,0,70,0,72,3,13,74,0,90,16,0,16,106
07/18/2019,PIH,ID,ANM,WE,Federal Contract Tower,0,11,10,0,21,2,1,48,0,51,2,12,58,0,72,30,0,30,102
07/19/2019,PIH,ID,ANM,WE,Federal Contract Tower,0,14,2,0,16,0,4,53,0,57,0,18,55,0,73,8,0,8,81
07/20/2019,PIH,ID,ANM,WE,Federal Contract Tower,0,10,3,0,13,0,8,83,0,91,0,18,86,0,104,22,0,22,126
07/21/2019,PIH,ID,ANM,WE,Federal Contract Tower,2,5,4,0,11,0,0,52,0,52,2,5,56,0,63,10,0,10,73
07/22/2019,PIH,ID,ANM,WE,Federal Contract Tower,0,15,7,0,22,0,20,41,0,61,0,35,48,0,83,38,0,38,121
07/23/2019,PIH,ID,ANM,WE,Federal Contract Tower,2,15,5,0,22,49,68,48,0,165,51,83,53,0,187,20,0,20,207
07/24/2019,PIH,ID,ANM,WE,Federal Contract Tower,0,12,9,0,21,3,2,41,0,46,3,14,50,0,67,34,0,34,101
07/25/2019,PIH,ID,ANM,WE,Federal Contract Tower,1,18,7,6,32,1,5,57,1,64,2,23,64,7,96,24,6,30,126
07/26/2019,PIH,ID,ANM,WE,Federal Contract Tower,0,13,7,0,20,1,4,44,0,49,1,17,51,0,69,40,0,40,109
07/27/2019,PIH,ID,ANM,WE,Federal Contract Tower,0,11,9,0,20,0,4,39,0,43,0,15,48,0,63,42,0,42,105
07/28/2019,PIH,ID,ANM,WE,Federal Contract Tower,0,5,5,0,10,0,0,28,0,28,0,5,33,0,38,20,0,20,58
07/29/2019,PIH,ID,ANM,WE,Federal Contract Tower,0,10,4,0,14,0,13,20,0,33,0,23,24,0,47,24,0,24,71
07/30/2019,PIH,ID,ANM,WE,Federal Contract Tower,0,12,15,0,27,0,0,52,0,52,0,12,67,0,79,14,0,14,93
07/31/2019,PIH,ID,ANM,WE,Federal Contract Tower,0,13,10,0,23,0,2,34,6,42,0,15,44,6,65,0,0,0,65
08/01/2019,PIH,ID,ANM,WE,Federal Contract Tower,0,13,9,0,22,0,11,47,0,58,0,24,56,0,80,20,0,20,100
08/02/2019,PIH,ID,ANM,WE,Federal Contract Tower,0,9,12,0,21,0,23,81,0,104,0,32,93,0,125,4,0,4,129
08/03/2019,PIH,ID,ANM,WE,Federal Contract Tower,2,7,10,0,19,1,6,57,0,64,3,13,67,0,83,0,0,0,83
08/04/2019,PIH,ID,ANM,WE,Federal Contract Tower,0,8,1,0,9,5,7,30,0,42,5,15,31,0,51,0,0,0,51
08/05/2019,PIH,ID,ANM,WE,Federal Contract Tower,0,13,7,4,24,16,6,33,0,55,16,19,40,4,79,44,0,44,123
08/06/2019,PIH,ID,ANM,WE,Federal Contract Tower,5,13,8,0,26,13,5,22,0,40,18,18,30,0,66,4,0,4,70
08/07/2019,PIH,ID,ANM,WE,Federal Contract Tower,4,14,19,0,37,11,2,45,0,58,15,16,64,0,95,8,0,8,103
08/08/2019,PIH,ID,ANM,WE,Federal Contract Tower,1,16,6,0,23,2,9,46,0,57,3,25,52,0,80,20,0,20,100
08/09/2019,PIH,ID,ANM,WE,Federal Contract Tower,0,13,9,0,22,6,4,53,0,63,6,17,62,0,85,20,0,20,105
08/10/2019,PIH,ID,ANM,WE,Federal Contract Tower,0,10,4,0,14,0,14,53,0,67,0,24,57,0,81,0,0,0,81
08/11/2019,PIH,ID,ANM,WE,Federal Contract Tower,0,6,0,0,6,0,9,21,0,30,0,15,21,0,36,0,0,0,36
08/12/2019,PIH,ID,ANM,WE,Federal Contract Tower,0,8,12,0,20,0,8,33,0,41,0,16,45,0,61,6,0,6,67
08/13/2019,PIH,ID,ANM,WE,Federal Contract Tower,1,9,14,0,24,0,4,54,0,58,1,13,68,0,82,18,0,18,100
08/14/2019,PIH,ID,ANM,WE,Federal Contract Tower,0,13,10,0,23,0,1,23,0,24,0,14,33,0,47,12,0,12,59
08/15/2019,PIH,ID,ANM,WE,Federal Contract Tower,0,16,8,0,24,4,16,37,0,57,4,32,45,0,81,22,0,22,103
08/16/2019,PIH,ID,ANM,WE,Federal Contract Tower,0,12,10,0,22,0,1,44,0,45,0,13,54,0,67,8,0,8,75
08/17/2019,PIH,ID,ANM,WE,Federal Contract Tower,3,7,5,0,15,16,48,46,0,110,19,55,51,0,125,0,0,0,125
08/18/2019,PIH,ID,ANM,WE,Federal Contract Tower,7,10,1,0,18,1,2,26,0,29,8,12,27,0,47,0,0,0,47
08/19/2019,PIH,ID,ANM,WE,Federal Contract Tower,0,13,6,0,19,0,3,40,0,43,0,16,46,0,62,22,0,22,84
08/20/2019,PIH,ID,ANM,WE,Federal Contract Tower,4,11,8,0,23,7,13,61,0,81,11,24,69,0,104,0,0,0,104
08/21/2019,PIH,ID,ANM,WE,Federal Contract Tower,1,14,10,0,25,4,3,52,0,59,5,17,62,0,84,30,0,30,114
08/22/2019,PIH,ID,ANM,WE,Federal Contract Tower,5,13,11,0,29,3,3,33,0,39,8,16,44,0,68,22,0,22,90
08/23/2019,PIH,ID,ANM,WE,Federal Contract Tower,0,13,10,0,23,1,2,40,0,43,1,15,50,0,66,0,0,0,66
08/24/2019,PIH,ID,ANM,WE,Federal Contract Tower,2,8,7,0,17,0,1,52,0,53,2,9,59,0,70,10,0,10,80
08/25/2019,PIH,ID,ANM,WE,Federal Contract Tower,5,8,6,0,19,7,1,19,0,27,12,9,25,0,46,0,0,0,46
08/26/2019,PIH,ID,ANM,WE,Federal Contract Tower,0,9,9,0,18,0,0,54,0,54,0,9,63,0,72,60,0,60,132
08/27/2019,PIH,ID,ANM,WE,Federal Contract Tower,2,11,8,0,21,2,2,70,0,74,4,13,78,0,95,30,0,30,125
08/28/2019,PIH,ID,ANM,WE,Federal Contract Tower,0,12,9,0,21,0,4,49,0,53,0,16,58,0,74,80,0,80,154
08/29/2019,PIH,ID,ANM,WE,Federal Contract Tower,0,16,3,0,19,0,1,45,0,46,0,17,48,0,65,4,0,4,69
08/30/2019,PIH,ID,ANM,WE,Federal Contract Tower,0,19,8,0,27,2,2,26,0,30,2,21,34,0,57,6,0,6,63
08/31/2019,PIH,ID,ANM,WE,Federal Contract Tower,0,11,6,0,17,0,0,59,0,59,0,11,65,0,76,14,0,14,90
09/01/2019,PIH,ID,ANM,WE,Federal Contract Tower,0,6,5,0,11,3,22,18,0,43,3,28,23,0,54,0,0,0,54
09/02/2019,PIH,ID,ANM,WE,Federal Contract Tower,0,8,6,0,14,5,2,45,0,52,5,10,51,0,66,0,0,0,66
09/03/2019,PIH,ID,ANM,WE,Federal Contract Tower,3,9,6,0,18,7,22,37,0,66,10,31,43,0,84,46,0,46,130
09/04/2019,PIH,ID,ANM,WE,Federal Contract Tower,5,13,5,0,23,8,3,47,0,58,13,16,52,0,81,2,0,2,83
09/05/2019,PIH,ID,ANM,WE,Federal Contract Tower,0,14,7,0,21,1,4,63,0,68,1,18,70,0,89,10,0,10,99
09/06/2019,PIH,ID,ANM,WE,Federal Contract Tower,1,10,7,0,18,1,7,10,0,18,2,17,17,0,36,0,0,0,36
09/07/2019,PIH,ID,ANM,WE,Federal Contract Tower,0,8,9,0,17,5,4,54,0,63,5,12,63,0,80,14,0,14,94
09/08/2019,PIH,ID,ANM,WE,Federal Contract Tower,3,7,3,0,13,1,2,1,0,4,4,9,4,0,17,0,0,0,17
09/09/2019,PIH,ID,ANM,WE,Federal Contract Tower,0,11,10,0,21,0,1,29,0,30,0,12,39,0,51,56,0,56,107
09/10/2019,PIH,ID,ANM,WE,Federal Contract Tower,0,16,5,0,21,0,0,4,0,4,0,16,9,0,25,0,0,0,25
09/11/2019,PIH,ID,ANM,WE,Federal Contract Tower,0,11,2,0,13,0,4,5,0,9,0,15,7,0,22,0,0,0,22
09/12/2019,PIH,ID,ANM,WE,Federal Contract Tower,0,16,10,2,28,0,4,31,0,35,0,20,41,2,63,56,12,68,131
09/13/2019,PIH,ID,ANM,WE,Federal Contract Tower,0,11,10,0,21,0,3,66,0,69,0,14,76,0,90,48,0,48,138
09/14/2019,PIH,ID,ANM,WE,Federal Contract Tower,0,8,6,0,14,0,5,68,0,73,0,13,74,0,87,38,0,38,125
09/15/2019,PIH,ID,ANM,WE,Federal Contract Tower,0,7,5,0,12,0,0,37,0,37,0,7,42,0,49,44,0,44,93
09/16/2019,PIH,ID,ANM,WE,Federal Contract Tower,0,9,2,0,11,0,3,18,4,25,0,12,20,4,36,18,6,24,60
09/17/2019,PIH,ID,ANM,WE,Federal Contract Tower,0,13,5,0,18,0,4,6,0,10,0,17,11,0,28,0,0,0,28
09/18/2019,PIH,ID,ANM,WE,Federal Contract Tower,0,13,7,0,20,0,4,20,0,24,0,17,27,0,44,0,0,0,44
09/19/2019,PIH,ID,ANM,WE,Federal Contract Tower,0,17,5,0,22,0,2,7,0,9,0,19,12,0,31,0,0,0,31
09/20/2019,PIH,ID,ANM,WE,Federal Contract Tower,2,15,5,0,22,0,0,2,0,2,2,15,7,0,24,18,0,18,42
09/21/2019,PIH,ID,ANM,WE,Federal Contract Tower,0,7,1,0,8,0,0,30,0,30,0,7,31,0,38,18,0,18,56
09/22/2019,PIH,ID,ANM,WE,Federal Contract Tower,0,9,6,0,15,0,0,28,0,28,0,9,34,0,43,24,0,24,67
09/23/2019,PIH,ID,ANM,WE,Federal Contract Tower,0,9,8,0,17,0,3,42,0,45,0,12,50,0,62,32,0,32,94
09/24/2019,PIH,ID,ANM,WE,Federal Contract Tower,0,12,10,0,22,0,0,33,0,33,0,12,43,0,55,24,0,24,79
09/25/2019,PIH,ID,ANM,WE,Federal Contract Tower,0,14,12,0,26,0,4,47,0,51,0,18,59,0,77,22,0,22,99
09/26/2019,PIH,ID,ANM,WE,Federal Contract Tower,0,11,6,0,17,0,3,49,0,52,0,14,55,0,69,0,0,0,69
09/27/2019,PIH,ID,ANM,WE,Federal Contract Tower,0,15,3,0,18,0,0,29,0,29,0,15,32,0,47,26,0,26,73
09/28/2019,PIH,ID,ANM,WE,Federal Contract Tower,0,8,3,0,11,0,0,3,3,6,0,8,6,3,17,0,0,0,17
09/29/2019,PIH,ID,ANM,WE,Federal Contract Tower,0,5,0,0,5,0,0,4,0,4,0,5,4,0,9,0,0,0,9
09/30/2019,PIH,ID,ANM,WE,Federal Contract Tower,0,10,2,0,12,0,0,0,3,3,0,10,2,3,15,0,0,0,15
10/01/2019,PIH,ID,ANM,WE,Federal Contract Tower,0,14,2,0,16,0,0,25,0,25,0,14,27,0,41,24,0,24,65
10/02/2019,PIH,ID,ANM,WE,Federal Contract Tower,0,15,8,0,23,0,0,39,0,39,0,15,47,0,62,36,0,36,98
10/03/2019,PIH,ID,ANM,WE,Federal Contract Tower,0,15,7,0,22,0,5,60,0,65,0,20,67,0,87,34,0,34,121
10/04/2019,PIH,ID,ANM,WE,Federal Contract Tower,0,11,2,0,13,0,1,2,0,3,0,12,4,0,16,0,0,0,16
10/05/2019,PIH,ID,ANM,WE,Federal Contract Tower,0,7,0,0,7,0,1,45,0,46,0,8,45,0,53,58,0,58,111
10/06/2019,PIH,ID,ANM,WE,Federal Contract Tower,2,7,5,0,14,0,0,46,0,46,2,7,51,0,60,30,0,30,90
10/07/2019,PIH,ID,ANM,WE,Federal Contract Tower,0,13,15,0,28,0,2,40,0,42,0,15,55,0,70,40,0,40,110
10/08/2019,PIH,ID,ANM,WE,Federal Contract Tower,0,15,9,0,24,0,0,8,0,8,0,15,17,0,32,4,0,4,36
10/09/2019,PIH,ID,ANM,WE,Federal Contract Tower,0,12,7,0,19,0,0,0,0,0,0,12,7,0,19,0,0,0,19
10/10/2019,PIH,ID,ANM,WE,Federal Contract Tower,0,12,6,0,18,0,0,39,0,39,0,12,45,0,57,12,0,12,69
10/11/2019,PIH,ID,ANM,WE,Federal Contract Tower,1,11,4,0,16,0,2,53,0,55,1,13,57,0,71,24,0,24,95
10/12/2019,PIH,ID,ANM,WE,Federal Contract Tower,1,11,5,0,17,0,3,56,0,59,1,14,61,0,76,4,0,4,80
10/13/2019,PIH,ID,ANM,WE,Federal Contract Tower,0,5,5,0,10,0,0,50,0,50,0,5,55,0,60,14,0,14,74
10/14/2019,PIH,ID,ANM,WE,Federal Contract Tower,0,9,4,0,13,0,0,32,0,32,0,9,36,0,45,30,0,30,75
10/15/2019,PIH,ID,ANM,WE,Federal Contract Tower,0,14,3,0,17,0,0,36,0,36,0,14,39,0,53,20,0,20,73
10/16/2019,PIH,ID,ANM,WE,Federal Contract Tower,0,11,7,0,18,0,0,44,0,44,0,11,51,0,62,16,0,16,78
10/17/2019,PIH,ID,ANM,WE,Federal Contract Tower,0,13,4,0,17,0,2,12,2,16,0,15,16,2,33,4,0,4,37
10/18/2019,PIH,ID,ANM,WE,Federal Contract Tower,2,13,1,0,16,0,0,16,0,16,2,13,17,0,32,0,0,0,32
10/19/2019,PIH,ID,ANM,WE,Federal Contract Tower,0,10,5,0,15,0,5,5,0,10,0,15,10,0,25,0,0,0,25
10/20/2019,PIH,ID,ANM,WE,Federal Contract Tower,2,5,4,0,11,0,3,5,0,8,2,8,9,0,19,2,0,2,21
10/21/2019,PIH,ID,ANM,WE,Federal Contract Tower,0,15,5,0,20,0,0,4,0,4,0,15,9,0,24,0,0,0,24
10/22/2019,PIH,ID,ANM,WE,Federal Contract Tower,0,19,3,0,22,0,0,5,0,5,0,19,8,0,27,0,0,0,27
10/23/2019,PIH,ID,ANM,WE,Federal Contract Tower,0,15,13,0,28,0,0,38,2,40,0,15,51,2,68,20,0,20,88
10/24/2019,PIH,ID,ANM,WE,Federal Contract Tower,0,13,10,0,23,0,0,89,0,89,0,13,99,0,112,50,0,50,162
10/25/2019,PIH,ID,ANM,WE,Federal Contract Tower,0,13,8,0,21,0,5,60,0,65,0,18,68,0,86,6,0,6,92
10/26/2019,PIH,ID,ANM,WE,Federal Contract Tower,0,8,3,0,11,0,0,6,2,8,0,8,9,2,19,0,0,0,19
10/27/2019,PIH,ID,ANM,WE,Federal Contract Tower,0,11,0,0,11,0,0,3,2,5,0,11,3,2,16,0,0,0,16
10/28/2019,PIH,ID,ANM,WE,Federal Contract Tower,0,15,6,0,21,0,0,29,0,29,0,15,35,0,50,38,0,38,88
10/29/2019,PIH,ID,ANM,WE,Federal Contract Tower,0,13,4,0,17,0,0,0,0,0,0,13,4,0,17,0,0,0,17
10/30/2019,PIH,ID,ANM,WE,Federal Contract Tower,0,10,9,0,19,0,1,41,0,42,0,11,50,0,61,28,0,28,89
10/31/2019,PIH,ID,ANM,WE,Federal Contract Tower,0,13,8,0,21,0,4,39,0,43,0,17,47,0,64,74,0,74,138
11/01/2019,PIH,ID,ANM,WE,Federal Contract Tower,1,13,8,0,22,0,0,47,0,47,1,13,55,0,69,70,0,70,139
11/02/2019,PIH,ID,ANM,WE,Federal Contract Tower,1,7,8,0,16,0,4,67,0,71,1,11,75,0,87,20,0,20,107
11/03/2019,PIH,ID,ANM,WE,Federal Contract Tower,0,6,4,0,10,0,0,35,0,35,0,6,39,0,45,26,0,26,71
11/04/2019,PIH,ID,ANM,WE,Federal Contract Tower,0,10,10,0,20,0,0,34,0,34,0,10,44,0,54,16,0,16,70
11/05/2019,PIH,ID,ANM,WE,Federal Contract Tower,0,12,10,0,22,0,4,56,0,60,0,16,66,0,82,38,0,38,120
11/06/2019,PIH,ID,ANM,WE,Federal Contract Tower,0,12,10,2,24,0,12,34,2,48,0,24,44,4,72,52,0,52,124
11/07/2019,PIH,ID,ANM,WE,Federal Contract Tower,0,11,8,0,19,0,0,36,0,36,0,11,44,0,55,62,0,62,117
11/08/2019,PIH,ID,ANM,WE,Federal Contract Tower,1,13,10,1,25,0,0,50,3,53,1,13,60,4,78,28,0,28,106
11/09/2019,PIH,ID,ANM,WE,Federal Contract Tower,1,9,7,0,17,0,6,41,0,47,1,15,48,0,64,20,0,20,84
11/10/2019,PIH,ID,ANM,WE,Federal Contract Tower,0,7,1,0,8,0,0,17,0,17,0,7,18,0,25,14,0,14,39
11/11/2019,PIH,ID,ANM,WE,Federal Contract Tower,0,13,7,0,20,0,1,46,0,47,0,14,53,0,67,14,0,14,81
11/12/2019,PIH,ID,ANM,WE,Federal Contract Tower,0,14,13,0,27,0,2,43,0,45,0,16,56,0,72,32,0,32,104
11/13/2019,PIH,ID,ANM,WE,Federal Contract Tower,0,13,12,0,25,0,0,43,0,43,0,13,55,0,68,22,0,22,90
11/14/2019,PIH,ID,ANM,WE,Federal Contract Tower,0,17,8,0,25,0,1,67,0,68,0,18,75,0,93,46,0,46,139
11/15/2019,PIH,ID,ANM,WE,Federal Contract Tower,0,15,8,0,23,0,0,46,0,46,0,15,54,0,69,20,0,20,89
11/16/2019,PIH,ID,ANM,WE,Federal Contract Tower,0,10,0,0,10,0,7,33,0,40,0,17,33,0,50,32,0,32,82
11/17/2019,PIH,ID,ANM,WE,Federal Contract Tower,0,6,2,0,8,0,0,26,0,26,0,6,28,0,34,4,0,4,38
11/18/2019,PIH,ID,ANM,WE,Federal Contract Tower,0,9,1,0,10,0,1,49,0,50,0,10,50,0,60,64,0,64,124
11/19/2019,PIH,ID,ANM,WE,Federal Contract Tower,0,13,4,0,17,0,1,39,0,40,0,14,43,0,57,44,0,44,101
11/20/2019,PIH,ID,ANM,WE,Federal Contract Tower,0,16,0,0,16,0,0,4,0,4,0,16,4,0,20,0,0,0,20
11/21/2019,PIH,ID,ANM,WE,Federal Contract Tower,0,14,6,0,20,0,0,59,0,59,0,14,65,0,79,26,0,26,105
11/22/2019,PIH,ID,ANM,WE,Federal Contract Tower,0,16,5,0,21,0,0,50,0,50,0,16,55,0,71,22,0,22,93
11/23/2019,PIH,ID,ANM,WE,Federal Contract Tower,0,11,1,0,12,0,10,51,0,61,0,21,52,0,73,36,0,36,109
11/24/2019,PIH,ID,ANM,WE,Federal Contract Tower,0,6,6,0,12,0,0,15,0,15,0,6,21,0,27,0,0,0,27
11/25/2019,PIH,ID,ANM,WE,Federal Contract Tower,0,13,6,0,19,0,0,10,0,10,0,13,16,0,29,12,0,12,41
11/26/2019,PIH,ID,ANM,WE,Federal Contract Tower,0,19,3,0,22,0,0,17,0,17,0,19,20,0,39,22,0,22,61
11/27/2019,PIH,ID,ANM,WE,Federal Contract Tower,0,13,4,0,17,0,5,0,0,5,0,18,4,0,22,0,0,0,22
11/28/2019,PIH,ID,ANM,WE,Federal Contract Tower,0,2,3,0,5,0,0,7,0,7,0,2,10,0,12,0,0,0,12
11/29/2019,PIH,ID,ANM,WE,Federal Contract Tower,0,11,6,0,17,0,0,0,0,0,0,11,6,0,17,0,0,0,17
11/30/2019,PIH,ID,ANM,WE,Federal Contract Tower,0,11,3,0,14,0,0,6,0,6,0,11,9,0,20,26,0,26,46
12/01/2019,PIH,ID,ANM,WE,Federal Contract Tower,0,10,1,0,11,0,0,7,0,7,0,10,8,0,18,6,0,6,24
12/02/2019,PIH,ID,ANM,WE,Federal Contract Tower,0,19,1,0,20,0,0,0,0,0,0,19,1,0,20,0,0,0,20
12/03/2019,PIH,ID,ANM,WE,Federal Contract Tower,0,13,6,0,19,0,0,0,0,0,0,13,6,0,19,0,0,0,19
12/04/2019,PIH,ID,ANM,WE,Federal Contract Tower,0,8,2,0,10,0,0,3,0,3,0,8,5,0,13,22,0,22,35
12/05/2019,PIH,ID,ANM,WE,Federal Contract Tower,0,12,2,0,14,0,0,2,0,2,0,12,4,0,16,0,0,0,16
12/06/2019,PIH,ID,ANM,WE,Federal Contract Tower,0,18,4,0,22,0,0,21,0,21,0,18,25,0,43,30,0,30,73
12/07/2019,PIH,ID,ANM,WE,Federal Contract Tower,0,14,0,0,14,0,0,15,2,17,0,14,15,2,31,0,0,0,31
12/08/2019,PIH,ID,ANM,WE,Federal Contract Tower,0,5,0,0,5,0,0,3,0,3,0,5,3,0,8,2,0,2,10
12/09/2019,PIH,ID,ANM,WE,Federal Contract Tower,0,13,16,2,31,0,0,14,0,14,0,13,30,2,45,12,0,12,57
12/10/2019,PIH,ID,ANM,WE,Federal Contract Tower,0,12,8,0,20,0,0,41,0,41,0,12,49,0,61,52,0,52,113
12/11/2019,PIH,ID,ANM,WE,Federal Contract Tower,0,15,2,0,17,0,0,0,0,0,0,15,2,0,17,0,0,0,17
12/12/2019,PIH,ID,ANM,WE,Federal Contract Tower,0,12,7,0,19,0,0,7,0,7,0,12,14,0,26,0,0,0,26
12/13/2019,PIH,ID,ANM,WE,Federal Contract Tower,0,13,0,0,13,0,6,11,0,17,0,19,11,0,30,12,0,12,42
12/14/2019,PIH,ID,ANM,WE,Federal Contract Tower,0,10,4,0,14,0,0,0,0,0,0,10,4,0,14,0,0,0,14
12/15/2019,PIH,ID,ANM,WE,Federal Contract Tower,0,5,4,0,9,0,0,0,0,0,0,5,4,0,9,0,0,0,9
12/16/2019,PIH,ID,ANM,WE,Federal Contract Tower,0,11,4,0,15,0,0,0,0,0,0,11,4,0,15,0,0,0,15
12/17/2019,PIH,ID,ANM,WE,Federal Contract Tower,0,13,13,0,26,0,0,62,0,62,0,13,75,0,88,100,0,100,188
12/18/2019,PIH,ID,ANM,WE,Federal Contract Tower,0,15,12,0,27,0,3,50,0,53,0,18,62,0,80,48,0,48,128
12/19/2019,PIH,ID,ANM,WE,Federal Contract Tower,0,19,9,0,28,0,0,37,0,37,0,19,46,0,65,32,0,32,97
12/20/2019,PIH,ID,ANM,WE,Federal Contract Tower,0,18,9,0,27,0,2,24,0,26,0,20,33,0,53,0,0,0,53
12/21/2019,PIH,ID,ANM,WE,Federal Contract Tower,0,9,4,0,13,0,0,19,0,19,0,9,23,0,32,16,0,16,48
12/22/2019,PIH,ID,ANM,WE,Federal Contract Tower,0,10,0,0,10,0,1,2,0,3,0,11,2,0,13,0,0,0,13
12/23/2019,PIH,ID,ANM,WE,Federal Contract Tower,0,11,3,0,14,0,0,19,0,19,0,11,22,0,33,14,0,14,47
12/24/2019,PIH,ID,ANM,WE,Federal Contract Tower,0,14,2,0,16,0,0,0,0,0,0,14,2,0,16,0,0,0,16
12/25/2019,PIH,ID,ANM,WE,Federal Contract Tower,0,4,0,0,4,0,0,0,0,0,0,4,0,0,4,0,0,0,4
12/26/2019,PIH,ID,ANM,WE,Federal Contract Tower,0,11,2,0,13,0,1,11,0,12,0,12,13,0,25,6,0,6,31
12/27/2019,PIH,ID,ANM,WE,Federal Contract Tower,0,17,2,0,19,0,0,0,0,0,0,17,2,0,19,0,0,0,19
12/28/2019,PIH,ID,ANM,WE,Federal Contract Tower,0,10,2,0,12,0,2,0,0,2,0,12,2,0,14,0,0,0,14
12/29/2019,PIH,ID,ANM,WE,Federal Contract Tower,0,9,0,0,9,0,0,0,0,0,0,9,0,0,9,0,0,0,9
12/30/2019,PIH,ID,ANM,WE,Federal Contract Tower,0,11,0,0,11,0,1,15,0,16,0,12,15,0,27,36,0,36,63
12/31/2019,PIH,ID,ANM,WE,Federal Contract Tower,0,17,2,0,19,0,0,3,0,3,0,17,5,0,22,0,0,0,22
01/01/2020,PIH,ID,ANM,WE,Federal Contract Tower,0,6,3,0,9,0,0,0,0,0,0,6,3,0,9,0,0,0,9
01/02/2020,PIH,ID,ANM,WE,Federal Contract Tower,0,16,12,0,28,0,4,4,2,10,0,20,16,2,38,0,0,0,38
01/03/2020,PIH,ID,ANM,WE,Federal Contract Tower,0,16,8,0,24,0,0,50,0,50,0,16,58,0,74,44,0,44,118
01/04/2020,PIH,ID,ANM,WE,Federal Contract Tower,0,11,5,0,16,0,2,1,0,3,0,13,6,0,19,0,0,0,19
01/05/2020,PIH,ID,ANM,WE,Federal Contract Tower,2,5,0,0,7,0,0,0,0,0,2,5,0,0,7,0,0,0,7
01/06/2020,PIH,ID,ANM,WE,Federal Contract Tower,0,11,9,0,20,0,0,13,0,13,0,11,22,0,33,0,0,0,33
01/07/2020,PIH,ID,ANM,WE,Federal Contract Tower,0,14,10,0,24,0,0,33,0,33,0,14,43,0,57,8,0,8,65
01/08/2020,PIH,ID,ANM,WE,Federal Contract Tower,0,12,2,0,14,0,0,12,0,12,0,12,14,0,26,4,0,4,30
01/09/2020,PIH,ID,ANM,WE,Federal Contract Tower,0,14,2,0,16,0,0,0,0,0,0,14,2,0,16,0,0,0,16
01/10/2020,PIH,ID,ANM,WE,Federal Contract Tower,0,13,7,0,20,0,0,55,0,55,0,13,62,0,75,6,0,6,81
01/11/2020,PIH,ID,ANM,WE,Federal Contract Tower,0,8,6,0,14,0,0,0,0,0,0,8,6,0,14,0,0,0,14
01/12/2020,PIH,ID,ANM,WE,Federal Contract Tower,0,7,0,0,7,0,0,0,4,4,0,7,0,4,11,0,0,0,11
01/13/2020,PIH,ID,ANM,WE,Federal Contract Tower,0,14,5,0,19,0,3,0,0,3,0,17,5,0,22,0,0,0,22
01/14/2020,PIH,ID,ANM,WE,Federal Contract Tower,0,15,8,0,23,0,0,8,0,8,0,15,16,0,31,4,0,4,35
01/15/2020,PIH,ID,ANM,WE,Federal Contract Tower,0,13,12,0,25,0,13,47,0,60,0,26,59,0,85,16,0,16,101
01/16/2020,PIH,ID,ANM,WE,Federal Contract Tower,0,14,2,0,16,0,0,11,0,11,0,14,13,0,27,0,0,0,27
01/17/2020,PIH,ID,ANM,WE,Federal Contract Tower,0,11,1,0,12,0,0,11,2,13,0,11,12,2,25,0,0,0,25
01/18/2020,PIH,ID,ANM,WE,Federal Contract Tower,0,8,8,0,16,0,2,41,0,43,0,10,49,0,59,8,0,8,67
01/19/2020,PIH,ID,ANM,WE,Federal Contract Tower,0,8,6,0,14,0,0,31,0,31,0,8,37,0,45,40,0,40,85
01/20/2020,PIH,ID,ANM,WE,Federal Contract Tower,0,12,4,0,16,0,0,10,0,10,0,12,14,0,26,10,0,10,36
01/21/2020,PIH,ID,ANM,WE,Federal Contract Tower,0,14,6,0,20,0,2,31,0,33,0,16,37,0,53,36,0,36,89
01/22/2020,PIH,ID,ANM,WE,Federal Contract Tower,0,13,2,0,15,0,0,19,0,19,0,13,21,0,34,0,0,0,34
01/23/2020,PIH,ID,ANM,WE,Federal Contract Tower,0,14,3,0,17,0,0,8,0,8,0,14,11,0,25,32,0,32,57
01/24/2020,PIH,ID,ANM,WE,Federal Contract Tower,0,12,8,0,20,0,0,9,0,9,0,12,17,0,29,0,0,0,29
01/25/2020,PIH,ID,ANM,WE,Federal Contract Tower,0,8,2,0,10,0,3,14,0,17,0,11,16,0,27,20,0,20,47
01/26/2020,PIH,ID,ANM,WE,Federal Contract Tower,0,7,4,0,11,0,0,0,0,0,0,7,4,0,11,0,0,0,11
01/27/2020,PIH,ID,ANM,WE,Federal Contract Tower,0,15,1,0,16,0,0,8,0,8,0,15,9,0,24,24,0,24,48
01/28/2020,PIH,ID,ANM,WE,Federal Contract Tower,0,15,5,0,20,0,0,0,0,0,0,15,5,0,20,0,0,0,20
01/29/2020,PIH,ID,ANM,WE,Federal Contract Tower,0,13,1,0,14,0,0,0,0,0,0,13,1,0,14,0,0,0,14
01/30/2020,PIH,ID,ANM,WE,Federal Contract Tower,0,13,2,0,15,0,0,2,0,2,0,13,4,0,17,0,0,0,17
01/31/2020,PIH,ID,ANM,WE,Federal Contract Tower,0,13,2,0,15,0,0,12,0,12,0,13,14,0,27,6,0,6,33
02/01/2020,PIH,ID,ANM,WE,Federal Contract Tower,0,13,4,2,19,0,0,41,0,41,0,13,45,2,60,0,0,0,60
02/02/2020,PIH,ID,ANM,WE,Federal Contract Tower,0,7,0,0,7,0,0,0,0,0,0,7,0,0,7,0,0,0,7
02/03/2020,PIH,ID,ANM,WE,Federal Contract Tower,0,12,1,0,13,0,0,2,0,2,0,12,3,0,15,0,0,0,15
02/04/2020,PIH,ID,ANM,WE,Federal Contract Tower,0,15,5,0,20,0,2,39,0,41,0,17,44,0,61,16,0,16,77
02/05/2020,PIH,ID,ANM,WE,Federal Contract Tower,0,11,0,0,11,0,0,0,0,0,0,11,0,0,11,0,0,0,11
02/06/2020,PIH,ID,ANM,WE,Federal Contract Tower,0,16,6,0,22,0,0,0,0,0,0,16,6,0,22,0,0,0,22
02/07/2020,PIH,ID,ANM,WE,Federal Contract Tower,0,11,3,0,14,0,0,7,4,11,0,11,10,4,25,0,0,0,25
02/08/2020,PIH,ID,ANM,WE,Federal Contract Tower,0,8,6,0,14,0,2,2,0,4,0,10,8,0,18,0,0,0,18
02/09/2020,PIH,ID,ANM,WE,Federal Contract Tower,0,5,3,0,8,0,0,27,0,27,0,5,30,0,35,8,0,8,43
02/10/2020,PIH,ID,ANM,WE,Federal Contract Tower,0,8,7,0,15,0,0,19,0,19,0,8,26,0,34,36,0,36,70
02/11/2020,PIH,ID,ANM,WE,Federal Contract Tower,0,11,8,0,19,0,9,40,0,49,0,20,48,0,68,18,0,18,86
02/12/2020,PIH,ID,ANM,WE,Federal Contract Tower,0,20,13,0,33,0,4,50,0,54,0,24,63,0,87,50,0,50,137
02/13/2020,PIH,ID,ANM,WE,Federal Contract Tower,0,14,4,0,18,0,6,34,0,40,0,20,38,0,58,9,0,9,67
02/14/2020,PIH,ID,ANM,WE,Federal Contract Tower,0,12,3,0,15,0,0,6,0,6,0,12,9,0,21,0,0,0,21
02/15/2020,PIH,ID,ANM,WE,Federal Contract Tower,0,9,4,0,13,0,0,2,0,2,0,9,6,0,15,0,0,0,15
02/16/2020,PIH,ID,ANM,WE,Federal Contract Tower,0,6,2,0,8,0,0,0,0,0,0,6,2,0,8,0,0,0,8
02/17/2020,PIH,ID,ANM,WE,Federal Contract Tower,0,16,0,0,16,0,0,13,0,13,0,16,13,0,29,4,0,4,33
02/18/2020,PIH,ID,ANM,WE,Federal Contract Tower,0,9,3,0,12,0,0,26,0,26,0,9,29,0,38,8,0,8,46
02/19/2020,PIH,ID,ANM,WE,Federal Contract Tower,0,16,6,0,22,0,0,24,0,24,0,16,30,0,46,50,0,50,96
02/20/2020,PIH,ID,ANM,WE,Federal Contract Tower,0,18,7,0,25,0,7,52,0,59,0,25,59,0,84,8,0,8,92
02/21/2020,PIH,ID,ANM,WE,Federal Contract Tower,0,12,8,0,20,0,0,32,0,32,0,12,40,0,52,0,0,0,52
02/22/2020,PIH,ID,ANM,WE,Federal Contract Tower,0,11,5,0,16,0,2,50,0,52,0,13,55,0,68,18,0,18,86
02/23/2020,PIH,ID,ANM,WE,Federal Contract Tower,0,8,3,0,11,0,0,16,0,16,0,8,19,0,27,0,0,0,27
02/24/2020,PIH,ID,ANM,WE,Federal Contract Tower,0,10,5,0,15,0,0,2,0,2,0,10,7,0,17,0,0,0,17
02/25/2020,PIH,ID,ANM,WE,Federal Contract Tower,0,15,6,0,21,0,2,46,0,48,0,17,52,0,69,42,0,42,111
02/26/2020,PIH,ID,ANM,WE,Federal Contract Tower,0,11,8,0,19,0,0,18,0,18,0,11,26,0,37,32,0,32,69
02/27/2020,PIH,ID,ANM,WE,Federal Contract Tower,0,15,2,0,17,0,0,35,0,35,0,15,37,0,52,26,0,26,78
02/28/2020,PIH,ID,ANM,WE,Federal Contract Tower,0,11,7,0,18,0,0,31,0,31,0,11,38,0,49,22,0,22,71
02/29/2020,PIH,ID,ANM,WE,Federal Contract Tower,0,9,4,0,13,0,0,16,0,16,0,9,20,0,29,12,0,12,41
03/01/2020,PIH,ID,ANM,WE,Federal Contract Tower,0,7,2,0,9,0,0,0,0,0,0,7,2,0,9,0,0,0,9
03/02/2020,PIH,ID,ANM,WE,Federal Contract Tower,0,9,9,0,18,0,1,29,0,30,0,10,38,0,48,0,0,0,48
03/03/2020,PIH,ID,ANM,WE,Federal Contract Tower,0,13,4,0,17,0,5,10,0,15,0,18,14,0,32,0,0,0,32
03/04/2020,PIH,ID,ANM,WE,Federal Contract Tower,0,14,5,0,19,0,2,23,0,25,0,16,28,0,44,4,0,4,48
03/05/2020,PIH,ID,ANM,WE,Federal Contract Tower,0,19,1,0,20,0,1,49,0,50,0,20,50,0,70,30,0,30,100
03/06/2020,PIH,ID,ANM,WE,Federal Contract Tower,0,12,1,0,13,0,0,30,0,30,0,12,31,0,43,4,0,4,47
03/07/2020,PIH,ID,ANM,WE,Federal Contract Tower,0,9,2,0,11,0,6,15,0,21,0,15,17,0,32,14,0,14,46
03/08/2020,PIH,ID,ANM,WE,Federal Contract Tower,0,7,0,0,7,0,0,15,0,15,0,7,15,0,22,8,0,8,30
03/09/2020,PIH,ID,ANM,WE,Federal Contract Tower,0,12,4,0,16,0,0,0,0,0,0,12,4,0,16,0,0,0,16
03/10/2020,PIH,ID,ANM,WE,Federal Contract Tower,0,13,4,0,17,0,0,33,0,33,0,13,37,0,50,68,0,68,118
03/11/2020,PIH,ID,ANM,WE,Federal Contract Tower,0,12,6,2,20,0,0,24,0,24,0,12,30,2,44,10,0,10,54
03/12/2020,PIH,ID,ANM,WE,Federal Contract Tower,0,14,6,0,20,0,2,45,0,47,0,16,51,0,67,61,0,61,128
03/13/2020,PIH,ID,ANM,WE,Federal Contract Tower,0,11,5,0,16,0,0,60,0,60,0,11,65,0,76,80,0,80,156
03/14/2020,PIH,ID,ANM,WE,Federal Contract Tower,0,11,2,0,13,0,0,0,0,0,0,11,2,0,13,0,0,0,13
03/15/2020,PIH,ID,ANM,WE,Federal Contract Tower,0,5,0,0,5,0,0,4,0,4,0,5,4,0,9,2,0,2,11
03/16/2020,PIH,ID,ANM,WE,Federal Contract Tower,0,11,2,0,13,0,0,9,0,9,0,11,11,0,22,10,0,10,32
03/17/2020,PIH,ID,ANM,WE,Federal Contract Tower,0,14,3,0,17,0,0,16,0,16,0,14,19,0,33,16,0,16,49
03/18/2020,PIH,ID,ANM,WE,Federal Contract Tower,2,10,0,0,12,0,0,5,0,5,2,10,5,0,17,24,0,24,41
03/19/2020,PIH,ID,ANM,WE,Federal Contract Tower,0,8,0,0,8,0,4,10,0,14,0,12,10,0,22,38,0,38,60
03/20/2020,PIH,ID,ANM,WE,Federal Contract Tower,0,12,3,0,15,0,0,27,0,27,0,12,30,0,42,14,0,14,56
03/21/2020,PIH,ID,ANM,WE,Federal Contract Tower,0,5,4,0,9,0,0,15,0,15,0,5,19,0,24,8,0,8,32
03/22/2020,PIH,ID,ANM,WE,Federal Contract Tower,0,3,6,0,9,0,2,24,0,26,0,5,30,0,35,22,0,22,57
03/23/2020,PIH,ID,ANM,WE,Federal Contract Tower,0,6,1,2,9,0,0,8,0,8,0,6,9,2,17,16,0,16,33
03/24/2020,PIH,ID,ANM,WE,Federal Contract Tower,0,9,1,0,10,0,0,5,0,5,0,9,6,0,15,0,0,0,15
03/25/2020,PIH,ID,ANM,WE,Federal Contract Tower,0,10,0,0,10,0,0,5,0,5,0,10,5,0,15,10,0,10,25
03/26/2020,PIH,ID,ANM,WE,Federal Contract Tower,0,8,2,0,10,0,0,26,0,26,0,8,28,0,36,24,0,24,60
03/27/2020,PIH,ID,ANM,WE,Federal Contract Tower,0,9,5,0,14,0,0,25,0,25,0,9,30,0,39,22,0,22,61
03/28/2020,PIH,ID,ANM,WE,Federal Contract Tower,0,7,2,0,9,0,2,8,0,10,0,9,10,0,19,0,0,0,19
03/29/2020,PIH,ID,ANM,WE,Federal Contract Tower,0,5,1,0,6,0,0,13,0,13,0,5,14,0,19,4,0,4,23
03/30/2020,PIH,ID,ANM,WE,Federal Contract Tower,0,8,1,0,9,0,0,2,0,2,0,8,3,0,11,0,0,0,11
03/31/2020,PIH,ID,ANM,WE,Federal Contract Tower,0,11,0,0,11,0,0,0,0,0,0,11,0,0,11,0,0,0,11
04/01/2020,PIH,ID,ANM,WE,Federal Contract Tower,0,8,0,0,8,0,0,0,0,0,0,8,0,0,8,0,0,0,8
04/02/2020,PIH,ID,ANM,WE,Federal Contract Tower,0,8,1,0,9,0,0,4,0,4,0,8,5,0,13,0,0,0,13
04/03/2020,PIH,ID,ANM,WE,Federal Contract Tower,0,8,0,0,8,0,0,12,0,12,0,8,12,0,20,12,0,12,32
04/04/2020,PIH,ID,ANM,WE,Federal Contract Tower,0,3,4,0,7,0,2,32,0,34,0,5,36,0,41,6,0,6,47
04/05/2020,PIH,ID,ANM,WE,Federal Contract Tower,0,2,0,0,2,0,0,0,0,0,0,2,0,0,2,0,0,0,2
04/06/2020,PIH,ID,ANM,WE,Federal Contract Tower,0,6,1,0,7,0,0,0,0,0,0,6,1,0,7,0,0,0,7
04/07/2020,PIH,ID,ANM,WE,Federal Contract Tower,0,9,6,0,15,0,0,15,0,15,0,9,21,0,30,4,0,4,34
04/08/2020,PIH,ID,ANM,WE,Federal Contract Tower,0,9,2,0,11,0,1,22,0,23,0,10,24,0,34,18,0,18,52
04/09/2020,PIH,ID,ANM,WE,Federal Contract Tower,0,12,2,0,14,0,0,31,0,31,0,12,33,0,45,34,0,34,79
04/10/2020,PIH,ID,ANM,WE,Federal Contract Tower,0,8,4,0,12,0,0,14,0,14,0,8,18,0,26,0,0,0,26
04/11/2020,PIH,ID,ANM,WE,Federal Contract Tower,0,4,0,0,4,0,0,4,0,4,0,4,4,0,8,0,0,0,8
04/12/2020,PIH,ID,ANM,WE,Federal Contract Tower,0,2,1,0,3,0,2,2,0,4,0,4,3,0,7,0,0,0,7
04/13/2020,PIH,ID,ANM,WE,Federal Contract Tower,0,8,2,2,12,0,0,8,0,8,0,8,10,2,20,28,12,40,60
04/14/2020,PIH,ID,ANM,WE,Federal Contract Tower,0,10,2,10,22,0,0,4,0,4,0,10,6,10,26,14,0,14,40
04/15/2020,PIH,ID,ANM,WE,Federal Contract Tower,0,9,0,0,9,0,0,0,0,0,0,9,0,0,9,0,0,0,9
04/16/2020,PIH,ID,ANM,WE,Federal Contract Tower,0,9,3,0,12,0,0,3,0,3,0,9,6,0,15,0,0,0,15
04/17/2020,PIH,ID,ANM,WE,Federal Contract Tower,0,10,5,6,21,0,0,23,1,24,0,10,28,7,45,30,14,44,89
04/18/2020,PIH,ID,ANM,WE,Federal Contract Tower,0,2,1,0,3,0,2,34,0,36,0,4,35,0,39,20,0,20,59
04/19/2020,PIH,ID,ANM,WE,Federal Contract Tower,0,4,0,0,4,0,0,4,0,4,0,4,4,0,8,14,0,14,22
04/20/2020,PIH,ID,ANM,WE,Federal Contract Tower,0,5,0,0,5,0,0,5,0,5,0,5,5,0,10,6,0,6,16
04/21/2020,PIH,ID,ANM,WE,Federal Contract Tower,0,10,3,0,13,0,0,14,0,14,0,10,17,0,27,0,0,0,27
04/22/2020,PIH,ID,ANM,WE,Federal Contract Tower,0,8,0,0,8,0,1,14,0,15,0,9,14,0,23,0,0,0,23
04/23/2020,PIH,ID,ANM,WE,Federal Contract Tower,0,8,1,0,9,0,0,1,0,1,0,8,2,0,10,0,0,0,10
04/24/2020,PIH,ID,ANM,WE,Federal Contract Tower,0,8,4,0,12,0,0,11,0,11,0,8,15,0,23,0,0,0,23
04/25/2020,PIH,ID,ANM,WE,Federal Contract Tower,0,4,0,0,4,0,4,2,0,6,0,8,2,0,10,0,0,0,10
04/26/2020,PIH,ID,ANM,WE,Federal Contract Tower,0,2,1,0,3,0,0,2,0,2,0,2,3,0,5,0,0,0,5
04/27/2020,PIH,ID,ANM,WE,Federal Contract Tower,0,7,0,0,7,0,0,3,0,3,0,7,3,0,10,0,0,0,10
04/28/2020,PIH,ID,ANM,WE,Federal Contract Tower,0,9,0,0,9,0,0,20,0,20,0,9,20,0,29,0,0,0,29
04/29/2020,PIH,ID,ANM,WE,Federal Contract Tower,0,10,4,0,14,0,2,22,0,24,0,12,26,0,38,36,0,36,74
04/30/2020,PIH,ID,ANM,WE,Federal Contract Tower,0,9,1,0,10,0,0,3,0,3,0,9,4,0,13,0,0,0,13
05/01/2020,PIH,ID,ANM,WE,Federal Contract Tower,0,12,6,0,18,0,1,24,0,25,0,13,30,0,43,6,0,6,49
05/02/2020,PIH,ID,ANM,WE,Federal Contract Tower,0,2,3,0,5,0,7,27,0,34,0,9,30,0,39,22,0,22,61
05/03/2020,PIH,ID,ANM,WE,Federal Contract Tower,0,1,1,0,2,0,0,2,0,2,0,1,3,0,4,0,0,0,4
05/04/2020,PIH,ID,ANM,WE,Federal Contract Tower,0,4,5,0,9,0,0,4,0,4,0,4,9,0,13,0,0,0,13
05/05/2020,PIH,ID,ANM,WE,Federal Contract Tower,0,7,5,0,12,0,0,40,0,40,0,7,45,0,52,4,0,4,56
05/06/2020,PIH,ID,ANM,WE,Federal Contract Tower,0,8,3,0,11,0,1,11,0,12,0,9,14,0,23,0,0,0,23
05/07/2020,PIH,ID,ANM,WE,Federal Contract Tower,0,12,5,0,17,0,29,37,0,66,0,41,42,0,83,38,0,38,121
05/08/2020,PIH,ID,ANM,WE,Federal Contract Tower,0,10,2,3,15,0,11,33,2,46,0,21,35,5,61,26,0,26,87
05/09/2020,PIH,ID,ANM,WE,Federal Contract Tower,0,2,9,0,11,0,11,59,0,70,0,13,68,0,81,26,0,26,107
05/10/2020,PIH,ID,ANM,WE,Federal Contract Tower,0,1,0,0,1,0,0,27,0,27,0,1,27,0,28,6,0,6,34
05/11/2020,PIH,ID,ANM,WE,Federal Contract Tower,0,8,3,0,11,0,2,8,0,10,0,10,11,0,21,4,0,4,25
05/12/2020,PIH,ID,ANM,WE,Federal Contract Tower,0,6,0,0,6,0,1,14,0,15,0,7,14,0,21,0,0,0,21
05/13/2020,PIH,ID,ANM,WE,Federal Contract Tower,0,10,5,0,15,0,0,12,0,12,0,10,17,0,27,0,0,0,27
05/14/2020,PIH,ID,ANM,WE,Federal Contract Tower,0,12,4,0,16,0,0,14,0,14,0,12,18,0,30,20,0,20,50
05/15/2020,PIH,ID,ANM,WE,Federal Contract Tower,0,10,9,0,19,0,0,9,0,9,0,10,18,0,28,0,0,0,28
05/16/2020,PIH,ID,ANM,WE,Federal Contract Tower,0,3,9,0,12,0,0,69,0,69,0,3,78,0,81,44,0,44,125
05/17/2020,PIH,ID,ANM,WE,Federal Contract Tower,0,1,0,0,1,0,2,31,0,33,0,3,31,0,34,0,0,0,34
05/18/2020,PIH,ID,ANM,WE,Federal Contract Tower,0,12,3,0,15,0,0,7,0,7,0,12,10,0,22,14,0,14,36
05/19/2020,PIH,ID,ANM,WE,Federal Contract Tower,0,15,7,2,24,0,2,12,12,26,0,17,19,14,50,6,18,24,74
05/20/2020,PIH,ID,ANM,WE,Federal Contract Tower,0,9,0,0,9,0,0,0,0,0,0,9,0,0,9,0,0,0,9
05/21/2020,PIH,ID,ANM,WE,Federal Contract Tower,0,11,5,0,16,0,0,8,0,8,0,11,13,0,24,0,0,0,24
05/22/2020,PIH,ID,ANM,WE,Federal Contract Tower,0,12,1,0,13,0,0,4,0,4,0,12,5,0,17,0,0,0,17
05/23/2020,PIH,ID,ANM,WE,Federal Contract Tower,0,3,3,0,6,0,0,2,0,2,0,3,5,0,8,0,0,0,8
05/24/2020,PIH,ID,ANM,WE,Federal Contract Tower,0,1,0,0,1,0,0,12,0,12,0,1,12,0,13,0,0,0,13
05/25/2020,PIH,ID,ANM,WE,Federal Contract Tower,0,5,0,0,5,0,0,42,0,42,0,5,42,0,47,42,0,42,89
05/26/2020,PIH,ID,ANM,WE,Federal Contract Tower,0,6,5,0,11,0,0,26,0,26,0,6,31,0,37,12,0,12,49
05/27/2020,PIH,ID,ANM,WE,Federal Contract Tower,0,14,1,0,15,0,1,34,0,35,0,15,35,0,50,2,0,2,52
05/28/2020,PIH,ID,ANM,WE,Federal Contract Tower,0,7,11,0,18,0,0,56,0,56,0,7,67,0,74,48,0,48,122
05/29/2020,PIH,ID,ANM,WE,Federal Contract Tower,0,9,7,0,16,0,0,39,0,39,0,9,46,0,55,32,0,32,87
05/30/2020,PIH,ID,ANM,WE,Federal Contract Tower,0,2,0,0,2,0,0,22,0,22,0,2,22,0,24,10,0,10,34
05/31/2020,PIH,ID,ANM,WE,Federal Contract Tower,0,3,5,0,8,0,0,9,0,9,0,3,14,0,17,0,0,0,17
06/01/2020,PIH,ID,ANM,WE,Federal Contract Tower,0,5,2,0,7,0,0,14,0,14,0,5,16,0,21,6,0,6,27
06/02/2020,PIH,ID,ANM,WE,Federal Contract Tower,1,7,5,0,13,0,1,62,0,63,1,8,67,0,76,58,0,58,134
06/03/2020,PIH,ID,ANM,WE,Federal Contract Tower,0,15,2,0,17,0,1,46,0,47,0,16,48,0,64,48,0,48,112
06/04/2020,PIH,ID,ANM,WE,Federal Contract Tower,0,10,1,0,11,0,1,19,0,20,0,11,20,0,31,14,0,14,45
06/05/2020,PIH,ID,ANM,WE,Federal Contract Tower,0,8,2,2,12,0,0,38,0,38,0,8,40,2,50,24,0,24,74
06/06/2020,PIH,ID,ANM,WE,Federal Contract Tower,0,3,3,0,6,0,0,10,0,10,0,3,13,0,16,0,0,0,16
06/07/2020,PIH,ID,ANM,WE,Federal Contract Tower,0,2,0,0,2,0,0,0,0,0,0,2,0,0,2,0,0,0,2
06/08/2020,PIH,ID,ANM,WE,Federal Contract Tower,0,9,0,0,9,0,0,0,0,0,0,9,0,0,9,0,0,0,9
06/09/2020,PIH,ID,ANM,WE,Federal Contract Tower,0,11,2,0,13,0,1,28,0,29,0,12,30,0,42,36,0,36,78
06/10/2020,PIH,ID,ANM,WE,Federal Contract Tower,0,11,5,2,18,0,0,53,2,55,0,11,58,4,73,76,0,76,149
06/11/2020,PIH,ID,ANM,WE,Federal Contract Tower,0,10,3,2,15,0,0,46,0,46,0,10,49,2,61,74,0,74,135
06/12/2020,PIH,ID,ANM,WE,Federal Contract Tower,0,9,5,0,14,0,5,13,0,18,0,14,18,0,32,10,0,10,42
06/13/2020,PIH,ID,ANM,WE,Federal Contract Tower,0,2,4,0,6,0,3,5,0,8,0,5,9,0,14,2,0,2,16
06/14/2020,PIH,ID,ANM,WE,Federal Contract Tower,1,1,0,0,2,0,2,7,0,9,1,3,7,0,11,8,0,8,19
06/15/2020,PIH,ID,ANM,WE,Federal Contract Tower,0,7,6,0,13,0,0,20,0,20,0,7,26,0,33,40,0,40,73
06/16/2020,PIH,ID,ANM,WE,Federal Contract Tower,0,10,0,0,10,0,0,0,0,0,0,10,0,0,10,0,0,0,10
06/17/2020,PIH,ID,ANM,WE,Federal Contract Tower,1,9,3,0,13,0,0,0,0,0,1,9,3,0,13,0,0,0,13
06/18/2020,PIH,ID,ANM,WE,Federal Contract Tower,2,10,5,0,17,0,1,117,0,118,2,11,122,0,135,70,0,70,205
06/19/2020,PIH,ID,ANM,WE,Federal Contract Tower,1,9,8,0,18,0,2,44,0,46,1,11,52,0,64,46,0,46,110
06/20/2020,PIH,ID,ANM,WE,Federal Contract Tower,0,4,2,0,6,0,0,53,0,53,0,4,55,0,59,54,0,54,113
06/21/2020,PIH,ID,ANM,WE,Federal Contract Tower,1,1,1,0,3,0,1,8,0,9,1,2,9,0,12,16,0,16,28
06/22/2020,PIH,ID,ANM,WE,Federal Contract Tower,0,6,5,0,11,0,2,45,4,51,0,8,50,4,62,50,0,50,112
06/23/2020,PIH,ID,ANM,WE,Federal Contract Tower,0,10,3,0,13,0,0,72,0,72,0,10,75,0,85,64,0,64,149
06/24/2020,PIH,ID,ANM,WE,Federal Contract Tower,0,13,4,0,17,0,1,29,0,30,0,14,33,0,47,16,0,16,63
06/25/2020,PIH,ID,ANM,WE,Federal Contract Tower,0,15,1,0,16,0,0,34,0,34,0,15,35,0,50,70,0,70,120
06/26/2020,PIH,ID,ANM,WE,Federal Contract Tower,5,10,2,0,17,0,2,55,0,57,5,12,57,0,74,20,0,20,94
06/27/2020,PIH,ID,ANM,WE,Federal Contract Tower,6,3,1,0,10,0,1,35,0,36,6,4,36,0,46,26,0,26,72
06/28/2020,PIH,ID,ANM,WE,Federal Contract Tower,2,2,3,0,7,0,0,1,0,1,2,2,4,0,8,0,0,0,8
06/29/2020,PIH,ID,ANM,WE,Federal Contract Tower,3,6,6,0,15,0,0,6,0,6,3,6,12,0,21,0,0,0,21
06/30/2020,PIH,ID,ANM,WE,Federal Contract Tower,1,10,1,0,12,0,0,11,0,11,1,10,12,0,23,6,0,6,29
07/01/2020,PIH,ID,ANM,WE,Federal Contract Tower,1,11,7,0,19,0,1,27,0,28,1,12,34,0,47,12,0,12,59
07/02/2020,PIH,ID,ANM,WE,Federal Contract Tower,10,10,6,0,26,7,46,34,0,87,17,56,40,0,113,4,0,4,117
07/03/2020,PIH,ID,ANM,WE,Federal Contract Tower,4,8,6,0,18,4,2,47,0,53,8,10,53,0,71,40,0,40,111
07/04/2020,PIH,ID,ANM,WE,Federal Contract Tower,2,0,1,0,3,0,2,22,0,24,2,2,23,0,27,6,0,6,33
07/05/2020,PIH,ID,ANM,WE,Federal Contract Tower,2,3,0,0,5,0,3,19,0,22,2,6,19,0,27,0,0,0,27
07/06/2020,PIH,ID,ANM,WE,Federal Contract Tower,2,8,1,0,11,0,4,27,0,31,2,12,28,0,42,2,0,2,44
07/07/2020,PIH,ID,ANM,WE,Federal Contract Tower,3,11,6,0,20,4,8,4,0,16,7,19,10,0,36,0,0,0,36
07/08/2020,PIH,ID,ANM,WE,Federal Contract Tower,1,14,7,10,32,1,25,22,0,48,2,39,29,10,80,10,8,18,98
07/09/2020,PIH,ID,ANM,WE,Federal Contract Tower,2,12,8,0,22,0,5,55,0,60,2,17,63,0,82,24,0,24,106
07/10/2020,PIH,ID,ANM,WE,Federal Contract Tower,2,11,2,0,15,0,2,32,0,34,2,13,34,0,49,66,0,66,115
07/11/2020,PIH,ID,ANM,WE,Federal Contract Tower,0,6,2,0,8,0,3,44,0,47,0,9,46,0,55,45,0,45,100
07/12/2020,PIH,ID,ANM,WE,Federal Contract Tower,0,4,1,0,5,0,3,10,0,13,0,7,11,0,18,2,0,2,20
07/13/2020,PIH,ID,ANM,WE,Federal Contract Tower,3,9,3,0,15,4,1,26,0,31,7,10,29,0,46,4,0,4,50
07/14/2020,PIH,ID,ANM,WE,Federal Contract Tower,2,15,8,0,25,0,1,92,0,93,2,16,100,0,118,112,0,112,230
07/15/2020,PIH,ID,ANM,WE,Federal Contract Tower,2,15,16,0,33,0,9,50,0,59,2,24,66,0,92,38,0,38,130
07/16/2020,PIH,ID,ANM,WE,Federal Contract Tower,3,17,11,0,31,2,1,51,0,54,5,18,62,0,85,30,0,30,115
07/17/2020,PIH,ID,ANM,WE,Federal Contract Tower,6,11,6,0,23,1,11,58,0,70,7,22,64,0,93,32,0,32,125
07/18/2020,PIH,ID,ANM,WE,Federal Contract Tower,0,4,1,0,5,0,7,56,0,63,0,11,57,0,68,14,0,14,82
07/19/2020,PIH,ID,ANM,WE,Federal Contract Tower,1,9,2,0,12,0,113,26,0,139,1,122,28,0,151,0,0,0,151
07/20/2020,PIH,ID,ANM,WE,Federal Contract Tower,3,10,10,0,23,8,10,46,0,64,11,20,56,0,87,0,0,0,87
07/21/2020,PIH,ID,ANM,WE,Federal Contract Tower,1,13,10,0,24,0,8,29,0,37,1,21,39,0,61,28,0,28,89
07/22/2020,PIH,ID,ANM,WE,Federal Contract Tower,4,12,5,0,21,0,8,25,0,33,4,20,30,0,54,2,0,2,56
07/23/2020,PIH,ID,ANM,WE,Federal Contract Tower,0,12,8,0,20,3,28,47,0,78,3,40,55,0,98,18,0,18,116
07/24/2020,PIH,ID,ANM,WE,Federal Contract Tower,1,15,5,0,21,1,4,44,0,49,2,19,49,0,70,6,0,6,76
07/25/2020,PIH,ID,ANM,WE,Federal Contract Tower,0,10,2,0,12,7,25,39,0,71,7,35,41,0,83,40,0,40,123
07/26/2020,PIH,ID,ANM,WE,Federal Contract Tower,1,7,7,0,15,0,13,39,0,52,1,20,46,0,67,0,0,0,67
07/27/2020,PIH,ID,ANM,WE,Federal Contract Tower,1,11,11,0,23,1,18,61,0,80,2,29,72,0,103,12,0,12,115
07/28/2020,PIH,ID,ANM,WE,Federal Contract Tower,0,10,7,1,18,1,14,42,0,57,1,24,49,1,75,54,0,54,129
07/29/2020,PIH,ID,ANM,WE,Federal Contract Tower,3,14,20,0,37,1,9,95,0,105,4,23,115,0,142,50,0,50,192
07/30/2020,PIH,ID,ANM,WE,Federal Contract Tower,2,14,8,0,24,1,7,62,0,70,3,21,70,0,94,46,0,46,140
07/31/2020,PIH,ID,ANM,WE,Federal Contract Tower,4,7,5,0,16,12,11,59,0,82,16,18,64,0,98,30,0,30,128
08/01/2020,PIH,ID,ANM,WE,Federal Contract Tower,1,4,15,0,20,2,11,36,0,49,3,15,51,0,69,6,0,6,75
08/02/2020,PIH,ID,ANM,WE,Federal Contract Tower,0,6,9,0,15,0,1,33,2,36,0,7,42,2,51,0,0,0,51
08/03/2020,PIH,ID,ANM,WE,Federal Contract Tower,0,11,0,0,11,4,5,12,0,21,4,16,12,0,32,0,0,0,32
08/04/2020,PIH,ID,ANM,WE,Federal Contract Tower,0,14,19,0,33,1,2,50,0,53,1,16,69,0,86,36,0,36,122
08/05/2020,PIH,ID,ANM,WE,Federal Contract Tower,0,15,3,0,18,0,2,50,0,52,0,17,53,0,70,8,0,8,78
08/06/2020,PIH,ID,ANM,WE,Federal Contract Tower,2,15,6,2,25,7,8,27,2,44,9,23,33,4,69,0,0,0,69
08/07/2020,PIH,ID,ANM,WE,Federal Contract Tower,0,16,4,1,21,24,4,52,1,81,24,20,56,2,102,16,0,16,118
08/08/2020,PIH,ID,ANM,WE,Federal Contract Tower,0,8,2,0,10,0,35,60,0,95,0,43,62,0,105,28,0,28,133
08/09/2020,PIH,ID,ANM,WE,Federal Contract Tower,1,7,5,0,13,0,2,25,0,27,1,9,30,0,40,4,0,4,44
08/10/2020,PIH,ID,ANM,WE,Federal Contract Tower,0,12,8,0,20,2,3,41,0,46,2,15,49,0,66,0,0,0,66
08/11/2020,PIH,ID,ANM,WE,Federal Contract Tower,0,16,9,0,25,0,3,36,0,39,0,19,45,0,64,14,0,14,78
08/12/2020,PIH,ID,ANM,WE,Federal Contract Tower,3,16,2,0,21,4,4,19,0,27,7,20,21,0,48,24,0,24,72
08/13/2020,PIH,ID,ANM,WE,Federal Contract Tower,2,13,8,0,23,2,17,42,2,63,4,30,50,2,86,22,0,22,108
08/14/2020,PIH,ID,ANM,WE,Federal Contract Tower,2,13,9,0,24,2,6,45,0,53,4,19,54,0,77,32,0,32,109
08/15/2020,PIH,ID,ANM,WE,Federal Contract Tower,1,5,6,0,12,14,33,52,0,99,15,38,58,0,111,4,0,4,115
08/16/2020,PIH,ID,ANM,WE,Federal Contract Tower,0,9,6,0,15,0,4,34,2,40,0,13,40,2,55,10,0,10,65
08/17/2020,PIH,ID,ANM,WE,Federal Contract Tower,0,15,4,0,19,0,14,51,0,65,0,29,55,0,84,16,0,16,100
08/18/2020,PIH,ID,ANM,WE,Federal Contract Tower,0,15,18,0,33,10,61,54,0,125,10,76,72,0,158,33,0,33,191
08/19/2020,PIH,ID,ANM,WE,Federal Contract Tower,1,14,3,0,18,11,72,28,0,111,12,86,31,0,129,0,0,0,129
08/20/2020,PIH,ID,ANM,WE,Federal Contract Tower,2,20,12,0,34,3,1,20,0,24,5,21,32,0,58,8,0,8,66
08/21/2020,PIH,ID,ANM,WE,Federal Contract Tower,6,10,5,0,21,3,3,46,0,52,9,13,51,0,73,44,0,44,117
08/22/2020,PIH,ID,ANM,WE,Federal Contract Tower,2,8,2,0,12,1,1,23,0,25,3,9,25,0,37,12,0,12,49
08/23/2020,PIH,ID,ANM,WE,Federal Contract Tower,2,8,1,0,11,0,0,13,0,13,2,8,14,0,24,0,0,0,24
08/24/2020,PIH,ID,ANM,WE,Federal Contract Tower,1,14,2,0,17,0,24,13,0,37,1,38,15,0,54,8,0,8,62
08/25/2020,PIH,ID,ANM,WE,Federal Contract Tower,1,15,6,0,22,11,58,24,0,93,12,73,30,0,115,20,0,20,135
08/26/2020,PIH,ID,ANM,WE,Federal Contract Tower,0,15,2,0,17,2,5,40,0,47,2,20,42,0,64,38,0,38,102
08/27/2020,PIH,ID,ANM,WE,Federal Contract Tower,0,13,2,4,19,0,13,43,0,56,0,26,45,4,75,34,10,44,119
08/28/2020,PIH,ID,ANM,WE,Federal Contract Tower,0,16,2,0,18,6,19,80,0,105,6,35,82,0,123,58,0,58,181
08/29/2020,PIH,ID,ANM,WE,Federal Contract Tower,0,6,6,0,12,0,3,33,0,36,0,9,39,0,48,40,0,40,88
08/30/2020,PIH,ID,ANM,WE,Federal Contract Tower,0,7,2,0,9,3,3,12,0,18,3,10,14,0,27,0,0,0,27
08/31/2020,PIH,ID,ANM,WE,Federal Contract Tower,0,16,6,0,22,0,6,28,0,34,0,22,34,0,56,0,0,0,56
09/01/2020,PIH,ID,ANM,WE,Federal Contract Tower,0,15,6,0,21,0,0,57,0,57,0,15,63,0,78,50,0,50,128
09/02/2020,PIH,ID,ANM,WE,Federal Contract Tower,1,13,3,2,19,0,5,47,0,52,1,18,50,2,71,36,0,36,107
09/03/2020,PIH,ID,ANM,WE,Federal Contract Tower,1,14,8,0,23,2,0,55,0,57,3,14,63,0,80,50,0,50,130
09/04/2020,PIH,ID,ANM,WE,Federal Contract Tower,2,14,6,0,22,2,2,59,0,63,4,16,65,0,85,30,0,30,115
09/05/2020,PIH,ID,ANM,WE,Federal Contract Tower,1,7,0,0,8,1,0,33,0,34,2,7,33,0,42,12,0,12,54
09/06/2020,PIH,ID,ANM,WE,Federal Contract Tower,5,7,1,0,13,3,10,15,0,28,8,17,16,0,41,0,0,0,41
09/07/2020,PIH,ID,ANM,WE,Federal Contract Tower,5,9,1,0,15,8,1,27,0,36,13,10,28,0,51,6,0,6,57
09/08/2020,PIH,ID,ANM,WE,Federal Contract Tower,1,16,3,0,20,1,2,9,0,12,2,18,12,0,32,10,0,10,42
09/09/2020,PIH,ID,ANM,WE,Federal Contract Tower,0,19,7,0,26,2,0,41,1,44,2,19,48,1,70,34,16,50,120
09/10/2020,PIH,ID,ANM,WE,Federal Contract Tower,0,17,10,0,27,0,1,50,0,51,0,18,60,0,78,68,0,68,146
09/11/2020,PIH,ID,ANM,WE,Federal Contract Tower,1,13,6,2,22,0,0,46,0,46,1,13,52,2,68,22,4,26,94
09/12/2020,PIH,ID,ANM,WE,Federal Contract Tower,1,7,5,0,13,0,0,49,0,49,1,7,54,0,62,10,0,10,72
09/13/2020,PIH,ID,ANM,WE,Federal Contract Tower,2,11,1,0,14,11,6,8,0,25,13,17,9,0,39,8,0,8,47
09/14/2020,PIH,ID,ANM,WE,Federal Contract Tower,5,11,6,0,22,29,12,21,0,62,34,23,27,0,84,2,0,2,86
09/15/2020,PIH,ID,ANM,WE,Federal Contract Tower,6,15,6,0,27,17,11,43,0,71,23,26,49,0,98,10,0,10,108
09/16/2020,PIH,ID,ANM,WE,Federal Contract Tower,1,18,8,1,28,0,4,35,1,40,1,22,43,2,68,50,0,50,118
09/17/2020,PIH,ID,ANM,WE,Federal Contract Tower,8,17,6,0,31,1,1,47,0,49,9,18,53,0,80,100,0,100,180
09/18/2020,PIH,ID,ANM,WE,Federal Contract Tower,3,14,9,0,26,0,5,61,0,66,3,19,70,0,92,6,0,6,98
09/19/2020,PIH,ID,ANM,WE,Federal Contract Tower,2,6,0,0,8,2,3,28,0,33,4,9,28,0,41,0,0,0,41
09/20/2020,PIH,ID,ANM,WE,Federal Contract Tower,7,6,4,0,17,0,0,57,0,57,7,6,61,0,74,34,0,34,108
09/21/2020,PIH,ID,ANM,WE,Federal Contract Tower,4,10,3,0,17,3,10,19,0,32,7,20,22,0,49,8,0,8,57
09/22/2020,PIH,ID,ANM,WE,Federal Contract Tower,2,15,8,0,25,2,12,48,0,62,4,27,56,0,87,44,0,44,131
09/23/2020,PIH,ID,ANM,WE,Federal Contract Tower,4,16,4,0,24,0,6,36,0,42,4,22,40,0,66,40,0,40,106
09/24/2020,PIH,ID,ANM,WE,Federal Contract Tower,4,10,8,1,23,0,8,28,1,37,4,18,36,2,60,24,0,24,84
09/25/2020,PIH,ID,ANM,WE,Federal Contract Tower,0,16,8,0,24,2,5,54,0,61,2,21,62,0,85,10,0,10,95
09/26/2020,PIH,ID,ANM,WE,Federal Contract Tower,1,7,0,0,8,0,0,10,0,10,1,7,10,0,18,0,0,0,18
09/27/2020,PIH,ID,ANM,WE,Federal Contract Tower,4,7,3,0,14,0,1,58,0,59,4,8,61,0,73,6,0,6,79
09/28/2020,PIH,ID,ANM,WE,Federal Contract Tower,2,12,12,0,26,0,3,80,0,83,2,15,92,0,109,32,0,32,141
09/29/2020,PIH,ID,ANM,WE,Federal Contract Tower,0,16,10,0,26,0,14,66,0,80,0,30,76,0,106,52,0,52,158
09/30/2020,PIH,ID,ANM,WE,Federal Contract Tower,0,17,5,0,22,0,0,36,0,36,0,17,41,0,58,24,0,24,82
10/01/2020,PIH,ID,ANM,WE,Federal Contract Tower,0,15,9,0,24,0,3,51,0,54,0,18,60,0,78,22,0,22,100
10/02/2020,PIH,ID,ANM,WE,Federal Contract Tower,3,13,11,0,27,4,0,45,0,49,7,13,56,0,76,4,0,4,80
10/03/2020,PIH,ID,ANM,WE,Federal Contract Tower,0,5,0,0,5,2,3,53,0,58,2,8,53,0,63,42,0,42,105
10/04/2020,PIH,ID,ANM,WE,Federal Contract Tower,1,8,1,0,10,0,1,29,0,30,1,9,30,0,40,0,0,0,40
10/05/2020,PIH,ID,ANM,WE,Federal Contract Tower,3,10,8,0,21,1,11,34,0,46,4,21,42,0,67,44,0,44,111
10/06/2020,PIH,ID,ANM,WE,Federal Contract Tower,2,13,9,0,24,1,10,66,0,77,3,23,75,0,101,58,0,58,159
10/07/2020,PIH,ID,ANM,WE,Federal Contract Tower,0,14,7,0,21,0,1,43,0,44,0,15,50,0,65,14,0,14,79
10/08/2020,PIH,ID,ANM,WE,Federal Contract Tower,0,16,3,0,19,0,2,44,0,46,0,18,47,0,65,14,0,14,79
10/09/2020,PIH,ID,ANM,WE,Federal Contract Tower,0,9,12,0,21,1,0,36,0,37,1,9,48,0,58,57,0,57,115
10/10/2020,PIH,ID,ANM,WE,Federal Contract Tower,0,9,0,0,9,0,13,25,0,38,0,22,25,0,47,42,0,42,89
10/11/2020,PIH,ID,ANM,WE,Federal Contract Tower,1,5,4,0,10,0,7,2,0,9,1,12,6,0,19,0,0,0,19
10/12/2020,PIH,ID,ANM,WE,Federal Contract Tower,0,14,7,0,21,0,7,22,0,29,0,21,29,0,50,6,0,6,56
10/13/2020,PIH,ID,ANM,WE,Federal Contract Tower,0,13,5,0,18,0,0,26,0,26,0,13,31,0,44,0,0,0,44
10/14/2020,PIH,ID,ANM,WE,Federal Contract Tower,0,16,3,2,21,0,2,7,0,9,0,18,10,2,30,0,0,0,30
10/15/2020,PIH,ID,ANM,WE,Federal Contract Tower,0,15,11,0,26,5,2,53,0,60,5,17,64,0,86,20,0,20,106
10/16/2020,PIH,ID,ANM,WE,Federal Contract Tower,1,14,4,0,19,8,0,27,0,35,9,14,31,0,54,28,0,28,82
10/17/2020,PIH,ID,ANM,WE,Federal Contract Tower,1,5,2,0,8,2,4,2,0,8,3,9,4,0,16,0,0,0,16
10/18/2020,PIH,ID,ANM,WE,Federal Contract Tower,10,7,1,0,18,12,11,12,0,35,22,18,13,0,53,8,0,8,61
10/19/2020,PIH,ID,ANM,WE,Federal Contract Tower,3,9,2,0,14,14,3,15,0,32,17,12,17,0,46,0,0,0,46
10/20/2020,PIH,ID,ANM,WE,Federal Contract Tower,0,14,9,0,23,5,2,34,0,41,5,16,43,0,64,4,0,4,68
10/21/2020,PIH,ID,ANM,WE,Federal Contract Tower,0,13,10,0,23,1,0,6,0,7,1,13,16,0,30,0,0,0,30
10/22/2020,PIH,ID,ANM,WE,Federal Contract Tower,3,12,5,0,20,6,2,50,0,58,9,14,55,0,78,54,0,54,132
10/23/2020,PIH,ID,ANM,WE,Federal Contract Tower,2,12,5,0,19,2,0,47,0,49,4,12,52,0,68,22,0,22,90
10/24/2020,PIH,ID,ANM,WE,Federal Contract Tower,1,6,6,0,13,0,0,2,0,2,1,6,8,0,15,0,0,0,15
10/25/2020,PIH,ID,ANM,WE,Federal Contract Tower,0,5,0,0,5,0,0,3,0,3,0,5,3,0,8,0,0,0,8
10/26/2020,PIH,ID,ANM,WE,Federal Contract Tower,1,12,1,1,15,0,0,35,9,44,1,12,36,10,59,4,0,4,63
10/27/2020,PIH,ID,ANM,WE,Federal Contract Tower,0,13,3,0,16,0,0,41,0,41,0,13,44,0,57,6,0,6,63
10/28/2020,PIH,ID,ANM,WE,Federal Contract Tower,2,12,5,0,19,0,2,45,0,47,2,14,50,0,66,39,0,39,105
10/29/2020,PIH,ID,ANM,WE,Federal Contract Tower,0,13,4,0,17,0,0,65,0,65,0,13,69,0,82,22,0,22,104
10/30/2020,PIH,ID,ANM,WE,Federal Contract Tower,1,13,8,0,22,4,0,21,0,25,5,13,29,0,47,6,0,6,53
10/31/2020,PIH,ID,ANM,WE,Federal Contract Tower,0,6,1,0,7,2,5,28,0,35,2,11,29,0,42,4,0,4,46
11/01/2020,PIH,ID,ANM,WE,Federal Contract Tower,0,6,2,0,8,2,0,28,0,30,2,6,30,0,38,12,0,12,50
11/02/2020,PIH,ID,ANM,WE,Federal Contract Tower,1,9,10,2,22,2,0,37,0,39,3,9,47,2,61,34,0,34,95
11/03/2020,PIH,ID,ANM,WE,Federal Contract Tower,0,11,4,0,15,4,4,62,0,70,4,15,66,0,85,36,0,36,121
11/04/2020,PIH,ID,ANM,WE,Federal Contract Tower,0,13,2,0,15,0,2,45,0,47,0,15,47,0,62,20,0,20,82
11/05/2020,PIH,ID,ANM,WE,Federal Contract Tower,0,13,7,0,20,9,8,59,0,76,9,21,66,0,96,24,0,24,120
11/06/2020,PIH,ID,ANM,WE,Federal Contract Tower,1,18,3,0,22,1,7,20,2,30,2,25,23,2,52,8,0,8,60
11/07/2020,PIH,ID,ANM,WE,Federal Contract Tower,1,6,1,0,8,0,2,9,0,11,1,8,10,0,19,0,0,0,19
11/08/2020,PIH,ID,ANM,WE,Federal Contract Tower,0,9,1,0,10,0,0,0,0,0,0,9,1,0,10,0,0,0,10
11/09/2020,PIH,ID,ANM,WE,Federal Contract Tower,1,13,0,0,14,0,0,10,0,10,1,13,10,0,24,14,0,14,38
11/10/2020,PIH,ID,ANM,WE,Federal Contract Tower,0,14,2,0,16,0,0,2,0,2,0,14,4,0,18,6,0,6,24
11/11/2020,PIH,ID,ANM,WE,Federal Contract Tower,1,14,0,0,15,0,0,0,0,0,1,14,0,0,15,0,0,0,15
11/12/2020,PIH,ID,ANM,WE,Federal Contract Tower,1,15,5,0,21,0,0,50,0,50,1,15,55,0,71,36,0,36,107
11/13/2020,PIH,ID,ANM,WE,Federal Contract Tower,0,12,4,0,16,0,0,4,0,4,0,12,8,0,20,0,0,0,20
11/14/2020,PIH,ID,ANM,WE,Federal Contract Tower,0,4,2,0,6,0,0,3,0,3,0,4,5,0,9,0,0,0,9
11/15/2020,PIH,ID,ANM,WE,Federal Contract Tower,0,6,2,0,8,0,0,0,0,0,0,6,2,0,8,0,0,0,8
11/16/2020,PIH,ID,ANM,WE,Federal Contract Tower,0,10,2,0,12,0,2,42,0,44,0,12,44,0,56,44,0,44,100
11/17/2020,PIH,ID,ANM,WE,Federal Contract Tower,1,10,7,0,18,0,14,40,0,54,1,24,47,0,72,0,0,0,72
11/18/2020,PIH,ID,ANM,WE,Federal Contract Tower,0,17,6,2,25,0,0,13,0,13,0,17,19,2,38,16,0,16,54
11/19/2020,PIH,ID,ANM,WE,Federal Contract Tower,0,13,0,0,13,0,0,16,0,16,0,13,16,0,29,46,0,46,75
11/20/2020,PIH,ID,ANM,WE,Federal Contract Tower,0,18,13,0,31,0,1,55,0,56,0,19,68,0,87,43,0,43,130
11/21/2020,PIH,ID,ANM,WE,Federal Contract Tower,0,15,4,0,19,0,0,44,2,46,0,15,48,2,65,36,0,36,101
11/22/2020,PIH,ID,ANM,WE,Federal Contract Tower,0,7,3,0,10,0,0,21,0,21,0,7,24,0,31,16,0,16,47
11/23/2020,PIH,ID,ANM,WE,Federal Contract Tower,0,14,1,0,15,0,0,44,0,44,0,14,45,0,59,16,0,16,75
11/24/2020,PIH,ID,ANM,WE,Federal Contract Tower,0,19,3,0,22,0,0,7,2,9,0,19,10,2,31,24,0,24,55
11/25/2020,PIH,ID,ANM,WE,Federal Contract Tower,0,19,2,0,21,0,0,10,0,10,0,19,12,0,31,14,0,14,45
11/26/2020,PIH,ID,ANM,WE,Federal Contract Tower,0,5,0,0,5,0,0,2,0,2,0,5,2,0,7,0,0,0,7
11/27/2020,PIH,ID,ANM,WE,Federal Contract Tower,0,12,2,0,14,0,0,17,0,17,0,12,19,0,31,2,0,2,33
11/28/2020,PIH,ID,ANM,WE,Federal Contract Tower,0,9,4,0,13,0,5,38,0,43,0,14,42,0,56,14,0,14,70
11/29/2020,PIH,ID,ANM,WE,Federal Contract Tower,0,8,3,0,11,0,3,17,0,20,0,11,20,0,31,2,0,2,33
11/30/2020,PIH,ID,ANM,WE,Federal Contract Tower,0,10,1,0,11,0,0,50,0,50,0,10,51,0,61,24,0,24,85
12/01/2020,PIH,ID,ANM,WE,Federal Contract Tower,0,18,3,0,21,0,0,31,0,31,0,18,34,0,52,26,0,26,78
12/02/2020,PIH,ID,ANM,WE,Federal Contract Tower,2,11,0,1,14,0,0,27,14,41,2,11,27,15,55,18,0,18,73
12/03/2020,PIH,ID,ANM,WE,Federal Contract Tower,0,15,10,0,25,0,0,49,0,49,0,15,59,0,74,22,0,22,96
12/04/2020,PIH,ID,ANM,WE,Federal Contract Tower,0,15,9,0,24,0,0,60,0,60,0,15,69,0,84,84,0,84,168
12/05/2020,PIH,ID,ANM,WE,Federal Contract Tower,0,7,7,0,14,0,5,56,0,61,0,12,63,0,75,56,0,56,131
12/06/2020,PIH,ID,ANM,WE,Federal Contract Tower,0,6,3,0,9,0,0,27,0,27,0,6,30,0,36,14,0,14,50
12/07/2020,PIH,ID,ANM,WE,Federal Contract Tower,0,10,3,0,13,0,1,29,0,30,0,11,32,0,43,0,0,0,43
12/08/2020,PIH,ID,ANM,WE,Federal Contract Tower,0,12,5,0,17,0,0,53,0,53,0,12,58,0,70,60,0,60,130
12/09/2020,PIH,ID,ANM,WE,Federal Contract Tower,0,12,3,3,18,0,0,43,1,44,0,12,46,4,62,60,0,60,122
12/10/2020,PIH,ID,ANM,WE,Federal Contract Tower,0,15,7,0,22,0,0,31,2,33,0,15,38,2,55,44,0,44,99
12/11/2020,PIH,ID,ANM,WE,Federal Contract Tower,0,17,6,0,23,0,2,0,0,2,0,19,6,0,25,0,0,0,25
12/12/2020,PIH,ID,ANM,WE,Federal Contract Tower,0,7,5,0,12,0,1,14,0,15,0,8,19,0,27,31,0,31,58
12/13/2020,PIH,ID,ANM,WE,Federal Contract Tower,0,5,8,0,13,0,0,2,0,2,0,5,10,0,15,0,0,0,15
12/14/2020,PIH,ID,ANM,WE,Federal Contract Tower,0,10,3,0,13,0,0,0,0,0,0,10,3,0,13,0,0,0,13
12/15/2020,PIH,ID,ANM,WE,Federal Contract Tower,0,19,9,0,28,0,0,0,0,0,0,19,9,0,28,0,0,0,28
12/16/2020,PIH,ID,ANM,WE,Federal Contract Tower,0,16,1,0,17,0,0,13,0,13,0,16,14,0,30,66,0,66,96
12/17/2020,PIH,ID,ANM,WE,Federal Contract Tower,0,16,2,0,18,0,2,2,0,4,0,18,4,0,22,0,0,0,22
12/18/2020,PIH,ID,ANM,WE,Federal Contract Tower,0,18,3,2,23,0,0,4,0,4,0,18,7,2,27,0,0,0,27
12/19/2020,PIH,ID,ANM,WE,Federal Contract Tower,0,14,3,0,17,0,3,15,0,18,0,17,18,0,35,0,0,0,35
12/20/2020,PIH,ID,ANM,WE,Federal Contract Tower,0,10,2,0,12,0,0,0,0,0,0,10,2,0,12,0,0,0,12
12/21/2020,PIH,ID,ANM,WE,Federal Contract Tower,0,14,1,0,15,0,1,24,2,27,0,15,25,2,42,18,0,18,60
12/22/2020,PIH,ID,ANM,WE,Federal Contract Tower,0,18,0,0,18,0,0,0,0,0,0,18,0,0,18,0,0,0,18
12/23/2020,PIH,ID,ANM,WE,Federal Contract Tower,0,21,4,0,25,0,0,46,0,46,0,21,50,0,71,18,0,18,89
12/24/2020,PIH,ID,ANM,WE,Federal Contract Tower,0,9,5,0,14,0,1,10,0,11,0,10,15,0,25,0,0,0,25
12/25/2020,PIH,ID,ANM,WE,Federal Contract Tower,0,4,0,0,4,0,0,4,0,4,0,4,4,0,8,16,0,16,24
12/26/2020,PIH,ID,ANM,WE,Federal Contract Tower,0,11,3,0,14,0,1,0,0,1,0,12,3,0,15,0,0,0,15
12/27/2020,PIH,ID,ANM,WE,Federal Contract Tower,0,11,4,0,15,0,0,7,0,7,0,11,11,0,22,0,0,0,22
12/28/2020,PIH,ID,ANM,WE,Federal Contract Tower,0,12,0,0,12,0,0,28,0,28,0,12,28,0,40,0,0,0,40
12/29/2020,PIH,ID,ANM,WE,Federal Contract Tower,0,15,0,0,15,0,0,6,0,6,0,15,6,0,21,0,0,0,21
12/30/2020,PIH,ID,ANM,WE,Federal Contract Tower,0,19,1,0,20,0,0,8,1,9,0,19,9,1,29,20,0,20,49
12/31/2020,PIH,ID,ANM,WE,Federal Contract Tower,0,12,0,0,12,0,0,4,0,4,0,12,4,0,16,30,0,30,46
01/01/2021,PIH,ID,ANM,WE,Federal Contract Tower,1,5,1,0,7,0,0,10,0,10,1,5,11,0,17,10,0,10,27
01/02/2021,PIH,ID,ANM,WE,Federal Contract Tower,1,15,6,0,22,0,2,12,0,14,1,17,18,0,36,38,0,38,74
01/03/2021,PIH,ID,ANM,WE,Federal Contract Tower,0,9,2,0,11,0,0,0,0,0,0,9,2,0,11,0,0,0,11
01/04/2021,PIH,ID,ANM,WE,Federal Contract Tower,0,19,1,0,20,0,5,6,0,11,0,24,7,0,31,10,0,10,41
01/05/2021,PIH,ID,ANM,WE,Federal Contract Tower,0,13,5,0,18,0,0,21,0,21,0,13,26,0,39,50,0,50,89
01/06/2021,PIH,ID,ANM,WE,Federal Contract Tower,0,17,2,0,19,0,1,61,0,62,0,18,63,0,81,44,0,44,125
01/07/2021,PIH,ID,ANM,WE,Federal Contract Tower,1,12,2,0,15,0,0,2,2,4,1,12,4,2,19,10,0,10,29
01/08/2021,PIH,ID,ANM,WE,Federal Contract Tower,1,10,2,0,13,0,3,25,0,28,1,13,27,0,41,18,0,18,59
01/09/2021,PIH,ID,ANM,WE,Federal Contract Tower,0,8,3,0,11,0,1,2,0,3,0,9,5,0,14,0,0,0,14
01/10/2021,PIH,ID,ANM,WE,Federal Contract Tower,0,5,4,0,9,0,0,9,0,9,0,5,13,0,18,10,0,10,28
01/11/2021,PIH,ID,ANM,WE,Federal Contract Tower,0,12,5,0,17,0,0,36,0,36,0,12,41,0,53,20,0,20,73
01/12/2021,PIH,ID,ANM,WE,Federal Contract Tower,0,14,2,0,16,0,0,14,0,14,0,14,16,0,30,26,0,26,56
01/13/2021,PIH,ID,ANM,WE,Federal Contract Tower,0,16,0,0,16,0,0,0,0,0,0,16,0,0,16,0,0,0,16
01/14/2021,PIH,ID,ANM,WE,Federal Contract Tower,0,15,9,0,24,0,2,62,0,64,0,17,71,0,88,86,0,86,174
01/15/2021,PIH,ID,ANM,WE,Federal Contract Tower,0,17,9,0,26,0,0,70,2,72,0,17,79,2,98,48,0,48,146
01/16/2021,PIH,ID,ANM,WE,Federal Contract Tower,0,8,6,0,14,0,1,5,0,6,0,9,11,0,20,0,0,0,20
01/17/2021,PIH,ID,ANM,WE,Federal Contract Tower,0,4,3,0,7,0,0,17,0,17,0,4,20,0,24,0,0,0,24
01/18/2021,PIH,ID,ANM,WE,Federal Contract Tower,0,12,4,0,16,0,1,22,0,23,0,13,26,0,39,44,0,44,83
01/19/2021,PIH,ID,ANM,WE,Federal Contract Tower,0,13,10,0,23,0,2,61,0,63,0,15,71,0,86,64,0,64,150
01/20/2021,PIH,ID,ANM,WE,Federal Contract Tower,0,12,0,0,12,0,0,57,0,57,0,12,57,0,69,66,0,66,135
01/21/2021,PIH,ID,ANM,WE,Federal Contract Tower,0,16,3,0,19,0,0,12,2,14,0,16,15,2,33,22,0,22,55
01/22/2021,PIH,ID,ANM,WE,Federal Contract Tower,0,16,1,0,17,0,3,17,0,20,0,19,18,0,37,8,0,8,45
01/23/2021,PIH,ID,ANM,WE,Federal Contract Tower,0,6,4,0,10,0,4,38,0,42,0,10,42,0,52,0,0,0,52
01/24/2021,PIH,ID,ANM,WE,Federal Contract Tower,0,7,1,0,8,0,0,35,0,35,0,7,36,0,43,16,0,16,59
01/25/2021,PIH,ID,ANM,WE,Federal Contract Tower,1,10,5,0,16,0,0,45,0,45,1,10,50,0,61,22,0,22,83
01/26/2021,PIH,ID,ANM,WE,Federal Contract Tower,1,18,2,0,21,0,0,13,0,13,1,18,15,0,34,0,0,0,34
01/27/2021,PIH,ID,ANM,WE,Federal Contract Tower,0,25,1,0,26,0,0,2,0,2,0,25,3,0,28,0,0,0,28
01/28/2021,PIH,ID,ANM,WE,Federal Contract Tower,0,15,0,0,15,0,0,2,0,2,0,15,2,0,17,18,0,18,35
01/29/2021,PIH,ID,ANM,WE,Federal Contract Tower,2,13,5,0,20,0,0,0,0,0,2,13,5,0,20,0,0,0,20
01/30/2021,PIH,ID,ANM,WE,Federal Contract Tower,2,5,3,0,10,0,2,22,0,24,2,7,25,0,34,0,0,0,34
01/31/2021,PIH,ID,ANM,WE,Federal Contract Tower,0,11,4,0,15,0,5,55,0,60,0,16,59,0,75,26,0,26,101
02/01/2021,PIH,ID,ANM,WE,Federal Contract Tower,0,9,4,0,13,0,0,60,0,60,0,9,64,0,73,12,0,12,85
02/02/2021,PIH,ID,ANM,WE,Federal Contract Tower,2,18,6,0,26,0,0,18,0,18,2,18,24,0,44,0,0,0,44
02/03/2021,PIH,ID,ANM,WE,Federal Contract Tower,0,18,0,0,18,0,0,6,0,6,0,18,6,0,24,0,0,0,24
02/04/2021,PIH,ID,ANM,WE,Federal Contract Tower,0,12,0,0,12,0,0,1,0,1,0,12,1,0,13,0,0,0,13
02/05/2021,PIH,ID,ANM,WE,Federal Contract Tower,0,18,3,0,21,0,0,1,0,1,0,18,4,0,22,0,0,0,22
02/06/2021,PIH,ID,ANM,WE,Federal Contract Tower,0,7,5,0,12,0,2,14,0,16,0,9,19,0,28,0,0,0,28
02/07/2021,PIH,ID,ANM,WE,Federal Contract Tower,0,8,0,0,8,0,1,10,0,11,0,9,10,0,19,4,0,4,23
02/08/2021,PIH,ID,ANM,WE,Federal Contract Tower,0,13,3,0,16,0,8,4,0,12,0,21,7,0,28,18,0,18,46
02/09/2021,PIH,ID,ANM,WE,Federal Contract Tower,0,11,2,0,13,0,0,7,0,7,0,11,9,0,20,0,0,0,20
02/10/2021,PIH,ID,ANM,WE,Federal Contract Tower,0,19,3,2,24,0,5,3,0,8,0,24,6,2,32,0,0,0,32
02/11/2021,PIH,ID,ANM,WE,Federal Contract Tower,0,15,2,0,17,0,0,0,0,0,0,15,2,0,17,0,0,0,17
02/12/2021,PIH,ID,ANM,WE,Federal Contract Tower,0,16,0,0,16,0,0,0,0,0,0,16,0,0,16,0,0,0,16
02/13/2021,PIH,ID,ANM,WE,Federal Contract Tower,0,8,3,0,11,0,0,1,0,1,0,8,4,0,12,0,0,0,12
02/14/2021,PIH,ID,ANM,WE,Federal Contract Tower,0,6,3,0,9,0,0,9,0,9,0,6,12,0,18,0,0,0,18
02/15/2021,PIH,ID,ANM,WE,Federal Contract Tower,0,9,3,0,12,0,0,7,0,7,0,9,10,0,19,0,0,0,19
02/16/2021,PIH,ID,ANM,WE,Federal Contract Tower,0,16,7,0,23,0,0,1,0,1,0,16,8,0,24,0,0,0,24
02/17/2021,PIH,ID,ANM,WE,Federal Contract Tower,0,12,2,0,14,0,4,23,0,27,0,16,25,0,41,16,0,16,57
02/18/2021,PIH,ID,ANM,WE,Federal Contract Tower,0,19,0,0,19,0,3,6,0,9,0,22,6,0,28,12,0,12,40
02/19/2021,PIH,ID,ANM,WE,Federal Contract Tower,0,18,1,0,19,0,0,5,0,5,0,18,6,0,24,0,0,0,24
02/20/2021,PIH,ID,ANM,WE,Federal Contract Tower,0,6,0,0,6,0,1,6,0,7,0,7,6,0,13,0,0,0,13
02/21/2021,PIH,ID,ANM,WE,Federal Contract Tower,0,7,1,0,8,0,0,0,0,0,0,7,1,0,8,0,0,0,8
02/22/2021,PIH,ID,ANM,WE,Federal Contract Tower,0,8,1,0,9,0,3,16,0,19,0,11,17,0,28,0,0,0,28
02/23/2021,PIH,ID,ANM,WE,Federal Contract Tower,0,18,10,0,28,0,3,14,0,17,0,21,24,0,45,10,0,10,55
02/24/2021,PIH,ID,ANM,WE,Federal Contract Tower,0,14,4,0,18,0,2,74,0,76,0,16,78,0,94,32,0,32,126
02/25/2021,PIH,ID,ANM,WE,Federal Contract Tower,0,16,2,0,18,0,0,30,0,30,0,16,32,0,48,20,0,20,68
02/26/2021,PIH,ID,ANM,WE,Federal Contract Tower,0,17,2,0,19,0,0,0,0,0,0,17,2,0,19,0,0,0,19
02/27/2021,PIH,ID,ANM,WE,Federal Contract Tower,0,13,1,0,14,0,0,30,0,30,0,13,31,0,44,36,0,36,80
02/28/2021,PIH,ID,ANM,WE,Federal Contract Tower,0,7,5,2,14,0,2,19,0,21,0,9,24,2,35,16,12,28,63
03/01/2021,PIH,ID,ANM,WE,Federal Contract Tower,0,12,1,2,15,0,1,42,0,43,0,13,43,2,58,32,0,32,90
03/02/2021,PIH,ID,ANM,WE,Federal Contract Tower,0,12,6,0,18,0,0,63,0,63,0,12,69,0,81,66,0,66,147
03/03/2021,PIH,ID,ANM,WE,Federal Contract Tower,0,14,8,0,22,0,0,61,0,61,0,14,69,0,83,68,0,68,151
03/04/2021,PIH,ID,ANM,WE,Federal Contract Tower,0,16,8,0,24,0,0,70,0,70,0,16,78,0,94,66,0,66,160
03/05/2021,PIH,ID,ANM,WE,Federal Contract Tower,0,11,0,0,11,0,1,34,0,35,0,12,34,0,46,4,0,4,50
03/06/2021,PIH,ID,ANM,WE,Federal Contract Tower,0,6,4,0,10,0,0,22,0,22,0,6,26,0,32,4,0,4,36
03/07/2021,PIH,ID,ANM,WE,Federal Contract Tower,0,5,4,0,9,0,0,37,0,37,0,5,41,0,46,36,0,36,82
03/08/2021,PIH,ID,ANM,WE,Federal Contract Tower,0,10,2,0,12,0,0,7,0,7,0,10,9,0,19,0,0,0,19
03/09/2021,PIH,ID,ANM,WE,Federal Contract Tower,0,13,2,0,15,0,3,15,0,18,0,16,17,0,33,12,0,12,45
03/10/2021,PIH,ID,ANM,WE,Federal Contract Tower,0,14,5,0,19,0,1,47,0,48,0,15,52,0,67,32,0,32,99
03/11/2021,PIH,ID,ANM,WE,Federal Contract Tower,0,13,7,0,20,0,0,47,0,47,0,13,54,0,67,30,0,30,97
03/12/2021,PIH,ID,ANM,WE,Federal Contract Tower,0,12,4,0,16,0,8,40,0,48,0,20,44,0,64,44,0,44,108
03/13/2021,PIH,ID,ANM,WE,Federal Contract Tower,0,4,5,0,9,0,2,56,0,58,0,6,61,0,67,28,0,28,95
03/14/2021,PIH,ID,ANM,WE,Federal Contract Tower,0,7,4,0,11,0,0,22,0,22,0,7,26,0,33,28,0,28,61
03/15/2021,PIH,ID,ANM,WE,Federal Contract Tower,1,11,2,0,14,0,1,28,0,29,1,12,30,0,43,24,0,24,67
03/16/2021,PIH,ID,ANM,WE,Federal Contract Tower,1,15,6,2,24,0,13,28,4,45,1,28,34,6,69,0,22,22,91
03/17/2021,PIH,ID,ANM,WE,Federal Contract Tower,0,18,8,0,26,0,0,74,0,74,0,18,82,0,100,24,0,24,124
03/18/2021,PIH,ID,ANM,WE,Federal Contract Tower,0,17,9,0,26,0,0,50,0,50,0,17,59,0,76,20,0,20,96
03/19/2021,PIH,ID,ANM,WE,Federal Contract Tower,0,12,5,0,17,0,0,25,0,25,0,12,30,0,42,36,0,36,78
03/20/2021,PIH,ID,ANM,WE,Federal Contract Tower,0,10,3,0,13,0,0,10,0,10,0,10,13,0,23,0,0,0,23
03/21/2021,PIH,ID,ANM,WE,Federal Contract Tower,2,10,6,0,18,0,0,13,0,13,2,10,19,0,31,10,0,10,41
03/22/2021,PIH,ID,ANM,WE,Federal Contract Tower,0,11,3,0,14,0,0,1,0,1,0,11,4,0,15,0,0,0,15
03/23/2021,PIH,ID,ANM,WE,Federal Contract Tower,0,21,2,0,23,0,4,16,0,20,0,25,18,0,43,18,0,18,61
03/24/2021,PIH,ID,ANM,WE,Federal Contract Tower,0,17,5,8,30,0,9,35,4,48,0,26,40,12,78,28,10,38,116
03/25/2021,PIH,ID,ANM,WE,Federal Contract Tower,0,12,0,0,12,0,0,0,0,0,0,12,0,0,12,0,0,0,12
03/26/2021,PIH,ID,ANM,WE,Federal Contract Tower,2,13,3,0,18,0,0,11,0,11,2,13,14,0,29,0,0,0,29
03/27/2021,PIH,ID,ANM,WE,Federal Contract Tower,3,7,5,0,15,0,2,71,0,73,3,9,76,0,88,62,0,62,150
03/28/2021,PIH,ID,ANM,WE,Federal Contract Tower,0,7,3,0,10,0,0,11,0,11,0,7,14,0,21,2,0,2,23
03/29/2021,PIH,ID,ANM,WE,Federal Contract Tower,0,8,6,0,14,0,0,2,0,2,0,8,8,0,16,0,0,0,16
03/30/2021,PIH,ID,ANM,WE,Federal Contract Tower,0,14,2,0,16,0,4,62,0,66,0,18,64,0,82,12,0,12,94
03/31/2021,PIH,ID,ANM,WE,Federal Contract Tower,0,15,10,0,25,0,3,67,0,70,0,18,77,0,95,26,0,26,121
04/01/2021,PIH,ID,ANM,WE,Federal Contract Tower,0,20,2,8,30,0,0,46,0,46,0,20,48,8,76,58,0,58,134
04/02/2021,PIH,ID,ANM,WE,Federal Contract Tower,1,14,0,0,15,0,1,51,2,54,1,15,51,2,69,34,0,34,103
04/03/2021,PIH,ID,ANM,WE,Federal Contract Tower,2,4,3,2,11,0,4,44,0,48,2,8,47,2,59,18,8,26,85
04/04/2021,PIH,ID,ANM,WE,Federal Contract Tower,0,8,2,0,10,0,0,8,0,8,0,8,10,0,18,0,0,0,18
04/05/2021,PIH,ID,ANM,WE,Federal Contract Tower,0,16,2,0,18,0,0,3,0,3,0,16,5,0,21,0,0,0,21
04/06/2021,PIH,ID,ANM,WE,Federal Contract Tower,0,12,2,0,14,0,0,18,0,18,0,12,20,0,32,0,0,0,32
04/07/2021,PIH,ID,ANM,WE,Federal Contract Tower,0,17,6,0,23,0,0,43,0,43,0,17,49,0,66,22,0,22,88
04/08/2021,PIH,ID,ANM,WE,Federal Contract Tower,0,14,0,0,14,0,0,2,0,2,0,14,2,0,16,0,0,0,16
04/09/2021,PIH,ID,ANM,WE,Federal Contract Tower,0,14,0,0,14,0,0,73,0,73,0,14,73,0,87,26,0,26,113
04/10/2021,PIH,ID,ANM,WE,Federal Contract Tower,0,6,1,0,7,0,2,10,0,12,0,8,11,0,19,0,0,0,19
04/11/2021,PIH,ID,ANM,WE,Federal Contract Tower,0,6,2,0,8,0,0,22,12,34,0,6,24,12,42,22,0,22,64
04/12/2021,PIH,ID,ANM,WE,Federal Contract Tower,0,12,8,2,22,0,1,67,0,68,0,13,75,2,90,18,0,18,108
04/13/2021,PIH,ID,ANM,WE,Federal Contract Tower,0,11,3,0,14,0,0,28,0,28,0,11,31,0,42,0,0,0,42
04/14/2021,PIH,ID,ANM,WE,Federal Contract Tower,0,18,2,2,22,0,0,0,0,0,0,18,2,2,22,0,0,0,22
04/15/2021,PIH,ID,ANM,WE,Federal Contract Tower,0,14,3,0,17,0,0,0,0,0,0,14,3,0,17,0,0,0,17
04/16/2021,PIH,ID,ANM,WE,Federal Contract Tower,0,12,5,0,17,0,0,34,0,34,0,12,39,0,51,82,0,82,133
04/17/2021,PIH,ID,ANM,WE,Federal Contract Tower,0,9,5,0,14,0,2,77,0,79,0,11,82,0,93,12,0,12,105
04/18/2021,PIH,ID,ANM,WE,Federal Contract Tower,0,7,4,0,11,0,0,38,0,38,0,7,42,0,49,24,0,24,73
04/19/2021,PIH,ID,ANM,WE,Federal Contract Tower,0,8,1,0,9,0,1,4,0,5,0,9,5,0,14,6,0,6,20
04/20/2021,PIH,ID,ANM,WE,Federal Contract Tower,0,12,7,2,21,0,0,50,0,50,0,12,57,2,71,40,0,40,111
04/21/2021,PIH,ID,ANM,WE,Federal Contract Tower,0,14,3,0,17,0,0,62,0,62,0,14,65,0,79,60,0,60,139
04/22/2021,PIH,ID,ANM,WE,Federal Contract Tower,0,16,2,0,18,0,4,34,2,40,0,20,36,2,58,10,0,10,68
04/23/2021,PIH,ID,ANM,WE,Federal Contract Tower,0,15,6,0,21,0,7,62,2,71,0,22,68,2,92,43,0,43,135
04/24/2021,PIH,ID,ANM,WE,Federal Contract Tower,0,5,4,2,11,0,2,45,0,47,0,7,49,2,58,0,0,0,58
04/25/2021,PIH,ID,ANM,WE,Federal Contract Tower,0,7,0,0,7,0,0,9,0,9,0,7,9,0,16,0,0,0,16
04/26/2021,PIH,ID,ANM,WE,Federal Contract Tower,0,11,1,0,12,0,0,0,0,0,0,11,1,0,12,0,0,0,12
04/27/2021,PIH,ID,ANM,WE,Federal Contract Tower,0,16,10,0,26,0,3,24,0,27,0,19,34,0,53,2,0,2,55
04/28/2021,PIH,ID,ANM,WE,Federal Contract Tower,0,12,14,2,28,0,0,48,0,48,0,12,62,2,76,8,0,8,84
04/29/2021,PIH,ID,ANM,WE,Federal Contract Tower,0,16,10,0,26,0,0,63,0,63,0,16,73,0,89,24,0,24,113
04/30/2021,PIH,ID,ANM,WE,Federal Contract Tower,0,16,4,0,20,0,10,58,0,68,0,26,62,0,88,26,0,26,114
05/01/2021,PIH,ID,ANM,WE,Federal Contract Tower,0,5,3,0,8,0,2,22,0,24,0,7,25,0,32,14,0,14,46
05/02/2021,PIH,ID,ANM,WE,Federal Contract Tower,0,8,2,0,10,0,0,11,0,11,0,8,13,0,21,30,0,30,51
05/03/2021,PIH,ID,ANM,WE,Federal Contract Tower,0,10,5,0,15,0,4,66,0,70,0,14,71,0,85,54,0,54,139
05/04/2021,PIH,ID,ANM,WE,Federal Contract Tower,0,14,7,1,22,0,0,40,1,41,0,14,47,2,63,12,0,12,75
05/05/2021,PIH,ID,ANM,WE,Federal Contract Tower,0,12,10,2,24,0,1,92,0,93,0,13,102,2,117,36,0,36,153
05/06/2021,PIH,ID,ANM,WE,Federal Contract Tower,0,13,11,0,24,0,8,49,0,57,0,21,60,0,81,12,0,12,93
05/07/2021,PIH,ID,ANM,WE,Federal Contract Tower,0,15,5,0,20,0,5,6,1,12,0,20,11,1,32,0,0,0,32
05/08/2021,PIH,ID,ANM,WE,Federal Contract Tower,0,6,3,0,9,0,4,16,0,20,0,10,19,0,29,0,0,0,29
05/09/2021,PIH,ID,ANM,WE,Federal Contract Tower,0,9,2,0,11,0,0,25,0,25,0,9,27,0,36,16,0,16,52
05/10/2021,PIH,ID,ANM,WE,Federal Contract Tower,0,16,1,0,17,0,2,11,0,13,0,18,12,0,30,0,0,0,30
05/11/2021,PIH,ID,ANM,WE,Federal Contract Tower,0,12,5,0,17,0,0,74,0,74,0,12,79,0,91,34,0,34,125
05/12/2021,PIH,ID,ANM,WE,Federal Contract Tower,0,16,14,0,30,0,1,66,0,67,0,17,80,0,97,38,0,38,135
05/13/2021,PIH,ID,ANM,WE,Federal Contract Tower,0,14,10,0,24,0,0,38,0,38,0,14,48,0,62,18,0,18,80
05/14/2021,PIH,ID,ANM,WE,Federal Contract Tower,0,14,4,0,18,0,0,42,0,42,0,14,46,0,60,54,0,54,114
05/15/2021,PIH,ID,ANM,WE,Federal Contract Tower,0,5,3,0,8,0,2,45,0,47,0,7,48,0,55,70,0,70,125
05/16/2021,PIH,ID,ANM,WE,Federal Contract Tower,0,5,5,0,10,0,2,35,0,37,0,7,40,0,47,8,0,8,55
05/17/2021,PIH,ID,ANM,WE,Federal Contract Tower,0,11,0,1,12,0,0,47,3,50,0,11,47,4,62,26,0,26,88
05/18/2021,PIH,ID,ANM,WE,Federal Contract Tower,0,11,10,0,21,0,3,25,0,28,0,14,35,0,49,0,0,0,49
05/19/2021,PIH,ID,ANM,WE,Federal Contract Tower,0,15,4,0,19,0,3,43,2,48,0,18,47,2,67,36,0,36,103
05/20/2021,PIH,ID,ANM,WE,Federal Contract Tower,0,15,5,0,20,0,2,31,0,33,0,17,36,0,53,28,0,28,81
05/21/2021,PIH,ID,ANM,WE,Federal Contract Tower,0,16,4,0,20,0,0,3,0,3,0,16,7,0,23,14,0,14,37
05/22/2021,PIH,ID,ANM,WE,Federal Contract Tower,0,7,3,0,10,0,4,47,0,51,0,11,50,0,61,24,0,24,85
05/23/2021,PIH,ID,ANM,WE,Federal Contract Tower,0,9,2,0,11,0,0,2,0,2,0,9,4,0,13,20,0,20,33
05/24/2021,PIH,ID,ANM,WE,Federal Contract Tower,0,11,3,0,14,0,0,4,0,4,0,11,7,0,18,8,0,8,26
05/25/2021,PIH,ID,ANM,WE,Federal Contract Tower,0,13,3,0,16,0,3,19,0,22,0,16,22,0,38,6,0,6,44
05/26/2021,PIH,ID,ANM,WE,Federal Contract Tower,0,17,4,0,21,0,2,24,0,26,0,19,28,0,47,6,0,6,53
05/27/2021,PIH,ID,ANM,WE,Federal Contract Tower,0,16,13,0,29,0,2,85,0,87,0,18,98,0,116,34,0,34,150
05/28/2021,PIH,ID,ANM,WE,Federal Contract Tower,0,13,3,2,18,0,0,41,0,41,0,13,44,2,59,26,0,26,85
05/29/2021,PIH,ID,ANM,WE,Federal Contract Tower,0,7,6,0,13,0,5,60,0,65,0,12,66,0,78,10,0,10,88
05/30/2021,PIH,ID,ANM,WE,Federal Contract Tower,0,7,5,0,12,0,2,31,0,33,0,9,36,0,45,20,0,20,65
05/31/2021,PIH,ID,ANM,WE,Federal Contract Tower,0,7,5,0,12,0,1,40,0,41,0,8,45,0,53,0,0,0,53
06/01/2021,PIH,ID,ANM,WE,Federal Contract Tower,0,11,7,0,18,0,0,29,4,33,0,11,36,4,51,0,0,0,51
06/02/2021,PIH,ID,ANM,WE,Federal Contract Tower,2,14,8,2,26,0,0,49,0,49,2,14,57,2,75,6,0,6,81
06/03/2021,PIH,ID,ANM,WE,Federal Contract Tower,0,17,5,0,22,0,1,38,0,39,0,18,43,0,61,8,0,8,69
06/04/2021,PIH,ID,ANM,WE,Federal Contract Tower,0,15,2,0,17,0,10,21,0,31,0,25,23,0,48,34,0,34,82
06/05/2021,PIH,ID,ANM,WE,Federal Contract Tower,0,9,4,0,13,0,0,15,0,15,0,9,19,0,28,12,0,12,40
06/06/2021,PIH,ID,ANM,WE,Federal Contract Tower,0,10,1,0,11,0,0,32,0,32,0,10,33,0,43,0,0,0,43
06/07/2021,PIH,ID,ANM,WE,Federal Contract Tower,0,10,8,4,22,0,2,34,0,36,0,12,42,4,58,0,10,10,68
06/08/2021,PIH,ID,ANM,WE,Federal Contract Tower,0,13,2,0,15,0,0,43,0,43,0,13,45,0,58,12,0,12,70
06/09/2021,PIH,ID,ANM,WE,Federal Contract Tower,0,12,7,0,19,0,0,38,0,38,0,12,45,0,57,10,0,10,67
06/10/2021,PIH,ID,ANM,WE,Federal Contract Tower,0,17,4,0,21,0,2,18,0,20,0,19,22,0,41,0,0,0,41
06/11/2021,PIH,ID,ANM,WE,Federal Contract Tower,0,14,7,0,21,0,0,59,0,59,0,14,66,0,80,52,0,52,132
06/12/2021,PIH,ID,ANM,WE,Federal Contract Tower,1,8,6,2,17,0,4,68,0,72,1,12,74,2,89,24,0,24,113
06/13/2021,PIH,ID,ANM,WE,Federal Contract Tower,0,7,8,0,15,0,2,35,0,37,0,9,43,0,52,6,0,6,58
06/14/2021,PIH,ID,ANM,WE,Federal Contract Tower,3,11,4,0,18,0,65,16,0,81,3,76,20,0,99,4,0,4,103
06/15/2021,PIH,ID,ANM,WE,Federal Contract Tower,0,13,8,0,21,3,10,40,0,53,3,23,48,0,74,6,0,6,80
06/16/2021,PIH,ID,ANM,WE,Federal Contract Tower,1,15,6,0,22,1,4,45,0,50,2,19,51,0,72,24,0,24,96
06/17/2021,PIH,ID,ANM,WE,Federal Contract Tower,2,14,3,1,20,0,0,57,0,57,2,14,60,1,77,12,0,12,89
06/18/2021,PIH,ID,ANM,WE,Federal Contract Tower,4,13,2,0,19,0,0,51,0,51,4,13,53,0,70,12,0,12,82
06/19/2021,PIH,ID,ANM,WE,Federal Contract Tower,6,7,5,0,18,0,6,34,0,40,6,13,39,0,58,0,0,0,58
06/20/2021,PIH,ID,ANM,WE,Federal Contract Tower,0,8,1,0,9,0,4,44,0,48,0,12,45,0,57,32,0,32,89
06/21/2021,PIH,ID,ANM,WE,Federal Contract Tower,5,11,10,0,26,0,5,64,0,69,5,16,74,0,95,20,0,20,115
06/22/2021,PIH,ID,ANM,WE,Federal Contract Tower,4,13,11,0,28,1,11,83,0,95,5,24,94,0,123,14,0,14,137
06/23/2021,PIH,ID,ANM,WE,Federal Contract Tower,4,11,12,0,27,0,5,52,0,57,4,16,64,0,84,26,0,26,110
06/24/2021,PIH,ID,ANM,WE,Federal Contract Tower,0,16,8,0,24,0,0,31,0,31,0,16,39,0,55,22,0,22,77
06/25/2021,PIH,ID,ANM,WE,Federal Contract Tower,0,16,5,0,21,0,0,67,0,67,0,16,72,0,88,74,0,74,162
06/26/2021,PIH,ID,ANM,WE,Federal Contract Tower,0,6,13,0,19,0,2,65,0,67,0,8,78,0,86,40,0,40,126
06/27/2021,PIH,ID,ANM,WE,Federal Contract Tower,0,8,3,0,11,0,1,20,0,21,0,9,23,0,32,10,0,10,42
06/28/2021,PIH,ID,ANM,WE,Federal Contract Tower,2,8,3,0,13,0,3,46,0,49,2,11,49,0,62,48,0,48,110
06/29/2021,PIH,ID,ANM,WE,Federal Contract Tower,0,11,3,0,14,2,1,34,1,38,2,12,37,1,52,44,0,44,96
06/30/2021,PIH,ID,ANM,WE,Federal Contract Tower,0,14,7,0,21,1,0,63,0,64,1,14,70,0,85,54,0,54,139
07/01/2021,PIH,ID,ANM,WE,Federal Contract Tower,0,16,8,1,25,0,7,52,0,59,0,23,60,1,84,26,0,26,110
07/02/2021,PIH,ID,ANM,WE,Federal Contract Tower,0,16,9,0,25,0,0,60,0,60,0,16,69,0,85,66,0,66,151
07/03/2021,PIH,ID,ANM,WE,Federal Contract Tower,0,11,5,0,16,2,24,43,0,69,2,35,48,0,85,30,0,30,115
07/04/2021,PIH,ID,ANM,WE,Federal Contract Tower,0,4,2,0,6,0,2,23,0,25,0,6,25,0,31,2,0,2,33
07/05/2021,PIH,ID,ANM,WE,Federal Contract Tower,0,9,5,0,14,0,0,32,0,32,0,9,37,0,46,0,0,0,46
07/06/2021,PIH,ID,ANM,WE,Federal Contract Tower,0,15,5,0,20,0,1,52,0,53,0,16,57,0,73,36,0,36,109
07/07/2021,PIH,ID,ANM,WE,Federal Contract Tower,0,15,3,0,18,0,0,48,0,48,0,15,51,0,66,40,0,40,106
07/08/2021,PIH,ID,ANM,WE,Federal Contract Tower,0,18,6,0,24,0,16,36,0,52,0,34,42,0,76,42,0,42,118
07/09/2021,PIH,ID,ANM,WE,Federal Contract Tower,0,18,6,2,26,14,18,0,0,32,14,36,6,2,58,0,0,0,58
07/10/2021,PIH,ID,ANM,WE,Federal Contract Tower,2,16,6,0,24,1,0,64,0,65,3,16,70,0,89,0,0,0,89
07/11/2021,PIH,ID,ANM,WE,Federal Contract Tower,4,4,0,0,8,1,3,25,0,29,5,7,25,0,37,0,0,0,37
07/12/2021,PIH,ID,ANM,WE,Federal Contract Tower,0,11,7,0,18,4,0,37,0,41,4,11,44,0,59,14,0,14,73
07/13/2021,PIH,ID,ANM,WE,Federal Contract Tower,0,13,13,0,26,0,0,35,0,35,0,13,48,0,61,42,0,42,103
07/14/2021,PIH,ID,ANM,WE,Federal Contract Tower,1,15,11,14,41,1,35,58,0,94,2,50,69,14,135,18,0,18,153
07/15/2021,PIH,ID,ANM,WE,Federal Contract Tower,1,14,8,0,23,2,6,53,0,61,3,20,61,0,84,18,0,18,102
07/16/2021,PIH,ID,ANM,WE,Federal Contract Tower,1,17,0,0,18,1,6,42,0,49,2,23,42,0,67,0,0,0,67
07/17/2021,PIH,ID,ANM,WE,Federal Contract Tower,2,7,6,0,15,4,19,41,0,64,6,26,47,0,79,6,0,6,85
07/18/2021,PIH,ID,ANM,WE,Federal Contract Tower,4,10,4,0,18,1,17,32,2,52,5,27,36,2,70,16,0,16,86
07/19/2021,PIH,ID,ANM,WE,Federal Contract Tower,2,16,8,0,26,0,7,31,0,38,2,23,39,0,64,14,0,14,78
07/20/2021,PIH,ID,ANM,WE,Federal Contract Tower,1,17,6,0,24,1,23,37,0,61,2,40,43,0,85,28,0,28,113
07/21/2021,PIH,ID,ANM,WE,Federal Contract Tower,1,16,9,0,26,12,55,66,0,133,13,71,75,0,159,38,0,38,197
07/22/2021,PIH,ID,ANM,WE,Federal Contract Tower,3,16,7,0,26,0,4,42,0,46,3,20,49,0,72,2,0,2,74
07/23/2021,PIH,ID,ANM,WE,Federal Contract Tower,0,14,0,0,14,2,3,43,0,48,2,17,43,0,62,18,0,18,80
07/24/2021,PIH,ID,ANM,WE,Federal Contract Tower,0,13,4,0,17,0,6,58,2,66,0,19,62,2,83,0,0,0,83
07/25/2021,PIH,ID,ANM,WE,Federal Contract Tower,2,7,3,0,12,1,0,40,0,41,3,7,43,0,53,2,0,2,55
07/26/2021,PIH,ID,ANM,WE,Federal Contract Tower,0,17,3,0,20,1,4,23,0,28,1,21,26,0,48,0,0,0,48
07/27/2021,PIH,ID,ANM,WE,Federal Contract Tower,6,13,9,0,28,7,19,30,0,56,13,32,39,0,84,0,0,0,84
07/28/2021,PIH,ID,ANM,WE,Federal Contract Tower,1,15,6,0,22,3,11,50,0,64,4,26,56,0,86,0,0,0,86
07/29/2021,PIH,ID,ANM,WE,Federal Contract Tower,0,16,5,0,21,1,3,32,0,36,1,19,37,0,57,0,0,0,57
07/30/2021,PIH,ID,ANM,WE,Federal Contract Tower,0,20,0,0,20,0,5,30,0,35,0,25,30,0,55,20,0,20,75
07/31/2021,PIH,ID,ANM,WE,Federal Contract Tower,2,10,9,0,21,0,2,29,0,31,2,12,38,0,52,0,0,0,52
08/01/2021,PIH,ID,ANM,WE,Federal Contract Tower,0,12,0,0,12,0,0,12,0,12,0,12,12,0,24,6,0,6,30
08/02/2021,PIH,ID,ANM,WE,Federal Contract Tower,1,7,3,0,11,0,0,12,0,12,1,7,15,0,23,40,0,40,63
08/03/2021,PIH,ID,ANM,WE,Federal Contract Tower,0,19,4,0,23,0,2,43,0,45,0,21,47,0,68,4,0,4,72
08/04/2021,PIH,ID,ANM,WE,Federal Contract Tower,1,14,11,0,26,0,3,41,0,44,1,17,52,0,70,36,0,36,106
08/05/2021,PIH,ID,ANM,WE,Federal Contract Tower,0,15,6,0,21,0,2,52,0,54,0,17,58,0,75,16,0,16,91
08/06/2021,PIH,ID,ANM,WE,Federal Contract Tower,0,17,4,2,23,0,2,20,0,22,0,19,24,2,45,0,0,0,45
08/07/2021,PIH,ID,ANM,WE,Federal Contract Tower,0,8,1,0,9,0,24,47,2,73,0,32,48,2,82,24,0,24,106
08/08/2021,PIH,ID,ANM,WE,Federal Contract Tower,0,6,4,0,10,4,2,0,0,6,4,8,4,0,16,0,0,0,16
08/09/2021,PIH,ID,ANM,WE,Federal Contract Tower,0,10,4,0,14,0,2,28,0,30,0,12,32,0,44,8,0,8,52
08/10/2021,PIH,ID,ANM,WE,Federal Contract Tower,2,13,9,0,24,0,13,56,0,69,2,26,65,0,93,36,0,36,129
08/11/2021,PIH,ID,ANM,WE,Federal Contract Tower,2,11,12,0,25,0,10,51,0,61,2,21,63,0,86,31,0,31,117
08/12/2021,PIH,ID,ANM,WE,Federal Contract Tower,0,21,13,0,34,0,6,48,0,54,0,27,61,0,88,54,0,54,142
08/13/2021,PIH,ID,ANM,WE,Federal Contract Tower,0,23,1,0,24,0,7,17,4,28,0,30,18,4,52,34,0,34,86
08/14/2021,PIH,ID,ANM,WE,Federal Contract Tower,0,10,3,0,13,11,8,48,0,67,11,18,51,0,80,8,0,8,88
08/15/2021,PIH,ID,ANM,WE,Federal Contract Tower,3,11,5,0,19,4,3,6,0,13,7,14,11,0,32,0,0,0,32
08/16/2021,PIH,ID,ANM,WE,Federal Contract Tower,1,12,3,0,16,1,0,7,0,8,2,12,10,0,24,0,0,0,24
08/17/2021,PIH,ID,ANM,WE,Federal Contract Tower,0,19,8,0,27,1,25,17,18,61,1,44,25,18,88,0,0,0,88
08/18/2021,PIH,ID,ANM,WE,Federal Contract Tower,0,20,8,1,29,0,7,22,28,57,0,27,30,29,86,0,0,0,86
08/19/2021,PIH,ID,ANM,WE,Federal Contract Tower,0,25,3,0,28,0,0,3,0,3,0,25,6,0,31,0,0,0,31
08/20/2021,PIH,ID,ANM,WE,Federal Contract Tower,0,14,9,0,23,0,3,33,11,47,0,17,42,11,70,30,0,30,100
08/21/2021,PIH,ID,ANM,WE,Federal Contract Tower,0,12,1,0,13,0,6,34,0,40,0,18,35,0,53,46,0,46,99
08/22/2021,PIH,ID,ANM,WE,Federal Contract Tower,0,9,4,0,13,0,1,32,0,33,0,10,36,0,46,18,0,18,64
08/23/2021,PIH,ID,ANM,WE,Federal Contract Tower,0,7,3,0,10,0,0,31,0,31,0,7,34,0,41,28,0,28,69
08/24/2021,PIH,ID,ANM,WE,Federal Contract Tower,0,15,10,0,25,0,2,34,0,36,0,17,44,0,61,12,0,12,73
08/25/2021,PIH,ID,ANM,WE,Federal Contract Tower,0,16,7,0,23,0,0,60,0,60,0,16,67,0,83,32,0,32,115
08/26/2021,PIH,ID,ANM,WE,Federal Contract Tower,0,20,8,0,28,0,2,33,0,35,0,22,41,0,63,28,0,28,91
08/27/2021,PIH,ID,ANM,WE,Federal Contract Tower,0,17,2,4,23,0,1,46,0,47,0,18,48,4,70,12,0,12,82
08/28/2021,PIH,ID,ANM,WE,Federal Contract Tower,0,9,9,0,18,0,2,47,0,49,0,11,56,0,67,32,0,32,99
08/29/2021,PIH,ID,ANM,WE,Federal Contract Tower,0,13,3,0,16,0,0,22,0,22,0,13,25,0,38,14,0,14,52
08/30/2021,PIH,ID,ANM,WE,Federal Contract Tower,0,15,2,0,17,0,0,14,0,14,0,15,16,0,31,0,0,0,31
08/31/2021,PIH,ID,ANM,WE,Federal Contract Tower,0,15,12,0,27,0,3,35,0,38,0,18,47,0,65,14,0,14,79
09/01/2021,PIH,ID,ANM,WE,Federal Contract Tower,1,16,7,0,24,0,1,47,0,48,1,17,54,0,72,12,0,12,84
09/02/2021,PIH,ID,ANM,WE,Federal Contract Tower,0,13,4,0,17,0,0,34,0,34,0,13,38,0,51,10,0,10,61
09/03/2021,PIH,ID,ANM,WE,Federal Contract Tower,1,16,5,0,22,0,4,48,0,52,1,20,53,0,74,28,0,28,102
09/04/2021,PIH,ID,ANM,WE,Federal Contract Tower,1,12,5,0,18,0,10,62,0,72,1,22,67,0,90,40,0,40,130
09/05/2021,PIH,ID,ANM,WE,Federal Contract Tower,0,8,1,0,9,0,2,17,0,19,0,10,18,0,28,2,0,2,30
09/06/2021,PIH,ID,ANM,WE,Federal Contract Tower,0,12,3,0,15,0,1,48,0,49,0,13,51,0,64,8,0,8,72
09/07/2021,PIH,ID,ANM,WE,Federal Contract Tower,0,14,4,0,18,0,1,56,0,57,0,15,60,0,75,30,0,30,105
09/08/2021,PIH,ID,ANM,WE,Federal Contract Tower,0,14,1,0,15,0,2,40,0,42,0,16,41,0,57,40,0,40,97
09/09/2021,PIH,ID,ANM,WE,Federal Contract Tower,0,14,8,0,22,0,2,45,0,47,0,16,53,0,69,2,0,2,71
09/10/2021,PIH,ID,ANM,WE,Federal Contract Tower,0,13,3,0,16,0,0,26,0,26,0,13,29,0,42,0,0,0,42
09/11/2021,PIH,ID,ANM,WE,Federal Contract Tower,0,5,1,0,6,16,1,41,0,58,16,6,42,0,64,46,0,46,110
09/12/2021,PIH,ID,ANM,WE,Federal Contract Tower,0,8,6,0,14,0,2,19,0,21,0,10,25,0,35,20,0,20,55
09/13/2021,PIH,ID,ANM,WE,Federal Contract Tower,0,11,3,0,14,0,2,31,0,33,0,13,34,0,47,0,0,0,47
09/14/2021,PIH,ID,ANM,WE,Federal Contract Tower,0,12,10,0,22,0,4,41,0,45,0,16,51,0,67,28,0,28,95
09/15/2021,PIH,ID,ANM,WE,Federal Contract Tower,0,18,5,0,23,0,8,42,0,50,0,26,47,0,73,22,0,22,95
09/16/2021,PIH,ID,ANM,WE,Federal Contract Tower,0,20,9,6,35,0,5,38,0,43,0,25,47,6,78,12,0,12,90
09/17/2021,PIH,ID,ANM,WE,Federal Contract Tower,0,18,5,0,23,0,3,47,0,50,0,21,52,0,73,82,0,82,155
09/18/2021,PIH,ID,ANM,WE,Federal Contract Tower,0,4,2,0,6,0,1,5,0,6,0,5,7,0,12,0,0,0,12
09/19/2021,PIH,ID,ANM,WE,Federal Contract Tower,0,7,2,0,9,0,0,4,0,4,0,7,6,0,13,0,0,0,13
09/20/2021,PIH,ID,ANM,WE,Federal Contract Tower,0,10,6,0,16,0,0,17,0,17,0,10,23,0,33,8,0,8,41
09/21/2021,PIH,ID,ANM,WE,Federal Contract Tower,0,14,12,0,26,0,3,60,0,63,0,17,72,0,89,22,0,22,111
09/22/2021,PIH,ID,ANM,WE,Federal Contract Tower,0,17,7,0,24,0,3,60,0,63,0,20,67,0,87,12,0,12,99
09/23/2021,PIH,ID,ANM,WE,Federal Contract Tower,0,14,13,0,27,0,3,36,0,39,0,17,49,0,66,62,0,62,128
09/24/2021,PIH,ID,ANM,WE,Federal Contract Tower,1,16,6,0,23,0,0,53,0,53,1,16,59,0,76,26,0,26,102
09/25/2021,PIH,ID,ANM,WE,Federal Contract Tower,1,4,3,0,8,0,2,63,0,65,1,6,66,0,73,34,0,34,107
09/26/2021,PIH,ID,ANM,WE,Federal Contract Tower,0,6,3,0,9,0,1,29,0,30,0,7,32,0,39,14,0,14,53
09/27/2021,PIH,ID,ANM,WE,Federal Contract Tower,0,11,2,0,13,1,0,36,0,37,1,11,38,0,50,0,0,0,50
09/28/2021,PIH,ID,ANM,WE,Federal Contract Tower,0,12,7,0,19,1,0,10,0,11,1,12,17,0,30,0,0,0,30
09/29/2021,PIH,ID,ANM,WE,Federal Contract Tower,0,15,0,0,15,0,3,70,0,73,0,18,70,0,88,46,0,46,134
09/30/2021,PIH,ID,ANM,WE,Federal Contract Tower,1,13,3,2,19,0,2,58,0,60,1,15,61,2,79,38,0,38,117
10/01/2021,PIH,ID,ANM,WE,Federal Contract Tower,2,14,8,0,24,0,1,39,0,40,2,15,47,0,64,48,0,48,112
10/02/2021,PIH,ID,ANM,WE,Federal Contract Tower,2,7,7,0,16,2,5,46,0,53,4,12,53,0,69,6,0,6,75
10/03/2021,PIH,ID,ANM,WE,Federal Contract Tower,0,9,5,0,14,0,0,16,0,16,0,9,21,0,30,4,0,4,34
10/04/2021,PIH,ID,ANM,WE,Federal Contract Tower,0,9,4,0,13,0,0,25,0,25,0,9,29,0,38,14,0,14,52
10/05/2021,PIH,ID,ANM,WE,Federal Contract Tower,0,12,7,0,19,1,28,49,0,78,1,40,56,0,97,14,0,14,111
10/06/2021,PIH,ID,ANM,WE,Federal Contract Tower,0,21,8,0,29,0,1,37,0,38,0,22,45,0,67,8,0,8,75
10/07/2021,PIH,ID,ANM,WE,Federal Contract Tower,1,21,2,0,24,0,2,8,0,10,1,23,10,0,34,30,0,30,64
10/08/2021,PIH,ID,ANM,WE,Federal Contract Tower,1,17,0,0,18,0,0,9,0,9,1,17,9,0,27,26,0,26,53
10/09/2021,PIH,ID,ANM,WE,Federal Contract Tower,1,12,7,0,20,0,0,0,0,0,1,12,7,0,20,0,0,0,20
10/10/2021,PIH,ID,ANM,WE,Federal Contract Tower,0,10,0,0,10,0,0,20,0,20,0,10,20,0,30,0,0,0,30
10/11/2021,PIH,ID,ANM,WE,Federal Contract Tower,0,16,9,0,25,0,0,0,0,0,0,16,9,0,25,0,0,0,25
10/12/2021,PIH,ID,ANM,WE,Federal Contract Tower,0,16,9,0,25,0,0,0,0,0,0,16,9,0,25,0,0,0,25
10/13/2021,PIH,ID,ANM,WE,Federal Contract Tower,2,18,6,0,26,0,2,33,0,35,2,20,39,0,61,16,0,16,77
10/14/2021,PIH,ID,ANM,WE,Federal Contract Tower,0,17,6,0,23,0,0,21,0,21,0,17,27,0,44,46,0,46,90
10/15/2021,PIH,ID,ANM,WE,Federal Contract Tower,2,16,16,0,34,0,9,67,7,83,2,25,83,7,117,20,0,20,137
10/16/2021,PIH,ID,ANM,WE,Federal Contract Tower,0,7,6,2,15,0,3,75,0,78,0,10,81,2,93,20,0,20,113
10/17/2021,PIH,ID,ANM,WE,Federal Contract Tower,0,9,1,0,10,0,0,19,0,19,0,9,20,0,29,28,0,28,57
10/18/2021,PIH,ID,ANM,WE,Federal Contract Tower,0,10,2,0,12,0,0,9,0,9,0,10,11,0,21,10,0,10,31
10/19/2021,PIH,ID,ANM,WE,Federal Contract Tower,0,13,10,0,23,0,2,20,0,22,0,15,30,0,45,12,0,12,57
10/20/2021,PIH,ID,ANM,WE,Federal Contract Tower,1,15,0,0,16,0,0,42,0,42,1,15,42,0,58,18,0,18,76
10/21/2021,PIH,ID,ANM,WE,Federal Contract Tower,1,13,8,0,22,0,0,55,0,55,1,13,63,0,77,44,0,44,121
10/22/2021,PIH,ID,ANM,WE,Federal Contract Tower,0,13,5,0,18,0,0,33,0,33,0,13,38,0,51,0,0,0,51
10/23/2021,PIH,ID,ANM,WE,Federal Contract Tower,0,8,3,0,11,0,0,11,0,11,0,8,14,0,22,4,0,4,26
10/24/2021,PIH,ID,ANM,WE,Federal Contract Tower,0,8,3,0,11,0,0,2,0,2,0,8,5,0,13,0,0,0,13
10/25/2021,PIH,ID,ANM,WE,Federal Contract Tower,0,10,8,0,18,0,0,0,0,0,0,10,8,0,18,0,0,0,18
10/26/2021,PIH,ID,ANM,WE,Federal Contract Tower,0,10,9,0,19,0,3,19,0,22,0,13,28,0,41,0,0,0,41
10/27/2021,PIH,ID,ANM,WE,Federal Contract Tower,0,13,2,0,15,0,1,24,0,25,0,14,26,0,40,6,0,6,46
10/28/2021,PIH,ID,ANM,WE,Federal Contract Tower,0,20,15,0,35,0,0,55,0,55,0,20,70,0,90,56,0,56,146
10/29/2021,PIH,ID,ANM,WE,Federal Contract Tower,0,16,0,0,16,0,45,2,0,47,0,61,2,0,63,22,0,22,85
10/30/2021,PIH,ID,ANM,WE,Federal Contract Tower,0,6,15,0,21,0,6,46,0,52,0,12,61,0,73,4,0,4,77
10/31/2021,PIH,ID,ANM,WE,Federal Contract Tower,0,8,0,0,8,0,0,6,0,6,0,8,6,0,14,4,0,4,18
11/01/2021,PIH,ID,ANM,WE,Federal Contract Tower,0,8,5,0,13,0,0,14,0,14,0,8,19,0,27,18,0,18,45
11/02/2021,PIH,ID,ANM,WE,Federal Contract Tower,0,12,1,0,13,0,0,25,0,25,0,12,26,0,38,24,0,24,62
11/03/2021,PIH,ID,ANM,WE,Federal Contract Tower,0,12,4,1,17,0,2,72,1,75,0,14,76,2,92,60,0,60,152
11/04/2021,PIH,ID,ANM,WE,Federal Contract Tower,0,17,6,0,23,0,1,39,3,43,0,18,45,3,66,2,0,2,68
11/05/2021,PIH,ID,ANM,WE,Federal Contract Tower,0,12,7,1,20,0,1,43,1,45,0,13,50,2,65,74,10,84,149
11/06/2021,PIH,ID,ANM,WE,Federal Contract Tower,0,6,7,0,13,0,2,46,0,48,0,8,53,0,61,36,0,36,97
11/07/2021,PIH,ID,ANM,WE,Federal Contract Tower,0,5,8,0,13,0,2,6,0,8,0,7,14,0,21,0,0,0,21
11/08/2021,PIH,ID,ANM,WE,Federal Contract Tower,0,7,6,0,13,0,0,32,6,38,0,7,38,6,51,38,0,38,89
11/09/2021,PIH,ID,ANM,WE,Federal Contract Tower,0,16,3,0,19,0,0,9,0,9,0,16,12,0,28,4,0,4,32
11/10/2021,PIH,ID,ANM,WE,Federal Contract Tower,0,12,6,0,18,0,0,33,0,33,0,12,39,0,51,30,0,30,81
11/11/2021,PIH,ID,ANM,WE,Federal Contract Tower,0,16,5,0,21,0,0,11,0,11,0,16,16,0,32,8,0,8,40
11/12/2021,PIH,ID,ANM,WE,Federal Contract Tower,2,20,6,0,28,0,0,39,0,39,2,20,45,0,67,20,0,20,87
11/13/2021,PIH,ID,ANM,WE,Federal Contract Tower,0,4,9,0,13,0,3,39,0,42,0,7,48,0,55,2,0,2,57
11/14/2021,PIH,ID,ANM,WE,Federal Contract Tower,0,3,4,0,7,0,0,28,0,28,0,3,32,0,35,18,0,18,53
11/15/2021,PIH,ID,ANM,WE,Federal Contract Tower,0,12,2,0,14,0,2,22,0,24,0,14,24,0,38,22,0,22,60
11/16/2021,PIH,ID,ANM,WE,Federal Contract Tower,0,10,8,0,18,0,2,8,0,10,0,12,16,0,28,0,0,0,28
11/17/2021,PIH,ID,ANM,WE,Federal Contract Tower,0,16,11,0,27,0,4,82,0,86,0,20,93,0,113,96,0,96,209
11/18/2021,PIH,ID,ANM,WE,Federal Contract Tower,0,15,7,0,22,0,0,37,0,37,0,15,44,0,59,34,0,34,93
11/19/2021,PIH,ID,ANM,WE,Federal Contract Tower,3,15,11,0,29,0,2,2,0,4,3,17,13,0,33,0,0,0,33
11/20/2021,PIH,ID,ANM,WE,Federal Contract Tower,2,9,1,0,12,0,0,12,0,12,2,9,13,0,24,14,0,14,38
11/21/2021,PIH,ID,ANM,WE,Federal Contract Tower,0,4,16,0,20,0,0,62,0,62,0,4,78,0,82,62,0,62,144
11/22/2021,PIH,ID,ANM,WE,Federal Contract Tower,0,10,6,0,16,0,1,76,0,77,0,11,82,0,93,78,0,78,171
11/23/2021,PIH,ID,ANM,WE,Federal Contract Tower,0,15,2,0,17,0,2,29,0,31,0,17,31,0,48,24,0,24,72
11/24/2021,PIH,ID,ANM,WE,Federal Contract Tower,0,11,2,0,13,0,0,45,0,45,0,11,47,0,58,26,0,26,84
11/25/2021,PIH,ID,ANM,WE,Federal Contract Tower,0,2,0,0,2,0,0,41,0,41,0,2,41,0,43,44,0,44,87
11/26/2021,PIH,ID,ANM,WE,Federal Contract Tower,0,9,5,0,14,0,0,55,0,55,0,9,60,0,69,30,0,30,99
11/27/2021,PIH,ID,ANM,WE,Federal Contract Tower,0,5,6,0,11,0,8,51,0,59,0,13,57,0,70,22,0,22,92
11/28/2021,PIH,ID,ANM,WE,Federal Contract Tower,0,7,7,0,14,0,1,18,0,19,0,8,25,0,33,24,0,24,57
11/29/2021,PIH,ID,ANM,WE,Federal Contract Tower,0,7,9,4,20,0,3,49,0,52,0,10,58,4,72,18,0,18,90
11/30/2021,PIH,ID,ANM,WE,Federal Contract Tower,0,18,10,0,28,0,1,46,0,47,0,19,56,0,75,24,0,24,99
12/01/2021,PIH,ID,ANM,WE,Federal Contract Tower,0,13,12,0,25,0,0,53,0,53,0,13,65,0,78,72,0,72,150
12/02/2021,PIH,ID,ANM,WE,Federal Contract Tower,0,11,11,0,22,0,4,75,0,79,0,15,86,0,101,22,0,22,123
12/03/2021,PIH,ID,ANM,WE,Federal Contract Tower,0,17,6,0,23,0,4,69,0,73,0,21,75,0,96,22,0,22,118
12/04/2021,PIH,ID,ANM,WE,Federal Contract Tower,0,8,0,0,8,0,2,16,0,18,0,10,16,0,26,0,0,0,26
12/05/2021,PIH,ID,ANM,WE,Federal Contract Tower,0,5,3,0,8,0,2,3,0,5,0,7,6,0,13,0,0,0,13
12/06/2021,PIH,ID,ANM,WE,Federal Contract Tower,0,6,4,0,10,0,0,1,0,1,0,6,5,0,11,0,0,0,11
12/07/2021,PIH,ID,ANM,WE,Federal Contract Tower,0,13,8,0,21,0,0,12,0,12,0,13,20,0,33,18,0,18,51
12/08/2021,PIH,ID,ANM,WE,Federal Contract Tower,0,10,12,0,22,0,0,17,0,17,0,10,29,0,39,8,0,8,47
12/09/2021,PIH,ID,ANM,WE,Federal Contract Tower,0,14,4,0,18,0,0,3,0,3,0,14,7,0,21,0,0,0,21
12/10/2021,PIH,ID,ANM,WE,Federal Contract Tower,0,12,5,0,17,0,0,8,0,8,0,12,13,0,25,6,0,6,31
12/11/2021,PIH,ID,ANM,WE,Federal Contract Tower,0,6,5,0,11,0,2,9,0,11,0,8,14,0,22,0,0,0,22
12/12/2021,PIH,ID,ANM,WE,Federal Contract Tower,0,9,2,0,11,0,0,0,0,0,0,9,2,0,11,0,0,0,11
12/13/2021,PIH,ID,ANM,WE,Federal Contract Tower,0,7,0,0,7,0,0,4,0,4,0,7,4,0,11,0,0,0,11
12/14/2021,PIH,ID,ANM,WE,Federal Contract Tower,0,7,7,0,14,0,0,0,0,0,0,7,7,0,14,0,0,0,14
12/15/2021,PIH,ID,ANM,WE,Federal Contract Tower,0,10,5,0,15,0,0,18,0,18,0,10,23,0,33,10,0,10,43
12/16/2021,PIH,ID,ANM,WE,Federal Contract Tower,0,16,7,0,23,0,0,4,0,4,0,16,11,0,27,34,0,34,61
12/17/2021,PIH,ID,ANM,WE,Federal Contract Tower,0,18,8,0,26,0,0,11,0,11,0,18,19,0,37,2,0,2,39
12/18/2021,PIH,ID,ANM,WE,Federal Contract Tower,0,11,8,0,19,0,4,32,0,36,0,15,40,0,55,0,0,0,55
12/19/2021,PIH,ID,ANM,WE,Federal Contract Tower,0,2,6,0,8,0,0,18,0,18,0,2,24,0,26,12,0,12,38
12/20/2021,PIH,ID,ANM,WE,Federal Contract Tower,0,7,3,0,10,0,0,26,0,26,0,7,29,0,36,36,0,36,72
12/21/2021,PIH,ID,ANM,WE,Federal Contract Tower,0,13,6,0,19,0,0,45,0,45,0,13,51,0,64,30,0,30,94
12/22/2021,PIH,ID,ANM,WE,Federal Contract Tower,0,12,1,0,13,0,0,23,0,23,0,12,24,0,36,28,0,28,64
12/23/2021,PIH,ID,ANM,WE,Federal Contract Tower,0,16,4,0,20,0,0,3,0,3,0,16,7,0,23,14,0,14,37
12/24/2021,PIH,ID,ANM,WE,Federal Contract Tower,0,11,4,0,15,0,0,2,0,2,0,11,6,0,17,0,0,0,17
12/25/2021,PIH,ID,ANM,WE,Federal Contract Tower,0,2,0,0,2,0,0,2,0,2,0,2,2,0,4,2,0,2,6
12/26/2021,PIH,ID,ANM,WE,Federal Contract Tower,0,7,0,0,7,0,0,0,0,0,0,7,0,0,7,0,0,0,7
12/27/2021,PIH,ID,ANM,WE,Federal Contract Tower,0,7,3,0,10,0,0,1,0,1,0,7,4,0,11,0,0,0,11
12/28/2021,PIH,ID,ANM,WE,Federal Contract Tower,0,10,0,2,12,0,0,10,0,10,0,10,10,2,22,10,0,10,32
12/29/2021,PIH,ID,ANM,WE,Federal Contract Tower,0,15,2,0,17,0,0,0,0,0,0,15,2,0,17,0,0,0,17
12/30/2021,PIH,ID,ANM,WE,Federal Contract Tower,0,11,6,0,17,0,0,0,0,0,0,11,6,0,17,0,0,0,17
12/31/2021,PIH,ID,ANM,WE,Federal Contract Tower,0,11,1,0,12,0,0,1,0,1,0,11,2,0,13,0,0,0,13
01/01/2022,PIH,ID,ANM,WE,Federal Contract Tower,0,5,2,0,7,0,0,22,0,22,0,5,24,0,29,24,0,24,53
01/02/2022,PIH,ID,ANM,WE,Federal Contract Tower,0,3,10,0,13,0,0,15,0,15,0,3,25,0,28,50,0,50,78
01/03/2022,PIH,ID,ANM,WE,Federal Contract Tower,0,9,4,0,13,0,0,15,0,15,0,9,19,0,28,4,0,4,32
01/04/2022,PIH,ID,ANM,WE,Federal Contract Tower,0,14,1,0,15,0,0,2,0,2,0,14,3,0,17,0,0,0,17
01/05/2022,PIH,ID,ANM,WE,Federal Contract Tower,0,9,0,0,9,0,0,0,0,0,0,9,0,0,9,0,0,0,9
01/06/2022,PIH,ID,ANM,WE,Federal Contract Tower,0,13,2,0,15,0,0,4,0,4,0,13,6,0,19,0,0,0,19
01/07/2022,PIH,ID,ANM,WE,Federal Contract Tower,0,10,8,0,18,0,1,3,0,4,0,11,11,0,22,0,0,0,22
01/08/2022,PIH,ID,ANM,WE,Federal Contract Tower,0,5,2,0,7,0,2,19,0,21,0,7,21,0,28,10,0,10,38
01/09/2022,PIH,ID,ANM,WE,Federal Contract Tower,0,4,9,0,13,0,1,22,0,23,0,5,31,0,36,14,0,14,50
01/10/2022,PIH,ID,ANM,WE,Federal Contract Tower,0,10,1,0,11,0,0,41,0,41,0,10,42,0,52,76,0,76,128
01/11/2022,PIH,ID,ANM,WE,Federal Contract Tower,0,16,7,0,23,0,0,44,0,44,0,16,51,0,67,6,0,6,73
01/12/2022,PIH,ID,ANM,WE,Federal Contract Tower,0,13,18,0,31,0,0,28,0,28,0,13,46,0,59,16,0,16,75
01/13/2022,PIH,ID,ANM,WE,Federal Contract Tower,0,9,8,2,19,0,0,33,0,33,0,9,41,2,52,36,0,36,88
01/14/2022,PIH,ID,ANM,WE,Federal Contract Tower,0,9,5,0,14,0,0,0,0,0,0,9,5,0,14,0,0,0,14
01/15/2022,PIH,ID,ANM,WE,Federal Contract Tower,0,5,0,0,5,0,0,11,0,11,0,5,11,0,16,0,0,0,16
01/16/2022,PIH,ID,ANM,WE,Federal Contract Tower,0,5,3,0,8,0,0,1,0,1,0,5,4,0,9,0,0,0,9
01/17/2022,PIH,ID,ANM,WE,Federal Contract Tower,0,9,9,0,18,0,0,24,0,24,0,9,33,0,42,24,0,24,66
01/18/2022,PIH,ID,ANM,WE,Federal Contract Tower,0,13,0,0,13,0,0,0,0,0,0,13,0,0,13,0,0,0,13
01/19/2022,PIH,ID,ANM,WE,Federal Contract Tower,0,12,3,0,15,0,0,0,0,0,0,12,3,0,15,0,0,0,15
01/20/2022,PIH,ID,ANM,WE,Federal Contract Tower,0,9,4,0,13,0,0,0,0,0,0,9,4,0,13,0,0,0,13
01/21/2022,PIH,ID,ANM,WE,Federal Contract Tower,0,16,2,0,18,0,0,0,0,0,0,16,2,0,18,0,0,0,18
01/22/2022,PIH,ID,ANM,WE,Federal Contract Tower,0,5,2,0,7,0,0,0,0,0,0,5,2,0,7,0,0,0,7
01/23/2022,PIH,ID,ANM,WE,Federal Contract Tower,0,6,0,0,6,0,0,0,0,0,0,6,0,0,6,0,0,0,6
01/24/2022,PIH,ID,ANM,WE,Federal Contract Tower,0,14,0,0,14,0,0,0,0,0,0,14,0,0,14,0,0,0,14
01/25/2022,PIH,ID,ANM,WE,Federal Contract Tower,0,17,14,0,31,0,2,14,0,16,0,19,28,0,47,0,0,0,47
01/26/2022,PIH,ID,ANM,WE,Federal Contract Tower,0,13,3,0,16,0,6,50,0,56,0,19,53,0,72,18,0,18,90
01/27/2022,PIH,ID,ANM,WE,Federal Contract Tower,0,12,3,0,15,0,10,40,0,50,0,22,43,0,65,14,0,14,79
01/28/2022,PIH,ID,ANM,WE,Federal Contract Tower,0,10,4,0,14,0,3,32,0,35,0,13,36,0,49,52,0,52,101
01/29/2022,PIH,ID,ANM,WE,Federal Contract Tower,0,7,4,0,11,0,2,41,0,43,0,9,45,0,54,22,0,22,76
01/30/2022,PIH,ID,ANM,WE,Federal Contract Tower,0,7,1,0,8,0,0,28,0,28,0,7,29,0,36,4,0,4,40
01/31/2022,PIH,ID,ANM,WE,Federal Contract Tower,0,12,4,0,16,0,8,2,0,10,0,20,6,0,26,6,0,6,32
02/01/2022,PIH,ID,ANM,WE,Federal Contract Tower,0,11,7,0,18,0,0,1,0,1,0,11,8,0,19,0,0,0,19
02/02/2022,PIH,ID,ANM,WE,Federal Contract Tower,0,10,3,0,13,0,0,11,0,11,0,10,14,0,24,8,0,8,32
02/03/2022,PIH,ID,ANM,WE,Federal Contract Tower,0,10,5,0,15,0,0,8,0,8,0,10,13,0,23,28,0,28,51
02/04/2022,PIH,ID,ANM,WE,Federal Contract Tower,0,13,6,0,19,0,2,10,0,12,0,15,16,0,31,8,0,8,39
02/05/2022,PIH,ID,ANM,WE,Federal Contract Tower,0,4,1,0,5,0,2,19,0,21,0,6,20,0,26,20,0,20,46
02/06/2022,PIH,ID,ANM,WE,Federal Contract Tower,0,7,5,0,12,0,0,0,0,0,0,7,5,0,12,0,0,0,12
02/07/2022,PIH,ID,ANM,WE,Federal Contract Tower,0,9,9,0,18,0,3,16,0,19,0,12,25,0,37,16,0,16,53
02/08/2022,PIH,ID,ANM,WE,Federal Contract Tower,0,12,6,0,18,0,0,26,0,26,0,12,32,0,44,6,0,6,50
02/09/2022,PIH,ID,ANM,WE,Federal Contract Tower,0,11,3,1,15,0,2,13,1,16,0,13,16,2,31,14,0,14,45
02/10/2022,PIH,ID,ANM,WE,Federal Contract Tower,0,16,3,0,19,0,0,4,0,4,0,16,7,0,23,12,0,12,35
02/11/2022,PIH,ID,ANM,WE,Federal Contract Tower,0,12,4,0,16,0,0,0,0,0,0,12,4,0,16,0,0,0,16
02/12/2022,PIH,ID,ANM,WE,Federal Contract Tower,0,8,1,0,9,0,3,18,0,21,0,11,19,0,30,18,0,18,48
02/13/2022,PIH,ID,ANM,WE,Federal Contract Tower,0,6,4,0,10,0,2,25,0,27,0,8,29,0,37,0,0,0,37
02/14/2022,PIH,ID,ANM,WE,Federal Contract Tower,0,12,3,0,15,0,0,12,0,12,0,12,15,0,27,14,0,14,41
02/15/2022,PIH,ID,ANM,WE,Federal Contract Tower,0,20,2,0,22,0,0,0,0,0,0,20,2,0,22,0,0,0,22
02/16/2022,PIH,ID,ANM,WE,Federal Contract Tower,0,14,11,0,25,0,2,0,0,2,0,16,11,0,27,0,0,0,27
02/17/2022,PIH,ID,ANM,WE,Federal Contract Tower,0,17,5,0,22,0,2,10,0,12,0,19,15,0,34,0,0,0,34
02/18/2022,PIH,ID,ANM,WE,Federal Contract Tower,0,10,7,0,17,0,0,39,0,39,0,10,46,0,56,28,0,28,84
02/19/2022,PIH,ID,ANM,WE,Federal Contract Tower,0,12,3,0,15,0,3,50,0,53,0,15,53,0,68,28,0,28,96
02/20/2022,PIH,ID,ANM,WE,Federal Contract Tower,0,6,2,0,8,0,0,3,0,3,0,6,5,0,11,34,0,34,45
02/21/2022,PIH,ID,ANM,WE,Federal Contract Tower,0,8,0,0,8,0,0,3,0,3,0,8,3,0,11,2,0,2,13
02/22/2022,PIH,ID,ANM,WE,Federal Contract Tower,0,13,8,0,21,0,0,9,0,9,0,13,17,0,30,0,0,0,30
02/23/2022,PIH,ID,ANM,WE,Federal Contract Tower,0,11,6,0,17,0,0,24,0,24,0,11,30,0,41,10,0,10,51
02/24/2022,PIH,ID,ANM,WE,Federal Contract Tower,0,12,1,0,13,0,0,3,0,3,0,12,4,0,16,0,0,0,16
02/25/2022,PIH,ID,ANM,WE,Federal Contract Tower,0,13,2,0,15,0,0,11,0,11,0,13,13,0,26,0,0,0,26
02/26/2022,PIH,ID,ANM,WE,Federal Contract Tower,0,6,7,0,13,0,8,33,0,41,0,14,40,0,54,44,0,44,98
02/27/2022,PIH,ID,ANM,WE,Federal Contract Tower,0,4,8,0,12,0,1,44,0,45,0,5,52,0,57,40,0,40,97
02/28/2022,PIH,ID,ANM,WE,Federal Contract Tower,0,10,6,0,16,0,0,19,0,19,0,10,25,0,35,0,0,0,35
03/01/2022,PIH,ID,ANM,WE,Federal Contract Tower,0,13,3,0,16,0,2,37,0,39,0,15,40,0,55,28,0,28,83
03/02/2022,PIH,ID,ANM,WE,Federal Contract Tower,0,13,2,0,15,0,2,44,0,46,0,15,46,0,61,50,0,50,111
03/03/2022,PIH,ID,ANM,WE,Federal Contract Tower,0,9,8,0,17,0,1,24,0,25,0,10,32,0,42,58,0,58,100
03/04/2022,PIH,ID,ANM,WE,Federal Contract Tower,0,19,12,0,31,0,0,5,0,5,0,19,17,0,36,18,0,18,54
03/05/2022,PIH,ID,ANM,WE,Federal Contract Tower,0,4,5,0,9,0,1,8,0,9,0,5,13,0,18,0,0,0,18
03/06/2022,PIH,ID,ANM,WE,Federal Contract Tower,0,7,1,0,8,0,0,11,0,11,0,7,12,0,19,6,0,6,25
03/07/2022,PIH,ID,ANM,WE,Federal Contract Tower,0,11,1,0,12,0,0,12,0,12,0,11,13,0,24,0,0,0,24
03/08/2022,PIH,ID,ANM,WE,Federal Contract Tower,0,10,9,0,19,0,1,0,0,1,0,11,9,0,20,0,0,0,20
03/09/2022,PIH,ID,ANM,WE,Federal Contract Tower,2,12,11,0,25,0,0,11,0,11,2,12,22,0,36,18,0,18,54
03/10/2022,PIH,ID,ANM,WE,Federal Contract Tower,0,12,1,0,13,0,0,17,0,17,0,12,18,0,30,22,0,22,52
03/11/2022,PIH,ID,ANM,WE,Federal Contract Tower,0,11,5,0,16,0,0,22,0,22,0,11,27,0,38,76,0,76,114
03/12/2022,PIH,ID,ANM,WE,Federal Contract Tower,0,3,4,0,7,0,0,16,0,16,0,3,20,0,23,18,0,18,41
03/13/2022,PIH,ID,ANM,WE,Federal Contract Tower,0,5,6,0,11,0,6,3,0,9,0,11,9,0,20,2,0,2,22
03/14/2022,PIH,ID,ANM,WE,Federal Contract Tower,0,8,4,0,12,0,0,34,0,34,0,8,38,0,46,64,0,64,110
03/15/2022,PIH,ID,ANM,WE,Federal Contract Tower,0,13,9,0,22,0,0,3,0,3,0,13,12,0,25,0,0,0,25
03/16/2022,PIH,ID,ANM,WE,Federal Contract Tower,0,12,7,0,19,0,0,8,0,8,0,12,15,0,27,6,0,6,33
03/17/2022,PIH,ID,ANM,WE,Federal Contract Tower,0,16,8,0,24,0,0,58,0,58,0,16,66,0,82,61,0,61,143
03/18/2022,PIH,ID,ANM,WE,Federal Contract Tower,0,12,7,0,19,0,2,23,0,25,0,14,30,0,44,16,0,16,60
03/19/2022,PIH,ID,ANM,WE,Federal Contract Tower,0,8,1,0,9,0,0,4,0,4,0,8,5,0,13,0,0,0,13
03/20/2022,PIH,ID,ANM,WE,Federal Contract Tower,0,3,7,0,10,0,0,0,0,0,0,3,7,0,10,0,0,0,10
03/21/2022,PIH,ID,ANM,WE,Federal Contract Tower,0,8,2,4,14,0,0,38,16,54,0,8,40,20,68,40,0,40,108
03/22/2022,PIH,ID,ANM,WE,Federal Contract Tower,0,8,4,0,12,0,0,49,0,49,0,8,53,0,61,82,0,82,143
03/23/2022,PIH,ID,ANM,WE,Federal Contract Tower,0,10,10,0,20,0,1,43,0,44,0,11,53,0,64,52,0,52,116
03/24/2022,PIH,ID,ANM,WE,Federal Contract Tower,0,10,9,0,19,0,4,27,2,33,0,14,36,2,52,40,0,40,92
03/25/2022,PIH,ID,ANM,WE,Federal Contract Tower,0,13,2,0,15,0,0,40,0,40,0,13,42,0,55,14,0,14,69
03/26/2022,PIH,ID,ANM,WE,Federal Contract Tower,0,4,4,0,8,0,0,51,0,51,0,4,55,0,59,66,0,66,125
03/27/2022,PIH,ID,ANM,WE,Federal Contract Tower,0,4,6,0,10,0,0,45,0,45,0,4,51,0,55,14,0,14,69
03/28/2022,PIH,ID,ANM,WE,Federal Contract Tower,0,5,7,0,12,0,0,8,0,8,0,5,15,0,20,0,0,0,20
03/29/2022,PIH,ID,ANM,WE,Federal Contract Tower,0,9,3,0,12,0,0,11,0,11,0,9,14,0,23,4,0,4,27
03/30/2022,PIH,ID,ANM,WE,Federal Contract Tower,0,7,10,2,19,0,4,37,3,44,0,11,47,5,63,4,0,4,67
03/31/2022,PIH,ID,ANM,WE,Federal Contract Tower,0,13,6,0,19,0,0,4,0,4,0,13,10,0,23,0,0,0,23
04/01/2022,PIH,ID,ANM,WE,Federal Contract Tower,0,10,11,0,21,0,8,40,0,48,0,18,51,0,69,26,0,26,95
04/02/2022,PIH,ID,ANM,WE,Federal Contract Tower,0,5,5,0,10,0,6,8,0,14,0,11,13,0,24,20,0,20,44
04/03/2022,PIH,ID,ANM,WE,Federal Contract Tower,0,4,4,0,8,0,0,41,0,41,0,4,45,0,49,46,0,46,95
04/04/2022,PIH,ID,ANM,WE,Federal Contract Tower,0,6,1,0,7,0,0,1,0,1,0,6,2,0,8,0,0,0,8
04/05/2022,PIH,ID,ANM,WE,Federal Contract Tower,0,18,0,0,18,0,0,2,0,2,0,18,2,0,20,0,0,0,20
04/06/2022,PIH,ID,ANM,WE,Federal Contract Tower,0,14,7,0,21,0,0,31,4,35,0,14,38,4,56,46,0,46,102
04/07/2022,PIH,ID,ANM,WE,Federal Contract Tower,0,10,5,1,16,0,1,65,1,67,0,11,70,2,83,66,0,66,149
04/08/2022,PIH,ID,ANM,WE,Federal Contract Tower,0,16,6,0,22,0,4,22,0,26,0,20,28,0,48,0,0,0,48
04/09/2022,PIH,ID,ANM,WE,Federal Contract Tower,0,8,4,1,13,0,2,6,6,14,0,10,10,7,27,0,30,30,57
04/10/2022,PIH,ID,ANM,WE,Federal Contract Tower,0,3,1,1,5,0,0,0,6,6,0,3,1,7,11,0,12,12,23
04/11/2022,PIH,ID,ANM,WE,Federal Contract Tower,0,6,4,0,10,0,0,2,0,2,0,6,6,0,12,6,0,6,18
04/12/2022,PIH,ID,ANM,WE,Federal Contract Tower,0,8,2,0,10,0,0,0,0,0,0,8,2,0,10,0,0,0,10
04/13/2022,PIH,ID,ANM,WE,Federal Contract Tower,0,23,0,0,23,0,0,3,0,3,0,23,3,0,26,18,0,18,44
04/14/2022,PIH,ID,ANM,WE,Federal Contract Tower,0,8,0,0,8,0,0,0,0,0,0,8,0,0,8,0,0,0,8
04/15/2022,PIH,ID,ANM,WE,Federal Contract Tower,0,9,2,3,14,0,0,5,2,7,0,9,7,5,21,4,8,12,33
04/16/2022,PIH,ID,ANM,WE,Federal Contract Tower,0,6,2,0,8,0,0,6,0,6,0,6,8,0,14,0,0,0,14
04/17/2022,PIH,ID,ANM,WE,Federal Contract Tower,0,4,0,0,4,0,1,7,0,8,0,5,7,0,12,0,0,0,12
04/18/2022,PIH,ID,ANM,WE,Federal Contract Tower,0,5,8,0,13,0,6,19,0,25,0,11,27,0,38,0,0,0,38
04/19/2022,PIH,ID,ANM,WE,Federal Contract Tower,0,11,4,1,16,0,1,0,1,2,0,12,4,2,18,0,0,0,18
04/20/2022,PIH,ID,ANM,WE,Federal Contract Tower,0,8,9,0,17,0,0,12,0,12,0,8,21,0,29,24,0,24,53
04/21/2022,PIH,ID,ANM,WE,Federal Contract Tower,0,8,6,0,14,0,4,10,0,14,0,12,16,0,28,18,0,18,46
04/22/2022,PIH,ID,ANM,WE,Federal Contract Tower,0,10,5,2,17,0,0,0,2,2,0,10,5,4,19,0,0,0,19
04/23/2022,PIH,ID,ANM,WE,Federal Contract Tower,0,3,3,0,6,0,0,18,0,18,0,3,21,0,24,28,0,28,52
04/24/2022,PIH,ID,ANM,WE,Federal Contract Tower,0,2,6,0,8,0,0,22,0,22,0,2,28,0,30,28,0,28,58
04/25/2022,PIH,ID,ANM,WE,Federal Contract Tower,0,3,8,0,11,0,1,29,0,30,0,4,37,0,41,74,0,74,115
04/26/2022,PIH,ID,ANM,WE,Federal Contract Tower,0,12,10,0,22,0,1,24,0,25,0,13,34,0,47,26,0,26,73
04/27/2022,PIH,ID,ANM,WE,Federal Contract Tower,0,16,5,0,21,0,1,24,2,27,0,17,29,2,48,0,0,0,48
04/28/2022,PIH,ID,ANM,WE,Federal Contract Tower,0,10,0,0,10,0,1,15,0,16,0,11,15,0,26,22,0,22,48
04/29/2022,PIH,ID,ANM,WE,Federal Contract Tower,0,10,2,0,12,0,3,2,0,5,0,13,4,0,17,0,0,0,17
04/30/2022,PIH,ID,ANM,WE,Federal Contract Tower,0,5,5,2,12,0,0,55,0,55,0,5,60,2,67,10,0,10,77
05/01/2022,PIH,ID,ANM,WE,Federal Contract Tower,0,3,2,0,5,0,0,2,0,2,0,3,4,0,7,0,0,0,7
05/02/2022,PIH,ID,ANM,WE,Federal Contract Tower,0,7,0,0,7,0,3,11,0,14,0,10,11,0,21,10,0,10,31
05/03/2022,PIH,ID,ANM,WE,Federal Contract Tower,0,9,1,0,10,0,0,0,0,0,0,9,1,0,10,0,0,0,10
05/04/2022,PIH,ID,ANM,WE,Federal Contract Tower,0,11,1,0,12,0,1,25,0,26,0,12,26,0,38,12,0,12,50
05/05/2022,PIH,ID,ANM,WE,Federal Contract Tower,0,12,2,0,14,0,1,18,0,19,0,13,20,0,33,10,0,10,43
05/06/2022,PIH,ID,ANM,WE,Federal Contract Tower,0,12,3,0,15,0,1,28,0,29,0,13,31,0,44,12,0,12,56
05/07/2022,PIH,ID,ANM,WE,Federal Contract Tower,0,4,1,0,5,0,0,10,0,10,0,4,11,0,15,6,0,6,21
05/08/2022,PIH,ID,ANM,WE,Federal Contract Tower,0,5,3,0,8,0,0,2,0,2,0,5,5,0,10,0,0,0,10
05/09/2022,PIH,ID,ANM,WE,Federal Contract Tower,0,5,7,0,12,0,0,0,0,0,0,5,7,0,12,0,0,0,12
05/10/2022,PIH,ID,ANM,WE,Federal Contract Tower,0,12,4,0,16,0,0,41,0,41,0,12,45,0,57,44,0,44,101
05/11/2022,PIH,ID,ANM,WE,Federal Contract Tower,0,11,10,0,21,0,1,31,0,32,0,12,41,0,53,8,0,8,61
05/12/2022,PIH,ID,ANM,WE,Federal Contract Tower,0,12,2,0,14,0,0,8,0,8,0,12,10,0,22,2,0,2,24
05/13/2022,PIH,ID,ANM,WE,Federal Contract Tower,0,11,2,0,13,0,0,10,0,10,0,11,12,0,23,6,0,6,29
05/14/2022,PIH,ID,ANM,WE,Federal Contract Tower,0,3,6,0,9,0,0,22,0,22,0,3,28,0,31,6,0,6,37
05/15/2022,PIH,ID,ANM,WE,Federal Contract Tower,0,3,2,0,5,0,0,45,0,45,0,3,47,0,50,14,0,14,64
05/16/2022,PIH,ID,ANM,WE,Federal Contract Tower,0,8,3,0,11,0,1,24,0,25,0,9,27,0,36,8,0,8,44
05/17/2022,PIH,ID,ANM,WE,Federal Contract Tower,0,10,4,0,14,0,3,9,0,12,0,13,13,0,26,4,0,4,30
05/18/2022,PIH,ID,ANM,WE,Federal Contract Tower,0,12,3,0,15,0,1,27,0,28,0,13,30,0,43,6,0,6,49
05/19/2022,PIH,ID,ANM,WE,Federal Contract Tower,0,10,0,0,10,0,0,2,0,2,0,10,2,0,12,0,0,0,12
05/20/2022,PIH,ID,ANM,WE,Federal Contract Tower,0,13,2,0,15,0,5,10,0,15,0,18,12,0,30,8,0,8,38
05/21/2022,PIH,ID,ANM,WE,Federal Contract Tower,0,10,4,3,17,0,0,56,0,56,0,10,60,3,73,0,0,0,73
05/22/2022,PIH,ID,ANM,WE,Federal Contract Tower,0,3,0,0,3,0,1,13,0,14,0,4,13,0,17,0,0,0,17
05/23/2022,PIH,ID,ANM,WE,Federal Contract Tower,0,7,3,1,11,0,3,54,0,57,0,10,57,1,68,6,0,6,74
05/24/2022,PIH,ID,ANM,WE,Federal Contract Tower,0,12,12,0,24,0,1,29,0,30,0,13,41,0,54,8,0,8,62
05/25/2022,PIH,ID,ANM,WE,Federal Contract Tower,0,15,3,0,18,0,1,45,0,46,0,16,48,0,64,12,0,12,76
05/26/2022,PIH,ID,ANM,WE,Federal Contract Tower,0,15,12,1,28,0,1,40,0,41,0,16,52,1,69,4,0,4,73
05/27/2022,PIH,ID,ANM,WE,Federal Contract Tower,0,8,2,0,10,0,1,8,0,9,0,9,10,0,19,0,0,0,19
05/28/2022,PIH,ID,ANM,WE,Federal Contract Tower,0,6,4,0,10,0,4,4,0,8,0,10,8,0,18,0,0,0,18
05/29/2022,PIH,ID,ANM,WE,Federal Contract Tower,0,5,8,0,13,0,0,5,0,5,0,5,13,0,18,0,0,0,18
05/30/2022,PIH,ID,ANM,WE,Federal Contract Tower,0,11,1,0,12,0,1,0,0,1,0,12,1,0,13,0,0,0,13
05/31/2022,PIH,ID,ANM,WE,Federal Contract Tower,0,9,1,0,10,0,1,11,0,12,0,10,12,0,22,0,0,0,22
06/01/2022,PIH,ID,ANM,WE,Federal Contract Tower,0,11,6,0,17,0,2,31,0,33,0,13,37,0,50,6,0,6,56
06/02/2022,PIH,ID,ANM,WE,Federal Contract Tower,0,18,8,0,26,0,0,32,0,32,0,18,40,0,58,18,0,18,76
06/03/2022,PIH,ID,ANM,WE,Federal Contract Tower,0,13,3,0,16,0,0,29,0,29,0,13,32,0,45,8,0,8,53
06/04/2022,PIH,ID,ANM,WE,Federal Contract Tower,0,5,0,0,5,0,1,39,0,40,0,6,39,0,45,36,0,36,81
06/05/2022,PIH,ID,ANM,WE,Federal Contract Tower,0,9,0,0,9,0,0,5,1,6,0,9,5,1,15,2,0,2,17
06/06/2022,PIH,ID,ANM,WE,Federal Contract Tower,0,9,2,0,11,0,0,16,1,17,0,9,18,1,28,0,0,0,28
06/07/2022,PIH,ID,ANM,WE,Federal Contract Tower,0,10,3,0,13,0,1,50,0,51,0,11,53,0,64,12,0,12,76
06/08/2022,PIH,ID,ANM,WE,Federal Contract Tower,0,10,10,0,20,0,3,58,4,65,0,13,68,4,85,16,0,16,101
06/09/2022,PIH,ID,ANM,WE,Federal Contract Tower,0,12,13,0,25,0,0,36,0,36,0,12,49,0,61,32,0,32,93
06/10/2022,PIH,ID,ANM,WE,Federal Contract Tower,0,12,7,0,19,0,1,74,0,75,0,13,81,0,94,14,0,14,108
06/11/2022,PIH,ID,ANM,WE,Federal Contract Tower,0,4,7,0,11,0,1,19,0,20,0,5,26,0,31,4,0,4,35
06/12/2022,PIH,ID,ANM,WE,Federal Contract Tower,0,6,6,0,12,0,0,2,0,2,0,6,8,0,14,0,0,0,14
06/13/2022,PIH,ID,ANM,WE,Federal Contract Tower,0,5,4,0,9,0,0,12,0,12,0,5,16,0,21,0,0,0,21
06/14/2022,PIH,ID,ANM,WE,Federal Contract Tower,0,12,9,0,21,0,0,14,0,14,0,12,23,0,35,0,0,0,35
06/15/2022,PIH,ID,ANM,WE,Federal Contract Tower,0,12,10,0,22,0,3,39,0,42,0,15,49,0,64,0,0,0,64
06/16/2022,PIH,ID,ANM,WE,Federal Contract Tower,0,12,9,0,21,0,0,30,0,30,0,12,39,0,51,0,0,0,51
06/17/2022,PIH,ID,ANM,WE,Federal Contract Tower,0,13,2,0,15,0,0,1,0,1,0,13,3,0,16,0,0,0,16
06/18/2022,PIH,ID,ANM,WE,Federal Contract Tower,1,7,4,0,12,0,0,31,0,31,1,7,35,0,43,10,0,10,53
06/19/2022,PIH,ID,ANM,WE,Federal Contract Tower,0,6,2,0,8,0,0,5,0,5,0,6,7,0,13,0,0,0,13
06/20/2022,PIH,ID,ANM,WE,Federal Contract Tower,0,9,6,0,15,0,0,6,0,6,0,9,12,0,21,2,0,2,23
06/21/2022,PIH,ID,ANM,WE,Federal Contract Tower,0,10,10,0,20,0,0,42,0,42,0,10,52,0,62,14,0,14,76
06/22/2022,PIH,ID,ANM,WE,Federal Contract Tower,0,10,5,0,15,0,1,54,1,56,0,11,59,1,71,44,2,46,117
06/23/2022,PIH,ID,ANM,WE,Federal Contract Tower,0,10,6,4,20,0,0,36,0,36,0,10,42,4,56,2,0,2,58
06/24/2022,PIH,ID,ANM,WE,Federal Contract Tower,0,9,1,0,10,0,0,16,0,16,0,9,17,0,26,6,0,6,32
06/25/2022,PIH,ID,ANM,WE,Federal Contract Tower,0,7,2,0,9,0,0,45,0,45,0,7,47,0,54,12,0,12,66
06/26/2022,PIH,ID,ANM,WE,Federal Contract Tower,0,4,2,0,6,0,0,6,0,6,0,4,8,0,12,4,0,4,16
06/27/2022,PIH,ID,ANM,WE,Federal Contract Tower,0,10,3,0,13,0,0,25,0,25,0,10,28,0,38,0,0,0,38
06/28/2022,PIH,ID,ANM,WE,Federal Contract Tower,2,8,12,0,22,0,2,19,0,21,2,10,31,0,43,0,0,0,43
06/29/2022,PIH,ID,ANM,WE,Federal Contract Tower,0,13,4,0,17,0,3,13,0,16,0,16,17,0,33,0,0,0,33
06/30/2022,PIH,ID,ANM,WE,Federal Contract Tower,0,11,3,0,14,0,0,55,0,55,0,11,58,0,69,18,0,18,87
07/01/2022,PIH,ID,ANM,WE,Federal Contract Tower,0,14,1,0,15,0,0,25,0,25,0,14,26,0,40,0,0,0,40
07/02/2022,PIH,ID,ANM,WE,Federal Contract Tower,2,6,1,0,9,0,2,10,0,12,2,8,11,0,21,0,0,0,21
07/03/2022,PIH,ID,ANM,WE,Federal Contract Tower,0,2,0,0,2,0,0,14,0,14,0,2,14,0,16,4,0,4,20
07/04/2022,PIH,ID,ANM,WE,Federal Contract Tower,0,3,2,0,5,0,1,17,0,18,0,4,19,0,23,8,0,8,31
07/05/2022,PIH,ID,ANM,WE,Federal Contract Tower,0,8,4,0,12,0,1,26,0,27,0,9,30,0,39,8,0,8,47
07/06/2022,PIH,ID,ANM,WE,Federal Contract Tower,0,11,2,0,13,0,4,23,0,27,0,15,25,0,40,14,0,14,54
07/07/2022,PIH,ID,ANM,WE,Federal Contract Tower,0,11,3,0,14,0,1,27,0,28,0,12,30,0,42,46,0,46,88
07/08/2022,PIH,ID,ANM,WE,Federal Contract Tower,0,12,0,0,12,0,2,21,0,23,0,14,21,0,35,54,0,54,89
07/09/2022,PIH,ID,ANM,WE,Federal Contract Tower,0,5,1,0,6,0,1,34,0,35,0,6,35,0,41,4,0,4,45
07/10/2022,PIH,ID,ANM,WE,Federal Contract Tower,0,5,5,5,15,0,0,12,0,12,0,5,17,5,27,12,0,12,39
07/11/2022,PIH,ID,ANM,WE,Federal Contract Tower,0,8,8,0,16,0,2,45,0,47,0,10,53,0,63,22,0,22,85
07/12/2022,PIH,ID,ANM,WE,Federal Contract Tower,0,9,9,0,18,0,3,49,0,52,0,12,58,0,70,6,0,6,76
07/13/2022,PIH,ID,ANM,WE,Federal Contract Tower,0,12,6,0,18,0,2,8,0,10,0,14,14,0,28,0,0,0,28
07/14/2022,PIH,ID,ANM,WE,Federal Contract Tower,0,13,4,0,17,0,0,34,0,34,0,13,38,0,51,20,0,20,71
07/15/2022,PIH,ID,ANM,WE,Federal Contract Tower,0,16,0,0,16,0,1,19,0,20,0,17,19,0,36,22,0,22,58
07/16/2022,PIH,ID,ANM,WE,Federal Contract Tower,0,9,4,0,13,0,0,40,0,40,0,9,44,0,53,18,0,18,71
07/17/2022,PIH,ID,ANM,WE,Federal Contract Tower,0,5,1,0,6,0,1,14,0,15,0,6,15,0,21,2,0,2,23
07/18/2022,PIH,ID,ANM,WE,Federal Contract Tower,0,8,3,0,11,0,2,3,0,5,0,10,6,0,16,0,0,0,16
07/19/2022,PIH,ID,ANM,WE,Federal Contract Tower,0,13,7,0,20,0,1,36,0,37,0,14,43,0,57,18,0,18,75
07/20/2022,PIH,ID,ANM,WE,Federal Contract Tower,0,12,4,0,16,0,0,40,0,40,0,12,44,0,56,34,0,34,90
07/21/2022,PIH,ID,ANM,WE,Federal Contract Tower,0,13,5,0,18,0,0,43,0,43,0,13,48,0,61,66,0,66,127
07/22/2022,PIH,ID,ANM,WE,Federal Contract Tower,1,11,5,2,19,1,0,58,0,59,2,11,63,2,78,32,0,32,110
07/23/2022,PIH,ID,ANM,WE,Federal Contract Tower,0,2,3,2,7,0,0,44,0,44,0,2,47,2,51,2,0,2,53
07/24/2022,PIH,ID,ANM,WE,Federal Contract Tower,0,4,0,0,4,0,1,3,0,4,0,5,3,0,8,0,0,0,8
07/25/2022,PIH,ID,ANM,WE,Federal Contract Tower,0,6,3,0,9,0,2,26,0,28,0,8,29,0,37,0,0,0,37
07/26/2022,PIH,ID,ANM,WE,Federal Contract Tower,0,10,8,0,18,0,1,40,0,41,0,11,48,0,59,20,0,20,79
07/27/2022,PIH,ID,ANM,WE,Federal Contract Tower,0,9,6,0,15,0,1,38,0,39,0,10,44,0,54,26,0,26,80
07/28/2022,PIH,ID,ANM,WE,Federal Contract Tower,0,11,5,0,16,0,1,32,0,33,0,12,37,0,49,12,0,12,61
07/29/2022,PIH,ID,ANM,WE,Federal Contract Tower,0,10,3,0,13,0,0,36,0,36,0,10,39,0,49,14,0,14,63
07/30/2022,PIH,ID,ANM,WE,Federal Contract Tower,0,6,7,1,14,0,1,34,1,36,0,7,41,2,50,44,0,44,94
07/31/2022,PIH,ID,ANM,WE,Federal Contract Tower,0,6,0,0,6,0,1,26,0,27,0,7,26,0,33,10,0,10,43
08/01/2022,PIH,ID,ANM,WE,Federal Contract Tower,0,8,2,0,10,0,0,27,0,27,0,8,29,0,37,35,0,35,72
08/02/2022,PIH,ID,ANM,WE,Federal Contract Tower,0,11,2,0,13,0,0,10,0,10,0,11,12,0,23,6,0,6,29
08/03/2022,PIH,ID,ANM,WE,Federal Contract Tower,0,12,9,0,21,0,1,34,0,35,0,13,43,0,56,40,0,40,96
08/04/2022,PIH,ID,ANM,WE,Federal Contract Tower,0,8,5,0,13,0,1,25,0,26,0,9,30,0,39,8,0,8,47
08/05/2022,PIH,ID,ANM,WE,Federal Contract Tower,0,13,2,0,15,0,0,14,0,14,0,13,16,0,29,38,0,38,67
08/06/2022,PIH,ID,ANM,WE,Federal Contract Tower,0,5,1,0,6,0,0,6,0,6,0,5,7,0,12,0,0,0,12
08/07/2022,PIH,ID,ANM,WE,Federal Contract Tower,0,5,1,0,6,0,1,40,0,41,0,6,41,0,47,16,0,16,63
08/08/2022,PIH,ID,ANM,WE,Federal Contract Tower,0,8,10,0,18,0,0,43,0,43,0,8,53,0,61,24,0,24,85
08/09/2022,PIH,ID,ANM,WE,Federal Contract Tower,0,9,6,2,17,4,1,30,11,46,4,10,36,13,63,18,8,26,89
08/10/2022,PIH,ID,ANM,WE,Federal Contract Tower,0,8,10,0,18,25,143,41,0,209,25,151,51,0,227,14,0,14,241
08/11/2022,PIH,ID,ANM,WE,Federal Contract Tower,0,10,3,0,13,1,2,33,0,36,1,12,36,0,49,16,0,16,65
08/12/2022,PIH,ID,ANM,WE,Federal Contract Tower,0,11,1,0,12,0,0,13,0,13,0,11,14,0,25,16,0,16,41
08/13/2022,PIH,ID,ANM,WE,Federal Contract Tower,0,9,0,0,9,0,1,28,0,29,0,10,28,0,38,18,0,18,56
08/14/2022,PIH,ID,ANM,WE,Federal Contract Tower,0,5,3,0,8,0,4,23,0,27,0,9,26,0,35,22,0,22,57
08/15/2022,PIH,ID,ANM,WE,Federal Contract Tower,0,11,1,0,12,0,1,46,0,47,0,12,47,0,59,12,0,12,71
08/16/2022,PIH,ID,ANM,WE,Federal Contract Tower,0,19,7,0,26,6,4,55,0,65,6,23,62,0,91,38,0,38,129
08/17/2022,PIH,ID,ANM,WE,Federal Contract Tower,0,8,3,0,11,0,3,40,0,43,0,11,43,0,54,32,0,32,86
08/18/2022,PIH,ID,ANM,WE,Federal Contract Tower,1,12,9,0,22,0,1,58,0,59,1,13,67,0,81,60,0,60,141
08/19/2022,PIH,ID,ANM,WE,Federal Contract Tower,0,14,5,0,19,0,0,29,0,29,0,14,34,0,48,46,0,46,94
08/20/2022,PIH,ID,ANM,WE,Federal Contract Tower,0,5,5,0,10,0,4,45,2,51,0,9,50,2,61,20,0,20,81
08/21/2022,PIH,ID,ANM,WE,Federal Contract Tower,2,4,8,0,14,0,2,37,0,39,2,6,45,0,53,24,0,24,77
08/22/2022,PIH,ID,ANM,WE,Federal Contract Tower,0,10,5,0,15,0,0,18,0,18,0,10,23,0,33,42,0,42,75
08/23/2022,PIH,ID,ANM,WE,Federal Contract Tower,0,13,6,0,19,0,1,46,0,47,0,14,52,0,66,36,0,36,102
08/24/2022,PIH,ID,ANM,WE,Federal Contract Tower,0,10,4,0,14,0,6,25,0,31,0,16,29,0,45,2,0,2,47
08/25/2022,PIH,ID,ANM,WE,Federal Contract Tower,0,7,4,0,11,0,10,19,0,29,0,17,23,0,40,10,0,10,50
08/26/2022,PIH,ID,ANM,WE,Federal Contract Tower,0,8,3,0,11,0,1,29,0,30,0,9,32,0,41,26,0,26,67
08/27/2022,PIH,ID,ANM,WE,Federal Contract Tower,0,8,2,0,10,0,0,25,0,25,0,8,27,0,35,4,0,4,39
08/28/2022,PIH,ID,ANM,WE,Federal Contract Tower,0,7,8,0,15,0,0,6,0,6,0,7,14,0,21,0,0,0,21
08/29/2022,PIH,ID,ANM,WE,Federal Contract Tower,0,6,8,0,14,0,1,32,0,33,0,7,40,0,47,24,0,24,71
08/30/2022,PIH,ID,ANM,WE,Federal Contract Tower,0,9,10,0,19,0,0,27,0,27,0,9,37,0,46,46,0,46,92
08/31/2022,PIH,ID,ANM,WE,Federal Contract Tower,0,7,2,0,9,4,12,26,2,44,4,19,28,2,53,40,16,56,109
09/01/2022,PIH,ID,ANM,WE,Federal Contract Tower,0,10,0,0,10,14,16,21,0,51,14,26,21,0,61,0,0,0,61
09/02/2022,PIH,ID,ANM,WE,Federal Contract Tower,0,9,0,0,9,0,0,41,0,41,0,9,41,0,50,8,0,8,58
09/03/2022,PIH,ID,ANM,WE,Federal Contract Tower,0,0,0,0,0,0,5,25,0,30,0,5,25,0,30,0,0,0,30
09/04/2022,PIH,ID,ANM,WE,Federal Contract Tower,0,5,0,0,5,2,31,14,0,47,2,36,14,0,52,0,0,0,52
09/05/2022,PIH,ID,ANM,WE,Federal Contract Tower,0,2,2,0,4,0,54,41,0,95,0,56,43,0,99,44,0,44,143
09/06/2022,PIH,ID,ANM,WE,Federal Contract Tower,0,7,1,0,8,4,4,34,0,42,4,11,35,0,50,38,0,38,88
09/07/2022,PIH,ID,ANM,WE,Federal Contract Tower,0,11,4,0,15,10,18,31,6,65,10,29,35,6,80,22,0,22,102
09/08/2022,PIH,ID,ANM,WE,Federal Contract Tower,0,0,0,0,0,0,55,11,0,66,0,55,11,0,66,8,0,8,74
09/09/2022,PIH,ID,ANM,WE,Federal Contract Tower,3,11,5,0,19,32,51,33,0,116,35,62,38,0,135,22,0,22,157
09/10/2022,PIH,ID,ANM,WE,Federal Contract Tower,0,4,2,0,6,0,0,22,0,22,0,4,24,0,28,0,0,0,28
09/11/2022,PIH,ID,ANM,WE,Federal Contract Tower,0,4,2,0,6,0,1,39,0,40,0,5,41,0,46,8,0,8,54
09/12/2022,PIH,ID,ANM,WE,Federal Contract Tower,0,7,5,2,14,0,1,43,0,44,0,8,48,2,58,66,0,66,124
09/13/2022,PIH,ID,ANM,WE,Federal Contract Tower,0,9,0,0,9,0,1,25,0,26,0,10,25,0,35,46,0,46,81
09/14/2022,PIH,ID,ANM,WE,Federal Contract Tower,0,12,4,0,16,0,0,37,0,37,0,12,41,0,53,64,0,64,117
09/15/2022,PIH,ID,ANM,WE,Federal Contract Tower,2,10,2,0,14,0,3,10,0,13,2,13,12,0,27,24,0,24,51
09/16/2022,PIH,ID,ANM,WE,Federal Contract Tower,2,15,1,0,18,0,1,15,0,16,2,16,16,0,34,6,0,6,40
09/17/2022,PIH,ID,ANM,WE,Federal Contract Tower,2,5,4,0,11,0,4,24,0,28,2,9,28,0,39,54,0,54,93
09/18/2022,PIH,ID,ANM,WE,Federal Contract Tower,0,4,0,0,4,0,0,15,0,15,0,4,15,0,19,30,0,30,49
09/19/2022,PIH,ID,ANM,WE,Federal Contract Tower,0,5,4,0,9,0,1,25,0,26,0,6,29,0,35,20,0,20,55
09/20/2022,PIH,ID,ANM,WE,Federal Contract Tower,0,9,7,0,16,0,5,57,0,62,0,14,64,0,78,40,0,40,118
09/21/2022,PIH,ID,ANM,WE,Federal Contract Tower,0,8,5,0,13,0,7,34,0,41,0,15,39,0,54,32,0,32,86
09/22/2022,PIH,ID,ANM,WE,Federal Contract Tower,0,9,4,0,13,0,3,12,0,15,0,12,16,0,28,0,0,0,28
09/23/2022,PIH,ID,ANM,WE,Federal Contract Tower,2,11,3,0,16,0,1,48,0,49,2,12,51,0,65,50,0,50,115
09/24/2022,PIH,ID,ANM,WE,Federal Contract Tower,2,5,6,0,13,0,2,59,0,61,2,7,65,0,74,34,0,34,108
09/25/2022,PIH,ID,ANM,WE,Federal Contract Tower,0,2,0,0,2,0,3,40,2,45,0,5,40,2,47,74,0,74,121
09/26/2022,PIH,ID,ANM,WE,Federal Contract Tower,0,7,5,0,12,0,6,39,1,46,0,13,44,1,58,74,0,74,132
09/27/2022,PIH,ID,ANM,WE,Federal Contract Tower,0,8,1,0,9,0,2,45,0,47,0,10,46,0,56,52,0,52,108
09/28/2022,PIH,ID,ANM,WE,Federal Contract Tower,0,12,6,0,18,0,5,49,0,54,0,17,55,0,72,38,0,38,110
09/29/2022,PIH,ID,ANM,WE,Federal Contract Tower,0,14,10,0,24,4,9,40,2,55,4,23,50,2,79,20,4,24,103
09/30/2022,PIH,ID,ANM,WE,Federal Contract Tower,0,11,5,0,16,0,0,48,0,48,0,11,53,0,64,68,0,68,132
10/01/2022,PIH,ID,ANM,WE,Federal Contract Tower,0,5,5,0,10,0,2,19,0,21,0,7,24,0,31,0,0,0,31
10/02/2022,PIH,ID,ANM,WE,Federal Contract Tower,0,4,3,0,7,0,0,22,0,22,0,4,25,0,29,0,0,0,29
10/03/2022,PIH,ID,ANM,WE,Federal Contract Tower,0,6,4,0,10,0,0,46,0,46,0,6,50,0,56,60,0,60,116
10/04/2022,PIH,ID,ANM,WE,Federal Contract Tower,0,11,3,0,14,0,6,59,0,65,0,17,62,0,79,18,0,18,97
10/05/2022,PIH,ID,ANM,WE,Federal Contract Tower,0,13,5,0,18,0,8,54,0,62,0,21,59,0,80,24,0,24,104
10/06/2022,PIH,ID,ANM,WE,Federal Contract Tower,0,9,5,0,14,0,0,47,0,47,0,9,52,0,61,52,0,52,113
10/07/2022,PIH,ID,ANM,WE,Federal Contract Tower,0,9,6,0,15,0,2,59,0,61,0,11,65,0,76,36,0,36,112
10/08/2022,PIH,ID,ANM,WE,Federal Contract Tower,0,5,7,0,12,0,0,38,0,38,0,5,45,0,50,56,0,56,106
10/09/2022,PIH,ID,ANM,WE,Federal Contract Tower,0,4,2,0,6,0,0,19,0,19,0,4,21,0,25,44,0,44,69
10/10/2022,PIH,ID,ANM,WE,Federal Contract Tower,0,9,2,0,11,0,6,43,0,49,0,15,45,0,60,40,0,40,100
10/11/2022,PIH,ID,ANM,WE,Federal Contract Tower,0,11,0,0,11,0,0,16,0,16,0,11,16,0,27,12,0,12,39
10/12/2022,PIH,ID,ANM,WE,Federal Contract Tower,0,12,6,2,20,0,3,33,0,36,0,15,39,2,56,26,0,26,82
10/13/2022,PIH,ID,ANM,WE,Federal Contract Tower,0,11,3,0,14,0,0,29,0,29,0,11,32,0,43,4,0,4,47
10/14/2022,PIH,ID,ANM,WE,Federal Contract Tower,1,9,1,0,11,0,5,34,0,39,1,14,35,0,50,32,0,32,82
10/15/2022,PIH,ID,ANM,WE,Federal Contract Tower,1,3,4,0,8,0,0,17,0,17,1,3,21,0,25,0,0,0,25
10/16/2022,PIH,ID,ANM,WE,Federal Contract Tower,0,4,3,0,7,0,0,31,0,31,0,4,34,0,38,12,0,12,50
10/17/2022,PIH,ID,ANM,WE,Federal Contract Tower,0,10,4,0,14,0,0,47,0,47,0,10,51,0,61,66,0,66,127
10/18/2022,PIH,ID,ANM,WE,Federal Contract Tower,0,10,8,3,21,0,0,50,0,50,0,10,58,3,71,22,0,22,93
10/19/2022,PIH,ID,ANM,WE,Federal Contract Tower,0,14,4,1,19,0,1,49,0,50,0,15,53,1,69,62,0,62,131
10/20/2022,PIH,ID,ANM,WE,Federal Contract Tower,0,12,2,8,22,0,1,64,0,65,0,13,66,8,87,86,0,86,173
10/21/2022,PIH,ID,ANM,WE,Federal Contract Tower,1,12,0,0,13,0,1,40,0,41,1,13,40,0,54,8,0,8,62
10/22/2022,PIH,ID,ANM,WE,Federal Contract Tower,1,6,6,0,13,0,0,0,0,0,1,6,6,0,13,0,0,0,13
10/23/2022,PIH,ID,ANM,WE,Federal Contract Tower,0,11,4,0,15,0,0,4,0,4,0,11,8,0,19,0,0,0,19
10/24/2022,PIH,ID,ANM,WE,Federal Contract Tower,0,9,2,0,11,0,0,7,0,7,0,9,9,0,18,0,0,0,18
10/25/2022,PIH,ID,ANM,WE,Federal Contract Tower,0,13,1,0,14,0,0,11,0,11,0,13,12,0,25,0,0,0,25
10/26/2022,PIH,ID,ANM,WE,Federal Contract Tower,0,11,2,0,13,0,2,0,0,2,0,13,2,0,15,0,0,0,15
10/27/2022,PIH,ID,ANM,WE,Federal Contract Tower,0,11,8,0,19,0,5,31,12,48,0,16,39,12,67,98,0,98,165
10/28/2022,PIH,ID,ANM,WE,Federal Contract Tower,0,12,4,0,16,0,2,45,0,47,0,14,49,0,63,26,0,26,89
10/29/2022,PIH,ID,ANM,WE,Federal Contract Tower,0,5,4,0,9,0,0,33,0,33,0,5,37,0,42,64,0,64,106
10/30/2022,PIH,ID,ANM,WE,Federal Contract Tower,0,4,2,0,6,0,3,23,0,26,0,7,25,0,32,68,0,68,100
10/31/2022,PIH,ID,ANM,WE,Federal Contract Tower,0,5,2,1,8,0,0,34,1,35,0,5,36,2,43,8,0,8,51
11/01/2022,PIH,ID,ANM,WE,Federal Contract Tower,0,12,3,0,15,0,0,1,0,1,0,12,4,0,16,0,0,0,16
11/02/2022,PIH,ID,ANM,WE,Federal Contract Tower,0,14,6,0,20,0,0,9,0,9,0,14,15,0,29,6,0,6,35
11/03/2022,PIH,ID,ANM,WE,Federal Contract Tower,0,10,9,0,19,0,0,13,0,13,0,10,22,0,32,4,0,4,36
11/04/2022,PIH,ID,ANM,WE,Federal Contract Tower,2,10,0,0,12,0,0,4,0,4,2,10,4,0,16,0,0,0,16
11/05/2022,PIH,ID,ANM,WE,Federal Contract Tower,0,13,8,0,21,0,1,1,0,2,0,14,9,0,23,0,0,0,23
11/06/2022,PIH,ID,ANM,WE,Federal Contract Tower,0,3,4,0,7,0,0,28,0,28,0,3,32,0,35,16,0,16,51
11/07/2022,PIH,ID,ANM,WE,Federal Contract Tower,0,6,2,0,8,0,0,1,0,1,0,6,3,0,9,0,0,0,9
11/08/2022,PIH,ID,ANM,WE,Federal Contract Tower,1,9,0,0,10,0,0,2,0,2,1,9,2,0,12,18,0,18,30
11/09/2022,PIH,ID,ANM,WE,Federal Contract Tower,1,10,1,0,12,0,0,0,0,0,1,10,1,0,12,0,0,0,12
11/10/2022,PIH,ID,ANM,WE,Federal Contract Tower,0,9,1,0,10,0,0,2,0,2,0,9,3,0,12,0,0,0,12
11/11/2022,PIH,ID,ANM,WE,Federal Contract Tower,0,15,11,0,26,0,1,34,0,35,0,16,45,0,61,88,0,88,149
11/12/2022,PIH,ID,ANM,WE,Federal Contract Tower,0,4,13,0,17,0,0,77,0,77,0,4,90,0,94,22,0,22,116
11/13/2022,PIH,ID,ANM,WE,Federal Contract Tower,0,5,3,0,8,0,0,11,0,11,0,5,14,0,19,18,0,18,37
11/14/2022,PIH,ID,ANM,WE,Federal Contract Tower,0,11,0,0,11,0,0,22,0,22,0,11,22,0,33,2,0,2,35
11/15/2022,PIH,ID,ANM,WE,Federal Contract Tower,0,13,1,0,14,0,0,7,0,7,0,13,8,0,21,6,0,6,27
11/16/2022,PIH,ID,ANM,WE,Federal Contract Tower,0,9,6,0,15,0,0,0,0,0,0,9,6,0,15,0,0,0,15
11/17/2022,PIH,ID,ANM,WE,Federal Contract Tower,0,12,0,0,12,0,0,3,0,3,0,12,3,0,15,16,0,16,31
11/18/2022,PIH,ID,ANM,WE,Federal Contract Tower,1,12,8,0,21,0,4,47,0,51,1,16,55,0,72,18,0,18,90
11/19/2022,PIH,ID,ANM,WE,Federal Contract Tower,2,5,2,0,9,0,0,48,0,48,2,5,50,0,57,28,0,28,85
11/20/2022,PIH,ID,ANM,WE,Federal Contract Tower,0,6,7,0,13,0,2,42,0,44,0,8,49,0,57,22,0,22,79
11/21/2022,PIH,ID,ANM,WE,Federal Contract Tower,0,8,0,0,8,0,6,13,0,19,0,14,13,0,27,22,0,22,49
11/22/2022,PIH,ID,ANM,WE,Federal Contract Tower,0,9,3,0,12,0,0,40,0,40,0,9,43,0,52,32,0,32,84
11/23/2022,PIH,ID,ANM,WE,Federal Contract Tower,0,10,5,6,21,0,0,20,0,20,0,10,25,6,41,8,0,8,49
11/24/2022,PIH,ID,ANM,WE,Federal Contract Tower,0,3,0,0,3,0,0,9,0,9,0,3,9,0,12,14,0,14,26
11/25/2022,PIH,ID,ANM,WE,Federal Contract Tower,0,11,8,0,19,0,0,40,0,40,0,11,48,0,59,6,0,6,65
11/26/2022,PIH,ID,ANM,WE,Federal Contract Tower,0,13,4,0,17,0,0,1,0,1,0,13,5,0,18,0,0,0,18
11/27/2022,PIH,ID,ANM,WE,Federal Contract Tower,0,7,3,0,10,0,0,14,0,14,0,7,17,0,24,6,0,6,30
11/28/2022,PIH,ID,ANM,WE,Federal Contract Tower,0,8,2,0,10,0,0,0,0,0,0,8,2,0,10,0,0,0,10
11/29/2022,PIH,ID,ANM,WE,Federal Contract Tower,0,11,3,0,14,0,0,2,1,3,0,11,5,1,17,0,0,0,17
11/30/2022,PIH,ID,ANM,WE,Federal Contract Tower,0,8,2,0,10,0,0,16,1,17,0,8,18,1,27,4,0,4,31
12/01/2022,PIH,ID,ANM,WE,Federal Contract Tower,0,12,2,2,16,0,0,3,0,3,0,12,5,2,19,0,0,0,19
12/02/2022,PIH,ID,ANM,WE,Federal Contract Tower,0,13,1,0,14,0,0,3,0,3,0,13,4,0,17,0,0,0,17
12/03/2022,PIH,ID,ANM,WE,Federal Contract Tower,0,9,1,0,10,0,0,39,0,39,0,9,40,0,49,6,0,6,55
12/04/2022,PIH,ID,ANM,WE,Federal Contract Tower,0,2,0,0,2,0,0,6,0,6,0,2,6,0,8,0,0,0,8
12/05/2022,PIH,ID,ANM,WE,Federal Contract Tower,0,7,3,0,10,0,0,36,0,36,0,7,39,0,46,6,0,6,52
12/06/2022,PIH,ID,ANM,WE,Federal Contract Tower,0,10,4,0,14,0,2,24,0,26,0,12,28,0,40,8,0,8,48
12/07/2022,PIH,ID,ANM,WE,Federal Contract Tower,0,11,0,0,11,0,0,0,0,0,0,11,0,0,11,0,0,0,11
12/08/2022,PIH,ID,ANM,WE,Federal Contract Tower,0,10,1,0,11,0,0,20,0,20,0,10,21,0,31,14,0,14,45
12/09/2022,PIH,ID,ANM,WE,Federal Contract Tower,0,11,2,0,13,0,0,4,0,4,0,11,6,0,17,6,0,6,23
12/10/2022,PIH,ID,ANM,WE,Federal Contract Tower,0,5,0,0,5,0,0,9,0,9,0,5,9,0,14,2,0,2,16
12/11/2022,PIH,ID,ANM,WE,Federal Contract Tower,0,2,3,0,5,0,0,11,0,11,0,2,14,0,16,8,0,8,24
12/12/2022,PIH,ID,ANM,WE,Federal Contract Tower,0,7,2,0,9,0,0,4,0,4,0,7,6,0,13,6,0,6,19
12/13/2022,PIH,ID,ANM,WE,Federal Contract Tower,0,10,0,0,10,0,0,9,0,9,0,10,9,0,19,12,0,12,31
12/14/2022,PIH,ID,ANM,WE,Federal Contract Tower,0,10,0,0,10,0,0,0,0,0,0,10,0,0,10,0,0,0,10
12/15/2022,PIH,ID,ANM,WE,Federal Contract Tower,0,11,4,0,15,0,0,0,0,0,0,11,4,0,15,0,0,0,15
12/16/2022,PIH,ID,ANM,WE,Federal Contract Tower,0,9,2,0,11,0,0,0,0,0,0,9,2,0,11,0,0,0,11
12/17/2022,PIH,ID,ANM,WE,Federal Contract Tower,0,9,2,0,11,0,0,17,0,17,0,9,19,0,28,10,0,10,38
12/18/2022,PIH,ID,ANM,WE,Federal Contract Tower,0,8,2,0,10,0,0,2,0,2,0,8,4,0,12,0,0,0,12
12/19/2022,PIH,ID,ANM,WE,Federal Contract Tower,0,11,0,0,11,0,0,57,0,57,0,11,57,0,68,34,0,34,102
12/20/2022,PIH,ID,ANM,WE,Federal Contract Tower,0,8,2,0,10,0,0,36,0,36,0,8,38,0,46,38,0,38,84
12/21/2022,PIH,ID,ANM,WE,Federal Contract Tower,0,12,2,0,14,0,1,10,0,11,0,13,12,0,25,0,0,0,25
12/22/2022,PIH,ID,ANM,WE,Federal Contract Tower,0,11,4,0,15,0,0,24,0,24,0,11,28,0,39,6,0,6,45
12/23/2022,PIH,ID,ANM,WE,Federal Contract Tower,0,10,2,0,12,0,0,0,0,0,0,10,2,0,12,0,0,0,12
12/24/2022,PIH,ID,ANM,WE,Federal Contract Tower,0,9,2,0,11,0,0,0,0,0,0,9,2,0,11,0,0,0,11
12/25/2022,PIH,ID,ANM,WE,Federal Contract Tower,0,2,0,0,2,0,0,10,0,10,0,2,10,0,12,0,0,0,12
12/26/2022,PIH,ID,ANM,WE,Federal Contract Tower,0,9,1,0,10,0,1,26,0,27,0,10,27,0,37,14,0,14,51
12/27/2022,PIH,ID,ANM,WE,Federal Contract Tower,0,10,5,0,15,0,0,0,0,0,0,10,5,0,15,0,0,0,15
12/28/2022,PIH,ID,ANM,WE,Federal Contract Tower,0,10,4,0,14,0,0,8,0,8,0,10,12,0,22,0,0,0,22
12/29/2022,PIH,ID,ANM,WE,Federal Contract Tower,0,14,2,0,16,0,1,16,0,17,0,15,18,0,33,0,0,0,33
12/30/2022,PIH,ID,ANM,WE,Federal Contract Tower,0,11,1,0,12,0,0,0,0,0,0,11,1,0,12,0,0,0,12
12/31/2022,PIH,ID,ANM,WE,Federal Contract Tower,0,14,1,0,15,0,0,13,0,13,0,14,14,0,28,0,0,0,28
01/01/2023,PIH,ID,ANM,WE,Federal Contract Tower,0,7,2,0,9,0,0,7,0,7,0,7,9,0,16,0,0,0,16
01/02/2023,PIH,ID,ANM,WE,Federal Contract Tower,0,7,5,0,12,0,2,19,0,21,0,9,24,0,33,12,0,12,45
01/03/2023,PIH,ID,ANM,WE,Federal Contract Tower,0,15,1,0,16,0,0,23,0,23,0,15,24,0,39,2,0,2,41
01/04/2023,PIH,ID,ANM,WE,Federal Contract Tower,0,13,2,0,15,0,7,37,0,44,0,20,39,0,59,16,0,16,75
01/05/2023,PIH,ID,ANM,WE,Federal Contract Tower,1,13,3,0,17,0,0,11,0,11,1,13,14,0,28,0,0,0,28
01/06/2023,PIH,ID,ANM,WE,Federal Contract Tower,0,12,0,0,12,0,0,0,0,0,0,12,0,0,12,0,0,0,12
01/07/2023,PIH,ID,ANM,WE,Federal Contract Tower,0,7,1,0,8,0,0,21,0,21,0,7,22,0,29,0,0,0,29
01/08/2023,PIH,ID,ANM,WE,Federal Contract Tower,0,5,4,0,9,0,0,9,0,9,0,5,13,0,18,0,0,0,18
01/09/2023,PIH,ID,ANM,WE,Federal Contract Tower,0,12,0,0,12,0,0,7,0,7,0,12,7,0,19,4,0,4,23
01/10/2023,PIH,ID,ANM,WE,Federal Contract Tower,0,16,5,0,21,0,0,7,0,7,0,16,12,0,28,0,0,0,28
01/11/2023,PIH,ID,ANM,WE,Federal Contract Tower,0,13,2,0,15,0,0,16,0,16,0,13,18,0,31,8,0,8,39
01/12/2023,PIH,ID,ANM,WE,Federal Contract Tower,0,13,2,2,17,0,3,49,1,53,0,16,51,3,70,34,12,46,116
01/13/2023,PIH,ID,ANM,WE,Federal Contract Tower,0,14,5,0,19,0,1,38,0,39,0,15,43,0,58,56,0,56,114
01/14/2023,PIH,ID,ANM,WE,Federal Contract Tower,0,5,6,0,11,0,0,25,0,25,0,5,31,0,36,6,0,6,42
01/15/2023,PIH,ID,ANM,WE,Federal Contract Tower,0,3,1,0,4,0,0,10,0,10,0,3,11,0,14,6,0,6,20
01/16/2023,PIH,ID,ANM,WE,Federal Contract Tower,0,8,1,0,9,0,2,37,0,39,0,10,38,0,48,46,0,46,94
01/17/2023,PIH,ID,ANM,WE,Federal Contract Tower,0,10,4,1,15,0,0,41,1,42,0,10,45,2,57,34,0,34,91
01/18/2023,PIH,ID,ANM,WE,Federal Contract Tower,0,11,3,0,14,0,0,12,0,12,0,11,15,0,26,0,0,0,26
01/19/2023,PIH,ID,ANM,WE,Federal Contract Tower,0,11,0,0,11,0,0,5,1,6,0,11,5,1,17,0,0,0,17
01/20/2023,PIH,ID,ANM,WE,Federal Contract Tower,0,15,11,0,26,0,0,4,0,4,0,15,15,0,30,8,0,8,38
01/21/2023,PIH,ID,ANM,WE,Federal Contract Tower,0,11,2,0,13,0,4,23,0,27,0,15,25,0,40,28,0,28,68
01/22/2023,PIH,ID,ANM,WE,Federal Contract Tower,0,4,4,0,8,0,0,14,0,14,0,4,18,0,22,0,0,0,22
01/23/2023,PIH,ID,ANM,WE,Federal Contract Tower,0,9,6,0,15,0,0,9,0,9,0,9,15,0,24,6,0,6,30
01/24/2023,PIH,ID,ANM,WE,Federal Contract Tower,0,8,2,0,10,0,0,4,0,4,0,8,6,0,14,20,0,20,34
01/25/2023,PIH,ID,ANM,WE,Federal Contract Tower,0,14,0,0,14,0,0,0,0,0,0,14,0,0,14,0,0,0,14
01/26/2023,PIH,ID,ANM,WE,Federal Contract Tower,0,12,6,0,18,0,0,3,0,3,0,12,9,0,21,0,0,0,21
01/27/2023,PIH,ID,ANM,WE,Federal Contract Tower,0,19,4,0,23,0,0,0,0,0,0,19,4,0,23,0,0,0,23
01/28/2023,PIH,ID,ANM,WE,Federal Contract Tower,0,5,7,0,12,0,1,0,0,1,0,6,7,0,13,0,0,0,13
01/29/2023,PIH,ID,ANM,WE,Federal Contract Tower,2,4,2,0,8,0,0,9,0,9,2,4,11,0,17,6,0,6,23
01/30/2023,PIH,ID,ANM,WE,Federal Contract Tower,0,4,8,0,12,0,1,59,0,60,0,5,67,0,72,20,0,20,92
01/31/2023,PIH,ID,ANM,WE,Federal Contract Tower,0,12,2,0,14,0,2,29,0,31,0,14,31,0,45,12,0,12,57
02/01/2023,PIH,ID,ANM,WE,Federal Contract Tower,0,9,9,0,18,0,1,47,0,48,0,10,56,0,66,18,0,18,84
02/02/2023,PIH,ID,ANM,WE,Federal Contract Tower,0,12,6,0,18,0,1,34,0,35,0,13,40,0,53,0,0,0,53
02/03/2023,PIH,ID,ANM,WE,Federal Contract Tower,0,9,4,0,13,0,3,33,0,36,0,12,37,0,49,30,0,30,79
02/04/2023,PIH,ID,ANM,WE,Federal Contract Tower,0,4,2,0,6,0,2,39,0,41,0,6,41,0,47,20,0,20,67
02/05/2023,PIH,ID,ANM,WE,Federal Contract Tower,0,5,3,0,8,0,0,9,0,9,0,5,12,0,17,0,0,0,17
02/06/2023,PIH,ID,ANM,WE,Federal Contract Tower,0,9,6,0,15,0,2,15,0,17,0,11,21,0,32,6,0,6,38
02/07/2023,PIH,ID,ANM,WE,Federal Contract Tower,2,8,2,0,12,2,0,25,0,27,4,8,27,0,39,34,0,34,73
02/08/2023,PIH,ID,ANM,WE,Federal Contract Tower,0,13,2,0,15,0,5,14,0,19,0,18,16,0,34,0,0,0,34
02/09/2023,PIH,ID,ANM,WE,Federal Contract Tower,0,10,5,0,15,0,0,81,0,81,0,10,86,0,96,94,0,94,190
02/10/2023,PIH,ID,ANM,WE,Federal Contract Tower,0,8,8,0,16,0,0,58,0,58,0,8,66,0,74,48,0,48,122
02/11/2023,PIH,ID,ANM,WE,Federal Contract Tower,0,6,0,0,6,0,0,52,0,52,0,6,52,0,58,14,0,14,72
02/12/2023,PIH,ID,ANM,WE,Federal Contract Tower,0,3,4,0,7,0,2,21,0,23,0,5,25,0,30,12,0,12,42
02/13/2023,PIH,ID,ANM,WE,Federal Contract Tower,0,8,8,0,16,0,1,29,0,30,0,9,37,0,46,18,0,18,64
02/14/2023,PIH,ID,ANM,WE,Federal Contract Tower,0,8,0,0,8,0,0,0,0,0,0,8,0,0,8,0,0,0,8
02/15/2023,PIH,ID,ANM,WE,Federal Contract Tower,0,12,7,0,19,0,3,51,2,56,0,15,58,2,75,20,0,20,95
02/16/2023,PIH,ID,ANM,WE,Federal Contract Tower,0,10,0,0,10,0,0,58,0,58,0,10,58,0,68,34,0,34,102
02/17/2023,PIH,ID,ANM,WE,Federal Contract Tower,0,12,3,0,15,0,4,45,0,49,0,16,48,0,64,66,0,66,130
02/18/2023,PIH,ID,ANM,WE,Federal Contract Tower,0,5,3,0,8,0,0,21,0,21,0,5,24,0,29,20,0,20,49
02/19/2023,PIH,ID,ANM,WE,Federal Contract Tower,0,7,3,0,10,0,0,18,0,18,0,7,21,0,28,0,0,0,28
02/20/2023,PIH,ID,ANM,WE,Federal Contract Tower,0,13,1,0,14,0,0,15,0,15,0,13,16,0,29,8,0,8,37
02/21/2023,PIH,ID,ANM,WE,Federal Contract Tower,0,10,1,0,11,0,0,2,0,2,0,10,3,0,13,0,0,0,13
02/22/2023,PIH,ID,ANM,WE,Federal Contract Tower,0,11,4,0,15,0,0,0,0,0,0,11,4,0,15,0,0,0,15
02/23/2023,PIH,ID,ANM,WE,Federal Contract Tower,0,9,4,0,13,0,0,13,0,13,0,9,17,0,26,8,0,8,34
02/24/2023,PIH,ID,ANM,WE,Federal Contract Tower,0,18,0,0,18,0,13,0,0,13,0,31,0,0,31,0,0,0,31
02/25/2023,PIH,ID,ANM,WE,Federal Contract Tower,0,6,8,0,14,0,2,52,0,54,0,8,60,0,68,56,0,56,124
02/26/2023,PIH,ID,ANM,WE,Federal Contract Tower,0,3,4,0,7,0,0,7,0,7,0,3,11,0,14,0,0,0,14
02/27/2023,PIH,ID,ANM,WE,Federal Contract Tower,0,9,2,0,11,0,0,0,0,0,0,9,2,0,11,0,0,0,11
02/28/2023,PIH,ID,ANM,WE,Federal Contract Tower,0,9,4,0,13,0,0,16,0,16,0,9,20,0,29,8,0,8,37
03/01/2023,PIH,ID,ANM,WE,Federal Contract Tower,0,14,0,0,14,0,0,0,0,0,0,14,0,0,14,0,0,0,14
03/02/2023,PIH,ID,ANM,WE,Federal Contract Tower,0,13,5,0,18,0,0,60,0,60,0,13,65,0,78,70,0,70,148
03/03/2023,PIH,ID,ANM,WE,Federal Contract Tower,0,11,0,0,11,0,0,3,0,3,0,11,3,0,14,10,0,10,24
03/04/2023,PIH,ID,ANM,WE,Federal Contract Tower,0,8,4,0,12,0,0,4,0,4,0,8,8,0,16,2,0,2,18
03/05/2023,PIH,ID,ANM,WE,Federal Contract Tower,0,9,0,0,9,0,0,10,0,10,0,9,10,0,19,16,0,16,35
03/06/2023,PIH,ID,ANM,WE,Federal Contract Tower,0,9,0,0,9,0,3,21,0,24,0,12,21,0,33,38,0,38,71
03/07/2023,PIH,ID,ANM,WE,Federal Contract Tower,0,11,0,0,11,0,5,40,0,45,0,16,40,0,56,46,0,46,102
03/08/2023,PIH,ID,ANM,WE,Federal Contract Tower,0,13,8,0,21,0,0,11,0,11,0,13,19,0,32,4,0,4,36
03/09/2023,PIH,ID,ANM,WE,Federal Contract Tower,0,11,8,0,19,0,3,53,0,56,0,14,61,0,75,54,0,54,129
03/10/2023,PIH,ID,ANM,WE,Federal Contract Tower,0,6,2,0,8,0,0,0,0,0,0,6,2,0,8,0,0,0,8
03/11/2023,PIH,ID,ANM,WE,Federal Contract Tower,0,4,2,0,6,0,2,80,0,82,0,6,82,0,88,70,0,70,158
03/12/2023,PIH,ID,ANM,WE,Federal Contract Tower,0,4,2,0,6,0,0,23,0,23,0,4,25,0,29,12,0,12,41
03/13/2023,PIH,ID,ANM,WE,Federal Contract Tower,0,8,0,0,8,0,0,5,0,5,0,8,5,0,13,0,0,0,13
03/14/2023,PIH,ID,ANM,WE,Federal Contract Tower,0,9,4,0,13,0,0,14,0,14,0,9,18,0,27,20,0,20,47
03/15/2023,PIH,ID,ANM,WE,Federal Contract Tower,0,10,3,0,13,0,0,2,0,2,0,10,5,0,15,0,0,0,15
03/16/2023,PIH,ID,ANM,WE,Federal Contract Tower,0,9,17,1,27,0,2,65,1,68,0,11,82,2,95,106,0,106,201
03/17/2023,PIH,ID,ANM,WE,Federal Contract Tower,0,7,9,0,16,0,0,66,0,66,0,7,75,0,82,46,0,46,128
03/18/2023,PIH,ID,ANM,WE,Federal Contract Tower,0,6,4,0,10,0,0,108,2,110,0,6,112,2,120,54,0,54,174
03/19/2023,PIH,ID,ANM,WE,Federal Contract Tower,0,6,0,0,6,0,0,50,2,52,0,6,50,2,58,32,0,32,90
03/20/2023,PIH,ID,ANM,WE,Federal Contract Tower,0,9,1,0,10,0,0,13,0,13,0,9,14,0,23,0,0,0,23
03/21/2023,PIH,ID,ANM,WE,Federal Contract Tower,0,8,2,0,10,0,0,16,0,16,0,8,18,0,26,8,0,8,34
03/22/2023,PIH,ID,ANM,WE,Federal Contract Tower,0,8,2,0,10,0,0,4,0,4,0,8,6,0,14,0,0,0,14
03/23/2023,PIH,ID,ANM,WE,Federal Contract Tower,0,10,5,0,15,0,0,2,0,2,0,10,7,0,17,0,0,0,17
03/24/2023,PIH,ID,ANM,WE,Federal Contract Tower,0,10,0,0,10,0,0,0,0,0,0,10,0,0,10,0,0,0,10
03/25/2023,PIH,ID,ANM,WE,Federal Contract Tower,0,7,5,0,12,0,0,10,0,10,0,7,15,0,22,0,0,0,22
03/26/2023,PIH,ID,ANM,WE,Federal Contract Tower,2,2,0,0,4,0,0,20,0,20,2,2,20,0,24,0,0,0,24
03/27/2023,PIH,ID,ANM,WE,Federal Contract Tower,0,6,0,0,6,0,0,26,0,26,0,6,26,0,32,110,0,110,142
03/28/2023,PIH,ID,ANM,WE,Federal Contract Tower,0,7,2,0,9,0,0,59,4,63,0,7,61,4,72,126,16,142,214
03/29/2023,PIH,ID,ANM,WE,Federal Contract Tower,0,10,5,0,15,0,0,23,0,23,0,10,28,0,38,48,0,48,86
03/30/2023,PIH,ID,ANM,WE,Federal Contract Tower,0,11,5,0,16,0,0,7,0,7,0,11,12,0,23,22,0,22,45
03/31/2023,PIH,ID,ANM,WE,Federal Contract Tower,0,15,2,0,17,0,0,1,0,1,0,15,3,0,18,0,0,0,18
04/01/2023,PIH,ID,ANM,WE,Federal Contract Tower,0,6,3,0,9,0,0,11,0,11,0,6,14,0,20,8,0,8,28
04/02/2023,PIH,ID,ANM,WE,Federal Contract Tower,0,4,3,0,7,0,0,9,0,9,0,4,12,0,16,4,0,4,20
04/03/2023,PIH,ID,ANM,WE,Federal Contract Tower,0,5,2,0,7,0,0,7,0,7,0,5,9,0,14,0,0,0,14
04/04/2023,PIH,ID,ANM,WE,Federal Contract Tower,0,10,1,0,11,0,0,0,0,0,0,10,1,0,11,0,0,0,11
04/05/2023,PIH,ID,ANM,WE,Federal Contract Tower,0,12,2,0,14,0,0,7,0,7,0,12,9,0,21,12,0,12,33
04/06/2023,PIH,ID,ANM,WE,Federal Contract Tower,0,7,5,0,12,0,1,63,0,64,0,8,68,0,76,58,0,58,134
04/07/2023,PIH,ID,ANM,WE,Federal Contract Tower,0,9,5,0,14,0,0,91,0,91,0,9,96,0,105,74,0,74,179
04/08/2023,PIH,ID,ANM,WE,Federal Contract Tower,0,5,0,0,5,0,0,51,0,51,0,5,51,0,56,48,0,48,104
04/09/2023,PIH,ID,ANM,WE,Federal Contract Tower,0,4,0,0,4,0,0,35,0,35,0,4,35,0,39,76,0,76,115
04/10/2023,PIH,ID,ANM,WE,Federal Contract Tower,0,8,9,0,17,0,2,47,0,49,0,10,56,0,66,34,0,34,100
04/11/2023,PIH,ID,ANM,WE,Federal Contract Tower,0,12,0,0,12,0,1,47,0,48,0,13,47,0,60,24,0,24,84
04/12/2023,PIH,ID,ANM,WE,Federal Contract Tower,0,7,4,0,11,0,2,46,0,48,0,9,50,0,59,58,0,58,117
04/13/2023,PIH,ID,ANM,WE,Federal Contract Tower,0,8,2,0,10,0,0,3,0,3,0,8,5,0,13,14,0,14,27
04/14/2023,PIH,ID,ANM,WE,Federal Contract Tower,0,7,10,0,17,0,2,33,0,35,0,9,43,0,52,26,0,26,78
04/15/2023,PIH,ID,ANM,WE,Federal Contract Tower,0,8,0,0,8,0,3,56,0,59,0,11,56,0,67,52,0,52,119
04/16/2023,PIH,ID,ANM,WE,Federal Contract Tower,0,3,1,0,4,0,0,27,0,27,0,3,28,0,31,22,0,22,53
04/17/2023,PIH,ID,ANM,WE,Federal Contract Tower,0,4,1,0,5,0,4,49,0,53,0,8,50,0,58,24,0,24,82
04/18/2023,PIH,ID,ANM,WE,Federal Contract Tower,0,7,5,2,14,0,0,2,0,2,0,7,7,2,16,0,0,0,16
04/19/2023,PIH,ID,ANM,WE,Federal Contract Tower,0,13,9,4,26,0,0,58,2,60,0,13,67,6,86,54,22,76,162
04/20/2023,PIH,ID,ANM,WE,Federal Contract Tower,0,9,2,0,11,0,0,15,0,15,0,9,17,0,26,18,0,18,44
04/21/2023,PIH,ID,ANM,WE,Federal Contract Tower,0,14,3,0,17,0,1,2,0,3,0,15,5,0,20,0,0,0,20
04/22/2023,PIH,ID,ANM,WE,Federal Contract Tower,0,5,2,0,7,0,2,72,0,74,0,7,74,0,81,32,0,32,113
04/23/2023,PIH,ID,ANM,WE,Federal Contract Tower,0,3,5,0,8,0,1,70,0,71,0,4,75,0,79,32,0,32,111
04/24/2023,PIH,ID,ANM,WE,Federal Contract Tower,0,5,2,0,7,0,0,18,0,18,0,5,20,0,25,42,0,42,67
04/25/2023,PIH,ID,ANM,WE,Federal Contract Tower,0,10,4,0,14,0,5,44,0,49,0,15,48,0,63,24,0,24,87
04/26/2023,PIH,ID,ANM,WE,Federal Contract Tower,0,21,2,0,23,0,0,70,4,74,0,21,72,4,97,82,0,82,179
04/27/2023,PIH,ID,ANM,WE,Federal Contract Tower,0,10,3,0,13,0,0,21,0,21,0,10,24,0,34,24,0,24,58
04/28/2023,PIH,ID,ANM,WE,Federal Contract Tower,0,9,4,0,13,0,0,87,0,87,0,9,91,0,100,52,0,52,152
04/29/2023,PIH,ID,ANM,WE,Federal Contract Tower,0,4,2,0,6,0,3,61,2,66,0,7,63,2,72,84,0,84,156
04/30/2023,PIH,ID,ANM,WE,Federal Contract Tower,0,3,2,0,5,0,0,29,0,29,0,3,31,0,34,22,0,22,56
05/01/2023,PIH,ID,ANM,WE,Federal Contract Tower,0,7,1,0,8,0,0,20,0,20,0,7,21,0,28,4,0,4,32
05/02/2023,PIH,ID,ANM,WE,Federal Contract Tower,0,9,3,0,12,0,0,58,0,58,0,9,61,0,70,58,0,58,128
05/03/2023,PIH,ID,ANM,WE,Federal Contract Tower,0,11,2,0,13,0,3,43,0,46,0,14,45,0,59,68,0,68,127
05/04/2023,PIH,ID,ANM,WE,Federal Contract Tower,0,14,6,0,20,0,1,9,0,10,0,15,15,0,30,26,0,26,56
05/05/2023,PIH,ID,ANM,WE,Federal Contract Tower,0,10,1,0,11,0,0,11,0,11,0,10,12,0,22,8,0,8,30
05/06/2023,PIH,ID,ANM,WE,Federal Contract Tower,0,5,2,0,7,0,0,18,0,18,0,5,20,0,25,12,0,12,37
05/07/2023,PIH,ID,ANM,WE,Federal Contract Tower,0,3,1,0,4,0,0,3,0,3,0,3,4,0,7,36,0,36,43
05/08/2023,PIH,ID,ANM,WE,Federal Contract Tower,0,4,2,0,6,0,0,21,0,21,0,4,23,0,27,44,0,44,71
05/09/2023,PIH,ID,ANM,WE,Federal Contract Tower,0,9,0,0,9,0,0,49,0,49,0,9,49,0,58,76,0,76,134
05/10/2023,PIH,ID,ANM,WE,Federal Contract Tower,0,10,2,0,12,0,0,34,0,34,0,10,36,0,46,6,0,6,52
05/11/2023,PIH,ID,ANM,WE,Federal Contract Tower,0,12,7,0,19,0,3,105,0,108,0,15,112,0,127,92,0,92,219
05/12/2023,PIH,ID,ANM,WE,Federal Contract Tower,0,10,1,0,11,0,0,55,0,55,0,10,56,0,66,8,0,8,74
05/13/2023,PIH,ID,ANM,WE,Federal Contract Tower,0,4,0,0,4,0,3,29,0,32,0,7,29,0,36,2,0,2,38
05/14/2023,PIH,ID,ANM,WE,Federal Contract Tower,0,1,2,0,3,0,0,22,0,22,0,1,24,0,25,0,0,0,25
05/15/2023,PIH,ID,ANM,WE,Federal Contract Tower,0,7,7,0,14,0,1,36,0,37,0,8,43,0,51,8,0,8,59
05/16/2023,PIH,ID,ANM,WE,Federal Contract Tower,0,7,9,1,17,0,3,65,3,71,0,10,74,4,88,30,0,30,118
05/17/2023,PIH,ID,ANM,WE,Federal Contract Tower,0,11,9,0,20,0,4,32,0,36,0,15,41,0,56,42,0,42,98
05/18/2023,PIH,ID,ANM,WE,Federal Contract Tower,0,9,3,3,15,0,2,44,1,47,0,11,47,4,62,42,8,50,112
05/19/2023,PIH,ID,ANM,WE,Federal Contract Tower,0,11,5,0,16,0,1,73,0,74,0,12,78,0,90,76,0,76,166
05/20/2023,PIH,ID,ANM,WE,Federal Contract Tower,0,2,2,0,4,0,14,56,1,71,0,16,58,1,75,48,0,48,123
05/21/2023,PIH,ID,ANM,WE,Federal Contract Tower,0,2,0,0,2,0,2,32,0,34,0,4,32,0,36,2,0,2,38
05/22/2023,PIH,ID,ANM,WE,Federal Contract Tower,0,8,3,0,11,0,2,26,2,30,0,10,29,2,41,2,0,2,43
05/23/2023,PIH,ID,ANM,WE,Federal Contract Tower,0,10,8,0,18,0,0,20,2,22,0,10,28,2,40,20,0,20,60
05/24/2023,PIH,ID,ANM,WE,Federal Contract Tower,0,13,4,0,17,0,0,15,0,15,0,13,19,0,32,18,0,18,50
05/25/2023,PIH,ID,ANM,WE,Federal Contract Tower,0,13,13,0,26,0,1,16,6,23,0,14,29,6,49,0,0,0,49
05/26/2023,PIH,ID,ANM,WE,Federal Contract Tower,0,15,6,0,21,0,0,17,0,17,0,15,23,0,38,4,0,4,42
05/27/2023,PIH,ID,ANM,WE,Federal Contract Tower,0,5,4,0,9,0,1,28,0,29,0,6,32,0,38,32,0,32,70
05/28/2023,PIH,ID,ANM,WE,Federal Contract Tower,0,2,2,0,4,0,3,30,0,33,0,5,32,0,37,44,0,44,81
05/29/2023,PIH,ID,ANM,WE,Federal Contract Tower,0,5,0,0,5,0,4,42,0,46,0,9,42,0,51,16,0,16,67
05/30/2023,PIH,ID,ANM,WE,Federal Contract Tower,0,5,4,0,9,0,2,40,0,42,0,7,44,0,51,30,0,30,81
05/31/2023,PIH,ID,ANM,WE,Federal Contract Tower,0,10,8,0,18,0,3,48,0,51,0,13,56,0,69,62,0,62,131
06/01/2023,PIH,ID,ANM,WE,Federal Contract Tower,0,10,3,0,13,0,0,34,0,34,0,10,37,0,47,12,0,12,59
06/02/2023,PIH,ID,ANM,WE,Federal Contract Tower,0,9,2,0,11,0,2,27,0,29,0,11,29,0,40,20,0,20,60
06/03/2023,PIH,ID,ANM,WE,Federal Contract Tower,0,8,2,0,10,0,0,43,0,43,0,8,45,0,53,24,0,24,77
06/04/2023,PIH,ID,ANM,WE,Federal Contract Tower,0,3,0,0,3,0,1,40,0,41,0,4,40,0,44,4,0,4,48
06/05/2023,PIH,ID,ANM,WE,Federal Contract Tower,0,7,4,0,11,0,0,62,0,62,0,7,66,0,73,40,0,40,113
06/06/2023,PIH,ID,ANM,WE,Federal Contract Tower,0,10,2,0,12,0,2,55,0,57,0,12,57,0,69,2,0,2,71
06/07/2023,PIH,ID,ANM,WE,Federal Contract Tower,0,12,2,0,14,0,4,32,0,36,0,16,34,0,50,26,0,26,76
06/08/2023,PIH,ID,ANM,WE,Federal Contract Tower,0,11,8,7,26,0,0,40,1,41,0,11,48,8,67,20,10,30,97
06/09/2023,PIH,ID,ANM,WE,Federal Contract Tower,0,14,1,2,17,0,0,39,0,39,0,14,40,2,56,0,0,0,56
06/10/2023,PIH,ID,ANM,WE,Federal Contract Tower,0,4,0,0,4,0,0,48,0,48,0,4,48,0,52,6,0,6,58
06/11/2023,PIH,ID,ANM,WE,Federal Contract Tower,0,2,0,0,2,0,0,71,0,71,0,2,71,0,73,14,0,14,87
06/12/2023,PIH,ID,ANM,WE,Federal Contract Tower,0,8,10,0,18,0,0,38,0,38,0,8,48,0,56,26,0,26,82
06/13/2023,PIH,ID,ANM,WE,Federal Contract Tower,0,9,8,0,17,0,0,13,0,13,0,9,21,0,30,16,0,16,46
06/14/2023,PIH,ID,ANM,WE,Federal Contract Tower,0,11,9,0,20,0,0,20,0,20,0,11,29,0,40,0,0,0,40
06/15/2023,PIH,ID,ANM,WE,Federal Contract Tower,0,11,5,0,16,0,0,73,0,73,0,11,78,0,89,50,0,50,139
06/16/2023,PIH,ID,ANM,WE,Federal Contract Tower,0,8,9,0,17,0,0,48,0,48,0,8,57,0,65,52,0,52,117
06/17/2023,PIH,ID,ANM,WE,Federal Contract Tower,0,5,8,0,13,0,1,50,0,51,0,6,58,0,64,8,0,8,72
06/18/2023,PIH,ID,ANM,WE,Federal Contract Tower,0,6,0,0,6,0,0,24,0,24,0,6,24,0,30,22,0,22,52
06/19/2023,PIH,ID,ANM,WE,Federal Contract Tower,0,5,0,0,5,0,1,20,0,21,0,6,20,0,26,10,0,10,36
06/20/2023,PIH,ID,ANM,WE,Federal Contract Tower,0,9,3,0,12,0,2,28,0,30,0,11,31,0,42,56,0,56,98
06/21/2023,PIH,ID,ANM,WE,Federal Contract Tower,0,9,5,2,16,0,2,59,6,67,0,11,64,8,83,74,0,74,157
06/22/2023,PIH,ID,ANM,WE,Federal Contract Tower,0,7,3,0,10,0,2,81,1,84,0,9,84,1,94,0,0,0,94
06/23/2023,PIH,ID,ANM,WE,Federal Contract Tower,0,9,9,0,18,0,1,29,0,30,0,10,38,0,48,66,0,66,114
06/24/2023,PIH,ID,ANM,WE,Federal Contract Tower,0,2,0,0,2,0,4,63,0,67,0,6,63,0,69,36,0,36,105
06/25/2023,PIH,ID,ANM,WE,Federal Contract Tower,0,4,0,0,4,0,1,31,0,32,0,5,31,0,36,24,0,24,60
06/26/2023,PIH,ID,ANM,WE,Federal Contract Tower,0,7,3,0,10,0,4,45,0,49,0,11,48,0,59,14,0,14,73
06/27/2023,PIH,ID,ANM,WE,Federal Contract Tower,0,10,3,0,13,0,3,58,0,61,0,13,61,0,74,2,0,2,76
06/28/2023,PIH,ID,ANM,WE,Federal Contract Tower,0,13,4,0,17,0,1,50,0,51,0,14,54,0,68,42,0,42,110
06/29/2023,PIH,ID,ANM,WE,Federal Contract Tower,0,12,3,0,15,0,3,53,0,56,0,15,56,0,71,10,0,10,81
06/30/2023,PIH,ID,ANM,WE,Federal Contract Tower,0,11,6,1,18,0,2,41,3,46,0,13,47,4,64,20,0,20,84
07/01/2023,PIH,ID,ANM,WE,Federal Contract Tower,0,7,2,0,9,0,2,60,0,62,0,9,62,0,71,18,0,18,89
07/02/2023,PIH,ID,ANM,WE,Federal Contract Tower,0,2,3,0,5,0,0,31,0,31,0,2,34,0,36,20,0,20,56
07/03/2023,PIH,ID,ANM,WE,Federal Contract Tower,0,6,0,0,6,0,1,54,0,55,0,7,54,0,61,8,0,8,69
07/04/2023,PIH,ID,ANM,WE,Federal Contract Tower,0,3,0,0,3,0,1,26,0,27,0,4,26,0,30,12,0,12,42
07/05/2023,PIH,ID,ANM,WE,Federal Contract Tower,0,7,4,2,13,0,3,52,0,55,0,10,56,2,68,8,0,8,76
07/06/2023,PIH,ID,ANM,WE,Federal Contract Tower,0,9,0,0,9,0,0,58,4,62,0,9,58,4,71,20,0,20,91
07/07/2023,PIH,ID,ANM,WE,Federal Contract Tower,0,8,3,0,11,0,0,33,0,33,0,8,36,0,44,48,0,48,92
07/08/2023,PIH,ID,ANM,WE,Federal Contract Tower,0,3,11,0,14,0,2,43,0,45,0,5,54,0,59,16,0,16,75
07/09/2023,PIH,ID,ANM,WE,Federal Contract Tower,0,5,0,0,5,0,4,46,0,50,0,9,46,0,55,14,0,14,69
07/10/2023,PIH,ID,ANM,WE,Federal Contract Tower,0,8,6,0,14,0,0,50,0,50,0,8,56,0,64,14,0,14,78
07/11/2023,PIH,ID,ANM,WE,Federal Contract Tower,0,8,10,0,18,0,1,50,6,57,0,9,60,6,75,6,0,6,81
07/12/2023,PIH,ID,ANM,WE,Federal Contract Tower,0,11,4,0,15,0,0,64,1,65,0,11,68,1,80,22,0,22,102
07/13/2023,PIH,ID,ANM,WE,Federal Contract Tower,0,15,5,0,20,0,5,42,0,47,0,20,47,0,67,42,0,42,109
07/14/2023,PIH,ID,ANM,WE,Federal Contract Tower,0,11,2,0,13,0,2,50,0,52,0,13,52,0,65,20,0,20,85
07/15/2023,PIH,ID,ANM,WE,Federal Contract Tower,0,3,6,0,9,0,0,33,0,33,0,3,39,0,42,18,0,18,60
07/16/2023,PIH,ID,ANM,WE,Federal Contract Tower,0,4,2,0,6,0,0,67,0,67,0,4,69,0,73,2,0,2,75
07/17/2023,PIH,ID,ANM,WE,Federal Contract Tower,0,9,4,1,14,0,1,37,8,46,0,10,41,9,60,16,0,16,76
07/18/2023,PIH,ID,ANM,WE,Federal Contract Tower,0,17,9,0,26,0,1,37,0,38,0,18,46,0,64,6,0,6,70
07/19/2023,PIH,ID,ANM,WE,Federal Contract Tower,0,12,5,0,17,0,5,60,0,65,0,17,65,0,82,30,0,30,112
07/20/2023,PIH,ID,ANM,WE,Federal Contract Tower,0,8,3,1,12,0,1,34,0,35,0,9,37,1,47,6,0,6,53
07/21/2023,PIH,ID,ANM,WE,Federal Contract Tower,0,13,5,0,18,0,4,61,0,65,0,17,66,0,83,8,0,8,91
07/22/2023,PIH,ID,ANM,WE,Federal Contract Tower,0,5,2,0,7,0,4,54,0,58,0,9,56,0,65,20,0,20,85
07/23/2023,PIH,ID,ANM,WE,Federal Contract Tower,0,7,3,0,10,0,0,35,0,35,0,7,38,0,45,8,0,8,53
07/24/2023,PIH,ID,ANM,WE,Federal Contract Tower,0,9,2,0,11,0,0,26,0,26,0,9,28,0,37,20,0,20,57
07/25/2023,PIH,ID,ANM,WE,Federal Contract Tower,0,9,3,0,12,0,9,46,0,55,0,18,49,0,67,30,0,30,97
07/26/2023,PIH,ID,ANM,WE,Federal Contract Tower,0,13,0,0,13,0,0,77,0,77,0,13,77,0,90,16,0,16,106
07/27/2023,PIH,ID,ANM,WE,Federal Contract Tower,0,8,4,0,12,0,2,72,0,74,0,10,76,0,86,8,0,8,94
07/28/2023,PIH,ID,ANM,WE,Federal Contract Tower,0,10,1,0,11,0,0,41,0,41,0,10,42,0,52,14,0,14,66
07/29/2023,PIH,ID,ANM,WE,Federal Contract Tower,0,6,3,0,9,0,2,34,0,36,0,8,37,0,45,28,0,28,73
07/30/2023,PIH,ID,ANM,WE,Federal Contract Tower,0,8,0,0,8,0,0,33,0,33,0,8,33,0,41,60,0,60,101
07/31/2023,PIH,ID,ANM,WE,Federal Contract Tower,0,6,2,0,8,0,0,44,0,44,0,6,46,0,52,20,0,20,72
08/01/2023,PIH,ID,ANM,WE,Federal Contract Tower,0,10,4,0,14,0,0,43,0,43,0,10,47,0,57,6,0,6,63
08/02/2023,PIH,ID,ANM,WE,Federal Contract Tower,0,11,4,0,15,0,0,20,0,20,0,11,24,0,35,28,0,28,63
08/03/2023,PIH,ID,ANM,WE,Federal Contract Tower,0,9,1,0,10,0,0,4,0,4,0,9,5,0,14,0,0,0,14
08/04/2023,PIH,ID,ANM,WE,Federal Contract Tower,0,8,2,0,10,0,0,29,0,29,0,8,31,0,39,16,0,16,55
08/05/2023,PIH,ID,ANM,WE,Federal Contract Tower,0,4,0,0,4,0,0,44,0,44,0,4,44,0,48,32,0,32,80
08/06/2023,PIH,ID,ANM,WE,Federal Contract Tower,0,6,0,0,6,0,0,43,0,43,0,6,43,0,49,30,0,30,79
08/07/2023,PIH,ID,ANM,WE,Federal Contract Tower,0,11,2,0,13,0,2,34,0,36,0,13,36,0,49,20,0,20,69
08/08/2023,PIH,ID,ANM,WE,Federal Contract Tower,0,10,10,0,20,0,3,53,0,56,0,13,63,0,76,28,0,28,104
08/09/2023,PIH,ID,ANM,WE,Federal Contract Tower,0,14,4,0,18,0,0,51,0,51,0,14,55,0,69,30,0,30,99
08/10/2023,PIH,ID,ANM,WE,Federal Contract Tower,0,8,2,0,10,0,0,25,0,25,0,8,27,0,35,16,0,16,51
08/11/2023,PIH,ID,ANM,WE,Federal Contract Tower,0,7,1,0,8,0,2,57,0,59,0,9,58,0,67,6,0,6,73
08/12/2023,PIH,ID,ANM,WE,Federal Contract Tower,0,8,4,0,12,2,2,49,0,53,2,10,53,0,65,14,0,14,79
08/13/2023,PIH,ID,ANM,WE,Federal Contract Tower,0,5,1,0,6,0,0,40,0,40,0,5,41,0,46,26,0,26,72
08/14/2023,PIH,ID,ANM,WE,Federal Contract Tower,0,7,6,0,13,0,0,65,0,65,0,7,71,0,78,28,0,28,106
08/15/2023,PIH,ID,ANM,WE,Federal Contract Tower,0,9,5,0,14,0,0,44,0,44,0,9,49,0,58,18,0,18,76
08/16/2023,PIH,ID,ANM,WE,Federal Contract Tower,0,9,3,0,12,0,1,68,0,69,0,10,71,0,81,78,0,78,159
08/17/2023,PIH,ID,ANM,WE,Federal Contract Tower,0,10,3,0,13,2,1,33,0,36,2,11,36,0,49,16,0,16,65
08/18/2023,PIH,ID,ANM,WE,Federal Contract Tower,0,12,8,11,31,0,2,47,0,49,0,14,55,11,80,46,12,58,138
08/19/2023,PIH,ID,ANM,WE,Federal Contract Tower,0,2,1,0,3,0,0,31,0,31,0,2,32,0,34,6,0,6,40
08/20/2023,PIH,ID,ANM,WE,Federal Contract Tower,0,2,2,0,4,1,0,5,2,8,1,2,7,2,12,4,0,4,16
08/21/2023,PIH,ID,ANM,WE,Federal Contract Tower,0,5,2,0,7,0,0,16,0,16,0,5,18,0,23,18,0,18,41
08/22/2023,PIH,ID,ANM,WE,Federal Contract Tower,0,11,11,0,22,0,0,17,0,17,0,11,28,0,39,20,0,20,59
08/23/2023,PIH,ID,ANM,WE,Federal Contract Tower,2,12,3,0,17,0,0,55,2,57,2,12,58,2,74,58,0,58,132
08/24/2023,PIH,ID,ANM,WE,Federal Contract Tower,0,9,8,0,17,1,0,48,0,49,1,9,56,0,66,12,0,12,78
08/25/2023,PIH,ID,ANM,WE,Federal Contract Tower,1,9,2,0,12,0,0,51,0,51,1,9,53,0,63,30,0,30,93
08/26/2023,PIH,ID,ANM,WE,Federal Contract Tower,0,9,5,0,14,0,0,34,0,34,0,9,39,0,48,16,0,16,64
08/27/2023,PIH,ID,ANM,WE,Federal Contract Tower,0,9,2,0,11,0,0,20,0,20,0,9,22,0,31,20,0,20,51
08/28/2023,PIH,ID,ANM,WE,Federal Contract Tower,0,6,2,0,8,9,24,42,0,75,9,30,44,0,83,34,0,34,117
08/29/2023,PIH,ID,ANM,WE,Federal Contract Tower,0,10,7,0,17,0,0,25,0,25,0,10,32,0,42,56,0,56,98
08/30/2023,PIH,ID,ANM,WE,Federal Contract Tower,0,13,3,0,16,0,1,41,0,42,0,14,44,0,58,0,0,0,58
08/31/2023,PIH,ID,ANM,WE,Federal Contract Tower,0,9,5,0,14,0,0,52,0,52,0,9,57,0,66,14,0,14,80
